P1_models/J1_p1_tot_conduct_slide_61.34.dat.tif
NCOLS 118
NROWS 92
XLLCORNER 139.62
YLLCORNER -39.07
DX 0.099491525
DY 0.099347826
NODATA_VALUE -9999
[rows 26 to 51 of 92, columns 57 to 113 of 118]
-3.8803496 -3.7555133 -3.6283852 -3.5145942 -3.4098663 -3.3226997 -3.2546266 -3.2030409 -3.1698771 -3.1750052 -3.1928053 -3.2330395 -3.2725957 -3.3430063 -3.3994105 -3.4602109 -3.4945279 -3.5276917 -3.5245844 -3.5084966 -3.4572976 -3.4019727 -3.3245904 -3.2484497 -3.1665155 -3.1081123 -3.0583665 -3.0439817 -3.0363391 -3.0773062 -3.1368696 -3.2087246 -3.3000832 -3.3937223 -3.4984236 -3.6031032 -3.7012547 -3.7969875 -3.8847742 -3.9383841 -3.9852037 -3.9966717 -3.9972744 -3.9418045 -3.8995014 -3.8643867 -3.841388 -3.8062733 -3.7527667 -3.6788189 -3.6612616 -3.6550356 -3.6316258 -3.6094762 -3.5600613 -3.43716 -3.2368257
-4.0557554 -3.9431281 -3.832582 -3.7199131 -3.6151852 -3.5176383 -3.4268295 -3.3558217 -3.2957176 -3.2625538 -3.252414 -3.2471776 -3.2659725 -3.2825544 -3.3201842 -3.3422934 -3.3635217 -3.3687352 -3.3576131 -3.3296706 -3.2743975 -3.2165235 -3.1391412 -3.0645677 -2.9943126 -2.9381755 -2.8927868 -2.8817228 -2.8773826 -2.9270976 -2.9925341 -3.080971 -3.1826971 -3.3009977 -3.408822 -3.5170018 -3.6106409 -3.7041947 -3.7685716 -3.8150272 -3.8527399 -3.8572464 -3.8515642 -3.7520727 -3.6953703 -3.6778129 -3.6681818 -3.65394 -3.7491893 -3.7462826 -3.7579875 -3.7658788 -3.7640896 -3.7158468 -3.6525924 -3.5179862 -3.2991078
-4.1911947 -4.1046477 -4.0052364 -3.90439 -3.8023532 -3.7012158 -3.6060879 -3.5077694 -3.4350433 -3.3648876 -3.3295233 -3.2951817 -3.2843929 -3.2762288 -3.275838 -3.2816381 -3.275913 -3.2719769 -3.2493074 -3.2079137 -3.1482385 -3.089618 -3.0155832 -2.9410097 -2.8707804 -2.8259033 -2.7830503 -2.7771417 -2.7754315 -2.8288031 -2.899976 -2.9909035 -3.0950112 -3.2166546 -3.3202631 -3.4299563 -3.5150177 -3.5992599 -3.6570514 -3.6859498 -3.7184272 -3.7218071 -3.7157203 -3.6396887 -3.5718123 -3.5645509 -3.5822927 -3.5789412 -3.6974293 -3.7652907 -3.7963911 -3.8358477 -3.8442992 -3.806653 -3.7285 -3.589344 -3.3367767
-4.3057287 -4.241251 -4.1583414 -4.0706943 -3.9764392 -3.8792661 -3.7797745 -3.6782654 -3.5787738 -3.4966217 -3.4192991 -3.3721716 -3.3251674 -3.2975308 -3.2689562 -3.246847 -3.2220475 -3.1999383 -3.1596935 -3.1146189 -3.0538185 -2.991459 -2.919604 -2.8497325 -2.7795032 -2.7359713 -2.7028074 -2.7 -2.7038385 -2.7623629 -2.8315181 -2.9254823 -3.0300724 -3.1471212 -3.2460765 -3.3439977 -3.4229434 -3.4936015 -3.540421 -3.5619212 -3.5794785 -3.5804959 -3.5777292 -3.5140676 -3.4767895 -3.4826419 -3.5091269 -3.5325367 -3.6637769 -3.7683965 -3.8269209 -3.8751208 -3.904383 -3.8715455 -3.7977475 -3.6514364 -3.3934887
-4.4112858 -4.354627 -4.2949447 -4.2146332 -4.1316702 -4.037415 -3.9412148 -3.828856 -3.7215863 -3.6114074 -3.523788 -3.4400057 -3.3823773 -3.3161586 -3.2788233 -3.2344285 -3.1984021 -3.1626829 -3.1210224 -3.0711542 -3.0103538 -2.9484376 -2.8821099 -2.8157282 -2.7546662 -2.7173504 -2.690389 -2.6959068 -2.7038385 -2.7623629 -2.8276177 -2.9068546 -3.0038461 -3.1098658 -3.1889964 -3.2756961 -3.3225156 -3.3880444 -3.4071824 -3.4045503 -3.4056199 -3.4023145 -3.3976613 -3.3683991 -3.333977 -3.3647917 -3.423685 -3.4704443 -3.6337827 -3.7435596 -3.8408273 -3.9156628 -3.9602662 -3.9326194 -3.8598399 -3.7088354 -3.4284317
-4.4849746 -4.45285 -4.40182 -4.3420435 -4.2640356 -4.1615296 -4.0672745 -3.9593859 -3.8433125 -3.7259885 -3.6171844 -3.5259862 -3.4396801 -3.3637171 -3.2949648 -3.2417293 -3.1888686 -3.1446502 -3.0958978 -3.0460908 -2.9885264 -2.9299576 -2.8701738 -2.8161027 -2.7615742 -2.7345515 -2.7124423 -2.7259385 -2.7401066 -2.798631 -2.8566433 -2.9313768 -2.9984307 -3.0972802 -3.1472075 -3.2167458 -3.2354617 -3.2710051 -3.2683053 -3.217433 -3.2057281 -3.1897149 -3.1874768 -3.1856522 -3.1812305 -3.2261996 -3.3312892 -3.4015185 -3.5894122 -3.7347677 -3.8514357 -3.9644037 -4.0229281 -4.0035456 -3.9319251 -3.7775443 -3.472981
-4.5547917 -4.5257051 -4.4925413 -4.4413913 -4.3785546 -4.2795732 -4.1643725 -4.0531025 -3.9425564 -3.8212431 -3.7032858 -3.6037943 -3.5059119 -3.4119477 -3.3280807 -3.2562257 -3.1951274 -3.1398544 -3.0892746 -3.0394677 -2.9841946 -2.9299576 -2.8802119 -2.8359722 -2.8008576 -2.7818808 -2.7708262 -2.7886235 -2.8126575 -2.8653295 -2.9228752 -2.9892029 -3.0514162 -3.1099406 -3.1431077 -3.1703835 -3.1645311 -3.139839 -3.0696096 -3.0173016 -2.9763345 -2.9528087 -2.9357957 -2.9650579 -3.0110308 -3.0871126 -3.1988623 -3.3276161 -3.5356332 -3.7265356 -3.8845516 -4.0006184 -4.0942575 -4.0815331 -4.0142678 -3.8503994 -3.5436347
-4.5923958 -4.5678617 -4.5424942 -4.5010163 -4.4472298 -4.3520782 -4.2394214 -4.1278326 -4.0172864 -3.8907092 -3.7693262 -3.6541255 -3.5503049 -3.4372829 -3.348168 -3.2688933 -3.2039969 -3.1460686 -3.0953294 -3.0457673 -3.0126034 -2.9650935 -2.9354225 -2.9006144 -2.8808454 -2.8810904 -2.8818054 -2.9045973 -2.9300103 -2.9850531 -3.0384718 -3.0881522 -3.1309737 -3.1719234 -3.1535202 -3.1615973 -3.0855155 -3.057699 -2.9526729 -2.8512771 -2.7899078 -2.7460023 -2.7253 -2.7657246 -2.8130526 -2.9230958 -3.0895913 -3.240059 -3.5090957 -3.7023962 -3.8931771 -4.0446228 -4.1498666 -4.1552106 -4.0887587 -3.9248903 -3.6107976
-4.6093533 -4.5955273 -4.5739454 -4.5419402 -4.4948127 -4.4070986 -4.2971343 -4.1917185 -4.0811723 -3.9545951 -3.8276963 -3.7091459 -3.5923588 -3.4751554 -3.3687806 -3.2857203 -3.2167279 -3.1559275 -3.1041949 -3.0598164 -3.0339689 -3.0075 -2.9867844 -2.9791924 -2.9686989 -2.9888418 -3.0054237 -3.0391761 -3.0688385 -3.1273629 -3.1703908 -3.2125 -3.2278215 -3.2512313 -3.2021751 -3.1654636 -3.05915 -2.9680334 -2.8425823 -2.6937363 -2.6059497 -2.5500377 -2.5149801 -2.5598405 -2.6324227 -2.7595987 -2.9668195 -3.1540977 -3.4499788 -3.6988036 -3.9077891 -4.0900847 -4.212986 -4.2225 -4.1676446 -4.0047109 -3.6921834
-4.6071123 -4.5955273 -4.5844727 -4.5564221 -4.5197673 -4.4346819 -4.3299539 -4.2284126 -4.1275346 -4.0009574 -3.8740586 -3.7483851 -3.6254747 -3.5038739 -3.3952734 -3.3013091 -3.2299742 -3.1691739 -3.1247555 -3.0863091 -3.0697272 -3.0538623 -3.0538623 -3.0586707 -3.0820805 -3.1144622 -3.1577571 -3.1985151 -3.2410414 -3.2942063 -3.3359705 -3.3580797 -3.3619708 -3.3444135 -3.273525 -3.1919564 -3.0397929 -2.8973967 -2.7101185 -2.5515143 -2.4138772 -2.3504793 -2.303038 -2.35571 -2.443397 -2.6072654 -2.8305804 -3.0746194 -3.405723 -3.696644 -3.9541515 -4.1430149 -4.2924643 -4.3053416 -4.2569929 -4.1106819 -3.7958264
-4.5846866 -4.5806874 -4.5790855 -4.559024 -4.5269082 -4.4651196 -4.3711718 -4.2705072 -4.1710157 -4.039462 -3.909219 -3.7652972 -3.6406332 -3.5190325 -3.4095551 -3.3155908 -3.2459816 -3.1870892 -3.1444244 -3.1169361 -3.1163323 -3.1086769 -3.130034 -3.1507169 -3.1895723 -3.2461179 -3.2983695 -3.3619288 -3.4089098 -3.4615818 -3.4974279 -3.5092935 -3.4840343 -3.4490222 -3.3256213 -3.2258677 -3.016364 -2.8529243 -2.6313368 -2.4191084 -2.264226 -2.1757771 -2.1252443 -2.1875841 -2.2831624 -2.471516 -2.7476875 -3.0135837 -3.4059757 -3.7135561 -3.994502 -4.2052647 -4.3605756 -4.3266378 -4.2817964 -4.1546781 -3.8859293
-4.5313388 -4.5400987 -4.545626 -4.5390852 -4.5129032 -4.4612179 -4.3879083 -4.3027966 -4.2033051 -4.078563 -3.9445324 -3.798791 -3.6611134 -3.5401783 -3.4307009 -3.3367367 -3.2671274 -3.2118544 -3.1792508 -3.1538068 -3.1587319 -3.1676584 -3.1970562 -3.2413351 -3.2940071 -3.3649087 -3.4367637 -3.5071893 -3.5726213 -3.6252933 -3.6560307 -3.661558 -3.6219872 -3.5576103 -3.4147517 -3.2671257 -3.0353011 -2.8074845 -2.5558295 -2.3146519 -2.1273737 -2.0310127 -1.9631354 -2.0298114 -2.1483857 -2.3532212 -2.6549362 -2.9651156 -3.3799605 -3.7460569 -4.0445314 -4.2638086 -4.427677 -4.3850135 -4.314697 -4.2035005 -3.9517808
-4.4305471 -4.4418177 -4.4583997 -4.4586431 -4.4532945 -4.4091598 -4.3547924 -4.2826116 -4.2033051 -4.0931262 -3.9710251 -3.8296424 -3.6942293 -3.5836832 -3.4770632 -3.383099 -3.3134898 -3.2582167 -3.2284731 -3.2067923 -3.2233742 -3.2405135 -3.284732 -3.3364406 -3.4125223 -3.4903592 -3.5758507 -3.6525409 -3.7249546 -3.7776266 -3.8075546 -3.7965 -3.748441 -3.6635813 -3.5001807 -3.3267344 -3.0516696 -2.7990123 -2.4946853 -2.2333692 -2.0081564 -1.9052105 -1.8306717 -1.9067534 -2.0326742 -2.2726243 -2.5957998 -2.9452461 -3.3946457 -3.7813466 -4.1090834 -4.3300405 -4.4939089 -4.438764 -4.3622001 -4.2744135 -4.0364025
-4.3063256 -4.3259792 -4.3497719 -4.368952 -4.3713266 -4.3553185 -4.309251 -4.2632078 -4.1931071 -4.107046 -3.9949412 -3.8688177 -3.7378186 -3.6338122 -3.5329648 -3.4412158 -3.3716066 -3.3163335 -3.2882639 -3.271223 -3.2878049 -3.3121976 -3.3634643 -3.4247909 -3.5055563 -3.59765 -3.6878056 -3.7619322 -3.8376938 -3.8894895 -3.9156538 -3.9045992 -3.8419023 -3.749812 -3.5640927 -3.3778723 -3.0760147 -2.7915531 -2.4729956 -2.1837333 -1.9454128 -1.8286806 -1.7519006 -1.8361556 -1.9754677 -2.2291709 -2.5816086 -2.9478442 -3.4267435 -3.8352053 -4.1681442 -4.3817384 -4.5431277 -4.474063 -4.3991729 -4.3187408 -4.1129432
-4.1648841 -4.1943963 -4.2275602 -4.2579783 -4.2789238 -4.2783914 -4.2574459 -4.2238758 -4.1796573 -4.1043736 -4.0221516 -3.9023597 -3.7889259 -3.6894344 -3.595698 -3.5072611 -3.4369825 -3.3817094 -3.3581737 -3.340992 -3.3567293 -3.3829336 -3.4382066 -3.5071527 -3.5949394 -3.6916378 -3.7911293 -3.8682564 -3.9384693 -3.9852889 -4.0114532 -4.0003986 -3.9096219 -3.804278 -3.6247902 -3.4180019 -3.1114791 -2.7919028 -2.4524611 -2.1631989 -1.9056914 -1.786901 -1.700665 -1.7888041 -1.9465958 -2.2158081 -2.571869 -2.9639827 -3.4530038 -3.8895495 -4.2289911 -4.4344332 -4.5807443 -4.5215001 -4.4400775 -4.3698482 -4.1613332
-3.9973641 -4.0341388 -4.0884732 -4.1299511 -4.1729528 -4.1938984 -4.2044604 -4.19119 -4.166411 -4.1221925 -4.0552676 -3.9767216 -3.8759559 -3.787519 -3.6965647 -3.6132321 -3.5352331 -3.4678109 -3.4422122 -3.4204702 -3.4315249 -3.4562087 -3.5225364 -3.5946465 -3.687664 -3.7872372 -3.8904772 -3.975463 -4.0510635 -4.1016484 -4.1296037 -4.1130217 -3.9509289 -3.7115533 -3.5693823 -3.3915092 -3.1105919 -2.798526 -2.4643451 -2.1737668 -1.9123146 -1.7976137 -1.7139114 -1.8075505 -1.9664653 -2.246957 -2.6110996 -3.010345 -3.5044826 -3.942535 -4.2600162 -4.4463871 -4.5741211 -4.5941977 -4.5394253 -4.4638554 -4.2485414
-3.8150181 -3.8685591 -3.9334113 -3.9950163 -4.0546755 -4.0920796 -4.133879 -4.1672697 -4.1562151 -4.1130983 -4.0925357 -4.0150584 -3.953753 -3.8684647 -3.7917604 -3.7130591 -3.6412041 -3.5630316 -3.5299948 -3.4957963 -3.5068509 -3.5166072 -3.580549 -3.6406362 -3.7287131 -3.8301358 -3.9316945 -4.0166804 -4.0893025 -4.1419744 -4.1699297 -4.155 -3.9961416 -3.7103187 -3.5389403 -3.3940816 -3.1137017 -2.8277894 -2.4998521 -2.2160784 -1.9598962 -1.8499108 -1.7686795 -1.8623186 -2.0282209 -2.3091382 -2.6732807 -3.0651961 -3.5508449 -3.9829336 -4.2905124 -4.4687277 -4.5781402 -4.5917267 -4.5745314 -4.4984497 -4.2831356
-3.6542844 -3.7219148 -3.8048244 -3.8856526 -3.9589621 -4.0251346 -4.0827349 -4.1221723 -4.1498088 -4.1482908 -4.1390175 -4.0866535 -4.031639 -3.959784 -3.887929 -3.816074 -3.7358067 -3.6528971 -3.6062586 -3.5655092 -3.5573191 -3.5585886 -3.6083343 -3.6647871 -3.7408688 -3.8300549 -3.9295464 -4.004135 -4.0747318 -4.1274038 -4.1587856 -4.147731 -3.9939609 -3.7130436 -3.55479 -3.4139223 -3.1538769 -2.8736028 -2.5575709 -2.2889616 -2.0373066 -1.9296181 -1.8533915 -1.9470306 -2.1129329 -2.3938501 -2.7395612 -3.1258224 -3.6033697 -4.0190682 -4.3116903 -4.4771903 -4.5825342 -4.5944095 -4.5730776 -4.4969958 -4.2926738
-3.5298841 -3.6037678 -3.7054765 -3.798259 -3.8906605 -3.9711512 -4.0454795 -4.1098521 -4.1560181 -4.1729672 -4.1705549 -4.1443729 -4.0956608 -4.0403878 -3.9686491 -3.8967941 -3.811022 -3.7211987 -3.6701501 -3.6151831 -3.5875466 -3.581092 -3.5976739 -3.6445126 -3.6974041 -3.7743754 -3.8612448 -3.931725 -4.0002209 -4.0560654 -4.0917298 -4.0856386 -3.9492178 -3.6944159 -3.5518046 -3.4201316 -3.1918863 -2.9170674 -2.6290432 -2.3839684 -2.1490729 -2.0499212 -1.9775763 -2.0712153 -2.2371176 -2.4978477 -2.822728 -3.1941241 -3.6398992 -4.0501144 -4.313353 -4.4678944 -4.5701158 -4.5819911 -4.5606591 -4.4798297 -4.2769832
-3.4194457 -3.5100575 -3.6173138 -3.7315126 -3.8319535 -3.9374487 -4.021231 -4.1048892 -4.1712169 -4.2028717 -4.2118896 -4.1831777 -4.1525251 -4.101222 -4.0410996 -3.970175 -3.8844029 -3.7904387 -3.7282117 -3.6560409 -3.6053473 -3.5765949 -3.5730236 -3.5853923 -3.6248131 -3.6724067 -3.749789 -3.8074356 -3.8732515 -3.931776 -3.9733584 -3.9719783 -3.9213975 -3.6853393 -3.5526782 -3.434133 -3.2217907 -2.9766312 -2.7054959 -2.5043203 -2.2819275 -2.1956576 -2.1288871 -2.2197244 -2.3765938 -2.6267726 -2.9187208 -3.2757198 -3.6836669 -4.0628469 -4.3137734 -4.4547653 -4.5542568 -4.5859286 -4.5626375 -4.4748701 -4.2476612
-3.3342066 -3.4372024 -3.5532759 -3.6719039 -3.7923411 -3.9055101 -4.0154744 -4.1086252 -4.1970621 -4.2373189 -4.2648752 -4.2334568 -4.1988874 -4.1546689 -4.1007083 -4.0343806 -3.9506348 -3.8566706 -3.7718828 -3.6891568 -3.6228292 -3.5633486 -3.5301847 -3.5125372 -3.5183897 -3.5506361 -3.5948546 -3.6440387 -3.6944254 -3.7529499 -3.7945323 -3.805587 -3.762441 -3.6746543 -3.567207 -3.4540026 -3.2550195 -3.0463353 -2.8180901 -2.6185188 -2.437093 -2.3595348 -2.3077131 -2.3954998 -2.5376143 -2.7658595 -3.0535515 -3.3695834 -3.7470526 -4.0722818 -4.300527 -4.4410604 -4.5346995 -4.5811086 -4.5728201 -4.4616237 -4.2331791
-3.3338805 -3.4391996 -3.5592256 -3.6810149 -3.8045231 -3.9213697 -4.0339323 -4.1314809 -4.2218176 -4.2728487 -4.3021822 -4.2707638 -4.2389128 -4.204332 -4.1479902 -4.0778983 -3.9837363 -3.8816434 -3.7931332 -3.6827094 -3.5832179 -3.5110565 -3.4373084 -3.4033785 -3.3819957 -3.3914063 -3.4211752 -3.4653937 -3.5143616 -3.5753112 -3.6305208 -3.6626563 -3.6484239 -3.5874886 -3.5130688 -3.412665 -3.2780588 -3.0714603 -2.890263 -2.7465841 -2.5859952 -2.5285703 -2.4804815 -2.5569971 -2.6989811 -2.9014292 -3.138154 -3.4319285 -3.7490231 -4.0722383 -4.2714337 -4.3938814 -4.4851452 -4.5080792 -4.4985104 -4.3753127 -4.1512947
-3.3475489 -3.4622214 -3.5838221 -3.7052898 -3.8309633 -3.9468978 -4.0620985 -4.1582621 -4.2522264 -4.303441 -4.3395717 -4.3064205 -4.2745695 -4.2414057 -4.1888445 -4.1168562 -4.0155303 -3.9049841 -3.794438 -3.6734151 -3.558943 -3.456104 -3.3686267 -3.289457 -3.2522634 -3.23338 -3.2444347 -3.2768267 -3.3223673 -3.3867441 -3.4524025 -3.4934348 -3.5121662 -3.4770516 -3.4366911 -3.3648845 -3.2564968 -3.1143732 -2.9595447 -2.8638377 -2.7292315 -2.6891029 -2.6557053 -2.7297824 -2.8510287 -3.0388102 -3.2348406 -3.4923481 -3.7820186 -4.0523616 -4.2360062 -4.3365077 -4.4242944 -4.4392205 -4.4085297 -4.2794065 -4.058316
-3.4048587 -3.5218301 -3.6434308 -3.7643387 -3.8847758 -3.9988507 -4.108815 -4.2028934 -4.2919655 -4.3431802 -4.3793109 -4.3426561 -4.3076855 -4.2745216 -4.2219604 -4.1445781 -4.0401804 -3.9185796 -3.7928241 -3.6601688 -3.5275134 -3.4031185 -3.2870451 -3.1901091 -3.1081749 -3.0737109 -3.0523622 -3.0779225 -3.1104252 -3.1802196 -3.2470837 -3.3078841 -3.3385195 -3.3502243 -3.3316455 -3.3052758 -3.2350465 -3.1392853 -3.0456462 -2.9591756 -2.8749416 -2.8469996 -2.8345314 -2.9047607 -3.0117165 -3.1580276 -3.3400066 -3.5453336 -3.8003614 -4.0300864 -4.1763975 -4.2731323 -4.3448161 -4.3498261 -4.3080416 -4.1734354 -3.9545571
-3.5163189 -3.6278735 -3.7423383 -3.8587735 -3.9625766 -4.0692493 -4.1514258 -4.2247797 -4.3086708 -4.3585539 -4.3900283 -4.3608371 -4.3408014 -4.3049358 -4.249272 -4.1718897 -4.0666731 -3.9306396 -3.7963143 -3.6527267 -3.5131071 -3.3617417 -3.2285359 -3.0885814 -2.9856097 -2.944595 -2.8969245 -2.9123135 -2.9220844 -2.9882325 -3.0475692 -3.1149783 -3.1891483 -3.2294417 -3.2205064 -3.2398628 -3.1879462 -3.1499302 -3.0916527 -3.027864 -2.9878581 -2.9894736 -2.9843357 -3.0567752 -3.1599556 -3.2906066 -3.4650284 -3.6246721 -3.7953034 -4.0111082 -4.1385919 -4.2251323 -4.2734802 -4.2355217 -4.1904619 -4.0558557 -3.8369774
-3.6337681 -3.7296684 -3.8392586 -3.9286576 -4.0281491 -4.1035683 -4.1821142 -4.2481855 -4.3200405 -4.360322 -4.3959222 -4.3818153 -4.3617797 -4.324146 -4.2733315 -4.1959549 -4.0803005 -3.9421178 -3.7994013 -3.6529577 -3.4879331 -3.3242938 -3.1642823 -3.0128372 -2.8951412 -2.8119891 -2.7622433 -2.7511396 -2.7601428 -2.8186673 -2.8814945 -2.9538043 -3.0352569 -3.1113387 -3.1567021 -3.1790246 -3.1830911 -3.1638688 -3.1300288 -3.13248 -3.0973654 -3.1086909 -3.1208891 -3.1969708 -3.2911184 -3.4113287 -3.5291417 -3.6871576 -3.835318 -3.9848909 -4.0992192 -4.146523 -4.1933425 -4.1525435 -4.0785271 -3.943921 -3.7384621
