P1_models/J1_p1_vp_slide_diff_5.dat.tif
NCOLS 118
NROWS 92
XLLCORNER 139.62
YLLCORNER -39.07
DX 0.099491525
DY 0.099347826
NODATA_VALUE -9999
[rows 0 to 26 of 92, columns 0 to 59 of 118]
-9999 -9999 -9999 -9999 -9999 -9999 -9999 -9999 -9999 -9999 -9999 -9999 -9999 -9999 -9999 -9999 -9999 -9999 -9999 -9999 -9999 -9999 -9999 -9999 -9999 -9999 -9999 -9999 -9999 -9999 -9999 -9999 -9999 -9999 -9999 -9999 -9999 -9999 -9999 -9999 -9999 -9999 -9999 -9999 -9999 -9999 -9999 -9999 -9999 -9999 -9999 -9999 -9999 -9999 -9999 -9999 -9999 -9999 -9999 -9999
-9999 6.00151 5.9923763 5.9832427 5.974109 5.9649754 5.9562366 5.9473361 5.9339662 5.9181454 5.9023246 5.8865038 5.870683 5.85737 5.8537913 5.8556153 5.8574393 5.8592634 5.8610874 5.8642652 5.8705663 5.8768675 5.8831686 5.8894697 5.8952872 5.9000893 5.9119028 5.9260677 5.9402326 5.9543975 5.9685624 5.9828425 5.9973447 6.0118468 6.026349 6.0408511 6.0538834 6.0661305 6.0837026 6.101714 6.1197254 6.1377368 6.1557481 6.1745527 6.1932658 6.2117678 6.2302697 6.2487716 6.2672736 6.2752065 6.2858663 6.2965261 6.3071859 6.3178457 6.3232917 6.3117826 6.3018335 6.2918843 6.2819352 6.271986
-9999 6.0215865 6.0124529 6.0033192 5.9941856 5.9857539 5.977762 5.9688614 5.9589123 5.9471218 5.931301 5.9154803 5.8996595 5.8863465 5.8780555 5.8719663 5.8737903 5.8756144 5.8774384 5.8806162 5.8869173 5.8932185 5.8995196 5.9044728 5.9072917 5.9120939 5.9222116 5.9331049 5.9472698 5.9614347 5.9755995 5.9898796 6.0043818 6.0188839 6.0333861 6.045153 6.0540904 6.0663375 6.0833196 6.1006791 6.1186905 6.1367019 6.1547133 6.1735178 6.1928924 6.2117678 6.2302697 6.2487716 6.2672736 6.2749989 6.2808618 6.2909378 6.3015976 6.3122574 6.3177034 6.3050893 6.2931405 6.2831914 6.2732422 6.2632931
-9999 6.041663 6.0325294 6.0233957 6.0152712 6.0072793 5.9992873 5.9903868 5.9804376 5.9704885 5.9602775 5.9444567 5.9286359 5.9153229 5.907032 5.898741 5.8904501 5.8919654 5.8937894 5.8969672 5.9032683 5.9095694 5.9136584 5.9164773 5.9192962 5.9240984 5.9342162 5.944334 5.9544517 5.9684718 5.9826367 5.9969168 6.0114189 6.0259211 6.0364226 6.04536 6.0542973 6.0665444 6.0835266 6.1005088 6.1176556 6.135667 6.1536784 6.1724829 6.1918576 6.2112322 6.2302697 6.2487716 6.2672736 6.2749989 6.2808618 6.2867247 6.2960093 6.3066691 6.3121151 6.299501 6.2868869 6.2744985 6.2645493 6.2546002
-9999 6.0617396 6.0527804 6.0447885 6.0367966 6.0288046 6.0208127 6.0119122 6.001963 5.9920138 5.9820647 5.9721155 5.9576124 5.9442994 5.9360084 5.9277175 5.9194265 5.9111355 5.9101404 5.9133182 5.9196193 5.922844 5.9256629 5.9284818 5.9313007 5.9361029 5.9462207 5.9563385 5.9664563 5.9765741 5.9896738 6.0039539 6.0184561 6.0276922 6.0366296 6.0455669 6.0545043 6.0667514 6.0837336 6.1007158 6.1176979 6.1346801 6.1526435 6.171448 6.1908227 6.2101974 6.229572 6.2487716 6.2672736 6.2749989 6.2808618 6.2867247 6.2925876 6.3010808 6.3065268 6.2939127 6.2812986 6.2686845 6.2560703 6.2459072
-9999 6.0822978 6.0743058 6.0663139 6.0583219 6.05033 6.042338 6.0334375 6.0234884 6.0135392 6.0035901 5.9936409 5.9836918 5.9732758 5.9649849 5.9566939 5.948403 5.940112 5.931821 5.9292106 5.9320296 5.9348485 5.9376674 5.9404864 5.9433053 5.9481075 5.9582252 5.968343 5.9784608 5.9885786 5.9986964 6.0100244 6.0189618 6.0278992 6.0368365 6.0457739 6.0547113 6.0669584 6.0839406 6.1009227 6.1179049 6.1348871 6.1518693 6.1704132 6.1897878 6.2091625 6.2285372 6.2479118 6.2672736 6.2749989 6.2808618 6.2867247 6.2925876 6.2984505 6.3009384 6.2883243 6.2757102 6.2630961 6.250482 6.2378679
-9999 6.100934 6.0929421 6.0849501 6.0769582 6.0689662 6.0638268 6.0575479 6.0475987 6.0376496 6.0277004 6.0177513 6.0060336 5.9945782 5.9875597 5.9792687 5.9709778 5.9626868 5.9543958 5.9494643 5.9522833 5.9551022 5.9579211 5.96074 5.9604736 5.9568092 5.9596845 5.9698023 5.9799201 5.9900379 6.0001557 6.0098702 6.0188076 6.027745 6.0366824 6.0456197 6.05489 6.0675341 6.0845163 6.1014985 6.1184806 6.1354628 6.1486802 6.165529 6.185632 6.2050066 6.2243813 6.243756 6.2631306 6.2709846 6.2768475 6.2827104 6.2885733 6.2939901 6.2943351 6.281721 6.2691069 6.2564928 6.2438787 6.2362411
-9999 6.1191125 6.1111206 6.1031287 6.0951367 6.0914456 6.0883467 6.0820678 6.0721186 6.0621695 6.0522203 6.0393439 6.0254804 6.014025 6.0073922 6.0007595 5.9925383 5.9842474 5.9759564 5.9710249 5.9738439 5.9766628 5.9794817 5.9769373 5.9714653 5.9678009 5.9689813 5.9701617 5.9797087 5.9898265 5.9999443 6.0096589 6.0185962 6.0275336 6.036471 6.0459122 6.0555241 6.0681682 6.0851504 6.1021326 6.1191148 6.1309776 6.1421275 6.1589763 6.1799218 6.2003563 6.219731 6.2391056 6.2584803 6.2663343 6.2721972 6.2780601 6.2831397 6.287226 6.287571 6.2749569 6.2623428 6.2497287 6.2436082 6.238989
-9999 6.1372911 6.1292991 6.1221634 6.1190644 6.1159655 6.1128666 6.1065876 6.0966385 6.0865179 6.0726543 6.0587907 6.0449272 6.0334718 6.026839 6.0202063 6.0135735 6.005808 5.997517 5.9925855 5.9954044 5.9982234 5.993401 5.987929 5.982457 5.9787925 5.9799729 5.9811533 5.9823338 5.9896151 5.9997329 6.0094475 6.0183849 6.0273226 6.0369345 6.0465464 6.0561583 6.0688024 6.0857846 6.102125 6.1132749 6.1244249 6.1355748 6.1524235 6.1733691 6.1943147 6.2150806 6.2344553 6.25383 6.261684 6.2675468 6.2722894 6.2763756 6.2804619 6.2808069 6.2681928 6.2555946 6.2509754 6.2463561 6.2417369
-9999 6.1554696 6.1497822 6.1466833 6.1435843 6.1404854 6.1373865 6.1311075 6.1198283 6.1059647 6.0921011 6.0782376 6.064374 6.0529186 6.0462859 6.0396531 6.0330203 6.0263875 6.0190776 6.0141461 6.0153368 6.0098647 6.0043927 5.9989207 5.9934486 5.9897842 5.9909646 5.992145 5.9933254 5.9945058 5.9995215 6.0092361 6.0183448 6.0279567 6.0375686 6.0471805 6.0567924 6.0694365 6.0844224 6.0955723 6.1067222 6.1178721 6.129022 6.1458708 6.1668164 6.187762 6.2087075 6.2296531 6.2491796 6.2570336 6.261439 6.2655253 6.2696115 6.2736978 6.2740428 6.2629618 6.2583426 6.2537233 6.2491041 6.2444848
-9999 6.1754427 6.1723438 6.1692449 6.166146 6.1630471 6.1599481 6.150482 6.1366184 6.1227548 6.1088913 6.0950277 6.0811641 6.0708048 6.064172 6.0575392 6.0509065 6.0442737 6.0376409 6.0313592 6.0258871 6.0204151 6.0149431 6.009471 6.003999 5.9998139 6.0009944 6.0021748 6.0033552 6.0045356 6.005716 6.0097763 6.0193882 6.0290001 6.038612 6.0482239 6.0578358 6.0670392 6.0781891 6.089339 6.100489 6.1116389 6.1227888 6.1374455 6.1583911 6.1793367 6.2002823 6.2212278 6.2421734 6.2487441 6.2528303 6.2569166 6.2610029 6.2650891 6.2690336 6.2644143 6.2597951 6.2551758 6.2505566 6.2459373
-9999 6.1851705 6.1820716 6.1789727 6.1758738 6.1727749 6.1623265 6.1498611 6.1359975 6.1221339 6.1082703 6.0944068 6.0859438 6.0790003 6.0718701 6.0651973 6.0585645 6.0519318 6.045299 6.0390172 6.0335452 6.0280731 6.0226011 6.0171291 6.0122251 6.0080648 6.0051981 6.0059003 6.0070807 6.0082611 6.0094415 6.0135019 6.0231138 6.0327256 6.0423375 6.0519494 6.0564267 6.0628997 6.0740496 6.0851996 6.0963495 6.1074994 6.1153966 6.1247178 6.1376936 6.1586392 6.1795848 6.2005304 6.221476 6.2280466 6.2321329 6.2362191 6.2403054 6.2507614 6.2619964 6.2573772 6.2527579 6.2481387 6.2435194 6.2384127
-9999 6.1948983 6.1917994 6.1887005 6.1842135 6.1729595 6.1617055 6.1492401 6.1353766 6.121513 6.1079232 6.101073 6.0942228 6.0872793 6.080149 6.0730188 6.0662226 6.0595898 6.0529571 6.0466753 6.0412032 6.0357312 6.0302592 6.025561 6.020918 6.0167577 6.013891 6.0110243 6.0108063 6.0119867 6.0131671 6.0172274 6.0268393 6.0364512 6.0458793 6.0490832 6.0522872 6.0587602 6.0699101 6.0810601 6.0916793 6.0993985 6.1071176 6.1164388 6.1269116 6.1379418 6.1588873 6.1798329 6.2007785 6.2073491 6.2114354 6.2155217 6.2279122 6.2437243 6.2549593 6.2503401 6.2457208 6.2410591 6.2359069 6.2307547
-9999 6.2046261 6.2015272 6.1948465 6.1835925 6.1723386 6.1610846 6.1486192 6.1347556 6.1230524 6.1162022 6.109352 6.1025017 6.0955583 6.088428 6.0812978 6.0741676 6.0672479 6.0606151 6.0543333 6.0488613 6.0435398 6.0388969 6.0342539 6.029611 6.0254507 6.022584 6.0197173 6.0168506 6.0157122 6.0168926 6.0209529 6.0305648 6.0385358 6.0417398 6.0449437 6.0481477 6.0546207 6.0657707 6.0756811 6.0834003 6.0911195 6.0988387 6.1081598 6.1186326 6.1291054 6.1395782 6.1591355 6.180081 6.1866517 6.1907379 6.2050631 6.2208751 6.2366872 6.2479222 6.2433029 6.2385533 6.2334011 6.2282488 6.2230966
-9999 6.214354 6.2054795 6.1942256 6.1829716 6.1717177 6.1604637 6.1479983 6.1381817 6.1313314 6.1244812 6.117631 6.1107807 6.1038372 6.096707 6.0895768 6.0824466 6.0753163 6.0682732 6.0619914 6.0568757 6.0522327 6.0475898 6.0429468 6.0383039 6.0341436 6.0312769 6.0284102 6.0255435 6.0226768 6.0206182 6.0246785 6.0311924 6.0343963 6.0376003 6.0408042 6.0440082 6.0504813 6.059683 6.0674022 6.0751213 6.0828405 6.0905597 6.0998808 6.1103536 6.1208264 6.1312992 6.141772 6.1593836 6.1664018 6.1822139 6.1980259 6.213838 6.22965 6.240885 6.2360475 6.2308953 6.225743 6.2205908 6.2154385
-9999 6.2145186 6.2032647 6.1920107 6.1807568 6.1695028 6.1582488 6.1536819 6.1468316 6.1399814 6.1331312 6.1262809 6.1194307 6.1127081 6.1056114 6.0984812 6.0913509 6.0842207 6.0770905 6.0707124 6.0660694 6.0614265 6.0567836 6.0521406 6.0474977 6.0401322 6.0373544 6.0344876 6.0316209 6.0287542 6.0258875 6.0250944 6.0282983 6.0315023 6.0347063 6.0379102 6.0411142 6.0398795 6.0475987 6.0553179 6.063037 6.0707562 6.0784754 6.0899589 6.1004317 6.1109045 6.1213772 6.13185 6.1423228 6.1591288 6.1749409 6.1907529 6.206565 6.222377 6.2359603 6.2322835 6.2271313 6.221979 6.2168268 6.2116746
-9999 6.2086 6.1973461 6.1860921 6.1748382 6.1649802 6.163023 6.1600057 6.1557651 6.1494934 6.1426432 6.135793 6.1289427 6.1222201 6.1157532 6.1088387 6.1017085 6.0945782 6.087448 6.0810699 6.076427 6.071784 6.0671411 6.0624982 6.0495277 6.0390753 6.0370517 6.0344876 6.0316209 6.0287542 6.0258875 6.0250944 6.0282983 6.0315023 6.0347063 6.0377258 6.0365454 6.0338746 6.0290715 6.0343914 6.0421106 6.0498297 6.0575489 6.0703226 6.0866921 6.0971649 6.1076377 6.1181104 6.1285832 6.14785 6.1671199 6.1829319 6.198744 6.214556 6.2281393 6.2340022 6.2324157 6.2272635 6.2221113 6.216959
-9999 6.2026814 6.1914275 6.1801735 6.1730673 6.1711101 6.1691529 6.1661357 6.1618951 6.1576545 6.1521552 6.145305 6.1384548 6.1317322 6.1252652 6.1187983 6.112066 6.1049358 6.0978056 6.0914275 6.0867845 6.0821416 6.0756651 6.0620679 6.0484708 6.0380184 6.0359948 6.0339713 6.0316209 6.0287542 6.0258875 6.0250944 6.0282983 6.0315023 6.0334104 6.0322299 6.0310495 6.0283787 6.0235757 6.0187726 6.0211841 6.0289033 6.0366225 6.0493962 6.0658036 6.0822109 6.0938981 6.1043709 6.1148436 6.1341104 6.154897 6.1751109 6.190923 6.206735 6.2203183 6.2261812 6.2320441 6.232548 6.2273957 6.2222435
-9999 6.1967628 6.1855089 6.1811545 6.1791973 6.1772401 6.1752829 6.1722657 6.168025 6.1637844 6.1595438 6.154817 6.1479668 6.1412442 6.1347772 6.1283103 6.1218434 6.1152933 6.1081631 6.101785 6.0971421 6.0882054 6.0746082 6.061011 6.0474139 6.0369615 6.0349379 6.0329144 6.0308908 6.0287542 6.0258875 6.0250944 6.0282983 6.0290949 6.0279145 6.0267341 6.0255537 6.0228829 6.0180799 6.0132768 6.0084738 6.0079768 6.015696 6.0284697 6.0448771 6.0612845 6.0776918 6.0906313 6.1011041 6.1203708 6.1411575 6.1619441 6.1827307 6.198914 6.2124973 6.2183602 6.2242231 6.2300859 6.2326802 6.2275279
-9999 6.1911989 6.1892417 6.1872845 6.1853273 6.1833701 6.1814129 6.1783956 6.174155 6.1699144 6.1656738 6.1614332 6.1571925 6.1507562 6.1442893 6.1378223 6.1313554 6.1248884 6.1184215 6.1121425 6.1007457 6.0871485 6.0735513 6.0599542 6.046357 6.0359046 6.033881 6.0318575 6.0298339 6.0278104 6.0257868 6.0250944 6.0247795 6.0235991 6.0224187 6.0212383 6.0200579 6.0173871 6.012584 6.007781 6.0029779 5.9981749 5.9947695 6.0075433 6.0239506 6.040358 6.0567654 6.0731728 6.0873645 6.1066312 6.1274179 6.1482045 6.1689911 6.1897777 6.2046763 6.2105392 6.2164021 6.2222649 6.2281278 6.2328124
-9999 6.189256 6.1872988 6.1853416 6.1833844 6.1814272 6.1789072 6.1744044 6.1701638 6.1659232 6.1616826 6.1574419 6.1528969 6.1478478 6.144644 6.1381771 6.1317101 6.1252432 6.1187762 6.1101532 6.096556 6.0829589 6.0693617 6.0557645 6.0421673 6.0398727 6.0389692 6.0369456 6.034922 6.0328985 6.0308749 6.0291394 6.027959 6.0267785 6.0255981 6.0244177 6.0224515 6.0161084 6.0113053 6.0065023 6.0016993 5.9968962 5.9922882 5.996253 6.0119405 6.0283478 6.0447552 6.0611626 6.07757 6.0977113 6.1184979 6.1392845 6.1600711 6.1808577 6.1937225 6.1995854 6.2054483 6.2113112 6.2171741 6.2233286
-9999 6.1812237 6.1792665 6.1773092 6.175352 6.1720113 6.1672814 6.1627786 6.158538 6.1542974 6.1500568 6.1442565 6.1357752 6.1307261 6.1325501 6.1316244 6.1251574 6.1186905 6.1122235 6.1036005 6.0900033 6.0764061 6.062809 6.0520196 6.0487032 6.0464254 6.0469313 6.046669 6.0446454 6.0426219 6.0405983 6.0388628 6.0376824 6.036502 6.0353215 6.0317737 6.024354 6.0180108 6.0132077 6.0084047 6.0036017 5.999153 5.9950361 5.9990009 6.0087755 6.0230634 6.0394708 6.0558781 6.0722855 6.0924268 6.1132134 6.134 6.1541657 6.1682011 6.1804057 6.1862686 6.1921315 6.1979944 6.2043512 6.2112801
-9999 6.1731913 6.1712341 6.1692769 6.1651154 6.1603855 6.1556556 6.1511528 6.1469122 6.1426716 6.1356161 6.1271348 6.1186536 6.1136045 6.1154285 6.1172525 6.1186047 6.1121377 6.1056708 6.0970478 6.0834506 6.0698534 6.0618887 6.0585723 6.0552559 6.0529781 6.053484 6.0539899 6.0543689 6.0523453 6.0503217 6.0485862 6.0474058 6.0462254 6.0410958 6.0336761 6.0262564 6.0199132 6.0151101 6.0103071 6.0060178 6.0019009 5.997784 6.0017488 6.0115234 6.021298 6.0341863 6.0505937 6.067001 6.0871423 6.107929 6.1268134 6.1408488 6.1548842 6.1670888 6.1729517 6.1788146 6.1853738 6.1923026 6.1992315
-9999 6.1651589 6.1629495 6.1582196 6.1534896 6.1487597 6.1440298 6.139527 6.1352864 6.1269757 6.1184944 6.1100132 6.1015319 6.0964828 6.0983068 6.1001309 6.1019549 6.1037789 6.0991181 6.090495 6.0768979 6.0717578 6.0684414 6.065125 6.0618086 6.0595308 6.0600367 6.0605426 6.0610485 6.0615544 6.0600451 6.0583096 6.0571292 6.0504179 6.0429982 6.0355785 6.0281588 6.0218156 6.0170126 6.0128826 6.0087657 6.0046488 6.0005319 6.0044967 6.0142713 6.0240459 6.0338205 6.0453092 6.0617166 6.0818579 6.0994612 6.1134966 6.127532 6.1415674 6.153772 6.1596349 6.1663963 6.1733252 6.1802541 6.1871829
-9999 6.1560536 6.1513237 6.1465937 6.1418638 6.1371339 6.132404 6.1268165 6.1183353 6.109854 6.1013728 6.0928915 6.0844103 6.0793612 6.0811852 6.0830092 6.0848332 6.0866572 6.0884812 6.0849433 6.0816269 6.0783105 6.0749941 6.0716778 6.0683614 6.0660836 6.0665895 6.0670954 6.0676012 6.0681071 6.068613 6.0671597 6.05974 6.0523203 6.0449006 6.0374809 6.0300612 6.0238643 6.0197474 6.0156305 6.0115136 6.0073967 6.0032798 6.0072446 6.0170192 6.0267938 6.0365685 6.0463431 6.0564321 6.0721089 6.0861443 6.1001798 6.1142152 6.1282506 6.14049 6.1474189 6.1543477 6.1612766 6.1682055 6.1751344
-9999 6.1456695 6.1409395 6.1362096 6.1314797 6.1267498 6.1266097 6.1274721 6.1228542 6.114373 6.1058917 6.0974105 6.0889292 6.080677 6.075416 6.07724 6.079064 6.080888 6.082712 6.0829817 6.0796653 6.0763489 6.0730325 6.0697161 6.0714955 6.0774288 6.0703041 6.07081 6.0713159 6.0718217 6.0723276 6.0701264 6.0627067 6.055287 6.0478673 6.0404476 6.034903 6.0299538 6.0239144 6.0197975 6.0156806 6.0115637 6.0074468 6.0101931 6.0190576 6.0288322 6.0386068 6.0483815 6.0581561 6.0711092 6.0850669 6.0991023 6.1131377 6.1271731 6.1394175 6.1456585 6.1525873 6.1595162 6.1664451 6.173374
-9999 6.1355233 6.1307934 6.1260635 6.1213335 6.1236556 6.1272438 6.1281063 6.1258229 6.1230395 6.1145582 6.106077 6.0975957 6.0893436 6.0815501 6.0737565 6.0754706 6.0772946 6.0791186 6.0793882 6.0760719 6.0727555 6.0694391 6.0753188 6.0869261 6.0928594 6.0835848 6.0743101 6.0744865 6.0749924 6.0754983 6.0732971 6.0658774 6.0584577 6.051038 6.0465193 6.0431467 6.0381976 6.030993 6.0242364 6.0201196 6.0160027 6.0118858 6.014632 6.0223121 6.0307346 6.0405093 6.0502839 6.0600585 6.0730116 6.086514 6.1003705 6.114406 6.1284414 6.1406858 6.1467263 6.1527987 6.1597276 6.1666565 6.1735853
