P1_models/J1_p1_tot_conduct_slide_257.29.dat.tif
NCOLS 118
NROWS 92
XLLCORNER 139.62
YLLCORNER -39.07
DX 0.099491525
DY 0.099347826
NODATA_VALUE -9999
[rows 26 to 51 of 92, columns 58 to 115 of 118]
-2.1257252 -2.1533617 -2.1831612 -2.2093432 -2.2328876 -2.2485968 -2.2735613 -2.3011979 -2.3196615 -2.3344556 -2.2805802 -2.2346889 -2.2348333 -2.2324087 -2.2268814 -2.2418621 -2.3579355 -2.3742632 -2.3719485 -2.3911512 -2.4344609 -2.4795309 -2.5230338 -2.5932631 -2.656269 -2.7336513 -2.6868883 -2.6006224 -2.6240321 -2.6365162 -2.6420435 -2.6768039 -2.6416893 -2.6360362 -2.6360362 -2.6360362 -2.645433 -2.6746953 -2.6052129 -2.5993604 -2.5922873 -2.5806425 -2.5935651 -2.6002451 -2.5709829 -2.5337945 -2.4928274 -2.3787352 -2.2827899 -2.2593802 -2.256498 -2.2506456 -2.2877847 -2.2999762 -2.3116811 -2.3309585 -2.3426633 -9999
-2.1396934 -2.1728573 -2.2062373 -2.2424591 -2.2722317 -2.3015823 -2.3265468 -2.3541834 -2.3764762 -2.3940643 -2.3993007 -2.380399 -2.3859263 -2.384742 -2.3792147 -2.3214981 -2.2652109 -2.2868817 -2.2924702 -2.3035249 -2.3417363 -2.4688644 -2.5323621 -2.5733935 -2.6182706 -2.6607962 -2.6704855 -2.6403615 -2.6550233 -2.6625507 -2.6625507 -2.7541638 -2.8867472 -2.8810942 -2.8810942 -2.8810942 -2.8896048 -2.61454 -2.5079348 -2.5066358 -2.4960819 -2.4812947 -2.4110654 -2.3883031 -2.3590409 -2.3218524 -2.2808853 -2.225394 -2.1576884 -2.151836 -2.1574242 -2.1645441 -2.2756137 -2.3268562 -2.3619708 -2.3860935 -2.402272 -9999
-2.156808 -2.1899719 -2.2252142 -2.261869 -2.2985238 -2.3308149 -2.3592986 -2.3869352 -2.4136913 -2.4339669 -2.4428414 -2.44952 -2.4581406 -2.4636679 -2.4622179 -2.3940634 -2.3026744 -2.2913138 -2.3013656 -2.3124202 -2.3491387 -2.4829617 -2.5693623 -2.6038337 -2.6281217 -2.6592374 -2.6589266 -2.6596943 -2.67 -2.6719727 -2.6744633 -2.7642141 -2.9280825 -2.95 -2.95 -2.95 -2.86167 -2.5866052 -2.4764158 -2.4755367 -2.4610828 -2.4427733 -2.360814 -2.3063923 -2.2668342 -2.2101991 -2.1677313 -2.12563 -2.0877215 -2.0891423 -2.119915 -2.1348687 -2.2603302 -2.3506814 -2.3880709 -2.418046 -2.4364026 -9999
-2.1747632 -2.207927 -2.2431694 -2.2798241 -2.3164789 -2.3531337 -2.383463 -2.4110996 -2.4387361 -2.4643405 -2.4748133 -2.4861029 -2.4971575 -2.5057874 -2.5113147 -2.4465838 -2.341565 -2.331758 -2.3428126 -2.3538672 -2.3905857 -2.5287684 -2.6212101 -2.6446199 -2.6620144 -2.6785963 -2.6751648 -2.67 -2.67 -2.6719727 -2.6775 -2.7697507 -2.9336191 -2.9553625 -2.95 -2.95 -2.86167 -2.5866052 -2.4750706 -2.4692182 -2.4516514 -2.4272304 -2.3392054 -2.2649681 -2.2122961 -2.1536433 -2.0951189 -2.0598312 -2.040182 -2.0518869 -2.0887126 -2.1296797 -2.263029 -2.3677492 -2.4087163 -2.4366737 -2.4600835 -9999
-2.1825362 -2.2203455 -2.2555879 -2.2922426 -2.3288974 -2.3655522 -2.3994981 -2.4297273 -2.4573638 -2.4831208 -2.49883 -2.5116373 -2.5282037 -2.5368336 -2.5423609 -2.4748233 -2.3664019 -2.356595 -2.3676496 -2.3787042 -2.4154227 -2.5536053 -2.6444215 -2.6632476 -2.674426 -2.6848055 -2.6772114 -2.67 -2.6731181 -2.6768818 -2.6775 -2.7697507 -2.9336191 -2.9553625 -2.95 -2.95 -2.86167 -2.5819916 -2.4659497 -2.4567997 -2.4262647 -2.3961843 -2.2966927 -2.2215034 -2.1488616 -2.0886323 -2.0330265 -2.0191376 -2.0029266 -2.038846 -2.0950674 -2.1483074 -2.2972291 -2.4050046 -2.4412784 -2.461737 -2.4787112 -9999
-2.1768239 -2.2144543 -2.251933 -2.2885877 -2.3615106 -2.3981654 -2.4420026 -2.4751664 -2.5128779 -2.5303833 -2.5213731 -2.5372986 -2.5538805 -2.5680377 -2.5744375 -2.6387839 -2.5282377 -2.5174374 -2.5351474 -2.5494379 -2.5415236 -2.592455 -2.6786749 -2.6942343 -2.7068603 -2.7123876 -2.6968151 -2.6868694 -2.6927218 -2.6931884 -2.6931884 -2.6194646 -2.7786554 -2.8036959 -2.7981589 -2.7950362 -2.7048269 -2.4609502 -2.4232663 -2.4115614 -2.3738688 -2.3333271 -2.2283481 -2.1378894 -2.0632155 -2.021361 -1.968689 -2.0308178 -2.037623 -2.0924305 -2.1941593 -2.2585362 -2.3329605 -2.4481315 -2.4810289 -2.4938135 -2.5055184 -9999
-2.1635775 -2.1967413 -2.2320634 -2.2687182 -2.3448689 -2.4391241 -2.497964 -2.5477098 -2.5918727 -2.623108 -2.5864532 -2.5637913 -2.5803732 -2.5945305 -2.6055851 -2.6791871 -2.7897333 -2.8243892 -2.8464372 -2.8630192 -2.8594366 -2.776527 -2.7316604 -2.7375129 -2.7470829 -2.7581376 -2.7401012 -2.7196812 -2.7196812 -2.7196812 -2.7196812 -2.6459573 -2.5113511 -2.4937464 -2.4934922 -2.4876397 -2.4583245 -2.3880952 -2.3501241 -2.3325667 -2.2909942 -2.2406025 -2.1294061 -2.0340969 -1.9638676 -1.9253432 -1.9019334 -2.0272643 -2.1460431 -2.2513871 -2.356731 -2.462075 -2.4792557 -2.4973582 -2.520768 -2.5331857 -2.5390382 -9999
-2.1634181 -2.1965819 -2.2318243 -2.268479 -2.3482203 -2.4450194 -2.5047362 -2.554482 -2.6042277 -2.6373181 -2.6058997 -2.5825137 -2.5990956 -2.6132529 -2.6243075 -2.7014685 -2.8146699 -2.8520052 -2.8685871 -2.8851691 -2.8783188 -2.7803531 -2.7322981 -2.7381505 -2.7437806 -2.7524813 -2.7393598 -2.72 -2.72 -2.72 -2.72 -2.6462762 -2.51167 -2.4853625 -2.483691 -2.4778386 -2.4513131 -2.3772175 -2.3298097 -2.3071519 -2.2455185 -2.1904105 -2.079214 -1.9838252 -1.9305766 -1.9233882 -1.9130068 -2.0869141 -2.2093012 -2.3269321 -2.4307656 -2.5314677 -2.5140262 -2.528509 -2.5440267 -2.5484035 -2.5517855 -9999
-2.1636817 -2.1965819 -2.2343243 -2.270979 -2.3482203 -2.4477119 -2.5161017 -2.5658475 -2.6155932 -2.6517239 -2.6186307 -2.5991102 -2.6156921 -2.6298493 -2.640904 -2.720565 -2.8366384 -2.8711017 -2.8826224 -2.8967655 -2.8887994 -2.7879237 -2.7297981 -2.7356505 -2.7412806 -2.7468079 -2.7304944 -2.715 -2.715 -2.715 -2.715 -2.6412762 -2.50667 -2.4803625 -2.474651 -2.4664731 -2.4380683 -2.3617547 -2.3045788 -2.2753166 -2.2100565 -2.1416999 -2.0382901 -1.9519342 -1.9093893 -1.9279262 -1.9396311 -2.1371451 -2.2967822 -2.4183001 -2.5035169 -2.597156 -2.5665466 -2.5539182 -2.5653116 -2.565 -2.565 -9999
-2.1703049 -2.1979415 -2.234942 -2.2768332 -2.353753 -2.4480081 -2.5214689 -2.585717 -2.6354628 -2.6715935 -2.6349387 -2.6123565 -2.6289385 -2.6430957 -2.6541503 -2.7347906 -2.8563914 -2.8836571 -2.8892456 -2.9003002 -2.8887994 -2.7837806 -2.7231749 -2.7290274 -2.7346574 -2.7401847 -2.7215359 -2.7017536 -2.7017536 -2.7017536 -2.7017536 -2.6280298 -2.4934236 -2.4671161 -2.4614047 -2.4496998 -2.4171962 -2.335262 -2.2748333 -2.2289542 -2.1611989 -2.0887144 -2.0009278 -1.9351113 -1.9292589 -1.9551113 -1.9926166 -2.2218308 -2.4056808 -2.5110247 -2.5896738 -2.6567647 -2.6093386 -2.5793287 -2.5851811 -2.5837056 -2.5782464 -9999
-2.1635582 -2.1880438 -2.2210498 -2.2606715 -2.3348776 -2.427336 -2.4913419 -2.5554732 -2.5950825 -2.641028 -2.659118 -2.634289 -2.6468538 -2.661011 -2.6720656 -2.7561852 -2.8796939 -2.9060828 -2.9116101 -2.9173387 -2.8792973 -2.676036 -2.6122554 -2.6150188 -2.6168682 -2.6207889 -2.6408218 -2.6245788 -2.6245788 -2.6226061 -2.6191916 -2.5486731 -2.4162488 -2.3853039 -2.3786681 -2.3617505 -2.3274933 -2.3110588 -2.2839252 -2.2298937 -2.1654437 -2.1013278 -2.0908834 -2.0347119 -2.0568426 -2.1414039 -2.1980363 -2.2988793 -2.4879901 -2.5698957 -2.6075776 -2.6609388 -2.6980383 -2.6627675 -2.6654212 -2.6617572 -2.6559047 -9999
-2.1623512 -2.1844604 -2.216933 -2.2535877 -2.3278508 -2.4168696 -2.4797024 -2.5349754 -2.5742174 -2.6092871 -2.6337136 -2.6561459 -2.6672005 -2.6765522 -2.6876069 -2.7717264 -2.8988545 -2.9262368 -2.9281747 -2.9287769 -2.8874398 -2.65588 -2.5114855 -2.5114855 -2.5080797 -2.5080797 -2.5240148 -2.5446739 -2.5446739 -2.5375925 -2.5320652 -2.4641555 -2.3354017 -2.3036961 -2.2922731 -2.2731874 -2.2744236 -2.3153907 -2.28996 -2.2197307 -2.1683536 -2.1143838 -2.1317319 -2.1511337 -2.1921008 -2.2919882 -2.3973321 -2.4713404 -2.5502244 -2.6146013 -2.63866 -2.6620698 -2.7027463 -2.7317029 -2.7317029 -2.726336 -2.7204835 -9999
-2.1755976 -2.1977068 -2.2315942 -2.2734573 -2.3496081 -2.4433623 -2.5061951 -2.5614682 -2.6007102 -2.6357798 -2.651489 -2.6693923 -2.6804469 -2.6890768 -2.6946042 -2.7783496 -2.9054777 -2.92714 -2.9215515 -2.9104969 -2.8609471 -2.6343275 -2.4904255 -2.4787206 -2.4708084 -2.4617174 -2.4713878 -2.4850652 -2.4759405 -2.4644677 -2.453413 -2.3891847 -2.275793 -2.2411528 -2.2260412 -2.2026315 -2.2009522 -2.224362 -2.2047608 -2.1534989 -2.1317533 -2.1077607 -2.1721375 -2.2154169 -2.3032035 -2.4068426 -2.5165495 -2.556003 -2.6138477 -2.6431099 -2.6609315 -2.6753162 -2.7118323 -2.7383261 -2.7383261 -2.7309981 -2.7204835 -9999
-2.1975052 -2.2196144 -2.2535018 -2.295393 -2.3767801 -2.4720847 -2.5318014 -2.5867236 -2.6259656 -2.6593849 -2.6674645 -2.68202 -2.6930746 -2.6992799 -2.7025919 -2.7846635 -2.9117915 -2.930106 -2.9102917 -2.8763434 -2.8228876 -2.5997922 -2.4483717 -2.4272994 -2.4009169 -2.3864249 -2.3668715 -2.3764334 -2.362976 -2.3400304 -2.3236413 -2.2737659 -2.1697423 -2.1425661 -2.126132 -2.1116532 -2.1032783 -2.1314316 -2.148625 -2.1113068 -2.1335739 -2.1307333 -2.2400628 -2.3134726 -2.409511 -2.4990026 -2.6068148 -2.6093332 -2.6437431 -2.6652021 -2.6730935 -2.6839719 -2.7151801 -2.74 -2.74 -2.736336 -2.725607 -9999
-2.2352497 -2.257359 -2.2948696 -2.3367607 -2.386445 -2.4859365 -2.5432031 -2.5929489 -2.6283841 -2.6659292 -2.6715688 -2.6764358 -2.6874904 -2.6936957 -2.6936957 -2.7628496 -2.8899777 -2.8946905 -2.8723364 -2.8328007 -2.7717803 -2.550688 -2.395378 -2.3602634 -2.3192367 -2.2860728 -2.255333 -2.2331385 -2.2097287 -2.1840657 -2.1619565 -2.1188565 -2.0369223 -2.0189859 -2.0091333 -2.0025476 -2.0058776 -2.0409923 -2.0645263 -2.0703787 -2.1072544 -2.1422627 -2.2664345 -2.3861553 -2.4914993 -2.5601575 -2.6420917 -2.6670497 -2.6633116 -2.6750164 -2.6810962 -2.6869486 -2.7283747 -2.749058 -2.749058 -2.7444882 -2.7386357 -9999
-2.3438818 -2.3765764 -2.4229348 -2.4824709 -2.438189 -2.3998351 -2.4435686 -2.4803547 -2.4980383 -2.5268422 -2.5582606 -2.5695362 -2.5695362 -2.5744783 -2.5744783 -2.6127504 -2.691282 -2.6959948 -2.6736408 -2.6294223 -2.5698218 -2.4371664 -2.2848917 -2.20793 -2.1439049 -2.080754 -2.0185789 -1.9748342 -1.9363633 -1.9003355 -1.8837536 -1.8705772 -1.8448498 -1.8455718 -1.8501767 -1.8794389 -1.8932834 -1.9126157 -1.958847 -2.0041468 -2.0696489 -2.1223931 -2.1750651 -2.2801843 -2.3178524 -2.3410777 -2.3837873 -2.6031704 -2.6566884 -2.657413 -2.6612266 -2.667079 -2.7729533 -2.8152899 -2.8099493 -2.8040969 -2.7982444 -9999
-2.4041789 -2.4392586 -2.4923261 -2.5576691 -2.5216165 -2.4259177 -2.4197497 -2.4473863 -2.4643354 -2.4791031 -2.5105215 -2.5341522 -2.5341522 -2.5341522 -2.5341522 -2.5724243 -2.6300659 -2.6218644 -2.591206 -2.5469876 -2.4600029 -2.3217805 -2.1579666 -2.0537836 -1.9749629 -1.8560596 -1.7800426 -1.6859292 -1.6383327 -1.5947776 -1.5815 -1.5982323 -1.5990074 -1.6119776 -1.6704593 -1.7020498 -1.7792033 -1.8212524 -1.8969702 -1.990058 -2.0781562 -2.1481975 -2.1991956 -2.2343102 -2.2648992 -2.2843459 -2.2939677 -2.5068008 -2.65 -2.6521133 -2.6579657 -2.66 -2.7655403 -2.8380409 -2.8321884 -2.826336 -2.8204835 -9999
-2.4400158 -2.478707 -2.5348922 -2.6029653 -2.5496429 -2.444915 -2.4386101 -2.4607193 -2.4714143 -2.4856778 -2.5170962 -2.5407269 -2.5407269 -2.54 -2.54 -2.5747928 -2.6300659 -2.6127966 -2.5772609 -2.4952187 -2.3915985 -2.2202519 -2.0469884 -1.8948249 -1.7419013 -1.5981914 -1.4846934 -1.382724 -1.3241996 -1.2882243 -1.282697 -1.3066983 -1.341813 -1.4157492 -1.4908707 -1.6033962 -1.7049815 -1.7986206 -1.9146428 -2.0258392 -2.115013 -2.196195 -2.2306154 -2.2612136 -2.2846234 -2.2939631 -2.2998156 -2.5115055 -2.6528356 -2.658688 -2.66 -2.66 -2.7655403 -2.8380409 -2.8321884 -2.826336 -2.8204835 -9999
-2.4725715 -2.5159624 -2.5721476 -2.6402208 -2.5754438 -2.4573335 -2.4510286 -2.4731378 -2.479216 -2.4918871 -2.5233055 -2.5469361 -2.5469361 -2.5445115 -2.54 -2.5747928 -2.6300659 -2.6098565 -2.5648424 -2.448769 -2.3318261 -2.1052066 -1.9085872 -1.6961292 -1.5157224 -1.3436126 -1.209573 -1.097099 -1.0385746 -1.0088283 -1.0281182 -1.0769043 -1.1493266 -1.2662791 -1.3666859 -1.5481117 -1.6615168 -1.8065033 -1.9537665 -2.0817224 -2.1623594 -2.2396597 -2.2513646 -2.2798413 -2.2931575 -2.2969361 -2.2998156 -2.5168008 -2.6590448 -2.66 -2.66 -2.66 -2.7655403 -2.8380409 -2.8321884 -2.826336 -2.8204835 -9999
-2.4398021 -2.4817831 -2.5214982 -2.5881474 -2.6642835 -2.53861 -2.5276128 -2.5497221 -2.5591553 -2.5539097 -2.5397896 -2.5634203 -2.5634203 -2.5609956 -2.5554683 -2.5177566 -2.5730297 -2.5466926 -2.5050335 -2.3889601 -2.2561493 -2.040726 -1.7835927 -1.5416069 -1.3136717 -1.1202159 -0.97323741 -0.84544412 -0.7869197 -0.77374699 -0.80276812 -0.88969733 -0.98453392 -1.151169 -1.2873721 -1.5069649 -1.6808732 -1.8464973 -2.0129929 -2.1534516 -2.2234848 -2.3040642 -2.3633985 -2.3751034 -2.3853426 -2.390587 -2.390587 -2.5302211 -2.6734203 -2.6734203 -2.6734203 -2.6734203 -2.7219243 -2.7944249 -2.7897391 -2.78272 -2.7768676 -9999
-2.3537007 -2.3868645 -2.4221504 -2.4588051 -2.5350863 -2.6293414 -2.6666998 -2.688809 -2.7002309 -2.6996199 -2.6367831 -2.589913 -2.589913 -2.5874884 -2.5819611 -2.5416409 -2.4808405 -2.4386105 -2.3990625 -2.2829891 -2.1501783 -1.9511953 -1.7107376 -1.4064106 -1.1517364 -0.91958954 -0.76495828 -0.62760313 -0.58078358 -0.56842815 -0.61817391 -0.71749443 -0.85795305 -1.0473405 -1.2476329 -1.499288 -1.7336157 -1.9325987 -2.0993236 -2.2456346 -2.3096486 -2.3702961 -2.4814925 -2.551693 -2.5575455 -2.5633979 -2.5692503 -2.6477022 -2.699913 -2.699913 -2.699913 -2.699913 -2.7057764 -2.7102609 -2.7102609 -2.7029329 -2.691228 -9999
-2.3657958 -2.3989596 -2.434202 -2.4708568 -2.543417 -2.6350738 -2.6690561 -2.6892655 -2.7006874 -2.7000981 -2.6372614 -2.59 -2.59 -2.59 -2.5882369 -2.5444374 -2.4809275 -2.43754 -2.392281 -2.2540983 -2.1110755 -1.8765812 -1.6270398 -1.3071497 -1.0484123 -0.8138572 -0.65907377 -0.52171861 -0.48217452 -0.49097368 -0.56180027 -0.69007794 -0.85738784 -1.084049 -1.2984092 -1.5968838 -1.83292 -2.0240618 -2.1611605 -2.2892393 -2.3332938 -2.3879734 -2.4878987 -2.5584471 -2.56 -2.5639631 -2.5698156 -2.6482892 -2.7 -2.7 -2.7 -2.7 -2.7058633 -2.71 -2.71 -2.699008 -2.6847782 -9999
-2.3734181 -2.4065819 -2.4418243 -2.478479 -2.5510393 -2.640058 -2.6754252 -2.6920071 -2.7006874 -2.7000981 -2.6372614 -2.59 -2.59 -2.59 -2.59 -2.5482486 -2.4819209 -2.4337288 -2.3909666 -2.2502872 -2.090904 -1.8517876 -1.5787481 -1.2510113 -0.98487612 -0.74720192 -0.59940031 -0.4631967 -0.43393449 -0.46480169 -0.54569565 -0.69926317 -0.89239378 -1.1454403 -1.3904641 -1.6913222 -1.9540889 -2.1375999 -2.2247483 -2.3300923 -2.3625297 -2.4014114 -2.4988983 -2.56 -2.5606686 -2.5639631 -2.5698156 -2.6482892 -2.7 -2.7 -2.7 -2.7 -2.7058633 -2.71 -2.71 -2.699008 -2.6814506 -9999
-2.3734181 -2.4065819 -2.4418243 -2.478479 -2.5510393 -2.640058 -2.6771563 -2.6986303 -2.7045249 -2.7000981 -2.6372614 -2.59 -2.59 -2.59 -2.59 -2.5482486 -2.4819209 -2.4374439 -2.3975898 -2.2538798 -2.090904 -1.8477024 -1.5721249 -1.2443881 -0.97825293 -0.74057873 -0.59960886 -0.47644308 -0.46885067 -0.50454082 -0.61508696 -0.7819785 -1.0043713 -1.272591 -1.5494206 -1.8537476 -2.1058818 -2.2170782 -2.2960164 -2.3565851 -2.3817105 -2.4080346 -2.5016737 -2.5614394 -2.5672918 -2.5691812 -2.5698156 -2.6482892 -2.7 -2.7 -2.7 -2.7 -2.7058633 -2.71 -2.71 -2.699008 -2.6814506 -9999
-2.3269833 -2.3565791 -2.3895851 -2.4220814 -2.4929958 -2.5171765 -2.5292738 -2.5483525 -2.5544306 -2.5491851 -2.5441912 -2.6190217 -2.6190217 -2.6190217 -2.6190217 -2.5772703 -2.5301864 -2.4901636 -2.4448434 -2.3011335 -2.1373387 -1.8892423 -1.6199208 -1.3132215 -1.0470863 -0.82986109 -0.69421784 -0.59570311 -0.60005386 -0.65456256 -0.78163043 -0.97875656 -1.2115452 -1.4838591 -1.7664206 -2.0560975 -2.2666209 -2.370745 -2.4451468 -2.4774661 -2.4902732 -2.5133317 -2.5892897 -2.6203017 -2.6222391 -2.6222391 -2.6222391 -2.5496153 -2.6013261 -2.6013261 -2.6013261 -2.6013261 -2.5259286 -2.5300652 -2.5264493 -2.5132688 -2.5063531 -9999
-2.2865178 -2.3139632 -2.3438514 -2.3752698 -2.3983441 -2.4140533 -2.4261506 -2.4372052 -2.4453437 -2.465678 -2.5651695 -2.64 -2.64 -2.6375753 -2.6375725 -2.6121657 -2.5679473 -2.5237288 -2.4812034 -2.3516914 -2.1957074 -1.9532568 -1.700022 -1.4083059 -1.1878101 -0.97224515 -0.86794973 -0.77135423 -0.79476401 -0.87476439 -1.0143116 -1.2114377 -1.4572403 -1.7139026 -1.9919277 -2.2088801 -2.4156448 -2.5129056 -2.5327763 -2.5620385 -2.5699906 -2.5844267 -2.6312463 -2.66 -2.66 -2.66 -2.66 -2.5817108 -2.53 -2.53 -2.53 -2.53 -2.4537765 -2.3980409 -2.3921884 -2.386336 -2.3804835 -9999
