P1_models/J1_p1_vp_slide_diff2_35.dat.tif
NCOLS 118
NROWS 92
XLLCORNER 139.62
YLLCORNER -39.07
DX 0.099491525
DY 0.099347826
NODATA_VALUE -9999
[rows 50 to 74 of 92, columns 56 to 111 of 118]
-0.12782588 -0.13296861 -0.14038659 -0.14780457 -0.14636224 -0.13889896 -0.13143567 -0.1194228 -0.10473998 -0.090057163 -0.093740048 -0.098054 -0.098032418 -0.089992417 -0.081952416 -0.078900762 -0.082232254 -0.085563747 -0.10121621 -0.11870332 -0.13589033 -0.1262755 -0.11666068 -0.10910975 -0.10957736 -0.11004497 -0.11302276 -0.11716029 -0.12081305 -0.12198142 -0.12314979 -0.12024158 -0.10998776 -0.099733937 -0.096716443 -0.099606953 -0.101566 -0.073212473 -0.044858949 -0.018971184 0.0053014316 0.029574047 0.064633439 0.10084166 0.12820541 0.14387341 0.15954141 0.17824195 0.19838819 0.2142976 0.22028043 0.22626325 0.21907926 0.20485575 0.19386868 0.19147491
-0.11720431 -0.12462229 -0.13204027 -0.13945825 -0.13801592 -0.13055264 -0.12308935 -0.11562607 -0.10536499 -0.090682172 -0.094365056 -0.091619959 -0.083579958 -0.075539958 -0.067499957 -0.064448303 -0.068751742 -0.086238852 -0.10372596 -0.12121307 -0.13840007 -0.12878525 -0.11917043 -0.1095556 -0.10022939 -0.100697 -0.10367479 -0.10680475 -0.10797312 -0.10914148 -0.11030985 -0.10740165 -0.097147825 -0.086894003 -0.076640181 -0.071308277 -0.073267321 -0.044913797 -0.019563473 0.0047091429 0.028981759 0.053254374 0.088313766 0.11251665 0.12818465 0.14385266 0.15952066 0.1782212 0.19257963 0.19856245 0.20454528 0.2105281 0.20334411 0.19365247 0.1912587 0.18886494
-0.10885799 -0.11627597 -0.12369395 -0.13111193 -0.1296696 -0.12220632 -0.11474303 -0.10727975 -0.099816459 -0.09130718 -0.0852075 -0.077167499 -0.069127499 -0.061087498 -0.053047498 -0.053774379 -0.071261489 -0.088748599 -0.10623571 -0.12372282 -0.14090982 -0.131295 -0.12168017 -0.11206535 -0.10245053 -0.092835703 -0.092796445 -0.093964813 -0.095133182 -0.09630155 -0.097469919 -0.094561713 -0.084307891 -0.074054069 -0.063800247 -0.053546426 -0.044968645 -0.020155762 0.0041168541 0.02838947 0.052662086 0.076934702 0.096827898 0.1124959 0.1281639 0.1438319 0.15949991 0.17086166 0.17684448 0.1828273 0.18881013 0.19479295 0.19343626 0.19104249 0.18864872 0.18625496
-0.097575807 -0.10499379 -0.11241177 -0.11577721 -0.10928414 -0.099966206 -0.092502921 -0.085039635 -0.077576349 -0.070113063 -0.062092221 -0.054052221 -0.04601222 -0.037972219 -0.035190002 -0.044743457 -0.062230567 -0.079717676 -0.097204786 -0.11432019 -0.10747754 -0.10004904 -0.090434216 -0.080819393 -0.07120457 -0.061589746 -0.059350479 -0.060518847 -0.061687216 -0.062855584 -0.061379966 -0.051659954 -0.038151682 -0.02789786 -0.017644038 -0.0073902159 0.0032815428 0.027554159 0.051826774 0.07609939 0.10037201 0.097435311 0.11085824 0.12652624 0.14219424 0.15786224 0.15631659 0.1567996 0.16278243 0.16876525 0.17474807 0.18212366 0.18348264 0.18108887 0.17869511 0.17630134
-0.085802442 -0.093220423 -0.095213594 -0.096267671 -0.0897746 -0.078152924 -0.067938307 -0.060475021 -0.053011735 -0.04554845 -0.037527607 -0.029487607 -0.021447606 -0.020874858 -0.024228265 -0.03378172 -0.05126883 -0.068755939 -0.081682354 -0.074845628 -0.068002982 -0.060631598 -0.053260215 -0.04392593 -0.034311106 -0.024696283 -0.022457016 -0.023625384 -0.024793753 -0.022156286 -0.015605239 -0.0058852272 0.0095449698 0.023832337 0.034086159 0.044339981 0.05501174 0.079284356 0.10355697 0.12782959 0.12147342 0.11381647 0.1272394 0.1429074 0.1585754 0.15358796 0.14253445 0.14301747 0.14900029 0.15498312 0.16256323 0.17094141 0.17230039 0.16990663 0.16751286 0.16365983
-0.073595902 -0.074649979 -0.075704056 -0.076758133 -0.070265063 -0.058643387 -0.04702171 -0.035910407 -0.028447121 -0.020983836 -0.012962993 -0.0049229928 -0.0065597139 -0.009913121 -0.013266528 -0.022819984 -0.040307093 -0.049044517 -0.042207791 -0.035371065 -0.028528419 -0.021157036 -0.013785652 -0.0064142687 0.0025823567 0.01219718 0.014436447 0.013268079 0.017067393 0.02361844 0.030169488 0.0398895 0.055319697 0.070749894 0.085816356 0.096070178 0.10674194 0.13101455 0.15316847 0.14551152 0.13785458 0.13019763 0.14362056 0.15928856 0.15085933 0.13980582 0.12875231 0.12923533 0.13521816 0.1430028 0.15138098 0.15975917 0.16111815 0.15872438 0.15467705 0.15000771
-0.054086365 -0.055140442 -0.056194519 -0.057248596 -0.050755525 -0.039133849 -0.027512173 -0.015890497 -0.0042688208 0.0035807782 0.011108837 0.00775543 0.0044020229 0.0010486158 -0.0023047913 -0.011858247 -0.01640668 -0.0095699545 -0.0027332285 0.0041034975 0.010946144 0.018317527 0.025688911 0.033060294 0.040431678 0.049090643 0.051329911 0.056291072 0.06284212 0.069393167 0.075944215 0.085664226 0.10109442 0.11652462 0.13195482 0.14738501 0.15847213 0.17720658 0.16954963 0.16189268 0.15423574 0.14657879 0.15918421 0.1481307 0.1370772 0.12602369 0.11497018 0.1154532 0.12344238 0.13182056 0.14019874 0.14857692 0.1499359 0.14569427 0.14102493 0.13635559
-0.035467439 -0.036521516 -0.037575594 -0.038629671 -0.03408685 -0.022465174 -0.010843498 0.00077817839 0.012399855 0.024021531 0.026674842 0.023321435 0.019968028 0.016614621 0.013261214 0.014377925 0.021214651 0.028051377 0.034888103 0.041724829 0.044454697 0.050557459 0.057928842 0.065300226 0.072671609 0.080042992 0.086853277 0.093404325 0.099955373 0.10650642 0.11305747 0.12386128 0.13929148 0.15472167 0.17015187 0.18558207 0.20032398 0.19266703 0.18501008 0.17735314 0.16969619 0.15944833 0.14800692 0.13695341 0.1258999 0.11484639 0.10379288 0.10372767 0.11210585 0.12048403 0.12886221 0.1372404 0.13899072 0.13432139 0.12965205 0.12498272
-0.019890362 -0.02094444 -0.021998517 -0.023052594 -0.020685506 -0.015499346 -0.0038776697 0.0077440064 0.019365683 0.030987359 0.047401062 0.05461313 0.051259723 0.047906316 0.044552909 0.04566962 0.052506346 0.059343072 0.066179798 0.065828662 0.057829563 0.060231439 0.065459187 0.07283057 0.080201953 0.087573337 0.094383622 0.10093467 0.10748572 0.11403676 0.11716442 0.12711091 0.15089295 0.16703749 0.18246769 0.19789789 0.2126398 0.20498285 0.1973259 0.18966896 0.17728919 0.15344419 0.14407584 0.13467282 0.12361931 0.11256581 0.1015123 0.097768611 0.1002424 0.10862058 0.11699876 0.12537694 0.1301132 0.13073317 0.12606383 0.12139449
-0.0092894586 -0.0053673628 -0.0064214399 -0.0074755171 -0.0051084293 -0.0004165156 0.0042753981 0.014709834 0.026331511 0.037953187 0.05436689 0.070945253 0.082551418 0.079198011 0.075844604 0.076961315 0.083798041 0.090634767 0.087319089 0.079203528 0.07120443 0.073606306 0.076008181 0.080360914 0.087732298 0.095103681 0.10191397 0.10846501 0.11501606 0.11738961 0.11965783 0.12960432 0.15338636 0.1771684 0.19478351 0.21021371 0.22495561 0.21729867 0.20964172 0.19513004 0.17128505 0.14744005 0.1380717 0.13024516 0.12133873 0.11028522 0.099231712 0.095488027 0.09522915 0.096757123 0.1051353 0.11351349 0.11824975 0.12103889 0.12247561 0.11780627
-0.0051064735 0.0030086593 0.0091556369 0.0081015597 0.010468647 0.015160561 0.019852475 0.024544389 0.033297339 0.044919015 0.061332718 0.077911081 0.094489445 0.11048971 0.1071363 0.10825301 0.11508974 0.10880952 0.10069396 0.092578395 0.084579297 0.086981172 0.089383048 0.091784923 0.095262642 0.10263403 0.10944431 0.11534658 0.1176148 0.11988302 0.12215124 0.13209773 0.15587977 0.17966181 0.20344385 0.22252952 0.23727143 0.22961449 0.2129709 0.1891259 0.16528091 0.14143591 0.13206756 0.12424102 0.11641448 0.10800464 0.096951128 0.093207442 0.092948565 0.092689688 0.093271849 0.10165003 0.10638629 0.10917544 0.11196458 0.11421805
-0.00092348851 0.0071916444 0.015306777 0.02342191 0.026045724 0.030737638 0.035429552 0.040121466 0.044813379 0.051884843 0.068298546 0.084876909 0.10145527 0.11803364 0.134612 0.1384155 0.13029994 0.12218438 0.11406882 0.10595326 0.097954163 0.10035604 0.10275791 0.10515979 0.10756167 0.11016437 0.11557177 0.11783999 0.12010821 0.12237643 0.12464465 0.13459114 0.15837318 0.18215522 0.20593726 0.2297193 0.24958725 0.23081176 0.20696676 0.18312176 0.15927676 0.13543177 0.12606342 0.11823688 0.11041034 0.1025838 0.094670543 0.090926858 0.090667981 0.090409104 0.090150227 0.08989135 0.094522838 0.097311984 0.10010113 0.10289027
0.0047632166 0.012878349 0.020993482 0.029108615 0.044765395 0.053811928 0.058503842 0.063195755 0.067887669 0.072579583 0.071182497 0.08776086 0.10433922 0.12091759 0.13749595 0.1432418 0.13512624 0.12701068 0.11889512 0.11077956 0.10680733 0.11104612 0.113448 0.11584987 0.11825175 0.12065362 0.12296408 0.1252323 0.12750052 0.12976874 0.13020974 0.12767482 0.14390346 0.1676855 0.19146755 0.21524959 0.23761174 0.21376674 0.18992175 0.16607675 0.14223175 0.12928009 0.12118464 0.1133581 0.10553157 0.097705026 0.089878487 0.088285649 0.088184141 0.087925264 0.087666387 0.08740751 0.088464433 0.091128445 0.093917591 0.096706736
0.011103816 0.019218948 0.027334081 0.035449214 0.051105994 0.071887642 0.084838301 0.089530215 0.094222129 0.098914042 0.095115245 0.091024696 0.10544817 0.12202653 0.13860489 0.14435074 0.13623518 0.12811962 0.12021708 0.11689333 0.11365813 0.1183318 0.12297059 0.12537247 0.12777435 0.13017622 0.13248668 0.1347549 0.13702312 0.1356418 0.12756046 0.12502555 0.13248478 0.14583936 0.1696214 0.19340344 0.2157656 0.1919206 0.1680756 0.1442306 0.13335069 0.12523686 0.11711154 0.10898499 0.10114216 0.093315618 0.085489079 0.083896242 0.085275194 0.085353038 0.085094161 0.084835284 0.085892207 0.08765261 0.090203969 0.092993114
0.02240724 0.02612005 0.03367468 0.041789813 0.057446593 0.078228241 0.099009889 0.11586467 0.12055659 0.1252485 0.1214497 0.11735916 0.11326861 0.12313547 0.13971383 0.14545968 0.13734412 0.13039164 0.12706789 0.12374414 0.12050894 0.1251826 0.12985626 0.13452992 0.13729695 0.13969882 0.14200928 0.1442775 0.14107387 0.13299253 0.12491119 0.12237627 0.12983551 0.13729474 0.14777525 0.1715573 0.19391945 0.17007445 0.14622946 0.13742128 0.12930745 0.12119362 0.1130683 0.10494176 0.096815214 0.08892621 0.081099671 0.079506834 0.080885787 0.082264739 0.082521936 0.082263059 0.083319982 0.085080385 0.086840788 0.089279493
0.034218372 0.037931182 0.041643993 0.048130412 0.063787192 0.08456884 0.10535049 0.12613214 0.14689105 0.15158296 0.14778416 0.14369361 0.13960307 0.13551252 0.14082278 0.14656863 0.1405662 0.13724245 0.1339187 0.13059494 0.12735975 0.13203341 0.13670707 0.14138073 0.14605439 0.14922142 0.15153188 0.14650593 0.13842459 0.13034325 0.12226191 0.11972699 0.12718623 0.13464547 0.1421047 0.14971115 0.17207331 0.14960569 0.14149187 0.13337804 0.12526421 0.11715039 0.10902507 0.10089852 0.092771978 0.084645434 0.076710264 0.075117426 0.076496379 0.077875331 0.079254284 0.079690833 0.080747756 0.082508159 0.084268562 0.086028965
0.046794393 0.050507203 0.054220014 0.057932824 0.069085618 0.089867265 0.11064891 0.13143056 0.15221221 0.17299386 0.16972956 0.16563901 0.16154846 0.15745791 0.15336736 0.14997672 0.14665297 0.14332922 0.14000546 0.13668171 0.13348435 0.13589513 0.14056879 0.14524245 0.14991612 0.15458978 0.15053919 0.14245785 0.13437651 0.12629517 0.11821383 0.11448182 0.12194106 0.12940029 0.13685953 0.14431876 0.15131373 0.1431999 0.13508607 0.12697225 0.11885842 0.11073332 0.10259636 0.094469817 0.086343273 0.078216729 0.070090184 0.070610645 0.071989597 0.07336855 0.074747502 0.076126455 0.078515013 0.080275416 0.082035819 0.083796222
0.063174862 0.066887673 0.070931488 0.081830429 0.086541401 0.089982067 0.11076371 0.13154536 0.15232701 0.17310866 0.16984436 0.16575381 0.16166326 0.15757271 0.15501859 0.15226327 0.14893952 0.14561576 0.14229201 0.13932119 0.13680256 0.12929696 0.12956326 0.13423692 0.13891058 0.14358425 0.13953366 0.13145232 0.12337098 0.11528964 0.11850176 0.11822528 0.10413015 0.11124348 0.11870272 0.12616196 0.13315692 0.12504309 0.11692927 0.10881544 0.10067441 0.092439636 0.084302674 0.076176129 0.068049585 0.060200112 0.063515858 0.065520062 0.066899015 0.068277967 0.06965692 0.074915747 0.077970808 0.079731211 0.081491614 0.083252017
0.079555332 0.08534284 0.096241782 0.10714072 0.11185169 0.11235768 0.11286367 0.13166016 0.15244181 0.17322346 0.16995916 0.16586861 0.16192733 0.15961623 0.15730514 0.15454981 0.15122606 0.14790231 0.14510219 0.1426394 0.14012078 0.13261518 0.12510957 0.12323139 0.12790505 0.13257871 0.12852813 0.12044679 0.11236545 0.11830214 0.12569455 0.12541806 0.11132293 0.097227796 0.10054591 0.10800515 0.11500011 0.10688628 0.098772457 0.090615502 0.082380725 0.074145948 0.066008986 0.057882441 0.051793783 0.055109529 0.058425276 0.060429479 0.061808432 0.06341832 0.068894931 0.074371541 0.077426603 0.079187006 0.080899893 0.081117779
0.099754193 0.11065313 0.12155208 0.13245102 0.13716199 0.13766797 0.13817396 0.13867994 0.15255661 0.17333826 0.17007396 0.16652497 0.16421388 0.16190278 0.15959168 0.15683636 0.15351261 0.15088319 0.14842041 0.14595762 0.143439 0.13593339 0.12842779 0.12092219 0.11689952 0.12157318 0.1175226 0.11071011 0.11810251 0.12549492 0.13288733 0.13261085 0.11851571 0.10442058 0.090325445 0.089848339 0.096843301 0.088729475 0.080556591 0.072321814 0.064087037 0.05585226 0.047715298 0.043387454 0.0467032 0.050018947 0.053334693 0.055338897 0.057397504 0.062874115 0.068350725 0.073827336 0.076882397 0.078426369 0.078644255 0.078862142
0.12506449 0.13596343 0.14686237 0.15776131 0.16247228 0.16297827 0.16348425 0.16399024 0.16449622 0.17345306 0.17112262 0.16881152 0.16650042 0.16418932 0.16187823 0.15912697 0.15666419 0.15420141 0.15173862 0.14927584 0.14675721 0.13925161 0.13174601 0.12424041 0.1167348 0.11056765 0.11051048 0.11790289 0.1252953 0.1326877 0.14008011 0.13980363 0.12570849 0.11161336 0.097518228 0.083423095 0.078686493 0.07049768 0.062262903 0.054028126 0.045793349 0.037558572 0.034981125 0.038296871 0.041612618 0.044928364 0.048244111 0.051376689 0.056853299 0.06232991 0.06780652 0.073283131 0.075952845 0.076170732 0.076388618 0.076606505
0.13882836 0.1497273 0.16062624 0.17152519 0.17754308 0.17852153 0.17902752 0.1795335 0.18003949 0.18054547 0.18688314 0.18457204 0.18226094 0.17994985 0.17763875 0.17526111 0.17279833 0.17033554 0.16787276 0.16540997 0.16517794 0.16219351 0.15468791 0.1471823 0.1396767 0.1321711 0.13485553 0.14224794 0.14964035 0.15703276 0.16274309 0.15003745 0.13167292 0.11757778 0.10348265 0.089387516 0.075467095 0.067232318 0.058997541 0.050762764 0.042527987 0.039686123 0.038379414 0.04169516 0.045010907 0.048326653 0.0516424 0.05309967 0.058347609 0.06382422 0.06930083 0.074777441 0.076856285 0.077077373 0.07729526 0.077513146
0.14603672 0.15693567 0.16783461 0.17873355 0.18475144 0.18745246 0.18902552 0.18953151 0.19003749 0.19054348 0.19871445 0.2071488 0.20567136 0.20336026 0.20104916 0.19867152 0.19620874 0.19374595 0.19133505 0.19171275 0.19206937 0.19054302 0.18877121 0.18126561 0.17376001 0.1662544 0.16893884 0.17633124 0.18372365 0.18668548 0.18052545 0.1678198 0.14331955 0.1228448 0.10874966 0.094654531 0.08073411 0.072499333 0.064264556 0.056029779 0.054510218 0.054675452 0.052502266 0.05008003 0.053228778 0.056544525 0.059860271 0.061317542 0.061888822 0.066475904 0.071952514 0.077429125 0.079507968 0.079770228 0.079997295 0.080215181
0.13708675 0.16230536 0.17504297 0.18594191 0.1919598 0.19466082 0.19736184 0.19952951 0.2000355 0.20054148 0.20871245 0.2171468 0.22558115 0.22677067 0.22445957 0.22208193 0.21961915 0.21784878 0.21822648 0.21860418 0.21896079 0.21743444 0.21590809 0.21438174 0.20784331 0.20033771 0.20302214 0.21041455 0.21062786 0.20446784 0.19830781 0.18560216 0.1611019 0.13660165 0.11401668 0.099921546 0.086001126 0.077766349 0.069531572 0.069334313 0.069499547 0.069664781 0.067491595 0.065069359 0.062647123 0.064762396 0.068078143 0.069535413 0.070106694 0.070677974 0.074604198 0.080080809 0.082159652 0.082421912 0.082684171 0.082917216
0.1260964 0.15131501 0.17653362 0.19315027 0.19916817 0.20186918 0.2045702 0.20727122 0.20997224 0.21053949 0.21871046 0.22714481 0.23557915 0.2440135 0.24786998 0.24549235 0.2443625 0.2447402 0.2451179 0.2454956 0.24585222 0.24432587 0.24279952 0.24127317 0.23974682 0.23442101 0.23710544 0.23457025 0.22841022 0.22225019 0.21609017 0.20338452 0.17888426 0.154384 0.12988375 0.10538349 0.091268141 0.083993174 0.084158408 0.084323642 0.084488876 0.08465411 0.082480924 0.080058688 0.077636452 0.075214216 0.076296014 0.077753285 0.078324565 0.078895846 0.079467126 0.082732492 0.084811336 0.085073596 0.085335855 0.085598115
