P1_models/J1_p1_vp_slide_diff2_220.dat.tif
NCOLS 118
NROWS 92
XLLCORNER 139.62
YLLCORNER -39.07
DX 0.099491525
DY 0.099347826
NODATA_VALUE -9999
[rows 0 to 22 of 92, columns 0 to 52 of 118]
-9999 -9999 -9999 -9999 -9999 -9999 -9999 -9999 -9999 -9999 -9999 -9999 -9999 -9999 -9999 -9999 -9999 -9999 -9999 -9999 -9999 -9999 -9999 -9999 -9999 -9999 -9999 -9999 -9999 -9999 -9999 -9999 -9999 -9999 -9999 -9999 -9999 -9999 -9999 -9999 -9999 -9999 -9999 -9999 -9999 -9999 -9999 -9999 -9999 -9999 -9999 -9999 -9999
-9999 0.09849612 0.097992302 0.097488483 0.096984665 0.096480846 0.09593613 0.09617351 0.096760459 0.096887188 0.097013918 0.097140647 0.097267376 0.097830708 0.099068438 0.10007695 0.10108546 0.10209397 0.10310249 0.10443326 0.10650749 0.10858172 0.11065596 0.11273019 0.11442625 0.11356157 0.11109578 0.10721375 0.10333173 0.099449703 0.095567679 0.094069133 0.097165175 0.10026122 0.10335726 0.1064533 0.10768151 0.10688041 0.10882187 0.10942379 0.11002572 0.11062764 0.11122956 0.10476859 0.098916339 0.094879951 0.090843562 0.086807173 0.082770785 0.080585865 0.077830305 0.075074746 0.072319186
-9999 0.095869405 0.095365587 0.094861768 0.094357949 0.093781425 0.093159359 0.093396738 0.094626029 0.095509565 0.095636294 0.095763024 0.095889753 0.096453085 0.097890737 0.099234977 0.10024349 0.101252 0.10226051 0.10359128 0.10566552 0.10773975 0.10981398 0.11083431 0.11018596 0.10932128 0.1078768 0.10596528 0.10208326 0.098201232 0.094319208 0.092820662 0.095916704 0.099012745 0.10210879 0.10172904 0.097753762 0.096952668 0.10069269 0.10328244 0.10388437 0.10448629 0.10508821 0.098627241 0.087088842 0.079842829 0.075806441 0.071770052 0.067733663 0.065589343 0.063772024 0.061130657 0.058375097
-9999 0.09324269 0.092738871 0.092235053 0.09162672 0.091004653 0.090382587 0.090619966 0.091849258 0.093078549 0.094258671 0.094385401 0.09451213 0.095075461 0.096513114 0.097950767 0.099388419 0.10041003 0.10141854 0.10274931 0.10482354 0.10689778 0.10724238 0.10659402 0.10594567 0.10508099 0.10363651 0.10219203 0.10074755 0.096952761 0.093070737 0.091572191 0.094668233 0.097764274 0.09577657 0.091801293 0.087826016 0.087024922 0.090764946 0.09450497 0.097743014 0.098344938 0.098946862 0.092485889 0.08094749 0.069409092 0.060769319 0.056732931 0.052696542 0.050552222 0.048734902 0.046917583 0.044431009
-9999 0.090615975 0.090094082 0.089472015 0.088849948 0.088227882 0.087605815 0.087843195 0.089072486 0.090301777 0.091531068 0.092760359 0.093134507 0.093697838 0.095135491 0.096573143 0.098010796 0.099448448 0.10057657 0.10190734 0.10398157 0.10365044 0.10300209 0.10235373 0.10170538 0.1008407 0.09939622 0.097951738 0.096507256 0.095062774 0.091822266 0.09032372 0.093419762 0.089824101 0.085848824 0.081873548 0.077898271 0.077097177 0.0808372 0.084577224 0.088317248 0.092057271 0.09280551 0.086344538 0.074806139 0.06326774 0.051729341 0.041695809 0.037659421 0.0355151 0.033697781 0.031880462 0.030063142
-9999 0.087939377 0.08731731 0.086695243 0.086073177 0.08545111 0.084829043 0.085066423 0.086295714 0.087525005 0.088754297 0.089983588 0.091212879 0.092320215 0.093757868 0.09519552 0.096633173 0.098070825 0.099508478 0.10070686 0.1000585 0.09941015 0.098761797 0.098113444 0.09746509 0.096600413 0.095155931 0.093711449 0.092266967 0.090822485 0.089378003 0.087846909 0.083871632 0.079896355 0.075921079 0.071945802 0.067970526 0.067169431 0.070909455 0.074649479 0.078389502 0.082129526 0.08586955 0.080203186 0.068664788 0.057126389 0.04558799 0.034049591 0.022622299 0.020477979 0.01866066 0.01684334 0.015026021
-9999 0.087340475 0.086718408 0.086096342 0.085474275 0.084852208 0.084158923 0.084330851 0.085560142 0.086789434 0.088018725 0.089248016 0.090428082 0.091337437 0.092045473 0.093483126 0.094920778 0.096358431 0.097796083 0.098602959 0.097954606 0.097306253 0.0966579 0.096009546 0.095301214 0.09492586 0.095290757 0.093846275 0.092401793 0.090957311 0.089512829 0.08720391 0.083228634 0.079253357 0.07527808 0.071302804 0.064722174 0.060813664 0.064553688 0.068293711 0.072033735 0.075773759 0.077855073 0.077082854 0.06988844 0.058350041 0.046811642 0.035273243 0.023734845 0.020485032 0.018667713 0.016850394 0.015033074
-9999 0.087086609 0.086464543 0.085842476 0.085220409 0.084490965 0.083746735 0.083918663 0.085147955 0.086377246 0.087606537 0.088754354 0.089874694 0.090784049 0.091270894 0.091757739 0.093155346 0.094592999 0.096030651 0.096837527 0.096189174 0.095540821 0.094892468 0.094139851 0.093330322 0.092954968 0.093743312 0.094531656 0.093229762 0.09178528 0.090340798 0.088031879 0.084056603 0.080081326 0.076106049 0.068187045 0.05893231 0.0550238 0.058763823 0.062503847 0.066243871 0.067728363 0.068898761 0.068126542 0.065957801 0.060740519 0.04920212 0.037663721 0.026125322 0.02287551 0.021058191 0.019240872 0.017705745
-9999 0.086832744 0.086210677 0.085567235 0.084823006 0.084078777 0.083334548 0.083506476 0.084735767 0.085960286 0.087080626 0.088200966 0.089321305 0.09023066 0.090717505 0.091204351 0.091691196 0.092827567 0.094265219 0.095072095 0.094423742 0.093775389 0.092978489 0.09216896 0.09135943 0.090984076 0.09177242 0.092560764 0.093349108 0.092613249 0.091168767 0.088859848 0.084884572 0.080906651 0.071651916 0.06239718 0.053142445 0.049233935 0.052973959 0.056431255 0.057601653 0.058772051 0.059942449 0.05917023 0.057001489 0.054832749 0.051592598 0.040054199 0.0285158 0.025265988 0.023448669 0.022035017 0.020857819
-9999 0.086578879 0.085899277 0.085155047 0.084410818 0.083666589 0.08292236 0.083094288 0.084286558 0.085406897 0.086527237 0.087647577 0.088767917 0.089677272 0.090164117 0.090650962 0.091137807 0.091624652 0.092499787 0.093306663 0.092626656 0.091817127 0.091007597 0.090198068 0.089388539 0.089013184 0.089801528 0.090589872 0.091378216 0.09216656 0.091996736 0.089687817 0.084371522 0.075116787 0.065862051 0.056607316 0.047352581 0.043444071 0.046304545 0.047474943 0.048645341 0.049815739 0.050986136 0.050213918 0.048045177 0.045876436 0.043707696 0.041538955 0.030906278 0.027656466 0.026364289 0.025187091 0.024009893
-9999 0.086430971 0.085686741 0.084942512 0.084198283 0.083454054 0.082709824 0.08290247 0.08402281 0.08514315 0.08626349 0.08738383 0.088504169 0.089290716 0.089777561 0.090264406 0.090751251 0.091238097 0.091724942 0.091819783 0.091010253 0.090200724 0.089391195 0.088581665 0.087772136 0.086819648 0.087607992 0.088396335 0.089184679 0.089973023 0.090761367 0.088119323 0.078864588 0.069609853 0.060355117 0.051100382 0.041845646 0.037310717 0.038481115 0.039651513 0.040821911 0.041992308 0.043162706 0.042519132 0.040350391 0.038181651 0.03601291 0.033844169 0.031675429 0.030352118 0.02917492 0.027997722 0.026820524
-9999 0.087526901 0.086782672 0.086038443 0.085294214 0.084549984 0.084188222 0.084536949 0.085657289 0.086777629 0.087897968 0.089018308 0.089942971 0.090521366 0.090523356 0.090971225 0.09145807 0.091944915 0.09243176 0.092526601 0.091717072 0.090907542 0.090098013 0.089288484 0.088111646 0.086528892 0.084310568 0.084743647 0.085531991 0.086320335 0.087108679 0.084466635 0.0752119 0.065957164 0.056702429 0.047447693 0.04031721 0.036911877 0.038082275 0.039252673 0.040423071 0.041593468 0.042594077 0.042329734 0.040923297 0.038754557 0.036585816 0.034417075 0.032248334 0.030925023 0.029747825 0.028570627 0.027393429
-9999 0.088622832 0.087878603 0.087134374 0.086462382 0.086142542 0.085822701 0.086171428 0.087291768 0.088412107 0.089522526 0.090388755 0.091254984 0.091833378 0.091835368 0.091837358 0.092164888 0.092651733 0.093138579 0.093233419 0.09242389 0.091614361 0.090804831 0.089494938 0.088149315 0.086566561 0.084348238 0.082129914 0.081879302 0.082667646 0.08345599 0.080813947 0.071559211 0.062304476 0.053125785 0.046522077 0.039918369 0.036513037 0.037683435 0.038853833 0.039996529 0.040987842 0.041979155 0.041714812 0.040547794 0.039327462 0.037158722 0.034989981 0.03282124 0.031497929 0.030320731 0.029143533 0.027349551
-9999 0.089718763 0.088974533 0.088416702 0.088096861 0.08777702 0.08745718 0.087805906 0.088926246 0.08996831 0.090834539 0.091700767 0.092566996 0.09314539 0.09314738 0.09314937 0.09315136 0.093358552 0.093845397 0.093940238 0.093130708 0.092223853 0.09087823 0.089532607 0.088186984 0.086604231 0.084385907 0.082167583 0.079949259 0.079014958 0.079803302 0.077161258 0.067906523 0.059330653 0.052726945 0.046123237 0.039519529 0.036114197 0.037284595 0.038390295 0.039381608 0.04037292 0.041364233 0.04109989 0.039932872 0.038765854 0.037598836 0.035562887 0.033394146 0.032070835 0.030893637 0.028955971 0.026907867
-9999 0.090814693 0.090371021 0.090051181 0.08973134 0.089411499 0.089091658 0.089440385 0.090414093 0.091280322 0.092146551 0.093012779 0.093879008 0.094457403 0.094459392 0.094461382 0.094463372 0.094465362 0.094552215 0.094647056 0.093607145 0.092261522 0.0909159 0.089570277 0.088224654 0.0866419 0.084423576 0.082205253 0.079986929 0.077768605 0.076150613 0.07350857 0.065535521 0.058931813 0.052328105 0.045724397 0.039120689 0.035715357 0.03678406 0.037775373 0.038766686 0.039757999 0.040749312 0.040484969 0.039317951 0.038150933 0.036983914 0.035816896 0.033967052 0.032610496 0.030562391 0.028514287 0.026466183
-9999 0.092384012 0.092064171 0.09174433 0.09142449 0.091104649 0.090784808 0.091195427 0.092061655 0.092927884 0.093794113 0.094660341 0.09552657 0.09590825 0.095880416 0.095882406 0.095884396 0.095886386 0.095888376 0.095482868 0.094137245 0.092791622 0.091445999 0.090100376 0.088754753 0.0854244 0.082478231 0.080259907 0.078041583 0.075823259 0.073604936 0.069888708 0.063285 0.056681292 0.050077585 0.043473877 0.036870169 0.034250565 0.035241878 0.036233191 0.037224504 0.038215817 0.03920713 0.038679108 0.03751209 0.036345072 0.035178053 0.034011035 0.032844017 0.036018973 0.033970869 0.031922765 0.029874661
-9999 0.094213492 0.093893651 0.09357381 0.093253969 0.093001061 0.093126975 0.093603754 0.094485478 0.095355142 0.09622137 0.097087599 0.097953828 0.098335507 0.097746849 0.097556734 0.097558724 0.097560714 0.097562704 0.097157196 0.095811573 0.09446595 0.093120327 0.091774704 0.090740131 0.087525078 0.078403054 0.073706755 0.071488431 0.069270108 0.067051784 0.063335556 0.056731849 0.050128141 0.043524433 0.037099503 0.034745432 0.032942845 0.031929232 0.032536395 0.033527708 0.034519021 0.035510334 0.034824981 0.032938919 0.031771901 0.030604883 0.029437865 0.028270847 0.038483947 0.046325723 0.044277618 0.042229514
-9999 0.096042971 0.09572313 0.09540329 0.095282324 0.095408238 0.095534152 0.096010931 0.096892654 0.097774378 0.098648628 0.099514857 0.10038109 0.10076276 0.10017411 0.099585448 0.099233052 0.099235042 0.099237032 0.098831524 0.097485901 0.096140278 0.09486314 0.093851975 0.092840809 0.089625756 0.080503732 0.071381709 0.06493528 0.062716956 0.060498632 0.056782405 0.050178697 0.043574989 0.038227368 0.035873297 0.033519226 0.031716639 0.030703026 0.029689413 0.029830912 0.030822225 0.031813538 0.031128185 0.029237497 0.027346808 0.026031712 0.024864694 0.023697676 0.033910777 0.046090671 0.056632472 0.054584368
-9999 0.097872451 0.09755261 0.097563587 0.097689501 0.097815415 0.097941328 0.098418108 0.099299831 0.10018155 0.10106328 0.10194211 0.10280834 0.10319002 0.10260136 0.10201271 0.10142405 0.10090937 0.10091136 0.10050585 0.099160229 0.097974984 0.096963818 0.095952653 0.094941487 0.091726434 0.082604411 0.073482387 0.064360363 0.056163804 0.05394548 0.050229253 0.043625545 0.039355233 0.037001162 0.034647091 0.032293021 0.030490433 0.02947682 0.028463207 0.027449595 0.027125429 0.028116742 0.027431389 0.0255407 0.023650012 0.021759324 0.020291523 0.019124505 0.029337606 0.041517501 0.053697395 0.06587729
-9999 0.099718936 0.09984485 0.099970764 0.10009668 0.10022259 0.10034851 0.10082528 0.10170701 0.10258873 0.10347045 0.10435218 0.1052339 0.10561728 0.10502862 0.10443996 0.10385131 0.10326265 0.10267399 0.10218018 0.10108683 0.10007566 0.099064496 0.098053331 0.097042165 0.093827112 0.084705089 0.075583065 0.066461041 0.057339017 0.048216993 0.043676101 0.040483097 0.038129027 0.035774956 0.033420885 0.031066815 0.029264227 0.028250614 0.027237002 0.026223389 0.025209776 0.024419946 0.023734593 0.021843904 0.019953216 0.018062528 0.01617184 0.014551334 0.024764435 0.03694433 0.049124225 0.061304119
-9999 0.099281698 0.099407612 0.099533526 0.09965944 0.099785354 0.10056052 0.1027511 0.10363283 0.10451455 0.10539627 0.106278 0.10708121 0.10705721 0.10683873 0.10625007 0.10566141 0.10507275 0.1044841 0.10376768 0.10275651 0.10174535 0.10073418 0.099723015 0.09871185 0.090908263 0.084296797 0.075174774 0.06605275 0.056930726 0.047808702 0.04099839 0.038644319 0.036290248 0.033936178 0.031582107 0.02941469 0.028484438 0.027470825 0.026457212 0.025443599 0.024429987 0.024012569 0.02695058 0.025728598 0.02383791 0.021947222 0.020056534 0.018165846 0.028272307 0.040452202 0.052632097 0.064811991
-9999 0.096698866 0.09682478 0.096950694 0.097076608 0.098798593 0.10212324 0.10431382 0.10519555 0.10607727 0.10695899 0.10743856 0.10722685 0.10720285 0.10755472 0.10759465 0.10700599 0.10641733 0.10582867 0.10511226 0.10410109 0.10308992 0.10207876 0.098763948 0.089317891 0.081500446 0.07804809 0.07287392 0.063751896 0.054629873 0.045507849 0.038697536 0.036343466 0.033989395 0.031635324 0.029843625 0.028971641 0.028041389 0.027027776 0.026014163 0.02500055 0.025070392 0.026154678 0.029092689 0.033363319 0.033441463 0.031550775 0.029660087 0.027769399 0.03787586 0.050055755 0.062235649 0.073677245
-9999 0.094116034 0.094241948 0.094367862 0.097036665 0.10036131 0.10368596 0.10587654 0.10675827 0.10763999 0.1077959 0.1075842 0.10737249 0.10734849 0.10770036 0.10805222 0.10835057 0.10776191 0.10717325 0.10645683 0.10544567 0.1044345 0.098802189 0.089356132 0.079910075 0.07209263 0.068640274 0.065187918 0.061451043 0.052329019 0.043206995 0.036396683 0.034042612 0.031688542 0.03027256 0.029400576 0.028528592 0.02759834 0.026584727 0.025571114 0.026128214 0.0272125 0.028296786 0.031234797 0.035505427 0.039776057 0.041154328 0.039263639 0.037372951 0.047479413 0.059659307 0.06957773 0.073731146
