P1_models/J1_p1__temp2_slide_180.dat.tif
NCOLS 118
NROWS 92
XLLCORNER 139.62
YLLCORNER -39.07
DX 0.099491525
DY 0.099347826
NODATA_VALUE -9999
[rows 27 to 53 of 92, columns 0 to 59 of 118]
-9999 1010.7293 1005.3793 998.00749 978.59588 959.18427 939.77266 928.21244 925.71373 923.21503 920.71632 919.77488 919.26078 921.14142 927.81763 934.49384 941.17006 942.60179 941.93089 947.02573 965.42237 983.81902 993.77098 1002.6894 1011.6078 1025.8002 1054.1279 1082.4557 1110.7835 1127.3032 1139.0655 1147.7844 1150.6366 1153.4888 1159.837 1166.2922 1172.7473 1176.3766 1175.9632 1175.5498 1175.1364 1178.5922 1182.4175 1185.1491 1187.0946 1189.0401 1189.3857 1180.1815 1170.9773 1156.3226 1140.7258 1125.1291 1118.3663 1121.3795 1124.7473 1129.3434 1133.9396 1138.5357 1145.1807 1152.1984
-9999 1025.9017 1014.3676 994.95603 975.54442 956.13281 936.7212 925.16098 922.66227 920.16357 917.66486 915.16616 913.63727 915.51791 922.19412 928.87033 935.54655 942.22276 945.67313 950.76797 967.594 976.51242 985.43084 994.34926 1003.2677 1017.46 1045.7878 1074.1156 1102.4433 1130.7711 1151.4903 1160.2092 1163.8679 1170.323 1176.7782 1183.2333 1189.6884 1193.3178 1192.9044 1192.491 1192.0776 1191.6642 1194.1354 1196.8671 1198.8126 1200.7581 1202.7036 1204.6491 1196.1977 1181.543 1165.9462 1150.3495 1134.7528 1124.4584 1127.8262 1132.4223 1137.0185 1141.6146 1146.2108 1152.3962
-9999 1032.3405 1012.9289 993.51729 974.10568 954.69406 935.28245 923.72686 921.22815 918.72945 916.23074 913.73203 911.23333 912.84668 919.52289 926.1991 932.87532 939.55153 946.22774 953.58196 962.50038 971.41881 980.33723 989.25565 998.17407 1010.0954 1038.4232 1066.7509 1095.0787 1123.4065 1151.7342 1172.591 1179.0462 1185.5013 1191.9565 1198.4116 1204.8668 1206.9169 1206.5035 1206.0901 1205.6767 1205.2633 1204.8499 1206.3013 1208.2468 1210.1923 1212.1378 1214.0833 1216.0288 1205.2647 1189.668 1174.0713 1158.4746 1142.8778 1131.6532 1136.2493 1140.8455 1145.4416 1150.0378 1154.6339
-9999 1044.1781 1024.7665 1005.3549 985.94329 966.53167 957.1925 946.4478 933.10846 930.60975 928.11105 925.61234 923.11364 926.21865 940.54543 947.83199 954.5082 961.18441 967.86063 975.21485 984.13327 993.05169 1001.9701 1010.8885 1024.0271 1036.4607 1041.7928 1067.4172 1095.745 1124.0727 1152.4005 1173.2573 1179.7124 1186.1676 1192.6227 1199.0779 1211.1286 1211.0789 1192.5906 1192.1772 1191.7638 1191.3504 1190.937 1194.0802 1198.8807 1200.8262 1202.7716 1204.7171 1206.6626 1208.5217 1201.0524 1185.4557 1169.859 1154.2623 1142.9257 1146.3457 1150.8306 1155.4267 1160.0229 1164.619
-9999 1056.0157 1036.6041 1017.1925 999.97966 991.7522 983.52474 972.78005 959.13013 945.48022 939.99136 937.49265 934.99395 938.09896 952.42574 966.75252 976.14108 982.8173 989.49351 996.84773 1005.7662 1014.6846 1023.603 1038.4353 1053.5186 1065.9522 1071.2843 1076.6164 1096.4112 1124.739 1153.0668 1173.9236 1180.3787 1186.8339 1193.6678 1207.1113 1220.5548 1220.5051 1201.1516 1181.7981 1177.8509 1177.4375 1177.0241 1180.1673 1185.8673 1191.46 1193.4055 1195.351 1197.2965 1199.1555 1200.9997 1196.8401 1181.2434 1165.6467 1154.3101 1157.7301 1161.1501 1165.4118 1170.008 1174.6041
-9999 1067.8533 1048.4417 1034.5394 1026.3119 1018.0844 1009.857 999.11229 985.46238 971.81247 958.16256 949.37296 946.87426 949.97927 964.30605 978.63283 992.95961 1004.4502 1011.1264 1018.4806 1027.399 1037.7603 1052.8436 1067.9268 1083.0101 1095.4437 1100.7758 1106.1079 1111.4399 1125.4053 1153.733 1174.5898 1181.045 1189.6505 1203.094 1216.5375 1229.981 1229.9313 1210.5778 1191.2243 1171.8708 1163.5246 1163.1111 1166.2543 1171.9543 1177.6543 1183.3543 1185.9848 1187.9303 1189.7894 1191.6335 1193.4777 1192.6278 1177.0311 1165.6945 1169.1145 1172.5345 1175.9546 1179.9931 1184.5892
-9999 1079.691 1069.0991 1060.8716 1052.6442 1044.4167 1036.1892 1025.4445 1011.7946 998.14472 984.49481 970.8449 958.75457 961.85958 976.18636 990.51314 1004.8399 1019.1667 1032.7593 1040.1135 1052.1686 1067.2518 1082.3351 1097.4183 1112.5016 1124.9352 1130.2673 1135.5994 1140.9315 1146.2635 1154.3993 1175.2561 1185.6332 1199.0767 1212.5202 1225.9637 1239.4072 1239.3575 1220.004 1200.6505 1181.297 1161.9435 1149.1982 1152.3414 1158.0414 1163.7414 1169.4414 1175.1414 1178.5641 1180.4232 1182.2673 1184.1115 1185.9556 1187.7998 1177.0789 1180.4989 1183.919 1187.339 1190.759 1194.5743
-9999 1101.1119 1092.8845 1084.657 1076.4295 1068.2021 1059.9746 1041.428 1027.4195 1013.7696 1000.1197 986.46979 972.81988 973.16921 989.72513 1004.0519 1018.3787 1032.7055 1047.0322 1061.5878 1076.671 1091.7543 1106.8375 1121.9208 1137.004 1147.5697 1154.4089 1159.741 1165.0731 1170.4051 1175.7372 1183.8399 1197.2834 1210.7269 1224.1704 1237.6139 1251.0574 1251.3917 1233.4046 1214.0511 1194.6976 1175.3441 1155.9906 1147.1953 1152.8953 1158.5953 1164.2953 1169.9953 1175.6953 1177.099 1178.9432 1180.7873 1182.6315 1184.4756 1186.4351 1189.606 1193.026 1196.446 1199.866 1203.286
-9999 1120.6968 1112.4694 1104.2419 1096.0145 1085.9847 1071.5039 1052.7325 1029.0092 1011.7351 998.08523 984.43532 970.78541 971.13474 999.51834 1020.3259 1034.6527 1048.9795 1063.3063 1077.8618 1092.9451 1108.0283 1123.1116 1137.6858 1145.0349 1153.7703 1166.2212 1175.0591 1180.3912 1185.7233 1191.0553 1199.158 1212.6015 1226.045 1239.4885 1249.8721 1245.8911 1244.3933 1246.448 1234.0067 1214.6532 1195.2997 1175.9462 1166.1641 1163.2628 1167.9081 1173.6081 1179.3081 1185.008 1185.5462 1185.5839 1187.4281 1189.2722 1191.1164 1193.0759 1195.4349 1198.3769 1201.797 1205.217 1208.637
-9999 1140.2817 1132.0543 1123.8268 1111.7699 1097.2892 1082.8084 1064.037 1040.3137 1016.5903 996.05076 982.40085 968.75094 969.10027 997.48387 1025.8675 1050.9268 1065.2535 1079.5803 1094.1358 1109.2191 1124.3023 1136.5373 1143.8864 1151.2355 1159.9709 1172.4218 1184.8728 1195.7093 1201.0414 1206.3735 1214.4761 1227.9196 1241.3631 1246.8547 1242.8737 1238.8927 1237.3949 1239.4495 1241.5042 1234.6087 1215.2552 1195.9017 1186.1196 1183.2183 1180.317 1182.9208 1188.6208 1194.3208 1194.859 1194.5051 1194.1512 1195.913 1197.7571 1199.7166 1202.0756 1204.4346 1207.1479 1210.5679 1213.988
-9999 1159.8667 1151.6392 1137.5551 1123.0744 1108.5936 1094.1129 1075.3415 1051.6182 1027.8948 1004.1715 980.44812 966.71647 967.0658 995.4494 1023.833 1052.2166 1080.6002 1095.8544 1110.4099 1125.4931 1135.3888 1142.7379 1150.087 1157.4361 1166.1715 1178.6224 1191.0734 1203.5243 1215.9752 1221.6916 1229.7943 1243.2378 1243.8373 1239.8563 1235.8753 1231.8943 1230.3965 1232.4511 1234.5058 1236.5605 1235.2107 1215.8572 1206.0751 1203.1738 1200.2725 1197.3712 1197.9336 1203.6336 1204.1718 1203.8179 1203.464 1203.1101 1204.3979 1206.3574 1208.7164 1211.0754 1213.4344 1215.9189 1219.3389
-9999 1177.8211 1163.3404 1148.8596 1134.3789 1119.8981 1105.4174 1086.646 1062.9226 1039.1993 1015.476 991.7526 968.02926 965.03133 993.41493 1021.7985 1050.1821 1078.5657 1106.9494 1126.6839 1134.2403 1141.5894 1148.9385 1156.2876 1163.6367 1172.3721 1184.823 1197.274 1209.7249 1222.1758 1234.6268 1244.801 1240.82 1236.8389 1232.8579 1228.8769 1224.8959 1223.3981 1225.4527 1227.5074 1229.5621 1231.6168 1233.6714 1226.0306 1223.1293 1220.228 1217.3267 1214.4254 1212.9464 1213.4846 1213.1307 1212.7768 1212.4229 1212.069 1212.9981 1215.3571 1217.7161 1220.0752 1222.4342 1224.7932
-9999 1177.5704 1163.0897 1148.609 1134.1282 1119.6475 1113.8503 1105.3328 1081.6094 1057.8861 1034.1627 1010.4394 989.6937 981.41409 994.28934 1022.6729 1051.0566 1079.4402 1107.8238 1129.8469 1137.196 1144.5451 1151.8942 1159.2433 1168.0086 1179.2384 1187.3636 1199.8146 1212.2655 1224.7165 1237.1674 1244.0057 1240.0247 1236.0437 1232.0627 1228.0817 1222.5222 1218.5029 1220.5576 1222.6122 1224.6669 1226.7216 1228.5968 1230.0215 1228.5327 1225.6314 1222.7301 1219.8287 1216.9274 1216.1981 1215.8442 1215.4903 1215.1364 1216.2097 1224.8266 1227.1856 1229.5446 1231.9036 1234.2626 1232.2519
-9999 1173.4117 1158.9309 1144.4502 1129.9694 1130.3764 1135.0339 1126.5163 1102.793 1079.0696 1055.3463 1037.5932 1023.1014 1014.8217 1018.9825 1024.5312 1052.9148 1081.2984 1109.682 1131.7051 1139.0542 1146.4033 1153.7524 1164.266 1177.3952 1188.6251 1194.7642 1201.1173 1213.5683 1226.0192 1238.4701 1245.3085 1241.3275 1237.3465 1233.3654 1226.6032 1218.3383 1214.319 1216.3737 1218.4284 1220.4831 1222.2693 1223.9805 1225.4052 1226.6239 1226.113 1223.2117 1220.3104 1217.4091 1216.6798 1216.3259 1215.972 1219.3692 1229.7927 1238.4096 1240.7686 1243.1276 1245.4866 1241.6056 1235.2911
-9999 1169.2529 1154.7721 1142.2449 1146.9024 1151.5599 1156.2174 1147.6998 1123.9765 1100.2532 1085.4927 1071.0008 1056.509 1048.2294 1052.3901 1056.5509 1060.7116 1083.1566 1111.5402 1133.5633 1140.9124 1148.2615 1160.5234 1173.6526 1186.7818 1198.0117 1204.1509 1210.29 1216.4291 1227.322 1239.7729 1246.6112 1242.6302 1238.6492 1230.6842 1222.4194 1214.1545 1210.1352 1212.1899 1214.2306 1215.9418 1217.6531 1219.3643 1220.789 1222.0077 1223.2264 1223.6933 1220.792 1217.8907 1217.1614 1216.8075 1222.5287 1232.9522 1243.3757 1251.9926 1254.3516 1256.7106 1250.9593 1244.6448 1238.3303
-9999 1165.0941 1158.771 1163.4285 1168.086 1172.7435 1177.401 1168.8834 1147.884 1133.3922 1118.9003 1104.4085 1089.9167 1081.637 1085.7978 1089.9585 1094.1192 1098.28 1113.3985 1135.4216 1143.6515 1156.7808 1169.91 1183.0392 1196.1685 1207.3984 1213.5375 1219.6766 1225.8158 1231.9549 1241.0757 1247.914 1243.0302 1234.7653 1226.5004 1218.2355 1209.9706 1205.9514 1207.9031 1209.6144 1211.3256 1213.0369 1214.7481 1216.1728 1217.3915 1218.6102 1219.8289 1221.0475 1218.3723 1217.643 1225.6882 1236.1117 1246.5352 1256.9587 1265.5756 1266.6275 1260.313 1253.9985 1247.684 1241.3695
-9999 1171.2957 1175.9532 1180.6107 1185.2682 1189.9257 1194.5832 1192.3857 1177.8939 1163.402 1148.9102 1134.4184 1119.9265 1111.3224 1115.4832 1119.6439 1123.8046 1127.9654 1132.1261 1138.9988 1152.128 1165.2573 1178.3865 1191.5157 1204.645 1214.0985 1220.2376 1226.3768 1232.5159 1238.655 1244.7942 1246.0134 1237.7485 1229.4836 1221.2187 1212.9538 1204.689 1201.4841 1203.1953 1204.9066 1206.6178 1208.3291 1210.0404 1212.5638 1213.7825 1215.0012 1216.2199 1217.4386 1218.6573 1227.6159 1238.0394 1248.463 1258.8865 1269.31 1276.0067 1269.6921 1263.3776 1257.0631 1250.7486 1244.4341
-9999 1158.2997 1162.9572 1167.6147 1172.2722 1176.9297 1186.1824 1188.5361 1182.2774 1167.7856 1153.2938 1138.8019 1124.3101 1115.3063 1117.2929 1121.2559 1125.4166 1129.5774 1133.7381 1140.6108 1153.74 1166.8692 1179.9985 1193.1277 1205.6487 1213.1944 1208.1176 1212.8152 1218.9543 1225.0934 1231.2326 1232.4517 1224.1869 1215.922 1207.6571 1199.3922 1194.3515 1193.592 1197.7972 1199.5084 1201.2197 1202.9309 1204.6422 1210.5759 1217.7704 1218.9891 1220.2078 1221.4264 1222.6451 1231.0484 1241.101 1251.5246 1261.9481 1272.3716 1279.0821 1272.9314 1266.6341 1260.3196 1254.0051 1247.6906
-9999 1145.3037 1149.9613 1154.6188 1160.324 1170.0204 1179.7167 1182.0705 1175.95 1169.8295 1157.6773 1143.1855 1128.6936 1119.6899 1121.6764 1123.6629 1127.0286 1131.1893 1135.3501 1142.2227 1155.352 1168.4812 1181.6104 1193.8913 1206.1463 1213.692 1208.6152 1203.5384 1205.3927 1211.5318 1217.6709 1218.8901 1210.6253 1202.3604 1194.3544 1190.0617 1185.7691 1185.0097 1189.3049 1193.6002 1195.8215 1197.5327 1199.244 1205.1777 1214.147 1222.9769 1224.1956 1225.4143 1226.633 1235.0363 1244.6813 1254.5862 1265.0097 1275.4332 1282.1437 1275.993 1269.8423 1263.5761 1257.2616 1250.9471
-9999 1132.3078 1136.9653 1144.1621 1153.8584 1163.5548 1173.2511 1175.6049 1169.4843 1163.3638 1157.2433 1147.569 1133.0772 1124.0735 1126.06 1128.0465 1130.033 1132.8013 1136.962 1143.8347 1156.9639 1169.8788 1182.1338 1194.3889 1206.6439 1214.1895 1209.1128 1204.036 1198.9592 1197.9702 1204.1093 1205.3285 1197.0636 1190.0646 1185.772 1181.4794 1177.1867 1176.4273 1180.7226 1185.0178 1189.3131 1192.1346 1193.8458 1199.7796 1208.7488 1217.7181 1226.6873 1229.4022 1230.6209 1239.0242 1248.6691 1258.3141 1268.0713 1278.4948 1285.2053 1279.0546 1272.9039 1266.7532 1260.5181 1254.2036
-9999 1119.3118 1128.0001 1137.6964 1147.3928 1157.0891 1166.7855 1169.1392 1163.0187 1156.8982 1150.7776 1144.6571 1137.4608 1128.457 1130.4436 1132.4301 1134.4166 1136.4031 1138.574 1145.4467 1158.1214 1170.3764 1182.6314 1194.8865 1207.1415 1214.6871 1209.6104 1204.5336 1199.4568 1194.3801 1190.5477 1191.7669 1185.7749 1181.4822 1177.1896 1172.897 1168.6043 1167.8449 1172.1402 1176.4355 1180.7308 1185.026 1188.4476 1194.3814 1203.3506 1212.3199 1221.2891 1230.2584 1234.6087 1243.012 1252.657 1262.302 1271.947 1281.592 1288.2669 1282.1162 1275.9655 1269.8148 1263.6641 1257.4601
-9999 1121.6357 1131.332 1141.0283 1150.7247 1160.421 1170.1174 1169.5718 1163.4513 1157.3307 1151.2102 1145.0897 1138.9692 1133.468 1134.7289 1136.7154 1138.702 1140.6885 1142.675 1147.7665 1160.0216 1172.2766 1184.5317 1196.7867 1209.0417 1211.7483 1206.7845 1201.7077 1196.6309 1191.5542 1186.4774 1181.6685 1177.3758 1173.0832 1168.7906 1164.4979 1160.2053 1166.8851 1171.1804 1175.4757 1179.771 1184.0663 1188.2026 1189.2396 1198.2089 1207.1781 1216.1474 1225.1166 1234.0859 1243.6313 1253.2763 1262.9213 1272.5663 1282.2112 1284.7481 1278.5974 1272.4467 1266.296 1260.1453 1254.5506
-9999 1140.5382 1150.2346 1159.9309 1169.6273 1177.4346 1181.5849 1180.9672 1174.8467 1168.7261 1162.6056 1156.1859 1148.637 1142.9299 1140.9112 1140.8448 1142.8313 1144.8178 1146.8043 1151.8959 1164.1509 1176.406 1188.661 1199.7819 1202.371 1203.0083 1198.4145 1193.6 1188.5233 1183.4465 1178.3697 1173.5608 1169.2682 1164.9755 1160.6829 1159.7193 1170.1392 1178.0394 1182.3347 1186.63 1190.9253 1194.4829 1196.762 1196.8187 1195.2778 1202.4439 1211.4131 1220.3824 1229.3516 1238.897 1248.542 1258.187 1267.832 1270.4365 1270.7714 1264.6207 1258.47 1252.3193 1248.5155 1249.7457
-9999 1159.4408 1169.1372 1178.8335 1184.6798 1188.83 1192.9803 1192.3626 1186.2421 1180.1216 1173.1968 1165.6478 1158.0989 1152.3918 1150.3731 1148.3544 1146.9606 1148.9471 1150.9337 1156.0252 1168.2803 1180.5353 1188.4528 1191.0419 1193.631 1194.2683 1189.6745 1185.0807 1180.4156 1175.3388 1170.2621 1165.4531 1161.1605 1156.8679 1160.4536 1170.8736 1181.2936 1189.1938 1193.4891 1197.7843 1200.7632 1203.0423 1205.3213 1205.378 1203.8371 1202.2962 1206.6789 1215.6481 1224.6173 1234.1628 1243.8078 1252.0452 1254.2525 1256.4598 1256.7947 1250.644 1244.4933 1242.4805 1243.7106 1244.9408
-9999 1178.3434 1187.7747 1191.9249 1196.0752 1200.2255 1204.3757 1203.758 1197.6375 1190.2076 1182.6587 1175.1097 1167.5608 1161.8537 1159.835 1157.8163 1155.7976 1153.7789 1155.063 1160.1546 1172.4096 1177.1237 1179.7128 1182.3019 1184.891 1185.5284 1180.9346 1176.3408 1171.747 1167.1531 1162.1544 1157.3455 1153.0528 1161.188 1171.608 1182.0279 1192.4479 1200.3481 1204.6434 1207.0436 1209.3226 1211.6017 1213.8807 1213.9374 1212.3965 1210.8556 1209.3147 1210.9138 1219.8831 1229.4285 1235.8612 1238.0685 1240.2758 1242.4831 1242.818 1236.6673 1236.4454 1237.6756 1238.9057 1240.1359
-9999 1195.0198 1199.1701 1203.3203 1207.4706 1211.6209 1215.7711 1214.7675 1207.2185 1199.6695 1192.1206 1184.5716 1177.0226 1171.3155 1169.2969 1167.2782 1165.2595 1163.2408 1161.2221 1163.2056 1165.7947 1168.3838 1170.9729 1173.562 1176.1511 1176.7884 1172.1946 1167.6008 1163.007 1158.4132 1153.8194 1151.5024 1161.9224 1172.3423 1182.7623 1193.1823 1203.6022 1211.0448 1213.3239 1215.6029 1217.882 1220.161 1222.4401 1222.4968 1220.9559 1219.415 1217.8741 1216.3332 1215.1488 1219.6772 1221.8845 1224.0918 1226.2991 1228.5064 1229.1802 1230.4104 1231.6405 1232.8707 1234.1008 1235.331
-9999 1208.0743 1212.2246 1216.3748 1220.5251 1224.6753 1220.6082 1211.9725 1204.4235 1196.8746 1189.3256 1181.7767 1179.4565 1178.2839 1169.3886 1167.3699 1165.3512 1163.3325 1161.3138 1160.6885 1163.2776 1165.8667 1168.4558 1171.0449 1176.6163 1181.7729 1173.8812 1169.2874 1164.6935 1160.0997 1155.5059 1156.0403 1166.4603 1176.8803 1187.3002 1197.7202 1206.847 1212.4211 1214.7002 1216.9792 1219.2583 1221.5373 1225.6063 1223.8507 1219.888 1218.3472 1216.8063 1215.2654 1213.7245 1215.3794 1217.5867 1219.794 1222.0013 1224.8407 1228.677 1229.9071 1231.1372 1232.3674 1233.5975 1233.6719
