P1_models/J1_p1__temp2_slide_15.dat.tif
NCOLS 118
NROWS 92
XLLCORNER 139.62
YLLCORNER -39.07
DX 0.099491525
DY 0.099347826
NODATA_VALUE -9999
[rows 54 to 80 of 92, columns 0 to 59 of 118]
-9999 180.0604 180.86857 181.67673 182.4849 183.55494 184.6469 185.86266 187.22129 188.57992 189.93855 189.2394 187.99853 187.85104 189.8931 191.93517 190.2118 188.13773 186.06367 183.70009 180.66858 177.63707 174.60556 173.1678 172.44615 171.20144 168.5548 165.90816 165.74186 165.87036 165.99885 167.29619 170.84669 174.39719 177.94769 180.53141 182.85715 184.50446 185.18117 185.85789 186.5346 186.92081 187.28155 187.63623 187.98654 188.55883 189.68954 190.82025 191.95096 190.84664 189.35605 187.86545 186.52314 185.34079 184.20043 183.20551 182.2106 181.21568 183.37237 186.07463
-9999 181.41456 182.22272 183.10097 184.19293 185.28489 186.37685 187.59261 188.95124 190.00891 188.76804 187.52717 186.28629 186.1388 188.18087 190.22293 192.26499 191.78661 189.71254 187.34896 184.31745 181.28594 180.54683 179.82518 179.10354 177.85883 175.21219 172.56554 169.9189 168.97347 169.10196 170.3993 173.9498 177.41442 179.74016 182.0659 184.39164 186.03895 186.71567 187.33599 187.69673 188.05748 188.41822 188.7729 189.12321 189.47353 189.86059 190.9913 192.12202 191.01769 189.5271 188.25125 187.0689 185.88655 184.74619 183.75128 183.00802 185.71028 188.41254 191.1148
-9999 182.76871 183.73896 184.83092 185.92288 187.01484 188.1068 189.32256 189.53754 188.29667 187.0558 185.81493 184.57406 184.42656 186.46863 188.51069 190.55275 192.59482 193.36141 190.99783 188.6475 187.92586 187.20421 186.48256 185.76092 184.51621 181.86957 179.22293 176.57628 173.92964 172.20507 173.50241 176.62317 178.94891 181.27465 183.6004 185.92614 187.57344 188.11192 188.47266 188.8334 189.19415 189.55489 189.90956 190.25988 190.61019 190.96051 191.31082 192.29307 191.18875 189.97937 188.79702 187.61467 186.43232 185.29196 185.34593 188.04819 190.75045 193.45271 196.15498
-9999 184.66825 185.76021 186.85217 187.94413 189.03609 190.12805 190.28311 189.04224 187.80136 186.56049 185.31962 184.07875 183.03976 185.08182 187.12389 189.16595 191.20801 193.25008 194.45644 193.73479 193.01314 192.2915 191.56985 190.84821 190.81224 188.18846 185.54182 182.89517 180.24853 177.60189 176.65365 178.97939 181.30513 183.63087 185.95661 188.28235 188.56041 188.92116 189.2819 189.64264 190.00338 190.36413 190.96505 191.31537 191.66568 192.016 192.36631 192.71663 192.32363 191.14128 189.95893 188.77658 187.59423 186.80622 189.38652 192.08878 194.79104 197.49331 200.19557
-9999 187.68445 188.77641 189.86837 190.96033 192.04485 193.07695 193.30284 192.59824 191.46244 190.22157 188.9807 187.73983 186.60766 185.69316 186.84858 188.89064 190.93271 192.97477 194.18113 193.45949 192.73784 192.0162 191.29455 193.4474 194.76739 193.04315 190.70459 188.05795 185.41131 182.76466 181.81642 184.14216 186.4679 188.79365 191.08259 191.26168 190.66475 188.95761 188.97282 189.33356 189.6943 190.05505 190.90984 192.09359 192.44391 192.79422 193.14454 193.49485 194.24557 194.40762 193.22527 192.04292 190.86057 190.07256 190.6505 192.71534 195.4176 198.11986 200.82212
-9999 190.70065 191.79261 192.88457 193.94792 194.98003 196.01213 196.23801 195.53342 194.82882 193.88265 192.64178 191.40091 190.26873 189.35424 188.43975 188.61534 190.6574 192.69947 193.90583 193.18418 192.46254 192.49098 194.94677 197.40255 198.72253 196.99829 195.27406 193.22072 190.57408 187.92744 186.9792 189.30494 191.63068 193.25585 193.43493 193.61401 193.01708 191.30994 189.60281 189.02448 189.38522 189.74596 190.60075 191.81071 193.02067 193.57245 193.92276 194.27308 195.02379 195.84371 196.4916 195.30925 194.1269 193.33889 193.91683 194.49477 196.04415 198.74641 201.44867
-9999 193.71685 194.80881 195.851 196.8831 197.9152 198.9473 199.17319 198.46859 197.764 197.0594 196.30285 195.06198 193.92981 193.01532 192.10083 191.18633 190.3821 192.42416 193.63052 192.90888 193.99035 196.44613 198.90191 201.3577 202.67768 200.95344 199.2292 197.50496 195.73686 193.09021 192.14197 194.46771 195.4291 195.60818 195.78727 195.96635 195.36942 193.66228 191.95514 190.24801 189.07614 189.43688 190.29167 191.50163 192.71159 193.92154 194.70099 195.0513 195.80202 196.62193 197.44185 198.26177 197.39324 196.60523 197.18317 197.76111 198.33904 199.37297 202.07523
-9999 196.72197 197.75407 198.78617 199.81828 200.85038 201.88248 202.10836 201.40377 200.69917 199.99458 199.28998 198.58539 197.59089 196.6764 195.7619 194.84741 193.93292 193.01843 193.35522 195.48971 197.9455 200.40128 202.85706 205.31284 206.63283 204.90859 203.18435 201.46011 199.73587 198.01163 197.30475 197.60235 197.78143 197.96052 198.1396 198.31869 197.72175 196.01462 194.30748 192.60034 190.8932 189.18607 189.98259 191.19255 192.4025 193.61246 194.82242 195.82953 196.58024 197.40016 198.22008 199.03999 199.85991 199.87156 200.4495 201.02744 201.60538 202.18332 202.76126
-9999 197.56997 198.60207 199.63418 200.66628 201.69838 202.68541 201.95065 200.31569 199.61109 198.9065 198.2019 197.49731 196.89318 196.28299 195.36849 194.454 193.53951 192.62501 192.72964 195.18542 197.64121 200.09699 202.55277 204.66214 205.59695 205.94446 204.22022 202.49598 200.77175 199.04751 197.97338 198.15247 198.33155 198.51063 198.68972 198.6355 199.42383 199.85205 198.14492 196.43778 194.73064 193.0235 192.03129 192.73523 193.94518 195.15514 196.3651 197.57505 194.72672 195.48806 196.30798 197.12789 197.94781 199.20215 201.18046 201.75839 202.33633 202.91427 203.49221
-9999 197.51036 198.54246 199.57457 200.60667 201.5546 202.47612 201.74136 199.09505 196.7735 196.0689 195.36431 194.65971 194.05558 193.65264 193.21198 192.29749 191.383 190.4685 190.57313 193.02891 195.4847 197.94048 199.47476 200.19524 201.13005 202.63928 203.98664 202.26241 200.53817 198.81393 197.7398 197.91889 198.09797 198.27706 198.00008 197.45878 198.24711 200.93767 202.62815 200.92102 199.21388 197.50674 196.51453 196.03627 196.2931 197.50306 198.71302 199.92297 197.07464 193.52492 193.22599 194.0459 194.86582 196.12016 198.87927 201.38683 201.96477 202.54271 203.12065
-9999 197.45075 198.48286 199.50226 200.42378 201.3453 202.26682 201.53207 198.88576 196.23944 193.59313 192.52671 191.82212 191.21799 190.81505 190.41211 190.00917 189.22649 188.31199 188.41662 190.8724 193.32819 194.28737 195.00786 195.72834 196.66315 198.17238 199.68162 201.19085 200.30459 198.58035 197.50623 197.68531 197.86439 197.36467 196.82337 196.28206 197.0704 199.76095 202.45151 205.14207 203.69711 201.98998 200.99777 200.51951 200.04125 199.85098 201.06094 202.27089 199.42256 195.87285 192.32313 190.96391 191.78383 193.03817 195.79728 198.55639 201.3155 202.17115 202.74909
-9999 197.39114 198.37145 199.29297 200.21449 201.13601 202.05753 201.32277 198.67646 196.03015 193.38384 190.73753 188.98452 188.38039 187.97745 187.57451 187.17157 186.76863 186.15548 186.26011 188.37951 189.09999 189.82047 190.54096 191.26144 192.19625 193.70548 195.21472 196.72396 198.23319 198.34677 197.27265 197.27055 196.72925 196.18795 195.64665 195.10534 195.89368 198.58423 201.27479 203.96535 206.65591 206.47321 205.481 205.00275 204.52449 204.04623 203.56797 204.61881 201.77048 198.22077 194.67105 191.12133 188.70184 189.95618 192.71529 195.4744 198.23351 200.99263 202.37753
-9999 197.23299 198.15451 199.07603 199.99755 200.91907 201.84059 201.26548 198.61917 195.97286 193.32655 190.68024 188.03393 185.91451 185.51157 185.10863 184.70569 184.30274 183.8998 183.83657 184.55705 185.27754 185.99802 186.71851 187.43899 187.90796 189.4172 190.92643 192.43567 193.9449 195.45414 196.26298 195.72168 195.18038 194.63907 194.09777 193.55647 194.94867 197.63923 200.32979 203.02035 205.71091 208.40147 209.24603 208.76777 208.28951 207.81125 207.333 206.85474 203.75763 200.20792 196.6582 193.10849 189.55877 188.44162 191.20073 193.95985 196.71896 199.47807 202.23719
-9999 196.978 197.89952 198.82104 199.74256 200.69537 202.32148 201.96423 199.31792 196.67161 194.0253 191.37898 188.95878 186.81177 185.16883 184.49157 184.08862 183.68568 183.28274 183.21951 183.93999 184.66048 185.38096 186.10145 186.86234 187.24169 186.5756 187.52653 189.03576 190.545 192.05424 192.86308 192.32177 191.78047 191.23917 190.69787 192.74607 195.1562 197.84676 200.53732 203.22788 205.84553 207.67069 208.66128 208.9605 208.48225 208.00399 207.52573 207.04747 203.95037 200.40065 196.85094 193.30122 193.05742 194.72327 197.48239 200.2415 203.00061 205.58145 204.47017
-9999 196.723 197.64452 198.56604 199.768 201.39411 203.02023 202.66298 200.01667 197.37035 194.79011 192.39138 189.99266 187.84565 186.20271 184.55977 183.47156 183.06862 182.66568 182.60245 183.32293 184.04342 184.7716 185.541 186.3104 186.68975 186.02367 185.35758 185.63586 187.1451 188.65433 189.46317 188.92187 188.38057 188.52538 190.73949 192.9536 195.36373 198.05429 200.74485 203.11411 204.93926 206.76442 207.75501 208.14564 208.53628 208.19672 207.71847 207.24021 204.1431 200.59339 197.04367 197.98883 199.33907 201.00493 203.76404 206.52315 208.16485 207.05356 205.94228
-9999 196.46801 197.38953 198.84063 200.46674 202.09286 203.71897 203.36172 200.71541 198.22271 195.82399 193.42526 191.02654 188.87953 187.23659 185.59365 183.95072 182.45156 182.04862 181.98539 182.70587 183.45027 184.21967 184.98907 185.75847 186.13782 185.47173 184.80565 184.13956 183.74519 185.25443 186.06327 185.52197 186.5188 188.73291 190.94702 193.16113 195.57125 198.26181 200.38268 202.20783 204.03299 205.85814 206.84874 207.23937 207.63001 208.02064 207.9112 207.43294 204.33584 201.57 202.92024 204.27048 205.62072 207.28658 210.04569 210.74825 209.63696 208.52568 207.41439
-9999 196.28714 197.91326 199.53937 201.16549 202.79161 204.41772 204.06047 201.65531 199.25659 196.85787 194.45914 192.06042 189.91341 188.27047 186.62753 184.9846 183.34166 181.69872 181.36833 182.12894 182.89834 183.66774 184.43714 185.20654 185.58589 184.9198 184.25371 183.58763 182.92154 182.25545 182.66337 184.51222 186.72633 188.94044 191.15454 193.36865 195.77878 197.65125 199.47641 201.30156 203.12672 204.95187 205.94246 206.3331 206.72373 207.11437 207.505 207.62568 206.50141 207.85165 209.20189 210.55213 211.90237 213.56823 213.33165 212.22036 211.10908 209.99779 208.88651
-9999 197.1844 198.81051 200.43663 202.06275 203.68886 205.28167 206.65765 205.76522 203.3665 200.96777 198.56905 196.17032 193.91761 192.10472 190.46178 188.81884 187.17591 185.53297 184.61949 185.38889 186.15829 186.92769 187.69709 188.27973 188.15749 188.49473 187.82865 187.16256 186.49647 185.83038 186.14808 188.36218 190.57629 192.7904 195.00451 196.75034 198.87176 201.84749 203.67265 205.4978 207.32296 209.14811 209.34563 209.40453 209.79516 210.1858 210.57643 210.96707 213.27119 214.62143 215.97167 217.32192 218.67216 218.50084 214.84915 213.73787 212.62658 211.5153 210.40401
-9999 198.19436 199.82048 201.44659 203.07271 204.62866 206.15887 207.53485 208.73283 209.22282 206.8241 204.42538 202.02665 199.77394 197.81362 195.88595 194.24301 192.60007 190.95714 190.04366 190.81306 191.58246 192.35186 192.45292 191.89079 191.76856 192.82536 193.74661 193.08053 192.41444 191.74835 192.06605 194.28015 196.49426 198.70837 199.8563 200.30654 202.42796 206.94024 210.76586 212.59101 214.41617 216.24132 216.43884 215.46626 215.12495 215.51558 215.90622 216.29685 218.65772 221.35909 223.0186 224.36884 225.71908 225.54776 220.10593 215.28115 214.16986 213.05858 211.94729
-9999 199.20432 200.83044 202.44543 203.97564 205.50585 207.03607 208.41205 209.61002 210.808 212.00597 210.2817 207.88298 205.63027 203.66995 201.70964 199.74932 198.02424 196.3813 195.46782 196.23722 197.00662 196.62611 196.06399 195.50186 195.37963 196.43643 197.49323 198.55004 198.33241 197.66632 197.98402 200.19812 202.41223 202.96226 203.4125 203.86274 205.98416 210.49644 215.00873 219.52101 221.50937 223.33453 223.53205 222.55947 221.5869 220.84537 221.236 221.62664 223.9875 226.68888 229.39025 231.41576 232.766 232.59468 227.15285 221.71102 216.26919 214.60186 213.49057
-9999 200.21428 201.79241 203.32263 204.85284 206.38305 207.91326 209.28924 210.48722 211.68519 212.88317 214.08115 213.73931 211.4866 209.52628 207.56597 205.60565 203.64534 201.80547 200.89199 201.36144 200.79931 200.23718 199.67506 199.11293 198.9907 200.0475 201.1043 202.1611 203.21791 203.58429 203.90198 205.61797 206.06821 206.51846 206.9687 207.41894 209.54036 214.05264 218.56493 223.07721 227.5895 230.42774 230.62525 229.65268 228.68011 227.70753 226.73496 226.95642 229.31729 232.01866 234.72003 237.42141 239.81292 239.6416 234.19977 228.75794 223.31611 217.87428 215.03385
-9999 201.00044 202.53065 204.06087 205.59108 207.12129 208.6515 209.50728 210.70526 211.90323 213.10121 214.29918 215.49716 216.4737 214.51339 212.55308 210.59276 208.63245 206.67213 205.13461 204.57248 204.01035 203.44823 202.8861 202.32397 202.64933 203.70268 204.75949 205.81629 206.87309 207.92989 208.77951 209.22976 209.68 210.13024 210.58048 211.03072 212.36748 216.87976 221.39204 225.90433 230.41661 234.9289 235.61147 234.6389 233.66632 232.69375 231.72118 230.7486 231.73465 234.43603 237.1374 239.83877 242.54014 244.90182 239.7354 234.29357 228.85173 223.4099 217.96807
-9999 201.21268 202.7429 204.27311 205.80332 207.22301 207.95158 208.43544 208.63687 209.62614 210.82411 212.02209 213.22006 214.33815 215.29625 214.24989 212.28958 210.32926 208.36895 206.83142 206.2693 205.70717 205.14504 204.58291 205.83819 207.04208 207.67276 208.58167 209.63847 210.69527 211.75208 212.6017 213.05194 213.50218 213.95242 214.32235 212.1128 212.60822 216.9735 221.45933 225.97161 230.4839 234.99618 234.9428 231.64943 230.67686 229.70428 228.73171 227.75914 226.15022 225.82889 228.53026 231.23164 233.93301 236.29469 237.4797 234.10842 228.66659 223.22476 217.78292
-9999 201.42493 202.95514 204.48535 205.59692 206.32549 207.05406 207.53792 207.73935 207.94078 208.54701 209.74499 210.94297 212.06105 213.01916 213.97726 213.98639 212.02608 210.06576 208.52824 207.96611 207.40398 207.39544 208.81319 210.23095 211.43484 212.06551 212.69619 213.46065 214.51746 215.57426 216.42388 216.87412 217.32436 216.7927 214.58314 212.37359 212.86901 217.23429 221.59956 226.0389 230.55118 235.06347 235.01008 231.6745 228.33891 226.71482 225.74224 224.76967 223.16076 221.44186 219.92313 222.6245 225.32588 227.68755 228.87257 230.05758 228.48144 223.03961 217.59778
-9999 201.63717 203.16738 203.97083 204.6994 205.42797 206.15654 206.6404 206.84183 207.04326 207.24469 207.46789 208.66587 209.78396 210.74206 211.70016 212.65827 213.61637 211.76258 210.22505 209.66293 210.37044 211.78819 213.20595 214.6237 215.82759 216.45827 217.08894 217.71962 218.35029 219.39644 220.24606 220.6963 219.26304 217.05348 214.84393 212.63437 213.1298 217.49507 221.86035 226.22563 230.61847 235.13075 235.07737 231.74178 228.4062 225.07062 222.75278 221.78021 220.17129 218.4524 216.7335 215.01461 216.71874 219.08042 220.26543 221.45045 222.63546 222.85446 217.41263
-9999 201.61617 202.34474 203.07331 203.80188 204.53045 205.25902 205.74288 205.94431 206.14574 206.34717 206.5486 206.75003 207.50686 208.46496 209.42306 210.38117 211.33927 212.29737 211.92769 213.34544 214.76319 216.18095 217.5987 219.01646 220.22035 220.85102 221.4817 222.11237 222.74305 223.37372 223.94294 221.73338 219.52383 217.31427 215.10472 212.89516 213.39059 217.75586 222.12114 226.48641 230.85169 235.21697 235.14465 231.80907 228.47349 225.1379 221.80232 218.79074 217.18182 215.46293 213.74403 212.02514 210.30625 210.47328 211.6583 212.84331 214.02833 215.21334 216.39836
-9999 204.15779 204.88636 205.61493 206.3435 207.07207 205.7776 204.41435 204.69438 204.89581 205.09724 205.29867 205.5001 205.81945 206.47404 207.43214 208.39024 209.34835 210.30645 211.40354 212.8213 214.23905 215.65681 217.07456 218.32657 219.02871 219.17483 219.80551 220.43618 221.06686 221.69753 221.35808 219.14852 216.93897 214.72941 212.51986 211.15937 211.11993 213.03705 217.40233 221.7676 226.13288 230.49816 232.21285 230.29495 226.95937 223.62379 220.2882 216.95262 216.79102 215.41289 213.694 211.9751 210.25621 209.00537 209.5465 210.73152 211.91653 213.10155 214.28656
