P1_models/J1_p1_vp_slide_diff_260.dat.tif
NCOLS 118
NROWS 92
XLLCORNER 139.62
YLLCORNER -39.07
DX 0.099491525
DY 0.099347826
NODATA_VALUE -9999
[rows 27 to 53 of 92, columns 0 to 59 of 118]
-9999 8.4544121 8.4578519 8.4611355 8.4634888 8.4658422 8.4681956 8.4695501 8.4697519 8.4699537 8.4701554 8.4696631 8.4689804 8.4668832 8.4619534 8.4570236 8.4520938 8.4509078 8.4512229 8.4509356 8.4492586 8.4475817 8.4469474 8.4464406 8.4459339 8.4462645 8.4488393 8.4514141 8.4539889 8.4542204 8.4535077 8.4539642 8.4566742 8.4593843 8.4530512 8.4464416 8.439832 8.4398726 8.4494274 8.4589822 8.468537 8.4634847 8.4570373 8.4437919 8.4256595 8.407527 8.3910326 8.3843146 8.3775967 8.38136 8.3869347 8.3925094 8.4019398 8.4156371 8.4262895 8.4263945 8.4264995 8.4266045 8.4160902 8.4036438
-9999 8.4559446 8.4589066 8.46126 8.4636133 8.4659667 8.4683201 8.4696746 8.4698764 8.4700782 8.4702799 8.4704817 8.4702512 8.468154 8.4632242 8.4582944 8.4533646 8.4484348 8.4458078 8.4455205 8.4440375 8.4435307 8.443024 8.4425172 8.4420105 8.4423411 8.4449159 8.4474907 8.4500655 8.4526403 8.4537052 8.4541616 8.4547856 8.448176 8.4415664 8.4349568 8.4283472 8.4283878 8.4379426 8.4474974 8.4570522 8.466607 8.4652713 8.4520259 8.4338935 8.4157611 8.3976287 8.3794962 8.3720076 8.3757709 8.3813456 8.3869204 8.3924951 8.4003841 8.4110364 8.4111414 8.4112464 8.4113514 8.4114564 8.403324
-9999 8.455298 8.4576513 8.4600047 8.4623581 8.4647115 8.4670649 8.4690023 8.469204 8.4694058 8.4696075 8.4698093 8.470011 8.468997 8.4640672 8.4591374 8.4542076 8.4492778 8.444348 8.4407557 8.4402489 8.4397422 8.4392355 8.4387287 8.438222 8.4376839 8.4402587 8.4428335 8.4454084 8.4479832 8.450558 8.4499957 8.4433861 8.4367765 8.4301669 8.4235572 8.4169476 8.4167564 8.4263112 8.4358659 8.4454207 8.4549755 8.4645303 8.4597813 8.4416489 8.4235165 8.405384 8.3872516 8.3691192 8.3699739 8.3755486 8.3811234 8.3866981 8.3922728 8.3969984 8.3971034 8.3972084 8.3973134 8.3974184 8.3975234
-9999 8.4426844 8.4450378 8.4473911 8.4497445 8.4520979 8.4614505 8.4652886 8.4619715 8.4621733 8.462375 8.4625768 8.4627785 8.4624611 8.4611041 8.4564593 8.4515295 8.4465997 8.4416699 8.4380775 8.4375708 8.437064 8.4365573 8.4360505 8.4371121 8.4367397 8.4305873 8.4321361 8.4347109 8.4372857 8.4398605 8.4392982 8.4326886 8.426079 8.4194694 8.4128598 8.4357634 8.4413583 8.4134727 8.4230275 8.4325823 8.442137 8.4516918 8.4531393 8.4454638 8.4273314 8.409199 8.3910666 8.3729342 8.3669003 8.3680398 8.3736146 8.3791893 8.384764 8.3897673 8.3927913 8.3931725 8.3932775 8.3933825 8.3934875
-9999 8.4300708 8.4324242 8.4347776 8.4386588 8.448784 8.4589091 8.4627472 8.4593293 8.4559113 8.4551425 8.4553442 8.455546 8.4552286 8.4538715 8.4525145 8.4488513 8.4439215 8.4389917 8.4353994 8.4348926 8.4343859 8.4338791 8.4355701 8.4373543 8.436982 8.4308295 8.4246771 8.4240135 8.4265883 8.4291631 8.4286008 8.4219912 8.4153816 8.4107698 8.4410197 8.4712697 8.4768646 8.4471868 8.4175089 8.4197438 8.4292986 8.4388533 8.4403008 8.43592 8.4311464 8.4130139 8.3948815 8.3767491 8.3707153 8.3667724 8.3661058 8.3716805 8.3772552 8.3822585 8.3852825 8.3883066 8.3892417 8.3893467 8.3894517
-9999 8.4174572 8.4198106 8.4259923 8.4361174 8.4462426 8.4563677 8.4602058 8.4567879 8.4533699 8.449952 8.4481117 8.4483135 8.4479961 8.446639 8.4452819 8.4439249 8.4412433 8.4363135 8.4327212 8.4322144 8.4322439 8.4340281 8.4358123 8.4375966 8.4372242 8.4310718 8.4249193 8.4187668 8.4158909 8.4184657 8.4179034 8.4112938 8.4160261 8.446276 8.476526 8.506776 8.5123708 8.482693 8.4530152 8.4233374 8.4164601 8.4260149 8.4274623 8.4230816 8.4187008 8.41432 8.3986965 8.3805641 8.3745302 8.3705873 8.3666445 8.3641717 8.3697464 8.3747497 8.3777738 8.3807978 8.3838218 8.3853108 8.3854158
-9999 8.4048436 8.4133258 8.4234509 8.433576 8.4437012 8.4538263 8.4576644 8.4542465 8.4508285 8.4474106 8.4439927 8.441081 8.4407636 8.4394065 8.4380494 8.4366924 8.4353353 8.4336354 8.430043 8.4307019 8.4324861 8.4342704 8.4360546 8.4378388 8.4374664 8.431314 8.4251615 8.4190091 8.4128566 8.4077682 8.4072059 8.4212824 8.4515323 8.4817823 8.5120323 8.5422823 8.5478771 8.5181993 8.4885215 8.4588437 8.4291659 8.4131764 8.4146238 8.4102431 8.4058623 8.4014815 8.3971008 8.384379 8.3783452 8.3744023 8.3704594 8.3665165 8.3625736 8.367241 8.370265 8.373289 8.376313 8.379337 8.38138
-9999 8.4012945 8.4114197 8.4215448 8.43167 8.4417951 8.4519202 8.4571618 8.4530641 8.4496462 8.4462283 8.4428103 8.4393924 8.4390532 8.4388353 8.4374782 8.4361211 8.4347641 8.433407 8.4329998 8.434784 8.4365683 8.4383525 8.4401367 8.4419209 8.4355237 8.4332303 8.4270779 8.4209254 8.4147729 8.4086205 8.4149019 8.4451519 8.4754019 8.5056518 8.5359018 8.5661518 8.5697991 8.5426985 8.5130207 8.4833429 8.4536651 8.4239873 8.4042219 8.3998412 8.3954604 8.3910796 8.3866989 8.3823181 8.3828179 8.378875 8.3749321 8.3709892 8.3670463 8.3636021 8.3655128 8.3685368 8.3715608 8.3745848 8.3776088
-9999 8.4004363 8.4105614 8.4206865 8.4308117 8.446857 8.4775228 8.4835028 8.4609922 8.4507053 8.4472874 8.4438695 8.4404515 8.4401123 8.4459386 8.4478933 8.4465362 8.4451792 8.4438221 8.4434149 8.4451991 8.4469834 8.4487676 8.4490822 8.4285372 8.4168558 8.428931 8.4317552 8.4256027 8.4194503 8.4132978 8.4195793 8.4498292 8.4800792 8.5103292 8.5338376 8.5256977 8.5253084 8.5360073 8.5193662 8.4896884 8.4600106 8.4303328 8.4093873 8.3947193 8.3890771 8.3846963 8.3803155 8.3759348 8.3803026 8.3844324 8.3804895 8.3765466 8.3726037 8.3691595 8.3674426 8.3683309 8.371355 8.374379 8.377403
-9999 8.399578 8.4097031 8.4198283 8.4425323 8.473198 8.5038638 8.5098438 8.4873332 8.4648227 8.4483465 8.4449286 8.4415106 8.4411715 8.4469977 8.4528239 8.4569514 8.4555943 8.4542372 8.45383 8.4556143 8.4573985 8.4509593 8.4304143 8.4098693 8.3981879 8.4102631 8.4223384 8.4302801 8.4241276 8.4179752 8.4242566 8.4545066 8.4847566 8.4974868 8.4893469 8.481207 8.4808176 8.4915165 8.5022155 8.4960339 8.4663561 8.4366783 8.4157328 8.4010648 8.3863968 8.378313 8.3739322 8.3695515 8.3739192 8.379799 8.3856788 8.3821041 8.3781612 8.3747169 8.373 8.3712831 8.3711491 8.3741731 8.3771972
-9999 8.3987197 8.4088448 8.4382076 8.4688733 8.499539 8.5302048 8.5361848 8.5136742 8.4911637 8.4686532 8.4461426 8.4425698 8.4422306 8.4480568 8.4538831 8.4597093 8.4655355 8.4646523 8.4642451 8.4660294 8.4528364 8.4322914 8.4117464 8.3912014 8.37952 8.3915952 8.4036705 8.4157457 8.427821 8.4226525 8.4289339 8.4591839 8.461136 8.452996 8.4448561 8.4367162 8.4363268 8.4470258 8.4577247 8.4684237 8.4727017 8.4430238 8.4220783 8.4074103 8.3927423 8.3780743 8.3675489 8.3631681 8.3675359 8.3734157 8.3792955 8.3851752 8.3837186 8.3802744 8.3785574 8.3768405 8.3751236 8.3739673 8.3769913
-9999 8.4032171 8.4338828 8.4645486 8.4952143 8.52588 8.5565458 8.5625258 8.5400152 8.5175047 8.4949942 8.4724836 8.4499731 8.4432897 8.449116 8.4549422 8.4607684 8.4665946 8.4724209 8.4746603 8.4547135 8.4341685 8.4136235 8.3930785 8.3725335 8.3608521 8.3729274 8.3850026 8.3970778 8.4091531 8.4212283 8.4329251 8.4247851 8.4166452 8.4085053 8.4003654 8.3922254 8.3918361 8.402535 8.413234 8.4239329 8.4346318 8.4453308 8.4284238 8.4137558 8.3990878 8.3844198 8.3697518 8.3567848 8.3611526 8.3670324 8.3729122 8.3787919 8.3846717 8.3858318 8.3841149 8.3823979 8.380681 8.3789641 8.3772471
-9999 8.4100992 8.4407649 8.4714307 8.5020964 8.5327621 8.5514707 8.5433314 8.5208208 8.4983103 8.4757998 8.4532893 8.4366339 8.4346494 8.4385179 8.4443442 8.4501704 8.4559966 8.4618228 8.4596748 8.4391298 8.4185848 8.3980398 8.3774948 8.364212 8.3657731 8.356802 8.3688772 8.3809525 8.3930277 8.4051029 8.4102733 8.4021334 8.3939935 8.3858536 8.3777136 8.3747674 8.3826741 8.393373 8.404072 8.4147709 8.4254699 8.429531 8.4279314 8.4178432 8.4031751 8.3885071 8.3738391 8.3591711 8.362023 8.3679027 8.3737825 8.3796623 8.3860109 8.3929365 8.3912195 8.3895026 8.3877857 8.3860687 8.3901082
-9999 8.4104001 8.4410658 8.4717315 8.5023973 8.5125629 8.5168756 8.5087363 8.4862258 8.4637152 8.4412047 8.4304339 8.4260758 8.4240913 8.4268598 8.4298035 8.4356298 8.441456 8.4472822 8.4451342 8.4245892 8.4040442 8.3834992 8.3791816 8.3882775 8.3898386 8.3712047 8.3536118 8.365687 8.3777623 8.3898375 8.3950079 8.386868 8.3787281 8.3705881 8.3715991 8.3775541 8.3854608 8.3961597 8.4068587 8.4175576 8.4183286 8.4163264 8.4147268 8.4134167 8.4064988 8.3918307 8.3771627 8.3624947 8.3653466 8.3712263 8.3771061 8.3842183 8.3936389 8.4005645 8.3988475 8.3971306 8.3954136 8.4019169 8.4116258
-9999 8.4107009 8.4413666 8.4693424 8.4736551 8.4779678 8.4822805 8.4741412 8.4516307 8.4291202 8.4242339 8.4198758 8.4155178 8.4135332 8.4163017 8.4190702 8.4218388 8.4269153 8.4327416 8.4305935 8.4100485 8.3895035 8.3941513 8.4032471 8.412343 8.4139041 8.3952702 8.3766362 8.3580023 8.3624968 8.3745721 8.3797425 8.3716025 8.3634626 8.3684308 8.3743858 8.3803408 8.3882475 8.3989465 8.4091283 8.4071261 8.405124 8.4031218 8.4015222 8.4002121 8.3989019 8.3951544 8.3804863 8.3658183 8.3686702 8.37455 8.3824256 8.3918463 8.4012669 8.4081924 8.4064755 8.4047585 8.4137256 8.4234345 8.4331435
-9999 8.4110018 8.4304346 8.4347473 8.43906 8.4433727 8.4476855 8.4395462 8.4223919 8.4180338 8.4136758 8.4093177 8.4049597 8.4029751 8.4057436 8.4085122 8.4112807 8.4140492 8.4182009 8.4160529 8.4000251 8.4091209 8.4182168 8.4273126 8.4364085 8.4379696 8.4193357 8.4007017 8.3820678 8.3634339 8.3593066 8.364477 8.3593075 8.3652625 8.3712175 8.3771725 8.3831275 8.3910342 8.3979259 8.3959237 8.3939215 8.3919193 8.3899172 8.3883176 8.3870074 8.3856973 8.3843871 8.383077 8.3691419 8.3719938 8.380633 8.3900536 8.3994742 8.4088948 8.4158204 8.4158253 8.4255343 8.4352432 8.4449522 8.4546611
-9999 8.394773 8.3990857 8.4033984 8.4077111 8.4120239 8.4163366 8.4227055 8.4183474 8.4139894 8.4096313 8.4052733 8.4009152 8.3926139 8.3953824 8.3981509 8.4009194 8.403688 8.4064565 8.4111383 8.4202341 8.42933 8.4384258 8.4475217 8.4566175 8.4586139 8.4399799 8.421346 8.4027121 8.3840782 8.3654443 8.3552091 8.3611641 8.3671191 8.3730741 8.3790291 8.3849841 8.3887641 8.3867619 8.3847597 8.3827575 8.3807554 8.3787532 8.37673 8.3754198 8.3741097 8.3727995 8.3714894 8.3701793 8.3761845 8.3856051 8.3950257 8.4044463 8.413867 8.4227826 8.4324916 8.4422005 8.4519095 8.4616184 8.4713274
-9999 8.387907 8.3922197 8.3965324 8.4008452 8.4051579 8.4165285 8.4359774 8.4634292 8.4590711 8.4547131 8.450355 8.4459969 8.4299149 8.3903549 8.3892743 8.3920428 8.3948113 8.3975799 8.4022617 8.4113575 8.4204534 8.4295492 8.438645 8.4427929 8.4419456 8.4335104 8.4161873 8.3975534 8.3789195 8.3602856 8.3500504 8.3560054 8.3619604 8.3679154 8.3738704 8.3841595 8.3908825 8.3909886 8.3889864 8.3869843 8.3849821 8.3829799 8.379642 8.376028 8.3747178 8.3734077 8.3720975 8.3707874 8.3673994 8.3705468 8.3799674 8.389388 8.3988086 8.4073778 8.4129978 8.4222773 8.4319862 8.4416952 8.4514041
-9999 8.381041 8.3853537 8.3896664 8.3955885 8.4076407 8.4196929 8.4391417 8.4671274 8.4951131 8.4997948 8.4954367 8.4910787 8.4749966 8.4354366 8.3958767 8.3831662 8.3859347 8.3887032 8.393385 8.4024809 8.4115767 8.4206726 8.4228664 8.4248501 8.4240027 8.4155676 8.4071324 8.3923947 8.3737608 8.3551269 8.3448917 8.3508467 8.3568017 8.3631047 8.3743995 8.3856943 8.3924173 8.3925997 8.392782 8.391211 8.3892088 8.3872066 8.3838687 8.3795705 8.375326 8.3740158 8.3727057 8.3713955 8.3680075 8.3642604 8.364909 8.3743296 8.3837502 8.3923194 8.3979394 8.4035594 8.412063 8.4217719 8.4314809
-9999 8.374175 8.3784877 8.3867007 8.3987528 8.410805 8.4228572 8.4423061 8.4702917 8.4982774 8.5262631 8.5405184 8.5361604 8.5200783 8.4805184 8.4409584 8.4013984 8.3770581 8.3798266 8.3845084 8.3936043 8.4009561 8.4029398 8.4049235 8.4069072 8.4060599 8.3976247 8.3891895 8.3807543 8.3686021 8.3499682 8.339733 8.345688 8.3533447 8.3646395 8.3759343 8.3872292 8.3939522 8.3941345 8.3943168 8.3944992 8.3934355 8.3914333 8.3880954 8.3837972 8.379499 8.3752008 8.3733138 8.3720037 8.3686157 8.3648686 8.3611215 8.3592712 8.3686918 8.377261 8.382881 8.3885011 8.3941211 8.4018487 8.4115576
-9999 8.367309 8.3778128 8.389865 8.4019172 8.4139693 8.4260215 8.4454704 8.4734561 8.5014417 8.5294274 8.5574131 8.5812421 8.5651601 8.5256001 8.4860401 8.4464801 8.4069201 8.37095 8.3756318 8.3810296 8.3830133 8.384997 8.3869807 8.3889644 8.388117 8.3796819 8.3712467 8.3628115 8.3543763 8.3448095 8.3345744 8.3435847 8.3548795 8.3661743 8.3774692 8.388764 8.395487 8.3956693 8.3958517 8.396034 8.3962163 8.3956601 8.3923221 8.3880239 8.3837257 8.3794275 8.3751293 8.3726118 8.3692238 8.3654767 8.3617296 8.3579825 8.3542354 8.3622026 8.3678226 8.3734427 8.3790627 8.3846827 8.3916344
-9999 8.3766986 8.3887507 8.4008029 8.4128551 8.4249073 8.4369594 8.4393575 8.4673432 8.4953288 8.5233145 8.5513001 8.5792858 8.588153 8.5543251 8.5147651 8.4752051 8.4356451 8.3960851 8.3690873 8.371071 8.3730547 8.3750384 8.3770221 8.3790058 8.3794391 8.370799 8.3623638 8.3539286 8.3454934 8.3370582 8.3353621 8.346657 8.3579518 8.3692466 8.3805414 8.3918362 8.4005815 8.4007639 8.4009462 8.4011286 8.4013109 8.4007419 8.3964661 8.3921679 8.3878697 8.3835715 8.3792733 8.3749751 8.3711468 8.3673997 8.3636526 8.3599055 8.3561584 8.3553112 8.3609312 8.3665513 8.3721713 8.3777913 8.3829325
-9999 8.3999906 8.4120427 8.4240949 8.4361471 8.4370903 8.4165267 8.4185009 8.4464865 8.4744722 8.5024578 8.527575 8.5418638 8.5487563 8.5408373 8.5174954 8.4779354 8.4383754 8.3988154 8.3718176 8.3738013 8.375785 8.3777687 8.3800989 8.3850359 8.3861013 8.3767903 8.3678794 8.3594442 8.351009 8.3425738 8.3408777 8.3521725 8.3634673 8.3747622 8.386962 8.4022563 8.4113334 8.4115158 8.4116981 8.4118804 8.4085762 8.399229 8.3953606 8.395431 8.3918823 8.3875841 8.3832858 8.3789876 8.3751593 8.3714122 8.3676651 8.363918 8.3617518 8.361399 8.367019 8.3726391 8.3782591 8.381858 8.381122
-9999 8.4232825 8.4353347 8.4473869 8.4367972 8.4162336 8.39567 8.3976442 8.4256299 8.4536155 8.4738895 8.4881783 8.5024671 8.5093596 8.5014405 8.4935215 8.4806657 8.4411057 8.4015457 8.3745479 8.3765316 8.3785153 8.3818243 8.3867612 8.3916981 8.3927636 8.3834525 8.3741415 8.3649597 8.3565245 8.3480893 8.3463933 8.3576881 8.3689829 8.3824194 8.3977138 8.4130082 8.4220853 8.4222676 8.42245 8.4164105 8.4070633 8.397716 8.3938477 8.393918 8.3939884 8.3915966 8.3872984 8.3830002 8.3791719 8.3754248 8.3719937 8.3699167 8.3678396 8.3674868 8.3731069 8.3787269 8.3807835 8.3800475 8.3793114
-9999 8.4465745 8.4570678 8.4365042 8.4159406 8.395377 8.3748134 8.3767876 8.4047732 8.420204 8.4344928 8.4487816 8.4630704 8.4699629 8.4620438 8.4541248 8.4462058 8.4382867 8.404276 8.3772782 8.3792619 8.3835496 8.3884865 8.3934235 8.3983604 8.3994259 8.3901148 8.3808037 8.3714927 8.3621816 8.3536049 8.3519088 8.3632037 8.3778769 8.3931713 8.4084657 8.4237601 8.4328371 8.4330195 8.4242448 8.4148975 8.4055503 8.3962031 8.3923347 8.3924051 8.3924754 8.3925458 8.3913109 8.3870127 8.3831844 8.3801586 8.3780815 8.3760045 8.3739274 8.3735746 8.3791947 8.379709 8.378973 8.3782369 8.3775009
-9999 8.4567747 8.4362111 8.4156475 8.3950839 8.3745204 8.3539568 8.3522298 8.3665186 8.3808073 8.3950961 8.4093849 8.4236737 8.4305661 8.4226471 8.4147281 8.4068091 8.39889 8.390971 8.380338 8.3852749 8.3902118 8.3951488 8.4000857 8.4050227 8.4060881 8.3967771 8.387466 8.3781549 8.3688439 8.3595328 8.35804 8.3733344 8.3886288 8.4039232 8.4192175 8.4345119 8.4414263 8.432079 8.4227318 8.4133846 8.4040374 8.3946901 8.3908218 8.3908921 8.3909625 8.3910328 8.3911031 8.3910253 8.3883235 8.3862464 8.3841693 8.3820923 8.3800152 8.3793706 8.3786345 8.3778985 8.3771624 8.3764264 8.3756903
-9999 8.4541223 8.4335588 8.4129952 8.3924316 8.371868 8.356451 8.3566732 8.370962 8.3852508 8.3995395 8.4138283 8.4253969 8.4267588 8.4149635 8.4070445 8.3991254 8.3912064 8.3832874 8.3792558 8.3841927 8.3891297 8.3940666 8.3990035 8.4048203 8.4078547 8.3995022 8.3901911 8.3808801 8.371569 8.362258 8.3613513 8.3766457 8.3919401 8.4072345 8.4225288 8.433929 8.4345789 8.4252317 8.4158844 8.4065372 8.39719 8.3900363 8.3913637 8.3945631 8.3946334 8.3947038 8.3947741 8.3948444 8.3930838 8.3910068 8.3889297 8.3868526 8.3841244 8.380444 8.3797079 8.3789719 8.3782358 8.3774997 8.3670779
