P1_models/J1_p1__temp2_slide_80.dat.tif
NCOLS 118
NROWS 92
XLLCORNER 139.62
YLLCORNER -39.07
DX 0.099491525
DY 0.099347826
NODATA_VALUE -9999
[rows 54 to 80 of 92, columns 0 to 59 of 118]
-9999 797.85763 802.85374 807.84984 812.84595 818.30742 823.80783 830.22955 837.71458 845.1996 852.68463 850.03157 844.70959 844.97709 856.43785 867.89861 860.97713 852.34359 843.71005 833.04658 817.70002 802.35345 787.00688 780.37199 777.65156 771.76736 757.40349 743.03961 740.91544 740.24598 739.57652 744.394 759.78854 775.18309 790.57763 801.28112 810.73282 816.89554 818.35292 819.8103 821.26768 821.33181 821.27384 822.37898 824.32029 826.96062 831.35955 835.75847 840.15739 837.60629 833.85404 830.10179 826.50748 823.08355 819.74065 816.67844 813.61624 810.55403 823.38582 838.96904
-9999 803.37446 808.37057 813.49121 818.99163 824.49204 829.99245 836.41417 843.8992 849.90148 844.5795 839.25752 833.93553 834.20303 845.6638 857.12456 868.58532 867.74164 859.1081 848.44463 833.09807 817.7515 814.93556 812.21513 809.4947 803.6105 789.24662 774.88274 760.51887 754.54991 753.88045 758.69793 774.09247 789.07032 798.52202 807.97371 817.42541 823.58813 825.04551 826.23245 826.17447 826.11649 826.05851 827.16366 829.10497 831.04627 833.10332 837.50224 841.90116 839.35006 835.59781 832.0743 828.65037 825.22644 821.88354 818.82133 817.02827 832.61149 848.1947 863.77792
-9999 808.89129 814.17542 819.67583 825.17624 830.67666 836.17707 842.59879 844.4494 839.12742 833.80544 828.48346 823.16148 823.42898 834.88974 846.3505 857.81126 869.27202 874.50614 863.84268 852.21955 849.49912 846.77869 844.05826 841.33783 835.45364 821.08976 806.72588 792.362 777.99813 768.18438 773.00186 786.31121 795.76291 805.2146 814.6663 824.11799 830.28072 831.07511 831.01713 830.95915 830.90117 830.84319 831.94834 833.88965 835.83095 837.77226 839.71357 843.64493 841.09383 837.64111 834.21718 830.79326 827.36933 824.02643 826.25394 841.83715 857.42037 873.00358 888.5868
-9999 816.67865 822.17906 827.67947 833.17989 838.6803 844.18072 845.3147 839.99272 834.67074 829.34876 824.02678 818.7048 814.8453 826.30606 837.76682 849.22758 860.68834 872.1491 879.32168 876.60125 873.88082 871.16039 868.43996 865.71953 865.89676 851.72756 837.36368 822.9998 808.63593 794.27205 788.04279 797.49448 806.94618 816.39787 825.84957 835.30126 834.78175 834.72377 834.66579 834.60781 834.54983 834.49185 836.806 838.7473 840.68861 842.62992 844.57122 846.51253 846.47562 843.05169 839.62776 836.20383 832.7799 831.11697 846.06027 861.64349 877.22671 892.80992 908.39314
-9999 830.8951 836.39551 841.89593 847.39634 852.70302 856.64582 858.00657 856.3873 851.7908 846.46882 841.14684 835.82486 831.53401 829.30805 836.66428 848.12504 859.5858 871.04656 878.21914 875.49871 872.77828 870.05785 867.33742 876.3997 882.13505 875.62527 863.88469 849.52082 835.15694 820.79306 814.5638 824.0155 833.46719 842.91889 852.19239 851.24705 846.46629 836.19842 834.43442 834.37644 834.31846 834.26048 837.82102 843.85422 845.79553 847.73684 849.67814 851.61945 856.85235 859.62291 856.19898 852.77505 849.35112 847.68819 852.12516 864.36385 879.94707 895.53029 911.1135
-9999 845.11155 850.61197 856.11238 860.86829 864.81109 868.75389 870.11464 868.49537 866.87611 863.58888 858.2669 852.94492 848.65406 846.42811 844.20215 847.0225 858.48326 869.94402 877.1166 874.39617 871.67574 872.02998 882.33398 892.63799 898.37334 891.86356 885.35378 876.04183 861.67795 847.31407 841.08481 850.53651 859.9882 866.04676 865.10142 864.15608 859.37533 849.10746 838.83959 834.14507 834.08709 834.02911 837.58965 843.75149 849.91333 852.84376 854.78506 856.72637 861.95927 867.76105 872.77019 869.34626 865.92233 864.25941 868.69637 873.13334 882.66743 898.25065 913.83386
-9999 859.32801 864.82842 869.03356 872.97636 876.91916 880.86196 882.22271 880.60345 878.98418 877.36492 875.38696 870.06498 865.77412 863.54817 861.32221 859.09625 857.38072 868.84148 876.01406 873.29363 877.96426 888.26827 898.57227 908.87628 914.61163 908.10185 901.59207 895.08229 888.19896 873.83508 867.60583 877.05752 879.90113 878.9558 878.01046 877.06512 872.28436 862.01649 851.74863 841.48076 833.85572 833.79774 837.35828 843.52012 849.68196 855.8438 859.89198 861.83329 867.06619 872.86797 878.66974 884.47152 882.49355 880.83062 885.26759 889.70456 894.14152 900.97101 916.55423
-9999 873.25603 877.19883 881.14163 885.08443 889.02723 892.97003 894.33078 892.71152 891.09225 889.47299 887.85372 886.23446 882.89418 880.66823 878.44227 876.21631 873.99035 871.7644 874.91152 883.89855 894.20256 904.50656 914.81057 925.11457 930.84993 924.34014 917.83036 911.32058 904.8108 898.30102 894.12684 893.75551 892.81017 891.86483 890.91949 889.97416 885.1934 874.92553 864.65766 854.38979 844.12192 833.85406 837.12691 843.28875 849.45059 855.61243 861.77427 866.94021 872.17311 877.97489 883.77666 889.57844 895.38022 897.40184 901.83881 906.27577 910.71274 915.14971 919.58667
-9999 876.82584 880.76864 884.71144 888.65424 892.59704 895.56353 891.70222 886.01763 884.39836 882.7791 881.15983 879.54056 879.28479 879.85504 877.62908 875.40313 873.17717 870.95121 872.51413 882.81813 893.12214 903.42615 913.73015 922.71921 926.84281 927.84428 921.3345 914.82472 908.31494 901.80516 897.19601 896.25067 895.30533 894.35999 893.41466 891.22647 893.56081 894.35628 884.08841 873.82054 863.55267 853.2848 847.87267 851.61164 857.77348 863.93532 870.09717 876.25901 864.86295 870.39351 876.19528 881.99706 887.79884 895.40197 905.87774 910.31471 914.75168 919.18864 923.62561
-9999 876.68278 880.62558 884.56838 888.51118 890.63069 892.17819 888.31688 878.21311 869.52842 867.90915 866.28989 864.67062 864.41485 866.88953 869.01761 866.79166 864.5657 862.33974 863.90266 874.20667 884.51067 894.81468 901.62076 905.33776 909.46135 914.67471 919.30118 912.7914 906.28162 899.77184 895.16269 894.21735 893.27201 892.32668 888.95181 884.1688 886.50314 899.01986 906.35513 896.08726 885.81939 875.55152 870.13939 868.21798 869.81621 875.97805 882.13989 888.30173 876.90568 862.47514 863.09638 868.89816 874.69994 882.30307 896.1459 908.90397 913.34094 917.7779 922.21487
-9999 876.53972 880.48252 884.15036 885.69786 887.24536 888.79286 884.93155 874.82778 864.72401 854.62023 851.41995 849.80068 849.54491 852.01959 854.49428 856.96896 855.95423 853.72827 855.29119 865.5952 875.8992 880.5223 884.2393 887.9563 892.0799 897.29325 902.50661 907.71997 904.2483 897.73852 893.12937 892.18403 891.2387 886.67715 881.89414 877.11113 879.44547 891.96219 904.47891 916.99563 908.08611 897.81824 892.4061 890.4847 888.56329 888.02077 894.18261 900.34445 888.9484 874.51786 860.08733 855.79926 861.60104 869.20417 883.047 896.88982 910.73265 916.36716 920.80413
-9999 876.39666 879.21752 880.76503 882.31253 883.86003 885.40753 881.54622 871.44245 861.33867 851.2349 841.13113 834.93074 834.67496 837.14965 839.62434 842.09902 844.57371 845.1168 846.67972 855.70684 859.42384 863.14084 866.85785 870.57485 874.69844 879.9118 885.12516 890.33851 895.55187 895.7052 891.09605 889.18551 884.4025 879.61948 874.83647 870.05346 872.3878 884.90452 897.42124 909.93796 922.45468 920.08496 914.67282 912.75141 910.83001 908.9086 906.98719 912.38718 900.99112 886.56059 872.13005 857.69952 848.50214 856.10527 869.9481 883.79092 897.63375 911.47657 919.39339
-9999 875.42391 876.97141 878.51891 880.06642 881.61392 883.16142 880.28507 870.1813 860.07753 849.97376 839.86998 829.76621 821.99987 824.47456 826.94924 829.42393 831.89861 834.3733 837.22364 840.94065 844.65765 848.37465 852.09166 855.80866 857.61937 862.83272 868.04608 873.25944 878.47279 883.68615 885.48507 880.70206 875.91904 871.13603 866.35302 861.57001 866.86781 879.38453 891.90125 904.41797 916.93469 929.45141 933.50584 931.58443 929.66302 927.74161 925.8202 923.89879 911.3116 896.88106 882.45053 868.01999 853.58946 850.33522 864.17804 878.02087 891.86369 905.70652 919.54934
-9999 878.84413 880.39163 881.93913 883.48663 885.22718 891.12164 889.58933 879.48556 869.38178 859.27801 849.17424 838.87832 830.12745 824.50717 825.19101 827.66569 830.14038 832.61506 835.46541 839.18241 842.89942 846.61642 850.33342 854.4301 855.89382 850.08622 852.47099 857.68435 862.8977 868.11106 869.90998 865.12697 860.34395 855.56094 850.77793 858.70282 868.99607 881.51279 894.02951 906.54623 918.6448 926.19792 931.00535 933.33869 931.41728 929.49587 927.57446 925.65306 913.06586 898.63532 884.20479 869.77425 871.05004 881.0178 894.86063 908.70345 922.54628 935.53088 930.74179
-9999 882.26434 883.81184 885.35934 888.63697 894.53143 900.4259 898.89358 888.78981 878.68604 868.52613 858.21195 847.89778 839.14691 833.52663 827.90636 825.90746 828.38214 830.85683 833.70717 837.42418 841.14118 844.93054 849.10719 853.28384 854.74757 848.93996 843.13235 842.10926 847.32261 852.53597 854.33489 849.55188 844.76886 843.35294 852.09201 860.83107 871.12432 883.64104 896.15776 906.83164 914.38477 921.93789 926.74532 929.57891 932.4125 931.25013 929.32873 927.40732 914.82012 900.38959 885.95905 892.88356 901.73262 911.70038 925.54321 939.38603 947.84966 943.06057 938.27147
-9999 885.68456 887.23206 892.04676 897.94122 903.83569 909.73015 908.19784 898.09407 887.85976 877.54558 867.23141 856.91724 848.16637 842.54609 836.92581 831.30554 826.62391 829.09859 831.94894 835.66594 839.60763 843.78428 847.96094 852.13759 853.60132 847.79371 841.9861 836.17849 831.74752 836.96088 838.7598 833.97679 836.74213 845.48119 854.22026 862.95932 873.25257 885.76929 895.01849 902.57161 910.12473 917.67785 922.48528 925.31887 928.15246 930.98605 931.08299 929.16158 916.57438 905.86802 914.71708 923.56614 932.4152 942.38297 956.22579 960.16844 955.37934 950.59025 945.80115
-9999 889.56208 895.45655 901.35101 907.24548 913.13994 919.03441 917.50209 907.19339 896.87921 886.56504 876.25087 865.9367 857.18582 851.56555 845.94527 840.325 834.70472 829.08444 830.1907 834.28472 838.46138 842.63803 846.81468 850.99134 852.45506 846.64746 840.83985 835.03224 829.22463 823.41703 823.18471 830.13131 838.87038 847.60944 856.34851 865.08757 875.38082 883.20533 890.75845 898.31157 905.8647 913.41782 918.22525 921.05884 923.89243 926.72601 929.5596 930.91584 927.70154 936.5506 945.39966 954.24872 963.09778 973.06555 972.48722 967.69812 962.90903 958.11993 953.33083
-9999 896.64358 902.53805 908.43251 914.32698 920.22144 926.17017 932.04901 928.43336 918.11919 907.80501 897.49084 887.17667 877.92346 871.4955 865.87522 860.25494 854.63467 849.01439 846.35656 850.53322 854.70987 858.88652 863.06318 866.38771 865.82696 865.16256 859.35496 853.54735 847.73974 841.93214 841.0932 849.83226 858.57133 867.31039 876.04946 882.83769 889.42692 899.75171 907.30483 914.85796 922.41108 929.9642 929.36897 929.94269 932.77628 935.60986 938.44345 941.27704 947.91524 956.7643 965.61336 974.46242 983.31148 987.18981 977.38474 972.59565 967.80655 963.01746 958.22836
-9999 902.46311 908.35757 914.25204 920.1465 926.15528 932.206 938.08484 943.76532 946.29739 935.98322 925.66905 915.35487 906.10166 898.9731 891.99964 886.37936 880.75908 875.13881 872.48097 876.65763 880.83428 885.01094 886.13837 884.24007 883.67931 886.70352 889.03286 883.22525 877.41765 871.61004 870.7711 879.51017 888.24923 896.9883 901.28569 902.67654 909.26578 923.29202 935.66412 943.21725 950.77037 958.32349 957.72825 951.27527 949.12261 951.95619 954.78978 957.62337 964.19296 971.40823 979.88332 988.73238 997.58144 1001.4598 988.12009 975.99876 971.20967 966.42057 961.63148
-9999 908.28263 914.1771 920.08968 926.1404 932.19111 938.24183 944.12067 949.80115 955.48163 961.1621 953.84725 943.53308 934.27987 927.1513 920.02273 912.89417 906.8835 901.26322 898.60539 902.78204 906.9587 905.88902 903.99072 902.09242 901.53167 904.55587 907.58008 910.60428 907.09555 901.28795 900.44901 909.18807 917.92714 919.73369 921.12454 922.5154 929.10464 943.13088 957.15713 971.18338 979.12966 986.68278 986.08754 979.63456 973.18157 968.30252 971.13611 973.9697 980.53929 987.75456 994.96982 1003.0023 1011.8514 1015.7297 1002.3901 989.05037 975.71069 969.82369 965.03459
-9999 914.10216 920.0748 926.12551 932.17623 938.22695 944.27766 950.1565 955.83698 961.51746 967.19793 972.87841 971.71128 962.45807 955.32951 948.20094 941.07237 933.9438 927.38763 924.7298 927.53797 925.63967 923.74137 921.84307 919.94477 919.38402 922.40823 925.43243 928.45664 931.48084 930.96585 930.12691 936.79083 938.18169 939.57254 940.9634 942.35426 948.94349 962.96974 976.99599 991.02223 1005.0485 1015.0421 1014.4468 1007.9938 1001.5409 995.08788 988.63489 990.31603 996.88562 1004.1009 1011.3162 1018.5314 1026.1214 1029.9997 1016.66 1003.3203 989.98065 976.64097 968.43771
-9999 919.53995 925.59067 931.64138 937.6921 943.74281 949.79353 953.34527 959.02574 964.70622 970.3867 976.06717 981.74765 986.13881 979.01025 971.88168 964.75311 957.62454 950.49597 944.94896 943.05066 941.15236 939.25407 937.35577 935.45747 936.3282 939.34634 942.37055 945.39475 948.41896 951.44317 953.90947 955.30033 956.69119 958.08205 959.4729 960.86376 964.21883 978.24508 992.27132 1006.2976 1020.3238 1034.3501 1035.8518 1029.3988 1022.9458 1016.4928 1010.0399 1003.5869 1005.3258 1012.5411 1019.7564 1026.9716 1034.1869 1041.1205 1028.5829 1015.2432 1001.9035 988.56382 975.22414
-9999 923.08757 929.13829 935.189 941.23972 946.7214 948.64501 950.49427 952.25771 957.11785 962.79833 968.47881 974.15928 979.05781 982.39045 978.53798 971.40941 964.28085 957.15228 951.60527 949.70697 947.80867 945.91037 944.01207 947.38821 950.80859 953.08375 955.84799 958.87219 961.8964 964.9206 967.38691 968.77777 970.16862 971.55948 972.62286 963.1678 963.07503 976.37636 990.27217 1004.2984 1018.3247 1032.3509 1033.1495 1024.4793 1018.0263 1011.5733 1005.1203 998.66734 992.75325 991.05397 998.26924 1005.4845 1012.6998 1019.6334 1025.5915 1018.2814 1004.9417 991.60205 978.26237
-9999 926.63519 932.68591 938.73662 942.632 944.55561 946.47922 948.32848 950.09193 951.85538 955.20996 960.89044 966.57091 971.46944 974.80208 978.13471 978.06572 970.93715 963.80858 958.26157 956.36327 954.46497 954.17327 958.02094 961.86861 965.28899 967.56414 969.8393 972.34963 975.37383 978.39804 980.86434 982.2552 983.64606 981.03297 971.5779 962.12284 962.03007 975.3314 988.63273 1002.2993 1016.3255 1030.3518 1031.1504 1022.4398 1013.7292 1006.6538 1000.2008 993.74782 987.83372 982.01276 976.78211 983.99738 991.21264 998.14629 1004.1044 1010.0625 1007.98 994.64029 981.30061
-9999 930.18281 936.23353 938.54261 940.46622 942.38983 944.31344 946.1627 947.92615 949.68959 951.45304 953.30207 958.98255 963.88108 967.21371 970.54635 973.87898 977.21161 970.46489 964.91787 963.01958 964.806 968.65367 972.50134 976.349 979.76939 982.04454 984.31969 986.59484 988.87 991.87547 994.34178 995.73264 989.44308 979.98801 970.53295 961.07788 960.98511 974.28644 987.58777 1000.8891 1014.3264 1028.3526 1029.1512 1020.4407 1011.7301 1003.0195 995.28128 988.8283 982.9142 977.09323 971.27227 965.4513 969.72552 976.65916 982.61728 988.5754 994.53352 997.67853 984.33885
-9999 932.5296 934.45321 936.37682 938.30044 940.22405 942.14766 943.99692 945.76036 947.52381 949.28726 951.0507 952.81415 956.29271 959.62534 962.95798 966.29061 969.62325 972.95588 971.59106 975.43873 979.2864 983.13406 986.98173 990.8294 994.24979 996.52494 998.80009 1001.0752 1003.3504 1005.6255 1007.3083 997.85319 988.39812 978.94306 969.48799 960.03292 959.94015 973.24148 986.54281 999.84415 1013.1455 1026.4468 1027.1521 1018.4415 1009.7309 1001.0204 992.30979 983.90877 977.99467 972.17371 966.35274 960.53178 954.71081 955.17203 961.13015 967.08827 973.04639 979.00451 984.96263
-9999 945.1638 947.08741 949.01102 950.93463 952.85824 946.04271 939.68825 941.48118 943.24462 945.00807 946.77151 948.53496 950.34553 952.60186 955.93449 959.26713 962.59976 965.93239 969.42077 973.26844 977.11611 980.96377 984.81144 988.70681 991.30013 990.86499 993.14014 995.41529 997.69044 999.96559 998.23409 988.77902 979.32395 969.86888 960.41382 955.15608 954.91484 959.99168 973.29301 986.59435 999.89568 1013.197 1018.8938 1014.2137 1005.5032 996.7926 988.08203 979.37146 978.75531 974.00296 968.182 962.36103 956.54007 952.58987 955.83821 961.79633 967.75445 973.71257 979.6707
