P1_models/J1_p1__temp2_slide_40.dat.tif
NCOLS 118
NROWS 92
XLLCORNER 139.62
YLLCORNER -39.07
DX 0.099491525
DY 0.099347826
NODATA_VALUE -9999
[rows 0 to 26 of 92, columns 0 to 59 of 118]
-9999 -9999 -9999 -9999 -9999 -9999 -9999 -9999 -9999 -9999 -9999 -9999 -9999 -9999 -9999 -9999 -9999 -9999 -9999 -9999 -9999 -9999 -9999 -9999 -9999 -9999 -9999 -9999 -9999 -9999 -9999 -9999 -9999 -9999 -9999 -9999 -9999 -9999 -9999 -9999 -9999 -9999 -9999 -9999 -9999 -9999 -9999 -9999 -9999 -9999 -9999 -9999 -9999 -9999 -9999 -9999 -9999 -9999 -9999 -9999
-9999 477.75698 479.53152 481.30605 483.08059 484.85513 487.12043 486.7457 481.71048 476.28672 470.86297 465.43921 460.01545 454.93718 451.68117 449.72118 447.7612 445.80122 443.84123 441.19933 436.98421 432.76908 428.55396 424.33883 420.97377 423.241 427.95645 434.71968 441.48291 448.24614 455.00938 458.16194 454.35428 450.54662 446.73896 442.9313 437.70631 428.81782 424.41119 423.03889 421.66659 420.2943 418.922 420.32212 422.90036 425.21833 427.53631 429.85429 432.17227 434.74676 434.4625 434.17824 433.89398 433.60972 433.06807 432.0818 431.72648 431.37115 431.01582 430.6605
-9999 485.9807 487.75524 489.52978 491.30431 493.95132 497.14483 496.77011 492.27717 487.49233 482.06857 476.64482 471.22106 466.14279 461.75638 457.89813 455.93815 453.97816 452.01818 449.37628 445.16115 440.94603 436.7309 434.88477 436.78953 439.05676 442.29546 446.20946 452.9727 459.73593 466.49916 469.65172 465.84406 462.0364 458.22874 451.78362 442.61016 433.72167 425.24088 419.36571 417.99341 416.62112 415.24882 416.64894 420.04213 422.82012 425.1381 427.45607 429.77405 432.48089 435.25492 435.34289 435.05862 434.77436 434.23271 432.7995 431.63541 431.28008 430.92475 430.56943
-9999 494.20442 495.97896 497.7535 500.78221 503.97572 507.16924 506.79451 502.30157 497.80863 493.27418 487.85042 482.42667 477.3484 472.96198 468.57557 464.18915 462.15511 460.19513 457.55322 453.3381 449.12298 448.79576 450.70053 452.60529 454.87252 458.11122 461.34992 464.58862 471.22571 477.98894 481.1415 477.33384 473.52618 465.86092 456.68747 447.51401 438.62552 430.14473 421.66393 414.32023 412.94794 411.57564 412.97577 416.36895 419.76214 422.73988 425.05786 427.37584 430.08267 432.85671 435.63074 436.22327 435.93901 435.39736 433.96415 432.53094 431.18901 430.83368 430.47836
-9999 502.42815 504.41958 507.61309 510.80661 514.00012 517.19364 516.81891 512.32597 507.83303 503.34009 498.84715 493.63227 488.554 484.16759 479.78117 475.39476 471.00834 468.37208 465.73017 461.51505 462.70676 464.61152 466.51629 468.42105 470.68828 473.92698 477.16568 480.40438 483.64308 489.47872 492.63129 488.82363 479.93823 470.76477 461.59132 452.41786 443.52937 435.04858 426.56778 418.08699 409.6062 407.90246 409.30259 412.69577 416.08896 419.48214 422.65964 424.97762 427.68445 430.45849 433.23253 436.00657 437.10366 436.56201 435.1288 433.69558 432.26237 430.82916 430.38729
-9999 511.25047 514.44398 517.6375 520.83101 524.02453 527.21804 526.84331 522.35037 517.85743 513.3645 508.87156 504.37862 499.75961 495.3732 490.98678 486.60036 482.21395 477.82753 474.71299 476.61775 478.52252 480.42728 482.33205 484.23681 486.50404 489.74274 492.98144 496.22014 499.45884 502.69755 503.18899 494.01553 484.84208 475.66862 466.49517 457.32171 448.43322 439.95243 431.47163 422.99084 414.51005 406.02925 405.62941 409.02259 412.41578 415.80896 419.20215 422.57941 425.28624 428.06028 430.83431 433.60835 436.38239 437.72665 436.29344 434.86023 433.42702 431.99381 430.5606
-9999 514.49958 517.6931 520.88661 524.08013 527.27364 530.1724 529.52677 525.03383 520.54089 516.04795 511.55501 507.39375 504.25612 501.78257 497.39615 493.00973 488.62332 484.2369 481.75285 483.65761 485.56238 487.46714 489.37191 491.60699 492.82013 490.98735 494.22606 497.46476 500.70346 503.94216 502.94128 493.76782 484.59436 475.42091 466.24745 458.10863 450.45416 441.97337 433.49257 425.01178 416.53098 408.2237 401.90601 401.42837 404.82155 408.21474 411.60792 415.00111 417.86638 420.64042 423.41445 426.18849 428.54407 429.0823 427.64909 426.21588 424.78267 423.34946 427.05712
-9999 516.6753 519.86882 523.06233 526.25584 529.00494 531.69284 531.04722 526.55428 522.06134 517.5684 513.62443 509.86561 506.72798 504.83433 502.94067 498.65924 494.27283 489.88641 487.40236 489.30712 491.21189 493.11665 495.59561 498.38801 499.60115 496.5815 493.56185 496.40089 499.63959 502.87829 501.87741 492.70395 483.5305 474.35704 466.74971 459.67283 452.01836 443.53757 435.05677 426.57598 418.33112 410.11913 403.80144 398.84554 396.60612 399.99931 403.39249 406.78567 409.65095 412.42499 415.19902 417.23832 418.3457 418.88393 417.45072 416.01751 414.5843 419.85927 426.6851
-9999 518.85102 522.04453 525.14958 527.83748 530.52538 533.21328 532.56766 528.07472 523.61394 519.85511 516.09629 512.33747 509.19984 507.30618 505.41253 503.51887 499.92234 495.53592 493.05186 494.95663 496.8614 499.58424 502.37663 505.16903 506.38217 503.36252 500.34286 497.32321 498.57572 501.81443 500.81354 491.64009 482.46768 475.3908 468.31391 461.23703 453.58256 445.10176 436.65054 428.43855 420.22655 412.01456 405.69686 400.74097 395.78507 391.78387 395.17706 398.57024 401.43552 404.20955 405.93258 407.03995 408.14733 408.68556 407.25235 405.83559 412.66141 419.48724 426.31307
-9999 521.02674 523.98212 526.67002 529.35792 532.04583 534.73373 534.08811 529.84462 526.0858 522.32697 518.56815 514.80933 511.6717 509.77804 507.88439 505.99073 504.09708 501.18543 498.70137 500.78046 503.57286 506.36525 509.15765 511.95004 513.16319 510.14353 507.12388 504.10423 501.08458 500.75056 499.74967 491.10876 484.03188 476.955 469.87811 462.80123 455.14676 446.75797 438.54597 430.33398 422.12198 413.90999 407.59229 402.63639 397.6805 392.7246 387.7687 390.35481 393.22009 394.62683 395.73421 396.84158 397.94896 398.48719 398.63773 405.46356 412.28939 419.11522 425.94105
-9999 522.13168 524.81958 527.50748 530.19539 532.88329 535.57119 534.96041 531.20159 527.44277 523.68394 519.92512 516.1663 513.47836 511.58471 509.69105 507.7974 505.90374 504.01009 503.53342 506.32582 509.11821 511.91061 514.703 517.4954 518.54252 515.52287 512.50322 509.48357 506.46391 503.44426 499.03879 491.96191 484.88503 477.80815 470.73126 463.65438 456.25901 448.04701 439.83501 431.62302 423.41102 415.19902 408.61443 403.65853 398.70263 393.74673 388.79083 383.83493 384.04882 385.1562 386.26357 387.37095 388.47833 391.48181 398.30764 405.13347 411.9593 418.78513 425.61096
-9999 518.49307 521.18097 523.86887 526.55677 529.24467 530.29129 529.01072 525.25189 521.49307 517.73425 513.97543 510.97168 509.06239 508.89325 507.13823 505.24457 503.35092 501.45726 500.9806 503.77299 506.56539 509.35778 512.15018 515.06153 516.07551 511.85757 508.69633 505.67668 502.65703 499.63738 495.23191 488.15503 481.07814 474.00126 466.92438 460.57986 453.57392 445.36193 437.14993 428.93793 420.72594 412.14639 404.9069 398.9573 394.0014 389.0455 384.0896 379.1337 379.3476 380.45498 381.56235 382.66973 385.94351 391.42655 398.25238 405.07821 411.90404 418.72986 428.98331
-9999 514.85445 517.54235 520.23026 522.60816 523.47488 524.3416 523.06102 519.3022 515.54338 511.82284 509.04458 506.26632 504.35703 504.18789 504.01876 502.69175 500.79809 498.90444 498.42777 501.22017 504.01256 506.80496 509.7594 512.7254 513.73939 509.52145 505.30352 501.8698 498.85015 495.83049 491.42502 484.34814 477.27126 470.22059 464.05768 457.89477 450.88884 442.67684 434.46485 426.19289 417.59322 408.99355 401.75405 395.49237 389.30018 384.34428 379.38838 374.43248 374.64638 375.75375 376.86113 380.79286 385.88824 391.37128 398.19711 405.02294 412.14705 422.72051 433.29397
-9999 511.21584 513.90374 515.79175 516.65847 517.52519 518.3919 517.11133 513.35251 509.89574 507.11748 504.33922 501.56096 499.65167 499.48253 499.31339 499.14426 498.24527 496.35161 495.87495 498.66734 501.49126 504.45726 507.42327 510.38928 511.40326 507.18533 502.96739 498.74946 495.04326 492.02361 487.61814 480.54126 473.69842 467.53551 461.3726 455.20969 448.20376 439.99176 431.63971 423.04004 414.44037 405.8407 398.60121 392.33952 386.07784 379.81616 374.68716 369.73126 369.94516 371.05253 375.64221 380.73759 385.83298 391.31602 398.14185 405.88425 416.45771 427.03117 437.60463
-9999 507.57722 508.97534 509.84206 510.70878 511.57549 512.44221 511.16164 507.96864 505.19038 502.41212 499.63386 496.8556 494.9463 494.77717 494.60803 494.4389 494.26976 493.79879 493.32212 496.18913 499.15513 502.12114 505.08715 508.05316 509.06714 504.84921 500.63127 496.41334 492.1954 488.21672 483.81126 477.17625 471.01334 464.85043 458.68752 452.52461 445.51868 437.08654 428.48687 419.8872 411.28753 402.68786 395.44836 389.18668 382.925 376.66331 370.40163 365.03004 365.39617 370.49156 375.58694 380.68233 385.77772 391.26076 399.62144 410.19491 420.76837 431.34183 441.91529
-9999 501.95548 502.8222 503.68892 504.55564 505.42236 506.28907 505.36576 502.5875 499.80924 497.03098 494.25272 491.47446 489.55523 489.38459 489.21545 489.04631 488.87718 488.70804 489.48693 492.45294 495.41894 498.38495 501.35096 504.31697 506.85997 503.23632 499.01838 494.80045 490.58251 486.36458 481.4823 475.31939 469.15648 462.99357 456.83066 450.66775 445.77407 437.1744 428.57473 419.97506 411.37539 402.77572 396.1951 389.93342 383.67174 377.41005 371.14837 364.88669 368.53364 373.62903 378.72442 383.81981 388.91519 393.40617 402.88444 413.4579 424.03136 434.60483 445.17829
-9999 495.32962 496.19634 497.06306 497.92977 498.64609 498.51121 497.49757 495.46974 492.85785 490.07959 487.30133 484.52307 482.60384 482.40486 482.22601 482.05688 481.88774 481.71861 482.49749 485.4635 488.42951 491.39552 494.36152 497.32121 499.86187 501.28072 499.08602 494.86809 490.65015 486.43222 481.54994 475.38703 469.22412 463.06121 456.79705 448.22729 443.17337 443.14935 436.1928 427.59313 418.99346 410.39379 404.20632 399.74137 393.47969 387.21801 380.95633 374.69465 378.65271 384.18527 389.28065 394.37604 399.47143 403.96241 406.3598 414.2865 424.85997 435.43343 446.00689
-9999 488.70375 489.57047 490.43719 490.85704 490.72215 490.58727 489.57363 487.5458 485.51797 483.1282 480.34994 477.57168 475.65245 475.45347 475.25448 475.06744 474.89831 474.72917 475.50805 478.47406 481.44007 484.40469 487.3639 490.32311 492.86377 494.28262 495.70147 494.93573 490.71779 486.49986 481.61759 475.45468 469.29177 462.41745 453.84769 445.27793 440.22401 440.19999 440.17597 435.21121 426.61154 418.01187 411.82439 407.37101 402.91763 397.02597 390.76428 384.5026 388.46067 394.18498 399.83689 404.93228 410.02766 414.51864 416.91603 419.31343 425.68857 436.26203 446.83549
-9999 482.07789 482.94461 483.06798 482.9331 482.79821 482.66333 481.64969 479.62186 477.59402 475.56619 473.39856 470.6203 468.70106 468.50208 468.3031 468.10411 467.90887 467.73973 468.51862 471.48463 474.44737 477.40658 480.36579 483.325 485.86567 487.28452 488.70337 490.12222 490.78544 486.5675 481.68523 475.52232 468.03785 459.46809 450.89833 442.32857 437.27464 437.25063 437.22661 437.2026 434.22961 425.62994 419.44247 414.98909 410.53571 406.08233 400.57224 394.31056 398.26862 403.99294 409.71725 415.44157 420.5839 425.07488 427.47227 429.86966 432.26705 437.09063 447.6641
-9999 475.41381 475.27893 475.14404 475.00916 474.87427 474.73939 473.72575 471.69792 469.67008 467.64225 465.61442 463.58659 461.74967 461.55069 461.35171 461.15272 460.95374 460.75476 461.52918 464.49006 467.44927 470.40848 473.36769 476.3269 478.86756 480.28641 481.70526 483.12411 484.54296 485.96181 481.75287 473.65825 465.08849 456.51873 447.94896 439.3792 434.32528 434.30127 434.27725 434.25324 434.22922 433.24802 427.06054 422.60716 418.15378 413.7004 409.24702 404.11851 408.07658 413.80089 419.52521 425.24953 430.97384 435.63111 438.0285 440.4259 442.82329 445.22068 448.4927
-9999 470.14945 470.01457 469.87968 469.7448 469.60991 469.0694 466.98502 464.95719 462.92936 460.90153 458.87369 456.83611 455.22144 454.898 454.69901 454.50003 454.30105 454.10207 454.85807 457.81728 460.77649 463.7357 466.69491 469.65412 473.51922 473.94944 475.36829 476.78714 478.20599 479.62484 477.63191 469.06215 460.49238 451.92262 443.35286 435.38709 433.15592 433.13191 433.10789 433.08388 433.05986 433.16191 432.37006 428.21956 423.76618 419.3128 414.85942 410.40604 414.63057 420.35489 426.0792 431.80352 437.52784 443.58886 445.98625 448.38364 450.78103 453.17842 456.98183
-9999 466.89127 466.75638 466.6215 466.48661 465.35455 463.22119 461.13682 459.10899 457.08115 455.05332 452.97552 450.81182 449.19716 448.68196 448.27163 448.07265 447.87367 447.67468 448.43069 451.3899 454.34911 457.30832 460.99334 466.61013 470.4796 469.66579 469.53002 470.94887 472.36772 473.78657 471.79364 463.22388 454.65411 446.08435 439.33435 435.56042 433.32925 433.30524 433.28122 433.25721 433.46228 433.88186 433.09002 431.42728 427.86565 423.41227 418.95889 414.50551 418.73004 424.45436 430.17868 436.04974 443.36948 449.58651 451.9839 454.38129 456.77868 461.55733 469.09381
-9999 463.63308 463.4982 463.36331 461.6397 459.50635 457.37299 455.28861 453.26078 451.23295 449.11493 446.95124 444.78754 443.17287 442.65767 442.14247 441.64527 441.44629 441.2473 442.00331 444.96252 447.92173 452.33692 457.95372 463.57051 467.43998 466.62617 465.81237 465.1106 466.52945 467.9483 465.95537 457.38561 448.81584 443.28161 439.50768 435.73375 433.50258 433.47857 433.45455 433.76266 434.18224 434.60182 433.80997 432.14724 430.48451 427.51174 423.05836 418.60498 422.82952 428.55383 434.72766 442.04739 449.36713 455.58415 457.98155 460.37894 466.13283 473.66931 481.20579
-9999 460.37489 460.05822 457.92486 455.7915 453.65814 451.52478 449.44041 447.41258 445.25434 443.09065 440.92695 438.76326 437.14859 436.63339 436.11819 435.60299 435.08779 434.81992 435.57593 438.53514 443.68051 449.2973 454.9141 460.53089 464.40036 463.58655 462.77275 461.95894 461.14513 462.11003 460.1171 451.54734 447.22888 443.45494 439.68101 435.90708 433.67591 433.6519 434.06303 434.48261 434.90219 435.32177 434.52992 432.86719 431.20446 429.54173 427.15783 422.70445 426.92899 433.40557 440.72531 448.04504 455.36478 461.5818 463.97919 470.70832 478.24481 485.78129 493.31777
-9999 456.34337 454.21001 452.07665 449.94329 447.80994 445.67658 443.55745 441.39376 439.23006 437.06636 434.90267 432.73897 431.12431 430.60911 430.09391 429.57871 429.06351 428.54831 429.4073 435.0241 440.64089 446.25768 451.87448 457.49127 461.36074 460.54693 459.73312 458.91932 458.10551 457.2917 454.95007 451.17614 447.40221 443.62827 439.85434 436.08041 433.94383 434.36341 434.78299 435.20257 435.62215 436.04173 435.24988 433.58715 431.92442 430.26169 428.59896 426.80392 432.08349 439.40322 446.72296 454.04269 461.36243 467.74734 475.28382 482.8203 490.35679 497.89327 505.42975
-9999 453.38898 451.25562 449.12226 446.9889 444.85554 441.68065 437.77224 434.60194 432.43825 430.27455 428.11085 425.94716 424.71101 425.03307 424.51787 424.00267 423.48747 422.97227 424.31129 429.92808 435.54488 441.16167 446.77847 451.1519 454.71262 460.62675 459.81294 458.99914 458.18533 457.37152 455.54663 451.7727 447.99877 444.22484 440.4509 437.00097 435.27125 435.55059 435.97017 436.38975 436.80933 437.22891 439.18419 439.57304 437.91031 436.24758 434.58485 432.92212 432.60636 438.84696 446.1667 453.48643 460.80616 467.2612 471.64073 479.17721 486.71369 494.25018 501.78666
-9999 450.9892 448.85584 446.72248 444.58912 440.85552 436.83459 432.92618 429.14762 425.49933 423.33563 421.17194 419.00824 417.77209 418.39342 419.01474 418.51254 417.99734 417.48214 418.82116 424.43795 430.05475 435.67154 439.0445 441.0199 444.58062 452.39036 460.20011 459.67682 458.86301 458.0492 456.22431 452.45038 448.67645 444.90252 441.62986 438.55524 436.82551 437.01987 437.24689 437.66647 438.08605 438.50563 440.46091 443.52019 444.90546 443.24273 441.58 439.91727 439.60151 439.51854 444.35434 451.67407 458.9938 465.44884 468.90866 472.51456 480.05105 487.58753 495.12401
