P1_models/J1_p1_vp_slide_diff2_60.dat.tif
NCOLS 118
NROWS 92
XLLCORNER 139.62
YLLCORNER -39.07
DX 0.099491525
DY 0.099347826
NODATA_VALUE -9999
[rows 48 to 71 of 92, columns 0 to 53 of 118]
-9999 -0.057087634 -0.042546377 -0.028005119 -0.013463862 0.0010773953 0.015618653 0.014970752 0.016568162 0.018165571 0.019762981 0.021360391 0.022957801 0.02330959 0.022228502 0.019404269 0.016580036 0.013755804 0.010931571 0.010250826 0.014515199 0.018779571 0.023043944 0.027308316 0.031572689 0.037217728 0.034312671 0.030609394 0.026906117 0.02320284 0.019499563 0.017715811 0.019632287 0.021548764 0.02346524 0.025381717 0.027298193 0.018179961 0.0095945284 0.0010090959 -0.0075763366 -0.016161769 -0.02421687 -0.027405249 -0.033751412 -0.040097575 -0.046443738 -0.052789901 -0.059136064 -0.058989036 -0.057719809 -0.056450581 -0.055181353 -0.053912126
-9999 -0.042483062 -0.027941805 -0.013400547 0.00114071 0.0097008069 0.0066814838 0.0058053629 0.0074027728 0.0090001826 0.010597592 0.011002152 0.0069037532 0.0064343685 0.013232293 0.01534006 0.012515827 0.0096915944 0.0068673617 0.0061866169 0.010450989 0.014715362 0.018979735 0.023841604 0.033198119 0.039933236 0.039642349 0.037792463 0.034089186 0.030385909 0.026682632 0.024898879 0.026815356 0.028731832 0.030648309 0.029560279 0.018198347 0.0079787054 -0.00060672713 -0.0091921596 -0.017777592 -0.023901959 -0.025760736 -0.028704516 -0.032428292 -0.038324548 -0.044670711 -0.051016874 -0.057363037 -0.057216009 -0.055946781 -0.054677554 -0.053408326 -0.048746159
-9999 -0.02787849 -0.013337233 0.0012040247 0.0035547412 0.00053541806 -0.0024839051 -0.003360026 -0.0017626161 -0.00016520628 -0.0017746717 -0.0058730701 -0.0099714685 -0.010440853 -0.0036429289 0.0031549954 0.008451618 0.0056273852 0.0028031525 0.0021224077 0.0063867803 0.010651153 0.017200596 0.026557111 0.035913626 0.042648743 0.042357857 0.04206697 0.041272255 0.037568978 0.033865701 0.032081948 0.033998424 0.035914901 0.030720956 0.019359023 0.0079970912 -0.0022225502 -0.010807983 -0.019393415 -0.023587048 -0.025445825 -0.027304601 -0.030248381 -0.033972157 -0.037695933 -0.042897683 -0.049243846 -0.055590009 -0.055442981 -0.054173754 -0.052226212 -0.047372624 -0.042519037
-9999 -0.013273918 0.0004279986 -0.0025913245 -0.0056106477 -0.0086299708 -0.011649294 -0.012525415 -0.010928005 -0.014551495 -0.018649893 -0.022748292 -0.02684669 -0.027316075 -0.020518151 -0.013720226 -0.0069223021 -0.00012437776 -0.0012610567 -0.0019418015 0.0023225711 0.010559589 0.019916104 0.029272618 0.038629133 0.04536425 0.045073364 0.044782478 0.044491591 0.044200705 0.041048769 0.039265016 0.041181493 0.031881632 0.0205197 0.0091577679 -0.0022041643 -0.012423806 -0.021009238 -0.023272137 -0.025130914 -0.02698969 -0.028848466 -0.031792246 -0.035516022 -0.039239798 -0.042963574 -0.047470818 -0.053816981 -0.053669954 -0.050852677 -0.04599909 -0.041145503 -0.036291915
-9999 -0.0057180671 -0.0087373903 -0.011756713 -0.014776037 -0.01779536 -0.020814683 -0.02322992 -0.027328318 -0.031426717 -0.035525115 -0.039623514 -0.043721912 -0.044191297 -0.037393372 -0.030595448 -0.023797524 -0.016999599 -0.010201675 -0.0054379331 0.0039185816 0.013275096 0.022631611 0.031988126 0.04134464 0.048079757 0.047788871 0.047497985 0.047207099 0.046916212 0.046625326 0.044404241 0.033042309 0.021680377 0.010318445 -0.0010434877 -0.01240542 -0.02109845 -0.022957227 -0.024816003 -0.026674779 -0.028533555 -0.030392331 -0.033336111 -0.037059887 -0.040783663 -0.044507439 -0.048231215 -0.052043954 -0.049479143 -0.044625556 -0.039771968 -0.034918381 -0.030064793
-9999 -0.010530228 -0.013549552 -0.016568875 -0.019588198 -0.022607521 -0.026045887 -0.029941202 -0.034039601 -0.038137999 -0.042236397 -0.046334796 -0.046800955 -0.04640391 -0.049749951 -0.042952027 -0.036154103 -0.029356179 -0.022558254 -0.014986651 -0.0056301359 0.0037263788 0.013082893 0.022439408 0.028996538 0.032856866 0.03981559 0.039524703 0.039233817 0.038942931 0.038652045 0.034579651 0.023217719 0.011855787 0.00049385458 -0.010868078 -0.02023707 -0.025382927 -0.027241703 -0.029100479 -0.030959255 -0.032818031 -0.034161849 -0.035238223 -0.037695051 -0.041418826 -0.045142602 -0.048866378 -0.052590154 -0.049000522 -0.044146934 -0.039293347 -0.034439759 -0.029846283
-9999 -0.014614072 -0.017633395 -0.020652718 -0.023672041 -0.027337337 -0.031056689 -0.034952004 -0.039050403 -0.043148801 -0.047247199 -0.045194345 -0.041522129 -0.041125085 -0.047286761 -0.053448437 -0.047754689 -0.040956765 -0.034158841 -0.026587237 -0.017230722 -0.0078742077 0.001482307 0.0058544131 0.0079868481 0.011847177 0.020338694 0.028830212 0.029472245 0.029181359 0.028890473 0.024818079 0.013456147 0.0020942149 -0.0092677173 -0.017536581 -0.024980064 -0.030125921 -0.031984698 -0.033843474 -0.03570225 -0.03684406 -0.037923028 -0.038999402 -0.04007391 -0.041901959 -0.045625735 -0.049349511 -0.053073287 -0.049483655 -0.044630067 -0.03977648 -0.035394322 -0.031520726
-9999 -0.018697916 -0.021717239 -0.024909435 -0.028628787 -0.032348139 -0.036067491 -0.039962806 -0.044061204 -0.047259952 -0.043587736 -0.03991552 -0.036243304 -0.03584626 -0.042007936 -0.048169612 -0.054331288 -0.052557352 -0.045759427 -0.038187824 -0.028831309 -0.019474794 -0.017287711 -0.015155276 -0.013022841 -0.0091625126 -0.00067099525 0.0078205221 0.01631204 0.019419787 0.019128901 0.015056508 0.0036945753 -0.0073926079 -0.014836092 -0.022279575 -0.029723059 -0.034868916 -0.036727692 -0.038447302 -0.03952627 -0.040605239 -0.041684207 -0.042760581 -0.04383509 -0.044909598 -0.046108868 -0.049832644 -0.053556419 -0.049966787 -0.0451132 -0.04094236 -0.037068764 -0.033195168
-9999 -0.022781759 -0.026200885 -0.029920237 -0.033639589 -0.037358941 -0.041078293 -0.044973608 -0.045653343 -0.041981127 -0.038308911 -0.034636695 -0.030964479 -0.030567435 -0.036729111 -0.042890787 -0.049052463 -0.055214139 -0.057360014 -0.04978841 -0.042562271 -0.040429836 -0.038297401 -0.036164966 -0.034032531 -0.030172202 -0.021680685 -0.013189167 -0.00469765 0.0037938674 0.0093673291 0.0052949357 -0.0046921189 -0.012135603 -0.019579086 -0.02702257 -0.034466054 -0.039611911 -0.041129513 -0.042208481 -0.04328745 -0.044366418 -0.045445386 -0.04652176 -0.047596269 -0.048670777 -0.049745286 -0.050819794 -0.054039552 -0.05044992 -0.046490399 -0.042616803 -0.038743207 -0.034869611
-9999 -0.028591953 -0.032311306 -0.036030658 -0.03975001 -0.043469362 -0.047188714 -0.047860916 -0.0441887 -0.040516484 -0.036844268 -0.033172052 -0.029499837 -0.026310393 -0.032472069 -0.038633744 -0.04479542 -0.050957096 -0.057118772 -0.060772434 -0.058639999 -0.056507564 -0.054375129 -0.052242694 -0.050110258 -0.050119209 -0.041693862 -0.033202345 -0.024710828 -0.01621931 -0.0077277928 -0.0046791506 -0.012122634 -0.019566118 -0.027009602 -0.034453086 -0.041896569 -0.042677253 -0.043756221 -0.04483519 -0.045914158 -0.046993126 -0.048072095 -0.049873319 -0.050947827 -0.052022336 -0.053096844 -0.054171353 -0.055245861 -0.054041815 -0.050168219 -0.046294623 -0.042421027 -0.038547431
-9999 -0.038458076 -0.042177428 -0.04589678 -0.049616132 -0.053348691 -0.057174221 -0.058051618 -0.055526491 -0.052079026 -0.04840681 -0.044734594 -0.041062378 -0.037581073 -0.034482078 -0.037866559 -0.044028234 -0.05018991 -0.056351586 -0.060005248 -0.057872813 -0.055740378 -0.053607943 -0.051475508 -0.058775416 -0.063233784 -0.057411844 -0.049811977 -0.041320459 -0.032828942 -0.024337425 -0.021288782 -0.028732266 -0.03617575 -0.043619234 -0.050946661 -0.05161865 -0.049583577 -0.043675667 -0.04358716 -0.044666129 -0.045745097 -0.046824065 -0.049372555 -0.052900343 -0.053974852 -0.05504936 -0.056123868 -0.057198377 -0.059932685 -0.060688492 -0.056814896 -0.0529413 -0.049067704
-9999 -0.048324198 -0.05204355 -0.055762902 -0.059533005 -0.063358536 -0.067184067 -0.068061464 -0.065536336 -0.063011209 -0.059969351 -0.056297136 -0.05262492 -0.049143615 -0.046044619 -0.042945624 -0.043261048 -0.049422724 -0.0555844 -0.059238062 -0.057105627 -0.054973192 -0.055302101 -0.063596046 -0.071889991 -0.076348359 -0.070526419 -0.064704478 -0.057930091 -0.049438574 -0.040947057 -0.037898414 -0.045341898 -0.052785382 -0.058018945 -0.058690934 -0.059362923 -0.05732785 -0.051419941 -0.045512031 -0.043418099 -0.044497068 -0.045576036 -0.048124526 -0.051729435 -0.055334345 -0.057001876 -0.058076384 -0.059150893 -0.061885201 -0.064906368 -0.067335168 -0.063461572 -0.059587976
-9999 -0.05819032 -0.061909672 -0.06571732 -0.069542851 -0.073368381 -0.077193912 -0.078071309 -0.075546182 -0.073021054 -0.070495927 -0.067859677 -0.064187461 -0.060706156 -0.057607161 -0.054508166 -0.051409171 -0.048655538 -0.054817214 -0.058470876 -0.056338441 -0.060122731 -0.068416676 -0.076710622 -0.085004567 -0.089462935 -0.083640994 -0.077819054 -0.071997113 -0.066048206 -0.057556688 -0.054508046 -0.06195153 -0.065091229 -0.065763218 -0.066435207 -0.067107197 -0.065072124 -0.059164214 -0.053256304 -0.047348395 -0.043249038 -0.044328006 -0.046876496 -0.050481406 -0.054086315 -0.057691225 -0.0600289 -0.061103409 -0.063837717 -0.066858884 -0.069880051 -0.072901217 -0.070108249
-9999 -0.068076104 -0.071901635 -0.075727165 -0.079552696 -0.083378227 -0.087203757 -0.088081155 -0.085556027 -0.0830309 -0.080505772 -0.077980644 -0.075455517 -0.072268698 -0.069169702 -0.066070707 -0.062971712 -0.059872717 -0.056773722 -0.05770369 -0.064943361 -0.073237307 -0.081531252 -0.089825197 -0.098119142 -0.10257751 -0.09675557 -0.090933629 -0.085111689 -0.079289748 -0.073467808 -0.071117678 -0.072163513 -0.072835502 -0.073507491 -0.074179481 -0.07485147 -0.072816397 -0.066908487 -0.061000578 -0.055092668 -0.049184758 -0.043276849 -0.045628467 -0.049233376 -0.052838286 -0.056443195 -0.060048105 -0.063055925 -0.065790233 -0.0688114 -0.071832567 -0.074853733 -0.0778749
-9999 -0.071161575 -0.074987105 -0.078812636 -0.082638167 -0.086463698 -0.090090056 -0.087771293 -0.082217491 -0.079692364 -0.077167236 -0.074642109 -0.072116981 -0.069967788 -0.067881615 -0.06478262 -0.061683625 -0.05858463 -0.055485634 -0.055831694 -0.064125639 -0.072419584 -0.080713529 -0.089007474 -0.096076413 -0.098946292 -0.099916789 -0.094094849 -0.088272908 -0.082450968 -0.076629027 -0.073025201 -0.07369719 -0.074369179 -0.075041169 -0.075713158 -0.075694365 -0.078546563 -0.07988847 -0.07398056 -0.068072651 -0.062164741 -0.056256831 -0.052561633 -0.054455205 -0.058060115 -0.061665024 -0.065269934 -0.068874843 -0.059265634 -0.062086868 -0.065108035 -0.068129201 -0.071150368
-9999 -0.071235975 -0.075061506 -0.078887037 -0.082712567 -0.08616614 -0.089503021 -0.087184258 -0.078338157 -0.070549273 -0.068024145 -0.065499018 -0.06297389 -0.060824697 -0.059428333 -0.057906426 -0.054807431 -0.051708435 -0.04860944 -0.048955499 -0.057249445 -0.06554339 -0.073837335 -0.078872601 -0.081030074 -0.083899953 -0.088679256 -0.092927843 -0.087105902 -0.081283962 -0.075462021 -0.071858195 -0.072530184 -0.073202174 -0.073874163 -0.07319581 -0.071734802 -0.074587001 -0.083609853 -0.089237296 -0.083329386 -0.077421476 -0.071513567 -0.067818369 -0.065713861 -0.066095367 -0.069700276 -0.073305186 -0.076910096 -0.067300886 -0.055407918 -0.054610281 -0.057631448 -0.060652615
-9999 -0.071310376 -0.075135906 -0.078905344 -0.082242225 -0.085579105 -0.088915986 -0.086597223 -0.077751121 -0.06890502 -0.060058919 -0.056355927 -0.0538308 -0.051681606 -0.050285243 -0.048888879 -0.047492516 -0.044832241 -0.041733246 -0.042079305 -0.05037325 -0.058667196 -0.061668788 -0.063826262 -0.065983736 -0.068853615 -0.073632918 -0.078412221 -0.083191524 -0.080116956 -0.074295015 -0.070691189 -0.071363178 -0.072035168 -0.070697255 -0.069236247 -0.067775239 -0.070627438 -0.07965029 -0.088673142 -0.097695994 -0.092678211 -0.086770302 -0.083075104 -0.080970596 -0.078866089 -0.077735528 -0.081340438 -0.084945348 -0.075336138 -0.06344317 -0.051550202 -0.047133694 -0.050154861
-9999 -0.071384776 -0.074981428 -0.078318309 -0.081655189 -0.08499207 -0.08832895 -0.086010188 -0.077164086 -0.068317985 -0.059471883 -0.050625782 -0.044687709 -0.042538515 -0.041142152 -0.039745788 -0.038349425 -0.036953061 -0.034857052 -0.035203111 -0.042307502 -0.044464976 -0.04662245 -0.048779923 -0.050937397 -0.053807276 -0.058586579 -0.063365882 -0.068145185 -0.072924488 -0.07312801 -0.069524183 -0.069659707 -0.0681987 -0.066737692 -0.065276684 -0.063815676 -0.066667875 -0.075690727 -0.084713579 -0.093736431 -0.10275928 -0.10202704 -0.098331839 -0.096227332 -0.094122824 -0.092018316 -0.089913809 -0.0929806 -0.08337139 -0.071478422 -0.059585454 -0.047692486 -0.039657107
-9999 -0.071075288 -0.074412169 -0.07774905 -0.08108593 -0.084422811 -0.087759691 -0.085995941 -0.07714984 -0.068303739 -0.059457637 -0.050611536 -0.041765434 -0.034604568 -0.033208204 -0.031811841 -0.030415477 -0.029019114 -0.02762275 -0.027301014 -0.029458488 -0.031615961 -0.033773435 -0.035930909 -0.038088382 -0.039517474 -0.044296777 -0.04907608 -0.053855384 -0.058634687 -0.06341399 -0.066061807 -0.064600799 -0.063139791 -0.061678783 -0.060217776 -0.058756768 -0.063478227 -0.07250108 -0.081523932 -0.090546784 -0.099569636 -0.10859249 -0.11114597 -0.10904146 -0.10693695 -0.10483245 -0.10272794 -0.10062343 -0.090172886 -0.078279918 -0.06638695 -0.054493981 -0.042601013
-9999 -0.070594445 -0.073931326 -0.077268206 -0.080605087 -0.084050746 -0.089837075 -0.088830666 -0.079984565 -0.071138463 -0.062292362 -0.05344626 -0.04471202 -0.037197922 -0.032105945 -0.029891999 -0.028495636 -0.027099272 -0.025702909 -0.025381172 -0.027538646 -0.02969612 -0.031853593 -0.034011067 -0.036218808 -0.037329845 -0.035473064 -0.038549185 -0.043328488 -0.048107791 -0.052887094 -0.055534911 -0.054073903 -0.052612896 -0.051151888 -0.04969088 -0.056245608 -0.064118027 -0.07314088 -0.082163732 -0.091186584 -0.099974497 -0.1062085 -0.10925391 -0.10970643 -0.10760192 -0.10549742 -0.10339291 -0.1012884 -0.090837854 -0.078944886 -0.067051918 -0.05515895 -0.054607368
-9999 -0.070113602 -0.073450482 -0.076787363 -0.081099141 -0.08688547 -0.0926718 -0.091665391 -0.082819289 -0.073973188 -0.06515977 -0.056436158 -0.047712545 -0.040198447 -0.03510647 -0.030014494 -0.026575794 -0.025179431 -0.023783067 -0.023461331 -0.025618804 -0.027776278 -0.029943331 -0.03216166 -0.03437999 -0.035491028 -0.033634246 -0.031777464 -0.032801592 -0.037580895 -0.042360198 -0.045008015 -0.043547008 -0.042086 -0.042748842 -0.049817125 -0.056885408 -0.064757827 -0.07378068 -0.082803532 -0.090790968 -0.09702497 -0.10325897 -0.10630438 -0.10705755 -0.10781072 -0.10616238 -0.10405788 -0.10195337 -0.091502822 -0.079609854 -0.067716886 -0.071244197 -0.076161211
-9999 -0.069632758 -0.072969639 -0.078147537 -0.083933866 -0.089720195 -0.095506524 -0.094500115 -0.085654014 -0.076883908 -0.068160295 -0.059436683 -0.05071307 -0.043198972 -0.038106996 -0.033015019 -0.027923043 -0.023259589 -0.021863226 -0.021541489 -0.023698963 -0.025886184 -0.028104513 -0.030322843 -0.032541172 -0.03365221 -0.031795428 -0.029938646 -0.028081865 -0.027054 -0.031833303 -0.03448112 -0.033020112 -0.03632036 -0.043388642 -0.050456925 -0.057525208 -0.065397627 -0.07442048 -0.08160744 -0.087841442 -0.094075444 -0.10030945 -0.10335485 -0.10410802 -0.10486119 -0.10561436 -0.10472284 -0.10261834 -0.09216779 -0.082964013 -0.087881026 -0.092798039 -0.097715053
-9999 -0.069409603 -0.075195932 -0.080982261 -0.08676859 -0.09255492 -0.098341249 -0.09733484 -0.088608046 -0.079884433 -0.071160821 -0.062437208 -0.053713595 -0.046199497 -0.041107521 -0.036015544 -0.030923568 -0.025831592 -0.020739616 -0.019621648 -0.021829037 -0.024047366 -0.026265695 -0.028484025 -0.030702354 -0.031813392 -0.02995661 -0.028099828 -0.026243047 -0.024386265 -0.022529483 -0.023954224 -0.029891877 -0.03696016 -0.044028442 -0.051096725 -0.058165008 -0.066037427 -0.072423912 -0.078657914 -0.084891915 -0.091125917 -0.097359919 -0.10040533 -0.10115849 -0.10191166 -0.10266483 -0.103418 -0.1032833 -0.099600841 -0.10451785 -0.10943487 -0.11435188 -0.11926889
-9999 -0.073192038 -0.078978368 -0.084764697 -0.090551026 -0.096337355 -0.1018934 -0.10636185 -0.10284659 -0.094122978 -0.085399365 -0.076675753 -0.06795214 -0.05957392 -0.053092557 -0.048000581 -0.042908605 -0.037816628 -0.032724652 -0.029843203 -0.032061532 -0.034279861 -0.036498191 -0.03871652 -0.040368981 -0.040073613 -0.041499415 -0.039642634 -0.037785852 -0.03592907 -0.034072289 -0.035264017 -0.0423323 -0.049400582 -0.056468865 -0.063537148 -0.069259998 -0.077595774 -0.08861057 -0.094844571 -0.10107857 -0.10731257 -0.11354658 -0.1136117 -0.11311826 -0.11387143 -0.1146246 -0.11537776 -0.11613093 -0.12555707 -0.13047409 -0.1353911 -0.14030811 -0.14522513
