P1_models/J1_p1__temp2_slide_180.dat.tif
NCOLS 118
NROWS 92
XLLCORNER 139.62
YLLCORNER -39.07
DX 0.099491525
DY 0.099347826
NODATA_VALUE -9999
[rows 54 to 80 of 92, columns 0 to 59 of 118]
-9999 1221.4063 1225.5566 1229.7069 1233.8571 1225.3399 1215.7626 1207.1269 1199.578 1192.029 1184.48 1185.7861 1189.4232 1188.2507 1177.4466 1166.6425 1163.8752 1161.8566 1159.8379 1159.2125 1161.8016 1164.3907 1166.9798 1174.8789 1185.1641 1190.3207 1181.7317 1173.1427 1168.1245 1163.5307 1158.9369 1159.4713 1169.8913 1180.3112 1190.7312 1199.1441 1207.0215 1212.5956 1214.8747 1217.1537 1219.4328 1224.204 1229.1937 1227.438 1220.8331 1215.6686 1214.1278 1212.5869 1211.046 1212.7009 1214.9082 1217.1155 1220.4684 1225.0571 1228.8934 1230.1235 1231.3537 1232.5838 1232.2668 1231.6819
-9999 1234.7384 1238.8886 1239.6489 1230.0716 1220.4943 1210.917 1202.2813 1194.7324 1188.4785 1192.1156 1195.7528 1199.3899 1198.2174 1187.4133 1176.6092 1165.8051 1160.3806 1158.3619 1157.7366 1160.3257 1162.9148 1173.1416 1183.4267 1193.7119 1198.8685 1190.2795 1181.6905 1173.1015 1166.9616 1162.3678 1162.9022 1173.3222 1183.5639 1191.4413 1199.3186 1207.196 1212.7701 1215.0492 1217.812 1222.8016 1227.7913 1232.781 1231.0253 1224.4205 1217.8156 1211.4492 1209.9084 1208.3675 1210.0224 1212.2297 1216.0961 1220.6848 1225.2735 1229.1098 1230.3399 1231.4465 1230.8616 1230.2768 1229.6919
-9999 1248.0704 1244.3806 1234.8033 1225.226 1215.6487 1206.0714 1197.4358 1194.8081 1198.4452 1202.0824 1205.7195 1209.3567 1208.1842 1197.3801 1186.576 1175.7718 1164.9677 1156.886 1156.2606 1161.1192 1171.4043 1181.6894 1191.9745 1202.2597 1207.4163 1198.8273 1190.2383 1181.6493 1173.0603 1165.7988 1166.3332 1175.861 1183.7384 1191.6158 1199.4931 1207.3705 1212.9446 1216.4096 1221.3993 1226.389 1231.3786 1236.3683 1234.6126 1228.0078 1221.4029 1214.7981 1208.1933 1205.6889 1207.3439 1211.7238 1216.3125 1220.9012 1225.4899 1229.3262 1230.0414 1229.4565 1228.8717 1228.2868 1227.7019
-9999 1248.411 1238.8337 1229.2564 1219.6791 1210.1019 1200.5246 1199.4855 1203.1226 1206.7598 1210.3969 1214.0341 1217.6712 1218.2703 1207.4662 1196.6621 1185.8579 1175.0538 1164.2497 1159.8227 1170.1078 1180.3929 1190.678 1200.9631 1211.2482 1215.2499 1206.6299 1198.0409 1189.4519 1180.863 1172.274 1169.3094 1177.1867 1185.0641 1192.9415 1200.8188 1208.6962 1215.2294 1220.2191 1225.2088 1230.1984 1235.1881 1240.1778 1239.0608 1232.4559 1225.8511 1219.2463 1212.6414 1206.0366 1208.2151 1212.8038 1217.3925 1221.9812 1226.5699 1231.8927 1231.793 1231.2081 1230.6233 1230.0384 1229.4535
-9999 1240.4689 1230.8916 1221.3143 1211.737 1203.0166 1200.328 1201.0181 1205.6074 1209.4311 1213.0683 1216.7054 1220.3426 1221.1268 1216.198 1207.1558 1196.3517 1185.5476 1174.7435 1170.3164 1180.6015 1190.8866 1201.1717 1211.4568 1219.2968 1222.1451 1212.3052 1203.2984 1194.7094 1186.1204 1177.5315 1174.5668 1182.4442 1190.3216 1198.1989 1205.8717 1201.8121 1206.2509 1222.8478 1229.777 1234.7667 1239.7563 1244.746 1244.2875 1239.8443 1233.2395 1226.6347 1220.0298 1213.425 1214.0595 1216.8333 1221.422 1226.0107 1230.5994 1235.9223 1243.7881 1245.739 1245.1541 1244.5692 1243.9844
-9999 1232.5268 1222.9495 1213.3722 1207.0876 1204.3991 1201.7105 1202.4005 1206.9899 1211.5792 1215.7396 1219.3768 1223.0139 1223.7982 1218.8694 1213.9405 1206.8455 1196.0414 1185.2373 1180.8102 1191.0953 1201.3804 1211.0275 1218.6097 1226.192 1229.0403 1219.2004 1209.3605 1199.9669 1191.3779 1182.7889 1179.8243 1187.7017 1195.5791 1199.5607 1195.5011 1191.4415 1195.8803 1212.4772 1229.0741 1239.3349 1244.3246 1249.3142 1248.8557 1244.4805 1240.1053 1234.023 1227.4182 1220.8134 1221.4479 1223.3336 1225.4516 1230.0403 1234.629 1239.9518 1247.8177 1255.6836 1259.6849 1259.1001 1258.5152
-9999 1224.5847 1215.0074 1211.1587 1208.4701 1205.7816 1203.093 1203.783 1208.3724 1212.9617 1217.551 1222.0481 1225.6853 1226.4695 1221.5407 1216.6119 1211.6831 1206.5352 1195.7311 1191.304 1201.5891 1210.3404 1217.9226 1225.5049 1233.0871 1235.9354 1226.0956 1216.2557 1206.4158 1196.6354 1188.0464 1185.0818 1192.9592 1193.2497 1189.1901 1185.1305 1181.071 1185.5097 1202.1066 1218.7035 1235.3004 1248.8928 1253.8825 1253.4239 1249.0488 1244.6736 1240.2984 1234.8066 1228.2017 1228.8363 1230.722 1232.6077 1234.4935 1238.6585 1243.9814 1251.8472 1259.7131 1267.579 1273.6309 1273.046
-9999 1217.9183 1215.2297 1212.5411 1209.8526 1207.164 1204.4755 1205.1655 1209.7548 1214.3442 1218.9335 1223.5228 1228.1122 1229.1409 1224.2121 1219.2833 1214.3544 1209.4256 1204.4968 1201.7978 1209.6533 1217.2356 1224.8178 1232.4001 1239.9823 1242.8306 1232.9907 1223.1509 1213.311 1203.4711 1193.6312 1190.3393 1186.9387 1182.8791 1178.8195 1174.76 1170.7004 1175.1391 1191.736 1208.3329 1224.9298 1241.5268 1258.1237 1257.9922 1253.617 1249.2418 1244.8666 1240.4914 1235.5901 1236.2247 1238.1104 1239.9961 1241.8819 1243.7676 1248.0109 1255.8768 1263.7426 1271.6085 1279.4744 1287.3403
-9999 1219.0204 1216.3318 1213.6433 1210.9547 1208.2662 1208.0705 1209.0361 1210.5277 1215.117 1219.7064 1224.2957 1228.885 1228.7838 1221.139 1216.2102 1211.2814 1206.3526 1201.4238 1200.2781 1207.8604 1215.4426 1223.0249 1230.6071 1237.5289 1240.2603 1235.827 1225.9871 1216.1472 1206.3073 1196.4675 1188.6019 1184.5423 1180.4827 1176.4232 1172.3636 1168.9761 1176.2134 1194.6714 1211.2683 1227.8652 1244.4621 1261.059 1261.6148 1255.2612 1250.886 1246.5108 1242.1356 1237.7604 1239.7188 1241.6202 1243.5059 1245.3916 1247.2773 1249.4709 1254.3798 1262.2457 1270.1116 1277.9774 1285.8433
-9999 1220.0006 1217.3121 1214.6235 1211.935 1213.9018 1217.3292 1218.2948 1216.4192 1215.6248 1220.2141 1224.8035 1229.3928 1229.2915 1219.7971 1210.6392 1205.7104 1200.7816 1195.8528 1194.7072 1202.2894 1209.8716 1217.4539 1223.2791 1227.5526 1230.284 1228.8824 1227.0583 1217.2184 1207.3785 1197.5386 1189.6731 1185.6135 1181.5539 1177.4943 1174.7487 1172.7646 1180.0019 1200.4316 1219.9897 1236.5866 1253.1835 1269.7804 1270.3363 1259.3604 1251.2587 1246.8835 1242.5083 1238.1331 1240.0915 1243.1444 1245.329 1247.2148 1249.1005 1251.2941 1254.5542 1258.3455 1266.2114 1274.0773 1281.9431
-9999 1220.9809 1218.2923 1216.3058 1219.7332 1223.1606 1226.588 1227.5536 1225.6779 1223.8023 1221.9266 1225.3113 1229.9006 1229.7993 1220.3048 1210.8104 1201.3159 1195.2106 1190.2818 1189.1362 1196.7184 1204.3007 1209.0293 1213.3028 1217.5763 1220.3077 1218.9061 1217.5044 1216.1028 1208.4497 1198.6098 1190.7443 1186.6847 1182.6251 1180.5213 1178.5372 1176.5531 1183.7903 1204.22 1224.6498 1245.0795 1261.9049 1278.5018 1279.0577 1268.0818 1257.106 1247.2561 1242.881 1238.5058 1240.4641 1243.5171 1246.5701 1249.0379 1250.9236 1253.1172 1256.3774 1259.6375 1262.8976 1270.1771 1278.0429
-9999 1221.9611 1222.1372 1225.5646 1228.992 1232.4194 1235.8468 1236.8124 1234.9367 1233.0611 1231.1854 1229.3097 1230.4084 1230.3071 1220.8126 1211.3181 1201.8237 1192.3292 1184.7108 1183.5652 1190.506 1194.7795 1199.053 1203.3265 1207.6 1210.3314 1208.9298 1207.5281 1206.1265 1204.7248 1199.681 1191.8155 1188.2779 1186.2938 1184.3097 1182.3256 1180.3415 1187.5788 1208.0085 1228.4382 1248.868 1269.2977 1287.2232 1287.7791 1276.8033 1265.8274 1254.8516 1243.8757 1238.8784 1240.8368 1243.8898 1246.9427 1249.9957 1252.7468 1254.9404 1258.2005 1261.4606 1264.7208 1267.9809 1274.1428
-9999 1224.7331 1228.1605 1231.5879 1235.0153 1238.4427 1241.8701 1244.8128 1242.9371 1241.0615 1239.1858 1237.3101 1235.4345 1231.092 1221.5975 1212.103 1202.6085 1193.1141 1183.6196 1178.2883 1182.5618 1186.8353 1191.1088 1195.3823 1199.6558 1202.4884 1201.0867 1199.6851 1198.2834 1196.8818 1195.4801 1193.8795 1191.8954 1189.9113 1187.9272 1185.9431 1183.959 1191.1001 1211.5298 1231.9595 1252.3892 1272.819 1293.2487 1299.1638 1288.188 1277.2121 1266.2363 1255.2605 1244.2846 1245.2703 1248.3233 1251.3763 1254.4292 1257.4822 1258.5842 1261.8443 1265.1045 1268.3646 1271.6247 1274.8848
-9999 1214.6636 1218.091 1221.5184 1224.9458 1228.7607 1240.9137 1246.5542 1244.6786 1242.8029 1240.9273 1239.0516 1235.615 1230.7461 1223.3061 1214.2662 1204.7717 1195.2772 1185.7827 1180.4515 1184.725 1188.9985 1193.272 1197.5454 1203.1119 1206.6762 1204.144 1202.4522 1201.0506 1199.6489 1198.2473 1196.6467 1194.6626 1192.6785 1190.6944 1188.7103 1186.3135 1193.2923 1213.7221 1234.1518 1254.5815 1275.1183 1296.8184 1309.0777 1312.8196 1301.8438 1290.8679 1279.8921 1268.9163 1269.902 1272.9549 1276.0079 1279.0609 1275.6355 1271.284 1274.5441 1277.8042 1281.0643 1284.1582 1283.8082
-9999 1204.5942 1208.0216 1211.449 1218.3492 1230.5022 1242.6552 1248.2957 1246.42 1244.5444 1242.2126 1238.6277 1235.0427 1230.1738 1222.7339 1215.2939 1206.9348 1197.4403 1187.9459 1182.6146 1186.8881 1191.1616 1195.6815 1201.5203 1207.3591 1210.9234 1208.3913 1205.8591 1203.8177 1202.4161 1201.0144 1199.4138 1197.4297 1195.4457 1193.3522 1190.929 1188.5058 1195.4846 1215.9143 1236.3441 1257.2454 1278.9456 1300.6457 1312.905 1318.3774 1323.8498 1315.4996 1304.5237 1293.5479 1294.5336 1297.5866 1300.6395 1294.8843 1288.3353 1283.9837 1287.2438 1290.504 1292.7218 1292.3718 1292.0218
-9999 1194.5247 1197.9521 1207.9377 1220.0907 1232.2437 1244.3966 1250.0372 1248.1615 1245.2253 1241.6404 1238.0554 1234.4705 1229.6016 1222.1616 1214.7216 1207.2817 1199.6035 1190.109 1184.7777 1189.0512 1194.0899 1199.9287 1205.7675 1211.6064 1215.1706 1212.6385 1210.1063 1207.5742 1205.1833 1203.7816 1202.181 1200.1969 1197.9677 1195.5445 1193.1213 1190.6981 1197.6769 1218.1066 1239.3726 1261.0728 1282.7729 1304.473 1316.7323 1322.2047 1327.6771 1333.1495 1329.1554 1318.1795 1319.1652 1320.6821 1314.1331 1307.5841 1301.035 1296.6835 1299.9436 1301.2854 1300.9354 1300.5854 1300.2354
-9999 1185.3732 1197.5262 1209.6792 1221.8321 1233.9851 1246.1381 1251.7786 1248.2381 1244.6531 1241.0681 1237.4832 1233.8982 1229.0294 1221.5894 1214.1494 1206.7094 1199.2695 1191.8295 1186.9409 1192.4983 1198.3371 1204.1759 1210.0148 1215.8536 1219.4179 1216.8857 1214.3536 1211.8214 1209.2893 1206.7571 1204.9482 1202.5832 1200.16 1197.7368 1195.3136 1192.8903 1199.8692 1221.4998 1243.2 1264.9001 1286.6002 1308.3003 1320.5596 1326.032 1331.5044 1336.9768 1342.4492 1342.8112 1339.9309 1333.3819 1326.8328 1320.2838 1313.7348 1309.3832 1309.8491 1309.4991 1309.1491 1308.7991 1308.4491
-9999 1192.7196 1204.8726 1217.0256 1229.1785 1241.3315 1252.4469 1251.2773 1243.7087 1240.1238 1236.5388 1232.9539 1229.3689 1229.7662 1230.7934 1223.3534 1215.9134 1208.4735 1201.0335 1197.6088 1203.4476 1209.2865 1215.1253 1220.9641 1226.8518 1230.0959 1226.3335 1223.8014 1221.2692 1218.7371 1216.2049 1213.71 1211.2868 1208.8636 1206.4404 1204.0171 1205.342 1211.3115 1222.7692 1244.4693 1266.1695 1287.8696 1309.5697 1318.8685 1323.1026 1328.575 1334.0474 1339.5197 1344.9921 1343.3174 1336.7683 1330.2193 1323.6703 1317.1213 1312.4452 1313.3634 1313.0134 1312.6634 1312.3134 1311.9634
-9999 1203.2482 1215.4012 1227.5542 1239.7071 1249.6741 1258.839 1257.6694 1244.5724 1233.3478 1229.7628 1226.1779 1222.5929 1222.9902 1231.3621 1238.1079 1230.6679 1223.228 1215.788 1212.3633 1218.2022 1224.041 1229.8798 1235.8936 1242.081 1245.325 1240.6803 1236.2018 1233.6696 1231.1375 1228.6053 1226.1104 1223.6872 1221.264 1218.8408 1224.9511 1236.6456 1242.6151 1240.3944 1244.2865 1265.9866 1287.6867 1309.3868 1318.6857 1319.0693 1321.8094 1327.2818 1332.7542 1338.2265 1336.7125 1333.9911 1328.3182 1321.7691 1315.2201 1310.5441 1312.3559 1313.8597 1313.5097 1313.1597 1312.8097
-9999 1213.7768 1225.9298 1237.7363 1246.9012 1256.0662 1265.2312 1264.0616 1250.9646 1237.8676 1224.7706 1219.4019 1215.817 1216.2142 1224.5861 1232.958 1241.3299 1237.9825 1230.5425 1227.1178 1232.9567 1238.7955 1244.9353 1251.1227 1257.3101 1260.5541 1255.9094 1251.2647 1246.6199 1243.5379 1241.0058 1238.5108 1236.0876 1233.6644 1244.5602 1256.2547 1267.9492 1273.9187 1271.698 1269.4773 1267.2566 1287.5038 1309.204 1318.5028 1318.8864 1319.2701 1320.5162 1325.9886 1331.461 1329.9469 1327.2255 1324.504 1319.868 1313.3189 1308.6429 1310.4547 1312.2665 1314.0783 1314.0059 1313.6559
-9999 1224.3055 1234.9634 1244.1284 1253.2934 1262.4583 1271.6233 1270.4537 1257.3567 1244.2597 1231.1627 1218.0657 1209.041 1209.4382 1217.8101 1226.182 1234.5539 1242.9258 1245.297 1241.8723 1247.7897 1253.9771 1260.1644 1266.3518 1272.5392 1275.7833 1271.1385 1266.4938 1261.8491 1257.2043 1253.4062 1250.9112 1252.4749 1264.1694 1275.8638 1287.5583 1299.2528 1305.2223 1303.0016 1300.7809 1298.5602 1296.3395 1309.0211 1318.3199 1318.7035 1319.0872 1319.4708 1319.8545 1324.6954 1323.1814 1320.4599 1317.7385 1315.017 1311.4178 1306.7418 1308.5536 1310.3654 1312.1772 1313.989 1314.5022
-9999 1231.282 1240.447 1249.612 1258.7769 1267.9419 1277.1068 1277.1417 1264.0447 1250.9477 1237.8507 1224.7537 1211.6567 1201.8391 1210.211 1218.5829 1226.9547 1235.3266 1243.6985 1251.4098 1257.5972 1263.7846 1269.972 1276.1593 1282.3467 1287.8633 1283.2587 1278.614 1273.9692 1269.3245 1264.6798 1265.616 1277.3104 1289.0049 1300.6994 1312.3938 1324.0883 1323.1801 1320.9594 1318.7386 1316.5179 1314.2972 1312.0765 1312.01 1312.3936 1312.7773 1313.1609 1313.5446 1313.9282 1318.0331 1315.3117 1312.5902 1309.8688 1307.1473 1300.4784 1301.3695 1303.1813 1304.9931 1306.805 1308.6168
-9999 1233.3263 1242.4913 1251.6563 1260.8212 1269.3471 1273.8767 1274.3082 1270.0098 1258.7555 1245.6585 1232.5615 1219.4645 1208.9872 1203.7559 1207.8677 1216.2396 1224.6115 1232.9834 1240.6947 1246.8821 1253.0695 1259.2568 1265.4442 1274.614 1281.5723 1281.8887 1278.9658 1274.321 1269.6763 1265.0315 1265.9677 1277.6622 1289.3567 1301.0512 1312.633 1320.5984 1315.6466 1292.215 1286.1778 1283.9571 1281.7364 1279.5157 1280.1855 1282.8909 1283.2746 1283.6582 1284.0419 1284.4256 1302.6085 1316.2857 1313.5643 1310.8428 1308.1214 1301.4525 1281.11 1275.9998 1277.8116 1279.6234 1281.4352
-9999 1235.3706 1244.5356 1253.7006 1260.4448 1264.9744 1269.5041 1269.9355 1265.6372 1261.3388 1253.4663 1240.3693 1227.2723 1216.795 1211.5638 1206.3325 1205.5245 1213.8964 1222.2683 1229.9796 1236.167 1242.3543 1249.4502 1258.8866 1268.3231 1275.2814 1275.5977 1275.9141 1274.6728 1270.0281 1265.3833 1266.3195 1278.014 1289.7085 1300.0263 1307.9917 1315.9571 1311.0053 1287.5737 1264.142 1251.3963 1249.1756 1246.9549 1247.6247 1250.3724 1253.1201 1254.1556 1254.5392 1254.9229 1273.1059 1294.3651 1314.5384 1311.8169 1309.0955 1302.4265 1282.0841 1261.7416 1250.63 1252.4418 1254.2536
-9999 1237.4149 1246.5799 1251.5425 1256.0721 1260.6018 1265.1314 1265.5629 1261.2645 1256.9661 1252.6678 1248.1772 1235.0802 1224.6029 1219.3716 1214.1403 1208.9091 1203.6778 1211.5532 1219.2645 1225.4519 1233.7228 1243.1592 1252.5956 1262.0321 1268.9904 1269.3067 1269.6231 1269.9394 1270.2558 1265.7351 1266.6713 1278.3658 1287.4195 1295.3849 1303.3503 1311.3157 1306.3639 1282.9323 1259.5007 1236.0691 1216.6148 1214.3941 1215.0639 1217.8116 1220.5593 1223.307 1225.0365 1225.4202 1243.6032 1264.8624 1286.1216 1307.3808 1310.0695 1303.4006 1283.0581 1262.7157 1242.3732 1225.2603 1227.0721
-9999 1238.1105 1242.6402 1247.1698 1251.6995 1256.2291 1260.7587 1261.1902 1256.8918 1252.5935 1248.2951 1243.9968 1239.6984 1232.4107 1227.1794 1221.9482 1216.7169 1211.4856 1206.2544 1208.5589 1217.9953 1227.4318 1236.8682 1246.3047 1255.7411 1262.6994 1263.0158 1263.3321 1263.6485 1263.9648 1264.2812 1266.8474 1274.8128 1282.7782 1290.7436 1298.709 1306.6744 1301.7226 1278.291 1254.8593 1231.4277 1207.9961 1184.5645 1182.5031 1185.2508 1187.9985 1190.7462 1193.4939 1195.9175 1214.1005 1235.3597 1256.6189 1277.8781 1299.1373 1304.3747 1284.0322 1263.6897 1243.3473 1223.0048 1202.6623
-9999 1252.2777 1256.8073 1261.3369 1265.8666 1270.3962 1266.7336 1263.3266 1264.373 1260.0747 1255.7763 1251.478 1247.1796 1245.4476 1246.7287 1241.4974 1236.2661 1231.0349 1225.8036 1225.0076 1234.4441 1243.8805 1253.317 1262.7534 1266.2897 1262.011 1264.5099 1264.8263 1265.1426 1265.4589 1265.7753 1268.7043 1276.6697 1284.6351 1292.6005 1300.5659 1303.9506 1302.1815 1292.4192 1268.9876 1245.5559 1222.1243 1198.6927 1181.2351 1176.8102 1179.558 1182.3057 1185.0534 1187.8011 1199.0198 1218.8911 1240.1503 1261.4095 1282.6687 1296.3698 1282.2426 1261.9001 1241.5577 1221.2152 1200.8727
