P1_models/J1_p1_vp_slide_diff_25.dat.tif
NCOLS 118
NROWS 92
XLLCORNER 139.62
YLLCORNER -39.07
DX 0.099491525
DY 0.099347826
NODATA_VALUE -9999
[rows 0 to 26 of 92, columns 0 to 59 of 118]
-9999 -9999 -9999 -9999 -9999 -9999 -9999 -9999 -9999 -9999 -9999 -9999 -9999 -9999 -9999 -9999 -9999 -9999 -9999 -9999 -9999 -9999 -9999 -9999 -9999 -9999 -9999 -9999 -9999 -9999 -9999 -9999 -9999 -9999 -9999 -9999 -9999 -9999 -9999 -9999 -9999 -9999 -9999 -9999 -9999 -9999 -9999 -9999 -9999 -9999 -9999 -9999 -9999 -9999 -9999 -9999 -9999 -9999 -9999 -9999
-9999 6.8041741 6.8057632 6.8073523 6.8089414 6.8105305 6.8145991 6.8189525 6.812729 6.80257 6.7924109 6.7822518 6.7720928 6.7602532 6.7510305 6.7486665 6.7463026 6.7439387 6.7415748 6.7388188 6.7351584 6.7314979 6.7278374 6.724177 6.7199448 6.7136359 6.7119577 6.7112469 6.7105361 6.7098253 6.7091146 6.706123 6.6987348 6.6913467 6.6839585 6.6765703 6.6716115 6.6664885 6.6557683 6.6482654 6.6407626 6.6332597 6.6257568 6.6196501 6.6203692 6.6229476 6.625526 6.6281044 6.6306828 6.6203722 6.6059168 6.5914614 6.577006 6.5625506 6.5547958 6.5622009 6.5582411 6.5542813 6.5503216 6.5463618
-9999 6.8052782 6.8068672 6.8084563 6.8100454 6.8160425 6.8248007 6.829154 6.8284237 6.8247365 6.8145775 6.8044184 6.7942594 6.7824198 6.7672148 6.754805 6.7524411 6.7500772 6.7477132 6.7449573 6.7412968 6.7376363 6.7339759 6.7287222 6.720946 6.7146371 6.7122611 6.7102041 6.7094934 6.7087826 6.7080718 6.7050803 6.6976921 6.6903039 6.6829157 6.6800483 6.6818574 6.6767344 6.6616942 6.6494168 6.641914 6.6344111 6.6269082 6.6208015 6.6156985 6.6149905 6.6175689 6.6201473 6.6227257 6.6125024 6.6000667 6.5858571 6.5714017 6.5569463 6.5491916 6.5646472 6.5752554 6.5712957 6.5673359 6.5633762
-9999 6.8063822 6.8079712 6.8095603 6.8174859 6.8262441 6.8350023 6.8393556 6.8386253 6.8378949 6.836744 6.826585 6.8164259 6.8045863 6.7893814 6.7741764 6.7589715 6.7562156 6.7538517 6.7510957 6.7474353 6.7437748 6.7374996 6.7297234 6.7219471 6.7156382 6.7132622 6.7108862 6.7085102 6.7077399 6.7070291 6.7040375 6.6966494 6.6892612 6.6884851 6.6902942 6.6921032 6.6869803 6.6719401 6.6568999 6.6430654 6.6355625 6.6280596 6.6219529 6.6168499 6.6117468 6.6096118 6.6121902 6.6147686 6.6045453 6.5921096 6.5796738 6.5657975 6.5513421 6.5435873 6.559043 6.5744986 6.58831 6.5843503 6.5803905
-9999 6.8074862 6.8101711 6.8189293 6.8276874 6.8364456 6.8452038 6.8495572 6.8488268 6.8480965 6.8473661 6.8466357 6.8385925 6.8267529 6.8115479 6.796343 6.781138 6.7659331 6.7599901 6.7572342 6.7535737 6.746277 6.7385008 6.7307245 6.7229482 6.7166393 6.7142633 6.7118874 6.7095114 6.7071354 6.7059863 6.7029948 6.6956066 6.6969219 6.698731 6.70054 6.7023491 6.6972261 6.6821859 6.6671457 6.6521055 6.6370653 6.629211 6.6231043 6.6180013 6.6128982 6.6077952 6.604233 6.6068114 6.5965882 6.5841524 6.5717167 6.559281 6.5457378 6.5379831 6.5534387 6.5688944 6.58435 6.5998057 6.5974049
-9999 6.8116144 6.8203726 6.8291308 6.837889 6.8466472 6.8554054 6.8597588 6.8590284 6.858298 6.8575677 6.8568373 6.8561069 6.8489195 6.8337145 6.8185095 6.8033046 6.7880996 6.7728947 6.7628307 6.7550544 6.7472781 6.7395019 6.7317256 6.7239494 6.7176405 6.7152645 6.7128885 6.7105125 6.7081365 6.7057605 6.7035497 6.7053587 6.7071678 6.7089769 6.7107859 6.712595 6.707472 6.6924318 6.6773916 6.6623514 6.6473112 6.632271 6.6242557 6.6191527 6.6140496 6.6089466 6.6038436 6.5988543 6.588631 6.5761953 6.5637596 6.5513238 6.5388881 6.5323788 6.5478345 6.5632901 6.5787458 6.5942014 6.6096571
-9999 6.8231522 6.8319104 6.8406686 6.8494268 6.858185 6.8661104 6.8696985 6.8689681 6.8682377 6.8675074 6.866777 6.8633492 6.8546059 6.8412207 6.8260158 6.8108108 6.7956059 6.7804009 6.7674423 6.759666 6.7518898 6.7441135 6.7363373 6.7263038 6.7162192 6.7157569 6.7133809 6.7110049 6.7086289 6.7062529 6.7053064 6.7071154 6.7089245 6.7107335 6.7125426 6.7203206 6.7223167 6.7072765 6.6922363 6.6771961 6.6621559 6.6502733 6.6538598 6.6573632 6.6522601 6.6471571 6.642054 6.636951 6.6255958 6.6131601 6.6007243 6.5882886 6.575256 6.5672239 6.5826796 6.5981353 6.6135909 6.6290466 6.6268014
-9999 6.8349017 6.8436599 6.8524181 6.8611763 6.8686789 6.8760086 6.8795967 6.8788663 6.8781359 6.8774056 6.8722105 6.8655096 6.8567664 6.843933 6.8310995 6.8159945 6.8007895 6.7855845 6.7726259 6.7648497 6.7570734 6.7492971 6.7375972 6.7237554 6.7136708 6.7136563 6.7136418 6.7114166 6.7090406 6.7066646 6.7057181 6.7075272 6.7093363 6.7111453 6.7219895 6.7358939 6.73789 6.7228498 6.7078096 6.6927694 6.682023 6.6718745 6.675461 6.6889213 6.6963418 6.6912388 6.6861357 6.6810327 6.6696775 6.6572418 6.644806 6.6313224 6.6165095 6.6084774 6.623933 6.6393887 6.6548443 6.6472027 6.6342212
-9999 6.8466512 6.8554093 6.8639176 6.8712473 6.8785771 6.8859068 6.8894949 6.8887645 6.8877727 6.8810718 6.874371 6.8676701 6.8589269 6.8460934 6.83326 6.8204266 6.8059731 6.7907682 6.7778095 6.7700333 6.762257 6.7488906 6.7350488 6.7212071 6.7111224 6.7111079 6.7110934 6.7110789 6.7094524 6.7070764 6.7061299 6.707939 6.7097541 6.7236584 6.7375628 6.7514672 6.7534633 6.7384231 6.7239211 6.7137727 6.7036242 6.6934757 6.6970622 6.7105225 6.7239828 6.7353205 6.7302174 6.7251144 6.7137592 6.7013234 6.6873887 6.6725758 6.6577629 6.6497308 6.6651865 6.6805855 6.667604 6.6546225 6.641641
-9999 6.8584006 6.8664861 6.8738158 6.8811456 6.8884753 6.8958051 6.8993931 6.896634 6.8899332 6.8832323 6.8765315 6.8698306 6.8610874 6.8482539 6.8354205 6.8225871 6.8097537 6.7959518 6.7829932 6.7740257 6.760184 6.7463422 6.7325004 6.7186587 6.7085741 6.7085596 6.7085451 6.7085306 6.7085161 6.7074882 6.7065417 6.711423 6.7253274 6.7392317 6.7531361 6.7670405 6.7690366 6.7556708 6.7455223 6.7353738 6.7252254 6.7150769 6.7186633 6.7321237 6.745584 6.7590443 6.7725047 6.7691961 6.7578409 6.743455 6.7286421 6.7138292 6.6990164 6.6909843 6.7009868 6.6880053 6.6750238 6.6620423 6.6490608
-9999 6.8693219 6.8766516 6.8839814 6.8913111 6.8986409 6.9059706 6.905494 6.8987932 6.8920924 6.8853915 6.8786907 6.8719899 6.8617325 6.8488991 6.8360657 6.8232323 6.8103989 6.7975655 6.7844272 6.7705854 6.7567437 6.7429019 6.7290601 6.7152184 6.707191 6.7071765 6.707162 6.7071475 6.707133 6.7071185 6.7118583 6.7257626 6.739667 6.7535713 6.7674757 6.7813801 6.7853393 6.7751908 6.7650423 6.7548938 6.7447454 6.7345969 6.7372004 6.7506607 6.764121 6.7775813 6.7910417 6.804502 6.7938555 6.7790426 6.7642297 6.7494169 6.734604 6.7230024 6.7100209 6.6970394 6.6840579 6.6710764 6.6580949
-9999 6.8812397 6.8885694 6.8958992 6.9032289 6.9105587 6.9109522 6.9076449 6.9009441 6.8942433 6.8875424 6.8808416 6.8732057 6.8610121 6.8402507 6.82678 6.8139466 6.8011132 6.7882798 6.7751415 6.7612997 6.7474579 6.7336162 6.7197744 6.7137224 6.7122164 6.713301 6.7134164 6.7134019 6.7133874 6.7133729 6.7181126 6.732017 6.7459213 6.7598257 6.7737301 6.7873904 6.7912198 6.7810714 6.7709229 6.7607744 6.7506259 6.7450434 6.7441501 6.749116 6.7625764 6.7760367 6.789497 6.8029574 6.7923108 6.7774979 6.7626851 6.7478722 6.7429255 6.7426162 6.7296347 6.7166532 6.7036717 6.6906901 6.6615523
-9999 6.8931575 6.9004872 6.907817 6.9138367 6.9134698 6.913103 6.9097958 6.903095 6.8963941 6.8896459 6.8817308 6.8738157 6.8616221 6.8408607 6.8200993 6.8046609 6.7918275 6.7789941 6.7658557 6.752014 6.7381722 6.7243305 6.7211002 6.7186277 6.7171217 6.7182063 6.719291 6.7196563 6.7196418 6.7196273 6.724367 6.7382713 6.7521757 6.7660713 6.7796711 6.793271 6.7971004 6.7869519 6.7768034 6.7673999 6.7620673 6.7567348 6.7558415 6.7581396 6.7610317 6.774492 6.7879524 6.8014127 6.7907662 6.7759533 6.7611404 6.7591901 6.7625392 6.7622299 6.7492484 6.7362669 6.7218795 6.6912332 6.660587
-9999 6.9050753 6.9124051 6.9163544 6.9159875 6.9156207 6.9152539 6.9119467 6.9052459 6.898171 6.8902559 6.8823407 6.8744256 6.862232 6.8414706 6.8207093 6.7999479 6.7825418 6.7697084 6.75657 6.7427283 6.7309506 6.728478 6.7260055 6.723533 6.722027 6.7231116 6.7241963 6.7252809 6.7258961 6.7258816 6.7306213 6.7445257 6.7583521 6.7719519 6.7855517 6.7991515 6.802981 6.7928325 6.7844238 6.7790913 6.7737587 6.7684261 6.7675329 6.7698309 6.772129 6.7744271 6.7864077 6.799868 6.7892215 6.7744086 6.7754547 6.7788038 6.7821529 6.7818437 6.7688622 6.7515604 6.7209141 6.6902679 6.6596217
-9999 6.9169931 6.9188721 6.9185052 6.9181384 6.9177716 6.9174048 6.9140976 6.906696 6.8987809 6.8908658 6.8829507 6.8750356 6.862842 6.8420806 6.8213192 6.8005578 6.7797964 6.7604227 6.7472843 6.7383284 6.7358559 6.7333833 6.7309108 6.7284383 6.7269323 6.7280169 6.7291016 6.7301862 6.7312708 6.732136 6.7368757 6.7506328 6.7642326 6.7778325 6.7914323 6.8050321 6.8088615 6.8014478 6.7961152 6.7907827 6.7854501 6.7801175 6.7792242 6.7815223 6.7838204 6.7861185 6.7884165 6.7983234 6.7883702 6.7917193 6.7950684 6.7984176 6.8017667 6.8014574 6.7812413 6.750595 6.7199488 6.6893026 6.6586563
-9999 6.9159396 6.9155728 6.915206 6.9148392 6.9144724 6.9141056 6.9123224 6.9044073 6.8964921 6.888577 6.8806619 6.8727468 6.8630911 6.8427144 6.821953 6.8011916 6.7804302 6.7596689 6.7444377 6.7419652 6.7394927 6.7370201 6.7345476 6.7320751 6.7326119 6.735282 6.7363667 6.7374513 6.7385359 6.7396205 6.7449799 6.7585798 6.7721796 6.7857794 6.7993792 6.812979 6.8126091 6.8072765 6.801944 6.7966114 6.7912788 6.7859462 6.7867526 6.7890506 6.7913487 6.7936468 6.7959449 6.798243 6.7980406 6.8013897 6.8047389 6.808088 6.8114371 6.813157 6.7860903 6.7554441 6.7247978 6.6941516 6.6635054
-9999 6.8999763 6.8996095 6.8992427 6.8988759 6.899981 6.9094169 6.9087329 6.8963692 6.8874678 6.8795527 6.8716375 6.8637224 6.8540667 6.8409254 6.8226423 6.8018809 6.7811196 6.7603582 6.745127 6.7426545 6.740182 6.7377095 6.7352369 6.7278092 6.7265092 6.7426326 6.7491151 6.7501997 6.7512844 6.752369 6.7577284 6.7713282 6.784928 6.7985278 6.8117891 6.8173414 6.814925 6.8011082 6.79415 6.7888174 6.7834849 6.7781523 6.7799727 6.7869056 6.7892037 6.7915017 6.7937998 6.7960979 6.7912019 6.7879556 6.7913047 6.7946539 6.798003 6.7997229 6.7957992 6.7738035 6.7431573 6.7125111 6.6818648
-9999 6.8840131 6.8836462 6.8832794 6.8872861 6.896722 6.9061579 6.9054738 6.8931101 6.8807464 6.8705283 6.8626132 6.854698 6.8450423 6.831901 6.8187596 6.8025703 6.7818089 6.7610475 6.7458163 6.7433438 6.7408713 6.7373077 6.7295071 6.7217065 6.7204065 6.7365298 6.7526532 6.7629482 6.7640328 6.7651174 6.7704768 6.7840766 6.7976765 6.8088976 6.8144499 6.8200022 6.8175858 6.803769 6.7899522 6.7810235 6.7756909 6.7703583 6.7721788 6.7791415 6.7861041 6.7893567 6.7916547 6.7939528 6.7890568 6.7829175 6.7778706 6.7812197 6.7845688 6.7862887 6.782365 6.7784413 6.7615168 6.7308706 6.7002243
-9999 6.8680498 6.8676829 6.8745912 6.8840271 6.893463 6.9028988 6.9022148 6.8898511 6.8774874 6.8651237 6.8535888 6.8456737 6.8360179 6.8228766 6.8097353 6.7965939 6.7824982 6.7617368 6.7465057 6.7440331 6.7390057 6.731205 6.7234044 6.7156038 6.7143038 6.7304271 6.7465505 6.7626739 6.7767812 6.7778659 6.7832253 6.7968251 6.8060062 6.8115585 6.8171108 6.8226631 6.8202466 6.8064298 6.792613 6.7787962 6.767897 6.7625644 6.7643848 6.7713475 6.7783102 6.7852728 6.7895097 6.7918078 6.7869118 6.7807724 6.7746331 6.7684937 6.7711347 6.7728546 6.7689309 6.7650072 6.7610835 6.74923 6.7185838
-9999 6.8524604 6.8618963 6.8713322 6.8807681 6.8902039 6.8996398 6.8989558 6.8865921 6.8742284 6.8618647 6.849501 6.8371373 6.8269936 6.8138522 6.8007109 6.7875696 6.7744282 6.7612869 6.747195 6.7407036 6.732903 6.7251023 6.7173017 6.7095011 6.7082011 6.7243244 6.7404478 6.7565712 6.7726945 6.7888179 6.7959737 6.8031147 6.808667 6.8142193 6.8197716 6.8253239 6.8229075 6.8090907 6.7952739 6.7814571 6.7676403 6.7547705 6.7565909 6.7635536 6.7705162 6.7774789 6.7844415 6.7896627 6.7847667 6.7786273 6.772488 6.7663487 6.7602093 6.7594204 6.7554967 6.751573 6.7476493 6.7437256 6.7369433
-9999 6.8404883 6.8499241 6.85936 6.8687959 6.8782318 6.885761 6.880044 6.8676803 6.8553166 6.8429529 6.8305892 6.8181994 6.8120887 6.8069292 6.7937879 6.7806465 6.7675052 6.7543639 6.7428375 6.7350368 6.7272362 6.7194356 6.7116349 6.7038343 6.7154307 6.7359994 6.7521227 6.7682461 6.7843694 6.8004928 6.8130054 6.8185577 6.82411 6.8296623 6.8352146 6.8399952 6.8339723 6.8201555 6.8063387 6.7925219 6.7787051 6.7648877 6.7521503 6.7570592 6.7640219 6.7709846 6.7779472 6.7849099 6.7807012 6.7745619 6.7684226 6.7622832 6.7561439 6.7460258 6.7421021 6.7381784 6.7342547 6.730331 6.7257871
-9999 6.8219436 6.8313795 6.8408154 6.8502512 6.8549999 6.855042 6.849325 6.8369613 6.8245976 6.8122339 6.7997366 6.7870097 6.7808989 6.7880375 6.7884499 6.7753086 6.7621673 6.7490259 6.7374995 6.7296989 6.7218983 6.7140976 6.7101189 6.7163122 6.7279316 6.754094 6.7772076 6.793331 6.8094543 6.8255777 6.8380903 6.8436426 6.8491949 6.8547472 6.8579745 6.8573993 6.8513763 6.8375595 6.8237427 6.8099259 6.7961081 6.7822895 6.769552 6.7575919 6.7585079 6.7654705 6.7724332 6.7793959 6.7751872 6.7690479 6.7629086 6.7561623 6.7434243 6.732661 6.7287373 6.7248136 6.7208899 6.7159159 6.7097256
-9999 6.803399 6.8128349 6.8222707 6.8242388 6.8242809 6.824323 6.818606 6.8062423 6.7938786 6.7812738 6.7685469 6.75582 6.7497092 6.7568477 6.7639862 6.7699707 6.7568293 6.743688 6.7321616 6.724361 6.7165603 6.7164264 6.7226198 6.7288131 6.7404325 6.7665949 6.7927573 6.8184159 6.8345392 6.8506626 6.8631752 6.8687275 6.8742798 6.8759537 6.8753785 6.8748033 6.8687804 6.8549636 6.8411468 6.8273285 6.8135099 6.7996912 6.7869538 6.7749937 6.7630336 6.7599565 6.7669192 6.7738818 6.7696732 6.7635339 6.7555354 6.7427974 6.7300595 6.7192961 6.7153724 6.7114487 6.7060446 6.6998543 6.693664
-9999 6.7848543 6.7934357 6.7934778 6.7935199 6.7935619 6.793604 6.787887 6.7755233 6.762811 6.7500841 6.7373572 6.7246302 6.7185195 6.725658 6.7327965 6.739935 6.7470736 6.73835 6.7268237 6.719023 6.722734 6.7289274 6.7351207 6.7413141 6.7529334 6.7790958 6.8052582 6.8314206 6.857583 6.8757475 6.8882601 6.8938124 6.893933 6.8933578 6.8927826 6.8922074 6.8861844 6.8723676 6.858549 6.8447303 6.8309116 6.8170929 6.8043555 6.7923954 6.7804353 6.7684752 6.7614052 6.7683678 6.7641592 6.7549085 6.7421706 6.7294326 6.7166947 6.7059313 6.7020076 6.6961734 6.6899831 6.6837927 6.6776024
-9999 6.7626746 6.7627167 6.7627588 6.7628009 6.762843 6.762885 6.7570751 6.7443482 6.7316213 6.7188944 6.7061674 6.6934405 6.6873298 6.6944683 6.7016068 6.7087453 6.7158838 6.7230224 6.7228482 6.7290416 6.7352349 6.7414283 6.7476216 6.753815 6.7654343 6.7915967 6.8177591 6.8439215 6.8700839 6.8962463 6.9124874 6.9119122 6.911337 6.9107618 6.9101866 6.9096114 6.9035881 6.8897694 6.8759507 6.862132 6.8483133 6.8344946 6.8217572 6.8097971 6.797837 6.7858769 6.7739168 6.7628538 6.7542816 6.7415437 6.7288057 6.7160678 6.7033299 6.6924924 6.6863021 6.6801118 6.6739215 6.6677311 6.6615408
-9999 6.740385 6.7404271 6.7404692 6.7405113 6.7405533 6.7476881 6.7607162 6.7641384 6.7514115 6.7386846 6.7259577 6.7132308 6.7009109 6.6943153 6.7014538 6.7085923 6.7157308 6.7228693 6.7297221 6.7359154 6.7421088 6.7483021 6.7544954 6.7673227 6.7862013 6.79258 6.8187424 6.8449048 6.8710672 6.8972296 6.9142593 6.9136841 6.9131089 6.9125337 6.9119585 6.9133695 6.9089975 6.8938598 6.8800411 6.8662224 6.8524037 6.8385851 6.8276201 6.8169837 6.8050236 6.7930635 6.7811034 6.7691433 6.7620675 6.750278 6.7375401 6.7248021 6.7120642 6.6994186 6.688477 6.6822867 6.6760964 6.669906 6.6637157
-9999 6.719711 6.719753 6.7197951 6.7198372 6.7307767 6.7436727 6.7567009 6.7698816 6.7809724 6.7682454 6.7555185 6.7427916 6.7304717 6.718967 6.7074623 6.7143877 6.7215262 6.7286647 6.7355174 6.7417108 6.7479041 6.7540975 6.7722628 6.7978846 6.8167632 6.8175679 6.8183726 6.8436807 6.8698431 6.8960055 6.9130352 6.91246 6.9118848 6.9113096 6.9138074 6.9175191 6.9131471 6.8972101 6.8815804 6.8677617 6.853943 6.8401243 6.8291594 6.820246 6.8102525 6.7982924 6.7863323 6.7743722 6.7672963 6.7610646 6.7505098 6.7377719 6.7250339 6.7123883 6.7000626 6.6879567 6.6817664 6.675576 6.6693857
