P1_models/J1_p1_tot_conduct_slide_195.49.dat.tif
NCOLS 118
NROWS 92
XLLCORNER 139.62
YLLCORNER -39.07
DX 0.099491525
DY 0.099347826
NODATA_VALUE -9999
[rows 52 to 77 of 92, columns 0 to 57 of 118]
-2.5257689 -2.4865843 -2.4368385 -2.3764401 -2.3101124 -2.2516519 -2.2019062 -2.1633076 -2.1396191 -2.1321474 -2.1570203 -2.1849266 -2.2296978 -2.2844097 -2.3590283 -2.4324051 -2.5119983 -2.5915915 -2.6711847 -2.7427018 -2.7924476 -2.8381604 -2.8481096 -2.8580587 -2.8680079 -2.8808048 -2.890754 -2.9120592 -2.961805 -3 -3 -2.9992501 -2.9942755 -2.9398468 -2.7827549 -2.6877036 -2.6777545 -2.6663848 -2.6506757 -2.6289837 -2.5975653 -2.573916 -2.5540177 -2.5344594 -2.5135138 -2.5338491 -2.5757403 -2.5638372 -2.5371223 -2.5086255 -2.4798417 -2.4080264 -2.3339371 -2.3228825 -2.3135789 -2.3188153 -2.3332302 -2.3646486
-2.5436254 -2.512263 -2.4672321 -2.4077829 -2.3442846 -2.2906742 -2.2438876 -2.2062383 -2.1825498 -2.1795444 -2.2115389 -2.2432423 -2.290015 -2.3497014 -2.4279826 -2.5026012 -2.5784811 -2.653409 -2.7217096 -2.789269 -2.8313846 -2.8695032 -2.8742106 -2.8720411 -2.8780735 -2.886671 -2.8926525 -2.9117076 -2.9574349 -2.9933649 -2.9893614 -2.984264 -2.9720491 -2.9166711 -2.7572885 -2.6529162 -2.6333016 -2.616674 -2.5946349 -2.5736715 -2.5449453 -2.5232916 -2.5057677 -2.4974457 -2.4855917 -2.5174338 -2.5647253 -2.5746807 -2.5551353 -2.5423476 -2.5187293 -2.4530468 -2.3820035 -2.3658132 -2.356062 -2.3530059 -2.361534 -2.3819321
-2.5283196 -2.5018486 -2.462052 -2.4095023 -2.3479123 -2.3366933 -2.2919221 -2.2601989 -2.2365104 -2.1992658 -2.2340879 -2.2740328 -2.3237786 -2.3704215 -2.4500147 -2.5392436 -2.6140337 -2.6777668 -2.7420595 -2.7931909 -2.8324827 -2.8591988 -2.8542242 -2.856946 -2.8619206 -2.8655435 -2.8702393 -2.8895232 -2.9352832 -2.964857 -2.9589913 -2.9439243 -2.9290006 -2.8652349 -2.7029067 -2.6132084 -2.5883355 -2.5612936 -2.5351116 -2.5056688 -2.4794868 -2.4681218 -2.453198 -2.4534783 -2.4534783 -2.4889284 -2.5465287 -2.5651087 -2.5651087 -2.55944 -2.5489672 -2.5086379 -2.4420916 -2.4240629 -2.4065034 -2.3998949 -2.3849376 -2.4006467
-2.4085908 -2.3866255 -2.3617526 -2.336831 -2.398421 -2.4095483 -2.3647771 -2.3341918 -2.3199787 -2.2826785 -2.2130344 -2.2210473 -2.2609214 -2.3040316 -2.3537773 -2.4332725 -2.5427132 -2.6181581 -2.6579547 -2.7004662 -2.7203645 -2.7399814 -2.7490516 -2.7575982 -2.7625728 -2.7661957 -2.7661957 -2.7835522 -2.8432471 -2.8787555 -2.8630463 -2.8443016 -2.8094796 -2.7393944 -2.6449921 -2.5716011 -2.52683 -2.4945378 -2.4631194 -2.4308203 -2.3941655 -2.3885927 -2.3985419 -2.4061566 -2.4269855 -2.4586581 -2.5067896 -2.5324542 -2.5452391 -2.5452391 -2.5423441 -2.5516215 -2.5348163 -2.512707 -2.4926049 -2.4716593 -2.4510153 -2.4143605
-2.3767937 -2.3600675 -2.3408211 -2.3706716 -2.4418092 -2.4628962 -2.4225481 -2.3972932 -2.3830802 -2.3492727 -2.274799 -2.2329219 -2.2727185 -2.3158287 -2.3640663 -2.4265027 -2.5294016 -2.6170711 -2.6540548 -2.6808938 -2.6994364 -2.7129068 -2.7228559 -2.7314025 -2.7363771 -2.7386483 -2.7351232 -2.7507334 -2.8081238 -2.8414222 -2.819997 -2.7839683 -2.7413935 -2.6702472 -2.5704473 -2.4879707 -2.4412507 -2.3990451 -2.3698942 -2.338458 -2.3155049 -2.3171217 -2.3410524 -2.379987 -2.4082543 -2.4467958 -2.5084529 -2.5366063 -2.5564207 -2.5595072 -2.5640852 -2.5742592 -2.5787728 -2.5560758 -2.5299382 -2.5051338 -2.468479 -2.4265471
-2.3815 -2.3756144 -2.3606907 -2.4016308 -2.4821715 -2.5154788 -2.4806568 -2.4554019 -2.4411889 -2.3991059 -2.3145381 -2.272661 -2.3124576 -2.347911 -2.3926822 -2.4551186 -2.5546102 -2.6308305 -2.660678 -2.6860127 -2.7009364 -2.7144068 -2.7243559 -2.73 -2.7348771 -2.7357966 -2.7306737 -2.7361059 -2.7852542 -2.8067105 -2.7691347 -2.7171102 -2.6574153 -2.5810638 -2.4710995 -2.3835254 -2.3337797 -2.2982284 -2.2720464 -2.2612458 -2.250773 -2.2746144 -2.3094364 -2.3558711 -2.3977623 -2.4587493 -2.5268225 -2.5604679 -2.5814135 -2.5874648 -2.5927012 -2.5979376 -2.6017147 -2.5714454 -2.5394425 -2.5021338 -2.4545415 -2.4021775
-2.3880831 -2.3851613 -2.3801867 -2.4250827 -2.5245742 -2.5627013 -2.5328538 -2.5083874 -2.4941744 -2.4515745 -2.3570575 -2.3124001 -2.342586 -2.3740902 -2.4089122 -2.468365 -2.5678565 -2.6440218 -2.6688947 -2.6926359 -2.7075596 -2.72103 -2.726428 -2.73 -2.73 -2.7291734 -2.7192243 -2.7228596 -2.7576816 -2.7735946 -2.7107578 -2.6498825 -2.5653147 -2.481716 -2.3615624 -2.2709312 -2.2211855 -2.1875971 -2.1771244 -2.1741567 -2.1898659 -2.2222303 -2.2819252 -2.3371103 -2.4043855 -2.4673917 -2.5400689 -2.5762062 -2.601283 -2.6043696 -2.6059475 -2.6111839 -2.6149611 -2.5762699 -2.5394425 -2.4923149 -2.4407117 -2.3674022
-2.4687715 -2.4706884 -2.4674983 -2.5236551 -2.5960691 -2.6090376 -2.5839625 -2.5635723 -2.5519063 -2.5321665 -2.4764923 -2.4246661 -2.4545135 -2.484361 -2.5160934 -2.5525214 -2.6143276 -2.6873826 -2.7058729 -2.7262331 -2.7379147 -2.7499317 -2.7349424 -2.6763873 -2.6730435 -2.6703401 -2.6603909 -2.6686536 -2.7207033 -2.7257227 -2.6491636 -2.5721077 -2.475351 -2.378898 -2.2807927 -2.2253378 -2.1702942 -2.1431688 -2.1404722 -2.1168638 -2.1113804 -2.1619636 -2.2270629 -2.291632 -2.3597052 -2.4629701 -2.5473244 -2.5847062 -2.6108882 -2.6147464 -2.6147464 -2.5532347 -2.5571954 -2.523067 -2.4813129 -2.430612 -2.3653801 -2.2734674
-2.5531548 -2.5627391 -2.5627391 -2.5890603 -2.6316995 -2.6501463 -2.630248 -2.6165578 -2.6070824 -2.5904057 -2.5605582 -2.5484632 -2.5783106 -2.6054189 -2.6352664 -2.664217 -2.7040136 -2.7360348 -2.7509585 -2.764378 -2.7743272 -2.7567458 -2.6771525 -2.6185975 -2.6136229 -2.6059449 -2.5959779 -2.6042406 -2.6639355 -2.6820995 -2.5983172 -2.5033613 -2.3988952 -2.3075842 -2.2552202 -2.1956566 -2.1359617 -2.10435 -2.1095864 -2.096545 -2.0598902 -2.0973259 -2.1719445 -2.2482335 -2.3163066 -2.4195716 -2.5400087 -2.5885903 -2.6141743 -2.6172609 -2.6183316 -2.5544422 -2.4875287 -2.4543649 -2.4141607 -2.3617967 -2.2902351 -2.1855072
-2.5664012 -2.5769401 -2.5819147 -2.6119904 -2.6735804 -2.6968615 -2.6819378 -2.6695433 -2.6600679 -2.6433912 -2.6040921 -2.5882023 -2.6086998 -2.6319117 -2.657135 -2.6836139 -2.7134613 -2.742658 -2.7575817 -2.7710012 -2.7764788 -2.7567458 -2.6771525 -2.6185975 -2.6136229 -2.6059449 -2.5910212 -2.5976174 -2.6402396 -2.6489836 -2.5515664 -2.4503758 -2.3319102 -2.2347291 -2.1674725 -2.1030222 -2.0483018 -2.0185427 -2.0342519 -2.0274091 -2.0221727 -2.0660853 -2.1506531 -2.2317175 -2.3096834 -2.4129484 -2.5333855 -2.5799824 -2.600928 -2.606472 -2.6117084 -2.547819 -2.4809056 -2.4403344 -2.3942911 -2.3331228 -2.2571192 -2.1475163
-2.5738969 -2.5981175 -2.6064002 -2.6445049 -2.708221 -2.7407195 -2.7303074 -2.7179129 -2.7084375 -2.6864853 -2.6438312 -2.6245262 -2.6418282 -2.6534341 -2.6723887 -2.6972615 -2.724099 -2.7477261 -2.759589 -2.7715042 -2.7764788 -2.7567458 -2.6761086 -2.6139815 -2.6090069 -2.5999773 -2.5817893 -2.579874 -2.6163556 -2.6185206 -2.5124288 -2.4044415 -2.2821349 -2.1797486 -2.110088 -2.0446164 -1.989896 -1.9663057 -1.9844765 -1.9949315 -1.9936727 -2.0445447 -2.1307835 -2.211848 -2.2903939 -2.3970933 -2.5175304 -2.566112 -2.5876816 -2.5907681 -2.5958533 -2.5319639 -2.4644996 -2.4158488 -2.3651134 -2.2953909 -2.2177415 -2.1077771
-2.5914221 -2.6175595 -2.6324832 -2.6774875 -2.7438152 -2.7478137 -2.7428392 -2.7370143 -2.727539 -2.7055868 -2.6608156 -2.6410239 -2.6509731 -2.6613399 -2.6762636 -2.720421 -2.7452938 -2.7655015 -2.7754506 -2.7838955 -2.7888701 -2.7676837 -2.6831159 -2.6321409 -2.6271664 -2.6144193 -2.594521 -2.588932 -2.6237541 -2.6060858 -2.4961215 -2.3799994 -2.255635 -2.1494266 -2.076117 -2.0044497 -1.9497294 -1.926139 -1.9470846 -1.9589097 -1.9641461 -2.0044215 -2.0939639 -2.1684349 -2.2469809 -2.3536803 -2.4741174 -2.5400468 -2.5662288 -2.570087 -2.570087 -2.5058987 -2.434717 -2.3849713 -2.3311859 -2.2578763 -2.1755241 -2.0655597
-2.6377844 -2.6639218 -2.6788456 -2.7092513 -2.6666121 -2.6418427 -2.6368682 -2.6320035 -2.6272659 -2.6062389 -2.5844446 -2.5747921 -2.5801967 -2.5884848 -2.5989149 -2.6490123 -2.7833259 -2.8317334 -2.8416825 -2.8501274 -2.855102 -2.8339156 -2.7879603 -2.7579815 -2.7487675 -2.7334116 -2.7035641 -2.694903 -2.6759344 -2.6259554 -2.5115766 -2.3932458 -2.2734175 -2.1692961 -2.0718177 -1.9912033 -1.936483 -1.912876 -1.9285852 -1.9331669 -1.8755666 -1.902652 -1.9772706 -2.0419885 -2.1012707 -2.2273111 -2.4210577 -2.4870613 -2.5132433 -2.5171014 -2.5171014 -2.4445136 -2.361862 -2.3156894 -2.264954 -2.200188 -2.1225386 -2.0979764
-2.662371 -2.6923421 -2.7072658 -2.6885049 -2.6438701 -2.6166108 -2.6116363 -2.608971 -2.6065195 -2.5964226 -2.5765243 -2.5651641 -2.568971 -2.5706278 -2.5777482 -2.6278457 -2.7621592 -2.8560406 -2.8630593 -2.8715042 -2.8764788 -2.8683729 -2.8285763 -2.7971949 -2.7872458 -2.7732415 -2.7465279 -2.7166804 -2.686833 -2.6394855 -2.5337939 -2.4171624 -2.2977725 -2.1849759 -2.0869414 -2.0093555 -1.9546352 -1.9224275 -1.9311432 -1.9048185 -1.8435013 -1.855339 -1.9253359 -1.9900537 -2.0476541 -2.1932339 -2.3860143 -2.4520178 -2.4781998 -2.482058 -2.482058 -2.4030571 -2.3207727 -2.2808561 -2.2336398 -2.1741155 -2.1343207 -2.1328098
-2.679215 -2.711103 -2.7260267 -2.7044934 -2.6571165 -2.6298572 -2.6248826 -2.6211087 -2.6211087 -2.6151835 -2.5952852 -2.5822174 -2.5822174 -2.5827655 -2.5877401 -2.6344689 -2.7687824 -2.8626638 -2.8676384 -2.8715042 -2.8764788 -2.8683729 -2.8285763 -2.7971949 -2.7872458 -2.7743502 -2.7494773 -2.725521 -2.6956735 -2.6505435 -2.551052 -2.4480899 -2.3287001 -2.2176385 -2.1233834 -2.0457975 -1.9910772 -1.9566522 -1.9566522 -1.9169562 -1.848883 -1.8542303 -1.9139252 -1.9701842 -2.0277845 -2.171147 -2.3596572 -2.4244164 -2.4505984 -2.4544565 -2.4544565 -2.377673 -2.2955722 -2.2578061 -2.2193137 -2.1617134 -2.1299439 -2.1404167
-2.6924613 -2.7243494 -2.7392731 -2.7172355 -2.6651209 -2.6377319 -2.6377319 -2.6332644 -2.6285267 -2.6224565 -2.6075327 -2.5954638 -2.5910497 -2.5893887 -2.5943632 -2.6410921 -2.7754056 -2.869287 -2.8742615 -2.8777319 -2.8777319 -2.8683729 -2.8285763 -2.7971949 -2.7872458 -2.7745932 -2.7546949 -2.7325285 -2.7126302 -2.6708272 -2.5818085 -2.4829772 -2.3785111 -2.270624 -2.1810722 -2.1044175 -2.0447225 -2.0075464 -1.9970736 -1.9491032 -1.8555062 -1.857181 -1.907302 -1.9596856 -2.007915 -2.1464564 -2.3265413 -2.3913004 -2.4174824 -2.4213406 -2.4213406 -2.3522148 -2.2757027 -2.2425388 -2.2063248 -2.16967 -2.1453389 -2.1767573
-2.7966429 -2.8246972 -2.8419124 -2.8196703 -2.713466 -2.6138696 -2.6138696 -2.6116702 -2.6069325 -2.5985941 -2.6076091 -2.6679735 -2.6640362 -2.665693 -2.6696812 -2.6889523 -2.7820288 -2.8759102 -2.88 -2.88 -2.8808339 -2.872728 -2.8297992 -2.7841297 -2.7741805 -2.7628797 -2.7459848 -2.7260865 -2.7074492 -2.6776316 -2.5922419 -2.5117381 -2.4103584 -2.3209895 -2.2359504 -2.1683812 -2.1072592 -2.064887 -2.0509226 -1.9931974 -1.9300025 -1.9509057 -1.9961023 -2.0432102 -2.0916465 -2.2267535 -2.3083609 -2.3320541 -2.3510692 -2.3533841 -2.3574403 -2.2886133 -2.2819635 -2.2489317 -2.2235639 -2.1892028 -2.1847157 -2.2173714
-2.9199324 -2.9528257 -2.972724 -2.8700824 -2.6805747 -2.58 -2.58 -2.5787789 -2.5740412 -2.6043893 -2.6989062 -2.7609783 -2.7609783 -2.76 -2.76 -2.7792712 -2.8389661 -2.88 -2.88 -2.8815042 -2.8864788 -2.8725593 -2.8128644 -2.7681732 -2.758224 -2.7469232 -2.7319994 -2.7203331 -2.7103839 -2.687786 -2.6197129 -2.5482196 -2.4586772 -2.3745135 -2.301204 -2.2334939 -2.1688244 -2.1192088 -2.0982632 -2.0743828 -2.0534372 -2.0655158 -2.1053125 -2.1494856 -2.2018496 -2.228601 -2.2443102 -2.2609977 -2.2767068 -2.2834865 -2.2887229 -2.2939593 -2.2988381 -2.2791128 -2.2601991 -2.2392535 -2.2383688 -2.2750236
-2.9398019 -2.9687281 -2.9793472 -2.8767056 -2.6871979 -2.5852413 -2.5802667 -2.58 -2.58 -2.6110125 -2.7055294 -2.7676014 -2.7633178 -2.76 -2.76 -2.7792712 -2.8389661 -2.88 -2.88 -2.8815042 -2.8864788 -2.8725593 -2.8128644 -2.7685975 -2.7636229 -2.7535464 -2.7386226 -2.7276014 -2.7276014 -2.7083307 -2.6507303 -2.5842191 -2.514575 -2.4341222 -2.3699585 -2.306349 -2.2416795 -2.1885357 -2.1518809 -2.1224218 -2.0865532 -2.0927318 -2.1185588 -2.1565276 -2.1952264 -2.2194369 -2.2310638 -2.250765 -2.2700837 -2.2768633 -2.2820997 -2.2873361 -2.2922149 -2.2866876 -2.2740298 -2.2687934 -2.2728199 -2.3199475
-2.9572746 -2.9804501 -2.9903993 -2.8836305 -2.6920864 -2.59 -2.5871917 -2.582327 -2.58 -2.613411 -2.707928 -2.7682924 -2.7645264 -2.7645264 -2.7645264 -2.7821917 -2.8389661 -2.88 -2.88 -2.88 -2.8819524 -2.8680329 -2.8092924 -2.7685975 -2.7636229 -2.7572966 -2.7455476 -2.7358272 -2.7390528 -2.7285265 -2.6805579 -2.6222422 -2.5582526 -2.4908641 -2.4325209 -2.377997 -2.3133275 -2.2580294 -2.2190025 -2.1718393 -2.1275874 -2.1185218 -2.1386503 -2.1642847 -2.1979795 -2.2135192 -2.2229848 -2.2414415 -2.2623871 -2.2744031 -2.2797012 -2.289464 -2.2945264 -2.2933419 -2.2890528 -2.2871697 -2.3033294 -2.3590986
-2.9397234 -2.9571484 -2.9670975 -2.8560419 -2.6617965 -2.5915145 -2.5915145 -2.5908296 -2.5860919 -2.61644 -2.710957 -2.7503116 -2.7503116 -2.7487971 -2.7487971 -2.7513174 -2.8060378 -2.8436522 -2.8436522 -2.8436522 -2.8436522 -2.8291794 -2.774459 -2.757996 -2.7530214 -2.7482097 -2.7382605 -2.7322139 -2.7371885 -2.7091838 -2.6672927 -2.6238638 -2.5641689 -2.5162106 -2.469083 -2.4100157 -2.3453462 -2.299135 -2.2572438 -2.2105002 -2.1528999 -2.1398319 -2.149781 -2.1646305 -2.1908125 -2.2029177 -2.2100446 -2.2359679 -2.2561706 -2.267415 -2.2778878 -2.2883606 -2.3121159 -2.3121159 -2.3151449 -2.3151449 -2.3364096 -2.3992464
-2.8140465 -2.8302082 -2.8351828 -2.7426897 -2.6479359 -2.5981377 -2.5981377 -2.5981377 -2.5981377 -2.6296864 -2.6511423 -2.6642101 -2.6593903 -2.6560725 -2.6513034 -2.6511466 -2.6610958 -2.6846957 -2.6846957 -2.6846957 -2.6893121 -2.676846 -2.6951761 -2.7116337 -2.7111739 -2.7084705 -2.6985214 -2.6924748 -2.6356659 -2.5767201 -2.5488985 -2.5112696 -2.4756317 -2.4367323 -2.3742773 -2.3120787 -2.2772566 -2.2401103 -2.2086919 -2.1664323 -2.1245412 -2.1122565 -2.1172311 -2.1284508 -2.1444501 -2.1681534 -2.2100446 -2.2338382 -2.2495474 -2.2607918 -2.2712646 -2.3094146 -2.3651014 -2.3727987 -2.3813768 -2.3859239 -2.4092647 -2.3767228
-2.7842494 -2.7929619 -2.7979364 -2.7445521 -2.6497982 -2.6 -2.6 -2.6 -2.6 -2.6052754 -2.6221713 -2.6335315 -2.6285569 -2.6252391 -2.6233686 -2.6232119 -2.633161 -2.64 -2.64 -2.64 -2.6417179 -2.6525061 -2.6785678 -2.7 -2.7 -2.6986483 -2.6921083 -2.666549 -2.5984195 -2.5460526 -2.5267608 -2.4993268 -2.4675665 -2.4234619 -2.3623575 -2.3143613 -2.2795392 -2.2461175 -2.2146991 -2.1780265 -2.1361354 -2.1190435 -2.1222021 -2.1303754 -2.1443701 -2.174156 -2.2148055 -2.2327448 -2.2476851 -2.2589295 -2.2694023 -2.329074 -2.3851281 -2.3961827 -2.407107 -2.4159312 -2.4063549 -2.3665851
-2.7861663 -2.7929619 -2.7979364 -2.7445521 -2.6497982 -2.6 -2.6 -2.5985171 -2.5985171 -2.6052754 -2.6201992 -2.6282924 -2.6233178 -2.6185171 -2.6185171 -2.6217289 -2.6316781 -2.64 -2.64 -2.64 -2.64 -2.6487203 -2.6785678 -2.7 -2.7 -2.6986483 -2.6936737 -2.673089 -2.603627 -2.5475356 -2.5318264 -2.5127709 -2.4829235 -2.4438802 -2.3862798 -2.3397666 -2.3049445 -2.2730057 -2.2415873 -2.2034318 -2.1615406 -2.1429658 -2.1429658 -2.1475757 -2.1580485 -2.1846343 -2.221289 -2.2394669 -2.2499397 -2.2604124 -2.2708852 -2.3292507 -2.3903672 -2.4014218 -2.4123461 -2.4228189 -2.4183161 -2.3764249
-2.7866623 -2.7929619 -2.7979364 -2.7445521 -2.6497982 -2.6 -2.6 -2.5978006 -2.593063 -2.5984547 -2.618353 -2.6282924 -2.6233178 -2.6183432 -2.6133686 -2.6146327 -2.6245818 -2.6329759 -2.6379505 -2.64 -2.64 -2.6487203 -2.6785678 -2.7 -2.7 -2.6986483 -2.6936737 -2.673089 -2.6084195 -2.5546318 -2.5389226 -2.5200834 -2.4952105 -2.4580727 -2.4004724 -2.3545736 -2.3247262 -2.2949659 -2.268784 -2.2306727 -2.1835451 -2.1627927 -2.1578181 -2.1602048 -2.1654412 -2.1896943 -2.221289 -2.2419759 -2.2570359 -2.2675087 -2.2779815 -2.3328923 -2.3903672 -2.4014218 -2.4123461 -2.4228189 -2.418479 -2.3818243
-2.6662498 -2.6681667 -2.670806 -2.6174216 -2.6153051 -2.6476739 -2.6476739 -2.6454746 -2.6407369 -2.6376739 -2.6434177 -2.6547779 -2.6498033 -2.6448287 -2.6398542 -2.6878753 -2.8085596 -2.8153986 -2.8166311 -2.8216057 -2.8253986 -2.8341189 -2.7828882 -2.6364348 -2.6364348 -2.6350831 -2.6301085 -2.6355407 -2.6507963 -2.5984294 -2.5827203 -2.5655802 -2.5443053 -2.5085883 -2.4396451 -2.3786037 -2.3487562 -2.3182624 -2.2889377 -2.312671 -2.326953 -2.3018348 -2.294508 -2.2924275 -2.2954132 -2.3112072 -2.3390697 -2.3585121 -2.3742213 -2.3899305 -2.4012357 -2.3820831 -2.432744 -2.4437987 -2.4547229 -2.4651957 -2.4641476 -2.4347953
