P1_models/J1_p1_tot_conduct_slide_300.dat.tif
NCOLS 118
NROWS 92
XLLCORNER 139.62
YLLCORNER -39.07
DX 0.099491525
DY 0.099347826
NODATA_VALUE -9999
[rows 52 to 77 of 92, columns 0 to 58 of 118]
-2.3481014 -2.3460889 -2.3411143 -2.3270119 -2.3080611 -2.2910209 -2.2760972 -2.259304 -2.2403533 -2.2316184 -2.2415676 -2.2412709 -2.2213726 -2.2064447 -2.2014701 -2.1997074 -2.204682 -2.213716 -2.2286397 -2.2435634 -2.2584872 -2.2685466 -2.263572 -2.2642076 -2.2791314 -2.2950044 -2.3099281 -2.30664 -2.2519196 -2.2135809 -2.2240536 -2.2309493 -2.2309493 -2.2596595 -2.3434418 -2.393996 -2.3989706 -2.4009493 -2.4009493 -2.3414748 -2.2210377 -2.1680044 -2.1630298 -2.1609493 -2.1609493 -2.2066986 -2.2747718 -2.2789734 -2.2634418 -2.2485043 -2.2327951 -2.2072108 -2.1813477 -2.1647658 -2.1507255 -2.1454891 -2.1320234 -2.1006051 -2.0863712
-2.3606386 -2.3576767 -2.3527021 -2.339549 -2.3177688 -2.300599 -2.2886343 -2.2718412 -2.2528904 -2.245914 -2.259424 -2.2591274 -2.2392291 -2.2226443 -2.2140072 -2.2138505 -2.2225384 -2.227513 -2.2349083 -2.2483278 -2.2594364 -2.2685466 -2.263572 -2.2642076 -2.2791314 -2.2927034 -2.3036595 -2.3003714 -2.245651 -2.2059965 -2.2124658 -2.2210606 -2.2246807 -2.2524416 -2.3339332 -2.3814589 -2.3864334 -2.3893614 -2.3893614 -2.3289377 -2.2085006 -2.1593614 -2.1567612 -2.1516343 -2.1493614 -2.1915916 -2.2578646 -2.2660582 -2.2516763 -2.2359671 -2.2202579 -2.1897361 -2.1636749 -2.1522286 -2.1370153 -2.1276327 -2.1158129 -2.0880679 -2.0738341
-2.3876483 -2.3866034 -2.3816288 -2.3657032 -2.3420148 -2.3444101 -2.3344609 -2.3187026 -2.2997518 -2.2569059 -2.2718296 -2.2747999 -2.2549016 -2.2383169 -2.2283677 -2.2119948 -2.221748 -2.230142 -2.2351166 -2.2415954 -2.2515446 -2.2571336 -2.252159 -2.2628051 -2.2775009 -2.2897213 -2.2993917 -2.3067391 -2.2556443 -2.2146739 -2.2195957 -2.2247426 -2.2297172 -2.2590693 -2.3376153 -2.3623148 -2.3672894 -2.3718478 -2.3718478 -2.3195763 -2.1991392 -2.1483696 -2.1483696 -2.1469536 -2.1417172 -2.1822302 -2.2450669 -2.2520161 -2.2415433 -2.2266057 -2.2108965 -2.185266 -2.1543405 -2.141839 -2.1309148 -2.120442 -2.0854664 -2.0592844 -2.0481683
-2.4669561 -2.4660816 -2.461107 -2.4585198 -2.4964213 -2.5092601 -2.4943363 -2.4770902 -2.4534017 -2.4064223 -2.3119054 -2.2814231 -2.2664606 -2.2515369 -2.2366132 -2.218618 -2.1887706 -2.1837797 -2.1887543 -2.1952331 -2.2051823 -2.2107712 -2.2385678 -2.2628051 -2.2727542 -2.2830981 -2.2880726 -2.2934928 -2.2934928 -2.2742826 -2.2742826 -2.2777281 -2.2827027 -2.3120549 -2.3226748 -2.3287319 -2.3287319 -2.3326326 -2.337869 -2.2914437 -2.1971886 -2.1470551 -2.1420805 -2.1417464 -2.1417172 -2.1822302 -2.2450669 -2.2520161 -2.2415433 -2.2266057 -2.2108965 -2.1951873 -2.17421 -2.1576281 -2.1441611 -2.1336883 -2.0985278 -2.009509 -1.9819365
-2.4910431 -2.4919149 -2.4897536 -2.5119328 -2.5474474 -2.5577963 -2.5450841 -2.5309562 -2.5099452 -2.4612194 -2.3667025 -2.2995076 -2.2845838 -2.2696601 -2.2562445 -2.2382657 -2.2051474 -2.1861855 -2.1897536 -2.1927621 -2.2013556 -2.2135972 -2.2421398 -2.2628051 -2.2715003 -2.2751232 -2.2765726 -2.2802464 -2.2790941 -2.2753696 -2.2753696 -2.2770687 -2.2789422 -2.2790861 -2.2895589 -2.2956159 -2.2936671 -2.2928935 -2.2958623 -2.2485742 -2.1597997 -2.122671 -2.1204928 -2.1204928 -2.1204928 -2.1627229 -2.2219273 -2.227632 -2.2171592 -2.2022217 -2.1910904 -2.1756801 -2.1648187 -2.1482368 -2.1330234 -2.1225507 -2.0873901 -2.0001304 -1.9547191
-2.4961663 -2.5015 -2.5015 -2.5209068 -2.5540706 -2.5667797 -2.5568305 -2.5442026 -2.5252518 -2.479589 -2.385072 -2.3178771 -2.3029534 -2.2911864 -2.2812373 -2.2617585 -2.2269364 -2.203 -2.203 -2.2030042 -2.2079788 -2.2187669 -2.2436398 -2.2600975 -2.2648771 -2.2685 -2.2685 -2.2645975 -2.2592246 -2.2541842 -2.254 -2.2508008 -2.2458263 -2.2459701 -2.2564429 -2.2559025 -2.250928 -2.248 -2.248 -2.2089661 -2.1251838 -2.0925 -2.0925 -2.0925 -2.0925 -2.131211 -2.1888113 -2.1960161 -2.1855433 -2.1765705 -2.1660977 -2.1556249 -2.1451328 -2.1298672 -2.1146539 -2.1041811 -2.0706664 -1.986884 -1.9392363
-2.4961663 -2.5029619 -2.5079364 -2.52753 -2.5606938 -2.5734028 -2.5634537 -2.5515251 -2.5373121 -2.4928354 -2.3983184 -2.3311235 -2.3210052 -2.311056 -2.3011069 -2.2815221 -2.2417255 -2.2162464 -2.2162464 -2.2162464 -2.2162464 -2.2253901 -2.250263 -2.2667206 -2.2617461 -2.2618768 -2.2618768 -2.2579743 -2.2430505 -2.2343146 -2.2290782 -2.2241089 -2.2141598 -2.2128542 -2.2131377 -2.2089428 -2.1989936 -2.1950145 -2.1950145 -2.1582348 -2.0849253 -2.0542058 -2.0591804 -2.0593841 -2.0593841 -2.098095 -2.1556954 -2.1653921 -2.1590505 -2.1530425 -2.1462281 -2.1357553 -2.1252632 -2.1142086 -2.1014075 -2.0909347 -2.05742 -1.9736377 -1.92599
-2.4392097 -2.4430435 -2.4462335 -2.4677039 -2.4783031 -2.4684732 -2.4609102 -2.4533804 -2.4442613 -2.4227631 -2.364101 -2.2986137 -2.2886646 -2.2787154 -2.2687663 -2.2395459 -2.1809067 -2.1519956 -2.1488043 -2.1488043 -2.1488043 -2.1560713 -2.1774211 -2.1831627 -2.1781881 -2.1732135 -2.1698188 -2.1841282 -2.2174418 -2.2023207 -2.1902232 -2.1816779 -2.1686815 -2.162029 -2.1654646 -2.1652294 -2.1526313 -2.144621 -2.142029 -2.1315205 -2.0794035 -2.0524377 -2.0574122 -2.0655855 -2.0689855 -2.058428 -2.0988476 -2.1125362 -2.1080542 -2.1072826 -2.1023278 -2.1253785 -2.1148864 -2.1038318 -2.0929075 -2.0824347 -2.0670244 -2.0173478 -1.9719365
-2.3761663 -2.38 -2.38 -2.3716828 -2.3574697 -2.3476398 -2.3426653 -2.3391702 -2.3344325 -2.3190602 -2.2842382 -2.2579543 -2.2480052 -2.238056 -2.2281069 -2.1988865 -2.1292424 -2.0798145 -2.0748399 -2.0727391 -2.0727391 -2.0742763 -2.0842255 -2.089967 -2.0849924 -2.0786662 -2.0736737 -2.0843093 -2.1390297 -2.1746831 -2.1589739 -2.1407938 -2.1258701 -2.1166223 -2.1270951 -2.1241207 -2.1091969 -2.0968892 -2.0916528 -2.0771654 -2.0562199 -2.0506188 -2.0555934 -2.0678754 -2.0783482 -2.0712251 -2.0557662 -2.0545217 -2.0557176 -2.0572609 -2.0583316 -2.0833182 -2.1082632 -2.0972086 -2.0876539 -2.0771811 -2.0631403 -2.0369583 -2.0258423
-2.3761663 -2.38 -2.38 -2.3716828 -2.3574697 -2.3479928 -2.3479928 -2.3457934 -2.3410557 -2.3256834 -2.2908614 -2.2645775 -2.2546283 -2.2446792 -2.2393542 -2.2118965 -2.1372779 -2.0864377 -2.0859855 -2.0859855 -2.0815139 -2.0808995 -2.0908487 -2.0965902 -2.0916156 -2.0852894 -2.0753402 -2.0843093 -2.1347615 -2.1680599 -2.1432608 -2.1209243 -2.0966676 -2.0835063 -2.0840507 -2.0776681 -2.0577698 -2.0437566 -2.0332838 -2.0175567 -1.9966112 -1.9928855 -2.0078092 -2.0231899 -2.038609 -2.0345098 -2.0292734 -2.0319984 -2.0424712 -2.046472 -2.0517084 -2.076695 -2.10164 -2.0942891 -2.0876539 -2.0815833 -2.0697635 -2.0435815 -2.0322363
-2.3696335 -2.3783459 -2.38 -2.3716828 -2.3595958 -2.3522558 -2.35 -2.3478006 -2.343063 -2.3276907 -2.2928686 -2.2665847 -2.2579337 -2.2529592 -2.2479846 -2.220527 -2.1459083 -2.0946159 -2.0946159 -2.0931117 -2.0881371 -2.0875227 -2.0974719 -2.1032134 -2.0982388 -2.0919126 -2.0819634 -2.0863236 -2.1327542 -2.1621053 -2.1326231 -2.10349 -2.0727835 -2.0561522 -2.0529774 -2.036433 -2.0140162 -1.9958414 -1.982907 -1.969807 -1.9508503 -1.9511391 -1.9660628 -1.9875363 -2.0063846 -2.0115362 -2.0073966 -2.0181281 -2.0292249 -2.0396976 -2.0450852 -2.0793037 -2.1046159 -2.103521 -2.0980588 -2.0928224 -2.0810026 -2.0548206 -2.0414682
-2.3710064 -2.3816358 -2.3866104 -2.3843682 -2.3748929 -2.3514442 -2.3464696 -2.3428441 -2.3381064 -2.3227342 -2.2879121 -2.2720098 -2.2670352 -2.2620606 -2.257086 -2.2568893 -2.1822706 -2.1309783 -2.1309783 -2.1282349 -2.1232603 -2.1226459 -2.1325951 -2.1507279 -2.1457533 -2.1344705 -2.1245214 -2.1288815 -2.1736527 -2.1645835 -2.1331651 -2.1005842 -2.0657622 -2.037769 -2.0272962 -2.0033171 -1.9784442 -1.9548631 -1.9391539 -1.9234447 -1.9077355 -1.9089217 -1.9238454 -1.9440798 -1.9702617 -1.9788478 -1.9788478 -1.9945411 -2.0107178 -2.0227339 -2.0332067 -2.0683672 -2.1062826 -2.1062826 -2.1063487 -2.1011123 -2.0892925 -2.0631105 -2.0646277
-2.4173688 -2.4288223 -2.4387714 -2.4291024 -2.3580371 -2.3185507 -2.3185507 -2.3163514 -2.3116137 -2.2962414 -2.293587 -2.2918793 -2.2869048 -2.2819302 -2.2814493 -2.2910849 -2.3209323 -2.296558 -2.292166 -2.2871914 -2.2822168 -2.2816024 -2.3344544 -2.3759163 -2.3624628 -2.3461874 -2.3262891 -2.3275772 -2.2564916 -2.1778299 -2.1464115 -2.1138306 -2.0744725 -2.0443922 -2.0049168 -1.9702011 -1.9354595 -1.9085008 -1.8927916 -1.876593 -1.8556474 -1.8559362 -1.8708599 -1.889287 -1.910653 -1.9233836 -1.9390928 -1.9566563 -1.9776019 -1.9896179 -2.0000907 -2.040851 -2.086413 -2.0899863 -2.0931023 -2.0878659 -2.0760461 -2.1067989 -2.1307609
-2.4304157 -2.4459237 -2.4558729 -2.418414 -2.3473487 -2.31 -2.31 -2.3078006 -2.303063 -2.3017585 -2.3044855 -2.3027779 -2.2978033 -2.2928287 -2.29 -2.3012415 -2.3339686 -2.3529304 -2.3479558 -2.3429813 -2.3380067 -2.3519262 -2.4125346 -2.4547634 -2.4398397 -2.4235642 -2.4036659 -2.3642549 -2.269738 -2.1910763 -2.1596579 -2.1253778 -2.0855812 -2.0450906 -2.0031994 -1.9621914 -1.9249813 -1.8958682 -1.8778278 -1.8568644 -1.8340604 -1.8343492 -1.849273 -1.8707464 -1.8931311 -1.9105575 -1.9262667 -1.9459679 -1.9669135 -1.9833943 -1.9938878 -2.043409 -2.0891546 -2.0946819 -2.1001441 -2.1015326 -2.109463 -2.1461178 -2.1701784
-2.4235564 -2.444815 -2.4547642 -2.4173053 -2.34624 -2.31 -2.31 -2.3089093 -2.3041716 -2.3017585 -2.3067331 -2.3082924 -2.3033178 -2.2994519 -2.2944773 -2.3023502 -2.3371723 -2.3595536 -2.354579 -2.3507132 -2.3457386 -2.3611115 -2.425781 -2.4691185 -2.4541947 -2.4379193 -2.418021 -2.37861 -2.284093 -2.2054314 -2.174013 -2.1408416 -2.101045 -2.0605543 -2.0186632 -1.9776551 -1.9378585 -1.9047088 -1.8837632 -1.8590818 -1.8328998 -1.8299434 -1.8448672 -1.8663406 -1.8925226 -1.9116662 -1.9273754 -1.9470766 -1.9680222 -1.984503 -2.0002122 -2.0515929 -2.1025846 -2.109037 -2.1144991 -2.1197355 -2.1370644 -2.1737192 -2.1977798
-2.4169332 -2.4381918 -2.448141 -2.4111864 -2.3448588 -2.31 -2.31 -2.31 -2.31 -2.3077319 -2.3077319 -2.3082924 -2.3077319 -2.3060751 -2.3011005 -2.3089734 -2.3437954 -2.3661768 -2.3612022 -2.3577319 -2.3577319 -2.3743578 -2.4390273 -2.4826587 -2.4727095 -2.4577889 -2.4378906 -2.3984796 -2.3039626 -2.2253009 -2.1938825 -2.1613016 -2.1264796 -2.0870471 -2.0451559 -2.0041479 -1.9643513 -1.9301559 -1.9039739 -1.8774329 -1.8461462 -1.8413536 -1.8514904 -1.8729638 -1.8991458 -1.9182894 -1.9339986 -1.9536998 -1.9746454 -1.9911262 -2.0068354 -2.062045 -2.115831 -2.1268856 -2.1343687 -2.1396051 -2.1580083 -2.2051359 -2.2308958
-2.3517772 -2.3749527 -2.3849019 -2.3502154 -2.3249213 -2.3448406 -2.3448406 -2.3448406 -2.3448406 -2.3448406 -2.3263425 -2.2708043 -2.2708043 -2.2691476 -2.2651594 -2.2812187 -2.3242882 -2.3466696 -2.341695 -2.3382246 -2.3382246 -2.3571187 -2.4108257 -2.4044485 -2.3952316 -2.3889053 -2.3750138 -2.3356027 -2.2410858 -2.1624241 -2.1337275 -2.11149 -2.0787256 -2.0482137 -2.0394857 -2.0741914 -2.0329676 -1.9958443 -1.9679165 -1.9364982 -1.8917683 -1.8720203 -1.8796949 -1.8970073 -1.9231893 -1.9423329 -1.9860379 -2.0169389 -2.0450514 -2.0630755 -2.0868971 -2.1427044 -2.168273 -2.1793276 -2.1890789 -2.1950798 -2.2170735 -2.2567772 -2.2683668
-2.2746651 -2.2959237 -2.3058729 -2.3321792 -2.3700807 -2.39 -2.39 -2.39 -2.39 -2.3601059 -2.2755381 -2.22 -2.22 -2.22 -2.22 -2.2360593 -2.2858051 -2.3194232 -2.3144486 -2.31 -2.31 -2.3085466 -2.303572 -2.2995757 -2.2946011 -2.2882749 -2.2783257 -2.2462622 -2.1517452 -2.0780092 -2.0623 -2.044439 -2.0195661 -2.0324308 -2.1214495 -2.1569924 -2.1122213 -2.0729436 -2.0415252 -1.9914094 -1.9285726 -1.9058797 -1.9108543 -1.9262102 -1.9523922 -2.0041867 -2.0670234 -2.1049301 -2.1363485 -2.1633021 -2.1894841 -2.2107285 -2.2315291 -2.2433784 -2.2543026 -2.2647754 -2.2768941 -2.2926033 -2.3051711
-2.2746651 -2.2959237 -2.3058729 -2.3321792 -2.3700807 -2.39 -2.39 -2.39 -2.39 -2.3601059 -2.2755381 -2.22 -2.22 -2.22 -2.22 -2.2360593 -2.2858051 -2.32 -2.32 -2.3160972 -2.3111226 -2.3085466 -2.3076014 -2.3061989 -2.3012243 -2.2948981 -2.2849489 -2.2528853 -2.1583684 -2.0849699 -2.0744971 -2.0584063 -2.038508 -2.0523003 -2.1550378 -2.1967316 -2.1519604 -2.1126827 -2.0812644 -2.0262019 -1.9484422 -1.9257493 -1.9307238 -1.9419435 -1.9590154 -2.0133508 -2.0802698 -2.1151628 -2.1429717 -2.1699253 -2.1961072 -2.2173517 -2.2381523 -2.2547342 -2.267549 -2.2780218 -2.2901405 -2.3058496 -2.3196756
-2.2727482 -2.2959237 -2.3058729 -2.3321792 -2.3700807 -2.3923602 -2.3945264 -2.3945264 -2.3945264 -2.3646323 -2.2800645 -2.2245264 -2.2245264 -2.2228696 -2.22 -2.2376653 -2.2903315 -2.3229713 -2.32 -2.32 -2.3180476 -2.3145264 -2.3145264 -2.3131239 -2.3081493 -2.3031747 -2.2964003 -2.2630358 -2.1652933 -2.0918948 -2.081422 -2.0694289 -2.0523579 -2.073754 -2.1829754 -2.2358523 -2.1935101 -2.1520781 -2.1182877 -2.0605981 -1.9801529 -1.9481056 -1.9514987 -1.959672 -1.9739011 -2.0212829 -2.0883489 -2.1244863 -2.1506682 -2.1768502 -2.2030322 -2.2242766 -2.2450772 -2.2616592 -2.2780456 -2.2918717 -2.3039904 -2.3196995 -2.3335255
-2.2757772 -2.2989527 -2.3089019 -2.3352082 -2.3731097 -2.3620703 -2.3670449 -2.3681957 -2.3681957 -2.3383016 -2.2537338 -2.2678623 -2.2678623 -2.2662055 -2.261231 -2.2391797 -2.2939001 -2.3299594 -2.3249848 -2.323029 -2.323029 -2.323029 -2.323029 -2.301938 -2.2969635 -2.2935034 -2.2885288 -2.2588381 -2.1593466 -2.1337162 -2.1232435 -2.1097359 -2.0948121 -2.1232252 -2.2436623 -2.2586769 -2.2188803 -2.1818907 -2.145236 -2.0849371 -2.0011548 -1.979087 -1.979087 -1.9836652 -1.994138 -2.0398026 -2.0991285 -2.1178439 -2.1425402 -2.1671789 -2.1921452 -2.2130908 -2.2444929 -2.2610748 -2.2774612 -2.2931704 -2.3073651 -2.3230743 -2.3429582
-2.2890235 -2.3121991 -2.3221482 -2.3284328 -2.2621051 -2.2291087 -2.2291087 -2.2291087 -2.2291087 -2.1992146 -2.3387005 -2.433442 -2.433442 -2.4317852 -2.4268107 -2.4025649 -2.3378954 -2.3365826 -2.3362754 -2.3362754 -2.3362754 -2.3362754 -2.2769219 -2.229083 -2.2286232 -2.2272715 -2.2222969 -2.1926062 -2.2431603 -2.2926728 -2.2775101 -2.2620692 -2.2423341 -2.2689353 -2.261644 -2.2390424 -2.2042204 -2.1686444 -2.1319896 -2.0778091 -2.035918 -2.0188261 -2.0188261 -2.0218725 -2.027254 -2.0513794 -2.046143 -2.0605991 -2.0763083 -2.0983446 -2.1192901 -2.1617624 -2.2180001 -2.234582 -2.2509685 -2.2621305 -2.2742491 -2.3100381 -2.336335
-2.2975091 -2.3206846 -2.3306338 -2.2959473 -2.2273487 -2.19 -2.19 -2.19 -2.19 -2.2409958 -2.3852585 -2.48 -2.48 -2.48 -2.4781295 -2.4522778 -2.3844534 -2.34 -2.34 -2.34 -2.34 -2.3211059 -2.2576253 -2.2133583 -2.21 -2.2086483 -2.2036737 -2.2195127 -2.2926168 -2.3408135 -2.3251043 -2.3096634 -2.2928268 -2.2760516 -2.2673112 -2.2496004 -2.2147784 -2.1813566 -2.1473084 -2.1053994 -2.0613745 -2.0413377 -2.0395217 -2.0425681 -2.0478045 -2.0389642 -2.0312444 -2.0419759 -2.0576851 -2.0778591 -2.0988046 -2.1543131 -2.2105508 -2.2271328 -2.2423461 -2.2528189 -2.271521 -2.3081757 -2.3344727
-2.3080648 -2.3259237 -2.3358729 -2.298414 -2.2273487 -2.1914829 -2.1914829 -2.1914829 -2.1914829 -2.2424787 -2.3867414 -2.4814829 -2.4814829 -2.4814829 -2.4814829 -2.4589999 -2.3893558 -2.3414829 -2.3414829 -2.3414829 -2.3414829 -2.3240422 -2.2643473 -2.2185975 -2.2136229 -2.21 -2.2051566 -2.2209956 -2.2956143 -2.3475356 -2.3318264 -2.3163855 -2.3014617 -2.2897479 -2.2845115 -2.2697666 -2.2349445 -2.2015228 -2.1701044 -2.1308047 -2.0836771 -2.0600209 -2.0550463 -2.0545293 -2.0597657 -2.0509254 -2.0352162 -2.0434588 -2.059168 -2.0778591 -2.0988046 -2.1543131 -2.2105508 -2.2271328 -2.2423461 -2.2528189 -2.271521 -2.3081757 -2.3344727
-2.3156572 -2.3315411 -2.3365156 -2.2997656 -2.2334379 -2.1985792 -2.1985792 -2.1985792 -2.1985792 -2.249575 -2.3938377 -2.4885792 -2.4885792 -2.4885792 -2.4885792 -2.4660961 -2.3964521 -2.3485792 -2.3485792 -2.3485792 -2.3485792 -2.3311059 -2.2664364 -2.2185975 -2.2136229 -2.21 -2.21 -2.2280919 -2.3027105 -2.3546318 -2.3389226 -2.3234817 -2.308558 -2.2971584 -2.2971584 -2.2845736 -2.2547262 -2.2228116 -2.1913932 -2.1520935 -2.1049659 -2.0798477 -2.0698986 -2.0671584 -2.0671584 -2.0580217 -2.0423125 -2.0505551 -2.0662643 -2.0819735 -2.0988046 -2.1543131 -2.2105508 -2.2271328 -2.2423461 -2.2528189 -2.271521 -2.3081757 -2.3344727
-2.3714698 -2.3859329 -2.3909075 -2.3541575 -2.3046729 -2.2847536 -2.2847536 -2.2847536 -2.2847536 -2.2636519 -2.2628309 -2.3575725 -2.3575725 -2.3575725 -2.3575725 -2.3977208 -2.4720323 -2.4241594 -2.4241594 -2.4241594 -2.4241594 -2.4052654 -2.3561215 -2.3404308 -2.3354562 -2.3304816 -2.3265362 -2.3252354 -2.335914 -2.3878352 -2.3721261 -2.3566852 -2.3417614 -2.3317826 -2.3431254 -2.3435859 -2.3105388 -2.2778907 -2.2433296 -2.1725044 -2.0933371 -2.0682189 -2.0582697 -2.0541087 -2.0541087 -2.0505895 -2.0384362 -2.0426868 -2.0570909 -2.0728001 -2.0885093 -2.1684067 -2.2264422 -2.2430241 -2.2582374 -2.2687102 -2.2742455 -2.2816902 -2.3079872
