P1_models/J1_p1_vp_slide_diff2_25.dat.tif
NCOLS 118
NROWS 92
XLLCORNER 139.62
YLLCORNER -39.07
DX 0.099491525
DY 0.099347826
NODATA_VALUE -9999
[rows 25 to 49 of 92, columns 0 to 56 of 118]
-9999 0.19975203 0.19979411 0.19983619 0.19987827 0.19992035 0.20705506 0.22008325 0.22350545 0.21077852 0.1980516 0.18532468 0.17259775 0.16027789 0.15368228 0.1608208 0.16795931 0.17509783 0.18223635 0.18908906 0.19528241 0.20147575 0.2076691 0.21386245 0.22668971 0.24556826 0.25194703 0.27810943 0.30427182 0.33043421 0.35659661 0.37362631 0.37305112 0.37247592 0.37190072 0.37132553 0.37273653 0.36836448 0.35322681 0.33940812 0.32558944 0.31177075 0.29795206 0.28698714 0.27635075 0.26439064 0.25243054 0.24047044 0.22851033 0.22143448 0.20964499 0.19690706 0.18416912 0.17143119 0.15878559 0.14784401 0.14165368
-9999 0.17907795 0.17912003 0.17916211 0.17920419 0.19014366 0.20303972 0.2160679 0.22924857 0.24033936 0.22761244 0.21488552 0.20215859 0.18983873 0.17833403 0.16682933 0.17375467 0.18089319 0.18803171 0.19488442 0.20107777 0.20727111 0.21346446 0.23162976 0.25725164 0.27613019 0.27693489 0.27773959 0.30304773 0.32921012 0.35537251 0.37240222 0.37182702 0.37125183 0.37067663 0.37317439 0.3768861 0.37251405 0.35657705 0.34094738 0.32712869 0.31331001 0.29949132 0.28852639 0.279613 0.26961951 0.25765941 0.2456993 0.2337392 0.22666335 0.22043162 0.20987681 0.19713887 0.18440094 0.17175534 0.15942958 0.14732369
-9999 0.15840388 0.15844596 0.1603362 0.17323226 0.18612832 0.19902438 0.21205256 0.22523323 0.2384139 0.25159457 0.24444636 0.23171943 0.21939957 0.20789487 0.19639017 0.18488546 0.18668855 0.19382707 0.20067978 0.20687313 0.21306647 0.2365698 0.26219168 0.28781357 0.30669212 0.30749682 0.30830152 0.30910622 0.32798603 0.35414842 0.37117813 0.37060293 0.37002774 0.37361225 0.37732396 0.38103566 0.37666362 0.36072662 0.34478962 0.32885262 0.31484926 0.30103058 0.29006565 0.28115226 0.27223886 0.26288827 0.25092817 0.23896807 0.23189221 0.22566049 0.21942877 0.21010863 0.19737069 0.18472509 0.17239934 0.16007358
-9999 0.13772981 0.1434248 0.15632086 0.16921692 0.18211297 0.19500903 0.20803722 0.22121789 0.23439856 0.24757923 0.2607599 0.26128027 0.24896041 0.23745571 0.22595101 0.2144463 0.2029416 0.19962243 0.20647514 0.21588795 0.24150984 0.26713172 0.29275361 0.3183755 0.33725404 0.33805875 0.33886345 0.33966815 0.34047285 0.35292433 0.36995404 0.3703384 0.37405011 0.37776182 0.38147352 0.38518523 0.38081319 0.36487619 0.34893919 0.33300219 0.31706519 0.30256983 0.29160491 0.28269151 0.27377812 0.26486473 0.25595133 0.24419693 0.23712108 0.23088936 0.22465763 0.21842591 0.21034044 0.19769485 0.18536909 0.17304333
-9999 0.12736685 0.14026291 0.15315896 0.16605502 0.17895108 0.19184714 0.20344303 0.2166237 0.22980437 0.24298504 0.25616571 0.26934638 0.27840052 0.26689582 0.25539112 0.24388642 0.23238171 0.22087701 0.22059883 0.24622072 0.27184261 0.29746449 0.32308638 0.34870827 0.36523778 0.36604248 0.36684718 0.36765189 0.36845659 0.36926129 0.37105893 0.37477063 0.37848234 0.38219405 0.38590576 0.38961747 0.38436633 0.36842933 0.35249233 0.33655533 0.32061834 0.30468134 0.29270734 0.28379395 0.27488056 0.26596716 0.25705377 0.24814037 0.24005204 0.23382032 0.2275886 0.22135687 0.21512515 0.20796218 0.19563642 0.18331067
-9999 0.13123084 0.1441269 0.15702296 0.16991902 0.18281508 0.1858561 0.19336472 0.20726429 0.22044496 0.23362563 0.2468063 0.25998697 0.27482352 0.29297608 0.28383736 0.27233266 0.26082795 0.24932325 0.24904507 0.27466696 0.30028885 0.32591073 0.35153262 0.35636063 0.35680955 0.37120412 0.37360643 0.37441113 0.37521583 0.37602053 0.37781817 0.38152988 0.38524159 0.3889533 0.39266501 0.38834676 0.37955933 0.36707249 0.3511355 0.3351985 0.3192615 0.3033245 0.29092752 0.28130032 0.27238692 0.26347353 0.25456014 0.24564674 0.22935054 0.2178342 0.21160247 0.20537075 0.19913903 0.19229645 0.18333795 0.1713308
-9999 0.13509484 0.1479909 0.16088696 0.17163171 0.173585 0.1755383 0.18304691 0.19696708 0.21088725 0.22426622 0.23744689 0.25062756 0.26546411 0.28361667 0.30176923 0.3007789 0.2892742 0.27776949 0.27749132 0.3031132 0.32873509 0.35435698 0.3508391 0.3460849 0.34653381 0.36092838 0.37532295 0.38117038 0.38197508 0.38277978 0.38457742 0.38828913 0.39200083 0.39516899 0.38885195 0.38253491 0.37374748 0.3614258 0.34910412 0.33384166 0.31790466 0.30196766 0.28957068 0.27971858 0.26989329 0.2609799 0.25206651 0.24315311 0.22685691 0.20928475 0.19561635 0.18938463 0.18315291 0.17631033 0.16735183 0.15839333
-9999 0.13895884 0.15185489 0.15936061 0.16131391 0.1632672 0.1652205 0.17272911 0.18664928 0.20056945 0.21448962 0.22808748 0.24126815 0.2561047 0.27425726 0.29240982 0.31056238 0.31772044 0.30621574 0.30593756 0.33155944 0.35007177 0.34531757 0.34056337 0.33580916 0.33625808 0.35065264 0.36504721 0.37944178 0.38873432 0.38953902 0.39133666 0.39504837 0.39567418 0.38935714 0.3830401 0.37672307 0.36793563 0.35561395 0.34329227 0.33097059 0.31654782 0.30061082 0.28821385 0.27836174 0.26850964 0.25865753 0.24957288 0.24065948 0.22436328 0.20679112 0.18921896 0.17339851 0.16716678 0.16032421 0.15136571 0.14240721
-9999 0.14282283 0.14708951 0.14904281 0.15099611 0.1529494 0.1549027 0.16241131 0.17633148 0.19025165 0.20417182 0.21809199 0.23190874 0.24674529 0.26489785 0.28305041 0.30120297 0.31935553 0.33466198 0.3343838 0.34455024 0.33979603 0.33504183 0.33028763 0.32553343 0.32598234 0.34037691 0.35477148 0.36916605 0.38356062 0.39629827 0.39809591 0.39617937 0.38986233 0.38354529 0.37722826 0.37091122 0.36212379 0.3498021 0.33748042 0.32515874 0.31283706 0.29925399 0.28685701 0.2770049 0.2671528 0.25730069 0.24744859 0.23816585 0.22186965 0.20429749 0.18672533 0.16915317 0.15158102 0.14433809 0.13537958 0.12642108
-9999 0.14080044 0.14275373 0.14470703 0.14666033 0.14861362 0.15056692 0.15953868 0.17327348 0.18719364 0.20111381 0.21503398 0.22895415 0.24099803 0.25758602 0.27573858 0.29389114 0.3120437 0.33019626 0.34142216 0.33666795 0.33191375 0.32715955 0.32240535 0.31765114 0.31933075 0.33148123 0.3458758 0.36027037 0.37466493 0.3890595 0.39637967 0.39006263 0.38374559 0.37742855 0.37111152 0.36479448 0.35608894 0.34383626 0.33151458 0.3191929 0.30687121 0.29454953 0.27838148 0.26852938 0.25867727 0.24882517 0.23897306 0.22912096 0.2159777 0.19840554 0.18083339 0.16326123 0.14568907 0.13188854 0.12486095 0.11590245
-9999 0.14633066 0.14828395 0.15023725 0.15219054 0.15638147 0.16609837 0.17534924 0.18406225 0.19610903 0.2100292 0.22394937 0.23786954 0.24991341 0.2581999 0.27180375 0.28995631 0.30810887 0.32626144 0.33748733 0.33273313 0.32797893 0.32322473 0.31902084 0.32262824 0.32628661 0.33008162 0.33925621 0.35365078 0.36804535 0.38243991 0.38976008 0.38344304 0.377126 0.37080896 0.36436012 0.35729251 0.34850806 0.3372674 0.32529476 0.31297307 0.30065139 0.28832971 0.27086395 0.24970018 0.23846107 0.22860896 0.21875686 0.20890476 0.19858605 0.18690884 0.16933668 0.15176452 0.13419237 0.12039184 0.11965578 0.11440122
-9999 0.15186088 0.15381417 0.15576747 0.16247513 0.17219203 0.18190893 0.19115979 0.19987281 0.20858582 0.21894459 0.23286476 0.24678493 0.2588288 0.26711528 0.27540177 0.28602149 0.30417405 0.32232661 0.33355251 0.32879831 0.32404411 0.3223693 0.3259767 0.3295841 0.33324247 0.33703748 0.3408325 0.34703119 0.36142576 0.37582033 0.38314049 0.37682345 0.37050641 0.36384684 0.35677923 0.34971163 0.34092717 0.32968651 0.31844586 0.30675325 0.29443157 0.28210989 0.26464413 0.24348036 0.2223166 0.20839276 0.19854066 0.18868855 0.17836984 0.16797049 0.15757114 0.14026782 0.12269566 0.10889514 0.10815908 0.10742302
-9999 0.15739109 0.15934439 0.16856879 0.17828569 0.18800259 0.19771948 0.20697035 0.21568336 0.22439637 0.23310939 0.2418224 0.25570031 0.26774419 0.27603067 0.28431715 0.29260364 0.30089012 0.31839179 0.32961769 0.32486349 0.32571777 0.32932516 0.33293256 0.33653996 0.34019833 0.34399334 0.34778836 0.35158337 0.35537838 0.36920074 0.3765209 0.37020386 0.36333356 0.35626596 0.34919835 0.34213074 0.33334628 0.32210563 0.31086497 0.29962432 0.28821175 0.27589007 0.25842431 0.23726054 0.21609677 0.19493301 0.17832445 0.16847235 0.15815364 0.14775429 0.13735494 0.12695559 0.11119896 0.097398433 0.096662373 0.095926313
-9999 0.16494556 0.17466246 0.18437935 0.19409625 0.20381315 0.21353004 0.22278091 0.23149392 0.24020693 0.24891994 0.25763296 0.26634597 0.27665958 0.28494606 0.29323254 0.30151903 0.30980551 0.31809199 0.32568287 0.32906623 0.33267363 0.33628102 0.33988842 0.34349582 0.34715419 0.3509492 0.35474422 0.35853923 0.36233424 0.36612925 0.36988789 0.36282029 0.35575268 0.34868507 0.34161746 0.33454985 0.32576539 0.31452474 0.30328408 0.29204343 0.28080277 0.26956212 0.25220449 0.23104072 0.20987695 0.18871318 0.16754942 0.14825615 0.13793744 0.12753809 0.11713873 0.10673938 0.096340031 0.08590173 0.08516567 0.08442961
-9999 0.17609535 0.18581225 0.19552915 0.20524604 0.21496294 0.22186369 0.22778919 0.2365022 0.24521521 0.25392823 0.26264124 0.26824552 0.27166697 0.28241103 0.29069751 0.298984 0.30727048 0.31555696 0.32242856 0.32603596 0.32964335 0.33325075 0.33685815 0.34260986 0.35123127 0.35146756 0.35526257 0.35905759 0.3628526 0.36664761 0.3667323 0.3596647 0.35259709 0.34552948 0.33846187 0.32791034 0.31356086 0.30232021 0.29107955 0.2798389 0.26859824 0.25986907 0.23824395 0.2131781 0.19201434 0.17085057 0.1496868 0.12852303 0.11653744 0.10613809 0.09573874 0.085339389 0.074516894 0.06380271 0.063066651 0.062330591
-9999 0.18566881 0.19538571 0.20510261 0.2148195 0.21970823 0.22321849 0.22914399 0.23785701 0.24657002 0.25528303 0.25776301 0.25683823 0.26025968 0.27238471 0.28428979 0.29257628 0.30086276 0.30914924 0.31602084 0.31962824 0.32323564 0.32684303 0.33524194 0.34760144 0.35622285 0.35482525 0.35360368 0.35739869 0.3611937 0.36498872 0.36507341 0.3580058 0.3509382 0.34387059 0.33066454 0.31414203 0.29979255 0.28855189 0.27731124 0.26607058 0.2585863 0.25215125 0.23052613 0.19798106 0.17021397 0.1490502 0.12788643 0.10672267 0.094737075 0.084337723 0.073938372 0.062426832 0.048832026 0.038117842 0.037381782 0.036645722
-9999 0.19524227 0.20495917 0.21404252 0.21755278 0.22106303 0.22457329 0.2304988 0.23921181 0.24792482 0.2472805 0.24635572 0.24543094 0.24885239 0.26097742 0.27310245 0.28522748 0.29445504 0.30274152 0.30961312 0.31322052 0.31682792 0.32787402 0.34023352 0.35259302 0.36121444 0.35981683 0.35841923 0.35702163 0.35953481 0.36332982 0.36341452 0.35634691 0.3492793 0.33341873 0.31689622 0.30037372 0.28602424 0.27478358 0.26373857 0.25730352 0.25086848 0.24443344 0.22280832 0.19026324 0.15771817 0.12724983 0.10608606 0.084922297 0.072936706 0.062537355 0.05033677 0.036741963 0.023147157 0.012432973 0.011696913 0.010960854
-9999 0.20481573 0.21188707 0.21539732 0.21890758 0.22241784 0.22592809 0.2318536 0.23772277 0.23679799 0.23587321 0.23494843 0.23402365 0.2374451 0.24957013 0.26169516 0.27382019 0.28594523 0.29633381 0.3032054 0.3081466 0.3205061 0.3328656 0.3452251 0.3575846 0.36620602 0.36480841 0.36341081 0.36201321 0.3606156 0.36167093 0.36175563 0.35269543 0.33617292 0.31965042 0.30312791 0.2866054 0.27225592 0.2624558 0.25602075 0.24958571 0.24315067 0.23671562 0.2150905 0.18254543 0.15000035 0.11745528 0.084910205 0.063121928 0.051136338 0.038246707 0.024651901 0.011057095 -0.0025377115 -0.013251896 -0.011095887 0.0073590802
-9999 0.21291936 0.21642961 0.21993987 0.22345013 0.22696038 0.23047064 0.23133616 0.23041138 0.2294866 0.22856182 0.22763704 0.22671226 0.22995066 0.2420757 0.25420073 0.26632576 0.27845079 0.29057582 0.30277176 0.31513126 0.32749076 0.33985026 0.35220976 0.36456926 0.3672955 0.3658979 0.36450029 0.36310269 0.36170509 0.36030749 0.35374371 0.3372212 0.3206987 0.30417619 0.28765368 0.27113117 0.25898153 0.25254648 0.24611144 0.2396764 0.23324135 0.22680631 0.2067021 0.17415703 0.14161195 0.10906688 0.076521806 0.043976732 0.029414957 0.015820151 0.0022253445 -0.011369462 -0.024964268 -0.034505679 -0.016050712 0.0024042553
-9999 0.24150405 0.24501431 0.24852456 0.25203482 0.25554508 0.26072716 0.26051709 0.25399148 0.2530667 0.25214192 0.25121714 0.25029236 0.2533053 0.26420377 0.27621726 0.28834229 0.30046733 0.31259236 0.32478829 0.33714779 0.34950729 0.36186679 0.37422629 0.37566812 0.36628126 0.34066978 0.33615995 0.33476235 0.33336475 0.33196714 0.32540337 0.30888086 0.29235835 0.27583585 0.25931334 0.25326652 0.24372447 0.22610876 0.21967371 0.21323867 0.20680363 0.20036859 0.1849847 0.16071104 0.12816597 0.095620892 0.063075818 0.030530743 0.025318643 0.017967966 0.0043731599 -0.0092216464 -0.022816453 -0.034259897 -0.038251283 -0.022153893
-9999 0.27008875 0.273599 0.27710926 0.28100072 0.28634423 0.29168774 0.29147768 0.28485806 0.27823845 0.27572202 0.27479724 0.27387246 0.2768854 0.28778387 0.29868234 0.31035883 0.32248386 0.33460889 0.34680483 0.35916433 0.37152383 0.38388333 0.38101348 0.37768002 0.36829316 0.34268168 0.3170702 0.30642201 0.30502441 0.3036268 0.29706303 0.28054052 0.26401801 0.24833663 0.24472054 0.24110444 0.23156239 0.21354242 0.19552244 0.18680095 0.1803659 0.17393086 0.15854697 0.13672988 0.11471998 0.082174903 0.049629829 0.017084755 0.011872655 0.011384436 0.0065209754 -0.0070738309 -0.020668637 -0.032112081 -0.036103468 -0.040094855
-9999 0.29867344 0.3021837 0.3066178 0.31196131 0.31730482 0.32264833 0.32243826 0.31581865 0.30919904 0.30257943 0.29837734 0.29745256 0.3004655 0.31136397 0.32226244 0.3331609 0.3445004 0.35662543 0.36882136 0.38118086 0.38969231 0.38635885 0.38302538 0.37969192 0.37030506 0.34469358 0.3190821 0.29347062 0.27668406 0.27528646 0.26872269 0.25220018 0.23979065 0.23617456 0.23255846 0.22894237 0.21940031 0.20138034 0.18336037 0.16534039 0.15392818 0.14749314 0.13210925 0.11029215 0.088475059 0.066657964 0.036183841 0.0036387664 -0.0015733335 -0.0020615526 -0.0025497717 -0.0049260155 -0.018520822 -0.029964266 -0.033955653 -0.037947039
-9999 0.32725814 0.33223488 0.33757839 0.3429219 0.34826541 0.35360892 0.35339885 0.34677924 0.34015963 0.33354002 0.3269204 0.32103266 0.3240456 0.33494407 0.34584254 0.35674101 0.36763947 0.37864196 0.3908379 0.39503767 0.39170421 0.38837075 0.38503728 0.38170382 0.37231696 0.34670548 0.321094 0.29548252 0.26987104 0.24694612 0.24038234 0.23124467 0.22762858 0.22401248 0.22039639 0.21678029 0.20723824 0.18921826 0.17119829 0.15317832 0.13515834 0.12105541 0.10567152 0.08385443 0.062037334 0.040220239 0.018403144 -0.0098072221 -0.015019322 -0.015507541 -0.01599576 -0.016483979 -0.016972198 -0.02781645 -0.031807837 -0.035799224
-9999 0.35301762 0.35836113 0.36370465 0.36904816 0.37439167 0.37973518 0.38210269 0.37548308 0.36886347 0.36224386 0.35562424 0.34900463 0.33701547 0.34405611 0.35495458 0.36585305 0.37675152 0.38764998 0.39424493 0.39091147 0.387578 0.38424454 0.38091108 0.37757761 0.37280464 0.34975677 0.32414529 0.29853381 0.27292233 0.24731085 0.22921228 0.22559618 0.22198008 0.21836399 0.21474789 0.2111318 0.1987342 0.18071422 0.16269425 0.14467428 0.1266543 0.10878147 0.09656335 0.074746254 0.052929159 0.031112064 0.009294969 -0.012522126 -0.016153357 -0.016641576 -0.017129795 -0.017618014 -0.018106233 -0.017352638 -0.021344025 -0.025335412
-9999 0.371461 0.37680451 0.38214802 0.38749153 0.39451439 0.40478844 0.40722003 0.40060042 0.39398081 0.38736119 0.37909447 0.36460997 0.35148691 0.34109021 0.34107348 0.35197195 0.36287042 0.37376889 0.38036383 0.37703037 0.3736969 0.37036344 0.36740329 0.3672514 0.36315952 0.34850745 0.32884842 0.30323694 0.27762546 0.25201398 0.2339154 0.23029931 0.22668321 0.22306712 0.21817318 0.20890968 0.19604364 0.17802366 0.16000369 0.14198372 0.12464657 0.10849292 0.097655356 0.090639458 0.071361713 0.049544618 0.027727523 0.005910428 0.0022791973 0.0017909782 0.001302759 0.0008145399 0.0043235149 0.006327247 0.0023358602 -0.0016555266
