P1_models/J1_p1_vp_slide_diff_100.dat.tif
NCOLS 118
NROWS 92
XLLCORNER 139.62
YLLCORNER -39.07
DX 0.099491525
DY 0.099347826
NODATA_VALUE -9999
[rows 54 to 80 of 92, columns 0 to 59 of 118]
-9999 8.0536956 8.0489256 8.0441556 8.0393855 8.0349133 8.030466 8.0251156 8.0187227 8.0123298 8.0059369 8.0075144 8.0111902 8.0102117 7.9999126 7.9896136 7.99472 8.0012613 8.0078025 8.0160449 8.0282119 8.0403789 8.0525458 8.0576665 8.059621 8.0644445 8.0769575 8.0894705 8.0919492 8.0932354 8.0945215 8.091533 8.0803043 8.0690755 8.0578468 8.0504501 8.0440759 8.0402687 8.040134 8.0399994 8.0398647 8.0404609 8.0411212 8.0406183 8.0392794 8.0374274 8.0342849 8.0311424 8.0279998 8.0285765 8.029796 8.0310155 8.0322062 8.0333658 8.0346061 8.0361262 8.0376463 8.0391664 8.0269709 8.0124011
-9999 8.0498952 8.0451251 8.0404348 8.0359875 8.0315402 8.027093 8.0217425 8.0153496 8.0101224 8.0137982 8.017474 8.0211498 8.0201713 8.0098723 7.9995732 7.9892742 7.9892871 7.9958283 8.0040707 8.0162377 8.0284046 8.0304364 8.0323909 8.0343454 8.0391689 8.0516819 8.0641949 8.0767079 8.0823386 8.0836248 8.0806362 8.0694075 8.0585192 8.052145 8.0457708 8.0393966 8.0355894 8.0354548 8.035462 8.0361222 8.0367825 8.0374427 8.0369399 8.0356009 8.034262 8.0328381 8.0296956 8.026553 8.0271297 8.0283492 8.029527 8.0306866 8.0318462 8.0330866 8.0346066 8.0350315 8.0204617 8.0058919 7.9913221
-9999 8.0460947 8.041509 8.0370617 8.0326144 8.0281672 8.0237199 8.0183694 8.0164062 8.020082 8.0237578 8.0274336 8.0311094 8.0301309 8.0198319 8.0095329 7.9992338 7.9889348 7.9838541 7.9920964 8.0012518 8.0032063 8.0051608 8.0071153 8.0090698 8.0138933 8.0264063 8.0389193 8.0514323 8.0639453 8.072728 8.0697395 8.0602141 8.0538399 8.0474657 8.0410915 8.0347173 8.0309101 8.0311233 8.0317835 8.0324437 8.033104 8.0337642 8.0332614 8.0319225 8.0305835 8.0292446 8.0279056 8.0251062 8.0256829 8.0268478 8.0280074 8.029167 8.0303266 8.031567 8.0285223 8.0139525 7.9993827 7.9848129 7.970243
-9999 8.0407544 8.0363071 8.0318599 8.0274126 8.0229653 8.018518 8.0173168 8.0209926 8.0246684 8.0283442 8.03202 8.0356958 8.0380243 8.0277252 8.0174262 8.0071272 7.9968281 7.9865291 7.9799354 7.9818899 7.9838444 7.9857989 7.9877534 7.9897079 7.9894018 8.0017284 8.0142414 8.0267544 8.0392674 8.0517804 8.0578422 8.051468 8.0450938 8.0387196 8.0323454 8.0259712 8.0275097 8.0281699 8.0288302 8.0294904 8.0301507 8.0308109 8.0292646 8.0279257 8.0265867 8.0252478 8.0239089 8.0225699 8.0212618 8.0224214 8.023581 8.0247406 8.0259002 8.0256968 8.0116807 7.9971109 7.9825411 7.9679713 7.9534014
-9999 8.0293064 8.0248592 8.0204119 8.0159646 8.0117126 8.0088348 8.0074759 8.00787 8.0109028 8.0145786 8.0182544 8.0219302 8.0246043 8.0252724 8.0182623 8.0079632 7.9976642 7.9873652 7.9807714 7.9827259 7.9846805 7.986635 7.9885895 7.9812839 7.9766096 7.9816035 7.9916051 8.0041181 8.0166311 8.0291441 8.0352059 8.0288317 8.0224575 8.0160833 8.0098463 8.0114762 8.016441 8.0261768 8.0283535 8.0290138 8.029674 8.0303343 8.0277123 8.0228417 8.0215028 8.0201638 8.0188249 8.0174859 8.0119164 8.008067 8.0092266 8.0103862 8.0115458 8.0113424 8.0064177 7.994742 7.9801722 7.9656024 7.9510326
-9999 8.0178585 8.0134112 8.0089639 8.0052669 8.0023891 7.9995114 7.9981525 7.9985465 7.9989406 8.0008129 8.0044887 8.0081646 8.0108386 8.0115067 8.0121748 8.0087993 7.9985003 7.9882012 7.9816075 7.983562 7.9855165 7.9850546 7.9767731 7.9684916 7.9638173 7.9688113 7.9738053 7.9814819 7.9939949 8.0065078 8.0125696 8.0061954 7.9998212 7.9960592 7.9976892 7.9993192 8.004284 8.0140197 8.0237555 8.0285371 8.0291974 8.0298576 8.0272356 8.0222541 8.0172725 8.0150799 8.0137409 8.012402 8.0068325 8.0005318 7.9948721 7.9960317 7.9971913 7.996988 7.9920633 7.9871386 7.9778033 7.9632335 7.9486637
-9999 8.0064105 8.0019632 7.9988211 7.9959434 7.9930656 7.9901879 7.988829 7.989223 7.9896171 7.9900111 7.9907231 7.9943989 7.997073 7.9977411 7.9984092 7.9990773 7.9993363 7.9890373 7.9824436 7.9843981 7.9805439 7.9722624 7.9639809 7.9556994 7.9510251 7.956019 7.961013 7.966007 7.9713586 7.9838716 7.9899333 7.9835591 7.9822721 7.9839021 7.9855321 7.9871621 7.9921269 8.0018626 8.0115984 8.0213342 8.0287207 8.029381 8.026759 8.0217774 8.0167959 8.0118143 8.008657 8.007318 8.0017485 7.9954479 7.9891472 7.9828466 7.9828369 7.9826335 7.9777089 7.9727842 7.9678596 7.9608646 7.9462948
-9999 7.9952532 7.9923754 7.9894977 7.9866199 7.9837422 7.9808644 7.9795055 7.9798996 7.9802936 7.9806877 7.9810817 7.9814758 7.9833074 7.9839755 7.9846435 7.9853116 7.9859797 7.9866478 7.9832796 7.9760331 7.9677516 7.9594701 7.9511886 7.9429071 7.9382328 7.9432268 7.9482208 7.9532147 7.9582087 7.9632027 7.967297 7.9684851 7.9701151 7.971745 7.973375 7.975005 7.9799698 7.9897056 7.9994413 8.0091771 8.0189128 8.0286486 8.0262823 8.0213008 8.0163192 8.0113377 8.0063561 8.0022341 7.9966646 7.9903639 7.9840633 7.9777626 7.9714619 7.9682791 7.9633544 7.9584298 7.9535051 7.9485805 7.9436558
-9999 7.9924171 7.9895394 7.9866616 7.9837839 7.9809061 7.9793216 7.9826163 7.9860591 7.9864531 7.9868472 7.9872412 7.9876353 7.9864825 7.9842249 7.984893 7.9855611 7.9862292 7.9868972 7.9848591 7.9765776 7.9682961 7.9600146 7.9517331 7.9444567 7.941164 7.9407695 7.9457635 7.9507574 7.9557514 7.9607454 7.9645903 7.9662203 7.9678503 7.9694802 7.9711102 7.9739704 7.9727863 7.9726262 7.9823619 7.9920977 8.0018335 8.0115692 8.0166126 8.0136248 8.0086432 8.0036617 7.9986801 7.9936986 8.0022372 7.9961668 7.9898661 7.9835655 7.9772648 7.9695812 7.9598095 7.9548848 7.9499601 7.9450355 7.9401108
-9999 7.9924021 7.9895244 7.9866466 7.9837689 7.9833062 7.9836013 7.986896 7.9936528 7.9993454 7.9997394 8.0001335 8.0005275 7.9993748 7.9951245 7.9912369 7.991905 7.9925731 7.9932411 7.991203 7.9829215 7.97464 7.9663585 7.9607507 7.9575041 7.9542115 7.9507954 7.9478003 7.9527943 7.9577882 7.9627822 7.9666272 7.9682571 7.9698871 7.9715171 7.9755518 7.9809803 7.9797962 7.9691519 7.9631421 7.9728779 7.9826136 7.9923494 7.9973928 7.9990628 7.9978366 7.9928551 7.9878735 7.9828919 7.9914306 8.0023059 8.0004032 7.9941025 7.9878019 7.9801182 7.9676439 7.9560403 7.9511157 7.946191 7.9412664
-9999 7.9923871 7.9895093 7.9869958 7.9872909 7.9875859 7.987881 7.9911757 7.9979325 8.0046893 8.011446 8.0130257 8.0134198 8.012267 8.0080168 8.0037665 7.9995162 7.998917 7.9995851 7.9975469 7.9892654 7.9809839 7.9770447 7.9737982 7.9705516 7.9672589 7.9638428 7.9604267 7.9570106 7.9598251 7.9648191 7.968664 7.970294 7.971924 7.9771333 7.9825618 7.9879903 7.9868062 7.9761618 7.9655174 7.954873 7.9633938 7.9731296 7.9781729 7.979843 7.9815131 7.9820484 7.9770669 7.9720853 7.980624 7.9914993 8.0023746 8.0046396 7.9983389 7.9906553 7.978181 7.9657067 7.9532324 7.9473465 7.9424219
-9999 7.9923721 7.9909804 7.9912755 7.9915705 7.9918656 7.9921606 7.9954554 8.0022122 8.0089689 8.0157257 8.0224825 8.026312 8.0251593 8.020909 8.0166587 8.0124085 8.0081582 8.005929 8.0038908 7.9965853 7.9933388 7.9900922 7.9868456 7.983599 7.9803064 7.9768903 7.9734742 7.9700581 7.966642 7.9668559 7.9707009 7.9732862 7.9787147 7.9841433 7.9895718 7.9950003 7.9938162 7.9831718 7.9725274 7.961883 7.9512386 7.9539097 7.9589531 7.9606232 7.9622932 7.9639633 7.9656333 7.9612787 7.9698174 7.9806927 7.991568 8.0024433 8.008876 8.0011923 7.988718 7.9762437 7.9637695 7.9512952 7.9435774
-9999 7.9932561 7.9935511 7.9938462 7.9941412 7.9944363 7.9947313 7.9970565 8.0038132 8.01057 8.0173268 8.0240836 8.0308404 8.036025 8.0317747 8.0275244 8.0232741 8.0190239 8.0147736 8.0108268 8.0075802 8.0043337 8.0010871 7.9978405 7.9945939 7.9933402 7.9899241 7.986508 7.9830919 7.9796758 7.9762597 7.9758646 7.9812931 7.9867216 7.9921502 7.9975787 8.0030072 7.9992643 7.9886199 7.9779755 7.9673311 7.9566867 7.9460423 7.9425791 7.9442492 7.9459192 7.9475893 7.9492594 7.9509294 7.9604482 7.9713236 7.9821989 7.9930742 8.0039495 8.0053692 7.9928949 7.9804207 7.9679464 7.9554721 7.9429978
-9999 7.9873263 7.9876214 7.9879164 7.9882115 7.9883165 7.9843324 7.9853345 7.9920913 7.9988481 8.0056049 8.0123616 8.0207449 8.0275494 8.0308827 8.0283102 8.0240599 8.0198096 8.0155593 8.0116125 8.008366 8.0051194 8.0018728 7.9986262 7.9949493 7.9939491 8.0003659 7.9994735 7.9960574 7.9926413 7.9892252 7.9888301 7.9942587 7.9996872 8.0051157 8.0105443 8.0049999 7.9969435 7.9862991 7.9756547 7.9650103 7.9547768 7.9490099 7.944729 7.94203 7.9437 7.9453701 7.9470401 7.9487102 7.958229 7.9691043 7.9799797 7.990855 7.9880274 7.9779117 7.9654374 7.9529631 7.9404888 7.9287707 7.9327129
-9999 7.9813966 7.9816916 7.9819867 7.9805786 7.9765945 7.9726105 7.9736126 7.9803694 7.9871261 7.9943582 8.002896 8.0114338 8.0182383 8.0215716 8.0249049 8.0248456 8.0205953 8.016345 8.0123983 8.0091517 8.0059051 8.0025765 7.998809 7.9950414 7.9940411 8.000458 8.0068749 8.009023 8.0056069 8.0021908 8.0017957 8.0072242 8.0126528 8.0151739 8.0089265 8.0026791 7.9946227 7.9839783 7.9733339 7.9645004 7.9587335 7.9529666 7.9486857 7.945473 7.9422603 7.9431509 7.9448209 7.946491 7.9560098 7.9668851 7.9777604 7.9700047 7.9605699 7.9504542 7.9379799 7.9255056 7.9177709 7.9217131 7.9256552
-9999 7.9754668 7.9757619 7.9728407 7.9688567 7.9648726 7.9608885 7.9618906 7.9686474 7.9765092 7.9850471 7.9935849 8.0021227 8.0089272 8.0122605 8.0155938 8.0189271 8.0213811 8.0171308 8.013184 8.0099374 8.0064362 8.0026686 7.998901 7.9951334 7.9941332 8.0005501 8.0069669 8.0133838 8.0185724 8.0151563 8.0147613 8.0201898 8.0191005 8.0128531 8.0066057 8.0003583 7.992302 7.9816576 7.974224 7.9684571 7.9626902 7.9569233 7.9526424 7.9494296 7.9462169 7.9430042 7.9426017 7.9442718 7.9537906 7.9614168 7.951982 7.9425472 7.9331123 7.9229966 7.9105223 7.906771 7.9107132 7.9146554 7.9185976
-9999 7.9690869 7.9651029 7.9611188 7.9571347 7.9531507 7.9491666 7.9501687 7.9586603 7.9671981 7.975736 7.9842738 7.9928116 7.9996161 8.0029494 8.0062827 8.009616 8.0129493 8.0162826 8.0139697 8.0102958 8.0065282 8.0027607 7.9989931 7.9952255 7.9942253 8.0006421 8.007059 8.0134759 8.0198927 8.0263096 8.0277268 8.0230272 8.0167798 8.0105324 8.004285 7.9980376 7.9899812 7.9839476 7.9781807 7.9724138 7.9666469 7.96088 7.956599 7.9533863 7.9501736 7.9469609 7.9437482 7.9420526 7.9433941 7.9339593 7.9245245 7.9150896 7.9056548 7.8955391 7.8957712 7.8997134 7.9036555 7.9075977 7.9115399
-9999 7.9611369 7.9571529 7.9531688 7.9491847 7.9452007 7.9410358 7.9362466 7.9390657 7.9476036 7.9561414 7.9646792 7.9732171 7.9806584 7.9850157 7.988349 7.9916823 7.9950156 7.9983489 7.999535 7.9957674 7.9919998 7.9882323 7.9844647 7.9814095 7.9819301 7.9836797 7.9900966 7.9965135 8.0029303 8.0093472 8.0114384 8.005191 7.9989436 7.9926962 7.9864488 7.9816116 7.9775632 7.9706252 7.9648583 7.9590914 7.9533245 7.9475576 7.9494962 7.9488851 7.9456724 7.9424597 7.939247 7.9360343 7.9323189 7.9228841 7.9134493 7.9040145 7.8945796 7.8883407 7.8928044 7.8967466 7.9006888 7.9046309 7.9085731
-9999 7.9553285 7.9513444 7.9473603 7.9433763 7.9390112 7.9345064 7.9297172 7.9245999 7.9221705 7.9307083 7.9392462 7.947784 7.9552254 7.9604709 7.9655198 7.9688531 7.9721864 7.9755197 7.9767058 7.9729382 7.9691706 7.965403 7.9641845 7.9654955 7.9660162 7.9644186 7.9634515 7.9698684 7.9762853 7.9827021 7.9847933 7.9785459 7.9722985 7.9660511 7.9630145 7.9620789 7.9580305 7.9495286 7.9417256 7.9359587 7.9301918 7.9244249 7.9263635 7.9338416 7.9363692 7.9331565 7.9299438 7.926731 7.9232645 7.919754 7.9116752 7.9022404 7.8928056 7.8865667 7.8913979 7.8961024 7.9000446 7.9039867 7.9079289
-9999 7.94952 7.9455359 7.9414915 7.9369866 7.9324818 7.9279769 7.9231878 7.9180705 7.9129532 7.9078359 7.9138131 7.922351 7.9297923 7.9350378 7.9402834 7.9455289 7.9493571 7.9526904 7.9538765 7.950109 7.9463414 7.9469596 7.9482706 7.9495816 7.9501022 7.9485046 7.946907 7.9453094 7.9496402 7.956057 7.9581482 7.9519008 7.9456534 7.9444174 7.9434818 7.9425463 7.9384978 7.9299959 7.921494 7.9129921 7.9070591 7.9012922 7.9032309 7.9107089 7.918187 7.9238532 7.9206405 7.9174278 7.9139612 7.9104508 7.9069403 7.9004664 7.8910316 7.8847926 7.8896238 7.894455 7.8992862 7.9033426 7.9072847
-9999 7.9437115 7.9394669 7.9349621 7.9304572 7.9259524 7.9214475 7.9166584 7.9115411 7.9064238 7.9013065 7.8961892 7.8969179 7.9043593 7.9096048 7.9148503 7.9200959 7.9253414 7.9298612 7.9310473 7.9284238 7.9297347 7.9310457 7.9323567 7.9336676 7.9341883 7.9325907 7.9309931 7.9293955 7.9277979 7.9294119 7.9315031 7.9267558 7.9258202 7.9248847 7.9239491 7.9230136 7.9189651 7.9104632 7.9019613 7.8934594 7.8849575 7.8781595 7.8800982 7.8875763 7.8950544 7.9025325 7.9100106 7.9081246 7.904658 7.9011475 7.8976371 7.8941266 7.8892575 7.8830186 7.8878498 7.892681 7.8975122 7.9023434 7.9066406
-9999 7.9378597 7.9333548 7.92885 7.9243452 7.9198403 7.9153355 7.9124558 7.9073385 7.9022212 7.8971039 7.8919866 7.8868693 7.8832022 7.8884477 7.8936932 7.8989387 7.9041843 7.9094298 7.9134856 7.9147965 7.9161075 7.9174185 7.9187294 7.9200404 7.919587 7.9179875 7.9163899 7.9147923 7.9131947 7.9115971 7.9102256 7.90929 7.9083545 7.9074189 7.9064834 7.9055478 7.9042731 7.8957712 7.8872693 7.8787674 7.8702655 7.8617636 7.8614703 7.8689484 7.8764265 7.8839046 7.8913827 7.8988608 7.8990154 7.8955049 7.8919945 7.888484 7.8849736 7.8809575 7.8853482 7.8901794 7.8950106 7.8998418 7.904673
-9999 7.9333274 7.9288226 7.9243177 7.9198129 7.9158263 7.9150804 7.9136244 7.9113486 7.9068264 7.9017091 7.8965919 7.8914746 7.8874663 7.8856789 7.888722 7.8939675 7.899213 7.9044586 7.9085143 7.9098253 7.9111363 7.9124472 7.9137582 7.9121431 7.9102752 7.9084313 7.9067482 7.9051506 7.903553 7.9019554 7.9005839 7.8996483 7.8987128 7.8977772 7.8971198 7.9053946 7.9070613 7.8992742 7.8909009 7.882399 7.8738971 7.8653953 7.8638483 7.8673731 7.8748512 7.8823293 7.8898074 7.8972855 7.9019622 7.9037192 7.9002087 7.8966983 7.8931878 7.8891718 7.8834043 7.8849239 7.8897551 7.8945863 7.8994175
-9999 7.9287951 7.9242903 7.9197854 7.9172437 7.9164978 7.9157519 7.9142959 7.9120201 7.9097444 7.9063144 7.9011971 7.8960798 7.8920715 7.8902842 7.8884968 7.8889963 7.8942418 7.8994873 7.9035431 7.9048541 7.906165 7.9065847 7.904708 7.9028312 7.9009634 7.8991194 7.8972755 7.8955089 7.8939113 7.8923137 7.8909422 7.8900066 7.8890711 7.8915357 7.8998105 7.9080853 7.9097521 7.901965 7.8941779 7.8860307 7.8775288 7.8690269 7.8674799 7.8709328 7.8743857 7.880754 7.8882321 7.8957101 7.9003868 7.9045793 7.908423 7.9049126 7.9014021 7.897386 7.8916185 7.8858511 7.8844996 7.8893308 7.894162
-9999 7.9242628 7.919758 7.918661 7.9179152 7.9171693 7.9164234 7.9149674 7.9126916 7.9104159 7.9081401 7.9058023 7.900685 7.8966767 7.8948894 7.893102 7.8913147 7.8895273 7.8945161 7.8985719 7.8998828 7.8991496 7.8972729 7.8953961 7.8935194 7.8916516 7.8898076 7.8879636 7.8861197 7.8842757 7.8826719 7.8813005 7.8803649 7.8859516 7.8942264 7.9025012 7.9107761 7.9124428 7.9046557 7.8968686 7.8890815 7.8811604 7.8726585 7.8711115 7.8745644 7.8780173 7.8814702 7.8866567 7.8941348 7.8988115 7.903004 7.9071965 7.911389 7.9096164 7.9056003 7.8998328 7.8940653 7.8882978 7.8840753 7.8889065
-9999 7.9208242 7.9200784 7.9193325 7.9185867 7.9178408 7.9170949 7.9156389 7.9133631 7.9110874 7.9088116 7.9065359 7.9042601 7.901282 7.8994946 7.8977072 7.8959199 7.8941325 7.8923451 7.8935913 7.8917145 7.8898378 7.8879611 7.8860843 7.8842076 7.8823397 7.8804958 7.8786518 7.8768078 7.8749639 7.8731199 7.8720927 7.8803675 7.8886423 7.8969172 7.905192 7.9134668 7.9151336 7.9073465 7.8995594 7.8917723 7.8839852 7.8761981 7.8747432 7.878196 7.8816489 7.8851018 7.8885547 7.8925595 7.8972361 7.9014286 7.9056211 7.9098136 7.9140061 7.9138145 7.9080471 7.9022796 7.8965121 7.8907446 7.8849771
-9999 7.9087772 7.9080313 7.9072855 7.9065396 7.9057938 7.9127195 7.9186293 7.9165546 7.9142788 7.9120031 7.9097273 7.9074516 7.9055074 7.9041025 7.9023151 7.9005277 7.8987404 7.896953 7.8951386 7.8932619 7.8913851 7.8895084 7.8876316 7.8852505 7.8832607 7.8840631 7.8822192 7.8803752 7.8785312 7.8766873 7.8782996 7.8865744 7.8948492 7.903124 7.9113989 7.9155913 7.915911 7.9138058 7.9060187 7.8982316 7.8904445 7.8826574 7.8788298 7.8802837 7.8837366 7.8871894 7.8906423 7.8940952 7.8946187 7.8981356 7.9023281 7.9065206 7.9107131 7.9133821 7.9101119 7.9043444 7.898577 7.8928095 7.887042
