P1_models/J1_p1_vp_slide_diff_80.dat.tif
NCOLS 118
NROWS 92
XLLCORNER 139.62
YLLCORNER -39.07
DX 0.099491525
DY 0.099347826
NODATA_VALUE -9999
[rows 0 to 26 of 92, columns 0 to 59 of 118]
-9999 -9999 -9999 -9999 -9999 -9999 -9999 -9999 -9999 -9999 -9999 -9999 -9999 -9999 -9999 -9999 -9999 -9999 -9999 -9999 -9999 -9999 -9999 -9999 -9999 -9999 -9999 -9999 -9999 -9999 -9999 -9999 -9999 -9999 -9999 -9999 -9999 -9999 -9999 -9999 -9999 -9999 -9999 -9999 -9999 -9999 -9999 -9999 -9999 -9999 -9999 -9999 -9999 -9999 -9999 -9999 -9999 -9999 -9999 -9999
-9999 8.0601738 8.0582924 8.056411 8.0545297 8.0526483 8.0502478 8.050716 8.0559237 8.061343 8.0667624 8.0721817 8.0776011 8.0827616 8.0862795 8.0885084 8.0907373 8.0929663 8.0951952 8.0979377 8.101865 8.1057922 8.1097195 8.1136468 8.1167431 8.1143511 8.1095704 8.1027294 8.0958885 8.0890475 8.0822065 8.07917 8.0834672 8.0877644 8.0920615 8.0963587 8.1017183 8.1101377 8.1144766 8.1156696 8.1168627 8.1180557 8.1192488 8.1166818 8.1135389 8.1110752 8.1086114 8.1061477 8.103684 8.1000499 8.0982482 8.0964465 8.0946448 8.0928431 8.0920969 8.093827 8.0938922 8.0939574 8.0940226 8.0940878
-9999 8.0514899 8.0496086 8.0477272 8.0458458 8.0430415 8.0396592 8.0401274 8.0450396 8.0501109 8.0555303 8.0609496 8.066369 8.0715295 8.0761716 8.0802884 8.0825173 8.0847463 8.0869752 8.0897177 8.093645 8.0975722 8.1014995 8.1031111 8.1010561 8.0986641 8.0953691 8.0913947 8.0845537 8.0777127 8.0708718 8.0678352 8.0721324 8.0764296 8.0807268 8.0870009 8.0953201 8.1037395 8.1123023 8.1181637 8.1193567 8.1205498 8.1217428 8.1191759 8.113906 8.1102417 8.107778 8.1053142 8.1028505 8.0991236 8.0951784 8.0931159 8.0913142 8.0895125 8.0887662 8.0916758 8.0938752 8.0939405 8.0940057 8.0940709
-9999 8.0428061 8.0409247 8.0390434 8.0358353 8.0324529 8.0290705 8.0295387 8.034451 8.0393633 8.0442982 8.0497175 8.0551369 8.0602974 8.0649395 8.0695816 8.0742237 8.0765263 8.0787552 8.0814977 8.085425 8.0893522 8.089479 8.087424 8.085369 8.0829771 8.0796821 8.076387 8.073092 8.066378 8.059537 8.0565005 8.0607976 8.0650948 8.0722835 8.0806027 8.0889219 8.0973413 8.1059041 8.1144669 8.1218508 8.1230438 8.1242369 8.1216699 8.1164 8.1111301 8.1069445 8.1044807 8.102017 8.0982901 8.0943449 8.0903997 8.0879835 8.0861818 8.0854356 8.0883452 8.0912548 8.0939235 8.0939887 8.0940539
-9999 8.0341223 8.0320115 8.0286291 8.0252467 8.0218643 8.0184819 8.0189501 8.0238624 8.0287747 8.0336869 8.0385992 8.0439048 8.0490653 8.0537074 8.0583495 8.0629916 8.0676337 8.0705352 8.0732777 8.077205 8.075847 8.073792 8.071737 8.069682 8.0672901 8.0639951 8.0607 8.057405 8.05411 8.0482022 8.0451657 8.0494629 8.0575661 8.0658853 8.0742045 8.0825237 8.0909431 8.0995059 8.1080687 8.1166315 8.1251942 8.1267309 8.124164 8.1188941 8.1136242 8.1083543 8.1036473 8.1011835 8.0974566 8.0935114 8.0895663 8.0856211 8.0828512 8.0821049 8.0850145 8.0879241 8.0908337 8.0937433 8.0940369
-9999 8.0248052 8.0214229 8.0180405 8.0146581 8.0112757 8.0078933 8.0083615 8.0132738 8.0181861 8.0230983 8.0280106 8.0329229 8.0378332 8.0424753 8.0471174 8.0517595 8.0564016 8.0610437 8.06427 8.062215 8.06016 8.058105 8.05605 8.053995 8.0516031 8.048308 8.045013 8.041718 8.038423 8.0351279 8.0345296 8.0428488 8.0511679 8.0594871 8.0678063 8.0761255 8.0845449 8.0931077 8.1016705 8.1102332 8.118796 8.1273588 8.126658 8.1213881 8.1161182 8.1108483 8.1055784 8.10035 8.0966232 8.092678 8.0887328 8.0847876 8.0808424 8.0787743 8.0816839 8.0845935 8.0875031 8.0904127 8.0933223
-9999 8.0214368 8.0180544 8.014672 8.0112897 8.0079073 8.004825 8.005569 8.0104812 8.0153935 8.0203058 8.025218 8.0298764 8.0334067 8.0359357 8.0405778 8.0452199 8.049862 8.0545041 8.0571211 8.0550661 8.0530111 8.0509561 8.0489011 8.0465259 8.0452406 8.0471146 8.0438196 8.0405245 8.0372295 8.0339345 8.0346065 8.0429257 8.0512449 8.059564 8.0678832 8.0746227 8.081158 8.0897208 8.0982835 8.1068463 8.1154091 8.1231892 8.1287516 8.127908 8.1226381 8.1173682 8.1120983 8.1068284 8.102688 8.0987428 8.0947976 8.0908524 8.0876759 8.0876419 8.0905515 8.0934611 8.0963707 8.0992803 8.0969387
-9999 8.0192123 8.0158299 8.0124475 8.0090651 8.0061352 8.0032675 8.0040115 8.0089238 8.0138361 8.0187483 8.0232403 8.0275905 8.0311208 8.0330092 8.0348975 8.0394237 8.0440658 8.0487079 8.0513249 8.0492699 8.0472149 8.0451599 8.0425483 8.0396329 8.0383475 8.0414313 8.044515 8.0416273 8.0383323 8.0350373 8.0357093 8.0440284 8.0523476 8.0606668 8.0665948 8.0717129 8.0782481 8.0868109 8.0953737 8.1039365 8.1114349 8.1187851 8.1243476 8.1286248 8.1297958 8.1245259 8.119256 8.1139861 8.1098457 8.1059005 8.1019553 8.0993597 8.098476 8.0984421 8.1013517 8.1042613 8.1071709 8.1032283 8.0977015
-9999 8.0169877 8.0136053 8.010313 8.0074454 8.0045777 8.0017101 8.0024541 8.0073664 8.012254 8.0166042 8.0209545 8.0253047 8.028835 8.0307233 8.0326117 8.0345 8.0382696 8.0429117 8.0455287 8.0434737 8.0414187 8.0385707 8.0356552 8.0327398 8.0314545 8.0345382 8.0376219 8.0407057 8.039435 8.03614 8.036812 8.0451312 8.0534488 8.0585669 8.0636849 8.068803 8.0753383 8.0839011 8.0923305 8.0996807 8.1070309 8.114381 8.1199435 8.1242208 8.128498 8.1316836 8.1264137 8.1211438 8.1170034 8.1130582 8.1110436 8.1101599 8.1092762 8.1092423 8.1121519 8.1150446 8.1095179 8.1039911 8.0984644
-9999 8.0147632 8.0116232 8.0087556 8.0058879 8.0030203 8.0001527 8.0008967 8.0056179 8.0099682 8.0143184 8.0186686 8.0230188 8.0265491 8.0284375 8.0303258 8.0322142 8.0341025 8.0371155 8.0397325 8.0375085 8.0345931 8.0316776 8.0287622 8.0258468 8.0245614 8.0276452 8.0307289 8.0338126 8.0368964 8.0372428 8.0379148 8.0454209 8.0505389 8.055657 8.0607751 8.0658932 8.0724285 8.0805762 8.0879264 8.0952766 8.1026268 8.109977 8.1155394 8.1198167 8.124094 8.1283712 8.1326485 8.1283014 8.124161 8.1227274 8.1218437 8.12096 8.1200763 8.1200424 8.1213343 8.1158075 8.1102808 8.104754 8.0992273
-9999 8.0137187 8.010851 8.0079834 8.0051158 8.0022481 7.9993805 8.0001955 8.0045457 8.0088959 8.0132462 8.0175964 8.0219466 8.0249372 8.0268255 8.0287139 8.0306022 8.0324906 8.0343789 8.0348147 8.0318992 8.0289838 8.0260684 8.0231529 8.0202375 8.0190264 8.0221101 8.0251938 8.0282776 8.0313613 8.034445 8.0382236 8.0433417 8.0484598 8.0535779 8.0586959 8.063814 8.0697732 8.0771234 8.0844736 8.0918238 8.099174 8.1065242 8.1123416 8.1166188 8.1208961 8.1251734 8.1294506 8.1337279 8.1336047 8.132721 8.1318373 8.1309536 8.1300699 8.1273155 8.1217887 8.116262 8.1107352 8.1052085 8.0996817
-9999 8.0180929 8.0152252 8.0123576 8.00949 8.0066223 8.0055353 8.007077 8.0114272 8.0157774 8.0201277 8.0244779 8.0276322 8.0295647 8.0297655 8.0315182 8.0334065 8.0352949 8.0371832 8.037619 8.0347035 8.0317881 8.0288727 8.0259572 8.0230131 8.0218328 8.0254159 8.0285586 8.0316423 8.0347261 8.0378098 8.0415884 8.0467065 8.0518246 8.0569426 8.0620607 8.0667982 8.072555 8.0799052 8.0872554 8.0946056 8.1019557 8.1097488 8.1161749 8.1213263 8.1256035 8.1298808 8.1341581 8.1384353 8.1383121 8.1374285 8.1365448 8.1356611 8.1318517 8.1257487 8.1202219 8.1146952 8.1091684 8.1036417 8.09569
-9999 8.0224671 8.0195995 8.0167318 8.0142005 8.0133087 8.0124168 8.0139585 8.0183087 8.0226589 8.0269485 8.0297457 8.0325429 8.0344753 8.0346761 8.034877 8.0362108 8.0380992 8.0399875 8.0404233 8.0375078 8.0345924 8.031677 8.0287224 8.025765 8.0245848 8.0281678 8.0317509 8.0350071 8.0380909 8.0411746 8.0449532 8.0500713 8.0551894 8.0602938 8.0649369 8.0695799 8.0753367 8.0826869 8.0900371 8.0974595 8.1052768 8.1130941 8.1195202 8.1249462 8.130311 8.1345882 8.1388655 8.1431428 8.1430196 8.1421359 8.1412522 8.1365543 8.1302849 8.1241819 8.1186551 8.1131284 8.1073906 8.0992126 8.0910345
-9999 8.0268413 8.0239737 8.0219738 8.021082 8.0201901 8.0192983 8.02084 8.0251902 8.029062 8.0318592 8.0346564 8.0374536 8.039386 8.0395868 8.0397876 8.0399884 8.0409035 8.0427918 8.0432276 8.0403121 8.0373891 8.0344317 8.0314743 8.0285169 8.0273367 8.0309198 8.0345028 8.0380858 8.0414556 8.0445394 8.048318 8.0534361 8.0584325 8.0630755 8.0677186 8.0723616 8.0781185 8.0854686 8.0929876 8.1008049 8.1086222 8.1164395 8.1228655 8.1282915 8.1337174 8.1391434 8.1435729 8.1478502 8.147727 8.1468433 8.1412569 8.1349875 8.1287181 8.1226151 8.1170883 8.1109131 8.1027351 8.0945571 8.0863791
-9999 8.0312155 8.0297471 8.0288553 8.0279635 8.0270716 8.0261798 8.0277215 8.0311755 8.0339727 8.0367699 8.0395671 8.0423642 8.0442967 8.0444975 8.0446983 8.0448991 8.0450999 8.0455961 8.0460319 8.0430984 8.040141 8.0371836 8.0342262 8.0312689 8.0300886 8.0336717 8.0372547 8.0408378 8.0444208 8.0479042 8.0516828 8.0565712 8.0612142 8.0658573 8.0705003 8.0751434 8.0809002 8.0885156 8.0963329 8.1041502 8.1119675 8.1197848 8.1262109 8.1316368 8.1370628 8.1424887 8.1479147 8.1525576 8.1522289 8.1459595 8.1396901 8.1334207 8.1271513 8.1210483 8.1144357 8.1062577 8.0980796 8.0899016 8.0817236
-9999 8.0375511 8.0366593 8.0357674 8.0348756 8.0339838 8.0330919 8.0339873 8.0367845 8.0395816 8.0423788 8.045176 8.0479732 8.0498902 8.0500887 8.0502895 8.0504903 8.0506911 8.0508919 8.0501378 8.0471804 8.044223 8.0412656 8.0383082 8.0353508 8.0320988 8.0348824 8.0384655 8.0420485 8.0456316 8.0492146 8.0531597 8.0578028 8.0624458 8.0670889 8.0717319 8.076375 8.0801407 8.087958 8.0957753 8.1035926 8.1114099 8.1192272 8.1252539 8.1306798 8.1361058 8.1415317 8.1469577 8.1523836 8.1477799 8.1415105 8.1352411 8.1289717 8.1227023 8.1181524 8.1112581 8.1030801 8.0949021 8.0867241 8.078546
-9999 8.0445344 8.0436426 8.0427507 8.0418589 8.0411229 8.0412691 8.0422529 8.0442036 8.0468131 8.0496103 8.0524075 8.0552047 8.0571217 8.0572762 8.057462 8.0576628 8.0578636 8.0580644 8.0573102 8.0543529 8.0513955 8.0484381 8.0454807 8.0424953 8.0392328 8.0352336 8.0360951 8.0396781 8.0432612 8.0468442 8.0507893 8.0554324 8.0600754 8.0647185 8.0695301 8.0781801 8.082388 8.0802407 8.0861487 8.093966 8.1017833 8.1096006 8.115389 8.1197258 8.1251517 8.1305777 8.1360036 8.1414296 8.1367459 8.1303643 8.1240949 8.1178255 8.1115561 8.1070062 8.1084122 8.1033367 8.0951587 8.0869807 8.0788026
-9999 8.0515177 8.0506259 8.049734 8.0493053 8.0494514 8.0495976 8.0505814 8.0525321 8.0544828 8.0568418 8.0596389 8.0624361 8.0643532 8.0645077 8.0646623 8.0648353 8.0650361 8.0652369 8.0644827 8.0615254 8.058568 8.0556044 8.0526168 8.0496293 8.0463668 8.0423676 8.0383684 8.0373077 8.0408908 8.0444738 8.0484189 8.053062 8.057705 8.0635324 8.0721825 8.0808325 8.0850404 8.0828931 8.0807458 8.0843394 8.0921567 8.099974 8.1057624 8.1100922 8.114422 8.1196236 8.1250496 8.1304755 8.1257919 8.119361 8.1129487 8.1066793 8.1004099 8.09586 8.097266 8.098672 8.0954153 8.0872373 8.0790593
-9999 8.058501 8.0576092 8.0574877 8.0576338 8.05778 8.0579261 8.05891 8.0608606 8.0628113 8.064762 8.0668704 8.0696676 8.0715846 8.0717392 8.0718937 8.0720483 8.0722086 8.0724094 8.0716552 8.0686978 8.065726 8.0627384 8.0597509 8.0567633 8.0535008 8.0495016 8.0455024 8.0415032 8.0385204 8.0421034 8.0460485 8.0506916 8.0575348 8.0661848 8.0748348 8.0834849 8.0876927 8.0855454 8.0833981 8.0812508 8.0825301 8.0903474 8.0961358 8.1004656 8.1047954 8.1091252 8.1140955 8.1195215 8.1148378 8.1084069 8.1019761 8.0955452 8.0892637 8.0847138 8.0861198 8.0875258 8.0889319 8.0874939 8.0793159
-9999 8.0655239 8.0656701 8.0658162 8.0659623 8.0661085 8.0662546 8.0672385 8.0691892 8.0711398 8.0730905 8.0750412 8.0769919 8.0788161 8.0789706 8.0791252 8.0792797 8.0794343 8.0795888 8.0788277 8.0758476 8.07286 8.0698724 8.0668849 8.0638973 8.0606349 8.0566356 8.0526364 8.0486372 8.044638 8.0406387 8.0436781 8.0515371 8.0601872 8.0688372 8.0774872 8.0861373 8.0903451 8.0881978 8.0860505 8.0839032 8.0817559 8.0807208 8.0865092 8.090839 8.0951688 8.0994986 8.1038284 8.1085674 8.1038838 8.0974529 8.091022 8.0845911 8.0781602 8.0735676 8.0749736 8.0763797 8.0777857 8.0791917 8.0795725
-9999 8.070682 8.0708281 8.0709743 8.0711204 8.0712665 8.071955 8.0743704 8.0763211 8.0782718 8.0802225 8.0821732 8.0841241 8.0855788 8.0858508 8.0860053 8.0861598 8.0863144 8.0864689 8.0856733 8.0826858 8.0796982 8.0767107 8.0737231 8.0707355 8.0650976 8.0624562 8.058457 8.0544577 8.0504585 8.0464593 8.0467806 8.0554307 8.0640807 8.0727307 8.0813808 8.0893823 8.0905592 8.0884119 8.0862646 8.0841173 8.08197 8.079892 8.0803495 8.0844432 8.088773 8.0931028 8.0974326 8.1017624 8.0969172 8.0904863 8.0840555 8.0776246 8.0711937 8.0653956 8.0668016 8.0682076 8.0696137 8.0710197 8.0699855
-9999 8.0734485 8.0735946 8.0737408 8.0738869 8.0753663 8.0781843 8.0805997 8.0825504 8.0845011 8.0864518 8.088404 8.090359 8.0918136 8.0922665 8.0926204 8.0927749 8.0929295 8.093084 8.0922884 8.0893009 8.0863133 8.0833257 8.0791322 8.0717289 8.0660837 8.0651508 8.0632868 8.0592875 8.0552883 8.0512891 8.0516104 8.0602605 8.0689105 8.0775605 8.0842566 8.0877572 8.0889342 8.0867869 8.0846396 8.0824923 8.0804708 8.0785673 8.0790248 8.0811795 8.0848143 8.0891441 8.0934739 8.0978037 8.0929585 8.0865276 8.0800968 8.0735136 8.0654271 8.0594671 8.0608731 8.0622791 8.0636851 8.0609584 8.0534454
-9999 8.076215 8.0763612 8.0765073 8.0787775 8.0815956 8.0844136 8.086829 8.0887797 8.0907304 8.0926839 8.0946388 8.0965938 8.0980484 8.0985013 8.0989541 8.09939 8.0995446 8.0996991 8.0989035 8.095916 8.0929284 8.0875216 8.0801183 8.0727149 8.0670698 8.0661369 8.0652041 8.0641173 8.0601181 8.0561189 8.0564402 8.0650902 8.0737403 8.079131 8.0826315 8.0861321 8.0873091 8.0851618 8.0830145 8.0810497 8.0791461 8.0772426 8.0777001 8.0798548 8.0820096 8.0851854 8.0895152 8.093845 8.0889998 8.082569 8.0756716 8.0675851 8.0594985 8.0535385 8.0549446 8.0563506 8.0519313 8.0444183 8.0369052
-9999 8.0789815 8.0793707 8.0821888 8.0850069 8.0878249 8.090643 8.0930584 8.0950091 8.0969638 8.0989187 8.1008737 8.1028286 8.1042833 8.1047361 8.105189 8.1056418 8.1060947 8.1063142 8.1055186 8.102531 8.095911 8.0885077 8.0811044 8.073701 8.0680559 8.067123 8.0661901 8.0652573 8.0643244 8.0609487 8.06127 8.06992 8.0740053 8.0775059 8.0810065 8.084507 8.085684 8.0835367 8.0816285 8.079725 8.0778214 8.0759179 8.0763754 8.0785301 8.0806849 8.0828397 8.0855565 8.0898863 8.0850411 8.0778296 8.0697431 8.0616565 8.05357 8.04761 8.049016 8.0429042 8.0353912 8.0278781 8.0203651
-9999 8.082782 8.0856001 8.0884181 8.0912362 8.0940542 8.0968723 8.0992888 8.1012437 8.1031986 8.1051536 8.1071085 8.1090634 8.1105181 8.1109709 8.1114238 8.1118766 8.1123295 8.1127823 8.1117038 8.1043004 8.0968971 8.0894938 8.0820904 8.0746871 8.0690419 8.0681091 8.0671762 8.0662434 8.0653105 8.0643776 8.065379 8.0688796 8.0723802 8.0758808 8.0793814 8.082882 8.0841109 8.0822074 8.0803038 8.0784003 8.0764967 8.0745932 8.0750506 8.0772054 8.0793602 8.081515 8.0836698 8.0859276 8.0799876 8.0719011 8.0638145 8.055728 8.0476415 8.0413901 8.0338771 8.026364 8.018851 8.011338 8.0038249
-9999 8.0843627 8.0871807 8.0899988 8.0928168 8.0956349 8.1000265 8.1046764 8.1075775 8.1095324 8.1114873 8.1134423 8.1153972 8.1162685 8.115431 8.1158839 8.1163367 8.1167896 8.1172424 8.1153197 8.1079164 8.100513 8.0931097 8.0857064 8.0800107 8.0749871 8.0653811 8.0644483 8.0635154 8.0625825 8.0616497 8.0622311 8.0657317 8.0692323 8.0727329 8.0762335 8.0794216 8.0808987 8.0798982 8.0779946 8.0760911 8.0741875 8.072284 8.0690605 8.0684663 8.0706211 8.0727759 8.0749307 8.0770854 8.0792188 8.0726215 8.064535 8.0564485 8.0483619 8.0414597 8.0375966 8.0300836 8.0225706 8.0150575 8.0075445
-9999 8.0850524 8.0878705 8.0906885 8.0935066 8.0987422 8.1044119 8.1090618 8.1125347 8.1158852 8.1178401 8.119795 8.12175 8.1226213 8.1213226 8.1200239 8.1204567 8.1209096 8.1213624 8.1194397 8.1120363 8.104633 8.0972297 8.0929081 8.0905058 8.0854822 8.0734326 8.061383 8.0600756 8.0591428 8.0582099 8.0587914 8.062292 8.0657926 8.0692931 8.0723103 8.0751366 8.0766136 8.0761604 8.0754968 8.0735932 8.0716897 8.0697861 8.0665627 8.0623903 8.060461 8.0626158 8.0647705 8.0669253 8.0690587 8.0711883 8.0665298 8.0584432 8.0503567 8.0434545 8.0406547 8.037686 8.030173 8.02266 8.0151469
