P1_models/J1_p1_vp_slide_diff2_30.dat.tif
NCOLS 118
NROWS 92
XLLCORNER 139.62
YLLCORNER -39.07
DX 0.099491525
DY 0.099347826
NODATA_VALUE -9999
[rows 25 to 49 of 92, columns 57 to 113 of 118]
0.19221014 0.18269129 0.17317244 0.17115271 0.1684965 0.16197039 0.15544428 0.14891817 0.14239206 0.134629 0.13343212 0.13232776 0.1312234 0.13011905 0.1312702 0.13530753 0.13934486 0.14338219 0.14741952 0.15082929 0.13979487 0.14097769 0.14216052 0.14334334 0.14452616 0.16259612 0.18846824 0.21434035 0.24021247 0.25875581 0.26271709 0.27008719 0.27622638 0.28236557 0.28850476 0.29452368 0.29662881 0.29873393 0.30083905 0.30294418 0.30218664 0.32405884 0.32727182 0.32997933 0.33268684 0.33539435 0.3416701 0.34205004 0.34035829 0.33866653 0.33697478 0.33995445 0.34614395 0.35255817 0.35897239 0.36538661 -9999
0.1989622 0.18944335 0.1799245 0.17790477 0.18098101 0.18014703 0.17362091 0.1670948 0.16056869 0.15280563 0.14500007 0.14267389 0.14156953 0.14046517 0.14161633 0.14565366 0.14969099 0.15367157 0.15724037 0.16063788 0.14873813 0.13683838 0.13723773 0.13842055 0.13960337 0.15767333 0.18354545 0.20941756 0.22490073 0.22649165 0.23045294 0.23868539 0.2463193 0.25245849 0.25859768 0.2646166 0.26672173 0.26882685 0.27093198 0.26988029 0.26846439 0.2903366 0.31468906 0.32017011 0.32287762 0.32558513 0.33186087 0.33983771 0.34081994 0.33912818 0.33743643 0.3404161 0.34589331 0.35202444 0.35843866 0.36485288 -9999
0.20636753 0.19619541 0.18667656 0.18465683 0.18773307 0.19080931 0.19179755 0.18527144 0.17874533 0.17098227 0.16317671 0.15537114 0.15191565 0.1508113 0.15196245 0.15599978 0.15991136 0.16348016 0.16704896 0.17044647 0.15854672 0.14664697 0.13474722 0.13349776 0.13468058 0.15275054 0.17862266 0.19104564 0.19263657 0.19422749 0.19818878 0.20642123 0.21465369 0.22255141 0.2286906 0.23470953 0.23681465 0.23891977 0.23757395 0.23615805 0.23474215 0.25661435 0.28096681 0.30531928 0.31306839 0.3157759 0.32205165 0.33002848 0.33800531 0.33958983 0.33789808 0.34087775 0.34635496 0.35183217 0.35790493 0.36431915 -9999
0.21816878 0.20440608 0.19342862 0.19140889 0.19448513 0.19756137 0.20063761 0.20344808 0.19692196 0.1891589 0.18135334 0.17354778 0.16574222 0.16115742 0.16230858 0.16615116 0.16971995 0.17328875 0.17685755 0.18025506 0.16835531 0.15645556 0.14455581 0.13265606 0.12975779 0.14782775 0.15719056 0.15878149 0.16037241 0.16196334 0.16592462 0.17415708 0.18238953 0.19062198 0.19878352 0.20480245 0.2066835 0.2052676 0.2038517 0.2024358 0.2010199 0.2228921 0.24724457 0.27159703 0.2959495 0.30596668 0.31224242 0.32021926 0.32819609 0.33617292 0.33835973 0.3413394 0.34681661 0.35229382 0.35777102 0.36378542 -9999
0.22755163 0.21378893 0.20002623 0.19452876 0.19760501 0.20068125 0.20375749 0.20683373 0.20990998 0.20503913 0.19723356 0.189428 0.18162244 0.17381688 0.17100092 0.17456972 0.17813851 0.18170731 0.18527611 0.18683222 0.17728007 0.16538032 0.15348057 0.14158082 0.12968107 0.12700876 0.12859968 0.13019061 0.13178153 0.13337246 0.13240739 0.14063985 0.1488723 0.15710476 0.16533721 0.17328202 0.17186612 0.17045022 0.16903432 0.16761842 0.16679433 0.19211747 0.21646993 0.2408224 0.26517486 0.28952732 0.30440938 0.31238621 0.32036304 0.32833988 0.33631671 0.34251706 0.34799427 0.35347148 0.35894869 0.36442589 -9999
0.21702541 0.20326271 0.18950002 0.17762857 0.17082358 0.17389982 0.17697606 0.18005231 0.18312855 0.19533974 0.19420895 0.18640339 0.17859783 0.17079226 0.1679763 0.1715451 0.1751139 0.1786827 0.17753053 0.16464299 0.17391316 0.16702907 0.15512932 0.14322957 0.13132982 0.12865751 0.13024843 0.13183936 0.13343028 0.12546691 0.1104921 0.096806954 0.10503941 0.11327186 0.12150432 0.12944913 0.12803323 0.12661733 0.12520143 0.12671914 0.15333565 0.1835911 0.20996096 0.23431342 0.25866589 0.28301835 0.30580822 0.32082169 0.32879852 0.33677535 0.34475218 0.3502639 0.35506636 0.36054356 0.36602077 0.37149798 -9999
0.20649919 0.19273649 0.1789738 0.16710235 0.1565161 0.1471184 0.15019464 0.15327088 0.15634712 0.16855831 0.18108339 0.18337877 0.17557321 0.16776765 0.16495169 0.16852049 0.17208929 0.16847694 0.1553413 0.14245376 0.15172393 0.1609941 0.15677807 0.14487832 0.13297857 0.13030626 0.13189718 0.13348811 0.12353408 0.10933007 0.094355261 0.077991533 0.061627806 0.069438968 0.077671422 0.085616234 0.084200333 0.082784432 0.086643946 0.11326046 0.13987698 0.17013243 0.20077544 0.22780445 0.25215691 0.27650938 0.29929925 0.32134418 0.33723399 0.34521083 0.35318766 0.35869938 0.36289314 0.36761565 0.37309286 0.37857006 -9999
0.19289358 0.18221028 0.16844758 0.15657613 0.14598988 0.13540363 0.12481737 0.12648945 0.1295657 0.14177689 0.15430197 0.16682704 0.1725486 0.16474304 0.16192708 0.16549588 0.15942336 0.14628771 0.13315207 0.12026453 0.1295347 0.13880487 0.14807504 0.14652707 0.13462732 0.13195501 0.13354594 0.12160126 0.10739725 0.093193239 0.078218426 0.061854699 0.045490971 0.029127243 0.033838527 0.041783339 0.040367438 0.046568755 0.073185274 0.099801794 0.12641831 0.15667376 0.18731677 0.21795978 0.24564794 0.2700004 0.29279027 0.31483521 0.33688014 0.3536463 0.36162314 0.36713485 0.37132862 0.37552239 0.38016494 0.38564215 -9999
0.17464043 0.16737221 0.15792136 0.14604992 0.13546366 0.12487741 0.11429115 0.1037049 0.10278427 0.11499546 0.12752054 0.14004562 0.1525707 0.16171842 0.15890247 0.15036977 0.13723413 0.12409848 0.11096284 0.098075297 0.10734547 0.11661564 0.12588581 0.13515598 0.13627607 0.13360376 0.11966844 0.10546443 0.091260415 0.077056404 0.062081592 0.045717864 0.029354136 0.012990408 -0.0033733199 -0.0020495561 0.0064935651 0.033110084 0.059726603 0.086343122 0.11295964 0.14321509 0.1738581 0.2045011 0.23514411 0.26349143 0.2862813 0.30832623 0.33037117 0.3524161 0.37005861 0.37557033 0.3797641 0.38395786 0.38815163 0.39271423 -9999
0.16176564 0.15449743 0.14722922 0.13611795 0.12553169 0.11494544 0.10435919 0.093772932 0.083186678 0.082526939 0.095052017 0.1075771 0.12010217 0.13262725 0.13389571 0.12076007 0.10762442 0.094488776 0.081353131 0.070506848 0.087112473 0.096382643 0.10565281 0.11492298 0.12419315 0.1174073 0.10320329 0.088999281 0.07479527 0.060591259 0.053356593 0.038034077 0.021670349 0.0053066212 -0.011057107 -0.026139481 0.00047703779 0.027093557 0.053710076 0.080326595 0.10269686 0.13331079 0.1639538 0.19459681 0.22523981 0.25588282 0.28199598 0.30404091 0.32608585 0.34813078 0.37017572 0.38080299 0.38499675 0.38919052 0.39338429 0.39757805 -9999
0.15776128 0.15049307 0.14322486 0.13155785 0.11690169 0.10599355 0.095407298 0.084821045 0.074234791 0.059354419 0.053203905 0.065728984 0.078254062 0.090779141 0.092047599 0.078911954 0.065776309 0.052640664 0.042120415 0.033558095 0.060161566 0.079376023 0.088646193 0.097916362 0.10718653 0.10040068 0.086196671 0.071992661 0.05778865 0.049954107 0.044131931 0.041225089 0.027927966 0.011564238 -0.0047994895 -0.019881864 0.006734655 0.033351174 0.059967693 0.080924089 0.094338472 0.12677887 0.15991164 0.19055465 0.22119765 0.25184066 0.27879769 0.30342301 0.32546795 0.34751288 0.36955782 0.38031174 0.38494708 0.38914085 0.39333461 0.39752838 -9999
0.15375691 0.1464887 0.13922049 0.12755349 0.11289732 0.098241152 0.086455411 0.075869158 0.065282904 0.050402532 0.035374608 0.023880872 0.03640595 0.048931029 0.050199487 0.037063842 0.023928197 0.014127743 0.0051716629 -0.0033906569 0.023212814 0.049816285 0.071639572 0.080909742 0.090179912 0.083394062 0.069190051 0.055609623 0.048169534 0.040729445 0.03490727 0.032000428 0.029093586 0.017821856 0.0014581277 -0.013624247 0.012992272 0.039608791 0.059151313 0.072565697 0.085980081 0.11842048 0.15288722 0.18651248 0.21715549 0.2477985 0.27475553 0.29995534 0.32485005 0.34689498 0.36893992 0.37969384 0.38441113 0.38909117 0.39328494 0.3974787 -9999
0.14192716 0.14248434 0.13521613 0.12354912 0.10889295 0.094236787 0.079580619 0.066917271 0.056331017 0.041450645 0.026422721 0.011394798 -0.003633126 0.007082917 0.0083513749 -0.0047842701 -0.01386493 -0.02282101 -0.031777089 -0.040339409 -0.013735938 0.012867532 0.039471003 0.063903122 0.073173292 0.066387442 0.05382505 0.046384961 0.038944872 0.031504784 0.025682608 0.022775766 0.019868924 0.016962082 0.007715745 -0.0073666297 0.019249889 0.037378537 0.050792921 0.064207305 0.077621689 0.11006209 0.14452882 0.17899556 0.21311333 0.24375634 0.27071336 0.29591318 0.32111299 0.34627708 0.36832202 0.37907594 0.38379323 0.38851052 0.39322781 0.39742903 -9999
0.12713406 0.12874085 0.13034763 0.11954476 0.10488859 0.090232422 0.075576254 0.060920086 0.04737913 0.032498758 0.017470834 0.0024429105 -0.012585013 -0.027612937 -0.032901523 -0.041857603 -0.050813682 -0.059769762 -0.068725842 -0.077288162 -0.050684691 -0.02408122 0.0025222506 0.029125721 0.055729192 0.052040478 0.044600389 0.0371603 0.029720211 0.022280122 0.016457947 0.013551105 0.010644263 0.0077374205 0.0048305785 -0.0011090125 0.015605762 0.029020146 0.042434529 0.055848913 0.069263297 0.1017037 0.13617043 0.17063717 0.2051039 0.23957064 0.2666712 0.29187101 0.31707083 0.34227064 0.36747045 0.37845804 0.38317533 0.38789262 0.39260991 0.3973272 -9999
0.10385203 0.10545882 0.11479953 0.11277481 0.098034732 0.083378565 0.068722397 0.054066229 0.039410062 0.024394488 0.0093665643 -0.0056613593 -0.020689283 -0.030872643 -0.035017598 -0.043973678 -0.052929757 -0.061885837 -0.070841917 -0.071615479 -0.061900063 -0.035296592 -0.0086931211 0.01791035 0.04451382 0.04783196 0.040391871 0.032951783 0.025511694 0.018832844 0.01293 0.0067256579 0.0038188159 0.00091197388 -0.0019948681 -0.0044151319 0.008999252 0.022413636 0.03582802 0.049242404 0.071025997 0.10456833 0.13903506 0.17350179 0.20796853 0.23902657 0.2651046 0.29030441 0.31550422 0.34070403 0.36741522 0.38040623 0.38512352 0.38984081 0.3945581 0.3980071 -9999
0.077698929 0.090349868 0.10730784 0.10528312 0.090358862 0.075560971 0.060904803 0.046248635 0.031592468 0.016576894 0.0015489702 -0.013478953 -0.020822705 -0.021207828 -0.025352782 -0.034308862 -0.043264942 -0.051679304 -0.051492113 -0.051232761 -0.044528909 -0.03780858 -0.011205109 0.015398361 0.042001832 0.045319972 0.037879883 0.030439794 0.024289825 0.020363665 0.014460821 0.0049961731 -0.0021951832 -0.0051020252 -0.0080088672 -0.010429131 0.0029852529 0.016399637 0.029814021 0.052823667 0.077686405 0.11122873 0.14569547 0.1801622 0.21037704 0.23829723 0.26437525 0.28957506 0.31477487 0.34176498 0.37023129 0.38322231 0.3879396 0.39265689 0.39585815 0.39767407 -9999
0.065900203 0.082858178 0.099816153 0.097791433 0.082867172 0.06794291 0.053087209 0.038431041 0.023774874 0.0087592998 -0.0062686238 -0.010772767 -0.011157889 -0.011543012 -0.015687967 -0.024644046 -0.031483778 -0.031296586 -0.031109395 -0.030850043 -0.024146191 -0.017442339 -0.010738488 0.012886373 0.039489844 0.042807984 0.035367895 0.029746807 0.025820646 0.021894485 0.015991641 0.0065269935 -0.0029376541 -0.011116024 -0.014022866 -0.01644313 -0.0030287461 0.010385638 0.034621338 0.059484075 0.084346812 0.11788914 0.15235588 0.1817275 0.20964769 0.23756788 0.26364591 0.28884572 0.31611474 0.34458106 0.37304737 0.38603839 0.39075568 0.3937092 0.39552512 0.39734104 -9999
0.058408513 0.075366488 0.092324463 0.090299744 0.075375482 0.06045122 0.045526958 0.030613447 0.01595728 0.00094170571 -0.00072282827 -0.0011079509 -0.0014930736 -0.0018781962 -0.006023151 -0.011288251 -0.011101059 -0.010913868 -0.010726676 -0.010467324 -0.0037634726 0.002940379 0.0096442306 0.016348082 0.036977856 0.040295996 0.035203788 0.031277627 0.027351466 0.023425305 0.017522462 0.0080578139 -0.0014068336 -0.010871481 -0.020036865 -0.022457129 -0.0084437282 0.016419009 0.041281746 0.066144483 0.09100722 0.12454955 0.15307797 0.18099816 0.20891835 0.23683854 0.26291657 0.2904645 0.31893082 0.34739714 0.37586345 0.38885447 0.39156025 0.39337617 0.39519209 0.39700801 -9999
0.048536916 0.065494891 0.082452867 0.08447977 0.069555508 0.054631246 0.039706984 0.024782723 0.0098584608 0.0083580022 0.0079728796 0.0075877569 0.0072026343 0.0068175116 0.0066834467 0.0068706381 0.0070578296 0.0072450211 0.0074322125 0.0076130927 0.013831464 0.020535315 0.027239167 0.033943019 0.04064687 0.040079938 0.036153777 0.032227617 0.028301456 0.024375295 0.020687876 0.011223228 0.0017585804 -0.0077060672 -0.017170715 -0.025611974 -0.00074923646 0.024113501 0.048976238 0.073838975 0.09862917 0.12658886 0.15450905 0.18242924 0.21034943 0.23826962 0.26488424 0.29335055 0.32181687 0.35028318 0.3787495 0.3884883 0.39030422 0.39212014 0.39393606 0.39575198 -9999
0.020715932 0.037673907 0.054631882 0.06992677 0.076343712 0.061419451 0.046495189 0.031570927 0.016646665 0.011309559 0.0093595216 0.0089743989 0.0085892763 0.0082041536 0.0080700887 0.0082572801 0.0084444716 0.0086316631 0.0087448755 0.0087097236 0.011392991 0.017104645 0.023808496 0.030512348 0.0372162 0.036649268 0.032723107 0.028796946 0.024870785 0.0248378 0.026745562 0.026716838 0.017252191 0.0077875433 -0.0016771043 -0.010118363 0.014744374 0.039607111 0.064469848 0.08906197 0.11155369 0.14287843 0.17223418 0.20015437 0.22807456 0.25599476 0.27516181 0.29676431 0.32523063 0.35369694 0.38216326 0.38612909 0.38208689 0.38390281 0.38571873 0.38753464 -9999
-0.0071050532 0.009852922 0.026810897 0.042105785 0.056270536 0.068207655 0.053283393 0.038359131 0.02343487 0.018097763 0.013090084 0.010361041 0.0099759183 0.0095907956 0.0094567307 0.0096439221 0.0098311136 0.0099070971 0.0098415064 0.0098063545 0.012489622 0.01517289 0.020377826 0.027081677 0.033785529 0.033218597 0.029292436 0.025366275 0.026131433 0.028538189 0.030445951 0.03145457 0.032463189 0.023281154 0.013816506 0.0053752475 0.030237985 0.055100722 0.079494771 0.10198649 0.12447821 0.15580294 0.18806843 0.2178795 0.2457997 0.27371989 0.29288694 0.30788111 0.32864439 0.35711071 0.38557702 0.38954285 0.38040973 0.37568547 0.37750139 0.37931731 -9999
-0.024646104 -0.017968063 -0.0010100876 0.014284801 0.028449551 0.042614302 0.056779053 0.045147336 0.030223074 0.024885968 0.019878288 0.014870608 0.01136256 0.010977438 0.010843373 0.011030564 0.011069319 0.011003728 0.010938137 0.010902985 0.013586253 0.016269521 0.018952788 0.023651007 0.030354858 0.029787926 0.025861765 0.027425066 0.029831822 0.032238579 0.03414634 0.035154959 0.036163578 0.037172197 0.029310117 0.020868858 0.045731595 0.069927571 0.092419289 0.11491101 0.13740272 0.16872746 0.20099295 0.23325843 0.26352483 0.29144502 0.31061207 0.32560624 0.34060041 0.36052447 0.38899078 0.39295661 0.38382349 0.37469037 0.36928406 0.37109998 -9999
-0.027226611 -0.031483249 -0.028831072 -0.013536184 0.00062856658 0.014793317 0.028958068 0.043122818 0.037011279 0.031674172 0.026666492 0.021658813 0.016651133 0.01236408 0.012230015 0.01223154 0.01216595 0.012100359 0.012034768 0.011999616 0.014682884 0.017366152 0.020049419 0.022732687 0.026924188 0.026357256 0.028718699 0.031125456 0.033532212 0.035938968 0.03784673 0.038855349 0.039863968 0.040872586 0.041881205 0.036362469 0.060360372 0.082852089 0.10534381 0.12783552 0.15032724 0.18165198 0.21391746 0.24618295 0.27844843 0.30917015 0.3283372 0.34333137 0.35832554 0.37331971 0.39240454 0.39637037 0.38723725 0.37810413 0.368971 0.36288264 -9999
-0.021195324 -0.025451962 -0.030394607 -0.032118862 -0.017954112 -0.0037893611 0.010375389 0.02454014 0.038704891 0.034334114 0.029326435 0.024318755 0.019311075 0.014303395 0.016731383 0.016665792 0.016600201 0.01653461 0.01646902 0.012973816 0.020496905 0.023180173 0.02586344 0.028546708 0.031229976 0.033724113 0.03613087 0.038537626 0.040944382 0.043351139 0.050204125 0.052491745 0.053500364 0.054508982 0.055517601 0.057166687 0.079658405 0.10215012 0.12464184 0.14713356 0.16962075 0.20094422 0.2332097 0.26547518 0.29774067 0.3273067 0.34078109 0.35577526 0.37076942 0.38576359 0.39958123 0.39373813 0.38460501 0.37547189 0.36633876 0.35766247 -9999
-0.0014778713 -0.008630266 -0.021993754 -0.024861136 -0.02059597 -0.0076901983 0.0064745523 0.020639303 0.034804054 0.030433277 0.025425597 0.020417918 0.016868501 0.023036433 0.026469898 0.026404307 0.026338717 0.026273126 0.021006702 0.013440309 0.027045118 0.036491236 0.039174504 0.041857771 0.044541039 0.047035177 0.049441933 0.051848689 0.054255446 0.057215741 0.064174637 0.078325711 0.08292741 0.083936029 0.084944648 0.086593734 0.10908545 0.13157717 0.15406889 0.17655434 0.19903279 0.23035625 0.26262173 0.29488722 0.32107097 0.33135744 0.34483183 0.359826 0.37482017 0.38702986 0.38734048 0.38149738 0.37236425 0.36323113 0.35547154 0.35470964 -9999
