P1_models/J1_p1_tot_conduct_slide_300.dat.tif
NCOLS 118
NROWS 92
XLLCORNER 139.62
YLLCORNER -39.07
DX 0.099491525
DY 0.099347826
NODATA_VALUE -9999
[rows 0 to 25 of 92, columns 0 to 58 of 118]
-2.4523325 -2.4629619 -2.4679364 -2.4921792 -2.5300807 -2.5476398 -2.5426653 -2.5378006 -2.533063 -2.5247246 -2.5145122 -2.4994401 -2.4792277 -2.4527023 -2.4221249 -2.3826419 -2.3229469 -2.2654289 -2.2346481 -2.2017922 -2.1753668 -2.1534007 -2.1472894 -2.1381072 -2.1269197 -2.1210256 -2.1260002 -2.1315547 -2.1549858 -2.1801876 -2.2018392 -2.2241262 -2.2489991 -2.2777758 -2.3045312 -2.3321072 -2.3520055 -2.3742238 -2.389933 -2.4044315 -2.4096679 -2.4187927 -2.4237673 -2.4288942 -2.4341306 -2.4534437 -2.4796257 -2.4818559 -2.4766195 -2.4624535 -2.4467443 -2.3935565 -2.3367679 -2.2999148 -2.2616799 -2.2206374 -2.1721628 -2.1044656 -2.039335
-2.4523325 -2.4629619 -2.4679364 -2.4921792 -2.5282568 -2.543326 -2.54 -2.5378006 -2.533063 -2.5264831 -2.5165339 -2.5031695 -2.4842672 -2.4643732 -2.4364162 -2.4036704 -2.3439755 -2.2936111 -2.2654506 -2.2440481 -2.2207606 -2.2087436 -2.2052527 -2.2060196 -2.1974524 -2.1988041 -2.2037787 -2.2139567 -2.2388296 -2.2627156 -2.2836612 -2.3059482 -2.3288459 -2.3475 -2.3723967 -2.3929007 -2.4100272 -2.4223461 -2.4363507 -2.4441964 -2.4494328 -2.4545142 -2.4572554 -2.4603018 -2.4655382 -2.4848513 -2.5141027 -2.5175773 -2.5087987 -2.4938611 -2.482167 -2.4272562 -2.3659701 -2.3273038 -2.2921848 -2.248847 -2.1915455 -2.1222762 -2.0540279
-2.4559942 -2.4666235 -2.4715981 -2.4930685 -2.5262323 -2.54 -2.54 -2.5378006 -2.533063 -2.5264831 -2.5165339 -2.5048771 -2.4899534 -2.473896 -2.4539977 -2.4249136 -2.3652187 -2.3184875 -2.2985892 -2.2807183 -2.2657945 -2.2566844 -2.2616589 -2.2641848 -2.2641848 -2.2660596 -2.2710342 -2.280689 -2.3055619 -2.3289248 -2.3498704 -2.3687591 -2.3836829 -2.4006019 -2.4215475 -2.4341949 -2.4441441 -2.4537856 -2.4642583 -2.4736733 -2.4789097 -2.4815693 -2.4815693 -2.4840926 -2.489329 -2.5058841 -2.5373025 -2.5373082 -2.5268354 -2.5163626 -2.5058898 -2.44918 -2.3875126 -2.3546883 -2.3182694 -2.2659054 -2.206435 -2.1331254 -2.064354
-2.4994589 -2.5100882 -2.5150628 -2.5365331 -2.5442424 -2.5443722 -2.54 -2.5378006 -2.533063 -2.5264831 -2.5165339 -2.5048771 -2.4899534 -2.4750297 -2.4601059 -2.4387027 -2.4138298 -2.3691934 -2.3542697 -2.3375826 -2.3276334 -2.3187768 -2.3142704 -2.3085289 -2.3135035 -2.3165621 -2.3265112 -2.3357944 -2.3556927 -2.3778061 -2.3935153 -2.4122238 -2.4271475 -2.4440666 -2.4427894 -2.4388298 -2.4441441 -2.4521543 -2.4580491 -2.4737761 -2.4913282 -2.4964096 -2.500197 -2.500197 -2.5017475 -2.4823496 -2.4752101 -2.4786847 -2.4709522 -2.4604794 -2.4500066 -2.4197836 -2.3688849 -2.3412484 -2.3071508 -2.2652597 -2.2053122 -2.1269162 -2.0564315
-2.519391 -2.5329619 -2.5379364 -2.5427724 -2.5470584 -2.5446983 -2.5397237 -2.5348591 -2.5301214 -2.5235415 -2.5135923 -2.5019355 -2.4870118 -2.4750297 -2.4601059 -2.4435763 -2.420039 -2.3998314 -2.3862942 -2.3743789 -2.3658671 -2.3559179 -2.3459688 -2.3431688 -2.3481434 -2.3544697 -2.3644188 -2.3769697 -2.396868 -2.4143979 -2.4284813 -2.442223 -2.4559043 -2.462413 -2.4519402 -2.4471365 -2.4529552 -2.4580375 -2.4632739 -2.4737645 -2.4943956 -2.5029449 -2.5079195 -2.51 -2.51 -2.4888849 -2.4574665 -2.446008 -2.4407716 -2.434012 -2.4235393 -2.3933162 -2.3620235 -2.334387 -2.3035571 -2.2616659 -2.2066079 -2.1267663 -2.0554002
-2.5142494 -2.5267729 -2.5367221 -2.5408492 -2.5408492 -2.538489 -2.5335144 -2.5286498 -2.5239121 -2.5173322 -2.5073831 -2.4965847 -2.4866356 -2.4750297 -2.4601059 -2.4435763 -2.423678 -2.4060406 -2.3960915 -2.3867974 -2.3818228 -2.3751499 -2.3701753 -2.3680058 -2.3729804 -2.3793067 -2.3892558 -2.4018067 -2.421705 -2.4392348 -2.4497076 -2.4608508 -2.4707999 -2.4739456 -2.4582365 -2.4533457 -2.4632949 -2.470456 -2.4756924 -2.486183 -2.5018922 -2.5091508 -2.5091508 -2.51 -2.51 -2.4888849 -2.4574665 -2.446008 -2.4407716 -2.4355352 -2.4297485 -2.3995255 -2.3682327 -2.3405962 -2.3097663 -2.2678752 -2.2128172 -2.1290348 -2.0554002
-2.5088893 -2.5205637 -2.5272163 -2.5292799 -2.53215 -2.5322798 -2.5273052 -2.5202412 -2.5123428 -2.5057629 -2.4958138 -2.4858646 -2.4759155 -2.4643096 -2.4513772 -2.4382162 -2.4183179 -2.4015298 -2.3934703 -2.3884958 -2.3853601 -2.3839067 -2.3807201 -2.3821227 -2.3870972 -2.3920718 -2.3980126 -2.4105634 -2.4304617 -2.4479916 -2.4584644 -2.4687584 -2.4787075 -2.4801549 -2.4644457 -2.459555 -2.467072 -2.4721543 -2.4773907 -2.4878814 -2.5035905 -2.51 -2.51 -2.51 -2.51 -2.4888849 -2.4574665 -2.446008 -2.4407716 -2.4355352 -2.4252376 -2.3953122 -2.3690819 -2.3403744 -2.3052555 -2.2633643 -2.2083063 -2.1267663 -2.0554002
-2.4932643 -2.5019768 -2.5069514 -2.5117873 -2.516525 -2.5166548 -2.5116802 -2.5046162 -2.4951409 -2.4917752 -2.481826 -2.4718769 -2.4619277 -2.4535479 -2.4435987 -2.4272991 -2.4074008 -2.3921677 -2.3871932 -2.3852271 -2.3852921 -2.3852921 -2.3852921 -2.399249 -2.4042236 -2.4105499 -2.415742 -2.4168141 -2.4351017 -2.4513158 -2.4615351 -2.471829 -2.4817782 -2.4832255 -2.4675163 -2.4636668 -2.4686413 -2.4737236 -2.47896 -2.4816042 -2.4973134 -2.5037228 -2.5037228 -2.5037228 -2.5037228 -2.4637762 -2.4323579 -2.4208993 -2.4156629 -2.4075311 -2.3970583 -2.415713 -2.3891155 -2.354566 -2.3171009 -2.2744173 -2.2194359 -2.1408899 -2.0641489
-2.4497997 -2.4585121 -2.4634867 -2.4683227 -2.4730604 -2.4731901 -2.4682155 -2.4611516 -2.4516762 -2.4490672 -2.4590164 -2.4532491 -2.4433 -2.4350076 -2.430033 -2.4148073 -2.3849599 -2.3673308 -2.3623562 -2.3603901 -2.3653647 -2.3666644 -2.4003164 -2.4302952 -2.4352698 -2.4415961 -2.4515452 -2.4540695 -2.4441203 -2.4513158 -2.4565522 -2.4656198 -2.4755689 -2.4770163 -2.4708071 -2.469876 -2.4748506 -2.4799329 -2.4851693 -2.4825243 -2.4724764 -2.4788859 -2.4788859 -2.4788859 -2.4788859 -2.4155406 -2.33301 -2.3215515 -2.3163151 -2.3110787 -2.3039197 -2.4168858 -2.4698356 -2.4311445 -2.3916118 -2.3392478 -2.2814517 -2.1976694 -2.1186979
-2.427659 -2.4314928 -2.4351756 -2.4400115 -2.4429855 -2.4382652 -2.4313971 -2.4243332 -2.4148578 -2.4122488 -2.422198 -2.4253166 -2.4153675 -2.4070751 -2.4021005 -2.3907022 -2.3635025 -2.3429855 -2.3407095 -2.3402476 -2.3479716 -2.3631199 -2.4029165 -2.4328953 -2.4378699 -2.4441961 -2.4541453 -2.4588911 -2.4489419 -2.4441243 -2.4522986 -2.4574455 -2.4648402 -2.4697577 -2.4645213 -2.4635902 -2.4685648 -2.4736471 -2.4788835 -2.4736114 -2.4615121 -2.460184 -2.4614928 -2.4584464 -2.4572391 -2.4009323 -2.308146 -2.2817544 -2.276518 -2.267028 -2.2617916 -2.3665493 -2.4815166 -2.4387554 -2.3970013 -2.3446373 -2.2823983 -2.1986159 -2.1196594
-2.4101393 -2.4150679 -2.4150679 -2.4150679 -2.4150679 -2.4095256 -2.3995764 -2.3890252 -2.3795498 -2.3761189 -2.386068 -2.3891866 -2.3792375 -2.3725891 -2.3676146 -2.3570383 -2.3321654 -2.316712 -2.316712 -2.3197204 -2.3296696 -2.3483391 -2.3881357 -2.4189365 -2.4239111 -2.4302374 -2.4401865 -2.4457543 -2.4358051 -2.4301655 -2.4406383 -2.4492331 -2.4542077 -2.4557989 -2.4505625 -2.4496314 -2.454606 -2.4596883 -2.4649247 -2.4588306 -2.4431214 -2.4396569 -2.4446314 -2.4436656 -2.4384292 -2.3812271 -2.2974448 -2.273542 -2.2683056 -2.2577824 -2.2473096 -2.3479346 -2.452777 -2.4085585 -2.3616933 -2.3093294 -2.2487343 -2.164952 -2.0859954
-2.3790931 -2.3818819 -2.3778125 -2.3778125 -2.3732712 -2.3660609 -2.3561118 -2.3441832 -2.3299701 -2.3255085 -2.3304831 -2.3333035 -2.3270678 -2.32375 -2.32375 -2.3143575 -2.2944592 -2.2809227 -2.2908718 -2.2948835 -2.3048326 -2.3235021 -2.3632987 -2.3946801 -2.4046292 -2.4116096 -2.4215588 -2.4276054 -2.4226308 -2.4172533 -2.4224897 -2.4306054 -2.43558 -2.4371712 -2.4319348 -2.4310037 -2.4359783 -2.4410606 -2.446297 -2.4383978 -2.4182845 -2.4148199 -2.4197945 -2.4188286 -2.4135922 -2.3590873 -2.278817 -2.2549143 -2.2496779 -2.235512 -2.2224727 -2.310751 -2.4093123 -2.3650939 -2.3178776 -2.2602772 -2.2007081 -2.1273985 -2.04874
-2.3616022 -2.3605572 -2.3544057 -2.3475061 -2.338265 -2.3161153 -2.3050156 -2.2877566 -2.2735435 -2.2661131 -2.2710877 -2.2629255 -2.2579509 -2.2546332 -2.2546332 -2.2642974 -2.2574755 -2.2469077 -2.2568569 -2.2700465 -2.2799957 -2.3019057 -2.3417023 -2.3633621 -2.3733113 -2.3865009 -2.3964501 -2.4024967 -2.3975221 -2.4177968 -2.4230332 -2.4314206 -2.4363952 -2.4347459 -2.4288737 -2.418857 -2.423519 -2.4256733 -2.4309097 -2.4230105 -2.3943369 -2.3737805 -2.3775951 -2.3745487 -2.3693123 -2.3148074 -2.2622103 -2.2557295 -2.2480242 -2.2330867 -2.2144359 -2.3021165 -2.3139998 -2.2697814 -2.2290461 -2.1714457 -2.1153888 -2.0437976 -2.014725
-2.3505503 -2.3457271 -2.3357779 -2.3155457 -2.2823818 -2.2566123 -2.236714 -2.2194549 -2.2052419 -2.1941869 -2.1842377 -2.1759962 -2.1710216 -2.1688103 -2.1737849 -2.1835773 -2.2034756 -2.2168663 -2.2317901 -2.2461635 -2.2610873 -2.2805686 -2.3054415 -2.326959 -2.3418827 -2.3554547 -2.3654039 -2.3767045 -2.406552 -2.4309808 -2.4414536 -2.4488995 -2.4488995 -2.44361 -2.4226645 -2.4111005 -2.4111005 -2.4132549 -2.4184913 -2.3960541 -2.3384538 -2.3155027 -2.3155027 -2.3124563 -2.3072199 -2.2913108 -2.280838 -2.2709155 -2.2604427 -2.2415907 -2.2206451 -2.2030309 -2.1711873 -2.1372902 -2.0998976 -2.0527701 -2.0127514 -2.0127514 -1.9853649
-2.3103872 -2.2955779 -2.2775374 -2.2540035 -2.2176706 -2.1835903 -2.1570944 -2.137636 -2.1199633 -2.1072575 -2.0973084 -2.0890668 -2.0864334 -2.0914038 -2.1043827 -2.115781 -2.1397324 -2.1611857 -2.1843172 -2.2022494 -2.2254826 -2.2433131 -2.270273 -2.2973153 -2.3164955 -2.3300675 -2.3400167 -2.3551692 -2.3850167 -2.4086799 -2.4148095 -2.4217052 -2.4217052 -2.4147649 -2.3911889 -2.3760462 -2.3760462 -2.3738919 -2.372119 -2.3484571 -2.2938886 -2.2674423 -2.2647283 -2.2616819 -2.2564455 -2.2476899 -2.2372171 -2.2227523 -2.2106126 -2.1912102 -2.1702647 -2.139444 -2.1079676 -2.0748038 -2.0396848 -1.9970432 -1.9647283 -1.9647283 -1.9423648
-2.265899 -2.2432704 -2.2183975 -2.1859005 -2.147999 -2.1059477 -2.0761002 -2.0493185 -2.0303678 -2.0163575 -2.0066426 -2.0001087 -2.0001087 -2.0103853 -2.025981 -2.0489344 -2.0749678 -2.1029508 -2.128699 -2.1565804 -2.1824303 -2.2087566 -2.238604 -2.2690417 -2.2895302 -2.3080768 -2.318667 -2.3312179 -2.3596815 -2.382029 -2.3865884 -2.3900362 -2.3900362 -2.3813609 -2.355179 -2.334058 -2.334058 -2.3299109 -2.3246745 -2.2977868 -2.2454228 -2.2191203 -2.2141457 -2.2070261 -2.2017897 -2.1910414 -2.1805686 -2.1680965 -2.1523874 -2.1322134 -2.1112678 -2.0804471 -2.0491544 -2.0177997 -1.9850269 -1.9447751 -1.9160507 -1.9160507 -1.8976728
-2.2078887 -2.1817235 -2.1469014 -2.1088804 -2.0567658 -2.0128556 -1.9780336 -1.9497641 -1.9260756 -1.9103865 -1.9054119 -1.9010844 -1.906059 -1.9176607 -1.9425336 -1.9694562 -2.0092528 -2.0433421 -2.0781641 -2.1102181 -2.1450401 -2.17571 -2.210532 -2.2425489 -2.2674218 -2.2882073 -2.303131 -2.3179715 -2.3378698 -2.3555362 -2.3555362 -2.3569203 -2.3569203 -2.347894 -2.3164756 -2.2941094 -2.2841603 -2.2767638 -2.266291 -2.2388125 -2.1916849 -2.1651826 -2.1552335 -2.1463637 -2.135891 -2.123283 -2.1077135 -2.0972407 -2.0861555 -2.0659815 -2.0450359 -2.0142152 -1.9829225 -1.955286 -1.9254182 -1.8939998 -1.8696884 -1.8696884 -1.8517976
-2.1504675 -2.1201501 -2.0767837 -2.0256517 -1.9735371 -1.9296269 -1.890312 -1.855328 -1.8316395 -1.8145663 -1.8095917 -1.8080324 -1.8177886 -1.8393437 -1.8673026 -1.9085484 -1.9582623 -1.9965038 -2.0356499 -2.0808829 -2.118486 -2.1603504 -2.196512 -2.232101 -2.2569739 -2.2791434 -2.2940671 -2.3102917 -2.3159447 -2.2861481 -2.2861481 -2.2861481 -2.2829773 -2.2659144 -2.2439117 -2.2366882 -2.2247554 -2.2116628 -2.1965852 -2.162504 -2.1292525 -2.1148167 -2.0992052 -2.081744 -2.0694059 -2.0554139 -2.028703 -2.0132525 -1.9986396 -1.9784657 -1.9621329 -1.9316111 -1.9248768 -1.8978628 -1.8736682 -1.8448921 -1.8305299 -1.826942 -1.8028157
-2.0974885 -2.0491721 -1.9994264 -1.9482944 -1.8961798 -1.8453074 -1.8005362 -1.7666731 -1.7429846 -1.7270323 -1.7220577 -1.7256213 -1.7455196 -1.7759928 -1.8108149 -1.8554234 -1.9101437 -1.9655508 -2.0152966 -2.0646591 -2.1094302 -2.152748 -2.1925447 -2.2292546 -2.2541274 -2.275176 -2.2900997 -2.2907141 -2.2509175 -2.22 -2.22 -2.2154808 -2.2055316 -2.197144 -2.1919076 -2.1792239 -2.1643002 -2.1446572 -2.1237116 -2.0994032 -2.0784576 -2.0570111 -2.0371128 -2.0185307 -2.0028215 -1.9765548 -1.9451364 -1.9268148 -1.9111057 -1.8965174 -1.8808082 -1.8749741 -1.8695445 -1.8493098 -1.8308241 -1.8098785 -1.7955874 -1.7851146 -1.7721755
-2.0540238 -2.0001846 -1.937334 -1.8859969 -1.8244069 -1.7707965 -1.7260253 -1.6932406 -1.6742899 -1.6593682 -1.6593682 -1.6635289 -1.6914519 -1.7279265 -1.7776723 -1.8258322 -1.8954763 -1.9540007 -2.0136956 -2.0650424 -2.1147881 -2.1589573 -2.202512 -2.241673 -2.2665459 -2.2873637 -2.2973129 -2.2969234 -2.2571268 -2.2260144 -2.220778 -2.2149025 -2.1999788 -2.1909348 -2.1813968 -2.1648524 -2.1399795 -2.1177534 -2.0864561 -2.0576292 -2.0225745 -1.999304 -1.9750204 -1.9545128 -1.9345199 -1.9082531 -1.8768348 -1.8613843 -1.8490133 -1.8377688 -1.8249251 -1.819091 -1.8136613 -1.8026067 -1.7875158 -1.7822794 -1.7723252 -1.7775616 -1.7681971
-2.0179323 -1.9602593 -1.894114 -1.829183 -1.7665435 -1.7104433 -1.6656721 -1.6350867 -1.617476 -1.6052242 -1.6057691 -1.6225488 -1.653061 -1.699489 -1.749747 -1.8192343 -1.8927453 -1.9592792 -2.0190432 -2.0792 -2.128964 -2.1807775 -2.2255487 -2.2647097 -2.2895826 -2.306861 -2.3168102 -2.3137508 -2.2739542 -2.235763 -2.230435 -2.2184419 -2.2033051 -2.1865299 -2.1755462 -2.1559733 -2.1298776 -2.0964558 -2.0631772 -2.0239132 -1.9844526 -1.9504996 -1.9241678 -1.8964528 -1.8750142 -1.8470303 -1.8156119 -1.8001614 -1.7896886 -1.7792159 -1.7719836 -1.7667472 -1.7683964 -1.7573417 -1.7546693 -1.7494329 -1.754567 -1.7606467 -1.7655273
-1.9856734 -1.9202934 -1.8506493 -1.7831973 -1.7168696 -1.6607693 -1.6159982 -1.5854128 -1.5711997 -1.5647737 -1.5747229 -1.5958714 -1.6406425 -1.6912868 -1.7559563 -1.8254436 -1.9050368 -1.9792107 -2.0438802 -2.1052898 -2.1600102 -2.2118237 -2.2565949 -2.2946047 -2.314503 -2.331698 -2.3416471 -2.3364888 -2.286743 -2.2471171 -2.2366443 -2.2232034 -2.2033051 -2.1850462 -2.169337 -2.1460719 -2.1112498 -2.0740222 -2.032131 -1.9881154 -1.9409879 -1.9043414 -1.8744939 -1.8467789 -1.820597 -1.7911472 -1.7597288 -1.7442783 -1.7338055 -1.7275461 -1.7223097 -1.7264457 -1.7311409 -1.7310054 -1.7316758 -1.7369122 -1.7449376 -1.7606467 -1.7714823
-1.9785642 -1.909217 -1.8361797 -1.7684763 -1.7021486 -1.6460483 -1.6012771 -1.5750905 -1.5691889 -1.5687924 -1.5925313 -1.6144339 -1.6683169 -1.7329821 -1.8070482 -1.8749296 -1.9497736 -2.0262567 -2.0957262 -2.155883 -2.2057525 -2.257566 -2.3079033 -2.3514033 -2.3663491 -2.3821923 -2.3871669 -2.3892821 -2.3693838 -2.3286686 -2.3131565 -2.296066 -2.2668558 -2.2483456 -2.2060242 -2.153833 -2.1104958 -2.0663024 -2.011809 -1.9594094 -1.9010979 -1.8583102 -1.8216425 -1.7908811 -1.7613904 -1.7387276 -1.712981 -1.7015225 -1.6934128 -1.6918696 -1.6885235 -1.7030373 -1.711302 -1.7223566 -1.7271641 -1.7427645 -1.757876 -1.7924221 -1.8084844
-1.9796283 -1.9083642 -1.8337455 -1.7639786 -1.6976509 -1.6462709 -1.6023636 -1.5805757 -1.5770236 -1.5880284 -1.6160022 -1.6528285 -1.7125234 -1.7860864 -1.8629758 -1.9359885 -2.0094209 -2.0809294 -2.1493364 -2.2099551 -2.2571251 -2.3083242 -2.3630446 -2.4009603 -2.4158841 -2.4267527 -2.4302869 -2.4287572 -2.4088589 -2.3886974 -2.3715119 -2.3492744 -2.318334 -2.2792907 -2.2216904 -2.1625122 -2.1163517 -2.0641481 -2.0059099 -1.9404282 -1.8772615 -1.8252722 -1.7854756 -1.7477611 -1.7163427 -1.6919627 -1.6710171 -1.6620474 -1.656811 -1.6616236 -1.6616236 -1.6792284 -1.6951502 -1.7114218 -1.7258653 -1.7448126 -1.7720428 -1.8121363 -1.8451423
-1.9867557 -1.9145734 -1.8399547 -1.7701878 -1.7038601 -1.6524802 -1.6176581 -1.5992034 -1.6039411 -1.6190746 -1.6588712 -1.7039204 -1.7735644 -1.8481788 -1.9327466 -2.0104994 -2.0801434 -2.149231 -2.2139005 -2.2720475 -2.3118441 -2.3570887 -2.4018598 -2.4382158 -2.4531395 -2.4640082 -2.4640082 -2.4598034 -2.4399051 -2.4197436 -2.3987981 -2.3741114 -2.3392893 -2.297182 -2.2343453 -2.1749307 -2.1202103 -2.0641481 -2.0013113 -1.934219 -1.8609094 -1.8064917 -1.7617205 -1.7226699 -1.6860151 -1.6609165 -1.6399709 -1.6310012 -1.6257648 -1.6339227 -1.6429959 -1.6627461 -1.6827317 -1.704841 -1.7258653 -1.7520473 -1.7844612 -1.8368252 -1.8761885
-2.0095954 -1.9364144 -1.8617958 -1.7920288 -1.7311425 -1.6894627 -1.6603416 -1.6482828 -1.659043 -1.6814492 -1.7316022 -1.7816446 -1.8531814 -1.9294568 -2.0104708 -2.0886149 -2.1546543 -2.2165229 -2.2665704 -2.3207102 -2.3530941 -2.3943441 -2.4391153 -2.4726661 -2.4799737 -2.4894907 -2.4856318 -2.4804284 -2.4605301 -2.4403686 -2.4194231 -2.3937377 -2.3589157 -2.3148111 -2.2497923 -2.1852517 -2.1274182 -2.06505 -1.9961007 -1.9253826 -1.8494896 -1.7901297 -1.7430928 -1.7030435 -1.6663887 -1.6402915 -1.6193459 -1.6143682 -1.6103504 -1.6185083 -1.6289811 -1.6592041 -1.6811017 -1.7132649 -1.7386326 -1.7728897 -1.8089468 -1.8648755 -1.9117074
