P1_models/J1_p1_vp_slide_diff2_220.dat.tif
NCOLS 118
NROWS 92
XLLCORNER 139.62
YLLCORNER -39.07
DX 0.099491525
DY 0.099347826
NODATA_VALUE -9999
[rows 69 to 91 of 92, columns 0 to 52 of 118]
-9999 0.010021261 0.0065346542 -0.0011341444 -0.0101851 -0.019236057 -0.028287013 -0.033869821 -0.035449943 -0.033657923 -0.029802871 -0.025947819 -0.022092767 -0.018724506 -0.016331071 -0.013937637 -0.011544202 -0.0088109417 -0.0034868186 0.00066981589 0.0021330046 0.0020060558 0.0002162033 -0.0015736492 -0.0033635018 -0.0044607779 -0.0037017756 -0.0029427733 -0.002183771 -0.0011587141 0.00173025 0.0040726629 0.0053614997 0.0070303521 0.0089999471 0.010969542 0.012939137 0.0040058726 -0.020525478 -0.031833283 -0.036277124 -0.040720964 -0.045164804 -0.047678013 -0.048803314 -0.049928616 -0.051053917 -0.043834254 -0.030459975 -0.031647267 -0.034509595 -0.03295273 -0.031395866
-9999 0.015959277 0.0069083209 -0.0021426352 -0.011193591 -0.020244547 -0.029295504 -0.034878312 -0.031164428 -0.027309376 -0.023454324 -0.019599272 -0.01574422 -0.012375959 -0.0099825244 -0.00758909 -0.0051956555 -0.002802221 -0.00040878658 0.0031164217 0.0019113905 0.00012153797 -0.0016683146 -0.0034581671 -0.0052480197 -0.0063452958 -0.0055862935 -0.0048272912 -0.0040682889 -0.0033092866 -0.0025502843 -0.00060043806 0.0012789166 0.0032485116 0.0052181065 0.0071877014 0.0091572964 0.00022403199 -0.0053181089 -0.0097619493 -0.01420579 -0.01864963 -0.023093471 -0.025606679 -0.026731981 -0.027857282 -0.028982584 -0.030107885 -0.02672825 -0.025797427 -0.024240562 -0.022683698 -0.021126833
-9999 0.01178209 0.0027311342 -0.0063198219 -0.015370778 -0.024421734 -0.031523437 -0.034908631 -0.034060489 -0.030205437 -0.026350385 -0.022495333 -0.018640281 -0.01426514 -0.010252781 -0.007859347 -0.0054659125 -0.0030724781 -0.00067904359 0.0004494276 -0.0013404249 -0.0031302775 -0.00492013 -0.0067099826 -0.0079905555 -0.0081738724 -0.011123158 -0.010364156 -0.0096051533 -0.008846151 -0.0080871487 -0.0069146475 -0.0049450526 -0.0029754576 -0.0010058627 0.00096373225 0.0029536969 0.0020336812 -0.0027184246 -0.007162265 -0.011606105 -0.016049946 -0.020493786 -0.020819486 -0.02102978 -0.022155081 -0.023280383 -0.024405684 -0.025530986 -0.020195902 -0.018639037 -0.017082172 -0.015525308
-9999 0.0058058669 -0.0032450892 -0.012296045 -0.021347001 -0.026291114 -0.029728628 -0.033113822 -0.036438633 -0.038350153 -0.034495101 -0.030640049 -0.026784997 -0.022409855 -0.016993205 -0.01188745 -0.0094940153 -0.0071005808 -0.0047071464 -0.0035786752 -0.0053685277 -0.0071583803 -0.0089482328 -0.008915674 -0.0070747491 -0.0072580661 -0.012866859 -0.017974651 -0.017215648 -0.016456646 -0.015697644 -0.014525143 -0.012555548 -0.010585953 -0.0086163578 -0.0066003849 -0.0045540634 -0.0054740792 -0.010637861 -0.015617668 -0.020061509 -0.024505349 -0.02894919 -0.029274889 -0.026640109 -0.025746505 -0.026871807 -0.027997108 -0.02912241 -0.023571112 -0.016865916 -0.014130639 -0.012573774
-9999 -0.00017035638 -0.0092213125 -0.017621278 -0.021058792 -0.024496305 -0.027933819 -0.031319014 -0.034643825 -0.037968636 -0.041293447 -0.038784764 -0.034929712 -0.030554571 -0.025137921 -0.01972127 -0.01430462 -0.011128684 -0.0087352491 -0.0076067779 -0.0093966305 -0.011186483 -0.0098407925 -0.0079998677 -0.0061589428 -0.0063422597 -0.011951052 -0.017559845 -0.023168638 -0.024067141 -0.023308139 -0.022135638 -0.020166043 -0.018196448 -0.016154467 -0.014108145 -0.012061824 -0.01298184 -0.018145621 -0.023309403 -0.028473185 -0.032960752 -0.037404593 -0.037730292 -0.035095512 -0.032460732 -0.030463231 -0.031588532 -0.032713834 -0.027162536 -0.02045734 -0.013752144 -0.0096222405
-9999 -0.0061465797 -0.012388955 -0.015826469 -0.019263983 -0.022701497 -0.02613901 -0.029524205 -0.032849016 -0.036173827 -0.039498638 -0.042823449 -0.043074428 -0.038699286 -0.033282636 -0.027865986 -0.022449335 -0.017032685 -0.012763352 -0.011634881 -0.012606836 -0.010765911 -0.0089249862 -0.0070840613 -0.0052431365 -0.0054264534 -0.011035246 -0.016644039 -0.022252831 -0.027861624 -0.030918634 -0.029746133 -0.02775487 -0.025708549 -0.023662227 -0.021615906 -0.019569584 -0.0204896 -0.025653382 -0.030817163 -0.035980945 -0.041144727 -0.045859996 -0.046185695 -0.043550915 -0.040916135 -0.038281355 -0.035646575 -0.036305258 -0.03075396 -0.024048764 -0.017343568 -0.010638372
-9999 -0.010325874 -0.013763388 -0.017200901 -0.020638415 -0.024075929 -0.027513443 -0.026712208 -0.030037019 -0.03336183 -0.036686641 -0.040011452 -0.043336263 -0.042149686 -0.036733036 -0.031316385 -0.025899735 -0.020483085 -0.015066435 -0.01073103 -0.0088901052 -0.0070491803 -0.0052082555 -0.0033673306 -0.0015264057 -0.0019863682 -0.0074733725 -0.013082165 -0.018690958 -0.02429975 -0.029908543 -0.032902599 -0.030856277 -0.028809956 -0.026763634 -0.024717313 -0.022670992 -0.023398733 -0.028562515 -0.033726297 -0.038890078 -0.04405386 -0.049217642 -0.050132781 -0.047498001 -0.044863221 -0.042228441 -0.039593661 -0.036958881 -0.032407498 -0.025702302 -0.018997106 -0.012291911
-9999 -0.023696962 -0.027134476 -0.03057199 -0.034009504 -0.03576943 -0.027039783 -0.022836483 -0.023857168 -0.026699429 -0.03002424 -0.033349051 -0.036673862 -0.035214566 -0.024174821 -0.016997203 -0.011580552 -0.006163902 -0.00074725176 0.0035881528 0.0054290776 0.0072700025 0.0091109273 0.010951852 -0.0013011035 -0.0085740323 0.00087783129 0.00049597327 -0.0051128193 -0.010721612 -0.016330404 -0.019324461 -0.017278139 -0.015231818 -0.013185496 -0.011407676 -0.018254042 -0.02039893 -0.015817689 -0.019228062 -0.024391844 -0.029555625 -0.034719407 -0.035966755 -0.034379572 -0.031744792 -0.029110012 -0.026475232 -0.023840452 -0.022724165 -0.020020284 -0.013315088 -0.0066098922
-9999 -0.037068051 -0.040505565 -0.043943078 -0.04102642 -0.032296772 -0.023567125 -0.019363824 -0.02038451 -0.021405195 -0.02336184 -0.026686651 -0.030011462 -0.028552166 -0.01751242 -0.0064726748 0.0027386305 0.0081552808 0.013571931 0.017907336 0.01974826 0.021589185 0.01913711 0.0056241714 -0.0078887675 -0.015161696 -0.0057098327 0.0037420308 0.008465319 0.0028565264 -0.0027522662 -0.0057463222 -0.0037000007 -0.0016536793 -0.0028902342 -0.0097366002 -0.016582966 -0.018727855 -0.014146613 -0.0095653714 -0.0098936091 -0.015057391 -0.020221172 -0.021468521 -0.019900395 -0.018332268 -0.015991583 -0.013356804 -0.010722024 -0.0096057363 -0.0087518858 -0.0076330698 -0.00092787396
-9999 -0.050439139 -0.053876653 -0.046283409 -0.037553762 -0.028824114 -0.020094467 -0.015891166 -0.016911852 -0.017932537 -0.018953222 -0.02002425 -0.023349061 -0.021889765 -0.01085002 0.00018972591 0.011229471 0.022269217 0.027891114 0.032226518 0.034067443 0.026062385 0.012549446 -0.00096349258 -0.014476432 -0.02174936 -0.012297497 -0.0028456332 0.0066062303 0.016058094 0.010825872 0.0078318162 0.0098781376 0.0056272074 -0.0012191586 -0.0080655246 -0.014911891 -0.017056779 -0.012475537 -0.0078942958 -0.0033130541 -0.00055915608 -0.0057229378 -0.0069702859 -0.0054021598 -0.0038340338 -0.0022659077 -0.00023837468 0.0023964053 0.0035126926 0.004366543 0.0052203935 0.006074244
-9999 -0.060270046 -0.051540398 -0.042810751 -0.034081104 -0.025351456 -0.016621809 -0.012418508 -0.013439193 -0.014459879 -0.015480564 -0.016501249 -0.017521934 -0.015227364 -0.0041876189 0.0068521266 0.017891872 0.028931618 0.039971363 0.046500599 0.03298766 0.019474721 0.0059617824 -0.0075511566 -0.021064096 -0.028337024 -0.018885161 -0.0094332973 1.856628e-05 0.0094704298 0.018922293 0.020991015 0.014144649 0.007298283 0.00045191699 -0.006394449 -0.013240815 -0.015385704 -0.010804462 -0.0062232202 -0.0016419785 0.0029392631 0.0075205048 0.0075279488 0.0090960748 0.010664201 0.012232327 0.013800453 0.015514834 0.016631121 0.017484972 0.018338822 0.019192673
-9999 -0.060317772 -0.051588125 -0.042858477 -0.03412883 -0.025399182 -0.017091432 -0.015792908 -0.020275199 -0.021295884 -0.022316569 -0.023337254 -0.024357939 -0.022438923 -0.013837055 -0.0027973098 0.0082424357 0.019282181 0.030321927 0.033937308 0.020424369 0.0069114305 -0.0066015085 -0.020114447 -0.030046588 -0.030343234 -0.021756987 -0.012305123 -0.0028532595 0.0065986041 0.016050468 0.019935389 0.013089023 0.0062426571 -0.00060370892 -0.0074500749 -0.014338874 -0.018690499 -0.01745739 -0.012876148 -0.0082949068 -0.0037136651 0.00086757657 0.00087045026 0.00024920818 0.0018173343 0.0033854603 0.0049535864 0.0065217125 0.0089423267 0.010073552 0.010927403 0.011781253
-9999 -0.061357921 -0.052628273 -0.043898626 -0.035168978 -0.027169951 -0.019181433 -0.017882909 -0.024305494 -0.03072808 -0.032058663 -0.033079348 -0.034100033 -0.032181017 -0.024375077 -0.016569138 -0.0060054288 0.0050343167 0.016074062 0.019689444 0.0061765049 -0.007336434 -0.020849373 -0.026854352 -0.030382984 -0.030679631 -0.022313742 -0.013947854 -0.0046775628 0.0047743007 0.014226164 0.018111086 0.01126472 0.0044183537 -0.0024280123 -0.0093495152 -0.016284243 -0.020635868 -0.021291997 -0.021875675 -0.017294434 -0.012713192 -0.0081319502 -0.0081290765 -0.011417533 -0.01361069 -0.012042564 -0.010474438 -0.0089063118 -0.0064856976 -0.0039177502 -0.0022715334 -0.0014176829
-9999 -0.062398069 -0.053668422 -0.045236986 -0.037248469 -0.029259952 -0.021271435 -0.01997291 -0.026395495 -0.032818081 -0.039240667 -0.042821442 -0.043842128 -0.041923111 -0.034117171 -0.026311232 -0.018505293 -0.0092135478 0.0018261976 0.0054415794 -0.0080713596 -0.020133483 -0.023662115 -0.027190748 -0.030719381 -0.031016027 -0.022650139 -0.014284251 -0.0059183623 0.0029499974 0.012401861 0.016286782 0.0094404164 0.0025745716 -0.0043601564 -0.011294884 -0.018229612 -0.022581237 -0.023237367 -0.023893496 -0.024549625 -0.021712719 -0.017131477 -0.017128603 -0.02041706 -0.023705517 -0.026993974 -0.025902462 -0.024334336 -0.021913722 -0.019345774 -0.016777827 -0.014616619
-9999 -0.063438218 -0.055315504 -0.047326987 -0.03933847 -0.031349953 -0.023361436 -0.022062911 -0.028485497 -0.034908082 -0.041330668 -0.047753254 -0.053584222 -0.051665205 -0.043859265 -0.036053326 -0.028247387 -0.020441448 -0.012421667 -0.0088062851 -0.016941246 -0.020469879 -0.023998512 -0.027527144 -0.031055777 -0.031352423 -0.022986535 -0.014620647 -0.0062547586 0.0021111296 0.010577558 0.014462479 0.0075639305 0.00062920254 -0.0063055254 -0.013240253 -0.020174981 -0.024526606 -0.025182736 -0.025838865 -0.026494995 -0.027151124 -0.026131004 -0.02612813 -0.029416587 -0.032705044 -0.0359935 -0.039281957 -0.03976236 -0.037341746 -0.034773799 -0.032205851 -0.029637904
-9999 -0.064449634 -0.056461117 -0.0484726 -0.040484083 -0.032495566 -0.024956719 -0.025967878 -0.032390463 -0.038813049 -0.045235635 -0.051658221 -0.058080806 -0.056467034 -0.053111835 -0.045305896 -0.037499957 -0.029694018 -0.021888078 -0.017509544 -0.021038177 -0.024566809 -0.028095442 -0.031624075 -0.035152708 -0.033704299 -0.029508536 -0.021142647 -0.012776759 -0.0044108709 0.0039550173 0.0070947156 0.00015998762 -0.0067747403 -0.013709468 -0.020644196 -0.027153676 -0.023302232 -0.023958361 -0.02461449 -0.02527062 -0.025926749 -0.02663477 -0.025996649 -0.029202539 -0.032490996 -0.035779452 -0.039067909 -0.042356366 -0.040651415 -0.038083468 -0.03551552 -0.032947573
-9999 -0.064449634 -0.056461117 -0.0484726 -0.040484083 -0.034740974 -0.031063376 -0.032074534 -0.03849712 -0.044919706 -0.051342292 -0.052714053 -0.046175503 -0.044213519 -0.051416374 -0.053964637 -0.046158698 -0.038352758 -0.030546819 -0.026168284 -0.029696917 -0.03322555 -0.036754183 -0.03793959 -0.033515533 -0.031282292 -0.034920983 -0.03516825 -0.026802362 -0.018436474 -0.010070585 -0.0069308871 -0.013865615 -0.020800343 -0.027735071 -0.029086344 -0.022084164 -0.01823272 -0.018888849 -0.019544979 -0.020201108 -0.021003682 -0.021932384 -0.021294262 -0.019529771 -0.02110019 -0.024388646 -0.027677103 -0.03096556 -0.029260609 -0.026692662 -0.024124714 -0.02256565
-9999 -0.064449634 -0.056461117 -0.0484726 -0.044525229 -0.040847631 -0.037170033 -0.038181191 -0.044603777 -0.051026363 -0.046999089 -0.040460539 -0.033921988 -0.031960005 -0.039162859 -0.046365714 -0.053568569 -0.047011499 -0.03920556 -0.034827025 -0.038355658 -0.041884291 -0.039941639 -0.035517582 -0.031093526 -0.028860284 -0.032498976 -0.036137668 -0.039776359 -0.032462076 -0.024096188 -0.02095649 -0.027891218 -0.034825946 -0.031019012 -0.024016833 -0.017014653 -0.013163208 -0.013819338 -0.014475467 -0.015372593 -0.016301295 -0.017229997 -0.016591875 -0.014827384 -0.013062893 -0.012997841 -0.016286297 -0.019574754 -0.017869803 -0.015301856 -0.016447135 -0.022880328
-9999 -0.064449634 -0.057987082 -0.054309484 -0.050631886 -0.046954288 -0.043276689 -0.044287848 -0.047822675 -0.041284125 -0.034745574 -0.028207024 -0.021668474 -0.01970649 -0.026909345 -0.0341122 -0.041315054 -0.048517909 -0.0478643 -0.043485766 -0.046367744 -0.041943688 -0.037519631 -0.033095575 -0.028671518 -0.026438277 -0.030076968 -0.03371566 -0.037354352 -0.040993044 -0.038121791 -0.034982092 -0.03995386 -0.032951681 -0.025949501 -0.018947321 -0.011945141 -0.0080936966 -0.0088128023 -0.0097415043 -0.010670206 -0.011598908 -0.01252761 -0.011889489 -0.010124998 -0.0083605067 -0.0065960157 -0.0048954914 -0.0081839482 -0.0064789974 -0.01032862 -0.016761813 -0.023195007
-9999 -0.067016357 -0.063338759 -0.05966116 -0.055983562 -0.052305964 -0.048628366 -0.045433956 -0.038895405 -0.032356855 -0.025818304 -0.019279754 -0.012741204 -0.0074336944 -0.014636549 -0.021839404 -0.029042259 -0.036245114 -0.043447968 -0.04713502 -0.042710963 -0.038286907 -0.03386285 -0.029438794 -0.025014737 -0.02222835 -0.025867041 -0.029505733 -0.033144425 -0.036783117 -0.040421808 -0.040425926 -0.033423747 -0.026421567 -0.019419387 -0.012417207 -0.0054150273 -0.0028771907 -0.0038058926 -0.0047345945 -0.0056632964 -0.0065919984 -0.0075207003 -0.0077947767 -0.0060302858 -0.0042657948 -0.0025013039 -0.00073681299 0.0010276779 -0.0034093368 -0.0098425299 -0.016275723 -0.022708916
-9999 -0.067016357 -0.063338759 -0.05966116 -0.055983562 -0.052502414 -0.052338335 -0.052385274 -0.052675757 -0.047007656 -0.040469105 -0.033930555 -0.027392004 -0.018961787 -0.0067433989 -0.0094299364 -0.016632791 -0.023835646 -0.031038501 -0.034725552 -0.030301495 -0.025877439 -0.021453382 -0.017029326 -0.020514875 -0.021663652 -0.012430333 -0.012622148 -0.016260839 -0.019899531 -0.023538223 -0.023542341 -0.016540161 -0.0095379814 -0.0025358015 0.0044663783 -0.0014091967 -0.0029416122 0.0026904658 0.0024309252 0.0015022233 0.00057352135 -0.00035518058 -0.0029599382 -0.006243075 -0.004478584 -0.0027140931 -0.00094960217 0.00081488876 -0.00023042626 -0.0036801921 -0.010113385 -0.016546578
-9999 -0.067016357 -0.063338759 -0.05966116 -0.057643589 -0.057479509 -0.05731543 -0.057362369 -0.057652852 -0.057943335 -0.055119906 -0.048581356 -0.042042805 -0.033612588 -0.0213942 -0.0091758113 -0.0042233235 -0.011426178 -0.018629033 -0.022316084 -0.017892028 -0.013467971 -0.011222712 -0.016245044 -0.021267377 -0.022416154 -0.013182835 -0.0039495155 0.000622746 -0.0030159458 -0.0066546375 -0.0066587556 0.00034342425 0.0073456041 0.010000287 0.0034599835 -0.0030803196 -0.004612735 0.001019343 0.006651421 0.008667743 0.0077390411 0.0068103391 0.0042055815 0.00039592883 -0.0034137239 -0.0029268823 -0.0011623913 0.00060209958 -0.00044321545 -0.0019741413 -0.0039510475 -0.010384241
-9999 -0.067016357 -0.063338759 -0.062784763 -0.062620684 -0.062456604 -0.062292525 -0.062339465 -0.062629947 -0.06292043 -0.063210912 -0.063232156 -0.056693606 -0.048263389 -0.036045 -0.023826612 -0.011608224 0.00061016478 -0.0062195655 -0.0099066166 -0.0054825601 -0.0069528821 -0.011975214 -0.016997546 -0.022019879 -0.023168656 -0.013935337 -0.0047020176 0.0045313019 0.013764621 0.010228948 0.01022483 0.01722701 0.014869467 0.0083291637 0.0017888606 -0.0047514424 -0.0062838579 -0.00065177986 0.0049802982 0.010612376 0.014904561 0.013975859 0.011371101 0.0075614486 0.0037517959 -5.785683e-05 -0.0013751805 0.0003893104 -0.00065600463 -0.0021869305 -0.0037178563 -0.0052487822
