P1_models/J1_p1_vp_slide_diff_40.dat.tif
NCOLS 118
NROWS 92
XLLCORNER 139.62
YLLCORNER -39.07
DX 0.099491525
DY 0.099347826
NODATA_VALUE -9999
[rows 0 to 26 of 92, columns 0 to 59 of 118]
-9999 -9999 -9999 -9999 -9999 -9999 -9999 -9999 -9999 -9999 -9999 -9999 -9999 -9999 -9999 -9999 -9999 -9999 -9999 -9999 -9999 -9999 -9999 -9999 -9999 -9999 -9999 -9999 -9999 -9999 -9999 -9999 -9999 -9999 -9999 -9999 -9999 -9999 -9999 -9999 -9999 -9999 -9999 -9999 -9999 -9999 -9999 -9999 -9999 -9999 -9999 -9999 -9999 -9999 -9999 -9999 -9999 -9999 -9999 -9999
-9999 7.371646 7.3869138 7.4021817 7.4174496 7.4327175 7.4496214 7.4606408 7.4543135 7.4429828 7.431652 7.4203212 7.4089904 7.3967629 7.3907627 7.3939608 7.397159 7.4003571 7.4035553 7.4066655 7.4095728 7.4124801 7.4153874 7.4182947 7.4209447 7.4206368 7.4214774 7.4289757 7.436474 7.4439723 7.4514706 7.456248 7.4557804 7.4553128 7.4548451 7.4543775 7.4565488 7.4621277 7.4640736 7.467516 7.4709584 7.4744008 7.4778432 7.4791819 7.4754924 7.4706802 7.4658679 7.4610557 7.4562434 7.4402314 7.438868 7.4375047 7.4361413 7.4347779 7.4368201 7.4437239 7.4408379 7.437952 7.435066 7.43218
-9999 7.3785916 7.3938595 7.4091274 7.4243952 7.4425717 7.4625702 7.4735895 7.4742459 7.4711431 7.4598123 7.4484816 7.4371508 7.4249233 7.4109001 7.4006256 7.4038238 7.4070219 7.4102201 7.4133303 7.4162376 7.4191449 7.4220522 7.4242425 7.4252974 7.4249895 7.4210289 7.4192638 7.4267621 7.4342604 7.4417587 7.4465361 7.4460685 7.4456009 7.4451333 7.4495763 7.4590992 7.4646781 7.4646146 7.4658362 7.4692786 7.472721 7.4761634 7.4775021 7.4773284 7.4745007 7.4696885 7.4648762 7.460064 7.443296 7.4244617 7.4209719 7.4196086 7.4182452 7.4202874 7.4341261 7.4437892 7.4409032 7.4380173 7.4351313
-9999 7.3855373 7.4008052 7.416073 7.435522 7.4555205 7.4755189 7.4865383 7.4871946 7.4878509 7.4879727 7.4766419 7.4653111 7.4530836 7.4390605 7.4250373 7.4110142 7.4136867 7.4168849 7.4199951 7.4229024 7.4258097 7.4275402 7.4285951 7.4296501 7.4293422 7.4253816 7.421421 7.4174604 7.4245485 7.4320468 7.4368242 7.4363566 7.435889 7.4426038 7.4521267 7.4616495 7.4672284 7.4671649 7.4671015 7.4675988 7.4710412 7.4744836 7.4758223 7.4756486 7.475475 7.473509 7.4686968 7.4638845 7.4471165 7.4282823 7.409448 7.4030758 7.4017124 7.4037546 7.4175934 7.4314321 7.4438545 7.4409685 7.4380825
-9999 7.3924829 7.4084739 7.4284723 7.4484708 7.4684692 7.4884677 7.499487 7.5001434 7.5007997 7.501456 7.5021123 7.4934715 7.481244 7.4672208 7.4531977 7.4391745 7.4251513 7.4235496 7.4266598 7.4295672 7.4308379 7.4318929 7.4329478 7.4340028 7.4336949 7.4297343 7.4257737 7.421813 7.4178524 7.422335 7.4271124 7.4266448 7.4356313 7.4451541 7.454677 7.4641998 7.4697788 7.4697153 7.4696518 7.4695884 7.4695249 7.4728038 7.4741425 7.4739688 7.4737952 7.4736215 7.4725173 7.4677051 7.4509371 7.4321028 7.4132685 7.3944342 7.3851797 7.3872219 7.4010607 7.4148994 7.4287381 7.4425769 7.4410338
-9999 7.4014242 7.4214226 7.4414211 7.4614195 7.481418 7.5014164 7.5124358 7.5130921 7.5137484 7.5144047 7.5150611 7.5157174 7.5094043 7.4953812 7.481358 7.4673348 7.4533117 7.4392885 7.4330807 7.4341357 7.4351906 7.4362455 7.4373005 7.4383554 7.4380475 7.4340869 7.4301263 7.4261657 7.4222051 7.4182445 7.4191359 7.4286588 7.4381816 7.4477045 7.4572273 7.4667502 7.4723291 7.4722656 7.4722022 7.4721387 7.4720752 7.4720118 7.4724627 7.472289 7.4721153 7.4719417 7.471768 7.4715256 7.4547576 7.4359233 7.4170891 7.3982548 7.3794205 7.3706892 7.3845279 7.3983667 7.4122054 7.4260442 7.4398829
-9999 7.4252194 7.4452178 7.4652163 7.4852147 7.5052132 7.5254915 7.536768 7.5374243 7.5380806 7.5387369 7.5393933 7.5338417 7.5212983 7.5092411 7.4952179 7.4811948 7.4671716 7.4531484 7.4436847 7.4447396 7.4457945 7.4468495 7.4479044 7.4435303 7.4348213 7.4374924 7.4335318 7.4295712 7.4256106 7.42165 7.4222949 7.4318178 7.4413406 7.4508635 7.4603863 7.4739322 7.4843094 7.484246 7.4841825 7.484119 7.4840556 7.4799794 7.479023 7.4802608 7.4800871 7.4799134 7.4797397 7.4795661 7.4634816 7.4446473 7.425813 7.4069788 7.390301 7.385451 7.3992897 7.4131284 7.4269672 7.4408059 7.4435923
-9999 7.450733 7.4707314 7.4907299 7.5107283 7.5311487 7.5516271 7.5629037 7.56356 7.5642163 7.5648726 7.555254 7.5421703 7.5296269 7.5181656 7.5067043 7.4927891 7.4787659 7.4647427 7.455279 7.4563339 7.4573889 7.4584438 7.4500613 7.4365273 7.4278183 7.4320415 7.4362647 7.4328267 7.4288661 7.4249054 7.4255504 7.4350732 7.4445961 7.4541189 7.4697315 7.4874065 7.4977837 7.4977203 7.4976568 7.4975933 7.4920734 7.4857936 7.4848372 7.4877078 7.4895879 7.4894142 7.4892406 7.4890669 7.4729824 7.4541482 7.4353139 7.420266 7.4100207 7.4051707 7.4190094 7.4328481 7.4466869 7.4461038 7.4421865
-9999 7.4762465 7.496245 7.5163274 7.5368059 7.5572843 7.5777628 7.5890393 7.5896956 7.5897501 7.5766664 7.5635826 7.5504988 7.5379554 7.5264941 7.5150329 7.5035716 7.4903602 7.4763371 7.4668733 7.4679282 7.4689832 7.4565924 7.4430584 7.4295244 7.4208154 7.4250385 7.4292617 7.4334848 7.4321215 7.4281609 7.4288058 7.4383286 7.4478556 7.4655307 7.4832058 7.5008809 7.5112581 7.5111946 7.5104472 7.5041674 7.4978876 7.4916078 7.4906514 7.493522 7.4963926 7.4989151 7.4987414 7.4985677 7.4824833 7.463649 7.450231 7.4399857 7.4297404 7.4248904 7.4387291 7.4525325 7.4486152 7.4446979 7.4407806
-9999 7.5017601 7.5219846 7.5424631 7.5629416 7.58342 7.6038985 7.615175 7.6111624 7.5980787 7.5849949 7.5719111 7.5588273 7.5462839 7.5348226 7.5233614 7.5119001 7.5004389 7.4879314 7.4784676 7.4766574 7.4631234 7.4495894 7.4360554 7.4225214 7.4138124 7.4180356 7.4222587 7.4264819 7.430705 7.4314163 7.4320612 7.4436548 7.4613299 7.479005 7.4966801 7.5143552 7.5247324 7.5225411 7.5162613 7.5099815 7.5037017 7.4974219 7.4964656 7.4993362 7.5022068 7.5050773 7.5079479 7.5080685 7.4919841 7.480196 7.4699507 7.4597054 7.4494601 7.4446101 7.4550439 7.4511266 7.4472093 7.443292 7.4393747
-9999 7.5253641 7.5458425 7.566321 7.5867994 7.6072779 7.6277563 7.632168 7.6190842 7.6060004 7.5929166 7.5798329 7.5667491 7.5530023 7.541541 7.5300798 7.5186185 7.5071573 7.495696 7.483608 7.470074 7.45654 7.443006 7.429472 7.415938 7.4082546 7.4124778 7.4167009 7.4209241 7.4251473 7.4293704 7.4381883 7.4558634 7.4735385 7.4912136 7.5088887 7.5265638 7.5342521 7.5279723 7.5216925 7.5154127 7.5091329 7.5028531 7.4999738 7.5028444 7.505715 7.5085856 7.5114561 7.5143267 7.5060142 7.4957689 7.4855235 7.4752782 7.4650329 7.4578286 7.4539112 7.4499939 7.4460766 7.4421593 7.438242
-9999 7.534294 7.5547724 7.5752509 7.5957294 7.6162078 7.6340772 7.6374241 7.6243403 7.6112566 7.5981728 7.585089 7.573915 7.5597605 7.5384954 7.526246 7.5147847 7.5033235 7.4918622 7.4797742 7.4662402 7.4527062 7.4391722 7.4256382 7.4188455 7.4162984 7.4168277 7.4206144 7.4248376 7.4290607 7.4332839 7.4421018 7.4597769 7.477452 7.4951271 7.5128022 7.5298292 7.5371729 7.5308931 7.5246133 7.5183335 7.5120537 7.5048614 7.4969458 7.4912399 7.4941105 7.4969811 7.4998517 7.5027223 7.4944097 7.4841644 7.4739191 7.4636738 7.4591464 7.4584865 7.4545692 7.4506519 7.4467346 7.4428173 7.4303272
-9999 7.5432239 7.5637024 7.5841808 7.6041665 7.6217499 7.6393333 7.6426803 7.6295965 7.6165127 7.6035257 7.592922 7.5823184 7.5681639 7.5468987 7.5256336 7.5109509 7.4994897 7.4880284 7.4759404 7.4624064 7.4488724 7.4353384 7.4309877 7.4272928 7.4247456 7.425275 7.4258043 7.428751 7.4329742 7.4371974 7.4460153 7.4636904 7.4813655 7.4990173 7.5158837 7.53275 7.5400937 7.5338139 7.5275341 7.5211054 7.5138631 7.5066208 7.4987053 7.4903058 7.4825061 7.4853767 7.4882472 7.4911178 7.4828053 7.47256 7.4623146 7.4595238 7.4598044 7.4591445 7.4552272 7.4513099 7.4466466 7.4333561 7.4200656
-9999 7.5521538 7.5726323 7.5918392 7.6094226 7.627006 7.6445894 7.6479364 7.6348526 7.6225328 7.6119291 7.6013254 7.5907217 7.5765673 7.5553021 7.534037 7.5127718 7.4956559 7.4841946 7.4721066 7.4585726 7.4468249 7.4431299 7.439435 7.43574 7.4331929 7.4337222 7.4342515 7.4347809 7.4368877 7.4411108 7.4499287 7.4676038 7.4850718 7.5019382 7.5188045 7.5356709 7.5430146 7.5367348 7.5301072 7.5228649 7.5156226 7.5083803 7.5004648 7.4920653 7.4836657 7.4752662 7.4766428 7.4795134 7.4712008 7.4609555 7.4599013 7.4601818 7.4604623 7.4598025 7.4558852 7.4496755 7.436385 7.4230945 7.409804
-9999 7.5610838 7.5795119 7.5970953 7.6146787 7.6322621 7.6498456 7.6531925 7.6415398 7.6309361 7.6203325 7.6097288 7.5991251 7.5849706 7.5637055 7.5424403 7.5211752 7.49991 7.4803608 7.4682728 7.4589671 7.4552721 7.4515772 7.4478822 7.4441873 7.4416401 7.4421695 7.4426988 7.4432281 7.4437575 7.4450243 7.4538422 7.4711263 7.4879927 7.504859 7.5217253 7.5385917 7.5459354 7.539109 7.5318667 7.5246244 7.5173821 7.5101398 7.5022243 7.4938248 7.4854252 7.4770257 7.4686262 7.4679089 7.4599982 7.4602787 7.4605592 7.4608398 7.4611203 7.4604604 7.4527043 7.4394139 7.4261234 7.4128329 7.3995425
-9999 7.5641403 7.5817238 7.5993072 7.6168906 7.634474 7.6520574 7.6566938 7.6460901 7.6354864 7.6248827 7.614279 7.6036754 7.5873872 7.5657986 7.5445334 7.5232682 7.5020031 7.4807379 7.4647858 7.4610908 7.4573959 7.4537009 7.450006 7.446311 7.4482504 7.4515381 7.4520674 7.4525968 7.4531261 7.4536554 7.4597649 7.4766313 7.4934976 7.510364 7.5272303 7.5440966 7.544259 7.5370167 7.5297744 7.5225321 7.5152898 7.5080475 7.5029793 7.4945798 7.4861803 7.4777807 7.4693812 7.4609817 7.4596533 7.4599338 7.4602144 7.4604949 7.4607754 7.4618264 7.4508145 7.4375241 7.4242336 7.4109431 7.3976527
-9999 7.5592784 7.5768618 7.5944453 7.6120287 7.6299932 7.6501144 7.6549587 7.6421712 7.6310834 7.6204797 7.609876 7.5992724 7.5829842 7.5553124 7.5319636 7.5106984 7.4894333 7.4681681 7.4522159 7.448521 7.444826 7.4411311 7.4374361 7.4273822 7.4269644 7.4536568 7.463577 7.4641063 7.4646356 7.465165 7.4712745 7.4881408 7.5050072 7.5218735 7.5383542 7.546054 7.5439133 7.5276943 7.518732 7.5114897 7.5042474 7.4970051 7.4936358 7.4930008 7.4846013 7.4762017 7.4678022 7.4594027 7.4576185 7.4572586 7.4575391 7.4578197 7.4581002 7.4591512 7.4628711 7.4550873 7.4417968 7.4285063 7.4152159
-9999 7.5544165 7.5719999 7.5895833 7.608299 7.6284203 7.6485416 7.6533858 7.6405984 7.6278109 7.6160767 7.605473 7.5948693 7.5785812 7.5509094 7.5232377 7.4981286 7.4768634 7.4555983 7.4396461 7.4359512 7.4322562 7.4271612 7.4166287 7.4060961 7.4056784 7.4323708 7.4590632 7.4756159 7.4761452 7.4766745 7.482784 7.4996504 7.5165167 7.5306737 7.5383735 7.5460733 7.5439325 7.5277135 7.5114945 7.5004473 7.493205 7.4859627 7.4825934 7.4820083 7.4814233 7.4746227 7.4662232 7.4578237 7.4560395 7.4553987 7.4548639 7.4551445 7.455425 7.456476 7.4601959 7.4639159 7.45936 7.4460696 7.4327791
-9999 7.5495546 7.567138 7.5866049 7.6067262 7.6268474 7.6469687 7.6518129 7.6390255 7.6262381 7.6134506 7.60107 7.5904663 7.5741782 7.5465064 7.5188347 7.4911629 7.4642936 7.4430285 7.4270763 7.4233813 7.4164077 7.4058751 7.3953426 7.3848101 7.3843924 7.4110848 7.4377772 7.4644696 7.4876547 7.4881841 7.4942936 7.5111599 7.5229931 7.5306929 7.5383927 7.5460925 7.5439518 7.5277328 7.5115138 7.4952948 7.4821626 7.4749203 7.471551 7.4709659 7.4703809 7.4697958 7.4646442 7.4562447 7.4544605 7.4538197 7.4531789 7.452538 7.4527498 7.4538008 7.4575207 7.4612407 7.4649606 7.4636328 7.4503423
-9999 7.5447895 7.5649108 7.585032 7.6051533 7.6252746 7.6453958 7.6502401 7.6374526 7.6246652 7.6118778 7.5990903 7.5863029 7.5697751 7.5421034 7.5144317 7.4867599 7.4590882 7.4314164 7.4145065 7.4056541 7.3951216 7.3845891 7.3740566 7.3635241 7.3631064 7.3897988 7.4164912 7.4431836 7.469876 7.4965684 7.5058031 7.5153125 7.5230123 7.5307121 7.5384119 7.5461117 7.543971 7.527752 7.511533 7.495314 7.479095 7.4638779 7.4605086 7.4599235 7.4593384 7.4587534 7.4581683 7.4546657 7.4528815 7.4522407 7.4515999 7.450959 7.4503182 7.4511256 7.4548455 7.4585655 7.4622854 7.4660053 7.4679055
-9999 7.5278861 7.5480073 7.5681286 7.5882498 7.6083711 7.6264965 7.6260722 7.6132848 7.6004974 7.5877099 7.5749225 7.5621462 7.5532979 7.5360175 7.5083458 7.480674 7.4530023 7.4253305 7.4028414 7.3923089 7.3817764 7.3712439 7.3607114 7.3501789 7.3658206 7.3937879 7.4204803 7.4471727 7.4738651 7.5005575 7.5207626 7.5284624 7.5361622 7.543862 7.5515618 7.5574993 7.547122 7.530903 7.514684 7.498465 7.482246 7.46795 7.4561231 7.4541326 7.4535475 7.4529624 7.4523773 7.4517923 7.4511596 7.4505188 7.449878 7.4492371 7.4485963 7.4406285 7.4443485 7.4480684 7.4517883 7.4555082 7.4573031
-9999 7.4994185 7.5195397 7.539661 7.5597823 7.574997 7.5852849 7.5848607 7.5720732 7.5592858 7.5464984 7.5337678 7.5211352 7.5122869 7.5110169 7.5009904 7.4733187 7.4456469 7.4179752 7.3954861 7.3849536 7.3744211 7.3638886 7.359098 7.3695899 7.3852661 7.4148377 7.4435349 7.4702273 7.4969197 7.5236121 7.5438172 7.551517 7.5592169 7.5669167 7.5693066 7.5630127 7.5526354 7.5364164 7.5201974 7.5039784 7.4912541 7.4818019 7.4699749 7.4564407 7.4517178 7.4511327 7.4505476 7.4499626 7.4493299 7.4486891 7.4480483 7.4462812 7.4333963 7.4242313 7.4279512 7.4316711 7.435391 7.4358507 7.4325344
-9999 7.4709509 7.4910721 7.5111934 7.5234975 7.5337854 7.5440733 7.5436491 7.5308616 7.5180742 7.5053895 7.4927569 7.4801242 7.4712759 7.4700059 7.4687359 7.4659633 7.4382916 7.4106199 7.3881308 7.3775983 7.3670658 7.3680517 7.3785436 7.3890354 7.4047117 7.4342833 7.4638548 7.4932819 7.5199743 7.5466667 7.5668719 7.5745717 7.5822715 7.5811139 7.57482 7.568526 7.5581488 7.5419298 7.5257108 7.5145581 7.5051059 7.4956537 7.4838267 7.4702926 7.4567584 7.449303 7.448718 7.4481329 7.4475003 7.4468594 7.4427688 7.429884 7.4169991 7.407834 7.411554 7.4152739 7.4143982 7.411082 7.4077657
-9999 7.4424833 7.4617101 7.471998 7.4822859 7.4925738 7.5028617 7.5024375 7.48965 7.4770112 7.4643785 7.4517459 7.4391132 7.4302649 7.4289949 7.4277249 7.4264549 7.4251848 7.4032645 7.3807754 7.3702429 7.3770053 7.3874972 7.3979891 7.408481 7.4241572 7.4537288 7.4833004 7.512872 7.5424435 7.5697213 7.5899265 7.5976263 7.5929212 7.5866273 7.5803334 7.5740394 7.5636622 7.5474432 7.5378622 7.52841 7.5189577 7.5095055 7.4976786 7.4841444 7.4706102 7.4570761 7.4468883 7.4463032 7.4456706 7.4392564 7.4263716 7.4134867 7.4006018 7.3914368 7.3951567 7.3929458 7.3896296 7.3863133 7.382997
-9999 7.4102105 7.4204985 7.4307864 7.4410743 7.4513622 7.4616501 7.4612655 7.4486328 7.4360002 7.4233675 7.4107349 7.3981022 7.3892539 7.3879839 7.3867139 7.3854439 7.3841738 7.3829038 7.3754671 7.385959 7.3964509 7.4069428 7.4174346 7.4279265 7.4436028 7.4731743 7.5027459 7.5323175 7.5618891 7.5914606 7.6110225 7.6047285 7.5984346 7.5921407 7.5858467 7.5795528 7.5706184 7.5611662 7.551714 7.5422618 7.5328096 7.5233574 7.5115304 7.4979962 7.4844621 7.4709279 7.4573937 7.4444735 7.435744 7.4228592 7.4099743 7.3970894 7.3842046 7.3748097 7.3714934 7.3681771 7.3648609 7.3615446 7.3582283
-9999 7.399715 7.4100029 7.4202908 7.4305787 7.4408666 7.4547192 7.4663137 7.465075 7.4524423 7.4398097 7.427177 7.4145444 7.4011396 7.389791 7.3885209 7.3872509 7.3859809 7.3847109 7.3869975 7.3974894 7.4079813 7.4184732 7.428965 7.4461462 7.4663059 7.467785 7.4973565 7.5269281 7.5564997 7.5860713 7.6033924 7.5970984 7.5908045 7.5845106 7.5782166 7.5784748 7.5754099 7.5602137 7.5507615 7.5413093 7.5318571 7.5224049 7.5110962 7.4979491 7.484415 7.4708808 7.4573466 7.4438125 7.4381646 7.4265334 7.4136485 7.4007637 7.3878788 7.3762068 7.369673 7.3663567 7.3630405 7.3597242 7.3564079
-9999 7.3951063 7.4053942 7.4156821 7.42597 7.4417348 7.458483 7.4700775 7.4757239 7.4798957 7.4672631 7.4546304 7.4419978 7.428593 7.4136419 7.3986908 7.3972644 7.3959943 7.3947243 7.3970109 7.4075028 7.4179947 7.4284866 7.4510503 7.4811329 7.5012926 7.4948565 7.4884205 7.516779 7.5463506 7.5759222 7.5932433 7.5869493 7.5806554 7.5743615 7.5782047 7.5860525 7.5829876 7.5643105 7.5469717 7.5375195 7.5280673 7.5186151 7.5073064 7.4946631 7.481704 7.4681699 7.4546357 7.4411015 7.4354537 7.4311688 7.4211696 7.4082847 7.3953999 7.3837278 7.3762567 7.3689345 7.3656182 7.362302 7.3589857
