P1_models/J1_p1_vp_slide_diff2_30.dat.tif
NCOLS 118
NROWS 92
XLLCORNER 139.62
YLLCORNER -39.07
DX 0.099491525
DY 0.099347826
NODATA_VALUE -9999
[rows 50 to 74 of 92, columns 57 to 113 of 118]
0.013134075 -0.00022941383 -0.013592902 -0.016460284 -0.012195118 -0.0079299515 0.0025737151 0.016738466 0.030903216 0.02653244 0.02152476 0.020439085 0.026607017 0.032774948 0.036208413 0.036142823 0.036077232 0.029276647 0.021473195 0.013906802 0.027511611 0.041116421 0.052485567 0.055168835 0.057852102 0.06034624 0.062752996 0.065251302 0.068218777 0.071186253 0.078145149 0.092296223 0.1064473 0.11336308 0.11437169 0.11602078 0.1385125 0.16100422 0.18348792 0.20596637 0.22844482 0.25976828 0.29203377 0.31483525 0.32512171 0.33540818 0.34888257 0.36387674 0.37447849 0.37478911 0.37509972 0.36925662 0.3601235 0.35328061 0.3525187 0.3517568 -9999
0.021534927 0.0081714383 -0.0051920502 -0.0080594317 -0.0037942655 0.00047090067 0.0047360668 0.012837629 0.027002379 0.022631603 0.024009668 0.0301776 0.036345532 0.042513464 0.045946929 0.045350044 0.037546592 0.02974314 0.021939689 0.014373296 0.027978105 0.041582914 0.055187723 0.068479898 0.071163166 0.073657303 0.076254338 0.079221814 0.082189289 0.085156765 0.092115661 0.10626673 0.12041781 0.13456888 0.14379874 0.14544783 0.16793955 0.1904215 0.21289995 0.2353784 0.25785686 0.28918032 0.30859952 0.31888599 0.32917246 0.33945892 0.35293331 0.36192713 0.36223774 0.36254835 0.36285896 0.35701586 0.35108968 0.35032777 0.34956587 0.34880396 -9999
0.029935779 0.016572291 0.003208802 0.00034142052 0.0046065867 0.0088717528 0.013136919 0.017402085 0.023101542 0.027580252 0.033748184 0.039916116 0.046084048 0.052251979 0.05361999 0.045816538 0.038013086 0.030209634 0.022406182 0.014839789 0.028444598 0.042049407 0.055654216 0.069259025 0.082863834 0.087257375 0.09022485 0.093192326 0.096159801 0.099127277 0.10608617 0.12023725 0.13438832 0.14853939 0.16269047 0.17487487 0.19735508 0.21983353 0.24231199 0.26479044 0.28726889 0.3023638 0.31265026 0.32293673 0.3332232 0.34350966 0.34937576 0.34968637 0.34999698 0.35030759 0.35061821 0.34889875 0.34813684 0.34737493 0.34661303 0.34585112 -9999
0.036110928 0.022747439 0.016203244 0.01746358 0.021575183 0.025840349 0.030105516 0.034370682 0.038635848 0.04474057 0.050908502 0.057076434 0.063244366 0.066575129 0.063163148 0.055359697 0.047556245 0.039752793 0.032249446 0.044116965 0.058852894 0.072457703 0.086062512 0.099667321 0.11327213 0.11960115 0.12256862 0.1255361 0.12850357 0.1335275 0.14653002 0.16452566 0.17867673 0.1928278 0.20697888 0.22137821 0.24385666 0.26633512 0.28881357 0.31129202 0.30670247 0.31510511 0.32539158 0.33567804 0.34596451 0.34005255 0.33546597 0.33577658 0.33608719 0.3363978 0.33852625 0.33922717 0.33846527 0.33770336 0.33694145 0.33608785 -9999
0.041913705 0.03767865 0.035023825 0.036284162 0.040205017 0.044242374 0.048507541 0.052772707 0.057037873 0.063142595 0.069310527 0.075478459 0.077616963 0.077636861 0.074224881 0.066421429 0.058617977 0.054496728 0.066331798 0.078199317 0.092964798 0.10773028 0.12148023 0.13508504 0.14868985 0.15501886 0.15798634 0.16095381 0.1668814 0.17585291 0.18885544 0.20912148 0.22803748 0.24218855 0.25633963 0.27073896 0.29321742 0.31569587 0.33817432 0.33018305 0.32089776 0.3293004 0.33958687 0.34987334 0.34072258 0.32586352 0.32127694 0.32158755 0.32189816 0.32429356 0.32773059 0.32843152 0.32766961 0.32690771 0.32604002 0.32511316 -9999
0.059154057 0.056499232 0.053844407 0.055104744 0.059025598 0.062946453 0.066909566 0.071174732 0.075439898 0.08154462 0.087712552 0.088658797 0.088678695 0.088698594 0.085286614 0.077483162 0.07674401 0.08857908 0.10041415 0.11228167 0.12704715 0.14181263 0.15657811 0.17050275 0.18410756 0.19043658 0.19340406 0.20023531 0.20920682 0.21817833 0.23118085 0.2514469 0.27171295 0.29154931 0.30570038 0.32009971 0.34257817 0.36294892 0.35366363 0.34437834 0.33509305 0.3434957 0.35378216 0.34139261 0.32653355 0.31167449 0.30708791 0.30739852 0.31006087 0.31349791 0.31693494 0.31763587 0.31687396 0.31599219 0.31506532 0.31413846 -9999
0.077974638 0.075319814 0.072664989 0.073925326 0.07784618 0.081767034 0.085687889 0.089608743 0.093841923 0.099680733 0.099700631 0.09972053 0.099740428 0.099760326 0.096348346 0.098991292 0.11082636 0.12266143 0.1344965 0.14636402 0.1611295 0.17589498 0.19066046 0.20542594 0.21952528 0.2258543 0.23358922 0.24256072 0.25153223 0.26050374 0.27350626 0.29377231 0.31403836 0.33430441 0.35457046 0.36946047 0.38642951 0.37714422 0.36785892 0.35857363 0.34928834 0.3569217 0.34206264 0.32720358 0.31234452 0.29748546 0.29289888 0.29582818 0.29926522 0.30270225 0.30613929 0.30684021 0.30594435 0.30501749 0.30409063 0.30316377 -9999
0.095049491 0.092394666 0.089739841 0.090257178 0.094178032 0.098098887 0.10201974 0.1059406 0.10986145 0.11430454 0.11432444 0.11434433 0.11436423 0.11438413 0.119587 0.13142207 0.14325714 0.15509221 0.16692728 0.17513099 0.18890843 0.20367391 0.21843939 0.23320488 0.24797036 0.25877284 0.26774435 0.27671585 0.28568736 0.29465887 0.30110629 0.32137234 0.34163839 0.36190444 0.38217049 0.40155553 0.39227024 0.38298495 0.37369966 0.36441437 0.35819955 0.34504631 0.33018725 0.31532819 0.30046913 0.28561007 0.28172136 0.2851584 0.28859543 0.29203247 0.2954695 0.29812379 0.29719693 0.29627006 0.2953432 0.29441634 -9999
0.10616188 0.10350705 0.10085223 0.10054066 0.10200973 0.10593059 0.10985144 0.1137723 0.11769315 0.13286031 0.14111435 0.14113425 0.14115415 0.14117404 0.14637692 0.15821199 0.17004706 0.18188213 0.18730308 0.18593275 0.19682782 0.20992378 0.22468926 0.23945474 0.25422022 0.2650227 0.27399421 0.28296572 0.29193722 0.28520553 0.28380205 0.29910309 0.31894448 0.33921052 0.35947657 0.37886162 0.36957633 0.36029104 0.35100575 0.34731743 0.35721645 0.34239846 0.326214 0.31135494 0.29649588 0.28163682 0.2753426 0.27491851 0.27835554 0.28179258 0.28522961 0.29116729 0.29605663 0.29512977 0.29420291 0.29327604 -9999
0.11727426 0.11461944 0.11196461 0.11165305 0.11293382 0.1142146 0.11768314 0.12160399 0.12552485 0.14069201 0.15624561 0.16792416 0.16794406 0.16796396 0.17316683 0.1850019 0.19683697 0.1996125 0.19810484 0.19673451 0.20762958 0.21852466 0.23093912 0.2457046 0.26047008 0.27127256 0.28024407 0.28921558 0.27902477 0.26835084 0.26694736 0.2822484 0.29754945 0.31651661 0.33678266 0.3561677 0.34688241 0.33759712 0.33643531 0.34633433 0.35623334 0.34141536 0.32396493 0.30738169 0.29252263 0.27766357 0.27136935 0.26915825 0.26811565 0.27155268 0.27498972 0.2809274 0.28820202 0.29398948 0.29306262 0.29213575 -9999
0.12269278 0.12573182 0.123077 0.12276543 0.12404621 0.12532698 0.12660776 0.12943569 0.13335655 0.14852371 0.16407731 0.17963091 0.19473397 0.19475387 0.19995675 0.21179182 0.21192192 0.21041426 0.20890659 0.20753627 0.21843134 0.22932641 0.24022149 0.25195446 0.26671994 0.27752242 0.28351796 0.27284402 0.26217008 0.25149615 0.25009267 0.26539371 0.28069476 0.2959958 0.31408874 0.33347379 0.3241885 0.32555319 0.33545221 0.34535123 0.35525024 0.34043225 0.32298182 0.30553139 0.28854938 0.27369032 0.2673961 0.265185 0.2629739 0.26131279 0.26474983 0.2706875 0.27796213 0.28523675 0.29192232 0.29099546 -9999
0.12479586 0.12939112 0.13398639 0.13387782 0.13515859 0.13643937 0.13772014 0.13900092 0.14118825 0.15635541 0.17190901 0.18746261 0.20301621 0.21856981 0.22573901 0.22423135 0.22272368 0.22121602 0.21970835 0.21833803 0.2292331 0.24012817 0.25102324 0.26191832 0.2729698 0.27733721 0.26666327 0.25598933 0.2453154 0.23464146 0.23323798 0.24853902 0.26384007 0.27914111 0.29444216 0.31077988 0.31467107 0.32457009 0.33446911 0.34436812 0.35426714 0.33944915 0.32199872 0.30454829 0.28709786 0.26971707 0.26342285 0.26121175 0.25900065 0.25678955 0.25457845 0.26044761 0.26772224 0.27499686 0.28227148 0.2895461 -9999
0.12860561 0.13320088 0.13779614 0.15083536 0.15685149 0.15813226 0.15941304 0.16069381 0.16197459 0.16038065 0.17593425 0.19148785 0.20704145 0.22259505 0.23066437 0.2291567 0.22764904 0.22614137 0.22463371 0.22631776 0.23387688 0.24477196 0.25566703 0.2665621 0.27745717 0.27359934 0.2629254 0.25225146 0.24157752 0.22921105 0.22174549 0.23718023 0.25248127 0.26778232 0.28308336 0.29822336 0.30812238 0.31802139 0.32792041 0.33781943 0.34911728 0.33211098 0.31466054 0.29721011 0.27975968 0.26230925 0.2584602 0.25671475 0.25450365 0.25229255 0.25008145 0.25387223 0.2611134 0.26838802 0.27566264 0.28293726 -9999
0.13315751 0.13775277 0.14234804 0.15538726 0.17416451 0.1844261 0.18570687 0.18698765 0.18826843 0.18439671 0.18034795 0.19385785 0.20941145 0.22496505 0.23303437 0.2315267 0.23001904 0.2286764 0.23088087 0.23313589 0.23990526 0.24673794 0.25763301 0.26852808 0.27942316 0.27556532 0.26489138 0.25421744 0.24016299 0.21990238 0.21243682 0.22802677 0.24351237 0.25881342 0.27411446 0.28925446 0.29915348 0.30905249 0.31895151 0.3305154 0.34243448 0.32513318 0.30471982 0.28710843 0.269658 0.25220756 0.24835852 0.25099365 0.24977888 0.24756779 0.24535669 0.24914746 0.25614709 0.26335815 0.27063277 0.27790739 -9999
0.13833198 0.14230467 0.14689993 0.15993916 0.17871641 0.19749365 0.21200071 0.21328149 0.21456226 0.21069055 0.20664178 0.20259302 0.21178145 0.22733505 0.23540436 0.2338967 0.23329005 0.23549453 0.237699 0.23995403 0.24672339 0.25349276 0.26026212 0.27049407 0.28138914 0.2775313 0.26685736 0.25111492 0.23085432 0.21059371 0.20312815 0.2187181 0.23430804 0.24984452 0.26514556 0.28028556 0.29018458 0.30008359 0.31191351 0.3238326 0.33575168 0.31845039 0.29803702 0.27762365 0.25955631 0.24210588 0.23825683 0.24089196 0.24352709 0.24284302 0.24063192 0.2444227 0.25142233 0.25842196 0.2656029 0.27287752 -9999
0.14896021 0.14866564 0.15145183 0.16449105 0.1832683 0.20204555 0.2208228 0.23957532 0.2408561 0.23698438 0.23293562 0.22888686 0.2248381 0.22970505 0.23777436 0.23790371 0.24010819 0.24231266 0.24451713 0.24677216 0.25354152 0.26031089 0.26708025 0.27384962 0.28335512 0.27949729 0.26206685 0.24180625 0.22154565 0.20128504 0.19381948 0.20940943 0.22499937 0.24058932 0.25617666 0.27131666 0.28139255 0.29331163 0.30523072 0.3171498 0.32906889 0.31176759 0.29135422 0.27094086 0.25052749 0.23200419 0.22815514 0.23079028 0.23342541 0.23606054 0.23590716 0.23969794 0.24669757 0.25369719 0.26069682 0.26784765 -9999
0.15969506 0.15940049 0.15910592 0.16863007 0.18740732 0.20618457 0.22496182 0.24373907 0.26251632 0.25922583 0.25517707 0.2511283 0.24707954 0.24303078 0.24173049 0.24393496 0.24613944 0.24834391 0.25054839 0.25290048 0.25907989 0.26584925 0.27261862 0.27938798 0.28615735 0.27443858 0.25417798 0.23391737 0.21365677 0.19339617 0.18633602 0.20192596 0.21751591 0.23310586 0.2486958 0.26417631 0.2760954 0.28801448 0.29993357 0.31185265 0.32218301 0.30324077 0.28282741 0.26241404 0.24200068 0.22158731 0.21892955 0.22156468 0.22419981 0.22683494 0.22947008 0.23565155 0.24265118 0.24965081 0.25665043 0.26365006 -9999
0.17096022 0.17117383 0.18191181 0.18646922 0.18949274 0.20826999 0.22704724 0.24582449 0.26460174 0.26131125 0.25726249 0.25321372 0.24916496 0.24513885 0.24384792 0.2460524 0.24825687 0.25046135 0.25293605 0.25580784 0.25940192 0.26502224 0.2717916 0.27856097 0.28533033 0.27361157 0.25335096 0.23309036 0.21282975 0.20490606 0.20301323 0.20375904 0.21911077 0.23470072 0.25029067 0.26577118 0.27769026 0.28960935 0.30152843 0.30961358 0.30448431 0.28554207 0.2651287 0.24471534 0.22457123 0.21527738 0.2140615 0.21669664 0.21933177 0.2219669 0.22818272 0.2349793 0.24197893 0.24897855 0.25597818 0.26069672 -9999
0.18541057 0.19614855 0.20688652 0.21144394 0.2118014 0.21215886 0.22913266 0.24790991 0.26668716 0.26339667 0.25934791 0.25530135 0.25127881 0.24725628 0.24596536 0.24816983 0.2503743 0.25297971 0.25584341 0.2587152 0.26230928 0.26590337 0.27096459 0.27773395 0.28450332 0.27278455 0.25252395 0.23226334 0.22731595 0.22395876 0.22206594 0.22281175 0.22355756 0.23629559 0.25188553 0.26736604 0.27928513 0.29120421 0.29704415 0.29191488 0.2867856 0.26784336 0.24743 0.22899703 0.21970318 0.21040934 0.20919346 0.21182859 0.21467685 0.22109366 0.22751046 0.23430705 0.24130667 0.24823003 0.25275371 0.25727739 -9999
0.21038529 0.22112327 0.23186124 0.23641866 0.23677612 0.23713357 0.23749103 0.24999533 0.26877258 0.26548209 0.26144131 0.25741878 0.25339625 0.24937371 0.24808279 0.25028726 0.25302337 0.25588707 0.25875077 0.26162256 0.26521664 0.26881072 0.27240481 0.27690694 0.2836763 0.27195754 0.25308302 0.24972583 0.24636865 0.24301147 0.24111864 0.24186445 0.24261027 0.24335608 0.2534804 0.2689609 0.28087999 0.28447472 0.27934545 0.27421617 0.2690869 0.25014466 0.23342284 0.22412899 0.21483514 0.20554129 0.20432542 0.20758779 0.2140046 0.2204214 0.22683821 0.23363479 0.24028702 0.2448107 0.24933438 0.25385806 -9999
0.23536001 0.24609798 0.25683596 0.26139338 0.26175083 0.26210829 0.26246575 0.26282321 0.270858 0.26758128 0.26355875 0.25953621 0.25551368 0.25149115 0.25020334 0.25306704 0.25593073 0.25879443 0.26165813 0.26452991 0.268124 0.27171808 0.27531217 0.27890625 0.28284929 0.2754929 0.27213572 0.26877854 0.26542136 0.26206417 0.26017135 0.26091716 0.26166297 0.26240878 0.26315459 0.27055577 0.27190529 0.26677602 0.26164674 0.25651747 0.25138819 0.23784864 0.22855479 0.21926094 0.2099671 0.20067325 0.20049873 0.20691554 0.21333235 0.21974915 0.22616596 0.23234401 0.23686769 0.24139137 0.24591505 0.25043873 -9999
0.24441569 0.25515367 0.26589165 0.27354897 0.27502708 0.27538454 0.275742 0.27609946 0.27645692 0.28310197 0.27907944 0.2750569 0.27103437 0.26701184 0.2660101 0.26887379 0.27173749 0.27460119 0.27746489 0.28266846 0.29024078 0.29383487 0.29742895 0.30102304 0.30461712 0.30345663 0.30009945 0.29674227 0.29338509 0.29061469 0.28370446 0.27518644 0.27593225 0.27667806 0.27742387 0.27799453 0.27286526 0.26773598 0.2626067 0.25747743 0.24909417 0.23909259 0.22979874 0.2205049 0.21121105 0.2019172 0.20428731 0.21077469 0.2171915 0.2236083 0.23002511 0.23318146 0.23748065 0.24200433 0.24652801 0.25105169 -9999
0.24443331 0.25517128 0.26590926 0.27356658 0.27913047 0.28201894 0.2823764 0.28273386 0.28309132 0.29199117 0.30118455 0.29818734 0.2941648 0.29014227 0.28914053 0.29200423 0.29486792 0.29778475 0.30355691 0.30936322 0.31821853 0.32685786 0.33045194 0.33404603 0.33764011 0.33647962 0.33312244 0.32976526 0.32795367 0.32932422 0.32241398 0.30058254 0.28748572 0.28823154 0.28897735 0.28954801 0.28441873 0.27928945 0.27416018 0.26497907 0.25478138 0.24465528 0.2345368 0.22521895 0.2159251 0.20663125 0.20900137 0.21693204 0.22362336 0.23004017 0.23645697 0.23961332 0.2410265 0.24490664 0.24943032 0.253954 -9999
0.24276412 0.2551889 0.26592687 0.2735842 0.27914808 0.28471197 0.2890108 0.28936826 0.28972572 0.29862557 0.30781895 0.31701233 0.31729523 0.3132727 0.31227096 0.31513466 0.31870734 0.32447951 0.33025167 0.33605798 0.34491329 0.3537686 0.36262391 0.36706902 0.3706631 0.36950262 0.36614543 0.36529266 0.3666632 0.36803374 0.36112351 0.33929206 0.31746062 0.29978501 0.30053082 0.30110148 0.29597221 0.29084293 0.28086396 0.27066628 0.26046859 0.25034249 0.24022401 0.23010553 0.22063916 0.21134531 0.21371542 0.22164609 0.22957676 0.23647204 0.24288884 0.24604519 0.24745837 0.24887155 0.25233263 0.25685631 -9999
0.2260861 0.24996104 0.26594449 0.27360181 0.27916569 0.28472958 0.29029347 0.29585735 0.29636012 0.30525998 0.31445335 0.32364673 0.33284011 0.33640313 0.33540139 0.33962993 0.3454021 0.35117427 0.35694643 0.36275274 0.37160805 0.38046336 0.38931867 0.39817398 0.40368609 0.40252561 0.40263164 0.40400218 0.40537272 0.40674327 0.39983303 0.37800159 0.35617014 0.3343387 0.31250726 0.31265496 0.30694655 0.29674886 0.28655118 0.27635349 0.2661558 0.2560297 0.24591122 0.23579274 0.22567426 0.21605936 0.21842948 0.22636014 0.23429081 0.24222148 0.24932071 0.25247706 0.25389024 0.25530342 0.25671659 0.25975863 -9999
