P1_models/J1_p1_vp_slide_diff2_100.dat.tif
NCOLS 118
NROWS 92
XLLCORNER 139.62
YLLCORNER -39.07
DX 0.099491525
DY 0.099347826
NODATA_VALUE -9999
[rows 48 to 71 of 92, columns 54 to 107 of 118]
0.0071056935 0.013894569 0.020683444 0.027472319 0.034261195 0.04065318 0.038484198 0.043475119 0.048466041 0.053456962 0.058447883 0.063438804 0.050427234 0.036797076 0.023166918 0.0095367599 -0.0040933982 -0.0085713649 -0.012748535 -0.016925705 -0.021102875 -0.025280045 -0.03126088 -0.035675278 -0.038688558 -0.041701837 -0.044715116 -0.047728395 -0.055053145 -0.064369869 -0.073686594 -0.083003318 -0.092320042 -0.097578541 -0.097443248 -0.097909356 -0.098375465 -0.098841573 -0.0999966 -0.12357102 -0.14714544 -0.17071986 -0.19429428 -0.21012782 -0.19721823 -0.1828419 -0.16846556 -0.15408923 -0.1413341 -0.13022179 -0.11437279 -0.098523792 -0.082674792 -0.067940175
0.018008565 0.024797441 0.031586316 0.038375191 0.043488721 0.045008809 0.041455012 0.034453296 0.037919055 0.042909976 0.047900897 0.052891818 0.039880248 0.02625009 0.012619932 0.00037543095 -0.0026355444 -0.0061580958 -0.010335266 -0.014512436 -0.018689606 -0.02545419 -0.033460441 -0.039635486 -0.044606597 -0.047619876 -0.050633156 -0.053646435 -0.060971184 -0.070287909 -0.079604633 -0.088921357 -0.10107675 -0.10687838 -0.10116475 -0.09994135 -0.10040746 -0.10087357 -0.10202859 -0.12560301 -0.14917743 -0.17275185 -0.18559428 -0.18645654 -0.17354695 -0.15917062 -0.14479429 -0.13407043 -0.13289395 -0.12178164 -0.10593264 -0.090083643 -0.07687203 -0.07493095
0.028911437 0.035700313 0.042489188 0.046324262 0.04784435 0.049364439 0.045810642 0.038808926 0.03180721 0.03236299 0.037353911 0.042344832 0.029333262 0.015703104 0.0057996754 0.0027887 -0.00022227531 -0.0037448267 -0.0079219969 -0.012099167 -0.019626996 -0.027653751 -0.035660002 -0.041835047 -0.048010091 -0.053537916 -0.056551195 -0.059564474 -0.066889224 -0.076205948 -0.085992156 -0.098184373 -0.11037659 -0.11617822 -0.11046459 -0.10475096 -0.10243945 -0.10290556 -0.10406059 -0.12763501 -0.15120943 -0.16106075 -0.16192301 -0.16278527 -0.14987568 -0.13549935 -0.12680677 -0.12563028 -0.1244538 -0.11334149 -0.097492493 -0.085803885 -0.083862805 -0.081921726
0.039814309 0.046603185 0.049159803 0.050679891 0.05219998 0.053720068 0.050166271 0.043164555 0.036162839 0.029161123 0.026806925 0.031797847 0.018786276 0.01122392 0.0082129445 0.0052019691 0.0021909938 -0.0013315577 -0.0057730464 -0.013799802 -0.021826557 -0.029853312 -0.037859563 -0.044034607 -0.050209652 -0.056384697 -0.062469235 -0.065482514 -0.072807264 -0.083099779 -0.095291996 -0.10748421 -0.11967643 -0.12547806 -0.11976443 -0.1140508 -0.10833717 -0.10493756 -0.10609258 -0.129667 -0.13652721 -0.13738947 -0.13825173 -0.13911399 -0.1262044 -0.11954311 -0.11836662 -0.11719013 -0.11601365 -0.10490134 -0.09473574 -0.09279466 -0.090853581 -0.088912501
0.050475256 0.051995344 0.053515433 0.055035521 0.056555609 0.058075698 0.054521901 0.047520185 0.040518469 0.033516752 0.026515036 0.021250861 0.016648164 0.013637189 0.010626214 0.0076152382 0.0046042628 5.4147945e-05 -0.0079726072 -0.015999362 -0.024026118 -0.032052873 -0.040059123 -0.046234168 -0.052409213 -0.058584258 -0.064759303 -0.070934347 -0.080207401 -0.092399618 -0.10459184 -0.11678405 -0.12897627 -0.1347779 -0.12906427 -0.12335064 -0.11763701 -0.11192338 -0.10812458 -0.11199368 -0.11285594 -0.1137182 -0.11458046 -0.11544272 -0.11227945 -0.11110296 -0.10992647 -0.10874998 -0.1075735 -0.10366759 -0.10172652 -0.099785436 -0.097844356 -0.095903276
0.049797738 0.051317826 0.052837915 0.054358003 0.055878091 0.047152101 0.048869147 0.05069217 0.043690454 0.036688738 0.029687022 0.022685306 0.019541759 0.016530783 0.013519808 0.010508833 0.0092200935 0.0061037289 -0.0019230263 -0.0099497815 -0.017976537 -0.025924424 -0.029010726 -0.05137342 -0.057548465 -0.06372351 -0.069898555 -0.0760736 -0.086364308 -0.098556525 -0.11074874 -0.12294096 -0.13176123 -0.1334474 -0.13163699 -0.12592336 -0.12020973 -0.1144961 -0.10897852 -0.10984078 -0.11070304 -0.1115653 -0.11242756 -0.1190629 -0.11873472 -0.11755823 -0.11638174 -0.11520525 -0.1060626 -0.10037619 -0.098435112 -0.096494032 -0.094552952 -0.099069378
0.048278148 0.049798236 0.051318325 0.052838413 0.040642907 0.026073084 0.02779013 0.040574791 0.04666441 0.039662693 0.032660977 0.025659261 0.022515714 0.019504739 0.016493764 0.015928757 0.016649799 0.013533434 0.0055066793 -0.0025200759 -0.009579143 -0.012444867 -0.01553117 -0.038316794 -0.061102418 -0.069354588 -0.075529633 -0.081704678 -0.091995386 -0.1041876 -0.11637982 -0.12371835 -0.12606579 -0.12775197 -0.12824661 -0.1273706 -0.12165697 -0.11594334 -0.11042576 -0.11128802 -0.11215028 -0.11301254 -0.1203734 -0.12801025 -0.12768207 -0.12650558 -0.12532909 -0.11459365 -0.10105094 -0.095364526 -0.093423446 -0.091482366 -0.096947099 -0.10611206
0.046758558 0.048278647 0.048703536 0.034133713 0.01956389 0.0049940665 0.0067111125 0.019495774 0.032280435 0.042636649 0.035634933 0.028633217 0.02548967 0.022478695 0.02263742 0.023358462 0.024079505 0.02096314 0.012936385 0.0067661377 0.0039004133 0.0010346888 -0.0020516137 -0.024837238 -0.047622862 -0.070408486 -0.081160711 -0.087335756 -0.097626464 -0.10981868 -0.11567548 -0.11802292 -0.12037035 -0.12205653 -0.12255117 -0.12304581 -0.12310421 -0.11739058 -0.111873 -0.11273526 -0.11404705 -0.1216839 -0.12932075 -0.1369576 -0.13662942 -0.13545293 -0.12312469 -0.10958198 -0.09603927 -0.09035286 -0.08841178 -0.094824819 -0.10398978 -0.11315474
0.045238968 0.042194342 0.027624519 0.013054696 -0.0015151273 -0.016084951 -0.014367905 -0.0015832435 0.011201418 0.023986079 0.03677074 0.031607172 0.028625041 0.029346084 0.030067126 0.030788168 0.03150921 0.028392846 0.023111418 0.020245694 0.017379969 0.014514245 0.011427943 -0.011357682 -0.034143306 -0.05692893 -0.079714554 -0.092966834 -0.10325754 -0.1076326 -0.10998004 -0.11232748 -0.11467491 -0.11636109 -0.11685573 -0.11735037 -0.11784502 -0.11833966 -0.11332023 -0.11535754 -0.1229944 -0.13063125 -0.1382681 -0.14590495 -0.14519844 -0.13165573 -0.11811302 -0.10457031 -0.091027604 -0.085341194 -0.09270254 -0.1018675 -0.11103246 -0.12019742
0.039368827 0.025352738 0.010782915 -0.003786908 -0.018356731 -0.032926554 -0.032358408 -0.019573747 -0.0067890864 0.0059955746 0.018780236 0.031564897 0.034121539 0.034842582 0.035563624 0.036284666 0.037005708 0.036153339 0.033287615 0.03042189 0.027556166 0.024690442 0.018614483 0.00079336476 -0.021992259 -0.044777884 -0.067563508 -0.090349132 -0.099155315 -0.10150275 -0.10385019 -0.10619763 -0.10854506 -0.11211599 -0.11261063 -0.11310527 -0.11359991 -0.11409455 -0.11480212 -0.12243898 -0.13007583 -0.13771268 -0.14534953 -0.15160571 -0.1416244 -0.12808169 -0.11453898 -0.10099628 -0.087453565 -0.089003955 -0.098168915 -0.10733388 -0.11649884 -0.1256638
0.025014391 0.020089738 0.0084140215 -0.0061558017 -0.020725625 -0.035295448 -0.036009035 -0.027015562 -0.014230901 -0.0014462399 0.011338421 0.024123082 0.030263534 0.033736288 0.034457331 0.035178373 0.035899415 0.035047046 0.032181322 0.029315597 0.026449873 0.01790684 0.0033566438 1.8233831e-05 -0.014378684 -0.037164308 -0.059949932 -0.082735556 -0.091541739 -0.093889176 -0.096236613 -0.098584049 -0.10793523 -0.11465456 -0.11346329 -0.11381373 -0.11430837 -0.11480302 -0.11551058 -0.12314744 -0.13078429 -0.13842114 -0.14354123 -0.14255159 -0.13835498 -0.12941781 -0.1158751 -0.10233239 -0.088789683 -0.089858887 -0.098251485 -0.10741644 -0.11658141 -0.12574637
0.010659955 0.0057353018 0.00081064893 -0.0085246954 -0.023094519 -0.037664342 -0.038377929 -0.029675618 -0.020973308 -0.0088880544 0.0038966066 0.016681268 0.022821719 0.028733867 0.033351037 0.03407208 0.034793122 0.033940753 0.031075028 0.028209304 0.017324738 0.0026490006 -0.011901195 -0.015239605 -0.018578015 -0.029550732 -0.052336356 -0.075121981 -0.083928163 -0.0862756 -0.088623037 -0.099517003 -0.11062645 -0.11734578 -0.11615451 -0.11496324 -0.11501683 -0.11551148 -0.11621905 -0.1238559 -0.13149275 -0.13547676 -0.13448712 -0.13349747 -0.12930087 -0.12476271 -0.11721122 -0.10366851 -0.090125801 -0.091195004 -0.099230139 -0.10749901 -0.11666397 -0.12582893
-0.0036944816 -0.0086191345 -0.013543787 -0.01846844 -0.025463412 -0.040033236 -0.040746823 -0.032044512 -0.023342201 -0.014639891 -0.0035452079 0.0092394531 0.015379905 0.021292053 0.027204201 0.032965786 0.033686829 0.032834459 0.029968735 0.016742635 0.0020668984 -0.012608839 -0.027159034 -0.030497444 -0.033835854 -0.037174264 -0.04472278 -0.067508405 -0.076314587 -0.079989327 -0.091098776 -0.10220823 -0.11331767 -0.120037 -0.11884573 -0.11765446 -0.11646319 -0.11621994 -0.11692751 -0.12456436 -0.12741229 -0.12642264 -0.125433 -0.12444335 -0.12024675 -0.11570859 -0.11117044 -0.10500463 -0.091461919 -0.092531122 -0.10056626 -0.10860139 -0.11674654 -0.1259115
-0.018048918 -0.022973571 -0.027898224 -0.032822876 -0.037747529 -0.042672182 -0.043115716 -0.034413406 -0.025711095 -0.017008785 -0.0083064741 0.0017976386 0.0079380901 0.013850238 0.019762387 0.025674535 0.031586683 0.03083627 0.016160533 0.0014847962 -0.013190941 -0.027866678 -0.042416874 -0.045755284 -0.049093694 -0.052432104 -0.055770513 -0.059894829 -0.071571101 -0.08268055 -0.093789999 -0.10489945 -0.1160089 -0.12272823 -0.12153695 -0.12034568 -0.11915441 -0.11796314 -0.11763597 -0.11934782 -0.11835817 -0.11736852 -0.11637888 -0.11538923 -0.11119263 -0.10665447 -0.10211632 -0.097578168 -0.092798037 -0.09386724 -0.10190237 -0.10993751 -0.11797264 -0.12600778
-0.016746838 -0.026518548 -0.031443201 -0.036367853 -0.041292506 -0.046217159 -0.039975477 -0.029885467 -0.021183156 -0.012480845 -0.003778535 0.0049237756 -0.0080812217 -0.0021690735 0.0037430747 0.009655223 0.015567371 0.012448207 -0.0022275301 -0.016903267 -0.031579004 -0.046254741 -0.052237908 -0.057419304 -0.060757714 -0.064096124 -0.067434534 -0.070772944 -0.079426639 -0.090536088 -0.10164554 -0.11275499 -0.1237896 -0.12744323 -0.12263045 -0.12143918 -0.12024791 -0.11905664 -0.11787138 -0.11688173 -0.11589208 -0.11490243 -0.11391278 -0.094993616 -0.10888332 -0.10434517 -0.099807016 -0.095268863 -0.09073071 -0.088406125 -0.095547256 -0.10358239 -0.11161753 -0.11965266
-0.0062097872 -0.01868407 -0.030287675 -0.035212328 -0.040136981 -0.045061634 -0.038819952 -0.024990274 -0.013656123 -0.0049538126 0.0037484979 0.012450808 -0.0031511522 -0.019588238 -0.016006169 -0.010094021 -0.0041818728 -0.0073010371 -0.021976774 -0.036652511 -0.050870853 -0.055257877 -0.059658528 -0.065276233 -0.070858959 -0.074197369 -0.077535779 -0.080874189 -0.089527884 -0.10063733 -0.11174678 -0.12270676 -0.13339234 -0.13704597 -0.12802866 -0.12183789 -0.12064662 -0.11945535 -0.11827009 -0.11728044 -0.1162908 -0.11530115 -0.092972073 -0.066090243 -0.082527667 -0.10357873 -0.1004307 -0.095892547 -0.091354394 -0.089029808 -0.087760495 -0.093882731 -0.10191787 -0.109953
0.0043272641 -0.0081470189 -0.020621302 -0.033095585 -0.038981455 -0.043906108 -0.037664426 -0.023834749 -0.010005071 0.0025732202 0.011275531 0.019977841 0.0043758806 -0.012061205 -0.02849829 -0.029843265 -0.023931117 -0.027050281 -0.041726018 -0.05390445 -0.058291474 -0.062678497 -0.067079148 -0.072696853 -0.078314557 -0.083932262 -0.087637025 -0.090975435 -0.09962913 -0.11073858 -0.12162393 -0.1323095 -0.14299508 -0.14664871 -0.1376314 -0.12861408 -0.12104534 -0.11985407 -0.11866881 -0.11767916 -0.11668951 -0.090950529 -0.064068699 -0.037186869 -0.053624293 -0.074675361 -0.095726428 -0.09651623 -0.091978078 -0.089653492 -0.088384179 -0.087114866 -0.092218206 -0.10025334
0.014864315 0.0023900323 -0.010084251 -0.022558534 -0.035032817 -0.042750582 -0.036508901 -0.022679223 -0.0088495458 0.0049801315 0.018802564 0.027504874 0.011902913 -0.0045341719 -0.020971257 -0.037408343 -0.043680361 -0.046799525 -0.056938047 -0.06132507 -0.065712094 -0.070099117 -0.074499769 -0.080117473 -0.085735178 -0.091352882 -0.096970587 -0.10107668 -0.10973037 -0.12054109 -0.13122667 -0.14191224 -0.15259782 -0.15625145 -0.14723414 -0.13821682 -0.12919951 -0.12025278 -0.11906752 -0.11581082 -0.088928985 -0.062047156 -0.035165326 -0.0082834959 -0.02472092 -0.045771987 -0.066823055 -0.087874122 -0.092601761 -0.090277175 -0.089007862 -0.08773855 -0.086469237 -0.090553682
0.019041223 0.00656694 -0.005907343 -0.018381626 -0.030855909 -0.043330192 -0.039373136 -0.025543458 -0.011713781 0.0021158963 0.015945574 0.029775251 0.01434362 -0.0020934651 -0.01853055 -0.034967636 -0.051404721 -0.060547685 -0.064934708 -0.069321732 -0.073708755 -0.078095779 -0.081536636 -0.085973133 -0.091590837 -0.097208542 -0.10282625 -0.10844395 -0.11752801 -0.12821359 -0.13889917 -0.14958474 -0.16027032 -0.1630571 -0.15403978 -0.14502247 -0.13600516 -0.12698785 -0.11743795 -0.090556122 -0.063674292 -0.036792463 -0.0099106328 0.014342839 -0.004809327 -0.025860394 -0.046911462 -0.067962529 -0.089013597 -0.092324942 -0.091055629 -0.089786316 -0.088517003 -0.08724769
-0.0084163084 -0.020890591 -0.033364874 -0.045839157 -0.057557272 -0.053615098 -0.051356426 -0.048401406 -0.034571729 -0.020742052 -0.0069123742 0.0069173032 -0.0085143276 -0.024951413 -0.041388498 -0.057825584 -0.065775847 -0.071409493 -0.075796517 -0.08018354 -0.084570564 -0.087139977 -0.087085323 -0.086345519 -0.089662606 -0.095280311 -0.10089802 -0.10651572 -0.11559978 -0.12628536 -0.13697094 -0.14765651 -0.14761063 -0.14548455 -0.1467678 -0.13791579 -0.12889848 -0.11988117 -0.11033127 -0.083449441 -0.056567611 -0.029685781 -0.0091467394 -0.010469391 -0.029621557 -0.050672624 -0.071723692 -0.092445683 -0.099906782 -0.10145589 -0.10018658 -0.098917264 -0.097647951 -0.094353258
-0.03587384 -0.048348123 -0.060822406 -0.068557116 -0.064614942 -0.060672767 -0.058414096 -0.057299436 -0.056184775 -0.043599999 -0.029770322 -0.015940645 -0.031372275 -0.047809361 -0.063421925 -0.07002979 -0.076637655 -0.082271301 -0.086658325 -0.091045348 -0.092735645 -0.092688663 -0.092634009 -0.091894205 -0.091154401 -0.09335208 -0.098969784 -0.10458749 -0.11367155 -0.12435713 -0.1350427 -0.13240784 -0.12838969 -0.12626362 -0.12754687 -0.12883012 -0.1217918 -0.11277449 -0.10322459 -0.07634276 -0.04946093 -0.032636317 -0.033958969 -0.035281621 -0.054433787 -0.075484854 -0.094115532 -0.10157663 -0.10903773 -0.11058684 -0.10931753 -0.10792766 -0.10451928 -0.1011109
-0.063331371 -0.075805654 -0.079556959 -0.075614785 -0.071672611 -0.067730437 -0.065471766 -0.064357105 -0.063242445 -0.062127784 -0.05262827 -0.038798592 -0.054230223 -0.067675868 -0.074283733 -0.080891598 -0.087499463 -0.093133109 -0.097520133 -0.098331314 -0.098284332 -0.09823735 -0.098182696 -0.097442892 -0.096703088 -0.095963284 -0.097041553 -0.10265926 -0.11174332 -0.12122319 -0.11720505 -0.1131869 -0.10916876 -0.10704268 -0.10832593 -0.10960919 -0.11089244 -0.10566781 -0.096117909 -0.069236079 -0.056125895 -0.057448547 -0.058771199 -0.060093851 -0.079246017 -0.095785381 -0.10324648 -0.11070758 -0.11816868 -0.11971779 -0.11809368 -0.1146853 -0.11127692 -0.10786854
-0.090788903 -0.090556803 -0.086614629 -0.082672455 -0.078730281 -0.074788107 -0.072529435 -0.071414775 -0.070300114 -0.069185454 -0.068070794 -0.06165654 -0.07192981 -0.078537676 -0.085145541 -0.091753406 -0.098361272 -0.10397396 -0.10392698 -0.10388 -0.10383302 -0.10378604 -0.10373138 -0.10299158 -0.10225177 -0.10151197 -0.10077217 -0.10073103 -0.1060204 -0.10200226 -0.097984111 -0.093965968 -0.089947824 -0.087821746 -0.089104999 -0.090388252 -0.091671505 -0.092954758 -0.089011228 -0.079615473 -0.080938125 -0.082260777 -0.083583429 -0.084906081 -0.09745523 -0.10491633 -0.11237743 -0.11983853 -0.12729963 -0.1282597 -0.12485132 -0.12144294 -0.11803456 -0.11462618
-0.097987291 -0.093523592 -0.089581418 -0.085639244 -0.08169707 -0.077754896 -0.078260385 -0.078144996 -0.077030336 -0.075915676 -0.074801015 -0.073686355 -0.077268286 -0.083876151 -0.090484016 -0.097091882 -0.10369975 -0.10738832 -0.10734134 -0.10729436 -0.10724738 -0.10720039 -0.10435502 -0.10603407 -0.10529427 -0.10455446 -0.10381466 -0.10307486 -0.10009271 -0.096074569 -0.092056425 -0.088038282 -0.084260374 -0.084310462 -0.086664512 -0.087947765 -0.089231018 -0.09051427 -0.091798698 -0.09312135 -0.094444002 -0.095766654 -0.097089306 -0.10031305 -0.096403711 -0.10386481 -0.11132591 -0.11878701 -0.12624811 -0.12997376 -0.12681493 -0.12340655 -0.11999817 -0.11658979
