P1_models/J1_p1_vp_slide_diff2_300.dat.tif
NCOLS 118
NROWS 92
XLLCORNER 139.62
YLLCORNER -39.07
DX 0.099491525
DY 0.099347826
NODATA_VALUE -9999
[rows 0 to 23 of 92, columns 54 to 107 of 118]
-9999 -9999 -9999 -9999 -9999 -9999 -9999 -9999 -9999 -9999 -9999 -9999 -9999 -9999 -9999 -9999 -9999 -9999 -9999 -9999 -9999 -9999 -9999 -9999 -9999 -9999 -9999 -9999 -9999 -9999 -9999 -9999 -9999 -9999 -9999 -9999 -9999 -9999 -9999 -9999 -9999 -9999 -9999 -9999 -9999 -9999 -9999 -9999 -9999 -9999 -9999 -9999 -9999 -9999
-0.020583674 -0.013489634 -0.017025137 -0.020560639 -0.024096141 -0.027631644 -0.029874081 -0.029341112 -0.028291832 -0.027242552 -0.026193272 -0.025143991 -0.016466813 -0.016366779 -0.016266745 -0.016166711 -0.016066676 -0.014439742 -0.010858968 -0.0072781945 -0.0036974208 -0.00011664711 -0.001571783 -0.011415619 -0.0085145967 -0.005613574 -0.0027125513 0.00018847144 -0.014868354 -0.038222019 -0.061575683 -0.084929348 -0.10492335 -0.10106818 -0.091322703 -0.077342266 -0.06336183 -0.049381393 -0.035828812 -0.036199856 -0.036570901 -0.036941946 -0.037312991 -0.037018314 -0.057424015 -0.08690852 -0.11639303 -0.14587753 -0.17536204 -0.18401431 -0.15680476 -0.12835974 -0.099914714 -0.071469689
-0.041541925 -0.026918092 -0.016828097 -0.020363599 -0.023899102 -0.027434604 -0.029677041 -0.031040786 -0.030905922 -0.029856642 -0.028807361 -0.027758081 -0.017233306 -0.0066805729 -0.0065805387 -0.0064805044 -0.0063804702 -0.0047535358 -0.0011727621 0.0024080116 0.0059887853 0.0038940922 0.001145794 -0.012835206 -0.024410663 -0.02150964 -0.018608617 -0.015707595 -0.03076442 -0.054118085 -0.077471749 -0.094662004 -0.090681217 -0.086826049 -0.083197237 -0.074513544 -0.060533107 -0.046552671 -0.033000089 -0.033371134 -0.033742179 -0.034113224 -0.033755215 -0.033087451 -0.05224239 -0.074087269 -0.10357177 -0.13305628 -0.16254078 -0.17119306 -0.169914 -0.14379549 -0.11535047 -0.086905443
-0.062500177 -0.047876344 -0.033252511 -0.020166559 -0.023702062 -0.027237564 -0.029480001 -0.030843746 -0.03220749 -0.032470731 -0.031421451 -0.030372171 -0.019847396 -0.0089970307 0.0018533342 0.0032057016 0.0033057358 0.0049326702 0.0085134439 0.011856715 0.0092341921 0.0066116692 0.003863371 -0.010117629 -0.024098628 -0.037405706 -0.034504684 -0.031603661 -0.046660486 -0.070014151 -0.08440066 -0.080419872 -0.076439085 -0.072583917 -0.068955105 -0.065326292 -0.057704385 -0.043723948 -0.030171367 -0.030542412 -0.030913457 -0.030492116 -0.029824353 -0.029156589 -0.048311528 -0.06957765 -0.090843772 -0.12023503 -0.14971953 -0.15837181 -0.15709275 -0.15581368 -0.13078622 -0.1023412
-0.083458429 -0.068834596 -0.054210763 -0.03958693 -0.024963097 -0.027040524 -0.029282961 -0.030646706 -0.03201045 -0.033374195 -0.034035541 -0.03298626 -0.022461485 -0.01161112 -0.00076075546 0.010089609 0.012991942 0.014618876 0.017196815 0.014574292 0.011951769 0.0093292462 0.006580948 -0.0074000517 -0.021381051 -0.035362051 -0.049343051 -0.047499727 -0.062556552 -0.074139315 -0.070158528 -0.066177741 -0.062196953 -0.058341786 -0.054712973 -0.05108416 -0.047455348 -0.040895226 -0.027342644 -0.027713689 -0.027229018 -0.026561254 -0.02589349 -0.025225727 -0.044380666 -0.065646788 -0.08691291 -0.10817903 -0.13689828 -0.14555056 -0.1442715 -0.14299243 -0.14171337 -0.11777695
-0.10441668 -0.089792848 -0.075169015 -0.060545182 -0.045921349 -0.031297516 -0.029085921 -0.030449666 -0.031813411 -0.033177155 -0.0345409 -0.03560035 -0.025075575 -0.01422521 -0.0033748451 0.0074755197 0.018325885 0.022536915 0.019914392 0.017291869 0.014669346 0.012046823 0.009298525 -0.0046824747 -0.018663474 -0.032644474 -0.046625474 -0.060606473 -0.063877971 -0.059897184 -0.055916396 -0.051935609 -0.047954822 -0.044099654 -0.040470841 -0.036842029 -0.033213216 -0.029584403 -0.024513922 -0.023965919 -0.023298155 -0.022630392 -0.021962628 -0.021294864 -0.040449803 -0.061715925 -0.082982048 -0.10424817 -0.12551429 -0.13272931 -0.13145024 -0.13017118 -0.12889212 -0.12761306
-0.086995225 -0.072371392 -0.057747559 -0.043123726 -0.028499893 -0.023549248 -0.035696252 -0.045008818 -0.046372562 -0.047736307 -0.049100051 -0.050463796 -0.040019181 -0.029168816 -0.018318451 -0.0074680863 -0.0015136894 -0.0027164082 -0.0053389311 -0.007961454 -0.010583977 -0.013176972 0.0044009737 0.0027057016 -0.011275298 -0.025256298 -0.039237297 -0.053218297 -0.054913679 -0.050932892 -0.046952105 -0.042971317 -0.039499759 -0.045000294 -0.055780525 -0.052151713 -0.0485229 -0.044894087 -0.041353551 -0.040685788 -0.040018024 -0.03935026 -0.038682496 -0.022395153 -0.039758391 -0.061024513 -0.082290635 -0.10355676 -0.11777972 -0.12017473 -0.11889567 -0.1176166 -0.11633754 -0.12293504
-0.063493334 -0.048869501 -0.034245668 -0.019621836 -0.017620268 -0.018536833 -0.030683837 -0.050462397 -0.063269514 -0.064633258 -0.065997003 -0.067360747 -0.056916132 -0.046065767 -0.035215403 -0.031105237 -0.031198397 -0.032401116 -0.035023639 -0.037646162 -0.037233138 -0.019444974 -0.0018670286 -0.0030631795 -0.0042593305 -0.017128166 -0.031109166 -0.045090165 -0.046785547 -0.04280476 -0.038823973 -0.035547526 -0.033114865 -0.038615399 -0.058410834 -0.072143243 -0.06851443 -0.064885618 -0.061345082 -0.060677318 -0.060009554 -0.059341791 -0.041499394 -0.022216961 -0.039580199 -0.060846321 -0.082112443 -0.095165556 -0.10526739 -0.1076624 -0.10638334 -0.10510427 -0.11256465 -0.12513739
-0.039991444 -0.025367611 -0.010774721 -0.011691287 -0.012607853 -0.013524418 -0.025671422 -0.045449982 -0.065228542 -0.08153021 -0.082893954 -0.084257699 -0.073813084 -0.062962719 -0.060696784 -0.060789944 -0.060883105 -0.062085824 -0.064708346 -0.061289303 -0.04350114 -0.025712976 -0.0081350309 -0.0093311818 -0.010527333 -0.011723484 -0.022981034 -0.036962033 -0.038657416 -0.034676628 -0.031595293 -0.029162632 -0.02672997 -0.032230505 -0.052025939 -0.071821374 -0.088505961 -0.084877148 -0.081336612 -0.080668849 -0.079886068 -0.060603635 -0.041321202 -0.022038769 -0.039402007 -0.060668129 -0.072551392 -0.082653226 -0.09275506 -0.095150068 -0.093871005 -0.10219426 -0.114767 -0.12733974
-0.016489553 -0.0048457409 -0.0057623065 -0.0066788722 -0.0075954379 -0.0085120036 -0.020659007 -0.040437567 -0.060216127 -0.079994687 -0.099773247 -0.10115465 -0.090710035 -0.090288332 -0.090381492 -0.090474652 -0.090567812 -0.091770531 -0.085345469 -0.067557306 -0.049769142 -0.031980979 -0.014403033 -0.015599184 -0.016795335 -0.017991486 -0.019187637 -0.028833902 -0.030529284 -0.02764306 -0.025210399 -0.022777737 -0.020345075 -0.02584561 -0.045641045 -0.065436479 -0.085231914 -0.10486868 -0.10132814 -0.098990309 -0.079707876 -0.060425443 -0.04114301 -0.021860577 -0.039223815 -0.049937228 -0.060039062 -0.070140896 -0.08024273 -0.082637738 -0.091823863 -0.10439661 -0.11696935 -0.12954209
-0.00045196237 -0.0013685281 -0.0022850937 -0.0032016594 -0.0041182251 -0.0050347908 -0.016468316 -0.036246876 -0.056025436 -0.075803996 -0.095582556 -0.11536112 -0.11610822 -0.11620138 -0.11629454 -0.1163877 -0.11648086 -0.10546692 -0.087678754 -0.069890591 -0.052102427 -0.034314264 -0.020185194 -0.020756406 -0.021952556 -0.023148707 -0.024344858 -0.025541009 -0.024255102 -0.02182244 -0.019389779 -0.016957117 -0.014524455 -0.018308713 -0.038104148 -0.057899582 -0.077695017 -0.097490452 -0.11612087 -0.09683844 -0.077556007 -0.058273574 -0.038991141 -0.020525082 -0.029576236 -0.03967807 -0.049779903 -0.059881737 -0.069983571 -0.082819934 -0.095392678 -0.10796542 -0.12053817 -0.13311091
-0.0070360326 -0.0079525983 -0.0088691639 -0.0097857296 -0.010702295 -0.0025615327 -0.0138436 -0.037441534 -0.057220094 -0.076998654 -0.096777214 -0.11655577 -0.11730288 -0.11739604 -0.1174892 -0.11758236 -0.10185643 -0.082013173 -0.064225009 -0.046436846 -0.028648682 -0.017525025 -0.023170803 -0.019734028 -0.019830032 -0.021026182 -0.022222333 -0.023418484 -0.022132577 -0.019699915 -0.017267254 -0.014834592 -0.014011019 -0.016075702 -0.023017353 -0.042812787 -0.062608222 -0.082403656 -0.10103408 -0.081751645 -0.062469212 -0.043186779 -0.02584665 -0.025032575 -0.03408373 -0.044185563 -0.054287397 -0.064389231 -0.081176705 -0.095344177 -0.10791692 -0.12048966 -0.13306241 -0.11576799
-0.013620103 -0.014536668 -0.015453234 -0.015581625 -0.006595231 0.0023911634 -0.0088909035 -0.033946245 -0.058414751 -0.078193311 -0.097971871 -0.11775043 -0.11849754 -0.1185907 -0.11868386 -0.099851973 -0.078402686 -0.058559428 -0.040771264 -0.022983101 -0.014763156 -0.020510634 -0.026156412 -0.022719637 -0.019282862 -0.018903658 -0.020099809 -0.021295959 -0.020010052 -0.01757739 -0.015144729 -0.014593765 -0.014818841 -0.016883524 -0.022263012 -0.027725992 -0.047521427 -0.067316861 -0.085947283 -0.06666485 -0.047382417 -0.031168218 -0.030354144 -0.029540069 -0.038591223 -0.048693057 -0.058794891 -0.076188334 -0.093700947 -0.10786842 -0.12044116 -0.13301391 -0.11427337 -0.09083914
-0.020204173 -0.021120739 -0.019615324 -0.010628929 -0.0016425349 0.0073438595 -0.0039382074 -0.028993549 -0.054048891 -0.079104233 -0.099166529 -0.11894509 -0.11969219 -0.1192968 -0.097847516 -0.076398228 -0.054948941 -0.035105683 -0.017317519 -0.012001287 -0.017748765 -0.023496243 -0.029142021 -0.025705246 -0.022268471 -0.018831696 -0.017977284 -0.019173435 -0.017887527 -0.015454865 -0.015176511 -0.015401587 -0.015626663 -0.017691346 -0.023070834 -0.028450322 -0.03382981 -0.052230066 -0.070860487 -0.051578054 -0.036489787 -0.035675712 -0.034861637 -0.034047562 -0.043098717 -0.05368735 -0.071199963 -0.088712576 -0.10622519 -0.12039266 -0.13296541 -0.11277875 -0.089344521 -0.065910287
-0.026788243 -0.023649022 -0.014662628 -0.0056762332 0.0033101612 0.012296556 0.0010144887 -0.024040853 -0.049096195 -0.074151536 -0.099206878 -0.12013975 -0.11729235 -0.095843058 -0.074393771 -0.052944483 -0.031495196 -0.011651938 -0.009239418 -0.014986896 -0.020734374 -0.026481852 -0.032127631 -0.028690855 -0.02525408 -0.021817305 -0.01838053 -0.01705091 -0.015765002 -0.015759257 -0.015984333 -0.016209409 -0.016434485 -0.018499168 -0.023878656 -0.029258144 -0.034637632 -0.04001712 -0.055773692 -0.041811355 -0.04099728 -0.040183206 -0.039369131 -0.038555056 -0.048698979 -0.066211592 -0.083724206 -0.10123682 -0.11874943 -0.1329169 -0.11128414 -0.087849901 -0.064415668 -0.040981434
-0.031161248 -0.022851438 -0.013865044 -0.0048786496 0.0041077448 0.013094139 0.012009968 -0.013045374 -0.038100716 -0.063156057 -0.088211399 -0.11326674 -0.10173736 -0.080288073 -0.058838786 -0.037389498 -0.015940211 -0.0064213611 -0.012168839 -0.017916317 -0.023663795 -0.029411273 -0.035416222 -0.03240381 -0.028967035 -0.02553026 -0.022093485 -0.01865671 -0.017724591 -0.017949667 -0.018174743 -0.018399819 -0.018624895 -0.028233253 -0.033612741 -0.038992229 -0.044371717 -0.049751205 -0.054946047 -0.054131972 -0.053317897 -0.052503823 -0.051689748 -0.047910999 -0.057621551 -0.075134164 -0.092646778 -0.11015939 -0.127672 -0.11915254 -0.095718304 -0.07228407 -0.048849836 -0.025415602
-0.034009148 -0.030073725 -0.022722431 -0.013736037 -0.0047496424 0.004236752 0.0099164363 0.011991335 -0.013064007 -0.038119348 -0.06317469 -0.088230032 -0.091355449 -0.083086934 -0.061637646 -0.040188359 -0.018739071 -0.0092202219 -0.0149677 -0.020715178 -0.026462656 -0.032713152 -0.039361176 -0.037219292 -0.034370077 -0.030933302 -0.027496527 -0.024059752 -0.023127633 -0.023352709 -0.023577785 -0.023802861 -0.021975432 -0.031272038 -0.06141553 -0.069467703 -0.074847191 -0.080226679 -0.085421521 -0.084607446 -0.083793371 -0.082979297 -0.078122603 -0.064405063 -0.06587192 -0.075687764 -0.093200377 -0.11071299 -0.1282256 -0.12160342 -0.10190873 -0.078474496 -0.055040263 -0.031606029
-0.036857049 -0.032921626 -0.028986203 -0.022593424 -0.01360703 -0.0046206352 0.0010590492 0.0044916845 0.0079243197 -0.013082639 -0.038137981 -0.063193323 -0.06631874 -0.068690618 -0.064436507 -0.04298722 -0.021537932 -0.012019083 -0.017766561 -0.023514039 -0.029911659 -0.036658106 -0.04330613 -0.041164246 -0.039022363 -0.036336344 -0.032899569 -0.029462794 -0.028530675 -0.028755751 -0.028980827 -0.026838598 -0.024565873 -0.03386248 -0.064005972 -0.094149464 -0.10532267 -0.11070215 -0.115897 -0.11508292 -0.11426885 -0.10833421 -0.094616668 -0.080899127 -0.082365985 -0.085450031 -0.093753977 -0.11126659 -0.1287792 -0.12215702 -0.10402907 -0.084664923 -0.061230689 -0.037796455
-0.039704949 -0.035769527 -0.031834104 -0.027898681 -0.022464417 -0.013478022 -0.007798338 -0.0043657027 -0.0009330674 0.0024995679 -0.013101272 -0.038156614 -0.041282031 -0.043653909 -0.046025787 -0.04578608 -0.024336793 -0.014817943 -0.020565422 -0.027110167 -0.033856614 -0.04060306 -0.047251084 -0.045109201 -0.042967317 -0.040825433 -0.038302611 -0.034865836 -0.033933717 -0.033974488 -0.031701764 -0.02942904 -0.027156315 -0.036452922 -0.066596414 -0.096739906 -0.1268834 -0.14117763 -0.14637247 -0.14555839 -0.13854581 -0.12482827 -0.11111073 -0.097393191 -0.098860049 -0.10194409 -0.10502814 -0.11182019 -0.1293328 -0.12271062 -0.10458267 -0.086454715 -0.067421115 -0.043986882
-0.04255285 -0.038617427 -0.034682004 -0.030746581 -0.026811159 -0.022335409 -0.016655725 -0.01322309 -0.0097904545 -0.0063578193 -0.002925184 -0.013119905 -0.016245322 -0.0186172 -0.020989078 -0.023360956 -0.025732834 -0.017616804 -0.024308675 -0.031055121 -0.037801568 -0.044548014 -0.051196038 -0.049054155 -0.046912271 -0.044770388 -0.042628504 -0.040268878 -0.038837654 -0.03656493 -0.034292206 -0.032019481 -0.029746757 -0.039043364 -0.069186855 -0.099330347 -0.12947384 -0.15961733 -0.17684794 -0.16875742 -0.15503988 -0.14132234 -0.1276048 -0.11388726 -0.11535411 -0.11843816 -0.12152221 -0.12460625 -0.1298864 -0.12326422 -0.10513627 -0.087008315 -0.068880362 -0.050177308
-0.042435725 -0.038500303 -0.03456488 -0.030629457 -0.026694034 -0.022201567 -0.023573641 -0.020951965 -0.01751933 -0.014086694 -0.010654059 -0.0072214238 -0.0094004772 -0.011772355 -0.014144233 -0.016516111 -0.01900557 -0.023926507 -0.030672953 -0.0374194 -0.044165847 -0.050912293 -0.049140495 -0.049746353 -0.04760447 -0.045462586 -0.043320702 -0.041178819 -0.038947442 -0.036674718 -0.034401993 -0.032129269 -0.029856545 -0.0351783 -0.062265673 -0.092409165 -0.12255266 -0.15269615 -0.18153203 -0.16781449 -0.15409695 -0.14037941 -0.12666187 -0.11159632 -0.11281433 -0.11589837 -0.11898242 -0.12206646 -0.12888974 -0.1215426 -0.10341465 -0.085286697 -0.067158744 -0.048677577
-0.040082028 -0.036146605 -0.032211182 -0.028275759 -0.023396919 -0.017425473 -0.018797547 -0.025159852 -0.024396947 -0.020964312 -0.017531677 -0.014099041 -0.016278095 -0.018649973 -0.021021851 -0.023700467 -0.027194791 -0.032115727 -0.038862173 -0.04560862 -0.052355067 -0.04858304 -0.042474045 -0.0446882 -0.045843054 -0.04370117 -0.041559287 -0.039417403 -0.037186026 -0.034913302 -0.032640577 -0.030339227 -0.027837109 -0.033158579 -0.052577448 -0.078313188 -0.10845668 -0.13860017 -0.16743605 -0.15371851 -0.14000097 -0.12628343 -0.1110019 -0.094698947 -0.095916953 -0.099000999 -0.10208504 -0.11018491 -0.12545188 -0.11810475 -0.099976792 -0.081848839 -0.063282107 -0.043780574
-0.03772833 -0.033792907 -0.029857484 -0.024592271 -0.018620825 -0.012649379 -0.014021453 -0.020383758 -0.026746064 -0.027841929 -0.024409294 -0.020976659 -0.023155712 -0.02552759 -0.028395364 -0.031889688 -0.035384011 -0.040304947 -0.047051394 -0.05379784 -0.04811878 -0.041916589 -0.035807594 -0.03802175 -0.040235906 -0.041939754 -0.039797871 -0.037655987 -0.03542461 -0.033151886 -0.030821624 -0.028319506 -0.025817388 -0.031138859 -0.050557728 -0.069976596 -0.094360703 -0.1245042 -0.15334008 -0.13962253 -0.12590499 -0.11040748 -0.094104527 -0.077801573 -0.079019579 -0.082103625 -0.091480076 -0.10674705 -0.12201402 -0.11466689 -0.096538935 -0.077886638 -0.058385105 -0.038883572
-0.035374632 -0.031439209 -0.025787623 -0.019816177 -0.013844731 -0.0078732852 -0.0092453591 -0.015607664 -0.02196997 -0.028332275 -0.031286912 -0.027854276 -0.03003333 -0.033090261 -0.036584584 -0.040078908 -0.043573231 -0.048494167 -0.053856712 -0.047654521 -0.04145233 -0.035250139 -0.029141144 -0.031355299 -0.033569455 -0.035783611 -0.037997767 -0.035894571 -0.033663195 -0.031304022 -0.028801904 -0.026299786 -0.023797668 -0.029119139 -0.048538008 -0.067956876 -0.087375745 -0.11040822 -0.1392441 -0.12552656 -0.10981306 -0.093510107 -0.077207153 -0.060904198 -0.062122204 -0.072775244 -0.088042218 -0.10330919 -0.11857617 -0.11122903 -0.092491168 -0.072989636 -0.053488103 -0.03398657
