P1_models/J1_p1_vp_slide_diff2_180.dat.tif
NCOLS 118
NROWS 92
XLLCORNER 139.62
YLLCORNER -39.07
DX 0.099491525
DY 0.099347826
NODATA_VALUE -9999
[rows 0 to 23 of 92, columns 55 to 109 of 118]
-9999 -9999 -9999 -9999 -9999 -9999 -9999 -9999 -9999 -9999 -9999 -9999 -9999 -9999 -9999 -9999 -9999 -9999 -9999 -9999 -9999 -9999 -9999 -9999 -9999 -9999 -9999 -9999 -9999 -9999 -9999 -9999 -9999 -9999 -9999 -9999 -9999 -9999 -9999 -9999 -9999 -9999 -9999 -9999 -9999 -9999 -9999 -9999 -9999 -9999 -9999 -9999 -9999 -9999 -9999
0.15049457 0.1511569 0.15181923 0.15248156 0.15314389 0.15231651 0.15021929 0.14805197 0.14588466 0.14371734 0.14155002 0.13386674 0.13488463 0.13590251 0.1369204 0.13793829 0.1400077 0.14342266 0.14683761 0.15025257 0.15366752 0.15419877 0.15480765 0.15306148 0.15131531 0.14956914 0.14782297 0.14178947 0.13377514 0.12576082 0.1177465 0.11131073 0.10972734 0.10129399 0.0961178 0.090941613 0.085765425 0.080639909 0.077163363 0.073686817 0.070210271 0.066733725 0.070529242 0.064889667 0.055567885 0.046246103 0.036924321 0.02760254 0.022032769 0.020411997 0.018894154 0.017376311 0.015858469 0.016934235 0.015586363
0.14339807 0.14860615 0.14926847 0.1499308 0.15059313 0.14976575 0.14792605 0.14588288 0.14371556 0.14154825 0.13938093 0.12983929 0.12034362 0.12136151 0.1223794 0.12339729 0.1254667 0.12888166 0.13229661 0.13571156 0.13577255 0.1355396 0.13691296 0.13784181 0.13609564 0.13434947 0.1326033 0.1265698 0.11855547 0.11054115 0.10542273 0.11025164 0.10866825 0.095530488 0.086280503 0.081104315 0.075928128 0.070802611 0.067326065 0.063849519 0.060372973 0.064860295 0.072731246 0.067502214 0.060688024 0.051366242 0.04204446 0.032722678 0.027152907 0.023371832 0.021660163 0.02014232 0.018624478 0.019700244 0.02216266
0.13378948 0.14051013 0.14671772 0.14738005 0.14804238 0.147215 0.14537529 0.14353559 0.14154647 0.13937915 0.13721183 0.12767019 0.11787516 0.10808013 0.1078384 0.10885629 0.1109257 0.11434065 0.11761525 0.11736431 0.11711337 0.11688042 0.11825378 0.11962714 0.12087596 0.11912979 0.11738362 0.11135012 0.1033358 0.099534738 0.10436364 0.10919255 0.10760916 0.094471398 0.081333636 0.071267018 0.06609083 0.060965314 0.057488768 0.054012222 0.059191348 0.067062299 0.074933249 0.069704218 0.063079995 0.056455773 0.047164599 0.037842817 0.032273046 0.02849197 0.024710894 0.02290833 0.021390487 0.022466253 0.024928669
0.12418089 0.13090154 0.1376222 0.14434285 0.14549162 0.14466424 0.14282453 0.14098483 0.13914512 0.13721006 0.13504274 0.1255011 0.11570607 0.10591104 0.096116007 0.094315282 0.096384695 0.099207015 0.098956075 0.098705135 0.098454195 0.098221242 0.0995946 0.10096796 0.10234132 0.10371468 0.10216395 0.09613045 0.093646743 0.098475649 0.10330455 0.10813346 0.10655007 0.093412309 0.080274547 0.067136785 0.056253533 0.051128016 0.04765147 0.053522401 0.061393352 0.069264302 0.077135252 0.071906221 0.065281999 0.058657776 0.052033554 0.042962955 0.037393185 0.033612109 0.029831033 0.026049957 0.024156496 0.025232263 0.027694678
0.1145723 0.12129295 0.12801361 0.13473426 0.14145491 0.14211348 0.14027378 0.13843407 0.13659437 0.13475466 0.13287365 0.12333201 0.11353697 0.10374194 0.093946913 0.084151882 0.080798777 0.080547837 0.080296897 0.080045958 0.079795018 0.079562064 0.080935423 0.082308781 0.08368214 0.085055498 0.086428857 0.087758748 0.092587654 0.09741656 0.10224547 0.10707437 0.10549098 0.09235322 0.079215458 0.066077696 0.052939934 0.041290719 0.047853454 0.055724405 0.063595355 0.071466305 0.079337255 0.074108224 0.067484002 0.060859779 0.054235557 0.047611335 0.042513323 0.038732247 0.034951171 0.031170095 0.02738902 0.027998272 0.030460687
0.12055701 0.12727767 0.13399832 0.14071897 0.14387937 0.14009047 0.13600439 0.13416468 0.13232498 0.13048527 0.12864557 0.11911481 0.10931978 0.099524746 0.089729715 0.082242377 0.079529501 0.079278561 0.079027622 0.078776682 0.078529452 0.080888617 0.087140116 0.088513474 0.089886833 0.091260191 0.09263355 0.096370455 0.10119936 0.10602827 0.11085717 0.10990907 0.098739947 0.088547666 0.075409903 0.062272141 0.049134379 0.036622942 0.044493892 0.052364842 0.060235792 0.068106742 0.068725441 0.062664513 0.056040291 0.049416069 0.042791846 0.041386594 0.039358336 0.03557726 0.031796184 0.028015108 0.028341528 0.031145354 0.033607769
0.12901215 0.1357328 0.14245345 0.14452844 0.14552939 0.14174049 0.13469666 0.129623 0.1277833 0.1259436 0.12410389 0.11457313 0.1047781 0.094983071 0.088365004 0.083728156 0.08101528 0.08076434 0.0805134 0.080643832 0.082957194 0.085316359 0.091766038 0.098215717 0.10003067 0.10140403 0.10277739 0.10651429 0.1113432 0.1161721 0.11301054 0.10027656 0.089107436 0.080758032 0.071169231 0.058031469 0.044893707 0.032382269 0.040253219 0.048124169 0.05599512 0.055891799 0.055119862 0.049058934 0.042434712 0.03581049 0.035272094 0.036920592 0.034892334 0.031111258 0.027330183 0.028106576 0.031548983 0.034352809 0.036815224
0.13746728 0.14417655 0.1451775 0.14617846 0.14717941 0.1433905 0.13634668 0.12930286 0.12324162 0.12140192 0.11956221 0.11003146 0.10023643 0.09448763 0.089850782 0.085213934 0.082501058 0.082250118 0.082758212 0.085071574 0.087384937 0.089744101 0.09619378 0.10264346 0.10909314 0.11154786 0.11292122 0.11665813 0.12148703 0.116112 0.10337803 0.090644049 0.079474924 0.07112552 0.062776116 0.053790796 0.040653034 0.028141597 0.036012547 0.043830094 0.043058157 0.04228622 0.041514283 0.035453355 0.028829133 0.029157594 0.030806092 0.03245459 0.030426333 0.026645257 0.027871624 0.031314031 0.034756438 0.037560264 0.040022679
0.14482561 0.14582656 0.14682752 0.14782848 0.14882943 0.14504052 0.1379967 0.13095288 0.12390906 0.11686524 0.11502054 0.10548978 0.10061026 0.095973408 0.09133656 0.086699713 0.083986836 0.084872592 0.087185955 0.089499317 0.091812679 0.094171844 0.10062152 0.1070712 0.11352088 0.11997056 0.12306506 0.12680196 0.11921347 0.10647949 0.093745514 0.081011537 0.069842412 0.061493008 0.053143605 0.044794201 0.036412362 0.023900924 0.030996452 0.030224515 0.029452578 0.028680641 0.027908703 0.021847776 0.023043094 0.024691592 0.02634009 0.027988588 0.025960331 0.027636673 0.031079079 0.034521486 0.037963893 0.040767719 0.039989773
0.14567734 0.1466783 0.14767926 0.14868021 0.14968117 0.14610028 0.13905646 0.13201264 0.12496882 0.11792499 0.11088117 0.10616436 0.10152752 0.096890669 0.092253821 0.087616973 0.086348115 0.088661477 0.090974839 0.093288201 0.095601563 0.098353773 0.10233864 0.10878832 0.115238 0.12168767 0.12813735 0.12146567 0.1087317 0.095997721 0.083263744 0.070529767 0.061975349 0.053625945 0.045276541 0.036927138 0.028577734 0.020454234 0.019682297 0.018910359 0.018138422 0.017366485 0.01627651 0.016999521 0.018648019 0.020296517 0.021945015 0.023593513 0.027479186 0.030921593 0.034363999 0.037806406 0.041248813 0.040080046 0.038103349
0.14129735 0.1422983 0.14329926 0.14430021 0.14633998 0.14313745 0.13624781 0.12920399 0.12216017 0.11511635 0.10807253 0.10335572 0.098718871 0.094082023 0.089445175 0.086355447 0.085950102 0.088263464 0.090576827 0.092890189 0.096337188 0.10245311 0.09063014 0.092740746 0.099190424 0.1056401 0.11208978 0.1054181 0.092684126 0.079950149 0.067216172 0.062153041 0.061003341 0.057329136 0.048979732 0.040630328 0.032280924 0.024157424 0.023385487 0.02261355 0.021841612 0.020313003 0.012346268 0.01306928 0.014717778 0.016366276 0.018014774 0.026103808 0.031271789 0.034714196 0.038156603 0.04159901 0.038535854 0.035714744 0.033738047
0.13691735 0.13791831 0.13900966 0.14114642 0.14328318 0.14008064 0.13324984 0.12639535 0.11935152 0.1123077 0.10526388 0.10054707 0.095910225 0.091273377 0.088487414 0.085957435 0.08555209 0.087865452 0.090178814 0.094119737 0.10043653 0.10655245 0.09472948 0.082906508 0.083142853 0.089592532 0.096042211 0.089370531 0.076636554 0.063902577 0.060139029 0.060075016 0.058925315 0.055819302 0.052682922 0.044333518 0.035984114 0.027860614 0.027088677 0.02631674 0.024349497 0.016382762 0.008416027 0.0091390383 0.010787536 0.012436034 0.021108823 0.029896412 0.035064392 0.038506799 0.041949206 0.038571062 0.034170552 0.031349442 0.029372745
0.13253735 0.13381609 0.13595285 0.13808961 0.14022637 0.13702384 0.13019303 0.12336223 0.11653142 0.10949906 0.10245523 0.097738427 0.09314936 0.090619381 0.088089402 0.085559422 0.085154078 0.08746744 0.091902286 0.098219077 0.10453587 0.11065179 0.09882882 0.087005847 0.075182875 0.07354496 0.079994639 0.073322959 0.060588982 0.058125016 0.058061003 0.057996991 0.05684729 0.053741277 0.050635264 0.047529252 0.039687304 0.031563804 0.030791867 0.028385991 0.020419256 0.012452521 0.0044857856 0.0052087969 0.0073262478 0.016113837 0.024901426 0.033689015 0.038856996 0.042299402 0.03860627 0.03420576 0.029805249 0.02698414 0.025007443
0.12862253 0.13075928 0.13289604 0.1350328 0.13716956 0.13396703 0.12713622 0.12030542 0.11347462 0.10664381 0.099646588 0.095281326 0.092751347 0.090221368 0.087691389 0.08516141 0.084756066 0.089684835 0.096001626 0.10231842 0.10863521 0.11475113 0.10292816 0.091105187 0.079282215 0.067459243 0.063947068 0.057275388 0.056111003 0.05604699 0.055982978 0.055918965 0.054769265 0.051663252 0.048557239 0.045451226 0.042345213 0.035266995 0.032422485 0.02445575 0.016489014 0.0085222793 0.00055554416 0.0023312621 0.011118851 0.01990644 0.028694029 0.037481618 0.042649599 0.038641478 0.034240968 0.029840458 0.025439947 0.022618838 0.025052909
0.1282295 0.13036626 0.13250301 0.13463977 0.13677653 0.13274048 0.12590967 0.11907887 0.11224807 0.10541726 0.098586458 0.096551563 0.094021584 0.091491605 0.088961626 0.086431647 0.087782491 0.094099282 0.10041607 0.10673286 0.11304965 0.11662917 0.10846232 0.096639349 0.084816377 0.072993405 0.061170433 0.057390429 0.057326416 0.057262404 0.057198391 0.057134379 0.050178197 0.047072184 0.043966171 0.040860158 0.037754145 0.034503222 0.026536487 0.018569752 0.010603017 0.0026362814 -0.0024912795 0.0053514455 0.014139034 0.022926623 0.031714212 0.040501801 0.038631569 0.034231059 0.029830549 0.025430039 0.021029529 0.020645897 0.023440614
0.13279851 0.13616288 0.13829964 0.1404364 0.14257316 0.13798426 0.12893598 0.12210517 0.11527437 0.10844357 0.10161276 0.10069418 0.099168224 0.096638245 0.094108266 0.091578287 0.092929131 0.099245922 0.10556271 0.1118795 0.11431614 0.11293512 0.11226834 0.10550752 0.093684544 0.081861572 0.0700386 0.066258596 0.066194584 0.066130571 0.066066559 0.061613091 0.052817803 0.037914911 0.033535706 0.030429693 0.027323681 0.024072757 0.016106022 0.0081392868 0.00017255167 -0.0039226965 0.00046780603 0.0074139259 0.015364395 0.024151984 0.032939573 0.041727162 0.037924713 0.029715806 0.025315296 0.020914786 0.016514276 0.015432958 0.016692994
0.13408327 0.14001225 0.14409627 0.14623303 0.14836979 0.14378089 0.13462163 0.12546237 0.11830067 0.11146987 0.10463907 0.10372048 0.10300505 0.10178489 0.099254906 0.096724927 0.098075771 0.10439256 0.11070935 0.1120111 0.11062209 0.10924107 0.10857429 0.10790751 0.10255271 0.09072974 0.078906768 0.075126764 0.075062751 0.074998739 0.069872044 0.064466276 0.055670988 0.040768096 0.025865205 0.019999229 0.016893216 0.013642292 0.0056755571 -0.0022911781 -0.0053541134 -0.00096361089 0.0034268916 0.010373011 0.017591313 0.025377344 0.034164933 0.042952522 0.039150073 0.029345581 0.020800043 0.016399533 0.011999023 0.010917705 0.011610962
0.13536802 0.14129701 0.14722599 0.15202966 0.15416642 0.14957752 0.14041826 0.131259 0.12209974 0.11449617 0.10766537 0.10674678 0.10603135 0.10531591 0.10440155 0.10187157 0.10322241 0.1095392 0.10970606 0.10831705 0.10692804 0.10554702 0.10488024 0.10421346 0.10354668 0.099597907 0.087774935 0.083994931 0.083536767 0.078130998 0.072725229 0.067319461 0.058524173 0.043621281 0.02871839 0.013815498 0.0064627509 0.0032118274 -0.0047549078 -0.0067855303 -0.0023950278 0.0019954747 0.0063859772 0.013332097 0.020550398 0.0277687 0.035390293 0.044177882 0.040375434 0.030570942 0.02076645 0.01188428 0.0074837698 0.006402452 0.0070957089
0.13665278 0.14258176 0.14851075 0.15443973 0.15996304 0.15537415 0.14621489 0.13705563 0.12789637 0.11873711 0.11069167 0.10977309 0.10905765 0.10834222 0.10762678 0.10691135 0.10836905 0.10740103 0.10601202 0.104623 0.10323399 0.10185298 0.1011862 0.10051941 0.099852634 0.099185853 0.096643102 0.091795721 0.086389952 0.080984183 0.075578414 0.070172646 0.061377358 0.046474466 0.031571575 0.016668683 0.0017657907 -0.0072186375 -0.0082169472 -0.0038264447 0.00056405776 0.0049545602 0.0093450627 0.016291183 0.023509484 0.030727786 0.037946087 0.045403243 0.041600794 0.031796302 0.02199181 0.012187318 0.0029685168 0.001887199 0.0025804559
0.13601572 0.1419447 0.14787369 0.15380267 0.15703927 0.15806681 0.15002885 0.14086959 0.13171033 0.12255107 0.11339181 0.11239587 0.11168043 0.110965 0.11024957 0.10924561 0.10668863 0.10529962 0.10391061 0.1025216 0.10113258 0.10094033 0.095606354 0.094939573 0.094272792 0.093606011 0.09293923 0.089031046 0.083625277 0.078219509 0.07281374 0.067407971 0.06318178 0.05145804 0.036555148 0.021652256 0.0067493645 -0.007578341 -0.0031878385 0.001202664 0.0055931665 0.0099836689 0.01773844 0.025305628 0.032523929 0.039742231 0.046960532 0.04830406 0.037815807 0.028011315 0.018206823 0.008402331 0.0008687374 0.000981353 0.0016746099
0.13392899 0.13985797 0.14578696 0.14715609 0.1432443 0.14427184 0.14865586 0.14318799 0.13402873 0.12486946 0.1157102 0.11471427 0.11399883 0.1132834 0.11181528 0.10834556 0.10578858 0.10439957 0.10301056 0.10162155 0.1018109 0.10226948 0.094203717 0.087937242 0.087270461 0.08660368 0.085936899 0.082028715 0.076622947 0.071217178 0.065925611 0.061434977 0.057209919 0.053463406 0.043145714 0.028242822 0.01333993 -0.00098777535 0.0034027271 0.0077932296 0.012183732 0.020477541 0.031320556 0.038887744 0.046106046 0.053324347 0.052662203 0.040739674 0.030251421 0.020446929 0.010642437 0.0036589594 0.0026855344 0.0027981499 0.0034914069
0.13184226 0.13777125 0.13727291 0.13336112 0.12944933 0.13047686 0.13486089 0.13924491 0.13634712 0.12718786 0.1180286 0.11703267 0.11631723 0.11438495 0.11091523 0.10744551 0.10488853 0.10349952 0.10211051 0.10258603 0.10314005 0.10359862 0.095532864 0.087467105 0.080268131 0.07960135 0.078934569 0.075026385 0.069620616 0.064444384 0.05995375 0.055463115 0.051238057 0.047491544 0.043745031 0.034833388 0.019930496 0.0056027903 0.0099932928 0.014383795 0.023216641 0.034059657 0.044902672 0.05246986 0.059688162 0.057020346 0.045097817 0.033175288 0.022687035 0.012882543 0.0064491815 0.0054757564 0.0045023313 0.0046149469 0.0053082038
0.12975554 0.12738973 0.12347794 0.11956614 0.11565435 0.11668189 0.12106591 0.12544994 0.12983396 0.12950626 0.120347 0.11935106 0.11695463 0.1134849 0.11001518 0.10654546 0.10398849 0.10280714 0.10336116 0.10391518 0.1044692 0.10492777 0.096862011 0.088796252 0.080730492 0.072664733 0.071932238 0.068024054 0.062963157 0.058472523 0.053981888 0.049491254 0.045266196 0.041519683 0.03777317 0.034026657 0.026521062 0.012193356 0.016583859 0.025955741 0.036798757 0.047641773 0.058484788 0.066051976 0.061378489 0.04945596 0.037533431 0.025610903 0.015122649 0.0092394035 0.0082659784 0.0072925533 0.0063191282 0.0064317438 0.0046883712
