P1_models/J1_p1__temp2_slide_260.dat.tif
NCOLS 118
NROWS 92
XLLCORNER 139.62
YLLCORNER -39.07
DX 0.099491525
DY 0.099347826
NODATA_VALUE -9999
[rows 27 to 53 of 92, columns 0 to 59 of 118]
-9999 1151.6371 1144.8537 1138.3973 1133.8875 1129.3778 1124.868 1122.2724 1121.8858 1121.4993 1121.1128 1122.0559 1123.364 1127.4555 1137.1211 1146.7867 1156.4523 1158.7876 1158.1841 1158.7347 1161.9483 1165.1619 1166.3869 1167.3686 1168.3502 1167.7098 1162.7217 1157.7336 1152.7456 1152.4165 1153.9645 1153.1475 1147.7716 1142.3957 1154.7241 1167.5939 1180.4638 1180.3456 1161.6464 1142.9471 1124.2478 1134.1358 1146.7541 1172.6098 1207.9816 1243.3535 1275.5594 1288.8686 1302.1777 1295.103 1284.5054 1273.9078 1255.5412 1228.5772 1207.6088 1207.408 1207.2073 1207.0065 1227.7672 1252.3416
-9999 1148.4516 1142.6681 1138.1584 1133.6487 1129.1389 1124.6292 1122.0335 1121.647 1121.2604 1120.8739 1120.4873 1120.9289 1125.0204 1134.686 1144.3516 1154.0173 1163.6829 1168.8396 1169.3903 1172.234 1173.2157 1174.1973 1175.179 1176.1606 1175.5202 1170.5321 1165.5441 1160.556 1155.5679 1153.5819 1152.7649 1151.473 1164.3429 1177.2127 1190.0825 1202.9523 1202.8342 1184.1349 1165.4356 1146.7364 1128.0371 1130.6513 1156.507 1191.8788 1227.2507 1262.6225 1297.9944 1312.7932 1305.7184 1295.1208 1284.5232 1273.9256 1258.6648 1237.6964 1237.4956 1237.2949 1237.0941 1236.8933 1252.9525
-9999 1149.6757 1145.166 1140.6562 1136.1465 1131.6368 1127.127 1123.3541 1122.9675 1122.581 1122.1944 1121.8079 1121.4213 1123.4451 1133.1107 1142.7763 1152.4419 1162.1075 1171.7731 1178.8128 1179.7945 1180.7761 1181.7578 1182.7394 1183.7211 1184.7744 1179.7863 1174.7983 1169.8102 1164.8221 1159.8341 1160.9457 1173.8155 1186.6853 1199.5551 1212.425 1225.2948 1225.5972 1206.898 1188.1987 1169.4994 1150.8002 1132.1009 1141.3655 1176.7374 1212.1093 1247.4811 1282.853 1318.2248 1316.7302 1306.1325 1295.5349 1284.9373 1274.3397 1265.36 1265.1593 1264.9585 1264.7577 1264.557 1264.3562
-9999 1174.7029 1170.1932 1165.6834 1161.1737 1156.664 1138.1469 1130.5452 1137.1257 1136.7391 1136.3526 1135.966 1135.5795 1136.2793 1139.1546 1148.2785 1157.9441 1167.6097 1177.2753 1184.315 1185.2966 1186.2783 1187.2599 1188.2416 1186.0165 1186.6487 1198.8997 1195.9382 1190.9502 1185.9621 1180.974 1182.0856 1194.9555 1207.8253 1220.6951 1233.5649 1214.4794 1208.8699 1231.9209 1213.2217 1194.5224 1175.8232 1157.1239 1154.3888 1169.5104 1204.8822 1240.2541 1275.6259 1310.9978 1322.5831 1320.4069 1309.8093 1299.2117 1288.6141 1279.1093 1273.3904 1272.6675 1272.4667 1272.266 1272.0652
-9999 1199.7301 1195.2204 1190.7106 1183.1432 1163.0801 1143.0171 1135.4153 1142.1954 1148.9755 1150.5107 1150.1241 1149.7376 1150.4374 1153.3127 1156.188 1163.4463 1173.1119 1182.7775 1189.8172 1190.7988 1191.7805 1192.7621 1189.25 1185.5473 1186.1795 1198.4304 1210.6814 1212.0901 1207.102 1202.114 1203.2256 1216.0954 1228.9652 1239.672 1212.6322 1185.5924 1179.9829 1205.0325 1230.082 1219.5454 1200.8461 1182.1469 1179.4117 1188.153 1197.6552 1233.0271 1268.3989 1303.7708 1315.356 1322.8303 1324.0837 1313.4861 1302.8884 1293.3837 1287.6647 1281.9457 1280.1757 1279.9749 1279.7742
-9999 1224.7573 1220.2476 1208.0764 1188.0133 1167.9503 1147.8873 1140.2855 1147.0656 1153.8457 1160.6258 1164.2823 1163.8957 1164.5955 1167.4708 1170.3461 1173.2214 1178.614 1188.2796 1195.3193 1196.301 1196.1863 1192.4835 1188.7808 1185.078 1185.7102 1197.9612 1210.2121 1222.4631 1228.242 1223.2539 1224.3655 1237.2354 1237.8248 1210.785 1183.7452 1156.7054 1151.0959 1176.1455 1201.1951 1226.2446 1225.8691 1207.1698 1204.4347 1213.176 1221.9173 1230.6586 1261.1719 1296.5437 1308.129 1315.6033 1323.0776 1327.7604 1317.1628 1307.6581 1301.9391 1296.2201 1290.5011 1287.6839 1287.4831
-9999 1249.7845 1233.0096 1212.9465 1192.8835 1172.8205 1152.7574 1145.1556 1151.9357 1158.7158 1165.4959 1172.276 1178.0538 1178.7536 1181.629 1184.5043 1187.3796 1190.2549 1193.7818 1200.8215 1199.4197 1195.717 1192.0142 1188.3115 1184.6088 1185.241 1197.4919 1209.7429 1221.9938 1234.2448 1244.3939 1245.5055 1235.9776 1208.9378 1181.898 1154.8582 1127.8185 1122.209 1147.2585 1172.3081 1197.3577 1222.4072 1232.1928 1229.4577 1238.199 1246.9403 1255.6816 1264.4228 1289.3167 1300.902 1308.3763 1315.8506 1323.3249 1330.7992 1321.9325 1316.2135 1310.4945 1304.7755 1299.0565 1295.1921
-9999 1256.7232 1236.6602 1216.5971 1196.5341 1176.4711 1156.408 1147.2009 1154.1931 1160.9732 1167.7533 1174.5334 1181.3135 1182.0448 1182.6592 1185.5345 1188.4098 1191.2851 1194.1604 1195.0467 1191.3439 1187.6412 1183.9384 1180.2357 1176.5329 1188.9757 1193.7147 1205.9657 1218.2166 1230.4676 1242.7185 1241.549 1214.5093 1187.4695 1160.4297 1133.39 1106.3502 1102.5189 1124.6351 1149.6847 1174.7342 1199.7838 1224.8333 1249.6064 1258.3477 1267.0889 1275.8302 1284.5715 1293.3128 1292.4222 1299.8965 1307.3708 1314.8451 1322.3194 1328.8468 1325.2335 1319.5146 1313.7956 1308.0766 1302.3576
-9999 1258.3625 1238.2994 1218.2364 1198.1733 1175.5897 1146.7812 1137.2597 1149.9978 1158.9215 1165.7016 1172.4817 1179.2618 1179.9931 1168.6113 1164.9134 1167.7887 1170.664 1173.5393 1174.4255 1170.7228 1167.02 1163.3173 1162.4863 1202.4172 1225.1859 1201.9554 1196.7328 1208.9838 1221.2347 1233.4857 1232.3162 1205.2764 1178.2366 1151.1969 1131.671 1147.4193 1148.0871 1127.1802 1137.3914 1162.441 1187.4906 1212.5401 1239.5757 1268.039 1279.1986 1287.9399 1296.6812 1305.4224 1297.1929 1289.3505 1296.8248 1304.2991 1311.7734 1318.3009 1321.5485 1319.8688 1314.1498 1308.4308 1302.7118
-9999 1260.0017 1239.9387 1219.8756 1194.4569 1165.6484 1136.8399 1127.3184 1140.0566 1152.7948 1163.6498 1170.4299 1177.2101 1177.9413 1166.5595 1155.1777 1147.1675 1150.0428 1152.9181 1153.8043 1150.1016 1146.3989 1158.7655 1198.6964 1238.6273 1261.396 1238.1656 1214.9351 1199.7509 1212.0018 1224.2528 1223.0833 1196.0435 1169.0038 1161.4909 1177.2392 1192.9875 1193.6554 1172.7484 1151.8415 1150.1478 1175.1974 1200.2469 1227.2825 1255.7458 1284.2091 1300.0495 1308.7908 1317.5321 1309.3025 1298.1399 1286.9773 1293.7531 1301.2274 1307.7549 1311.0026 1314.2502 1314.504 1308.785 1303.066
-9999 1261.6409 1241.5779 1213.3242 1184.5157 1155.7072 1126.8986 1117.3771 1130.1153 1142.8535 1155.5917 1168.3299 1175.1583 1175.8896 1164.5078 1153.1259 1141.7441 1130.3623 1132.297 1133.1832 1129.4804 1155.0447 1194.9756 1234.9065 1274.8374 1297.6061 1274.3757 1251.1453 1227.9148 1204.6844 1215.0199 1213.8504 1186.8107 1191.3108 1207.0591 1222.8075 1238.5558 1239.2236 1218.3167 1197.4097 1176.5028 1162.9041 1187.9537 1214.9893 1243.4526 1271.9159 1300.3792 1320.9004 1329.6417 1321.4122 1310.2496 1299.087 1287.9244 1290.6814 1297.2089 1300.4566 1303.7043 1306.9519 1309.1392 1303.4202
-9999 1260.9999 1232.1914 1203.3829 1174.5744 1145.7659 1116.9574 1107.4359 1120.1741 1132.9122 1145.6504 1158.3886 1171.1268 1173.8378 1162.456 1151.0742 1139.6923 1128.3105 1116.9287 1112.562 1151.3239 1191.2548 1231.1857 1271.1166 1311.0476 1333.8162 1310.5858 1287.3554 1264.125 1240.8945 1217.6641 1205.3824 1221.1307 1236.8791 1252.6274 1268.3757 1284.1241 1284.7919 1263.8849 1242.978 1222.0711 1201.1641 1180.2572 1202.6961 1231.1594 1259.6227 1288.086 1316.5493 1341.7514 1333.5218 1322.3592 1311.1966 1300.034 1288.8714 1286.6629 1289.9106 1293.1583 1296.406 1299.6536 1302.9013
-9999 1258.0581 1229.2496 1200.4411 1171.6326 1142.8241 1123.2283 1124.5855 1137.3236 1150.0618 1162.8 1175.5382 1186.9385 1190.7892 1183.0827 1171.7009 1160.319 1148.9372 1137.5554 1141.6898 1181.6207 1221.5516 1261.4825 1301.4134 1327.2091 1324.1312 1341.6863 1318.4559 1295.2255 1271.9951 1248.7646 1238.8481 1254.5964 1270.3447 1286.0931 1301.8414 1307.6199 1292.3626 1271.4557 1250.5487 1229.6418 1208.7348 1200.7363 1203.7716 1223.3302 1251.7935 1280.2568 1308.7201 1337.1834 1331.8601 1320.6975 1309.5349 1298.3723 1286.2766 1272.8746 1276.1223 1279.37 1282.6177 1285.8653 1277.8566
-9999 1257.4836 1228.6751 1199.8666 1171.0581 1158.0445 1149.5404 1150.8975 1163.6357 1176.3739 1189.112 1199.1678 1207.7583 1211.609 1205.9678 1199.9977 1188.6159 1177.2341 1165.8522 1169.9866 1209.9175 1249.8485 1289.7794 1298.1249 1280.3623 1277.2844 1313.5651 1347.8283 1324.5979 1301.3675 1278.137 1268.2205 1283.9688 1299.7171 1315.4655 1313.6477 1302.3394 1287.0821 1266.1751 1245.2682 1224.3612 1222.7611 1226.5538 1229.589 1232.0798 1245.4741 1273.9374 1302.4007 1330.864 1325.5407 1314.3781 1303.2155 1289.6005 1271.3917 1257.9897 1261.2374 1264.4851 1267.7328 1254.9062 1235.8109
-9999 1256.9091 1228.1006 1201.3647 1192.8606 1184.3565 1175.8525 1177.2096 1189.9477 1202.6859 1211.3971 1219.9877 1228.5782 1232.4288 1226.7877 1221.1465 1215.5053 1205.5309 1194.1491 1198.2835 1238.2144 1278.1453 1269.0406 1251.278 1233.5155 1230.4376 1266.7183 1302.999 1339.2796 1330.7399 1307.5094 1297.5929 1313.3412 1329.0895 1319.6755 1308.3671 1297.0588 1281.8015 1260.8946 1240.9932 1244.7859 1248.5785 1252.3712 1255.4065 1257.8973 1260.3881 1267.618 1296.0813 1324.5446 1319.2213 1308.0587 1292.9243 1274.7156 1256.5068 1243.1048 1246.3525 1249.6002 1231.9557 1212.8605 1193.7652
-9999 1256.3346 1236.1808 1227.6768 1219.1727 1210.6686 1202.1645 1203.5216 1215.0359 1223.6265 1232.217 1240.8075 1249.398 1253.2487 1247.6075 1241.9664 1236.3252 1230.684 1222.4459 1226.5803 1257.7189 1239.9563 1222.1938 1204.4312 1186.6687 1183.5908 1219.8715 1256.1521 1292.4328 1328.7135 1336.8818 1326.9653 1337.0115 1325.7032 1314.3949 1303.0866 1291.7783 1276.521 1263.018 1266.8107 1270.6033 1274.396 1278.1887 1281.224 1283.7148 1286.2055 1288.6963 1291.1871 1318.2253 1312.9019 1296.2481 1278.0394 1259.8307 1241.622 1228.2199 1228.1005 1209.0053 1189.91 1170.8147 1151.7195
-9999 1269.4437 1260.9396 1252.4356 1243.9315 1235.4274 1226.9233 1219.1181 1227.7087 1236.2992 1244.8897 1253.4802 1262.0707 1273.6621 1268.0209 1262.3797 1256.7386 1251.0974 1245.4562 1236.1497 1218.3872 1200.6246 1182.8621 1165.0995 1147.337 1143.3625 1179.6432 1215.9239 1252.2046 1288.4853 1324.766 1344.7918 1333.4835 1322.1752 1310.8669 1299.5586 1288.2503 1281.0798 1284.8725 1288.6652 1292.4578 1296.2505 1300.0432 1303.8837 1306.3745 1308.8653 1311.356 1313.8468 1316.3376 1304.7098 1286.5011 1268.2924 1250.0837 1231.8749 1214.6401 1195.5448 1176.4495 1157.3543 1138.259 1119.1637
-9999 1282.4879 1273.9838 1265.4797 1256.9756 1248.4716 1226.3579 1202.5788 1178.9352 1187.5257 1196.1163 1204.7068 1213.2973 1234.4232 1280.6519 1279.7276 1274.0864 1268.4452 1262.8041 1253.4976 1235.735 1217.9725 1200.2099 1182.4473 1174.4374 1176.0351 1191.9504 1225.6135 1261.8942 1298.1749 1334.4555 1354.4814 1343.1731 1331.8648 1320.5565 1309.2481 1289.7673 1277.0417 1276.838 1280.6307 1284.4233 1288.216 1292.0087 1298.3483 1305.2182 1307.709 1310.1998 1312.6906 1315.1814 1321.6365 1315.5043 1297.2956 1279.0869 1260.8782 1244.3566 1233.679 1215.4679 1196.3726 1177.2773 1158.1821
-9999 1295.532 1287.028 1278.5239 1266.9166 1243.4888 1220.0609 1196.2818 1172.0972 1147.9126 1147.3428 1155.9333 1164.5239 1185.6498 1231.8785 1278.1072 1291.4342 1285.793 1280.1519 1270.8454 1253.0828 1235.3203 1217.5577 1213.3994 1209.6552 1211.2529 1227.1681 1243.0834 1271.5838 1307.8644 1344.1451 1364.171 1352.8626 1341.5543 1329.5898 1308.2126 1286.8355 1274.1099 1273.7617 1273.4134 1276.3889 1280.1815 1283.9742 1290.3138 1298.4843 1306.5528 1309.0436 1311.5343 1314.0251 1320.4803 1327.6206 1326.2988 1308.0901 1289.8814 1273.3598 1262.6822 1252.0047 1235.3909 1216.2957 1197.2004
-9999 1308.5762 1300.0721 1284.0474 1260.6196 1237.1918 1213.764 1189.9849 1165.8003 1141.6157 1117.4311 1107.1599 1115.7504 1136.8763 1183.1051 1229.3338 1275.5625 1303.1409 1297.4997 1288.1932 1270.4307 1256.1055 1252.3613 1248.6171 1244.8729 1246.4706 1262.3859 1278.3012 1294.2164 1317.554 1353.8347 1373.8605 1362.5522 1348.0352 1326.658 1305.2808 1283.9036 1271.1781 1270.8298 1270.4816 1270.1334 1272.1471 1275.9397 1282.2793 1290.4498 1298.6204 1306.7909 1310.3781 1312.8689 1319.324 1326.4643 1333.6046 1337.0933 1318.8846 1302.363 1291.6854 1281.0079 1270.3303 1255.314 1236.2187
-9999 1321.6204 1301.1783 1277.7504 1254.3226 1230.8948 1207.467 1183.6879 1159.5033 1135.3187 1111.1341 1086.9495 1066.977 1088.1029 1134.3316 1180.5604 1226.7891 1273.0178 1314.8475 1305.541 1295.0675 1291.3233 1287.5791 1283.8349 1280.0907 1281.6884 1297.6036 1313.5189 1329.4342 1345.3494 1363.5243 1383.5501 1366.4806 1345.1034 1323.7262 1302.349 1280.9718 1268.2462 1267.898 1267.5498 1267.2016 1266.8534 1267.9052 1274.2448 1282.4154 1290.5859 1298.7564 1306.9269 1311.7126 1318.1678 1325.3081 1332.4484 1339.5887 1346.729 1331.3662 1320.6887 1310.0111 1299.3335 1288.656 1275.2371
-9999 1303.2045 1279.7767 1256.3489 1232.9211 1209.4932 1186.0654 1195.3848 1171.2002 1147.0156 1122.831 1098.6464 1074.4618 1061.7731 1102.4042 1148.633 1194.8617 1241.0904 1287.3192 1318.4369 1314.6927 1310.9485 1307.2043 1303.4601 1299.7159 1298.7964 1315.2174 1331.1327 1347.0479 1362.9632 1378.8785 1382.0559 1360.6787 1339.3015 1317.9243 1296.5471 1275.1699 1258.2493 1257.9011 1257.5529 1257.2046 1256.8564 1257.9854 1266.3726 1274.5431 1282.7136 1290.8841 1299.0547 1307.2252 1314.5173 1321.6576 1328.7979 1335.9382 1343.0785 1344.7043 1334.0268 1323.3492 1312.6716 1301.9941 1292.224
-9999 1257.7981 1234.3703 1210.9425 1187.5147 1185.6512 1225.5359 1235.678 1211.4934 1187.3088 1163.1242 1138.2729 1110.9046 1097.7569 1113.0869 1143.4779 1189.7067 1235.9354 1282.1641 1313.2818 1309.5376 1305.7934 1302.0492 1297.5966 1287.8149 1285.6031 1303.6802 1320.7696 1336.6849 1352.6001 1368.5154 1371.6928 1350.3156 1328.9384 1307.5612 1284.3068 1254.633 1237.0242 1236.676 1236.3277 1235.9795 1242.4866 1260.8753 1268.4879 1268.3535 1275.0992 1283.2697 1291.4402 1299.6107 1306.9028 1314.0431 1321.1834 1328.3237 1332.4604 1333.1469 1322.4693 1311.7917 1301.1142 1294.2674 1295.6371
-9999 1212.3917 1188.9639 1165.5361 1186.0598 1225.9445 1265.8292 1275.9713 1251.7867 1227.6021 1201.625 1174.2567 1146.8883 1133.7407 1149.0707 1164.4006 1184.5516 1230.7804 1277.0091 1308.1268 1304.3826 1300.6384 1294.1849 1284.4032 1274.6215 1272.4097 1290.4868 1308.5639 1326.3218 1342.2371 1358.1523 1361.3297 1339.9525 1318.5753 1292.7554 1263.0817 1233.4079 1215.7991 1215.4509 1215.1026 1226.9877 1245.3765 1263.7653 1271.3778 1271.2434 1271.109 1275.6552 1283.8257 1291.9963 1299.2884 1306.4287 1312.9685 1316.9357 1320.9029 1321.5894 1310.9118 1300.2343 1296.3107 1297.6805 1299.0503
-9999 1166.9854 1146.5837 1186.4684 1226.3531 1266.2377 1306.1224 1316.2646 1292.08 1264.9771 1237.6088 1210.2404 1182.8721 1169.7244 1185.0544 1200.3844 1215.7144 1231.0444 1271.854 1302.9717 1299.2275 1290.7732 1280.9915 1271.2098 1261.4281 1259.2163 1277.2934 1295.3705 1313.4476 1331.5247 1347.7892 1350.9666 1329.5894 1301.2041 1271.5303 1241.8566 1212.1828 1194.574 1194.2257 1211.4888 1229.8776 1248.2664 1266.6552 1274.2677 1274.1333 1273.9989 1273.8645 1276.2113 1284.3818 1291.6739 1297.4438 1301.411 1305.3782 1309.3455 1310.032 1299.3544 1298.3541 1299.7239 1301.0937 1302.4634
-9999 1146.9923 1186.877 1226.7616 1266.6463 1306.531 1346.4157 1355.6975 1328.3292 1300.9609 1273.5926 1246.2242 1218.8559 1205.7082 1221.0382 1236.3682 1251.6982 1267.0282 1282.3582 1297.1431 1287.3614 1277.5798 1267.7981 1258.0164 1248.2347 1246.0229 1264.1 1282.1771 1300.2542 1318.3313 1336.4084 1339.3265 1309.6528 1279.979 1250.3052 1220.6314 1190.9577 1177.6012 1195.99 1214.3788 1232.7675 1251.1563 1269.5451 1277.1576 1277.0232 1276.8888 1276.7544 1276.62 1276.7673 1281.9191 1285.8863 1289.8536 1293.8208 1297.788 1299.0277 1300.3975 1301.7672 1303.137 1304.5068 1305.8766
-9999 1152.1216 1192.0063 1231.891 1271.7757 1311.6604 1341.7905 1341.724 1314.3557 1286.9873 1259.619 1232.2507 1209.873 1207.0883 1230.0385 1245.3685 1260.6984 1276.0284 1291.3584 1299.095 1289.3133 1279.5317 1269.75 1259.9683 1248.5314 1242.6039 1258.8435 1276.9206 1294.9977 1313.0748 1331.1519 1332.9189 1303.2451 1273.5714 1243.8976 1214.2238 1192.0649 1190.8613 1209.25 1227.6388 1246.0276 1264.4164 1278.4802 1275.9012 1269.6407 1269.5063 1269.3719 1269.2375 1269.1031 1272.4659 1276.4331 1280.4004 1284.3676 1289.6731 1296.971 1298.3408 1299.7106 1301.0804 1302.4501 1322.2046
