P1_models/J1_p1_tot_conduct_slide_123.44.dat.tif
NCOLS 118
NROWS 92
XLLCORNER 139.62
YLLCORNER -39.07
DX 0.099491525
DY 0.099347826
NODATA_VALUE -9999
[rows 0 to 25 of 92, columns 0 to 57 of 118]
-2.2950769 -2.366058 -2.460575 -2.5353033 -2.6063687 -2.6663126 -2.7309821 -2.7832253 -2.8211268 -2.8468624 -2.8712087 -2.8909587 -2.891587 -2.891587 -2.8869773 -2.8787909 -2.8638672 -2.8648058 -2.8612312 -2.8652821 -2.8723266 -2.8860216 -2.9164374 -2.951895 -2.9972854 -3.0474633 -3.1121328 -3.1721789 -3.2396603 -3.3049622 -3.3799784 -3.4435897 -3.5016717 -3.5502622 -3.6061425 -3.6418569 -3.6667297 -3.6775913 -3.6880641 -3.6851957 -3.6851957 -3.6772841 -3.6673349 -3.6601275 -3.6548911 -3.6551957 -3.6551957 -3.6771772 -3.7033592 -3.746979 -3.7888701 -3.8152882 -3.8276164 -3.8791874 -3.9264037 -3.9620654 -3.9951297 -4.0074819
-2.3213795 -2.4121586 -2.5089258 -2.591783 -2.6664962 -2.7395069 -2.8074736 -2.869446 -2.9115765 -2.9448725 -2.9707923 -2.990394 -2.9923861 -2.997365 -2.9923904 -2.9842039 -2.9692802 -2.9574667 -2.9516486 -2.9462121 -2.9511867 -2.9634282 -2.9925339 -3.0230169 -3.0684791 -3.1236316 -3.1912633 -3.2572336 -3.3286455 -3.4117002 -3.4919782 -3.5709809 -3.6346261 -3.7069321 -3.7696737 -3.8255892 -3.8546197 -3.8823521 -3.8979387 -3.9109851 -3.9131624 -3.9094091 -3.9039266 -3.9008802 -3.8956438 -3.8939266 -3.8908572 -3.9095726 -3.9322124 -3.971017 -4.0048782 -4.0165463 -3.9893154 -4.0334347 -4.0576294 -4.0861545 -4.0966273 -4.1023157
-2.3548012 -2.4513297 -2.5508212 -2.6392231 -2.7197639 -2.7974949 -2.8721136 -2.9351321 -2.982509 -3.0252587 -3.0551062 -3.0781231 -3.0880723 -3.0951435 -3.0901689 -3.0835518 -3.068628 -3.0557825 -3.0458333 -3.0403969 -3.0453715 -3.0561596 -3.0810325 -3.1134412 -3.1631869 -3.2183395 -3.2879836 -3.360484 -3.4450518 -3.5302149 -3.6192336 -3.7034636 -3.7830568 -3.862303 -3.940849 -4.0030568 -4.0428534 -4.0765257 -4.1027077 -4.1262277 -4.1314641 -4.1336005 -4.1336005 -4.1310773 -4.1258409 -4.1111887 -4.1059523 -4.1196296 -4.1405752 -4.168881 -4.2002993 -4.1607292 -4.1254757 -4.1465665 -4.1650227 -4.1754955 -4.19037 -4.1798972
-2.3920567 -2.4837076 -2.5756582 -2.6640601 -2.7446009 -2.8223319 -2.8969505 -2.9633216 -3.0197645 -3.0662203 -3.1109893 -3.1340063 -3.1507845 -3.1657125 -3.1706871 -3.1675204 -3.1675204 -3.1561623 -3.1511877 -3.145954 -3.1509285 -3.1617167 -3.1865896 -3.2198777 -3.274598 -3.3301058 -3.3997499 -3.4706948 -3.5453134 -3.62877 -3.7125524 -3.793074 -3.8577435 -3.9368139 -4.0190636 -4.0822026 -4.1173643 -4.1494053 -4.1710093 -4.2260896 -4.2929043 -4.2950408 -4.2950408 -4.2950408 -4.2934903 -4.2249087 -4.1618355 -4.168575 -4.1840398 -4.2005206 -4.2251363 -4.1281782 -4.0695926 -4.0751199 -4.089212 -4.089212 -4.1270185 -4.2233619
-2.4194627 -2.5033136 -2.5928559 -2.6771308 -2.7572198 -2.8348211 -2.9100212 -2.9785916 -3.0361861 -3.0940433 -3.1423638 -3.1785968 -3.1984951 -3.2288749 -3.2389887 -3.2471751 -3.2511821 -3.2542922 -3.2534771 -3.2545195 -3.2623688 -3.2731569 -3.2980298 -3.3328569 -3.3860383 -3.443462 -3.5115162 -3.5785585 -3.648255 -3.7225447 -3.8030755 -3.8769312 -3.9391158 -4.0101183 -4.0939006 -4.1549421 -4.18892 -4.2158787 -4.2360371 -4.3016437 -4.3869983 -4.4211821 -4.4211821 -4.4211821 -4.4211821 -4.3366682 -4.2371767 -4.218575 -4.2290478 -4.2439853 -4.2596945 -4.1500736 -4.0490083 -4.0545357 -4.0576517 -4.0558832 -4.090446 -4.192529
-2.4361519 -2.5156915 -2.5952847 -2.6752075 -2.7510106 -2.8286119 -2.9082051 -2.9785916 -3.0401816 -3.1002525 -3.1599474 -3.2060091 -3.2408311 -3.2723396 -3.2972125 -3.3154768 -3.3304005 -3.3412216 -3.3511707 -3.3600766 -3.3750003 -3.3917366 -3.4215841 -3.4570417 -3.5067875 -3.5614375 -3.626107 -3.6903248 -3.7500198 -3.8156833 -3.8889928 -3.9576513 -4.0123716 -4.0784199 -4.1622022 -4.2232437 -4.2530912 -4.2779711 -4.2936803 -4.3575268 -4.4674911 -4.5081114 -4.5081114 -4.5081114 -4.5081114 -4.4201319 -4.289222 -4.2671985 -4.2725124 -4.28745 -4.3031592 -4.1855544 -4.0676361 -4.0731634 -4.0762794 -4.071043 -4.1028645 -4.2128288
-2.4305269 -2.5066697 -2.5763735 -2.6475581 -2.7176209 -2.7902423 -2.8671408 -2.9423092 -3.0133813 -3.0743014 -3.1381825 -3.1958732 -3.2409065 -3.289004 -3.3198511 -3.3596477 -3.3933421 -3.4067107 -3.422329 -3.4441934 -3.4627949 -3.4891212 -3.5189686 -3.5544262 -3.6024348 -3.6512611 -3.7119222 -3.7752909 -3.8300794 -3.8820216 -3.9495944 -4.0062111 -4.05483 -4.1092011 -4.1929835 -4.254025 -4.2790082 -4.2971831 -4.3101415 -4.3705295 -4.4804939 -4.5253601 -4.5220805 -4.52 -4.52 -4.4320205 -4.3011106 -4.273992 -4.2792284 -4.2933943 -4.3040423 -4.1864362 -4.0701836 -4.0757109 -4.0788269 -4.0735905 -4.1045629 -4.2145272
-2.4214156 -2.471242 -2.5359115 -2.6015513 -2.667879 -2.7334324 -2.8080511 -2.8847889 -2.9605919 -3.0389257 -3.1085698 -3.1747986 -3.2344935 -3.3016849 -3.3414816 -3.385986 -3.4257827 -3.4655793 -3.4904948 -3.5168719 -3.5418098 -3.5681361 -3.5979836 -3.6290668 -3.6736712 -3.7184424 -3.7774845 -3.8384803 -3.8843253 -3.9296886 -3.9867819 -4.0367318 -4.0765284 -4.1308995 -4.2146819 -4.2448504 -4.2647487 -4.2792 -4.2896727 -4.3280907 -4.438055 -4.4799763 -4.4750017 -4.4713519 -4.4713519 -4.4351591 -4.3042492 -4.2786999 -4.2839362 -4.2952067 -4.3056795 -4.2319457 -4.1158767 -4.1227897 -4.1270788 -4.1222386 -4.1029936 -4.2129579
-2.3841601 -2.4270237 -2.4676099 -2.5321478 -2.5890001 -2.6519214 -2.7215655 -2.7984896 -2.8790303 -2.9587731 -3.0433409 -3.1127062 -3.1902441 -3.2648669 -3.3295364 -3.3798867 -3.4346071 -3.4779977 -3.5177944 -3.5479181 -3.5777655 -3.6053915 -3.6310325 -3.660113 -3.6999096 -3.7432794 -3.7880506 -3.8446895 -3.909359 -3.9607348 -4.0078623 -4.0552297 -4.0900517 -4.143318 -4.1558505 -4.163074 -4.1730231 -4.1854763 -4.1907127 -4.2139333 -4.2517778 -4.2936991 -4.2887245 -4.2835976 -4.2788655 -4.3070189 -4.3166677 -4.293541 -4.302564 -4.3167299 -4.3305164 -4.3409892 -4.2959447 -4.3069993 -4.313356 -4.313356 -4.2930301 -4.2354298
-2.3378794 -2.3563494 -2.3896872 -2.4394644 -2.4910256 -2.544117 -2.6118676 -2.6865702 -2.7671109 -2.8543507 -2.9464039 -3.0292641 -3.1116648 -3.2028682 -3.277925 -3.3458064 -3.4111175 -3.4673929 -3.5179837 -3.5592845 -3.5973801 -3.6257742 -3.6513287 -3.6825787 -3.7195242 -3.7593208 -3.8011901 -3.8485629 -3.9073269 -3.9649569 -4.0062088 -4.047434 -4.0797016 -4.1047206 -4.1075068 -4.1086732 -4.1186223 -4.1223239 -4.1233617 -4.1364795 -4.1682547 -4.1773203 -4.171037 -4.1598174 -4.1521665 -4.164526 -4.2034794 -4.2134348 -4.2233843 -4.2340682 -4.2497774 -4.260549 -4.2712248 -4.2863494 -4.2961006 -4.2991812 -4.289306 -4.2447445
-2.2801359 -2.2857334 -2.3006571 -2.3317994 -2.3744386 -2.422598 -2.4872675 -2.5593048 -2.6398455 -2.7279073 -2.8273988 -2.9251827 -3.0196996 -3.1166571 -3.2012249 -3.2858689 -3.3604875 -3.433729 -3.4934239 -3.5502501 -3.5950213 -3.6354323 -3.6652798 -3.6981738 -3.7329958 -3.7683475 -3.8081441 -3.8510213 -3.9057416 -3.9551005 -3.9917552 -4.0244408 -4.0542883 -4.0725109 -4.0672745 -4.0667968 -4.076746 -4.0796256 -4.0743892 -4.0798223 -4.1007679 -4.100958 -4.0910088 -4.0752426 -4.0595334 -4.0635264 -4.084472 -4.0869837 -4.0869837 -4.0934472 -4.10392 -4.1127488 -4.1230573 -4.1383624 -4.1532247 -4.1584611 -4.1571086 -4.1256902
-2.205625 -2.2026631 -2.2013093 -2.2324516 -2.2569254 -2.2953369 -2.3506642 -2.4227015 -2.5032423 -2.5922405 -2.6967066 -2.7947887 -2.900446 -3.0082299 -3.112696 -3.2020752 -3.2965922 -3.3745689 -3.4541621 -3.5143591 -3.5690794 -3.6105953 -3.6473612 -3.6857553 -3.7205773 -3.7553994 -3.7902214 -3.8319147 -3.8816605 -3.9297697 -3.9611881 -3.9916404 -4.0115387 -4.0290462 -4.0238098 -4.0207813 -4.0208628 -4.0224101 -4.0122968 -4.0123146 -4.0200478 -4.0138692 -3.991661 -3.9692217 -3.9415579 -3.9293679 -3.9292411 -3.9222428 -3.913125 -3.9086602 -3.9114336 -3.9120313 -3.9181524 -3.9236797 -3.9362524 -3.9467252 -3.9509375 -3.9509375
-2.1523368 -2.1378737 -2.1281914 -2.1317356 -2.1524218 -2.1808735 -2.2338682 -2.2903799 -2.3698795 -2.4588777 -2.5633438 -2.6695175 -2.7789582 -2.8932231 -2.9976892 -3.1167232 -3.2161438 -3.3059955 -3.3855887 -3.4673822 -3.5221025 -3.5821842 -3.6219808 -3.6668558 -3.7016779 -3.7397404 -3.7745624 -3.813287 -3.8630328 -3.9016923 -3.9331107 -3.9573537 -3.977252 -3.9855815 -3.9805571 -3.9805571 -3.9805571 -3.9762484 -3.9645132 -3.9567032 -3.9608356 -3.946111 -3.9177582 -3.8706503 -3.8384555 -3.8211138 -3.7986646 -3.7767333 -3.746211 -3.7348015 -3.7089736 -3.7065829 -3.6808426 -3.6863699 -3.6832836 -3.6937564 -3.697697 -3.698188
-2.10192 -2.0723442 -2.0474713 -2.042127 -2.0468647 -2.0698868 -2.1096834 -2.1661951 -2.2419982 -2.3284837 -2.4329498 -2.5414382 -2.660828 -2.7796736 -2.904038 -3.0235846 -3.1330253 -3.2344991 -3.329016 -3.414361 -3.484005 -3.546735 -3.5964807 -3.6428712 -3.6826678 -3.7211127 -3.7559347 -3.7931581 -3.8329547 -3.8698806 -3.8960626 -3.9189494 -3.9338731 -3.9433016 -3.9433016 -3.9433016 -3.9433016 -3.9357849 -3.9148393 -3.9049524 -3.9049524 -3.8830439 -3.8432473 -3.7961394 -3.7437754 -3.7039525 -3.6620614 -3.6194799 -3.5723523 -3.5335414 -3.4916502 -3.4541612 -3.4138453 -3.4038907 -3.3970358 -3.4022722 -3.4102451 -3.4311907
-2.0765328 -2.0307074 -1.9950461 -1.9875007 -1.9827312 -1.9895522 -2.0194524 -2.0715654 -2.1404493 -2.2263845 -2.3308506 -2.4404396 -2.5621706 -2.6881918 -2.8165584 -2.9409228 -3.0625225 -3.1704081 -3.2731329 -3.3646413 -3.4467496 -3.5105801 -3.5624128 -3.6157306 -3.66404 -3.702485 -3.737307 -3.7734299 -3.8132265 -3.8482863 -3.8701251 -3.8924616 -3.9073853 -3.9173641 -3.9173641 -3.9152667 -3.9117052 -3.9030879 -3.8821423 -3.8638238 -3.8547283 -3.8252791 -3.7800544 -3.7238073 -3.6636056 -3.6006841 -3.548094 -3.474267 -3.4154705 -3.3460191 -3.2969627 -3.2303838 -3.1849919 -3.1465605 -3.1356362 -3.1274149 -3.1375888 -3.1585344
-2.0669879 -2.0133432 -1.968572 -1.9444552 -1.9349798 -1.9338298 -1.9587027 -2.0008272 -2.0671549 -2.1452057 -2.2494375 -2.3607342 -2.4850986 -2.6107838 -2.7404587 -2.8697977 -2.9945489 -3.1142481 -3.2191519 -3.3206095 -3.4061543 -3.4820018 -3.5367221 -3.5934352 -3.6437712 -3.6894619 -3.7242839 -3.7604068 -3.8002034 -3.8352632 -3.8562087 -3.8750975 -3.8900212 -3.9 -3.9 -3.8959098 -3.8909352 -3.8793899 -3.8584444 -3.8421186 -3.8264095 -3.7885581 -3.7388123 -3.6744187 -3.6063456 -3.5283086 -3.4602355 -3.3722154 -3.2884331 -3.199631 -3.1263214 -3.0440002 -2.9756178 -2.9242627 -2.8860277 -2.8714565 -2.8675671 -2.8878188
-2.0807671 -2.0246514 -1.969931 -1.9416785 -1.9227278 -1.9198486 -1.9347724 -1.9741278 -2.0357178 -2.1120898 -2.2115813 -2.3206715 -2.4400613 -2.5644215 -2.698735 -2.8300586 -2.9593976 -3.0811322 -3.1905728 -3.2941167 -3.3886337 -3.4688247 -3.5285197 -3.586812 -3.6415324 -3.6894619 -3.7242839 -3.7604068 -3.8002034 -3.8352632 -3.8562087 -3.8750975 -3.8900212 -3.9 -3.9 -3.8958051 -3.8858559 -3.8727668 -3.8518212 -3.8361298 -3.825657 -3.7876059 -3.7328856 -3.6656883 -3.5871423 -3.5008069 -3.40725 -3.311233 -3.2089548 -3.1028487 -3.0004809 -2.897546 -2.8034149 -2.7260326 -2.6674625 -2.6308077 -2.6158859 -2.6263587
-2.1291245 -2.0716247 -2.0197524 -1.9880273 -1.9666547 -1.9612857 -1.973963 -2.0056857 -2.0645634 -2.1395513 -2.2357533 -2.3355415 -2.4549313 -2.5792915 -2.713605 -2.8463127 -2.9756516 -3.0987703 -3.2096523 -3.3180506 -3.4125676 -3.4969108 -3.559285 -3.6247214 -3.6794418 -3.730107 -3.7684891 -3.8046119 -3.8254148 -3.8008814 -3.8203631 -3.835804 -3.8491423 -3.8557948 -3.8765094 -3.9056285 -3.897663 -3.8861177 -3.8674746 -3.8543925 -3.8022917 -3.7335774 -3.6873506 -3.6341499 -3.5611998 -3.4720963 -3.3925103 -3.2952489 -3.1781008 -3.0665932 -2.9427904 -2.8368671 -2.7035775 -2.6224595 -2.5284666 -2.483885 -2.4404996 -2.4437966
-2.1909372 -2.140558 -2.0908122 -2.0563146 -2.0326262 -2.0271388 -2.037088 -2.0676898 -2.1245421 -2.1918292 -2.2813715 -2.3811597 -2.5005495 -2.6215469 -2.7558605 -2.8874472 -3.0167862 -3.140339 -3.2547542 -3.3609107 -3.4554276 -3.5426776 -3.6123217 -3.6743954 -3.7291157 -3.77866 -3.8184566 -3.8340769 -3.7942803 -3.7673101 -3.7830193 -3.7956402 -3.8055893 -3.8313275 -3.8889278 -3.9212653 -3.9162907 -3.9080207 -3.8923115 -3.8398227 -3.7508039 -3.6931662 -3.6533696 -3.6012898 -3.5384531 -3.4696989 -3.3963893 -3.288273 -3.1678359 -3.0395712 -2.9138977 -2.7738654 -2.6376515 -2.5224188 -2.4146619 -2.3465888 -2.2910154 -2.2805426
-2.290285 -2.2435877 -2.2025785 -2.1681835 -2.1492327 -2.1463536 -2.1612728 -2.1907962 -2.2429108 -2.3091672 -2.393735 -2.492926 -2.6083034 -2.7260323 -2.8503967 -2.9801008 -3.1044652 -3.2268341 -3.3362748 -3.4408642 -3.525432 -3.6109793 -3.6768652 -3.7359245 -3.7806957 -3.8281032 -3.8629252 -3.8770018 -3.8222815 -3.7919522 -3.802425 -3.8136896 -3.8186642 -3.843746 -3.9056479 -3.939893 -3.9349185 -3.9276818 -3.9171485 -3.8646596 -3.7756409 -3.7216512 -3.690625 -3.6404707 -3.5819177 -3.5155618 -3.4460632 -3.3408179 -3.223719 -3.0854229 -2.9511531 -2.7958543 -2.6500699 -2.5118873 -2.3957214 -2.2962298 -2.2325076 -2.1958528
-2.396123 -2.3570931 -2.3231999 -2.3038561 -2.2870043 -2.289105 -2.305777 -2.3432962 -2.3954108 -2.4589973 -2.5435651 -2.6383787 -2.7525723 -2.8669834 -2.9908355 -3.1002762 -3.2188402 -3.3385393 -3.4477728 -3.5392813 -3.6238126 -3.6955245 -3.760194 -3.8015563 -3.8463275 -3.8786131 -3.9090597 -3.9204665 -3.8657462 -3.8097104 -3.8200916 -3.8252386 -3.83 -3.8508207 -3.9136574 -3.9479025 -3.942928 -3.9356913 -3.9252186 -3.875339 -3.7877232 -3.7358699 -3.7089402 -3.6762471 -3.6201258 -3.5554871 -3.4965938 -3.3975706 -3.2879055 -3.1519242 -3.0137821 -2.8578856 -2.6978824 -2.5596998 -2.4231059 -2.3236144 -2.2332549 -2.1944918
-2.5103147 -2.4921199 -2.4722216 -2.4579199 -2.4484445 -2.4547628 -2.4796357 -2.5171549 -2.5692695 -2.632856 -2.7174238 -2.8107811 -2.9202218 -3.0304165 -3.1398572 -3.2492979 -3.3587386 -3.4650222 -3.5595391 -3.6485418 -3.7231605 -3.7888622 -3.8286588 -3.8675556 -3.9023776 -3.9344962 -3.9593691 -3.9586837 -3.8790905 -3.8210644 -3.8263008 -3.83 -3.83 -3.8508207 -3.9136574 -3.9479025 -3.942928 -3.9356913 -3.9252186 -3.8777147 -3.7939324 -3.7474663 -3.727568 -3.6948748 -3.6529837 -3.6058138 -3.5586862 -3.4671443 -3.3624163 -3.2306485 -3.0945022 -2.9339195 -2.7723933 -2.6232915 -2.4824332 -2.3672325 -2.2697471 -2.2069103
-2.6409352 -2.6400633 -2.637131 -2.623332 -2.6331824 -2.6571734 -2.690036 -2.7297546 -2.7860249 -2.8496115 -2.9341793 -3.0272852 -3.1306513 -3.2301428 -3.3301869 -3.4332039 -3.523648 -3.6222031 -3.6975201 -3.7800031 -3.8352184 -3.8996634 -3.9088465 -3.9009355 -3.9109949 -3.9377068 -3.9426813 -3.9453246 -3.8856297 -3.8237235 -3.813842 -3.8155907 -3.8109348 -3.8317555 -3.8513474 -3.8462214 -3.8412468 -3.8361645 -3.8298925 -3.7984027 -3.7369881 -3.6969145 -3.6838365 -3.6633289 -3.6346725 -3.6103772 -3.580265 -3.5131776 -3.4226283 -3.3179004 -3.1930959 -3.0470745 -2.8896173 -2.7459073 -2.603766 -2.4833833 -2.3780577 -2.296384
-2.7478817 -2.7771806 -2.7821552 -2.7925359 -2.8082601 -2.851781 -2.8878989 -2.9373467 -2.9953845 -3.062034 -3.1466018 -3.2362925 -3.335784 -3.4219288 -3.5180143 -3.6062643 -3.6898758 -3.7669775 -3.8354109 -3.8949872 -3.9419803 -3.9763531 -3.9614294 -3.9283634 -3.9327542 -3.9345932 -3.9323657 -3.9178275 -3.8551501 -3.8038762 -3.7889744 -3.7752822 -3.7670287 -3.7619674 -3.756731 -3.7439233 -3.7382541 -3.7353261 -3.7307275 -3.7123555 -3.6606515 -3.6417732 -3.6318241 -3.626646 -3.6057004 -3.6050267 -3.5893175 -3.5464494 -3.4731398 -3.3897944 -3.2850665 -3.1547987 -3.0090107 -2.8757348 -2.7395845 -2.6223855 -2.5101777 -2.4241028
-2.8479294 -2.8837561 -2.9185782 -2.9442172 -2.9821188 -3.0256397 -3.0753855 -3.1298331 -3.1961608 -3.2669389 -3.3515067 -3.4390704 -3.5236382 -3.608206 -3.6927738 -3.7739138 -3.8385833 -3.9035807 -3.9533265 -4.0005443 -4.0254172 -4.0414715 -3.9917258 -3.9532004 -3.9432512 -3.9345932 -3.9146949 -3.8867813 -3.8171373 -3.7604115 -3.7342296 -3.7131898 -3.6932915 -3.6797744 -3.6640653 -3.6507847 -3.6408356 -3.6359783 -3.6359783 -3.6192169 -3.5877985 -3.57393 -3.5789045 -3.5779891 -3.5779891 -3.5845521 -3.6002613 -3.5660669 -3.5228137 -3.4495042 -3.3719958 -3.2524552 -3.1269863 -3.0053855 -2.882397 -2.7724327 -2.6654086 -2.5711535
-2.9266522 -2.9832801 -3.0293458 -3.0659699 -3.1147542 -3.1776755 -3.238823 -3.2984659 -3.3678048 -3.4405802 -3.525148 -3.6097158 -3.690498 -3.7601463 -3.826945 -3.8970594 -3.9437056 -3.9943793 -4.022192 -4.0538869 -4.0528153 -4.0558873 -3.9979487 -3.9345504 -3.905561 -3.8847983 -3.8417465 -3.8049372 -3.7235639 -3.6595777 -3.6178165 -3.5869842 -3.5530401 -3.5345299 -3.5144566 -3.4951189 -3.4851698 -3.4836225 -3.4897351 -3.4897351 -3.4738176 -3.4786681 -3.4949711 -3.5122836 -3.5231046 -3.5512581 -3.5754243 -3.5751656 -3.5418049 -3.5088432 -3.4415003 -3.3484406 -3.2306153 -3.1442034 -3.0287287 -2.930877 -2.8258502 -2.7315951
