P1_models/J1_p1_vp_slide_diff2_10.dat.tif
NCOLS 118
NROWS 92
XLLCORNER 139.62
YLLCORNER -39.07
DX 0.099491525
DY 0.099347826
NODATA_VALUE -9999
[rows 50 to 74 of 92, columns 56 to 111 of 118]
0.10959047 0.099528079 0.084782014 0.070035949 0.065339066 0.067471027 0.069602989 0.073302384 0.077921634 0.082540883 0.078322222 0.07379988 0.072134291 0.075752165 0.079370038 0.085441972 0.094654151 0.10386633 0.10265481 0.099891152 0.097257878 0.10626843 0.11527898 0.1229446 0.12538496 0.12782532 0.13129286 0.13523498 0.13733815 0.13001707 0.122696 0.12207464 0.13352555 0.14497646 0.15146681 0.15390716 0.15653067 0.16511425 0.17369783 0.18782139 0.2055738 0.22332621 0.21967458 0.21374336 0.20278663 0.18518428 0.16758194 0.14020534 0.10816907 0.075061373 0.039443407 0.0038254412 -0.028162016 -0.058208457 -0.087928266 -0.11678081
0.11228719 0.097541123 0.082795058 0.068048992 0.06335211 0.065484071 0.067616032 0.069747993 0.072843856 0.077463105 0.073244445 0.073373422 0.076991296 0.08060917 0.084227043 0.090298977 0.098688876 0.095925223 0.093161569 0.090397916 0.087764641 0.096775194 0.10578575 0.1147963 0.12361878 0.12605914 0.12952668 0.12964666 0.12232559 0.11500451 0.10768344 0.10706208 0.11851299 0.1299639 0.14141481 0.1494917 0.15211521 0.16069879 0.17602985 0.19378226 0.21153467 0.22928708 0.22563545 0.2128827 0.19528035 0.177678 0.16007565 0.13269906 0.099199146 0.06358118 0.027963214 -0.0076547521 -0.03964221 -0.069231279 -0.098083821 -0.12693636
0.11030023 0.095554166 0.080808101 0.066062036 0.061365153 0.063497114 0.065629076 0.067761037 0.069892998 0.072385327 0.074612553 0.078230427 0.081848301 0.085466174 0.089084048 0.091959293 0.089195639 0.086431986 0.083668332 0.080904679 0.078271404 0.087281957 0.096292511 0.10530306 0.11431362 0.12332417 0.12195518 0.1146341 0.10731303 0.099991952 0.092670878 0.092049515 0.10350043 0.11495134 0.12640225 0.13785316 0.14769975 0.16423831 0.18199072 0.19974313 0.21749554 0.23524794 0.22297876 0.20537642 0.18777407 0.17017172 0.15256937 0.12333692 0.087718953 0.052100987 0.016483021 -0.019134945 -0.050534292 -0.079386834 -0.10823938 -0.13709192
0.10427986 0.089533798 0.074787732 0.070337074 0.071864162 0.073758409 0.07589037 0.078022332 0.080154293 0.082286254 0.085854766 0.08947264 0.093090514 0.096708387 0.096569748 0.092818892 0.090055238 0.087291585 0.084527931 0.081871267 0.086076496 0.0875865 0.096597053 0.10560761 0.11461816 0.12362871 0.12146865 0.11414758 0.10682651 0.099505431 0.089355326 0.07812939 0.080256581 0.091707492 0.1031584 0.11460932 0.12624809 0.1440005 0.16175291 0.17950532 0.19725773 0.21451141 0.2002557 0.18265336 0.16505101 0.14744866 0.12935331 0.099304221 0.063686255 0.028068289 -0.0075496772 -0.038886859 -0.067531435 -0.096383978 -0.12523652 -0.15408906
0.097584684 0.082838618 0.081874178 0.083295486 0.084822574 0.086421545 0.088200862 0.090332823 0.092464784 0.094596746 0.098165258 0.10178313 0.10540101 0.10368377 0.09916143 0.095410574 0.092646921 0.089883267 0.088432342 0.092669944 0.096875173 0.098189212 0.099503251 0.10755137 0.11656192 0.12557247 0.12341242 0.11609134 0.10877027 0.097377 0.081796252 0.070570316 0.067191359 0.067086509 0.078537421 0.089988332 0.10162711 0.11937952 0.13713193 0.15488434 0.17207534 0.18924251 0.1749868 0.15738445 0.13978211 0.12158818 0.10322051 0.073171423 0.037553457 0.0019354912 -0.028773043 -0.057028636 -0.085673212 -0.11452575 -0.1433783 -0.16929598
0.091989975 0.093411283 0.09483259 0.096253898 0.097780986 0.099379957 0.10097893 0.10264331 0.10477528 0.10690724 0.11047575 0.11409362 0.1107978 0.10627545 0.10175311 0.098002256 0.095238603 0.094993417 0.099231019 0.10346862 0.10767385 0.10898789 0.11030193 0.11161597 0.11850568 0.12751624 0.12535618 0.1180351 0.10539867 0.089817926 0.074237178 0.063011243 0.059632285 0.056253328 0.053916438 0.065367349 0.077006125 0.094758534 0.11247211 0.12963927 0.14680644 0.1639736 0.1497179 0.13211555 0.11382305 0.095455379 0.077087713 0.047038626 0.01142066 -0.018659227 -0.04691482 -0.075170413 -0.10381499 -0.13266753 -0.15819443 -0.18247037
0.10494839 0.10636969 0.107791 0.10921231 0.1107394 0.11233837 0.11393734 0.11553631 0.11713528 0.11921773 0.12243416 0.11791182 0.11338948 0.10886714 0.10434479 0.10059394 0.10155449 0.10579209 0.1100297 0.1142673 0.11847253 0.11978657 0.1211006 0.12241464 0.12372868 0.12946 0.12729994 0.11342035 0.097839601 0.082258853 0.066678104 0.055452169 0.052073212 0.048694254 0.045315297 0.041936339 0.052385142 0.070036041 0.087203206 0.10437037 0.12153754 0.1387047 0.12442558 0.10605791 0.087690248 0.069322582 0.050954915 0.020905828 -0.0085454102 -0.036801003 -0.065056597 -0.09331219 -0.12195677 -0.14709289 -0.17136882 -0.19564475
0.11537202 0.11679332 0.11821463 0.11963594 0.11891303 0.120512 0.12211097 0.12370994 0.12530891 0.12690788 0.12523889 0.12071655 0.1161942 0.11167186 0.10714952 0.10646991 0.11070752 0.11494512 0.11918272 0.12342032 0.12558813 0.12603959 0.12735363 0.12866767 0.12998171 0.13129575 0.12105398 0.10547323 0.089892484 0.074311736 0.058730987 0.048805052 0.045426094 0.042047137 0.038668179 0.035289222 0.032522798 0.049689963 0.066857128 0.084024293 0.10119146 0.11742193 0.10106126 0.082693595 0.064325928 0.045958262 0.027590596 0.0011771017 -0.027078492 -0.055334085 -0.083589678 -0.11184527 -0.13625244 -0.16052838 -0.18480431 -0.20908024
0.1171382 0.11855951 0.11998082 0.12140212 0.11816907 0.1123434 0.11394237 0.11554134 0.11714031 0.11873928 0.12368917 0.12424891 0.11972657 0.11520423 0.11068189 0.11000228 0.11423988 0.11847749 0.12271509 0.12340991 0.12028958 0.11822467 0.11808116 0.1193952 0.12070924 0.12202328 0.11178152 0.096200768 0.08062002 0.065039272 0.048258122 0.038344307 0.041347824 0.03851477 0.035135812 0.031756855 0.028990431 0.046157596 0.063324761 0.080491926 0.095951656 0.10726638 0.088816168 0.068784899 0.050417233 0.032049566 0.0136819 -0.01501973 -0.046948057 -0.07520365 -0.10345924 -0.13171484 -0.1541222 -0.17485566 -0.19913159 -0.22340752
0.11659033 0.12032569 0.121747 0.12316831 0.11993526 0.11353937 0.10714349 0.10737274 0.10897171 0.11057068 0.11552057 0.12058559 0.12325894 0.1187366 0.11421426 0.11353465 0.11777225 0.12200985 0.1212435 0.11811136 0.11499103 0.11292611 0.1108612 0.11012274 0.11143678 0.11275082 0.10250905 0.086928305 0.071347556 0.054301982 0.037219474 0.027305659 0.030309177 0.033312695 0.031603445 0.028224488 0.025458064 0.042625229 0.059792394 0.074481378 0.0857961 0.097110823 0.078660612 0.057040339 0.036508537 0.018140871 -0.00022679548 -0.028928425 -0.062556561 -0.095073215 -0.12332881 -0.1515844 -0.17399176 -0.19327243 -0.21345887 -0.2377348
0.11305797 0.1187432 0.12351318 0.12493449 0.12170144 0.11530556 0.10890967 0.10251379 0.10080311 0.10240209 0.10735197 0.11241699 0.11748201 0.12226896 0.11774662 0.11706702 0.12130462 0.11907709 0.11594495 0.11281281 0.10969248 0.10762756 0.10556265 0.10349773 0.10216432 0.10347835 0.093236589 0.077428349 0.060345841 0.043263334 0.026180827 0.016267012 0.01927053 0.022274047 0.025277565 0.02469212 0.021925696 0.039092862 0.0530111 0.064325822 0.075640545 0.086955267 0.068505057 0.046884783 0.025264509 0.0042321751 -0.014135491 -0.042837121 -0.076465256 -0.11009339 -0.14319837 -0.17145397 -0.19386133 -0.21314199 -0.23242265 -0.25206208
0.1095256 0.11521083 0.12089606 0.12658129 0.12346762 0.11707174 0.11067586 0.10427997 0.097884088 0.094233486 0.099183368 0.10424839 0.10931341 0.11437844 0.11944346 0.12004282 0.11691068 0.11377854 0.1106464 0.10751425 0.10439393 0.10232901 0.10026409 0.098199176 0.096134258 0.094205891 0.083472209 0.066389701 0.049307194 0.032224687 0.01514218 0.0052283646 0.0082318823 0.0112354 0.014238918 0.017242436 0.018393329 0.031540822 0.042855544 0.054170267 0.065484989 0.076799712 0.058349501 0.036729228 0.015108954 -0.00651132 -0.028044187 -0.056745817 -0.090373952 -0.12400209 -0.15763022 -0.19125836 -0.21373089 -0.23301156 -0.25229222 -0.27157288
0.10383913 0.10952436 0.11520959 0.12089482 0.12658005 0.12345386 0.11705798 0.1106621 0.10426621 0.09787033 0.089783851 0.094848874 0.099913897 0.10497892 0.11004394 0.11151311 0.10838097 0.10524883 0.10211669 0.098984545 0.095410942 0.093953168 0.091888249 0.089823331 0.087758413 0.085693494 0.07335675 0.056274242 0.039191735 0.022109228 0.0073135186 0.0038536529 0.0044248775 0.0074283952 0.010431913 0.013435431 0.016686727 0.02800145 0.039316172 0.050630895 0.061945617 0.068937532 0.049732593 0.028112319 0.0064920456 -0.015128228 -0.036748502 -0.068117113 -0.10197468 -0.13560281 -0.16923095 -0.20285908 -0.22902108 -0.24865323 -0.26793389 -0.28721455
0.097215937 0.10290117 0.1085864 0.11427163 0.11995686 0.12564209 0.12544735 0.11905147 0.11265559 0.1062597 0.096428588 0.086479435 0.089979115 0.095044138 0.10010916 0.10157832 0.098446184 0.095314043 0.09215733 0.088472459 0.084813841 0.083499802 0.08217424 0.080109321 0.078044403 0.075979484 0.06364274 0.046560233 0.029477726 0.016962679 0.012832842 0.0093729766 0.0071203383 0.0067660764 0.0097695942 0.012773112 0.016024408 0.027339131 0.038653853 0.049968576 0.056138362 0.061210479 0.041986491 0.020174887 -0.0014557805 -0.023076054 -0.044696328 -0.07606494 -0.11208087 -0.14619991 -0.17982805 -0.21345618 -0.23961818 -0.26178847 -0.28173705 -0.30101772
0.094598419 0.09673038 0.10196321 0.10764844 0.11333367 0.1190189 0.12470413 0.12744084 0.12104496 0.11464907 0.10481796 0.094868807 0.084919655 0.085109355 0.090174378 0.091643542 0.088511401 0.0852451 0.081560229 0.077875358 0.074216739 0.0729027 0.071588661 0.070274622 0.068330393 0.066265475 0.05392873 0.036846223 0.02661184 0.022482003 0.018352166 0.0148923 0.012639662 0.010387024 0.0091072753 0.012110793 0.015362089 0.026676812 0.037991534 0.043339192 0.048411309 0.053483426 0.034259438 0.012447834 -0.0093637696 -0.03102388 -0.052644154 -0.084012766 -0.1200287 -0.15604463 -0.19042515 -0.22405329 -0.25021528 -0.27238557 -0.29455587 -0.31482088
0.09239069 0.094522651 0.096654612 0.10102525 0.10671048 0.11239571 0.11808094 0.12376617 0.12943433 0.12303845 0.11320733 0.10325818 0.093309027 0.083359874 0.080239596 0.081708759 0.07833287 0.074647999 0.070963128 0.067278256 0.063619638 0.062305599 0.06099156 0.059677521 0.058363482 0.056551465 0.044214721 0.036261 0.032131163 0.028001327 0.02387149 0.020411624 0.018158986 0.015906347 0.013653709 0.011448474 0.014699771 0.025467905 0.030540022 0.035612139 0.040684256 0.045756373 0.026532385 0.0047207809 -0.017090823 -0.038902426 -0.06059198 -0.091960592 -0.12797652 -0.16399246 -0.20000839 -0.23465039 -0.26081238 -0.28298268 -0.30515297 -0.32732326
0.090330786 0.092462748 0.094594709 0.09672667 0.099274249 0.10495948 0.11064471 0.11632994 0.12201517 0.1277004 0.11827062 0.10832146 0.098372312 0.088423159 0.078474007 0.069535857 0.065850986 0.062166115 0.058481243 0.054796372 0.050188197 0.050304149 0.04899011 0.047676071 0.046362032 0.045047993 0.041807987 0.03767815 0.033548313 0.029418476 0.025288639 0.023048339 0.020795701 0.018543062 0.016290424 0.014037786 0.012003517 0.017075634 0.022147751 0.027219868 0.032291985 0.036782358 0.016957505 -0.0048540984 -0.026665702 -0.048477306 -0.070288909 -0.10242146 -0.13843739 -0.17445333 -0.21046926 -0.24648519 -0.27203775 -0.29420804 -0.31637833 -0.33854863
0.089006149 0.09113811 0.093441924 0.099304817 0.097974612 0.093479286 0.099164516 0.10484975 0.11053498 0.11622021 0.10679042 0.096841271 0.086892118 0.076942966 0.059652947 0.047679336 0.043994464 0.040309593 0.036624722 0.03082512 0.022150032 0.028532507 0.030003637 0.028689598 0.027375559 0.02606152 0.022821514 0.018691677 0.01456184 0.010432003 0.01534461 0.01764154 0.0091941465 0.0068420961 0.0045894578 0.0023368195 0.00030255119 0.0053746682 0.010446785 0.015518902 0.019187146 0.018016657 -0.0018081952 -0.023619799 -0.045431402 -0.067331033 -0.092777904 -0.12538185 -0.16139778 -0.19741371 -0.23342964 -0.26209769 -0.28638799 -0.30855828 -0.33072857 -0.35289887
0.087681511 0.090890625 0.096753518 0.10261641 0.10128621 0.095067985 0.088849765 0.093369552 0.099054782 0.10474001 0.09531023 0.085361078 0.074698737 0.056247581 0.037796426 0.025822814 0.022137943 0.018453071 0.011630647 0.0027869559 -0.005888132 0.00049434322 0.0068768184 0.0097031245 0.0083890855 0.0070750465 0.0038350401 -0.00029479679 -0.0044246337 0.0026694774 0.010929151 0.013226081 0.0047786875 -0.0036687061 -0.0071115084 -0.0093641467 -0.011398415 -0.006326298 -0.001254181 0.0015919338 0.00042144523 -0.0007490433 -0.020573896 -0.042385499 -0.064844548 -0.090291419 -0.11573829 -0.14834223 -0.18435817 -0.21993674 -0.24819233 -0.27644793 -0.30073823 -0.32290852 -0.34501987 -0.36527675
0.088339325 0.094202219 0.10006511 0.10592801 0.1045978 0.09837958 0.092161359 0.085943139 0.087574589 0.093259819 0.083830037 0.071293371 0.052842215 0.03439106 0.015939904 0.0039662922 0.00028142086 -0.007563826 -0.016407517 -0.025251208 -0.033926296 -0.027543821 -0.021161346 -0.014778871 -0.010597388 -0.011911427 -0.015151433 -0.018265329 -0.010005655 -0.0017459815 0.0065136923 0.0088106223 0.0003632286 -0.0080841651 -0.016531559 -0.021065113 -0.023099381 -0.018027264 -0.016003278 -0.017173767 -0.018344255 -0.019514744 -0.039339596 -0.062358064 -0.087804935 -0.11325181 -0.13869868 -0.17130262 -0.20603139 -0.23428698 -0.26254258 -0.29079817 -0.31508847 -0.33699029 -0.35724716 -0.37750404
0.09165092 0.097513813 0.10337671 0.1092396 0.10790939 0.10169117 0.095472953 0.089254733 0.083036513 0.081779626 0.067888005 0.049436849 0.030985694 0.012534538 -0.0059166177 -0.017914608 -0.026758299 -0.03560199 -0.044445681 -0.053289373 -0.06196446 -0.055581985 -0.04919951 -0.042817035 -0.03643456 -0.0308979 -0.030940462 -0.022680788 -0.014421114 -0.0061614404 0.0020982334 0.0043951633 -0.0040522303 -0.012499624 -0.020947018 -0.029394411 -0.034800347 -0.03359849 -0.034768979 -0.035939467 -0.037109956 -0.038280444 -0.05987158 -0.08531845 -0.11076532 -0.13621219 -0.16165906 -0.19212604 -0.22038163 -0.24863722 -0.27689282 -0.30514841 -0.32896071 -0.34921758 -0.36947445 -0.38973132
0.08003226 0.085895154 0.091758047 0.097620941 0.097877448 0.09223284 0.08601462 0.0797964 0.073578179 0.067359959 0.052195613 0.033744458 0.015293302 -0.0031578534 -0.021609009 -0.035845647 -0.044689338 -0.053533029 -0.06237672 -0.071220411 -0.080037442 -0.073513024 -0.067130549 -0.060748073 -0.054365598 -0.047983123 -0.04031667 -0.032056996 -0.023797322 -0.015537648 -0.0067653963 -0.0025495345 -0.011844199 -0.020291593 -0.028738986 -0.03718638 -0.04541683 -0.046587319 -0.047757807 -0.048928296 -0.050098784 -0.056780041 -0.080860468 -0.10630734 -0.13175421 -0.15720108 -0.18264795 -0.20864935 -0.23681219 -0.26506778 -0.29332337 -0.32157897 -0.34291053 -0.3629778 -0.38323467 -0.40349155
0.059936904 0.065799798 0.071662691 0.077525585 0.077782092 0.074228823 0.069306122 0.063087902 0.056869681 0.050651461 0.036104369 0.021271087 0.0031006145 -0.015350541 -0.033801697 -0.048038334 -0.056882026 -0.065725717 -0.074572773 -0.083600708 -0.09245592 -0.085885725 -0.079323236 -0.072940761 -0.066558286 -0.060175811 -0.052509357 -0.044249684 -0.03599001 -0.026380203 -0.013990693 -0.0097748309 -0.020287143 -0.030000585 -0.038447978 -0.046895372 -0.055125822 -0.056296311 -0.057466799 -0.058637288 -0.066669745 -0.076423816 -0.10053314 -0.12617134 -0.15162378 -0.17707065 -0.20251752 -0.22851892 -0.25478468 -0.28267944 -0.31093503 -0.33919063 -0.36052219 -0.37815189 -0.39786522 -0.41812209
0.034428706 0.045088512 0.051567336 0.057430229 0.057686736 0.054133468 0.050580199 0.046379404 0.040161183 0.033942963 0.019395871 0.0045625894 -0.010270693 -0.027543229 -0.045994385 -0.060231022 -0.069074713 -0.077963317 -0.086991251 -0.096019186 -0.1048744 -0.098304204 -0.091734009 -0.085163814 -0.078750974 -0.072368499 -0.064702045 -0.056442371 -0.045995011 -0.0336055 -0.021215989 -0.017000127 -0.027512439 -0.038024752 -0.04815697 -0.056604364 -0.064834814 -0.066005303 -0.067175791 -0.076559448 -0.086313519 -0.096067591 -0.12017691 -0.14581511 -0.17145331 -0.19694021 -0.22238708 -0.24838848 -0.27465425 -0.30092001 -0.32854669 -0.35680229 -0.37813385 -0.39576355 -0.41339325 -0.43275264
0.0082370066 0.018896813 0.029556619 0.037334873 0.037591381 0.034038112 0.030484843 0.026931574 0.023378306 0.017234465 0.0026873734 -0.012145909 -0.026979191 -0.041812473 -0.058187072 -0.07242371 -0.08135386 -0.090381795 -0.09940973 -0.10843766 -0.11729288 -0.11072268 -0.10415249 -0.097582292 -0.091012097 -0.084561186 -0.076894733 -0.065609818 -0.053220307 -0.040830796 -0.028441286 -0.024225424 -0.034737736 -0.045250048 -0.05576236 -0.066274672 -0.074543806 -0.076695081 -0.086449152 -0.096203223 -0.10595729 -0.11571137 -0.13982068 -0.16545889 -0.19109709 -0.21673529 -0.24225665 -0.26825805 -0.29452381 -0.32078957 -0.34705534 -0.37441395 -0.39574551 -0.41337521 -0.43100491 -0.44863461
