P1_models/J1_p1__temp2_slide_220.dat.tif
NCOLS 118
NROWS 92
XLLCORNER 139.62
YLLCORNER -39.07
DX 0.099491525
DY 0.099347826
NODATA_VALUE -9999
[rows 27 to 53 of 92, columns 0 to 59 of 118]
-9999 1107.4813 1101.4156 1093.4746 1074.3667 1055.2588 1036.1509 1025.2438 1023.8017 1022.3596 1020.9174 1020.9176 1021.3136 1024.3829 1032.8055 1041.2281 1049.6508 1051.6067 1050.9699 1055.7735 1073.1282 1090.4828 1099.9677 1108.4895 1117.0113 1126.0234 1136.3496 1146.6758 1157.002 1164.6155 1171.1361 1175.9566 1177.4999 1179.0432 1195.182 1211.767 1228.3521 1235.2163 1228.1733 1221.1303 1214.0874 1211.7647 1209.8929 1212.5563 1218.4801 1224.4039 1228.3932 1220.8364 1213.2796 1193.429 1171.4539 1149.4787 1134.1207 1126.0857 1123.2091 1138.2007 1153.1923 1168.1839 1184.0933 1200.1697
-9999 1122.7381 1110.9367 1091.8288 1072.7209 1053.613 1034.5051 1023.5981 1022.1559 1020.7138 1019.2716 1017.8295 1017.2856 1020.3549 1028.7775 1037.2001 1045.6227 1054.0454 1058.4904 1063.2939 1079.1849 1087.7067 1096.2285 1104.7502 1113.272 1122.2841 1132.6103 1142.9365 1153.2627 1163.5889 1172.1672 1176.9877 1181.8979 1198.483 1215.068 1231.6531 1248.2382 1255.1023 1248.0594 1241.0164 1233.9734 1226.9304 1223.4068 1226.0702 1231.9939 1237.9177 1243.8415 1249.7652 1243.1186 1223.2681 1201.2929 1179.3177 1157.3425 1139.3391 1136.4625 1151.4541 1166.4457 1181.4373 1196.4289 1212.1325
-9999 1130.1179 1111.01 1091.9021 1072.7942 1053.6862 1034.5783 1023.8278 1022.3857 1020.9435 1019.5014 1018.0593 1016.6171 1019.2468 1027.6694 1036.092 1044.5147 1052.9373 1061.3599 1069.8125 1078.3343 1086.8561 1095.3779 1103.8996 1112.4214 1119.3681 1129.6943 1140.0205 1150.3467 1160.6729 1170.9991 1183.4631 1200.0482 1216.6333 1233.2183 1249.8034 1266.3885 1270.6884 1263.6454 1256.6024 1249.5595 1242.5165 1235.4735 1236.5208 1242.4445 1248.3683 1254.292 1260.2158 1266.1396 1251.7606 1229.7854 1207.8102 1185.835 1163.8598 1148.1359 1163.1275 1178.1191 1193.1107 1208.1022 1223.0938
-9999 1144.3428 1125.2349 1106.127 1087.0191 1067.9112 1057.3228 1047.6102 1038.0556 1036.6134 1035.1713 1033.7292 1032.287 1036.0271 1050.145 1059.0219 1067.4446 1075.8672 1084.2898 1092.7424 1101.2642 1109.786 1118.3078 1126.8295 1128.1954 1128.3494 1134.0939 1143.8815 1154.2077 1164.5339 1174.8601 1187.3242 1203.9092 1220.4943 1237.0794 1253.6644 1272.9448 1272.4775 1243.8325 1236.7895 1229.7466 1222.7036 1215.6606 1218.5852 1227.6772 1233.601 1239.5247 1245.4485 1251.3722 1256.5664 1247.1933 1225.2181 1203.2429 1181.2677 1164.0448 1163.2833 1176.7844 1191.776 1206.7676 1221.7592
-9999 1158.5677 1139.4598 1120.3519 1103.1038 1093.4557 1083.8076 1074.0951 1064.308 1054.521 1050.8412 1049.3991 1047.9569 1051.697 1065.8149 1079.9327 1090.3745 1098.7971 1107.2197 1115.6723 1124.1941 1132.7159 1141.2377 1139.7313 1137.7995 1137.9536 1143.6981 1149.4426 1158.0688 1168.395 1178.7212 1191.1852 1207.7703 1224.3553 1241.1229 1261.0741 1281.0254 1280.558 1250.879 1221.2 1209.9336 1202.8907 1195.8477 1198.7723 1208.8625 1218.8336 1224.7574 1230.6812 1236.6049 1241.7991 1246.8671 1242.6259 1220.6507 1198.6755 1181.4527 1180.6912 1179.9297 1190.4414 1205.433 1220.4246
-9999 1172.7927 1153.6847 1139.2367 1129.5886 1119.9406 1110.2925 1100.5799 1090.7929 1081.0059 1071.2188 1065.069 1063.6268 1067.3669 1081.4848 1095.6026 1109.7205 1121.727 1130.1496 1138.6022 1147.124 1153.1991 1151.2673 1149.3355 1147.4037 1147.5577 1153.3023 1159.0468 1164.7914 1172.256 1182.5822 1195.0462 1211.6313 1229.2522 1249.2034 1269.1547 1289.1059 1288.6386 1258.9596 1229.2806 1199.6016 1183.0778 1176.0348 1178.9594 1189.0496 1199.1398 1209.23 1215.9139 1221.8376 1227.0317 1232.0998 1237.1678 1238.0586 1216.0834 1198.8605 1198.099 1197.3376 1196.5761 1204.0983 1219.0899
-9999 1187.0176 1175.3696 1165.7216 1156.0735 1146.4254 1136.7774 1127.0648 1117.2777 1107.4907 1097.7037 1087.9167 1079.2967 1083.0368 1097.1547 1111.2725 1125.3904 1139.5082 1153.0795 1161.5321 1164.7351 1162.8033 1160.8715 1158.9397 1157.0079 1157.1619 1162.9065 1168.651 1174.3956 1180.1401 1186.4432 1198.9073 1217.3815 1237.3327 1257.284 1277.2353 1297.1865 1296.7192 1267.0402 1237.3612 1207.6822 1178.0031 1156.2219 1159.1465 1169.2367 1179.3269 1189.417 1199.5072 1207.0703 1212.2644 1217.3325 1222.4005 1227.4685 1232.5365 1216.2684 1215.5069 1214.7454 1213.984 1213.2225 1217.7553
-9999 1205.8071 1196.159 1186.511 1176.8629 1167.2148 1157.5668 1143.224 1133.4424 1123.6554 1113.8684 1104.0813 1094.2943 1087.4969 1099.2474 1113.3652 1127.4831 1141.6009 1155.7188 1164.9835 1163.0517 1161.1199 1159.1881 1157.2563 1155.3245 1170.1801 1178.2215 1183.966 1189.7106 1195.4551 1201.1996 1211.7967 1231.748 1251.6992 1271.6505 1291.6017 1311.553 1311.7394 1284.1287 1254.4497 1224.7707 1195.0917 1165.4126 1156.6155 1166.7057 1176.7959 1186.8861 1196.9762 1207.0664 1205.9598 1211.0279 1216.0959 1221.1639 1226.232 1230.7858 1230.8544 1230.0929 1229.3315 1228.57 1227.8085
-9999 1217.2032 1207.5551 1197.907 1188.259 1175.9 1156.8462 1142.1653 1132.5313 1122.7993 1113.0123 1103.2252 1093.4382 1086.6408 1085.8303 1093.0655 1107.1833 1121.3012 1135.419 1144.6837 1142.7519 1140.8201 1138.8883 1138.53 1160.506 1181.0194 1197.6126 1208.6997 1214.4443 1220.1888 1225.9334 1236.5304 1256.4817 1276.433 1296.3842 1311.7303 1305.4569 1302.8857 1305.6111 1286.3947 1256.7157 1227.0367 1197.3577 1188.0067 1193.2693 1202.7676 1212.8577 1222.9479 1233.0381 1225.9974 1218.6807 1223.7487 1228.8167 1233.8848 1238.4386 1241.2116 1242.0423 1241.2808 1240.5194 1239.7579
-9999 1228.5992 1218.9512 1209.3031 1193.895 1174.8413 1155.7875 1141.1066 1131.4726 1121.8385 1112.1561 1102.3691 1092.5821 1085.7847 1084.9741 1084.1636 1086.8835 1101.0014 1115.1192 1124.3839 1122.4521 1120.5203 1127.3933 1149.3693 1171.3453 1191.8587 1208.4518 1225.045 1239.178 1244.9225 1250.6671 1261.2642 1281.2154 1301.1667 1309.15 1302.8766 1296.6033 1294.0321 1296.7575 1299.4829 1288.6608 1258.9818 1229.3028 1219.9518 1225.2144 1230.477 1238.8294 1248.9196 1259.0098 1251.9691 1241.9677 1231.9663 1236.4695 1241.5376 1246.0915 1248.8644 1251.6374 1253.2302 1252.4688 1251.7073
-9999 1239.9953 1230.3472 1211.8901 1192.8363 1173.7826 1154.7288 1140.0479 1130.4139 1120.7798 1111.1458 1101.5117 1091.726 1084.9285 1084.118 1083.3075 1082.497 1081.6864 1094.8194 1104.0841 1102.1523 1116.2565 1138.2325 1160.2086 1182.1846 1202.698 1219.2911 1235.8843 1252.4774 1269.0706 1275.4008 1285.9979 1305.9491 1306.5697 1300.2964 1294.023 1287.7497 1285.1785 1287.9039 1290.6293 1293.3546 1290.9269 1261.2479 1251.8969 1257.1595 1262.4221 1267.6846 1274.8913 1284.9815 1277.9408 1267.9394 1257.938 1247.9366 1249.1904 1253.7443 1256.5172 1259.2902 1262.0632 1264.4181 1263.6567
-9999 1248.939 1229.8852 1210.8314 1191.7776 1172.7239 1153.6701 1138.9892 1129.3552 1119.7211 1110.0871 1100.453 1090.819 1084.0724 1083.2619 1082.4514 1081.6409 1080.8303 1080.0198 1083.7843 1105.1198 1127.0958 1149.0718 1171.0478 1193.0238 1213.5372 1230.1304 1246.7236 1263.3167 1279.9099 1296.5031 1310.2628 1303.9895 1297.7161 1291.4428 1285.1694 1278.896 1276.3249 1279.0503 1281.7756 1284.501 1287.2264 1289.9518 1283.842 1289.1046 1294.3671 1299.6297 1304.8923 1310.9532 1303.9125 1293.9111 1283.9097 1273.9083 1263.9069 1261.3971 1264.17 1266.943 1269.716 1272.489 1275.2619
-9999 1245.9258 1226.8721 1207.8183 1188.7645 1169.7107 1159.8798 1156.0894 1146.4554 1136.8213 1127.1873 1117.5532 1103.8482 1092.4824 1098.8753 1098.0647 1097.2542 1096.4437 1095.6332 1101.7129 1123.689 1145.665 1167.641 1189.617 1209.0081 1222.2054 1239.7257 1256.3189 1272.912 1289.5052 1306.0983 1314.881 1308.6077 1302.3343 1296.061 1289.7876 1279.9172 1271.6002 1274.3256 1277.051 1279.7764 1282.5018 1286.969 1290.7731 1294.9801 1300.2427 1305.5052 1310.7678 1316.0304 1308.2783 1298.2769 1288.2755 1278.2741 1270.8154 1278.5754 1281.3484 1284.1213 1286.8943 1289.6673 1282.7105
-9999 1242.2517 1223.1979 1204.1441 1185.0904 1181.8487 1183.1216 1179.3312 1169.6971 1160.0631 1150.429 1132.6326 1110.3775 1099.0117 1109.4523 1119.2483 1118.4377 1117.6272 1116.8167 1122.8965 1144.8725 1166.8485 1188.8245 1205.0245 1216.4501 1229.6474 1247.5934 1265.4934 1282.0866 1298.6797 1315.2729 1324.0556 1317.7822 1311.5089 1305.2355 1292.6243 1276.589 1268.2721 1270.9975 1273.7229 1276.4482 1281.7789 1287.8372 1291.6413 1293.8249 1297.3011 1302.5637 1307.8262 1313.0888 1305.3367 1295.3353 1285.334 1282.0156 1291.2154 1298.9754 1301.7484 1304.5213 1307.2943 1296.1731 1279.6333
-9999 1238.5775 1219.5238 1202.5448 1203.8177 1205.0905 1206.3634 1202.573 1192.9389 1183.3049 1161.417 1139.1619 1116.9068 1105.541 1115.9816 1126.4223 1136.8629 1138.8108 1138.0002 1144.08 1166.0561 1188.0321 1201.0409 1212.4665 1223.8922 1237.0895 1255.0354 1272.9813 1290.9272 1307.8543 1324.4475 1333.2302 1326.9568 1320.6834 1305.3315 1289.2962 1273.2609 1264.9439 1267.6693 1270.5304 1276.5887 1282.6471 1288.7054 1292.5096 1294.6931 1296.8767 1299.6221 1304.8847 1310.1473 1302.3952 1292.3938 1293.2158 1302.4156 1311.6154 1319.3754 1322.1484 1324.9213 1309.6356 1293.0959 1276.5561
-9999 1234.9034 1224.5138 1225.7866 1227.0595 1228.3323 1229.6051 1225.8147 1212.4566 1190.2015 1167.9463 1145.6912 1123.4361 1112.0703 1122.511 1132.9516 1143.3922 1153.8329 1159.1838 1165.2636 1185.6317 1197.0574 1208.483 1219.9086 1231.3342 1244.5315 1262.4774 1280.4233 1298.3692 1316.3151 1333.622 1342.4047 1334.0741 1318.0387 1302.0034 1285.968 1269.9327 1261.6158 1265.3403 1271.3986 1277.457 1283.5153 1289.5737 1293.3778 1295.5613 1297.7449 1299.9285 1302.1121 1307.2057 1299.4536 1304.4161 1313.6158 1322.8156 1332.0154 1339.7754 1339.638 1323.0982 1306.5584 1290.0187 1273.4789
-9999 1242.7749 1244.0478 1245.3206 1246.5935 1247.8663 1249.1391 1240.0085 1217.7534 1195.4983 1173.2432 1150.9881 1128.733 1118.501 1128.9416 1139.3822 1149.8229 1160.2635 1170.7042 1181.4426 1192.8682 1204.2939 1215.7195 1227.1451 1238.5707 1247.9909 1265.9368 1283.8827 1301.8286 1319.7745 1337.7204 1344.0594 1328.0241 1311.9888 1295.9534 1279.9181 1263.8828 1257.675 1263.7334 1269.7917 1275.8501 1281.9084 1287.9668 1293.7512 1295.9348 1298.1184 1300.302 1302.4855 1304.6691 1313.4154 1322.6152 1331.815 1341.0147 1350.2145 1354.2338 1337.694 1321.1542 1304.6145 1288.0747 1271.535
-9999 1234.3448 1235.6176 1236.8904 1238.1633 1239.4361 1238.858 1230.6509 1213.755 1191.4999 1169.2448 1146.9897 1124.7345 1115.8991 1133.9372 1145.0687 1155.5094 1165.95 1176.3907 1187.1291 1198.5547 1209.9804 1221.406 1232.8316 1244.1856 1250.3426 1242.6538 1257.3048 1275.2507 1293.1966 1311.1425 1317.4816 1301.4462 1285.4109 1269.3756 1253.3402 1246.1164 1243.1217 1243.4592 1249.5176 1255.5759 1261.6343 1267.6926 1279.6233 1292.5769 1294.7604 1296.944 1299.1276 1301.3112 1313.0302 1324.2153 1333.4151 1342.6149 1351.8146 1356.1902 1343.8554 1327.7573 1311.2175 1294.6778 1278.138
-9999 1225.9146 1227.1874 1228.4602 1229.311 1228.5543 1227.7975 1219.5903 1202.7844 1185.9784 1165.2463 1142.9912 1120.7361 1111.9006 1129.9388 1147.9769 1161.1959 1171.6365 1182.0772 1192.8156 1204.2412 1215.6669 1227.0925 1238.4183 1249.7411 1255.898 1248.2092 1240.5204 1248.6729 1266.6188 1284.5647 1290.9037 1274.8684 1258.833 1243.5052 1238.3259 1233.1466 1230.1519 1230.2826 1230.4134 1235.3018 1241.3601 1247.4185 1259.3491 1275.5013 1291.4025 1293.5861 1295.7696 1297.9532 1309.6723 1323.0393 1335.0152 1344.215 1353.4148 1357.7903 1345.4555 1333.1207 1317.8206 1301.2808 1284.7411
-9999 1217.4844 1218.7572 1219.0072 1218.2505 1217.4937 1216.7369 1208.5297 1191.7238 1174.9179 1158.1119 1138.9928 1116.7377 1107.9022 1125.9404 1143.9785 1162.0166 1177.323 1187.7637 1198.5021 1209.9277 1221.3281 1232.6509 1243.9737 1255.2965 1261.4535 1253.7646 1246.0758 1238.387 1240.0409 1257.9868 1264.3258 1248.2905 1235.7147 1230.5354 1225.3562 1220.1769 1217.1822 1217.3129 1217.4436 1217.5743 1221.086 1227.1443 1239.075 1255.2272 1271.3794 1287.5316 1292.4117 1294.5953 1306.3143 1319.6813 1333.0484 1345.8151 1355.0149 1359.3905 1347.0557 1334.7208 1322.386 1307.8838 1291.3441
-9999 1209.0542 1208.7034 1207.9467 1207.1899 1206.4331 1205.6763 1197.4691 1180.6632 1163.8573 1147.0514 1130.2455 1112.7392 1103.9038 1121.9419 1139.9801 1158.0182 1176.0564 1193.4502 1204.1886 1215.5608 1226.8836 1238.2064 1249.5292 1260.852 1267.0089 1259.3201 1251.6313 1243.9424 1236.2536 1231.4089 1237.748 1227.9243 1222.745 1217.5657 1212.3864 1207.2071 1204.2124 1204.3431 1204.4738 1204.6046 1204.7353 1206.8702 1218.8009 1234.953 1251.1052 1267.2574 1283.4096 1291.2373 1302.9563 1316.3234 1329.6904 1343.0575 1356.4245 1360.9906 1348.6558 1336.321 1323.9862 1311.6513 1297.9471
-9999 1203.5065 1202.7497 1201.9929 1201.2361 1200.4793 1199.7226 1196.161 1179.3551 1162.5492 1145.7432 1128.9373 1112.1314 1106.0866 1121.7 1139.7382 1157.7763 1175.8145 1193.8526 1209.8601 1221.1829 1232.5057 1243.8285 1255.1513 1266.4741 1268.6681 1262.7453 1255.0565 1247.3676 1239.6788 1231.9899 1225.1583 1219.979 1214.7997 1209.6204 1204.4411 1199.2618 1202.3503 1202.481 1202.6117 1202.7425 1202.8732 1203.2756 1201.721 1217.8732 1234.0254 1250.1776 1266.3297 1282.4819 1296.2594 1309.6264 1322.9935 1336.3605 1349.7276 1355.797 1343.4621 1331.1273 1318.7925 1306.4577 1295.0055
-9999 1205.6688 1204.912 1204.1552 1203.3984 1205.6683 1213.7979 1210.3518 1193.5459 1176.74 1159.9341 1144.5759 1134.6829 1129.6347 1134.2885 1145.4664 1163.5045 1181.5427 1199.5808 1215.5883 1226.9111 1238.2339 1249.5567 1259.5071 1259.1333 1258.8234 1258.6844 1255.0962 1247.4074 1239.7185 1232.0297 1225.198 1220.0187 1214.8394 1209.6601 1207.203 1214.0545 1218.1409 1218.2716 1218.4023 1218.533 1219.9248 1223.5024 1219.571 1210.2415 1222.0219 1238.1741 1254.3263 1270.4785 1284.256 1297.623 1310.99 1324.3571 1334.6869 1339.8064 1327.4716 1315.1367 1302.8019 1294.193 1293.5758
-9999 1207.831 1207.0742 1206.3174 1211.7296 1219.8592 1227.9888 1224.5427 1207.7368 1190.9308 1178.017 1168.124 1158.231 1153.1828 1157.8366 1162.4905 1169.2327 1187.2708 1205.309 1221.3165 1232.6393 1243.9621 1250.0361 1249.6624 1249.2886 1248.9787 1248.8397 1248.7008 1247.4471 1239.7582 1232.0694 1225.2377 1220.0585 1214.8792 1216.1422 1222.9936 1229.845 1233.9314 1234.0622 1234.1929 1236.574 1240.1516 1243.7292 1239.7978 1230.4683 1221.1388 1226.1707 1242.3229 1258.4751 1272.2525 1285.6196 1298.3794 1308.5379 1318.6963 1323.8158 1311.481 1299.1462 1293.3805 1292.7633 1292.1461
-9999 1209.9933 1209.6612 1217.7908 1225.9204 1234.05 1242.1796 1238.7335 1221.9276 1211.4582 1201.5651 1191.6721 1181.779 1176.7308 1181.3847 1186.0386 1190.6925 1195.3464 1211.0371 1227.0447 1238.3675 1240.5652 1240.1914 1239.8177 1239.4439 1239.134 1238.995 1238.8561 1238.7171 1238.5782 1232.1091 1225.2775 1220.0982 1225.0813 1231.9327 1238.7842 1245.6356 1249.722 1249.8527 1253.2232 1256.8008 1260.3784 1263.956 1260.0246 1250.695 1241.3655 1232.036 1230.3195 1246.4717 1260.2491 1272.2304 1282.3888 1292.5473 1302.7057 1307.8252 1295.4904 1292.568 1291.9508 1291.3336 1290.7164
-9999 1215.7224 1223.852 1231.9816 1240.1112 1248.2408 1256.3704 1254.7923 1244.8993 1235.0063 1225.1132 1215.2202 1205.3271 1200.2789 1204.9328 1209.5867 1214.2406 1218.8944 1223.5483 1231.468 1231.0942 1230.7205 1230.3467 1229.973 1229.5992 1229.2892 1229.1503 1229.0113 1228.8724 1228.7334 1228.5945 1227.169 1234.0204 1240.8719 1247.7233 1254.5747 1261.4261 1266.2948 1269.8724 1273.45 1277.0276 1280.6052 1284.1827 1280.2513 1270.9218 1261.5923 1252.2628 1242.9333 1234.4682 1246.0814 1256.2398 1266.3982 1276.5567 1286.7151 1292.3727 1291.7554 1291.1382 1290.521 1289.9038 1289.2866
-9999 1235.3565 1243.4861 1251.6157 1259.7453 1267.8749 1261.437 1248.1616 1238.2685 1228.3755 1218.4824 1208.5894 1212.1043 1225.0374 1226.9892 1231.6431 1236.297 1240.9509 1245.6047 1248.7383 1248.3646 1247.9908 1247.6171 1247.2433 1242.3526 1233.6466 1233.7905 1233.6516 1233.5126 1233.3737 1233.2347 1235.4835 1242.3349 1249.1863 1256.0377 1262.8892 1266.7192 1268.7272 1272.3048 1275.8824 1279.46 1283.0376 1287.9505 1287.7984 1280.8804 1271.5509 1262.2214 1252.8919 1243.5624 1250.8491 1261.0075 1271.166 1281.3244 1287.4408 1283.3682 1282.751 1282.1338 1281.5166 1280.8994 1288.8566
