P1_models/J1_p1_vp_slide_diff_25.dat.tif
NCOLS 118
NROWS 92
XLLCORNER 139.62
YLLCORNER -39.07
DX 0.099491525
DY 0.099347826
NODATA_VALUE -9999
[rows 54 to 80 of 92, columns 0 to 59 of 118]
-9999 7.0138571 7.0241311 7.0344052 7.0446792 7.0433464 7.0410423 7.0330837 7.0185992 7.0041147 6.9896302 6.9742976 6.9587417 6.9457002 6.9376942 6.9296881 6.9194951 6.9090984 6.8987017 6.8914028 6.8912509 6.8910991 6.8909472 6.8894528 6.8873552 6.8832412 6.8737229 6.8642046 6.8500979 6.8354458 6.8207937 6.8079822 6.7987187 6.7894552 6.7801917 6.7681176 6.7552935 6.7410995 6.7249459 6.7087922 6.6926386 6.680265 6.6682228 6.6594578 6.6530488 6.6464672 6.6394513 6.6324354 6.6254195 6.6275698 6.6313043 6.6350388 6.6338439 6.6273315 6.6179524 6.5986438 6.5793352 6.5600265 6.5534361 6.5490472
-9999 7.0358609 7.0461349 7.0533028 7.0509987 7.0486945 7.0463904 7.0384319 7.0239474 7.0093388 6.9937829 6.978227 6.9626711 6.9496297 6.9416236 6.9336175 6.9256114 6.9161415 6.9057448 6.8984459 6.8982941 6.8981422 6.8960593 6.8939617 6.891864 6.8877501 6.8782318 6.8687135 6.8591952 6.8465298 6.8318777 6.8190662 6.8098027 6.8002895 6.7874654 6.7746413 6.7618172 6.7476232 6.7314696 6.7160497 6.7040074 6.6919652 6.6799229 6.6711579 6.6647489 6.6583399 6.6519024 6.6448865 6.6378706 6.6400209 6.6437554 6.640351 6.6338385 6.6273261 6.617947 6.5986384 6.5803453 6.5759565 6.5715677 6.5671789
-9999 7.0578647 7.0609551 7.058651 7.0563468 7.0540427 7.0517386 7.04378 7.0288242 7.0132682 6.9977123 6.9821564 6.9666005 6.9535591 6.945553 6.9375469 6.9295408 6.9215347 6.9127879 6.9054891 6.9047634 6.9026658 6.9005682 6.8984705 6.8963729 6.892259 6.8827407 6.8732224 6.863704 6.8541857 6.8429617 6.8301502 6.8196374 6.8068132 6.7939891 6.781165 6.7683409 6.7541469 6.7397921 6.7277498 6.7157076 6.7036653 6.6916231 6.6828581 6.6764491 6.6700401 6.6636311 6.6572221 6.6503217 6.652472 6.646858 6.6403456 6.6338331 6.6273207 6.6179416 6.6028658 6.5984769 6.5940881 6.5896993 6.5853105
-9999 7.067191 7.0648868 7.0625827 7.0602786 7.0579745 7.0556703 7.0519816 7.0364257 7.0208698 7.0053139 6.989758 6.9742021 6.9587343 6.9507282 6.9427222 6.9347161 6.92671 6.9187039 6.9124845 6.9103869 6.9082892 6.9061916 6.904094 6.9019964 6.8945869 6.8852122 6.8756939 6.8661756 6.8566573 6.847139 6.8364915 6.8236674 6.8108433 6.7980191 6.785195 6.7723709 6.7611739 6.7491316 6.7370894 6.7250471 6.7130049 6.7009626 6.691961 6.685552 6.679143 6.672734 6.666325 6.659916 6.6533884 6.646876 6.6403636 6.6338511 6.6273387 6.6224828 6.6183965 6.6140077 6.6096189 6.6052301 6.6008413
-9999 7.0662851 7.063981 7.0616769 7.0593728 7.056938 7.0535833 7.0522712 7.0533165 7.0410133 7.0254574 7.0099015 6.9943456 6.9786243 6.9625717 6.9521525 6.9441464 6.9361403 6.9281342 6.9219148 6.9198172 6.9177196 6.9156219 6.9135243 6.8968165 6.882515 6.8787902 6.8712069 6.8616886 6.8521703 6.842652 6.8320045 6.8191804 6.8063563 6.7935321 6.780693 6.7669899 6.7561805 6.7495108 6.7383663 6.7263241 6.7142818 6.7022396 6.692994 6.685784 6.679375 6.672966 6.666557 6.660148 6.6535589 6.646974 6.6404616 6.6339492 6.6274367 6.6225808 6.6234627 6.6206554 6.6162666 6.6118778 6.607489
-9999 7.0653793 7.0630752 7.0607711 7.0579648 7.0546101 7.0512555 7.0499434 7.0509887 7.052034 7.045601 7.0300451 7.0144892 6.9987678 6.9827152 6.9666626 6.9535767 6.9455706 6.9375645 6.9313451 6.9292475 6.9271499 6.9212398 6.9029922 6.8847446 6.8704431 6.8667183 6.8629934 6.8572016 6.8476833 6.838165 6.8275175 6.8146934 6.8018693 6.7887583 6.7750553 6.7613523 6.7505429 6.7438732 6.7372035 6.727601 6.7155588 6.7035165 6.6942709 6.6870358 6.6798007 6.673198 6.666789 6.66038 6.6537909 6.6471706 6.6405596 6.6340472 6.6275348 6.6226788 6.6235607 6.6244427 6.6229143 6.6185255 6.6141367
-9999 7.0644735 7.0621694 7.0589916 7.055637 7.0522823 7.0489277 7.0476156 7.0486609 7.0497062 7.0507515 7.0501886 7.0346327 7.0189114 7.0028587 6.9868061 6.9707535 6.9550009 6.9469949 6.9407754 6.9386778 6.9274155 6.9091679 6.8909203 6.8726727 6.8583713 6.8546464 6.8509216 6.8471967 6.8431963 6.833678 6.8230305 6.8102064 6.7968237 6.7831207 6.7694176 6.7557146 6.7449052 6.7382355 6.7315658 6.7248961 6.7168357 6.7047935 6.6955479 6.6883127 6.6810776 6.6738425 6.6670211 6.6606121 6.6540229 6.6474027 6.6407824 6.6341621 6.6276328 6.6227768 6.6236588 6.6245407 6.6254226 6.6251732 6.6207843
-9999 7.0633731 7.0600185 7.0566638 7.0533091 7.0499545 7.0465998 7.0452877 7.0463331 7.0473784 7.0484237 7.049469 7.0505143 7.0390549 7.0230023 7.0069497 6.990897 6.9748444 6.9587918 6.9502057 6.9335912 6.9153436 6.897096 6.8788484 6.8606009 6.8462994 6.8425746 6.8388497 6.8351248 6.8314 6.8276751 6.8185435 6.804889 6.791186 6.777483 6.76378 6.750077 6.7392676 6.7325979 6.7259281 6.7192584 6.7125887 6.705919 6.6968248 6.6895897 6.6823546 6.6751194 6.6678843 6.6608441 6.654255 6.6476347 6.6410144 6.6343941 6.6277739 6.6228749 6.6237568 6.6246387 6.6255206 6.6264025 6.6272845
-9999 7.0693141 7.0659595 7.0626048 7.0592502 7.0558955 7.0478519 7.0431554 7.0470691 7.0481144 7.0491598 7.0502051 7.0512504 7.050036 7.0401181 7.0240655 7.0080128 6.9919602 6.9759076 6.9591912 6.9409437 6.9226961 6.9044485 6.8862009 6.8702458 6.8625542 6.8546944 6.8509695 6.8472447 6.8435198 6.8397949 6.8326619 6.8189588 6.8052558 6.7915528 6.7778498 6.7622108 6.744182 6.7331445 6.7264748 6.7198051 6.7131354 6.7064657 6.7032785 6.6980072 6.6907721 6.6835369 6.6763018 6.6690667 6.6607655 6.6541203 6.6475 6.6408797 6.6342594 6.6282138 6.625926 6.6268079 6.6276898 6.6285717 6.6294537
-9999 7.0788509 7.0754962 7.0721415 7.0687869 7.0566756 7.0418171 7.0371206 7.0441524 7.0501829 7.0512282 7.0522735 7.0533188 7.0521044 7.0463647 7.0398646 7.023812 7.0077594 6.9917067 6.9749904 6.9567428 6.9384953 6.9202477 6.9080984 6.9013346 6.893643 6.8834645 6.8736091 6.8698843 6.8661594 6.8624345 6.8553015 6.8415984 6.8278954 6.8141924 6.7967049 6.777024 6.7589952 6.7433301 6.7297106 6.7230409 6.7163712 6.7097015 6.7065144 6.7058309 6.7022946 6.6950595 6.6878244 6.6805893 6.6722881 6.6638027 6.6567049 6.6500846 6.6434643 6.6374187 6.6333635 6.6298777 6.6307597 6.6316416 6.6325235
-9999 7.0883876 7.0850329 7.0803577 7.0654992 7.0506407 7.0357823 7.0310858 7.0381175 7.0451493 7.0521811 7.0543419 7.0553872 7.0541728 7.0484331 7.0426935 7.0369538 7.0235585 7.0075059 6.9907896 6.972542 6.9542944 6.945951 6.9391872 6.9324234 6.9247318 6.9145533 6.9043749 6.8941964 6.888799 6.8850741 6.8779411 6.8642381 6.850535 6.8311991 6.8115181 6.7918372 6.7738084 6.7581433 6.7424782 6.7268131 6.7196071 6.7129374 6.7097503 6.7090668 6.7083832 6.7065821 6.699347 6.6921118 6.6838107 6.6753253 6.6668399 6.6592895 6.6526692 6.6466236 6.6425684 6.6385133 6.6344581 6.6347114 6.6355934
-9999 7.0979243 7.0891814 7.0743229 7.0594644 7.0446059 7.0297474 7.0250509 7.0320827 7.0391145 7.0461462 7.053178 7.0574557 7.0562412 7.0505016 7.0447619 7.0390222 7.0332826 7.0233051 7.0065888 6.9905673 6.9838035 6.9770398 6.970276 6.9635122 6.9558206 6.9456421 6.9354637 6.9252852 6.9151067 6.9077137 6.9005807 6.8853742 6.8656932 6.8460123 6.8263313 6.8066504 6.7886216 6.7729565 6.7572914 6.7416263 6.7259612 6.7161733 6.7129861 6.7123026 6.7116191 6.7109356 6.7102521 6.7036344 6.6953333 6.6868479 6.6783625 6.6698771 6.6618742 6.6558285 6.6517733 6.6477182 6.643663 6.6396078 6.6386632
-9999 7.0998203 7.0849619 7.0701034 7.0552449 7.0403864 7.0255279 7.0244456 7.0314773 7.0385091 7.0455409 7.0525727 7.0596044 7.0613668 7.0556272 7.0498875 7.0441478 7.0384082 7.0326685 7.0266192 7.0198554 7.0130916 7.0063279 6.9995641 6.9928003 6.9810322 6.9708538 6.9606753 6.9504968 6.9403183 6.9301398 6.9167156 6.8970346 6.8773537 6.8576728 6.8379918 6.8183109 6.8034675 6.7878024 6.7721373 6.7564722 6.7408071 6.725142 6.7170323 6.7163488 6.7156652 6.7149817 6.7142982 6.7136147 6.706279 6.6977936 6.6893082 6.6808228 6.6723374 6.6645376 6.6604824 6.6564272 6.6523721 6.6483169 6.6442617
-9999 7.1046299 7.0897714 7.0749129 7.0600544 7.0459043 7.0469962 7.0508456 7.0578774 7.0649091 7.0719409 7.0789727 7.0880807 7.0900874 7.0774785 7.0702192 7.0644795 7.0587398 7.0530002 7.0469508 7.0401871 7.0334233 7.0266595 7.0198958 7.012742 6.9997829 6.9714838 6.9566545 6.9464761 6.9362976 6.9261191 6.9126949 6.8930139 6.873333 6.853652 6.8339711 6.8279499 6.8184761 6.802811 6.7871459 6.7714808 6.7569098 6.7542324 6.741838 6.7244251 6.7237416 6.723058 6.7223745 6.721691 6.7143553 6.7058699 6.6973845 6.6888991 6.6794183 6.6707804 6.6667252 6.66267 6.6586149 6.6552302 6.6657321
-9999 7.1094394 7.0945809 7.0797224 7.0712124 7.0723043 7.0733963 7.0772456 7.0842774 7.0913092 7.0989476 7.1082528 7.117558 7.1195648 7.1069559 7.094347 7.0848111 7.0790715 7.0733318 7.0672825 7.0605187 7.0537549 7.0469169 7.039681 7.0324451 7.019486 6.9911869 6.9628878 6.9424553 6.9322769 6.9220984 6.9086741 6.8889932 6.8693123 6.8532506 6.8481045 6.8429585 6.8334847 6.8178196 6.8021545 6.7913113 6.788634 6.7859566 6.7735622 6.7541823 6.7348024 6.7311343 6.7304508 6.7297673 6.7224316 6.7139462 6.7054608 6.6956219 6.6856611 6.6770232 6.672968 6.6689128 6.6690604 6.6795623 6.6900641
-9999 7.114249 7.0993905 7.0965204 7.0976124 7.0987043 7.0997963 7.1036457 7.1106774 7.1191197 7.128425 7.1377302 7.1470354 7.1490422 7.1364333 7.1238244 7.1112155 7.0994031 7.0936634 7.0876141 7.0808503 7.0738558 7.06662 7.0593841 7.0521483 7.0391891 7.01089 6.9825909 6.9542918 6.9282561 6.9180776 6.9046534 6.8849725 6.8734053 6.8682592 6.8631131 6.857967 6.8484933 6.8328282 6.8257129 6.8230355 6.8203582 6.8176808 6.8052864 6.7859065 6.7665266 6.7471467 6.7385271 6.7378436 6.7305079 6.7217865 6.7118256 6.7018647 6.6919038 6.683266 6.6792108 6.6828906 6.6933925 6.7038943 6.7143962
-9999 7.1207365 7.1218285 7.1229205 7.1240124 7.1251044 7.1261963 7.1300457 7.1392919 7.1485971 7.1579023 7.1672076 7.1765128 7.1785195 7.1659107 7.1533018 7.1406929 7.128084 7.1154751 7.1079457 7.1007948 7.0935589 7.0863231 7.0790872 7.0718514 7.0588922 7.0305931 7.002294 6.9739949 6.9456958 6.9173967 6.9006327 6.8935599 6.8884138 6.8832678 6.8781217 6.8729756 6.8635019 6.8601144 6.8574371 6.8547597 6.8520824 6.849405 6.8370106 6.8176307 6.7982508 6.7788709 6.759491 6.7459199 6.7379902 6.7280293 6.7180684 6.7081075 6.6981466 6.6895088 6.6967208 6.7072226 6.7177245 6.7282264 6.7387282
-9999 7.1295314 7.1306234 7.1317153 7.1328073 7.1338992 7.1361613 7.1404487 7.1475683 7.1568735 7.1661787 7.175484 7.1847892 7.1893604 7.1808747 7.1682658 7.1556569 7.143048 7.1304391 7.119455 7.1122191 7.1049832 7.0977474 7.0905115 7.0823087 7.0710489 7.0571519 7.0288528 7.0005537 6.9722546 6.9439555 6.9235648 6.9184187 6.9132726 6.9081265 6.9029805 6.8952677 6.8787185 6.8690384 6.8663611 6.8636837 6.8610064 6.858329 6.8452295 6.8255547 6.8061748 6.7867949 6.767415 6.7480351 6.7259394 6.7159785 6.7060176 6.6960567 6.6860959 6.6834096 6.7009571 6.7114589 6.7219608 6.7324627 6.7429645
-9999 7.1283309 7.1294228 7.1305148 7.1316067 7.135164 7.1396256 7.143913 7.1479993 7.153113 7.1624182 7.1717234 7.1810286 7.1855998 7.1806907 7.1749898 7.1623809 7.1497721 7.1371632 7.126179 7.1189431 7.1117073 7.1044714 7.0937754 7.0796457 7.0683859 7.0648179 7.0593041 7.031005 7.0027059 6.9744068 6.954016 6.9488699 6.9437239 6.9385778 6.9275879 6.9127739 6.8962247 6.8771928 6.8623402 6.8596628 6.8569855 6.8543081 6.8412087 6.8206169 6.8005863 6.7812064 6.7618265 6.7424466 6.7197941 6.6965759 6.6835806 6.6736197 6.6636588 6.6609726 6.6834849 6.7042858 6.7147877 6.7252895 6.7357914
-9999 7.1271303 7.1282223 7.129705 7.1341667 7.1386283 7.1430899 7.1473773 7.1514636 7.15555 7.1596363 7.1679629 7.1772681 7.1818393 7.1769302 7.1720211 7.167112 7.1564961 7.1438872 7.132903 7.1256672 7.1184313 7.105242 7.0911124 7.0769828 7.065723 7.0621549 7.0585869 7.0550188 7.0331571 7.004858 6.9844672 6.9793212 6.9741751 6.9599081 6.9450941 6.9302802 6.9137309 6.894699 6.8756671 6.8566353 6.8529646 6.8502872 6.8371878 6.816596 6.7960042 6.7756179 6.7562379 6.736858 6.7142055 6.6909874 6.6677693 6.6511827 6.6412218 6.6385356 6.6610478 6.6835601 6.7060724 6.7181164 6.7286182
-9999 7.1259298 7.1287077 7.1331693 7.137631 7.1420926 7.1465542 7.1508416 7.1549279 7.1590143 7.1631006 7.1671869 7.1735076 7.1780787 7.1731697 7.1682606 7.1633515 7.1584424 7.1506112 7.1396271 7.1308383 7.1167087 7.102579 7.0884494 7.0743198 7.06306 7.0594919 7.0559239 7.0523559 7.0487878 7.0353093 7.0149185 7.0070422 6.9922282 6.9774143 6.9626003 6.9477864 6.9312371 6.9122052 6.8931734 6.8741415 6.8551096 6.8462664 6.8331669 6.8125751 6.7919834 6.7713916 6.7507998 6.7312695 6.708617 6.6853989 6.6621807 6.6389626 6.6187848 6.6160985 6.6386108 6.6611231 6.6836353 6.7061476 6.7214451
-9999 7.124462 7.1289236 7.1333853 7.1378469 7.1423085 7.1467701 7.1550949 7.1591813 7.1632676 7.1673539 7.1714402 7.1755266 7.1752157 7.1703066 7.1653975 7.1604884 7.1555794 7.1506703 7.1429731 7.1288434 7.1147138 7.1005842 7.0864546 7.0723249 7.0583069 7.0547209 7.0511529 7.0475848 7.0440168 7.0404487 7.0330395 7.0182255 7.0034116 6.9885976 6.9737837 6.9589697 6.9452273 6.9261954 6.9071635 6.8881317 6.8690998 6.8500679 6.8355303 6.8149385 6.7943467 6.773755 6.7531632 6.7325714 6.7144706 6.6912524 6.6680343 6.6448162 6.6215981 6.6015027 6.6226937 6.645206 6.6677183 6.6902305 6.7127428
-9999 7.1123818 7.1168434 7.121305 7.1257667 7.1322912 7.1517145 7.1635512 7.1666318 7.1705076 7.1745939 7.1786802 7.1827665 7.1822168 7.1723831 7.1659317 7.1610227 7.1561136 7.1512045 7.1435073 7.1293777 7.115248 7.1011184 7.0869888 7.065906 7.0485268 7.0427401 7.038402 7.034834 7.0312659 7.0276979 7.0202886 7.0054747 6.9906607 6.9758468 6.9614592 6.9607679 6.9508187 6.927625 6.9078443 6.8888124 6.8697806 6.8507487 6.8424346 6.8414684 6.8208767 6.8002849 6.7796931 6.7591013 6.7514567 6.7404183 6.7172002 6.6939821 6.6707639 6.6506685 6.6413899 6.6539691 6.6764814 6.6989937 6.721506
-9999 7.1003015 7.1047632 7.1092248 7.1215 7.1409234 7.1603467 7.1721834 7.175264 7.1783447 7.1818339 7.1859202 7.1900065 7.1894568 7.179623 7.1697893 7.1615569 7.1566478 7.1517387 7.1440415 7.1299119 7.1157823 7.0995347 7.0778303 7.0561259 7.0387466 7.0329599 7.0271732 7.0220831 7.0185151 7.0149471 7.0075378 6.9927238 6.9779099 6.9683095 6.9676181 6.9669267 6.9569776 6.9337839 6.9105902 6.8894932 6.8704613 6.8514294 6.8431154 6.8425062 6.841897 6.8268148 6.806223 6.7856313 6.7779866 6.7725796 6.7663661 6.743148 6.7199298 6.6998344 6.6905558 6.6812771 6.6852446 6.7077568 6.7302691
-9999 7.0882213 7.0926829 7.1107089 7.1301322 7.1495556 7.1689789 7.1808156 7.1838962 7.1869769 7.1900575 7.1931602 7.1972465 7.1966967 7.186863 7.1770293 7.1671955 7.1573618 7.1522729 7.1445757 7.1304461 7.111459 7.0897546 7.0680502 7.0463458 7.0289665 7.0231798 7.0173931 7.0116064 7.0058197 7.0021962 6.9947869 6.979973 6.9751598 6.9744684 6.973777 6.9730856 6.9631365 6.9399428 6.9167491 6.8935554 6.8711421 6.8521102 6.8437961 6.843187 6.8425778 6.8419686 6.832753 6.8121612 6.8045166 6.7991096 6.7937025 6.7882955 6.7690957 6.7490003 6.7397217 6.730443 6.7211644 6.71652 6.7390323
-9999 7.0804943 7.0999177 7.1193411 7.1387644 7.1581878 7.1776111 7.1894478 7.1925284 7.1956091 7.1986897 7.2017704 7.204851 7.2039367 7.194103 7.1842692 7.1744355 7.1646017 7.154768 7.1450877 7.1233833 7.1016789 7.0799745 7.0582701 7.0365656 7.0191864 7.0133997 7.007613 7.0018263 6.9960396 6.9902529 6.9827014 6.98201 6.9813187 6.9806273 6.9799359 6.9792445 6.9692954 6.9461017 6.922908 6.8997143 6.8765206 6.8533268 6.8444769 6.8438677 6.8432586 6.8426494 6.8420402 6.8386911 6.8310465 6.8256395 6.8202325 6.8148255 6.8094185 6.7981662 6.7888876 6.7796089 6.7703302 6.7610516 6.7517729
-9999 7.0531229 7.0725463 7.0919696 7.111393 7.1308163 7.1650781 7.1896784 7.1910999 7.1941805 7.1972611 7.2003418 7.2034224 7.2028941 7.1946269 7.1847932 7.1749594 7.1651257 7.1552919 7.1418687 7.1201643 7.0984599 7.0767555 7.055051 7.0392142 7.0350697 7.033154 7.0273673 7.0215806 7.015794 7.0100073 7.005961 7.0052696 7.0045782 7.0038868 7.0031954 7.0012779 6.9948202 6.9793868 6.9561931 6.9329994 6.9098057 6.886612 6.8710203 6.8661206 6.8655114 6.8649023 6.8642931 6.8636839 6.8484628 6.8410591 6.8356521 6.830245 6.824838 6.8207679 6.8192667 6.809988 6.8007094 6.7914307 6.7821521
