P1_models/J1_p1_vp_slide_diff_120.dat.tif
NCOLS 118
NROWS 92
XLLCORNER 139.62
YLLCORNER -39.07
DX 0.099491525
DY 0.099347826
NODATA_VALUE -9999
[rows 0 to 26 of 92, columns 0 to 59 of 118]
-9999 -9999 -9999 -9999 -9999 -9999 -9999 -9999 -9999 -9999 -9999 -9999 -9999 -9999 -9999 -9999 -9999 -9999 -9999 -9999 -9999 -9999 -9999 -9999 -9999 -9999 -9999 -9999 -9999 -9999 -9999 -9999 -9999 -9999 -9999 -9999 -9999 -9999 -9999 -9999 -9999 -9999 -9999 -9999 -9999 -9999 -9999 -9999 -9999 -9999 -9999 -9999 -9999 -9999 -9999 -9999 -9999 -9999 -9999 -9999
-9999 8.1758255 8.1745329 8.1732403 8.1719478 8.1706552 8.1689892 8.1691839 8.1724052 8.1756721 8.178939 8.1822059 8.1854728 8.1887429 8.1912079 8.1927422 8.1942765 8.1958108 8.1973452 8.1993297 8.2023529 8.2053761 8.2083994 8.2114226 8.2138269 8.2121422 8.2085819 8.2033587 8.1981356 8.1929125 8.1876893 8.1854294 8.1888816 8.1923338 8.195786 8.1992381 8.2025759 8.2070993 8.2104048 8.2112001 8.2119953 8.2127906 8.2135858 8.2090176 8.2048877 8.2021292 8.1993707 8.1966121 8.1938536 8.1883091 8.1822735 8.176238 8.1702024 8.1641668 8.160733 8.1640804 8.1642787 8.164477 8.1646752 8.1648735
-9999 8.1700451 8.1687525 8.1674599 8.1661674 8.1642109 8.1618386 8.1620334 8.1651908 8.1683826 8.1716495 8.1749165 8.1781834 8.1814535 8.1847301 8.1876274 8.1891618 8.1906961 8.1922304 8.1942149 8.1972382 8.2002614 8.2032846 8.2045831 8.2031507 8.201466 8.1991049 8.1961953 8.1909722 8.1857491 8.1805259 8.178266 8.1817182 8.1851704 8.1886226 8.1918617 8.1948805 8.199404 8.20608 8.2106005 8.2113957 8.212191 8.2129862 8.208418 8.199994 8.1948116 8.1920531 8.1892946 8.186536 8.180992 8.1749665 8.1689322 8.1628966 8.156861 8.1534272 8.1590054 8.1632405 8.1634388 8.163637 8.1638353
-9999 8.1642647 8.1629721 8.1616796 8.1594327 8.1570604 8.1546881 8.1548828 8.1580403 8.1611978 8.1643601 8.167627 8.1708939 8.1741641 8.1774406 8.1807172 8.1839938 8.1855813 8.1871156 8.1891002 8.1921234 8.1951466 8.1953393 8.1939069 8.1924746 8.1907898 8.1884287 8.1860675 8.1837064 8.1785857 8.1733625 8.1711026 8.1745548 8.178007 8.1811476 8.1841664 8.1871852 8.1917087 8.1983847 8.2050608 8.2107961 8.2115914 8.2123866 8.2078184 8.1993944 8.1909705 8.1847355 8.181977 8.1792184 8.1736744 8.1676489 8.1616235 8.1555908 8.1495552 8.1461214 8.1516997 8.1572779 8.1624006 8.1625989 8.1627971
-9999 8.1584843 8.1570267 8.1546544 8.1522821 8.1499098 8.1475375 8.1477323 8.1508897 8.1540472 8.1572047 8.1603621 8.1636045 8.1668746 8.1701512 8.1734278 8.1767044 8.179981 8.1820009 8.1839854 8.1870087 8.1860954 8.1846631 8.1832307 8.1817984 8.1801137 8.1777525 8.1753914 8.1730302 8.1706691 8.1661992 8.1639392 8.1673914 8.1704335 8.1734523 8.1764711 8.1794899 8.1840134 8.1906894 8.1973655 8.2040415 8.2107176 8.211787 8.2072188 8.1987948 8.1903709 8.1819469 8.1746594 8.1719008 8.1663568 8.1603313 8.1543059 8.1482804 8.1422494 8.1388156 8.1443939 8.1499721 8.1555504 8.1611287 8.1617589
-9999 8.1522485 8.1498761 8.1475038 8.1451315 8.1427592 8.1403869 8.1405817 8.1437392 8.1468966 8.1500541 8.1532116 8.156369 8.1595852 8.1628618 8.1661384 8.1694149 8.1726915 8.1759681 8.178284 8.1768516 8.1754193 8.1739869 8.1725546 8.1711222 8.1694375 8.1670764 8.1647152 8.1623541 8.1599929 8.1576317 8.1567005 8.1597194 8.1627382 8.165757 8.1687758 8.1717946 8.176318 8.1829941 8.1896702 8.1963462 8.2030223 8.2096983 8.2066192 8.1981952 8.1897712 8.1813473 8.1729233 8.1645833 8.1590392 8.1530138 8.1469883 8.1409629 8.1349374 8.1315098 8.1370881 8.1426664 8.1482446 8.1538229 8.1594012
-9999 8.1499091 8.1475368 8.1451645 8.1427922 8.1404199 8.1382338 8.1385996 8.1417571 8.1449146 8.1480721 8.1512295 8.1543005 8.1566457 8.1582538 8.1615304 8.1648069 8.1680835 8.1713601 8.1732128 8.1717805 8.1703481 8.1689158 8.1674834 8.1658838 8.1650589 8.1662383 8.1638772 8.161516 8.1591549 8.1567937 8.1562702 8.159289 8.1623078 8.1653266 8.1683454 8.1692999 8.1713611 8.1780372 8.1847132 8.1913893 8.1980653 8.2021052 8.204843 8.2016425 8.1932186 8.1847946 8.1763706 8.1679467 8.1615678 8.1555423 8.1495169 8.1434914 8.1388673 8.1397725 8.1453507 8.150929 8.1565073 8.1620856 8.1626512
-9999 8.148332 8.1459597 8.1435874 8.1412151 8.1391235 8.1370706 8.1374364 8.1405939 8.1437514 8.1469088 8.1499231 8.1528891 8.1552344 8.1563366 8.1574388 8.1606238 8.1639004 8.1671769 8.1690296 8.1675973 8.1661649 8.1647326 8.1630094 8.1611276 8.1603026 8.1623107 8.1643187 8.1622366 8.1598754 8.1575143 8.1569908 8.1600096 8.1630284 8.1660472 8.1659412 8.1647768 8.1668381 8.1735141 8.1801902 8.1868662 8.1899575 8.1925496 8.1952875 8.1981301 8.1973071 8.1888831 8.1804591 8.1720352 8.1656563 8.1596308 8.1536054 8.1500405 8.1495965 8.1505016 8.1560799 8.1616582 8.1672364 8.1662739 8.1637992
-9999 8.1467549 8.1443826 8.1420662 8.1400133 8.1379603 8.1359074 8.1362732 8.1394307 8.1425798 8.1455458 8.1485117 8.1514777 8.153823 8.1549252 8.1560274 8.1571296 8.1597172 8.1629938 8.1648464 8.1634141 8.1619818 8.1601351 8.1582532 8.1563713 8.1555464 8.1575545 8.1595625 8.1615705 8.160596 8.1582349 8.1577113 8.1607302 8.1637469 8.1625825 8.1614181 8.1602537 8.162315 8.168991 8.1752177 8.1778098 8.1804019 8.182994 8.1857319 8.1885746 8.1914172 8.1929716 8.1845476 8.1761236 8.1697447 8.1637193 8.1612136 8.1607696 8.1603256 8.1612307 8.166809 8.1723713 8.1698966 8.1674219 8.1649472
-9999 8.1451778 8.1429559 8.140903 8.13885 8.1367971 8.1347441 8.13511 8.1382024 8.1411684 8.1441344 8.1471004 8.1500664 8.1524116 8.1535138 8.154616 8.1557182 8.1568204 8.1588106 8.1606633 8.1591426 8.1572608 8.1553789 8.153497 8.1516151 8.1507902 8.1527982 8.1548063 8.1568143 8.1588224 8.1589555 8.1584319 8.1603882 8.1592238 8.1580594 8.156895 8.1557306 8.1577919 8.1630701 8.1656622 8.1682543 8.1708464 8.1734385 8.1761763 8.179019 8.1818617 8.1847043 8.187547 8.1802121 8.1738332 8.1723867 8.1719427 8.1714987 8.1710548 8.1719599 8.1759939 8.1735193 8.1710446 8.1685699 8.1660952
-9999 8.144329 8.1422761 8.1402231 8.1381702 8.1361172 8.1340643 8.1346217 8.1375876 8.1405536 8.1435196 8.1464856 8.1494516 8.1514321 8.1525343 8.1536365 8.1547387 8.1558409 8.1569431 8.1571429 8.1552611 8.1533792 8.1514973 8.1496154 8.1477335 8.1467183 8.1487263 8.1507343 8.1527424 8.1547504 8.1567585 8.1576829 8.1565185 8.1553541 8.1541898 8.1530254 8.151861 8.1523569 8.154949 8.1575411 8.1601332 8.1627253 8.1653174 8.1684949 8.1713376 8.1741802 8.1770229 8.1798656 8.1827082 8.1827486 8.1823046 8.1818606 8.1814166 8.1809726 8.1788081 8.1763335 8.1738588 8.1713841 8.1689094 8.1664348
-9999 8.1468169 8.1447639 8.142711 8.140658 8.1386051 8.1380564 8.1392277 8.1421937 8.1451596 8.1481256 8.1510916 8.1531424 8.1543622 8.1544652 8.155487 8.1565892 8.1576914 8.1587936 8.1589935 8.1571116 8.1552297 8.1533478 8.151466 8.1494345 8.1481925 8.1492512 8.1511471 8.1531551 8.1551631 8.1571712 8.1580956 8.1569312 8.1557669 8.1546025 8.1534381 8.1528398 8.1536368 8.1562289 8.158821 8.1614131 8.1640052 8.1684487 8.1724767 8.1759386 8.1787813 8.1816239 8.1844666 8.1873093 8.1873496 8.1869056 8.1864616 8.1860177 8.1811159 8.1738492 8.1713746 8.1688999 8.1664252 8.1639505 8.1622873
-9999 8.1493047 8.1472517 8.1451988 8.14343 8.1430462 8.1426624 8.1438337 8.1467997 8.1497657 8.1526852 8.1544627 8.1562402 8.15746 8.1575629 8.1576659 8.1584398 8.159542 8.1606442 8.1608441 8.1589622 8.1570803 8.1551984 8.1531127 8.1510124 8.1497705 8.1508292 8.1518878 8.1535678 8.1555758 8.1575839 8.1585083 8.1573439 8.1561796 8.1550354 8.1545776 8.1541198 8.1549167 8.1575088 8.1601009 8.1629951 8.16754 8.1720848 8.1761128 8.1797692 8.1833823 8.186225 8.1890676 8.1919103 8.1919506 8.1915067 8.1910627 8.1848071 8.176157 8.1688903 8.1664157 8.163941 8.1615369 8.1599495 8.1583621
-9999 8.1517925 8.1497396 8.1484198 8.148036 8.1476522 8.1472684 8.1484397 8.1514057 8.1540056 8.155783 8.1575605 8.159338 8.1605578 8.1606607 8.1607637 8.1608667 8.1613926 8.1624948 8.1626946 8.1608127 8.1588912 8.1567909 8.1546907 8.1525904 8.1513485 8.1524071 8.1534658 8.1545245 8.1559886 8.1579966 8.158921 8.1577567 8.1567732 8.1563154 8.1558575 8.1553997 8.1561967 8.1587888 8.1620863 8.1666312 8.1711761 8.175721 8.179749 8.1834054 8.1870618 8.1907182 8.1936687 8.1965114 8.1965517 8.1961077 8.1884982 8.1798482 8.1711981 8.1639314 8.1614567 8.1591991 8.1576116 8.1560242 8.1544368
-9999 8.1542804 8.1534095 8.1530258 8.152642 8.1522582 8.1518744 8.1530457 8.1553259 8.1571034 8.1588808 8.1606583 8.1624358 8.1636556 8.1637585 8.1638615 8.1639645 8.1640674 8.1643453 8.1645452 8.1625694 8.1604692 8.1583689 8.1562686 8.1541684 8.1529265 8.1539851 8.1550438 8.1561024 8.1571611 8.1584093 8.1593337 8.158511 8.1580531 8.1575953 8.1571375 8.1566796 8.1574766 8.1611776 8.1657225 8.1702673 8.1748122 8.1793571 8.1833851 8.1870415 8.1906979 8.1943543 8.1980107 8.2011124 8.2008395 8.1921894 8.1835393 8.1748893 8.1662392 8.1589725 8.1568612 8.1552738 8.1536864 8.1520989 8.1505115
-9999 8.1584588 8.1580751 8.1576913 8.1573075 8.1569237 8.15654 8.1572757 8.1590532 8.1608307 8.1626082 8.1643856 8.1661631 8.1673067 8.1673982 8.1675011 8.1676041 8.1677071 8.1678101 8.1672468 8.1651465 8.1630463 8.160946 8.1588457 8.1567455 8.1528504 8.1528916 8.1539503 8.1550089 8.1560676 8.1571263 8.1576669 8.1572091 8.1567513 8.1562934 8.1558356 8.1553778 8.1553648 8.1599096 8.1644545 8.1689994 8.1735443 8.1780891 8.1820006 8.185657 8.1893134 8.1929698 8.1966262 8.2002826 8.1942336 8.1855835 8.1769335 8.1682834 8.1596333 8.1551438 8.1550982 8.1535107 8.1519233 8.1503359 8.1487485
-9999 8.1632626 8.1628788 8.1624951 8.1621113 8.1618055 8.161941 8.1627361 8.1642924 8.1660209 8.1677983 8.1695758 8.1713533 8.1724969 8.1723712 8.1723998 8.1725028 8.1726058 8.1727088 8.1721455 8.1700452 8.167945 8.1658447 8.1637444 8.1615692 8.1576464 8.1490545 8.1466493 8.1477079 8.1487666 8.1498252 8.1503659 8.1499081 8.1494503 8.1489924 8.1487835 8.154242 8.1550584 8.1492333 8.1517913 8.1563361 8.160881 8.1654259 8.1692677 8.1726062 8.1762626 8.179919 8.1835754 8.1872318 8.1822714 8.1751508 8.1665007 8.1578506 8.1492005 8.144711 8.1546334 8.1567719 8.1551845 8.153597 8.1520096
-9999 8.1680664 8.1676826 8.1672989 8.1671468 8.1672823 8.1674178 8.1682129 8.1697692 8.1713256 8.1729885 8.174766 8.1765435 8.1776871 8.1775614 8.1774357 8.1774015 8.1775045 8.1776074 8.1770442 8.1749439 8.1728437 8.1707269 8.168546 8.1663652 8.1624423 8.1538505 8.1452586 8.1404069 8.1414656 8.1425242 8.1430649 8.1426071 8.1421493 8.1434402 8.1488987 8.1543572 8.1551736 8.1493485 8.1435234 8.1436729 8.1482178 8.1527626 8.1566045 8.1599409 8.1632774 8.1668683 8.1705247 8.1741811 8.1692207 8.1627709 8.1560679 8.1474178 8.1387677 8.1342783 8.1442006 8.1541229 8.1584456 8.1568582 8.1552708
-9999 8.1728702 8.1724864 8.172488 8.1726236 8.1727591 8.1728947 8.1736898 8.1752461 8.1768024 8.1783587 8.1799562 8.1817337 8.1828773 8.1827516 8.1826259 8.1825002 8.1824032 8.1825061 8.1819429 8.1798426 8.1777037 8.1755229 8.173342 8.1711611 8.1672383 8.1586464 8.1500546 8.1414627 8.1341646 8.1352232 8.1357639 8.1353061 8.1380968 8.1435554 8.1490139 8.1544724 8.1552888 8.1494637 8.1436386 8.1378136 8.1355545 8.1400994 8.1439412 8.1472777 8.1506141 8.1539506 8.157474 8.1611304 8.1561699 8.1497202 8.1432705 8.1368208 8.1283349 8.1238455 8.1337678 8.1436901 8.1536124 8.1601193 8.1585319
-9999 8.1776938 8.1778293 8.1779649 8.1781004 8.1782359 8.1783715 8.1791666 8.1807229 8.1822792 8.1838355 8.1853918 8.1869481 8.1880675 8.1879418 8.1878161 8.1876904 8.1875647 8.187439 8.1868416 8.1846805 8.1824997 8.1803188 8.178138 8.1759571 8.1720343 8.1634424 8.1548506 8.1462587 8.1376668 8.129075 8.1284629 8.1327535 8.138212 8.1436706 8.1491291 8.1545876 8.155404 8.1495789 8.1437538 8.1379288 8.1321037 8.1274361 8.131278 8.1346144 8.1379509 8.1412873 8.1446238 8.1480797 8.1431192 8.1366695 8.1302198 8.1237701 8.1173204 8.1134127 8.123335 8.1332573 8.1431797 8.153102 8.161793
-9999 8.1805429 8.1806785 8.180814 8.1809496 8.1810851 8.1817165 8.1838204 8.1853767 8.186933 8.1884894 8.1900457 8.1915732 8.1924901 8.192587 8.1924613 8.1923356 8.1922099 8.1920842 8.1913371 8.1891562 8.1869754 8.1847945 8.1826137 8.1804328 8.1730283 8.166031 8.1574391 8.1488473 8.1402554 8.1316636 8.1278709 8.1333294 8.138788 8.1442465 8.1497051 8.1545441 8.1524653 8.1466403 8.1408152 8.1349902 8.1291651 8.1238183 8.1240583 8.1274006 8.1307371 8.1340735 8.13741 8.1407464 8.1357388 8.1292891 8.1228394 8.1163896 8.1099399 8.1078002 8.1177225 8.1276449 8.1375672 8.1474895 8.1535042
-9999 8.18141 8.1815456 8.1816811 8.1818166 8.1831711 8.1857496 8.1878535 8.1894098 8.1909661 8.1925225 8.1939312 8.1950863 8.1960032 8.1964431 8.1966954 8.1965697 8.196444 8.1963183 8.1955712 8.1933903 8.1912095 8.1890286 8.1851714 8.1768524 8.1694378 8.164447 8.1583626 8.1497708 8.1411789 8.1325871 8.1287944 8.1342529 8.1397115 8.14517 8.1487622 8.1493019 8.1472231 8.1413981 8.135573 8.129748 8.1247921 8.12065 8.12089 8.1242802 8.1276338 8.1309703 8.1343067 8.1376432 8.1326355 8.1261858 8.1197361 8.1133735 8.1078709 8.1058238 8.1157462 8.1256685 8.1355908 8.1388951 8.1345349
-9999 8.1822771 8.1824126 8.1825482 8.1846258 8.1872042 8.1897827 8.1918866 8.1934429 8.1949992 8.1962892 8.1974443 8.1985994 8.1995163 8.1999562 8.2003961 8.2008038 8.2006782 8.2005525 8.1998053 8.1976245 8.1954436 8.1898999 8.1815809 8.173262 8.1658473 8.1608565 8.1558658 8.1506943 8.1421025 8.1335106 8.1297179 8.1351764 8.140635 8.1429802 8.14352 8.1440598 8.141981 8.1361559 8.1303309 8.1257658 8.1216237 8.1174816 8.1177216 8.1211118 8.124502 8.127867 8.1312035 8.1345399 8.1295323 8.1230826 8.1168997 8.1113971 8.1058945 8.1038474 8.1137698 8.1236921 8.124286 8.1199258 8.1155656
-9999 8.1831442 8.1835019 8.1860804 8.1886589 8.1912373 8.1938158 8.1959197 8.197476 8.1986473 8.1998023 8.2009574 8.2021125 8.2030294 8.2034693 8.2039092 8.2043491 8.2047891 8.2047866 8.2040394 8.2018586 8.1946284 8.1863094 8.1779905 8.1696715 8.1622568 8.1572661 8.1522753 8.1472845 8.1422938 8.1344341 8.1306414 8.1361 8.1371982 8.137738 8.1382778 8.1388176 8.1367388 8.1309137 8.1267396 8.1225975 8.1184554 8.1143133 8.1145533 8.1179435 8.1213337 8.1247239 8.1281002 8.1314367 8.1264291 8.1204259 8.1149233 8.1094207 8.1039182 8.1018711 8.1117934 8.109677 8.1053167 8.1009565 8.0965963
-9999 8.1849566 8.187535 8.1901135 8.192692 8.1952704 8.1978489 8.1998502 8.2010053 8.2021604 8.2033154 8.2044705 8.2056256 8.2065425 8.2069824 8.2074223 8.2078623 8.2083022 8.2087421 8.2076759 8.1993569 8.191038 8.182719 8.1744 8.166081 8.1586664 8.1536756 8.1486848 8.1436941 8.1387033 8.1337125 8.1308765 8.1314163 8.131956 8.1324958 8.1330356 8.1335754 8.1318554 8.1277133 8.1235712 8.1194291 8.115287 8.1111449 8.1113849 8.1147751 8.1181653 8.1215556 8.1249458 8.1283334 8.1239521 8.1184495 8.1129469 8.1074444 8.1019418 8.0994281 8.0950679 8.0907077 8.0863474 8.0819872 8.077627
-9999 8.1825711 8.1851496 8.187728 8.1903065 8.1928849 8.198209 8.2033956 8.2053602 8.2065153 8.2076704 8.2088255 8.2099806 8.2100004 8.208456 8.2088959 8.2093358 8.2097757 8.2102157 8.208007 8.199688 8.191369 8.1830501 8.1747311 8.1681209 8.1609514 8.1461994 8.1412086 8.1362179 8.1312271 8.1262363 8.1231346 8.1236744 8.1242142 8.124754 8.1252938 8.1258039 8.1258397 8.1239073 8.1197652 8.1156231 8.111481 8.1073389 8.1036111 8.1040382 8.1074285 8.1108187 8.1142089 8.1175991 8.1229543 8.119084 8.1135814 8.1080789 8.1025763 8.0984188 8.0978236 8.0934634 8.0891032 8.084743 8.0803827
-9999 8.1789555 8.1815339 8.1841124 8.1866909 8.1934878 8.2010421 8.2062287 8.2086825 8.2110316 8.2121867 8.2133418 8.2144969 8.2145167 8.212263 8.2100094 8.2104185 8.2108584 8.2112983 8.2090897 8.2007707 8.1924517 8.1841327 8.1788976 8.1755832 8.1684137 8.1509114 8.1334092 8.1279969 8.1230062 8.1180154 8.1149137 8.1154535 8.1159933 8.1165331 8.1170269 8.1175026 8.1175385 8.1169451 8.1158369 8.1116948 8.1075527 8.1034106 8.0996829 8.0962531 8.095241 8.0986312 8.1020214 8.1054117 8.1107669 8.1164617 8.1147163 8.1092137 8.1037112 8.0995537 8.1000554 8.1003829 8.0960226 8.0916624 8.0873022
