P1_models/J1_p1_vp_slide_diff2_30.dat.tif
NCOLS 118
NROWS 92
XLLCORNER 139.62
YLLCORNER -39.07
DX 0.099491525
DY 0.099347826
NODATA_VALUE -9999
[rows 0 to 24 of 92, columns 57 to 113 of 118]
-9999 -9999 -9999 -9999 -9999 -9999 -9999 -9999 -9999 -9999 -9999 -9999 -9999 -9999 -9999 -9999 -9999 -9999 -9999 -9999 -9999 -9999 -9999 -9999 -9999 -9999 -9999 -9999 -9999 -9999 -9999 -9999 -9999 -9999 -9999 -9999 -9999 -9999 -9999 -9999 -9999 -9999 -9999 -9999 -9999 -9999 -9999 -9999 -9999 -9999 -9999 -9999 -9999 -9999 -9999 -9999 -9999
0.12198443 0.11978798 0.11759153 0.11043215 0.11449764 0.12253673 0.13057582 0.13861492 0.14665401 0.16381712 0.17791833 0.19201953 0.20612074 0.22022194 0.23102958 0.23762274 0.24421589 0.25080905 0.25740221 0.25731348 0.26930227 0.27183048 0.27435869 0.2768869 0.27941511 0.27921012 0.27774234 0.27627456 0.27480678 0.27432821 0.27975912 0.28471738 0.29078261 0.29684784 0.30291307 0.30913685 0.32052044 0.33190402 0.34328761 0.3546712 0.35108897 0.35043816 0.34208393 0.3337297 0.32537548 0.31702125 0.32496272 0.33364909 0.3420008 0.35035252 0.35870424 0.34852688 0.34151692 0.33550664 0.32949635 0.32348607 -9999
0.13506088 0.13286443 0.13066798 0.1235086 0.11297671 0.11397833 0.12201742 0.13005651 0.13809561 0.15596426 0.17405701 0.18815821 0.20225942 0.21636062 0.22716826 0.23376142 0.24035458 0.24694773 0.24559803 0.24369952 0.25875934 0.27203352 0.27456173 0.27708995 0.27961816 0.27941316 0.27794538 0.2764776 0.27682456 0.28340508 0.288836 0.29219543 0.29687615 0.30294138 0.30900661 0.31523039 0.32661398 0.33799756 0.34938115 0.3443752 0.33240578 0.33338538 0.33498967 0.32663544 0.31828121 0.30992699 0.31786846 0.33357857 0.34256046 0.35091218 0.3592639 0.34908654 0.32900278 0.3214276 0.31541732 0.30940703 -9999
0.14813733 0.14594088 0.14374443 0.13658505 0.12605317 0.11552128 0.11345902 0.12149811 0.12953721 0.14740586 0.16561226 0.18381867 0.1983981 0.2124993 0.22330695 0.2299001 0.23616087 0.23407247 0.23198407 0.23008555 0.24514538 0.26020521 0.27476478 0.27729299 0.2798212 0.2796162 0.27814842 0.27932091 0.28590143 0.29248195 0.29791287 0.3012723 0.30463174 0.30903492 0.31510015 0.32132393 0.33270752 0.3440911 0.33766143 0.32569201 0.3137226 0.3147022 0.31706091 0.31941963 0.31118695 0.30283273 0.31077419 0.3264843 0.34219441 0.35147184 0.35982356 0.3496462 0.32956244 0.30947868 0.30133828 0.295328 -9999
0.14902593 0.15811146 0.15682088 0.1496615 0.13912962 0.12859773 0.11806584 0.11293971 0.1209788 0.13884745 0.15705386 0.17526027 0.19346667 0.20863799 0.21944563 0.22463531 0.22254691 0.22045851 0.21837011 0.21647159 0.23153142 0.24659124 0.26165107 0.27671089 0.28002424 0.27981925 0.28181727 0.28839779 0.29497831 0.30155883 0.30698974 0.31034918 0.31370861 0.31706804 0.32119369 0.32741747 0.33880106 0.33094766 0.31897824 0.30700882 0.29503941 0.29601901 0.29837772 0.30073644 0.30309515 0.29573846 0.30367993 0.31939004 0.33510015 0.35081026 0.36038322 0.35020585 0.3301221 0.31003834 0.28995458 0.28124896 -9999
0.14895908 0.15804461 0.16713014 0.16273796 0.15220607 0.14167418 0.13114229 0.1206104 0.1124204 0.13028905 0.14849546 0.16670187 0.18490827 0.20311468 0.21310974 0.21102134 0.20893294 0.20684454 0.20475614 0.20285763 0.21791745 0.23297728 0.2480371 0.26309693 0.27815676 0.28431362 0.29089414 0.29747466 0.30405518 0.3106357 0.31606661 0.31942605 0.32278548 0.32614492 0.32950435 0.33351101 0.32423389 0.31226447 0.30029505 0.28832564 0.27635622 0.27733582 0.27969454 0.28205325 0.28441197 0.28677068 0.29658567 0.31229578 0.32800589 0.343716 0.35942611 0.35076551 0.33068176 0.310598 0.29051424 0.27043049 -9999
0.18489578 0.19398131 0.18307718 0.16732554 0.15667509 0.1461432 0.13561131 0.12507942 0.11454753 0.13179926 0.15000567 0.16821207 0.18641848 0.19890862 0.20104015 0.19895174 0.19686334 0.19477494 0.19271445 0.20975895 0.21315468 0.22821451 0.24327433 0.25833416 0.27339398 0.28265408 0.2892346 0.29581512 0.30239564 0.31226673 0.31771443 0.31001446 0.31337389 0.31673332 0.32009276 0.3229952 0.31102579 0.29905637 0.28708695 0.27511754 0.28047355 0.28344052 0.28579924 0.28815795 0.29051667 0.29113701 0.30164736 0.31735747 0.33306758 0.34877769 0.35336377 0.33893461 0.31885086 0.2987671 0.27868334 0.27579589 -9999
0.22653647 0.20953807 0.18650933 0.17075769 0.15995113 0.14924856 0.13871667 0.12818478 0.11765289 0.13490462 0.15311103 0.17131743 0.18165435 0.18708369 0.18921522 0.18712682 0.18503842 0.18581904 0.20302168 0.22006618 0.22298804 0.2259099 0.23991384 0.25497366 0.27003349 0.27929359 0.28587411 0.29245463 0.3035865 0.3201708 0.3256185 0.31099907 0.3010332 0.30439263 0.30775207 0.31065451 0.29868509 0.28671568 0.27474626 0.28182715 0.29050535 0.29347233 0.29583104 0.29818976 0.29852136 0.29812455 0.30863489 0.324345 0.34005511 0.34342257 0.33956986 0.3251407 0.30505694 0.28497318 0.28405822 0.29563903 -9999
0.23599895 0.21297022 0.18994148 0.17418984 0.16338328 0.15257673 0.14182203 0.13129014 0.12075825 0.13800998 0.15621639 0.16440008 0.16982942 0.17525876 0.17739029 0.17530189 0.17892364 0.19612628 0.21332891 0.23037342 0.23329528 0.23621714 0.23913899 0.25161317 0.266673 0.27593309 0.28251361 0.29490627 0.31149057 0.32807487 0.33352257 0.31890314 0.3042837 0.29205194 0.29541138 0.29831382 0.2863444 0.27450257 0.28318076 0.29185896 0.30053716 0.30350413 0.30586285 0.30590572 0.3055089 0.30511208 0.31562242 0.33133253 0.33348136 0.32962865 0.32577594 0.31134678 0.29126302 0.29232055 0.30390136 0.31548218 -9999
0.2394311 0.21640237 0.19337363 0.17762199 0.16681543 0.15600888 0.14520232 0.13439576 0.12386361 0.14111534 0.14714581 0.15257515 0.15800449 0.16343384 0.16556536 0.17202823 0.18923087 0.20643351 0.22363614 0.24068065 0.24360251 0.24652437 0.24944623 0.25236809 0.2633125 0.2725726 0.28622604 0.30281034 0.31939464 0.33597894 0.34142664 0.32680721 0.31218777 0.29756834 0.28307069 0.28597313 0.27585617 0.28453437 0.29321257 0.30189076 0.31056896 0.31353594 0.31329007 0.31289325 0.31249643 0.31209962 0.32260996 0.32354015 0.31968744 0.31583473 0.31198202 0.29755286 0.30058288 0.31216369 0.32374451 0.33532532 -9999
0.24470824 0.22167951 0.19865077 0.18085882 0.17005226 0.1592457 0.14843915 0.13763259 0.12682603 0.13171602 0.13714537 0.14257471 0.14800405 0.1534334 0.16317596 0.1803786 0.19758124 0.21478387 0.23198651 0.24956412 0.25366427 0.25658613 0.25950799 0.26242985 0.26535171 0.27761849 0.29420279 0.31078709 0.32737139 0.34395569 0.34912807 0.33450864 0.3198892 0.30526977 0.29065033 0.27672546 0.28540366 0.29408185 0.30276005 0.31143825 0.32005805 0.32040756 0.32001074 0.31961392 0.31921711 0.31882029 0.31634014 0.31248743 0.30863472 0.30478201 0.3009293 0.30606949 0.3176503 0.32923111 0.34081193 0.35239274 -9999
0.26207693 0.2390482 0.19737687 0.17763758 0.172009 0.16120244 0.15039589 0.13958933 0.12878277 0.13367276 0.13910211 0.14453145 0.14996079 0.15126271 0.15870158 0.17590422 0.19310686 0.2103095 0.22834302 0.24838602 0.26004305 0.26503918 0.26796104 0.2708829 0.27380476 0.28607154 0.30265584 0.31924014 0.33582444 0.34797357 0.3506515 0.34088201 0.32626257 0.31164314 0.2970237 0.28309883 0.29177703 0.30045522 0.30913342 0.31767268 0.32502978 0.3253793 0.32498248 0.32458566 0.32418884 0.3254104 0.32325247 0.31939976 0.31554705 0.31169434 0.30143312 0.30494561 0.31652643 0.32810724 0.33968806 0.3462905 -9999
0.27782334 0.23441145 0.19099957 0.17126028 0.16760752 0.16315918 0.15235262 0.14154607 0.13073951 0.1356295 0.14105884 0.14648819 0.14697972 0.14678833 0.15422721 0.17142984 0.18863248 0.20702802 0.22716492 0.24720792 0.25886495 0.27052197 0.27641409 0.27933595 0.28225781 0.29452459 0.31110889 0.32769319 0.33909093 0.34834965 0.35102757 0.34184751 0.33263594 0.31801651 0.30339707 0.2894722 0.2981504 0.30682859 0.31528731 0.32264442 0.33000152 0.33035104 0.32995422 0.3295574 0.33092564 0.33232273 0.33016481 0.3263121 0.32245939 0.31188788 0.30030925 0.30382174 0.31540256 0.32698337 0.33333711 0.33872537 -9999
0.27144603 0.22803415 0.18462227 0.16488298 0.16123022 0.15757746 0.1539247 0.14350281 0.13269625 0.13758624 0.14288811 0.14269673 0.14250534 0.14231396 0.14975283 0.16695547 0.18571302 0.20584992 0.22598682 0.24602982 0.25768685 0.26934388 0.2810009 0.287789 0.29071086 0.30297765 0.31956194 0.33020828 0.339467 0.34872572 0.35140364 0.34222358 0.33304352 0.32386345 0.30977044 0.29584557 0.30452377 0.31290194 0.32025905 0.32761615 0.33497326 0.33532277 0.33504379 0.33644088 0.33783798 0.33923507 0.33707714 0.33322443 0.32234263 0.310764 0.29918538 0.30269787 0.31427868 0.32038371 0.32577198 0.33116024 -9999
0.26506873 0.22165685 0.17824496 0.15850568 0.15485291 0.15120015 0.14754739 0.14389463 0.13465299 0.13860512 0.13841373 0.13822235 0.13803096 0.13783958 0.14527845 0.16439802 0.18453492 0.20467182 0.22480872 0.24485172 0.25650875 0.26816578 0.2798228 0.29147983 0.29916392 0.3114307 0.32132563 0.33058435 0.33984307 0.34910179 0.35177972 0.34259965 0.33341959 0.32423953 0.31505946 0.30221894 0.31051658 0.31787368 0.32523079 0.33258789 0.339945 0.34055904 0.34195613 0.34335322 0.34475031 0.3461474 0.34398947 0.33279738 0.32121876 0.30964013 0.29806151 0.301574 0.30743032 0.31281858 0.31820685 0.32359511 -9999
0.26665626 0.22324437 0.17983249 0.15673908 0.15308632 0.14943356 0.1457808 0.14212804 0.13847528 0.13475201 0.13456063 0.13436924 0.13417786 0.13398647 0.14271252 0.16284942 0.18298632 0.20312322 0.22326012 0.24175108 0.25371922 0.26537624 0.27703327 0.2886903 0.30034733 0.31036394 0.31962266 0.32888138 0.3381401 0.34739882 0.35115315 0.34197309 0.33279302 0.32361296 0.31443289 0.30574585 0.31310295 0.32046006 0.32781716 0.33517427 0.34225868 0.34287318 0.34427027 0.34566736 0.34706445 0.34846154 0.34043102 0.3288524 0.31727377 0.30569515 0.29411652 0.29795186 0.30334012 0.30872838 0.31411665 0.31950491 -9999
0.28675115 0.24333927 0.19992738 0.17460932 0.16203333 0.15838057 0.15472781 0.15107505 0.14742229 0.13772008 0.13215113 0.13195974 0.13176835 0.13157697 0.14030302 0.16043992 0.18057682 0.20071372 0.21857127 0.23414822 0.24675455 0.25884233 0.27049935 0.28215638 0.29381341 0.30383003 0.31308875 0.32234747 0.33160618 0.33570464 0.33771921 0.3379961 0.32983668 0.32065662 0.31147656 0.30278951 0.31014661 0.31750372 0.32486082 0.33184609 0.33801632 0.336496 0.3358999 0.33729699 0.33869408 0.34009117 0.33134377 0.31835218 0.30677355 0.29519493 0.2836163 0.29197851 0.30732439 0.31271265 0.31810092 0.32348918 -9999
0.30684605 0.26343416 0.22002228 0.19470421 0.18168166 0.16865911 0.16367482 0.16002206 0.1563693 0.14666709 0.13675701 0.12955024 0.12935885 0.12916747 0.13789352 0.15803042 0.17816732 0.19535819 0.21096841 0.22654537 0.2391517 0.25175802 0.26396544 0.27562247 0.28727949 0.29729611 0.30655483 0.31581355 0.31912056 0.32209948 0.32411405 0.32439094 0.32466783 0.31770028 0.30852022 0.29983317 0.30719028 0.31454738 0.32143349 0.32760372 0.33377395 0.33225363 0.32991424 0.32892662 0.33032371 0.3317208 0.3229734 0.30938982 0.29627333 0.28469471 0.27311608 0.28147829 0.30050166 0.31669692 0.32208519 0.32747345 -9999
0.30578421 0.28352906 0.24011717 0.21479911 0.20177656 0.188754 0.17573145 0.16896907 0.16531631 0.1556141 0.14570402 0.13579394 0.12694935 0.12675797 0.13548401 0.15562091 0.17214511 0.18775533 0.20336555 0.21894251 0.23154884 0.24415517 0.25676149 0.26908855 0.28074558 0.29076219 0.29955755 0.30253647 0.3055154 0.30849433 0.3105089 0.31078578 0.31106267 0.31133956 0.30556388 0.29687683 0.30423394 0.3110209 0.31719113 0.32336136 0.32953159 0.32801127 0.32567188 0.32333249 0.32195334 0.32335043 0.31460303 0.30101945 0.28743587 0.27419449 0.26261586 0.27097807 0.29000144 0.30902482 0.32606946 0.33145772 -9999
0.2900862 0.27675824 0.26021207 0.234894 0.22187145 0.2088489 0.19582635 0.18280379 0.17426332 0.16456111 0.15465103 0.14474095 0.13483087 0.12492079 0.13307451 0.14893204 0.16454226 0.18015248 0.1957627 0.21133966 0.22394598 0.23655231 0.24915864 0.26176496 0.27421166 0.28297346 0.28595239 0.28893132 0.29191024 0.29488917 0.29690374 0.29718063 0.29745751 0.2977344 0.29801129 0.29392049 0.3006083 0.30677853 0.31294877 0.319119 0.32528923 0.3237689 0.32142951 0.31909012 0.31675073 0.31498006 0.30623266 0.29264908 0.2790655 0.26548192 0.25211564 0.26047785 0.27950122 0.2985246 0.31754798 0.33544199 -9999
0.27019416 0.25686621 0.2445804 0.23684343 0.22435874 0.21133619 0.19831363 0.18529108 0.17226853 0.16225505 0.15234497 0.14243489 0.13252481 0.12353718 0.12976502 0.14537524 0.16098546 0.17659568 0.1922059 0.20008801 0.20548852 0.21809484 0.23070117 0.2433075 0.25591383 0.26193514 0.26491407 0.26789299 0.27087192 0.27385085 0.29265194 0.29459937 0.29487625 0.29515314 0.29543003 0.29588261 0.30205284 0.30822307 0.3143933 0.32056353 0.32461426 0.32270267 0.32036327 0.31802388 0.31568449 0.31489412 0.30656976 0.29298618 0.2794026 0.26581902 0.25529341 0.26710002 0.2861234 0.30514677 0.32417015 0.34027331 -9999
0.24713849 0.23557553 0.22605668 0.21831971 0.2117936 0.20054173 0.18751917 0.17449662 0.16147407 0.1514606 0.14155052 0.13164044 0.12413676 0.1230324 0.12926025 0.14487047 0.16048069 0.17609091 0.18230021 0.18630593 0.18748875 0.19144955 0.20405587 0.2166622 0.22926853 0.23528984 0.23826877 0.2412477 0.24708352 0.27295564 0.29178508 0.29792427 0.30061053 0.30088741 0.3011643 0.30161688 0.30778711 0.31395734 0.32012757 0.32383871 0.32594383 0.32403223 0.32169284 0.31935345 0.31909192 0.32179943 0.31347507 0.29989149 0.28630791 0.27652308 0.27483133 0.28663793 0.30566131 0.32468469 0.34000238 0.3464166 -9999
0.22657066 0.21705181 0.20753296 0.19979599 0.19326988 0.18674377 0.17672472 0.16370216 0.15067961 0.14066614 0.13075606 0.12473634 0.12363199 0.12252763 0.12875548 0.1443657 0.15997592 0.1644808 0.16851813 0.17252385 0.17370667 0.1748895 0.17741057 0.1900169 0.20262323 0.20864455 0.21162347 0.22034455 0.24621666 0.27208877 0.29091822 0.29705741 0.3031966 0.30662169 0.30689857 0.30735116 0.31352139 0.31969162 0.32306315 0.32516828 0.3272734 0.3253618 0.32302241 0.32328972 0.32599722 0.32870473 0.32038037 0.3067968 0.29775275 0.29606099 0.29436924 0.30617585 0.32519922 0.33973145 0.34614567 0.35255988 -9999
0.20804694 0.19852809 0.18900924 0.18127227 0.17474616 0.16822005 0.16169393 0.15290771 0.13988515 0.12987168 0.12533593 0.12423157 0.12312722 0.12202286 0.12825071 0.14262406 0.14666139 0.15069872 0.15473605 0.15874177 0.15992459 0.16110742 0.16229024 0.16347306 0.17597793 0.18199925 0.19360557 0.21947768 0.2453498 0.27122191 0.29005136 0.29619055 0.30232974 0.30846893 0.31263284 0.31308543 0.31925566 0.3222876 0.32439272 0.32649785 0.32860297 0.32669137 0.32748751 0.33019502 0.33290253 0.33561004 0.32728568 0.31898241 0.31729066 0.31559891 0.31390715 0.32571376 0.33946052 0.34587474 0.35228896 0.35870317 -9999
0.18952323 0.18000437 0.17048552 0.16274855 0.15622244 0.14969633 0.14317022 0.1366441 0.1290907 0.12593551 0.12483116 0.1237268 0.12262245 0.12151809 0.12480465 0.12884198 0.13287931 0.13691664 0.14095397 0.14495969 0.14614251 0.14732534 0.14850816 0.14969098 0.1508738 0.16686659 0.19273871 0.21861082 0.24448293 0.27035505 0.28918449 0.29532368 0.30146287 0.30760206 0.31374125 0.3188197 0.32151205 0.32361717 0.32572229 0.32782742 0.32993254 0.33168531 0.33439282 0.33710033 0.33980784 0.34251535 0.34021208 0.33852033 0.33682857 0.33513682 0.33344506 0.33918959 0.34560381 0.35201803 0.35843224 0.36484646 -9999
