P1_models/J1_p1__temp2_slide_200.dat.tif
NCOLS 118
NROWS 92
XLLCORNER 139.62
YLLCORNER -39.07
DX 0.099491525
DY 0.099347826
NODATA_VALUE -9999
[rows 0 to 26 of 92, columns 0 to 59 of 118]
-9999 -9999 -9999 -9999 -9999 -9999 -9999 -9999 -9999 -9999 -9999 -9999 -9999 -9999 -9999 -9999 -9999 -9999 -9999 -9999 -9999 -9999 -9999 -9999 -9999 -9999 -9999 -9999 -9999 -9999 -9999 -9999 -9999 -9999 -9999 -9999 -9999 -9999 -9999 -9999 -9999 -9999 -9999 -9999 -9999 -9999 -9999 -9999 -9999 -9999 -9999 -9999 -9999 -9999 -9999 -9999 -9999 -9999 -9999 -9999
-9999 1007.0129 1008.1386 1009.2643 1010.39 1011.5157 1012.8891 1012.4624 1010.4959 1009.302 1008.1081 1006.9142 1005.7203 1003.8955 1001.332 999.37004 997.40807 995.44609 993.48412 990.84805 986.6568 982.46556 978.27431 974.08306 970.66553 972.51774 977.49987 985.06325 992.62663 1000.19 1007.7534 1010.804 1005.1556 999.5072 993.85878 988.21036 985.83669 985.97046 981.23273 979.91567 978.59861 977.28154 975.96448 988.93859 999.91374 1006.9696 1014.0255 1021.0813 1028.1372 1037.5594 1059.5456 1081.5318 1103.518 1125.5042 1140.5595 1134.2886 1131.8031 1129.3176 1126.8321 1124.3466
-9999 1012.6935 1013.8192 1014.9449 1016.0707 1017.6366 1019.4784 1019.0517 1016.0069 1013.5425 1012.3486 1011.1547 1009.9608 1008.136 1005.0478 1002.2048 1000.2428 998.28082 996.31885 993.68277 989.49153 985.30028 981.10904 979.07399 980.45295 982.30516 985.42582 989.39771 996.96109 1004.5245 1012.0878 1015.1385 1009.4901 1003.8417 998.19325 998.63869 1005.3879 1005.5217 996.1911 989.79788 988.48082 987.16376 985.84669 998.8208 1022.0687 1036.052 1043.1079 1050.1638 1057.2196 1066.0877 1075.269 1095.6967 1117.6829 1139.6691 1154.7245 1145.772 1138.4341 1135.9486 1133.4631 1130.9776
-9999 1018.3741 1019.4998 1020.6256 1022.3841 1024.2259 1026.0676 1025.6409 1022.5961 1019.5514 1016.5891 1015.3952 1014.2013 1012.3765 1009.2883 1006.2001 1003.1119 1001.1155 999.15357 996.5175 992.32625 988.13501 987.48246 988.86141 990.24036 992.09257 995.21323 998.3339 1001.4546 1008.8589 1016.4223 1019.473 1013.8246 1008.1761 1011.4407 1018.1899 1024.9392 1025.0729 1015.7423 1006.4118 998.36303 997.04597 995.7289 1008.703 1031.9509 1055.1987 1072.1903 1079.2462 1086.3021 1095.1701 1104.3514 1113.5327 1131.8479 1153.8341 1168.8894 1159.9369 1150.9845 1142.5797 1140.0942 1137.6087
-9999 1024.0547 1025.2899 1027.1316 1028.9734 1030.8151 1032.6568 1032.2301 1029.1854 1026.1406 1023.0958 1020.0511 1018.4418 1016.617 1013.5288 1010.4406 1007.3524 1004.2642 1001.9883 999.35222 995.16098 995.89092 997.26987 998.64883 1000.0278 1001.88 1005.0007 1008.1213 1011.242 1014.3626 1020.7568 1023.8074 1018.159 1024.2427 1030.9919 1037.7412 1044.4904 1044.6242 1035.2936 1025.963 1016.6324 1007.3018 1005.6111 1018.5852 1041.8331 1065.0809 1088.3288 1108.3286 1115.3845 1124.2526 1133.4339 1142.6151 1151.7964 1167.999 1183.0543 1174.1019 1165.1494 1156.1969 1147.2445 1144.2397
-9999 1030.0374 1031.8791 1033.7209 1035.5626 1037.4044 1039.2461 1038.8194 1035.7746 1032.7299 1029.6851 1026.6403 1023.5956 1020.8575 1017.7693 1014.6811 1011.5929 1008.5047 1005.4164 1002.9204 1004.2994 1005.6783 1007.0573 1008.4362 1009.8152 1011.6674 1014.7881 1017.9087 1021.0294 1024.1501 1027.2707 1030.2955 1037.0447 1043.7939 1050.5432 1057.2924 1064.0416 1064.1754 1054.8448 1045.5142 1036.1836 1026.853 1017.5225 1028.4674 1051.7153 1074.9631 1098.211 1121.4589 1144.4669 1153.335 1162.5163 1171.6976 1180.8789 1190.0602 1197.2192 1188.2668 1179.3143 1170.3619 1161.4094 1152.4569
-9999 1031.8998 1033.7416 1035.5833 1037.425 1039.2668 1041.0566 1040.5822 1037.5374 1034.4926 1031.4479 1028.4031 1025.4748 1023.2426 1021.664 1018.5758 1015.4876 1012.3994 1009.3111 1007.5737 1008.9527 1010.3316 1011.7106 1013.0895 1014.7141 1015.6418 1014.572 1017.6926 1020.8133 1023.9339 1027.0546 1031.4147 1038.1639 1044.9131 1051.6624 1058.4116 1071.0459 1078.1989 1068.8683 1059.5377 1050.2071 1040.8765 1037.4958 1036.6962 1048.5664 1071.8142 1095.0621 1118.3099 1141.5578 1152.8119 1161.9932 1171.1745 1180.3558 1188.5265 1190.5224 1181.5699 1172.6174 1163.665 1154.7125 1149.275
-9999 1033.0134 1034.8551 1036.6968 1038.5386 1040.302 1042.0547 1041.5803 1038.5355 1035.4908 1032.446 1029.5939 1026.8069 1024.5747 1023.4538 1022.3328 1019.3275 1016.2393 1013.151 1011.4136 1012.7926 1014.1715 1015.5505 1017.3564 1019.3953 1020.323 1018.2725 1016.2219 1019.0123 1022.133 1025.2537 1029.6137 1036.363 1043.1122 1049.8614 1065.519 1084.1937 1091.3466 1082.016 1072.6854 1063.3549 1062.115 1062.0018 1061.2022 1059.9091 1066.6008 1089.8486 1113.0965 1136.3443 1147.5985 1156.7798 1165.961 1173.368 1178.5245 1180.5204 1171.5679 1162.6154 1153.663 1149.297 1145.9914
-9999 1034.1269 1035.9686 1037.7948 1039.5475 1041.3002 1043.0528 1042.5784 1039.5337 1036.5002 1033.7131 1030.926 1028.139 1025.9068 1024.7859 1023.6649 1022.544 1020.0792 1016.9909 1015.2535 1016.6325 1018.0114 1019.9986 1022.0375 1024.0765 1025.0042 1022.9536 1020.9031 1018.8526 1020.3321 1023.4527 1027.8128 1034.562 1041.3172 1059.992 1078.6667 1097.3414 1104.4944 1095.1638 1086.8473 1086.7341 1086.6209 1086.5077 1085.7081 1084.4151 1083.122 1084.6352 1107.883 1131.1309 1142.385 1151.5663 1158.2095 1163.366 1168.5225 1170.5184 1161.5659 1152.6247 1149.3191 1146.0135 1142.7079
-9999 1035.2404 1037.0402 1038.7929 1040.5456 1042.2983 1044.051 1043.5766 1040.6194 1037.8323 1035.0452 1032.2581 1029.4711 1027.2389 1026.118 1024.997 1023.8761 1022.7552 1020.8308 1019.0934 1020.602 1022.6409 1024.6798 1026.7187 1028.7576 1029.6854 1027.6348 1025.5843 1023.5337 1021.4832 1021.6518 1026.0118 1035.7902 1054.465 1073.1397 1091.8144 1110.4891 1117.6421 1111.4665 1111.3533 1111.2401 1111.1268 1111.0136 1110.214 1108.921 1107.6279 1106.3349 1105.0419 1125.9175 1137.1716 1143.051 1148.2075 1153.364 1158.5205 1160.5164 1152.6467 1149.3411 1146.0355 1142.7299 1139.4243
-9999 1035.7944 1037.5471 1039.2997 1041.0524 1042.8051 1044.5578 1044.0206 1041.2335 1038.4464 1035.6594 1032.8723 1030.0852 1028.1842 1027.0632 1025.9423 1024.8214 1023.7004 1022.5795 1022.414 1024.453 1026.4919 1028.5308 1030.5697 1032.6086 1034.5862 1032.5356 1030.4851 1028.4345 1026.384 1024.3335 1029.362 1048.0367 1066.7115 1085.3862 1104.0609 1122.7356 1132.9524 1132.8392 1132.726 1132.6128 1132.4996 1132.3864 1131.1063 1129.8132 1128.5202 1127.2272 1125.9341 1124.6411 1128.8472 1134.0037 1139.1602 1144.3167 1149.4732 1153.2825 1149.9768 1146.6712 1143.3656 1140.06 1136.7544
-9999 1033.0814 1034.834 1036.5867 1038.3394 1040.0921 1040.8661 1039.9295 1037.1425 1034.3554 1031.5683 1028.7812 1026.6885 1025.4197 1025.3859 1024.3523 1023.2314 1022.1105 1020.9895 1020.8241 1022.863 1024.9019 1026.9408 1028.9797 1031.459 1034.4328 1038.1895 1036.8251 1034.7746 1032.7241 1030.6735 1035.7021 1054.3768 1073.0515 1091.7262 1110.401 1125.4842 1133.7911 1133.6779 1133.5647 1133.4515 1133.3383 1130.9732 1128.8056 1127.0224 1125.7294 1124.4363 1123.1433 1121.8502 1126.0563 1131.2128 1136.3693 1141.5258 1148.6141 1154.6344 1151.3288 1148.0232 1144.7176 1141.412 1140.9016
-9999 1030.3683 1032.121 1033.8737 1035.4415 1036.1083 1036.7751 1035.8385 1033.0514 1030.2643 1027.5125 1025.627 1023.7416 1022.4728 1022.439 1022.4051 1021.6414 1020.5205 1019.3995 1019.2341 1021.273 1023.3119 1025.3508 1027.9896 1030.6712 1033.645 1037.4017 1041.1585 1041.1146 1039.0641 1037.0136 1042.0421 1060.7168 1079.3916 1097.9377 1112.1303 1126.3228 1134.6298 1134.5166 1134.4033 1133.9227 1131.4344 1128.9461 1126.7785 1124.8413 1122.9385 1121.6455 1120.3524 1119.0594 1123.2655 1128.422 1133.5785 1141.2535 1149.9661 1155.9864 1152.6808 1149.3752 1146.3128 1146.0634 1145.8139
-9999 1027.6553 1029.408 1030.6837 1031.3505 1032.0172 1032.684 1031.7474 1028.9603 1026.451 1024.5656 1022.6801 1020.7947 1019.5259 1019.4921 1019.4582 1019.4244 1018.9305 1017.8096 1017.6441 1019.683 1021.8386 1024.5202 1027.2019 1029.8835 1032.8573 1036.614 1040.3707 1044.1275 1045.4041 1043.3536 1048.3821 1067.0569 1084.5838 1098.7764 1112.9689 1127.1615 1135.4684 1135.3552 1134.3839 1131.8956 1129.4073 1126.919 1124.7514 1122.8142 1120.8771 1118.94 1117.5616 1116.2685 1120.4746 1125.6311 1133.8928 1142.6054 1151.318 1157.3383 1154.0327 1151.4746 1151.2251 1150.9757 1150.7263
-9999 1024.9423 1025.9259 1026.5927 1027.2594 1027.9262 1028.5929 1027.6563 1025.3895 1023.5041 1021.6186 1019.7332 1017.8478 1016.579 1016.5452 1016.5113 1016.4775 1016.4437 1016.2196 1016.0541 1018.3692 1021.0509 1023.7325 1026.4141 1029.0958 1032.0695 1035.8262 1039.583 1043.3397 1047.0964 1049.6937 1054.7222 1071.2299 1085.4225 1099.615 1113.8076 1128.0001 1136.3071 1134.8452 1132.3568 1129.8685 1127.3802 1124.8919 1122.7242 1120.7871 1118.85 1116.9129 1114.9758 1113.4777 1117.8195 1126.5322 1135.2448 1143.9574 1152.67 1158.6903 1156.6363 1156.3869 1156.1375 1155.888 1155.6386
-9999 1021.1591 1021.8258 1022.4926 1023.1593 1023.8261 1024.4929 1023.6712 1021.7857 1019.9003 1018.0149 1016.1294 1014.244 1013.286 1013.2993 1013.2655 1013.2316 1013.1978 1013.164 1013.9513 1016.6329 1019.3145 1021.9962 1024.6778 1027.3594 1034.0488 1039.3265 1043.0832 1046.84 1050.5967 1054.3534 1061.6747 1075.8672 1090.0598 1104.2523 1118.4449 1132.6374 1139.3723 1136.884 1134.3957 1131.9074 1129.4191 1126.9308 1125.2747 1123.3376 1121.4005 1119.4633 1117.5262 1115.5891 1111.5266 1120.2392 1128.9518 1137.6644 1146.377 1155.503 1156.7012 1156.4518 1156.2024 1155.9529 1155.7035
-9999 1017.038 1017.7048 1018.3716 1019.0383 1019.5711 1019.3461 1018.4028 1016.6305 1014.7701 1012.8847 1010.9993 1009.1138 1008.1559 1009.0553 1009.325 1009.2911 1009.2573 1009.2235 1010.0108 1012.6924 1015.374 1018.0557 1020.7373 1022.9233 1029.4289 1047.6122 1056.5472 1060.3039 1064.0606 1067.8174 1075.1386 1089.3312 1103.5237 1117.7163 1131.5626 1137.524 1142.7937 1147.0739 1145.8824 1143.3941 1140.9058 1138.4175 1137.0667 1136.5246 1134.5875 1132.6504 1130.7133 1128.7762 1109.2287 1096.1822 1104.8948 1113.6075 1122.3201 1131.4461 1142.0039 1145.253 1145.0035 1144.7541 1144.5046
-9999 1012.917 1013.5838 1014.2505 1014.5194 1014.2943 1014.0692 1013.1259 1011.3536 1009.5814 1007.7545 1005.8691 1003.9837 1003.0257 1003.9251 1004.8245 1005.3506 1005.3168 1005.283 1006.0703 1008.7519 1011.4335 1014.006 1016.1547 1018.3034 1024.809 1042.9923 1061.1757 1073.7679 1077.5246 1081.2813 1088.6026 1102.7951 1116.9877 1128.7473 1134.7087 1140.6701 1145.9398 1150.22 1154.5002 1154.8808 1152.3925 1149.9042 1148.5534 1148.0203 1147.4873 1145.8374 1143.9003 1141.9632 1122.4158 1099.8248 1080.8379 1089.5505 1098.2631 1107.3891 1117.9469 1128.5047 1133.8047 1133.5553 1133.3058
-9999 1008.796 1009.4627 1009.4676 1009.2425 1009.0174 1008.7924 1007.8491 1006.0768 1004.3045 1002.5323 1000.739 998.85351 997.89555 998.79496 999.69436 1000.5938 1001.3763 1001.3424 1002.1297 1004.8114 1007.2374 1009.3861 1011.5348 1013.6835 1020.1891 1038.3725 1056.5558 1074.7391 1090.9885 1094.7453 1102.0665 1116.2591 1125.9321 1131.8935 1137.8549 1143.8163 1149.086 1153.3662 1157.6464 1161.9266 1163.8792 1161.3909 1160.0401 1159.5071 1158.974 1158.4409 1157.0874 1155.1503 1135.6028 1113.0119 1090.4209 1067.8299 1074.2061 1083.3321 1093.8899 1104.4478 1115.0056 1122.3564 1122.107
-9999 1004.6409 1004.4158 1004.1908 1003.9657 1003.7406 1003.5155 1002.5722 1000.8 999.0277 997.25544 995.48319 993.71094 992.7654 993.6648 994.56421 995.46361 996.36301 997.26242 998.18922 1000.4689 1002.6176 1004.7662 1006.9149 1009.0636 1015.5692 1033.7526 1051.9359 1070.1193 1088.3026 1106.4859 1115.5305 1123.1168 1129.0782 1135.0396 1141.001 1146.9624 1152.2322 1156.5123 1160.7925 1165.0727 1169.3529 1172.8776 1171.5268 1170.9938 1170.4607 1169.9276 1169.3946 1168.3373 1148.7899 1126.1989 1103.6079 1081.017 1058.426 1059.2751 1069.833 1080.3908 1090.9486 1101.5064 1110.9082
-9999 1004.3962 1004.1711 1003.9461 1003.721 1003.4959 1002.158 998.27735 996.5051 994.73284 992.96059 991.18834 989.53906 989.28176 989.5699 990.46931 991.36871 992.26811 993.16752 994.44468 996.59337 998.74205 1000.8907 1003.0394 1005.1881 1022.2388 1036.3985 1054.5818 1072.7652 1090.9485 1109.1319 1123.1406 1129.102 1135.0634 1141.0248 1146.9862 1152.5913 1156.1962 1160.4764 1164.7566 1169.0368 1173.317 1175.7022 1167.9646 1166.2321 1165.6991 1165.166 1164.6329 1164.0999 1144.7593 1122.1684 1099.5774 1076.9864 1054.3955 1053.7395 1064.2973 1074.8551 1085.4129 1095.9708 1106.8248
-9999 1007.9474 1007.7223 1007.4972 1007.2721 1004.3115 998.60392 994.72324 992.95098 991.17873 989.40647 988.26421 988.20484 987.94754 987.29388 987.15532 988.05472 988.95412 989.85353 991.13069 993.27938 995.42806 997.57675 1004.6169 1024.6757 1041.7558 1050.8524 1062.7085 1080.8918 1099.0752 1117.2585 1131.2672 1137.2286 1143.19 1149.1514 1154.0395 1157.1723 1160.7772 1165.0574 1169.3376 1173.6178 1174.4543 1172.0665 1164.3288 1152.7452 1148.681 1148.1479 1147.6149 1147.0818 1127.7413 1105.1503 1082.5593 1061.9362 1060.7387 1062.1747 1072.7325 1083.2904 1093.8482 1104.9077 1116.5482
-9999 1011.4985 1011.2735 1011.0484 1006.4649 1000.7574 995.04981 991.16912 989.39687 987.62461 986.98936 986.92999 986.87062 986.61332 985.95966 985.30601 984.74073 985.64013 986.53954 987.8167 989.96539 992.11407 1004.075 1024.1338 1044.1927 1061.2728 1070.3694 1079.4659 1089.0185 1107.2018 1125.3852 1139.3939 1145.3553 1151.3167 1155.4877 1158.6205 1161.7533 1165.3582 1169.6384 1173.9186 1173.2064 1170.8186 1168.4308 1160.6931 1149.1095 1137.5259 1131.1299 1130.5968 1130.0637 1110.7232 1088.1322 1071.5689 1070.3715 1069.174 1070.61 1081.1678 1091.7256 1102.9906 1114.6311 1126.2716
-9999 1015.0497 1014.3259 1008.6183 1002.9108 997.20325 991.49569 987.61501 985.84275 985.71451 985.65514 985.59577 985.5364 985.2791 984.62544 983.97179 983.31813 982.66447 983.22555 984.50271 986.6514 1003.5332 1023.592 1043.6508 1063.7096 1080.7898 1089.8864 1098.9829 1108.0795 1117.176 1133.5118 1147.5205 1153.4819 1156.9359 1160.0687 1163.2015 1166.3343 1169.9392 1174.2194 1171.9585 1169.5707 1167.1829 1164.7951 1157.0574 1145.4738 1133.8902 1122.3066 1113.5787 1113.0457 1093.7051 1081.2016 1080.0042 1078.8067 1077.6093 1079.0452 1089.6031 1101.0735 1112.714 1124.3545 1135.995
-9999 1016.4793 1010.7718 1005.0642 999.35668 993.64913 987.94158 984.49902 984.43966 984.38029 984.32092 984.26155 984.20218 983.94488 983.29122 982.63757 981.98391 981.33025 980.67659 982.93254 1002.9914 1023.0502 1043.109 1063.1678 1083.2266 1100.3068 1109.4033 1118.4999 1127.5965 1136.693 1145.7896 1155.2513 1158.3841 1161.5169 1164.6497 1167.7825 1170.9153 1173.0984 1170.7106 1168.3228 1165.935 1163.5472 1161.1594 1153.4217 1141.8381 1130.2545 1118.6709 1107.0873 1096.0276 1090.8343 1089.6369 1088.4394 1087.242 1086.0445 1087.5159 1099.1564 1110.7969 1122.4374 1134.0779 1145.7184
-9999 1031.2665 1025.559 1019.8514 1014.1439 1008.4363 993.93627 981.42629 980.17579 980.11642 980.05706 979.99769 979.93832 982.441 987.89221 987.23855 986.58489 985.93123 985.27757 990.88705 1010.9459 1031.0047 1051.0635 1071.1223 1087.716 1100.0636 1116.7924 1125.8889 1134.9855 1144.082 1153.1786 1160.2381 1163.3709 1166.5037 1169.6365 1172.7693 1180.8572 1187.8068 1185.1061 1182.7183 1180.3305 1177.9427 1175.5549 1174.3757 1167.69 1156.1064 1144.5228 1132.9392 1121.3556 1101.1077 1096.9149 1095.7175 1094.52 1093.3226 1095.5428 1109.0558 1120.6963 1132.3368 1143.9773 1155.6178
-9999 1049.5689 1043.8614 1038.1538 1032.4463 1013.2296 991.58744 979.07745 977.10719 975.29108 975.23171 975.17234 975.11297 977.61565 985.24897 992.88229 992.32339 991.66973 991.01607 996.62555 1016.6844 1036.7432 1056.802 1070.6075 1080.5182 1092.8658 1111.7449 1130.624 1140.0501 1149.1467 1158.2432 1165.3028 1168.4356 1171.5684 1174.7012 1185.5003 1199.3279 1206.2775 1203.3871 1200.5696 1198.1818 1195.794 1193.4062 1192.227 1191.9167 1187.6098 1176.0262 1164.4426 1152.859 1132.6112 1110.8659 1102.7737 1101.5762 1100.3788 1102.599 1116.6575 1130.6294 1142.2699 1153.9104 1165.5509
