P1_models/J1_p1_vp_slide_diff2_300.dat.tif
NCOLS 118
NROWS 92
XLLCORNER 139.62
YLLCORNER -39.07
DX 0.099491525
DY 0.099347826
NODATA_VALUE -9999
[rows 48 to 71 of 92, columns 0 to 53 of 118]
-9999 -0.12345046 -0.10738453 -0.091318608 -0.075252684 -0.05918676 -0.043120836 -0.039841365 -0.048071761 -0.056302157 -0.064532552 -0.072762948 -0.080993344 -0.081804968 -0.087775829 -0.094500627 -0.10122543 -0.10795022 -0.11467502 -0.11548185 -0.10263567 -0.089789489 -0.076943309 -0.064097129 -0.051250949 -0.049520558 -0.051570501 -0.053401482 -0.055232464 -0.057063445 -0.058894426 -0.063486617 -0.073401538 -0.083316458 -0.093231379 -0.1031463 -0.11306122 -0.11780088 -0.11860556 -0.11941025 -0.12021493 -0.12101961 -0.12313969 -0.11844587 -0.12156659 -0.1246873 -0.12780802 -0.13092874 -0.13404946 -0.12136862 -0.10595685 -0.090545082 -0.075133312 -0.059721542
-9999 -0.1193028 -0.10323687 -0.087170947 -0.071105023 -0.056021265 -0.042838964 -0.03959697 -0.047827365 -0.056057761 -0.064288157 -0.070302717 -0.067952596 -0.06723881 -0.069801878 -0.07439351 -0.081118308 -0.087843106 -0.094567904 -0.095374732 -0.082528552 -0.069682372 -0.056836192 -0.045558438 -0.046079111 -0.047210169 -0.049977213 -0.052316604 -0.054147585 -0.055978567 -0.057809548 -0.062401739 -0.072316659 -0.08223158 -0.092146501 -0.10142277 -0.10851517 -0.11302071 -0.11382539 -0.11463007 -0.11543475 -0.12234371 -0.13983277 -0.13249945 -0.10732164 -0.10558735 -0.10870807 -0.11182879 -0.11494951 -0.10226867 -0.086856902 -0.071445132 -0.056033361 -0.068147708
-9999 -0.11515513 -0.09908921 -0.083023286 -0.06895917 -0.055776869 -0.042594569 -0.039352574 -0.04758297 -0.055813365 -0.058086679 -0.055736559 -0.053386439 -0.052672653 -0.05523572 -0.057798788 -0.061011191 -0.067735989 -0.074460787 -0.075267615 -0.062421435 -0.049575255 -0.042727377 -0.043248049 -0.043768722 -0.04489978 -0.047666825 -0.050433869 -0.053062707 -0.054893689 -0.05672467 -0.06131686 -0.071231781 -0.081146702 -0.089550196 -0.096642593 -0.10373499 -0.10824053 -0.10904521 -0.10984989 -0.12154772 -0.13903679 -0.15652586 -0.14919254 -0.12401472 -0.09883691 -0.089608119 -0.092728837 -0.095849555 -0.083168722 -0.067756951 -0.057848184 -0.071515476 -0.085182769
-9999 -0.11100747 -0.095079377 -0.081897076 -0.068714775 -0.055532474 -0.042350173 -0.039108178 -0.047338574 -0.045870642 -0.043520522 -0.041170402 -0.038820281 -0.038106495 -0.040669563 -0.04323263 -0.045795698 -0.048358765 -0.05435367 -0.055160498 -0.042314318 -0.039896316 -0.040416988 -0.040937661 -0.041458333 -0.042589391 -0.045356436 -0.048123481 -0.050890525 -0.05365757 -0.055639792 -0.060231982 -0.070146903 -0.077677624 -0.08477002 -0.091862417 -0.098954814 -0.10346036 -0.10426504 -0.12075174 -0.13824081 -0.15572987 -0.17321894 -0.16588562 -0.14070781 -0.11552999 -0.09035218 -0.073628886 -0.076749604 -0.064068771 -0.061215952 -0.074883245 -0.088550538 -0.10221783
-9999 -0.10801728 -0.094834981 -0.08165268 -0.068470379 -0.055288078 -0.042105777 -0.036004725 -0.033654605 -0.031304485 -0.028954364 -0.026604244 -0.024254124 -0.023540338 -0.026103405 -0.028666473 -0.03122954 -0.033792608 -0.036355675 -0.036544582 -0.037065255 -0.037585927 -0.038106599 -0.038627272 -0.039147944 -0.040279002 -0.043046047 -0.045813092 -0.048580136 -0.051347181 -0.054114226 -0.058712654 -0.065805051 -0.072897448 -0.079989845 -0.087082241 -0.094174638 -0.10246669 -0.11995576 -0.13744483 -0.15493389 -0.17242296 -0.18991202 -0.18257871 -0.15740089 -0.13222308 -0.10704526 -0.081867449 -0.057649653 -0.06458372 -0.078251013 -0.091918306 -0.1055856 -0.11925289
-9999 -0.097257078 -0.084074777 -0.070892476 -0.057710175 -0.044527874 -0.033043713 -0.026409874 -0.024059753 -0.021709633 -0.019359513 -0.017009392 -0.025121965 -0.034422842 -0.025437196 -0.028000263 -0.030563331 -0.033126398 -0.035689466 -0.037634944 -0.038155616 -0.038676288 -0.039196961 -0.039717633 -0.045297003 -0.051110483 -0.039219901 -0.041986946 -0.04475399 -0.047521035 -0.05028808 -0.054532524 -0.06162492 -0.068717317 -0.075809714 -0.082902111 -0.093465707 -0.10885251 -0.12634158 -0.14383064 -0.16131971 -0.17880877 -0.19100711 -0.18082182 -0.15605403 -0.13087621 -0.1056984 -0.080520586 -0.055342772 -0.063285871 -0.076953164 -0.090620457 -0.10428775 -0.11453564
-9999 -0.084737524 -0.071555223 -0.058372922 -0.045190621 -0.034626074 -0.024280587 -0.017646748 -0.015296627 -0.012946507 -0.010596387 -0.025964993 -0.045998182 -0.05529906 -0.043107866 -0.030916672 -0.032222656 -0.034785723 -0.037348791 -0.039294268 -0.039814941 -0.040335613 -0.040856285 -0.050384154 -0.063959276 -0.069772756 -0.054783093 -0.03979343 -0.04067425 -0.043441295 -0.04620834 -0.050452784 -0.05754518 -0.064637577 -0.071729974 -0.084209717 -0.098127064 -0.11351387 -0.13100293 -0.148492 -0.16598107 -0.17610396 -0.18558121 -0.17539592 -0.15107548 -0.12651117 -0.10133336 -0.076155545 -0.050977731 -0.05892083 -0.072588123 -0.086255416 -0.093725327 -0.094509711
-9999 -0.07221797 -0.059035669 -0.046553923 -0.036208436 -0.025862948 -0.015517461 -0.0088836213 -0.006533501 -0.0067748318 -0.026808021 -0.046841211 -0.0668744 -0.076175278 -0.063984084 -0.05179289 -0.039601696 -0.036445048 -0.039008115 -0.040953593 -0.041474265 -0.041994938 -0.055471306 -0.069046428 -0.082621549 -0.088435029 -0.073445366 -0.058455703 -0.04346604 -0.039361555 -0.0421286 -0.046373043 -0.05346544 -0.061036381 -0.074953727 -0.088871074 -0.10278842 -0.11817522 -0.13566429 -0.15172355 -0.1612008 -0.17067805 -0.18015531 -0.16997002 -0.14564958 -0.12132914 -0.096968318 -0.071790504 -0.04661269 -0.054555789 -0.068223082 -0.072915013 -0.073699397 -0.074483781
-9999 -0.059698416 -0.048136285 -0.037790797 -0.02744531 -0.017099822 -0.0067543344 -0.00012049514 -0.0076178602 -0.02765105 -0.047684239 -0.067717429 -0.087750618 -0.097051496 -0.084860302 -0.072669108 -0.060477914 -0.04828672 -0.04066744 -0.042612918 -0.046983337 -0.060558458 -0.07413358 -0.087708701 -0.10128382 -0.1070973 -0.092107639 -0.077117976 -0.062128313 -0.04713865 -0.03804886 -0.042293303 -0.051780391 -0.065697737 -0.079615084 -0.093532431 -0.10744978 -0.12283658 -0.13682039 -0.14629764 -0.1557749 -0.16525215 -0.17472941 -0.16454412 -0.14022367 -0.11590323 -0.091582791 -0.067262349 -0.042247649 -0.050190748 -0.052104699 -0.052889083 -0.053673467 -0.054457851
-9999 -0.054693193 -0.044347706 -0.034002218 -0.02365673 -0.013311243 -0.002965755 -0.0044551548 -0.024488344 -0.044521534 -0.064554723 -0.084587913 -0.1046211 -0.12068838 -0.10849719 -0.096305992 -0.084114798 -0.071923604 -0.05973241 -0.055332563 -0.068907684 -0.082482806 -0.096057927 -0.10963305 -0.12320817 -0.12235186 -0.10715584 -0.092166174 -0.07717651 -0.062186847 -0.047197184 -0.04208121 -0.055998557 -0.069915904 -0.083833251 -0.097750597 -0.11166794 -0.11812707 -0.12760433 -0.13708158 -0.14655884 -0.15603609 -0.16551334 -0.1616018 -0.13728136 -0.11296092 -0.08864048 -0.064320039 -0.039999597 -0.035169098 -0.035953482 -0.036737866 -0.03752225 -0.038306634
-9999 -0.067894974 -0.057549486 -0.047203999 -0.036858511 -0.026958458 -0.020194176 -0.020773538 -0.029828409 -0.047710599 -0.067743789 -0.087776978 -0.10781017 -0.12458467 -0.13483346 -0.12937182 -0.11718062 -0.10498943 -0.092798236 -0.08839839 -0.10197351 -0.11554863 -0.12912375 -0.14269887 -0.14305014 -0.13595589 -0.11264098 -0.094870642 -0.079880979 -0.064891316 -0.049901653 -0.044785679 -0.058703026 -0.072620373 -0.086537719 -0.10014427 -0.095927682 -0.096985506 -0.10558912 -0.11492039 -0.12439765 -0.1338749 -0.14335216 -0.14590838 -0.14282166 -0.11850122 -0.094180777 -0.069860336 -0.045539894 -0.036821681 -0.033036188 -0.033820572 -0.034604956 -0.03538934
-9999 -0.081096754 -0.070751267 -0.060405779 -0.051772033 -0.045007751 -0.038243469 -0.038822831 -0.047877701 -0.056932572 -0.070932854 -0.090966043 -0.11099923 -0.12777373 -0.13802252 -0.14827131 -0.15024645 -0.13805526 -0.12586406 -0.12146422 -0.13503934 -0.14861446 -0.15873885 -0.15769651 -0.15665417 -0.14955992 -0.126245 -0.10293009 -0.082585448 -0.067595785 -0.052606122 -0.047490148 -0.061407494 -0.075324841 -0.083324061 -0.079107476 -0.07489089 -0.075948714 -0.084552329 -0.093155945 -0.10223646 -0.11171371 -0.12119097 -0.12374719 -0.12132798 -0.11890876 -0.099721074 -0.075400633 -0.051080191 -0.042361978 -0.036340253 -0.030903278 -0.031687662 -0.032472047
-9999 -0.094298535 -0.083953048 -0.076585607 -0.069821325 -0.063057043 -0.056292761 -0.056872123 -0.065926993 -0.074981864 -0.084036734 -0.094155108 -0.1141883 -0.1309628 -0.14121159 -0.15146037 -0.16170916 -0.17112108 -0.15892989 -0.15453004 -0.16810516 -0.17338522 -0.17234288 -0.17130054 -0.1702582 -0.16316394 -0.13984903 -0.11653412 -0.09321921 -0.070300253 -0.05531059 -0.050194616 -0.064111963 -0.066503855 -0.06228727 -0.058070684 -0.053854098 -0.054911922 -0.063515538 -0.072119153 -0.080722769 -0.089552525 -0.099029779 -0.101586 -0.099166789 -0.096747574 -0.094328359 -0.08094093 -0.056620488 -0.047902275 -0.04188055 -0.035858826 -0.029837101 -0.029554753
-9999 -0.10816346 -0.10139918 -0.094634899 -0.087870617 -0.081106335 -0.074342053 -0.074921415 -0.083976286 -0.093031156 -0.10208603 -0.1111409 -0.12019577 -0.13415186 -0.14440065 -0.15464944 -0.16489823 -0.17514701 -0.1853958 -0.18759587 -0.18803159 -0.18698925 -0.18594691 -0.18490457 -0.18386223 -0.17676797 -0.15345306 -0.13013815 -0.10682324 -0.083508328 -0.060193416 -0.052899085 -0.049683649 -0.045467064 -0.041250478 -0.037033892 -0.032817306 -0.03387513 -0.042478746 -0.051082361 -0.059685977 -0.068289592 -0.076893208 -0.079424816 -0.077005601 -0.074586386 -0.072167171 -0.069747956 -0.062160785 -0.053442572 -0.047420847 -0.041399123 -0.035377398 -0.029355674
-9999 -0.10022439 -0.093460104 -0.086695822 -0.07993154 -0.073167258 -0.070279919 -0.077352448 -0.087849251 -0.096904121 -0.10595899 -0.11501386 -0.12406873 -0.12532819 -0.12094342 -0.13119221 -0.141441 -0.15168979 -0.16193857 -0.16877309 -0.16773075 -0.16668841 -0.16564607 -0.16460374 -0.16303838 -0.16557144 -0.16945707 -0.14614216 -0.12282725 -0.099512339 -0.076197427 -0.059405879 -0.055189294 -0.050972708 -0.046756122 -0.042539536 -0.035308333 -0.033485212 -0.045154971 -0.053758587 -0.062362202 -0.070965818 -0.079569433 -0.076085671 -0.070742794 -0.068323579 -0.065904364 -0.063485149 -0.061065934 -0.070790788 -0.065008292 -0.058986567 -0.052964842 -0.046943118
-9999 -0.080984245 -0.074219963 -0.067455681 -0.060691399 -0.06116738 -0.063914814 -0.070987343 -0.083051588 -0.094612498 -0.10366737 -0.11272224 -0.12177711 -0.12303656 -0.10868524 -0.096147816 -0.1063966 -0.11664539 -0.12689418 -0.1337287 -0.13268636 -0.13164402 -0.13060168 -0.12816806 -0.12450578 -0.12703883 -0.14617696 -0.16318981 -0.1398749 -0.11655998 -0.093245073 -0.076453525 -0.072236939 -0.068020353 -0.063803767 -0.053694205 -0.040169091 -0.03834597 -0.05326421 -0.066746439 -0.075350054 -0.083953669 -0.092557285 -0.089073522 -0.076900298 -0.068974196 -0.066554981 -0.064135766 -0.061716551 -0.071441406 -0.083265085 -0.081812723 -0.075790999 -0.069769274
-9999 -0.061744103 -0.054979821 -0.049307407 -0.052054841 -0.054802275 -0.057549709 -0.064622239 -0.076686483 -0.088750728 -0.10081497 -0.11043062 -0.11948549 -0.12074494 -0.10639362 -0.092042297 -0.077690976 -0.081600998 -0.091849786 -0.098684306 -0.097641967 -0.096599627 -0.093297737 -0.089635454 -0.085973171 -0.088506228 -0.10764435 -0.12678247 -0.1459206 -0.13360763 -0.11029272 -0.09350117 -0.089284584 -0.085067999 -0.072080077 -0.058554963 -0.045029849 -0.043206728 -0.058124968 -0.073043207 -0.087961447 -0.096941521 -0.10554514 -0.10206137 -0.08988815 -0.077714925 -0.067205599 -0.064786384 -0.062367169 -0.072092024 -0.083915703 -0.095739383 -0.098617155 -0.092595431
-9999 -0.042503962 -0.040194869 -0.042942303 -0.045689737 -0.048437171 -0.051184605 -0.058257134 -0.070321378 -0.082385623 -0.094449867 -0.10651411 -0.11719386 -0.11845332 -0.10410199 -0.089750674 -0.075399353 -0.061048032 -0.056805392 -0.063639912 -0.062089697 -0.058427414 -0.054765131 -0.051102848 -0.047440565 -0.049973622 -0.069111744 -0.088249867 -0.10738799 -0.12652611 -0.12734036 -0.11054882 -0.10399106 -0.090465949 -0.076940835 -0.063415721 -0.049890607 -0.048067486 -0.062985726 -0.077903965 -0.092822205 -0.10774044 -0.11853299 -0.11504923 -0.102876 -0.090702777 -0.078529552 -0.066356328 -0.063017787 -0.072742642 -0.084566321 -0.09639 -0.10821368 -0.11542159
-9999 -0.033106327 -0.035853762 -0.038601196 -0.04134863 -0.044096064 -0.046843498 -0.052567188 -0.064631432 -0.076695677 -0.088759921 -0.10082417 -0.11288841 -0.12030223 -0.10595091 -0.091599585 -0.077248265 -0.062896944 -0.048545623 -0.037426507 -0.033764224 -0.03010194 -0.026439657 -0.022777374 -0.019115091 -0.020278835 -0.039416958 -0.05855508 -0.077693203 -0.096831325 -0.11596945 -0.12395088 -0.11042576 -0.096900648 -0.083375534 -0.06985042 -0.056325306 -0.04989452 -0.06481276 -0.079730999 -0.094649239 -0.10956748 -0.12448572 -0.12485782 -0.11268459 -0.10051137 -0.088338145 -0.076164921 -0.063991696 -0.072279205 -0.084102885 -0.095926564 -0.10775024 -0.11957392
-9999 -0.038832295 -0.041579729 -0.044327163 -0.047074597 -0.049557668 -0.046352246 -0.050235384 -0.062299628 -0.074363873 -0.086428117 -0.098492362 -0.11350938 -0.12403505 -0.12500476 -0.11404292 -0.099691601 -0.08534028 -0.070988959 -0.059869843 -0.05620756 -0.052545277 -0.048882994 -0.045220711 -0.041948646 -0.042997485 -0.055407114 -0.072818337 -0.09195646 -0.11109458 -0.1302327 -0.13821413 -0.12468902 -0.11116391 -0.097638791 -0.084113677 -0.050830045 -0.036632248 -0.051550487 -0.066468727 -0.081386966 -0.097161843 -0.1222488 -0.12297741 -0.10668001 -0.094506787 -0.082333563 -0.070160338 -0.057987114 -0.066274622 -0.078098302 -0.089921981 -0.10174566 -0.11467043
-9999 -0.044558262 -0.047305696 -0.05005313 -0.050431285 -0.047225864 -0.044020442 -0.04790358 -0.059967824 -0.072032069 -0.084959063 -0.10025662 -0.11555418 -0.12607985 -0.12704956 -0.12801927 -0.12213494 -0.10778362 -0.093432295 -0.082313179 -0.078650896 -0.074988613 -0.071400692 -0.068210828 -0.065020964 -0.066069804 -0.078479432 -0.090889061 -0.10621972 -0.12535784 -0.14449596 -0.15247739 -0.13895228 -0.12542716 -0.10666683 -0.072117301 -0.037567773 -0.023369975 -0.038288215 -0.053206454 -0.071900031 -0.09698699 -0.12207395 -0.12280256 -0.10602026 -0.089237958 -0.07632898 -0.064155756 -0.051982531 -0.06027004 -0.072093719 -0.083917399 -0.097238174 -0.11069387
-9999 -0.050284229 -0.053031663 -0.051304902 -0.048099481 -0.04489406 -0.041688639 -0.045571776 -0.057636021 -0.071706306 -0.087003862 -0.10230142 -0.11759897 -0.12812465 -0.12909436 -0.13006407 -0.13103378 -0.13022695 -0.11587563 -0.10475652 -0.10109423 -0.097662875 -0.094473011 -0.091283147 -0.088093283 -0.089142122 -0.10155175 -0.11396138 -0.12637101 -0.1396211 -0.15875922 -0.16674065 -0.15321553 -0.12795409 -0.093404557 -0.058855028 -0.0243055 -0.010107703 -0.025025942 -0.046638219 -0.071725179 -0.096812138 -0.1218991 -0.12262771 -0.10584541 -0.089063106 -0.072280805 -0.058151173 -0.045977948 -0.054265457 -0.06635022 -0.079805916 -0.093261611 -0.10671731
-9999 -0.055383941 -0.05217852 -0.048973098 -0.045767677 -0.042562256 -0.039356835 -0.043239972 -0.058453549 -0.073751105 -0.089048661 -0.10434622 -0.11964377 -0.13016945 -0.13113916 -0.13210887 -0.13307858 -0.13404829 -0.135018 -0.12719985 -0.12392506 -0.12073519 -0.11754533 -0.11435547 -0.1111656 -0.11221444 -0.12462407 -0.1370337 -0.14944333 -0.16185295 -0.17426258 -0.1810039 -0.14924134 -0.11469181 -0.080142284 -0.045592756 -0.011043228 0.0031545698 -0.021376407 -0.046463367 -0.071550326 -0.096637286 -0.12172425 -0.12245285 -0.10567055 -0.088888253 -0.072105953 -0.055323653 -0.039973366 -0.048917962 -0.062373658 -0.075829353 -0.089285049 -0.10274074
-9999 -0.053670032 -0.050464611 -0.047259189 -0.044053768 -0.040848347 -0.046065261 -0.046673575 -0.045939309 -0.061236865 -0.076534421 -0.091831977 -0.10712953 -0.12152296 -0.12871148 -0.12968119 -0.1306509 -0.13162061 -0.13259033 -0.13230224 -0.12911238 -0.12592251 -0.12273265 -0.11954279 -0.11664338 -0.1126696 -0.11108266 -0.12349229 -0.13590192 -0.14831154 -0.16072117 -0.15709109 -0.12254156 -0.087992033 -0.053442505 -0.018892977 0.006597212 0.0068784547 -0.0074348625 -0.032521822 -0.057608782 -0.082695742 -0.1077827 -0.11981706 -0.10776381 -0.090981513 -0.074199213 -0.057416912 -0.040634612 -0.037967396 -0.051423092 -0.064878788 -0.078334484 -0.09179018
