P1_models/J1_p1_vp_slide_diff2_200.dat.tif
NCOLS 118
NROWS 92
XLLCORNER 139.62
YLLCORNER -39.07
DX 0.099491525
DY 0.099347826
NODATA_VALUE -9999
[rows 0 to 23 of 92, columns 0 to 53 of 118]
-9999 -9999 -9999 -9999 -9999 -9999 -9999 -9999 -9999 -9999 -9999 -9999 -9999 -9999 -9999 -9999 -9999 -9999 -9999 -9999 -9999 -9999 -9999 -9999 -9999 -9999 -9999 -9999 -9999 -9999 -9999 -9999 -9999 -9999 -9999 -9999 -9999 -9999 -9999 -9999 -9999 -9999 -9999 -9999 -9999 -9999 -9999 -9999 -9999 -9999 -9999 -9999 -9999 -9999
-9999 0.15553456 0.15490728 0.15427999 0.15365271 0.15302542 0.15231098 0.15256183 0.15359685 0.15425921 0.15492156 0.15558391 0.15624626 0.15726127 0.15868977 0.15978268 0.1608756 0.16196851 0.16306143 0.16450814 0.16677107 0.16903401 0.17129694 0.17355988 0.17540173 0.17440762 0.17174347 0.16760176 0.16346004 0.15931833 0.15517661 0.15352609 0.15667778 0.15982947 0.16298115 0.16613284 0.16749545 0.1673798 0.16985355 0.17052032 0.17118708 0.17185385 0.17252061 0.16546479 0.15947984 0.15560979 0.15173975 0.1478697 0.14399965 0.13855356 0.12661387 0.11467418 0.10273448 0.09079479
-9999 0.15236226 0.15173498 0.15110769 0.15048041 0.14969818 0.1488189 0.14906976 0.15062492 0.15190011 0.15256246 0.15322482 0.15388717 0.15490217 0.15662337 0.15820781 0.15930073 0.16039364 0.16148656 0.16293327 0.1651962 0.16745914 0.16972207 0.17081152 0.17004295 0.16904884 0.16745023 0.16536436 0.16122265 0.15708093 0.15293922 0.15128869 0.15444038 0.15759207 0.16074376 0.1605662 0.15694471 0.15682906 0.16172902 0.1650773 0.16574406 0.16641083 0.16707759 0.16002177 0.14741427 0.13980604 0.13593599 0.13206595 0.1281959 0.1230334 0.11764754 0.10650551 0.094565815 0.082626122
-9999 0.14918996 0.14856268 0.14793539 0.14708538 0.14620611 0.14532683 0.14557768 0.14713285 0.14868801 0.15020337 0.15086572 0.15152807 0.15254307 0.15426428 0.15598548 0.15770668 0.15881877 0.15991169 0.1613584 0.16362133 0.16588427 0.16622131 0.16545274 0.16468417 0.16369006 0.16209145 0.16049284 0.15889423 0.15484354 0.15070182 0.1490513 0.15220298 0.15535467 0.15363696 0.15001546 0.14639397 0.14627832 0.15117828 0.15607824 0.16030104 0.16096781 0.16163457 0.15457875 0.14197125 0.12936376 0.12013224 0.11626219 0.11239214 0.10722965 0.10184378 0.096457913 0.086397147 0.074457453
-9999 0.14601766 0.14535186 0.14447258 0.14359331 0.14271403 0.14183475 0.1420856 0.14364077 0.14519594 0.1467511 0.14830627 0.14916897 0.15018398 0.15190518 0.15362638 0.15534759 0.15706879 0.15833682 0.15978353 0.16204646 0.16163111 0.16086253 0.16009396 0.15932539 0.15833128 0.15673267 0.15513406 0.15353545 0.15193684 0.14846443 0.1468139 0.14996559 0.14670771 0.14308622 0.13946472 0.13584323 0.13572758 0.14062754 0.1455275 0.15042746 0.15532742 0.15619155 0.14913573 0.13652823 0.12392074 0.11131324 0.10045843 0.096588388 0.091425892 0.086040025 0.080654158 0.07526829 0.066288785
-9999 0.14273906 0.14185978 0.14098051 0.14010123 0.13922195 0.13834268 0.13859353 0.1401487 0.14170386 0.14325903 0.1448142 0.14636936 0.14782488 0.14954608 0.15126729 0.15298849 0.15470969 0.1564309 0.15780947 0.1570409 0.15627233 0.15550375 0.15473518 0.15396661 0.1529725 0.15137389 0.14977528 0.14817667 0.14657806 0.14497945 0.14339995 0.13977846 0.13615697 0.13253548 0.12891399 0.12529249 0.12517685 0.1300768 0.13497676 0.13987672 0.14477668 0.14967663 0.14369271 0.13108521 0.11847772 0.10587022 0.093262725 0.080784633 0.075622136 0.070236269 0.064850402 0.059464535 0.054078668
-9999 0.14188304 0.14100376 0.14012448 0.13924521 0.13836593 0.13743664 0.13764153 0.13919669 0.14075186 0.14230703 0.14386219 0.1453475 0.14649168 0.14737612 0.14909733 0.15081853 0.15253973 0.15426094 0.15522927 0.1544607 0.15369213 0.15292355 0.15215498 0.15130027 0.15084476 0.1513552 0.14975659 0.14815798 0.14655937 0.14496076 0.1426712 0.13904971 0.13542822 0.13180673 0.12818524 0.12135782 0.11741844 0.1223184 0.12721836 0.13211832 0.13701827 0.13878064 0.13922163 0.13279759 0.1201901 0.1075826 0.094975105 0.082367609 0.075917567 0.070531699 0.065145832 0.059759965 0.055026873
-9999 0.14144464 0.14056536 0.13968608 0.13880681 0.13785212 0.13688705 0.13709194 0.13864711 0.14020227 0.14175744 0.14319698 0.14459753 0.14574171 0.14637248 0.14700326 0.14867854 0.15039974 0.15212094 0.15308928 0.1523207 0.15155213 0.15078356 0.14986524 0.14886519 0.14840968 0.1494137 0.15041772 0.14898532 0.14738671 0.1457881 0.14349854 0.13987705 0.13625556 0.13263406 0.12415975 0.1140418 0.11010243 0.11500239 0.11990234 0.1248023 0.12543572 0.125475 0.125916 0.12664578 0.1230361 0.1104286 0.097821103 0.085213607 0.078763565 0.073377698 0.06799183 0.063752122 0.060966182
-9999 0.14100624 0.14012696 0.13923267 0.13826761 0.13730254 0.13633747 0.13654236 0.13809752 0.13964592 0.14104647 0.14244701 0.14384756 0.14499174 0.14562251 0.14625329 0.14688406 0.14825974 0.14998095 0.15094928 0.15018071 0.14941214 0.14843022 0.14743016 0.14643011 0.1459746 0.14697862 0.14798264 0.14898667 0.14821404 0.14661543 0.14432587 0.14070438 0.13707964 0.12696169 0.11684374 0.10672579 0.10278641 0.10768637 0.11205152 0.11209081 0.11213009 0.11216937 0.11261036 0.11334014 0.11406992 0.1132746 0.1006671 0.088059605 0.081609563 0.076223696 0.072477372 0.069691431 0.066905491
-9999 0.14056784 0.13964816 0.13868309 0.13771802 0.13675295 0.13578789 0.13599277 0.1374954 0.13889595 0.1402965 0.14169704 0.14309759 0.14424177 0.14487254 0.14550332 0.14613409 0.14676487 0.14784095 0.14880929 0.14799525 0.1469952 0.14599514 0.14499509 0.14399503 0.14353952 0.14454354 0.14554757 0.14655159 0.14755561 0.14744277 0.14515321 0.13988157 0.12976362 0.11964567 0.10952772 0.099409769 0.095470396 0.098706609 0.098745891 0.098785173 0.098824455 0.098863737 0.09930473 0.10003451 0.10076429 0.10149407 0.10222385 0.090905603 0.084455561 0.081202621 0.078416681 0.07563074 0.0728448
-9999 0.1403139 0.13934883 0.13838376 0.13741869 0.13645363 0.13548856 0.13572135 0.1371219 0.13852245 0.13992299 0.14132354 0.14272409 0.14370838 0.14433916 0.14496993 0.14560071 0.14623149 0.14686226 0.1469999 0.14599984 0.14499979 0.14399973 0.14299968 0.14199962 0.14099359 0.14199761 0.14300163 0.14400565 0.14500967 0.14601369 0.14321881 0.13310086 0.12298291 0.11286496 0.10274701 0.092629057 0.087064113 0.087103395 0.087142677 0.087181959 0.087221241 0.087260523 0.087953436 0.088683215 0.089412994 0.090142773 0.090872552 0.091602331 0.089334465 0.086548525 0.083762585 0.080976644 0.078190704
-9999 0.14165468 0.14068961 0.13972454 0.13875948 0.13779441 0.13736409 0.13781511 0.13921565 0.1406162 0.14201675 0.14341729 0.14454844 0.1452555 0.1452744 0.14585599 0.14648677 0.14711754 0.14774832 0.14788596 0.1468859 0.14588585 0.14488579 0.14388573 0.14254314 0.14094106 0.13906539 0.13972915 0.14073317 0.1417372 0.14274122 0.13994634 0.12982838 0.11971043 0.10959248 0.099474532 0.091201806 0.086618083 0.086657365 0.086696647 0.086735929 0.086775211 0.088071811 0.089216002 0.09014011 0.090869889 0.091599668 0.092329447 0.093059226 0.09079136 0.08800542 0.085219479 0.082433539 0.078555374
-9999 0.14299546 0.14203039 0.14106533 0.14020126 0.13982955 0.13945784 0.13990886 0.14130941 0.14270996 0.14409684 0.14514754 0.14619824 0.14690529 0.1469242 0.1469431 0.14737283 0.1480036 0.14863438 0.14877202 0.14777196 0.1467719 0.14577185 0.14430517 0.14280517 0.14120309 0.13932742 0.13745175 0.1374607 0.13846472 0.13946874 0.13667386 0.12655591 0.11643796 0.10638606 0.09857092 0.090755776 0.086172053 0.086211335 0.086250617 0.086495031 0.087860466 0.089225902 0.090370093 0.091355233 0.092326783 0.093056562 0.093786341 0.09451612 0.092248254 0.089462314 0.086676374 0.082466494 0.077669937
-9999 0.14433624 0.14337118 0.14266672 0.14229501 0.14192331 0.1415516 0.14200262 0.14340316 0.14469594 0.14574664 0.14679733 0.14784803 0.14855509 0.14857399 0.1485929 0.1486118 0.14888966 0.14952044 0.14965807 0.14865802 0.1475672 0.1460672 0.1445672 0.1430672 0.14146512 0.13958945 0.13771378 0.13583812 0.13519224 0.13619626 0.13340138 0.12328343 0.11375518 0.10594003 0.098124889 0.090309746 0.085726022 0.085765304 0.086283686 0.087649122 0.089014557 0.090379992 0.091524183 0.092509324 0.093494464 0.094479605 0.095243236 0.095973015 0.093705149 0.090919208 0.086377614 0.081581057 0.076784499
-9999 0.14567702 0.14513218 0.14476048 0.14438877 0.14401706 0.14364536 0.14409637 0.14529504 0.14634574 0.14739643 0.14844713 0.14949783 0.15020488 0.15022379 0.15024269 0.15026159 0.1502805 0.1504065 0.15054413 0.14932923 0.14782923 0.14632923 0.14482923 0.14332923 0.14172715 0.13985148 0.13797581 0.13610015 0.13422448 0.13292379 0.13012891 0.12112429 0.11330915 0.105494 0.097678859 0.089863715 0.085279992 0.086072341 0.087437777 0.088803212 0.090168648 0.091534083 0.092678274 0.093663414 0.094648555 0.095633696 0.096618836 0.097429909 0.095085292 0.090288734 0.085492177 0.080695619 0.075899062
-9999 0.14765856 0.14728685 0.14691514 0.14654344 0.14617173 0.14580002 0.14625812 0.14730882 0.14835951 0.14941021 0.1504609 0.1515116 0.15204503 0.15203761 0.15205651 0.15207541 0.15209432 0.15211322 0.15167283 0.15017283 0.14867283 0.14717283 0.14567283 0.14417283 0.14047069 0.13773521 0.13585954 0.13398387 0.1321082 0.13023253 0.12632813 0.11851299 0.11069785 0.1028827 0.09506756 0.087252416 0.083561412 0.084926847 0.086292283 0.087657718 0.089023154 0.090388589 0.091298355 0.092283496 0.093268637 0.094253777 0.095238918 0.096224059 0.098310473 0.093513916 0.088717358 0.083920801 0.079124243
-9999 0.14995476 0.14958305 0.14921135 0.14883964 0.1485426 0.14866819 0.14919416 0.15018223 0.15121904 0.15226973 0.15332043 0.15437112 0.15490455 0.15440212 0.15425146 0.15427037 0.15428927 0.15430817 0.15386778 0.15236778 0.15086778 0.14936778 0.14786778 0.14664891 0.14305098 0.13301988 0.12821694 0.12634127 0.12446561 0.12258994 0.11868554 0.1108704 0.10305525 0.095240108 0.087623286 0.084522355 0.081671203 0.079177396 0.07980339 0.081168825 0.082534261 0.083899696 0.084669587 0.085015463 0.086000603 0.086985744 0.087970885 0.088956025 0.099376442 0.10629068 0.10149412 0.096697565 0.091901008
-9999 0.15225096 0.15187926 0.15150755 0.15135771 0.1514833 0.15160889 0.15213486 0.15312292 0.15411099 0.15512926 0.15617996 0.15723065 0.15776408 0.15726165 0.15675921 0.15646532 0.15648422 0.15650313 0.15606273 0.15456273 0.15306273 0.15162463 0.15042692 0.14922921 0.14563128 0.13560017 0.12556907 0.11869868 0.11682301 0.11494734 0.11104294 0.1032278 0.095412656 0.088990915 0.085889984 0.082789052 0.0799379 0.077444094 0.074950287 0.074679933 0.076045368 0.077410804 0.078180695 0.078522457 0.078864219 0.079717711 0.080702851 0.081687992 0.092108409 0.1041595 0.11427089 0.10947433 0.10467777
-9999 0.15454717 0.15417546 0.15417282 0.15429841 0.154424 0.15454958 0.15507555 0.15606362 0.15705168 0.15803975 0.15903948 0.16009018 0.16062361 0.16012117 0.15961874 0.15911631 0.15867917 0.15869808 0.15825769 0.15675769 0.15540264 0.15420493 0.15300722 0.1518095 0.14821158 0.13818047 0.12814936 0.11811826 0.10918041 0.10730475 0.10340035 0.095585204 0.090358545 0.087257613 0.084156681 0.08105575 0.078204598 0.075710791 0.073216985 0.070723178 0.069556475 0.070921911 0.071691802 0.072033564 0.072375326 0.072717088 0.073434818 0.074419959 0.084840375 0.096891464 0.10894255 0.12099364 0.11745454
-9999 0.15686234 0.15698793 0.15711352 0.1572391 0.15736469 0.15749028 0.15801625 0.15900431 0.15999238 0.16098044 0.16196851 0.16295657 0.16348313 0.1629807 0.16247827 0.16197583 0.1614734 0.16097097 0.16045264 0.15918065 0.15798293 0.15678522 0.15558751 0.1543898 0.15079187 0.14076076 0.13072966 0.12069855 0.11066744 0.10063634 0.095757751 0.091726174 0.088625242 0.08552431 0.082423379 0.079322447 0.076471295 0.073977489 0.071483682 0.068989876 0.066496069 0.064433018 0.065202909 0.065544672 0.065886434 0.066228196 0.066569958 0.067151925 0.077572342 0.089623431 0.10167452 0.11372561 0.1257767
-9999 0.15699465 0.15712024 0.15724582 0.15737141 0.157497 0.15824354 0.16040859 0.16139666 0.16238472 0.16337279 0.16436085 0.16528027 0.16542315 0.16526211 0.16475968 0.16425725 0.16375482 0.16325238 0.16253971 0.161342 0.16014429 0.15894657 0.15774886 0.15655115 0.14719312 0.13937994 0.12934884 0.11931773 0.10928662 0.099255515 0.09159153 0.088490598 0.085389667 0.082288735 0.079187803 0.076260422 0.074220367 0.07172656 0.069232753 0.066738947 0.06424514 0.062790898 0.067026185 0.068030136 0.068371898 0.068713661 0.069055423 0.069397185 0.079722794 0.091773882 0.10382497 0.11587606 0.12792715
-9999 0.15500854 0.15513412 0.15525971 0.1553853 0.15703738 0.16022225 0.16238731 0.16337537 0.16436344 0.1653515 0.16598792 0.16601989 0.16616276 0.16652773 0.16660501 0.16610258 0.16560015 0.16509772 0.16438504 0.16318733 0.16198962 0.16079191 0.1569177 0.14591991 0.13654578 0.13152348 0.12498007 0.11494896 0.10491785 0.094886748 0.087222762 0.08412183 0.081020899 0.077919967 0.075341928 0.073619038 0.071578983 0.069085176 0.06659137 0.064097563 0.063492935 0.064657157 0.068892445 0.075335481 0.077626888 0.07796865 0.078310413 0.078652175 0.088977783 0.10102887 0.11307996 0.12407192 0.12460865
-9999 0.15302243 0.15314801 0.1532736 0.15583122 0.15901609 0.16220096 0.16436602 0.16535408 0.16634215 0.16669556 0.16672753 0.1667595 0.16690237 0.16726734 0.16763231 0.16794791 0.16744548 0.16694305 0.16623038 0.16503266 0.16383495 0.15726816 0.14627037 0.13527257 0.12589844 0.12087615 0.11585385 0.11058019 0.10054909 0.09051798 0.082853994 0.079753063 0.076652131 0.074423434 0.072700544 0.070977654 0.068937599 0.066443792 0.063949986 0.064194972 0.065359195 0.066523417 0.070758704 0.07720174 0.083644777 0.08722364 0.087565402 0.087907164 0.098232773 0.11028386 0.11909076 0.11962748 0.1201642
-9999 0.15103632 0.15144019 0.15462506 0.15780993 0.1609948 0.16417967 0.16634473 0.1673328 0.16740321 0.16743518 0.16746715 0.16749911 0.16764199 0.16800695 0.16837192 0.16873689 0.16910186 0.16878838 0.16807571 0.166878 0.15761861 0.14662082 0.13562303 0.12462523 0.1152511 0.11022881 0.10520651 0.10018421 0.095161911 0.086149212 0.078485227 0.075384295 0.07350494 0.07178205 0.07005916 0.06833627 0.066296215 0.063802408 0.064897009 0.066061232 0.067225454 0.068389676 0.072624963 0.079068 0.085511036 0.091954072 0.096820392 0.097162154 0.10748776 0.1141096 0.11464632 0.11518304 0.11571976
