P1_models/J1_p1_vp_slide_diff_60.dat.tif
NCOLS 118
NROWS 92
XLLCORNER 139.62
YLLCORNER -39.07
DX 0.099491525
DY 0.099347826
NODATA_VALUE -9999
[rows 54 to 80 of 92, columns 0 to 59 of 118]
-9999 8.0186859 8.0156666 8.0126473 8.009628 8.0059627 8.0022433 7.998348 7.9942496 7.9901512 7.9860528 7.9881057 7.9917779 7.9921749 7.9860132 7.9798516 7.9855453 7.9923432 7.9991412 8.0067128 8.0160693 8.0254258 8.0347823 8.0391544 8.0412868 8.0451472 8.0536387 8.0621302 8.0627722 8.0624814 8.0621905 8.0581181 8.0467561 8.0353942 8.0240323 8.0157634 8.0083199 8.0031741 8.0013153 7.9994565 7.9975978 7.9964559 7.995377 7.9943006 7.9932261 7.991398 7.9876743 7.9839505 7.9802267 7.9838163 7.9886699 7.9935235 7.9979057 8.0017793 8.0054131 8.0082162 8.0110194 8.0138226 8.0065796 7.9975974
-9999 8.0146021 8.0115828 8.0083906 8.0046712 8.0009519 7.9972325 7.9933372 7.9892388 7.98604 7.9897123 7.9933845 7.9970567 7.9974537 7.9912921 7.9851304 7.9789687 7.9807426 7.9875406 7.9951122 8.0044687 8.0138252 8.0160123 8.0181447 8.0202772 8.0241375 8.032629 8.0411205 8.049612 8.0527198 8.0524289 8.0483565 8.0369946 8.0259074 8.0184639 8.0110204 8.0035769 7.9984311 7.9965723 7.9948527 7.9937737 7.9926948 7.9916158 7.9905394 7.9894649 7.9883904 7.9871911 7.9834674 7.9797436 7.9833332 7.9881868 7.9923576 7.9962312 8.0001048 8.0037386 8.0065418 8.0085428 7.9995607 7.9905785 7.9815964
-9999 8.0105182 8.0070991 8.0033798 7.9996604 7.9959411 7.9922217 7.9883264 7.9876467 7.9913189 7.9949911 7.9986633 8.0023355 8.0027326 7.9965709 7.9904092 7.9842475 7.9780859 7.97594 7.9835116 7.9907377 7.9928702 7.9950026 7.997135 7.9992675 8.0031278 8.0116193 8.0201108 8.0286024 8.0370939 8.0426673 8.0385949 8.0286079 8.0211644 8.0137209 8.0062774 7.9988339 7.9936881 7.9921705 7.9910915 7.9900126 7.9889336 7.9878546 7.9867782 7.9857037 7.9846292 7.9835547 7.9824802 7.9792604 7.9828501 7.9868096 7.9906832 7.9945568 7.9984304 8.0020642 8.0015239 7.9925417 7.9835596 7.9745775 7.9655953
-9999 8.004708 8.0009887 7.9972693 7.99355 7.9898306 7.9861113 7.9854391 7.9891113 7.9927835 7.9964557 8.0001279 8.0038002 8.0069896 8.0008279 7.9946663 7.9885046 7.9823429 7.9761812 7.9725276 7.97466 7.9767924 7.9789249 7.9810573 7.9831897 7.9831808 7.9916061 8.0000977 8.0085892 8.0170807 8.0255722 8.0286208 8.0211774 8.0137339 8.0062904 7.9988469 7.9914034 7.9906227 7.9895438 7.9884648 7.9873858 7.9863069 7.9852279 7.9834267 7.9823522 7.9812777 7.9802032 7.9791286 7.9780541 7.9792582 7.9831318 7.9870054 7.990879 7.9947526 7.9972788 7.9886894 7.9797073 7.9707252 7.961743 7.9527609
-9999 7.9948419 7.9911226 7.9874032 7.9836839 7.9799513 7.9761258 7.9752484 7.9777735 7.981221 7.9848932 7.9885654 7.9922376 7.9957189 7.9988179 7.9954334 7.9892718 7.9831101 7.9769484 7.9732948 7.9754272 7.9775596 7.9796921 7.9818245 7.9745246 7.9700662 7.9758882 7.983488 7.9919795 8.0004711 8.0089626 8.0120112 8.0045677 7.9971242 7.9896808 7.9823533 7.9816814 7.9837164 7.9896243 7.9897128 7.9886339 7.9875549 7.9864759 7.9839274 7.9803997 7.9793251 7.9782506 7.9771761 7.9761016 7.9733673 7.9726115 7.9764851 7.9803587 7.9842323 7.9867585 7.9846177 7.9776883 7.9687062 7.9597241 7.9507419
-9999 7.9849758 7.9812565 7.9775371 7.973767 7.9699415 7.9661159 7.9652385 7.9677637 7.9702888 7.9733306 7.9770029 7.9806751 7.9841564 7.9872554 7.9903544 7.990039 7.9838773 7.9777156 7.9740619 7.9761944 7.9783268 7.9779979 7.969704 7.96141 7.9569516 7.9627736 7.9685955 7.9753699 7.9838614 7.9923529 7.9954016 7.9879581 7.9805146 7.9752811 7.9746091 7.9739371 7.9759721 7.9818801 7.987788 7.9898819 7.9888029 7.987724 7.9851755 7.9815706 7.9779657 7.9762981 7.9752236 7.9741491 7.9714148 7.9683936 7.9659648 7.9698384 7.973712 7.9762383 7.9740974 7.9719566 7.9666872 7.9577051 7.948723
-9999 7.9751097 7.9713903 7.9675827 7.9637571 7.9599316 7.9561061 7.9552287 7.9577538 7.9602789 7.9628041 7.9654403 7.9691125 7.9725938 7.9756928 7.9787918 7.9818908 7.9846445 7.9784828 7.9748291 7.9769616 7.9731773 7.9648833 7.9565894 7.9482954 7.9438371 7.949659 7.9554809 7.9613029 7.9672518 7.9757433 7.978792 7.9713485 7.9682088 7.9675368 7.9668648 7.9661928 7.9682279 7.9741358 7.9800437 7.9859516 7.990051 7.988972 7.9864235 7.9828186 7.9792137 7.9756088 7.9732711 7.9721966 7.9694623 7.9664411 7.9634199 7.9603988 7.9631918 7.965718 7.9635771 7.9614363 7.9592955 7.9556861 7.946704
-9999 7.9652239 7.9613984 7.9575728 7.9537473 7.9499218 7.9460962 7.9452188 7.947744 7.9502691 7.9527942 7.9553194 7.9578445 7.9610313 7.9641303 7.9672293 7.9703283 7.9734273 7.9765263 7.9755963 7.9683566 7.9600627 7.9517687 7.9434748 7.9351809 7.9307225 7.9365444 7.9423664 7.9481883 7.9540103 7.9598322 7.9621823 7.9611365 7.9604645 7.9597925 7.9591205 7.9584485 7.9604836 7.9663915 7.9722994 7.9782073 7.9841152 7.9900232 7.9876715 7.9840666 7.9804617 7.9768568 7.9732519 7.9702441 7.9675098 7.9644886 7.9614674 7.9584463 7.9554251 7.9551977 7.9530569 7.950916 7.9487752 7.9466343 7.9444935
-9999 7.9621384 7.9583129 7.9544874 7.9506618 7.9468363 7.9432099 7.9455287 7.9510825 7.9536076 7.9561328 7.9586579 7.961183 7.9633322 7.9654184 7.9685174 7.9716164 7.9747154 7.9778144 7.9774683 7.9691744 7.9608804 7.9525865 7.9442925 7.9372236 7.9343537 7.9333832 7.9392052 7.9450271 7.950849 7.956671 7.9602748 7.9596028 7.9589308 7.9582588 7.9575868 7.9576056 7.9547534 7.9534115 7.9593194 7.9652273 7.9711353 7.9770432 7.9807384 7.9788448 7.9752399 7.971635 7.9680301 7.9644252 7.9740344 7.9712131 7.968192 7.9651708 7.9621496 7.9577191 7.9509738 7.9488329 7.9466921 7.9445512 7.9424104
-9999 7.962064 7.9582385 7.954413 7.9505874 7.9471339 7.943797 7.9461157 7.9549618 7.9627507 7.9652759 7.967801 7.9703261 7.9724753 7.9738717 7.9753936 7.9784926 7.9815916 7.9846906 7.9843445 7.9760506 7.9677566 7.9594627 7.9544274 7.9522699 7.9494 7.9446207 7.9403722 7.9461941 7.952016 7.957838 7.9614418 7.9607698 7.9600978 7.9594258 7.9601042 7.9615652 7.958713 7.9496901 7.9440627 7.9499706 7.9558785 7.9617864 7.9654816 7.9675861 7.9672046 7.9635997 7.9599948 7.9563899 7.9659991 7.9778921 7.9786897 7.9756686 7.9726474 7.9682168 7.9589042 7.9504187 7.9482779 7.9461371 7.9439962
-9999 7.9619896 7.9581641 7.9543947 7.9510578 7.9477209 7.944384 7.9467028 7.9555489 7.964395 7.9732411 7.9769441 7.9794692 7.9816184 7.9830148 7.9844111 7.9858075 7.9884678 7.9915668 7.9912207 7.9829267 7.9746328 7.9716312 7.9694737 7.9673163 7.9644464 7.9596671 7.9548878 7.9501085 7.953183 7.959005 7.9626088 7.9619368 7.9612648 7.9626027 7.9640638 7.9655248 7.9626726 7.9536497 7.9446269 7.935604 7.9406218 7.9465297 7.9502249 7.9523294 7.9544339 7.9555645 7.9519596 7.9483547 7.9579639 7.9698568 7.9817498 7.9861663 7.9831451 7.9787146 7.969402 7.9600894 7.9507768 7.9477229 7.945582
-9999 7.9619152 7.9583186 7.9549817 7.9516448 7.9483079 7.944971 7.9472898 7.9561359 7.964982 7.9738281 7.9826742 7.9886123 7.9907615 7.9921578 7.9935542 7.9949506 7.9963469 7.9984429 7.9980969 7.9909925 7.988835 7.9866776 7.9845201 7.9823626 7.9794927 7.9747134 7.9699341 7.9651548 7.9603755 7.960172 7.9637758 7.9636403 7.9651013 7.9665623 7.9680233 7.9694843 7.9666321 7.9576093 7.9485864 7.9395636 7.9305407 7.931273 7.9349682 7.9370727 7.9391772 7.9412817 7.9433862 7.9403194 7.9499286 7.9618216 7.9737145 7.9856075 7.9936429 7.9892123 7.9798997 7.9705872 7.9612746 7.951962 7.9471678
-9999 7.9622247 7.9588878 7.955551 7.9522141 7.9488772 7.9455403 7.9473041 7.9561502 7.9649963 7.9738424 7.9826885 7.9915346 7.9986954 8.0000918 8.0014882 8.0028845 8.0042809 8.0056772 8.005999 8.0038415 8.001684 7.9995266 7.9973691 7.9952116 7.9937825 7.9890032 7.9842239 7.9794446 7.9746653 7.969886 7.9672382 7.9686992 7.9701602 7.9716212 7.9730822 7.9745432 7.9698218 7.9607989 7.9517761 7.9427532 7.9337304 7.9247075 7.922154 7.9242585 7.926363 7.9284676 7.9305721 7.9326766 7.9431271 7.9550201 7.9669131 7.978806 7.990699 7.9943448 7.9850322 7.9757196 7.966407 7.9570944 7.9477818
-9999 7.9627056 7.9593687 7.9560318 7.9526949 7.9492493 7.9434629 7.9444693 7.9533154 7.9621615 7.9710076 7.9798537 7.988588 7.9961021 8.0011941 8.003408 8.0048044 8.0062007 8.0075971 8.0079188 8.0057614 8.0036039 8.0014464 7.9992889 7.9970812 7.9959702 7.9978269 7.9947508 7.9899715 7.9851922 7.9804129 7.9777651 7.9792261 7.9806871 7.9821481 7.9836091 7.9770544 7.969182 7.9601591 7.9511363 7.9421134 7.9333255 7.9270915 7.9240461 7.9235936 7.9256981 7.9278026 7.9299071 7.9320116 7.9424621 7.9543551 7.9662481 7.9781411 7.9786926 7.9727909 7.9634783 7.9541658 7.9448532 7.9361506 7.9400825
-9999 7.9631864 7.9598495 7.9565126 7.9522009 7.9464145 7.9406282 7.9416346 7.9504807 7.9593268 7.9681402 7.9768638 7.9855875 7.9931016 7.9981935 8.0032855 8.0067242 8.0081206 8.0095169 8.0098387 8.0076812 8.0055237 8.0033567 8.0011383 7.99892 7.997809 7.9996658 8.0015225 8.0004984 7.9957191 7.9909398 7.988292 7.989753 7.991214 7.9905512 7.9834829 7.9764146 7.9685422 7.9595193 7.9504965 7.942509 7.936275 7.930041 7.9269956 7.9262425 7.9254893 7.9271376 7.9292421 7.9313466 7.9417972 7.9536901 7.9655831 7.9620558 7.9571388 7.9512371 7.9419245 7.9326119 7.9271231 7.931055 7.9349869
-9999 7.9636672 7.9603304 7.9551525 7.9493661 7.9435798 7.9377935 7.9387999 7.947646 7.9564161 7.9651397 7.9738633 7.9825869 7.990101 7.995193 8.000285 8.005377 8.0100404 8.0114368 8.0117585 8.009601 8.0074138 8.0051955 8.0029772 8.0007588 7.9996478 8.0015046 8.0033614 8.0052181 8.006246 8.0014667 7.9988189 8.0002799 7.9969796 7.9899114 7.9828431 7.9757748 7.9679024 7.9588795 7.9516926 7.9454586 7.9392246 7.9329906 7.9299451 7.929192 7.9284388 7.9276856 7.9285772 7.9306817 7.9411322 7.950336 7.945419 7.940502 7.9355849 7.9296832 7.9203707 7.9180956 7.9220275 7.9259593 7.9298912
-9999 7.9638904 7.9581041 7.9523177 7.9465314 7.9407451 7.9349588 7.9359652 7.944692 7.9534156 7.9621392 7.9708628 7.9795864 7.9871005 7.9921925 7.9972845 8.0023764 8.0074684 8.0125604 8.0136784 8.011471 8.0092526 8.0070343 8.004816 8.0025976 8.0014866 8.0033434 8.0052002 8.007057 8.0089137 8.0107705 8.0093458 8.0034081 7.9963398 7.9892716 7.9822033 7.975135 7.9672626 7.9608761 7.9546421 7.9484081 7.9421741 7.9359401 7.9328947 7.9321415 7.9313883 7.9306352 7.929882 7.9300167 7.9336992 7.9287821 7.9238651 7.9189481 7.9140311 7.9081294 7.9090681 7.9129999 7.9169318 7.9208637 7.9247955
-9999 7.960108 7.9543216 7.9485353 7.942749 7.9369626 7.9314066 7.9269381 7.9304534 7.939177 7.9479006 7.9566242 7.9653479 7.9737261 7.9802074 7.9852994 7.9903914 7.9954834 8.0005753 8.0034568 8.0012385 7.9990201 7.9968018 7.9945835 7.992931 7.9932264 7.9918006 7.9936574 7.9955141 7.9973709 7.9992277 7.998036 7.9909677 7.9838994 7.9768311 7.9697629 7.96404 7.9557042 7.9446894 7.9384554 7.9322214 7.9259874 7.9197534 7.9196883 7.9201817 7.9194286 7.9186754 7.9179222 7.9171691 7.9077429 7.9028259 7.8979089 7.8929919 7.8880749 7.8891309 7.903513 7.9074448 7.9113767 7.9153086 7.9192405
-9999 7.9557875 7.9500011 7.9442148 7.9384285 7.9331273 7.9280042 7.9235357 7.9198229 7.9185581 7.9272817 7.9360053 7.9447289 7.9531071 7.9607937 7.9682134 7.9733054 7.9783974 7.9834893 7.9863708 7.9841524 7.9819341 7.9797158 7.9795224 7.9813383 7.9816336 7.9778536 7.9745171 7.9763739 7.9782307 7.9800874 7.9788957 7.9718274 7.9647592 7.9576909 7.9536859 7.9516854 7.9433496 7.9259503 7.9114041 7.9051701 7.8989361 7.8927021 7.892637 7.8970066 7.899004 7.8982508 7.8974977 7.8967445 7.887053 7.8758167 7.8694532 7.8645362 7.8596192 7.8606752 7.8824212 7.9016289 7.9055608 7.9094927 7.9134245
-9999 7.951467 7.9456806 7.9399712 7.934848 7.9297249 7.9246017 7.9201333 7.9164204 7.9127076 7.9089948 7.9153863 7.9241099 7.9324882 7.9401747 7.9478613 7.9555478 7.9613113 7.9664033 7.9692848 7.9670664 7.9648481 7.9661137 7.9679296 7.9697455 7.9700409 7.9662609 7.9624809 7.9587009 7.9590904 7.9609472 7.9597555 7.9526872 7.9456189 7.9433318 7.9413313 7.9393308 7.9309951 7.9135957 7.8961964 7.878797 7.8718849 7.8656509 7.8655857 7.8699553 7.8743249 7.8778263 7.8770731 7.87632 7.8666284 7.8553921 7.8441558 7.8360805 7.8311635 7.8322195 7.8539655 7.8757115 7.8974575 7.9036768 7.9076086
-9999 7.9471465 7.9416919 7.9365688 7.9314456 7.9263224 7.9211993 7.9167308 7.913018 7.9093052 7.9055924 7.9018795 7.903491 7.9118692 7.9195557 7.9272423 7.9349288 7.9426154 7.9493173 7.9521987 7.9508892 7.9527051 7.954521 7.9563368 7.9581527 7.9584481 7.9546681 7.9508881 7.9471081 7.9433281 7.9418069 7.9406152 7.9349781 7.9329776 7.9309772 7.9289767 7.9269763 7.9186405 7.9012411 7.8838418 7.8664424 7.8490431 7.8385996 7.8385344 7.842904 7.8472736 7.8516432 7.8560128 7.8558954 7.8462039 7.8349675 7.8237312 7.8124949 7.8027078 7.8037638 7.8255098 7.8472558 7.8690018 7.8907478 7.9017927
-9999 7.9439644 7.9388413 7.9337181 7.9285949 7.9234718 7.9183486 7.9156973 7.9119844 7.9082716 7.9045588 7.900846 7.8971331 7.8943524 7.9020389 7.9097255 7.917412 7.9250986 7.9327851 7.9386965 7.9405124 7.9423282 7.9441441 7.94596 7.9477759 7.9462772 7.9425062 7.9387262 7.9349462 7.9311662 7.9273862 7.924214 7.9222136 7.9202131 7.9182127 7.9162122 7.9142118 7.9087766 7.8913773 7.8739779 7.8565786 7.8391792 7.8217799 7.8195565 7.8239261 7.8282957 7.8326653 7.8370349 7.8414045 7.8371337 7.8258974 7.8146611 7.8034247 7.7921884 7.7824595 7.8031145 7.8248605 7.8466065 7.8683525 7.8900985
-9999 7.9432024 7.9380792 7.9329561 7.9278329 7.92311 7.9208895 7.9195446 7.9192103 7.916205 7.9124922 7.9087793 7.9050665 7.9017975 7.8994173 7.9039513 7.9116379 7.9193244 7.927011 7.9329223 7.9347382 7.9365541 7.93837 7.9401859 7.9352378 7.9304694 7.9278033 7.92441 7.9206299 7.9168499 7.9130699 7.9098978 7.9078973 7.9058969 7.9038964 7.9021971 7.9101694 7.9078683 7.8908696 7.8735424 7.856143 7.8387437 7.8213443 7.8220144 7.8355085 7.8398781 7.8442477 7.8486173 7.8529869 7.8590299 7.8598075 7.8485712 7.8373349 7.8260985 7.8163696 7.8118623 7.8254055 7.8471515 7.8688975 7.8906435
-9999 7.9424403 7.9373172 7.932194 7.9285868 7.9263663 7.9241459 7.922801 7.9224666 7.9221323 7.9204255 7.9167127 7.9129999 7.9097309 7.9073507 7.9049705 7.9058637 7.9135503 7.9212368 7.9271482 7.9289641 7.93078 7.9305355 7.9249827 7.91943 7.9146616 7.9119955 7.9093295 7.9063137 7.9025337 7.8987537 7.8955815 7.8935811 7.8915806 7.8932618 7.9012341 7.9092064 7.9069053 7.8899066 7.872908 7.8557075 7.8383081 7.8209088 7.8215789 7.8352389 7.8488989 7.85583 7.8601996 7.8645692 7.8706123 7.8769446 7.8824813 7.871245 7.8600087 7.8502798 7.8457724 7.8412651 7.8476966 7.8694426 7.8911886
-9999 7.9416783 7.9365551 7.9340636 7.9318431 7.9296227 7.9274022 7.9260573 7.925723 7.9253886 7.9250543 7.9246461 7.9209332 7.9176643 7.9152841 7.9129039 7.9105238 7.9081436 7.9154627 7.921374 7.9231899 7.9202805 7.9147277 7.9091749 7.9036221 7.8988537 7.8961877 7.8935217 7.8908556 7.8881896 7.8844374 7.8812653 7.8792648 7.8843265 7.8922988 7.9002711 7.9082434 7.9059423 7.8889437 7.871945 7.8549464 7.8378726 7.8204732 7.8211433 7.8348034 7.8484634 7.8621234 7.871782 7.8761516 7.8821947 7.888527 7.8948592 7.9011915 7.8939188 7.8841899 7.8796826 7.8751752 7.8706679 7.8699876 7.8917337
-9999 7.9417608 7.9395404 7.9373199 7.9350995 7.932879 7.9306586 7.9293137 7.9289793 7.928645 7.9283106 7.9279762 7.9276419 7.9255976 7.9232175 7.9208373 7.9184571 7.916077 7.9136968 7.9155783 7.9100255 7.9044727 7.8989199 7.8933671 7.8878143 7.8830459 7.8803799 7.8777138 7.8750478 7.8723818 7.8697157 7.8674189 7.8753912 7.8833635 7.8913358 7.8993081 7.9072804 7.9049793 7.8879807 7.870982 7.8539834 7.8369847 7.8199861 7.8207078 7.8343678 7.8480278 7.8616878 7.8753478 7.887734 7.893777 7.9001093 7.9064416 7.9127739 7.9191062 7.9181 7.9135927 7.9090854 7.904578 7.9000707 7.8955634
-9999 7.9326694 7.930449 7.9282285 7.926008 7.9237876 7.9291124 7.9346013 7.9338974 7.933563 7.9332287 7.9328943 7.9325599 7.9318485 7.9301571 7.927777 7.9253968 7.9230166 7.9206365 7.9172969 7.9117442 7.9061914 7.9006386 7.8950858 7.890012 7.8868328 7.8859754 7.8833093 7.8806433 7.8779773 7.8753112 7.8762789 7.8842512 7.8922235 7.9001958 7.9081681 7.9131968 7.9135304 7.9062317 7.8892331 7.8722344 7.8552358 7.8382372 7.8317254 7.8396905 7.8533505 7.8670106 7.8806706 7.8943306 7.8953457 7.9004639 7.9067962 7.9131285 7.9194608 7.9240561 7.9219884 7.9174811 7.9129738 7.9084665 7.9039591
