P1_models/J1_p1_tot_conduct_slide_61.34.dat.tif
NCOLS 118
NROWS 92
XLLCORNER 139.62
YLLCORNER -39.07
DX 0.099491525
DY 0.099347826
NODATA_VALUE -9999
[rows 0 to 25 of 92, columns 0 to 56 of 118]
-2.2443504 -2.2723631 -2.3270835 -2.3661268 -2.4182414 -2.4574401 -2.5121605 -2.5656712 -2.6177858 -2.6519204 -2.7006131 -2.745236 -2.7847185 -2.8228583 -2.8530707 -2.8813123 -2.9061852 -2.9382117 -2.9595099 -2.983921 -3.0053718 -3.0296303 -3.0600461 -3.0870884 -3.1200529 -3.1535232 -3.1833707 -3.1914018 -3.2105076 -3.2199199 -3.2285696 -3.2202224 -3.2073699 -3.1798967 -3.1517079 -3.1115472 -3.0618014 -3.0086916 -2.9458548 -2.8931268 -2.83029 -2.7923001 -2.7475289 -2.7166188 -2.6981094 -2.7261688 -2.7366416 -2.7891588 -2.8415228 -2.9222758 -3.0008217 -3.0991179 -3.1986094 -3.298101 -3.3917272 -3.4650367 -3.5317629
-2.2417916 -2.3012082 -2.3626795 -2.4220657 -2.4814761 -2.5447866 -2.6061013 -2.6790705 -2.7396431 -2.7909203 -2.8448537 -2.904252 -2.9480329 -2.9977871 -3.029525 -3.0661098 -3.0936906 -3.1170084 -3.1360632 -3.1524911 -3.1731821 -3.1995084 -3.2293558 -3.2606058 -3.2961189 -3.3399705 -3.3846288 -3.4131754 -3.441584 -3.4865017 -3.5074072 -3.5350392 -3.5310156 -3.5356454 -3.5146046 -3.4906015 -3.4450134 -3.3986657 -3.335829 -3.2729922 -3.2036234 -3.1450718 -3.0913673 -3.0369032 -3.0096202 -3.0097897 -3.0079848 -3.0454156 -3.0836107 -3.1552119 -3.2257278 -3.3234263 -3.4099763 -3.5094182 -3.5944663 -3.6656059 -3.7199146
-2.2493301 -2.3219892 -2.3916333 -2.4621091 -2.5331744 -2.608018 -2.6826367 -2.7576982 -2.8287636 -2.901942 -2.9715861 -3.0378149 -3.0975098 -3.1552855 -3.1950821 -3.232713 -3.2625605 -3.289312 -3.3042357 -3.3221679 -3.3470408 -3.3733671 -3.4032145 -3.4363902 -3.4761868 -3.5210847 -3.575805 -3.6310485 -3.6857688 -3.7401505 -3.7872781 -3.8266743 -3.8465726 -3.8581427 -3.8529063 -3.8388572 -3.8040352 -3.7576875 -3.6948507 -3.6241326 -3.5455867 -3.4747324 -3.4100629 -3.3545526 -3.3074251 -3.2844087 -3.2739359 -3.2943526 -3.325771 -3.3868734 -3.4549466 -3.5367862 -3.6199887 -3.7070677 -3.7865042 -3.8441046 -3.8892143
-2.2493301 -2.324428 -2.3978425 -2.4683183 -2.5436261 -2.6259477 -2.7136829 -2.7954494 -2.8846467 -2.964002 -3.0585154 -3.1247442 -3.2015119 -3.2777958 -3.3374907 -3.3776912 -3.4174878 -3.4476389 -3.4774864 -3.4960266 -3.5208995 -3.5472258 -3.5770732 -3.6111283 -3.6558995 -3.7028098 -3.7674793 -3.8243126 -3.8840075 -3.9412243 -4.004061 -4.0475259 -4.0823479 -4.0940937 -4.1110801 -4.1136381 -4.0834509 -4.0371032 -3.9742665 -3.9035484 -3.8250024 -3.7517263 -3.6832694 -3.6227126 -3.5682131 -3.5422006 -3.5285147 -3.5419937 -3.5679313 -3.6172088 -3.6784792 -3.7514899 -3.8311028 -3.8974305 -3.9701815 -4.0068363 -4.0450408
-2.2472807 -2.3126617 -2.3872803 -2.462592 -2.5383951 -2.6254371 -2.7161423 -2.814702 -2.907687 -3.009845 -3.1114606 -3.2025623 -3.2871301 -3.3834642 -3.4495831 -3.5108839 -3.5573587 -3.5971554 -3.6297758 -3.6596232 -3.6859335 -3.7122597 -3.7421072 -3.7775648 -3.823875 -3.8727013 -3.9357809 -3.9991496 -4.0588445 -4.1193289 -4.1821656 -4.2371326 -4.2731971 -4.3051563 -4.3313382 -4.3507016 -4.3216982 -4.2804328 -4.2183833 -4.1502923 -4.0720609 -3.9987848 -3.9291407 -3.8694449 -3.8118445 -3.779456 -3.7637469 -3.7730399 -3.7939855 -3.8358365 -3.8882005 -3.9514899 -4.0238331 -4.0791289 -4.134117 -4.1636977 -4.183894
-2.2369976 -2.3002026 -2.3648721 -2.4377551 -2.5135582 -2.6006001 -2.7000917 -2.8022835 -2.9112504 -3.0222635 -3.1466279 -3.25567 -3.3601361 -3.457975 -3.5425428 -3.616441 -3.6811105 -3.7337586 -3.7735552 -3.808645 -3.8384924 -3.8674907 -3.8973382 -3.9327958 -3.9825416 -4.0341415 -4.0938364 -4.1543805 -4.2140755 -4.2745599 -4.3373966 -4.3923636 -4.4321602 -4.4710259 -4.5233898 -4.543188 -4.5183151 -4.4791285 -4.4215281 -4.3551972 -4.2818877 -4.2098989 -4.1402548 -4.0806638 -4.0282999 -3.9962018 -3.9752562 -3.9831036 -3.9988904 -4.037695 -4.0806869 -4.1379884 -4.1976918 -4.2419102 -4.2831387 -4.2988479 -4.3080787
-2.2101973 -2.271704 -2.326484 -2.3914779 -2.467281 -2.554323 -2.6565093 -2.7696628 -2.8881118 -3.0025216 -3.1331654 -3.2605001 -3.3772198 -3.4949655 -3.5894904 -3.6909014 -3.7705874 -3.8274814 -3.8729472 -3.9201463 -3.9518327 -3.9852013 -4.0150488 -4.0505064 -4.098515 -4.1473413 -4.2070362 -4.2667311 -4.3231551 -4.3761903 -4.4371148 -4.488634 -4.5284306 -4.5723913 -4.6340813 -4.6659937 -4.645985 -4.6135035 -4.5586539 -4.4957815 -4.4321426 -4.3674125 -4.2977684 -4.2381774 -4.1858135 -4.1545646 -4.133619 -4.1406172 -4.1563264 -4.1943594 -4.2261282 -4.2813415 -4.32331 -4.3643155 -4.38928 -4.3996807 -4.3947432
-2.1852493 -2.225495 -2.2752408 -2.3402347 -2.4160378 -2.4991627 -2.6036288 -2.7183517 -2.8415317 -2.9751136 -3.1144018 -3.2519823 -3.3862959 -3.5233106 -3.6327512 -3.7388701 -3.8234379 -3.9017854 -3.9565342 -4.008246 -4.0431982 -4.0765668 -4.1064143 -4.136095 -4.1805327 -4.2266555 -4.2859153 -4.3495127 -4.4006007 -4.4536359 -4.5114898 -4.563009 -4.6028056 -4.6537066 -4.7270161 -4.7646927 -4.749769 -4.7241497 -4.6717857 -4.6199332 -4.5623329 -4.5023106 -4.4326665 -4.3746448 -4.3222809 -4.291032 -4.2700864 -4.2723767 -4.2880859 -4.3156201 -4.3470385 -4.3820548 -4.4231052 -4.4479704 -4.4682427 -4.4678465 -4.4548328
-2.1479939 -2.1840619 -2.2193576 -2.2826988 -2.3442888 -2.423861 -2.5233525 -2.6382616 -2.7661793 -2.9011703 -3.0553822 -3.1960991 -3.3437949 -3.4864051 -3.6157441 -3.7265616 -3.8260531 -3.9079946 -3.9726641 -4.0268737 -4.0716449 -4.107613 -4.133254 -4.1609319 -4.195754 -4.239074 -4.2888198 -4.3495127 -4.4241314 -4.4846821 -4.5475189 -4.6002644 -4.640061 -4.690962 -4.7642716 -4.8024763 -4.7925271 -4.7693694 -4.7327147 -4.6841413 -4.6368437 -4.5809483 -4.5258051 -4.4692605 -4.4216287 -4.3903798 -4.3694342 -4.3644565 -4.368806 -4.3934447 -4.4215493 -4.4430926 -4.4727791 -4.489361 -4.5054981 -4.5002617 -4.4857258
-2.1191475 -2.1376175 -2.1672725 -2.2177586 -2.2722937 -2.3348258 -2.4286369 -2.5369259 -2.660735 -2.7979475 -2.9521594 -3.1046636 -3.2567084 -3.4142423 -3.5513718 -3.675893 -3.7833276 -3.8750437 -3.9451102 -4.005267 -4.0527876 -4.0917452 -4.1166181 -4.1456986 -4.1833717 -4.2208971 -4.267741 -4.323991 -4.3986096 -4.4702677 -4.5331045 -4.5914698 -4.6363753 -4.6872763 -4.7605859 -4.8071804 -4.8058559 -4.7892284 -4.7567722 -4.7253717 -4.6847501 -4.6331277 -4.5784073 -4.5311506 -4.4852303 -4.4521795 -4.4304994 -4.4175378 -4.4170145 -4.4180702 -4.4442522 -4.4527357 -4.4729855 -4.4773574 -4.4867055 -4.4753079 -4.4618423
-2.099178 -2.1039535 -2.1188773 -2.1500195 -2.1926587 -2.2461487 -2.3307165 -2.4277216 -2.5461639 -2.6756065 -2.8298183 -2.9874454 -3.1516065 -3.3091404 -3.4534031 -3.5896742 -3.7040895 -3.8085301 -3.8831487 -3.9510682 -4.000814 -4.0432928 -4.0681656 -4.0980682 -4.1378648 -4.1790131 -4.2237843 -4.2763605 -4.3509792 -4.4234593 -4.4862961 -4.5471274 -4.5968732 -4.6544267 -4.7277362 -4.7776188 -4.787568 -4.7859403 -4.7597583 -4.7360424 -4.7098604 -4.66925 -4.6145296 -4.5664509 -4.5245597 -4.4915821 -4.4654001 -4.448728 -4.4382552 -4.4326019 -4.4326019 -4.4334294 -4.4377574 -4.4352038 -4.4308626 -4.4151534 -4.3953287
-2.0929688 -2.087045 -2.0816218 -2.1127641 -2.1281553 -2.163947 -2.2251594 -2.3166552 -2.4161467 -2.5433395 -2.6876022 -2.8446329 -3.0050805 -3.1609534 -3.3101907 -3.4484296 -3.572794 -3.6803353 -3.7698776 -3.8399841 -3.8947044 -3.9377357 -3.969527 -4.004349 -4.0391711 -4.0796653 -4.1244364 -4.1770127 -4.2516314 -4.3246053 -4.3926784 -4.4566202 -4.5212897 -4.5799158 -4.6572281 -4.7131435 -4.7378941 -4.7415957 -4.7349214 -4.7166208 -4.7036512 -4.6694094 -4.6269481 -4.576645 -4.530769 -4.492397 -4.4591909 -4.4330089 -4.4134183 -4.3895512 -4.3767188 -4.3569685 -4.350828 -4.3287188 -4.3187453 -4.2977997 -4.278177
-2.1106294 -2.0970382 -2.0800275 -2.0718362 -2.0815458 -2.1023981 -2.1586416 -2.2098228 -2.3041087 -2.4194265 -2.5636892 -2.6968723 -2.8560588 -3.0054507 -3.154688 -3.2975015 -3.4235005 -3.5369793 -3.6265217 -3.7087749 -3.7634952 -3.8156425 -3.8504645 -3.888527 -3.9233491 -3.9622262 -4.0088862 -4.0614624 -4.1360811 -4.2058145 -4.2738877 -4.3472792 -4.4119487 -4.4909376 -4.5696954 -4.6286395 -4.6547624 -4.6789598 -4.6768795 -4.6820623 -4.6749016 -4.6534787 -4.6171621 -4.5823884 -4.535455 -4.4953657 -4.4547188 -4.4235592 -4.3850329 -4.3549928 -4.3111609 -4.2881234 -4.2476962 -4.225587 -4.187536 -4.1665904 -4.131037
-2.1409328 -2.1074056 -2.067609 -2.046085 -2.0318719 -2.0418648 -2.0717123 -2.1228935 -2.1986965 -2.2954099 -2.4147997 -2.5455359 -2.6947732 -2.8440105 -2.9932477 -3.1360613 -3.2654003 -3.3827531 -3.4772701 -3.5607071 -3.620402 -3.6737331 -3.7135297 -3.7519238 -3.7867458 -3.8256229 -3.8753687 -3.9303178 -3.9999619 -4.0707423 -4.1492882 -4.2265411 -4.3061343 -4.3865653 -4.4703476 -4.5354804 -4.5802516 -4.6124692 -4.6334148 -4.6448282 -4.6500646 -4.6358257 -4.6109528 -4.5761792 -4.534288 -4.4894279 -4.4423004 -4.3939322 -4.3415682 -4.2880411 -4.2304408 -4.1810796 -4.1297207 -4.0818082 -4.0360231 -3.994132 -3.9582739
-2.1962657 -2.1424265 -2.0891443 -2.0643187 -2.0310913 -2.0086821 -2.0187367 -2.0567218 -2.1117672 -2.1959439 -2.2997318 -2.4293674 -2.5715812 -2.7075515 -2.8487844 -2.991598 -3.120937 -3.2393904 -3.3339073 -3.4193988 -3.4832485 -3.5371298 -3.5769264 -3.6153205 -3.6501425 -3.687668 -3.7331065 -3.7867548 -3.8520407 -3.9252374 -4.0081265 -4.0904285 -4.1779413 -4.2589226 -4.3479658 -4.431844 -4.4944228 -4.5380091 -4.5729732 -4.5965459 -4.6139097 -4.6101564 -4.5934256 -4.5647448 -4.5280788 -4.4791492 -4.4298819 -4.3627945 -4.3037625 -4.22461 -4.1610386 -4.0738129 -4.0152007 -3.9271275 -3.873276 -3.8089553 -3.7703559
-2.261089 -2.1994305 -2.1347611 -2.0829832 -2.040344 -2.0019928 -2.0019928 -2.0160153 -2.0633922 -2.1221573 -2.2207117 -2.3321567 -2.4664702 -2.5928128 -2.7317649 -2.8646293 -2.9931947 -3.1116481 -3.206165 -3.2916565 -3.356326 -3.4137286 -3.4535252 -3.4905167 -3.5247485 -3.5609223 -3.6050524 -3.6537261 -3.7177037 -3.78586 -3.8689654 -3.9547152 -4.0442576 -4.1353615 -4.2296166 -4.3214659 -4.3911099 -4.4592998 -4.501191 -4.5431718 -4.5693538 -4.5821174 -4.5721683 -4.5517217 -4.5203033 -4.4748082 -4.4224442 -4.3521196 -4.2788101 -4.1866073 -4.1028249 -4.0021485 -3.9118638 -3.8107629 -3.7198495 -3.6468582 -3.5837226
-2.3355425 -2.2703474 -2.1957288 -2.1384269 -2.0815746 -2.0398948 -2.0150219 -2.0218121 -2.0502382 -2.1022878 -2.181881 -2.2845001 -2.3989153 -2.5199577 -2.6542712 -2.7851511 -2.9045409 -3.0189234 -3.1134404 -3.1989319 -3.2636014 -3.3210039 -3.3608005 -3.3977921 -3.4276395 -3.4615744 -3.501371 -3.5477551 -3.60745 -3.6732658 -3.7518118 -3.8354978 -3.9250402 -4.0164951 -4.1159866 -4.2091858 -4.2937536 -4.3673831 -4.4354562 -4.4861006 -4.5332282 -4.5528101 -4.5627593 -4.5461521 -4.5199701 -4.4748082 -4.4224442 -4.3501204 -4.2721869 -4.167624 -4.0630858 -3.9447406 -3.8323855 -3.7052575 -3.594009 -3.4945174 -3.4181429
-2.4236829 -2.3543356 -2.279717 -2.2154948 -2.1562207 -2.1120511 -2.0849317 -2.0755383 -2.0958274 -2.1423408 -2.2186445 -2.3036572 -2.4148847 -2.5292915 -2.6589759 -2.7767598 -2.8928439 -3.0044583 -3.0975339 -3.1795551 -3.2428341 -3.2967154 -3.3351724 -3.3685919 -3.3971505 -3.4233751 -3.4560517 -3.5010517 -3.5571853 -3.6104434 -3.6860616 -3.7614679 -3.846254 -3.9291142 -4.0286057 -4.1218049 -4.2083564 -4.289066 -4.361744 -4.4245272 -4.4772052 -4.5065964 -4.5278702 -4.5373069 -4.5185861 -4.4748082 -4.433446 -4.3648555 -4.2863095 -4.180975 -4.061785 -3.9413479 -3.8010418 -3.6701781 -3.5235067 -3.4160883 -3.3098662
-2.5056576 -2.4435068 -2.3688882 -2.3018936 -2.2403036 -2.1993784 -2.1695309 -2.1612584 -2.1754715 -2.208158 -2.2778021 -2.3593996 -2.4638657 -2.5688184 -2.6882082 -2.8037503 -2.9181656 -3.0225635 -3.1121059 -3.1915019 -3.2511968 -3.3036248 -3.3384468 -3.367101 -3.3919739 -3.4148357 -3.4446832 -3.4739495 -3.5187207 -3.5637425 -3.6318156 -3.6987617 -3.7733804 -3.8562406 -3.9557321 -4.0443032 -4.1338455 -4.2188638 -4.2974098 -4.3676891 -4.4252894 -4.469823 -4.4996705 -4.5147118 -4.5094754 -4.4876076 -4.4509528 -4.385725 -4.3071791 -4.1951569 -4.0747198 -3.9334115 -3.7910335 -3.6288669 -3.4695526 -3.3386427 -3.2135781
-2.5863777 -2.5297497 -2.468236 -2.4015491 -2.3541722 -2.3198324 -2.2999249 -2.2927308 -2.3116816 -2.3441238 -2.4087932 -2.4897936 -2.586235 -2.6857223 -2.7951629 -2.9083373 -3.0128034 -3.1148338 -3.194427 -3.2718387 -3.3265591 -3.3781357 -3.4091996 -3.4348394 -3.4497631 -3.4700266 -3.4849503 -3.5104852 -3.5353581 -3.5751866 -3.6170778 -3.6783993 -3.7380943 -3.8189851 -3.9055718 -3.9854904 -4.060109 -4.1443529 -4.2228989 -4.2961906 -4.363197 -4.4132026 -4.4562058 -4.4808744 -4.4970569 -4.4847821 -4.4633713 -4.4067567 -4.3382253 -4.2328908 -4.1181845 -3.9730596 -3.8282889 -3.6569424 -3.4941289 -3.337037 -3.2031694
-2.6523515 -2.6033911 -2.554027 -2.5159853 -2.4749053 -2.455505 -2.4391033 -2.4522994 -2.4739302 -2.5090422 -2.5739842 -2.6521664 -2.7464617 -2.8426312 -2.9515596 -3.0444706 -3.1431363 -3.239827 -3.3192821 -3.3844135 -3.4390974 -3.4795084 -3.5093558 -3.5243775 -3.5393012 -3.543091 -3.5514516 -3.5689771 -3.5938499 -3.6088415 -3.6502748 -3.681008 -3.7394242 -3.7871427 -3.8678599 -3.9296072 -4.0011687 -4.0627633 -4.139449 -4.2075221 -4.2741923 -4.3263344 -4.3754823 -4.4278659 -4.4512765 -4.4475878 -4.4456485 -4.4014781 -4.355248 -4.2568582 -4.1663372 -4.0236031 -3.8867807 -3.7154342 -3.5508204 -3.3937286 -3.2358936
-2.7106601 -2.6906662 -2.6657933 -2.6428778 -2.623927 -2.612962 -2.612962 -2.6261581 -2.6545842 -2.6968265 -2.7664706 -2.8431965 -2.9327389 -3.0246921 -3.1192091 -3.2121201 -3.3016625 -3.3862413 -3.4558854 -3.518511 -3.5632821 -3.6000871 -3.6150108 -3.6276322 -3.6326067 -3.6362296 -3.6362296 -3.63929 -3.6442646 -3.6531933 -3.6689025 -3.690949 -3.7207964 -3.7596128 -3.8119768 -3.8644936 -3.9142394 -3.972028 -4.0401011 -4.1057985 -4.1686353 -4.228858 -4.2885529 -4.3409365 -4.3880641 -4.4113116 -4.4270208 -4.4052941 -4.3738757 -4.3007663 -4.2222204 -4.0935448 -3.9612916 -3.7954047 -3.6287754 -3.4559744 -3.292408
-2.7627574 -2.7697262 -2.771999 -2.7505916 -2.7586969 -2.7826879 -2.8106522 -2.8326457 -2.8776947 -2.9206911 -2.9903352 -3.0668098 -3.1533148 -3.2378826 -3.323003 -3.4094903 -3.4800361 -3.5586929 -3.613937 -3.6700429 -3.6954108 -3.7314616 -3.7436023 -3.7479413 -3.7380583 -3.7376261 -3.7227023 -3.7187134 -3.7037897 -3.7045641 -3.6950768 -3.7037211 -3.7009772 -3.7382854 -3.7607106 -3.7742264 -3.8026841 -3.8491984 -3.8962678 -3.9590867 -4.0181955 -4.0850621 -4.1515774 -4.2161465 -4.2765088 -4.3271556 -4.362716 -4.3744332 -4.3619196 -4.3260365 -4.262613 -4.1692544 -4.0478419 -3.9041319 -3.7428444 -3.5855894 -3.4177259
-2.7952515 -2.8379753 -2.852899 -2.8674069 -2.8840376 -2.9397487 -2.9767304 -3.0239788 -3.073134 -3.1301407 -3.2008184 -3.2755854 -3.3601532 -3.4325096 -3.512536 -3.5874682 -3.6535537 -3.7107571 -3.7592923 -3.8019787 -3.8242759 -3.8447886 -3.8547377 -3.8478953 -3.835167 -3.8211627 -3.8033581 -3.783231 -3.7623422 -3.741958 -3.7241035 -3.7036147 -3.6909893 -3.6893981 -3.6946345 -3.674618 -3.6939335 -3.7150363 -3.7537386 -3.7982568 -3.8555272 -3.9230495 -3.9926935 -4.0725922 -4.1406653 -4.2177258 -4.2700897 -4.315647 -4.3261198 -4.3243309 -4.2876761 -4.2218373 -4.1274082 -4.0045663 -3.8625507 -3.7119351 -3.5581349
-2.8251611 -2.8765887 -2.931309 -2.9685263 -3.0206409 -3.0763519 -3.1360468 -3.1916283 -3.2532183 -3.3164179 -3.3910365 -3.4666538 -3.5412725 -3.6125775 -3.677247 -3.7426992 -3.7974196 -3.8473604 -3.8772079 -3.9075358 -3.9224595 -3.9365629 -3.9315883 -3.9224061 -3.9025078 -3.8832551 -3.8583822 -3.8329049 -3.7980829 -3.7667949 -3.7301401 -3.6974054 -3.6576088 -3.6353057 -3.6091237 -3.5876886 -3.5727649 -3.5784331 -3.5941423 -3.6306074 -3.6777349 -3.7431343 -3.817753 -3.8997505 -3.9887693 -4.0737934 -4.1628122 -4.2208886 -4.2764459 -4.2913834 -4.3000946 -4.2535647 -4.1957099 -4.0962183 -3.9805263 -3.84438 -3.7009474
-2.833585 -2.9137348 -2.9841962 -3.0373917 -3.1058305 -3.1882818 -3.2622289 -3.3294016 -3.4000253 -3.4662209 -3.5408395 -3.6154582 -3.6843984 -3.739123 -3.7895772 -3.8430052 -3.8797022 -3.9204267 -3.9356522 -3.9564742 -3.9602788 -3.969389 -3.9611373 -3.9434085 -3.9197021 -3.894397 -3.8579474 -3.8278712 -3.7852296 -3.7446839 -3.6924499 -3.6479254 -3.594083 -3.5587975 -3.5195232 -3.471527 -3.4441507 -3.4310582 -3.431486 -3.4577037 -3.4996643 -3.5630664 -3.637685 -3.7298204 -3.8253318 -3.9319464 -4.0294222 -4.1304169 -4.1989849 -4.26105 -4.2834717 -4.2843682 -4.239611 -4.1853624 -4.088217 -3.9884085 -3.853908
