P1_models/J1_p1__temp2_slide_300.dat.tif
NCOLS 118
NROWS 92
XLLCORNER 139.62
YLLCORNER -39.07
DX 0.099491525
DY 0.099347826
NODATA_VALUE -9999
[rows 27 to 53 of 92, columns 0 to 59 of 118]
-9999 1218.3671 1220.7905 1222.1748 1217.3715 1212.5682 1207.7648 1203.9385 1201.2399 1198.5412 1195.8425 1195.1841 1195.0856 1196.6061 1201.3688 1206.1314 1210.8941 1213.3404 1214.858 1215.1338 1212.5451 1209.9563 1215.1828 1221.3659 1227.549 1227.6025 1211.2272 1194.8519 1178.4766 1179.3409 1187.1512 1192.7139 1193.9442 1195.1746 1209.0093 1223.2295 1237.4498 1253.2821 1271.4208 1289.5594 1307.6981 1311.8286 1314.6212 1304.9247 1286.25 1267.5753 1251.7752 1253.1328 1254.4904 1261.9347 1270.4309 1278.9271 1282.395 1280.2982 1277.3911 1271.6771 1265.9631 1260.249 1247.5198 1233.5143
-9999 1227.9405 1227.1857 1222.3824 1217.5791 1212.7757 1207.9724 1204.1461 1201.4475 1198.7488 1196.0501 1193.3515 1191.9234 1193.4439 1198.2066 1202.9692 1207.7319 1212.4945 1215.8324 1216.1083 1214.9731 1221.1561 1227.3392 1233.5223 1239.7053 1239.7588 1223.3836 1207.0083 1190.633 1174.2577 1168.9908 1174.5536 1178.6915 1192.9117 1207.1319 1221.3521 1235.5723 1251.4046 1269.5433 1287.682 1305.8206 1323.9593 1331.6541 1321.9576 1303.2829 1284.6081 1265.9334 1247.2587 1247.2638 1254.7081 1263.2043 1271.7005 1280.1967 1285.6748 1282.7677 1277.0537 1271.3397 1265.6257 1259.9116 1248.7559
-9999 1234.1829 1229.3795 1224.5762 1219.7729 1214.9696 1210.1663 1204.8282 1202.1296 1199.4309 1196.7322 1194.0336 1191.3349 1193.2095 1197.9722 1202.7348 1207.4975 1212.2601 1217.0228 1222.215 1228.398 1234.5811 1240.7642 1246.9472 1253.1303 1256.5514 1240.1761 1223.8008 1207.4255 1191.0502 1174.6749 1168.75 1182.9702 1197.1904 1211.4106 1225.6308 1239.8511 1250.8596 1268.9983 1287.137 1305.2757 1323.4143 1341.553 1338.1448 1319.47 1300.7953 1282.1206 1263.4458 1244.7711 1247.8031 1256.2993 1264.7955 1273.2917 1281.7879 1287.5809 1281.8669 1276.1529 1270.4389 1264.7249 1259.0109
-9999 1252.7283 1247.925 1243.1217 1238.3184 1233.5151 1223.5977 1214.3658 1206.7182 1204.0195 1201.3208 1198.6222 1195.9235 1200.747 1220.634 1226.6033 1231.3659 1236.1286 1240.8912 1246.0834 1252.2665 1258.4495 1264.6326 1270.8157 1258.4372 1252.9753 1288.9774 1278.7596 1262.3843 1246.009 1229.6337 1223.7088 1237.929 1252.1492 1266.3694 1280.5896 1272.3913 1268.5929 1279.4226 1297.5613 1315.7 1333.8387 1351.9773 1348.1228 1328.695 1310.0203 1291.3455 1272.6708 1253.9961 1248.8262 1252.0417 1260.5379 1269.0341 1277.5304 1283.6779 1281.6898 1276.3284 1270.6144 1264.9003 1259.1863
-9999 1271.2738 1266.4705 1261.6672 1255.7475 1245.2657 1234.7838 1225.5519 1217.7625 1209.9732 1205.9094 1203.2108 1200.5121 1205.3356 1225.2226 1245.1096 1255.2343 1259.997 1264.7596 1269.9518 1276.1349 1282.318 1288.501 1268.6726 1247.7406 1242.2787 1278.2808 1314.2829 1317.3431 1300.9678 1284.5925 1278.6676 1292.8878 1307.108 1319.8107 1306.032 1292.2532 1288.4548 1298.9347 1309.4146 1326.1243 1344.263 1362.4017 1358.5472 1338.8821 1319.2453 1300.5705 1281.8958 1263.2211 1258.0512 1255.2153 1256.2803 1264.7766 1273.2728 1279.4203 1277.4323 1275.4442 1270.7898 1265.0758 1259.3618
-9999 1289.8193 1285.016 1277.4155 1266.9336 1256.4518 1245.97 1236.738 1228.9487 1221.1593 1213.3699 1207.7994 1205.1007 1209.9242 1229.8112 1249.6982 1269.5853 1283.8654 1288.6281 1293.8202 1300.0033 1299.8401 1278.908 1257.976 1237.044 1231.5821 1267.5842 1303.5864 1339.5885 1355.9266 1339.5513 1333.6264 1347.8466 1353.4514 1339.6727 1325.8939 1312.1152 1308.3168 1318.7967 1329.2766 1339.7565 1354.6873 1372.826 1368.9715 1349.3064 1329.6413 1309.9762 1291.1208 1272.446 1267.2762 1264.4403 1261.6044 1260.519 1269.0152 1275.1627 1273.1747 1271.1866 1269.1986 1265.2512 1259.5372
-9999 1308.3648 1299.0835 1288.6016 1278.1198 1267.6379 1257.1561 1247.9242 1240.1348 1232.3454 1224.5561 1216.7667 1209.6893 1214.5128 1234.3998 1254.2868 1274.1739 1294.0609 1312.4965 1317.6887 1310.0755 1289.1435 1268.2114 1247.2794 1226.3474 1220.8856 1256.8877 1292.8898 1328.8919 1364.894 1394.5101 1388.5852 1387.0921 1373.3133 1359.5346 1345.7559 1331.9771 1328.1787 1338.6586 1349.1385 1359.6184 1370.0983 1383.2503 1379.3958 1359.7307 1340.0656 1320.4005 1300.7354 1281.671 1276.5011 1273.6653 1270.8294 1267.9935 1265.1577 1270.9051 1268.9171 1266.929 1264.941 1262.9529 1259.7127
-9999 1312.7613 1302.2795 1291.7977 1281.3158 1270.834 1260.3521 1251.5825 1243.2694 1235.48 1227.6906 1219.9013 1212.1119 1217.2078 1238.8412 1258.7282 1278.6152 1298.5023 1318.3893 1325.9333 1305.0012 1284.0692 1263.1372 1242.2052 1221.2731 1214.2906 1241.007 1277.0091 1313.0113 1349.0134 1385.0155 1404.0141 1390.2353 1376.4566 1362.6779 1348.8991 1335.1204 1332.6128 1341.7104 1352.1903 1362.6702 1373.1501 1383.63 1388.117 1368.4519 1348.7867 1329.1216 1309.4565 1289.7914 1293.8659 1291.0301 1288.1942 1285.3583 1282.5225 1275.8238 1269.5875 1267.5994 1265.6113 1263.6233 1261.6352
-9999 1302.7795 1292.2976 1281.8158 1271.334 1265.0572 1269.165 1260.9199 1238.4179 1225.3353 1217.5459 1209.7565 1201.9672 1207.0631 1237.9625 1262.9267 1282.8138 1302.7008 1322.5878 1330.1318 1309.1998 1288.2677 1267.3357 1247.7955 1248.0107 1246.0326 1238.1758 1252.5787 1288.5808 1324.5829 1360.585 1379.5836 1365.8048 1352.0261 1338.2474 1328.1739 1335.4948 1335.2058 1324.0298 1327.5175 1337.9974 1348.4773 1358.9572 1366.2799 1371.333 1354.6988 1335.0337 1315.3686 1295.7035 1307.8367 1321.8197 1318.9838 1316.148 1313.3121 1306.6135 1286.5346 1276.3973 1274.4092 1272.4212 1270.4331
-9999 1292.7976 1282.3158 1271.8339 1270.2867 1274.3946 1278.5024 1270.2573 1247.7553 1225.2532 1207.4012 1199.6118 1191.8225 1196.9184 1227.8178 1258.7172 1287.0123 1306.8993 1326.7863 1334.3303 1313.3983 1292.4663 1279.3223 1279.5376 1279.7528 1277.7747 1269.9179 1262.0611 1264.1503 1300.1524 1336.1545 1355.1531 1341.3743 1327.5956 1323.446 1330.7668 1338.0877 1337.7987 1326.6228 1315.4468 1313.3246 1323.8044 1334.2843 1341.6071 1346.6602 1351.7133 1340.9458 1321.2806 1301.6155 1313.7488 1331.3776 1349.0064 1346.9376 1344.1017 1337.4031 1317.3243 1297.2455 1283.2071 1281.2191 1279.231
-9999 1282.8157 1272.3339 1275.5162 1279.6241 1283.732 1287.8398 1279.5947 1257.0927 1234.5906 1212.0886 1189.5865 1181.6778 1186.7737 1217.6731 1248.5725 1279.4719 1310.3713 1330.9849 1338.5288 1317.5968 1310.8492 1311.0644 1311.2796 1311.4949 1309.5167 1301.66 1293.8032 1285.9464 1278.0896 1311.724 1330.7226 1316.9438 1318.718 1326.0389 1333.3598 1340.6807 1340.3917 1329.2157 1318.0398 1306.8638 1299.1316 1309.6115 1316.9343 1321.9874 1327.0405 1332.0936 1327.1927 1307.5276 1319.6608 1337.2896 1354.9185 1372.5473 1374.8913 1368.1927 1348.1139 1328.0351 1307.9563 1290.017 1288.0289
-9999 1276.6379 1280.7458 1284.8536 1288.9615 1293.0694 1297.1772 1288.9321 1266.4301 1243.928 1221.426 1198.9239 1176.4219 1176.629 1207.5284 1238.4278 1269.3272 1300.2266 1331.126 1342.7274 1342.376 1342.5912 1342.8064 1343.0217 1343.2369 1341.2588 1333.402 1325.5452 1317.6884 1309.8316 1301.9748 1306.6692 1313.9901 1321.311 1328.6319 1335.9528 1343.2737 1342.9847 1331.8087 1320.6327 1309.4567 1298.2808 1287.1048 1292.2615 1297.3146 1302.3677 1307.4208 1312.4739 1313.4397 1325.5729 1343.2017 1360.8305 1378.4594 1396.0882 1398.9823 1378.9035 1358.8247 1338.7459 1318.6671 1298.5883
-9999 1276.6086 1280.7165 1284.8243 1288.9322 1293.04 1300.2769 1295.7266 1273.2246 1250.7226 1228.2205 1205.7185 1182.8874 1173.7237 1197.3824 1228.2818 1259.1812 1290.0806 1320.98 1342.601 1342.8162 1343.0315 1343.2467 1343.4619 1342.2032 1338.6627 1337.9164 1330.0596 1322.2028 1314.346 1306.4892 1303.8166 1311.1375 1318.4584 1325.7793 1333.1002 1341.2357 1342.2479 1331.0719 1319.8959 1308.7199 1297.544 1293.4313 1290.7644 1291.9368 1296.99 1302.0431 1307.0962 1312.1493 1327.925 1345.5538 1363.1827 1380.8115 1395.6681 1388.6044 1368.5256 1348.4468 1328.368 1308.2892 1293.2843
-9999 1273.4113 1277.5192 1281.6271 1285.7349 1295.2074 1306.2115 1301.6612 1279.1591 1256.6571 1234.155 1210.9933 1187.4712 1178.3075 1197.8974 1218.1353 1249.0348 1279.9342 1310.8336 1332.4546 1332.6698 1332.885 1333.1003 1330.0218 1324.2208 1320.6803 1323.1986 1325.3652 1317.5084 1309.6516 1301.7948 1299.1222 1306.4431 1313.764 1321.0849 1329.8411 1339.3727 1340.3849 1329.2089 1318.0329 1306.857 1306.2455 1308.5849 1305.918 1299.6521 1298.1381 1303.1912 1308.2443 1313.2974 1329.0731 1346.702 1364.3308 1374.6731 1371.3668 1364.3031 1344.2242 1324.1454 1304.0666 1291.2335 1281.2261
-9999 1270.2141 1274.3219 1279.1337 1290.1378 1301.1419 1312.146 1307.5957 1285.0936 1262.5916 1239.0992 1215.5771 1192.055 1182.8914 1202.4813 1222.0711 1241.661 1269.7877 1300.6872 1322.3081 1322.5234 1322.7386 1317.8404 1312.0394 1306.2384 1302.6979 1305.2162 1307.7345 1310.2528 1304.9572 1297.1004 1294.4278 1301.7487 1309.0696 1318.4464 1327.9781 1337.5097 1338.5219 1327.3459 1316.7202 1319.0596 1321.399 1323.7384 1321.0716 1314.8057 1308.5398 1304.3393 1309.3924 1314.4456 1330.2212 1347.8501 1353.678 1350.3717 1347.0654 1340.0017 1319.9229 1299.8441 1289.1827 1279.1753 1269.1678
-9999 1267.0168 1274.0641 1285.0682 1296.0723 1307.0764 1318.0805 1313.5302 1290.7272 1267.2051 1243.683 1220.1609 1196.6389 1187.4752 1207.0651 1226.655 1246.2448 1265.8347 1290.5407 1312.1617 1311.4601 1305.659 1299.858 1294.057 1288.256 1284.7155 1287.2338 1289.7521 1292.2705 1294.7888 1292.406 1289.7334 1297.5202 1307.0518 1316.5835 1326.1151 1335.6467 1336.6589 1329.5343 1331.8737 1334.2132 1336.5526 1338.892 1336.2251 1329.9592 1323.6934 1317.4275 1311.1616 1315.5937 1331.3693 1332.683 1329.3767 1326.0704 1322.7641 1315.7004 1297.1393 1287.1319 1277.1245 1267.117 1257.1096
-9999 1270.7658 1281.7699 1292.774 1303.7781 1314.7822 1325.7863 1321.27 1297.7479 1274.2258 1250.7038 1227.1817 1203.6596 1192.592 1212.1818 1231.7717 1251.3616 1270.9515 1290.5414 1302.4534 1296.6524 1290.8514 1285.0504 1279.2493 1273.4483 1269.6355 1272.1538 1274.6721 1277.1904 1279.7087 1282.2271 1287.1409 1296.6725 1306.2041 1315.7358 1325.2674 1334.799 1340.2664 1342.6058 1344.9452 1347.2847 1349.6241 1351.9635 1351.0685 1344.8026 1338.5368 1332.2709 1326.005 1319.7391 1314.6854 1311.3791 1308.0727 1304.7664 1301.4601 1297.987 1287.9796 1277.9721 1267.9647 1257.9573 1247.9499
-9999 1291.8305 1302.8346 1313.8387 1324.8428 1335.8469 1322.8154 1317.4587 1323.148 1299.6259 1276.1038 1252.5817 1229.0597 1215.6468 1222.4782 1240.9079 1260.4978 1280.0877 1299.6776 1311.5896 1305.7886 1299.9876 1294.1866 1288.3855 1280.6404 1275.3327 1278.8369 1281.4819 1284.0002 1286.5185 1289.0368 1293.9507 1303.4823 1313.0139 1322.5455 1332.0772 1334.6243 1336.5812 1339.9742 1342.3136 1344.653 1346.9924 1349.3318 1353.9361 1357.3065 1351.0406 1344.7748 1338.5089 1332.243 1320.4732 1312.6816 1309.3753 1306.0689 1302.7626 1300.1013 1299.6742 1290.673 1280.6656 1270.6582 1260.6507
-9999 1312.8952 1323.8993 1334.9034 1340.4269 1325.0746 1309.7222 1304.3655 1310.5451 1316.7247 1301.5039 1277.9818 1254.4597 1241.0469 1247.8783 1254.7097 1269.634 1289.2239 1308.8138 1320.7258 1314.9248 1309.1238 1303.3227 1294.8099 1286.2145 1280.9068 1284.4109 1287.915 1290.81 1293.3283 1295.8466 1300.7604 1310.2921 1319.8237 1328.7945 1329.7209 1330.6474 1332.6043 1336.0354 1339.4665 1342.0213 1344.3608 1346.7002 1351.3044 1357.5368 1363.5445 1357.2786 1351.0128 1344.7469 1332.9771 1320.256 1310.6778 1307.3715 1304.0651 1301.4038 1300.9767 1300.5496 1293.3665 1283.3591 1273.3516
-9999 1333.9599 1344.964 1342.6861 1327.3337 1311.9814 1296.629 1291.2723 1297.4519 1303.6315 1309.811 1303.3819 1279.8598 1266.4469 1273.2784 1280.1098 1286.9412 1298.3601 1317.9499 1329.862 1324.061 1317.5748 1308.9793 1300.3839 1291.7885 1286.4808 1289.985 1293.4891 1296.9932 1300.138 1302.6564 1307.5702 1317.1018 1323.8912 1324.8176 1325.7441 1326.6705 1328.6274 1332.0585 1335.4896 1338.9207 1341.7291 1344.0685 1348.6727 1354.9051 1361.1375 1367.3698 1363.5166 1357.2508 1345.4809 1332.7599 1320.0388 1308.674 1305.3677 1302.7063 1302.2792 1301.8521 1301.425 1296.0599 1286.0525
-9999 1355.0246 1344.9453 1329.5929 1314.2405 1298.8882 1283.5358 1278.1791 1284.3587 1290.5383 1296.7178 1302.8974 1305.2599 1291.847 1298.6784 1305.5098 1312.3413 1319.1727 1327.0861 1338.9982 1331.7442 1323.1488 1314.5534 1305.958 1297.3626 1292.0549 1295.559 1299.0631 1302.5672 1306.0714 1309.4661 1314.38 1318.9878 1319.9143 1320.8407 1321.7672 1322.6937 1324.6505 1328.0816 1331.5127 1334.9438 1338.3749 1341.4369 1346.0411 1352.2734 1358.5058 1364.7382 1370.9705 1369.7546 1357.9848 1345.2638 1332.5427 1319.8216 1307.1006 1304.0089 1303.5818 1303.1547 1302.7275 1302.3004 1298.7534
-9999 1349.155 1333.8026 1318.4503 1303.0979 1287.7455 1272.3932 1269.4399 1275.6195 1281.7991 1287.9786 1294.1582 1300.3378 1300.7153 1307.2654 1314.0968 1320.9282 1327.7597 1334.5911 1336.7577 1328.1623 1319.5669 1310.9715 1302.376 1293.7806 1294.1936 1298.1955 1301.6996 1305.2037 1308.7079 1312.212 1314.8357 1315.7621 1316.6886 1317.615 1318.5415 1319.4679 1320.1758 1323.6069 1327.038 1330.4691 1333.9002 1338.9186 1337.6992 1343.9316 1350.1639 1356.3963 1362.6286 1368.861 1358.9329 1346.2118 1333.4908 1320.7697 1308.0487 1309.2689 1308.8418 1308.4147 1307.9876 1307.5605 1308.1609
-9999 1341.1122 1325.7599 1310.4075 1295.0551 1281.2687 1270.5138 1267.6203 1273.7999 1279.9795 1286.159 1290.1345 1285.7895 1284.6496 1289.9283 1295.9639 1302.7953 1309.6267 1316.4581 1318.6247 1310.0293 1301.4339 1292.8385 1285.4165 1286.8217 1289.3754 1295.0076 1299.6676 1303.1717 1306.6759 1310.18 1312.8037 1313.7301 1314.6566 1315.583 1315.9506 1314.4069 1314.91 1318.341 1321.7721 1325.2032 1336.0007 1359.5658 1355.5394 1331.6778 1332.7471 1338.9795 1345.2119 1351.4442 1341.5161 1328.7951 1316.074 1303.3529 1312.6972 1320.8184 1320.3913 1319.9642 1319.5371 1323.4474 1336.6609
-9999 1333.0695 1317.7171 1302.3647 1290.204 1279.4491 1268.6942 1265.8007 1271.9803 1278.1599 1278.4138 1274.0688 1269.7238 1268.584 1273.8627 1279.1414 1284.6623 1291.4937 1298.3252 1300.4917 1291.8963 1283.3009 1279.1932 1280.5984 1282.0035 1284.5573 1290.1895 1295.8217 1301.1397 1304.6439 1308.148 1310.7717 1311.6981 1312.6246 1312.2283 1310.6847 1309.1411 1309.6441 1313.0752 1316.5063 1333.0827 1356.6478 1380.2129 1376.1865 1352.3249 1328.4634 1321.5627 1327.7951 1334.0274 1324.0993 1311.3783 1303.0685 1313.6576 1324.2467 1332.3679 1331.9408 1331.5137 1338.7339 1351.9474 1365.161
-9999 1325.0267 1309.8941 1299.1392 1288.3843 1277.6295 1266.8746 1263.9811 1270.1607 1266.6932 1262.3482 1258.0032 1253.6582 1252.5183 1257.797 1263.0757 1268.3544 1273.6331 1280.1922 1282.3588 1273.7634 1272.9699 1274.3751 1275.7802 1277.1854 1279.7391 1285.3713 1291.0036 1296.6358 1302.268 1306.116 1308.7397 1309.6661 1308.5061 1306.9624 1305.4188 1303.8752 1304.3782 1307.8093 1330.1648 1353.7299 1377.2949 1400.86 1396.8336 1372.9721 1349.1105 1325.2489 1310.3783 1316.6107 1306.6826 1304.0289 1314.618 1325.2071 1335.7962 1343.9175 1343.4904 1354.0204 1367.2339 1380.4474 1393.661
-9999 1318.8293 1308.0745 1297.3196 1286.5647 1275.8099 1265.055 1259.3176 1254.9726 1250.6276 1246.2825 1241.9375 1237.5925 1236.4527 1241.7314 1247.0101 1252.2888 1257.5674 1262.8461 1265.3415 1266.7466 1268.1518 1269.5569 1270.9621 1272.3672 1274.921 1280.5532 1286.1854 1291.8177 1297.4499 1303.0821 1306.3275 1304.7838 1303.2402 1301.6966 1300.1529 1298.6093 1303.6817 1327.2468 1350.8119 1374.377 1397.9421 1421.5071 1417.4807 1393.6192 1369.7576 1345.8961 1322.0345 1299.1939 1304.9893 1315.5784 1326.1675 1336.7566 1347.3457 1356.0933 1369.3068 1382.5204 1395.7339 1408.9475 1422.161
-9999 1309.1899 1298.4351 1287.6802 1276.9253 1266.1705 1251.8479 1240.8754 1236.5304 1232.1854 1227.8403 1223.4953 1233.0639 1247.4192 1242.4575 1247.7362 1253.0149 1258.2936 1263.5723 1267.6797 1269.0848 1270.49 1271.8951 1273.3003 1278.2364 1282.2486 1272.1514 1277.7836 1283.4159 1289.0481 1294.6803 1297.8615 1296.3179 1294.7743 1293.2306 1291.687 1296.6372 1312.9387 1336.5038 1360.0688 1383.6339 1407.199 1420.9982 1412.6596 1390.3374 1366.4758 1342.6143 1318.7527 1294.8912 1300.4036 1310.9927 1321.5818 1332.1709 1340.3556 1344.5033 1357.7168 1370.9304 1384.1439 1397.3575 1416.7677
