P1_models/J1_p1__temp2_slide_100.dat.tif
NCOLS 118
NROWS 92
XLLCORNER 139.62
YLLCORNER -39.07
DX 0.099491525
DY 0.099347826
NODATA_VALUE -9999
[rows 27 to 53 of 92, columns 0 to 59 of 118]
-9999 782.16593 778.24955 773.38783 762.89653 752.40523 741.91393 734.15247 729.54161 724.93075 720.31989 717.49486 715.15991 714.55051 717.39663 720.24275 723.08888 723.37549 722.63594 725.67292 737.42254 749.17216 754.86276 759.8118 764.76084 774.56798 797.39606 820.22414 843.05222 853.19893 858.23624 860.74463 858.37808 856.01153 854.53838 853.09255 851.64672 851.01958 851.56369 852.10781 852.65193 856.70881 861.10119 866.04735 871.39162 876.73588 880.70687 876.4811 872.25532 865.82354 859.01051 852.19747 853.13343 862.64482 870.28695 871.4542 872.62145 873.7887 881.05213 889.4247
-9999 784.82296 778.01507 767.52377 757.03247 746.54117 736.04987 728.28842 723.67755 719.06669 714.45583 709.84497 706.34628 705.73688 708.583 711.42912 714.27524 717.12136 718.39315 721.43014 732.05284 737.00188 741.95092 746.89996 751.849 761.65615 784.48423 807.3123 830.14038 852.96846 867.62524 870.13363 867.97317 866.52734 865.08151 863.63568 862.18985 861.56271 862.10682 862.65094 863.19505 863.73917 866.90226 871.84842 877.19268 882.53695 887.88122 893.22548 889.64584 883.21406 876.40103 869.58799 862.77495 860.61305 868.25519 869.42243 870.58968 871.75693 872.92418 878.82027
-9999 783.75718 773.26588 762.77458 752.28328 741.79198 731.30068 723.14236 718.5315 713.92064 709.30978 704.69891 700.08805 698.45221 701.29833 704.14445 706.99057 709.83669 712.68281 716.16483 721.11387 726.06291 731.01195 735.96099 740.91003 751.12965 773.95773 796.78581 819.61389 842.44196 865.27004 879.80695 878.36111 876.91528 875.46945 874.02362 872.57779 870.19507 870.73919 871.2833 871.82742 872.37154 872.91565 876.40906 881.75332 887.09759 892.44185 897.78612 903.13038 898.61057 891.79753 884.9845 878.17146 871.35842 867.79702 868.96427 870.13152 871.29877 872.46602 873.63327
-9999 788.18598 777.69468 767.20338 756.71208 746.22078 739.01802 730.20538 719.29626 714.6854 710.07454 705.46368 700.85282 699.91098 706.31658 709.44667 712.29279 715.13891 717.98503 721.46704 726.41608 731.36512 736.31416 741.2632 755.29131 771.91816 784.29659 805.89622 828.72429 851.55237 874.38045 888.91735 887.47152 886.02569 884.57986 883.13403 876.77506 869.69293 863.64153 864.18564 864.72976 865.27387 865.81799 869.84968 876.10233 881.4466 886.79086 892.13513 897.4794 895.77745 890.77869 883.96565 877.15262 870.33958 867.85904 880.38573 882.62778 883.79503 884.96228 886.12953
-9999 792.61478 782.12348 771.63218 761.85875 755.01896 748.17916 739.36652 728.27696 717.18741 710.83931 706.22845 701.61759 700.67575 707.08135 713.48694 717.595 720.44112 723.28724 726.76925 731.71829 736.66733 741.61638 759.28849 777.50041 794.12726 806.50569 818.88412 837.8347 860.66278 883.49086 898.02776 896.58193 895.1361 893.35769 885.77576 878.19383 871.1117 864.74458 858.37747 857.6321 858.17621 858.72033 862.75202 869.29088 875.79561 881.13988 886.48414 891.82841 890.12646 887.20674 882.94681 876.13377 869.32073 866.84019 879.36689 891.89358 896.2913 897.45855 898.6258
-9999 797.04358 786.55228 777.85969 771.01989 764.18009 757.3403 748.52766 737.4381 726.34855 715.259 706.99321 702.38235 701.44052 707.84611 714.25171 720.6573 725.74334 728.58946 732.07147 737.02051 745.07374 763.28567 781.49759 799.70951 816.33636 828.71479 841.09322 853.47165 869.77319 892.60126 907.13817 905.69234 902.35839 894.77646 887.19454 879.61261 872.53047 866.16335 859.79624 853.42913 851.07855 851.62266 855.65435 862.19322 868.73208 875.27094 880.83315 886.17742 884.47547 881.55575 878.63603 875.11493 868.30189 865.82135 878.34804 890.87474 903.40143 909.95481 911.12206
-9999 801.47238 793.86063 787.02083 780.18103 773.34123 766.50143 757.68879 746.59924 735.50969 724.42013 713.33058 703.14712 702.20528 708.61088 715.01648 721.42207 727.82767 733.89167 737.37368 749.07092 767.28284 785.49477 803.70669 821.91862 838.54546 850.92389 863.30232 875.68076 888.05919 901.71167 916.24857 911.35909 903.77716 896.19524 888.61331 881.03138 873.94924 867.58213 861.21501 854.8479 848.48078 844.525 848.55669 855.09555 861.63442 868.17328 874.71214 880.52643 878.82448 875.90476 872.98504 870.06532 867.1456 864.8025 877.3292 889.85589 902.38259 914.90928 923.61833
-9999 811.38668 804.54688 797.70708 790.86729 784.02749 777.18769 761.51526 750.04832 738.95877 727.86922 716.77966 705.69011 708.13232 718.20665 724.61225 731.01784 737.42344 743.82903 753.80469 772.01661 790.22853 808.44046 826.65238 844.86431 853.36892 864.74257 877.121 889.49943 901.87787 914.2563 919.81692 912.235 904.65307 897.07114 889.48921 881.90728 877.00283 870.57287 864.20575 857.83864 851.47152 845.10441 841.56171 848.10057 854.63944 861.1783 867.71716 874.25602 876.4599 873.54018 870.62046 867.70073 864.78101 863.4888 874.09422 886.62092 899.14761 911.6743 924.201
-9999 824.58828 817.74848 810.90868 804.06889 796.11121 785.39288 769.58101 747.89055 732.9871 721.89755 710.80799 699.71844 702.16066 731.70102 748.77277 755.17837 761.58397 767.98956 777.96521 796.17714 814.38906 832.60099 849.89822 854.21217 859.42784 867.06036 877.10156 889.48 901.85843 914.23686 919.79749 912.21556 904.63363 897.0517 890.40795 888.16855 883.82586 876.47413 869.7891 863.42198 857.05487 850.68776 845.99453 842.50465 847.81381 854.35267 860.89153 867.4304 872.83514 876.59577 873.67605 870.75633 867.83661 866.5444 870.88969 879.73093 892.25762 904.78432 917.31101
-9999 837.78988 830.95008 824.11028 814.8953 804.17696 793.45862 777.64676 755.9563 734.26584 715.92588 704.83633 693.74677 696.18899 725.72935 755.26971 779.3389 785.74449 792.15009 802.12574 820.33767 838.54959 851.64319 855.95714 860.27109 865.48677 873.11928 880.7518 889.46056 901.83899 914.21742 919.77805 912.19612 904.61419 899.47039 897.23099 894.99159 890.6489 883.29716 875.94542 869.00533 862.63822 856.2711 851.57788 848.088 844.59811 847.52704 854.06591 860.60477 866.00951 871.21825 876.42699 873.81192 870.8922 869.59999 873.94528 878.29058 885.36763 897.89433 910.42102
-9999 850.99147 844.15168 833.67938 822.96104 812.24271 801.52437 785.7125 764.02205 742.33159 720.64113 698.95067 687.7751 690.21732 719.75768 749.29804 778.8384 808.37876 816.31062 826.28627 844.49819 853.38816 857.70211 862.01606 866.33001 871.54569 879.17821 886.81072 894.44324 902.07576 914.19799 919.75861 912.17668 908.53283 906.29343 904.05403 901.81462 897.47193 890.1202 882.76846 875.41672 868.22157 861.85445 857.16123 853.67134 850.18146 846.69158 847.24028 853.77914 859.18388 864.39262 869.60136 874.81009 873.94779 872.65558 877.00088 881.34617 885.69146 891.00434 903.53103
-9999 863.1818 852.46346 841.74513 831.02679 820.30846 809.59012 793.77825 772.08779 750.39734 728.70688 707.01642 685.32596 684.24565 713.78601 743.32637 772.86673 802.40709 831.94745 850.4468 855.13312 859.44708 863.76103 868.07498 872.38893 877.60461 885.23713 892.86964 900.50216 908.13468 915.7672 919.83467 917.59527 915.35587 913.11646 910.87706 908.63766 904.29497 896.94323 889.5915 882.23976 874.88802 867.53628 862.74458 859.25469 855.76481 852.27493 848.78504 846.95351 852.35826 857.56699 862.77573 867.98447 873.1932 875.71118 880.05647 884.40176 888.74706 893.09235 897.43764
-9999 865.77354 855.05521 844.33687 833.61853 822.9002 818.2755 809.65912 787.96866 766.27821 744.58775 722.89729 705.49627 706.05712 728.52254 758.0629 787.60326 817.14362 846.68398 868.59626 872.91021 877.22416 881.53811 885.85207 885.38889 879.84529 896.15613 903.78865 911.42116 919.05368 926.6862 930.94679 928.70739 926.46799 924.22859 921.98918 915.15641 903.47654 896.1248 888.77307 881.42133 874.06959 867.47018 866.25955 864.7099 861.22001 857.73013 854.24025 850.75036 854.67728 859.88601 865.09475 870.30349 876.71973 888.811 893.1563 897.50159 901.84688 906.19217 901.96736
-9999 866.5139 855.79556 845.07723 834.35889 834.08784 836.79955 828.18317 806.49271 784.80226 763.1118 750.0217 741.62951 742.19036 760.6802 779.80323 809.34359 838.88395 868.42431 890.33658 894.65054 898.96449 903.27844 896.91782 881.73375 876.19015 896.48541 916.3514 923.98391 931.61643 939.24895 943.50954 941.27014 939.03074 936.79133 926.45872 911.75354 900.07366 892.72192 885.37019 878.01845 871.79195 865.87975 864.66912 866.83838 866.63188 863.14199 859.65211 856.16223 860.08914 865.29788 870.50661 878.88916 893.21665 905.30793 909.65322 913.99851 918.3438 910.45088 897.78525
-9999 867.25426 856.53592 847.18846 849.90017 852.61189 855.3236 846.70722 825.01676 803.32631 794.54713 786.15494 777.76274 778.3236 796.81343 815.30327 833.79311 860.62428 890.16464 912.07691 916.39086 920.70482 908.44674 893.26268 878.07861 872.53501 892.83027 913.12553 933.42079 944.17918 951.8117 956.07229 953.83289 951.59349 937.76103 923.05584 908.35066 896.67078 889.31905 882.02591 876.11371 870.20152 864.28932 863.07869 865.24795 867.41722 868.55386 865.06398 861.57409 865.50101 870.70974 881.05859 895.38608 909.71357 921.80485 926.15014 930.49543 918.93439 906.26877 893.60314
-9999 867.99461 863.00079 865.71251 868.42422 871.13594 873.84765 865.23127 847.46475 839.07256 830.68036 822.28817 813.89598 814.45683 832.94667 851.43651 869.92634 888.41618 911.90497 933.81724 935.15974 919.97567 904.79161 889.60754 874.42348 868.87988 889.17514 909.4704 929.76566 950.06092 964.37445 968.63504 963.76852 949.06333 934.35815 919.65296 904.94778 893.2679 886.34768 880.43548 874.52329 868.61109 862.69889 861.48826 863.65752 865.82679 867.99605 870.16532 866.98596 870.91287 883.22803 897.55552 911.88301 926.2105 938.30177 940.08354 927.41791 914.75228 902.08666 889.42103
-9999 880.07791 882.78962 885.50134 888.21305 890.92477 893.63648 888.10083 879.70864 871.31645 862.92426 854.53207 846.13987 845.46874 863.95858 882.44842 900.93825 919.42809 937.91793 946.22528 931.04121 915.85715 900.67308 885.48902 870.30495 863.64716 883.94242 904.23768 924.53294 944.8282 965.12345 973.46371 958.75852 944.05334 929.34815 914.64297 899.93778 892.04021 886.12801 880.21581 874.30362 868.39142 862.47922 861.85897 864.02823 866.1975 868.36676 870.53603 872.70529 884.66339 898.99088 913.31837 927.64586 941.97335 950.70732 938.04169 925.37607 912.71044 900.04482 887.37919
-9999 909.40581 912.11753 914.82924 917.54096 920.25267 897.41288 883.50237 882.6189 874.22671 865.83452 857.44232 849.05013 846.8615 857.09586 874.83499 893.32483 911.81466 930.3045 938.61185 923.42779 908.24372 893.05966 877.87559 868.22402 864.21142 868.82681 887.10673 907.40199 927.69725 947.99251 956.33276 941.62758 926.92239 912.21721 897.51202 887.27293 886.21896 896.24669 890.3345 884.4223 878.5101 872.5979 873.80996 879.18998 881.35924 883.52851 885.69777 887.86704 896.86607 909.21737 923.54486 937.87235 952.19984 961.2097 951.79993 939.47627 926.81065 914.14502 901.47939
-9999 938.73371 941.44543 944.15714 941.04263 915.73558 890.42852 876.51801 875.76057 875.00313 868.74477 860.35258 851.96039 849.77176 860.00612 870.24048 885.7114 904.20124 922.69107 930.99843 915.81436 900.6303 885.44623 877.97959 870.74788 866.73528 871.35067 875.96607 890.27104 910.5663 930.86156 939.20181 924.49663 909.79144 895.44486 886.24206 877.03926 875.98529 886.58937 897.19345 894.54098 888.62878 882.71658 883.92864 890.26224 896.52099 898.69026 900.85952 903.02878 912.02782 922.20722 933.77134 948.09883 962.42632 971.43618 962.02642 952.61665 940.91085 928.24522 915.5796
-9999 968.06161 970.77333 959.36532 934.05827 908.75121 883.44416 869.53364 868.7762 868.01876 867.26132 863.26284 854.87065 852.68202 862.91638 873.15074 883.3851 896.58781 915.07765 923.385 908.20094 894.96686 887.73515 880.50345 873.27174 869.25913 873.87453 878.48992 883.10532 893.43535 913.73061 922.07087 907.36568 894.41398 885.21118 876.00839 866.80559 865.75162 876.3557 886.95978 897.56386 898.74746 892.83527 894.04732 900.38092 906.71452 913.04811 916.02127 918.19053 927.18957 937.36897 947.54837 958.32532 972.65281 981.66267 972.2529 962.84313 953.43337 942.34543 929.6798
-9999 997.38951 977.68802 952.38096 927.0739 901.76685 876.45979 862.54928 861.79184 861.0344 860.27696 859.51952 857.7809 855.59227 865.82664 876.061 886.29536 896.52972 907.46422 915.77158 904.72243 897.49072 890.25901 883.0273 875.7956 871.78299 876.39839 881.01378 885.62918 890.24457 896.59967 904.93992 893.38311 884.18031 874.97751 865.77472 856.57192 855.51795 866.12203 876.72611 887.33019 897.93427 902.95395 904.16601 910.4996 916.8332 923.16679 929.50039 933.35228 942.35131 952.53072 962.71012 972.88952 983.06893 991.88915 982.47938 973.06962 963.65985 954.25009 943.78001
-9999 988.24129 962.93424 937.62718 912.32013 887.01307 861.70601 864.55925 863.80181 863.04437 862.28693 861.52949 860.77205 862.65998 869.41509 879.64945 889.88381 900.11817 910.35253 915.30542 908.07371 900.842 893.61029 886.37859 879.14688 867.54802 870.65028 875.26568 879.88107 884.49647 889.11186 889.00742 879.80462 870.60182 861.39902 852.19623 842.99343 854.97982 865.5839 876.18799 886.79207 897.39615 907.18059 909.9468 916.28039 922.61399 928.94758 935.28118 941.61478 951.22746 961.40687 971.58627 981.76568 991.94508 992.11062 982.70085 973.29109 963.88132 954.47156 945.60905
-9999 961.14009 935.83303 910.52598 885.21892 870.8338 877.59335 880.86333 880.10589 879.34845 878.59101 879.98919 889.52471 892.8966 883.92545 884.3157 894.55007 904.78443 915.01879 919.97167 912.73997 905.50826 898.27655 889.71482 871.14804 857.12268 855.26944 856.37149 860.98688 865.60228 870.21767 870.11323 860.91043 851.70763 842.50483 839.13752 855.72461 869.85021 880.45429 891.05837 901.66245 908.46291 908.67081 911.24503 915.52038 921.50085 927.83445 934.16804 940.50164 950.11433 960.29373 970.47313 980.65254 979.7364 976.43177 967.022 957.61223 948.20247 941.1028 938.95805
-9999 934.03889 908.73183 883.42477 880.37833 887.13788 893.89744 897.16741 896.40997 895.65253 900.69028 910.22581 919.76134 923.13323 914.16208 905.19092 899.21632 909.45068 919.68505 924.63793 917.40622 910.17452 897.85626 879.28948 860.7227 846.69734 844.8441 842.99086 842.09269 846.70809 851.32348 851.21904 842.01624 832.81344 837.42081 854.0079 870.59499 884.72059 895.32467 905.92875 909.74522 909.95312 910.16103 912.73525 917.01059 921.28594 926.72131 933.05491 939.3885 949.00119 959.18059 967.14178 965.59967 964.05755 960.75291 951.34315 941.93338 936.59655 934.45179 932.30704
-9999 906.93768 883.16331 889.92286 896.68241 903.44197 910.20152 913.4715 912.71406 921.39137 930.9269 940.46243 949.99796 953.36985 944.3987 935.42755 926.45639 917.48524 924.3513 929.30419 922.07248 905.99769 887.43092 868.86414 850.29736 836.272 834.41876 832.56552 830.71228 828.85904 832.42929 832.32485 823.12205 835.7041 852.29119 868.87828 885.46537 899.59097 910.19505 911.02754 911.23544 911.44334 911.65124 914.22547 918.50081 922.77615 927.0515 931.94177 938.27536 947.88805 953.00505 951.46293 949.92081 948.37869 945.07406 935.66429 932.09029 929.94554 927.80079 925.65603
-9999 892.70784 899.46739 906.22694 912.9865 919.74605 926.5056 932.55693 942.09246 951.62799 961.16352 970.69905 980.23458 983.60647 974.63532 965.66417 956.69302 947.72187 938.75071 932.70591 914.13913 895.57235 877.00558 858.4388 839.87202 825.84666 823.99342 822.14018 820.28694 818.4337 816.58046 817.4003 833.98739 850.57448 867.16157 883.74866 900.33576 912.10195 912.30985 912.51775 912.72566 912.93356 913.14146 915.71569 919.99103 924.26637 928.54172 932.81706 937.16223 938.86832 937.3262 935.78408 934.24196 932.69984 929.72879 927.58404 925.43929 923.29453 921.14978 919.00503
-9999 899.85661 906.61616 913.37572 920.13527 926.89482 933.57861 941.55903 951.09456 960.63008 970.16561 979.70114 982.12406 983.24881 992.84765 983.8765 974.90535 965.9342 956.96305 945.09032 926.52355 907.95677 889.38999 870.82322 858.46153 851.67221 836.37376 834.52052 832.66728 830.81404 828.9608 833.40618 849.99327 866.58036 883.16745 899.75454 912.78802 918.52403 918.73193 918.93983 919.14774 919.35564 918.39701 919.18855 922.60579 926.88113 931.15648 935.43182 939.70716 939.0223 937.48018 935.93807 934.39595 932.70085 930.57651 928.43175 926.287 924.14225 921.99749 934.18214
