P1_models/J1_p1__temp2_slide_25.dat.tif
NCOLS 118
NROWS 92
XLLCORNER 139.62
YLLCORNER -39.07
DX 0.099491525
DY 0.099347826
NODATA_VALUE -9999
[rows 0 to 26 of 92, columns 0 to 59 of 118]
-9999 -9999 -9999 -9999 -9999 -9999 -9999 -9999 -9999 -9999 -9999 -9999 -9999 -9999 -9999 -9999 -9999 -9999 -9999 -9999 -9999 -9999 -9999 -9999 -9999 -9999 -9999 -9999 -9999 -9999 -9999 -9999 -9999 -9999 -9999 -9999 -9999 -9999 -9999 -9999 -9999 -9999 -9999 -9999 -9999 -9999 -9999 -9999 -9999 -9999 -9999 -9999 -9999 -9999 -9999 -9999 -9999 -9999 -9999 -9999
-9999 302.34822 303.4573 304.56639 305.67548 306.78456 308.20035 307.96617 304.81919 301.4293 298.03941 294.64952 291.25963 288.08569 286.05073 284.82583 283.60092 282.37601 281.15111 279.49995 276.86541 274.23088 271.59634 268.96181 266.85856 268.27554 271.22274 275.44978 279.67682 283.90386 288.1309 290.10124 287.72136 285.34149 282.96162 280.58175 277.31607 271.76077 269.00662 268.14893 267.29125 266.43356 265.57587 266.45095 268.06235 269.51108 270.95982 272.40856 273.85729 275.46624 275.28858 275.11092 274.93325 274.75559 274.41706 273.80063 273.57855 273.35647 273.13439 272.91231
-9999 307.48802 308.59711 309.70619 310.81528 312.46961 314.46547 314.23129 311.42334 308.43291 305.04302 301.65313 298.26324 295.0893 292.34781 289.93644 288.71154 287.48663 286.26172 284.61057 281.97603 279.3415 276.70696 275.55305 276.74347 278.16045 280.18468 282.63097 286.85801 291.08505 295.31209 297.28243 294.90256 292.52269 290.14281 286.11457 280.38116 274.82585 269.52536 265.85338 264.99569 264.138 263.28032 264.1554 266.27614 268.01238 269.46112 270.90985 272.35859 274.05025 275.78389 275.83885 275.66118 275.48352 275.14499 274.24921 273.52163 273.29955 273.07747 272.85539
-9999 312.62782 313.73691 314.84599 316.73886 318.73473 320.73059 320.49641 317.68847 314.88052 312.04663 308.65674 305.26685 302.09291 299.35142 296.60993 293.86844 292.59725 291.37234 289.72118 287.08665 284.45211 284.24753 285.43795 286.62837 288.04535 290.06958 292.09381 294.11804 298.26624 302.49328 304.46362 302.08375 299.70388 294.91306 289.17965 283.44624 277.89094 272.59044 267.28995 262.70013 261.84245 260.98476 261.85984 263.98058 266.10132 267.96241 269.41115 270.85989 272.55154 274.28518 276.01882 276.38911 276.21145 275.87291 274.97714 274.08136 273.24263 273.02055 272.79847
-9999 317.76762 319.01225 321.00812 323.00398 324.99985 326.99572 326.76153 323.95359 321.14564 318.3377 315.52975 312.27046 309.09652 306.35503 303.61354 300.87205 298.13056 296.48296 294.8318 292.19727 292.94202 294.13244 295.32285 296.51327 297.93025 299.95448 301.97871 304.00294 306.02717 309.67448 311.64481 309.26494 303.71156 297.97815 292.24474 286.51133 280.95603 275.65553 270.35503 265.05454 259.75404 258.68921 259.56429 261.68503 263.80577 265.92651 267.91245 269.36118 271.05284 272.78648 274.52012 276.25376 276.93938 276.60084 275.70507 274.80929 273.91351 273.01773 272.74156
-9999 323.28151 325.27738 327.27324 329.26911 331.26497 333.26084 333.02665 330.21871 327.41077 324.60282 321.79488 318.98693 316.10012 313.35864 310.61715 307.87566 305.13417 302.39268 300.44609 301.63651 302.82692 304.01734 305.20775 306.39817 307.81515 309.83938 311.86361 313.88784 315.91208 317.93631 318.24347 312.51006 306.77665 301.04324 295.30983 289.57642 284.02112 278.72062 273.42012 268.11963 262.81913 257.51863 257.26873 259.38947 261.51021 263.63095 265.75169 267.86248 269.55414 271.28778 273.02142 274.75506 276.4887 277.32877 276.433 275.53722 274.64144 273.74566 272.84988
-9999 325.31217 327.30803 329.3039 331.29976 333.29563 335.10732 334.70387 331.89592 329.08798 326.28003 323.47209 320.87136 318.91034 317.36444 314.62295 311.88146 309.13997 306.39848 304.84594 306.03636 307.22677 308.41719 309.60761 311.00449 311.7627 310.61721 312.64144 314.66567 316.6899 318.71413 318.0886 312.35519 306.62178 300.88837 295.15496 290.06823 285.28423 279.98373 274.68323 269.38273 264.08224 258.89014 254.94152 254.64297 256.76371 258.88445 261.00519 263.12593 264.91661 266.65025 268.38389 270.11753 271.58969 271.92613 271.03035 270.13457 269.23879 268.34301 270.66024
-9999 326.67196 328.66783 330.6637 332.65956 334.37773 336.05767 335.65422 332.84628 330.03834 327.23039 324.76542 322.41611 320.4551 319.27164 318.08819 315.41232 312.67083 309.92935 308.37681 309.56722 310.75764 311.94805 313.49738 315.24263 316.00084 314.11354 312.22623 314.00067 316.0249 318.04913 317.42361 311.6902 305.95679 300.22338 295.46885 291.04586 286.26185 280.96135 275.66086 270.36036 265.20727 260.07471 256.12609 253.02858 251.6289 253.74965 255.87039 257.99113 259.78181 261.51545 263.24909 264.52361 265.21578 265.55223 264.65645 263.76067 262.86489 266.16167 270.42772
-9999 328.03176 330.02763 331.96821 333.64815 335.32809 337.00803 336.60458 333.79664 331.00878 328.65948 326.31017 323.96087 321.99985 320.8164 319.63295 318.44949 316.2017 313.46021 311.90767 313.09809 314.2885 315.99027 317.73552 319.48077 320.23897 318.35167 316.46437 314.57706 315.35991 317.38414 316.75861 311.0252 305.29245 300.86946 296.44647 292.02348 287.23947 281.93898 276.65696 271.5244 266.39183 261.25927 257.31065 254.21315 251.11564 248.61484 250.73558 252.85632 254.64701 256.38065 257.45753 258.1497 258.84188 259.17832 258.28254 257.39704 261.6631 265.92915 270.19521
-9999 329.39156 331.23863 332.91857 334.59851 336.27845 337.95839 337.55494 334.90284 332.55353 330.20423 327.85492 325.50562 323.5446 322.36115 321.1777 319.99425 318.81079 316.99107 315.43853 316.73791 318.48316 320.22841 321.97366 323.7189 324.47711 322.58981 320.7025 318.8152 316.9279 316.71914 316.09362 310.69306 306.27007 301.84708 297.4241 293.00111 288.2171 282.97408 277.84152 272.70896 267.5764 262.44384 258.49521 255.39771 252.30021 249.20271 246.1052 247.72152 249.5122 250.39145 251.08362 251.7758 252.46798 252.80442 252.89847 257.16453 261.43058 265.69664 269.96269
-9999 330.08219 331.76213 333.44207 335.12201 336.80194 338.48188 338.10012 335.75081 333.40151 331.0522 328.7029 326.3536 324.67362 323.49017 322.30672 321.12327 319.93982 318.75636 318.45851 320.20375 321.949 323.69425 325.4395 327.18474 327.83919 325.95188 324.06458 322.17728 320.28997 318.40267 315.64926 311.22627 306.80328 302.38029 297.9573 293.53431 288.9122 283.77964 278.64708 273.51452 268.38195 263.24939 259.13398 256.03648 252.93898 249.84148 246.74397 243.64647 243.7802 244.47238 245.16456 245.85673 246.54891 248.42611 252.69216 256.95822 261.22427 265.49033 269.75638
-9999 327.80816 329.4881 331.16804 332.84797 334.52791 335.18201 334.38161 332.03231 329.683 327.3337 324.98439 323.10707 321.91377 321.80797 320.71115 319.5277 318.34425 317.1608 316.86294 318.60819 320.35343 322.09868 323.84393 325.66348 326.29718 323.66099 321.6852 319.79789 317.91059 316.02329 313.26988 308.84689 304.4239 300.00091 295.57792 291.61259 287.23385 282.10128 276.96872 271.83616 266.7036 261.3414 256.81675 253.09827 250.00077 246.90326 243.80576 240.70826 240.84199 241.53417 242.22634 242.91852 244.96466 248.39154 252.6576 256.92365 261.18971 265.45576 271.86412
-9999 325.53413 327.21407 328.89401 330.38019 330.92185 331.46351 330.66311 328.3138 325.9645 323.63912 321.90275 320.16638 318.97307 318.86728 318.76148 317.93213 316.74868 315.56523 315.26737 317.01262 318.75787 320.50311 322.34958 324.20327 324.83697 322.20078 319.5646 317.41851 315.53121 313.64391 310.8905 306.46751 302.04452 297.63791 293.78607 289.93423 285.55549 280.42293 275.29036 270.12034 264.74556 259.37079 254.84614 250.93263 247.06256 243.96505 240.86755 237.77005 237.90378 238.59596 239.28813 241.74548 244.9301 248.35698 252.62303 256.88909 261.34157 267.94994 274.5583
-9999 323.2601 324.94004 326.12003 326.66168 327.20334 327.745 326.9446 324.5953 322.4348 320.69843 318.96205 317.22568 316.03237 315.92658 315.82079 315.715 315.15311 313.96966 313.6718 315.41705 317.18199 319.03568 320.88937 322.74307 323.37677 320.74058 318.10439 315.4682 313.15183 311.26453 308.51112 304.08813 299.8114 295.95956 292.10772 288.25588 283.87713 278.74457 273.5245 268.14973 262.77496 257.40019 252.87554 248.96203 245.04852 241.13501 237.92934 234.83183 234.96557 235.65774 238.5263 241.71091 244.89553 248.32241 252.58847 257.42739 264.03575 270.64412 277.25249
-9999 320.98607 321.85986 322.40152 322.94318 323.48483 324.02649 323.22609 321.23047 319.4941 317.75773 316.02136 314.28499 313.09168 312.98589 312.88009 312.7743 312.66851 312.37409 312.07624 313.86809 315.72178 317.57547 319.42917 321.28286 321.91656 319.28037 316.64418 314.008 311.37181 308.88515 306.13174 301.98488 298.13304 294.2812 290.42936 286.57752 282.19877 276.92867 271.5539 266.17913 260.80435 255.42958 250.90493 246.99142 243.07792 239.16441 235.2509 231.89362 232.1225 235.30712 238.49173 241.67635 244.86097 248.28785 253.51321 260.12157 266.72994 273.33831 279.94668
-9999 317.47248 318.01414 318.5558 319.09746 319.63911 320.18077 319.60373 317.86736 316.13099 314.39461 312.65824 310.92187 309.72238 309.61565 309.50985 309.40406 309.29827 309.19248 309.6792 311.53289 313.38659 315.24028 317.09397 318.94767 320.53701 318.27222 315.63604 312.99985 310.36366 307.72747 304.67606 300.82422 296.97238 293.12054 289.2687 285.41686 282.3583 276.98353 271.60876 266.23398 260.85921 255.48444 251.37159 247.45808 243.54457 239.63107 235.71756 231.80405 234.08343 237.26805 240.45267 243.63729 246.8219 249.62874 255.5526 262.16096 268.76933 275.3777 281.98607
-9999 313.33116 313.87281 314.41447 314.95613 315.40379 315.31947 314.68598 313.41869 311.78631 310.04994 308.31357 306.5772 305.37771 305.25334 305.14151 305.03572 304.92992 304.82413 305.31086 307.16455 309.01824 310.87194 312.72563 314.57547 316.16338 317.05003 315.67831 313.04212 310.40594 307.76975 304.71833 300.86649 297.01465 293.16281 289.24769 283.89168 280.73299 280.7179 276.37005 270.99528 265.62051 260.24574 256.3786 253.58805 249.67455 245.76104 241.84753 237.93402 240.4079 243.8658 247.05042 250.23504 253.41966 256.22649 257.72472 262.67884 269.28721 275.89558 282.50395
-9999 309.18983 309.73149 310.27315 310.53552 310.4512 310.36688 309.73339 308.46609 307.1988 305.70527 303.9689 302.23253 301.03304 300.90867 300.78431 300.66737 300.56158 300.45579 300.94251 302.7962 304.6499 306.50274 308.35229 310.20184 311.78975 312.6764 313.56306 313.0844 310.44821 307.81202 304.76061 300.90877 297.05693 292.76049 287.40448 282.04846 278.88977 278.87468 278.85958 275.75658 270.38181 265.00703 261.1399 258.35658 255.57326 251.89101 247.9775 244.06399 246.53787 250.11565 253.64817 256.83279 260.01741 262.82424 264.32248 265.82071 269.80509 276.41346 283.02183
-9999 305.04851 305.59016 305.66725 305.58293 305.4986 305.41428 304.78079 303.5135 302.24621 300.97891 299.62423 297.88786 296.68836 296.564 296.43964 296.31527 296.19323 296.08744 296.57417 298.42786 300.27956 302.12911 303.97866 305.82821 307.41612 308.30277 309.18943 310.07608 310.49049 307.8543 304.80288 300.95104 296.27329 290.91727 285.56126 280.20524 277.04655 277.03146 277.01636 277.00127 275.1431 269.76833 265.90119 263.11787 260.33455 257.55124 254.10747 250.19397 252.66784 256.24563 259.82341 263.4012 266.61516 269.42199 270.92023 272.41847 273.9167 276.93133 283.5397
-9999 300.8833 300.79898 300.71466 300.63033 300.54601 300.46169 299.8282 298.5609 297.29361 296.02632 294.75902 293.49173 292.34369 292.21933 292.09497 291.9706 291.84624 291.72187 292.20582 294.05639 295.90594 297.75548 299.60503 301.45458 303.04249 303.92914 304.8158 305.70245 306.58911 307.47576 304.84516 299.78609 294.43007 289.07405 283.71804 278.36202 275.20333 275.18824 275.17314 275.15805 275.14295 274.52963 270.66249 267.87917 265.09585 262.31253 259.52921 256.32394 258.79781 262.3756 265.95338 269.53117 273.10896 276.01975 277.51798 279.01622 280.51445 282.01269 284.05758
-9999 297.59311 297.50879 297.42446 297.34014 297.25582 296.91798 295.61529 294.348 293.08071 291.81341 290.54612 289.27271 288.26346 288.0613 287.93693 287.81257 287.6882 287.56384 288.03636 289.8859 291.73545 293.585 295.43455 297.28409 299.69984 299.96867 300.85533 301.74198 302.62864 303.51529 302.26966 296.91364 291.55762 286.20161 280.84559 275.86704 274.47248 274.45739 274.44229 274.42719 274.4121 274.47583 273.98092 271.38689 268.60357 265.82025 263.03693 260.25361 262.89403 266.47181 270.0496 273.62739 277.20517 280.99329 282.49153 283.98976 285.488 286.98623 289.3633
-9999 295.5569 295.47258 295.38826 295.30393 294.59638 293.26303 291.96035 290.69306 289.42576 288.15847 286.85986 285.50743 284.49818 284.17615 283.91969 283.79532 283.67096 283.54659 284.01911 285.86866 287.71821 289.56775 291.87094 295.3815 297.79997 297.29138 297.20652 298.09317 298.97983 299.86648 298.62084 293.26483 287.90881 282.55279 278.33406 275.97527 274.58071 274.56561 274.55052 274.53542 274.66358 274.92586 274.43094 273.39169 271.16569 268.38237 265.59905 262.81573 265.45615 269.03393 272.61172 276.28122 280.85605 284.74166 286.2399 287.73813 289.23637 292.223 296.93339
-9999 293.5207 293.43637 293.35205 292.27479 290.94144 289.60809 288.30541 287.03811 285.77082 284.44701 283.09458 281.74215 280.73289 280.41087 280.08885 279.77808 279.65371 279.52935 280.00187 281.85141 283.70096 286.46051 289.97107 293.48163 295.9001 295.39152 294.88293 294.44436 295.33101 296.21767 294.97203 289.61601 284.26 280.80108 278.44229 276.08349 274.68893 274.67384 274.65874 274.85132 275.1136 275.37588 274.88097 273.84172 272.80247 270.94448 268.16116 265.37785 268.01826 271.59605 275.45475 280.02959 284.60442 288.49003 289.98827 291.48651 295.0827 299.79309 304.50348
-9999 291.48449 291.28655 289.9532 288.61985 287.2865 285.95315 284.65046 283.38317 282.03416 280.68173 279.3293 277.97686 276.96761 276.64559 276.32357 276.00155 275.67953 275.5121 275.98462 277.83417 281.05008 284.56064 288.0712 291.58176 294.00023 293.49165 292.98306 292.47447 291.96589 292.56885 291.32322 285.9672 283.2681 280.9093 278.55051 276.19172 274.79716 274.78206 275.03906 275.30134 275.56362 275.8259 275.33099 274.29174 273.25249 272.21324 270.72328 267.93996 270.58038 274.62829 279.20313 283.77796 288.35279 292.23841 293.73664 297.9424 302.65279 307.36318 312.07358
-9999 288.96495 287.6316 286.29825 284.9649 283.63156 282.29821 280.97374 279.62131 278.26888 276.91645 275.56401 274.21158 273.20233 272.88031 272.55829 272.23626 271.91424 271.59222 272.1291 275.63966 279.15022 282.66077 286.17133 289.68189 292.10037 291.59178 291.08319 290.5746 290.06602 289.55743 288.09391 285.73512 283.37632 281.01753 278.65874 276.29995 274.96453 275.22681 275.48909 275.75137 276.01365 276.27593 275.78102 274.74177 273.70252 272.66327 271.62402 270.50208 273.80183 278.37667 282.9515 287.52633 292.10117 296.09171 300.80211 305.5125 310.22289 314.93328 319.64367
-9999 287.11842 285.78507 284.45172 283.11837 281.78502 279.80073 277.35801 275.37656 274.02413 272.6717 271.31927 269.96684 269.19411 269.39529 269.07327 268.75125 268.42922 268.1072 268.9441 272.45466 275.96521 279.47577 282.98633 285.71979 287.9453 291.64169 291.13311 290.62452 290.11593 289.60734 288.46679 286.108 283.7492 281.39041 279.03162 276.87534 275.79421 275.9688 276.23108 276.49336 276.75564 277.01792 278.23995 278.48294 277.44369 276.40444 275.36519 274.32594 274.12871 278.02911 282.60394 287.17878 291.75361 295.788 298.52519 303.23558 307.94597 312.65636 317.36675
-9999 285.61848 284.28513 282.95178 281.61843 279.28494 276.77189 274.32917 271.96763 269.68749 268.33506 266.98263 265.6302 264.85748 265.24566 265.63384 265.31994 264.99792 264.6759 265.51279 269.02335 272.53391 276.04447 278.15263 279.38732 281.61283 286.49398 291.37514 291.04812 290.53953 290.03095 288.89039 286.5316 284.1728 281.81401 279.76854 277.84683 276.76571 276.88716 277.02904 277.29132 277.5536 277.81588 279.03791 280.94989 281.81563 280.77637 279.73712 278.69787 278.50065 278.44895 281.47138 286.04621 290.62104 294.65543 296.81777 299.07143 303.78182 308.49221 313.2026
