P1_models/J1_p1_vp_slide_diff2_5.dat.tif
NCOLS 118
NROWS 92
XLLCORNER 139.62
YLLCORNER -39.07
DX 0.099491525
DY 0.099347826
NODATA_VALUE -9999
[rows 50 to 74 of 92, columns 0 to 54 of 118]
-9999 0.064632119 0.053215059 0.041797998 0.040231468 0.043004183 0.045776898 0.043173814 0.034366367 0.025558921 0.012986458 -0.0025081237 -0.018002705 -0.02910999 -0.031431459 -0.033752928 -0.033771787 -0.021335346 -0.0088989054 0.001832733 0.0086313206 0.015429908 0.022674958 0.030468461 0.038261964 0.043983632 0.044152261 0.044320891 0.043643 0.038078219 0.032513439 0.030462161 0.035183792 0.039905424 0.043001672 0.044687969 0.046374266 0.048354816 0.050756335 0.053157855 0.052647486 0.050589041 0.048530596 0.051426906 0.057885128 0.06434335 0.065882859 0.063613754 0.061344649 0.062070657 0.063314301 0.06489416 0.067914439 0.070934717 0.072362986
-9999 0.073021491 0.062282658 0.065055372 0.067828087 0.070600801 0.073373516 0.070770432 0.061962985 0.047025968 0.031531386 0.016036804 0.00054222204 -0.010565062 -0.012886531 -0.015208 -0.017529469 -0.019850938 -0.01000277 0.00072886826 0.0075274558 0.015102229 0.022895731 0.030689234 0.038482737 0.044204405 0.044373034 0.044541664 0.044710294 0.044878924 0.040240492 0.038189214 0.042910846 0.045068515 0.046754812 0.048441109 0.050127406 0.052107956 0.054509475 0.052718975 0.05066053 0.048602085 0.046543639 0.04943995 0.055898172 0.062356394 0.068814615 0.072665445 0.07039634 0.071122348 0.073133302 0.07615358 0.079173859 0.082194137 0.083622406
-9999 0.087106561 0.089879276 0.092651991 0.095424705 0.09819742 0.10097013 0.096560059 0.081065477 0.065570895 0.050076313 0.034581731 0.01908715 0.0079798651 0.0056583962 0.0033369273 0.0010154584 -0.0013060106 -0.0036274795 -0.00026400409 0.0075294987 0.015323002 0.023116504 0.030910007 0.03870351 0.044425178 0.044593807 0.044762437 0.044931067 0.045099696 0.045268326 0.045449061 0.047135358 0.048821655 0.050507952 0.052194249 0.053880546 0.054848909 0.052790464 0.050732019 0.048673573 0.046615128 0.044556683 0.047452993 0.053911215 0.060369437 0.066827659 0.073285881 0.079448031 0.081372444 0.084392722 0.087413001 0.090433279 0.093453558 0.094392363
-9999 0.090691837 0.093464552 0.096237267 0.099009981 0.1017827 0.10738678 0.10421354 0.088718958 0.073224376 0.057729795 0.042235213 0.031162475 0.027082381 0.02644822 0.024126751 0.021805282 0.019483813 0.017162344 0.017899491 0.025692994 0.033486497 0.041279999 0.049073502 0.05442527 0.055603775 0.055911603 0.056080233 0.056248862 0.056417492 0.056586122 0.057273137 0.058959434 0.060645731 0.062332028 0.064018325 0.063560477 0.061224807 0.059166362 0.057107917 0.055049471 0.052991026 0.05138569 0.04989784 0.052516319 0.058974541 0.065432763 0.071890985 0.078349207 0.081876098 0.084896377 0.087916655 0.090936934 0.09277832 0.088371994
-9999 0.09025989 0.093032605 0.09580532 0.098578034 0.10571543 0.11321807 0.11004483 0.094550244 0.079055662 0.06356108 0.055554957 0.049520225 0.045440131 0.045274312 0.045108493 0.042970688 0.040649219 0.038327751 0.039064897 0.0468584 0.054651903 0.062445406 0.065891309 0.067383682 0.068562187 0.068899446 0.069236705 0.069423248 0.069591878 0.069760507 0.070447523 0.07213382 0.073820117 0.075506414 0.07386497 0.071335524 0.068999855 0.066941409 0.064882964 0.062824519 0.061396928 0.060024631 0.058536781 0.056965863 0.0576787 0.064136922 0.070595143 0.077053365 0.080580257 0.083600536 0.086620814 0.087504447 0.08608314 0.081676814
-9999 0.089827943 0.092600658 0.096541435 0.10404407 0.11154671 0.11904935 0.11587611 0.10038153 0.085982171 0.07994744 0.073912708 0.067877976 0.063797882 0.063632063 0.063466243 0.063300424 0.061814626 0.059493157 0.060230304 0.068023807 0.075817309 0.077357348 0.078849721 0.080342094 0.081520599 0.081857858 0.082195118 0.082532377 0.082766263 0.082934893 0.083621908 0.085308205 0.086698908 0.084169462 0.081640017 0.079110571 0.076774902 0.074716457 0.072780463 0.071408166 0.070035869 0.068663572 0.067175723 0.065604804 0.064033885 0.06284108 0.069299302 0.075757524 0.079284416 0.082304694 0.082230575 0.080809268 0.07938796 0.074981635
-9999 0.089395996 0.094870081 0.10237272 0.10987536 0.117378 0.12488064 0.1217074 0.11037465 0.10433992 0.09830519 0.092270458 0.086235726 0.082155632 0.081989813 0.081823994 0.081658175 0.081492355 0.080658563 0.08139571 0.087331015 0.088823387 0.09031576 0.091808133 0.093300506 0.094479011 0.09481627 0.09515353 0.095490789 0.095828048 0.096109279 0.096796294 0.097003401 0.094473955 0.09194451 0.089415064 0.086885619 0.084549949 0.082791701 0.081419404 0.080047108 0.078674811 0.077302514 0.075814664 0.074243745 0.072672827 0.071101908 0.069530989 0.074461683 0.077988575 0.076956703 0.075535396 0.074114088 0.072692781 0.068286455
-9999 0.086728074 0.094230714 0.10173335 0.10923599 0.11673863 0.12424127 0.13605953 0.1300248 0.12399006 0.11795533 0.1119206 0.10588587 0.099005774 0.098839955 0.098674136 0.098508316 0.098342497 0.098176678 0.098512271 0.10000464 0.10149702 0.10298939 0.10448176 0.10597414 0.10582756 0.1061899 0.10652716 0.10686442 0.10720168 0.10753894 0.10689702 0.10436758 0.10183813 0.099308687 0.096779242 0.094249796 0.090546418 0.089174121 0.087801824 0.086429527 0.08505723 0.083684933 0.081947084 0.080376165 0.078805246 0.077234327 0.075663409 0.07409249 0.072399136 0.070977828 0.069556521 0.068135213 0.066713906 0.066884608
-9999 0.063988461 0.0714911 0.07899374 0.08649638 0.097001451 0.12864302 0.1476401 0.15204382 0.14805431 0.14201958 0.13598485 0.12995012 0.12277737 0.11332567 0.1103751 0.11020928 0.11004346 0.10987764 0.11021324 0.11170561 0.11319798 0.11469036 0.11618273 0.11287477 0.11046379 0.11181283 0.11248803 0.11282529 0.11316255 0.11349981 0.11285789 0.11032845 0.107799 0.10526956 0.10264185 0.094378991 0.08902158 0.08782082 0.086477186 0.085104889 0.083732593 0.082360296 0.080364715 0.077947663 0.076376744 0.074805825 0.073234906 0.071663987 0.069463218 0.067445461 0.066024153 0.064602846 0.063181538 0.063352241
-9999 0.041248847 0.048751487 0.056254126 0.075294666 0.10693623 0.1385778 0.15757488 0.16197861 0.16638233 0.16608383 0.1600491 0.15401437 0.14684162 0.13738993 0.12793823 0.12191025 0.12174443 0.12157861 0.1219142 0.12340658 0.12489895 0.12513869 0.12132485 0.11751101 0.11510003 0.11644906 0.1177981 0.11878616 0.11912342 0.11946068 0.11881876 0.11628932 0.11375987 0.10935929 0.10109644 0.09283358 0.087476169 0.08627541 0.08507465 0.083780252 0.082407955 0.081035658 0.079040077 0.076596426 0.074152774 0.072377323 0.070806404 0.069235485 0.067034716 0.064725091 0.062491786 0.061070479 0.059649171 0.059819873
-9999 0.018509234 0.026011873 0.053587882 0.085229449 0.11687102 0.14851258 0.16750967 0.17191339 0.17631711 0.18072084 0.18411335 0.17807862 0.17090587 0.16145418 0.15200248 0.14255079 0.1334454 0.13327958 0.13361517 0.13510754 0.13358876 0.12977492 0.12596108 0.12214724 0.11973626 0.12108529 0.12243433 0.12378337 0.12508429 0.12542155 0.12477963 0.12225019 0.11607674 0.10781388 0.099551025 0.091288169 0.085930759 0.084729999 0.083529239 0.082328479 0.081083317 0.07971102 0.07771544 0.075271788 0.072828137 0.070384485 0.068377901 0.066806982 0.064606213 0.062296588 0.059986964 0.057677339 0.056116804 0.056287506
-9999 0.00023953027 0.031881097 0.063522664 0.095164232 0.1268058 0.15844737 0.17744445 0.18184817 0.18625189 0.19065562 0.19505934 0.19946306 0.19497012 0.18551843 0.17606673 0.16661504 0.15716334 0.14771165 0.14531614 0.14203884 0.138225 0.13441115 0.13059731 0.12678347 0.12437249 0.12572153 0.12707056 0.1284196 0.12976864 0.13111768 0.1307405 0.12279418 0.11453133 0.10626847 0.098005614 0.089742759 0.084385348 0.083184588 0.081983829 0.080783069 0.079582309 0.078381549 0.076390802 0.07394715 0.071503499 0.069059847 0.066616196 0.06437848 0.062177711 0.059868086 0.057558461 0.055248837 0.052939212 0.052755139
-9999 -0.031676895 -3.5327751e-05 0.031606239 0.063247806 0.094889374 0.14035865 0.17874334 0.18439745 0.18880117 0.19320489 0.19760862 0.20201234 0.20666141 0.20588993 0.19643823 0.18698654 0.17753484 0.16808315 0.16033625 0.15652241 0.15270857 0.14889473 0.14508089 0.14272353 0.14402241 0.14158988 0.14293892 0.14428796 0.145637 0.14698603 0.14505196 0.13678911 0.12852625 0.1202634 0.11200054 0.10188089 0.088067636 0.080869854 0.079669094 0.078468334 0.077267575 0.076066815 0.075158438 0.073237972 0.07079432 0.068350669 0.065907017 0.063463366 0.059922126 0.057593448 0.055283824 0.052974199 0.050664574 0.049349956
-9999 -0.081792354 -0.050150787 -0.01850922 0.013132348 0.070597413 0.13616396 0.17454865 0.18156199 0.18813885 0.19254257 0.1969463 0.20135002 0.20599909 0.21113949 0.21520393 0.20575224 0.19630054 0.18684885 0.17910195 0.17528811 0.17147427 0.16766043 0.16772104 0.17120324 0.17250212 0.16794911 0.16369158 0.16504062 0.16638965 0.16773869 0.16580462 0.15754177 0.14927891 0.14101605 0.12912353 0.11512727 0.10131401 0.087762581 0.077019819 0.075819059 0.074618299 0.07341754 0.072509163 0.071810977 0.070352774 0.067909123 0.065465471 0.06302182 0.059480581 0.055749648 0.053076094 0.050766469 0.048456845 0.047142226
-9999 -0.13190781 -0.10026625 -0.064730365 0.00083618084 0.066402727 0.13196927 0.17035396 0.1773673 0.18438064 0.19139397 0.19628398 0.2006877 0.20533677 0.21047717 0.21561756 0.22075796 0.21506624 0.20561455 0.19786765 0.19405381 0.19023997 0.19271855 0.19620075 0.19968295 0.20098183 0.19642882 0.19187582 0.18732282 0.18714231 0.18849135 0.18655728 0.17829442 0.17003157 0.15636617 0.14236991 0.12837364 0.11456039 0.10100896 0.087457525 0.073906094 0.071969024 0.070768264 0.069859888 0.069161701 0.068463515 0.067467577 0.065023925 0.062580274 0.059039035 0.055308102 0.05157717 0.04855874 0.046249115 0.044934497
-9999 -0.18202327 -0.1344916 -0.068925051 -0.0033585051 0.062208041 0.12777459 0.16615928 0.17317261 0.18018595 0.18719929 0.19421263 0.20002538 0.20467445 0.20981485 0.21495525 0.22009564 0.22523604 0.22438025 0.21663336 0.21423385 0.21771605 0.22119826 0.22468046 0.22816266 0.22946154 0.22490853 0.22035553 0.21580253 0.21124953 0.20924401 0.20730993 0.19760508 0.18360882 0.16961255 0.15561629 0.14162002 0.12780677 0.11425533 0.1007039 0.08715247 0.073601038 0.068118989 0.067210612 0.066512426 0.06581424 0.065116054 0.064417868 0.062138728 0.058597489 0.054866557 0.051135624 0.047404692 0.044041386 0.042726767
-9999 -0.21327022 -0.14770367 -0.082137129 -0.016570582 0.048995964 0.11456251 0.15697546 0.1639888 0.17100214 0.17801547 0.18502881 0.19204215 0.20471431 0.20985471 0.2149951 0.2201355 0.22527589 0.23041629 0.23505527 0.23853747 0.24201968 0.24550188 0.24898408 0.25246629 0.25309994 0.24854694 0.24399394 0.23944094 0.23488793 0.23033493 0.22255642 0.20856016 0.19456389 0.18056762 0.16657136 0.15257509 0.13905749 0.12550606 0.11195463 0.098403195 0.084851763 0.071300331 0.064376554 0.063678368 0.062980182 0.062281996 0.06158381 0.060885623 0.057601595 0.053870663 0.050139731 0.046408798 0.042677866 0.040666864
-9999 -0.27133351 -0.20576696 -0.14020041 -0.074633867 -0.00827781 0.07506673 0.12297643 0.12998976 0.1370031 0.14401644 0.15102978 0.17591702 0.1981215 0.21155286 0.21852747 0.22366786 0.22880826 0.23394865 0.23858764 0.24206984 0.24555204 0.24903425 0.25251645 0.26531239 0.2708826 0.25182744 0.24355239 0.23899939 0.23444639 0.22989339 0.22211487 0.20811861 0.19412234 0.18012608 0.16612981 0.15340136 0.14038213 0.1268307 0.11327926 0.099727833 0.086841132 0.081180408 0.071400057 0.059925228 0.059227042 0.058528856 0.05783067 0.057132483 0.053848455 0.050117523 0.046386591 0.042655658 0.040243255 0.039342226
-9999 -0.32939679 -0.26383025 -0.1982637 -0.12562138 -0.042276844 0.041067696 0.088977394 0.095990731 0.10300407 0.11523986 0.1418253 0.16841074 0.19061522 0.20404658 0.21747793 0.22720023 0.23234063 0.23748102 0.24212 0.24560221 0.24908441 0.2543415 0.26909941 0.28385732 0.28942752 0.27037237 0.25131721 0.23855784 0.23400484 0.22945184 0.22167333 0.20767706 0.1936808 0.18002045 0.16737322 0.154726 0.14170677 0.12815533 0.1146039 0.10398205 0.098321325 0.092660601 0.08288025 0.070138353 0.057396456 0.054775716 0.054077529 0.053379343 0.050095315 0.046364383 0.04263345 0.040695252 0.038918617 0.038017588
-9999 -0.38746008 -0.32189353 -0.24296496 -0.15962042 -0.076275878 0.0070686626 0.05497836 0.061991697 0.081148141 0.10773358 0.13431902 0.16090446 0.18310894 0.1965403 0.20997165 0.22340301 0.23587299 0.24101339 0.24565237 0.24913458 0.25812852 0.27288643 0.28764434 0.30240225 0.30797245 0.2889173 0.26986214 0.25080698 0.2335633 0.22901029 0.22123178 0.20723552 0.19399232 0.18134509 0.16869786 0.15605063 0.1430314 0.12947997 0.12112297 0.11546224 0.10980152 0.10414079 0.094360443 0.081618546 0.068876649 0.056134752 0.050324389 0.049626203 0.046342175 0.042923883 0.041147249 0.039370614 0.03759398 0.036692951
-9999 -0.44365307 -0.36030853 -0.27696399 -0.19361945 -0.11027491 -0.026930371 0.020979326 0.047056421 0.073641861 0.1002273 0.12681274 0.15339818 0.17560266 0.18903402 0.20246537 0.21589673 0.22932809 0.24275944 0.24918474 0.26191554 0.27667345 0.29143136 0.30618927 0.32094718 0.32651738 0.30746222 0.28840707 0.26935191 0.25029675 0.2312416 0.22079024 0.20796418 0.19531695 0.18266973 0.1700225 0.15737527 0.14435604 0.13826389 0.13260316 0.12694244 0.12128171 0.11562099 0.10584064 0.09309874 0.080356842 0.067614945 0.054873048 0.045873063 0.04337588 0.041599245 0.039822611 0.038045976 0.036269342 0.035368313
-9999 -0.50190857 -0.41856403 -0.33521949 -0.25187495 -0.16853041 -0.083826594 -0.013452184 0.023310889 0.04989633 0.07648177 0.10306721 0.12965265 0.15909174 0.18415533 0.19758669 0.21101805 0.2244494 0.23788076 0.25171324 0.26647115 0.28122906 0.29598697 0.31074488 0.32489806 0.33071912 0.31893088 0.29987573 0.28082057 0.26176541 0.24271026 0.22584384 0.21319661 0.20054938 0.18790215 0.17525493 0.16207048 0.14757792 0.13824474 0.13258402 0.12692329 0.12126257 0.11560184 0.1042983 0.090919271 0.078177374 0.065435477 0.05269358 0.039951682 0.026189648 0.024413013 0.022636379 0.020859745 0.01908311 0.020092493
-9999 -0.57393574 -0.4905912 -0.40724666 -0.32390212 -0.23769376 -0.1504348 -0.080060386 -0.029172917 0.016930915 0.043516355 0.070101795 0.096687236 0.12612632 0.16127999 0.19419983 0.20763119 0.22106255 0.2344939 0.24832639 0.2630843 0.27784221 0.29260012 0.30519404 0.31564065 0.32146171 0.31488515 0.30732681 0.28827166 0.2692165 0.25016134 0.23329493 0.2206477 0.20800047 0.19535324 0.18148286 0.16681208 0.15231952 0.13808194 0.12603609 0.12037537 0.11471464 0.10905392 0.097750376 0.082390281 0.068242591 0.055500694 0.042758797 0.0300169 0.015717651 0.0011492488 -0.0035553206 -0.005331955 -0.0071085894 -0.0060992068
-9999 -0.64596292 -0.56261837 -0.47881988 -0.39156092 -0.30430196 -0.217043 -0.14666859 -0.095781119 -0.04489365 0.0059938187 0.03713638 0.063721821 0.093160906 0.12831458 0.16346825 0.19862192 0.21767569 0.23110704 0.24493953 0.25969744 0.27445535 0.28549002 0.29593663 0.30638324 0.3122043 0.30562774 0.29905118 0.29247462 0.27666759 0.25761243 0.24074601 0.22809878 0.21545156 0.20089525 0.18622446 0.17155368 0.15706112 0.14282354 0.12858596 0.11434838 0.10816672 0.10250599 0.091202451 0.075842356 0.06048226 0.045565912 0.032824014 0.020082117 0.0057828681 -0.0087855338 -0.023353936 -0.031523655 -0.033300289 -0.032290906
-9999 -0.71799009 -0.63268704 -0.54542808 -0.45816912 -0.37091016 -0.2836512 -0.21327679 -0.16238932 -0.11150185 -0.060614383 -0.0097269141 0.030756406 0.060195491 0.095349163 0.13050284 0.16565651 0.20081018 0.22772019 0.24155267 0.25533938 0.26578599 0.2762326 0.28667921 0.29712582 0.30294689 0.29637033 0.28979377 0.28321721 0.27664066 0.26506352 0.2481971 0.23497841 0.22030763 0.20563685 0.19096606 0.17629528 0.16180272 0.14756514 0.13332756 0.11908998 0.1048524 0.09595807 0.084654526 0.069294431 0.053934336 0.03857424 0.023214145 0.010147335 -0.0041519145 -0.018720316 -0.033288718 -0.04785712 -0.059491989 -0.058482606
