P1_models/J1_p1_vp_slide_diff_260.dat.tif
NCOLS 118
NROWS 92
XLLCORNER 139.62
YLLCORNER -39.07
DX 0.099491525
DY 0.099347826
NODATA_VALUE -9999
[rows 54 to 80 of 92, columns 0 to 59 of 118]
-9999 8.4545156 8.433952 8.4133884 8.3928249 8.380195 8.3682292 8.3684513 8.3827401 8.3970289 8.4113177 8.4209997 8.4294691 8.430831 8.4179597 8.4050885 8.3967476 8.3888285 8.3809095 8.3768779 8.3818149 8.3867518 8.3916887 8.3981922 8.4053995 8.408434 8.4002841 8.3921342 8.3829465 8.3736355 8.3643244 8.3634178 8.3787121 8.3940065 8.4093009 8.4185514 8.4261892 8.4268391 8.4174918 8.4081446 8.3987974 8.3925041 8.3864785 8.3878059 8.3944193 8.3991717 8.399242 8.3993123 8.3993827 8.3976221 8.395545 8.3934679 8.3902107 8.3856803 8.3819999 8.3812638 8.3805277 8.3797917 8.36609 8.3501438
-9999 8.4549089 8.4343453 8.415905 8.4039391 8.3919732 8.3800073 8.3802294 8.3945182 8.4081332 8.4166026 8.4250719 8.4335413 8.4349031 8.4220319 8.4091607 8.3962895 8.3864507 8.3785316 8.3745001 8.379437 8.3843739 8.3915641 8.3987714 8.4059788 8.4090132 8.4008633 8.3927135 8.3845636 8.3757019 8.3663908 8.3654842 8.3807786 8.3955361 8.4031738 8.4108116 8.4184493 8.4190992 8.409752 8.4009975 8.394972 8.3889464 8.3829208 8.3842482 8.3908616 8.397475 8.4037803 8.4038506 8.4039209 8.4021603 8.4000833 8.396297 8.3917666 8.3872361 8.3835557 8.3828197 8.3810483 8.3651021 8.3491559 8.3332098
-9999 8.4553022 8.439649 8.4276831 8.4157172 8.4037513 8.3917854 8.3920076 8.4037361 8.4122054 8.4206748 8.4291441 8.4376134 8.4389753 8.4261041 8.4132329 8.4003617 8.3874904 8.3761538 8.3721222 8.3777287 8.384936 8.3921433 8.3993507 8.406558 8.4095925 8.4014426 8.3932927 8.3851428 8.376993 8.3684573 8.3675506 8.3801585 8.3877962 8.395434 8.4030717 8.4107095 8.4113594 8.4034654 8.3974398 8.3914142 8.3853886 8.3793631 8.3806905 8.3873039 8.3939173 8.4005307 8.407144 8.4084592 8.4066986 8.4023833 8.3978528 8.3933224 8.388792 8.3851116 8.3800604 8.3641142 8.3481681 8.3322219 8.3162757
-9999 8.4597257 8.4477598 8.4357939 8.423828 8.4118621 8.3998962 8.3935486 8.402018 8.4104873 8.4189566 8.427426 8.4358953 8.4419014 8.4290302 8.416159 8.4032878 8.3904166 8.3775454 8.3707456 8.3779529 8.3851603 8.3923676 8.3995749 8.4067822 8.4110008 8.4031137 8.3949638 8.3868139 8.3786641 8.3705142 8.3677569 8.3753946 8.3830323 8.3906701 8.3983078 8.4059456 8.4090229 8.4029973 8.3969717 8.3909461 8.3849206 8.378895 8.3748374 8.3814508 8.3880642 8.3946776 8.401291 8.4079044 8.4092323 8.4047019 8.4001714 8.395641 8.3911106 8.386215 8.3708306 8.3548845 8.3389383 8.3229921 8.3070459
-9999 8.4553109 8.443345 8.4313791 8.4194132 8.4086449 8.4063077 8.3986596 8.3848821 8.3889926 8.397462 8.4059313 8.4144006 8.4208922 8.4234231 8.4151708 8.4022996 8.3894284 8.3765572 8.3697574 8.3769647 8.3841721 8.3913794 8.3985867 8.4007035 8.4025207 8.4049729 8.4003641 8.3922143 8.3840644 8.3759145 8.3731572 8.3807949 8.3884327 8.3960704 8.4037041 8.4111022 8.4145752 8.4124329 8.4070562 8.4010306 8.395005 8.3889794 8.3793704 8.3677583 8.3743717 8.3809851 8.3875985 8.3942118 8.4040971 8.4096255 8.4050951 8.4005647 8.3960343 8.3911387 8.3849782 8.3719683 8.3560221 8.340076 8.3241298
-9999 8.4508961 8.4389302 8.4269643 8.4196007 8.4172634 8.4149262 8.4072781 8.3935007 8.3797232 8.3759673 8.3844366 8.392906 8.3993975 8.4019284 8.4044593 8.4013114 8.3884402 8.375569 8.3687692 8.3759766 8.3831839 8.3890628 8.3906431 8.3922234 8.3940405 8.3964928 8.398945 8.3976146 8.3894647 8.3813148 8.3785575 8.3861953 8.393833 8.4013925 8.4087907 8.4161888 8.4196618 8.4175195 8.4153772 8.4111151 8.4050895 8.3990639 8.3894549 8.3772698 8.3650847 8.3672925 8.3739059 8.3805193 8.3904045 8.4008552 8.4100188 8.4054884 8.400958 8.3960624 8.3899019 8.3837414 8.373106 8.3571598 8.3412136
-9999 8.4464813 8.4345154 8.4305564 8.4282192 8.425882 8.4235447 8.4158967 8.4021192 8.3883418 8.3745643 8.362942 8.3714113 8.3779028 8.3804337 8.3829646 8.3854955 8.387452 8.3745808 8.367781 8.3749884 8.3790025 8.3805827 8.382163 8.3837433 8.3855604 8.3880127 8.3904649 8.3929171 8.394865 8.3867152 8.3839578 8.3915956 8.399081 8.4064791 8.4138773 8.4212754 8.4247484 8.4226061 8.4204638 8.4183215 8.415174 8.4091484 8.3995394 8.3873543 8.3751692 8.3629841 8.3602133 8.3668267 8.376712 8.3871627 8.3976134 8.408064 8.4058816 8.4009861 8.3948256 8.3886651 8.3825046 8.3742437 8.3582975
-9999 8.4438494 8.4415122 8.439175 8.4368377 8.4345005 8.4321633 8.4245152 8.4107377 8.3969603 8.3831828 8.3694054 8.3556279 8.3564082 8.3589391 8.36147 8.3640009 8.3665318 8.3690627 8.3667929 8.3689421 8.3705224 8.3721026 8.3736829 8.3752631 8.3770803 8.3795325 8.3819848 8.384437 8.3868892 8.3893414 8.3893582 8.3967695 8.4041676 8.4115658 8.4189639 8.426362 8.4298351 8.4276927 8.4255504 8.4234081 8.4212657 8.4191234 8.4096238 8.3974387 8.3852536 8.3730685 8.3608834 8.3531342 8.3630194 8.3734701 8.3839208 8.3943715 8.4048222 8.4059097 8.3997493 8.3935888 8.3874283 8.3812678 8.3751073
-9999 8.4387833 8.436446 8.4341088 8.4317715 8.4294343 8.4260894 8.4255808 8.4205393 8.4067619 8.3929844 8.379207 8.3654295 8.35371 8.3502153 8.3527462 8.3552771 8.357808 8.3603389 8.3625823 8.3641626 8.3657429 8.3673231 8.3689034 8.3730334 8.384186 8.3867168 8.389169 8.3916212 8.3940734 8.3965256 8.4006672 8.4080653 8.4154635 8.4228616 8.4302597 8.4325795 8.4235666 8.4175809 8.4154386 8.4132962 8.4111539 8.4090116 8.4044302 8.3939986 8.3818135 8.3696285 8.3574434 8.3452583 8.3548277 8.365317 8.3757677 8.3862184 8.3966691 8.4065257 8.4093273 8.4031669 8.3970064 8.3908459 8.3846854
-9999 8.4277662 8.425429 8.4230918 8.4207545 8.4165355 8.4117262 8.4112175 8.4156725 8.4170779 8.4033005 8.389523 8.3757456 8.364026 8.3564275 8.3495759 8.3521068 8.3546377 8.3571686 8.359412 8.3609923 8.3625726 8.3641528 8.3725158 8.3868688 8.3980214 8.4005962 8.4031649 8.4056171 8.4080693 8.4105215 8.4146631 8.4220612 8.4294594 8.4368575 8.4343285 8.4260457 8.4170328 8.4069752 8.3987177 8.3965753 8.394433 8.3922907 8.3877093 8.3813745 8.3724923 8.3603072 8.3481221 8.335937 8.3455064 8.3588356 8.3700234 8.3804741 8.3909248 8.4007814 8.4085801 8.4147689 8.4086084 8.402448 8.3962875
-9999 8.4167492 8.414412 8.411791 8.4069816 8.4021723 8.3973629 8.3968543 8.4013092 8.4057641 8.4102191 8.3998391 8.3860616 8.3743421 8.3667436 8.3591451 8.3515466 8.3514674 8.3539983 8.3562417 8.357822 8.3594023 8.3719983 8.3863512 8.4007042 8.4118568 8.4144316 8.4170064 8.4195812 8.4220652 8.4245174 8.428659 8.4360571 8.4434553 8.4360774 8.4277947 8.4195119 8.410499 8.4004414 8.3903839 8.3803263 8.3777121 8.3755698 8.3709884 8.3646536 8.3583187 8.3509859 8.3388009 8.3266158 8.3361852 8.3495144 8.3628436 8.3747298 8.3851805 8.3950371 8.4028358 8.4106345 8.4184332 8.41405 8.4078895
-9999 8.4057322 8.4022371 8.3974277 8.3926184 8.387809 8.3829996 8.382491 8.3869459 8.3914009 8.3958558 8.4003108 8.3963777 8.3846581 8.3770596 8.3694611 8.3618626 8.3542641 8.350828 8.3530714 8.3571277 8.3714807 8.3858337 8.4001866 8.4145396 8.4256922 8.428267 8.4308418 8.4334166 8.4359914 8.4385133 8.4426549 8.4461092 8.4378264 8.4295437 8.4212609 8.4129782 8.4039652 8.3939077 8.3838501 8.3737925 8.363735 8.3588489 8.3542675 8.3479327 8.3415978 8.335263 8.3289282 8.3172945 8.3268639 8.3401931 8.3535223 8.3668515 8.3794362 8.3892928 8.3970915 8.4048902 8.4126889 8.4204876 8.4194916
-9999 8.3944935 8.3896842 8.3848748 8.3800654 8.3752561 8.3704467 8.3728956 8.3773505 8.3818055 8.3862604 8.3907154 8.3951703 8.3943739 8.3867754 8.3791769 8.3715784 8.3639799 8.3563814 8.3554207 8.3697737 8.3841267 8.3984796 8.4128326 8.4271856 8.4341173 8.4366921 8.4392669 8.4418418 8.4444166 8.4469914 8.4458576 8.4375748 8.4292921 8.4210093 8.4127266 8.4044438 8.3961838 8.3861263 8.3760687 8.3660111 8.3559536 8.345896 8.3426965 8.3363617 8.3300269 8.323692 8.3173572 8.3110224 8.3214539 8.3347831 8.3481123 8.3614415 8.3747707 8.3871355 8.3949342 8.4027329 8.4105316 8.4183304 8.4261291
-9999 8.390945 8.3861357 8.3813263 8.376517 8.3722873 8.3805304 8.3870149 8.3914699 8.3959248 8.4003797 8.4048347 8.3923615 8.3848672 8.3905641 8.385907 8.3783085 8.37071 8.3631115 8.3621508 8.3765037 8.3908567 8.4052097 8.4195627 8.4237567 8.4241175 8.4199402 8.4207821 8.4233569 8.4259317 8.4285065 8.4273727 8.41909 8.4108072 8.4025244 8.3942417 8.3891877 8.382197 8.3721394 8.3620819 8.3520243 8.3433392 8.3495735 8.3517441 8.3504057 8.3440709 8.3377361 8.3314013 8.3250664 8.335498 8.3488272 8.3621564 8.3754856 8.3897051 8.4028194 8.4106181 8.4184169 8.4262156 8.43361 8.4326325
-9999 8.3873965 8.3825872 8.3777778 8.3781635 8.3864066 8.3946497 8.4011342 8.4055892 8.4100441 8.4095529 8.3954715 8.38139 8.3738957 8.3795926 8.3852895 8.3850385 8.37744 8.3698415 8.3688808 8.3832338 8.3975868 8.4100038 8.4120578 8.4141118 8.4144726 8.4102953 8.406118 8.404872 8.4074468 8.4100216 8.4088878 8.4006051 8.3923223 8.3848951 8.380048 8.3752009 8.3682101 8.3581526 8.348095 8.3440861 8.3503205 8.3565548 8.3587254 8.3579745 8.3572236 8.3517801 8.3454453 8.3391105 8.349542 8.3628712 8.3762004 8.3907402 8.4053891 8.4185034 8.4263021 8.4341008 8.4393657 8.4383882 8.4374107
-9999 8.3838481 8.3790387 8.3840396 8.3922828 8.4005259 8.408769 8.4152535 8.4197085 8.4126629 8.3985814 8.3844999 8.3704185 8.3629242 8.368621 8.3743179 8.3800148 8.38417 8.3765715 8.3756108 8.3899638 8.3983049 8.4003589 8.4024129 8.4044669 8.4048277 8.4006504 8.3964731 8.3922958 8.3889619 8.3915367 8.390403 8.3821202 8.3757553 8.3709082 8.3660611 8.361214 8.3542233 8.3441657 8.3448331 8.3510674 8.3573018 8.3635361 8.3657066 8.3649557 8.3642048 8.3634539 8.3594893 8.3531545 8.363586 8.3771263 8.3917752 8.4064241 8.421073 8.4341873 8.441986 8.4451214 8.4441439 8.4431664 8.4421889
-9999 8.3816727 8.3899158 8.398159 8.4064021 8.4146452 8.4228883 8.4293729 8.4157728 8.4016914 8.3876099 8.3735284 8.3594469 8.3519526 8.3576495 8.3633464 8.3690433 8.3747402 8.380437 8.3823409 8.386606 8.38866 8.390714 8.392768 8.394822 8.3951828 8.3910055 8.3868282 8.3826509 8.3784736 8.3742963 8.3719181 8.3666156 8.3617685 8.3569214 8.3520743 8.3472272 8.3402364 8.34558 8.3518144 8.3580487 8.364283 8.3705174 8.3726879 8.371937 8.3711861 8.3704352 8.3696843 8.3671985 8.3781614 8.3928103 8.4074592 8.422108 8.4367569 8.4498712 8.4508771 8.4498996 8.4489221 8.4479446 8.4469671
-9999 8.3873432 8.3955863 8.4038294 8.4120725 8.4203156 8.4254852 8.4276356 8.4216852 8.4076037 8.3935223 8.3794408 8.3653593 8.3574404 8.3624546 8.3681515 8.3738484 8.3795453 8.3852422 8.3898375 8.3918915 8.3939455 8.3959995 8.3980535 8.3975526 8.3871052 8.3881944 8.3840172 8.3798399 8.3756626 8.3714853 8.3670792 8.3622321 8.357385 8.3525379 8.3476908 8.345247 8.3458491 8.3474645 8.3536988 8.3599332 8.3661675 8.3724018 8.3728155 8.3713298 8.3705789 8.369828 8.3690771 8.3683262 8.3744445 8.3890934 8.4037423 8.4183912 8.4330401 8.4443287 8.4437189 8.4427414 8.4417639 8.4407864 8.4398089
-9999 8.3882168 8.3964599 8.404703 8.4129461 8.4147136 8.4141056 8.416256 8.4215898 8.423102 8.4090205 8.394939 8.3808576 8.3729387 8.3773607 8.3819139 8.3876108 8.3933077 8.3990046 8.4035999 8.4056539 8.4077079 8.4097619 8.4026732 8.3865123 8.3760649 8.3809313 8.385086 8.3809087 8.3767315 8.3725542 8.3681481 8.363301 8.3584539 8.3536068 8.3542316 8.358437 8.3590391 8.354486 8.3526895 8.3589239 8.3651582 8.3713926 8.3718062 8.3680355 8.3656632 8.3649123 8.3641614 8.3634105 8.3692045 8.3761296 8.3890106 8.4036595 8.4183084 8.429597 8.4292463 8.4288063 8.4278288 8.4268513 8.4258738
-9999 8.3890903 8.3973335 8.4045501 8.4039421 8.403334 8.402726 8.4048763 8.4102102 8.4155441 8.420878 8.4104373 8.3963558 8.3884369 8.392859 8.3972811 8.4017031 8.4070701 8.4127669 8.4173623 8.4194163 8.4214703 8.4077939 8.391633 8.3754721 8.3650247 8.369891 8.3747573 8.3796236 8.3778003 8.3736231 8.369217 8.3643699 8.3595228 8.3632161 8.3674216 8.3716271 8.3722291 8.367676 8.3631229 8.3585698 8.3641489 8.3703833 8.370797 8.3670262 8.3632555 8.3599966 8.3592457 8.3584948 8.3642888 8.3712139 8.3781391 8.3889278 8.4035767 8.4148653 8.4145146 8.4141639 8.4138132 8.4129162 8.4119387
-9999 8.3899639 8.3937785 8.3931705 8.3925625 8.3919544 8.3913464 8.3934967 8.3988306 8.4041645 8.4094984 8.4148323 8.4118541 8.4039352 8.4083573 8.4127793 8.4172014 8.4216235 8.4265293 8.4311247 8.4290754 8.4129145 8.3967536 8.3805927 8.3644318 8.3539844 8.3588507 8.3637171 8.3685834 8.3734497 8.3746919 8.3702859 8.3679952 8.3722007 8.3764061 8.3806116 8.3848171 8.3854191 8.380866 8.3763129 8.3717598 8.3672067 8.369374 8.3697877 8.3660169 8.3622462 8.3584755 8.3547048 8.3535791 8.3593731 8.3662982 8.3732234 8.3801485 8.388845 8.4001336 8.3997829 8.3994322 8.3990815 8.3987308 8.3980036
-9999 8.3843662 8.3837582 8.3831501 8.3825421 8.3819341 8.381326 8.3839471 8.389281 8.3946149 8.3999488 8.4052827 8.4106166 8.4161083 8.4205303 8.4249524 8.4293745 8.4337965 8.4382186 8.4364167 8.4202558 8.4040949 8.387934 8.3717731 8.3556122 8.3550748 8.360158 8.3650243 8.3698906 8.3747569 8.3796232 8.3842638 8.3884693 8.3926747 8.3968802 8.4010857 8.4052911 8.3950452 8.3904921 8.385939 8.3813859 8.3768328 8.3722797 8.3690803 8.3653095 8.3615388 8.3577681 8.3539974 8.3502266 8.3537745 8.3606997 8.3676248 8.37455 8.3814751 8.3876184 8.3874251 8.3870744 8.3867237 8.386373 8.3860223
-9999 8.3794912 8.3788831 8.3782751 8.3776671 8.3780526 8.3846507 8.388072 8.3878271 8.3919926 8.3973265 8.4026603 8.4079942 8.4135646 8.4196086 8.4245385 8.4289606 8.4333827 8.4378047 8.4360028 8.4198419 8.403681 8.3875201 8.3713592 8.3636619 8.3672158 8.3988979 8.4130709 8.4179372 8.4228036 8.4276699 8.4323105 8.4365159 8.4407214 8.4449268 8.4483062 8.425151 8.4048743 8.3887159 8.3820746 8.3775215 8.3729684 8.3684153 8.3662511 8.3657449 8.3619741 8.3582034 8.3544327 8.3506619 8.3502285 8.3525161 8.3594413 8.3663664 8.3732915 8.3794349 8.3828702 8.3837024 8.3833517 8.383001 8.3826503
-9999 8.3746161 8.3740081 8.3734001 8.3765553 8.3831534 8.3897515 8.3931729 8.3929279 8.3926829 8.3947041 8.400038 8.4053719 8.4109423 8.4169862 8.4230302 8.4285467 8.4329688 8.4373909 8.4355889 8.419428 8.4032671 8.3896842 8.3827435 8.3758028 8.3793568 8.4110389 8.4427211 8.4659839 8.4708502 8.4757165 8.4803571 8.4845626 8.488768 8.4828729 8.4597176 8.4365624 8.4162858 8.4001273 8.3839689 8.3736571 8.369104 8.3645509 8.3623867 8.3619398 8.361493 8.3586387 8.354868 8.3510973 8.3506639 8.3508072 8.3512577 8.3581829 8.365108 8.3712513 8.3746866 8.3781219 8.3799798 8.379629 8.3792783
-9999 8.3697411 8.3691331 8.3750581 8.3816562 8.3882543 8.3948523 8.3982737 8.3980287 8.3977837 8.3975388 8.3974157 8.4027496 8.4083199 8.4143639 8.4204078 8.4264518 8.4324957 8.436977 8.4351751 8.4190142 8.4087659 8.4018252 8.3948845 8.3879438 8.3914978 8.4231799 8.4548621 8.4865442 8.5182264 8.5237632 8.5284037 8.5326092 8.5174395 8.4942843 8.4711291 8.4479739 8.4276972 8.4115388 8.3953803 8.3792219 8.3652396 8.3606865 8.3585223 8.3580754 8.3576286 8.3571818 8.3553033 8.3515326 8.3510992 8.3512426 8.3513859 8.3515293 8.3569244 8.3630678 8.3665031 8.3699384 8.3733737 8.3762571 8.3759064
-9999 8.3669628 8.3735608 8.3801589 8.386757 8.3933551 8.3999532 8.4033745 8.4031296 8.4028846 8.4026396 8.4023946 8.4021497 8.4056976 8.4117416 8.4177855 8.4238294 8.4298734 8.4359173 8.4347883 8.4278476 8.4209069 8.4139662 8.4070255 8.4000848 8.4036387 8.4353209 8.467003 8.4986852 8.5303673 8.5620495 8.5751614 8.5520062 8.528851 8.5056958 8.4825405 8.4593853 8.4391087 8.4229502 8.4067918 8.3906333 8.3744749 8.3583164 8.3546579 8.354211 8.3537642 8.3533174 8.3528705 8.3519679 8.3515345 8.3516779 8.3518213 8.3519646 8.352108 8.3548842 8.3583195 8.3617548 8.3651901 8.3686254 8.3720607
-9999 8.3622826 8.3688807 8.3754788 8.3820769 8.388675 8.4014837 8.4104228 8.4097257 8.4094807 8.4092357 8.4089907 8.4087458 8.4083196 8.4092122 8.4152562 8.4213001 8.4273441 8.433388 8.4355056 8.4285649 8.4216242 8.4146835 8.4077428 8.4034046 8.4112528 8.4400295 8.4717116 8.5033937 8.5350759 8.566758 8.5797095 8.5565543 8.5333991 8.5102439 8.4870887 8.4605453 8.4385815 8.4262542 8.4100957 8.3939373 8.3777788 8.3616204 8.3575611 8.3594067 8.3589599 8.3585131 8.3580662 8.3576194 8.3676338 8.3696671 8.3698105 8.3699539 8.3700972 8.3671374 8.3570213 8.3604566 8.3638919 8.3673272 8.3707625
