P1_models/J1_p1_vp_slide_diff2_80.dat.tif
NCOLS 118
NROWS 92
XLLCORNER 139.62
YLLCORNER -39.07
DX 0.099491525
DY 0.099347826
NODATA_VALUE -9999
[rows 48 to 71 of 92, columns 54 to 107 of 118]
-0.026140596 -0.019987045 -0.013833494 -0.0076799434 -0.0015263926 0.0043264526 0.0026007474 0.0068676902 0.011134633 0.015401576 0.019668519 0.023935461 0.011001973 -0.0025225429 -0.016047059 -0.029571575 -0.043096091 -0.048240669 -0.053437811 -0.058634954 -0.063832096 -0.069029239 -0.075923231 -0.080631647 -0.082569104 -0.084506561 -0.086444017 -0.088381474 -0.094400312 -0.10230482 -0.11020933 -0.11811384 -0.12601834 -0.13044455 -0.13507857 -0.14099907 -0.14691956 -0.15284006 -0.15883455 -0.1672369 -0.17563925 -0.1840416 -0.19244395 -0.19783204 -0.19226009 -0.18614174 -0.1800234 -0.17390505 -0.1676666 -0.15509329 -0.13990889 -0.12472449 -0.1095401 -0.095367024
-0.017575709 -0.011422159 -0.0052686078 0.00088494305 0.0057691607 0.0079307918 0.0049681858 -0.0014765554 0.0014281296 0.0056950724 0.0099620152 0.014228958 0.0012954699 -0.012229046 -0.025753563 -0.037969513 -0.041465645 -0.045707961 -0.050905104 -0.056102246 -0.061299389 -0.068912805 -0.077698245 -0.08588865 -0.091698065 -0.093635522 -0.095572979 -0.097510435 -0.10352927 -0.11143378 -0.11933829 -0.1272428 -0.13938048 -0.14461662 -0.13731789 -0.13962431 -0.14554481 -0.15146531 -0.15745979 -0.16586215 -0.1742645 -0.18266685 -0.18689021 -0.18644855 -0.18087659 -0.17475825 -0.1686399 -0.16225097 -0.15515473 -0.14258142 -0.12739703 -0.11221263 -0.09942171 -0.096859008
-0.009010823 -0.0028572722 0.0032962787 0.0072118688 0.0093734998 0.011535131 0.008572525 0.0021277837 -0.0043169575 -0.004011431 0.00025551183 0.0045224546 -0.0084110335 -0.02193555 -0.031940673 -0.035436806 -0.038932938 -0.043175254 -0.048372397 -0.053569539 -0.061895717 -0.070687819 -0.07947326 -0.087663665 -0.09585407 -0.10276448 -0.10470194 -0.1066394 -0.11265824 -0.12056274 -0.12916737 -0.14135996 -0.15355255 -0.1587887 -0.15148997 -0.14419123 -0.14417006 -0.15009055 -0.15608504 -0.16448739 -0.17288974 -0.17594838 -0.17550672 -0.17506505 -0.1694931 -0.16337475 -0.15683533 -0.1497391 -0.14264287 -0.13006956 -0.11488516 -0.1034764 -0.10091369 -0.098350991
-0.00044593654 0.0057076143 0.0086545769 0.010816208 0.012977839 0.01513947 0.012176864 0.0057321229 -0.00071261835 -0.0071573596 -0.0094509916 -0.0051840488 -0.018117537 -0.025911834 -0.029407966 -0.032904098 -0.03640023 -0.040642547 -0.046086525 -0.054878628 -0.063670731 -0.072462834 -0.081248274 -0.089438679 -0.097629085 -0.10581949 -0.1138309 -0.11576836 -0.1217872 -0.13114685 -0.14333945 -0.15553204 -0.16772463 -0.17296078 -0.16566204 -0.15836331 -0.15106457 -0.1487158 -0.15471029 -0.16311264 -0.16500655 -0.16456489 -0.16412322 -0.16368156 -0.1581096 -0.1514197 -0.14432347 -0.13722724 -0.130131 -0.11755769 -0.10753108 -0.10496838 -0.10240568 -0.099842975
0.0079356539 0.010097285 0.012258916 0.014420547 0.016582178 0.018743809 0.015781203 0.009336462 0.0028917208 -0.0035530204 -0.0099977617 -0.014890552 -0.019882994 -0.023379127 -0.026875259 -0.030371391 -0.033867523 -0.039069437 -0.04786154 -0.056653643 -0.065445745 -0.074237848 -0.083023289 -0.091213694 -0.099404099 -0.1075945 -0.11578491 -0.12397531 -0.13312634 -0.14531893 -0.15751152 -0.16970412 -0.18189671 -0.18713286 -0.17983412 -0.17253539 -0.16523665 -0.15793791 -0.15333553 -0.15406472 -0.15362306 -0.15318139 -0.15273973 -0.15229806 -0.14600407 -0.13890784 -0.1318116 -0.12471537 -0.11761914 -0.11158577 -0.10902307 -0.10646036 -0.10389766 -0.10133496
0.0070842198 0.0092458508 0.011407482 0.013569113 0.015730744 0.0090168294 0.01069736 0.011954872 0.0055101312 -0.00093461004 -0.0073793513 -0.013824092 -0.017418177 -0.020914309 -0.024410441 -0.027906573 -0.02973473 -0.033525165 -0.042317268 -0.051109371 -0.059901474 -0.068611248 -0.072226679 -0.094304809 -0.10249521 -0.11068562 -0.11887602 -0.12706643 -0.13799428 -0.15018687 -0.16237946 -0.17457205 -0.1833041 -0.1847114 -0.18211383 -0.17481509 -0.16751636 -0.16021762 -0.15312331 -0.15268165 -0.15223998 -0.15179832 -0.15135666 -0.157565 -0.1518604 -0.14476417 -0.13766793 -0.1305717 -0.11557327 -0.10758691 -0.10502421 -0.10246151 -0.099898806 -0.10889491
0.0054873115 0.0076489425 0.0098105736 0.011972205 0.0022528629 -0.0095232027 -0.0078426722 0.0029821835 0.0079635905 0.0015188493 -0.0049258919 -0.011370633 -0.014964717 -0.01846085 -0.021956982 -0.023084208 -0.022965904 -0.026756338 -0.035548441 -0.044340544 -0.052122503 -0.05552714 -0.059142571 -0.081583541 -0.10402451 -0.11399693 -0.12218733 -0.13037774 -0.14130558 -0.15349818 -0.16569077 -0.17290214 -0.17499128 -0.17639858 -0.17657729 -0.17510515 -0.16780641 -0.16050767 -0.15341337 -0.1529717 -0.15253004 -0.15208837 -0.15913244 -0.16649443 -0.16078983 -0.15369359 -0.14659736 -0.13001893 -0.11065577 -0.10266941 -0.10010671 -0.097544007 -0.10823757 -0.12555447
0.0038904031 0.0060520342 0.0072649622 -0.0045111035 -0.016287169 -0.028063235 -0.026382704 -0.015557849 -0.004732993 0.0039723087 -0.0024724326 -0.0089171738 -0.012511258 -0.01600739 -0.016433686 -0.016315382 -0.016197077 -0.019987512 -0.028779615 -0.035633757 -0.039038394 -0.042443031 -0.046058462 -0.068499433 -0.090940403 -0.11338137 -0.12549864 -0.13368904 -0.14461689 -0.15680948 -0.16250019 -0.16458932 -0.16667846 -0.16808576 -0.16826447 -0.16844318 -0.16809646 -0.16079773 -0.15370342 -0.15326175 -0.1533379 -0.16069989 -0.16806187 -0.17542385 -0.16971925 -0.16262302 -0.14446458 -0.12510142 -0.10573827 -0.097751911 -0.095189208 -0.10758022 -0.12489712 -0.14221402
0.0022934948 0.0005009957 -0.01127507 -0.023051136 -0.034827201 -0.046603267 -0.044922736 -0.034097881 -0.023273025 -0.01244817 -0.0016233139 -0.0064637144 -0.0099014684 -0.009783164 -0.0096648595 -0.009546555 -0.0094282506 -0.013218685 -0.019145012 -0.022549649 -0.025954285 -0.029358922 -0.032974353 -0.055415324 -0.077856294 -0.10029726 -0.12273824 -0.13700035 -0.1479282 -0.15209823 -0.15418737 -0.1562765 -0.15836563 -0.15977294 -0.15995165 -0.16013036 -0.16030907 -0.16048778 -0.15399347 -0.15490535 -0.16226733 -0.16962931 -0.17699129 -0.18435328 -0.17827339 -0.15891023 -0.13954708 -0.12018392 -0.10082077 -0.09283441 -0.10692287 -0.12423977 -0.14155667 -0.15887357
-0.003034188 -0.014336995 -0.026113061 -0.037889126 -0.049665192 -0.061441258 -0.060675977 -0.049851122 -0.039026266 -0.02820141 -0.017376555 -0.0065516991 -0.0047781756 -0.0046598711 -0.0045415666 -0.0044232622 -0.0043049577 -0.0057320662 -0.009136703 -0.01254134 -0.015945977 -0.019350614 -0.025467662 -0.043509215 -0.065950186 -0.088391156 -0.11083213 -0.1332731 -0.14179369 -0.14388282 -0.14597196 -0.14806109 -0.15015023 -0.15380088 -0.15397959 -0.1541583 -0.15433701 -0.15451572 -0.15490858 -0.16227056 -0.16963255 -0.17699453 -0.18435651 -0.1901526 -0.17485454 -0.15549138 -0.13612823 -0.11676507 -0.097401918 -0.10117332 -0.11849022 -0.13580712 -0.15312401 -0.17044091
-0.015471653 -0.019004313 -0.028306882 -0.040082947 -0.051859013 -0.063635079 -0.063890867 -0.056086191 -0.045261336 -0.03443648 -0.023611624 -0.012786769 -0.0077673737 -0.005156831 -0.0050385265 -0.0049202221 -0.0048019176 -0.0062290261 -0.0096336629 -0.0130383 -0.016442937 -0.024616956 -0.037853025 -0.043060374 -0.058067488 -0.080508458 -0.10294943 -0.1253904 -0.13391099 -0.13600013 -0.13808926 -0.14017839 -0.14971587 -0.15679602 -0.15607893 -0.15618102 -0.15635973 -0.15653844 -0.1569313 -0.16429328 -0.17165527 -0.17901725 -0.18352486 -0.18110311 -0.17178961 -0.15719111 -0.13782796 -0.1184648 -0.099101648 -0.099984661 -0.11266534 -0.12998224 -0.14729914 -0.16461604
-0.027909117 -0.031441777 -0.034974437 -0.042276768 -0.054052834 -0.065828899 -0.066084688 -0.058511961 -0.050939235 -0.04067155 -0.029846694 -0.019021838 -0.014002443 -0.0091825311 -0.0055354864 -0.005417182 -0.0052988775 -0.006725986 -0.010130623 -0.01353526 -0.023676349 -0.037002318 -0.050238387 -0.055445736 -0.060653085 -0.07262576 -0.095066731 -0.1175077 -0.12602829 -0.12811743 -0.13020656 -0.14138476 -0.15279212 -0.15987227 -0.15915518 -0.15843809 -0.15838245 -0.15856116 -0.15895402 -0.16631601 -0.17367799 -0.17689711 -0.17447537 -0.17205363 -0.16274013 -0.15269263 -0.13952769 -0.12016453 -0.10080138 -0.10168439 -0.11221935 -0.12415737 -0.14147427 -0.15879116
-0.040346582 -0.043879242 -0.047411902 -0.050944562 -0.056246654 -0.06802272 -0.068278508 -0.060705782 -0.053133056 -0.045560329 -0.036081763 -0.025256908 -0.020237513 -0.015417601 -0.010597689 -0.0059141419 -0.0057958374 -0.0072229459 -0.010627583 -0.022735743 -0.036061712 -0.04938768 -0.062623749 -0.067831098 -0.073038447 -0.078245796 -0.087184033 -0.109625 -0.1181456 -0.12164629 -0.13305365 -0.14446101 -0.15586837 -0.16294852 -0.16223143 -0.16151434 -0.16079725 -0.16058388 -0.16097675 -0.16833873 -0.17026937 -0.16784763 -0.16542589 -0.16300415 -0.15369065 -0.14364315 -0.13359566 -0.12186427 -0.10250111 -0.10338412 -0.11391908 -0.12445404 -0.13564939 -0.15296629
-0.052784047 -0.056316707 -0.059849367 -0.063382026 -0.066914686 -0.070447346 -0.070472329 -0.062899603 -0.055326876 -0.04775415 -0.040181424 -0.031491977 -0.026472582 -0.02165267 -0.016832758 -0.012012846 -0.0071929337 -0.008469168 -0.021795137 -0.035121105 -0.048447074 -0.061773042 -0.075009112 -0.08021646 -0.085423809 -0.090631158 -0.095838507 -0.10174231 -0.11331518 -0.12472254 -0.1361299 -0.14753726 -0.15894462 -0.16602477 -0.16530768 -0.16459059 -0.1638735 -0.16315641 -0.16299947 -0.16364163 -0.16121989 -0.15879815 -0.15637641 -0.15395467 -0.14464116 -0.13459367 -0.12454617 -0.11449868 -0.10420084 -0.10508385 -0.11561881 -0.12615377 -0.13668873 -0.14722369
-0.050872236 -0.059130702 -0.062663361 -0.066196021 -0.069728681 -0.073261341 -0.067390081 -0.058548326 -0.050975599 -0.043402873 -0.035830146 -0.02825742 -0.040381963 -0.035562051 -0.030742139 -0.025922227 -0.021102315 -0.024242478 -0.037568447 -0.050894415 -0.064220384 -0.077546352 -0.083897143 -0.091386291 -0.09659364 -0.10180099 -0.10700834 -0.11221569 -0.12166376 -0.13307112 -0.14447848 -0.15588584 -0.16746637 -0.17212578 -0.16745213 -0.16673504 -0.16601795 -0.16530086 -0.16453295 -0.16211121 -0.15968947 -0.15726773 -0.15484598 -0.13308833 -0.14270423 -0.13265674 -0.12260924 -0.11256174 -0.10251425 -0.1022884 -0.11223931 -0.12277427 -0.13330923 -0.14384419
-0.040354613 -0.051248046 -0.061292582 -0.064825242 -0.068357902 -0.071890562 -0.066019302 -0.053757682 -0.04377818 -0.036205454 -0.028632728 -0.021060001 -0.035511846 -0.050720482 -0.047988701 -0.043168789 -0.038348876 -0.04148904 -0.054815008 -0.068140977 -0.081098756 -0.086142608 -0.091219519 -0.09924886 -0.1072349 -0.11244225 -0.11764959 -0.12285694 -0.13230502 -0.14371238 -0.15511974 -0.16687297 -0.17926116 -0.18392057 -0.1746534 -0.16847429 -0.1677572 -0.16704011 -0.1662722 -0.16385046 -0.16142872 -0.15900697 -0.13357193 -0.10322702 -0.11551923 -0.13235243 -0.12376521 -0.11371771 -0.10367022 -0.10344437 -0.10790079 -0.11718607 -0.12772103 -0.13825599
-0.02983699 -0.040730423 -0.051623857 -0.062517291 -0.066987123 -0.070519782 -0.064648523 -0.052386903 -0.040125283 -0.029008035 -0.021435309 -0.013862582 -0.028314427 -0.043523064 -0.0587317 -0.06041535 -0.055595438 -0.058735602 -0.07206157 -0.083377281 -0.088421132 -0.093464984 -0.098541895 -0.10657124 -0.11460058 -0.12262992 -0.12829085 -0.1334982 -0.14294627 -0.15435363 -0.16627956 -0.17866776 -0.19105596 -0.19571537 -0.1864482 -0.17718103 -0.16949645 -0.16877936 -0.16801145 -0.16558971 -0.16316796 -0.13405554 -0.10371063 -0.073365712 -0.085657919 -0.10249112 -0.11932432 -0.11487368 -0.10482618 -0.10460034 -0.10905676 -0.11351318 -0.12213282 -0.13266778
-0.019319366 -0.0302128 -0.041106234 -0.051999667 -0.062893101 -0.069149003 -0.063277744 -0.051016124 -0.038754504 -0.026492884 -0.01423789 -0.0066651634 -0.021117008 -0.036325645 -0.051534281 -0.066742917 -0.072842 -0.075982163 -0.085655805 -0.090699657 -0.095743509 -0.10078736 -0.10586427 -0.11389361 -0.12192295 -0.1299523 -0.13798164 -0.14413946 -0.15358753 -0.16568616 -0.17807436 -0.19046256 -0.20285075 -0.20751016 -0.19824299 -0.18897583 -0.17970866 -0.17051861 -0.1697507 -0.16488407 -0.13453915 -0.10419424 -0.07384932 -0.043504405 -0.055796611 -0.072629812 -0.089463013 -0.10629621 -0.10598215 -0.1057563 -0.11021273 -0.11466915 -0.11912558 -0.12707958
-0.014664526 -0.025557959 -0.036451393 -0.047344827 -0.058238261 -0.069131694 -0.065493927 -0.053232308 -0.040970688 -0.028709068 -0.016447448 -0.0041858281 -0.018481909 -0.033690545 -0.048899182 -0.064107818 -0.079316455 -0.088792201 -0.093836053 -0.098879905 -0.10392376 -0.10896761 -0.11267581 -0.11953269 -0.12756204 -0.13559138 -0.14362072 -0.15165006 -0.1626608 -0.175049 -0.18743719 -0.19982539 -0.21221359 -0.21541051 -0.20614335 -0.19687618 -0.18760902 -0.17834185 -0.1684463 -0.13810138 -0.10775647 -0.077411554 -0.047066639 -0.019441507 -0.034542885 -0.051376085 -0.068209286 -0.085042487 -0.10187569 -0.10861031 -0.11306674 -0.11752316 -0.12197958 -0.12643601
-0.039170323 -0.050063757 -0.06095719 -0.071850624 -0.082060943 -0.078123921 -0.075929005 -0.07328953 -0.06102791 -0.04876629 -0.03650467 -0.02424305 -0.038539131 -0.053747768 -0.068956404 -0.08416504 -0.093989854 -0.10123938 -0.10628323 -0.11132708 -0.11637094 -0.11876042 -0.11736392 -0.11908287 -0.12482865 -0.13285799 -0.14088733 -0.14891667 -0.15992741 -0.17231561 -0.1847038 -0.197092 -0.19811453 -0.19566574 -0.19454262 -0.18540614 -0.17613898 -0.16687181 -0.15697626 -0.12663135 -0.096286432 -0.065941516 -0.042160016 -0.041000648 -0.056102025 -0.072935226 -0.089768427 -0.10638633 -0.11432843 -0.11991013 -0.12436656 -0.12882298 -0.13327941 -0.12963299
-0.06367612 -0.074569554 -0.085462987 -0.09207474 -0.088137718 -0.084200697 -0.08200578 -0.080994697 -0.079983615 -0.068823512 -0.056561892 -0.044300273 -0.058596354 -0.07380499 -0.088490571 -0.097463802 -0.10643703 -0.11368656 -0.11873041 -0.12377426 -0.12487993 -0.12344854 -0.12205203 -0.12377098 -0.12548993 -0.1301246 -0.13815394 -0.14618328 -0.15719402 -0.16958222 -0.18197041 -0.18025096 -0.17706648 -0.17461769 -0.17349457 -0.17237144 -0.16466894 -0.15540177 -0.14550622 -0.11516131 -0.084816394 -0.064878526 -0.063719157 -0.062559788 -0.077661166 -0.094494367 -0.10974405 -0.11768615 -0.12562826 -0.13120996 -0.13566638 -0.13964051 -0.13553927 -0.13143803
-0.088181917 -0.099075351 -0.10208854 -0.098151516 -0.094214494 -0.090277472 -0.088082555 -0.087071473 -0.08606039 -0.085049308 -0.076619115 -0.064357495 -0.078653576 -0.091964519 -0.10093775 -0.10991098 -0.11888421 -0.12613374 -0.13117759 -0.13099943 -0.12956804 -0.12813665 -0.12674015 -0.1284591 -0.13017805 -0.131897 -0.13542055 -0.14344989 -0.15446063 -0.16557187 -0.16238739 -0.15920291 -0.15601843 -0.15356964 -0.15244651 -0.15132339 -0.15020026 -0.14393174 -0.13403619 -0.10369127 -0.087597035 -0.086437666 -0.085278298 -0.084118929 -0.099220306 -0.11310177 -0.12104387 -0.12898598 -0.13692808 -0.14250978 -0.14554679 -0.14144555 -0.13734431 -0.13324307
-0.11268771 -0.11210233 -0.10816531 -0.10422829 -0.10029127 -0.096354247 -0.094159331 -0.093148248 -0.092137166 -0.091126083 -0.090115 -0.084414717 -0.095438466 -0.1044117 -0.11338493 -0.12235816 -0.13133139 -0.13855032 -0.13711893 -0.13568754 -0.13425615 -0.13282476 -0.13142826 -0.13314721 -0.13486616 -0.13658511 -0.13830406 -0.1407165 -0.14770829 -0.14452381 -0.14133933 -0.13815485 -0.13497037 -0.13252159 -0.13139846 -0.13027533 -0.12915221 -0.12802908 -0.12256615 -0.11031554 -0.10915618 -0.10799681 -0.10683744 -0.10567807 -0.11645949 -0.12440159 -0.1323437 -0.1402858 -0.1482279 -0.15145307 -0.14735183 -0.14325059 -0.13914935 -0.13504811
-0.12578616 -0.11636324 -0.11242621 -0.10848919 -0.10455217 -0.10061515 -0.10036819 -0.10006131 -0.099050227 -0.098039144 -0.097028062 -0.096016979 -0.099805433 -0.10877866 -0.1177519 -0.12672513 -0.13569836 -0.14010738 -0.13867599 -0.13724461 -0.13581322 -0.13438183 -0.13181963 -0.13390337 -0.13562232 -0.13734127 -0.13906022 -0.14077917 -0.13914425 -0.13595977 -0.13277529 -0.12959081 -0.12653589 -0.12949387 -0.13381492 -0.13269179 -0.13156866 -0.13044554 -0.12932133 -0.12816196 -0.12700259 -0.12584322 -0.12468385 -0.12165646 -0.11729619 -0.12523829 -0.1331804 -0.1411225 -0.1490646 -0.15091748 -0.14695848 -0.14285724 -0.138756 -0.13465476
