P1_models/J1_p1_vp_slide_diff_120.dat.tif
NCOLS 118
NROWS 92
XLLCORNER 139.62
YLLCORNER -39.07
DX 0.099491525
DY 0.099347826
NODATA_VALUE -9999
[rows 54 to 80 of 92, columns 0 to 59 of 118]
-9999 8.0716385 8.066626 8.0616134 8.0566008 8.0526258 8.0487376 8.0445827 8.04012 8.0356572 8.0311944 8.0338001 8.0382667 8.0388173 8.0315262 8.0242352 8.028869 8.0346135 8.0403579 8.0473686 8.0573003 8.0672321 8.0771638 8.0792263 8.0777528 8.0800124 8.0922775 8.1045426 8.1075385 8.1094327 8.1113269 8.1092382 8.0994717 8.0897052 8.0799387 8.0730736 8.0669829 8.0632955 8.0630464 8.0627974 8.0625483 8.0626923 8.0628707 8.0629865 8.0630574 8.0622426 8.0591997 8.0561568 8.053114 8.0533144 8.0540753 8.0548362 8.0546078 8.0533121 8.0524453 8.0530639 8.0536825 8.0543011 8.0442173 8.0322808
-9999 8.0680316 8.063019 8.0582841 8.0543959 8.0505078 8.0466196 8.0424647 8.0380019 8.034573 8.0390395 8.043506 8.0479725 8.0485232 8.0412321 8.033941 8.02665 8.027341 8.0330855 8.0400961 8.0500279 8.0599596 8.0585724 8.0570989 8.0556255 8.0578851 8.0701502 8.0824153 8.0946804 8.100588 8.1024822 8.1003935 8.0906269 8.0811181 8.0750274 8.0689367 8.0628459 8.0591585 8.0589095 8.0587367 8.0589151 8.0590935 8.0592719 8.0593877 8.0594586 8.0595295 8.0594537 8.0564108 8.0533679 8.0535684 8.0543293 8.0536574 8.0523617 8.051066 8.0501991 8.0508178 8.0505818 8.0386453 8.0267088 8.0147723
-9999 8.0644246 8.0600542 8.056166 8.0522779 8.0483897 8.0445015 8.0403466 8.0398123 8.0442788 8.0487453 8.0532118 8.0576784 8.058229 8.0509379 8.0436469 8.0363558 8.0290647 8.025813 8.0328236 8.039392 8.0379185 8.0364451 8.0349716 8.0334981 8.0357577 8.0480228 8.0602879 8.072553 8.0848182 8.0936374 8.0915487 8.0830719 8.0769812 8.0708904 8.0647997 8.058709 8.0550216 8.0549595 8.0551379 8.0553163 8.0554947 8.0556731 8.055789 8.0558598 8.0559307 8.0560016 8.0560724 8.0536219 8.0538223 8.052707 8.0514113 8.0501156 8.0488199 8.047953 8.0450097 8.0330732 8.0211368 8.0092003 7.9972638
-9999 8.060211 8.0563228 8.0524347 8.0485465 8.0446583 8.0407702 8.0395895 8.044056 8.0485226 8.0529891 8.0574556 8.0619221 8.0650594 8.0577683 8.0504773 8.0431862 8.0358951 8.0286041 8.0230721 8.0215987 8.0201252 8.0186517 8.0171783 8.0157048 8.0141708 8.0262567 8.0385219 8.050787 8.0630521 8.0753172 8.0813126 8.0752218 8.0691311 8.0630403 8.0569496 8.0508589 8.0517741 8.0519525 8.0521309 8.0523093 8.0524877 8.0526661 8.0514421 8.0515129 8.0515838 8.0516547 8.0517255 8.0517964 8.0496059 8.0483102 8.0470145 8.0457188 8.0444231 8.0422084 8.0306473 8.0187108 8.0067743 7.9948378 7.9829014
-9999 8.0509694 8.0470813 8.0431931 8.0393049 8.0355665 8.0328818 8.0311851 8.0306284 8.0341107 8.0385772 8.0430437 8.0475103 8.0509179 8.0522052 8.0474867 8.0401956 8.0329045 8.0256135 8.0200816 8.0186081 8.0171346 8.0156611 8.0141877 8.0072241 8.0031003 8.0081385 8.0179898 8.0302549 8.04252 8.0547851 8.0607804 8.0546897 8.048599 8.0425082 8.0365435 8.0378061 8.0417934 8.049679 8.0511452 8.0513236 8.051502 8.0516804 8.049075 8.0446109 8.0446818 8.0447527 8.0448235 8.0448944 8.0404791 8.0365682 8.0352725 8.0339768 8.0326811 8.0304664 8.0250685 8.0150939 8.0031574 7.9912209 7.9792844
-9999 8.0417279 8.0378397 8.0339516 8.0306386 8.027954 8.0252694 8.0235726 8.0230159 8.0224593 8.0241654 8.0286319 8.0330984 8.0365061 8.0377933 8.0390806 8.037205 8.029914 8.0226229 8.017091 8.0156175 8.014144 8.0112379 8.0036958 7.9961537 7.9920299 7.997068 8.0021062 8.0097228 8.0219879 8.034253 8.0402483 8.0341576 8.0280669 8.0243759 8.0256385 8.026901 8.0308883 8.0387739 8.0466594 8.0503378 8.0505162 8.0506946 8.0480892 8.0434826 8.038876 8.0378506 8.0379215 8.0379924 8.0335771 8.0283865 8.0235305 8.0222348 8.0209391 8.0187244 8.0133264 8.0079285 7.9995405 7.987604 7.9756675
-9999 8.0324863 8.0285982 8.0257108 8.0230262 8.0203415 8.0176569 8.0159601 8.0154035 8.0148468 8.0142901 8.0142201 8.0186866 8.0220943 8.0233815 8.0246688 8.025956 8.0269234 8.0196323 8.0141004 8.0126269 8.0077096 8.0001675 7.9926254 7.9850833 7.9809595 7.9859976 7.9910358 7.9960739 8.0014558 8.0137209 8.0197162 8.0136255 8.0122083 8.0134708 8.0147334 8.0159959 8.0199832 8.0278688 8.0357544 8.0436399 8.0495305 8.0497089 8.0471035 8.0424969 8.0378902 8.0332836 8.0310195 8.0310903 8.026675 8.0214844 8.0162938 8.0111032 8.009197 8.0069824 8.0015844 7.9961865 7.9907885 7.9839871 7.9720506
-9999 8.0234676 8.020783 8.0180983 8.0154137 8.0127291 8.0100444 8.0083476 8.007791 8.0072343 8.0066777 8.006121 8.0055643 8.0076824 8.0089697 8.0102569 8.0115442 8.0128314 8.0141187 8.0111098 8.0041813 7.9966392 7.9890971 7.9815549 7.9740128 7.969889 7.9749272 7.9799653 7.9850035 7.9900416 7.9950798 7.9991841 8.0000407 8.0013032 8.0025658 8.0038283 8.0050908 8.0090782 8.0169637 8.0248493 8.0327348 8.0406204 8.048506 8.0461177 8.0415111 8.0369045 8.0322978 8.0276912 8.0241883 8.019773 8.0145824 8.0093918 8.0042012 7.9990106 7.9952403 7.9898424 7.9844444 7.9790465 7.9736485 7.9682506
-9999 8.0205686 8.017884 8.0151994 8.0125147 8.0098301 8.0085433 8.0116423 8.0141391 8.0135825 8.0130258 8.0124691 8.0119125 8.0102675 8.008514 8.0098012 8.0110885 8.0123757 8.013663 8.0122804 8.0047383 7.9971961 7.989654 7.9821119 7.9753874 7.9721736 7.9723242 7.9773624 7.9824005 7.9874387 7.9924768 7.9962253 7.9974879 7.9987504 8.0000129 8.0012755 8.0037494 8.0029824 8.0026584 8.0105439 8.0184295 8.0263151 8.0342006 8.0380449 8.0351005 8.0304939 8.0258873 8.0212806 8.016674 8.0236411 8.0186403 8.0134497 8.0082591 8.0030685 7.9960993 7.9857371 7.9803392 7.9749412 7.9695433 7.9641453
-9999 8.0197193 8.0170347 8.0143501 8.0116654 8.0115913 8.0123362 8.0154352 8.0212512 8.0260014 8.0254447 8.024888 8.0243314 8.0226864 8.0188619 8.0154144 8.0167016 8.0179889 8.0192762 8.0178935 8.0103514 8.0028093 7.9952672 7.9898999 7.9864534 7.9832396 7.9806496 7.9784415 7.9834796 7.9885178 7.9935559 7.9973045 7.998567 7.9998295 8.0010921 8.0047226 8.0097257 8.0089587 7.9999369 7.99476 8.0026456 8.0105311 8.0184167 8.022261 8.0232 8.0217244 8.0171177 8.0125111 8.0079045 8.0148716 8.023839 8.0222736 8.0170829 8.0118923 8.0049231 7.9917931 7.9795548 7.9741568 7.9687589 7.9633609
-9999 8.01887 8.0161854 8.0138944 8.0146393 8.0153842 8.0161291 8.0192281 8.0250441 8.0308601 8.0366761 8.037307 8.0367503 8.0351053 8.0312809 8.0274564 8.0236319 8.0236021 8.0248893 8.0235067 8.0159646 8.0084224 8.0044125 8.000966 7.9975194 7.9943056 7.9917156 7.9891256 7.9865357 7.9895969 7.9946351 7.9983836 7.9996461 8.0009087 8.0056959 8.010699 8.015702 8.0149351 8.0059132 7.9968914 7.9878696 7.9947472 8.0026327 8.006477 8.0074161 8.0083552 8.0083482 8.0037416 7.9991349 8.0061021 8.0150694 8.0240368 8.0259068 8.0207162 8.013747 8.0006169 7.9874869 7.9743569 7.9679745 7.9625765
-9999 8.0180207 8.0169424 8.0176873 8.0184322 8.0191771 8.0199219 8.023021 8.028837 8.034653 8.040469 8.046285 8.0491692 8.0475242 8.0436998 8.0398753 8.0360509 8.0322264 8.0305025 8.0291198 8.0223716 8.0189251 8.0154785 8.012032 8.0085854 8.0053716 8.0027816 8.0001917 7.9976017 7.9950117 7.9957142 7.9994627 8.0016661 8.0066691 8.0116722 8.0166753 8.0216783 8.0209114 8.0118896 8.0028677 7.9938459 7.9848241 7.9868488 7.9906931 7.9916322 7.9925712 7.9935103 7.9944493 7.9903654 7.9973325 8.0062999 8.0152673 8.0242347 8.02954 8.0225708 8.0094408 7.9963108 7.9831807 7.9700507 7.9617921
-9999 8.0184782 8.019223 8.0199679 8.0207128 8.0214577 8.0222026 8.0243644 8.0301804 8.0359964 8.0418125 8.0476285 8.0534445 8.0578255 8.054001 8.0501766 8.0463521 8.0425276 8.0387032 8.034993 8.0315465 8.0280999 8.0246534 8.0212068 8.0177602 8.0163377 8.0137477 8.0111577 8.0085677 8.0059777 8.0033877 8.0033913 8.0083944 8.0133974 8.0184005 8.0234036 8.0284067 8.0254774 8.0164556 8.0074338 7.9984119 7.9893901 7.9803683 7.9762553 7.9771943 7.9781334 7.9790724 7.9800115 7.9809506 7.9887349 7.9977023 8.0066697 8.015637 8.0246044 8.0253717 8.0122416 7.9991116 7.9859815 7.9728515 7.9597215
-9999 8.013237 8.0139819 8.0147268 8.0154717 8.0160329 8.0126417 8.0135247 8.0193407 8.0251567 8.0309727 8.0367887 8.0430427 8.0484589 8.0521144 8.0499447 8.0461203 8.0422958 8.0384714 8.0347612 8.0313146 8.0278681 8.0244215 8.020975 8.0169485 8.0156382 8.0219354 8.0216263 8.0190363 8.0164463 8.0138563 8.0138599 8.018863 8.0238661 8.0288691 8.0338722 8.029603 8.0230288 8.014007 8.0049852 7.9959633 7.9870116 7.9788217 7.9730154 7.9694518 7.9703909 7.9713299 7.972269 7.973208 7.9809924 7.9899598 7.9989272 8.0078945 8.0063211 7.9982148 7.9850848 7.9719547 7.9588247 7.9463931 7.9484252
-9999 8.0079959 8.0087407 8.0094856 8.0085843 8.0051931 8.0018019 8.0026849 8.008501 8.014317 8.0202609 8.0265565 8.032852 8.0382683 8.0419237 8.0455792 8.0458885 8.042064 8.0382396 8.0345294 8.0310828 8.0276363 8.0240792 8.0199306 8.015782 8.0144717 8.0207688 8.0270659 8.0295049 8.0269149 8.024325 8.0243285 8.0293316 8.0343347 8.036881 8.0320177 8.0271544 8.0205802 8.0115584 8.0025366 7.9938236 7.9856338 7.9774439 7.9716375 7.9675446 7.9634516 7.9635874 7.9645265 7.9654655 7.9732499 7.9822173 7.9911846 7.9858203 7.9791643 7.971058 7.9579279 7.9447979 7.9360453 7.9380774 7.9401095
-9999 8.0027547 8.0034996 8.0011358 7.9977446 7.9943534 7.9909622 7.9918452 7.9976612 8.0037748 8.0100703 8.0163658 8.0226613 8.0280776 8.0317331 8.0353886 8.0390441 8.0418322 8.0380078 8.0342976 8.030851 8.0270613 8.0229127 8.018764 8.0146154 8.0133051 8.0196022 8.0258994 8.0321965 8.0373836 8.0347936 8.0347971 8.0398002 8.0392956 8.0344324 8.0295691 8.0247058 8.0181316 8.0091098 8.0006357 7.9924458 7.9842559 7.9760661 7.9702597 7.9661667 7.9620738 7.9579808 7.956784 7.957723 7.9655074 7.9719754 7.9653194 7.9586634 7.9520074 7.9439011 7.9307711 7.9256976 7.9277297 7.9297618 7.9317939
-9999 7.9970784 7.9936872 7.990296 7.9869049 7.9835137 7.9801225 7.9810055 7.9872886 7.9935841 7.9998796 8.0061752 8.0124707 8.0178869 8.0215424 8.0251979 8.0288534 8.0325089 8.0361644 8.0340658 8.0300434 8.0258947 8.0217461 8.0175975 8.0134488 8.0121385 8.0184357 8.0247328 8.0310299 8.0373271 8.0436242 8.0452657 8.0417103 8.036847 8.0319838 8.0271205 8.0222572 8.015683 8.0074477 7.9992578 7.9910679 7.9828781 7.9746882 7.9688818 7.9647889 7.9606959 7.956603 7.9525101 7.9499805 7.9514745 7.9448186 7.9381626 7.9315066 7.9248506 7.9167443 7.9153498 7.9173819 7.919414 7.9214462 7.9234783
-9999 7.9893104 7.9859192 7.982528 7.9791368 7.9757456 7.9718633 7.9688946 7.972198 7.9784936 7.9847891 7.9910846 7.9973802 8.001976 8.0043123 8.0079678 8.0116233 8.0152788 8.0189343 8.0202299 8.0160813 8.0119326 8.007784 8.0036354 7.9998733 7.9992554 8.0027347 8.0090318 8.0153289 8.0216261 8.0279232 8.0304083 8.025545 8.0206818 8.0158185 8.0109552 8.0064951 8.0029876 7.9967029 7.988513 7.9803231 7.9721333 7.9639434 7.963964 7.9623084 7.9582155 7.9541226 7.9500296 7.9459367 7.9436373 7.9369813 7.9303253 7.9236693 7.9170133 7.9120819 7.9135333 7.9155654 7.9175975 7.9196296 7.9216618
-9999 7.9832863 7.9798951 7.9765039 7.9731127 7.9686868 7.9638814 7.9609127 7.9600637 7.9606211 7.9669166 7.9732122 7.9795077 7.9841035 7.9852956 7.986741 7.9903965 7.994052 7.9977075 7.9990031 7.9948545 7.9907058 7.9865572 7.9837919 7.9823994 7.9817815 7.9832398 7.9850788 7.9913759 7.9976731 8.0039702 8.0064553 8.001592 7.9967288 7.9918655 7.9879202 7.9845756 7.9810681 7.9773275 7.97245 7.9642602 7.9560703 7.9478804 7.9479011 7.9538241 7.9551091 7.9510161 7.9469232 7.9428303 7.940737 7.9389893 7.9334568 7.9268008 7.9201448 7.9152134 7.9162556 7.9174388 7.9194709 7.921503 7.9235351
-9999 7.9772622 7.973871 7.9703158 7.9655104 7.9607049 7.9558995 7.9529307 7.9520818 7.9512329 7.9503839 7.9553397 7.9616353 7.9662311 7.9674232 7.9686152 7.9698073 7.9728252 7.9764807 7.9777763 7.9736277 7.969479 7.9677106 7.966318 7.9649255 7.9643076 7.9657659 7.9672242 7.9686825 7.9737201 7.9800172 7.9825023 7.9776391 7.9727758 7.9693453 7.9660007 7.9626561 7.9591486 7.955408 7.9516675 7.947927 7.9400073 7.9318175 7.9318381 7.9377612 7.9436842 7.9479097 7.9438168 7.9397238 7.9376306 7.9358829 7.9341352 7.9299323 7.9232763 7.9183449 7.9193871 7.9204292 7.9214714 7.9233764 7.9254085
-9999 7.9712381 7.9671393 7.9623339 7.9575284 7.952723 7.9479176 7.9449488 7.9440999 7.9432509 7.942402 7.9415531 7.9437628 7.9483586 7.9495507 7.9507428 7.9519349 7.9531269 7.9552539 7.9565495 7.9530217 7.9516292 7.9502366 7.9488441 7.9474515 7.9468336 7.9482919 7.9497502 7.9512086 7.9526669 7.9560643 7.9585494 7.954115 7.9507704 7.9474258 7.9440811 7.9407365 7.9372291 7.9334885 7.929748 7.9260074 7.9222669 7.9157545 7.9157751 7.9216982 7.9276213 7.9335443 7.9394674 7.9366174 7.9345241 7.9327765 7.9310288 7.9292811 7.9264078 7.9214764 7.9225185 7.9235607 7.9246029 7.9256451 7.9272819
-9999 7.9650969 7.9602915 7.955486 7.9506806 7.9458751 7.9410697 7.9386699 7.9378209 7.936972 7.936123 7.9352741 7.9344252 7.9333182 7.9345103 7.9357024 7.9368944 7.9380865 7.9392786 7.9396891 7.9382965 7.936904 7.9355114 7.9341189 7.9327264 7.9314453 7.9328758 7.9343341 7.9357924 7.9372507 7.938709 7.9385268 7.9351822 7.9318376 7.928493 7.9251484 7.9218038 7.9215289 7.9177883 7.9140478 7.9103073 7.9065667 7.9028262 7.903061 7.9089841 7.9149072 7.9208302 7.9267533 7.9326763 7.9319999 7.9302522 7.9285045 7.9267568 7.9250092 7.9239989 7.9250619 7.9261041 7.9271463 7.9281885 7.9292306
-9999 7.9625419 7.9577364 7.952931 7.9481255 7.9436193 7.9409841 7.9390836 7.9380309 7.9371393 7.9362904 7.9354414 7.9345925 7.9333257 7.9312221 7.9313821 7.9325742 7.9337662 7.9349583 7.9353688 7.9339763 7.9325837 7.9311912 7.9297986 7.9292851 7.928429 7.926444 7.9267073 7.9281657 7.929624 7.9310823 7.9309001 7.9275555 7.9242109 7.9208663 7.917785 7.9231621 7.9259729 7.9251123 7.92189 7.9181494 7.9144089 7.9106683 7.9090061 7.9089466 7.9148697 7.9207927 7.9267158 7.9326389 7.9318316 7.9299316 7.9281839 7.9264362 7.9246885 7.9236783 7.9252224 7.9264213 7.9274635 7.9285057 7.9295479
-9999 7.9599868 7.9551814 7.9503759 7.9467039 7.9440686 7.9414334 7.9395329 7.9384802 7.9374276 7.9364577 7.9356087 7.9347598 7.933493 7.9313894 7.9292858 7.9282539 7.929446 7.930638 7.9310485 7.929656 7.9282634 7.9271386 7.9267037 7.9262688 7.9254127 7.9234277 7.9214428 7.9205389 7.9219972 7.9234555 7.9232733 7.9199287 7.9165841 7.9164593 7.9218364 7.9272135 7.9300243 7.9291637 7.9283031 7.9259916 7.922251 7.9185105 7.9168482 7.9166799 7.9165117 7.9207553 7.9266783 7.9326014 7.9317941 7.9298236 7.9278633 7.9261156 7.9243679 7.9233577 7.9249017 7.9264458 7.9277808 7.9288229 7.9298651
-9999 7.9574318 7.9526263 7.9497884 7.9471532 7.944518 7.9418828 7.9399822 7.9389295 7.9378769 7.9368242 7.935776 7.9349271 7.9336603 7.9315567 7.9294531 7.9273496 7.925246 7.9263177 7.9267283 7.9253357 7.9245573 7.9241223 7.9236874 7.9232524 7.9223963 7.9204114 7.9184264 7.9164415 7.9144566 7.9158288 7.9156466 7.912302 7.9151335 7.9205106 7.9258877 7.9312648 7.9340756 7.933215 7.9323544 7.9314938 7.9300932 7.9263527 7.9246904 7.9245221 7.9243538 7.9241856 7.9266408 7.9325639 7.9317566 7.9297862 7.9278157 7.9258452 7.9240473 7.923037 7.9245811 7.9261252 7.9276693 7.9291402 7.9301823
-9999 7.9555082 7.952873 7.9502377 7.9476025 7.9449673 7.9423321 7.9404315 7.9393789 7.9383262 7.9372736 7.9362209 7.9351683 7.9338276 7.931724 7.9296204 7.9275169 7.9254133 7.9233097 7.9224108 7.9219759 7.9215409 7.921106 7.920671 7.9202361 7.91938 7.917395 7.9154101 7.9134252 7.9114402 7.9094553 7.9084307 7.9138078 7.9191849 7.924562 7.9299391 7.9353162 7.938127 7.9372664 7.9364058 7.9355452 7.9346846 7.933824 7.9325325 7.9323643 7.932196 7.9320277 7.9318595 7.9325264 7.9317191 7.9297487 7.9277782 7.9258077 7.9238373 7.9227164 7.9242605 7.9258046 7.9273486 7.9288927 7.9304368
-9999 7.9420787 7.9394435 7.9368083 7.9341731 7.9315379 7.9371606 7.9428217 7.9414784 7.9404258 7.9393731 7.9383205 7.9372678 7.935494 7.9325502 7.9304467 7.9283431 7.9262395 7.9241359 7.9225369 7.922102 7.921667 7.9212321 7.9207971 7.9204284 7.9203514 7.9202571 7.9182721 7.9162872 7.9143022 7.9123173 7.912847 7.9182241 7.9236012 7.9289783 7.9343554 7.9371182 7.9377532 7.9384906 7.93763 7.9367694 7.9359088 7.9350482 7.9360041 7.9369313 7.936763 7.9365948 7.9364265 7.9362582 7.9342158 7.9321813 7.9302109 7.9282404 7.9262699 7.9244349 7.923679 7.9252231 7.9267672 7.9283112 7.9298553
