P1_models/J1_p1_vp_slide_diff2_320.dat.tif
NCOLS 118
NROWS 92
XLLCORNER 139.62
YLLCORNER -39.07
DX 0.099491525
DY 0.099347826
NODATA_VALUE -9999
[rows 48 to 71 of 92, columns 0 to 52 of 118]
-9999 -0.062068931 -0.046582993 -0.031097056 -0.015611118 -0.00012518066 0.015360757 0.018751764 0.0047948975 -0.0091619694 -0.023118836 -0.037075703 -0.05103257 -0.052714713 -0.051657756 -0.050610442 -0.049563128 -0.048515814 -0.0474685 -0.04408325 -0.035304284 -0.026525317 -0.017746351 -0.0089673844 -0.00018841803 -0.00084449325 0.002541836 0.0066442594 0.010746683 0.014849106 0.01895153 0.017413804 0.0050036691 -0.0074064654 -0.0198166 -0.032226734 -0.044636869 -0.053630826 -0.058334545 -0.063038264 -0.067741983 -0.072445702 -0.077989129 -0.071590684 -0.070401499 -0.069212313 -0.068023128 -0.066833942 -0.065644757 -0.051398713 -0.034896089 -0.018393465 -0.0018908413
-9999 -0.062698796 -0.047212858 -0.031726921 -0.016240983 0.00026989592 0.018765044 0.02219516 0.0082382931 -0.0057185738 -0.019675441 -0.030723996 -0.030793803 -0.030473826 -0.029373284 -0.028298687 -0.027251373 -0.026204058 -0.025156744 -0.021771494 -0.012992528 -0.0042135616 0.0045654048 0.01167117 0.0061903482 0.002481672 0.0035227918 0.0059625126 0.010064936 0.014167359 0.018269783 0.016732057 0.0043219222 -0.0080882122 -0.020498347 -0.032798554 -0.044722866 -0.053676526 -0.058380245 -0.063083964 -0.067787683 -0.076388162 -0.091742621 -0.083028417 -0.057011557 -0.051562841 -0.050373655 -0.04918447 -0.047995284 -0.03374924 -0.017246616 -0.00074399265 0.015758631
-9999 -0.063328661 -0.047842724 -0.032356786 -0.014781857 0.0037132916 0.02220844 0.025638556 0.011681689 -0.0022751781 -0.0084133009 -0.0084831081 -0.0085529153 -0.0082329383 -0.0071323962 -0.0060318541 -0.0049396169 -0.0038923028 -0.0028449887 0.00054026116 0.0093192275 0.018098194 0.020478158 0.014997336 0.0095165134 0.0058078372 0.006848957 0.0078900768 0.0093831891 0.013485613 0.017588036 0.01605031 0.0036401753 -0.0087699591 -0.020919942 -0.032844254 -0.044768566 -0.053722226 -0.058425945 -0.063129664 -0.074787196 -0.090141655 -0.10549611 -0.096781909 -0.07076505 -0.04474819 -0.032724183 -0.031534997 -0.030345812 -0.016099768 0.00040285602 0.010930532 -0.0041397692
-9999 -0.063958526 -0.048328758 -0.02983361 -0.011338461 0.0071566872 0.025651836 0.029081951 0.015125084 0.013897394 0.013827587 0.013757779 0.013687972 0.014007949 0.015108491 0.016209033 0.017309575 0.018410117 0.019466767 0.022852017 0.031630983 0.029285146 0.023804323 0.018323501 0.012842679 0.0091340024 0.010175122 0.011216242 0.012257362 0.013298482 0.016906289 0.015368563 0.0029584285 -0.0090413296 -0.020965642 -0.032889954 -0.044814266 -0.053767926 -0.058471645 -0.07318623 -0.088540688 -0.10389515 -0.11924961 -0.1105354 -0.084518542 -0.058501682 -0.032484823 -0.013885525 -0.012696339 0.0015497047 0.0044163037 -0.010653997 -0.025724299
-9999 -0.063380511 -0.044885362 -0.026390214 -0.0078950655 0.010600083 0.029095231 0.036277895 0.036208088 0.036138281 0.036068474 0.035998667 0.03592886 0.036248837 0.037349379 0.038449921 0.039550463 0.040651005 0.041751547 0.043572955 0.038092133 0.032611311 0.027130488 0.021649666 0.016168844 0.012460168 0.013501287 0.014542407 0.015583527 0.016624647 0.017665767 0.014761595 0.0028372827 -0.0090870296 -0.021011342 -0.032935654 -0.044859966 -0.056230805 -0.071585264 -0.086939722 -0.10229418 -0.11764864 -0.1330031 -0.12428889 -0.098272034 -0.072255175 -0.046238315 -0.020221456 0.0049531333 -0.0020979247 -0.017168226 -0.032238527 -0.047308828
-9999 -0.049536943 -0.031041795 -0.012546647 0.0059485018 0.02444365 0.039497315 0.046293901 0.046224094 0.046154287 0.04608448 0.046014673 0.035308654 0.025064518 0.037004326 0.038104868 0.03920541 0.040305952 0.041406494 0.040516931 0.035036108 0.029555286 0.024074464 0.018593641 0.0094622962 0.0033380465 0.017883393 0.018924512 0.019965632 0.021006752 0.022047872 0.018660424 0.0067361117 -0.0051882006 -0.017112513 -0.029036825 -0.044670509 -0.062298727 -0.077653186 -0.093007644 -0.1083621 -0.12371656 -0.13343876 -0.12214371 -0.096937535 -0.070920676 -0.044903816 -0.018886957 0.0071299025 -0.001885817 -0.016956118 -0.032026419 -0.04709672
-9999 -0.033953373 -0.015458225 0.0030369238 0.021532072 0.034722028 0.047468034 0.054264621 0.054194814 0.054125006 0.054055199 0.035972808 0.013148473 0.0029043375 0.017852773 0.032801209 0.035081612 0.036182154 0.037282696 0.036393132 0.03091231 0.025431487 0.019950665 0.0079699523 -0.0069313909 -0.013055641 0.0043449212 0.021745483 0.024524401 0.025565521 0.026606641 0.023219193 0.011294881 -0.00062943118 -0.012553743 -0.030235048 -0.049452595 -0.067080813 -0.082435272 -0.09778973 -0.11314419 -0.12065697 -0.12748243 -0.11618737 -0.09186571 -0.067061876 -0.041045017 -0.015028158 0.010988702 0.0019729821 -0.013097319 -0.02816762 -0.03583248
-9999 -0.018369803 0.00012534584 0.017200735 0.029946741 0.042692747 0.055438753 0.06223534 0.062165533 0.059461296 0.036636962 0.013812627 -0.0090117072 -0.019255843 -0.0043074071 0.010641029 0.025589465 0.032058355 0.033158897 0.032269333 0.026788511 0.021307689 0.0064776084 -0.0084237349 -0.023325078 -0.029449328 -0.012048766 0.005351796 0.022752358 0.030124291 0.03116541 0.027777963 0.01585365 0.00341796 -0.015799587 -0.035017134 -0.054234681 -0.071862899 -0.087217358 -0.10104971 -0.10787517 -0.11470063 -0.12152609 -0.11023104 -0.085909376 -0.061587713 -0.037186218 -0.011169359 0.014847501 0.0058317813 -0.0092385199 -0.013583887 -0.013260006
-9999 -0.0027862321 0.012425448 0.025171454 0.03791746 0.050663466 0.063409472 0.070206059 0.06012545 0.037301116 0.014476781 -0.0083475531 -0.031171888 -0.041416024 -0.026467588 -0.011519152 0.0034292841 0.01837772 0.029035098 0.028145535 0.019886608 0.0049852644 -0.0099160788 -0.024817422 -0.039718765 -0.045843015 -0.028442453 -0.011041891 0.0063586707 0.023759233 0.03572418 0.032336732 0.017853421 -0.001364126 -0.020581673 -0.03979922 -0.059016767 -0.076644985 -0.088267913 -0.095093375 -0.10191884 -0.1087443 -0.11556976 -0.10427471 -0.079953042 -0.055631379 -0.031309715 -0.0069880517 0.0187063 0.0096905804 0.0086647068 0.0089885872 0.0093124677
-9999 0.0030112264 0.015757232 0.028503239 0.041249245 0.053995251 0.066741257 0.065740426 0.042916092 0.020091757 -0.0027325774 -0.025556912 -0.048381246 -0.065928332 -0.050979896 -0.036031461 -0.021083025 -0.0061345888 0.008813847 0.014736157 -0.00016518602 -0.015066529 -0.029967872 -0.044869216 -0.059770559 -0.059679011 -0.042134797 -0.024734235 -0.0073336729 0.010066889 0.027467451 0.032360465 0.013142918 -0.0060746294 -0.025292176 -0.044509723 -0.06372727 -0.07183009 -0.078655552 -0.085481014 -0.092306475 -0.099131937 -0.1059574 -0.099987794 -0.075666131 -0.051344467 -0.027022804 -0.0027011405 0.021620523 0.025109054 0.025432934 0.025756814 0.026080695
-9999 -0.0095010804 0.0032449257 0.015990932 0.028736938 0.040815755 0.0481977 0.048235547 0.039797361 0.019791727 -0.0030326078 -0.025856942 -0.048681277 -0.066991665 -0.076262617 -0.068577367 -0.053628931 -0.038680495 -0.023732059 -0.017809749 -0.032711092 -0.047612436 -0.062513779 -0.077415122 -0.078392365 -0.071732552 -0.048536524 -0.029200251 -0.011799689 0.005600873 0.023001435 0.027894449 0.0086769016 -0.010540645 -0.029758192 -0.048593895 -0.045532254 -0.047370358 -0.056218242 -0.063381642 -0.070207103 -0.077032565 -0.083858027 -0.08337856 -0.077081064 -0.052759401 -0.028437738 -0.0041160743 0.020205589 0.022939796 0.022376995 0.022700875 0.023024756
-9999 -0.022013387 -0.009267381 0.0034786251 0.013660723 0.021042668 0.028424613 0.028462459 0.020024273 0.011586087 -0.0033326383 -0.026156973 -0.048981307 -0.067291696 -0.076562648 -0.0858336 -0.086174837 -0.071226401 -0.056277966 -0.050355655 -0.065256999 -0.080158342 -0.091426229 -0.090936067 -0.090445906 -0.083786092 -0.060590065 -0.037394037 -0.016265705 0.0011348571 0.018535419 0.023428433 0.0042108857 -0.015006661 -0.026953251 -0.02389161 -0.020829969 -0.022668073 -0.031515957 -0.040363842 -0.048107731 -0.054933193 -0.061758655 -0.061279188 -0.055548302 -0.049817416 -0.029852671 -0.0055310081 0.018790655 0.021524862 0.020528171 0.019644936 0.019968817
-9999 -0.034525694 -0.021779688 -0.01349431 -0.0061123648 0.0012695802 0.0086515252 0.0086893718 0.00025118563 -0.0081870005 -0.016625187 -0.026457003 -0.049281338 -0.067591726 -0.076862678 -0.08613363 -0.095404582 -0.10377231 -0.088823872 -0.082901562 -0.097802905 -0.10396993 -0.10347977 -0.10298961 -0.10249945 -0.095839633 -0.072643605 -0.049447578 -0.02625155 -0.0033311588 0.014069403 0.018962417 -0.00025513026 -0.0053126067 -0.0022509658 0.0008106751 0.003872316 0.0020342119 -0.0068136724 -0.015661557 -0.024509441 -0.032833821 -0.039659283 -0.039179816 -0.03344893 -0.027718044 -0.021987157 -0.0069459419 0.017375721 0.020109929 0.019113237 0.018116545 0.017119853
-9999 -0.048031287 -0.040649342 -0.033267397 -0.025885452 -0.018503507 -0.011121562 -0.011083716 -0.019521902 -0.027960088 -0.036398274 -0.04483646 -0.053274646 -0.067891757 -0.077162709 -0.086433661 -0.095704613 -0.10497556 -0.11424652 -0.11544747 -0.11651363 -0.11602347 -0.11553331 -0.11504315 -0.11455299 -0.10789317 -0.084697146 -0.061501118 -0.038305091 -0.015109063 0.0080869644 0.014496401 0.016328037 0.019389678 0.022451319 0.02551296 0.028574601 0.026736497 0.017888613 0.0090407283 0.00019284407 -0.0086550402 -0.017502924 -0.017080444 -0.011349558 -0.0056186716 0.0001122148 0.0058431012 0.015960788 0.018694995 0.017698303 0.016701611 0.015704919
-9999 -0.039250311 -0.031868366 -0.024486421 -0.017104476 -0.0097225312 -0.0068366511 -0.013812016 -0.023388915 -0.031827101 -0.040265287 -0.048703473 -0.057141659 -0.057385144 -0.051524222 -0.060795174 -0.070066126 -0.079337078 -0.08860803 -0.094927368 -0.094437206 -0.093947045 -0.093456883 -0.092966721 -0.09239589 -0.097345582 -0.10221889 -0.079022858 -0.05582683 -0.032630803 -0.009434775 0.0068840047 0.0099456456 0.013007287 0.016068927 0.019130568 0.026072967 0.030587664 0.020913357 0.012065473 0.0032175883 -0.005630296 -0.01447818 -0.011810042 -0.0045157218 0.0012151646 0.006946051 0.012676937 0.018407824 0.0033578136 0.0021245824 0.0011278905 0.00013119862
-9999 -0.018052576 -0.010670631 -0.0032886859 0.0040932591 0.0030787184 -0.00057001098 -0.0075453755 -0.018360104 -0.028777343 -0.037215529 -0.045653716 -0.054091902 -0.054335387 -0.038168511 -0.023877301 -0.033148253 -0.042419205 -0.051690157 -0.058009495 -0.057519333 -0.057029172 -0.05653901 -0.055834257 -0.054939994 -0.059889686 -0.080502644 -0.098922448 -0.07572642 -0.052530393 -0.029334365 -0.013015586 -0.0099539447 -0.0068923038 -0.0038306629 0.0068170872 0.021861723 0.02637642 0.015826545 0.0056637194 -0.0031841649 -0.012032049 -0.020879933 -0.018211795 -0.0072649344 0.0014107695 0.0071416559 0.012872542 0.018603429 0.0035534184 -0.015088096 -0.020602791 -0.021599483
-9999 0.0031451594 0.010527104 0.016642817 0.012994088 0.0093453585 0.0056966291 -0.0012787354 -0.012093464 -0.022908193 -0.033722922 -0.042603958 -0.051042144 -0.051285629 -0.035118754 -0.018951879 -0.0027850031 -0.0055013323 -0.014772284 -0.021091622 -0.02060146 -0.020111299 -0.019272623 -0.01837836 -0.017484097 -0.022433789 -0.043046747 -0.063659705 -0.084272663 -0.072429983 -0.049233956 -0.032915176 -0.029853535 -0.026791894 -0.012438793 0.0026058432 0.01765048 0.022165176 0.011615301 0.0010654251 -0.0094844504 -0.018433802 -0.027281687 -0.024613548 -0.013666688 -0.002719827 0.0073372607 0.013068147 0.018799034 0.0037490232 -0.014892491 -0.033534005 -0.043330164
-9999 0.024342895 0.026558187 0.022909457 0.019260728 0.015611999 0.011963269 0.0049879047 -0.0058268241 -0.016641553 -0.027456282 -0.038271011 -0.047992387 -0.048235872 -0.032068996 -0.015902121 0.00026475439 0.01643163 0.022145589 0.015826251 0.016394748 0.017289011 0.018183274 0.019077537 0.0199718 0.015022107 -0.0055908504 -0.026203808 -0.046816766 -0.067429724 -0.069133546 -0.052814766 -0.04673931 -0.031694673 -0.016650037 -0.0016054008 0.013439236 0.017953932 0.0074040566 -0.0031458189 -0.013695694 -0.02424557 -0.03368344 -0.031015301 -0.020068441 -0.0091215801 0.0018252804 0.012772141 0.018994638 0.0039446281 -0.014696886 -0.0333384 -0.051979914
-9999 0.034533634 0.030884905 0.027236176 0.023587446 0.019938717 0.016289988 0.01049409 -0.00032063839 -0.011135367 -0.021950096 -0.032764825 -0.043579554 -0.049871462 -0.033704587 -0.017537711 -0.0013708359 0.014796039 0.030962915 0.042511581 0.043405844 0.044300107 0.04519437 0.046088633 0.046982896 0.0441143 0.023501342 0.0028883841 -0.017724574 -0.038337531 -0.058950489 -0.067383979 -0.052339343 -0.037294706 -0.02225007 -0.0072054339 0.0078392024 0.017091393 0.006541517 -0.0040083585 -0.014558234 -0.02510811 -0.035657985 -0.0355159 -0.024569039 -0.013622179 -0.0026753184 0.0082715421 0.019218403 0.0049370155 -0.013704498 -0.032346012 -0.050987526
-9999 0.029211461 0.025562732 0.021914002 0.018265273 0.014847711 0.016404346 0.012217886 0.0014031568 -0.009411572 -0.020226301 -0.03104103 -0.043567483 -0.052681314 -0.054635493 -0.042477548 -0.026310673 -0.010143797 0.0060230782 0.017571745 0.018466008 0.019360271 0.020254534 0.021148797 0.0246557 0.023715762 0.009382069 -0.0096192864 -0.030232244 -0.050845202 -0.07145816 -0.07989165 -0.064847013 -0.049802377 -0.034757741 -0.019713104 0.015646778 0.032884827 0.022334951 0.011785076 0.0012352003 -0.010597824 -0.036379337 -0.036761529 -0.01961357 -0.0086667094 0.0022801512 0.013227012 0.024173872 0.0098924851 -0.0087490289 -0.027390543 -0.046032057
-9999 0.023889288 0.020240558 0.016591829 0.015014872 0.016571506 0.018128141 0.013941681 0.0031269519 -0.0076877769 -0.019002643 -0.031691727 -0.044380811 -0.053494641 -0.055448821 -0.057403 -0.051250509 -0.035083634 -0.018916759 -0.0073680921 -0.0064738291 -0.0055795662 -0.0041874211 -0.00013015673 0.0039271077 0.0029871697 -0.011346524 -0.025680217 -0.042739915 -0.063352872 -0.08396583 -0.09239932 -0.077354684 -0.062310048 -0.041882682 -0.0052212348 0.031440212 0.048678261 0.038128386 0.02757851 0.01137359 -0.014407923 -0.040189437 -0.040571629 -0.022694573 -0.0048175165 0.0072356207 0.018182481 0.029129342 0.014847955 -0.0037935593 -0.022435073 -0.040925835
-9999 0.018567114 0.014918385 0.015182032 0.016738667 0.018295301 0.019851936 0.015665476 0.0048507471 -0.0071268866 -0.019815971 -0.032505054 -0.045194138 -0.054307969 -0.056262148 -0.058216327 -0.060170507 -0.060023471 -0.043856595 -0.032307929 -0.031413666 -0.028973278 -0.024916014 -0.020858749 -0.016801485 -0.017741423 -0.032075117 -0.04640881 -0.060742503 -0.075860543 -0.096473501 -0.10490699 -0.089862354 -0.062750694 -0.026089247 0.010572199 0.047233646 0.064471695 0.05392182 0.033345004 0.0075634907 -0.018218023 -0.043999536 -0.044381728 -0.026504672 -0.0086276161 0.0092494401 0.023137951 0.034084811 0.019803424 0.0011882005 -0.017288975 -0.03576615
-9999 0.013792558 0.015349193 0.016905827 0.018462462 0.020019096 0.021575731 0.017389271 0.0047488698 -0.0079402142 -0.020629298 -0.033318382 -0.046007466 -0.055121296 -0.057075476 -0.059029655 -0.060983834 -0.062938014 -0.064892193 -0.057247766 -0.053759135 -0.049701871 -0.045644607 -0.041587342 -0.037530078 -0.038470016 -0.052803709 -0.067137403 -0.081471096 -0.09580479 -0.11013848 -0.11741466 -0.083618706 -0.04695726 -0.010295813 0.026365634 0.06302708 0.08026513 0.055316418 0.029534905 0.0037533912 -0.022028122 -0.047809636 -0.048191828 -0.030314772 -0.012437716 0.0054393406 0.023316397 0.039040281 0.02482506 0.006347885 -0.01212929 -0.030606465
-9999 0.015171639 0.016728273 0.018284908 0.019841543 0.021398177 0.014486884 0.013776116 0.016794398 0.0041053145 -0.0085837694 -0.021272853 -0.033961937 -0.046943906 -0.055117518 -0.057071697 -0.059025876 -0.060980056 -0.062934235 -0.063070644 -0.05901338 -0.054956115 -0.050898851 -0.046841586 -0.04277874 -0.03703876 -0.037118201 -0.051451894 -0.065785588 -0.080119281 -0.094452975 -0.091368396 -0.05470695 -0.018045503 0.018615944 0.055277391 0.082210789 0.08166438 0.06634178 0.040560267 0.014778753 -0.01100276 -0.036784274 -0.050003027 -0.037495342 -0.019618285 -0.0017412292 0.016135827 0.034012883 0.038972905 0.020495729 0.0020185542 -0.016458621
