P1_models/J1_p1_vp_slide_diff2_260.dat.tif
NCOLS 118
NROWS 92
XLLCORNER 139.62
YLLCORNER -39.07
DX 0.099491525
DY 0.099347826
NODATA_VALUE -9999
[rows 24 to 47 of 92, columns 0 to 53 of 118]
-9999 -0.03314984 -0.029710042 -0.026270245 -0.022830448 -0.019390651 -0.015950854 -0.014148587 -0.014831327 -0.015514067 -0.016196808 -0.016879548 -0.017562288 -0.017912713 -0.017597656 -0.0172826 -0.016967543 -0.016652487 -0.01633743 -0.016621729 -0.018298658 -0.019975588 -0.021652518 -0.023329447 -0.025006377 -0.026421286 -0.027133915 -0.027846545 -0.028559174 -0.029271803 -0.029984432 -0.030090523 -0.027380475 -0.024670427 -0.021960379 -0.019250331 -0.016540283 -0.016717809 -0.023165203 -0.029612597 -0.036059991 -0.042507384 -0.048954778 -0.055559572 -0.06227752 -0.068995467 -0.075713414 -0.082431361 -0.089224654 -0.082606935 -0.068909617 -0.055212299 -0.04151498 -0.027817662
-9999 -0.031752924 -0.028313127 -0.024873329 -0.021433532 -0.017993735 -0.015153406 -0.013798862 -0.013930264 -0.014613004 -0.015295745 -0.015978485 -0.016661225 -0.018758448 -0.022307188 -0.021992131 -0.021677075 -0.021362018 -0.021046962 -0.021334252 -0.023011182 -0.024688111 -0.026365041 -0.02804197 -0.029319337 -0.02898876 -0.02713659 -0.027849219 -0.028561849 -0.029274478 -0.029987107 -0.029530661 -0.026820613 -0.024110565 -0.021400517 -0.01869047 -0.020298375 -0.020257726 -0.016741201 -0.023188595 -0.029635989 -0.036083383 -0.042530777 -0.055776187 -0.067453418 -0.074171365 -0.080889312 -0.087607259 -0.094325206 -0.090561924 -0.078048682 -0.064351364 -0.050654046 -0.036956728
-9999 -0.030220431 -0.026780633 -0.023340836 -0.019901039 -0.017382286 -0.015028904 -0.01367436 -0.013472604 -0.013342198 -0.014024938 -0.014707678 -0.015390418 -0.017487641 -0.022417446 -0.027347251 -0.027092165 -0.026777109 -0.026462052 -0.026749342 -0.028426272 -0.030103202 -0.031780131 -0.032735988 -0.033242731 -0.032912154 -0.030337347 -0.02776254 -0.028364421 -0.02907705 -0.029789679 -0.029333234 -0.026623186 -0.023913138 -0.02120309 -0.025173585 -0.031783195 -0.031742546 -0.022187757 -0.014954563 -0.021401957 -0.027849351 -0.034296745 -0.047542155 -0.065674573 -0.07976042 -0.086478367 -0.093196314 -0.099914261 -0.096150979 -0.090576255 -0.079604426 -0.065907108 -0.05220979
-9999 -0.028687938 -0.02524814 -0.021964549 -0.019611167 -0.017257784 -0.014904402 -0.013549858 -0.013348102 -0.013146347 -0.012944591 -0.013436872 -0.014119612 -0.016216834 -0.02114664 -0.026076445 -0.03100625 -0.032192199 -0.031877143 -0.032164433 -0.033841363 -0.035518292 -0.036152638 -0.036659381 -0.037166125 -0.036835547 -0.03426074 -0.031685934 -0.029111127 -0.028879623 -0.029592252 -0.029135807 -0.026425759 -0.023715711 -0.030048795 -0.036658405 -0.043268015 -0.043227366 -0.033672577 -0.024117788 -0.014563 -0.019615318 -0.026062712 -0.039308123 -0.05744054 -0.075572958 -0.092067422 -0.098785369 -0.10550332 -0.10174003 -0.09616531 -0.090590587 -0.08116017 -0.067462852
-9999 -0.027155445 -0.024193429 -0.021840047 -0.019486665 -0.017133282 -0.0147799 -0.013425356 -0.013223601 -0.013021845 -0.012820089 -0.012618333 -0.012848805 -0.014946028 -0.019875833 -0.024805638 -0.029735443 -0.034665248 -0.037292234 -0.037579524 -0.039062544 -0.039569288 -0.040076031 -0.040582775 -0.041089518 -0.040758941 -0.038184134 -0.035609327 -0.03303452 -0.030459713 -0.029394825 -0.028938379 -0.028314396 -0.034924006 -0.041533616 -0.048143225 -0.054752835 -0.054712186 -0.045157397 -0.035602608 -0.02604782 -0.016493031 -0.01782868 -0.03107409 -0.049206508 -0.067338926 -0.085471344 -0.10360376 -0.11109237 -0.10732909 -0.10175437 -0.096179642 -0.090604919 -0.082715914
-9999 -0.027802037 -0.025448654 -0.023095272 -0.02074189 -0.018388507 -0.016035125 -0.014097731 -0.013895975 -0.01369422 -0.013492464 -0.013290708 -0.013088952 -0.014102954 -0.019032759 -0.023962564 -0.028892369 -0.033822175 -0.03875198 -0.042344317 -0.042851061 -0.043357804 -0.043864548 -0.044371291 -0.044878035 -0.045416066 -0.042841259 -0.040266452 -0.037691645 -0.035116838 -0.032542031 -0.03310432 -0.03971393 -0.04632354 -0.05293315 -0.05954276 -0.06615237 -0.066343628 -0.05678884 -0.047234051 -0.037679262 -0.028124474 -0.018569685 -0.023318711 -0.041451128 -0.059583546 -0.077715964 -0.095848382 -0.1139808 -0.11312608 -0.10755136 -0.10197663 -0.09640191 -0.090827187
-9999 -0.040415617 -0.038062235 -0.035708852 -0.03335547 -0.031002088 -0.021649471 -0.017811368 -0.021128497 -0.020926741 -0.020724986 -0.02052323 -0.020321474 -0.020638883 -0.021995947 -0.026640728 -0.031570533 -0.036500338 -0.041430143 -0.045022481 -0.045529224 -0.046035968 -0.046542711 -0.047049455 -0.045987929 -0.046360271 -0.052512726 -0.050963887 -0.048389081 -0.045814274 -0.043239467 -0.043801756 -0.050411366 -0.057020976 -0.063630586 -0.070240196 -0.047336569 -0.04174172 -0.069627327 -0.060072538 -0.050517749 -0.040962961 -0.031408172 -0.029960697 -0.037636172 -0.05576859 -0.073901007 -0.092033425 -0.11016584 -0.11619969 -0.11506015 -0.10948543 -0.1039107 -0.09833598
-9999 -0.053029198 -0.050675815 -0.048322433 -0.04444115 -0.034316012 -0.024190873 -0.02035277 -0.023770711 -0.027188653 -0.027957507 -0.027755752 -0.027553996 -0.027871404 -0.029228469 -0.030585533 -0.034248697 -0.039178502 -0.044108307 -0.047700645 -0.048207388 -0.048714132 -0.049220875 -0.047529904 -0.045745689 -0.046118031 -0.052270486 -0.058422941 -0.059086516 -0.056511709 -0.053936902 -0.054499192 -0.061108802 -0.067718412 -0.072330243 -0.042080267 -0.01183029 -0.0062354406 -0.035913248 -0.065591055 -0.063356236 -0.053801448 -0.044246659 -0.042799184 -0.047179953 -0.051953633 -0.070086051 -0.088218469 -0.10635089 -0.11238473 -0.11632762 -0.11699422 -0.1114195 -0.10584477
-9999 -0.065642778 -0.063289396 -0.05710769 -0.046982552 -0.036857414 -0.026732275 -0.022894172 -0.026312113 -0.029730055 -0.033147997 -0.034988273 -0.034786518 -0.035103926 -0.03646099 -0.037818055 -0.039175119 -0.041856666 -0.046786471 -0.050378808 -0.050885552 -0.050856094 -0.049071879 -0.047287664 -0.04550345 -0.045875792 -0.052028247 -0.058180701 -0.064333156 -0.067209145 -0.064634338 -0.065196627 -0.071806237 -0.067073941 -0.036823964 -0.0065739876 0.023675989 0.029270838 -0.00040696915 -0.030084777 -0.059762584 -0.066639935 -0.057085146 -0.055637671 -0.06001844 -0.064399209 -0.068779977 -0.084403512 -0.10253593 -0.10856978 -0.11251266 -0.11645555 -0.11892829 -0.11335357
-9999 -0.078256358 -0.069774231 -0.059649092 -0.049523954 -0.039398816 -0.029273677 -0.025435573 -0.028853515 -0.032271457 -0.035689398 -0.03910734 -0.042019039 -0.042336448 -0.043693512 -0.045050577 -0.046407641 -0.047764705 -0.049464635 -0.053056972 -0.052398069 -0.050613854 -0.04882964 -0.047045425 -0.04526121 -0.045633552 -0.051786007 -0.057938462 -0.064090916 -0.070243371 -0.075331774 -0.075894063 -0.061817639 -0.031567662 -0.0013176855 0.028932291 0.059182268 0.064777117 0.03509931 0.0054215023 -0.024256305 -0.053934113 -0.069923633 -0.068476158 -0.072856927 -0.077237696 -0.081618465 -0.085999234 -0.098720973 -0.10475482 -0.1086977 -0.11264059 -0.11658347 -0.12052636
-9999 -0.081805457 -0.071680318 -0.06155518 -0.051430041 -0.041304903 -0.031179765 -0.02593823 -0.030035853 -0.033453794 -0.036871736 -0.040289678 -0.043707619 -0.044046797 -0.04426473 -0.045621794 -0.046978858 -0.048335923 -0.049692987 -0.050100176 -0.048315961 -0.046531746 -0.044747532 -0.042963317 -0.041179102 -0.047576323 -0.049869687 -0.056022142 -0.062174597 -0.068327051 -0.074479506 -0.068198081 -0.037948104 -0.0076981276 0.022551849 0.052801826 0.083051803 0.086699134 0.059598518 0.029920711 0.0002429034 -0.029434904 -0.059112711 -0.078878064 -0.083258833 -0.087639602 -0.092020371 -0.09640114 -0.10078191 -0.10028215 -0.10422503 -0.10816792 -0.1121108 -0.11605368
-9999 -0.082663735 -0.072538597 -0.062413459 -0.05228832 -0.036242959 -0.0055772243 0.0004027664 -0.022107762 -0.03239466 -0.035812602 -0.039230543 -0.042648485 -0.042987663 -0.037161439 -0.035206686 -0.036563751 -0.037920815 -0.039277879 -0.039685068 -0.037900853 -0.036116639 -0.034332424 -0.034017802 -0.054562802 -0.066244211 -0.054168975 -0.051344803 -0.057497258 -0.063649713 -0.069802167 -0.063520742 -0.033270766 -0.0030207888 0.027229188 0.050737646 0.042597722 0.04220837 0.052907311 0.036266229 0.0065884218 -0.023089386 -0.052767193 -0.07371273 -0.088380748 -0.094022916 -0.098403685 -0.10278445 -0.10716522 -0.10279744 -0.0986676 -0.10261048 -0.10655337 -0.11049625
-9999 -0.083522014 -0.073396876 -0.063271737 -0.040567697 -0.0099019627 0.020763772 0.026743763 0.0042332341 -0.018277294 -0.034753467 -0.038171409 -0.041589351 -0.041928529 -0.036102305 -0.030276081 -0.026148643 -0.027505707 -0.028862772 -0.02926996 -0.027485746 -0.025701531 -0.03214069 -0.05268569 -0.07323069 -0.084912099 -0.072836864 -0.060761628 -0.052819919 -0.058972374 -0.065124829 -0.058843403 -0.028593427 0.0016565501 0.014386807 0.0062468821 -0.0018930423 -0.0022823942 0.008416547 0.019115488 0.01293394 -0.016743867 -0.046421675 -0.067367211 -0.082035229 -0.096703247 -0.104787 -0.10916777 -0.11354854 -0.10918075 -0.10330098 -0.09742121 -0.10099594 -0.10493882
-9999 -0.084380293 -0.074255155 -0.044892436 -0.014226701 0.016439034 0.047104768 0.053084759 0.03057423 0.0080637019 -0.014446827 -0.036957355 -0.040530217 -0.040869394 -0.035043171 -0.029216947 -0.023390723 -0.017564499 -0.018447664 -0.018854853 -0.017070638 -0.030263578 -0.050808578 -0.071353578 -0.091898578 -0.10357999 -0.091504752 -0.079429516 -0.06735428 -0.055279045 -0.06044749 -0.054166065 -0.023916088 -0.021964033 -0.030103958 -0.038243882 -0.046383806 -0.046773158 -0.036074217 -0.025375276 -0.014676335 -0.010398349 -0.040076156 -0.061021693 -0.075689711 -0.090357729 -0.10502575 -0.11555108 -0.11993185 -0.11556407 -0.10968429 -0.10380452 -0.097924752 -0.099381392
-9999 -0.079882909 -0.049217174 -0.01855144 0.012114295 0.04278003 0.073445764 0.079425755 0.056915227 0.034404698 0.01189417 -0.010616359 -0.033126887 -0.03981026 -0.033984036 -0.028157813 -0.022331589 -0.016505365 -0.010679142 -0.0084397449 -0.028386467 -0.048931467 -0.069476467 -0.090021467 -0.11056647 -0.12224788 -0.11017264 -0.098097405 -0.086022169 -0.073946933 -0.061871697 -0.050174948 -0.058314873 -0.066454797 -0.074594722 -0.082734646 -0.090874571 -0.091263923 -0.080564981 -0.06986604 -0.059167099 -0.048468158 -0.037769216 -0.054676174 -0.069344192 -0.08401221 -0.098680229 -0.11334825 -0.12631516 -0.12194738 -0.11606761 -0.11018784 -0.10430807 -0.098428294
-9999 -0.073000796 -0.042335061 -0.011669326 0.018996408 0.049662143 0.068370677 0.060231374 0.037720845 0.015210317 -0.0073002118 -0.02981074 -0.046466076 -0.04845063 -0.04458206 -0.038755836 -0.032929612 -0.027103388 -0.021277165 -0.023425204 -0.043970204 -0.064515204 -0.085060204 -0.1056052 -0.11888802 -0.11732692 -0.126298 -0.11422276 -0.10214753 -0.090072293 -0.077997057 -0.072826659 -0.080966583 -0.089106507 -0.097246432 -0.10538636 -0.10833262 -0.1004259 -0.089726957 -0.079028016 -0.068329075 -0.057630133 -0.05356898 -0.055168555 -0.065256835 -0.079924853 -0.094592871 -0.10926089 -0.12392891 -0.12107705 -0.11519728 -0.1093175 -0.10343773 -0.097089083
-9999 -0.072699945 -0.04203421 -0.011368475 0.019297259 0.029462891 0.033775604 0.025636301 0.0031257724 -0.019384756 -0.041895285 -0.052666103 -0.057024158 -0.059008712 -0.056240195 -0.05329647 -0.047470246 -0.041644023 -0.035817799 -0.037965838 -0.058510838 -0.079055838 -0.099600838 -0.10391837 -0.094822519 -0.093261421 -0.11189534 -0.12948821 -0.11741297 -0.10533773 -0.093262498 -0.0880921 -0.096232024 -0.10437195 -0.11251187 -0.1115009 -0.10554591 -0.097639192 -0.086940251 -0.076241309 -0.065542368 -0.064771421 -0.066773602 -0.068373177 -0.069683323 -0.076601236 -0.091269254 -0.10593727 -0.12060529 -0.11775343 -0.11187366 -0.10599389 -0.098881718 -0.089461114
-9999 -0.072399093 -0.041733359 -0.013757608 -0.009444895 -0.005132182 -0.00081946901 -0.0089587719 -0.0314693 -0.053979829 -0.05886613 -0.063224185 -0.06758224 -0.069566794 -0.066798277 -0.064029759 -0.061261242 -0.056184657 -0.050358433 -0.052506472 -0.073051472 -0.093596472 -0.088948714 -0.079852867 -0.07075702 -0.069195922 -0.087829842 -0.10646376 -0.12509768 -0.12060318 -0.10852794 -0.10335754 -0.11149747 -0.11963739 -0.11466918 -0.10871419 -0.1027592 -0.094852485 -0.084153544 -0.07397168 -0.075973861 -0.077976043 -0.079978224 -0.081577799 -0.082887945 -0.084198091 -0.087945637 -0.10261366 -0.11728167 -0.11442981 -0.10855004 -0.10067435 -0.091253749 -0.081833145
-9999 -0.072098242 -0.052665394 -0.048352681 -0.044039968 -0.039727255 -0.035414542 -0.043553845 -0.060708102 -0.065066157 -0.069424212 -0.073782267 -0.078140322 -0.080124876 -0.077356359 -0.074587841 -0.071819324 -0.069050806 -0.064899067 -0.067047106 -0.083074909 -0.073979062 -0.064883215 -0.055787368 -0.046691521 -0.045130423 -0.063764343 -0.082398262 -0.10103218 -0.1196661 -0.12379338 -0.11862298 -0.12379245 -0.11783746 -0.11188248 -0.10592749 -0.099972496 -0.092065779 -0.085174121 -0.087176302 -0.089178483 -0.091180665 -0.093182846 -0.094782421 -0.096092567 -0.097402713 -0.09871286 -0.10002301 -0.11395806 -0.1111062 -0.10246699 -0.093046383 -0.083625779 -0.074205175
-9999 -0.088326996 -0.084014283 -0.07970157 -0.075388857 -0.071076144 -0.066763431 -0.060394498 -0.064752553 -0.069110608 -0.073468663 -0.077826718 -0.082184774 -0.090486114 -0.087717596 -0.084949079 -0.082180561 -0.079412044 -0.076643526 -0.071961719 -0.062865872 -0.053770025 -0.044674179 -0.035578332 -0.026482485 -0.024486137 -0.043120056 -0.061753976 -0.080387895 -0.099021815 -0.11765573 -0.12789089 -0.1219359 -0.11598091 -0.11002592 -0.10407093 -0.09811594 -0.094335912 -0.096338093 -0.098340275 -0.10034246 -0.10234464 -0.10434682 -0.10637001 -0.10768016 -0.10899031 -0.11030045 -0.1116106 -0.11292074 -0.10691546 -0.09749486 -0.088074256 -0.078653652 -0.069233048
-9999 -0.095192988 -0.090880275 -0.086567562 -0.082254849 -0.077942136 -0.06657148 -0.047122584 -0.019670835 -0.02402889 -0.028386945 -0.032745 -0.037103055 -0.053185092 -0.092745079 -0.093825701 -0.091057184 -0.088288666 -0.085520149 -0.080838342 -0.071742495 -0.062646648 -0.053550801 -0.044454954 -0.040307067 -0.041154399 -0.049589594 -0.066912664 -0.085546584 -0.1041805 -0.12281442 -0.13304958 -0.12709459 -0.1211396 -0.11518461 -0.10922962 -0.098940476 -0.092217485 -0.092111372 -0.094113553 -0.096115734 -0.098117915 -0.1001201 -0.10345804 -0.10707202 -0.10838217 -0.10969232 -0.11100246 -0.11231261 -0.1157006 -0.11255324 -0.10313264 -0.093712035 -0.084291431
-9999 -0.10205898 -0.097746266 -0.093433553 -0.087511496 -0.075459321 -0.063407146 -0.04395825 -0.015972589 0.012013072 0.016694773 0.012336718 0.0079786631 -0.0081033741 -0.04766336 -0.087223346 -0.099933806 -0.097165289 -0.094396771 -0.089714964 -0.080619117 -0.071523271 -0.062427424 -0.060233613 -0.058249918 -0.05909725 -0.067532445 -0.07596764 -0.090705273 -0.10933919 -0.12797311 -0.13820826 -0.13225327 -0.12629829 -0.11999529 -0.10870048 -0.097405658 -0.090682667 -0.090500323 -0.090317979 -0.091889013 -0.093891194 -0.095893375 -0.09923132 -0.10352953 -0.10777403 -0.10908418 -0.11039433 -0.11170447 -0.11509246 -0.11883956 -0.11819102 -0.10877042 -0.099349813
-9999 -0.10892497 -0.10461226 -0.096399337 -0.084347162 -0.072294987 -0.060242812 -0.040793916 -0.012808255 0.015177406 0.043163067 0.057418436 0.053060381 0.036978344 -0.0025816419 -0.042141628 -0.081701614 -0.10604191 -0.10327339 -0.098591587 -0.08949574 -0.082143855 -0.08016016 -0.078176465 -0.07619277 -0.077040102 -0.085475297 -0.093910492 -0.10234569 -0.11449788 -0.1331318 -0.14336695 -0.13741196 -0.12975529 -0.11846047 -0.10716566 -0.095870839 -0.089147849 -0.088965505 -0.088783161 -0.088600817 -0.089664472 -0.091666653 -0.095004598 -0.099302807 -0.10360102 -0.10789922 -0.10978619 -0.11109634 -0.11448433 -0.11823143 -0.12197853 -0.1238288 -0.1144082
-9999 -0.11579096 -0.10528718 -0.093235003 -0.081182828 -0.069130653 -0.057078478 -0.037629582 -0.0096439211 0.01834174 0.046327401 0.074313063 0.0981421 0.082060063 0.042500076 0.0029400902 -0.036619896 -0.076179882 -0.11215002 -0.10746821 -0.1020704 -0.10008671 -0.098103012 -0.096119316 -0.094135621 -0.094982953 -0.10341815 -0.11185334 -0.12028854 -0.12872373 -0.13829049 -0.14852564 -0.13951529 -0.12822047 -0.11692566 -0.10563084 -0.094336021 -0.08761303 -0.087430686 -0.087248343 -0.087065999 -0.086883655 -0.087439932 -0.090777877 -0.095076085 -0.099374294 -0.1036725 -0.10797071 -0.1104882 -0.11387619 -0.11762329 -0.12137039 -0.12511749 -0.12886459
