P1_models/J1_p1_vp_slide_diff2_35.dat.tif
NCOLS 118
NROWS 92
XLLCORNER 139.62
YLLCORNER -39.07
DX 0.099491525
DY 0.099347826
NODATA_VALUE -9999
[rows 0 to 24 of 92, columns 0 to 55 of 118]
-9999 -9999 -9999 -9999 -9999 -9999 -9999 -9999 -9999 -9999 -9999 -9999 -9999 -9999 -9999 -9999 -9999 -9999 -9999 -9999 -9999 -9999 -9999 -9999 -9999 -9999 -9999 -9999 -9999 -9999 -9999 -9999 -9999 -9999 -9999 -9999 -9999 -9999 -9999 -9999 -9999 -9999 -9999 -9999 -9999 -9999 -9999 -9999 -9999 -9999 -9999 -9999 -9999 -9999 -9999 -9999
-9999 0.14216314 0.15538491 0.16860668 0.18182846 0.19505023 0.20954274 0.21930629 0.21395681 0.20367705 0.19339729 0.18311753 0.17283777 0.16112809 0.15632238 0.16271538 0.16910837 0.17550136 0.18189436 0.1871153 0.18963227 0.19214924 0.19466621 0.19718318 0.19882427 0.19557936 0.19362978 0.19145497 0.18928015 0.18710533 0.18493052 0.1811597 0.17431233 0.16746495 0.16061757 0.15377019 0.14971312 0.15176206 0.14972405 0.1464187 0.14311335 0.139808 0.13650266 0.13771223 0.1353345 0.13077465 0.12621479 0.12165494 0.11709509 0.10185706 0.10284593 0.10383481 0.10482368 0.10581255 0.10807886 0.11119084
-9999 0.14793918 0.16116095 0.17438273 0.1876045 0.20308536 0.2199813 0.22974485 0.23127669 0.2291045 0.21882474 0.20854499 0.19826523 0.18655555 0.17198236 0.16197296 0.16836595 0.17475895 0.18115194 0.18637288 0.18888985 0.19140682 0.19392379 0.19399982 0.19021102 0.18696611 0.18517897 0.18331755 0.18114273 0.17896792 0.1767931 0.17302229 0.16617491 0.15932753 0.15248016 0.15082516 0.15454142 0.15659037 0.15625398 0.15482932 0.15152397 0.14821863 0.14491328 0.14612285 0.15057815 0.1498753 0.14531545 0.14075559 0.13619574 0.12013388 0.10208417 0.10075585 0.10174473 0.1027336 0.1049999 0.11169106
-9999 0.15371522 0.166937 0.18015877 0.19662797 0.21352392 0.23041986 0.24018341 0.24171525 0.2432471 0.2442522 0.23397244 0.22369268 0.211983 0.19740981 0.18283663 0.16826344 0.17401653 0.18040952 0.18563046 0.18814743 0.1906644 0.18917537 0.18538657 0.18159777 0.17835286 0.17656572 0.17477858 0.17299144 0.1708305 0.16865569 0.16488487 0.1580375 0.15119012 0.1519372 0.15565346 0.15936973 0.16141867 0.16108229 0.1607459 0.1599346 0.15662925 0.1533239 0.15453348 0.15898878 0.16344408 0.1644161 0.15985625 0.15529639 0.13923454 0.12118482 0.1031351 0.098665771 0.099654645 0.10192095 0.10861211
-9999 0.15949127 0.17327464 0.19017059 0.20706653 0.22396248 0.24085842 0.25062197 0.25215381 0.25368565 0.2552175 0.25674934 0.24912014 0.23741046 0.22283727 0.20826408 0.1936909 0.17911771 0.1796671 0.18488805 0.18740502 0.18435093 0.18056212 0.17677332 0.17298452 0.16973961 0.16795247 0.16616533 0.1643782 0.16259106 0.16051827 0.15674746 0.14990008 0.15304925 0.15676551 0.16048177 0.16419803 0.16624698 0.16591059 0.16557421 0.16523782 0.16490144 0.16173452 0.1629441 0.1673994 0.1718547 0.17631 0.1789569 0.17439705 0.15833519 0.14028547 0.12223576 0.10418604 0.096575691 0.098841994 0.10553315
-9999 0.16681726 0.1837132 0.20060915 0.21750509 0.23440104 0.25129698 0.26106053 0.26259237 0.26412421 0.26565606 0.2671879 0.26871974 0.26283791 0.24826473 0.23369154 0.21911835 0.20454516 0.18997198 0.18331528 0.17952648 0.17573768 0.17194887 0.16816007 0.16437127 0.16112636 0.15933922 0.15755208 0.15576495 0.15397781 0.15219067 0.15044503 0.15416129 0.15787755 0.16159381 0.16531007 0.16902633 0.17107528 0.1707389 0.17040251 0.17006613 0.16972974 0.16939336 0.17135472 0.17581002 0.18026532 0.18472062 0.18917592 0.1934977 0.17743585 0.15938613 0.14133641 0.12328669 0.10523698 0.095763039 0.1024542
-9999 0.18625244 0.20314839 0.22004433 0.23694028 0.25383622 0.27052022 0.28008899 0.28162083 0.28315267 0.28468452 0.28621636 0.281985 0.27057919 0.25815732 0.24358413 0.22901094 0.21443776 0.19986457 0.18855242 0.18476362 0.18097481 0.17718601 0.17339721 0.16671939 0.15889794 0.16032371 0.15853657 0.15674944 0.1549623 0.15317516 0.1532678 0.15698407 0.16070033 0.16441659 0.16813285 0.17770383 0.18673573 0.18639935 0.18606296 0.18572658 0.18539019 0.19007168 0.19509352 0.19900647 0.20346177 0.20791707 0.21237237 0.21682767 0.20209428 0.18404456 0.16599485 0.14794513 0.13128157 0.12305841 0.12974957
-9999 0.20711295 0.2240089 0.24090484 0.25780078 0.27437717 0.29090957 0.30047833 0.30201018 0.30354202 0.30507386 0.29706677 0.28584266 0.27443685 0.26266716 0.25089748 0.23644237 0.22186919 0.207296 0.19598385 0.19219504 0.18840624 0.18461744 0.17580664 0.16425451 0.15643306 0.15861074 0.16078842 0.15925448 0.15746734 0.15568021 0.15577285 0.15948911 0.16320537 0.16692163 0.1795002 0.1950804 0.2041123 0.20377591 0.20343953 0.20310315 0.20959012 0.21702728 0.22204912 0.22533461 0.22900071 0.23345601 0.23791131 0.24236661 0.22763322 0.20958351 0.19153379 0.17591792 0.16338909 0.15516594 0.1618571
-9999 0.22797346 0.2448694 0.26170173 0.27823413 0.29476652 0.31129891 0.32086768 0.32239952 0.32337265 0.31214854 0.30092443 0.28970031 0.2782945 0.26652482 0.25475514 0.24298546 0.22930061 0.21472743 0.20341528 0.19962647 0.19583767 0.18489388 0.17334175 0.16178963 0.15396817 0.15614586 0.15832354 0.16050123 0.15997239 0.15818525 0.15827789 0.16199416 0.16571636 0.18129656 0.19687677 0.21245697 0.22148887 0.22115248 0.2216714 0.22910856 0.23654572 0.24398289 0.24900472 0.25229021 0.2555757 0.25899496 0.26345026 0.26790556 0.25317217 0.23512245 0.22055427 0.20802544 0.19549662 0.18727346 0.19396462
-9999 0.24883396 0.26555869 0.28209108 0.29862347 0.31515586 0.33168826 0.34125702 0.33845442 0.32723031 0.31600619 0.30478208 0.29355797 0.28215216 0.27038247 0.25861279 0.24684311 0.23507343 0.22215886 0.2108467 0.20553325 0.19398113 0.182429 0.17087687 0.15932474 0.15150329 0.15368097 0.15585866 0.15803634 0.16021403 0.1606903 0.16078294 0.16751272 0.18309293 0.19867313 0.21425334 0.22983354 0.23886544 0.24118983 0.248627 0.25606416 0.26350132 0.27093849 0.27596032 0.27924581 0.2825313 0.28581679 0.28910228 0.2934445 0.27871111 0.26519062 0.2526618 0.24013297 0.22760414 0.21938099 0.22082152
-9999 0.26812757 0.28465996 0.30119235 0.31772474 0.33425714 0.35078953 0.35346307 0.34223896 0.33101485 0.31979074 0.30856662 0.29734251 0.28456865 0.27279897 0.26102929 0.24925961 0.23748993 0.22572024 0.21401635 0.20246422 0.19091209 0.17935997 0.16780784 0.15625571 0.14980433 0.15198202 0.1541597 0.15633739 0.15851507 0.16069275 0.1674483 0.1830285 0.19860871 0.21418891 0.22976912 0.24534932 0.25831865 0.26575582 0.27319298 0.28063014 0.28806731 0.29550447 0.2972664 0.30055189 0.30383738 0.30712287 0.31040836 0.31369385 0.30349541 0.29096659 0.27843776 0.26590894 0.25338011 0.24120594 0.22051579
-9999 0.27878717 0.29531957 0.31185196 0.32838435 0.34491674 0.3562263 0.35676846 0.34554434 0.33432023 0.32309612 0.31187201 0.30219548 0.28869223 0.26660031 0.25400085 0.24223116 0.23046148 0.2186918 0.2069879 0.19543578 0.18388365 0.17233152 0.1607794 0.15678749 0.15624411 0.15563232 0.1574804 0.15965809 0.16183577 0.16401345 0.170769 0.1863492 0.20192941 0.21750961 0.23308982 0.25231575 0.26722374 0.2746609 0.28209806 0.28953523 0.29697239 0.29940093 0.2932594 0.28483258 0.28811807 0.29140356 0.29468905 0.29797454 0.2877761 0.27524728 0.26271845 0.25018963 0.2453498 0.24197609 0.22128594
-9999 0.28944678 0.30597917 0.32251157 0.3380575 0.34879459 0.35953169 0.36007384 0.34884973 0.33762562 0.32647997 0.31726559 0.3080512 0.29454796 0.27245603 0.25036411 0.23520272 0.22343304 0.21166336 0.19995946 0.18840733 0.17685521 0.16530308 0.16404981 0.16353196 0.16298858 0.1623768 0.16176501 0.16297879 0.16515647 0.16733416 0.1740897 0.18966991 0.20525011 0.22096083 0.24109083 0.26122083 0.27612882 0.28356598 0.29100315 0.29762315 0.29977749 0.30193182 0.29579029 0.28368496 0.27239876 0.27568425 0.27896974 0.28225523 0.27205679 0.25952797 0.24699914 0.24449451 0.24611995 0.24274625 0.22205609
-9999 0.30010639 0.31663878 0.33062579 0.34136289 0.35209998 0.36283707 0.36337923 0.35215511 0.34155008 0.3323357 0.32312131 0.31390693 0.30040369 0.27831176 0.25621983 0.2341279 0.21640459 0.20463491 0.19293101 0.18137889 0.17183 0.17131214 0.17079429 0.17027644 0.16973306 0.16912127 0.16850948 0.16789769 0.16847717 0.17065486 0.1774104 0.19299061 0.20973591 0.22986591 0.24999591 0.27012591 0.2850339 0.29247107 0.2979997 0.30015404 0.30230837 0.30446271 0.29832117 0.28621585 0.27411052 0.2620052 0.26325043 0.26653592 0.25633748 0.24380866 0.24363922 0.24526466 0.2468901 0.2435164 0.22282625
-9999 0.310766 0.32319409 0.33393118 0.34466827 0.35540536 0.36614246 0.36668461 0.35662019 0.3474058 0.33819142 0.32897704 0.31976266 0.30625941 0.28416749 0.26207556 0.23998363 0.2178917 0.19760647 0.18590257 0.17909233 0.17857447 0.17805662 0.17753877 0.17702091 0.17647753 0.17586575 0.17525396 0.17464217 0.17403038 0.17397556 0.1807311 0.19851099 0.21864099 0.23877099 0.258901 0.279031 0.29393899 0.29837625 0.30053059 0.30268492 0.30483926 0.30699359 0.30085206 0.28874673 0.27664141 0.26453608 0.25243076 0.25081661 0.24115849 0.24278393 0.24440937 0.24603481 0.24766026 0.24428655 0.21959431
-9999 0.31168328 0.32242037 0.33315746 0.34389456 0.35463165 0.36536874 0.36857934 0.35936496 0.35015057 0.34093619 0.33172181 0.32250742 0.30793644 0.28568264 0.26359071 0.24149879 0.21940686 0.19731493 0.18174668 0.18122883 0.18071097 0.18019312 0.17967527 0.17915741 0.18222252 0.18391316 0.18330137 0.18268958 0.18207779 0.181466 0.18793893 0.20806893 0.22819894 0.24832894 0.26845894 0.28858894 0.29444571 0.29660004 0.29875438 0.30090871 0.30306304 0.30521738 0.30277276 0.29066744 0.27856211 0.26645679 0.25435146 0.24224614 0.24156222 0.24318766 0.2448131 0.24643855 0.24806399 0.24613077 0.21783906
-9999 0.30143122 0.31216831 0.3229054 0.33364249 0.34526411 0.36189192 0.36585465 0.35520025 0.3456666 0.33645222 0.32723784 0.31802345 0.30345247 0.2781546 0.25501995 0.23292803 0.2108361 0.18874417 0.17317592 0.17265807 0.17214021 0.17162236 0.17110451 0.16494766 0.16592251 0.18714944 0.19437633 0.19376454 0.19315275 0.19254096 0.19901389 0.21914389 0.23927389 0.2594039 0.27939035 0.29610813 0.30063032 0.287705 0.28697003 0.28912437 0.2912787 0.29343304 0.29319428 0.29117031 0.27906498 0.26695966 0.25485433 0.242749 0.24166987 0.24273996 0.2443654 0.24599085 0.24761629 0.24568307 0.23142309
-9999 0.29117915 0.30191625 0.31265334 0.3260186 0.34264641 0.35927421 0.36323694 0.35258254 0.34192814 0.33196825 0.32275387 0.31353948 0.2989685 0.27367063 0.24837275 0.22435727 0.20226534 0.18017341 0.16460516 0.16408731 0.16356946 0.16181004 0.15522884 0.14864764 0.14962249 0.17084942 0.19207636 0.20483949 0.20422771 0.20361592 0.21008885 0.23021885 0.25034885 0.26947029 0.28618807 0.30290585 0.30742804 0.29450272 0.2815774 0.27734002 0.27949436 0.28164869 0.28140994 0.27945083 0.27749172 0.26746253 0.2553572 0.24325187 0.24217274 0.24299923 0.2439177 0.24554315 0.24716859 0.24523537 0.23097539
-9999 0.28092709 0.29166419 0.30677308 0.32340089 0.3400287 0.3566565 0.36061923 0.34996483 0.33931043 0.32865603 0.3182699 0.30905552 0.29448454 0.26918666 0.24388878 0.21859091 0.19369458 0.17160266 0.15603441 0.15551655 0.15209122 0.14551002 0.13892882 0.13234762 0.13332247 0.15454941 0.17577634 0.19700328 0.21530266 0.21469087 0.2211638 0.24129381 0.25955022 0.276268 0.29298578 0.30970356 0.31422576 0.30130043 0.28837511 0.27544979 0.26771001 0.26986435 0.2696256 0.26766649 0.26570738 0.26374827 0.25586007 0.24375474 0.24267561 0.2435021 0.24432859 0.24515508 0.24672089 0.24478767 0.2305277
-9999 0.27089976 0.28752757 0.30415537 0.32078318 0.33741099 0.35403879 0.35800152 0.34734712 0.33669272 0.32603832 0.31538392 0.30472952 0.29000057 0.26470269 0.23940481 0.21410694 0.18880906 0.16351119 0.14746365 0.1423724 0.1357912 0.12921 0.1226288 0.1160476 0.11702245 0.13824939 0.15947633 0.18070326 0.2019302 0.22315714 0.23223876 0.24963016 0.26634794 0.28306572 0.2997835 0.31650128 0.32102347 0.30809815 0.29517283 0.28224751 0.26932219 0.25808001 0.25784125 0.25588214 0.25392303 0.25196392 0.25000481 0.24425761 0.24317848 0.24400497 0.24483146 0.24565795 0.24648444 0.24433997 0.23008
-9999 0.25525922 0.27188703 0.28851483 0.30514264 0.32177045 0.33635383 0.33491998 0.32426558 0.31361118 0.30295678 0.29230238 0.2815595 0.27400956 0.25911527 0.2338174 0.20851952 0.18322164 0.15792377 0.13828553 0.13170434 0.12512314 0.11854194 0.11196074 0.10537954 0.12126167 0.14643649 0.16766343 0.18889037 0.2101173 0.23134424 0.251031 0.26774878 0.28446656 0.30118434 0.31790212 0.33352873 0.3329513 0.32002598 0.30710066 0.29417534 0.28125002 0.26869202 0.25377266 0.25015051 0.2481914 0.24623229 0.24427318 0.24231407 0.24273007 0.24355657 0.24438306 0.24520955 0.24603604 0.22950851 0.21524853
-9999 0.22979531 0.24642312 0.26305093 0.27967873 0.29128069 0.29783604 0.29640219 0.28574779 0.27509339 0.26443899 0.25333133 0.24144454 0.2338946 0.23502947 0.22739762 0.20209975 0.17680187 0.151504 0.13186576 0.12528456 0.11870336 0.11212217 0.1102334 0.12083372 0.13674407 0.16688663 0.19432162 0.21554856 0.2367755 0.25800243 0.27768919 0.29440697 0.31112475 0.32784253 0.34127272 0.34932631 0.34874888 0.33582356 0.32289823 0.30997291 0.29771512 0.28608233 0.27116297 0.25388094 0.24702544 0.24506633 0.24310722 0.24114811 0.24156411 0.2423906 0.24321709 0.24214825 0.22236952 0.20382709 0.18956711
-9999 0.20433141 0.22095922 0.23758702 0.24620755 0.2527629 0.25931825 0.25788441 0.24723001 0.23657561 0.22510316 0.21321637 0.20132957 0.19377964 0.19491451 0.19604937 0.19567998 0.1703821 0.14508422 0.12544599 0.11886479 0.11228359 0.11511548 0.1257158 0.13631613 0.15222648 0.18236904 0.2125116 0.24220675 0.26343369 0.28466063 0.30434738 0.32106516 0.33778295 0.34901671 0.35707029 0.36512388 0.36454645 0.35162113 0.33869581 0.32673821 0.31510542 0.30347263 0.28855328 0.27127125 0.25398922 0.24390036 0.24194125 0.23998214 0.24039815 0.24122464 0.23624558 0.21646684 0.1966881 0.17814568 0.1638857
-9999 0.1788675 0.19457907 0.20113442 0.20768977 0.21424512 0.22080047 0.21936662 0.20871222 0.19687499 0.18498819 0.1731014 0.16121461 0.15366468 0.15479954 0.15593441 0.15706928 0.15820414 0.13866445 0.11902622 0.11244502 0.11999756 0.13059789 0.14119821 0.15179854 0.16770889 0.19785145 0.22799401 0.25813657 0.28827913 0.31131882 0.33100558 0.34772336 0.35676069 0.36481428 0.37286787 0.38092145 0.38034402 0.3674187 0.35576131 0.34412852 0.33249573 0.32086294 0.30594359 0.28866156 0.27137953 0.25409751 0.24077529 0.23881618 0.23923219 0.2303429 0.21056416 0.19078543 0.17100669 0.15246427 0.13820429
-9999 0.14950593 0.15606128 0.16261663 0.16917198 0.17572733 0.18228268 0.18053361 0.16864682 0.15676002 0.14487323 0.13298644 0.12109965 0.11354972 0.11468458 0.11581945 0.11695432 0.11808918 0.11922405 0.11427932 0.12487964 0.13547997 0.14608029 0.15668062 0.16728094 0.1831913 0.21333386 0.24347642 0.27361897 0.30376153 0.33390409 0.35645109 0.36450468 0.37255827 0.38061185 0.38866544 0.39671902 0.3964172 0.38478441 0.37315162 0.36151883 0.34988604 0.33825325 0.3233339 0.30605187 0.28876984 0.27148781 0.25420579 0.23765022 0.22444023 0.20466149 0.18488275 0.16510401 0.14532528 0.12689365 0.11602527
