P1_models/J1_p1_vp_slide_diff2_120.dat.tif
NCOLS 118
NROWS 92
XLLCORNER 139.62
YLLCORNER -39.07
DX 0.099491525
DY 0.099347826
NODATA_VALUE -9999
[rows 48 to 71 of 92, columns 55 to 109 of 118]
0.054354771 0.060265456 0.066176141 0.072086826 0.077598867 0.075556114 0.081340836 0.087125557 0.092910279 0.098695001 0.10447972 0.092500807 0.079911511 0.067322215 0.054732919 0.042143623 0.038868044 0.035711399 0.032554754 0.029398109 0.026241464 0.021767401 0.016047073 0.010901484 0.0057558947 0.00061030567 -0.0045352834 -0.013461161 -0.024133598 -0.034806036 -0.045478473 -0.05615091 -0.061010166 -0.054658108 -0.048174827 -0.041691547 -0.035208266 -0.029714242 -0.056413476 -0.08311271 -0.10981194 -0.13651118 -0.15596155 -0.14243154 -0.12688217 -0.11133279 -0.095783412 -0.081754895 -0.069519115 -0.052959745 -0.036400376 -0.019841006 -0.0044400397 -0.0086367853 -0.016201126
0.06551948 0.071430165 0.077340849 0.081568788 0.082187412 0.078764255 0.072594537 0.076858953 0.082643675 0.088428396 0.094213118 0.082234202 0.069644907 0.057055611 0.045899156 0.04429065 0.04200302 0.038846374 0.035689729 0.032533084 0.027515939 0.021585484 0.015142939 0.0091942466 0.0040486575 -0.0010969315 -0.0062425206 -0.015168398 -0.025840836 -0.036513273 -0.04718571 -0.057485291 -0.062273208 -0.057138319 -0.051023682 -0.044540401 -0.03805712 -0.032563096 -0.05926233 -0.085961564 -0.1126608 -0.12931017 -0.13474085 -0.12121085 -0.10566147 -0.090112094 -0.077989133 -0.074822624 -0.062586844 -0.046027475 -0.029468105 -0.015650305 -0.013548248 -0.017744994 -0.025309335
0.076684188 0.082594873 0.085538709 0.086157333 0.086775957 0.0833528 0.077183082 0.071013363 0.07237707 0.078161792 0.083946513 0.071967598 0.059378302 0.050642639 0.049034132 0.047425626 0.045137995 0.04198135 0.038824705 0.033258742 0.027334022 0.021403567 0.014961022 0.0085184762 0.0023414203 -0.0028041687 -0.0079497578 -0.016875636 -0.027548073 -0.038158844 -0.048453589 -0.058748333 -0.06353625 -0.058401361 -0.053266472 -0.047389255 -0.040905974 -0.035411951 -0.062111184 -0.088810418 -0.1026588 -0.10808948 -0.11352016 -0.099990153 -0.084440775 -0.074223372 -0.071056863 -0.067890354 -0.055654574 -0.039095204 -0.026860571 -0.024758514 -0.022656457 -0.026853203 -0.034417543
0.087848897 0.08950863 0.090127254 0.090745878 0.091364502 0.087941345 0.081771627 0.075601908 0.06943219 0.067895187 0.073679909 0.061700994 0.055386121 0.053777615 0.052169108 0.050560602 0.048272971 0.044926266 0.039001545 0.033076825 0.027152105 0.02122165 0.014779105 0.0083365593 0.0018940137 -0.0045114059 -0.009656995 -0.018582873 -0.029127141 -0.039421886 -0.049716631 -0.060011376 -0.064799292 -0.059664403 -0.054529514 -0.049394625 -0.043754828 -0.038260805 -0.064960038 -0.07600743 -0.081438106 -0.086868783 -0.09229946 -0.078769457 -0.07045761 -0.067291101 -0.064124592 -0.060958083 -0.048722303 -0.038070837 -0.03596878 -0.033866723 -0.031764666 -0.035961411 -0.043700849
0.093478551 0.094097175 0.094715799 0.095334423 0.095953047 0.09252989 0.086360171 0.080190453 0.074020735 0.067851017 0.063413305 0.060129604 0.058521097 0.056912591 0.055304084 0.053695577 0.050669069 0.044744349 0.038819629 0.032894908 0.026970188 0.021039733 0.014597188 0.0081546423 0.0017120968 -0.0047304488 -0.011172994 -0.020095438 -0.030390183 -0.040684928 -0.050979673 -0.061274418 -0.066062334 -0.060927445 -0.055792556 -0.050657667 -0.045522778 -0.041109659 -0.049356058 -0.054786734 -0.060217411 -0.065648087 -0.071078764 -0.066691849 -0.06352534 -0.060358831 -0.057192322 -0.054025812 -0.049281102 -0.047179045 -0.045076988 -0.042974931 -0.040872874 -0.045294769 -0.053316173
0.092212012 0.092830636 0.09344926 0.094067884 0.08669139 0.088461662 0.089987383 0.083817665 0.077647946 0.071478228 0.06530851 0.063548481 0.061939974 0.060331468 0.058722961 0.057976866 0.055523979 0.049599259 0.043674539 0.037749818 0.031887436 0.029826485 0.0088923293 0.0024497837 -0.0039927619 -0.010435307 -0.016877853 -0.02595525 -0.036249995 -0.04654474 -0.056839485 -0.06423878 -0.066011198 -0.065141144 -0.060006255 -0.054871366 -0.049736477 -0.044916575 -0.050347251 -0.055777928 -0.061208605 -0.066639281 -0.070749 -0.068260786 -0.065094277 -0.061927768 -0.058761259 -0.051701333 -0.047304495 -0.045202438 -0.043100382 -0.040998325 -0.042529844 -0.049201548 -0.057222953
0.089965887 0.090584511 0.091203135 0.081119343 0.069182847 0.070953119 0.082037719 0.08728404 0.081114322 0.074944603 0.068774885 0.067014856 0.06540635 0.063797843 0.063414158 0.063674464 0.061221577 0.055296857 0.049372137 0.044212288 0.042366904 0.040305953 0.018993179 -0.0023195951 -0.010621638 -0.017064183 -0.023506729 -0.032584126 -0.042878871 -0.053173616 -0.059300563 -0.06114172 -0.062914137 -0.064562693 -0.064713614 -0.059578725 -0.054443836 -0.049623934 -0.05505461 -0.060485287 -0.065915964 -0.069859673 -0.073740233 -0.071252019 -0.06808551 -0.064919001 -0.057080607 -0.047870179 -0.043473341 -0.041371284 -0.039269227 -0.041334349 -0.045481554 -0.052153259 -0.060174663
0.087719762 0.087483792 0.075547296 0.0636108 0.051674305 0.053444577 0.064529176 0.075613776 0.084580697 0.078410979 0.07224126 0.070481231 0.068872725 0.06885145 0.069111756 0.069372062 0.066919175 0.060994455 0.056537139 0.054691756 0.052846372 0.050785421 0.029472647 0.0081598728 -0.013152901 -0.023693059 -0.030135604 -0.039213002 -0.049507747 -0.054362347 -0.056203503 -0.058044659 -0.059817077 -0.061465632 -0.063114188 -0.064286084 -0.059151195 -0.054331293 -0.05976197 -0.065089788 -0.068970347 -0.072850907 -0.076731467 -0.074243253 -0.071076744 -0.06245988 -0.053249452 -0.044039024 -0.039642186 -0.037540129 -0.040138855 -0.044286059 -0.048433264 -0.055104969 -0.063126374
0.081911745 0.069975249 0.058038754 0.046102258 0.034165762 0.035936034 0.047020634 0.058105233 0.069189833 0.080274433 0.075707636 0.074028436 0.074288742 0.074549048 0.074809354 0.07506966 0.072616773 0.068861991 0.067016607 0.065171224 0.06332584 0.061264889 0.039952115 0.018639341 -0.0026734336 -0.023986208 -0.03676448 -0.045841877 -0.04942413 -0.051265286 -0.053106442 -0.054947599 -0.056720016 -0.058368572 -0.060017128 -0.061665684 -0.063314239 -0.059038652 -0.064200461 -0.068081021 -0.071961581 -0.07584214 -0.0797227 -0.077049581 -0.067839153 -0.058628725 -0.049418297 -0.04020787 -0.035811032 -0.03894336 -0.043090565 -0.04723777 -0.051384974 -0.058056679 -0.057000157
0.067549335 0.055612839 0.043676344 0.031739848 0.019803352 0.020440924 0.031525524 0.042610124 0.053694723 0.064779323 0.075863922 0.078196459 0.078456765 0.078717071 0.078977377 0.079237683 0.078574283 0.0767289 0.074883516 0.073038133 0.071192749 0.065838578 0.049099224 0.02778645 0.0064736756 -0.014839099 -0.036151873 -0.044146326 -0.045987482 -0.047828639 -0.049669795 -0.051510951 -0.054305969 -0.055954525 -0.05760308 -0.059251636 -0.060900192 -0.06261529 -0.066495849 -0.070376409 -0.074256969 -0.078137528 -0.080678184 -0.073869295 -0.064658867 -0.055448439 -0.046238011 -0.037027583 -0.038007221 -0.042154426 -0.046301631 -0.050448835 -0.05459604 -0.053569209 -0.050411547
0.061970471 0.051995916 0.04005942 0.028122925 0.016186429 0.015560341 0.02290721 0.03399181 0.04507641 0.056161009 0.067245609 0.073855812 0.077400587 0.077660893 0.077921199 0.078181505 0.077518106 0.075672722 0.073827338 0.071981955 0.063951582 0.049365384 0.045967842 0.032382943 0.011070168 -0.010242606 -0.03155538 -0.039549833 -0.041390989 -0.043232146 -0.045073302 -0.053205164 -0.058600199 -0.056218034 -0.057521836 -0.059170392 -0.060818947 -0.062534045 -0.066414605 -0.070295164 -0.074175724 -0.075613854 -0.071122689 -0.069100807 -0.063701596 -0.054491168 -0.04528074 -0.036070312 -0.038990034 -0.04625131 -0.050398514 -0.054545719 -0.058692924 -0.05700642 -0.05268021
0.050228441 0.044830493 0.036442497 0.024506002 0.012569506 0.011943418 0.01900323 0.026063042 0.036458096 0.047542696 0.058627295 0.065237498 0.071693956 0.076604715 0.076865021 0.077125327 0.076461928 0.074616544 0.072771161 0.062189868 0.047478388 0.03289219 0.029494648 0.026097106 0.015666661 -0.0056461131 -0.026958887 -0.03495334 -0.036794497 -0.038635653 -0.048153232 -0.057864356 -0.063259391 -0.060877226 -0.058495061 -0.059089147 -0.060737703 -0.062452801 -0.06633336 -0.07021392 -0.070549524 -0.066058359 -0.061567195 -0.059545313 -0.057786417 -0.053533896 -0.044323468 -0.03511304 -0.038032763 -0.046735287 -0.054495398 -0.058642603 -0.062789807 -0.061103304 -0.056297863
0.038486411 0.033088463 0.027690515 0.020889078 0.0089525826 0.0083264949 0.015386307 0.022446119 0.029505931 0.038924382 0.050008982 0.056619185 0.063075642 0.069532099 0.075808843 0.076069149 0.07540575 0.073560366 0.060428154 0.045716674 0.031005194 0.016418996 0.013021454 0.0096239121 0.0062263703 -0.0010496204 -0.022362395 -0.030356848 -0.033390177 -0.043101301 -0.052812424 -0.062523548 -0.067918583 -0.065536418 -0.063154253 -0.060772088 -0.060656459 -0.062371556 -0.066252116 -0.065485194 -0.060994029 -0.056502865 -0.0520117 -0.049989818 -0.048230923 -0.046472027 -0.043366197 -0.034155769 -0.037075491 -0.045778015 -0.054480539 -0.062739486 -0.066886691 -0.065200187 -0.060394746
0.026744381 0.021346433 0.015948485 0.010550536 0.0051525882 0.0047095717 0.011769384 0.018829196 0.025889008 0.03294882 0.041390668 0.048000871 0.054457329 0.060913786 0.067370243 0.073826701 0.07337792 0.05866644 0.04395496 0.02924348 0.014531999 -5.4198654e-05 -0.0034517404 -0.0068492821 -0.010246824 -0.013644366 -0.017765902 -0.028338245 -0.038049369 -0.047760493 -0.057471617 -0.06718274 -0.072577776 -0.070195611 -0.067813446 -0.065431281 -0.063049116 -0.062290312 -0.060420863 -0.055929699 -0.051438534 -0.04694737 -0.042456205 -0.040434323 -0.038675428 -0.036916533 -0.035157637 -0.033198497 -0.03611822 -0.044820744 -0.053523267 -0.062225791 -0.070928315 -0.069297071 -0.06449163
0.02263912 0.017241171 0.011843223 0.0064452749 0.0010473266 0.0066305964 0.015310402 0.022370214 0.029430026 0.036489838 0.04354965 0.033420145 0.039876603 0.04633306 0.052789517 0.059245975 0.056416667 0.041705187 0.026993707 0.012282227 -0.0024292537 -0.0090341403 -0.013653408 -0.01705095 -0.020448491 -0.023846033 -0.027243575 -0.034959521 -0.044670645 -0.054381768 -0.064092892 -0.073218297 -0.073663375 -0.067629469 -0.065247304 -0.062865139 -0.060482974 -0.058037934 -0.053546769 -0.049055605 -0.04456444 -0.040073276 -0.026201619 -0.037939989 -0.036181094 -0.034422198 -0.032663303 -0.030904408 -0.030669948 -0.038583604 -0.047286128 -0.055988651 -0.064691175 -0.069516316 -0.065630156
0.028695083 0.016456765 0.011058817 0.0056608686 0.00026292034 0.0058461902 0.018891661 0.029023869 0.036083681 0.043143493 0.050203305 0.037805228 0.024738554 0.029159574 0.035616031 0.042072489 0.039243181 0.024531701 0.0098202208 -0.0044654973 -0.0095998128 -0.014731628 -0.019640127 -0.024525439 -0.02792298 -0.031320522 -0.034718064 -0.04243401 -0.052145133 -0.061856257 -0.070397515 -0.076791066 -0.077236143 -0.066962611 -0.059539219 -0.057157054 -0.054774889 -0.052329849 -0.047838685 -0.04334752 -0.038856356 -0.02320068 -0.0051630614 -0.018766445 -0.035739699 -0.034998416 -0.03323952 -0.031480625 -0.031246165 -0.031738449 -0.038753032 -0.047455556 -0.05615808 -0.060983221 -0.063735355
0.037518936 0.024388897 0.011258859 0.0048764623 -0.00052148594 0.0050617839 0.018107255 0.031152726 0.042737336 0.049797148 0.05685696 0.044458883 0.031392209 0.018325535 0.018442545 0.024899003 0.022069695 0.007358215 -0.0050286693 -0.010162985 -0.0152973 -0.020429115 -0.025337614 -0.030246113 -0.035154612 -0.038795011 -0.042192553 -0.049908499 -0.059619622 -0.067576733 -0.073970284 -0.080363834 -0.080808912 -0.070535379 -0.060261847 -0.05144897 -0.049066805 -0.046621765 -0.0421306 -0.037639436 -0.02019974 -0.0021621219 0.015875497 0.0022721134 -0.014701141 -0.031674395 -0.033815738 -0.032056842 -0.031822383 -0.032314667 -0.032806951 -0.038922461 -0.047624985 -0.052450125 -0.05520226
0.046342789 0.033212751 0.020082712 0.0069526731 -0.0013058922 0.0042773776 0.017322849 0.030368319 0.04341379 0.056450803 0.063510615 0.051112538 0.038045864 0.02497919 0.011912515 0.0077255167 0.0048962093 -0.0055918413 -0.010726157 -0.015860472 -0.020994788 -0.026126603 -0.031035101 -0.0359436 -0.040852099 -0.045760598 -0.049667042 -0.057382987 -0.064755951 -0.071149502 -0.077543052 -0.083936603 -0.08438168 -0.074108148 -0.063834615 -0.053561083 -0.04335872 -0.04091368 -0.035236419 -0.017198801 0.00083881762 0.018876436 0.036914055 0.023310671 0.0063374172 -0.010635837 -0.027609091 -0.03263306 -0.0323986 -0.032890884 -0.033383168 -0.033875452 -0.039091889 -0.04391703 -0.046669165
0.049143616 0.036013578 0.022883539 0.0097535001 -0.0033765386 0.00027930611 0.013324777 0.026370248 0.039415719 0.05246119 0.065506661 0.053307426 0.040240752 0.027174077 0.014107403 0.0010407287 -0.0067310546 -0.01186537 -0.016999686 -0.022134001 -0.027268316 -0.031576071 -0.035323067 -0.040231566 -0.045140065 -0.050048564 -0.054957063 -0.060881317 -0.067274867 -0.073668418 -0.080061969 -0.08645552 -0.08667239 -0.076398858 -0.066125325 -0.055851793 -0.04557826 -0.03507326 -0.017035642 0.0010019767 0.019039595 0.037077214 0.053037895 0.037289314 0.02031606 0.0033428057 -0.013630449 -0.030603703 -0.034540998 -0.035033282 -0.035525566 -0.03601785 -0.036510134 -0.037866083 -0.040618217
0.021986778 0.008856739 -0.0042732998 -0.016704945 -0.014672831 -0.01167335 -0.0066576031 0.0063878678 0.019433339 0.03247881 0.045524281 0.033325046 0.020258371 0.0071916971 -0.0058749772 -0.011270134 -0.01586973 -0.021004045 -0.026138361 -0.031272676 -0.034864372 -0.036205458 -0.034862511 -0.037508773 -0.042417272 -0.047325771 -0.05223427 -0.058158524 -0.064552075 -0.070945625 -0.077339176 -0.075503143 -0.072307377 -0.072150443 -0.06203926 -0.051765727 -0.041492195 -0.030987195 -0.012949576 0.0050880424 0.023125661 0.036151188 0.031901534 0.016152954 -0.00082030047 -0.017793555 -0.034531689 -0.041795145 -0.044473352 -0.044965636 -0.04545792 -0.045950204 -0.043338287 -0.044160982 -0.046913116
-0.005170061 -0.0183001 -0.027052694 -0.025020579 -0.022988465 -0.019988984 -0.016332138 -0.012675291 -0.00054904145 0.012496429 0.0255419 0.013342665 0.00027599114 -0.012045371 -0.01622709 -0.02040881 -0.025008405 -0.030142721 -0.035277036 -0.038122619 -0.03949376 -0.040834846 -0.039491898 -0.038148951 -0.039694479 -0.044602978 -0.049511477 -0.055435731 -0.061829282 -0.068222833 -0.0644014 -0.059519182 -0.056323416 -0.056166482 -0.056009548 -0.047679661 -0.037406129 -0.026901129 -0.0088635104 0.0091741081 0.019264481 0.015014828 0.010765174 -0.0049834066 -0.021956661 -0.037200588 -0.044464044 -0.051727499 -0.054405706 -0.05489799 -0.055205508 -0.052419347 -0.049633186 -0.050455881 -0.053208015
-0.0323269 -0.037400442 -0.035368327 -0.033336213 -0.031304099 -0.028304618 -0.024647772 -0.020990925 -0.017334078 -0.0074859507 0.0055595202 -0.0066397148 -0.017002327 -0.021184046 -0.025365766 -0.029547485 -0.034147081 -0.039281396 -0.041380866 -0.042752007 -0.044123147 -0.045464234 -0.044121286 -0.042778339 -0.041435391 -0.041880186 -0.046788684 -0.052712938 -0.058181875 -0.053299657 -0.048417439 -0.043535221 -0.040339454 -0.04018252 -0.040025587 -0.039868653 -0.033320063 -0.022815063 -0.0047774447 0.0023777747 -0.001871879 -0.0061215327 -0.010371186 -0.026119767 -0.039869487 -0.047132942 -0.054396398 -0.061659853 -0.06433806 -0.064286568 -0.061500407 -0.058714246 -0.055928086 -0.05675078 -0.059155597
-0.04774819 -0.045716076 -0.043683961 -0.041651847 -0.039619732 -0.036620252 -0.032963405 -0.029306559 -0.025649712 -0.021992866 -0.01442286 -0.021959283 -0.026141003 -0.030322722 -0.034504441 -0.03868616 -0.043267973 -0.044639114 -0.046010254 -0.047381395 -0.048752535 -0.050093622 -0.048750674 -0.047407726 -0.046064779 -0.044721831 -0.044065892 -0.047080132 -0.042197914 -0.037315696 -0.032433477 -0.027551259 -0.024355493 -0.024198559 -0.024041625 -0.023884691 -0.023727758 -0.018728997 -0.014508932 -0.018758586 -0.023008239 -0.027257893 -0.031507547 -0.042538386 -0.049801841 -0.057065296 -0.064328752 -0.071592207 -0.073367627 -0.070581467 -0.067795306 -0.065009145 -0.062222985 -0.062427295 -0.06270408
-0.049564702 -0.047532588 -0.045500473 -0.043468359 -0.041436244 -0.04103654 -0.03831954 -0.034662693 -0.031005847 -0.027349 -0.023692153 -0.028413518 -0.032595237 -0.036776957 -0.040958676 -0.045140395 -0.048089195 -0.049460335 -0.050831476 -0.052202616 -0.053573757 -0.05075086 -0.050517339 -0.049174391 -0.047831443 -0.046488495 -0.045145547 -0.041381787 -0.036499569 -0.031617351 -0.026735133 -0.022044176 -0.020640507 -0.021404557 -0.021247623 -0.021090689 -0.020933755 -0.020908193 -0.025157847 -0.029407501 -0.033657154 -0.037906808 -0.044309419 -0.042546023 -0.049809478 -0.057072933 -0.064336389 -0.071599844 -0.075350358 -0.072790847 -0.070004686 -0.067218525 -0.064432365 -0.063912808 -0.064219579
