P1_models/J1_p1_vp_slide_diff2_25.dat.tif
NCOLS 118
NROWS 92
XLLCORNER 139.62
YLLCORNER -39.07
DX 0.099491525
DY 0.099347826
NODATA_VALUE -9999
[rows 25 to 49 of 92, columns 57 to 113 of 118]
0.13546335 0.12927303 0.1230827 0.11894759 0.11286006 0.10451166 0.096163254 0.087814849 0.079466444 0.073760524 0.07290947 0.072125115 0.07134076 0.070556405 0.070991673 0.072987583 0.074983494 0.076979404 0.078975315 0.082577692 0.077028924 0.078374312 0.0797197 0.081065089 0.082410477 0.10055711 0.1264662 0.1523753 0.17828439 0.19782175 0.20438949 0.21437986 0.22470558 0.2350313 0.24535702 0.255537 0.26097431 0.26641162 0.27184893 0.27728624 0.27826976 0.29829428 0.30080974 0.30285544 0.30490114 0.30694684 0.31006878 0.30878733 0.30616513 0.30354293 0.30092073 0.30252081 0.30325791 0.30301058 0.30276324 0.30251591 -9999
0.14113337 0.13494304 0.12875271 0.1246176 0.1218791 0.11685615 0.10850775 0.10015934 0.09181094 0.08610502 0.080489899 0.078824752 0.078040397 0.077256042 0.07769131 0.07968722 0.081683131 0.083892313 0.087649224 0.091297683 0.085260612 0.079223542 0.080126815 0.081472203 0.082817592 0.10096422 0.12687332 0.15278241 0.16965921 0.17445789 0.18102563 0.19078106 0.20069955 0.21102527 0.22135099 0.23153097 0.23696828 0.24240559 0.2478429 0.24836878 0.24832801 0.26835254 0.29051408 0.29513738 0.29718308 0.29922878 0.30235073 0.30598575 0.30509407 0.30247188 0.29984968 0.30144976 0.30530724 0.30630005 0.30605271 0.30580538 -9999
0.14774782 0.14061305 0.13442273 0.13028762 0.12754911 0.12481061 0.12085225 0.11250384 0.10415544 0.098449516 0.092834395 0.087219274 0.084740034 0.083955679 0.084390947 0.086386857 0.088855394 0.092612304 0.096369215 0.10001767 0.093980604 0.087943533 0.081906462 0.081879318 0.083224706 0.10137134 0.12728043 0.14149666 0.14629534 0.15109403 0.15766177 0.16741719 0.17717262 0.18701924 0.19734496 0.20752494 0.21296225 0.21839956 0.21846781 0.21842704 0.21838627 0.23841079 0.26057234 0.28273389 0.28946503 0.29151072 0.29463267 0.29826769 0.30190271 0.30140082 0.29877862 0.30037871 0.30423619 0.30809368 0.30934218 0.30909485 -9999
0.16071758 0.14839182 0.14009274 0.13595763 0.13321912 0.13048062 0.12774212 0.12484834 0.11649993 0.11079401 0.10517889 0.09956377 0.093948649 0.090655316 0.091090583 0.093818475 0.097575385 0.1013323 0.10508921 0.10873767 0.10270059 0.096663524 0.090626453 0.084589383 0.083631821 0.10177845 0.11333412 0.1181328 0.12293148 0.12773017 0.13429791 0.14405333 0.15380876 0.16356419 0.17333893 0.18351891 0.18860761 0.18856684 0.18852607 0.1884853 0.18844453 0.20846905 0.2306306 0.25279214 0.27495369 0.28379267 0.28691461 0.29054963 0.29418466 0.29781968 0.29770757 0.29930765 0.30316514 0.30702262 0.31088011 0.31238432 -9999
0.17098491 0.15865915 0.1463334 0.13890288 0.13616437 0.13342587 0.13068736 0.12794886 0.12521035 0.1215837 0.11596858 0.11035346 0.10473834 0.099123216 0.097619335 0.10137625 0.10513316 0.10889007 0.11264698 0.11472329 0.11089582 0.10485875 0.098821681 0.09278461 0.086747539 0.088121976 0.092920659 0.097719342 0.10251802 0.10731671 0.10984692 0.11960235 0.12935778 0.1391132 0.14886863 0.158332 0.15829123 0.15825046 0.15820969 0.15816891 0.15858753 0.18131426 0.2034758 0.22563735 0.2477989 0.26996044 0.28098114 0.28461616 0.28825119 0.29188621 0.29552123 0.29982664 0.30368413 0.30754161 0.3113991 0.31525658 -9999
0.15900504 0.14667928 0.13435353 0.12397975 0.11667846 0.11393995 0.11120145 0.10846294 0.10572444 0.11466363 0.11395858 0.10834346 0.10272834 0.097113219 0.095609339 0.099366249 0.10312316 0.10688007 0.10655971 0.096161738 0.11005019 0.10873395 0.10269688 0.096659809 0.090622739 0.091997176 0.096795858 0.10159454 0.10639322 0.103476 0.094578355 0.086201823 0.095957249 0.10571267 0.1154681 0.12493148 0.1248907 0.12484993 0.12480916 0.1270456 0.14876499 0.17547381 0.19926409 0.22142564 0.24358718 0.26574873 0.28363223 0.29337399 0.29700901 0.30064404 0.30427906 0.31103463 0.31729288 0.32115036 0.32500785 0.32886533 -9999
0.14702517 0.13469942 0.12237366 0.11199988 0.10295255 0.09445404 0.091715535 0.088977031 0.086238527 0.095177712 0.10451816 0.10633346 0.10071834 0.095103222 0.093599342 0.097356253 0.10111316 0.098668067 0.087998154 0.077600182 0.091488635 0.10537709 0.10657208 0.10053501 0.094497938 0.095872375 0.10067106 0.10546974 0.1009449 0.092987826 0.084090184 0.073497715 0.062905247 0.072312146 0.082067572 0.091530948 0.091490176 0.091449403 0.095503671 0.11722306 0.13894245 0.16565127 0.19289147 0.21721392 0.23937547 0.26153701 0.27942051 0.29526454 0.30576684 0.30940186 0.31303689 0.31979246 0.32821641 0.33475911 0.3386166 0.34247408 -9999
0.1334487 0.12271955 0.11039379 0.10002001 0.090972677 0.081925344 0.072878011 0.069491118 0.066752613 0.075691799 0.085032244 0.094372689 0.098708346 0.093093226 0.091589345 0.095346256 0.090776425 0.080106511 0.069436598 0.059038626 0.07292708 0.086815533 0.10070399 0.10441021 0.098373137 0.099747574 0.10454626 0.098413793 0.090456724 0.082499655 0.073602013 0.063009544 0.052417076 0.041824607 0.048667044 0.05813042 0.058089648 0.06396174 0.085681131 0.10740052 0.12911991 0.15582873 0.18306893 0.21030914 0.23516375 0.2573253 0.2752088 0.29105282 0.30689685 0.31815969 0.32179471 0.32855029 0.33697424 0.34539818 0.35222535 0.35608283 -9999
0.11746258 0.10850408 0.098413924 0.088040142 0.078992809 0.069945476 0.060898143 0.05185081 0.0472667 0.056205885 0.065546331 0.074886776 0.084227221 0.091083229 0.089579348 0.082884782 0.072214869 0.061544955 0.050875042 0.04047707 0.054365524 0.068253977 0.082142431 0.096030885 0.10224834 0.10362277 0.095882692 0.087925622 0.079968553 0.072011484 0.063113842 0.052521373 0.041928905 0.031336436 0.020743968 0.024729892 0.03241981 0.0541392 0.07585859 0.09757798 0.11929737 0.14600619 0.17324639 0.2004866 0.2277268 0.25311359 0.27099708 0.28684111 0.30268514 0.31852916 0.33055254 0.33730812 0.34573206 0.35415601 0.36257996 0.36969158 -9999
0.10694395 0.09798545 0.089026949 0.078752949 0.069705616 0.060658283 0.05161095 0.042563617 0.033516284 0.030493066 0.039833511 0.049173956 0.058514401 0.067854847 0.068417324 0.05774741 0.047077497 0.036407584 0.02573767 0.017913564 0.039172826 0.053061279 0.066949733 0.080838187 0.094726641 0.093673054 0.085715985 0.077758916 0.069801846 0.061844777 0.059256533 0.04936309 0.038770622 0.028178153 0.017585685 0.0079565171 0.029675907 0.051395297 0.073114688 0.094834078 0.11258599 0.13909758 0.16633779 0.19357799 0.2208182 0.2480584 0.27042027 0.28626429 0.30210832 0.31795234 0.33379637 0.34364129 0.35206523 0.36048918 0.36891313 0.37733708 -9999
0.10544272 0.096484218 0.087525717 0.076875991 0.065077007 0.055812053 0.04676472 0.037717387 0.028670054 0.012186922 0.0038508081 0.013191253 0.022531699 0.031872144 0.032434621 0.021764708 0.011094794 0.00042488095 -0.0068777024 -0.011761199 0.019544091 0.043424756 0.05731321 0.071201664 0.085090118 0.084036531 0.076079462 0.068122393 0.060165323 0.058897857 0.057793096 0.056235021 0.047701343 0.037108875 0.026516406 0.016887239 0.038606629 0.060326019 0.082045409 0.098476274 0.10786028 0.13548182 0.16423507 0.19147528 0.21871548 0.24595569 0.27017097 0.29168242 0.30752645 0.32337047 0.3392145 0.34837203 0.35439948 0.36282342 0.37124737 0.37967132 -9999
0.10394149 0.094982986 0.086024485 0.075374759 0.063575775 0.051776791 0.041918489 0.032871157 0.023823824 0.0073406917 -0.0093979434 -0.022791449 -0.013451004 -0.0041105587 -0.0035480817 -0.014217995 -0.024887908 -0.031263755 -0.036552466 -0.041435963 -0.010130673 0.021174617 0.047676687 0.061565141 0.075453595 0.074400008 0.066442939 0.059140794 0.058287607 0.05743442 0.056329659 0.054771584 0.05321351 0.046039597 0.035447128 0.02581796 0.047537351 0.069256741 0.084366556 0.093750557 0.10313456 0.13075611 0.16032001 0.18937256 0.21661276 0.24385297 0.26806825 0.29084146 0.31294457 0.3287886 0.34463263 0.35379016 0.35937283 0.36515766 0.37358161 0.38200556 -9999
0.095190254 0.093481754 0.084523253 0.073873527 0.062074543 0.050275558 0.038476574 0.028024926 0.018977593 0.0024944616 -0.014244174 -0.030982809 -0.047721444 -0.040093261 -0.039530784 -0.050200698 -0.055649807 -0.060938518 -0.06622723 -0.071110727 -0.039805437 -0.0085001465 0.022805144 0.051928618 0.065817071 0.064763485 0.058530544 0.057677357 0.05682417 0.055970984 0.054866223 0.053308148 0.051750073 0.050191998 0.04437785 0.034748682 0.056468072 0.070256837 0.079640839 0.08902484 0.098408842 0.12603039 0.1555943 0.1851582 0.21451004 0.24175025 0.26596553 0.28873874 0.31151196 0.33420673 0.35005075 0.35920829 0.36479096 0.37037363 0.3759563 0.3843398 -9999
0.083693551 0.082957491 0.082221431 0.072372295 0.060573311 0.048774326 0.036975342 0.025176358 0.014131363 -0.0023517686 -0.019090404 -0.035829039 -0.052567674 -0.069306309 -0.074747147 -0.080035859 -0.08532457 -0.090613282 -0.095901993 -0.10078549 -0.0694802 -0.03817491 -0.0068696202 0.02443567 0.05574096 0.057920294 0.057067107 0.05621392 0.055360734 0.054507547 0.053402786 0.051844711 0.050286636 0.048728561 0.047170487 0.043679404 0.056147118 0.06553112 0.074915122 0.084299123 0.093683125 0.12130467 0.15086858 0.18043249 0.20999639 0.2395603 0.26386281 0.28663603 0.30940924 0.33218245 0.35495566 0.36462642 0.37020909 0.37579175 0.38137442 0.38695709 -9999
0.061594531 0.060858472 0.069790852 0.067860682 0.054814787 0.043015803 0.031216819 0.019417835 0.0076188503 -0.0089556908 -0.025694326 -0.042432961 -0.059171596 -0.070838543 -0.073949653 -0.079238364 -0.084527076 -0.089815788 -0.095104499 -0.092922863 -0.079405096 -0.048099806 -0.016794516 0.014510774 0.045816064 0.055125395 0.054272208 0.053419021 0.052565834 0.053194907 0.053039415 0.046619287 0.045061212 0.043503137 0.041945063 0.0407132 0.050097201 0.059481203 0.068865205 0.078249206 0.09780461 0.12676537 0.15632928 0.18589319 0.21545709 0.23959295 0.26119297 0.28396619 0.3067394 0.32951261 0.35470324 0.36809496 0.37367763 0.3792603 0.38484297 0.38876209 -9999
0.035909663 0.048980262 0.067435229 0.065505059 0.049722327 0.035817405 0.024018421 0.012219437 0.00042045235 -0.016154089 -0.032892724 -0.049631359 -0.058325569 -0.059734911 -0.062846022 -0.068134733 -0.073423445 -0.07821859 -0.075176728 -0.072053989 -0.061708184 -0.051345024 -0.020039734 0.011265556 0.042570846 0.051880176 0.051026989 0.050173803 0.051832694 0.057821708 0.057666216 0.046438879 0.038563433 0.037005358 0.035447283 0.03421542 0.043599422 0.052983423 0.062367425 0.083412896 0.1067105 0.13567126 0.16523516 0.19479907 0.21759219 0.2367313 0.25833132 0.28110454 0.30387775 0.32951449 0.3575124 0.37090413 0.3764868 0.38206947 0.38566365 0.38744077 -9999
0.028169671 0.046624638 0.065079605 0.063149435 0.047366704 0.031583972 0.016820023 0.0050210387 -0.0067779456 -0.023352487 -0.040091122 -0.045812595 -0.047221937 -0.04863128 -0.05174239 -0.057031102 -0.060391576 -0.057349715 -0.054307854 -0.051185114 -0.040839309 -0.030493505 -0.0201477 0.0080203376 0.039325628 0.048634958 0.047781771 0.05047048 0.056459495 0.062448509 0.062293017 0.05106568 0.039838343 0.030507578 0.028949503 0.02771764 0.037101642 0.046485643 0.069021182 0.092318781 0.11561638 0.14457714 0.17414105 0.19559144 0.21473054 0.23386965 0.25546967 0.27824289 0.30432575 0.33232366 0.36032157 0.3737133 0.37929597 0.38256521 0.38434232 0.38611944 -9999
0.025814048 0.044269015 0.062723982 0.060793812 0.04501108 0.029228349 0.013445617 -0.0021773592 -0.013976343 -0.030550885 -0.033299621 -0.034708963 -0.036118306 -0.037527649 -0.040638759 -0.042564563 -0.039522701 -0.03648084 -0.033438979 -0.030316239 -0.019970434 -0.0096246299 0.00072117473 0.011066979 0.036080409 0.04538974 0.049108267 0.055097282 0.061086296 0.06707531 0.066919818 0.055692481 0.044465144 0.033237806 0.022451723 0.02121986 0.031331869 0.054629468 0.077927067 0.10122467 0.12452226 0.15348303 0.17359068 0.19272979 0.2118689 0.231008 0.25260803 0.27913701 0.30713492 0.33513283 0.36313074 0.37652246 0.37946676 0.38124388 0.383021 0.38479811 -9999
0.020859223 0.03931419 0.057769157 0.059561765 0.043779034 0.027996302 0.012213571 -0.0035691607 -0.019351892 -0.021876608 -0.02328595 -0.024695293 -0.026104636 -0.027513978 -0.026970706 -0.023928845 -0.020886984 -0.017845122 -0.014803261 -0.011381571 -0.0018058978 0.0085399068 0.018885711 0.029231516 0.039577321 0.04694314 0.052932155 0.058921169 0.064910183 0.070899198 0.072000633 0.060773296 0.049545959 0.038318622 0.027091285 0.016893226 0.040190825 0.063488424 0.086786023 0.11008362 0.13343105 0.15442082 0.17355993 0.19269904 0.21183814 0.23097725 0.25385741 0.28185532 0.30985323 0.33785114 0.36584905 0.37565537 0.37743249 0.37920961 0.38098672 0.38276384 -9999
-0.0036989258 0.014756041 0.033211009 0.047194724 0.051021068 0.035238336 0.019455605 0.0036728731 -0.012109858 -0.018504853 -0.021492828 -0.02290217 -0.024311513 -0.025720856 -0.025177583 -0.022135722 -0.019093861 -0.016052 -0.012204835 -0.0064315123 -0.0024636776 0.0063081742 0.016653979 0.026999783 0.037345588 0.044711407 0.050700422 0.056689436 0.062678451 0.067496489 0.070198894 0.069278316 0.058050979 0.046823642 0.035596305 0.025398246 0.048695845 0.071993444 0.095291042 0.11877451 0.14370065 0.17243637 0.19487997 0.21401908 0.23315819 0.2522973 0.26514059 0.28388835 0.31188626 0.33988417 0.36788208 0.37300079 0.37002114 0.37179826 0.37357538 0.37535249 -9999
-0.028257074 -0.009802107 0.0086528603 0.022636576 0.033581887 0.04248037 0.026697638 0.010914907 -0.0048678247 -0.011262819 -0.017335239 -0.021109048 -0.022518391 -0.023927733 -0.023384461 -0.0203426 -0.017300738 -0.013048315 -0.0072547764 -0.001481454 0.0024863807 0.0064542153 0.014422246 0.024768051 0.035113855 0.042479675 0.048468689 0.054457704 0.059035679 0.0631199 0.065822305 0.066034804 0.066247303 0.055328661 0.044101324 0.033903265 0.057200864 0.080498463 0.10411798 0.12904412 0.15397026 0.18270598 0.21184743 0.23533912 0.25447823 0.27361734 0.28646064 0.29630254 0.3139193 0.34191721 0.36991512 0.37503383 0.36792038 0.36438691 0.36616403 0.36794115 -9999
-0.041938426 -0.034360255 -0.015905288 -0.0019215725 0.0090237389 0.01996905 0.030914362 0.018156941 0.0023742091 -0.0040207852 -0.010093205 -0.016165625 -0.020725268 -0.022134611 -0.021591338 -0.018549477 -0.013891796 -0.0080982571 -0.0023047182 0.0034686043 0.0074364389 0.011404274 0.015372108 0.022536318 0.032882123 0.040247942 0.046236957 0.050574869 0.05465909 0.058743311 0.061445717 0.061658215 0.061870714 0.062083213 0.052606343 0.042408285 0.065705883 0.089461449 0.11438759 0.13931373 0.16423986 0.19297558 0.22211703 0.25125848 0.27579827 0.29493738 0.30778068 0.31762258 0.32746448 0.34395025 0.37194816 0.37706686 0.36995342 0.36283997 0.35875268 0.3605298 -9999
-0.039790611 -0.043781998 -0.040463437 -0.026479721 -0.01553441 -0.0045890981 0.0063562133 0.017301525 0.0096162428 0.0032212486 -0.0028511715 -0.0089235915 -0.014996012 -0.020341488 -0.019798216 -0.014735277 -0.0089417377 -0.0031481988 0.0026453401 0.0084186626 0.012386497 0.016354332 0.020322167 0.024290001 0.03065039 0.038016209 0.042114059 0.04619828 0.050282501 0.054366722 0.057069128 0.057281627 0.057494126 0.057706624 0.057919123 0.050913304 0.074804916 0.099731055 0.12465719 0.14958333 0.17450947 0.20324519 0.23238664 0.26152809 0.29066954 0.31625743 0.32910073 0.33894263 0.34878453 0.35862643 0.37398119 0.3790999 0.37198645 0.36487301 0.35775956 0.35311845 -9999
-0.029326799 -0.033318186 -0.038463399 -0.044499685 -0.033554373 -0.022609062 -0.01166375 -0.00071843889 0.010226873 0.0047197775 -0.0013526425 -0.0074250626 -0.013497483 -0.019569903 -0.015131239 -0.0093377004 -0.0035441615 0.0022493774 0.0080429163 0.011203361 0.017935335 0.021903169 0.025871004 0.029838839 0.033806673 0.037854115 0.041938336 0.046022557 0.050106778 0.054190999 0.058898596 0.060113309 0.060325808 0.060538307 0.060750806 0.061700083 0.086626222 0.11155236 0.1364785 0.16140464 0.18758249 0.21667171 0.24581316 0.27495461 0.30409606 0.33213888 0.3453235 0.3551654 0.3650073 0.3748492 0.38344228 0.37680598 0.36969254 0.36257909 0.35546565 0.34822796 -9999
-0.0056469134 -0.014508813 -0.033817453 -0.040994403 -0.039927356 -0.030238312 -0.019293001 -0.0083476896 0.0025976218 -0.0029094732 -0.0089818933 -0.015054313 -0.019657919 -0.014473868 -0.0090224519 -0.003228913 0.0025646259 0.0083581649 0.01025659 0.010367957 0.020573347 0.028403608 0.032371443 0.036339277 0.040307112 0.044354553 0.048438774 0.052522995 0.056607216 0.057061284 0.061074314 0.071585124 0.07461313 0.074825628 0.075038127 0.075987404 0.10091354 0.12583968 0.15076582 0.17742734 0.20602608 0.2351153 0.26425675 0.2933982 0.3200645 0.34026089 0.35344552 0.36328742 0.37312932 0.38001566 0.37427182 0.36763551 0.36052207 0.35340862 0.34592164 0.33653163 -9999
