P1_models/J1_p1__temp2_slide_40.dat.tif
NCOLS 118
NROWS 92
XLLCORNER 139.62
YLLCORNER -39.07
DX 0.099491525
DY 0.099347826
NODATA_VALUE -9999
[rows 54 to 80 of 92, columns 0 to 59 of 118]
-9999 463.49471 465.64976 467.80482 469.95987 472.81327 475.72511 478.96707 482.59003 486.21299 489.83594 487.97167 484.66284 484.26964 489.71514 495.16065 490.56526 485.03469 479.50412 473.20138 465.11719 457.03301 448.94882 445.11465 443.19015 439.87082 432.81299 425.75517 425.31185 425.65467 425.9975 429.4572 438.92525 448.3933 457.86136 464.75147 470.95367 475.34663 477.1512 478.95577 480.76034 481.79006 482.75187 483.6977 484.63205 486.15819 489.17313 492.18807 495.20302 492.25817 488.2833 484.30844 480.72902 477.57621 474.53531 471.88209 469.22886 466.57563 472.32678 479.53281
-9999 467.10579 469.26084 471.60278 474.51462 477.42646 480.3383 483.58026 487.20322 490.02365 486.71482 483.40599 480.09716 479.70396 485.14946 490.59497 496.04047 494.76494 489.23438 482.93163 474.84745 466.76326 464.79217 462.86767 460.94318 457.62385 450.56602 443.50819 436.45036 433.92927 434.27209 437.73179 447.19985 456.43891 462.64111 468.84331 475.04551 479.43846 481.24303 482.8972 483.85901 484.82082 485.78263 486.72846 487.66281 488.59716 489.62948 492.64443 495.65937 492.71452 488.73965 485.3375 482.18469 479.03187 475.99097 473.33775 471.35562 478.56165 485.76767 492.9737
-9999 470.71687 473.30414 476.21598 479.12782 482.03966 484.9515 488.19346 488.76679 485.45796 482.14914 478.84031 475.53148 475.13828 480.58378 486.02929 491.47479 496.92029 498.96463 492.66189 486.39419 484.46969 482.5452 480.6207 478.6962 475.37687 468.31904 461.26122 454.20339 447.14556 442.54668 446.00639 454.32854 460.53074 466.73294 472.93514 479.13734 483.5303 484.96615 485.92796 486.88977 487.85158 488.81338 489.75922 490.69356 491.62791 492.56226 493.49661 496.11572 493.17087 489.94598 486.79316 483.64035 480.48753 477.44664 477.59048 484.79651 492.00254 499.20857 506.4146
-9999 475.78236 478.6942 481.60604 484.51788 487.42972 490.34156 490.75496 487.44613 484.13731 480.82848 477.51965 474.21082 471.44032 476.88582 482.33133 487.77683 493.22233 498.66784 501.88476 499.96026 498.03577 496.11127 494.18677 492.26227 492.16627 485.16942 478.11159 471.05376 463.99593 456.9381 454.40947 460.61167 466.81387 473.01607 479.21827 485.42047 486.16205 487.12386 488.08567 489.04748 490.00929 490.97109 492.57358 493.50792 494.44227 495.37662 496.31097 497.24532 496.19743 493.04462 489.8918 486.73899 483.58617 481.48484 488.36563 495.57166 502.77768 509.98371 517.18974
-9999 483.82578 486.73762 489.64946 492.5613 495.45326 498.20526 498.80747 496.92855 493.89989 490.59106 487.28223 483.9734 480.95443 478.51589 481.59704 487.04254 492.48804 497.93354 501.15047 499.22597 497.30147 495.37698 493.45248 499.19335 502.71326 498.11523 491.87899 484.82116 477.76333 470.70551 468.17687 474.37907 480.58127 486.78347 492.88756 493.36546 491.77374 487.22115 487.26152 488.22333 489.18514 490.14695 492.42639 495.58319 496.51754 497.45189 498.38623 499.32058 501.32257 501.75477 498.60196 495.44914 492.29633 490.19499 491.73587 497.24202 504.44805 511.65408 518.86011
-9999 491.8692 494.78104 497.69288 500.52832 503.28032 506.03232 506.63453 504.75561 502.87669 500.35364 497.04481 493.73598 490.71701 488.27847 485.83993 486.30825 491.75375 497.19925 500.41618 498.49168 496.56718 496.64294 503.19164 509.74034 513.26024 508.66222 504.06419 498.58856 491.53073 484.47291 481.94427 488.14647 494.34867 498.68271 499.16061 499.6385 498.04678 493.49419 488.94159 487.39919 488.361 489.3228 491.60224 494.82891 498.05558 499.52715 500.4615 501.39585 503.39783 505.58434 507.31211 504.1593 501.00648 498.90515 500.44602 501.9869 506.11842 513.32445 520.53048
-9999 499.91262 502.82446 505.60338 508.35538 511.10739 513.85939 514.4616 512.58268 510.70375 508.82483 506.80739 503.49856 500.47959 498.04105 495.60251 493.16397 491.01946 496.46496 499.68189 497.75739 500.64123 507.18993 513.73863 520.28733 523.80723 519.2092 514.61118 510.01315 505.29814 498.24031 495.71167 501.91387 504.47785 504.95575 505.43365 505.91154 504.31983 499.76723 495.21464 490.66204 487.53685 488.49866 490.7781 494.00476 497.23143 500.4581 502.53676 503.47111 505.4731 507.6596 509.84611 512.03261 509.71664 507.6153 509.15618 510.69705 512.23793 514.99482 522.20085
-9999 507.92645 510.67845 513.43045 516.18245 518.93445 521.68645 522.28866 520.40974 518.53082 516.6519 514.77297 512.89405 510.24217 507.80363 505.36509 502.92655 500.48802 498.04948 498.9476 504.63952 511.18822 517.73692 524.28561 530.83431 534.35422 529.75619 525.15816 520.56014 515.96211 511.36408 509.47907 510.273 510.7509 511.22879 511.70669 512.18459 510.59287 506.04027 501.48768 496.93508 492.38249 487.82989 489.95395 493.18062 496.40729 499.63395 502.86062 505.54638 507.54836 509.73487 511.92137 514.10788 516.29438 516.32546 517.86633 519.40721 520.94808 522.48896 524.02983
-9999 510.18776 512.93976 515.69176 518.44376 521.19576 523.8277 521.86836 517.50843 515.62951 513.75059 511.87166 509.99274 508.38173 506.75459 504.31606 501.87752 499.43898 497.00045 497.27951 503.82821 510.37691 516.92561 523.47431 529.09926 531.59208 532.5187 527.92067 523.32264 518.72462 514.12659 511.26234 511.74023 512.21813 512.69603 513.17392 513.02957 515.13181 516.27364 511.72105 507.16845 502.61586 498.06326 495.41724 497.29445 500.52112 503.74779 506.97446 510.20112 502.60559 504.63588 506.82239 509.00889 511.1954 514.54036 519.81583 521.3567 522.89758 524.43845 525.97933
-9999 510.0288 512.7808 515.5328 518.28481 520.81259 523.27003 521.31068 514.2538 508.06296 506.18403 504.30511 502.42619 500.81518 499.74067 498.56558 496.12705 493.68851 491.24997 491.52904 498.07774 504.62644 511.17513 515.26655 517.1879 519.68072 523.70523 527.29809 522.70006 518.10204 513.50401 510.63976 511.11765 511.59555 512.07345 511.33498 509.89151 511.99375 519.16863 523.67656 519.12397 514.57137 510.01878 507.37276 506.09734 506.78224 510.00891 513.23558 516.46224 508.86671 499.4008 498.60367 500.79018 502.97668 506.32165 513.6794 520.36631 521.90719 523.44806 524.98894
-9999 509.86985 512.62185 515.34004 517.79748 520.25492 522.71236 520.75301 513.69613 506.63924 499.58236 496.73856 494.85964 493.24863 492.17412 491.09961 490.0251 487.93804 485.4995 485.77857 492.32727 498.87596 501.43384 503.35519 505.27653 507.76935 511.79387 515.81839 519.8429 517.47946 512.88143 510.01718 510.49507 510.97297 509.64038 508.19691 506.75344 508.85568 516.03056 523.20545 530.38033 526.52689 521.9743 519.32827 518.05286 516.77745 516.27003 519.4967 522.72337 515.12783 505.66192 496.19601 492.57146 494.75797 498.10294 505.46069 512.81844 520.1762 522.45768 523.99855
-9999 509.71089 512.32492 514.78236 517.2398 519.69724 522.15468 520.19534 513.13845 506.08157 499.02468 491.9678 487.29309 485.68208 484.60757 483.53306 482.45855 481.38404 479.74903 480.02809 485.67978 487.60113 489.52248 491.44382 493.36517 495.85799 499.88251 503.90702 507.93154 511.95606 512.25885 509.3946 509.38925 507.94578 506.50231 505.05884 503.61537 505.71761 512.8925 520.06738 527.24226 534.41714 533.92981 531.28379 530.00838 528.73297 527.45756 526.18214 528.98449 521.38895 511.92304 502.45713 492.99123 486.53925 489.88422 497.24197 504.59973 511.95748 519.31524 523.00816
-9999 509.28933 511.74678 514.20422 516.66166 519.1191 521.57654 520.04293 512.98605 505.92916 498.87228 491.81539 484.75851 479.1067 478.03219 476.95768 475.88317 474.80866 473.73416 473.56555 475.4869 477.40824 479.32959 481.25094 483.17229 484.42289 488.4474 492.47192 496.49644 500.52095 504.54547 506.7023 505.25883 503.81536 502.37189 500.92842 499.48495 503.1975 510.37238 517.54726 524.72215 531.89703 539.07191 541.324 540.04859 538.77318 537.49776 536.22235 534.94694 526.68798 517.22207 507.75616 498.29026 488.82435 485.84533 493.20308 500.56083 507.91859 515.27634 522.63409
-9999 508.60935 511.06679 513.52424 515.98168 518.52256 522.85892 521.90626 514.84937 507.79249 500.7356 493.67872 487.22463 481.4992 477.11825 475.31226 474.23775 473.16324 472.08874 471.92013 473.84148 475.76282 477.68417 479.60552 481.63452 482.64609 480.86992 483.40566 487.43018 491.45469 495.47921 497.63604 496.19257 494.7491 493.30563 491.86216 497.32398 503.75097 510.92586 518.10074 525.27562 532.25609 537.12311 539.76456 540.56233 539.28692 538.0115 536.73609 535.46068 527.20172 517.73581 508.2699 498.804 498.15389 502.59625 509.95401 517.31176 524.66951 531.55186 528.58843
-9999 507.92937 510.38681 512.84425 516.04952 520.38588 524.72225 523.76958 516.71269 509.65581 502.77505 496.37824 489.98142 484.25599 479.87505 475.4941 472.59233 471.51782 470.44331 470.27471 472.19606 474.1174 476.05927 478.11095 480.16263 481.1742 479.39802 477.62185 478.36391 482.38843 486.41295 488.56978 487.12631 485.68284 486.06899 491.97323 497.87746 504.30445 511.47934 518.65422 524.97226 529.83929 534.70631 537.34776 538.38928 539.4308 538.52524 537.24983 535.97442 527.71546 518.24955 508.78364 511.30411 514.90482 519.34718 526.70493 534.06269 538.44063 535.4772 532.51377
-9999 507.24939 509.70683 513.57648 517.91284 522.24921 526.58557 525.6329 518.57602 511.92866 505.53184 499.13503 492.73821 487.01278 482.63184 478.25089 473.86995 469.8724 468.79789 468.62929 470.55063 472.53569 474.58737 476.63905 478.69073 479.70231 477.92613 476.14995 474.37378 473.32217 477.34668 479.50352 478.06005 480.71824 486.62247 492.5267 498.43093 504.85793 512.03281 517.68844 522.55546 527.42248 532.28951 534.93096 535.97248 537.014 538.05552 537.76357 536.48816 528.2292 520.85363 524.45434 528.05504 531.65575 536.09811 543.45586 545.3294 542.36597 539.40254 536.43912
-9999 506.76708 511.10344 515.4398 519.77617 524.11253 528.44889 527.49623 521.08227 514.68545 508.28863 501.89182 495.495 489.76957 485.38863 481.00769 476.62674 472.2458 467.86486 466.98387 469.01212 471.0638 473.11548 475.16716 477.21884 478.23041 476.45424 474.67806 472.90188 471.12571 469.34953 470.43725 475.36749 481.27172 487.17595 493.08018 498.98441 505.41141 510.40461 515.27164 520.13866 525.00568 529.8727 532.51416 533.55568 534.5972 535.63872 536.68023 537.0019 534.00385 537.60456 541.20526 544.80597 548.40667 552.84903 552.21816 549.25474 546.29131 543.32789 540.36446
-9999 509.15962 513.49598 517.83234 522.16871 526.50507 530.75268 534.42203 532.04203 525.64522 519.2484 512.85158 506.45477 500.44735 495.61302 491.23207 486.85113 482.47019 478.08924 475.65343 477.70511 479.75679 481.80847 483.86015 485.41379 485.08789 485.98731 484.21113 482.43496 480.65878 478.8826 479.7298 485.63404 491.53827 497.4425 503.34673 508.00223 513.65938 521.59466 526.46168 531.32871 536.19573 541.06275 541.5893 541.74618 542.7877 543.82922 544.87074 545.91226 552.05646 555.65717 559.25787 562.85857 566.45928 566.00247 556.26465 553.30122 550.33779 547.37437 544.41094
-9999 511.85262 516.18899 520.52535 524.86171 529.01109 533.09187 536.76122 539.95571 541.26224 534.86543 528.46861 522.07179 516.06438 510.83676 505.69622 501.31527 496.93433 492.55338 490.11757 492.16925 494.22093 496.27261 496.54208 495.04308 494.71718 497.53548 499.99231 498.21613 496.43996 494.66378 495.51098 501.41521 507.31944 513.22368 516.28479 517.48543 523.14258 535.1754 545.37706 550.24408 555.1111 559.97813 560.50467 557.91091 557.00054 558.04206 559.08358 560.12509 566.4206 573.62415 578.04951 581.65022 585.25092 584.79411 570.28256 557.41648 554.45305 551.48963 548.5262
-9999 514.54563 518.88199 523.18871 527.2695 531.35028 535.43106 539.10041 542.2949 545.48939 548.68389 544.08564 537.68882 531.68141 526.45379 521.22617 515.99856 511.39847 507.01753 504.58171 506.63339 508.68507 507.67038 506.17137 504.67237 504.34646 507.16477 509.98308 512.80139 512.22113 510.44496 511.29216 517.19639 523.10062 524.56735 525.76799 526.96863 532.62578 544.6586 556.69141 568.72423 574.02648 578.8935 579.42005 576.82629 574.23253 572.25489 573.29641 574.33793 580.63344 587.83698 595.04052 600.44186 604.04256 603.58575 589.0742 574.56265 560.0511 555.60488 552.64146
-9999 517.23863 521.44712 525.5279 529.60868 533.68947 537.77025 541.4396 544.63409 547.82858 551.02308 554.21757 553.30585 547.29843 542.07082 536.8432 531.61558 526.38797 521.48167 519.04585 520.29768 518.79867 517.29967 515.80066 514.30165 513.97575 516.79406 519.61237 522.43068 525.24898 526.22613 527.07333 531.64926 532.84991 534.05055 535.25119 536.45184 542.10899 554.1418 566.17461 578.20743 590.24024 597.80887 598.33542 595.74166 593.1479 590.55414 587.96038 588.55077 594.84627 602.04982 609.25336 616.4569 622.8342 622.37739 607.86584 593.35429 578.84274 564.33119 556.75672
-9999 519.33494 523.41573 527.49651 531.57729 535.65808 539.73886 542.02105 545.21554 548.41004 551.60453 554.79902 557.99352 560.59751 555.36989 550.14228 544.91466 539.68704 534.45943 530.35929 528.86028 527.36128 525.86227 524.36326 522.86426 523.73186 526.54098 529.35929 532.17759 534.9959 537.81421 540.07998 541.28062 542.48126 543.68191 544.88255 546.08319 549.64788 561.6807 573.71351 585.74633 597.77914 609.81195 611.6321 609.03834 606.44458 603.85082 601.25706 598.6633 601.29266 608.4962 615.69974 622.90328 630.10682 636.40455 622.62742 608.11587 593.60432 579.09277 564.58122
-9999 519.90077 523.98156 528.06234 532.14312 535.92918 537.87236 539.1628 539.69989 542.33785 545.53235 548.72684 551.92133 554.90277 557.45755 554.66712 549.4395 544.21189 538.98427 534.88413 533.38512 531.88612 530.38711 528.88811 532.23552 535.44587 537.12762 539.55147 542.36978 545.18809 548.00639 550.27216 551.4728 552.67345 553.87409 554.86059 548.96866 550.28983 561.93034 573.89256 585.92538 597.95819 609.99101 609.84867 601.06636 598.4726 595.87883 593.28507 590.69131 586.40083 585.54392 592.74746 599.951 607.15454 613.45227 616.61237 607.6223 593.11075 578.5992 564.08765
-9999 520.4666 524.54739 528.62817 531.59262 533.5358 535.47898 536.76942 537.30652 537.84361 539.46016 542.65465 545.84915 548.83058 551.38536 553.94014 553.96434 548.73673 543.50911 539.40897 537.90996 536.41096 536.38817 540.16885 543.94953 547.15988 548.84163 550.52337 552.56196 555.38027 558.19858 560.46434 561.66499 562.86563 561.44794 555.55602 549.6641 550.98526 562.62577 574.26628 586.10443 598.13724 610.17006 610.02772 601.13283 592.23794 587.90685 585.31309 582.71933 578.42885 573.84513 569.79517 576.99872 584.20226 590.49999 593.66009 596.82019 592.61717 578.10562 563.59407
-9999 521.03244 525.11322 527.25605 529.19924 531.14242 533.0856 534.37604 534.91314 535.45023 535.98732 536.58247 539.77696 542.7584 545.31318 547.86795 550.42273 552.97751 548.03395 543.93381 542.43481 544.32151 548.10219 551.88286 555.66354 558.8739 560.55564 562.23738 563.91913 565.60087 568.39076 570.65653 571.85717 568.0353 562.14338 556.25146 550.35953 551.6807 563.32121 574.96172 586.60222 598.3163 610.34911 610.20678 601.31188 592.41699 583.5221 577.3411 574.74734 570.45686 565.87315 561.28943 556.70571 561.24998 567.5477 570.7078 573.8679 577.028 577.61204 563.10049
-9999 520.97631 522.91949 524.86267 526.80586 528.74904 530.69222 531.98267 532.51976 533.05685 533.59394 534.13103 534.66812 536.68622 539.24099 541.79577 544.35055 546.90532 549.4601 548.47416 552.25484 556.03552 559.8162 563.59687 567.37755 570.58791 572.26965 573.9514 575.63314 577.31488 578.99663 580.51458 574.62266 568.73073 562.83881 556.94689 551.05497 552.37613 564.01664 575.65715 587.29766 598.93817 610.57868 610.38583 601.49094 592.59605 583.70115 574.80626 566.77535 562.48488 557.90116 553.31744 548.73373 544.15001 544.59542 547.75552 550.91562 554.07572 557.23582 560.39592
-9999 527.75426 529.69744 531.64062 533.58381 535.52699 532.0751 528.4398 529.18666 529.72375 530.26084 530.79793 531.33503 532.18657 533.93206 536.48683 539.04161 541.59639 544.15116 547.07663 550.85731 554.63799 558.41867 562.19934 565.53798 567.41024 567.79988 569.48162 571.16337 572.84511 574.52685 573.62168 567.72976 561.83784 555.94592 550.05399 546.42626 546.32106 551.43308 563.07359 574.7141 586.35461 597.99512 602.5677 597.45345 588.55856 579.66367 570.76878 561.87389 561.4428 557.76777 553.18405 548.60034 544.01662 540.68104 542.12407 545.28417 548.44427 551.60437 554.76447
