P1_models/J1_p1_vp_slide_diff_160.dat.tif
NCOLS 118
NROWS 92
XLLCORNER 139.62
YLLCORNER -39.07
DX 0.099491525
DY 0.099347826
NODATA_VALUE -9999
[rows 27 to 53 of 92, columns 0 to 59 of 118]
-9999 8.2441907 8.2469318 8.2506676 8.2603275 8.2699873 8.2796471 8.2856001 8.287275 8.2889499 8.2906247 8.2914059 8.2919419 8.2912454 8.2880809 8.2849164 8.2817519 8.2811182 8.2814991 8.2789115 8.2694755 8.2600396 8.2551297 8.2507738 8.2464179 8.237141 8.2146747 8.1922083 8.1697419 8.1571861 8.1486232 8.142458 8.1409147 8.1393714 8.1398833 8.140458 8.1410327 8.1408391 8.1395464 8.1382537 8.136961 8.1313275 8.1252794 8.1212186 8.1185865 8.1159543 8.1142944 8.1184376 8.1225808 8.1281624 8.1339927 8.1398229 8.1408038 8.1364184 8.1336772 8.1366313 8.1395855 8.1425397 8.1417879 8.1403618
-9999 8.2373013 8.243085 8.2527449 8.2624047 8.2720645 8.2817243 8.2876773 8.2893522 8.2910271 8.2927019 8.2943768 8.2954952 8.2947987 8.2916342 8.2884697 8.2853052 8.2821407 8.2805328 8.2779453 8.2693511 8.2649952 8.2606393 8.2562834 8.2519275 8.2426506 8.2201843 8.1977179 8.1752515 8.1527852 8.1367047 8.1305395 8.1294702 8.1300449 8.1306196 8.1311943 8.131769 8.1315754 8.1302827 8.12899 8.1276973 8.1264046 8.1218756 8.1178148 8.1151827 8.1125505 8.1099183 8.1072862 8.1109719 8.1165535 8.1223838 8.128214 8.1340442 8.1369637 8.1342225 8.1371767 8.1401309 8.1430851 8.1460393 8.1461187
-9999 8.2345047 8.2441645 8.2538243 8.2634841 8.2731439 8.2828037 8.288984 8.2906589 8.2923338 8.2940087 8.2956835 8.2973584 8.2968793 8.2937148 8.2905503 8.2873858 8.2842213 8.2810568 8.2775321 8.2731761 8.2688202 8.2644643 8.2601084 8.2557525 8.2474673 8.225001 8.2025346 8.1800682 8.1576019 8.1351355 8.1205392 8.1211139 8.1216886 8.1222633 8.122838 8.1234127 8.1234853 8.1221926 8.1208999 8.1196072 8.1183145 8.1170218 8.1150856 8.1124535 8.1098213 8.1071891 8.104557 8.1019248 8.1057489 8.1115791 8.1174094 8.1232396 8.1290698 8.1334465 8.1364006 8.1393548 8.142309 8.1452632 8.1482174
-9999 8.22737 8.2370298 8.2466896 8.2563494 8.2660093 8.2717787 8.2781743 8.2856226 8.2872975 8.2889724 8.2906472 8.2923221 8.2910772 8.2839853 8.2805075 8.277343 8.2741785 8.271014 8.2674893 8.2631334 8.2587774 8.2544215 8.2500656 8.2380206 8.2256518 8.2219123 8.2016474 8.1791811 8.1567147 8.1342483 8.119652 8.1202267 8.1208014 8.1213761 8.1219508 8.1214267 8.1218203 8.1237631 8.1224704 8.1211777 8.119885 8.1185923 8.1171228 8.1152781 8.112646 8.1100138 8.1073816 8.1047495 8.1043104 8.1073958 8.113226 8.1190562 8.1248864 8.1286656 8.1253404 8.1277005 8.1306547 8.1336089 8.136563
-9999 8.2202354 8.2298952 8.239555 8.2483655 8.2537056 8.2590457 8.2654413 8.273055 8.2806687 8.2839361 8.2856109 8.2872858 8.2860409 8.278949 8.2718571 8.2673002 8.2641357 8.2609712 8.2574465 8.2530906 8.2487346 8.2443787 8.2292476 8.2136592 8.2012905 8.1975509 8.1938114 8.1782939 8.1558276 8.1333612 8.1187649 8.1193396 8.1199143 8.1204146 8.119617 8.1188193 8.1192129 8.1213106 8.1234084 8.1227482 8.1214555 8.1201628 8.1186934 8.1170968 8.1154706 8.1128384 8.1102063 8.1075741 8.107135 8.107075 8.1090426 8.1148728 8.120703 8.1244822 8.121157 8.1178319 8.1190003 8.1219545 8.1249087
-9999 8.2131007 8.2227605 8.2302925 8.2356325 8.2409726 8.2463127 8.2527083 8.260322 8.2679357 8.2755494 8.2805746 8.2822495 8.2810046 8.2739127 8.2668208 8.2597289 8.2540929 8.2509284 8.2474037 8.2430478 8.2360629 8.2204746 8.2048862 8.1892979 8.1769291 8.1731896 8.1694501 8.1657105 8.1549404 8.132474 8.1178777 8.1184524 8.1186049 8.1178072 8.1170096 8.116212 8.1166056 8.1187033 8.120801 8.1228987 8.1230261 8.1217334 8.1202639 8.1186673 8.1170707 8.1154742 8.1130309 8.1103988 8.1099597 8.1098996 8.1098396 8.1106894 8.1165196 8.1202988 8.1169737 8.1136485 8.1103234 8.1103002 8.1132544
-9999 8.2059661 8.2122194 8.2175594 8.2228995 8.2282396 8.2335797 8.2399753 8.247589 8.2552027 8.2628164 8.2704301 8.2772132 8.2759683 8.2688764 8.2617845 8.2546926 8.2476006 8.2408856 8.2373609 8.2272899 8.2117015 8.1961132 8.1805249 8.1649365 8.1525678 8.1488282 8.1450887 8.1413492 8.1376096 8.1315869 8.1169906 8.1167951 8.1159975 8.1151999 8.1144023 8.1136046 8.1139982 8.1160959 8.1181937 8.1202914 8.1223891 8.1233039 8.1218344 8.1202379 8.1186413 8.1170447 8.1154481 8.1132234 8.1127843 8.1127243 8.1126642 8.1126042 8.1125441 8.1161154 8.1127903 8.1094651 8.10614 8.1028148 8.1016
-9999 8.1936467 8.1989868 8.2043269 8.209667 8.2150071 8.2203472 8.2323461 8.2402928 8.2479065 8.2555203 8.263134 8.2707477 8.266828 8.2565765 8.2494846 8.2423927 8.2353008 8.2282088 8.2185477 8.2029594 8.1873711 8.1717827 8.1561944 8.1406061 8.1362157 8.132863 8.1291235 8.125384 8.1216444 8.1179049 8.1151702 8.1143726 8.113575 8.1127774 8.1119798 8.1111821 8.1113304 8.1133875 8.1154852 8.1175829 8.1196806 8.1217784 8.1237825 8.1221859 8.1205894 8.1189928 8.1173962 8.1157996 8.1138492 8.1137892 8.1137291 8.1136691 8.113609 8.113259 8.1103966 8.1070715 8.1037463 8.1004212 8.097096
-9999 8.1795903 8.1849304 8.1902705 8.1956106 8.2016776 8.2095401 8.2216297 8.2385981 8.2495773 8.257191 8.2648047 8.2724185 8.2684988 8.2414829 8.2252051 8.2181132 8.2110212 8.2039293 8.1942682 8.1786799 8.1630915 8.1475032 8.1329165 8.1325467 8.1317578 8.1298455 8.1270059 8.1232664 8.1195268 8.1157873 8.1130526 8.112255 8.1114574 8.1106598 8.1098683 8.1091056 8.1092575 8.110718 8.1126099 8.1147077 8.1168054 8.1189031 8.1214122 8.124217 8.1231601 8.1215635 8.1199669 8.1183704 8.114992 8.1119517 8.1118916 8.1118316 8.1117715 8.1114215 8.110067 8.1076295 8.1043044 8.1009792 8.0976541
-9999 8.1655339 8.170874 8.1762141 8.1830988 8.1909613 8.1988237 8.2109133 8.2278817 8.24485 8.2588618 8.2664755 8.2740892 8.2701696 8.2431536 8.2161377 8.1938336 8.1867417 8.1796498 8.1699887 8.1544003 8.138812 8.1288283 8.1284586 8.1280888 8.1272999 8.1253876 8.1234754 8.1211487 8.1174092 8.1136697 8.110935 8.1101374 8.1093398 8.1085581 8.1077954 8.1070326 8.1071846 8.108645 8.1101055 8.1118324 8.1139301 8.1160279 8.1185369 8.1213417 8.1241465 8.1241342 8.1225377 8.1209411 8.1175627 8.1138764 8.11019 8.1099941 8.109934 8.109584 8.1082295 8.106875 8.1048625 8.1015373 8.0982122
-9999 8.1514775 8.1568175 8.16452 8.1723824 8.1802449 8.1881073 8.2001969 8.2171653 8.2341337 8.251102 8.2680704 8.27576 8.2718403 8.2448244 8.2178085 8.1907925 8.1637766 8.1553703 8.1457091 8.1301208 8.1247402 8.1243704 8.1240007 8.1236309 8.122842 8.1209297 8.1190175 8.1171052 8.1151929 8.111552 8.1088174 8.1080198 8.1072479 8.1064852 8.1057224 8.1049597 8.1051117 8.1065721 8.1080326 8.1094931 8.1110549 8.1131526 8.1156617 8.1184665 8.1212713 8.124076 8.1251084 8.1235118 8.1201334 8.1164471 8.1127608 8.1090744 8.1080965 8.1077465 8.106392 8.1050375 8.1036829 8.1020954 8.0987702
-9999 8.1380787 8.1459411 8.1538036 8.161666 8.1695285 8.1773909 8.1894805 8.2064489 8.2234173 8.2403856 8.257354 8.2743224 8.2735111 8.2464952 8.2194792 8.1924633 8.1654474 8.1384315 8.1214296 8.1206521 8.1202823 8.1199125 8.1195427 8.119173 8.1183841 8.1164718 8.1145595 8.1126473 8.110735 8.1088228 8.1067004 8.1059377 8.105175 8.1044122 8.1036495 8.1028868 8.1030388 8.1044992 8.1059597 8.1074202 8.1088806 8.1103411 8.1127864 8.1155912 8.118396 8.1212008 8.1240056 8.1260826 8.1227042 8.1190178 8.1153315 8.1116451 8.1079588 8.105909 8.1045545 8.1032 8.1018454 8.1004909 8.0991364
-9999 8.1371693 8.1450317 8.1528942 8.1607566 8.1686191 8.1714674 8.1776362 8.1946046 8.2115729 8.2285413 8.2455096 8.257816 8.2600407 8.2513731 8.2243571 8.1973412 8.1703253 8.1433094 8.1243508 8.123981 8.1236113 8.1232415 8.1228717 8.1211876 8.1167862 8.1156161 8.1137039 8.1117916 8.1098793 8.1079671 8.1064475 8.1056847 8.104922 8.1041593 8.1033966 8.1034451 8.1048929 8.1063534 8.1078139 8.1092743 8.1107348 8.1119443 8.1121257 8.1138342 8.116639 8.1194438 8.1222486 8.1250534 8.1223236 8.1186372 8.1149509 8.1112646 8.1075129 8.1039664 8.1026119 8.1012574 8.0999029 8.0985484 8.0978779
-9999 8.1395768 8.1474392 8.1553016 8.1631641 8.16243 8.1592415 8.1654104 8.1823787 8.1993471 8.2163155 8.2239365 8.2264517 8.2286763 8.2303191 8.2303197 8.2033038 8.1762879 8.149272 8.1303134 8.1299436 8.1295739 8.1292041 8.1258975 8.1201633 8.1157618 8.1149325 8.1140665 8.1121542 8.1102419 8.1083297 8.1068101 8.1060474 8.1052847 8.1045219 8.1051886 8.1066275 8.1080753 8.1095358 8.1109962 8.1124567 8.1135417 8.1145219 8.1147033 8.1143106 8.1152602 8.118065 8.1208698 8.1236746 8.1209448 8.1172585 8.1135721 8.1097142 8.1055348 8.1019883 8.1006338 8.0992793 8.0979248 8.097547 8.0975502
-9999 8.1419842 8.1498467 8.1565811 8.1533926 8.1502042 8.1470157 8.1531845 8.1701529 8.1871213 8.190057 8.1925722 8.1950874 8.197312 8.1989548 8.2005976 8.2022403 8.1822505 8.1552346 8.136276 8.1359062 8.1355365 8.1306073 8.1248731 8.1191389 8.1147375 8.1139081 8.1130788 8.1122495 8.1106046 8.1086923 8.1071727 8.10641 8.1056473 8.1069321 8.108371 8.1098099 8.1112577 8.1127181 8.114159 8.1151392 8.1161194 8.1170995 8.117281 8.1168883 8.1164955 8.1166863 8.119491 8.1222958 8.119566 8.1158797 8.1119154 8.1077361 8.1035567 8.1000102 8.0986557 8.0973012 8.0972162 8.0972194 8.0972226
-9999 8.1443917 8.1475437 8.1443553 8.1411668 8.1379783 8.1347899 8.1409587 8.1536624 8.1561775 8.1586927 8.1612079 8.1637231 8.1659477 8.1675905 8.1692332 8.170876 8.1725188 8.1611971 8.1422386 8.1410513 8.1353171 8.1295829 8.1238487 8.1181145 8.1137131 8.1128838 8.1120545 8.1112251 8.1103958 8.1090549 8.1075353 8.1072366 8.1086755 8.1101144 8.1115533 8.1129923 8.11444 8.1157565 8.1167367 8.1177169 8.118697 8.1196772 8.1198586 8.1194659 8.1190732 8.1186804 8.1182877 8.1209171 8.1181872 8.1141167 8.1099373 8.105758 8.1015786 8.0980321 8.0968822 8.0968854 8.0968886 8.0968918 8.096895
-9999 8.1408138 8.1376253 8.1344369 8.1312484 8.1280599 8.1248715 8.1232763 8.1257914 8.1283066 8.1308218 8.133337 8.1358522 8.1381955 8.1398383 8.141481 8.1431238 8.1447666 8.1464093 8.1458214 8.1400872 8.134353 8.1286188 8.1228847 8.1171505 8.1127236 8.1118942 8.1110649 8.1102356 8.1094063 8.108577 8.1085224 8.1099613 8.1114002 8.1128391 8.1142781 8.115717 8.1165712 8.1175514 8.1185315 8.1195117 8.1204919 8.121472 8.1214607 8.121068 8.1206753 8.1202825 8.1198898 8.1194971 8.1159091 8.1117298 8.1075504 8.1033711 8.0991917 8.0961058 8.096109 8.0961122 8.0961154 8.0961186 8.0961218
-9999 8.1482983 8.1451098 8.1419214 8.1387329 8.1355444 8.1281856 8.1240911 8.124268 8.1267832 8.1292984 8.1318136 8.1343288 8.1368183 8.1392565 8.1409716 8.1426144 8.1442571 8.1458999 8.145312 8.1395778 8.1338436 8.1281094 8.1223752 8.1162115 8.1114839 8.1111089 8.110338 8.1095087 8.1086793 8.10785 8.1077955 8.1092344 8.1106733 8.1121122 8.1135511 8.1170343 8.1175837 8.1134422 8.1144223 8.1154025 8.1163827 8.1173628 8.1167533 8.1153124 8.1149196 8.1145269 8.1141342 8.1137415 8.1103246 8.1062595 8.1020802 8.0979008 8.0937214 8.0907307 8.0918573 8.0919785 8.0919817 8.0919849 8.0919881
-9999 8.1557828 8.1525943 8.1494058 8.1452665 8.137505 8.1297435 8.125649 8.1257867 8.1259243 8.127775 8.1302902 8.1328054 8.1352949 8.1377331 8.1401713 8.142105 8.1437477 8.1453905 8.1448026 8.1390684 8.1333342 8.1276 8.1212667 8.1149152 8.1101876 8.1098125 8.1094375 8.1087817 8.1079524 8.1071231 8.1070685 8.1085074 8.1099464 8.1115494 8.115507 8.1194646 8.1200139 8.1156872 8.1113605 8.1112933 8.1122735 8.1132536 8.1126441 8.1108919 8.109164 8.1087713 8.1083786 8.1079858 8.104569 8.1006295 8.0966099 8.0924305 8.0882512 8.0852605 8.086387 8.0875136 8.087848 8.0878512 8.0878544
-9999 8.1632672 8.1600788 8.1545858 8.1468243 8.1390628 8.1313014 8.1272069 8.1273445 8.1274822 8.1276198 8.1287668 8.1312819 8.1337715 8.1362097 8.1386479 8.1410861 8.1432383 8.1448811 8.1442932 8.138559 8.1326734 8.1263219 8.1199703 8.1136188 8.1088912 8.1085161 8.1081411 8.1077661 8.1072255 8.1063962 8.1063416 8.1077805 8.1100221 8.1139796 8.1179372 8.1218948 8.1224441 8.1181174 8.1137907 8.1094641 8.1081643 8.1091444 8.1085349 8.1067827 8.1050304 8.1032781 8.1026229 8.1022302 8.0988134 8.0948738 8.0909343 8.0869603 8.0827809 8.0797902 8.0809168 8.0820433 8.0831699 8.0837174 8.0837206
-9999 8.1707517 8.1639051 8.1561437 8.1483822 8.1406207 8.1328592 8.1287647 8.1289024 8.12904 8.1291777 8.1293153 8.1297585 8.1322481 8.1346863 8.1371245 8.1395627 8.1420009 8.1443717 8.1437837 8.1377286 8.131377 8.1250255 8.1186739 8.1123224 8.1075948 8.1072198 8.1068447 8.1064697 8.1060947 8.1056692 8.1056147 8.1084947 8.1124523 8.1164099 8.1203674 8.124325 8.1248743 8.1205476 8.1162209 8.1118943 8.1075676 8.1050352 8.1044257 8.1026735 8.1009212 8.0991689 8.0974167 8.0964746 8.0930577 8.0891182 8.0851787 8.0812392 8.0772997 8.0743199 8.0754465 8.0765731 8.0776996 8.0788262 8.0795869
-9999 8.1674609 8.1596994 8.151938 8.1441765 8.136415 8.1286535 8.1264045 8.1265422 8.1266798 8.1268175 8.1269551 8.1270928 8.1309522 8.1334583 8.1358965 8.1383347 8.1407729 8.1432111 8.1429914 8.1366399 8.1302883 8.1239368 8.1175853 8.1112337 8.1096855 8.1100412 8.1096662 8.1092911 8.1089161 8.1085411 8.1096459 8.1136035 8.1175611 8.1215186 8.1254762 8.1294338 8.1259342 8.1216076 8.1172809 8.1129542 8.1086275 8.1044502 8.1016941 8.0999418 8.0981895 8.0964373 8.094685 8.0929327 8.0893155 8.085376 8.0814365 8.077497 8.0735575 8.073873 8.0749996 8.0761261 8.0772527 8.0783793 8.0792925
-9999 8.1540955 8.1463341 8.1385726 8.1308111 8.124252 8.1200207 8.1178175 8.1179552 8.1180928 8.1182305 8.1195022 8.1250548 8.1296949 8.1325077 8.1351379 8.1375761 8.1400143 8.1424525 8.1422328 8.1358813 8.1295298 8.1231782 8.1173585 8.1155395 8.1149616 8.1177102 8.1190318 8.1186568 8.1182817 8.1179067 8.1190115 8.1229691 8.1269267 8.1308843 8.13303 8.1289802 8.1248165 8.1204898 8.1161631 8.1118364 8.108203 8.1057711 8.1028776 8.0996521 8.0976471 8.0958948 8.0941425 8.0923903 8.0887731 8.0848336 8.0808941 8.0769546 8.0791691 8.0814093 8.0825359 8.0836624 8.084789 8.0850152 8.0833104
-9999 8.1407302 8.1329687 8.1252072 8.1198964 8.115665 8.1114337 8.1092306 8.1093682 8.1095059 8.1126923 8.1182449 8.1237975 8.1284376 8.1312504 8.1340632 8.1368175 8.1392557 8.1416939 8.1414743 8.1351227 8.1287712 8.1244536 8.1226345 8.1208155 8.1202376 8.1229863 8.1257349 8.1280224 8.1276474 8.1272723 8.1283772 8.1323347 8.1362923 8.135962 8.1319122 8.1278624 8.1236987 8.119372 8.1150453 8.1119558 8.1095239 8.107092 8.1041984 8.100973 8.0977475 8.0953524 8.0936001 8.0918478 8.0882306 8.0842911 8.0815819 8.0841437 8.0867054 8.0889456 8.0900722 8.0911987 8.0907379 8.0890331 8.0873282
-9999 8.1273648 8.119772 8.1155407 8.1113094 8.1070781 8.1028467 8.1006436 8.1007813 8.1058824 8.111435 8.1169876 8.1225402 8.1271803 8.1299931 8.1328059 8.1356187 8.1384315 8.1409354 8.1407157 8.1343642 8.1315487 8.1297296 8.1279106 8.1260915 8.1255136 8.1282623 8.131011 8.1337596 8.1365083 8.136638 8.1377428 8.1417004 8.1388941 8.1348443 8.1307945 8.1267446 8.1225809 8.1182542 8.1157085 8.1132766 8.1108448 8.1084129 8.1055193 8.1022939 8.0990684 8.095843 8.0930577 8.0913054 8.0876882 8.0865565 8.0891182 8.09168 8.0942417 8.0964819 8.0976085 8.0964607 8.0947558 8.0930509 8.0913461
-9999 8.1154164 8.1111851 8.1069538 8.1027224 8.0984911 8.0942598 8.0935199 8.0990725 8.1046251 8.1101777 8.1157303 8.1212829 8.125923 8.1287358 8.1315486 8.1343614 8.1371742 8.139987 8.1404628 8.1386437 8.1368247 8.1350056 8.1331866 8.1313676 8.1307897 8.1335383 8.136287 8.1390357 8.1417843 8.144533 8.1458759 8.1418261 8.1377763 8.1337265 8.1296767 8.1256269 8.1218932 8.1194613 8.1170294 8.1145975 8.1121656 8.1097338 8.1068402 8.1036148 8.1003893 8.0971639 8.0939384 8.090763 8.0915311 8.0940928 8.0966545 8.0992163 8.101778 8.1038882 8.1021834 8.1004785 8.0987736 8.0970688 8.0953639
-9999 8.1115162 8.1072849 8.1030536 8.0988222 8.0945909 8.0923396 8.0944224 8.099975 8.1055276 8.1110802 8.1166328 8.1231543 8.1311971 8.1387581 8.1415709 8.1443837 8.1471965 8.1500093 8.1514214 8.1496024 8.1477834 8.1459643 8.1441453 8.1372156 8.1282564 8.1347225 8.1374711 8.1402198 8.1429685 8.1457171 8.1461437 8.1420939 8.138044 8.1339942 8.1299444 8.1248892 8.1203415 8.1179096 8.1154777 8.1130458 8.1106139 8.1074847 8.1095018 8.1106761 8.1074506 8.1042252 8.1009997 8.0977743 8.0994832 8.1020449 8.1046067 8.1071684 8.1068199 8.0999176 8.0982127 8.0965079 8.094803 8.0930982 8.0951436
