P1_models/J1_p1__temp2_slide_220.dat.tif
NCOLS 118
NROWS 92
XLLCORNER 139.62
YLLCORNER -39.07
DX 0.099491525
DY 0.099347826
NODATA_VALUE -9999
[rows 54 to 80 of 92, columns 0 to 59 of 118]
-9999 1255.9012 1264.0308 1272.1604 1280.29 1265.9631 1249.7571 1236.4817 1226.5887 1216.6956 1206.8026 1219.6161 1238.4073 1251.3403 1252.5422 1253.7441 1258.1038 1262.7577 1267.4116 1270.5452 1270.1714 1269.7977 1269.4239 1261.0076 1248.9774 1240.2714 1240.4751 1240.6788 1240.5763 1240.4373 1240.2983 1242.5471 1249.3985 1256.2499 1263.1014 1265.2636 1266.1745 1268.1826 1271.7601 1275.3377 1278.9153 1284.352 1289.9517 1289.7996 1285.5128 1279.7916 1270.4621 1261.1326 1251.8031 1259.0898 1269.2482 1279.4066 1282.2393 1277.1691 1273.0965 1272.4793 1271.8621 1271.2449 1282.1055 1294.9531
-9999 1276.4459 1284.5755 1286.6954 1270.4893 1254.2833 1238.0773 1224.8019 1214.9088 1208.3367 1227.1279 1245.9191 1264.7103 1277.6433 1278.8452 1280.047 1281.2489 1284.5646 1289.2184 1292.352 1291.9783 1291.6045 1279.6625 1267.6323 1255.6021 1246.8962 1247.0999 1247.3036 1247.5073 1247.5009 1247.362 1249.6107 1256.4621 1262.897 1263.808 1264.7189 1265.6298 1267.6379 1271.2155 1275.1539 1280.7536 1286.3532 1291.9529 1291.8008 1287.514 1283.2271 1278.7028 1269.3733 1260.0437 1267.3305 1277.4889 1277.0378 1271.9676 1266.8974 1262.8248 1262.2076 1262.5069 1275.3545 1288.202 1301.0496
-9999 1296.9906 1291.2215 1275.0155 1258.8095 1242.6034 1226.3974 1213.122 1215.8485 1234.6397 1253.4309 1272.2221 1291.0133 1303.9463 1305.1482 1306.35 1307.5519 1308.7537 1311.0253 1314.1589 1310.3477 1298.3175 1286.2873 1274.2571 1262.2269 1253.5209 1253.7246 1253.9283 1254.1321 1254.3358 1254.4256 1256.6743 1261.4414 1262.3523 1263.2633 1264.1742 1265.0852 1267.0932 1271.5555 1277.1551 1282.7548 1288.3544 1293.9541 1293.802 1289.5152 1285.2283 1280.9415 1276.6546 1268.2844 1275.5711 1271.8362 1266.7661 1261.6959 1256.6257 1252.5531 1255.7559 1268.6034 1281.451 1294.2985 1307.1461
-9999 1295.6963 1279.4903 1263.2843 1247.0782 1230.8722 1214.6662 1214.0287 1232.8199 1251.6111 1270.4023 1289.1934 1307.9846 1320.8482 1322.05 1323.2519 1324.4538 1325.6556 1326.8575 1324.0582 1312.028 1299.9978 1287.9676 1275.9374 1263.9072 1258.0548 1258.0297 1258.2334 1258.4371 1258.6408 1258.8445 1259.2897 1260.2007 1261.1116 1262.0226 1262.9335 1263.8444 1268.1381 1273.7377 1279.3374 1284.937 1290.5367 1296.1364 1295.1268 1290.84 1286.5531 1282.2662 1277.9794 1273.6925 1271.4126 1266.3424 1261.2723 1256.2021 1251.1319 1249.3804 1262.0498 1274.8973 1287.7449 1300.5924 1313.44
-9999 1283.7896 1267.5836 1251.3775 1235.1715 1219.739 1209.752 1209.2108 1219.5713 1236.7107 1255.5019 1274.293 1293.0842 1305.9405 1306.9119 1308.0446 1309.2465 1310.4483 1311.6502 1308.8509 1296.8207 1284.7905 1272.7603 1260.7301 1264.7892 1266.5263 1257.4959 1254.6153 1254.819 1255.0227 1255.2264 1255.6717 1256.5827 1257.4936 1258.4045 1259.0283 1243.1835 1245.2255 1272.857 1282.1381 1287.7378 1293.3374 1298.9371 1297.0435 1289.8544 1285.5676 1281.2807 1276.9938 1272.707 1275.856 1277.1674 1272.0972 1267.027 1261.9569 1260.2053 1269.9491 1281.8654 1294.7129 1307.5605 1320.408
-9999 1271.8829 1255.6768 1239.4708 1226.2374 1216.2504 1206.2634 1205.7222 1216.0827 1226.4432 1240.6014 1259.3926 1278.1838 1291.0401 1292.0115 1292.9828 1294.0392 1295.241 1296.4429 1293.6436 1281.6134 1269.5832 1261.7515 1267.5061 1273.2606 1274.9978 1265.9674 1256.9369 1251.201 1251.4047 1251.6084 1252.0537 1252.9646 1253.8756 1249.3182 1233.4734 1217.6286 1219.6706 1247.3021 1274.9337 1290.5385 1296.1382 1301.7378 1299.8443 1292.5639 1285.2836 1280.2952 1276.0083 1271.7214 1274.8705 1279.3046 1282.9221 1277.852 1272.7818 1271.0303 1280.7741 1290.5178 1301.6809 1314.5285 1327.3761
-9999 1259.9761 1243.7701 1232.7357 1222.7487 1212.7617 1202.7747 1202.2335 1212.594 1222.9545 1233.315 1244.4922 1263.2834 1276.1397 1277.1111 1278.0824 1279.0538 1280.0338 1281.2356 1278.4363 1266.4061 1264.4684 1270.223 1275.9776 1281.7321 1283.4693 1274.4389 1265.4084 1256.378 1247.7867 1247.9904 1248.4357 1249.3466 1239.608 1223.7633 1207.9185 1192.0737 1194.1157 1221.7472 1249.3788 1277.0103 1298.9389 1304.5385 1302.645 1295.3646 1288.0843 1280.804 1275.0228 1270.7359 1273.8849 1278.319 1282.7532 1287.1873 1283.6068 1281.8552 1291.599 1301.3428 1311.0865 1321.4965 1334.3441
-9999 1249.221 1239.234 1229.247 1219.26 1209.2731 1199.2861 1198.7449 1209.1054 1219.4659 1229.8264 1240.1869 1250.5473 1261.2393 1262.2107 1263.182 1264.1534 1265.1248 1266.0961 1263.229 1267.1853 1272.9399 1278.6945 1284.4491 1290.2036 1291.9408 1282.9104 1273.8799 1264.8495 1255.819 1246.7885 1244.8176 1229.8979 1214.0531 1198.2083 1182.3636 1166.5188 1168.5608 1196.1923 1223.8238 1251.4554 1279.0869 1306.7185 1305.4457 1298.1654 1290.885 1283.6047 1276.3244 1269.7504 1272.8994 1277.3335 1281.7676 1286.2018 1290.6359 1292.6802 1302.4239 1312.1677 1321.9115 1331.6553 1341.399
-9999 1246.871 1236.884 1226.897 1216.91 1206.923 1203.7188 1208.4251 1214.9994 1225.3599 1235.7204 1246.0809 1256.4414 1260.2726 1255.1672 1256.1386 1257.1099 1258.0813 1259.0527 1261.4704 1267.225 1272.9796 1278.7342 1284.4888 1288.4623 1284.7851 1278.3092 1269.2788 1260.2483 1251.2178 1242.1874 1230.8294 1214.9846 1199.1398 1183.295 1167.4502 1156.099 1172.5674 1207.5868 1235.2183 1262.8499 1290.4814 1318.1129 1316.5992 1304.7672 1297.4868 1290.2065 1282.9262 1275.6458 1279.3496 1283.7993 1288.2335 1292.6676 1297.1017 1296.0868 1286.8051 1296.5488 1306.2926 1316.0364 1325.7802
-9999 1245.016 1235.029 1225.0421 1215.0551 1217.735 1224.3889 1229.0952 1231.5537 1235.334 1245.6945 1256.055 1266.4154 1270.2466 1261.0026 1252.5117 1253.4831 1254.4544 1255.4258 1257.8436 1263.5981 1269.3527 1275.1073 1276.124 1272.9565 1269.2793 1264.2359 1258.993 1249.9625 1240.932 1231.9016 1220.5436 1204.6988 1188.854 1173.0092 1165.9484 1163.9788 1180.4472 1223.2938 1262.6803 1290.3118 1317.9433 1345.5749 1344.0612 1321.5953 1305.7415 1298.4612 1291.1809 1283.9005 1287.6043 1293.2063 1297.9395 1302.3737 1306.8078 1305.7929 1285.9031 1269.4309 1279.1746 1288.9184 1298.6622
-9999 1243.1611 1233.1741 1225.0974 1231.7512 1238.4051 1245.0589 1249.7653 1252.2238 1254.6824 1257.141 1266.029 1276.3895 1280.2207 1270.9766 1261.7325 1252.4885 1250.8276 1251.799 1254.2167 1259.9713 1265.7259 1263.7857 1260.6182 1257.4507 1253.7735 1248.7302 1243.6868 1238.6434 1230.6462 1221.6158 1210.2578 1194.413 1178.5682 1175.7979 1173.8283 1171.8587 1188.3271 1231.1736 1274.0201 1316.8667 1345.4053 1373.0368 1371.5231 1349.0572 1326.5913 1306.7159 1299.4356 1292.1552 1295.859 1301.4611 1307.0631 1312.0797 1316.5138 1315.4989 1295.6091 1275.7194 1255.8296 1261.8004 1271.5442
-9999 1241.3062 1239.1136 1245.7674 1252.4213 1259.0752 1265.729 1270.4353 1272.8939 1275.3525 1277.8111 1280.2697 1286.3636 1290.1948 1280.9507 1271.7066 1262.4625 1253.2184 1248.1721 1250.5898 1254.6149 1251.4474 1248.2799 1245.1125 1241.945 1238.2678 1233.2244 1228.181 1223.1376 1218.0943 1211.33 1199.9719 1187.6169 1185.6473 1183.6777 1181.7081 1179.7385 1196.2069 1239.0534 1281.9 1324.7465 1367.593 1400.4988 1398.9851 1376.5192 1354.0533 1331.5874 1309.1215 1300.4099 1304.1137 1309.7158 1315.3178 1320.9199 1326.2199 1325.205 1305.3152 1285.4254 1265.5356 1245.6459 1244.4262
-9999 1247.7889 1254.4428 1261.0966 1267.7505 1274.4044 1281.0582 1287.7991 1290.2577 1292.7163 1295.1749 1297.6335 1300.0921 1297.7578 1288.5137 1279.2696 1270.0255 1260.7814 1251.5373 1244.1307 1240.9632 1237.7957 1234.6283 1231.4608 1228.2933 1226.8406 1221.7972 1216.7538 1211.7105 1206.6671 1201.6237 1197.6302 1195.6606 1193.6911 1191.7215 1189.7519 1187.7823 1203.9614 1246.8079 1289.6544 1332.501 1375.3475 1418.1941 1420.6867 1398.2209 1375.755 1353.2891 1330.8232 1308.3573 1309.8233 1315.4254 1321.0275 1326.6296 1332.2317 1330.2821 1310.3923 1290.5025 1270.6128 1250.723 1230.8332
-9999 1236.5533 1243.2072 1249.8611 1256.5149 1263.5676 1279.2008 1288.718 1291.1766 1293.6352 1296.0938 1298.5523 1292.9575 1287.2851 1282.9894 1274.84 1265.5959 1256.3518 1247.1077 1239.7011 1236.5336 1233.3662 1230.1987 1227.0312 1228.9296 1230.7822 1229.6521 1225.613 1220.5696 1215.5263 1210.4829 1206.4894 1204.5198 1202.5502 1200.5806 1198.611 1195.4009 1211.0923 1253.9389 1296.7854 1339.6319 1379.4969 1386.9502 1391.4731 1391.2718 1368.8059 1346.34 1323.8742 1301.4083 1302.8743 1308.4764 1314.0784 1319.6805 1319.3116 1312.3355 1292.4457 1272.5559 1252.6661 1233.2288 1223.1624
-9999 1225.3178 1231.9716 1238.6255 1248.8532 1264.4864 1280.1196 1289.6369 1292.0954 1294.554 1294.6595 1288.2996 1281.9396 1276.2672 1271.9715 1267.6757 1261.1663 1251.9222 1242.6781 1235.2715 1232.1041 1228.9366 1226.7345 1229.7 1232.6655 1234.5181 1233.388 1232.2578 1229.4288 1224.3854 1219.3421 1215.3486 1213.379 1211.4094 1209.1111 1205.8215 1202.5319 1218.2233 1261.0698 1303.9164 1333.6225 1341.0758 1348.529 1353.052 1355.4685 1357.8849 1339.391 1316.9251 1294.4592 1295.9252 1301.5273 1307.1294 1304.613 1301.365 1294.3888 1274.499 1254.6093 1237.5556 1227.4892 1217.4228
-9999 1214.0822 1220.7361 1234.1388 1249.7721 1265.4053 1281.0385 1290.5557 1293.0143 1290.0016 1283.6416 1277.2817 1270.9217 1265.2493 1260.9536 1256.6579 1252.3621 1247.4926 1238.2486 1230.8419 1227.6745 1227.5049 1230.4704 1233.4359 1236.4014 1238.2541 1237.1239 1235.9937 1234.8636 1233.2446 1228.2012 1224.2078 1222.2382 1219.5317 1216.2421 1212.9525 1209.6628 1225.3543 1268.2008 1287.7481 1295.2014 1302.6546 1310.1079 1314.6309 1317.0473 1319.4638 1321.8802 1309.9761 1287.5102 1288.9762 1293.1624 1289.9144 1286.6664 1283.4183 1276.4422 1256.5524 1241.8823 1231.8159 1221.7495 1211.6831
-9999 1203.7913 1219.4245 1235.0577 1250.6909 1266.3241 1281.9574 1291.4746 1285.3437 1278.9837 1272.6238 1266.2638 1259.9038 1254.2314 1249.9357 1245.64 1241.3442 1237.0485 1232.7528 1226.4124 1228.2753 1231.2408 1234.2063 1237.1718 1240.1373 1241.99 1240.8598 1239.7297 1238.5995 1237.4693 1236.3392 1233.0669 1229.9523 1226.6627 1223.373 1220.0834 1216.7938 1232.4852 1241.8737 1249.327 1256.7802 1264.2335 1271.6868 1276.2098 1278.6262 1281.0426 1283.4591 1285.8755 1280.5611 1278.4639 1275.2158 1271.9678 1268.7197 1265.4717 1258.4956 1246.2091 1236.1427 1226.0763 1216.0099 1205.9435
-9999 1210.7701 1226.4033 1242.0365 1257.6697 1273.3029 1285.7286 1291.5855 1290.0813 1283.7214 1277.3614 1271.0014 1264.6415 1257.3012 1250.3239 1246.0282 1241.7324 1237.4367 1233.141 1231.041 1234.0065 1236.972 1239.9375 1242.903 1245.0447 1245.6494 1251.0119 1249.8818 1248.7516 1247.6214 1246.4913 1244.6235 1241.3339 1238.0443 1234.7546 1231.465 1228.0512 1229.4679 1237.506 1244.9593 1252.4126 1259.8659 1267.3192 1268.0532 1268.8848 1271.3012 1273.7177 1276.1341 1278.5505 1268.7564 1265.5083 1262.2603 1259.0122 1255.7642 1255.2007 1256.1641 1246.0977 1236.0313 1225.9649 1215.8985
-9999 1221.1894 1236.8226 1252.4558 1268.089 1276.9643 1283.3605 1289.2174 1294.452 1297.4043 1291.0443 1284.6844 1278.3244 1270.9841 1261.6807 1252.8922 1248.5965 1244.3008 1240.005 1237.905 1240.8705 1243.836 1246.8016 1246.819 1243.9112 1244.5159 1254.5349 1263.6767 1262.5465 1261.4163 1260.2862 1258.4184 1255.1288 1251.8392 1248.5495 1244.9772 1241.2197 1242.6365 1251.4555 1259.9256 1267.3789 1274.8322 1282.2855 1283.0195 1278.9233 1277.8429 1280.2593 1282.6757 1285.0921 1274.9156 1262.5626 1257.2306 1253.9825 1250.7345 1250.171 1258.9068 1264.9634 1254.897 1244.8306 1234.7642
-9999 1231.6087 1247.2419 1261.8039 1268.2001 1274.5962 1280.9924 1286.8493 1292.0839 1297.3184 1302.553 1298.3673 1292.0073 1284.667 1275.3636 1266.0601 1256.7567 1251.1648 1246.8691 1244.7691 1247.7346 1250.7001 1248.5934 1245.6856 1242.7778 1243.3824 1253.4014 1263.4204 1273.4393 1275.2112 1274.0811 1272.2133 1268.9237 1265.6341 1261.9031 1258.1457 1254.3883 1255.805 1264.6241 1273.4432 1282.2622 1289.7985 1297.2518 1297.9858 1293.8896 1289.7933 1286.8009 1289.2173 1291.6337 1281.4572 1269.1042 1256.7513 1248.9528 1245.7048 1245.1413 1253.877 1262.6128 1271.3485 1263.6963 1253.6299
-9999 1242.028 1253.0397 1259.4358 1265.832 1272.2282 1278.6243 1284.4812 1289.7158 1294.9504 1300.1849 1305.4195 1305.6902 1298.3499 1289.0465 1279.743 1270.4396 1261.1361 1253.7331 1251.6331 1253.2755 1250.3677 1247.4599 1244.5521 1241.6443 1242.249 1252.2679 1262.2869 1272.3059 1282.3248 1287.876 1286.0082 1282.5865 1278.8291 1275.0717 1271.3143 1267.5569 1268.9736 1277.7927 1286.6117 1295.4308 1304.2499 1312.2181 1312.9521 1308.8559 1304.7596 1300.6634 1296.5671 1298.1753 1287.9988 1275.6459 1263.2929 1250.94 1240.6751 1240.1116 1248.8473 1257.583 1266.3188 1275.0545 1272.4956
-9999 1249.6557 1256.0519 1262.448 1268.8442 1275.2403 1281.6365 1280.2991 1285.5337 1290.7682 1296.0028 1301.2374 1306.4719 1303.7356 1294.4321 1285.1287 1275.8252 1266.5217 1257.2183 1249.8488 1246.941 1244.0332 1241.1254 1238.2176 1235.3098 1237.9257 1247.7703 1257.7892 1267.8082 1277.8272 1287.8461 1293.1595 1289.4021 1285.6447 1281.8873 1278.1299 1274.3725 1274.1334 1282.9525 1291.7716 1300.5906 1309.4097 1318.2288 1319.8584 1315.7622 1311.6659 1307.5696 1303.4734 1299.3771 1291.1015 1278.7486 1266.3957 1254.0427 1241.6898 1235.8601 1244.9296 1253.6653 1262.401 1271.1367 1279.8724
-9999 1273.034 1279.4302 1285.8264 1292.2225 1295.6092 1280.1782 1272.9288 1275.1218 1279.7194 1284.954 1290.1885 1295.4231 1292.1534 1271.8535 1259.1063 1249.8028 1240.4994 1231.1959 1223.8264 1220.9186 1218.0108 1215.103 1212.1952 1234.6763 1249.5652 1238.0214 1240.5569 1250.5759 1260.5948 1270.6138 1275.9272 1272.1698 1268.4124 1264.655 1261.2093 1267.7754 1268.4714 1260.7694 1266.6158 1275.4349 1284.2539 1293.073 1295.0763 1292.1585 1288.0622 1283.966 1279.8697 1275.7734 1273.8213 1268.8341 1256.4812 1244.1283 1231.7753 1225.9456 1242.7117 1253.9565 1262.6922 1271.428 1280.1637
-9999 1296.4124 1302.8086 1309.2047 1304.2019 1288.7709 1273.3399 1266.0905 1268.2835 1270.4766 1273.9051 1279.1397 1284.3742 1281.1046 1260.8046 1240.5047 1223.7805 1214.477 1205.1736 1197.8041 1194.8963 1191.9885 1196.8141 1221.565 1246.3158 1261.2047 1249.6609 1238.1172 1233.3435 1243.3625 1253.3815 1258.6949 1254.9375 1251.18 1251.2337 1257.7998 1264.3659 1265.0619 1257.3599 1249.6579 1250.2791 1259.0982 1267.9172 1269.9206 1267.0241 1264.1277 1260.3623 1256.266 1252.1697 1250.2176 1248.6361 1246.5667 1234.2138 1221.8609 1216.0312 1232.7973 1249.5634 1262.9835 1271.7192 1280.4549
-9999 1319.7907 1326.1869 1312.7946 1297.3636 1281.9326 1266.5016 1259.2522 1261.4452 1263.6383 1265.8313 1268.0909 1273.3254 1270.0557 1249.7558 1229.4559 1209.156 1188.8561 1179.1512 1171.7817 1168.8739 1183.7028 1208.4536 1233.2045 1257.9553 1272.8442 1261.3004 1249.7567 1238.213 1226.6693 1236.1491 1241.4625 1237.7051 1241.2582 1247.8243 1254.3904 1260.9565 1261.6525 1253.9505 1246.2485 1238.5464 1233.9424 1242.7615 1244.7648 1241.8684 1238.9719 1236.0755 1232.6623 1228.5661 1226.6139 1225.0324 1223.4508 1221.8693 1211.9464 1206.1167 1222.8828 1239.6489 1256.415 1272.0105 1280.7462
-9999 1336.8182 1321.3872 1305.9563 1290.5253 1275.0943 1259.6634 1252.4139 1254.607 1256.8 1258.9931 1261.1861 1263.3792 1259.0069 1238.707 1218.4071 1198.1071 1177.8072 1157.5073 1145.8406 1170.5914 1195.3423 1220.0931 1244.844 1269.5948 1284.4837 1272.9399 1261.3962 1249.8525 1238.3088 1226.7651 1224.7165 1231.2826 1237.8488 1244.4149 1250.981 1257.5471 1258.2431 1250.541 1242.839 1235.137 1227.435 1219.733 1219.609 1216.7126 1213.8162 1210.9197 1208.0233 1204.9624 1203.0102 1201.4287 1199.8471 1198.2656 1196.684 1196.2023 1212.9684 1229.7345 1246.5006 1263.2667 1280.0328
-9999 1336.9278 1321.4969 1306.0659 1290.6349 1275.2039 1260.5187 1258.0637 1265.9061 1268.0992 1270.2922 1272.4853 1274.6783 1271.6858 1256.6049 1236.305 1216.0051 1195.7052 1175.4052 1168.728 1193.4788 1218.2297 1242.9805 1267.7313 1285.7413 1287.5949 1277.9674 1266.4236 1254.8799 1243.3362 1231.7925 1226.4345 1233.0006 1239.5667 1246.1328 1252.6989 1259.4603 1264.1669 1262.3246 1254.6226 1246.9206 1239.2186 1231.5166 1231.4041 1232.2223 1229.3259 1226.4295 1223.533 1220.6366 1215.9731 1213.8434 1212.2619 1210.6803 1209.0987 1205.5445 1200.8475 1217.6136 1234.3797 1251.1458 1267.9119
