P1_models/J1_p1_vp_slide_diff2_240.dat.tif
NCOLS 118
NROWS 92
XLLCORNER 139.62
YLLCORNER -39.07
DX 0.099491525
DY 0.099347826
NODATA_VALUE -9999
[rows 0 to 23 of 92, columns 53 to 105 of 118]
-9999 -9999 -9999 -9999 -9999 -9999 -9999 -9999 -9999 -9999 -9999 -9999 -9999 -9999 -9999 -9999 -9999 -9999 -9999 -9999 -9999 -9999 -9999 -9999 -9999 -9999 -9999 -9999 -9999 -9999 -9999 -9999 -9999 -9999 -9999 -9999 -9999 -9999 -9999 -9999 -9999 -9999 -9999 -9999 -9999 -9999 -9999 -9999 -9999 -9999 -9999 -9999 -9999
0.089201006 0.1060355 0.10600209 0.082137806 0.05827352 0.034409234 0.010544948 -0.0098850564 -0.013585881 -0.013368066 -0.013150251 -0.012932435 -0.01271462 0.0037917518 0.0043861684 0.0049805851 0.0055750017 0.0061694183 0.014459718 0.03259776 0.050735802 0.068873845 0.087011887 0.074515039 0.070058219 0.071489583 0.072920947 0.074352311 0.075783675 0.062339509 0.042022588 0.021705668 0.0013887475 -0.016005919 -0.017707969 -0.02646956 -0.033680443 -0.040891326 -0.048102209 -0.055234866 -0.059821815 -0.064408765 -0.068995714 -0.073582664 -0.064236825 -0.06881318 -0.067658504 -0.066503829 -0.065349153 -0.064194477 -0.066807817 -0.06836145 -0.069779005
0.062266361 0.079100852 0.095948854 0.10263223 0.078767941 0.054903655 0.031039369 0.010609365 -0.0074868996 -0.014209211 -0.013991396 -0.01377358 -0.013555765 0.0063935434 0.026466223 0.027060639 0.027655056 0.028249473 0.036539773 0.054677815 0.072815857 0.090953899 0.073497768 0.052890743 0.046522534 0.041265698 0.042697061 0.044128425 0.045559789 0.032115623 0.011798703 -0.0085182176 -0.02347417 -0.020015431 -0.021717481 -0.032718804 -0.041869188 -0.049080071 -0.056290954 -0.06342361 -0.06801056 -0.072597509 -0.077184459 -0.066513169 -0.049359074 -0.055407814 -0.063246426 -0.06209175 -0.060937075 -0.059782399 -0.062395738 -0.066805402 -0.068479204
0.035331717 0.052166208 0.069014209 0.085862211 0.099262363 0.075398077 0.051533791 0.031103787 0.013007522 -0.0050887428 -0.01483254 -0.014614725 -0.01439691 0.0055523985 0.026179705 0.046807012 0.04973511 0.050329527 0.058619827 0.076757869 0.093406393 0.072639933 0.051873472 0.031266447 0.024898238 0.01853003 0.012473176 0.01390454 0.015335904 0.0018917377 -0.018425183 -0.030942421 -0.027483683 -0.024024944 -0.025726994 -0.036728316 -0.047729639 -0.057268815 -0.064479698 -0.071612355 -0.076199304 -0.080786254 -0.068789513 -0.051635418 -0.034481323 -0.040530063 -0.049049982 -0.0575699 -0.056524996 -0.055370321 -0.05798366 -0.062393323 -0.066802987
0.0083970724 0.025231563 0.042079565 0.058927566 0.075775568 0.092623569 0.072028213 0.051598209 0.033501944 0.015405679 -0.002690586 -0.01545587 -0.015238055 0.0047112536 0.02533856 0.045965867 0.066593173 0.072409581 0.080699881 0.092548558 0.071782097 0.051015636 0.030249176 0.0096421503 0.0032739418 -0.0030942667 -0.0094624752 -0.015830684 -0.014887982 -0.028332148 -0.038410672 -0.034951934 -0.031493195 -0.028034457 -0.029736507 -0.040737829 -0.051739151 -0.062740474 -0.072668443 -0.079801099 -0.084388049 -0.071065857 -0.053911762 -0.036757667 -0.019603572 -0.025652312 -0.034172231 -0.042692149 -0.051212068 -0.050958242 -0.053571582 -0.057981245 -0.062390908
-0.010619995 -0.0017030812 0.01514492 0.031992922 0.048840923 0.065688925 0.082536926 0.07209263 0.053996365 0.0359001 0.017803836 -0.00029242917 -0.0160792 0.0038701087 0.024497415 0.045124722 0.065752029 0.086379335 0.091690722 0.070924262 0.050157801 0.02939134 0.0086248794 -0.011982146 -0.018350354 -0.024718563 -0.031086771 -0.03745498 -0.043823188 -0.045878923 -0.042420185 -0.038961446 -0.035502708 -0.03204397 -0.033746019 -0.044747342 -0.055748664 -0.066749986 -0.077751309 -0.087989844 -0.0733422 -0.056188106 -0.039034011 -0.021879916 -0.0047258215 -0.010774562 -0.01929448 -0.027814399 -0.036334317 -0.044854236 -0.049159503 -0.053569167 -0.05797883
-0.011724564 -0.0053060515 0.01154195 0.028389951 0.045237953 0.062085955 0.068332056 0.069112468 0.059447399 0.041351134 0.023254869 0.0051586046 -0.01293766 0.0064032586 0.027030565 0.047657872 0.068285178 0.079443375 0.070031643 0.049265182 0.028498721 0.0077322606 -0.013015527 -0.020596013 -0.0042345609 -0.010602769 -0.016970978 -0.023339186 -0.029707395 -0.029354106 -0.025895367 -0.022436629 -0.01897789 -0.022000817 -0.033212252 -0.038761988 -0.04976331 -0.060764632 -0.071765955 -0.081927891 -0.064773796 -0.047619701 -0.030465607 -0.013311512 -0.010995036 -0.01874578 -0.027265698 -0.035785617 -0.044305535 -0.050720991 -0.055380659 -0.059790322 -0.064199986
-0.011631135 -0.0052126223 0.011635379 0.028483381 0.045331382 0.048345268 0.048160853 0.048941266 0.05037732 0.044418868 0.026322603 0.0082263386 -0.0098699262 0.0094709926 0.030098299 0.050725606 0.058316944 0.057778785 0.048367053 0.027600592 0.0068341312 -0.012012674 -0.019871584 -0.027452069 -0.0101672 0.0071176689 0.0028070605 -0.003561148 -0.0099293565 -0.0095760672 -0.0061173288 -0.0026585904 -0.0081649729 -0.024411376 -0.035622811 -0.037761691 -0.042194485 -0.053195808 -0.06419713 -0.074359066 -0.057204971 -0.040050877 -0.022896782 -0.022057508 -0.022586179 -0.030336923 -0.038856841 -0.04737676 -0.053442671 -0.058626753 -0.063286421 -0.067696084 -0.072105747
-0.011537706 -0.0051191931 0.011728808 0.028542895 0.028358481 0.028174066 0.027989651 0.028770064 0.030206118 0.031642171 0.029390338 0.011294073 -0.0068021921 0.012538727 0.033166033 0.037190512 0.036652354 0.036114195 0.026702463 0.0059360018 -0.011009822 -0.018868731 -0.026727641 -0.034308126 -0.017023257 0.00026161202 0.017546481 0.01621689 0.0098486819 0.010201971 0.01366071 0.0056708713 -0.010575532 -0.026821935 -0.03803337 -0.04017225 -0.04231113 -0.045626983 -0.056628305 -0.066790241 -0.049636147 -0.032591311 -0.033119981 -0.033648652 -0.034177322 -0.041928066 -0.050447985 -0.05616435 -0.061348433 -0.066532515 -0.071192182 -0.075601846 -0.076830233
-0.011444277 -0.0050257638 0.0085561078 0.0083716932 0.0081872785 0.0080028639 0.0078184492 0.0085988619 0.010034915 0.011470969 0.012907023 0.014343076 -0.0037344581 0.015606461 0.016064081 0.015525922 0.014987763 0.014449605 0.0050378724 -0.01000697 -0.017865879 -0.025724788 -0.033583697 -0.041164183 -0.023879314 -0.0065944449 0.010690424 0.027975294 0.02962672 0.02998001 0.019506715 0.0032603126 -0.01298609 -0.029232493 -0.040443929 -0.042582809 -0.044721689 -0.046860569 -0.049059481 -0.059221417 -0.043653783 -0.044182454 -0.044711125 -0.045239795 -0.045768466 -0.05351921 -0.058886029 -0.064070112 -0.069254194 -0.074438277 -0.079097944 -0.080040459 -0.079860976
-0.011282988 -0.00916392 -0.0093483346 -0.0095327493 -0.0097171639 -0.0099015786 -0.010085993 -0.01002832 -0.0085922663 -0.0071562128 -0.0057201592 -0.0042841056 -0.0028480521 -0.0033206279 -0.0038587866 -0.0043969453 -0.004935104 -0.0054732627 -0.0092644725 -0.017123382 -0.024982291 -0.0328412 -0.04070011 -0.045940771 -0.031819518 -0.014534649 0.0027502202 0.020035089 0.037319959 0.031669895 0.015423492 -0.00082291122 -0.017069314 -0.033315717 -0.043598225 -0.045737105 -0.047875985 -0.050014865 -0.052153746 -0.054244621 -0.054773292 -0.055301962 -0.055830633 -0.056359304 -0.056712317 -0.061065818 -0.066249901 -0.071433983 -0.076618066 -0.081802148 -0.082919933 -0.08274045 -0.082560968
-0.012381172 -0.012212656 -0.012397071 -0.012581486 -0.0127659 -0.012950315 -0.01108635 -0.013523441 -0.017100373 -0.015664319 -0.014228266 -0.012792212 -0.011356158 -0.011828734 -0.012366893 -0.012905052 -0.01344321 -0.014183277 -0.01808718 -0.02594609 -0.033804999 -0.041663908 -0.044573193 -0.035127381 -0.041295668 -0.029580049 -0.01229518 0.0049896891 0.022274558 0.016624494 0.00037809136 -0.015868312 -0.032114715 -0.044924955 -0.052240714 -0.053765652 -0.055904532 -0.058043412 -0.060182292 -0.062273167 -0.062801838 -0.063330509 -0.063859179 -0.063969927 -0.060524789 -0.064878291 -0.070062373 -0.075246456 -0.080430538 -0.082879123 -0.083452272 -0.083272789 -0.083093306
-0.015429908 -0.015261393 -0.015445807 -0.015630222 -0.015636385 -0.013581175 -0.011525964 -0.013963056 -0.019452856 -0.024172426 -0.022736372 -0.021300318 -0.019864265 -0.020336841 -0.020874999 -0.021413158 -0.022192868 -0.023005985 -0.026909888 -0.034768798 -0.042627707 -0.043380449 -0.033759803 -0.024313991 -0.030482278 -0.036650565 -0.027340581 -0.010055711 0.0072291579 0.0015790939 -0.014667309 -0.030913712 -0.043141803 -0.053712684 -0.061028443 -0.062478766 -0.063933078 -0.066071958 -0.068210838 -0.070301713 -0.070830384 -0.071359055 -0.071227538 -0.0677824 -0.064337262 -0.068690764 -0.073874846 -0.079058929 -0.081259575 -0.083411462 -0.083984611 -0.083805128 -0.083625645
-0.018478644 -0.018310129 -0.018494544 -0.01813121 -0.016076 -0.014020789 -0.011965578 -0.01440267 -0.01989247 -0.02538227 -0.03087207 -0.029808425 -0.028372371 -0.028844947 -0.029389342 -0.030202459 -0.031015576 -0.031828693 -0.035732596 -0.043591505 -0.042187705 -0.032567059 -0.022946413 -0.013500601 -0.019668888 -0.025837175 -0.032005462 -0.025101112 -0.0078162425 -0.013466306 -0.029712709 -0.041358652 -0.051929533 -0.062500413 -0.069816172 -0.071266495 -0.072716819 -0.074167143 -0.076239384 -0.07833026 -0.07885893 -0.078485149 -0.075040011 -0.071594873 -0.068149735 -0.072503237 -0.07748814 -0.079640027 -0.081791914 -0.083943801 -0.084516949 -0.084337467 -0.081619676
-0.021527381 -0.021358866 -0.020626035 -0.018570824 -0.016515614 -0.014460403 -0.012405192 -0.014842284 -0.020332084 -0.025821884 -0.031311685 -0.036801485 -0.036880478 -0.037398932 -0.038212049 -0.039025167 -0.039838284 -0.040651401 -0.044555304 -0.040994961 -0.031374315 -0.021753669 -0.012133023 -0.0026872113 -0.0088554982 -0.015023785 -0.021192072 -0.027360359 -0.022861643 -0.028511707 -0.0395755 -0.050146381 -0.060717262 -0.071288142 -0.078603901 -0.080054225 -0.081504548 -0.082954872 -0.084405196 -0.086358806 -0.08574276 -0.082297622 -0.078852484 -0.075407346 -0.071962208 -0.075868592 -0.078020479 -0.080172366 -0.082324253 -0.08447614 -0.085049288 -0.082219448 -0.079250024
-0.02365304 -0.021978723 -0.019323129 -0.017267919 -0.015212708 -0.013157497 -0.011102287 -0.013158168 -0.018647969 -0.024137769 -0.029627569 -0.035117369 -0.04060717 -0.040159052 -0.040972169 -0.041785286 -0.042598403 -0.04341152 -0.039647646 -0.030026999 -0.020406353 -0.010785707 -0.0011650605 0.0036916783 0.00046551675 -0.0057027701 -0.011871057 -0.018039344 -0.024207631 -0.033387232 -0.043958112 -0.054528993 -0.065099874 -0.075670755 -0.085541711 -0.086992035 -0.088442358 -0.089892682 -0.091343005 -0.092647383 -0.089202245 -0.085757107 -0.082311969 -0.078866831 -0.074250552 -0.075835259 -0.077987146 -0.080139033 -0.08229092 -0.084442807 -0.082112924 -0.0791435 -0.076174076
-0.023633805 -0.021959487 -0.015422184 -0.01191603 -0.0098608194 -0.0078056087 -0.0057503981 -0.0075534389 -0.012029078 -0.017518879 -0.023008679 -0.028498479 -0.033988279 -0.031061379 -0.029645037 -0.030458154 -0.031271271 -0.032084388 -0.028320514 -0.018699867 -0.0090792212 0.00054142504 0.0033228101 -0.0005640021 0.0022452256 0.00015050788 -0.006017779 -0.012186066 -0.018354353 -0.027533954 -0.038104834 -0.048675715 -0.059246596 -0.069816551 -0.079823731 -0.088817201 -0.091081628 -0.092531952 -0.093982276 -0.095286653 -0.091841515 -0.088396377 -0.084951239 -0.079909137 -0.071366717 -0.073745819 -0.076639398 -0.078791284 -0.080943171 -0.083095058 -0.079631089 -0.074426381 -0.071456957
-0.023614569 -0.021940252 -0.015402948 -0.0088656442 -0.0045089309 -0.0024537202 -0.00039850955 -0.0022015504 -0.006626436 -0.011051322 -0.016389788 -0.021879589 -0.027369389 -0.024442488 -0.02122638 -0.019131022 -0.019944139 -0.020757256 -0.016993382 -0.0073727357 0.0022479106 0.0030289191 -0.00093287029 -0.0048196825 -0.0020104548 0.0007987729 -0.00016450099 -0.0063327879 -0.012501075 -0.021680676 -0.032251556 -0.042822437 -0.05339225 -0.063962005 -0.073969184 -0.082962655 -0.091956126 -0.095171222 -0.096621546 -0.097925923 -0.094480785 -0.091035647 -0.085567723 -0.077025302 -0.068482882 -0.070861985 -0.074404265 -0.077443536 -0.079595423 -0.08174731 -0.078283341 -0.072142127 -0.066739838
-0.023595334 -0.021921017 -0.015383713 -0.0088464088 -0.0023091049 0.0028981683 0.004953379 0.0031503381 -0.0012745475 -0.0056994331 -0.010124319 -0.015260698 -0.020750499 -0.017823598 -0.014607489 -0.01139138 -0.0086170075 -0.0094301246 -0.0056662501 0.0039543962 0.0027350281 -0.0012267613 -0.0051885507 -0.0090753629 -0.0062661352 -0.0034569075 -0.00064767979 -0.00047950987 -0.0066477967 -0.015827398 -0.026398195 -0.03696795 -0.047537704 -0.058107459 -0.068114638 -0.077108109 -0.08610158 -0.09509505 -0.099260816 -0.10056519 -0.097120055 -0.091226308 -0.082683888 -0.074141467 -0.065599047 -0.06797815 -0.071520431 -0.075062712 -0.078247675 -0.080399561 -0.076935592 -0.070794378 -0.064653164
-0.024274713 -0.021901781 -0.015364477 -0.0088271734 -0.0022898695 0.0042474344 0.010305268 0.0085022267 0.0040773411 -0.00034754453 -0.0047724301 -0.0091973157 -0.014131608 -0.011204708 -0.0079885988 -0.00477249 -0.0015563813 0.0016597275 0.0056608817 0.0024411371 -0.0015206523 -0.0054824417 -0.0094442311 -0.013331043 -0.010521816 -0.0077125879 -0.0049033602 -0.0020941325 -0.00079451874 -0.0099738947 -0.020543649 -0.031113404 -0.041683158 -0.052252912 -0.062260092 -0.071253563 -0.080247033 -0.089240504 -0.098233975 -0.10320446 -0.096884894 -0.088342473 -0.079800053 -0.071257632 -0.062715212 -0.065094315 -0.068636596 -0.072178877 -0.075721158 -0.079051813 -0.075587844 -0.06944663 -0.063305416
-0.023193142 -0.01539077 -0.0088534661 -0.0023161623 0.0042211416 0.010758445 0.012627901 0.0067083316 0.0024187432 -0.0020061424 -0.006431028 -0.010855914 -0.015280799 -0.012318522 -0.0091024136 -0.0058863048 -0.002670196 -0.00048779894 -0.0059595814 -0.0099213708 -0.01388316 -0.01784495 -0.021806739 -0.011871403 -0.013888278 -0.01107905 -0.0082698223 -0.0054605946 -0.0026513669 -0.0089931806 -0.019562935 -0.030132689 -0.040702444 -0.051272198 -0.057708059 -0.064432564 -0.073426035 -0.082419505 -0.091412976 -0.099883656 -0.091341236 -0.082798815 -0.074256395 -0.065713974 -0.060817568 -0.063869752 -0.067412033 -0.070954314 -0.074496595 -0.076497614 -0.071861376 -0.065720162 -0.059578948
-0.012373215 -0.0039828917 0.0025544122 0.0090917161 0.01562902 0.014260799 0.0037369051 -0.0021826647 -0.004973402 -0.0089528806 -0.013377766 -0.017802652 -0.022227537 -0.019265261 -0.016049152 -0.012833043 -0.012313615 -0.018965438 -0.02443722 -0.02839901 -0.032360799 -0.036322588 -0.023010164 -0.0059519636 -0.010793634 -0.013774758 -0.01096553 -0.0081563027 -0.005347075 -0.011688889 -0.022258643 -0.032828398 -0.043256307 -0.052689418 -0.059123871 -0.060155017 -0.065876022 -0.074869493 -0.083862964 -0.092333644 -0.083791224 -0.075248803 -0.066706383 -0.062394157 -0.060844625 -0.063896808 -0.067439089 -0.07098137 -0.072456197 -0.070976834 -0.066340596 -0.060199382 -0.054058169
-0.00096533639 0.0074249867 0.013962291 0.020499594 0.015893696 0.0053698026 -0.0051540912 -0.011073661 -0.013864398 -0.016655136 -0.020324504 -0.02474939 -0.029174276 -0.026211999 -0.02299589 -0.024139431 -0.030791254 -0.037443076 -0.042914859 -0.046876648 -0.050838438 -0.034394143 -0.017090725 -3.2524241e-05 -0.0048741949 -0.0097158655 -0.013661239 -0.010852011 -0.0080427831 -0.014384597 -0.024954351 -0.035239009 -0.044672119 -0.05410523 -0.060539684 -0.061570829 -0.062601974 -0.067319481 -0.076312952 -0.084783632 -0.076241212 -0.067698791 -0.063970745 -0.062421213 -0.060871681 -0.063923864 -0.067466145 -0.068414779 -0.066935417 -0.065456055 -0.060819817 -0.054678603 -0.053987285
0.010442542 0.018832865 0.025370169 0.017526594 0.0070027 -0.0035211937 -0.014045088 -0.019964657 -0.022755395 -0.025546132 -0.028336869 -0.031696128 -0.036121014 -0.033158737 -0.035965248 -0.04261707 -0.049268893 -0.055920715 -0.061392498 -0.063081541 -0.045778123 -0.028474704 -0.011171285 0.0058869152 0.0010452446 -0.0037964261 -0.0086380967 -0.013479767 -0.010738491 -0.017080305 -0.02722171 -0.036654821 -0.046087932 -0.055521042 -0.061955496 -0.062986641 -0.064017786 -0.065048931 -0.06876294 -0.07723362 -0.0686912 -0.065547333 -0.063997801 -0.06244827 -0.060898738 -0.063950921 -0.064373362 -0.062894 -0.061414637 -0.059935275 -0.055299037 -0.055497057 -0.063632479
