P1_models/J1_p1_vp_slide_diff2_140.dat.tif
NCOLS 118
NROWS 92
XLLCORNER 139.62
YLLCORNER -39.07
DX 0.099491525
DY 0.099347826
NODATA_VALUE -9999
[rows 50 to 74 of 92, columns 0 to 54 of 118]
-9999 0.12136368 0.1241607 0.12695771 0.12460437 0.11998226 0.11536014 0.11297216 0.11316267 0.11335317 0.11374331 0.11428839 0.11483347 0.11662196 0.12090042 0.12517889 0.12851652 0.12676497 0.12501343 0.12326423 0.12152048 0.11977673 0.12063577 0.12469221 0.12874864 0.13233362 0.13465498 0.13697634 0.13874892 0.13735351 0.1359581 0.13678155 0.14188226 0.14698298 0.14565313 0.13874504 0.13183696 0.1256096 0.1203561 0.1151026 0.11240384 0.11106328 0.10972272 0.10733869 0.10420453 0.10107038 0.098148019 0.09538966 0.092631301 0.08717378 0.08124977 0.076761265 0.078422773 0.080084282 0.082161822
-9999 0.12139525 0.12383765 0.11921554 0.11459342 0.10997131 0.10534919 0.10296121 0.10315172 0.10366724 0.10421232 0.1047574 0.10530248 0.10709097 0.11136944 0.1156479 0.11992637 0.12420484 0.12351085 0.12176165 0.1200179 0.12279918 0.12685561 0.13091205 0.13496848 0.13855346 0.14087482 0.14319617 0.14551753 0.14783889 0.14704399 0.14786745 0.15296816 0.14792498 0.1410169 0.13410881 0.12720073 0.12097336 0.11571987 0.11414422 0.11280366 0.1114631 0.11012254 0.10773851 0.10460435 0.1014702 0.098336039 0.095314155 0.092555796 0.087098275 0.084450374 0.086111882 0.087773391 0.089434899 0.091512439
-9999 0.11844882 0.11382671 0.10920459 0.10458247 0.099960359 0.095338244 0.09304608 0.093591163 0.094136246 0.094681329 0.095226412 0.095771495 0.09755998 0.10183845 0.10611691 0.11039538 0.11467385 0.11895232 0.12090614 0.12496258 0.12901901 0.13307545 0.13713188 0.14118832 0.1447733 0.14709465 0.14941601 0.15173737 0.15405872 0.15638008 0.15710492 0.15019683 0.14328875 0.13638066 0.12947258 0.12256449 0.11722517 0.11588461 0.11454404 0.11320348 0.11186292 0.11052236 0.10813833 0.10500417 0.10187002 0.098735858 0.095601701 0.092480292 0.092139483 0.093800991 0.095462499 0.097124008 0.098785516 0.10067655
-9999 0.11413417 0.10951206 0.10488994 0.10026783 0.09564571 0.092350239 0.091314259 0.091859342 0.092404425 0.092949508 0.093494591 0.0966109 0.10090764 0.10245877 0.10673724 0.11101571 0.11529417 0.11957264 0.12378397 0.1278404 0.13189684 0.13595327 0.14000971 0.13930097 0.13595116 0.14441174 0.14673309 0.14905445 0.15137581 0.15369716 0.15286604 0.14595796 0.13904988 0.13214179 0.12523371 0.11875762 0.11464003 0.11329947 0.11195891 0.11061835 0.10927778 0.1077297 0.10879608 0.10860626 0.1054721 0.10233794 0.099203783 0.096069625 0.097024447 0.098685955 0.10034746 0.10200897 0.10194241 0.098057865
-9999 0.11077254 0.10615043 0.10152831 0.096906198 0.094329161 0.09192326 0.090887279 0.091432362 0.091977445 0.092522528 0.097422021 0.10346784 0.10776459 0.10855869 0.1093528 0.1133344 0.11761286 0.12189133 0.12610266 0.1301591 0.13421553 0.13827197 0.13384383 0.12560328 0.12225347 0.13201207 0.14177067 0.14488206 0.14720341 0.14952477 0.14869365 0.14178557 0.13487748 0.1279694 0.12173179 0.11567309 0.1115555 0.11021494 0.10887437 0.10753381 0.10590432 0.1042495 0.10531588 0.10833851 0.10960993 0.10647578 0.10334162 0.10020746 0.10116228 0.10282379 0.1044853 0.10301483 0.098165683 0.094281136
-9999 0.10741092 0.1027888 0.098713982 0.096308082 0.093902181 0.09149628 0.090460299 0.091005382 0.092187319 0.098233142 0.10427896 0.11032479 0.11462153 0.11541564 0.11620975 0.11700385 0.11993156 0.12421002 0.12842135 0.13247779 0.13653422 0.12838669 0.12014614 0.11190559 0.10855578 0.11831438 0.12807298 0.13783158 0.14303102 0.14535238 0.14452126 0.13761317 0.13076465 0.12470595 0.11864725 0.11258856 0.10847097 0.1071304 0.10573376 0.10407894 0.10242412 0.1007693 0.10183569 0.10485831 0.10788093 0.11061361 0.10747946 0.1043453 0.10530012 0.10696163 0.10408725 0.0992381 0.094388954 0.090504407
-9999 0.10404929 0.1006929 0.098287003 0.095881102 0.093475201 0.0910693 0.09003332 0.09299844 0.099044263 0.10509009 0.11113591 0.11718173 0.12147847 0.12227258 0.12306669 0.1238608 0.12465491 0.12652872 0.13074004 0.13117011 0.12292956 0.114689 0.10644845 0.098207901 0.094858091 0.10461669 0.11437529 0.12413389 0.13389249 0.14117998 0.14034887 0.13373881 0.12768011 0.12162142 0.11556272 0.10950402 0.10538643 0.10390838 0.10225356 0.10059874 0.098943923 0.097289105 0.098355489 0.10137811 0.10440073 0.10742336 0.11044598 0.10848314 0.10943796 0.10515966 0.10031052 0.095461371 0.090612225 0.086727678
-9999 0.10185408 0.099448175 0.097042274 0.094636373 0.092230473 0.089824572 0.088949421 0.094995244 0.10104107 0.10708689 0.11313271 0.11917853 0.12436393 0.12515804 0.12595214 0.12674625 0.12754036 0.12833447 0.12639663 0.11815608 0.10991553 0.10167498 0.093434425 0.085193874 0.081352567 0.091006614 0.10076521 0.11052382 0.12028242 0.13004102 0.13439695 0.12833825 0.12227955 0.11622086 0.11016216 0.10410346 0.10261263 0.10095782 0.099302997 0.097648179 0.09599336 0.094338542 0.093631526 0.096654149 0.099676771 0.10269939 0.10572202 0.10874464 0.10604552 0.10119638 0.09634723 0.091498084 0.086648938 0.081776628
-9999 0.097816359 0.095410459 0.093004558 0.090598657 0.088147172 0.085374784 0.083242797 0.081849915 0.086438261 0.092484084 0.098529906 0.10457573 0.109854 0.11359522 0.11527314 0.11606724 0.11686135 0.11765546 0.11571762 0.10747707 0.09923652 0.090995968 0.082755417 0.07647895 0.073564139 0.079104637 0.087454372 0.097212973 0.10697157 0.11673018 0.1210861 0.11502741 0.10896871 0.10291001 0.096944477 0.096321221 0.096888836 0.099160159 0.098161381 0.096506562 0.094851744 0.093196925 0.090661667 0.087682157 0.090704779 0.093727402 0.096750024 0.099772646 0.099082996 0.096595909 0.091746763 0.086897617 0.082048471 0.077176162
-9999 0.093778643 0.091372742 0.088966841 0.086385767 0.083613379 0.08084099 0.078709003 0.077316122 0.075923241 0.077881278 0.083927101 0.089972923 0.095251197 0.09899241 0.10273362 0.10538824 0.10618234 0.10697645 0.10503861 0.096798063 0.088557512 0.080829483 0.074760002 0.068690522 0.065775711 0.071316209 0.076856706 0.083902131 0.093660732 0.10341933 0.10777526 0.10171657 0.095657869 0.091373064 0.090749809 0.090126553 0.090694168 0.092965491 0.095236814 0.095364945 0.093710127 0.092055308 0.08952005 0.086351856 0.083183662 0.08475541 0.087778032 0.090800654 0.090111004 0.088779772 0.087146297 0.082297151 0.077448005 0.072575695
-9999 0.089740927 0.087335026 0.084624362 0.081851974 0.079079586 0.076307197 0.07417521 0.072782329 0.071389447 0.069996566 0.069324295 0.075370118 0.080648391 0.084389604 0.088130817 0.09187203 0.095503335 0.096297444 0.094359606 0.086119055 0.079110535 0.073041055 0.066971574 0.060902093 0.057987283 0.063527781 0.069068278 0.074608776 0.080349889 0.09010849 0.09446442 0.088405723 0.085801651 0.085178396 0.08455514 0.083931885 0.0844995 0.086770823 0.089042145 0.091313468 0.09256851 0.090913691 0.088378434 0.085210239 0.082042045 0.078873851 0.07880604 0.081828663 0.081139012 0.07980778 0.078476548 0.077145316 0.072847538 0.067975228
-9999 0.085635346 0.082862958 0.080090569 0.077318181 0.074545792 0.071773404 0.069641417 0.068248536 0.066855654 0.065462773 0.064069891 0.06267701 0.066045586 0.069786799 0.073528012 0.077269225 0.081010438 0.084751651 0.083680598 0.077391587 0.071322107 0.065252626 0.059183146 0.053113665 0.050198855 0.055739353 0.06127985 0.066820348 0.072360846 0.077901343 0.081153577 0.080230238 0.079606983 0.078983728 0.078360472 0.077737217 0.078304832 0.080576154 0.082847477 0.0851188 0.087390123 0.089661446 0.087236817 0.084068622 0.080900428 0.077732234 0.07456404 0.072856671 0.07216702 0.070835788 0.069504556 0.068173324 0.066842092 0.063374762
-9999 0.082485566 0.079713178 0.076940789 0.074168401 0.071396012 0.06968377 0.071903294 0.07356347 0.072170589 0.070777707 0.069384826 0.067991945 0.067013313 0.068440363 0.072181576 0.075922789 0.079664002 0.083405215 0.084179821 0.078110341 0.07204086 0.06597138 0.059901899 0.054384891 0.051540178 0.05249332 0.058033817 0.063574315 0.069114812 0.07465531 0.078090471 0.077467216 0.07684396 0.076220705 0.075597449 0.075878181 0.075111196 0.073868347 0.07613967 0.078410993 0.080682316 0.082953639 0.083725865 0.081415746 0.078247552 0.075079358 0.071911164 0.068742969 0.073102508 0.071865004 0.070533772 0.06920254 0.067871308 0.063957119
-9999 0.079937625 0.077165237 0.074392849 0.07162046 0.070827915 0.070656496 0.07287602 0.077855 0.081768251 0.08037537 0.078982488 0.077589607 0.076610976 0.076461904 0.076599684 0.080340897 0.08408211 0.087823323 0.088597929 0.082528449 0.076458968 0.070389488 0.065789658 0.0624877 0.059642987 0.058023805 0.056763048 0.062303546 0.067844043 0.073384541 0.076819702 0.076196446 0.075573191 0.074949936 0.076093794 0.078261866 0.077494882 0.072528882 0.069208724 0.071480047 0.07375137 0.076022693 0.076794919 0.076489462 0.074937503 0.071769309 0.068601115 0.065432921 0.069792459 0.075452994 0.075912022 0.07458079 0.073249557 0.069335369
-9999 0.077389685 0.074617296 0.072143478 0.071972059 0.07180064 0.071629221 0.073848746 0.078827726 0.083806706 0.088785686 0.088580151 0.087187269 0.086208638 0.086059567 0.085910495 0.085761424 0.088500218 0.092241431 0.093016038 0.086946557 0.080877077 0.077194425 0.073892467 0.070590509 0.067745796 0.066126613 0.064507431 0.062888248 0.066573274 0.072113772 0.075548933 0.074925677 0.074302422 0.076309407 0.078477479 0.080645552 0.079878567 0.074912568 0.069946568 0.064980569 0.066820424 0.069091747 0.069863973 0.069558516 0.06925306 0.06845926 0.065291066 0.062122872 0.06648241 0.072142945 0.07780348 0.079959039 0.078627807 0.074713619
-9999 0.074841744 0.073287623 0.073116204 0.072944785 0.072773366 0.072601947 0.074821471 0.079800451 0.084779431 0.089758411 0.094737391 0.096784932 0.0958063 0.095657229 0.095508157 0.095359086 0.095210015 0.096659539 0.097434146 0.091901149 0.088599191 0.085297233 0.081995275 0.078693317 0.075848604 0.074229422 0.072610239 0.070991057 0.069371875 0.070843003 0.074278164 0.074356949 0.076525021 0.078693093 0.080861165 0.083029237 0.082262253 0.077296253 0.072330254 0.067364254 0.062398255 0.062160801 0.062933027 0.06262757 0.062322114 0.062016658 0.061711201 0.058812823 0.063172361 0.068832896 0.074493431 0.080153966 0.084006057 0.080091869
-9999 0.074158733 0.073987314 0.073815895 0.073644476 0.073473057 0.073301638 0.074856019 0.079834999 0.084813979 0.089792959 0.094771939 0.099750918 0.10351282 0.10336375 0.10321468 0.10306561 0.10291654 0.10276747 0.10166501 0.098363051 0.095061093 0.091759135 0.088457178 0.08515522 0.083307372 0.081688189 0.080069007 0.078449824 0.076830642 0.07521146 0.074885879 0.077053952 0.079222024 0.081390096 0.083558168 0.08572624 0.083934895 0.078968895 0.074002896 0.069036896 0.064070897 0.059104897 0.054147159 0.053841703 0.053536246 0.05323079 0.052925334 0.052619877 0.057401267 0.063061802 0.068722336 0.074382871 0.080043406 0.08061854
-9999 0.073500388 0.073328969 0.07315755 0.072986131 0.072684348 0.06957744 0.070224202 0.075203182 0.080182162 0.085161142 0.090140122 0.092310664 0.095305441 0.10048514 0.10151495 0.10136588 0.10121681 0.10106774 0.099965278 0.09666332 0.093361362 0.090059405 0.086757447 0.082766683 0.080781037 0.084558511 0.084324405 0.082705223 0.081086041 0.079466858 0.079141278 0.08130935 0.083477422 0.085645494 0.087813566 0.08558899 0.082070909 0.077104909 0.07213891 0.06717291 0.061507411 0.048237986 0.039998682 0.035829721 0.035524265 0.035218808 0.034913352 0.034607895 0.039389285 0.04504982 0.050710355 0.056370889 0.058995092 0.057014159
-9999 0.072842043 0.072670624 0.072499205 0.07115944 0.068052532 0.064945624 0.065592386 0.070571366 0.075550346 0.079708747 0.08161246 0.083516174 0.08651095 0.091690645 0.09687034 0.099666147 0.099517076 0.099368004 0.098265547 0.094963589 0.091661632 0.08822841 0.084092548 0.079956685 0.077971039 0.081748513 0.085525987 0.086960622 0.085341439 0.083722257 0.083396677 0.085564749 0.087732821 0.088737016 0.08623101 0.083725004 0.080206923 0.075240923 0.070274924 0.062226115 0.04895669 0.035687265 0.027447961 0.022824747 0.018201533 0.017206827 0.01690137 0.016595914 0.021377303 0.027037838 0.032698373 0.034230568 0.035390711 0.033409778
-9999 0.072183698 0.072012279 0.069634532 0.066527624 0.063420715 0.060313807 0.060960569 0.065939549 0.069010543 0.070914257 0.07281797 0.074721683 0.07771646 0.082896155 0.088075849 0.093255544 0.097817345 0.097668273 0.096565816 0.093263859 0.089554275 0.085418412 0.081282549 0.077146687 0.075161041 0.078938515 0.082715989 0.086493463 0.089596838 0.087977655 0.087652075 0.089820147 0.089379036 0.08687303 0.084367024 0.081861018 0.078342937 0.073376937 0.062944818 0.049675393 0.036405969 0.023136544 0.01489724 0.010274026 0.0056508115 0.0010275974 -0.0011106114 -0.0014160678 0.0033653218 0.0083059027 0.0094660449 0.010626187 0.011786329 0.0098053968
-9999 0.071216532 0.068109624 0.065002716 0.061895807 0.058788899 0.055681991 0.056328753 0.05831234 0.060216053 0.062119766 0.06402348 0.065927193 0.06892197 0.074101664 0.079281359 0.084461054 0.089640748 0.094820443 0.094866085 0.09088014 0.086744277 0.082608414 0.078472551 0.074336689 0.072351043 0.076128517 0.079905991 0.083683465 0.087460939 0.091238413 0.091907474 0.090021056 0.08751505 0.085009044 0.082503038 0.079997032 0.076478951 0.063663522 0.050394097 0.037124672 0.023855247 0.010585822 0.0023465185 -0.0022766956 -0.0068999097 -0.011523124 -0.016146338 -0.019428049 -0.016458621 -0.015298478 -0.014138336 -0.012978194 -0.011818052 -0.013798984
-9999 0.065896116 0.062789208 0.059682299 0.056575391 0.053468483 0.049455676 0.050288147 0.054908263 0.056811976 0.05871569 0.060619403 0.062523116 0.061896228 0.061252786 0.066432481 0.071612175 0.07679187 0.081971565 0.084334374 0.080198512 0.076062649 0.071926786 0.067790924 0.063316875 0.060309378 0.065660041 0.069437515 0.073214989 0.076992463 0.080769937 0.08240118 0.079895174 0.077389168 0.074883162 0.072377156 0.068228006 0.063658682 0.056641895 0.04337247 0.030103045 0.01683362 0.0035641949 -0.0012530008 -0.0044447905 -0.0090680046 -0.013691219 -0.018314433 -0.022937647 -0.025260582 -0.02410044 -0.022940297 -0.021780155 -0.020620013 -0.019289327
-9999 0.060184745 0.057077836 0.053970928 0.05086402 0.045848492 0.040132786 0.040965256 0.049355164 0.056468323 0.058372037 0.06027575 0.062179463 0.061552575 0.055858012 0.051281711 0.056461406 0.061641101 0.066820795 0.069183605 0.065047742 0.06091188 0.056776017 0.051429985 0.044883111 0.041875614 0.048354536 0.054620916 0.05839839 0.062175864 0.065953338 0.06758458 0.065078574 0.062572568 0.060066562 0.053819439 0.045124217 0.040554893 0.041888251 0.039490002 0.026220577 0.012951152 -0.00031827295 -0.0051354687 -0.0038764645 -0.0053413322 -0.0099645463 -0.01458776 -0.019210974 -0.021670205 -0.023755441 -0.02333814 -0.022177998 -0.021017856 -0.01968717
-9999 0.054473374 0.051366465 0.047957015 0.042241308 0.036525602 0.030809895 0.031642366 0.040032274 0.048422182 0.056812091 0.059932097 0.06183581 0.061208922 0.055514358 0.049819795 0.044125232 0.046490331 0.051670026 0.054032836 0.049896973 0.04576111 0.039543096 0.032996222 0.026449348 0.023441851 0.029920773 0.036399695 0.042878617 0.047359264 0.051136738 0.052767981 0.050261975 0.047755969 0.039410873 0.030715651 0.022020429 0.017451105 0.018784463 0.020117821 0.021451179 0.0090686841 -0.0042007408 -0.0090179366 -0.0077589324 -0.0064999282 -0.0062378738 -0.010861088 -0.015484302 -0.017943533 -0.020028769 -0.022114004 -0.022575841 -0.021415699 -0.020085012
-9999 0.048762003 0.044349831 0.038634125 0.032918418 0.027202711 0.021487005 0.022319476 0.030709384 0.039099292 0.0474892 0.055879109 0.061492157 0.060865269 0.055170705 0.049476142 0.043781579 0.038087015 0.036519257 0.038882067 0.034203081 0.027656207 0.021109333 0.014562459 0.0080155846 0.0050080878 0.01148701 0.017965932 0.024444853 0.030923775 0.036320139 0.037951382 0.033697528 0.025002306 0.016307084 0.0076118623 -0.0010833598 -0.0056526839 -0.004319326 -0.002985968 -0.00165261 -0.00031925204 -0.0080832087 -0.012900404 -0.0116414 -0.010382396 -0.009123392 -0.0078643878 -0.01175763 -0.01421686 -0.016302096 -0.018387332 -0.020472568 -0.021813542 -0.020482855
