P1_models/J1_p1_vp_slide_diff2_140.dat.tif
NCOLS 118
NROWS 92
XLLCORNER 139.62
YLLCORNER -39.07
DX 0.099491525
DY 0.099347826
NODATA_VALUE -9999
[rows 0 to 24 of 92, columns 55 to 109 of 118]
-9999 -9999 -9999 -9999 -9999 -9999 -9999 -9999 -9999 -9999 -9999 -9999 -9999 -9999 -9999 -9999 -9999 -9999 -9999 -9999 -9999 -9999 -9999 -9999 -9999 -9999 -9999 -9999 -9999 -9999 -9999 -9999 -9999 -9999 -9999 -9999 -9999 -9999 -9999 -9999 -9999 -9999 -9999 -9999 -9999 -9999 -9999 -9999 -9999 -9999 -9999 -9999 -9999 -9999 -9999
0.21128159 0.21142425 0.21156692 0.21170958 0.21185224 0.2071238 0.2036857 0.20149991 0.19931411 0.19712832 0.19494253 0.18797875 0.18881755 0.18965636 0.19049516 0.19133396 0.19364489 0.19783957 0.20203424 0.20622891 0.21042358 0.21211464 0.21253067 0.21094594 0.20936121 0.20777647 0.20619174 0.19915216 0.18959234 0.18003252 0.17047269 0.16305396 0.16194774 0.152983 0.1497636 0.1465442 0.14332481 0.13996731 0.13211568 0.12426404 0.1164124 0.10856077 0.10162151 0.095165869 0.078256136 0.061346403 0.044436671 0.027526938 0.02012214 0.015721181 0.011247445 0.0067737088 0.0022999729 0.00088143947 0.0036930968
0.20489688 0.21009278 0.21023545 0.21037811 0.21052078 0.20579234 0.19775378 0.19335007 0.19116428 0.18897849 0.18679269 0.17816369 0.16958154 0.17042034 0.17125914 0.17209795 0.17440888 0.17860355 0.18279822 0.1869929 0.18829328 0.18932487 0.19039037 0.19107823 0.1894935 0.18790877 0.18632404 0.17928446 0.16972463 0.16016481 0.15453288 0.16239309 0.16128687 0.14402396 0.13361875 0.13039936 0.12717996 0.12382246 0.11597083 0.10811919 0.10026755 0.093415097 0.086987164 0.082444179 0.077216917 0.060307184 0.043397451 0.026487718 0.019082921 0.016209406 0.011872715 0.0073989792 0.0029252432 0.0015067098 0.0017216115
0.19571963 0.20259698 0.20890398 0.20904664 0.20918931 0.20446087 0.19642231 0.18838375 0.18301445 0.18082865 0.17864286 0.17001385 0.16116345 0.15231305 0.15202313 0.15286193 0.15517286 0.15936753 0.16344109 0.1644723 0.16550351 0.1665351 0.1676006 0.1686661 0.1696258 0.16804107 0.16645634 0.15941675 0.14985693 0.14601181 0.15387201 0.16173222 0.160626 0.14336309 0.12610019 0.11425451 0.11103511 0.10767762 0.099825978 0.091974341 0.085208681 0.078780748 0.072352815 0.067809831 0.0634676 0.059125368 0.042358231 0.025448499 0.018043701 0.015170187 0.012296673 0.0080242496 0.0035505136 0.0021319802 0.0023468819
0.18654237 0.19341972 0.20029707 0.20717442 0.20785784 0.2031294 0.19509084 0.18705228 0.17901372 0.17267882 0.17049303 0.16186402 0.15301362 0.14416321 0.13531281 0.13362592 0.13593684 0.13962011 0.14065132 0.14168253 0.14271374 0.14374533 0.14481083 0.14587633 0.14694183 0.14800732 0.14658864 0.13954905 0.13749073 0.14535094 0.15321114 0.16107135 0.15996513 0.14270222 0.12543932 0.10817641 0.09489026 0.091532766 0.083681128 0.077002265 0.070574332 0.064146399 0.057718466 0.053175482 0.048833251 0.04449102 0.040148789 0.024409279 0.017004481 0.014130967 0.011257453 0.0083839386 0.004175784 0.0027572506 0.0029721523
0.17736511 0.18424247 0.19111982 0.19799717 0.20487452 0.20179793 0.19375937 0.18572081 0.17768225 0.16964369 0.16234319 0.15371419 0.14486378 0.13601338 0.12716297 0.11831257 0.11579913 0.11683034 0.11786155 0.11889276 0.11992397 0.12095556 0.12202106 0.12308656 0.12415206 0.12521755 0.12628305 0.12896966 0.13682986 0.14469007 0.15255027 0.16041048 0.15930426 0.14204135 0.12477845 0.10751554 0.090252635 0.075387916 0.068795849 0.062367916 0.055939983 0.04951205 0.043084118 0.038541133 0.034198902 0.029856671 0.02551444 0.021172209 0.015965262 0.013091747 0.010218233 0.007344719 0.0044712047 0.003382521 0.0035974227
0.18547638 0.19235374 0.19923109 0.20610844 0.20800438 0.19976639 0.18955546 0.1815169 0.17347834 0.16543978 0.15740122 0.14857778 0.13972738 0.13087698 0.12202657 0.11432941 0.11126074 0.11229195 0.11332316 0.11435437 0.11538873 0.11857849 0.12028943 0.12135492 0.12242042 0.12348592 0.12455142 0.1302644 0.13812461 0.14598481 0.15384502 0.15867048 0.15066166 0.13172809 0.11446519 0.097202282 0.079939376 0.062999488 0.056571556 0.050143623 0.04371569 0.037287757 0.037464343 0.033678954 0.029336723 0.024994492 0.020652261 0.02412919 0.024782775 0.021909261 0.019035747 0.016162232 0.0089189463 0.0053806838 0.0055955855
0.19632665 0.203204 0.21008135 0.2104586 0.20933311 0.20109511 0.18802388 0.17685791 0.16881935 0.16078079 0.15274223 0.14391879 0.13506839 0.12621799 0.11895523 0.11268256 0.10961389 0.1106451 0.11167631 0.11303097 0.11623699 0.11942675 0.12116391 0.12290107 0.12402499 0.12509049 0.12615599 0.13186898 0.13972918 0.14758939 0.15125208 0.14988623 0.14187741 0.12189857 0.10262272 0.085359809 0.068096903 0.051157016 0.044729083 0.03830115 0.031873218 0.032707336 0.034150353 0.030364964 0.026022733 0.021680502 0.026456173 0.03450829 0.035161875 0.032288361 0.029414847 0.021692854 0.011134614 0.0075963517 0.0078112534
0.20717691 0.21403832 0.21291283 0.21178733 0.21066183 0.20242384 0.18935261 0.17628137 0.16416036 0.1561218 0.14808324 0.1392598 0.1304094 0.12358105 0.11730838 0.11103571 0.10796704 0.10899825 0.11067321 0.11387923 0.11708525 0.12027501 0.12201217 0.12374933 0.12548649 0.12669507 0.12776056 0.13347355 0.14133376 0.14383367 0.14246782 0.14110198 0.13309316 0.11311432 0.093135486 0.073517337 0.056254431 0.039314544 0.032886611 0.026507311 0.027950329 0.029393346 0.030836363 0.027050975 0.022708744 0.028783156 0.036835273 0.04488739 0.045540975 0.042667461 0.034466761 0.023908522 0.013350282 0.0098120196 0.010026921
0.21649255 0.21536705 0.21424155 0.21311605 0.21199056 0.20375256 0.19068133 0.1776101 0.16453887 0.15146763 0.14342425 0.13460081 0.12820687 0.1219342 0.11566153 0.10938886 0.10632019 0.10831545 0.11152147 0.11472749 0.11793351 0.12112327 0.12286043 0.12459759 0.12633475 0.12807191 0.12936514 0.13507812 0.13641527 0.13504942 0.13368357 0.13231772 0.12430891 0.10433007 0.084351236 0.064372399 0.044411959 0.027472072 0.021750304 0.023193322 0.024636339 0.026079356 0.027522373 0.023736985 0.031110139 0.039162256 0.047214373 0.05526649 0.055920075 0.047240669 0.036682429 0.02612419 0.01556595 0.012027687 0.015334651
0.21679587 0.21567038 0.21454488 0.21341938 0.21229388 0.20495369 0.19188246 0.17881123 0.16573999 0.15266876 0.13959753 0.13309901 0.12682634 0.12055368 0.11428101 0.10800834 0.1063755 0.10958153 0.11278755 0.11599357 0.11919959 0.1227525 0.12264897 0.12438613 0.12612329 0.12786045 0.12959761 0.12921236 0.12784651 0.12648066 0.12511481 0.12374896 0.11666655 0.09668771 0.076708873 0.056730037 0.0367512 0.017411004 0.018854021 0.020297039 0.021740056 0.023183073 0.024268756 0.030906651 0.038958768 0.047010885 0.055063002 0.063115119 0.05958524 0.049027 0.03846876 0.027910521 0.017352281 0.016664115 0.021114968
0.21037904 0.20925354 0.20812804 0.20700255 0.20803787 0.20281512 0.19224735 0.17917612 0.16610489 0.15303366 0.13996243 0.13346391 0.12719124 0.12091857 0.1146459 0.11070899 0.11037984 0.11358587 0.11679189 0.11999791 0.12418309 0.13064134 0.11873276 0.11722957 0.11896673 0.12070389 0.12244105 0.12205579 0.12068994 0.11932409 0.11795824 0.12001196 0.11588482 0.096528961 0.076550124 0.056571287 0.03659245 0.017252254 0.018695272 0.020138289 0.021581306 0.022174158 0.015533391 0.022171287 0.030223404 0.038275521 0.046327638 0.060807863 0.058557818 0.047999578 0.037441338 0.026883099 0.016866233 0.01631557 0.020766423
0.2039622 0.20283671 0.20189925 0.20313632 0.20437339 0.19915063 0.18953815 0.17954102 0.16646979 0.15339855 0.14032732 0.13382881 0.12755614 0.12128347 0.11780516 0.11471333 0.11438418 0.1175902 0.12079623 0.12540802 0.13207193 0.13853017 0.1266216 0.11471303 0.11181017 0.11354733 0.11528449 0.11489923 0.11353338 0.11216753 0.11480059 0.11908285 0.11495571 0.095675564 0.076391374 0.056412537 0.036433701 0.017093505 0.018536522 0.019979539 0.02007956 0.013438793 0.0067980265 0.013435922 0.021488039 0.029540156 0.044603009 0.059780441 0.057530395 0.046972156 0.036413916 0.026423263 0.016517687 0.015967025 0.020417878
0.19754537 0.19699769 0.19823476 0.19947183 0.2007089 0.19548614 0.18587366 0.17626118 0.1666487 0.15376345 0.14069222 0.1341937 0.12799317 0.12490134 0.1218095 0.11871767 0.11838852 0.12159454 0.12663295 0.13329686 0.13996077 0.14641901 0.13451044 0.12260187 0.1106933 0.10639077 0.10812793 0.10774267 0.10637682 0.10958921 0.11387148 0.11815375 0.1140266 0.094746455 0.075466312 0.056186168 0.036274951 0.016934755 0.018377773 0.017984962 0.011344195 0.0047034286 -0.0019373381 0.0047005576 0.013220723 0.028398155 0.043575587 0.058753019 0.056502973 0.045944734 0.035980293 0.026074717 0.016169142 0.01561848 0.020069332
0.19209613 0.1933332 0.19457027 0.19580734 0.19704441 0.19182166 0.18220918 0.1725967 0.16298422 0.15337174 0.14105712 0.13508934 0.13199751 0.12890567 0.12581384 0.122722 0.12239286 0.12785789 0.13452179 0.1411857 0.1478496 0.15430785 0.14239928 0.13049071 0.11858213 0.10667356 0.10097136 0.10058611 0.10437784 0.10866011 0.11294237 0.11722464 0.11309749 0.093817346 0.074537203 0.055257059 0.035976915 0.016776006 0.015890364 0.0092495974 0.0026088307 -0.004031936 -0.010672703 -0.0029841318 0.0121933 0.027370733 0.042548165 0.057725597 0.055475551 0.045537323 0.035631747 0.025726172 0.015820597 0.015269934 0.011177188
0.19085686 0.19209393 0.193331 0.19456807 0.19580514 0.19025046 0.18063798 0.1710255 0.16141302 0.15180054 0.14218806 0.13955878 0.13646695 0.13337511 0.13028328 0.12719144 0.12837917 0.13504308 0.14170698 0.14837089 0.15503479 0.15841178 0.14623861 0.13433004 0.12242147 0.1105129 0.098604323 0.097770063 0.10205233 0.10633459 0.11061686 0.11489912 0.1105193 0.091239158 0.071959014 0.052678871 0.033398727 0.014495396 0.0078546296 0.0012138629 -0.0054269038 -0.01206767 -0.016714283 -0.0051498031 0.010027629 0.025205061 0.040382494 0.055559926 0.052463467 0.042557892 0.032652317 0.022746741 0.012841166 0.0089770538 0.0041857409
0.19124888 0.19648996 0.19772703 0.19896411 0.20020118 0.19442635 0.18393084 0.17431836 0.16470587 0.15509339 0.14548091 0.14404006 0.14201711 0.13892527 0.13583344 0.1327416 0.13392933 0.14059324 0.14725714 0.15392105 0.15610325 0.15375068 0.14103472 0.1287598 0.11685123 0.10494265 0.093034081 0.092199821 0.096482086 0.10076435 0.10504662 0.10889142 0.10434573 0.084852145 0.065548966 0.046268822 0.026988679 0.0080853478 0.0014445811 -0.0051961856 -0.011836952 -0.015758498 -0.013719897 -0.0061917803 0.0052170806 0.020394513 0.035571945 0.050749377 0.046211618 0.033465241 0.023559665 0.01365409 0.003748515 0.0026982685 0.0040965393
0.18092897 0.19453479 0.20212307 0.20336014 0.20459721 0.19882239 0.18828268 0.17774297 0.16799873 0.15838625 0.14877377 0.14733291 0.14617284 0.14447543 0.1413836 0.13829177 0.13947949 0.1461434 0.1528073 0.15367868 0.15144215 0.14908957 0.13637362 0.12365766 0.11128098 0.099372411 0.087463838 0.086629578 0.090911844 0.095194109 0.098971814 0.10272171 0.098176015 0.078682433 0.059188852 0.039858774 0.02057863 0.0016752992 -0.0049654675 -0.011606234 -0.014802713 -0.012764112 -0.010725512 -0.0031973945 0.004915374 0.015583964 0.030761396 0.045938829 0.041401069 0.027464495 0.014467014 0.004561439 -0.0053441363 -0.0063943827 -0.0027102115
0.17060905 0.18421488 0.1978207 0.20775618 0.20899325 0.20321842 0.19267872 0.18213901 0.1715993 0.1616791 0.15206662 0.15062576 0.14946569 0.14830562 0.14693376 0.14384193 0.14502965 0.15169356 0.15125411 0.14901758 0.14678104 0.14442847 0.13171251 0.11899656 0.1062806 0.093802168 0.081893596 0.081059336 0.085302319 0.089052211 0.092802103 0.096551995 0.092006303 0.072512722 0.053019141 0.03352556 0.014168581 -0.0047347494 -0.011375516 -0.013846928 -0.011808328 -0.0097697266 -0.0077311258 -0.00020300878 0.0079097598 0.016022528 0.025950848 0.04112828 0.036590521 0.022653947 0.0087173729 -0.0045312123 -0.014436788 -0.015487034 -0.011802863
0.16028914 0.17389496 0.18750078 0.20110661 0.21338928 0.20761446 0.19707475 0.18653504 0.17599534 0.16545563 0.15535947 0.15391861 0.15275854 0.15159847 0.1504384 0.14927833 0.15057982 0.14882954 0.146593 0.14435647 0.14211994 0.13976737 0.12705141 0.11433545 0.1016195 0.088903544 0.076323354 0.075382716 0.079132608 0.0828825 0.086632392 0.090382283 0.085836592 0.066343011 0.04684943 0.027355849 0.0078622675 -0.011144798 -0.012891143 -0.010852543 -0.0088139418 -0.0067753409 -0.00473674 0.002791377 0.010904146 0.019016914 0.027129683 0.036317731 0.031779972 0.017843398 0.0039068243 -0.01002975 -0.023529439 -0.024579685 -0.020895514
0.15536563 0.16897145 0.18257727 0.19618309 0.20527491 0.20981442 0.20094135 0.19040165 0.17986194 0.16932223 0.15878253 0.15731087 0.1561508 0.15499073 0.15383065 0.15246851 0.14975339 0.14751686 0.14528033 0.14304379 0.14080726 0.13870978 0.12561716 0.1129012 0.10018525 0.08746929 0.074753334 0.073299794 0.077049686 0.080799578 0.08454947 0.088299362 0.083881498 0.06744778 0.047954199 0.028460618 0.0089670367 -0.0098846139 -0.007846013 -0.0058074122 -0.0037688113 -0.0017302105 0.0056473207 0.014161043 0.022273811 0.03038658 0.038499348 0.039848619 0.025916218 0.011979644 -0.0019569298 -0.015893504 -0.02670907 -0.024935345 -0.021251174
0.15451271 0.16811854 0.18172436 0.1876852 0.18479213 0.18933165 0.19892192 0.19386889 0.18332918 0.17278947 0.16224977 0.16077811 0.15961804 0.15845797 0.15677073 0.15368161 0.15096649 0.14872996 0.14649343 0.14425689 0.14234543 0.14038199 0.1270689 0.11390102 0.10118507 0.088469109 0.075753154 0.074299614 0.078049506 0.081799397 0.084829056 0.0828075 0.078382491 0.069626673 0.054546244 0.035052663 0.015559082 -0.0032925686 -0.0012539677 0.00078463315 0.002823234 0.011056191 0.023334616 0.031848338 0.039961106 0.048073875 0.04711406 0.033190412 0.019258011 0.0053214373 -0.0086151366 -0.018674651 -0.020474254 -0.018700529 -0.015016358
0.1536598 0.16726562 0.1700955 0.16720243 0.16430936 0.16884887 0.17843915 0.18802942 0.18679642 0.17625671 0.16571701 0.16424535 0.16308528 0.16107295 0.15798383 0.15489471 0.15217959 0.14994306 0.14770653 0.145854 0.14401765 0.14205421 0.12874112 0.11542802 0.10218488 0.089468929 0.076752974 0.075299433 0.079049325 0.081351603 0.079330048 0.077308493 0.072883483 0.064127665 0.055371848 0.041644708 0.022151127 0.0032994767 0.0053380776 0.0073766785 0.016465061 0.028743486 0.041021911 0.049535633 0.057648401 0.054379501 0.040455853 0.026532205 0.012599804 -0.0013367694 -0.010640233 -0.012439835 -0.014239438 -0.012465713 -0.0087815418
0.15280689 0.1525058 0.14961273 0.14671966 0.14382658 0.1483661 0.15795637 0.16754665 0.17713692 0.17972395 0.16918425 0.16771259 0.16537517 0.16228605 0.15919693 0.15610781 0.15339269 0.15119893 0.14936257 0.14752622 0.14568986 0.14372642 0.13041333 0.11710024 0.10378714 0.090474052 0.077752793 0.076299253 0.07787415 0.075852595 0.07383104 0.071809485 0.067384475 0.058628657 0.04987284 0.041117023 0.028743173 0.0098915221 0.011930123 0.021873932 0.034152357 0.046430781 0.058709206 0.067222928 0.061644942 0.047721294 0.033797646 0.019873999 0.0059415977 -0.0026058142 -0.0044054169 -0.0062050196 -0.0080046223 -0.006230897 -0.0052331637
0.1349161 0.13202303 0.12912995 0.12623688 0.12334381 0.12788333 0.1374736 0.14706387 0.15665414 0.16624442 0.17265149 0.16967739 0.16658827 0.16349915 0.16041003 0.15732091 0.1547075 0.15287114 0.15103479 0.14919843 0.14736208 0.14539864 0.13208554 0.11877245 0.10545936 0.092146266 0.078833174 0.074396698 0.072375142 0.070353587 0.068332032 0.066310477 0.061885467 0.05312965 0.044373832 0.035618015 0.026862197 0.016483567 0.027282802 0.039561227 0.051839652 0.064118076 0.076396501 0.068910383 0.054986735 0.041063087 0.02713944 0.013215792 0.0054286045 0.0036290018 0.001829399 2.979633e-05 -0.0017698064 -0.0030824162 -0.0058178362
