P1_models/J1_p1_vp_slide_diff_40.dat.tif
NCOLS 118
NROWS 92
XLLCORNER 139.62
YLLCORNER -39.07
DX 0.099491525
DY 0.099347826
NODATA_VALUE -9999
[rows 54 to 80 of 92, columns 0 to 59 of 118]
-9999 7.501404 7.5174888 7.5335737 7.5496585 7.5476092 7.5440423 7.538997 7.5322452 7.5254935 7.5187418 7.5136475 7.5089895 7.5050577 7.5025802 7.5001027 7.5016119 7.5034925 7.505373 7.5075703 7.5104982 7.513426 7.5163539 7.5152089 7.5122337 7.5088988 7.5045996 7.5003004 7.4905446 7.4801403 7.4697361 7.4563372 7.4371657 7.4179942 7.3988226 7.3854461 7.3736158 7.3574163 7.3349659 7.3125155 7.290065 7.2718019 7.2539058 7.2379639 7.223427 7.2100639 7.1996539 7.189244 7.178834 7.1747272 7.1717098 7.1686924 7.1696871 7.1750101 7.1784846 7.1755562 7.1726277 7.1696993 7.1676467 7.1657457
-9999 7.5221346 7.5382195 7.5494513 7.5458845 7.5423176 7.5387507 7.5337054 7.5269537 7.5204444 7.5157864 7.5111284 7.5064704 7.5025386 7.5000611 7.4975836 7.4951061 7.4952971 7.4971777 7.499375 7.5023028 7.5052307 7.5023002 7.4993251 7.49635 7.4930151 7.4887158 7.4844166 7.4801174 7.4720757 7.4616714 7.4482725 7.429101 7.4104442 7.398614 7.3867838 7.3749536 7.3587541 7.3363036 7.314666 7.2967698 7.2788737 7.2609776 7.2450358 7.2304988 7.2159619 7.2016193 7.1912094 7.1807994 7.1766926 7.1736752 7.1764684 7.1817914 7.1871143 7.1905888 7.1876604 7.1848019 7.1829009 7.1809999 7.1790989
-9999 7.5428653 7.5477266 7.5441597 7.5405929 7.537026 7.5334592 7.5284138 7.5225832 7.5179252 7.5132672 7.5086092 7.5039512 7.5000195 7.497542 7.4950645 7.4925869 7.4901094 7.4889824 7.4911796 7.4923667 7.4893916 7.4864164 7.4834413 7.4804662 7.4771313 7.4728321 7.4685329 7.4642336 7.4599344 7.4536067 7.4402078 7.4236122 7.411782 7.3999518 7.3881215 7.3762913 7.3600918 7.3396339 7.3217378 7.3038417 7.2859456 7.2680494 7.2521076 7.2375707 7.2230337 7.2084968 7.1939599 7.1827648 7.178658 7.1832497 7.1885726 7.1938956 7.1992186 7.2026931 7.2000561 7.1981551 7.1962541 7.1943531 7.1924521
-9999 7.5457417 7.5421749 7.538608 7.5350412 7.5314743 7.5279075 7.5264505 7.5217925 7.5171345 7.5124765 7.5078185 7.5031605 7.4984972 7.4960197 7.4935422 7.4910647 7.4885871 7.4861096 7.4834817 7.4805065 7.4775314 7.4745563 7.4715812 7.468606 7.4623221 7.4580904 7.4537911 7.4494919 7.4451927 7.4408935 7.4340219 7.4221917 7.4103615 7.3985313 7.3867011 7.3748709 7.3640236 7.3461275 7.3282314 7.3103353 7.2924391 7.274543 7.2609138 7.2463768 7.2318399 7.217303 7.202766 7.1882291 7.1881711 7.1934941 7.198817 7.20414 7.209463 7.2153233 7.2139747 7.2120737 7.2101727 7.2082717 7.2063707
-9999 7.5393016 7.5357347 7.5321679 7.528601 7.5250013 7.52117 7.5210398 7.5251809 7.5222469 7.5175889 7.5129309 7.5082729 7.5035331 7.4986295 7.4954245 7.492947 7.4904695 7.487992 7.485364 7.4823888 7.4794137 7.4764386 7.4734635 7.4594222 7.4479182 7.4463404 7.4429501 7.4386509 7.4343517 7.4300524 7.4231809 7.4113507 7.3995204 7.3876902 7.375815 7.361357 7.3514941 7.3482053 7.3327499 7.3148538 7.2969577 7.2790616 7.2678164 7.2611066 7.2465697 7.2320327 7.2174958 7.2029589 7.1979191 7.1973863 7.2027093 7.2080322 7.2133552 7.2192155 7.2269369 7.2279232 7.2260222 7.2241212 7.2222202
-9999 7.5328614 7.5292946 7.5257277 7.5220345 7.5182032 7.514372 7.5142417 7.5183829 7.522524 7.5227014 7.5180434 7.5133854 7.5086456 7.503742 7.4988384 7.4948293 7.4923518 7.4898743 7.4872463 7.4842712 7.481296 7.4754332 7.4602258 7.4450183 7.4335143 7.4319365 7.4303586 7.4278098 7.4235106 7.4192114 7.4123398 7.4005096 7.3886794 7.3759916 7.3615336 7.3470756 7.3372128 7.3339239 7.330635 7.3193724 7.3014763 7.2835801 7.272335 7.2658712 7.2594074 7.2467625 7.2322255 7.2176886 7.2126489 7.2092505 7.2066015 7.2119245 7.2172474 7.2231077 7.2308291 7.2385506 7.2418717 7.2399707 7.2380697
-9999 7.5264212 7.5228544 7.5190677 7.5152364 7.5114052 7.507574 7.5074437 7.5115848 7.515726 7.5198671 7.5231558 7.5184978 7.513758 7.5088544 7.5039508 7.4990472 7.4942341 7.4917566 7.4891286 7.4861535 7.4762368 7.4610293 7.4458219 7.4306145 7.4191104 7.4175326 7.4159547 7.4143768 7.4126695 7.4083703 7.4014988 7.3896686 7.3761682 7.3617102 7.3472523 7.3327943 7.3229314 7.3196425 7.3163537 7.3130648 7.3059948 7.2880987 7.2768536 7.2703898 7.263926 7.2574621 7.2469553 7.2324184 7.2273786 7.2239803 7.2205819 7.2171836 7.2211397 7.2269999 7.2347214 7.2424428 7.2501642 7.2558202 7.2539192
-9999 7.5199321 7.5161009 7.5122696 7.5084384 7.5046072 7.5007759 7.5006457 7.5047868 7.5089279 7.513069 7.5172102 7.5213513 7.5188705 7.5139669 7.5090633 7.5041596 7.499256 7.4943524 7.4910109 7.4770403 7.4618329 7.4466255 7.431418 7.4162106 7.4047066 7.4031287 7.4015508 7.3999729 7.3983951 7.3968172 7.3906577 7.3763448 7.3618868 7.3474289 7.3329709 7.3185129 7.3086501 7.3053612 7.3020723 7.2987834 7.2954945 7.2922057 7.2813721 7.2749083 7.2684445 7.2619807 7.2555169 7.2471481 7.2421084 7.23871 7.2353117 7.2319133 7.228515 7.2308922 7.2386136 7.246335 7.2540565 7.2617779 7.2694993
-9999 7.515651 7.5118198 7.5079885 7.5041573 7.500326 7.4990071 7.4981721 7.4981774 7.5023185 7.5064596 7.5106008 7.5147419 7.5182054 7.5174719 7.5125683 7.5076647 7.5027611 7.4978574 7.4898381 7.4746307 7.4594232 7.4442158 7.4290083 7.4159946 7.4119389 7.4090526 7.4074748 7.4058969 7.404319 7.4027412 7.3967639 7.3823059 7.3678479 7.35339 7.338932 7.3260486 7.3141976 7.3051846 7.3018957 7.2986068 7.295318 7.2920291 7.2887839 7.2832943 7.2768305 7.2703667 7.2639029 7.257439 7.2547127 7.251332 7.2479336 7.2445353 7.241137 7.2395506 7.2453257 7.2530471 7.2607686 7.26849 7.2762114
-9999 7.5124644 7.5086331 7.5048019 7.5009706 7.5018311 7.5041634 7.5033284 7.4988379 7.4957911 7.4999323 7.5040734 7.5082145 7.5116781 7.5137846 7.5153743 7.5104707 7.5055671 7.5006635 7.4926441 7.4774367 7.4622293 7.4470218 7.43765 7.4334317 7.429376 7.425756 7.4222383 7.4206604 7.4190826 7.4175047 7.4115274 7.3970694 7.3826115 7.3681535 7.3567736 7.3471777 7.3353266 7.3202492 7.3078526 7.3045637 7.3012749 7.297986 7.2947408 7.2915271 7.2868982 7.2804343 7.2739705 7.2675067 7.2647804 7.2626999 7.259639 7.2562407 7.2528423 7.2512559 7.2559459 7.2609855 7.2687069 7.2764283 7.2841498
-9999 7.5092777 7.5054465 7.5023228 7.5046551 7.5069875 7.5093198 7.5084848 7.5039943 7.4995038 7.4950133 7.497546 7.5016872 7.5051507 7.5072572 7.5093638 7.5114704 7.5083731 7.5034695 7.4954502 7.4802427 7.4650353 7.4593054 7.4550871 7.4508688 7.4468131 7.4431931 7.4395732 7.4359532 7.4338461 7.4322682 7.4262909 7.411833 7.397375 7.3874985 7.3779026 7.3683068 7.3564557 7.3413783 7.3263009 7.3112234 7.3072318 7.3039429 7.3006977 7.2974839 7.2942702 7.290502 7.2840382 7.2775744 7.274848 7.2727676 7.2706872 7.2679461 7.2645477 7.2629613 7.2676513 7.2723412 7.2770312 7.2843667 7.2920881
-9999 7.5060911 7.5051468 7.5074791 7.5098115 7.5121438 7.5144762 7.5136412 7.5091507 7.5046602 7.5001697 7.4956792 7.4951598 7.4986233 7.5007299 7.5028364 7.504943 7.5070496 7.5062755 7.4982562 7.485179 7.4809607 7.4767424 7.4725242 7.4683059 7.4642502 7.4606302 7.4570102 7.4533903 7.4497703 7.4470317 7.4410545 7.4278193 7.4182235 7.4086276 7.3990317 7.3894358 7.3775848 7.3625074 7.3474299 7.3323525 7.3172751 7.3098998 7.3066546 7.3034408 7.3002271 7.2970133 7.2937996 7.2876421 7.2849157 7.2828353 7.2807549 7.2786744 7.2762531 7.2746667 7.2793567 7.2840466 7.2887366 7.2934265 7.3000264
-9999 7.5080595 7.5103918 7.5127241 7.5150565 7.5173888 7.5197212 7.5188926 7.5144021 7.5099116 7.5054211 7.5009306 7.4964401 7.4950184 7.4971249 7.4992315 7.5013381 7.5034447 7.5055512 7.5057452 7.501527 7.4973087 7.4930904 7.4888721 7.4846539 7.4798658 7.4762458 7.4726259 7.4690059 7.4653859 7.4617659 7.4561048 7.4465089 7.436913 7.4273172 7.4177213 7.4081254 7.3982673 7.3831899 7.3681124 7.353035 7.3379576 7.3228801 7.3152723 7.3120586 7.3088448 7.3056311 7.3024173 7.2992036 7.2969561 7.2948757 7.2927952 7.2907148 7.2886344 7.2869784 7.2916684 7.2963583 7.3010483 7.3057383 7.3104282
-9999 7.5137452 7.5160776 7.5184099 7.5207423 7.5230759 7.5254364 7.5246166 7.5201261 7.5156356 7.5111451 7.5066546 7.5116611 7.5140849 7.5095297 7.5101624 7.512269 7.5143756 7.5164821 7.5166762 7.5124579 7.5082396 7.5040213 7.4998031 7.4945849 7.4890741 7.4833434 7.4791817 7.4755617 7.4719418 7.4683218 7.4626606 7.4530648 7.4434689 7.433873 7.4242771 7.4232273 7.4167285 7.4016511 7.3865737 7.3714963 7.3576718 7.3574673 7.3482674 7.3339109 7.3306971 7.3274834 7.3242696 7.3210559 7.3188085 7.316728 7.3146476 7.3125671 7.3069442 7.302306 7.306996 7.3116859 7.3163759 7.3212607 7.3301799
-9999 7.519431 7.5217634 7.5240957 7.5264393 7.5287998 7.5311604 7.5303405 7.52585 7.5213595 7.5196439 7.5255527 7.5314616 7.5338853 7.5293301 7.5247749 7.5231999 7.5253065 7.527413 7.5276071 7.5233888 7.5191705 7.5147617 7.5093329 7.5039042 7.4983934 7.4926627 7.486932 7.4821176 7.4784976 7.4748776 7.4692165 7.4596206 7.4500247 7.4426932 7.4421909 7.4416885 7.4351898 7.4201124 7.4050349 7.3954794 7.3952749 7.3950704 7.3858705 7.3702039 7.3545373 7.3493357 7.346122 7.3429082 7.3406608 7.3385803 7.3364999 7.3296029 7.3222718 7.3176336 7.3223236 7.3270136 7.3329245 7.3418438 7.350763
-9999 7.5251168 7.5274492 7.5298027 7.5321633 7.5345238 7.5368844 7.5360645 7.531574 7.5335356 7.5394444 7.5453532 7.551262 7.5536858 7.5491306 7.5445754 7.5400201 7.5362374 7.5383439 7.538538 7.5343197 7.5295097 7.524081 7.5186522 7.5132235 7.5077127 7.5019819 7.4962512 7.4905205 7.4850535 7.4814335 7.4757723 7.4661765 7.4616568 7.4611545 7.4606521 7.4601498 7.453651 7.4385736 7.433287 7.4330825 7.4328781 7.4326736 7.4234737 7.4078071 7.3921405 7.3764739 7.3679743 7.3647606 7.3625131 7.3595927 7.3522616 7.3449305 7.3375994 7.3329612 7.3376512 7.3445884 7.3535076 7.3624269 7.3713461
-9999 7.5308056 7.5331661 7.5355267 7.5378872 7.5402478 7.5426084 7.5417885 7.5474272 7.553336 7.5592448 7.5651537 7.5710625 7.5734863 7.568931 7.5643758 7.5598206 7.5552654 7.5507102 7.5494689 7.5442577 7.538829 7.5334002 7.5279715 7.5225427 7.5170319 7.5113012 7.5055705 7.4998398 7.4941091 7.4883784 7.4823282 7.4806204 7.4801181 7.4796157 7.4791134 7.478611 7.4721123 7.4710946 7.4708902 7.4706857 7.4704812 7.4702767 7.4610768 7.4454102 7.4297436 7.414077 7.3984104 7.3866129 7.3822514 7.3749203 7.3675892 7.3602581 7.352927 7.3482888 7.3562523 7.3651715 7.3740907 7.38301 7.3919292
-9999 7.5330329 7.5353934 7.537754 7.5401145 7.5424751 7.5444132 7.5474243 7.5530221 7.5589309 7.5648397 7.5707486 7.5766574 7.581431 7.5806541 7.5760988 7.5715436 7.5669884 7.5624332 7.5576138 7.5521851 7.5467563 7.5413275 7.5358988 7.5300453 7.5255792 7.5268141 7.5210834 7.5153527 7.509622 7.5038913 7.4999464 7.4994441 7.4989417 7.4984394 7.497937 7.497702 7.4900364 7.4816324 7.4814279 7.4812234 7.4810189 7.4808145 7.4718631 7.4563004 7.4406338 7.4249672 7.4093006 7.393634 7.380712 7.3733809 7.3660498 7.3587187 7.3513876 7.3501767 7.3655894 7.3745087 7.3834279 7.3923471 7.4012664
-9999 7.5332749 7.5356355 7.537996 7.5403566 7.5418271 7.5429711 7.5459822 7.5511483 7.5564605 7.5623694 7.5682782 7.574187 7.5789606 7.581461 7.5832358 7.5786806 7.5741254 7.5695702 7.5647508 7.5593221 7.5538933 7.5484646 7.5415158 7.5330589 7.5285928 7.5348234 7.5401128 7.5343821 7.5286514 7.5229207 7.5189758 7.5184735 7.5179711 7.5174688 7.5175751 7.5180796 7.510414 7.4910598 7.4765991 7.4763947 7.4761902 7.4759857 7.4670343 7.4517948 7.4363575 7.4206909 7.4050243 7.3893577 7.3762098 7.363497 7.3549341 7.347603 7.3402719 7.339061 7.3590495 7.3774609 7.3863801 7.3952993 7.4042186
-9999 7.533517 7.5358775 7.538097 7.539241 7.540385 7.541529 7.5445401 7.5497062 7.5548722 7.5600383 7.5658078 7.5717166 7.5764903 7.5789907 7.581491 7.5839914 7.5812624 7.5767072 7.5718878 7.5664591 7.5610303 7.5529864 7.5445295 7.5360725 7.5316065 7.537837 7.5440675 7.5502981 7.5476808 7.5419501 7.5380052 7.5375029 7.5370005 7.5374481 7.5379526 7.5384572 7.5307916 7.5114374 7.4920832 7.472729 7.4713614 7.471157 7.4622055 7.4469661 7.4317266 7.4164147 7.4007481 7.3850815 7.3719335 7.3592208 7.3465081 7.3364874 7.3291563 7.3279453 7.3479339 7.3679224 7.387911 7.3982515 7.4071708
-9999 7.533759 7.5355109 7.5366549 7.5377989 7.5389429 7.5400868 7.543098 7.548264 7.5534301 7.5585961 7.5637622 7.5692462 7.5740199 7.5765203 7.5790207 7.5815211 7.5840214 7.5838442 7.5790248 7.5729139 7.564457 7.556 7.5475431 7.5390862 7.5346201 7.5408506 7.5470812 7.5533117 7.5595422 7.5609795 7.5570346 7.5568166 7.5573212 7.5578257 7.5583302 7.5588348 7.5511692 7.531815 7.5124608 7.4931066 7.4737524 7.4663282 7.4573768 7.4421373 7.4268978 7.4116583 7.3964188 7.3808053 7.3676573 7.3549446 7.3422318 7.3295191 7.3180406 7.3168297 7.3368182 7.3568068 7.3767953 7.3967839 7.410123
-9999 7.5342647 7.5354087 7.5365527 7.5376967 7.5388407 7.5399846 7.5435911 7.5487571 7.5539232 7.5590893 7.5642553 7.5694214 7.5736334 7.5761338 7.5786342 7.5811346 7.5836349 7.5861353 7.5853224 7.5768654 7.5684085 7.5599515 7.5514946 7.5430377 7.5362245 7.5423871 7.5486176 7.5548481 7.5610787 7.5673092 7.5715839 7.5720885 7.572593 7.5730975 7.5736021 7.5741066 7.5689693 7.5496151 7.5302609 7.5109067 7.4915525 7.4721983 7.4616137 7.4463742 7.4311348 7.4158953 7.4006558 7.3854163 7.374693 7.3619803 7.3492676 7.3365549 7.3238422 7.3105088 7.3290232 7.3490117 7.3690003 7.3889888 7.4089774
-9999 7.5392346 7.5403786 7.5415225 7.5426665 7.5446723 7.5520663 7.5564799 7.5574538 7.5617419 7.5669079 7.572074 7.57724 7.5814408 7.5837083 7.5861358 7.5886362 7.5911366 7.593637 7.592824 7.5843671 7.5759102 7.5674532 7.5589963 7.5503305 7.5434163 7.5412471 7.5445624 7.5507929 7.5570235 7.563254 7.5675287 7.5680333 7.5685378 7.5690423 7.5697862 7.5782181 7.5756823 7.5574558 7.5383045 7.5189503 7.4995961 7.4802419 7.4770031 7.484928 7.4696885 7.454449 7.4392095 7.42397 7.4184675 7.411836 7.3991233 7.3864106 7.3736979 7.3603645 7.3448809 7.3537863 7.3737748 7.3937634 7.413752
-9999 7.5442044 7.5453484 7.5464924 7.5509004 7.5582944 7.5656885 7.5701021 7.571076 7.5720498 7.5747266 7.5798927 7.5850587 7.5892594 7.591527 7.5937946 7.5961379 7.5986383 7.6011387 7.6003257 7.5918688 7.5834118 7.5748913 7.5662068 7.5575224 7.5506082 7.548439 7.5462697 7.5467377 7.5529683 7.5591988 7.5634735 7.5639781 7.5644826 7.5679136 7.5763454 7.5847773 7.5822415 7.564015 7.5457885 7.5269938 7.5076397 7.4882855 7.4850466 7.4933929 7.5017392 7.4930027 7.4777633 7.4625238 7.4570212 7.4532014 7.448979 7.4362663 7.4235536 7.4102201 7.3947366 7.379253 7.3785494 7.398538 7.4185265
-9999 7.5491743 7.5503183 7.5571286 7.5645226 7.5719166 7.5793106 7.5837242 7.5846981 7.585672 7.5866459 7.5877113 7.5928774 7.5970781 7.5993457 7.6016133 7.6038809 7.6061484 7.6086403 7.6078274 7.5993704 7.5907676 7.5820831 7.5733987 7.5647142 7.5578001 7.5556309 7.5534616 7.5512923 7.5491231 7.5551436 7.5594183 7.5599229 7.566041 7.5744728 7.5829047 7.5913365 7.5888007 7.5705742 7.5523477 7.5341212 7.5156832 7.496329 7.4930902 7.5014365 7.5097828 7.5181291 7.516317 7.5010775 7.4955749 7.4917552 7.4879354 7.4841156 7.4734092 7.4600758 7.4445923 7.4291087 7.4136252 7.4033125 7.4233011
-9999 7.5559627 7.5633567 7.5707507 7.5781448 7.5855388 7.5929328 7.5973464 7.5983203 7.5992942 7.600268 7.6012419 7.6022158 7.6048968 7.6071644 7.6094319 7.6116995 7.6139671 7.6162347 7.6153284 7.6066439 7.5979595 7.589275 7.5805906 7.5719061 7.564992 7.5628227 7.5606535 7.5584842 7.556315 7.5541457 7.5557366 7.5641684 7.5726002 7.581032 7.5894639 7.5978957 7.5953599 7.5771334 7.5589069 7.5406804 7.5224539 7.5042274 7.5011338 7.50948 7.5178263 7.5261726 7.5345189 7.5396312 7.5341287 7.5303089 7.5264891 7.5226694 7.5188496 7.5099315 7.4944479 7.4789644 7.4634808 7.4479973 7.4325138
-9999 7.5132613 7.5206553 7.5280494 7.5354434 7.5428374 7.5748372 7.6068428 7.6139368 7.6149106 7.6158845 7.6168584 7.6178323 7.6194593 7.6222302 7.6244978 7.6267653 7.6290329 7.6313005 7.6302564 7.6215719 7.6128875 7.604203 7.5955186 7.5913323 7.5946767 7.595805 7.5936357 7.5914665 7.5892972 7.587128 7.5885797 7.5970115 7.6054433 7.6138752 7.622307 7.625434 7.6225624 7.6139169 7.5956904 7.5774639 7.5592374 7.5410109 7.5288245 7.529872 7.5382183 7.5465646 7.5549109 7.5632572 7.5563926 7.5516547 7.5478349 7.5440152 7.5401954 7.5338894 7.518853 7.5033695 7.4878859 7.4724024 7.4569188
