P1_models/J1_p1_vp_slide_diff2_15.dat.tif
NCOLS 118
NROWS 92
XLLCORNER 139.62
YLLCORNER -39.07
DX 0.099491525
DY 0.099347826
NODATA_VALUE -9999
[rows 50 to 74 of 92, columns 57 to 113 of 118]
0.15072233 0.13676136 0.12280038 0.11799655 0.11941537 0.12083419 0.12505603 0.13092283 0.13678963 0.12919937 0.12114671 0.11632808 0.11749068 0.11865329 0.12059282 0.12352653 0.12646024 0.1177951 0.10740284 0.097166857 0.10088728 0.1046077 0.10794631 0.10980154 0.11165678 0.11350829 0.11535808 0.11584236 0.10932867 0.10281498 0.10213151 0.11195358 0.12177565 0.12592985 0.12545661 0.12564109 0.14722958 0.16881807 0.1920293 0.21630348 0.24057765 0.24551299 0.24838868 0.25185227 0.25609328 0.2603343 0.24895324 0.23012467 0.21123044 0.19218239 0.17313434 0.16058632 0.15151349 0.14193999 0.13103711 0.12013423 -9999
0.14907779 0.13511682 0.12115585 0.11635201 0.11777083 0.11918965 0.12060847 0.12375102 0.12961782 0.12202756 0.1192405 0.12040311 0.12156571 0.12272831 0.12466785 0.12668658 0.11629432 0.10590206 0.095509803 0.085273818 0.088994238 0.092714658 0.096435078 0.10010211 0.10195734 0.10380885 0.10282052 0.096306828 0.089793136 0.083279445 0.082595977 0.092418043 0.10224011 0.11206218 0.11802915 0.11821362 0.13980211 0.16336704 0.18764122 0.21191539 0.23618957 0.24112491 0.2447986 0.24903962 0.25328064 0.25752165 0.24614059 0.22722233 0.20817428 0.18912623 0.17007818 0.15753016 0.14775626 0.13685338 0.1259505 0.11504762 -9999
0.14743325 0.13347228 0.11951131 0.11470747 0.11612629 0.11754511 0.11896393 0.12038275 0.12244601 0.12215292 0.12331553 0.12447813 0.12564074 0.12680334 0.1251858 0.11479354 0.10440128 0.094009023 0.083616764 0.073380779 0.077101199 0.080821619 0.084542039 0.088262459 0.091982879 0.089798675 0.083284983 0.076771292 0.070257601 0.063743909 0.063060441 0.072882508 0.082704574 0.09252664 0.10234871 0.11078616 0.13470478 0.15897896 0.18325313 0.20752731 0.23180149 0.23774494 0.24198595 0.24622697 0.25046799 0.25470901 0.24321422 0.22416617 0.20511812 0.18607007 0.16702202 0.15357253 0.14266965 0.13176677 0.12086389 0.10996101 -9999
0.14124512 0.12728415 0.12362209 0.12460165 0.12545107 0.12686989 0.12828871 0.12970753 0.13112635 0.13229746 0.13346007 0.13462267 0.13578528 0.13445205 0.12751 0.11711774 0.10672549 0.096333227 0.086067813 0.083911156 0.076252144 0.079972564 0.083692984 0.087413404 0.091133824 0.087854251 0.08134056 0.074826868 0.068313177 0.058693917 0.047467981 0.048990402 0.058812468 0.068634534 0.0784566 0.088709521 0.1129837 0.13725787 0.16153205 0.18580623 0.21252981 0.21897572 0.22321674 0.22745776 0.23169878 0.2355407 0.22381101 0.20476296 0.18571491 0.16666686 0.15281962 0.14219528 0.1312924 0.12038952 0.10948664 0.10078152 -9999
0.13429682 0.13412217 0.13633408 0.13731364 0.13745577 0.13802989 0.13944871 0.14086753 0.14228635 0.14345746 0.14462007 0.14578267 0.14340063 0.13915488 0.13221283 0.12182057 0.11142831 0.10259239 0.10050068 0.098344019 0.090387701 0.082431382 0.084691646 0.088412066 0.092132486 0.088852913 0.082339221 0.07582553 0.064841589 0.04926084 0.038034905 0.034655948 0.034191485 0.044013551 0.053835617 0.064088538 0.088362715 0.11263689 0.13691107 0.16394248 0.19109098 0.1975369 0.20177791 0.20601893 0.20978106 0.21340255 0.20167286 0.18262481 0.16357676 0.15049327 0.14038991 0.12976557 0.11886269 0.10795981 0.099592268 0.092642984 -9999
0.14462224 0.14683415 0.14904606 0.15002562 0.15016776 0.15030989 0.15060871 0.15202753 0.15344635 0.15461747 0.15578007 0.15234921 0.14810345 0.1438577 0.13691565 0.12652339 0.11911697 0.11702526 0.11493354 0.11277688 0.10482056 0.096864246 0.088907927 0.089410727 0.093131147 0.089851575 0.083337883 0.070989261 0.055408513 0.039827764 0.028601829 0.025222872 0.021843914 0.019392568 0.029214634 0.039467555 0.063741732 0.088206636 0.11535514 0.14250365 0.16965215 0.17609807 0.18033908 0.18402142 0.18764291 0.1912644 0.17953471 0.16048666 0.14816693 0.13806356 0.1279602 0.11733586 0.10643298 0.098403022 0.091453738 0.084504454 -9999
0.15733423 0.15954614 0.16175805 0.16273761 0.16287974 0.16302187 0.163164 0.16330613 0.16460635 0.16554355 0.16129779 0.15705203 0.15280628 0.14856052 0.14161847 0.13564156 0.13354984 0.13145812 0.1293664 0.12720975 0.11925343 0.11129711 0.10334079 0.095384472 0.094129809 0.090850236 0.077136933 0.061556185 0.045975437 0.030394688 0.019168753 0.015789795 0.012410838 0.0090318805 0.005652923 0.014846573 0.039619301 0.066767807 0.093916313 0.12106482 0.14821333 0.15464028 0.15826178 0.16188327 0.16550476 0.16912625 0.15739656 0.14584058 0.13573722 0.12563386 0.11553049 0.10490615 0.097213775 0.090264491 0.083315207 0.076365923 -9999
0.16749169 0.1697036 0.17191551 0.17136107 0.17150321 0.17164534 0.17178747 0.1719296 0.17207173 0.17066664 0.16642088 0.16217513 0.15792937 0.15368361 0.15038277 0.14829106 0.14619934 0.14410762 0.14201591 0.13815869 0.12831758 0.12036126 0.11240494 0.10444862 0.096492305 0.08332098 0.067740232 0.052159484 0.036578736 0.020997987 0.011072052 0.0076930943 0.0043141369 0.00093517941 -0.0024437781 -0.0049126323 0.022235874 0.04938438 0.076532886 0.10368139 0.12888552 0.13397352 0.13759501 0.1412165 0.14483799 0.14845948 0.14337653 0.13327317 0.12316981 0.11306644 0.10296308 0.096205819 0.089256535 0.082307251 0.075357966 0.068408682 -9999
0.16892429 0.1711362 0.17334811 0.17108231 0.16616249 0.16630462 0.16644675 0.16658888 0.16673101 0.17205694 0.17297938 0.16873363 0.16448787 0.16024212 0.15694128 0.15484956 0.15275784 0.15066612 0.14570688 0.13756945 0.12222992 0.1110888 0.10313248 0.09517616 0.087219841 0.074048517 0.058467768 0.04288702 0.027306272 0.010525122 0.00061130661 0.0036148244 0.00078176972 -0.0025971877 -0.0059761452 -0.0084449994 0.018703507 0.045852013 0.073000519 0.09660473 0.11160474 0.11760549 0.12195369 0.12557518 0.12919667 0.13281816 0.12873462 0.12023542 0.11013206 0.10002869 0.08992533 0.085224681 0.081918483 0.074969199 0.068019915 0.061070631 -9999
0.17035688 0.17256879 0.1747807 0.17251491 0.16720633 0.16189774 0.16110603 0.16124816 0.16139029 0.16671622 0.17222027 0.17529213 0.17104637 0.16680062 0.16349978 0.16140806 0.15931634 0.15317442 0.14511764 0.13698021 0.12164068 0.10630115 0.093860015 0.085903696 0.077947378 0.064776053 0.049195305 0.033614556 0.016568982 -0.00051352558 -0.010427341 -0.007423823 -0.0044203052 -0.0061295549 -0.0095085124 -0.011977367 0.01517114 0.042319646 0.064323943 0.079323949 0.094323954 0.10032471 0.10536702 0.10993385 0.11355535 0.11717684 0.1130933 0.10533654 0.097094312 0.086990948 0.076887584 0.072186934 0.070374796 0.067631148 0.060681864 0.05373258 -9999
0.1689678 0.17400139 0.1762133 0.1739475 0.16863892 0.16333034 0.15802175 0.15590744 0.15604957 0.1613755 0.16687956 0.17238361 0.17760488 0.17335912 0.17005828 0.16796656 0.16064197 0.15258518 0.14452839 0.13639096 0.12105143 0.10571191 0.090372378 0.076631232 0.068674914 0.055503589 0.039695349 0.022612841 0.0055303343 -0.011552173 -0.021465988 -0.01846247 -0.015458953 -0.012455435 -0.01304088 -0.015509734 0.011638772 0.032043156 0.047043161 0.062043167 0.077043173 0.083043929 0.088086236 0.093128543 0.097914025 0.10153552 0.097451975 0.089695218 0.081938461 0.073953202 0.063849837 0.059149188 0.057337049 0.055524911 0.053343813 0.046394529 -9999
0.1659357 0.1717405 0.1775453 0.1753801 0.17007152 0.16476293 0.15945435 0.15414577 0.15070886 0.15603479 0.16153884 0.16704289 0.17254694 0.17805099 0.1761663 0.16810951 0.16005272 0.15199594 0.14393915 0.13580172 0.12046219 0.10512266 0.089783135 0.074443606 0.05940245 0.045739209 0.028656701 0.011574194 -0.0055083131 -0.02259082 -0.032504635 -0.029501118 -0.0264976 -0.023494082 -0.020490564 -0.019042101 -0.00023763165 0.014762374 0.02976238 0.044762385 0.059762391 0.065763148 0.070805455 0.075847762 0.080890069 0.085894194 0.081810654 0.074053896 0.066297139 0.058540382 0.050783625 0.046111442 0.044299303 0.042487164 0.040675026 0.038862887 -9999
0.16105462 0.16685941 0.17266421 0.1797718 0.17806321 0.17275463 0.16744604 0.16213746 0.15682888 0.1473709 0.15287495 0.158379 0.16388305 0.1693871 0.16894241 0.16088562 0.15282883 0.14477205 0.13671526 0.12455937 0.11351356 0.098174037 0.082834508 0.06749498 0.052155452 0.03562375 0.018541242 0.0014587352 -0.015623772 -0.030419481 -0.033879347 -0.033308123 -0.030304605 -0.027301087 -0.024297569 -0.020936405 -0.0059363993 0.0090636064 0.024063612 0.039063618 0.051185039 0.054298761 0.059341068 0.064383375 0.069425682 0.074467989 0.071155468 0.063443028 0.055686271 0.047929514 0.040172756 0.03685637 0.035150026 0.033337888 0.031525749 0.02971361 -9999
0.15536949 0.16117429 0.16697909 0.17408668 0.18207958 0.18359855 0.17828997 0.17298139 0.1676728 0.15621991 0.14455588 0.14827003 0.15377408 0.15927813 0.15883343 0.15077665 0.14271986 0.13444603 0.12150697 0.10860013 0.098570825 0.088460027 0.073120499 0.05778097 0.042441442 0.02590974 0.0088272327 -0.0082552745 -0.020770321 -0.024900158 -0.028360023 -0.030612662 -0.030966924 -0.027963406 -0.024959888 -0.021598724 -0.0065987181 0.0084012875 0.023401293 0.034975254 0.045818269 0.048624099 0.050573941 0.055448252 0.060490559 0.065532866 0.062220345 0.054924831 0.0472629 0.039506143 0.031749385 0.028432999 0.027490616 0.025879515 0.024067376 0.022255238 -9999
0.15037973 0.15548916 0.16129396 0.16840156 0.17639446 0.18438736 0.1891339 0.18382531 0.17851673 0.16706383 0.15539981 0.14373578 0.14366511 0.14916916 0.14872446 0.14066768 0.13142585 0.11848679 0.10554774 0.092640899 0.082611591 0.072582282 0.062552973 0.048066961 0.032727432 0.01619573 -0.00088677694 -0.01112116 -0.015250997 -0.019380834 -0.0228407 -0.025093338 -0.027345976 -0.028625725 -0.025622207 -0.022261043 -0.007261037 0.0077389687 0.018765468 0.029608484 0.0404515 0.043257329 0.045207172 0.047157014 0.051555436 0.056597743 0.053285222 0.045989708 0.038694193 0.031082772 0.023326014 0.020009628 0.019067245 0.018124861 0.016609004 0.014796865 -9999
0.15148139 0.15182463 0.15560884 0.16271643 0.17070933 0.17870223 0.18669513 0.19466924 0.18936065 0.17790776 0.16624373 0.15457971 0.14291568 0.13906019 0.13861549 0.12840567 0.11546662 0.10252756 0.089588501 0.076681665 0.066652356 0.056623047 0.046593738 0.036564429 0.023013423 0.0064817206 -0.0014719997 -0.0056018366 -0.0097316735 -0.01386151 -0.017321376 -0.019574014 -0.021826653 -0.024079291 -0.026284526 -0.022923361 -0.0082873323 0.0025556833 0.013398699 0.024241715 0.03508473 0.03789056 0.039840402 0.041790245 0.043740087 0.047662621 0.0443501 0.037054585 0.029759071 0.022463556 0.014902643 0.011586257 0.010643874 0.0097014899 0.0087591061 0.0073384928 -9999
0.15231707 0.15266031 0.15300356 0.15670831 0.16470121 0.17269411 0.18068701 0.18867991 0.19667281 0.18566178 0.17399776 0.16233373 0.15066971 0.13900569 0.12524118 0.11230212 0.099363066 0.086424009 0.073484951 0.059796276 0.050186373 0.040157064 0.030127755 0.020098446 0.010069137 0.004074987 -5.4849933e-05 -0.0041846868 -0.0083145237 -0.012444361 -0.014684661 -0.016937299 -0.019189938 -0.021442576 -0.023695214 -0.025557437 -0.014714421 -0.0038714059 0.0069716098 0.017814625 0.028964639 0.032087555 0.034037398 0.03598724 0.037937083 0.039886925 0.03463161 0.027336095 0.02004058 0.012745066 0.0054495513 0.0033008819 0.0023584982 0.0014161145 0.00047373076 -0.00046865297 -9999
0.15182982 0.15250877 0.16014013 0.16023237 0.15708653 0.16507943 0.17307233 0.18106523 0.18905813 0.1780471 0.16638308 0.15471906 0.14305503 0.12487763 0.10841983 0.09548077 0.082541713 0.069602655 0.055014713 0.038155008 0.03038303 0.021170591 0.011141282 0.0011119729 -0.008917336 -0.014911486 -0.019041323 -0.02317116 -0.027300997 -0.02238839 -0.02009146 -0.028538854 -0.030890904 -0.033143542 -0.035396181 -0.037258403 -0.026415388 -0.015572372 -0.0047293564 0.0068545095 0.020991865 0.024114782 0.026064624 0.028014467 0.029845909 0.026906126 0.021016763 0.013721248 0.0064257336 -0.00086978097 -0.0030313814 -0.0042981229 -0.0052405066 -0.0061828903 -0.0071252741 -0.0065380133 -9999
0.15344672 0.16107807 0.16870943 0.16880167 0.16377078 0.15873988 0.16545765 0.17345055 0.18144345 0.17043242 0.1587684 0.14647158 0.12726393 0.10805627 0.091598474 0.078659416 0.065720359 0.050334907 0.033373445 0.01651374 0.008741762 0.00096978442 -0.0078451916 -0.017874501 -0.027903809 -0.03389796 -0.038027797 -0.042157634 -0.035063523 -0.026803849 -0.024506919 -0.032954312 -0.041401706 -0.044844508 -0.047097147 -0.048959369 -0.038116354 -0.027273338 -0.01525562 -0.0011182639 0.013019092 0.016142008 0.018091851 0.019170845 0.016231062 0.013291279 0.0074019159 0.00010640132 -0.0068835353 -0.0087569608 -0.010630386 -0.011897128 -0.012839511 -0.01373075 -0.013012819 -0.012294889 -9999
0.16201602 0.16964737 0.17727873 0.17737098 0.17234008 0.16730919 0.16227829 0.16583587 0.17382877 0.16281774 0.14885788 0.12965023 0.11044257 0.091234921 0.07477712 0.061838063 0.045655102 0.028693639 0.011732177 -0.0051275285 -0.012899506 -0.020671484 -0.028443461 -0.036860974 -0.046890283 -0.052884433 -0.055998329 -0.047738655 -0.039478982 -0.031219308 -0.028922378 -0.037369771 -0.045817165 -0.054264559 -0.058798113 -0.060660336 -0.04981732 -0.037365749 -0.023228393 -0.0090910373 0.0050463183 0.0081692349 0.0084957816 0.0055559983 0.0026162151 -0.00032356815 -0.006212931 -0.012609115 -0.01448254 -0.016355966 -0.018229391 -0.019496133 -0.020205557 -0.019487626 -0.018769695 -0.018051764 -9999
0.17058532 0.17821668 0.18584803 0.18594028 0.18090938 0.17587849 0.17084759 0.1658167 0.16621409 0.15124418 0.13203653 0.11282887 0.093621221 0.074413568 0.057936759 0.040975297 0.024013834 0.0070523712 -0.0099090914 -0.026768797 -0.034540774 -0.042312752 -0.050084729 -0.057856707 -0.065876756 -0.068673462 -0.060413788 -0.052154114 -0.04389444 -0.035634767 -0.033337837 -0.04178523 -0.050232624 -0.058680018 -0.067127411 -0.072361302 -0.059475878 -0.045338522 -0.031201166 -0.017063811 -0.0029264552 -0.002179282 -0.0051190653 -0.0080588485 -0.010998632 -0.013938415 -0.018334694 -0.02020812 -0.022081545 -0.02395497 -0.025828396 -0.026680363 -0.025962432 -0.025244501 -0.02452657 -0.023808639 -9999
0.16424284 0.17187419 0.17950555 0.18214055 0.17802889 0.172998 0.1679671 0.16293621 0.15790531 0.14558377 0.12637611 0.10716846 0.087960807 0.068753154 0.05053084 0.033569377 0.016607914 -0.00035354817 -0.017315011 -0.029900859 -0.036186976 -0.043958954 -0.051730931 -0.059502909 -0.067274887 -0.064081433 -0.055821759 -0.047562086 -0.039302412 -0.031687165 -0.030861292 -0.037161085 -0.045608478 -0.054055872 -0.062503266 -0.070277349 -0.056139994 -0.042002638 -0.027865282 -0.013727927 -0.0049883689 -0.010324676 -0.013264459 -0.016204243 -0.019144026 -0.022083809 -0.025073308 -0.026999867 -0.028873292 -0.030746717 -0.032620143 -0.031851336 -0.031027782 -0.030309851 -0.02959192 -0.02887399 -9999
0.14943414 0.15706549 0.16469685 0.16733186 0.16657164 0.16361685 0.15858596 0.15355506 0.14852417 0.13757734 0.12642723 0.1078447 0.088637049 0.069429396 0.051207082 0.03424562 0.017284157 0.00042205146 -0.011099804 -0.022558377 -0.028365303 -0.034252897 -0.042024875 -0.049796852 -0.05756883 -0.054375376 -0.046115703 -0.037856029 -0.031293778 -0.028226248 -0.027400375 -0.030613763 -0.03585207 -0.044299464 -0.052746858 -0.060520941 -0.046383586 -0.03224623 -0.018108874 -0.010692817 -0.0049630804 -0.010947555 -0.018179633 -0.021244338 -0.024184122 -0.027123905 -0.030113404 -0.033126605 -0.035206716 -0.037080141 -0.038953567 -0.03818476 -0.036003309 -0.034982586 -0.034264655 -0.033546724 -9999
0.13360261 0.1422568 0.14988815 0.15252316 0.15176294 0.15100272 0.14920481 0.14417392 0.13914302 0.12819619 0.11704609 0.10589598 0.089313292 0.070105639 0.051883325 0.034921862 0.019286389 0.0077645332 -0.0037573224 -0.015215895 -0.021022821 -0.026829747 -0.032636674 -0.040090795 -0.047862773 -0.04466932 -0.036409646 -0.030900391 -0.027832861 -0.024765331 -0.023939458 -0.027152846 -0.030366235 -0.034543056 -0.04299045 -0.050764533 -0.036627177 -0.022489822 -0.016397265 -0.010667528 -0.0049377918 -0.010922267 -0.018154344 -0.025386421 -0.029224218 -0.032164001 -0.0351535 -0.0381667 -0.041179901 -0.043413565 -0.045286991 -0.044518184 -0.042336733 -0.040155282 -0.03893739 -0.038219459 -9999
0.10867015 0.1242674 0.13507946 0.13771446 0.13695424 0.13619402 0.1354338 0.13467358 0.12976188 0.11881505 0.10766494 0.096514839 0.085364733 0.070781882 0.052559568 0.038150726 0.026628871 0.015107015 0.0035851593 -0.0078734135 -0.01368034 -0.019487266 -0.025294192 -0.031101118 -0.038156716 -0.034963263 -0.030507005 -0.027439474 -0.024371944 -0.021304414 -0.020478541 -0.023691929 -0.026905318 -0.030118706 -0.033332095 -0.041008125 -0.027831449 -0.022101713 -0.016371976 -0.01064224 -0.0049125033 -0.010896978 -0.018129056 -0.025361133 -0.03259321 -0.037204097 -0.040193596 -0.043206796 -0.046219997 -0.049233197 -0.051620415 -0.050851608 -0.048670157 -0.046488705 -0.044307254 -0.042892194 -9999
