P1_models/J1_p1__temp2_slide_260.dat.tif
NCOLS 118
NROWS 92
XLLCORNER 139.62
YLLCORNER -39.07
DX 0.099491525
DY 0.099347826
NODATA_VALUE -9999
[rows 54 to 80 of 92, columns 0 to 59 of 118]
-9999 1151.3679 1191.2526 1231.1373 1271.0219 1295.8696 1319.4588 1319.3923 1292.024 1264.6557 1237.2874 1218.3707 1201.6789 1198.8943 1223.9595 1249.0248 1265.1842 1280.5142 1295.8442 1303.5808 1293.7991 1284.0174 1274.2358 1261.5069 1247.4537 1241.5261 1257.3773 1273.2285 1291.0692 1309.1463 1327.2234 1328.9904 1299.3166 1269.6428 1239.9691 1221.9583 1207.0599 1205.8563 1224.2451 1242.6339 1261.0226 1273.3899 1285.2294 1282.6503 1269.706 1260.4052 1260.2708 1260.1364 1260.002 1263.3648 1267.332 1271.2992 1277.692 1286.7013 1293.9992 1295.369 1296.7388 1298.1086 1324.0884 1354.3285
-9999 1150.6141 1190.4988 1226.3593 1249.9486 1273.5379 1297.1272 1297.0607 1269.6923 1243.5601 1226.8684 1210.1766 1193.4849 1190.7003 1215.7655 1240.8307 1265.896 1285 1300.33 1308.0666 1298.2849 1288.5032 1274.4823 1260.4292 1246.376 1240.4484 1256.2996 1272.1508 1288.002 1305.2177 1323.2948 1325.0618 1295.388 1266.7503 1251.8518 1236.9534 1222.055 1220.8513 1239.2401 1256.4601 1268.2996 1280.1391 1291.9786 1289.3995 1276.4551 1263.5108 1251.1697 1251.0353 1250.9009 1254.2637 1258.2309 1265.7109 1274.7202 1283.7295 1291.0274 1292.3972 1295.7321 1325.9722 1356.2123 1386.4524
-9999 1149.8604 1180.4384 1204.0277 1227.617 1251.2062 1274.7955 1274.729 1252.0578 1235.3661 1218.6743 1201.9826 1185.2908 1182.5062 1207.5715 1232.6367 1257.7019 1282.7672 1304.8157 1312.5523 1301.511 1287.4578 1273.4046 1259.3514 1245.2983 1239.3707 1255.2219 1271.0731 1286.9243 1302.7755 1319.3663 1321.1332 1296.6437 1281.7453 1266.8469 1251.9484 1237.05 1235.8464 1251.3698 1263.2093 1275.0488 1286.8883 1298.7277 1296.1487 1283.2043 1270.2599 1257.3156 1244.3712 1241.7997 1245.1625 1253.7298 1262.7391 1271.7484 1280.7577 1288.0556 1297.6159 1327.856 1358.0961 1388.3362 1418.5763
-9999 1141.5501 1165.1393 1188.7286 1212.3179 1235.9072 1259.4965 1271.8463 1255.1545 1238.4628 1221.7711 1205.0793 1188.3876 1176.5935 1201.6587 1226.7239 1251.7892 1276.8544 1301.9196 1315.156 1301.1029 1287.0497 1272.9965 1258.9433 1244.8901 1236.7242 1252.0673 1267.9185 1283.7697 1299.6209 1315.4721 1320.8202 1305.9217 1291.0233 1276.1249 1261.2264 1246.328 1240.3184 1252.1579 1263.9974 1275.8369 1287.6764 1299.5159 1307.3733 1294.429 1281.4846 1268.5402 1255.5958 1242.6515 1240.1837 1249.193 1258.2023 1267.2116 1276.221 1285.9256 1315.125 1345.3651 1375.6052 1405.8453 1436.0854
-9999 1150.2706 1173.8599 1197.4492 1221.0384 1242.2568 1246.7845 1261.6072 1288.3117 1280.1226 1263.4309 1246.7392 1230.0474 1217.3116 1212.4979 1228.6027 1253.6679 1278.7332 1303.7984 1317.0348 1302.9816 1288.9285 1274.8753 1260.8221 1256.7641 1253.3131 1248.6656 1257.6702 1273.5214 1289.3726 1305.2238 1310.5719 1295.6735 1280.775 1265.8766 1250.9833 1236.385 1229.5577 1233.8479 1244.4259 1256.2654 1268.1049 1279.9444 1298.5611 1320.9394 1307.995 1295.0506 1282.1063 1269.1619 1249.9657 1239.3112 1248.3205 1257.3298 1266.3392 1276.0438 1288.1569 1312.9578 1343.1979 1373.438 1403.6781
-9999 1158.9911 1182.5804 1206.1697 1220.6479 1225.1756 1229.7033 1244.526 1271.2305 1297.935 1305.0908 1288.399 1271.7073 1258.9715 1254.1578 1249.344 1255.5467 1280.6119 1305.6772 1318.9136 1304.8604 1290.8072 1279.3623 1276.3576 1273.353 1269.902 1265.2545 1260.6071 1263.2731 1279.1243 1294.9755 1300.3236 1285.4252 1270.5268 1255.7263 1241.128 1226.5297 1219.7024 1223.9926 1228.2827 1236.6939 1248.5334 1260.3728 1278.9895 1302.4783 1325.967 1321.561 1308.6167 1295.6723 1276.4761 1256.1993 1238.4387 1247.4481 1256.4574 1266.162 1278.2751 1290.3882 1310.7907 1341.0308 1371.2708
-9999 1167.7117 1191.3009 1199.039 1203.5667 1208.0944 1212.6221 1227.4448 1254.1493 1280.8538 1307.5583 1330.0589 1313.3671 1300.6314 1295.8176 1291.0039 1286.1902 1282.4907 1307.556 1320.7924 1306.7392 1298.9558 1295.9511 1292.9465 1289.9419 1286.4908 1281.8434 1277.196 1272.5485 1268.876 1284.7272 1290.0753 1275.1769 1260.4692 1245.871 1231.2727 1216.6744 1209.8471 1214.1373 1218.4274 1222.7175 1228.9618 1240.8013 1259.418 1282.9067 1306.3955 1329.8842 1335.1271 1322.1827 1302.9865 1282.7098 1262.433 1242.1563 1246.5756 1256.2802 1268.3933 1280.5064 1292.6195 1308.6235 1338.8636
-9999 1172.9025 1177.4302 1181.9578 1186.4855 1191.0132 1195.5409 1210.3636 1237.0681 1263.7726 1290.4771 1317.1816 1343.8861 1342.2912 1337.4775 1332.6637 1327.85 1323.0363 1318.2226 1322.6711 1318.5493 1315.5447 1312.54 1309.5354 1306.5307 1303.0797 1298.4323 1293.7848 1289.1374 1284.49 1279.8425 1279.8271 1265.2122 1250.6139 1236.0157 1221.4174 1206.8191 1199.9918 1204.282 1208.5721 1212.8622 1217.1524 1221.4425 1239.8465 1263.3352 1286.8239 1310.3127 1333.8014 1348.6931 1329.4969 1309.2202 1288.9434 1268.6667 1248.39 1246.3984 1258.5115 1270.6246 1282.7377 1294.8508 1306.9639
-9999 1182.883 1187.4107 1191.9384 1196.466 1200.9937 1207.4028 1208.3712 1218.2236 1244.9281 1271.6326 1298.3371 1325.0416 1347.6646 1354.3097 1349.496 1344.6823 1339.8685 1335.0548 1330.7881 1327.7835 1324.7788 1321.7742 1318.7695 1310.8092 1289.1862 1284.3205 1279.6731 1275.0257 1270.3782 1265.7308 1257.6845 1243.0862 1228.4879 1213.8897 1199.2914 1194.7247 1212.2246 1223.7086 1227.9988 1232.2889 1236.5791 1240.8692 1249.5818 1269.5945 1293.0832 1316.572 1340.0607 1363.5494 1345.5759 1325.2339 1304.9572 1284.6805 1264.4038 1245.2816 1239.9086 1252.0217 1264.1348 1276.2479 1288.361
-9999 1204.6313 1209.159 1213.6867 1218.2144 1226.2555 1235.399 1236.3674 1227.9008 1225.3168 1252.0213 1278.7258 1305.4303 1328.0533 1342.5028 1355.5319 1350.7182 1345.9045 1341.0907 1336.824 1333.8194 1330.8147 1327.8101 1311.6226 1283.7932 1262.1702 1257.1822 1252.2111 1247.5637 1242.9163 1238.2688 1230.2225 1215.6243 1201.026 1186.4277 1191.4392 1207.8166 1225.3164 1244.4222 1260.1588 1264.4489 1268.7391 1273.0292 1281.7418 1293.6337 1310.5751 1334.0638 1357.5525 1381.0413 1363.0677 1337.9283 1316.4065 1296.1298 1275.853 1256.7309 1241.6082 1229.6265 1241.7396 1253.8527 1265.9658
-9999 1226.3797 1230.9074 1235.9649 1245.1083 1254.2518 1263.3952 1264.3636 1255.8971 1247.4305 1238.9639 1259.1146 1285.8191 1308.4421 1322.8916 1337.341 1351.7905 1351.9404 1347.1267 1342.86 1339.8553 1336.8507 1312.4361 1284.6066 1256.7772 1235.1542 1230.1662 1225.1781 1220.19 1215.4543 1210.8069 1202.7606 1188.1623 1173.564 1188.1538 1204.5311 1220.9084 1238.4082 1257.514 1276.6199 1295.7257 1300.8991 1305.1892 1313.9018 1325.7937 1337.6855 1351.5556 1375.0444 1398.5331 1380.5595 1355.4202 1330.2808 1307.579 1287.3023 1268.1802 1253.0575 1237.9348 1222.8121 1231.4575 1243.5706
-9999 1248.128 1254.8177 1263.9611 1273.1045 1282.248 1291.3914 1292.3598 1283.8933 1275.4267 1266.9602 1258.4936 1266.2078 1288.8308 1303.2803 1317.7298 1332.1793 1346.6287 1353.1626 1348.8959 1341.079 1313.2495 1285.4201 1257.5907 1229.7612 1208.1383 1203.1502 1198.1621 1193.1741 1188.186 1183.3449 1175.2986 1168.491 1184.8683 1201.2456 1217.6229 1234.0002 1251.5001 1270.6059 1289.7117 1308.8175 1327.9233 1337.3492 1346.0618 1357.9537 1369.8455 1381.7374 1393.6292 1416.0249 1398.0514 1372.912 1347.7726 1322.6332 1298.7516 1279.6295 1264.5068 1249.3841 1234.2613 1219.1386 1221.1754
-9999 1270.1186 1279.262 1288.4054 1297.5489 1306.6923 1315.8357 1311.0622 1302.5957 1294.1291 1285.6625 1277.196 1268.7294 1270.3648 1284.8143 1299.2638 1313.7133 1328.1628 1342.6123 1344.2772 1316.4478 1288.6184 1260.7889 1232.9595 1205.13 1191.6671 1186.679 1181.6909 1176.7029 1171.7148 1166.7267 1169.0364 1185.4137 1201.791 1218.1683 1234.5457 1250.923 1266.8433 1285.9491 1305.0549 1324.1607 1343.2665 1362.3723 1368.4058 1380.2976 1392.1895 1404.0813 1415.9732 1427.8651 1408.1826 1383.0432 1357.9038 1332.7645 1307.6251 1284.0234 1268.9007 1253.778 1238.6553 1223.5326 1208.4098
-9999 1276.8963 1286.0397 1295.1832 1304.3266 1312.3447 1296.1471 1283.5385 1275.0719 1266.6053 1258.1388 1249.6722 1273.8345 1288.4224 1277.6293 1286.4943 1300.9438 1315.3933 1329.8427 1331.5077 1303.6783 1275.8488 1248.0194 1220.19 1212.107 1211.4056 1219.3397 1217.6681 1212.68 1207.692 1202.7039 1205.0135 1221.3909 1237.7682 1254.1455 1270.5228 1280.1269 1293.3846 1312.4904 1331.5962 1350.702 1367.2037 1355.3968 1351.2895 1353.8181 1365.71 1377.6018 1389.4937 1401.3856 1381.7031 1356.5637 1331.4243 1306.2849 1278.8549 1253.3249 1238.2022 1223.0795 1207.9568 1193.6179 1195.5118
-9999 1283.674 1292.8175 1301.9609 1301.0184 1284.8209 1268.6233 1256.0147 1247.5481 1239.0816 1240.1486 1267.4109 1294.6732 1309.2612 1298.468 1287.6748 1288.1743 1302.6238 1317.0732 1318.7382 1290.9088 1263.0793 1239.0129 1235.0896 1231.1664 1230.465 1238.399 1246.333 1248.6572 1243.6691 1238.6811 1240.9907 1257.368 1273.7453 1288.328 1297.4981 1306.6682 1319.926 1339.0318 1358.1376 1365.7664 1353.9595 1342.1526 1338.0453 1339.4731 1340.9009 1351.1223 1363.0142 1374.906 1355.2236 1330.0842 1304.9448 1276.691 1248.1564 1222.6264 1207.5037 1192.381 1182.1711 1184.065 1185.9589
-9999 1290.4518 1299.5952 1289.6922 1273.4947 1257.2971 1241.0996 1228.491 1220.0244 1233.7251 1260.9874 1288.2497 1315.512 1330.0999 1319.3068 1308.5136 1297.7204 1289.8542 1304.3037 1305.9687 1278.1393 1261.9955 1258.0723 1254.149 1250.2257 1249.5243 1257.4583 1265.3923 1273.3264 1279.6463 1274.6582 1276.9679 1293.3452 1305.6993 1314.8693 1324.0394 1333.2095 1346.4673 1365.5731 1364.3291 1352.5222 1340.7153 1328.9085 1324.8011 1326.2289 1327.6567 1329.0845 1336.5347 1348.4265 1328.7441 1303.0615 1274.527 1245.9925 1217.458 1191.928 1176.8053 1170.7244 1172.6183 1174.5122 1176.4061
-9999 1294.5636 1278.366 1262.1685 1245.9709 1229.7734 1213.5758 1200.9672 1227.3015 1254.5638 1281.8261 1309.0884 1336.3507 1350.9387 1340.1455 1329.3524 1318.5592 1307.766 1296.9728 1293.1992 1284.9781 1281.0549 1277.1316 1273.2083 1269.285 1268.5836 1276.5176 1284.4517 1292.3857 1300.3197 1308.2537 1312.945 1323.0705 1332.2406 1341.4107 1350.5807 1359.7508 1373.0086 1362.8919 1351.085 1339.2781 1327.4712 1315.6643 1311.557 1312.9847 1314.4125 1315.8403 1317.2681 1321.947 1300.8976 1272.3631 1243.8285 1215.294 1186.7595 1161.2295 1159.2777 1161.1716 1163.0655 1164.9593 1166.8532
-9999 1283.5317 1267.3341 1251.1366 1234.939 1218.7415 1208.5717 1204.3231 1215.7739 1243.0362 1270.2985 1297.5608 1324.8231 1340.129 1330.4902 1319.697 1308.9039 1298.1107 1287.3175 1278.6017 1274.6784 1270.7551 1266.8319 1262.9086 1263.9213 1284.1846 1282.1237 1290.0577 1297.9917 1305.9258 1313.8598 1322.216 1331.3861 1340.5562 1349.7263 1358.8963 1363.5094 1362.3649 1359.3198 1347.5129 1335.706 1323.8991 1312.0922 1311.3277 1314.1538 1315.5816 1317.0094 1318.4372 1319.865 1308.2122 1279.6777 1251.1432 1222.6086 1194.0741 1172.0819 1173.2578 1175.1516 1177.0455 1178.9394 1180.8333
-9999 1281.8631 1265.6655 1249.468 1233.2704 1229.7727 1230.934 1226.6854 1216.1932 1213.1325 1240.3948 1267.6571 1294.9195 1310.2253 1301.5878 1292.7286 1281.9354 1271.1423 1260.3491 1251.6333 1247.71 1243.7867 1239.8634 1253.6033 1284.8702 1305.1334 1295.9043 1288.0256 1295.9596 1303.8936 1311.8277 1320.1839 1329.354 1338.5241 1347.6941 1346.4888 1338.4941 1337.3496 1346.0054 1349.4321 1337.6252 1325.8183 1314.0114 1313.247 1320.4208 1324.9339 1326.3616 1327.7894 1329.2172 1318.2103 1305.0543 1280.0398 1251.5053 1222.9708 1200.9786 1201.6484 1202.4926 1204.3865 1206.2804 1208.1743
-9999 1280.1945 1263.9969 1249.8125 1250.9738 1252.135 1253.2963 1249.0477 1238.5554 1228.0632 1217.5709 1237.7534 1265.0158 1280.3216 1271.6841 1263.0466 1254.4091 1244.1739 1233.3807 1224.6649 1220.7416 1216.8183 1243.2853 1274.5521 1305.819 1326.0823 1316.8532 1307.6241 1298.395 1301.8615 1309.7956 1318.1518 1327.3219 1336.4919 1329.4682 1321.4735 1313.4788 1312.3343 1320.99 1329.6458 1338.3016 1327.7375 1315.9306 1315.1662 1322.34 1329.5139 1335.7139 1337.1417 1338.5695 1327.5625 1314.4066 1301.2506 1280.402 1251.8675 1229.8753 1230.5451 1231.2149 1231.8847 1233.6214 1235.5153
-9999 1278.5259 1271.0135 1272.1748 1273.3361 1274.4973 1275.6586 1271.41 1260.9177 1250.4255 1239.9332 1229.4409 1235.1121 1250.418 1241.7804 1233.1429 1224.5054 1215.8679 1206.4123 1197.6964 1201.7004 1232.9672 1264.2341 1295.501 1326.7679 1347.0311 1337.802 1328.5729 1319.3438 1310.1147 1307.7634 1316.1197 1320.4424 1312.4476 1304.4529 1296.4582 1288.4634 1287.3189 1295.9747 1304.6305 1313.2862 1321.942 1317.8498 1317.0854 1324.2593 1331.4331 1338.607 1345.7808 1347.9217 1336.9148 1323.7588 1310.6028 1297.4469 1280.7641 1258.772 1259.4418 1260.1115 1260.7813 1261.4511 1262.8562
-9999 1289.4731 1290.6344 1291.7957 1292.957 1294.1182 1295.2795 1290.234 1279.7417 1269.2494 1258.7572 1248.2649 1237.7726 1226.9308 1218.2933 1209.6557 1201.0182 1192.3807 1183.7432 1187.1721 1218.439 1249.7059 1280.9727 1312.2396 1343.5065 1353.1902 1343.7946 1334.5654 1325.3363 1316.1072 1306.8781 1298.0707 1290.0759 1282.0812 1274.0865 1266.0917 1258.097 1269.0665 1277.7222 1286.378 1295.0338 1303.6895 1312.3453 1318.4332 1325.6071 1332.7809 1339.9548 1347.1287 1354.3025 1347.5651 1334.4091 1321.2531 1308.0971 1294.9411 1283.2649 1283.6347 1284.3045 1284.9742 1285.644 1286.3138
-9999 1298.717 1299.8783 1301.0395 1302.2008 1301.4711 1288.9172 1282.4085 1282.8766 1274.6797 1264.1874 1253.6951 1243.2029 1232.1962 1220.1594 1210.4573 1201.8198 1193.1822 1184.5447 1187.9737 1219.2406 1250.5074 1281.7743 1313.0412 1328.2284 1330.1392 1300.3187 1283.9432 1274.7141 1265.485 1256.2559 1247.4484 1239.4537 1231.459 1223.4642 1216.1032 1229.0961 1249.64 1280.9867 1293.7252 1302.381 1311.0367 1319.6925 1323.8152 1324.792 1331.9658 1339.1397 1346.3136 1353.4874 1354.3158 1349.9728 1336.8168 1323.6609 1310.5049 1298.8287 1292.2782 1290.6921 1291.3619 1292.0317 1292.7014
-9999 1307.9609 1309.1221 1310.2834 1304.2821 1291.7282 1279.1744 1272.6656 1273.1337 1273.6018 1269.6177 1259.1254 1248.6331 1237.6264 1225.5896 1213.5528 1202.6213 1193.9838 1185.3463 1188.7752 1220.0421 1251.309 1277.678 1291.4277 1305.1775 1307.0883 1277.2678 1247.4473 1224.0919 1214.8628 1205.6337 1196.8262 1188.8315 1180.8367 1180.5899 1193.5828 1206.5757 1227.1197 1258.4664 1289.813 1309.7282 1318.384 1327.0397 1331.1625 1332.0265 1332.8905 1338.3246 1345.4985 1352.6723 1353.5007 1353.2324 1352.3806 1339.2246 1326.0686 1314.3924 1307.842 1301.2915 1297.7495 1298.4193 1299.0891
-9999 1317.2047 1318.366 1307.0931 1294.5392 1281.9854 1269.4315 1262.9227 1263.3908 1263.8589 1264.327 1264.5557 1254.0634 1243.0567 1231.0199 1218.9831 1206.9463 1194.9094 1186.1478 1189.5768 1220.8437 1240.8773 1254.627 1268.3768 1282.1265 1284.0373 1254.2168 1224.3964 1194.5759 1164.7554 1155.0114 1146.204 1138.2092 1145.0766 1158.0696 1171.0625 1184.0554 1204.5993 1235.946 1267.2927 1298.6394 1325.7312 1334.3869 1338.5097 1339.3737 1340.2377 1341.1017 1344.6834 1351.8572 1352.6856 1352.4173 1352.1491 1351.8808 1341.6324 1329.9562 1323.4057 1316.8553 1310.3048 1304.8069 1305.4767
-9999 1322.458 1309.9041 1297.3502 1284.7964 1272.2425 1259.6886 1253.1799 1253.648 1254.1161 1254.5842 1255.0523 1255.5204 1248.487 1236.4501 1224.4133 1212.3765 1200.3397 1188.3029 1190.3269 1204.0766 1217.8264 1231.5761 1245.3258 1259.0755 1260.9864 1231.1659 1201.3454 1171.5249 1141.7044 1111.884 1096.5705 1109.5634 1122.5563 1135.5492 1148.5421 1161.5351 1182.079 1213.4257 1244.7724 1276.119 1307.4657 1338.8124 1345.8569 1346.7209 1347.5849 1348.4489 1349.3129 1351.0421 1351.8705 1351.6022 1351.334 1351.0657 1350.7974 1345.5199 1338.9695 1332.419 1325.8686 1319.3181 1312.7676
-9999 1331.2591 1318.7053 1306.1514 1293.5975 1281.0436 1256.4234 1239.1955 1240.5437 1241.0118 1241.4799 1241.948 1242.4161 1243.3203 1241.6978 1229.6609 1217.6241 1205.5873 1193.5505 1189.3111 1203.0609 1216.8106 1230.5603 1244.3101 1252.8199 1246.0661 1222.0415 1192.221 1162.4005 1132.58 1102.7595 1087.5627 1100.5556 1113.5486 1126.5415 1139.5344 1159.1919 1183.0927 1206.9628 1238.3095 1269.6562 1301.0029 1332.3496 1340.3407 1336.8486 1337.7126 1338.5766 1339.4407 1340.3047 1320.6786 1316.7048 1316.4365 1316.1682 1315.9 1321.6805 1341.4387 1334.8882 1328.3378 1321.7873 1315.2369
