P1_models/J1_p1_vp_slide_diff2_5.dat.tif
NCOLS 118
NROWS 92
XLLCORNER 139.62
YLLCORNER -39.07
DX 0.099491525
DY 0.099347826
NODATA_VALUE -9999
[rows 0 to 24 of 92, columns 55 to 109 of 118]
-9999 -9999 -9999 -9999 -9999 -9999 -9999 -9999 -9999 -9999 -9999 -9999 -9999 -9999 -9999 -9999 -9999 -9999 -9999 -9999 -9999 -9999 -9999 -9999 -9999 -9999 -9999 -9999 -9999 -9999 -9999 -9999 -9999 -9999 -9999 -9999 -9999 -9999 -9999 -9999 -9999 -9999 -9999 -9999 -9999 -9999 -9999 -9999 -9999 -9999 -9999 -9999 -9999 -9999 -9999
0.20119363 0.19124448 0.18129533 0.17134617 0.16139702 0.1529288 0.14574623 0.1386397 0.13153316 0.12442662 0.11732008 0.11780305 0.11110998 0.10441692 0.097723849 0.091030783 0.081616207 0.068719158 0.055822108 0.042925059 0.030028009 0.018845127 0.015606365 0.0052817731 -0.0050428192 -0.015367411 -0.025692004 -0.032678253 -0.038122128 -0.043566004 -0.04900988 -0.054338393 -0.055292823 -0.050292633 -0.045599637 -0.04090664 -0.036213644 -0.031172024 -0.014785184 0.0016016554 0.017988495 0.034375334 0.036260052 0.040069393 0.045426629 0.050783865 0.056141101 0.061498337 0.071986277 0.074853699 0.077241495 0.079629292 0.082017088 0.071698105 0.066231036
0.19450029 0.18255154 0.17260239 0.16265324 0.15270409 0.14423587 0.136774 0.12953281 0.12242628 0.11531974 0.1082132 0.11025062 0.11235183 0.10565876 0.098965697 0.09227263 0.082858055 0.069961006 0.057063956 0.044166906 0.033124089 0.022363695 0.021425096 0.019149074 0.0088244815 -0.0015001107 -0.011824703 -0.018810952 -0.024254828 -0.029698704 -0.034930943 -0.03943622 -0.040390649 -0.034946773 -0.029869564 -0.025176568 -0.020483572 -0.015441951 0.00094488837 0.017331728 0.033718567 0.034223672 0.027981067 0.031703052 0.03652672 0.041883956 0.047241192 0.052598428 0.063086368 0.076020266 0.079311242 0.081699038 0.084086835 0.073767852 0.056655309
0.18891198 0.17629787 0.16390946 0.1539603 0.14401115 0.13554293 0.12808107 0.1206192 0.11331939 0.10621285 0.099106317 0.10114374 0.10349535 0.10584697 0.10020754 0.093514478 0.084099903 0.071202853 0.058383398 0.047513028 0.036642658 0.025882264 0.024943665 0.024005066 0.022691782 0.01236719 0.0020425977 -0.0049436511 -0.010387527 -0.015523492 -0.020028769 -0.024534046 -0.025488475 -0.020044599 -0.014600723 -0.0094464956 -0.0047534991 0.00028812135 0.016674961 0.0330618 0.032187292 0.025944687 0.019702081 0.023424066 0.028207313 0.032990559 0.038341282 0.043698518 0.054186458 0.067120357 0.080054255 0.083768785 0.086156581 0.075837598 0.058725056
0.18332366 0.17070956 0.15809545 0.14548135 0.13531822 0.12685 0.11938813 0.11192627 0.1044644 0.09710597 0.089999433 0.092036853 0.094388471 0.096740089 0.099091706 0.094756326 0.085341751 0.072772338 0.061901967 0.051031597 0.040161226 0.029400833 0.028462234 0.027523635 0.026585035 0.025646436 0.015909898 0.0089236497 0.0038839582 -0.00062131845 -0.0051265951 -0.0096318717 -0.010586301 -0.0051424249 0.00030145098 0.0057453269 0.010976573 0.016018194 0.032405033 0.030150913 0.023908307 0.017665701 0.011423096 0.015145081 0.019928327 0.024711573 0.02949482 0.034798609 0.045286549 0.058220447 0.071154345 0.084088244 0.088226328 0.077907345 0.060794802
0.17773534 0.16512124 0.15250714 0.13989303 0.12727893 0.11815706 0.1106952 0.10323333 0.095771469 0.088309604 0.080892548 0.082929969 0.085281587 0.087633204 0.089984822 0.09233644 0.087161277 0.076290906 0.065420536 0.054550166 0.043679795 0.032919402 0.031980803 0.031042203 0.030103604 0.029165005 0.028226405 0.023291409 0.018786132 0.014280855 0.0097755788 0.0052703022 0.0043158731 0.009759749 0.015203625 0.020647501 0.026091377 0.031748266 0.028114533 0.021871927 0.015629321 0.009386716 0.0031441105 0.0068660951 0.011649342 0.016432588 0.021215834 0.025999081 0.036386639 0.049320538 0.062254436 0.075188334 0.088122233 0.079977091 0.062864549
0.17113204 0.15851794 0.14590383 0.13328973 0.12565206 0.12029234 0.11352068 0.10605881 0.098596949 0.091135084 0.08367322 0.085698836 0.088050454 0.090402072 0.09275369 0.094700662 0.09074447 0.0798741 0.06900373 0.058133359 0.047278449 0.047004784 0.039030925 0.038092326 0.037153726 0.036215127 0.035276528 0.03189837 0.027393093 0.022887817 0.01838254 0.016100162 0.013663002 0.0090607434 0.014504619 0.019948495 0.025392371 0.030487843 0.024245237 0.018002632 0.011760026 0.0055174206 0.006640997 0.011207947 0.015991193 0.02077444 0.025557686 0.029496009 0.039366283 0.052300181 0.06523408 0.078167978 0.082502636 0.070589246 0.053476704
0.16436793 0.15175383 0.13913973 0.13301922 0.12839997 0.12304026 0.11717737 0.11070914 0.10324727 0.095785408 0.088323544 0.09034916 0.092700778 0.095052396 0.096846945 0.098294094 0.094337902 0.083467532 0.072597162 0.063316069 0.063131825 0.06285816 0.054598486 0.046338813 0.044763347 0.043824748 0.042886149 0.039507991 0.035002714 0.030497437 0.029066766 0.031319404 0.028882244 0.017994492 0.011333944 0.01677782 0.022221696 0.027317167 0.021074562 0.014831956 0.0085893508 0.010446289 0.012982348 0.017549297 0.022332544 0.02711579 0.030913774 0.034357711 0.044227985 0.057161884 0.070095782 0.073488397 0.071299583 0.059386193 0.042273651
0.15760383 0.14500564 0.14038639 0.13576714 0.13114789 0.12578818 0.11992528 0.11406239 0.1078976 0.10043573 0.092973867 0.094999484 0.097351102 0.098993227 0.10044038 0.10188753 0.097931334 0.087060964 0.079353689 0.079169445 0.078985202 0.078711537 0.070451863 0.062192189 0.053932515 0.051434369 0.050495769 0.047117611 0.042612335 0.042033369 0.044286007 0.046538645 0.044101485 0.033213733 0.022325981 0.013607145 0.019051021 0.024146492 0.017903887 0.011715523 0.014251581 0.01678764 0.019323698 0.023890648 0.028673894 0.032331539 0.035775476 0.039219414 0.049089687 0.062023586 0.064474157 0.062285344 0.06009653 0.048183141 0.031070598
0.15237281 0.14775356 0.14313431 0.13851506 0.13389581 0.1285361 0.1226732 0.11681031 0.11094742 0.10508452 0.097624191 0.099649808 0.10113951 0.10258666 0.10403381 0.10548096 0.10152477 0.095391309 0.095207065 0.095022822 0.094838578 0.094564913 0.086305239 0.078045566 0.069785892 0.061526218 0.05810539 0.054727232 0.054999972 0.05725261 0.059505249 0.061757887 0.059320727 0.048432975 0.037545223 0.026657471 0.015880345 0.020975817 0.015520815 0.018056873 0.020592932 0.02312899 0.025665049 0.030231999 0.033749303 0.037193241 0.040637178 0.044081116 0.053951389 0.055459918 0.053271105 0.051082291 0.048893478 0.036980088 0.030906474
0.15382533 0.14920608 0.14458683 0.13996758 0.13534833 0.13144084 0.12557794 0.11971505 0.11385216 0.10798926 0.10212637 0.10333068 0.10477783 0.10622498 0.10767213 0.10911928 0.10943978 0.10925554 0.10907129 0.10888705 0.1087028 0.1092795 0.10203269 0.093773017 0.085513343 0.077253669 0.068993996 0.0679246 0.070177238 0.072429877 0.074682515 0.076935153 0.073401979 0.062514227 0.051626475 0.040738723 0.029850971 0.019363418 0.021899477 0.024435535 0.026971594 0.029507652 0.031948854 0.035098859 0.038542796 0.041986734 0.045430671 0.048874608 0.048148 0.045959186 0.043770372 0.041581559 0.039392745 0.036182778 0.034192947
0.14678819 0.14216894 0.1375497 0.13293045 0.12782372 0.12817209 0.12951046 0.12364757 0.11778468 0.11192178 0.10605889 0.1072632 0.10871035 0.1101575 0.11160465 0.11105929 0.11026768 0.11008343 0.10989919 0.10971495 0.11099151 0.11590269 0.11515181 0.10867519 0.10041552 0.092155843 0.083896169 0.082826774 0.085079412 0.087332051 0.089584689 0.087291237 0.080025167 0.069137415 0.058249663 0.047361911 0.03647416 0.025986607 0.028522665 0.031058723 0.033594782 0.035905158 0.036295321 0.039445326 0.042889264 0.046333201 0.049777138 0.050977167 0.049803797 0.047614983 0.045426169 0.043237356 0.034116318 0.02914564 0.027155809
0.13975106 0.13513181 0.13047014 0.1253179 0.12016566 0.12051402 0.12460028 0.12758009 0.12171719 0.1158543 0.10999141 0.11119572 0.11264287 0.11409002 0.11315344 0.11188718 0.11109558 0.11091133 0.11072709 0.11264012 0.1176147 0.12252587 0.12177499 0.12102411 0.11531769 0.10705802 0.098798343 0.097728948 0.099981586 0.10223422 0.099170581 0.093914425 0.086648355 0.075760604 0.064872852 0.0539851 0.043097348 0.032609795 0.035145853 0.037681912 0.039861463 0.040251626 0.040641788 0.043791793 0.047235731 0.050679668 0.051676315 0.052632964 0.051459594 0.04927078 0.047081967 0.037625282 0.02707918 0.022108502 0.020118672
0.13271392 0.12796432 0.12281208 0.11765984 0.1125076 0.11285596 0.11694222 0.12102848 0.12511474 0.11978682 0.11392393 0.11512824 0.11651385 0.11524759 0.11398134 0.11271508 0.11192347 0.11173923 0.11428873 0.11926331 0.12423789 0.12914906 0.12839818 0.1276473 0.12689642 0.12196019 0.11370052 0.11263112 0.11488376 0.11104993 0.10579377 0.10053761 0.093271544 0.082383792 0.07149604 0.060608288 0.049720536 0.039232983 0.041769042 0.043817767 0.04420793 0.044598093 0.044988256 0.048138261 0.051418813 0.052375463 0.053332112 0.054288761 0.053115391 0.050926577 0.041134246 0.030588144 0.020042042 0.015071364 0.013081534
0.12545849 0.12030625 0.11515401 0.11000177 0.10484953 0.1051979 0.10928416 0.11337042 0.11745668 0.12154294 0.11785644 0.118608 0.11734175 0.11607549 0.11480924 0.11354298 0.11275137 0.11593734 0.12091192 0.1258865 0.13086107 0.13577225 0.13502137 0.13427049 0.13351961 0.13276873 0.12860269 0.1275333 0.12292927 0.11767311 0.11241696 0.1071608 0.099894732 0.08900698 0.078119228 0.067231477 0.056343725 0.045856172 0.047774072 0.048164235 0.048554397 0.04894456 0.049334723 0.052117961 0.05307461 0.05403126 0.054987909 0.055944558 0.054771188 0.04464321 0.034097108 0.023551006 0.013004905 0.0080342268 0.0076998831
0.12169452 0.11654228 0.11139004 0.1062378 0.10108556 0.099525967 0.10361223 0.10769849 0.11178474 0.115871 0.11995726 0.11880522 0.11753896 0.11627271 0.11500645 0.11374019 0.11521161 0.12018619 0.12516076 0.13013534 0.13510992 0.14140655 0.14213215 0.14138127 0.14063039 0.13987951 0.13912863 0.1352962 0.13004005 0.12478389 0.11952773 0.11427158 0.10566994 0.094782188 0.083894437 0.073006685 0.062118933 0.051567405 0.051957568 0.052347731 0.052737894 0.053128057 0.05383197 0.052957577 0.053914226 0.054870876 0.055827525 0.056784174 0.047852731 0.037306629 0.026760527 0.016214426 0.005668324 0.0023097849 0.0021108018
0.12341316 0.12182674 0.1166745 0.11152226 0.10637002 0.10354496 0.10255533 0.10664159 0.11072785 0.11481411 0.11890037 0.11763704 0.11627069 0.11500444 0.11373818 0.11247192 0.11394334 0.11891792 0.12389249 0.12886707 0.13578989 0.14457723 0.14833162 0.14962502 0.14887415 0.14812327 0.14737239 0.14353996 0.1382838 0.13302765 0.12777149 0.11649942 0.10573112 0.098222321 0.087699247 0.076811495 0.065923743 0.055372215 0.055762378 0.056152541 0.056542704 0.057360696 0.059116429 0.054962573 0.052857335 0.053813984 0.054770633 0.055727283 0.04444798 0.029274252 0.01872815 0.0081820483 -0.0023640534 -0.0052601551 -0.0044419271
0.11559216 0.12145505 0.12195895 0.11680671 0.11165448 0.10882941 0.10758577 0.10634213 0.10967096 0.11375722 0.11784348 0.11658015 0.115133 0.11373617 0.11246991 0.11120365 0.11267507 0.11764965 0.12262422 0.13011687 0.13896057 0.1477479 0.1515023 0.1552567 0.1571179 0.15636702 0.15561614 0.15178371 0.14652756 0.1412714 0.12907665 0.11649942 0.10573112 0.098222321 0.090713526 0.080616305 0.069728554 0.059177026 0.059567189 0.059957352 0.060889422 0.062645155 0.064400888 0.060247032 0.055463785 0.052757092 0.053713741 0.054670391 0.043391088 0.026278546 0.010695773 0.00014967088 -0.010396431 -0.013292533 -0.012098634
0.10777116 0.11363405 0.11949695 0.12209117 0.11693893 0.11411387 0.11287023 0.11162659 0.11038294 0.11270033 0.11678659 0.11552326 0.11407611 0.11262896 0.11120164 0.10993538 0.1114068 0.11638138 0.12444386 0.13328755 0.14213124 0.15091858 0.15467297 0.15842737 0.16218177 0.16461078 0.1638599 0.16002747 0.15423112 0.14165388 0.12907665 0.11649942 0.10573112 0.098222321 0.090713526 0.083204732 0.073533364 0.062981836 0.063371999 0.064418148 0.066173881 0.067929614 0.069685346 0.065531491 0.060748244 0.055964998 0.05265685 0.053613499 0.042334197 0.025221654 0.0081091118 -0.0078827065 -0.018428808 -0.02132491 -0.020131012
0.09995016 0.10581305 0.11167595 0.11753884 0.12222339 0.11939833 0.11815469 0.11691104 0.1156674 0.11442376 0.1157297 0.11446636 0.11301922 0.11157207 0.11012492 0.10867777 0.11013853 0.11877084 0.12761453 0.13645823 0.14530192 0.15408925 0.15784365 0.16159805 0.16535244 0.16910684 0.17210365 0.16680835 0.15423112 0.14165388 0.12907665 0.11649942 0.10573112 0.098222321 0.090713526 0.083204732 0.075695938 0.066786647 0.067946874 0.069702607 0.07145834 0.073214073 0.074969805 0.07081595 0.066032703 0.061249457 0.05646621 0.052556607 0.041277305 0.024164762 0.00705222 -0.010060322 -0.026461186 -0.029357287 -0.028163389
0.088996413 0.094859307 0.1007222 0.10658509 0.11273963 0.11765867 0.11681218 0.11556854 0.11432489 0.11308125 0.1118376 0.11039722 0.10895007 0.10750292 0.10605577 0.10578348 0.11514616 0.12398985 0.13283354 0.14167724 0.15052093 0.15441174 0.15378491 0.1575393 0.1612937 0.1650481 0.1688025 0.16138628 0.14880905 0.13623182 0.12365459 0.11107736 0.11369802 0.10725909 0.099750298 0.092241504 0.084732709 0.077500114 0.079255847 0.08101158 0.082767313 0.084523046 0.083329093 0.078630704 0.073847458 0.069064212 0.064280965 0.058381969 0.044076102 0.02696356 0.0098510174 -0.007261525 -0.023401871 -0.027268481 -0.026074582
0.075679577 0.081542471 0.087405364 0.093762193 0.10069107 0.1056101 0.10916337 0.10922719 0.10798354 0.1067399 0.10549625 0.10405587 0.10260872 0.10116157 0.10277933 0.11254759 0.12191027 0.13075396 0.13959765 0.14844134 0.15129842 0.15272071 0.14952948 0.14802728 0.15178168 0.15553607 0.15929047 0.15187426 0.13929703 0.1267198 0.11648517 0.12267992 0.12532383 0.12156944 0.11560367 0.10809488 0.10058609 0.093353491 0.095109224 0.096864957 0.098620689 0.096954126 0.093052497 0.088354109 0.083570862 0.078787616 0.072507698 0.064089185 0.049783318 0.032670775 0.015558233 -0.00034660188 -0.013678466 -0.017545076 -0.016351178
0.062362741 0.068225634 0.074784753 0.081713627 0.088642501 0.093561539 0.097114808 0.10066808 0.10164219 0.10039855 0.099154904 0.097714515 0.096267365 0.099775181 0.10954344 0.1193117 0.12867438 0.13751807 0.14636176 0.14813345 0.1496074 0.15102969 0.14783845 0.14464721 0.14226965 0.14602405 0.14977844 0.14236223 0.129785 0.12191622 0.12811098 0.13430573 0.13694964 0.13319525 0.12944085 0.12394826 0.11643946 0.10920687 0.1109626 0.11271833 0.11057916 0.10667753 0.1027759 0.098077513 0.093294267 0.086633428 0.078214914 0.0697964 0.055490533 0.038377991 0.022708667 0.0093768024 -0.003955062 -0.0078216722 -0.0066277739
0.049045905 0.055807313 0.062736187 0.069665061 0.076593935 0.081512973 0.085066241 0.08861951 0.092172779 0.094057197 0.092813553 0.091373164 0.09677103 0.10653929 0.11630755 0.12607581 0.13543848 0.14349452 0.14496847 0.14644242 0.14791637 0.14933866 0.14614742 0.14295618 0.13976495 0.13657371 0.14026642 0.13285021 0.12734728 0.13354203 0.13973679 0.14593154 0.14857545 0.14482105 0.14106666 0.13731226 0.13229284 0.12506024 0.12681598 0.12420419 0.12030256 0.11640093 0.11249931 0.10780092 0.10075916 0.092340643 0.083922129 0.075503616 0.061197749 0.045763935 0.032432071 0.019100207 0.0057683422 0.0019017321 1.466202e-05
0.036829873 0.043758747 0.050687621 0.057616495 0.064545369 0.069464407 0.073017675 0.076570944 0.080124213 0.083677482 0.086472203 0.093766878 0.10353514 0.1133034 0.12307165 0.13283991 0.14032955 0.1418035 0.14327745 0.14475139 0.14622534 0.14764763 0.1444564 0.14126516 0.13807392 0.13488268 0.13169144 0.13277833 0.13897309 0.14516784 0.1513626 0.15755735 0.16020126 0.15644686 0.15269247 0.14893807 0.14518367 0.14091362 0.13782922 0.1339276 0.13002597 0.12612434 0.12222271 0.11488489 0.10646637 0.098047859 0.089629345 0.081210831 0.068819204 0.05548734 0.042155475 0.028823611 0.015491746 0.0080855418 0.0019170672
