P1_models/J1_p1__temp2_slide_260.dat.tif
NCOLS 118
NROWS 92
XLLCORNER 139.62
YLLCORNER -39.07
DX 0.099491525
DY 0.099347826
NODATA_VALUE -9999
[rows 0 to 26 of 92, columns 0 to 59 of 118]
-9999 -9999 -9999 -9999 -9999 -9999 -9999 -9999 -9999 -9999 -9999 -9999 -9999 -9999 -9999 -9999 -9999 -9999 -9999 -9999 -9999 -9999 -9999 -9999 -9999 -9999 -9999 -9999 -9999 -9999 -9999 -9999 -9999 -9999 -9999 -9999 -9999 -9999 -9999 -9999 -9999 -9999 -9999 -9999 -9999 -9999 -9999 -9999 -9999 -9999 -9999 -9999 -9999 -9999 -9999 -9999 -9999 -9999 -9999 -9999
-9999 1133.602 1134.0684 1134.5349 1135.0014 1135.4679 1135.9738 1135.6057 1136.0336 1137.8163 1139.599 1141.3817 1143.1644 1143.8232 1142.2537 1140.71 1139.1662 1137.6224 1136.0786 1134.0104 1130.7321 1127.4539 1124.1756 1120.8974 1118.1782 1119.3667 1123.4516 1129.9084 1136.3652 1142.8221 1149.2789 1151.6105 1145.9901 1140.3697 1134.7493 1129.1288 1126.213 1128.9986 1128.495 1127.4949 1126.4949 1125.4948 1124.4947 1131.0101 1140.0824 1148.2459 1156.4095 1164.573 1172.7365 1156.8591 1119.4645 1082.0699 1044.6753 1007.2807 974.91087 985.25874 1031.3393 1077.4199 1123.5004 1169.581
-9999 1136.4293 1136.8957 1137.3622 1137.8287 1138.3653 1138.946 1138.5779 1137.1149 1136.6697 1138.4524 1140.2351 1142.0178 1142.6766 1141.0847 1139.5033 1137.9595 1136.4158 1134.872 1132.8037 1129.5255 1126.2472 1122.969 1121.2486 1121.9948 1123.1833 1125.5577 1128.7142 1135.171 1141.6278 1148.0847 1150.4163 1144.7959 1139.1754 1133.555 1132.9675 1137.5863 1140.3719 1140.5348 1140.2715 1139.2714 1138.2713 1137.2713 1143.7866 1155.7046 1165.4745 1173.638 1181.8016 1189.9651 1174.8791 1155.775 1120.6065 1083.2119 1045.8173 1013.4475 998.48289 998.75943 1044.84 1090.9206 1137.0011
-9999 1139.2565 1139.723 1140.1895 1140.7568 1141.3375 1141.9181 1141.55 1140.087 1138.624 1137.3057 1139.0884 1140.8711 1141.5299 1139.9381 1138.3462 1136.7543 1135.2091 1133.6653 1131.5971 1128.3188 1125.0406 1124.319 1125.0652 1125.8114 1127 1129.3743 1131.7486 1134.1229 1140.4336 1146.8904 1149.2221 1143.6016 1137.9812 1139.722 1144.3408 1148.9595 1151.7451 1151.9081 1152.071 1152.0479 1151.0479 1150.0478 1156.5631 1168.4812 1180.3992 1190.8666 1199.0301 1207.1937 1192.1077 1173.0035 1153.8994 1121.7485 1084.3539 1051.9841 1037.0195 1022.0549 1012.2601 1058.3407 1104.4212
-9999 1142.0838 1142.5677 1143.1484 1143.729 1144.3096 1144.8903 1144.5222 1143.0592 1141.5962 1140.1332 1138.6701 1139.7245 1140.3833 1138.7914 1137.1996 1135.6077 1134.0158 1132.4586 1130.3904 1127.1121 1127.3894 1128.1356 1128.8818 1129.628 1130.8166 1133.1909 1135.5652 1137.9395 1140.3138 1145.6962 1148.0278 1142.4074 1146.4765 1151.0952 1155.714 1160.3328 1163.1184 1163.2813 1163.4443 1163.6072 1163.7702 1162.8244 1169.3397 1181.2577 1193.1758 1205.0938 1216.2587 1224.4223 1209.3363 1190.2321 1171.128 1152.0238 1122.8905 1090.5207 1075.5561 1060.5915 1045.6269 1030.6623 1071.8414
-9999 1144.9592 1145.5399 1146.1205 1146.7012 1147.2818 1147.8624 1147.4944 1146.0313 1144.5683 1143.1053 1141.6423 1140.1793 1139.2366 1137.6448 1136.0529 1134.4611 1132.8692 1131.2773 1129.7137 1130.4599 1131.206 1131.9522 1132.6984 1133.4446 1134.6332 1137.0075 1139.3818 1141.7561 1144.1304 1146.5047 1148.6122 1153.231 1157.8497 1162.4685 1167.0873 1171.706 1174.4916 1174.6546 1174.8175 1174.9805 1175.1435 1175.3064 1182.1162 1194.0343 1205.9523 1217.8704 1229.7884 1241.6508 1226.5648 1207.4607 1188.3565 1169.2524 1150.1482 1129.0573 1114.0927 1099.1281 1084.1635 1069.1989 1054.2343
-9999 1145.5318 1146.1124 1146.693 1147.2737 1147.8543 1148.5491 1148.2858 1146.8228 1145.3598 1143.8968 1142.4338 1140.9243 1139.753 1139.0901 1137.4982 1135.9063 1134.3145 1132.7226 1131.8377 1132.5839 1133.3301 1134.0763 1134.8225 1135.7063 1136.2505 1135.9 1138.2743 1140.6486 1143.0229 1145.3972 1148.5382 1153.1569 1157.7757 1162.3945 1167.0132 1171.1119 1173.2772 1173.4401 1173.6031 1173.766 1173.929 1168.168 1179.2857 1197.5424 1209.4605 1221.3785 1233.2966 1245.2146 1230.6819 1211.5777 1192.4736 1173.3694 1155.0869 1139.4496 1124.485 1109.5204 1094.5558 1079.5912 1076.0536
-9999 1145.7241 1146.3048 1146.8854 1147.466 1148.2187 1148.9951 1148.7319 1147.2688 1145.8058 1144.3428 1142.803 1141.2372 1140.0659 1139.6845 1139.3031 1137.7622 1136.1704 1134.5785 1133.6936 1134.4398 1135.186 1135.9322 1136.9176 1138.0335 1138.5778 1137.5896 1136.6014 1138.761 1141.1353 1143.5096 1146.6506 1151.2693 1155.8881 1160.5069 1164.3383 1167.9032 1170.0684 1170.2314 1170.3943 1170.5573 1162.6648 1153.6505 1164.7682 1190.3585 1211.5003 1223.4183 1235.3364 1247.2544 1232.7217 1213.6175 1194.5134 1176.8519 1161.0203 1145.3829 1130.4184 1115.4538 1100.4892 1100.4353 1103.8287
-9999 1145.9165 1146.4971 1147.112 1147.8884 1148.6647 1149.4411 1149.1779 1147.7148 1146.2473 1144.6816 1143.1158 1141.55 1140.3787 1139.9973 1139.6159 1139.2346 1138.0263 1136.4344 1135.5495 1136.2957 1137.0419 1138.1289 1139.2448 1140.3608 1140.905 1139.9169 1138.9287 1137.9405 1139.2477 1141.622 1144.7629 1149.3817 1154 1157.5648 1161.1296 1164.6944 1166.8597 1167.0227 1166.1759 1157.1616 1148.1473 1139.1331 1150.2507 1175.841 1201.4313 1225.4581 1237.3762 1249.2942 1234.7615 1215.6573 1198.6169 1182.7853 1166.9537 1151.3163 1136.3517 1121.4237 1124.8171 1128.2105 1131.6038
-9999 1146.1088 1146.7816 1147.558 1148.3344 1149.1107 1149.8871 1149.6239 1148.1259 1146.5602 1144.9944 1143.4286 1141.8629 1140.6916 1140.3102 1139.9288 1139.5474 1139.166 1138.2903 1137.4054 1138.2242 1139.3402 1140.4562 1141.5721 1142.6881 1143.2323 1142.2441 1141.256 1140.2678 1139.2796 1139.7344 1142.8753 1147.2264 1150.7912 1154.3561 1157.9209 1161.4857 1163.651 1160.6727 1151.6584 1142.6441 1133.6299 1124.6156 1135.7333 1161.3235 1186.9138 1212.5041 1238.0943 1251.334 1236.8013 1220.3819 1204.5503 1188.7187 1172.8871 1157.2497 1145.8055 1149.1988 1152.5922 1155.9856 1159.3789
-9999 1146.1887 1146.965 1147.7414 1148.5177 1149.2941 1150.0705 1149.696 1148.1302 1146.5644 1144.9987 1143.4329 1141.8671 1140.8791 1140.4978 1140.1164 1139.735 1139.3536 1138.9722 1139.0436 1140.1596 1141.2755 1142.3915 1143.5075 1144.6234 1146.1916 1145.2034 1144.2153 1143.2271 1142.2389 1141.2507 1141.8177 1145.3826 1148.9474 1152.5122 1156.0771 1159.6419 1156.9459 1147.9316 1138.9174 1129.9031 1120.8888 1111.8745 1122.9125 1148.5027 1174.093 1199.6833 1225.2735 1250.8638 1241.1361 1225.3045 1209.4729 1193.6413 1177.8098 1167.9838 1171.3771 1174.7705 1178.1639 1181.5573 1184.9506
-9999 1144.6508 1145.4272 1146.2036 1146.9799 1147.7563 1148.1916 1147.678 1146.1122 1144.5464 1142.9807 1141.4149 1140.3553 1139.7693 1139.829 1139.483 1139.1016 1138.7203 1138.3389 1138.4103 1139.5262 1140.6422 1141.7582 1142.8741 1144.5445 1147.1668 1151.6574 1151.3166 1150.3284 1149.3402 1148.352 1148.919 1152.4839 1156.0487 1159.6135 1163.1784 1161.3897 1155.8469 1146.8326 1137.8183 1128.804 1119.7898 1119.3999 1128.6416 1146.8014 1172.3917 1197.9819 1223.5722 1249.1625 1239.4348 1223.6032 1207.7716 1191.94 1182.0922 1179.1149 1182.5082 1185.9016 1189.295 1192.6884 1185.8853
-9999 1143.113 1143.8894 1144.6657 1145.3777 1145.7757 1146.1736 1145.66 1144.0942 1142.5284 1140.9883 1140.0799 1139.1714 1138.5854 1138.6451 1138.7048 1138.4683 1138.0869 1137.7055 1137.7769 1138.8929 1140.0088 1141.1248 1142.996 1144.9212 1147.5434 1152.0341 1156.5247 1157.4297 1156.4415 1155.4533 1156.0203 1159.5852 1163.15 1166.5232 1163.4069 1160.2906 1154.7478 1145.7336 1136.7193 1129.1121 1129.1944 1129.2768 1138.5184 1154.3445 1170.6903 1196.2806 1221.8709 1247.4611 1237.7335 1221.9019 1206.0703 1198.0397 1193.2233 1190.246 1193.6393 1197.0327 1199.5388 1191.7838 1184.0288
-9999 1141.5752 1142.3516 1142.9617 1143.3597 1143.7577 1144.1556 1143.642 1142.0762 1140.7129 1139.8044 1138.896 1137.9875 1137.4015 1137.4612 1137.5209 1137.5806 1137.4536 1137.0722 1137.1436 1138.2595 1139.5224 1141.4476 1143.3727 1145.2979 1147.9201 1152.4108 1156.9014 1161.392 1163.5428 1162.5546 1163.1216 1166.6865 1168.5404 1165.4241 1162.3079 1159.1916 1153.6488 1144.6345 1138.9066 1138.9889 1139.0713 1139.1536 1148.3952 1164.2214 1180.0475 1195.8736 1220.1695 1245.7598 1236.0321 1220.2005 1213.9873 1209.1708 1204.3544 1201.3771 1204.7704 1205.4372 1197.6822 1189.9272 1182.1722
-9999 1140.0374 1140.5458 1140.9437 1141.3417 1141.7396 1142.1376 1141.624 1140.4375 1139.529 1138.6205 1137.7121 1136.8036 1136.2176 1136.2773 1136.337 1136.3967 1136.4564 1136.4388 1136.5102 1137.9739 1139.8991 1141.8243 1143.7494 1145.6746 1148.2968 1152.7874 1157.2781 1161.7687 1166.2593 1169.6559 1170.2229 1170.5577 1167.4414 1164.3251 1161.2088 1158.0926 1152.5498 1148.7011 1148.7834 1148.8658 1148.9481 1149.0304 1158.2721 1174.0982 1189.9243 1205.7505 1221.5766 1244.0585 1234.7513 1229.9348 1225.1184 1220.3019 1215.4854 1212.5082 1211.3357 1203.5807 1195.8257 1188.0707 1180.3156
-9999 1138.2479 1138.6458 1139.0438 1139.4418 1139.8397 1140.2377 1139.6571 1138.7487 1137.8402 1136.9317 1136.0233 1135.1148 1134.9794 1135.1074 1135.1671 1135.2268 1135.2865 1135.3462 1135.97 1137.8951 1139.8203 1141.7455 1143.6706 1145.5958 1150.976 1156.6492 1161.1398 1165.6304 1170.121 1174.6116 1176.504 1173.3877 1170.2714 1167.1552 1164.0389 1160.9226 1156.4206 1156.503 1156.5853 1156.6676 1156.75 1156.8323 1166.2876 1182.1138 1197.9399 1213.766 1229.5922 1245.4183 1249.6926 1244.8761 1240.0597 1235.2432 1230.4268 1218.6918 1207.1936 1199.4386 1191.6836 1183.9286 1176.1735
-9999 1136.6224 1137.0203 1137.4183 1137.8163 1138.1195 1137.8862 1137.1896 1135.9582 1134.9781 1134.0697 1133.1612 1132.2527 1132.1173 1133.5301 1134.0299 1134.0896 1134.1493 1134.209 1134.8328 1136.7579 1138.6831 1140.6082 1142.5334 1143.7554 1148.8749 1164.5827 1173.0996 1177.5902 1182.0808 1186.5714 1188.4638 1185.3475 1182.2312 1179.1149 1175.5329 1161.3444 1154.663 1158.7215 1159.5657 1159.6481 1159.7304 1159.8127 1169.3956 1185.8044 1201.6306 1217.4567 1233.2828 1249.109 1261.7419 1268.671 1263.8545 1259.0381 1254.2216 1242.4867 1206.787 1189.9857 1182.2307 1174.4757 1166.7207
-9999 1134.9969 1135.3948 1135.7928 1135.9092 1135.6759 1135.4427 1134.7461 1133.5147 1132.2833 1131.2076 1130.2991 1129.3907 1129.2553 1130.6681 1132.0808 1132.9524 1133.0121 1133.0718 1133.6955 1135.6207 1137.5459 1139.3162 1140.4852 1141.6543 1146.7738 1162.4816 1178.1895 1189.55 1194.0406 1198.5312 1200.4236 1197.3073 1194.191 1187.8021 1173.6136 1159.425 1152.7436 1156.8022 1160.8608 1162.6285 1162.7108 1162.7932 1172.376 1188.7886 1205.2012 1221.1474 1236.9735 1252.7996 1265.4326 1277.5137 1287.6494 1282.8329 1278.0165 1266.2815 1230.5819 1194.8822 1172.7779 1165.0229 1157.2679
-9999 1133.3714 1133.7693 1133.6989 1133.4656 1133.2324 1132.9992 1132.3025 1131.0711 1129.8397 1128.6083 1127.4371 1126.5286 1126.3932 1127.806 1129.2188 1130.6316 1131.8749 1131.9345 1132.5583 1134.4835 1136.0461 1137.2151 1138.3841 1139.5532 1144.6727 1160.3805 1176.0884 1191.7962 1206.0004 1210.491 1212.3833 1209.2671 1200.0712 1185.8827 1171.6942 1157.5057 1150.8243 1154.8829 1158.9415 1163 1165.6913 1165.7736 1175.3564 1191.769 1208.1817 1224.5943 1240.6642 1256.4903 1269.1233 1281.2044 1293.2855 1305.3666 1301.8113 1290.0764 1254.3767 1218.677 1182.9773 1155.57 1147.815
-9999 1131.7218 1131.4886 1131.2553 1131.0221 1130.7889 1130.5556 1129.859 1128.6276 1127.3962 1126.1648 1124.9334 1123.702 1123.5311 1124.9439 1126.3567 1127.7695 1129.1823 1130.595 1131.4211 1132.7759 1133.945 1135.114 1136.283 1137.4521 1142.5716 1158.2794 1173.9873 1189.6951 1205.403 1221.1109 1224.3431 1212.3404 1198.1519 1183.9634 1169.7749 1155.5864 1148.905 1152.9636 1157.0222 1161.0807 1165.1393 1168.754 1178.3369 1194.7495 1211.1621 1227.5747 1243.9873 1260.181 1272.8139 1284.8951 1296.9762 1309.0573 1321.1384 1313.8713 1278.1716 1242.4719 1206.7722 1171.0725 1138.3622
-9999 1134.757 1134.5237 1134.2905 1134.0573 1133.824 1132.2613 1128.0553 1126.8239 1125.5925 1124.361 1123.1296 1122.0806 1122.7519 1123.3711 1124.7839 1126.1967 1127.6095 1129.0222 1130.3613 1131.5303 1132.6994 1133.8684 1135.0374 1136.2064 1138.9641 1148.4019 1164.1097 1179.8176 1195.5255 1211.2333 1216.7296 1202.5411 1188.3525 1174.164 1159.9755 1146.8969 1145.4025 1149.461 1153.5196 1157.5782 1161.6367 1168.1279 1181.1481 1197.2239 1213.6365 1230.0491 1246.4617 1262.8743 1275.5937 1287.6748 1299.7559 1311.837 1323.9182 1298.8152 1263.1156 1227.4159 1191.7162 1156.0165 1136.8074
-9999 1141.9248 1141.6916 1141.4583 1141.2251 1137.7235 1130.9402 1126.7342 1125.5028 1124.2713 1123.0399 1122.7425 1124.0506 1124.722 1124.1184 1124.1836 1125.5964 1127.0091 1128.4219 1129.761 1130.93 1132.099 1133.2681 1134.9955 1138.2091 1140.9701 1142.5181 1148.3663 1164.0741 1179.782 1195.4899 1200.9861 1186.7976 1172.6091 1158.4206 1147.576 1142.2001 1140.7056 1144.7642 1148.8228 1152.8813 1161.3605 1173.9788 1186.999 1200.3082 1215.7291 1232.1417 1248.5543 1264.9669 1277.6863 1289.7675 1301.8486 1310.3382 1283.3742 1254.4533 1218.7536 1183.0539 1147.3542 1139.5833 1164.1577
-9999 1149.0926 1148.8594 1148.6262 1143.1858 1136.4024 1129.6191 1125.4131 1124.1816 1122.9502 1123.4045 1124.7126 1126.0206 1126.692 1126.0885 1125.4849 1124.996 1126.4088 1127.8216 1129.1607 1130.3297 1131.4987 1133.7879 1137.0015 1140.215 1142.976 1144.5241 1146.0721 1148.3307 1164.0385 1179.7464 1185.2426 1171.0541 1156.8656 1148.2551 1142.8792 1137.5032 1136.0088 1140.0674 1144.1259 1154.5932 1167.2115 1179.8298 1192.85 1206.1592 1219.4683 1234.2344 1250.647 1267.0596 1279.779 1291.8601 1292.9402 1265.9762 1239.0123 1210.0913 1174.3916 1138.6919 1142.3591 1166.9335 1191.5079
-9999 1156.2605 1155.4314 1148.648 1141.8647 1135.0813 1128.2979 1124.0919 1122.8605 1124.0665 1125.3746 1126.6826 1127.9907 1128.6621 1128.0585 1127.4549 1126.8513 1126.2478 1127.2213 1128.5604 1129.7294 1132.5803 1135.7939 1139.0074 1142.221 1144.982 1146.53 1148.0781 1149.6261 1151.1741 1164.0029 1169.4992 1155.3107 1148.9342 1143.5582 1138.1823 1132.8064 1131.312 1135.3705 1147.8259 1160.4442 1173.0624 1185.6807 1198.7009 1212.0101 1225.3193 1238.6285 1252.7396 1269.1522 1281.8716 1275.5422 1248.5782 1221.6143 1194.6503 1165.7293 1130.0296 1145.135 1169.7094 1194.2838 1218.8582
-9999 1160.8937 1154.1103 1147.3269 1140.5436 1133.7602 1126.9768 1123.4204 1124.7285 1126.0365 1127.3446 1128.6527 1129.9607 1130.6321 1130.0285 1129.425 1128.8214 1128.2178 1127.6142 1128.1591 1131.3727 1134.5863 1137.7998 1141.0134 1144.227 1146.988 1148.536 1150.084 1151.6321 1153.1801 1154.7281 1154.9892 1149.6132 1144.2373 1138.8614 1133.4855 1128.1096 1128.4403 1141.0586 1153.6769 1166.2951 1178.9134 1191.5317 1204.5519 1217.8611 1231.1702 1244.4794 1257.7886 1271.2449 1258.1442 1231.1802 1204.2163 1177.2523 1150.2883 1123.3364 1147.9108 1172.4852 1197.0596 1221.634 1246.2084
-9999 1158.008 1151.2247 1144.4413 1137.6579 1130.8746 1125.3458 1122.7501 1123.0019 1124.3099 1125.618 1126.9261 1128.2341 1132.3257 1139.2872 1138.6836 1138.0801 1137.4765 1136.8729 1137.4236 1140.6371 1143.8507 1147.0643 1150.2779 1152.7294 1152.0889 1148.5376 1150.0856 1151.6336 1153.1817 1154.7297 1153.9127 1148.5368 1143.1609 1137.785 1132.409 1135.4867 1135.3685 1128.4866 1141.1049 1153.7232 1166.3414 1178.9597 1204.8154 1227.7102 1241.0194 1254.3285 1267.6377 1280.9469 1273.8722 1249.294 1222.33 1195.366 1168.4021 1147.4336 1152.8222 1177.3966 1201.971 1226.5454 1251.1198
-9999 1154.8226 1148.0392 1141.2558 1134.4725 1129.6166 1125.1069 1122.5113 1122.1247 1121.8749 1123.1829 1124.491 1125.7991 1129.8906 1139.5562 1149.2218 1148.7356 1148.1321 1147.5285 1148.0791 1151.2927 1154.5063 1157.7199 1159.5581 1160.5398 1159.8993 1154.9113 1149.9232 1151.251 1152.7991 1154.3471 1153.5301 1148.1542 1142.7783 1137.4024 1145.1054 1157.9752 1157.8571 1139.1578 1125.0021 1137.6204 1150.2386 1162.8569 1188.7126 1224.0844 1251.6348 1264.944 1278.2531 1291.5623 1284.4876 1273.89 1252.4176 1225.4536 1198.4897 1177.5212 1177.3204 1178.0075 1202.5819 1227.1563 1251.7307
