P1_models/J1_p1_vp_slide_diff_60.dat.tif
NCOLS 118
NROWS 92
XLLCORNER 139.62
YLLCORNER -39.07
DX 0.099491525
DY 0.099347826
NODATA_VALUE -9999
[rows 27 to 53 of 92, columns 0 to 59 of 118]
-9999 8.0374856 8.0404904 8.0437482 8.0485124 8.0532766 8.0580407 8.0624606 8.066483 8.0705054 8.0745278 8.0772654 8.0796504 8.08097 8.0801562 8.0793423 8.0785285 8.078618 8.0790697 8.0772745 8.0702955 8.0633165 8.0608022 8.0588345 8.0568667 8.0529224 8.0436807 8.0344389 8.0251972 8.023382 8.024559 8.0270854 8.0322127 8.0373401 8.041771 8.0461807 8.0505904 8.0529899 8.0525135 8.0520371 8.0515608 8.0508538 8.0501247 8.0471818 8.0426472 8.0381127 8.0344379 8.0358944 8.037351 8.0373745 8.0371503 8.0369261 8.0322406 8.022618 8.0141223 8.00953 8.0049378 8.0003455 7.9919174 7.9827914
-9999 8.0405001 8.0442786 8.0490428 8.053807 8.0585712 8.0633354 8.0677552 8.0717776 8.0758 8.0798224 8.0838447 8.087067 8.0883867 8.0875728 8.086759 8.0859451 8.0851313 8.0848731 8.0830779 8.0769293 8.0749615 8.0729937 8.0710259 8.0690582 8.0651139 8.0558721 8.0466304 8.0373886 8.0281469 8.0236905 8.0262168 8.0311835 8.0355932 8.0400029 8.0444125 8.0488222 8.0512217 8.0507453 8.050269 8.0497926 8.0493162 8.0486679 8.045725 8.0411904 8.0366559 8.0321213 8.0275868 8.0286389 8.0286623 8.0284381 8.0282139 8.0279897 8.0250877 8.016592 8.0119998 8.0074075 8.0028153 7.998223 7.9906553
-9999 8.0443102 8.0490744 8.0538385 8.0586027 8.0633669 8.0681311 8.0728096 8.076832 8.0808544 8.0848768 8.0888992 8.0929216 8.0952323 8.0944185 8.0936046 8.0927908 8.091977 8.0911631 8.0900003 8.0880326 8.0860648 8.084097 8.0821292 8.0801615 8.0759131 8.0666713 8.0574296 8.0481878 8.0389461 8.0297043 8.0251254 8.0295351 8.0339448 8.0383544 8.0427641 8.0471738 8.0501602 8.0496839 8.0492075 8.0487311 8.0482548 8.0477784 8.0449656 8.0404311 8.0358965 8.031362 8.0268274 8.0222929 8.0215632 8.021339 8.0211148 8.0208906 8.0206664 8.0186118 8.0140195 8.0094273 8.0048351 8.0002428 7.9956506
-9999 8.0449989 8.049763 8.0545272 8.0592914 8.0640556 8.0679779 8.0731865 8.0799095 8.0839319 8.0879543 8.0919767 8.0959991 8.0981672 8.0966221 8.0957499 8.0949361 8.0941222 8.0933084 8.0921456 8.0901778 8.0882101 8.0862423 8.0842745 8.0783148 8.0711263 8.065575 8.0567671 8.0475254 8.0382836 8.0290419 8.024463 8.0288727 8.0332823 8.037692 8.0421017 8.0474638 8.0518748 8.0544403 8.0539639 8.0534876 8.0530112 8.0525349 8.0498061 8.0454135 8.0408789 8.0363444 8.0318098 8.0272753 8.027274 8.0275188 8.0272946 8.0270704 8.0268462 8.0241627 8.0129605 8.0077428 8.0031506 7.9985583 7.9939661
-9999 8.0456875 8.0504517 8.0552159 8.0597963 8.0636257 8.0674552 8.0726638 8.0794641 8.0862644 8.0910317 8.0950541 8.0990765 8.1012447 8.0996996 8.0981544 8.0970814 8.0962675 8.0954537 8.0942909 8.0923231 8.0903553 8.0883876 8.0808256 8.0730263 8.0658378 8.0602865 8.0547352 8.0468629 8.0376211 8.0283794 8.0238005 8.0282102 8.0326199 8.037094 8.0426932 8.0482924 8.0527034 8.0554145 8.0581256 8.058244 8.0577677 8.0572913 8.0545625 8.0502146 8.0458613 8.0413268 8.0367922 8.0322577 8.0322564 8.0330387 8.0334745 8.0332503 8.0330261 8.0303426 8.0191403 8.0079381 8.0014661 7.9968739 7.9922816
-9999 8.0463762 8.0511404 8.0554441 8.0592736 8.063103 8.0669324 8.072141 8.0789414 8.0857417 8.092542 8.0981316 8.102154 8.1043221 8.102777 8.1012319 8.0996868 8.0984128 8.097599 8.0964362 8.0944684 8.0911357 8.0833364 8.0755371 8.0677378 8.0605494 8.0549981 8.0494468 8.0438955 8.0369587 8.0277169 8.0231381 8.0275477 8.0323234 8.0379226 8.0435218 8.049121 8.053532 8.0562431 8.0589543 8.0616654 8.0625241 8.0620477 8.059319 8.054971 8.0506231 8.0462751 8.0417746 8.0372401 8.0372388 8.0380211 8.0388034 8.0394301 8.0392059 8.0365224 8.0253202 8.014118 8.0029158 7.9951894 7.9905971
-9999 8.0470649 8.0510919 8.0549214 8.0587508 8.0625803 8.0664097 8.0716183 8.0784186 8.085219 8.0920193 8.0988196 8.1052314 8.1073996 8.1058545 8.1043094 8.1027643 8.1012192 8.0997442 8.0985815 8.0936466 8.0858473 8.078048 8.0702487 8.0624494 8.0552609 8.0497096 8.0441583 8.038607 8.0330557 8.0270545 8.0224756 8.0275528 8.033152 8.0387512 8.0443504 8.0499496 8.0543606 8.0570717 8.0597829 8.062494 8.0652051 8.0668042 8.0640754 8.0597275 8.0553795 8.0510316 8.0466836 8.0422225 8.0422212 8.0430035 8.0437857 8.044568 8.0453503 8.0427023 8.0315001 8.0202979 8.0090956 7.9978934 7.9889127
-9999 8.0450271 8.0488565 8.052686 8.0565154 8.0603449 8.0641743 8.0730143 8.0799773 8.0867776 8.0935779 8.1003782 8.1071786 8.1080251 8.1049685 8.1034234 8.1018783 8.1003332 8.0987881 8.0953518 8.0875525 8.0797532 8.0719539 8.0641546 8.0563553 8.0526555 8.0474049 8.0418536 8.0363023 8.030751 8.0251997 8.0234571 8.0290562 8.0346554 8.0402546 8.0458538 8.051453 8.0538655 8.0566094 8.0593205 8.0620317 8.0647428 8.0674539 8.0685653 8.0642173 8.0598694 8.0555214 8.0511734 8.0468255 8.0464955 8.0472778 8.04806 8.0488423 8.0496245 8.0487729 8.0386723 8.0274701 8.0162679 8.0050657 7.9938634
-9999 8.039967 8.0437965 8.0476259 8.0514554 8.0561555 8.0630059 8.0719545 8.0833246 8.0917689 8.0985693 8.1053696 8.1121699 8.1130164 8.10194 8.0960006 8.0944555 8.0929104 8.0913653 8.087929 8.0801297 8.0723304 8.0645311 8.0571471 8.0556591 8.0534529 8.0493218 8.0444699 8.0389186 8.0333673 8.027816 8.0260734 8.0316725 8.0372717 8.0428709 8.0476674 8.0486957 8.0506276 8.0538521 8.056729 8.0594402 8.0621513 8.0648625 8.0665896 8.0676093 8.0639195 8.0595715 8.0552236 8.0508756 8.0502399 8.0503841 8.0511664 8.0519486 8.0527309 8.0518792 8.045368 8.036279 8.0250768 8.0138746 8.0026724
-9999 8.034907 8.0387364 8.0425659 8.0482453 8.0550957 8.0619461 8.0708947 8.0822648 8.0936349 8.1035606 8.110361 8.1171613 8.1180078 8.1069314 8.095855 8.0870327 8.0854876 8.0839425 8.0805062 8.0727069 8.0649076 8.0594326 8.0579445 8.0564565 8.0542502 8.0501191 8.045988 8.0415349 8.0359836 8.0304323 8.0286897 8.0342888 8.039888 8.0434012 8.0444295 8.0454578 8.0473897 8.0506143 8.0538388 8.0568487 8.0595599 8.062271 8.0639981 8.0650178 8.0660375 8.0636217 8.0592737 8.0549258 8.0542901 8.0542959 8.0543018 8.055055 8.0558372 8.0549856 8.0484744 8.0419632 8.0338857 8.0226835 8.0114813
-9999 8.0298469 8.0336764 8.0403352 8.0471856 8.054036 8.0608864 8.0698349 8.081205 8.0925751 8.1039452 8.1153153 8.1221527 8.1229992 8.1119228 8.1008464 8.08977 8.0786936 8.0765197 8.0730834 8.0652841 8.061718 8.0602299 8.0587419 8.0572538 8.0550476 8.0509165 8.0467854 8.0426543 8.0385232 8.0330486 8.031306 8.0369051 8.039135 8.0401633 8.0411917 8.04222 8.0441518 8.0473764 8.0506009 8.0538255 8.0569684 8.0596795 8.0614067 8.0624264 8.0634461 8.0644658 8.0633239 8.0589759 8.0583402 8.0583461 8.058352 8.0583578 8.0589436 8.0580919 8.0515807 8.0450696 8.0385584 8.0314924 8.0202902
-9999 8.0255746 8.032425 8.0392754 8.0461258 8.0529762 8.0598266 8.0687751 8.0801452 8.0915153 8.1028854 8.1142555 8.1256256 8.1279905 8.1169141 8.1058377 8.0947613 8.083685 8.0726086 8.0656606 8.0640034 8.0625154 8.0610273 8.0595393 8.0580512 8.055845 8.0517139 8.0475828 8.0434517 8.0393206 8.0351895 8.0338406 8.0348689 8.0358972 8.0369255 8.0379538 8.0389821 8.040914 8.0441385 8.0473631 8.0505876 8.0538122 8.0570367 8.0588152 8.0598349 8.0608546 8.0618743 8.062894 8.0630261 8.0623904 8.0623962 8.0624021 8.062408 8.0624138 8.0611983 8.0546871 8.0481759 8.0416647 8.0351535 8.0286423
-9999 8.0262173 8.0330677 8.0399181 8.0467685 8.0536189 8.0573138 8.0625362 8.0739063 8.0852764 8.0966465 8.1080165 8.1177436 8.119468 8.1107511 8.0996747 8.0885983 8.0775219 8.0664455 8.0582685 8.0567804 8.0552924 8.0538043 8.0523162 8.0532513 8.0563647 8.0474838 8.0433527 8.0392216 8.0350905 8.0309595 8.0285906 8.0296189 8.0306473 8.0316756 8.0327039 8.035537 8.0403519 8.0435765 8.046801 8.0500256 8.0532501 8.0556631 8.0552843 8.0553192 8.0563389 8.0573586 8.0583783 8.059398 8.0595532 8.0595591 8.059565 8.0595708 8.0594417 8.0571962 8.050685 8.0441739 8.0376627 8.0311515 8.0298213
-9999 8.0274358 8.0342862 8.0411366 8.047987 8.0494274 8.0493232 8.0545456 8.0659157 8.0772858 8.0886559 8.0967316 8.1030079 8.1047323 8.0973413 8.089739 8.0786626 8.0675862 8.0565099 8.0483328 8.0468448 8.0453567 8.0438686 8.0477951 8.0561972 8.0593106 8.048249 8.0374223 8.0332912 8.0291601 8.025029 8.0226602 8.0236885 8.0247168 8.0257451 8.0299535 8.03588 8.0406949 8.0439194 8.047144 8.0503685 8.0523792 8.0540509 8.0536721 8.0518193 8.0511724 8.0521921 8.0532118 8.0542315 8.0543867 8.0543926 8.0543984 8.0540494 8.0530354 8.05079 8.0442788 8.0377676 8.0312565 8.0321438 8.0359165
-9999 8.0286543 8.0355047 8.0416452 8.041541 8.0414368 8.0413326 8.046555 8.0579251 8.0692952 8.0757197 8.081996 8.0882723 8.0899967 8.0826056 8.0752145 8.0678235 8.0576506 8.0465742 8.0383972 8.0369091 8.0354211 8.0423389 8.050741 8.0591431 8.0622564 8.0511948 8.0401332 8.0290716 8.0232297 8.0190986 8.0167298 8.0177581 8.0187864 8.02437 8.0302965 8.036223 8.0410378 8.0442624 8.0474237 8.0490954 8.050767 8.0524386 8.0520598 8.050207 8.0483542 8.0470255 8.0480452 8.0490649 8.0492202 8.0492261 8.0486571 8.0476432 8.0466292 8.0443838 8.0378726 8.0313614 8.0344663 8.038239 8.0420117
-9999 8.0298729 8.0337589 8.0336547 8.0335504 8.0334462 8.033342 8.0385644 8.0484315 8.0547078 8.060984 8.0672603 8.0735366 8.075261 8.0678699 8.0604789 8.0530878 8.0456968 8.0366386 8.0284615 8.0284807 8.0368828 8.0452848 8.0536869 8.0620889 8.0652023 8.0541407 8.0430791 8.0320175 8.0209559 8.0131682 8.0107994 8.01286 8.0187865 8.024713 8.0306394 8.0365659 8.0413808 8.0441399 8.0458115 8.0474831 8.0491547 8.0508264 8.0504476 8.0485948 8.046742 8.0448892 8.0430363 8.0438984 8.0440537 8.0432648 8.0422509 8.041237 8.040223 8.0379776 8.0330162 8.0367889 8.0405616 8.0443342 8.0481069
-9999 8.0252006 8.0250963 8.0249921 8.0248879 8.0247837 8.0246795 8.0290494 8.0353256 8.0416019 8.0478782 8.0541545 8.0604308 8.0628367 8.0554456 8.0480546 8.0406635 8.0332724 8.0258814 8.0232659 8.031668 8.04007 8.0484721 8.0568742 8.0652762 8.0688519 8.0577903 8.0467287 8.0356671 8.0246055 8.0135439 8.0082849 8.0142114 8.0201379 8.0260644 8.0319909 8.0379173 8.0400252 8.0416968 8.0433685 8.0450401 8.0467117 8.0483834 8.0473675 8.0455147 8.0436619 8.0418091 8.0399563 8.0381035 8.0372839 8.03627 8.0352561 8.0342422 8.0332282 8.0335297 8.0373024 8.0410751 8.0448478 8.0486205 8.0523932
-9999 8.0114703 8.0113661 8.0112618 8.0111576 8.0110534 8.024305 8.0328374 8.0345121 8.0407883 8.0470646 8.0533409 8.0596172 8.0628625 8.0600383 8.0530625 8.0456715 8.0382804 8.0308894 8.0282739 8.036676 8.045078 8.0534801 8.0618821 8.0674056 8.069505 8.0658017 8.0556859 8.0446243 8.0335627 8.0225011 8.017242 8.0231685 8.029095 8.0350215 8.040948 8.0436197 8.0412156 8.0329881 8.0346597 8.0363313 8.0380029 8.0396746 8.0366817 8.0313644 8.0295116 8.0276588 8.025806 8.0239532 8.0247623 8.0248361 8.0238222 8.0228083 8.0217944 8.0222438 8.027762 8.031718 8.0354907 8.0392634 8.0430361
-9999 7.99774 7.9976358 7.9975315 8.0004727 8.015014 8.0295552 8.0380876 8.039685 8.0412824 8.046251 8.0525273 8.0588036 8.062049 8.0592247 8.0564005 8.0506795 8.0432884 8.0358973 8.0332819 8.0416839 8.050086 8.0584881 8.0628747 8.067139 8.0692384 8.0655352 8.0618319 8.0535814 8.0425198 8.0314582 8.0261992 8.0321257 8.0380522 8.0437173 8.0456338 8.0475503 8.0451461 8.0365607 8.0279753 8.0276225 8.0292942 8.0309658 8.0279729 8.0216267 8.0153613 8.0135085 8.0116557 8.0098029 8.010612 8.0118813 8.0123883 8.0113744 8.0103605 8.0108099 8.0163281 8.0218464 8.0261336 8.0299063 8.033679
-9999 7.9840097 7.9839055 7.9911817 8.0057229 8.0202642 8.0348054 8.0433378 8.0449352 8.0465327 8.0481301 8.0517137 8.05799 8.0612354 8.0584111 8.0555869 8.0527627 8.0482964 8.0409053 8.0382899 8.0466919 8.0540794 8.0583438 8.0626081 8.0668725 8.0689719 8.0652686 8.0615653 8.0578621 8.051477 8.0404154 8.0351564 8.0410829 8.0457314 8.0476479 8.0495644 8.0514809 8.0490767 8.0404913 8.0319059 8.0233204 8.0205854 8.022257 8.0192641 8.0129179 8.0065718 8.0002256 7.9975054 7.9956526 7.9964617 7.997731 7.9990002 7.9999405 7.9989266 7.999376 8.0048942 8.0104125 8.0159307 8.0205492 8.0243219
-9999 7.9702794 7.9818906 7.9964319 8.0109731 8.0255144 8.0400556 8.0485881 8.0501855 8.0517829 8.0533803 8.0549777 8.0571764 8.0604218 8.0575975 8.0547733 8.0519491 8.0491248 8.0459133 8.0432978 8.0495485 8.0538128 8.0580772 8.0623416 8.0666059 8.0687053 8.0650021 8.0612988 8.0575955 8.0538922 8.0493725 8.0441135 8.0477455 8.049662 8.0515785 8.053495 8.0554115 8.0530073 8.0444219 8.0358364 8.027251 8.0186656 8.0135482 8.0105553 8.0042091 7.997863 7.9915168 7.9851707 7.9815023 7.9823114 7.9835807 7.9848499 7.9861191 7.9873884 7.9879421 7.9934604 7.9989786 8.0044968 8.0100151 8.0149648
-9999 7.9762124 7.9907536 8.0052949 8.0198361 8.0343774 8.0489187 8.0482708 8.0498682 8.0514656 8.053063 8.0546604 8.0562578 8.0566096 8.0555285 8.0527043 8.04988 8.0470558 8.0442316 8.0435508 8.0478152 8.0520796 8.0563439 8.0606083 8.0648727 8.0705177 8.0676127 8.0639094 8.0602061 8.0565028 8.0527996 8.0510158 8.0529323 8.0548488 8.0567652 8.0586817 8.0605982 8.05148 8.0428945 8.0343091 8.0257237 8.0171382 8.0090831 8.0058948 7.9995486 7.9932024 7.9868563 7.9805101 7.9741639 7.974311 7.9755802 7.9768494 7.9781186 7.9793879 7.9833292 7.9888474 7.9943657 7.9998839 8.0054021 8.0107158
-9999 7.9908169 8.0053582 8.0198995 8.0344407 8.0430008 8.0399815 8.0391054 8.0407028 8.0423002 8.0438976 8.0443022 8.0402038 8.0397344 8.0465323 8.0486401 8.0458158 8.0429916 8.0401674 8.0394866 8.043751 8.0480154 8.0522797 8.0571416 8.0664981 8.0732332 8.0729423 8.0710925 8.0673892 8.0636859 8.0599826 8.0581989 8.0601154 8.0620318 8.0639483 8.0628603 8.0514983 8.0412787 8.0326933 8.0241078 8.0155224 8.009398 8.0075393 8.0045955 8.0008717 7.9949755 7.9886293 7.9822831 7.975937 7.976084 7.9773532 7.9786224 7.9798917 7.9845538 7.9895563 7.9950745 8.0005928 8.006111 8.0107659 8.0135691
-9999 8.0054215 8.0199628 8.034504 8.0368547 8.0338354 8.0308161 8.02994 8.0315374 8.0331348 8.0315253 8.0274269 8.0233285 8.0228591 8.0296571 8.036455 8.0417516 8.0389274 8.0361032 8.0354224 8.0396868 8.0439512 8.0505006 8.0598571 8.0692136 8.0759487 8.0756579 8.075367 8.0745723 8.070869 8.0671657 8.0653819 8.0672984 8.0692149 8.064021 8.052659 8.0412971 8.0310774 8.022492 8.0139066 8.009713 8.0078542 8.0059954 8.0030516 7.9993278 7.9956041 7.9904023 7.9840562 7.97771 7.977857 7.9791262 7.9810738 7.9859274 7.990781 7.9957834 8.0013017 8.0068199 8.010816 8.0136192 8.0164223
-9999 8.0200261 8.033728 8.0307087 8.0276894 8.02467 8.0216507 8.0207746 8.022372 8.0187485 8.0146501 8.0105517 8.0064533 8.0059839 8.0127818 8.0195798 8.0263777 8.0331756 8.0320389 8.0313582 8.0356226 8.0438596 8.0532161 8.0625726 8.0719291 8.0786643 8.0783734 8.0780825 8.0777916 8.0775007 8.0743488 8.072565 8.0744815 8.0651816 8.0538197 8.0424578 8.0310958 8.0208762 8.0122908 8.0100279 8.0081691 8.0063103 8.0044515 8.0015078 7.997784 7.9940602 7.9903364 7.9858292 7.979483 7.97963 7.9824473 7.9873009 7.9921545 7.9970081 8.0020106 8.0075288 8.0108661 8.0136693 8.0164724 8.0192756
-9999 8.0275819 8.0245626 8.0215433 8.018524 8.0155046 8.0124853 8.0100701 8.0059717 8.0018733 7.9977749 7.9936765 7.9895781 7.9891087 7.9959066 8.0027046 8.0095025 8.0163004 8.0230983 8.0278621 8.0372186 8.0465751 8.0559316 8.0652881 8.0746446 8.0813798 8.0810889 8.080798 8.0805071 8.0802162 8.0799253 8.0777042 8.0663423 8.0549804 8.0436184 8.0322565 8.0208946 8.0122015 8.0103428 8.008484 8.0066252 8.0047664 8.0029077 7.9999639 7.9962401 7.9925163 7.9887926 7.9850688 7.981256 7.9838209 7.9886744 7.993528 7.9983816 8.0032352 8.008113 8.0109162 8.0137194 8.0165225 8.0193257 8.0221289
-9999 8.0227698 8.0197504 8.0167311 8.0137118 8.0106925 8.0072541 8.0033588 7.9992604 7.995162 7.9910636 7.9869652 7.986499 7.9868961 7.98355 7.990348 7.9971459 8.0039438 8.0107417 8.0183133 8.0276699 8.0370264 8.0463829 8.0557394 8.0622965 8.0661569 8.0731156 8.0728247 8.0725338 8.0722429 8.071952 8.0678797 8.0565177 8.0451558 8.0337939 8.0224319 8.0130629 8.0079171 8.0060583 8.0041995 8.0023407 8.000482 7.9991382 7.9980618 7.9956049 7.9918812 7.9881574 7.9844336 7.9807098 7.9842995 7.9891531 7.9940067 7.9988602 8.0034537 8.0070875 8.0098907 8.0126939 8.015497 8.0183002 8.0135985
