P1_models/J1_p1_vp_slide_diff2_60.dat.tif
NCOLS 118
NROWS 92
XLLCORNER 139.62
YLLCORNER -39.07
DX 0.099491525
DY 0.099347826
NODATA_VALUE -9999
[rows 24 to 47 of 92, columns 54 to 107 of 118]
-0.024724573 -0.033850611 -0.042976649 -0.052102687 -0.061228724 -0.070354762 -0.067238568 -0.055803261 -0.044367954 -0.032932647 -0.021497339 -0.012638313 -0.012870838 -0.013235882 -0.013600925 -0.013965969 -0.014331012 -0.012702815 -0.008320766 -0.003938717 0.00044333195 0.0048253809 0.0090085063 -0.0045737764 -0.018156059 -0.031738342 -0.045320625 -0.058902907 -0.058093184 -0.050828988 -0.043564793 -0.036300597 -0.029036402 -0.02989333 -0.045383785 -0.06087424 -0.076364695 -0.09185515 -0.1070046 -0.09896965 -0.09005716 -0.08114467 -0.072232181 -0.063319691 -0.069847816 -0.081870219 -0.093892622 -0.10591502 -0.11793743 -0.13522662 -0.15433735 -0.17344808 -0.19255881 -0.21166954
-0.024117225 -0.029732312 -0.03885835 -0.047984388 -0.057110426 -0.066236464 -0.06543613 -0.055568388 -0.044133081 -0.032697773 -0.021262466 -0.0098271589 -0.011790208 -0.012183671 -0.012548715 -0.012913758 -0.013278802 -0.011561432 -0.0071793835 -0.0027973345 0.0015847145 0.0059667634 0.0077729717 -0.008053019 -0.021635302 -0.035217584 -0.048799867 -0.06238215 -0.061705726 -0.05444153 -0.047177335 -0.039913139 -0.039571353 -0.046582239 -0.047910749 -0.063401204 -0.078891659 -0.094382114 -0.10914505 -0.10023256 -0.091320074 -0.082407584 -0.073495094 -0.072684626 -0.094747075 -0.1070562 -0.1190786 -0.131101 -0.1431234 -0.12944909 -0.13891003 -0.15802076 -0.17713149 -0.19624222
-0.02164748 -0.026239725 -0.030994441 -0.040120479 -0.049246517 -0.058372555 -0.057572221 -0.0500265 -0.040896878 -0.029461571 -0.018026264 -0.0065909563 -0.008554005 -0.010977438 -0.011717787 -0.01208283 -0.012447873 -0.010730504 -0.0063484552 -0.0019664062 0.0021199895 0.0040608113 0.0058031368 -0.010181772 -0.026166682 -0.039892851 -0.053475134 -0.067057416 -0.066380992 -0.059116797 -0.051852601 -0.054401315 -0.070071981 -0.077082867 -0.068489615 -0.066782835 -0.08227329 -0.097763745 -0.11252668 -0.10361419 -0.094701705 -0.085789215 -0.085811243 -0.086864097 -0.10892655 -0.13322659 -0.14682222 -0.15884462 -0.17086702 -0.15719271 -0.131268 -0.13792354 -0.15703427 -0.176145
-0.019177735 -0.02376998 -0.028362224 -0.032954469 -0.041382608 -0.050508646 -0.049708313 -0.042162591 -0.034616869 -0.026225368 -0.014790061 -0.0033547538 -0.0053178024 -0.0077412351 -0.010164668 -0.011251902 -0.011616945 -0.0098995758 -0.0055175268 -0.0017906671 0.00015015466 0.0020909764 0.0038333019 -0.012151607 -0.028136516 -0.044121426 -0.0581504 -0.071732683 -0.071056258 -0.063792063 -0.069231277 -0.084901943 -0.10057261 -0.1075835 -0.098990243 -0.090396991 -0.085654921 -0.10114538 -0.11590832 -0.10699583 -0.098083336 -0.09893786 -0.099990714 -0.10104357 -0.12310602 -0.14740606 -0.1717061 -0.18658824 -0.19861064 -0.18493633 -0.15901162 -0.13308691 -0.13693705 -0.15604778
-0.016707991 -0.021300235 -0.02589248 -0.030484724 -0.035076969 -0.042644737 -0.041844404 -0.034298682 -0.026752961 -0.019207239 -0.011553858 -0.00011855117 -0.0020815998 -0.0045050325 -0.0069284651 -0.0093518978 -0.010786017 -0.0090686475 -0.0057013237 -0.0037605019 -0.0018196802 0.00012114151 0.0018634671 -0.014121442 -0.030106351 -0.04609126 -0.06207617 -0.076407949 -0.075731525 -0.084061239 -0.099731905 -0.11540257 -0.13107324 -0.13808412 -0.12949087 -0.12089762 -0.11230437 -0.10452701 -0.11928995 -0.11101162 -0.11206448 -0.11311733 -0.11417019 -0.11522304 -0.13728549 -0.16158553 -0.18588557 -0.21018561 -0.22635427 -0.21267995 -0.18675524 -0.16083053 -0.13490583 -0.13595056
-0.014688211 -0.019280455 -0.0238727 -0.028464944 -0.033057189 -0.037649433 -0.037070581 -0.02952486 -0.021979138 -0.014433417 -0.0068876953 0.00065802627 -4.5829447e-05 -0.0024692621 -0.0048926948 -0.0073161274 -0.0097395601 -0.01024852 -0.0083076983 -0.0063668766 -0.0044260549 -0.0024852331 -0.00088623408 -0.015075382 -0.031060291 -0.047045201 -0.06303011 -0.079015019 -0.09478499 -0.11045566 -0.12612632 -0.14179699 -0.15746765 -0.1655169 -0.15692364 -0.14833039 -0.13973714 -0.13114389 -0.12283821 -0.12389107 -0.12494392 -0.12599677 -0.12704963 -0.12877665 -0.14937625 -0.17367629 -0.19797633 -0.22227637 -0.24657641 -0.23701574 -0.21109103 -0.18516632 -0.15924162 -0.13331691
-0.0091372952 -0.020339508 -0.025557174 -0.030149418 -0.034741663 -0.039333907 -0.046197585 -0.050189631 -0.042643909 -0.035098187 -0.027552466 -0.020006744 -0.011493837 -0.010315838 -0.012739271 -0.015162703 -0.017586136 -0.018095096 -0.016154274 -0.014213452 -0.012272631 -0.011065586 -0.011711554 -0.011502809 -0.023651057 -0.039635967 -0.055620876 -0.071605785 -0.087375756 -0.10304642 -0.11871709 -0.13438775 -0.15327771 -0.16485022 -0.15910084 -0.15050759 -0.14191434 -0.13332109 -0.12501541 -0.12606826 -0.12712112 -0.12817397 -0.1325687 -0.16555522 -0.15643001 -0.16857214 -0.19287218 -0.21717222 -0.24147226 -0.23264476 -0.20737246 -0.18144776 -0.15552305 -0.12959835
-0.0029574377 -0.01415965 -0.025361863 -0.031833892 -0.036426137 -0.041018382 -0.047882059 -0.05628927 -0.06330868 -0.055762958 -0.048217236 -0.040671515 -0.032158607 -0.023612466 -0.020585846 -0.023009279 -0.025432712 -0.025941672 -0.02400085 -0.022060028 -0.021235367 -0.021890905 -0.022536873 -0.022328129 -0.022119384 -0.032226732 -0.048211642 -0.064196551 -0.079966522 -0.095637188 -0.11130785 -0.13086855 -0.15186126 -0.16343378 -0.15803195 -0.15263012 -0.14409153 -0.13549828 -0.12719261 -0.12824546 -0.12929831 -0.13636076 -0.16934727 -0.20233378 -0.19320857 -0.17959832 -0.18776803 -0.21206807 -0.23636811 -0.22754061 -0.20292024 -0.17772919 -0.15180448 -0.12587978
0.0032224198 -0.0079797929 -0.019182006 -0.030384218 -0.038110611 -0.042702856 -0.049566533 -0.057973744 -0.066380956 -0.074788168 -0.068882007 -0.061336285 -0.052823378 -0.044277237 -0.035731096 -0.030855855 -0.033279288 -0.033788248 -0.031847426 -0.031405148 -0.032060686 -0.032716225 -0.033362193 -0.033153448 -0.032944704 -0.032735959 -0.040802408 -0.056787317 -0.072557288 -0.088227954 -0.10845939 -0.1294521 -0.15044481 -0.16201733 -0.1566155 -0.15121368 -0.14581185 -0.13767548 -0.1293698 -0.13042266 -0.14015281 -0.17313932 -0.20612583 -0.23911235 -0.22998714 -0.21637689 -0.20276664 -0.20696391 -0.23126395 -0.22243646 -0.19781608 -0.17319571 -0.14808592 -0.12216121
0.0094022774 -0.0017999354 -0.013002148 -0.024204361 -0.035406574 -0.04438733 -0.051251007 -0.059658219 -0.06806543 -0.076472642 -0.084879853 -0.082001056 -0.073488149 -0.064942007 -0.056395866 -0.047849725 -0.041125864 -0.041634823 -0.041574929 -0.042230467 -0.042886006 -0.043541544 -0.044187513 -0.043978768 -0.043770024 -0.043561279 -0.043352535 -0.049378083 -0.065148054 -0.086050233 -0.10704294 -0.12803566 -0.14902837 -0.16060088 -0.15519906 -0.14979723 -0.1443954 -0.13899358 -0.131547 -0.14394486 -0.17693137 -0.20991789 -0.2429044 -0.27589091 -0.2667657 -0.25315545 -0.2395452 -0.22593495 -0.2261598 -0.2173323 -0.19271193 -0.16809156 -0.14347119 -0.11844264
0.015472888 0.0053722897 -0.005829923 -0.017032136 -0.028234349 -0.039436561 -0.048440254 -0.056847466 -0.065254678 -0.073661889 -0.082069101 -0.090476312 -0.09203352 -0.083487379 -0.074941238 -0.066395097 -0.057848956 -0.053339327 -0.053994865 -0.054650404 -0.055305943 -0.055961481 -0.055628659 -0.057225417 -0.057016672 -0.056807928 -0.056599183 -0.056390439 -0.070683202 -0.091675914 -0.11266863 -0.13366134 -0.15465405 -0.16055845 -0.1555277 -0.15012587 -0.14472405 -0.13932222 -0.13506485 -0.16805136 -0.20103787 -0.23402439 -0.2670109 -0.29866735 -0.28954005 -0.2759298 -0.26231956 -0.24870931 -0.23509906 -0.21427811 -0.18965774 -0.16503737 -0.140417 -0.11579663
0.018579235 0.012068048 0.0029789895 -0.0082232232 -0.019425436 -0.030627649 -0.039472323 -0.046714951 -0.055030058 -0.06343727 -0.071844482 -0.080251693 -0.092734765 -0.098537279 -0.089991138 -0.081444997 -0.072898856 -0.068389227 -0.069044765 -0.069700304 -0.070355842 -0.069560317 -0.067960316 -0.07201788 -0.07425676 -0.074048015 -0.073839271 -0.073630526 -0.087923289 -0.108916 -0.12990871 -0.15090142 -0.1558918 -0.15824753 -0.15764157 -0.15333265 -0.14793082 -0.14252899 -0.13827162 -0.17125814 -0.20424465 -0.23723116 -0.26844474 -0.29729592 -0.28861251 -0.27560736 -0.26199711 -0.24838686 -0.23477661 -0.21411566 -0.18998451 -0.16536414 -0.14074377 -0.11612339
0.021685583 0.015174395 0.0086632081 0.00058568933 -0.010616523 -0.021818736 -0.030663411 -0.037906038 -0.045148666 -0.053212651 -0.061619863 -0.070027074 -0.082510145 -0.095133268 -0.10504104 -0.096494897 -0.087948756 -0.083439126 -0.084094665 -0.084750204 -0.083555325 -0.081891974 -0.080291973 -0.084349537 -0.088407102 -0.091288103 -0.091079358 -0.090870614 -0.10516338 -0.12615609 -0.14558214 -0.14958151 -0.15358089 -0.15593662 -0.15533066 -0.1547247 -0.1511376 -0.14573577 -0.1414784 -0.17446491 -0.20745142 -0.23822213 -0.26707331 -0.29592449 -0.28724108 -0.27456012 -0.26167466 -0.24806441 -0.23445416 -0.21379321 -0.18977098 -0.16569091 -0.14107053 -0.11645016
0.02479193 0.018280743 0.011769555 0.0052583681 -0.0018076109 -0.013009824 -0.021854498 -0.029097126 -0.036339754 -0.043582381 -0.051395243 -0.059802455 -0.072285526 -0.084908649 -0.097531772 -0.1101549 -0.10299866 -0.098489026 -0.099144565 -0.097550333 -0.095886982 -0.094223631 -0.092623629 -0.096681194 -0.10073876 -0.10479632 -0.10831945 -0.1081107 -0.12240346 -0.13927185 -0.14327123 -0.1472706 -0.15126997 -0.1536257 -0.15301974 -0.15241378 -0.15180782 -0.14894254 -0.14468517 -0.17767169 -0.20799952 -0.2368507 -0.26570188 -0.29455305 -0.28586965 -0.27318869 -0.26050773 -0.24774196 -0.23413171 -0.21347076 -0.18944853 -0.1654263 -0.1413973 -0.11677693
0.027898278 0.02138709 0.014875903 0.0083647155 0.0018535281 -0.0046576592 -0.013045586 -0.020288213 -0.027530841 -0.034773469 -0.042016096 -0.049577836 -0.062060907 -0.07468403 -0.087307153 -0.099930276 -0.1125534 -0.11320869 -0.11154534 -0.10988199 -0.10821864 -0.10655529 -0.10495529 -0.10901285 -0.11307042 -0.11712798 -0.12118555 -0.12524311 -0.13296157 -0.13696094 -0.14096031 -0.14495968 -0.14895905 -0.15131478 -0.15070882 -0.15010286 -0.1494969 -0.14889094 -0.14789195 -0.17777691 -0.20662809 -0.23547927 -0.26433045 -0.29318162 -0.28449822 -0.27181726 -0.2591363 -0.24645534 -0.23377438 -0.21314831 -0.18912608 -0.16510385 -0.14108163 -0.1170594
0.023896228 0.017385041 0.010873853 0.0043626661 -0.0021485213 -0.0034786943 -0.0085173462 -0.016944269 -0.024186897 -0.031429524 -0.038672152 -0.04591478 -0.058359164 -0.070982287 -0.08360541 -0.096228533 -0.1060517 -0.10765727 -0.10599392 -0.10433057 -0.10266722 -0.10100387 -0.11105189 -0.095324016 -0.09938158 -0.10343915 -0.10749671 -0.11155427 -0.11557204 -0.11957141 -0.12357078 -0.12757015 -0.13326874 -0.1555939 -0.17601599 -0.17541003 -0.17480407 -0.17419811 -0.17447035 -0.20332153 -0.2321727 -0.26102388 -0.28987506 -0.29985576 -0.28868778 -0.27600682 -0.26332586 -0.2506449 -0.23734409 -0.21659883 -0.1925766 -0.16855437 -0.14453214 -0.11929674
0.017490021 0.010978834 0.0044676464 -0.0020435409 -0.0011561723 0.0026165108 -0.0024221411 -0.013448467 -0.02269128 -0.029933908 -0.037176535 -0.044419163 -0.056863547 -0.06948667 -0.082109793 -0.090291784 -0.094451977 -0.096057549 -0.094394198 -0.092730847 -0.091872802 -0.10380165 -0.11538518 -0.096129067 -0.076892256 -0.080949821 -0.085007386 -0.08906495 -0.093082712 -0.097082083 -0.10108145 -0.10796059 -0.11980365 -0.14212881 -0.18334177 -0.21005802 -0.20945206 -0.2088461 -0.20911833 -0.23796951 -0.26682069 -0.29567187 -0.30288812 -0.30592613 -0.29475815 -0.28207719 -0.26939623 -0.25594208 -0.24207067 -0.22132541 -0.19730318 -0.17328095 -0.14782166 -0.12117744
0.011083814 0.0045726268 -0.0019385606 0.0011663497 0.0049390328 0.0087117159 0.003673064 -0.007353262 -0.018379588 -0.028438291 -0.035680919 -0.042923546 -0.055367931 -0.067991054 -0.074531869 -0.078692062 -0.082852255 -0.084457827 -0.082794476 -0.084277245 -0.096206095 -0.10813494 -0.11971848 -0.10046236 -0.081206244 -0.061950129 -0.062518061 -0.066575626 -0.070593388 -0.074592759 -0.08265245 -0.094495509 -0.10633857 -0.12866373 -0.16987668 -0.21108964 -0.24410005 -0.24349409 -0.24376632 -0.2726175 -0.30146867 -0.30592049 -0.30895849 -0.31199649 -0.30082852 -0.28814756 -0.27454008 -0.26066866 -0.24679725 -0.22605199 -0.20202976 -0.17634659 -0.14970236 -0.12305813
0.0046776071 -0.00028381139 0.0034888717 0.0072615548 0.011034238 0.014806921 0.0097682691 -0.0012580569 -0.012284383 -0.023310709 -0.034185302 -0.04142793 -0.053872314 -0.058771953 -0.062932146 -0.067092339 -0.071252532 -0.072858104 -0.076681689 -0.088610538 -0.10053939 -0.11246824 -0.12405177 -0.10479565 -0.085539537 -0.066283422 -0.047027307 -0.044086302 -0.048104063 -0.057344306 -0.069187364 -0.081030423 -0.092873481 -0.11519864 -0.1564116 -0.19762455 -0.23883751 -0.27814207 -0.27841431 -0.30591485 -0.30895285 -0.31199086 -0.31502886 -0.31806686 -0.30689889 -0.29313807 -0.27926666 -0.26539524 -0.25152383 -0.23077857 -0.20487152 -0.17822729 -0.15158306 -0.12493883
0.0002297444 0.0040024275 0.0077751106 0.011547794 0.015320477 0.01909316 0.016083771 0.0050574455 -0.0059688805 -0.016995206 -0.028021532 -0.039047858 -0.044702697 -0.04886289 -0.053023083 -0.057183276 -0.061343469 -0.068911548 -0.080840397 -0.092769247 -0.1046981 -0.11662695 -0.12766611 -0.11083918 -0.091583069 -0.072326954 -0.053070838 -0.033814723 -0.035830018 -0.047673077 -0.059516135 -0.071359193 -0.083202251 -0.10088872 -0.14210168 -0.18331464 -0.22452759 -0.26574055 -0.30581541 -0.30885341 -0.31189142 -0.31492942 -0.31796742 -0.32070536 -0.3095883 -0.29571689 -0.28184548 -0.26797406 -0.25410265 -0.23308966 -0.20644543 -0.17980121 -0.15315698 -0.12651275
-0.011056222 -0.0055379953 -0.0015819749 0.0021907082 0.0059633913 0.0097360744 0.013371983 0.013034442 0.0020081158 -0.0090182102 -0.020044536 -0.031070862 -0.044410256 -0.051704872 -0.055865065 -0.060025258 -0.064185451 -0.07175353 -0.083682379 -0.095611229 -0.10754008 -0.11779734 -0.12395515 -0.12481678 -0.11052532 -0.091269202 -0.072013087 -0.052756971 -0.054772267 -0.066615325 -0.078458383 -0.090301441 -0.098854988 -0.10708975 -0.12142 -0.16263296 -0.20384591 -0.24505887 -0.28513373 -0.28817173 -0.29120974 -0.29424774 -0.29616636 -0.28939684 -0.29067896 -0.28209715 -0.26822573 -0.25435432 -0.24048291 -0.22617256 -0.20570561 -0.17906138 -0.15241715 -0.12577293
-0.0224901 -0.016971873 -0.011453647 -0.0071663774 -0.0033936943 0.00037898882 0.0040148973 0.0075578616 0.0099851121 -0.0010412139 -0.01206754 -0.023093866 -0.03643326 -0.049852134 -0.058707047 -0.06286724 -0.067027433 -0.074595512 -0.086524361 -0.098453211 -0.10786926 -0.11408638 -0.12024419 -0.12110582 -0.12196746 -0.11021145 -0.090955335 -0.07169922 -0.073714515 -0.085557573 -0.097400632 -0.10527979 -0.1117719 -0.12000666 -0.13138155 -0.14275643 -0.18316423 -0.22437719 -0.26445205 -0.26749005 -0.27052806 -0.27162737 -0.26485785 -0.25808833 -0.25937044 -0.26151009 -0.25460599 -0.24073458 -0.22686316 -0.21255282 -0.19803323 -0.17832156 -0.15167733 -0.1250331
-0.033923977 -0.028405751 -0.022887525 -0.017369298 -0.01275078 -0.0089780967 -0.0053421883 -0.001799224 0.0017437403 0.0052867046 -0.0040905435 -0.01511687 -0.028456264 -0.041875138 -0.055294012 -0.065709222 -0.069869414 -0.077437493 -0.089366343 -0.09794119 -0.1041583 -0.11037542 -0.11653323 -0.11739487 -0.1182565 -0.11911813 -0.10989758 -0.090641468 -0.092656764 -0.10449982 -0.1117046 -0.1181967 -0.1246888 -0.13292357 -0.14429846 -0.15567334 -0.16704822 -0.20369551 -0.24377037 -0.24680837 -0.24708837 -0.24031885 -0.23354933 -0.22677981 -0.22806193 -0.23020157 -0.23234121 -0.22711484 -0.21324342 -0.19893308 -0.18441348 -0.16989389 -0.15093751 -0.12429328
-0.045357855 -0.039839629 -0.034321403 -0.028803176 -0.02328495 -0.018335182 -0.014699274 -0.01115631 -0.0076133453 -0.004070381 -0.00052741673 -0.0071398732 -0.020479268 -0.033898142 -0.047317016 -0.06073589 -0.072711396 -0.080279475 -0.088013117 -0.094230232 -0.10044735 -0.10666446 -0.11282227 -0.11368391 -0.11454554 -0.11540718 -0.11626881 -0.10958372 -0.11159901 -0.1181294 -0.12462151 -0.13111361 -0.13760571 -0.14584048 -0.15721536 -0.16859025 -0.17996513 -0.19134002 -0.22308869 -0.22254938 -0.21577986 -0.20901034 -0.20224082 -0.1954713 -0.19675341 -0.19889305 -0.2010327 -0.20317234 -0.19962368 -0.18531334 -0.17079374 -0.15627415 -0.14175455 -0.12355345
