P1_models/J1_p1_tot_conduct_slide_102.59.dat.tif
NCOLS 118
NROWS 92
XLLCORNER 139.62
YLLCORNER -39.07
DX 0.099491525
DY 0.099347826
NODATA_VALUE -9999
[rows 0 to 25 of 92, columns 58 to 115 of 118]
-4.2211577 -4.2101031 -4.1886051 -4.1362411 -4.0621239 -3.957396 -3.8224188 -3.6915757 -3.5185319 -3.3321621 -3.1379654 -2.9376123 -2.7331019 -2.5362685 -2.3538674 -2.1961504 -2.0690223 -1.9887045 -1.9339823 -1.9498556 -1.9875345 -2.0926451 -2.2287258 -2.4036099 -2.5857756 -2.7847587 -2.9789065 -3.1708055 -3.3320973 -3.4692259 -3.5632391 -3.6121499 -3.6270935 -3.6039795 -3.5695362 -3.4894492 -3.3999976 -3.2946536 -3.2083341 -3.1439573 -3.1127844 -3.0807591 -3.019319 -2.9955902 -3.0365573 -3.085531 -3.1323505 -3.0555369 -3.0161304 -3.0278353 -3.0298913 -3.0298913 -3.0709347 -3.0722757 -3.0310582 -2.9576189 -2.8873895 -9999
-4.3504322 -4.32899 -4.2821581 -4.2164541 -4.1199554 -3.9963827 -3.8286327 -3.684774 -3.4983145 -3.2870748 -3.0869655 -2.874797 -2.6690755 -2.4711611 -2.2932917 -2.1497794 -2.0359332 -1.9717194 -1.9389337 -1.9665703 -2.0281995 -2.1416166 -2.2946622 -2.4762828 -2.667868 -2.8668511 -3.0609989 -3.2435025 -3.399868 -3.5237328 -3.6104416 -3.6397362 -3.6481157 -3.6221751 -3.5746158 -3.4926816 -3.4032299 -3.2999316 -3.2219456 -3.1613192 -3.1479651 -3.1168548 -3.052478 -3.0287492 -3.0721408 -3.1189603 -3.1657799 -3.0803385 -3.0328451 -3.04455 -3.0486277 -3.0486277 -3.093985 -3.1092277 -3.0725115 -3.0176012 -2.9550325 -9999
-4.4711458 -4.4324547 -4.3689878 -4.2904419 -4.1666459 -4.0304996 -3.8632726 -3.6863988 -3.4721191 -3.2556455 -3.0409533 -2.8279379 -2.6179002 -2.4264045 -2.255058 -2.1270322 -2.0220134 -1.9804691 -1.9555035 -2.0070969 -2.0735103 -2.2006384 -2.3531609 -2.5462915 -2.7418558 -2.9408388 -3.1237469 -3.3033971 -3.4438558 -3.5545988 -3.6264538 -3.6395324 -3.6336799 -3.5920467 -3.5420392 -3.4614995 -3.3739272 -3.2744357 -3.1984646 -3.1399402 -3.130358 -3.1297285 -3.0653516 -3.043881 -3.0907006 -3.1364739 -3.1832934 -3.0975739 -3.042125 -3.0538298 -3.0573845 -3.0573845 -3.0953986 -3.1186962 -3.089434 -3.0449904 -2.9864659 -9999
-4.5563619 -4.5131748 -4.4445186 -4.3587435 -4.2012056 -4.0304996 -3.8670386 -3.692608 -3.4783284 -3.2612506 -3.0360856 -2.8225756 -2.6179002 -2.4321092 -2.2736857 -2.1545285 -2.0592688 -2.0215232 -2.0113867 -2.0832417 -2.1554159 -2.2935985 -2.4445244 -2.6332208 -2.8190126 -3.0091405 -3.1791122 -3.3530711 -3.4786865 -3.5659786 -3.6140353 -3.543963 -3.4287751 -3.3953705 -3.3495528 -3.2910284 -3.2062777 -3.066609 -2.9932989 -2.953663 -2.9530252 -2.9564746 -3.0091466 -2.9942071 -3.0361836 -3.0771507 -3.1212011 -3.0684764 -3.017288 -3.0242994 -3.0263383 -3.0263383 -2.9735682 -2.982093 -2.9619186 -2.9333692 -2.8871181 -9999
-4.6285834 -4.584365 -4.5134724 -4.4244537 -4.2606825 -4.0669358 -3.8935128 -3.7221663 -3.5110118 -3.2947592 -3.0717106 -2.8557754 -2.6559796 -2.4781406 -2.3244099 -2.2202214 -2.1317845 -2.1068221 -2.1055715 -2.1803069 -2.2655517 -2.4037344 -2.5543013 -2.7396491 -2.9088835 -3.0912847 -3.2444723 -3.4067089 -3.5179053 -3.5707974 -3.6082337 -3.5227198 -3.3354417 -3.2610635 -3.2214321 -3.1573735 -3.0687793 -2.9186359 -2.8580136 -2.8346038 -2.8461706 -2.857262 -2.9147105 -2.962866 -3.0069898 -3.0536249 -3.094592 -3.0387414 -3.0050503 -3.0109027 -3.01 -3.01 -2.9572299 -2.9141226 -2.8958122 -2.8650744 -2.8299597 -9999
-4.6844666 -4.6402481 -4.5693556 -4.4803368 -4.3159167 -4.1169336 -3.9445342 -3.7780494 -3.5692971 -3.3568516 -3.136923 -2.924077 -2.7361486 -2.56507 -2.42136 -2.3211823 -2.2493274 -2.2358518 -2.2421748 -2.3195571 -2.4083642 -2.5465469 -2.6971138 -2.8668347 -3.0288732 -3.1844232 -3.3281426 -3.4688013 -3.5422879 -3.5894251 -3.5949524 -3.4976191 -3.3044885 -3.2232337 -3.1655489 -3.0953196 -3.0035682 -2.868962 -2.809625 -2.7973483 -2.8150763 -2.8386343 -2.9030112 -2.9608839 -3.0194083 -3.0660434 -3.1070105 -3.0480792 -3.0112595 -3.0171119 -3.0153373 -3.01 -2.9572299 -2.9130127 -2.8896029 -2.8588651 -2.8237505 -9999
-4.7028293 -4.6586109 -4.5877183 -4.5098422 -4.3503596 -4.1555635 -4.0049334 -3.8444691 -3.6394191 -3.4511043 -3.2382837 -3.0459792 -2.8693379 -2.71632 -2.5891702 -2.500931 -2.4421759 -2.4367757 -2.4484588 -2.5248925 -2.6101373 -2.7423105 -2.8713162 -3.0257273 -3.1852183 -3.3026392 -3.4359945 -3.5335668 -3.5910253 -3.6080529 -3.5906997 -3.4610113 -3.2635713 -3.1814674 -3.1043057 -3.0299155 -2.927094 -2.8048552 -2.754591 -2.7524796 -2.7974372 -2.8253666 -2.895041 -2.9679423 -3.0334082 -3.0838219 -3.1196134 -3.0551376 -3.0174687 -3.0233212 -3.0215465 -3.0156941 -2.9572299 -2.9121635 -2.8855821 -2.8526559 -2.8126647 -9999
-4.7089706 -4.6647522 -4.6079208 -4.5346112 -4.3677341 -4.1739875 -4.0390502 -3.9008676 -3.7387669 -3.5611792 -3.3733856 -3.2002619 -3.0417631 -2.9102844 -2.7942109 -2.7226868 -2.6674137 -2.6665474 -2.6797222 -2.748561 -2.8248793 -2.9442126 -3.0622333 -3.202692 -3.3101365 -3.4206826 -3.4995882 -3.5940897 -3.6174995 -3.5952061 -3.5565149 -3.3970099 -3.1921744 -3.095843 -3.0186739 -2.9350718 -2.8397677 -2.7285713 -2.7247079 -2.7247079 -2.7806506 -2.8384198 -2.9294975 -3.0069153 -3.0771446 -3.1392882 -3.1744028 -3.0825868 -3.0409402 -3.0467926 -3.0434487 -3.0375962 -2.9896138 -2.9384517 -2.9091895 -2.8616142 -2.8206471 -9999
-4.6854678 -4.6523039 -4.6001477 -4.5408205 -4.3597946 -4.136732 -4.0289926 -3.9257045 -3.8088966 -3.660527 -3.5086715 -3.3492837 -3.2387375 -3.1203215 -3.0363712 -2.9724871 -2.934411 -2.9358571 -2.9529287 -3.0137291 -3.0856673 -3.1796315 -3.2868735 -3.3889691 -3.4787232 -3.5572859 -3.5904686 -3.6437637 -3.6350548 -3.5923823 -3.515 -3.3224595 -3.0307342 -2.937471 -2.863443 -2.7932137 -2.7031644 -2.7076851 -2.7265585 -2.7433356 -2.8232603 -2.9005121 -3.0351183 -3.1250746 -3.2245661 -3.300279 -3.3544708 -3.1869546 -3.1154511 -3.1213035 -3.1157153 -3.1058979 -3.0879738 -3.050218 -3.0041855 -2.9463739 -2.8889487 -9999
-4.6172503 -4.588121 -4.5528786 -4.4998218 -4.3560483 -4.1316146 -4.0411856 -3.958276 -3.8858405 -3.7699045 -3.6420483 -3.5141328 -3.4324223 -3.3509722 -3.2808653 -3.2501449 -3.2216271 -3.2292684 -3.2460339 -3.2858722 -3.3489042 -3.4303172 -3.5034708 -3.5834071 -3.6261896 -3.6882601 -3.6818771 -3.7010008 -3.6741617 -3.593307 -3.5022391 -3.290943 -2.9738629 -2.8541911 -2.7823845 -2.7121552 -2.668237 -2.6819273 -2.7245744 -2.7520004 -2.8511928 -2.9451016 -3.0871084 -3.2081652 -3.3076567 -3.3754434 -3.4392392 -3.2598844 -3.1506159 -3.1542536 -3.1466265 -3.1349216 -3.11241 -3.084327 -3.0354423 -2.9754423 -2.9110654 -9999
-4.5121484 -4.4900391 -4.4650236 -4.4283688 -4.3010429 -4.117769 -4.0438643 -3.9941186 -3.9402615 -3.8749987 -3.759798 -3.6660277 -3.6107546 -3.565263 -3.5210445 -3.5095924 -3.5095924 -3.5231941 -3.5380708 -3.5681914 -3.607522 -3.6793769 -3.733349 -3.7743161 -3.79285 -3.8094319 -3.7872352 -3.7623538 -3.6979769 -3.6080801 -3.497534 -3.2712379 -2.9493535 -2.8279718 -2.7456147 -2.6760329 -2.6339941 -2.6515514 -2.7015965 -2.760121 -2.8673039 -2.9817849 -3.1283647 -3.2566099 -3.3561015 -3.418134 -3.470806 -3.2841324 -3.160822 -3.160822 -3.1531949 -3.14149 -3.1173686 -3.0831899 -3.0305179 -2.9705179 -2.9061411 -9999
-4.3453613 -4.3472266 -4.3382813 -4.329021 -4.2349175 -4.0929321 -4.0432968 -4.0127463 -3.9950627 -3.9433161 -3.8542974 -3.7697599 -3.7587053 -3.7239007 -3.7073217 -3.7118132 -3.733125 -3.7435964 -3.7491849 -3.7602395 -3.7932115 -3.8540119 -3.896875 -3.9047101 -3.9025338 -3.8963612 -3.8500853 -3.8120277 -3.7280456 -3.6147452 -3.4789062 -3.2526101 -2.9307258 -2.8093441 -2.726987 -2.6626101 -2.6215756 -2.6629482 -2.7312732 -2.8035856 -2.9191152 -3.0376681 -3.1898316 -3.3187023 -3.3976262 -3.4459662 -3.4894337 -3.2923596 -3.1670312 -3.1670312 -3.1594041 -3.1476992 -3.1235779 -3.0893991 -3.0367272 -2.9767272 -2.9123503 -9999
-4.1293763 -4.1399243 -4.1533424 -4.1645049 -4.0934433 -4.0122873 -4.0249409 -4.0138863 -3.9974879 -3.9921748 -3.9031561 -3.8853102 -3.8749448 -3.8794034 -3.8719262 -3.8948499 -3.9594729 -3.9838749 -3.9894634 -4.0005181 -4.0118936 -4.072694 -3.9592013 -3.9573166 -3.9421942 -3.9175365 -3.8657239 -3.8464365 -3.746945 -3.6206827 -3.481019 -3.2019637 -2.8796932 -2.7583115 -2.6889164 -2.6245395 -2.6153134 -2.6650499 -2.7401795 -2.8221137 -2.917213 -3.0417034 -3.1938669 -3.3425974 -3.4119234 -3.4508167 -3.4767632 -3.3109874 -3.1797215 -3.1785199 -3.1688539 -3.157149 -3.1038632 -3.0696845 -3.0180645 -2.960253 -2.90139 -9999
-3.8832279 -3.9163917 -3.9477821 -3.9844369 -3.9711405 -3.950195 -3.9712372 -4.0014678 -4.0186234 -4.0276191 -4.0223827 -4.0198031 -4.036385 -4.0464668 -4.0519941 -4.115924 -4.2264701 -4.2508722 -4.2564607 -4.2524006 -4.2348135 -4.0468851 -3.9281551 -3.9164503 -3.8954992 -3.8678626 -3.8674693 -3.8712735 -3.7490379 -3.6178378 -3.4686005 -3.1895452 -2.803284 -2.6939402 -2.6330332 -2.6015162 -2.600673 -2.6650499 -2.7401795 -2.8221137 -2.9049294 -2.9982633 -3.1972463 -3.3402669 -3.3870864 -3.4157412 -3.4332986 -3.2953402 -3.1967908 -3.1909383 -3.1812723 -3.1695675 -3.0926759 -3.0276286 -2.9808091 -2.929225 -2.876553 -9999
-3.6437684 -3.6872001 -3.7442667 -3.79871 -3.8425459 -3.8484898 -3.9124228 -3.9592855 -4.0245115 -4.0481344 -4.0622333 -4.0651451 -4.0903049 -4.1044621 -4.1132237 -4.2057331 -4.3293574 -4.3535666 -4.3534442 -4.3423896 -4.292159 -4.0724285 -3.9491024 -3.9306758 -3.9005127 -3.8691194 -3.865659 -3.8662802 -3.7395884 -3.5997604 -3.4505231 -3.1810839 -2.8021834 -2.7029002 -2.6466279 -2.6338192 -2.6346268 -2.7159575 -2.7988439 -2.8787033 -2.9465332 -3.037873 -3.2317504 -3.3720196 -3.4075302 -3.42094 -3.4351056 -3.2914883 -3.1978913 -3.1920389 -3.1823729 -3.170668 -3.0937765 -3.024327 -2.9775075 -2.9343519 -2.8856699 -9999
-3.3963952 -3.446141 -3.5198804 -3.59319 -3.6704671 -3.7175946 -3.8127194 -3.9011563 -3.9841605 -4.0466375 -4.0681847 -4.0895904 -4.1184723 -4.1408276 -4.1518822 -4.2504252 -4.3941351 -4.4199638 -4.4197189 -4.4048012 -4.3468822 -4.1176318 -3.9708076 -3.9473978 -3.9095503 -3.8708591 -3.8580435 -3.849215 -3.7146088 -3.5806988 -3.4315217 -3.1700536 -2.8013497 -2.712864 -2.6701382 -2.6638882 -2.6860118 -2.7796509 -2.86453 -2.9406118 -2.9979145 -3.0762312 -3.2693618 -3.3992621 -3.4282141 -3.4359559 -3.4418083 -3.2974589 -3.1998841 -3.1940316 -3.1823729 -3.170668 -3.0937765 -3.024327 -2.9775075 -2.9363447 -2.8953776 -9999
-3.1513373 -3.201083 -3.2804474 -3.379939 -3.4761007 -3.5785077 -3.6920031 -3.8150549 -3.9248666 -4.0135215 -4.0554127 -4.0895904 -4.1282815 -4.1545059 -4.1710878 -4.2732678 -4.4272511 -4.4530797 -4.4528349 -4.4307257 -4.3667518 -4.1235503 -3.9708076 -3.9473978 -3.9059746 -3.8576127 -3.8334272 -3.8094758 -3.6748697 -3.5409597 -3.4083043 -3.1550345 -2.8079729 -2.730066 -2.7032542 -2.7091066 -2.7404832 -2.8516796 -2.9342021 -3.0002204 -3.0425105 -3.102724 -3.2958546 -3.4231324 -3.4348373 -3.4425791 -3.4484315 -3.304082 -3.2065073 -3.2006548 -3.1871753 -3.170668 -3.0937765 -3.024327 -2.9775075 -2.938016 -2.9020008 -9999
-2.9675116 -3.0145821 -3.0917101 -3.1879358 -3.289372 -3.4202703 -3.5891934 -3.7268296 -3.8404086 -3.9820428 -4.0365861 -4.1288839 -4.1748112 -4.2162142 -4.2385235 -4.3461835 -4.399073 -4.4010598 -4.3959033 -4.373794 -4.3070521 -4.0311995 -3.8061084 -3.7853122 -3.743889 -3.7025824 -3.6783969 -3.6636443 -3.537074 -3.42951 -3.3185598 -3.1752821 -2.8743518 -2.8002137 -2.7936731 -2.80328 -2.8588533 -2.9541887 -3.023102 -3.0744337 -3.1040839 -3.1573771 -3.337333 -3.4245165 -3.4362213 -3.4439631 -3.4450883 -3.2367025 -3.1391277 -3.1332753 -3.1197957 -3.1068161 -3.0790414 -3.009592 -2.9682189 -2.9331043 -2.9024177 -9999
-2.8088351 -2.8530535 -2.924822 -3.0190771 -3.1445262 -3.2859089 -3.4570738 -3.6339477 -3.7992741 -3.954936 -4.0660834 -4.1683451 -4.2291455 -4.2776397 -4.3052762 -4.3213539 -4.3324086 -4.3298615 -4.3229072 -4.2986786 -4.2140835 -3.854834 -3.6263801 -3.6088228 -3.5734475 -3.5347563 -3.5205928 -3.5092864 -3.4156473 -3.3359259 -3.2530163 -3.1164642 -2.9233336 -2.8920881 -2.8877724 -2.9179811 -2.9622782 -3.0383599 -3.0931577 -3.1399772 -3.1672183 -3.2044153 -3.3384539 -3.4256374 -3.4373423 -3.44 -3.44 -3.216056 -3.0667704 -3.060918 -3.051252 -3.0395471 -3.02241 -2.9982453 -2.9631306 -2.9328009 -2.9035387 -9999
-2.7236533 -2.7474965 -2.8152713 -2.9011016 -3.0240811 -3.1617241 -3.3392254 -3.5221814 -3.7043989 -3.8680066 -3.9989165 -4.1072492 -4.1901588 -4.2429917 -4.2804392 -4.2941586 -4.3013624 -4.2969512 -4.2856518 -4.2524879 -4.1644095 -3.8327711 -3.6042209 -3.5715674 -3.528213 -3.4788732 -3.4498524 -3.4285663 -3.3456266 -3.2789441 -3.2281793 -3.104134 -2.9357521 -2.9185728 -2.9250278 -2.9601425 -3.0057428 -3.0767626 -3.1254865 -3.1648142 -3.1843065 -3.2168338 -3.3455875 -3.4318466 -3.4381107 -3.44 -3.44 -3.2111547 -3.0605612 -3.06 -3.0485593 -3.0333378 -3.0209431 -2.9982453 -2.9631306 -2.935344 -2.9097479 -9999
-2.6960242 -2.7116181 -2.7592658 -2.8335804 -2.9450389 -3.0740862 -3.2327376 -3.420666 -3.6032508 -3.7775379 -3.9084478 -4.0309992 -4.1147824 -4.1844999 -4.2246824 -4.2445459 -4.2500732 -4.2419988 -4.2236205 -4.1904567 -4.0793416 -3.7493459 -3.5551643 -3.5150845 -3.4661817 -3.4052141 -3.3727329 -3.3348401 -3.2587584 -3.2097729 -3.1683424 -3.0985293 -2.9425175 -2.9309912 -2.9552045 -2.9903191 -3.0402494 -3.1092075 -3.1556631 -3.1818495 -3.1949859 -3.2221735 -3.3509272 -3.4357976 -3.44 -3.44 -3.44 -3.2111547 -3.06 -3.0584995 -3.0450199 -3.030668 -3.0182733 -2.9982453 -2.9644816 -2.9388834 -2.9185295 -9999
-2.6985177 -2.6929904 -2.7263061 -2.7839065 -2.8853475 -3.0057846 -3.1614373 -3.3275274 -3.5101122 -3.6849731 -3.8211194 -3.9463073 -4.0402715 -4.1121623 -4.1563808 -4.1762442 -4.1817715 -4.1651321 -4.1429004 -4.0830508 -3.9753554 -3.6934628 -3.4992812 -3.4407567 -3.3784031 -3.3120755 -3.2704266 -3.2299455 -3.183126 -3.1490327 -3.1435054 -3.0736924 -2.9507911 -2.9521819 -2.9800414 -3.0209316 -3.0696675 -3.1340444 -3.1705014 -3.1880587 -3.1997392 -3.2224755 -3.3570816 -3.44 -3.44 -3.44 -3.44 -3.2111547 -3.0581427 -3.0522902 -3.0423729 -3.030668 -3.0182733 -2.999953 -2.9706908 -2.9485053 -2.9309479 -9999
-2.7691979 -2.7430769 -2.7564293 -2.7946058 -2.8809305 -2.9903095 -3.1245168 -3.280006 -3.4351378 -3.6027177 -3.7231548 -3.8479649 -3.9419291 -4.0140713 -4.0582897 -4.0711946 -4.0709704 -4.0502723 -4.0055642 -3.9171273 -3.8112088 -3.5450339 -3.343958 -3.2732626 -3.2131815 -3.1494283 -3.1314528 -3.0998278 -3.0711478 -3.0811929 -3.1107246 -3.0761708 -2.9879161 -3.0052302 -3.038417 -3.0793841 -3.1278686 -3.273983 -3.3622183 -3.3853173 -3.3969978 -3.388747 -3.1984562 -3.2811232 -3.2811232 -3.2811232 -3.2811232 -3.202834 -3.0578913 -3.0520389 -3.0423729 -3.030668 -3.0593167 -3.0446899 -3.0195943 -2.9961845 -2.9759362 -9999
-2.8712995 -2.8364684 -2.8246784 -2.8508604 -2.9077652 -3.0072567 -3.1144348 -3.2526175 -3.3844943 -3.5288986 -3.6375339 -3.7445589 -3.8314128 -3.8938563 -3.9366049 -3.9411335 -3.9356062 -3.8983416 -3.8394893 -3.7428596 -3.6332221 -3.3897033 -3.198698 -3.1226162 -3.0597789 -2.9989785 -2.9928635 -2.9821501 -2.9762977 -3.0205159 -3.0641236 -3.0607383 -3.0022139 -3.0326841 -3.0766311 -3.1149806 -3.2010523 -3.3824781 -3.4651291 -3.4943913 -3.5071985 -3.4989477 -3.3058171 -3.1872079 -3.1872079 -3.1872079 -3.1872079 -3.1117108 -3.0578913 -3.0520389 -3.0423729 -3.030668 -3.064901 -3.0777477 -3.0549417 -3.0337203 -3.0103106 -9999
-3.0079028 -2.958157 -2.9410258 -2.9410258 -2.9891056 -3.0519423 -3.1459238 -3.2464082 -3.3578725 -3.4730154 -3.5620342 -3.6514203 -3.717748 -3.7696715 -3.7917807 -3.7900503 -3.7679567 -3.7130158 -3.6407936 -3.5357748 -3.4158988 -3.222443 -3.0620947 -2.986013 -2.9241641 -2.8685845 -2.8706419 -2.8765931 -2.9126418 -2.9646328 -3.0364878 -3.0437636 -3.0084231 -3.0407386 -3.0890496 -3.1241642 -3.2072616 -3.3886873 -3.4697541 -3.4881821 -3.5009892 -3.4927384 -3.2996078 -3.1809986 -3.1809986 -3.1809986 -3.1809986 -3.1087317 -3.0578913 -3.0520389 -3.0423729 -3.030668 -3.0710434 -3.0911267 -3.0735694 -3.052348 -3.0289383 -9999
-3.1556651 -3.0999709 -3.0673727 -3.0590014 -3.0805446 -3.1336611 -3.1820504 -3.2677209 -3.3308208 -3.4313734 -3.4853086 -3.5604826 -3.603767 -3.6361493 -3.641543 -3.6219008 -3.5928663 -3.529952 -3.4473086 -3.3422897 -3.2283443 -3.0676468 -2.9248771 -2.8546203 -2.815455 -2.7687619 -2.7956875 -2.810581 -2.8587825 -2.9394555 -3.0275 -3.0439731 -3.0108636 -3.0469479 -3.096083 -3.1261615 -3.2082602 -3.3838011 -3.4567473 -3.4726783 -3.4843588 -3.4766613 -3.288188 -3.1695788 -3.1695788 -3.1695788 -3.1695788 -3.1025225 -3.0526807 -3.0468283 -3.0447894 -3.0358786 -3.076254 -3.0993332 -3.0847981 -3.0694292 -3.047566 -9999
