P1_models/J1_p1_vp_slide_diff2_180.dat.tif
NCOLS 118
NROWS 92
XLLCORNER 139.62
YLLCORNER -39.07
DX 0.099491525
DY 0.099347826
NODATA_VALUE -9999
[rows 24 to 47 of 92, columns 0 to 54 of 118]
-9999 0.20562346 0.20858651 0.21154957 0.21451262 0.21747567 0.22043873 0.22232428 0.22260824 0.2228922 0.22317616 0.22346012 0.22374408 0.22405767 0.22443059 0.22480352 0.22517645 0.22554938 0.2259223 0.22474737 0.21453042 0.20431347 0.19409652 0.18387957 0.17366262 0.16437614 0.15758357 0.150791 0.14399842 0.13720585 0.13041328 0.12484335 0.12321034 0.12157733 0.11994432 0.11831131 0.1166783 0.114017 0.111575 0.10913299 0.10669099 0.10424899 0.10180699 0.10386506 0.10915819 0.11445131 0.11974443 0.12503756 0.13015554 0.1296019 0.12767763 0.12575335 0.12382908 0.12190481 0.12141834
-9999 0.1989328 0.20189586 0.20485891 0.20782196 0.21078502 0.21804442 0.22443867 0.2253983 0.22568226 0.22596622 0.22625018 0.22653414 0.22550054 0.2228936 0.22326652 0.22363945 0.22401238 0.22438531 0.22155601 0.21133906 0.20112211 0.19090516 0.18068821 0.17232356 0.16432656 0.14989274 0.14310016 0.13630759 0.12951502 0.12272244 0.11769221 0.1160592 0.11442619 0.11279318 0.11116017 0.10862844 0.10658584 0.10575559 0.10331358 0.10087158 0.098429578 0.095987576 0.094234316 0.096681094 0.10197422 0.10726734 0.11256047 0.11785359 0.12627408 0.12593662 0.12401234 0.12208807 0.1201638 0.11813421
-9999 0.19050494 0.19346799 0.19643104 0.1993941 0.20895822 0.21970755 0.22610179 0.22746972 0.22875021 0.22903416 0.22931812 0.22960208 0.22856849 0.22489642 0.22122436 0.22155103 0.22192396 0.22229689 0.21946759 0.20925064 0.19903369 0.18881674 0.18194256 0.17715039 0.16915338 0.15256663 0.13597987 0.12885735 0.12206478 0.1152722 0.11024197 0.10860896 0.10697595 0.10534294 0.10231947 0.098746715 0.096704109 0.096850602 0.096621556 0.094179553 0.091737551 0.089295549 0.087542289 0.086284158 0.087348527 0.092641651 0.097934774 0.1032279 0.11164839 0.12060938 0.12233759 0.12041332 0.11848905 0.11645946
-9999 0.18207707 0.18504012 0.18912269 0.19987202 0.21062135 0.22137067 0.22776492 0.22913284 0.23050077 0.2318687 0.23238607 0.23267003 0.23163643 0.22796437 0.2242923 0.22062024 0.21983554 0.22020847 0.21737918 0.20716223 0.19694528 0.19156156 0.18676939 0.18197721 0.17398021 0.15739345 0.1408067 0.12421994 0.11461453 0.10782196 0.10279173 0.10115872 0.099525706 0.096010503 0.092437746 0.088864988 0.086822382 0.086968875 0.087115368 0.08726186 0.085045524 0.082603521 0.080850262 0.07959213 0.078333999 0.07801596 0.083309083 0.088602207 0.097022701 0.10598369 0.11494468 0.11873857 0.1168143 0.11478471
-9999 0.1736492 0.18003649 0.19078582 0.20153514 0.21228447 0.2230338 0.22942804 0.23079597 0.2321639 0.23353182 0.23489975 0.23573797 0.23470438 0.23103231 0.22736025 0.22368818 0.22001611 0.21812005 0.21529076 0.20597274 0.20118056 0.19638839 0.19159621 0.18680404 0.17880703 0.16222028 0.14563352 0.12904677 0.11246001 0.10037172 0.095341485 0.093274292 0.089701534 0.086128777 0.082556019 0.078983262 0.076940656 0.077087148 0.077233641 0.077380134 0.077526626 0.075911494 0.074158234 0.072900103 0.071641972 0.07038384 0.069125709 0.073976516 0.08239701 0.091357998 0.10031899 0.10927998 0.11513955 0.11310996
-9999 0.1700413 0.18079062 0.19153995 0.20228927 0.2130386 0.22378792 0.23021329 0.23158121 0.23294914 0.23431707 0.23568499 0.23705292 0.23615181 0.23247974 0.22880767 0.22513561 0.22146354 0.21779148 0.2137807 0.20898853 0.20419635 0.19940418 0.194612 0.18981983 0.18306412 0.16647737 0.14989061 0.13330386 0.1167171 0.10013035 0.08798875 0.084415993 0.080843235 0.077270477 0.07369772 0.070124962 0.068971387 0.06911788 0.069264373 0.069410865 0.069557358 0.069703851 0.068777087 0.067518956 0.066260824 0.065002693 0.063744561 0.06248643 0.068652497 0.077613485 0.086574474 0.095535462 0.10449645 0.11095061
-9999 0.16331228 0.1740616 0.18481093 0.19556026 0.20630958 0.21159025 0.21765292 0.22513946 0.22650738 0.22787531 0.22924324 0.23061117 0.22887625 0.2209277 0.21691447 0.2132424 0.20957034 0.20589827 0.2018875 0.19709533 0.19230315 0.18751098 0.1827188 0.17502471 0.16759599 0.16446268 0.1494575 0.13287074 0.11628399 0.099697235 0.087555636 0.083982878 0.080410121 0.076837363 0.073264606 0.066378574 0.066372522 0.076892587 0.07703908 0.077185573 0.077332065 0.077478558 0.075672085 0.072929396 0.071671265 0.070413133 0.069155002 0.06789687 0.066823328 0.071123113 0.080084101 0.08904509 0.098006078 0.10448755
-9999 0.15658326 0.16733259 0.17808191 0.18763745 0.19231453 0.19699161 0.20305429 0.21071611 0.21837794 0.22143356 0.22280148 0.22416941 0.22243449 0.21448595 0.2065374 0.2013492 0.19767714 0.19400507 0.1899943 0.18520212 0.18040995 0.17561777 0.16675897 0.15772762 0.1502989 0.14716559 0.14403228 0.13243763 0.11585088 0.099264121 0.087122522 0.083549764 0.079977006 0.07617997 0.068469209 0.060758447 0.060752395 0.071769023 0.082785651 0.08496028 0.085106773 0.085253265 0.083446793 0.080236358 0.077081705 0.075823573 0.074565442 0.073307311 0.072233768 0.071192127 0.073593729 0.082554718 0.091515706 0.097997179
-9999 0.14985424 0.16060357 0.16836174 0.17303882 0.1777159 0.18239298 0.18845565 0.19611748 0.20377931 0.21144113 0.21635973 0.21772766 0.21599274 0.20804419 0.20009565 0.19214711 0.18578393 0.18211187 0.1781011 0.17330892 0.16752456 0.15849322 0.14946188 0.14043053 0.13300181 0.1298685 0.12673519 0.12360188 0.11541776 0.098831006 0.086689407 0.08311665 0.078270605 0.070559843 0.062849081 0.055138319 0.055132267 0.066148895 0.077165523 0.088182151 0.09288148 0.093027972 0.0912215 0.088011065 0.084800631 0.081590197 0.079975882 0.078717751 0.077644208 0.076602568 0.075560927 0.076064345 0.085025334 0.091506807
-9999 0.14312522 0.14908602 0.1537631 0.15844019 0.16311727 0.16779435 0.17385702 0.18151885 0.18918067 0.1968425 0.20450432 0.2112859 0.20955098 0.20160244 0.19365389 0.18570535 0.17775681 0.17021866 0.16620789 0.15925882 0.15022747 0.14119613 0.13216479 0.12313344 0.11570472 0.11257141 0.1094381 0.10630479 0.10317148 0.098397892 0.086256293 0.080361239 0.072650477 0.064939715 0.057228953 0.049518191 0.049512139 0.060528767 0.071545395 0.082562023 0.093578651 0.10080268 0.098996207 0.095785773 0.092575338 0.089364904 0.086154469 0.084128191 0.083054649 0.082013008 0.080971367 0.079929726 0.078888086 0.085016435
-9999 0.13096275 0.13563983 0.14031691 0.14499399 0.14967107 0.15434815 0.16498413 0.17285398 0.1805158 0.18817763 0.19583946 0.20350128 0.20308217 0.19376141 0.18581287 0.17786432 0.16991578 0.16196724 0.15369127 0.14465993 0.13562858 0.12659724 0.1175659 0.10853455 0.10244562 0.098443796 0.095310488 0.092177179 0.08904387 0.085910562 0.081213745 0.073502983 0.065792221 0.05808146 0.050370698 0.042659936 0.042503945 0.052744017 0.063760645 0.074777273 0.085793901 0.096810529 0.10189661 0.098686179 0.095475744 0.09226531 0.089054876 0.085844441 0.084983099 0.083941459 0.082899818 0.081858177 0.080816536 0.079693345
-9999 0.11941723 0.12409431 0.12877139 0.13344847 0.13919844 0.14759797 0.15836778 0.17187318 0.18163736 0.18929918 0.19696101 0.20462283 0.20420372 0.18760207 0.17566405 0.16771551 0.15976697 0.15181842 0.14354246 0.13451111 0.12547977 0.11644843 0.10774566 0.1037068 0.098799336 0.091563772 0.086410218 0.08327691 0.080143601 0.077010293 0.072313476 0.064602714 0.056891952 0.04918119 0.043234148 0.045566971 0.04646706 0.045317418 0.052405837 0.063422465 0.074439093 0.085455721 0.09111815 0.092931514 0.090337086 0.087126652 0.083916217 0.080705783 0.080273444 0.08012715 0.079085509 0.078043869 0.077002228 0.075879036
-9999 0.10787172 0.1125488 0.11722588 0.12418256 0.13258209 0.14098162 0.15175143 0.16525683 0.17876223 0.19042073 0.19808256 0.20574438 0.20532527 0.18872362 0.17212197 0.1575667 0.14961815 0.14166961 0.13339364 0.1243623 0.11533096 0.10813824 0.10409938 0.10006052 0.095153054 0.087917491 0.080681928 0.07437664 0.071243332 0.068110023 0.063413206 0.055702444 0.047991683 0.044864439 0.047197262 0.049530085 0.050430174 0.049280532 0.048130891 0.052067656 0.063084284 0.074100912 0.079763341 0.081576705 0.083390069 0.081987993 0.078777559 0.075567124 0.075134786 0.075182577 0.075230368 0.07422956 0.073187919 0.072064728
-9999 0.096326206 0.10100329 0.10916668 0.11756621 0.12596574 0.13436527 0.14513508 0.15864048 0.17214589 0.18565129 0.19915669 0.20686593 0.20644682 0.18984517 0.17324352 0.15664186 0.14004021 0.1315208 0.12324483 0.11421349 0.10853082 0.10449196 0.1004531 0.096414242 0.091506773 0.08427121 0.077035647 0.069800083 0.06256452 0.059209754 0.054512937 0.046802175 0.04649473 0.048827553 0.051160376 0.0534932 0.054393288 0.053243647 0.052094005 0.050944363 0.051729475 0.062746103 0.068408533 0.070221897 0.072035261 0.073848625 0.073638901 0.070428466 0.069996127 0.070043919 0.07009171 0.070139502 0.069373611 0.068250419
-9999 0.085751268 0.0941508 0.10255033 0.11094986 0.11934939 0.12774892 0.13851873 0.15202413 0.16552954 0.17903494 0.19254034 0.20604575 0.20756837 0.19096672 0.17436507 0.15776341 0.14116176 0.12456011 0.11309602 0.10892339 0.10488454 0.10084568 0.09680682 0.092767961 0.087860492 0.080624929 0.073389365 0.066153802 0.058918239 0.051682675 0.045792198 0.048125021 0.050457844 0.052790668 0.055123491 0.057456314 0.058356403 0.057206761 0.056057119 0.054907478 0.053757836 0.052608194 0.057053724 0.058867088 0.060680452 0.062493816 0.06430718 0.065289808 0.064857469 0.06490526 0.064953052 0.065000843 0.065048635 0.064436111
-9999 0.085827577 0.094227108 0.10262664 0.11102617 0.1194257 0.12280302 0.12764251 0.14114791 0.15465331 0.16815872 0.18166412 0.19343163 0.19812018 0.19075294 0.17415128 0.15754963 0.14094797 0.12434632 0.11154347 0.10750461 0.10346575 0.099426894 0.095388035 0.090476149 0.083961127 0.079216312 0.071980748 0.064745185 0.057509622 0.050274058 0.046306743 0.048639566 0.05097239 0.053305213 0.055638036 0.058890229 0.061258866 0.060109224 0.058959582 0.057809941 0.056660299 0.055645577 0.054829182 0.05575944 0.057572804 0.059386168 0.061199532 0.063012896 0.063320861 0.063368652 0.063416444 0.063464235 0.062679081 0.05752022
-9999 0.088167434 0.096566965 0.1049665 0.11336603 0.1131552 0.11048605 0.11532554 0.12883094 0.14233634 0.15584175 0.16586266 0.17398019 0.17866873 0.17649053 0.17348587 0.15688421 0.14028256 0.12368091 0.11087805 0.1068392 0.10280034 0.098761479 0.092771827 0.08516968 0.078654657 0.075053401 0.07132894 0.064093377 0.056857814 0.04962225 0.045654935 0.047987758 0.050320581 0.052653405 0.056606096 0.061433965 0.063802602 0.06265296 0.061503319 0.060353677 0.059405832 0.058514354 0.057697958 0.056935539 0.057254459 0.059067823 0.060881187 0.062694551 0.063002516 0.063050307 0.063098099 0.060956576 0.054714193 0.049555332
-9999 0.090507291 0.098906822 0.10617652 0.10350737 0.10083823 0.098169082 0.10300856 0.11651397 0.13001937 0.13829369 0.14641122 0.15452875 0.15921729 0.15703909 0.15486089 0.15268269 0.13961715 0.12301549 0.11021264 0.10617378 0.10213492 0.095067505 0.087465357 0.07986321 0.073348187 0.069746931 0.066145675 0.062544419 0.056206005 0.048970442 0.045003127 0.04733595 0.049668773 0.054321964 0.059149833 0.063977701 0.066346338 0.065196697 0.064057565 0.063166087 0.062274608 0.06138313 0.060566735 0.059804315 0.059041896 0.058749478 0.060562842 0.062376206 0.062684171 0.062731962 0.05923407 0.052991688 0.046749305 0.041590444
-9999 0.092847149 0.096528694 0.093859548 0.091190403 0.088521257 0.085852111 0.090691594 0.10260719 0.11072472 0.11884225 0.12695978 0.13507731 0.13976585 0.13758765 0.13540945 0.13323125 0.13105305 0.12235008 0.10954723 0.10496533 0.097363182 0.089761035 0.082158888 0.07455674 0.068041717 0.064440461 0.060839205 0.057237949 0.053636694 0.048318634 0.044351319 0.047209964 0.052037832 0.056865701 0.061693569 0.066521437 0.068890075 0.06781782 0.066926342 0.066034863 0.065143385 0.064251906 0.063435511 0.062673092 0.061910672 0.061148253 0.060385834 0.062057861 0.062365826 0.057511565 0.051269182 0.0450268 0.038784417 0.033625556
-9999 0.0892191 0.086549955 0.083880809 0.081211664 0.078542518 0.075873372 0.077022124 0.085139654 0.093257184 0.10137471 0.10949224 0.11760977 0.12248569 0.12030749 0.11812929 0.11595109 0.11377289 0.11159468 0.10777636 0.10017422 0.092572068 0.084969921 0.077367773 0.069765626 0.064256165 0.060654909 0.057053653 0.053452397 0.049851141 0.046249885 0.045527743 0.050355611 0.05518348 0.060011348 0.064839216 0.069667085 0.071564025 0.070672547 0.069781068 0.06888959 0.067998112 0.067106633 0.06567432 0.0649119 0.064149481 0.063387062 0.062624643 0.061862223 0.056481781 0.050239398 0.043997016 0.037754633 0.031512251 0.02749415
-9999 0.096875436 0.09420629 0.091537145 0.088867999 0.086198853 0.080717359 0.079195283 0.08263482 0.09075235 0.09886988 0.10698741 0.11510494 0.12021165 0.11928904 0.11722501 0.11504681 0.11286861 0.11069041 0.10687209 0.099269939 0.091667791 0.084065644 0.076463496 0.06915702 0.064696023 0.067515006 0.064738948 0.061137692 0.057536436 0.05393518 0.053213037 0.058040905 0.062868774 0.067696642 0.072524511 0.075559097 0.07601002 0.073421311 0.072529833 0.071638354 0.070746876 0.069855397 0.066511516 0.062399457 0.061637038 0.060874619 0.0601122 0.05934978 0.054248033 0.048191776 0.041949394 0.035707011 0.029464628 0.025444691
-9999 0.10453177 0.10186263 0.09919348 0.095883066 0.090130009 0.084376952 0.082854876 0.086215896 0.089576915 0.096365046 0.10448258 0.11260011 0.11770682 0.1167842 0.11586158 0.11414253 0.11196433 0.10978613 0.10596781 0.098365662 0.090763515 0.083161367 0.075971659 0.068794506 0.064333509 0.067152492 0.069971475 0.068822986 0.06522173 0.061620474 0.060898331 0.065726199 0.070554068 0.075237948 0.07785643 0.080474912 0.080925835 0.078275758 0.075625681 0.074387118 0.07349564 0.072604162 0.06926028 0.064153398 0.059124595 0.058362176 0.057599756 0.056837337 0.05173559 0.04588389 0.039901771 0.033659389 0.027417006 0.023397069
-9999 0.11218811 0.10951896 0.10529572 0.099542659 0.093789602 0.088036546 0.08651447 0.089875489 0.093236509 0.096597528 0.10197774 0.11009527 0.11520199 0.11427937 0.11335675 0.11243413 0.11106006 0.10888185 0.10506353 0.097461386 0.089963451 0.082786298 0.075609145 0.068431992 0.063970995 0.066789978 0.069608961 0.072427944 0.072907024 0.069305768 0.068583625 0.073411494 0.077535281 0.080153763 0.082772245 0.085390727 0.08584165 0.083191573 0.080541496 0.07789142 0.076244404 0.075352926 0.072009044 0.066902162 0.061795279 0.056688397 0.055087313 0.054324894 0.049223147 0.043371446 0.037519746 0.031611767 0.025369384 0.021349447
-9999 0.11984444 0.11470837 0.10895531 0.10320225 0.097449196 0.091696139 0.090174063 0.093535083 0.096896102 0.10025712 0.10361814 0.10759044 0.11269715 0.11177454 0.11085192 0.1099293 0.10900668 0.10797758 0.10415926 0.09677809 0.089600937 0.082423784 0.075246631 0.068069478 0.063608482 0.066427464 0.069246447 0.07206543 0.074884413 0.076991062 0.076268919 0.079832614 0.082451096 0.085069578 0.08768806 0.090306542 0.090757465 0.088107388 0.085457311 0.082807235 0.080157158 0.07810169 0.074757808 0.069650926 0.064544043 0.059437161 0.054330278 0.051812451 0.046710704 0.040859003 0.035007303 0.029155602 0.023303901 0.019301825
