P1_models/J1_p1__temp2_slide_5.dat.tif
NCOLS 118
NROWS 92
XLLCORNER 139.62
YLLCORNER -39.07
DX 0.099491525
DY 0.099347826
NODATA_VALUE -9999
[rows 54 to 80 of 92, columns 0 to 59 of 118]
-9999 66.6865 66.955943 67.225386 67.494828 67.851565 68.215606 68.620912 69.073843 69.526774 69.979705 69.746667 69.333044 69.28388 69.964568 70.645255 70.07085 69.37955 68.68825 67.900378 66.889709 65.879041 64.868373 64.389028 64.148424 63.733512 62.85141 61.969308 61.914039 61.957039 62.00004 62.432578 63.616022 64.799465 65.982908 66.844093 67.619284 68.168353 68.393925 68.619496 68.845067 68.973802 69.09405 69.212275 69.329047 69.519792 69.896638 70.273484 70.65033 70.282164 69.785239 69.288315 68.840875 68.446817 68.066769 67.735249 67.403729 67.072209 67.791122 68.691876
-9999 67.137885 67.407328 67.700132 68.064173 68.428214 68.792255 69.197561 69.650492 70.003097 69.589473 69.175849 68.762226 68.713062 69.393749 70.074437 70.755125 70.595697 69.904397 69.116525 68.105856 67.095188 66.848759 66.608156 66.367552 65.95264 65.070538 64.188436 63.306334 62.991336 63.034337 63.466876 64.650319 65.805137 66.580327 67.355518 68.130709 68.679779 68.90535 69.112125 69.232372 69.35262 69.472867 69.591093 69.707864 69.824636 69.953655 70.330501 70.707347 70.339181 69.842256 69.416998 69.02294 68.628883 68.248835 67.917315 67.669673 68.570426 69.47118 70.371934
-9999 67.58927 67.91274 68.276781 68.640822 69.004863 69.368904 69.77421 69.845903 69.432279 69.018655 68.605031 68.191408 68.142244 68.822931 69.503619 70.184307 70.864995 71.120544 70.332671 69.549095 69.308491 69.067887 68.827284 68.58668 68.171768 67.289666 66.407564 65.525462 64.64336 64.068634 64.501173 65.541371 66.316562 67.091753 67.866944 68.642134 69.191204 69.370695 69.490942 69.61119 69.731437 69.851685 69.96991 70.086682 70.203454 70.320225 70.436997 70.764364 70.396198 69.993121 69.599064 69.205006 68.810949 68.430901 68.448977 69.349731 70.250485 71.151238 72.051992
-9999 68.2225 68.586541 68.950582 69.314624 69.678665 70.042706 70.094386 69.680762 69.267138 68.853514 68.43989 68.026267 67.679903 68.360591 69.041278 69.721966 70.402654 71.083342 71.485445 71.244841 71.004238 70.763634 70.52303 70.282427 70.270445 69.395963 68.513861 67.631759 66.749657 65.867555 65.55153 66.326721 67.101911 67.877102 68.652293 69.427484 69.520122 69.640369 69.760617 69.880864 70.001112 70.121359 70.321684 70.438456 70.555228 70.671999 70.788771 70.905543 70.774611 70.380553 69.986496 69.592438 69.198381 68.935743 69.795841 70.696594 71.597348 72.498102 73.398855
-9999 69.228121 69.592162 69.956203 70.320244 70.68179 71.02577 71.101035 70.86617 70.487571 70.073947 69.660323 69.246699 68.869272 68.564331 68.949437 69.630125 70.310813 70.9915 71.393604 71.153 70.912396 70.671792 70.431189 71.148851 71.588901 71.014211 70.234786 69.352684 68.470582 67.58848 67.272455 68.047646 68.822836 69.598027 70.360955 70.42065 70.221625 69.652465 69.657516 69.777763 69.898011 70.018258 70.303222 70.697864 70.814636 70.931408 71.048179 71.164951 71.415291 71.469405 71.075348 70.68129 70.287233 70.024596 70.217183 70.905446 71.806199 72.706953 73.607707
-9999 70.233742 70.597783 70.961824 71.316276 71.660256 72.004236 72.079501 71.844636 71.609771 71.29438 70.880756 70.467132 70.089705 69.784764 69.479822 69.538283 70.218971 70.899659 71.301762 71.061158 70.820555 70.830008 71.648657 72.467307 72.907357 72.332667 71.757977 71.073609 70.191507 69.309405 68.99338 69.768571 70.543762 71.085446 71.145141 71.204835 71.005811 70.43665 69.86749 69.674662 69.79491 69.915157 70.200121 70.603498 71.006876 71.190816 71.307587 71.424359 71.674699 71.948123 72.1642 71.770142 71.376085 71.113448 71.306035 71.498622 72.015051 72.915804 73.816558
-9999 71.239363 71.603404 71.950762 72.294742 72.638722 72.982701 73.057967 72.823102 72.588236 72.353371 72.101189 71.687565 71.310138 71.005196 70.700255 70.395313 70.127129 70.807817 71.20992 70.969317 71.329814 72.148464 72.967113 73.785763 74.225813 73.651123 73.076433 72.501743 71.912432 71.03033 70.714305 71.489496 71.809936 71.869631 71.929326 71.989021 71.789996 71.220836 70.651676 70.082516 69.691809 69.812056 70.09702 70.500398 70.903775 71.307152 71.566996 71.683767 71.934107 72.207531 72.480955 72.754379 72.464937 72.2023 72.394887 72.587474 72.780061 73.124655 74.025409
-9999 72.241268 72.585248 72.929228 73.273208 73.617187 73.961167 74.036433 73.801567 73.566702 73.331837 73.096972 72.862106 72.530571 72.225629 71.920688 71.615746 71.310805 71.005863 71.118079 71.829621 72.64827 73.46692 74.285569 75.104219 75.544269 74.969579 74.394889 73.820199 73.245509 72.670819 72.43523 72.534427 72.594122 72.653817 72.713512 72.773206 72.574182 72.005021 71.435861 70.866701 70.297541 69.728381 69.993919 70.397297 70.800674 71.204051 71.607428 71.943175 72.193515 72.466939 72.740363 73.013787 73.287211 73.291152 73.483739 73.676326 73.868914 74.061501 74.254088
-9999 72.523958 72.867938 73.211917 73.555897 73.899877 74.228832 73.983909 73.438948 73.204083 72.969217 72.734352 72.499487 72.29811 72.094668 71.789727 71.484785 71.179844 70.874902 70.909718 71.728367 72.547016 73.365666 74.184315 74.887472 75.199018 75.314841 74.740151 74.165461 73.59077 73.01608 72.658076 72.71777 72.777465 72.83716 72.896855 72.878783 73.141607 73.284344 72.715184 72.146023 71.576863 71.007703 70.676851 70.911501 71.314878 71.718255 72.121632 72.525009 71.575573 71.82947 72.102894 72.376318 72.649742 73.067959 73.727413 73.92 74.112587 74.305174 74.497761
-9999 72.504088 72.848068 73.192048 73.536027 73.851949 74.159068 73.914145 73.032096 72.258291 72.023426 71.788561 71.553696 71.352319 71.218006 71.071111 70.766169 70.461228 70.156286 70.191102 71.009751 71.828401 72.64705 73.158473 73.398579 73.710125 74.213147 74.662218 74.087528 73.512838 72.938148 72.580143 72.639838 72.699533 72.759227 72.666903 72.48647 72.749294 73.646261 74.209816 73.640656 73.071496 72.502336 72.171484 72.011948 72.097518 72.500895 72.904272 73.307649 72.358213 71.174975 71.075417 71.348841 71.622265 72.040482 72.960246 73.796146 73.988733 74.18132 74.373908
-9999 72.484219 72.828198 73.167947 73.475066 73.782185 74.089304 73.844381 72.962331 72.080282 71.198233 70.84277 70.607904 70.406528 70.272214 70.137901 70.003587 69.742612 69.43767 69.472486 70.291135 71.109785 71.429474 71.66958 71.909686 72.221232 72.724255 73.227277 73.7303 73.434905 72.860215 72.50221 72.561905 72.6216 72.455024 72.27459 72.094156 72.35698 73.253948 74.150915 75.047883 74.566129 73.996969 73.666117 73.506581 73.347046 73.283535 73.686912 74.090289 73.140854 71.957615 70.774377 70.321363 70.594787 71.013005 71.932768 72.852532 73.772296 74.057467 74.250054
-9999 72.464349 72.791064 73.098183 73.405301 73.71242 74.019539 73.774617 72.892567 72.010518 71.128468 70.246419 69.662113 69.460737 69.326423 69.192109 69.057796 68.923482 68.719054 68.75387 69.460369 69.700475 69.940581 70.180687 70.420794 70.73234 71.235362 71.738384 72.241407 72.744429 72.782282 72.424277 72.423578 72.243144 72.06271 71.882276 71.701843 71.964667 72.861634 73.758602 74.655569 75.552537 75.491602 75.16075 75.001214 74.841678 74.682143 74.522607 74.872929 73.923494 72.740255 71.557017 70.373778 69.56731 69.985527 70.905291 71.825055 72.744818 73.664582 74.1262
-9999 72.41163 72.718749 73.025868 73.332987 73.640106 73.947225 73.75552 72.87347 71.991421 71.109371 70.227322 69.345273 68.638823 68.50451 68.370196 68.235883 68.101569 67.967256 67.946161 68.186267 68.426373 68.66648 68.906586 69.146692 69.302984 69.806006 70.309029 70.812051 71.315073 71.818096 72.087672 71.907238 71.726804 71.546371 71.365937 71.185503 71.649629 72.546597 73.443564 74.340532 75.2375 76.134467 76.415941 76.256406 76.09687 75.937334 75.777799 75.618263 74.585877 73.402639 72.2194 71.036162 69.852923 69.480542 70.400305 71.320069 72.239832 73.159596 74.07936
-9999 72.326633 72.633752 72.940871 73.24799 73.565539 74.107523 73.988435 73.106386 72.224336 71.342287 70.460237 69.653407 68.937702 68.390167 68.164436 68.030122 67.895809 67.761495 67.740401 67.980507 68.220613 68.460719 68.700826 68.954491 69.080966 68.858881 69.175801 69.678823 70.181846 70.684868 70.954444 70.774011 70.593577 70.413143 70.232709 70.915496 71.718952 72.61592 73.512887 74.409855 75.282502 75.890772 76.220922 76.32065 76.161115 76.001579 75.842044 75.682508 74.650122 73.466884 72.283645 71.100407 71.019099 71.574352 72.494116 73.413879 74.333643 75.193978 74.82355
-9999 72.241635 72.548754 72.855873 73.25647 73.798454 74.340438 74.221351 73.339301 72.457252 71.59718 70.797497 69.997813 69.282108 68.734573 68.187037 67.824362 67.690048 67.555735 67.53464 67.774746 68.014853 68.257543 68.514065 68.770588 68.897062 68.674977 68.452892 68.545596 69.048618 69.551641 69.821217 69.640783 69.460349 69.508635 70.246727 70.984819 71.788275 72.685242 73.58221 74.371993 74.980264 75.588534 75.918684 76.048895 76.179107 76.065824 75.906289 75.746753 74.714367 73.531129 72.34789 72.662888 73.112909 73.668163 74.587926 75.50769 76.054964 75.684536 75.314108
-9999 72.156638 72.463757 72.947401 73.489386 74.03137 74.573354 74.454266 73.572217 72.74127 71.941586 71.141902 70.342219 69.626513 69.078978 68.531443 67.983908 67.484288 67.349975 67.32888 67.568986 67.817117 68.073639 68.330161 68.586684 68.713158 68.491073 68.268988 68.046903 67.915391 68.418413 68.687989 68.507556 68.839865 69.577957 70.316049 71.054142 71.857597 72.754565 73.461484 74.069755 74.678025 75.286296 75.616446 75.746657 75.876869 76.007081 75.970534 75.810998 74.778612 73.856656 74.306677 74.756699 75.20672 75.761973 76.681737 76.91595 76.545522 76.175093 75.804665
-9999 72.096349 72.638333 73.180317 73.722301 74.264285 74.806269 74.687182 73.885359 73.085675 72.285992 71.486308 70.686625 69.970919 69.423384 68.875849 68.328314 67.780779 67.233244 67.123119 67.376691 67.633213 67.889735 68.146258 68.40278 68.529255 68.307169 68.085084 67.862999 67.640913 67.418828 67.554762 68.171096 68.909188 69.64728 70.385372 71.123464 71.92692 72.550975 73.159246 73.767517 74.375787 74.984058 75.314207 75.444419 75.574631 75.704843 75.835054 75.875243 75.500445 75.950466 76.400488 76.850509 77.300531 77.855784 77.776936 77.406507 77.036079 76.665651 76.295222
-9999 72.39529 72.937274 73.479258 74.021242 74.563227 75.094167 75.55286 75.255295 74.455612 73.655928 72.856245 72.056561 71.305566 70.701291 70.153756 69.606221 69.058686 68.511151 68.206751 68.463273 68.719795 68.976318 69.23284 69.427098 69.3864 69.498887 69.276802 69.054717 68.832631 68.610546 68.716426 69.454518 70.192611 70.930703 71.668795 72.250779 72.957896 73.949717 74.557988 75.166258 75.774529 76.3828 76.448523 76.468128 76.59834 76.728552 76.858763 76.988975 77.757109 78.20713 78.657152 79.107173 79.557195 79.500042 78.282814 77.912386 77.541957 77.171529 76.801101
-9999 72.731718 73.273702 73.815686 74.35767 74.876386 75.386565 75.845258 76.244529 76.407797 75.608113 74.80843 74.008746 73.257751 72.604258 71.96166 71.414125 70.86659 70.319055 70.014655 70.271178 70.5277 70.784222 70.817937 70.630561 70.589863 70.9423 71.249534 71.027449 70.805363 70.583278 70.689158 71.42725 72.165342 72.903434 73.286099 73.436179 74.143296 75.647334 76.922466 77.530737 78.139007 78.747278 78.813001 78.488694 78.37486 78.505071 78.635283 78.765495 79.55255 80.453126 81.006276 81.456298 81.906319 81.849166 80.035223 78.426962 78.056534 77.686106 77.315677
-9999 73.068146 73.61013 74.148426 74.658605 75.168785 75.678964 76.137657 76.536928 76.936199 77.33547 76.760614 75.960931 75.209936 74.556442 73.902949 73.249455 72.674495 72.12696 71.82256 72.079082 72.335604 72.208776 72.0214 71.834025 71.793327 72.145763 72.498199 72.850635 72.778095 72.55601 72.66189 73.399982 74.138074 74.321418 74.471499 74.621579 75.328697 76.832734 78.336771 79.840809 80.503486 81.111756 81.177479 80.853172 80.528864 80.281591 80.411803 80.542015 81.32907 82.229646 83.130222 83.805422 84.255444 84.198291 82.384347 80.570403 78.75646 78.200682 77.830254
-9999 73.404574 73.930645 74.440824 74.951004 75.461183 75.971363 76.430056 76.829327 77.228598 77.627869 78.027139 77.913116 77.162121 76.508627 75.855134 75.20164 74.548147 73.934865 73.630465 73.786991 73.599615 73.412239 73.224864 73.037488 72.99679 73.349226 73.701662 74.054099 74.406535 74.528741 74.634621 75.206658 75.356738 75.506819 75.656899 75.806979 76.514097 78.018134 79.522172 81.026209 82.530246 83.476234 83.541958 83.21765 82.893343 82.569035 82.244728 82.318534 83.10559 84.006166 84.906742 85.807318 86.604568 86.547415 84.733472 82.919528 81.105584 79.29164 78.34483
-9999 73.666577 74.176756 74.686936 75.197115 75.707295 76.217474 76.502767 76.902038 77.301309 77.700579 78.09985 78.499121 78.82455 78.171056 77.517563 76.864069 76.210576 75.557082 75.044536 74.85716 74.669784 74.482409 74.295033 74.107657 74.216125 74.567411 74.919847 75.272283 75.624719 75.977156 76.260474 76.410554 76.560634 76.710715 76.860795 77.010876 77.456453 78.960491 80.464528 81.968565 83.472603 84.97664 85.204105 84.879798 84.55549 84.231183 83.906875 83.582568 83.911303 84.811879 85.712455 86.613031 87.513607 88.300911 86.578767 84.764824 82.95088 81.136936 79.322993
-9999 73.737475 74.247654 74.757834 75.268013 75.741335 75.984192 76.145504 76.212701 76.542427 76.941698 77.340968 77.740239 78.112843 78.432045 78.083168 77.429675 76.776181 76.122688 75.610141 75.422765 75.23539 75.048014 74.860638 75.279065 75.680376 75.890657 76.193757 76.546193 76.89863 77.251066 77.534384 77.684464 77.834544 77.984625 78.107939 77.371533 77.536693 78.991671 80.486881 81.990919 83.494956 84.998993 84.981175 83.883384 83.559077 83.234769 82.910462 82.586154 82.049832 81.942759 82.843335 83.743911 84.644487 85.431791 85.826737 84.702957 82.889013 81.07507 79.261126
-9999 73.808373 74.318553 74.828732 75.199305 75.442163 75.68502 75.846331 75.913529 75.980726 76.182816 76.582087 76.981357 77.353961 77.673163 77.992365 77.99528 77.341786 76.688293 76.175746 75.988371 75.800995 75.798147 76.270731 76.743316 77.144628 77.354909 77.56519 77.820104 78.17254 78.524976 78.808294 78.958374 79.108455 78.931275 78.194869 77.458463 77.623623 79.0786 80.533578 82.013272 83.517309 85.021347 85.003528 83.891667 82.779805 82.238356 81.914048 81.589741 81.053418 80.480453 79.974215 80.874791 81.775367 82.562671 82.957617 83.352563 82.827147 81.013203 79.199259
-9999 73.879271 74.389451 74.657276 74.900133 75.14299 75.385847 75.547159 75.614357 75.681554 75.748752 75.823205 76.222476 76.59508 76.914282 77.233483 77.552685 77.871887 77.253898 76.741352 76.553976 76.789813 77.262398 77.734983 78.207568 78.608879 78.81916 79.029442 79.239723 79.450004 79.798886 80.082204 80.232284 79.75461 79.018204 78.281798 77.545392 77.710552 79.16553 80.620508 82.075485 83.539663 85.0437 85.025881 83.91402 82.802159 81.690297 80.917635 80.593327 80.057004 79.48404 78.911075 78.338111 78.906247 79.693551 80.088497 80.483443 80.878389 80.951337 79.137393
-9999 73.872389 74.115246 74.358103 74.600961 74.843818 75.086675 75.247987 75.315184 75.382382 75.449579 75.516777 75.583974 75.836198 76.1554 76.474602 76.793804 77.113006 77.432208 77.308895 77.78148 78.254065 78.72665 79.199234 79.671819 80.073131 80.283412 80.493693 80.703974 80.914256 81.124537 81.314351 80.577945 79.841539 79.105133 78.368727 77.632321 77.797481 79.252459 80.707437 82.162415 83.617393 85.07237 85.048235 83.936373 82.824512 81.71265 80.600789 79.596914 79.060591 78.487626 77.914662 77.341697 76.768733 76.824431 77.219377 77.614323 78.009269 78.404215 78.79916
-9999 74.719655 74.962513 75.20537 75.448227 75.691084 75.259499 74.805048 74.89848 74.965677 75.032875 75.100072 75.16727 75.273775 75.491971 75.811173 76.130375 76.449577 76.768779 77.134362 77.606947 78.079531 78.552116 79.024701 79.441979 79.675905 79.724622 79.934904 80.145185 80.355466 80.565747 80.452671 79.716265 78.979859 78.243454 77.507048 77.053665 77.040583 77.679582 79.13456 80.589537 82.044515 83.499493 84.071043 83.431772 82.31991 81.208049 80.096187 78.984326 78.930308 78.470904 77.897939 77.324975 76.75201 76.335062 76.515428 76.910373 77.305319 77.700265 78.095211
