P1_models/J1_p1__temp2_slide_140.dat.tif
NCOLS 118
NROWS 92
XLLCORNER 139.62
YLLCORNER -39.07
DX 0.099491525
DY 0.099347826
NODATA_VALUE -9999
[rows 54 to 80 of 92, columns 0 to 59 of 118]
-9999 1092.3052 1099.4356 1106.5661 1113.6965 1117.7208 1121.4852 1122.9845 1121.8695 1120.7545 1119.6396 1111.6719 1101.9002 1094.6041 1092.2654 1089.9266 1083.8099 1077.3413 1070.8727 1064.4632 1058.1903 1051.9174 1045.6444 1053.2948 1067.2014 1073.2215 1058.1038 1042.9862 1038.0781 1034.3834 1030.6887 1031.9792 1042.8794 1053.7796 1064.6799 1074.713 1084.5148 1091.1736 1093.336 1095.4984 1097.6608 1100.0878 1102.5381 1100.8544 1096.1989 1094.2317 1099.0275 1103.8233 1108.6192 1107.0664 1104.4164 1101.7663 1103.9694 1111.4078 1117.4042 1118.4055 1119.4068 1120.4081 1124.9145 1130.0276
-9999 1097.5564 1104.6868 1110.986 1114.7504 1118.5147 1122.2791 1123.7784 1122.6634 1120.5462 1110.7745 1101.0028 1091.2311 1083.935 1081.5963 1079.2575 1076.9188 1072.0512 1065.5826 1059.1732 1052.9003 1046.6273 1060.3813 1074.2878 1088.1944 1094.2145 1079.0969 1063.9792 1048.8616 1040.7464 1037.0517 1038.3422 1049.2424 1060.0656 1069.8674 1079.6692 1089.471 1096.1298 1098.2922 1100.5059 1102.9562 1105.4064 1107.8566 1106.173 1101.5175 1096.862 1092.6515 1097.4474 1102.2432 1100.6904 1098.0404 1102.4188 1109.8573 1117.2957 1123.292 1124.2934 1125.5745 1130.6877 1135.8009 1140.914
-9999 1102.8076 1108.0156 1111.7799 1115.5443 1119.3087 1123.073 1124.5723 1119.6488 1109.8771 1100.1054 1090.3337 1080.562 1073.2659 1070.9272 1068.5885 1066.2497 1063.911 1060.2926 1053.8831 1053.5611 1067.4677 1081.3743 1095.2809 1109.1875 1115.2076 1100.09 1084.9723 1069.8546 1054.737 1043.4148 1044.7052 1055.22 1065.0218 1074.8236 1084.6253 1094.4271 1101.0859 1103.3743 1105.8245 1108.2747 1110.725 1113.1752 1111.4915 1106.836 1102.1805 1097.525 1092.8695 1095.8672 1094.3144 1100.8683 1108.3067 1115.7451 1123.1835 1129.1799 1131.3478 1136.4609 1141.5741 1146.6872 1151.8004
-9999 1106.1926 1109.957 1113.7213 1117.4857 1121.2501 1125.0144 1126.2909 1116.5192 1106.7475 1096.9758 1087.2041 1077.4324 1069.0543 1066.7156 1064.3769 1062.0382 1059.6994 1057.3607 1059.9343 1073.8409 1087.7475 1101.6541 1115.5607 1129.4673 1135.8423 1120.8971 1105.7794 1090.6618 1075.5441 1060.4265 1053.8205 1063.6222 1073.424 1083.2258 1093.0275 1102.8293 1105.4279 1107.8781 1110.3283 1112.7786 1115.2288 1117.679 1118.7245 1114.069 1109.4134 1104.7579 1100.1024 1095.4469 1099.4249 1106.8633 1114.3017 1121.7401 1129.1785 1136.576 1141.8121 1146.9253 1152.0384 1157.1516 1162.2647
-9999 1112.0532 1115.8176 1119.582 1123.3463 1127.1678 1131.3915 1134.6531 1136.8044 1129.3688 1119.5971 1109.8254 1100.0537 1091.5625 1085.6354 1082.2206 1079.8819 1077.5432 1075.2045 1077.7781 1091.6847 1105.5913 1119.4979 1133.4045 1142.7046 1146.9065 1138.7455 1125.9514 1110.8338 1095.7161 1080.5985 1073.9925 1083.7943 1093.596 1103.3978 1113.0492 1114.0768 1113.4637 1110.5033 1112.0495 1114.4997 1116.95 1119.4002 1123.2591 1127.8403 1123.1848 1118.5293 1113.8738 1109.2183 1109.7899 1113.2242 1120.6626 1128.101 1135.5395 1142.9369 1150.1923 1155.9482 1161.0614 1166.1746 1171.2877
-9999 1117.9139 1121.6783 1125.4426 1129.4265 1133.6502 1137.8738 1141.1355 1143.2868 1145.4381 1142.2184 1132.4467 1122.675 1114.1838 1108.2567 1102.3297 1097.7257 1095.3869 1093.0482 1095.6219 1109.5284 1123.435 1136.1396 1144.9542 1153.7688 1157.9708 1149.8098 1141.6488 1131.0058 1115.8882 1100.7705 1094.1645 1103.9663 1113.7681 1120.7063 1121.734 1122.7616 1122.1485 1119.1881 1116.2277 1116.2209 1118.6711 1121.1213 1124.9802 1129.8518 1134.7234 1132.3007 1127.6452 1122.9897 1123.5613 1125.0362 1127.0235 1134.462 1141.9004 1149.2978 1156.5532 1163.8086 1170.0844 1175.1975 1180.3107
-9999 1123.7745 1127.5389 1131.6852 1135.9089 1140.1325 1144.3562 1147.6178 1149.7691 1151.9204 1154.0717 1155.068 1145.2963 1136.805 1130.878 1124.951 1119.0239 1113.2307 1110.892 1113.4656 1127.3722 1138.3892 1147.2038 1156.0184 1164.8331 1169.0351 1160.8741 1152.7131 1144.552 1136.0602 1120.9425 1114.3365 1124.1383 1128.3635 1129.3911 1130.4187 1131.4464 1130.8333 1127.8729 1124.9125 1121.9521 1120.3922 1122.8425 1126.7014 1131.573 1136.4446 1141.3162 1141.4166 1136.7611 1137.3326 1138.8076 1140.2826 1141.7575 1148.2613 1155.6587 1162.9141 1170.1695 1177.425 1184.2205 1189.3337
-9999 1129.7202 1133.9439 1138.1675 1142.3912 1146.6148 1150.8385 1154.1001 1156.2514 1158.4027 1160.554 1162.7053 1164.8566 1159.4263 1153.4993 1147.5722 1141.6452 1135.7182 1129.7911 1131.3094 1140.6389 1149.4535 1158.2681 1167.0827 1175.8973 1180.0993 1171.9383 1163.7773 1155.6163 1147.4553 1139.2943 1134.5086 1136.0206 1137.0482 1138.0759 1139.1035 1140.1311 1139.518 1136.5576 1133.5972 1130.6369 1127.6765 1124.7161 1128.4225 1133.2941 1138.1657 1143.0373 1147.9089 1150.5324 1151.104 1152.579 1154.0539 1155.5289 1157.0039 1162.0196 1169.275 1176.5304 1183.7859 1191.0413 1198.2967
-9999 1134.53 1138.7537 1142.9774 1147.201 1151.4247 1154.0697 1150.6811 1148.1102 1150.2615 1152.4128 1154.5641 1156.7154 1158.1549 1155.7621 1149.8351 1143.908 1137.981 1132.0539 1130.5845 1139.3992 1148.2138 1157.0284 1165.843 1173.9085 1178.1963 1176.6818 1168.5208 1160.3598 1152.1988 1144.0378 1139.0153 1140.043 1141.0706 1142.0982 1143.1258 1142.8992 1144.0946 1145.9591 1142.9987 1140.0383 1137.0779 1134.1176 1133.2708 1136.8838 1141.7554 1146.627 1151.4986 1156.3702 1150.1192 1151.4649 1152.9398 1154.4148 1155.8897 1161.2713 1176.0117 1183.2671 1190.5225 1197.7779 1205.0333
-9999 1138.6126 1142.8362 1147.0599 1151.2835 1152.5591 1152.9098 1149.5212 1141.8169 1135.7611 1137.9124 1140.0637 1142.215 1143.6545 1143.6688 1143.245 1137.3179 1131.3909 1125.4639 1123.9945 1132.8091 1141.6237 1150.4383 1157.2602 1162.3224 1166.6102 1168.8226 1170.5157 1162.3547 1154.1937 1146.0327 1141.0102 1142.0379 1143.0655 1144.0931 1142.6688 1139.8233 1141.0187 1147.9952 1152.7118 1149.7515 1146.7911 1143.8307 1142.9839 1143.6566 1146.1576 1151.0292 1155.9008 1160.7724 1154.5214 1146.3482 1145.3527 1146.8277 1148.3027 1153.6843 1172.5979 1190.1671 1197.4225 1204.678 1211.9334
-9999 1142.6951 1146.9188 1150.6978 1151.0485 1151.3992 1151.7498 1148.3612 1140.657 1132.9528 1125.2485 1125.5633 1127.7146 1129.1542 1129.1684 1129.1827 1129.197 1124.8008 1118.8738 1117.4044 1126.219 1135.0336 1140.6119 1145.6741 1150.7362 1155.024 1157.2364 1159.4489 1161.6613 1156.1886 1148.0276 1143.0051 1144.0328 1145.0604 1142.4385 1139.593 1136.7475 1137.9429 1144.9193 1151.8958 1158.8722 1156.5042 1153.5438 1152.697 1153.3697 1154.0424 1155.4314 1160.303 1165.1746 1158.9237 1150.7504 1142.5772 1139.2406 1140.7156 1146.0972 1165.0109 1183.9246 1202.8383 1211.578 1218.8334
-9999 1146.7776 1149.1872 1149.5379 1149.8886 1150.2392 1150.5899 1147.2013 1139.497 1131.7928 1124.0886 1116.3843 1113.2143 1114.6538 1114.6681 1114.6823 1114.6966 1114.7109 1112.2837 1110.8143 1118.9015 1123.9637 1129.0258 1134.0879 1139.15 1143.4378 1145.6503 1147.8627 1150.0751 1152.2875 1150.0225 1145 1145.0536 1142.2081 1139.3626 1136.5172 1133.6717 1134.8671 1141.8435 1148.82 1155.7964 1162.7728 1163.2569 1162.4102 1163.0829 1163.7556 1164.4283 1165.101 1169.5768 1163.3259 1155.1526 1146.9794 1138.8062 1133.1285 1138.5101 1157.4238 1176.3375 1195.2512 1214.1649 1225.7335
-9999 1147.914 1148.2647 1148.6154 1148.966 1149.3167 1149.6674 1147.2661 1139.5619 1131.8577 1124.1535 1116.4492 1108.745 1103.0534 1103.0677 1103.0819 1103.0962 1103.1105 1103.1247 1104.6654 1109.7275 1114.7896 1119.8518 1124.9139 1129.976 1132.8738 1135.0862 1137.2987 1139.5111 1141.7235 1143.9359 1144.4207 1141.5753 1138.7298 1135.8844 1133.0389 1130.1935 1132.7935 1139.7699 1146.7463 1153.7227 1160.6992 1167.6756 1174.9752 1175.6479 1176.3206 1176.9933 1177.666 1178.3387 1171.469 1163.2958 1155.1226 1146.9494 1138.7761 1137.9197 1156.8334 1175.7471 1194.6608 1213.5745 1232.4882
-9999 1148.1723 1148.523 1148.8737 1149.2243 1149.7685 1154.4769 1153.4231 1145.7188 1138.0146 1130.3104 1122.6061 1119.8959 1115.724 1107.6752 1105.9056 1105.9199 1105.9342 1105.9484 1107.4891 1112.5512 1117.6133 1122.6755 1127.7376 1133.8171 1136.9382 1131.5555 1131.8186 1134.0311 1136.2435 1138.4559 1138.9407 1136.0953 1133.2498 1130.4044 1127.5589 1130.7368 1135.7046 1142.681 1149.6574 1156.6339 1164.7045 1184.6701 1196.6872 1202.3981 1203.0708 1203.7435 1204.4162 1205.0889 1198.2192 1190.046 1181.8728 1173.6995 1169.5766 1172.1298 1191.0435 1209.9572 1228.8709 1247.0401 1249.7906
-9999 1148.4306 1148.7813 1149.132 1151.217 1155.9254 1160.6338 1159.58 1151.8757 1144.1715 1137.9264 1135.6907 1133.4549 1129.283 1121.2342 1113.1853 1108.7436 1108.7578 1108.7721 1110.3128 1115.3749 1120.437 1125.693 1131.9869 1138.2807 1141.4018 1136.0191 1130.6365 1128.551 1130.7635 1132.9759 1133.4607 1130.6152 1127.7698 1126.5203 1130.0841 1133.6479 1138.6157 1145.5921 1152.5686 1164.3674 1184.333 1204.2985 1216.3157 1222.619 1228.9222 1230.4937 1231.1664 1231.8391 1224.9694 1216.7962 1208.6229 1205.9567 1203.7867 1206.3399 1225.2536 1244.1673 1258.4145 1261.1651 1263.9157
-9999 1148.6889 1149.0396 1152.6656 1157.374 1162.0824 1166.7908 1165.7369 1158.0327 1153.7212 1151.4854 1149.2496 1147.0139 1142.842 1134.7932 1126.7443 1118.6954 1111.5815 1111.5958 1113.1364 1118.1986 1123.8628 1130.1566 1136.4504 1142.7443 1145.8654 1140.4827 1135.1 1129.7174 1125.2834 1127.4959 1127.9807 1125.1352 1125.8676 1129.4314 1132.9952 1136.559 1141.5268 1148.5033 1164.0304 1183.9959 1203.9615 1223.927 1235.9442 1242.2474 1248.5507 1254.8539 1257.9166 1258.5893 1251.7196 1244.5067 1242.3367 1240.1668 1237.9968 1240.55 1259.4637 1269.789 1272.5396 1275.2902 1278.0408
-9999 1149.4057 1154.1141 1158.8225 1163.5309 1168.2393 1172.9477 1171.8938 1169.516 1167.2802 1165.0444 1162.8086 1160.5728 1156.401 1148.3522 1140.3033 1132.2544 1124.2056 1116.1567 1115.9601 1122.0325 1128.3264 1134.6202 1140.914 1147.2079 1150.329 1144.9463 1139.5636 1134.181 1128.7983 1123.4157 1122.5006 1125.2149 1128.7787 1132.3425 1135.9063 1139.4701 1144.438 1163.6933 1183.6589 1203.6244 1223.59 1243.5555 1255.5727 1261.8759 1268.1791 1274.4824 1280.7856 1285.3394 1280.8868 1278.7168 1276.5468 1274.3768 1272.2069 1274.7601 1281.1635 1283.914 1286.6646 1289.4152 1292.1658
-9999 1157.0878 1161.7962 1166.5045 1171.2129 1175.9213 1181.9328 1179.9863 1172.8412 1170.6054 1168.3696 1166.1338 1163.8981 1165.6495 1167.1246 1159.0757 1151.0268 1142.978 1134.9291 1131.2173 1137.5111 1143.8049 1150.0988 1156.3926 1163.237 1167.9376 1159.8139 1154.4313 1149.0486 1143.6659 1138.2833 1135.9564 1139.5203 1143.0841 1146.6479 1150.2117 1156.303 1162.9476 1173.2647 1193.2303 1213.1958 1233.1614 1253.1269 1260.9131 1265.4465 1271.7497 1278.053 1284.3562 1290.6594 1293.8248 1291.6548 1289.4848 1287.3149 1285.1449 1282.8408 1282.3539 1285.1045 1287.8551 1290.6056 1293.3562
-9999 1165.6357 1170.3441 1175.0525 1179.7609 1187.2148 1195.6758 1193.7293 1179.7711 1168.1204 1165.8846 1163.6488 1161.413 1163.1645 1172.9007 1180.808 1172.7592 1164.7103 1156.6614 1152.9496 1159.2434 1165.5373 1171.8311 1180.095 1190.3138 1195.0144 1184.9249 1175.2058 1169.8231 1164.4405 1159.0578 1156.731 1160.2948 1163.8586 1167.4224 1176.7408 1189.8248 1196.4693 1193.9014 1197.0917 1217.0573 1237.0228 1256.9884 1264.7745 1263.8051 1266.2034 1272.5066 1278.8099 1285.1131 1288.4902 1291.3616 1290.3455 1288.1756 1286.0056 1283.7016 1280.9332 1278.9512 1281.7018 1284.4524 1287.203
-9999 1174.1837 1178.8921 1184.0357 1192.4967 1200.9577 1209.4188 1207.4722 1193.5141 1179.5559 1165.5977 1161.1637 1158.928 1160.6794 1170.4157 1180.1519 1189.8882 1186.4426 1178.3938 1174.6819 1180.9758 1187.2696 1196.953 1207.1718 1217.3906 1222.0912 1212.0017 1201.9123 1191.8228 1185.215 1179.8323 1177.5055 1181.0693 1184.6331 1197.1786 1210.2625 1223.3465 1229.9911 1227.4232 1224.8553 1222.2874 1240.8843 1260.8498 1268.636 1267.6666 1266.6971 1266.9603 1273.2635 1279.5668 1282.9439 1285.8153 1288.6867 1289.0363 1286.8663 1284.5623 1281.7939 1279.0256 1276.2572 1278.2992 1281.0497
-9999 1182.7317 1189.3176 1197.7787 1206.2397 1214.7007 1223.1617 1221.2152 1207.257 1193.2988 1179.3407 1165.3825 1156.4429 1158.1944 1167.9306 1177.6669 1187.4031 1197.1394 1200.1261 1196.4143 1203.5923 1213.811 1224.0298 1234.2486 1244.4674 1249.168 1239.0785 1228.9891 1218.8996 1208.8102 1200.6069 1198.28 1204.5324 1217.6163 1230.7003 1243.7843 1256.8683 1263.5129 1260.9449 1258.377 1255.8091 1253.2412 1264.7113 1272.4975 1271.528 1270.5586 1269.5892 1268.6198 1274.0205 1277.3976 1280.269 1283.1404 1286.0118 1287.727 1285.423 1282.6546 1279.8863 1277.1179 1274.3496 1274.8965
-9999 1190.5403 1199.0013 1207.4623 1215.9233 1224.3843 1232.8454 1234.5421 1220.5839 1206.6257 1192.6676 1178.7094 1164.7512 1157.2652 1167.0014 1176.7377 1186.4739 1196.2101 1205.9464 1215.8285 1226.0473 1236.2661 1246.4849 1256.7036 1266.9224 1272.1893 1262.2127 1252.1233 1242.0338 1231.9444 1221.8549 1219.6808 1232.7647 1245.8487 1258.9327 1272.0167 1285.1007 1285.5557 1282.9878 1280.4199 1277.852 1275.2841 1272.7162 1272.3073 1271.3378 1270.3684 1269.399 1268.4296 1267.4601 1274.4015 1277.2729 1280.1443 1283.0157 1285.8871 1282.231 1278.4861 1275.7178 1272.9494 1270.1811 1267.4127
-9999 1184.858 1193.319 1201.7801 1210.2411 1219.0749 1230.2394 1234.3327 1230.2646 1218.3777 1204.4195 1190.4613 1176.5032 1168.7752 1173.5236 1181.6978 1191.4341 1201.1703 1210.9066 1220.7887 1231.0075 1241.2263 1251.445 1261.6638 1261.4753 1261.7113 1265.579 1260.3335 1250.244 1240.1546 1230.0651 1227.891 1240.9749 1254.0589 1267.1429 1279.887 1281.7163 1277.1891 1263.5681 1259.0114 1256.4435 1253.8756 1251.3076 1252.3148 1255.8107 1254.8413 1253.8718 1252.9024 1251.933 1269.1222 1283.9306 1286.802 1289.6734 1292.5448 1288.8887 1262.6222 1252.5119 1249.7436 1246.9752 1244.2069
-9999 1179.1758 1187.6368 1196.0978 1205.9707 1217.1353 1228.2999 1232.3931 1228.3251 1224.257 1216.1715 1202.2133 1188.2551 1180.5272 1185.2756 1190.024 1196.3942 1206.1305 1215.8667 1225.7489 1235.9676 1246.1864 1253.2351 1252.1162 1250.9972 1251.2333 1255.1009 1258.9686 1258.4542 1248.3648 1238.2753 1236.1011 1249.1851 1262.2691 1271.1982 1273.0275 1274.8568 1270.3296 1256.7085 1243.0875 1235.0349 1232.467 1229.8991 1230.9062 1234.4834 1238.0605 1238.3447 1237.3752 1236.4058 1253.595 1273.9226 1293.4596 1296.331 1299.2024 1295.5464 1269.2799 1243.0134 1226.5377 1223.7694 1221.001
-9999 1173.4935 1181.9546 1192.8666 1204.0312 1215.1958 1226.3604 1230.4536 1226.3855 1222.3175 1218.2494 1213.9652 1200.0071 1192.2791 1197.0275 1201.7759 1206.5243 1211.2727 1220.8269 1230.709 1240.9278 1243.876 1242.7571 1241.6381 1240.5192 1240.7552 1244.6229 1248.4906 1252.3583 1256.226 1246.4855 1244.3113 1257.3953 1262.5094 1264.3387 1266.168 1267.9973 1263.4701 1249.849 1236.228 1222.6069 1211.0584 1208.4905 1209.4976 1213.0748 1216.652 1220.2291 1221.8481 1220.8786 1238.0679 1258.3954 1278.7229 1299.0505 1305.8601 1302.204 1275.9375 1249.6711 1223.4046 1200.5635 1197.7952
-9999 1168.5979 1179.7625 1190.9271 1202.0917 1213.2562 1224.4208 1228.514 1224.446 1220.3779 1216.3098 1212.2418 1208.1737 1204.0311 1208.7795 1213.5278 1218.2762 1223.0246 1227.773 1235.6359 1234.5169 1233.398 1232.2791 1231.1601 1230.0412 1230.2772 1234.1449 1238.0126 1241.8803 1245.7479 1249.6156 1251.9913 1253.8206 1255.6499 1257.4792 1259.3085 1261.1378 1256.6106 1242.9895 1229.3684 1215.7474 1202.1263 1188.5052 1188.0891 1191.6663 1195.2434 1198.8206 1202.3977 1205.3515 1222.5407 1242.8682 1263.1958 1283.5233 1303.8509 1308.8617 1282.5952 1256.3287 1230.0623 1203.7958 1177.5293
-9999 1190.1244 1201.289 1212.4536 1223.6182 1234.7828 1232.2919 1225.307 1223.6878 1219.6198 1215.5517 1211.4836 1207.4156 1208.3144 1217.659 1222.4074 1227.1558 1231.9042 1236.6526 1239.6268 1238.5079 1237.3889 1236.27 1235.151 1231.424 1226.4513 1230.5758 1234.4434 1238.3111 1242.1788 1246.0465 1249.218 1251.0473 1252.8765 1254.7058 1256.5351 1256.5121 1254.6332 1248.655 1235.0339 1221.4128 1207.7918 1194.1707 1179.15 1173.8896 1177.4667 1181.0439 1184.6211 1188.1982 1199.5579 1218.6519 1238.9794 1259.307 1279.6345 1294.7426 1286.8893 1260.6228 1234.3564 1208.0899 1181.8234
