P1_models/J1_p1_tot_conduct_slide_17.3.dat.tif
NCOLS 118
NROWS 92
XLLCORNER 139.62
YLLCORNER -39.07
DX 0.099491525
DY 0.099347826
NODATA_VALUE -9999
[rows 52 to 77 of 92, columns 57 to 113 of 118]
-3.1824982 -3.2893669 -3.4386042 -3.5564547 -3.6768918 -3.7557278 -3.8238009 -3.8452384 -3.8538283 -3.7959658 -3.7319162 -3.6324247 -3.5366226 -3.4481857 -3.3912695 -3.3746875 -3.4280091 -3.516446 -3.6570793 -3.7948336 -3.8943251 -3.9728992 -3.9452626 -3.8721251 -3.7141091 -3.5375485 -3.3443499 -3.2047736 -3.0691632 -3.0219764 -3.0015485 -3.0181304 -3.0110337 -3.00516 -2.9735664 -2.9456143 -2.9280569 -2.9472335 -3.0174628 -3.1486243 -3.3148715 -3.4809917 -3.6337572 -3.7391012 -3.7973821 -3.7856772 -3.7303781 -3.6672984 -3.6198583 -3.6100797 -3.6159321 -3.6294117 -3.640201 -3.5730322 -3.4392066 -3.2519285 -3.0316742
-3.1445272 -3.2905085 -3.4674923 -3.5871109 -3.6987419 -3.7473681 -3.7981538 -3.78338 -3.7806656 -3.7220686 -3.6617725 -3.598234 -3.5138131 -3.4609194 -3.4209759 -3.4246563 -3.4776601 -3.567937 -3.697179 -3.8077247 -3.8546353 -3.9150732 -3.836995 -3.7305845 -3.5363143 -3.3313744 -3.1286865 -3.007759 -2.8830535 -2.8607535 -2.9150805 -2.9818614 -3.0150045 -3.0281772 -2.9947727 -2.9599965 -2.9012807 -2.9119138 -2.9638365 -3.0849731 -3.256429 -3.462586 -3.6327268 -3.7619006 -3.82208 -3.7897954 -3.6597505 -3.5619698 -3.4209661 -3.3912527 -3.3839835 -3.4350702 -3.4706964 -3.5029488 -3.3947537 -3.2325224 -2.9638235
-3.1436993 -3.3345302 -3.5335133 -3.6488025 -3.748294 -3.7593586 -3.7750678 -3.7322591 -3.6935679 -3.6367629 -3.5880189 -3.5416925 -3.5148102 -3.4810663 -3.4918726 -3.5139818 -3.5911044 -3.6850686 -3.7926345 -3.8985732 -3.9270994 -3.9278009 -3.8266321 -3.6554826 -3.4272373 -3.1854301 -2.9588105 -2.8353609 -2.7339845 -2.7632467 -2.8648563 -2.9643478 -3.0545561 -3.1013757 -3.0764507 -3.0354235 -2.957943 -2.9255153 -2.96063 -3.0524187 -3.227992 -3.4363428 -3.6398019 -3.7754852 -3.8400864 -3.7932668 -3.637135 -3.4674142 -3.2903134 -3.1845435 -3.1669862 -3.2213338 -3.3091205 -3.3796304 -3.361568 -3.2211094 -2.9312148
-3.343299 -3.5434427 -3.7147892 -3.8053188 -3.8277723 -3.8015948 -3.7287055 -3.6593103 -3.5809737 -3.5315952 -3.4886711 -3.5043803 -3.5081871 -3.5745147 -3.6222093 -3.7217008 -3.8141395 -3.9367497 -4.0387406 -4.137008 -4.1259534 -4.1000038 -3.9286573 -3.7249458 -3.4089139 -3.146209 -2.8793322 -2.7590874 -2.6611294 -2.7487605 -2.8835788 -3.0715072 -3.1926729 -3.3000713 -3.2751464 -3.2341192 -3.1170703 -3.0630064 -3.0278918 -3.1003045 -3.2478616 -3.4595773 -3.6662947 -3.8067533 -3.8711549 -3.8009256 -3.6157661 -3.3945591 -3.1603648 -3.0237755 -2.976956 -3.0445432 -3.1634103 -3.2974139 -3.3166949 -3.2172034 -2.8905434
-3.630424 -3.8431673 -3.9801878 -4.032913 -3.9827775 -3.8957035 -3.7415498 -3.5803986 -3.4799693 -3.4298571 -3.4137074 -3.443492 -3.5308247 -3.6290876 -3.7658107 -3.9105629 -4.0602192 -4.2145311 -4.3259435 -4.4193341 -4.4054876 -4.3356053 -4.1460195 -3.852297 -3.5078994 -3.2189989 -2.9133405 -2.7820222 -2.7005542 -2.8181423 -2.9943614 -3.2131884 -3.4204392 -3.5508594 -3.5372406 -3.4767061 -3.347005 -3.2006441 -3.1237916 -3.1599132 -3.2572368 -3.4550628 -3.6635265 -3.8091155 -3.8826549 -3.8154131 -3.6321429 -3.3687309 -3.0875097 -2.9194857 -2.8528006 -2.9061157 -3.0439551 -3.2199792 -3.2776804 -3.186254 -2.8661593
-3.9435834 -4.1047542 -4.2042458 -4.1658805 -4.0716253 -3.901331 -3.7180571 -3.5554058 -3.4006412 -3.3816252 -3.3852792 -3.4856079 -3.6085621 -3.7754209 -3.9584388 -4.1463672 -4.3233785 -4.4891977 -4.5960763 -4.6884492 -4.6427919 -4.5595198 -4.3218456 -4.0236231 -3.6432144 -3.3075056 -2.9924492 -2.8768013 -2.8001316 -2.9698524 -3.1927166 -3.4525 -3.6567507 -3.8206191 -3.7794878 -3.7112527 -3.4870847 -3.310654 -3.1819003 -3.1401795 -3.2221137 -3.4243211 -3.6355269 -3.8088619 -3.8846595 -3.8202827 -3.6351969 -3.3659845 -3.0669544 -2.8483699 -2.7605833 -2.8065254 -2.946984 -3.1309004 -3.2275723 -3.1456381 -2.7652473
-4.207674 -4.3453902 -4.3619721 -4.2939475 -4.1246108 -3.933411 -3.7048107 -3.5393704 -3.3807717 -3.3809741 -3.3985256 -3.5399083 -3.6814172 -3.8914549 -4.0889027 -4.3044677 -4.4862936 -4.6614006 -4.7682792 -4.8606521 -4.8109063 -4.7250995 -4.4874253 -4.1868085 -3.7889245 -3.4532158 -3.1381593 -3.0358523 -2.9723345 -3.1725717 -3.4145906 -3.7130652 -3.9182675 -4.0723003 -3.9966567 -3.8900788 -3.5798994 -3.3635936 -3.1294959 -3.0531051 -3.0896499 -3.3023432 -3.5229327 -3.7453255 -3.8417299 -3.830025 -3.6558326 -3.3991005 -3.0774592 -2.8469787 -2.7240774 -2.7575321 -2.8807522 -3.0646685 -3.1614227 -3.085341 -2.6904905
-4.2977609 -4.3988183 -4.3953199 -4.2991432 -4.1263421 -3.9319978 -3.7032949 -3.5690148 -3.4132959 -3.441793 -3.4679033 -3.6053648 -3.7528046 -3.9358317 -4.1240473 -4.3163952 -4.4936881 -4.6654935 -4.7743589 -4.8765917 -4.854957 -4.7762 -4.5675702 -4.2876364 -3.9117047 -3.5969119 -3.2886158 -3.2100407 -3.1567171 -3.3693704 -3.6129986 -3.9031522 -4.0894383 -4.2261919 -4.0744643 -3.9421841 -3.5451385 -3.2593907 -2.9881203 -2.8633696 -2.8821308 -3.1224157 -3.3569357 -3.6422241 -3.7742879 -3.8054387 -3.6952542 -3.4506486 -3.1295606 -2.8784352 -2.7365815 -2.729069 -2.8395882 -3.003183 -3.101814 -3.0282902 -2.6392922
-4.276895 -4.3358183 -4.3081817 -4.200962 -4.0281609 -3.8557296 -3.6558333 -3.579051 -3.4740322 -3.5079493 -3.5674758 -3.7036221 -3.8306887 -3.9965079 -4.129772 -4.2900639 -4.4194852 -4.5701121 -4.6731441 -4.7822946 -4.7657127 -4.7298594 -4.5364036 -4.3271509 -3.9818568 -3.683709 -3.4147959 -3.3491226 -3.3278688 -3.5502617 -3.7911508 -4.0730435 -4.2216992 -4.3153383 -4.1541889 -3.9173073 -3.4959314 -3.0914394 -2.7695551 -2.6379565 -2.6411815 -2.898274 -3.167827 -3.4780065 -3.7170308 -3.7931126 -3.7007325 -3.5088602 -3.1919084 -2.9260223 -2.762154 -2.7477937 -2.8155909 -2.9642296 -3.0482731 -2.9780438 -2.5890458
-3.9862138 -4.0322971 -4.0322971 -3.9471794 -3.8581606 -3.7249825 -3.6359638 -3.6117327 -3.57338 -3.6206429 -3.6933164 -3.780811 -3.877051 -3.9352876 -4.0220757 -4.0718214 -4.1714812 -4.2654454 -4.378584 -4.5041207 -4.530514 -4.5311637 -4.4165179 -4.2549776 -3.9951032 -3.7164623 -3.5008973 -3.4465359 -3.4404631 -3.6543978 -3.8904986 -4.1229565 -4.2375727 -4.2689759 -4.0683732 -3.7715971 -3.3060048 -2.8728742 -2.5223671 -2.3925834 -2.4159931 -2.7129686 -3.0154937 -3.3872527 -3.6606849 -3.8128484 -3.7389604 -3.575092 -3.262793 -2.9983703 -2.8052397 -2.7730823 -2.8023445 -2.9330081 -3.008534 -2.9383047 -2.5642175
-3.5846123 -3.6653317 -3.6915072 -3.7133315 -3.6602693 -3.6717858 -3.6114782 -3.6644505 -3.6648068 -3.7234038 -3.7704974 -3.771782 -3.8008892 -3.7574688 -3.7434951 -3.7384591 -3.7742877 -3.8546121 -3.9757797 -4.1215551 -4.2487314 -4.2895506 -4.2565614 -4.1363869 -3.9206005 -3.7295872 -3.5223756 -3.4852751 -3.4784345 -3.684009 -3.8620192 -4.0703768 -4.1625553 -4.1702387 -3.9088152 -3.6104688 -3.133599 -2.6910716 -2.358707 -2.2909403 -2.324667 -2.65857 -2.9942416 -3.4107309 -3.7102573 -3.8678741 -3.8058452 -3.6413239 -3.3105611 -3.0381094 -2.8320935 -2.7546159 -2.7798662 -2.8920661 -2.959563 -2.8966162 -2.5874637
-3.1681594 -3.2438824 -3.3046828 -3.3634982 -3.4001529 -3.4734742 -3.5323299 -3.6503491 -3.7443133 -3.8062154 -3.8471133 -3.8209314 -3.7529037 -3.6478849 -3.5191618 -3.4307249 -3.3918095 -3.4177259 -3.5381544 -3.692287 -3.835997 -3.9679202 -3.9734475 -3.9529884 -3.8008249 -3.6431017 -3.4871861 -3.4629817 -3.4641676 -3.6397409 -3.8127945 -3.9951957 -4.0611567 -4.037747 -3.7696421 -3.4609978 -2.98695 -2.5872297 -2.2829027 -2.2362012 -2.3255694 -2.676815 -3.0525243 -3.4797526 -3.7966868 -3.9605552 -3.8836567 -3.7023344 -3.35382 -3.0549139 -2.832521 -2.7488478 -2.7470376 -2.8519098 -2.9087375 -2.8560655 -2.5506303
-2.8417446 -2.9203328 -3.0364063 -3.1228351 -3.253745 -3.3619917 -3.5190836 -3.6615023 -3.7840524 -3.8299245 -3.8537365 -3.7569249 -3.6403095 -3.4162986 -3.2355351 -3.0420793 -2.9784038 -2.9673491 -3.0973624 -3.2684029 -3.4569737 -3.6301376 -3.707752 -3.7349435 -3.6551147 -3.5105349 -3.3944614 -3.3702571 -3.371443 -3.5306218 -3.6935771 -3.854529 -3.9174128 -3.89866 -3.6530533 -3.3815196 -2.9696995 -2.6137225 -2.4044955 -2.3912004 -2.5375115 -2.8962693 -3.2777127 -3.6750643 -3.9740664 -4.0677055 -3.9629248 -3.7288271 -3.3420478 -3.0284211 -2.7769111 -2.6858874 -2.6741825 -2.7790547 -2.8358824 -2.8002321 -2.5129081
-2.7235417 -2.8279794 -2.9485512 -3.076576 -3.2088537 -3.3541258 -3.5103227 -3.631296 -3.7684966 -3.7647795 -3.7638369 -3.5994756 -3.4349083 -3.1605522 -2.9197754 -2.709833 -2.6172765 -2.602197 -2.740761 -2.912842 -3.1461042 -3.3449318 -3.4624839 -3.5103583 -3.4539632 -3.3694306 -3.2568817 -3.2461339 -3.2457844 -3.3972261 -3.5504996 -3.7133043 -3.8050367 -3.7990004 -3.6543142 -3.3894106 -3.1038445 -2.7798165 -2.6148927 -2.687445 -2.8391636 -3.166523 -3.5378548 -3.8494048 -4.1227548 -4.1670665 -3.9434275 -3.7014938 -3.2788304 -2.9375589 -2.6810106 -2.5854473 -2.5744144 -2.6882576 -2.7509627 -2.7227392 -2.4853414
-2.7377663 -2.8469142 -2.9740423 -3.0899094 -3.2260557 -3.349691 -3.5015465 -3.6036076 -3.7141538 -3.6918168 -3.6497925 -3.4668022 -3.2616256 -2.9631511 -2.6957826 -2.4581085 -2.3469504 -2.3137865 -2.4483769 -2.6123298 -2.8437191 -3.059084 -3.1917394 -3.266438 -3.2430282 -3.1840104 -3.0955734 -3.09377 -3.108531 -3.2548421 -3.4180938 -3.583913 -3.6881236 -3.7232383 -3.6086148 -3.4432027 -3.2074294 -3.0046378 -2.9051463 -2.9865682 -3.1679939 -3.4785342 -3.8037663 -4.067724 -4.2298775 -4.2123202 -3.9576376 -3.6357533 -3.1958119 -2.818501 -2.5551411 -2.4673386 -2.4614862 -2.5817452 -2.6586009 -2.6410436 -2.4080805
-2.9926721 -3.097325 -3.1859843 -3.2717156 -3.3386499 -3.4101664 -3.4750537 -3.5262288 -3.58169 -3.521238 -3.4577201 -3.2796826 -3.0777445 -2.8124338 -2.5553364 -2.3388911 -2.2229918 -2.1813228 -2.3000527 -2.4335037 -2.6380141 -2.8405117 -2.9676397 -3.0448178 -3.0377094 -3.0000668 -2.9432401 -2.9563427 -2.9826904 -3.1448742 -3.323066 -3.5165217 -3.6407619 -3.7166151 -3.6619809 -3.5491738 -3.3970102 -3.223203 -3.1838121 -3.2705618 -3.4395446 -3.691786 -3.9759692 -4.1339851 -4.2696166 -4.1468934 -3.8496152 -3.4900431 -3.0402746 -2.6595445 -2.4132635 -2.3390711 -2.348892 -2.483415 -2.5658763 -2.5538624 -2.329645
-3.2848116 -3.4078902 -3.4730212 -3.5184982 -3.508368 -3.5140504 -3.4668453 -3.3747588 -3.3955481 -3.3321583 -3.230807 -3.0581857 -2.9097155 -2.6694535 -2.4880176 -2.3024442 -2.2213614 -2.1704196 -2.2692991 -2.3504892 -2.5549996 -2.6829175 -2.8040563 -2.8703156 -2.874748 -2.8426537 -2.8314021 -2.8562703 -2.9324215 -3.1039164 -3.2933993 -3.4887101 -3.6460232 -3.740708 -3.6945534 -3.6551448 -3.5060372 -3.4232456 -3.3839572 -3.4661705 -3.5845378 -3.7455831 -3.9957445 -4.1408259 -4.1293454 -3.9867182 -3.6743253 -3.3064284 -2.8902094 -2.511269 -2.2863121 -2.2304697 -2.2681324 -2.4143715 -2.5055962 -2.4982246 -2.2783842
-3.5981377 -3.6887904 -3.716427 -3.664395 -3.5910854 -3.4737326 -3.3690047 -3.2622443 -3.1738074 -3.0892836 -3.0139575 -2.9070552 -2.8104428 -2.6556782 -2.5204368 -2.3767268 -2.2886854 -2.2334123 -2.277885 -2.3313729 -2.4465793 -2.5650559 -2.6590201 -2.7331055 -2.7565152 -2.7794328 -2.7849601 -2.8592148 -2.9438049 -3.1310831 -3.3166691 -3.5156522 -3.6700305 -3.7929317 -3.7905083 -3.7602061 -3.6532546 -3.5667042 -3.5198847 -3.5307175 -3.6243566 -3.7536725 -3.8938043 -3.9480796 -3.9185332 -3.7488124 -3.4659176 -3.1030661 -2.7168149 -2.3886746 -2.195544 -2.1744215 -2.2212411 -2.371475 -2.4748913 -2.4748913 -2.2616496
-3.7689022 -3.8509286 -3.8356444 -3.7408225 -3.577839 -3.4004037 -3.203425 -3.0470024 -2.9088799 -2.8418177 -2.7755227 -2.7702863 -2.7142666 -2.6976847 -2.6017417 -2.5356834 -2.4476419 -2.3923689 -2.409082 -2.404228 -2.4595011 -2.5515344 -2.634444 -2.7171715 -2.783008 -2.8395536 -2.8909311 -2.9883275 -3.089515 -3.2691177 -3.4451552 -3.622029 -3.7693201 -3.8790332 -3.8802689 -3.8529308 -3.7358819 -3.6461825 -3.5406972 -3.490433 -3.5117624 -3.5607377 -3.6487464 -3.6487464 -3.6072433 -3.460371 -3.2229084 -2.9109937 -2.6104902 -2.3091964 -2.177254 -2.1819748 -2.2477338 -2.4028528 -2.5080072 -2.5134203 -2.3067602
-3.7540451 -3.8408686 -3.8242867 -3.6959853 -3.5109046 -3.2646468 -3.0301232 -2.8252749 -2.6527418 -2.623663 -2.5826401 -2.6477273 -2.6684498 -2.7181511 -2.7136925 -2.6802146 -2.6263728 -2.5721468 -2.5576788 -2.5254828 -2.5673603 -2.6337915 -2.733754 -2.8392617 -2.9362305 -3.0378166 -3.1156379 -3.2122866 -3.3270978 -3.4950441 -3.6097722 -3.7560016 -3.8712608 -3.9673576 -3.9567141 -3.931251 -3.8011464 -3.6859769 -3.5476821 -3.3985146 -3.3679667 -3.3298536 -3.3671246 -3.3472593 -3.2908037 -3.1735003 -3.0321195 -2.7619047 -2.5454586 -2.3081356 -2.2017695 -2.2248402 -2.300922 -2.457711 -2.5672231 -2.5777515 -2.3937884
-3.5722138 -3.6790808 -3.6624989 -3.5523714 -3.348152 -3.1072954 -2.8321564 -2.6298468 -2.4308638 -2.4082225 -2.4181934 -2.5124485 -2.624661 -2.7241525 -2.8015088 -2.8125634 -2.7959473 -2.7472437 -2.7085526 -2.6737473 -2.7124384 -2.7777512 -2.8882973 -3.0484516 -3.1889103 -3.3126898 -3.4279408 -3.5288165 -3.6097712 -3.72682 -3.8097437 -3.9202899 -3.9737447 -4.0381216 -4.0206606 -3.9905305 -3.8559243 -3.7093122 -3.5278865 -3.3711466 -3.2271739 -3.1365786 -3.0887695 -3.0595073 -3.0038631 -2.9219289 -2.795693 -2.651243 -2.4899341 -2.3431887 -2.2671069 -2.2962357 -2.368776 -2.5200195 -2.6334498 -2.6510072 -2.473102
-3.2396613 -3.3590329 -3.4087787 -3.3186124 -3.1615205 -2.9339437 -2.6930694 -2.5018582 -2.3182696 -2.3165166 -2.3453383 -2.485785 -2.624661 -2.779538 -2.8783003 -2.9280461 -2.9183986 -2.8797075 -2.8463595 -2.8194574 -2.8879581 -2.9764468 -3.1491435 -3.3426521 -3.5531856 -3.6750468 -3.785593 -3.847821 -3.8813219 -3.9065173 -3.9403311 -3.956913 -3.9868507 -4.0314984 -4.0251381 -4.0104001 -3.8841231 -3.742343 -3.531655 -3.3435957 -3.1212029 -2.9749148 -2.8768275 -2.8293914 -2.7693874 -2.7459776 -2.6634051 -2.6048807 -2.5066803 -2.3905364 -2.3378644 -2.363237 -2.4217615 -2.5599584 -2.666953 -2.7079201 -2.5417192
-2.881799 -3.0637727 -3.1589598 -3.1541449 -3.0332016 -2.8725192 -2.6491999 -2.4965904 -2.3239627 -2.3484006 -2.3862991 -2.5381546 -2.6893611 -2.8428714 -2.9522452 -2.9996548 -3.0006905 -2.9645626 -2.9349392 -2.9521703 -3.0961755 -3.2136755 -3.4434623 -3.6415671 -3.8571806 -3.9577863 -4.0575495 -3.9765456 -4.0019857 -3.9692099 -3.8381811 -3.8101522 -3.8432952 -3.8858178 -3.9480628 -3.9378439 -3.8791521 -3.7280604 -3.5223578 -3.2731953 -3.0390362 -2.8356177 -2.7027532 -2.6290436 -2.5876628 -2.5872253 -2.6027088 -2.5537575 -2.4984049 -2.4157828 -2.3603888 -2.3590678 -2.4128557 -2.53677 -2.6456269 -2.6968837 -2.5743962
-2.517799 -2.7422059 -2.8914432 -2.955058 -2.9131668 -2.8153857 -2.6530574 -2.53139 -2.404262 -2.430618 -2.4758842 -2.6224776 -2.7586135 -2.9066092 -2.9993974 -3.0436158 -3.0426036 -3.014967 -3.0281356 -3.0627062 -3.231688 -3.4121164 -3.668208 -3.8980889 -4.1204817 -4.193645 -4.2433908 -4.1099106 -3.9958672 -3.8319988 -3.6475848 -3.5757298 -3.5807362 -3.6275558 -3.7218842 -3.7885027 -3.7737044 -3.6819946 -3.4830115 -3.2412636 -2.9603463 -2.7351354 -2.5400011 -2.4543485 -2.4130624 -2.4364722 -2.4727166 -2.4844215 -2.4500492 -2.4011182 -2.3425938 -2.3323753 -2.3616375 -2.4776086 -2.581892 -2.6462688 -2.5386105
-2.2575508 -2.5058912 -2.7435654 -2.8512906 -2.908891 -2.8533229 -2.7807903 -2.6843784 -2.5958614 -2.6183567 -2.6603873 -2.7703516 -2.8863464 -2.9747833 -3.042479 -3.0480063 -3.0426036 -3.014967 -3.0499272 -3.1123801 -3.3224178 -3.5327531 -3.8146457 -4.0476854 -4.2232587 -4.2447415 -4.1937168 -3.96302 -3.7404013 -3.4513303 -3.2027181 -3.0755901 -3.0835843 -3.1733943 -3.3339684 -3.4833629 -3.5594447 -3.5224487 -3.3702852 -3.1285155 -2.8326134 -2.5757911 -2.3484017 -2.2430577 -2.1964276 -2.2432471 -2.3059191 -2.3637848 -2.3521092 -2.3159629 -2.2574385 -2.2332361 -2.2339045 -2.3411148 -2.4426581 -2.5362972 -2.4430718
-2.1607972 -2.4325013 -2.68854 -2.8532934 -2.9348666 -2.9421994 -2.8911918 -2.8416294 -2.7702953 -2.7944431 -2.8268014 -2.8920462 -2.982974 -3.0321404 -3.0623852 -3.0420607 -3.0162744 -2.9831844 -3.0280903 -3.0958403 -3.305878 -3.5226105 -3.7752342 -3.9809064 -4.1114947 -4.0308766 -3.9281529 -3.5620418 -3.2766925 -2.9361263 -2.6233493 -2.4895725 -2.528234 -2.6511571 -2.9120181 -3.1075827 -3.2758717 -3.2786583 -3.1598128 -2.9429932 -2.6445187 -2.3660253 -2.1246413 -2.0192974 -1.9726673 -2.0331179 -2.131089 -2.2106562 -2.2326077 -2.2035654 -2.145041 -2.1132115 -2.104392 -2.2095982 -2.3154039 -2.4214777 -2.3479981
