P1_models/J1_p1_vp_slide_diff2_300.dat.tif
NCOLS 118
NROWS 92
XLLCORNER 139.62
YLLCORNER -39.07
DX 0.099491525
DY 0.099347826
NODATA_VALUE -9999
[rows 48 to 71 of 92, columns 54 to 107 of 118]
-0.061990022 -0.063203464 -0.064416905 -0.065630346 -0.066843788 -0.068850822 -0.065158279 -0.062048103 -0.058937927 -0.05582775 -0.052717574 -0.049607398 -0.050674405 -0.051884946 -0.053095486 -0.054306027 -0.055516567 -0.05082526 -0.051257311 -0.051689363 -0.052121414 -0.052553465 -0.055054796 -0.058262311 -0.056303079 -0.054343846 -0.052384614 -0.050425382 -0.046382767 -0.041377592 -0.036372417 -0.031367243 -0.026362068 -0.016032129 -0.018467737 -0.02161655 -0.024765363 -0.027914176 -0.031090788 -0.035172087 -0.039253385 -0.043334684 -0.047415982 -0.059105649 -0.061508995 -0.061356123 -0.06120325 -0.061050378 -0.060391312 -0.076097343 -0.10132859 -0.12655984 -0.15179109 -0.17527375
-0.079025084 -0.080238525 -0.081451966 -0.082665408 -0.08722875 -0.098977277 -0.093698153 -0.076848019 -0.071990465 -0.068880289 -0.065770112 -0.062659936 -0.063726944 -0.064937484 -0.066148025 -0.065819292 -0.055233394 -0.049480753 -0.049912804 -0.050344855 -0.050776907 -0.054065218 -0.058802417 -0.068502465 -0.073762907 -0.071803675 -0.069844443 -0.06788521 -0.063842595 -0.058837421 -0.053832246 -0.048827071 -0.031608837 -0.018942137 -0.014762367 -0.015907582 -0.019056395 -0.022205208 -0.025381821 -0.029463119 -0.033544418 -0.037625716 -0.05225529 -0.07865995 -0.081063297 -0.080910424 -0.080757552 -0.079464252 -0.075189943 -0.090895974 -0.11612722 -0.14135847 -0.16245137 -0.16585955
-0.096060145 -0.097273586 -0.098487028 -0.10560668 -0.11735521 -0.12910373 -0.12382461 -0.10697447 -0.090124341 -0.081932827 -0.078822651 -0.075712474 -0.076779482 -0.077990022 -0.075060683 -0.064474785 -0.053888887 -0.048136246 -0.048568297 -0.049000348 -0.05313121 -0.057812839 -0.062550038 -0.072250086 -0.081950134 -0.089263503 -0.087304271 -0.085345039 -0.081302424 -0.076297249 -0.069272174 -0.051895509 -0.034518845 -0.021852146 -0.017672375 -0.013492605 -0.013347427 -0.01649624 -0.019672853 -0.023754152 -0.02783545 -0.04540493 -0.071809591 -0.098214252 -0.1006176 -0.10046473 -0.098537192 -0.094262883 -0.089988574 -0.10569461 -0.13092586 -0.14962899 -0.15303717 -0.15644535
-0.11309521 -0.11430865 -0.1239846 -0.13573313 -0.14748166 -0.15923019 -0.15395106 -0.13710093 -0.1202508 -0.10340066 -0.091875189 -0.088765013 -0.08983202 -0.084302075 -0.073716176 -0.063130278 -0.05254438 -0.046791739 -0.047515572 -0.052197201 -0.05687883 -0.061560459 -0.066297659 -0.075997707 -0.085697755 -0.095397804 -0.1047641 -0.10280487 -0.098762252 -0.089558846 -0.072182182 -0.054805518 -0.037428853 -0.024762154 -0.020582384 -0.016402613 -0.012222843 -0.010787273 -0.013963885 -0.018045184 -0.038554571 -0.064959232 -0.091363892 -0.11776855 -0.1201719 -0.11761013 -0.11333582 -0.10906151 -0.10478721 -0.12049324 -0.13680661 -0.14021479 -0.14362297 -0.14703115
-0.130614 -0.14236253 -0.15411106 -0.16585959 -0.17760812 -0.18935664 -0.18407752 -0.16722739 -0.15037725 -0.13352712 -0.11667699 -0.10181755 -0.093543466 -0.082957567 -0.072371669 -0.061785771 -0.051199872 -0.046581564 -0.051263193 -0.055944822 -0.060626451 -0.06530808 -0.070045279 -0.079745328 -0.089445376 -0.099145424 -0.10884547 -0.11854552 -0.10984552 -0.092468854 -0.07509219 -0.057715526 -0.040338862 -0.027672162 -0.023492392 -0.019312621 -0.015132851 -0.010953081 -0.0082549179 -0.031704212 -0.058108873 -0.084513533 -0.11091819 -0.13732285 -0.13668307 -0.13240876 -0.12813446 -0.12386015 -0.11958584 -0.12398423 -0.12739241 -0.13080059 -0.13420877 -0.13761695
-0.11777622 -0.12952475 -0.14127327 -0.1530218 -0.16477033 -0.18212657 -0.18748395 -0.17593246 -0.15908233 -0.14223219 -0.12538206 -0.10853193 -0.097737931 -0.087152033 -0.076566134 -0.065980236 -0.064756487 -0.072255919 -0.076937548 -0.081619177 -0.086300806 -0.090557723 -0.067878592 -0.083607619 -0.093307667 -0.10300772 -0.11270776 -0.12240781 -0.11358776 -0.096211094 -0.07883443 -0.061457766 -0.044003367 -0.038660826 -0.047640366 -0.043460596 -0.039280826 -0.035101055 -0.031833086 -0.058237747 -0.084642408 -0.11104707 -0.13745173 -0.13862087 -0.13444913 -0.13017482 -0.12590051 -0.1216262 -0.12233215 -0.12575601 -0.12916419 -0.13257237 -0.13598055 -0.13570657
-0.097750288 -0.10949882 -0.12124734 -0.13299587 -0.15225099 -0.17280559 -0.17816296 -0.17319318 -0.16420349 -0.14735336 -0.13050322 -0.11365309 -0.1028591 -0.092273197 -0.081687299 -0.08439779 -0.094099299 -0.10159873 -0.10628036 -0.11096199 -0.11043254 -0.087321576 -0.064642445 -0.080528989 -0.096415533 -0.10688919 -0.11658924 -0.12628929 -0.11746923 -0.10009257 -0.082715906 -0.065227349 -0.047623732 -0.04228119 -0.059031997 -0.071161793 -0.066982023 -0.062802253 -0.059534284 -0.085938945 -0.11234361 -0.13874827 -0.13674598 -0.13353728 -0.12936554 -0.12509123 -0.12081692 -0.12251865 -0.1259754 -0.12939927 -0.13280745 -0.13621563 -0.1354009 -0.13247625
-0.077724357 -0.089472885 -0.10182082 -0.12237541 -0.14293001 -0.1634846 -0.16884197 -0.16387219 -0.15890242 -0.15247452 -0.13562439 -0.11877425 -0.10798026 -0.097394362 -0.10403909 -0.1137406 -0.12344211 -0.13094154 -0.13562317 -0.13030735 -0.10719639 -0.084085428 -0.061406298 -0.077292842 -0.093179386 -0.10906593 -0.12047072 -0.13017077 -0.12135071 -0.10397405 -0.086451331 -0.068847714 -0.051244096 -0.045901555 -0.062652361 -0.079403167 -0.094683221 -0.09050345 -0.087235481 -0.11364014 -0.1380798 -0.1348711 -0.1316624 -0.1284537 -0.12428196 -0.12000765 -0.12270515 -0.1261619 -0.12961866 -0.13304252 -0.13645071 -0.13509524 -0.13217059 -0.12924594
-0.057698427 -0.07194524 -0.092499834 -0.11305443 -0.13360902 -0.15416362 -0.15952099 -0.15455121 -0.14958143 -0.14461165 -0.13964187 -0.12389542 -0.11397889 -0.1236804 -0.13338191 -0.14308341 -0.15278492 -0.16028436 -0.15018216 -0.1270712 -0.10396024 -0.080849281 -0.05817015 -0.074056694 -0.089943238 -0.10582978 -0.12171633 -0.13405224 -0.12523219 -0.10767531 -0.090071695 -0.072468078 -0.05486446 -0.049521919 -0.066272725 -0.083023532 -0.099774338 -0.11652514 -0.11493668 -0.13620491 -0.13299621 -0.12978751 -0.12657881 -0.12337011 -0.11943489 -0.12289165 -0.12634841 -0.12980516 -0.13326192 -0.13668578 -0.13478958 -0.13186492 -0.12894027 -0.12601562
-0.042898349 -0.063293643 -0.083848237 -0.10440283 -0.12495742 -0.14551202 -0.15219204 -0.14722226 -0.14225248 -0.1372827 -0.13231292 -0.12734314 -0.13385678 -0.14355829 -0.1532598 -0.1629613 -0.17266281 -0.16797044 -0.14485948 -0.12174852 -0.098637557 -0.075526597 -0.054903958 -0.06731381 -0.083200354 -0.099086898 -0.11497344 -0.13085999 -0.12383972 -0.1062361 -0.08863248 -0.071028863 -0.053425245 -0.049197954 -0.06594876 -0.082699567 -0.099450373 -0.11620118 -0.13235694 -0.12914824 -0.12593954 -0.12273084 -0.11952214 -0.11802066 -0.12478574 -0.12824249 -0.13169925 -0.13515601 -0.13861276 -0.13585321 -0.13292855 -0.1300039 -0.12707925 -0.1241546
-0.039981055 -0.057760902 -0.077482911 -0.098037505 -0.1185921 -0.13914669 -0.14730229 -0.14669704 -0.14172726 -0.13675748 -0.13178771 -0.12681793 -0.12658655 -0.13110912 -0.14081063 -0.15051214 -0.16021365 -0.15552127 -0.13241031 -0.10929935 -0.086188391 -0.066987423 -0.052201035 -0.054468503 -0.064480353 -0.080366897 -0.096253441 -0.11213999 -0.10511972 -0.087516098 -0.06991248 -0.052308862 -0.057635318 -0.061997281 -0.054248581 -0.068903907 -0.085654713 -0.10240552 -0.11856128 -0.11535258 -0.11214388 -0.10893518 -0.10883846 -0.11629642 -0.13024754 -0.13942553 -0.14288228 -0.14633904 -0.1497958 -0.14382438 -0.13574429 -0.13281964 -0.12989499 -0.12697033
-0.037063762 -0.054843608 -0.072623454 -0.091672179 -0.11222677 -0.13278137 -0.14093696 -0.14066691 -0.14039687 -0.13623227 -0.13126249 -0.12629271 -0.12606133 -0.12599277 -0.12836146 -0.13806297 -0.14776448 -0.14307211 -0.11996115 -0.096850185 -0.079261843 -0.064284499 -0.049498112 -0.05176558 -0.054033048 -0.061646897 -0.077533441 -0.093419985 -0.086399715 -0.068796097 -0.05119248 -0.061569975 -0.072652956 -0.077014919 -0.069266219 -0.061517518 -0.071859053 -0.088609859 -0.10476562 -0.10155692 -0.098348222 -0.099656256 -0.10711422 -0.11457218 -0.1285233 -0.14316597 -0.15406532 -0.15752207 -0.16097883 -0.15500741 -0.1445413 -0.13563538 -0.13271072 -0.12978607
-0.034146468 -0.051926314 -0.06970616 -0.087486007 -0.10586145 -0.12641604 -0.13457164 -0.13430159 -0.13403154 -0.13376149 -0.13073727 -0.12576749 -0.12553611 -0.12546755 -0.12539899 -0.12561381 -0.13531532 -0.13062294 -0.10751198 -0.091536264 -0.07655892 -0.061581576 -0.046795189 -0.049062657 -0.051330125 -0.053597593 -0.05881344 -0.074699984 -0.067679714 -0.054421653 -0.065504633 -0.076587614 -0.087670594 -0.092032557 -0.084283857 -0.076535157 -0.068786456 -0.074814199 -0.090969961 -0.087761261 -0.090474057 -0.097932019 -0.10538998 -0.11284795 -0.12679907 -0.14144173 -0.1560844 -0.1687051 -0.17216186 -0.16619044 -0.15572433 -0.14525822 -0.13552646 -0.13260181
-0.031229174 -0.04900902 -0.066788867 -0.084568713 -0.10234856 -0.12012841 -0.12820631 -0.12793626 -0.12766621 -0.12739617 -0.12712612 -0.12524227 -0.12501089 -0.12494233 -0.12487378 -0.12480522 -0.12473666 -0.11878803 -0.10381068 -0.08883334 -0.073855997 -0.058878653 -0.044092265 -0.046359734 -0.048627202 -0.05089467 -0.053162138 -0.055979984 -0.05835631 -0.069439291 -0.080522271 -0.091605252 -0.10268823 -0.1070502 -0.099301495 -0.091552795 -0.083804094 -0.076055394 -0.077174301 -0.081291857 -0.08874982 -0.096207783 -0.10366575 -0.11112371 -0.12507483 -0.1397175 -0.15436016 -0.16900283 -0.18334489 -0.17737347 -0.16690736 -0.15644125 -0.14597514 -0.13550903
-0.038672998 -0.034727893 -0.052507739 -0.070287585 -0.088067432 -0.10584728 -0.1232644 -0.1277146 -0.12744455 -0.1271745 -0.12690446 -0.12663441 -0.11200032 -0.11193176 -0.1118632 -0.11179464 -0.11172609 -0.10511747 -0.090140129 -0.075162785 -0.060185441 -0.045208098 -0.064831876 -0.04324753 -0.045514998 -0.047782467 -0.050049935 -0.052317403 -0.060614561 -0.071697542 -0.082780522 -0.093863503 -0.10572555 -0.11603046 -0.11230781 -0.10455911 -0.096810413 -0.089061712 -0.081766362 -0.089224325 -0.096682288 -0.10414025 -0.11159821 -0.11479105 -0.10069894 -0.1153416 -0.12998427 -0.14462693 -0.1592696 -0.18613646 -0.17981737 -0.16935126 -0.15888515 -0.14841904
-0.061499154 -0.045440867 -0.033285039 -0.051064885 -0.068844731 -0.086624577 -0.1040417 -0.12121234 -0.12989447 -0.12962442 -0.12935437 -0.12908433 -0.11246133 -0.095276433 -0.093423364 -0.093354805 -0.093286246 -0.086677633 -0.071700289 -0.056722945 -0.043594756 -0.070212609 -0.096234179 -0.06900316 -0.042224819 -0.044492287 -0.046759756 -0.049027224 -0.057324382 -0.068407363 -0.079490343 -0.092129372 -0.10762508 -0.11792999 -0.11888154 -0.11669081 -0.10894211 -0.10119341 -0.093898057 -0.10135602 -0.10881398 -0.11627194 -0.11865362 -0.11995228 -0.10246167 -0.082969942 -0.095758278 -0.11040094 -0.12504361 -0.15191048 -0.18460498 -0.18301225 -0.17254614 -0.16208003
-0.084325311 -0.068267023 -0.052208736 -0.036150448 -0.049622031 -0.067401877 -0.084819001 -0.10198964 -0.11916028 -0.13207434 -0.13180429 -0.13153424 -0.11491125 -0.09772635 -0.08054145 -0.074914965 -0.074846407 -0.068237793 -0.05326045 -0.048379207 -0.074997059 -0.10161491 -0.12763648 -0.10040546 -0.073174444 -0.045943426 -0.043469576 -0.045737045 -0.054034203 -0.065117184 -0.078533191 -0.094028902 -0.10952461 -0.11982952 -0.12078107 -0.12173263 -0.1210738 -0.1133251 -0.10602975 -0.11348771 -0.12094568 -0.1225162 -0.12381485 -0.12511351 -0.1076229 -0.088131172 -0.068639443 -0.076174954 -0.09081762 -0.11768449 -0.150379 -0.1830735 -0.18620713 -0.17574102
-0.10715147 -0.09109318 -0.075034892 -0.058976605 -0.042918317 -0.048179176 -0.0655963 -0.082766938 -0.099937577 -0.11710821 -0.13425421 -0.13398416 -0.11736117 -0.10017627 -0.082991368 -0.065806468 -0.056406567 -0.049797954 -0.053163657 -0.079781509 -0.10639936 -0.13301721 -0.15903878 -0.13180777 -0.10457675 -0.077345729 -0.05011471 -0.042446865 -0.050744024 -0.06493701 -0.080432721 -0.095928432 -0.11142414 -0.12172905 -0.1226806 -0.12363216 -0.12458371 -0.1254568 -0.11816144 -0.12508011 -0.12637877 -0.12767743 -0.12897608 -0.13027474 -0.11278413 -0.093292402 -0.073800673 -0.054308943 -0.056591631 -0.0834585 -0.11615301 -0.14884751 -0.18154202 -0.18940201
-0.12549095 -0.10943267 -0.093374379 -0.077316092 -0.061257804 -0.045199517 -0.045957247 -0.063127886 -0.080298524 -0.097469162 -0.1146398 -0.13181044 -0.11576682 -0.098581922 -0.081397022 -0.064212122 -0.047027223 -0.056573916 -0.083191768 -0.10980962 -0.13642747 -0.16304532 -0.18002544 -0.16274985 -0.13551883 -0.10828781 -0.081056793 -0.053825775 -0.055819257 -0.071314969 -0.08681068 -0.10230639 -0.1178021 -0.12507114 -0.1260227 -0.12697425 -0.1279258 -0.12887735 -0.12983925 -0.13113791 -0.13243657 -0.13373522 -0.13503388 -0.13572329 -0.1176034 -0.098111673 -0.078619944 -0.059128215 -0.039636486 -0.058687061 -0.091381568 -0.12407608 -0.15677058 -0.18946509
-0.12151439 -0.1054561 -0.089397817 -0.07333953 -0.057376097 -0.043377106 -0.038213674 -0.041417957 -0.058588596 -0.075759234 -0.092929872 -0.11010051 -0.094056893 -0.076871994 -0.059687094 -0.042502194 -0.057084501 -0.079766997 -0.10638485 -0.1330027 -0.15962055 -0.1665483 -0.14566169 -0.17201286 -0.16417185 -0.13694083 -0.10970981 -0.082478792 -0.084472274 -0.099967986 -0.1154637 -0.13095941 -0.13075579 -0.12940078 -0.13644215 -0.13749143 -0.13844298 -0.13939453 -0.14035643 -0.14165509 -0.14295375 -0.1442524 -0.14408081 -0.1388417 -0.12072182 -0.10123009 -0.081738362 -0.062648202 -0.059740179 -0.080941195 -0.1136357 -0.14633021 -0.17902472 -0.18020638
-0.11753783 -0.10147954 -0.085421255 -0.069957504 -0.055958513 -0.041959523 -0.036796091 -0.037636794 -0.038477498 -0.054049305 -0.071219944 -0.088390582 -0.072346965 -0.055162065 -0.041063449 -0.060670516 -0.080277582 -0.10296008 -0.12957793 -0.15619578 -0.1536001 -0.13218455 -0.11129794 -0.13764911 -0.16400029 -0.16559385 -0.13836283 -0.11113181 -0.11312529 -0.128621 -0.14411671 -0.14012561 -0.13411088 -0.13275586 -0.13979724 -0.14683861 -0.14896016 -0.14991171 -0.15087361 -0.15217227 -0.15347093 -0.15243834 -0.14719923 -0.14196012 -0.12384024 -0.10434851 -0.087810358 -0.084902335 -0.081994313 -0.10319533 -0.13588984 -0.16670865 -0.16612145 -0.16553426
-0.11356127 -0.09750298 -0.082538912 -0.068539921 -0.05454093 -0.04054194 -0.035378508 -0.036219211 -0.037059915 -0.037900618 -0.049510015 -0.066680653 -0.050637036 -0.044649464 -0.064256531 -0.083863597 -0.10347066 -0.12615316 -0.15277101 -0.1406519 -0.11923635 -0.097820802 -0.076934185 -0.10328536 -0.12963654 -0.15598771 -0.16701584 -0.13978483 -0.14177831 -0.15551016 -0.14949543 -0.1434807 -0.13746596 -0.13611095 -0.14315232 -0.15019369 -0.15723507 -0.1604289 -0.1613908 -0.16268945 -0.16079586 -0.15555675 -0.15031765 -0.14507854 -0.12695866 -0.11297251 -0.11006449 -0.10715647 -0.10424845 -0.12544946 -0.15262372 -0.15203653 -0.15144933 -0.15086213
-0.10958471 -0.095120319 -0.081121328 -0.067122338 -0.053123347 -0.039124357 -0.033960925 -0.034801628 -0.035642332 -0.036483035 -0.037323738 -0.044970725 -0.048235479 -0.067842546 -0.087449612 -0.10705668 -0.12666374 -0.14911925 -0.1277037 -0.10628815 -0.084872602 -0.063457052 -0.042570434 -0.068921609 -0.095272784 -0.12162396 -0.14797513 -0.16843784 -0.16487998 -0.15886525 -0.15285052 -0.14683578 -0.14082105 -0.13946604 -0.14650741 -0.15354878 -0.16059015 -0.16763152 -0.17190798 -0.16915338 -0.16391428 -0.15867517 -0.15343606 -0.14819696 -0.13813467 -0.13522665 -0.13231863 -0.1294106 -0.12650258 -0.13853879 -0.1379516 -0.1373644 -0.1367772 -0.13619
-0.10148459 -0.093741811 -0.07974282 -0.065743829 -0.051744839 -0.037745848 -0.042318276 -0.046678593 -0.047519296 -0.048359999 -0.049200703 -0.050041406 -0.043344542 -0.062951608 -0.082558675 -0.10216574 -0.12177281 -0.12338443 -0.10196888 -0.080553331 -0.05913778 -0.037722229 -0.030925293 -0.040127333 -0.066478508 -0.092829683 -0.11918086 -0.14553203 -0.14974537 -0.14373064 -0.13771591 -0.13170117 -0.12807233 -0.13785303 -0.14348416 -0.15052553 -0.15756691 -0.16460828 -0.17128354 -0.16604443 -0.16080532 -0.15556622 -0.15032711 -0.13672341 -0.14015534 -0.13724731 -0.13433929 -0.13143127 -0.12852325 -0.13336047 -0.13319827 -0.13261107 -0.13202387 -0.13143667
