P1_models/J1_p1_vp_slide_diff2_40.dat.tif
NCOLS 118
NROWS 92
XLLCORNER 139.62
YLLCORNER -39.07
DX 0.099491525
DY 0.099347826
NODATA_VALUE -9999
[rows 50 to 74 of 92, columns 0 to 55 of 118]
-9999 0.25812203 0.27004911 0.28197618 0.29678958 0.31287442 0.32895927 0.33742819 0.33710737 0.33678655 0.33284498 0.32609326 0.31934154 0.31546479 0.31734534 0.3192259 0.32251397 0.33341559 0.34431721 0.35206319 0.35252897 0.35299476 0.35456539 0.35749326 0.36042113 0.35972638 0.3493221 0.33891781 0.32771025 0.31186547 0.29602068 0.28204698 0.27168014 0.26131329 0.24623165 0.22706014 0.20788863 0.18556238 0.15872282 0.13188327 0.10790935 0.085458915 0.063008481 0.047562857 0.037152902 0.026742946 0.0049486305 -0.025660723 -0.056270076 -0.057635714 -0.053947243 -0.051527817 -0.054545253 -0.057562689 -0.060058264 -0.060746177
-9999 0.26147866 0.27360447 0.28968931 0.30577415 0.321859 0.33794384 0.34641277 0.34609195 0.33987643 0.3331247 0.32637298 0.31962126 0.31574451 0.31762506 0.31950562 0.32138617 0.32326673 0.33258622 0.34033219 0.34079798 0.34318457 0.34611244 0.34904031 0.35196818 0.35127342 0.34086914 0.33046486 0.32006057 0.30965629 0.29469053 0.28071683 0.27034998 0.25254579 0.23337428 0.21420277 0.19503126 0.172705 0.14586545 0.12315133 0.10070089 0.078250458 0.055800024 0.040354399 0.029944444 0.019534489 0.0091245333 -0.007320231 -0.037929584 -0.039295222 -0.038502964 -0.0415204 -0.044537836 -0.047555272 -0.050050847 -0.05073876
-9999 0.2665042 0.28258904 0.29867389 0.31475873 0.33084357 0.34692842 0.35365959 0.34690787 0.34015614 0.33340442 0.3266527 0.31990097 0.31602423 0.31790478 0.31978534 0.32166589 0.32354645 0.32542701 0.32887587 0.33180374 0.33473161 0.33765948 0.34058735 0.34351522 0.34282047 0.33241619 0.3220119 0.31160762 0.30120333 0.29079905 0.27803144 0.25885992 0.23968841 0.2205169 0.20134539 0.18217388 0.16084374 0.1383933 0.11594287 0.093492435 0.071042 0.048591566 0.033145942 0.022735987 0.012326031 0.0019160758 -0.0084938796 -0.019589092 -0.025478112 -0.028495547 -0.031512983 -0.034530419 -0.037547855 -0.040146307 -0.043074734
-9999 0.28555133 0.30163617 0.31772102 0.33380586 0.34989071 0.35421188 0.34916653 0.34241481 0.33566309 0.32891136 0.32215964 0.31638659 0.31245481 0.31092415 0.3128047 0.31468526 0.31656581 0.31844637 0.32064362 0.32357149 0.32649936 0.32942723 0.3323551 0.33299551 0.3296606 0.32429587 0.31389158 0.3034873 0.29308301 0.28267873 0.26927985 0.25010834 0.23093683 0.21176531 0.1925938 0.17715611 0.16095658 0.13850615 0.11605572 0.093605282 0.071154848 0.051711924 0.035770082 0.023386499 0.012976544 0.0025665882 -0.0078433672 -0.018253323 -0.022360116 -0.025377552 -0.028394988 -0.031412424 -0.032216135 -0.028741643 -0.031670069
-9999 0.30628198 0.32236683 0.33845167 0.35453651 0.35248717 0.34892032 0.34387497 0.33712324 0.33037152 0.3236198 0.31852548 0.31386748 0.30993569 0.30745819 0.30498068 0.30648993 0.30837048 0.31025104 0.31244828 0.31537615 0.31830402 0.32123189 0.32008686 0.31711174 0.31377683 0.30947761 0.3051784 0.29542263 0.28501835 0.27461406 0.26121518 0.24204367 0.22287216 0.20370065 0.19032406 0.17849385 0.16229432 0.13984389 0.11739346 0.094943022 0.076679885 0.058783762 0.042841919 0.028304986 0.014941903 0.0045319473 -0.0058780081 -0.016287963 -0.020394757 -0.023412193 -0.026429629 -0.025434872 -0.020111898 -0.016637406 -0.019565833
-9999 0.32701263 0.34309748 0.35432931 0.35076245 0.3471956 0.34362875 0.3385834 0.33183168 0.32532236 0.32066436 0.31600636 0.31134836 0.30741658 0.30493907 0.30246157 0.29998406 0.30017515 0.30205571 0.30425295 0.30718082 0.31010869 0.30717822 0.30420309 0.30122796 0.29789305 0.29359384 0.28929462 0.28499541 0.27695368 0.26654939 0.25315051 0.233979 0.21532224 0.20349202 0.1916618 0.17983159 0.16363206 0.14118163 0.11954397 0.10164785 0.083751723 0.065855599 0.049913757 0.035376823 0.02083989 0.0064973065 -0.0039126489 -0.014322604 -0.018429398 -0.021446834 -0.01865361 -0.013330636 -0.0080076612 -0.0045331694 -0.0074615959
-9999 0.34774329 0.35260459 0.34903774 0.34547089 0.34190403 0.33833718 0.33329183 0.32746124 0.32280324 0.31814524 0.31348725 0.30882925 0.30489746 0.30241996 0.29994245 0.29746495 0.29498744 0.29386037 0.29605762 0.2972447 0.29426957 0.29129444 0.28831932 0.28534419 0.28200928 0.27771006 0.27341085 0.26911164 0.26481242 0.25848473 0.24508584 0.2284902 0.21665998 0.20482976 0.19299954 0.18116933 0.16496981 0.14451193 0.12661581 0.10871968 0.09082356 0.072927436 0.056985594 0.042448661 0.027911727 0.013374793 -0.0011621404 -0.012357245 -0.016464039 -0.011872347 -0.006549373 -0.0012263987 0.0040965755 0.0075710674 0.0049341226
-9999 0.35061974 0.34705289 0.34348604 0.33991919 0.33635233 0.33278548 0.33132849 0.32667049 0.3220125 0.3173545 0.3126965 0.3080385 0.30337517 0.30089766 0.29842016 0.29594265 0.29346515 0.29098764 0.28835967 0.28538454 0.28240941 0.27943428 0.27645915 0.27348402 0.26720011 0.26296835 0.25866914 0.25436992 0.25007071 0.24577149 0.23889993 0.22706972 0.2152395 0.20340928 0.19157907 0.17974885 0.16890163 0.15100551 0.13310939 0.11521326 0.097317139 0.079421015 0.065791773 0.051254839 0.036717906 0.022180972 0.0076440383 -0.0068928954 -0.0069509163 -0.001627942 0.0036950322 0.0090180065 0.014340981 0.020201258 0.018852689
-9999 0.34417958 0.34061272 0.33704587 0.33347902 0.32987928 0.32604804 0.32591778 0.33005891 0.32712494 0.32246694 0.31780894 0.31315094 0.30841115 0.30350754 0.30030247 0.29782496 0.29534746 0.29286995 0.29024198 0.28726685 0.28429172 0.28131659 0.27834146 0.26430023 0.25279622 0.25121835 0.24782808 0.24352887 0.23922965 0.23493044 0.22805888 0.21622866 0.20439845 0.19256823 0.18069297 0.166235 0.15637215 0.15308327 0.13762795 0.11973182 0.1018357 0.083939575 0.07269445 0.06598459 0.051447656 0.036910722 0.022373789 0.0078368549 0.0027971324 0.002264285 0.0075872593 0.012910234 0.018233208 0.024093485 0.031814916
-9999 0.33773941 0.33417256 0.3306057 0.32691248 0.32308124 0.31925 0.31911973 0.32326087 0.327402 0.32757938 0.32292138 0.31826338 0.31352359 0.30861998 0.30371637 0.29970727 0.29722977 0.29475226 0.29212429 0.28914916 0.28617403 0.28031123 0.26510379 0.24989634 0.23839233 0.23681446 0.2352366 0.23268781 0.2283886 0.22408938 0.21721782 0.20538761 0.19355739 0.18086959 0.16641161 0.15195364 0.14209079 0.13880191 0.13551303 0.12425038 0.10635426 0.088458135 0.07721301 0.070749202 0.064285395 0.051640472 0.037103539 0.022566605 0.017526883 0.014128536 0.011479486 0.016802461 0.022125435 0.027985712 0.035707143
-9999 0.33129924 0.32773239 0.32394568 0.32011444 0.3162832 0.31245196 0.31232169 0.31646283 0.32060396 0.32474509 0.32803382 0.32337582 0.31863602 0.31373242 0.30882881 0.30392521 0.29911208 0.29663457 0.2940066 0.29103147 0.28111479 0.26590734 0.2506999 0.23549245 0.22398844 0.22241057 0.22083271 0.21925484 0.21754754 0.21324833 0.20637677 0.19454655 0.1810462 0.16658823 0.15213025 0.13767228 0.12780943 0.12452055 0.12123167 0.11794278 0.11087282 0.092976695 0.081731569 0.075267762 0.068803955 0.062340147 0.051833289 0.037296355 0.032256633 0.028858287 0.02545994 0.022061594 0.026017662 0.031877939 0.03959937
-9999 0.32481012 0.32097888 0.31714764 0.3133164 0.30948516 0.30565392 0.30552365 0.30966478 0.31380592 0.31794705 0.32208818 0.32622931 0.32374846 0.31884486 0.31394125 0.30903765 0.30413404 0.29923044 0.29588891 0.28191834 0.2667109 0.25150345 0.23629601 0.22108856 0.20958455 0.20800669 0.20642882 0.20485095 0.20327308 0.20169521 0.19553571 0.18122281 0.16676484 0.15230687 0.13784889 0.12339092 0.11352807 0.11023919 0.1069503 0.10366142 0.10037254 0.097083662 0.086250129 0.079786322 0.073322515 0.066858707 0.0603949 0.052026106 0.046986383 0.043588037 0.040189691 0.036791344 0.033392998 0.035770167 0.043491597
-9999 0.320529 0.31669776 0.31286652 0.30903528 0.30520404 0.30388505 0.30305007 0.30305538 0.30719651 0.31133764 0.31547877 0.31961991 0.32308343 0.32234987 0.31744627 0.31254266 0.30763906 0.30273545 0.29471612 0.27950867 0.26430123 0.24909378 0.23388634 0.22087263 0.21681692 0.21393064 0.21235277 0.2107749 0.20919703 0.20761916 0.20164187 0.1871839 0.17272592 0.15826795 0.14380998 0.13092662 0.11907556 0.11006261 0.10677372 0.10348484 0.10019596 0.096907081 0.093661909 0.088172272 0.081708465 0.075244657 0.06878085 0.062317043 0.059590673 0.056209994 0.052811648 0.049413302 0.046014955 0.044428555 0.050203703
-9999 0.31734236 0.31351112 0.30967988 0.30584864 0.30670908 0.30904143 0.30820644 0.30371595 0.30066914 0.30481027 0.3089514 0.31309253 0.31655605 0.31866262 0.32025229 0.31534869 0.31044508 0.30554147 0.29752214 0.2823147 0.26710725 0.2518998 0.24252799 0.23830972 0.23425401 0.23063404 0.2271163 0.22553843 0.22396056 0.22238269 0.2164054 0.20194743 0.18748945 0.17303148 0.16165157 0.1520557 0.14020464 0.12512721 0.11273062 0.10944174 0.10615286 0.10286398 0.099618805 0.096405054 0.091776153 0.085312345 0.078848538 0.072384731 0.069658361 0.067577922 0.06451703 0.061118683 0.057720337 0.056133937 0.060823896
-9999 0.31415572 0.31032448 0.30720077 0.30953311 0.31186546 0.3141978 0.31336281 0.30887232 0.30438183 0.29989133 0.30242403 0.30656516 0.31002868 0.31213525 0.31424181 0.31634838 0.3132511 0.3083475 0.30032817 0.28512072 0.26991327 0.26418335 0.25996508 0.2557468 0.2516911 0.24807113 0.24445115 0.24083118 0.23872409 0.23714622 0.23116893 0.21671096 0.20225298 0.19237652 0.18278064 0.17318477 0.16133371 0.14625628 0.13117886 0.11610143 0.11210975 0.10882087 0.1055757 0.10236195 0.099148199 0.095380033 0.088916226 0.082452419 0.079726049 0.07764561 0.075565171 0.072824065 0.069425719 0.067839318 0.072529278
-9999 0.31096909 0.3100248 0.31235715 0.31468949 0.31702183 0.31935417 0.31851919 0.31402869 0.3095382 0.30504771 0.30055721 0.30003779 0.30350131 0.30560787 0.30771444 0.30982101 0.31192758 0.31115352 0.30313419 0.29005699 0.28583872 0.28162044 0.27740217 0.27318389 0.26912819 0.26550822 0.26188824 0.25826827 0.25464829 0.25190975 0.24593246 0.23269734 0.22310147 0.21350559 0.20390972 0.19431385 0.18246279 0.16738536 0.15230793 0.13723051 0.12215308 0.11477777 0.1115326 0.10831885 0.10510509 0.10189134 0.098677593 0.092520107 0.089793737 0.087713298 0.085632859 0.08355242 0.0811311 0.0795447 0.084234659
-9999 0.31293746 0.3152698 0.31760214 0.31993448 0.32226682 0.32459917 0.32377057 0.31928008 0.31478959 0.31029909 0.3058086 0.30131811 0.29989638 0.30200295 0.30410952 0.30621608 0.30832265 0.31042922 0.31062325 0.30640497 0.3021867 0.29796842 0.29375015 0.28953187 0.2847438 0.28112383 0.27750385 0.27388388 0.27026391 0.26664393 0.26098279 0.25138691 0.24179104 0.23219517 0.22259929 0.21300342 0.20314528 0.18806785 0.17299043 0.157913 0.14283557 0.12775815 0.12015032 0.11693657 0.11372282 0.11050907 0.10729532 0.10408157 0.10183413 0.099753688 0.097673249 0.09559281 0.093512372 0.091856427 0.096546387
-9999 0.31862324 0.32095558 0.32328793 0.32562027 0.32795386 0.33031442 0.32949455 0.32500406 0.32051357 0.31602307 0.31153258 0.31653909 0.31896287 0.31440765 0.31504043 0.31714699 0.31925356 0.32136013 0.32155416 0.31733588 0.31311761 0.30889933 0.30468106 0.29946293 0.29395212 0.28822141 0.28405971 0.28043973 0.27681976 0.27319979 0.26753864 0.25794277 0.24834689 0.23875102 0.22915515 0.22810527 0.22160653 0.20652911 0.19145168 0.17637425 0.16254976 0.16234529 0.15314539 0.1387889 0.13557515 0.1323614 0.12914765 0.1259339 0.12368645 0.12160602 0.11952558 0.11744514 0.11182217 0.10718403 0.11187399
-9999 0.32430903 0.32664137 0.32897371 0.33131729 0.33367784 0.3360384 0.33521853 0.33072804 0.32623755 0.32452192 0.33043074 0.33633956 0.33876333 0.33420811 0.32965289 0.3280779 0.33018447 0.33229104 0.33248507 0.32826679 0.32404852 0.3196397 0.31421095 0.30878219 0.30327139 0.29754068 0.29180997 0.28699559 0.28337561 0.27975564 0.27409449 0.26449862 0.25490275 0.24757122 0.24706887 0.24656653 0.24006779 0.22499036 0.20991293 0.20035738 0.20015291 0.19994844 0.19074854 0.17508194 0.15941534 0.15421373 0.15099997 0.14778622 0.14553878 0.14345834 0.1413779 0.13448088 0.12714977 0.12251163 0.12720159
-9999 0.32999482 0.33232716 0.33468071 0.33704127 0.33940182 0.34176238 0.34094251 0.33645202 0.33841357 0.34432238 0.3502312 0.35614002 0.3585638 0.35400858 0.34945336 0.34489814 0.34111538 0.34322195 0.34341598 0.3391977 0.33438773 0.32895897 0.32353022 0.31810146 0.31259066 0.30685995 0.30112924 0.29539852 0.28993146 0.28631149 0.28065035 0.27105447 0.26653482 0.26603248 0.26553013 0.26502778 0.25852904 0.24345162 0.23816501 0.23796054 0.23775606 0.23755159 0.22835169 0.21268509 0.19701849 0.1813519 0.1728523 0.16963855 0.16739111 0.16447069 0.15713959 0.14980848 0.14247738 0.13783924 0.1425292
-9999 0.33568357 0.33804413 0.34040469 0.34276525 0.34512581 0.34748636 0.34666649 0.35230521 0.35821403 0.36412285 0.37003167 0.37594048 0.37836426 0.37380904 0.36925382 0.3646986 0.36014338 0.35558816 0.35434689 0.34913575 0.34370699 0.33827824 0.33284948 0.32742073 0.32190993 0.31617921 0.3104485 0.30471779 0.29898708 0.29325637 0.2872062 0.28549843 0.28499608 0.28449373 0.28399138 0.28348903 0.2769903 0.27597263 0.27576816 0.27556369 0.27535922 0.27515474 0.26595484 0.25028825 0.23462165 0.21895505 0.20328845 0.19149088 0.1871294 0.17979829 0.17246719 0.16513609 0.15780498 0.15316684 0.16113027
-9999 0.33791087 0.34027143 0.34263199 0.34499255 0.3473531 0.34929121 0.35230235 0.3579001 0.36380891 0.36971773 0.37562655 0.38153537 0.38630901 0.38553205 0.38097683 0.37642161 0.37186639 0.36731117 0.36249181 0.35706305 0.3516343 0.34620554 0.34077679 0.33492328 0.33045722 0.33169214 0.32596143 0.32023072 0.31450001 0.3087693 0.30482442 0.30432207 0.30381973 0.30331738 0.30281503 0.30258 0.29491438 0.28651036 0.28630588 0.28610141 0.28589694 0.28569247 0.27674105 0.26117839 0.24551179 0.22984519 0.21417859 0.19851199 0.18559001 0.17825891 0.1709278 0.1635967 0.1562656 0.15505466 0.17046741
-9999 0.33815292 0.34051347 0.34287403 0.34523459 0.3467051 0.34784909 0.35086022 0.35602628 0.36133854 0.36724736 0.37315618 0.37906499 0.38383864 0.38633902 0.38811384 0.38355862 0.3790034 0.37444818 0.36962882 0.36420007 0.35877131 0.35334256 0.34639385 0.3379369 0.33347085 0.33970138 0.34499083 0.33926012 0.33352941 0.3277987 0.32385382 0.32335147 0.32284913 0.32234678 0.32245305 0.32295759 0.31529197 0.29593778 0.28147713 0.28127266 0.28106818 0.28086371 0.27191229 0.25667281 0.24123554 0.22556894 0.20990235 0.19423575 0.18108776 0.16837505 0.15981214 0.15248103 0.14514993 0.14393899 0.16392755
-9999 0.33839496 0.34075552 0.342975 0.34411899 0.34526297 0.34640696 0.3494181 0.35458415 0.35975021 0.36491627 0.3706858 0.37659462 0.38136826 0.38386865 0.38636904 0.38886943 0.38614042 0.3815852 0.37676583 0.37133708 0.36590832 0.35786442 0.34940747 0.34095053 0.33648447 0.342715 0.34894553 0.35517606 0.35255881 0.34682809 0.34288322 0.34238087 0.34187852 0.3423261 0.34283064 0.34333518 0.33566957 0.31631538 0.29696119 0.277607 0.27623943 0.27603496 0.26708354 0.25184406 0.23660457 0.2212927 0.2056261 0.1899595 0.17681151 0.1640988 0.15138609 0.14136537 0.13403426 0.13282332 0.15281188
-9999 0.33863701 0.34038888 0.34153287 0.34267686 0.34382085 0.34496484 0.34797597 0.35314203 0.35830809 0.36347414 0.3686402 0.37412425 0.37889789 0.38139828 0.38389866 0.38639905 0.38889944 0.38872221 0.38390285 0.37779194 0.36933499 0.36087805 0.3524211 0.34396416 0.3394981 0.34572863 0.35195916 0.35818969 0.36442022 0.36585749 0.36191262 0.36169462 0.36219916 0.3627037 0.36320824 0.36371278 0.35604716 0.33669297 0.31733878 0.29798459 0.2786304 0.2712062 0.26225478 0.2470153 0.23177582 0.21653633 0.20129685 0.18568325 0.17253526 0.15982256 0.14710985 0.13439714 0.1229186 0.12170765 0.14169621
