P1_models/J1_p1_vp_slide_diff2_240.dat.tif
NCOLS 118
NROWS 92
XLLCORNER 139.62
YLLCORNER -39.07
DX 0.099491525
DY 0.099347826
NODATA_VALUE -9999
[rows 48 to 71 of 92, columns 0 to 52 of 118]
-9999 -0.04842005 -0.042284685 -0.03614932 -0.030013955 -0.02387859 -0.017743225 -0.014820166 0.005249558 0.025319282 0.045389006 0.06545873 0.085528454 0.091844077 0.069509428 0.043387762 0.017266096 -0.0088555697 -0.034977236 -0.053858055 -0.056033934 -0.058209814 -0.060385694 -0.062561573 -0.064737453 -0.065130242 -0.067718443 -0.069735592 -0.07175274 -0.073769889 -0.075787037 -0.074717085 -0.067696187 -0.060675289 -0.053654392 -0.046633494 -0.039612596 -0.036184204 -0.036128797 -0.036073391 -0.036017984 -0.035962578 -0.036351503 -0.038043147 -0.044677661 -0.051312174 -0.057946688 -0.064581202 -0.071215716 -0.077084459 -0.082820856 -0.088557253 -0.09429365
-9999 -0.037667083 -0.031531718 -0.025396353 -0.019260988 -0.019432987 -0.03181593 -0.029133539 -0.0090638144 0.01100591 0.031075634 0.049009246 0.058879131 0.063724227 0.058506891 0.043100095 0.016978429 -0.0091432369 -0.035264903 -0.054145722 -0.056321601 -0.058497481 -0.060673361 -0.062300833 -0.059802933 -0.059195202 -0.063653603 -0.066996682 -0.069013831 -0.071030979 -0.073048128 -0.071978176 -0.064957278 -0.05793638 -0.050915482 -0.044219825 -0.038636327 -0.035327163 -0.035271756 -0.03521635 -0.035160944 -0.037167512 -0.042747958 -0.043579989 -0.040998446 -0.046051817 -0.052686331 -0.059320845 -0.065955359 -0.071824102 -0.077560499 -0.083296896 -0.089033293
-9999 -0.026914116 -0.020778751 -0.014643386 -0.021363416 -0.033746359 -0.046129303 -0.043446911 -0.023377187 -0.0033074628 0.01101951 0.020889396 0.030759281 0.035604377 0.030387041 0.025169706 0.016690762 -0.009430904 -0.03555257 -0.054433389 -0.056609269 -0.058785148 -0.058863695 -0.056365794 -0.053867893 -0.053260163 -0.057718564 -0.062176965 -0.066274922 -0.06829207 -0.070309219 -0.069239266 -0.062218369 -0.055197471 -0.048946283 -0.043362785 -0.037779286 -0.034470122 -0.034414716 -0.034359309 -0.037983522 -0.043563967 -0.049144412 -0.049976443 -0.0473949 -0.044813357 -0.047425974 -0.054060488 -0.060695002 -0.066563745 -0.072300142 -0.077670434 -0.081472254
-9999 -0.016161149 -0.010910901 -0.023293845 -0.035676788 -0.048059732 -0.060442675 -0.057760283 -0.037690559 -0.026970226 -0.01710034 -0.0072304546 0.002639431 0.0074845265 0.0022671909 -0.0029501447 -0.0081674803 -0.013384816 -0.035840237 -0.054721056 -0.056896936 -0.055426556 -0.052928655 -0.050430755 -0.047932854 -0.047325124 -0.051783525 -0.056241926 -0.060700326 -0.065158727 -0.06757031 -0.066500357 -0.059479459 -0.05367274 -0.048089242 -0.042505744 -0.036922246 -0.033613082 -0.033557675 -0.038799531 -0.044379976 -0.049960421 -0.055540867 -0.056372898 -0.053791355 -0.051209812 -0.048628268 -0.048800131 -0.055434645 -0.061303388 -0.066204261 -0.070006081 -0.073807901
-9999 -0.01284133 -0.025224273 -0.037607217 -0.049990161 -0.062373104 -0.074756048 -0.074829847 -0.064959961 -0.055090076 -0.04522019 -0.035350305 -0.025480419 -0.020635324 -0.025852659 -0.031069995 -0.036287331 -0.041504666 -0.046722002 -0.054487318 -0.051989417 -0.049491517 -0.046993616 -0.044495716 -0.041997815 -0.041390085 -0.045848486 -0.050306887 -0.054765287 -0.059223688 -0.063682089 -0.063982696 -0.058399198 -0.0528157 -0.047232202 -0.041648703 -0.036065205 -0.034035095 -0.03961554 -0.045195985 -0.050776431 -0.056356876 -0.061937321 -0.062769353 -0.060187809 -0.057606266 -0.055024723 -0.05244318 -0.050174288 -0.054738087 -0.058539907 -0.062341727 -0.066143547
-9999 -0.019689979 -0.032072923 -0.044455866 -0.05683881 -0.069221753 -0.074913579 -0.070977423 -0.061107538 -0.051237652 -0.041367767 -0.031497881 -0.026824348 -0.029880476 -0.036242066 -0.041459401 -0.046676737 -0.051894073 -0.057111408 -0.059995772 -0.057497871 -0.054999971 -0.05250207 -0.05000417 -0.045740959 -0.041732305 -0.045937921 -0.050396322 -0.054854723 -0.059313123 -0.063771524 -0.064799941 -0.059216443 -0.053632944 -0.048049446 -0.042465948 -0.037897917 -0.038082578 -0.043663023 -0.049243469 -0.054823914 -0.060404359 -0.065282939 -0.064588078 -0.061116799 -0.058535256 -0.055953713 -0.053372169 -0.050790626 -0.053651797 -0.057453617 -0.061255437 -0.065057257
-9999 -0.025289741 -0.037672684 -0.050055628 -0.062438572 -0.064506874 -0.065712027 -0.061775871 -0.051905985 -0.0420361 -0.032166214 -0.03109643 -0.032343336 -0.035399464 -0.042078661 -0.048757859 -0.054099747 -0.059317083 -0.064534419 -0.067418782 -0.064920882 -0.062422981 -0.059925081 -0.05428398 -0.047230528 -0.043221875 -0.047374044 -0.051526213 -0.055952084 -0.060410485 -0.064868886 -0.065897302 -0.060313804 -0.054730306 -0.049146808 -0.045139328 -0.041552405 -0.041737066 -0.047317512 -0.052897957 -0.058478402 -0.063081654 -0.067599255 -0.066904394 -0.062462359 -0.05854951 -0.055967967 -0.053386424 -0.05080488 -0.053666051 -0.057467871 -0.061269691 -0.063665257
-9999 -0.030889503 -0.043272446 -0.052895017 -0.05410017 -0.055305322 -0.056510474 -0.052574318 -0.042704433 -0.034121605 -0.035368512 -0.036615418 -0.037862324 -0.040918451 -0.047597649 -0.054276847 -0.060956045 -0.066740093 -0.071957429 -0.074841793 -0.072343892 -0.069845992 -0.062827001 -0.055773549 -0.048720098 -0.044711444 -0.048863613 -0.053015783 -0.057167952 -0.061507846 -0.065966247 -0.066994664 -0.061411166 -0.055967661 -0.052380739 -0.048793816 -0.045206894 -0.045391554 -0.050972 -0.056362767 -0.060880369 -0.06539797 -0.069915571 -0.06922071 -0.064778675 -0.06033664 -0.055982221 -0.053400678 -0.050819135 -0.053680306 -0.057482125 -0.059247337 -0.060125882
-9999 -0.036489264 -0.042488313 -0.043693465 -0.044898617 -0.046103769 -0.047308922 -0.043372766 -0.038393687 -0.039640593 -0.040887499 -0.042134405 -0.043381311 -0.046437439 -0.053116637 -0.059795835 -0.066475032 -0.07315423 -0.079380439 -0.082264803 -0.078423474 -0.071370022 -0.064316571 -0.057263119 -0.050209667 -0.046201014 -0.050353183 -0.054505352 -0.058657521 -0.062809691 -0.067063609 -0.068092025 -0.063209072 -0.059622149 -0.056035227 -0.052448304 -0.048861382 -0.049046043 -0.054161482 -0.058679083 -0.063196685 -0.067714286 -0.072231888 -0.071537026 -0.067094991 -0.062652956 -0.058210922 -0.053768887 -0.050833389 -0.05369456 -0.054829417 -0.055707962 -0.056586508
-9999 -0.033867148 -0.0350723 -0.036277453 -0.037482605 -0.038687757 -0.039892909 -0.042847495 -0.044094401 -0.045341307 -0.046588213 -0.047835119 -0.049082025 -0.049837403 -0.056516601 -0.063195798 -0.069874996 -0.076554194 -0.083233392 -0.085760042 -0.07870659 -0.071653139 -0.064599687 -0.057546235 -0.050492783 -0.046708811 -0.050667349 -0.054819518 -0.058971688 -0.063123857 -0.067276026 -0.068784775 -0.065197852 -0.06161093 -0.058024007 -0.054437085 -0.050850162 -0.050535554 -0.055053156 -0.059570757 -0.064088359 -0.06860596 -0.073123561 -0.07482125 -0.070379215 -0.06593718 -0.061495145 -0.057053111 -0.052611076 -0.051351734 -0.052230279 -0.053108825 -0.053987371
-9999 -0.032549575 -0.033754727 -0.03495988 -0.036165032 -0.037014274 -0.035357985 -0.038997615 -0.048749415 -0.051662699 -0.052909605 -0.054156511 -0.055403417 -0.055918321 -0.054967348 -0.059358323 -0.066037521 -0.072716718 -0.079395916 -0.081922567 -0.074869115 -0.067815663 -0.060762212 -0.05370876 -0.053697689 -0.053235742 -0.04957614 -0.051119143 -0.055271312 -0.059423481 -0.063575651 -0.065084399 -0.061497477 -0.057910554 -0.054323632 -0.050660433 -0.042623035 -0.041525986 -0.050358088 -0.055596623 -0.060114225 -0.064631826 -0.069149428 -0.073313655 -0.076969287 -0.072527253 -0.068085218 -0.063643183 -0.059201148 -0.05519395 -0.052842483 -0.053721028 -0.054599574
-9999 -0.031232002 -0.032437154 -0.033642307 -0.03347975 -0.031823461 -0.030167172 -0.033806801 -0.043558602 -0.053310402 -0.059230997 -0.060477903 -0.061724809 -0.062239713 -0.061288739 -0.060337766 -0.062200045 -0.068879243 -0.075558441 -0.078085091 -0.07103164 -0.063978188 -0.058762426 -0.059493523 -0.06022462 -0.059762674 -0.056103072 -0.05244347 -0.051570937 -0.055723106 -0.059875275 -0.061384024 -0.057797101 -0.054210179 -0.049170815 -0.041133418 -0.03309602 -0.031998971 -0.040831073 -0.049663176 -0.056140091 -0.060657692 -0.065175294 -0.069339521 -0.073249713 -0.077159904 -0.07467529 -0.070233256 -0.065791221 -0.061784022 -0.057851975 -0.054333232 -0.055211778
-9999 -0.029914429 -0.031119581 -0.029945226 -0.028288936 -0.026632647 -0.024976358 -0.028615988 -0.038367788 -0.048119589 -0.057871389 -0.066799295 -0.068046201 -0.068561104 -0.067610131 -0.066659158 -0.065708185 -0.065041768 -0.071720965 -0.074247616 -0.067194164 -0.064558261 -0.065289358 -0.066020455 -0.066751551 -0.066289605 -0.062630003 -0.058970401 -0.055310799 -0.052022731 -0.0561749 -0.057683649 -0.054096726 -0.047681198 -0.0396438 -0.031606403 -0.023569005 -0.022471956 -0.031304058 -0.040136161 -0.048968264 -0.056683558 -0.06120116 -0.065365387 -0.069275579 -0.07318577 -0.077095962 -0.076823328 -0.072381293 -0.068374095 -0.064442047 -0.06051 -0.056577953
-9999 -0.028066991 -0.026410701 -0.024754412 -0.023098123 -0.021441834 -0.019785544 -0.023425174 -0.033176975 -0.042928775 -0.052680576 -0.062432376 -0.072184177 -0.074882496 -0.073931523 -0.07298055 -0.072029577 -0.071078603 -0.07012763 -0.07041014 -0.070354095 -0.071085192 -0.071816289 -0.072547386 -0.073278483 -0.072816536 -0.069156935 -0.065497333 -0.061837731 -0.058178129 -0.054518527 -0.053983273 -0.04619158 -0.038154183 -0.030116785 -0.022079388 -0.01404199 -0.012944941 -0.021777043 -0.030609146 -0.039441249 -0.048273352 -0.057105455 -0.061391254 -0.065301445 -0.069211637 -0.073121828 -0.07703202 -0.078971366 -0.074964167 -0.07103212 -0.067100073 -0.063168025
-9999 -0.029973342 -0.028317053 -0.026660763 -0.025004474 -0.023348185 -0.024057696 -0.025612801 -0.030003328 -0.039755128 -0.049506929 -0.059258729 -0.06901053 -0.075893239 -0.076184423 -0.07523345 -0.074282477 -0.073331504 -0.072380531 -0.07193819 -0.072669287 -0.073400384 -0.074131481 -0.074862578 -0.073869059 -0.067367432 -0.064302184 -0.060642582 -0.05698298 -0.053323378 -0.049663776 -0.044508863 -0.036471465 -0.028434068 -0.02039667 -0.012359272 -0.008057366 -0.017230893 -0.030172039 -0.039004142 -0.047836245 -0.056668347 -0.06550045 -0.067146606 -0.068829756 -0.072739947 -0.076650139 -0.08056033 -0.084470522 -0.080943201 -0.076999348 -0.073067301 -0.069135253
-9999 -0.034965901 -0.033309612 -0.031653323 -0.029997034 -0.032758921 -0.036906903 -0.038462007 -0.037024599 -0.037458648 -0.047210449 -0.056962249 -0.06671405 -0.073596759 -0.074733947 -0.075717164 -0.074766191 -0.073815217 -0.072864244 -0.072421904 -0.073153001 -0.073884098 -0.074615195 -0.070758586 -0.062850502 -0.056348875 -0.053616906 -0.050838497 -0.047178895 -0.043519293 -0.039859691 -0.034704778 -0.02666738 -0.018629983 -0.010592585 -0.0098573285 -0.013354371 -0.022527899 -0.039822442 -0.055192539 -0.064024642 -0.072856745 -0.081688847 -0.083335003 -0.079815272 -0.079530702 -0.083440894 -0.087351085 -0.091261277 -0.087733956 -0.082921231 -0.078763684 -0.074831637
-9999 -0.039958461 -0.038302172 -0.037312166 -0.041460147 -0.045608128 -0.049756109 -0.051311213 -0.049873806 -0.048436398 -0.04699899 -0.054665769 -0.064417569 -0.071300278 -0.072437467 -0.073574655 -0.074711843 -0.074298931 -0.073347958 -0.072905617 -0.073636714 -0.074367811 -0.067648113 -0.059740029 -0.051831945 -0.045330318 -0.042598349 -0.039866379 -0.037134409 -0.033715208 -0.030055606 -0.024900693 -0.016863295 -0.0088258975 -0.011657291 -0.015154334 -0.018651377 -0.027824904 -0.045119447 -0.06241399 -0.079708534 -0.089045142 -0.097877245 -0.0995234 -0.096003669 -0.092483938 -0.090231649 -0.09414184 -0.098052032 -0.094524711 -0.089711986 -0.084899261 -0.08052802
-9999 -0.04495102 -0.046013391 -0.050161372 -0.054309353 -0.058457334 -0.062605315 -0.06416042 -0.062723012 -0.061285604 -0.059848196 -0.058410788 -0.062121089 -0.069003798 -0.070140986 -0.071278175 -0.072415363 -0.073552551 -0.073831671 -0.073389331 -0.072445724 -0.06453764 -0.056629556 -0.048721472 -0.040813388 -0.034311761 -0.031579792 -0.028847822 -0.026115852 -0.023383882 -0.020251521 -0.015096608 -0.0099602108 -0.013457254 -0.016954296 -0.020451339 -0.023948382 -0.033121909 -0.050416452 -0.067710996 -0.085005539 -0.10230008 -0.11406564 -0.1157118 -0.11219207 -0.10867234 -0.1051526 -0.10163287 -0.10484279 -0.10131547 -0.096502741 -0.091690016 -0.086877292
-9999 -0.052314733 -0.056462714 -0.060610695 -0.064758677 -0.068906658 -0.073054639 -0.07376137 -0.072323962 -0.070886554 -0.069449146 -0.068011738 -0.06657433 -0.066323672 -0.067460861 -0.068598049 -0.069735237 -0.070872425 -0.072009613 -0.070411647 -0.062503563 -0.054595479 -0.046687395 -0.038779311 -0.030871227 -0.027075963 -0.024343993 -0.021612023 -0.018880054 -0.016148084 -0.013416114 -0.012811771 -0.016308814 -0.019805857 -0.0233029 -0.026799942 -0.030296985 -0.039019421 -0.056313964 -0.073608508 -0.090903051 -0.10819759 -0.12549214 -0.12770249 -0.12418276 -0.12066303 -0.11714329 -0.11362356 -0.11010383 -0.10548164 -0.10066892 -0.095856193 -0.091043468
-9999 -0.050827386 -0.054975367 -0.059123348 -0.063271329 -0.067253035 -0.067656873 -0.067205958 -0.065768551 -0.064331143 -0.062893735 -0.061456327 -0.066001168 -0.06806419 -0.06401903 -0.064009725 -0.065146913 -0.066284101 -0.067421289 -0.065823322 -0.057915239 -0.050007155 -0.042099071 -0.034190987 -0.032705822 -0.033074007 -0.034783238 -0.033191123 -0.030459153 -0.027727183 -0.024995213 -0.024390871 -0.027887913 -0.031384956 -0.034881999 -0.038379042 -0.039941722 -0.047903766 -0.065198309 -0.082492852 -0.099787396 -0.11554959 -0.11465434 -0.11482563 -0.11529466 -0.11177493 -0.1082552 -0.10473547 -0.10121573 -0.096593545 -0.09178082 -0.086968095 -0.08215537
-9999 -0.049340039 -0.05348802 -0.057636001 -0.060293786 -0.060697624 -0.061101462 -0.060650547 -0.059213139 -0.057775732 -0.058086236 -0.063199448 -0.06831266 -0.070375682 -0.066330523 -0.062285363 -0.060558589 -0.061695777 -0.062832965 -0.061234998 -0.053326914 -0.04541883 -0.03873474 -0.038602582 -0.038470424 -0.03883861 -0.04054784 -0.042257071 -0.042038253 -0.039306283 -0.036574313 -0.03596997 -0.039467013 -0.042964056 -0.04594857 -0.047387318 -0.048826067 -0.056788111 -0.074082654 -0.091377197 -0.10191842 -0.10102317 -0.10012792 -0.10029921 -0.10123722 -0.10217523 -0.099367099 -0.095847368 -0.092327637 -0.087705447 -0.082892722 -0.078079997 -0.070249124
-9999 -0.047852691 -0.052000672 -0.053334537 -0.053738375 -0.054142213 -0.05454605 -0.054095136 -0.052657728 -0.055284517 -0.060397729 -0.065510941 -0.070624153 -0.072687175 -0.068642015 -0.064596856 -0.060551696 -0.057107453 -0.058244641 -0.056646674 -0.04873859 -0.044631501 -0.044499343 -0.044367185 -0.044235027 -0.044603212 -0.046312443 -0.048021674 -0.049730904 -0.050885382 -0.048153413 -0.04754907 -0.051046112 -0.053394166 -0.054832915 -0.056271663 -0.057710412 -0.065672456 -0.082966999 -0.088287256 -0.087392004 -0.086496752 -0.085601499 -0.085772789 -0.086710802 -0.087648815 -0.088586828 -0.08695927 -0.083439539 -0.078817349 -0.07347828 -0.065375406 -0.057272531
-9999 -0.045971451 -0.046375288 -0.046779126 -0.047182964 -0.047586802 -0.047990639 -0.047539725 -0.052482798 -0.05759601 -0.062709222 -0.067822434 -0.072935646 -0.074998668 -0.070953508 -0.066908349 -0.062863189 -0.058818029 -0.05477287 -0.05205835 -0.050528261 -0.050396103 -0.050263945 -0.050131787 -0.049999629 -0.050367815 -0.052077045 -0.053786276 -0.055495507 -0.057204737 -0.058913968 -0.059128169 -0.060839762 -0.062278511 -0.063717259 -0.065156008 -0.066594757 -0.074556801 -0.07465609 -0.073760838 -0.072865586 -0.071970333 -0.071075081 -0.071246371 -0.072184384 -0.073122397 -0.07406041 -0.074998423 -0.074551441 -0.068604562 -0.060501687 -0.052398813 -0.044295939
-9999 -0.045224747 -0.045628584 -0.046032422 -0.04643626 -0.046840098 -0.047806108 -0.04842353 -0.050974642 -0.056087854 -0.061201066 -0.066314278 -0.07142749 -0.073199361 -0.06868607 -0.06464091 -0.060595751 -0.056550591 -0.052505431 -0.049643505 -0.049511347 -0.049379189 -0.049247031 -0.049114873 -0.050005578 -0.055320962 -0.056250963 -0.057960193 -0.059669424 -0.061378655 -0.063087886 -0.064704728 -0.066143477 -0.067582226 -0.069020974 -0.070459723 -0.070686629 -0.070845607 -0.07241398 -0.071518728 -0.070623476 -0.069728224 -0.068832971 -0.068788983 -0.069636948 -0.070574961 -0.071512974 -0.072450987 -0.073389 -0.067662256 -0.059559382 -0.051456508 -0.043353634
