P1_models/J1_p1_vp_slide_diff2_20.dat.tif
NCOLS 118
NROWS 92
XLLCORNER 139.62
YLLCORNER -39.07
DX 0.099491525
DY 0.099347826
NODATA_VALUE -9999
[rows 0 to 24 of 92, columns 57 to 113 of 118]
-9999 -9999 -9999 -9999 -9999 -9999 -9999 -9999 -9999 -9999 -9999 -9999 -9999 -9999 -9999 -9999 -9999 -9999 -9999 -9999 -9999 -9999 -9999 -9999 -9999 -9999 -9999 -9999 -9999 -9999 -9999 -9999 -9999 -9999 -9999 -9999 -9999 -9999 -9999 -9999 -9999 -9999 -9999 -9999 -9999 -9999 -9999 -9999 -9999 -9999 -9999 -9999 -9999 -9999 -9999 -9999 -9999
0.098568003 0.092237677 0.085907351 0.079049707 0.081970293 0.087650193 0.093330093 0.099009993 0.10468989 0.11621349 0.12258041 0.12894732 0.13531424 0.14168115 0.14350116 0.13950289 0.13550462 0.13150635 0.12750808 0.12135832 0.12479442 0.11953619 0.11427797 0.10901975 0.10376153 0.098580606 0.093435392 0.088290179 0.083144965 0.078614958 0.079818399 0.084749321 0.090585156 0.096420991 0.10225683 0.10846144 0.12666722 0.144873 0.16307878 0.18128456 0.18362189 0.18965895 0.19246786 0.19527678 0.19808569 0.2008946 0.21558764 0.22594696 0.23582985 0.24571274 0.25559563 0.24710607 0.24375293 0.24154363 0.23933432 0.23712501 -9999
0.10489418 0.098563857 0.092233531 0.085375887 0.078159909 0.078952912 0.084632812 0.090312712 0.095992612 0.10863604 0.12133835 0.12770527 0.13407218 0.1404391 0.1422591 0.13826083 0.13426256 0.1302643 0.12361077 0.116856 0.12311439 0.12773177 0.12247355 0.11721533 0.11195711 0.10677618 0.10163097 0.096485754 0.092469156 0.092329305 0.093532746 0.097156677 0.10186072 0.10769656 0.11353239 0.11973701 0.13794278 0.15614856 0.17435434 0.17518208 0.16862637 0.17549966 0.18341624 0.18622516 0.18903407 0.19184298 0.20653602 0.22689457 0.23767461 0.2475575 0.25744039 0.24895084 0.23063863 0.22663876 0.22442945 0.22222014 -9999
0.11122036 0.10489004 0.09855971 0.091702067 0.084486089 0.07727011 0.07593553 0.081615431 0.087295331 0.099938761 0.11282147 0.12570417 0.13283013 0.13919704 0.14101705 0.13701878 0.13290939 0.12600892 0.11910845 0.11235368 0.11861208 0.12487047 0.13066912 0.1254109 0.12015268 0.11497176 0.10982654 0.10632335 0.1061835 0.10604365 0.10724709 0.11087102 0.11449496 0.11897212 0.12480795 0.13101257 0.14921835 0.16742413 0.16674227 0.16018656 0.15363085 0.16050414 0.16880767 0.17711119 0.17998245 0.18279136 0.1974844 0.21784295 0.23820151 0.24940227 0.25928516 0.2507956 0.23248339 0.21417118 0.20952459 0.20731528 -9999
0.10477158 0.11026671 0.10488589 0.098028247 0.090812268 0.08359629 0.076380312 0.072918149 0.078598049 0.091241479 0.10412418 0.11700689 0.1298896 0.13795499 0.13977499 0.13530755 0.12840708 0.1215066 0.11460613 0.10785136 0.11410976 0.12036815 0.12662654 0.13288493 0.12834826 0.12316733 0.12017755 0.1200377 0.11989785 0.119758 0.12096144 0.12458537 0.1282093 0.13183323 0.13608352 0.14228813 0.16049391 0.15830246 0.15174675 0.14519104 0.13863533 0.14550862 0.15381215 0.16211567 0.17041919 0.17373974 0.18843278 0.20879133 0.22914988 0.24950844 0.26112992 0.25264037 0.23432816 0.21601595 0.19770373 0.19241041 -9999
0.09732132 0.10281645 0.10831158 0.10435443 0.097138448 0.08992247 0.082706492 0.075490514 0.069900768 0.082544198 0.095426904 0.10830961 0.12119231 0.13407502 0.1377057 0.13080523 0.12390476 0.11700428 0.11010381 0.10334904 0.10960744 0.11586583 0.12212422 0.12838261 0.13464101 0.13403175 0.1338919 0.13375205 0.1336122 0.13347234 0.13467579 0.13829972 0.14192365 0.14554758 0.14917151 0.1535637 0.14986266 0.14330694 0.13675123 0.13019552 0.12363981 0.1305131 0.13881663 0.14712015 0.15542368 0.1637272 0.17938116 0.19973971 0.22009826 0.24045682 0.26081537 0.25448513 0.23617292 0.21786071 0.1995485 0.18123629 -9999
0.10922055 0.11471568 0.11506673 0.10958259 0.10231776 0.095101784 0.087885806 0.080669828 0.07345385 0.085668882 0.098551587 0.11143429 0.124317 0.1331229 0.13221217 0.1253117 0.11841123 0.11151075 0.10463443 0.11429921 0.11261336 0.11887175 0.12513014 0.13138853 0.13764693 0.13952901 0.13938916 0.1392493 0.13910945 0.14198935 0.14298439 0.13607339 0.13969732 0.14332125 0.14694518 0.15026563 0.14370992 0.13715421 0.1305985 0.12404279 0.12835007 0.13646944 0.14477296 0.15307649 0.16138001 0.16714201 0.1823083 0.20266685 0.22302541 0.24338396 0.25391618 0.24305588 0.22474367 0.20643146 0.18811925 0.18259069 -9999
0.1241853 0.12296806 0.120199 0.11471486 0.10738571 0.1000994 0.092883425 0.085667446 0.078451468 0.0906665 0.10354921 0.11643191 0.12370215 0.12747233 0.12656161 0.11966113 0.11276066 0.10834327 0.11813876 0.12780354 0.12579494 0.12378634 0.12932558 0.13558397 0.14184236 0.14372444 0.14358459 0.14344474 0.14748166 0.15652224 0.15751728 0.14401497 0.13494553 0.13856947 0.1421934 0.14551385 0.13895814 0.13240243 0.12584671 0.13123549 0.13762577 0.14574514 0.15404867 0.16235219 0.16769205 0.17196693 0.18713322 0.20749178 0.22785033 0.23730608 0.24038395 0.22952365 0.21121144 0.19289923 0.18883701 0.1940641 -9999
0.13086939 0.12810033 0.12533126 0.11984712 0.11251797 0.10518882 0.097881043 0.090665065 0.083449087 0.095664118 0.10854682 0.1142814 0.11805158 0.12182177 0.12091104 0.11401057 0.1120521 0.1218476 0.13164309 0.14130787 0.13929927 0.13729067 0.13528207 0.13977941 0.1460378 0.14791988 0.14778003 0.15297396 0.16201455 0.17105514 0.17205018 0.15854786 0.14504555 0.13381768 0.13744161 0.14076206 0.13420635 0.12773063 0.13412091 0.1405112 0.14690148 0.15502085 0.16332437 0.16824209 0.17251697 0.17679185 0.19195815 0.2123167 0.22069598 0.22377385 0.22685172 0.21599142 0.19767921 0.19508333 0.20031042 0.20553751 -9999
0.13600166 0.13323259 0.13046353 0.12497939 0.11765024 0.11032109 0.10299194 0.095662792 0.088446705 0.10066174 0.10486064 0.10863083 0.11240102 0.1161712 0.11526048 0.11576094 0.12555643 0.13535192 0.14514742 0.1548122 0.1528036 0.150795 0.14878639 0.14677779 0.15023324 0.15211532 0.15846627 0.16750686 0.17654745 0.18558804 0.18658307 0.17308076 0.15957845 0.14607613 0.13268983 0.13601028 0.13061605 0.13700634 0.14339662 0.1497869 0.15617718 0.16429655 0.16879213 0.17306701 0.17734189 0.18161677 0.19678307 0.20408588 0.20716375 0.21024162 0.21331949 0.20245919 0.20132965 0.20655674 0.21178383 0.21701091 -9999
0.14149822 0.13872916 0.1359601 0.12970198 0.12237283 0.11504368 0.10771453 0.10038538 0.093056229 0.096457698 0.10022788 0.10399807 0.10776826 0.11153844 0.11740611 0.1272016 0.13699709 0.14679259 0.15658808 0.16693164 0.16613754 0.16412894 0.16212034 0.16011174 0.15810313 0.16365203 0.17269262 0.1817332 0.19077379 0.19981438 0.20036986 0.18686755 0.17336523 0.15986292 0.14636061 0.13345134 0.13984163 0.14623191 0.15262219 0.15901247 0.16532457 0.16963281 0.17390769 0.17818258 0.18245746 0.18673234 0.1901271 0.19320497 0.19628284 0.19936071 0.20243858 0.2050526 0.21027968 0.21550677 0.22073385 0.22596094 -9999
0.1493823 0.14661324 0.13321359 0.12695916 0.12441049 0.11708134 0.10975219 0.10242304 0.095093894 0.098495363 0.10226555 0.10603574 0.10980592 0.11093085 0.11532208 0.12511757 0.13491307 0.14470856 0.15560665 0.16922182 0.17621682 0.17634624 0.17433764 0.17232904 0.17032043 0.17586933 0.18490992 0.1939505 0.20299109 0.2087527 0.20712293 0.19576456 0.18226225 0.16875993 0.15525762 0.14234835 0.14873864 0.15512892 0.1615192 0.16772346 0.17234494 0.17665318 0.18092807 0.18520295 0.18947783 0.19331463 0.19662217 0.19970004 0.20277791 0.20585578 0.19770344 0.19746511 0.2026922 0.20791928 0.21314637 0.21791403 -9999
0.1563413 0.14194914 0.12755698 0.12130254 0.12057803 0.11911901 0.11178986 0.10446071 0.09713156 0.10053303 0.10430321 0.1080734 0.10867895 0.10884682 0.11323805 0.12303354 0.13282904 0.14420752 0.15789682 0.17151199 0.178507 0.185502 0.18655494 0.18454633 0.18253773 0.18808663 0.19712721 0.2061678 0.21137389 0.21499857 0.21336881 0.20227099 0.19115926 0.17765694 0.16415463 0.15124537 0.15763565 0.16402593 0.17012235 0.17474383 0.17936531 0.18367355 0.18794844 0.19222332 0.19602042 0.19980971 0.20311724 0.20619511 0.20927298 0.2005769 0.19011596 0.18987763 0.19510471 0.2003318 0.20507651 0.20973211 -9999
0.15068468 0.13629252 0.12190036 0.11564592 0.11492141 0.1141969 0.11347239 0.10649837 0.099169225 0.10257069 0.10625918 0.10642705 0.10659492 0.10676279 0.11115402 0.12094952 0.1328084 0.1464977 0.160187 0.17380217 0.18079717 0.18779218 0.19478718 0.19676363 0.19475503 0.20030392 0.20934451 0.21399508 0.21761976 0.22124445 0.21961468 0.20851687 0.19741906 0.18632125 0.17305164 0.16014238 0.16653266 0.17252125 0.17714273 0.18176421 0.18638568 0.19069393 0.19493691 0.1987262 0.20251549 0.20630478 0.20961231 0.21269018 0.20345035 0.19298942 0.18252848 0.18229015 0.18751723 0.19223898 0.19689459 0.2015502 -9999
0.14502806 0.1306359 0.11624374 0.10998931 0.10926479 0.10854028 0.10781577 0.10709126 0.10120689 0.10400729 0.10417516 0.10434303 0.1045109 0.10467877 0.10907 0.12140928 0.13509858 0.14878787 0.16247717 0.17609234 0.18308735 0.19008235 0.19707736 0.20407236 0.20697233 0.21252122 0.21661627 0.22024095 0.22386564 0.22749032 0.22586055 0.21476274 0.20366493 0.19256712 0.18146931 0.16903939 0.17492014 0.17954162 0.1841631 0.18878458 0.19340606 0.1976427 0.20143198 0.20522127 0.20901056 0.21279985 0.21610738 0.20632381 0.19586287 0.18540193 0.174941 0.17470266 0.17940146 0.18405707 0.18871268 0.19336828 -9999
0.14441129 0.13001913 0.11562697 0.10723498 0.10651047 0.10578596 0.10506145 0.10433694 0.10361243 0.10193612 0.10210399 0.10227186 0.10243973 0.1026076 0.10870693 0.12239623 0.13608552 0.14977482 0.16346412 0.17677321 0.18435813 0.19135314 0.19834814 0.20534315 0.21233815 0.2170279 0.22065259 0.22427727 0.22790195 0.23152663 0.23038651 0.2192887 0.20819089 0.19709308 0.18599527 0.17536609 0.17998757 0.18460905 0.18923053 0.19385201 0.19863059 0.2008714 0.20466068 0.20844997 0.21223926 0.21602855 0.20902512 0.19856418 0.18810324 0.1776423 0.16718137 0.17013573 0.17479133 0.17944694 0.18410255 0.18875815 -9999
0.15550527 0.14111311 0.12672095 0.11691122 0.11050003 0.10977552 0.109051 0.10832649 0.10760198 0.10275058 0.10006271 0.10023058 0.10039845 0.10056632 0.10666565 0.12035495 0.13404424 0.14773354 0.16094728 0.17364841 0.18244346 0.19025524 0.19725024 0.20424525 0.21124025 0.21593 0.21955469 0.22317937 0.22680405 0.22552638 0.22270497 0.21901834 0.20872039 0.19762258 0.18652477 0.1758956 0.18051707 0.18513855 0.18976003 0.19459573 0.19990097 0.1992294 0.20029953 0.20408881 0.2078781 0.21166739 0.20338544 0.19040455 0.17994361 0.16948268 0.15902174 0.1656793 0.17848073 0.18313634 0.18779194 0.19244755 -9999
0.16659925 0.15220709 0.13781493 0.1280052 0.12130942 0.11461364 0.11304056 0.11231605 0.11159154 0.10674013 0.10174693 0.098189299 0.098357168 0.098525038 0.10462437 0.11831366 0.13200296 0.14507761 0.15782247 0.1705236 0.17931865 0.1881137 0.19615234 0.20314735 0.21014235 0.2148321 0.21845679 0.22208147 0.22005191 0.21771067 0.21488926 0.21120263 0.207516 0.19815209 0.18705428 0.1764251 0.18104658 0.18566806 0.19056088 0.19586612 0.20117135 0.20049978 0.19919166 0.19972766 0.20351694 0.20730623 0.19902428 0.18498762 0.17178399 0.16132305 0.15086211 0.15751967 0.17332947 0.18682574 0.19148134 0.19613695 -9999
0.16920835 0.16330107 0.14890891 0.13909918 0.1324034 0.12570762 0.11901184 0.1163056 0.11558109 0.11072969 0.10573648 0.10074327 0.096315888 0.096483757 0.10258309 0.11627238 0.12920794 0.1419528 0.15469767 0.16739879 0.17619385 0.1849889 0.19378395 0.20204945 0.20904445 0.21373421 0.21691868 0.21457744 0.2122362 0.20989495 0.20707354 0.20338691 0.19970028 0.19601365 0.18758378 0.1769546 0.18157608 0.18652602 0.19183126 0.1971365 0.20244174 0.20177017 0.20046204 0.19915392 0.19915578 0.20294507 0.19466313 0.18062646 0.1665898 0.15316342 0.14270249 0.14936005 0.16516985 0.18097965 0.19517074 0.19982635 -9999
0.16594763 0.16362059 0.16000289 0.15019316 0.14349738 0.1368016 0.13010582 0.12341004 0.11957065 0.11471924 0.10972604 0.10473283 0.099739619 0.09474641 0.10054181 0.11333827 0.12608313 0.138828 0.15157286 0.16427399 0.17306904 0.18186409 0.19065914 0.19945419 0.20794656 0.21144421 0.20910297 0.20676172 0.20442048 0.20207924 0.19925783 0.1955712 0.19188457 0.18819794 0.18451131 0.1774841 0.18249117 0.1877964 0.19310164 0.19840688 0.20371212 0.20304055 0.20173243 0.20042431 0.19911618 0.19858391 0.19030197 0.1762653 0.16222864 0.14819198 0.13454286 0.14120042 0.15701022 0.17282002 0.18862982 0.20351574 -9999
0.15877724 0.1564502 0.15346628 0.15028482 0.14396701 0.13727123 0.13057545 0.12387967 0.11718389 0.11213413 0.10714092 0.10214771 0.097154501 0.093062036 0.10067665 0.11342152 0.12616638 0.13891124 0.15165611 0.15796862 0.1604843 0.16927935 0.1780744 0.18686945 0.1956645 0.19684248 0.19450124 0.19216 0.18981875 0.18747751 0.20073048 0.19902422 0.19533759 0.19165096 0.18796433 0.18454577 0.18985101 0.19515625 0.20046149 0.20576673 0.20843779 0.20727994 0.20597181 0.20466369 0.20335557 0.20181202 0.19163687 0.1776002 0.16356354 0.14952688 0.13776204 0.14625171 0.16206151 0.17787131 0.19368111 0.20661133 -9999
0.14865771 0.14521817 0.14049019 0.13730872 0.13517818 0.12972672 0.12303094 0.11633516 0.10963938 0.10458961 0.099596401 0.094603193 0.091959786 0.095565178 0.10317979 0.11592466 0.12866952 0.14141439 0.14636064 0.14945747 0.14829773 0.14955881 0.15835386 0.16714891 0.17594396 0.17712194 0.1747807 0.17243945 0.17274121 0.19157908 0.20485827 0.20812122 0.20729082 0.20360419 0.19991756 0.196499 0.20180424 0.20710948 0.21241472 0.21466373 0.21491675 0.21375889 0.21245077 0.21114265 0.20951873 0.20744357 0.19726841 0.18323175 0.16919508 0.15798058 0.15277857 0.16126824 0.17707804 0.19288784 0.20504353 0.20841968 -9999
0.13697005 0.13224207 0.12751409 0.12433263 0.12220209 0.12007155 0.11548642 0.10879064 0.10209486 0.097045093 0.092051885 0.090857537 0.094462929 0.098068321 0.10568294 0.1184278 0.13117266 0.13470501 0.13784949 0.14094632 0.13978658 0.13862685 0.13863331 0.14742836 0.15622342 0.15740139 0.15506015 0.15803113 0.176869 0.19570688 0.20898607 0.21224902 0.21551196 0.21555743 0.2118708 0.20845224 0.21375748 0.21906272 0.22088967 0.22114269 0.22139571 0.22023785 0.21892973 0.21722543 0.21515027 0.21307511 0.20289995 0.18886329 0.17819912 0.17299711 0.1677951 0.17628477 0.19209457 0.20347573 0.20685187 0.21022802 -9999
0.12399396 0.11926598 0.114538 0.11135653 0.109226 0.10709546 0.10496492 0.10124612 0.094550344 0.089500577 0.089755287 0.093360679 0.096966071 0.10057146 0.10818608 0.11990489 0.12304938 0.12619386 0.12933835 0.13243517 0.13127544 0.1301157 0.12895597 0.12779624 0.13650287 0.13768085 0.14332105 0.16215893 0.1809968 0.19983468 0.21311387 0.21637681 0.21963976 0.22290271 0.22382403 0.22040547 0.22571071 0.22711561 0.22736863 0.22762165 0.22787467 0.22671681 0.22493214 0.22285698 0.22078181 0.21870665 0.20853149 0.19841767 0.19321565 0.18801364 0.18281163 0.1913013 0.20190792 0.20528407 0.20866021 0.21203636 -9999
0.11101786 0.10628988 0.1015619 0.098380441 0.096249901 0.094119361 0.091988821 0.089858281 0.087005828 0.088653038 0.09225843 0.095863822 0.099469214 0.10307461 0.10824926 0.11139374 0.11453823 0.11768271 0.1208272 0.12392402 0.12276429 0.12160455 0.12044482 0.11928509 0.11812535 0.12861097 0.14744885 0.16628672 0.1851246 0.20396247 0.21724166 0.22050461 0.22376756 0.2270305 0.23029345 0.23235871 0.23334154 0.23359456 0.23384758 0.23410061 0.23435363 0.23263885 0.23056368 0.22848852 0.22641336 0.22433819 0.21863621 0.2134342 0.20823218 0.20303017 0.19782815 0.20034012 0.20371627 0.20709241 0.21046856 0.2138447 -9999
