P1_models/J1_p1_tot_conduct_slide_12.54.dat.tif
NCOLS 118
NROWS 92
XLLCORNER 139.62
YLLCORNER -39.07
DX 0.099491525
DY 0.099347826
NODATA_VALUE -9999
[rows 26 to 51 of 92, columns 0 to 56 of 118]
-2.5749459 -2.6250294 -2.6996481 -2.7721874 -2.8432528 -2.9338242 -2.9885445 -3.0501678 -3.1164955 -3.1806719 -3.2751888 -3.3714134 -3.4709049 -3.5070217 -3.561742 -3.5724106 -3.5375886 -3.4733417 -3.3589265 -3.243007 -3.1136885 -3.0017902 -2.9321462 -2.8792206 -2.8791087 -2.8926256 -2.9423714 -2.9973206 -3.038399 -3.0839851 -3.096445 -3.1162324 -3.0963341 -3.0778238 -3.0621146 -3.0600185 -3.0550439 -3.0298682 -3.0089226 -2.9503007 -2.8874639 -2.7907278 -2.6962108 -2.5896954 -2.4849675 -2.4079028 -2.3398297 -2.3352166 -2.340453 -2.4069177 -2.4697545 -2.5876307 -2.700185 -2.8629348 -3.0276053 -3.2119034 -3.4046583
-2.5881922 -2.6455127 -2.7450042 -2.8267404 -2.940445 -3.0474063 -3.1468978 -3.2164323 -3.2874977 -3.3509229 -3.4056433 -3.4906308 -3.5178241 -3.5244724 -3.4946249 -3.4787716 -3.3942038 -3.3142634 -3.1849245 -3.0641809 -2.9447911 -2.8362105 -2.7620008 -2.7070177 -2.7020432 -2.7137996 -2.7635453 -2.8184945 -2.8881385 -2.9448982 -3.0077349 -3.0457779 -3.0905491 -3.0910702 -3.1111249 -3.1190442 -3.1090951 -3.0770952 -3.0090221 -2.9314386 -2.8110015 -2.6969453 -2.5526826 -2.4378577 -2.3127646 -2.2397093 -2.1808732 -2.1886475 -2.2146124 -2.3046793 -2.3968994 -2.5387371 -2.6736922 -2.8616207 -3.0408516 -3.2398347 -3.4381683
-2.6142334 -2.6804395 -2.7844353 -2.8922441 -3.0177891 -3.1491305 -3.2570346 -3.3389313 -3.4054687 -3.451413 -3.4763801 -3.5208547 -3.5285448 -3.463888 -3.3975556 -3.3420132 -3.2431585 -3.1508153 -3.0331092 -2.9173084 -2.8186321 -2.7123228 -2.6421606 -2.6036351 -2.5955998 -2.6000871 -2.6373864 -2.6897338 -2.7530529 -2.8275654 -2.9061398 -2.9797975 -3.0522103 -3.089087 -3.1272498 -3.1861938 -3.1928057 -3.1654065 -3.1042603 -3.0072888 -2.8850155 -2.7475289 -2.6017478 -2.4682998 -2.3426262 -2.2697404 -2.2140283 -2.2322754 -2.2646365 -2.3719515 -2.4766794 -2.6253711 -2.7731789 -2.9568276 -3.1437133 -3.3328256 -3.5268711
-2.6369396 -2.7121582 -2.8265735 -2.9572072 -3.099338 -3.2293343 -3.3487241 -3.4379191 -3.499509 -3.5346196 -3.5346196 -3.5175433 -3.4677975 -3.393725 -3.299208 -3.201891 -3.0924503 -2.9904077 -2.880967 -2.7877907 -2.7032229 -2.6288289 -2.5790831 -2.5459381 -2.535989 -2.5308004 -2.5606478 -2.59292 -2.6526149 -2.716988 -2.8060067 -2.8989211 -2.9934381 -3.0843982 -3.1681805 -3.239903 -3.2647759 -3.2639255 -3.2115615 -3.1277983 -3.0021248 -2.8672096 -2.7179723 -2.5858065 -2.460133 -2.3885923 -2.3414648 -2.3628733 -2.4047644 -2.5116094 -2.6320465 -2.7800913 -2.9318598 -3.1113273 -3.2885435 -3.4718174 -3.6483657
-2.6617766 -2.7415738 -2.8638289 -2.9944627 -3.1365934 -3.2632145 -3.3735611 -3.455122 -3.4932998 -3.5208089 -3.4859869 -3.4678694 -3.3824836 -3.2780218 -3.1636065 -3.0680878 -2.9735709 -2.88214 -2.8274197 -2.7489287 -2.7290304 -2.6598751 -2.6366074 -2.6266582 -2.6167091 -2.6054082 -2.5904845 -2.6127306 -2.6326289 -2.6895781 -2.7576512 -2.852327 -2.9617677 -3.053352 -3.1679603 -3.2742047 -3.3517053 -3.3641908 -3.354374 -3.2862474 -3.1946112 -3.0756025 -2.9539234 -2.8336268 -2.7271303 -2.6612829 -2.6208805 -2.6456084 -2.6903894 -2.7858578 -2.8990438 -3.0342936 -3.1802294 -3.3294667 -3.4956536 -3.6370363 -3.8000729
-2.6759366 -2.7642732 -2.8883023 -3.0230632 -3.161158 -3.2611685 -3.3649876 -3.4324206 -3.4659312 -3.4710916 -3.430115 -3.3730938 -3.2736023 -3.1691569 -3.0580223 -2.9628782 -2.8818906 -2.8200305 -2.7879563 -2.7663292 -2.7733239 -2.7563324 -2.7463832 -2.7694051 -2.7594559 -2.7400449 -2.7134487 -2.6920208 -2.687964 -2.7081255 -2.7583668 -2.8337732 -2.936822 -3.0516414 -3.1775835 -3.2994412 -3.3862323 -3.4524686 -3.45866 -3.440288 -3.3632055 -3.2877929 -3.1765473 -3.0890926 -2.9911054 -2.9437353 -2.9070805 -2.9310002 -2.9781278 -3.0644764 -3.1692044 -3.2870721 -3.422368 -3.5498109 -3.686731 -3.8089973 -3.9322757
-2.6914064 -2.7907659 -2.9101557 -3.0294693 -3.1479116 -3.2479221 -3.3275154 -3.3794351 -3.3983859 -3.3916133 -3.336893 -3.2654949 -3.1610288 -3.0565627 -2.9520966 -2.8635304 -2.8088101 -2.7736681 -2.7836173 -2.8060683 -2.8607887 -2.9091561 -2.9489527 -2.9747239 -2.9647747 -2.9453637 -2.9005925 -2.8576005 -2.8178039 -2.7942269 -2.8151725 -2.8602659 -2.9498083 -3.0532967 -3.1842066 -3.3060644 -3.415505 -3.498831 -3.5459585 -3.5528822 -3.5214638 -3.466619 -3.3969749 -3.3275274 -3.2594543 -3.2225755 -3.2016299 -3.2283488 -3.27024 -3.3523937 -3.4414125 -3.5504206 -3.6608028 -3.7713489 -3.8788035 -3.9730586 -4.0647394
-2.7341885 -2.8251407 -2.9350126 -3.053848 -3.1358443 -3.1920743 -3.2414728 -3.2819175 -3.2811925 -3.2741011 -3.2193807 -3.1475841 -3.0572016 -2.9809219 -2.9077999 -2.8322406 -2.8137489 -2.7947955 -2.8505389 -2.8890686 -2.9900917 -3.0404518 -3.1007483 -3.1607059 -3.1696846 -3.1462185 -3.0870989 -3.0345226 -2.9608904 -2.923199 -2.8959574 -2.9284393 -2.9869342 -3.0901835 -3.2086696 -3.3184131 -3.4278538 -3.5181209 -3.5771891 -3.6006726 -3.5902985 -3.5539203 -3.5034138 -3.4499156 -3.3972831 -3.3679209 -3.352206 -3.3751721 -3.4149207 -3.4836004 -3.5676099 -3.6467536 -3.7486374 -3.831547 -3.9292873 -3.9937737 -4.0781538
-2.7689952 -2.8671992 -2.9716653 -3.056586 -3.1275202 -3.1230593 -3.161178 -3.1715032 -3.165563 -3.1519492 -3.1009364 -3.037678 -2.9580847 -2.9109025 -2.847161 -2.8032119 -2.7927585 -2.8058263 -2.8683559 -2.9461017 -3.0535551 -3.1507542 -3.2303475 -3.3034153 -3.3177542 -3.3128347 -3.2565847 -3.1942881 -3.1208686 -3.0531579 -3.0181869 -3.0059958 -3.055911 -3.1289362 -3.2389005 -3.3256568 -3.4330847 -3.5190433 -3.5811887 -3.6125 -3.6125 -3.5889407 -3.5491441 -3.5106289 -3.4687377 -3.4504616 -3.4399888 -3.4654438 -3.5020986 -3.5625067 -3.6358162 -3.7065633 -3.7841525 -3.8531638 -3.9292306 -3.9894135 -4.0522502
-2.8237864 -2.9315836 -3.0161514 -3.0716825 -3.0811579 -3.076697 -3.0567987 -3.0456626 -3.0219742 -2.9996158 -2.9697684 -2.9242763 -2.8795051 -2.8380475 -2.8032254 -2.7767191 -2.7866683 -2.8124495 -2.8870681 -2.9725944 -3.0919843 -3.1988463 -3.2933632 -3.3696471 -3.3994946 -3.4055594 -3.3607882 -3.3068823 -3.2372383 -3.1723753 -3.1252477 -3.1053436 -3.1302165 -3.1842537 -3.268036 -3.3521495 -3.4367173 -3.5124201 -3.564784 -3.5926304 -3.5926304 -3.5690711 -3.5292745 -3.4913057 -3.454651 -3.4382344 -3.432998 -3.4588206 -3.4954754 -3.5499892 -3.6093235 -3.6727579 -3.7377902 -3.787536 -3.8431291 -3.8954931 -3.9529024
-2.8767819 -2.9764528 -3.0464684 -3.0870937 -3.0560067 -2.9907252 -2.9375292 -2.907074 -2.8706341 -2.8535608 -2.8418571 -2.8068868 -2.7828099 -2.7861277 -2.7774188 -2.7586561 -2.7723866 -2.7963315 -2.8556215 -2.9347529 -3.0308448 -3.1429677 -3.2356694 -3.3139915 -3.3597777 -3.3774599 -3.3569019 -3.3134315 -3.2683058 -3.2095827 -3.1787409 -3.1562064 -3.1810792 -3.2254715 -3.2998191 -3.3634286 -3.4348373 -3.4975387 -3.5369711 -3.5525554 -3.5415149 -3.5120658 -3.4673846 -3.423323 -3.3819866 -3.3629277 -3.3558232 -3.3785306 -3.4137901 -3.468304 -3.5259043 -3.568692 -3.6285607 -3.6574921 -3.7031321 -3.7386394 -3.7959409
-2.9158752 -3.0191747 -3.0738951 -3.0633254 -3.0064731 -2.902025 -2.8274063 -2.7642276 -2.7215883 -2.7041836 -2.699209 -2.6976497 -2.7026242 -2.7345685 -2.7348913 -2.7381032 -2.7529299 -2.7694087 -2.8230944 -2.8748063 -2.9625607 -3.052103 -3.1416454 -3.2128555 -3.2629016 -3.3045372 -3.2920719 -3.2797499 -3.2427676 -3.212971 -3.1887246 -3.1833796 -3.2082599 -3.245712 -3.3085488 -3.3738612 -3.4385306 -3.4861144 -3.5175327 -3.5192741 -3.4983285 -3.4535219 -3.4037761 -3.3504448 -3.3033173 -3.2791211 -3.2686483 -3.2901112 -3.3215296 -3.3752718 -3.4328722 -3.473957 -3.5144565 -3.5344966 -3.5571151 -3.5858843 -3.6238861
-2.9543995 -3.0488421 -3.0637658 -3.0368973 -2.9231927 -2.8020704 -2.6727314 -2.5976549 -2.5455403 -2.5257465 -2.555594 -2.565523 -2.6202434 -2.6683366 -2.7031586 -2.7182336 -2.7281828 -2.742916 -2.7628143 -2.8019512 -2.8467224 -2.9196393 -2.9854114 -3.0472758 -3.1019961 -3.1455807 -3.165479 -3.1671557 -3.1621811 -3.1467391 -3.1467391 -3.1502636 -3.1850857 -3.2259036 -3.2939767 -3.3606148 -3.4252843 -3.4719651 -3.4929107 -3.4909329 -3.4595146 -3.4088147 -3.3391706 -3.2801825 -3.2173457 -3.1912033 -3.1759236 -3.1973866 -3.228805 -3.2825472 -3.3401475 -3.3779977 -3.4151087 -3.4151087 -3.4246513 -3.4298877 -3.4583063
-2.9560734 -3.0381525 -3.0413297 -2.9809829 -2.8457779 -2.6855955 -2.5425779 -2.4534871 -2.4062536 -2.3954213 -2.4454391 -2.4838247 -2.5517665 -2.6429784 -2.6956994 -2.7224918 -2.7324409 -2.7346146 -2.7329189 -2.7468003 -2.7633501 -2.8139348 -2.8721968 -2.909824 -2.9580695 -3.0073831 -3.0371461 -3.0544427 -3.0594854 -3.0597082 -3.0696807 -3.0849731 -3.1256767 -3.1715164 -3.2428123 -3.3197024 -3.3894568 -3.4426007 -3.4710031 -3.4656775 -3.4342591 -3.3743216 -3.3012874 -3.2264645 -3.1588471 -3.1241638 -3.1073338 -3.1355363 -3.1682506 -3.2309224 -3.2888731 -3.3267232 -3.3617931 -3.3528804 -3.3470151 -3.3314502 -3.34327
-2.9497329 -3.0281888 -3.0082905 -2.9057747 -2.7446932 -2.583605 -2.4244186 -2.3238652 -2.281226 -2.2828602 -2.3475297 -2.4258602 -2.5303263 -2.6305961 -2.6952656 -2.741364 -2.7513132 -2.7480521 -2.7331284 -2.7181884 -2.7181884 -2.7283621 -2.7631842 -2.7953765 -2.8401477 -2.8804039 -2.9152259 -2.9426379 -2.9525871 -2.9630778 -2.978787 -3.003517 -3.0482882 -3.1042505 -3.1827964 -3.2642155 -3.3388341 -3.3996455 -3.4363003 -3.4397083 -3.4082899 -3.3474466 -3.2678534 -3.186152 -3.1076061 -3.0668653 -3.0459197 -3.0746894 -3.1165806 -3.1853245 -3.2533977 -3.2972803 -3.3327174 -3.3231071 -3.3068521 -3.2806701 -3.2655119
-2.9033705 -2.9736022 -2.9354354 -2.8323169 -2.66176 -2.4989579 -2.3447461 -2.2508548 -2.231904 -2.2424666 -2.3419581 -2.4258602 -2.5598046 -2.6792114 -2.7588046 -2.8068958 -2.8118704 -2.8037651 -2.7589939 -2.7350658 -2.7101929 -2.7151158 -2.73411 -2.7546439 -2.7894659 -2.8265266 -2.8513995 -2.876011 -2.8809856 -2.8898127 -2.9002855 -2.9232454 -2.963042 -3.0181491 -3.1011954 -3.1895039 -3.2840208 -3.3491571 -3.3962846 -3.4016905 -3.375174 -3.3122915 -3.2281142 -3.1399911 -3.0479974 -3.0046432 -2.9796878 -3.0146299 -3.0635951 -3.1501339 -3.2335281 -3.3016013 -3.352587 -3.352587 -3.3394335 -3.3027787 -3.2809411
-2.8582882 -2.9189355 -2.8770503 -2.758672 -2.5964264 -2.4460739 -2.3052443 -2.2532068 -2.2479257 -2.2708434 -2.3756463 -2.5084005 -2.648523 -2.7712476 -2.8500573 -2.8941632 -2.8864066 -2.8758303 -2.8290136 -2.7798484 -2.7530825 -2.7292732 -2.7436168 -2.7605787 -2.7948714 -2.8220155 -2.8440879 -2.8637574 -2.8674492 -2.8626316 -2.8702869 -2.8769845 -2.9143034 -2.9586957 -3.042478 -3.1307865 -3.2253034 -3.3003237 -3.3489942 -3.3619514 -3.3337537 -3.2708712 -3.1800884 -3.0775505 -2.9810838 -2.932578 -2.9005805 -2.9317893 -2.9976754 -3.088844 -3.2100725 -3.2817317 -3.3890652 -3.3890652 -3.4140712 -3.3791013 -3.3630933
-2.8132607 -2.8597087 -2.8149375 -2.7104212 -2.5635527 -2.4511605 -2.3417198 -2.2954975 -2.3097106 -2.3646198 -2.4939588 -2.6284206 -2.7726834 -2.8850283 -2.959647 -3.0001184 -2.9802201 -2.9457004 -2.8860055 -2.8323275 -2.7925309 -2.7672682 -2.7772173 -2.7942305 -2.8240779 -2.851222 -2.8711203 -2.8824866 -2.8725375 -2.8610029 -2.8505301 -2.8514034 -2.8762763 -2.9206685 -3.0044509 -3.087671 -3.1821879 -3.2571819 -3.3095458 -3.3169683 -3.2855499 -3.211652 -3.1121604 -3.0088956 -2.9041677 -2.845916 -2.8092612 -2.8593455 -2.932655 -3.0608922 -3.1918021 -3.319379 -3.4393039 -3.4894985 -3.5227534 -3.5018078 -3.4775705
-2.7635867 -2.8167397 -2.7838913 -2.679375 -2.5814151 -2.5080152 -2.4534861 -2.4190434 -2.4711508 -2.52606 -2.655399 -2.7898609 -2.9160318 -3.0089132 -3.0487098 -3.0826526 -3.0378814 -2.999099 -2.9244804 -2.8695829 -2.8297863 -2.8045236 -2.8178369 -2.8383708 -2.8731928 -2.9008959 -2.9207942 -2.9315866 -2.9166629 -2.9032898 -2.8823442 -2.8814773 -2.9013756 -2.9455055 -3.017565 -3.088398 -3.1635602 -3.2342719 -3.2722904 -3.272112 -3.2234575 -3.1429055 -3.0314403 -2.925856 -2.8172384 -2.7617789 -2.7285411 -2.7916856 -2.8767719 -3.0349119 -3.1855929 -3.3510656 -3.4889778 -3.5939967 -3.6429597 -3.6481961 -3.6265923
-2.7323635 -2.7869077 -2.7590263 -2.691197 -2.6076902 -2.5949812 -2.5571743 -2.5635121 -2.6202495 -2.6926285 -2.8155811 -2.9415048 -3.0604846 -3.1019592 -3.1264711 -3.1309372 -3.0774204 -3.0233187 -2.9487 -2.8891237 -2.8548796 -2.8310703 -2.845994 -2.8746406 -2.9114152 -2.9408304 -2.9587254 -2.9708186 -2.9579491 -2.9441438 -2.9272768 -2.9219813 -2.9435355 -2.9793963 -3.0464899 -3.0977499 -3.1660805 -3.21 -3.2382496 -3.2171077 -3.161104 -3.0720061 -2.9575908 -2.8549042 -2.7458659 -2.7054646 -2.6740463 -2.7518555 -2.8461106 -3.0207575 -3.1935586 -3.3815525 -3.5479575 -3.6688336 -3.7597106 -3.7802211 -3.7772282
-2.7077854 -2.7471686 -2.742194 -2.7203324 -2.6871685 -2.6744595 -2.6844086 -2.7224686 -2.793534 -2.8780777 -2.9875184 -3.0819165 -3.146586 -3.1880606 -3.183086 -3.15743 -3.0877859 -3.0166955 -2.9420768 -2.8825006 -2.8576277 -2.84718 -2.8720529 -2.9011334 -2.94093 -2.9739464 -2.9888701 -2.9973113 -2.9873622 -2.9772597 -2.9667869 -2.9683436 -2.9932165 -3.0272419 -3.0796058 -3.1308659 -3.1806116 -3.21 -3.21 -3.1707454 -3.0921995 -2.9925278 -2.8781126 -2.7754259 -2.6811708 -2.6466765 -2.6414401 -2.7279103 -2.843111 -3.0251963 -3.2189429 -3.4175402 -3.6141894 -3.7468448 -3.8590584 -3.9009496 -3.9229383
-2.6830735 -2.7341302 -2.7420636 -2.7205932 -2.7244189 -2.7578505 -2.8022578 -2.842778 -2.9178329 -2.9883958 -3.0623934 -3.1564655 -3.1924243 -3.1858099 -3.1400466 -3.1109831 -3.0321732 -2.9671943 -2.9111108 -2.8560472 -2.8452282 -2.8348892 -2.8623789 -2.8922264 -2.9224504 -2.9541368 -2.9642234 -2.9739437 -2.9688826 -2.9653808 -2.9792733 -2.9842718 -3.0181241 -3.052106 -3.1013097 -3.1348589 -3.1559649 -3.16801 -3.1357337 -3.0910727 -3.0054033 -2.9174026 -2.8159631 -2.7437403 -2.6809099 -2.6781534 -2.6969442 -2.795499 -2.9172904 -3.0860683 -3.2746426 -3.4486391 -3.6391622 -3.7718176 -3.886486 -3.9384088 -3.968779
-2.6684571 -2.7163276 -2.7312514 -2.7457592 -2.7604487 -2.8207504 -2.8762619 -2.9363707 -3.0114565 -3.0710146 -3.1342627 -3.1851229 -3.2000466 -3.1696549 -3.1181067 -3.0635432 -2.9868061 -2.9243188 -2.8756158 -2.8404505 -2.8347163 -2.8363943 -2.8662417 -2.8811554 -2.9029149 -2.9205971 -2.9245149 -2.9318623 -2.9281449 -2.932315 -2.9517508 -2.982484 -3.0216002 -3.0604996 -3.1076271 -3.1239363 -3.1356364 -3.1121054 -3.0673887 -3.0018535 -2.9128347 -2.8461408 -2.7516239 -2.7209767 -2.6790856 -2.719081 -2.7609721 -2.8681689 -2.9990788 -3.1420338 -3.3200713 -3.4573596 -3.6271745 -3.7384607 -3.8543022 -3.9080511 -3.9571233
-2.6419293 -2.6848273 -2.7196493 -2.7528109 -2.8001878 -2.8604895 -2.9351081 -3.0026026 -3.0689302 -3.1240001 -3.1538476 -3.1780126 -3.1531397 -3.1166694 -3.0569745 -2.9973113 -2.9326418 -2.8779565 -2.8530836 -2.8338273 -2.8437765 -2.8549947 -2.874893 -2.8877786 -2.882804 -2.880858 -2.8659342 -2.8590072 -2.8590072 -2.8660831 -2.8975015 -2.9361217 -2.9958166 -3.046337 -3.0882282 -3.1040667 -3.0841684 -3.0458735 -2.9673276 -2.8892593 -2.8002405 -2.7374161 -2.6926449 -2.6809638 -2.7071458 -2.7684322 -2.8626873 -2.9727059 -3.0984266 -3.220407 -3.3465641 -3.4505382 -3.5609426 -3.6438522 -3.7284616 -3.786062 -3.8379059
-2.6195308 -2.6575157 -2.6960785 -2.7403109 -2.8009456 -2.8712069 -2.9521037 -3.0260046 -3.0887273 -3.1421595 -3.15932 -3.1540488 -3.1217163 -3.0752926 -3.0180333 -2.9713427 -2.9360621 -2.8838333 -2.8752985 -2.8852476 -2.8997631 -2.9196614 -2.9283981 -2.9234235 -2.9009972 -2.8548744 -2.8087821 -2.7977609 -2.7956811 -2.7998513 -2.8430523 -2.9013681 -2.9709753 -3.0380761 -3.0744157 -3.0841971 -3.0441641 -2.9796416 -2.8787302 -2.7766651 -2.6913142 -2.6306262 -2.6230934 -2.6830553 -2.7478487 -2.81978 -2.9459546 -3.0728725 -3.1582843 -3.268476 -3.294658 -3.3751277 -3.3728195 -3.4375458 -3.4633167 -3.5253447 -3.5851886
-2.5968718 -2.6388398 -2.6786365 -2.7339585 -2.8002862 -2.8824831 -2.9671182 -3.0388198 -3.1001816 -3.14 -3.1443055 -3.1339114 -3.0941148 -3.055975 -3.0043377 -2.9688885 -2.9447923 -2.935161 -2.9494724 -2.9639342 -2.9847558 -2.9973872 -2.9924126 -2.9518347 -2.8998885 -2.8483589 -2.7943098 -2.761475 -2.7610072 -2.7822826 -2.8487769 -2.9206859 -3.0031927 -3.0668234 -3.0982418 -3.0671813 -3.0094902 -2.9126528 -2.7952664 -2.6909733 -2.607191 -2.5929449 -2.5979195 -2.6773016 -2.7767932 -2.8949722 -3.0258821 -3.0941614 -3.1779437 -3.1616354 -3.1878174 -3.1406784 -3.1348815 -3.135756 -3.1697383 -3.2440838 -3.3434281
