P1_models/J1_p1_vp_slide_diff2_20.dat.tif
NCOLS 118
NROWS 92
XLLCORNER 139.62
YLLCORNER -39.07
DX 0.099491525
DY 0.099347826
NODATA_VALUE -9999
[rows 25 to 49 of 92, columns 57 to 113 of 118]
0.11390824 0.10918026 0.10445228 0.10445799 0.1044848 0.10235426 0.10022372 0.098093178 0.095962638 0.094579879 0.098116754 0.10172215 0.10532754 0.10893293 0.11233613 0.11548062 0.1186251 0.12176959 0.12491407 0.12887655 0.12225874 0.12109901 0.11993928 0.11877954 0.11761981 0.13013817 0.14897604 0.16781392 0.1866518 0.19994272 0.20396091 0.21143802 0.21470097 0.21796391 0.22122686 0.22440007 0.22465309 0.22490611 0.22515914 0.22541216 0.21934254 0.23052575 0.22880673 0.22673157 0.2246564 0.22258124 0.21908354 0.2141014 0.20889939 0.20369738 0.19849536 0.19989647 0.2036456 0.20702174 0.21039789 0.21377404 -9999
0.11983951 0.11511154 0.11038356 0.11038927 0.11361173 0.11465436 0.11252382 0.11039328 0.10826274 0.10687999 0.10552292 0.10822351 0.1118289 0.11543429 0.1188375 0.12198198 0.12512647 0.12838799 0.13249883 0.13648659 0.1294822 0.12247781 0.12096806 0.11980832 0.11864859 0.13116695 0.15000482 0.1688427 0.17981746 0.18027756 0.18429575 0.19472527 0.2031056 0.20636854 0.20963149 0.2128047 0.21305772 0.21331074 0.21356376 0.20684449 0.19932079 0.21050399 0.22367954 0.22355857 0.2214834 0.21940824 0.21591054 0.21173468 0.20681647 0.20161445 0.19641244 0.19781354 0.20274494 0.20659096 0.2099671 0.21334325 -9999
0.12619868 0.12104281 0.11631483 0.11632055 0.11954301 0.12276547 0.12482393 0.12269339 0.12056285 0.11918009 0.11782303 0.11646596 0.11833027 0.12193566 0.12533886 0.12848335 0.13188719 0.13599803 0.14010887 0.14409663 0.13709224 0.13008785 0.12308346 0.1208371 0.11967737 0.13219573 0.1510336 0.1596922 0.1601523 0.1606124 0.16463058 0.17506011 0.18548964 0.19477317 0.19803612 0.20120933 0.20146235 0.20171537 0.19434644 0.18682273 0.17929903 0.19048223 0.20365778 0.21683333 0.2183104 0.21623524 0.21273754 0.20856168 0.20438583 0.19953153 0.19432952 0.19573062 0.20066202 0.20559342 0.20953631 0.21291246 -9999
0.13543718 0.12792948 0.12224611 0.12225182 0.12547428 0.12869674 0.1319192 0.1349935 0.13286296 0.1314802 0.13012313 0.12876607 0.127409 0.12843702 0.13184023 0.13538639 0.13949723 0.14360807 0.14771892 0.15170668 0.14470229 0.1376979 0.1306935 0.12368911 0.12070615 0.1332245 0.13956693 0.14002703 0.14048714 0.14094724 0.14496542 0.15539495 0.16582448 0.176254 0.18644075 0.18961396 0.18937209 0.18184839 0.17432468 0.16680098 0.15927727 0.17046047 0.18363602 0.19681157 0.20998712 0.21306224 0.20956454 0.20538868 0.20121283 0.19703697 0.1922466 0.1936477 0.1985791 0.20351049 0.20844189 0.21248167 -9999
0.14287599 0.13536829 0.12786058 0.12567657 0.12889903 0.13212149 0.13534395 0.13856641 0.14178887 0.14202493 0.14066787 0.1393108 0.13795374 0.13659667 0.13763822 0.14174907 0.14585991 0.14997075 0.15408159 0.15684321 0.15208814 0.14508375 0.13807936 0.13107496 0.12407057 0.12217179 0.12263189 0.123092 0.1235521 0.1240122 0.12512678 0.13555631 0.14598584 0.15641536 0.16684489 0.17673919 0.16921548 0.16169178 0.15416807 0.14664436 0.13952606 0.15251717 0.16569271 0.17886826 0.19204381 0.20521936 0.20768186 0.203506 0.19933014 0.19515429 0.19097843 0.19251132 0.19744272 0.20237412 0.20730551 0.21223691 -9999
0.13549909 0.12799139 0.12048369 0.11444402 0.11168924 0.1149117 0.11813416 0.12135662 0.12457908 0.13438102 0.13676181 0.13540474 0.13404768 0.13269061 0.13373216 0.137843 0.14195385 0.14606469 0.14687614 0.13954337 0.15282268 0.15062397 0.14361958 0.13661519 0.1296108 0.12771202 0.12817212 0.12863222 0.12909232 0.12498109 0.11833981 0.11428953 0.12471906 0.13514859 0.14557811 0.15547241 0.1479487 0.140425 0.13290129 0.12738716 0.1390661 0.15179257 0.16485988 0.17803543 0.19121098 0.20438653 0.21191428 0.21224565 0.20806979 0.20389394 0.19971808 0.20019848 0.2040986 0.20903 0.21396139 0.21889279 -9999
0.1281222 0.1206145 0.1131068 0.10706712 0.10202504 0.097701909 0.10092437 0.10414683 0.10736929 0.11717123 0.12719925 0.13149868 0.13014162 0.12878455 0.1298261 0.13393694 0.13804779 0.13713987 0.1295763 0.12224353 0.13552284 0.14880214 0.14915981 0.14215542 0.13515103 0.13325225 0.13371235 0.13417245 0.12910877 0.12201164 0.11537037 0.10955049 0.10373061 0.11388181 0.12431134 0.13420563 0.12668193 0.11915822 0.11524826 0.1269272 0.13860614 0.15133261 0.16417066 0.1772026 0.19037815 0.2035537 0.21108145 0.21591674 0.21680944 0.21263359 0.20845773 0.20893813 0.21190795 0.21568588 0.22061728 0.22554867 -9999
0.11944742 0.11323761 0.10572991 0.09969023 0.094648142 0.089606054 0.084563965 0.086937037 0.090159496 0.099961439 0.10998946 0.12001748 0.12623556 0.12487849 0.12592004 0.13003088 0.1274036 0.11984003 0.11227646 0.1049437 0.118223 0.1315023 0.1447816 0.14769564 0.14069125 0.13879247 0.13925257 0.13323645 0.12613932 0.1190422 0.11240092 0.10658104 0.10076117 0.094941287 0.10304456 0.11293886 0.10541515 0.10310936 0.1147883 0.12646724 0.13814618 0.15087265 0.1637107 0.17654874 0.18954532 0.20272086 0.21024862 0.21508391 0.2199192 0.22137323 0.21719738 0.21767777 0.2206476 0.22361742 0.22727316 0.23220455 -9999
0.10881382 0.10404338 0.098353012 0.092313337 0.087271249 0.082229161 0.077187072 0.072144984 0.072949705 0.082751648 0.09277967 0.10280769 0.11283571 0.12097243 0.12201398 0.11766733 0.11010376 0.10254019 0.094976626 0.087643857 0.10092316 0.11420246 0.12748177 0.14076107 0.14623148 0.1443327 0.13736413 0.13026701 0.12316988 0.11607276 0.10943148 0.1036116 0.097791723 0.091971844 0.086151965 0.091672081 0.090970461 0.1026494 0.11432834 0.12600728 0.13768622 0.1504127 0.16325074 0.17608878 0.18892682 0.20188803 0.20941579 0.21425108 0.21908637 0.22392166 0.22593703 0.22641742 0.22938725 0.23235707 0.23532689 0.23886044 -9999
0.10137536 0.096604918 0.091834477 0.086483113 0.081441024 0.076398936 0.071356848 0.066314759 0.061272671 0.060607405 0.070635427 0.080663449 0.090691471 0.10071949 0.10303059 0.095467025 0.087903458 0.080339891 0.072776324 0.067422432 0.087251419 0.10053072 0.11381002 0.12708933 0.14036863 0.13971073 0.13261361 0.12551648 0.11841936 0.11132224 0.10977904 0.10431301 0.098493131 0.092673252 0.086853373 0.08155518 0.093234119 0.10491306 0.116592 0.12827094 0.13716501 0.15020877 0.16304681 0.17588486 0.1887229 0.20156094 0.2114139 0.21624919 0.22108447 0.22591976 0.23075505 0.23273634 0.23570616 0.23867599 0.24164581 0.24461563 -9999
0.099206553 0.094436112 0.089665671 0.084189566 0.078233932 0.073119594 0.068077505 0.063035417 0.057993329 0.045654924 0.040352914 0.050380936 0.060408958 0.07043698 0.072748079 0.065184512 0.057620945 0.050057378 0.045050063 0.041928484 0.070684351 0.092842712 0.10612201 0.11940132 0.13268062 0.13202272 0.1249256 0.11782847 0.11073135 0.11114971 0.11127314 0.1100265 0.10524878 0.099428904 0.093609025 0.088310832 0.099989771 0.11166871 0.12334765 0.13131445 0.1343349 0.14866866 0.16326516 0.1761032 0.18894125 0.20177929 0.21322146 0.22291629 0.22775158 0.23258687 0.23742215 0.23843594 0.23803263 0.24100245 0.24397228 0.2469421 -9999
0.097037747 0.092267306 0.087496865 0.08202076 0.076065126 0.070109492 0.064798163 0.059756075 0.054713987 0.042375582 0.029786467 0.020098422 0.030126445 0.040154467 0.042465565 0.034901999 0.027338432 0.023034633 0.019556115 0.016434536 0.045190402 0.073946269 0.098434004 0.11171331 0.12499261 0.12433471 0.11723759 0.11087624 0.11176003 0.11264381 0.11276725 0.1115206 0.11027395 0.10618456 0.10036468 0.095066484 0.10674542 0.11842436 0.12546389 0.12848433 0.13150478 0.14583854 0.1613772 0.17632155 0.1891596 0.20199764 0.21343981 0.22421654 0.23441868 0.23925397 0.24408926 0.24510305 0.24407371 0.24332892 0.24629874 0.24926856 -9999
0.087773085 0.0900985 0.085328059 0.079851954 0.07389632 0.067940686 0.061985052 0.056476733 0.051434644 0.03909624 0.026507125 0.01391801 0.0013288951 0.0098719536 0.012183052 0.0046194853 0.0010192039 -0.0024593147 -0.0059378332 -0.0090594122 0.019696454 0.048452321 0.077208188 0.1040253 0.1173046 0.1166467 0.11148656 0.11237035 0.11325413 0.11413792 0.11426135 0.11301471 0.11176806 0.11052141 0.10712033 0.10182214 0.11350108 0.11961333 0.12263377 0.12565422 0.12867466 0.14300842 0.15854708 0.17408575 0.18937795 0.20221599 0.21365816 0.22443489 0.23521161 0.24592107 0.25075636 0.25177015 0.25074081 0.24971147 0.24868213 0.25159503 -9999
0.075821325 0.079098505 0.082375685 0.077683147 0.071727514 0.06577188 0.059816246 0.053860612 0.048155302 0.035816898 0.023227783 0.010638668 -0.0019504471 -0.014539562 -0.017517707 -0.020996226 -0.024474744 -0.027953263 -0.031431781 -0.03455336 -0.0057974935 0.022958373 0.05171424 0.080470106 0.10922597 0.11209688 0.11298067 0.11386445 0.11474824 0.11563202 0.11575546 0.11450881 0.11326216 0.11201552 0.11076887 0.10857779 0.11376276 0.11678321 0.11980365 0.1228241 0.12584455 0.1401783 0.15571697 0.17125563 0.18679429 0.20233296 0.21387651 0.22465323 0.23542996 0.24620668 0.2569834 0.25843725 0.25740791 0.25637857 0.25534923 0.25431989 -9999
0.056025879 0.059303059 0.070619833 0.07269409 0.065601762 0.059646128 0.053690494 0.04773486 0.041779227 0.029410474 0.016821359 0.0042322444 -0.0083568705 -0.016571712 -0.017742753 -0.021221272 -0.02469979 -0.028178309 -0.031656827 -0.028761816 -0.014960608 0.013795259 0.042551125 0.071306992 0.10006286 0.1097546 0.11063839 0.11152217 0.11240596 0.11429779 0.11415744 0.10832304 0.10707639 0.10582974 0.1045831 0.10346366 0.10648411 0.10950455 0.112525 0.11554545 0.12852837 0.14417383 0.15971249 0.17525116 0.19078982 0.20226507 0.21205974 0.22283646 0.23361319 0.24438991 0.25619816 0.26005851 0.25902918 0.25799984 0.2569705 0.25733262 -9999
0.03357759 0.048335415 0.067570503 0.069644759 0.060057507 0.052182083 0.046226449 0.040270815 0.034315181 0.021946429 0.009357314 -0.003231801 -0.0088826916 -0.0082504681 -0.0094215089 -0.012900027 -0.016378546 -0.019436919 -0.015824087 -0.012127966 -0.00099355045 0.010155457 0.038911323 0.06766719 0.096423056 0.1061148 0.10699858 0.10788237 0.11047455 0.11601154 0.11587119 0.10550079 0.098293181 0.097046533 0.095799885 0.094680451 0.097700897 0.10072134 0.10374179 0.11818417 0.13483242 0.15047788 0.16601654 0.18155521 0.19202529 0.19975999 0.20955466 0.22033139 0.23110811 0.24310672 0.25611285 0.25997321 0.25894387 0.25791453 0.25854845 0.26070224 -9999
0.026050997 0.045286085 0.064521172 0.066595429 0.057008177 0.047420925 0.038762403 0.03280677 0.026851136 0.014482384 0.0018932686 -0.0011936707 -0.00056144724 7.0776181e-05 -0.0011002645 -0.0045787831 -0.0064159011 -0.002803069 0.00080976305 0.0045058835 0.015640299 0.026774715 0.037909131 0.064027388 0.092783254 0.102475 0.10335878 0.10665132 0.1121883 0.11772529 0.11758494 0.10721454 0.096844144 0.088263321 0.087016674 0.085897239 0.088917685 0.091938131 0.10783997 0.12448822 0.14113647 0.15678193 0.1723206 0.18178551 0.18952021 0.19725491 0.20704959 0.21782631 0.23001528 0.24302141 0.25602754 0.2598879 0.25885856 0.25976427 0.26191806 0.26407186 -9999
0.023001667 0.042236755 0.061471842 0.063546099 0.053958847 0.044371594 0.034784342 0.025342724 0.01938709 0.0070183382 0.0064953502 0.0071275737 0.0077597971 0.0083920205 0.0072209798 0.0066051165 0.010217949 0.013830781 0.017443613 0.021139733 0.032274149 0.043408565 0.05454298 0.065677396 0.089143452 0.098835195 0.10282808 0.10836507 0.11390205 0.11943904 0.11929869 0.10892829 0.098557894 0.088187498 0.078233462 0.077114028 0.080847526 0.097495775 0.11414402 0.13079227 0.14744052 0.16308598 0.17154573 0.17928043 0.18701513 0.19474984 0.20454451 0.21692384 0.22992997 0.2429361 0.25594223 0.25980259 0.2609801 0.26313389 0.26528768 0.26744148 -9999
0.018360252 0.03759534 0.056830427 0.061552266 0.051965014 0.042377762 0.032790509 0.023203257 0.013616005 0.013285571 0.013917795 0.014550018 0.015182242 0.015814465 0.017754196 0.021367028 0.02497986 0.028592692 0.032205524 0.035916722 0.046058213 0.057192629 0.068327044 0.07946146 0.090595876 0.097901725 0.10343871 0.1089757 0.11451268 0.12004967 0.12092042 0.11055002 0.10017963 0.089809232 0.079438836 0.069873936 0.086522185 0.10317043 0.11981868 0.13646693 0.15331738 0.16361717 0.17135187 0.17908658 0.18682128 0.19455598 0.20394184 0.21694797 0.2299541 0.24296023 0.25596636 0.26172061 0.2638744 0.26602819 0.26818198 0.27033578 -9999
0.0017112477 0.020946335 0.040181423 0.053573386 0.057931802 0.04834455 0.038757298 0.029170045 0.019582793 0.015471413 0.014561442 0.015193665 0.015825889 0.016458112 0.018397843 0.022010675 0.025623507 0.029236339 0.033080437 0.037466971 0.040378319 0.049483449 0.060617864 0.07175228 0.082886696 0.090192545 0.09572953 0.10126652 0.1068035 0.11076064 0.11262229 0.11147776 0.10110737 0.090736971 0.080366575 0.070801676 0.087449924 0.10409817 0.12074642 0.13814898 0.1614062 0.17811886 0.18858936 0.19632406 0.20405876 0.21179346 0.21265112 0.2177975 0.23080363 0.24380976 0.25681589 0.26180572 0.26318383 0.26533762 0.26749141 0.2696452 -9999
-0.014937757 0.0042973305 0.023532418 0.036924382 0.046345696 0.054311338 0.044724086 0.035136834 0.025549582 0.021438202 0.017514979 0.015837312 0.016469536 0.017101759 0.01904149 0.022654322 0.026267154 0.030227633 0.034630685 0.03901722 0.041928567 0.044839915 0.052908685 0.0640431 0.075177516 0.082483365 0.08802035 0.093557335 0.097190593 0.10015769 0.10201934 0.10188906 0.10175879 0.091664711 0.081294315 0.071729415 0.088377664 0.10502591 0.12298058 0.1462378 0.16949501 0.18620768 0.20222333 0.21356154 0.22129624 0.22903094 0.2298886 0.22746777 0.23165316 0.24465929 0.25766542 0.26265525 0.26335925 0.26464705 0.26680084 0.26895463 -9999
-0.019669996 -0.012351674 0.0068834134 0.020275377 0.029696692 0.039118006 0.04853932 0.041103622 0.03151637 0.02740499 0.023481768 0.019558545 0.017113183 0.017745406 0.019685137 0.023297969 0.027374829 0.031777881 0.036180934 0.040567469 0.043478816 0.046390163 0.049301511 0.05633392 0.067468336 0.074774185 0.08031117 0.083620543 0.086587643 0.089554743 0.091416391 0.091286113 0.091155836 0.091025558 0.082222055 0.072657155 0.089305404 0.10781218 0.1310694 0.15432661 0.17758383 0.19429649 0.21031214 0.22632779 0.23853372 0.24626842 0.24712608 0.24470526 0.24228443 0.24550882 0.25851495 0.26350478 0.26420878 0.26491279 0.26611027 0.26826406 -9999
-0.0070595867 -0.012417028 -0.0097655912 0.0036263724 0.013047687 0.022469001 0.031890316 0.04131163 0.037483158 0.033371778 0.029448556 0.025525334 0.021602111 0.018389054 0.020328784 0.024522025 0.028925078 0.03332813 0.037731183 0.042117718 0.045029065 0.047940412 0.05085176 0.053763107 0.059759156 0.067065006 0.070050493 0.073017594 0.075984694 0.078951794 0.080813441 0.080683164 0.080552886 0.080422609 0.080292331 0.073584895 0.092643777 0.11590099 0.13915821 0.16241543 0.18567265 0.20238531 0.21840096 0.23441661 0.25043225 0.26350591 0.26436357 0.26194274 0.25952191 0.25710108 0.25936447 0.26435431 0.26505831 0.26576232 0.26646632 0.26757348 -9999
0.0086403097 0.0032828687 -0.0030642952 -0.0090636314 0.00035768305 0.0097789975 0.019200312 0.028621626 0.038042941 0.034563021 0.030639799 0.026716577 0.022793354 0.018870132 0.023055307 0.02745836 0.031861413 0.036264466 0.040667518 0.040656148 0.045362921 0.048274268 0.051185615 0.054096963 0.05700831 0.059957791 0.062924891 0.065891991 0.068859092 0.071826192 0.073906967 0.074582114 0.074451837 0.074321559 0.074191282 0.074758246 0.098015463 0.12127268 0.1445299 0.16778711 0.19284358 0.21006437 0.22608002 0.24209567 0.25811132 0.27373956 0.27625226 0.27383143 0.2714106 0.26898977 0.26616817 0.26404099 0.26474499 0.26544899 0.266153 0.26653199 -9999
0.029250127 0.019714885 0.0012187 -0.0057731808 -0.0049474011 0.0033807767 0.012802091 0.022223406 0.03164472 0.0281648 0.024241578 0.020318356 0.017628662 0.023158763 0.02819446 0.032597513 0.037000566 0.041403618 0.039354235 0.034291926 0.041254831 0.046674989 0.049586336 0.052497683 0.055409031 0.058358512 0.061325612 0.064292712 0.067259812 0.064283461 0.065227058 0.073372973 0.075505365 0.075375088 0.07524481 0.075811775 0.099068992 0.12232621 0.14558343 0.17133513 0.19987145 0.21709224 0.23310788 0.24912353 0.26426638 0.27712776 0.27964046 0.27721963 0.2747988 0.27142947 0.2640068 0.26187962 0.26258362 0.26328763 0.26301445 0.25776289 -9999
