P1_models/J1_p1__temp2_slide_80.dat.tif
NCOLS 118
NROWS 92
XLLCORNER 139.62
YLLCORNER -39.07
DX 0.099491525
DY 0.099347826
NODATA_VALUE -9999
[rows 0 to 26 of 92, columns 0 to 59 of 118]
-9999 -9999 -9999 -9999 -9999 -9999 -9999 -9999 -9999 -9999 -9999 -9999 -9999 -9999 -9999 -9999 -9999 -9999 -9999 -9999 -9999 -9999 -9999 -9999 -9999 -9999 -9999 -9999 -9999 -9999 -9999 -9999 -9999 -9999 -9999 -9999 -9999 -9999 -9999 -9999 -9999 -9999 -9999 -9999 -9999 -9999 -9999 -9999 -9999 -9999 -9999 -9999 -9999 -9999 -9999 -9999 -9999 -9999 -9999 -9999
-9999 753.83222 756.27481 758.71741 761.16001 763.60261 766.71141 766.16857 759.41389 752.27007 745.12626 737.98244 730.83862 724.0488 719.49604 716.69535 713.89466 711.09398 708.29329 704.51966 698.50142 692.48318 686.46494 680.44669 675.63186 678.81132 685.58614 695.36194 705.13775 714.91355 724.68935 729.17842 723.47638 717.77433 712.07229 706.37024 699.31349 687.90429 681.56206 679.60997 677.65788 675.70579 673.7537 677.65471 682.63963 686.62697 690.61432 694.60166 698.589 704.17333 707.15452 710.13571 713.11691 716.0981 717.41453 714.62048 714.16424 713.708 713.25176 712.79552
-9999 765.21748 767.66007 770.10267 772.54527 776.17222 780.54104 779.9982 773.78666 767.28277 760.13895 752.99514 745.85132 739.0615 732.98058 727.61368 724.81299 722.0123 719.21162 715.43799 709.41975 703.4015 697.38326 694.71871 697.36419 700.54366 705.15433 710.75465 720.53045 730.30625 740.08205 744.57113 738.86908 733.16704 727.46499 719.24202 708.41127 697.00206 684.76529 676.29838 674.34629 672.39419 670.4421 674.34311 682.45185 688.20247 692.18981 696.17715 700.16449 705.88006 711.89433 715.24468 718.22587 721.20706 722.52349 718.07337 714.62041 714.16417 713.70793 713.25169
-9999 776.60274 779.04534 781.48793 785.63303 790.00185 794.37067 793.82783 787.61629 781.40476 775.15165 768.00784 760.86402 754.0742 747.99327 741.91235 735.83143 732.93063 730.12994 726.35632 720.33807 714.31983 713.80557 716.45105 719.09653 722.27599 726.88667 731.49734 736.10801 745.69895 755.47476 759.96383 754.26179 748.55974 739.17054 728.3398 717.50905 706.09984 693.86307 681.6263 671.03469 669.0826 667.13051 671.03152 679.14025 687.24899 693.7653 697.75264 701.73998 707.45556 713.46982 719.48408 723.33483 726.31602 727.63245 723.18234 718.73222 714.62034 714.1641 713.70786
-9999 787.988 790.72502 795.09384 799.46266 803.83148 808.2003 807.65746 801.44593 795.23439 789.02286 782.81133 775.87672 769.0869 763.00597 756.92505 750.84413 744.76321 741.04827 737.27464 731.2564 732.89243 735.53791 738.18339 740.82887 744.00833 748.619 753.22968 757.84035 762.45102 770.86746 775.35654 769.65449 759.09907 748.26832 737.43757 726.60682 715.19762 702.96085 690.72408 678.4873 666.25053 663.81891 667.71992 675.82866 683.93739 692.04613 699.32813 703.31547 709.03105 715.04531 721.05957 727.07383 731.42498 732.74141 728.2913 723.84118 719.39107 714.94096 714.16404
-9999 800.18584 804.55466 808.92348 813.29229 817.66111 822.02993 821.48709 815.27556 809.06402 802.85249 796.64096 790.42942 784.09959 778.01867 771.93775 765.85683 759.77591 753.69498 749.33381 751.97929 754.62477 757.27025 759.91573 762.5612 765.74067 770.35134 774.96201 779.57269 784.18336 788.79404 789.85834 779.0276 768.19685 757.3661 746.53535 735.7046 724.2954 712.05862 699.82185 687.58508 675.34831 663.11154 664.40833 672.51706 680.6258 688.73453 696.84327 704.89096 710.60654 716.6208 722.63506 728.64933 734.66359 737.85037 733.40026 728.95015 724.50003 720.04992 715.59981
-9999 804.62959 808.99841 813.36723 817.73605 822.10486 826.08707 825.18892 818.97739 812.76585 806.55432 800.34279 794.57442 790.22155 786.81555 780.73463 774.65371 768.57279 762.49187 759.04968 761.69516 764.34064 766.98612 769.6316 772.73704 774.42935 771.92029 776.53097 781.14164 785.75231 790.36299 789.69938 778.86863 768.03788 757.20713 746.37638 737.72841 728.92261 716.68584 704.44907 692.2123 679.97553 669.50177 661.77496 663.13482 671.24355 679.35228 687.46102 695.56975 701.89266 707.90692 713.92118 719.93544 724.77753 724.82479 720.37468 715.92456 711.47445 707.02433 710.38279
-9999 807.58635 811.95517 816.32399 820.69281 824.47872 828.18437 827.28621 821.07468 814.86315 808.65161 803.17359 797.94295 793.59008 790.99501 788.39994 782.46583 776.38491 770.30399 766.8618 769.50728 772.15276 774.79824 778.24328 782.12478 783.81708 779.64181 775.46654 779.51614 784.12682 788.73749 788.07388 777.24313 766.41238 755.58163 748.05496 741.64737 732.84157 720.6048 708.36803 696.13125 686.29185 676.78629 669.05948 662.61138 660.89954 669.00827 677.11701 685.22574 691.54864 697.56291 703.57717 707.5333 708.87892 708.92618 704.47606 700.02595 695.57584 701.31491 709.40961
-9999 810.54311 814.91193 819.16471 822.87036 826.57601 830.28166 829.38351 823.17198 817.00341 811.77276 806.54212 801.31147 796.95861 794.36353 791.76846 789.17339 784.19703 778.11611 774.67392 777.3194 779.96488 783.74952 787.63102 791.51251 793.20482 789.02955 784.85428 780.679 782.50132 787.11199 786.44838 775.61763 764.7891 758.3815 751.97391 745.56632 736.76052 724.52375 712.58749 703.08193 693.57637 684.07081 676.344 669.8959 663.4478 658.66426 666.773 674.88173 681.20463 687.2189 690.28906 691.63468 692.98031 693.02757 688.57745 684.15232 692.24702 700.34172 708.43642
-9999 813.49987 817.55635 821.262 824.96766 828.67331 832.37896 831.48081 825.60258 820.37193 815.14129 809.91064 804.68 800.32713 797.73206 795.13699 792.54192 789.94685 785.92823 782.48604 785.37426 789.25576 793.13726 797.01875 800.90025 802.59255 798.41728 794.24201 790.06674 785.89147 785.48649 784.82288 775.11564 768.70805 762.30046 755.89287 749.48528 740.67948 729.37756 719.87201 710.36645 700.86089 691.35533 683.62852 677.18042 670.73232 664.28423 657.83613 664.53772 670.86062 673.04483 674.39045 675.73607 677.0817 677.12896 675.08443 683.17913 691.27383 699.36854 707.46324
-9999 814.99964 818.70529 822.41094 826.11659 829.82225 833.5279 832.66571 827.43506 822.20442 816.97377 811.74313 806.51249 802.78522 800.19015 797.59508 795.00001 792.40494 789.80987 789.17322 793.05471 796.93621 800.8177 804.6992 808.5807 810.20938 806.03411 801.85884 797.68356 793.50829 789.33302 784.39526 777.98767 771.58008 765.17249 758.7649 752.3573 744.76213 735.25658 725.75102 716.24546 706.7399 697.23435 688.97218 682.52409 676.07599 669.62789 663.17979 656.73169 656.92884 658.27446 659.62008 660.96571 662.31133 666.4846 674.5793 682.674 690.7687 698.8634 706.9581
-9999 809.93331 813.63897 817.34462 821.05027 824.75592 826.21175 824.43143 819.20079 813.97014 808.7395 803.50885 799.34827 796.71261 796.49074 794.08645 791.49138 788.89631 786.30124 785.66458 789.54608 793.42757 797.30907 801.19057 805.2877 807.01585 802.12896 797.86961 793.69433 789.51906 785.34379 780.40603 773.99844 767.59085 761.18326 754.77567 748.79695 741.42984 731.92429 722.41873 712.91317 703.40761 692.52585 683.06723 675.14792 668.69983 662.25173 655.80363 649.35553 649.55268 650.8983 652.24392 653.58955 659.56947 669.04694 677.14164 685.23634 693.33105 701.42575 712.47651
-9999 804.86699 808.57264 812.27829 815.55901 816.76824 817.97747 816.19715 810.96651 805.73586 800.55947 796.71844 792.87742 790.24175 790.01989 789.79802 787.98274 785.38767 782.7926 782.15595 786.03744 789.91894 793.80044 797.97568 802.1719 803.90005 799.01317 794.12628 789.70511 785.52983 781.35456 776.4168 770.00921 763.60162 757.20938 751.33702 745.46466 738.09755 728.59199 719.08644 709.35635 698.39925 687.44214 677.98352 669.60215 661.32366 654.87557 648.42747 641.97937 642.17651 643.52214 644.86776 652.25515 662.13182 671.60929 679.70399 687.79869 696.15063 707.47739 718.80414
-9999 799.80066 803.50632 806.1155 807.32473 808.53396 809.74319 807.96287 802.73223 797.92964 794.08861 790.24759 786.40656 783.7709 783.54903 783.32717 783.1053 781.87904 779.28397 778.64731 782.52881 786.46744 790.66366 794.85988 799.05611 800.78426 795.89737 791.01048 786.12359 781.5406 777.36533 772.42757 766.01998 759.74945 753.87709 748.00473 742.13237 734.76526 725.2597 715.22974 704.27264 693.31553 682.35843 672.89981 664.51844 656.13706 647.75569 641.05131 634.60321 634.80035 636.14597 644.94083 654.8175 664.69416 674.17163 682.26633 691.1515 702.47826 713.80501 725.13177
-9999 794.73434 796.67199 797.88122 799.09045 800.29968 801.50891 799.72859 795.29981 791.45878 787.61776 783.77673 779.93571 777.30004 777.07818 776.85631 776.63444 776.41258 775.77533 775.13868 779.15543 783.35165 787.54787 791.74409 795.94031 797.66846 792.78157 787.89468 783.0078 778.12091 773.3761 768.43835 762.28952 756.41716 750.5448 744.67244 738.80008 731.43297 721.10314 710.14603 699.18893 688.23182 677.27472 667.8161 659.43473 651.05335 642.67197 634.2906 627.22705 627.74985 637.62651 647.50318 657.37984 667.25651 676.73398 686.15238 697.47913 708.80589 720.13264 731.4594
-9999 786.96564 788.17487 789.3841 790.59333 791.80256 793.01179 791.70727 787.86624 784.02522 780.18419 776.34317 772.50214 769.89795 769.68086 769.45899 769.23713 769.01526 768.7934 769.90749 774.10371 778.29993 782.49616 786.69238 790.8886 795.54388 791.80525 786.91837 782.03148 777.14459 772.2577 767.03421 761.16184 755.28948 749.41712 743.54476 737.6724 732.82469 721.86758 710.91048 699.95337 688.99627 678.03916 669.35289 660.97151 652.59014 644.20876 635.82738 627.44601 634.45016 644.32683 654.20349 664.08016 673.95682 680.92059 690.31136 701.63811 712.96486 724.29162 735.61837
-9999 777.85777 779.067 780.27623 781.48546 782.48226 782.27675 780.83875 777.97829 774.35466 770.51363 766.67261 762.83158 760.22739 760.10005 759.90892 759.68705 759.46519 759.24332 760.35742 764.55364 768.74986 772.94608 777.1423 781.26018 785.88642 791.89099 790.91342 786.02653 781.13964 776.25275 771.02926 765.1569 759.28453 753.41217 747.30535 735.85978 730.40595 733.52415 725.26391 714.30681 703.34971 692.3926 684.16716 677.89193 669.51055 661.12917 652.7478 644.36642 651.11905 660.64228 670.51894 680.39561 690.27227 697.23604 694.10987 700.75793 712.08469 723.41144 734.7382
-9999 768.7499 769.95913 771.16836 771.7464 771.54089 771.33539 769.89738 767.03692 764.17646 760.84307 757.00205 753.16102 750.55683 750.42949 750.30214 750.13698 749.91511 749.69325 750.80735 755.00357 759.19979 763.37876 767.49074 771.60273 776.22897 782.23353 788.2381 790.02158 785.13469 780.2478 775.02431 769.15195 763.27959 755.75992 744.31435 732.86878 727.41495 730.53315 733.65135 728.66025 717.70314 706.74604 698.5206 692.25891 685.99723 678.04959 669.66821 661.28684 668.03946 677.40766 686.83439 696.71106 706.58772 713.55149 710.42532 707.29916 711.20451 722.53126 733.85802
-9999 759.64203 760.85126 761.01054 760.80503 760.59953 760.39402 758.95602 756.09555 753.23509 750.37463 747.33149 743.49046 740.88628 740.75893 740.63158 740.50423 740.36504 740.14317 741.25727 745.45349 749.60932 753.7213 757.83329 761.94527 766.57151 772.57608 778.58065 784.58521 789.12974 784.24285 779.01936 773.147 764.21449 752.76892 741.32335 729.87777 724.42394 727.54214 730.66034 733.77855 732.05658 721.09947 712.87403 706.61235 700.35067 694.08898 686.58863 678.20725 684.95988 694.32807 703.69627 713.06446 722.90317 729.86694 726.74077 723.61461 720.48844 721.65108 732.97784
-9999 750.48019 750.27468 750.06917 749.86367 749.65816 749.45265 748.01465 745.15419 742.29372 739.43326 736.5728 733.71234 731.21572 731.08837 730.96102 730.83367 730.70632 730.57897 731.7072 735.83988 739.95187 744.06385 748.17584 752.28782 756.91406 762.91862 768.92319 774.92776 780.93232 786.93689 783.01441 772.66906 761.22349 749.77792 738.33234 726.88677 721.43294 724.55114 727.66934 730.78754 733.90574 735.45291 727.22747 720.96578 714.7041 708.44242 702.18074 695.12767 701.88029 711.24849 720.61668 729.98487 739.35307 746.18239 743.05622 739.93006 736.80389 733.67773 732.09766
-9999 743.67718 743.47168 743.26617 743.06066 742.85515 741.96914 738.73484 735.87438 733.01392 730.15346 727.29299 724.43757 722.32472 721.94989 721.82254 721.69519 721.56784 721.4405 722.59506 726.70704 730.81903 734.93101 739.043 743.15498 751.01014 755.20082 761.20539 767.20996 773.21452 779.21909 779.26326 767.81769 756.37211 744.92654 733.48097 722.97136 721.89181 725.01001 728.12822 731.24642 734.36462 737.31025 736.40564 730.45888 724.1972 717.93552 711.67384 705.41215 712.47714 721.84533 731.21352 740.58172 749.94991 757.11409 753.98793 750.86176 747.73559 744.60943 745.03036
-9999 739.99582 739.79031 739.5848 739.3793 737.50089 733.94268 730.70839 727.84792 724.98746 722.127 719.29233 716.502 714.38916 713.63302 713.08543 712.95808 712.83073 712.70338 713.85794 717.96993 722.08191 726.1939 731.93784 742.02528 749.89026 751.79847 754.9507 760.95527 766.95984 772.9644 773.00857 761.563 750.11743 738.67186 730.04627 726.03254 724.95299 728.07119 731.1894 734.3076 737.11219 739.62315 738.71854 735.35852 730.02406 723.76237 717.50069 711.23901 718.30399 727.67219 737.04038 746.48927 756.73476 763.98473 760.85857 757.7324 754.60624 757.48748 767.32613
-9999 736.31445 736.10894 735.90344 733.03264 729.47443 725.91622 722.68193 719.82146 716.961 714.14709 711.35676 708.56643 706.45359 705.69746 704.94132 704.22097 704.09362 703.96627 705.12083 709.23282 713.3448 720.73051 730.81795 740.9054 748.77038 750.67859 752.58681 754.70059 760.70515 766.70972 766.75389 755.30832 743.86274 737.12117 733.10745 729.09372 728.01417 731.13238 734.25058 736.91413 739.42509 741.93605 741.03144 737.67142 734.3114 729.58923 723.32755 717.06586 724.13085 733.49904 743.11442 753.35991 763.60541 770.85538 767.72921 764.60304 769.9446 779.78325 789.62189
-9999 732.63309 732.1226 728.56439 725.00618 721.44797 717.88977 714.65547 711.79501 709.00186 706.21153 703.4212 700.63087 698.51802 697.76189 697.00575 696.24962 695.49348 695.22916 696.38372 700.4957 709.52318 719.61062 729.69807 739.78552 747.6505 749.55871 751.46692 753.37514 755.28335 760.45503 760.4992 749.05363 744.19608 740.18235 736.16863 732.15491 731.07536 734.19356 736.71608 739.22704 741.738 744.24896 743.34435 739.98432 736.6243 733.26428 729.1544 722.89272 729.9577 739.73956 749.98506 760.23055 770.47605 777.72602 774.59985 782.40172 792.24037 802.07901 811.91766
-9999 727.65435 724.09614 720.53793 716.97972 713.42152 709.86331 706.64695 703.85662 701.06629 698.27596 695.48563 692.6953 690.58246 689.82632 689.07019 688.31405 687.55792 686.80178 688.2284 698.31585 708.4033 718.49074 728.57819 738.66563 746.53061 748.43883 750.34704 752.25525 754.16347 756.07168 755.28471 751.27098 747.25726 743.24354 739.22981 735.21609 734.00706 736.51802 739.02898 741.53994 744.0509 746.56186 745.65725 742.29723 738.93721 735.57718 732.21716 728.71958 736.36471 746.6102 756.8557 767.10119 777.34669 785.0202 794.85884 804.69749 814.53613 824.37478 834.21343
-9999 725.96788 722.40967 718.85146 715.29325 711.73505 705.58169 698.76965 694.51512 691.72479 688.93446 686.14413 683.3538 682.12193 683.31443 682.55829 681.80215 681.04602 680.28988 682.81268 692.90013 702.98758 713.07502 723.16247 731.15636 738.73051 752.6248 754.53301 756.44122 758.34944 760.25765 760.14312 756.1294 752.11568 748.10195 744.08823 740.53078 738.91991 740.12758 742.63854 745.1495 747.66046 750.17142 754.11097 754.36862 751.0086 747.64858 744.28856 740.92854 737.47586 745.72215 755.96765 766.21315 776.45864 785.12096 789.80194 799.64059 809.47923 819.31788 829.15652
-9999 725.49651 721.9383 718.38009 714.82188 707.2764 699.01501 692.20297 687.06367 682.11384 679.32351 676.53318 673.74285 672.51098 674.39999 676.289 675.56311 674.80697 674.05084 676.57364 686.66109 696.74853 706.83598 713.14527 717.10139 724.67554 741.94693 759.21832 761.64409 763.5523 765.46052 765.34599 761.33227 757.31854 753.30482 749.99702 746.96809 745.35722 745.77509 746.49662 749.00758 751.51854 754.0295 757.96905 762.9356 764.95027 761.59025 758.23023 754.87021 751.41753 747.94883 753.5926 763.8381 774.08359 782.74591 785.92431 789.34139 799.18003 809.01868 818.85733
