P1_models/J1_p1_tot_conduct_slide_300.dat.tif
NCOLS 118
NROWS 92
XLLCORNER 139.62
YLLCORNER -39.07
DX 0.099491525
DY 0.099347826
NODATA_VALUE -9999
[rows 26 to 51 of 92, columns 0 to 58 of 118]
-2.0283507 -1.96163 -1.8870114 -1.8227892 -1.7659369 -1.7348586 -1.7099857 -1.7062865 -1.7204995 -1.7475171 -1.8022375 -1.8637883 -1.938407 -2.0086244 -2.0882176 -2.1766235 -2.241293 -2.2982276 -2.3429988 -2.3802488 -2.4100758 -2.4442834 -2.4890546 -2.4863696 -2.4912322 -2.4948551 -2.4900433 -2.4941746 -2.4764128 -2.4562513 -2.4353058 -2.4096204 -2.3747984 -2.3289587 -2.2608856 -2.193316 -2.1336211 -2.0683249 -1.9950154 -1.9190787 -1.8405328 -1.7790364 -1.7292906 -1.6871608 -1.650506 -1.6289523 -1.6080067 -1.603029 -1.603029 -1.613473 -1.6239458 -1.6511398 -1.6827998 -1.7172945 -1.7512404 -1.7878952 -1.8296189 -1.8872192 -1.9371689
-2.0349193 -1.9725953 -1.9129004 -1.8538324 -1.8206685 -1.7961586 -1.7812349 -1.7805113 -1.8041997 -1.8333746 -1.8831204 -1.9432666 -2.0130653 -2.0810526 -2.1457221 -2.230432 -2.3398726 -2.4107813 -2.4505779 -2.4862198 -2.5061182 -2.537008 -2.4767693 -2.4267609 -2.4267609 -2.4286232 -2.4286232 -2.434566 -2.4644134 -2.4628745 -2.4419289 -2.4162436 -2.3814216 -2.3355819 -2.2572905 -2.1866928 -2.1269979 -2.0617017 -1.9883922 -1.9124555 -1.8339096 -1.7724132 -1.7226674 -1.6805376 -1.6438828 -1.6283431 -1.6212531 -1.6162754 -1.6162754 -1.6296697 -1.6438154 -1.6641633 -1.689423 -1.7281141 -1.7644868 -1.8011416 -1.8427339 -1.8950978 -1.9437921
-2.0661625 -2.0086627 -1.9504692 -1.9062997 -1.8790561 -1.8667363 -1.8560189 -1.8612192 -1.8871716 -1.9200712 -1.9698169 -2.0263932 -2.0937462 -2.1501276 -2.2063775 -2.2822885 -2.3860144 -2.4705737 -2.5045539 -2.5368293 -2.5537685 -2.5475058 -2.4760792 -2.4189266 -2.4189266 -2.4175749 -2.4144633 -2.4235692 -2.4565792 -2.4736635 -2.4527179 -2.4270326 -2.3922105 -2.3429008 -2.2629201 -2.1892938 -2.1295989 -2.0664571 -1.9954565 -1.9168927 -1.8365106 -1.7750142 -1.7252684 -1.686185 -1.6509471 -1.6354075 -1.6301711 -1.6329186 -1.6333899 -1.6512476 -1.6669567 -1.6831402 -1.7046753 -1.7433664 -1.7827744 -1.8227195 -1.8659576 -1.9211391 -1.967971
-2.1051209 -2.0534725 -1.9987521 -1.9649634 -1.9460126 -1.9357105 -1.9307359 -1.9419393 -1.9703655 -2.0049828 -2.0547286 -2.1078896 -2.1675845 -2.2206031 -2.2703489 -2.3354814 -2.4349729 -2.5113482 -2.5411956 -2.5651853 -2.580109 -2.5674183 -2.4878251 -2.43 -2.43 -2.4293209 -2.4243463 -2.4297785 -2.4646005 -2.4854094 -2.4644638 -2.4387785 -2.4039565 -2.3529116 -2.2691293 -2.1961756 -2.1364807 -2.0733389 -2.0052657 -1.9299838 -1.8462014 -1.7832411 -1.7334953 -1.6944119 -1.6629935 -1.6505161 -1.6452798 -1.6480273 -1.6532637 -1.6712218 -1.6921674 -1.7081754 -1.7246481 -1.7633392 -1.8020747 -1.8439659 -1.8907946 -1.9483949 -1.9990172
-2.1423763 -2.0975958 -2.0546353 -2.0208466 -2.0062877 -2.0011781 -2.0052468 -2.017977 -2.0510856 -2.0835311 -2.1233277 -2.1761913 -2.2287582 -2.2735336 -2.3083556 -2.3718035 -2.4663204 -2.5406293 -2.5605276 -2.5821496 -2.5871242 -2.5736276 -2.4907246 -2.43 -2.43 -2.43 -2.43 -2.4359877 -2.4708098 -2.4916186 -2.4706731 -2.4449877 -2.4101657 -2.3591209 -2.2753385 -2.2038098 -2.1488992 -2.0857573 -2.0176842 -1.9443568 -1.8648291 -1.8041411 -1.7583323 -1.7192489 -1.6878305 -1.6810464 -1.6825352 -1.6852827 -1.6905191 -1.7046851 -1.7232136 -1.7392216 -1.7556943 -1.7943854 -1.8326204 -1.8692752 -1.9156315 -1.9732319 -2.0254179
-2.1605489 -2.1284878 -2.0896969 -2.0648712 -2.0514653 -2.0512058 -2.0571174 -2.0729787 -2.1050448 -2.1598965 -2.216618 -2.2598299 -2.3095757 -2.3560079 -2.3924702 -2.3919617 -2.4289789 -2.4955044 -2.5101766 -2.5255622 -2.5305368 -2.5093503 -2.4247825 -2.4893478 -2.4893478 -2.4866444 -2.4827536 -2.4320206 -2.3750149 -2.3984554 -2.3814724 -2.3608845 -2.3308564 -2.2798115 -2.202206 -2.2024312 -2.1489105 -2.0930053 -2.0272177 -1.9538903 -1.8753444 -1.8226827 -1.7786159 -1.7477058 -1.7167888 -1.7100047 -1.7152411 -1.7171804 -1.7224168 -1.7365827 -1.7522919 -1.7712982 -1.7875872 -1.8231649 -1.8602268 -1.8947575 -1.9363498 -1.9922989 -2.0422486
-2.1616606 -2.135111 -2.1102381 -2.0940567 -2.0845813 -2.0843218 -2.0942709 -2.1127179 -2.141144 -2.1930125 -2.2875294 -2.3658009 -2.4155467 -2.4619789 -2.5017755 -2.5045559 -2.4299373 -2.3829102 -2.3878847 -2.3930984 -2.398073 -2.4290864 -2.5335525 -2.6085652 -2.6085652 -2.6058618 -2.5959127 -2.5379916 -2.3439831 -2.1997597 -2.1892869 -2.1754353 -2.155537 -2.1523048 -2.1889596 -2.1891848 -2.1394391 -2.0863821 -2.0287818 -1.9605135 -1.8819676 -1.8293059 -1.7944838 -1.7675753 -1.7466297 -1.7431206 -1.748357 -1.7496014 -1.7496014 -1.7630755 -1.7787846 -1.7994314 -1.8207031 -1.853867 -1.8867195 -1.9181379 -1.9562194 -2.0085833 -2.055495
-2.1860393 -2.1626906 -2.1409904 -2.1251278 -2.1229416 -2.1276619 -2.1376111 -2.1561377 -2.1845639 -2.2363526 -2.3308695 -2.4100178 -2.4513135 -2.4844787 -2.5153199 -2.5149682 -2.4312924 -2.3815551 -2.3865297 -2.3915042 -2.3964788 -2.4305212 -2.5349873 -2.6085975 -2.6038655 -2.6025138 -2.5973475 -2.5379661 -2.339124 -2.1912339 -2.1807611 -2.168768 -2.1533051 -2.1521454 -2.1919061 -2.1972574 -2.1515487 -2.1050344 -2.0593746 -1.99652 -1.9249889 -1.8752721 -1.8436396 -1.8199369 -1.8020795 -1.802249 -1.8101007 -1.8113451 -1.8113451 -1.8202746 -1.8343141 -1.8450857 -1.863676 -1.8857853 -1.9165379 -1.9429948 -1.9809966 -2.0333605 -2.0779561
-2.2026675 -2.1856525 -2.1657542 -2.1575 -2.1575101 -2.1670805 -2.1771695 -2.1934968 -2.2216223 -2.2716525 -2.365428 -2.4394534 -2.4742754 -2.5032839 -2.5322881 -2.5235932 -2.4381314 -2.3815551 -2.3865297 -2.3915042 -2.3964788 -2.4305212 -2.5349873 -2.6060975 -2.6011229 -2.5961483 -2.5911737 -2.5367669 -2.3389831 -2.1873684 -2.1768956 -2.1649025 -2.1499788 -2.1538805 -2.1957716 -2.2099153 -2.1663517 -2.1292284 -2.0883742 -2.0333475 -1.9652743 -1.9273305 -1.8974831 -1.8783608 -1.8626517 -1.8670384 -1.8775112 -1.8775 -1.8775 -1.8814295 -1.8919023 -1.8973751 -1.9080508 -1.9278437 -1.9485192 -1.9720473 -2.0048127 -2.0563225 -2.0986817
-2.2159139 -2.1993608 -2.1844371 -2.1792652 -2.1840028 -2.1935733 -2.208497 -2.2266127 -2.2503012 -2.2981453 -2.3876877 -2.4584921 -2.4883396 -2.5165303 -2.5414032 -2.5302164 -2.440674 -2.3815551 -2.3865297 -2.3915042 -2.3964788 -2.4299446 -2.5294361 -2.5994743 -2.5944997 -2.5895251 -2.5845505 -2.5301438 -2.3361353 -2.1873684 -2.1768956 -2.1649025 -2.1499788 -2.1547387 -2.2018663 -2.2165384 -2.186691 -2.1557211 -2.1295391 -2.0797098 -2.0116366 -1.9750276 -1.9601038 -1.9451391 -1.9346663 -1.9409126 -1.9566218 -1.9554863 -1.9503551 -1.9503551 -1.951511 -1.9521087 -1.9544132 -1.9709951 -1.9882583 -2.0039675 -2.0313054 -2.078433 -2.1185513
-2.2446036 -2.2310124 -2.218514 -2.2150958 -2.2285254 -2.2432054 -2.2551021 -2.2718952 -2.2923958 -2.3323292 -2.4073566 -2.4764074 -2.502116 -2.5220143 -2.5431568 -2.5294873 -2.4361636 -2.3761679 -2.3811424 -2.3846128 -2.3857044 -2.4182933 -2.4578835 -2.411447 -2.4104571 -2.4054825 -2.400508 -2.4111436 -2.4214541 -2.2722483 -2.2577041 -2.245711 -2.2307872 -2.2364239 -2.2387365 -2.2042562 -2.1875678 -2.163537 -2.1438208 -2.1360287 -2.1093572 -2.075693 -2.0632116 -2.0508773 -2.0404045 -2.0123359 -2.0093646 -2.0051139 -1.9984822 -1.9932458 -1.9923234 -1.962698 -1.96 -1.9609711 -1.9761844 -1.9876795 -2.0165555 -2.0711658 -2.1081709
-2.2691564 -2.2574821 -2.2475329 -2.2544954 -2.2734462 -2.2864232 -2.2963724 -2.3105003 -2.3294511 -2.3646186 -2.4342627 -2.4868305 -2.5067288 -2.5232674 -2.5431196 -2.5260815 -2.4315645 -2.3681493 -2.3731239 -2.3765942 -2.3765942 -2.3577001 -2.2930306 -2.2482971 -2.2482971 -2.2469454 -2.2419708 -2.2526064 -2.3073268 -2.3456655 -2.3303434 -2.3166017 -2.3016817 -2.2743523 -2.2219884 -2.1926167 -2.1826675 -2.1737544 -2.1580452 -2.1605803 -2.1710531 -2.1694363 -2.1594871 -2.1509362 -2.1404634 -2.1089889 -2.0723342 -2.0556392 -2.0451665 -2.0374555 -2.0322191 -2.0005921 -1.9700338 -1.9685145 -1.9685145 -1.9779276 -2.0015672 -2.0591105 -2.1023512
-2.2821598 -2.2707284 -2.2607793 -2.2677418 -2.2866925 -2.2990123 -2.3039869 -2.3171235 -2.3360743 -2.3711863 -2.4358557 -2.4867968 -2.5017205 -2.5166443 -2.531568 -2.5128351 -2.4183182 -2.3549029 -2.3598775 -2.3633478 -2.3633478 -2.3444538 -2.2845383 -2.2416739 -2.2416739 -2.2403222 -2.2353476 -2.2459832 -2.3007036 -2.3390423 -2.3285695 -2.3166017 -2.3066525 -2.2810978 -2.2392066 -2.2128808 -2.2079062 -2.20115 -2.1959136 -2.2030921 -2.2292741 -2.229045 -2.2190958 -2.2118884 -2.206652 -2.1715883 -2.1253197 -2.1086248 -2.098152 -2.0876792 -2.0785814 -2.0437197 -2.0097729 -2.0042456 -2.0016304 -2.0016304 -2.0214368 -2.0738007 -2.1155976
-2.2838337 -2.2770381 -2.2687671 -2.2757295 -2.2925303 -2.3023602 -2.3073347 -2.3165981 -2.3331082 -2.3664617 -2.4282498 -2.475843 -2.4907667 -2.5056904 -2.5206142 -2.5002074 -2.4056904 -2.3422752 -2.3472498 -2.3507201 -2.3507201 -2.3332794 -2.2746524 -2.2353601 -2.2353601 -2.2340084 -2.2290338 -2.2396694 -2.2943897 -2.3353601 -2.3315356 -2.3229408 -2.3159324 -2.2953994 -2.2535083 -2.2292799 -2.2268478 -2.2239198 -2.2211691 -2.2369496 -2.2671572 -2.2748948 -2.2666406 -2.2594332 -2.2541968 -2.2172878 -2.1690395 -2.1498557 -2.1393829 -2.1289101 -2.1184374 -2.0739969 -2.0381926 -2.0282089 -2.0239198 -2.0239198 -2.0403784 -2.0927423 -2.1306289
-2.2874569 -2.2806613 -2.2756867 -2.2819404 -2.2961535 -2.2923964 -2.297371 -2.3048227 -2.3190358 -2.3529495 -2.4126444 -2.4569707 -2.4718944 -2.4850066 -2.4999303 -2.4849583 -2.3904414 -2.3270261 -2.3320007 -2.335471 -2.335471 -2.3194837 -2.2647634 -2.2463043 -2.2463043 -2.2458585 -2.2408839 -2.2270629 -2.2817833 -2.3227536 -2.3227536 -2.3228661 -2.3178915 -2.3006848 -2.2587936 -2.2499638 -2.2499638 -2.2499638 -2.2499638 -2.2565782 -2.293233 -2.3052435 -2.3002689 -2.2960478 -2.2908114 -2.2575256 -2.2051616 -2.1856392 -2.1751665 -2.1637879 -2.1533151 -2.1236779 -2.0775651 -2.0657883 -2.0563043 -2.0563043 -2.0655165 -2.1178805 -2.155767
-2.3139497 -2.3071541 -2.3021795 -2.3042138 -2.2520992 -2.2247101 -2.2247101 -2.2293805 -2.2341182 -2.2702588 -2.349852 -2.397362 -2.4080746 -2.4180237 -2.4279729 -2.416304 -2.3516345 -2.2939102 -2.2988847 -2.3023551 -2.3023551 -2.2863678 -2.3187004 -2.3593953 -2.3643699 -2.3655217 -2.3655217 -2.3422372 -2.2626439 -2.2697681 -2.2697681 -2.2714673 -2.2764418 -2.2609456 -2.2955619 -2.3228188 -2.3228188 -2.3228188 -2.3228188 -2.3070561 -2.2799866 -2.2919971 -2.2870225 -2.284942 -2.2841882 -2.2613559 -2.2250312 -2.208595 -2.2016592 -2.1867217 -2.1731846 -2.2120874 -2.2100289 -2.1934469 -2.1818777 -2.1766413 -2.1788134 -2.1892862 -2.2219989
-2.326069 -2.3211903 -2.3162157 -2.2836558 -2.2298789 -2.2 -2.1985131 -2.1958478 -2.1986327 -2.2298312 -2.3085392 -2.3609587 -2.3700735 -2.3767049 -2.386654 -2.3725142 -2.3078447 -2.2649464 -2.269921 -2.2733913 -2.2740223 -2.2935308 -2.3482511 -2.388946 -2.3944499 -2.4030473 -2.4058478 -2.3850343 -2.3058686 -2.25 -2.2507044 -2.2558513 -2.2608259 -2.2797677 -2.3268953 -2.3541522 -2.3553764 -2.3583043 -2.3583043 -2.3425416 -2.3091076 -2.2912073 -2.2883043 -2.2883043 -2.2883043 -2.2671893 -2.2386786 -2.2284646 -2.2198476 -2.2049101 -2.1930542 -2.231957 -2.2760578 -2.2594759 -2.2412835 -2.2360471 -2.2357482 -2.2451866 -2.2550134
-2.3326438 -2.3270381 -2.3220636 -2.2867312 -2.2298789 -2.1969129 -2.1919384 -2.1885462 -2.1885462 -2.2141964 -2.2888151 -2.3395269 -2.3445015 -2.349679 -2.3596282 -2.3462153 -2.2815458 -2.2386475 -2.2436221 -2.2493235 -2.2542981 -2.2738066 -2.3285269 -2.3713513 -2.3813004 -2.3920786 -2.3970532 -2.3812142 -2.3065955 -2.2520427 -2.2572791 -2.2624261 -2.2674006 -2.2863424 -2.33347 -2.3628244 -2.3677989 -2.3707269 -2.3707269 -2.3523371 -2.3156823 -2.3007269 -2.3007269 -2.3007269 -2.3007269 -2.283131 -2.256949 -2.242743 -2.2322702 -2.2217974 -2.2113246 -2.2558918 -2.3007193 -2.2786101 -2.2602807 -2.2550443 -2.2530997 -2.2583361 -2.2696723
-2.338853 -2.3310124 -2.3220636 -2.2867312 -2.2298789 -2.1952797 -2.1857291 -2.1808645 -2.1761277 -2.2007464 -2.2703904 -2.3208992 -2.3222554 -2.3239122 -2.3288868 -2.3160481 -2.2563532 -2.2138105 -2.2187851 -2.2252639 -2.2352131 -2.2551789 -2.3098992 -2.3533992 -2.3683229 -2.3815345 -2.4014328 -2.3874234 -2.3128048 -2.2582519 -2.2634883 -2.2686353 -2.2736099 -2.2925517 -2.3396792 -2.3690336 -2.3740082 -2.3769361 -2.3769361 -2.3585463 -2.3218915 -2.3069361 -2.3069361 -2.3069361 -2.3069361 -2.2893402 -2.2631583 -2.2489522 -2.2384794 -2.2280066 -2.2175338 -2.2663117 -2.3131378 -2.2910286 -2.2726992 -2.2674628 -2.2655181 -2.2707545 -2.2805813
-2.2882357 -2.2803951 -2.270446 -2.2330501 -2.1952313 -2.2130499 -2.2021059 -2.1901773 -2.1831282 -2.1853406 -2.2374221 -2.2831594 -2.2831221 -2.2798043 -2.2830806 -2.2719959 -2.2175484 -2.1796247 -2.1863992 -2.192878 -2.2028272 -2.2258569 -2.2805772 -2.2958341 -2.3088053 -2.323729 -2.3416239 -2.3498146 -2.2957382 -2.2411854 -2.2464218 -2.2515687 -2.2565433 -2.2754851 -2.3229392 -2.3532246 -2.3569416 -2.3598696 -2.3598696 -2.3782594 -2.351796 -2.3368406 -2.3368406 -2.3368406 -2.3368406 -2.2823389 -2.2561569 -2.2453059 -2.2348331 -2.2277154 -2.2172426 -2.2291147 -2.2793719 -2.2636056 -2.2452762 -2.2400398 -2.2430327 -2.2533967 -2.2632235
-2.1803696 -2.1744241 -2.1644749 -2.1875935 -2.2349705 -2.2527891 -2.2378653 -2.2232932 -2.2090802 -2.2052102 -2.2201339 -2.228488 -2.2235134 -2.2201957 -2.2201957 -2.205764 -2.1609928 -2.1332623 -2.1432115 -2.1531389 -2.1630881 -2.1746645 -2.1895882 -2.2031094 -2.2130586 -2.2243812 -2.2393049 -2.2438436 -2.2189707 -2.2014462 -2.2066826 -2.2118296 -2.2168042 -2.2374593 -2.2898232 -2.3201087 -2.3201087 -2.3201304 -2.3201304 -2.3385203 -2.375175 -2.3898261 -2.3898261 -2.3898261 -2.3898261 -2.3335192 -2.2497369 -2.2260732 -2.2208368 -2.2155787 -2.2103423 -2.2050842 -2.1998936 -2.188839 -2.1790443 -2.1738079 -2.1768008 -2.1977464 -2.2168612
-2.1861889 -2.183227 -2.1765048 -2.2001017 -2.2437797 -2.2567482 -2.2379958 -2.2234019 -2.2091889 -2.2017585 -2.2078214 -2.2159147 -2.208069 -2.2014334 -2.2014334 -2.188586 -2.1483977 -2.1207325 -2.1306816 -2.1406308 -2.1505799 -2.1619825 -2.179523 -2.1980188 -2.2127542 -2.2240551 -2.2389788 -2.2434958 -2.2186229 -2.2013158 -2.2065522 -2.21 -2.2104849 -2.2311617 -2.286686 -2.32 -2.32 -2.3221543 -2.3261889 -2.3445787 -2.3812335 -2.3932439 -2.39 -2.39 -2.39 -2.3336931 -2.2499108 -2.226008 -2.2207716 -2.2155352 -2.2102988 -2.2050624 -2.1996328 -2.1885782 -2.1788269 -2.1735905 -2.1765834 -2.197529 -2.216709
-2.192558 -2.1895961 -2.1846215 -2.2075095 -2.2502168 -2.2656753 -2.245777 -2.2241192 -2.2091889 -2.2017585 -2.2067331 -2.2065847 -2.1966356 -2.187442 -2.187442 -2.1745946 -2.134798 -2.1105522 -2.1205014 -2.1319547 -2.1429576 -2.1558136 -2.1757119 -2.1942076 -2.2091314 -2.2240551 -2.2389788 -2.2421949 -2.2160649 -2.1987578 -2.2039942 -2.2091412 -2.21 -2.2290856 -2.286686 -2.32 -2.32 -2.32 -2.3248328 -2.3458319 -2.3824866 -2.3970551 -2.3920805 -2.39 -2.39 -2.3336931 -2.2499108 -2.226008 -2.2207716 -2.2129773 -2.2077409 -2.2050624 -2.1994492 -2.1860202 -2.176269 -2.1710326 -2.1756713 -2.197529 -2.216709
-2.1991812 -2.1962193 -2.1912447 -2.2160863 -2.2634632 -2.2789216 -2.2590233 -2.2373655 -2.2136771 -2.2017585 -2.2067331 -2.205696 -2.1907722 -2.1808188 -2.1808188 -2.1679714 -2.1281748 -2.103929 -2.1138782 -2.1253316 -2.1402553 -2.1558136 -2.1757119 -2.1942076 -2.2091314 -2.2240551 -2.2389788 -2.2421949 -2.2123475 -2.1921346 -2.197371 -2.202518 -2.2074926 -2.2290856 -2.286686 -2.32 -2.32 -2.32 -2.32 -2.3392087 -2.3758634 -2.3908188 -2.3908188 -2.39 -2.39 -2.3336931 -2.2499108 -2.226008 -2.2207716 -2.2110705 -2.2011177 -2.2008188 -2.1994492 -2.1828672 -2.1696458 -2.1644094 -2.1690481 -2.1952301 -2.216709
-2.2812609 -2.278299 -2.2733244 -2.2989848 -2.2966452 -2.274755 -2.2579958 -2.2412026 -2.2211191 -2.2075628 -2.2125374 -2.2106815 -2.1957577 -2.1858043 -2.1833686 -2.1832119 -2.1853994 -2.1611536 -2.1734368 -2.1883605 -2.2055674 -2.2254657 -2.2342025 -2.2348381 -2.2519433 -2.2704899 -2.2854136 -2.2886297 -2.2483834 -2.2087288 -2.2163218 -2.2249165 -2.2298911 -2.252303 -2.3237824 -2.3722391 -2.3722391 -2.3722391 -2.3754342 -2.3964333 -2.3193843 -2.2681087 -2.2643849 -2.2623043 -2.2623043 -2.2059975 -2.2544529 -2.2666385 -2.2563694 -2.2456274 -2.2299183 -2.2253122 -2.1994492 -2.1828672 -2.1688269 -2.1635905 -2.1682293 -2.1648587 -2.1528612
-2.3405107 -2.3394657 -2.3344911 -2.3185656 -2.2948771 -2.2777746 -2.2628508 -2.2460577 -2.2271069 -2.218372 -2.2240157 -2.2221597 -2.207236 -2.1931983 -2.1882237 -2.186461 -2.1955886 -2.2070928 -2.2220165 -2.2369402 -2.2559153 -2.2685466 -2.263572 -2.2642076 -2.2830809 -2.3016275 -2.3165513 -2.3132631 -2.2585428 -2.220204 -2.2306768 -2.2375725 -2.2418187 -2.2729059 -2.3566882 -2.4072424 -2.4075725 -2.4075725 -2.4125357 -2.3545216 -2.2288481 -2.1746275 -2.169653 -2.1675725 -2.1675725 -2.2133218 -2.2813949 -2.287161 -2.2766882 -2.2617506 -2.2460414 -2.2204571 -2.1945941 -2.1780122 -2.1639719 -2.1587355 -2.1452698 -2.1138514 -2.0996176
