P1_models/J1_p1_vp_slide_diff2_160.dat.tif
NCOLS 118
NROWS 92
XLLCORNER 139.62
YLLCORNER -39.07
DX 0.099491525
DY 0.099347826
NODATA_VALUE -9999
[rows 24 to 47 of 92, columns 55 to 109 of 118]
0.10746114 0.10603504 0.10460893 0.10318283 0.10175672 0.10675755 0.11612574 0.12549393 0.13486213 0.14423032 0.15019629 0.14663736 0.14300067 0.13936398 0.1357273 0.13209061 0.12870223 0.12581973 0.12293724 0.12005475 0.11717226 0.11425983 0.1086731 0.10308637 0.097499635 0.091912905 0.086326174 0.080340639 0.071764469 0.0631883 0.05461213 0.046035961 0.039606178 0.03704399 0.034481801 0.031919613 0.029357424 0.024204724 0.035691317 0.048873554 0.062055791 0.075238028 0.088420265 0.080341742 0.065401177 0.050460611 0.035520045 0.020579479 0.01276395 0.011794107 0.010824264 0.0098544202 0.0088845768 0.0068047756 0.00075768069
0.10875442 0.10732831 0.10590221 0.10447611 0.10305 0.10401507 0.11065154 0.12001973 0.12938792 0.13875612 0.14812431 0.14223377 0.13855872 0.13492204 0.13128535 0.12764866 0.12434282 0.12146033 0.11857784 0.11569535 0.11281286 0.10959432 0.10073625 0.095149521 0.08956279 0.083976059 0.078389328 0.070757862 0.062181693 0.053605523 0.045029354 0.033523104 0.029846774 0.042107295 0.039545106 0.036982918 0.03442073 0.032327924 0.04551016 0.058692397 0.071874634 0.085056871 0.087539929 0.078561629 0.063737913 0.048797347 0.033856781 0.018916216 0.021038319 0.02247393 0.021504087 0.020534243 0.0195644 0.015680425 0.0097784499
0.11028799 0.1130852 0.1116591 0.110233 0.10880689 0.10977196 0.11236194 0.11771211 0.12708031 0.1364485 0.14581669 0.13992615 0.1335113 0.12936807 0.12573138 0.1220947 0.11878885 0.11590636 0.11302387 0.11010776 0.10694761 0.10372181 0.094632034 0.085542263 0.079745745 0.074159014 0.068572283 0.060940817 0.052364648 0.043788478 0.031058754 0.012774839 0.0090985085 0.031743718 0.047181149 0.044618961 0.042056773 0.039963967 0.053146204 0.06632844 0.079510677 0.080894376 0.080916811 0.071938511 0.062001604 0.047702196 0.03276163 0.017821064 0.019943168 0.03019955 0.032334479 0.031364636 0.030394793 0.026510818 0.02106883
0.11083334 0.11378753 0.11674172 0.11598988 0.11456378 0.11552885 0.11811883 0.12070881 0.12477269 0.13414088 0.14350908 0.13761853 0.13120368 0.12478883 0.12017742 0.11654073 0.11323489 0.1103524 0.10739539 0.10423524 0.1010751 0.097849292 0.088759521 0.07966975 0.070579979 0.064341969 0.058755239 0.051123772 0.042547603 0.028594403 0.010310489 -0.0079734257 -0.011649757 0.010995453 0.033640663 0.052255004 0.049692816 0.04760001 0.060782247 0.073964483 0.074248824 0.074271259 0.074293693 0.065315393 0.055378486 0.045441578 0.031666479 0.016725913 0.018848017 0.029104399 0.039360781 0.042195029 0.041225185 0.037341211 0.031899223
0.1113787 0.11433289 0.11728708 0.12024126 0.12032067 0.12128574 0.12387572 0.1264657 0.12905567 0.13183327 0.14120146 0.13531092 0.12889606 0.12248121 0.11606636 0.11098676 0.10768092 0.10468302 0.10152288 0.09836273 0.095202584 0.091976778 0.082887007 0.073797236 0.064707465 0.055617694 0.048938194 0.041306728 0.026130052 0.0078461379 -0.010437776 -0.028721691 -0.032398022 -0.0097528118 0.012892398 0.035537608 0.057328859 0.055236053 0.067580837 0.067603272 0.067625706 0.067648141 0.067670575 0.058692275 0.048755368 0.03881846 0.028881553 0.015630762 0.017752865 0.028009248 0.03826563 0.048522013 0.052055578 0.048171603 0.042729616
0.11060264 0.11355683 0.11651102 0.11946521 0.1224194 0.12473122 0.1273212 0.12991117 0.13250115 0.13509113 0.13768111 0.13215145 0.1257366 0.11932175 0.11290689 0.10649204 0.10150494 0.098344791 0.095184645 0.0920245 0.088864354 0.08593726 0.07794824 0.068858469 0.059768698 0.050678927 0.041589155 0.026210716 0.0079268015 -0.010357113 -0.028641027 -0.046924941 -0.049957589 -0.027312379 -0.0046671695 0.01797804 0.04062325 0.062594016 0.06261645 0.062638885 0.062661319 0.062683753 0.0622035 0.052523907 0.042587 0.032650092 0.022713185 0.012776277 0.014794412 0.025050795 0.035307177 0.045563559 0.055819942 0.058830578 0.05338859
0.099542437 0.10190249 0.10485667 0.10781086 0.11076505 0.11153645 0.11173839 0.11432836 0.11691834 0.11950832 0.1220983 0.1204591 0.11556444 0.10914959 0.10273473 0.096319882 0.091332776 0.08817263 0.085012485 0.081852339 0.079121566 0.077508125 0.078344605 0.071606599 0.062516828 0.053427056 0.044337285 0.028958846 0.010674931 -0.0076089828 -0.025892897 -0.038121359 -0.037049053 -0.018621558 0.0040236515 0.026668861 0.049314071 0.071284837 0.071307271 0.071329706 0.07135214 0.068882732 0.045094114 0.045836455 0.040162279 0.030225371 0.020288464 0.010351556 0.003970517 0.006753039 0.017009421 0.027265804 0.037522186 0.054445868 0.062636393
0.095359048 0.092033899 0.093202329 0.096156516 0.099110704 0.099882103 0.099170206 0.09874555 0.10133553 0.10392551 0.10651548 0.10487629 0.10309177 0.098977425 0.092562573 0.086147721 0.081160616 0.07800047 0.074840324 0.072333305 0.070692432 0.069078991 0.069915471 0.07075195 0.065264957 0.056175186 0.047085415 0.031706976 0.013423061 -0.0048608529 -0.015827655 -0.024100844 -0.023028539 -0.0051164973 0.012795544 0.035359682 0.058004892 0.079975658 0.079998092 0.080020527 0.075561965 0.051773346 0.027984727 0.028727068 0.032082037 0.02780065 0.017863743 0.0079268353 0.0015457959 -0.0031400559 -0.0012883344 0.0089680479 0.01922443 0.036148112 0.056636402
0.091175659 0.08785051 0.084525361 0.084502171 0.087456359 0.088227758 0.087515861 0.086803963 0.086092066 0.088342693 0.090932671 0.089293475 0.087508958 0.085724442 0.082390413 0.075975561 0.070988455 0.067828309 0.065545043 0.06390417 0.062263297 0.060649856 0.061486336 0.062322816 0.063159295 0.058923316 0.049833545 0.034455106 0.016171191 0.0064660496 -0.00180714 -0.01008033 -0.0090080238 0.0089040175 0.026816059 0.0447281 0.066695713 0.088666479 0.088688913 0.082241197 0.058452578 0.034663959 0.01087534 0.011617681 0.01497265 0.018327619 0.015439022 0.0055021142 -0.00087892514 -0.005564777 -0.010250629 -0.0093297079 0.00092667452 0.017850356 0.038338646
0.08699227 0.083667121 0.080341972 0.077016823 0.075802013 0.076573412 0.075861515 0.075149618 0.07443772 0.073725823 0.075349859 0.073710662 0.071926146 0.07014163 0.068357114 0.0658034 0.060816295 0.058756782 0.057115909 0.055475036 0.053834162 0.052220722 0.053057201 0.053893681 0.054730161 0.05556664 0.052581675 0.037203236 0.028759754 0.020486564 0.012213375 0.0039401851 0.005012491 0.022924532 0.040836574 0.058748615 0.076660656 0.0973573 0.088920429 0.06513181 0.041343191 0.017554572 -0.0062340464 -0.0054917055 -0.0021367365 0.0012182326 0.0045732016 0.0030773931 -0.0033036462 -0.0079894981 -0.01267535 -0.017361202 -0.017371081 -0.00044739974 0.02004089
0.084598602 0.081273453 0.077948304 0.074623155 0.071298006 0.069140989 0.068429092 0.067717195 0.067005297 0.0662934 0.065581502 0.063510689 0.061726173 0.059941657 0.05815714 0.056372624 0.05465112 0.053010247 0.051369374 0.0497285 0.048087627 0.046612569 0.051616155 0.052452635 0.053289115 0.054125594 0.054962074 0.049567664 0.041294474 0.033021285 0.024748095 0.016474906 0.0076087384 0.023107079 0.04101912 0.058931161 0.076843203 0.093512038 0.06972342 0.045934801 0.022146182 -0.0016424368 -0.01876129 -0.014203063 -0.010848094 -0.0074931245 -0.0041381555 -0.00078318643 0.0011674699 -0.003518382 -0.0082042339 -0.012890086 -0.017575938 -0.010238345 0.010249945
0.084268967 0.081831529 0.07850638 0.075181231 0.071856082 0.069583664 0.068026622 0.067247884 0.066535987 0.065824089 0.065112192 0.062672689 0.060403983 0.058619467 0.05683495 0.055050434 0.05332893 0.051688057 0.050047184 0.048406311 0.046806942 0.045368129 0.056051267 0.062536871 0.063373351 0.064209831 0.06504631 0.0596519 0.051378711 0.043105521 0.034832331 0.029150627 0.020859147 0.0075759018 0.018379046 0.036291088 0.054203129 0.070871965 0.047083346 0.023294727 -0.00049389176 -0.015391913 -0.018443377 -0.01184491 -0.0057087873 -0.0023538183 0.0010011508 0.0043561198 0.0089448781 0.012325868 0.0076400166 0.0029541647 -0.0017316871 0.0030191898 0.014489074
0.082431464 0.081076958 0.079064455 0.075739306 0.072414158 0.07014174 0.068584697 0.067027655 0.066066676 0.065354779 0.064642881 0.062203379 0.059704513 0.057297277 0.05551276 0.053728244 0.05200674 0.050365867 0.048724994 0.047137048 0.045562503 0.04412369 0.054806827 0.065489964 0.073457587 0.074294067 0.075130547 0.069736137 0.061462947 0.053443469 0.047922252 0.042401036 0.034109555 0.02082631 0.0075430651 0.013651014 0.031563055 0.048231891 0.024443272 0.00065465333 -0.012022537 -0.015074 -0.018125464 -0.011526997 -0.00390078 0.002785488 0.006140457 0.009495426 0.014084184 0.019261126 0.023484267 0.018798415 0.014112563 0.01886344 0.028659575
0.080593961 0.079239455 0.077884949 0.076297382 0.072972233 0.070699815 0.069142773 0.067585731 0.066028688 0.064885468 0.064173571 0.061734068 0.059235203 0.056736338 0.054237472 0.052406054 0.05068455 0.049043677 0.047467154 0.045892609 0.044318063 0.04287925 0.053562387 0.064245525 0.074928662 0.084378303 0.085214783 0.079820373 0.072215093 0.066693877 0.06117266 0.055651444 0.047359963 0.034076718 0.020793473 0.0075102285 0.0089229813 0.025591817 0.0018031984 -0.0086531602 -0.011704624 -0.014756087 -0.017807551 -0.011209084 -0.003582867 0.0040433498 0.011279763 0.014634732 0.019223491 0.024400433 0.029577375 0.034642666 0.029956814 0.034707691 0.044503825
0.078756459 0.077401953 0.076047446 0.07469294 0.073338434 0.071257891 0.069700849 0.068143806 0.066586764 0.065029722 0.06370426 0.061264758 0.058765892 0.056267027 0.053768162 0.051269296 0.049371806 0.04779726 0.046222715 0.044648169 0.043073624 0.041634811 0.052317948 0.063001085 0.073684222 0.08436736 0.095050497 0.090986718 0.085465502 0.079944285 0.074423069 0.068901852 0.060610372 0.047327127 0.034043882 0.020760637 0.0074773918 0.0029517435 -0.0052837835 -0.0083352471 -0.011386711 -0.014438174 -0.017489638 -0.010891171 -0.0032649539 0.0043612628 0.01198748 0.019613696 0.024362797 0.029539739 0.034716681 0.039893623 0.045070565 0.050551941 0.060348076
0.076813891 0.075459385 0.074104879 0.072750373 0.072079878 0.070967617 0.069312537 0.067755494 0.066198452 0.06464141 0.063084367 0.060616789 0.058117924 0.055619058 0.053120193 0.052078461 0.052457283 0.050882737 0.049308192 0.047733646 0.046159101 0.043299139 0.044016434 0.054699571 0.065382708 0.076065845 0.086748982 0.086348562 0.080827346 0.075306129 0.069784913 0.062881802 0.052329726 0.041641231 0.028357986 0.015074741 0.001791496 -0.011186713 -0.014238176 -0.01728964 -0.020341104 -0.023392567 -0.019110758 -0.011546759 -0.0039205418 0.0037056749 0.011331892 0.014557371 0.017796529 0.022973471 0.028150413 0.033327355 0.043520404 0.055484169 0.065280304
0.07483579 0.073481284 0.072126778 0.071749049 0.071752247 0.070639985 0.068769722 0.067047101 0.065490059 0.063933016 0.062375974 0.059908396 0.057409531 0.054910665 0.054723023 0.056628376 0.057007197 0.055432652 0.053858106 0.052196233 0.049147739 0.046121265 0.045061399 0.044011256 0.054694394 0.065377531 0.076060668 0.075660248 0.070139032 0.064617815 0.056754616 0.044854491 0.034302415 0.026179401 0.016267571 0.0029843265 -0.010298918 -0.023277127 -0.026328591 -0.029380055 -0.032431518 -0.027075416 -0.020095597 -0.012531598 -0.0049053811 0.0027208356 0.0048577054 0.004032117 0.0072712746 0.012448217 0.017625159 0.0287439 0.044762036 0.056725801 0.066521936
0.072857688 0.071503182 0.071418219 0.071421417 0.071424615 0.070312353 0.06844209 0.066571827 0.064781666 0.063224623 0.061667581 0.059200003 0.056701137 0.057367584 0.059272937 0.06117829 0.061557112 0.059982566 0.058066853 0.055018359 0.051969865 0.048943392 0.047883525 0.046823659 0.045763793 0.054689217 0.065372354 0.064971934 0.059450717 0.05062743 0.038727305 0.02682718 0.016275104 0.0081520905 2.9076727e-05 -0.0091060879 -0.022389333 -0.035367542 -0.038419005 -0.041470469 -0.035040073 -0.028060255 -0.021080437 -0.013516437 -0.0058902205 -0.0048419606 -0.0056675489 -0.0064931372 -0.0032539797 0.0019229623 0.013967397 0.029985532 0.046003668 0.057967433 0.067763568
0.071084191 0.071087389 0.071090587 0.071093785 0.071096983 0.069984721 0.068114458 0.066244195 0.064373932 0.06251623 0.060959188 0.05849161 0.060012145 0.061917498 0.063822851 0.065728205 0.066107026 0.063937473 0.060888979 0.057840485 0.054791991 0.051765518 0.050705652 0.049645785 0.048585919 0.047526053 0.05468404 0.05428362 0.044500244 0.032600119 0.020699994 0.0087998692 -0.0017522067 -0.0098752205 -0.017998234 -0.026121248 -0.034479747 -0.047457956 -0.049984549 -0.043004731 -0.036024912 -0.029045094 -0.022065276 -0.014501277 -0.014541626 -0.015367215 -0.016192803 -0.017018391 -0.013779234 -0.00080910721 0.015209028 0.031227164 0.0472453 0.059209065 0.060771134
0.070310989 0.070314187 0.070317385 0.070320583 0.070323781 0.070518409 0.068648146 0.066777883 0.06490762 0.063037357 0.061167094 0.061562654 0.063468007 0.065373361 0.067278714 0.069184067 0.06891631 0.065867816 0.062819322 0.059770828 0.056722334 0.053839709 0.051516478 0.050456612 0.049396745 0.048336879 0.047277013 0.038802557 0.026902432 0.015002307 0.003102182 -0.008797943 -0.015379092 -0.023502105 -0.031625119 -0.039748133 -0.047871147 -0.055543906 -0.048564087 -0.041584269 -0.034604451 -0.027624633 -0.021129244 -0.02213887 -0.022964459 -0.023790047 -0.024615635 -0.025441224 -0.014605511 0.0014126244 0.01743076 0.033448896 0.049467031 0.052796201 0.050715634
0.066059285 0.066180472 0.06618367 0.066186868 0.066190066 0.07066441 0.075677956 0.073807693 0.07193743 0.070067167 0.068196904 0.060193097 0.058672467 0.06057782 0.062483173 0.064388526 0.064120769 0.061072275 0.058023781 0.054975287 0.052492689 0.051262584 0.039739963 0.036098103 0.035038237 0.03397837 0.032918504 0.024444048 0.012543923 0.00064379827 -0.011256327 -0.023998996 -0.024192295 -0.0039407298 -0.012063744 -0.020186757 -0.028309771 -0.03598253 -0.029002712 -0.022022894 -0.015043075 -0.0098703947 -0.01872397 -0.016208819 -0.015530705 -0.016356293 -0.017181881 -0.01800747 -0.0060373257 0.011026323 0.027044459 0.043062594 0.05908073 0.058613116 0.052679761
0.060589025 0.061715589 0.062049955 0.062053153 0.062056351 0.066530695 0.074043371 0.080837503 0.07896724 0.077096977 0.075226714 0.067222907 0.059008344 0.055782279 0.057687632 0.059592985 0.059325228 0.056276734 0.05322824 0.051030422 0.049915565 0.048685459 0.037162839 0.025640218 0.020679728 0.019619861 0.018559995 0.01008554 -0.0018145855 -0.013714711 -0.026630111 -0.039900778 -0.040094077 -0.016723142 0.0066477927 -0.00062538169 -0.0087483954 -0.016421154 -0.0094413362 -0.002461518 0.0013884548 -0.0074651204 -0.016318696 -0.013803545 -0.010077587 -0.008922539 -0.0097481274 -0.010573716 0.0013964283 0.019466676 0.036658158 0.052676293 0.068694429 0.068226815 0.05894525
0.055118764 0.056245328 0.057371892 0.057919438 0.057922636 0.06239698 0.069909656 0.077422332 0.084935008 0.084126787 0.082256524 0.074252717 0.066038154 0.057823591 0.052892092 0.054797445 0.054529688 0.051481194 0.049568155 0.048453297 0.04733844 0.046108334 0.034585714 0.023063093 0.011540473 0.0052613526 0.0042014863 -0.0042729692 -0.016173094 -0.029261225 -0.042531893 -0.05580256 -0.055995859 -0.032624924 -0.0092539894 0.014116945 0.01081298 0.0031402212 0.010120039 0.012647304 0.0037937291 -0.0050598462 -0.013913421 -0.011398271 -0.007672313 -0.0039463554 -0.0023143734 -0.0031399618 0.0088301822 0.02690043 0.044970678 0.062289992 0.078308128 0.077840513 0.068558949
0.049648504 0.050775068 0.051901632 0.053028196 0.053788921 0.058263265 0.065775941 0.073288617 0.080801293 0.088313969 0.089286334 0.081282527 0.073067964 0.064853401 0.056638838 0.050001904 0.049734147 0.048105888 0.04699103 0.045876173 0.044761315 0.043531209 0.032008589 0.020485968 0.0089633479 -0.0025592725 -0.010157022 -0.018631478 -0.031892339 -0.045163007 -0.058433675 -0.071704343 -0.071897641 -0.048526706 -0.025155772 -0.0017848368 0.021586098 0.022701597 0.023906154 0.015052579 0.0061990034 -0.0026545719 -0.011508147 -0.0089929963 -0.0052670387 -0.0015410811 0.0021848765 0.0042937922 0.016263936 0.034334184 0.052404432 0.07047468 0.087921827 0.087454212 0.078172648
