P1_models/J1_p1_vp_slide_diff2_340.dat.tif
NCOLS 118
NROWS 92
XLLCORNER 139.62
YLLCORNER -39.07
DX 0.099491525
DY 0.099347826
NODATA_VALUE -9999
[rows 24 to 47 of 92, columns 0 to 53 of 118]
-9999 0.063746421 0.065302403 0.066858385 0.068414367 0.06997035 0.071526332 0.072533256 0.074266203 0.075999149 0.077732096 0.079465043 0.081197989 0.08171498 0.079796949 0.077878919 0.075960888 0.074042857 0.072124826 0.07284293 0.077629135 0.082415341 0.087201547 0.091987752 0.096773958 0.097326383 0.086531215 0.075736048 0.06494088 0.054145712 0.043350544 0.037902078 0.041540601 0.045179124 0.048817647 0.052456171 0.056094694 0.058057362 0.057870215 0.057683068 0.057495921 0.057308774 0.057121627 0.055523819 0.052911904 0.05029999 0.047688076 0.045076161 0.042255496 0.045451976 0.048849789 0.052247603 0.055645416 0.059043229
-9999 0.053062532 0.054618514 0.056174496 0.057730479 0.059286461 0.066240533 0.067347733 0.061329823 0.06306277 0.064795717 0.066528663 0.06826161 0.0734278 0.081793478 0.079875447 0.077957416 0.076039386 0.074121355 0.074230585 0.07901679 0.083802996 0.088589202 0.093375407 0.095476554 0.093953229 0.09364157 0.082846402 0.072051235 0.061256067 0.050460899 0.044595808 0.048234331 0.051872854 0.055511377 0.059149901 0.060527059 0.052272452 0.04081543 0.040628283 0.040441136 0.040253989 0.040066842 0.051560679 0.058725746 0.056113831 0.053501917 0.050890003 0.048278088 0.045657611 0.048177888 0.051575702 0.054973515 0.058371328
-9999 0.039975887 0.041531869 0.043087851 0.044643833 0.054493638 0.065832573 0.066939773 0.056238236 0.046539747 0.048272693 0.05000564 0.051738587 0.056904777 0.068946237 0.080987696 0.07922928 0.077311249 0.075393218 0.075502448 0.080288654 0.08507486 0.089861065 0.08980166 0.086724222 0.085200897 0.087842987 0.090485077 0.080142587 0.069347419 0.058552251 0.05268716 0.056325683 0.059964206 0.063602729 0.063742571 0.062500276 0.054245669 0.035958955 0.020298124 0.020110977 0.01992383 0.019736683 0.031230521 0.051121669 0.063035204 0.06042329 0.057811375 0.055199461 0.052578984 0.049957027 0.051334942 0.054732755 0.058130568
-9999 0.026889242 0.028445224 0.031407808 0.042746743 0.054085678 0.065424613 0.066531813 0.055830276 0.045128739 0.034427202 0.033482617 0.035215564 0.040381754 0.052423214 0.064464673 0.076506132 0.078583113 0.076665082 0.076774312 0.081560517 0.086346723 0.084126767 0.081049328 0.07797189 0.076448565 0.079090655 0.081732745 0.084374835 0.077438771 0.066643603 0.060778512 0.064417035 0.068055558 0.066958083 0.065715788 0.064473493 0.056218886 0.037932172 0.019645458 0.001358744 -0.00040632868 -0.00059347567 0.010900362 0.030791511 0.050682659 0.067344663 0.064732748 0.062120834 0.059500357 0.0568784 0.054256443 0.054491995 0.057889808
-9999 0.013802596 0.019660913 0.030999848 0.042338783 0.053677718 0.065016653 0.066123852 0.055422316 0.044720779 0.034019242 0.023317705 0.01869254 0.023858731 0.03590019 0.04794165 0.059983109 0.072024568 0.077936946 0.078046175 0.081529312 0.078451874 0.075374435 0.072296996 0.069219558 0.067696233 0.070338323 0.072980413 0.075622503 0.078264594 0.074734955 0.068869864 0.07141589 0.070173595 0.0689313 0.067689005 0.06644671 0.058192103 0.039905389 0.021618675 0.003331961 -0.014954753 -0.020923634 -0.0094297967 0.010461352 0.030352501 0.050243649 0.070134798 0.069042207 0.06642173 0.063799772 0.061177815 0.058555858 0.057649048
-9999 0.0071203919 0.018459327 0.029798262 0.041137197 0.052476132 0.063815067 0.067206021 0.056504484 0.045802947 0.03510141 0.024399874 0.013698337 0.0080014395 0.020042899 0.032084358 0.044125817 0.056167277 0.068208736 0.075678467 0.072601029 0.06952359 0.066446151 0.063368712 0.060291274 0.057890068 0.060532158 0.063174249 0.065816339 0.068458429 0.071100519 0.07241583 0.071173535 0.06993124 0.068688945 0.06744665 0.066204355 0.060010272 0.041723558 0.023436844 0.0051501298 -0.013136584 -0.031423298 -0.028464736 -0.0085735872 0.011317561 0.03120871 0.051099859 0.070991008 0.071874473 0.069252516 0.066630559 0.064008602 0.061386644
-9999 -0.00061457616 0.010724359 0.022063294 0.033402229 0.044741164 0.053514839 0.061970627 0.069853872 0.059152336 0.048450799 0.037749262 0.027047725 0.017721889 0.011150971 0.021707583 0.033749043 0.045790502 0.057831961 0.065301693 0.062224254 0.059146815 0.056069376 0.052991938 0.057634503 0.059451213 0.04415886 0.044692594 0.047334684 0.049976774 0.052618864 0.053934175 0.05269188 0.051449585 0.05020729 0.048964995 0.043249868 0.040396505 0.04226532 0.023978606 0.0056918925 -0.012594821 -0.030881535 -0.031239755 -0.016945861 0.0029452877 0.022836436 0.042727585 0.062618734 0.064557517 0.062615024 0.059993067 0.05737111 0.054749153
-9999 -0.0083495442 0.0029893907 0.014328326 0.025107276 0.033597818 0.042088359 0.050544148 0.058959826 0.067375504 0.061800187 0.051098651 0.040397114 0.031071277 0.024500359 0.017929442 0.023372268 0.035413727 0.047455187 0.054924918 0.051847479 0.04877004 0.045692602 0.05343369 0.061633782 0.063450492 0.048158138 0.032865785 0.028853029 0.031495119 0.034137209 0.03545252 0.034210225 0.03296793 0.031422865 0.024594374 0.017765883 0.01491252 0.017746141 0.020579763 0.0062336552 -0.012053059 -0.030339773 -0.030697992 -0.018167645 -0.0054269862 0.014464163 0.034355311 0.05424646 0.056185243 0.05502137 0.053355575 0.050733618 0.048111661
-9999 -0.016084512 -0.0047455774 0.0051902552 0.013680797 0.022171338 0.03066188 0.039117668 0.047533346 0.055949024 0.064364703 0.064448039 0.053746502 0.044420666 0.037849748 0.03127883 0.024707912 0.025036953 0.037078412 0.044548143 0.041470704 0.041032785 0.049232877 0.057432968 0.06563306 0.06744977 0.052157417 0.036865063 0.02157271 0.013013464 0.015655554 0.016970866 0.01572857 0.012767371 0.0059388796 -0.00088961161 -0.0077181028 -0.010571466 -0.0077378443 -0.0049042228 -0.0020706012 -0.011511296 -0.02979801 -0.030156229 -0.017625883 -0.005095536 0.0074348108 0.025983037 0.045874186 0.047812969 0.046649096 0.045485223 0.044096126 0.041474169
-9999 -0.02381948 -0.014726766 -0.0062362245 0.0022543171 0.010744859 0.0192354 0.027691188 0.036106867 0.044522545 0.052938223 0.061353901 0.067095891 0.057770054 0.051199136 0.044628219 0.038057301 0.031486383 0.026701637 0.034171368 0.036831972 0.045032064 0.053232155 0.061432247 0.069632338 0.071449048 0.056156695 0.040864342 0.025571988 0.010279635 -0.0028261007 -0.0015107894 -0.0058881236 -0.012716615 -0.019545106 -0.026373597 -0.033202089 -0.036055452 -0.03322183 -0.030388208 -0.027554587 -0.024720965 -0.029256247 -0.029614467 -0.01708412 -0.0045537732 0.0079765735 0.02050692 0.037501912 0.039440696 0.038276822 0.037112949 0.035949076 0.034785203
-9999 -0.021342549 -0.012852008 -0.0043614662 0.0041290753 0.012619617 0.021110158 0.022512923 0.031063608 0.039479287 0.047894965 0.056310643 0.064726321 0.06461024 0.056353528 0.04978261 0.043211692 0.036640774 0.030069857 0.027965471 0.036165562 0.044365654 0.052565745 0.060765837 0.068965928 0.074006473 0.06284754 0.047555187 0.032262834 0.01697048 0.0016781269 -0.010723248 -0.017551739 -0.02438023 -0.031208722 -0.038037213 -0.044865704 -0.050551853 -0.048449087 -0.045615465 -0.042781844 -0.039948222 -0.037114601 -0.027210296 -0.01467995 -0.002149603 0.010380744 0.02291109 0.035441437 0.030256406 0.029092533 0.02792866 0.026764787 0.025600914
-9999 0.0024696128 0.010960154 0.019450696 0.027941237 0.031349492 0.02220671 0.022975538 0.035183638 0.044963719 0.053379397 0.061795075 0.070210753 0.070094672 0.05289325 0.041421195 0.034850277 0.028279359 0.021708441 0.019604055 0.027804147 0.036004238 0.04420433 0.052125825 0.056092884 0.060131685 0.064362773 0.058685167 0.043392814 0.02810046 0.012808107 0.0004067322 -0.006421759 -0.01325025 -0.020078742 -0.02622505 -0.029168819 -0.034446491 -0.043063143 -0.043926552 -0.041092931 -0.038259309 -0.035425688 -0.025170274 -0.0095794282 0.00332619 0.015856537 0.028386883 0.04091723 0.030549465 0.018569007 0.017405133 0.01624126 0.015077387
-9999 0.026281775 0.034772316 0.043262858 0.040954889 0.031812107 0.022669325 0.023438154 0.035646253 0.047854353 0.058863829 0.067279507 0.075695185 0.075579104 0.058377682 0.041176261 0.026488861 0.019917944 0.013347026 0.01124264 0.019442731 0.027642823 0.034283979 0.038251037 0.042218096 0.046256897 0.050487985 0.054719073 0.054522794 0.039230441 0.023938087 0.011536712 0.0047082211 -0.0021202701 -0.0071759188 -0.010119688 -0.013063456 -0.018341129 -0.026957781 -0.035574433 -0.039404018 -0.036570396 -0.033736775 -0.023481361 -0.0078905151 0.0077003305 0.02133233 0.033862676 0.046393023 0.036025258 0.021700078 0.0073748969 0.0057177338 0.0045538606
-9999 0.050093937 0.058584479 0.050560286 0.041417504 0.032274723 0.023131941 0.023900769 0.036108868 0.048316968 0.060525067 0.072733167 0.081179617 0.081063536 0.063862114 0.046660693 0.029459271 0.01225785 0.0049856104 0.0028812244 0.011081316 0.016442132 0.020409191 0.02437625 0.028343308 0.032382109 0.036613197 0.040844285 0.045075373 0.049306461 0.035068067 0.022666693 0.015838201 0.011873212 0.0089294437 0.0059856749 0.0030419062 -0.0022357661 -0.010852418 -0.019469071 -0.028085723 -0.034881483 -0.032047862 -0.021792448 -0.0062016021 0.0093892436 0.024980089 0.039338469 0.051868816 0.041501051 0.027175871 0.01285069 -0.0014744908 -0.0059696659
-9999 0.069308465 0.060165683 0.051022902 0.04188012 0.032737338 0.023594556 0.024363384 0.036571484 0.048779583 0.060987683 0.073195782 0.085403882 0.086547968 0.069346546 0.052145125 0.034943703 0.017742282 0.00054086032 -0.005480191 -0.0013997145 0.0025673443 0.0065344031 0.010501462 0.014468521 0.018507321 0.022738409 0.026969497 0.031200585 0.035431673 0.039662761 0.033866112 0.030922344 0.027978575 0.025034806 0.022091037 0.019147269 0.013869596 0.0052529442 -0.0033637081 -0.01198036 -0.020597013 -0.029213665 -0.020103535 -0.004512689 0.011078157 0.026669002 0.042259848 0.057344609 0.046976844 0.032651664 0.018326483 0.0040013023 -0.010323878
-9999 0.070209092 0.06106631 0.051923528 0.042780746 0.033637964 0.025545891 0.027555417 0.039763517 0.051971616 0.064179716 0.076387815 0.085968506 0.086783145 0.076952119 0.059750698 0.042549276 0.025347855 0.0081464333 -0.0026539571 0.0013131017 0.0052801605 0.0092472192 0.013214278 0.017154645 0.017593466 0.012944676 0.017175764 0.021406852 0.025637939 0.029869027 0.031649419 0.02870565 0.025761881 0.022818113 0.019874344 0.017125248 0.012158536 0.0035418837 -0.0050747686 -0.013691421 -0.022308073 -0.023918665 -0.019209197 -0.0073686633 0.0082221824 0.023813028 0.039403874 0.054994719 0.045077948 0.030752767 0.016427587 0.002102406 -0.011159672
-9999 0.071257859 0.062115077 0.052972295 0.043829513 0.036488127 0.029661051 0.031670577 0.043878677 0.056086776 0.068294875 0.075234999 0.079297516 0.080112154 0.074422731 0.06807367 0.050872248 0.033670827 0.016469405 0.0056690151 0.0096360738 0.013603133 0.017570191 0.021477607 0.025335722 0.025774544 0.0170488 0.0087622986 0.012993386 0.017224474 0.021455562 0.023235954 0.020292185 0.017348416 0.014404648 0.01180388 0.0093884283 0.004421716 -0.0041949363 -0.012811589 -0.021428241 -0.019566081 -0.014776937 -0.010067469 -0.0054152804 0.0038290647 0.01941991 0.035010756 0.050601602 0.04068483 0.02635965 0.012034469 0.0005035477 -0.0057933775
-9999 0.072306627 0.063163845 0.054257438 0.047430363 0.040603287 0.033776211 0.035785737 0.047993836 0.060201936 0.064501493 0.068564009 0.072626525 0.073441164 0.067751741 0.062062318 0.056372895 0.041993799 0.024792378 0.013991987 0.017959046 0.021926105 0.025800569 0.029658684 0.0335168 0.033955621 0.025229877 0.016504133 0.0077783894 0.0088110094 0.013042097 0.014822489 0.01187872 0.0089349513 0.0064825121 0.0040670603 0.0016516084 -0.003315104 -0.011931756 -0.020002643 -0.015213498 -0.010424354 -0.005635209 -0.00092574141 0.0037264474 0.0083786362 0.015026793 0.030617638 0.046208484 0.036291713 0.021966532 0.012166767 0.0058698421 -0.00042708312
-9999 0.073355394 0.065199674 0.058372598 0.051545522 0.044718446 0.037891371 0.039900897 0.049705469 0.053767986 0.057830502 0.061893018 0.065955534 0.066770173 0.06108075 0.055391327 0.049701905 0.044012482 0.03311535 0.022314959 0.026265415 0.030123531 0.033981646 0.037839762 0.041697877 0.042136699 0.033410955 0.024685211 0.015959467 0.0072337228 0.0046286322 0.0064090238 0.003576596 0.0011611441 -0.0012543078 -0.0036697597 -0.0060852116 -0.011051924 -0.01565006 -0.010860915 -0.0060717706 -0.0012826259 0.0035065188 0.0082159864 0.012868175 0.017520364 0.022172553 0.026824742 0.041815366 0.031898595 0.023829987 0.017533062 0.011236137 0.0049392113
-9999 0.073276586 0.06644951 0.059622434 0.052795358 0.045968282 0.039141206 0.038550012 0.042612529 0.046675045 0.050737561 0.054800077 0.058862594 0.060552188 0.054862765 0.049173342 0.043483919 0.037794496 0.032105073 0.029302683 0.033160798 0.037018914 0.040877029 0.044735145 0.04859326 0.05088142 0.042155676 0.033429932 0.024704188 0.015978444 0.0072526999 0.00068234524 -0.0017331066 -0.0041485585 -0.0065640104 -0.0089794623 -0.011394914 -0.013912324 -0.0091231798 -0.0043340352 0.0004551095 0.0052442542 0.010033399 0.015390533 0.020042722 0.024694911 0.0293471 0.033999288 0.038651477 0.036113204 0.029816279 0.023519354 0.017222428 0.010925503
-9999 0.052915989 0.046088913 0.039261837 0.032434761 0.025607685 0.036240584 0.03945116 0.032337216 0.036399732 0.040462248 0.044524764 0.048587281 0.0513546 0.051528213 0.046371945 0.040682522 0.034993099 0.029303676 0.026501285 0.030359401 0.034217517 0.038075632 0.041933748 0.039777851 0.039734092 0.052401724 0.046425685 0.037699941 0.028974196 0.020248452 0.013678098 0.011262646 0.008847194 0.0064317421 0.0040162903 -0.0019546562 -0.010895172 -0.022317628 -0.017528483 -0.012739339 -0.007950194 -0.0031610494 0.0042061879 0.012380679 0.017032868 0.021685057 0.026337246 0.030989435 0.039438031 0.040478626 0.0341817 0.027884775 0.02158785
-9999 0.032555391 0.025728316 0.01890124 0.016055368 0.028374213 0.040693058 0.043903634 0.036602098 0.029300561 0.030186935 0.034249451 0.038311967 0.041079287 0.041252899 0.041426512 0.037881124 0.032191701 0.026502279 0.023699888 0.027558004 0.031416119 0.035274235 0.030743248 0.025956877 0.025913118 0.03858075 0.051248382 0.050695693 0.041969949 0.033244205 0.02667385 0.024258398 0.021842947 0.019142012 0.012346067 0.0055501208 -0.0033903948 -0.015399022 -0.027407649 -0.025933787 -0.021144642 -0.016355498 -0.0089882603 0.00023233504 0.0093708257 0.014023015 0.018675203 0.023327392 0.031775988 0.040880706 0.044844047 0.038547122 0.032250197
-9999 0.012194794 0.0053677185 0.0081889967 0.020507842 0.032826687 0.045145532 0.048356108 0.041054571 0.033753035 0.026451499 0.023974138 0.028036654 0.030803974 0.030977586 0.031151199 0.031324812 0.029390304 0.023700881 0.020898491 0.024756606 0.026495018 0.021708646 0.016922275 0.012135903 0.012092144 0.024759776 0.037427408 0.05009504 0.054965702 0.046239958 0.039669603 0.037254151 0.033442735 0.026646789 0.019850844 0.013054898 0.0041143822 -0.0078942449 -0.019902872 -0.031911499 -0.03433909 -0.029549946 -0.022182708 -0.012962113 -0.0037415179 0.0054790774 0.011013161 0.01566535 0.024113946 0.033218664 0.042323382 0.049209469 0.042912544
-9999 -0.0081658028 0.00032262543 0.01264147 0.024960315 0.03727916 0.049598005 0.052808581 0.045507045 0.038205509 0.030903972 0.023602436 0.017761341 0.02052866 0.020702273 0.020875886 0.021049499 0.021223111 0.020899484 0.018097094 0.017460416 0.012674044 0.0078876726 0.0031013012 -0.0016850703 -0.0017288292 0.010938803 0.023606435 0.036274067 0.048941699 0.05923571 0.052665355 0.047743458 0.040947512 0.034151566 0.027355621 0.020559675 0.011619159 -0.00038946784 -0.012398095 -0.024406722 -0.036415349 -0.042744394 -0.035377157 -0.026156561 -0.016935966 -0.0077153708 0.0015052245 0.0080033071 0.016451903 0.025556621 0.034661339 0.043766058 0.052870776
