P1_models/J1_p1_tot_conduct_slide_257.29.dat.tif
NCOLS 118
NROWS 92
XLLCORNER 139.62
YLLCORNER -39.07
DX 0.099491525
DY 0.099347826
NODATA_VALUE -9999
[rows 52 to 77 of 92, columns 0 to 57 of 118]
-2.6581198 -2.6335713 -2.5987493 -2.5020817 -2.359951 -2.2687324 -2.2339104 -2.2020575 -2.1736313 -2.1710799 -2.2158511 -2.2450627 -2.2500373 -2.2649525 -2.2997746 -2.3256177 -2.3355668 -2.3583001 -2.4030713 -2.4472875 -2.4870841 -2.5404064 -2.6199996 -2.6827623 -2.7026606 -2.7217541 -2.7317033 -2.7113814 -2.6019407 -2.52 -2.52 -2.5226484 -2.527623 -2.5795309 -2.72615 -2.8109493 -2.8109493 -2.8109493 -2.8109493 -2.7347628 -2.5829073 -2.5209493 -2.5209493 -2.5179029 -2.5126665 -2.5566986 -2.6247718 -2.6289734 -2.6134418 -2.5940395 -2.5724435 -2.4870108 -2.3998476 -2.3666837 -2.336257 -2.3153115 -2.2960117 -2.2803025
-2.6885133 -2.6717871 -2.64168 -2.5440631 -2.3934442 -2.2971162 -2.2652532 -2.2355997 -2.2102935 -2.211259 -2.2631518 -2.294262 -2.2992366 -2.3141518 -2.3489738 -2.3725543 -2.3750768 -2.3928014 -2.4300441 -2.4703026 -2.5024691 -2.5538928 -2.6317388 -2.6895269 -2.7055085 -2.7227034 -2.7326525 -2.7113814 -2.6019407 -2.52 -2.52 -2.52 -2.5213544 -2.5732623 -2.7198814 -2.8046807 -2.8046807 -2.8046807 -2.8046807 -2.7284943 -2.5766388 -2.5146807 -2.5146807 -2.5116343 -2.5063979 -2.5469109 -2.6131839 -2.6173855 -2.6016763 -2.5815024 -2.5605568 -2.475423 -2.3882597 -2.3550959 -2.3246692 -2.3037236 -2.282778 -2.2633954
-2.7197826 -2.7082342 -2.6833613 -2.5815544 -2.4252105 -2.3500781 -2.3202307 -2.2916119 -2.2679235 -2.245865 -2.3005853 -2.3382294 -2.3432039 -2.3548583 -2.3896804 -2.4004134 -2.4002174 -2.4079928 -2.4426641 -2.4714692 -2.5009381 -2.5438661 -2.6184847 -2.6846529 -2.6993487 -2.7115691 -2.7212395 -2.7116759 -2.6052015 -2.5232609 -2.5232609 -2.5232609 -2.5232609 -2.5718425 -2.7184616 -2.7771739 -2.7771739 -2.7771739 -2.7771739 -2.7156614 -2.5638059 -2.5002174 -2.5002174 -2.4988014 -2.493565 -2.5405997 -2.6034365 -2.6063937 -2.5906845 -2.5705105 -2.5495649 -2.4774746 -2.3901277 -2.3555171 -2.3227443 -2.3008839 -2.237547 -2.2166014
-2.7591808 -2.7506361 -2.7357124 -2.6489042 -2.558888 -2.4950585 -2.4602365 -2.43013 -2.4017038 -2.3762801 -2.3514072 -2.3647221 -2.3696967 -2.3812984 -2.4061713 -2.4136598 -2.3738632 -2.3682537 -2.3931266 -2.4184837 -2.4334075 -2.471011 -2.5737192 -2.651537 -2.6614861 -2.67183 -2.6768045 -2.6653136 -2.6006441 -2.5365072 -2.5365072 -2.5365072 -2.5365072 -2.5850889 -2.6481067 -2.6844493 -2.6844493 -2.6844493 -2.6844493 -2.6319069 -2.527179 -2.465787 -2.4608124 -2.4604783 -2.4604491 -2.5150388 -2.5968133 -2.5997705 -2.5840613 -2.5638873 -2.5429417 -2.4973084 -2.4364901 -2.3977989 -2.3624834 -2.331065 -2.2636389 -2.1065471
-2.7807967 -2.7757448 -2.7636344 -2.7068317 -2.6192025 -2.5578629 -2.527464 -2.5009416 -2.4725154 -2.4453453 -2.4220823 -2.4107221 -2.4156967 -2.4272984 -2.4506631 -2.4448665 -2.3919864 -2.3724059 -2.3958723 -2.4142663 -2.4278344 -2.465398 -2.5685593 -2.6428051 -2.6527542 -2.66 -2.6614495 -2.6482122 -2.5835427 -2.5351232 -2.5336942 -2.5302464 -2.5286958 -2.5461903 -2.6071787 -2.6404928 -2.6385439 -2.6356159 -2.6333484 -2.5781968 -2.4789495 -2.4375478 -2.4353696 -2.4353696 -2.4353696 -2.4916764 -2.5754588 -2.5833937 -2.5676845 -2.5475105 -2.5265649 -2.4809316 -2.4389611 -2.4002699 -2.363208 -2.3305034 -2.255994 -2.0989021
-2.7938325 -2.7985763 -2.7886271 -2.7345969 -2.6493184 -2.5956992 -2.5708263 -2.5473039 -2.5188777 -2.4934661 -2.4735678 -2.4622076 -2.4671822 -2.4756271 -2.4955254 -2.4852288 -2.4255339 -2.3877203 -2.4076186 -2.4245085 -2.4344576 -2.4705678 -2.5700593 -2.6415 -2.6512542 -2.6585 -2.6585 -2.6402881 -2.5754195 -2.5243684 -2.5189478 -2.5123008 -2.5073263 -2.5230856 -2.580686 -2.6044025 -2.599428 -2.5943457 -2.5891093 -2.5437119 -2.4494567 -2.4125 -2.4125 -2.414 -2.414 -2.4688069 -2.5525892 -2.5635241 -2.5478149 -2.5291409 -2.5081954 -2.4674996 -2.4257147 -2.3870235 -2.3476155 -2.3106338 -2.2361244 -2.0790326
-2.8004557 -2.8081232 -2.8081232 -2.755362 -2.6748212 -2.6230521 -2.6031538 -2.5818185 -2.5628678 -2.5398284 -2.5199301 -2.5085699 -2.5135445 -2.5218327 -2.5367564 -2.5246501 -2.4500315 -2.4074797 -2.4174289 -2.4311317 -2.4410808 -2.477191 -2.5766825 -2.6481232 -2.6481232 -2.6518768 -2.6518768 -2.6336649 -2.5640209 -2.511122 -2.5006493 -2.4922321 -2.482283 -2.4965929 -2.5389093 -2.5568453 -2.5419216 -2.534737 -2.5295006 -2.4874845 -2.4089386 -2.3742058 -2.3791804 -2.3824304 -2.3875072 -2.4402949 -2.5194733 -2.5353921 -2.5279453 -2.5122361 -2.494949 -2.4542532 -2.4124683 -2.3737772 -2.3343691 -2.292478 -2.2162549 -2.059163
-2.7596151 -2.7702445 -2.772029 -2.7248982 -2.6827174 -2.6756369 -2.6581248 -2.6386664 -2.6197156 -2.5547095 -2.4571258 -2.4457656 -2.4493116 -2.4509684 -2.4597129 -2.4746366 -2.456546 -2.4068087 -2.4135666 -2.4220115 -2.4287185 -2.4648287 -2.543182 -2.5503261 -2.5503261 -2.5489744 -2.5455797 -2.5637916 -2.5906223 -2.5345309 -2.5206275 -2.503537 -2.4813989 -2.4886268 -2.5322358 -2.5448106 -2.5192911 -2.5061986 -2.4983701 -2.4747439 -2.4110328 -2.3907652 -2.4011441 -2.4123638 -2.4210002 -2.3734489 -2.4164061 -2.4350725 -2.4305905 -2.4208893 -2.4054617 -2.4457532 -2.4039683 -2.3652772 -2.3258691 -2.283978 -2.2305658 -2.1199818
-2.7084988 -2.7229619 -2.7279364 -2.7313696 -2.7313696 -2.7270282 -2.7121045 -2.6980504 -2.6790996 -2.6140936 -2.4648563 -2.3641087 -2.3641087 -2.3657655 -2.3707401 -2.3761874 -2.3911111 -2.4029246 -2.4078992 -2.4128738 -2.4178484 -2.4242763 -2.4342255 -2.44 -2.44 -2.4386483 -2.4336737 -2.4482119 -2.5178559 -2.5633135 -2.5476043 -2.5243268 -2.4944794 -2.4873981 -2.5345257 -2.5361439 -2.5013218 -2.4751479 -2.4646751 -2.4384396 -2.3965484 -2.3967144 -2.4166127 -2.4395522 -2.4552614 -2.4111445 -2.3382104 -2.3245217 -2.3257176 -2.3183313 -2.3089293 -2.3530684 -2.3987147 -2.3600235 -2.3219851 -2.2800939 -2.2253122 -2.1467663
-2.7084988 -2.7239165 -2.7338656 -2.7395231 -2.7489984 -2.7472507 -2.7373015 -2.725373 -2.7111599 -2.6472095 -2.4885206 -2.3839783 -2.3839783 -2.385635 -2.3906096 -2.3955842 -2.4005588 -2.4095478 -2.4145224 -2.419497 -2.4244716 -2.4308995 -2.436428 -2.44 -2.44 -2.4386483 -2.4336737 -2.4482119 -2.5093196 -2.5500671 -2.5252681 -2.4978341 -2.4586536 -2.447659 -2.4550729 -2.443329 -2.4035324 -2.3758 -2.3653273 -2.3415712 -2.3206257 -2.324797 -2.3496699 -2.3783508 -2.4088991 -2.369318 -2.3117177 -2.3019984 -2.3124712 -2.3075425 -2.3023061 -2.3493756 -2.3987147 -2.3637272 -2.3286083 -2.2823149 -2.2253122 -2.1467663
-2.7111979 -2.7335015 -2.7451048 -2.7547767 -2.7642521 -2.7668717 -2.7591783 -2.7494491 -2.7376526 -2.6686756 -2.5037743 -2.3992319 -2.3992319 -2.3992319 -2.4012473 -2.4078278 -2.4158124 -2.4192319 -2.4211456 -2.4261202 -2.4310948 -2.4360693 -2.4410439 -2.4432134 -2.44 -2.4386483 -2.4336737 -2.4456102 -2.5053051 -2.5394737 -2.5033912 -2.4691606 -2.4235305 -2.3986553 -2.3991296 -2.3720979 -2.3272643 -2.2973776 -2.2844432 -2.2739704 -2.2570025 -2.2690709 -2.2972859 -2.3320595 -2.366617 -2.3487669 -2.2944568 -2.2887521 -2.2992249 -2.3052329 -2.3002988 -2.3493756 -2.3990819 -2.3703504 -2.3364045 -2.2961627 -2.23916 -2.1606141
-2.7053134 -2.7314508 -2.7463745 -2.7568709 -2.7663463 -2.7454224 -2.7404479 -2.7358622 -2.7263868 -2.6604727 -2.4913371 -2.428587 -2.428587 -2.428587 -2.428587 -2.4218858 -2.4318349 -2.4386739 -2.4386739 -2.4414173 -2.4463919 -2.4501273 -2.4551019 -2.4956844 -2.4907098 -2.483257 -2.4782824 -2.4902189 -2.5499138 -2.561778 -2.5198869 -2.4715954 -2.4218497 -2.3776821 -2.3672093 -2.3203515 -2.2706057 -2.233624 -2.2179148 -2.2048327 -2.1943599 -2.1921144 -2.2269364 -2.2596754 -2.3015666 -2.2871509 -2.2452597 -2.259397 -2.2703373 -2.2771169 -2.2823533 -2.3320277 -2.3891689 -2.3615323 -2.3343538 -2.297699 -2.2515948 -2.1730489
-2.6655743 -2.6908875 -2.7008366 -2.698449 -2.6179082 -2.573442 -2.573442 -2.5712427 -2.566505 -2.5015162 -2.5116 -2.5279348 -2.5279348 -2.5279348 -2.5279348 -2.5182992 -2.4884517 -2.4850362 -2.4894282 -2.4944028 -2.4950362 -2.4964896 -2.634463 -2.7473656 -2.742391 -2.734713 -2.7197893 -2.7286536 -2.7138692 -2.6809954 -2.6258607 -2.5709433 -2.4939812 -2.4372908 -2.3494776 -2.2739892 -2.2193091 -2.1806385 -2.1649293 -2.1445056 -2.0554869 -2.0373594 -2.0572577 -2.083858 -2.1161173 -2.1196611 -2.1458431 -2.1619035 -2.1776126 -2.1843923 -2.1896287 -2.2561023 -2.3361834 -2.3156933 -2.2946147 -2.2707752 -2.2317253 -2.2575598
-2.6527482 -2.6788856 -2.6903584 -2.6473548 -2.566814 -2.5244855 -2.5244855 -2.5222862 -2.5175485 -2.5232779 -2.5481508 -2.5644855 -2.5644855 -2.5661423 -2.568971 -2.5577295 -2.5250025 -2.5044855 -2.5065297 -2.51 -2.51 -2.5565085 -2.7175219 -2.8375685 -2.8325939 -2.8249159 -2.8099922 -2.7924668 -2.765804 -2.7289828 -2.6713825 -2.6079692 -2.5311624 -2.446711 -2.3509989 -2.268287 -2.2111786 -2.1681994 -2.1478278 -2.095339 -2.0063202 -1.9817797 -2.001678 -2.0252319 -2.0552112 -2.0866296 -2.1137779 -2.1319759 -2.1476851 -2.1589295 -2.1641867 -2.2479719 -2.3286038 -2.3163238 -2.3011104 -2.2867897 -2.2921778 -2.3430308
-2.6538569 -2.6788856 -2.6938093 -2.6528692 -2.5723285 -2.53 -2.53 -2.5289093 -2.5241716 -2.5299011 -2.5547739 -2.5711087 -2.5711087 -2.5716568 -2.5766314 -2.5698672 -2.5350451 -2.5111087 -2.5111087 -2.5111087 -2.5111087 -2.5605239 -2.7296595 -2.8497062 -2.8447316 -2.8381623 -2.8232386 -2.8068218 -2.781949 -2.7510698 -2.6934694 -2.6322736 -2.5576549 -2.4747948 -2.3753032 -2.2925914 -2.2328965 -2.1847718 -2.1585899 -2.0975564 -2.0085376 -1.9828884 -2.0027867 -2.0263406 -2.0525226 -2.0811151 -2.1125335 -2.1330846 -2.1487938 -2.1600382 -2.170511 -2.2561558 -2.3422174 -2.3330129 -2.3231974 -2.3127246 -2.3308372 -2.3936739
-2.6604801 -2.6836556 -2.6938093 -2.6528692 -2.5723285 -2.53 -2.53 -2.53 -2.53 -2.5365243 -2.5613971 -2.5777319 -2.5777319 -2.5777319 -2.5777319 -2.5703644 -2.5405169 -2.5177319 -2.5177319 -2.5177319 -2.5177319 -2.5671471 -2.7362827 -2.8563293 -2.8513548 -2.8450285 -2.8350793 -2.8202604 -2.8003621 -2.7713535 -2.724226 -2.6665704 -2.6019009 -2.5211571 -2.4216656 -2.3389537 -2.2792588 -2.2290429 -2.1923881 -2.126117 -2.021784 -1.9942985 -2.0094099 -2.0329638 -2.0591458 -2.0853278 -2.1125335 -2.1359679 -2.155417 -2.1666614 -2.1771342 -2.2666079 -2.3554638 -2.3554638 -2.3497545 -2.3445181 -2.3666389 -2.4556576
-2.643411 -2.6685034 -2.6784526 -2.635449 -2.6034024 -2.6258116 -2.6258116 -2.6236122 -2.6214565 -2.6302489 -2.6181256 -2.5233841 -2.5233841 -2.5233841 -2.5233841 -2.5458671 -2.5710025 -2.5504855 -2.5504855 -2.5504855 -2.5504855 -2.5999008 -2.7471113 -2.7671409 -2.7628986 -2.7615469 -2.7546011 -2.7420502 -2.7139555 -2.6387956 -2.5971116 -2.5646791 -2.5082401 -2.4586426 -2.379049 -2.3417653 -2.2863517 -2.2449197 -2.2100107 -2.1418127 -2.0770193 -2.0815811 -2.0965049 -2.1210247 -2.1485154 -2.1746973 -2.20399 -2.2274244 -2.2519534 -2.2647411 -2.2833264 -2.3733977 -2.4732319 -2.4732979 -2.4764139 -2.471942 -2.4999215 -2.5740924
-2.6256433 -2.6459237 -2.6558729 -2.6849516 -2.7275908 -2.75 -2.75 -2.7487789 -2.7440412 -2.6890042 -2.5447415 -2.45 -2.45 -2.45 -2.45 -2.4724831 -2.5421271 -2.59 -2.59 -2.59 -2.59 -2.5987203 -2.6285678 -2.65 -2.65 -2.6496266 -2.644652 -2.6198421 -2.5352743 -2.4689874 -2.4532782 -2.4354173 -2.4105444 -2.3869728 -2.3660272 -2.338949 -2.2941778 -2.2539219 -2.2225035 -2.2006153 -2.1901425 -2.1927478 -2.2076715 -2.2312131 -2.2626315 -2.2930716 -2.32449 -2.3519164 -2.3780984 -2.3988373 -2.4197829 -2.5216859 -2.623302 -2.629624 -2.6348913 -2.6348913 -2.6450771 -2.6712591
-2.6322665 -2.6505633 -2.6558729 -2.6849516 -2.7275908 -2.75 -2.75 -2.75 -2.75 -2.6948472 -2.5456099 -2.45 -2.45 -2.45 -2.45 -2.4724831 -2.5421271 -2.59 -2.59 -2.59 -2.59 -2.5987203 -2.6325972 -2.6561989 -2.6512243 -2.65 -2.65 -2.6267879 -2.5471947 -2.4825713 -2.4720985 -2.4560077 -2.4361094 -2.4134656 -2.4062387 -2.3864305 -2.3466339 -2.3057313 -2.2690765 -2.2453288 -2.2298817 -2.2285536 -2.2341643 -2.2556377 -2.282501 -2.3104002 -2.3377364 -2.3651628 -2.3913447 -2.4085972 -2.4264061 -2.5362277 -2.6431716 -2.6542262 -2.6615789 -2.6668153 -2.6795282 -2.716183
-2.6346651 -2.6559237 -2.6624628 -2.689478 -2.7300807 -2.75 -2.75 -2.75 -2.75 -2.6972458 -2.5480085 -2.45 -2.45 -2.45 -2.45 -2.4724831 -2.5421271 -2.5915551 -2.5945264 -2.5945264 -2.5945264 -2.6047001 -2.6385678 -2.66 -2.6581493 -2.6531747 -2.65 -2.6291864 -2.5495932 -2.4886842 -2.481422 -2.4694289 -2.4523579 -2.4373177 -2.4365749 -2.4279498 -2.3905821 -2.3520781 -2.3154233 -2.2866499 -2.2690414 -2.262632 -2.2660251 -2.2772448 -2.3004667 -2.3266487 -2.3528307 -2.3750207 -2.4006682 -2.4179207 -2.4336299 -2.547679 -2.6596036 -2.675001 -2.6847523 -2.6899886 -2.706746 -2.7462813
-2.6354698 -2.6528947 -2.6628439 -2.6876357 -2.7255372 -2.7166812 -2.7166812 -2.7166812 -2.7166812 -2.6639269 -2.5146896 -2.4908913 -2.4908913 -2.4908913 -2.4908913 -2.5042874 -2.5739315 -2.6233594 -2.628334 -2.6302899 -2.6302899 -2.6390102 -2.6688577 -2.6312246 -2.6312246 -2.6298729 -2.6248984 -2.6004111 -2.5208179 -2.4977712 -2.4925348 -2.4839895 -2.4690658 -2.4640716 -2.4745444 -2.4719772 -2.4371552 -2.4015791 -2.3649244 -2.3361509 -2.3152054 -2.293029 -2.293029 -2.2976247 -2.3133339 -2.3360814 -2.3603729 -2.3738519 -2.3940547 -2.4097639 -2.425473 -2.5399333 -2.6523769 -2.6689589 -2.6814847 -2.6867211 -2.7049929 -2.7468841
-2.622278 -2.6385488 -2.6435234 -2.6504746 -2.59836 -2.570971 -2.570971 -2.570971 -2.570971 -2.5182168 -2.6076454 -2.6697174 -2.6697174 -2.6697174 -2.6697174 -2.6825648 -2.7223615 -2.7624464 -2.7627536 -2.7627536 -2.7627536 -2.771474 -2.6232612 -2.5053841 -2.5053841 -2.5040324 -2.4990578 -2.4745705 -2.5053049 -2.5375103 -2.5322739 -2.5237286 -2.5136163 -2.5104339 -2.5413432 -2.5448323 -2.5100103 -2.4744342 -2.4377794 -2.4021228 -2.3340497 -2.3051928 -2.3002182 -2.3011841 -2.3067107 -2.3178602 -2.3073874 -2.3187368 -2.334446 -2.3501552 -2.3658643 -2.4710989 -2.5728987 -2.585632 -2.5953832 -2.6051667 -2.6255146 -2.6222264
-2.6251765 -2.6377227 -2.6426973 -2.6142645 -2.5598789 -2.53 -2.53 -2.53 -2.53 -2.563411 -2.657928 -2.72 -2.72 -2.72 -2.72 -2.7328475 -2.7726441 -2.8 -2.8 -2.8 -2.8 -2.7520381 -2.5878771 -2.47 -2.47 -2.47 -2.4684346 -2.4764685 -2.5212397 -2.5534451 -2.5482087 -2.5413626 -2.5314134 -2.5351712 -2.5683219 -2.576937 -2.5447784 -2.5113566 -2.4773084 -2.4196367 -2.347296 -2.3165768 -2.3116022 -2.3095217 -2.3130437 -2.3042033 -2.2924888 -2.3019759 -2.3176851 -2.3333943 -2.3491035 -2.4487511 -2.5503672 -2.5614218 -2.5723461 -2.5828189 -2.5883541 -2.5831178
-2.6323325 -2.6429619 -2.6479364 -2.6167312 -2.5598789 -2.53 -2.53 -2.53 -2.53 -2.563411 -2.657928 -2.72 -2.72 -2.72 -2.72 -2.7328475 -2.7726441 -2.8 -2.8 -2.8 -2.8 -2.7520381 -2.5878771 -2.47 -2.47 -2.47 -2.47 -2.4817076 -2.5264788 -2.5586842 -2.5534478 -2.5466017 -2.5366525 -2.5421454 -2.5788002 -2.5903811 -2.5605336 -2.5300399 -2.4986215 -2.4435591 -2.3650131 -2.328538 -2.3235634 -2.3214829 -2.3214829 -2.3094425 -2.2937333 -2.3019759 -2.3176851 -2.3319114 -2.3476206 -2.4472682 -2.5490679 -2.5614218 -2.5723461 -2.5828189 -2.5883541 -2.5831178
-2.6328286 -2.6429619 -2.6479364 -2.6167312 -2.5598789 -2.53 -2.53 -2.53 -2.53 -2.563411 -2.657928 -2.72 -2.72 -2.72 -2.72 -2.7328475 -2.7726441 -2.8 -2.8 -2.8 -2.8 -2.7520381 -2.5878771 -2.47 -2.47 -2.47 -2.47 -2.4817076 -2.5264788 -2.5586842 -2.5534478 -2.5466017 -2.5366525 -2.5427739 -2.5899015 -2.6045736 -2.5747262 -2.5442324 -2.512814 -2.4577516 -2.3792057 -2.3412686 -2.3313194 -2.3285792 -2.3285792 -2.3145025 -2.2937333 -2.3019759 -2.3176851 -2.3289295 -2.3405243 -2.4401719 -2.5419717 -2.5585536 -2.5723461 -2.5828189 -2.5883541 -2.5831178
-2.5653871 -2.5711377 -2.573777 -2.5425718 -2.5699352 -2.6147536 -2.6147536 -2.6147536 -2.6147536 -2.6024443 -2.604957 -2.667029 -2.667029 -2.667029 -2.667029 -2.7232366 -2.8626948 -2.8900507 -2.8900507 -2.8900507 -2.8900507 -2.8420889 -2.6865532 -2.5851337 -2.5812391 -2.5812391 -2.5812391 -2.6215654 -2.7542542 -2.7851438 -2.7759261 -2.7673808 -2.7538337 -2.7627967 -2.7645531 -2.7165569 -2.6835098 -2.6465531 -2.6057064 -2.50861 -2.3873444 -2.3464624 -2.334161 -2.33 -2.33 -2.3335192 -2.3214632 -2.3244695 -2.3388735 -2.3545827 -2.3658878 -2.4109235 -2.5087682 -2.5253502 -2.5405635 -2.5510363 -2.5549257 -2.546038
