P1_models/J1_p1__temp2_slide_80.dat.tif
NCOLS 118
NROWS 92
XLLCORNER 139.62
YLLCORNER -39.07
DX 0.099491525
DY 0.099347826
NODATA_VALUE -9999
[rows 27 to 53 of 92, columns 0 to 59 of 118]
-9999 725.02513 721.46692 717.23249 708.9711 700.70972 692.44833 685.63629 680.49699 675.35768 670.21837 666.92223 664.1319 662.90003 664.78904 666.67805 668.56706 668.56793 667.8118 670.3346 680.42204 690.50949 695.13419 699.0903 703.04642 710.62057 727.89196 745.16335 762.43474 768.75517 770.66339 770.54886 766.53513 762.52141 759.46326 756.43434 753.40541 751.79454 752.21241 752.63027 753.04813 755.37662 757.88758 761.82713 766.79368 771.76022 775.53192 772.1719 768.81188 765.3592 761.8905 758.4218 761.46305 771.70855 780.37087 783.54927 786.72767 789.90606 798.71948 808.55813
-9999 724.55376 718.92719 710.66581 702.40442 694.14304 685.88165 679.06961 673.93031 668.791 663.65169 658.51238 654.52095 653.28907 655.17809 657.0671 658.95611 660.84512 661.57275 664.09555 673.16699 677.1231 681.07922 685.03533 688.99145 696.5656 713.83699 731.10838 748.37977 765.65116 775.86625 775.75173 771.95843 768.92951 765.90058 762.87165 759.84273 758.23186 758.64972 759.06759 759.48545 759.90332 761.74566 765.68521 770.65175 775.6183 780.58485 785.5514 782.75355 779.30087 775.83217 772.36347 768.89476 769.3335 777.99582 781.17422 784.35262 787.53102 790.70942 798.25893
-9999 721.53776 713.27638 705.01499 696.75361 688.49222 680.23084 672.9961 667.85679 662.71749 657.57818 652.43887 647.29956 644.83984 646.72885 648.61786 650.50688 652.39589 654.2849 656.79897 660.75509 664.7112 668.66732 672.62343 676.57955 684.57333 701.84472 719.11611 736.3875 753.65889 770.93028 781.26775 778.23882 775.2099 772.18097 769.15204 766.12312 763.24169 763.65955 764.07742 764.49528 764.91314 765.33101 768.49756 773.4641 778.43065 783.3972 788.36375 793.33029 791.29652 787.82781 784.35911 780.89041 777.42171 776.67969 779.85809 783.03649 786.21488 789.39328 792.57168
-9999 723.42664 715.16525 706.90387 698.64249 690.3811 684.05335 675.99708 665.8432 660.7039 655.56459 650.42528 645.28597 643.30468 647.64748 649.73225 651.62126 653.51028 655.39929 657.91336 661.86948 665.82559 669.78171 673.73782 685.08714 698.38224 707.76109 724.10464 741.37603 758.64742 775.91881 786.25628 783.22735 780.19843 777.1695 774.14057 768.08664 761.91685 756.91785 757.33571 757.75358 758.17144 758.58931 762.10758 767.66769 772.63423 777.60078 782.56733 787.53388 786.57792 783.80317 780.33447 776.86577 773.39707 773.56882 786.35063 790.43769 793.61609 796.79449 799.97288
-9999 725.31552 717.05413 708.79275 700.95347 694.83914 688.72482 680.66854 670.371 660.07347 653.551 648.41169 643.27238 641.29109 645.63389 649.9767 652.73565 654.62466 656.51367 659.02775 662.98386 666.93998 670.89609 685.21277 699.96902 713.26412 722.64297 732.02182 746.36456 763.63595 780.90734 791.24481 788.21588 785.18696 781.95326 775.14636 768.33945 762.16966 756.91136 751.65307 751.01188 751.42974 751.84761 755.36588 761.113 766.83782 771.80436 776.77091 781.73746 780.7815 778.80198 776.30983 772.84112 769.37242 769.54417 782.32599 795.10781 801.01729 804.19569 807.37409
-9999 727.20439 718.94301 711.73925 705.62493 699.5106 693.39628 685.34 675.04247 664.74493 654.44739 646.3981 641.25879 639.2775 643.6203 647.96311 652.30591 655.73905 657.62806 660.14213 664.09825 670.58215 685.3384 700.09465 714.8509 728.146 737.52485 746.9037 756.28254 768.62448 785.89587 796.23334 793.20441 789.01298 782.20607 775.39917 768.59226 762.42247 757.16417 751.90587 746.64758 744.68804 745.10591 748.62418 754.3713 760.11842 765.86554 770.97449 775.94104 774.98508 773.00556 771.02603 768.81648 765.34778 765.51953 778.30135 791.08316 803.86498 811.59689 814.77529
-9999 729.09327 722.52504 716.41071 710.29639 704.18206 698.06774 690.01146 679.71393 669.41639 659.11886 648.82132 639.2452 637.26391 641.60671 645.94952 650.29232 654.63513 658.74245 661.25652 670.70778 685.46403 700.22028 714.97653 729.73279 743.02788 752.40673 761.78558 771.16443 780.54327 790.8844 801.22187 796.07269 789.26579 782.45888 775.65197 768.84507 762.67528 757.41698 752.15868 746.90038 741.64208 738.3642 741.88248 747.6296 753.37672 759.12384 764.87096 770.14462 769.18867 767.20914 765.22962 763.25009 761.27056 761.49488 774.2767 787.05852 799.84034 812.62216 822.17649
-9999 735.13432 729.02 722.90567 716.79135 710.67702 704.5627 690.60809 679.99628 669.69874 659.4012 649.10367 638.80613 639.6104 646.91763 651.26044 655.60324 659.94605 664.28885 671.78053 686.53678 701.29303 716.04928 730.80553 745.56178 752.36575 761.09654 770.47539 779.85424 789.23309 798.61193 802.46226 795.65535 788.84844 782.04154 775.23463 768.42772 764.61776 759.33165 754.07335 748.81505 743.55675 738.29845 735.37095 741.11807 746.86518 752.6123 758.35942 764.10654 765.29518 763.31565 761.33612 759.3566 757.37707 757.23297 768.47235 781.25417 794.03599 806.8178 819.59962
-9999 744.63673 738.5224 732.40808 726.29375 719.14147 709.42587 695.3418 676.21594 662.74223 652.4447 642.14716 631.84962 632.65389 655.69016 668.65149 672.99429 677.3371 681.6799 689.17158 703.92783 718.68408 733.44033 747.43896 750.68371 754.76349 761.08137 768.95278 778.33162 787.71047 797.08932 800.93964 794.13274 787.32583 780.51892 774.63433 773.07956 769.82185 764.12785 758.72887 753.47057 748.21228 742.95398 739.02629 736.05516 740.73326 746.48038 752.2275 757.97462 760.90501 762.56061 760.58108 758.60155 756.62203 756.47793 762.69153 772.51458 785.2964 798.07822 810.86004
-9999 754.13913 748.0248 741.91048 733.59077 723.87517 714.15958 700.07551 680.94965 661.82379 645.48819 635.19065 624.89312 625.69738 648.73365 671.76992 690.38535 694.72815 699.07096 706.56263 721.31888 736.07513 746.59195 749.8367 753.08145 757.16123 763.47911 769.79699 776.80901 786.18786 795.56671 799.41703 792.61012 785.80321 781.39319 779.83842 778.28366 775.02595 769.33195 763.63795 758.1261 752.8678 747.6095 743.68181 740.71068 737.73955 740.34846 746.09558 751.8427 754.77309 757.21667 759.66026 757.84651 755.86698 755.72289 761.93649 768.15009 776.55681 789.33863 802.12045
-9999 763.64153 757.52721 748.04007 738.32447 728.60888 718.89329 704.80922 685.68336 666.5575 647.43164 628.30578 617.93661 618.74088 641.77715 664.81341 687.84968 710.88595 716.46201 723.95368 738.70994 745.74493 748.98968 752.23443 755.47918 759.55897 765.87685 772.19473 778.51261 784.83049 794.04409 797.89441 791.08751 788.15205 786.59729 785.04252 783.48776 780.23005 774.53605 768.84204 763.14804 757.52333 752.26503 748.33734 745.36621 742.39508 739.42395 739.96366 745.71078 748.64117 751.08475 753.52834 755.97192 755.11194 754.96784 761.18144 767.39505 773.60865 780.59905 793.38087
-9999 772.20496 762.48937 752.77377 743.05818 733.34259 723.627 709.54293 690.41707 671.29121 652.16535 633.03949 613.91363 611.78437 634.82064 657.85691 680.89317 703.92944 726.96571 741.34474 744.89792 748.14267 751.38742 754.63217 757.87692 761.95671 768.27459 774.59247 780.91035 787.22823 793.54611 796.46568 794.91092 793.35615 791.80139 790.24662 788.69185 785.43415 779.74015 774.04614 768.35214 762.65814 756.96413 752.99286 750.02173 747.0506 744.07947 741.10834 739.57886 742.50925 744.95283 747.39642 749.84 752.28358 754.2128 760.4264 766.64 772.8536 779.0672 785.28081
-9999 773.09534 763.37975 753.66415 743.94856 734.23297 729.50717 721.31515 702.18929 683.06343 663.93757 644.81171 629.25812 628.51303 645.69056 668.72683 691.76309 714.79936 737.83563 754.88724 758.13199 761.37674 764.62149 767.86624 767.19872 762.59535 776.34387 782.66175 788.97963 795.29751 801.61539 805.24423 803.68947 802.1347 800.57994 799.02517 793.98754 785.1665 779.4725 773.77849 768.08449 762.39049 757.65536 757.13842 755.83248 752.86135 749.89022 746.91909 743.94796 745.59363 748.03722 750.4808 752.92438 756.04312 763.28766 769.50126 775.71486 781.92847 788.14207 786.85822
-9999 772.68585 762.97026 753.25467 743.53908 742.37827 743.65992 735.46789 716.34204 697.21618 678.09032 666.12689 658.0759 657.33081 671.21618 685.62589 708.66216 731.69843 754.7347 771.78631 775.03106 778.27581 781.52056 776.02327 763.29997 758.6966 775.85669 792.64923 798.96711 805.28499 811.60287 815.23172 813.67695 812.12218 810.56742 802.87607 791.86927 783.04823 777.35423 771.66023 765.96622 761.70638 757.84714 757.3302 759.216 759.06282 756.09169 753.12056 750.14942 751.7951 754.23868 756.68226 760.90042 768.44259 775.68714 781.90074 788.11434 794.32794 789.83508 781.16688
-9999 772.27637 762.56078 753.96773 755.24937 756.53102 757.81267 749.62064 730.49478 711.36892 702.99565 694.94467 686.89368 686.14859 700.03396 713.91933 727.80469 748.59749 771.63376 788.68537 791.93012 795.17487 784.84783 772.12452 759.40121 754.79784 771.95794 789.11803 806.27813 815.27247 821.59035 825.2192 823.66443 822.10966 811.7646 800.7578 789.751 780.92996 775.23596 769.61665 765.75741 761.89817 758.03893 757.52199 759.40779 761.29359 762.29315 759.32202 756.35089 757.99656 760.44014 765.75773 773.2999 780.84207 788.08661 794.30021 800.51381 792.81195 784.14375 775.47555
-9999 771.86688 766.83882 768.12047 769.40212 770.68376 771.96541 763.77339 747.9154 739.86442 731.81343 723.76245 715.71146 714.96637 728.85174 742.73711 756.62248 770.50784 788.53283 805.58444 806.39569 793.67238 780.94907 768.22577 755.50246 750.89909 768.05918 785.21928 802.37938 819.53947 831.57783 835.20668 831.65993 820.65313 809.64633 798.63953 787.63273 778.81169 773.66768 769.80844 765.9492 762.08995 758.23071 757.71377 759.59957 761.48537 763.37118 765.25698 762.55235 764.19803 770.61503 778.1572 785.69937 793.24154 800.48608 804.45701 795.78881 787.12061 778.45241 769.78421
-9999 780.76714 782.04879 783.33043 784.61208 785.89373 787.17537 781.64522 773.59424 765.54325 757.49227 749.44128 741.3903 739.63118 753.51654 767.40191 781.28728 795.17265 809.05802 814.89732 802.17402 789.45071 776.7274 764.00409 751.28078 745.81335 762.97344 780.13354 797.29363 814.45373 831.61383 839.15303 828.14623 817.13944 806.13264 795.12584 784.11904 778.87984 775.02059 771.16135 767.30211 763.44287 759.58363 759.79208 761.67788 763.56368 765.44948 767.33528 769.22108 775.45947 783.00164 790.5438 798.08597 805.62814 809.57147 800.90327 792.23507 783.56687 774.89867 766.23047
-9999 803.9507 805.23234 806.51399 807.79564 809.07728 789.47246 777.1967 775.59895 767.54796 759.49698 751.44599 743.39501 740.38686 747.47729 760.74476 774.63013 788.5155 802.40087 808.24017 795.51687 782.79356 770.07025 757.34694 749.02051 745.67355 750.51829 766.09548 783.25558 800.41567 817.57577 825.11497 814.10818 803.10138 792.09458 781.08778 774.21585 775.07846 785.13082 781.27158 777.41234 773.5531 769.69385 772.15364 777.98445 779.87025 781.75605 783.64186 785.52766 789.35752 795.29117 802.83334 810.37551 817.91768 821.88085 813.44681 804.80321 796.13501 787.46681 778.79861
-9999 827.13425 828.4159 829.69754 826.21668 804.59505 782.97342 770.69766 769.20822 767.71879 761.50169 753.45071 745.39972 742.39158 749.482 756.57243 767.97298 781.85835 795.74372 801.58302 788.85972 776.13641 763.4131 756.82311 750.41984 747.07288 751.91761 756.76234 769.21752 786.37761 803.53771 811.07691 800.07012 789.06332 778.38852 772.47603 766.56353 767.42615 777.98151 788.53688 787.52256 783.66332 779.80408 782.26387 789.26633 796.17683 798.06263 799.94843 801.83423 805.66409 809.82995 815.12288 822.66505 830.20722 834.17039 825.73635 817.30231 808.70314 800.03494 791.36674
-9999 850.31781 851.59945 841.33927 819.71764 798.09601 776.47439 764.19862 762.70918 761.21975 759.73031 755.45542 747.40443 744.39629 751.48672 758.57715 765.66758 775.2012 789.08657 794.92587 782.20257 771.02899 764.62571 758.22244 751.81916 748.4722 753.31693 758.16167 763.0064 772.33955 789.49965 797.03886 786.03206 776.6487 770.7362 764.82371 758.91121 759.77383 770.32919 780.88456 791.43992 793.77355 789.91431 792.37409 799.37655 806.37901 813.38147 816.255 818.1408 821.97066 826.13652 830.30237 834.95459 842.49675 846.45992 838.02589 829.59185 821.15781 812.60308 803.93488
-9999 873.50136 856.46186 834.84023 813.2186 791.59698 769.97535 757.69958 756.21015 754.72071 753.23127 751.74183 749.40915 746.401 753.49143 760.58186 767.67229 774.76272 782.42942 788.26872 778.83159 772.42831 766.02504 759.62176 753.21849 749.87153 754.71626 759.56099 764.40572 769.25045 775.46159 783.0008 774.90887 768.99638 763.08388 757.17139 751.25889 752.12151 762.67687 773.23224 783.7876 794.34297 800.02453 802.48432 809.48678 816.48924 823.49169 830.49415 834.44737 838.27724 842.44309 846.60894 850.77479 854.94065 858.74946 850.31542 841.88138 833.44735 825.01331 816.50301
-9999 865.36941 843.74778 822.12615 800.50452 778.88289 757.26126 758.90069 757.41125 755.92182 754.43238 752.94294 751.4535 752.27639 756.51827 763.6087 770.69913 777.78956 784.87999 787.89012 781.48685 775.08357 768.6803 762.27703 755.87375 746.42975 749.98461 754.82935 759.67408 764.51881 769.36354 770.53395 764.62146 758.70896 752.79647 746.88398 740.97148 752.60776 763.16312 773.71849 784.27385 794.82921 804.66729 808.07882 815.08128 822.08373 829.08619 836.08865 843.09111 847.67496 851.84081 856.00667 860.17252 864.33837 861.88147 853.44743 845.01339 836.57935 828.14531 820.11593
-9999 842.77815 821.15652 799.53489 777.91327 765.35768 770.35378 772.33914 770.8497 769.36026 767.87083 768.26088 775.7459 777.86265 769.2291 768.25994 775.35037 782.4408 789.53123 792.54137 786.13809 779.73482 773.33154 765.87889 750.53232 739.17383 738.50437 740.35415 745.19888 750.04361 754.88834 756.05876 750.14626 744.23377 738.32127 737.22992 752.62446 766.0281 776.58347 787.13883 797.6942 804.9209 806.37828 809.54697 813.94589 820.50167 827.50413 834.50659 841.50905 846.0929 850.25875 854.42461 858.59046 855.26107 850.46 842.02596 833.59192 825.15788 818.43196 815.36975
-9999 820.1869 798.56527 776.94364 773.80002 778.79613 783.79223 785.77759 784.28815 782.79871 786.36211 793.84714 801.33216 803.44891 794.81536 786.18182 780.00162 787.09205 794.18248 797.19261 790.78934 784.38606 773.96953 758.62297 743.2764 731.9179 731.24844 730.57898 730.72368 735.56841 740.41314 741.58356 735.67106 729.75857 735.25572 750.65027 766.04481 779.44845 790.00381 800.55918 805.17451 806.63189 808.08927 811.25796 815.65688 820.0558 825.92207 832.92453 839.92699 844.51084 848.67669 851.3441 847.59185 843.8396 839.03853 830.60449 822.17045 816.74799 813.68578 810.62357
-9999 797.59564 777.24626 782.24237 787.23847 792.23458 797.23068 799.21604 797.7266 804.46335 811.94837 819.4334 826.91842 829.03517 820.40162 811.76808 803.13454 794.50099 798.83372 801.84386 795.44058 782.06018 766.71361 751.36704 736.02048 724.66198 723.99252 723.32306 722.6536 721.98414 725.93794 727.10836 721.19586 733.28153 748.67607 764.07061 779.46516 792.86879 803.42416 805.42813 806.8855 808.34288 809.80026 812.96895 817.36787 821.76679 826.16571 831.34247 838.34493 842.92878 843.67489 839.92264 836.17038 832.41813 827.61706 819.18303 815.06402 812.00181 808.9396 805.8774
-9999 785.6886 790.68471 795.68081 800.67692 805.67303 810.66913 815.07956 822.56458 830.04961 837.53463 845.01966 852.50468 854.62143 845.98788 837.35434 828.7208 820.08725 811.45371 805.49739 790.15082 774.80426 759.45769 744.11112 728.76455 717.40606 716.7366 716.06714 715.39768 714.72822 714.05876 715.91279 731.30733 746.70187 762.09642 777.49096 792.8855 804.22436 805.68174 807.13912 808.59649 810.05387 811.51125 814.67994 819.07886 823.47778 827.8767 832.27563 836.76287 836.00567 832.25342 828.50117 824.74892 820.99666 816.44225 813.38005 810.31784 807.25563 804.19343 801.13122
-9999 792.34081 797.33691 802.33302 807.32912 812.32523 817.62322 824.04494 831.52996 839.01499 846.50001 853.98503 855.48365 855.75115 862.84617 854.21263 845.57908 836.94554 828.312 817.64854 802.30197 786.9554 771.60883 756.26226 745.80842 739.92423 727.95044 727.28098 726.61152 725.94206 725.2726 730.09007 745.48462 760.87916 776.2737 791.66825 804.04023 810.20295 811.66033 813.11771 814.57509 816.03247 816.48916 817.59431 820.81793 825.21685 829.61578 834.0147 838.41362 835.86252 832.11027 828.35802 824.60577 820.94066 817.59776 814.53555 811.47335 808.41114 805.34893 814.16016
