P1_models/J1_p1_tot_conduct_slide_195.49.dat.tif
NCOLS 118
NROWS 92
XLLCORNER 139.62
YLLCORNER -39.07
DX 0.099491525
DY 0.099347826
NODATA_VALUE -9999
[rows 0 to 25 of 92, columns 0 to 57 of 118]
-2.3411421 -2.3896514 -2.429448 -2.4502302 -2.4644433 -2.4628108 -2.4478871 -2.4244958 -2.391332 -2.3502848 -2.3052504 -2.2587716 -2.2043653 -2.1529585 -2.1035777 -2.0586498 -2.0238277 -2.000358 -1.9818596 -1.9739952 -1.9849794 -2.0051022 -2.0366548 -2.07632 -2.1322787 -2.1924059 -2.2670245 -2.3449657 -2.4288126 -2.5131831 -2.6014958 -2.685596 -2.7695186 -2.848621 -2.9265936 -2.9891043 -3.0487992 -3.0949716 -3.1316264 -3.1569617 -3.1831437 -3.1936507 -3.2035999 -3.2077609 -3.2074563 -3.1846241 -3.1532057 -3.1377552 -3.1272824 -3.1143666 -3.0986574 -3.0091185 -2.9076859 -2.8910911 -2.8715887 -2.8479527 -2.8250624 -2.7850507
-2.3541885 -2.4066365 -2.4464331 -2.4712588 -2.4854718 -2.4858611 -2.4725859 -2.4562587 -2.4273238 -2.3900569 -2.3463326 -2.3014131 -2.2476888 -2.1979431 -2.1491425 -2.1059773 -2.0684473 -2.0382905 -2.0183922 -2.0075193 -2.0158832 -2.0246035 -2.0544509 -2.0913111 -2.1453405 -2.200493 -2.2721495 -2.3493698 -2.4333484 -2.51531 -2.6051948 -2.696141 -2.7807088 -2.8632813 -2.9443979 -3.0210526 -3.0821335 -3.1352773 -3.1770458 -3.2162742 -3.2468109 -3.2676561 -3.2798386 -3.2891266 -3.290394 -3.2692789 -3.24093 -3.2267239 -3.2162511 -3.2013136 -3.1815894 -3.0816429 -2.9580903 -2.9359563 -2.9086456 -2.8802936 -2.8384025 -2.792923
-2.3747331 -2.4247411 -2.4645377 -2.4893634 -2.5035765 -2.5063259 -2.4963767 -2.4805725 -2.4568841 -2.4290708 -2.3892742 -2.3460623 -2.2963166 -2.25032 -2.2055488 -2.1634297 -2.1236331 -2.0905799 -2.0706816 -2.0568003 -2.0568003 -2.0655206 -2.0953681 -2.1292564 -2.1790022 -2.2336316 -2.3032757 -2.3749983 -2.4545916 -2.5368228 -2.6310779 -2.7215011 -2.8060689 -2.8921115 -2.9811302 -3.0546515 -3.119321 -3.1778816 -3.2302455 -3.2789129 -3.3155677 -3.340404 -3.3553278 -3.3651388 -3.3703752 -3.3393267 -3.3131447 -3.2994617 -3.2889889 -3.2711559 -3.2502103 -3.1287146 -3.0016027 -2.9746451 -2.9448614 -2.9029703 -2.8624187 -2.8048184
-2.3933609 -2.4409301 -2.4769562 -2.5017819 -2.5117525 -2.5143722 -2.5087952 -2.4946673 -2.4755118 -2.4514046 -2.4265296 -2.3833178 -2.3438156 -2.3073368 -2.2675402 -2.2276878 -2.1978403 -2.1661228 -2.1511991 -2.1375204 -2.1375204 -2.1462407 -2.1697676 -2.1966786 -2.2414498 -2.2948954 -2.3595649 -2.4301037 -2.5047224 -2.5849113 -2.6686937 -2.7575805 -2.8371737 -2.9231577 -2.9862499 -3.0375099 -3.0882748 -3.1435729 -3.1867809 -3.2522804 -3.3217769 -3.3514569 -3.3739555 -3.3862898 -3.3952121 -3.2772773 -3.1579137 -3.1476996 -3.1399672 -3.1339591 -3.1198163 -3.0248074 -2.9084641 -2.8918822 -2.8654413 -2.8340229 -2.8075901 -2.8110276
-2.4128807 -2.4507331 -2.4855551 -2.5055448 -2.5150202 -2.52 -2.5156068 -2.5085429 -2.4910765 -2.4735493 -2.4510426 -2.4227545 -2.3879325 -2.3639639 -2.3293065 -2.2975395 -2.271699 -2.2480719 -2.2345347 -2.2256279 -2.2270652 -2.2328788 -2.2527771 -2.275344 -2.3185761 -2.364699 -2.4245989 -2.4892684 -2.5606055 -2.6348952 -2.715426 -2.79268 -2.868546 -2.9391169 -2.9914808 -3.0368577 -3.0866035 -3.1309634 -3.1720674 -3.2349755 -3.3138359 -3.3606077 -3.3854806 -3.4049175 -3.4153903 -3.2962311 -3.1181936 -3.0748328 -3.0695964 -3.06436 -3.0591236 -2.9620696 -2.8653323 -2.8487504 -2.8300179 -2.800368 -2.7837623 -2.7915901
-2.4295699 -2.463111 -2.4879838 -2.5055448 -2.5150202 -2.52 -2.52 -2.5147521 -2.5052767 -2.492177 -2.4772533 -2.4555176 -2.4306447 -2.4074286 -2.3875303 -2.3658412 -2.3509174 -2.3350012 -2.3250521 -2.3187665 -2.323741 -2.3316224 -2.3465461 -2.3684826 -2.4082792 -2.4516284 -2.5013741 -2.55757 -2.6222395 -2.6907784 -2.7640879 -2.8361447 -2.9008142 -2.9621821 -3.0040733 -3.0492762 -3.099022 -3.1433819 -3.1800367 -3.2411847 -3.3249671 -3.3730262 -3.3978991 -3.4174408 -3.43315 -3.3142812 -3.1310073 -3.0883016 -3.0882241 -3.0829877 -3.0777513 -2.9787013 -2.8777508 -2.8611689 -2.8424363 -2.8162544 -2.80239 -2.8180992
-2.429305 -2.4594493 -2.4777292 -2.4894646 -2.4960699 -2.4985598 -2.5012546 -2.5017205 -2.4954058 -2.4840045 -2.4753601 -2.4668219 -2.4501181 -2.4401732 -2.4282405 -2.4266346 -2.4192191 -2.4058504 -2.4015704 -2.406545 -2.4115196 -2.4194009 -2.4361127 -2.4616212 -2.4979434 -2.5304943 -2.5722233 -2.6258716 -2.6839992 -2.7359414 -2.8035143 -2.8635292 -2.9241311 -2.9746006 -3.0094972 -3.0456145 -3.0904961 -3.1290001 -3.1656549 -3.2259537 -3.3065125 -3.3532844 -3.3781572 -3.3976989 -3.4134081 -3.2953885 -3.1203459 -3.0792799 -3.0838683 -3.0801752 -3.0749388 -2.9761864 -2.8794492 -2.8628672 -2.8441347 -2.8197222 -2.8102976 -2.8260068
-2.4260554 -2.4379005 -2.4528243 -2.4617873 -2.466525 -2.4682365 -2.4732111 -2.4783849 -2.4736472 -2.4752921 -2.4752921 -2.4735845 -2.4686099 -2.4747079 -2.4747079 -2.4793791 -2.4744045 -2.4756503 -2.4806533 -2.4886364 -2.493741 -2.5030758 -2.5229741 -2.5427056 -2.5723864 -2.6008821 -2.6400259 -2.6798225 -2.7243253 -2.767057 -2.8236433 -2.8755521 -2.9302724 -2.9755367 -3.0017187 -3.0085324 -3.048329 -3.0836944 -3.1203492 -3.1591894 -3.2377353 -3.2813686 -3.3062415 -3.3257832 -3.3414924 -3.2870057 -3.1142046 -3.0771306 -3.082367 -3.0786738 -3.0734374 -2.995018 -2.8982807 -2.8816988 -2.8617932 -2.8400551 -2.8149376 -2.8306467
-2.4012184 -2.4088859 -2.4093596 -2.4177717 -2.4177717 -2.4177717 -2.4177717 -2.4243919 -2.4338673 -2.4386042 -2.453528 -2.4549568 -2.4678251 -2.4810921 -2.4910412 -2.4981534 -2.5130771 -2.519115 -2.5340387 -2.5445195 -2.5594432 -2.5713774 -2.5870692 -2.604798 -2.6296709 -2.6567653 -2.6816381 -2.717078 -2.7568746 -2.7981032 -2.834758 -2.8813718 -2.9211684 -2.9631182 -2.9275504 -2.9138093 -2.9386822 -2.970758 -2.99694 -3.0223107 -3.0390397 -3.0799217 -3.0951273 -3.1146691 -3.1303782 -3.1460874 -3.1266231 -3.089549 -3.0947854 -3.0910923 -3.0858559 -3.0411191 -2.9727915 -2.9562096 -2.936304 -2.9048857 -2.8762644 -2.8396096
-2.3598005 -2.3528318 -2.3489565 -2.3489565 -2.3471928 -2.3470631 -2.3489565 -2.3555546 -2.3670842 -2.3820025 -2.4019165 -2.4168403 -2.4345715 -2.4660757 -2.4890091 -2.505382 -2.5282488 -2.5478378 -2.5708571 -2.5887893 -2.6092118 -2.6241355 -2.6390593 -2.6553855 -2.6774073 -2.7009285 -2.7228995 -2.7464715 -2.774457 -2.8108326 -2.8416117 -2.872543 -2.9021217 -2.9148514 -2.8717352 -2.8528681 -2.8755848 -2.8966876 -2.918671 -2.9395987 -2.9553079 -2.9676072 -2.9812222 -2.9935565 -3.0080585 -3.0237677 -3.0394769 -3.0472021 -3.0524385 -3.052999 -3.0477626 -3.0072794 -2.9611665 -2.9445846 -2.924679 -2.8932607 -2.8618423 -2.8277953
-2.3067085 -2.2896063 -2.2746825 -2.2657195 -2.2609818 -2.259208 -2.2641826 -2.2742679 -2.288481 -2.3081062 -2.3329791 -2.3595596 -2.3894071 -2.4266654 -2.4614874 -2.4979916 -2.527839 -2.5593305 -2.589178 -2.6191652 -2.6440381 -2.6660042 -2.6809279 -2.6980762 -2.7179745 -2.7370508 -2.7569491 -2.7760254 -2.7959237 -2.8149349 -2.8411169 -2.8635086 -2.8834069 -2.8810964 -2.8339689 -2.8118137 -2.831712 -2.8482429 -2.8639521 -2.8788392 -2.8945484 -2.9060257 -2.9159749 -2.9254066 -2.9358794 -2.9490494 -2.9647586 -2.9716618 -2.9768982 -2.9760258 -2.9760258 -2.9381694 -2.8969354 -2.8797151 -2.8606315 -2.8292131 -2.7986167 -2.7671984
-2.2384069 -2.2148851 -2.1877532 -2.1787901 -2.1649697 -2.1598602 -2.1648347 -2.1762974 -2.1952482 -2.2168406 -2.2516626 -2.2788395 -2.3235408 -2.3732865 -2.4230323 -2.4638718 -2.5136176 -2.5483782 -2.5881748 -2.6205297 -2.6553517 -2.6784227 -2.7002648 -2.7223326 -2.7372564 -2.7551488 -2.7700726 -2.787965 -2.8028888 -2.8196628 -2.8301356 -2.8493358 -2.859285 -2.8562595 -2.8011265 -2.7720074 -2.7820381 -2.7959043 -2.8018597 -2.8149417 -2.8262468 -2.8356012 -2.841464 -2.8486714 -2.8551593 -2.8656321 -2.8778292 -2.8815625 -2.8837596 -2.8756017 -2.8704688 -2.8408434 -2.8037968 -2.7816876 -2.7616347 -2.7354527 -2.706302 -2.68012
-2.1777727 -2.1465834 -2.1132052 -2.086316 -2.0706017 -2.0605123 -2.0649117 -2.0759085 -2.0959004 -2.1204615 -2.1552835 -2.2017094 -2.2514552 -2.3076819 -2.3574277 -2.4233186 -2.4796026 -2.5262382 -2.5660348 -2.6140487 -2.6488707 -2.6905074 -2.7153803 -2.7406886 -2.7556123 -2.777017 -2.7919408 -2.8068645 -2.8217882 -2.8226316 -2.8331044 -2.8369173 -2.8468665 -2.8279524 -2.770564 -2.7444734 -2.7537976 -2.7559519 -2.7599259 -2.7625708 -2.7730436 -2.7802615 -2.7829161 -2.7808356 -2.7858779 -2.7946335 -2.7991181 -2.7978736 -2.7929359 -2.7824631 -2.766107 -2.7352864 -2.6944558 -2.6723465 -2.6460844 -2.6199024 -2.5937205 -2.5676612
-2.1122043 -2.071047 -2.0262758 -1.9949424 -1.9712539 -1.9593546 -1.9593546 -1.9703514 -1.9940398 -2.0235301 -2.0683013 -2.1170948 -2.1767897 -2.2364906 -2.3011601 -2.3674355 -2.4370796 -2.4982065 -2.5529268 -2.6044921 -2.6542379 -2.6976198 -2.7274673 -2.7548116 -2.7796845 -2.801854 -2.8167777 -2.8286992 -2.8237246 -2.8211005 -2.8211005 -2.8222011 -2.8222011 -2.8043002 -2.7519363 -2.7227514 -2.7227514 -2.7216976 -2.7164612 -2.7191061 -2.7295789 -2.7320075 -2.727033 -2.7249524 -2.7249524 -2.7236344 -2.718398 -2.7102701 -2.6997973 -2.6814956 -2.66055 -2.6165674 -2.570271 -2.5430011 -2.5156904 -2.4895084 -2.464422 -2.4434764
-2.0506621 -2.0008298 -1.9506644 -1.9182304 -1.8882038 -1.8684143 -1.8651155 -1.8761123 -1.8998007 -1.9327002 -1.9813719 -2.031266 -2.0979844 -2.1742598 -2.2509359 -2.3220291 -2.4038323 -2.4750314 -2.5461673 -2.6023919 -2.6604471 -2.7043793 -2.7404876 -2.7810511 -2.8101804 -2.8323499 -2.8472737 -2.8582948 -2.8576784 -2.8539538 -2.8539538 -2.8522547 -2.8482948 -2.8309443 -2.7733195 -2.732782 -2.725659 -2.7213503 -2.7126093 -2.71 -2.7144091 -2.7098473 -2.6994446 -2.688225 -2.6803872 -2.6663105 -2.6546548 -2.6294585 -2.6123177 -2.5795211 -2.5549929 -2.504422 -2.4568533 -2.418266 -2.3909554 -2.3647734 -2.3402372 -2.3192917
-2.0030387 -1.9434702 -1.8887499 -1.8466439 -1.8134801 -1.789705 -1.7847305 -1.7910692 -1.8147577 -1.8511742 -1.9013885 -1.9596724 -2.034291 -2.1175295 -2.1981307 -2.2841476 -2.3698759 -2.4559988 -2.5319304 -2.6065491 -2.6677095 -2.7230443 -2.7678155 -2.8151696 -2.8461975 -2.8733416 -2.8889063 -2.8999275 -2.8999275 -2.8999275 -2.8999275 -2.8965292 -2.8912611 -2.8671141 -2.8042773 -2.7597544 -2.7498052 -2.7376479 -2.7271751 -2.717971 -2.717971 -2.7071435 -2.6922198 -2.6708608 -2.6551517 -2.629945 -2.6089994 -2.5740916 -2.5426733 -2.4988191 -2.4621643 -2.4047186 -2.3524417 -2.3101322 -2.2718973 -2.2440759 -2.2195398 -2.1985942
-1.9704555 -1.9084161 -1.8437466 -1.7988933 -1.7609918 -1.7363521 -1.726403 -1.7312539 -1.7502047 -1.7849423 -1.8446372 -1.9070104 -1.9866037 -2.0711672 -2.1656842 -2.2576549 -2.3571464 -2.4493756 -2.538918 -2.6197954 -2.6944141 -2.7562989 -2.8110192 -2.8615319 -2.9013285 -2.9329503 -2.9528486 -2.9661594 -2.9661594 -2.9661594 -2.9661594 -2.9627611 -2.952812 -2.9260208 -2.8527112 -2.8061167 -2.7961675 -2.7838486 -2.7681394 -2.7564414 -2.7459686 -2.7326841 -2.7127858 -2.6875695 -2.6561511 -2.6253657 -2.5891299 -2.5482244 -2.5029341 -2.4491919 -2.3959325 -2.3296524 -2.2663402 -2.2165944 -2.1725495 -2.1358947 -2.1069456 -2.086
-1.969831 -1.9064074 -1.8388898 -1.7878208 -1.7474975 -1.720368 -1.7081724 -1.7111734 -1.7328365 -1.76619 -1.8258849 -1.8924103 -1.9751913 -2.0663905 -2.1639935 -2.2700656 -2.3761686 -2.4725499 -2.5664164 -2.661857 -2.7406472 -2.8200158 -2.8774155 -2.9350722 -2.9774465 -3.0204337 -3.043892 -3.058587 -3.0407803 -2.9849117 -2.9849117 -2.9815134 -2.9731496 -2.9455326 -2.8835218 -2.8550986 -2.8431657 -2.8279188 -2.8122096 -2.7991276 -2.7664532 -2.7333087 -2.7105792 -2.6818983 -2.6504799 -2.6155424 -2.5752203 -2.5293372 -2.4739295 -2.4163292 -2.354116 -2.2863417 -2.2434358 -2.1911996 -2.1272302 -2.086612 -2.0441231 -2.0213836
-1.9846826 -1.9175013 -1.8478572 -1.7940158 -1.7513766 -1.720766 -1.7058422 -1.7099642 -1.7336526 -1.7700691 -1.829764 -1.8997047 -1.9892471 -2.0871225 -2.1915886 -2.2999025 -2.4093432 -2.5183497 -2.6228158 -2.7238901 -2.8134325 -2.8957079 -2.9603774 -3.0219602 -3.071706 -3.1146933 -3.1395661 -3.1316965 -3.0570779 -3.0012092 -3.0012092 -2.9995101 -2.9945355 -2.9773288 -2.9354376 -2.9037959 -2.8888722 -2.8736253 -2.8579161 -2.8226962 -2.7703322 -2.7342428 -2.7093699 -2.6795681 -2.6481498 -2.609693 -2.5678019 -2.5128139 -2.4552135 -2.3909065 -2.3280698 -2.2827414 -2.239304 -2.1646371 -2.0960276 -2.0436636 -1.997287 -1.9711051
-2.0281473 -1.9628069 -1.8975311 -1.8435872 -1.7962103 -1.7642306 -1.7493069 -1.7545073 -1.7829334 -1.819743 -1.8794379 -1.9493786 -2.0429333 -2.1440774 -2.2584927 -2.3691742 -2.488564 -2.599504 -2.7089447 -2.8112028 -2.9057197 -2.9888465 -3.0572741 -3.121308 -3.1710538 -3.2140411 -3.238914 -3.2299648 -3.1254987 -3.0633016 -3.0633016 -3.0616025 -3.0566279 -3.0394212 -2.9932284 -2.9596791 -2.9447554 -2.9295085 -2.9137993 -2.8770732 -2.8200062 -2.7839167 -2.7590438 -2.7273166 -2.6916144 -2.6531577 -2.6112665 -2.5534075 -2.4924689 -2.4214743 -2.3529067 -2.2999451 -2.2517225 -2.1632856 -2.0897662 -2.0321658 -1.9838187 -1.9471639
-2.0909315 -2.027508 -1.9643143 -1.9118277 -1.8655002 -1.8360105 -1.8219609 -1.8298266 -1.8582527 -1.8977321 -1.957972 -2.0361542 -2.1308927 -2.2353546 -2.3497698 -2.465791 -2.5851808 -2.7014605 -2.8109702 -2.9193686 -3.0138673 -3.0975961 -3.1672402 -3.2241953 -3.273941 -3.3098495 -3.3347224 -3.3257732 -3.2213071 -3.1183152 -3.1182236 -3.1130767 -3.1081021 -3.0891603 -3.0415219 -3.004944 -2.9900203 -2.9747734 -2.9590642 -2.9223381 -2.8633348 -2.8229724 -2.7995584 -2.7729581 -2.7367963 -2.6966224 -2.6547312 -2.5968722 -2.5368032 -2.4658085 -2.3892584 -2.3354003 -2.281838 -2.1934011 -2.1083328 -2.0507324 -1.9926366 -1.9555602
-2.1683206 -2.1109386 -2.0512437 -2.001278 -1.9586388 -1.9312579 -1.9213088 -1.9291744 -1.9576005 -2.0000942 -2.0697383 -2.1493767 -2.2488683 -2.3533301 -2.4677454 -2.5837666 -2.7031564 -2.8207398 -2.935155 -3.0423005 -3.1318428 -3.2131676 -3.2728625 -3.32745 -3.3672466 -3.4029881 -3.427861 -3.4115654 -3.2722773 -3.1669247 -3.1616883 -3.1565413 -3.1515668 -3.1311413 -3.0787773 -3.0421995 -3.0272757 -3.0120289 -2.9963197 -2.9572178 -2.894381 -2.8567122 -2.8368139 -2.8102135 -2.7787951 -2.7400871 -2.6981959 -2.6440774 -2.5864771 -2.511269 -2.4327231 -2.3788649 -2.3253026 -2.2314062 -2.1437448 -2.0756716 -2.0160791 -1.9741879
-2.2791218 -2.2284176 -2.1755091 -2.1257948 -2.0908859 -2.0710964 -2.0651421 -2.0774064 -2.114144 -2.1571404 -2.2267845 -2.3066743 -2.4061658 -2.5122845 -2.631398 -2.7474192 -2.866809 -2.9815336 -3.0863489 -3.1902345 -3.2700752 -3.3508972 -3.329884 -3.273367 -3.288401 -3.3200874 -3.3300366 -3.321001 -3.2165349 -3.1128043 -3.1126072 -3.1057611 -3.0961306 -3.0754538 -3.0297429 -3.0013196 -2.9906535 -2.9775609 -2.9660525 -2.9529704 -2.9274132 -2.8899957 -2.8700974 -2.8465434 -2.8184337 -2.818688 -2.8079916 -2.7501326 -2.6901691 -2.6102449 -2.5298087 -2.4463252 -2.3840742 -2.29011 -2.2019459 -2.1338727 -2.0707371 -2.0194275
-2.3855931 -2.3490159 -2.2992701 -2.2592277 -2.2269705 -2.219371 -2.2152604 -2.2301899 -2.2680915 -2.3207307 -2.3924421 -2.4723319 -2.5718234 -2.6746285 -2.7917477 -2.9063197 -3.022151 -3.1306552 -3.2301732 -3.3226054 -3.3983349 -3.4299663 -3.3453985 -3.2581553 -3.2702998 -3.2811685 -3.2882368 -3.2669656 -3.1610082 -3.0814763 -3.08 -3.0766017 -3.0666525 -3.0461195 -3.0042284 -2.9737076 -2.9630638 -2.9528992 -2.9424264 -2.9319536 -2.9214809 -2.9082203 -2.888322 -2.8647681 -2.8385861 -2.8461418 -2.861851 -2.8232648 -2.7604281 -2.6909007 -2.6071184 -2.5261282 -2.4423748 -2.3536276 -2.2654635 -2.1973904 -2.1342548 -2.0818908
-2.4955229 -2.4612914 -2.4264694 -2.394943 -2.3759923 -2.3683928 -2.3733674 -2.3916302 -2.4295317 -2.4821709 -2.5617641 -2.6461906 -2.7456821 -2.8484872 -2.9579279 -3.0677599 -3.172226 -3.2734677 -3.3580355 -3.4405809 -3.5052504 -3.5247666 -3.3904531 -3.2954107 -3.3003853 -3.3060054 -3.3060054 -3.2793841 -3.1699434 -3.0876856 -3.0824492 -3.0766017 -3.0666525 -3.0461195 -3.0042284 -2.9737076 -2.9587839 -2.94669 -2.9362172 -2.9257444 -2.9152716 -2.9021639 -2.8872402 -2.8647681 -2.8385861 -2.8475959 -2.8737779 -2.838083 -2.785265 -2.7224283 -2.6567923 -2.5779475 -2.498258 -2.4153484 -2.3337652 -2.265692 -2.2025564 -2.1501925
-2.6000814 -2.5767327 -2.5486569 -2.5231224 -2.5123337 -2.5169243 -2.5275997 -2.5522585 -2.5961825 -2.6488217 -2.728415 -2.8148387 -2.9124374 -3.0069544 -3.1057336 -3.2071446 -3.297192 -3.3892175 -3.4591632 -3.5286886 -3.57112 -3.5776539 -3.4318703 -3.3104212 -3.3115877 -3.3138589 -3.31 -3.2800805 -3.1667301 -3.0821578 -3.0730266 -3.0644813 -3.0510207 -3.0304877 -2.9842325 -2.9476546 -2.9327309 -2.917484 -2.903955 -2.8961093 -2.88822 -2.8751123 -2.8601885 -2.8448078 -2.8229543 -2.8390025 -2.8685673 -2.8468456 -2.7981375 -2.7457736 -2.6844285 -2.6215917 -2.5442708 -2.4764421 -2.3980293 -2.3339937 -2.2692122 -2.2132835
