P1_models/J1_p1__temp2_slide_15.dat.tif
NCOLS 118
NROWS 92
XLLCORNER 139.62
YLLCORNER -39.07
DX 0.099491525
DY 0.099347826
NODATA_VALUE -9999
[rows 0 to 26 of 92, columns 0 to 59 of 118]
-9999 -9999 -9999 -9999 -9999 -9999 -9999 -9999 -9999 -9999 -9999 -9999 -9999 -9999 -9999 -9999 -9999 -9999 -9999 -9999 -9999 -9999 -9999 -9999 -9999 -9999 -9999 -9999 -9999 -9999 -9999 -9999 -9999 -9999 -9999 -9999 -9999 -9999 -9999 -9999 -9999 -9999 -9999 -9999 -9999 -9999 -9999 -9999 -9999 -9999 -9999 -9999 -9999 -9999 -9999 -9999 -9999 -9999 -9999 -9999
-9999 185.40876 186.07421 186.73966 187.40511 188.07057 188.92003 188.77947 186.89129 184.85742 182.82356 180.78969 178.75582 176.85149 175.63043 174.89536 174.16028 173.4252 172.69013 171.69938 170.11879 168.5382 166.95761 165.37703 164.11521 164.96545 166.73371 169.2699 171.80609 174.34228 176.87848 178.06064 176.63269 175.20473 173.77677 172.34882 170.38938 167.0562 165.40371 164.8891 164.37449 163.85988 163.34527 163.87031 164.83715 165.70639 166.57563 167.44488 168.31412 169.27952 169.17292 169.06632 168.95972 168.85313 168.65001 168.28018 168.14693 168.01368 167.88043 167.74719
-9999 188.49268 189.15813 189.82359 190.48904 191.48161 192.6791 192.53854 190.85371 189.05942 187.02556 184.99169 182.95782 181.05349 179.40856 177.96169 177.22661 176.49153 175.75646 174.76571 173.18512 171.60453 170.02394 169.33172 170.04607 170.89631 172.11078 173.57849 176.11469 178.65088 181.18707 182.36923 180.94128 179.51332 178.08537 175.6684 172.22835 168.89517 165.71487 163.51169 162.99707 162.48246 161.96785 162.4929 163.76534 164.80709 165.67633 166.54557 167.41481 168.42984 169.47006 169.50304 169.39644 169.28984 169.08673 168.5493 168.11278 167.97953 167.84628 167.71303
-9999 191.5766 192.24206 192.90751 194.0432 195.24069 196.43817 196.29762 194.61278 192.92795 191.22755 189.19369 187.15982 185.25549 183.61056 181.96564 180.32071 179.55786 178.82279 177.83204 176.25145 174.67086 174.54823 175.26258 175.97692 176.82717 178.04164 179.25611 180.47058 182.95947 185.49566 186.67783 185.24987 183.82191 180.94742 177.50737 174.06732 170.73414 167.55384 164.37355 161.61966 161.10505 160.59043 161.11548 162.38793 163.66037 164.77703 165.64627 166.51551 167.53053 168.57075 169.61097 169.83316 169.72656 169.52345 168.98601 168.44858 167.94538 167.81213 167.67888
-9999 194.66053 195.4073 196.60479 197.80227 198.99976 200.19725 200.05669 198.37186 196.68703 195.00219 193.31736 191.36182 189.45749 187.81256 186.16763 184.52271 182.87778 181.88912 180.89837 179.31778 179.76474 180.47908 181.19343 181.90778 182.75803 183.9725 185.18697 186.40144 187.61591 189.80425 190.98642 189.55846 186.22643 182.78639 179.34634 175.90629 172.57311 169.39281 166.21251 163.03222 159.85192 159.21302 159.73807 161.01051 162.28295 163.5554 164.74696 165.6162 166.63123 167.67145 168.71167 169.75189 170.16328 169.96016 169.42273 168.8853 168.34787 167.81043 167.64473
-9999 197.96889 199.16637 200.36386 201.56135 202.75883 203.95632 203.81576 202.13093 200.4461 198.76127 197.07644 195.3916 193.65949 192.01456 190.36963 188.72471 187.07978 185.43485 184.2669 184.98124 185.69559 186.40994 187.12429 187.83864 188.68888 189.90335 191.11783 192.3323 193.54677 194.76124 194.94549 191.50545 188.0654 184.62535 181.18531 177.74526 174.41208 171.23178 168.05148 164.87119 161.69089 158.51059 158.36065 159.63309 160.90554 162.17798 163.45043 164.7169 165.73192 166.77214 167.81236 168.85258 169.8928 170.39688 169.85945 169.32201 168.78458 168.24715 167.70972
-9999 199.18732 200.3848 201.58229 202.77978 203.97726 205.06426 204.82216 203.13733 201.4525 199.76767 198.08284 196.52232 195.34565 194.41813 192.7732 191.12827 189.48335 187.83842 186.9069 187.62125 188.3356 189.04995 189.7643 190.6025 191.05743 190.37015 191.58462 192.79909 194.01356 195.22803 194.85267 191.41263 187.97258 184.53253 181.09249 178.0404 175.16994 171.98964 168.80934 165.62904 162.44874 159.33355 156.96438 156.78522 158.05766 159.33011 160.60255 161.87499 162.94943 163.98965 165.02987 166.07009 166.95343 167.15536 166.61793 166.08049 165.54306 165.00563 166.39596
-9999 200.00324 201.20072 202.39821 203.5957 204.6266 205.63456 205.39246 203.70763 202.0228 200.33797 198.85889 197.44921 196.27255 195.56251 194.85247 193.24692 191.60199 189.95707 189.02555 189.7399 190.45425 191.1686 192.09823 193.14538 193.60031 192.46796 191.33562 192.40022 193.61469 194.82916 194.4538 191.01376 187.57371 184.13366 181.28087 178.62697 175.75651 172.57621 169.39591 166.21562 163.12385 160.04442 157.67525 155.81668 154.97682 156.24927 157.52171 158.79415 159.86859 160.90881 161.94903 162.7138 163.12917 163.3311 162.79367 162.25624 161.71881 163.69685 166.25645
-9999 200.81916 202.01665 203.18097 204.18893 205.1969 206.20486 205.96276 204.27793 202.60515 201.19547 199.78579 198.37611 197.19944 196.4894 195.77937 195.06933 193.72064 192.07571 191.1442 191.85854 192.57289 193.59396 194.64111 195.68826 196.14319 195.01085 193.8785 192.74615 193.21582 194.43029 194.05493 190.61488 187.17523 184.52134 181.86744 179.21355 176.34308 173.16279 169.99359 166.91415 163.83472 160.75528 158.38611 156.52754 154.66897 153.16843 154.44087 155.71332 156.78775 157.82797 158.47416 158.88954 159.30492 159.50684 158.96941 158.43815 160.99774 163.55734 166.11694
-9999 201.63508 202.74331 203.75127 204.75923 205.7672 206.77516 206.53306 204.94172 203.53204 202.12236 200.71268 199.303 198.12634 197.4163 196.70626 195.99622 195.28618 194.19436 193.26284 194.04255 195.0897 196.13684 197.18399 198.23114 198.68608 197.55373 196.42138 195.28903 194.15668 194.03142 193.65606 190.4157 187.76181 185.10791 182.45402 179.80012 176.92966 173.78389 170.70445 167.62502 164.54558 161.46615 159.09698 157.23841 155.37984 153.52126 151.66269 152.63248 153.70692 154.23453 154.6499 155.06528 155.48066 155.68259 155.73904 158.29864 160.85823 163.41783 165.97743
-9999 202.04949 203.05745 204.06542 205.07338 206.08134 207.08931 206.86022 205.45053 204.04085 202.63117 201.22149 199.81181 198.8038 198.09376 197.38372 196.67368 195.96364 195.25361 195.07492 196.12206 197.16921 198.21636 199.26351 200.31066 200.70331 199.57096 198.43861 197.30626 196.17392 195.04157 193.38951 190.73561 188.08172 185.42783 182.77393 180.12004 177.34677 174.26734 171.18791 168.10847 165.02904 161.9496 159.48037 157.6218 155.76322 153.90465 152.04608 150.18751 150.2678 150.68318 151.09855 151.51393 151.92931 153.05566 155.61526 158.17486 160.73445 163.29405 165.85365
-9999 200.68491 201.69287 202.70083 203.7088 204.71676 205.10928 204.62903 203.21935 201.80967 200.39999 198.99031 197.86384 197.14786 197.08451 196.42646 195.71642 195.00639 194.29635 194.11766 195.16481 196.21195 197.2591 198.30625 199.39794 199.7781 198.19635 197.0109 195.87855 194.7462 193.61386 191.9618 189.3079 186.65401 184.00011 181.34622 178.96703 176.33984 173.26041 170.18097 167.10154 164.02211 160.80476 158.09002 155.85899 154.00042 152.14185 150.28328 148.42471 148.505 148.92037 149.33575 149.75113 150.97884 153.03496 155.59456 158.15416 160.71376 163.27335 167.11827
-9999 199.32032 200.32829 201.33625 202.22797 202.55303 202.87809 202.39784 200.98816 199.57848 198.18316 197.14127 196.09938 195.3834 195.32006 195.25671 194.75917 194.04913 193.33909 193.1604 194.20755 195.2547 196.30184 197.40966 198.52181 198.90197 197.32023 195.73848 194.45084 193.31849 192.18615 190.53409 187.88019 185.2263 182.58224 180.27117 177.9601 175.33291 172.25348 169.17404 166.07211 162.84721 159.62231 156.90757 154.55957 152.23762 150.37905 148.52047 146.6619 146.74219 147.15757 147.57295 149.04738 150.95815 153.01427 155.57386 158.13346 160.80491 164.76982 168.73474
-9999 197.95574 198.9637 199.67173 199.99679 200.32185 200.64691 200.16666 198.75697 197.46059 196.4187 195.37681 194.33492 193.61894 193.5556 193.49225 193.42891 193.09187 192.38183 192.20314 193.25029 194.30924 195.42139 196.53354 197.64569 198.02585 196.4441 194.86236 193.28061 191.89078 190.75843 189.10638 186.45248 183.88638 181.57531 179.26424 176.95317 174.32598 171.24655 168.11456 164.88966 161.66476 158.43987 155.72512 153.37712 151.02912 148.68112 146.75767 144.8991 144.97939 145.39477 147.11591 149.02668 150.93745 152.99357 155.55317 158.45646 162.42138 166.38629 170.35121
-9999 196.59116 197.11548 197.44054 197.7656 198.09066 198.41572 197.93547 196.73802 195.69613 194.65424 193.61235 192.57046 191.85448 191.79114 191.72779 191.66445 191.60111 191.42458 191.24588 192.32097 193.43312 194.54527 195.65741 196.76956 197.14973 195.56798 193.98623 192.40449 190.82274 189.33072 187.67866 185.19051 182.87944 180.56837 178.2573 175.94623 173.31905 170.15701 166.93211 163.70722 160.48232 157.25742 154.54268 152.19468 149.84668 147.49868 145.15068 143.1363 143.27367 145.18444 147.09521 149.00598 150.91675 152.97287 156.10802 160.07294 164.03785 168.00277 171.96768
-9999 194.48294 194.808 195.13306 195.45812 195.78318 196.10824 195.76203 194.72014 193.67826 192.63637 191.59448 190.55259 189.83285 189.76894 189.7056 189.64225 189.57891 189.51557 189.80768 190.91983 192.03197 193.14412 194.25627 195.36842 196.32199 194.96309 193.38135 191.7996 190.21785 188.63611 186.80525 184.49418 182.18311 179.87204 177.56097 175.2499 173.41477 170.18987 166.96497 163.74007 160.51518 157.29028 154.82261 152.47461 150.12661 147.77861 145.43061 143.08261 144.45021 146.36098 148.27175 150.18252 152.09329 153.7774 157.33163 161.29654 165.26146 169.22637 173.19129
-9999 191.99819 192.32325 192.64831 192.97337 193.24203 193.19146 192.81139 192.05101 191.07154 190.02965 188.98776 187.94587 187.22613 187.15151 187.0845 187.02116 186.95782 186.89448 187.18658 188.29873 189.41088 190.52303 191.63518 192.74502 193.69772 194.22975 193.40671 191.82496 190.24322 188.66147 186.83061 184.51954 182.20847 179.8974 177.54836 174.33479 172.43958 172.43049 169.82175 166.59685 163.37195 160.14706 157.82682 156.1526 153.8046 151.4566 149.1086 146.7606 148.24482 150.31946 152.23023 154.141 156.05177 157.73588 158.63486 161.60727 165.57218 169.5371 173.50201
-9999 189.51344 189.8385 190.16356 190.32103 190.27047 190.21991 189.83983 189.07946 188.31908 187.42293 186.38104 185.33916 184.61942 184.5448 184.47018 184.40007 184.33673 184.27338 184.56549 185.67764 186.78979 187.90143 189.01109 190.12076 191.07346 191.60549 192.13752 191.85033 190.26858 188.68684 186.85598 184.54491 182.23384 179.65601 176.44243 173.22886 171.33365 171.32456 171.31547 169.45363 166.22873 163.00383 160.6836 159.01371 157.34382 155.13458 152.78658 150.43858 151.9228 154.06933 156.18872 158.09949 160.01026 161.69436 162.59334 163.49232 165.88291 169.84782 173.81274
-9999 187.02868 187.35374 187.40003 187.34947 187.29891 187.24835 186.86828 186.1079 185.34752 184.58715 183.77433 182.73244 182.0127 181.93808 181.86346 181.78884 181.71564 181.65229 181.9444 183.05655 184.16751 185.27717 186.38683 187.49649 188.4492 188.98123 189.51325 190.04528 190.29395 188.7122 186.88134 184.57027 181.76365 178.55008 175.3365 172.12292 170.22772 170.21863 170.20953 170.20044 169.08551 165.86061 163.54038 161.87049 160.2006 158.53072 156.46456 154.11656 155.60078 157.74731 159.89384 162.04037 163.96874 165.65285 166.55182 167.4508 168.34978 170.15855 174.12347
-9999 184.5296 184.47904 184.42848 184.37792 184.32736 184.27679 183.89672 183.13634 182.37597 181.61559 180.85521 180.09484 179.40598 179.33136 179.25674 179.18212 179.10751 179.03289 179.32331 180.43358 181.54324 182.65291 183.76257 184.87223 185.82494 186.35696 186.88899 187.42102 187.95304 188.48507 186.90671 183.8713 180.65772 177.44415 174.23057 171.01699 169.12179 169.11269 169.1036 169.09451 169.08542 168.71739 166.39715 164.72727 163.05738 161.38749 159.71761 157.79455 159.27877 161.4253 163.57183 165.71835 167.86488 169.61133 170.51031 171.40928 172.30826 173.20724 174.43419
-9999 182.55546 182.5049 182.45434 182.40378 182.35322 182.15054 181.36893 180.60855 179.84818 179.0878 178.32742 177.56338 176.95786 176.83658 176.76196 176.68734 176.61272 176.5381 176.82159 177.93126 179.04092 180.15058 181.26024 182.36991 183.81938 183.98067 184.5127 185.04472 185.57675 186.10878 185.36143 182.14785 178.93428 175.7207 172.50712 169.52002 168.68325 168.67416 168.66507 168.65598 168.64688 168.68513 168.38816 166.83183 165.16194 163.49205 161.82217 160.15228 161.73642 163.88295 166.02948 168.17601 170.32254 172.59541 173.49438 174.39336 175.29234 176.19131 177.61759
-9999 181.3337 181.28313 181.23257 181.18201 180.7575 179.95749 179.17588 178.4155 177.65512 176.89475 176.1156 175.30417 174.69865 174.50547 174.35161 174.27699 174.20238 174.12776 174.41125 175.52091 176.63057 177.74023 179.12211 181.22852 182.67963 182.37441 182.32345 182.85548 183.38751 183.91953 183.17218 179.95861 176.74503 173.53146 171.00022 169.58491 168.74814 168.73905 168.72996 168.72087 168.7978 168.95527 168.6583 168.03465 166.69908 165.0292 163.35931 161.68942 163.27357 165.4201 167.56663 169.7682 172.5131 174.84447 175.74345 176.64243 177.5414 179.33342 182.15969
-9999 180.11193 180.06137 180.01081 179.36446 178.56445 177.76444 176.98283 176.22245 175.46207 174.66781 173.85638 173.04496 172.43944 172.24626 172.05308 171.86665 171.79203 171.71741 172.0009 173.11056 174.22022 175.87596 177.98236 180.08876 181.53988 181.23466 180.92944 180.66623 181.19826 181.73029 180.98294 177.76936 174.55579 172.48043 171.06512 169.64981 168.81304 168.80395 168.79485 168.91047 169.06794 169.22541 168.92844 168.30479 167.68114 166.56634 164.89645 163.22657 164.81071 166.95724 169.27236 172.01726 174.76216 177.09354 177.99251 178.89149 181.04924 183.87551 186.70178
-9999 178.89016 178.77143 177.97142 177.17141 176.3714 175.57139 174.78978 174.0294 173.22003 172.4086 171.59717 170.78575 170.18023 169.98705 169.79387 169.60069 169.40751 169.30706 169.59055 170.70021 172.62981 174.73621 176.84261 178.94901 180.40013 180.09491 179.78969 179.48447 179.17925 179.54104 178.79369 175.58012 173.96063 172.54532 171.13001 169.7147 168.87793 168.86884 169.02314 169.18061 169.33808 169.49555 169.19859 168.57493 167.95128 167.32762 166.4336 164.76371 166.34785 168.77653 171.52143 174.26633 177.01123 179.3426 180.24158 182.76507 185.59134 188.41761 191.24388
-9999 177.37839 176.57838 175.77837 174.97836 174.17835 173.37834 172.58367 171.77224 170.96081 170.14939 169.33796 168.52653 167.92101 167.72783 167.53466 167.34148 167.1483 166.95512 167.27725 169.38365 171.49006 173.59646 175.70286 177.80926 179.26037 178.95515 178.64993 178.34471 178.03949 177.73427 176.85614 175.44083 174.02552 172.61021 171.1949 169.77959 168.97834 169.13581 169.29328 169.45075 169.60822 169.76569 169.46873 168.84507 168.22142 167.59776 166.97411 166.30085 168.28069 171.02559 173.77049 176.51539 179.26029 181.65463 184.4809 187.30717 190.13344 192.95971 195.78598
-9999 176.27056 175.47055 174.67054 173.87053 173.07052 171.87992 170.41423 169.22532 168.41389 167.60246 166.79104 165.97961 165.51602 165.63678 165.4436 165.25042 165.05724 164.86406 165.36624 167.47264 169.57905 171.68545 173.79185 175.43199 176.76732 178.98506 178.67984 178.37462 178.0694 177.76418 177.07979 175.66448 174.24917 172.83386 171.41855 170.12481 169.47621 169.58103 169.7385 169.89597 170.05344 170.21091 170.94413 171.08983 170.46618 169.84252 169.21887 168.59521 168.4768 170.81703 173.56193 176.30683 179.05173 181.47238 183.11476 185.94103 188.7673 191.59357 194.41984
-9999 175.37072 174.57071 173.7707 172.97069 171.57057 170.0627 168.59701 167.17999 165.81182 165.00039 164.18897 163.37754 162.91395 163.14693 163.3799 163.1916 162.99842 162.80524 163.30742 165.41382 167.52022 169.62662 170.89158 171.63246 172.96779 175.89638 178.82497 178.6287 178.32348 178.01826 177.33387 175.91856 174.50325 173.08794 171.86072 170.70779 170.05919 170.1321 170.21727 170.37474 170.53221 170.68968 171.4229 172.57002 173.08938 172.46573 171.84207 171.21842 171.10001 171.06892 172.88235 175.62725 178.37215 180.7928 182.09027 183.44253 186.2688 189.09507 191.92134
