P1_models/J1_p1__temp2_slide_60.dat.tif
NCOLS 118
NROWS 92
XLLCORNER 139.62
YLLCORNER -39.07
DX 0.099491525
DY 0.099347826
NODATA_VALUE -9999
[rows 54 to 80 of 92, columns 0 to 59 of 118]
-9999 690.24162 693.47428 696.70693 699.93959 704.21978 708.58762 713.45064 718.88516 724.31968 729.7542 726.95787 721.99471 721.40496 729.57322 737.74147 730.84831 722.55237 714.25644 704.80224 692.67588 680.54952 668.42316 662.67176 659.78485 654.80578 644.2192 633.63263 632.96775 633.48207 633.99639 639.18597 653.38797 667.58996 681.79195 692.12711 701.43041 708.01984 710.7267 713.43355 716.14041 717.68492 719.12754 720.54631 721.94792 724.23721 728.75971 733.28221 737.80471 733.38737 727.42499 721.4626 716.09335 711.36395 706.80251 702.82285 698.84319 694.86353 703.49027 714.29931
-9999 695.65823 698.89089 702.40389 706.77173 711.13957 715.50741 720.37043 725.80495 730.03567 725.07251 720.10935 715.14619 714.55644 722.7247 730.89295 739.0612 737.14786 728.85193 719.39773 707.27137 695.14501 692.18821 689.3013 686.41438 681.43531 670.84874 660.26217 649.6756 645.89407 646.40839 651.59797 665.79996 679.65848 688.96178 698.26508 707.56838 714.15781 716.86467 719.3459 720.78853 722.23116 723.67379 725.09255 726.49416 727.89577 729.44435 733.96685 738.48935 734.07201 728.10963 723.00625 718.27684 713.54744 708.986 705.00634 702.03331 712.84235 723.65139 734.46044
-9999 701.07485 704.95584 709.32368 713.69152 718.05936 722.4272 727.29022 728.15031 723.18715 718.22399 713.26083 708.29767 707.70792 715.87617 724.04443 732.21268 740.38094 743.44742 733.99322 724.59157 721.70466 718.81775 715.93083 713.04392 708.06485 697.47828 686.89171 676.30513 665.71856 658.82039 664.00997 676.49314 685.79645 695.09975 704.40305 713.70635 720.29578 722.44952 723.89215 725.33477 726.7774 728.22003 729.63879 731.0404 732.44201 733.84362 735.24523 739.17398 734.75665 729.91914 725.18974 720.46034 715.73094 711.16949 711.38539 722.19444 733.00348 743.81252 754.62157
-9999 708.67311 713.04096 717.4088 721.77664 726.14448 730.51232 731.13248 726.16932 721.20616 716.243 711.27984 706.31668 702.16093 710.32919 718.49744 726.66569 734.83395 743.0022 747.82754 744.94063 742.05372 739.1668 736.27989 733.39298 733.24896 722.75384 712.16726 701.58069 690.99412 680.40755 676.6147 685.918 695.2213 704.52461 713.82791 723.13121 724.24352 725.68614 727.12877 728.5714 730.01403 731.45665 733.86042 735.26202 736.66363 738.06524 739.46685 740.86846 739.29652 734.56712 729.83772 725.10832 720.37892 717.2268 727.54799 738.35703 749.16608 759.97512 770.78416
-9999 720.73836 725.1062 729.47404 733.84188 738.1799 742.30798 743.21134 740.39296 735.85003 730.88687 725.92371 720.96055 716.43208 712.77411 717.39578 725.56404 733.73229 741.90055 746.72588 743.83897 740.95206 738.06515 735.17823 743.78961 749.06954 742.17259 732.81837 722.23179 711.64522 701.05865 697.2658 706.56911 715.87241 725.17571 734.33184 735.04852 732.66084 725.83195 725.89244 727.33507 728.7777 730.22032 733.63955 738.37492 739.77653 741.17814 742.57975 743.98136 746.98428 747.63246 742.90306 738.17366 733.44426 730.29214 732.60355 740.86281 751.67185 762.48089 773.28994
-9999 732.8036 737.17144 741.53928 745.79252 749.9206 754.04869 754.95205 752.13366 749.31528 745.53074 740.56758 735.60442 731.07595 727.41798 723.76001 724.46238 732.63064 740.79889 745.62423 742.73731 739.8504 739.96394 749.78707 759.6102 764.89013 757.99318 751.09622 742.88289 732.29632 721.70975 717.91691 727.22021 736.52351 743.02451 743.74118 744.45786 742.07018 735.24129 728.4124 726.09874 727.54137 728.984 732.40322 737.2434 742.08357 744.29104 745.69265 747.09426 750.09717 753.37684 755.96841 751.239 746.5096 743.35749 745.66889 747.98029 754.17762 764.98667 775.79571
-9999 744.86884 749.23668 753.40514 757.53323 761.66131 765.78939 766.69275 763.87437 761.05599 758.2376 755.21145 750.24829 745.71982 742.06185 738.40388 734.74591 731.52898 739.69723 744.52257 741.63566 745.9614 755.78453 765.60766 775.43079 780.71072 773.81377 766.91681 760.01986 752.94742 742.36085 738.56801 747.87131 751.71717 752.43385 753.15053 753.8672 751.47953 744.65063 737.82174 730.99285 726.30504 727.74767 731.16689 736.00707 740.84724 745.68742 748.80555 750.20716 753.21007 756.48974 759.76941 763.04907 759.57495 756.42283 758.73423 761.04563 763.35703 767.49244 778.30148
-9999 756.88968 761.01777 765.14585 769.27393 773.40201 777.5301 778.43346 775.61507 772.79669 769.97831 767.15993 764.34154 760.36369 756.70572 753.04775 749.38978 745.73181 742.07383 743.42091 751.95885 761.78198 771.60511 781.42824 791.25137 796.53131 789.63436 782.7374 775.84045 768.94349 762.04654 759.21911 760.40984 761.12652 761.84319 762.55987 763.27655 760.88887 754.05998 747.23109 740.40219 733.5733 726.74441 729.93056 734.77074 739.61091 744.45109 749.29126 753.32005 756.32297 759.60264 762.88231 766.16197 769.44164 769.48817 771.79957 774.11098 776.42238 778.73378 781.04518
-9999 760.28169 764.40977 768.53785 772.66594 776.79402 780.74194 777.80292 771.26307 768.44468 765.6263 762.80792 759.98954 757.57302 755.13225 751.47428 747.8163 744.15833 740.50036 740.91887 750.742 760.56513 770.38826 780.21139 788.64887 792.38809 793.77815 786.8812 779.98424 773.08729 766.19033 761.89395 762.61062 763.3273 764.04397 764.76065 764.54401 767.69734 769.41004 762.58115 755.75225 748.92336 742.09447 738.12549 740.94146 745.78163 750.62181 755.46198 760.30216 748.90888 751.95424 755.2339 758.51357 761.79324 766.81058 774.72369 777.03509 779.3465 781.6579 783.9693
-9999 760.04325 764.17134 768.29942 772.4275 776.21913 779.90521 776.96619 766.38094 757.09475 754.27636 751.45798 748.6396 746.22308 744.61132 742.84868 739.19071 735.53273 731.87476 732.29327 742.1164 751.93953 761.76266 767.89978 770.78172 774.52093 780.55788 785.94733 779.05037 772.15342 765.25646 760.96008 761.67675 762.39343 763.1101 762.00234 759.83713 762.99046 773.7527 780.51453 773.68564 766.85675 760.02785 756.05887 754.14584 755.17332 760.01349 764.85367 769.69384 758.30056 744.1017 742.90594 746.18561 749.46528 754.48262 765.51908 775.54929 777.86069 780.17209 782.4835
-9999 759.80482 763.9329 768.01025 771.69633 775.3824 779.06848 776.12946 765.54421 754.95897 744.37372 740.10804 737.28966 734.87314 733.26138 731.64962 730.03785 726.90713 723.24916 723.66767 733.4908 743.31393 747.15069 750.03262 752.91456 756.65378 762.69072 768.72767 774.76461 771.21955 764.32259 760.02621 760.74288 761.45956 759.46067 757.29546 755.13026 758.28358 769.04582 779.80806 790.5703 784.79013 777.96124 773.99226 772.07923 770.1662 769.40517 774.24535 779.08552 767.69224 753.49338 739.29452 733.85765 737.13732 742.15466 753.19111 764.22757 775.26402 778.68629 780.99769
-9999 759.56638 763.48744 767.17352 770.8596 774.54568 778.23175 775.29273 764.70748 754.12224 743.53699 732.95175 725.93972 723.52321 721.91144 720.29968 718.68792 717.07615 714.62356 715.04207 723.51966 726.40159 729.28353 732.16547 735.04741 738.78663 744.82357 750.86051 756.89746 762.9344 763.38872 759.09234 759.0842 756.91899 754.75379 752.58858 750.42338 753.5767 764.33894 775.10118 785.86342 796.62566 795.89463 791.92565 790.01261 788.09958 786.18655 784.27352 788.4772 777.08392 762.88506 748.6862 734.48734 724.80935 729.8267 740.86315 751.89961 762.93606 773.97251 779.51189
-9999 758.93395 762.62003 766.30611 769.99219 773.67827 777.36435 775.06394 764.47869 753.89344 743.3082 732.72295 722.13771 713.66003 712.04827 710.4365 708.82474 707.21298 705.60122 705.34828 708.23022 711.11216 713.99409 716.87603 719.75797 721.63384 727.67078 733.70773 739.74467 745.78161 751.81856 755.05391 752.88871 750.7235 748.5583 746.39309 744.22789 749.79669 760.55893 771.32117 782.08341 792.84565 803.60788 806.98603 805.073 803.15997 801.24694 799.33391 797.42088 785.03245 770.83359 756.63473 742.43587 728.237 723.76841 734.80487 745.84132 756.87777 767.91422 778.95068
-9999 757.91398 761.60006 765.28614 768.97222 772.78346 779.28793 777.85892 767.27367 756.68843 746.10318 735.51794 725.83681 717.24867 710.67725 707.96826 706.3565 704.74474 703.13297 702.88004 705.76198 708.64392 711.52585 714.40779 717.45135 718.96875 716.3044 720.10811 726.14506 732.182 738.21894 741.4543 739.2891 737.12389 734.95869 732.79348 740.98629 750.6268 761.38904 772.15127 782.91351 793.38414 800.68476 804.64692 805.8435 803.93047 802.01744 800.10441 798.19138 785.80295 771.60409 757.40523 743.20636 742.23115 748.89458 759.93103 770.96749 782.00394 792.32729 787.88215
-9999 756.89401 760.58009 764.26617 769.07399 775.57845 782.08291 780.65391 770.06866 759.48341 749.16234 739.56711 729.97189 721.38374 714.81233 708.24091 703.88826 702.2765 700.66473 700.4118 703.29374 706.17567 709.08841 712.16602 715.24362 716.76102 714.09667 711.43232 712.54544 718.58239 724.61933 727.85469 725.68948 723.52428 724.10353 732.95996 741.8164 751.4569 762.21914 772.98138 782.45843 789.75905 797.05966 801.02183 802.58402 804.14621 802.78794 800.87491 798.96188 786.57345 772.37459 758.17572 761.95635 767.35732 774.02075 785.0572 796.09366 802.66044 798.2153 793.77016
-9999 755.87404 759.56012 765.36451 771.86897 778.37343 784.8779 783.44889 772.86365 762.89264 753.29742 743.70219 734.10697 725.51882 718.94741 712.37599 705.80458 699.80825 698.19649 697.94356 700.82549 703.80308 706.88068 709.95829 713.03589 714.55329 711.88894 709.22459 706.56024 704.98277 711.01972 714.25507 712.08987 716.07721 724.93364 733.79007 742.6465 752.28701 763.04925 771.53271 778.83333 786.13395 793.43457 797.39674 798.95893 800.52112 802.08331 801.6454 799.73237 787.34395 776.28058 781.68155 787.08252 792.48349 799.14692 810.18337 812.99359 808.54845 804.10331 799.65818
-9999 755.15057 761.65503 768.1595 774.66396 781.16842 787.67288 786.24388 776.62294 767.02772 757.43249 747.83727 738.24204 729.6539 723.08248 716.51107 709.93965 703.36824 696.79682 695.47531 698.51774 701.59535 704.67295 707.75056 710.82816 712.34556 709.68121 707.01686 704.35251 701.68816 699.02381 700.65546 708.05088 716.90731 725.76375 734.62018 743.47661 753.11712 760.607 767.90762 775.20824 782.50886 789.80948 793.77165 795.33384 796.89603 798.45822 800.02041 800.50287 796.00578 801.40675 806.80772 812.20869 817.60966 824.27309 823.32675 818.88161 814.43647 809.99133 805.54619
-9999 758.73931 765.24377 771.74823 778.2527 784.75716 791.12852 796.63262 793.06269 783.46747 773.87224 764.27702 754.6818 745.67062 738.41903 731.84761 725.2762 718.70478 712.13337 708.47967 711.55727 714.63488 717.71248 720.79009 723.12061 722.63178 723.98093 721.31658 718.65223 715.98788 713.32353 714.59431 723.45074 732.30717 741.1636 750.02003 757.00335 765.48904 777.39197 784.69259 791.99321 799.29383 806.59445 807.38431 807.61956 809.18175 810.74395 812.30614 813.86833 823.08476 828.48573 833.8867 839.28766 844.68863 844.00335 829.39661 824.95147 820.50633 816.0612 811.61606
-9999 762.7787 769.28316 775.78763 782.29209 788.51613 794.63731 800.1414 804.93331 806.89323 797.29801 787.70279 778.10756 769.09638 761.25479 753.54382 746.97241 740.40099 733.82958 730.17588 733.25349 736.33109 739.40869 739.81294 737.56443 737.0756 741.30315 744.98846 742.32411 739.65976 736.99541 738.26618 747.12262 755.97905 764.83548 769.42718 771.22815 779.71384 797.76297 813.06542 820.36604 827.66666 834.96728 835.75714 831.8665 830.50089 832.06309 833.62528 835.18747 844.63087 855.43636 862.07438 867.47535 872.87632 872.19104 850.42371 831.12459 826.67945 822.23431 817.78917
-9999 766.81809 773.32255 779.78257 785.90374 792.02492 798.14609 803.65019 808.44209 813.23399 818.0259 811.12855 801.53333 792.52215 784.68056 776.83897 768.99738 762.0972 755.52579 751.87209 754.9497 758.0273 756.50527 754.25676 752.00825 751.51942 755.74697 759.97451 764.20206 763.33164 760.66729 761.93806 770.79449 779.65093 781.85102 783.65199 785.45295 793.93864 811.98778 830.03691 848.08605 856.0395 863.34012 864.12998 860.23934 856.34869 853.38223 854.94442 856.50661 865.95001 876.7555 887.56099 895.66304 901.06401 900.37872 878.6114 856.84407 835.07675 828.40742 823.96228
-9999 770.85748 777.17018 783.29135 789.41253 795.5337 801.65488 807.15897 811.95088 816.74278 821.53468 826.32659 824.95909 815.94792 808.10633 800.26474 792.42314 784.58155 777.222 773.5683 775.4461 773.1976 770.94909 768.70058 766.45207 765.96324 770.19079 774.41833 778.64588 782.87343 784.33917 785.60994 792.47389 794.27486 796.07582 797.87679 799.67775 808.16344 826.21258 844.26171 862.31085 880.35998 891.71295 892.50281 888.61217 884.72153 880.83089 876.94024 877.82575 887.26915 898.07464 908.88013 919.68562 929.2517 928.56641 906.79909 885.03176 863.26444 841.49711 830.13539
-9999 774.00196 780.12314 786.24431 792.36549 798.48666 804.60784 808.03113 812.82303 817.61493 822.40684 827.19874 831.99064 835.89671 828.05512 820.21353 812.37194 804.53035 796.68876 790.53843 788.28992 786.04141 783.7929 781.5444 779.29589 780.59731 784.81107 789.03862 793.26617 797.49371 801.72126 805.11997 806.92093 808.7219 810.52286 812.32383 814.12479 819.47181 837.52095 855.57009 873.61922 891.66836 909.71749 912.44768 908.55704 904.6664 900.77575 896.88511 892.99447 896.93861 907.7441 918.54959 929.35509 940.16058 949.60729 928.94159 907.17426 885.40694 863.63961 841.87229
-9999 774.85093 780.97211 787.09328 793.21446 798.89352 801.80813 803.74374 804.54946 808.50654 813.29845 818.09035 822.88225 827.35449 831.18657 827.00079 819.1592 811.31761 803.47602 797.32569 795.07718 792.82868 790.58017 788.33166 793.35278 798.16833 800.69103 804.3269 808.55444 812.78199 817.00954 820.40824 822.20921 824.01017 825.81114 827.29088 818.453 820.43474 837.89551 855.83878 873.88791 891.93705 909.98618 909.77264 896.59917 892.70853 888.81789 884.92725 881.0366 874.60089 873.31557 884.12106 894.92655 905.73204 915.17875 919.91881 906.43367 884.66635 862.89902 841.1317
-9999 775.69991 781.82108 787.94226 792.38884 795.30345 798.21806 800.15367 800.95939 801.76511 804.19006 808.98196 813.77386 818.2461 822.07818 825.91026 825.94646 818.10487 810.26328 804.11296 801.86445 799.61594 799.58176 805.25278 810.92379 815.73935 818.26205 820.78475 823.84272 828.07026 832.29781 835.69652 837.49748 839.29845 837.17191 828.33403 819.49615 821.4779 838.93866 856.39942 874.1566 892.20574 910.25487 910.04134 896.699 883.35666 876.86002 872.96938 869.07874 862.64302 855.76745 849.69252 860.49801 871.3035 880.75021 885.49027 890.23033 883.92575 862.15843 840.3911
-9999 776.54888 782.67005 785.88416 788.79877 791.71338 794.62799 796.5636 797.36932 798.17504 798.98076 799.87357 804.66547 809.13771 812.96979 816.80187 820.63396 824.46604 817.05054 810.90022 808.65171 811.48176 817.15278 822.82379 828.49481 833.31037 835.83307 838.35577 840.87847 843.40117 847.58609 850.98479 852.78576 847.05295 838.21507 829.37718 820.5393 822.52105 839.98181 857.44257 874.90334 892.47443 910.52356 910.31003 896.96769 883.62535 870.28301 861.01151 857.12087 850.68516 843.80958 836.93401 830.05843 836.87496 846.32167 851.06173 855.80179 860.54185 861.41784 839.65051
-9999 776.46486 779.37947 782.29409 785.2087 788.12331 791.03792 792.97354 793.77925 794.58497 795.39069 796.19641 797.00213 800.02932 803.8614 807.69348 811.52557 815.35765 819.18973 817.71074 823.38176 829.05278 834.7238 840.39481 846.06583 850.88138 853.40408 855.92678 858.44948 860.97219 863.49489 865.77187 856.93398 848.0961 839.25822 830.42033 821.58245 823.5642 841.02496 858.48572 875.94649 893.40725 910.86801 910.57872 897.23638 883.89404 870.55171 857.20937 845.16301 838.72729 831.85171 824.97614 818.10056 811.22499 811.89314 816.6332 821.37326 826.11332 830.85338 835.59344
-9999 786.6317 789.54631 792.46092 795.37554 798.29015 793.1122 787.65921 788.77952 789.58524 790.39096 791.19667 792.00239 793.2798 795.89806 799.73015 803.56223 807.39431 811.22639 815.61454 821.28556 826.95657 832.62759 838.29861 843.30654 846.11486 846.69933 849.22203 851.74473 854.26743 856.79013 855.43243 846.59455 837.75667 828.91878 820.0809 814.6393 814.48157 822.14971 839.61048 857.07124 874.532 891.99276 898.85159 891.18018 877.83784 864.4955 851.15317 837.81083 837.16413 831.65157 824.77599 817.90042 811.02484 806.02147 808.186 812.92606 817.66612 822.40618 827.14624
