P1_models/J1_p1_tot_conduct_slide_123.44.dat.tif
NCOLS 118
NROWS 92
XLLCORNER 139.62
YLLCORNER -39.07
DX 0.099491525
DY 0.099347826
NODATA_VALUE -9999
[rows 52 to 77 of 92, columns 0 to 57 of 118]
-2.9925054 -2.9417238 -2.8870035 -2.8254908 -2.7591631 -2.7101433 -2.6802959 -2.6633551 -2.6633551 -2.6676812 -2.6826049 -2.7073926 -2.7621129 -2.8201468 -2.8848163 -2.9645959 -3.0790111 -3.1765828 -3.2462268 -3.3108032 -3.360549 -3.4441679 -3.6033543 -3.7232696 -3.7431679 -3.7633551 -3.7633551 -3.7628981 -3.7429998 -3.7093799 -3.6046519 -3.4917648 -3.3325784 -3.1660963 -2.9304585 -2.7060807 -2.4971485 -2.2977494 -2.0935299 -1.9191581 -1.772539 -1.6648437 -1.5951996 -1.5556304 -1.5556304 -1.5845707 -1.6474075 -1.7279409 -1.8305371 -1.9438645 -2.0636841 -2.1916056 -2.3187763 -2.4514317 -2.5813499 -2.701787 -2.8217803 -2.9317446
-3.0291676 -2.9793353 -2.9246149 -2.8631022 -2.7967745 -2.7477547 -2.7179073 -2.7019158 -2.7019158 -2.7107081 -2.7327535 -2.7613382 -2.8180601 -2.8794118 -2.9440813 -3.026416 -3.1445446 -3.241854 -3.3039696 -3.363084 -3.4013846 -3.4831049 -3.6440386 -3.7619158 -3.7661471 -3.7738801 -3.7540421 -3.7371311 -3.6810668 -3.6266948 -3.4819318 -3.339912 -3.140904 -2.9563857 -2.7115849 -2.4729955 -2.2608414 -2.0689284 -1.8868637 -1.7404409 -1.6234357 -1.5606692 -1.5218921 -1.5384608 -1.5725543 -1.6605338 -1.7467721 -1.8814643 -1.9994654 -2.1443762 -2.2743224 -2.3999959 -2.529664 -2.636641 -2.7560016 -2.8391226 -2.9414554 -3.0183587
-3.0566789 -3.0123108 -2.9575905 -2.8960777 -2.8297501 -2.7823607 -2.7525133 -2.7381522 -2.7381522 -2.7583576 -2.7832305 -2.8200567 -2.8797517 -2.9525164 -3.0171859 -3.0641901 -3.1830409 -3.2775494 -3.3369429 -3.3861081 -3.4206778 -3.493288 -3.657449 -3.7038148 -3.703587 -3.6995319 -3.6752165 -3.6750597 -3.6192891 -3.5248169 -3.3661518 -3.1847625 -2.9708557 -2.7428082 -2.4862248 -2.257418 -2.0435112 -1.8633442 -1.6957795 -1.5888172 -1.4997985 -1.4849899 -1.4800153 -1.5448262 -1.6233722 -1.7534143 -1.8843242 -2.0433461 -2.200438 -2.3514347 -2.5032902 -2.6174144 -2.7405656 -2.8311162 -2.9173009 -2.9860367 -3.008772 -3.0716087
-3.0695843 -3.0268886 -2.9771428 -2.9169733 -2.8553833 -2.8088535 -2.779006 -2.7652138 -2.7699515 -2.7923698 -2.8520647 -2.899535 -2.9740374 -3.0519696 -3.1365374 -3.1900307 -3.1999799 -3.2576798 -3.2974764 -3.3397458 -3.3646187 -3.4336793 -3.3965319 -3.3594091 -3.3544345 -3.3485029 -3.3335792 -3.3372771 -3.4069211 -3.3658604 -3.1825865 -2.9924839 -2.7636534 -2.5308662 -2.2795079 -2.0544343 -1.8654004 -1.6958563 -1.5754192 -1.4891799 -1.4682343 -1.4782143 -1.5478584 -1.6360887 -1.7823287 -1.9312582 -2.1095126 -2.2803422 -2.4587423 -2.6069047 -2.7549713 -2.8426386 -2.9392612 -2.989007 -3.0497647 -3.0707103 -3.0745567 -2.985538
-3.0890916 -3.0498886 -3.0057693 -2.9532197 -2.8916297 -2.8450999 -2.817464 -2.8041377 -2.8061979 -2.8303626 -2.8916673 -2.9597521 -3.0328117 -3.1074261 -3.1904858 -3.2443841 -3.2477915 -3.2670711 -3.3054613 -3.3372748 -3.3594364 -3.3554661 -3.3057203 -3.2685975 -3.262369 -3.247013 -3.2215139 -3.2287046 -3.2856741 -3.2507952 -3.0575184 -2.8345491 -2.6026175 -2.3596737 -2.1138715 -1.8978836 -1.7244404 -1.5870519 -1.4915577 -1.4497379 -1.4616762 -1.5199969 -1.6259929 -1.7979294 -1.9628527 -2.1341061 -2.3355419 -2.5250378 -2.7001013 -2.8505786 -2.9651519 -3.0504284 -3.084312 -3.1299436 -3.143214 -3.1551557 -3.1164046 -3.0150724
-3.1117506 -3.0853051 -3.0455085 -2.9929588 -2.9313688 -2.8886992 -2.8638263 -2.8505 -2.8505 -2.8718602 -2.9365297 -3.0029068 -3.0725508 -3.1425085 -3.2221017 -3.273 -3.273 -3.2823856 -3.3172076 -3.3445127 -3.3594364 -3.3554661 -3.3057203 -3.2642924 -3.2542458 -3.2361864 -3.2060424 -3.1748941 -3.1878263 -3.1397895 -2.9193082 -2.6944407 -2.455661 -2.2179224 -1.9822846 -1.8025763 -1.653339 -1.5561481 -1.4933113 -1.4995169 -1.5414081 -1.6515127 -1.7858263 -1.9637627 -2.1627458 -2.3687672 -2.578223 -2.7492351 -2.9220361 -3.02776 -3.1377244 -3.1631253 -3.1927655 -3.1959218 -3.1951155 -3.1777716 -3.1214996 -2.995826
-3.1381232 -3.1147216 -3.0848741 -3.0335936 -2.9767413 -2.9350615 -2.9101886 -2.8968623 -2.8968623 -2.917964 -2.9776589 -3.0426459 -3.1074846 -3.1754676 -3.2500863 -3.2992809 -3.2893317 -3.2955769 -3.3254243 -3.3511317 -3.3610808 -3.3554661 -3.3011692 -3.2576692 -3.2427455 -3.2229401 -3.1831435 -3.1484013 -3.1135793 -3.0470648 -2.811427 -2.5820456 -2.3482405 -2.1119514 -1.9017868 -1.7345009 -1.6250602 -1.5434761 -1.5382397 -1.5649008 -1.6643923 -1.7903575 -1.9694423 -2.1553975 -2.3746878 -2.5807092 -2.790165 -2.9437333 -3.0876158 -3.1666569 -3.2436954 -3.2450335 -3.2523742 -3.230265 -3.2149851 -3.1730939 -3.1076698 -2.9610507
-3.102029 -3.0961053 -3.0733958 -3.0277457 -2.9776628 -2.9458129 -2.9233263 -2.91 -2.91 -2.9152754 -2.9480792 -3.0094818 -3.0655798 -3.1004018 -3.1503037 -3.2201045 -3.2541216 -3.2519479 -3.2722214 -3.2945477 -3.3012547 -3.2923098 -3.2234974 -3.1385355 -3.1269556 -3.1066251 -3.0702232 -3.0278249 -2.9826662 -2.9092258 -2.7044632 -2.4796463 -2.2641246 -2.0383875 -1.8443922 -1.7211428 -1.6328935 -1.5814042 -1.5943122 -1.6626351 -1.7790807 -1.9374705 -2.1237611 -2.3266077 -2.5465363 -2.7101581 -2.9024332 -3.0080977 -3.1351912 -3.1731127 -3.2336965 -3.1801349 -3.1741544 -3.1474824 -3.1174224 -3.0648113 -2.9998782 -2.8718623
-3.060275 -3.058185 -3.0482358 -3.0218963 -2.979257 -2.9487767 -2.9288784 -2.919587 -2.919587 -2.9248624 -2.9397861 -2.9588012 -2.9936232 -3.0257062 -3.0605282 -3.0992712 -3.1589661 -3.2046653 -3.219589 -3.2315042 -3.2364788 -3.206572 -3.0921568 -3.0058254 -2.9958762 -2.9778169 -2.942977 -2.9042524 -2.8545066 -2.7671533 -2.5786431 -2.3848565 -2.1808989 -1.9962132 -1.8338849 -1.7174834 -1.6478394 -1.6266216 -1.65804 -1.7528452 -1.8942279 -2.0738183 -2.2728014 -2.4771222 -2.6970508 -2.8606726 -2.9958177 -3.074105 -3.1444249 -3.1692286 -3.1880328 -3.1293798 -3.0649732 -3.0373367 -2.9961398 -2.9385395 -2.8532478 -2.7380471
-3.0801445 -3.0799638 -3.0799638 -3.0557773 -3.0178758 -2.9888688 -2.973945 -2.9659493 -2.9659493 -2.9712247 -2.9766968 -2.9919172 -3.0173893 -3.0455757 -3.0757736 -3.1120448 -3.1617906 -3.2046653 -3.219589 -3.2315042 -3.2364788 -3.206572 -3.0877361 -2.9992022 -2.989253 -2.9711937 -2.9313971 -2.891006 -2.8327239 -2.7406606 -2.5521503 -2.3583637 -2.173072 -1.9962132 -1.858706 -1.7510504 -1.7062792 -1.693736 -1.7565727 -1.8606759 -2.0177678 -2.1987213 -2.3927297 -2.5896323 -2.7897754 -2.9413017 -3.0355569 -3.1039205 -3.1510481 -3.1709368 -3.1814096 -3.116896 -3.0451037 -2.9989487 -2.9431543 -2.8547385 -2.7539 -2.6143242
-3.0923466 -3.1127334 -3.1176957 -3.0955165 -3.0576149 -3.0329753 -3.0203074 -3.0123116 -3.0123116 -3.0105531 -3.0098128 -3.0216178 -3.0451926 -3.0650909 -3.08902 -3.1236853 -3.170421 -3.2077261 -3.219589 -3.2315042 -3.2364788 -3.2051186 -3.0857288 -2.9957924 -2.9826298 -2.9645705 -2.9247739 -2.8810747 -2.8246949 -2.7365789 -2.5579691 -2.3760766 -2.2007677 -2.0325841 -1.9027874 -1.8235747 -1.7863589 -1.7858592 -1.8486959 -1.9561937 -2.1112967 -2.2814083 -2.4704036 -2.6490279 -2.8385936 -2.9495972 -3.0383685 -3.0927039 -3.1392075 -3.1416874 -3.1517067 -3.0693307 -2.9955187 -2.9136516 -2.8414344 -2.7230791 -2.6123654 -2.4680126
-3.1039873 -3.1301247 -3.1450485 -3.1302991 -3.0923976 -3.0789101 -3.0689609 -3.0636304 -3.0636304 -3.061872 -3.0568974 -3.0790479 -3.0989462 -3.1176054 -3.1375037 -3.149323 -3.1940941 -3.2279797 -3.2379289 -3.2476129 -3.2525875 -3.2199882 -3.1005984 -3.0242924 -3.0093686 -2.9802517 -2.940455 -2.8967559 -2.8420356 -2.7390572 -2.5662561 -2.3984245 -2.2292889 -2.08422 -1.9690193 -1.8922848 -1.8624374 -1.8707215 -1.9335582 -2.0398169 -2.1916724 -2.3497343 -2.5288191 -2.67518 -2.8427447 -2.943445 -3.0115181 -3.0596314 -3.0996526 -3.0982744 -3.0911574 -3.0063224 -2.9371491 -2.8487122 -2.7396083 -2.6086984 -2.4678944 -2.3212753
-3.1106105 -3.1375721 -3.1574704 -3.1492579 -3.1539956 -3.1519877 -3.1470131 -3.1421485 -3.1374108 -3.134727 -3.198683 -3.2512508 -3.2666046 -3.2831851 -3.3075771 -3.3163906 -3.2915177 -3.307458 -3.3217991 -3.3337144 -3.3343478 -3.2994665 -3.2272698 -3.1766257 -3.1532231 -3.1188884 -3.0591934 -3.0093501 -2.8925636 -2.7523036 -2.592746 -2.4315404 -2.2850851 -2.1504519 -2.0449187 -1.9717631 -1.9419156 -1.9501831 -2.0077835 -2.1087564 -2.2187208 -2.3615316 -2.4908705 -2.6089379 -2.7235273 -2.8242276 -2.8923007 -2.9329969 -2.9539425 -2.9479101 -2.9322009 -2.8921639 -2.8841636 -2.7635675 -2.6270141 -2.4790171 -2.3288075 -2.1774438
-3.122371 -3.155304 -3.1752023 -3.1862289 -3.1949578 -3.2000674 -3.1950928 -3.1902282 -3.1854905 -3.2088047 -3.2811758 -3.3320359 -3.3446242 -3.3529124 -3.3721278 -3.3777295 -3.3470975 -3.3331102 -3.3451035 -3.3555145 -3.3555145 -3.3366204 -3.2719509 -3.2185018 -3.1936289 -3.1606458 -3.1040847 -3.0300805 -2.9102955 -2.779246 -2.634833 -2.4872206 -2.3513169 -2.2201539 -2.116883 -2.0467558 -2.0169084 -2.0144209 -2.0626965 -2.1281782 -2.2251338 -2.3318432 -2.4534792 -2.559361 -2.6635689 -2.7348222 -2.7999964 -2.8241579 -2.8441164 -2.8204143 -2.8046429 -2.7629248 -2.7532719 -2.6150892 -2.4773628 -2.3354446 -2.1951101 -2.0631322
-3.1372981 -3.1751735 -3.1950718 -3.2116433 -3.2258564 -3.2309659 -3.2259913 -3.2211267 -3.216389 -3.2408119 -3.3154305 -3.3661424 -3.371117 -3.3749703 -3.3898941 -3.3876498 -3.3528277 -3.3308928 -3.3408419 -3.3477826 -3.3477826 -3.3288885 -3.264219 -3.2118786 -3.1870057 -3.1551314 -3.100411 -3.0322979 -2.9178826 -2.8024416 -2.6662953 -2.5358003 -2.4064613 -2.2870122 -2.1875206 -2.1162848 -2.0864374 -2.0784064 -2.1150611 -2.1645623 -2.2378718 -2.321865 -2.4263311 -2.5162668 -2.6052856 -2.6674527 -2.7198166 -2.7380274 -2.7485002 -2.7210375 -2.6896191 -2.640062 -2.5904605 -2.455053 -2.3250874 -2.1889411 -2.0671391 -1.9519384
-3.1505445 -3.1902731 -3.2149414 -3.2315128 -3.2457259 -3.2508355 -3.2458609 -3.2409963 -3.2362586 -3.2613312 -3.3409245 -3.3926352 -3.3887816 -3.3871205 -3.3920951 -3.3871525 -3.3473559 -3.3238232 -3.3287978 -3.3345362 -3.3345362 -3.3156422 -3.2551325 -3.2052554 -3.1803825 -3.1487512 -3.0990054 -3.0326822 -2.9282161 -2.8165164 -2.7013157 -2.5773108 -2.4628955 -2.3466209 -2.256536 -2.1861736 -2.1414024 -2.1261637 -2.1366365 -2.1768397 -2.2246254 -2.295765 -2.3667224 -2.4469697 -2.5125609 -2.5699071 -2.6138456 -2.6262899 -2.6292828 -2.595108 -2.5571554 -2.4961116 -2.4381271 -2.3165264 -2.1930742 -2.0935827 -1.9847977 -1.9062518
-3.1226783 -3.1643238 -3.1869052 -3.2034766 -3.1934426 -3.1661833 -3.1628986 -3.1606992 -3.1559615 -3.1810341 -3.2595392 -3.3068359 -3.3018613 -3.3002003 -3.303202 -3.3191045 -3.3342907 -3.3084899 -3.3134644 -3.3169348 -3.3161009 -3.295139 -3.233878 -3.1768569 -3.1527162 -3.1260594 -3.079317 -3.0152619 -2.9196228 -2.8646034 -2.7494026 -2.6344702 -2.520055 -2.4140547 -2.3210564 -2.2416084 -2.1954101 -2.1704391 -2.1739287 -2.1923542 -2.2217331 -2.2650984 -2.3210951 -2.3621102 -2.4197122 -2.4684723 -2.4885889 -2.4898333 -2.4826665 -2.4454051 -2.4035139 -2.3418725 -2.2640184 -2.1430116 -2.0649655 -1.9708257 -1.9030514 -1.8381159
-3.0879758 -3.1228257 -3.142724 -3.1232543 -3.0758774 -3.05 -3.05 -3.0487789 -3.0440412 -3.0663771 -3.1409958 -3.1882924 -3.1833178 -3.177365 -3.1723904 -3.1873147 -3.2470096 -3.287642 -3.2926166 -3.2945827 -3.2896081 -3.2657395 -3.1960954 -3.1404768 -3.1205785 -3.0958782 -3.051107 -3.0099158 -2.9750938 -2.9230092 -2.8078084 -2.6958108 -2.5813955 -2.4701901 -2.3654622 -2.2839167 -2.234171 -2.1976479 -2.1871751 -2.1806706 -2.185907 -2.2076898 -2.2474864 -2.2845885 -2.3264797 -2.34178 -2.3470164 -2.3402769 -2.3298041 -2.293521 -2.2516299 -2.1781106 -2.1003378 -2.0308667 -1.9659233 -1.9030865 -1.8583079 -1.8373623
-3.094599 -3.1294489 -3.1493472 -3.1298775 -3.0825006 -3.0552413 -3.0502667 -3.05 -3.05 -3.0722201 -3.1418642 -3.1882924 -3.1833178 -3.1766864 -3.1667373 -3.1800638 -3.2347841 -3.273242 -3.2682674 -3.26809 -3.2631154 -3.2392467 -3.1736321 -3.1201829 -3.0953101 -3.0701323 -3.0353103 -2.996992 -2.9671446 -2.9173986 -2.817907 -2.7112198 -2.6117283 -2.5033061 -2.4031511 -2.3225367 -2.2678163 -2.2272356 -2.2010536 -2.1873215 -2.1726606 -2.1865768 -2.2077472 -2.2365769 -2.2602478 -2.2704663 -2.2675382 -2.2607987 -2.2503259 -2.2175293 -2.1787748 -2.1171334 -2.0473522 -1.9920792 -1.9337813 -1.8971266 -1.8616459 -1.8668822
-3.0989144 -3.1318475 -3.1517458 -3.132276 -3.0848991 -3.0576398 -3.0526653 -3.0478006 -3.0454736 -3.0718507 -3.1442627 -3.1882924 -3.1821092 -3.17216 -3.1622109 -3.169927 -3.2188064 -3.2533106 -3.2453647 -3.2388859 -3.2308892 -3.2084739 -3.1447588 -3.0962842 -3.0745352 -3.0469589 -3.0121369 -2.9812174 -2.9578211 -2.914421 -2.8245613 -2.7301672 -2.6391574 -2.5396659 -2.4416722 -2.3640864 -2.309366 -2.2620781 -2.231152 -2.2023429 -2.1809359 -2.1804162 -2.1971516 -2.2115664 -2.2295519 -2.2293824 -2.2231388 -2.2099185 -2.1989113 -2.1705794 -2.1339863 -2.0862229 -2.0240047 -1.9774172 -1.9310072 -1.9077658 -1.8875695 -1.898567
-3.079226 -3.1121591 -3.1320574 -3.1110731 -3.0636962 -3.02735 -3.0223754 -3.0190253 -3.0142876 -3.0376018 -3.1122204 -3.1426645 -3.1327153 -3.1227662 -3.112817 -3.1038737 -3.1486449 -3.1763101 -3.166361 -3.1579263 -3.1479772 -3.1250086 -3.0653137 -3.0213826 -3.0014843 -2.9859667 -2.9517958 -2.9208763 -2.900978 -2.8725995 -2.7888172 -2.7168825 -2.6323147 -2.5551385 -2.4608834 -2.3863265 -2.3316062 -2.2888617 -2.252207 -2.2212083 -2.1897899 -2.1858898 -2.195839 -2.2000348 -2.2105076 -2.2069037 -2.1977812 -2.1895386 -2.1745723 -2.1462404 -2.1160377 -2.0701055 -2.024589 -1.9803706 -1.9455678 -1.9298586 -1.9240245 -1.9397337
-2.9932882 -3.0249581 -3.0398818 -3.012888 -2.937085 -2.8953841 -2.8953841 -2.8931847 -2.888447 -2.9117612 -2.9376725 -2.950592 -2.9406428 -2.9306937 -2.9255136 -2.9173271 -2.9024034 -2.9113826 -2.9061008 -2.899622 -2.8942893 -2.8733274 -2.8273295 -2.789571 -2.7787023 -2.7674014 -2.7524777 -2.7288039 -2.7309711 -2.713643 -2.6673796 -2.6109115 -2.5600236 -2.4955298 -2.411493 -2.3406696 -2.300873 -2.262953 -2.236771 -2.2094915 -2.1885459 -2.1837246 -2.1837246 -2.1837246 -2.1840148 -2.1886952 -2.2044044 -2.1982914 -2.1878186 -2.1620892 -2.1359072 -2.0930503 -2.0510818 -2.0145606 -1.9853069 -1.9695977 -1.9637636 -1.9844928
-2.9699042 -2.9941247 -3.0090485 -2.9708808 -2.8973487 -2.8576398 -2.8552391 -2.8552391 -2.853063 -2.8552754 -2.8741435 -2.887063 -2.8785569 -2.8719256 -2.8638469 -2.8556605 -2.8407367 -2.8289232 -2.8239486 -2.818974 -2.8139994 -2.7973978 -2.7538154 -2.722434 -2.7124849 -2.7025357 -2.6910212 -2.6826017 -2.6910363 -2.6868661 -2.6518651 -2.6106894 -2.5670671 -2.5060434 -2.4257257 -2.3707413 -2.3362716 -2.3020762 -2.2758942 -2.2497122 -2.2266329 -2.218087 -2.218087 -2.218087 -2.218087 -2.2321637 -2.2491146 -2.2408719 -2.2296302 -2.2057631 -2.1795812 -2.1433474 -2.1015625 -2.0638214 -2.0333947 -2.0140977 -2.0066178 -2.0213333
-2.9616992 -2.9859198 -3.0008435 -2.9654482 -2.8943828 -2.8561569 -2.8511823 -2.8470342 -2.8470342 -2.8537925 -2.8687162 -2.8768095 -2.8718349 -2.8652035 -2.8552544 -2.8436993 -2.8287756 -2.816962 -2.8119874 -2.8070128 -2.8020383 -2.78689 -2.7470934 -2.7171145 -2.7072458 -2.6986483 -2.6888304 -2.6853855 -2.6955167 -2.6977027 -2.6666186 -2.6353043 -2.5955077 -2.5446067 -2.4712972 -2.4207615 -2.3909141 -2.3640576 -2.3378756 -2.3116936 -2.2855116 -2.2748292 -2.2748292 -2.2748292 -2.2748292 -2.2903888 -2.3113344 -2.3043362 -2.288627 -2.2639883 -2.2378063 -2.2002663 -2.1633603 -2.1233698 -2.0863079 -2.0647426 -2.0507063 -2.0611791
-2.9475067 -2.9717272 -2.9866509 -2.9512557 -2.8801903 -2.8428416 -2.8428416 -2.8392215 -2.8344838 -2.8398755 -2.8597738 -2.8694264 -2.8594772 -2.8511848 -2.8462103 -2.836603 -2.8216793 -2.8098657 -2.8048911 -2.7999166 -2.794942 -2.7797937 -2.7399971 -2.7100183 -2.7050437 -2.6986483 -2.6936737 -2.6924817 -2.7074055 -2.7118952 -2.6909496 -2.6641219 -2.6342744 -2.5874986 -2.5194254 -2.4716645 -2.4517662 -2.4285954 -2.4076498 -2.3826563 -2.3564744 -2.3457919 -2.3457919 -2.3457919 -2.3457919 -2.3633878 -2.3893934 -2.3823952 -2.366686 -2.3420473 -2.3158653 -2.2748707 -2.234323 -2.1901045 -2.1501744 -2.118756 -2.1000543 -2.1000543
-2.9234766 -2.9447353 -2.9573238 -2.9219285 -2.8648991 -2.8376398 -2.8347029 -2.8325035 -2.8277659 -2.8211859 -2.8198525 -2.829505 -2.8215352 -2.8165606 -2.811586 -2.7969759 -2.7672875 -2.757029 -2.7557964 -2.7523261 -2.7511444 -2.7359961 -2.71 -2.71 -2.70892 -2.7039454 -2.6989708 -2.6861912 -2.6611524 -2.6696945 -2.6567115 -2.6378228 -2.6187692 -2.5762558 -2.5467481 -2.5504725 -2.5305742 -2.5123993 -2.4945965 -2.4867865 -2.4766245 -2.465942 -2.465942 -2.465942 -2.465942 -2.4624228 -2.4779373 -2.4721835 -2.4564743 -2.4318356 -2.4056536 -2.3399712 -2.296205 -2.2519865 -2.2082894 -2.168623 -2.1487256 -2.1523768
