P1_models/J1_p1__temp2_slide_300.dat.tif
NCOLS 118
NROWS 92
XLLCORNER 139.62
YLLCORNER -39.07
DX 0.099491525
DY 0.099347826
NODATA_VALUE -9999
[rows 0 to 26 of 92, columns 0 to 59 of 118]
-9999 -9999 -9999 -9999 -9999 -9999 -9999 -9999 -9999 -9999 -9999 -9999 -9999 -9999 -9999 -9999 -9999 -9999 -9999 -9999 -9999 -9999 -9999 -9999 -9999 -9999 -9999 -9999 -9999 -9999 -9999 -9999 -9999 -9999 -9999 -9999 -9999 -9999 -9999 -9999 -9999 -9999 -9999 -9999 -9999 -9999 -9999 -9999 -9999 -9999 -9999 -9999 -9999 -9999 -9999 -9999 -9999 -9999 -9999 -9999
-9999 1211.7102 1211.5347 1211.3592 1211.1837 1211.0082 1210.9611 1210.7163 1210.8499 1211.6187 1212.3876 1213.1565 1213.9253 1214.3692 1214.0481 1213.596 1213.144 1212.692 1212.24 1211.0453 1208.1371 1205.229 1202.3208 1199.4127 1196.8882 1196.5706 1195.4559 1193.8711 1192.2864 1190.7016 1189.1168 1188.4317 1189.4809 1190.5301 1191.5793 1192.6286 1195.2357 1197.9538 1198.1337 1200.9294 1203.7251 1206.5208 1209.3165 1213.953 1216.6743 1218.3615 1220.0486 1221.7358 1223.423 1231.1369 1234.3476 1237.5584 1240.7691 1243.9798 1244.2696 1239.7275 1242.6472 1245.5669 1248.4867 1251.4064
-9999 1213.0672 1212.8917 1212.7162 1212.5407 1212.5934 1212.7891 1212.5443 1211.7911 1211.5153 1212.2841 1213.053 1213.8218 1214.2657 1214.0588 1213.7985 1213.3464 1212.8944 1212.4424 1211.2477 1208.3395 1205.4314 1202.5233 1200.6841 1200.5375 1200.22 1199.4443 1198.5136 1196.9288 1195.344 1193.7592 1193.0741 1194.1234 1195.1726 1196.2218 1200.1701 1207.1173 1209.8354 1206.5031 1205.417 1208.2127 1211.0084 1213.8041 1218.4406 1224.4003 1227.9154 1229.6026 1231.2898 1232.9769 1240.9436 1249.9956 1253.9172 1257.128 1260.3387 1260.6285 1250.8005 1244.1552 1247.0749 1249.9947 1252.9144
-9999 1214.4241 1214.2486 1214.0731 1214.2257 1214.4214 1214.6171 1214.3723 1213.6191 1212.8659 1212.1806 1212.9495 1213.7183 1214.1622 1213.9553 1213.7483 1213.5414 1213.0968 1212.6448 1211.4501 1208.542 1205.6338 1204.4801 1204.3335 1204.1869 1203.8694 1203.0937 1202.318 1201.5423 1199.9865 1198.4017 1197.7166 1198.7658 1199.815 1205.1044 1212.0516 1218.9989 1221.7169 1218.3847 1215.0524 1212.7003 1215.4961 1218.2918 1222.9282 1228.8879 1234.8476 1239.1565 1240.8437 1242.5309 1250.4976 1259.5495 1268.6015 1273.4868 1276.6976 1276.9873 1267.1594 1257.3314 1248.583 1251.5027 1254.4224
-9999 1215.781 1215.6623 1215.858 1216.0537 1216.2494 1216.4451 1216.2003 1215.4471 1214.6939 1213.9407 1213.1875 1213.6149 1214.0587 1213.8518 1213.6448 1213.4379 1213.2309 1212.8472 1211.6525 1208.7444 1208.276 1208.1295 1207.9829 1207.8363 1207.5188 1206.7431 1205.9674 1205.1917 1204.416 1203.0441 1202.359 1203.4082 1210.0388 1216.986 1223.9332 1230.8804 1233.5985 1230.2662 1226.934 1223.6017 1220.2694 1222.7794 1227.4158 1233.3756 1239.3353 1245.295 1250.3977 1252.0848 1260.0515 1269.1035 1278.1554 1287.2074 1293.0564 1293.3462 1283.5182 1273.6902 1263.8622 1254.0343 1255.9304
-9999 1217.2945 1217.4903 1217.686 1217.8817 1218.0774 1218.2731 1218.0283 1217.2751 1216.5219 1215.7687 1215.0155 1214.2623 1213.9552 1213.7483 1213.5413 1213.3344 1213.1275 1212.9205 1212.2186 1212.072 1211.9254 1211.7788 1211.6322 1211.4857 1211.1681 1210.3924 1209.6167 1208.841 1208.0653 1207.2896 1208.026 1214.9732 1221.9204 1228.8676 1235.8148 1242.762 1245.4801 1242.1478 1238.8156 1235.4833 1232.151 1228.8187 1231.9035 1237.8632 1243.8229 1249.7826 1255.7423 1261.6388 1269.6054 1278.6574 1287.7094 1296.7613 1305.8133 1309.7051 1299.8771 1290.0491 1280.2211 1270.3931 1260.5651
-9999 1217.3661 1217.5618 1217.7575 1217.9532 1218.149 1218.3066 1218.0269 1217.2737 1216.5205 1215.7673 1215.0141 1214.3884 1214.0033 1213.7918 1213.5849 1213.3779 1213.171 1212.964 1212.7753 1212.6288 1212.4822 1212.3356 1212.189 1212.0966 1212.0667 1211.8327 1211.057 1210.2813 1209.5056 1208.7299 1210.5921 1217.5393 1224.4865 1231.4337 1238.3809 1239.7611 1235.8394 1232.5071 1229.1748 1225.8425 1222.5102 1232.2851 1247.653 1257.4396 1263.3993 1269.359 1275.3187 1281.2784 1289.8747 1298.9267 1307.9786 1317.0306 1315.72 1288.5157 1278.6878 1268.8598 1259.0318 1249.2038 1246.6996
-9999 1217.1593 1217.3551 1217.5508 1217.7465 1217.8849 1218.0154 1217.7356 1216.9824 1216.2292 1215.476 1214.9338 1214.4628 1214.0777 1213.8648 1213.6519 1213.4447 1213.2378 1213.0308 1212.8421 1212.6955 1212.549 1212.4024 1212.35 1212.349 1212.3191 1212.2119 1212.1046 1211.3716 1210.5959 1209.8202 1211.6824 1218.6296 1225.5768 1232.524 1231.0444 1226.7106 1222.7889 1219.4566 1216.1243 1212.792 1227.283 1244.2559 1259.6237 1273.8378 1285.3661 1291.3258 1297.2856 1303.2453 1311.8416 1320.8935 1329.9455 1320.8027 1288.582 1261.3777 1251.5497 1241.7218 1231.8938 1231.6223 1233.5603
-9999 1216.9526 1217.1483 1217.3326 1217.4631 1217.5936 1217.7241 1217.4443 1216.6911 1215.9503 1215.4793 1215.0082 1214.5372 1214.1521 1213.9392 1213.7263 1213.5134 1213.3046 1213.0976 1212.9089 1212.7623 1212.6158 1212.6034 1212.6024 1212.6014 1212.5715 1212.4643 1212.357 1212.2498 1211.6862 1210.9105 1212.7727 1219.7199 1226.6615 1222.3277 1217.9939 1213.6601 1209.7384 1206.4061 1205.3079 1222.2808 1239.2537 1256.2266 1271.5945 1285.8085 1300.0226 1313.2927 1319.2524 1325.2121 1333.8084 1342.8604 1325.8853 1293.6647 1261.444 1234.2397 1224.4117 1214.6072 1216.5451 1218.4831 1220.421
-9999 1216.7459 1216.9109 1217.0414 1217.1718 1217.3023 1217.4328 1217.1531 1216.4957 1216.0247 1215.5537 1215.0826 1214.6116 1214.2265 1214.0136 1213.8007 1213.5878 1213.3749 1213.1644 1212.9757 1212.8577 1212.8567 1212.8557 1212.8547 1212.8538 1212.8239 1212.7166 1212.6094 1212.5021 1212.3949 1212.0008 1213.863 1217.9447 1213.611 1209.2772 1204.9434 1200.6096 1196.6879 1200.3058 1217.2787 1234.2516 1251.2245 1268.1974 1283.5653 1297.7793 1311.9933 1326.2074 1340.4214 1347.179 1355.7753 1330.968 1298.7473 1266.5266 1234.3059 1207.1017 1199.5299 1201.4679 1203.4058 1205.3438 1207.2817
-9999 1216.4499 1216.5804 1216.7109 1216.8414 1216.9718 1217.1023 1216.9406 1216.4696 1215.9986 1215.5275 1215.0565 1214.5855 1214.2561 1214.0432 1213.8303 1213.6174 1213.4045 1213.1916 1213.0427 1213.0417 1213.0407 1213.0398 1213.0388 1213.0378 1212.0364 1211.9292 1211.8219 1211.7147 1211.6074 1211.5002 1209.9493 1205.6155 1201.2817 1196.948 1192.6142 1188.2804 1195.0342 1212.0071 1228.98 1245.9529 1262.9258 1279.8987 1290.7706 1304.9846 1319.1986 1333.4126 1347.6267 1361.8407 1336.4626 1304.2419 1272.0212 1239.8005 1207.5798 1188.1065 1190.0445 1191.9825 1193.9204 1195.8584 1197.7963
-9999 1215.8625 1215.993 1216.1235 1216.254 1216.3845 1216.4456 1216.2556 1215.7845 1215.3135 1214.8424 1214.3714 1214.2679 1214.1518 1213.791 1213.5662 1213.3533 1213.1404 1212.9275 1212.7786 1212.7776 1212.7766 1212.7757 1212.7747 1212.5346 1210.7226 1204.9915 1204.2198 1204.1125 1204.0053 1203.898 1202.3471 1198.0133 1193.6796 1189.3458 1185.012 1192.1274 1204.9694 1221.9423 1238.9152 1255.8881 1272.861 1277.2965 1278.2997 1280.9582 1295.1722 1309.3862 1323.6002 1337.8142 1312.4361 1280.2155 1247.9948 1215.7741 1201.5 1202.5675 1204.5054 1206.4434 1208.3813 1210.3193 1192.2333
-9999 1215.2751 1215.4056 1215.5361 1215.6535 1215.707 1215.7605 1215.5705 1215.0994 1214.6284 1214.176 1214.1822 1214.1884 1214.0723 1213.7115 1213.3507 1213.0892 1212.8763 1212.6634 1212.5145 1212.5135 1212.5125 1212.5116 1212.1849 1211.835 1210.023 1204.2919 1198.5609 1196.5103 1196.4031 1196.2958 1194.7449 1190.4112 1186.0774 1182.1535 1192.108 1202.0626 1214.9046 1231.8775 1248.8504 1263.7778 1267.5269 1271.276 1272.2792 1271.3084 1271.1457 1285.3598 1299.5738 1313.7878 1288.4097 1256.189 1223.9683 1215.1447 1215.9609 1217.0284 1218.9663 1220.9043 1221.0997 1201.1442 1181.1887
-9999 1214.6877 1214.8182 1214.9149 1214.9684 1215.0219 1215.0754 1214.8854 1214.4143 1214.0903 1214.0965 1214.1027 1214.1089 1213.9929 1213.632 1213.2712 1212.9104 1212.6122 1212.3993 1212.2504 1212.2494 1212.1851 1211.8352 1211.4854 1211.1355 1209.3234 1203.5924 1197.8613 1192.1303 1188.8009 1188.6937 1187.1428 1182.809 1182.1341 1192.0887 1202.0432 1211.9978 1224.8398 1241.8127 1254.0082 1257.7573 1261.5064 1265.2556 1266.2587 1265.2879 1264.3171 1263.3463 1275.5473 1289.7614 1264.3833 1232.1626 1228.7894 1229.6056 1230.4218 1231.4893 1233.4272 1230.0107 1210.0551 1190.0996 1170.1441
-9999 1214.1003 1214.1763 1214.2298 1214.2833 1214.3368 1214.3903 1214.2003 1214.0046 1214.0108 1214.017 1214.0232 1214.0294 1213.9134 1213.5526 1213.1917 1212.8309 1212.4701 1212.1352 1211.9863 1211.8354 1211.4855 1211.1357 1210.7858 1210.4359 1208.6238 1202.8928 1197.1617 1191.4307 1185.6996 1181.0915 1179.5406 1182.1148 1192.0693 1202.0239 1211.9784 1221.933 1234.775 1244.2386 1247.9877 1251.7368 1255.486 1259.2351 1260.2383 1259.2674 1258.2966 1257.3258 1256.355 1265.7349 1241.6179 1242.4341 1243.2503 1244.0665 1244.8827 1245.9502 1238.9216 1218.9661 1199.0106 1179.055 1159.0995
-9999 1213.5206 1213.5741 1213.6276 1213.6811 1213.7346 1213.7881 1213.5534 1213.5596 1213.5658 1213.572 1213.5782 1213.5844 1213.5704 1213.2251 1212.8642 1212.5034 1212.1426 1211.7818 1211.4243 1211.0744 1210.7245 1210.3746 1210.0247 1209.6749 1215.6024 1213.1776 1207.4465 1201.7155 1195.9844 1190.2534 1189.88 1199.8345 1209.7891 1219.7436 1229.6982 1239.6527 1236.5 1240.2491 1243.9982 1247.7473 1251.4964 1255.2456 1258.5011 1257.5303 1256.5595 1255.5887 1254.6178 1253.647 1253.4177 1254.2339 1255.0501 1255.8663 1256.6825 1255.5791 1237.2582 1217.3027 1197.3472 1177.3916 1157.4361
-9999 1213.1109 1213.1644 1213.2179 1213.2714 1213.2689 1212.9496 1212.6375 1212.3338 1212.2713 1212.2775 1212.2837 1212.2899 1212.2759 1212.2215 1211.9604 1211.5996 1211.2387 1210.8779 1210.5204 1210.1705 1209.8206 1209.4708 1209.1209 1206.876 1212.1011 1237.7298 1243.2548 1237.5238 1231.7927 1226.0617 1225.6883 1235.6429 1245.5974 1255.552 1264.4756 1249.9256 1241.4477 1241.657 1244.7279 1248.477 1252.2261 1255.9752 1260.5748 1265.7462 1264.7753 1263.8045 1262.8337 1261.8629 1260.5528 1259.8502 1260.6664 1261.4826 1262.2988 1261.1954 1253.4429 1237.4377 1217.4822 1197.5267 1177.5712
-9999 1212.7013 1212.7548 1212.8083 1212.6954 1212.3761 1212.0567 1211.7447 1211.441 1211.1373 1210.983 1210.9892 1210.9954 1210.9814 1210.9271 1210.8727 1210.6957 1210.3349 1209.9741 1209.6165 1209.2667 1208.9168 1208.1497 1205.7622 1203.3748 1208.5999 1234.2285 1259.8572 1273.3321 1267.6011 1261.87 1261.4967 1271.4512 1281.4058 1284.1174 1269.5673 1255.0173 1246.5394 1246.7487 1246.958 1249.2067 1252.9558 1256.7049 1261.3045 1266.5154 1271.7263 1272.0204 1271.0495 1270.0787 1268.7686 1267.3999 1266.2827 1267.0989 1267.9151 1266.8117 1259.0592 1251.3067 1237.6173 1217.6618 1197.7062
-9999 1212.2916 1212.3451 1212.1219 1211.8026 1211.4832 1211.1639 1210.8518 1210.5481 1210.2444 1209.9407 1209.6947 1209.7009 1209.687 1209.6326 1209.5782 1209.5238 1209.431 1209.0702 1208.7127 1208.3628 1207.0359 1204.6484 1202.2609 1199.8735 1205.0986 1230.7273 1256.3559 1281.9846 1303.4094 1297.6784 1297.305 1307.2596 1303.7591 1289.2091 1274.659 1260.109 1251.6311 1251.8404 1252.0497 1252.2589 1253.6855 1257.4346 1262.0341 1267.2451 1272.456 1277.6669 1279.2654 1278.2946 1276.9845 1275.6158 1274.247 1272.8783 1273.5314 1272.4281 1264.6755 1256.923 1249.1705 1237.7968 1217.8413
-9999 1211.8678 1211.5484 1211.2291 1210.9097 1210.5904 1210.271 1209.9589 1209.6552 1209.3515 1209.0478 1208.7442 1208.4405 1208.3925 1208.3381 1208.2837 1208.2293 1208.1749 1208.1205 1207.8088 1205.9221 1203.5346 1201.1471 1198.7597 1196.3722 1201.5973 1227.226 1252.8547 1278.4833 1304.112 1329.7407 1333.1133 1323.4008 1308.8508 1294.3007 1279.7507 1265.2006 1256.7228 1256.9321 1257.1413 1257.3506 1257.5599 1258.1643 1262.7638 1267.9747 1273.1856 1278.3966 1283.6075 1286.5104 1285.2003 1283.8316 1282.4629 1281.0942 1279.7255 1278.0444 1270.2919 1262.5393 1254.7868 1247.0343 1237.9764
-9999 1208.8415 1208.5222 1208.2028 1207.8835 1207.5641 1207.8014 1208.9588 1208.6551 1208.3514 1208.0477 1207.7441 1207.4551 1207.8948 1208.4591 1208.4047 1208.3504 1208.296 1208.2416 1207.4817 1205.0942 1202.7068 1200.3193 1197.9318 1195.5444 1195.7816 1213.5202 1239.1488 1264.7775 1290.4062 1316.0349 1327.9398 1313.3898 1298.8397 1284.2897 1269.7396 1257.177 1257.9872 1258.1965 1258.4058 1258.615 1258.8243 1259.7677 1261.7255 1266.5182 1271.7291 1276.9401 1282.151 1287.3619 1286.9627 1285.594 1284.2253 1282.8566 1281.4879 1278.1953 1270.4427 1262.6902 1254.9377 1247.1852 1237.7219
-9999 1204.206 1203.8866 1203.5673 1203.2479 1204.2971 1206.7205 1207.8778 1207.5741 1207.2705 1206.9668 1206.7385 1206.64 1207.0797 1208.5973 1209.5935 1209.5391 1209.4848 1209.4304 1208.6705 1206.283 1203.8956 1201.5081 1199.0657 1196.4769 1196.7137 1204.524 1217.7455 1243.3742 1269.0029 1294.6315 1306.5365 1291.9864 1277.4364 1262.8864 1254.3241 1255.5544 1256.3647 1256.574 1256.7832 1256.9925 1258.5359 1261.3286 1263.2863 1264.644 1268.6236 1273.8345 1279.0454 1284.2563 1283.8572 1282.4884 1281.1197 1279.684 1277.5872 1274.2235 1266.4709 1258.7184 1250.9659 1240.316 1226.3104
-9999 1199.5705 1199.2511 1198.9317 1200.7928 1203.2161 1205.6395 1206.7969 1206.4932 1206.1895 1206.022 1205.9235 1205.8249 1206.2647 1207.7822 1209.2998 1210.7279 1210.6736 1210.6192 1209.8593 1207.4718 1205.0844 1202.5866 1199.9978 1197.4091 1197.6459 1205.4562 1213.2664 1221.9709 1247.5995 1273.2282 1285.1332 1270.5831 1256.0331 1251.4712 1252.7016 1253.9319 1254.7421 1254.9514 1255.1607 1257.3041 1260.0968 1262.8894 1264.8472 1266.2048 1267.5624 1270.7289 1275.9398 1281.1507 1280.7516 1279.3829 1277.809 1275.7122 1273.6155 1270.2517 1262.4991 1254.7466 1242.91 1228.9045 1214.8989
-9999 1194.9349 1194.8651 1197.2884 1199.7118 1202.1351 1204.5585 1205.7159 1205.4122 1205.3054 1205.2069 1205.1084 1205.0099 1205.4496 1206.9672 1208.4847 1210.0023 1211.5199 1211.808 1211.0481 1208.6606 1206.1076 1203.5188 1200.93 1198.3412 1198.5781 1206.3884 1214.1986 1222.0089 1229.8191 1251.8249 1263.7298 1249.1798 1248.6184 1249.8487 1251.079 1252.3093 1253.1196 1253.3289 1256.0723 1258.865 1261.6576 1264.4502 1266.408 1267.7656 1269.1232 1270.4808 1272.8343 1278.0452 1277.646 1275.934 1273.8372 1271.7404 1269.6437 1266.2799 1258.5273 1245.5041 1231.4986 1217.493 1203.4874
-9999 1191.3607 1193.7841 1196.2074 1198.6308 1201.0541 1203.4775 1204.6874 1204.5888 1204.4903 1204.3918 1204.2933 1204.1948 1204.6345 1206.1521 1207.6697 1209.1873 1210.7048 1212.2224 1212.2173 1209.6285 1207.0397 1204.451 1201.8622 1199.2734 1199.5103 1207.3205 1215.1308 1222.941 1230.7513 1238.5616 1244.5352 1245.7655 1246.9958 1248.2262 1249.4565 1250.6868 1252.0479 1254.8405 1257.6331 1260.4258 1263.2184 1266.011 1267.9688 1269.3264 1270.684 1272.0417 1273.3993 1274.9396 1274.059 1271.9622 1269.8654 1267.7686 1265.6719 1262.1038 1248.0982 1234.0927 1220.0871 1206.0815 1192.076
-9999 1199.2205 1201.6439 1204.0672 1206.4906 1208.9139 1207.3497 1203.5234 1201.8041 1201.7056 1201.6071 1201.5086 1201.4101 1202.9306 1206.8387 1208.3563 1209.8739 1211.3915 1212.909 1213.1849 1210.5962 1208.0074 1205.4186 1202.8298 1203.2362 1203.2897 1192.2309 1200.0411 1207.8514 1215.6616 1223.4719 1229.0346 1230.265 1231.4953 1232.7256 1233.9559 1241.2047 1257.037 1269.385 1272.1776 1274.9702 1277.7629 1280.5555 1270.859 1263.5131 1264.8707 1266.2284 1267.586 1268.9436 1276.3879 1275.8353 1273.7385 1271.6417 1269.545 1266.6378 1259.0532 1245.0476 1231.0421 1217.0365 1203.031
-9999 1208.7938 1211.2172 1213.6405 1216.0639 1212.3606 1207.5573 1203.731 1201.0323 1198.5434 1198.4449 1198.3464 1198.2478 1199.7683 1204.531 1209.2937 1210.8483 1212.3659 1213.8835 1214.1594 1211.5706 1208.9818 1206.3931 1209.2095 1215.3926 1215.4461 1199.0708 1182.6955 1189.691 1197.5013 1205.3115 1210.8743 1212.1046 1213.3349 1214.5652 1225.107 1239.3272 1255.1595 1273.2982 1289.2105 1292.0031 1294.7957 1297.5884 1287.8919 1269.2171 1257.6441 1259.0018 1260.3594 1261.717 1269.1613 1277.6575 1279.1151 1277.0184 1274.9216 1272.0145 1266.3004 1260.2893 1246.2837 1232.2782 1218.2726
