P1_models/J1_p1_tot_conduct_slide_257.29.dat.tif
NCOLS 118
NROWS 92
XLLCORNER 139.62
YLLCORNER -39.07
DX 0.099491525
DY 0.099347826
NODATA_VALUE -9999
[rows 26 to 51 of 92, columns 0 to 57 of 118]
-2.1765113 -2.0878893 -1.998347 -1.9279341 -1.8710818 -1.8455695 -1.8356204 -1.8546275 -1.8972667 -1.9582444 -2.0527613 -2.157524 -2.2818884 -2.4051652 -2.5444533 -2.6620814 -2.7764966 -2.8709393 -2.9505325 -3.0120749 -3.0518305 -3.0669195 -3.0221483 -2.9868591 -2.9918336 -2.9941048 -2.993942 -2.9874378 -2.9863696 -2.9824222 -2.966713 -2.9492036 -2.9193562 -2.8872531 -2.8505984 -2.7820946 -2.7273743 -2.6717039 -2.6036308 -2.5466539 -2.4523988 -2.381548 -2.3268276 -2.2795709 -2.2376798 -2.181668 -2.1345404 -2.1088872 -2.0879416 -2.0744898 -2.0587806 -2.0821778 -2.1026112 -2.0997456 -2.0989757 -2.1097899 -2.1213831 -2.1161467
-2.2558804 -2.1702623 -2.0906691 -2.0242991 -1.9863976 -1.9664783 -1.9664783 -1.9891459 -2.0459982 -2.1105777 -2.2050946 -2.3098573 -2.4342218 -2.5569294 -2.6763192 -2.787099 -2.8567431 -2.9369277 -2.9866734 -3.0385677 -3.058466 -3.0669195 -3.0084514 -2.9669895 -2.9719641 -2.9742353 -2.9692607 -2.960945 -2.9360722 -2.9228135 -2.9071043 -2.8899643 -2.870066 -2.8408908 -2.7122716 -2.6176809 -2.5729097 -2.5212901 -2.4689261 -2.4319921 -2.4215193 -2.3550552 -2.3003349 -2.2530782 -2.211187 -2.1411424 -2.0616853 -2.0385096 -2.0217097 -2.0141584 -2.0057951 -2.0394614 -2.0694952 -2.0750225 -2.0791061 -2.0948153 -2.1086622 -2.1243714
-2.3236001 -2.2505922 -2.1755034 -2.1203072 -2.0883259 -2.0829569 -2.0892663 -2.1178579 -2.1769742 -2.2471406 -2.3416576 -2.4464203 -2.5673481 -2.6718185 -2.7771756 -2.8724765 -2.9278336 -2.9834819 -3.0186866 -3.0579027 -3.0748419 -3.071486 -3.0108998 -2.9644633 -2.9663771 -2.9686483 -2.9636737 -2.9521949 -2.9241596 -2.9015893 -2.8858801 -2.8653418 -2.8399151 -2.7832336 -2.6523237 -2.5556355 -2.5084984 -2.4584491 -2.4037762 -2.3671749 -2.3530298 -2.3193076 -2.2661057 -2.2218954 -2.1814212 -2.1219341 -2.0409842 -2.0130894 -1.9978516 -1.9955352 -1.9902988 -2.0245629 -2.0605508 -2.0746376 -2.0824458 -2.098155 -2.11551 -2.1340367
-2.3873954 -2.3195664 -2.2548969 -2.2142087 -2.1905202 -2.1885139 -2.2034377 -2.240025 -2.301615 -2.3741719 -2.4686888 -2.5683287 -2.6777693 -2.7761867 -2.8707036 -2.9464711 -2.9912422 -3.0291205 -3.0539934 -3.0751853 -3.090109 -3.0817785 -3.017109 -2.9693274 -2.9693274 -2.9679758 -2.9630012 -2.9508498 -2.9210023 -2.8933624 -2.8776532 -2.8557698 -2.8259223 -2.7625882 -2.6316783 -2.5356627 -2.4859169 -2.4329396 -2.3753393 -2.3361288 -2.3151832 -2.2785332 -2.2287874 -2.1880027 -2.151348 -2.0942507 -2.0261775 -2.0026886 -1.9922158 -1.9906726 -1.9906726 -2.025908 -2.0617123 -2.0778053 -2.0941917 -2.1099009 -2.127256 -2.1482015
-2.4494878 -2.3862374 -2.3294078 -2.2887195 -2.2782067 -2.2850277 -2.3089947 -2.3455821 -2.4071721 -2.478643 -2.5681854 -2.6676765 -2.7628612 -2.8457764 -2.9154205 -2.9862022 -3.0110751 -3.0468657 -3.066764 -3.0867721 -3.0967212 -3.0879877 -3.0200085 -2.9685975 -2.9636229 -2.9617665 -2.9567919 -2.9440123 -2.9091902 -2.8796575 -2.8534755 -2.8288796 -2.789083 -2.7253328 -2.5982761 -2.5046165 -2.4548707 -2.4018934 -2.3442931 -2.3050826 -2.284137 -2.2520317 -2.2101597 -2.1741227 -2.1451387 -2.0908881 -2.0261775 -2.006008 -1.9984251 -1.9968818 -1.9968818 -2.0363822 -2.0741308 -2.0851854 -2.100401 -2.1161102 -2.1334652 -2.1544108
-2.4518396 -2.4091491 -2.3561049 -2.327861 -2.3272647 -2.3638349 -2.3896447 -2.4271639 -2.4865584 -2.5562709 -2.6442746 -2.733817 -2.8233594 -2.8848023 -2.9462448 -2.9709227 -2.9636634 -2.982316 -2.9969882 -3.0123738 -3.0205301 -3.007225 -2.9375809 -2.9718946 -2.96692 -2.959242 -2.9503766 -2.9050758 -2.8203474 -2.7890122 -2.7648115 -2.7356784 -2.6974797 -2.6292282 -2.5110742 -2.4980189 -2.4458739 -2.3950509 -2.3385934 -2.280993 -2.2553575 -2.232087 -2.193347 -2.1675637 -2.1418832 -2.1141467 -2.0513099 -2.0323848 -2.0271484 -2.0263768 -2.0263768 -2.0296091 -2.0702923 -2.0782334 -2.0891577 -2.1027429 -2.1250355 -2.1509348
-2.3962915 -2.3627868 -2.3329393 -2.3442342 -2.3868734 -2.4234436 -2.4532911 -2.4933958 -2.5455104 -2.6092564 -2.6938242 -2.7736676 -2.8433117 -2.9046719 -2.9494431 -2.9576764 -2.8880323 -2.843229 -2.8482036 -2.8534173 -2.8583919 -2.877361 -2.9370559 -2.9785177 -2.9735432 -2.9658652 -2.9509415 -2.8984526 -2.7392662 -2.6168093 -2.5958637 -2.5700987 -2.5352767 -2.5166214 -2.537567 -2.5245117 -2.4648168 -2.4082973 -2.3559334 -2.3008626 -2.2432622 -2.2055943 -2.1807214 -2.1609405 -2.1452314 -2.1223244 -2.0961424 -2.0853703 -2.080134 -2.0793623 -2.0793623 -2.0645497 -2.0504227 -2.0559501 -2.062665 -2.0731378 -2.0919195 -2.1285743
-2.4137385 -2.3865561 -2.3630539 -2.3756241 -2.4255526 -2.4671026 -2.4969501 -2.5371345 -2.5892491 -2.6493187 -2.7251344 -2.8045793 -2.8657733 -2.9138665 -2.9496822 -2.955911 -2.8817384 -2.8354206 -2.8403952 -2.8438655 -2.8442098 -2.8651717 -2.9223041 -2.9587914 -2.9490848 -2.9400552 -2.9203486 -2.8690012 -2.7146484 -2.5875672 -2.5569842 -2.5312989 -2.4964768 -2.4801332 -2.5041847 -2.5025478 -2.4590011 -2.4087852 -2.3683618 -2.3212521 -2.2741739 -2.2447827 -2.2294786 -2.2129833 -2.2003622 -2.1776147 -2.1514327 -2.1372267 -2.1298477 -2.1246113 -2.1229416 -2.0933162 -2.074538 -2.074538 -2.0795766 -2.0850879 -2.1004983 -2.1281757
-2.4240012 -2.4031525 -2.3832542 -2.4054964 -2.4576312 -2.5018008 -2.5315085 -2.5694935 -2.6213075 -2.6778602 -2.7509958 -2.8187839 -2.8735042 -2.9174407 -2.9514195 -2.950911 -2.8762924 -2.8265551 -2.8315297 -2.8334958 -2.8325 -2.8484873 -2.9032076 -2.9318898 -2.9197458 -2.9043898 -2.8821949 -2.8297754 -2.6779619 -2.5559211 -2.5256869 -2.4965042 -2.4632839 -2.4486753 -2.4748573 -2.4912076 -2.4534237 -2.4256913 -2.3907649 -2.3564831 -2.3145919 -2.2966102 -2.286661 -2.2789072 -2.2684344 -2.2424041 -2.2162221 -2.2020161 -2.1915433 -2.1780352 -2.1727988 -2.1378747 -2.1069492 -2.1 -2.0988269 -2.1014095 -2.1115834 -2.1369112
-2.4295843 -2.4102376 -2.3953139 -2.4225339 -2.4841239 -2.5282936 -2.5531665 -2.5893631 -2.63674 -2.6911065 -2.755776 -2.8179531 -2.8676988 -2.9108175 -2.9406649 -2.9376646 -2.863046 -2.8133087 -2.8182833 -2.8202494 -2.8152748 -2.8274646 -2.8722358 -2.8987739 -2.8788756 -2.8580275 -2.8281801 -2.7701667 -2.625904 -2.5095587 -2.4833768 -2.4567651 -2.4318922 -2.4247573 -2.4666484 -2.4845844 -2.4696607 -2.4521841 -2.4417113 -2.416346 -2.3849276 -2.3703551 -2.3703551 -2.3655551 -2.3603187 -2.3330904 -2.2964356 -2.2814943 -2.2710215 -2.2516192 -2.2324075 -2.1926082 -2.1533115 -2.1367296 -2.1253197 -2.1200833 -2.1248298 -2.1457754
-2.4188099 -2.4033018 -2.3908034 -2.4206539 -2.4967305 -2.5533498 -2.5782226 -2.6113431 -2.6555321 -2.6931956 -2.7252063 -2.7847529 -2.8282904 -2.8597988 -2.8859159 -2.9157633 -2.9205519 -2.8677044 -2.8650147 -2.8639723 -2.8512318 -2.8607911 -2.809357 -2.6479799 -2.6320663 -2.6135196 -2.5957788 -2.5919483 -2.6233999 -2.5114399 -2.4934008 -2.4727634 -2.4589547 -2.4562038 -2.4509214 -2.4166763 -2.4149116 -2.408282 -2.407508 -2.4416962 -2.4682401 -2.4554212 -2.4554212 -2.4523748 -2.4471384 -2.3609609 -2.2925493 -2.2718624 -2.2599944 -2.240592 -2.2196464 -2.2283262 -2.1914053 -2.1644161 -2.1468567 -2.1289778 -2.1286789 -2.1421418
-2.4059646 -2.3923734 -2.3824242 -2.4282002 -2.5134787 -2.5666922 -2.591565 -2.6212797 -2.6639189 -2.6951136 -2.7150119 -2.7400331 -2.7748551 -2.8013472 -2.8261278 -2.8493947 -2.8790483 -2.896455 -2.8913327 -2.8818454 -2.866723 -2.7922103 -2.5733289 -2.425575 -2.4106513 -2.3970792 -2.3825067 -2.3909982 -2.4610443 -2.5145042 -2.5003434 -2.4933983 -2.4834641 -2.4559909 -2.3931541 -2.3640177 -2.3689923 -2.3757775 -2.3810139 -2.4298416 -2.5083875 -2.5404348 -2.5404348 -2.5373884 -2.532152 -2.43746 -2.3117865 -2.2699444 -2.2542352 -2.2340612 -2.2131157 -2.2217954 -2.230635 -2.1999599 -2.1726492 -2.1511738 -2.1368116 -2.1471703
-2.3993414 -2.3857502 -2.375801 -2.4204786 -2.5010193 -2.5527885 -2.5726868 -2.6004172 -2.6335811 -2.6618865 -2.6718357 -2.6936371 -2.7234845 -2.7483616 -2.7632854 -2.7831629 -2.8030612 -2.8169768 -2.8070276 -2.7957439 -2.7758456 -2.6994856 -2.5186367 -2.3858359 -2.3709121 -2.3573401 -2.3473909 -2.3578823 -2.4325009 -2.4880114 -2.4932478 -2.4933983 -2.5033475 -2.4826059 -2.430242 -2.4041514 -2.4141006 -2.4225913 -2.4330641 -2.4865239 -2.5860155 -2.619913 -2.619913 -2.6168667 -2.6116303 -2.5078568 -2.3581488 -2.3163067 -2.3005975 -2.2804236 -2.259478 -2.2681577 -2.2769973 -2.2383061 -2.2057651 -2.1795832 -2.1633043 -2.1633043
-2.3930275 -2.3764745 -2.3648472 -2.4078509 -2.4840915 -2.5261606 -2.5414993 -2.5631571 -2.5914398 -2.6128804 -2.6170666 -2.6338463 -2.6623716 -2.6822742 -2.6942147 -2.7059266 -2.7167228 -2.7272906 -2.7173415 -2.7058881 -2.6891255 -2.6227187 -2.4521773 -2.3507578 -2.3423089 -2.3314402 -2.3280676 -2.3441354 -2.4287713 -2.4912189 -2.5097519 -2.5199963 -2.5358271 -2.525129 -2.4711537 -2.4420346 -2.4519837 -2.459994 -2.4679812 -2.5283692 -2.6318864 -2.6724796 -2.6724796 -2.6694332 -2.6641968 -2.5533851 -2.399288 -2.3512238 -2.3355146 -2.3153407 -2.2943951 -2.3077148 -2.3163707 -2.2732233 -2.2349883 -2.2018726 -2.1855657 -2.1885598
-2.3857506 -2.3702086 -2.3552849 -2.3906802 -2.4617455 -2.488416 -2.4983651 -2.511975 -2.5356635 -2.5555072 -2.5555072 -2.5640454 -2.5889183 -2.6051976 -2.6151468 -2.6225842 -2.6275588 -2.6287739 -2.6188247 -2.6100887 -2.595165 -2.5439065 -2.4046184 -2.3403366 -2.335362 -2.3371739 -2.3371739 -2.3180167 -2.4075591 -2.4802746 -2.5064566 -2.5286807 -2.548579 -2.5427984 -2.4851981 -2.4832529 -2.493202 -2.5012123 -2.5064487 -2.5370535 -2.6470179 -2.6918841 -2.6918841 -2.6888377 -2.6836013 -2.5990576 -2.4367293 -2.3861763 -2.3704671 -2.3511989 -2.3302533 -2.3456822 -2.359217 -2.3142764 -2.2717523 -2.2350976 -2.2161386 -2.221375
-2.3857506 -2.3681525 -2.3486617 -2.3795362 -2.3795362 -2.3795362 -2.3795362 -2.388877 -2.3983524 -2.4206837 -2.4455566 -2.4580744 -2.4703137 -2.4786061 -2.4835806 -2.4894203 -2.4894203 -2.4903362 -2.4853616 -2.4794203 -2.4794203 -2.4313123 -2.4384314 -2.4747873 -2.4897111 -2.4988058 -2.5286533 -2.498145 -2.3538823 -2.3672704 -2.388216 -2.4078766 -2.4178257 -2.4103347 -2.4922479 -2.5549163 -2.5598909 -2.5674442 -2.5726806 -2.5516458 -2.5145541 -2.5594203 -2.5594203 -2.5563739 -2.5511375 -2.5423819 -2.496338 -2.445785 -2.4300758 -2.4143666 -2.3964852 -2.4199776 -2.4386953 -2.3889495 -2.3446074 -2.3079526 -2.292694 -2.3241123
-2.3815984 -2.3640004 -2.3441021 -2.3358478 -2.3325233 -2.3275435 -2.3245696 -2.3170398 -2.3206567 -2.335575 -2.3586774 -2.3718935 -2.3810083 -2.3859829 -2.3909574 -2.395932 -2.3984783 -2.3969232 -2.3933123 -2.3967826 -2.3980446 -2.4181675 -2.4652592 -2.5159033 -2.5334735 -2.5746218 -2.6128707 -2.5971885 -2.4520706 -2.3418719 -2.3621131 -2.3758548 -2.385804 -2.4271577 -2.530762 -2.5904018 -2.5953764 -2.6004587 -2.6041522 -2.5805081 -2.5333805 -2.5141522 -2.5141522 -2.5141522 -2.5100216 -2.501266 -2.4878854 -2.4721763 -2.4598476 -2.4449101 -2.4292009 -2.4529921 -2.480804 -2.4310582 -2.3842451 -2.348152 -2.3364838 -2.3689366
-2.3757506 -2.3574256 -2.3375273 -2.3237283 -2.3142529 -2.3016452 -2.291696 -2.2834392 -2.2787015 -2.2787333 -2.293657 -2.3051655 -2.3101401 -2.3151147 -2.3200892 -2.3257907 -2.3307653 -2.3379206 -2.3428952 -2.3530085 -2.3629576 -2.3888941 -2.4535636 -2.5155818 -2.5553784 -2.5987074 -2.6434786 -2.6311275 -2.4769157 -2.3654012 -2.3811104 -2.3941252 -2.4040744 -2.443693 -2.5431845 -2.6028244 -2.6077989 -2.6107269 -2.6107269 -2.5870828 -2.5399553 -2.5207269 -2.5207269 -2.52 -2.52 -2.5101694 -2.4944602 -2.482743 -2.4722702 -2.4573326 -2.4416234 -2.471806 -2.5005282 -2.4507824 -2.4051423 -2.373724 -2.3651555 -2.4018102
-2.3757506 -2.3551907 -2.3313181 -2.3175191 -2.2991512 -2.2797509 -2.2606498 -2.2509206 -2.2414461 -2.2383832 -2.2383832 -2.2492824 -2.2506386 -2.2539521 -2.2639013 -2.2707866 -2.2807357 -2.2907312 -2.3106295 -2.325849 -2.360671 -2.3888941 -2.4636559 -2.5362364 -2.5909567 -2.6378372 -2.6975321 -2.6829931 -2.4939592 -2.3778197 -2.3935288 -2.4055714 -2.410546 -2.4499022 -2.5493938 -2.6090336 -2.6140082 -2.6169361 -2.6169361 -2.5932921 -2.5461645 -2.5269361 -2.5269361 -2.5238898 -2.52 -2.5129616 -2.5006694 -2.4889522 -2.4784794 -2.4635419 -2.4478327 -2.4864366 -2.5191559 -2.4694101 -2.4237701 -2.3923517 -2.3856211 -2.4327487
-2.34891 -2.3283501 -2.3034772 -2.2820698 -2.2717707 -2.2725491 -2.250661 -2.2290032 -2.2160607 -2.2116933 -2.2132899 -2.2132899 -2.2132899 -2.2182602 -2.2299076 -2.2237975 -2.2162552 -2.2324247 -2.255923 -2.2818382 -2.3185111 -2.3664137 -2.4460069 -2.4942493 -2.5431121 -2.5897222 -2.6353935 -2.6651689 -2.5315991 -2.391381 -2.4030116 -2.4150542 -2.4200288 -2.4563212 -2.559078 -2.6469058 -2.6506228 -2.6557051 -2.6569058 -2.6516516 -2.6096197 -2.5903913 -2.5903913 -2.5903913 -2.5854636 -2.5096066 -2.4991338 -2.4920161 -2.4815433 -2.4666057 -2.4508965 -2.4156889 -2.4552703 -2.4182104 -2.3749165 -2.3478621 -2.3460691 -2.3983243
-2.2940294 -2.2753646 -2.2504917 -2.2565909 -2.2850171 -2.2857955 -2.255948 -2.2290032 -2.2053148 -2.1918237 -2.1967983 -2.2000435 -2.2000435 -2.2050138 -2.2199375 -2.2171743 -2.1773777 -2.1595696 -2.1894171 -2.2222296 -2.2620262 -2.3048382 -2.354584 -2.4015247 -2.4413213 -2.477128 -2.5020009 -2.5062124 -2.4514921 -2.4112506 -2.416487 -2.4216774 -2.426652 -2.4800776 -2.631933 -2.7197609 -2.7197609 -2.7219369 -2.7271733 -2.7245066 -2.7140338 -2.7096087 -2.7096087 -2.7096087 -2.7096087 -2.632165 -2.5169643 -2.4860298 -2.4807934 -2.4666057 -2.4508965 -2.3808742 -2.3095602 -2.2819236 -2.2556991 -2.2347535 -2.240098 -2.3029348
-2.3062115 -2.2875684 -2.2626955 -2.2690121 -2.2974383 -2.2934964 -2.2559915 -2.2246045 -2.1929371 -2.1776223 -2.1781665 -2.1814334 -2.1814334 -2.1880605 -2.2075164 -2.2095926 -2.1835448 -2.1701846 -2.2139334 -2.2482936 -2.2927748 -2.3354782 -2.385224 -2.4293595 -2.4595835 -2.4953251 -2.5201979 -2.5216556 -2.4571592 -2.4175046 -2.422741 -2.4261889 -2.4266737 -2.4803167 -2.6321722 -2.7220975 -2.7261889 -2.7261889 -2.7273907 -2.7273729 -2.7204618 -2.7132439 -2.71 -2.71 -2.71 -2.6325781 -2.5173773 -2.4820161 -2.4745828 -2.4648816 -2.4508965 -2.3808742 -2.3090819 -2.2814454 -2.2564808 -2.240551 -2.2475849 -2.3149647
-2.3234245 -2.3028646 -2.2779917 -2.2843083 -2.3128025 -2.3066302 -2.266438 -2.2275211 -2.1939986 -2.1707995 -2.17 -2.17 -2.17 -2.1824986 -2.2041993 -2.2112502 -2.1873293 -2.1857827 -2.2315568 -2.276328 -2.3210992 -2.3673238 -2.4170695 -2.4572446 -2.4859366 -2.511729 -2.5341893 -2.5343461 -2.4684195 -2.4213158 -2.4265522 -2.43 -2.43 -2.4803167 -2.6321722 -2.7220975 -2.727072 -2.73 -2.73 -2.7248149 -2.7195785 -2.7170551 -2.7120805 -2.71 -2.71 -2.6325781 -2.5173773 -2.4820161 -2.4715433 -2.4585125 -2.4480397 -2.3808742 -2.3090819 -2.2814454 -2.2564808 -2.2407716 -2.2513961 -2.3194692
-2.3421961 -2.3227342 -2.2978613 -2.3061314 -2.3392953 -2.3331229 -2.2833772 -2.2407675 -2.202866 -2.1774227 -2.1724481 -2.1708888 -2.1758634 -2.1891218 -2.2189693 -2.2311197 -2.2112214 -2.2122755 -2.2620212 -2.3094439 -2.3542151 -2.3998051 -2.4445763 -2.4837373 -2.5086102 -2.5315986 -2.5465223 -2.5409693 -2.4713252 -2.4213158 -2.4265522 -2.43 -2.43 -2.4803167 -2.6321722 -2.7220975 -2.727072 -2.73 -2.73 -2.7247458 -2.714273 -2.7108188 -2.7108188 -2.71 -2.71 -2.6325781 -2.5173773 -2.4820161 -2.4715433 -2.4566057 -2.4414165 -2.3766306 -2.3090819 -2.2814454 -2.2564808 -2.2407716 -2.2513961 -2.3194692
-2.4947468 -2.4761037 -2.4437493 -2.4487111 -2.3625553 -2.2667461 -2.2264176 -2.1945647 -2.1638732 -2.1376111 -2.1529357 -2.177512 -2.1824866 -2.195745 -2.2255925 -2.2522281 -2.2659171 -2.26779 -2.3175357 -2.3657773 -2.4128316 -2.461124 -2.5215214 -2.5856866 -2.612741 -2.6385333 -2.6534571 -2.6462664 -2.5599842 -2.4793593 -2.4845957 -2.4880435 -2.4880435 -2.5383602 -2.6902156 -2.7801409 -2.7822391 -2.7822391 -2.7822391 -2.7769849 -2.6674798 -2.6055217 -2.6055217 -2.6024754 -2.5997174 -2.5222954 -2.566692 -2.5748856 -2.5644128 -2.5489371 -2.5227551 -2.454105 -2.3671254 -2.3379736 -2.30872 -2.290797 -2.2978309 -2.3229185
-2.6203158 -2.5938322 -2.5590101 -2.4641657 -2.3267726 -2.2356165 -2.2007945 -2.1689416 -2.1405154 -2.137964 -2.1741241 -2.1987004 -2.203675 -2.2185902 -2.2492084 -2.2726322 -2.2908873 -2.318561 -2.3674343 -2.4141716 -2.4620707 -2.5205368 -2.6001301 -2.6628928 -2.6906902 -2.7151309 -2.7289788 -2.7113814 -2.6019407 -2.52 -2.5241246 -2.5292716 -2.53 -2.5803167 -2.7321722 -2.8175725 -2.8175725 -2.8175725 -2.8175725 -2.741386 -2.5895305 -2.5275725 -2.5275725 -2.5245261 -2.5192897 -2.5633218 -2.6313949 -2.637161 -2.6266882 -2.6052486 -2.5790667 -2.493634 -2.4064708 -2.3733069 -2.3428802 -2.3219346 -2.3026349 -2.2869257
