P1_models/J1_p1_vp_slide_diff2_40.dat.tif
NCOLS 118
NROWS 92
XLLCORNER 139.62
YLLCORNER -39.07
DX 0.099491525
DY 0.099347826
NODATA_VALUE -9999
[rows 0 to 24 of 92, columns 56 to 111 of 118]
-9999 -9999 -9999 -9999 -9999 -9999 -9999 -9999 -9999 -9999 -9999 -9999 -9999 -9999 -9999 -9999 -9999 -9999 -9999 -9999 -9999 -9999 -9999 -9999 -9999 -9999 -9999 -9999 -9999 -9999 -9999 -9999 -9999 -9999 -9999 -9999 -9999 -9999 -9999 -9999 -9999 -9999 -9999 -9999 -9999 -9999 -9999 -9999 -9999 -9999 -9999 -9999 -9999 -9999 -9999 -9999
0.24571593 0.24282997 0.239944 0.23705804 0.23030144 0.22682245 0.22495165 0.22308086 0.22121006 0.21933926 0.21634452 0.21417814 0.21201175 0.20984537 0.20767899 0.20635892 0.20612179 0.20588467 0.20564755 0.20541043 0.20158416 0.2082507 0.20154741 0.19484412 0.18814083 0.18143754 0.17926452 0.17918455 0.17910458 0.17902461 0.17914844 0.18008705 0.18093298 0.18251264 0.1840923 0.18567197 0.18741664 0.19453106 0.20164548 0.20875991 0.21587433 0.21082748 0.20678286 0.20020934 0.19363582 0.1870623 0.18048878 0.18852852 0.19731204 0.20579906 0.21428609 0.22277311 0.21614192 0.21070215 0.20597153 0.20124091
0.24866718 0.24578122 0.24289525 0.24000929 0.2332527 0.22386585 0.21914684 0.21727605 0.21540525 0.21353445 0.21035849 0.20716687 0.20500049 0.2028341 0.20066772 0.19934765 0.19911053 0.19887341 0.19863629 0.19404577 0.18922756 0.20023414 0.20871722 0.20201393 0.19531064 0.18860735 0.18643432 0.18635435 0.18627439 0.18656829 0.18814646 0.18908506 0.18887125 0.18953322 0.19111288 0.19269255 0.19443722 0.20155164 0.20866606 0.21578049 0.20957671 0.19771439 0.19428497 0.19146901 0.18489549 0.17832197 0.17174845 0.17978819 0.1947945 0.20383984 0.21232686 0.22081389 0.2141827 0.1994687 0.19362798 0.18889735
0.23631012 0.24873247 0.24584651 0.24296054 0.23620395 0.2268171 0.21743025 0.21147124 0.20960044 0.20772964 0.20455368 0.20133287 0.19811205 0.19582284 0.19365646 0.19233638 0.19209926 0.19167996 0.18668457 0.18168917 0.17687097 0.18787755 0.19888413 0.20918374 0.20248045 0.19577716 0.19360413 0.19352416 0.19398815 0.19556631 0.19714447 0.19808308 0.19786926 0.19765545 0.19813346 0.19971313 0.2014578 0.20857222 0.21568664 0.20832594 0.19646362 0.18460131 0.18117188 0.17864059 0.1761093 0.16958164 0.16300812 0.17104786 0.18605416 0.20106047 0.21036764 0.21885467 0.21222348 0.19750948 0.18279548 0.1765538
0.2197774 0.23361613 0.24745487 0.24591179 0.2391552 0.22976835 0.2203815 0.21099466 0.20379563 0.20192483 0.19874887 0.19552806 0.19230724 0.18908643 0.18664519 0.18532512 0.18431877 0.17932337 0.17432798 0.16933258 0.16451438 0.17552096 0.18652753 0.19753411 0.20854069 0.20294697 0.20077394 0.201408 0.20298616 0.20456433 0.20614249 0.20708109 0.20686728 0.20665347 0.20643965 0.20673371 0.20847837 0.2155928 0.20707517 0.19521286 0.18335054 0.17148822 0.1680588 0.1655275 0.16299621 0.16046492 0.15426779 0.16230752 0.17731383 0.19232014 0.20732644 0.21689544 0.21026425 0.19555025 0.18083625 0.16612225
0.20324468 0.21708341 0.23092215 0.24476089 0.24210645 0.2327196 0.22333275 0.21394591 0.20455906 0.19612002 0.19294406 0.18972325 0.18650243 0.18328162 0.18006081 0.17695757 0.17196217 0.16696678 0.16197138 0.15697599 0.15215778 0.16316436 0.17417094 0.18517752 0.1961841 0.20719068 0.20882786 0.21040602 0.21198418 0.21356234 0.2151405 0.21607911 0.2158653 0.21565148 0.21543767 0.21522386 0.21549895 0.2058244 0.19396209 0.18209977 0.17023745 0.15837514 0.15494571 0.15241442 0.14988313 0.14735183 0.14482054 0.15356719 0.1685735 0.18357981 0.19858611 0.21359242 0.20830503 0.19359103 0.17887703 0.16416303
0.21800644 0.23184518 0.24568392 0.24847033 0.23998171 0.22964169 0.22025485 0.210868 0.20148115 0.1920943 0.18866866 0.18544784 0.18222703 0.17900622 0.17771346 0.1761333 0.17113791 0.16614251 0.16114711 0.15616565 0.16073395 0.15979628 0.17080286 0.18180944 0.19281602 0.2038226 0.20838026 0.20995843 0.21153659 0.21311475 0.21856569 0.22108883 0.21055579 0.21034198 0.21012816 0.20991435 0.20935327 0.19749095 0.18562863 0.17376632 0.161904 0.16664882 0.16512438 0.16259309 0.1600618 0.1575305 0.1577067 0.16843687 0.18344318 0.19844948 0.21345579 0.21385346 0.20054323 0.18582923 0.17111523 0.15640123
0.23772614 0.25156488 0.25098175 0.24706445 0.23857583 0.22698081 0.21622175 0.2068349 0.19744805 0.1880612 0.18463556 0.18141475 0.17819393 0.17762744 0.17871624 0.17713608 0.17214068 0.16714529 0.16358222 0.1682176 0.1727859 0.17136298 0.16994006 0.17986539 0.19087197 0.20187855 0.20643622 0.20801438 0.20959254 0.21652735 0.2298793 0.23240243 0.21541304 0.20276575 0.20255194 0.20233813 0.20177704 0.18991473 0.17805241 0.16619009 0.17258829 0.18051757 0.17899313 0.17646183 0.17393054 0.17455645 0.17631688 0.18704704 0.20205335 0.21705966 0.21585695 0.20517236 0.19186213 0.17714813 0.16243413 0.16576962
0.25741048 0.25349318 0.24957588 0.24565858 0.23716995 0.22557493 0.2139799 0.2028018 0.19341495 0.1840281 0.18060246 0.17738165 0.17754142 0.17863022 0.17971902 0.17813886 0.17314346 0.17099878 0.17563416 0.18026955 0.18483785 0.18341493 0.18199201 0.1805691 0.18892792 0.1999345 0.20449217 0.20607033 0.214489 0.22784095 0.2411929 0.24371604 0.22672664 0.20973724 0.19497572 0.19476191 0.19420082 0.1823385 0.17059848 0.17852776 0.18645704 0.19438632 0.19286187 0.19033058 0.1914062 0.19316662 0.19492705 0.20565722 0.22066352 0.21786045 0.20717586 0.19649126 0.18318103 0.16846703 0.17365984 0.18876146
0.2560046 0.2520873 0.24817 0.2442527 0.23576408 0.22416905 0.21257402 0.200979 0.18938397 0.17999501 0.17656936 0.1774554 0.1785442 0.179633 0.1807218 0.17914164 0.17841534 0.18305073 0.18768611 0.1923215 0.19688979 0.19546688 0.19404396 0.19262104 0.19119813 0.19799046 0.20254812 0.21245065 0.2258026 0.23915455 0.2525065 0.25502964 0.23804024 0.22105085 0.20406145 0.18718568 0.1866246 0.17653794 0.18446722 0.1923965 0.20032578 0.20825506 0.20673062 0.20825594 0.21001637 0.2117768 0.21353722 0.22426739 0.21986395 0.20917935 0.19849476 0.18781017 0.17449994 0.18155005 0.19665167 0.21175329
0.25487195 0.25095465 0.24703735 0.24312004 0.23580306 0.22420804 0.21261301 0.20101798 0.18942296 0.17782793 0.17849537 0.17958417 0.18067297 0.18176177 0.18285057 0.18408598 0.18872137 0.19335675 0.19799213 0.20262752 0.20845072 0.20810618 0.20668326 0.20526034 0.20383743 0.20241451 0.2110974 0.22444935 0.2378013 0.25115325 0.2645052 0.26631752 0.24932812 0.23233873 0.21534933 0.19835993 0.18211342 0.1900427 0.19797198 0.20590126 0.21383054 0.22141752 0.22302635 0.22478678 0.22654721 0.22830763 0.23006806 0.22332084 0.21263624 0.20195165 0.19126705 0.18058246 0.1877595 0.20286112 0.21796274 0.23306436
0.25552992 0.25161262 0.24769532 0.23520524 0.23302822 0.23371624 0.22212122 0.21052619 0.19893116 0.18733614 0.18800358 0.18909238 0.19018118 0.19126998 0.18552725 0.18294969 0.18758507 0.19222046 0.19685584 0.20371207 0.21612492 0.22269643 0.22317189 0.22174898 0.22032606 0.21890315 0.22758604 0.24093799 0.25428994 0.26764189 0.2749439 0.27286908 0.26044742 0.24345802 0.22646863 0.20947923 0.19323272 0.201162 0.20909128 0.21702056 0.22413543 0.22432096 0.22592979 0.22769022 0.22945065 0.23121107 0.2324661 0.22561825 0.21493366 0.20424907 0.19356447 0.18925819 0.19805524 0.21315686 0.22825848 0.2433601
0.25618789 0.25152458 0.23823411 0.22494365 0.22276662 0.22814165 0.23162942 0.2200344 0.20843937 0.19684435 0.19751179 0.19860059 0.19968939 0.19260534 0.18439096 0.1818134 0.18644878 0.19108417 0.19890801 0.21138627 0.22379913 0.23037064 0.23694215 0.23823761 0.2368147 0.23539178 0.24407467 0.25742662 0.27077857 0.27705561 0.28041486 0.27834004 0.26647352 0.25457732 0.23758792 0.22059853 0.20435202 0.2122813 0.22021058 0.22685335 0.22703887 0.2272244 0.22883323 0.23059366 0.23235409 0.23356331 0.23476352 0.22791567 0.21723108 0.20654648 0.20254902 0.19955393 0.20835099 0.22345261 0.23855423 0.23942781
0.25455346 0.24126299 0.22797252 0.21468205 0.21250503 0.21788005 0.22325508 0.22863011 0.21794758 0.20635255 0.20702 0.20789782 0.19968343 0.19146905 0.18325467 0.18067711 0.18531249 0.19410395 0.20658221 0.21906048 0.23147334 0.23804484 0.24461635 0.25118786 0.25330333 0.25188041 0.26056331 0.27391526 0.27916733 0.28252658 0.28588582 0.283811 0.27194448 0.26007795 0.24821143 0.23171782 0.21547132 0.2234006 0.22957127 0.22975679 0.22994231 0.23012784 0.23173667 0.2334603 0.23466051 0.23586073 0.23706094 0.23021309 0.2195285 0.21583986 0.21284477 0.20984968 0.21864674 0.23374836 0.23394496 0.23219052
0.24429186 0.23100139 0.21771092 0.20442045 0.20224343 0.20761846 0.21299349 0.21836852 0.22374355 0.21586076 0.21497591 0.20676152 0.19854714 0.19033276 0.18211838 0.17954082 0.18929989 0.20177816 0.21425642 0.22673468 0.23914754 0.24571905 0.25229056 0.25886207 0.26543358 0.26836905 0.27705194 0.28127904 0.28463829 0.28799754 0.29135678 0.28928196 0.27741544 0.26554891 0.25368239 0.24181587 0.22659062 0.23228919 0.23247471 0.23266023 0.23284575 0.23303128 0.23455751 0.23575772 0.23695793 0.23815814 0.23935836 0.23251051 0.2291307 0.22613561 0.22314052 0.22014542 0.22894248 0.22846211 0.22670767 0.22495324
0.24240206 0.22911159 0.21582113 0.20253066 0.19598747 0.2013625 0.20673753 0.21211256 0.21748758 0.22286261 0.21425368 0.2060393 0.19782492 0.18961054 0.18139615 0.18225904 0.1947373 0.20721557 0.21969383 0.2321721 0.24388434 0.24978159 0.2563531 0.26292461 0.26949612 0.27606763 0.28044199 0.28380124 0.28716048 0.29051973 0.29387898 0.29445939 0.28259287 0.27072635 0.25885982 0.2469933 0.23548608 0.2356716 0.23585713 0.23604265 0.23622817 0.23517438 0.23357326 0.23477347 0.23597368 0.23717389 0.23837411 0.23515308 0.23215799 0.22916289 0.2261678 0.22317271 0.22561405 0.22385962 0.22210519 0.22035075
0.25996528 0.24667481 0.23338434 0.22009387 0.21065478 0.20441417 0.20978919 0.21516422 0.22053925 0.22591428 0.21582503 0.20627921 0.19806483 0.18985045 0.18163607 0.18249895 0.19497722 0.20745548 0.21993375 0.23142323 0.24187138 0.24638548 0.25202343 0.25859494 0.26516645 0.27173796 0.27611233 0.27947157 0.28283082 0.28619007 0.28608523 0.28560102 0.28578743 0.27522173 0.26335521 0.25148868 0.23998146 0.24016699 0.24035251 0.24053803 0.23903363 0.23382515 0.22846926 0.22616382 0.22736403 0.22856424 0.22976445 0.22477556 0.21829601 0.21530091 0.21230582 0.20931073 0.21655937 0.22537943 0.223625 0.22187056
0.26879386 0.26423803 0.25094756 0.23765709 0.228218 0.22139607 0.21457415 0.21821589 0.22359092 0.22896595 0.2188767 0.20825607 0.19830475 0.19009036 0.18187598 0.18273887 0.19521713 0.2076954 0.21889568 0.22941027 0.23985842 0.24437252 0.24888662 0.25426528 0.26083679 0.2674083 0.27178266 0.27514191 0.27850116 0.27786502 0.27700864 0.27652443 0.27671084 0.27689725 0.26785059 0.25598407 0.24447685 0.24466237 0.24484789 0.24289288 0.2376844 0.23247592 0.22712004 0.22174845 0.21875438 0.21995459 0.2211548 0.21616591 0.20822649 0.20143893 0.19844384 0.19544875 0.20269739 0.21542276 0.22514481 0.22339037
0.26611866 0.26983857 0.26851077 0.2552203 0.24578121 0.23895929 0.23213737 0.22531545 0.22664259 0.23201762 0.22192836 0.21130773 0.2006871 0.19033028 0.1821159 0.18297878 0.19545705 0.20636813 0.21688272 0.22739732 0.23784547 0.24235957 0.24687367 0.25138777 0.25650713 0.26307864 0.267453 0.27050119 0.26964481 0.26878844 0.26793206 0.26744785 0.26763425 0.26782066 0.26800707 0.26047945 0.24897223 0.24915775 0.24675213 0.24154365 0.23633517 0.23112669 0.22577081 0.22039922 0.21502764 0.21134494 0.21254515 0.20755626 0.19961683 0.19167741 0.18458186 0.18158676 0.18883541 0.20156077 0.21428614 0.22491018
0.26344345 0.26716337 0.27088329 0.27278352 0.26334443 0.25652251 0.24970059 0.24287867 0.23605674 0.23506929 0.22498003 0.2143594 0.20373877 0.19311814 0.18249751 0.1832187 0.19384057 0.20435517 0.21486977 0.22538436 0.23583251 0.24034661 0.24486071 0.24937481 0.25388891 0.25874897 0.26228098 0.2614246 0.26056823 0.25971185 0.25885547 0.25837126 0.25855767 0.25874407 0.25893048 0.25911689 0.25346761 0.25061138 0.2454029 0.24019442 0.23498594 0.22977747 0.22442158 0.21904999 0.21367841 0.20830682 0.2039355 0.19894661 0.19100718 0.18306776 0.17512833 0.16772478 0.17497343 0.18769879 0.20042416 0.21314952
0.25294638 0.2566663 0.26038621 0.26218107 0.2623597 0.25631401 0.24949209 0.24267017 0.23584825 0.22902633 0.21853189 0.20791126 0.19729063 0.18667 0.17755689 0.18428576 0.19480035 0.20531495 0.21582955 0.22634414 0.22438191 0.22026132 0.22477542 0.22928952 0.23380362 0.23831772 0.23915848 0.2383021 0.23744573 0.23658935 0.23573297 0.25198897 0.25501255 0.25519895 0.25538536 0.25557177 0.25559734 0.25038886 0.24518038 0.2399719 0.23476342 0.22664045 0.22074653 0.21537494 0.21000336 0.20463177 0.20154659 0.19684102 0.1889016 0.18096217 0.17302275 0.16773671 0.1768576 0.18958297 0.20230833 0.21503369
0.23654913 0.24026904 0.24072865 0.23741239 0.23759102 0.24014457 0.23587805 0.22905613 0.22223421 0.21541229 0.20491785 0.19429722 0.18367659 0.1769887 0.18075906 0.18748793 0.19800252 0.20851712 0.21903172 0.21431922 0.20607824 0.19690362 0.19105782 0.19557192 0.20008602 0.20460012 0.20544089 0.20458451 0.20372813 0.20543557 0.22512382 0.24140526 0.25154795 0.25582633 0.25601273 0.25619914 0.25622471 0.25101623 0.24580775 0.24059927 0.23200933 0.22121099 0.21531706 0.20994548 0.20457389 0.2022693 0.20434714 0.19964157 0.19170215 0.18376272 0.17911945 0.18149849 0.19061939 0.20334475 0.21607012 0.22715129
0.22015187 0.21927624 0.21595997 0.21264371 0.21282234 0.21537589 0.21792945 0.2154421 0.20862018 0.20179826 0.19130382 0.18068319 0.1764205 0.18019087 0.18396123 0.1906901 0.2012047 0.21171929 0.20424607 0.19601555 0.18777456 0.17859994 0.16942532 0.16185433 0.16636843 0.17088253 0.17172329 0.17086691 0.17516361 0.19485186 0.2145401 0.23082154 0.24096424 0.25110693 0.2566401 0.25682651 0.25685208 0.2516436 0.24643512 0.23737821 0.22657986 0.21578152 0.2098876 0.20451601 0.20299201 0.20506985 0.20714769 0.20244212 0.1945027 0.1905022 0.19288124 0.19526028 0.20438118 0.21710654 0.22783921 0.23496997
0.19782382 0.19450756 0.19119129 0.18787503 0.18805365 0.19060721 0.19316077 0.19571432 0.19500614 0.18818422 0.17768978 0.1758523 0.17962267 0.18339304 0.1871634 0.19389227 0.20240346 0.19417293 0.1859424 0.17771187 0.16947089 0.16029627 0.15112165 0.14194703 0.13277241 0.13716493 0.1380057 0.14489165 0.16457989 0.18426814 0.20395639 0.22023783 0.23038052 0.24052321 0.25066591 0.25745388 0.25747945 0.25227097 0.24274708 0.23194874 0.2211504 0.21035206 0.20445813 0.20371472 0.20579256 0.2078704 0.20994825 0.20524268 0.20188494 0.20426399 0.20664303 0.20902207 0.21814296 0.22852713 0.23565788 0.24278864
0.17305514 0.16973888 0.16642261 0.16310634 0.16328497 0.16583853 0.16839209 0.17094564 0.1734992 0.17457019 0.17528411 0.17905447 0.18282484 0.18659521 0.19036557 0.19233031 0.18409978 0.17586925 0.16763873 0.1594082 0.15116721 0.14199259 0.13281797 0.12364335 0.11446873 0.10529411 0.11461969 0.13430793 0.15399618 0.17368443 0.19337267 0.20965412 0.21979681 0.2299395 0.24008219 0.25022488 0.25810682 0.24811596 0.23731762 0.22651928 0.21572093 0.20492259 0.20443743 0.20651527 0.20859311 0.21067096 0.2127488 0.21326769 0.21564673 0.21802577 0.22040482 0.22278386 0.22921504 0.2363458 0.24347656 0.25060731
