P1_models/J1_p1_vp_slide_diff2_20.dat.tif
NCOLS 118
NROWS 92
XLLCORNER 139.62
YLLCORNER -39.07
DX 0.099491525
DY 0.099347826
NODATA_VALUE -9999
[rows 0 to 24 of 92, columns 0 to 56 of 118]
-9999 -9999 -9999 -9999 -9999 -9999 -9999 -9999 -9999 -9999 -9999 -9999 -9999 -9999 -9999 -9999 -9999 -9999 -9999 -9999 -9999 -9999 -9999 -9999 -9999 -9999 -9999 -9999 -9999 -9999 -9999 -9999 -9999 -9999 -9999 -9999 -9999 -9999 -9999 -9999 -9999 -9999 -9999 -9999 -9999 -9999 -9999 -9999 -9999 -9999 -9999 -9999 -9999 -9999 -9999 -9999 -9999
-9999 0.13620687 0.13207879 0.1279507 0.12382262 0.11969454 0.11720624 0.11615798 0.1101984 0.10209375 0.093989106 0.085884461 0.077779816 0.068577245 0.064185593 0.067830631 0.071475669 0.075120707 0.078765745 0.080821105 0.07920901 0.077596916 0.075984822 0.074372727 0.072198753 0.067727159 0.066224012 0.064430467 0.062636921 0.060843376 0.05904983 0.057865964 0.057857363 0.057848763 0.057840163 0.057831563 0.060015909 0.065155459 0.0669185 0.069527408 0.072136316 0.074745224 0.077354132 0.081076111 0.088390931 0.096597585 0.10480424 0.11301089 0.12121755 0.11711896 0.115504 0.11388904 0.11227408 0.11065912 0.11063697 0.11122865 0.10489833
-9999 0.14166313 0.13753505 0.13340697 0.12927889 0.12806595 0.12867905 0.12763079 0.12466513 0.12008792 0.11198327 0.10387863 0.095773984 0.086571413 0.075170182 0.067044128 0.070689166 0.074334203 0.077979241 0.080034601 0.078422507 0.076810412 0.075198318 0.072020357 0.066363103 0.06189151 0.060597782 0.05920829 0.057414744 0.055621199 0.053827653 0.052643786 0.052635186 0.052626586 0.052617986 0.056690168 0.064983714 0.070123264 0.070750576 0.072104243 0.074713151 0.077322059 0.079930967 0.083652946 0.088175097 0.094805392 0.10301205 0.1112187 0.11942536 0.11511661 0.10864486 0.10643878 0.10482382 0.10320886 0.10318671 0.10868184 0.11122451
-9999 0.1471194 0.14299132 0.13886323 0.13892567 0.13953876 0.14015186 0.1391036 0.13613794 0.13317228 0.12997744 0.1218728 0.11376815 0.10456558 0.09316435 0.081763119 0.070361887 0.0735477 0.077192738 0.079248097 0.077636003 0.076023909 0.071841961 0.066184707 0.060527453 0.05605586 0.054762133 0.053468405 0.052174678 0.050399021 0.048605476 0.047421609 0.047413009 0.047404409 0.053364427 0.061657974 0.06995152 0.07509107 0.075718381 0.076345692 0.077289985 0.079898893 0.082507801 0.08622978 0.090751931 0.095274083 0.10121985 0.10942651 0.11763316 0.11332442 0.10685267 0.10038092 0.097373564 0.095758603 0.095736448 0.10123158 0.10672671
-9999 0.15257567 0.14917228 0.14978538 0.15039848 0.15101157 0.15162467 0.15057642 0.14761075 0.14464509 0.14167943 0.13871376 0.13176232 0.12255975 0.11115852 0.099757287 0.088356055 0.076954824 0.076406234 0.078461594 0.0768495 0.071663565 0.066006311 0.060349057 0.054691804 0.05022021 0.048926483 0.047632756 0.046339028 0.045045301 0.043383299 0.042199432 0.042190832 0.050038687 0.058332233 0.066625779 0.074919325 0.080058875 0.080686186 0.081313497 0.081940809 0.08256812 0.085084635 0.088806614 0.093328766 0.097850917 0.10237307 0.10763431 0.11584097 0.11153222 0.10506048 0.098588731 0.092116985 0.088308344 0.088286189 0.093781319 0.099276449
-9999 0.160032 0.1606451 0.16125819 0.16187129 0.16248438 0.16309748 0.16204923 0.15908356 0.1561179 0.15315224 0.15018657 0.14722091 0.14055392 0.12915269 0.11775145 0.10635022 0.094948992 0.083547761 0.077142423 0.071485169 0.065827915 0.060170662 0.054513408 0.048856154 0.04438456 0.043090833 0.041797106 0.040503379 0.039209651 0.037915924 0.0384194 0.046712946 0.055006492 0.063300038 0.071593584 0.07988713 0.08502668 0.085653991 0.086281303 0.086908614 0.087535925 0.088163236 0.091383448 0.0959056 0.10042775 0.1049499 0.10947205 0.11404877 0.10974003 0.10326828 0.096796538 0.090324792 0.083853046 0.08083593 0.08633106 0.09182619
-9999 0.17164929 0.17226239 0.17287548 0.17348858 0.17410168 0.17564594 0.17545345 0.17248778 0.16952212 0.16655646 0.1635908 0.15817244 0.14893363 0.13789403 0.1264928 0.11509157 0.10369033 0.092289103 0.082624764 0.07696751 0.071310256 0.065653002 0.059995748 0.051434367 0.041792641 0.042029801 0.040736074 0.039442347 0.03814862 0.036854893 0.038835865 0.047129411 0.055422957 0.063716503 0.072010049 0.084812451 0.095329731 0.095957043 0.096584354 0.097211665 0.097838976 0.097981408 0.1027362 0.10899222 0.11351438 0.11803653 0.12255868 0.12708083 0.12222914 0.11575739 0.10928565 0.1028139 0.096387118 0.092735163 0.098230293 0.10372542
-9999 0.18328948 0.18390257 0.18451567 0.18512876 0.1871458 0.18935615 0.18916366 0.186198 0.18323233 0.18026667 0.17324145 0.16484714 0.15560833 0.14467835 0.13374838 0.122367 0.11096577 0.099564534 0.089900195 0.084242942 0.078585688 0.072928434 0.062222903 0.048761699 0.039119973 0.039715405 0.040310836 0.039137751 0.037844024 0.036550297 0.038531269 0.046824815 0.055118361 0.063411907 0.078530516 0.095960756 0.10647804 0.10710535 0.10773266 0.10835997 0.10832794 0.10820409 0.11295888 0.12122087 0.12826605 0.1327882 0.13731035 0.1418325 0.13698081 0.13050907 0.12403732 0.11764452 0.11135186 0.1076999 0.11319504 0.11869017
-9999 0.19492966 0.19554275 0.19643533 0.19864567 0.20085602 0.20306636 0.20287387 0.19990821 0.19670477 0.18831046 0.17991615 0.17152183 0.16228302 0.15135305 0.14042307 0.1294931 0.1182412 0.10683997 0.097175627 0.091518373 0.085861119 0.073011438 0.059550235 0.046089031 0.036447305 0.037042737 0.037638168 0.0382336 0.037539428 0.036245701 0.038226672 0.046520219 0.05481834 0.072248581 0.089678821 0.10710906 0.11762634 0.11825365 0.11879832 0.11867447 0.11855062 0.11842677 0.12318156 0.13144355 0.13970553 0.14753987 0.15206202 0.15658418 0.15173248 0.14526074 0.13890192 0.13260926 0.1263166 0.12266465 0.12815978 0.13363845
-9999 0.20656984 0.2079352 0.21014554 0.21235588 0.21456623 0.21677657 0.21658408 0.21177378 0.20337946 0.19498515 0.18659084 0.17819653 0.16895771 0.15802774 0.14709777 0.1361678 0.12523782 0.1141154 0.10445106 0.097261177 0.083799974 0.07033877 0.056877567 0.043416363 0.033774637 0.034370069 0.0349655 0.035560932 0.036156363 0.035941104 0.037922076 0.048536405 0.065966646 0.083396886 0.10082713 0.11825737 0.12877465 0.12914485 0.129021 0.12889715 0.1287733 0.12864945 0.13340424 0.14166623 0.14992821 0.1581902 0.16645218 0.17133585 0.16648416 0.16015933 0.15386667 0.14757401 0.14128134 0.13762939 0.14153978 0.13877072
-9999 0.2190028 0.22121314 0.22342348 0.22563383 0.22784417 0.23005451 0.22626368 0.21786937 0.20947506 0.20108074 0.19268643 0.18429212 0.17447776 0.16354779 0.15261782 0.14168784 0.13075787 0.1198279 0.10813252 0.094671314 0.08121011 0.067748907 0.054287703 0.0408265 0.032425051 0.033020483 0.033615914 0.034211346 0.034806777 0.035402209 0.041747861 0.059178101 0.076608342 0.094038583 0.11146882 0.12889906 0.13868414 0.13856029 0.13843644 0.13831259 0.13818874 0.13806489 0.14155702 0.149819 0.15808099 0.16634297 0.17460496 0.18286694 0.17871905 0.17242639 0.16613372 0.15984106 0.1535484 0.14980541 0.14703635 0.14426728
-9999 0.22944777 0.23165812 0.23386846 0.2360788 0.23828914 0.2347153 0.228564 0.22016968 0.21177537 0.20338106 0.19498675 0.18807998 0.17831544 0.16193847 0.15057063 0.13964066 0.12871068 0.11778071 0.10608533 0.092624127 0.079162924 0.065701721 0.052240517 0.043352322 0.038801158 0.040242099 0.040937435 0.041532867 0.042128298 0.04272373 0.049069381 0.066499622 0.083929863 0.1013601 0.11879034 0.13413376 0.14280914 0.14268529 0.14256144 0.14243759 0.14231374 0.14343924 0.14328562 0.1444062 0.15266819 0.16093017 0.16919216 0.17745414 0.17330625 0.16701359 0.16072092 0.15442826 0.15433591 0.15768949 0.15492042 0.15215136
-9999 0.23989275 0.24210309 0.24431343 0.24543129 0.24122345 0.23701562 0.23086431 0.22247 0.21407569 0.20575679 0.19929425 0.1928317 0.18306717 0.1666902 0.15031323 0.13759347 0.1266635 0.11573352 0.10403814 0.090576941 0.077115738 0.063654534 0.056422886 0.049636072 0.045084908 0.046525849 0.04796679 0.048854388 0.049449819 0.050045251 0.056390902 0.073821143 0.091251384 0.10860692 0.12343284 0.13825877 0.14693414 0.14681029 0.14668645 0.14676643 0.14796033 0.14915422 0.1490006 0.14787827 0.14725539 0.15551737 0.16377936 0.17204134 0.16789345 0.16160078 0.15530812 0.15709884 0.16221998 0.16557356 0.1628045 0.16003544
-9999 0.25033772 0.25254807 0.25193945 0.24773161 0.24352377 0.23931593 0.23316463 0.22477032 0.21697106 0.21050852 0.20404597 0.19758343 0.18781889 0.17144192 0.15506495 0.13868798 0.12461631 0.11368634 0.10199096 0.088529755 0.076280265 0.069493451 0.062706636 0.055919822 0.051368658 0.052809599 0.05425054 0.055691481 0.05677134 0.057366771 0.063712423 0.081142664 0.097906001 0.11273192 0.12755785 0.14238377 0.15105915 0.1509353 0.15128751 0.15248141 0.15367531 0.15486921 0.15471559 0.15359325 0.15247092 0.15134858 0.15836656 0.16662854 0.16248065 0.15618798 0.15986176 0.16498291 0.17010406 0.17345764 0.17068858 0.16507684
-9999 0.2607827 0.2584476 0.25423977 0.25003193 0.24582409 0.24161625 0.23546494 0.22818533 0.22172279 0.21526024 0.2087977 0.20233515 0.19257061 0.17619364 0.15981668 0.14343971 0.12706274 0.11163915 0.099943772 0.08935083 0.082564015 0.075777201 0.068990386 0.062203572 0.057652408 0.059093349 0.06053429 0.061975231 0.063416172 0.064688292 0.071033944 0.087205081 0.10203101 0.11685693 0.13168285 0.14650878 0.15518415 0.1558086 0.1570025 0.15819639 0.15939029 0.16058419 0.16043057 0.15930824 0.1581859 0.15706357 0.15594123 0.16121574 0.15750355 0.16262469 0.16774584 0.17286699 0.17798814 0.18134172 0.17381238 0.15942022
-9999 0.26091729 0.25670945 0.25250161 0.24829377 0.24408593 0.23987809 0.23796007 0.23149752 0.22503498 0.21857243 0.21210989 0.20564734 0.19751545 0.181386 0.16500903 0.14863206 0.13225509 0.11587812 0.10240107 0.09561426 0.088827446 0.082040631 0.075253817 0.068467002 0.063906388 0.066402403 0.067843344 0.069284284 0.070725225 0.072166166 0.078178979 0.093004903 0.10783083 0.12265675 0.13748267 0.1523086 0.15559142 0.15678532 0.15797922 0.15917311 0.16036701 0.16156091 0.16517582 0.16405349 0.16293115 0.16180882 0.16068648 0.15956415 0.16203443 0.16715558 0.17227673 0.17739787 0.18251902 0.18597163 0.17319561 0.15880345
-9999 0.24979519 0.24558735 0.24137951 0.23717168 0.23444018 0.24006439 0.23948553 0.23174753 0.22500221 0.21853967 0.21207712 0.20561458 0.19748268 0.18600783 0.17122524 0.15484828 0.13847131 0.12209434 0.10861729 0.10183047 0.09504366 0.088256846 0.081470031 0.068066658 0.061053414 0.072501853 0.07753483 0.07897577 0.080416711 0.081857652 0.087870465 0.10269639 0.11752231 0.13234824 0.14693515 0.1560796 0.15774532 0.14871166 0.14794593 0.14913983 0.15033373 0.15152763 0.15739113 0.16654543 0.16542309 0.16430076 0.16317842 0.16205609 0.16213459 0.16389485 0.169016 0.17413715 0.1792583 0.1827109 0.18038387 0.16989743
-9999 0.2386731 0.23446526 0.23025742 0.23043619 0.2360604 0.2416846 0.24110574 0.23336775 0.22562976 0.2185069 0.21204436 0.20558181 0.19744992 0.18597507 0.17450021 0.16106449 0.14468752 0.12831055 0.1148335 0.10804669 0.10125987 0.09301626 0.079114972 0.065213685 0.05820044 0.06964888 0.081097319 0.088667257 0.090108197 0.091549138 0.097561951 0.11238787 0.1272138 0.14036042 0.14950487 0.15864932 0.16031505 0.15128139 0.14224773 0.13910654 0.14030044 0.14149434 0.14735784 0.15657826 0.16579868 0.1667927 0.16567036 0.16454803 0.16462653 0.16491257 0.16575528 0.17087643 0.17599758 0.17945018 0.17712314 0.17479611
-9999 0.227551 0.22334316 0.2264322 0.2320564 0.23768061 0.24330482 0.24272596 0.23498796 0.22724997 0.21951198 0.2120116 0.20554905 0.19741716 0.1859423 0.17446745 0.16299259 0.15090374 0.13452677 0.12104972 0.1142629 0.10406457 0.090163286 0.076261999 0.062360711 0.055347467 0.066795906 0.078244345 0.089692785 0.099799684 0.10124062 0.10725344 0.12207936 0.1337857 0.14293015 0.1520746 0.16121905 0.16288477 0.15385111 0.14481746 0.1357838 0.13026716 0.13146106 0.13732456 0.14654498 0.1557654 0.16498582 0.1681623 0.16703997 0.16711847 0.16740451 0.16769055 0.16797658 0.17273686 0.17618946 0.17386242 0.17153539
-9999 0.216804 0.2224282 0.22805241 0.23367662 0.23930083 0.24492503 0.24434617 0.23660818 0.22887019 0.22113219 0.2133942 0.2056562 0.19738439 0.18590954 0.17443468 0.16295983 0.15148497 0.14001012 0.12726593 0.11511289 0.1012116 0.087310313 0.073409025 0.059507737 0.052494493 0.063942932 0.075391372 0.086839811 0.09828825 0.10973669 0.11694492 0.12721097 0.13635542 0.14549987 0.15464433 0.16378878 0.1654545 0.15642084 0.14738718 0.13835352 0.12931986 0.12142777 0.12729127 0.13651169 0.14573211 0.15495254 0.16417296 0.16953191 0.16961041 0.16989645 0.17018248 0.17046852 0.17075456 0.17292874 0.1706017 0.16827466
-9999 0.20964662 0.21527082 0.22089503 0.22651924 0.23214344 0.23626214 0.23170926 0.22397126 0.21623327 0.20849527 0.20075728 0.19291176 0.1882233 0.18300344 0.17152859 0.16005373 0.14857888 0.13710402 0.12489545 0.11099416 0.097092876 0.083191588 0.069290301 0.055389013 0.060080287 0.074950559 0.086398998 0.097847437 0.10929588 0.12074432 0.13140579 0.14055024 0.14969469 0.15883914 0.16798359 0.17661037 0.1758567 0.16682304 0.15778938 0.14875572 0.13972206 0.13010064 0.12225028 0.12987166 0.13909208 0.1483125 0.15753292 0.16675334 0.16835594 0.16864198 0.16892802 0.16921406 0.1695001 0.16575834 0.16343131 0.16110427
-9999 0.19586813 0.20149234 0.20711654 0.21274075 0.21466393 0.2128708 0.20831792 0.20057992 0.19284193 0.18510393 0.17681513 0.16757955 0.16289109 0.16730851 0.16645509 0.15498023 0.14350537 0.13203052 0.11982195 0.10592066 0.092019373 0.078118085 0.067826783 0.067143608 0.071856598 0.091032662 0.10786193 0.11931037 0.13075881 0.14220725 0.15286872 0.16201318 0.17115763 0.18030208 0.18788681 0.19292074 0.19216707 0.18313342 0.17409976 0.1650661 0.15496431 0.14386243 0.13601207 0.13049919 0.13501163 0.14423205 0.15345247 0.16267289 0.1642755 0.16456153 0.16484757 0.16466672 0.15987691 0.15563882 0.15331178 0.15098475
-9999 0.18208964 0.18771385 0.19333806 0.19306572 0.19127259 0.18947946 0.18492658 0.17718858 0.16945059 0.1607185 0.15148292 0.14224733 0.13755887 0.14197629 0.14639372 0.14990673 0.13843187 0.12695702 0.11474844 0.10084716 0.08694587 0.080286269 0.079603094 0.078919919 0.083632908 0.10280897 0.12198504 0.14077331 0.15222175 0.16367019 0.17433166 0.18347611 0.19262056 0.19916325 0.20419719 0.20923112 0.20847745 0.19944379 0.19041013 0.17982798 0.1687261 0.15762422 0.14977386 0.14426098 0.1387481 0.1401516 0.14937202 0.15859244 0.16019505 0.16048109 0.159337 0.15454719 0.14975739 0.14551929 0.14319225 0.14086522
-9999 0.16831116 0.17326064 0.17146751 0.16967438 0.16788125 0.16608812 0.16153524 0.15379724 0.14462187 0.13538629 0.1261507 0.11691511 0.11222665 0.11664408 0.1210615 0.12547893 0.12989635 0.12188351 0.10967494 0.095773654 0.092745755 0.09206258 0.091379405 0.09069623 0.095409219 0.11458528 0.13376135 0.15293741 0.17211348 0.18513312 0.19579459 0.20493905 0.2104397 0.21547363 0.22050756 0.2255415 0.22478783 0.21575417 0.20469165 0.19358977 0.18248789 0.171386 0.16353565 0.15802277 0.15250989 0.14699701 0.14529158 0.154512 0.1561146 0.15400728 0.14921747 0.14442766 0.13963786 0.13539976 0.13307273 0.12872194
-9999 0.15166243 0.1498693 0.14807617 0.14628304 0.14448991 0.14269678 0.13776083 0.12852524 0.11928966 0.11005407 0.10081848 0.091582898 0.086894439 0.091311863 0.095729286 0.10014671 0.10456413 0.10898156 0.10588842 0.10520524 0.10452207 0.10383889 0.10315572 0.10247254 0.10718553 0.12636159 0.14553766 0.16471372 0.18388979 0.20306585 0.2166822 0.22171614 0.22675007 0.23178401 0.23681794 0.24185187 0.2406572 0.22955532 0.21845344 0.20735156 0.19624967 0.18514779 0.17729743 0.17178456 0.16627168 0.1607588 0.15524592 0.15043155 0.14867756 0.14388775 0.13909794 0.13430814 0.12951833 0.1252018 0.12047382 0.11574584
