P1_models/J1_p1_tot_conduct_slide_48.44.dat.tif
NCOLS 118
NROWS 92
XLLCORNER 139.62
YLLCORNER -39.07
DX 0.099491525
DY 0.099347826
NODATA_VALUE -9999
[rows 0 to 25 of 92, columns 57 to 113 of 118]
-3.3039565 -3.354573 -3.3822096 -3.4003822 -3.3951459 -3.4004711 -3.3899983 -3.3747849 -3.3765843 -3.3820559 -3.3697373 -3.3559712 -3.3319971 -3.2793307 -3.2054661 -3.1170292 -2.9906493 -2.857994 -2.6885169 -2.527919 -2.3613912 -2.2122057 -2.1035632 -2.0282921 -1.9990299 -2.0449957 -2.1168507 -2.2769695 -2.4480347 -2.6854082 -2.9109189 -3.1264348 -3.3168909 -3.4822935 -3.5519828 -3.6201254 -3.5954896 -3.5555943 -3.4960733 -3.4243151 -3.3540858 -3.3223496 -3.3006461 -3.3269927 -3.3718023 -3.4244743 -3.4912181 -3.5497425 -3.5756759 -3.6054783 -3.587921 -3.5456905 -3.4871661 -3.4076026 -3.3145184 -3.2439134 -3.1611742
-3.4570213 -3.493145 -3.510394 -3.5072763 -3.4860318 -3.4673298 -3.4317306 -3.3728202 -3.35604 -3.3394581 -3.2919915 -3.2691689 -3.2200223 -3.163538 -3.0906142 -3.006709 -2.8945339 -2.7784807 -2.6281229 -2.5024031 -2.3476385 -2.2331133 -2.1328794 -2.0812869 -2.058072 -2.0979726 -2.1770711 -2.3325089 -2.4984925 -2.7314899 -2.9514459 -3.165197 -3.3531531 -3.522874 -3.6104842 -3.6841619 -3.6734794 -3.6586588 -3.6021801 -3.5387553 -3.4760271 -3.4454176 -3.4226074 -3.4452975 -3.4764042 -3.5242271 -3.5770836 -3.6232197 -3.6399721 -3.6495571 -3.6251749 -3.574806 -3.5123017 -3.4280903 -3.3508044 -3.2827005 -3.2183236
-3.5729045 -3.5936617 -3.5936617 -3.5686988 -3.5320441 -3.480956 -3.428592 -3.366543 -3.3057426 -3.2481935 -3.1921116 -3.1449841 -3.0939443 -3.0331439 -2.9661158 -2.8887335 -2.7965702 -2.6915514 -2.5774648 -2.4650195 -2.3526412 -2.2475171 -2.1701348 -2.121681 -2.1099761 -2.1640324 -2.246942 -2.3975447 -2.5619096 -2.7843024 -3.0001933 -3.210231 -3.3960947 -3.5658156 -3.6559709 -3.7305228 -3.7349807 -3.7220395 -3.6693676 -3.6120651 -3.5535407 -3.5234542 -3.5006138 -3.5181712 -3.5447614 -3.5857285 -3.6282649 -3.669232 -3.6825676 -3.6778711 -3.6427564 -3.5864816 -3.5221047 -3.4352976 -3.3558342 -3.2914573 -3.2380724
-3.666043 -3.6730943 -3.6371264 -3.5965956 -3.5382533 -3.4656931 -3.3913366 -3.3066917 -3.2312317 -3.1544003 -3.0915556 -3.0234824 -2.9689126 -2.9027499 -2.8395249 -2.7707579 -2.6933756 -2.604622 -2.4981328 -2.4153456 -2.3434906 -2.2510734 -2.206855 -2.1695864 -2.1844869 -2.2450583 -2.3338714 -2.484474 -2.648839 -2.8682632 -3.0765646 -3.2723234 -3.447458 -3.603071 -3.6767688 -3.7429412 -3.7253839 -3.7096211 -3.6480208 -3.5872282 -3.5287038 -3.5030895 -3.4820163 -3.5054261 -3.5323429 -3.582996 -3.6317049 -3.6754412 -3.6887768 -3.6840803 -3.6442722 -3.5766102 -3.503477 -3.4059894 -3.324788 -3.2558672 -3.2039579
-3.772005 -3.749168 -3.7014234 -3.6253524 -3.5572792 -3.460136 -3.3711173 -3.2694362 -3.175472 -3.0857726 -3.0082069 -2.9359009 -2.8682604 -2.8019327 -2.7380297 -2.6722189 -2.6077574 -2.5303751 -2.4484589 -2.3806856 -2.3232325 -2.2647673 -2.2333292 -2.2271571 -2.2537843 -2.3372186 -2.4311828 -2.5890528 -2.7530339 -2.9695743 -3.156246 -3.3448573 -3.4889593 -3.6352704 -3.6846085 -3.7364889 -3.6995619 -3.6669697 -3.5992259 -3.5212092 -3.4626847 -3.4429536 -3.4273615 -3.4603242 -3.4950251 -3.5529583 -3.6258217 -3.6726413 -3.6891029 -3.6822977 -3.6413306 -3.5677854 -3.4858512 -3.3814786 -3.2917826 -3.2200471 -3.1608193
-3.8686051 -3.8298881 -3.7580331 -3.6739692 -3.5744777 -3.4693097 -3.3541089 -3.246766 -3.1382166 -3.0389087 -2.9461145 -2.8675686 -2.7937495 -2.7274219 -2.6635188 -2.6027185 -2.5410689 -2.4802685 -2.4172086 -2.3620579 -2.3178395 -2.2771858 -2.2716585 -2.2830403 -2.3357123 -2.4275041 -2.5429491 -2.7046064 -2.8772187 -3.0722107 -3.2555938 -3.421413 -3.5551505 -3.654642 -3.6913649 -3.711652 -3.6531275 -3.5935172 -3.4998781 -3.420576 -3.3509184 -3.3352947 -3.3280137 -3.3748332 -3.4275594 -3.5094936 -3.5874647 -3.6602228 -3.6797651 -3.6760885 -3.6351214 -3.5598322 -3.4672235 -3.3570073 -3.2585166 -3.1765824 -3.1166322
-3.9677405 -3.9106082 -3.8262584 -3.7290032 -3.6220833 -3.5085284 -3.3933277 -3.2731607 -3.1604726 -3.0606138 -2.9644229 -2.885877 -2.8103596 -2.7417745 -2.6747688 -2.6106564 -2.547808 -2.4913743 -2.4361012 -2.3916707 -2.3512465 -2.3324847 -2.3369733 -2.3802762 -2.445196 -2.5412337 -2.671311 -2.8376176 -3.0052281 -3.1935697 -3.3656618 -3.5057405 -3.5806782 -3.658623 -3.6885524 -3.6439346 -3.5729274 -3.4673691 -3.3582707 -3.2676276 -3.1973983 -3.2006292 -3.1965055 -3.2556859 -3.3412143 -3.4474436 -3.53864 -3.6405998 -3.6834268 -3.6805993 -3.6396322 -3.5643431 -3.4606519 -3.3276595 -3.225772 -3.1374946 -3.0731676
-4.0421834 -3.977675 -3.8837108 -3.7833587 -3.6733944 -3.5645474 -3.4493467 -3.3354569 -3.2138561 -3.1167687 -3.021403 -2.9436012 -2.8680838 -2.796428 -2.7254284 -2.6591007 -2.5981623 -2.5428892 -2.496684 -2.4512023 -2.4306011 -2.4196501 -2.4426663 -2.4891077 -2.5651895 -2.6799668 -2.8126222 -2.969581 -3.1360399 -3.3116132 -3.439273 -3.5553465 -3.6114526 -3.6524197 -3.6046529 -3.5570418 -3.4346869 -3.3197318 -3.1968305 -3.1030488 -3.0328195 -3.0454661 -3.0687557 -3.1656859 -3.2670219 -3.3899232 -3.5244746 -3.6298185 -3.6800022 -3.6930857 -3.6521187 -3.5629252 -3.4575813 -3.3178678 -3.1955155 -3.1018764 -3.0344108
-4.0989628 -4.0342252 -3.9457883 -3.848548 -3.7479053 -3.6451221 -3.5424853 -3.4394746 -3.3318317 -3.2422931 -3.151797 -3.0784875 -3.004687 -2.9383594 -2.8673855 -2.795704 -2.7328556 -2.6732833 -2.6247656 -2.575387 -2.5588051 -2.5500441 -2.5832079 -2.6333778 -2.7204204 -2.8351978 -2.9678531 -3.1150142 -3.2726432 -3.4201127 -3.5283776 -3.589178 -3.6228657 -3.6089551 -3.5274382 -3.4452755 -3.2872596 -3.1582916 -3.0188592 -2.9249958 -2.8589608 -2.8921634 -2.9321524 -3.0726111 -3.1866326 -3.3622059 -3.5140005 -3.642237 -3.7057795 -3.7241319 -3.6774252 -3.5810294 -3.4637905 -3.3111948 -3.183097 -3.0726876 -3.0054593
-4.1211775 -4.0631638 -3.982796 -3.9096015 -3.818061 -3.7437033 -3.6488534 -3.5833908 -3.4838993 -3.4291241 -3.3471968 -3.2910296 -3.2208207 -3.1573766 -3.0910489 -3.0210228 -2.9491679 -2.8868188 -2.8350862 -2.7728244 -2.7478577 -2.7390865 -2.7659747 -2.8159913 -2.8998669 -3.0032207 -3.133984 -3.2598769 -3.4081546 -3.5388415 -3.5972698 -3.6352609 -3.6082693 -3.5664283 -3.4310691 -3.3234234 -3.1409326 -2.9885547 -2.8461107 -2.7679003 -2.7068703 -2.7704116 -2.8287095 -3.0024707 -3.1564786 -3.348602 -3.5374006 -3.6796023 -3.7485051 -3.7714132 -3.7201642 -3.6044364 -3.4797748 -3.3091627 -3.168523 -3.0531963 -2.9852551
-4.1113134 -4.0582318 -3.9919041 -3.934231 -3.8713942 -3.8184216 -3.7555849 -3.7084815 -3.6532084 -3.6176649 -3.5795641 -3.5324365 -3.4868519 -3.4260516 -3.3636485 -3.2973208 -3.2275139 -3.1556589 -3.0883378 -3.0197277 -2.9890479 -2.9673437 -2.9894529 -3.0286458 -3.1047275 -3.1994504 -3.3099965 -3.423637 -3.54302 -3.6308066 -3.6719727 -3.6775 -3.6181104 -3.5186189 -3.362361 -3.2007411 -3.0063155 -2.8282198 -2.6819087 -2.6102744 -2.5751598 -2.6532854 -2.7504896 -2.9455009 -3.1476644 -3.3642048 -3.5587575 -3.7343307 -3.8044648 -3.8271334 -3.7686089 -3.647127 -3.500816 -3.3191409 -3.1580364 -3.0351351 -2.9655499
-4.0365045 -3.9922069 -3.9546487 -3.9153415 -3.8838127 -3.8640625 -3.8425142 -3.8370157 -3.8146487 -3.8288436 -3.8093311 -3.8040947 -3.769556 -3.7419194 -3.6819224 -3.6202013 -3.5503943 -3.4785393 -3.4065228 -3.3239804 -3.2742346 -3.2452904 -3.2397631 -3.2696348 -3.3220509 -3.3990222 -3.4900644 -3.5715993 -3.673414 -3.7285252 -3.7276168 -3.6775 -3.59666 -3.4627357 -3.2797696 -3.1013933 -2.8965578 -2.7164535 -2.5796685 -2.5275 -2.5130674 -2.6245792 -2.7380711 -2.9721688 -3.1787106 -3.4261025 -3.6302002 -3.8088416 -3.8685752 -3.8892258 -3.8157242 -3.6786255 -3.5194437 -3.3176033 -3.1518272 -3.0192402 -2.9469222
-3.9140525 -3.8788102 -3.8496629 -3.8327192 -3.82772 -3.8375951 -3.8624043 -3.930426 -3.9414806 -3.9578789 -4.013149 -4.0079126 -4.0360098 -4.0096139 -3.9953531 -3.9417075 -3.8862367 -3.8166288 -3.7366994 -3.6476761 -3.5979303 -3.5409086 -3.5353813 -3.5148796 -3.5551025 -3.6228265 -3.6772732 -3.7484267 -3.7934885 -3.8227507 -3.7894375 -3.7282405 -3.5742574 -3.4218131 -3.2303674 -3.0247289 -2.8198934 -2.6408508 -2.5111061 -2.4702785 -2.4863416 -2.6272966 -2.7645385 -2.9986362 -3.2524705 -3.5054767 -3.7114638 -3.8867774 -3.9333646 -3.9417516 -3.8596619 -3.7123687 -3.5281154 -3.3167881 -3.1352187 -2.9985084 -2.9218135
-3.7650308 -3.7365327 -3.7254781 -3.7342092 -3.7656276 -3.811986 -3.8748227 -3.9575247 -4.0408284 -4.1195412 -4.1965156 -4.2541159 -4.2979666 -4.3200759 -4.3170614 -4.2894249 -4.2368831 -4.1705554 -4.0826588 -3.9891842 -3.9142472 -3.8479773 -3.8092862 -3.7880861 -3.7939386 -3.8234954 -3.8511319 -3.8837209 -3.9114641 -3.8838661 -3.8339413 -3.7344497 -3.5804667 -3.3814836 -3.1787283 -2.9688458 -2.7694869 -2.5978223 -2.4924783 -2.4698547 -2.5049693 -2.6582079 -2.8266432 -3.0841506 -3.3411078 -3.5986153 -3.7977767 -3.9674975 -4.0029577 -3.9898428 -3.8844988 -3.7208893 -3.5219062 -3.3053331 -3.1137733 -2.9674622 -2.8907673
-3.5707373 -3.548913 -3.5447037 -3.577644 -3.6243097 -3.7131768 -3.7966977 -3.9308686 -4.0357442 -4.1989928 -4.2985365 -4.4238102 -4.487684 -4.5569712 -4.5766558 -4.5748936 -4.5402985 -4.4848693 -4.396065 -4.3075668 -4.2136026 -4.1371248 -4.0711747 -4.0315899 -4.0105554 -4.0010631 -4.0136727 -3.9929571 -4.0086242 -3.9660952 -3.8735861 -3.7519769 -3.5883777 -3.3820339 -3.1784134 -2.9704247 -2.7933796 -2.6244663 -2.539467 -2.5552596 -2.6028226 -2.7660518 -2.941314 -3.1937158 -3.4512233 -3.6936523 -3.8603771 -4.0199228 -4.0157702 -3.9977028 -3.8778785 -3.695735 -3.4930611 -3.2651701 -3.0714092 -2.9250981 -2.8484032
-3.3794022 -3.3422464 -3.3422464 -3.3816522 -3.4444889 -3.5531949 -3.6683956 -3.8322318 -3.9869964 -4.1743687 -4.3445887 -4.4895098 -4.6235925 -4.7133518 -4.7870929 -4.8036748 -4.8014059 -4.7627147 -4.6832185 -4.6026302 -4.5067344 -4.413886 -4.3394002 -4.2657249 -4.2247578 -4.1865205 -4.1699386 -4.129737 -4.0993069 -4.0290775 -3.9206866 -3.787971 -3.6133573 -3.3968169 -3.1983409 -2.9957401 -2.8310765 -2.6893317 -2.6191024 -2.6508371 -2.7210664 -2.8856827 -3.0663069 -3.3093255 -3.5542058 -3.7873727 -3.9191588 -4.053765 -4.0340062 -3.9796599 -3.8509062 -3.6627843 -3.4520964 -3.2251214 -3.0230872 -2.8767761 -2.8020739
-3.1844855 -3.1361968 -3.1196148 -3.1575887 -3.2256619 -3.3426186 -3.4829463 -3.6674495 -3.8611559 -4.0853884 -4.2916032 -4.4853499 -4.6500852 -4.7937952 -4.8907598 -4.9626148 -4.9788778 -4.9812799 -4.9143831 -4.8476882 -4.7481966 -4.6523208 -4.5638839 -4.4821526 -4.4002184 -4.3462085 -4.2957792 -4.2356803 -4.1787851 -4.0842946 -3.9670489 -3.8178116 -3.6422753 -3.4365561 -3.2486589 -3.061972 -2.9215134 -2.7982746 -2.7631599 -2.7997302 -2.8800229 -3.0416367 -3.2186402 -3.4351806 -3.6589325 -3.8403582 -3.9544111 -4.0471418 -4.0032061 -3.9311237 -3.7848127 -3.5965524 -3.3858645 -3.1627601 -2.9646286 -2.8300224 -2.7540403
-3.0618573 -2.9803222 -2.9476883 -2.9680919 -3.0198359 -3.1299474 -3.2638529 -3.4647424 -3.6711206 -3.898538 -4.1479153 -4.3504211 -4.5672111 -4.7308207 -4.8771389 -4.9747669 -5.0233027 -5.0601762 -5.0147101 -4.9774853 -4.8789941 -4.7905572 -4.6959011 -4.5919939 -4.5048325 -4.4411342 -4.3647631 -4.2963592 -4.218033 -4.1162455 -3.9914723 -3.8470584 -3.6916023 -3.4970046 -3.3109918 -3.1642229 -3.0293959 -2.9466043 -2.9220636 -2.9677066 -3.0496408 -3.1829111 -3.3585306 -3.5618963 -3.7289452 -3.8741027 -3.9654835 -4.0001454 -3.9134117 -3.8288728 -3.6825618 -3.4943015 -3.3019243 -3.1145377 -2.9205584 -2.7913987 -2.7197935
-2.9369796 -2.8308172 -2.7810714 -2.775798 -2.8176892 -2.9127731 -3.043683 -3.2378471 -3.4589393 -3.7163165 -3.9764208 -4.2184781 -4.4570644 -4.6615747 -4.8398033 -4.9614041 -5.0456206 -5.0953664 -5.0771037 -5.0502981 -4.9661001 -4.8754316 -4.7648956 -4.6587466 -4.5651075 -4.4776863 -4.3947767 -4.3155814 -4.2359813 -4.1247849 -4.0129245 -3.8747418 -3.7271322 -3.5574113 -3.4196022 -3.2784319 -3.1806595 -3.1053853 -3.0936804 -3.1393235 -3.2212577 -3.343938 -3.4779091 -3.6296817 -3.7696318 -3.8808282 -3.9079177 -3.9313274 -3.8334674 -3.7171065 -3.5707955 -3.4056359 -3.2183578 -3.0454792 -2.8843747 -2.7614734 -2.6847821
-2.8970982 -2.7761983 -2.6755143 -2.6522695 -2.6562489 -2.7340456 -2.8387781 -3.0139332 -3.216779 -3.4699334 -3.7280513 -3.9898711 -4.2350266 -4.4727008 -4.6652599 -4.8310101 -4.9317351 -5.008437 -5.0013587 -5.0006242 -4.9342965 -4.8505946 -4.7511031 -4.6439738 -4.5402706 -4.4501897 -4.3637305 -4.2808209 -4.1987259 -4.0946624 -3.9931982 -3.8871603 -3.7541419 -3.6132945 -3.5071344 -3.3901982 -3.3316737 -3.2668255 -3.2703065 -3.3120014 -3.3826979 -3.4705089 -3.5834662 -3.6771053 -3.8068873 -3.8473529 -3.8388733 -3.8319796 -3.724317 -3.6053402 -3.4643204 -3.3162347 -3.1500561 -3.0103746 -2.8595378 -2.7572034 -2.6796959
-2.9503292 -2.789364 -2.6726177 -2.6068822 -2.5808168 -2.6256964 -2.6915554 -2.8090284 -2.9969568 -3.2490095 -3.4761423 -3.7379621 -3.9796393 -4.2177503 -4.4294311 -4.6067431 -4.7340925 -4.8352593 -4.8561209 -4.8766229 -4.8102952 -4.7549696 -4.6560257 -4.5666048 -4.4625021 -4.3687223 -4.2831327 -4.2002231 -4.1233047 -4.0238132 -3.9365066 -3.8387636 -3.7735044 -3.6484248 -3.5488599 -3.4878069 -3.4292824 -3.4162068 -3.4246017 -3.470833 -3.5262816 -3.5823975 -3.6713263 -3.7649653 -3.7935494 -3.8121633 -3.7847904 -3.7320435 -3.6178903 -3.4956826 -3.3627266 -3.2248352 -3.1015204 -2.995164 -2.8708525 -2.7767649 -2.7080111
-3.0062123 -2.8273823 -2.6726177 -2.5753519 -2.5125152 -2.5173245 -2.5487429 -2.6587191 -2.7920519 -3.003366 -3.2192683 -3.4601425 -3.7013423 -3.9445438 -4.1649178 -4.3583736 -4.5018625 -4.617936 -4.6644928 -4.6965549 -4.656913 -4.6085412 -4.5256316 -4.4362107 -4.3367192 -4.2480668 -4.1651572 -4.0914153 -4.0182776 -3.9421959 -3.8678358 -3.8015082 -3.7362489 -3.6718721 -3.6193812 -3.5747362 -3.5566407 -3.5498568 -3.5674142 -3.6036468 -3.6504663 -3.6949352 -3.7422134 -3.7656231 -3.7734807 -3.7500709 -3.6967158 -3.6264865 -3.5098504 -3.3932029 -3.2820064 -3.1761749 -3.0766834 -2.9889186 -2.9025205 -2.8264388 -2.7474471
-3.1546412 -2.9578945 -2.7742989 -2.6430906 -2.5478807 -2.5029966 -2.4984761 -2.5484053 -2.6521367 -2.7954794 -2.9908134 -3.18456 -3.4165192 -3.6347956 -3.8537504 -4.0432757 -4.1949801 -4.3168051 -4.3684259 -4.4228421 -4.4007329 -4.3587623 -4.2915705 -4.2067458 -4.1153682 -4.0347797 -3.957019 -3.8982855 -3.8307129 -3.7701793 -3.7379153 -3.711029 -3.6778236 -3.6449436 -3.6392172 -3.6124733 -3.635883 -3.631899 -3.6617169 -3.6932473 -3.7317544 -3.7412562 -3.7690087 -3.7402028 -3.7455468 -3.6908769 -3.6106475 -3.5332423 -3.4226286 -3.3073193 -3.2306524 -3.1777162 -3.1010983 -3.0602402 -2.9807923 -2.9172104 -2.8220459
-3.3225638 -3.120463 -2.9264515 -2.760044 -2.6448433 -2.5527874 -2.5161326 -2.5145144 -2.5697875 -2.6714699 -2.8115126 -2.9777217 -3.164546 -3.3673124 -3.5586307 -3.7447219 -3.891586 -4.0187141 -4.0869015 -4.1414401 -4.1247927 -4.0959885 -4.0330135 -3.9605575 -3.8732649 -3.7991674 -3.7273124 -3.6783394 -3.6240046 -3.5830375 -3.5813351 -3.5704891 -3.5877049 -3.5818525 -3.6106769 -3.6179586 -3.6596919 -3.6868604 -3.7235468 -3.7590897 -3.7883519 -3.7849953 -3.7844666 -3.7440105 -3.7011989 -3.6341137 -3.5482164 -3.4604297 -3.3632232 -3.2684282 -3.209324 -3.1902048 -3.1433853 -3.1250781 -3.0806669 -3.0221425 -2.9074332
-3.4983935 -3.3005309 -3.1015479 -2.9316232 -2.7797677 -2.6743987 -2.5801436 -2.5571464 -2.5511598 -2.6171202 -2.7059555 -2.8263926 -2.9720596 -3.1378788 -3.3102611 -3.470553 -3.6114831 -3.7330891 -3.8012765 -3.8558151 -3.8447605 -3.822782 -3.767509 -3.6997695 -3.6178353 -3.5455771 -3.4789428 -3.4360991 -3.3942628 -3.3847216 -3.3888487 -3.4109579 -3.4428158 -3.4949232 -3.5403557 -3.5869124 -3.6512893 -3.7019211 -3.754593 -3.7893438 -3.8131889 -3.8010196 -3.7844666 -3.7259422 -3.666374 -3.5844398 -3.4985425 -3.4107558 -3.3296999 -3.2575707 -3.234161 -3.2221919 -3.2116869 -3.2148783 -3.1924332 -3.1339088 -3.0130962
-3.6868854 -3.4977291 -3.3076688 -3.13051 -2.9744688 -2.8369755 -2.73138 -2.6459288 -2.6182886 -2.6089137 -2.673041 -2.7364673 -2.8530827 -2.976656 -3.1230778 -3.2638682 -3.3824087 -3.4953529 -3.5625469 -3.6066031 -3.5903991 -3.5693021 -3.5099342 -3.444192 -3.3622578 -3.2909983 -3.2246706 -3.1921894 -3.1564028 -3.1563379 -3.1893287 -3.2341033 -3.292184 -3.3568873 -3.4488414 -3.5098433 -3.5994007 -3.6600189 -3.7215181 -3.7666576 -3.7916938 -3.7739658 -3.7526497 -3.689468 -3.6219107 -3.5432977 -3.4751422 -3.3923455 -3.3425532 -3.2824077 -3.2780282 -3.3011738 -3.3037036 -3.3248647 -3.3094101 -3.2448414 -3.0866759
