P1_models/J1_p1_vp_slide_diff2_320.dat.tif
NCOLS 118
NROWS 92
XLLCORNER 139.62
YLLCORNER -39.07
DX 0.099491525
DY 0.099347826
NODATA_VALUE -9999
[rows 24 to 47 of 92, columns 53 to 105 of 118]
0.021488814 0.02188011 0.031209572 0.040539035 0.049868497 0.05919796 0.068527422 0.067182431 0.058583698 0.049984965 0.041386233 0.0327875 0.026030212 0.022704384 0.019020846 0.015337308 0.01165377 0.0079702322 0.005659276 0.0086060676 0.011552859 0.014499651 0.017446442 0.020342421 0.018700436 0.01705845 0.015416464 0.013774479 0.012132493 0.015869691 0.021713973 0.027558255 0.033402538 0.03924682 0.034956716 0.012405366 -0.010145984 -0.032697334 -0.055248683 -0.078441783 -0.057149134 -0.035058894 -0.012968654 0.0091215862 0.031211826 0.020539012 0.002954841 -0.014629329 -0.0322135 -0.04979767 -0.041516158 -0.019085396 0.0033453665
0.021171225 0.02160108 0.025459601 0.034789064 0.044118526 0.053447989 0.062777451 0.057290187 0.045887624 0.037288891 0.028690158 0.020091425 0.011492693 0.024444747 0.021001123 0.017317585 0.013634047 0.0099505088 0.0091755054 0.012122297 0.015069089 0.01801588 0.020962672 0.0065739457 0.0073648205 0.0057228349 0.0040808493 0.0024388636 0.00079687804 0.0042753977 0.01011968 0.015963962 0.021808245 0.032085665 0.042791459 0.029384839 0.0068334887 -0.015717861 -0.038269211 -0.059489679 -0.037399439 -0.015309199 0.0067810412 0.028871281 0.030476886 0.033198781 0.01610331 -0.0014808609 -0.019065031 -0.036649202 -0.053639791 -0.039595246 -0.017164484
0.021330604 0.021760459 0.024025135 0.026542983 0.035872445 0.045201908 0.05453137 0.049044106 0.033488251 0.020765445 0.012166712 0.0035679796 -0.0050307532 0.0079213016 0.021613868 0.021098509 0.017414971 0.013731433 0.01295643 0.015903222 0.018850013 0.019618878 0.0045823922 -0.010276925 -0.0093137346 -0.008350544 -0.0098365129 -0.011478499 -0.013120484 -0.0096419645 -0.0037976821 0.0020466003 0.014175109 0.034706968 0.045412762 0.038412876 0.02696622 0.0044148702 -0.01813648 -0.039356947 -0.017266707 0.0048235325 0.026913772 0.026414547 0.023309046 0.026030941 0.029373474 0.014470807 -0.0031133639 -0.020697534 -0.037688124 -0.054395736 -0.042789248
0.021489984 0.021919838 0.024184514 0.02644919 0.028713866 0.036955827 0.046285289 0.040798025 0.02524217 0.0096863146 -0.0043567336 -0.012955466 -0.021554199 -0.0086021443 0.0050904221 0.018782989 0.021195896 0.017512358 0.016737355 0.019684146 0.017804493 0.0027680071 -0.012268479 -0.027127796 -0.026164606 -0.025201415 -0.024238224 -0.025395861 -0.027037846 -0.023559327 -0.017715044 -0.0037354479 0.016796412 0.037328271 0.048034065 0.041034179 0.034034293 0.024547601 0.0019962516 -0.019224216 0.0028660238 0.024956264 0.022352208 0.019246707 0.016141206 0.018863101 0.022205634 0.025548167 0.012838304 -0.0047458669 -0.021736456 -0.038444068 -0.05515168
0.021649363 0.022079218 0.024343893 0.026608569 0.028873245 0.031137921 0.038039209 0.032551944 0.016996089 0.0014402337 -0.014115622 -0.029478912 -0.038077645 -0.02512559 -0.011433024 0.0022595427 0.015952109 0.021293283 0.020518279 0.015990108 0.00095362201 -0.014082864 -0.02911935 -0.043978667 -0.043015477 -0.042052286 -0.041089095 -0.040125905 -0.040955208 -0.037476689 -0.021646005 -0.0011141449 0.019417715 0.039949574 0.050655368 0.043655482 0.036655596 0.029655711 0.022128983 0.00090851513 0.02139537 0.018289869 0.015184368 0.012078867 0.0089733658 0.011695261 0.015037794 0.018380327 0.021722859 0.0112058 -0.005784789 -0.022492401 -0.039200013
0.025513107 0.022209405 0.024474081 0.026738757 0.029003433 0.031268109 0.033532784 0.027383495 0.01182764 -0.0037282157 -0.019284071 -0.034839926 -0.050395782 -0.041909655 -0.028217089 -0.014524522 -0.00083195592 0.01286061 0.013950569 -0.0010859171 -0.016122403 -0.031158889 -0.046195375 -0.057240934 -0.055735341 -0.054772151 -0.05380896 -0.052845769 -0.051882579 -0.037534685 -0.017002826 0.0035290339 0.024060893 0.044592753 0.052271377 0.045271491 0.038271605 0.031271719 0.024271834 0.017388049 0.014282548 0.011177047 0.0080715459 0.0049660448 0.0014317867 0.0050310301 0.0083735627 0.011716095 0.015058628 0.01840116 0.010548248 -0.0061593636 -0.022866975
0.025959961 0.022611715 0.024408248 0.026628629 0.028893305 0.03115798 0.033422656 0.035224647 0.031995248 0.016439393 0.00088353768 -0.014672318 -0.030228173 -0.049854382 -0.047146654 -0.033454088 -0.019761522 -0.0060689552 -0.0049789969 -0.020015483 -0.035051969 -0.050088455 -0.056574611 -0.041460695 -0.035606275 -0.033484237 -0.032521046 -0.031557855 -0.030594665 -0.016246771 0.0042850882 0.024816948 0.045348807 0.052857607 0.048543505 0.038611593 0.031611707 0.024611822 0.017611936 0.010728152 0.0076226505 0.0045171493 0.0014116482 -0.0038192182 -0.027233866 -0.0050774862 0.005855201 0.0091977336 0.012540266 0.015882799 0.019666344 0.013313233 -0.0033943788
0.026406815 0.023058569 0.024855101 0.026651634 0.028783176 0.031047852 0.033312528 0.035114518 0.036602094 0.036607002 0.021051146 0.005495291 -0.010060564 -0.029686774 -0.049452846 -0.052383654 -0.038691087 -0.024998521 -0.023908563 -0.038945048 -0.053981534 -0.056011969 -0.040794372 -0.025680455 -0.019826036 -0.013971617 -0.011233132 -0.010269942 -0.0093067509 0.0050411426 0.025573002 0.046104862 0.050900292 0.049902749 0.045588647 0.035298408 0.025008168 0.017951924 0.010952038 0.0040682539 0.00096275271 -0.0021427485 -0.0090702231 -0.032484871 -0.055899519 -0.033743139 -0.0067332943 0.0066793719 0.010021904 0.013364437 0.017147982 0.021141771 0.016078218
0.026853669 0.023505423 0.025301955 0.027098488 0.028895021 0.030937724 0.0332024 0.03500439 0.036491966 0.037979542 0.039467118 0.0256629 0.010107044 -0.009519165 -0.029285237 -0.049051309 -0.057620653 -0.043928087 -0.042838128 -0.057874614 -0.055449327 -0.040231729 -0.025014132 -0.0099002155 -0.0040457963 0.001808623 0.0076630422 0.011017972 0.011981163 0.026329057 0.046860916 0.048942978 0.047945434 0.046947891 0.042633789 0.03234355 0.02205331 0.01176307 0.0042921402 -0.0025916439 -0.0056971451 -0.014321228 -0.037735876 -0.061150523 -0.084565171 -0.062408791 -0.035398947 -0.0083891024 0.0075035428 0.010846075 0.014629621 0.018623409 0.022617198
0.027086419 0.023952276 0.025748809 0.027545342 0.029341874 0.031138407 0.033092272 0.034894262 0.036381838 0.037869414 0.03935699 0.040844566 0.030274653 0.010648444 -0.0091176281 -0.0288837 -0.048649772 -0.062857652 -0.061767694 -0.054886684 -0.039669087 -0.02445149 -0.0092338924 0.005880024 0.011734443 0.017588863 0.023443282 0.029297701 0.033269077 0.047616971 0.046985663 0.04598812 0.044990576 0.043993033 0.039678931 0.029388692 0.019098452 0.0088082124 -0.0014820271 -0.0092515417 -0.019572233 -0.042986881 -0.066401528 -0.089816176 -0.11323082 -0.091074444 -0.0640646 -0.037054755 -0.01004491 0.0083277137 0.012111259 0.016105048 0.020098836
0.011024809 0.017153755 0.023951694 0.025748227 0.027544759 0.029341292 0.031137825 0.028758855 0.030246431 0.031734007 0.033221583 0.034709159 0.036196735 0.030884531 0.011118459 -0.008647613 -0.028413685 -0.048179757 -0.0525995 -0.037381903 -0.022164305 -0.006946708 0.0082708893 0.016489906 0.013753192 0.019607612 0.025462031 0.03131645 0.037170869 0.03833864 0.037341096 0.036343553 0.03534601 0.034348466 0.03548853 0.024813228 0.014522989 0.0042327491 -0.0060574904 -0.016739003 -0.04015365 -0.063568298 -0.086982946 -0.11039759 -0.12762323 -0.11465488 -0.087645039 -0.060635194 -0.03362535 -0.0066155053 0.0044559279 0.0084497167 0.012443505
-0.020363273 -0.014234327 0.0088597882 0.020250188 0.022046721 0.023843254 0.025639786 0.022073017 0.014861658 0.015661257 0.017148833 0.018636409 0.020123985 0.030556466 0.031467485 0.011701414 -0.0080646583 -0.02783073 -0.032250473 -0.017032876 -0.0018152789 0.013402318 0.019186734 0.019167977 0.0047219956 -0.0010701266 0.0047842927 0.010638712 0.016493131 0.017660901 0.016663358 0.015665815 0.014668271 0.029349038 0.033965916 0.018699036 0.0072747008 -0.0030155387 -0.013305778 -0.023987291 -0.047401938 -0.070816586 -0.094231234 -0.10939611 -0.11356832 -0.11297686 -0.10283856 -0.075828717 -0.048818872 -0.021809027 -0.010967788 -0.0076778911 -0.0036841023
-0.051751354 -0.045622409 -0.022528294 0.00056582147 0.016548683 0.018345215 0.020141748 0.016574979 0.00936362 0.002152261 0.0010760824 0.0025636583 0.0040512343 0.014483715 0.025223554 0.03205044 0.012284368 -0.0074817036 -0.011901447 0.0033161503 0.018533748 0.021722017 0.021864806 0.021846049 0.0074000674 -0.0070459143 -0.015893445 -0.010039026 -0.004184607 -0.0030168368 -0.0040143801 -0.0034769884 0.012174718 0.027826424 0.032443303 0.017176422 0.0019095415 -0.010263827 -0.020554066 -0.031235578 -0.054650226 -0.078064874 -0.091168994 -0.0953412 -0.099513407 -0.098921945 -0.097823138 -0.091022239 -0.064012394 -0.03700255 -0.02616131 -0.023028123 -0.01981171
-0.083139436 -0.07701049 -0.053916375 -0.03082226 -0.0077281453 0.012847177 0.01464371 0.011076941 0.0038655817 -0.0033457773 -0.010557136 -0.013509092 -0.012021516 -0.0015890353 0.0091508035 0.019890642 0.030630481 0.012867323 0.0084475795 0.023665177 0.0242573 0.024400089 0.024542877 0.024524121 0.010078139 -0.0043678425 -0.018813824 -0.030716764 -0.024862345 -0.023694575 -0.020651308 -0.0049996018 0.010652105 0.026303811 0.03092069 0.015653809 0.00038692812 -0.014879953 -0.027802354 -0.038483866 -0.061898514 -0.072941878 -0.077114084 -0.08128629 -0.085458497 -0.084867036 -0.083768228 -0.082669421 -0.079205916 -0.052196072 -0.041354833 -0.038221646 -0.035088458
-0.10263185 -0.10839857 -0.085304457 -0.062210342 -0.039116227 -0.016022112 0.007072003 0.0055789024 -0.0016324566 -0.0088438155 -0.016055174 -0.023266533 -0.028094267 -0.017661786 -0.0069219469 0.0038178919 0.014557731 0.02529757 0.026649794 0.026792583 0.026935372 0.027078161 0.027220949 0.027202193 0.012756211 -0.0016897707 -0.016135752 -0.030581734 -0.045027716 -0.037825628 -0.022173922 -0.0065222152 0.0091294912 0.024781198 0.029398076 0.014131195 -0.0011356853 -0.016402566 -0.031669447 -0.045732154 -0.054714762 -0.058886968 -0.063059174 -0.067231381 -0.071403587 -0.070812126 -0.069713319 -0.068614511 -0.067515704 -0.066416897 -0.056548355 -0.053415168 -0.050281981
-0.10490723 -0.10192115 -0.078827032 -0.055732917 -0.032638802 -0.0095446867 0.00706233 0.0020705129 -0.0076811555 -0.014892514 -0.022103873 -0.029315232 -0.036526591 -0.026383087 -0.015643248 -0.0049034094 0.0058364294 0.012476042 0.011610698 0.011753486 0.011896275 0.012039064 0.012181853 0.027252885 0.010719614 -0.0037263678 -0.01817235 -0.032618331 -0.047064313 -0.040923886 -0.02527218 -0.0096204735 0.006031233 0.018444083 0.026989119 0.030802979 0.015536098 0.00026921753 -0.014997663 -0.029933783 -0.034105989 -0.038278196 -0.042450402 -0.046622608 -0.049870686 -0.04915755 -0.048058743 -0.046959935 -0.045861128 -0.046100155 -0.044453187 -0.04132 -0.038186812
-0.085623164 -0.082637086 -0.059542971 -0.036448856 -0.013354741 0.00047571343 0.010693493 0.0057016759 -0.0096257042 -0.021127454 -0.028338813 -0.035550172 -0.042761531 -0.032618027 -0.021878188 -0.011138349 -0.0069020576 -0.0085552449 -0.0094205893 -0.0092778005 -0.0091350118 -0.0079697437 0.0094307714 0.026451407 0.00954592 -0.0073575308 -0.021803513 -0.036249494 -0.050695476 -0.044555049 -0.028903343 -0.013251637 -0.0030890226 -0.0023880767 0.0061569593 0.028836334 0.038361477 0.023094597 0.0078277158 -0.0071084037 -0.01128061 -0.015452816 -0.019625023 -0.02273772 -0.025645799 -0.024932663 -0.023833855 -0.022735048 -0.023305015 -0.024775576 -0.023128608 -0.019995421 -0.016862233
-0.066339103 -0.063353025 -0.04025891 -0.017164795 -0.0061109032 0.0041068765 0.014324656 0.0093328389 -0.0059945412 -0.021321921 -0.034573753 -0.041785112 -0.048996471 -0.038852967 -0.028113128 -0.026280157 -0.027933344 -0.029586532 -0.030451876 -0.030309087 -0.026171737 -0.0087712215 0.0086292936 0.02564993 0.0087444422 -0.0081610452 -0.025066533 -0.039880657 -0.054326639 -0.048186212 -0.032534506 -0.024622128 -0.023921182 -0.023220236 -0.0146752 0.0080041748 0.03068355 0.045919976 0.030653095 0.015716975 0.011544769 0.0073725625 0.0043952464 0.0014871676 -0.0014209112 -0.00070777513 0.00039103224 -0.00050987476 -0.001980436 -0.0034509973 -0.0018040288 0.0013291583 -0.0095972134
-0.047055042 -0.044068964 -0.022915299 -0.01269752 -0.0024797401 0.0077380395 0.017955819 0.012964002 -0.0023633782 -0.017690758 -0.033018138 -0.048020052 -0.055231411 -0.045087907 -0.045658257 -0.047311444 -0.048964631 -0.050617819 -0.051483163 -0.044373729 -0.026973214 -0.0095726993 0.0078278158 0.024848452 0.0079429644 -0.008962523 -0.02586801 -0.042773498 -0.057957802 -0.051817375 -0.046155233 -0.045454287 -0.044753341 -0.044052395 -0.035507359 -0.012827984 0.0098513904 0.032530765 0.053478474 0.038542354 0.034436291 0.031528213 0.028620134 0.025712055 0.022803976 0.023517112 0.022285265 0.020814704 0.019344143 0.017873582 0.01952055 0.0066990428 -0.012362539
-0.028721536 -0.030326353 -0.020108573 -0.0098907937 0.00032698592 0.010544766 0.020762545 0.017745279 0.0024178988 -0.012909481 -0.028236862 -0.043564242 -0.058891622 -0.060318806 -0.061971993 -0.063625181 -0.065278368 -0.066931555 -0.060226432 -0.042825917 -0.025425402 -0.0080248868 0.0093756283 0.024061437 0.0091894001 -0.0077160872 -0.024621575 -0.041527062 -0.058432549 -0.063295476 -0.06259453 -0.061893584 -0.061192638 -0.060491692 -0.054554126 -0.031874751 -0.0091953761 0.013483999 0.036163373 0.05807992 0.055171841 0.052263762 0.049355683 0.046447605 0.04355351 0.042296736 0.040826175 0.039355614 0.037885053 0.036414491 0.021899745 0.0028381641 -0.016223417
-0.017557166 -0.020200075 -0.022233078 -0.013302018 -0.0030842379 0.0071335417 0.017351321 0.020800183 0.015873399 0.0005460191 -0.014781361 -0.030108741 -0.045436121 -0.042735989 -0.042705702 -0.044358889 -0.046012077 -0.047665264 -0.040960141 -0.023559626 -0.0061591105 0.011241405 0.023148007 0.021790599 0.02172546 0.0089758272 -0.0079296602 -0.024835148 -0.041740635 -0.046603562 -0.045902616 -0.04520167 -0.044500724 -0.038992163 -0.035268472 -0.037455985 -0.01477661 0.0079027647 0.030582139 0.052498686 0.049590607 0.046682528 0.043774449 0.040918539 0.038467536 0.039055902 0.038372495 0.036901934 0.035431373 0.033960811 0.014413888 -0.0092854414 -0.028347023
-0.006392795 -0.0090357045 -0.011068707 -0.01310171 -0.0064954618 0.0037223178 0.013940098 0.017388959 0.016238055 0.01400152 -0.0013258606 -0.016653241 -0.031980621 -0.029280488 -0.025960909 -0.025092598 -0.026745785 -0.028398973 -0.021693849 -0.0042933342 0.013107181 0.022249047 0.020877169 0.019519761 0.019454623 0.019389484 0.0087622543 -0.0081432331 -0.02504872 -0.029911647 -0.029210701 -0.028509755 -0.022015582 -0.013494226 -0.0097705351 -0.014691799 -0.019613063 0.0023215306 0.025000905 0.046917452 0.044009373 0.041101294 0.038283567 0.035832564 0.033381561 0.033969928 0.034881997 0.034448254 0.032977693 0.031507131 0.011960208 -0.016204251 -0.040470628
0.0047715755 0.002128666 9.5663244e-05 -0.0019373395 -0.0039703422 0.00031109398 0.010528874 0.013977735 0.012826832 0.011675928 0.010525024 -0.0031977403 -0.01852512 -0.015824988 -0.012505408 -0.0091858281 -0.0074794938 -0.0091326811 -0.0024275578 0.014972957 0.021350087 0.019978209 0.018606331 0.017248924 0.017183785 0.017118646 0.017053507 0.0085486813 -0.008356806 -0.013219733 -0.012518787 -0.0050390004 0.0034823549 0.01200371 0.015727402 0.010806138 0.0058848739 0.00096361006 0.019419671 0.041336217 0.038428139 0.035648596 0.033197593 0.03074659 0.028295587 0.028883953 0.029796023 0.030708092 0.030524013 0.029053451 0.0095065285 -0.018657931 -0.046822389
0.015052623 0.013293036 0.011260034 0.009227031 0.0071940283 0.0051610256 0.0071176498 0.010566511 0.0094156077 0.008264704 0.0071138002 0.0059628964 -0.0050696199 -0.0023694875 0.00095009242 0.0042696724 0.0075892524 0.01013361 0.016838734 0.020451127 0.019079249 0.017707371 0.016335494 0.014978086 0.014912947 0.014847808 0.01478267 0.014717531 0.0083351084 0.0034721815 0.011937581 0.020458936 0.028980292 0.037501647 0.041225338 0.036304074 0.031382811 0.026461547 0.021540283 0.035754983 0.033013624 0.030562621 0.028111618 0.025660615 0.023209612 0.023797979 0.024710048 0.025622117 0.026534187 0.026599772 0.0070528486 -0.02111161 -0.049276069
