P1_models/J1_p1__temp2_slide_40.dat.tif
NCOLS 118
NROWS 92
XLLCORNER 139.62
YLLCORNER -39.07
DX 0.099491525
DY 0.099347826
NODATA_VALUE -9999
[rows 27 to 53 of 92, columns 0 to 59 of 118]
-9999 448.58942 446.45606 444.05131 440.03038 436.00946 431.98853 428.08012 424.30156 420.523 416.74445 414.23302 412.06932 410.83318 411.4545 412.07583 412.69715 412.50721 411.99201 413.33103 418.94782 424.56462 426.93709 428.9125 430.8879 434.44862 442.25837 450.06811 457.87786 459.54069 458.72688 456.90199 453.12806 449.35413 446.25875 443.18413 440.1095 438.37978 438.57413 438.76848 438.96283 439.36278 439.78236 441.73764 444.79692 447.85619 450.23787 448.57514 446.91241 446.59665 446.51368 446.43071 449.86171 457.18145 463.63648 467.0963 470.55612 474.01593 480.92488 488.46137
-9999 446.18964 443.22617 439.20525 435.18432 431.1634 427.14247 423.23406 419.4555 415.67694 411.89839 408.11983 405.13041 403.89426 404.51558 405.13691 405.75823 406.37956 406.50188 407.8409 412.85429 414.82969 416.8051 418.7805 420.7559 424.31662 432.12637 439.93611 447.74586 455.55561 459.40456 457.57967 453.96227 450.88764 447.81302 444.73839 441.66377 439.93404 440.1284 440.32275 440.5171 440.71145 441.05908 443.01436 446.07364 449.13292 452.1922 455.25147 453.90755 453.59179 453.50882 453.42586 453.34289 455.36909 461.82412 465.28394 468.74376 472.20358 475.66339 481.79872
-9999 442.87894 438.85801 434.83708 430.81616 426.79523 422.77431 418.56688 414.78832 411.00977 407.23121 403.45265 399.67409 397.48498 398.10631 398.72763 399.34896 399.97028 400.59161 401.62238 403.59779 405.57319 407.5486 409.524 411.49941 415.34467 423.15441 430.96416 438.77391 446.58366 454.3934 458.4854 455.41078 452.33615 449.26153 446.1869 443.11228 440.85884 441.0532 441.24755 441.4419 441.63625 441.8306 443.72374 446.78302 449.84229 452.90157 455.96085 459.02013 459.3216 459.23863 459.15566 459.07269 458.98972 460.37459 463.83441 467.29422 470.75404 474.21386 477.67368
-9999 442.44498 438.42405 434.40312 430.3822 426.36127 422.72608 417.85947 411.59376 407.8152 404.03665 400.25809 396.47953 394.46562 395.98552 396.67853 397.29986 397.92118 398.5425 399.57328 401.54869 403.52409 405.49949 407.4749 413.25531 419.89763 424.15047 431.54207 439.35182 447.16156 454.97131 459.06331 455.98869 452.91406 449.83944 446.76481 442.93218 439.42716 436.79604 436.99039 437.18474 437.37909 437.57344 439.57669 442.82179 445.88106 448.94034 451.99962 455.0589 454.91892 454.55174 454.46877 454.3858 454.30283 456.18547 464.87677 468.83158 472.2914 475.75121 479.21103
-9999 442.01102 437.99009 433.96916 430.03244 426.43982 422.8472 417.98059 411.64363 405.30667 400.84209 397.06353 393.28497 391.27106 392.79096 394.31086 395.25075 395.87208 396.4934 397.52418 399.49958 401.47499 403.45039 410.75799 418.29182 424.93414 429.18698 433.43982 439.92972 447.73947 455.54922 459.64122 456.5666 453.49197 450.36604 446.34472 442.32341 438.81839 436.05202 433.28564 432.92758 433.12193 433.31628 435.31953 438.62317 441.91983 444.97911 448.03839 451.09766 450.95769 450.26481 449.78187 449.69891 449.61594 451.49858 460.18988 468.88117 473.82875 477.28857 480.74839
-9999 441.57706 437.55613 433.74618 430.15356 426.56094 422.96832 418.10171 411.76475 405.42779 399.09083 393.86897 390.09041 388.0765 389.5964 391.1163 392.6362 393.82298 394.4443 395.47508 397.45048 400.72684 408.26067 415.7945 423.32833 429.97065 434.22349 438.47633 442.72917 448.31738 456.12713 460.21913 457.1445 453.77858 449.75727 445.73595 441.71464 438.20963 435.44325 432.67687 429.91049 428.86477 429.05912 431.06237 434.36601 437.66966 440.9733 444.07716 447.13643 446.99646 446.30358 445.61069 445.01201 444.92904 446.81169 455.50299 464.19428 472.88558 478.82592 482.28574
-9999 441.1431 437.45993 433.8673 430.27468 426.68206 423.08944 418.22282 411.88587 405.54891 399.21195 392.87499 386.89585 384.88194 386.40184 387.92174 389.44163 390.96153 392.3952 393.42598 398.22953 405.76336 413.29719 420.83102 428.36485 435.00716 439.26 443.51285 447.76569 452.01853 456.70504 460.79704 457.19112 453.16981 449.1485 445.12718 441.10587 437.60086 434.83448 432.0681 429.30172 426.53534 424.80196 426.80521 430.10885 433.4125 436.71614 440.01978 443.1752 443.03523 442.34235 441.64946 440.95657 440.26368 442.1248 450.81609 459.50739 468.19868 476.88998 483.8231
-9999 442.58825 438.99563 435.403 431.81038 428.21776 424.62514 416.46726 409.96284 403.62589 397.28893 390.95197 384.61501 384.05928 387.08595 388.60585 390.12575 391.64565 393.16555 396.50397 404.0378 411.57163 419.10546 426.63929 434.17312 437.57539 441.63401 445.88685 450.13969 454.39254 458.64538 460.07204 456.05073 452.02941 448.0081 443.98679 439.96548 438.15513 435.39356 432.62719 429.86081 427.09443 424.32805 422.78646 426.0901 429.39374 432.69739 436.00103 439.30467 439.42033 438.72744 438.03456 437.34167 436.64878 437.3181 445.23362 453.92492 462.61621 471.30751 479.9988
-9999 446.45698 442.86436 439.27174 435.67912 431.44783 425.63932 417.40178 406.36083 398.33151 391.99455 385.6576 379.32064 378.76491 389.78641 395.68698 397.20688 398.72677 400.24667 403.58509 411.11892 418.65275 426.18658 433.32004 434.77046 436.73309 440.06859 443.86966 448.1225 452.37534 456.62818 458.05485 454.03353 450.01222 445.99091 442.5739 441.99381 440.54531 437.8544 435.11239 432.34601 429.57964 426.81326 424.70509 423.07012 425.7682 429.07184 432.37548 435.67912 435.98326 435.68373 434.99084 434.29795 433.60507 434.27438 439.6622 446.86539 455.55669 464.24798 472.93928
-9999 450.32572 446.7331 443.14047 438.19086 432.38235 426.57384 418.3363 407.29535 396.2544 386.70018 380.36322 374.02626 373.47053 384.49204 395.51354 404.288 405.8079 407.3278 410.66622 418.20005 425.73388 431.02732 432.47774 433.92816 435.89079 439.22629 442.56179 446.10531 450.35815 454.61099 456.03765 452.01634 447.99503 445.54416 444.96408 444.38399 442.93548 440.24458 437.55368 434.83122 432.06484 429.29846 427.1903 425.55532 423.92035 425.44629 428.74993 432.05358 432.35771 432.14345 431.92919 431.25424 430.56135 431.23067 436.61849 442.00631 448.49716 457.18845 465.87975
-9999 454.19445 450.60183 444.93389 439.12537 433.31686 427.50835 419.27081 408.22986 397.18891 386.14796 375.10701 368.73189 368.17616 379.19766 390.21917 401.24067 412.26218 414.40892 417.74734 425.28117 428.7346 430.18502 431.63544 433.08586 435.0485 438.38399 441.71949 445.05498 448.39048 452.5938 454.02046 449.99915 448.51443 447.93434 447.35426 446.77417 445.32566 442.63476 439.94386 437.25296 434.55005 431.78367 429.67551 428.04053 426.40555 424.77058 425.12439 428.42803 428.73216 428.5179 428.30364 428.08938 427.51764 428.18695 433.57477 438.96259 444.35042 450.12893 458.82022
-9999 457.48543 451.67691 445.8684 440.05989 434.25138 428.44287 420.20533 409.16438 398.12343 387.08248 376.04153 365.00058 362.88178 373.90329 384.92479 395.9463 406.9678 417.98931 424.82847 426.44188 427.8923 429.34273 430.79315 432.24357 434.2062 437.5417 440.87719 444.21269 447.54818 450.88368 452.06478 451.48469 450.90461 450.32452 449.74443 449.16435 447.71584 445.02494 442.33404 439.64313 436.95223 434.26133 432.16072 430.52574 428.89076 427.25578 425.62081 424.80248 425.10662 424.89235 424.67809 424.46383 424.24957 425.14324 430.53106 435.91888 441.3067 446.69452 452.08234
-9999 456.94484 451.13633 445.32782 439.51931 433.7108 430.49287 425.31435 414.2734 403.23245 392.1915 381.15055 372.01305 370.64571 378.57213 389.59363 400.61514 411.63664 422.65815 430.7855 432.23592 433.68634 435.13676 436.58718 436.00598 433.5639 441.02141 444.3569 447.6924 451.02789 454.36339 456.36145 455.78137 455.20128 454.62119 454.04111 451.8794 447.90451 445.21361 442.5227 439.8318 437.1409 435.22697 435.34481 434.63662 433.00165 431.36667 429.73169 428.09671 427.67309 427.45883 427.24457 427.03031 426.91123 428.50975 433.89757 439.28539 444.67321 450.06103 451.16577
-9999 455.90536 450.09685 444.28834 438.47983 437.11276 437.01376 431.83524 420.79429 409.75334 398.71239 391.48788 386.34808 384.98074 391.16795 397.63217 408.65367 419.67518 430.69668 438.82403 440.27446 441.72488 443.1753 440.08603 433.24433 430.80225 440.15226 449.29838 452.63387 455.96937 459.30486 461.30293 460.72284 460.14275 459.56267 456.19587 451.32349 447.34859 444.65769 441.96679 439.27588 437.74709 436.5429 436.66074 437.72896 437.66235 436.02738 434.3924 432.75742 432.3338 432.11954 431.90528 431.94121 432.44577 434.04429 439.43211 444.81993 450.20775 449.47927 446.36554
-9999 454.86588 449.05737 443.83166 443.73266 443.63365 443.53465 438.35612 427.31518 416.27423 410.9627 405.8229 400.68311 399.31576 405.50298 411.69019 417.8774 427.71371 438.73522 446.86257 448.31299 449.76341 444.16608 437.32438 430.48268 428.0406 437.39061 446.74062 456.09063 460.91084 464.24634 466.2444 465.66431 465.08423 460.51234 455.63996 450.76757 446.79268 444.10177 441.4714 440.26721 439.06302 437.85883 437.97666 439.04489 440.11311 440.68809 439.05311 437.41813 436.99451 436.78025 436.97118 437.47575 437.98031 439.57882 444.96664 450.35447 447.79278 444.67905 441.56532
-9999 453.8264 450.45155 450.35255 450.25354 450.15454 450.05554 444.87701 435.57732 430.43753 425.29773 420.15793 415.01813 413.65079 419.838 426.02521 432.21243 438.39964 446.77375 454.9011 455.08782 448.24612 441.40442 434.56272 427.72102 425.27894 434.62895 443.97897 453.32898 462.67899 469.18781 471.18587 469.7012 464.82881 459.95643 455.08404 450.21165 446.23676 443.99151 442.78732 441.58313 440.37894 439.17475 439.29259 440.36081 441.42904 442.49726 443.56549 442.07884 441.65522 442.00115 442.50572 443.01028 443.51485 445.11336 449.22001 446.10628 442.99255 439.87882 436.76509
-9999 457.63788 457.53888 457.43988 457.34088 457.24187 457.14287 453.45975 448.31995 443.18015 438.04035 432.90056 427.76076 425.86272 432.04993 438.23715 444.42436 450.61157 456.79878 459.04625 452.20455 445.36285 438.52114 431.67944 424.83774 421.98637 431.33638 440.68639 450.03641 459.38642 468.73643 473.22853 468.35615 463.48376 458.61137 453.73899 448.8666 447.14597 445.94178 444.73759 443.5334 442.32921 441.12502 441.81646 442.88469 443.95291 445.02114 446.08936 447.15759 447.50337 448.00794 448.5125 449.01706 449.52163 448.95676 445.84303 442.7293 439.61557 436.50184 433.38811
-9999 468.99736 468.89835 468.79935 468.70035 468.60135 457.68801 450.59394 449.05259 443.91279 438.77299 433.63319 428.4934 425.94168 428.57273 434.43656 440.62377 446.81099 452.9982 455.24566 448.40396 441.56226 434.72056 427.87886 423.21137 421.42387 424.80658 433.38961 442.73963 452.08964 461.43965 465.93175 461.05937 456.18698 451.31459 446.44221 444.10563 445.95837 452.6763 451.47211 450.26792 449.06373 447.85954 450.33121 454.51895 455.58718 456.6554 457.72362 458.79185 457.89903 457.5764 458.08096 458.58553 459.09009 458.36773 453.39547 450.08653 446.9728 443.85907 440.74534
-9999 480.35683 480.25783 480.15882 477.59395 465.63637 453.6788 446.58473 445.10377 443.62282 439.50563 434.36583 429.22603 426.67431 429.30537 431.93642 436.82319 443.0104 449.19762 451.44508 444.60338 437.76168 430.91998 427.11115 423.39464 421.60714 424.98985 428.37256 435.44284 444.79286 454.14287 458.63497 453.76259 448.8902 444.22142 442.47324 440.72505 442.57779 449.58217 456.58654 457.00243 455.79824 454.59405 457.06573 462.17994 467.22144 468.28966 469.35789 470.42611 469.5333 468.30155 467.64943 468.15399 468.65856 467.9362 462.96393 457.99166 454.33004 451.21631 448.10258
-9999 491.7163 491.6173 485.54231 473.58474 461.62716 449.66958 442.57551 441.09456 439.6136 438.13265 435.09847 429.95867 427.40695 430.038 432.66906 435.30011 439.20982 445.39703 447.6445 440.8028 434.72742 431.01092 427.29441 423.5779 421.7904 425.17311 428.55583 431.93854 437.49608 446.84609 451.33819 446.4658 442.58903 440.84085 439.09266 437.34448 439.19722 446.20159 453.20597 460.21034 462.53276 461.32856 463.80024 468.91446 474.02867 479.14288 480.99215 482.06038 481.16756 479.93582 478.70408 477.72246 478.22702 477.50466 472.5324 467.56013 462.58786 458.57354 455.45981
-9999 503.07577 493.49068 481.5331 469.57552 457.61795 445.66037 438.5663 437.08534 435.60439 434.12343 432.64248 430.69131 428.13959 430.77064 433.4017 436.03275 438.6638 441.59645 443.84392 438.62719 434.91069 431.19418 427.47768 423.76117 421.97367 425.35638 428.73909 432.1218 435.50451 439.54931 444.04141 440.95664 439.20846 437.46027 435.71209 433.9639 435.81665 442.82102 449.8254 456.82977 463.83414 468.06308 470.53476 475.64897 480.76318 485.8774 490.99161 493.69464 492.80182 491.57008 490.33834 489.1066 487.87486 487.07313 482.10086 477.12859 472.15633 467.18406 462.81705
-9999 498.33195 486.37437 474.41679 462.45922 450.50164 438.54406 438.82778 437.34683 435.86587 434.38491 432.90396 431.423 431.26155 432.41404 435.0451 437.67615 440.3072 442.93826 443.6499 439.9334 436.21689 432.50039 428.78388 425.06737 420.20797 422.8796 426.26231 429.64502 433.02774 436.41045 438.04061 436.29243 434.54425 432.79606 431.04788 429.29969 436.8238 443.82817 450.83255 457.83692 464.8413 471.43572 474.14025 479.25447 484.36868 489.48289 494.59711 499.71132 499.41472 498.18298 496.95124 495.7195 494.48776 491.10156 486.12929 481.15702 476.18476 471.21249 466.41491
-9999 486.27774 474.32017 462.36259 450.40502 443.25422 445.40927 445.8764 444.39544 442.91449 441.43353 441.02147 444.64443 445.21881 439.68824 438.13592 440.76697 443.39803 446.02908 446.74073 443.02422 439.30771 435.59121 431.36221 423.27803 417.48364 417.82646 419.5581 422.94081 426.32352 429.70624 431.3364 429.58822 427.84003 426.09185 426.88156 436.34962 444.80408 451.80845 458.81283 465.8172 470.91914 472.72371 475.23244 478.24738 483.00143 488.11565 493.22986 498.34407 498.04747 496.81573 495.58399 494.35225 490.52388 486.32558 481.35331 476.38104 471.40878 467.17391 464.52068
-9999 474.22354 462.26597 450.30839 448.14779 450.30284 452.45789 452.92502 451.44406 449.96311 451.35578 454.97873 458.60169 459.17608 453.64551 448.11494 443.85779 446.48885 449.1199 449.83155 446.11504 442.39853 436.72206 428.63787 420.55369 414.7593 415.10212 415.44495 416.2366 419.61931 423.00202 424.63219 422.88401 421.13582 425.39379 434.86184 444.3299 452.78436 459.78873 466.79311 470.40256 472.20713 474.0117 476.52043 479.53537 482.55031 486.7484 491.86261 496.97683 496.68022 495.44848 493.69763 489.72276 485.7479 481.5496 476.57733 471.60506 467.9329 465.27968 462.62645
-9999 462.16934 450.8863 453.04135 455.19641 457.35146 459.50651 459.97364 458.49268 461.69008 465.31304 468.936 472.55896 473.13334 467.60277 462.07221 456.54164 451.01107 452.21072 452.92237 449.20586 442.0819 433.99772 425.91354 417.82935 412.03496 412.37778 412.72061 413.06343 413.40626 416.29781 417.92798 416.17979 423.90602 433.37407 442.84212 452.31018 460.76464 467.76901 469.88597 471.69054 473.49512 475.29969 477.80842 480.82336 483.8383 486.85324 490.49537 495.60958 495.31298 492.89651 488.92165 484.94678 480.97192 476.77361 471.80135 468.6919 466.03867 463.38544 460.73222
-9999 455.77987 457.93492 460.08997 462.24502 464.40007 466.55513 468.40143 472.02439 475.64735 479.27031 482.89327 486.51623 487.09061 481.56004 476.02947 470.4989 464.96834 459.43777 455.52593 447.44175 439.35756 431.27338 423.1892 415.10501 409.31062 409.65345 409.99627 410.33909 410.68192 411.02474 412.95019 422.41825 431.8863 441.35435 450.8224 460.29045 467.56482 469.36939 471.17396 472.97853 474.7831 476.58768 479.09641 482.11135 485.12629 488.14123 491.15618 494.24233 492.09539 488.12053 484.14566 480.1708 476.19594 472.10412 469.45089 466.79766 464.14444 461.49121 458.83799
-9999 459.88363 462.03869 464.19374 466.34879 468.50384 471.11191 474.35387 477.97683 481.59979 485.22275 488.84571 489.22852 488.83532 491.89614 486.36557 480.835 475.30443 469.77386 463.47112 455.38694 447.30275 439.21857 431.13439 425.43713 422.1178 416.35161 416.69443 417.03725 417.38008 417.7229 421.18261 430.65066 440.11871 449.58676 459.05481 466.86184 471.25479 473.05936 474.86393 476.6685 478.47308 479.72111 480.66695 482.6869 485.70184 488.71678 491.73172 494.74666 491.80181 487.82695 483.85209 479.87722 476.12055 473.07965 470.42642 467.7732 465.11997 462.46675 466.09191
