P1_models/J1_p1__temp2_slide_100.dat.tif
NCOLS 118
NROWS 92
XLLCORNER 139.62
YLLCORNER -39.07
DX 0.099491525
DY 0.099347826
NODATA_VALUE -9999
[rows 54 to 80 of 92, columns 0 to 59 of 118]
-9999 905.47365 912.2332 918.99276 925.75231 932.39507 939.02805 947.00847 956.544 966.07953 975.61506 973.10527 967.42447 968.54922 983.30249 998.05575 991.10596 982.1348 973.16365 961.29093 942.72415 924.15738 905.5906 898.07222 895.51827 888.72895 870.58777 852.44658 848.86314 847.0099 845.15666 849.60203 866.18912 882.77622 899.36331 910.43513 920.03522 925.77124 925.97914 926.18704 926.39495 924.97871 923.42013 924.21166 926.69266 929.68404 933.95938 938.23472 942.51007 941.82521 940.28309 938.74097 936.9216 934.80314 932.67879 930.53404 928.38929 926.24453 943.28138 963.63877
-9999 911.09069 917.85024 924.57854 931.21152 937.84451 944.4775 952.45792 961.99344 969.76729 964.08648 958.40568 952.72488 953.84963 968.6029 983.35616 998.10943 998.33541 989.36426 977.49154 958.92476 940.35798 937.6829 935.12896 932.57501 925.78569 907.6445 889.50332 871.36214 863.20575 861.35251 865.79789 882.38498 898.48216 908.08225 917.68234 927.28243 933.01844 933.22635 933.119 931.56041 930.00183 928.44324 929.23477 931.71578 934.19678 936.76229 941.03763 945.31297 944.62811 943.08599 941.14235 939.02389 936.90543 934.78108 932.63633 932.02323 952.38062 972.73801 993.0954
-9999 916.70773 923.395 930.02798 936.66097 943.29396 949.92694 957.90736 960.7485 955.0677 949.38689 943.70609 938.02529 939.15004 953.9033 968.65657 983.40984 998.1631 1005.5649 993.69214 979.84754 977.29359 974.73964 972.1857 969.63175 962.84243 944.70124 926.56006 908.41888 890.27769 877.54837 881.99374 896.12928 905.72937 915.32946 924.92955 934.52964 940.26565 939.7007 938.14211 936.58352 935.02494 933.46635 934.25789 936.73889 939.21989 941.7009 944.1819 948.11588 947.43102 945.36309 943.24463 941.12617 939.00771 936.88336 941.12248 961.47987 981.83725 1002.1946 1022.552
-9999 924.68418 931.31717 937.95015 944.58314 951.21613 957.84911 959.49693 953.81613 948.13532 942.45452 936.77372 931.09291 927.52967 942.28293 957.0362 971.78947 986.54273 1001.296 1010.8158 1008.2619 1005.7079 1003.154 1000.6 998.04609 998.54456 980.70128 962.5601 944.41892 926.27773 908.13655 899.47088 909.07097 918.67105 928.27114 937.87123 947.47132 945.31998 943.76139 942.2028 940.64422 939.08563 937.52704 939.75158 942.23258 944.71359 947.19459 949.6756 952.1566 953.65472 951.53626 949.4178 947.29934 945.18088 945.00714 964.57256 984.92995 1005.2873 1025.6447 1046.0021
-9999 941.05185 947.68483 954.31782 960.9508 967.22614 970.98365 972.80179 972.38165 967.73157 962.05077 956.36997 950.68916 946.63593 945.84198 955.93278 970.68604 985.43931 1000.1926 1009.7124 1007.1585 1004.6045 1002.0506 999.49661 1009.0098 1015.2006 1009.0779 994.95102 976.80984 958.66866 940.52747 931.8618 941.46189 951.06198 960.66207 970.05293 967.44558 960.27174 946.5649 942.97639 941.41781 939.85922 938.30063 942.00248 949.33352 951.81453 954.29553 956.77654 959.25754 966.72042 971.61335 969.49489 967.37643 965.25797 965.08423 971.64677 987.8649 1008.2223 1028.5797 1048.9371
-9999 957.41951 964.0525 970.68548 975.94406 979.70157 983.45909 985.27723 984.85708 984.43694 981.64702 975.96621 970.28541 966.23217 965.43823 964.64429 969.58262 984.33589 999.08915 1008.609 1006.055 1003.5011 1004.096 1014.8809 1025.6658 1031.8565 1025.7339 1019.6113 1009.2008 991.05958 972.9184 964.25272 973.85281 983.4529 989.06901 986.46166 983.85431 976.68047 962.97363 949.26678 942.19139 940.63281 939.07422 942.77607 950.25958 957.74309 961.39647 963.87748 966.35848 973.82137 982.14525 989.57198 987.45352 985.33506 985.16132 991.72386 998.28639 1011.1572 1031.5146 1051.872
-9999 973.78718 980.42016 984.66198 988.41949 992.17701 995.93453 997.75267 997.33252 996.91237 996.49223 995.56246 989.88166 985.82842 985.03448 984.24054 983.4466 983.23246 997.98573 1007.5056 1004.9516 1009.9671 1020.752 1031.5369 1042.3218 1048.5125 1042.3899 1036.2673 1030.1447 1023.4505 1005.3093 996.64365 1006.2437 1008.0851 1005.4777 1002.8704 1000.263 993.0892 979.38235 965.67551 951.96866 941.4064 939.84781 943.54966 951.03317 958.51668 966.00018 970.97842 973.45942 980.92231 989.24619 997.57008 1005.894 1005.4122 1005.2384 1011.8009 1018.3635 1024.926 1034.4496 1054.807
-9999 989.62238 993.3799 997.13741 1000.8949 1004.6524 1008.41 1010.2281 1009.808 1009.3878 1008.9677 1008.5475 1008.1274 1005.4247 1004.6307 1003.8368 1003.0428 1002.2489 1001.455 1006.4021 1015.8382 1026.6231 1037.408 1048.1929 1058.9778 1065.1685 1059.0459 1052.9233 1046.8007 1040.6781 1034.5555 1029.0346 1027.1012 1024.4938 1021.8865 1019.2791 1016.6718 1009.4979 995.79108 982.08424 968.37739 954.67055 940.9637 944.32325 951.80676 959.29026 966.77377 974.25728 980.56036 988.02325 996.34714 1004.671 1012.9949 1021.3188 1025.3155 1031.878 1038.4406 1045.0031 1051.5656 1058.1282
-9999 993.36999 997.12751 1000.885 1004.6425 1008.4001 1010.3851 1005.6015 1000.7722 1000.352 999.93189 999.51174 999.09159 1000.9966 1004.5778 1003.7839 1002.99 1002.196 1001.4021 1004.1094 1014.8943 1025.6791 1036.464 1047.2489 1056.7896 1061.2975 1061.9104 1055.7878 1049.6652 1043.5426 1037.42 1032.4981 1029.8907 1027.2834 1024.676 1022.0687 1017.9089 1019.4243 1019.3025 1005.5957 991.88883 978.18198 964.47514 957.61985 962.28182 969.76533 977.24884 984.73235 992.21586 980.81703 988.83277 997.15666 1005.4805 1013.8044 1023.9934 1037.0318 1043.5943 1050.1569 1056.7194 1063.2819
-9999 993.32231 997.07982 1000.8373 1004.5949 1005.0423 1004.4512 999.66758 990.04528 981.96209 981.54194 981.1218 980.70165 982.60661 989.16775 995.18655 994.39261 993.59867 992.80473 995.51205 1006.2969 1017.0818 1027.8667 1035.3417 1039.8938 1044.4018 1048.7915 1052.655 1046.5324 1040.4098 1034.2872 1029.3653 1026.758 1024.1506 1021.5432 1015.9013 1008.5005 1010.0158 1024.287 1032.1957 1018.4889 1004.782 991.07519 984.2199 982.29011 984.4591 991.9426 999.42611 1006.9096 995.51079 980.84858 983.28682 991.61071 999.9346 1010.1235 1026.7727 1042.2586 1048.8212 1055.3837 1061.9462
-9999 993.27462 997.03214 1000.2905 999.69939 999.10832 998.51724 993.73364 984.11134 974.48905 964.86675 962.73185 962.3117 964.21667 970.7778 977.33894 983.90007 985.00133 984.20739 986.91471 997.69959 1008.4845 1013.8939 1018.446 1022.998 1027.506 1031.8958 1036.2856 1040.6753 1037.2771 1031.1544 1026.2325 1023.6252 1021.0178 1013.8936 1006.4928 999.092 1000.6074 1014.8786 1029.1498 1043.421 1031.3821 1017.6752 1010.8199 1008.8902 1006.9604 1006.6364 1014.1199 1021.6034 1010.2046 995.54235 980.88014 977.74087 986.06476 996.25368 1012.9029 1029.5521 1046.2013 1054.048 1060.6106
-9999 993.22693 994.94761 994.35654 993.76546 993.17438 992.5833 987.79971 978.17741 968.55511 958.93281 949.31051 943.92176 945.82672 952.38786 958.94899 965.51013 972.07126 975.61005 978.31737 987.89402 992.44609 996.99816 1001.5502 1006.1023 1010.6103 1015 1019.3898 1023.7796 1028.1693 1028.0217 1023.0998 1019.2868 1011.886 1004.4852 997.08436 989.68354 991.19889 1005.4701 1019.7413 1034.0125 1048.2837 1044.2753 1037.42 1035.4902 1033.5604 1031.6306 1029.7009 1036.2971 1024.8983 1010.2361 995.5739 980.9117 972.19492 982.38384 999.03304 1015.6822 1032.3314 1048.9806 1059.2749
-9999 991.91387 991.32279 990.73172 990.14064 989.54956 988.95848 985.50621 975.88391 966.26161 956.63932 947.01702 937.39472 930.33971 936.90085 943.46198 950.02312 956.58425 963.14538 969.09901 973.65108 978.20315 982.75521 987.30728 991.85935 993.60489 997.99466 1002.3844 1006.7742 1011.164 1015.5537 1015.9162 1008.5154 1001.1146 993.71376 986.31294 978.91212 983.93894 998.21014 1012.4813 1026.7525 1041.0237 1055.2949 1060.0256 1058.0959 1056.1661 1054.2363 1052.3065 1050.3767 1037.5907 1022.9285 1008.2663 993.60412 978.94191 976.90203 993.55122 1010.2004 1026.8496 1043.4988 1060.148
-9999 999.77427 999.18319 998.59212 998.00104 997.67089 1002.9554 1001.3197 991.69744 982.07514 972.45284 962.83054 951.91983 943.00623 938.3371 942.41375 948.97489 955.53602 962.09715 968.05078 972.60285 977.15492 981.70698 986.25905 991.40885 992.8189 983.86803 984.83387 989.22363 993.6134 998.00317 998.36566 990.96484 983.56402 976.1632 968.76238 976.41935 987.36533 1001.6365 1015.9077 1030.1789 1043.9055 1051.7111 1057.3638 1060.8339 1058.9041 1056.9743 1055.0445 1053.1147 1040.3288 1025.6666 1011.0044 996.34214 999.86892 1013.141 1029.7902 1046.4394 1063.0886 1078.7345 1073.6014
-9999 1007.6347 1007.0436 1006.4525 1008.1999 1013.4844 1018.7689 1017.1333 1007.511 997.88866 987.88991 976.85679 965.82367 956.91007 952.24093 947.5718 947.92666 954.48779 961.04892 967.00255 971.55462 976.10669 980.77266 986.04836 991.32407 992.73412 983.78326 974.83239 971.67307 976.06284 980.4526 980.81509 973.41427 966.01345 962.60235 971.22405 979.84575 990.79173 1005.0629 1019.3341 1031.2049 1039.0105 1046.8161 1052.4688 1056.5738 1060.6788 1059.7123 1057.7825 1055.8528 1043.0668 1028.4046 1013.7424 1023.8108 1036.1079 1049.38 1066.0292 1082.6784 1093.0389 1087.9058 1082.7728
-9999 1015.4951 1014.904 1018.729 1024.0135 1029.2979 1034.5824 1032.9468 1023.3245 1012.8269 1001.7938 990.76063 979.72751 970.81391 966.14477 961.47564 956.8065 953.43956 960.00069 965.95432 970.50639 975.41218 980.68788 985.96359 991.23929 992.64934 983.69848 974.74761 965.79675 958.51227 962.90204 963.26453 955.86371 957.40704 966.02874 974.65044 983.27214 994.21813 1008.4893 1018.5043 1026.3099 1034.1155 1041.9211 1047.5738 1051.6788 1055.7838 1059.8888 1060.5206 1058.5908 1045.8048 1035.4555 1047.7526 1060.0498 1072.3469 1085.619 1102.2682 1107.3433 1102.2102 1097.0772 1091.9441
-9999 1023.9736 1029.2581 1034.5425 1039.827 1045.1115 1050.3959 1048.7603 1037.7638 1026.7307 1015.6976 1004.6645 993.63135 984.71775 980.04861 975.37947 970.71034 966.0412 961.37206 964.90609 970.0517 975.3274 980.60311 985.87881 991.15452 992.56457 983.6137 974.66284 965.71197 956.76111 947.81024 945.71396 952.21174 960.83344 969.45514 978.07684 986.69854 997.64452 1005.8037 1013.6093 1021.4149 1029.2205 1037.0262 1042.6789 1046.7838 1050.8888 1054.9938 1059.0988 1061.3288 1059.3973 1071.6945 1083.9916 1096.2888 1108.5859 1121.858 1121.6477 1116.5146 1111.3816 1106.2485 1101.1155
-9999 1034.5479 1039.8323 1045.1168 1050.4013 1055.6857 1061.2118 1067.4654 1063.804 1052.7709 1041.7378 1030.7047 1019.6715 1010.1763 1004.572 999.90283 995.23369 990.56456 985.89542 984.23345 989.50916 994.78486 1000.0606 1005.3363 1009.6548 1009.0221 1006.3442 997.39333 988.44247 979.4916 970.54074 967.59209 976.21379 984.83549 993.45718 1002.0789 1008.672 1013.3648 1022.1115 1029.9171 1037.7227 1045.5283 1053.334 1051.3536 1052.2658 1056.3708 1060.4758 1064.5808 1068.6858 1072.7457 1085.0429 1097.34 1109.6372 1121.9343 1130.3763 1125.3729 1120.2398 1115.1068 1109.9737 1104.8407
-9999 1042.1475 1047.432 1052.7165 1058.0009 1063.7944 1069.7747 1076.0283 1082.5973 1085.7015 1074.6684 1063.6353 1052.6022 1043.1069 1036.6914 1030.4554 1025.7863 1021.1172 1016.448 1014.7861 1020.0618 1025.3375 1030.6132 1032.4638 1030.9157 1030.283 1032.1039 1033.0773 1024.1264 1015.1755 1006.2247 1003.276 1011.8977 1020.5194 1029.1411 1033.1442 1034.1249 1038.8177 1048.8211 1058.2628 1066.0684 1073.8741 1081.6797 1079.6994 1070.684 1067.7443 1071.8493 1075.9543 1080.0593 1083.755 1087.3801 1097.6923 1109.9894 1122.2866 1130.7285 1125.8165 1120.8729 1115.7399 1110.6068 1105.4738
-9999 1049.7472 1055.0316 1060.3968 1066.3771 1072.3573 1078.3376 1084.5912 1091.1602 1097.7293 1104.2983 1096.5659 1085.5328 1076.0376 1069.622 1063.2065 1056.791 1051.6698 1047.0007 1045.3387 1050.6144 1055.8901 1055.2728 1053.7247 1052.1766 1051.5439 1053.3648 1055.1856 1057.0065 1050.8595 1041.9086 1038.96 1047.5817 1056.2034 1057.6164 1058.5971 1059.5779 1064.2706 1074.274 1084.2773 1094.2807 1102.2198 1110.0254 1108.0451 1099.0298 1090.0145 1083.2228 1087.3278 1091.4328 1095.1286 1098.7536 1102.3787 1110.3416 1122.6388 1131.0807 1126.1687 1121.2567 1116.3446 1111.24 1106.1069
-9999 1057.3468 1062.9794 1068.9597 1074.9399 1080.9202 1086.9004 1093.154 1099.7231 1106.2921 1112.8612 1119.4302 1118.4635 1108.9682 1102.5527 1096.1371 1089.7216 1083.3061 1077.5533 1075.8913 1079.6298 1078.0817 1076.5337 1074.9856 1073.4375 1072.8048 1074.6257 1076.4465 1078.2674 1080.0883 1077.5925 1074.6439 1081.1078 1082.0885 1083.0693 1084.05 1085.0308 1089.7235 1099.7269 1109.7303 1119.7336 1129.737 1138.3712 1136.3908 1127.3755 1118.3602 1109.3449 1100.3295 1102.8063 1106.5021 1110.1271 1113.7522 1117.3772 1122.991 1131.433 1126.5209 1121.6089 1116.6969 1111.7848 1106.74
-9999 1065.0779 1071.0582 1077.0385 1083.0187 1088.999 1094.9792 1098.6594 1105.2285 1111.7975 1118.3666 1124.9356 1131.5047 1136.3809 1129.9654 1123.5498 1117.1343 1110.7187 1104.3032 1099.3595 1097.8114 1096.2633 1094.7152 1093.1671 1091.6191 1092.0591 1093.8816 1095.7025 1097.5233 1099.3442 1101.1651 1102.699 1103.6797 1104.6605 1105.6412 1106.622 1107.6027 1108.9658 1118.9692 1128.9726 1138.9759 1148.9793 1158.9826 1159.2559 1150.2406 1141.2253 1132.2099 1123.1946 1114.1793 1113.713 1117.3381 1120.9631 1124.5882 1128.2132 1132.6338 1128.2241 1123.3121 1118.4001 1113.488 1108.576
-9999 1071.3242 1077.3045 1083.2847 1089.265 1094.5493 1095.4819 1097.2448 1099.966 1105.7292 1112.2982 1118.8673 1125.4363 1130.7611 1133.5943 1130.0752 1123.6596 1117.2441 1110.8285 1105.8848 1104.3368 1102.7887 1101.2406 1099.6925 1101.4236 1103.4489 1105.4765 1107.3691 1109.1899 1111.0108 1112.8317 1114.3656 1115.3463 1116.3271 1117.3078 1117.9548 1107.8826 1105.7153 1114.8572 1124.7056 1134.7089 1144.7123 1154.7156 1156.5264 1152.3594 1143.3441 1134.3287 1125.3134 1116.2981 1110.9056 1108.7924 1112.4174 1116.0425 1119.6675 1124.0881 1131.2643 1130.1292 1125.2171 1120.3051 1115.393
-9999 1077.5705 1083.5507 1089.531 1092.8752 1093.8078 1094.7404 1096.5033 1099.2245 1101.9456 1106.2299 1112.7989 1119.368 1124.6928 1127.526 1130.3592 1130.185 1123.7694 1117.3539 1112.4102 1110.8621 1109.314 1108.7648 1110.7891 1112.8134 1114.8386 1116.8662 1118.8938 1120.8565 1122.6774 1124.4983 1126.0322 1127.0129 1127.9937 1124.894 1114.8218 1104.7495 1102.5822 1111.7241 1120.866 1130.4419 1140.4453 1150.4487 1152.2594 1148.1806 1144.1018 1136.4476 1127.4322 1118.4169 1113.0244 1108.2581 1103.8717 1107.4967 1111.1218 1115.5424 1122.7185 1129.8947 1132.0342 1127.1222 1122.2101
-9999 1083.8167 1089.797 1091.2011 1092.1337 1093.0663 1093.9989 1095.7618 1098.483 1101.2041 1103.9253 1106.7306 1113.2996 1118.6244 1121.4576 1124.2908 1127.124 1129.9572 1123.8792 1118.9355 1117.3874 1118.1302 1120.1546 1122.1789 1124.2032 1126.2284 1128.256 1130.2836 1132.3112 1134.3388 1136.1649 1137.6988 1138.6795 1131.8332 1121.761 1111.6887 1101.6165 1099.4492 1108.5911 1117.733 1126.8749 1136.1783 1146.1817 1147.9924 1143.9136 1139.8348 1135.756 1129.551 1120.5357 1115.1432 1110.3769 1105.6105 1100.8442 1102.5761 1106.9966 1114.1728 1121.349 1128.5252 1133.9392 1129.0272
-9999 1088.5943 1089.527 1090.4596 1091.3922 1092.3248 1093.2574 1095.0203 1097.7415 1100.4627 1103.1838 1105.905 1108.6262 1112.5561 1115.3893 1118.2225 1121.0557 1123.8888 1126.722 1125.4714 1127.4957 1129.52 1131.5443 1133.5687 1135.593 1137.6182 1139.6458 1141.6734 1143.701 1145.7286 1147.7562 1148.8446 1138.7724 1128.7001 1118.6279 1108.5556 1098.4834 1096.3161 1105.458 1114.5999 1123.7418 1132.8837 1142.0256 1143.7254 1139.6466 1135.5678 1131.489 1127.4102 1122.6545 1117.2621 1112.4957 1107.7293 1102.963 1098.1966 1098.4509 1105.6271 1112.8033 1119.9795 1127.1556 1134.3318
-9999 1103.6959 1104.6285 1105.5611 1106.4937 1107.4263 1098.9732 1091.7173 1094.1828 1096.904 1099.6252 1102.3464 1105.0675 1107.4113 1109.3057 1112.1388 1114.972 1117.8052 1120.6384 1123.227 1125.2513 1127.2756 1129.3 1131.3243 1134.1071 1136.4854 1135.0306 1137.0582 1139.0858 1141.1134 1143.1411 1141.0357 1130.9635 1120.8912 1110.819 1100.7467 1095.6729 1095.3481 1097.8337 1106.9756 1116.1175 1125.2594 1134.4013 1138.9361 1137.2473 1133.1685 1129.0897 1125.0109 1120.9321 1120.3465 1116.3544 1111.588 1106.8216 1102.0553 1099.1583 1103.4904 1110.6666 1117.8428 1125.019 1132.1951
