P1_models/J1_p1_vp_slide_diff2_40.dat.tif
NCOLS 118
NROWS 92
XLLCORNER 139.62
YLLCORNER -39.07
DX 0.099491525
DY 0.099347826
NODATA_VALUE -9999
[rows 0 to 24 of 92, columns 0 to 55 of 118]
-9999 -9999 -9999 -9999 -9999 -9999 -9999 -9999 -9999 -9999 -9999 -9999 -9999 -9999 -9999 -9999 -9999 -9999 -9999 -9999 -9999 -9999 -9999 -9999 -9999 -9999 -9999 -9999 -9999 -9999 -9999 -9999 -9999 -9999 -9999 -9999 -9999 -9999 -9999 -9999 -9999 -9999 -9999 -9999 -9999 -9999 -9999 -9999 -9999 -9999 -9999 -9999 -9999 -9999 -9999 -9999
-9999 0.17652398 0.19179185 0.20705972 0.22232759 0.23759546 0.25449945 0.2655188 0.25919155 0.24786077 0.23652999 0.22519921 0.21386843 0.20164095 0.19564065 0.19883881 0.20203696 0.20523512 0.20843327 0.21154348 0.21445079 0.21735809 0.2202654 0.22317271 0.22582272 0.22551484 0.22635542 0.23385371 0.241352 0.24885029 0.25634858 0.26112597 0.26065836 0.26019075 0.25972314 0.25925553 0.26142683 0.26700573 0.26895162 0.27239403 0.27583643 0.27927884 0.28272125 0.28405992 0.28037044 0.27555819 0.27074594 0.2659337 0.26112145 0.24510944 0.24374605 0.24238266 0.24101927 0.23965588 0.24169808 0.2486019
-9999 0.18346963 0.1987375 0.21400538 0.22927325 0.24744975 0.2674482 0.27846755 0.27912387 0.27602111 0.26469033 0.25335955 0.24202877 0.2298013 0.21577813 0.2055036 0.20870175 0.21189991 0.21509806 0.21820827 0.22111558 0.22402289 0.22693019 0.22912046 0.2301754 0.22986751 0.22590691 0.22414184 0.23164013 0.23913842 0.2466367 0.2514141 0.25094649 0.25047888 0.25001127 0.25445431 0.26397717 0.26955608 0.26949261 0.27071422 0.27415663 0.27759903 0.28104144 0.28238011 0.28220644 0.27937874 0.27456649 0.26975424 0.26494199 0.24817399 0.22933971 0.22584994 0.22448655 0.22312316 0.22516536 0.2390041
-9999 0.19041529 0.20568316 0.22095103 0.24040005 0.26039849 0.28039694 0.29141629 0.29207261 0.29272893 0.29285068 0.2815199 0.27018912 0.25796165 0.24393848 0.22991532 0.21589215 0.2185647 0.22176285 0.22487306 0.22778037 0.23068768 0.23241819 0.23347313 0.23452808 0.23422019 0.23025958 0.22629898 0.22233837 0.22942654 0.23692483 0.24170223 0.24123462 0.24076701 0.24748179 0.25700465 0.26652751 0.27210642 0.27204295 0.27197948 0.27247682 0.27591923 0.27936163 0.28070031 0.28052663 0.28035296 0.27838703 0.27357479 0.26876254 0.25199454 0.23316026 0.21432598 0.20795383 0.20659044 0.20863264 0.22247138
-9999 0.19736094 0.2133519 0.23335034 0.25334879 0.27334724 0.29334569 0.30436504 0.30502136 0.30567768 0.306334 0.30699031 0.29834947 0.28612199 0.27209883 0.25807566 0.2440525 0.23002934 0.22842764 0.23153785 0.23444516 0.23571593 0.23677087 0.23782581 0.23888075 0.23857287 0.23461226 0.23065165 0.22669105 0.22273044 0.22721296 0.23199036 0.23152275 0.24050928 0.25003214 0.25955499 0.26907785 0.27465676 0.27459329 0.27452982 0.27446635 0.27440288 0.27768183 0.2790205 0.27884683 0.27867315 0.27849948 0.27739533 0.27258308 0.25581508 0.2369808 0.21814652 0.19931225 0.19005772 0.19209992 0.20593866
-9999 0.20630219 0.22630064 0.24629909 0.26629754 0.28629599 0.30629444 0.31731379 0.31797011 0.31862642 0.31928274 0.31993906 0.32059538 0.31428234 0.30025918 0.28623601 0.27221285 0.25818968 0.24416652 0.23795872 0.23901366 0.2400686 0.24112355 0.24217849 0.24323343 0.24292554 0.23896494 0.23500433 0.23104373 0.22708312 0.22312251 0.22401391 0.23353676 0.24305962 0.25258248 0.26210533 0.27162819 0.2772071 0.27714363 0.27708016 0.27701669 0.27695322 0.27688976 0.27734069 0.27716702 0.27699335 0.27681967 0.276646 0.27640363 0.25963563 0.24080135 0.22196707 0.20313279 0.18429851 0.1755672 0.18940594
-9999 0.23009739 0.25009584 0.27009429 0.29009273 0.31009118 0.33036947 0.34164599 0.34230231 0.34295863 0.34361495 0.34427126 0.33871974 0.32617633 0.31411909 0.30009592 0.28607276 0.27204959 0.25802643 0.24856266 0.2496176 0.25067254 0.25172748 0.25278242 0.2484083 0.23969929 0.24237044 0.23840983 0.23444922 0.23048862 0.22652801 0.22717292 0.23669577 0.24621863 0.25574149 0.26526434 0.27881023 0.28918743 0.28912397 0.2890605 0.28899703 0.28893356 0.28485741 0.28390105 0.28513876 0.28496509 0.28479142 0.28461774 0.28444407 0.26835961 0.24952533 0.23069105 0.21185677 0.19517896 0.19032896 0.2041677
-9999 0.25561097 0.27560941 0.29560786 0.31560631 0.33602668 0.35650513 0.36778166 0.36843797 0.36909429 0.36975061 0.36013204 0.34704826 0.33450485 0.32304359 0.31158234 0.29766707 0.28364391 0.26962074 0.26015697 0.26121191 0.26226685 0.2633218 0.25493934 0.24140534 0.23269633 0.23691949 0.24114265 0.23770466 0.23374406 0.22978345 0.23042835 0.23995121 0.24947407 0.25899692 0.27460946 0.29228455 0.30266175 0.30259828 0.30253481 0.30247134 0.29695138 0.29067158 0.28971522 0.29258581 0.29446591 0.29429224 0.29411857 0.29394489 0.27786043 0.25902615 0.24019187 0.22514398 0.21489866 0.21004866 0.2238874
-9999 0.28112454 0.30112299 0.32120543 0.34168389 0.36216234 0.3826408 0.39391732 0.39457364 0.39462814 0.38154435 0.36846056 0.35537678 0.34283337 0.33137211 0.31991085 0.3084496 0.29523822 0.28121506 0.27175129 0.27280623 0.27386117 0.26147037 0.24793637 0.23440237 0.22569336 0.22991652 0.23413969 0.23836285 0.23699949 0.23303889 0.23368379 0.24320665 0.25273359 0.27040868 0.28808377 0.30575886 0.31613606 0.31607259 0.31532516 0.30904536 0.30276556 0.29648575 0.29552939 0.29839999 0.30127058 0.30379306 0.30361939 0.30344571 0.28736125 0.26852697 0.25510899 0.24486367 0.23461836 0.22976836 0.2436071
-9999 0.30663812 0.32686264 0.3473411 0.36781955 0.38829801 0.40877646 0.42005299 0.41604045 0.40295666 0.38987287 0.37678908 0.36370529 0.35116189 0.33970063 0.32823937 0.31677811 0.30531686 0.29280937 0.2833456 0.2815354 0.2680014 0.2544674 0.24093341 0.22739941 0.2186904 0.22291356 0.22713672 0.23135988 0.23558305 0.23629433 0.23693923 0.24853281 0.2662079 0.28388299 0.30155808 0.31923317 0.32961037 0.32741914 0.32113933 0.31485953 0.30857973 0.30229993 0.30134357 0.30421416 0.30708475 0.30995534 0.31282594 0.31294654 0.29686208 0.28507401 0.27482869 0.26458337 0.25433805 0.24948806 0.2599219
-9999 0.33024207 0.35072052 0.37119898 0.39167743 0.41215589 0.43263434 0.43704601 0.42396222 0.41087844 0.39779465 0.38471086 0.37162707 0.3578803 0.34641904 0.33495778 0.32349652 0.31203527 0.30057401 0.28848598 0.27495199 0.26141799 0.24788399 0.23434999 0.22081599 0.21313261 0.21735577 0.22157893 0.22580209 0.23002526 0.23424842 0.24306632 0.26074141 0.2784165 0.29609159 0.31376668 0.33144177 0.33913008 0.33285027 0.32657047 0.32029067 0.31401087 0.30773106 0.30485177 0.30772237 0.31059296 0.31346355 0.31633414 0.31920473 0.31089217 0.30064685 0.29040154 0.28015622 0.2699109 0.26270655 0.25878925
-9999 0.33917199 0.35965044 0.3801289 0.40060735 0.42108581 0.4389552 0.44230213 0.42921835 0.41613456 0.40305077 0.38996698 0.37879299 0.36463851 0.34337336 0.33112399 0.31966273 0.30820148 0.29674022 0.28465219 0.2711182 0.2575842 0.2440502 0.2305162 0.2237235 0.22117638 0.22170571 0.22549241 0.22971557 0.23393873 0.23816189 0.2469798 0.26465489 0.28232998 0.30000507 0.31768016 0.33470721 0.3420509 0.3357711 0.3294913 0.3232115 0.31693169 0.30973936 0.30182381 0.29611792 0.29898851 0.3018591 0.3047297 0.30760029 0.29928772 0.28904241 0.27879709 0.26855177 0.26402439 0.26336452 0.25944722
-9999 0.34810191 0.36858036 0.38905882 0.40904449 0.4266279 0.44421132 0.44755825 0.43447447 0.42139068 0.40840372 0.39780004 0.38719636 0.37304189 0.35177674 0.33051158 0.31582894 0.30436768 0.29290643 0.2808184 0.2672844 0.25375041 0.24021641 0.23586571 0.23217076 0.22962363 0.23015296 0.23068229 0.23362905 0.23785221 0.24207537 0.25089327 0.26856836 0.28624345 0.30389535 0.32076169 0.33762803 0.34497173 0.33869193 0.33241212 0.32598344 0.31874114 0.31149885 0.30358331 0.29518378 0.28738406 0.29025466 0.29312525 0.29599584 0.28768328 0.27743796 0.26719264 0.26440183 0.26468236 0.26402249 0.26010519
-9999 0.35703183 0.37751028 0.3967172 0.41430061 0.43188402 0.44946744 0.45281438 0.43973059 0.42741077 0.41680709 0.40620342 0.39559974 0.38144527 0.36018011 0.33891496 0.31764981 0.30053389 0.28907263 0.27698461 0.26345061 0.25170286 0.24800791 0.24431296 0.24061801 0.23807089 0.23860022 0.23912955 0.23965887 0.24176568 0.24598885 0.25480675 0.27248184 0.28994983 0.30681617 0.32368252 0.34054886 0.34789255 0.34161275 0.33498523 0.32774293 0.32050063 0.31325834 0.3053428 0.29694327 0.28854374 0.28014421 0.2815208 0.28439139 0.27607883 0.26583351 0.26477928 0.26505981 0.26534034 0.26468047 0.26076317
-9999 0.36596175 0.3843899 0.40197332 0.41955673 0.43714015 0.45472356 0.4580705 0.44641782 0.43581415 0.42521047 0.4146068 0.40400312 0.38984864 0.36858349 0.34731834 0.32605319 0.30478803 0.28523884 0.27315082 0.26384507 0.26015012 0.25645517 0.25276022 0.24906527 0.24651814 0.24704747 0.2475768 0.24810613 0.24863546 0.24990232 0.25872022 0.27600431 0.29287066 0.309737 0.32660334 0.34346968 0.35081338 0.34398702 0.33674472 0.32950242 0.32226013 0.31501783 0.30710229 0.29870276 0.29030323 0.2819037 0.27350417 0.27278695 0.26487619 0.26515672 0.26543725 0.26571778 0.26599831 0.26533844 0.25758233
-9999 0.36901834 0.38660176 0.40418517 0.42176859 0.439352 0.45693541 0.46157175 0.45096808 0.4403644 0.42976072 0.41915705 0.40855337 0.39226519 0.37067655 0.3494114 0.32814625 0.30688109 0.28561594 0.26966375 0.2659688 0.26227385 0.2585789 0.25488396 0.25118901 0.25312844 0.2564161 0.25694543 0.25747475 0.25800408 0.25853341 0.26464293 0.28150927 0.29837562 0.31524196 0.3321083 0.34897465 0.34913703 0.34189473 0.33465244 0.32741014 0.32016784 0.31292555 0.30785731 0.29945778 0.29105825 0.28265873 0.2742592 0.26585967 0.26453129 0.26481182 0.26509235 0.26537288 0.26565341 0.26670443 0.25569253
-9999 0.36415643 0.38173984 0.39932326 0.41690667 0.43487116 0.45499242 0.45983665 0.44704922 0.43596139 0.42535771 0.41475404 0.40415036 0.38786217 0.36019043 0.33684157 0.31557642 0.29431127 0.27304611 0.25709393 0.25339898 0.24970403 0.24600908 0.24231413 0.23226016 0.23184243 0.25853482 0.26845498 0.26898431 0.26951363 0.27004296 0.27615248 0.29301882 0.30988517 0.32675151 0.34323223 0.35093203 0.3487913 0.33257229 0.32361003 0.31636774 0.30912544 0.30188314 0.29851383 0.29787879 0.28947926 0.28107973 0.2726802 0.26428067 0.26249652 0.26213661 0.26241715 0.26269768 0.26297821 0.26402923 0.26774915
-9999 0.35929451 0.37687793 0.39446134 0.41317703 0.43329829 0.45341956 0.45826379 0.44547635 0.43268892 0.4209547 0.41035103 0.39974735 0.38345916 0.35578742 0.32811568 0.3030066 0.28174144 0.26047629 0.2445241 0.24082915 0.2371342 0.23203916 0.22150665 0.21097415 0.21055642 0.23724881 0.26394121 0.28049386 0.28102319 0.28155251 0.28766203 0.30452838 0.32139472 0.33555166 0.34325146 0.35095126 0.34881053 0.33259153 0.31637252 0.30532533 0.29808303 0.29084074 0.28747142 0.28688634 0.28630126 0.27950073 0.2711012 0.26270168 0.26091753 0.2602767 0.25974194 0.26002247 0.260303 0.26135403 0.26507394
-9999 0.3544326 0.37201602 0.3914829 0.41160416 0.43172543 0.45184669 0.45669092 0.44390349 0.43111605 0.41832862 0.40594801 0.39534434 0.37905615 0.35138441 0.32371266 0.29604092 0.26917162 0.24790646 0.23195428 0.22825933 0.22128565 0.21075315 0.20022064 0.18968814 0.1892704 0.2159628 0.2426552 0.26934759 0.29253274 0.29306207 0.29917158 0.31603793 0.3278711 0.3355709 0.3432707 0.3509705 0.34882977 0.33261076 0.31639176 0.30017275 0.28704063 0.27979833 0.27642901 0.27584393 0.27525885 0.27467377 0.26952221 0.26112268 0.25933853 0.2586977 0.25805687 0.25741603 0.2576278 0.25867882 0.26239874
-9999 0.34966751 0.36978877 0.38991003 0.4100313 0.43015256 0.45027383 0.45511805 0.44233062 0.42954319 0.41675575 0.40396832 0.39118088 0.37465314 0.3469814 0.31930965 0.29163791 0.26396617 0.23629442 0.21938445 0.21053214 0.19999964 0.18946713 0.17893463 0.16840213 0.16798439 0.19467679 0.22136919 0.24806158 0.27475398 0.30144637 0.31068114 0.32019053 0.32789033 0.33559013 0.34328993 0.35098973 0.348849 0.33263 0.31641099 0.30019199 0.28397298 0.26875593 0.26538661 0.26480153 0.26421645 0.26363137 0.26304629 0.25954368 0.25775953 0.2571187 0.25647787 0.25583704 0.25519621 0.25600362 0.25972353
-9999 0.33276406 0.35288532 0.37300659 0.39312785 0.41324911 0.43137448 0.43095025 0.41816281 0.40537538 0.39258794 0.37980051 0.36702419 0.35817586 0.3408955 0.31322375 0.28555201 0.25788027 0.23020852 0.20771943 0.19718692 0.18665442 0.17612191 0.16558941 0.15505691 0.17069859 0.1986659 0.2253583 0.2520507 0.27874309 0.30543549 0.32564063 0.33334044 0.34104024 0.34874004 0.35643984 0.36237727 0.35200002 0.33578102 0.31956201 0.30334301 0.287124 0.27282803 0.26100106 0.25901057 0.25842549 0.25784041 0.25725533 0.25667025 0.25603764 0.2553968 0.25475597 0.25411514 0.25347431 0.24550654 0.24922646
-9999 0.30429647 0.32441773 0.34453899 0.36466026 0.37987498 0.39016289 0.38973865 0.37695122 0.36416379 0.35137635 0.33864585 0.3260132 0.31716487 0.31589486 0.30586842 0.27819668 0.25052493 0.22285319 0.2003641 0.18983159 0.17929909 0.16876658 0.16397603 0.1744679 0.19014413 0.21971571 0.24841291 0.27510531 0.30179771 0.3284901 0.34869525 0.35639505 0.36409485 0.37179465 0.37418459 0.36789065 0.3575134 0.3412944 0.32507539 0.30885639 0.29613207 0.28667987 0.27485289 0.26131873 0.2565958 0.25601072 0.25542564 0.25484056 0.25420795 0.25356711 0.25292628 0.25115921 0.23827434 0.22910929 0.23282921
-9999 0.27582888 0.29595014 0.3160714 0.32837547 0.33866339 0.3489513 0.34852706 0.33573963 0.32295219 0.3102675 0.29763485 0.2850022 0.27615387 0.27488386 0.27361385 0.27084135 0.2431696 0.21549786 0.19300876 0.18247626 0.17194375 0.17292969 0.18342157 0.19391344 0.20958967 0.23916125 0.26873283 0.29815992 0.32485232 0.35154472 0.37174986 0.37944966 0.38714947 0.3859919 0.37969797 0.37340403 0.36302679 0.34680778 0.33058877 0.31943612 0.30998391 0.3005317 0.28870472 0.27517056 0.2616364 0.25418103 0.25359595 0.25301087 0.25237825 0.25173742 0.24764682 0.23476195 0.22187709 0.21271204 0.21643196
-9999 0.24736128 0.26658805 0.27687597 0.28716388 0.29745179 0.30773971 0.30731547 0.29452804 0.28188916 0.26925651 0.25662386 0.24399121 0.23514288 0.23387287 0.23260286 0.23133285 0.23006284 0.20814253 0.18565343 0.17512093 0.18188335 0.19237523 0.20286711 0.21335899 0.22903521 0.25860679 0.28817837 0.31774995 0.34732153 0.37459933 0.39480448 0.40250428 0.39779922 0.39150529 0.38521135 0.37891742 0.36854017 0.35232116 0.34274016 0.33328795 0.32383574 0.31438353 0.30255656 0.2890224 0.27548823 0.26195407 0.25176626 0.25118118 0.25054856 0.24413443 0.23124956 0.2183647 0.20547984 0.19631479 0.2000347
-9999 0.21508855 0.22537646 0.23566438 0.24595229 0.2562402 0.26652811 0.26614347 0.25351082 0.24087817 0.22824552 0.21561287 0.20298021 0.19413188 0.19286187 0.19159187 0.19032186 0.18905185 0.18778184 0.18034513 0.19083701 0.20132889 0.21182077 0.22231265 0.23280453 0.24848075 0.27805233 0.30762391 0.33719549 0.36676707 0.39633865 0.41590047 0.40960654 0.4033126 0.39701867 0.39072473 0.3844308 0.37549642 0.36604421 0.356592 0.34713979 0.33768758 0.32823537 0.31640839 0.30287423 0.28934007 0.2758059 0.26227174 0.24935149 0.24062204 0.22773717 0.21485231 0.20196745 0.18908259 0.17968767 0.17637141
