P1_models/J1_p1_vp_slide_diff_160.dat.tif
NCOLS 118
NROWS 92
XLLCORNER 139.62
YLLCORNER -39.07
DX 0.099491525
DY 0.099347826
NODATA_VALUE -9999
[rows 54 to 80 of 92, columns 0 to 59 of 118]
-9999 8.1084001 8.1041688 8.0999375 8.0957062 8.0945271 8.0936035 8.0956863 8.1012389 8.1067915 8.1123441 8.1195374 8.1271627 8.1352056 8.1440845 8.1529635 8.1562931 8.1591059 8.1619187 8.1633309 8.1615118 8.1596928 8.1578738 8.146955 8.1319473 8.1229881 8.1302402 8.1374923 8.1407194 8.143468 8.1462167 8.1466432 8.1425934 8.1385436 8.1344938 8.1288835 8.1228569 8.1183092 8.1158773 8.1134454 8.1110135 8.1076107 8.1041229 8.10614 8.1121145 8.1154723 8.1122469 8.1090214 8.105796 8.1075049 8.1100666 8.1126284 8.1099156 8.1015128 8.0946105 8.0929056 8.0912008 8.0894959 8.0928112 8.0969955
-9999 8.1052841 8.1010528 8.0976383 8.0967146 8.095791 8.0948673 8.0969501 8.1025027 8.1082953 8.1159206 8.1235459 8.1311712 8.139214 8.148093 8.1569719 8.1658509 8.1710153 8.1738281 8.1752403 8.1734213 8.1716022 8.1566944 8.1416867 8.1266791 8.1177199 8.124972 8.1322241 8.1394762 8.1439676 8.1467162 8.1471428 8.1430929 8.1389045 8.1328779 8.1268512 8.1208246 8.1162768 8.113845 8.1112246 8.1077368 8.1042489 8.100761 8.1027781 8.1087527 8.1147272 8.1202685 8.1170431 8.1138177 8.1155266 8.1180883 8.1130112 8.1046084 8.0962057 8.0893034 8.0875985 8.0862945 8.0904788 8.0946632 8.0988475
-9999 8.102168 8.0998258 8.0989021 8.0979785 8.0970549 8.0961312 8.098214 8.1046785 8.1123038 8.1199291 8.1275544 8.1351797 8.1432225 8.1521014 8.1609804 8.1698594 8.1787383 8.1857375 8.1871497 8.1814414 8.1664338 8.1514261 8.1364185 8.1214109 8.1124516 8.1197037 8.1269558 8.1342079 8.14146 8.1472158 8.1476423 8.1428989 8.1368722 8.1308456 8.1248189 8.1187922 8.1142445 8.1113506 8.1078628 8.1043749 8.1008871 8.0973992 8.0994163 8.1053908 8.1113654 8.1173399 8.1233145 8.1218393 8.1235483 8.1161069 8.1077041 8.0993013 8.0908986 8.0839963 8.0839622 8.0881465 8.0923308 8.0965151 8.1006995
-9999 8.1019912 8.1010675 8.1001439 8.0992202 8.0982966 8.097373 8.0968034 8.1044287 8.112054 8.1196793 8.1273046 8.1349299 8.1421634 8.1510423 8.1599213 8.1688002 8.1776792 8.1865582 8.1882142 8.1732065 8.1581989 8.1431913 8.1281836 8.113176 8.1070274 8.1142495 8.1215016 8.1287537 8.1360058 8.1432579 8.1459744 8.1399477 8.1339211 8.1278944 8.1218678 8.1158411 8.1119442 8.1084563 8.1049685 8.1014806 8.0979927 8.0945049 8.094315 8.1002896 8.1062641 8.1122387 8.1182132 8.1241878 8.12098 8.1125772 8.1041745 8.0957717 8.0873689 8.0798389 8.0835242 8.0877085 8.0918929 8.0960772 8.1002615
-9999 8.1031573 8.1022336 8.10131 8.1003864 8.0992218 8.0963615 8.0937944 8.0915656 8.0972602 8.1048855 8.1125108 8.1201361 8.127285 8.13348 8.1415541 8.150433 8.159312 8.168191 8.169847 8.1548393 8.1398317 8.1248241 8.1098164 8.1042272 8.1025214 8.1085641 8.1154123 8.1226643 8.1299164 8.1371685 8.139885 8.1338584 8.1278317 8.1218051 8.1158387 8.1133297 8.1104775 8.1071346 8.103671 8.1001831 8.0966953 8.0932074 8.0907423 8.0892474 8.095222 8.1011965 8.1071711 8.1131456 8.1161818 8.1151186 8.1067158 8.098313 8.0899102 8.0823802 8.077873 8.0794494 8.0836337 8.0878181 8.0920024
-9999 8.1043234 8.1033998 8.1024761 8.1006268 8.0977665 8.0949062 8.0923391 8.0901103 8.0878815 8.0900917 8.097717 8.1053423 8.1124912 8.1186862 8.1248813 8.1320658 8.1409448 8.1498237 8.1514798 8.1364721 8.1214645 8.1089146 8.1043179 8.0997212 8.0980155 8.1040581 8.1101008 8.116575 8.1238271 8.1310792 8.1337957 8.127769 8.1217424 8.1168637 8.1143547 8.1118456 8.1089935 8.1056506 8.1023077 8.0988856 8.0953978 8.0919099 8.0894449 8.0877151 8.0859853 8.0901543 8.0961289 8.1021034 8.1051396 8.1076679 8.1092571 8.1008543 8.0924516 8.0849215 8.0804143 8.0759072 8.0753746 8.079559 8.0837433
-9999 8.1054895 8.1045659 8.1020318 8.0991715 8.0963112 8.0934509 8.0908837 8.088655 8.0864262 8.0841974 8.0829232 8.0905485 8.0976975 8.1038925 8.1100875 8.1162825 8.1225776 8.1314565 8.1331126 8.1181049 8.1090053 8.1044086 8.0998119 8.0952152 8.0935095 8.0995522 8.1055948 8.1116375 8.1177377 8.1249898 8.1277063 8.1216797 8.1178887 8.1153797 8.1128706 8.1103616 8.1075095 8.1041666 8.1008236 8.0974807 8.0941003 8.0906124 8.0881474 8.0864176 8.0846879 8.0829581 8.0850867 8.0910613 8.0940974 8.0966257 8.0991541 8.1016824 8.0949929 8.0874628 8.0829557 8.0784485 8.0739414 8.0712998 8.0754842
-9999 8.106297 8.1034367 8.1005764 8.0977161 8.0948558 8.0919955 8.0894284 8.0871996 8.0849709 8.0827421 8.0805133 8.0782845 8.0829037 8.0890987 8.0952937 8.1014887 8.1076837 8.1138787 8.1147453 8.109096 8.1044993 8.0999026 8.0953059 8.0907093 8.0890035 8.0950462 8.1010889 8.1071315 8.1131742 8.1192169 8.121617 8.1189137 8.1164047 8.1138956 8.1113866 8.1088775 8.1060254 8.1026825 8.0993396 8.0959967 8.0926538 8.0893109 8.0868499 8.0851201 8.0833904 8.0816606 8.0799309 8.0800191 8.0830552 8.0855836 8.0881119 8.0906402 8.0931686 8.0900041 8.085497 8.0809898 8.0764827 8.0719756 8.0674684
-9999 8.1028964 8.1000361 8.0971758 8.0943155 8.0914552 8.0893175 8.0906576 8.0914813 8.0892525 8.0870238 8.084795 8.0825662 8.0822541 8.0868615 8.0930565 8.0992515 8.1054465 8.1116415 8.1145733 8.1099766 8.10538 8.1007833 8.0961866 8.0918773 8.0894016 8.0911571 8.0971997 8.1032424 8.1092851 8.1153278 8.1184495 8.1159404 8.1134314 8.1109223 8.1084133 8.1065009 8.1057341 8.1035725 8.1002295 8.0968866 8.0935437 8.0902008 8.0879009 8.0862249 8.0844952 8.0827654 8.0810357 8.0793059 8.0810577 8.0835837 8.086112 8.0886404 8.0911687 8.0903097 8.0806119 8.0761047 8.0715976 8.0670904 8.0625833
-9999 8.0986498 8.0957895 8.0929292 8.0900689 8.088558 8.0874705 8.0888106 8.0929525 8.0960289 8.0938002 8.0915714 8.0893426 8.0890305 8.0925567 8.0962796 8.1024746 8.1086696 8.1148646 8.1177964 8.1131997 8.108603 8.1040063 8.100174 8.0970166 8.094541 8.0938924 8.0935788 8.0996215 8.1056642 8.1117069 8.1148286 8.1123195 8.1098105 8.1073014 8.1059588 8.1052922 8.1045254 8.1036152 8.1021518 8.0988089 8.095466 8.0921231 8.0898231 8.088273 8.0866446 8.0849149 8.0831851 8.0814554 8.0832072 8.0855607 8.0880442 8.0905726 8.0931009 8.0922419 8.0796499 8.0679902 8.0634831 8.0589759 8.0544688
-9999 8.0944033 8.091543 8.0888862 8.0877986 8.086711 8.0856235 8.0869636 8.0911055 8.0952475 8.0993894 8.0983478 8.096119 8.0958069 8.0993331 8.1028592 8.1063854 8.1118927 8.1180877 8.1210194 8.1164228 8.1118261 8.1084707 8.1053134 8.102156 8.0996803 8.0990318 8.0983832 8.0977347 8.1020433 8.108086 8.1112077 8.1086986 8.1061896 8.1054167 8.1047501 8.1040835 8.1033167 8.1024065 8.1014963 8.1005861 8.0973883 8.0940453 8.0917454 8.0901953 8.0886451 8.0870643 8.0853346 8.0836048 8.0853566 8.0877101 8.0900636 8.0925048 8.0950331 8.0941742 8.0815821 8.06899 8.0563979 8.0508614 8.0463543
-9999 8.0901567 8.0881267 8.0870392 8.0859516 8.0848641 8.0837765 8.0851166 8.0892585 8.0934005 8.0975424 8.1016844 8.1028954 8.1025833 8.1061095 8.1096356 8.1131618 8.1166879 8.1213107 8.1242425 8.1199248 8.1167675 8.1136101 8.1104527 8.1072954 8.1048197 8.1041712 8.1035226 8.1028741 8.1022255 8.1044651 8.1075868 8.1055411 8.1048745 8.1042079 8.1035413 8.1028747 8.1021079 8.1011978 8.1002876 8.0993774 8.0984672 8.0959676 8.0936677 8.0921175 8.0905674 8.0890172 8.0874671 8.0857543 8.0875061 8.0898596 8.0922131 8.0945666 8.0969653 8.0961064 8.0835143 8.0709222 8.0583301 8.0457381 8.0382398
-9999 8.0883334 8.0872458 8.0861583 8.0850707 8.0839831 8.0828956 8.0838426 8.0879845 8.0921265 8.0962684 8.1004104 8.1045523 8.1076951 8.1112213 8.1147474 8.1182736 8.1217997 8.1253259 8.126831 8.1236736 8.1205163 8.1173589 8.1142016 8.1110442 8.1087711 8.1081225 8.107474 8.1068254 8.1061769 8.1055283 8.1048736 8.104207 8.1035404 8.1028738 8.1022072 8.1015407 8.1008874 8.0999772 8.099067 8.0981569 8.0972467 8.0963365 8.090534 8.0889838 8.0874337 8.0858835 8.0843334 8.0827832 8.0845615 8.086915 8.0892685 8.091622 8.0939755 8.0943585 8.0817665 8.0691744 8.0565823 8.0439902 8.0313982
-9999 8.0922576 8.0911701 8.0900825 8.0889949 8.0878303 8.0850079 8.0854185 8.0895604 8.0937024 8.0978443 8.1019863 8.1000736 8.1006469 8.1073506 8.1115798 8.1151059 8.1186321 8.1221582 8.1236634 8.120506 8.1173486 8.1141913 8.1110339 8.1070787 8.1044176 8.1056756 8.1055164 8.1048678 8.1042193 8.1035707 8.102916 8.1022494 8.1015828 8.1009162 8.1002497 8.1000699 8.099608 8.0986978 8.0977876 8.0968775 8.0944982 8.0761492 8.0654769 8.0607024 8.0591522 8.0576021 8.0560519 8.0545018 8.05628 8.0586335 8.0609871 8.0633406 8.0701623 8.0743068 8.0617148 8.0491227 8.0365306 8.0242598 8.0186421
-9999 8.0961818 8.0950943 8.0940067 8.0922287 8.0894062 8.0865838 8.0869943 8.0911363 8.0952782 8.0976511 8.0951632 8.0926752 8.0932486 8.0999523 8.1066561 8.1119383 8.1154644 8.1189906 8.1204957 8.1173383 8.114181 8.1108716 8.1067483 8.1026251 8.099964 8.101222 8.1024799 8.1029102 8.1022617 8.1016131 8.1009584 8.1002918 8.0996252 8.0990876 8.0989391 8.0987905 8.0983286 8.0974184 8.0965083 8.0891236 8.0707746 8.0524256 8.0417533 8.0365997 8.031446 8.0293206 8.0277705 8.0262203 8.0279986 8.0303521 8.0327056 8.0411344 8.0501106 8.0542551 8.0416631 8.029071 8.0184925 8.0128748 8.007257
-9999 8.1001061 8.0990185 8.096627 8.0938046 8.0909821 8.0881596 8.0885702 8.0927122 8.0927407 8.0902528 8.0877649 8.0852769 8.0858503 8.092554 8.0992577 8.1059615 8.1122968 8.1158229 8.1173281 8.1141707 8.1105412 8.1064179 8.1022947 8.0981714 8.0955103 8.0967683 8.0980263 8.0992843 8.1003041 8.0996556 8.0990008 8.0983342 8.0979568 8.0978083 8.0976597 8.0975111 8.0970492 8.0961391 8.083749 8.0654 8.047051 8.028702 8.0180297 8.0128761 8.0077224 8.0025687 7.999489 7.9979389 7.9997171 8.0031301 8.0121064 8.0210826 8.0300589 8.0342034 8.0216114 8.0127251 8.0071074 8.0014897 7.995872
-9999 8.1038478 8.1010254 8.0982029 8.0953804 8.092558 8.0897355 8.0901461 8.0878304 8.0853424 8.0828545 8.0803665 8.0778786 8.0784519 8.0851557 8.0918594 8.0985632 8.1052669 8.1119706 8.1141604 8.1102108 8.1060875 8.1019643 8.097841 8.0937178 8.0910567 8.0923147 8.0935726 8.0948306 8.0960886 8.0973466 8.0970432 8.096826 8.0966775 8.0965289 8.0963803 8.0962318 8.0957699 8.0783744 8.0600254 8.0416764 8.0233274 8.0049784 7.9943061 7.9891525 7.9839988 7.9788451 7.9736915 7.9696574 7.9741021 7.9830784 7.9920547 8.0010309 8.0100072 8.0141517 8.0069578 8.0013401 7.9957224 7.9901047 7.984487
-9999 8.1009749 8.0981525 8.09533 8.0925076 8.0896851 8.0855419 8.0901756 8.0961124 8.0936245 8.0911366 8.0886486 8.0861607 8.0803113 8.0766882 8.0833919 8.0900957 8.0967994 8.1035031 8.106933 8.1028097 8.0986864 8.0945632 8.0904399 8.0852537 8.0798564 8.0870786 8.0883366 8.0895946 8.0908526 8.0921106 8.0928881 8.0927395 8.092591 8.0924424 8.0922938 8.0884558 8.0828245 8.0750756 8.0567267 8.0383777 8.0200287 8.0016797 7.9920247 7.9872965 7.9821429 7.9769892 7.9718356 7.9666819 7.9643356 7.9733118 7.9822881 7.9912644 8.0002406 8.0078334 8.0071542 8.0015364 7.9959187 7.990301 7.9846833
-9999 8.0955763 8.0927538 8.0899314 8.0871089 8.0815038 8.0748778 8.0795115 8.0971402 8.1108092 8.1083213 8.1058333 8.1033454 8.097496 8.0849151 8.0743174 8.0810211 8.0877249 8.0944286 8.0978584 8.0937352 8.0896119 8.0854887 8.0775616 8.0658601 8.0604628 8.0719625 8.0826564 8.0839144 8.0851724 8.0864303 8.0872079 8.0870593 8.0869108 8.0867622 8.0782133 8.0641675 8.0585363 8.0649433 8.0650242 8.0466753 8.0283263 8.0099773 8.0003223 7.9969172 7.9927024 7.9875488 7.9823951 7.9772415 7.9744164 7.9719938 7.9783609 7.9873372 7.9963135 8.0039063 8.006707 8.0083081 8.0026904 7.9970727 7.991455
-9999 8.0901776 8.0873552 8.0840916 8.0774657 8.0708397 8.0642137 8.0688474 8.0864761 8.1041049 8.1217337 8.123018 8.1205301 8.1146807 8.1020998 8.0895189 8.0769381 8.0786504 8.0853541 8.0887839 8.0846607 8.0805374 8.0698695 8.058168 8.0464665 8.0410692 8.0525689 8.0640686 8.0755683 8.0794922 8.0807501 8.0815277 8.0813791 8.0812306 8.0679709 8.053925 8.0398792 8.034248 8.0406551 8.0470621 8.0534692 8.0366239 8.0182749 8.0086198 8.0052148 8.0018097 7.9981083 7.9929547 7.987801 7.9849759 7.9825533 7.9801307 7.98341 7.9923863 7.9999791 8.0027798 8.0055805 8.0083812 8.0038444 7.9982266
-9999 8.084779 8.0800535 8.0734275 8.0668016 8.0601756 8.0535496 8.0581833 8.0758121 8.0934408 8.1110696 8.1286983 8.1377148 8.1318654 8.1192845 8.1067036 8.0941228 8.0815419 8.0762796 8.0797094 8.073879 8.0621775 8.0504759 8.0387744 8.0270729 8.0216756 8.0331753 8.044675 8.0561747 8.0676744 8.0750699 8.0758475 8.0717743 8.0577284 8.0436826 8.0296368 8.0155909 8.0099597 8.0163668 8.0227739 8.0291809 8.035588 8.0265724 8.0169174 8.0135124 8.0101073 8.0067023 8.0032972 7.9983605 7.9955355 7.9931129 7.9906902 7.9882676 7.9884591 7.9960519 7.9988526 8.0016533 8.004454 8.0072547 8.0049983
-9999 8.0801507 8.0735247 8.0668987 8.0602728 8.0536468 8.0470208 8.0467686 8.0643974 8.0820261 8.0996549 8.1172836 8.1349124 8.1449325 8.1323517 8.1197708 8.1071899 8.094609 8.0820282 8.0697132 8.0580117 8.0463101 8.0346086 8.0229071 8.0112056 8.0055686 8.0169481 8.0284478 8.0399475 8.0514472 8.0629469 8.0657211 8.0516752 8.0376294 8.0235835 8.0095377 7.9954918 7.9950554 8.0014625 8.0078696 8.0142767 8.0206837 8.0270908 8.0275084 8.0241033 8.0206983 8.0172932 8.0138881 8.0104831 8.0020567 7.9996341 7.9972115 7.9947888 7.9923662 7.9976664 8.0016827 8.0044834 8.0072841 8.0100848 8.0128855
-9999 8.0892753 8.0826494 8.0760234 8.0693974 8.0620763 8.0504087 8.0468413 8.0526226 8.0677702 8.0853989 8.1030277 8.1206564 8.1310946 8.1271332 8.1172516 8.1046708 8.0920899 8.079509 8.0671941 8.0554925 8.043791 8.0320895 8.0203879 8.0209478 8.021238 8.0178674 8.0242063 8.035706 8.0472057 8.0587054 8.0614796 8.0474337 8.0333879 8.019342 8.0055235 7.9990065 8.0024256 8.0200598 8.028487 8.034894 8.0413011 8.0477082 8.0478019 8.0433754 8.0399704 8.0365653 8.0331603 8.0297552 8.0083776 7.9908689 7.9884463 7.9860237 7.983601 7.9889012 8.0209522 8.0328921 8.0356928 8.0384935 8.0412942
-9999 8.0984 8.091774 8.085148 8.0758891 8.0642215 8.052554 8.0489866 8.0547678 8.0605491 8.071143 8.0887717 8.1064005 8.1168386 8.1128772 8.1089158 8.1021516 8.0895708 8.0769899 8.0646749 8.0529734 8.0412719 8.0333052 8.0349612 8.0366172 8.0369074 8.0335369 8.0301663 8.0314645 8.0429642 8.0544639 8.0572381 8.0431923 8.0291464 8.01788 8.0113629 8.0048459 8.008265 8.0258992 8.0435334 8.0555114 8.0619185 8.0683256 8.0684192 8.0639742 8.0595292 8.0558374 8.0524324 8.0490273 8.0276497 8.0031659 7.9796811 7.9772585 7.9748359 7.980136 8.012187 8.0442381 8.0641016 8.0669022 8.0697029
-9999 8.1075246 8.1008987 8.089702 8.0780344 8.0663668 8.0546992 8.0511318 8.0569131 8.0626944 8.0684756 8.0745158 8.0921445 8.1025827 8.0986213 8.0946598 8.0906984 8.086737 8.0744707 8.0621558 8.0504542 8.0473185 8.0489746 8.0506306 8.0522866 8.0525768 8.0492063 8.0458357 8.0424651 8.0390946 8.0502224 8.0529966 8.0389508 8.0302364 8.0237193 8.0172023 8.0106853 8.0141044 8.0317386 8.0493728 8.067007 8.0825359 8.088943 8.0890366 8.0845916 8.0801466 8.0757016 8.0717045 8.0682995 8.0469218 8.022438 7.9979542 7.9734704 7.9660707 7.9713708 8.0034219 8.0354729 8.0675239 8.095311 8.0981117
-9999 8.1151824 8.1035148 8.0918472 8.0801796 8.068512 8.0568444 8.053277 8.0590583 8.0648396 8.0706209 8.0764021 8.0821834 8.0883267 8.0843653 8.0804039 8.0764425 8.072481 8.0685196 8.0596759 8.0613319 8.0629879 8.064644 8.0663 8.067956 8.0682462 8.0648757 8.0615051 8.0581345 8.054764 8.0513934 8.0491098 8.0425928 8.0360758 8.0295587 8.0230417 8.0165247 8.0199438 8.037578 8.0552122 8.0728464 8.0904805 8.1081147 8.109654 8.105209 8.100764 8.096319 8.091874 8.0875716 8.0661939 8.0417101 8.0172263 7.9927425 7.9682587 7.9626057 7.9946567 8.0267077 8.0587587 8.0908097 8.1228607
-9999 8.0991778 8.0875102 8.0758426 8.064175 8.0525075 8.0513171 8.0555627 8.058517 8.0642983 8.0700795 8.0758608 8.0816421 8.0817823 8.0723969 8.0684354 8.064474 8.0605126 8.0565512 8.0542884 8.0559444 8.0576005 8.0592565 8.0609125 8.0659008 8.0722857 8.0669439 8.0635733 8.0602027 8.0568322 8.0534616 8.0490163 8.0424993 8.0359822 8.0294652 8.0229482 8.0208286 8.0227389 8.0296537 8.0472879 8.0649221 8.0825563 8.1001904 8.1175968 8.1229287 8.1184837 8.1140387 8.1095936 8.1051486 8.0933334 8.0706935 8.0462097 8.0217259 7.9972421 7.9793166 7.9898207 8.0218717 8.0539227 8.0859737 8.1180248
