P1_models/J1_p1_vp_slide_diff2_260.dat.tif
NCOLS 118
NROWS 92
XLLCORNER 139.62
YLLCORNER -39.07
DX 0.099491525
DY 0.099347826
NODATA_VALUE -9999
[rows 48 to 71 of 92, columns 0 to 53 of 118]
-9999 -0.10640143 -0.094349254 -0.082297079 -0.070244904 -0.058192729 -0.046140554 -0.043742496 -0.015756835 0.012228827 0.040214488 0.068200149 0.096185811 0.10505299 0.071225065 0.031665079 -0.0078949074 -0.047454894 -0.08701488 -0.11401268 -0.11202898 -0.11004529 -0.10806159 -0.1060779 -0.1040942 -0.10366094 -0.11230102 -0.12073621 -0.12917141 -0.1376066 -0.1460418 -0.14773787 -0.13644305 -0.12514823 -0.11385341 -0.1025586 -0.091263779 -0.082518456 -0.082336112 -0.082153768 -0.081971424 -0.08178908 -0.08235805 -0.086633872 -0.09093208 -0.095230289 -0.099528497 -0.10382671 -0.10812491 -0.11195322 -0.11570032 -0.11944742 -0.12319452 -0.12694162
-9999 -0.083109441 -0.071057266 -0.059005091 -0.046952916 -0.046009722 -0.066573315 -0.064599137 -0.036613476 -0.0086278144 0.019357847 0.044475024 0.058763801 0.065656282 0.057737254 0.034395378 -0.0051646083 -0.044724594 -0.084284581 -0.11128238 -0.10929869 -0.10731499 -0.10533129 -0.10300108 -0.09806414 -0.096998678 -0.10630974 -0.11522064 -0.12365584 -0.13209103 -0.14052623 -0.1422223 -0.13092748 -0.11963266 -0.10833784 -0.096138045 -0.080843668 -0.071766593 -0.071584249 -0.071401905 -0.071219561 -0.074523779 -0.083871007 -0.08773936 -0.087669017 -0.091217741 -0.095515949 -0.099814157 -0.10411237 -0.10794068 -0.11168778 -0.11543488 -0.11918198 -0.12134823
-9999 -0.059817454 -0.047765279 -0.035713104 -0.046302769 -0.066866363 -0.087429956 -0.085455778 -0.057470117 -0.029484455 -0.0092104649 0.0050783122 0.019367089 0.02625957 0.018340542 0.010421514 -0.0024343093 -0.041994295 -0.081554282 -0.10855208 -0.10656839 -0.10458469 -0.10127575 -0.09633881 -0.091401875 -0.090336413 -0.099647471 -0.10895853 -0.11814027 -0.12657546 -0.13501066 -0.13670673 -0.12541191 -0.11411709 -0.10068056 -0.085386182 -0.070091805 -0.06101473 -0.060832386 -0.060650042 -0.066689507 -0.076036736 -0.085383964 -0.089252317 -0.089181974 -0.089111632 -0.091503401 -0.095801609 -0.10009982 -0.10392813 -0.10767523 -0.11110629 -0.11318335 -0.11526041
-9999 -0.036525467 -0.026032223 -0.046595817 -0.06715941 -0.087723004 -0.1082866 -0.10631242 -0.078326758 -0.062895954 -0.048607177 -0.034318399 -0.020029622 -0.013137141 -0.021056169 -0.028975197 -0.036894225 -0.044813253 -0.078823983 -0.10582178 -0.10383809 -0.099550415 -0.09461348 -0.089676545 -0.08473961 -0.083674148 -0.092985205 -0.10229626 -0.11160732 -0.12091838 -0.12949509 -0.13119116 -0.11989634 -0.10522307 -0.089928696 -0.074634319 -0.059339942 -0.050262866 -0.050080522 -0.058855235 -0.068202464 -0.077549693 -0.086896921 -0.090765274 -0.090694931 -0.090624589 -0.090554247 -0.091789061 -0.096087269 -0.09991558 -0.10294141 -0.10501847 -0.10709553 -0.1091726
-9999 -0.026325271 -0.046888864 -0.067452458 -0.088016051 -0.10857964 -0.12914324 -0.13087022 -0.11658144 -0.10229267 -0.088003888 -0.073715111 -0.059426334 -0.052533853 -0.060452881 -0.068371909 -0.076290937 -0.084209965 -0.092128993 -0.10276202 -0.097825086 -0.09288815 -0.087951215 -0.08301428 -0.078077344 -0.077011882 -0.08632294 -0.095633998 -0.10494506 -0.11425611 -0.12356717 -0.12505996 -0.10976559 -0.094471209 -0.079176832 -0.063882455 -0.048588079 -0.041673734 -0.051020963 -0.060368192 -0.069715421 -0.07906265 -0.088409878 -0.092278231 -0.092207888 -0.092137546 -0.092067204 -0.091996862 -0.092074721 -0.094776531 -0.096853594 -0.098930657 -0.10100772 -0.10308478
-9999 -0.028977651 -0.049541245 -0.070104838 -0.090668432 -0.11123203 -0.12664897 -0.12642679 -0.11213801 -0.097849234 -0.083560457 -0.06927168 -0.057703099 -0.05634122 -0.068136514 -0.076055542 -0.08397457 -0.091893598 -0.099812626 -0.1038442 -0.098907268 -0.093970332 -0.089033397 -0.084096462 -0.078279731 -0.075245268 -0.083597803 -0.092908861 -0.10221992 -0.11153098 -0.12084203 -0.12174868 -0.1064543 -0.091159926 -0.07586555 -0.060571173 -0.049170993 -0.048521103 -0.057868332 -0.067215561 -0.076562789 -0.085910018 -0.093063747 -0.091736331 -0.088536932 -0.08846659 -0.088396248 -0.088325906 -0.088255563 -0.090016186 -0.092093249 -0.094170313 -0.096247376 -0.098975612
-9999 -0.028584363 -0.049147957 -0.06971155 -0.090275144 -0.10290495 -0.11487085 -0.11464867 -0.10035989 -0.086071117 -0.07178234 -0.062100256 -0.053630918 -0.052269039 -0.065140258 -0.078011477 -0.086352438 -0.094271466 -0.10219049 -0.10622207 -0.10128514 -0.096348201 -0.091411266 -0.084907821 -0.07770049 -0.074666027 -0.082815901 -0.090965774 -0.10015348 -0.10946454 -0.1187756 -0.11968225 -0.10438787 -0.089093492 -0.073799115 -0.064548581 -0.056910836 -0.056260947 -0.065608175 -0.074955404 -0.084302633 -0.090595895 -0.096621479 -0.095294063 -0.088680669 -0.083928338 -0.083857996 -0.083787654 -0.083717311 -0.085477934 -0.087554997 -0.089632061 -0.092889321 -0.097419739
-9999 -0.028191076 -0.048754669 -0.067195048 -0.079160942 -0.091126837 -0.10309273 -0.10287055 -0.088581778 -0.074966752 -0.066497414 -0.058028075 -0.049558737 -0.048196858 -0.061068077 -0.073939296 -0.086810514 -0.096649335 -0.10456836 -0.10859994 -0.103663 -0.09872607 -0.091535912 -0.08432858 -0.077121249 -0.074086786 -0.08223666 -0.090386533 -0.098536407 -0.10739811 -0.11670916 -0.11761581 -0.10232143 -0.087563915 -0.07992617 -0.072288425 -0.06465068 -0.06400079 -0.073348019 -0.082102458 -0.088128042 -0.094153627 -0.10017921 -0.098851795 -0.092238401 -0.085625008 -0.079319744 -0.079249402 -0.07917906 -0.080939682 -0.083016746 -0.08680303 -0.091333448 -0.095863866
-9999 -0.027797788 -0.043451036 -0.055416931 -0.067382826 -0.07934872 -0.091314615 -0.091092438 -0.07936391 -0.070894571 -0.062425233 -0.053955894 -0.045486556 -0.044124677 -0.056995896 -0.069867115 -0.082738333 -0.095609552 -0.10694623 -0.11097781 -0.10537134 -0.098164003 -0.090956671 -0.083749339 -0.076542008 -0.073507545 -0.081657418 -0.089807292 -0.097957166 -0.10610704 -0.11464273 -0.11554938 -0.1029415 -0.095303759 -0.087666014 -0.080028268 -0.072390523 -0.071740634 -0.079634606 -0.08566019 -0.091685775 -0.097711359 -0.10373694 -0.10240953 -0.095796133 -0.08918274 -0.082569346 -0.075955952 -0.074640808 -0.07640143 -0.080716739 -0.085247157 -0.089777575 -0.094307992
-9999 -0.023374348 -0.035340242 -0.047306137 -0.059272032 -0.071237927 -0.083203821 -0.089551372 -0.081082034 -0.072612696 -0.064143357 -0.055674019 -0.04720468 -0.041198552 -0.05406977 -0.066940989 -0.079812208 -0.092683426 -0.10555464 -0.11235441 -0.10514708 -0.097939747 -0.090732415 -0.083525083 -0.076317751 -0.072099233 -0.079986312 -0.088136186 -0.096286059 -0.10443593 -0.11258581 -0.11534315 -0.1077054 -0.10006766 -0.09242991 -0.084792165 -0.07715442 -0.074077109 -0.080102694 -0.086128278 -0.092153862 -0.098179446 -0.10420503 -0.10826256 -0.10164917 -0.095035777 -0.088422383 -0.08180899 -0.075195596 -0.073867718 -0.078398135 -0.082928553 -0.087458971 -0.091989388
-9999 -0.027789144 -0.039755039 -0.051720934 -0.063686828 -0.074455098 -0.076792333 -0.084440403 -0.098217859 -0.09410737 -0.085638032 -0.077168694 -0.068699355 -0.062207811 -0.059676912 -0.067929169 -0.080800387 -0.093671606 -0.10654282 -0.11334259 -0.10613526 -0.098927927 -0.091720595 -0.084513263 -0.082396528 -0.080579343 -0.07812713 -0.082735859 -0.090885732 -0.099035606 -0.10718548 -0.10994282 -0.10230507 -0.094667329 -0.087029583 -0.079395945 -0.071997823 -0.068524775 -0.070667102 -0.076043811 -0.082069395 -0.088094979 -0.094120564 -0.10372958 -0.11534173 -0.10872834 -0.10211494 -0.095501549 -0.088888155 -0.079002921 -0.073474457 -0.078004875 -0.082535293 -0.08706571
-9999 -0.032203941 -0.044169836 -0.05613573 -0.063499328 -0.065836563 -0.068173799 -0.075821869 -0.089599325 -0.10337678 -0.10713271 -0.098663368 -0.09019403 -0.083702485 -0.081171587 -0.078640688 -0.081788567 -0.094659786 -0.107531 -0.11433077 -0.10712344 -0.099916106 -0.094037152 -0.092456895 -0.090876638 -0.089059452 -0.086607239 -0.084155026 -0.085485405 -0.093635279 -0.10178515 -0.10454249 -0.096904747 -0.089267002 -0.081707459 -0.074309336 -0.066911214 -0.063438166 -0.065580493 -0.06772282 -0.071984929 -0.078010513 -0.084036097 -0.09364511 -0.1058302 -0.1180153 -0.1158075 -0.10919411 -0.10258071 -0.09269548 -0.082244784 -0.073081197 -0.077611614 -0.082142032
-9999 -0.036618738 -0.048584632 -0.052543559 -0.054880794 -0.057218029 -0.059555265 -0.067203335 -0.080980791 -0.094758247 -0.1085357 -0.12015804 -0.1116887 -0.10519716 -0.10266626 -0.10013536 -0.097604465 -0.095647965 -0.10851918 -0.11531895 -0.10811162 -0.10409752 -0.10251726 -0.100937 -0.099356748 -0.097539562 -0.095087349 -0.092635136 -0.090182923 -0.088234952 -0.096384825 -0.099142165 -0.09150442 -0.084018973 -0.07662085 -0.069222728 -0.061824605 -0.058351557 -0.060493884 -0.062636211 -0.064778538 -0.067926046 -0.07395163 -0.083560643 -0.095745737 -0.10793083 -0.12011592 -0.12288667 -0.11627327 -0.10638804 -0.095937343 -0.085486646 -0.07503595 -0.077218354
-9999 -0.039250554 -0.041587789 -0.043925024 -0.04626226 -0.048599495 -0.05093673 -0.058584801 -0.072362256 -0.086139712 -0.099917168 -0.11369462 -0.12747208 -0.12669184 -0.12416094 -0.12163004 -0.11909914 -0.11656824 -0.11403734 -0.11630713 -0.11415789 -0.11257763 -0.11099737 -0.10941711 -0.10783686 -0.10601967 -0.10356746 -0.10111525 -0.098663032 -0.096210819 -0.093758606 -0.093741838 -0.086330486 -0.078932364 -0.071534241 -0.064136119 -0.056737997 -0.053264948 -0.055407275 -0.057549602 -0.059691929 -0.061834256 -0.063976583 -0.073476176 -0.08566127 -0.097846364 -0.11003146 -0.12221655 -0.12996583 -0.1200806 -0.1096299 -0.099179205 -0.088728509 -0.078277813
-9999 -0.044316749 -0.046653984 -0.048991219 -0.051328455 -0.05366569 -0.057010553 -0.057519193 -0.062560656 -0.076338112 -0.090115568 -0.10389302 -0.11767048 -0.12939004 -0.13288468 -0.13035379 -0.12782289 -0.12529199 -0.12276109 -0.12051765 -0.11893739 -0.11735714 -0.11577688 -0.11419662 -0.11006658 -0.098913977 -0.096383215 -0.093931002 -0.091478789 -0.089026576 -0.086574363 -0.082432789 -0.075034666 -0.067636544 -0.060238421 -0.052840299 -0.050520514 -0.059533449 -0.065519118 -0.067661445 -0.069803772 -0.071946099 -0.074088426 -0.078669825 -0.08910136 -0.10128645 -0.11347155 -0.12565664 -0.13784173 -0.12827231 -0.11778302 -0.10733233 -0.09688163 -0.086430933
-9999 -0.05533376 -0.057670996 -0.060008231 -0.062345466 -0.066564465 -0.07137382 -0.07188246 -0.067427523 -0.066022055 -0.079799511 -0.093576967 -0.10735442 -0.11907398 -0.12667248 -0.13352409 -0.13099319 -0.12846229 -0.12593139 -0.12368795 -0.12210769 -0.12052744 -0.11894718 -0.11058416 -0.096231185 -0.085078578 -0.082503771 -0.079935101 -0.077482888 -0.075030675 -0.072578462 -0.068436888 -0.061038765 -0.053640643 -0.04624252 -0.048771535 -0.057054289 -0.066067225 -0.076124788 -0.084382346 -0.086524673 -0.088667 -0.090809327 -0.095390726 -0.10172554 -0.11060771 -0.1227928 -0.1349779 -0.14716299 -0.13759356 -0.12426436 -0.11307662 -0.10262592 -0.092175225
-9999 -0.066350772 -0.068688007 -0.071309022 -0.076118377 -0.080927732 -0.085737087 -0.086245728 -0.081790791 -0.077335854 -0.072880917 -0.083260909 -0.097038365 -0.10875792 -0.11635642 -0.12395492 -0.13155342 -0.13163259 -0.12910169 -0.12685825 -0.12527799 -0.12369774 -0.11110174 -0.096748765 -0.082395786 -0.071243179 -0.068668372 -0.066093565 -0.063518758 -0.061034774 -0.058582561 -0.054440987 -0.047042864 -0.039644742 -0.047022557 -0.055305311 -0.063588064 -0.072601 -0.082658564 -0.092716128 -0.10277369 -0.1053879 -0.10753023 -0.11211163 -0.11844645 -0.12478126 -0.13211406 -0.14429915 -0.15648424 -0.14691482 -0.13358562 -0.12025642 -0.10837021 -0.097919516
-9999 -0.077367783 -0.080862934 -0.085672289 -0.090481644 -0.095290999 -0.10010035 -0.10060899 -0.096154058 -0.091699121 -0.087244184 -0.082789247 -0.086722308 -0.098441866 -0.10604037 -0.11363886 -0.12123736 -0.12883586 -0.13227199 -0.13002855 -0.1259723 -0.11161932 -0.097266345 -0.082913366 -0.068560387 -0.05740778 -0.054832973 -0.052258166 -0.049683359 -0.047108552 -0.04458666 -0.040445086 -0.036990824 -0.045273578 -0.053556332 -0.061839086 -0.07012184 -0.079134775 -0.089192339 -0.099249903 -0.10930747 -0.11936503 -0.12425113 -0.12883253 -0.13516735 -0.14150216 -0.14783698 -0.1541718 -0.1658055 -0.15623607 -0.14290687 -0.12957767 -0.11624847 -0.10366381
-9999 -0.088606494 -0.093415849 -0.098225204 -0.10303456 -0.10784391 -0.11265327 -0.11020439 -0.10574945 -0.10129452 -0.096839579 -0.092384642 -0.087929705 -0.088726093 -0.096324593 -0.10392309 -0.11152159 -0.11912009 -0.12671859 -0.12767929 -0.11332631 -0.098973333 -0.084620354 -0.070267375 -0.055914396 -0.048982668 -0.046407861 -0.043833054 -0.041258247 -0.03868344 -0.036108633 -0.037242413 -0.045525167 -0.053807921 -0.062090675 -0.070373429 -0.078656182 -0.086916166 -0.09697373 -0.10703129 -0.11708886 -0.12714642 -0.13720399 -0.1404035 -0.14673832 -0.15307314 -0.15940795 -0.16574277 -0.17207759 -0.16164607 -0.14831687 -0.13498767 -0.12165847 -0.10832927
-9999 -0.092154977 -0.096964333 -0.10177369 -0.10658304 -0.11081274 -0.10256963 -0.096085077 -0.09163014 -0.087175203 -0.082720266 -0.078265329 -0.090738475 -0.09823278 -0.092535895 -0.097193049 -0.10479155 -0.11239005 -0.11998855 -0.12094925 -0.10659627 -0.092243291 -0.077890312 -0.063537333 -0.059343315 -0.058982484 -0.063159779 -0.062317931 -0.059743124 -0.057168317 -0.05459351 -0.055727291 -0.064010045 -0.072292798 -0.080575552 -0.088858306 -0.093912262 -0.10090302 -0.11096058 -0.12101814 -0.13107571 -0.1397608 -0.13352646 -0.13135593 -0.13269429 -0.13902911 -0.14536393 -0.15169874 -0.15803356 -0.14760204 -0.13427284 -0.12094364 -0.10761444 -0.093394875
-9999 -0.095703461 -0.10051282 -0.10532217 -0.10493655 -0.096693431 -0.088450314 -0.081965764 -0.077510827 -0.07305589 -0.073547055 -0.087628531 -0.10171001 -0.10920431 -0.10350743 -0.097810542 -0.098061506 -0.10566001 -0.11325851 -0.11421921 -0.099866228 -0.085513248 -0.073096228 -0.071042225 -0.068988223 -0.068627392 -0.072804687 -0.076981982 -0.078228001 -0.075653194 -0.073078387 -0.074212168 -0.082494922 -0.090777676 -0.098204927 -0.10305202 -0.10789911 -0.11488986 -0.12494743 -0.13500499 -0.13901387 -0.13277952 -0.12654518 -0.12437465 -0.12512555 -0.12587645 -0.1313199 -0.13765471 -0.14398953 -0.13355801 -0.12022881 -0.10689961 -0.092359827 -0.077710944
-9999 -0.099251945 -0.1040613 -0.099060353 -0.090817236 -0.082574118 -0.074331001 -0.067846451 -0.063391514 -0.070437112 -0.084518588 -0.098600064 -0.11268154 -0.12017584 -0.11447896 -0.10878207 -0.10308519 -0.098929963 -0.10652846 -0.10748916 -0.093136185 -0.084795138 -0.082741136 -0.080687133 -0.07863313 -0.0782723 -0.082449595 -0.08662689 -0.090804185 -0.094138072 -0.091563265 -0.092697045 -0.1009798 -0.10734468 -0.11219178 -0.11703887 -0.12188596 -0.12887671 -0.13893428 -0.13826693 -0.13203258 -0.12579824 -0.11956389 -0.11739337 -0.11814427 -0.11889516 -0.11964606 -0.12361068 -0.1299455 -0.11951398 -0.10597366 -0.09132478 -0.076675897 -0.062027013
-9999 -0.10142728 -0.093184158 -0.08494104 -0.076697923 -0.068454805 -0.060211688 -0.053727138 -0.067327168 -0.081408644 -0.09549012 -0.1095716 -0.12365307 -0.13114738 -0.12545049 -0.11975361 -0.11405672 -0.10835984 -0.10266295 -0.10075912 -0.096494048 -0.094440046 -0.092386043 -0.090332041 -0.088278038 -0.087917208 -0.092094503 -0.096271798 -0.10044909 -0.10462639 -0.10880368 -0.11118192 -0.11648444 -0.12133153 -0.12617863 -0.13102572 -0.13587281 -0.14286356 -0.13751999 -0.13128565 -0.1250513 -0.11881696 -0.11258261 -0.11041208 -0.11116298 -0.11191388 -0.11266478 -0.11341568 -0.11590147 -0.10493862 -0.090289733 -0.075640849 -0.060991966 -0.046343082
-9999 -0.095756825 -0.087513707 -0.07927059 -0.071027472 -0.062784355 -0.057614779 -0.055464428 -0.061414795 -0.075496271 -0.089577747 -0.10365922 -0.1177407 -0.12565958 -0.12064536 -0.11494847 -0.10925159 -0.1035547 -0.097857819 -0.093262487 -0.091208485 -0.089154482 -0.08710048 -0.085046477 -0.085547432 -0.095994809 -0.094905553 -0.099082848 -0.10326014 -0.10743744 -0.11161473 -0.11602081 -0.1208679 -0.12571499 -0.13056209 -0.13540918 -0.13785295 -0.13725089 -0.13563554 -0.12940119 -0.12316685 -0.1169325 -0.11069816 -0.11028448 -0.11177025 -0.11252115 -0.11327205 -0.11402295 -0.11477385 -0.10865547 -0.094006583 -0.079357699 -0.064708816 -0.050059932
