P1_models/J1_p1_tot_conduct_slide_148.39.dat.tif
NCOLS 118
NROWS 92
XLLCORNER 139.62
YLLCORNER -39.07
DX 0.099491525
DY 0.099347826
NODATA_VALUE -9999
[rows 52 to 77 of 92, columns 58 to 115 of 118]
-2.7314783 -2.8033333 -2.8704982 -2.9280985 -2.9418696 -2.9313968 -2.9428672 -2.9594492 -2.9653437 -2.9767254 -3.0133801 -3.0386299 -3.0331026 -3.0251507 -3.014096 -2.9717279 -2.9109275 -2.7976189 -2.6691443 -2.4204155 -2.1644921 -1.8660176 -1.5914733 -1.3515232 -1.1868597 -1.0544616 -1.0240378 -1.0129681 -1.1107633 -1.2398452 -1.4222464 -1.6355754 -1.8813425 -2.092427 -2.2965932 -2.4370519 -2.4854793 -2.3216109 -2.2616857 -2.2679241 -2.274046 -2.3065603 -2.5874776 -2.7613089 -2.7671614 -2.7690507 -2.7698156 -2.8302225 -2.87 -2.87 -2.87 -2.87 -2.7996398 -2.7480409 -2.7421884 -2.729008 -2.7114506 -9999
-2.7567236 -2.8162468 -2.8733791 -2.9265763 -2.9374996 -2.9270268 -2.9375479 -2.9541299 -2.9653437 -2.9749509 -3.0071116 -3.0346807 -3.0331026 -3.022726 -3.0087768 -2.9664086 -2.9056082 -2.790401 -2.667307 -2.4238362 -2.1672967 -1.8772291 -1.6040337 -1.3671047 -1.2081039 -1.0785259 -1.0570805 -1.0490798 -1.1516825 -1.2922372 -1.4813315 -1.7048684 -1.9548988 -2.1567818 -2.3620018 -2.4818811 -2.5246129 -2.3424379 -2.2689035 -2.274756 -2.2753193 -2.3065603 -2.5874776 -2.7622582 -2.7681107 -2.77 -2.77 -2.8302225 -2.87 -2.87 -2.87 -2.87 -2.7943205 -2.7427216 -2.74 -2.729008 -2.7114506 -9999
-2.7670836 -2.8168294 -2.860125 -2.9072526 -2.9426015 -2.9321287 -2.9459107 -2.9624926 -2.9753613 -2.9805481 -3.0031084 -3.0253691 -3.0251087 -3.0194651 -3.0028832 -2.9633583 -2.9025579 -2.7918847 -2.6692434 -2.4338881 -2.1828758 -1.8959705 -1.6392714 -1.4051737 -1.2529137 -1.1313129 -1.116143 -1.1182714 -1.2294678 -1.3732834 -1.5667391 -1.7708195 -2.028327 -2.2060073 -2.394917 -2.4930384 -2.5086017 -2.3096186 -2.329019 -2.3348715 -2.3354348 -2.3437349 -2.589108 -2.7638887 -2.7697411 -2.77 -2.77 -2.8073964 -2.8471739 -2.8471739 -2.8471739 -2.8471739 -2.7970374 -2.7432609 -2.7432609 -2.7322688 -2.7147115 -9999
-2.7381672 -2.7658038 -2.8026775 -2.8343975 -2.9030683 -2.9718679 -2.9909671 -3.0154781 -3.0320601 -3.0401568 -3.0139748 -3.0121227 -3.0065954 -3.0003898 -2.9893352 -2.9556585 -2.9091811 -2.7985079 -2.6758666 -2.4603016 -2.222615 -1.9407223 -1.6896398 -1.4906567 -1.3454657 -1.237284 -1.2317284 -1.244112 -1.3642882 -1.5123703 -1.7058261 -1.8862822 -2.0680661 -2.1976338 -2.3286851 -2.3696522 -2.3638485 -2.4984547 -2.5542074 -2.5600599 -2.5606232 -2.5689233 -2.6567099 -2.77 -2.77 -2.77 -2.77 -2.745911 -2.7544493 -2.7544493 -2.7544493 -2.7544493 -2.7720393 -2.7562945 -2.7504421 -2.7409256 -2.7279579 -9999
-2.7214281 -2.7385028 -2.7594456 -2.7876331 -2.8497205 -2.9245627 -2.971009 -2.9998211 -3.0172112 -3.036367 -3.0111234 -2.9939995 -2.9902464 -2.985397 -2.9715136 -2.9375353 -2.8972002 -2.7905006 -2.6824898 -2.4692515 -2.2623541 -1.9880611 -1.769298 -1.5857872 -1.4510743 -1.3669791 -1.3669603 -1.3999811 -1.5239955 -1.6758414 -1.8621667 -2.003069 -2.1560755 -2.2715106 -2.3356054 -2.3738613 -2.4329789 -2.5649765 -2.6184611 -2.62 -2.6248768 -2.6331769 -2.719681 -2.77 -2.77 -2.77 -2.77 -2.745911 -2.73 -2.73 -2.73 -2.73 -2.74759 -2.7580409 -2.7521884 -2.742672 -2.7353604 -9999
-2.6887363 -2.6942637 -2.7075888 -2.7337707 -2.7907676 -2.8640772 -2.9150235 -2.9537147 -2.9862185 -3.0086748 -2.9897538 -2.974 -2.974 -2.968226 -2.9516441 -2.921145 -2.8824539 -2.7893559 -2.6867863 -2.5074906 -2.3117514 -2.0594162 -1.851153 -1.6872846 -1.5915716 -1.5141893 -1.5331761 -1.5674447 -1.6961984 -1.8316262 -2.0085 -2.1329023 -2.2440987 -2.3055122 -2.364849 -2.3856077 -2.442846 -2.5715997 -2.6215 -2.6215 -2.6249953 -2.6377468 -2.719681 -2.77 -2.77 -2.77 -2.77 -2.745911 -2.73 -2.73 -2.73 -2.73 -2.74609 -2.7565409 -2.7506884 -2.746336 -2.7404835 -9999
-2.6467882 -2.6357336 -2.6431268 -2.6542925 -2.7091988 -2.7779757 -2.8372893 -2.8874828 -2.9315176 -2.9623125 -2.9570761 -2.9475072 -2.9475072 -2.9426579 -2.9316033 -2.9012754 -2.8625843 -2.7748005 -2.6801631 -2.5253985 -2.3448674 -2.1182478 -1.9229717 -1.7998788 -1.7178494 -1.6665226 -1.6955151 -1.7396476 -1.8684013 -2.0005202 -2.1387029 -2.2399837 -2.2970842 -2.3428104 -2.3847185 -2.3964234 -2.4494666 -2.5723679 -2.6235842 -2.6281232 -2.6281232 -2.6377468 -2.719681 -2.77 -2.77 -2.77 -2.77 -2.745911 -2.73 -2.73 -2.73 -2.73 -2.7417267 -2.75 -2.75 -2.746336 -2.7404835 -9999
-2.5458935 -2.5247988 -2.5234438 -2.532288 -2.5607135 -2.6218517 -2.6757031 -2.7305189 -2.7751046 -2.8296834 -2.9107138 -2.9095155 -2.9162681 -2.9114188 -2.9003642 -2.7744932 -2.7003234 -2.6162933 -2.5604225 -2.4665651 -2.315148 -2.1466173 -1.976812 -1.8710486 -1.8208683 -1.7814788 -1.8003846 -1.8501476 -1.9720226 -2.056096 -2.1637681 -2.283965 -2.3461945 -2.3676443 -2.3996672 -2.4068002 -2.454213 -2.6465034 -2.7576449 -2.7623352 -2.7628986 -2.7662186 -2.8146085 -2.8649275 -2.8649275 -2.8609644 -2.8601812 -2.6604762 -2.6445652 -2.6445652 -2.6445652 -2.6445652 -2.6562919 -2.6645652 -2.6645652 -2.6645652 -2.6597951 -9999
-2.4415167 -2.4083529 -2.3953134 -2.4005498 -2.4245903 -2.4614416 -2.5135365 -2.5632822 -2.6076843 -2.6663718 -2.7763361 -2.860414 -2.8714686 -2.8755637 -2.8645091 -2.7400077 -2.5476804 -2.4750862 -2.4263428 -2.3434332 -2.250735 -2.1125523 -2.0101526 -1.9282184 -1.8909843 -1.8771123 -1.9019804 -1.9321925 -2.0199791 -2.0999438 -2.1773261 -2.260436 -2.36578 -2.3966516 -2.411544 -2.4173965 -2.5134583 -2.800228 -2.91 -2.91 -2.91 -2.91332 -2.9484347 -2.97 -2.97 -2.9646673 -2.9588149 -2.7117184 -2.5486304 -2.5486304 -2.5486304 -2.5486304 -2.5617267 -2.57 -2.57 -2.57 -2.57 -9999
-2.3682034 -2.323985 -2.3069909 -2.3017545 -2.3268258 -2.368717 -2.4295704 -2.4904272 -2.5448386 -2.6133862 -2.7192963 -2.8008053 -2.8216402 -2.8296188 -2.8240915 -2.7046846 -2.5278108 -2.4577433 -2.4130964 -2.3337681 -2.2441118 -2.1244726 -2.0355934 -1.9878271 -1.9576864 -1.9632137 -1.9852539 -2.0116708 -2.0867703 -2.1595525 -2.209471 -2.2832572 -2.3790264 -2.4072677 -2.4181672 -2.4240197 -2.5200815 -2.8011266 -2.91 -2.91 -2.91 -2.91332 -2.9484347 -2.969749 -2.9638966 -2.9580441 -2.9521917 -2.7050952 -2.5420072 -2.5420072 -2.5420072 -2.5420072 -2.5595973 -2.57 -2.57 -2.57 -2.57 -9999
-2.2844816 -2.2378835 -2.2199928 -2.2162545 -2.2469236 -2.2898402 -2.3592717 -2.4262531 -2.496469 -2.5641915 -2.6689194 -2.7545387 -2.7798938 -2.7898797 -2.7843524 -2.6779258 -2.5033253 -2.435265 -2.3908018 -2.3225289 -2.2406834 -2.1351103 -2.0531254 -2.0132594 -2.0173668 -2.0262354 -2.0416525 -2.0669178 -2.1354426 -2.1849159 -2.2267319 -2.2973126 -2.3895412 -2.409275 -2.4201745 -2.4260269 -2.5202094 -2.8034744 -2.9146159 -2.9146159 -2.91 -2.91332 -2.9484347 -2.9677418 -2.9618893 -2.9520738 -2.9455685 -2.7030879 -2.54 -2.5374229 -2.5353841 -2.5353841 -2.5529741 -2.5653841 -2.5653841 -2.5653841 -2.5653841 -9999
-2.2037642 -2.1540184 -2.1363696 -2.1363696 -2.1699236 -2.2175137 -2.298808 -2.3761902 -2.4482289 -2.5265031 -2.631231 -2.7019807 -2.7296173 -2.7414666 -2.7359393 -2.6295128 -2.4659051 -2.4087723 -2.364309 -2.2979813 -2.2261979 -2.1267063 -2.0622269 -2.0329646 -2.0426204 -2.0718981 -2.0919404 -2.1310994 -2.1896238 -2.2415753 -2.2747391 -2.3762329 -2.4640196 -2.4827897 -2.4895658 -2.4954182 -2.59148 -2.8782497 -2.9162826 -2.9162826 -2.9125264 -2.9108418 -2.9459564 -2.9615461 -2.9556937 -2.9458781 -2.9352279 -2.6941536 -2.5329348 -2.5270824 -2.5262826 -2.5262826 -2.5426335 -2.5550435 -2.5550435 -2.5550435 -2.5550435 -9999
-2.1178601 -2.0791689 -2.0644946 -2.069731 -2.1138617 -2.1976441 -2.2850383 -2.3695671 -2.4448117 -2.5265031 -2.5841446 -2.6225025 -2.6453793 -2.6553652 -2.6498379 -2.5554858 -2.4394123 -2.3822795 -2.3378163 -2.2749394 -2.2063283 -2.1158477 -2.0598396 -2.0528342 -2.0674187 -2.1116372 -2.1748401 -2.2768095 -2.3435311 -2.4005318 -2.439058 -2.6008002 -2.8282949 -2.8495648 -2.8604643 -2.8663168 -2.9623786 -2.919095 -2.896413 -2.896413 -2.896413 -2.8975954 -2.9199058 -2.9284302 -2.9225777 -2.9145876 -2.9087352 -2.6676609 -2.5064421 -2.506413 -2.506413 -2.506413 -2.5181397 -2.5285507 -2.5285507 -2.5285507 -2.5285507 -9999
-2.0741416 -2.0421979 -2.0390145 -2.0483541 -2.1146298 -2.2002021 -2.2833072 -2.3715477 -2.4448117 -2.5157761 -2.5540069 -2.5896247 -2.6086184 -2.6161796 -2.6085915 -2.5369578 -2.4218906 -2.3647578 -2.3159314 -2.2595554 -2.1965233 -2.1181955 -2.0690817 -2.0697915 -2.1019675 -2.1468908 -2.2442967 -2.3470337 -2.4158194 -2.46332 -2.4969855 -2.6587278 -2.9220877 -2.969275 -2.9801745 -2.9860269 -2.9712064 -2.912682 -2.89 -2.89 -2.89 -2.89166 -2.9092173 -2.9177418 -2.9118893 -2.8981107 -2.8912134 -2.6591102 -2.5 -2.4975534 -2.4955145 -2.4955145 -2.5072412 -2.5155145 -2.5155145 -2.5155145 -2.5155145 -9999
-2.0443807 -2.0222715 -2.0280145 -2.0489601 -2.121282 -2.2155371 -2.3009883 -2.3838979 -2.4539028 -2.5185606 -2.5546483 -2.5852189 -2.6018008 -2.6051507 -2.594096 -2.5193056 -2.4087595 -2.3480862 -2.2995104 -2.2463323 -2.1899291 -2.1180741 -2.0801397 -2.0918446 -2.1295689 -2.1793147 -2.2774126 -2.379382 -2.4379064 -2.4809722 -2.5086087 -2.6642423 -2.9276022 -2.9746375 -2.9801745 -2.9860269 -2.9712064 -2.912682 -2.89 -2.89 -2.8888913 -2.8911047 -2.9092173 -2.9177418 -2.9118893 -2.897002 -2.8794446 -2.650046 -2.4967826 -2.4909302 -2.4888913 -2.4888913 -2.500618 -2.5088913 -2.5088913 -2.5077826 -2.5077826 -9999
-2.0422681 -2.042141 -2.0519022 -2.082076 -2.1568798 -2.2552762 -2.3407275 -2.4236371 -2.4851719 -2.5450533 -2.5712353 -2.5982039 -2.6092585 -2.6104579 -2.594096 -2.516935 -2.4021363 -2.3437288 -2.2995104 -2.2552919 -2.2031898 -2.1423894 -2.1078219 -2.1249605 -2.1626848 -2.2124306 -2.3105285 -2.4124979 -2.463086 -2.4991137 -2.5156957 -2.6687688 -2.9276022 -2.9746375 -2.9801745 -2.9860269 -2.9712064 -2.912682 -2.89 -2.89 -2.8850047 -2.8844815 -2.9078912 -2.9177418 -2.9060468 -2.8903788 -2.8728215 -2.6434228 -2.4901594 -2.484307 -2.4822681 -2.4822681 -2.4939948 -2.5022681 -2.5022681 -2.4986041 -2.4945362 -9999
-2.0138696 -2.0202257 -2.0456413 -2.0770597 -2.1551551 -2.2705567 -2.34589 -2.4285356 -2.4900705 -2.5323504 -2.5576991 -2.5722546 -2.5820568 -2.5778854 -2.5613035 -2.4820944 -2.396276 -2.3480839 -2.3082205 -2.264002 -2.2251463 -2.1733297 -2.1804046 -2.2041328 -2.2437066 -2.2934523 -2.3915503 -2.5145273 -2.5613469 -2.5973746 -2.6158116 -2.712357 -2.9503197 -2.9964128 -3.0019498 -3.0074203 -2.9886267 -2.8904516 -2.8246739 -2.8246739 -2.8240337 -2.8212423 -2.8256307 -2.7456357 -2.7363966 -2.7226179 -2.7134018 -2.66293 -2.5096667 -2.5038142 -2.5017754 -2.5017754 -2.4568861 -2.4651594 -2.4629928 -2.4571403 -2.4512879 -9999
-1.9916003 -2.0081823 -2.0345761 -2.0659945 -2.1630209 -2.2886944 -2.3630494 -2.4238498 -2.4666626 -2.5055634 -2.5211194 -2.5333266 -2.5388539 -2.5356608 -2.5190789 -2.4721616 -2.4058339 -2.3621758 -2.3256859 -2.2952733 -2.267551 -2.2564964 -2.262593 -2.2977076 -2.3418515 -2.3915973 -2.5109365 -2.6379621 -2.6847816 -2.718869 -2.7409783 -2.8365454 -2.9945613 -3.0246375 -3.03 -3.03 -2.9754985 -2.8057777 -2.74 -2.74 -2.7390217 -2.7274016 -2.6045003 -2.5267635 -2.5209111 -2.5150586 -2.5092062 -2.5270885 -2.5369131 -2.5310606 -2.5290217 -2.5290217 -2.4645249 -2.4170626 -2.4112102 -2.4043795 -2.398527 -9999
-2.0193512 -2.0412982 -2.0698315 -2.1057336 -2.2053723 -2.3350567 -2.4061009 -2.4635889 -2.4976708 -2.5320561 -2.5425289 -2.5528043 -2.5528043 -2.5503536 -2.5389484 -2.4945322 -2.4323267 -2.3929392 -2.3654251 -2.3488432 -2.3272972 -2.3217699 -2.327505 -2.3573163 -2.3986579 -2.4445828 -2.5523511 -2.671078 -2.7063844 -2.731121 -2.7477029 -2.8409414 -2.9945613 -3.0246375 -3.03 -3.03 -2.9754985 -2.8057777 -2.74 -2.74 -2.7350047 -2.7207784 -2.5978771 -2.5201403 -2.5142879 -2.5084354 -2.502583 -2.5204653 -2.5302899 -2.53 -2.5261864 -2.5223986 -2.4579017 -2.4104394 -2.404587 -2.3950705 -2.3852807 -9999
-2.0447609 -2.0691602 -2.0999299 -2.1365846 -2.2414597 -2.3733055 -2.4369446 -2.491743 -2.5211149 -2.5507031 -2.5611759 -2.5690528 -2.5690528 -2.5666281 -2.5576752 -2.5187863 -2.4590331 -2.4254361 -2.4070972 -2.3994456 -2.387327 -2.3886208 -2.3944564 -2.4214903 -2.44586 -2.4870953 -2.5896451 -2.7000248 -2.7277617 -2.7410255 -2.7525 -2.8465454 -3.0000299 -3.0246375 -3.03 -3.03 -2.9754985 -2.8057777 -2.74 -2.74 -2.7350047 -2.7183799 -2.5954786 -2.5177418 -2.5118893 -2.5020738 -2.495658 -2.5180667 -2.53 -2.53 -2.5261864 -2.520334 -2.4555032 -2.4080409 -2.3998505 -2.3808176 -2.3673879 -9999
-2.0748122 -2.1024487 -2.1354547 -2.1721095 -2.2769846 -2.412448 -2.4749141 -2.5191325 -2.5473199 -2.5737663 -2.584239 -2.5542536 -2.5542536 -2.551829 -2.5463016 -2.5109753 -2.4656028 -2.4609418 -2.4475113 -2.441984 -2.4402028 -2.4457301 -2.4855402 -2.50895 -2.5314702 -2.5527571 -2.6515377 -2.7620428 -2.7796002 -2.792864 -2.7983913 -2.8041396 -2.9621555 -2.9875942 -2.9875942 -2.9875942 -2.9330927 -2.7633719 -2.7187971 -2.7187971 -2.7138018 -2.697177 -2.5742757 -2.5131983 -2.5073459 -2.4975303 -2.4871555 -2.5125745 -2.5284855 -2.5284855 -2.5231575 -2.5184855 -2.4373293 -2.3879078 -2.376203 -2.3571701 -2.3337603 -9999
-2.1344209 -2.1620574 -2.1950634 -2.2317182 -2.3331368 -2.4588103 -2.5212764 -2.5654948 -2.5971636 -2.6267518 -2.5322437 -2.4416594 -2.4416594 -2.4397971 -2.4397971 -2.4357266 -2.4854724 -2.4861545 -2.4806272 -2.4788261 -2.4799419 -2.5715237 -2.6444968 -2.6679065 -2.6885085 -2.7050904 -2.8157626 -2.9408689 -2.9584263 -2.9716901 -2.9772174 -2.8899666 -2.7767062 -2.8021449 -2.8021449 -2.8021449 -2.747882 -2.6600954 -2.6260725 -2.6260725 -2.6210772 -2.6044523 -2.5315291 -2.4933287 -2.4874763 -2.4797615 -2.4739091 -2.5038359 -2.521616 -2.5157635 -2.5118623 -2.5118623 -2.3828687 -2.3084296 -2.2967247 -2.2776918 -2.254282 -9999
-2.1607035 -2.18834 -2.2182283 -2.2532399 -2.3509339 -2.4766074 -2.5347844 -2.5785311 -2.6120621 -2.6210214 -2.5005843 -2.4113701 -2.4147609 -2.4171855 -2.4195217 -2.4508353 -2.5005811 -2.5049878 -2.5091047 -2.5138043 -2.5361207 -2.6447846 -2.7131614 -2.7316457 -2.7466047 -2.7622063 -2.8803278 -3.0054342 -3.0209972 -3.0247609 -3.0275 -2.9402493 -2.7763809 -2.75 -2.75 -2.75 -2.7218096 -2.6340229 -2.5964158 -2.5952391 -2.5902438 -2.5797057 -2.5211813 -2.4829809 -2.4771285 -2.471276 -2.4654236 -2.4953504 -2.5131305 -2.51 -2.51 -2.51 -2.3810064 -2.2860818 -2.2743769 -2.248016 -2.2224125 -9999
-2.1726647 -2.2003012 -2.2287065 -2.2601249 -2.3546901 -2.4803636 -2.5400235 -2.5787147 -2.6105792 -2.6203636 -2.5005843 -2.4127401 -2.4183803 -2.4239076 -2.4294349 -2.4642794 -2.5140252 -2.5274997 -2.533027 -2.5385544 -2.566398 -2.6773113 -2.747562 -2.7592669 -2.7690441 -2.7800987 -2.8975281 -3.0218668 -3.0277192 -3.03 -3.03 -2.9402493 -2.7763809 -2.7485171 -2.7485171 -2.7485171 -2.7203267 -2.63254 -2.5934499 -2.5875975 -2.580556 -2.5705712 -2.5129763 -2.4747759 -2.4689235 -2.4630711 -2.4572186 -2.4886283 -2.5085171 -2.5085171 -2.51 -2.51 -2.3795234 -2.2845988 -2.272894 -2.246533 -2.2114184 -9999
-2.1861038 -2.208213 -2.234168 -2.2603499 -2.3525825 -2.4732674 -2.5357334 -2.5787147 -2.6067185 -2.6132674 -2.4980667 -2.4127401 -2.4237947 -2.4310039 -2.4365312 -2.473372 -2.5282177 -2.5416923 -2.5472196 -2.5527469 -2.5805906 -2.696664 -2.7680357 -2.7738881 -2.780939 -2.787195 -2.9046244 -3.028963 -3.03 -3.03 -3.03 -2.9402493 -2.7763809 -2.7453625 -2.7414208 -2.7414208 -2.7132304 -2.6254437 -2.5842523 -2.5734049 -2.562851 -2.5492824 -2.4966104 -2.4605834 -2.4547309 -2.4488785 -2.4430261 -2.4789751 -2.5021087 -2.5079611 -2.51 -2.51 -2.375143 -2.2775026 -2.2657977 -2.2394368 -2.2043221 -9999
-2.3024209 -2.3275908 -2.3583605 -2.3889012 -2.3540439 -2.4147515 -2.4631773 -2.5043717 -2.5272619 -2.5670466 -2.6396676 -2.558502 -2.5774107 -2.5884653 -2.596865 -2.6128302 -2.6571963 -2.6716643 -2.6824887 -2.688016 -2.6901959 -2.7100999 -2.7805942 -2.7834476 -2.7890777 -2.794605 -2.814638 -2.9293551 -2.9293551 -2.9293551 -2.9293551 -2.9197389 -2.8081635 -2.7771451 -2.7716081 -2.7664855 -2.7382951 -2.7019998 -2.688615 -2.6717715 -2.6506638 -2.6267706 -2.5029422 -2.468336 -2.4624835 -2.4645573 -2.4613729 -2.3701914 -2.3961666 -2.4020191 -2.404058 -2.404058 -2.2850923 -2.186031 -2.1743261 -2.1516292 -2.1181477 -9999
