P1_models/J1_p1_vp_slide_diff2_60.dat.tif
NCOLS 118
NROWS 92
XLLCORNER 139.62
YLLCORNER -39.07
DX 0.099491525
DY 0.099347826
NODATA_VALUE -9999
[rows 0 to 23 of 92, columns 54 to 107 of 118]
-9999 -9999 -9999 -9999 -9999 -9999 -9999 -9999 -9999 -9999 -9999 -9999 -9999 -9999 -9999 -9999 -9999 -9999 -9999 -9999 -9999 -9999 -9999 -9999 -9999 -9999 -9999 -9999 -9999 -9999 -9999 -9999 -9999 -9999 -9999 -9999 -9999 -9999 -9999 -9999 -9999 -9999 -9999 -9999 -9999 -9999 -9999 -9999 -9999 -9999 -9999 -9999 -9999 -9999
0.02160994 0.022507668 0.022465384 0.0224231 0.022380816 0.022338532 0.017674364 0.013759355 0.010903238 0.0080471205 0.0051910031 0.0023348857 -0.0025048648 -0.0021588152 -0.0018127655 -0.0014667159 -0.0011206663 0.00087373745 0.0049773944 0.0090810513 0.013184708 0.017288365 0.019629435 0.022106354 0.023276788 0.024447221 0.025617654 0.026788087 0.024813673 0.021386284 0.017958894 0.014531505 0.012556603 0.011868833 0.0052841859 0.005942144 0.0066001021 0.0072580602 0.0078473168 0.0062008296 0.0045543424 0.0029078552 0.001261368 -0.0058056622 -0.0070603076 -0.02437853 -0.041696752 -0.059014973 -0.076333195 -0.082930013 -0.089414291 -0.096136735 -0.10285918 -0.10958162
0.020305379 0.021868995 0.023031666 0.022989382 0.022947098 0.022904815 0.018240647 0.010435715 0.005704242 0.0028481246 -7.9928364e-06 -0.0028641103 -0.0088020538 -0.014668983 -0.014322934 -0.013976884 -0.013630834 -0.011636431 -0.0075327736 -0.0034291167 0.00067454023 0.0027275852 0.0046014209 0.0075024436 0.010156872 0.011327306 0.012497739 0.013668172 0.011693758 0.0082663684 0.0048389792 0.0040762225 0.012466362 0.011778592 -0.005266747 -0.013667254 -0.013009296 -0.012351338 -0.011762081 -0.013408569 -0.015055056 -0.016701543 -0.024284239 -0.034389067 -0.032531422 -0.030839864 -0.048158086 -0.065476308 -0.08279453 -0.089391347 -0.090876955 -0.09715091 -0.10387335 -0.1105958
0.019000818 0.020564434 0.02212805 0.023555665 0.023513381 0.023471097 0.01880693 0.011001997 0.0031970646 -0.0023508713 -0.0052069888 -0.0080631062 -0.01400105 -0.020044889 -0.026088727 -0.026487052 -0.026141002 -0.024146599 -0.020042942 -0.016025097 -0.014162763 -0.012300429 -0.010426594 -0.0075255709 -0.0046245482 -0.0017926098 -0.00062217645 0.00054825687 -0.0014261577 -0.0048535469 -0.0044041576 0.0039859815 0.012376121 0.011688351 -0.005356988 -0.022402327 -0.032618694 -0.031960736 -0.031371479 -0.033017967 -0.034664454 -0.042762816 -0.052867644 -0.062972471 -0.061114827 -0.05798314 -0.054851452 -0.071937642 -0.089255864 -0.095852682 -0.097338289 -0.098823897 -0.10488753 -0.11160997
0.017696257 0.019259873 0.020823489 0.022387105 0.02395072 0.02403738 0.019373212 0.01156828 0.0037633473 -0.0040415853 -0.010405985 -0.013262102 -0.019200046 -0.025243884 -0.031287723 -0.037331562 -0.03865117 -0.036656767 -0.032915446 -0.031053112 -0.029190778 -0.027328444 -0.025454608 -0.022553585 -0.019652563 -0.01675154 -0.013850517 -0.012571658 -0.014546073 -0.012884538 -0.0044943985 0.0038957406 0.01228588 0.01159811 -0.0054472289 -0.022492568 -0.039537906 -0.051570134 -0.050980878 -0.052627365 -0.061241393 -0.07134622 -0.081451048 -0.091555875 -0.089698231 -0.086566544 -0.083434857 -0.08030317 -0.095717198 -0.10231402 -0.10379962 -0.10528523 -0.10677084 -0.11262415
0.016391696 0.017955312 0.019518927 0.021082543 0.022646159 0.024209775 0.019939495 0.012134562 0.0043296299 -0.0034753026 -0.011280235 -0.018461098 -0.024399042 -0.03044288 -0.036486719 -0.042530558 -0.048574397 -0.049805794 -0.04794346 -0.046081126 -0.044218792 -0.042356458 -0.040482623 -0.0375816 -0.034680577 -0.031779554 -0.028878532 -0.025977509 -0.021364918 -0.012974779 -0.0045846395 0.0038054996 0.012195639 0.011507869 -0.0055374698 -0.022582808 -0.039628147 -0.056673486 -0.070590276 -0.07971997 -0.089824797 -0.099929625 -0.11003445 -0.12013928 -0.11828164 -0.11514995 -0.11201826 -0.10888657 -0.10575489 -0.10877535 -0.11026096 -0.11174657 -0.11323217 -0.11471778
0.025612308 0.027175924 0.02873954 0.030303156 0.031866772 0.028030296 0.018459235 0.0091705991 0.0013656666 -0.0064392659 -0.014244198 -0.022049131 -0.028151473 -0.034195312 -0.04023915 -0.046282989 -0.051572407 -0.053201472 -0.051339138 -0.049476804 -0.04761447 -0.045748522 -0.041383228 -0.036631391 -0.033730369 -0.030829346 -0.027928323 -0.0250273 -0.018371797 -0.0099816578 -0.0015915187 0.0067986204 0.012964132 0.0051928103 -0.016564974 -0.033610313 -0.050655651 -0.06770099 -0.084539414 -0.094644241 -0.10474907 -0.1148539 -0.12495872 -0.12013459 -0.11656447 -0.11343278 -0.11030109 -0.10716941 -0.10081458 -0.099160239 -0.10064585 -0.10213145 -0.10361706 -0.11120111
0.036500407 0.038064023 0.039627639 0.041191255 0.035708446 0.028596579 0.019025518 0.0077833305 -0.0021575878 -0.0099625203 -0.017767453 -0.025572385 -0.031674727 -0.037718566 -0.043762405 -0.048767645 -0.053125192 -0.054754257 -0.052891923 -0.051029589 -0.048795775 -0.044435651 -0.040070357 -0.035243329 -0.0304163 -0.027347733 -0.02444671 -0.021545688 -0.014890184 -0.0065000449 0.0018900942 0.007203237 0.0088302051 0.0010588838 -0.023647302 -0.04637059 -0.063415928 -0.080461267 -0.097299691 -0.10740452 -0.11750935 -0.12761417 -0.12130375 -0.11361695 -0.11004683 -0.10691514 -0.10378345 -0.096893269 -0.088652501 -0.086998163 -0.08848377 -0.089969378 -0.098221513 -0.11043191
0.047388506 0.048952122 0.050498464 0.043386596 0.036274729 0.029162861 0.0195918 0.0083496131 -0.0028925739 -0.013485775 -0.021290707 -0.02909564 -0.035197982 -0.04124182 -0.045962882 -0.05032043 -0.054677978 -0.056307043 -0.054444709 -0.051843029 -0.047482905 -0.043122781 -0.038757486 -0.033930458 -0.029103429 -0.024276401 -0.020965097 -0.018064075 -0.011408571 -0.0030184321 0.0014423426 0.0030693106 0.0046962786 -0.0030750426 -0.027781229 -0.052487415 -0.076176205 -0.093221544 -0.11005997 -0.1201648 -0.13015969 -0.1224729 -0.11478611 -0.10709931 -0.10352919 -0.1003975 -0.092971961 -0.084731193 -0.076490425 -0.074836087 -0.076321694 -0.085241911 -0.097452307 -0.1096627
0.058276605 0.058176614 0.051064746 0.043952879 0.036841011 0.029729144 0.020158083 0.0089158957 -0.0023262913 -0.013568478 -0.024810665 -0.032618894 -0.038721236 -0.043158119 -0.047515667 -0.051873215 -0.056230763 -0.057859828 -0.054890282 -0.050530158 -0.046170034 -0.04180991 -0.037444615 -0.032617587 -0.027790559 -0.02296353 -0.018136502 -0.014582462 -0.0079269583 -0.0043185519 -0.0026915839 -0.0010646159 0.00056235214 -0.0072089691 -0.031915155 -0.056621341 -0.081327527 -0.10598182 -0.12282025 -0.13132884 -0.12364205 -0.11595526 -0.10826847 -0.10058167 -0.097011546 -0.089050653 -0.080809885 -0.072569117 -0.064328349 -0.06267401 -0.072262309 -0.084472705 -0.096683101 -0.1088935
0.065807416 0.058695548 0.051583681 0.044471814 0.037359946 0.030248079 0.020521438 0.0092792513 -0.0019629358 -0.013205123 -0.02444731 -0.035689497 -0.040275751 -0.044633299 -0.048990847 -0.053348395 -0.057705943 -0.057574511 -0.053214387 -0.048854263 -0.044494139 -0.040134015 -0.035250578 -0.031948903 -0.027121874 -0.022294846 -0.017467817 -0.012640789 -0.010002558 -0.00837559 -0.006748622 -0.005121654 -0.003494686 -0.012649232 -0.037355418 -0.062061605 -0.086767791 -0.11147398 -0.13521444 -0.12752765 -0.11984086 -0.11215406 -0.10446727 -0.096576509 -0.08794493 -0.079704161 -0.071463393 -0.063222625 -0.054981857 -0.0596709 -0.071881296 -0.084091692 -0.096302088 -0.10851248
0.066016046 0.058904179 0.051792311 0.044680444 0.037568577 0.026324202 0.017014618 0.0083126797 -0.0029295073 -0.014171694 -0.025413881 -0.036656068 -0.041242322 -0.04559987 -0.049957418 -0.054314966 -0.055449692 -0.053519464 -0.04915934 -0.044799216 -0.040439092 -0.034853979 -0.026335766 -0.032816794 -0.030675008 -0.025847979 -0.021020951 -0.016193922 -0.013555692 -0.011928724 -0.010301756 -0.0086747876 -0.0039273831 -0.013605763 -0.051357046 -0.076063232 -0.10076942 -0.1254756 -0.14921607 -0.14152928 -0.13384248 -0.12615569 -0.11798362 -0.10568257 -0.097050986 -0.088810217 -0.080569449 -0.072328681 -0.058297765 -0.061833992 -0.074044388 -0.086254784 -0.09846518 -0.10863288
0.066224677 0.059112809 0.052000942 0.044529461 0.032899257 0.021269053 0.01195947 0.0042268463 -0.0038960789 -0.015138266 -0.026380453 -0.03762264 -0.042208894 -0.046566442 -0.05092399 -0.051425939 -0.051394644 -0.049464417 -0.045104293 -0.040744169 -0.03462533 -0.025939167 -0.017420954 -0.023901983 -0.030383011 -0.029401113 -0.024574084 -0.019747056 -0.017108825 -0.015481857 -0.013854889 -0.0085788255 -0.001797821 -0.0114762 -0.050812897 -0.090064859 -0.11477105 -0.13947723 -0.1632177 -0.15553091 -0.14784411 -0.13939073 -0.12708968 -0.11478862 -0.10615704 -0.097916274 -0.089675505 -0.075119785 -0.060460857 -0.063997084 -0.07620748 -0.088417876 -0.098486672 -0.10823445
0.066433307 0.05932144 0.051104516 0.039474312 0.027844108 0.016213904 0.0069043212 -0.00082830225 -0.0085609257 -0.016293549 -0.027347025 -0.038589212 -0.043175466 -0.047433481 -0.047402187 -0.047370892 -0.047339597 -0.04540937 -0.041049246 -0.034396681 -0.025710519 -0.017024356 -0.0085061429 -0.014987171 -0.021468199 -0.027949227 -0.028127218 -0.02330019 -0.020661959 -0.019034991 -0.013230268 -0.0064492635 0.00033174102 -0.0093466384 -0.048683335 -0.088020031 -0.12735673 -0.15347886 -0.17721933 -0.16953253 -0.16079784 -0.14849679 -0.13619573 -0.12389468 -0.1152631 -0.10660073 -0.091941805 -0.077282877 -0.062623949 -0.066160176 -0.078370572 -0.088340465 -0.098088246 -0.10783603
0.066641938 0.057679572 0.046049368 0.034419164 0.02278896 0.011158756 0.0018491727 -0.0058834508 -0.013616074 -0.021348698 -0.029081321 -0.039555783 -0.043409729 -0.043378434 -0.043347139 -0.043315845 -0.04328455 -0.041354323 -0.034168033 -0.02548187 -0.016795707 -0.008109544 0.00040866871 -0.0060723594 -0.012553388 -0.019034416 -0.025515444 -0.026853323 -0.024215092 -0.01788171 -0.011100706 -0.0043197014 0.0024613031 -0.0072170764 -0.046553773 -0.085890469 -0.12522717 -0.16456386 -0.19122095 -0.18220495 -0.1699039 -0.15760284 -0.14530179 -0.13300073 -0.12342275 -0.10876383 -0.094104897 -0.079445969 -0.064787041 -0.068323268 -0.078194257 -0.087942038 -0.09768982 -0.1074376
0.064213729 0.053733719 0.042103515 0.030473311 0.018843107 0.0072129034 -0.001067147 -0.0087997705 -0.016532394 -0.024265017 -0.031997641 -0.039730264 -0.039569189 -0.039537894 -0.0395066 -0.039475305 -0.03944401 -0.035616074 -0.026929911 -0.018243748 -0.0095575855 -0.00087142262 0.0059536518 -0.0017287974 -0.0082098256 -0.014690854 -0.021171882 -0.02765291 -0.025062889 -0.018281884 -0.01150088 -0.0047198752 0.0020611293 -0.00067330932 -0.040010006 -0.079346702 -0.1186834 -0.1580201 -0.19581734 -0.18351628 -0.17121523 -0.15891417 -0.14661312 -0.13648636 -0.12532539 -0.11066646 -0.096007536 -0.081348608 -0.066689679 -0.072424066 -0.082171847 -0.091919629 -0.10166741 -0.11141519
0.052629349 0.049585797 0.040735263 0.029105059 0.017474855 0.0058446513 -0.0017525512 -0.0067462298 -0.014478853 -0.022211477 -0.0299441 -0.037676724 -0.036837249 -0.036195791 -0.036164496 -0.036133202 -0.036101907 -0.032273971 -0.023587808 -0.014901645 -0.0062154824 6.0054336e-05 0.0038032999 -0.0063437094 -0.014488185 -0.020969214 -0.027450242 -0.03393127 -0.031341248 -0.024560244 -0.017779239 -0.010998235 -0.0060382006 -0.0090357972 -0.025660456 -0.062545928 -0.10188262 -0.14121932 -0.17901656 -0.16671551 -0.15441445 -0.1421134 -0.1327772 -0.12993955 -0.12283528 -0.1119639 -0.097304976 -0.082646048 -0.06798712 -0.07804612 -0.096317709 -0.10606549 -0.11581327 -0.12556105
0.04104497 0.038001418 0.034957865 0.027736807 0.016106603 0.0044763992 -0.0031208033 -0.007977411 -0.012834019 -0.020157936 -0.02789056 -0.035623183 -0.034783708 -0.033649686 -0.032822393 -0.032791099 -0.032759804 -0.028931868 -0.020245705 -0.011559542 -0.0059890757 -0.0020902977 0.0016529479 -0.0084940614 -0.018641071 -0.027247573 -0.033728602 -0.04020963 -0.037619608 -0.030838604 -0.024057599 -0.019376853 -0.014811882 -0.017809478 -0.034434137 -0.051058795 -0.08508185 -0.12441855 -0.16221579 -0.14991473 -0.13761368 -0.12906804 -0.12623039 -0.12339274 -0.11628847 -0.10872979 -0.098602417 -0.083943488 -0.06928456 -0.07934356 -0.10118633 -0.12021135 -0.12995913 -0.13970692
0.029460591 0.026417039 0.023373486 0.020329934 0.014738351 0.0031081471 -0.0044890554 -0.0093456631 -0.014202271 -0.019058879 -0.025837019 -0.033569642 -0.032730168 -0.031596145 -0.030462123 -0.029448996 -0.029417701 -0.025589765 -0.016903602 -0.012038206 -0.0081394277 -0.0042406496 -0.00049740412 -0.010644413 -0.020791423 -0.030938432 -0.040006961 -0.04648799 -0.043897968 -0.037280478 -0.032715506 -0.028150535 -0.023585563 -0.02658316 -0.043207818 -0.059832477 -0.076457135 -0.10761777 -0.14541501 -0.13311396 -0.12535889 -0.12252123 -0.11968358 -0.11684593 -0.10974166 -0.10218298 -0.094624302 -0.085240929 -0.070582 -0.080641001 -0.10248377 -0.12432654 -0.144105 -0.15385278
0.017876212 0.014832659 0.011789107 0.0087455546 0.0057020022 0.001739895 -0.0058573075 -0.010713915 -0.015570523 -0.020427131 -0.025283738 -0.031516102 -0.030676627 -0.029542605 -0.028408582 -0.02727456 -0.026140537 -0.022247662 -0.018087336 -0.014188558 -0.01028978 -0.0063910016 -0.0026477561 -0.012794765 -0.022941775 -0.033088784 -0.043235793 -0.052766349 -0.050619131 -0.046054159 -0.041489188 -0.036924216 -0.032359245 -0.035356841 -0.0519815 -0.068606158 -0.085230817 -0.10185547 -0.12861424 -0.12164973 -0.11881208 -0.11597442 -0.11313677 -0.11029912 -0.10319485 -0.095636169 -0.088077492 -0.080518815 -0.071879441 -0.081938441 -0.10378121 -0.12562398 -0.14746674 -0.16799864
0.0082276293 0.005184077 0.0021405246 -0.00090302776 -0.0039465801 -0.0086542664 -0.0055380724 -0.0090458121 -0.01390242 -0.018759028 -0.023615635 -0.028472243 -0.027537228 -0.026403205 -0.025269183 -0.02413516 -0.023158172 -0.0216528 -0.017754022 -0.013855244 -0.0099564654 -0.0060576873 -0.0020364354 -0.014350377 -0.024497387 -0.034644396 -0.044791405 -0.054938414 -0.055022629 -0.050457658 -0.045892686 -0.041327715 -0.036762743 -0.037623013 -0.053924466 -0.070549125 -0.087173783 -0.10379844 -0.11984288 -0.11700522 -0.11416757 -0.11132991 -0.10849226 -0.10248725 -0.094798269 -0.087239592 -0.079680915 -0.072122237 -0.070573457 -0.089245937 -0.1110887 -0.13293147 -0.15477424 -0.17591447
3.925467e-05 -0.0030042977 -0.0060478501 -0.0090914024 -0.014953353 -0.02407939 -0.020963196 -0.0095278891 -0.0099439374 -0.014800545 -0.019657153 -0.024513761 -0.023578745 -0.022444723 -0.0213107 -0.020586339 -0.020951382 -0.01944601 -0.015547232 -0.011648454 -0.0077496754 -0.0034583254 0.00072479998 -0.012857483 -0.025604375 -0.035751384 -0.045898394 -0.056045403 -0.056129618 -0.051564646 -0.046999675 -0.04209786 -0.034833665 -0.035690592 -0.051181047 -0.067339556 -0.083964214 -0.10058887 -0.11663331 -0.11379565 -0.110958 -0.10812035 -0.10160785 -0.092695363 -0.085006379 -0.077447701 -0.069889024 -0.070392047 -0.08241445 -0.10108693 -0.1229297 -0.14477246 -0.1657425 -0.18485323
-0.00814912 -0.011192672 -0.014236225 -0.021252439 -0.030378476 -0.039504514 -0.03638832 -0.024953013 -0.013517706 -0.010842063 -0.01569867 -0.020555278 -0.019620263 -0.018486241 -0.018014505 -0.018379549 -0.018744592 -0.01723922 -0.013340442 -0.0094416635 -0.0050791389 -0.00069708995 0.0034860354 -0.010096247 -0.02367853 -0.036858373 -0.047005382 -0.057152391 -0.057236606 -0.052671635 -0.047429635 -0.040165439 -0.032901244 -0.033758171 -0.049248627 -0.064739082 -0.080754645 -0.097379304 -0.11342374 -0.11058609 -0.10774843 -0.10072845 -0.091815962 -0.082903472 -0.075214488 -0.06765581 -0.070210637 -0.08223304 -0.094255443 -0.11292792 -0.13477069 -0.15557054 -0.17468127 -0.193792
-0.016337495 -0.019381047 -0.027551525 -0.036677563 -0.0458036 -0.054929638 -0.051813444 -0.040378137 -0.02894283 -0.017507523 -0.011740188 -0.016596796 -0.015661781 -0.015442672 -0.015807715 -0.016172759 -0.016537802 -0.01503243 -0.011082001 -0.0066999524 -0.0023179035 0.0020641455 0.0062472708 -0.0073350119 -0.020917295 -0.034499577 -0.04808186 -0.05825938 -0.058343595 -0.052761409 -0.045497214 -0.038233018 -0.030968823 -0.031825751 -0.047316206 -0.062806661 -0.078297116 -0.094169735 -0.11021417 -0.10737652 -0.099849051 -0.090936561 -0.082024071 -0.073111582 -0.065422597 -0.070029227 -0.082051629 -0.094074032 -0.10609644 -0.12476891 -0.14539858 -0.16450931 -0.18362004 -0.20273077
