P1_models/J1_p1_tot_conduct_slide_17.3.dat.tif
NCOLS 118
NROWS 92
XLLCORNER 139.62
YLLCORNER -39.07
DX 0.099491525
DY 0.099347826
NODATA_VALUE -9999
[rows 52 to 77 of 92, columns 0 to 56 of 118]
-2.656527 -2.6976061 -2.7423772 -2.796915 -2.8632427 -2.9429447 -3.0374616 -3.122041 -3.1931064 -3.2497416 -3.2746145 -3.2932297 -3.2832805 -3.2716746 -3.2567509 -3.2495642 -3.2644879 -3.2808856 -3.3157076 -3.3407156 -3.3556393 -3.3555251 -3.3157284 -3.2675166 -3.1978725 -3.1382372 -3.0984406 -3.0827623 -3.1424573 -3.2154508 -3.3620699 -3.4940438 -3.6283573 -3.7241576 -3.7451032 -3.700586 -3.5662725 -3.4069219 -3.1817569 -3.0014071 -2.8390789 -2.7726536 -2.7627045 -2.835851 -2.9719973 -3.1174739 -3.2745658 -3.3617008 -3.4268469 -3.3970253 -3.3517832 -3.2406101 -3.1358424 -3.0584601 -3.0061769 -3.0323589 -3.0725339
-2.6561506 -2.7049379 -2.7520666 -2.8094521 -2.8729504 -2.9454422 -3.0340409 -3.1132723 -3.1780978 -3.2328345 -3.2577074 -3.2706269 -3.2606777 -3.2523853 -3.2447866 -3.2411044 -3.2597415 -3.2824407 -3.3210269 -3.349832 -3.3647557 -3.3636922 -3.3256428 -3.2866132 -3.2326361 -3.1873225 -3.1951371 -3.2008702 -3.3208418 -3.4207998 -3.623468 -3.7760788 -3.9321132 -4.0288628 -4.0360639 -3.944011 -3.7645918 -3.5605857 -3.2879462 -3.0680354 -2.8787854 -2.8037196 -2.7913961 -2.8633947 -2.9972681 -3.1263761 -3.2726673 -3.3020161 -3.3462703 -3.2349813 -3.1637084 -3.0122945 -2.8915336 -2.8398297 -2.8032438 -2.8916193 -2.9721144
-2.6484708 -2.7112491 -2.7609948 -2.8176716 -2.8792616 -2.9370794 -3.0216472 -3.0939177 -3.1555077 -3.2057489 -3.2306218 -3.2435413 -3.2335921 -3.230191 -3.2252165 -3.2282716 -3.2481699 -3.2711783 -3.3108242 -3.3400912 -3.3547625 -3.3551524 -3.3203303 -3.3016199 -3.254381 -3.2451861 -3.2695442 -3.345379 -3.4862843 -3.6631636 -3.8881266 -4.097159 -4.26132 -4.3676168 -4.357144 -4.2390042 -4.0350466 -3.7704838 -3.4667729 -3.1946794 -2.9799872 -2.8770348 -2.8621111 -2.9255075 -3.0564174 -3.1740255 -3.299699 -3.3069074 -3.2964346 -3.1629296 -3.0215469 -2.866982 -2.7152923 -2.6800147 -2.6836432 -2.7956891 -2.9447163
-2.6673174 -2.7284558 -2.7682524 -2.8191647 -2.8570662 -2.9076677 -2.9723372 -3.0403633 -3.0972156 -3.1462682 -3.1761157 -3.1905558 -3.1904783 -3.1904783 -3.1904783 -3.1951556 -3.2150539 -3.2380624 -3.2679099 -3.2937289 -3.2987035 -3.2955437 -3.2747664 -3.2618808 -3.2668554 -3.278302 -3.3777935 -3.4844659 -3.718271 -3.9347143 -4.2384253 -4.4750243 -4.6640582 -4.7782545 -4.7416563 -4.6113887 -4.3527108 -4.0688638 -3.7023161 -3.4118944 -3.155311 -3.0439798 -3.0091578 -3.0655538 -3.1756348 -3.2819104 -3.3791773 -3.3651318 -3.3163041 -3.1629589 -2.9950542 -2.8437964 -2.6954227 -2.7009501 -2.7300055 -2.9185158 -3.0971884
-2.6815855 -2.7532022 -2.7761193 -2.8024256 -2.818845 -2.8470373 -2.900649 -2.9483633 -3.0052156 -3.0525219 -3.0871989 -3.1166014 -3.1212785 -3.1312319 -3.1327401 -3.1409265 -3.1575539 -3.1805624 -3.2061904 -3.2181057 -3.220369 -3.2110343 -3.1950503 -3.1928808 -3.2078868 -3.2878021 -3.4401704 -3.5747848 -3.8270256 -4.1379897 -4.4574196 -4.7598866 -4.9504711 -5.0680502 -5.0313955 -4.9011279 -4.6385522 -4.3296392 -3.9517538 -3.6273292 -3.3652651 -3.2356899 -3.1980716 -3.2454017 -3.355366 -3.4547728 -3.5344983 -3.5080086 -3.4421979 -3.2803647 -3.1069052 -2.9538544 -2.8413648 -2.8539449 -2.9519331 -3.1507334 -3.3860724
-2.7061614 -2.7499237 -2.7598729 -2.7612276 -2.7564899 -2.7578814 -2.797678 -2.8453923 -2.9022446 -2.9593263 -3.0040975 -3.0386229 -3.0535466 -3.0771568 -3.0821314 -3.0888178 -3.1037415 -3.1141653 -3.129089 -3.1334958 -3.1285212 -3.1235466 -3.118572 -3.1216229 -3.1663941 -3.247661 -3.4219195 -3.6363559 -3.9503517 -4.2797368 -4.6416008 -4.9502669 -5.1442754 -5.2618546 -5.2251998 -5.1012373 -4.8326102 -4.5234255 -4.1306958 -3.8130169 -3.5459607 -3.4224407 -3.3826441 -3.4329741 -3.5429384 -3.6312685 -3.7045781 -3.6731044 -3.6050312 -3.4566628 -3.2838617 -3.1758738 -3.0679887 -3.147742 -3.2539416 -3.4840161 -3.7027092
-2.7328144 -2.7647216 -2.7348741 -2.7293613 -2.6961975 -2.6882088 -2.7081071 -2.7526676 -2.8095199 -2.8673771 -2.927072 -2.9657678 -3.0047185 -3.037888 -3.0577863 -3.0688423 -3.0787915 -3.0875072 -3.0875072 -3.0871207 -3.0672224 -3.0573147 -3.0341355 -3.0288982 -3.0736694 -3.1549364 -3.3340211 -3.5502545 -3.8785765 -4.213505 -4.5905255 -4.9045021 -5.1134343 -5.2353618 -5.2088964 -5.0909782 -4.847224 -4.5478754 -4.1918004 -3.8882658 -3.6631008 -3.5503276 -3.5403784 -3.5950234 -3.7151413 -3.8075098 -3.8900273 -3.8635376 -3.8037269 -3.673147 -3.5222965 -3.4383714 -3.3527858 -3.4578046 -3.5784778 -3.8036428 -4.0191637
-2.762068 -2.7746205 -2.737635 -2.7058468 -2.6704265 -2.6646683 -2.689339 -2.730791 -2.7927373 -2.8558699 -2.9245285 -2.9773929 -3.0200467 -3.0648221 -3.0939892 -3.1122816 -3.1253712 -3.1291 -3.1227174 -3.107675 -3.0683239 -3.0469722 -3.0091815 -2.9436137 -2.9382274 -3.0005706 -3.1321298 -3.3307273 -3.6073664 -3.9373989 -4.2869748 -4.6099801 -4.8250068 -4.9560349 -4.9435955 -4.8750752 -4.663108 -4.41623 -4.1119961 -3.863633 -3.6723761 -3.6070115 -3.6168784 -3.6980162 -3.8269533 -3.9262753 -4.0112849 -3.9952679 -3.9391764 -3.8235341 -3.6829962 -3.610357 -3.5371745 -3.6239423 -3.7464919 -3.9430704 -4.1402559
-2.791247 -2.7903814 -2.7406356 -2.7046686 -2.6667671 -2.6733349 -2.7031824 -2.7663997 -2.8327273 -2.9019858 -2.9766045 -3.0413154 -3.0910612 -3.1330975 -3.1679195 -3.1963178 -3.2112415 -3.2183898 -3.2084407 -3.1850881 -3.1353423 -3.0672892 -2.987696 -2.9029543 -2.8731069 -2.8117773 -2.9206997 -3.067865 -3.3215683 -3.558754 -3.8938834 -4.164654 -4.3835354 -4.5309878 -4.546697 -4.4946115 -4.3105521 -4.1330489 -3.8817018 -3.7225026 -3.5811199 -3.581439 -3.6262102 -3.7452988 -3.8919179 -3.999826 -4.0884694 -4.0699636 -4.0204443 -3.9032587 -3.774373 -3.7021161 -3.6308412 -3.7137508 -3.806818 -3.9900918 -4.1407487
-2.791247 -2.7951544 -2.7702816 -2.7446709 -2.7494086 -2.768883 -2.838527 -2.915429 -3.0007074 -3.0741887 -3.1440816 -3.2068951 -3.247291 -3.2854308 -3.3156287 -3.3422643 -3.3621626 -3.3707232 -3.3562516 -3.3307982 -3.2497515 -3.1666371 -3.0251538 -2.9095775 -2.7835929 -2.6726903 -2.6378683 -2.7367055 -2.8751681 -3.0487685 -3.3020889 -3.5354511 -3.740333 -3.8819153 -3.957195 -3.9272725 -3.8675776 -3.7330055 -3.6230412 -3.5115712 -3.4906257 -3.5188983 -3.6183898 -3.7452988 -3.8919179 -3.9952902 -4.0685998 -4.0421551 -3.9740819 -3.8495238 -3.7081412 -3.6183024 -3.5248702 -3.5744467 -3.6412383 -3.7672834 -3.8890675
-2.8000491 -2.8331552 -2.8264772 -2.8189318 -2.8640641 -2.9728666 -3.0673241 -3.1486248 -3.2387364 -3.3061789 -3.3558207 -3.415219 -3.4446304 -3.4446304 -3.4567229 -3.4833585 -3.5032568 -3.5138246 -3.5019617 -3.461466 -3.3675631 -3.2641012 -3.1033809 -2.888203 -2.6814334 -2.5326834 -2.4064625 -2.375543 -2.4021102 -2.5243947 -2.6959658 -2.9174339 -3.1097243 -3.2721273 -3.3728968 -3.4921865 -3.5004907 -3.484744 -3.4486282 -3.4332401 -3.4500822 -3.5122142 -3.6183898 -3.7270205 -3.8642223 -3.9193427 -3.9794911 -3.9090897 -3.8354008 -3.6691028 -3.5265107 -3.3877009 -3.2904128 -3.2703887 -3.3101999 -3.3909718 -3.4962974
-2.7998543 -2.8252929 -2.8551404 -2.9415566 -3.0363105 -3.1674173 -3.2917817 -3.4135523 -3.5083061 -3.5818745 -3.6166966 -3.6271739 -3.6271739 -3.6098261 -3.6098261 -3.6026194 -3.6225177 -3.6330855 -3.6231363 -3.5898283 -3.4903368 -3.3640415 -3.1600838 -2.946145 -2.7023908 -2.4490602 -2.2749501 -2.1411662 -2.1212679 -2.1157208 -2.2466307 -2.3758686 -2.559928 -2.7283602 -2.8802156 -3.0143749 -3.0889936 -3.1770846 -3.2242122 -3.3131242 -3.3916701 -3.5055475 -3.6249374 -3.7171075 -3.8323082 -3.8771253 -3.8875981 -3.7824375 -3.6616268 -3.4791246 -3.2911493 -3.1458816 -3.0043766 -2.9712127 -2.9558376 -3.0186743 -3.0843771
-2.7866079 -2.8244093 -2.9288754 -3.039083 -3.2191153 -3.375406 -3.5594653 -3.6954687 -3.7760095 -3.8468021 -3.8356704 -3.8258696 -3.7622463 -3.7157971 -3.6798477 -3.6545045 -3.6594791 -3.6662014 -3.6694282 -3.6428138 -3.5563457 -3.4368965 -3.2372292 -3.0256232 -2.7479535 -2.4738645 -2.2251357 -2.0683111 -1.9697957 -1.9170252 -1.977303 -2.071202 -2.2371171 -2.3972007 -2.6070615 -2.7626937 -2.9359994 -3.0582168 -3.2153086 -3.3373987 -3.4630722 -3.5817969 -3.6812884 -3.7411769 -3.7793227 -3.8020358 -3.7287263 -3.6012295 -3.423192 -3.2290544 -3.0195985 -2.8659313 -2.7129563 -2.6690727 -2.6445477 -2.6945692 -2.7532177
-2.7797639 -2.8862179 -3.0104913 -3.1591772 -3.3631566 -3.582059 -3.7724943 -3.8997003 -3.9710964 -3.9967895 -3.9491414 -3.9154338 -3.8329449 -3.7218347 -3.6565796 -3.6296304 -3.6317254 -3.6429204 -3.6596166 -3.6540615 -3.6022877 -3.4842919 -3.2953571 -3.1258486 -2.8731274 -2.6017418 -2.3592806 -2.1391705 -2.0088319 -1.9257982 -1.9507378 -2.0293444 -2.1795736 -2.360478 -2.5751702 -2.7895313 -2.9827458 -3.1584717 -3.3248883 -3.4583362 -3.5784345 -3.6503246 -3.7297884 -3.7348419 -3.7403561 -3.6486032 -3.5607988 -3.383698 -3.2026993 -3.0112675 -2.8018739 -2.6776777 -2.5256207 -2.5102901 -2.4892843 -2.5562866 -2.6231643
-2.7814092 -2.8873556 -3.0564912 -3.265272 -3.5021566 -3.7199503 -3.9189333 -4.0463742 -4.1079642 -4.1147533 -4.0401347 -3.9484398 -3.8240754 -3.706313 -3.6217452 -3.5644783 -3.5644783 -3.5800146 -3.6048874 -3.6265181 -3.5966706 -3.5333952 -3.3891325 -3.2628631 -3.029058 -2.8127491 -2.5739694 -2.3689676 -2.2296794 -2.1235881 -2.1340609 -2.1763371 -2.3156253 -2.4798982 -2.6945905 -2.8845602 -3.098467 -3.285421 -3.4634585 -3.5940391 -3.7040034 -3.7506361 -3.7854582 -3.749052 -3.6862153 -3.5546829 -3.4028274 -3.2103864 -3.0009305 -2.819282 -2.6255354 -2.5269173 -2.4186649 -2.4297891 -2.4564002 -2.5349462 -2.627802
-2.8012788 -2.9127846 -3.0962303 -3.3060197 -3.5523797 -3.7691813 -3.9532407 -4.0718555 -4.1002817 -4.0976083 -3.9931422 -3.8954542 -3.7490194 -3.6196635 -3.5301211 -3.4717536 -3.4717536 -3.4904146 -3.5501096 -3.5849022 -3.6147497 -3.5665111 -3.4971257 -3.4213672 -3.2920282 -3.1083004 -2.9540885 -2.7743271 -2.669861 -2.5731365 -2.5626637 -2.5937262 -2.678294 -2.8309272 -2.9938828 -3.1518578 -3.3110442 -3.4792379 -3.599675 -3.7082817 -3.7569889 -3.7724059 -3.7258495 -3.6642534 -3.5405052 -3.3896889 -3.2041318 -3.0203405 -2.8221044 -2.6840848 -2.5328107 -2.506941 -2.4517809 -2.5457451 -2.6095059 -2.7508886 -2.8617622
-2.8322967 -2.9457194 -3.1183212 -3.3285197 -3.5562281 -3.7481306 -3.9169816 -3.9960074 -4.0158107 -3.9972604 -3.8949706 -3.7816697 -3.6396934 -3.533562 -3.4499382 -3.4159382 -3.4269348 -3.4455958 -3.5079449 -3.5690254 -3.6063779 -3.6432084 -3.6025827 -3.5911209 -3.4786223 -3.452885 -3.3587407 -3.2175373 -3.1193761 -3.0757742 -3.0616724 -3.0698711 -3.1390069 -3.1977112 -3.3256195 -3.4169665 -3.5433295 -3.6192307 -3.7064977 -3.7405789 -3.7499904 -3.7034494 -3.630958 -3.4979562 -3.3605029 -3.1873628 -3.0060588 -2.8172898 -2.662961 -2.5357442 -2.4709142 -2.453412 -2.5240925 -2.6193766 -2.8097451 -2.9618312 -3.1501898
-2.8681624 -2.9598884 -3.1190748 -3.3015494 -3.5005324 -3.6418456 -3.7811338 -3.8582031 -3.8676784 -3.8501759 -3.755659 -3.6543115 -3.5398963 -3.4710969 -3.411402 -3.3832716 -3.4031699 -3.4411524 -3.515771 -3.5923462 -3.6669648 -3.7299563 -3.7647784 -3.8110098 -3.796086 -3.7860009 -3.7312806 -3.6834081 -3.6286877 -3.5749314 -3.543513 -3.5086157 -3.5185648 -3.5390979 -3.580989 -3.5761597 -3.6209309 -3.637313 -3.6582585 -3.6388744 -3.5969832 -3.5219713 -3.4224797 -3.2963258 -3.1392339 -2.9823453 -2.8095443 -2.6754479 -2.5393016 -2.4878606 -2.440733 -2.5258487 -2.6151105 -2.8259781 -3.0415737 -3.256266 -3.4515186
-2.8946552 -2.9685287 -3.0859589 -3.262078 -3.3805203 -3.4781707 -3.5527893 -3.6239493 -3.6239493 -3.6129201 -3.5681489 -3.4754854 -3.4296086 -3.4063841 -3.4063841 -3.3936608 -3.4434065 -3.4880915 -3.5676847 -3.6463836 -3.7309514 -3.7961882 -3.8713044 -3.950262 -4.0149315 -4.0304106 -4.0552835 -4.030072 -4.0101737 -3.9640118 -3.9064115 -3.8532918 -3.7736986 -3.7775326 -3.7096741 -3.6276581 -3.5480648 -3.5288663 -3.4503203 -3.4120926 -3.3254325 -3.2523872 -3.1575522 -3.0458751 -2.9206687 -2.7917302 -2.6638341 -2.5628885 -2.4664465 -2.4463841 -2.4274867 -2.548236 -2.6614729 -2.9102017 -3.1426747 -3.4044945 -3.6118103
-2.8939724 -2.941016 -3.0382214 -3.1549932 -3.2367787 -3.2565682 -3.3008597 -3.3408385 -3.3408385 -3.3478724 -3.3390842 -3.2977283 -3.2834525 -3.3398254 -3.38 -3.4024831 -3.4639107 -3.5183217 -3.589001 -3.66709 -3.7456134 -3.8301812 -3.9157034 -4.0080508 -4.0945873 -4.1579051 -4.2050009 -4.2220687 -4.2118471 -4.1745803 -4.0977163 -4.0105149 -3.8941675 -3.8131863 -3.7024426 -3.5365483 -3.4229499 -3.3243986 -3.2245041 -3.1459581 -3.060738 -3.0008584 -2.9237377 -2.8689761 -2.7751792 -2.7040106 -2.6019037 -2.5306147 -2.4542065 -2.4158434 -2.4154736 -2.4891221 -2.6226606 -2.84099 -3.0914784 -3.3499448 -3.585431
-2.8648816 -2.9234264 -2.9831213 -3.0121459 -3.0453098 -3.0423819 -3.0473565 -3.0318478 -3.0318478 -3.0388817 -3.05878 -3.104069 -3.1538148 -3.2298761 -3.2995201 -3.3843091 -3.4539532 -3.5220422 -3.5867117 -3.6483317 -3.7229503 -3.7943567 -3.883899 -3.9732175 -4.072709 -4.1627387 -4.2225964 -4.2653803 -4.2604057 -4.2343127 -4.145294 -4.0328623 -3.8885995 -3.7270877 -3.5490503 -3.3786125 -3.2293752 -3.0852889 -2.9596154 -2.8636439 -2.785098 -2.7446363 -2.7048397 -2.7289999 -2.702818 -2.6625593 -2.6184025 -2.5769796 -2.515665 -2.4765303 -2.4220145 -2.4836693 -2.5206296 -2.7306672 -2.9178133 -3.1743967 -3.3941764
-2.8115688 -2.8594455 -2.8693946 -2.8792773 -2.8413758 -2.8183403 -2.7685946 -2.7397427 -2.735005 -2.7408382 -2.8094439 -2.8722574 -2.9846617 -3.0841659 -3.1967313 -3.2982991 -3.3729178 -3.4425639 -3.4885641 -3.5423607 -3.5938968 -3.6552697 -3.7356808 -3.8208842 -3.9203757 -4.0104054 -4.0750749 -4.1196702 -4.1146956 -4.0886026 -3.9855143 -3.8672825 -3.7037742 -3.5350153 -3.3416504 -3.1659651 -3.001804 -2.8546454 -2.7499174 -2.6659731 -2.6397911 -2.6250361 -2.6747819 -2.7382364 -2.808789 -2.7867557 -2.7972285 -2.7451574 -2.6613751 -2.572794 -2.4418841 -2.4205074 -2.3616731 -2.4870414 -2.6131466 -2.8333529 -3.0365242
-2.7140833 -2.7397014 -2.7406555 -2.7226034 -2.6642633 -2.5818119 -2.5152612 -2.4864093 -2.4816716 -2.5102612 -2.5919149 -2.6769276 -2.8000013 -2.9376369 -3.0582603 -3.1598281 -3.2344468 -3.2935146 -3.3254626 -3.3657211 -3.4024403 -3.4609064 -3.5369331 -3.6072128 -3.6966293 -3.7853073 -3.8465676 -3.8917244 -3.8832898 -3.8585126 -3.767565 -3.6527316 -3.5069409 -3.3329768 -3.1513564 -3.0059661 -2.860449 -2.7379742 -2.6540986 -2.6203029 -2.6197259 -2.6826664 -2.7596514 -2.8657554 -2.9630677 -3.0152621 -3.0331851 -2.9358746 -2.8451722 -2.6140527 -2.4760362 -2.25679 -2.1891421 -2.1585704 -2.2623874 -2.4376138 -2.6588894
-2.6011363 -2.631456 -2.6165323 -2.5632109 -2.4826701 -2.3972529 -2.3126851 -2.2681423 -2.2634046 -2.2964429 -2.3859853 -2.4943116 -2.6385743 -2.773244 -2.8976084 -2.9999818 -3.0746005 -3.1321854 -3.1570582 -3.1819524 -3.2117999 -3.2518211 -3.3164906 -3.3781942 -3.4624405 -3.5375465 -3.5969789 -3.6423645 -3.6329616 -3.6136703 -3.5310579 -3.4463279 -3.3120143 -3.1701532 -3.0130613 -2.8928807 -2.7635417 -2.6674944 -2.6046576 -2.5976678 -2.6343226 -2.7317983 -2.8561628 -3.0008889 -3.147508 -3.2281923 -3.2700834 -3.171342 -3.0404321 -2.7786412 -2.5220578 -2.2590208 -2.031132 -1.9524715 -1.9353881 -2.0900011 -2.2821612
-2.4734034 -2.5007652 -2.4758923 -2.4172306 -2.3224768 -2.2349159 -2.1553226 -2.1134571 -2.1181948 -2.1553441 -2.2598102 -2.3733881 -2.5126762 -2.6453372 -2.7647271 -2.8646606 -2.9193809 -2.9688989 -2.9887972 -3.0116206 -3.0364934 -3.0743491 -3.1290694 -3.1865949 -3.2512643 -3.317562 -3.3673077 -3.4081875 -3.4131621 -3.4007821 -3.3536546 -3.2854921 -3.2058989 -3.0881405 -2.9834125 -2.8829899 -2.788473 -2.7056614 -2.6637702 -2.666111 -2.7237114 -2.8328219 -2.9870337 -3.1435354 -3.3163365 -3.4046116 -3.4616828 -3.3478871 -3.1894539 -2.8799534 -2.5575391 -2.2219548 -1.9175917 -1.7628271 -1.6941148 -1.8093155 -1.9852582
-2.3524811 -2.376881 -2.3496729 -2.2839071 -2.1975749 -2.1316447 -2.0696731 -2.0424245 -2.0657486 -2.111015 -2.226097 -2.3425165 -2.4798253 -2.6041982 -2.712667 -2.8095738 -2.860603 -2.9028826 -2.9190389 -2.9404415 -2.9653144 -2.9989076 -3.0519028 -3.1030512 -3.1599315 -3.2191942 -3.2649946 -3.3069353 -3.3238986 -3.3263074 -3.3110303 -3.2681059 -3.2208943 -3.1329728 -3.0441247 -2.9669994 -2.8756821 -2.7898902 -2.7291423 -2.7187766 -2.7576871 -2.8548113 -2.99491 -3.1599366 -3.3327376 -3.4316359 -3.4910142 -3.3889357 -3.2292177 -2.9150875 -2.5747217 -2.2244809 -1.8890108 -1.7189058 -1.6210997 -1.7239283 -1.8885046
