P1_models/J1_p1__temp2_slide_300.dat.tif
NCOLS 118
NROWS 92
XLLCORNER 139.62
YLLCORNER -39.07
DX 0.099491525
DY 0.099347826
NODATA_VALUE -9999
[rows 54 to 80 of 92, columns 0 to 59 of 118]
-9999 1298.2422 1287.4874 1276.7325 1265.9776 1249.723 1233.0081 1222.0356 1217.6906 1213.3456 1209.0005 1228.2184 1253.6393 1267.9946 1260.1905 1252.3864 1256.5504 1261.8291 1267.1078 1271.2151 1272.6203 1274.0254 1275.4306 1283.1228 1293.6401 1297.6523 1284.2294 1270.8064 1274.4145 1280.0468 1285.679 1288.8602 1287.3165 1285.7729 1284.2293 1292.7642 1303.9885 1320.29 1343.8551 1367.4201 1390.9852 1400.9535 1409.73 1401.3914 1380.7488 1359.1906 1335.3291 1311.4675 1287.6059 1293.1184 1303.7075 1314.2966 1320.528 1322.0584 1326.206 1339.4196 1352.6331 1365.8466 1387.3552 1410.2997
-9999 1287.2945 1276.5397 1264.313 1247.5981 1230.8832 1214.1683 1203.1958 1198.8508 1197.9519 1223.3728 1248.7937 1274.2146 1288.57 1280.7658 1272.9617 1265.1576 1265.3646 1270.6432 1274.7506 1276.1558 1277.5609 1288.0093 1298.5265 1309.0438 1313.056 1299.633 1286.2101 1272.7872 1271.0454 1276.6776 1279.8588 1278.3152 1277.6668 1288.8911 1300.1155 1311.3398 1327.6413 1351.2064 1372.1323 1380.9088 1389.6853 1398.4618 1390.1232 1369.4806 1348.838 1328.0438 1304.1823 1280.3207 1285.8332 1296.4223 1300.7003 1302.2307 1303.7611 1307.9087 1321.1223 1334.9982 1357.9427 1380.8872 1403.8318
-9999 1276.3468 1262.1881 1245.4732 1228.7583 1212.0434 1195.3284 1184.356 1193.1064 1218.5273 1243.9482 1269.3691 1294.79 1309.1453 1301.3412 1293.5371 1285.733 1277.9289 1274.1787 1278.2861 1282.3784 1292.8957 1303.4129 1313.9302 1324.4474 1328.4596 1315.0367 1301.6138 1288.1909 1274.7679 1267.6763 1270.8575 1273.7938 1285.0181 1296.2425 1307.4668 1318.6911 1334.9926 1352.0875 1360.864 1369.6406 1378.4171 1387.1936 1378.8549 1358.2124 1337.5698 1316.9272 1296.2847 1273.0355 1278.548 1280.8726 1282.403 1283.9334 1285.4638 1289.6115 1305.5857 1328.5302 1351.4747 1374.4193 1397.3638
-9999 1267.0409 1250.326 1233.6111 1216.8962 1200.1813 1183.4664 1184.9768 1210.3977 1235.8186 1261.2395 1286.6604 1312.0813 1332.0863 1324.2822 1316.4781 1308.674 1300.8699 1293.0658 1290.8018 1301.319 1311.8363 1322.3535 1332.8708 1343.388 1341.9784 1328.408 1314.9851 1301.5621 1288.1392 1274.7163 1269.7121 1280.9364 1292.1607 1303.3851 1314.6094 1325.8337 1330.2775 1339.054 1347.8305 1356.6071 1365.3836 1374.1601 1372.5403 1351.8978 1331.2552 1310.6126 1289.97 1269.3275 1263.7561 1265.2865 1266.8169 1268.3473 1269.8776 1275.0963 1297.7567 1320.7012 1343.6457 1366.5902 1389.5348
-9999 1279.0113 1262.2963 1245.5814 1228.8665 1213.4938 1207.57 1209.1658 1219.4402 1241.8934 1267.3143 1292.7352 1318.1561 1338.7516 1349.6841 1347.4989 1339.6948 1331.8907 1324.0866 1321.8226 1332.3398 1342.8571 1353.3743 1363.8916 1362.9933 1356.1988 1336.8253 1321.4149 1307.9919 1294.569 1281.1461 1276.1419 1287.3662 1298.5905 1309.8148 1320.6922 1311.6722 1310.2973 1319.8598 1328.7677 1337.5442 1346.3207 1355.0972 1360.4042 1362.5019 1341.8594 1321.2168 1300.5742 1279.9316 1266.5777 1258.96 1260.4904 1262.0208 1263.5512 1268.7699 1286.7643 1308.2235 1331.1681 1354.1126 1377.0571
-9999 1290.9816 1274.2667 1257.5518 1245.9948 1240.0709 1234.1471 1235.7429 1246.0173 1256.2916 1273.3891 1298.81 1324.2309 1344.8264 1355.7589 1366.6913 1370.7156 1362.9115 1355.1074 1352.8434 1363.3606 1373.8779 1381.4163 1379.315 1377.2138 1370.4193 1351.0457 1331.6722 1314.4217 1300.9988 1287.5759 1282.5716 1293.796 1305.0203 1309.6378 1300.6178 1291.5978 1290.2229 1299.7854 1309.3479 1318.4813 1327.2579 1336.0344 1341.3413 1344.1539 1346.9666 1331.821 1311.1784 1290.5358 1277.1819 1265.0876 1254.1639 1255.6943 1257.2247 1262.4434 1280.4379 1298.4323 1318.6904 1341.6349 1364.5795
-9999 1302.9519 1286.237 1278.4957 1272.5719 1266.648 1260.7242 1262.32 1272.5944 1282.8687 1293.1431 1304.8848 1330.3057 1350.9012 1361.8337 1372.7661 1383.6986 1393.9323 1386.1282 1383.8642 1394.3814 1397.738 1395.6367 1393.5354 1391.4342 1384.6397 1365.2662 1345.8926 1326.5191 1307.4286 1294.0057 1289.0014 1300.2258 1298.5833 1289.5633 1280.5433 1271.5233 1270.1484 1279.7109 1289.2734 1298.8359 1308.195 1316.9715 1322.2784 1325.0911 1327.9037 1330.7164 1321.7825 1301.14 1287.786 1275.6918 1263.5975 1251.5033 1250.8982 1256.1169 1274.1114 1292.1058 1310.1003 1329.1573 1352.1018
-9999 1316.9204 1310.9966 1305.0728 1299.1489 1293.2251 1287.3013 1288.8971 1299.1715 1309.4458 1319.7202 1329.9946 1340.269 1356.976 1367.9085 1378.8409 1389.7734 1400.7058 1411.6383 1414.885 1414.0597 1411.9584 1409.8571 1407.7559 1405.6546 1398.8601 1379.4866 1360.1131 1340.7395 1321.366 1301.9925 1295.4312 1287.5289 1278.5089 1269.4889 1260.4689 1251.4489 1250.074 1259.6365 1269.199 1278.7615 1288.324 1297.8865 1303.2156 1306.0282 1308.8409 1311.6535 1314.4661 1311.7441 1298.3902 1286.2959 1274.2017 1262.1074 1250.0132 1249.7904 1267.7849 1285.7794 1303.7738 1321.7683 1339.7628
-9999 1313.3622 1307.4383 1301.5145 1295.5907 1289.6669 1288.525 1295.1703 1304.1687 1314.4431 1324.7175 1334.9918 1345.2662 1347.9169 1344.8413 1355.7737 1366.7062 1377.6387 1388.5711 1395.5624 1393.4611 1391.3598 1389.2586 1387.1573 1384.013 1384.6739 1391.8529 1372.4794 1353.1059 1333.7324 1314.3588 1298.5217 1289.5017 1280.4817 1271.4617 1262.4417 1253.1693 1252.3232 1263.0513 1272.6139 1282.1764 1291.7389 1301.3014 1301.4665 1301.4606 1304.2733 1307.0859 1309.8986 1312.7112 1318.0259 1306.1708 1294.0765 1281.9822 1269.888 1257.4073 1254.9764 1272.9709 1290.9654 1308.9598 1326.9543
-9999 1296.6995 1290.7757 1284.8519 1278.9281 1281.9347 1287.7431 1294.3884 1301.9996 1310.0563 1320.3307 1330.6051 1340.8794 1343.5301 1330.9139 1320.0341 1330.9666 1341.899 1352.8315 1359.8228 1357.7215 1355.6202 1353.519 1348.6431 1341.3169 1341.9777 1364.0459 1384.0395 1364.666 1345.2925 1325.9189 1310.0818 1301.0618 1292.0418 1283.0218 1273.5084 1263.709 1262.8629 1274.8259 1286.243 1295.8056 1305.3681 1314.9306 1315.0957 1308.5052 1306.009 1308.8216 1311.6343 1314.4469 1319.7616 1325.5086 1317.9827 1305.8884 1293.7942 1281.3134 1267.4941 1257.3437 1275.3382 1293.3326 1311.3271
-9999 1280.0369 1274.1131 1269.536 1275.3444 1281.1527 1286.9611 1293.6064 1301.2177 1308.8289 1316.4402 1326.2183 1336.4927 1339.1434 1326.5272 1313.911 1301.2948 1306.1594 1317.0919 1324.0832 1321.9819 1319.8806 1313.2731 1305.9469 1298.6207 1299.2816 1321.3498 1343.418 1365.4862 1356.8526 1337.4791 1321.642 1312.622 1303.6019 1293.8475 1284.0481 1274.2487 1273.4026 1285.3656 1297.3286 1309.2916 1318.9973 1328.5598 1328.7249 1322.1344 1315.5438 1310.5574 1313.37 1316.1826 1321.4973 1327.2443 1332.9914 1329.7946 1317.7003 1305.2196 1291.4002 1277.5809 1263.7615 1277.7054 1295.6999
-9999 1263.3743 1262.9457 1268.7541 1274.5624 1280.3708 1286.1791 1292.8244 1300.4357 1308.0469 1315.6582 1323.2695 1332.1059 1334.7566 1322.1404 1309.5242 1296.9081 1284.2919 1281.3523 1288.3435 1285.2294 1277.9032 1270.577 1263.2508 1255.9245 1256.5854 1278.6536 1300.7219 1322.7901 1344.8583 1349.0392 1333.2021 1323.986 1314.1866 1304.3872 1294.5878 1284.7884 1283.9423 1295.9053 1307.8683 1319.8313 1331.7943 1342.189 1342.3541 1335.7636 1329.173 1322.5825 1315.992 1317.9184 1323.233 1328.9801 1334.7271 1340.4742 1341.6065 1329.1258 1315.3064 1301.4871 1287.6677 1273.8483 1280.0727
-9999 1258.2518 1264.0601 1269.8685 1275.6768 1281.4852 1287.2935 1291.4355 1299.0467 1306.658 1314.2693 1321.8805 1329.4918 1335.0375 1322.4214 1309.8052 1297.189 1284.5728 1271.9566 1260.94 1253.6138 1246.2876 1238.9613 1231.6351 1224.3089 1223.6121 1245.6803 1267.7486 1289.8168 1311.885 1333.9533 1345.1366 1335.3372 1325.5377 1315.7383 1305.9389 1296.1395 1287.5676 1299.5306 1311.4936 1323.4566 1335.4196 1347.3826 1351.6229 1345.0324 1338.4419 1331.8514 1325.2608 1318.6703 1322.5993 1328.3464 1334.0934 1339.8405 1345.5875 1347.7165 1333.8971 1320.0778 1306.2584 1292.439 1278.6197
-9999 1268.7985 1274.6069 1280.4152 1286.2236 1291.5413 1286.3015 1287.0275 1294.6388 1302.25 1309.8613 1317.4726 1328.8117 1338.0071 1342.2 1333.3025 1320.6863 1308.0701 1295.4539 1284.4373 1277.1111 1269.7849 1262.4586 1255.1324 1247.7484 1246.6944 1262.639 1283.1356 1305.2038 1327.272 1349.3403 1360.5236 1350.7241 1340.9247 1331.1253 1321.3259 1278.3967 1256.8016 1268.7646 1280.7276 1292.6906 1306.299 1337.7935 1344.0079 1332.6135 1326.023 1319.4324 1312.8419 1306.2514 1310.1804 1315.9274 1321.6745 1327.4215 1335.6506 1339.8689 1326.0496 1312.2302 1298.4108 1284.7733 1274.9031
-9999 1279.3453 1285.1537 1290.962 1292.3731 1287.1333 1281.8936 1282.6196 1290.2308 1297.8421 1306.5426 1318.2359 1329.9293 1339.1246 1343.3175 1347.5104 1344.1836 1331.5674 1318.9512 1307.9346 1300.6084 1293.2822 1285.9449 1278.5487 1271.1525 1270.0985 1286.0431 1301.9877 1320.5908 1342.659 1364.7273 1375.9105 1366.1111 1356.3117 1337.7342 1292.6825 1247.6307 1226.0356 1237.9986 1249.9616 1269.176 1300.6706 1332.1651 1338.3795 1326.4203 1314.4611 1307.0135 1300.423 1293.8325 1297.7615 1303.5085 1309.2556 1318.3772 1327.803 1332.0213 1318.202 1304.3826 1291.7034 1281.8331 1271.9628
-9999 1289.8921 1295.7004 1293.2049 1287.9652 1282.7254 1277.4856 1278.2116 1285.8229 1295.9668 1307.6601 1319.3535 1331.0468 1340.2422 1344.4351 1348.628 1352.8209 1355.0647 1342.4485 1331.4319 1324.1057 1316.7453 1309.3491 1301.9529 1294.5567 1293.5027 1309.4473 1325.3919 1341.3365 1358.046 1380.1142 1391.2975 1381.4981 1352.02 1306.9682 1261.9164 1216.8646 1195.2695 1207.2325 1232.0531 1263.5476 1295.0422 1326.5368 1332.7511 1320.7919 1308.8327 1296.8734 1288.0041 1281.4135 1285.3425 1291.6781 1301.1039 1310.5296 1319.9554 1324.1737 1310.3544 1298.6334 1288.7631 1278.8928 1269.0226
-9999 1299.2765 1294.0368 1288.797 1283.5572 1278.3174 1273.0777 1273.8037 1285.391 1297.0843 1308.7777 1320.471 1332.1644 1341.3597 1345.5526 1349.7455 1353.9384 1358.1313 1362.3243 1354.9292 1347.5456 1340.1494 1332.7532 1325.357 1317.9608 1316.9068 1332.8514 1348.796 1364.7406 1380.6853 1396.6299 1406.6845 1366.3057 1321.254 1276.2022 1231.1504 1186.0986 1164.5035 1194.9301 1226.4247 1257.9193 1289.4138 1320.9084 1327.1227 1315.1635 1303.2043 1291.2451 1279.2858 1268.9946 1274.4047 1283.8305 1293.2563 1302.682 1312.1078 1316.3261 1305.5634 1295.6931 1285.8228 1275.9526 1266.0823
-9999 1297.0756 1291.8359 1286.5961 1281.3563 1276.1165 1278.1392 1277.3713 1275.8985 1287.5919 1299.2852 1310.9786 1322.6719 1333.2417 1339.6446 1343.8375 1348.0304 1352.2233 1356.4162 1357.1047 1349.7085 1342.3123 1334.9161 1327.5199 1321.4007 1319.7859 1320.3195 1336.2641 1352.2087 1368.1533 1384.098 1379.2082 1334.1564 1289.1046 1244.0528 1199.0011 1165.731 1165.1435 1182.9538 1214.4483 1245.9429 1277.4375 1308.932 1325.3985 1317.7276 1305.7684 1293.8091 1281.8499 1269.8907 1267.2012 1276.627 1286.0527 1295.4785 1304.9043 1310.5418 1302.0712 1292.201 1282.3307 1272.4604 1262.5902
-9999 1296.1278 1290.888 1285.6482 1280.4084 1290.4698 1306.1445 1305.3766 1285.6319 1272.0756 1283.7689 1295.4623 1307.1556 1317.7254 1326.0452 1333.9406 1338.1335 1342.3265 1346.5194 1347.2079 1339.8117 1332.4155 1325.0193 1322.1924 1323.8997 1322.2849 1311.7661 1303.3294 1319.274 1335.2186 1351.1633 1346.2735 1301.2217 1256.1699 1211.1181 1192.8911 1192.2176 1191.6301 1191.1656 1198.8679 1230.3624 1261.857 1293.3516 1309.818 1315.481 1312.9837 1301.0245 1289.0653 1277.106 1273.9522 1272.3202 1279.2149 1288.6407 1298.0664 1303.704 1296.2197 1288.3955 1278.5252 1268.655 1258.7847
-9999 1295.1799 1289.9401 1287.1258 1302.8004 1318.4751 1334.1497 1333.3818 1313.6372 1293.8925 1274.1478 1279.9459 1291.6393 1302.2091 1310.5289 1318.8487 1327.1685 1332.4296 1336.6225 1337.311 1329.9148 1322.5186 1322.9842 1324.6915 1326.3988 1324.784 1314.2652 1303.7464 1293.2276 1302.2839 1318.2285 1313.3388 1268.287 1223.2352 1220.0512 1219.3777 1218.7042 1218.1167 1217.6521 1217.1876 1216.7231 1246.2766 1277.7711 1294.2376 1299.9006 1305.5636 1308.2398 1296.2806 1284.3214 1281.1676 1279.5355 1277.9035 1281.8028 1291.2286 1296.8661 1289.3819 1281.8976 1274.4134 1264.8495 1254.9792
-9999 1294.232 1299.4564 1315.131 1330.8057 1346.4803 1362.155 1361.3871 1341.6424 1321.8978 1302.1531 1282.4084 1276.123 1286.6928 1295.0126 1303.3324 1311.6522 1319.972 1326.7257 1327.4142 1322.0687 1323.776 1325.4833 1327.1905 1328.8978 1327.283 1316.7642 1306.2454 1295.7267 1285.2079 1285.2938 1280.4041 1247.8848 1247.2113 1246.5378 1245.8643 1245.1908 1244.6032 1244.1387 1243.6742 1243.2097 1242.7452 1262.1907 1278.6571 1284.3201 1289.9831 1295.6461 1301.3091 1291.5367 1288.3829 1286.7509 1285.1189 1283.4869 1284.3907 1290.0283 1282.5441 1275.0598 1267.5756 1260.0913 1251.1737
-9999 1303.0359 1318.7106 1334.3852 1350.0598 1365.7345 1381.4091 1390.0096 1370.2649 1350.5203 1330.7756 1311.0309 1291.2863 1274.7408 1283.0606 1291.3804 1299.7002 1308.02 1316.3399 1322.6601 1324.3674 1326.0747 1327.782 1329.4892 1331.1965 1326.1829 1315.6824 1305.1636 1294.6448 1284.1261 1273.6073 1266.4513 1265.7778 1265.1043 1264.4308 1263.7573 1263.0838 1269.8284 1269.3639 1268.8994 1268.4349 1267.9703 1267.5058 1269.607 1275.27 1280.933 1286.596 1292.259 1297.922 1292.1217 1290.4897 1288.8577 1287.2256 1285.5936 1285.7808 1278.8772 1271.393 1263.9087 1256.4245 1248.9402
-9999 1289.1642 1304.8389 1320.5135 1336.1882 1352.0382 1368.9847 1383.3411 1394.7083 1381.4793 1361.7346 1341.99 1322.2453 1304.652 1291.3669 1292.9208 1301.2406 1309.5604 1317.8802 1324.2005 1325.9078 1327.615 1329.3223 1331.0296 1319.7855 1308.5111 1300.2591 1290.527 1280.0082 1269.4894 1258.9706 1251.8147 1251.1412 1250.4677 1249.7941 1249.2701 1253.5455 1264.7664 1285.9238 1289.3497 1288.8852 1288.4206 1287.9561 1288.9063 1290.9394 1296.6024 1302.2654 1307.9284 1313.5914 1296.2009 1281.0683 1279.4363 1277.8043 1276.1723 1276.3595 1282.8481 1279.7296 1272.2454 1264.7611 1257.2769
-9999 1275.2926 1290.9672 1306.6419 1322.9807 1339.9272 1356.8737 1371.2302 1382.5973 1393.9645 1392.6937 1372.949 1353.2044 1335.611 1322.3259 1309.0408 1302.7809 1311.1007 1319.4205 1325.7408 1327.4481 1329.1554 1326.9177 1314.5157 1302.1138 1290.8394 1282.5874 1274.3353 1265.3715 1254.8528 1244.334 1237.178 1236.5045 1235.831 1236.9845 1241.2599 1245.5354 1256.7563 1277.9137 1299.071 1309.3354 1308.8709 1308.4064 1309.3566 1311.3237 1313.2908 1317.9348 1323.5978 1329.2608 1311.8704 1290.4957 1270.015 1268.383 1266.751 1266.9381 1273.4267 1279.9154 1280.582 1273.0978 1265.6135
-9999 1261.4209 1277.0956 1293.9233 1310.8698 1327.8163 1344.7628 1359.1192 1370.4864 1381.8535 1393.2207 1403.9081 1384.1634 1366.5701 1353.285 1339.9999 1326.7148 1313.4297 1320.9609 1327.2812 1328.9884 1321.6479 1309.2459 1296.844 1284.442 1273.1677 1264.9156 1256.6636 1248.4115 1240.1594 1229.6973 1222.5414 1221.8679 1224.6989 1228.9743 1233.2498 1237.5252 1248.7461 1269.9035 1291.0609 1312.2183 1329.3212 1328.8567 1329.8069 1331.774 1333.7411 1335.7083 1339.2672 1344.9302 1327.5398 1306.1651 1284.7904 1263.4157 1257.3296 1257.5168 1264.0054 1270.494 1276.9827 1281.4344 1273.9502
-9999 1247.9193 1264.8658 1281.8123 1298.7588 1315.7053 1332.6518 1347.0083 1358.3754 1369.7426 1381.1097 1392.4769 1403.844 1397.5291 1384.244 1370.9589 1357.6738 1344.3887 1331.1036 1328.7801 1316.3781 1303.9762 1291.5742 1279.1723 1266.7703 1255.496 1247.2439 1238.9918 1230.7398 1222.4877 1214.2357 1208.1379 1212.4133 1216.6888 1220.9642 1225.2396 1229.5151 1240.736 1261.8934 1283.0508 1304.2081 1325.3655 1346.5229 1350.2572 1352.2243 1354.1914 1356.1586 1358.1257 1360.5996 1343.2092 1321.8345 1300.4598 1279.0851 1257.7104 1248.0955 1254.5841 1261.0727 1267.5613 1274.0499 1280.5386
-9999 1279.2132 1296.1597 1313.1062 1330.0527 1346.9992 1337.8757 1325.59 1334.0503 1345.4174 1356.7846 1368.1517 1379.5189 1386.8161 1382.9033 1369.6182 1356.3331 1343.048 1329.7629 1316.7448 1304.3429 1291.9409 1279.539 1267.137 1264.7789 1268.6382 1244.9502 1236.6982 1228.4461 1220.194 1211.942 1207.9689 1212.2443 1216.5198 1220.7952 1225.0706 1229.7461 1233.5777 1242.4914 1263.6488 1284.8062 1305.9636 1327.1209 1341.8339 1347.4583 1349.4255 1351.3926 1353.3598 1355.3269 1346.163 1326.453 1305.0783 1283.7036 1262.3289 1249.8225 1265.578 1272.0666 1278.5552 1285.0439 1291.5325
