P1_models/J1_p1_tot_conduct_slide_102.59.dat.tif
NCOLS 118
NROWS 92
XLLCORNER 139.62
YLLCORNER -39.07
DX 0.099491525
DY 0.099347826
NODATA_VALUE -9999
[rows 26 to 51 of 92, columns 0 to 57 of 118]
-3.0204555 -3.1195058 -3.199099 -3.2764743 -3.3522774 -3.4381199 -3.5127386 -3.5916209 -3.6721617 -3.7543699 -3.8439123 -3.9283318 -4.0029504 -4.0666831 -4.1313526 -4.1804199 -4.2202165 -4.2447058 -4.2646042 -4.2679558 -4.2629197 -4.2434113 -4.1886909 -4.126734 -4.0911283 -4.0454927 -3.9949329 -3.9282762 -3.8614702 -3.7972613 -3.7444999 -3.694914 -3.6551174 -3.621567 -3.6006214 -3.5848953 -3.5799207 -3.5864847 -3.6021939 -3.6296172 -3.6505628 -3.691755 -3.7315516 -3.7801392 -3.8220304 -3.8628973 -3.9100248 -3.9352666 -3.9457393 -3.9385105 -3.9175649 -3.872202 -3.7899176 -3.7260479 -3.6562131 -3.5737965 -3.494295 -3.4000398
-3.0401069 -3.1466122 -3.2510783 -3.33219 -3.4222062 -3.5143577 -3.6088747 -3.6916536 -3.776932 -3.860097 -3.9446648 -4.0276796 -4.0974784 -4.1588386 -4.2036097 -4.2461946 -4.2611183 -4.2775782 -4.2676291 -4.2613327 -4.2265106 -4.1970489 -4.1331973 -4.0671253 -3.9974812 -3.9395217 -3.864903 -3.7891892 -3.6747739 -3.5919424 -3.5291057 -3.4761641 -3.431393 -3.3963786 -3.3703239 -3.3530837 -3.3481091 -3.3559528 -3.3821348 -3.4177277 -3.4700917 -3.5215114 -3.5911555 -3.6487117 -3.7160594 -3.7509122 -3.7841842 -3.8193359 -3.8463915 -3.8568643 -3.8579562 -3.8913238 -3.8826422 -3.8439511 -3.7886769 -3.7258402 -3.6539083 -3.5858351
-3.0337812 -3.1536596 -3.2611286 -3.3571389 -3.4511018 -3.5505933 -3.6472134 -3.739641 -3.8271834 -3.9104522 -3.9923151 -4.07176 -4.1391131 -4.1872105 -4.2207556 -4.2478615 -4.2484983 -4.2463161 -4.2189176 -4.1924218 -4.1398453 -4.0963029 -4.027177 -3.9362321 -3.8512842 -3.7748817 -3.6878165 -3.6053928 -3.4973025 -3.3932162 -3.3240844 -3.2657191 -3.2181837 -3.179572 -3.1562596 -3.1513688 -3.1534918 -3.1699528 -3.2053707 -3.2578239 -3.3193688 -3.3966871 -3.4739232 -3.5609316 -3.6375063 -3.7020603 -3.7391435 -3.7865298 -3.8198335 -3.8512461 -3.8617189 -3.919196 -3.9540823 -3.93251 -3.8931019 -3.8434262 -3.7838812 -3.7242604
-3.0203755 -3.1440876 -3.2585028 -3.364185 -3.4636765 -3.5645132 -3.6640047 -3.758425 -3.8484411 -3.9341003 -4.0136935 -4.0864562 -4.1461511 -4.1902132 -4.2150861 -4.2260273 -4.2160781 -4.1934357 -4.1536391 -4.1022859 -4.0376165 -3.96568 -3.8761376 -3.7804848 -3.6859679 -3.5901058 -3.4955889 -3.3998154 -3.2953493 -3.2000572 -3.1267477 -3.0635044 -3.0137586 -2.9752907 -2.9595816 -2.9607438 -2.970693 -2.9993006 -3.0464282 -3.1126812 -3.1912272 -3.2819181 -3.376435 -3.4765362 -3.5760278 -3.6529027 -3.7157395 -3.7719374 -3.8243013 -3.8594788 -3.8908972 -3.9539585 -4.0145243 -3.9989202 -3.9793587 -3.9374676 -3.8929572 -3.8405933
-2.9831201 -3.1068321 -3.2212474 -3.3269296 -3.430813 -3.5351546 -3.6391677 -3.7320612 -3.8173949 -3.9019682 -3.9765868 -4.0492008 -4.0982037 -4.1313774 -4.1413266 -4.1477829 -4.1179354 -4.0896752 -4.0250057 -3.9669018 -3.8723849 -3.7980306 -3.6952491 -3.5858085 -3.4763678 -3.3776334 -3.2731673 -3.1775393 -3.0830224 -2.9902295 -2.9273928 -2.8678885 -2.8330665 -2.7952228 -2.7949266 -2.8126374 -2.8465082 -2.8825247 -2.9532896 -3.0293155 -3.1291348 -3.2289151 -3.3391796 -3.4487761 -3.5636093 -3.6490241 -3.7219487 -3.7847855 -3.8429291 -3.8818987 -3.9157341 -3.9915905 -4.0579889 -4.0524616 -4.0372439 -4.0162983 -3.9746506 -3.9275226
-2.9399509 -3.0587842 -3.1728642 -3.2813188 -3.3839337 -3.4785751 -3.5811673 -3.6745267 -3.7587074 -3.8384592 -3.9115392 -3.9759121 -4.0206833 -4.0406357 -4.0440236 -4.0347015 -3.9980894 -3.951136 -3.8794985 -3.8012908 -3.7013953 -3.6025182 -3.4930775 -3.3704484 -3.2610077 -3.1556221 -3.0550469 -2.9583858 -2.8718539 -2.7918764 -2.7389462 -2.6975725 -2.6739361 -2.6523872 -2.659235 -2.7097992 -2.7530187 -2.816601 -2.8967672 -2.9989751 -3.1070529 -3.2263504 -3.3418222 -3.4658336 -3.5867721 -3.6790558 -3.7576017 -3.8274689 -3.8903056 -3.9341157 -3.9707704 -4.027143 -4.1028961 -4.0973688 -4.0895605 -4.070739 -4.0119388 -3.9350888
-2.8924768 -3.0057987 -3.1152394 -3.2163248 -3.3110786 -3.40572 -3.500237 -3.5884253 -3.668966 -3.7457346 -3.8153787 -3.8733085 -3.9081305 -3.9280415 -3.9180924 -3.8956146 -3.8458688 -3.7855563 -3.7009885 -3.6092184 -3.4997777 -3.3850814 -3.2557424 -3.1320136 -3.022573 -2.9171874 -2.8226704 -2.7331974 -2.6585788 -2.5931808 -2.556526 -2.5319928 -2.5319928 -2.5431019 -2.5797567 -2.6303209 -2.699965 -2.7834851 -2.888213 -3.0055983 -3.1365082 -3.2660895 -3.3954285 -3.5254423 -3.6563522 -3.7519109 -3.8304568 -3.9010188 -3.969092 -4.0147616 -4.0566528 -4.1034018 -4.1492584 -4.1437311 -4.1359228 -4.1202137 -4.0649243 -3.9235416
-2.8491367 -2.9474101 -3.0409876 -3.1418338 -3.2292984 -3.3142397 -3.401208 -3.4848381 -3.5575086 -3.6306805 -3.6915725 -3.7492632 -3.7728183 -3.7761446 -3.75724 -3.7280197 -3.6601596 -3.5964181 -3.5026914 -3.407594 -3.2888927 -3.1736385 -3.0494245 -2.9342423 -2.8295336 -2.7295547 -2.6541691 -2.5739614 -2.5331784 -2.4786256 -2.4805206 -2.4716782 -2.5115965 -2.5237419 -2.5883503 -2.6808537 -2.7787571 -2.8714525 -2.9921011 -3.117846 -3.2592781 -3.3863131 -3.5124625 -3.6366226 -3.7613563 -3.8359593 -3.8988133 -3.9573993 -4.0190449 -4.0513999 -4.0882818 -4.1252354 -4.1684035 -4.1684035 -4.1598458 -4.1391752 -4.0823197 -3.9364483
-2.8103289 -2.8928517 -2.9774195 -3.0624031 -3.1476412 -3.2155424 -3.2996907 -3.3735916 -3.4440557 -3.5040678 -3.5607966 -3.6051229 -3.6200466 -3.6134025 -3.5909746 -3.553411 -3.4828729 -3.4023432 -3.3059364 -3.2054025 -3.0870085 -2.9676186 -2.8482288 -2.7464619 -2.6485805 -2.5616864 -2.4951059 -2.4413008 -2.4122966 -2.3969737 -2.4140522 -2.4480847 -2.5000636 -2.5577609 -2.6415433 -2.7691314 -2.8760127 -2.9978211 -3.1248773 -3.2610593 -3.4076784 -3.5311229 -3.6554873 -3.7600669 -3.880504 -3.9291726 -3.9763002 -4.0149197 -4.0672837 -4.0898238 -4.1160058 -4.1495629 -4.1844492 -4.1775 -4.1728078 -4.1518622 -4.0914161 -3.9447971
-2.771247 -2.8446419 -2.9093114 -2.9819657 -3.0482934 -3.1161945 -3.1858386 -3.2543742 -3.3159642 -3.371604 -3.4114006 -3.4445047 -3.4494793 -3.4411996 -3.4063776 -3.3613386 -3.2867199 -3.2036476 -3.0991815 -2.9934605 -2.8790453 -2.763453 -2.6540123 -2.5543894 -2.4797708 -2.4093531 -2.3695565 -2.3353298 -2.3403044 -2.3506114 -2.4082117 -2.4679543 -2.5574967 -2.6449634 -2.7758733 -2.9082183 -3.0425319 -3.1766472 -3.3232663 -3.4663782 -3.6129973 -3.7346621 -3.8391282 -3.9350683 -4.0188506 -4.0524638 -4.0524638 -4.0803149 -4.1070228 -4.1236687 -4.1358754 -4.1669949 -4.1976955 -4.1811136 -4.1661846 -4.145239 -4.084793 -3.9381739
-2.7443108 -2.7967588 -2.8493014 -2.9149413 -2.9696797 -3.0181805 -3.0757163 -3.1328241 -3.1816626 -3.2320318 -3.2645709 -3.2924141 -3.2932499 -3.275021 -3.2327381 -3.1818568 -3.0996755 -3.0172815 -2.9166475 -2.8136856 -2.7109194 -2.5979575 -2.499408 -2.4296326 -2.378922 -2.3272822 -2.3278409 -2.3127604 -2.3585988 -2.3912707 -2.4936569 -2.57746 -2.7001951 -2.8034444 -2.9485064 -3.1032176 -3.2441107 -3.3705609 -3.4977826 -3.6417746 -3.7856336 -3.8807941 -3.9632794 -4.0282948 -4.0910096 -4.1536768 -4.1723573 -4.1763493 -4.1969503 -4.1963437 -4.2040491 -4.135521 -4.1561677 -4.1343822 -4.1144766 -4.0851027 -4.0509903 -3.9642332
-2.7293424 -2.7617746 -2.8015712 -2.8458037 -2.8931806 -2.9280582 -2.977804 -3.019142 -3.0617812 -3.09479 -3.1246374 -3.1425315 -3.1375569 -3.1125626 -3.0677453 -3.0117326 -2.9272618 -2.842694 -2.7436459 -2.6501713 -2.5514745 -2.4577965 -2.3782033 -2.332971 -2.290903 -2.2731657 -2.2862757 -2.3222418 -2.3813847 -2.4618288 -2.5801263 -2.7137494 -2.8480892 -2.9916853 -3.1540136 -3.3019132 -3.4461759 -3.5665618 -3.6817626 -3.8049902 -3.9463729 -4.0274767 -4.0871716 -4.1249479 -4.1616027 -4.2037063 -4.2560702 -4.263992 -4.2692284 -4.2587236 -4.2534872 -4.1806568 -4.1084973 -4.0818302 -4.0564625 -4.0245143 -3.9832208 -3.920384
-2.7175537 -2.7422334 -2.7571571 -2.7950474 -2.8234736 -2.8525741 -2.8824215 -2.9183048 -2.946731 -2.9754059 -2.9903296 -3.0033434 -2.9834451 -2.9536061 -2.9038604 -2.8461529 -2.7665597 -2.6837375 -2.5991697 -2.5110844 -2.4314912 -2.3452023 -2.2988874 -2.2667391 -2.2667391 -2.2665426 -2.3212629 -2.3752273 -2.484668 -2.5876693 -2.7447612 -2.8925755 -3.0617111 -3.216996 -3.3897971 -3.5379807 -3.6523959 -3.7620975 -3.8406434 -3.9545508 -4.0802244 -4.1512463 -4.1761192 -4.2043319 -4.2148047 -4.251243 -4.2891862 -4.2856625 -4.2692284 -4.2476762 -4.2269945 -4.1476948 -4.0687582 -4.030067 -3.9968538 -3.960199 -3.9169889 -3.8541522
-2.7288893 -2.7316781 -2.7398895 -2.7627145 -2.7803905 -2.7899609 -2.8129691 -2.8333593 -2.8520231 -2.8721593 -2.8813201 -2.8842904 -2.86307 -2.8299132 -2.7801674 -2.7239979 -2.6504727 -2.5739897 -2.4986765 -2.4246383 -2.3638594 -2.2944399 -2.2571441 -2.2626229 -2.2917595 -2.3201451 -2.407748 -2.4871844 -2.6233379 -2.7513312 -2.9250438 -3.0862494 -3.255385 -3.4257352 -3.5904792 -3.7067404 -3.8008157 -3.8832393 -3.9419002 -4.038836 -4.1604839 -4.2147044 -4.2327972 -4.237107 -4.2412055 -4.2587167 -4.2920091 -4.2687843 -4.2452469 -4.1930479 -4.1658149 -4.0760399 -3.9932046 -3.9411445 -3.9017364 -3.8616148 -3.8216683 -3.7678138
-2.7418116 -2.7361323 -2.7311578 -2.7318666 -2.7366043 -2.7398341 -2.7547579 -2.7653407 -2.7748161 -2.7808889 -2.7858635 -2.7805923 -2.7557194 -2.7234684 -2.6737227 -2.6202706 -2.5506265 -2.4855114 -2.4158674 -2.3585808 -2.3088351 -2.2707164 -2.2607673 -2.2807388 -2.32551 -2.3928421 -2.4973082 -2.6116704 -2.7609076 -2.9141686 -3.0974424 -3.2623002 -3.4314358 -3.5931106 -3.7397297 -3.8650488 -3.9396675 -3.9950441 -4.0316988 -4.1032314 -4.2184321 -4.2656623 -4.2706369 -4.2630014 -4.2525286 -4.2468666 -4.2678122 -4.2372309 -4.1953397 -4.1364311 -4.0788307 -3.9767037 -3.8841108 -3.8302821 -3.7807242 -3.738833 -3.7097888 -3.6626612
-2.755058 -2.7432105 -2.7245346 -2.7240379 -2.7098248 -2.7023551 -2.7023551 -2.7097681 -2.7097681 -2.7129517 -2.7079771 -2.701114 -2.6762412 -2.6447412 -2.59997 -2.5495159 -2.4947956 -2.4357724 -2.3910012 -2.3429003 -2.3279766 -2.2972092 -2.3189156 -2.364191 -2.4487588 -2.5284272 -2.6677153 -2.7897063 -2.9289945 -3.0776983 -3.2347902 -3.3828636 -3.4773806 -3.6262266 -3.8448527 -3.9969858 -4.041757 -4.0893978 -4.105107 -4.1674799 -4.2581712 -4.2992841 -4.2905064 -4.2743086 -4.2459054 -4.1932025 -4.1419716 -4.0990456 -4.0430064 -3.9698619 -3.9000046 -3.7535283 -3.6324296 -3.5882112 -3.5430912 -3.5169092 -3.5030644 -3.5397192
-2.7782071 -2.7606091 -2.7365335 -2.715835 -2.6999596 -2.69 -2.6870262 -2.6772969 -2.6733913 -2.6716328 -2.6666583 -2.6548532 -2.6299803 -2.5984803 -2.5560597 -2.5246063 -2.4800709 -2.4284608 -2.3870987 -2.3687047 -2.3575669 -2.3768508 -2.4113394 -2.485191 -2.5724053 -2.6953629 -2.845853 -2.9851411 -3.1218637 -3.243278 -3.3940307 -3.4987187 -3.5866284 -3.6995599 -3.9288377 -4.0779423 -4.1165925 -4.1347673 -4.1473907 -4.194661 -4.275617 -4.2975015 -4.277194 -4.2230274 -4.1838685 -4.1242967 -4.0335407 -3.9607485 -3.8708674 -3.7884633 -3.6906507 -3.5414848 -3.4222702 -3.3780517 -3.342026 -3.3180905 -3.326021 -3.3668134
-2.802492 -2.7751364 -2.745289 -2.721818 -2.7028673 -2.6860066 -2.6760574 -2.6663282 -2.6568528 -2.6489684 -2.6439939 -2.6321888 -2.6073159 -2.5851476 -2.5553002 -2.5267544 -2.4919324 -2.466137 -2.4462387 -2.4412315 -2.4561552 -2.4870662 -2.5567103 -2.6441168 -2.7535575 -2.8757882 -3.0349746 -3.1702491 -3.2796898 -3.3834468 -3.4934111 -3.5808714 -3.6355917 -3.7467882 -3.9719532 -4.106936 -4.1268343 -4.1377929 -4.1430293 -4.173249 -4.2413222 -4.2419399 -4.2071179 -4.1456823 -4.0776091 -3.9798134 -3.8750855 -3.7681769 -3.663449 -3.5601748 -3.4554469 -3.3466591 -3.2349181 -3.1989434 -3.1728351 -3.1675987 -3.1864739 -3.2440743
-2.8273289 -2.7999734 -2.7701259 -2.746655 -2.7188117 -2.6967918 -2.6822666 -2.6725374 -2.663062 -2.6551777 -2.6502031 -2.638398 -2.6243802 -2.6127742 -2.5978505 -2.5737352 -2.5588115 -2.5394077 -2.5493569 -2.5514525 -2.5962237 -2.6298787 -2.7163433 -2.8206781 -2.950017 -3.0738591 -3.2280709 -3.3541263 -3.3889483 -3.4780835 -3.5461567 -3.625684 -3.6555315 -3.7654159 -3.9827658 -4.1090336 -4.1144159 -4.1196647 -4.1057739 -4.1188916 -4.1481836 -4.1288392 -4.0580962 -3.9734657 -3.866495 -3.7491534 -3.6205067 -3.5038029 -3.3902424 -3.294444 -3.1946589 -3.1195563 -3.023804 -3.0127494 -2.9958903 -3.0273086 -3.0553844 -3.1444031
-2.8381461 -2.8088737 -2.7790263 -2.7500105 -2.7267754 -2.7196949 -2.7047711 -2.694576 -2.6862563 -2.6801304 -2.6767525 -2.6700703 -2.6602329 -2.6652075 -2.6570769 -2.6501829 -2.6440049 -2.6461871 -2.6669361 -2.6934319 -2.7456064 -2.8049115 -2.8994285 -3.0090708 -3.1364573 -3.2657962 -3.4099912 -3.5433895 -3.5946454 -3.6378227 -3.7058958 -3.7609123 -3.7907598 -3.8818548 -4.08969 -4.1376761 -4.1338474 -4.1087691 -4.0810525 -3.9891568 -3.9838961 -3.9217641 -3.8388896 -3.7203026 -3.5983221 -3.4638082 -3.3224256 -3.210431 -3.0899939 -3.0153661 -2.921111 -2.8801568 -2.8103843 -2.8247013 -2.832546 -2.8814205 -2.9408184 -3.0400924
-2.8277327 -2.8022506 -2.7724031 -2.7598913 -2.7598913 -2.7528108 -2.7378871 -2.727692 -2.7229543 -2.7198696 -2.7198696 -2.7214902 -2.7264648 -2.7314394 -2.736414 -2.7429075 -2.7528567 -2.7720276 -2.8118242 -2.8590116 -2.9236811 -2.9998473 -3.1043134 -3.2143896 -3.3387541 -3.4644919 -3.5938309 -3.7089692 -3.7835879 -3.8563879 -3.924461 -3.9794775 -4.009325 -4.0644403 -4.1691682 -4.2171544 -4.1873069 -4.1418851 -4.0738119 -3.9560409 -3.7884762 -3.6502133 -3.5308235 -3.3957664 -3.2491473 -3.1061561 -2.9647734 -2.8553265 -2.7558349 -2.6919746 -2.6343742 -2.6111846 -2.5918191 -2.6249829 -2.6669663 -2.7402759 -2.8282242 -2.9486613
-2.8586118 -2.836135 -2.8095145 -2.7971332 -2.8008321 -2.7962415 -2.7813178 -2.773322 -2.7725738 -2.7730278 -2.7818886 -2.7835962 -2.797184 -2.8203958 -2.8480308 -2.862641 -2.8955048 -2.9194497 -2.9731476 -3.0249781 -3.1037015 -3.1799981 -3.287081 -3.3951192 -3.5003383 -3.6152408 -3.7058825 -3.8079037 -3.8336422 -3.8960898 -3.9251784 -3.97 -3.9729092 -4.027568 -4.0975325 -4.0870352 -4.0080909 -3.9345106 -3.8139885 -3.6854917 -3.50368 -3.3410752 -3.1957338 -3.0605028 -2.9138837 -2.7918989 -2.6665342 -2.5890231 -2.5071067 -2.4879809 -2.4476215 -2.4739596 -2.4689771 -2.5518867 -2.6065568 -2.7149769 -2.8129743 -2.9606694
-2.8885405 -2.8679805 -2.8431077 -2.8355623 -2.8404361 -2.8431855 -2.8284595 -2.8226631 -2.8230217 -2.8318141 -2.8441618 -2.8575262 -2.8774245 -2.9174953 -2.9509476 -2.9872187 -3.0248969 -3.0706045 -3.1283335 -3.1890708 -3.2676103 -3.3559239 -3.4653645 -3.5635849 -3.659963 -3.7509121 -3.8320106 -3.8929343 -3.9064931 -3.9238002 -3.942529 -3.9461749 -3.9393043 -3.9549199 -4.0020474 -3.9207977 -3.8252686 -3.6928551 -3.5522687 -3.3847353 -3.1962251 -3.0301902 -2.8710038 -2.7344765 -2.5878574 -2.4940103 -2.384046 -2.342139 -2.2845387 -2.2997236 -2.2944872 -2.3493935 -2.3838077 -2.4833378 -2.5770004 -2.6925044 -2.8189272 -2.9726069
-2.9194603 -2.9010965 -2.8762236 -2.8725853 -2.8867984 -2.8895478 -2.8795986 -2.8756486 -2.8803863 -2.8914228 -2.9162957 -2.9405596 -2.9803562 -3.0234663 -3.0732121 -3.1196825 -3.1694283 -3.2229379 -3.2925819 -3.3612737 -3.4358923 -3.5215036 -3.6309442 -3.7291646 -3.7988086 -3.8701295 -3.9248499 -3.9657894 -3.9458911 -3.9370465 -3.9318101 -3.9196821 -3.8798855 -3.8598659 -3.8179747 -3.7287252 -3.5745133 -3.4146812 -3.2209346 -3.033568 -2.834585 -2.6666888 -2.5174515 -2.386378 -2.2711773 -2.1932937 -2.1409298 -2.1194783 -2.118959 -2.1551187 -2.2017626 -2.2804647 -2.3573149 -2.4789157 -2.59687 -2.7277799 -2.8652895 -3.0276178
-2.9973734 -2.9806472 -2.9595151 -2.9595781 -2.9439612 -2.9243014 -2.9143522 -2.9156198 -2.9275675 -2.9394228 -2.9592209 -2.9826828 -3.0249659 -3.0713939 -3.1235754 -3.1927491 -3.284479 -3.3404451 -3.4077552 -3.4754331 -3.5432023 -3.6174311 -3.7536595 -3.8947443 -3.957844 -4.0044541 -4.0324585 -4.0676662 -4.0540072 -4.0489668 -4.015452 -3.9570372 -3.8751133 -3.7780761 -3.6445834 -3.4553919 -3.2839217 -3.0958769 -2.892545 -2.6883434 -2.5040318 -2.3430438 -2.2198734 -2.1385115 -2.0536483 -1.9806778 -1.9830329 -1.9855217 -2.050947 -2.108317 -2.2130449 -2.3039579 -2.4294961 -2.5586732 -2.7038048 -2.8413561 -2.9929127 -3.1471812
-3.0664821 -3.0527178 -3.0328195 -3.0079308 -2.9795047 -2.962205 -2.9523233 -2.9557902 -2.9702314 -2.9846957 -2.9996194 -3.0247889 -3.0695601 -3.123386 -3.1796478 -3.2520334 -3.3531681 -3.4417741 -3.5064436 -3.5650961 -3.6220211 -3.7136906 -3.8828262 -4.0161431 -4.0647135 -4.1018618 -4.1192038 -4.124564 -4.1094492 -4.0741457 -3.9938433 -3.8878522 -3.7554756 -3.6011815 -3.3864892 -3.162418 -2.9763782 -2.7861791 -2.5772696 -2.4005693 -2.2225318 -2.1064336 -1.9920184 -1.9446419 -1.8870416 -1.9067485 -1.9172213 -1.9958811 -2.0639543 -2.1827011 -2.287429 -2.4240448 -2.5503175 -2.6973109 -2.8400963 -2.980443 -3.1188329 -3.2615435
