P1_models/J1_p1_vp_slide_diff2_5.dat.tif
NCOLS 118
NROWS 92
XLLCORNER 139.62
YLLCORNER -39.07
DX 0.099491525
DY 0.099347826
NODATA_VALUE -9999
[rows 25 to 49 of 92, columns 0 to 54 of 118]
-9999 0.035080462 0.030350538 0.025620613 0.020890688 0.016160763 0.016020668 0.016883129 0.012265215 0.0037839698 -0.0046972749 -0.01317852 -0.021659765 -0.029911957 -0.035172998 -0.033348986 -0.031524975 -0.029700964 -0.027876953 -0.02760732 -0.030923704 -0.034240088 -0.037556472 -0.040872856 -0.0390935 -0.033160219 -0.04028492 -0.03977903 -0.039273141 -0.038767252 -0.038261363 -0.040462598 -0.047882305 -0.055302012 -0.062721719 -0.070141426 -0.075686038 -0.080635156 -0.086674614 -0.090791505 -0.094908395 -0.099025286 -0.10314218 -0.10039594 -0.091531366 -0.08175676 -0.071982154 -0.062207548 -0.052432942 -0.03947985 -0.025522135 -0.011486723 0.0025486882 0.0165841 0.028828501
-9999 0.024934302 0.020204377 0.015474452 0.010744527 0.013066584 0.016654803 0.017517265 0.015233852 0.012450482 0.0039692375 -0.0045120073 -0.012993252 -0.021245445 -0.029038948 -0.03683245 -0.035118407 -0.033294396 -0.031470385 -0.031200752 -0.034517136 -0.03783352 -0.041149904 -0.035270225 -0.02366288 -0.017729599 -0.027004233 -0.036278867 -0.036102466 -0.035596577 -0.035090688 -0.037291923 -0.04471163 -0.052131337 -0.059551044 -0.064069688 -0.067442282 -0.0723914 -0.079595959 -0.086352559 -0.09046945 -0.094586341 -0.098703231 -0.095956997 -0.088276949 -0.079854355 -0.070079749 -0.060305143 -0.050530537 -0.037577444 -0.024075023 -0.010218453 0.0038169583 0.01785237 0.030096771
-9999 0.014788141 0.010058216 0.006524281 0.0101125 0.013700719 0.017288938 0.0181514 0.015867988 0.013584575 0.011301163 0.0041545052 -0.0043267396 -0.012578932 -0.020372435 -0.028165938 -0.035959441 -0.036887828 -0.035063817 -0.034794184 -0.038110568 -0.041426952 -0.03144695 -0.019839605 -0.0082322603 -0.0022989797 -0.011573613 -0.020848247 -0.030122881 -0.032425902 -0.031920013 -0.034121248 -0.041540955 -0.048960662 -0.052453338 -0.055825932 -0.059198527 -0.064147644 -0.071352203 -0.078556762 -0.085761321 -0.090147395 -0.094264286 -0.091518052 -0.083838004 -0.076157956 -0.068177344 -0.058402738 -0.048628132 -0.035675039 -0.022172618 -0.0086701967 0.0050852284 0.01912064 0.031365041
-9999 0.0046419796 0.0035701971 0.007158416 0.010746635 0.014334854 0.017923073 0.018785535 0.016502123 0.014218711 0.011935298 0.0096518864 0.0043397729 -0.0039124198 -0.011705923 -0.019499425 -0.027292928 -0.035086431 -0.038657249 -0.038387616 -0.039231019 -0.027623674 -0.01601633 -0.0044089852 0.0071983595 0.01313164 0.0038570064 -0.0054176273 -0.014692261 -0.023966895 -0.028749337 -0.030950573 -0.037464394 -0.040836989 -0.044209583 -0.047582177 -0.050954771 -0.055903889 -0.063108447 -0.070313006 -0.077517565 -0.084722124 -0.08982534 -0.087079106 -0.079399059 -0.071719011 -0.064038963 -0.056358916 -0.046725727 -0.033772634 -0.020270213 -0.0067677915 0.0067346298 0.02038891 0.032633311
-9999 0.00015820384 0.0037464228 0.0073346417 0.010922861 0.01451108 0.018099299 0.017725405 0.015441993 0.013158581 0.010875169 0.0085917569 0.0063083449 0.0045938244 -0.0031996784 -0.010993181 -0.018786684 -0.026580187 -0.03437369 -0.036300667 -0.024693322 -0.013085978 -0.0014786332 0.010128711 0.021736056 0.028424887 0.019150253 0.0098756197 0.00060098596 -0.0086736478 -0.017948281 -0.025206972 -0.028579566 -0.03195216 -0.035324754 -0.038697348 -0.042069942 -0.04701906 -0.054223619 -0.061428177 -0.068632736 -0.075837295 -0.083041853 -0.082250938 -0.07457089 -0.066890843 -0.059210795 -0.051530747 -0.0438507 -0.032534197 -0.019031776 -0.0055293549 0.0079730664 0.021475488 0.033237612
-9999 -0.0034352282 0.00015299079 0.0037412097 0.0073294287 0.010917648 0.0067207795 0.0028761004 0.00043413001 -0.001849282 -0.0041326941 -0.0064161062 -0.0086995182 -0.0070193339 0.0025981802 -0.0038063172 -0.01159982 -0.019393323 -0.027186826 -0.029113803 -0.017506458 -0.0058991138 0.0057082308 0.017315575 0.022112254 0.025061047 0.031468976 0.024037969 0.014763336 0.0054887019 -0.0037859318 -0.011044622 -0.014417216 -0.01778981 -0.021162404 -0.024534998 -0.028852737 -0.034002618 -0.040061269 -0.047265828 -0.054470386 -0.061674945 -0.068879504 -0.07036946 -0.066538513 -0.058858465 -0.051178418 -0.04349837 -0.035818322 -0.0319599 -0.023259343 -0.0097569219 0.0037454994 0.017247921 0.028959331
-9999 -0.0070286602 -0.0034404412 0.00014777773 0.0020365482 -0.0030195785 -0.0080757052 -0.011920384 -0.014366897 -0.01681341 -0.019140557 -0.021423969 -0.023707381 -0.022027197 -0.012409683 -0.0027921688 -0.004412956 -0.012206459 -0.019999962 -0.021926939 -0.010319594 0.0012877502 0.012895095 0.014958224 0.016616416 0.01956521 0.025973139 0.032381067 0.028925685 0.019651052 0.010376418 0.0031177278 -0.00025486626 -0.0036274603 -0.0070640322 -0.011617034 -0.016170036 -0.021319916 -0.027323715 -0.033327514 -0.040308037 -0.047512595 -0.054717154 -0.056207111 -0.053588913 -0.050826088 -0.04314604 -0.035465993 -0.027785945 -0.023927522 -0.020729581 -0.013984489 -0.00048206769 0.013020354 0.024731764
-9999 -0.010622092 -0.0070338732 -0.0077038099 -0.012759937 -0.017816063 -0.02287219 -0.026716869 -0.029163382 -0.031609895 -0.034056408 -0.036431832 -0.038715244 -0.03703506 -0.027417546 -0.017800032 -0.0081825177 -0.0050195948 -0.012813098 -0.014740075 -0.0031327304 0.0061460029 0.007804195 0.0094623871 0.011120579 0.014069373 0.020477301 0.02688523 0.033293159 0.033813401 0.024538768 0.017280078 0.013907483 0.010171671 0.005618669 0.001065667 -0.003487335 -0.0086372151 -0.014641014 -0.020644813 -0.026648612 -0.033350246 -0.040554804 -0.042044761 -0.039426563 -0.036808365 -0.034190167 -0.027433615 -0.019753568 -0.015895145 -0.012697203 -0.0094992613 -0.0047096348 0.0087927865 0.020504197
-9999 -0.014215524 -0.017444168 -0.022500295 -0.027556421 -0.032612548 -0.037668675 -0.041513354 -0.043959867 -0.04640638 -0.048852893 -0.051299405 -0.053723107 -0.052042923 -0.042425409 -0.032807895 -0.023190381 -0.013572867 -0.0056262337 -0.0075532111 -0.0010080264 0.00065016571 0.0023083578 0.0039665499 0.005624742 0.0085735354 0.014981464 0.021389393 0.027797322 0.03420525 0.038701117 0.031442427 0.027407374 0.022854372 0.01830137 0.013748368 0.0091953662 0.0040454861 -0.0019583129 -0.0079621118 -0.013965911 -0.01996971 -0.026392455 -0.027882411 -0.025264213 -0.022646015 -0.020027817 -0.017409619 -0.01172119 -0.0078627676 -0.0046648257 -0.0014668838 0.001731058 0.0049289999 0.01627663
-9999 -0.024371159 -0.029427285 -0.034483412 -0.039539539 -0.044595665 -0.049651792 -0.055156405 -0.057736462 -0.060182975 -0.062629488 -0.065076001 -0.067522514 -0.06539885 -0.055518379 -0.045900864 -0.03628335 -0.026665836 -0.017048322 -0.0098375876 -0.0081793955 -0.0065212034 -0.0048630113 -0.0032048192 -0.0015466271 0.0062738065 0.011967704 0.018375633 0.024783561 0.03119149 0.037599419 0.040263452 0.03571045 0.031157448 0.026604446 0.022051444 0.017498442 0.015743316 0.010013241 0.0040094423 -0.0019943566 -0.0079981556 -0.014001955 -0.016783198 -0.014165 -0.011546802 -0.0089286036 -0.0063104056 -0.0036922075 -0.0027807833 0.00041715854 0.0036151004 0.0068130423 0.010010984 0.014164132
-9999 -0.031714259 -0.036770386 -0.041826512 -0.046882639 -0.051891757 -0.056784783 -0.062283532 -0.068481365 -0.072277493 -0.074724006 -0.077170519 -0.079617032 -0.077493368 -0.066217662 -0.055835647 -0.046218133 -0.036600619 -0.026983105 -0.01977237 -0.018114178 -0.016455986 -0.014797794 -0.012364754 0.0010666022 0.011673145 0.01470848 0.0194555 0.025863429 0.032271358 0.038679286 0.04134332 0.036790318 0.032237316 0.027684314 0.023723561 0.022543153 0.021142654 0.019427283 0.014808119 0.0088043201 0.0028005212 -0.0032032778 -0.00642506 -0.0076468857 -0.0054995427 -0.0028813446 -0.0002631466 0.0023550514 0.0013775202 0.00063313208 0.003831074 0.0070290159 0.010226958 0.014380105
-9999 -0.039057359 -0.044113486 -0.049169612 -0.054125857 -0.059018883 -0.063911909 -0.069410659 -0.075608492 -0.081806324 -0.086818524 -0.089265037 -0.09171155 -0.089587886 -0.07831218 -0.067036474 -0.056152915 -0.046535401 -0.036917887 -0.029707153 -0.028048961 -0.026390769 -0.020396771 -0.0069654154 0.0064659406 0.017072483 0.020107818 0.023143153 0.026943297 0.033351225 0.039759154 0.042423187 0.037870185 0.033317183 0.030303308 0.0291229 0.027942492 0.026541993 0.024826621 0.02311125 0.019602997 0.013599198 0.007595399 0.0043736168 0.003151791 0.0019299653 0.0031659143 0.0057841124 0.0084023104 0.0074247792 0.0058258083 0.0042268373 0.0072449894 0.010442931 0.014596079
-9999 -0.046400459 -0.051456586 -0.056359958 -0.061252984 -0.06614601 -0.071039036 -0.076537785 -0.082735618 -0.088933451 -0.095131284 -0.10132912 -0.10380607 -0.1016824 -0.090406698 -0.079130992 -0.067855285 -0.056579579 -0.04685267 -0.039641935 -0.037983743 -0.028428789 -0.014997433 -0.001566077 0.011865279 0.022471822 0.025507156 0.028542491 0.031577826 0.03461316 0.040839022 0.043503055 0.038950053 0.036883054 0.035702646 0.034522238 0.03334183 0.031941331 0.03022596 0.028510589 0.026795218 0.024397875 0.018394076 0.015172294 0.013950468 0.012728642 0.011506816 0.011831371 0.014449569 0.013472038 0.011873067 0.010274096 0.0086751253 0.010658905 0.014812053
-9999 -0.053701033 -0.058594059 -0.063487085 -0.068380111 -0.073273137 -0.078166162 -0.083664912 -0.089862745 -0.096060578 -0.10225841 -0.10845624 -0.11465408 -0.11377692 -0.10250122 -0.09122551 -0.079949803 -0.068674097 -0.057398391 -0.049576718 -0.036460806 -0.02302945 -0.0095980946 0.0038332614 0.017264617 0.02787116 0.030906495 0.033941829 0.036977164 0.040012499 0.043047833 0.044643208 0.0434628 0.042282392 0.041101984 0.039921577 0.038741169 0.037340669 0.035625298 0.033909927 0.032194556 0.030479185 0.028763814 0.02597097 0.024749145 0.023527319 0.022305493 0.021083667 0.020496828 0.019519297 0.017920326 0.016321355 0.014722384 0.013123413 0.015028026
-9999 -0.055502309 -0.060395335 -0.065288361 -0.070181387 -0.075074413 -0.082705588 -0.091437596 -0.097635429 -0.10383326 -0.11003109 -0.11622893 -0.12242676 -0.12120349 -0.10684904 -0.095573336 -0.084297629 -0.073021923 -0.061746217 -0.049818675 -0.036387319 -0.022955963 -0.0095246068 0.0039067491 0.017906879 0.03047902 0.034207771 0.037243105 0.04027844 0.043313775 0.046349109 0.047944484 0.046764076 0.045583668 0.04440326 0.043222853 0.042601672 0.04209445 0.040379079 0.038663708 0.036948337 0.035232966 0.035489845 0.032999719 0.030221971 0.029000145 0.027778319 0.026556493 0.025334668 0.023791273 0.022192302 0.020593331 0.01899436 0.016430814 0.011209264
-9999 -0.055502309 -0.060395335 -0.065288361 -0.070181387 -0.079768851 -0.090696608 -0.099428617 -0.10562645 -0.11182428 -0.11802212 -0.12421995 -0.13041778 -0.12919451 -0.11311004 -0.097301124 -0.086025418 -0.074749712 -0.063474005 -0.051546463 -0.038115107 -0.024683751 -0.011252395 0.0034498952 0.01920272 0.031774862 0.035821975 0.039834788 0.042870122 0.045905457 0.048940792 0.050536167 0.049355759 0.048175351 0.046994943 0.046799856 0.047137116 0.046629894 0.044914523 0.043199152 0.041483781 0.042718261 0.044776707 0.042286581 0.036526545 0.032671695 0.031449869 0.030228043 0.029006218 0.027462823 0.025863852 0.024264881 0.020130621 0.011247449 0.0060258994
-9999 -0.055502309 -0.060395335 -0.065904356 -0.076832114 -0.087759871 -0.098687629 -0.10741964 -0.11361747 -0.1198153 -0.12601314 -0.13221097 -0.1384088 -0.13718553 -0.12110107 -0.1050166 -0.088932139 -0.0764775 -0.065201794 -0.053274251 -0.039842895 -0.026411539 -0.011007088 0.0047457364 0.020498561 0.033070703 0.037117816 0.041164929 0.045212042 0.04849714 0.051532474 0.053127849 0.051947441 0.050767033 0.050998041 0.051335301 0.05167256 0.051165339 0.049449967 0.047888233 0.049946678 0.052005123 0.054063569 0.051573443 0.045813407 0.040053372 0.035121419 0.033899594 0.032677768 0.031134373 0.029535402 0.023830428 0.014947256 0.0060640842 0.00084253456
-9999 -0.055502309 -0.062967619 -0.073895377 -0.084823134 -0.095750892 -0.10667865 -0.11541066 -0.12160849 -0.12780632 -0.13400416 -0.14020199 -0.14639982 -0.14517655 -0.12909209 -0.11300762 -0.09692316 -0.080838697 -0.066929582 -0.055002039 -0.041216897 -0.025464072 -0.0097112472 0.0060415776 0.021794402 0.034366544 0.038413657 0.04246077 0.046507883 0.050554996 0.054124157 0.055719531 0.054858967 0.055196226 0.055533485 0.055870745 0.056208004 0.055700783 0.055116649 0.057175095 0.05923354 0.061291985 0.063350431 0.060860305 0.055100269 0.049340234 0.043580198 0.037820162 0.036349318 0.034805923 0.027530235 0.018647063 0.0097638913 0.00088071935 -0.0043408303
-9999 -0.056521848 -0.067449605 -0.078377363 -0.089305121 -0.10023288 -0.11116064 -0.12036281 -0.12656064 -0.13275848 -0.13895631 -0.14515414 -0.15135198 -0.15067311 -0.13458864 -0.11850418 -0.10241972 -0.086335253 -0.07025079 -0.054266609 -0.038513784 -0.022760959 -0.0070081342 0.0087446907 0.024497516 0.034322895 0.038370008 0.042417121 0.046464234 0.050511347 0.054558459 0.057338408 0.057675667 0.058012927 0.058350186 0.058687445 0.059024705 0.060762961 0.062821406 0.064879852 0.066938297 0.068996742 0.071055188 0.069059974 0.063299938 0.057539903 0.051779867 0.046019831 0.040259796 0.033247347 0.024364175 0.015481003 0.0065978313 -0.0022853407 -0.0089196444
-9999 -0.034538499 -0.045466257 -0.056394014 -0.067321772 -0.07824953 -0.089623503 -0.099829116 -0.10859348 -0.11479132 -0.12098915 -0.12718698 -0.13338482 -0.13337651 -0.12094007 -0.10518734 -0.08910288 -0.073018417 -0.056933953 -0.040949772 -0.025196948 -0.0094441228 0.0063087021 0.022061527 0.031584844 0.03502405 0.02945927 0.03227096 0.036318073 0.040365186 0.044412298 0.047192247 0.047529506 0.047866766 0.048204025 0.048541284 0.052437186 0.056204292 0.058593839 0.060652285 0.06271073 0.064769175 0.066827621 0.06636842 0.063299938 0.057539903 0.051779867 0.046019831 0.040259796 0.040471381 0.036412741 0.027529569 0.018646397 0.0097632255 0.0019546601
-9999 -0.01255515 -0.023482908 -0.034410666 -0.045440169 -0.056857229 -0.068274289 -0.078479902 -0.087287349 -0.096094795 -0.10302199 -0.10921982 -0.11541766 -0.11540935 -0.10297291 -0.090536473 -0.075786044 -0.05970158 -0.043617117 -0.027632936 -0.011880111 0.0038727135 0.019625538 0.026688662 0.03348725 0.036926455 0.031361675 0.025796895 0.026171912 0.030219025 0.034266137 0.037046086 0.037383345 0.037720605 0.038343599 0.043065231 0.047786863 0.051553968 0.053955487 0.056357007 0.058483163 0.060541608 0.062600054 0.062140853 0.059871748 0.057539903 0.051779867 0.046019831 0.040259796 0.040471381 0.041715025 0.039578135 0.030694964 0.021811792 0.014003226
-9999 0.0094281986 -0.0014995591 -0.012673895 -0.024090955 -0.035508015 -0.046925076 -0.057130688 -0.065938135 -0.074745581 -0.083553028 -0.091252662 -0.097450495 -0.097442194 -0.085005754 -0.072569313 -0.060132872 -0.046384744 -0.030300281 -0.0143161 0.0014367249 0.014993892 0.02179248 0.028591067 0.035389655 0.03882886 0.03326408 0.0276993 0.02213452 0.020072864 0.024119977 0.026899925 0.027237184 0.028971644 0.033693275 0.038414907 0.043136539 0.046903644 0.049305164 0.051706683 0.054108203 0.056314041 0.058372487 0.057913286 0.055644181 0.053375076 0.051105971 0.046019831 0.040259796 0.040471381 0.041715025 0.042958669 0.04274353 0.033860358 0.026051792
-9999 0.031411547 0.020092379 0.0086753188 -0.0027417415 -0.014158802 -0.025575862 -0.035781475 -0.044588921 -0.053396368 -0.062203814 -0.071011261 -0.079483335 -0.079475034 -0.067038594 -0.054602153 -0.042165712 -0.029729271 -0.016983444 -0.0009992637 0.01009771 0.016896297 0.023694885 0.030493472 0.03729206 0.040731266 0.035166485 0.029601705 0.024036925 0.018472145 0.013973816 0.016753764 0.019599688 0.02432132 0.029042952 0.033764583 0.038486215 0.04225332 0.04465484 0.047056359 0.049457879 0.051859399 0.05414492 0.053685719 0.051416614 0.049147509 0.046878404 0.044609299 0.040259796 0.040471381 0.041715025 0.042958669 0.044202314 0.045445958 0.038100359
-9999 0.047853375 0.036436315 0.025019254 0.013602194 0.0021851339 -0.0092319264 -0.012019423 -0.02082687 -0.029634316 -0.038441763 -0.047249209 -0.056056656 -0.066199845 -0.056436939 -0.044000498 -0.031564057 -0.019127617 -0.006691176 0.0040404625 0.01083905 0.017637638 0.024436225 0.031234813 0.0380334 0.043542086 0.039318454 0.033753674 0.028188893 0.022624113 0.017059333 0.015008054 0.019729686 0.024451318 0.02917295 0.033894581 0.038616213 0.040848536 0.043250055 0.045651575 0.048053094 0.050454614 0.052504509 0.054586793 0.052317688 0.050048583 0.047779478 0.045510373 0.043241268 0.043967275 0.045210919 0.046454563 0.047698207 0.048941851 0.049844145
-9999 0.056242747 0.044825687 0.033408626 0.021991566 0.015407565 0.018180279 0.015577195 0.0067697487 -0.0020376978 -0.010845144 -0.021053051 -0.036547633 -0.047654917 -0.049976386 -0.045104363 -0.032667922 -0.020231481 -0.0077950407 0.0029365977 0.0097351853 0.016533773 0.02333236 0.030247688 0.038041191 0.043762859 0.043931489 0.041480727 0.035915946 0.030351166 0.024786386 0.022735108 0.027456739 0.032178371 0.036900003 0.040934829 0.042621126 0.044601676 0.047003195 0.049404715 0.051806234 0.052575998 0.050517552 0.053413863 0.059872085 0.059100274 0.056831169 0.054562064 0.052292959 0.053018966 0.05426261 0.055506254 0.056749898 0.059675297 0.061103565
