P1_models/J1_p1_tot_conduct_slide_2.19.dat.tif
NCOLS 118
NROWS 92
XLLCORNER 139.62
YLLCORNER -39.07
DX 0.099491525
DY 0.099347826
NODATA_VALUE -9999
[rows 26 to 51 of 92, columns 57 to 113 of 118]
-3.0757845 -3.3507839 -3.6216219 -3.8078097 -3.9491924 -3.9824674 -3.977231 -3.8784149 -3.7623414 -3.62115 -3.4994967 -3.4639423 -3.4581223 -3.5515088 -3.6763894 -3.8477359 -3.9947275 -4.1273828 -4.1376229 -4.1190825 -3.9337747 -3.7324047 -3.4560393 -3.1993531 -2.9769603 -2.8794653 -2.8352469 -2.930958 -3.0446175 -3.2026335 -3.3445854 -3.410913 -3.4196371 -3.3669651 -3.2840979 -3.1872235 -3.1619813 -3.1740651 -3.2735566 -3.3922312 -3.5502471 -3.6178276 -3.6690306 -3.5802828 -3.4360406 -3.2019428 -2.96166 -2.6983001 -2.4837292 -2.3105294 -2.2051854 -2.1054428 -2.0644757 -2.0381004 -2.0457185 -2.0808332 -2.1498034
-3.1937465 -3.4671139 -3.7158427 -3.8925181 -4.0088011 -4.0316959 -4.0037238 -3.8910347 -3.7557183 -3.5915516 -3.4531344 -3.3902976 -3.3720209 -3.4438759 -3.5619749 -3.7222668 -3.8688869 -4.0015423 -4.0117824 -3.9932419 -3.7997861 -3.5933177 -3.3169524 -3.0594826 -2.8312502 -2.7382874 -2.7027831 -2.8084564 -2.9320233 -3.1119091 -3.2678563 -3.3673478 -3.3883524 -3.3603419 -3.2962126 -3.2203395 -3.2086346 -3.2269995 -3.3089337 -3.4087891 -3.5303776 -3.580554 -3.6160451 -3.522406 -3.3780155 -3.1673275 -2.9407872 -2.6983001 -2.4792214 -2.3014426 -2.1375742 -2.0004008 -1.898896 -1.8203345 -1.8003701 -1.8179274 -1.8977729
-3.2878923 -3.5385222 -3.7627544 -3.8976852 -3.9980847 -3.9876164 -3.9500886 -3.8100889 -3.6655077 -3.4959596 -3.3447182 -3.2746051 -3.2410443 -3.3036195 -3.4021459 -3.5522446 -3.6777436 -3.8054788 -3.815719 -3.7837885 -3.5903328 -3.3857188 -3.126091 -2.8916022 -2.685009 -2.616661 -2.5882762 -2.7176502 -2.8487234 -3.0367011 -3.196412 -3.2959035 -3.3409035 -3.3225255 -3.2854237 -3.2212478 -3.2224095 -3.2407744 -3.3205135 -3.393011 -3.4980539 -3.503554 -3.5258601 -3.4048512 -3.2660476 -3.0553597 -2.8367455 -2.6036482 -2.3988817 -2.2006175 -2.0343246 -1.8836716 -1.758821 -1.6621936 -1.6142945 -1.6204774 -1.6454126
-3.397501 -3.6106553 -3.7985838 -3.9015167 -3.9591171 -3.9258365 -3.8577634 -3.7088796 -3.5375331 -3.3675317 -3.2136516 -3.1403421 -3.0982318 -3.1535049 -3.2407057 -3.373361 -3.4839121 -3.5889309 -3.5806023 -3.5417506 -3.3495176 -3.1509566 -2.9022278 -2.6925941 -2.5228732 -2.4817629 -2.4872902 -2.6260586 -2.7833396 -2.9764702 -3.1314731 -3.2309647 -3.2746196 -3.2746196 -3.2435023 -3.2068371 -3.2146818 -3.2430866 -3.3191684 -3.3883031 -3.4585324 -3.4505937 -3.4256441 -3.290561 -3.1265979 -2.91591 -2.6993135 -2.4769207 -2.27989 -2.0914504 -1.9217295 -1.7791471 -1.6386885 -1.5388767 -1.468772 -1.4570671 -1.4618257
-3.4347564 -3.6260177 -3.7489099 -3.8249457 -3.8411416 -3.787435 -3.6963231 -3.5438229 -3.3698837 -3.2092245 -3.0588784 -3.0012781 -2.9609311 -3.0106924 -3.0926368 -3.2119208 -3.3028248 -3.3840261 -3.3672033 -3.2995903 -3.1171892 -2.9252041 -2.7262211 -2.538242 -2.4235254 -2.4228197 -2.4686625 -2.6240815 -2.7895488 -2.9764432 -3.1187632 -3.1937092 -3.2322985 -3.2249457 -3.2017583 -3.1695816 -3.1988438 -3.2306681 -3.3067499 -3.3613261 -3.4150677 -3.3768698 -3.3387147 -3.1806988 -3.0148316 -2.7991512 -2.5945002 -2.3837821 -2.2081502 -2.0231487 -1.8824853 -1.766947 -1.6448977 -1.5606583 -1.4936089 -1.4584372 -1.3808301
-3.4839258 -3.6091751 -3.7091136 -3.7351341 -3.734058 -3.65895 -3.5542221 -3.4066988 -3.229825 -3.0920619 -2.952078 -2.9068374 -2.8799552 -2.9354821 -3.0046252 -3.1172089 -3.1821862 -3.2485139 -3.206028 -3.1185712 -2.9329342 -2.7549963 -2.5712822 -2.4389443 -2.3514407 -2.4058995 -2.4832817 -2.6575892 -2.8347616 -3.0161873 -3.128213 -3.1907971 -3.2008594 -3.1886959 -3.1603271 -3.1347358 -3.1702433 -3.2145404 -3.2906222 -3.3451984 -3.3861655 -3.3451511 -3.2862752 -3.1337468 -2.9531486 -2.743647 -2.561631 -2.362648 -2.1976452 -2.0377686 -1.9107117 -1.8337835 -1.7284395 -1.6824721 -1.6149818 -1.5717974 -1.4106829
-3.4908515 -3.5826823 -3.6379554 -3.6424094 -3.6109911 -3.5261928 -3.4162285 -3.2715798 -3.1168152 -2.9937939 -2.8858462 -2.8544278 -2.8468392 -2.9131669 -2.9913788 -3.085343 -3.141354 -3.1745178 -3.0998246 -2.9993538 -2.8114254 -2.6291557 -2.4688638 -2.359466 -2.3302038 -2.4107345 -2.5433898 -2.7284355 -2.9193424 -3.0715059 -3.1811985 -3.2143623 -3.2074826 -3.1665155 -3.132494 -3.1016199 -3.142587 -3.1946708 -3.2707526 -3.3253289 -3.366296 -3.3252815 -3.2664056 -3.1200946 -2.9574179 -2.7701398 -2.5907878 -2.4152146 -2.2588062 -2.1227975 -2.0233059 -1.9505093 -1.8919849 -1.8762806 -1.8496578 -1.7969858 -1.6270655
-3.3993918 -3.4836368 -3.5272153 -3.5402255 -3.5178574 -3.4613053 -3.3716927 -3.269855 -3.1335448 -3.0642792 -2.971399 -2.9818717 -2.9793756 -3.0599966 -3.136023 -3.2262774 -3.2541352 -3.2660572 -3.1850602 -3.0405546 -2.8249896 -2.6421419 -2.4918874 -2.3991343 -2.3967269 -2.4971171 -2.641542 -2.83222 -3.0242667 -3.166947 -3.2458033 -3.2456726 -3.2190026 -3.1604607 -3.1167657 -3.0826433 -3.117758 -3.1698937 -3.2498417 -3.3210232 -3.3721913 -3.3661439 -3.3213293 -3.2364111 -3.0742925 -2.9294661 -2.7808968 -2.6118377 -2.449726 -2.3143224 -2.202544 -2.1465121 -2.1019133 -2.1513435 -2.1284209 -2.1152097 -1.9268697
-3.3082337 -3.3818362 -3.4218456 -3.4531467 -3.4374376 -3.4208229 -3.3527498 -3.2952966 -3.1958051 -3.1583757 -3.1107516 -3.1346231 -3.167161 -3.2534605 -3.329096 -3.4172316 -3.4205414 -3.4094868 -3.2896186 -3.1171234 -2.882048 -2.6742938 -2.5181356 -2.4343943 -2.4463011 -2.5671375 -2.7274294 -2.9265678 -3.1209447 -3.2496984 -3.3151365 -3.3025 -3.24333 -3.1672483 -3.1079002 -3.065349 -3.0911615 -3.1413111 -3.2232453 -3.3094267 -3.3738036 -3.4050094 -3.3961067 -3.345319 -3.245319 -3.1232827 -2.997996 -2.8399801 -2.6534216 -2.5078265 -2.3857054 -2.2972458 -2.273836 -2.3502701 -2.3894591 -2.4006082 -2.2769716
-3.1670055 -3.236126 -3.3024537 -3.3467301 -3.3833848 -3.3897282 -3.3949646 -3.366706 -3.334892 -3.331587 -3.3293168 -3.3816807 -3.4387117 -3.5382033 -3.6205163 -3.686844 -3.6766554 -3.615855 -3.4547095 -3.2495871 -2.9898037 -2.753772 -2.5768982 -2.4807566 -2.498314 -2.6239648 -2.8002845 -3.0040933 -3.2070461 -3.3197214 -3.3813684 -3.3537319 -3.2861654 -3.1808214 -3.1125967 -3.0521026 -3.0638075 -3.1015719 -3.1835061 -3.2761931 -3.3738036 -3.4399435 -3.4888313 -3.5005362 -3.4592102 -3.3948334 -3.2710098 -3.118154 -2.8963731 -2.7062181 -2.5247923 -2.4310785 -2.3864302 -2.4964978 -2.5866845 -2.6920285 -2.581196
-3.0363374 -3.1171224 -3.2023554 -3.2915466 -3.3577046 -3.4230837 -3.4534737 -3.4975375 -3.4908024 -3.5381612 -3.5517555 -3.6314919 -3.6955374 -3.7950289 -3.8678491 -3.9193639 -3.8743545 -3.7963827 -3.6177009 -3.3472585 -3.0288888 -2.7791478 -2.5766455 -2.4715236 -2.4829027 -2.6207722 -2.8024659 -3.0276919 -3.2334548 -3.3527688 -3.4352071 -3.4109851 -3.3343774 -3.2246697 -3.124236 -3.0546893 -3.0351177 -3.0693749 -3.1450711 -3.2439743 -3.3488748 -3.4783381 -3.5530579 -3.642105 -3.624453 -3.6020509 -3.4969362 -3.3433486 -3.0409437 -2.8323757 -2.5839831 -2.3999153 -2.332638 -2.4629185 -2.5767792 -2.7429002 -2.7725762
-2.9207373 -3.006631 -3.1061226 -3.2189492 -3.3236772 -3.4240756 -3.5026215 -3.5750285 -3.6303015 -3.6887454 -3.7446798 -3.8293399 -3.915646 -4.0148047 -4.0774075 -4.1160986 -4.0489288 -3.9383827 -3.6963535 -3.4091489 -3.0754315 -2.7727008 -2.5603148 -2.4367546 -2.4426071 -2.5852921 -2.7787479 -3.0213762 -3.2475095 -3.3879681 -3.492544 -3.4704348 -3.39803 -3.2809812 -3.1718515 -3.0734068 -3.0392981 -3.0459581 -3.1161875 -3.1997647 -3.3168135 -3.4564812 -3.5926411 -3.7106302 -3.7775843 -3.7834368 -3.6919453 -3.5339293 -3.1996771 -2.8892692 -2.5907946 -2.3420167 -2.2191154 -2.336741 -2.5043716 -2.720912 -2.8221097
-2.8478823 -2.9353763 -3.0514498 -3.1744529 -3.3104308 -3.4259303 -3.5423606 -3.6328708 -3.716403 -3.7930508 -3.8638972 -3.952916 -4.0414866 -4.1354508 -4.1922942 -4.1978215 -4.1159724 -3.9714986 -3.7037296 -3.3826561 -3.0178538 -2.6932225 -2.4610757 -2.3313788 -2.3430837 -2.4963328 -2.712516 -2.9833352 -3.2408863 -3.4132815 -3.5339019 -3.5449565 -3.4790108 -3.3670826 -3.2462146 -3.1330155 -3.0686387 -3.0575609 -3.0809707 -3.1581442 -3.2704512 -3.4265809 -3.5793947 -3.7491155 -3.8418675 -3.8945395 -3.8045395 -3.6465235 -3.2561197 -2.9070668 -2.4915433 -2.1980538 -1.993927 -2.08659 -2.2431518 -2.5357739 -2.7001558
-2.852669 -2.9356903 -3.0469566 -3.1656281 -3.2972079 -3.4082203 -3.5244598 -3.6071982 -3.699759 -3.7637723 -3.8405128 -3.9180871 -4.0042216 -4.0883761 -4.1411209 -4.144433 -4.0455817 -3.8940231 -3.604235 -3.2784604 -2.9090794 -2.5732884 -2.3481898 -2.2186916 -2.237422 -2.4188092 -2.6459169 -2.9573162 -3.2326194 -3.4228075 -3.5968465 -3.6292391 -3.5861584 -3.4807002 -3.3514995 -3.2303784 -3.1347433 -3.0985568 -3.0982491 -3.1240667 -3.2268175 -3.368464 -3.5307541 -3.7086481 -3.8332045 -3.9023801 -3.8395686 -3.68426 -3.2845763 -2.8802841 -2.436149 -2.0592148 -1.8177474 -1.8394391 -2.0077184 -2.2954375 -2.5250586
-2.898491 -2.9778891 -3.082908 -3.1853315 -3.3057686 -3.3982566 -3.4977481 -3.5622073 -3.6340623 -3.6843603 -3.742181 -3.8150067 -3.8884199 -3.9658022 -4.0128623 -4.0128623 -3.9183037 -3.7580117 -3.4617029 -3.144711 -2.7819827 -2.4463093 -2.225217 -2.1078673 -2.1371296 -2.3267825 -2.586566 -2.9079952 -3.2284552 -3.4684053 -3.6533139 -3.708587 -3.6900352 -3.6022485 -3.4795339 -3.3469948 -3.2387256 -3.155934 -3.1208193 -3.1276151 -3.191992 -3.3181022 -3.4620581 -3.6413691 -3.7866632 -3.8744499 -3.8234137 -3.6888075 -3.2988724 -2.8634293 -2.383529 -2.0038774 -1.6819931 -1.6658147 -1.7722625 -2.0531798 -2.2701197
-3.0356377 -3.1116539 -3.1955022 -3.2691703 -3.3322613 -3.3844781 -3.424893 -3.438603 -3.4618594 -3.4589027 -3.4904998 -3.532391 -3.5965354 -3.6683904 -3.7208943 -3.7413116 -3.6647673 -3.5328233 -3.2571433 -2.9857544 -2.6651706 -2.3480115 -2.1545558 -2.0499893 -2.1106368 -2.3089142 -2.5799428 -2.9170897 -3.2483247 -3.5108666 -3.719324 -3.8077609 -3.8008809 -3.7347123 -3.6231927 -3.4993282 -3.3705744 -3.2817746 -3.2045736 -3.1656503 -3.1787456 -3.2598714 -3.3759567 -3.5222678 -3.6608227 -3.7655283 -3.7480158 -3.6490684 -3.3256471 -2.9097916 -2.4573418 -2.0600936 -1.7084858 -1.6080291 -1.6861611 -1.876289 -2.0796987
-3.2005 -3.3088713 -3.3802859 -3.4315906 -3.4438534 -3.4483404 -3.4037455 -3.2868566 -3.275802 -3.2700911 -3.2097534 -3.2497211 -3.2635933 -3.3375474 -3.3937856 -3.4327281 -3.3807601 -3.3096996 -3.0815781 -2.876624 -2.5560402 -2.327555 -2.141257 -2.0815555 -2.1477865 -2.3571606 -2.6231457 -2.9602926 -3.2829539 -3.5572418 -3.7581718 -3.849913 -3.8820915 -3.8292478 -3.7224391 -3.6309006 -3.5025051 -3.3967324 -3.3072623 -3.2592663 -3.2116728 -3.2175598 -3.3064639 -3.4466375 -3.5376046 -3.6429485 -3.6254361 -3.6049025 -3.3814079 -3.0082191 -2.5977335 -2.239224 -1.8857928 -1.7134131 -1.7162328 -1.8505288 -2.0014161
-3.4335231 -3.5262956 -3.5760414 -3.5680122 -3.5365939 -3.4482778 -3.3540227 -3.2197208 -3.0925927 -2.991967 -2.9115526 -2.9063162 -2.9229286 -3.0058382 -3.0887428 -3.1550705 -3.1704015 -3.1372376 -2.9816585 -2.815012 -2.5941819 -2.3864303 -2.2427203 -2.181565 -2.2517944 -2.4429533 -2.7027367 -3.0062578 -3.3230884 -3.5864483 -3.7804202 -3.8799117 -3.9142709 -3.8908611 -3.8218917 -3.7393601 -3.6267306 -3.5134405 -3.4080965 -3.3228043 -3.2525749 -3.2378193 -3.238926 -3.3187774 -3.4097445 -3.5150885 -3.5610555 -3.5669079 -3.4045976 -3.1629619 -2.8235202 -2.5071603 -2.1618662 -1.9516737 -1.8371514 -1.8781185 -1.9603525
-3.6751445 -3.7639276 -3.799574 -3.7604638 -3.6794064 -3.5366811 -3.3788596 -3.1733142 -2.9932449 -2.8233673 -2.7183784 -2.6764872 -2.6869775 -2.7698871 -2.8697694 -2.9812118 -3.0405809 -3.0627268 -2.9380185 -2.8708951 -2.7327125 -2.5513707 -2.4574065 -2.395746 -2.4566992 -2.6112138 -2.8331307 -3.0832437 -3.3727623 -3.6012255 -3.7568093 -3.836447 -3.8782416 -3.8660241 -3.8205181 -3.7517786 -3.6815493 -3.5755329 -3.4841928 -3.3892376 -3.3022489 -3.2405409 -3.2202983 -3.2320031 -3.3166059 -3.4068095 -3.4945961 -3.542071 -3.5121442 -3.2933559 -3.0812429 -2.8329478 -2.5220021 -2.2501723 -2.1227764 -2.0450508 -2.0496271
-3.8713588 -3.9952531 -4.0306544 -3.9692464 -3.8685683 -3.6708962 -3.4771496 -3.2191204 -2.9814462 -2.7743456 -2.6176227 -2.5580221 -2.5429552 -2.6199097 -2.727066 -2.851458 -2.9682131 -3.0234862 -2.9790135 -2.9631955 -2.8777147 -2.7573852 -2.681335 -2.6380568 -2.6923533 -2.7961979 -2.9896536 -3.1710703 -3.4165364 -3.6155194 -3.6976951 -3.7612536 -3.7834321 -3.7771306 -3.7512265 -3.7022659 -3.6574813 -3.5816139 -3.5036092 -3.4424881 -3.3429966 -3.2650518 -3.2072333 -3.1993261 -3.2403879 -3.3208458 -3.4193162 -3.5071029 -3.5435047 -3.4561384 -3.2978164 -3.1346376 -2.8537203 -2.565434 -2.3522938 -2.2259503 -2.1508739
-4.0554367 -4.2071951 -4.2514136 -4.1944348 -4.0687613 -3.860614 -3.6145034 -3.3365549 -3.049135 -2.8206913 -2.6176227 -2.5390767 -2.4965929 -2.5629205 -2.6608342 -2.7990168 -2.9232171 -3.0392906 -3.0731887 -3.0890361 -3.0392903 -2.9891968 -2.939451 -2.9228539 -2.9579685 -3.0485448 -3.1646183 -3.3100074 -3.4571049 -3.5624489 -3.6380864 -3.6601957 -3.6575915 -3.6341817 -3.6119284 -3.5896717 -3.5662619 -3.5387238 -3.5036092 -3.4434048 -3.367323 -3.2849837 -3.2072333 -3.1779711 -3.1828431 -3.2413675 -3.3434862 -3.4663875 -3.5544419 -3.5881524 -3.529628 -3.371951 -3.1612631 -2.8616742 -2.5889716 -2.3782836 -2.2995
-4.1240141 -4.2916226 -4.3635087 -4.3252799 -4.2180331 -4.0277298 -3.7946107 -3.525023 -3.2414026 -3.0127633 -2.8061767 -2.7066851 -2.6512094 -2.6741678 -2.7550435 -2.8668769 -2.9841838 -3.0948381 -3.1343607 -3.1890829 -3.1946103 -3.1586787 -3.1444442 -3.1234248 -3.1507579 -3.2034412 -3.2954321 -3.3631534 -3.4878536 -3.5543951 -3.5441683 -3.5114674 -3.4830028 -3.4357252 -3.3994942 -3.3735644 -3.3794169 -3.3530581 -3.35715 -3.3626386 -3.3178122 -3.2755221 -3.20668 -3.1717822 -3.1763934 -3.2134202 -3.2942028 -3.4104269 -3.5287229 -3.5641578 -3.5595831 -3.4589201 -3.2672345 -2.9620432 -2.6884933 -2.4378011 -2.3114851
-4.0960707 -4.3047492 -4.3908751 -4.4041123 -4.3098572 -4.1729145 -3.9529859 -3.7276331 -3.4512677 -3.2460174 -3.0377804 -2.9348233 -2.8490323 -2.8525472 -2.8667044 -2.9640631 -3.0363383 -3.1413571 -3.2055709 -3.2529252 -3.2709363 -3.2809269 -3.2799674 -3.2893404 -3.3135297 -3.3522823 -3.4130827 -3.4508613 -3.5084416 -3.5201465 -3.4529937 -3.3962246 -3.3020064 -3.2317771 -3.1649869 -3.1276238 -3.1334762 -3.1449667 -3.171564 -3.2454882 -3.2396358 -3.245033 -3.21 -3.1869131 -3.176639 -3.202558 -3.2457563 -3.3511002 -3.4483792 -3.5302825 -3.5473208 -3.4574087 -3.2935403 -2.9986949 -2.7017427 -2.4314217 -2.2857505
-3.9567102 -4.1722855 -4.3104681 -4.3457174 -4.3247718 -4.216961 -4.0860511 -3.8926866 -3.6897025 -3.5095236 -3.3358239 -3.2258596 -3.1338294 -3.0896109 -3.0786464 -3.0897011 -3.1312535 -3.1699447 -3.2209184 -3.2595484 -3.2927122 -3.3206661 -3.3483026 -3.3754418 -3.4164089 -3.4533628 -3.4925609 -3.5098443 -3.5283112 -3.4695892 -3.3867619 -3.2706884 -3.1478799 -3.0015688 -2.9144598 -2.8362035 -2.8420559 -2.8652122 -2.9529988 -3.0443697 -3.1336648 -3.1780591 -3.21 -3.21 -3.2091812 -3.2091812 -3.2369229 -3.2848684 -3.3544331 -3.4097753 -3.4214802 -3.3378461 -3.2008157 -2.9158864 -2.6254668 -2.3386971 -2.1874957
-3.6418552 -3.8598869 -4.0373176 -4.1053551 -4.1509454 -4.080932 -4.0380166 -3.9752203 -3.8151005 -3.6560444 -3.5642152 -3.4635804 -3.3896048 -3.3210709 -3.2731754 -3.2203725 -3.2140072 -3.1757233 -3.1958139 -3.1907151 -3.2252718 -3.2617313 -3.3065001 -3.376658 -3.4386625 -3.4780729 -3.5218763 -3.5345252 -3.5199733 -3.4433526 -3.337943 -3.1888261 -2.9959323 -2.8210326 -2.7188604 -2.5796093 -2.5799679 -2.6002122 -2.716288 -2.8258045 -3.0242643 -3.1894069 -3.2506304 -3.2749419 -3.3144783 -3.2949032 -3.3131983 -3.2586271 -3.2185491 -3.2665217 -3.2405719 -3.136549 -3.0074132 -2.7651183 -2.4746986 -2.1915449 -2.0425319
-3.2749421 -3.5242827 -3.7238394 -3.8611811 -3.9240179 -3.9562104 -3.924792 -3.9056913 -3.8338363 -3.7920734 -3.715097 -3.6521456 -3.5685796 -3.4767303 -3.3657934 -3.282858 -3.1916937 -3.1419479 -3.1284733 -3.1088705 -3.1475616 -3.197411 -3.2702972 -3.3496475 -3.426247 -3.4829622 -3.5271807 -3.5206194 -3.5037644 -3.4042729 -3.2707908 -3.0980797 -2.8930482 -2.6823603 -2.51573 -2.3756064 -2.3593954 -2.3946746 -2.5305555 -2.7711706 -2.9818585 -3.1955519 -3.3528619 -3.4378549 -3.4661002 -3.4330705 -3.3197892 -3.2612648 -3.1565762 -3.1118625 -3.0592132 -2.9308481 -2.8020943 -2.5772052 -2.3177012 -2.0375013 -1.8256645
