P1_models/J1_p1__temp2_slide_220.dat.tif
NCOLS 118
NROWS 92
XLLCORNER 139.62
YLLCORNER -39.07
DX 0.099491525
DY 0.099347826
NODATA_VALUE -9999
[rows 0 to 26 of 92, columns 0 to 59 of 118]
-9999 -9999 -9999 -9999 -9999 -9999 -9999 -9999 -9999 -9999 -9999 -9999 -9999 -9999 -9999 -9999 -9999 -9999 -9999 -9999 -9999 -9999 -9999 -9999 -9999 -9999 -9999 -9999 -9999 -9999 -9999 -9999 -9999 -9999 -9999 -9999 -9999 -9999 -9999 -9999 -9999 -9999 -9999 -9999 -9999 -9999 -9999 -9999 -9999 -9999 -9999 -9999 -9999 -9999 -9999 -9999 -9999 -9999 -9999 -9999
-9999 1049.2096 1050.1157 1051.0219 1051.9281 1052.8343 1053.9185 1053.5112 1052.3429 1052.1409 1051.939 1051.7371 1051.5352 1050.5381 1048.306 1046.4837 1044.6613 1042.839 1041.0166 1038.5699 1034.6828 1030.7956 1026.9085 1023.0214 1019.8364 1021.4675 1026.1507 1033.3455 1040.5402 1047.735 1054.9297 1057.7408 1052.1015 1046.4622 1040.8229 1035.1835 1033.0135 1034.4472 1030.6633 1029.4519 1028.2405 1027.0292 1025.8178 1037.8744 1048.7725 1056.2546 1063.7368 1071.2189 1078.701 1082.4523 1093.6379 1104.8236 1116.0093 1127.195 1133.8104 1131.2193 1137.9794 1144.7395 1151.4996 1158.2597
-9999 1053.9393 1054.8455 1055.7517 1056.6579 1057.8806 1059.3015 1058.8942 1056.3769 1054.5857 1054.3838 1054.1819 1053.98 1052.9829 1050.3935 1047.971 1046.1486 1044.3263 1042.5039 1040.0572 1036.1701 1032.283 1028.3958 1026.4655 1027.6336 1029.2646 1032.1367 1035.837 1043.0318 1050.2266 1057.4213 1060.2324 1054.593 1048.9537 1043.3144 1044.131 1051.6259 1053.0596 1045.8218 1040.7929 1039.5815 1038.3701 1037.1587 1049.2154 1070.8103 1084.3303 1091.8125 1099.2946 1106.7767 1110.1597 1112.8342 1122.984 1134.1697 1145.3554 1151.9708 1142.7554 1137.5286 1144.2887 1151.0488 1157.8089
-9999 1058.6691 1059.5753 1060.4815 1061.8426 1063.2636 1064.6845 1064.2772 1061.7599 1059.2426 1056.8286 1056.6267 1056.4247 1055.4277 1052.8382 1050.2488 1047.6594 1045.8136 1043.9913 1041.5445 1037.6574 1033.7703 1033.0946 1034.2627 1035.4307 1037.0618 1039.9339 1042.806 1045.6781 1052.7181 1059.9129 1062.7239 1057.0846 1051.4453 1055.2485 1062.7434 1070.2383 1071.672 1064.4342 1057.1963 1050.9225 1049.7111 1048.4997 1060.5564 1082.1513 1103.7462 1119.8882 1127.3703 1134.8524 1138.2354 1140.9099 1143.5845 1152.3301 1163.5158 1170.1312 1160.9158 1151.7004 1143.8379 1150.598 1157.3581
-9999 1063.3989 1064.3838 1065.8047 1067.2256 1068.6466 1070.0675 1069.6602 1067.1429 1064.6256 1062.1083 1059.591 1058.8695 1057.8725 1055.283 1052.6936 1050.1042 1047.5147 1045.4786 1043.0319 1039.1447 1039.7238 1040.8918 1042.0598 1043.2278 1044.8589 1047.731 1050.6031 1053.4752 1056.3473 1062.4044 1065.2155 1059.5762 1066.366 1073.8609 1081.3558 1088.8507 1090.2844 1083.0466 1075.8087 1068.5709 1061.333 1059.8407 1071.8973 1093.4922 1115.0871 1136.682 1155.446 1162.9281 1166.3111 1168.9856 1171.6601 1174.3347 1181.6761 1188.2916 1179.0762 1169.8607 1160.6453 1151.4299 1156.9073
-9999 1068.3458 1069.7668 1071.1877 1072.6086 1074.0296 1075.4505 1075.0432 1072.5259 1070.0086 1067.4913 1064.974 1062.4567 1060.3172 1057.7278 1055.1384 1052.5489 1049.9595 1047.3701 1045.1848 1046.3529 1047.5209 1048.6889 1049.857 1051.025 1052.6561 1055.5282 1058.4003 1061.2724 1064.1445 1067.0166 1069.9886 1077.4835 1084.9784 1092.4733 1099.9682 1107.4631 1108.8968 1101.659 1094.4211 1087.1833 1079.9454 1072.7076 1083.2383 1104.8332 1126.4281 1148.023 1169.6179 1191.0038 1194.3868 1197.0613 1199.7358 1202.4104 1205.0849 1206.4519 1197.2365 1188.0211 1178.8057 1169.5903 1160.3749
-9999 1069.778 1071.1989 1072.6198 1074.0408 1075.4617 1076.8864 1076.4826 1073.9653 1071.448 1068.9308 1066.4135 1063.9582 1062.0795 1060.8058 1058.2163 1055.6269 1053.0375 1050.448 1048.9948 1050.1628 1051.3309 1052.4989 1053.6669 1055.0446 1055.8447 1055.0147 1057.8868 1060.7589 1063.631 1066.5031 1070.9542 1078.4491 1085.944 1093.4389 1100.9339 1113.2692 1120.476 1113.2381 1106.0003 1098.7625 1091.5246 1087.4966 1089.0661 1102.6549 1124.2498 1145.8447 1167.4396 1189.0345 1194.4971 1197.1717 1199.8462 1202.5207 1205.0192 1204.4858 1195.2704 1186.055 1176.8396 1167.6242 1162.5698
-9999 1070.5842 1072.0051 1073.426 1074.847 1076.2736 1077.7011 1077.2973 1074.78 1072.2627 1069.7454 1067.3308 1064.9508 1063.0721 1062.1973 1061.3224 1058.8052 1056.2158 1053.6263 1052.1731 1053.3411 1054.5092 1055.6772 1057.2097 1058.9412 1059.7412 1058.0448 1056.3484 1058.9288 1061.8009 1064.673 1069.1241 1076.619 1084.1139 1091.6088 1106.4307 1123.7341 1130.9409 1123.7031 1116.4652 1109.2274 1106.3543 1104.0889 1105.6584 1109.9848 1119.9296 1141.5245 1163.1194 1184.7143 1190.177 1192.8515 1195.526 1197.8914 1199.8645 1199.3312 1190.1158 1180.9004 1171.685 1167.8991 1165.3684
-9999 1071.3904 1072.8113 1074.2334 1075.6608 1077.0883 1078.5157 1078.112 1075.5947 1073.0834 1070.7034 1068.3234 1065.9435 1064.0648 1063.1899 1062.315 1061.4402 1059.394 1056.8046 1055.3514 1056.5194 1057.6874 1059.3748 1061.1063 1062.8377 1063.6378 1061.9414 1060.245 1058.5486 1059.9708 1062.8429 1067.294 1074.7889 1082.2887 1099.5921 1116.8956 1134.199 1141.4058 1134.168 1127.4772 1125.2119 1122.9466 1120.6813 1122.2508 1126.5771 1130.9034 1137.2044 1158.7993 1180.3942 1185.8568 1188.5313 1190.7636 1192.7367 1194.7098 1194.1765 1184.9611 1175.759 1173.2284 1170.6977 1168.1671
-9999 1072.1966 1073.6206 1075.048 1076.4755 1077.9029 1079.3304 1078.9266 1076.456 1074.076 1071.696 1069.3161 1066.9361 1065.0574 1064.1825 1063.3077 1062.4328 1061.558 1059.9829 1058.5297 1059.8084 1061.5398 1063.2713 1065.0028 1066.7343 1067.5343 1065.8379 1064.1415 1062.4451 1060.7487 1061.0127 1065.4639 1075.4502 1092.7536 1110.0571 1127.3605 1144.6639 1151.8707 1146.3349 1144.0696 1141.8043 1139.539 1137.2736 1138.8432 1143.1695 1147.4958 1151.8221 1156.1484 1176.074 1181.5367 1183.6358 1185.6089 1187.582 1189.5552 1189.0218 1181.0883 1178.5577 1176.027 1173.4964 1170.9657
-9999 1072.5926 1074.0201 1075.4476 1076.875 1078.3025 1079.7299 1079.247 1076.867 1074.487 1072.1071 1069.7271 1067.3471 1065.7504 1064.8755 1064.0007 1063.1258 1062.2509 1061.3761 1061.2893 1063.0208 1064.7523 1066.4838 1068.2153 1069.9468 1071.8657 1070.1693 1068.4728 1066.7764 1065.08 1063.3836 1068.1769 1085.4803 1102.7838 1120.0872 1137.3906 1154.6941 1163.0925 1160.8272 1158.5619 1156.2966 1154.0312 1151.7659 1153.054 1157.3803 1161.7066 1166.033 1170.3593 1174.6856 1177.0055 1178.9786 1180.9517 1182.9249 1184.898 1186.1728 1183.6422 1181.1115 1178.5809 1176.0502 1173.5196
-9999 1070.2716 1071.6991 1073.1265 1074.554 1075.9815 1076.6422 1075.8464 1073.4664 1071.0864 1068.7065 1066.3265 1064.5783 1063.5372 1063.5346 1062.7298 1061.855 1060.9801 1060.1053 1060.0185 1061.75 1063.4815 1065.213 1066.9444 1069.154 1072.1404 1076.6203 1075.6536 1073.9572 1072.2608 1070.5644 1075.3577 1092.6611 1109.9646 1127.268 1144.5714 1157.6628 1163.8215 1161.5562 1159.2908 1157.0255 1154.7602 1152.9031 1153.3549 1155.9837 1160.31 1164.6363 1168.9626 1173.2889 1175.6088 1177.5819 1179.5551 1181.5282 1184.5954 1187.1224 1184.5918 1182.0611 1179.5305 1176.9998 1176.3817
-9999 1067.9506 1069.3781 1070.8055 1072.0882 1072.6649 1073.2416 1072.4458 1070.0658 1067.6858 1065.3379 1063.7783 1062.2188 1061.1777 1061.1751 1061.1724 1060.5842 1059.7093 1058.8344 1058.7477 1060.4792 1062.2107 1063.9421 1066.3249 1068.7541 1071.7406 1076.2204 1080.7002 1081.138 1079.4416 1077.7452 1082.5385 1099.8419 1117.1453 1134.298 1146.3449 1158.3918 1164.5504 1162.2851 1160.0198 1157.8211 1155.9863 1154.1516 1154.6034 1156.699 1158.9133 1163.2396 1167.5659 1171.8922 1174.2121 1176.1853 1178.1584 1181.5579 1185.545 1188.072 1185.5414 1183.0107 1180.6465 1180.207 1179.7674
-9999 1065.6296 1067.0571 1068.1109 1068.6876 1069.2643 1069.841 1069.0452 1066.6652 1064.538 1062.9784 1061.4188 1059.8593 1058.8182 1058.8156 1058.8129 1058.8103 1058.4385 1057.5636 1057.4769 1059.2083 1061.0665 1063.4958 1065.925 1068.3543 1071.3407 1075.8205 1080.3003 1084.7801 1086.6224 1084.9259 1089.7192 1107.0227 1122.98 1135.0269 1147.0739 1159.1208 1165.2794 1163.0141 1160.9043 1159.0696 1157.2348 1155.4 1155.8519 1157.9475 1160.0431 1162.1387 1166.1693 1170.4956 1172.8155 1174.7886 1178.5203 1182.5075 1186.4946 1189.0216 1186.491 1184.4717 1184.0322 1183.5927 1183.1531
-9999 1063.3086 1064.1335 1064.7103 1065.287 1065.8637 1066.4404 1065.6446 1063.738 1062.1785 1060.6189 1059.0593 1057.4997 1056.4587 1056.4561 1056.4534 1056.4507 1056.4481 1056.2928 1056.206 1058.2374 1060.6666 1063.0959 1065.5251 1067.9544 1070.9408 1075.4206 1079.9005 1084.3803 1088.8601 1092.1067 1096.9 1111.6621 1123.709 1135.7559 1147.8028 1159.8497 1166.0084 1163.9876 1162.1528 1160.318 1158.4833 1156.6485 1157.1003 1159.1959 1161.2915 1163.3871 1165.4828 1169.0989 1171.4957 1175.4828 1179.4699 1183.4571 1187.4442 1189.9712 1188.297 1187.8574 1187.4179 1186.9784 1186.5388
-9999 1060.1897 1060.7664 1061.3431 1061.9198 1062.4966 1063.0733 1062.332 1060.7725 1059.2129 1057.6533 1056.0937 1054.5342 1053.8506 1053.9021 1053.8994 1053.8968 1053.8941 1053.8915 1054.6242 1057.0534 1059.4827 1061.912 1064.3412 1066.7705 1072.9321 1078.7344 1083.2142 1087.694 1092.1738 1096.6537 1103.7181 1115.7651 1127.812 1139.8589 1151.9058 1163.9527 1168.7626 1166.9279 1165.0931 1163.2583 1161.4236 1159.5888 1160.6278 1162.7234 1164.819 1166.9146 1169.0102 1171.1058 1165.3333 1169.3204 1173.3075 1177.2947 1181.2818 1186.4375 1187.2897 1186.8502 1186.4106 1185.9711 1185.5316
-9999 1056.9002 1057.4769 1058.0536 1058.6304 1059.0863 1058.8582 1057.9972 1056.4057 1054.839 1053.2795 1051.7199 1050.1603 1049.4767 1050.5472 1050.8936 1050.891 1050.8883 1050.8857 1051.6184 1054.0476 1056.4769 1058.9062 1061.3354 1063.1996 1069.1519 1086.175 1095.1571 1099.6369 1104.1167 1108.5965 1115.661 1127.7079 1139.7548 1151.8017 1163.5221 1167.8073 1171.1299 1173.0751 1171.9646 1170.1298 1168.2951 1166.4603 1167.8496 1171.5463 1173.6419 1175.7375 1177.8331 1179.9287 1161.0549 1146.6323 1150.6195 1154.6066 1158.5937 1163.7494 1172.9531 1175.6353 1175.1957 1174.7562 1174.3167
-9999 1053.6107 1054.1874 1054.7642 1054.9819 1054.7538 1054.5258 1053.6648 1052.0733 1050.4818 1048.9056 1047.3461 1045.7865 1045.1029 1046.1734 1047.2439 1047.8852 1047.8825 1047.8799 1048.6126 1051.0418 1053.4711 1055.7759 1057.5976 1059.4193 1065.3716 1082.3947 1099.4179 1111.5798 1116.0596 1120.5394 1127.6039 1139.6508 1151.6977 1161.4505 1165.7357 1170.0209 1173.3434 1175.2886 1177.2339 1177.0013 1175.1665 1173.3318 1174.7211 1178.4281 1182.1351 1184.5604 1186.6561 1188.7517 1169.8779 1147.38 1127.9314 1131.9185 1135.9056 1141.0614 1150.265 1159.4687 1163.9809 1163.5413 1163.1018
-9999 1050.3213 1050.898 1050.8775 1050.6494 1050.4214 1050.1934 1049.3324 1047.7409 1046.1493 1044.5578 1042.9722 1041.4127 1040.729 1041.7996 1042.8701 1043.9406 1044.8767 1044.8741 1045.6068 1048.036 1050.174 1051.9957 1053.8173 1055.639 1061.5913 1078.6144 1095.6376 1112.6608 1128.0025 1132.4823 1139.5468 1151.5937 1159.3788 1163.664 1167.9492 1172.2344 1175.557 1177.5022 1179.4474 1181.3927 1182.038 1180.2033 1181.5926 1185.2996 1189.0066 1192.7136 1195.479 1197.5746 1178.7008 1156.2029 1133.705 1111.2072 1113.2175 1118.3733 1127.577 1136.7806 1145.9843 1152.3264 1151.8869
-9999 1047.0011 1046.7731 1046.5451 1046.317 1046.089 1045.861 1045 1043.4085 1041.8169 1040.2254 1038.6339 1037.0423 1036.3552 1037.4257 1038.4963 1039.5668 1040.6373 1041.7078 1042.601 1044.572 1046.3937 1048.2154 1050.0371 1051.8587 1057.811 1074.8342 1091.8573 1108.8805 1125.9037 1142.9268 1151.4897 1157.3071 1161.5923 1165.8776 1170.1628 1174.448 1177.7705 1179.7157 1181.661 1183.6062 1185.5514 1187.0748 1188.464 1192.1711 1195.8781 1199.5851 1203.2921 1206.3975 1187.5237 1165.0259 1142.528 1120.0301 1097.5322 1095.6852 1104.8889 1114.0925 1123.2962 1132.4999 1140.672
-9999 1047.8495 1047.6215 1047.3935 1047.1655 1046.9375 1045.5245 1041.5359 1039.9443 1038.3528 1036.7612 1035.1697 1033.7209 1033.7729 1034.1715 1035.242 1036.3125 1037.3831 1038.4536 1039.7513 1041.573 1043.3946 1045.2163 1047.038 1048.8597 1063.245 1075.6176 1092.6407 1109.6639 1126.6871 1143.7102 1156.3825 1160.6678 1164.953 1169.2382 1173.5234 1177.4633 1179.172 1181.1172 1183.0624 1185.0077 1186.9529 1187.8134 1182.6342 1185.1187 1188.8257 1192.5327 1196.2398 1199.9468 1181.3104 1158.8126 1136.3147 1113.8168 1091.3189 1085.7315 1094.9352 1104.1388 1113.3425 1122.5462 1133.6302
-9999 1052.6059 1052.3779 1052.1499 1051.9219 1048.781 1042.7153 1038.7266 1037.1351 1035.5436 1033.952 1033.0915 1033.4875 1033.5395 1032.9028 1032.8323 1033.9028 1034.9734 1036.0439 1037.3415 1039.1632 1040.9849 1042.8066 1048.8705 1066.2251 1080.6359 1087.1565 1096.8666 1113.8898 1130.9129 1147.9361 1160.6084 1164.8936 1169.1788 1173.4641 1176.7089 1178.2522 1179.9608 1181.9061 1183.8513 1185.7965 1185.7705 1183.8986 1178.7194 1171.1626 1171.2703 1174.9773 1178.6844 1182.3914 1163.755 1141.2572 1118.7593 1097.5918 1089.5567 1085.3836 1094.5872 1103.7909 1112.9946 1125.3828 1141.4592
-9999 1057.3624 1057.1344 1056.9064 1052.0376 1045.9718 1039.9061 1035.9174 1034.3259 1032.7343 1032.4621 1032.8581 1033.2541 1033.3062 1032.6694 1032.0327 1031.4931 1032.5636 1033.6342 1034.9318 1036.7535 1038.5752 1048.9068 1066.2614 1083.6161 1098.0269 1104.5475 1111.068 1118.1156 1135.1388 1152.162 1164.8343 1169.1195 1173.4047 1175.9544 1177.4977 1179.041 1180.7497 1182.6949 1184.6402 1183.7275 1181.8557 1179.9839 1174.8047 1167.2479 1159.6911 1157.4219 1161.129 1164.836 1146.1996 1123.7018 1105.2788 1097.2438 1089.2088 1085.0356 1094.2393 1103.443 1117.1355 1133.2119 1149.2883
-9999 1062.1188 1061.3598 1055.2941 1049.2283 1043.1626 1037.0969 1033.1082 1031.5167 1031.8327 1032.2288 1032.6248 1033.0208 1033.0728 1032.4361 1031.7993 1031.1626 1030.5258 1031.2245 1032.5221 1034.3438 1048.9431 1066.2977 1083.6524 1101.007 1115.4178 1121.9384 1128.459 1134.9795 1141.5001 1156.3879 1169.0602 1173.3454 1175.2 1176.7433 1178.2866 1179.8299 1181.5386 1183.4838 1181.6846 1179.8128 1177.941 1176.0692 1170.89 1163.3332 1155.7764 1148.2195 1143.5736 1147.2806 1128.6443 1112.9659 1104.9309 1096.8959 1088.8609 1084.6877 1093.8914 1108.8881 1124.9645 1141.0409 1157.1173
-9999 1064.6163 1058.5506 1052.4848 1046.4191 1040.3534 1034.2877 1030.8074 1031.2034 1031.5994 1031.9954 1032.3914 1032.7874 1032.8395 1032.2027 1031.566 1030.9292 1030.2925 1029.6557 1031.6248 1048.9794 1066.334 1083.6887 1101.0433 1118.398 1132.8088 1139.3293 1145.8499 1152.3705 1158.8911 1165.4116 1172.9023 1174.4456 1175.9889 1177.5322 1179.0755 1180.6188 1181.5135 1179.6417 1177.7699 1175.8981 1174.0263 1172.1545 1166.9753 1159.4185 1151.8616 1144.3048 1136.748 1129.7252 1120.653 1112.618 1104.583 1096.548 1088.513 1084.5643 1100.6407 1116.7171 1132.7935 1148.8699 1164.9463
-9999 1076.9675 1070.9018 1064.8361 1058.7704 1052.7047 1039.4425 1028.5354 1027.7857 1028.1817 1028.5777 1028.9737 1029.3697 1032.439 1038.4761 1037.8393 1037.2026 1036.5658 1035.9291 1040.7327 1058.0873 1075.442 1092.7966 1110.1512 1124.4899 1133.502 1142.9916 1149.5122 1156.0328 1162.5533 1169.0739 1173.8944 1175.4377 1176.981 1178.5243 1180.0676 1188.58 1195.4442 1190.3525 1188.4807 1186.6089 1184.737 1182.8652 1185.5287 1183.8288 1176.272 1168.7152 1161.1583 1153.6015 1133.751 1123.6839 1115.6489 1107.6139 1099.5789 1096.7023 1111.9386 1128.015 1144.0914 1160.1678 1176.2443
-9999 1092.2244 1086.1587 1080.093 1074.0273 1056.9046 1037.7967 1026.8896 1025.4475 1024.1536 1024.5496 1024.9457 1025.3417 1028.4109 1036.8336 1045.2562 1044.723 1044.0863 1043.4495 1048.2531 1065.6077 1082.9624 1100.317 1112.2288 1120.7506 1129.7627 1140.0889 1150.4151 1157.0639 1163.5844 1170.105 1174.9255 1176.4688 1178.0121 1179.5554 1191.881 1208.4661 1215.3302 1208.2873 1201.9945 1200.1227 1198.2509 1196.3791 1199.0425 1204.9663 1206.111 1198.5542 1190.9974 1183.4405 1163.59 1141.6148 1128.9023 1120.8673 1112.8323 1109.9557 1124.9473 1139.9778 1156.0542 1172.1306 1188.207
