P1_models/J1_p1_vp_slide_diff2_30.dat.tif
NCOLS 118
NROWS 92
XLLCORNER 139.62
YLLCORNER -39.07
DX 0.099491525
DY 0.099347826
NODATA_VALUE -9999
[rows 25 to 49 of 92, columns 0 to 56 of 118]
-9999 0.25491214 0.25773509 0.26055804 0.26338099 0.26620394 0.27564902 0.28919602 0.29164627 0.27817218 0.26469809 0.251224 0.23774992 0.22438477 0.2160224 0.2210459 0.22606939 0.23109288 0.23611637 0.24312757 0.25472446 0.26632136 0.27791826 0.28951516 0.30690467 0.32733182 0.33186424 0.35736341 0.38286259 0.40836176 0.43386093 0.45139067 0.4535579 0.45572513 0.45789236 0.46005959 0.46893489 0.47097724 0.45602525 0.447505 0.43898476 0.43046451 0.42194426 0.40939604 0.3933061 0.37671981 0.36013353 0.34354725 0.32696096 0.31556553 0.29800319 0.27923536 0.26046753 0.24169969 0.22405311 0.21124785 0.20172899
-9999 0.23663256 0.23945551 0.24227846 0.24510141 0.25809885 0.27292309 0.28647008 0.29854297 0.30855507 0.29508098 0.28160689 0.26813281 0.25476766 0.24162069 0.22847371 0.23328944 0.23831293 0.24333643 0.25034762 0.26194452 0.27354141 0.28513831 0.30718889 0.33575042 0.35617757 0.35480256 0.35342756 0.37802139 0.40352056 0.42901973 0.44654947 0.4487167 0.45088393 0.45305116 0.46559682 0.48224243 0.48428477 0.46543507 0.44808397 0.43956372 0.43104347 0.42252322 0.409975 0.39453113 0.37868225 0.36209597 0.34550968 0.3289234 0.31752797 0.30702966 0.29103661 0.27226878 0.25350095 0.23585437 0.22209167 0.20848105
-9999 0.21835299 0.22117594 0.22572444 0.24054868 0.25537292 0.27019715 0.28374415 0.29581703 0.30788992 0.31996281 0.31198978 0.2985157 0.28515055 0.27200358 0.2588566 0.24570962 0.24553298 0.25055648 0.25756767 0.26916457 0.28076146 0.3074731 0.33603463 0.36459616 0.38502332 0.38364831 0.38227331 0.3808983 0.39867936 0.42417853 0.44170828 0.44387551 0.44604273 0.46225875 0.47890436 0.49554996 0.49759231 0.47874261 0.45989291 0.44104321 0.43162244 0.42310219 0.41055397 0.39511009 0.37966621 0.3640584 0.34747212 0.33088583 0.3194904 0.30899209 0.29849378 0.28407003 0.2653022 0.24765562 0.23389292 0.22013022
-9999 0.20007341 0.20817427 0.22299851 0.23782274 0.25264698 0.26747122 0.28101821 0.2930911 0.30516399 0.31723688 0.32930977 0.32889859 0.31553344 0.30238647 0.28923949 0.27609251 0.26294554 0.25777653 0.26478772 0.27919579 0.30775732 0.33631885 0.36488038 0.39344191 0.41386907 0.41249406 0.41111905 0.40974405 0.40836904 0.41933733 0.43686708 0.44227507 0.45892068 0.47556629 0.49221189 0.5088575 0.51089984 0.49205014 0.47320044 0.45435075 0.43550105 0.42368115 0.41113293 0.39568906 0.38024518 0.3648013 0.34935742 0.33284827 0.32145284 0.31095453 0.30045622 0.28995791 0.27710345 0.25945687 0.24569418 0.23193148
-9999 0.19161407 0.20643831 0.22126255 0.23608678 0.25091102 0.26573526 0.27769976 0.28977265 0.30184554 0.31391843 0.32599132 0.33806421 0.34632834 0.33318136 0.32003439 0.30688741 0.29374043 0.28059346 0.28005851 0.30862004 0.33718157 0.3657431 0.39430463 0.42286616 0.44116261 0.43978761 0.4384126 0.43703759 0.43566259 0.43428758 0.43906783 0.45571343 0.47235904 0.48900465 0.50565025 0.52229586 0.52225989 0.50341019 0.48456049 0.46571079 0.44686109 0.4280114 0.41128845 0.39584457 0.38040069 0.36495682 0.34951294 0.33406906 0.32122562 0.31072731 0.300229 0.28973069 0.27923238 0.26883973 0.25507703 0.24131433
-9999 0.19802793 0.21285216 0.2276764 0.24250064 0.25732488 0.25863949 0.26587988 0.28157646 0.29364935 0.30572223 0.31779512 0.32986801 0.34461464 0.36471557 0.35422103 0.34107405 0.32792708 0.3147801 0.31424515 0.34280668 0.37136821 0.39992974 0.42849127 0.43448123 0.43574202 0.45220584 0.45292795 0.45155295 0.45017794 0.44880293 0.45358318 0.47022878 0.48687439 0.50352 0.5201656 0.52227447 0.51482283 0.49873788 0.47988818 0.46103849 0.44218879 0.42333909 0.40711542 0.39251409 0.37707022 0.36162634 0.34618246 0.33073858 0.30881725 0.29247416 0.28197585 0.27147754 0.26097923 0.25120452 0.24393631 0.23078811
-9999 0.20444178 0.21926602 0.23409025 0.2459654 0.24578893 0.24561245 0.25285284 0.26865323 0.28445363 0.29752604 0.30959893 0.32167182 0.33641844 0.35651938 0.37662031 0.3752607 0.36211372 0.34896674 0.3484318 0.37699333 0.40555486 0.43411638 0.43104695 0.4266355 0.42789629 0.44436011 0.46082394 0.4660683 0.46469329 0.46331828 0.46809853 0.48474414 0.50138974 0.51705134 0.51554177 0.5140322 0.50658056 0.49062795 0.47467534 0.45636618 0.43751648 0.41866678 0.40244311 0.38810725 0.37373974 0.35829586 0.34285198 0.32740811 0.30548677 0.28244595 0.26372269 0.25322438 0.24272607 0.23295137 0.22568316 0.21841495
-9999 0.21085563 0.22567987 0.23311484 0.23293837 0.23276189 0.23258542 0.2398258 0.2556262 0.27142659 0.28722699 0.30140273 0.31347562 0.32822225 0.34832318 0.36842412 0.38852505 0.39630036 0.38315339 0.38261844 0.41117997 0.43202413 0.42761268 0.42320122 0.41878977 0.42005056 0.43651438 0.45297821 0.46944203 0.47920864 0.47783364 0.48261388 0.49925949 0.51031864 0.50880907 0.5072995 0.50578992 0.49833828 0.48238567 0.46643307 0.45048046 0.43284417 0.41399447 0.3977708 0.38343495 0.36909909 0.35476323 0.33952151 0.32407763 0.30215629 0.27911548 0.25607466 0.23497123 0.22447292 0.21469821 0.20743 0.20016179
-9999 0.21726949 0.22026428 0.22008781 0.21991133 0.21973486 0.21955838 0.22679877 0.24259916 0.25839956 0.27419995 0.29000035 0.30527943 0.32002605 0.34012699 0.36022792 0.38032886 0.4004298 0.41734003 0.41680508 0.42858986 0.4241784 0.41976695 0.41535549 0.41094404 0.41220483 0.42866865 0.44513248 0.4615963 0.47806012 0.49234899 0.49712923 0.50358594 0.50207637 0.50056679 0.49905722 0.49754765 0.49009601 0.4741434 0.45819079 0.44223818 0.42628557 0.40932217 0.39309849 0.37876264 0.36442678 0.35009093 0.33575507 0.32074715 0.29882582 0.275785 0.25274418 0.22970337 0.20666255 0.19644506 0.18917685 0.18190864
-9999 0.21405552 0.21387904 0.21370257 0.21352609 0.21334962 0.21317314 0.22290261 0.23851585 0.25431625 0.27011665 0.28591704 0.30171744 0.31626316 0.3350847 0.35518564 0.37528658 0.39538751 0.41548845 0.42817721 0.42376575 0.4193543 0.41494284 0.41053139 0.40611993 0.409744 0.42355784 0.44002166 0.45648548 0.47294931 0.48941313 0.49973783 0.49822826 0.49671868 0.49520911 0.49369954 0.49218996 0.47996398 0.46391243 0.44795982 0.43200721 0.4160546 0.400102 0.37977728 0.36544142 0.35110557 0.33676971 0.32243385 0.308098 0.29116863 0.26812782 0.245087 0.22204619 0.19900537 0.18148612 0.17630207 0.16903386
-9999 0.21862444 0.21844796 0.21827149 0.21809501 0.22076117 0.23044741 0.24053145 0.25107462 0.26498362 0.28078401 0.29658441 0.3123848 0.32693053 0.33896369 0.35534503 0.37544596 0.3955469 0.41564784 0.42833659 0.42392514 0.41951369 0.41510223 0.41146245 0.41877591 0.42517466 0.42912177 0.43942147 0.45588529 0.47234912 0.48881294 0.49913764 0.49762807 0.49611849 0.49460892 0.49159675 0.48153057 0.46840486 0.45090207 0.43444895 0.41849634 0.40254373 0.38659112 0.36496143 0.33925055 0.32351991 0.30918406 0.2948482 0.28051235 0.26772693 0.25333471 0.2302939 0.20725308 0.18421226 0.16669301 0.1682998 0.16502949
-9999 0.22319336 0.22301688 0.22284041 0.22870378 0.23839001 0.24807625 0.25816029 0.26870346 0.27924662 0.29145138 0.30725177 0.32305217 0.33759789 0.34963106 0.36166423 0.37560535 0.39570629 0.41580723 0.42849598 0.42408453 0.41967307 0.41957965 0.42689311 0.43420657 0.44060532 0.44455243 0.44849955 0.4552851 0.47174893 0.48821275 0.49853745 0.49702788 0.4955183 0.49010381 0.48003763 0.46997145 0.45684574 0.43934295 0.42184017 0.40498547 0.38903286 0.37308025 0.35145056 0.32573968 0.3000288 0.28159841 0.26726255 0.25292669 0.24014128 0.22762382 0.21510637 0.19245997 0.16941916 0.15189991 0.1535067 0.15511348
-9999 0.22776228 0.2275858 0.23664639 0.24633262 0.25601885 0.26570509 0.27578913 0.2863323 0.29687546 0.30741863 0.31796179 0.33371953 0.34826526 0.36029842 0.37233159 0.38436476 0.39639793 0.41596661 0.42865537 0.42424392 0.42769686 0.43501032 0.44232377 0.44963723 0.45603598 0.4599831 0.46393021 0.46787733 0.47182444 0.48761256 0.49793726 0.49642769 0.48861087 0.47854469 0.46847851 0.45841233 0.44528662 0.42778383 0.41028105 0.39277826 0.37552199 0.35956938 0.33793968 0.3122288 0.28651792 0.26080705 0.2396769 0.22534104 0.21255563 0.20003817 0.18752072 0.17500326 0.15462605 0.1371068 0.13871359 0.14032038
-9999 0.23490276 0.24458899 0.25427523 0.26396146 0.27364769 0.28333393 0.29341797 0.30396114 0.3145043 0.32504747 0.33559063 0.3461338 0.35893262 0.37096579 0.38299896 0.39503213 0.40706529 0.41909846 0.42881476 0.43581406 0.44312752 0.45044098 0.45775443 0.46506789 0.47146664 0.47541376 0.47936087 0.48330799 0.4872551 0.49120222 0.49718412 0.48711794 0.47705176 0.46698557 0.45691939 0.44685321 0.4337275 0.41622472 0.39872193 0.38121914 0.36371635 0.34621356 0.32442881 0.29871793 0.27300705 0.24729617 0.22158529 0.19775539 0.18496998 0.17245252 0.15993507 0.14741761 0.13490016 0.12231369 0.12392048 0.12552727
-9999 0.24404268 0.25372891 0.26341514 0.27310138 0.28278761 0.29006413 0.29730273 0.30784589 0.31838906 0.32893222 0.33947539 0.34740672 0.35555173 0.37240249 0.38443565 0.39646882 0.40850199 0.42053516 0.43114116 0.43845461 0.44576807 0.45308153 0.46039498 0.47092355 0.4836648 0.47950439 0.48345151 0.48739862 0.49134574 0.49529285 0.49445348 0.4843873 0.47432112 0.46425494 0.45418876 0.43899745 0.41768515 0.40018236 0.38267957 0.36517678 0.34767399 0.33065691 0.30445735 0.27620637 0.25049549 0.22478461 0.19907373 0.17336285 0.15890122 0.14638377 0.13386631 0.12134886 0.10876633 0.099031664 0.10063845 0.10224524
-9999 0.25031152 0.25999776 0.26968399 0.27937023 0.2849251 0.28930044 0.29653904 0.30708221 0.31762538 0.32816854 0.33347496 0.33592082 0.34406582 0.3636237 0.38275041 0.39478358 0.40681675 0.41884992 0.42945592 0.43676937 0.44408283 0.45139629 0.46589397 0.48633003 0.49907128 0.49118851 0.48370679 0.4876539 0.49160102 0.49554813 0.49470876 0.48464258 0.4745764 0.46451022 0.4454139 0.4214388 0.4001265 0.38262371 0.36512092 0.34761813 0.33084181 0.31426841 0.28806885 0.25494917 0.22493978 0.1992289 0.17351802 0.14780714 0.13334551 0.12082805 0.1083106 0.095622102 0.08261323 0.072878564 0.074485353 0.076092141
-9999 0.25658037 0.26626661 0.27541073 0.27978607 0.28416142 0.28853676 0.29577536 0.30631853 0.31686169 0.31954319 0.32198905 0.32443491 0.33257992 0.3521378 0.37169568 0.39125355 0.40513151 0.41716468 0.42777067 0.43508413 0.44239759 0.46086439 0.48130044 0.5017365 0.51447775 0.50659498 0.49871222 0.49082946 0.4918563 0.49580341 0.49496405 0.48489786 0.47483168 0.45183034 0.42785525 0.40388015 0.38256785 0.36506506 0.34760011 0.33102671 0.31445331 0.29787991 0.27168035 0.23856067 0.20544098 0.17367318 0.1479623 0.12225142 0.10778979 0.095272335 0.082477875 0.069469003 0.056460131 0.046725465 0.048332253 0.049939041
-9999 0.26284922 0.2702717 0.27464705 0.27902239 0.28339774 0.28777308 0.29501168 0.30316556 0.30561142 0.30805729 0.31050315 0.31294901 0.32109401 0.34065189 0.36020977 0.37976765 0.39932553 0.41547944 0.42608543 0.43539874 0.4558348 0.47627086 0.49670691 0.51714297 0.52988422 0.52200146 0.51411869 0.50623593 0.49835316 0.49605869 0.49521933 0.48222189 0.45824679 0.4342717 0.4102966 0.3863215 0.3650092 0.34778501 0.33121161 0.3146382 0.2980648 0.2814914 0.25529184 0.22217216 0.18905248 0.1559328 0.12281312 0.096695705 0.082234074 0.069333648 0.056324776 0.043315904 0.030307032 0.020572366 0.024492562 0.041450538
-9999 0.26781235 0.2721877 0.27656304 0.28093838 0.28531373 0.28968907 0.29307442 0.29552028 0.29796614 0.300412 0.30285786 0.30530372 0.31320924 0.33276712 0.352325 0.37188288 0.39144075 0.41099863 0.43082206 0.45125812 0.47169417 0.49213023 0.51256629 0.53300234 0.54031748 0.53243471 0.52455195 0.51666918 0.50878642 0.50090365 0.48752428 0.46354918 0.43957408 0.41559899 0.39162389 0.36764879 0.34678193 0.33020853 0.31363513 0.29706173 0.28048833 0.26391493 0.23860267 0.20548299 0.17236331 0.13924363 0.10612394 0.073004263 0.058949014 0.045940141 0.032931269 0.019922397 0.0069135246 -0.0023370093 0.014620966 0.031578941
-9999 0.28993859 0.29431394 0.29868928 0.30306462 0.30743997 0.31581474 0.31931969 0.31684117 0.31928703 0.32173289 0.32417875 0.32662461 0.33423514 0.35218822 0.37160017 0.39115805 0.41071592 0.4302738 0.45009723 0.47053329 0.49096934 0.5114054 0.53184146 0.54201428 0.53804093 0.50818403 0.49747692 0.48959415 0.48171139 0.47382862 0.46044925 0.43647415 0.41249905 0.38852395 0.36454886 0.34810768 0.32893632 0.3036723 0.2870989 0.2705255 0.2539521 0.2373787 0.21482028 0.18652616 0.15340647 0.12028679 0.087167111 0.054047429 0.049811037 0.043359634 0.030350762 0.01734189 0.0043330177 -0.0067151753 -0.010971814 0.0037579563
-9999 0.31206483 0.31644018 0.32081552 0.32610281 0.33486377 0.34362474 0.34712968 0.34456851 0.34200734 0.34305378 0.34549964 0.3479455 0.35555603 0.37350911 0.39146219 0.41043322 0.42999109 0.44954897 0.4693724 0.48980845 0.51024451 0.53068057 0.53680018 0.54248397 0.53851061 0.50865371 0.47879681 0.46251912 0.45463636 0.44675359 0.43337421 0.40939912 0.38542402 0.36205385 0.3473608 0.33266776 0.3134964 0.28791815 0.26233991 0.24398927 0.22741587 0.21084247 0.18828406 0.16142309 0.13444964 0.10132996 0.068210277 0.035090596 0.030854204 0.031609628 0.027770255 0.014761383 0.0017525107 -0.0092956822 -0.013552321 -0.017808959
-9999 0.33419107 0.33856642 0.34515184 0.3539128 0.36267377 0.37143473 0.37493967 0.3723785 0.36981733 0.36725616 0.36682053 0.36926639 0.37687692 0.39483 0.41278308 0.43073616 0.44926626 0.46882414 0.48864757 0.50908362 0.52590229 0.53158608 0.53726986 0.54295365 0.5389803 0.5091234 0.4792665 0.44940959 0.42756133 0.41967856 0.40629918 0.38232409 0.36130697 0.34661393 0.33192088 0.31722784 0.29805647 0.27247823 0.24689999 0.22132175 0.20087965 0.18430625 0.16174783 0.13488686 0.1080259 0.08116493 0.049253444 0.016133762 0.01189737 0.012652795 0.01340822 0.012180876 -0.00082799622 -0.011876189 -0.016132827 -0.020389466
-9999 0.35631731 0.36420087 0.37296183 0.3817228 0.39048376 0.39924472 0.40274967 0.40018849 0.39762732 0.39506615 0.39250498 0.39058728 0.39819781 0.41615089 0.43410397 0.45205705 0.47001013 0.48809931 0.50792274 0.52068819 0.52637198 0.53205576 0.53773955 0.54342333 0.53944998 0.50959308 0.47973618 0.44987928 0.42002238 0.39260353 0.37922415 0.36056009 0.34586705 0.33117401 0.31648096 0.30178792 0.28261655 0.25703831 0.23146007 0.20588183 0.18030359 0.15777002 0.1352116 0.10835064 0.08148967 0.054628703 0.027767737 -0.0028230712 -0.0070594634 -0.0063040385 -0.0055486136 -0.0047931886 -0.0040377637 -0.014456696 -0.018713334 -0.022969973
-9999 0.37686192 0.38562289 0.39438385 0.40314481 0.41190577 0.42066674 0.42728175 0.42472058 0.4221594 0.41959823 0.41703706 0.41447589 0.40772976 0.42210487 0.44005795 0.45801103 0.47596411 0.49391719 0.50816022 0.513844 0.51952779 0.52521157 0.53089536 0.53657914 0.53543379 0.50858217 0.47872527 0.44886837 0.41901147 0.38915457 0.36447714 0.3497841 0.33509106 0.32039801 0.30570497 0.29101193 0.26993163 0.24435339 0.21877515 0.19319691 0.16761866 0.14237942 0.12660274 0.099741771 0.072880804 0.046019838 0.019158872 -0.0077020947 -0.011016206 -0.010260781 -0.0095053563 -0.0087499313 -0.0079945064 -0.008425409 -0.012682047 -0.016938686
-9999 0.38813194 0.3968929 0.40565387 0.41441483 0.42520207 0.43991213 0.44660446 0.44404329 0.44148211 0.43892094 0.43458136 0.42352834 0.41555792 0.41376061 0.42159029 0.43954337 0.45749645 0.47544953 0.48969256 0.49537634 0.50106013 0.50674391 0.51227642 0.51667096 0.51524963 0.49824029 0.47536135 0.44550445 0.41564755 0.38579065 0.36111323 0.34642018 0.33172714 0.3170341 0.30148682 0.28301849 0.26162505 0.23604681 0.21046857 0.18489032 0.16088522 0.13960673 0.12550068 0.1165508 0.092762733 0.065901767 0.0390408 0.012179834 0.0088657224 0.0096211473 0.010376572 0.011131997 0.011762131 0.011292044 0.0070354053 0.002778767
