P1_models/J1_p1_vp_slide_diff_80.dat.tif
NCOLS 118
NROWS 92
XLLCORNER 139.62
YLLCORNER -39.07
DX 0.099491525
DY 0.099347826
NODATA_VALUE -9999
[rows 27 to 53 of 92, columns 0 to 59 of 118]
-9999 8.0857421 8.0885602 8.0917883 8.097458 8.1031277 8.1087974 8.1134473 8.1169202 8.1203931 8.123866 8.1261478 8.1281027 8.128974 8.1276753 8.1263766 8.125078 8.1250295 8.1254824 8.1235596 8.1161563 8.108753 8.1058054 8.1034032 8.101001 8.0959774 8.0839278 8.0718782 8.0598286 8.055703 8.0547702 8.0553516 8.0588522 8.0623528 8.065199 8.0680253 8.0708515 8.0723285 8.0718753 8.0714221 8.0709689 8.0691918 8.0672883 8.0640648 8.0598924 8.0557201 8.0524556 8.0546104 8.0567652 8.0588986 8.0610282 8.0631579 8.060438 8.0523515 8.0454493 8.0426495 8.0398497 8.0370499 8.0302624 8.0227494
-9999 8.0864319 8.090504 8.0961737 8.1018434 8.1075131 8.1131829 8.1178328 8.1213057 8.1247786 8.1282515 8.1317244 8.1344555 8.1353268 8.1340281 8.1327294 8.1314307 8.130132 8.1296024 8.1276796 8.121105 8.1187028 8.1163006 8.1138983 8.1114961 8.1064725 8.0944229 8.0823733 8.0703237 8.0582741 8.0513304 8.0519119 8.0552615 8.0580877 8.060914 8.0637402 8.0665664 8.0680435 8.0675903 8.0671371 8.0666839 8.0662307 8.0647904 8.0615669 8.0573946 8.0532222 8.0490499 8.0448775 8.0466051 8.0487384 8.0508681 8.0529977 8.0551274 8.0543463 8.0474441 8.0446443 8.0418445 8.0390447 8.0362449 8.0303518
-9999 8.0886259 8.0942956 8.0999653 8.105635 8.1113047 8.1169745 8.1218864 8.1253593 8.1288322 8.1323051 8.135778 8.1392509 8.14095 8.1396513 8.1383526 8.1370539 8.1357552 8.1344565 8.1328241 8.1304219 8.1280197 8.1256174 8.1232152 8.120813 8.1154596 8.10341 8.0913603 8.0793107 8.0672611 8.0552115 8.048243 8.0510693 8.0538955 8.0567217 8.059548 8.0623742 8.0647225 8.0642693 8.0638161 8.0633629 8.0629097 8.0624565 8.0598203 8.055648 8.0514756 8.0473032 8.0431309 8.0389585 8.040066 8.0421957 8.0443253 8.046455 8.0485846 8.0486688 8.045869 8.0430692 8.0402694 8.0374696 8.0346698
-9999 8.0875286 8.0931983 8.0988681 8.1045378 8.1102075 8.1145598 8.1199714 8.1266808 8.1301537 8.1336266 8.1370995 8.1405724 8.1420108 8.1393749 8.1379696 8.1366709 8.1353722 8.1340735 8.1324411 8.1300389 8.1276367 8.1252344 8.1228322 8.1153445 8.1063032 8.0993792 8.0879322 8.0758826 8.063833 8.0517834 8.0448149 8.0476411 8.0504674 8.0532936 8.0561198 8.0611009 8.0657212 8.0688852 8.068432 8.0679788 8.0675256 8.0670724 8.06437 8.0600859 8.0559135 8.0517411 8.0475688 8.0433964 8.0439787 8.0457703 8.0478999 8.0500296 8.0521592 8.0515486 8.0414457 8.0379549 8.0351551 8.0323553 8.0295555
-9999 8.0864314 8.0921011 8.0977708 8.1031529 8.1073598 8.1115666 8.1169783 8.1237804 8.1305825 8.1349481 8.1384211 8.141894 8.1433323 8.1406965 8.1380606 8.1362879 8.1349892 8.1336905 8.1320581 8.1296559 8.1272536 8.1248514 8.1153225 8.1054913 8.09645 8.0895261 8.0826021 8.0724545 8.0604049 8.0483553 8.0413868 8.044213 8.0470392 8.0500113 8.0555287 8.0610461 8.0656665 8.0690036 8.0723407 8.0725947 8.0721414 8.0716882 8.0689858 8.0646665 8.0603514 8.056179 8.0520067 8.0478343 8.0484166 8.0498207 8.0514746 8.0536042 8.0557339 8.0551232 8.0450204 8.0349175 8.0300408 8.027241 8.0244412
-9999 8.0853341 8.0910038 8.0959529 8.1001598 8.1043667 8.1085735 8.1139852 8.1207873 8.1275894 8.1343915 8.1397426 8.1432155 8.1446539 8.142018 8.1393822 8.1367463 8.1346061 8.1333075 8.1316751 8.1292728 8.1251318 8.1153006 8.1054693 8.0956381 8.0865968 8.0796729 8.0727489 8.065825 8.0569767 8.0449271 8.0379586 8.0407849 8.0444392 8.0499566 8.055474 8.0609914 8.0656118 8.0689488 8.0722859 8.075623 8.0767573 8.0763041 8.0736017 8.0692824 8.0649631 8.0606437 8.0564446 8.0522722 8.0528545 8.0542586 8.0556627 8.0571788 8.0593085 8.0586978 8.048595 8.0384921 8.0283893 8.0221267 8.0193269
-9999 8.0842368 8.088753 8.0929598 8.0971667 8.1013735 8.1055804 8.110992 8.1177942 8.1245963 8.1313984 8.1382005 8.144537 8.1459754 8.1433396 8.1407037 8.1380678 8.135432 8.1329244 8.131292 8.1251099 8.1152787 8.1054474 8.0956161 8.0857849 8.0767436 8.0698197 8.0628957 8.0559718 8.0490479 8.041499 8.0345305 8.038867 8.0443844 8.0499018 8.0554192 8.0609366 8.065557 8.0688941 8.0722312 8.0755683 8.0789053 8.08092 8.0782176 8.0738983 8.0695789 8.0652596 8.0609403 8.0567101 8.0572924 8.0586965 8.0601006 8.0615046 8.0629087 8.0622724 8.0521696 8.0420668 8.0319639 8.0218611 8.0142126
-9999 8.0801416 8.0843484 8.0885553 8.0927622 8.096969 8.1011759 8.1105604 8.1175653 8.1243675 8.1311696 8.1379717 8.1447738 8.1444233 8.1398784 8.1372425 8.1346067 8.1319708 8.1293349 8.1245233 8.114692 8.1048608 8.0950295 8.0851983 8.075367 8.070659 8.0641996 8.0572757 8.0503517 8.0434278 8.0365039 8.0338295 8.0393469 8.0448643 8.0503817 8.0558991 8.0614165 8.06435 8.0677379 8.0710749 8.074412 8.0777491 8.0810862 8.0826612 8.0783418 8.0740225 8.0697032 8.0653838 8.0610645 8.0602423 8.0616464 8.0630505 8.0644546 8.0658586 8.0658803 8.0570305 8.0469277 8.0368249 8.026722 8.0166192
-9999 8.0734092 8.0776161 8.081823 8.0860298 8.0910022 8.097865 8.107345 8.1198455 8.1286977 8.1354999 8.142302 8.1491041 8.1487536 8.1340794 8.1258933 8.1232575 8.1206216 8.1179857 8.1131741 8.1033428 8.0935116 8.0836803 8.0743494 8.0721196 8.0692105 8.0644806 8.0586372 8.0517132 8.0447893 8.0378654 8.035191 8.0407084 8.0462258 8.0517432 8.056529 8.0578806 8.0603761 8.0645083 8.0681021 8.0714391 8.0747762 8.0781133 8.0803496 8.0817945 8.0781819 8.0738626 8.0695433 8.065224 8.063215 8.0621423 8.0635464 8.0649504 8.0663545 8.0663762 8.0616093 8.0539101 8.0438073 8.0337045 8.0236016
-9999 8.0666769 8.0708838 8.0750906 8.080924 8.0877868 8.0946496 8.1041295 8.1166301 8.1291306 8.1398301 8.1466322 8.1534344 8.1530838 8.1384097 8.1237355 8.1119083 8.1092724 8.1066365 8.1018249 8.0919936 8.0821624 8.0751306 8.0729008 8.0706711 8.067762 8.0630321 8.0583022 8.0530747 8.0461508 8.0392269 8.0365525 8.0420699 8.0475873 8.0512035 8.0525551 8.0539067 8.0564022 8.0605344 8.0646665 8.0684663 8.0718034 8.0751404 8.0773767 8.0788216 8.0802665 8.078022 8.0737027 8.0693834 8.0673745 8.0657648 8.0641552 8.0654463 8.0668504 8.066872 8.0621052 8.0573383 8.0507897 8.0406869 8.030584
-9999 8.0599446 8.0641514 8.0708458 8.0777086 8.0845714 8.0914341 8.1009141 8.1134147 8.1259152 8.1384157 8.1509163 8.1577646 8.1574141 8.1427399 8.1280658 8.1133916 8.0987174 8.0952874 8.0904757 8.0806445 8.0759118 8.0736821 8.0714523 8.0692225 8.0663134 8.0615835 8.0568536 8.0521237 8.0473938 8.0405884 8.037914 8.0434314 8.045878 8.0472296 8.0485812 8.0499327 8.0524283 8.0565604 8.0606926 8.0648248 8.0688305 8.0721676 8.0744038 8.0758487 8.0772936 8.0787385 8.0778622 8.0735428 8.0715339 8.0699243 8.0683146 8.066705 8.0673463 8.0673679 8.062601 8.0578341 8.0530673 8.0476693 8.0375665
-9999 8.0539048 8.0607676 8.0676303 8.0744931 8.0813559 8.0882187 8.0976987 8.1101992 8.1226998 8.1352003 8.1477009 8.1602014 8.1617444 8.1470702 8.132396 8.1177219 8.1030477 8.0883735 8.0791265 8.0766931 8.0744633 8.0722335 8.0700038 8.067774 8.0648649 8.060135 8.0554051 8.0506752 8.0459453 8.0412154 8.039201 8.0405526 8.0419041 8.0432557 8.0446073 8.0459588 8.0484544 8.0525865 8.0567187 8.0608508 8.064983 8.0691152 8.071431 8.0728758 8.0743207 8.0757656 8.0772105 8.0777023 8.0756933 8.0740837 8.0724741 8.0708644 8.0692548 8.0678638 8.0630969 8.05833 8.0535631 8.0487962 8.0440294
-9999 8.0533674 8.0602302 8.067093 8.0739558 8.0808186 8.0841104 8.0893737 8.1018742 8.1143748 8.1268753 8.1393759 8.1497598 8.1504587 8.1389091 8.1242349 8.1095607 8.0948866 8.0802124 8.0693012 8.0670715 8.0648417 8.0626119 8.0603821 8.060998 8.0644221 8.054331 8.0496011 8.0448713 8.0401414 8.0354115 8.0327588 8.0341104 8.0354619 8.0368135 8.0381651 8.0420006 8.0484639 8.052596 8.0567282 8.0608603 8.0649925 8.068444 8.0686099 8.0689598 8.0704047 8.0718496 8.0732945 8.0747394 8.0735799 8.0719702 8.0703606 8.068751 8.0666512 8.0614617 8.0566948 8.0519279 8.0471611 8.0423942 8.0431141
-9999 8.0537359 8.0605987 8.0674615 8.0743243 8.0750648 8.0740573 8.0793206 8.0918211 8.1043216 8.1168222 8.1250789 8.1310174 8.1317163 8.1219225 8.111849 8.0971749 8.0825007 8.0678265 8.0569154 8.0546856 8.0524558 8.0502261 8.0543549 8.0637398 8.0671639 8.0546114 8.0423241 8.0375942 8.0328643 8.0281345 8.0254818 8.0268334 8.0281849 8.0295365 8.0352646 8.0433573 8.0498206 8.0539528 8.0580849 8.0622171 8.0653312 8.0681608 8.0683268 8.0665778 8.0661697 8.0676146 8.0690595 8.0705044 8.0693449 8.0677352 8.0661256 8.0632275 8.0579161 8.0527267 8.0479598 8.0431929 8.038426 8.0414944 8.0476185
-9999 8.0541043 8.0609671 8.0670266 8.0660191 8.0650116 8.0640042 8.0692674 8.081768 8.0942685 8.100398 8.1063365 8.112275 8.1129739 8.1031801 8.0933863 8.0835925 8.0701148 8.0554407 8.0445295 8.0422997 8.04007 8.0477119 8.0570967 8.0664816 8.0699056 8.0573532 8.0448007 8.0322483 8.0255873 8.0208574 8.0182048 8.0195563 8.0209079 8.0285287 8.0366214 8.0447141 8.0511774 8.0553095 8.0593887 8.0622183 8.065048 8.0678777 8.0680436 8.0662947 8.0645457 8.0633796 8.0648244 8.0662693 8.0651098 8.0635002 8.0598039 8.0544925 8.0491811 8.0439916 8.0392247 8.0344579 8.0398747 8.0459988 8.0521228
-9999 8.0544728 8.0579809 8.0569734 8.055966 8.0549585 8.053951 8.0592143 8.0697786 8.0757171 8.0816556 8.0875941 8.0935326 8.0942315 8.0844377 8.0746439 8.0648501 8.0550563 8.0430548 8.0321436 8.0316839 8.0410688 8.0504536 8.0598385 8.0692234 8.0726474 8.060095 8.0475425 8.0349901 8.0224376 8.0135804 8.0109278 8.0137 8.0217927 8.0298854 8.0379781 8.0460708 8.0525341 8.0562758 8.0591055 8.0619352 8.0647649 8.0675945 8.0677605 8.0660115 8.0642626 8.0625136 8.0607647 8.0620343 8.0608748 8.0563803 8.0510689 8.0457574 8.040446 8.0352566 8.0321309 8.038255 8.0443791 8.0505031 8.0566272
-9999 8.0481068 8.0470993 8.0460918 8.0450843 8.0440769 8.0430694 8.0471547 8.0530932 8.0590317 8.0649702 8.0709087 8.0768472 8.0782751 8.0684813 8.0586875 8.0488937 8.0390999 8.0293062 8.0253117 8.0346966 8.0440814 8.0534663 8.0628512 8.0722361 8.0762941 8.0637416 8.0511892 8.0386367 8.0260843 8.0135318 8.0080311 8.0161238 8.0242165 8.0323092 8.0404019 8.0484946 8.0522686 8.0550982 8.0579279 8.0607576 8.0635873 8.0664169 8.066049 8.0643001 8.0625511 8.0608022 8.0590532 8.0573042 8.0528678 8.0475563 8.0422449 8.0369335 8.0316221 8.0288765 8.0350006 8.0411246 8.0472487 8.0533728 8.0594968
-9999 8.0309767 8.0299692 8.0289617 8.0279542 8.0269468 8.041612 8.0507752 8.0519219 8.0578604 8.0637989 8.0697374 8.0756759 8.0780017 8.0730928 8.0637432 8.0539495 8.0441557 8.0343619 8.0303675 8.0397523 8.0491372 8.0585221 8.0679069 8.0739808 8.0764279 8.0730355 8.0616604 8.049108 8.0365555 8.0240031 8.0185023 8.026595 8.0346877 8.0427804 8.0508731 8.0555434 8.0546121 8.0471745 8.0500042 8.0528339 8.0556635 8.0584932 8.0564684 8.0518161 8.0500671 8.0483182 8.0465692 8.0448202 8.0421762 8.0380619 8.0327504 8.027439 8.0221276 8.0193845 8.0255381 8.0316652 8.0377893 8.0439134 8.0500374
-9999 8.0138466 8.0128391 8.0118316 8.0143978 8.0305764 8.0467551 8.0559182 8.0569846 8.0580509 8.0626277 8.0685662 8.0745047 8.0768305 8.0719216 8.0670127 8.0590052 8.0492114 8.0394176 8.0354232 8.0448081 8.0541929 8.0635778 8.0683441 8.0729698 8.0754168 8.0720245 8.0686322 8.0595792 8.0470268 8.0344743 8.0289736 8.0370663 8.045159 8.0529769 8.056853 8.0607291 8.0597979 8.051989 8.0441801 8.0449101 8.0477398 8.0505695 8.0485447 8.0430301 8.0375831 8.0358342 8.0340852 8.0323362 8.0296922 8.0268935 8.0232559 8.0179445 8.0126331 8.0098901 8.0160436 8.0221972 8.0283299 8.034454 8.040578
-9999 7.9967165 7.995709 8.0033622 8.0195409 8.0357195 8.0518981 8.0610613 8.0621276 8.063194 8.0642603 8.067395 8.0733335 8.0756592 8.0707503 8.0658414 8.0609325 8.0542672 8.0444734 8.040479 8.0498638 8.0580817 8.0627074 8.0673331 8.0719588 8.0744058 8.0710135 8.0676212 8.0642288 8.057498 8.0449456 8.0394448 8.0475375 8.0542865 8.0581626 8.0620388 8.0659149 8.0649836 8.0571748 8.0493659 8.041557 8.0398161 8.0426457 8.0406209 8.0351063 8.0295917 8.0240771 8.0216012 8.0198522 8.0172082 8.0144095 8.0116107 8.00845 8.0031386 8.0003956 8.0065491 8.0127027 8.0188562 8.0249946 8.0311186
-9999 7.9795864 7.9923267 8.0085053 8.0246839 8.0408625 8.0570412 8.0662043 8.0672707 8.068337 8.0694034 8.0704697 8.0721622 8.074488 8.0695791 8.0646702 8.0597612 8.0548523 8.0495291 8.0455347 8.052445 8.0570707 8.0616964 8.0663221 8.0709478 8.0733948 8.0700025 8.0666101 8.0632178 8.0598255 8.0554168 8.0499161 8.0555961 8.0594723 8.0633484 8.0672245 8.0711006 8.0701694 8.0623605 8.0545516 8.0467427 8.0389338 8.034722 8.0326972 8.0271826 8.021668 8.0161533 8.0106387 8.0073682 8.0047242 8.0019255 7.9991267 7.996328 7.9935293 7.9909011 7.9970546 8.0032082 8.0093617 8.0155153 8.0216592
-9999 7.9857983 8.001977 8.0181556 8.0343342 8.0505128 8.0666915 8.0653607 8.0664271 8.0674934 8.0685598 8.0696261 8.0706925 8.0703252 8.0675138 8.0626049 8.057696 8.0527871 8.0478782 8.0458524 8.0504781 8.0551038 8.0597295 8.0643552 8.0689809 8.07564 8.0731576 8.0697653 8.066373 8.0629807 8.0595884 8.0586787 8.0625548 8.0664309 8.0703071 8.0741832 8.0780593 8.0694568 8.0616479 8.053839 8.0460301 8.0382212 8.0309494 8.0283412 8.0228265 8.0173119 8.0117973 8.0062827 8.000768 7.9975691 7.9947704 7.9919716 7.9891729 7.9863742 7.9883814 7.994535 8.0006885 8.0068421 8.0129956 8.0188485
-9999 8.0026117 8.0187904 8.034969 8.0511476 8.0604893 8.0565946 8.0550029 8.0560693 8.0571356 8.058202 8.0579464 8.0527008 8.0514235 8.0580931 8.0591189 8.05421 8.0493011 8.0443922 8.0423664 8.0469921 8.0516178 8.0562435 8.0615891 8.0723508 8.0803235 8.0808211 8.0795416 8.0761493 8.0727569 8.0693646 8.068455 8.0723311 8.0762072 8.0800833 8.0805266 8.0692313 8.0593703 8.0515614 8.0437526 8.0359437 8.0306272 8.0296305 8.0272164 8.0237833 8.0186257 8.0131111 8.0075965 8.0020819 7.9988829 7.9960842 7.9932855 7.9904867 7.9932115 7.9969463 8.0030998 8.0092534 8.0154069 8.0202912 8.0224528
-9999 8.0194252 8.0356038 8.0517824 8.0540262 8.0501315 8.0462368 8.0446451 8.0457115 8.0467778 8.0442904 8.0390447 8.0337991 8.0325218 8.0391914 8.045861 8.050724 8.0458151 8.0409062 8.0388804 8.0435061 8.0481318 8.0555109 8.0662726 8.0770343 8.085007 8.0855046 8.0860022 8.0859255 8.0825332 8.0791409 8.0782312 8.0821074 8.0859835 8.0817355 8.0704402 8.0591448 8.0492839 8.041475 8.0336661 8.0303049 8.0293083 8.0283116 8.0258975 8.0224644 8.0190312 8.0144249 8.0089103 8.0033957 8.0001967 7.997398 7.9957035 7.99874 8.0017764 8.0055112 8.0116647 8.0178183 8.0217339 8.0238955 8.0260571
-9999 8.0362386 8.0514577 8.0475631 8.0436684 8.0397737 8.035879 8.0342874 8.0353537 8.0306343 8.0253887 8.020143 8.0148974 8.0136201 8.0202897 8.0269593 8.0336288 8.0402984 8.0374202 8.0353944 8.0400201 8.0494328 8.0601944 8.0709561 8.0817178 8.0896905 8.0901881 8.0906857 8.0911834 8.091681 8.0889172 8.0880075 8.0918836 8.0829443 8.071649 8.0603537 8.0490584 8.0391974 8.0313885 8.0299826 8.028986 8.0279894 8.0269927 8.0245786 8.0211455 8.0177123 8.0142791 8.0102241 8.0047095 8.0015106 8.001232 8.0042684 8.0073049 8.0103413 8.0140761 8.0202296 8.0231766 8.0253382 8.0274998 8.0296615
-9999 8.0449946 8.0411 8.0372053 8.0333106 8.0294159 8.0255212 8.0222239 8.0169783 8.0117326 8.006487 8.0012413 7.9959957 7.9947184 8.001388 8.0080576 8.0147271 8.0213967 8.0280663 8.0325929 8.0433546 8.0541162 8.0648779 8.0756396 8.0864012 8.094374 8.0948716 8.0953692 8.0958668 8.0963645 8.0968621 8.0954485 8.0841532 8.0728579 8.0615626 8.0502672 8.0389719 8.030657 8.0296604 8.0286637 8.0276671 8.0266705 8.0256739 8.0232597 8.0198266 8.0163934 8.0129603 8.0095271 8.0060233 8.0067604 8.0097969 8.0128333 8.0158698 8.0189062 8.0224577 8.0246193 8.0267809 8.0289425 8.0311042 8.0332658
-9999 8.040133 8.0362383 8.0323436 8.0284489 8.0245542 8.0205467 8.0159238 8.0106782 8.0054325 8.0001869 7.9949412 7.9938649 7.9935741 7.9885809 7.9952505 8.0019201 8.0085897 8.0152592 8.0231662 8.0339279 8.0446895 8.0554512 8.0662129 8.0735961 8.077938 8.0866941 8.0871918 8.0876894 8.088187 8.0886846 8.0851542 8.0738588 8.0625635 8.0512682 8.0399729 8.0309086 8.0264322 8.0254355 8.0244389 8.0234423 8.0224456 8.0219689 8.0211793 8.0188109 8.0153777 8.0119446 8.0085114 8.0050782 8.0071613 8.0101978 8.0132342 8.0162707 8.0191691 8.0216062 8.0237679 8.0259295 8.0280911 8.0302527 8.0235388
