P1_models/J1_p1_vp_slide_diff2_300.dat.tif
NCOLS 118
NROWS 92
XLLCORNER 139.62
YLLCORNER -39.07
DX 0.099491525
DY 0.099347826
NODATA_VALUE -9999
[rows 0 to 23 of 92, columns 0 to 53 of 118]
-9999 -9999 -9999 -9999 -9999 -9999 -9999 -9999 -9999 -9999 -9999 -9999 -9999 -9999 -9999 -9999 -9999 -9999 -9999 -9999 -9999 -9999 -9999 -9999 -9999 -9999 -9999 -9999 -9999 -9999 -9999 -9999 -9999 -9999 -9999 -9999 -9999 -9999 -9999 -9999 -9999 -9999 -9999 -9999 -9999 -9999 -9999 -9999 -9999 -9999 -9999 -9999 -9999 -9999
-9999 -0.01057136 -0.010499106 -0.010426853 -0.010354599 -0.010282345 -0.01026842 -0.010153036 -0.01021931 -0.010590854 -0.010962397 -0.011333941 -0.011705485 -0.011914628 -0.01174757 -0.011522056 -0.011296541 -0.011071027 -0.010845513 -0.010278387 -0.0089231463 -0.007567906 -0.0062126656 -0.0048574252 -0.0036827602 -0.0035570458 -0.0031164056 -0.0025010758 -0.001885746 -0.0012704162 -0.00065508646 -0.00038189111 -0.00076822176 -0.0011545524 -0.0015408831 -0.0019272137 -0.0030436801 -0.0042898295 -0.0043712836 -0.0056144131 -0.0068575425 -0.008100672 -0.0093438014 -0.01150663 -0.0128387 -0.013694327 -0.014549954 -0.015405581 -0.016261208 -0.027216444 -0.026513608 -0.025810771 -0.025107934 -0.024405098
-9999 -0.011222502 -0.011150249 -0.011077995 -0.011005741 -0.011037181 -0.011133574 -0.01101819 -0.010658389 -0.010527933 -0.010899477 -0.011271021 -0.011642565 -0.011851708 -0.011735634 -0.011595739 -0.011370224 -0.01114471 -0.010919196 -0.01035207 -0.0089968293 -0.0076415889 -0.0062863485 -0.0054343421 -0.0053791243 -0.0052534099 -0.0049387469 -0.0045664757 -0.0039511459 -0.0033358162 -0.0027204864 -0.002447291 -0.0028336217 -0.0032199523 -0.003606283 -0.0053512996 -0.0085018083 -0.0097479577 -0.0082696508 -0.0077888886 -0.0090320181 -0.010275148 -0.011518277 -0.013681105 -0.016505094 -0.018202855 -0.019058482 -0.019914109 -0.020769737 -0.032335973 -0.045753293 -0.046769023 -0.046066186 -0.04536335
-9999 -0.011873645 -0.011801391 -0.011729137 -0.011805942 -0.011902335 -0.011998728 -0.011883344 -0.011523543 -0.011163743 -0.010836557 -0.011208101 -0.011579644 -0.011788787 -0.011672714 -0.011556641 -0.011440567 -0.011218393 -0.010992879 -0.010425753 -0.0090705123 -0.0077152719 -0.007185924 -0.0071307062 -0.0070754884 -0.006949774 -0.006635111 -0.006320448 -0.0060057849 -0.0054012161 -0.0047858863 -0.0045126909 -0.0048990216 -0.0052853522 -0.007658919 -0.010809428 -0.013959936 -0.015206086 -0.013727779 -0.012249472 -0.011206494 -0.012449623 -0.013692753 -0.015855581 -0.018679569 -0.021503558 -0.023567011 -0.024422638 -0.025278265 -0.036844501 -0.050261822 -0.063679142 -0.067024438 -0.066321601
-9999 -0.012524787 -0.012478311 -0.012574704 -0.012671096 -0.012767489 -0.012863882 -0.012748498 -0.012388697 -0.012028897 -0.011669096 -0.011309296 -0.011516724 -0.011725867 -0.011609794 -0.01149372 -0.011377647 -0.011261573 -0.011066562 -0.010499436 -0.0091441953 -0.008937506 -0.0088822882 -0.0088270704 -0.0087718526 -0.0086461382 -0.0083314751 -0.0080168121 -0.0077021491 -0.007387486 -0.0068512862 -0.0065780908 -0.0069644215 -0.0099665384 -0.013117047 -0.016267556 -0.019418065 -0.020664214 -0.019185907 -0.0177076 -0.016229294 -0.014750987 -0.015867228 -0.018030057 -0.020854045 -0.023678033 -0.026502022 -0.028931167 -0.029786794 -0.04135303 -0.05477035 -0.068187671 -0.081604991 -0.087279853
-9999 -0.013247072 -0.013343465 -0.013439858 -0.01353625 -0.013632643 -0.013729035 -0.013613652 -0.013253851 -0.012894051 -0.01253425 -0.01217445 -0.011814649 -0.011662947 -0.011546873 -0.0114308 -0.011314727 -0.011198653 -0.01108258 -0.010744306 -0.010689088 -0.01063387 -0.010578652 -0.010523434 -0.010468217 -0.010342502 -0.010027839 -0.0097131762 -0.0093985132 -0.0090838502 -0.0087691871 -0.009123649 -0.012274158 -0.015424667 -0.018575175 -0.021725684 -0.024876193 -0.026122342 -0.024644035 -0.023165729 -0.021687422 -0.020209115 -0.018730808 -0.020204532 -0.02302852 -0.025852509 -0.028676497 -0.031500486 -0.034295322 -0.045861558 -0.059278879 -0.072696199 -0.08611352 -0.09953084
-9999 -0.013287478 -0.01338387 -0.013480263 -0.013576655 -0.013673048 -0.013743863 -0.013604973 -0.013245172 -0.012885372 -0.012525571 -0.012165771 -0.011870449 -0.011691974 -0.011587353 -0.011471279 -0.011355206 -0.011239132 -0.011123059 -0.011025387 -0.01097017 -0.010914952 -0.010859734 -0.010804516 -0.010775647 -0.01077 -0.010659628 -0.010344965 -0.010030302 -0.0097156391 -0.0094009761 -0.010269902 -0.013420411 -0.01657092 -0.019721429 -0.022871937 -0.023532681 -0.021809278 -0.020330971 -0.018852664 -0.017374357 -0.01589605 -0.0258449 -0.036951671 -0.041910103 -0.044734091 -0.04755808 -0.050382068 -0.053206057 -0.065062349 -0.07847967 -0.09189699 -0.10531431 -0.10922897
-9999 -0.013197219 -0.013293612 -0.013390004 -0.013486397 -0.013544225 -0.013596743 -0.013457853 -0.013098053 -0.012738252 -0.012378452 -0.012125373 -0.011908285 -0.011729811 -0.011628661 -0.011527512 -0.011412067 -0.011295993 -0.01117992 -0.011082248 -0.01102703 -0.010971813 -0.010916595 -0.01090718 -0.010922767 -0.010917119 -0.010854558 -0.010791996 -0.010493432 -0.010178769 -0.009864106 -0.010733032 -0.013883541 -0.01703405 -0.020184559 -0.019566306 -0.017671582 -0.015948179 -0.014469872 -0.012991565 -0.011513258 -0.025573724 -0.041798047 -0.052904818 -0.060332646 -0.066262554 -0.069086542 -0.071910531 -0.074734519 -0.086590812 -0.10000813 -0.11342545 -0.11015775 -0.085727078
-9999 -0.01310696 -0.013203353 -0.013292069 -0.013344587 -0.013397106 -0.013449624 -0.013310734 -0.012950933 -0.012597384 -0.012380297 -0.012163209 -0.011946122 -0.011767648 -0.011666498 -0.011565348 -0.011464199 -0.011352854 -0.011236781 -0.011139109 -0.011083891 -0.011028673 -0.011038712 -0.011054299 -0.011069886 -0.011064238 -0.011001677 -0.010939115 -0.010876554 -0.010641899 -0.010327236 -0.011196162 -0.014346671 -0.017494653 -0.01559993 -0.013705207 -0.011810483 -0.01008708 -0.0086087727 -0.0090782247 -0.025302548 -0.041526871 -0.057751194 -0.068857965 -0.076285793 -0.083713621 -0.090615005 -0.093438993 -0.096262982 -0.10811927 -0.1215366 -0.11108654 -0.086655864 -0.062225187
-9999 -0.013016702 -0.013092431 -0.013144949 -0.013197468 -0.013249986 -0.013302505 -0.013163615 -0.012852308 -0.012635221 -0.012418133 -0.012201046 -0.011983959 -0.011805484 -0.011704335 -0.011603185 -0.011502035 -0.011400886 -0.011293641 -0.01119597 -0.011154657 -0.011170244 -0.011185831 -0.011201418 -0.011217005 -0.011211358 -0.011148796 -0.011086235 -0.011023673 -0.010961111 -0.010790366 -0.011659292 -0.013528278 -0.011633554 -0.0097388311 -0.0078441077 -0.0059493844 -0.0042259806 -0.0088070486 -0.025031372 -0.041255695 -0.057480018 -0.073704341 -0.084811112 -0.09223894 -0.099666768 -0.1070946 -0.11452242 -0.11779144 -0.12964774 -0.11201533 -0.08758465 -0.063153973 -0.038723296
-9999 -0.012874375 -0.012926893 -0.012979412 -0.01303193 -0.013084449 -0.013136967 -0.013060492 -0.012843405 -0.012626317 -0.01240923 -0.012192143 -0.011975056 -0.011821351 -0.011720202 -0.011619052 -0.011517902 -0.011416752 -0.011315603 -0.011249752 -0.011265339 -0.011280926 -0.011296513 -0.0113121 -0.011327687 -0.010900074 -0.010837513 -0.010774951 -0.010712389 -0.010649828 -0.010587266 -0.0098988981 -0.0080041747 -0.0061094514 -0.004214728 -0.0023200047 -0.00042528129 -0.0070072121 -0.023231535 -0.039455859 -0.055680182 -0.071904505 -0.088128828 -0.095712817 -0.10314064 -0.11056847 -0.1179963 -0.12542413 -0.13285196 -0.11311593 -0.088685254 -0.064254577 -0.0398239 -0.015393222
-9999 -0.012588129 -0.012640647 -0.012693166 -0.012745684 -0.012798203 -0.012830143 -0.01274527 -0.012528182 -0.012311095 -0.012094008 -0.011876921 -0.011819088 -0.011758444 -0.011596936 -0.011490935 -0.011389785 -0.011288635 -0.011187485 -0.011121635 -0.011137222 -0.011152809 -0.011168396 -0.011183983 -0.011100159 -0.010323307 -0.0078113985 -0.0074594244 -0.0073968627 -0.0073343011 -0.0072717395 -0.0065833714 -0.004688648 -0.0027939246 -0.00089920128 0.00099552207 -0.0021507477 -0.011413288 -0.027637611 -0.043861935 -0.060086258 -0.076310581 -0.078748477 -0.079326286 -0.080936612 -0.08836444 -0.095792268 -0.1032201 -0.11064792 -0.090911899 -0.066481222 -0.042050544 -0.017619867 -0.0066130171
-9999 -0.012301883 -0.012354401 -0.01240692 -0.012455552 -0.012485236 -0.01251492 -0.012430047 -0.01221296 -0.011995873 -0.01178686 -0.011776584 -0.011766309 -0.011705666 -0.011544158 -0.01138265 -0.011261668 -0.011160518 -0.011059368 -0.010993518 -0.011009105 -0.011024692 -0.011040279 -0.010920444 -0.010790939 -0.010014086 -0.0075021784 -0.0049902703 -0.004081336 -0.0040187744 -0.0039562128 -0.0032678446 -0.0013731213 0.00052160208 0.0022358662 -0.0021604788 -0.0065568238 -0.015819364 -0.032043687 -0.048268011 -0.062243069 -0.063926191 -0.065609313 -0.066187122 -0.065970335 -0.066160408 -0.073588236 -0.081016064 -0.088443892 -0.068707866 -0.044277189 -0.019846512 -0.012916557 -0.013197087
-9999 -0.012015637 -0.012068156 -0.012110645 -0.012140329 -0.012170014 -0.012199698 -0.012114825 -0.011897738 -0.011744357 -0.011734081 -0.011723806 -0.01171353 -0.011652887 -0.011491379 -0.011329871 -0.011168363 -0.011032401 -0.010931251 -0.010865401 -0.010880988 -0.010870234 -0.010740729 -0.010611224 -0.010481719 -0.0097048663 -0.0071929583 -0.0046810502 -0.0021691421 -0.00070324767 -0.00064068605 4.7682091e-05 0.0019424054 0.0022261351 -0.0021702099 -0.0065665549 -0.0109629 -0.02022544 -0.036449764 -0.047420783 -0.049103905 -0.050787027 -0.052470149 -0.053047958 -0.052831171 -0.052614384 -0.052397598 -0.058812032 -0.066239859 -0.046503834 -0.022073157 -0.019220096 -0.019500627 -0.019781158
-9999 -0.011729391 -0.011765738 -0.011795423 -0.011825107 -0.011854791 -0.011884476 -0.011799602 -0.011701853 -0.011691578 -0.011681303 -0.011671027 -0.011660752 -0.011600109 -0.011438601 -0.011277093 -0.011115585 -0.010954077 -0.010803134 -0.010737283 -0.010690518 -0.010561014 -0.010431509 -0.010302004 -0.010172499 -0.0093956462 -0.0068837381 -0.0043718301 -0.001859922 0.00065198607 0.0026748407 0.0033632088 0.0022164041 -0.002179941 -0.006576286 -0.010972631 -0.015368976 -0.024631516 -0.032598497 -0.034281619 -0.035964741 -0.037647863 -0.039330985 -0.039908794 -0.039692007 -0.03947522 -0.039258434 -0.039041647 -0.044035827 -0.025243105 -0.025523636 -0.025804167 -0.026084697 -0.026365228
-9999 -0.011453157 -0.011482841 -0.011512525 -0.01154221 -0.011571894 -0.011601579 -0.011487614 -0.011477339 -0.011467064 -0.011456788 -0.011446513 -0.011436238 -0.011428059 -0.011274505 -0.011112997 -0.010951489 -0.010789981 -0.010628473 -0.010476643 -0.010347138 -0.010217633 -0.010088128 -0.0099586234 -0.0098291186 -0.015053402 -0.015007992 -0.012496084 -0.0099841757 -0.0074722676 -0.0049603595 -0.0048080848 -0.0092044298 -0.013600775 -0.01799712 -0.022393465 -0.02678981 -0.021840058 -0.02352318 -0.025206302 -0.026889424 -0.028572546 -0.030255669 -0.031833119 -0.031616332 -0.031399545 -0.031182759 -0.030965972 -0.030749185 -0.030703055 -0.030983585 -0.031264116 -0.031544646 -0.031825177
-9999 -0.011245372 -0.011275056 -0.011304741 -0.011334425 -0.011337586 -0.011190632 -0.011040195 -0.010885739 -0.010843497 -0.010833222 -0.010822947 -0.010812671 -0.010804493 -0.010800513 -0.01069024 -0.010528732 -0.010367225 -0.010205717 -0.010053886 -0.0099243811 -0.0097948763 -0.0096653715 -0.0095358667 -0.0085436879 -0.013448195 -0.034331298 -0.040216664 -0.037704756 -0.035192848 -0.03268094 -0.032528665 -0.03692501 -0.041321355 -0.0457177 -0.04926023 -0.033360978 -0.024056889 -0.024188115 -0.025573889 -0.027257011 -0.028940133 -0.030623256 -0.032797168 -0.035306364 -0.035089577 -0.03487279 -0.034656004 -0.034439217 -0.034042955 -0.033831486 -0.034112016 -0.034392547 -0.034673077
-9999 -0.011037587 -0.011067271 -0.011096956 -0.011047832 -0.010900878 -0.010753924 -0.010603488 -0.010449031 -0.010294575 -0.010209656 -0.010199381 -0.010189105 -0.010180927 -0.010176947 -0.010172967 -0.010105976 -0.0099444678 -0.0097829599 -0.0096311292 -0.0095016244 -0.0093721196 -0.0090526756 -0.0079955782 -0.0069384807 -0.011842988 -0.03272609 -0.053609193 -0.065425336 -0.062913428 -0.06040152 -0.060249245 -0.06464559 -0.069041935 -0.067439408 -0.051540157 -0.035640905 -0.026336816 -0.026468042 -0.026599267 -0.027624598 -0.02930772 -0.030990842 -0.033164755 -0.035691491 -0.038218226 -0.038562822 -0.038346036 -0.038129249 -0.037732986 -0.037305706 -0.036959917 -0.037240447 -0.037520978
-9999 -0.010829802 -0.010859486 -0.010758078 -0.010611124 -0.010464171 -0.010317217 -0.01016678 -0.010012323 -0.0098578668 -0.0097034103 -0.0095758144 -0.0095655391 -0.0095573605 -0.0095533809 -0.0095494012 -0.0095454215 -0.0095217111 -0.0093602032 -0.0092083725 -0.0090788677 -0.0085045659 -0.0074474684 -0.0063903709 -0.0053332735 -0.010237781 -0.031120883 -0.052003986 -0.072887088 -0.090634008 -0.0881221 -0.087969825 -0.09236617 -0.085618587 -0.069719335 -0.053820083 -0.037920832 -0.028616743 -0.028747968 -0.028879194 -0.02901042 -0.029675307 -0.031358429 -0.033532342 -0.036059078 -0.038585813 -0.041112549 -0.042036067 -0.041819281 -0.041423018 -0.040995738 -0.040568457 -0.040141177 -0.040368879
-9999 -0.010615278 -0.010468324 -0.010321371 -0.010174417 -0.010027463 -0.009880509 -0.0097300722 -0.0095756157 -0.0094211592 -0.0092667026 -0.0091122461 -0.0089577896 -0.0089337944 -0.0089298147 -0.0089258351 -0.0089218554 -0.0089178757 -0.0089138961 -0.0087856158 -0.0079564561 -0.0068993586 -0.0058422612 -0.0047851637 -0.0037280663 -0.0086325734 -0.029515676 -0.050398779 -0.071281881 -0.092164984 -0.11304809 -0.1156904 -0.10379777 -0.087898514 -0.071999262 -0.05610001 -0.040200759 -0.030896669 -0.031027895 -0.031159121 -0.031290347 -0.031421573 -0.031726016 -0.033899929 -0.036426665 -0.0389534 -0.041480136 -0.044006872 -0.045509313 -0.04511305 -0.04468577 -0.044258489 -0.043831209 -0.043403928
-9999 -0.009299594 -0.0091526402 -0.0090056863 -0.0088587324 -0.0087117785 -0.0087955658 -0.0092542052 -0.0090997487 -0.0089452921 -0.0087908356 -0.0086363791 -0.0084911853 -0.008698654 -0.0089614747 -0.0089574951 -0.0089535154 -0.0089495358 -0.0089455561 -0.0086231294 -0.007566032 -0.0065089345 -0.005451837 -0.0043947396 -0.0033376421 -0.0034740246 -0.016659086 -0.037542188 -0.058425291 -0.079308393 -0.1001915 -0.10851095 -0.092611698 -0.076712446 -0.060813195 -0.044913943 -0.031079053 -0.03142286 -0.031554086 -0.031685312 -0.031816538 -0.031947764 -0.032442459 -0.033473466 -0.03580828 -0.038335015 -0.040861751 -0.043388487 -0.045915222 -0.045923244 -0.045495963 -0.045068683 -0.044641402 -0.044214122
-9999 -0.0073208813 -0.0071739274 -0.0070269735 -0.0068800196 -0.0073003011 -0.0082901602 -0.0087487995 -0.008594343 -0.0084398865 -0.00828543 -0.0081784236 -0.0081529799 -0.0083604486 -0.0090343379 -0.0094834044 -0.0094794248 -0.0094754451 -0.0094714654 -0.0091490388 -0.0080919413 -0.0070348438 -0.0059777464 -0.0049039834 -0.0037858645 -0.0039221467 -0.0074205385 -0.01619847 -0.037081573 -0.057964676 -0.078847778 -0.087167232 -0.07126798 -0.055368728 -0.039469477 -0.029789969 -0.030282368 -0.030626175 -0.030757401 -0.030888627 -0.031019853 -0.031811605 -0.033221811 -0.034252818 -0.035011223 -0.036972893 -0.039499629 -0.042026364 -0.0445531 -0.044561122 -0.044133841 -0.043706561 -0.04320262 -0.04194192
-9999 -0.0053421685 -0.0051952146 -0.0050482608 -0.0058050363 -0.0067948954 -0.0077847545 -0.0082433939 -0.0080889374 -0.0079344809 -0.007865662 -0.0078402183 -0.0078147745 -0.0080222432 -0.0086961325 -0.0093700218 -0.010005334 -0.010001354 -0.0099973748 -0.0096749481 -0.0086178506 -0.0075607532 -0.0064702244 -0.0053521055 -0.0042339866 -0.0043702688 -0.0078686606 -0.011367052 -0.015737855 -0.036620958 -0.05750406 -0.065823514 -0.049924262 -0.03402501 -0.028500886 -0.028993284 -0.029485683 -0.02982949 -0.029960716 -0.030091942 -0.03118075 -0.032590957 -0.034001163 -0.03503217 -0.035790575 -0.036548979 -0.038137507 -0.040664242 -0.043190978 -0.043199 -0.042771719 -0.042109621 -0.040848922 -0.039588222
-9999 -0.0033634557 -0.0033199124 -0.0043097715 -0.0052996306 -0.0062894898 -0.0072793489 -0.0077379882 -0.0075835317 -0.0075529004 -0.0075274566 -0.0075020129 -0.0074765692 -0.0076840379 -0.0083579271 -0.0090318164 -0.0097057057 -0.010379595 -0.010523284 -0.010200857 -0.00914376 -0.0080364655 -0.0069183466 -0.0058002276 -0.0046821087 -0.0048183909 -0.0083167828 -0.011815175 -0.015313566 -0.018811958 -0.036160342 -0.044479796 -0.028580544 -0.027211802 -0.027704201 -0.028196599 -0.028688998 -0.029032805 -0.029164031 -0.030549896 -0.031960102 -0.033370309 -0.034780515 -0.035811522 -0.036569927 -0.037328331 -0.038086736 -0.03930212 -0.041828856 -0.041836878 -0.041016623 -0.039755924 -0.038495224 -0.037234524
