P1_models/J1_p1__temp2_slide_200.dat.tif
NCOLS 118
NROWS 92
XLLCORNER 139.62
YLLCORNER -39.07
DX 0.099491525
DY 0.099347826
NODATA_VALUE -9999
[rows 27 to 53 of 92, columns 0 to 59 of 118]
-9999 1067.8713 1062.1638 1054.1651 1032.523 1010.8808 989.2386 976.72862 974.75836 972.7881 970.81784 970.347 970.28763 972.79031 980.42363 988.05695 995.69027 997.40823 996.75457 1002.3641 1022.4229 1042.4817 1053.499 1063.4096 1073.3203 1085.6679 1104.547 1123.4261 1142.3052 1154.2113 1163.3079 1170.3674 1173.5002 1176.633 1190.1433 1203.9709 1217.7986 1224.7482 1221.8578 1218.9674 1216.077 1213.6454 1211.2576 1210.0784 1209.768 1209.4577 1207.5296 1195.946 1184.3624 1164.1146 1142.3693 1120.624 1108.6325 1107.435 1109.6552 1123.7137 1137.7722 1151.8307 1163.8435 1175.484
-9999 1086.1737 1073.4585 1051.8163 1030.1741 1008.5319 986.88976 974.37978 972.40952 970.43926 968.469 966.49875 965.46228 967.96496 975.59828 983.2316 990.86492 998.49825 1002.4931 1008.1026 1026.4797 1036.3904 1046.3011 1056.2118 1066.1225 1078.4701 1097.3492 1116.2283 1135.1074 1153.9865 1168.3725 1175.432 1180.9587 1194.7863 1208.614 1222.4416 1236.2692 1243.2188 1240.3284 1237.438 1234.5476 1231.6572 1229.1089 1227.9297 1227.6194 1227.309 1226.9987 1226.6883 1215.8658 1195.618 1173.8727 1152.1274 1130.3821 1114.4913 1116.7115 1130.77 1144.8285 1158.887 1172.9455 1185.4171
-9999 1094.2658 1072.6236 1050.9815 1029.3393 1007.6971 986.05491 973.87311 971.90285 969.9326 967.96234 965.99208 964.02182 966.41371 974.04703 981.68036 989.31368 996.947 1004.5803 1012.9023 1022.813 1032.7236 1042.6343 1052.545 1062.4557 1072.0428 1090.9219 1109.801 1128.6801 1147.5592 1166.4383 1183.592 1197.4196 1211.2473 1225.0749 1238.9025 1252.7302 1256.9464 1254.056 1251.1656 1248.2752 1245.3848 1242.4944 1242.3068 1241.9965 1241.6861 1241.3758 1241.0654 1240.7551 1225.4337 1203.6884 1181.9431 1160.1978 1138.4525 1123.1043 1137.1628 1151.2213 1165.2798 1179.3383 1193.3968
-9999 1105.8946 1084.2524 1062.6102 1040.968 1019.3259 1010.4753 1000.0669 986.56152 984.59126 982.621 980.65074 978.68049 982.71561 998.77686 1007.0825 1014.7159 1022.3492 1029.9825 1038.3045 1048.2151 1058.1258 1068.0365 1077.9472 1083.8357 1088.0033 1092.5259 1109.7173 1128.5964 1147.4755 1166.3546 1183.5083 1197.3359 1211.1636 1224.9912 1238.8188 1262.0836 1262.6125 1228.7371 1225.8467 1222.9563 1220.0659 1217.1755 1221.1163 1227.7728 1227.4625 1227.1521 1226.8418 1226.5314 1229.5487 1219.6107 1197.8654 1176.1201 1154.3748 1137.8277 1139.2863 1152.1526 1166.2111 1180.2696 1194.3281
-9999 1117.5233 1095.8812 1074.239 1055.3892 1047.9505 1040.5118 1030.1033 1016.2675 1002.4316 997.27967 995.30941 993.33915 997.37428 1013.4355 1029.4968 1040.118 1047.7514 1055.3847 1063.7066 1073.6173 1083.528 1093.4387 1097.7129 1101.7479 1105.9155 1110.4381 1114.9608 1128.5127 1147.3918 1166.2709 1183.4246 1197.2522 1211.0799 1225.5463 1251.1601 1276.774 1277.3029 1241.9443 1206.5857 1197.6374 1194.747 1191.8566 1195.7974 1204.649 1213.2388 1212.9285 1212.6181 1212.3078 1215.3251 1218.9174 1213.7877 1192.0424 1170.2971 1153.75 1155.2086 1156.6672 1167.1425 1181.201 1195.2595
-9999 1129.1521 1107.5099 1092.8643 1085.4256 1077.9869 1070.5482 1060.1398 1046.3039 1032.4681 1018.6322 1009.9681 1007.9978 1012.0329 1028.0942 1044.1554 1060.2167 1073.1535 1080.7869 1089.1088 1099.0195 1107.555 1111.59 1115.6251 1119.6601 1123.8277 1128.3503 1132.873 1137.3956 1147.3081 1166.1872 1183.3409 1197.1685 1214.6228 1240.2367 1265.8505 1291.4644 1291.9933 1256.6347 1221.2761 1185.9175 1169.4281 1166.5377 1170.4785 1179.3301 1188.1817 1197.0333 1198.3945 1198.0841 1201.1014 1204.6938 1208.2861 1207.9647 1186.2194 1169.6722 1171.1309 1172.5895 1174.0481 1182.1323 1196.1908
-9999 1140.7809 1130.3395 1122.9008 1115.462 1108.0233 1100.5846 1090.1762 1076.3404 1062.5045 1048.6687 1034.8328 1022.6565 1026.6916 1042.7529 1058.8141 1074.8754 1090.9366 1106.189 1114.511 1121.4322 1125.4672 1129.5022 1133.5373 1137.5723 1141.7399 1146.2625 1150.7852 1155.3078 1159.8305 1166.1035 1183.2572 1203.6994 1229.3132 1254.9271 1280.5409 1306.1547 1306.6837 1271.3251 1235.9665 1200.6079 1165.2492 1141.2188 1145.1596 1154.0112 1162.8628 1171.7144 1180.566 1183.8605 1186.8778 1190.4701 1194.0625 1197.6548 1201.2472 1185.5945 1187.0531 1188.5118 1189.9704 1191.429 1197.1221
-9999 1162.4227 1154.984 1147.5453 1140.1066 1132.6679 1125.2292 1108.6292 1094.643 1080.8072 1066.9713 1053.1355 1039.2996 1033.6297 1048.838 1064.8993 1080.9605 1097.0217 1113.083 1125.5077 1129.5427 1133.5778 1137.6128 1141.6479 1145.6829 1159.5107 1167.7018 1172.2244 1176.747 1181.2697 1185.7923 1197.5191 1223.1329 1248.7467 1274.3606 1299.9744 1325.5883 1326.4936 1293.8029 1258.4443 1223.0857 1187.7271 1152.3685 1137.977 1146.8286 1155.6802 1164.5318 1173.3834 1182.235 1181.9292 1185.5215 1189.1139 1192.7062 1196.2986 1199.6588 1201.3751 1202.8337 1204.2923 1205.7509 1207.2095
-9999 1178.1745 1170.7358 1163.2971 1155.8584 1145.9799 1130.0763 1113.172 1095.1128 1079.7575 1065.9217 1052.0858 1038.25 1032.5801 1043.2628 1056.8443 1072.9056 1088.9668 1105.028 1117.4528 1121.4878 1125.5228 1129.5579 1134.2559 1148.3638 1164.5753 1186.425 1199.4807 1204.0033 1208.526 1213.0486 1224.7753 1250.3892 1276.003 1301.6169 1321.1208 1311.9412 1309.188 1315.6286 1293.7659 1258.4073 1223.0487 1187.6901 1172.131 1170.8055 1178.4092 1187.2608 1196.1124 1204.964 1200.6478 1195.8701 1199.4625 1203.0548 1206.6472 1210.0073 1212.5632 1214.5161 1215.9747 1217.4333 1218.892
-9999 1193.9263 1186.4876 1179.0489 1166.4264 1150.5227 1134.6191 1117.7148 1099.6556 1081.5964 1064.8721 1051.0362 1037.2004 1031.5304 1042.2132 1052.8959 1064.8506 1080.9119 1096.9731 1109.3978 1113.4328 1117.4679 1125.2126 1139.3205 1153.4284 1169.6399 1191.4895 1213.3392 1231.2596 1235.7823 1240.3049 1252.0316 1277.6455 1303.2593 1312.9948 1303.8152 1294.6357 1291.8825 1298.323 1304.7636 1293.7289 1258.3703 1223.0117 1207.4526 1206.1271 1204.8016 1209.9899 1218.8415 1227.6931 1223.3768 1216.7848 1210.1928 1213.4034 1216.9958 1220.3559 1222.9118 1225.4677 1227.6572 1229.1158 1230.5744
-9999 1209.6781 1202.2394 1186.8728 1170.9691 1155.0655 1139.1619 1122.2576 1104.1984 1086.1392 1068.08 1050.0209 1036.1507 1030.4808 1041.1635 1051.8463 1062.529 1073.2117 1088.9182 1101.3429 1105.3779 1116.1692 1130.2771 1144.385 1158.4929 1174.7044 1196.5541 1218.4038 1240.2535 1262.1032 1267.5612 1279.2879 1304.9018 1304.8688 1295.6892 1286.5097 1277.3302 1274.577 1281.0175 1287.458 1293.8986 1293.6919 1258.3333 1242.7742 1241.4487 1240.1232 1238.7977 1241.5705 1250.4221 1246.1059 1239.5139 1232.9218 1226.3298 1227.3444 1230.7045 1233.2604 1235.8163 1238.3721 1240.7982 1242.2568
-9999 1223.2228 1207.3192 1191.4156 1175.5119 1159.6083 1143.7047 1126.8004 1108.7412 1090.682 1072.6228 1054.5636 1036.5045 1029.4312 1040.1139 1050.7966 1061.4794 1072.1621 1082.8448 1093.2879 1107.1259 1121.2338 1135.3417 1149.4496 1163.5575 1179.769 1201.6187 1223.4684 1245.3181 1267.1678 1289.0175 1305.9223 1296.7428 1287.5632 1278.3837 1269.2042 1260.0247 1257.2714 1263.712 1270.1525 1276.593 1283.0336 1289.4741 1278.0958 1276.7703 1275.4448 1274.1193 1272.7938 1273.1512 1268.8349 1262.2429 1255.6509 1249.0589 1242.4668 1241.0531 1243.609 1246.1648 1248.7207 1251.2766 1253.8324
-9999 1221.1186 1205.215 1189.3114 1173.4077 1157.5041 1150.6452 1144.4212 1126.362 1108.3028 1090.2436 1072.1845 1051.9483 1039.0751 1049.9787 1060.6614 1071.3442 1082.0269 1092.7097 1104.4281 1118.536 1132.6439 1146.7518 1160.8597 1175.6414 1190.8955 1205.2782 1227.1279 1248.9776 1270.8273 1292.677 1303.9281 1294.7486 1285.569 1276.3895 1267.21 1256.1684 1250.4407 1256.8813 1263.3218 1269.7623 1276.2029 1281.8837 1285.0228 1284.7726 1283.4471 1282.1216 1280.7961 1279.4706 1273.6546 1267.0626 1260.4706 1253.8785 1250.0366 1261.6093 1264.1651 1266.721 1269.2769 1271.8327 1266.7
-9999 1216.7663 1200.8627 1184.9591 1169.0554 1168.6587 1172.6892 1166.4652 1148.406 1130.3468 1112.2876 1089.8636 1065.0553 1052.1822 1063.2098 1074.2177 1084.9004 1095.5831 1106.2659 1117.9843 1132.0922 1146.2001 1160.308 1175.9216 1192.7798 1208.0338 1218.9884 1230.3122 1252.1619 1274.0116 1295.8613 1307.1124 1297.9329 1288.7534 1279.5738 1267.1134 1252.8804 1247.1528 1253.5933 1260.0338 1266.4743 1271.7787 1276.7656 1279.9047 1281.7154 1282.2096 1280.884 1279.5585 1278.233 1272.4171 1265.8251 1259.233 1259.8693 1274.0451 1285.6177 1288.1736 1290.7295 1293.2853 1284.8617 1272.1563
-9999 1212.4141 1196.5104 1182.6416 1186.6721 1190.7027 1194.7332 1188.5091 1170.45 1152.3908 1127.7789 1102.9706 1078.1623 1065.2892 1076.3168 1087.3444 1098.3721 1109.1394 1119.8221 1131.5406 1145.6485 1159.7564 1176.2018 1193.06 1209.9182 1225.1722 1236.1267 1247.0812 1258.0358 1277.1959 1299.0456 1310.2967 1301.1172 1291.9377 1278.0584 1263.8254 1249.5924 1243.8648 1250.3053 1256.6867 1261.6736 1266.6605 1271.6474 1274.7866 1276.5973 1278.408 1279.6465 1278.321 1276.9955 1271.1796 1264.5875 1269.702 1283.8778 1298.0536 1309.6262 1312.1821 1314.738 1303.0235 1290.3181 1277.6127
-9999 1208.0618 1200.655 1204.6855 1208.7161 1212.7466 1216.7772 1210.5531 1190.5025 1165.6942 1140.8859 1116.0776 1091.2693 1078.3962 1089.4238 1100.4514 1111.4791 1122.5067 1133.3783 1145.0968 1159.6238 1176.482 1193.3402 1210.1983 1227.0565 1242.3106 1253.2651 1264.2196 1275.1741 1286.1286 1302.2299 1313.481 1303.2365 1289.0035 1274.7705 1260.5374 1246.3044 1240.5768 1246.5816 1251.5685 1256.5554 1261.5424 1266.5293 1269.6684 1271.4792 1273.2899 1275.1006 1276.9114 1275.758 1269.942 1279.5347 1293.7105 1307.8863 1322.062 1333.6347 1333.8907 1321.1853 1308.4799 1295.7744 1283.069
-9999 1214.5037 1218.5343 1222.5648 1226.5954 1230.6259 1234.6565 1227.616 1202.8077 1177.9994 1153.1911 1128.3828 1103.5745 1090.2479 1101.2756 1112.3032 1123.3309 1134.3585 1145.3861 1158.1768 1175.035 1191.8932 1208.7514 1225.6095 1242.4677 1254.1315 1265.086 1276.0405 1286.995 1297.9496 1308.9041 1311.2554 1297.0223 1282.7893 1268.5563 1254.3233 1240.0902 1235.0439 1240.0309 1245.0178 1250.0047 1254.9916 1259.9786 1265 1266.8108 1268.6215 1270.4323 1272.243 1274.0538 1286.2665 1300.4423 1314.618 1328.7938 1342.9696 1351.4237 1338.7183 1326.0128 1313.3074 1300.602 1287.8966
-9999 1200.9726 1205.0031 1209.0336 1213.0642 1217.0947 1223.3828 1221.2913 1209.0658 1184.2575 1159.4492 1134.6409 1109.8326 1095.9475 1103.9366 1114.688 1125.7156 1136.7433 1147.7709 1160.5616 1177.4198 1194.278 1211.1361 1227.9943 1242.9647 1250.3444 1239.5923 1247.7568 1258.7113 1269.6659 1280.6204 1282.9717 1268.7386 1254.5056 1240.2726 1226.0396 1221.5863 1220.9585 1222.6754 1227.6624 1232.6493 1237.6362 1242.6231 1253.4867 1265.5345 1267.3452 1269.156 1270.9667 1272.7775 1284.2686 1297.9624 1312.1382 1326.3139 1340.4897 1349.1265 1338.5768 1326.0978 1313.3924 1300.687 1287.9815
-9999 1187.4414 1191.4719 1195.5025 1200.0478 1206.5539 1213.06 1210.9684 1198.9541 1186.9398 1165.7072 1140.899 1116.0907 1102.2055 1110.1947 1118.1839 1128.1004 1139.128 1150.1557 1162.9464 1179.8046 1196.6627 1213.5209 1227.7458 1241.8905 1249.2702 1238.518 1227.7659 1230.4276 1241.3822 1252.3367 1254.688 1240.4549 1226.2219 1212.7742 1210.5901 1208.406 1207.7782 1209.3769 1210.9756 1215.2938 1220.2808 1225.2677 1236.1312 1251.2194 1266.0689 1267.8797 1269.6904 1271.5012 1282.9923 1296.1564 1309.6583 1323.834 1338.0098 1346.6466 1336.0969 1325.5473 1313.4774 1300.7719 1288.0665
-9999 1173.9102 1177.9408 1183.2188 1189.7249 1196.231 1202.7371 1200.6456 1188.6312 1176.6169 1164.6025 1147.157 1122.3487 1108.4636 1116.4528 1124.4419 1132.4311 1141.5128 1152.5404 1165.3312 1182.1893 1198.3821 1212.5268 1226.6716 1240.8163 1248.196 1237.4438 1226.6916 1215.9395 1213.0985 1224.053 1226.4043 1212.1713 1201.778 1199.5939 1197.4098 1195.2257 1194.5979 1196.1966 1197.7953 1199.3941 1202.9253 1207.9123 1218.7758 1233.864 1248.9521 1264.0403 1268.4141 1270.2248 1281.716 1294.8801 1308.0443 1321.3541 1335.5299 1344.1667 1333.617 1323.0674 1312.5177 1300.8569 1288.1515
-9999 1160.379 1166.3899 1172.8959 1179.402 1185.9081 1192.4142 1190.3227 1178.3083 1166.294 1154.2797 1142.2653 1128.6068 1114.7217 1122.7108 1130.7 1138.6892 1146.6784 1154.9252 1167.7159 1183.1632 1197.3079 1211.4526 1225.5973 1239.742 1247.1218 1236.3696 1225.6174 1214.8653 1204.1131 1195.7693 1198.1206 1190.7818 1188.5977 1186.4136 1184.2295 1182.0454 1181.4176 1183.0163 1184.6151 1186.2138 1187.8125 1190.5568 1201.4204 1216.5085 1231.5967 1246.6848 1261.773 1268.9485 1280.4397 1293.6038 1306.768 1319.9321 1333.0963 1341.6868 1331.1371 1320.5875 1310.0378 1299.4882 1288.2365
-9999 1159.5999 1166.106 1172.6121 1179.1182 1185.6243 1192.1304 1187.4273 1175.413 1163.3986 1151.3843 1139.3699 1127.3556 1122.5993 1129.259 1137.2481 1145.2373 1153.2265 1161.2157 1171.0662 1185.2109 1199.3556 1213.5003 1227.645 1241.7897 1244.6734 1235.3463 1224.5942 1213.842 1203.0898 1192.3377 1184.5121 1182.328 1180.1439 1177.9598 1175.7757 1173.5916 1181.2121 1182.8108 1184.4095 1186.0083 1187.607 1189.133 1186.7853 1201.8734 1216.9616 1232.0497 1247.1379 1262.226 1275.6737 1288.8378 1302.002 1315.1661 1328.3303 1333.9628 1323.4131 1312.8635 1302.3138 1291.7642 1281.9841
-9999 1175.2704 1181.7764 1188.2825 1194.7886 1199.5933 1201.1039 1196.3359 1184.3216 1172.3072 1160.2929 1149.4964 1143.2973 1139.3794 1140.0297 1144.2572 1152.2464 1160.2356 1168.2248 1178.0753 1192.22 1206.3647 1220.5094 1233.2504 1235.4323 1235.7551 1231.0952 1223.6519 1212.8997 1202.1476 1191.3954 1183.5698 1181.3857 1179.2016 1177.0175 1178.5245 1192.653 1201.6265 1203.2252 1204.824 1206.4227 1207.6839 1208.3601 1203.8341 1195.5683 1206.6497 1221.7379 1236.826 1251.9142 1265.3618 1278.526 1291.6901 1304.8543 1313.6412 1317.9046 1307.355 1296.8053 1286.2557 1278.9548 1278.6222
-9999 1190.9408 1197.4469 1203.953 1206.9913 1208.5019 1210.0125 1205.2445 1193.2302 1181.2159 1172.4756 1166.2765 1160.0774 1156.1594 1156.8098 1157.4601 1159.2555 1167.2447 1175.2339 1185.0844 1199.2291 1213.3738 1222.1502 1224.3321 1226.5139 1226.8367 1222.1768 1217.5169 1211.9575 1201.2053 1190.4531 1182.6276 1180.4435 1178.2594 1184.8105 1198.9389 1213.0674 1222.041 1223.6397 1225.2384 1226.2348 1226.911 1227.5872 1223.0612 1214.7954 1206.5295 1211.426 1226.5142 1241.6023 1255.05 1268.2141 1280.5032 1289.0431 1297.583 1301.8465 1291.2968 1280.7472 1275.9254 1275.5929 1275.2603
-9999 1206.6113 1212.8786 1214.3892 1215.8999 1217.4105 1218.9212 1214.1532 1202.1388 1195.4548 1189.2557 1183.0566 1176.8574 1172.9395 1173.5898 1174.2402 1174.8905 1175.5409 1182.2429 1192.0935 1206.2382 1211.05 1213.2319 1215.4137 1217.5956 1217.9184 1213.2585 1208.5986 1203.9386 1199.2787 1189.5109 1181.6853 1179.5012 1191.0964 1205.2249 1219.3534 1233.4818 1242.4554 1244.0541 1244.7857 1245.4619 1246.1381 1246.8143 1242.2883 1234.0225 1225.7567 1217.4908 1216.2023 1231.2904 1244.7381 1255.9051 1264.445 1272.985 1281.5249 1285.7884 1275.2387 1272.8961 1272.5635 1272.2309 1271.8983
-9999 1220.2766 1221.7872 1223.2979 1224.8085 1226.3192 1227.8298 1224.6332 1218.434 1212.2349 1206.0358 1199.8366 1193.6375 1189.7196 1190.3699 1191.0203 1191.6706 1192.3209 1192.9713 1197.768 1199.9498 1202.1317 1204.3135 1206.4954 1208.6772 1209 1204.3401 1199.6802 1195.0203 1190.3604 1185.7005 1183.2539 1197.3824 1211.5108 1225.6393 1239.7678 1253.8963 1262.6605 1263.3367 1264.0129 1264.689 1265.3652 1266.0414 1261.5154 1253.2496 1244.9838 1236.718 1228.4521 1220.9786 1231.307 1239.847 1248.3869 1256.9268 1265.4667 1270.1993 1269.8668 1269.5342 1269.2016 1268.869 1268.5364
-9999 1240.1349 1241.6455 1243.1562 1244.6668 1246.1774 1234.4351 1220.5048 1214.3057 1208.1065 1201.9074 1195.7083 1201.5936 1212.4444 1207.2808 1207.9311 1208.5815 1209.2318 1209.8822 1210.9956 1213.1775 1215.3593 1217.5412 1219.723 1219.4107 1214.8625 1209.6452 1204.9853 1200.3254 1195.6655 1191.0056 1192.7632 1206.8916 1221.0201 1235.1486 1249.2771 1259.2042 1262.9362 1263.6124 1264.2886 1264.9648 1265.641 1268.7475 1268.4654 1262.4229 1254.1571 1245.8913 1237.6254 1229.3596 1235.4231 1243.963 1252.5029 1261.0428 1266.2021 1262.8707 1262.5381 1262.2055 1261.8729 1261.5403 1264.9037
