P1_models/J1_p1_tot_conduct_slide_195.49.dat.tif
NCOLS 118
NROWS 92
XLLCORNER 139.62
YLLCORNER -39.07
DX 0.099491525
DY 0.099347826
NODATA_VALUE -9999
[rows 26 to 51 of 92, columns 0 to 57 of 118]
-2.6878665 -2.674812 -2.6549137 -2.643887 -2.6391493 -2.6603993 -2.6753231 -2.7083414 -2.7557183 -2.8144834 -2.8940766 -2.9787927 -3.0733097 -3.1617687 -3.2562856 -3.3279023 -3.4124701 -3.4802161 -3.5448856 -3.5945127 -3.6292937 -3.6045268 -3.4353912 -3.3338543 -3.3336304 -3.3282237 -3.3227607 -3.2618497 -3.1429479 -3.0533352 -3.0426637 -3.0276417 -3.0127179 -2.9853886 -2.9330246 -2.8737294 -2.8588056 -2.8450733 -2.8293641 -2.8249671 -2.8197307 -2.8133029 -2.7983792 -2.787542 -2.7718328 -2.777685 -2.8143398 -2.8026794 -2.7660246 -2.7250625 -2.6726985 -2.6437783 -2.5813764 -2.5190414 -2.4558419 -2.393688 -2.3309826 -2.2733822
-2.740743 -2.7321396 -2.727165 -2.7249328 -2.7628343 -2.7945545 -2.8194274 -2.8554212 -2.9122735 -2.9734399 -3.0530332 -3.1377493 -3.2226264 -3.3071942 -3.391762 -3.4591774 -3.4790757 -3.5262943 -3.5561417 -3.5945127 -3.6094364 -3.578034 -3.4773831 -3.4067094 -3.3967603 -3.3878324 -3.367934 -3.3015888 -3.0827074 -2.9539874 -2.9382782 -2.9213013 -2.8964285 -2.8661712 -2.7371702 -2.6551641 -2.6402404 -2.6271479 -2.6166751 -2.6174756 -2.6331847 -2.6321449 -2.6321449 -2.626558 -2.6261227 -2.6139327 -2.6090209 -2.6097479 -2.5938217 -2.5705612 -2.5402348 -2.5866219 -2.5946228 -2.5448771 -2.4889578 -2.4365938 -2.3772135 -2.3143768
-2.7920867 -2.7901698 -2.7866967 -2.8068123 -2.8526075 -2.8990076 -2.9280868 -2.9678053 -3.0246576 -3.0895486 -3.1691419 -3.2504427 -3.3327195 -3.4023678 -3.4729029 -3.5285639 -3.5341753 -3.5525185 -3.5736413 -3.5929591 -3.5960465 -3.5789956 -3.4826961 -3.3992682 -3.3770759 -3.3576649 -3.3222085 -3.2580814 -3.0581748 -2.885083 -2.8567837 -2.8345461 -2.8041449 -2.7441371 -2.6160968 -2.5401478 -2.5252241 -2.5142859 -2.5061221 -2.5140391 -2.5334207 -2.54572 -2.5487568 -2.5518032 -2.5532201 -2.5567393 -2.5490989 -2.5426181 -2.5326166 -2.5221409 -2.5011954 -2.5627655 -2.611921 -2.566455 -2.5184688 -2.4726853 -2.4153838 -2.3497296
-2.8414459 -2.8433628 -2.8433628 -2.8766315 -2.9334838 -2.9832467 -3.0180688 -3.0624452 -3.1192975 -3.183516 -3.2631092 -3.3409948 -3.4156135 -3.4812265 -3.5409214 -3.5763764 -3.5714018 -3.5699574 -3.5848811 -3.5910977 -3.5861231 -3.5520807 -3.4476146 -3.3594788 -3.3296313 -3.292366 -3.2475948 -3.1691344 -2.9801005 -2.8273384 -2.7906836 -2.7533097 -2.7184877 -2.6552975 -2.5348604 -2.4629468 -2.448023 -2.4391025 -2.4338661 -2.44641 -2.472592 -2.491182 -2.5011311 -2.5110287 -2.5162651 -2.5221741 -2.5274105 -2.526008 -2.5207716 -2.511743 -2.5012702 -2.5655333 -2.6300598 -2.5863303 -2.5426332 -2.500742 -2.449949 -2.3818759
-2.8724921 -2.874409 -2.874409 -2.9076777 -2.9820976 -3.0408175 -3.0801612 -3.1230108 -3.1751807 -3.2383133 -3.3129319 -3.3906688 -3.4545954 -3.50932 -3.5540912 -3.584128 -3.5542805 -3.5477995 -3.542825 -3.5443063 -3.5194334 -3.4837791 -3.3726935 -3.2751087 -3.2203884 -3.177204 -3.1075599 -3.0300916 -2.8709052 -2.7198516 -2.6674877 -2.6270718 -2.5823006 -2.5186942 -2.4136701 -2.3540303 -2.3486752 -2.3442 -2.353146 -2.3715536 -2.4104996 -2.4359066 -2.4576664 -2.4770594 -2.4976374 -2.506393 -2.514992 -2.5202284 -2.5207716 -2.5155352 -2.5074795 -2.5760076 -2.6424783 -2.6037871 -2.5612609 -2.5193697 -2.4676035 -2.3942944
-2.8564924 -2.863288 -2.8636232 -2.9079815 -2.9797487 -3.0212987 -3.0592214 -3.095939 -3.1436626 -3.2195585 -3.3080247 -3.3775205 -3.4372154 -3.4688109 -3.5037402 -3.4923037 -3.4286329 -3.4034507 -3.3949921 -3.3794878 -3.3492364 -3.2982025 -3.1837872 -3.1078796 -3.0512647 -2.9911376 -2.9195481 -2.8460015 -2.7167589 -2.5830988 -2.5287535 -2.4823813 -2.440806 -2.3779035 -2.2776063 -2.2172706 -2.2170946 -2.229247 -2.2454336 -2.3452284 -2.4058791 -2.4524202 -2.479054 -2.5138276 -2.5407617 -2.5431978 -2.5536706 -2.5601514 -2.5653878 -2.5616947 -2.5564583 -2.552749 -2.6225215 -2.5869438 -2.5475358 -2.5056446 -2.4637535 -2.4003514
-2.7968837 -2.8036793 -2.8086538 -2.8415326 -2.8936472 -2.9351972 -2.9650447 -2.9965911 -3.029755 -3.0937179 -3.2131077 -3.304777 -3.3445736 -3.3760863 -3.39101 -3.35984 -3.230501 -3.1385232 -3.1235994 -3.1013139 -3.0615173 -3.0097747 -2.9301815 -2.8561985 -2.7965036 -2.7328333 -2.6582146 -2.581074 -2.4965062 -2.4175191 -2.3599187 -2.3101784 -2.2753564 -2.2139809 -2.0987802 -2.0384445 -2.0533683 -2.0769136 -2.1135684 -2.2260111 -2.4145213 -2.5186521 -2.5683978 -2.6131754 -2.6550666 -2.6615269 -2.6510541 -2.652876 -2.6581124 -2.6544193 -2.6491829 -2.6093836 -2.569536 -2.5363721 -2.5011735 -2.4592823 -2.4173912 -2.3755
-2.7838972 -2.7906928 -2.7956674 -2.8282273 -2.880342 -2.9195318 -2.9456049 -2.9747926 -3.0040213 -3.0641484 -3.1747862 -3.266854 -3.2953837 -3.3103117 -3.3162799 -3.2862376 -3.1614272 -3.0600797 -3.0222588 -2.9922927 -2.9293448 -2.877921 -2.7932029 -2.705063 -2.6217083 -2.5566066 -2.4772051 -2.4012856 -2.3215515 -2.2490232 -2.2106977 -2.1710726 -2.1628627 -2.1014075 -2.0141605 -1.9936665 -2.0328126 -2.0631397 -2.1117351 -2.2377119 -2.4437591 -2.5560115 -2.6121365 -2.6603591 -2.7053384 -2.7049994 -2.6892959 -2.6868071 -2.6899009 -2.681743 -2.6748369 -2.6301 -2.5869346 -2.5427162 -2.505577 -2.4587244 -2.4135415 -2.362673
-2.7680831 -2.7704619 -2.7754364 -2.8079964 -2.8601009 -2.8944407 -2.9191737 -2.9434968 -2.9716223 -3.0198941 -3.1256271 -3.2043305 -3.2242288 -3.2258729 -3.2266314 -3.1930636 -3.0704873 -2.9647839 -2.9202627 -2.8654237 -2.7957754 -2.723839 -2.6342966 -2.5397542 -2.454089 -2.3735763 -2.2962797 -2.2257924 -2.1545932 -2.0936842 -2.0641347 -2.0535932 -2.0558263 -2.0299442 -1.9618711 -1.9722669 -2.0186483 -2.0751606 -2.1289072 -2.2777119 -2.4924041 -2.615339 -2.6750339 -2.7224175 -2.769545 -2.7584233 -2.7374777 -2.73 -2.73 -2.7135705 -2.7030977 -2.653062 -2.6056638 -2.5568126 -2.5095963 -2.4598149 -2.4093956 -2.3561775
-2.7426304 -2.7435072 -2.7435072 -2.7729848 -2.8203618 -2.8547015 -2.8745999 -2.8971345 -2.9208229 -2.9669086 -3.0514764 -3.1165674 -3.1265166 -3.1265251 -3.1066268 -3.0605998 -2.9461845 -2.8455665 -2.780897 -2.7130904 -2.623548 -2.5372366 -2.437745 -2.3410586 -2.2515162 -2.1682574 -2.0986134 -2.0337199 -1.9889487 -1.9479741 -1.9427377 -1.9476222 -1.9874188 -1.9913061 -1.9703606 -1.9855133 -2.0501828 -2.1148997 -2.1882092 -2.3447065 -2.5908171 -2.72131 -2.7810049 -2.8272957 -2.8639505 -2.846052 -2.7989245 -2.7881167 -2.7829855 -2.7606617 -2.7362136 -2.6813028 -2.6255334 -2.5702603 -2.5162195 -2.4586192 -2.4027724 -2.3451721
-2.6376427 -2.6376427 -2.6376427 -2.6653666 -2.7330248 -2.7824338 -2.799305 -2.8165641 -2.8338768 -2.8738102 -2.9474918 -3.0064451 -3.010186 -2.993614 -2.9587939 -2.9180184 -2.826291 -2.7212062 -2.6412082 -2.566009 -2.4687006 -2.3762515 -2.2658688 -2.1519578 -2.0743695 -1.998344 -1.9529132 -1.8884725 -1.8396149 -1.8166201 -1.8480266 -1.8700661 -1.9356792 -1.9553492 -2.0051641 -2.1237579 -2.2081661 -2.2763902 -2.3496997 -2.3862296 -2.5026151 -2.6148096 -2.654966 -2.6829785 -2.7055882 -2.7281662 -2.7034553 -2.6842715 -2.6776398 -2.6634739 -2.6391369 -2.6425802 -2.5904532 -2.5351802 -2.4782127 -2.4163982 -2.357152 -2.2958102
-2.5451053 -2.5397826 -2.5397826 -2.5869134 -2.6674541 -2.7066457 -2.7215695 -2.7327575 -2.7469706 -2.7688578 -2.8385018 -2.8825315 -2.8775569 -2.8508597 -2.8109709 -2.755115 -2.6704502 -2.5843273 -2.4996117 -2.4105312 -2.3110397 -2.2028278 -2.0734888 -1.9799134 -1.9070968 -1.8527536 -1.8157666 -1.785076 -1.7389487 -1.7240713 -1.7694465 -1.8327112 -1.9073523 -2.0023579 -2.1385042 -2.2605039 -2.3550208 -2.4322983 -2.5056078 -2.5319203 -2.5319203 -2.5385913 -2.5584896 -2.569858 -2.5750944 -2.5856662 -2.6013754 -2.5971248 -2.586652 -2.5700115 -2.5543023 -2.5566405 -2.5594995 -2.5011879 -2.4430473 -2.3796807 -2.316844 -2.2540072
-2.5188555 -2.5107719 -2.5008228 -2.5427803 -2.6043703 -2.6390993 -2.6440739 -2.6522863 -2.657024 -2.6757441 -2.7105661 -2.7433097 -2.7184368 -2.68528 -2.6355343 -2.5762889 -2.4867465 -2.398878 -2.3093357 -2.2184587 -2.1189672 -2.0107553 -1.9146947 -1.8342032 -1.789432 -1.7467826 -1.7467826 -1.7320905 -1.7271159 -1.7306945 -1.8197132 -1.8989431 -2.0034092 -2.1086346 -2.2709629 -2.3984071 -2.4780004 -2.5492585 -2.5963861 -2.6124764 -2.581058 -2.5812275 -2.5862021 -2.5963507 -2.6015871 -2.6103427 -2.621245 -2.6169943 -2.6065215 -2.5871192 -2.5675487 -2.5666522 -2.5661227 -2.499795 -2.4364241 -2.368351 -2.3035976 -2.2407609
-2.490634 -2.4779147 -2.4662874 -2.4982015 -2.5511913 -2.5688802 -2.5670155 -2.565282 -2.5626979 -2.5692778 -2.5896925 -2.604023 -2.5751837 -2.5287599 -2.4730479 -2.4120606 -2.3255522 -2.2375649 -2.1511074 -2.0660777 -1.9822648 -1.8842266 -1.7961171 -1.7496807 -1.7340461 -1.7136055 -1.7431997 -1.7523057 -1.7740439 -1.8005825 -1.9095461 -2.0055403 -2.1129472 -2.2365857 -2.3956912 -2.5023961 -2.5641919 -2.6196567 -2.6543562 -2.6541956 -2.6167387 -2.6039198 -2.6071994 -2.6092799 -2.6129227 -2.6216783 -2.6321511 -2.626656 -2.6161832 -2.5967809 -2.5758353 -2.57 -2.5674294 -2.492189 -2.4242973 -2.3527572 -2.2863299 -2.2234932
-2.4667617 -2.4474912 -2.4325675 -2.4513284 -2.4939676 -2.4944463 -2.4844972 -2.4729564 -2.463481 -2.4635894 -2.4735386 -2.4664114 -2.4266148 -2.3801911 -2.3204962 -2.2545832 -2.1700154 -2.0890708 -2.004503 -1.9283785 -1.8537598 -1.782048 -1.7173785 -1.6836232 -1.6836232 -1.7030348 -1.747806 -1.7963161 -1.8311381 -1.8865675 -2.0070046 -2.1182509 -2.2276916 -2.3511862 -2.5030417 -2.6088409 -2.6536121 -2.6867695 -2.7077151 -2.6945081 -2.6473805 -2.6281522 -2.6281522 -2.6281522 -2.6281522 -2.62885 -2.6393227 -2.6338277 -2.6233549 -2.6021409 -2.5811954 -2.5497001 -2.5426179 -2.4674022 -2.3945554 -2.3212459 -2.2666266 -2.2037898
-2.4601385 -2.4346998 -2.4060747 -2.4197121 -2.3818106 -2.3524506 -2.3325523 -2.3180359 -2.2990851 -2.3005677 -2.3254406 -2.3207013 -2.2809047 -2.234481 -2.174786 -2.1102733 -2.0356547 -1.9592042 -1.8945347 -1.8259981 -1.7812269 -1.7158161 -1.6788452 -1.6672308 -1.7020529 -1.7330948 -1.8176626 -1.8785597 -1.9482038 -2.0119981 -2.1271988 -2.2327082 -2.3123014 -2.4306645 -2.6005218 -2.7088536 -2.7287519 -2.7571275 -2.7676003 -2.7541168 -2.7069892 -2.6877609 -2.6877609 -2.6877609 -2.6877609 -2.670165 -2.6525691 -2.647074 -2.6366012 -2.6082694 -2.5811954 -2.4368109 -2.3571686 -2.2963683 -2.2300448 -2.1776808 -2.1401206 -2.1663025
-2.4471278 -2.4197723 -2.3857476 -2.34706 -2.3058339 -2.2714941 -2.248622 -2.2194343 -2.1965779 -2.1931185 -2.2144504 -2.2040564 -2.1642598 -2.117836 -2.0597082 -2.0083565 -1.9439228 -1.8724143 -1.8125177 -1.7781575 -1.7378032 -1.7220405 -1.6968342 -1.7137961 -1.7523231 -1.8314291 -1.9271988 -2.007864 -2.0762253 -2.146143 -2.2571176 -2.339469 -2.412455 -2.4963221 -2.6668759 -2.7691507 -2.7853764 -2.792613 -2.8015429 -2.7805081 -2.7313649 -2.71 -2.71 -2.71 -2.71 -2.6924041 -2.6662221 -2.6520161 -2.6381627 -2.6090592 -2.5737875 -2.4285065 -2.2713715 -2.2105712 -2.1516607 -2.0992967 -2.0716206 -2.1019402
-2.4300474 -2.3941244 -2.3543278 -2.3100953 -2.2627184 -2.2207507 -2.1909032 -2.1609887 -2.1325625 -2.1144895 -2.119464 -2.10907 -2.0692734 -2.0305246 -1.9807788 -1.9337886 -1.8790682 -1.8364847 -1.8066373 -1.788622 -1.7786728 -1.7745372 -1.7844864 -1.8178081 -1.8874522 -1.9665581 -2.0710242 -2.1559398 -2.2106601 -2.2668678 -2.3506502 -2.4157739 -2.4555705 -2.5359675 -2.6982958 -2.7928244 -2.7977989 -2.8021543 -2.8073907 -2.7837288 -2.7313649 -2.71 -2.71 -2.71 -2.71 -2.6916772 -2.6654952 -2.6465703 -2.6308611 -2.5951121 -2.5584574 -2.4033013 -2.2443457 -2.1835453 -2.1268156 -2.0744516 -2.0555396 -2.1026671
-2.4176289 -2.3794709 -2.3357001 -2.2914676 -2.2351982 -2.1864379 -2.1474385 -2.1160515 -2.0828886 -2.0627524 -2.0577778 -2.0469776 -2.0144176 -1.9845702 -1.9547227 -1.9142258 -1.8893529 -1.8538723 -1.8538723 -1.8445146 -1.874362 -1.873885 -1.9006547 -1.9509047 -2.0404471 -2.1217891 -2.2262552 -2.3060052 -2.3159544 -2.3615046 -2.4033957 -2.4605866 -2.4755103 -2.5545952 -2.7091083 -2.7990336 -2.8040082 -2.8069361 -2.8073907 -2.7837288 -2.7313649 -2.71 -2.71 -2.71 -2.71 -2.6888849 -2.659286 -2.637096 -2.6184426 -2.5714801 -2.5274112 -2.3722551 -2.2132995 -2.1524991 -2.0971079 -2.0604531 -2.0458779 -2.1087147
-2.4369036 -2.3879431 -2.3419923 -2.2901515 -2.2315689 -2.1707483 -2.127967 -2.0890501 -2.0547305 -2.0280144 -2.0198467 -2.0063339 -1.976561 -1.9616331 -1.9402771 -1.9216711 -1.9072931 -1.9010812 -1.9136812 -1.9332362 -1.9760395 -2.0073404 -2.0421624 -2.0991226 -2.1886649 -2.2755039 -2.3699531 -2.4835252 -2.5468842 -2.5635439 -2.6033957 -2.6343766 -2.6476444 -2.7079399 -2.8529383 -2.8792641 -2.8842387 -2.8871667 -2.8871667 -2.871404 -2.8219518 -2.800587 -2.800587 -2.7944942 -2.7938768 -2.6855299 -2.6541115 -2.6206118 -2.5996662 -2.548577 -2.496213 -2.3468706 -2.1880986 -2.1304697 -2.0785976 -2.0484889 -2.046397 -2.1126522
-2.4870562 -2.4343055 -2.3746105 -2.311143 -2.2448153 -2.1839947 -2.1292743 -2.0824269 -2.0445254 -2.0147681 -1.9998443 -1.983213 -1.9633147 -1.9483867 -1.9434121 -1.9415407 -1.9465153 -1.9606899 -1.995512 -2.0392073 -2.1038768 -2.162537 -2.2073082 -2.2647023 -2.3542447 -2.4410836 -2.5206769 -2.6159889 -2.7552771 -2.8682105 -2.9048653 -2.93242 -2.9423692 -2.9633805 -3.0052716 -3.0315975 -3.036572 -3.0395 -3.0395 -3.0237373 -2.9923189 -2.979413 -2.979413 -2.9733203 -2.9628475 -2.8468428 -2.6792781 -2.6120779 -2.5754232 -2.5209746 -2.4633742 -2.3169196 -2.1682291 -2.112956 -2.0653512 -2.0444057 -2.0530202 -2.1263297
-2.4996295 -2.4438735 -2.3809516 -2.3173753 -2.2436497 -2.1778493 -2.1231289 -2.0762163 -2.0383148 -2.0102942 -1.9998008 -1.9831695 -1.9747554 -1.9830393 -2.0052572 -2.0131301 -2.0456022 -2.0692378 -2.1318625 -2.1832312 -2.2713238 -2.3301797 -2.3618668 -2.3943879 -2.4599987 -2.5373759 -2.5831089 -2.6731089 -2.792845 -2.9010805 -2.918243 -2.9440769 -2.9495363 -2.9700693 -3.0119605 -3.0361889 -3.037072 -3.04 -3.04 -3.0242373 -2.9928189 -2.9741102 -2.9676223 -2.9584831 -2.9448679 -2.8253005 -2.6550662 -2.5833088 -2.5444571 -2.4854785 -2.4261541 -2.2846153 -2.1377704 -2.0990792 -2.0564492 -2.050551 -2.0641683 -2.1511069
-2.5174837 -2.4591697 -2.3945002 -2.3233156 -2.2475125 -2.1793519 -2.1244337 -2.0797205 -2.0421775 -2.0176739 -2.0093238 -2.0027899 -2.0027899 -2.0295895 -2.0589684 -2.0934768 -2.132107 -2.184035 -2.2537189 -2.3274138 -2.4180099 -2.4872049 -2.5071032 -2.5081874 -2.5659243 -2.6184285 -2.6571683 -2.7188505 -2.8357261 -2.9264317 -2.9396566 -2.9516992 -2.9566737 -2.9738805 -3.0157716 -3.037442 -3.037442 -3.0352877 -3.0348841 -3.0191213 -2.987703 -2.9664363 -2.9564871 -2.938071 -2.9223618 -2.8010772 -2.6282762 -2.5527164 -2.5108252 -2.453633 -2.3907962 -2.2591905 -2.1167076 -2.0851395 -2.056289 -2.0538224 -2.0815031 -2.172346
-2.5428784 -2.4852585 -2.4156145 -2.3431851 -2.2673821 -2.1992214 -2.1395265 -2.0929668 -2.059803 -2.0375435 -2.0375435 -2.0394609 -2.0593592 -2.0891982 -2.138944 -2.1862015 -2.2409218 -2.3032524 -2.3927948 -2.4797472 -2.5742641 -2.6404504 -2.6155776 -2.6075352 -2.6423572 -2.6780372 -2.6979355 -2.7453433 -2.854784 -2.9396781 -2.9449145 -2.9516992 -2.9566737 -2.9729642 -3.009619 -3.0308188 -3.0308188 -3.0286645 -3.0234281 -3.005875 -2.9744566 -2.9528029 -2.9378792 -2.9172246 -2.8910426 -2.7679613 -2.5951602 -2.5181665 -2.4710861 -2.4158006 -2.3576803 -2.2355929 -2.1100844 -2.0879751 -2.0695354 -2.0747718 -2.1079958 -2.2074873
-2.5163132 -2.4595122 -2.4010905 -2.334033 -2.2648588 -2.201678 -2.1451221 -2.1026082 -2.0730494 -2.0516087 -2.0592209 -2.0758522 -2.1032102 -2.1430026 -2.1976197 -2.2637384 -2.3394508 -2.4050567 -2.4922651 -2.5798414 -2.6652257 -2.7107765 -2.7082268 -2.7359048 -2.7663639 -2.7885333 -2.803979 -2.8472926 -2.9338557 -2.9761419 -2.9813783 -2.9865252 -2.9890217 -3.0011671 -2.9351172 -2.8442609 -2.8413845 -2.8363022 -2.8310658 -2.8126938 -2.7849433 -2.7654261 -2.7505024 -2.7290289 -2.702847 -2.578128 -2.5831639 -2.5547027 -2.5126078 -2.4578606 -2.410733 -2.2947355 -2.2079394 -2.1858302 -2.169847 -2.1772972 -2.2157494 -2.288375
-2.5012114 -2.4595572 -2.4048368 -2.3433241 -2.2769964 -2.218536 -2.163883 -2.1235684 -2.0953705 -2.0857851 -2.102047 -2.1238012 -2.1586232 -2.2115546 -2.2735618 -2.3396804 -2.4192736 -2.4988669 -2.5825622 -2.6566003 -2.7266025 -2.7866872 -2.8115601 -2.8249428 -2.8467407 -2.8675585 -2.8814063 -2.905436 -2.9590297 -3 -3.0041246 -3.0058733 -3.0051449 -2.9530932 -2.7960013 -2.70095 -2.6956454 -2.6862544 -2.6804716 -2.6622992 -2.6361172 -2.6141725 -2.5992488 -2.5802028 -2.5540209 -2.5714049 -2.6028233 -2.5856367 -2.5437455 -2.5070997 -2.4599722 -2.3806268 -2.294198 -2.2765766 -2.2605933 -2.2698117 -2.2868679 -2.3316504
