P1_models/J1_p1__temp2_slide_180.dat.tif
NCOLS 118
NROWS 92
XLLCORNER 139.62
YLLCORNER -39.07
DX 0.099491525
DY 0.099347826
NODATA_VALUE -9999
[rows 0 to 26 of 92, columns 0 to 59 of 118]
-9999 -9999 -9999 -9999 -9999 -9999 -9999 -9999 -9999 -9999 -9999 -9999 -9999 -9999 -9999 -9999 -9999 -9999 -9999 -9999 -9999 -9999 -9999 -9999 -9999 -9999 -9999 -9999 -9999 -9999 -9999 -9999 -9999 -9999 -9999 -9999 -9999 -9999 -9999 -9999 -9999 -9999 -9999 -9999 -9999 -9999 -9999 -9999 -9999 -9999 -9999 -9999 -9999 -9999 -9999 -9999 -9999 -9999 -9999 -9999
-9999 964.81569 966.16061 967.50554 968.85047 970.1954 971.85792 971.41201 968.64751 966.46196 964.2764 962.09085 959.9053 957.253 954.35785 952.25592 950.154 948.05207 945.95015 943.12459 938.62956 934.13453 929.63951 925.14448 921.49465 923.56792 928.84858 936.78025 944.71191 952.64358 960.57525 963.8654 958.20821 952.55102 946.89384 941.23665 938.08273 936.29269 931.28733 929.86461 928.44188 927.01915 925.59642 937.63476 947.85106 954.39516 960.93926 967.48336 974.02746 984.97708 1004.2742 1023.5713 1042.8684 1062.1654 1074.6079 1067.4469 1066.1304 1064.8139 1063.4974 1062.1809
-9999 971.44674 972.79167 974.1366 975.48153 977.39105 979.65424 979.20833 975.63577 972.49816 970.31261 968.12706 965.94151 963.28921 959.7022 956.43847 954.33654 952.23462 950.13269 947.30713 942.8121 938.31708 933.82205 931.68246 933.27234 935.34561 938.71449 942.95761 950.88928 958.82094 966.75261 970.04277 964.38558 958.72839 953.0712 952.07227 955.89207 954.10203 944.28634 937.54709 936.12436 934.70163 933.2789 945.31725 967.03258 980.06747 986.61157 993.15567 999.69976 1010.3036 1021.609 1039.9334 1059.2305 1078.5276 1090.9701 1079.6689 1070.8606 1069.5441 1068.2276 1066.9111
-9999 978.07779 979.42272 980.76765 982.92419 985.18738 987.45056 987.00465 983.43209 979.85953 976.34882 974.16327 971.97772 969.32541 965.73841 962.15141 958.56441 956.41716 954.31524 951.48967 946.99465 942.49962 941.87027 943.46015 945.05002 947.12329 950.49218 953.86106 957.22994 964.99831 972.92998 976.22013 970.56294 964.90575 966.06181 969.88161 973.70141 971.91137 962.09568 952.27998 943.80685 942.38412 940.96139 952.99973 974.71506 996.4304 1012.2839 1018.828 1025.3721 1035.9759 1047.2813 1058.5867 1075.5927 1094.8898 1107.3322 1096.0311 1084.7299 1074.2743 1072.9578 1071.6413
-9999 984.70885 986.19413 988.45732 990.72051 992.9837 995.24688 994.80097 991.22841 987.65585 984.08329 980.51073 978.01393 975.36162 971.77462 968.18762 964.60062 961.01362 958.49778 955.67222 951.17719 952.05808 953.64796 955.23783 956.82771 958.90098 962.26986 965.63875 969.00763 972.37651 979.10734 982.3975 976.74031 980.05135 983.87115 987.69095 991.51075 989.72071 979.90502 970.08932 960.27362 950.45793 948.64387 960.68221 982.39755 1004.1129 1025.8282 1044.5003 1051.0444 1061.6482 1072.9536 1084.2591 1095.5645 1111.252 1123.6944 1112.3932 1101.0921 1089.7909 1078.4897 1076.3715
-9999 991.72727 993.99045 996.25364 998.51683 1000.78 1003.0432 1002.5973 999.02473 995.45217 991.87961 988.30705 984.73449 981.39783 977.81083 974.22383 970.63683 967.04983 963.46282 960.65602 962.2459 963.83577 965.42564 967.01552 968.60539 970.67866 974.04755 977.41643 980.78531 984.1542 987.52308 990.22109 994.04089 997.86069 1001.6805 1005.5003 1009.3201 1007.5301 997.71436 987.89866 978.08296 968.26727 958.45157 968.3647 990.08003 1011.7954 1033.5107 1055.226 1076.7167 1087.3205 1098.6259 1109.9314 1121.2368 1132.5422 1140.0566 1128.7554 1117.4542 1106.1531 1094.8519 1083.5507
-9999 994.02043 996.28362 998.54681 1000.81 1003.0732 1005.2282 1004.6828 1001.1102 997.53768 993.96512 990.39256 986.99096 984.40555 982.52259 978.93559 975.34859 971.76159 968.17459 966.153 967.74287 969.33275 970.92262 972.5125 974.38376 975.43891 974.12918 977.49807 980.86695 984.23583 987.60472 991.12762 994.94742 998.76722 1002.587 1006.4068 1015.5209 1020.0453 1010.2296 1000.4139 990.59823 980.78254 977.83 977.06626 987.83311 1009.5484 1031.2638 1052.9791 1074.6944 1087.5339 1098.8393 1110.1447 1121.4502 1130.5752 1130.0772 1118.776 1107.4749 1096.1737 1084.8725 1079.4272
-9999 995.44174 997.70493 999.96811 1002.2313 1004.3313 1006.4089 1005.8636 1002.291 998.71844 995.14588 991.85628 988.66212 986.0767 984.71035 983.344 979.85053 976.26353 972.67653 970.65494 972.24481 973.83468 975.42456 977.50357 979.84958 980.90473 978.50007 976.09541 979.0956 982.46448 985.83337 989.35627 993.17607 996.99587 1000.8157 1012.6494 1027.1974 1031.7219 1021.9062 1012.0905 1002.2748 1001.7917 1002.6082 1001.8445 999.94469 1005.7284 1027.4437 1049.1591 1070.8744 1083.7138 1095.0193 1106.3247 1113.8016 1116.4225 1115.9246 1104.6234 1093.3222 1082.0211 1078.361 1076.4675
-9999 996.86305 999.12623 1001.3569 1003.4345 1005.5121 1007.5897 1007.0443 1003.4718 999.91578 996.72161 993.52744 990.33327 987.74786 986.38151 985.01516 983.64881 980.76546 977.17846 975.15687 976.74675 978.33662 980.62338 982.96939 985.3154 986.37055 983.9659 981.56124 979.15658 980.69313 984.06202 987.58492 991.40472 995.22989 1009.7779 1024.3259 1038.874 1043.3984 1033.5827 1024.9368 1025.7534 1026.5699 1027.3864 1026.6226 1024.7229 1022.8231 1023.6237 1045.339 1067.0544 1079.8938 1091.1993 1097.0281 1099.649 1102.2699 1101.772 1090.4708 1079.1884 1077.2948 1075.4013 1073.5077
-9999 998.28435 1000.4601 1002.5377 1004.6153 1006.6929 1008.7704 1008.2251 1004.7811 1001.5869 998.39277 995.1986 992.00443 989.41902 988.05267 986.68632 985.31997 983.95362 981.6804 979.65881 981.39718 983.74319 986.0892 988.43521 990.78122 991.83638 989.43172 987.02706 984.6224 982.21774 982.29067 985.81357 992.35841 1006.9064 1021.4545 1036.0025 1050.5505 1055.0749 1048.8985 1049.715 1050.5315 1051.3481 1052.1646 1051.4008 1049.5011 1047.6013 1045.7015 1043.8018 1063.2344 1076.0738 1080.2546 1082.8755 1085.4964 1088.1173 1087.6193 1078.1222 1076.2286 1074.3351 1072.4416 1070.548
-9999 998.99588 1001.0735 1003.151 1005.2286 1007.3062 1009.3838 1008.7923 1005.5981 1002.404 999.20979 996.01563 992.82146 990.61614 989.24979 987.88344 986.51709 985.15074 983.78439 983.5406 985.88661 988.23262 990.57863 992.92464 995.27065 997.19007 994.78541 992.38075 989.97609 987.57143 985.16677 988.55259 1003.1006 1017.6486 1032.1967 1046.7447 1061.2927 1069.599 1070.4155 1071.232 1072.0485 1072.8651 1073.6816 1072.14 1070.2402 1068.3405 1066.4407 1064.5409 1062.6412 1064.5959 1067.2168 1069.8377 1072.4586 1075.0795 1078.4073 1076.5137 1074.6202 1072.7266 1070.8331 1068.9396
-9999 995.89043 997.96801 1000.0456 1002.1232 1004.2007 1005.0886 1004.0116 1000.8174 997.62326 994.42909 991.23493 988.79734 987.30063 987.23563 985.97389 984.60754 983.24119 981.87484 981.63105 983.97706 986.32307 988.66909 991.0151 993.7642 996.53051 998.84647 996.9996 994.59494 992.19028 989.78562 993.17144 1007.7195 1022.2675 1036.8155 1051.3635 1062.9902 1069.7431 1070.5596 1071.3761 1072.1926 1073.0091 1070.3619 1067.3502 1064.5087 1062.6089 1060.7092 1058.8094 1056.9096 1058.8644 1061.4853 1064.1061 1066.727 1075.4 1085.6547 1083.7611 1081.8676 1079.9741 1078.0805 1074.693
-9999 992.78498 994.86256 996.94014 998.79301 999.55045 1000.3079 999.23089 996.03673 992.84256 989.68675 987.4751 985.26346 983.76675 983.70175 983.63675 982.698 981.33164 979.96529 979.72151 982.06752 984.41353 986.75954 989.65466 992.589 995.35531 997.67127 999.98723 999.21378 996.80912 994.40447 997.79029 1012.3383 1026.8863 1041.3298 1052.232 1063.1343 1069.8871 1070.7036 1071.5201 1071.7715 1068.9347 1066.0978 1063.0861 1059.9488 1056.8774 1054.9776 1053.0779 1051.1781 1053.1328 1055.7537 1058.3746 1068.8856 1082.6474 1092.9021 1091.0086 1089.115 1087.0915 1083.5645 1080.0375
-9999 989.67953 991.75711 993.25487 994.01231 994.76975 995.52719 994.45019 991.25603 988.36451 986.15287 983.94122 981.72957 980.23286 980.16786 980.10286 980.03786 979.4221 978.05575 977.81196 980.15797 982.61079 985.54512 988.47946 991.4138 994.18011 996.49607 998.81203 1001.128 1001.428 999.02331 1002.4091 1016.9572 1030.5716 1041.4738 1052.3761 1063.2783 1070.0312 1070.8477 1070.3443 1067.5074 1064.6706 1061.8337 1058.822 1055.6847 1052.5474 1049.4101 1047.3463 1045.4466 1047.4013 1050.0222 1062.3712 1076.133 1089.8948 1100.1495 1098.256 1095.963 1092.436 1088.909 1085.382
-9999 986.57409 987.71673 988.47417 989.23161 989.98905 990.74649 989.66949 987.04228 984.83063 982.61898 980.40733 978.19569 976.69898 976.63398 976.56898 976.50397 976.43897 976.1462 975.90241 978.50125 981.43559 984.36992 987.30426 990.2386 993.00491 995.32087 997.63683 999.95279 1002.2687 1003.6422 1007.028 1019.8134 1030.7156 1041.6179 1052.5201 1063.4224 1070.1752 1068.9171 1066.0802 1063.2434 1060.4065 1057.5696 1054.5579 1051.4206 1048.2833 1045.146 1042.0087 1039.715 1042.095 1055.8568 1069.6186 1083.3805 1097.1423 1107.397 1104.8344 1101.3075 1097.7805 1094.2535 1090.7265
-9999 982.12699 982.88443 983.64187 984.39932 985.15676 985.9142 985.01208 982.80043 980.58878 978.37714 976.16549 973.95384 972.72133 972.69639 972.63139 972.56638 972.50138 972.43638 973.27834 976.21267 979.14701 982.08135 985.01568 987.95002 995.30395 999.46808 1001.784 1004.1 1006.416 1008.7319 1013.9807 1024.8829 1035.7852 1046.6874 1057.5897 1068.4919 1074.4208 1071.5839 1068.747 1065.9102 1063.0733 1060.2364 1057.3985 1054.2612 1051.1239 1047.9866 1044.8493 1041.712 1046.0928 1059.8546 1073.6164 1087.3782 1101.14 1109.7612 1105.4762 1101.9492 1098.4223 1094.8953 1091.3683
-9999 977.17482 977.93226 978.6897 979.44714 980.05754 979.83572 978.80996 976.85634 974.7019 972.49025 970.2786 968.06695 966.83445 967.56272 967.75573 967.69073 967.62573 967.56073 968.40268 971.33702 974.27136 977.20569 980.14003 982.64843 989.84447 1009.6905 1018.2986 1020.6146 1022.9305 1025.2465 1030.4952 1041.3975 1052.2997 1063.202 1073.6488 1073.7257 1077.8879 1087.8947 1087.5187 1084.6818 1081.8449 1079.0081 1076.2738 1073.6103 1070.473 1067.3357 1064.1984 1061.0611 1055.9198 1056.3013 1070.0631 1083.8249 1097.5868 1106.2079 1097.0223 1091.6636 1088.1366 1084.6096 1081.0826
-9999 972.22265 972.98009 973.73753 974.05807 973.83625 973.61444 972.58867 970.63505 968.68143 966.60336 964.39171 962.18007 960.94756 961.67584 962.40412 962.81508 962.75008 962.68508 963.52703 966.46137 969.3957 972.23626 974.7126 977.18895 984.38499 1004.231 1024.0771 1037.1291 1039.4451 1041.7611 1047.0098 1057.9121 1068.8143 1076.5169 1076.5937 1076.6706 1080.8328 1090.8396 1100.8464 1103.4535 1100.6166 1097.7797 1095.0455 1092.3851 1089.7246 1086.6849 1083.5476 1080.4103 1075.269 1069.7813 1066.5099 1080.2717 1094.0335 1102.6546 1093.4691 1084.2835 1077.8509 1074.3239 1070.797
-9999 967.27048 968.02792 968.0586 967.83678 967.61497 967.39315 966.36739 964.41376 962.46014 960.50652 958.50483 956.29318 955.06067 955.78895 956.51723 957.24551 957.87442 957.80942 958.65138 961.58571 964.30043 966.77678 969.25312 971.72947 978.92551 998.77154 1018.6176 1038.4636 1055.9597 1058.2756 1063.5244 1074.4266 1079.3849 1079.4618 1079.5387 1079.6156 1083.7778 1093.7845 1103.7913 1113.7981 1119.3883 1116.5514 1113.8172 1111.1567 1108.4963 1105.8358 1102.8967 1099.7594 1094.6181 1089.1305 1083.6428 1078.1551 1090.4802 1099.1013 1089.9158 1080.7302 1071.5447 1064.0383 1060.5113
-9999 962.28095 962.05913 961.83731 961.6155 961.39368 961.17186 960.1461 958.19248 956.23885 954.28523 952.33161 950.37799 949.17379 949.90206 950.63034 951.35862 952.0869 952.81518 953.77572 956.36461 958.84095 961.3173 963.79364 966.26999 973.46603 993.31206 1013.1581 1033.0041 1052.8502 1072.6962 1080.0389 1082.2529 1082.3298 1082.4067 1082.4836 1082.5605 1086.7227 1096.7295 1106.7363 1116.743 1126.7498 1135.3231 1132.5888 1129.9284 1127.2679 1124.6075 1121.9471 1119.1086 1113.9673 1108.4796 1102.9919 1097.5043 1092.0166 1095.5481 1086.3625 1077.177 1067.9914 1058.8059 1050.2256
-9999 960.94337 960.72155 960.49974 960.27792 960.0561 958.7934 955.02007 953.06644 951.11282 949.1592 947.20558 945.35531 944.78899 944.96657 945.69485 946.42312 947.1514 947.87968 949.13655 951.61289 954.08923 956.56558 959.04192 961.51827 978.08606 994.35255 1014.1986 1034.0446 1053.8906 1073.7367 1086.8302 1086.9071 1086.984 1087.0609 1087.1378 1087.5642 1093.3599 1103.3667 1113.3735 1123.3803 1133.3871 1141.6371 1137.8823 1134.5116 1131.8512 1129.1907 1126.5303 1123.8698 1118.7988 1113.3111 1107.8235 1102.3358 1096.8481 1096.2973 1087.1117 1077.9262 1068.7406 1059.5551 1054.8026
-9999 963.28967 963.06785 962.84604 962.62422 959.84358 954.49354 950.72021 948.76659 946.81296 944.85934 943.43517 942.92108 942.35476 941.68385 941.477 942.20528 942.93356 943.66184 944.9187 947.39505 949.87139 952.34773 959.17206 977.5687 994.16265 1005.9249 1020.1421 1039.9881 1059.8342 1079.6802 1092.7737 1092.8506 1092.9275 1093.0044 1094.1344 1096.9866 1102.7823 1112.7891 1122.7959 1132.8027 1139.617 1143.4423 1139.6874 1130.4832 1125.7318 1123.0713 1120.4109 1117.7504 1112.6794 1107.1917 1101.7041 1096.9983 1100.0115 1100.2919 1091.1063 1081.9208 1072.7352 1071.0577 1078.0754
-9999 965.63597 965.41415 965.19234 960.89375 955.54372 950.19369 946.42035 944.46673 942.51311 941.51503 941.00094 940.48684 939.92052 939.24962 938.57871 937.98744 938.71571 939.44399 940.70086 943.1772 945.65355 956.852 975.24865 993.6453 1010.2392 1022.0015 1033.7638 1045.9317 1065.7777 1085.6237 1098.7173 1098.7942 1098.8711 1100.7046 1103.5568 1106.409 1112.2047 1122.2115 1132.2183 1137.5969 1141.4222 1145.2475 1141.4926 1132.2884 1123.0842 1116.9519 1114.2915 1111.631 1106.56 1101.0723 1097.9798 1100.9929 1104.0061 1104.2865 1095.101 1085.9154 1087.3127 1094.3304 1101.3481
-9999 967.98227 967.29396 961.94393 956.5939 951.24386 945.89383 942.12049 940.16687 939.59489 939.0808 938.5667 938.05261 937.48629 936.81539 936.14448 935.47358 934.80267 935.22615 936.48302 938.95936 954.53195 972.92859 991.32524 1009.7219 1026.3158 1038.0781 1049.8404 1061.6026 1073.3649 1091.5673 1104.6608 1104.7377 1107.2748 1110.127 1112.9792 1115.8314 1121.6271 1131.6339 1135.5768 1139.4021 1143.2274 1147.0527 1143.2978 1134.0936 1124.8894 1115.6852 1108.1721 1105.5116 1100.4406 1098.9612 1101.9744 1104.9876 1108.0007 1108.2812 1099.0956 1103.5678 1110.5855 1117.6032 1124.6209
-9999 968.34414 962.99411 957.64407 952.29404 946.944 941.59397 938.18885 937.67475 937.16066 936.64656 936.13247 935.61838 935.05206 934.38115 933.71025 933.03934 932.36844 931.69753 933.81525 952.21189 970.60854 989.00519 1007.4018 1025.7985 1042.3924 1054.1547 1065.9169 1077.6792 1089.4415 1101.2037 1110.9928 1113.845 1116.6972 1119.5494 1122.4016 1125.2538 1129.7314 1133.5567 1137.382 1141.2073 1145.0326 1148.8578 1145.1029 1135.8987 1126.6946 1117.4904 1108.2862 1099.3922 1099.9427 1102.9559 1105.969 1108.9822 1111.9954 1112.8051 1119.8228 1126.8405 1133.8582 1140.8759 1147.8936
-9999 980.38472 975.03468 969.68465 964.33461 958.98458 945.87557 934.31535 932.56418 932.05008 931.53599 931.0219 930.5078 932.38844 937.13002 936.45912 935.78821 935.11731 934.4464 939.54124 957.93789 976.33453 994.73118 1013.1278 1028.2881 1042.4805 1067.1668 1078.9291 1090.6913 1102.4536 1114.2159 1122.9347 1125.7869 1128.6391 1131.4913 1134.3435 1138.8651 1142.4944 1143.6804 1147.5057 1151.331 1155.1562 1158.9815 1161.7132 1157.3532 1148.1491 1138.9449 1129.7407 1120.5365 1105.8818 1106.1821 1109.1952 1112.2084 1115.2216 1118.5894 1123.7318 1130.7496 1137.7673 1144.785 1151.8027
-9999 995.55703 990.207 984.85696 979.50693 962.23573 942.82411 931.26389 928.76519 926.42658 925.91248 925.39839 924.88429 926.76493 933.44114 940.11735 939.53046 938.85955 938.18865 943.28348 961.68013 980.07678 998.47342 1011.0295 1019.948 1034.1403 1062.4681 1090.7958 1103.1162 1114.8784 1126.6407 1135.3596 1138.2118 1141.064 1143.9162 1149.351 1155.8062 1159.4355 1159.0221 1159.2236 1163.0489 1166.8742 1170.6995 1173.4312 1175.3767 1173.3694 1164.1653 1154.9611 1145.7569 1131.1022 1115.5054 1112.2742 1115.2874 1118.3005 1121.6683 1126.2645 1130.9474 1137.9651 1144.9828 1152.0005
