P1_models/J1_p1_vp_slide_diff_100.dat.tif
NCOLS 118
NROWS 92
XLLCORNER 139.62
YLLCORNER -39.07
DX 0.099491525
DY 0.099347826
NODATA_VALUE -9999
[rows 27 to 53 of 92, columns 0 to 59 of 118]
-9999 8.1339992 8.1366305 8.1398289 8.1464039 8.152979 8.1595541 8.164434 8.1673574 8.1702808 8.1732043 8.1750303 8.1765551 8.1769781 8.1751947 8.1734113 8.171628 8.1714417 8.1718957 8.1698454 8.1620178 8.1541901 8.1508091 8.1479722 8.1451354 8.1390323 8.1241748 8.1093174 8.0944599 8.0880241 8.0849813 8.0836179 8.0854919 8.0873659 8.0886274 8.0898702 8.091113 8.0916675 8.0912373 8.0908071 8.0903769 8.0875295 8.0844513 8.0809472 8.077137 8.0733269 8.0704728 8.0733256 8.0761784 8.0804219 8.0849058 8.0893896 8.0886358 8.0820857 8.0767773 8.0757698 8.0747622 8.0737547 8.0686078 8.0627078
-9999 8.1323644 8.1367301 8.1433052 8.1498803 8.1564554 8.1630304 8.1679103 8.1708338 8.1737572 8.1766806 8.179604 8.181844 8.182267 8.1804836 8.1787002 8.1769169 8.1751335 8.1743324 8.1722822 8.1652816 8.1624447 8.1596079 8.1567711 8.1539342 8.1478311 8.1329737 8.1181162 8.1032588 8.0884013 8.0789703 8.077607 8.0793397 8.0805825 8.0818253 8.0830681 8.0843109 8.0848654 8.0844352 8.084005 8.0835747 8.0831445 8.0809122 8.0774081 8.0735979 8.0697878 8.0659776 8.0621674 8.0645703 8.0688139 8.0732977 8.0777816 8.0822655 8.0836055 8.0782971 8.0772896 8.076282 8.0752745 8.074267 8.0700485
-9999 8.1329425 8.1395176 8.1460927 8.1526677 8.1592428 8.1658179 8.1709631 8.1738865 8.1768099 8.1797333 8.1826568 8.1855802 8.1866677 8.1848843 8.1831009 8.1813175 8.1795341 8.1777508 8.1756488 8.172812 8.1699752 8.1671383 8.1643015 8.1614646 8.155006 8.1401486 8.1252911 8.1104337 8.0955762 8.0807188 8.0713606 8.0726034 8.0738462 8.075089 8.0763318 8.0775746 8.0792848 8.0788546 8.0784244 8.0779941 8.0775639 8.0771337 8.0746741 8.0708639 8.0670537 8.0632435 8.0594334 8.0556232 8.0585681 8.063052 8.0675358 8.0720197 8.0765036 8.0787268 8.0777193 8.0767118 8.0757042 8.0746967 8.0736892
-9999 8.1300591 8.1366342 8.1432092 8.1497843 8.1563594 8.1611414 8.1667561 8.1734521 8.1763755 8.179299 8.1822224 8.1851458 8.1858544 8.1821278 8.1801894 8.178406 8.1766226 8.1748392 8.1727373 8.1699005 8.1670636 8.1642268 8.16139 8.1523741 8.1414801 8.1331835 8.1190973 8.1042399 8.0893824 8.0745249 8.0651668 8.0664096 8.0676524 8.0688952 8.070138 8.0747378 8.0795676 8.0833303 8.0829001 8.0824699 8.0820397 8.0816094 8.0789331 8.0747573 8.0709471 8.0671369 8.0633267 8.0595166 8.0606825 8.0640209 8.0685048 8.0729886 8.0774725 8.078935 8.0699315 8.0681674 8.0671599 8.0661524 8.0651448
-9999 8.1271757 8.1337508 8.1403258 8.1465095 8.1510936 8.1556777 8.1612924 8.1680965 8.1749006 8.1788646 8.181788 8.1847114 8.18542 8.1816934 8.1779668 8.1754945 8.1737111 8.1719277 8.1698258 8.1669889 8.1641521 8.1613153 8.1498194 8.1379562 8.1270622 8.1187656 8.110469 8.0980461 8.0831886 8.0683311 8.058973 8.0602158 8.0614586 8.0629286 8.0683641 8.0737995 8.0786293 8.0825927 8.0865561 8.0869456 8.0865154 8.0860852 8.0834088 8.0791178 8.0748405 8.0710303 8.0672201 8.0634099 8.0645758 8.0666017 8.0694737 8.0739576 8.0784415 8.0799039 8.0709005 8.061897 8.0586156 8.057608 8.0566005
-9999 8.1242923 8.1308673 8.1364617 8.1410458 8.1456299 8.150214 8.1558287 8.1626328 8.1694369 8.1762409 8.1813536 8.184277 8.1849857 8.181259 8.1775324 8.1738058 8.1707996 8.1690162 8.1669142 8.1640774 8.1591279 8.1472647 8.1354015 8.1235383 8.1126443 8.1043477 8.0960511 8.0877545 8.0769948 8.0621373 8.0527792 8.054022 8.0565549 8.0619903 8.0674258 8.0728612 8.077691 8.0816544 8.0856178 8.0895811 8.0909911 8.0905609 8.0878846 8.0835935 8.0793024 8.0750114 8.0711135 8.0673033 8.0684692 8.0704951 8.072521 8.0749266 8.0794104 8.0808729 8.0718694 8.062866 8.0538625 8.0490637 8.0480562
-9999 8.1214088 8.1264139 8.130998 8.1355821 8.1401662 8.1447503 8.150365 8.1571691 8.1639731 8.1707772 8.1775813 8.1838426 8.1845513 8.1808246 8.177098 8.1733714 8.1696448 8.1661047 8.1640027 8.1565732 8.14471 8.1328468 8.1209836 8.1091204 8.0982263 8.0899298 8.0816332 8.0733366 8.06504 8.0559435 8.0465854 8.0501811 8.0556166 8.061052 8.0664875 8.0719229 8.0767527 8.0807161 8.0846794 8.0886428 8.0926062 8.0950366 8.0923603 8.0880692 8.0837782 8.0794871 8.0751961 8.0711967 8.0723626 8.0743885 8.0764144 8.0784403 8.0804662 8.0818418 8.0728384 8.0638349 8.0548315 8.045828 8.0395118
-9999 8.115256 8.1198401 8.1244242 8.1290083 8.1335924 8.1381765 8.1481056 8.1551527 8.1619568 8.1687608 8.1755649 8.182369 8.1808215 8.1747883 8.1710617 8.167335 8.1636084 8.1598818 8.1536948 8.1418316 8.1299684 8.1181052 8.106242 8.0943788 8.0886625 8.0809943 8.0726978 8.0644012 8.0561046 8.047808 8.0442018 8.0496373 8.0550727 8.0605082 8.0659436 8.071379 8.0748336 8.0788657 8.082829 8.0867924 8.0907558 8.0947191 8.096758 8.092467 8.0881759 8.0838849 8.0795938 8.0753028 8.0739882 8.0760141 8.07804 8.0800659 8.0820918 8.0829868 8.0753879 8.0663845 8.057381 8.0483776 8.0393741
-9999 8.1068514 8.1114355 8.1160196 8.1206037 8.1258481 8.1327231 8.1427345 8.1563657 8.1656259 8.17243 8.1792341 8.1860382 8.1844907 8.1662187 8.1557861 8.1520594 8.1483328 8.1446062 8.1384192 8.126556 8.1146928 8.1028296 8.0915516 8.0885799 8.0849679 8.0796393 8.0728044 8.0645079 8.0562113 8.0479147 8.0443085 8.049744 8.0551794 8.0606149 8.0653899 8.0670647 8.0701239 8.0751635 8.0794743 8.0834377 8.087401 8.0913644 8.0941102 8.0959806 8.0924451 8.088154 8.083863 8.0795719 8.0761894 8.0738995 8.0759254 8.0779513 8.0799772 8.0808722 8.0778499 8.0715408 8.0625374 8.0535339 8.0445305
-9999 8.0984467 8.1030309 8.107615 8.113602 8.120477 8.1273521 8.1373635 8.1509946 8.1646258 8.1760992 8.1829033 8.1897073 8.1881599 8.1698879 8.151616 8.1367839 8.1330572 8.1293306 8.1231436 8.1112804 8.0994172 8.0908286 8.0878569 8.0848853 8.0812732 8.0759447 8.0706162 8.0646146 8.056318 8.0480214 8.0444152 8.0498507 8.0552861 8.0590053 8.0606802 8.062355 8.0654141 8.0704537 8.0754933 8.080083 8.0840463 8.0880097 8.0907555 8.0926259 8.0944963 8.0924232 8.0881321 8.0838411 8.0804586 8.0772331 8.0740076 8.0758367 8.0778626 8.0787576 8.0757354 8.0727131 8.0676938 8.0586903 8.0496869
-9999 8.0900421 8.0946262 8.1013559 8.108231 8.115106 8.121981 8.1319924 8.1456236 8.1592547 8.1728859 8.186517 8.1933765 8.191829 8.1735571 8.1552851 8.1370132 8.1187412 8.114055 8.107868 8.0960048 8.0901056 8.0871339 8.0841623 8.0811906 8.0775786 8.07225 8.0669215 8.061593 8.0562644 8.0481281 8.0445219 8.0499574 8.0526208 8.0542956 8.0559704 8.0576453 8.0607044 8.065744 8.0707836 8.0758232 8.0806916 8.084655 8.0874007 8.0892712 8.0911416 8.0930121 8.0924013 8.0881102 8.0847277 8.0815022 8.0782768 8.0750513 8.075748 8.076643 8.0736208 8.0705985 8.0675763 8.0638467 8.0548432
-9999 8.0822348 8.0891099 8.0959849 8.1028599 8.109735 8.11661 8.1266214 8.1402525 8.1538837 8.1675148 8.181146 8.1947771 8.1954982 8.1772263 8.1589543 8.1406824 8.1224104 8.1041385 8.0925924 8.0893825 8.0864109 8.0834393 8.0804676 8.077496 8.0738839 8.0685554 8.0632268 8.0578983 8.0525698 8.0472412 8.0445614 8.0462362 8.047911 8.0495859 8.0512607 8.0529355 8.0559947 8.0610343 8.0660739 8.0711134 8.076153 8.0811926 8.084046 8.0859165 8.0877869 8.0896573 8.0915278 8.0923794 8.0889969 8.0857714 8.0825459 8.0793204 8.0760949 8.0745284 8.0715062 8.0684839 8.0654617 8.0624395 8.0594172
-9999 8.0805175 8.0873925 8.0942676 8.1011426 8.1080176 8.1109063 8.1162105 8.1298416 8.1434728 8.1571039 8.1707351 8.181776 8.1814493 8.1670671 8.1487952 8.1305232 8.1122513 8.0939793 8.0803339 8.0773623 8.0743906 8.071419 8.0684474 8.0687439 8.0724786 8.0611773 8.0558488 8.0505203 8.0451917 8.0398632 8.0369268 8.0386016 8.0402764 8.0419513 8.0436261 8.0484641 8.0565758 8.0616154 8.0666549 8.0716945 8.0767341 8.081224 8.0819347 8.0825998 8.0844703 8.0863407 8.0882112 8.0900816 8.0876071 8.0843816 8.0811561 8.0779306 8.0738598 8.0657263 8.0627041 8.0596818 8.0566596 8.0536374 8.0564078
-9999 8.0800359 8.0869109 8.0937859 8.100661 8.1007015 8.0987908 8.104095 8.1177261 8.1313573 8.1449885 8.1534261 8.1590268 8.1587002 8.1465037 8.1339591 8.1156871 8.0974152 8.0791432 8.0654978 8.0625262 8.0595546 8.0565829 8.0609141 8.0712818 8.0750165 8.060973 8.047225 8.0418964 8.0365679 8.0312394 8.028303 8.0299778 8.0316526 8.0333275 8.0405755 8.0508346 8.0589463 8.0639859 8.0690255 8.0740651 8.0782824 8.0822702 8.0829809 8.0813358 8.0811665 8.083037 8.0849074 8.0867779 8.0843033 8.0810778 8.0778523 8.072405 8.0627959 8.0546624 8.0516402 8.0486179 8.0455957 8.0508454 8.059321
-9999 8.0795543 8.0864293 8.0924075 8.0904968 8.088586 8.0866753 8.0919795 8.1056107 8.1192418 8.1250762 8.130677 8.1362777 8.1359511 8.1237546 8.1115581 8.0993616 8.0825791 8.0643071 8.0506618 8.0476901 8.0447185 8.0530844 8.063452 8.0738197 8.0775544 8.0635109 8.0494674 8.0354239 8.0279441 8.0226156 8.0196791 8.021354 8.0230288 8.0326869 8.042946 8.0532051 8.0613168 8.0663564 8.0713532 8.0753409 8.0793286 8.0833163 8.084027 8.0823819 8.0807368 8.0797332 8.0816037 8.0834741 8.0809996 8.0777741 8.0709502 8.0613411 8.051732 8.0435985 8.0405763 8.0375541 8.0452831 8.0537587 8.0622343
-9999 8.0790726 8.0822028 8.080292 8.0783813 8.0764706 8.0745599 8.0798641 8.0911257 8.0967264 8.1023271 8.1079278 8.1135285 8.1132019 8.1010054 8.0888089 8.0766124 8.0644159 8.049471 8.0358257 8.0348869 8.0452546 8.0556223 8.06599 8.0763576 8.0800923 8.0660488 8.0520053 8.0379619 8.0239184 8.0139917 8.0110553 8.0145393 8.0247983 8.0350574 8.0453165 8.0555756 8.0636873 8.0684116 8.0723993 8.0763871 8.0803748 8.0843625 8.0850732 8.0834281 8.081783 8.0801379 8.0784928 8.0801704 8.0776958 8.0694954 8.0598863 8.0502772 8.0406681 8.0325346 8.0312451 8.0397207 8.0481963 8.0566719 8.0651476
-9999 8.071013 8.0691023 8.0671915 8.0652808 8.0633701 8.0614594 8.06526 8.0708607 8.0764614 8.0820622 8.0876629 8.0932636 8.0937134 8.0815169 8.0693204 8.0571239 8.0449274 8.0327309 8.0273575 8.0377251 8.0480928 8.0584605 8.0688282 8.0791959 8.0837362 8.0696927 8.0556493 8.0416058 8.0275623 8.0135188 8.0077763 8.0180354 8.0282945 8.0385536 8.0488127 8.0590718 8.0645119 8.0684996 8.0724873 8.0764751 8.0804628 8.0844505 8.0847305 8.0830854 8.0814403 8.0797952 8.0781501 8.076505 8.0684515 8.0588424 8.0492332 8.0396241 8.030015 8.0242223 8.032698 8.0411736 8.0496492 8.0581248 8.0666004
-9999 8.0504833 8.0485726 8.0466618 8.0447511 8.0428404 8.058919 8.0687128 8.0693318 8.0749326 8.0805333 8.086134 8.0917347 8.0931408 8.0861471 8.0744237 8.0622272 8.0500307 8.0378342 8.0324608 8.0428285 8.0531961 8.0635638 8.0739315 8.080556 8.0833509 8.0802694 8.0676348 8.0535914 8.0395479 8.0255044 8.0197619 8.030021 8.0402801 8.0505392 8.0607982 8.0674671 8.0680087 8.0613609 8.0653487 8.0693364 8.0733241 8.0773118 8.0762551 8.0722677 8.0706226 8.0689775 8.0673324 8.0656873 8.0595901 8.0512875 8.0416784 8.0320693 8.0224602 8.0165245 8.0233134 8.0316119 8.0400875 8.0485631 8.0570387
-9999 8.0299536 8.0280429 8.0261321 8.0283233 8.046139 8.0639547 8.0737484 8.0742839 8.0748193 8.0790044 8.0846051 8.0902058 8.0916119 8.0846182 8.0776244 8.0673305 8.055134 8.0429375 8.0375641 8.0479318 8.0582994 8.0686671 8.0738134 8.0788008 8.0815956 8.0785141 8.0754325 8.0655769 8.0515334 8.03749 8.0317474 8.0420065 8.0522656 8.0622365 8.0680722 8.073908 8.0744496 8.0674173 8.060385 8.0621977 8.0661854 8.0701732 8.0691165 8.0644334 8.0598049 8.0581598 8.0565147 8.0548696 8.0487724 8.0419057 8.0341235 8.0245144 8.0149053 8.0089697 8.0157585 8.0225474 8.0305258 8.0390014 8.047477
-9999 8.0094239 8.0075132 8.0155433 8.033359 8.0511747 8.0689903 8.0787841 8.0793195 8.079855 8.0803905 8.0830762 8.0886769 8.090083 8.0830893 8.0760955 8.0691018 8.0602373 8.0480408 8.0426674 8.0530351 8.0620834 8.0670708 8.0720581 8.0770455 8.0798403 8.0767588 8.0736773 8.0705957 8.063519 8.0494755 8.043733 8.0539921 8.0628416 8.0686774 8.0745131 8.0803489 8.0808906 8.0738582 8.0668259 8.0597935 8.0590468 8.0630345 8.0619778 8.0572947 8.0526116 8.0479285 8.045697 8.0440519 8.0379546 8.031088 8.0242213 8.0169595 8.0073504 8.0014148 8.0082037 8.0149925 8.0217814 8.0294397 8.0379153
-9999 7.9888942 8.0027633 8.020579 8.0383946 8.0562103 8.074026 8.0838198 8.0843552 8.0848907 8.0854261 8.0859616 8.087148 8.0885541 8.0815604 8.0745666 8.0675729 8.0605791 8.0531441 8.0477707 8.0553408 8.0603282 8.0653155 8.0703028 8.0752902 8.0780851 8.0750035 8.071922 8.0688404 8.0657589 8.0614611 8.0557186 8.0634467 8.0692825 8.0751183 8.080954 8.0867898 8.0873315 8.0802991 8.0732668 8.0662345 8.0592021 8.0558958 8.0548391 8.050156 8.045473 8.0407899 8.0361068 8.0332342 8.0271369 8.0202702 8.0134036 8.0065369 7.9996702 7.9938599 8.0006488 8.0074377 8.0142265 8.0210154 8.0283536
-9999 7.995385 8.0132007 8.0310164 8.048832 8.0666477 8.0844634 8.0824498 8.0829853 8.0835207 8.0840562 8.0845917 8.0851271 8.0840408 8.079499 8.0725053 8.0655115 8.0585178 8.051524 8.0481531 8.0531405 8.0581278 8.0631152 8.0681025 8.0730899 8.0807634 8.0787035 8.075622 8.0725404 8.0694589 8.0663773 8.0663417 8.0721774 8.0780132 8.083849 8.0896847 8.0955205 8.0874337 8.0804014 8.073369 8.0663367 8.0593043 8.0528158 8.0507876 8.0461045 8.0414214 8.0367383 8.0320552 8.0273722 8.0208272 8.0139606 8.0070939 8.0002272 7.9933605 7.9934337 8.0002226 8.0070114 8.0138003 8.0205892 8.0269812
-9999 8.0144071 8.0322227 8.0500384 8.0678541 8.077977 8.073207 8.0708999 8.0714353 8.0719708 8.0725062 8.0715907 8.0651978 8.0631126 8.0696539 8.0695977 8.0626039 8.0556102 8.0486164 8.0452456 8.0502329 8.0552203 8.0602076 8.0660374 8.0782044 8.0874148 8.0887009 8.0879916 8.0849101 8.0818286 8.078747 8.0787113 8.0845471 8.0903829 8.0962187 8.0981932 8.0869645 8.0774623 8.0704299 8.0633976 8.0563653 8.0518566 8.0517219 8.0498373 8.0466948 8.042276 8.0375929 8.0329099 8.0282268 8.0216819 8.0148152 8.0079485 8.0010818 8.0018694 8.0043366 8.0111254 8.0179143 8.0247032 8.0298167 8.0313368
-9999 8.0334291 8.0512447 8.0690604 8.0711971 8.066427 8.061657 8.0593499 8.0598854 8.0604208 8.0570554 8.0506625 8.0442696 8.0421844 8.0487257 8.0552669 8.0596964 8.0527026 8.0457088 8.042338 8.0473253 8.0523127 8.0605218 8.0726888 8.0848558 8.0940663 8.0953524 8.0966385 8.0972798 8.0941983 8.0911167 8.091081 8.0969168 8.1027526 8.0994505 8.0882218 8.0769931 8.0674908 8.0604585 8.0534262 8.0508973 8.0507626 8.050628 8.0487434 8.0456009 8.0424583 8.0384476 8.0337645 8.0290814 8.0225365 8.0156698 8.0103333 8.0115528 8.0127723 8.0152394 8.0220283 8.0288172 8.0326523 8.0341724 8.0356924
-9999 8.0524511 8.0691872 8.0644172 8.0596471 8.0548771 8.050107 8.0477999 8.0483354 8.0425202 8.0361273 8.0297344 8.0233415 8.0212563 8.0277975 8.0343388 8.04088 8.0474212 8.0428013 8.0394304 8.0444178 8.0550063 8.0671733 8.0793403 8.0915073 8.1007177 8.1020038 8.10329 8.1045761 8.1058623 8.1034864 8.1034507 8.1092865 8.1007078 8.0894791 8.0782504 8.0670217 8.0575194 8.0504871 8.049938 8.0498033 8.0496687 8.049534 8.0476495 8.0445069 8.0413644 8.0382219 8.0346191 8.029936 8.0233911 8.0200167 8.0212362 8.0224557 8.0236752 8.0261423 8.0329312 8.0354878 8.0370079 8.038528 8.0400481
-9999 8.0624073 8.0576373 8.0528672 8.0480972 8.0433271 8.0385571 8.0343778 8.0279849 8.021592 8.0151991 8.0088062 8.0024133 8.0003281 8.0068693 8.0134106 8.0199518 8.0264931 8.0330343 8.0373238 8.0494908 8.0616578 8.0738247 8.0859917 8.0981587 8.1073691 8.1086553 8.1099414 8.1112276 8.1125137 8.1137998 8.1131938 8.1019651 8.0907364 8.0795077 8.0682789 8.0570502 8.0491134 8.0489787 8.0488441 8.0487094 8.0485748 8.0484401 8.0465556 8.043413 8.0402705 8.0371279 8.0339854 8.0307906 8.0297001 8.0309196 8.0321391 8.0333586 8.034578 8.0368033 8.0383233 8.0398434 8.0413635 8.0428836 8.0444037
-9999 8.0574961 8.0527261 8.047956 8.043186 8.0384159 8.0338391 8.0284886 8.0220957 8.0157028 8.0093099 8.002917 8.0012306 8.0002521 7.9936118 8.000153 8.0066943 8.0132355 8.0197767 8.0280191 8.0401861 8.0523531 8.0645201 8.076687 8.0848966 8.0897201 8.1002737 8.1015598 8.1028459 8.1041321 8.1054182 8.1024297 8.091201 8.0799723 8.0687436 8.0575148 8.0487551 8.044948 8.0448133 8.0446787 8.044544 8.0444094 8.0447996 8.0442968 8.0420168 8.0388742 8.0357317 8.0325892 8.0294466 8.0300233 8.0312428 8.0324623 8.0336818 8.0348854 8.0361257 8.0376458 8.0391659 8.040686 8.0422061 8.0334801
