P1_models/J1_p1_vp_slide_diff_15.dat.tif
NCOLS 118
NROWS 92
XLLCORNER 139.62
YLLCORNER -39.07
DX 0.099491525
DY 0.099347826
NODATA_VALUE -9999
[rows 27 to 53 of 92, columns 0 to 59 of 118]
-9999 6.2087698 6.2051415 6.2024251 6.2051392 6.2078534 6.2105675 6.2138758 6.2178696 6.2218635 6.2258573 6.2222101 6.216466 6.2101372 6.2026376 6.1951379 6.1876382 6.1867028 6.1883991 6.1872965 6.1797367 6.1721768 6.1820353 6.1940257 6.2060161 6.2141282 6.2118455 6.2095627 6.20728 6.2153135 6.2275036 6.2378419 6.2446105 6.2513792 6.2604924 6.2696773 6.2788622 6.2808504 6.2725427 6.264235 6.2559273 6.2515562 6.2475611 6.2466334 6.2479107 6.249188 6.250653 6.2532383 6.2558235 6.2583843 6.2609408 6.2634974 6.2654545 6.266748 6.2671471 6.2644477 6.2617482 6.2590488 6.2556332 6.2520872
-9999 6.2004237 6.1995847 6.2022989 6.205013 6.2077272 6.2104413 6.2137496 6.2177434 6.2217373 6.2257311 6.229725 6.2289602 6.2226314 6.2151317 6.2076321 6.2001324 6.1926327 6.1891707 6.188068 6.1837478 6.1957382 6.2077286 6.219719 6.2317094 6.2398214 6.2375387 6.235256 6.2329732 6.2306905 6.2350551 6.2453934 6.2527029 6.2618878 6.2710727 6.2802576 6.2894426 6.2914308 6.2831231 6.2748153 6.2665076 6.2581999 6.2528272 6.2518994 6.2531768 6.2544541 6.2557314 6.2570088 6.2595057 6.2620665 6.264623 6.2671796 6.2697362 6.2719329 6.272332 6.2696326 6.2669331 6.2642337 6.2615343 6.2582793
-9999 6.1966611 6.1993753 6.2020894 6.2048036 6.2075178 6.2102319 6.2125068 6.2165006 6.2204945 6.2244883 6.2284822 6.232476 6.2356335 6.2281339 6.2206342 6.2131345 6.2056348 6.1981352 6.196529 6.2085194 6.2205098 6.2325002 6.2444905 6.2564809 6.2648199 6.2625371 6.2602544 6.2579716 6.2556889 6.2534062 6.2550404 6.2642253 6.2734102 6.2825952 6.2917801 6.300965 6.3019023 6.2935946 6.2852869 6.2769792 6.2686715 6.2603638 6.2573121 6.2585894 6.2598668 6.2611441 6.2624214 6.2636987 6.2652874 6.2678439 6.2704005 6.2729571 6.2755137 6.2768368 6.2741374 6.271438 6.2687386 6.2660391 6.2633397
-9999 6.1957666 6.1984807 6.2011949 6.2039091 6.2066232 6.2028956 6.2022747 6.2060657 6.2100596 6.2140534 6.2180473 6.2220411 6.229423 6.2435894 6.2378182 6.2303185 6.2228188 6.2153192 6.213713 6.2257034 6.2376938 6.2496842 6.2616746 6.2659264 6.2693834 6.2802676 6.2795327 6.27725 6.2749672 6.2726845 6.2743187 6.2835037 6.2926886 6.3018735 6.3110584 6.3122896 6.309349 6.3031709 6.2948632 6.2865555 6.2782478 6.2699401 6.2657881 6.2652087 6.2664861 6.2677634 6.2690407 6.2703181 6.267529 6.2672671 6.2698237 6.2723802 6.2749368 6.2762186 6.2730848 6.2703443 6.2676449 6.2649455 6.2622461
-9999 6.194872 6.1975862 6.2003003 6.2016083 6.1971697 6.192731 6.1921101 6.1958954 6.1996806 6.2036185 6.2076124 6.2116062 6.2189881 6.2331545 6.2473209 6.2475025 6.2400028 6.2325032 6.230897 6.2428874 6.2548778 6.2668682 6.2680141 6.2686999 6.2721569 6.2830411 6.2939253 6.2965283 6.2942456 6.2919628 6.2935971 6.302782 6.3119669 6.3206135 6.3198647 6.319116 6.3161755 6.3100993 6.3040231 6.2961318 6.2878241 6.2795163 6.2753644 6.2742 6.2731054 6.2743827 6.27566 6.2769374 6.2741483 6.2706566 6.2692468 6.2718034 6.27436 6.2756418 6.272508 6.2693742 6.2665512 6.2638518 6.2611524
-9999 6.1939775 6.1966916 6.1958824 6.1914437 6.1870051 6.1825665 6.1819456 6.1857308 6.1895161 6.1933013 6.1971775 6.2011713 6.2085532 6.2227196 6.236886 6.2510525 6.2571869 6.2496872 6.248081 6.2600714 6.2694159 6.2701018 6.2707876 6.2714734 6.2749304 6.2858146 6.2966988 6.307583 6.3135239 6.3112412 6.3128754 6.3220603 6.3281886 6.3274399 6.3266912 6.3259425 6.323002 6.3169258 6.3108496 6.3047734 6.2974003 6.2890926 6.2849407 6.2837763 6.2826119 6.2814475 6.2822794 6.2835567 6.2807677 6.2772759 6.2737841 6.2712265 6.2737831 6.2750649 6.2719311 6.2687973 6.2656635 6.2627581 6.2600587
-9999 6.1930829 6.1901564 6.1857178 6.1812792 6.1768406 6.1724019 6.171781 6.1755663 6.1793515 6.1831368 6.186922 6.1907364 6.1981182 6.2122847 6.2264511 6.2406175 6.254784 6.2668712 6.265265 6.2715036 6.2721894 6.2728753 6.2735611 6.2742469 6.2777039 6.2885881 6.2994723 6.3103565 6.3212407 6.3305195 6.3321538 6.3357638 6.3350151 6.3342664 6.3335177 6.3327689 6.3298284 6.3237522 6.3176761 6.3115999 6.3055237 6.2986689 6.294517 6.2933526 6.2921882 6.2910238 6.2898594 6.290176 6.287387 6.2838952 6.2804034 6.2769116 6.2734198 6.2744881 6.2713543 6.2682205 6.2650867 6.2619529 6.258965
-9999 6.1869437 6.182505 6.1780664 6.1736278 6.1691891 6.1647505 6.1645108 6.1681993 6.1719845 6.1757698 6.179555 6.1833403 6.190759 6.2050092 6.2191756 6.2333421 6.2475085 6.2616749 6.271765 6.2724509 6.2731367 6.2738225 6.2745083 6.2751942 6.2818556 6.291125 6.3020092 6.3128934 6.3237776 6.3346618 6.3415726 6.3408239 6.3400752 6.3393264 6.3385777 6.337829 6.3353841 6.3294663 6.3233901 6.3173139 6.3112377 6.3051615 6.299798 6.2986336 6.2974692 6.2963048 6.2951404 6.293976 6.2907198 6.287228 6.2837363 6.2802445 6.2767527 6.2746896 6.2729695 6.2698357 6.2667019 6.2635681 6.2604343
-9999 6.1834371 6.1789985 6.1745599 6.1701212 6.1666303 6.1654796 6.1653581 6.1664245 6.1692315 6.1730168 6.176802 6.1805873 6.188006 6.2027009 6.2171109 6.2312774 6.2454438 6.2596102 6.2697003 6.2703862 6.271072 6.2717578 6.2731501 6.2845695 6.2937711 6.297028 6.304156 6.3150402 6.3259244 6.3368086 6.3437194 6.3429707 6.3422219 6.3414732 6.3405337 6.3386981 6.3361389 6.3325443 6.3272694 6.3211932 6.315117 6.3090408 6.3031504 6.2973935 6.295666 6.2945016 6.2933372 6.2921728 6.2888246 6.2851407 6.2816489 6.2781571 6.2746653 6.2726023 6.2754884 6.2750664 6.2719326 6.2687988 6.265665
-9999 6.1799306 6.1754919 6.1710533 6.1686282 6.1674775 6.1663268 6.1662054 6.1672717 6.1683381 6.1702638 6.174049 6.1778342 6.1852529 6.1999478 6.2146427 6.2292127 6.2433791 6.2575455 6.2676356 6.2683215 6.2690073 6.2736461 6.2850656 6.296485 6.3056866 6.3089435 6.3122004 6.317187 6.3280712 6.3389554 6.3458661 6.3451174 6.3443687 6.343124 6.3412885 6.3394529 6.3368937 6.3332992 6.3297046 6.3250725 6.3189963 6.3129202 6.3070297 6.3012728 6.2955159 6.2926984 6.291534 6.2903696 6.2870214 6.2832958 6.2795702 6.2760697 6.2725779 6.2705149 6.273401 6.2762872 6.2771632 6.2740294 6.2708956
-9999 6.176424 6.1719854 6.1706261 6.1694755 6.1683248 6.1671741 6.1670526 6.168119 6.1691853 6.1702517 6.171318 6.1750812 6.1824999 6.1971948 6.2118897 6.2265846 6.2412795 6.2554808 6.2655709 6.2662567 6.2741421 6.2855616 6.296981 6.3084005 6.317602 6.3208589 6.3241159 6.3273728 6.3306297 6.3411021 6.3480129 6.3472642 6.3457144 6.3438788 6.3420433 6.3402078 6.3376485 6.334054 6.3304594 6.3268649 6.3228757 6.3167995 6.310909 6.3051522 6.2993953 6.2936384 6.2897309 6.2885665 6.2852183 6.2814927 6.2777671 6.2740415 6.2704905 6.2684275 6.2713136 6.2741998 6.2770859 6.2792601 6.2761263
-9999 6.1737748 6.1726241 6.1714734 6.1703227 6.169172 6.1680214 6.1678999 6.1689662 6.1700326 6.171099 6.1721653 6.1732317 6.1797469 6.1944418 6.2091367 6.2238316 6.2385265 6.2532214 6.2635062 6.2746381 6.2860576 6.297477 6.3088965 6.320316 6.3295175 6.3327744 6.3360313 6.3392883 6.3425452 6.3458021 6.3501403 6.3483047 6.3464692 6.3446337 6.3427981 6.3409626 6.3384034 6.3348088 6.3312143 6.3276197 6.3240251 6.3204306 6.3147884 6.3090315 6.3032746 6.2975177 6.2917608 6.2867633 6.2834151 6.2796895 6.2759639 6.2722383 6.2685127 6.2663401 6.2692263 6.2721124 6.2749985 6.2778847 6.2807708
-9999 6.1776097 6.176459 6.1753083 6.1741576 6.173007 6.169705 6.1670432 6.1681096 6.1691759 6.1702423 6.1713086 6.1715687 6.1767134 6.1937278 6.2084227 6.2231176 6.2378125 6.2525074 6.2662118 6.2776313 6.2890508 6.3004703 6.3118897 6.3240286 6.3351155 6.3377339 6.3409908 6.3442477 6.3475046 6.3507615 6.352279 6.3504435 6.3486079 6.3467724 6.3449369 6.3416941 6.336887 6.3332924 6.3296979 6.3261033 6.3225087 6.3198608 6.3121995 6.304341 6.2985841 6.2928272 6.2870703 6.2813134 6.2772885 6.2735629 6.2698373 6.2661117 6.2614006 6.2533812 6.2562674 6.2591535 6.2620396 6.2649258 6.2746984
-9999 6.182455 6.1813043 6.1801537 6.179003 6.174164 6.168272 6.1656102 6.1666766 6.1677429 6.1688093 6.168259 6.1668257 6.1719704 6.1902882 6.2083983 6.2230932 6.2377881 6.252483 6.2661874 6.2776069 6.2890264 6.3004458 6.3134729 6.3278287 6.3389155 6.3412408 6.3435976 6.3468545 6.3501114 6.3533683 6.3548858 6.3530503 6.3512147 6.3493792 6.3450642 6.3394095 6.3346024 6.3310078 6.3274133 6.3238187 6.32164 6.3198567 6.3121954 6.3003086 6.2909952 6.2852383 6.2794814 6.2737246 6.2696996 6.265974 6.2622484 6.2559326 6.2447648 6.2367454 6.2396316 6.2425177 6.2454038 6.258124 6.2746792
-9999 6.1873004 6.1861497 6.1845151 6.178623 6.172731 6.166839 6.1641772 6.1652436 6.1663099 6.1649494 6.163516 6.1620827 6.1672274 6.1855452 6.2038629 6.2221806 6.2377637 6.2524586 6.266163 6.2775825 6.289002 6.3029171 6.3172729 6.3316287 6.3427156 6.3450408 6.347366 6.3496913 6.3527182 6.3559751 6.3574926 6.3556571 6.3538215 6.3484343 6.3427796 6.3371249 6.3323178 6.3287233 6.3252025 6.3234192 6.3216359 6.3198526 6.3121913 6.3003045 6.2884177 6.2776495 6.2718926 6.2661357 6.2621107 6.2583851 6.2504645 6.2392968 6.228129 6.2201096 6.2229958 6.2258819 6.2415495 6.2581047 6.27466
-9999 6.1921458 6.1889741 6.1830821 6.1771901 6.171298 6.165406 6.1627443 6.163073 6.1616397 6.1602064 6.158773 6.1573397 6.1624844 6.1808022 6.1991199 6.2174376 6.2357553 6.2524342 6.2661386 6.2780056 6.2923614 6.3067172 6.321073 6.3354288 6.3465156 6.3488409 6.3511661 6.3534913 6.3558166 6.3585819 6.3600994 6.357459 6.3518044 6.3461497 6.340495 6.3348404 6.3300333 6.3269816 6.3251983 6.323415 6.3216317 6.3198484 6.3121872 6.3003004 6.2884136 6.2765268 6.26464 6.2585468 6.2545219 6.2449965 6.2338287 6.222661 6.2114932 6.2034738 6.2084199 6.2249751 6.2415303 6.2580855 6.2746407
-9999 6.1967418 6.1908498 6.1849578 6.1790658 6.1731738 6.1672818 6.1628051 6.1613717 6.1599384 6.1585051 6.1570717 6.1556384 6.1604252 6.1787429 6.1970606 6.2153783 6.2336961 6.2520138 6.2691335 6.2834893 6.2978451 6.3122009 6.3265567 6.3409125 6.3479752 6.3503004 6.3526256 6.3549509 6.3572761 6.3596014 6.3592009 6.3535463 6.3478916 6.3422369 6.3365823 6.3309276 6.3270431 6.3252598 6.3234765 6.3216932 6.3199099 6.3181266 6.3107599 6.2988731 6.2869863 6.2750996 6.2632128 6.251326 6.2428549 6.2316872 6.2205194 6.2093517 6.1981839 6.1904292 6.2069844 6.2235396 6.2400948 6.25665 6.2732052
-9999 6.2235721 6.2176801 6.2117881 6.205896 6.200004 6.1943188 6.1885101 6.182611 6.1811777 6.1797444 6.178311 6.1768777 6.1812236 6.1971427 6.2152423 6.2335601 6.2518778 6.2701955 6.2873152 6.301671 6.3160268 6.3303826 6.3447384 6.3509597 6.3493108 6.3361041 6.336433 6.3387582 6.3410835 6.3434087 6.3430083 6.3373536 6.331699 6.3260443 6.3203896 6.3200245 6.3175768 6.3105823 6.308799 6.3070157 6.3052324 6.3034491 6.2969968 6.2867121 6.2748253 6.2629385 6.2510517 6.2391649 6.2450479 6.2434664 6.2322987 6.2211309 6.2099632 6.2005065 6.1969769 6.2114226 6.2279778 6.244533 6.2610882
-9999 6.2504024 6.2445103 6.2386183 6.2327734 6.2271081 6.2214428 6.2156342 6.2096601 6.2036861 6.2009837 6.1995503 6.198117 6.2024629 6.218382 6.2343012 6.2517418 6.2700595 6.2883772 6.3054969 6.3198527 6.3342085 6.3485643 6.3515731 6.3542365 6.3525876 6.3393809 6.3261742 6.3225656 6.3248908 6.3272161 6.3268156 6.321161 6.3155063 6.3102764 6.3111386 6.3120008 6.3095531 6.3023702 6.2951872 6.2923382 6.2905549 6.2887716 6.2823193 6.2725105 6.2626643 6.2507775 6.2388907 6.2270039 6.2328869 6.241841 6.2440779 6.2329102 6.2217425 6.2122858 6.2087562 6.2052265 6.2158607 6.2324159 6.2489711
-9999 6.2772326 6.2713406 6.2655628 6.2598975 6.2542322 6.2485669 6.2427583 6.2367842 6.2308101 6.2248361 6.2207896 6.2193563 6.2237022 6.2396213 6.2555405 6.2714596 6.2882412 6.3065589 6.3236786 6.3380344 6.3495231 6.3521865 6.3548499 6.3575133 6.3558644 6.3426577 6.3294509 6.3162442 6.3086982 6.3110234 6.310623 6.3049683 6.3013905 6.3022527 6.3031149 6.3039771 6.3015294 6.2943464 6.2871635 6.2799805 6.2758774 6.2740941 6.2676418 6.257833 6.2480242 6.2382154 6.2267297 6.2148429 6.2207259 6.2296799 6.238634 6.2446895 6.2335217 6.2240651 6.2205354 6.2170058 6.2134762 6.2202989 6.2368541
-9999 6.3040629 6.2983522 6.2926869 6.2870216 6.2813563 6.275691 6.2698823 6.2639083 6.2579342 6.2519602 6.2459861 6.2405956 6.2449415 6.2608606 6.2767798 6.2926989 6.3086181 6.3247406 6.3418603 6.3501365 6.3527999 6.3554633 6.3581267 6.3607901 6.3591412 6.3459345 6.3327277 6.319521 6.3063142 6.2948308 6.2944304 6.2925045 6.2933667 6.2942289 6.2950912 6.2959534 6.2935057 6.2863227 6.2791398 6.2719568 6.2647739 6.2594167 6.2529643 6.2431555 6.2333467 6.2235379 6.2137291 6.2026819 6.2085649 6.2175189 6.226473 6.235427 6.2443811 6.2358443 6.2323147 6.2287851 6.2252554 6.2217258 6.224737
-9999 6.3257983 6.320133 6.3144677 6.3088023 6.303137 6.2974717 6.2969657 6.2909916 6.2850176 6.2790435 6.2730694 6.2670954 6.257986 6.2708314 6.2867505 6.3026696 6.3185888 6.3345079 6.3464187 6.3490821 6.3517455 6.3544089 6.3570723 6.3597357 6.3622116 6.3507385 6.3375318 6.324325 6.3111183 6.2979115 6.2895103 6.2903725 6.2912347 6.2920969 6.2929591 6.2938213 6.2892257 6.2820428 6.2748598 6.2676769 6.2604939 6.2530953 6.2484656 6.2386568 6.228848 6.2190392 6.2092304 6.1994216 6.2056107 6.2145648 6.2235188 6.2324729 6.241427 6.2474454 6.2439158 6.2403862 6.2368565 6.2333269 6.2290115
-9999 6.3390873 6.3334219 6.3277566 6.3220913 6.3198808 6.3243585 6.3239843 6.3180103 6.3120362 6.3060621 6.2981749 6.2830654 6.272639 6.2715906 6.2788128 6.294732 6.3106511 6.3265703 6.3384811 6.3411444 6.3438078 6.3464712 6.3496163 6.3563851 6.3597398 6.3539444 6.344763 6.3315562 6.3183495 6.3051427 6.2967415 6.2976037 6.2984659 6.2993281 6.2992291 6.2958434 6.2908954 6.2837125 6.2765295 6.2693466 6.2611628 6.2512443 6.2476123 6.2484996 6.2405258 6.230717 6.2209082 6.2110993 6.2172885 6.2262426 6.2351966 6.2441507 6.2528306 6.2587634 6.2552337 6.2517041 6.2481744 6.2413279 6.2273669
-9999 6.3523762 6.3467109 6.3410456 6.3424216 6.3468994 6.3513772 6.351003 6.3450289 6.3390548 6.3279373 6.3128278 6.2977183 6.2872919 6.2862436 6.2851953 6.2867943 6.3027134 6.3186326 6.3305434 6.3332068 6.3358702 6.3403758 6.3471445 6.3539133 6.3572681 6.3514726 6.3456771 6.3387874 6.3255807 6.3123739 6.3039727 6.3048349 6.3056971 6.3042846 6.3008988 6.2975131 6.2925651 6.2853822 6.2781992 6.2692303 6.2593118 6.2493934 6.2457614 6.2466486 6.2475358 6.2423948 6.2325859 6.2227771 6.2289663 6.2379204 6.2468196 6.2554841 6.2641485 6.2700813 6.2665516 6.263022 6.2536443 6.2396834 6.2257224
-9999 6.3656652 6.3604847 6.3649625 6.3694403 6.373918 6.3783958 6.3780216 6.3720475 6.3576997 6.3425902 6.3274807 6.3123712 6.3019448 6.3008965 6.2998482 6.2987999 6.2977516 6.3106949 6.3226057 6.3252691 6.3311353 6.337904 6.3446728 6.3514415 6.3547963 6.3490008 6.3432054 6.3374099 6.3316144 6.3196051 6.3112039 6.3120661 6.30934 6.3059543 6.3025685 6.2991828 6.2942348 6.2870519 6.2772978 6.2673793 6.2574609 6.2475424 6.2439104 6.2447976 6.2456849 6.2465721 6.2442637 6.2344549 6.2406441 6.2494731 6.2581375 6.266802 6.2754665 6.2813992 6.2778696 6.2659608 6.2519998 6.2380388 6.2240778
-9999 6.3830256 6.3875034 6.3919811 6.3964589 6.4009367 6.4054144 6.4025716 6.3874621 6.3723526 6.3572431 6.3421336 6.3270241 6.3165977 6.3155494 6.3145011 6.3134528 6.3124045 6.3113562 6.315126 6.3218948 6.3286635 6.3354323 6.342201 6.3489697 6.3523245 6.3465291 6.3407336 6.3349381 6.3291427 6.3233472 6.3177812 6.3143955 6.3110097 6.307624 6.3042382 6.3008525 6.2952837 6.2853653 6.2754468 6.2655284 6.2556099 6.2456915 6.2420595 6.2429467 6.2438339 6.2447211 6.2456083 6.2461327 6.2521265 6.260791 6.2694555 6.2781199 6.2867844 6.2922382 6.2782772 6.2643162 6.2503553 6.2363943 6.2224333
-9999 6.3861352 6.390613 6.3950908 6.3995685 6.4040463 6.4067298 6.4005087 6.3853992 6.3702897 6.3551802 6.3400707 6.3288808 6.3257417 6.3286761 6.3276278 6.3265795 6.3255312 6.3244829 6.3257983 6.3325671 6.3393358 6.3461046 6.3528733 6.3585658 6.3605973 6.3569264 6.351131 6.3453355 6.33954 6.3337446 6.3287722 6.3253864 6.3220007 6.3186149 6.3152292 6.3098642 6.3015004 6.2915819 6.2816635 6.271745 6.2618266 6.2534793 6.2471548 6.2450108 6.245898 6.2467852 6.2476724 6.2485596 6.2560781 6.2647425 6.273407 6.2820715 6.2886252 6.28605 6.2720891 6.2581281 6.2441671 6.2302061 6.2265441
