P1_models/J1_p1__temp2_slide_60.dat.tif
NCOLS 118
NROWS 92
XLLCORNER 139.62
YLLCORNER -39.07
DX 0.099491525
DY 0.099347826
NODATA_VALUE -9999
[rows 0 to 26 of 92, columns 0 to 59 of 118]
-9999 -9999 -9999 -9999 -9999 -9999 -9999 -9999 -9999 -9999 -9999 -9999 -9999 -9999 -9999 -9999 -9999 -9999 -9999 -9999 -9999 -9999 -9999 -9999 -9999 -9999 -9999 -9999 -9999 -9999 -9999 -9999 -9999 -9999 -9999 -9999 -9999 -9999 -9999 -9999 -9999 -9999 -9999 -9999 -9999 -9999 -9999 -9999 -9999 -9999 -9999 -9999 -9999 -9999 -9999 -9999 -9999 -9999 -9999 -9999
-9999 711.63504 714.29685 716.95865 719.62046 722.28226 725.68022 725.11816 717.56546 709.42999 701.29451 693.15904 685.02357 677.40625 672.52218 669.5822 666.64223 663.70225 660.76228 656.79942 650.47674 644.15405 637.83136 631.50868 626.46107 629.8619 636.93514 647.0799 657.22466 667.36943 677.51419 682.24298 676.53149 670.82 665.10851 659.39702 651.55954 638.22681 631.61685 629.55841 627.49996 625.44151 623.38307 625.48326 629.35061 632.82757 636.30454 639.78151 643.25847 647.12007 646.69368 646.26729 645.8409 645.4145 644.60205 643.1227 642.58971 642.05672 641.52373 640.99074
-9999 723.97073 726.63253 729.29434 731.95615 735.92665 740.71693 740.15487 733.41554 726.2384 718.10292 709.96745 701.83198 694.21466 687.63495 681.84752 678.90755 675.96757 673.0276 669.06474 662.74205 656.41937 650.09668 647.32744 650.18451 653.58533 658.44355 664.31468 674.45944 684.60421 694.74897 699.47775 693.76627 688.05478 682.34329 672.6756 658.91542 645.58269 632.86149 624.04874 621.9903 619.93185 617.8734 619.97359 625.06337 629.23035 632.70732 636.18429 639.66125 643.72135 647.88223 648.01415 647.58776 647.16137 646.34892 644.19919 642.45311 641.92012 641.38713 640.85414
-9999 736.30642 738.96822 741.63003 746.17309 750.96336 755.75363 755.19158 748.45225 741.71292 734.91134 726.77586 718.64039 711.02307 704.44336 697.86366 691.28395 688.23289 685.29291 681.33006 675.00737 668.68468 668.19381 671.05088 673.90794 677.30876 682.16698 687.0252 691.88343 701.83898 711.98375 716.71253 711.00104 705.28956 693.79166 680.03148 666.27129 652.93857 640.21737 627.49618 616.48063 614.42219 612.36374 614.46393 619.5537 624.64348 629.1101 632.58707 636.06404 640.12413 644.28501 648.44589 649.33463 648.90824 648.09578 645.94605 643.79633 641.78352 641.25053 640.71754
-9999 748.6421 751.62925 756.41952 761.2098 766.00007 770.79034 770.22829 763.48896 756.74963 750.0103 743.27098 735.4488 727.83148 721.25177 714.67207 708.09236 701.51265 697.55823 693.59537 687.27269 689.06018 691.91724 694.77431 697.63137 701.03219 705.89042 710.74864 715.60686 720.46508 729.21852 733.94731 728.23582 714.90772 701.14754 687.38736 673.62717 660.29444 647.57325 634.85206 622.13087 609.40968 606.85407 608.95426 614.04404 619.13382 624.22359 628.98985 632.46682 636.52691 640.68779 644.84867 649.00955 650.6551 649.84265 647.69292 645.54319 643.39346 641.24374 640.58093
-9999 761.87569 766.66596 771.45623 776.2465 781.03678 785.82705 785.26499 778.52567 771.78634 765.04701 758.30768 751.56836 744.63989 738.06018 731.48048 724.90077 718.32106 711.74136 707.06948 709.92655 712.78361 715.64068 718.49774 721.35481 724.75563 729.61385 734.47207 739.33029 744.18851 749.04674 749.78397 736.02379 722.2636 708.50342 694.74323 680.98305 667.65032 654.92913 642.20794 629.48675 616.76555 604.04436 603.4446 608.53438 613.62415 618.71393 623.80371 628.8696 632.92969 637.09057 641.25145 645.41233 649.5732 651.58951 649.43979 647.29006 645.14033 642.9906 640.84088
-9999 766.74947 771.53974 776.33001 781.12028 785.91055 790.25868 789.29029 782.55096 775.81163 769.0723 762.33298 756.09105 751.3845 747.67415 741.09444 734.51473 727.93503 721.35532 717.62915 720.48622 723.34328 726.20035 729.05741 732.40999 734.22972 731.48065 736.33887 741.1971 746.05532 750.91354 749.41232 735.65214 721.89196 708.13177 694.37159 682.1634 670.68174 657.96055 645.23936 632.51816 619.79697 607.33599 597.85937 597.14287 602.23265 607.32242 612.4122 617.50198 621.79974 625.96061 630.12149 634.28237 637.81563 638.62307 636.47334 634.32361 632.17389 630.02416 635.58569
-9999 770.01315 774.80342 779.59369 784.38396 788.5076 792.53946 791.57106 784.83173 778.0924 771.35308 765.43703 759.79863 755.09208 752.25159 749.41111 742.98889 736.40919 729.82948 726.10331 728.96038 731.81744 734.67451 738.39292 742.58151 744.40125 739.87186 735.34246 739.60119 744.45941 749.31763 747.81642 734.05623 720.29605 706.53587 695.12494 684.5097 673.02804 660.30685 647.58566 634.86446 622.49711 610.17903 600.70241 593.26847 589.90929 594.99906 600.08884 605.17862 609.47638 613.63726 617.79813 620.85703 622.51818 623.32562 621.17589 619.02616 616.87643 624.7889 635.02765
-9999 773.27683 778.0671 782.72467 786.75652 790.78838 794.82023 793.85183 787.1125 780.4214 774.783 769.1446 763.50621 758.79965 755.95917 753.11869 750.2782 744.88334 738.30364 734.57747 737.43453 740.2916 744.37585 748.56445 752.75304 754.57278 750.04338 745.51399 740.98459 742.8635 747.72173 746.22051 732.46033 718.70172 708.08648 697.47124 686.856 675.37434 662.65315 649.97631 637.65823 625.34015 613.02207 603.54544 596.11151 588.67757 582.67571 587.76548 592.85526 597.15302 601.3139 603.89842 605.55957 607.22073 608.02816 605.87844 603.75338 613.99212 624.23087 634.46961
-9999 776.54051 780.97359 785.00544 789.03729 793.06915 797.101 796.1326 789.76737 784.12897 778.49058 772.85218 767.21378 762.50723 759.66675 756.82626 753.98578 751.1453 746.7778 743.05163 746.17019 750.35879 754.54738 758.73597 762.92457 764.7443 760.21491 755.68551 751.15612 746.62673 746.12582 744.6246 731.66326 721.04802 710.43278 699.81754 689.2023 677.72064 665.13743 652.81935 640.50127 628.18319 615.86511 606.38848 598.95455 591.52061 584.08667 576.65274 580.5319 584.82966 586.93982 588.60097 590.26212 591.92328 592.73071 592.95659 603.19534 613.43408 623.67283 633.91157
-9999 778.19802 782.22987 786.26173 790.29358 794.32543 798.35729 797.44101 791.80262 786.16422 780.52582 774.88743 769.24903 765.21707 762.37659 759.53611 756.69562 753.85514 751.01466 750.29966 754.48825 758.67685 762.86544 767.05403 771.24263 772.81329 768.2839 763.75451 759.22511 754.69572 750.16633 743.55821 732.94297 722.32773 711.71249 701.09725 690.48201 679.38896 667.07088 654.7528 642.43472 630.11664 617.79856 607.92162 600.48768 593.05374 585.6198 578.18587 570.75193 571.07284 572.73399 574.39514 576.0563 577.71745 582.22273 592.46147 602.70022 612.93896 623.1777 633.41645
-9999 772.7401 776.77195 780.8038 784.83566 788.86751 790.43729 788.51627 782.87787 777.23947 771.60108 765.96268 761.45715 758.59332 758.33961 755.70708 752.86659 750.02611 747.18563 746.47063 750.65922 754.84782 759.03641 763.225 767.59197 769.11286 762.78587 758.04408 753.51468 748.98529 744.45589 737.84778 727.23254 716.6173 706.00206 695.38682 685.87012 675.36123 663.04315 650.72507 638.40699 626.08891 613.2195 602.36033 593.43605 586.00212 578.56818 571.13424 563.7003 564.02121 565.68236 567.34352 569.00467 573.91538 582.13994 592.37868 602.61743 612.85617 623.09491 638.47492
-9999 767.28218 771.31403 775.34588 778.91271 780.21263 781.51254 779.59152 773.95312 768.31473 762.73377 758.56654 754.39931 751.53548 751.28178 751.02807 749.03756 746.19708 743.3566 742.6416 746.83019 751.01879 755.20738 759.63896 764.08789 765.60878 759.28179 752.9548 747.80425 743.27486 738.74546 732.13734 721.5221 710.90687 700.33095 691.08667 681.84239 671.33351 659.01543 646.69735 634.28932 621.38973 608.49013 597.63096 588.23861 578.95049 571.51655 564.08262 556.64868 556.96958 558.63074 560.29189 566.1895 573.83259 582.05715 592.29589 602.53464 613.22078 629.08079 644.94081
-9999 761.82426 765.85611 768.68805 769.98797 771.28788 772.5878 770.66677 765.02838 759.84316 755.67593 751.5087 747.34148 744.47765 744.22394 743.97024 743.71654 742.36805 739.52756 738.81257 743.00116 747.23702 751.68595 756.13488 760.58381 762.1047 755.77771 749.45072 743.12374 737.56443 733.03503 726.42691 715.81167 705.54751 696.30322 687.05894 677.81466 667.30578 654.9877 642.45954 629.55995 616.66035 603.76076 592.90159 583.50924 574.11689 564.72454 557.03099 549.59705 549.91796 551.57911 558.46363 566.10671 573.7498 581.97436 592.2131 603.82665 619.68666 635.54668 651.40669
-9999 756.36633 758.46339 759.76331 761.06322 762.36314 763.66305 761.74203 756.95255 752.78532 748.6181 744.45087 740.28364 737.41981 737.16611 736.9124 736.6587 736.405 735.69853 734.98354 739.28401 743.73294 748.18187 752.6308 757.07973 758.60062 752.27363 745.94664 739.61966 733.29267 727.3246 720.71648 710.76406 701.51978 692.2755 683.03122 673.78694 663.27805 650.62976 637.73017 624.83058 611.93098 599.03139 588.17222 578.77987 569.38752 559.99517 550.60282 542.54543 543.09468 550.73776 558.38084 566.02392 573.66701 581.89157 594.43252 610.29254 626.15255 642.01257 657.87258
-9999 747.93357 749.23348 750.53339 751.83331 753.13322 754.43314 753.04815 748.88093 744.7137 740.54647 736.37925 732.21202 729.33328 729.07731 728.82361 728.56991 728.3162 728.0625 729.2308 733.67973 738.12866 742.57759 747.02652 751.47545 755.28995 749.85437 743.52738 737.2004 730.87341 724.54642 717.22298 707.9787 698.73442 689.49014 680.24586 671.00158 663.66106 650.76147 637.86188 624.96229 612.0627 599.16311 589.29225 579.8999 570.50756 561.11521 551.72286 542.33051 547.80097 555.44405 563.08713 570.73021 578.37329 585.10972 599.32694 615.18696 631.04697 646.90699 662.767
-9999 737.99456 739.29447 740.59438 741.8943 742.96865 742.76641 741.24596 738.20413 734.28641 730.11918 725.95195 721.78473 718.90598 718.60751 718.33924 718.08554 717.83184 717.57813 718.74644 723.19537 727.6443 732.09322 736.54215 740.98183 744.7929 746.92101 743.62884 737.30186 730.97487 724.64788 717.32445 708.08016 698.83588 689.5916 680.19544 667.3408 659.75991 659.72389 649.289 636.38941 623.48981 610.59022 601.30908 594.61184 585.21949 575.82714 566.43479 557.04244 562.97957 571.2784 578.92148 586.56456 594.20764 600.94407 604.53998 616.42986 632.28988 648.14989 664.00991
-9999 728.05555 729.35546 730.65537 731.28509 731.08285 730.8806 729.36015 726.31832 723.27649 719.69189 715.52466 711.35743 708.47869 708.18022 707.88174 707.60117 707.34747 707.09377 708.26207 712.711 717.15993 721.60682 726.0458 730.48478 734.29585 736.42396 738.55206 737.40332 731.07633 724.74935 717.42591 708.18163 698.93735 688.62593 675.77129 662.91665 655.33576 655.29974 655.26372 647.81652 634.91693 622.01734 612.73619 606.05629 599.3764 590.53907 581.14672 571.75438 577.6915 586.27797 594.75583 602.39891 610.042 616.77843 620.37433 623.97024 633.53278 649.3928 665.25281
-9999 718.11654 719.41645 719.60153 719.39929 719.19704 718.9948 717.47435 714.43252 711.39069 708.34885 705.09736 700.93014 698.0514 697.75292 697.45445 697.15597 696.86311 696.6094 697.7777 702.22663 706.67079 711.10977 715.54875 719.98773 723.7988 725.92691 728.05501 730.18312 731.17779 724.85081 717.52737 708.28309 697.05643 684.20178 671.34714 658.4925 650.91162 650.87559 650.83957 650.80355 646.34404 633.44445 624.1633 617.48341 610.80351 604.12362 595.85866 586.46631 592.40343 600.98991 609.57638 618.16285 625.87635 632.61278 636.20869 639.8046 643.4005 650.6357 666.49572
-9999 708.12022 707.91797 707.71573 707.51348 707.31124 707.10899 705.58854 702.54671 699.50488 696.46305 693.42122 690.37939 687.6241 687.32563 687.02715 686.72868 686.4302 686.13173 687.29334 691.73476 696.17374 700.61272 705.0517 709.49068 713.30175 715.42986 717.55797 719.68607 721.81418 723.94229 717.62883 705.48692 692.63228 679.77763 666.92299 654.06835 646.48747 646.45144 646.41542 646.3794 646.34338 644.87156 635.59042 628.91052 622.23062 615.55073 608.87083 601.17824 607.11537 615.70184 624.28831 632.87479 641.46126 648.44713 652.04304 655.63895 659.23486 662.83076 667.73862
-9999 700.22385 700.0216 699.81936 699.61711 699.41487 698.60415 695.47756 692.43573 689.3939 686.35207 683.31024 680.25377 677.83169 677.34656 677.04808 676.74961 676.45113 676.15266 677.28672 681.7257 686.16468 690.60366 695.04264 699.48162 705.27929 705.92444 708.05255 710.18066 712.30877 714.43687 711.44736 698.59272 685.73808 672.88344 660.02879 648.08013 644.73338 644.69736 644.66134 644.62531 644.58929 644.74241 643.55461 637.32899 630.6491 623.9692 617.2893 610.60941 616.94624 625.53271 634.11919 642.70566 651.29213 660.38362 663.97953 667.57544 671.17135 674.76726 680.47225
-9999 695.33678 695.13454 694.93229 694.73005 693.03199 689.83195 686.70536 683.66353 680.6217 677.57986 674.46305 671.21734 668.79526 668.02255 667.40712 667.10864 666.81017 666.51169 667.64575 672.08473 676.52371 680.96269 686.49037 694.91564 700.71986 699.49898 699.29515 701.42325 703.55136 705.67947 702.68996 689.83531 676.98067 664.12603 654.00102 648.34012 644.99338 644.95736 644.92133 644.88531 645.19302 645.82256 644.63475 642.14048 636.79809 630.1182 623.4383 616.7584 623.09523 631.68171 640.26818 649.07478 660.05438 669.37989 672.97579 676.5717 680.16761 687.3355 698.64022
-9999 690.44971 690.24747 690.04522 687.45983 684.25979 681.05975 677.93316 674.89133 671.84949 668.67233 665.42662 662.18092 659.75884 658.98612 658.2134 657.46767 657.1692 656.87072 658.00479 662.44377 666.88275 673.50566 681.93093 690.35621 696.16042 694.93955 693.71867 692.66585 694.79396 696.92206 693.93255 681.07791 668.22327 659.92192 654.26102 648.60012 645.25337 645.21735 645.18133 645.64362 646.27316 646.9027 645.7149 643.22063 640.72636 636.26719 629.5873 622.9074 629.24423 637.8307 647.09145 658.07105 669.05065 678.37615 681.97206 685.56796 694.19874 705.50347 716.80819
-9999 685.56265 685.0877 681.88767 678.68763 675.48759 672.28755 669.16095 666.11912 662.88161 659.63591 656.3902 653.14449 650.72241 649.9497 649.17698 648.40426 647.63154 647.22976 648.36382 652.8028 660.52096 668.94623 677.3715 685.79678 691.60099 690.38011 689.15924 687.93836 686.71748 688.16466 685.17515 672.3205 665.84281 660.18191 654.52101 648.86012 645.51337 645.47735 646.09422 646.72376 647.3533 647.98284 646.79504 644.30077 641.8065 639.31223 635.73629 629.0564 635.39323 645.10811 656.08771 667.06731 678.04691 687.37241 690.96832 701.06199 712.36671 723.67144 734.97616
-9999 679.51554 676.3155 673.11546 669.91543 666.71539 663.51535 660.3366 657.0909 653.84519 650.59948 647.35378 644.10807 641.68599 640.91327 640.14055 639.36784 638.59512 637.8224 639.11098 647.53625 655.96152 664.3868 672.81207 681.23735 687.04156 685.82068 684.5998 683.37893 682.15805 680.93717 677.42461 671.76371 666.10281 660.44191 654.78101 649.12011 645.91528 646.54482 647.17436 647.8039 648.43345 649.06299 647.87518 645.38091 642.88664 640.39237 637.8981 635.20539 643.12477 654.10437 665.08397 676.06357 687.04317 696.62051 707.92523 719.22996 730.53468 741.83941 753.14413
-9999 675.08388 671.88384 668.6838 665.48376 662.28372 657.52134 651.65872 646.90326 643.65756 640.41185 637.16614 633.92043 632.06608 632.54912 631.77641 631.00369 630.23097 629.45825 631.46687 639.89215 648.31742 656.74269 665.16797 671.7282 677.06936 685.94059 684.71971 683.49883 682.27795 681.05707 678.31963 672.65873 666.99783 661.33693 655.67603 650.5011 647.9065 648.32562 648.95517 649.58471 650.21425 650.84379 653.77673 654.35988 651.86561 649.37134 646.87707 644.3828 643.90921 653.27012 664.24972 675.22932 686.20892 695.89143 702.46059 713.76532 725.07004 736.37476 747.67949
-9999 671.48411 668.28407 665.08403 661.88399 656.28351 650.25204 644.38942 638.72166 633.24929 630.00358 626.75787 623.51216 621.65781 622.58971 623.52162 622.76839 621.99567 621.22295 623.23157 631.65685 640.08212 648.50739 653.56691 656.5301 661.87125 673.58596 685.30066 684.51556 683.29468 682.0738 679.33636 673.67546 668.01456 662.35366 657.44462 652.8326 650.238 650.52961 650.87025 651.49979 652.12934 652.75888 655.69182 660.28065 662.35843 659.86416 657.36989 654.87562 654.40203 654.27766 661.53139 672.511 683.4906 693.17311 698.36266 703.77135 715.07607 726.3808 737.68552
