P1_models/J1_p1_vp_slide_diff2_160.dat.tif
NCOLS 118
NROWS 92
XLLCORNER 139.62
YLLCORNER -39.07
DX 0.099491525
DY 0.099347826
NODATA_VALUE -9999
[rows 0 to 23 of 92, columns 55 to 109 of 118]
-9999 -9999 -9999 -9999 -9999 -9999 -9999 -9999 -9999 -9999 -9999 -9999 -9999 -9999 -9999 -9999 -9999 -9999 -9999 -9999 -9999 -9999 -9999 -9999 -9999 -9999 -9999 -9999 -9999 -9999 -9999 -9999 -9999 -9999 -9999 -9999 -9999 -9999 -9999 -9999 -9999 -9999 -9999 -9999 -9999 -9999 -9999 -9999 -9999 -9999 -9999 -9999 -9999 -9999 -9999
0.19117806 0.19126547 0.19135288 0.19144029 0.1915277 0.18654059 0.18308808 0.18099201 0.17889594 0.17679986 0.17470379 0.16718537 0.16814139 0.16909741 0.17005344 0.17100946 0.17341068 0.17766117 0.18191167 0.18616217 0.19041267 0.19206544 0.19234203 0.19019583 0.18804963 0.18590343 0.18375722 0.17561485 0.16470213 0.15378941 0.14287669 0.134244 0.13505495 0.12801824 0.12406504 0.12011185 0.11615866 0.11205744 0.1031391 0.094220758 0.085302416 0.076384074 0.072570353 0.064299591 0.052232417 0.040165243 0.028098069 0.016030894 0.012208171 0.012552858 0.012908839 0.013264819 0.0136208 0.014977504 0.016242414
0.18348366 0.18964051 0.18972792 0.18981533 0.18990274 0.18491563 0.17648017 0.17198178 0.16988571 0.16778964 0.16569356 0.15636485 0.14707924 0.14803526 0.14899128 0.14994731 0.15234852 0.15659902 0.16084952 0.16510002 0.16634666 0.167315 0.16837806 0.16898383 0.16683762 0.16469142 0.16254522 0.15440284 0.14349012 0.13257741 0.12584747 0.13348523 0.13429618 0.12280585 0.11499604 0.11104284 0.10708965 0.10298844 0.094070093 0.08515175 0.076233408 0.072905299 0.071952327 0.064233712 0.055539043 0.043471869 0.031404695 0.019337521 0.015514798 0.015622448 0.015957161 0.016313142 0.016669122 0.018025827 0.019917559
0.17243515 0.18061158 0.18810296 0.18819037 0.18827778 0.18329067 0.17485521 0.16641975 0.16087548 0.15877941 0.15668334 0.14735462 0.13777739 0.12820015 0.12792913 0.12888515 0.13128637 0.13553687 0.13966166 0.14062894 0.14159622 0.14256456 0.14362762 0.14469068 0.14562562 0.14347942 0.14133322 0.13319084 0.12227812 0.11745095 0.1250887 0.13272646 0.13353741 0.12204708 0.11055675 0.10197384 0.098020644 0.093919427 0.085001085 0.076082743 0.073240246 0.072287273 0.0713343 0.063615686 0.055176509 0.046737332 0.034711322 0.022644148 0.018821425 0.018929074 0.019036724 0.019361464 0.019717445 0.021074149 0.022965881
0.16138664 0.16956306 0.17773949 0.18591592 0.18665282 0.18166571 0.17323025 0.16479479 0.15635933 0.14976918 0.14767311 0.1383444 0.12876716 0.11918993 0.10961269 0.107823 0.11022422 0.11394394 0.11491122 0.1158785 0.11684578 0.11781412 0.11887718 0.11994023 0.12100329 0.12206635 0.12012122 0.11197884 0.10905442 0.11669218 0.12432994 0.13196769 0.13277865 0.12128831 0.10979798 0.098307648 0.088951636 0.08485042 0.075932077 0.073575192 0.07262222 0.071669247 0.070716274 0.06299766 0.054558483 0.046119305 0.037680128 0.025950775 0.022128051 0.022235701 0.022343351 0.022451001 0.022765767 0.024122472 0.026014204
0.15033812 0.15851455 0.16669098 0.1748674 0.18304383 0.18004076 0.1716053 0.16316984 0.15473438 0.14629892 0.13866288 0.12933417 0.11975694 0.1101797 0.10060246 0.09102523 0.088226224 0.089193503 0.090160782 0.091128061 0.092095339 0.093063679 0.094126736 0.095189794 0.096252851 0.097315909 0.098378966 0.10065789 0.10829565 0.11593341 0.12357117 0.13120892 0.13201988 0.12052954 0.10903921 0.097548879 0.086058546 0.075781412 0.073910139 0.072957166 0.072004193 0.071051221 0.070098248 0.062379634 0.053940456 0.045501279 0.037062102 0.028622924 0.025434678 0.025542328 0.025649978 0.025757628 0.025865278 0.027170794 0.029062526
0.15829785 0.16647428 0.1746507 0.18282713 0.18605345 0.17781007 0.16697386 0.1585384 0.15010294 0.14166748 0.13323202 0.12369271 0.11411548 0.10453824 0.094961009 0.087039179 0.084164536 0.085131815 0.086099094 0.087066372 0.0880367 0.091080005 0.091323726 0.092386783 0.093449841 0.094512898 0.095575956 0.10113602 0.10877378 0.11641153 0.12404929 0.12862544 0.12384722 0.11304049 0.10155015 0.09005982 0.078569488 0.067393301 0.066440328 0.065487356 0.064534383 0.06358141 0.05864939 0.050474344 0.042035167 0.033595989 0.025156812 0.029753834 0.033773248 0.033880898 0.033988548 0.034096198 0.029322647 0.027602285 0.029494017
0.16926902 0.17744545 0.18562187 0.18733904 0.1875629 0.17931952 0.16532231 0.15343065 0.14499519 0.13655973 0.12812427 0.11858497 0.10900773 0.099430498 0.092132232 0.086255177 0.083380534 0.084347813 0.085315091 0.086595841 0.089670867 0.092714171 0.092924605 0.093135039 0.094123926 0.095186984 0.096250042 0.1018101 0.10944786 0.11708562 0.12048871 0.11881875 0.11404053 0.1036615 0.092994825 0.081504493 0.07001416 0.058837974 0.057885001 0.056932028 0.055979056 0.050650889 0.044955877 0.036780832 0.028341654 0.019902477 0.026664777 0.038889606 0.04290902 0.04301667 0.04312432 0.037816036 0.029339557 0.027619195 0.029510927
0.18024019 0.18840078 0.18862464 0.1888485 0.18907235 0.18082898 0.16683176 0.15283455 0.13988745 0.13145199 0.12301653 0.11347722 0.10389999 0.097225284 0.091348229 0.085471174 0.082596532 0.08356381 0.085154982 0.088230007 0.091305033 0.094348337 0.094558771 0.094769205 0.094979639 0.09586107 0.096924127 0.10248419 0.11012195 0.11235198 0.11068202 0.10901206 0.10423384 0.093854813 0.083475782 0.072949165 0.061458833 0.050282646 0.049329674 0.048347401 0.042652389 0.036957377 0.031262365 0.023087319 0.014648142 0.023575719 0.035800549 0.048025379 0.052044793 0.052152443 0.046309425 0.037832946 0.029356467 0.027636105 0.029527837
0.18968638 0.18991024 0.19013409 0.19035795 0.1905818 0.18233843 0.16834122 0.154344 0.14034679 0.12634957 0.11790878 0.10836948 0.10231834 0.096441282 0.090564227 0.084687172 0.081812529 0.083714123 0.086789148 0.089864174 0.092939199 0.095982503 0.096192937 0.096403371 0.096613805 0.096824239 0.097598213 0.10315828 0.10421524 0.10254529 0.10087533 0.099205377 0.094427157 0.084048126 0.073669095 0.063290064 0.052903505 0.041727319 0.0403489 0.034653888 0.028958876 0.023263864 0.017568852 0.0093938067 0.020486662 0.032711492 0.044936321 0.057161151 0.061180565 0.054802815 0.046326336 0.037849857 0.029373378 0.027653016 0.033475187
0.18995353 0.19017739 0.19040124 0.1906251 0.19084895 0.18373637 0.16973915 0.15574194 0.14174472 0.12774751 0.1137503 0.10760349 0.10172644 0.095849381 0.089972326 0.084095271 0.082465492 0.085540517 0.088615542 0.091690567 0.094765592 0.098196822 0.096801988 0.097012422 0.097222856 0.09743329 0.097643724 0.096567996 0.094898041 0.093228085 0.091558129 0.089888173 0.086613356 0.076234325 0.065855294 0.055476263 0.045097232 0.034857843 0.029162831 0.02346782 0.017772808 0.012077796 0.0059303849 0.015445313 0.027670143 0.039894972 0.052119802 0.064344632 0.063405101 0.054928622 0.046452143 0.037975664 0.029499185 0.031019365 0.038295578
0.18207897 0.18230283 0.18252668 0.18275054 0.1864844 0.18187426 0.17040623 0.15640902 0.1424118 0.12841459 0.11441737 0.10827057 0.10239352 0.09651646 0.090639406 0.086314916 0.085551691 0.088626716 0.091701741 0.094776766 0.09884133 0.10520871 0.093518643 0.090903151 0.091113585 0.091324019 0.091534453 0.090458726 0.08878877 0.087118814 0.085448858 0.086431546 0.08658328 0.081481339 0.071102308 0.060723277 0.050344246 0.040104857 0.034409846 0.028714834 0.023019822 0.016248469 0.0003190955 0.0098340233 0.022058853 0.034283683 0.046508513 0.064113028 0.06424459 0.055768111 0.047291632 0.038815153 0.028723796 0.029833814 0.037110028
0.17420442 0.17442827 0.17495757 0.17901913 0.1830807 0.17847056 0.16796763 0.1570761 0.14307888 0.12908167 0.11508445 0.10893765 0.10306059 0.09718354 0.093163885 0.089401115 0.088637889 0.091712915 0.09478794 0.099283644 0.10585322 0.1122206 0.10053053 0.088840463 0.085004315 0.085214749 0.085425183 0.084349456 0.0826795 0.081009544 0.082441638 0.085153064 0.085304798 0.080844198 0.076349322 0.065970291 0.05559126 0.045351872 0.03965686 0.033961848 0.026566553 0.01063718 -0.0052921939 0.0042227339 0.016447564 0.028672394 0.04676451 0.064952517 0.065084079 0.0566076 0.048131121 0.037961575 0.027538245 0.028648264 0.035924477
0.16632986 0.16749231 0.17155387 0.17561544 0.179677 0.17506686 0.16456393 0.154061 0.14355807 0.12974875 0.11575153 0.10960473 0.10377562 0.10001285 0.096250084 0.092487314 0.091724088 0.094799113 0.099725958 0.10629553 0.1128651 0.11923248 0.10754242 0.09585235 0.084162283 0.079105478 0.079315912 0.078240185 0.076570229 0.07845173 0.081163156 0.083874582 0.084026315 0.079565716 0.075105117 0.070644517 0.060838274 0.050598886 0.044903874 0.036884637 0.020955264 0.0050258902 -0.010903483 -0.0013885555 0.011227984 0.029415991 0.047603999 0.065792006 0.065923569 0.05744709 0.047199353 0.036776024 0.026352695 0.027462713 0.034738926
0.16002705 0.16408861 0.16815017 0.17221174 0.1762733 0.17166316 0.16116023 0.1506573 0.14015437 0.12965144 0.11641861 0.11062459 0.10686182 0.10309905 0.099336282 0.095573513 0.094810287 0.10016827 0.10673784 0.11330742 0.11987699 0.12624437 0.1145543 0.10286424 0.09117417 0.079484103 0.073206642 0.072130915 0.074461822 0.077173248 0.079884674 0.082596099 0.082747833 0.078287234 0.073826634 0.069366035 0.064905436 0.0558459 0.047202721 0.031273348 0.015343974 -0.00058539916 -0.016514773 -0.0061205346 0.012067473 0.03025548 0.048443488 0.066631495 0.066763058 0.056437131 0.046013802 0.035590473 0.025167144 0.026277162 0.02180365
0.15931162 0.16337318 0.16743475 0.17149631 0.17555788 0.17035926 0.15985633 0.1493534 0.13885047 0.12834754 0.11784461 0.1145766 0.11081383 0.10705106 0.10328829 0.099525519 0.10029525 0.10686482 0.1134344 0.12000397 0.12657354 0.12956131 0.11898204 0.10729197 0.095601908 0.083911842 0.072221775 0.070382133 0.073093559 0.075804985 0.07851641 0.081227836 0.0771275 0.0726669 0.068206301 0.063745702 0.059285102 0.054482589 0.038553216 0.022623842 0.0066944684 -0.0092349051 -0.021172609 -0.007835003 0.010353005 0.028541012 0.046729019 0.064917027 0.06238252 0.051959191 0.041535862 0.031112533 0.020689204 0.017433771 0.011999544
0.16056061 0.16890432 0.17296588 0.17702745 0.18108901 0.17550008 0.16343158 0.15292865 0.14242572 0.13192279 0.12141986 0.11940938 0.11677766 0.11301489 0.10925212 0.10548935 0.10625908 0.11282865 0.11939823 0.1259678 0.12755265 0.12416778 0.11586718 0.10571509 0.094025026 0.082334959 0.070644893 0.068805251 0.071516676 0.074228102 0.076939528 0.080073918 0.075893674 0.058367772 0.052497085 0.048036485 0.043575886 0.038773373 0.022843999 0.0069146255 -0.0090147481 -0.019501096 -0.018057103 -0.010286386 0.0027040674 0.020892075 0.039080082 0.05726809 0.053225902 0.039830936 0.029407606 0.018984277 0.008560948 0.0093741723 0.012889658
0.15035357 0.16764307 0.17849702 0.18255859 0.18662015 0.18103122 0.16888437 0.15673752 0.14600098 0.13549805 0.12499512 0.12298464 0.12126596 0.11897872 0.11521595 0.11145318 0.11222291 0.11879248 0.12536205 0.12548896 0.12215912 0.11877425 0.11047365 0.10217305 0.092448143 0.080758077 0.06906801 0.067228368 0.069939794 0.072651219 0.075850482 0.079076635 0.074896391 0.057370489 0.039844588 0.032327269 0.027866669 0.023064156 0.0071347826 -0.008794591 -0.017829583 -0.01638559 -0.014941598 -0.0071708802 0.0012736544 0.013243138 0.031431145 0.049619153 0.045576965 0.030936986 0.017279351 0.0068560214 -0.0035673077 -0.0027540835 0.0040666575
0.14014654 0.15743603 0.17472553 0.18808972 0.19215129 0.18656236 0.17441551 0.16226866 0.15012181 0.1390733 0.12857037 0.12655989 0.12484122 0.12312255 0.12117978 0.11741701 0.11818674 0.12475631 0.12342526 0.12009543 0.11676559 0.11338072 0.10508012 0.096779522 0.088478925 0.079181194 0.067491128 0.065651486 0.068400891 0.071627045 0.074853199 0.078079352 0.073899108 0.056373206 0.038847305 0.021321403 0.012157453 0.0073549397 -0.0085744339 -0.01615807 -0.014714078 -0.013270085 -0.011826092 -0.0040553746 0.0043891599 0.012833694 0.023782208 0.041970216 0.037928028 0.023288049 0.00864807 -0.0052722344 -0.015695564 -0.014882339 -0.0080615983
0.1299395 0.14722899 0.16451849 0.18180798 0.19768242 0.19209349 0.17994664 0.1677998 0.15565295 0.1435061 0.13214562 0.13013514 0.12841647 0.1266978 0.12497913 0.12326046 0.12415057 0.12136156 0.11803173 0.1147019 0.11137206 0.10798719 0.099686589 0.091385992 0.083085395 0.074784798 0.065914245 0.064177455 0.067403608 0.070629762 0.073855915 0.077082069 0.072901825 0.055375923 0.037850022 0.02032412 0.0027982186 -0.0083542768 -0.014486557 -0.013042565 -0.011598572 -0.010154579 -0.0087105866 -0.0009398691 0.0075046655 0.0159492 0.024393735 0.034321279 0.030279091 0.015639112 0.00099913287 -0.013640846 -0.027823819 -0.027010595 -0.020189854
0.12570504 0.14299454 0.16028403 0.17757353 0.18974254 0.19474337 0.18437783 0.17223098 0.16008413 0.14793728 0.13579043 0.13372534 0.13200667 0.13028799 0.12856932 0.12664973 0.12314765 0.11981782 0.11648798 0.11315815 0.10982832 0.10676604 0.10017732 0.091876725 0.083576129 0.075275532 0.066974935 0.066558479 0.069784632 0.073010786 0.076236939 0.079463093 0.073047924 0.059786124 0.042260222 0.024734321 0.0072084191 -0.0097519404 -0.0083079477 -0.006863955 -0.0054199623 -0.0039759697 0.0035882131 0.012488762 0.020933296 0.029377831 0.037822365 0.039089459 0.024352442 0.0097124629 -0.0049275161 -0.019567495 -0.030692215 -0.02658557 -0.019764829
0.12597582 0.14326531 0.16055481 0.16917219 0.16774609 0.17274691 0.1821151 0.17583244 0.16368559 0.15153874 0.13939189 0.1373268 0.13560813 0.13388946 0.13164664 0.12800995 0.12450787 0.12117804 0.1178482 0.11451837 0.11155192 0.10863949 0.10305276 0.096806069 0.088505472 0.080204875 0.071904278 0.071487822 0.074713975 0.077940129 0.07969344 0.071117271 0.064687488 0.062125299 0.050749388 0.033223487 0.015697585 -0.0012627744 0.00018121833 0.001625211 0.0030692037 0.011613989 0.024796226 0.033696775 0.042141309 0.050585844 0.04940253 0.034461964 0.019724947 0.005084968 -0.009555011 -0.019828174 -0.020798017 -0.016691372 -0.0098706313
0.12624659 0.14353609 0.14860184 0.14717574 0.14574963 0.15075046 0.16011865 0.16948684 0.16728706 0.15514021 0.14299336 0.14092827 0.13920959 0.13664354 0.13300686 0.12937017 0.12586809 0.12253826 0.11920842 0.11630786 0.11342537 0.11051293 0.1049262 0.099339473 0.093434815 0.085134218 0.076833622 0.076417165 0.079643318 0.079909173 0.071333003 0.062756834 0.056327051 0.053764863 0.051202674 0.041712653 0.024186751 0.0072263917 0.0086703844 0.010114377 0.019639765 0.032822002 0.046004239 0.054904787 0.063349322 0.059715601 0.044775035 0.029834469 0.015097452 0.00045747309 -0.0089641324 -0.0099339757 -0.010903819 -0.0067971744 2.3566629e-05
0.12651737 0.12803149 0.12660539 0.12517928 0.12375318 0.128754 0.1381222 0.14749039 0.15685858 0.15874167 0.14659482 0.14452973 0.14164045 0.13800376 0.13436708 0.13073039 0.12722831 0.12394629 0.1210638 0.11818131 0.11529882 0.11238638 0.10679965 0.10121292 0.095626189 0.090039458 0.081762965 0.081346508 0.080124906 0.071548736 0.062972567 0.054396397 0.047966615 0.045404426 0.042842238 0.040280049 0.032675917 0.015715558 0.01715955 0.027665541 0.040847778 0.054030015 0.067212252 0.0761128 0.070028672 0.055088106 0.04014754 0.025206974 0.010469957 0.001899909 0.00093006561 -3.9777779e-05 -0.0010096212 0.0030970236 0.0045328981
