P1_models/J1_p1_vp_slide_diff_120.dat.tif
NCOLS 118
NROWS 92
XLLCORNER 139.62
YLLCORNER -39.07
DX 0.099491525
DY 0.099347826
NODATA_VALUE -9999
[rows 27 to 53 of 92, columns 0 to 59 of 118]
-9999 8.1753398 8.1779183 8.1812122 8.1887665 8.1963209 8.2038752 8.2090618 8.2115157 8.2139695 8.2164234 8.2178581 8.2190132 8.219033 8.2167793 8.2145257 8.212272 8.2119411 8.212381 8.2101724 8.2018534 8.1935344 8.1896743 8.1863599 8.1830455 8.175876 8.1583737 8.1408715 8.1233692 8.1147853 8.1097945 8.1066928 8.1072326 8.1077723 8.1082499 8.1087257 8.1092014 8.1092372 8.1086439 8.1080505 8.1074572 8.1036245 8.0994824 8.0957546 8.0923248 8.088895 8.0864438 8.089834 8.0932242 8.0985794 8.1042743 8.1099691 8.1103486 8.104846 8.1006885 8.1011903 8.101692 8.1021937 8.0985819 8.0942217
-9999 8.1717242 8.176491 8.1840453 8.1915996 8.199154 8.2067083 8.2118949 8.2143488 8.2168026 8.2192565 8.2217103 8.2235295 8.2235493 8.2212956 8.219042 8.2167884 8.2145347 8.2134637 8.2112551 8.2037654 8.200451 8.1971366 8.1938222 8.1905078 8.1833383 8.165836 8.1483338 8.1308315 8.1133293 8.1015736 8.0984718 8.0989973 8.099473 8.0999487 8.1004244 8.1009001 8.100936 8.1003426 8.0997493 8.0991559 8.0985626 8.0955541 8.0918264 8.0883965 8.0849667 8.0815369 8.078107 8.0810368 8.086392 8.0920868 8.0977816 8.1034765 8.1059809 8.1018234 8.1023252 8.1028269 8.1033286 8.1038303 8.1011412
-9999 8.1709811 8.1785354 8.1860898 8.1936441 8.2011984 8.2087528 8.2141983 8.2166522 8.219106 8.2215599 8.2240137 8.2264676 8.2269971 8.2247434 8.2224898 8.2202361 8.2179825 8.2157288 8.2131544 8.20984 8.2065256 8.2032112 8.1998968 8.1965824 8.1893165 8.1718143 8.154312 8.1368098 8.1193075 8.1018053 8.0904437 8.0909194 8.0913951 8.0918708 8.0923465 8.0928222 8.0939496 8.0933563 8.0927629 8.0921696 8.0915762 8.0909829 8.0886986 8.0852688 8.0818389 8.0784091 8.0749792 8.0715494 8.0754051 8.0810999 8.0867947 8.0924896 8.0981844 8.1016939 8.1021957 8.1026974 8.1031991 8.1037008 8.1042026
-9999 8.166533 8.1740874 8.1816417 8.1891961 8.1967504 8.2019019 8.207754 8.214595 8.2170489 8.2195027 8.2219566 8.2244104 8.2244364 8.2196005 8.2171408 8.2148872 8.2126335 8.2103799 8.2078055 8.2044911 8.2011767 8.1978623 8.1945479 8.184315 8.1723848 8.1644506 8.1480732 8.130571 8.1130687 8.0955665 8.0842049 8.0846806 8.0851563 8.085632 8.0861077 8.0895304 8.0935567 8.0971945 8.0966011 8.0960078 8.0954144 8.0948211 8.0923968 8.0887307 8.0853009 8.081871 8.0784412 8.0750114 8.0760897 8.0799963 8.0856911 8.091386 8.0970808 8.0998358 8.0924077 8.0921591 8.0926608 8.0931626 8.0936643
-9999 8.162085 8.1696393 8.1771937 8.1842235 8.1891098 8.1939962 8.1998483 8.206815 8.2137817 8.2174456 8.2198995 8.2223533 8.2223793 8.2175434 8.2127074 8.2095382 8.2072846 8.205031 8.2024565 8.1991422 8.1958278 8.1925134 8.1795036 8.1660826 8.1541524 8.1462182 8.138284 8.1243321 8.1068299 8.0893276 8.0779661 8.0784418 8.0789175 8.0795927 8.0837489 8.0879051 8.0919314 8.0957717 8.0996121 8.099846 8.0992527 8.0986593 8.096235 8.0924945 8.0887628 8.085333 8.0819032 8.0784733 8.0795516 8.0814091 8.0845875 8.0902824 8.0959772 8.0987322 8.0913041 8.083876 8.0821226 8.0826243 8.083126
-9999 8.157637 8.1651913 8.1714314 8.1763177 8.1812041 8.1860904 8.1919425 8.1989092 8.2058759 8.2128426 8.2178423 8.2202962 8.2203222 8.2154862 8.2106503 8.2058143 8.2019357 8.199682 8.1971076 8.1937932 8.1881133 8.1746923 8.1612712 8.1478501 8.1359199 8.1279858 8.1200516 8.1121174 8.100591 8.0830888 8.0717272 8.0722029 8.0738112 8.0779674 8.0821236 8.0862798 8.0903061 8.0941464 8.0979868 8.1018272 8.1030909 8.1024975 8.1000732 8.0963327 8.0925922 8.0888516 8.0853651 8.0819353 8.0830136 8.0848711 8.0867285 8.0891788 8.0948736 8.0976286 8.0902005 8.0827724 8.0753443 8.072086 8.0725877
-9999 8.1531889 8.1586393 8.1635256 8.168412 8.1732983 8.1781847 8.1840368 8.1910034 8.1979701 8.2049368 8.2119035 8.218239 8.218265 8.2134291 8.2085931 8.2037572 8.1989212 8.1943331 8.1917587 8.183302 8.1698809 8.1564598 8.1430388 8.1296177 8.1176875 8.1097533 8.1018191 8.0938849 8.0859507 8.07685 8.0654884 8.0680296 8.0721859 8.0763421 8.0804983 8.0846545 8.0886808 8.0925212 8.0963615 8.1002019 8.1040423 8.1063357 8.1039114 8.1001709 8.0964304 8.0926898 8.0889493 8.0853972 8.0864756 8.088333 8.0901905 8.092048 8.0939054 8.096525 8.0890969 8.0816688 8.0742407 8.0668126 8.0620495
-9999 8.1449798 8.1498661 8.1547524 8.1596388 8.1645251 8.1694114 8.1799723 8.1872161 8.1941828 8.2011495 8.2081162 8.2150829 8.2125821 8.2051099 8.2002739 8.1954379 8.190602 8.185766 8.1783341 8.164913 8.1514919 8.1380709 8.1246498 8.1112287 8.1053744 8.0980858 8.0901516 8.0822174 8.0742832 8.066349 8.0625445 8.0667007 8.0708569 8.0750132 8.0791694 8.0833256 8.0863274 8.0902218 8.0940622 8.0979025 8.1017429 8.1055833 8.1078006 8.1040601 8.1003196 8.096579 8.0928385 8.089098 8.0874593 8.0893168 8.0911742 8.0930317 8.0948892 8.0958845 8.0897333 8.0823052 8.0748771 8.0674489 8.0600208
-9999 8.1347759 8.1396622 8.1445485 8.1494349 8.1549528 8.1620304 8.17267 8.1874207 8.1971878 8.2041545 8.2111212 8.2180879 8.2155871 8.1941271 8.1816267 8.1767908 8.1719548 8.1671189 8.1596869 8.1462659 8.1328448 8.1194237 8.1067051 8.1039573 8.1006288 8.095744 8.0893115 8.0813773 8.0734431 8.0655089 8.0617044 8.0658606 8.0700168 8.074173 8.0778306 8.0791473 8.0818505 8.0865374 8.0906511 8.0944915 8.0983318 8.1021722 8.1050742 8.1073016 8.1042928 8.1005523 8.0968118 8.0930712 8.0891401 8.0862132 8.0880707 8.0899282 8.0917856 8.092781 8.0907901 8.0858113 8.0783832 8.0709551 8.0635269
-9999 8.124572 8.1294583 8.1343447 8.1405729 8.1476505 8.1547281 8.1653677 8.1801184 8.1948691 8.2071596 8.2141263 8.221093 8.2185922 8.1971322 8.1756722 8.1581436 8.1533077 8.1484717 8.1410398 8.1276187 8.1141976 8.1047073 8.1019595 8.0992117 8.0958832 8.0909984 8.0861135 8.0805371 8.0726029 8.0646687 8.0608642 8.0650205 8.0691767 8.072037 8.0733537 8.0746703 8.0773736 8.0820605 8.0867474 8.0910804 8.0949207 8.0987611 8.1016631 8.1038905 8.1061179 8.1045256 8.100785 8.0970445 8.0931134 8.0891494 8.0851853 8.0868246 8.0886821 8.0896775 8.0876866 8.0856957 8.0818893 8.0744612 8.0670331
-9999 8.1143681 8.1192544 8.126193 8.1332706 8.1403482 8.1474258 8.1580655 8.1728161 8.1875668 8.2023175 8.2170682 8.224098 8.2215972 8.2001372 8.1786772 8.1572173 8.1357573 8.1298246 8.1223926 8.1089715 8.1027095 8.0999617 8.0972139 8.0944661 8.0911376 8.0862528 8.0813679 8.076483 8.0715982 8.0638286 8.0600241 8.0641803 8.0662434 8.0675601 8.0688768 8.0701934 8.0728966 8.0775836 8.0822705 8.0869574 8.0915097 8.09535 8.098252 8.1004794 8.1027068 8.1049342 8.1047583 8.1010178 8.0970867 8.0931226 8.0891586 8.0851946 8.0855786 8.0865739 8.084583 8.0825921 8.0806012 8.0779673 8.0705392
-9999 8.1047355 8.1118131 8.1188907 8.1259683 8.1330459 8.1401235 8.1507632 8.1655139 8.1802645 8.1950152 8.2097659 8.2245166 8.2246023 8.2031423 8.1816823 8.1602223 8.1387623 8.1173023 8.1037455 8.1007117 8.0979639 8.0952161 8.0924683 8.0897205 8.0863921 8.0815072 8.0766223 8.0717375 8.0668526 8.0619677 8.0591332 8.0604499 8.0617665 8.0630832 8.0643998 8.0657165 8.0684197 8.0731066 8.0777936 8.0824805 8.0871674 8.0918543 8.0948409 8.0970683 8.0992957 8.1015231 8.1037505 8.104991 8.1010599 8.0970959 8.0931319 8.0891678 8.0852038 8.0834704 8.0814795 8.0794886 8.0774977 8.0755068 8.0735159
-9999 8.1027078 8.1097854 8.116863 8.1239406 8.1310182 8.1337376 8.139231 8.1539817 8.1687324 8.1834831 8.1982338 8.2097904 8.2095638 8.1951914 8.1737314 8.1522714 8.1308115 8.1093515 8.0935498 8.090802 8.0880542 8.0853064 8.0825586 8.0823315 8.0845632 8.0748041 8.0699192 8.0650344 8.0601495 8.0552647 8.052498 8.0538147 8.0551313 8.056448 8.0577647 8.0620457 8.0694841 8.074171 8.0788579 8.0835448 8.0882318 8.0924809 8.0933037 8.0943036 8.096531 8.0987584 8.1009858 8.1032132 8.1001615 8.0961975 8.0922334 8.0882694 8.083474 8.0750802 8.0730893 8.0710984 8.0691075 8.0671166 8.070019
-9999 8.102464 8.1095416 8.1166192 8.1236968 8.1233025 8.1207749 8.1262683 8.141019 8.1557697 8.1705203 8.178867 8.1837155 8.1834889 8.1730992 8.1620751 8.1406151 8.1191551 8.0976952 8.0818935 8.0791457 8.0763979 8.0736501 8.0765348 8.0840753 8.086307 8.07431 8.0625541 8.0576693 8.0527844 8.0478995 8.0451329 8.0464496 8.0477662 8.0490829 8.0556226 8.0649843 8.0724227 8.0771096 8.0817965 8.0864834 8.0905156 8.0943649 8.0951877 8.0938347 8.0939849 8.0962123 8.0984397 8.100667 8.0976154 8.0936514 8.0896873 8.0835381 8.0732958 8.064902 8.0629111 8.0609202 8.0589293 8.0639261 8.0716478
-9999 8.1022201 8.1092977 8.1153949 8.1128673 8.1103397 8.1078122 8.1133056 8.1280563 8.1428069 8.1479436 8.1527921 8.1576406 8.157414 8.1470243 8.1366345 8.1262448 8.1074988 8.0860388 8.0702371 8.0674894 8.0647416 8.0707381 8.0782786 8.085819 8.0880508 8.0760538 8.0640568 8.0520598 8.0454193 8.0405344 8.0377678 8.0390844 8.0404011 8.0491995 8.0585612 8.0679228 8.0753612 8.0800481 8.0847009 8.0885502 8.0923995 8.0962488 8.0970716 8.0957187 8.0943658 8.0936662 8.0958935 8.0981209 8.0950693 8.0911052 8.0836022 8.0733599 8.0631176 8.0547238 8.0527329 8.050742 8.0578331 8.0655549 8.0732767
-9999 8.1019763 8.1049597 8.1024321 8.0999046 8.097377 8.0948494 8.1003428 8.1121717 8.1170202 8.1218687 8.1267172 8.1315657 8.1313391 8.1209494 8.1105596 8.1001699 8.0897802 8.0743825 8.0585808 8.057401 8.0649414 8.0724819 8.0800223 8.0875628 8.0897945 8.0777975 8.0658006 8.0538036 8.0418066 8.0331693 8.0304026 8.0334148 8.0427764 8.052138 8.0614997 8.0708613 8.0782997 8.0827356 8.0865848 8.0904341 8.0942834 8.0981327 8.0989555 8.0976026 8.0962497 8.0948968 8.0935439 8.0955748 8.0925232 8.0836664 8.0734241 8.0631818 8.0529395 8.0445456 8.0440184 8.0517402 8.059462 8.0671838 8.0749056
-9999 8.0941354 8.0916079 8.0890803 8.0865527 8.0840251 8.0814976 8.0841052 8.0889537 8.0938022 8.0986507 8.1034992 8.1083477 8.108785 8.0983952 8.0880055 8.0776158 8.067226 8.0568363 8.0518684 8.0594088 8.0669493 8.0744898 8.0820302 8.0895707 8.0925106 8.0805136 8.0685166 8.0565196 8.0445226 8.0325256 8.027824 8.0371857 8.0465473 8.055909 8.0652706 8.0746322 8.0798217 8.083671 8.0875202 8.0913695 8.0952188 8.0990681 8.099549 8.0981961 8.0968432 8.0954903 8.0941374 8.0927845 8.0841772 8.0739349 8.0636926 8.0534503 8.043208 8.0367378 8.0444595 8.0521813 8.0599031 8.0676249 8.0753467
-9999 8.0778487 8.0753212 8.0727936 8.070266 8.0677384 8.079695 8.0869634 8.0872827 8.0921312 8.0969797 8.1018282 8.1066767 8.1079317 8.1019906 8.0920054 8.0816157 8.0712259 8.0608362 8.0558683 8.0634088 8.0709492 8.0784897 8.0860301 8.0903172 8.0917466 8.0893308 8.0785653 8.0665683 8.0545713 8.0425743 8.0378727 8.0472344 8.056596 8.0659577 8.0753193 8.0821505 8.0832829 8.0774524 8.0813017 8.085151 8.0890003 8.0928496 8.0922694 8.0890572 8.0877043 8.0863514 8.0849985 8.0836455 8.0767031 8.0675726 8.0573303 8.047088 8.0368457 8.030222 8.0361327 8.0436643 8.0513861 8.0591078 8.0668296
-9999 8.061562 8.0590345 8.0565069 8.057282 8.0706372 8.0839923 8.0912607 8.091504 8.0917474 8.0953088 8.1001573 8.1050058 8.1062608 8.1003197 8.0943785 8.0856156 8.0752259 8.0648361 8.0598682 8.0674087 8.0749491 8.0824896 8.0854918 8.0883558 8.0897852 8.0873694 8.0849536 8.076617 8.06462 8.052623 8.0479214 8.0572831 8.0666447 8.0758032 8.0820472 8.0882912 8.0894237 8.0832432 8.0770627 8.0789325 8.0827818 8.086631 8.0860509 8.0822864 8.0785653 8.0772124 8.0758595 8.0745066 8.0675641 8.0596556 8.050968 8.0407257 8.0304834 8.0238597 8.0297704 8.0356811 8.042869 8.0505908 8.0583126
-9999 8.0452753 8.0427478 8.0482241 8.0615793 8.0749345 8.0882897 8.095558 8.0958014 8.0960447 8.0962881 8.0984863 8.1033348 8.1045899 8.0986487 8.0927076 8.0867664 8.0792258 8.068836 8.0638681 8.0714086 8.0778023 8.0806664 8.0835304 8.0863944 8.0878238 8.085408 8.0829922 8.0805765 8.0746687 8.0626717 8.0579702 8.0673318 8.0756999 8.081944 8.088188 8.094432 8.0955644 8.0893839 8.0832034 8.077023 8.0765632 8.0804125 8.0798323 8.0760679 8.0723035 8.068539 8.0667206 8.0653677 8.0584252 8.0505167 8.0426082 8.0343635 8.0241212 8.0174975 8.0234082 8.0293188 8.0352295 8.0420737 8.0497955
-9999 8.0289886 8.0391662 8.0525214 8.0658766 8.0792318 8.092587 8.0998553 8.1000987 8.100342 8.1005854 8.1008287 8.1016639 8.1029189 8.0969778 8.0910366 8.0850955 8.0791544 8.0728359 8.067868 8.0729769 8.075841 8.078705 8.081569 8.0844331 8.0858624 8.0834467 8.0810309 8.0786151 8.0761993 8.0727205 8.0680189 8.0755967 8.0818407 8.0880847 8.0943287 8.1005728 8.1017052 8.0955247 8.0893442 8.0831637 8.0769832 8.074194 8.0736138 8.0698494 8.0660849 8.0623205 8.058556 8.0562287 8.0492862 8.0413777 8.0334692 8.0255607 8.0176522 8.0111352 8.0170459 8.0229566 8.0288672 8.0347779 8.0412784
-9999 8.0336348 8.04699 8.0603452 8.0737004 8.0870556 8.1004107 8.0980768 8.0983201 8.0985635 8.0988068 8.0990502 8.0992935 8.0989088 8.0950846 8.0891435 8.0832023 8.0772612 8.07132 8.0680415 8.0709055 8.0737695 8.0766335 8.0794976 8.0823616 8.0885964 8.0871888 8.084773 8.0823572 8.0799414 8.0775256 8.0780678 8.0843118 8.0905558 8.0967998 8.1030438 8.1092879 8.1023247 8.0961442 8.0899638 8.0837833 8.0776028 8.0718899 8.0699482 8.0661838 8.0624193 8.0586549 8.0548904 8.051126 8.0438281 8.0359196 8.0280111 8.0201026 8.0121941 8.0115421 8.0174528 8.0233635 8.0292741 8.0351848 8.0406969
-9999 8.0470629 8.0604181 8.0737732 8.0871284 8.0942275 8.089215 8.0866423 8.0868857 8.087129 8.0873723 8.0866301 8.0821673 8.0811041 8.0868486 8.0868971 8.080956 8.0750148 8.0690737 8.0657951 8.0686591 8.0715232 8.0743872 8.0780805 8.0880123 8.09576 8.0976543 8.0975794 8.0951636 8.0927478 8.090332 8.0908741 8.0971182 8.1033622 8.1096062 8.1122275 8.102461 8.0941698 8.0879893 8.0818088 8.0756284 8.071618 8.0713689 8.0694945 8.0664516 8.062811 8.0590465 8.0552821 8.0515176 8.0442198 8.0363113 8.0284028 8.0204943 8.0207922 8.0227068 8.0286175 8.0345282 8.0404388 8.0446668 8.0452854
-9999 8.0604909 8.0738461 8.0872013 8.0878056 8.082793 8.0777805 8.0752078 8.0754512 8.0756945 8.0732882 8.0688254 8.0643627 8.0632994 8.0690439 8.0747884 8.0787096 8.0727685 8.0668273 8.0635487 8.0664128 8.0692768 8.0753124 8.0852442 8.0951759 8.1029237 8.1048179 8.1067121 8.10797 8.1055542 8.1031384 8.1036805 8.1099245 8.1161686 8.1138391 8.1040726 8.0943061 8.0860149 8.0798344 8.0736539 8.071346 8.071097 8.0708479 8.0689735 8.0659306 8.0628877 8.0594382 8.0556737 8.0519093 8.0446114 8.0367029 8.0304351 8.031196 8.0319569 8.0338715 8.0397822 8.0456929 8.0486367 8.0492553 8.049874
-9999 8.073919 8.0863963 8.0813837 8.0763711 8.0713585 8.066346 8.0637733 8.0640167 8.0599463 8.0554835 8.0510208 8.046558 8.0454947 8.0512392 8.0569837 8.0627282 8.0684726 8.064581 8.0613024 8.0641664 8.0725443 8.0824761 8.0924078 8.1023395 8.1100873 8.1119815 8.1138758 8.11577 8.1176642 8.1159448 8.1164869 8.1227309 8.1154507 8.1056842 8.0959177 8.0861512 8.07786 8.0716795 8.0710741 8.070825 8.0705759 8.0703269 8.0684524 8.0654096 8.0623667 8.0593238 8.0560654 8.0523009 8.0450031 8.0408388 8.0415998 8.0423607 8.0431216 8.0450362 8.0509469 8.0526066 8.0532253 8.0538439 8.0544625
-9999 8.0799744 8.0749618 8.0699492 8.0649366 8.0599241 8.0549115 8.0510671 8.0466044 8.0421416 8.0376788 8.0332161 8.0287533 8.0276901 8.0334345 8.039179 8.0449235 8.050668 8.0564124 8.0598445 8.0697762 8.079708 8.0896397 8.0995714 8.1095032 8.117251 8.1191452 8.1210394 8.1229336 8.1248278 8.126722 8.1268289 8.1170624 8.1072958 8.0975293 8.0877628 8.0779963 8.0710512 8.0708021 8.0705531 8.070304 8.0700549 8.0698058 8.0679314 8.0648886 8.0618457 8.0588028 8.0557599 8.0526926 8.0512426 8.0520035 8.0527645 8.0535254 8.0542863 8.0559579 8.0565766 8.0571952 8.0578138 8.0584324 8.059051
-9999 8.0752455 8.0702329 8.0652204 8.0602078 8.0551952 8.0508557 8.0467008 8.042238 8.0377753 8.0333125 8.0288497 8.0285608 8.0291115 8.0246525 8.030397 8.0361415 8.041886 8.0476304 8.0546411 8.0645728 8.0745046 8.0844363 8.094368 8.0998802 8.1021398 8.1125948 8.1144891 8.1163833 8.1182775 8.1201717 8.118083 8.1083165 8.0985499 8.0887834 8.0790169 8.0711199 8.0674325 8.0671834 8.0669343 8.0666853 8.0664362 8.0664694 8.0665853 8.0650315 8.0619886 8.0589457 8.0559028 8.05286 8.0530604 8.0538213 8.0545822 8.0553432 8.0555582 8.0546914 8.05531 8.0559286 8.0565473 8.0571659 8.0497894
