P1_models/J1_p1_vp_slide_diff2_25.dat.tif
NCOLS 118
NROWS 92
XLLCORNER 139.62
YLLCORNER -39.07
DX 0.099491525
DY 0.099347826
NODATA_VALUE -9999
[rows 0 to 24 of 92, columns 57 to 113 of 118]
-9999 -9999 -9999 -9999 -9999 -9999 -9999 -9999 -9999 -9999 -9999 -9999 -9999 -9999 -9999 -9999 -9999 -9999 -9999 -9999 -9999 -9999 -9999 -9999 -9999 -9999 -9999 -9999 -9999 -9999 -9999 -9999 -9999 -9999 -9999 -9999 -9999 -9999 -9999 -9999 -9999 -9999 -9999 -9999 -9999 -9999 -9999 -9999 -9999 -9999 -9999 -9999 -9999 -9999 -9999 -9999 -9999
0.013648336 0.0096885732 0.0057288104 0.0010834819 0.012518038 0.02845658 0.044395123 0.060333665 0.076272207 0.097378795 0.11501521 0.13265162 0.15028803 0.16792444 0.17977402 0.18421871 0.1886634 0.1931081 0.19755279 0.19620143 0.20588245 0.20639624 0.20691003 0.20742381 0.2079376 0.20556257 0.20185285 0.19814313 0.19443341 0.19172919 0.19576904 0.20102617 0.20766414 0.2143021 0.22094006 0.22787537 0.24448734 0.2610993 0.27771126 0.29432323 0.29463168 0.29903502 0.29623242 0.29342982 0.29062722 0.28782463 0.30075031 0.31209378 0.32300462 0.33391546 0.3448263 0.33207569 0.32364863 0.31651946 0.3093903 0.30226113 -9999
0.030662686 0.026702923 0.022743161 0.018097832 0.012986633 0.020948368 0.036886911 0.052825453 0.068763996 0.090633044 0.11258305 0.13021946 0.14785587 0.16549228 0.17734186 0.18178655 0.18623124 0.19067594 0.18821951 0.18529573 0.19795256 0.2088791 0.20939289 0.20990668 0.21042047 0.20804544 0.20433572 0.200626 0.1987609 0.20323202 0.20727187 0.21053463 0.21544556 0.22208352 0.22872148 0.23565679 0.25226876 0.26888072 0.28549268 0.28425015 0.27542174 0.28140175 0.28822934 0.28542674 0.28262414 0.27982154 0.29274722 0.31317104 0.32489658 0.33580742 0.34671825 0.33396764 0.30856666 0.29940576 0.2922766 0.28514743 -9999
0.047677036 0.043717273 0.039757511 0.035112182 0.030000983 0.024889783 0.029378699 0.045317241 0.061255784 0.083124832 0.10519766 0.12727049 0.14542371 0.16306012 0.1749097 0.17935439 0.18351029 0.18041205 0.17731381 0.17439003 0.18704686 0.19970368 0.21187576 0.21238955 0.21290334 0.21052831 0.20681859 0.20579261 0.21026373 0.21473484 0.21877469 0.22203745 0.22530021 0.22986494 0.2365029 0.24343821 0.26005017 0.27666214 0.27386863 0.26504022 0.25621181 0.26219181 0.26974896 0.2773061 0.27462105 0.27181845 0.28474413 0.30516795 0.32559177 0.33769937 0.34861021 0.3358596 0.31045861 0.28505763 0.2751629 0.26803374 -9999
0.04371704 0.059172693 0.056771861 0.052126532 0.047015333 0.041904133 0.036792934 0.037809029 0.053747572 0.07561662 0.097689448 0.11976228 0.1418351 0.16062796 0.17247754 0.17570283 0.17260459 0.16950635 0.16640811 0.16348433 0.17614116 0.18879798 0.2014548 0.21411163 0.21538621 0.21301117 0.21282433 0.21729544 0.22176655 0.22623766 0.23027751 0.23354027 0.23680303 0.24006579 0.24428432 0.25121963 0.26783159 0.2634871 0.25465869 0.24583028 0.23700187 0.24298187 0.25053902 0.25809617 0.26565331 0.26381536 0.27674104 0.29716486 0.31758868 0.3380125 0.35050216 0.33775155 0.31235057 0.28694959 0.2615486 0.25092004 -9999
0.038112788 0.053568441 0.069024094 0.069140882 0.064029683 0.058918483 0.053807284 0.048696084 0.04623936 0.068108408 0.090181236 0.11225406 0.13432689 0.15639972 0.16789537 0.16479713 0.16169889 0.15860065 0.15550241 0.15257863 0.16523546 0.17789228 0.1905491 0.20320593 0.21586275 0.21985604 0.22432715 0.22879826 0.23326937 0.23774048 0.24178033 0.24504309 0.24830585 0.25156861 0.25483137 0.25900105 0.25310557 0.24427716 0.23544875 0.22662034 0.21779193 0.22377193 0.23132908 0.23888623 0.24644337 0.25400052 0.26873795 0.28916177 0.30958559 0.33000941 0.35043323 0.33964351 0.31424252 0.28884154 0.26344056 0.23803958 -9999
0.072957904 0.088413557 0.086168375 0.077497433 0.072114065 0.067002865 0.061891666 0.056780466 0.051669267 0.072839048 0.094911876 0.1169847 0.13905753 0.15393026 0.15592738 0.15282914 0.1497309 0.14663266 0.14356368 0.16052753 0.16334437 0.17600119 0.18865801 0.20131484 0.21397166 0.22102957 0.22550068 0.22997179 0.23444291 0.24230276 0.24665084 0.23902567 0.24228843 0.24555119 0.24881395 0.25171624 0.24288783 0.23405942 0.22523101 0.2164026 0.22217576 0.22983069 0.23738784 0.24494498 0.25250213 0.25661078 0.27111621 0.29154003 0.31196385 0.33238767 0.34225422 0.32634966 0.30094868 0.2755477 0.25014672 0.24014495 -9999
0.11421135 0.10656969 0.093588178 0.084917236 0.079175509 0.073672486 0.068561287 0.063450087 0.058338888 0.079508669 0.1015815 0.12365433 0.13581489 0.14179397 0.14379109 0.14069285 0.13759461 0.1375043 0.15463103 0.17159487 0.17401195 0.17642904 0.1881951 0.20085192 0.21350874 0.22056665 0.22503776 0.22950887 0.23866714 0.2534405 0.25778858 0.24335123 0.2334953 0.23675806 0.24002082 0.24292311 0.2340947 0.22526629 0.21643788 0.22366474 0.23223779 0.23989272 0.24744987 0.25500701 0.25854288 0.26063373 0.27513916 0.29556298 0.3159868 0.32469681 0.32655452 0.31064996 0.28524898 0.25984799 0.25161258 0.25456708 -9999
0.12697101 0.11398949 0.10100798 0.092337039 0.086595312 0.080853585 0.075230908 0.070119709 0.065008509 0.08617829 0.10825112 0.11769953 0.1236786 0.12965768 0.1316548 0.12855656 0.13144492 0.14857165 0.16569838 0.18266222 0.1850793 0.18749638 0.18991346 0.200389 0.21304582 0.22010373 0.22457484 0.23503151 0.24980487 0.26457824 0.26892632 0.25448897 0.24005162 0.22796493 0.23122769 0.23412998 0.22530157 0.21658068 0.22515373 0.23372678 0.24229982 0.24995475 0.2575119 0.26047498 0.26256584 0.26465669 0.27916211 0.29958593 0.3071394 0.30899711 0.31085481 0.29495025 0.26954927 0.26308022 0.26603472 0.26898922 -9999
0.13439081 0.1214093 0.10842778 0.099756842 0.094015115 0.088273388 0.082531661 0.076789934 0.07167813 0.092847911 0.099584158 0.10556324 0.11154232 0.1175214 0.11951852 0.12538554 0.14251227 0.15963899 0.17676572 0.19372957 0.19614665 0.19856373 0.20098081 0.20339789 0.21258291 0.21964081 0.23139588 0.24616924 0.26094261 0.27571598 0.28006405 0.26562671 0.25118936 0.23675201 0.22243456 0.22533685 0.21806966 0.22664271 0.23521576 0.24378881 0.25236186 0.26001679 0.26240708 0.26449794 0.26658879 0.26867964 0.28318507 0.28958199 0.2914397 0.2932974 0.29515511 0.27925055 0.27454785 0.27750235 0.28045685 0.28341135 -9999
0.14342491 0.1304434 0.11746188 0.10649049 0.10074876 0.095007036 0.089265309 0.083523582 0.077781855 0.083371571 0.08935065 0.095329729 0.10130881 0.10728789 0.11732434 0.13445107 0.1515778 0.16870453 0.18583126 0.20315024 0.20674989 0.20916697 0.21158405 0.21400113 0.21641821 0.22728683 0.24206019 0.25683356 0.27160692 0.28638029 0.29074752 0.27631017 0.26187282 0.24743548 0.23299813 0.21924678 0.22781983 0.23639288 0.24496593 0.25353898 0.2620919 0.26476285 0.2668537 0.26894455 0.27103541 0.27312626 0.27526002 0.27711773 0.27897543 0.28083314 0.28269084 0.28291229 0.28586679 0.28882129 0.29177579 0.29473029 -9999
0.16303865 0.15005714 0.12091933 0.10673778 0.10298554 0.09724381 0.091502083 0.085760356 0.080018629 0.085608346 0.091587425 0.097566504 0.10354558 0.10548743 0.11327053 0.13039726 0.14752399 0.16465072 0.1822688 0.20104572 0.21222969 0.21672858 0.21914566 0.22156274 0.22397983 0.23484844 0.2496218 0.26439517 0.27916853 0.29095148 0.29393276 0.28401646 0.26957911 0.25514176 0.24070442 0.22695307 0.23552612 0.24409917 0.25267221 0.26119738 0.2693151 0.27198606 0.27407691 0.27616776 0.27825861 0.28161434 0.28399994 0.28585765 0.28771535 0.28957306 0.27726922 0.27389378 0.27684829 0.27980279 0.28275729 0.28506344 -9999
0.18124647 0.15060023 0.119954 0.10577245 0.10277936 0.099480585 0.093738858 0.087997131 0.082255404 0.087845121 0.0938242 0.099803279 0.10095245 0.10143363 0.10921673 0.12634346 0.14347019 0.16130235 0.18016428 0.1989412 0.21012517 0.22130915 0.22670728 0.22912436 0.23154144 0.24241005 0.25718341 0.27195678 0.28323309 0.29306717 0.29604845 0.28668161 0.2772854 0.26284805 0.2484107 0.23465936 0.2432324 0.25180545 0.26030286 0.26842058 0.27653831 0.27920926 0.28130012 0.28339097 0.28686134 0.29035426 0.29273986 0.29459756 0.29645527 0.28346575 0.26825071 0.26487528 0.26782978 0.27078428 0.27305804 0.27520606 -9999
0.18028114 0.1496349 0.11898867 0.10480713 0.10181403 0.098820933 0.095827837 0.090233906 0.084492179 0.090081896 0.095936291 0.096417468 0.096898645 0.097379822 0.10516292 0.12228965 0.1403359 0.15919783 0.17805977 0.19683668 0.20802066 0.21920463 0.2303886 0.23668597 0.23910305 0.24997166 0.26474502 0.27551471 0.28534879 0.29518287 0.29816415 0.2887973 0.27943046 0.27006361 0.25611699 0.24236564 0.25093869 0.25940834 0.26752606 0.27564379 0.28376152 0.28643247 0.28861542 0.29210834 0.29560126 0.29909418 0.30147978 0.30333748 0.28966229 0.27444725 0.25923221 0.25585677 0.25881127 0.26105264 0.26320066 0.26534869 -9999
0.17931581 0.14866957 0.11802334 0.1038418 0.1008487 0.097855604 0.094862508 0.091869412 0.086728954 0.091401308 0.091882485 0.092363662 0.09284484 0.093326017 0.10110912 0.11936944 0.13823138 0.15709331 0.17595525 0.19473216 0.20591614 0.21710011 0.22828408 0.23946806 0.24666466 0.25753327 0.26779632 0.2776304 0.28746448 0.29729856 0.30027984 0.290913 0.28154615 0.27217931 0.26281246 0.25007193 0.25851382 0.26663154 0.27474927 0.282867 0.29098473 0.29386242 0.29735534 0.30084826 0.30434118 0.3078341 0.31021969 0.29585882 0.28064378 0.26542874 0.2502137 0.24683827 0.24904725 0.25119527 0.25334329 0.25549131 -9999
0.18416483 0.1535186 0.12287237 0.10552597 0.10253287 0.099539778 0.096546682 0.093553586 0.09056049 0.0875928 0.088073977 0.088555154 0.089036331 0.089517508 0.098061795 0.11692373 0.13578566 0.1546476 0.17350954 0.19035549 0.2011541 0.21233808 0.22352205 0.23470602 0.24589 0.25615066 0.26598474 0.27581882 0.2856529 0.29548698 0.30054297 0.29117613 0.28180928 0.27244244 0.26307559 0.25423001 0.26234774 0.27046546 0.27858319 0.28670092 0.29507113 0.29780776 0.30130068 0.3047936 0.30828651 0.31177943 0.30223548 0.28702044 0.2718054 0.25659036 0.24137532 0.24204545 0.24419347 0.24634149 0.24848952 0.25063754 -9999
0.20252431 0.17187808 0.14123185 0.12178633 0.11037353 0.10738043 0.10438734 0.10139424 0.098401147 0.089600517 0.084835449 0.085316626 0.085797804 0.086278981 0.094823267 0.1136852 0.13254714 0.15140907 0.16747324 0.18074242 0.19075052 0.20140094 0.21258491 0.22376888 0.23495286 0.24521352 0.2550476 0.26488168 0.27471576 0.27969439 0.28317013 0.28583594 0.27776773 0.26840088 0.25903404 0.25018845 0.25830618 0.26642391 0.27454164 0.28300365 0.29222027 0.29271003 0.29410515 0.29759807 0.30109098 0.3045839 0.29462786 0.27860061 0.26338557 0.24817053 0.23295549 0.23837379 0.25096625 0.25311427 0.25526229 0.25741031 -9999
0.22088379 0.19023756 0.15959132 0.14014581 0.12831164 0.11647748 0.112228 0.1092349 0.1062418 0.097441174 0.08844099 0.082078099 0.082559276 0.083040453 0.091584739 0.11044667 0.12930861 0.14455447 0.15786017 0.17112936 0.18113746 0.19114555 0.20164777 0.21283175 0.22401572 0.23427638 0.24411047 0.25394455 0.25817847 0.26210369 0.26557943 0.26824524 0.27091105 0.26435933 0.25499248 0.2461469 0.25426463 0.26238235 0.27093616 0.28015279 0.28936941 0.28985917 0.28941949 0.29040253 0.29389545 0.29738837 0.28743233 0.27106478 0.25496573 0.23975069 0.22453565 0.22995396 0.24640369 0.25988704 0.26203506 0.26418309 -9999
0.22045046 0.20859704 0.1779508 0.15850528 0.14667112 0.13483696 0.1230028 0.11707556 0.11408246 0.10528183 0.096281647 0.087281463 0.079320748 0.079801925 0.088346212 0.10720815 0.1216357 0.13494141 0.14824711 0.16151629 0.17152439 0.18153249 0.19154058 0.20189461 0.21307858 0.22333925 0.23273733 0.23666255 0.24058777 0.244513 0.24798874 0.25065455 0.25332035 0.25598616 0.25095093 0.24210534 0.25022307 0.25886868 0.2680853 0.27730193 0.28651855 0.28700831 0.28656863 0.28612896 0.28669992 0.29019284 0.2802368 0.26386925 0.2475017 0.23133086 0.21611582 0.22153412 0.23798385 0.25443358 0.26880784 0.27095586 -9999
0.20701631 0.20309261 0.19631028 0.17686476 0.1650306 0.15319644 0.14136228 0.12952812 0.12192312 0.11312249 0.1041223 0.09512212 0.086121936 0.077121752 0.085107684 0.098716938 0.11202264 0.12532834 0.13863404 0.15190323 0.16191133 0.17191942 0.18192752 0.19193562 0.20214144 0.21122141 0.21514663 0.21907186 0.22299708 0.2269223 0.23039804 0.23306385 0.23572966 0.23839547 0.24106128 0.23806379 0.2468012 0.25601782 0.26523444 0.27445107 0.28366769 0.28415745 0.28371778 0.2832781 0.28283842 0.28299731 0.27304127 0.25667372 0.24030617 0.22393862 0.20769598 0.21311429 0.22956402 0.24601375 0.26246348 0.27772863 -9999
0.19362168 0.18969798 0.18515415 0.1776789 0.16613334 0.15429918 0.14246502 0.13063085 0.11879669 0.10970236 0.10070218 0.091701996 0.082701812 0.074562274 0.079958821 0.093264523 0.10657022 0.11987593 0.13318163 0.13895859 0.14350235 0.15351045 0.16351854 0.17352664 0.18353474 0.18938223 0.19330745 0.19723267 0.2011579 0.20508312 0.22540329 0.23025189 0.2329177 0.23558351 0.23824932 0.24111043 0.25032705 0.25954367 0.26876029 0.27797691 0.28522304 0.28534904 0.28490936 0.28446969 0.28403001 0.28435316 0.27392992 0.25756237 0.24119482 0.22482727 0.21199432 0.22179974 0.23824947 0.2546992 0.27114893 0.2837317 -9999
0.18025686 0.17528289 0.16909257 0.16161732 0.15326891 0.14238484 0.13055068 0.11871651 0.10688235 0.097788024 0.08878784 0.079787655 0.07303267 0.072248315 0.077644862 0.090950564 0.10425627 0.11756197 0.12168047 0.12366918 0.12501456 0.12846655 0.13847465 0.14848274 0.15849084 0.16433833 0.16826356 0.17218878 0.17885742 0.20476652 0.22511392 0.23543963 0.24125362 0.24391943 0.24658524 0.24944634 0.25866297 0.26787959 0.27709621 0.28402662 0.28946393 0.28958992 0.28915025 0.28871057 0.28929415 0.29133985 0.28091661 0.26454906 0.24818151 0.2362048 0.2335826 0.24338802 0.25983775 0.27628748 0.28783014 0.2875828 -9999
0.16541164 0.15922131 0.15303098 0.14555573 0.13720733 0.12885892 0.11863633 0.10680217 0.094968011 0.085873683 0.076873499 0.071503066 0.070718711 0.069934356 0.075330903 0.088636605 0.10194231 0.10439514 0.10639105 0.10837976 0.10972514 0.11107053 0.11343075 0.12343885 0.13344694 0.13929444 0.14321966 0.15265895 0.17856805 0.20447714 0.22482454 0.23515026 0.24547598 0.25225534 0.25492115 0.25778226 0.26699888 0.2762155 0.28283019 0.2882675 0.29370481 0.29383081 0.29339113 0.29423514 0.29628084 0.29832653 0.2879033 0.27153575 0.26041528 0.25779308 0.25517088 0.26497631 0.28142604 0.29192858 0.29168124 0.2914339 -9999
0.14935005 0.14315972 0.1369694 0.12949415 0.12114574 0.11279734 0.10444893 0.094887832 0.08305367 0.073959342 0.069973462 0.069189107 0.068404752 0.067620397 0.073016945 0.085113898 0.087109809 0.08910572 0.09110163 0.093090337 0.094435725 0.095781114 0.097126502 0.09847189 0.10840305 0.11425054 0.12646048 0.15236958 0.17827867 0.20418777 0.22453516 0.23486088 0.2451866 0.25551232 0.26325707 0.26611818 0.2753348 0.28163377 0.28707108 0.29250839 0.2979457 0.29807169 0.29917613 0.30122183 0.30326752 0.30531322 0.29488998 0.28462576 0.28200356 0.27938137 0.27675917 0.28656459 0.29602701 0.29577968 0.29553234 0.29528501 -9999
0.13328847 0.12709814 0.12090781 0.11343257 0.10508416 0.096735756 0.088387351 0.080038946 0.071139329 0.068443859 0.067659504 0.066875149 0.066090794 0.065306439 0.067828569 0.069824479 0.07182039 0.0738163 0.075812211 0.077800918 0.079146306 0.080491695 0.081837083 0.083182471 0.084527859 0.10026201 0.1261711 0.1520802 0.17798929 0.20389839 0.22424578 0.2345715 0.24489722 0.25522294 0.26554866 0.27445409 0.28043734 0.28587465 0.29131196 0.29674927 0.30218658 0.30411712 0.30616282 0.30820851 0.31025421 0.31229991 0.30883624 0.30621405 0.30359185 0.30096965 0.29834745 0.30012545 0.29987812 0.29963078 0.29938344 0.29913611 -9999
