P1_models/J1_p1__temp2_slide_120.dat.tif
NCOLS 118
NROWS 92
XLLCORNER 139.62
YLLCORNER -39.07
DX 0.099491525
DY 0.099347826
NODATA_VALUE -9999
[rows 0 to 26 of 92, columns 0 to 59 of 118]
-9999 -9999 -9999 -9999 -9999 -9999 -9999 -9999 -9999 -9999 -9999 -9999 -9999 -9999 -9999 -9999 -9999 -9999 -9999 -9999 -9999 -9999 -9999 -9999 -9999 -9999 -9999 -9999 -9999 -9999 -9999 -9999 -9999 -9999 -9999 -9999 -9999 -9999 -9999 -9999 -9999 -9999 -9999 -9999 -9999 -9999 -9999 -9999 -9999 -9999 -9999 -9999 -9999 -9999 -9999 -9999 -9999 -9999 -9999 -9999
-9999 838.22609 840.22994 842.2338 844.23766 846.24151 848.7719 848.26766 843.10905 837.94854 832.78803 827.62752 822.46701 817.33219 813.44219 810.92042 808.39864 805.87686 803.35508 799.96024 794.55122 789.1422 783.73317 778.32415 773.97518 776.71199 782.88958 791.92746 800.96533 810.00321 819.04109 823.05063 817.36713 811.68364 806.00014 800.31665 794.8213 787.25939 781.4523 779.71257 777.97284 776.23311 774.49338 781.99569 789.21622 794.225 799.23379 804.24258 809.25137 818.28152 828.07717 837.87282 847.66848 857.46413 863.03785 857.61475 857.31237 857.00998 856.7076 856.40522
-9999 847.71008 849.71393 851.71779 853.72165 856.66155 860.18779 859.68355 854.5276 849.37023 844.20972 839.0492 833.88869 828.75388 823.67053 819.14476 816.62298 814.1012 811.57942 808.18459 802.77556 797.36654 791.95752 789.50268 791.72533 794.46213 798.57703 803.63518 812.67306 821.71094 830.74882 834.75836 829.07486 823.39136 817.70787 812.37449 807.40328 799.84138 788.57311 780.79753 779.0578 777.31807 775.57834 783.08065 797.22695 806.14509 811.15387 816.16266 821.17145 830.19839 839.91978 849.70639 859.50204 869.29769 874.87142 865.82089 858.9545 858.65212 858.34974 858.04735
-9999 857.19407 859.19793 861.20178 864.55121 868.07745 871.60369 871.09944 865.9435 860.78755 855.6314 850.47089 845.31038 840.17557 835.09221 830.00886 824.92551 822.32555 819.80377 816.40893 810.99991 805.59089 805.03019 807.25283 809.47547 812.21228 816.32718 820.44208 824.55698 833.41867 842.45654 846.46608 840.78259 835.09909 829.92768 824.95648 819.98527 812.42337 801.15509 789.88682 780.14276 778.40303 776.6633 784.16561 798.31191 812.45821 823.07396 828.08275 833.09153 842.11847 851.83986 861.56125 871.33561 881.13126 886.70498 877.65445 868.60392 860.29426 859.99187 859.68949
-9999 866.67806 868.91462 872.44086 875.9671 879.49334 883.01958 882.51533 877.35939 872.20345 867.0475 861.89156 856.73207 851.59726 846.5139 841.43055 836.3472 831.26384 828.02811 824.63327 819.22425 820.55769 822.78033 825.00297 827.22562 829.96242 834.07732 838.19223 842.30713 846.42203 854.16427 858.17381 852.49031 847.48087 842.50967 837.53847 832.56726 825.00536 813.73708 802.46881 791.20054 779.93226 777.74826 785.25057 799.39687 813.54317 827.68947 840.00283 845.01162 854.03856 863.75995 873.48133 883.20272 892.96483 898.53855 889.48802 880.43749 871.38696 862.33643 861.33163
-9999 876.80427 880.33051 883.85675 887.38299 890.90923 894.43547 893.93123 888.77528 883.61934 878.46339 873.30745 868.15151 863.01894 857.93559 852.85224 847.76888 842.68553 837.60218 833.86256 836.0852 838.30784 840.53048 842.75312 844.97576 847.71257 851.82747 855.94237 860.05727 864.17218 868.28708 870.00527 865.03406 860.06286 855.09166 850.12045 845.14925 837.58734 826.31907 815.0508 803.78252 792.51425 781.24598 786.33554 800.48183 814.62813 828.77443 842.92073 856.9317 865.95864 875.68003 885.40142 895.12281 904.84419 910.37212 901.32159 892.27106 883.22053 874.17 865.11947
-9999 880.38802 883.91426 887.4405 890.96674 894.49298 897.74367 896.98618 891.83024 886.67429 881.51835 876.3624 871.54101 867.89541 865.09837 860.01502 854.93166 849.84831 844.76496 841.89083 844.11347 846.33611 848.55875 850.78139 853.39278 854.83023 852.80109 856.91599 861.03089 865.14579 869.26069 870.27208 865.30088 860.32967 855.35847 850.38726 848.85991 845.40549 834.13722 822.86894 811.60067 800.3324 793.83319 789.60594 795.11816 809.26446 823.41076 837.55706 851.70336 862.0768 871.79819 881.51957 891.24096 898.70106 897.22831 888.17778 879.12725 870.07672 861.02619 859.97865
-9999 882.73094 886.25718 889.78342 893.30966 896.42044 899.47401 898.71652 893.56058 888.40464 883.24869 878.64648 874.23101 870.58541 868.48149 866.37758 861.41971 856.33636 851.253 848.37887 850.60151 852.82415 855.04679 857.94521 861.21252 862.64996 859.18293 855.71591 859.34663 863.46153 867.57643 868.58782 863.61661 858.64541 853.67421 853.91596 855.92333 852.46891 841.20064 829.93236 818.66409 813.88085 810.00068 805.77342 801.29665 802.87914 817.02544 831.17174 845.31804 855.69148 865.41287 875.13426 880.88521 881.60012 880.12738 871.07685 862.02632 852.97579 854.36813 858.17474
-9999 885.07386 888.6001 892.04363 895.09721 898.15078 901.20436 900.44687 895.29092 890.16741 885.75195 881.33648 876.92101 873.27541 871.17149 869.06758 866.96366 862.8244 857.74105 854.86692 857.08956 859.3122 862.49764 865.76494 869.03225 870.46969 867.00267 863.53564 860.06861 861.77727 865.89217 866.90355 861.93235 856.96464 858.97201 860.97938 862.98674 859.53233 848.26406 837.80867 833.9285 830.04833 826.16816 821.94091 817.46414 812.98737 810.64013 824.78642 838.93272 849.30616 859.02755 863.06936 863.78428 864.49919 863.02645 853.97592 844.95099 848.75761 852.56422 856.37084
-9999 887.41677 890.7204 893.77398 896.82755 899.88112 902.9347 902.17721 897.27288 892.85741 888.44195 884.02648 879.61101 875.96541 873.86149 871.75758 869.65367 867.54975 864.2291 861.35497 863.78277 867.05007 870.31737 873.58468 876.85198 878.28942 874.8224 871.35537 867.88834 864.42132 864.20791 865.21929 862.02069 864.02806 866.03543 868.0428 870.05016 866.59575 857.85632 853.97615 850.09599 846.21582 842.33565 838.10839 833.63162 829.15485 824.67808 820.20131 832.54741 842.92085 845.25351 845.96843 846.68334 847.39826 845.92552 839.34047 843.14709 846.9537 850.76032 854.56694
-9999 888.60113 891.65471 894.70828 897.76185 900.81543 903.869 903.115 898.69954 894.28407 889.86861 885.45314 881.03767 877.91958 875.81566 873.71175 871.60784 869.50392 867.40001 866.92027 870.18757 873.45487 876.72217 879.98948 883.25678 885.0016 881.53457 878.06755 874.60052 871.13349 867.66647 866.06931 868.07668 870.08405 872.09142 874.09879 876.10615 875.50663 871.62646 867.74629 863.86612 859.98595 856.10578 851.07318 846.59641 842.11964 837.64287 833.1661 828.68933 828.6392 829.35412 830.06904 830.78395 831.49887 835.00833 838.81495 842.62156 846.42818 850.2348 854.04141
-9999 884.31841 887.37199 890.42556 893.47913 896.53271 897.76097 896.26207 891.84661 887.43114 883.01567 878.60021 875.12921 872.94955 872.79102 870.8435 868.73958 866.63567 864.53175 864.05201 867.31932 870.58662 873.85392 877.12122 880.67892 882.82193 880.81557 877.52113 874.05411 870.58708 867.12005 865.5229 867.53027 869.53764 871.54501 873.55237 874.64902 873.56521 869.68504 865.80487 861.9247 858.04453 851.1384 844.48105 838.57159 834.09482 829.61805 825.14128 820.66451 820.61438 821.3293 822.04422 822.75913 830.87766 842.86095 846.66756 850.47418 854.2808 858.08741 860.48002
-9999 880.03569 883.08927 886.14284 888.85166 889.87985 890.90804 889.40914 884.99368 880.57821 876.21063 873.02168 869.83273 867.65307 867.49454 867.33602 865.87133 863.76741 861.6635 861.18376 864.45106 867.71836 870.98566 874.64855 878.33969 880.4827 878.47634 876.46999 873.50769 870.04067 866.57364 864.97649 866.98386 868.99122 870.96599 871.83679 872.7076 871.62378 867.74361 863.86345 859.48959 852.4178 845.34601 838.68865 832.32922 826.06999 821.59323 817.11646 812.63969 812.58956 813.30448 814.01939 824.38645 838.73028 850.71357 854.52018 858.3268 862.01037 864.27096 866.53155
-9999 875.75297 878.80655 880.97054 881.99873 883.02692 884.05511 882.55621 878.14075 874.1031 870.91415 867.7252 864.53625 862.35659 862.19806 862.03954 861.88102 860.89916 858.79524 858.31551 861.58281 864.92705 868.61819 872.30933 876.00046 878.14347 876.13711 874.13076 872.1244 869.49425 866.02723 864.43008 866.43744 868.15376 869.02457 869.89537 870.76618 869.68236 865.80219 860.76899 853.6972 846.62541 839.55362 832.89626 826.53683 820.1774 813.81798 809.09164 804.61487 804.56474 805.27966 817.89523 832.23906 846.5829 858.56618 862.3728 865.8013 868.06189 870.32248 872.58307
-9999 871.47025 873.08942 874.11761 875.1458 876.17399 877.20218 875.70328 871.99556 868.80662 865.61767 862.42872 859.23977 857.0601 856.90158 856.74306 856.58454 856.42601 855.92699 855.44725 858.89669 862.58783 866.27896 869.9701 873.66123 875.80424 873.79789 871.79153 869.78517 867.77882 865.48081 863.88366 865.34154 866.21234 867.08315 867.95395 868.82475 867.74094 862.04838 854.97659 847.9048 840.83302 833.76123 827.10387 820.74444 814.38501 808.02558 801.66616 796.59004 797.06018 811.40401 825.74785 840.09168 854.43552 866.4188 869.59224 871.85283 874.11342 876.37401 878.6346
-9999 865.02999 866.05818 867.08636 868.11455 869.14274 870.17093 869.02734 865.8384 862.64945 859.4605 856.27155 853.0826 851.02731 850.88764 850.72911 850.57059 850.41207 850.25355 851.2591 854.95024 858.64137 862.33251 866.02364 869.71478 876.05164 875.7072 873.70085 871.69449 869.68813 867.68178 866.65817 867.52897 868.39977 869.27058 870.14138 871.01218 871.14995 864.07816 857.00637 849.93458 842.86279 835.791 829.45953 823.1001 816.74067 810.38124 804.02181 797.66238 807.67096 822.0148 836.35863 850.70247 865.0463 872.51337 872.28062 874.54121 876.8018 879.06239 881.32297
-9999 857.5844 858.61259 859.64077 860.66896 861.51092 861.29889 860.02578 857.52806 854.49236 851.30341 848.11446 844.92551 842.87022 843.08512 843.04805 842.88952 842.731 842.57248 843.57803 847.26917 850.96031 854.65144 858.34258 861.81689 868.07337 881.83052 885.48223 883.47587 881.46952 879.46316 878.43955 879.31035 880.18116 881.05196 881.5232 872.8961 871.69643 881.12274 877.21203 870.14024 863.06845 855.99666 849.85963 844.38886 838.02943 831.67 825.31057 818.95114 827.1848 839.03456 853.37839 867.72223 882.06606 889.53313 873.17993 869.41486 871.67545 873.93604 876.19663
-9999 850.13881 851.16699 852.19518 852.67004 852.45801 852.24598 850.97287 848.47514 845.97742 843.14632 839.95737 836.76842 834.71312 834.92803 835.14293 835.20846 835.04994 834.89141 835.89697 839.5881 843.27924 846.92264 850.38063 853.83862 860.09511 873.85226 887.60941 895.25726 893.2509 891.24455 890.22093 891.09174 891.96254 890.026 881.39891 872.77181 871.57214 880.99845 890.42475 890.3459 883.27411 876.20232 870.06528 864.60023 859.13518 852.95876 846.59933 840.2399 848.47356 859.22931 870.39816 884.74199 899.08583 906.5529 890.19969 873.84648 866.5491 868.80969 871.07028
-9999 842.69322 843.7214 843.82916 843.61713 843.4051 843.19307 841.91996 839.42223 836.92451 834.42678 831.80028 828.61133 826.55603 826.77094 826.98584 827.20074 827.36887 827.21035 828.2159 831.90704 835.48638 838.94437 842.40236 845.86036 852.11684 865.87399 879.63114 893.38829 905.03229 903.02593 902.00232 902.87312 898.52881 889.90171 881.27462 872.64752 871.44785 880.87415 890.30046 899.72677 903.47976 896.40798 890.27094 884.80589 879.34084 873.87578 867.88809 861.52866 869.76232 880.51807 891.27381 902.02956 916.10559 923.57266 907.21945 890.86624 874.51303 863.68334 865.94393
-9999 835.20031 834.98828 834.77625 834.56422 834.35219 834.14016 832.86705 830.36932 827.87159 825.37387 822.87614 820.37841 818.39894 818.61385 818.82875 819.04365 819.25855 819.47345 820.53483 824.05012 827.50811 830.96611 834.4241 837.88209 844.13858 857.89573 871.65288 885.41003 899.16717 912.92432 913.7837 907.03161 898.40452 889.77742 881.15033 872.52323 871.32356 880.74986 890.17617 899.60248 909.02879 916.61363 910.4766 905.01154 899.54649 894.08144 888.61639 882.81742 891.05108 901.80683 912.56257 923.31832 934.07406 940.59242 924.23921 907.886 891.5328 875.17959 860.81758
-9999 830.58385 830.37182 830.15979 829.94776 829.73573 828.69905 825.24917 822.75145 820.25372 817.75599 815.25827 812.80492 811.31066 811.15656 811.37146 811.58637 811.80127 812.01617 813.21173 816.66973 820.12772 823.58571 827.04371 830.5017 842.4718 853.75363 867.51078 881.26793 895.02508 908.78223 914.89365 906.26656 897.63946 889.01236 880.38527 872.75398 876.20829 885.6346 895.0609 904.48721 913.91352 922.44402 922.10574 916.68119 911.21614 905.75108 900.28603 894.82098 903.18644 913.94218 924.69793 935.45367 946.20941 949.53885 933.18564 916.83243 900.47923 884.12602 874.05011
-9999 829.31389 829.10186 828.88983 828.6778 826.43853 822.16366 818.71378 816.21605 813.71833 811.2206 808.95023 807.07065 805.57639 804.85375 804.44206 804.65696 804.87186 805.08676 806.28233 809.74032 813.19832 816.65631 822.83268 836.24414 848.23059 856.39767 866.26238 880.01953 893.77668 907.53383 913.64525 905.01815 896.39106 887.76396 882.13716 881.41712 884.87142 894.29773 903.72403 913.15034 920.94872 927.22286 926.88458 921.79271 916.4469 910.98185 905.5168 900.05175 908.41721 919.17295 929.92869 940.50089 949.26111 952.39542 936.04221 919.689 903.33579 897.61389 904.2045
-9999 828.04393 827.8319 827.61987 824.17801 819.90313 815.62826 812.17838 809.68066 807.18293 805.09553 803.21595 801.33638 799.84212 799.11948 798.39684 797.72756 797.94246 798.15736 799.35292 802.81092 806.26891 815.18002 828.59148 842.00293 853.98938 862.15646 870.32353 878.77113 892.52828 906.28543 912.39685 903.76975 895.14266 891.52034 890.80029 890.08025 893.53455 902.96086 912.38716 919.45342 925.72756 932.0017 931.66342 926.57155 921.47968 916.21262 910.74757 905.28252 913.64797 924.40372 934.59722 943.35745 952.11768 955.25199 938.89878 922.54557 921.17768 927.76828 934.35889
-9999 826.77397 826.19236 821.91749 817.64261 813.36774 809.09286 805.64299 803.14526 801.24083 799.36126 797.48168 795.60211 794.10785 793.38521 792.66257 791.93993 791.21729 791.22795 792.42352 795.88151 807.52735 820.93881 834.35027 847.76172 859.74818 867.91525 876.08232 884.2494 892.41647 905.03703 911.14845 902.52135 900.90352 900.18347 899.46342 898.74338 902.19768 911.62399 917.95812 924.23226 930.50641 936.78055 936.44226 931.35039 926.25852 921.16665 915.97834 910.51329 918.87874 928.69356 937.45379 946.21402 954.97425 958.10855 941.75535 944.74147 951.33207 957.92267 964.51328
-9999 823.93184 819.65696 815.38209 811.10722 806.83234 802.55747 799.26571 797.38613 795.50656 793.62698 791.74741 789.86783 788.37358 787.65094 786.9283 786.20566 785.48302 784.76038 786.46323 799.87469 813.28614 826.6976 840.10906 853.52052 865.50697 873.67404 881.84111 890.00819 898.17526 906.34234 911.00675 910.2867 909.56665 908.8466 908.12656 907.40651 910.18868 916.46282 922.73696 929.01111 935.28525 941.55939 941.2211 936.12923 931.03736 925.94549 920.85362 915.74405 922.7899 931.55013 940.31036 949.07059 957.83082 961.71465 968.30526 974.89586 981.48646 988.07707 994.66767
-9999 827.73569 823.46081 819.18594 814.91106 810.63619 801.70075 792.98973 789.73684 787.85727 785.97769 784.09812 782.21855 782.23174 784.84347 784.12083 783.39819 782.67555 781.95291 785.50421 798.91566 812.32712 825.73858 839.15004 850.01091 861.95724 885.62914 893.79622 901.96329 910.13036 918.29744 923.42896 922.70891 921.98886 921.26881 920.54877 919.83481 919.7884 922.71535 928.9895 935.26364 941.53778 947.81192 953.5 952.90868 947.81681 942.72494 937.63307 932.54119 924.39182 930.61001 939.37024 948.13047 956.8907 963.4994 964.33276 970.92336 977.51396 984.10457 990.69517
-9999 833.52111 829.24624 824.97136 820.69649 809.26095 796.53974 787.82872 783.74598 779.84096 777.96138 776.08181 774.20223 774.21542 778.01899 781.82255 781.15166 780.42902 779.70638 783.25768 796.66914 810.08059 823.49205 832.30057 838.24221 850.18854 878.22896 906.26938 915.10595 923.27302 931.4401 936.57162 935.85157 935.13152 934.41148 933.70086 932.99396 932.94755 933.84606 935.52447 941.79861 948.07275 954.34689 960.03497 965.30174 966.89624 961.80437 956.7125 951.62063 943.47125 934.79346 937.70246 946.46269 955.22292 961.83163 960.98773 960.41025 967.00085 973.59145 980.18206
