P1_models/J1_p1_vp_slide_diff2_240.dat.tif
NCOLS 118
NROWS 92
XLLCORNER 139.62
YLLCORNER -39.07
DX 0.099491525
DY 0.099347826
NODATA_VALUE -9999
[rows 0 to 23 of 92, columns 0 to 52 of 118]
-9999 -9999 -9999 -9999 -9999 -9999 -9999 -9999 -9999 -9999 -9999 -9999 -9999 -9999 -9999 -9999 -9999 -9999 -9999 -9999 -9999 -9999 -9999 -9999 -9999 -9999 -9999 -9999 -9999 -9999 -9999 -9999 -9999 -9999 -9999 -9999 -9999 -9999 -9999 -9999 -9999 -9999 -9999 -9999 -9999 -9999 -9999 -9999 -9999 -9999 -9999 -9999 -9999
-9999 0.036280509 0.035906845 0.035533181 0.035159517 0.034785853 0.034381445 0.034596166 0.034777934 0.034376053 0.033974173 0.033572292 0.033170412 0.033280123 0.034308571 0.035215768 0.036122965 0.037030162 0.037937359 0.039142445 0.041034774 0.042927103 0.044819431 0.04671176 0.048269172 0.047526715 0.045247624 0.041668796 0.038089968 0.03451114 0.030932312 0.029589568 0.032557282 0.035524996 0.038492711 0.041460425 0.042815978 0.041722391 0.04282463 0.043386414 0.043948198 0.044509982 0.045071766 0.040155178 0.034907349 0.03081144 0.026715531 0.022619622 0.018523713 0.021878644 0.038709234 0.055539825 0.072370415
-9999 0.03422939 0.033855726 0.033482062 0.033108398 0.032680079 0.032217525 0.032432246 0.033428629 0.033986527 0.033584646 0.033182766 0.032780885 0.032890597 0.0340248 0.03510959 0.036016787 0.036923984 0.037831181 0.039036267 0.040928596 0.042820925 0.044713253 0.045672224 0.045153376 0.044410918 0.043069132 0.041298726 0.037719897 0.034141069 0.030562241 0.029219497 0.032187212 0.035154926 0.03812264 0.038090337 0.034954668 0.03386108 0.035688979 0.037052783 0.037614567 0.038176351 0.038738135 0.033821547 0.024966627 0.018834645 0.014738736 0.010642827 0.0065469183 0.0093462626 0.013337294 0.02860518 0.045435771
-9999 0.032178272 0.031804608 0.031430943 0.030978714 0.03051616 0.030053606 0.030268326 0.03126471 0.032261093 0.03319512 0.03279324 0.032391359 0.03250107 0.033635274 0.034769477 0.035903681 0.036817806 0.037725003 0.038930089 0.040822418 0.042714747 0.043075276 0.042556428 0.04203758 0.041295122 0.039953336 0.038611549 0.037269763 0.033770998 0.03019217 0.028849427 0.031817141 0.034784855 0.033364696 0.030229026 0.027093357 0.025999769 0.027827669 0.029655568 0.031280936 0.031842721 0.032404505 0.027487916 0.018632996 0.0097780757 0.0027619419 -0.0013339671 -0.0054298761 -0.0026305318 0.0013604997 0.0053515312 0.018501126
-9999 0.030127153 0.029739902 0.029277348 0.028814794 0.02835224 0.027889686 0.028104407 0.02910079 0.030097173 0.031093556 0.032089939 0.032001833 0.032111544 0.033245748 0.034379951 0.035514154 0.036648358 0.037618825 0.038823911 0.04071624 0.040478329 0.03995948 0.039440632 0.038921784 0.038179326 0.036837539 0.035495753 0.034153966 0.03281218 0.0298221 0.028479356 0.03144707 0.028639054 0.025503385 0.022367716 0.019232046 0.018138459 0.019966358 0.021794258 0.023622157 0.025450057 0.026070874 0.021154285 0.012299365 0.0034444448 -0.0054104755 -0.013310761 -0.01740667 -0.014607326 -0.010616295 -0.0066252632 -0.0026342317
-9999 0.028038536 0.027575982 0.027113428 0.026650874 0.02618832 0.025725766 0.025940487 0.02693687 0.027933253 0.028929636 0.029926019 0.030922403 0.031722018 0.032856221 0.033990425 0.035124628 0.036258832 0.037393035 0.038400229 0.037881381 0.037362532 0.036843684 0.036324836 0.035805987 0.03506353 0.033721743 0.032379957 0.03103817 0.029696384 0.028354597 0.027049082 0.023913413 0.020777744 0.017642074 0.014506405 0.011370736 0.010277148 0.012105047 0.013932947 0.015760846 0.017588746 0.019416645 0.014820655 0.0059657343 -0.0028891861 -0.011744106 -0.020599027 -0.029383465 -0.026584121 -0.022593089 -0.018602058 -0.014611026
-9999 0.027589685 0.027127131 0.026664577 0.026202023 0.025739469 0.025236885 0.025414816 0.026411199 0.027407583 0.028403966 0.029400349 0.03036453 0.031095794 0.031622916 0.032757119 0.033891323 0.035025526 0.03615973 0.036794075 0.036275227 0.035756378 0.03523753 0.034718682 0.03413393 0.03380423 0.034078053 0.032736267 0.03139448 0.030052694 0.028710907 0.026756389 0.02362072 0.02048505 0.017349381 0.014213712 0.0099075141 0.0074178324 0.0092457318 0.011073631 0.012901531 0.01472943 0.017240634 0.014040927 0.0057794204 -0.0030754999 -0.01193042 -0.02078534 -0.029640261 -0.027542202 -0.02355117 -0.019560139 -0.015569107
-9999 0.02741255 0.026949996 0.026487442 0.026024888 0.025501979 0.024970759 0.025148691 0.026145074 0.027141457 0.02813784 0.029080924 0.030006032 0.030737296 0.031080376 0.031423456 0.032524339 0.033658542 0.034792746 0.035427091 0.034908243 0.034389395 0.033870546 0.033237137 0.032541194 0.032211494 0.032863416 0.033515339 0.032300871 0.030959084 0.029617298 0.027662779 0.02452711 0.021391441 0.018255771 0.013348271 0.0078406565 0.0053509748 0.0071788743 0.0090067738 0.010834673 0.013591737 0.016478192 0.013278486 0.005703515 -0.0022879041 -0.011142824 -0.019997745 -0.028852665 -0.026754606 -0.022763575 -0.018772543 -0.01503872
-9999 0.027235415 0.026772861 0.026298292 0.025767073 0.025235853 0.024704634 0.024882566 0.025878949 0.02687221 0.027797318 0.028722426 0.029647534 0.030378798 0.030721878 0.031064958 0.031408038 0.032291559 0.033425762 0.034060107 0.033541259 0.033022411 0.032340345 0.031644402 0.030948458 0.030618758 0.03127068 0.031922603 0.032574525 0.031865475 0.030523688 0.02856917 0.0254335 0.022296643 0.016789029 0.011281414 0.005773799 0.0032841173 0.0051120167 0.0070563854 0.0099428404 0.012829295 0.01571575 0.012516044 0.0049410733 -0.0026338973 -0.010355229 -0.019210149 -0.028065069 -0.02596701 -0.021975979 -0.018352875 -0.014945291
-9999 0.02705828 0.026563387 0.026032167 0.025500948 0.024969728 0.024438509 0.02461644 0.025588604 0.026513712 0.02743882 0.028363928 0.029289037 0.0300203 0.03036338 0.03070646 0.03104954 0.03139262 0.032058778 0.032693124 0.032139495 0.031443552 0.030747609 0.030051666 0.029355722 0.029026022 0.029677945 0.030329867 0.030981789 0.031633712 0.031430078 0.02947556 0.025737401 0.020229786 0.014722171 0.0092145562 0.0037069415 0.0012172597 0.0034074887 0.0062939437 0.0091803987 0.012066854 0.014953309 0.011753602 0.0041786316 -0.003396339 -0.01097131 -0.01854628 -0.027277474 -0.025179415 -0.021667031 -0.018259446 -0.014851861
-9999 0.02698937 0.02645815 0.025926931 0.025395711 0.024864492 0.024333272 0.024523053 0.025448161 0.026373269 0.027298377 0.028223485 0.029148593 0.029777928 0.030121008 0.030464088 0.030807168 0.031150248 0.031493328 0.031522223 0.030826279 0.030130336 0.029434393 0.02873845 0.028042506 0.027166196 0.027818119 0.028470041 0.029121964 0.029773886 0.030425808 0.028973834 0.02346622 0.017958605 0.01245099 0.0069433754 0.0014357606 -0.00012932014 0.0027571349 0.0056435898 0.0085300448 0.0114165 0.014302955 0.011172325 0.003597354 -0.0039776165 -0.011552587 -0.019127558 -0.026702528 -0.024913327 -0.021505742 -0.018098157 -0.014690573
-9999 0.027938555 0.027407336 0.026876116 0.026344897 0.025813677 0.025523521 0.025811677 0.026736785 0.027661893 0.028587001 0.029512109 0.030240913 0.030683031 0.030668439 0.030982766 0.031325846 0.031668926 0.032012006 0.032040901 0.031344958 0.030649015 0.029953071 0.029257128 0.028232845 0.026772495 0.024547763 0.024859783 0.025511705 0.026163627 0.02681555 0.025363576 0.019855961 0.014348346 0.0088407315 0.0033331168 0.00023742811 -4.5081467e-05 0.0028413735 0.0057278285 0.0086142835 0.011500739 0.012100406 0.0095757798 0.0042033758 -0.0033715948 -0.010946565 -0.018521536 -0.026096506 -0.024307305 -0.02089972 -0.017492136 -0.014084551
-9999 0.028887741 0.028356522 0.027825302 0.027339613 0.027075879 0.026812145 0.027100301 0.028025409 0.028950517 0.029865673 0.030535854 0.031206035 0.031648153 0.031633561 0.031618969 0.031844525 0.032187605 0.032530684 0.032559579 0.031863636 0.031167693 0.03047175 0.029328528 0.028153367 0.026693016 0.024468285 0.022243553 0.021901446 0.022553369 0.023205291 0.021753317 0.016245702 0.010738088 0.0053168159 0.0028192413 0.00032166679 3.915721e-05 0.0029256122 0.0058120672 0.0083254313 0.0087999029 0.0092743746 0.0067497481 0.0020691082 -0.002765573 -0.010340544 -0.017915514 -0.025490485 -0.023701283 -0.020293699 -0.016886114 -0.015700312
-9999 0.029836927 0.029305707 0.028891971 0.028628237 0.028364503 0.028100769 0.028388925 0.029314033 0.030160614 0.030830795 0.031500977 0.032171158 0.032613276 0.032598684 0.032584092 0.0325695 0.032706283 0.033049363 0.033078258 0.032382315 0.031599371 0.03042421 0.02924905 0.028073889 0.026613538 0.024388806 0.022164075 0.019939343 0.01894311 0.019595033 0.018143059 0.012635444 0.0078986291 0.0054010546 0.00290348 0.00040590547 0.00012339589 0.0030098509 0.0050249279 0.0054993996 0.0059738712 0.0064483429 0.0039237164 -0.00075692349 -0.0054375634 -0.010118203 -0.017309492 -0.024884463 -0.023095262 -0.019687677 -0.019019452 -0.018749048
-9999 0.030786113 0.03044433 0.030180595 0.029916861 0.029653127 0.029389393 0.029677549 0.030455555 0.031125737 0.031795918 0.032466099 0.033136281 0.033578399 0.033563807 0.033549215 0.033534623 0.033520031 0.033568041 0.033596936 0.032695053 0.031519893 0.030344732 0.029169571 0.027994411 0.02653406 0.024309328 0.022084596 0.019859865 0.017635133 0.015984774 0.0145328 0.010480442 0.0079828678 0.0054852932 0.0029877187 0.00049014415 0.00020763457 0.0017244246 0.0021988962 0.0026733679 0.0031478395 0.0036223112 0.0010976847 -0.0035829552 -0.0082635951 -0.012944235 -0.017624875 -0.024278441 -0.022608996 -0.022338592 -0.022068188 -0.021797785
-9999 0.032011806 0.031748072 0.031484337 0.031220603 0.030956869 0.030693135 0.031049928 0.031720109 0.03239029 0.033060472 0.033730653 0.034400835 0.034627019 0.03457969 0.034565098 0.034550506 0.034535914 0.034521322 0.034155791 0.032980631 0.03180547 0.030630309 0.029455149 0.028279988 0.025238164 0.022345553 0.020120821 0.017896089 0.015671358 0.013446626 0.0111287 0.0086311257 0.0061335511 0.0036359766 0.001138402 -0.0013591725 -0.0015133998 -0.0010389281 -0.0005644565 -8.9984842e-05 0.00038448681 0.00085895847 -0.0018181137 -0.0064987536 -0.011179393 -0.015860033 -0.020540673 -0.025221313 -0.024734655 -0.024464252 -0.024193848 -0.023923444
-9999 0.033350676 0.033086942 0.032823208 0.032559474 0.03235393 0.032477723 0.032897867 0.033660037 0.034350613 0.035020795 0.035690976 0.036361158 0.036587342 0.035924397 0.035698932 0.03568434 0.035669748 0.035655156 0.035289625 0.034114464 0.032939303 0.031764143 0.030588982 0.029752938 0.026836818 0.018277175 0.013778625 0.011553893 0.0093291617 0.00710443 0.0047865041 0.0022889296 -0.00020864497 -0.0027062195 -0.0049967037 -0.0025716399 -0.001765745 -0.0032763008 -0.003182166 -0.0027076944 -0.0022332227 -0.0017587511 -0.0045267839 -0.009623137 -0.014303777 -0.018984417 -0.023665057 -0.028345697 -0.02655202 -0.024445016 -0.024174612 -0.023904209
-9999 0.034689547 0.034425813 0.034162078 0.034071241 0.034195035 0.034318829 0.034738972 0.035501143 0.036263313 0.036981118 0.037651299 0.03832148 0.038547665 0.03788472 0.037221774 0.036818173 0.036803581 0.036788989 0.036423458 0.035248298 0.034073137 0.032972641 0.032162117 0.031351593 0.028435473 0.019875829 0.011316185 0.0052116973 0.0029869656 0.00076223389 -0.001555692 -0.0040532665 -0.0065508411 -0.0075934067 -0.0051683429 -0.0027432791 -0.0019373842 -0.00344794 -0.0049584958 -0.0053254039 -0.0048509322 -0.0043764606 -0.0071444934 -0.012243521 -0.017342549 -0.0221088 -0.02678944 -0.03147008 -0.029676403 -0.026763789 -0.024155377 -0.023884973
-9999 0.036028417 0.035764683 0.035788553 0.035912347 0.03603614 0.036159934 0.036580078 0.037342248 0.038104419 0.038866589 0.039611622 0.040281803 0.040507988 0.039845043 0.039182097 0.038519152 0.037937415 0.037922823 0.037557292 0.036382131 0.03538182 0.034571296 0.033760771 0.032950247 0.030034127 0.021474484 0.01291484 0.0043551961 -0.0033552305 -0.0055799622 -0.0078978881 -0.010395463 -0.01019011 -0.0077650459 -0.0053399821 -0.0029149183 -0.0021090234 -0.0036195792 -0.0051301351 -0.0066406909 -0.0074686418 -0.0069941701 -0.0097622029 -0.014861231 -0.019960259 -0.025059287 -0.029913824 -0.034594464 -0.032800787 -0.029888173 -0.026975558 -0.024062944
-9999 0.037382072 0.037505865 0.037629659 0.037753452 0.037877246 0.038001039 0.038421183 0.039183354 0.039945524 0.040707694 0.041469865 0.042232035 0.042468311 0.041805365 0.04114242 0.040479475 0.03981653 0.039153585 0.038691125 0.037790999 0.036980475 0.03616995 0.035359426 0.034548902 0.031632782 0.023073138 0.014513494 0.0059538506 -0.0026057932 -0.011165437 -0.014240084 -0.012786813 -0.010361749 -0.0079366851 -0.0055116213 -0.0030865576 -0.0022806627 -0.0037912185 -0.0053017743 -0.0068123301 -0.0083228859 -0.0096118796 -0.012379912 -0.01747894 -0.022577968 -0.027676996 -0.032776024 -0.037718847 -0.03592517 -0.033012556 -0.030099942 -0.027187327
-9999 0.036408524 0.036532318 0.036656111 0.036779905 0.036903698 0.037688828 0.03985467 0.040616841 0.041379011 0.042141181 0.042903351 0.043578703 0.043391596 0.043120824 0.042457879 0.041794934 0.041131989 0.040469043 0.039761473 0.038950948 0.038140424 0.0373299 0.036519375 0.035708851 0.031100442 0.025408952 0.016849308 0.0082896646 -0.00026997917 -0.0088296229 -0.01363725 -0.011212186 -0.0087871224 -0.0063620586 -0.0039369948 -0.0017016005 -0.0017821349 -0.0032926907 -0.0048032465 -0.0063138023 -0.0078243582 -0.0096677208 -0.011501097 -0.016179511 -0.021278539 -0.026377567 -0.031476595 -0.036575623 -0.034843599 -0.031930985 -0.029018371 -0.026105756
-9999 0.033311831 0.033435625 0.033559418 0.033683212 0.035432781 0.038814841 0.040980683 0.041742853 0.042505023 0.043267194 0.043584616 0.043137557 0.04295045 0.043283912 0.043286905 0.04262396 0.041961015 0.041298069 0.040590498 0.039779974 0.03896945 0.038158926 0.036050846 0.03048927 0.025873055 0.023790647 0.019741176 0.011181532 0.0026218881 -0.0059377557 -0.010745383 -0.0083203189 -0.0058952551 -0.0034701913 -0.0016165852 -0.00069755329 -0.00077808772 -0.0022886435 -0.0037991994 -0.0053097552 -0.0074251139 -0.010106754 -0.01194013 -0.013163702 -0.017024338 -0.022123366 -0.027222394 -0.032321422 -0.030589399 -0.027676784 -0.02476417 -0.021298493
-9999 0.030215138 0.030338932 0.030462725 0.033176734 0.036558794 0.039940853 0.042106695 0.042868865 0.043631036 0.043590529 0.04314347 0.04269641 0.042509303 0.042842765 0.043176228 0.043452986 0.04279004 0.042127095 0.041419524 0.040609 0.039798476 0.036385036 0.030823459 0.025261883 0.020645669 0.01856326 0.016480852 0.014073399 0.0055137553 -0.0030458884 -0.0078535154 -0.0054284516 -0.0030033879 -0.0015315699 -0.000612538 0.00030649389 0.00022595946 -0.0012845964 -0.0027951522 -0.0051825071 -0.0078641468 -0.010545786 -0.012379163 -0.013602734 -0.014826306 -0.017869165 -0.022968193 -0.028067221 -0.026335198 -0.023422583 -0.018815893 -0.0098906145
-9999 0.027118445 0.027538628 0.030920688 0.034302747 0.037684806 0.041066866 0.043232708 0.043994878 0.043596442 0.043149382 0.042702323 0.042255263 0.042068156 0.042401619 0.042735081 0.043068544 0.043402006 0.042956121 0.04224855 0.041438026 0.036719225 0.031157649 0.025596073 0.020034497 0.015418282 0.013335874 0.011253466 0.0091710573 0.0070886491 -0.00015402119 -0.0049616482 -0.0025365844 -0.0014465546 -0.00052752271 0.00039150918 0.0013105411 0.0012300066 -0.00028054918 -0.0029399002 -0.0056215399 -0.0083031796 -0.010984819 -0.012818196 -0.014041767 -0.015265338 -0.01648891 -0.018713992 -0.02381302 -0.022080997 -0.016333292 -0.0074080143 0.0015172638
