P1_models/J1_p1_vp_slide_diff2_15.dat.tif
NCOLS 118
NROWS 92
XLLCORNER 139.62
YLLCORNER -39.07
DX 0.099491525
DY 0.099347826
NODATA_VALUE -9999
[rows 0 to 24 of 92, columns 57 to 113 of 118]
-9999 -9999 -9999 -9999 -9999 -9999 -9999 -9999 -9999 -9999 -9999 -9999 -9999 -9999 -9999 -9999 -9999 -9999 -9999 -9999 -9999 -9999 -9999 -9999 -9999 -9999 -9999 -9999 -9999 -9999 -9999 -9999 -9999 -9999 -9999 -9999 -9999 -9999 -9999 -9999 -9999 -9999 -9999 -9999 -9999 -9999 -9999 -9999 -9999 -9999 -9999 -9999 -9999 -9999 -9999 -9999 -9999
0.2343321 0.22563139 0.21693068 0.20786089 0.20226755 0.19768881 0.19311006 0.18853132 0.18395258 0.18589301 0.18099025 0.17608749 0.17118473 0.16628197 0.15807238 0.14563133 0.13319028 0.12074924 0.10830819 0.097360209 0.09455143 0.083521387 0.072491343 0.0614613 0.050431256 0.04244437 0.035863474 0.029282579 0.022701684 0.0163457 0.01471261 0.019317435 0.024351331 0.029385226 0.034419122 0.039893216 0.059692615 0.079492014 0.099291412 0.11909081 0.1234572 0.13112776 0.13954838 0.147969 0.15638962 0.16481024 0.18127069 0.19064546 0.19950001 0.20835455 0.2172091 0.21196042 0.21150007 0.2119824 0.21246474 0.21294707 -9999
0.2299699 0.22126919 0.21256848 0.2034987 0.19417812 0.18780245 0.18322371 0.17864497 0.17406623 0.17748386 0.1809383 0.17603554 0.17113278 0.16623002 0.15802043 0.14557938 0.13313833 0.12069729 0.10984683 0.099261271 0.099121232 0.097429461 0.086399418 0.075369374 0.064339331 0.056352444 0.049771549 0.043190654 0.037022366 0.032271364 0.030638274 0.034623379 0.039120627 0.044154523 0.049188418 0.054662512 0.074461911 0.09426131 0.11406071 0.11695893 0.11267631 0.12044258 0.12944781 0.13786843 0.14628905 0.15470967 0.17117012 0.19146341 0.20129758 0.21015213 0.21900668 0.21375799 0.20096915 0.1999758 0.20045814 0.20094047 -9999
0.2256077 0.21690699 0.20820628 0.1991365 0.18981592 0.18049534 0.17333736 0.16875862 0.16417988 0.16759751 0.17128992 0.17498232 0.17108083 0.16617807 0.15796848 0.14552743 0.13315295 0.12245042 0.1117479 0.10116233 0.10102229 0.10088226 0.10030749 0.089277449 0.078247406 0.070260519 0.063679624 0.057699031 0.052948029 0.048197027 0.046563937 0.050549042 0.054534147 0.058923819 0.063957714 0.069431808 0.089231207 0.10903061 0.11046066 0.10617804 0.10189541 0.10966169 0.1187112 0.12776072 0.13618848 0.1446091 0.16106955 0.18136284 0.20165613 0.2119497 0.22080425 0.21555557 0.20276673 0.18997789 0.18845154 0.18893388 -9999
0.22111691 0.21253524 0.20384408 0.1947743 0.18545372 0.17613314 0.16681256 0.15887227 0.15429353 0.15771116 0.16140357 0.16509597 0.16878837 0.16612612 0.15791653 0.14575653 0.13505401 0.12435148 0.11364896 0.1030634 0.10292336 0.10278332 0.10264328 0.10250324 0.09215548 0.084168594 0.078375697 0.073624695 0.068873693 0.064122691 0.062489601 0.066474706 0.070459811 0.074444916 0.078727011 0.084201105 0.1040005 0.10396239 0.099679763 0.09539714 0.091114518 0.09888079 0.10793031 0.11697983 0.12602935 0.13450853 0.15096898 0.17126227 0.19155556 0.21184884 0.22260183 0.21735314 0.2045643 0.19177546 0.17898662 0.17692728 -9999
0.21661604 0.20803437 0.19945269 0.1904121 0.18109153 0.17177095 0.16245037 0.15312979 0.14440718 0.14782481 0.15151722 0.15520962 0.15890202 0.16259442 0.15836012 0.14765759 0.13695507 0.12625255 0.11555002 0.10496446 0.10482442 0.10468438 0.10454434 0.1044043 0.10426426 0.099052362 0.09430136 0.089550358 0.084799356 0.080048354 0.078415264 0.082400369 0.086385474 0.090370579 0.094355684 0.098970401 0.097464113 0.09318149 0.088898868 0.084616245 0.080333623 0.088099895 0.097149415 0.10619893 0.11524845 0.12429797 0.14086842 0.1611617 0.18145499 0.20174827 0.22204156 0.21915072 0.20636188 0.19357304 0.1807842 0.16799536 -9999
0.22012359 0.21154191 0.20194991 0.1925119 0.18336556 0.17404498 0.1647244 0.15540382 0.14608324 0.14934336 0.15303576 0.15672816 0.16042056 0.16315954 0.15934105 0.14863852 0.137936 0.12723348 0.11655 0.11891572 0.11272735 0.11258731 0.11244727 0.11230723 0.11216719 0.10887332 0.10412231 0.099371311 0.094620309 0.092520053 0.090161998 0.083965288 0.087950393 0.091935498 0.095920602 0.099659225 0.095376602 0.09109398 0.086811357 0.082528735 0.085370193 0.093953659 0.10300318 0.1120527 0.12110222 0.12851729 0.1443444 0.16463768 0.18493097 0.20522426 0.21642237 0.20958643 0.19679759 0.18400875 0.17121991 0.16858598 -9999
0.22489989 0.21499987 0.20479506 0.19535706 0.18644013 0.17737039 0.16804981 0.15872923 0.14940865 0.15266876 0.15636116 0.16005357 0.1624334 0.1639947 0.16017621 0.14947368 0.13877116 0.13002684 0.1324911 0.13485682 0.12842272 0.12198863 0.12130106 0.12116102 0.12102098 0.11772711 0.11297611 0.10822511 0.10714048 0.11044811 0.10809005 0.09552296 0.087240161 0.091225266 0.095210371 0.098948994 0.094666371 0.090383749 0.086101126 0.089651843 0.093859359 0.10244283 0.11149234 0.12054186 0.12768546 0.13414419 0.14997129 0.17026457 0.19055786 0.20075961 0.20505804 0.19822209 0.18543325 0.17264441 0.17117529 0.17708529 -9999
0.22804983 0.21784502 0.20764021 0.19820221 0.18928528 0.18036835 0.17137521 0.16205463 0.15273405 0.15599417 0.15968657 0.16170726 0.16326856 0.16482985 0.16101136 0.15030884 0.14350368 0.14596794 0.1484322 0.15079792 0.14436382 0.13792972 0.13149563 0.13001482 0.12987478 0.1265809 0.1218299 0.12176092 0.12506854 0.12837616 0.12601811 0.11345101 0.10088392 0.090515035 0.09450014 0.098238762 0.09395614 0.089725976 0.093933493 0.098141009 0.10234852 0.11093199 0.11998151 0.12685363 0.13331236 0.13977108 0.15559818 0.17589147 0.18509684 0.18939527 0.19369371 0.18685776 0.17406892 0.17376461 0.17967461 0.1855846 -9999
0.23089499 0.22069018 0.21048537 0.20104736 0.19213043 0.18321351 0.17429658 0.16537965 0.15605946 0.15931957 0.16098113 0.16254242 0.16410371 0.16566501 0.16184652 0.15698052 0.15944478 0.16190904 0.1643733 0.16673902 0.16030492 0.15387082 0.14743672 0.14100263 0.13872857 0.1354347 0.13638135 0.13968897 0.14299659 0.14630422 0.14394616 0.13137907 0.11881198 0.10624488 0.093789909 0.097528531 0.094007626 0.098215142 0.10242266 0.10663017 0.11083769 0.11942116 0.1260218 0.13248053 0.13893925 0.14539797 0.16122507 0.16943408 0.17373251 0.17803094 0.18232937 0.17549342 0.17635393 0.18226392 0.18817392 0.19408391 -9999
0.23370103 0.22349622 0.21329141 0.20375928 0.19484235 0.18592543 0.1770085 0.16809157 0.15917464 0.16038785 0.16194915 0.16351044 0.16507173 0.16663303 0.1683319 0.17079616 0.17326042 0.17572467 0.17818893 0.18155707 0.17636936 0.16993526 0.16350116 0.15706707 0.15063297 0.15086207 0.1541697 0.15747732 0.16078495 0.16409257 0.1608363 0.14826921 0.13570212 0.12313502 0.11056793 0.098500931 0.10270845 0.10691596 0.11112348 0.115331 0.11940226 0.12534762 0.13180635 0.13826507 0.14472379 0.15118251 0.15583847 0.1601369 0.16443534 0.16873377 0.1730322 0.17700304 0.18291303 0.18882303 0.19473302 0.20064302 -9999
0.23625075 0.22604594 0.20571509 0.19802617 0.19668112 0.18776419 0.17884726 0.16993033 0.16101341 0.16222662 0.16378791 0.1653492 0.1669105 0.1672185 0.16821786 0.17068212 0.17314637 0.17561063 0.17978873 0.18824215 0.191048 0.18680804 0.18037394 0.17393985 0.16750575 0.16773485 0.17104248 0.1743501 0.17765773 0.17739803 0.17115741 0.15835715 0.14579006 0.13322297 0.12065587 0.10858887 0.11279639 0.11700391 0.12121142 0.12509478 0.12622001 0.13216537 0.13862409 0.14508281 0.15154153 0.15585922 0.1600889 0.16438733 0.16868577 0.1729842 0.1689836 0.17084658 0.17675657 0.18266657 0.18857656 0.1951018 -9999
0.23791929 0.21664303 0.19536677 0.18767785 0.1892221 0.18960295 0.18068602 0.1717691 0.16285217 0.16406538 0.16562667 0.16718796 0.16724989 0.16710446 0.16810382 0.17056807 0.17303233 0.17795714 0.1864738 0.19492722 0.19773307 0.20053892 0.19724672 0.19081262 0.18437853 0.18460763 0.18791526 0.19122288 0.19035882 0.18777429 0.18153367 0.16870508 0.155878 0.14331091 0.13074382 0.11867682 0.12288433 0.12709185 0.13078729 0.13191252 0.13303775 0.13898311 0.14544184 0.15190056 0.15602419 0.16010965 0.16433933 0.16863777 0.1729362 0.16853378 0.16282714 0.16469012 0.17060011 0.17651011 0.18306608 0.18974136 -9999
0.22757098 0.20629471 0.18501845 0.17732953 0.17887378 0.18041803 0.18196228 0.17360786 0.16469093 0.16590414 0.16742673 0.16728129 0.16713585 0.16699041 0.16798977 0.17045403 0.17612556 0.18464222 0.19315887 0.2016123 0.20441814 0.20722399 0.21002984 0.2076854 0.20125131 0.20148041 0.20478804 0.20331961 0.20073508 0.19815055 0.19190992 0.17908134 0.16625275 0.15342416 0.14083176 0.12876476 0.13297228 0.13647981 0.13760504 0.13873027 0.1398555 0.14580086 0.15210369 0.15618915 0.16027462 0.16436008 0.16858977 0.1728882 0.16808395 0.16237732 0.15667068 0.15853366 0.16444365 0.17103036 0.17770564 0.18438093 -9999
0.21722266 0.1959464 0.17467013 0.16698121 0.16852546 0.17006971 0.17161396 0.17315821 0.16652969 0.16745812 0.16731268 0.16716725 0.16702181 0.16687637 0.16787573 0.17429397 0.18281063 0.19132729 0.19984395 0.20829737 0.21110322 0.21390907 0.21671492 0.21952076 0.21812409 0.21835319 0.21628039 0.21369587 0.21111134 0.20852681 0.20228618 0.1894576 0.17662901 0.16380042 0.15097183 0.13885271 0.14217232 0.14329755 0.14442278 0.14554801 0.14667324 0.15226865 0.15635412 0.16043958 0.16452505 0.16861052 0.1728402 0.16763413 0.16192749 0.15622086 0.15051422 0.1523772 0.15899464 0.16566992 0.1723452 0.17902049 -9999
0.21113992 0.18986365 0.16858739 0.15978817 0.16133242 0.16287667 0.16442092 0.16596517 0.16750942 0.16712444 0.16697901 0.16683357 0.16668813 0.16654269 0.17019706 0.17871372 0.18723038 0.19574704 0.2042637 0.214036 0.21840704 0.22121288 0.22401873 0.22682458 0.22963043 0.22874934 0.22616481 0.22358028 0.22099575 0.21841123 0.21107499 0.1982464 0.18541781 0.17258923 0.15976064 0.14734805 0.14847328 0.14959851 0.15072374 0.15184897 0.15303601 0.1547808 0.15886626 0.16295173 0.1670372 0.17112266 0.16665473 0.1609481 0.15524146 0.14953483 0.14382819 0.14790974 0.15458503 0.16126031 0.16793559 0.17461088 -9999
0.21496883 0.19369256 0.1724163 0.16288066 0.16147108 0.16301533 0.16455958 0.16610383 0.16764809 0.16674574 0.16613497 0.16598953 0.16584409 0.16569866 0.16935303 0.17786969 0.18638635 0.19490301 0.20526641 0.21739966 0.22498148 0.22995444 0.23276028 0.23556613 0.23837198 0.23749089 0.23490636 0.23232183 0.22973731 0.22220338 0.21308475 0.2030455 0.19051795 0.17768936 0.16486078 0.15244819 0.15357342 0.15469865 0.15582388 0.15703339 0.15842764 0.15659442 0.15733927 0.16142473 0.1655102 0.16959566 0.1629771 0.15303156 0.14732492 0.14161829 0.13591165 0.14177973 0.15238479 0.15906007 0.16573536 0.17241064 -9999
0.21879773 0.19752147 0.17624521 0.16670956 0.16515217 0.16359477 0.16469825 0.1662425 0.16778675 0.1668844 0.16589799 0.1651455 0.16500006 0.16485462 0.168509 0.17702566 0.18554231 0.19644587 0.20863008 0.22076333 0.22834514 0.23592696 0.24150184 0.24430769 0.24711353 0.24623244 0.24364791 0.24106339 0.23277035 0.22416265 0.21504402 0.20500476 0.1949655 0.1827895 0.16996091 0.15754832 0.15867355 0.15979878 0.16103077 0.16242502 0.16381926 0.16198605 0.1598091 0.15989773 0.1639832 0.16806867 0.1614501 0.14972861 0.13940838 0.13370175 0.12799511 0.13386319 0.14591957 0.15685984 0.16353512 0.1702104 -9999
0.21473237 0.20135038 0.18007411 0.17053847 0.16898107 0.16742368 0.16586628 0.16638116 0.16792541 0.16702307 0.16603666 0.16505024 0.16415603 0.16401059 0.16766496 0.17618162 0.18762532 0.19980953 0.21199374 0.22412699 0.23170881 0.23929062 0.24687244 0.25304924 0.25585509 0.25497399 0.25194503 0.24333733 0.23472962 0.22612191 0.21700329 0.20696403 0.19692477 0.18688551 0.17506105 0.16264846 0.16377369 0.16502815 0.1664224 0.16781664 0.16921089 0.16737768 0.16520072 0.16302377 0.1624562 0.16654167 0.1599231 0.14820161 0.13648011 0.1257852 0.12007857 0.12594664 0.13800303 0.15005941 0.16133488 0.16801017 -9999
0.20520575 0.1951548 0.18390302 0.17436738 0.17280998 0.17125258 0.16969519 0.16813779 0.16806408 0.16716173 0.16617532 0.16518891 0.16420249 0.16321608 0.16682093 0.17880477 0.19098898 0.20317319 0.21535741 0.22749065 0.23507247 0.24265429 0.25023611 0.25781792 0.26459664 0.262512 0.2539043 0.24529659 0.23668889 0.22808118 0.21896255 0.20892329 0.19888404 0.18884478 0.17880552 0.1677486 0.16902553 0.17041978 0.17181402 0.17320827 0.17460252 0.1727693 0.17059235 0.1684154 0.16623845 0.16501467 0.15839611 0.14667461 0.13495312 0.12323162 0.11216203 0.1180301 0.13008648 0.14214287 0.15419925 0.16580993 -9999
0.19106003 0.18100907 0.17273784 0.17373673 0.17264668 0.17108929 0.16953189 0.16797449 0.16641709 0.16541171 0.1644253 0.16343889 0.16245247 0.16240692 0.17223968 0.18442389 0.1966081 0.20879232 0.22097653 0.22786638 0.23073861 0.23832043 0.24590225 0.25348406 0.26106588 0.25757429 0.24896658 0.24035887 0.23175117 0.22314346 0.22815814 0.21864129 0.20860203 0.19856278 0.18852352 0.17882512 0.18021937 0.18161362 0.18300786 0.18440211 0.1824984 0.18005636 0.17787941 0.17570246 0.17352551 0.17011495 0.16017717 0.14845568 0.13673418 0.12501269 0.11430437 0.11944963 0.13150601 0.14356239 0.15561878 0.16598781 -9999
0.17343002 0.16639322 0.16284724 0.16384613 0.16793345 0.16791459 0.1663572 0.1647998 0.1632424 0.16223702 0.16125061 0.16026419 0.16173223 0.16972737 0.17956014 0.19174435 0.20392856 0.21611277 0.22188667 0.22613329 0.22624892 0.22818019 0.23576201 0.24334382 0.25092564 0.24743404 0.23882634 0.23021863 0.22423155 0.23662369 0.24166437 0.23345838 0.22417259 0.21413333 0.20409407 0.19439567 0.19578992 0.19718417 0.19857841 0.1961463 0.19121523 0.18877318 0.18659623 0.18441928 0.18058756 0.17439135 0.16445357 0.15273207 0.14101058 0.1305477 0.12276627 0.12791153 0.13996791 0.15202429 0.16193947 0.16671009 -9999
0.1600486 0.15650262 0.15295663 0.15395552 0.15804285 0.16213017 0.16318251 0.16162511 0.16006771 0.15906233 0.15807592 0.16105755 0.16905269 0.17704783 0.18688059 0.1990648 0.21124902 0.2158607 0.22015358 0.2244002 0.22451583 0.22463147 0.22562176 0.23320358 0.2407854 0.2372938 0.22868609 0.22534564 0.23773778 0.25012992 0.2551706 0.24696461 0.23875863 0.22970388 0.21966462 0.20996623 0.21136047 0.21275472 0.20979419 0.20486312 0.19993205 0.19749 0.19531305 0.19106018 0.18486396 0.17866774 0.16872996 0.15700847 0.14679103 0.1390096 0.13122817 0.13637342 0.14842981 0.15789114 0.16266175 0.16743237 -9999
0.150158 0.14661201 0.14306603 0.14406492 0.14815225 0.15223957 0.1563269 0.15845042 0.15689302 0.15588764 0.16038287 0.16837801 0.17637314 0.18436828 0.19420105 0.20554186 0.20983474 0.21412761 0.21842049 0.22266711 0.22278274 0.22289838 0.22301401 0.22312965 0.23064516 0.22715356 0.22645973 0.23885187 0.25124401 0.26363615 0.26867683 0.26047084 0.25226486 0.24405887 0.23523517 0.22553678 0.22693103 0.22344209 0.21851101 0.21357994 0.20864887 0.20620683 0.20153279 0.19533657 0.18914035 0.18294414 0.17300636 0.16303436 0.15525293 0.1474715 0.13969007 0.14483532 0.1538428 0.15861341 0.16338403 0.16815465 -9999
0.14026739 0.13672141 0.13317543 0.13417432 0.13826164 0.14234897 0.14643629 0.15052362 0.15371833 0.15970818 0.16770332 0.17569846 0.1836936 0.19168874 0.1995159 0.20380877 0.20810165 0.21239452 0.2166874 0.22093402 0.22104965 0.22116529 0.22128092 0.22139656 0.22151219 0.22757383 0.23996597 0.2523581 0.26475024 0.27714238 0.28218306 0.27397707 0.26577109 0.2575651 0.24935912 0.24110733 0.23708998 0.23215891 0.22722783 0.22229676 0.21736569 0.2120054 0.20580919 0.19961297 0.19341675 0.18722053 0.17927769 0.17149626 0.16371483 0.1559334 0.14815197 0.14979446 0.15456508 0.15933569 0.16410631 0.16887693 -9999
