P1_models/J1_p1__temp2_slide_25.dat.tif
NCOLS 118
NROWS 92
XLLCORNER 139.62
YLLCORNER -39.07
DX 0.099491525
DY 0.099347826
NODATA_VALUE -9999
[rows 54 to 80 of 92, columns 0 to 59 of 118]
-9999 293.43431 294.78119 296.12808 297.47497 299.25832 301.0782 303.10441 305.36874 307.63307 309.89739 308.73227 306.66431 306.4186 309.82204 313.22548 310.3533 306.89664 303.43997 299.50074 294.44823 289.39572 284.34321 281.94685 280.744 278.66938 274.25819 269.84701 269.56984 269.784 269.99816 272.16041 278.07796 283.99551 289.91307 294.21946 298.09592 300.84157 301.96942 303.09728 304.22514 304.86866 305.46972 306.06088 306.64491 307.59881 309.48322 311.36762 313.25203 311.41152 308.92726 306.44299 304.2058 302.23516 300.33448 298.67617 297.01786 295.35955 298.95401 303.45778
-9999 295.69123 297.03812 298.50181 300.32169 302.14157 303.96145 305.98765 308.25198 310.01474 307.94678 305.87883 303.81087 303.56516 306.9686 310.37204 313.77548 312.97823 309.52157 305.58234 300.52983 295.47732 294.24534 293.04249 291.83964 289.76502 285.35383 280.94265 276.53146 274.9557 275.16986 277.33211 283.24966 289.0241 292.90056 296.77702 300.65348 303.39913 304.52698 305.56083 306.16189 306.76296 307.36403 307.95518 308.53921 309.12325 309.76852 311.65292 313.53733 311.69682 309.21256 307.08612 305.11548 303.14484 301.24417 299.58585 298.34698 302.85075 307.35452 311.85829
-9999 297.94815 299.56518 301.38506 303.20494 305.02482 306.8447 308.8709 309.22925 307.1613 305.09334 303.02538 300.95743 300.71172 304.11516 307.5186 310.92203 314.32547 315.60317 311.66394 307.74669 306.54384 305.34099 304.13813 302.93528 300.86066 296.44947 292.03829 287.6271 283.21592 280.34156 282.50381 287.7052 291.58166 295.45812 299.33458 303.21104 305.95669 306.85407 307.45513 308.0562 308.65726 309.25833 309.84949 310.43352 311.01755 311.60158 312.18562 313.82263 311.98213 309.96645 307.99581 306.02516 304.05452 302.15385 302.24372 306.74749 311.25126 315.75502 320.25879
-9999 301.11406 302.93394 304.75382 306.5737 308.39357 310.21345 310.47185 308.4039 306.33594 304.26799 302.20003 300.13207 298.40056 301.804 305.20744 308.61088 312.01432 315.41776 317.42833 316.22547 315.02262 313.81977 312.61692 311.41406 311.35403 306.98096 302.56977 298.15859 293.7474 289.33622 287.75582 291.63228 295.50874 299.3852 303.26166 307.13812 307.60164 308.2027 308.80377 309.40484 310.0059 310.60697 311.60852 312.19256 312.77659 313.36062 313.94465 314.52869 313.87365 311.90301 309.93236 307.96172 305.99108 304.67766 308.97815 313.48192 317.98569 322.48946 326.99323
-9999 306.14106 307.96094 309.78082 311.6007 313.40816 315.12822 315.50464 314.33031 312.43744 310.36949 308.30153 306.23358 304.34677 302.82273 304.74845 308.15189 311.55533 314.95877 316.96934 315.76649 314.56363 313.36078 312.15793 315.74595 317.94587 315.07208 311.1744 306.76321 302.35203 297.94084 296.36045 300.23691 304.11337 307.98983 311.80497 312.10361 311.1088 308.26351 308.28871 308.88977 309.49084 310.0919 311.51655 313.4896 314.07363 314.65766 315.2417 315.82573 317.07685 317.34683 315.37618 313.40554 311.4349 310.12148 311.08459 314.52596 319.02973 323.53349 328.03726
-9999 311.16806 312.98794 314.80782 316.57998 318.30005 320.02011 320.39652 319.2222 318.04787 316.47099 314.40303 312.33508 310.44827 308.92423 307.40018 307.69291 311.09635 314.49979 316.51035 315.3075 314.10465 314.15196 318.24488 322.33779 324.53771 321.66392 318.79014 315.36784 310.95665 306.54547 304.96507 308.84153 312.71799 315.42681 315.72545 316.02409 315.02928 312.184 309.33871 308.37471 308.97577 309.57684 311.00149 313.0182 315.03491 315.9547 316.53874 317.12277 318.37389 319.7403 320.82 318.84936 316.87872 315.5653 316.52841 317.49152 320.07376 324.57753 329.0813
-9999 316.19506 318.01494 319.75181 321.47187 323.19193 324.91199 325.28841 324.11408 322.93976 321.76543 320.50454 318.43658 316.54977 315.02573 313.50169 311.97764 310.63736 314.0408 316.05136 314.84851 316.65088 320.7438 324.83671 328.92963 331.12955 328.25576 325.38197 322.50819 319.56128 315.15009 313.5697 317.44616 319.04865 319.34729 319.64594 319.94458 318.94977 316.10448 313.2592 310.41391 308.46071 309.06178 310.48643 312.50314 314.51985 316.53656 317.83578 318.41981 319.67093 321.03734 322.40375 323.77016 322.32254 321.00912 321.97223 322.93534 323.89846 325.62156 330.12533
-9999 321.20357 322.92363 324.6437 326.36376 328.08382 329.80388 330.1803 329.00597 327.83164 326.65732 325.48299 324.30867 322.65128 321.12723 319.60319 318.07914 316.5551 315.03105 315.59238 319.14981 323.24272 327.33564 331.42855 335.52147 337.72139 334.8476 331.97381 329.10003 326.22624 323.35245 322.17432 322.67049 322.96914 323.26778 323.56642 323.86507 322.87025 320.02497 317.17968 314.3344 311.48911 308.64382 309.97136 311.98807 314.00478 316.02149 318.0382 319.71685 320.96797 322.33438 323.70079 325.0672 326.43361 326.45293 327.41605 328.37916 329.34227 330.30539 331.2685
-9999 322.61689 324.33695 326.05701 327.77707 329.49713 331.14214 329.91755 327.19259 326.01826 324.84393 323.66961 322.49528 321.4884 320.47146 318.94741 317.42337 315.89932 314.37528 314.54972 318.64263 322.73555 326.82847 330.92138 334.43696 335.99503 336.57424 333.70045 330.82666 327.95287 325.07909 323.2889 323.58754 323.88618 324.18483 324.48347 324.39322 325.70706 326.42068 323.57539 320.7301 317.88482 315.03953 313.38589 314.55923 316.57594 318.59265 320.60936 322.62607 317.87887 319.14765 320.51406 321.88047 323.24688 325.33733 328.63443 329.59755 330.56066 331.52377 332.48689
-9999 322.51754 324.2376 325.95766 327.67772 329.25762 330.79354 329.56895 325.15838 321.28908 320.11476 318.94043 317.7661 316.75922 316.08765 315.35323 313.82918 312.30514 310.78109 310.95553 315.04845 319.14137 323.23428 325.79142 326.99228 328.55034 331.06579 333.31145 330.43766 327.56387 324.69008 322.8999 323.19854 323.49718 323.79582 323.33427 322.4321 323.74594 328.23009 331.04745 328.20216 325.35688 322.51159 320.85795 320.06097 320.48914 322.50585 324.52256 326.53927 321.79207 315.87587 315.37755 316.74396 318.11037 320.20083 324.79929 328.9785 329.94161 330.90473 331.86784
-9999 322.41819 324.13825 325.83718 327.3731 328.90902 330.44494 329.22035 324.80978 320.3992 315.98863 314.21125 313.03693 312.03004 311.35848 310.68691 310.01534 308.71096 307.18691 307.36135 311.45427 315.54718 317.14587 318.34673 319.54759 321.10566 323.62111 326.13656 328.65201 327.17487 324.30108 322.51089 322.80954 323.10818 322.27531 321.37314 320.47097 321.78481 326.26896 330.75311 335.23727 332.82894 329.98365 328.33001 327.53303 326.73605 326.41905 328.43576 330.45247 325.70527 319.78908 313.87288 311.60746 312.97387 315.06433 319.66279 324.26125 328.85971 330.28568 331.24879
-9999 322.31884 323.95265 325.48858 327.0245 328.56042 330.09634 328.87175 324.46117 320.0506 315.64003 311.22945 308.30775 307.30087 306.6293 305.95773 305.28616 304.6146 303.59273 303.76717 307.29946 308.50032 309.70118 310.90205 312.10291 313.66097 316.17642 318.69187 321.20732 323.72277 323.91208 322.12189 322.11852 321.21635 320.31418 319.41201 318.50985 319.82368 324.30784 328.79199 333.27614 337.76029 337.45571 335.80207 335.00509 334.20811 333.41113 332.61416 334.36567 329.61847 323.70228 317.78608 311.86989 307.83737 309.92782 314.52629 319.12475 323.72321 328.32167 330.62975
-9999 322.05535 323.59127 325.12719 326.66311 328.19903 329.73495 328.77645 324.36587 319.9553 315.54473 311.13415 306.72358 303.19119 302.51962 301.84806 301.17649 300.50492 299.83335 299.72798 300.92884 302.1297 303.33057 304.53143 305.73229 306.51394 309.02939 311.54483 314.06028 316.57573 319.09118 320.43929 319.53712 318.63495 317.73278 316.83061 315.92844 318.24872 322.73287 327.21702 331.70117 336.18532 340.66947 342.07707 341.2801 340.48312 339.68614 338.88916 338.09218 332.93035 327.01416 321.09796 315.18177 309.26558 307.40366 312.00213 316.60059 321.19905 325.79752 330.39598
-9999 321.63036 323.16628 324.7022 326.23812 327.82619 330.53644 329.94103 325.53045 321.11988 316.7093 312.29873 308.265 304.68663 301.94846 300.8197 300.14813 299.47656 298.80499 298.69962 299.90048 301.10134 302.30221 303.50307 304.77118 305.40341 304.29332 305.87826 308.39371 310.90915 313.4246 314.77271 313.87054 312.96837 312.0662 311.16403 314.57765 318.59445 323.0786 327.56275 332.0469 336.40957 339.45161 341.10254 341.6011 340.80412 340.00714 339.21016 338.41318 333.25135 327.33516 321.41897 315.50278 315.09648 317.87294 322.4714 327.06986 331.66833 335.96966 334.11752
-9999 321.20537 322.74129 324.27721 326.28052 328.99077 331.70102 331.1056 326.69503 322.28446 317.98399 313.98606 309.98813 306.40976 303.67159 300.93342 299.11977 298.4482 297.77663 297.67126 298.87212 300.07298 301.28666 302.56894 303.85122 304.48345 303.37336 302.26327 302.72713 305.24258 307.75802 309.10613 308.20396 307.30179 307.54313 311.23326 314.92338 318.94018 323.42433 327.90848 331.85722 334.89926 337.9413 339.59223 340.24311 340.894 340.32814 339.53116 338.73418 333.57236 327.65616 321.73997 323.31529 325.56575 328.34221 332.94068 337.53914 340.27526 338.42311 336.57097
-9999 320.78038 322.3163 324.73485 327.4451 330.15535 332.86559 332.27018 327.85961 323.70505 319.70712 315.70919 311.71126 308.1329 305.39472 302.65655 299.91838 297.41984 296.74827 296.6429 297.84376 299.08442 300.3667 301.64898 302.93126 303.56349 302.4534 301.34331 300.23322 299.576 302.09145 303.43955 302.53738 304.19874 307.88886 311.57899 315.26911 319.28591 323.77006 327.30487 330.34691 333.38895 336.43099 338.08192 338.73281 339.38369 340.03458 339.85217 339.05519 333.89336 329.28364 331.5341 333.78456 336.03502 338.81149 343.40995 344.58085 342.72871 340.87656 339.02442
-9999 320.47894 323.18918 325.89943 328.60968 331.31992 334.03017 333.43476 329.42611 325.42818 321.43025 317.43233 313.4344 309.85603 307.11786 304.37969 301.64151 298.90334 296.16517 295.61454 296.88218 298.16446 299.44674 300.72902 302.0113 302.64352 301.53344 300.42335 299.31326 298.20317 297.09308 297.77297 300.85435 304.54447 308.23459 311.92472 315.61484 319.63164 322.75253 325.79457 328.8366 331.87864 334.92068 336.57162 337.2225 337.87338 338.52427 339.17515 339.37619 337.50245 339.75291 342.00337 344.25383 346.5043 349.28076 348.88644 347.0343 345.18216 343.33001 341.47787
-9999 321.97436 324.68461 327.39486 330.10511 332.81535 335.4701 337.76345 336.27605 332.27812 328.28019 324.28226 320.28434 316.52974 313.50822 310.77005 308.03188 305.29371 302.55553 301.03308 302.31536 303.59764 304.87992 306.1622 307.13321 306.92949 307.49158 306.38149 305.2714 304.16131 303.05122 303.58073 307.27085 310.96097 314.6511 318.34122 321.25089 324.78662 329.74627 332.78831 335.83035 338.87238 341.91442 342.24363 342.34165 342.99254 343.64342 344.29431 344.94519 348.78527 351.03573 353.2862 355.53666 357.78712 357.50163 351.41549 349.56335 347.71121 345.85907 344.00693
-9999 323.65763 326.36788 329.07813 331.78837 334.38168 336.93209 339.22544 341.22212 342.03882 338.04089 334.04296 330.04503 326.29044 323.02314 319.81025 317.07208 314.33391 311.59573 310.07329 311.35557 312.63785 313.92013 314.08853 313.15165 312.94794 314.70927 316.2447 315.13461 314.02452 312.91443 313.44393 317.13406 320.82418 324.51431 326.42749 327.1779 330.71362 338.23415 344.61025 347.65228 350.69432 353.73636 354.06557 352.44456 351.87559 352.52647 353.17736 353.82824 357.76289 362.26505 365.03092 367.28138 369.53184 369.24635 360.17663 352.13533 350.28319 348.43105 346.57891
-9999 325.3409 328.05115 330.74286 333.29327 335.84367 338.39408 340.68744 342.68412 344.6808 346.67748 343.80366 339.80573 336.05114 332.78384 329.51654 326.24923 323.37411 320.63593 319.11349 320.39577 321.67805 321.04386 320.10698 319.1701 318.96638 320.72772 322.48906 324.2504 323.88772 322.77763 323.30714 326.99727 330.68739 331.60409 332.35449 333.1049 336.64062 344.16115 351.68168 359.20221 362.51626 365.5583 365.88751 364.2665 362.64548 361.40952 362.06041 362.71129 366.64594 371.14811 375.65027 379.0261 381.27656 380.99107 371.92135 362.85163 353.78192 351.00303 349.15089
-9999 327.02417 329.65444 332.20485 334.75526 337.30567 339.85608 342.14943 344.14611 346.14279 348.13947 350.13615 349.56643 345.81184 342.54454 339.27723 336.00993 332.74263 329.67613 328.15369 328.93606 327.99918 327.0623 326.12543 325.18855 324.98483 326.74617 328.5075 330.26884 332.03018 332.64084 333.17035 336.03029 336.78069 337.53109 338.2815 339.0319 342.56762 350.08815 357.60868 365.12922 372.64975 377.38024 377.70945 376.08844 374.46742 372.84641 371.22539 371.59434 375.52899 380.03116 384.53332 389.03549 393.02128 392.73579 383.66607 374.59635 365.52663 356.45692 351.72287
-9999 328.3344 330.88481 333.43522 335.98563 338.53604 341.08644 342.5128 344.50948 346.50616 348.50284 350.49952 352.4962 354.1238 350.8565 347.5892 344.3219 341.0546 337.7873 335.22468 334.2878 333.35092 332.41404 331.47716 330.54029 331.08253 332.83813 334.59946 336.3608 338.12214 339.88347 341.29951 342.04991 342.80031 343.55072 344.30112 345.05152 347.27945 354.79998 362.32051 369.84104 377.36157 384.8821 386.01974 384.39872 382.77771 381.15669 379.53568 377.91467 379.558 384.06017 388.56234 393.06451 397.56668 401.50273 392.89203 383.82231 374.75259 365.68287 356.61315
-9999 328.68799 331.2384 333.78881 336.33922 338.70542 339.91987 340.72637 341.06203 342.71085 344.70753 346.70421 348.70089 350.5644 352.16124 350.41723 347.14993 343.88262 340.61532 338.05271 337.11583 336.17895 335.24207 334.30519 336.39732 338.40379 339.45486 340.96969 342.73103 344.49236 346.2537 347.66974 348.42014 349.17054 349.92094 350.5375 346.85496 347.68068 354.95608 362.43251 369.95304 377.47357 384.9941 384.90515 379.4162 377.79519 376.17417 374.55316 372.93215 370.25061 369.71502 374.21719 378.71936 383.22153 387.15758 389.13267 383.51388 374.44416 365.37444 356.30472
-9999 329.04158 331.59199 334.1424 335.99511 337.20956 338.42401 339.23051 339.56617 339.90183 340.91221 342.90889 344.90557 346.76909 348.36593 349.96277 349.97795 346.71065 343.44335 340.88073 339.94385 339.00697 338.99273 341.35566 343.71858 345.72505 346.77612 347.82718 349.10126 350.86259 352.62393 354.03996 354.79037 355.54077 354.65468 350.97215 347.28961 348.11532 355.39073 362.66613 370.06503 377.58556 385.10609 385.01714 379.45783 373.89853 371.19166 369.57064 367.94963 365.26809 362.40327 359.87204 364.37421 368.87638 372.81243 374.78752 376.7626 374.13573 365.06601 355.99629
-9999 329.39517 331.94558 333.2848 334.49925 335.7137 336.92815 337.73464 338.0703 338.40597 338.74163 339.11358 341.11026 342.97378 344.57061 346.16745 347.76429 349.36113 346.27137 343.70876 342.77188 343.95107 346.31399 348.67691 351.03984 353.0463 354.09737 355.14844 356.19951 357.25058 358.99416 360.41019 361.16059 358.77186 355.08933 351.40679 347.72426 348.54997 355.82538 363.10078 370.37618 377.69755 385.21808 385.12913 379.56982 374.01052 368.45121 364.58812 362.96711 360.28557 357.42075 354.55593 351.6911 354.53123 358.46729 360.44237 362.41745 364.39254 364.75758 355.68786
-9999 329.36004 330.57449 331.78894 333.00339 334.21784 335.43229 336.23878 336.57444 336.9101 337.24577 337.58143 337.91709 339.17846 340.7753 342.37214 343.96898 345.56582 347.16266 346.54648 348.9094 351.27232 353.63525 355.99817 358.3611 360.36756 361.41863 362.4697 363.52077 364.57184 365.62291 366.57158 362.88905 359.20651 355.52398 351.84144 348.1589 348.98462 356.26002 363.53543 370.81083 378.08623 385.36164 385.24112 379.68182 374.12251 368.5632 363.0039 357.98459 355.30305 352.43823 349.57341 346.70859 343.84376 344.12214 346.09722 348.07231 350.04739 352.02247 353.99756
-9999 333.59619 334.81064 336.02509 337.23954 338.45399 336.2966 334.02455 334.49128 334.82694 335.1626 335.49827 335.83393 336.36612 337.45706 339.0539 340.65074 342.24758 343.84442 345.67291 348.03583 350.39876 352.76168 355.1246 357.21129 358.38152 358.62504 359.67611 360.72718 361.77825 362.82932 362.26354 358.58101 354.89847 351.21594 347.5334 345.26598 345.2002 348.39527 355.67068 362.94608 370.22149 377.49689 380.35475 377.15832 371.59901 366.0397 360.4804 354.92109 354.65176 352.35488 349.49006 346.62523 343.76041 341.67567 342.57757 344.55266 346.52774 348.50283 350.47791
