P1_models/J1_p1_tot_conduct_slide_17.3.dat.tif
NCOLS 118
NROWS 92
XLLCORNER 139.62
YLLCORNER -39.07
DX 0.099491525
DY 0.099347826
NODATA_VALUE -9999
[rows 0 to 25 of 92, columns 0 to 56 of 118]
-2.1493861 -2.1756767 -2.3199394 -2.441466 -2.5883345 -2.7026164 -2.802108 -2.8730079 -2.9109094 -2.9386667 -2.9724357 -2.9987196 -3.0459525 -3.0741601 -3.1145518 -3.1368399 -3.111967 -3.0413736 -2.9264917 -2.8135807 -2.6640263 -2.5461492 -2.4458021 -2.3924632 -2.4123195 -2.4493025 -2.5587432 -2.6910029 -2.8103928 -2.8984668 -2.9340044 -2.9140107 -2.8538064 -2.7582254 -2.6544337 -2.5596671 -2.5049468 -2.4914651 -2.5124107 -2.5846993 -2.6475361 -2.7222681 -2.7471409 -2.730126 -2.6866527 -2.6325026 -2.5382475 -2.4477783 -2.3797051 -2.3722016 -2.40362 -2.4987594 -2.6190516 -2.7572601 -2.8859689 -2.9567324 -2.9921873
-2.0817235 -2.1829525 -2.3272152 -2.4730027 -2.6180472 -2.739948 -2.8344937 -2.8951985 -2.9309855 -2.9677985 -3.0068081 -3.0598208 -3.1205233 -3.205108 -3.2659479 -3.3760157 -3.4025934 -3.349729 -3.24881 -3.1778863 -3.0300158 -2.917054 -2.8083551 -2.7361475 -2.7412598 -2.7339589 -2.8019293 -2.9139717 -3.0245223 -3.0685698 -3.0992024 -3.0632726 -3.0006516 -2.9044863 -2.7998536 -2.707125 -2.6496329 -2.6201866 -2.6343139 -2.6658393 -2.7134344 -2.7388414 -2.7547809 -2.7385831 -2.6952579 -2.6164578 -2.5559664 -2.4953598 -2.4839623 -2.5130658 -2.5926644 -2.7116073 -2.8545704 -3.0037333 -3.123094 -3.1906171 -3.2039311
-2.0651847 -2.1559552 -2.3002179 -2.4432331 -2.5853638 -2.6970454 -2.7816132 -2.8428411 -2.876005 -2.9194044 -2.9741247 -3.0459213 -3.1503874 -3.2751687 -3.4045076 -3.5218988 -3.5915429 -3.6363766 -3.6015546 -3.5505112 -3.436096 -3.3245875 -3.2201214 -3.1464655 -3.1215927 -3.1121994 -3.151996 -3.1862932 -3.2310644 -3.2501602 -3.2239782 -3.1671319 -3.0726149 -2.9695094 -2.8490723 -2.7453485 -2.680679 -2.64 -2.64 -2.6505201 -2.6767021 -2.6887601 -2.6937347 -2.6785831 -2.6471647 -2.6174581 -2.5808034 -2.5908686 -2.6065778 -2.6950125 -2.7892676 -2.9344676 -3.0793375 -3.2096165 -3.3154079 -3.3468263 -3.3492956
-2.0030923 -2.0719139 -2.1822424 -2.3252575 -2.4504186 -2.5505588 -2.6263823 -2.6892864 -2.7269832 -2.7765595 -2.8561492 -2.9279458 -3.0699718 -3.2390989 -3.4281328 -3.5618954 -3.7011836 -3.7636227 -3.8034194 -3.7701332 -3.7303366 -3.622631 -3.5560885 -3.5225377 -3.5175631 -3.5062763 -3.5261746 -3.5487368 -3.5288385 -3.530104 -3.4253761 -3.3493627 -3.1852017 -3.0812757 -2.9312083 -2.7995691 -2.7117252 -2.6628901 -2.64 -2.64 -2.6456559 -2.6504485 -2.6440608 -2.6339558 -2.6099093 -2.6101635 -2.6056403 -2.6608009 -2.7121348 -2.8439279 -2.9631263 -3.1215697 -3.2718239 -3.3657881 -3.45923 -3.4487572 -3.4430296
-1.9256293 -1.9392237 -2.0387152 -2.1520687 -2.2743454 -2.3765863 -2.4529492 -2.5281177 -2.571957 -2.6404225 -2.7306636 -2.8375789 -2.9967653 -3.190169 -3.3843421 -3.5605285 -3.7024879 -3.8153396 -3.8592957 -3.8885627 -3.8617021 -3.8204521 -3.7756809 -3.8000061 -3.816578 -3.8291755 -3.8617929 -3.8712844 -3.8513861 -3.8049088 -3.6936778 -3.5618528 -3.3927221 -3.2291684 -3.0668401 -2.9242787 -2.8338922 -2.7617999 -2.7324689 -2.6984056 -2.6958899 -2.6635259 -2.6535768 -2.6254639 -2.6045183 -2.6111486 -2.6268578 -2.7150536 -2.7988359 -2.9553681 -3.1072236 -3.2689542 -3.4284606 -3.5141509 -3.5800269 -3.56248 -3.5289653
-1.7896166 -1.7838101 -1.8385305 -1.9371082 -2.0508128 -2.1530537 -2.2425961 -2.3232128 -2.3990158 -2.4851915 -2.6095559 -2.7433817 -2.9324156 -3.1280766 -3.3370088 -3.5232731 -3.6725104 -3.7905027 -3.845223 -3.8823534 -3.887328 -3.8779807 -3.897879 -3.9304002 -3.9950697 -4.0464989 -4.1061938 -4.1382817 -4.1183834 -4.0719061 -3.9462326 -3.8040131 -3.6199538 -3.4438341 -3.2657966 -3.1229744 -3.0284574 -2.9542863 -2.9071588 -2.8660551 -2.8241639 -2.7814714 -2.7267511 -2.6871371 -2.6452459 -2.6489816 -2.6699272 -2.765871 -2.8857653 -3.0499134 -3.2251991 -3.3869297 -3.5464361 -3.6238184 -3.6793747 -3.6479563 -3.6034762
-1.5853503 -1.5642585 -1.5991999 -1.6760552 -1.7926299 -1.8973608 -2.0138511 -2.1522595 -2.2691517 -2.3621208 -2.5095094 -2.6920094 -2.8932968 -3.1088646 -3.3078398 -3.4645983 -3.5762943 -3.695985 -3.7336979 -3.7421428 -3.7434397 -3.745732 -3.7799345 -3.841032 -3.9300219 -4.0643354 -4.1841557 -4.2230371 -4.2227645 -4.2209822 -4.1125188 -3.997933 -3.8301439 -3.6746901 -3.5153047 -3.3967108 -3.3119222 -3.2486138 -3.1959847 -3.1462657 -3.0785859 -3.0120081 -2.9179332 -2.8152466 -2.7502187 -2.7505577 -2.7550408 -2.8468561 -2.9581164 -3.1261226 -3.3041601 -3.4670873 -3.6215312 -3.6967716 -3.7412021 -3.7115533 -3.6672669
-1.3786109 -1.3120376 -1.3369105 -1.4165382 -1.5349805 -1.6821445 -1.8214327 -1.9833805 -2.1207735 -2.2948744 -2.4739591 -2.6667049 -2.8855862 -3.0928701 -3.2769295 -3.4117178 -3.5112094 -3.5562729 -3.5659805 -3.5563746 -3.5507494 -3.5646689 -3.6243639 -3.7161505 -3.8519648 -4.0038504 -4.1409927 -4.2701029 -4.3139262 -4.342407 -4.2674102 -4.1899569 -4.0456942 -3.9041208 -3.7679745 -3.6891563 -3.6145377 -3.5484899 -3.4908896 -3.4107378 -3.3269555 -3.210915 -3.0964998 -2.9796895 -2.8854344 -2.846678 -2.846678 -2.9273708 -3.0373351 -3.2022028 -3.3802402 -3.5338196 -3.6878963 -3.754224 -3.8021738 -3.7767842 -3.7468512
-1.148869 -1.078118 -1.0885409 -1.1698214 -1.3024768 -1.4595206 -1.6435799 -1.8189727 -2.0274311 -2.2168028 -2.4655316 -2.6729141 -2.9140992 -3.1296881 -3.2888746 -3.4174141 -3.4472616 -3.4755528 -3.4009342 -3.3700974 -3.3153771 -3.3162994 -3.3717878 -3.4615717 -3.6406564 -3.8051548 -4.0041378 -4.1521274 -4.2665426 -4.3175701 -4.3123337 -4.2539972 -4.1843531 -4.0593518 -3.9849553 -3.9288046 -3.889008 -3.8284907 -3.7761267 -3.6900159 -3.5753251 -3.446904 -3.2889862 -3.1588821 -3.0220376 -2.9735318 -2.9522351 -3.0280825 -3.1304737 -3.2895504 -3.4609604 -3.6044349 -3.7499887 -3.8163164 -3.8642661 -3.848557 -3.8218214
-1.0120348 -0.92490389 -0.93356129 -1.0153155 -1.1479709 -1.3168155 -1.5103421 -1.7255223 -1.9524692 -2.1945061 -2.4706815 -2.7177027 -2.9670719 -3.1992541 -3.3532469 -3.4530138 -3.4537367 -3.4291562 -3.316758 -3.2286012 -3.1381388 -3.1153931 -3.1660239 -3.232973 -3.4092067 -3.6018084 -3.818203 -4.0067793 -4.1477695 -4.2465927 -4.2736725 -4.2651272 -4.2235823 -4.1544587 -4.0998614 -4.0938043 -4.0712571 -4.0284444 -3.9781797 -3.886409 -3.7663288 -3.6103642 -3.4446342 -3.2927591 -3.1501692 -3.0862085 -3.0600265 -3.1376357 -3.2376506 -3.395184 -3.5627487 -3.701372 -3.8398941 -3.8980818 -3.9495507 -3.9430832 -3.9257282
-0.92749439 -0.84775806 -0.85273264 -0.93242331 -1.0650787 -1.2273472 -1.4362794 -1.6647859 -1.9158835 -2.1879531 -2.4914022 -2.7846056 -3.0582073 -3.2944996 -3.4437369 -3.5334785 -3.5086056 -3.4406566 -3.2963939 -3.1522543 -3.0328645 -2.9556229 -2.9804958 -3.0367588 -3.210869 -3.3965598 -3.6253903 -3.8351869 -3.9943733 -4.1283617 -4.1807257 -4.2142164 -4.1992927 -4.1858437 -4.175371 -4.176712 -4.176712 -4.158967 -4.1118395 -4.021856 -3.8909461 -3.7302161 -3.5461568 -3.3871672 -3.2405481 -3.1806242 -3.1544422 -3.2369836 -3.3469479 -3.5084906 -3.6760553 -3.8139947 -3.9474544 -4.0027274 -4.0456182 -4.0456182 -4.0415008
-1.0268422 -0.95138559 -0.96449894 -1.0441896 -1.1586796 -1.3081239 -1.4983718 -1.7268783 -1.9779759 -2.2528549 -2.5712278 -2.8653257 -3.1537813 -3.4008914 -3.5551033 -3.6421091 -3.5973379 -3.5224544 -3.3433697 -3.1895789 -3.0254179 -2.9432044 -2.9438628 -2.9773925 -3.1216552 -3.3013024 -3.5102346 -3.7167325 -3.8709444 -4.0051645 -4.0680012 -4.1068358 -4.116785 -4.1051236 -4.1146644 -4.1321398 -4.151875 -4.1367947 -4.099421 -4.0076324 -3.8723184 -3.7158342 -3.5399476 -3.3898555 -3.2591758 -3.2181321 -3.2165346 -3.3180957 -3.4462957 -3.6187667 -3.7940309 -3.9319702 -4.0654299 -4.120703 -4.1635937 -4.1635937 -4.1619479
-1.217198 -1.16091 -1.1805415 -1.2615239 -1.3707251 -1.5052299 -1.687361 -1.8468311 -2.0854352 -2.3603141 -2.678687 -2.9625978 -3.2560978 -3.4934865 -3.6476984 -3.7392789 -3.6961423 -3.6093838 -3.4302991 -3.2589675 -3.0948065 -2.9724601 -2.9625109 -2.9798381 -3.1241008 -3.2510869 -3.44302 -3.6376428 -3.7918547 -3.8939416 -3.9567784 -3.985348 -3.9952972 -4.0039144 -4.0200475 -4.04358 -4.0641034 -4.0665909 -4.0311986 -3.9498471 -3.8170128 -3.6648016 -3.4953314 -3.3760006 -3.2514917 -3.2173169 -3.2437582 -3.3639857 -3.5226504 -3.7051526 -3.9001931 -4.0402243 -4.1769245 -4.2321975 -4.2783288 -4.2783288 -4.2799234
-1.5030612 -1.4810184 -1.5158404 -1.5834901 -1.6687686 -1.7815546 -1.9108936 -2.0703637 -2.2646091 -2.4996702 -2.7782465 -3.0584736 -3.3370499 -3.5742066 -3.7284185 -3.819999 -3.7802024 -3.697318 -3.5232078 -3.3511521 -3.1820165 -3.0548738 -3.0200518 -3.0297554 -3.1391961 -3.2635054 -3.4276664 -3.587423 -3.6968637 -3.7907662 -3.827421 -3.8538051 -3.8587797 -3.8696807 -3.8958627 -3.9224896 -3.9523371 -3.9580327 -3.9318507 -3.8567298 -3.7362927 -3.5936601 -3.4394482 -3.3201175 -3.2258623 -3.2224404 -3.2748044 -3.4191238 -3.5971612 -3.7953214 -3.9995409 -4.1439594 -4.2824815 -4.3429153 -4.3907179 -4.3959543 -4.3968034
-1.9054797 -1.9162759 -1.9699776 -2.0343257 -2.0942517 -2.1403923 -2.2136518 -2.3313342 -2.4598469 -2.6540085 -2.8662764 -3.1448527 -3.3976761 -3.5933667 -3.735572 -3.8335763 -3.8099918 -3.7359833 -3.5823926 -3.4142994 -3.2576279 -3.1277339 -3.0908249 -3.0846893 -3.1685914 -3.2807355 -3.4061311 -3.545576 -3.6201517 -3.7020924 -3.7083449 -3.7307805 -3.7278354 -3.739837 -3.7712798 -3.8155517 -3.8632067 -3.8807745 -3.8721157 -3.8144083 -3.7121623 -3.5835104 -3.4401547 -3.3330095 -3.2492047 -3.2640442 -3.3228275 -3.4789827 -3.6603542 -3.8651802 -4.0705939 -4.2205002 -4.3599274 -4.4207278 -4.4679076 -4.4686581 -4.4656652
-2.2781399 -2.3489661 -2.4186102 -2.475224 -2.5226009 -2.5229082 -2.5676794 -2.5962119 -2.7004411 -2.8012371 -2.99056 -3.1948142 -3.4186702 -3.5801711 -3.7177794 -3.8104955 -3.7917577 -3.7423128 -3.5961392 -3.4559273 -3.305135 -3.1843511 -3.1445545 -3.1381968 -3.2160194 -3.2969643 -3.4118667 -3.5078413 -3.5719501 -3.6175153 -3.6141304 -3.6124313 -3.6074567 -3.6162758 -3.6529306 -3.725101 -3.7798214 -3.835942 -3.835942 -3.807223 -3.7182043 -3.6143279 -3.4800143 -3.3811912 -3.3078816 -3.3216189 -3.389692 -3.537624 -3.7261343 -3.9225398 -4.1319957 -4.2762226 -4.4198072 -4.4787984 -4.5259783 -4.5259783 -4.5144573
-2.6714982 -2.7607335 -2.8701742 -2.9238939 -2.9428447 -2.933923 -2.8941264 -2.8963333 -2.8963333 -2.9601936 -3.0547106 -3.2171006 -3.376287 -3.5205625 -3.6349777 -3.7177709 -3.7127963 -3.6694577 -3.5550424 -3.4294345 -3.3100447 -3.2043594 -3.1745119 -3.1713128 -3.2359823 -3.3102107 -3.3947785 -3.4747254 -3.5045728 -3.5314138 -3.5052318 -3.4932139 -3.4882393 -3.4988134 -3.5616502 -3.6399419 -3.7394334 -3.8113881 -3.8742249 -3.8652835 -3.8181559 -3.7260119 -3.6215458 -3.5269013 -3.4535918 -3.4612233 -3.5089094 -3.6448461 -3.8056125 -3.989658 -4.178358 -4.3137505 -4.4462999 -4.501573 -4.5458478 -4.5458478 -4.5343269
-2.9050652 -3.0219817 -3.1428148 -3.207557 -3.2168207 -3.1979393 -3.1311855 -3.0426908 -2.9992935 -3.0327045 -3.1025504 -3.1702623 -3.3135098 -3.4246073 -3.5359365 -3.6098899 -3.6148325 -3.5756461 -3.4727616 -3.3846048 -3.273558 -3.2014563 -3.1756278 -3.1831447 -3.2465254 -3.3062203 -3.3729882 -3.4432467 -3.4671586 -3.4643042 -3.4337306 -3.4044489 -3.3994744 -3.4169688 -3.4911044 -3.5875674 -3.7108635 -3.8304103 -3.9231784 -3.9647663 -3.9537163 -3.900419 -3.81294 -3.7329901 -3.65595 -3.6635816 -3.6777038 -3.7974629 -3.9048742 -4.0750303 -4.2075629 -4.3381739 -4.4371011 -4.491129 -4.5254416 -4.5227993 -4.5040972
-3.0738845 -3.2226131 -3.3519521 -3.4056046 -3.4056046 -3.3483129 -3.2488214 -3.154722 -3.0789189 -3.0324619 -3.0523602 -3.1029958 -3.2124365 -3.3224622 -3.4269283 -3.5076072 -3.5175564 -3.5077947 -3.433176 -3.3607702 -3.2712278 -3.2034863 -3.1885626 -3.1935561 -3.253251 -3.3095831 -3.369278 -3.409059 -3.4140336 -3.4038691 -3.3619779 -3.3315753 -3.3266007 -3.3545055 -3.4487606 -3.5804814 -3.7396679 -3.8984302 -4.0293401 -4.1162897 -4.1372353 -4.109454 -4.0348353 -3.9537646 -3.8699823 -3.8312976 -3.8312976 -3.889702 -3.9839571 -4.0926706 -4.2183441 -4.3126043 -4.4097088 -4.4511154 -4.4830819 -4.4726091 -4.4494944
-3.11114 -3.2580276 -3.3829983 -3.4362406 -3.4172898 -3.3483259 -3.2239844 -3.1244929 -3.0250014 -2.9740285 -2.9740285 -3.0222757 -3.127704 -3.2371404 -3.3565303 -3.4422157 -3.4820123 -3.4793534 -3.4345822 -3.3692793 -3.3095844 -3.246951 -3.2395435 -3.2485943 -3.2933655 -3.3461462 -3.3909174 -3.4267871 -3.4068888 -3.390866 -3.3332656 -3.2999509 -3.2900017 -3.3172501 -3.4201084 -3.5624802 -3.7564887 -3.9273919 -4.1100602 -4.2120718 -4.2800478 -4.2650344 -4.2211125 -4.1381163 -4.0500502 -3.9873829 -3.9492731 -3.9732249 -4.0274218 -4.0993531 -4.1935072 -4.2648676 -4.3476164 -4.375253 -4.4023618 -4.391889 -4.3682494
-3.0650723 -3.2138768 -3.3293861 -3.3575042 -3.3385534 -3.2695895 -3.1487217 -3.0575617 -2.9647704 -2.9004484 -2.9020831 -2.957545 -3.0633407 -3.1926839 -3.3129275 -3.4347072 -3.4880381 -3.5013983 -3.4569724 -3.4250402 -3.3653817 -3.3287164 -3.3237419 -3.3257139 -3.3704851 -3.4027707 -3.4387911 -3.4666512 -3.4467529 -3.4103021 -3.352427 -3.3007593 -3.2899576 -3.3047012 -3.4078965 -3.5411826 -3.7327454 -3.9106256 -4.0948296 -4.2255432 -4.3030615 -4.3158225 -4.2789436 -4.2116256 -4.1221139 -4.0577294 -3.9961855 -4.0027154 -4.0119916 -4.0684903 -4.1203606 -4.1869396 -4.2395118 -4.2671484 -4.2933264 -4.2828536 -4.2698322
-2.9778358 -3.0920567 -3.1865736 -3.2146917 -3.1957409 -3.1352123 -3.0307462 -2.9395861 -2.8637831 -2.8225617 -2.8524092 -2.9166086 -3.0509222 -3.1872925 -3.3315552 -3.4533349 -3.5279536 -3.5700093 -3.550111 -3.5206845 -3.4709388 -3.4318695 -3.4169457 -3.4165501 -3.4513722 -3.4834908 -3.5083637 -3.5204354 -3.4905879 -3.4505735 -3.377264 -3.3198051 -3.2899576 -3.3002501 -3.3892688 -3.5151705 -3.6892807 -3.8690639 -4.0575742 -4.1954151 -4.2844338 -4.3025819 -4.2727344 -4.2054164 -4.1111613 -4.0322396 -3.9589301 -3.9355351 -3.9250623 -3.9604939 -4.0023851 -4.0502193 -4.0966993 -4.135255 -4.1656975 -4.1709339 -4.1650384
-2.8238059 -2.9159825 -2.9901402 -3.0182582 -3.010903 -2.9848113 -2.9242892 -2.8595214 -2.833587 -2.8127153 -2.8885287 -2.9542364 -3.1067736 -3.2709346 -3.4339905 -3.5573761 -3.6367439 -3.6818159 -3.6619176 -3.6299854 -3.570538 -3.5309659 -3.5076931 -3.4904685 -3.5054804 -3.5348957 -3.5498194 -3.5616262 -3.5367533 -3.4960645 -3.4227549 -3.3608923 -3.321733 -3.3312713 -3.3870248 -3.4564662 -3.579485 -3.7336676 -3.8717689 -3.989347 -4.0485421 -4.0583581 -4.0182802 -3.9479157 -3.8503519 -3.7701735 -3.696864 -3.6714581 -3.6609853 -3.6996249 -3.7434064 -3.8099853 -3.8634208 -3.9297485 -3.9747234 -4.0265979 -4.0384177
-2.7148226 -2.7698697 -2.8345392 -2.8585931 -2.8562731 -2.880783 -2.8366525 -2.8297942 -2.8185494 -2.8467425 -2.9335712 -3.0421941 -3.2063551 -3.3622322 -3.5207165 -3.6479411 -3.7204172 -3.7595782 -3.7322577 -3.6928043 -3.62667 -3.5756954 -3.545848 -3.5062605 -3.5156259 -3.5319013 -3.5482655 -3.5579858 -3.539078 -3.5112446 -3.4482694 -3.3881059 -3.3494023 -3.3349375 -3.3715923 -3.3928191 -3.4968144 -3.5749292 -3.6884847 -3.7327175 -3.7772051 -3.742008 -3.6972368 -3.6122545 -3.512763 -3.4392437 -3.3659342 -3.357281 -3.3468082 -3.4077848 -3.4549123 -3.5441271 -3.6137948 -3.703599 -3.7797022 -3.8498758 -3.9154066
-2.6159114 -2.6575942 -2.70734 -2.7423891 -2.775553 -2.8000628 -2.8149866 -2.8297942 -2.8724334 -2.9274626 -3.0418778 -3.1663789 -3.3305399 -3.486417 -3.6257051 -3.7410797 -3.7908255 -3.8154614 -3.7657156 -3.711432 -3.6268642 -3.5605485 -3.5008535 -3.4565866 -3.451612 -3.4573905 -3.4772888 -3.4896842 -3.4847096 -3.46778 -3.4311252 -3.3881059 -3.3532839 -3.3367283 -3.3419647 -3.3617729 -3.4015695 -3.4507445 -3.4769264 -3.4905572 -3.4539024 -3.3989719 -3.3044549 -3.2078912 -3.0926905 -3.0191966 -2.9615963 -2.9608796 -2.9804631 -3.0548208 -3.1382411 -3.2446194 -3.3467975 -3.462871 -3.5685881 -3.6785524 -3.7725941
-2.5754427 -2.6120301 -2.668522 -2.7085644 -2.7689351 -2.8466661 -2.895795 -2.9411798 -3.007909 -3.074162 -3.1851251 -3.3166166 -3.4618496 -3.5630107 -3.6560992 -3.7472093 -3.7536991 -3.7599025 -3.6809126 -3.6101075 -3.4995952 -3.4222944 -3.3544066 -3.2866694 -3.2664626 -3.2682465 -3.2881448 -3.3106448 -3.3330384 -3.334577 -3.3407651 -3.3200287 -3.3168097 -3.2952609 -3.3026793 -3.306639 -3.3184173 -3.3181434 -3.2954251 -3.2480477 -3.1700573 -3.0667544 -2.947315 -2.8316256 -2.7099323 -2.6404809 -2.5862634 -2.6204784 -2.651173 -2.7658786 -2.860864 -3.014071 -3.1283481 -3.2896644 -3.4137538 -3.5560184 -3.6807954
