P1_models/J1_p1_vp_slide_diff2_100.dat.tif
NCOLS 118
NROWS 92
XLLCORNER 139.62
YLLCORNER -39.07
DX 0.099491525
DY 0.099347826
NODATA_VALUE -9999
[rows 48 to 71 of 92, columns 0 to 53 of 118]
-9999 0.0090570341 0.026872704 0.044688374 0.062504045 0.080319715 0.098135385 0.096121814 0.096657274 0.097192734 0.097728194 0.098263654 0.098799114 0.097712793 0.093171027 0.086177271 0.079183514 0.072189757 0.065196 0.061825149 0.066812493 0.071799838 0.076787182 0.081774526 0.086761871 0.094435355 0.092375495 0.089293956 0.086212417 0.083130877 0.080049338 0.080013659 0.085849428 0.091685196 0.097520964 0.10335673 0.1091925 0.10110569 0.094073353 0.087041017 0.080008682 0.072976346 0.066487826 0.064459578 0.059776494 0.055093411 0.050410327 0.045727244 0.04104416 0.034499244 0.027632552 0.02076586 0.013899168 0.0070324761
-9999 0.028079052 0.045894722 0.063710392 0.081526063 0.091649003 0.086878955 0.084571856 0.085107316 0.085642776 0.086178236 0.085262717 0.078869816 0.076784621 0.083325857 0.083269691 0.076275934 0.069282177 0.062288421 0.058917569 0.063904914 0.068892258 0.073879602 0.079709384 0.091876368 0.1010868 0.10237294 0.10166364 0.098582104 0.095500565 0.092419026 0.092383347 0.098219115 0.10405488 0.10989065 0.11186524 0.10063652 0.091134257 0.084101922 0.077069586 0.070037251 0.065528552 0.065393896 0.06350934 0.060366804 0.055948023 0.051264939 0.046581856 0.041898772 0.035353856 0.028487164 0.021620472 0.01475378 0.015541426
-9999 0.04710107 0.06491674 0.08273241 0.084869093 0.080099045 0.075328998 0.073021899 0.073557359 0.074092819 0.070727447 0.064334546 0.057941644 0.05585645 0.062397686 0.068938922 0.073368354 0.066374598 0.059380841 0.056009989 0.060997334 0.065984678 0.074193847 0.086360831 0.098527816 0.10773825 0.10902439 0.11031053 0.11095179 0.10787025 0.10478871 0.10475303 0.1105888 0.11642457 0.11312252 0.10189381 0.090665092 0.081162826 0.074130491 0.067098156 0.064569279 0.064434622 0.064299966 0.06241541 0.059272874 0.056130338 0.052119551 0.047436468 0.042753384 0.036208468 0.029341776 0.024005334 0.025224816 0.026444298
-9999 0.066123088 0.082859231 0.078089183 0.073319136 0.068549088 0.06377904 0.061471941 0.062007401 0.056192177 0.049799276 0.043406374 0.037013473 0.034928278 0.041469514 0.048010751 0.054551987 0.061093223 0.056473261 0.05310241 0.058089754 0.06867831 0.080845294 0.093012279 0.10517926 0.1143897 0.11567584 0.11696197 0.11824811 0.11953425 0.1171584 0.11712272 0.12295849 0.11437981 0.10315109 0.091922376 0.080693661 0.071191396 0.06415906 0.063610006 0.063475349 0.063340692 0.063206036 0.06132148 0.058178944 0.055036408 0.051893873 0.04829108 0.043607996 0.03706308 0.033688724 0.034908206 0.036127688 0.03734717
-9999 0.076079322 0.071309274 0.066539226 0.061769178 0.05699913 0.052229083 0.048049808 0.041656907 0.035264005 0.028871104 0.022478203 0.016085301 0.014000107 0.020541343 0.027082579 0.033623815 0.040165051 0.046706288 0.050995788 0.063162773 0.075329757 0.087496741 0.099663726 0.11183071 0.12104114 0.12232728 0.12361342 0.12489956 0.1261857 0.12747184 0.1268658 0.11563709 0.10440837 0.09317966 0.081950945 0.07072223 0.062785389 0.062650732 0.062516076 0.062381419 0.062246762 0.062112106 0.06022755 0.057085014 0.053942479 0.050799943 0.047657407 0.044462608 0.043372114 0.044591596 0.045811078 0.04703056 0.048250042
-9999 0.071168134 0.066398086 0.061628039 0.056857991 0.052087943 0.047511112 0.042160631 0.03576773 0.029374828 0.022981927 0.016589026 0.014902567 0.013924061 0.0072837879 0.013825024 0.02036626 0.026907496 0.033448733 0.041691111 0.053858095 0.06602508 0.078192064 0.090359048 0.098568623 0.10339209 0.11394567 0.1152318 0.11651794 0.11780408 0.11909022 0.11610169 0.10487298 0.093644265 0.08241555 0.071186836 0.062427147 0.058619981 0.058485324 0.058350668 0.058216011 0.058081354 0.058471624 0.057968797 0.055688784 0.052546248 0.049403712 0.046261177 0.043118641 0.043695338 0.04491482 0.046134302 0.047353784 0.048557374
-9999 0.067367648 0.0625976 0.057827552 0.053057505 0.048585309 0.044138037 0.038787556 0.032394655 0.026001754 0.019608852 0.021186382 0.024862187 0.02388368 0.013584649 0.003285618 0.0083920395 0.014933276 0.021474512 0.02971689 0.041883874 0.054050859 0.066217843 0.071338513 0.073293024 0.078116494 0.090629492 0.10314249 0.10562121 0.10690735 0.10819349 0.10520497 0.093976251 0.082747536 0.071518822 0.064122067 0.057747865 0.053940698 0.053806042 0.053671385 0.053536728 0.054132917 0.054793163 0.054290336 0.052951389 0.051099442 0.047956906 0.04481437 0.041671834 0.042248531 0.043468013 0.044687495 0.045878175 0.047037784
-9999 0.063567162 0.058797114 0.054106776 0.049659505 0.045212234 0.040764963 0.035414482 0.02902158 0.023794394 0.027470198 0.031146002 0.034821806 0.0338433 0.023544269 0.013245238 0.0029462065 0.002959055 0.0095002911 0.017742669 0.029909654 0.042076638 0.044108403 0.046062914 0.048017425 0.052840895 0.065353893 0.077866892 0.09037989 0.096010624 0.097296763 0.094308237 0.083079522 0.07219119 0.065816988 0.059442785 0.053068582 0.049261416 0.049126759 0.049133963 0.049794209 0.050454455 0.051114702 0.050611874 0.049272928 0.047933981 0.046510099 0.043367563 0.040225027 0.040801725 0.042021206 0.043198976 0.044358585 0.045518194
-9999 0.059766675 0.055180973 0.050733702 0.04628643 0.041839159 0.037391888 0.032041407 0.030078209 0.033754013 0.037429817 0.041105622 0.044781426 0.043802919 0.033503888 0.023204857 0.012905826 0.002606795 -0.0024739296 0.0057684485 0.014923782 0.016878293 0.018832804 0.020787315 0.022741826 0.027565296 0.040078295 0.052591293 0.065104292 0.07761729 0.086400034 0.083411508 0.073886111 0.067511908 0.061137705 0.054763502 0.048389299 0.044582133 0.044795255 0.045455502 0.046115748 0.046775994 0.047436241 0.046933413 0.045594467 0.04425552 0.042916574 0.041577627 0.038778221 0.039354918 0.040519777 0.041679386 0.042838995 0.043998605
-9999 0.054426393 0.049979122 0.045531851 0.04108458 0.036637308 0.032190037 0.0309888 0.034664604 0.038340408 0.042016212 0.045692016 0.04936782 0.051696264 0.041397233 0.031098202 0.020799171 0.01050014 0.00020110847 -0.0063926352 -0.0044381242 -0.0024836131 -0.00052910212 0.0014254089 0.0033799199 0.0030738142 0.015400438 0.027913437 0.040426435 0.052939434 0.065452432 0.071514181 0.065139978 0.058765775 0.052391572 0.04601737 0.039643167 0.041181685 0.041841931 0.042502177 0.043162424 0.04382267 0.044482916 0.042936639 0.041597692 0.040258746 0.038919799 0.037580853 0.036241906 0.03493378 0.036093389 0.037252998 0.038412608 0.039572217
-9999 0.042978433 0.038531162 0.03408389 0.029636619 0.025384567 0.022506815 0.021147916 0.021541968 0.024574773 0.028250577 0.031926381 0.035602185 0.038276271 0.038944356 0.031934269 0.021635238 0.011336207 0.0010371756 -0.005556568 -0.003602057 -0.001647546 0.00030696503 0.002261476 -0.0050441447 -0.0097184326 -0.0047244639 0.005277145 0.017790144 0.030303142 0.042816141 0.048877889 0.042503686 0.036129483 0.029755281 0.023518262 0.025148237 0.030113045 0.039848805 0.042025528 0.042685775 0.043346021 0.044006268 0.041384272 0.036513733 0.035174786 0.03383584 0.032496893 0.031157947 0.025588446 0.021738953 0.022898562 0.024058171 0.025217781
-9999 0.031530472 0.027083201 0.02263593 0.018938856 0.016061105 0.013183353 0.011824454 0.012218506 0.012612557 0.014484942 0.018160747 0.021836551 0.024510636 0.025178722 0.025846807 0.022471305 0.012172274 0.0018732428 -0.0047205009 -0.0027659899 -0.00081147884 -0.0012733741 -0.0095548828 -0.017836392 -0.022510679 -0.017516711 -0.012522742 -0.0048461482 0.0076668503 0.020179849 0.026241597 0.019867394 0.013493192 0.009731204 0.011361179 0.012991153 0.017955962 0.027691722 0.037427482 0.042209126 0.042869372 0.043529619 0.040907623 0.035926065 0.030944507 0.028751881 0.027412934 0.026073988 0.020504486 0.01420383 0.0085441259 0.0097037352 0.010863344
-9999 0.020082512 0.015635241 0.012493146 0.009615394 0.0067376424 0.0038598908 0.0025009916 0.0028950433 0.003289095 0.0036831467 0.0043951118 0.0080709159 0.010745001 0.011413087 0.012081172 0.012749258 0.013008341 0.0027093099 -0.0038844337 -0.0019299227 -0.0057841122 -0.014065621 -0.02234713 -0.030628638 -0.035302926 -0.030308958 -0.025314989 -0.02032102 -0.014969441 -0.0024564429 0.0036053054 -0.0027688974 -0.0040558538 -0.0024258791 -0.00079590435 0.00083407037 0.0057988785 0.015534639 0.025270399 0.03500616 0.042392724 0.04305297 0.040430974 0.035449416 0.030467858 0.0254863 0.022328975 0.020990028 0.015420527 0.0091198706 0.0028192145 -0.0034814417 -0.0034910918
-9999 0.0089251864 0.0060474348 0.0031696832 0.00029193165 -0.0025858199 -0.0054635715 -0.0068224707 -0.006428419 -0.0060343673 -0.0056403156 -0.005246264 -0.0048522123 -0.0030206336 -0.002352548 -0.0016844624 -0.0010163768 -0.00034829125 0.00031979434 -0.0030483666 -0.01029485 -0.018576359 -0.026857868 -0.035139377 -0.043420885 -0.048095173 -0.043101205 -0.038107236 -0.033113267 -0.028119298 -0.02312533 -0.019030986 -0.017842912 -0.016212937 -0.014582962 -0.012952987 -0.011323013 -0.0063582045 0.0033775558 0.013113316 0.022849077 0.032584837 0.042320597 0.039954325 0.034972767 0.029991209 0.025009651 0.020028093 0.015906069 0.010336567 0.0040359112 -0.0022647449 -0.0085654011 -0.014866057
-9999 0.0060891229 0.0032113713 0.00033361972 -0.0025441319 -0.0054218835 -0.0070064123 -0.0037116671 -0.0002689347 0.00012511698 0.00051916866 0.00091322034 0.001307272 0.00015453248 -0.0021031058 -0.0014350202 -0.00076693457 -9.8848979e-05 0.00056923661 -0.001468901 -0.0097504097 -0.018031918 -0.026313427 -0.034594936 -0.041871335 -0.045163973 -0.045558511 -0.040564542 -0.035570574 -0.030576605 -0.025582636 -0.021737698 -0.020107723 -0.018477748 -0.016847774 -0.015217799 -0.012357642 -0.013541739 -0.013701814 -0.0039660536 0.0057697068 0.015505467 0.025241228 0.030284592 0.027296787 0.022315229 0.017333671 0.012352113 0.0073705548 0.015909207 0.0098388049 0.0035381488 -0.0027625074 -0.0090631636
-9999 0.0060741104 0.0031963588 0.00031860716 -0.0025591444 -0.0030217782 -0.0027267287 0.0005680165 0.0073247959 0.013017374 0.013411426 0.013805477 0.014199529 0.013046789 0.0087965115 0.0049088905 0.0055769761 0.0062450616 0.0069131472 0.0048750097 -0.0034064991 -0.011688008 -0.019969517 -0.0255773 -0.028823875 -0.032116513 -0.035532613 -0.038527691 -0.033533722 -0.028539754 -0.023545785 -0.019700847 -0.018070872 -0.016440897 -0.014810923 -0.010776187 -0.0053476598 -0.0065317561 -0.017176149 -0.023185884 -0.013450124 -0.0037143633 0.0060213971 0.011064762 0.012734823 0.011508614 0.0065270561 0.001545498 -0.0034360602 0.0051025921 0.015977904 0.0140752 0.0077745438 0.0014738876
-9999 0.0060590978 0.0031813462 0.00066780649 0.00096285595 0.0012579054 0.0015529549 0.0048477001 0.011604479 0.018361259 0.025118038 0.026697734 0.027091786 0.025939046 0.021688769 0.017438491 0.013188213 0.012588972 0.013257058 0.01121892 0.0029374115 -0.0053440972 -0.0092832656 -0.01252984 -0.015776414 -0.019069052 -0.022485153 -0.025901253 -0.029317354 -0.026502903 -0.021508934 -0.017663995 -0.016034021 -0.014404046 -0.009194732 -0.0037662046 0.0016623228 0.00047822651 -0.010166166 -0.020810558 -0.031454951 -0.022934194 -0.013198433 -0.0081550686 -0.0064850074 -0.0048149461 -0.0042795589 -0.009261117 -0.014242675 -0.0057040228 0.0051712892 0.016046601 0.018311595 0.012010939
-9999 0.0060440852 0.0046524406 0.0049474901 0.0052425395 0.005537589 0.0058326384 0.0091273836 0.015884163 0.022640942 0.029397722 0.036154501 0.039984043 0.038831303 0.034581026 0.030330748 0.02608047 0.021830192 0.019600968 0.017562831 0.010257343 0.0070107691 0.0037641948 0.00051762052 -0.0027289538 -0.0060215918 -0.0094376924 -0.012853793 -0.016269893 -0.019685994 -0.019472083 -0.015627144 -0.013041804 -0.0076132768 -0.0021847494 0.003243778 0.0086723055 0.0074882091 -0.0031561833 -0.013800576 -0.024444968 -0.035089361 -0.032418264 -0.027374899 -0.025704838 -0.024034777 -0.022364715 -0.020694654 -0.02504929 -0.016510638 -0.0056353258 0.0052399863 0.016115298 0.02254799
-9999 0.0069280573 0.0072231068 0.0075181562 0.0078132057 0.0081082552 0.0084033046 0.010728459 0.017485238 0.024242017 0.030998797 0.037755576 0.044512355 0.049696976 0.045446698 0.04119642 0.036946142 0.032695864 0.028445586 0.024498813 0.021252239 0.018005664 0.01475909 0.011512516 0.0082659414 0.0070121577 0.0035960571 0.00017995658 -0.003236144 -0.0066522445 -0.010068345 -0.01046341 -0.0050348825 0.00039364489 0.0058221723 0.0112507 0.016679227 0.012936261 0.0022918688 -0.0083525236 -0.018996916 -0.029641309 -0.040285701 -0.043748893 -0.042078831 -0.04040877 -0.038738709 -0.037068648 -0.035398586 -0.025879755 -0.015004443 -0.0041291309 0.0067461812 0.017621493
-9999 0.00099831675 0.0012933662 0.0015884157 0.0018834651 0.0019884814 -0.0019955833 -0.00099348109 0.0057632983 0.012520078 0.019276857 0.026033636 0.034416942 0.041221412 0.04455471 0.041982151 0.037731873 0.033481595 0.029231317 0.025284544 0.022037969 0.018791395 0.015544821 0.012298247 0.0086213228 0.007621068 0.014037934 0.01314551 0.0097294097 0.0063133091 0.0028972086 0.0025021436 0.0079306711 0.013359199 0.018787726 0.024216253 0.018671876 0.010615496 -2.8896388e-05 -0.010673289 -0.021317681 -0.031551183 -0.037318089 -0.041599033 -0.044298041 -0.04262798 -0.040957918 -0.039287857 -0.037617796 -0.028098965 -0.017223653 -0.0063483405 0.0045269715 0.001699411
-9999 -0.0049314238 -0.0046363744 -0.0043413249 -0.0057493935 -0.0097334582 -0.013717523 -0.012715421 -0.0059586413 0.00079813806 0.008030161 0.016568002 0.025105843 0.031910313 0.035243611 0.038576909 0.038517604 0.034267326 0.030017048 0.026070275 0.0228237 0.019577126 0.016248542 0.012480963 0.0087133851 0.0077131303 0.014129996 0.020546863 0.022694963 0.019278863 0.015862762 0.015467697 0.020896225 0.026324752 0.028845898 0.022598504 0.016351111 0.0082947309 -0.0023496616 -0.012994054 -0.021827584 -0.02759449 -0.033361396 -0.03764234 -0.040855043 -0.044067747 -0.043177128 -0.041507067 -0.039837006 -0.030318174 -0.019442862 -0.0085675502 -0.016323303 -0.02575812
-9999 -0.010861164 -0.010566115 -0.013487268 -0.017471333 -0.021455398 -0.025439463 -0.02443736 -0.017680581 -0.0098187788 -0.001280938 0.0072569028 0.015794744 0.022599214 0.025932512 0.02926581 0.032599108 0.035053057 0.030802779 0.026856006 0.023609431 0.020108182 0.016340604 0.012573026 0.0088054474 0.0078051926 0.014222059 0.020638925 0.027055791 0.032244416 0.028828316 0.028433251 0.033861778 0.032772526 0.026525132 0.020277739 0.014030346 0.0059739656 -0.0046704268 -0.012103985 -0.017870891 -0.023637798 -0.029404704 -0.033685647 -0.036898351 -0.040111054 -0.043323758 -0.043726277 -0.042056215 -0.032537384 -0.024911201 -0.034346018 -0.043780835 -0.053215652
-9999 -0.017241078 -0.021225143 -0.025209208 -0.029193273 -0.033177337 -0.037161402 -0.0361593 -0.027667719 -0.019129878 -0.010592037 -0.0020541962 0.0064836446 0.013288115 0.016621413 0.019954711 0.023288009 0.026621306 0.029954604 0.027641737 0.023967823 0.020200244 0.016432666 0.012665088 0.0088975097 0.0078972549 0.014314121 0.020730987 0.027147853 0.033564719 0.039981586 0.041398805 0.036699154 0.03045176 0.024204367 0.017956974 0.011709581 0.0036532004 -0.0023803862 -0.0081472924 -0.013914199 -0.019681105 -0.025448011 -0.029728954 -0.032941658 -0.036154361 -0.039367065 -0.042579768 -0.044275425 -0.042933916 -0.052368733 -0.061803549 -0.071238366 -0.080673183
-9999 -0.025191073 -0.029175137 -0.033159202 -0.037143267 -0.041127332 -0.045292236 -0.050081394 -0.04726229 -0.038724449 -0.030186608 -0.021648767 -0.013110927 -0.0056695898 -0.0013122994 0.0020209983 0.005354296 0.0086875938 0.012020892 0.013206991 0.0094394126 0.0056718343 0.0019042561 -0.0018633222 -0.0049185462 -0.0043978965 -0.0026482565 0.0037686097 0.010185476 0.016602342 0.023019208 0.025110377 0.018862984 0.012615591 0.0063681976 0.0001208043 -0.0047163765 -0.0087648305 -0.015702807 -0.021469713 -0.02723662 -0.033003526 -0.038770432 -0.03683177 -0.037442891 -0.040655595 -0.043868298 -0.047081002 -0.050293705 -0.054009086 -0.063443903 -0.07287872 -0.082313537 -0.091748354
