P1_models/J1_p1_vp_slide_diff_300.dat.tif
NCOLS 118
NROWS 92
XLLCORNER 139.62
YLLCORNER -39.07
DX 0.099491525
DY 0.099347826
NODATA_VALUE -9999
[rows 54 to 80 of 92, columns 0 to 59 of 118]
-9999 8.5557985 8.5689808 8.5821631 8.5953454 8.6059099 8.6162554 8.6228893 8.6252394 8.6275895 8.6299396 8.614571 8.5945378 8.5852369 8.5974281 8.6096193 8.6083133 8.6057503 8.6031872 8.6012417 8.6007211 8.6002004 8.5996797 8.5901518 8.5765767 8.5707632 8.5857529 8.6007426 8.5998617 8.5970947 8.5943277 8.5900832 8.5829908 8.5758984 8.568806 8.5563263 8.5424089 8.5270221 8.5095331 8.492044 8.4745549 8.464432 8.4549548 8.4651401 8.4894605 8.5140248 8.5392026 8.5643805 8.5895583 8.5816152 8.5679479 8.5542806 8.5468107 8.5460263 8.5427857 8.5310372 8.5192887 8.5075401 8.488285 8.4677304
-9999 8.568318 8.5815003 8.5939821 8.6043276 8.6146731 8.6250185 8.6316524 8.6340025 8.6337612 8.613728 8.5936948 8.5736616 8.5643607 8.5765519 8.5887431 8.6009343 8.604091 8.6015279 8.5995824 8.5990617 8.5985411 8.5850647 8.5714896 8.5579145 8.552101 8.5670906 8.5820803 8.59707 8.6011744 8.5984074 8.594163 8.5870706 8.5794996 8.5655823 8.5516649 8.5377476 8.5223608 8.5048717 8.4888125 8.4793352 8.4698579 8.4603807 8.470566 8.4948864 8.5192069 8.5435677 8.5687455 8.5939233 8.5859802 8.5723129 8.567621 8.5668366 8.5660522 8.5628116 8.5510631 8.5387152 8.5181606 8.497606 8.4770514
-9999 8.5808376 8.5923997 8.6027452 8.6130907 8.6234362 8.6337817 8.6404155 8.6329181 8.612885 8.5928518 8.5728186 8.5527854 8.5434845 8.5556757 8.5678669 8.5800581 8.5922493 8.5998686 8.5979231 8.5935527 8.5799775 8.5664024 8.5528273 8.5392522 8.5334387 8.5484284 8.563418 8.5784077 8.5933973 8.6024871 8.5982427 8.5887556 8.5748383 8.5609209 8.5470036 8.5330862 8.5176994 8.5037156 8.4942384 8.4847611 8.4752838 8.4658066 8.4759919 8.5003123 8.5246328 8.5489532 8.5732737 8.5982884 8.5903453 8.5884313 8.5876469 8.5868625 8.5860781 8.5828376 8.5685908 8.5480362 8.5274816 8.506927 8.4863724
-9999 8.5858428 8.5961883 8.6065338 8.6168793 8.6272248 8.6375702 8.6360808 8.6160477 8.5960145 8.5759813 8.5559481 8.5359149 8.5198476 8.5320388 8.54423 8.5564212 8.5686124 8.5808036 8.5852034 8.5716283 8.5580532 8.5444781 8.530903 8.5173278 8.5181841 8.5333802 8.5483698 8.5633595 8.5783492 8.5933388 8.5984548 8.5845374 8.5706201 8.5567027 8.5427854 8.5288681 8.5224089 8.5129317 8.5034544 8.4939772 8.4844999 8.4750227 8.4789342 8.5032546 8.5275751 8.5518955 8.576216 8.6005364 8.6053669 8.6045825 8.6037981 8.6030138 8.6022294 8.5976377 8.5772424 8.5566878 8.5361332 8.5155786 8.495024
-9999 8.572641 8.5829865 8.593332 8.6036775 8.6135775 8.6203418 8.6197625 8.6107076 8.5928254 8.5727922 8.552759 8.5327258 8.5159513 8.5057025 8.5111642 8.5233554 8.5355466 8.5477378 8.5521376 8.5385625 8.5249874 8.5114122 8.4978371 8.4974859 8.5045801 8.527895 8.5456654 8.560655 8.5756447 8.5906343 8.5957503 8.581833 8.5679156 8.5539983 8.5403917 8.5446083 8.5435505 8.5349469 8.5256156 8.5161384 8.5066611 8.4971838 8.4946276 8.4977143 8.5220348 8.5463552 8.5706757 8.5949961 8.6037143 8.6074998 8.6067154 8.605931 8.6051467 8.6005549 8.5827751 8.5630531 8.5424985 8.5219439 8.5013893
-9999 8.5594392 8.5697847 8.5801302 8.588764 8.5955282 8.6022925 8.6017132 8.5926583 8.5836034 8.5696031 8.54957 8.5295368 8.5127623 8.5025135 8.4922647 8.4902895 8.5024807 8.5146719 8.5190718 8.5054967 8.4919215 8.4817971 8.4828395 8.4838818 8.4909761 8.514291 8.5376059 8.5579506 8.5729402 8.5879299 8.5930459 8.5791285 8.5652112 8.5572119 8.5614285 8.5656451 8.5645873 8.5559837 8.5473801 8.5382995 8.5288223 8.519345 8.5167888 8.519208 8.5216272 8.5408149 8.5651354 8.5894558 8.598174 8.6041957 8.6096327 8.6088483 8.608064 8.6034722 8.5856924 8.5679125 8.5488638 8.5283092 8.5077546
-9999 8.5462375 8.556583 8.5639504 8.5707147 8.577479 8.5842432 8.5836639 8.574609 8.5655541 8.5564993 8.5463809 8.5263477 8.5095732 8.4993244 8.4890756 8.4788268 8.4694149 8.4816061 8.486006 8.4724308 8.4671508 8.4681931 8.4692355 8.4702778 8.4773721 8.500687 8.5240019 8.5473168 8.5702357 8.5852254 8.5903414 8.576424 8.5740321 8.5782487 8.5824653 8.5866819 8.5856241 8.5770205 8.5684168 8.5598132 8.5509835 8.5415062 8.53895 8.5413692 8.5437884 8.5462076 8.5595951 8.5839155 8.5926337 8.5986554 8.6046772 8.6106989 8.6109812 8.6063895 8.5886097 8.5708298 8.55305 8.5346746 8.51412
-9999 8.5323725 8.5391368 8.5459011 8.5526654 8.5594297 8.5661939 8.5656146 8.5565597 8.5475048 8.53845 8.5293951 8.5203402 8.5063841 8.4961353 8.4858866 8.4756378 8.465389 8.4551402 8.4529401 8.4525044 8.4535468 8.4545891 8.4556314 8.4566738 8.463768 8.4870829 8.5103978 8.5337128 8.5570277 8.5803426 8.5876369 8.5908524 8.5950689 8.5992855 8.6035021 8.6077187 8.6066609 8.5980573 8.5894536 8.58085 8.5722464 8.5636428 8.5611112 8.5635304 8.5659496 8.5683688 8.570788 8.5783752 8.5870934 8.5931152 8.5991369 8.6051586 8.6111803 8.6093068 8.591527 8.5737471 8.5559673 8.5381874 8.5204076
-9999 8.5403116 8.5470759 8.5538402 8.5606045 8.5673687 8.5702561 8.5631836 8.5526867 8.5436319 8.534577 8.5255221 8.5164673 8.5152078 8.5195926 8.5093438 8.499095 8.4888462 8.4785974 8.4717629 8.4728052 8.4738476 8.4748899 8.4759323 8.4774976 8.4749646 8.4710789 8.4943938 8.5177087 8.5410237 8.5643386 8.5811301 8.5853467 8.5895633 8.5937799 8.5979965 8.6052277 8.6070508 8.595381 8.5867774 8.5781738 8.5695702 8.5609666 8.5644503 8.5697932 8.5722124 8.5746316 8.5770509 8.5794701 8.5697452 8.5755277 8.5815494 8.5875712 8.5935929 8.601863 8.6058081 8.5880283 8.5702484 8.5524686 8.5346887
-9999 8.5595518 8.566316 8.5730803 8.5798446 8.5793686 8.5766212 8.5695487 8.5574844 8.5459235 8.5368686 8.5278138 8.5187589 8.5174994 8.5318508 8.5443882 8.5341394 8.5238906 8.5136418 8.5068073 8.5078496 8.508892 8.5099343 8.5123679 8.5160302 8.5134972 8.494359 8.4773462 8.5006611 8.523976 8.5472909 8.5640825 8.5682991 8.5725156 8.5767322 8.5868418 8.6003669 8.60219 8.5872718 8.5737896 8.5651859 8.5565823 8.5479787 8.5514625 8.5636357 8.5715618 8.573981 8.5764002 8.5788194 8.5690946 8.5572709 8.5587233 8.564745 8.5707667 8.5790368 8.5950951 8.607251 8.5894711 8.5716913 8.5539114
-9999 8.5787919 8.5855562 8.5912286 8.5884812 8.5857337 8.5829863 8.5759138 8.5638495 8.5517853 8.539721 8.5301054 8.5210505 8.5197911 8.5341424 8.5484937 8.562845 8.558935 8.5486862 8.5418517 8.542894 8.5439364 8.5472383 8.5509005 8.5545628 8.5520298 8.5328916 8.5137535 8.4946154 8.5069284 8.5302433 8.5470348 8.5512514 8.555468 8.5684559 8.581981 8.5955062 8.5973293 8.582411 8.5674928 8.5525746 8.5435945 8.5349909 8.5384746 8.5506479 8.5628211 8.5733304 8.5757496 8.5781688 8.568444 8.5566203 8.5447966 8.5419188 8.5479406 8.5562107 8.572269 8.5883273 8.6043856 8.590914 8.5731341
-9999 8.598032 8.6003411 8.5975937 8.5948463 8.5920988 8.5893514 8.5822789 8.5702146 8.5581504 8.5460861 8.5340219 8.5233421 8.5220827 8.536434 8.5507853 8.5651366 8.579488 8.5837306 8.5768961 8.5784463 8.5821086 8.5857709 8.5894332 8.5930954 8.5905624 8.5714243 8.5522861 8.533148 8.5140099 8.5131956 8.5299872 8.5365449 8.5500701 8.5635952 8.5771203 8.5906454 8.5924685 8.5775503 8.562632 8.5477138 8.5327956 8.522003 8.5254868 8.53766 8.5498332 8.5620064 8.5741797 8.5775182 8.5677934 8.5559697 8.544146 8.5323223 8.5251144 8.5333845 8.5494428 8.5655011 8.5815594 8.5976177 8.5923568
-9999 8.6074297 8.6046822 8.6019348 8.5991874 8.5964399 8.5936925 8.5879688 8.5759046 8.5638403 8.5517761 8.5397118 8.5276476 8.5202338 8.5345851 8.5489364 8.5632877 8.5776391 8.5919904 8.6031095 8.6067718 8.6104341 8.6140963 8.6177586 8.6214209 8.6202572 8.601119 8.5819809 8.5628428 8.5437047 8.5245666 8.5165851 8.5301102 8.5436354 8.5571605 8.5706856 8.5842107 8.5906415 8.5757232 8.560805 8.5458868 8.5309685 8.5160503 8.5156782 8.5278514 8.5400246 8.5521979 8.5643711 8.5765443 8.5682568 8.5564331 8.5446094 8.5327858 8.5209621 8.515045 8.5311033 8.5471616 8.5632199 8.5792782 8.5953365
-9999 8.6017037 8.5989563 8.5962088 8.5934614 8.5909783 8.5941838 8.5903006 8.5782364 8.5661721 8.5541079 8.5420436 8.5270266 8.5165009 8.5155312 8.5264931 8.5408444 8.5551957 8.569547 8.5806662 8.5843284 8.5879907 8.591653 8.5953153 8.5985874 8.5975385 8.5851289 8.5677177 8.5485795 8.5294414 8.5103033 8.5023219 8.515847 8.5293721 8.5428972 8.5564223 8.589706 8.6039038 8.5889855 8.5740673 8.559149 8.5433742 8.5182872 8.5175586 8.533856 8.5460292 8.5582024 8.5703757 8.5825489 8.5742614 8.5624377 8.550614 8.5387903 8.5258656 8.5190216 8.5350799 8.5511382 8.5671965 8.5831599 8.5971589
-9999 8.5959777 8.5932303 8.5904829 8.5901047 8.5933101 8.5965156 8.5926324 8.5805682 8.5685039 8.5555769 8.5402794 8.5249818 8.5144561 8.5134864 8.5125167 8.5184011 8.5327524 8.5471037 8.5582228 8.5618851 8.5655474 8.5691353 8.5723252 8.575515 8.5744662 8.5620566 8.5496469 8.5343163 8.5151782 8.49604 8.4880586 8.5015837 8.5151088 8.5338692 8.5684187 8.6029682 8.617166 8.6022478 8.5873295 8.568636 8.543549 8.518462 8.5177334 8.5345157 8.551298 8.564207 8.5763802 8.5885535 8.580266 8.5684423 8.5566186 8.5432978 8.5298421 8.5229982 8.5390565 8.5551147 8.5705785 8.5845775 8.5985765
-9999 8.5902518 8.5875043 8.5892311 8.5924365 8.5956419 8.5988474 8.5949642 8.5829 8.5688297 8.5535321 8.5382346 8.522937 8.5124114 8.5114416 8.5104719 8.5095022 8.510309 8.5246604 8.5357795 8.5394418 8.5428731 8.546063 8.5492529 8.5524427 8.5513939 8.5389842 8.5265746 8.514165 8.5009149 8.4817768 8.4737954 8.4873205 8.5125819 8.5471314 8.581681 8.6162305 8.6304283 8.6155101 8.5938978 8.5688108 8.5437239 8.5186369 8.5179083 8.5346906 8.5514729 8.5682552 8.5823848 8.5945581 8.5862705 8.5741858 8.5607301 8.5472744 8.5338187 8.5269747 8.543033 8.5579971 8.5719961 8.5859951 8.5999941
-9999 8.5851521 8.5883575 8.5915629 8.5947683 8.5979737 8.6011792 8.597296 8.5820825 8.5667849 8.5514873 8.5361898 8.5208922 8.5103666 8.5093968 8.5084271 8.5074574 8.5064877 8.505518 8.5133361 8.5166109 8.5198008 8.5229907 8.5261805 8.5293704 8.5283216 8.5159119 8.5035023 8.4910927 8.478683 8.4662734 8.4595321 8.4912947 8.5258442 8.5603937 8.5949432 8.6294928 8.6436906 8.6191596 8.5940726 8.5689857 8.5438987 8.5188118 8.5180831 8.5348654 8.5516477 8.56843 8.5852123 8.6005626 8.591618 8.5781623 8.5647066 8.551251 8.5377953 8.5309513 8.5454157 8.5594147 8.5734137 8.5874127 8.6014116
-9999 8.586866 8.5900714 8.5932768 8.5964822 8.5996877 8.5944707 8.5938624 8.5945967 8.5792991 8.5640016 8.548704 8.5334065 8.519013 8.5118245 8.5108548 8.5098851 8.5089154 8.5079457 8.5082338 8.5114236 8.5146135 8.5178033 8.5209932 8.5238926 8.5278664 8.5294533 8.5170437 8.5046341 8.4922245 8.4798148 8.4834449 8.5179944 8.552544 8.5870935 8.621643 8.6471332 8.6474145 8.6331011 8.6080142 8.5829272 8.5578403 8.5327533 8.5207189 8.5327722 8.5495545 8.5663368 8.5831191 8.5999014 8.6025686 8.5891129 8.5756572 8.5622015 8.5487458 8.5390514 8.5467942 8.5607932 8.5747922 8.5887912 8.6027902
-9999 8.5882291 8.5914345 8.5946399 8.5978453 8.5833059 8.5622568 8.5616484 8.5846315 8.6000793 8.5847818 8.5694842 8.5541866 8.5397932 8.5272104 8.5158217 8.514852 8.5138823 8.5129126 8.5132007 8.5163906 8.5195804 8.5227703 8.5249208 8.5260399 8.5300137 8.5416387 8.5513727 8.538963 8.5265534 8.5141438 8.5177739 8.5523234 8.5868729 8.6214225 8.6353456 8.6357714 8.6360527 8.6361271 8.6297718 8.6046848 8.5795979 8.5545109 8.5424766 8.5398256 8.5461735 8.5629558 8.5797381 8.5965204 8.599792 8.6007287 8.5905673 8.5771116 8.5636559 8.5539615 8.5572957 8.5621495 8.5761485 8.5901475 8.6041465
-9999 8.5895922 8.5927976 8.5931902 8.5721411 8.5510919 8.5300428 8.5294345 8.5524175 8.5754005 8.5983836 8.5902644 8.5749668 8.5605734 8.5479905 8.5354077 8.5228248 8.5188493 8.5178796 8.5181676 8.5213575 8.5245474 8.5259489 8.527068 8.5281872 8.5321609 8.5437859 8.5554109 8.5670359 8.5608824 8.5484728 8.5521028 8.5866524 8.6212019 8.6235581 8.6239839 8.6244097 8.6246909 8.6247653 8.6248398 8.6249142 8.6013555 8.5762685 8.5642342 8.5615832 8.5589322 8.5595748 8.5763571 8.5931394 8.5964111 8.5973477 8.5982843 8.5920217 8.578566 8.5688716 8.5722058 8.57554 8.5788742 8.5915038 8.6055028
-9999 8.5909553 8.5820254 8.5609762 8.5399271 8.5188779 8.4978288 8.4972205 8.5202035 8.5431865 8.5661696 8.5891526 8.595747 8.5813536 8.5687707 8.5561879 8.543605 8.5310221 8.5228465 8.5231346 8.525858 8.5269771 8.5280962 8.5292153 8.5303344 8.5343082 8.5459332 8.5575582 8.5691832 8.5808082 8.5828017 8.5864318 8.6113447 8.6117705 8.6121963 8.6126221 8.6130479 8.6133291 8.6134036 8.613478 8.6135525 8.6136269 8.5980262 8.5859918 8.5833408 8.5806898 8.5780388 8.5753878 8.5897584 8.5930301 8.5939667 8.5949034 8.59584 8.5934761 8.5837816 8.5871158 8.5904501 8.5937843 8.5971185 8.6068591
-9999 8.5788598 8.5578106 8.5367615 8.5157123 8.4946632 8.4736141 8.4647377 8.4877207 8.5107037 8.5336868 8.5566698 8.5796528 8.5976322 8.5850493 8.5724665 8.5598836 8.5473007 8.5347179 8.5262783 8.5273974 8.5285165 8.5296356 8.5307548 8.5318739 8.5384688 8.5500592 8.5616842 8.5733092 8.5849342 8.5965592 8.6043589 8.6047847 8.6052105 8.6056363 8.6060621 8.6064879 8.5998554 8.5999298 8.6000043 8.6000787 8.6001532 8.6002276 8.5991704 8.5965194 8.5938684 8.5912174 8.5885664 8.5859154 8.5911858 8.5921225 8.5930591 8.5939957 8.5949324 8.5950317 8.598111 8.6014452 8.6047794 8.6081136 8.6114478
-9999 8.584925 8.5638758 8.5428267 8.5217775 8.5013926 8.4851612 8.4716299 8.4612149 8.4772034 8.5001865 8.5231695 8.5461525 8.565298 8.5767584 8.5717051 8.5591222 8.5465394 8.5339565 8.5255169 8.526636 8.5277552 8.5288743 8.5299934 8.5433155 8.5558093 8.5631592 8.5733004 8.5849254 8.5965504 8.6081754 8.6159751 8.6164009 8.6168267 8.6172525 8.6175028 8.6121175 8.6010696 8.5819205 8.5785361 8.5786106 8.578685 8.5787595 8.5782253 8.5772236 8.5745726 8.5719216 8.5692706 8.5666195 8.5826384 8.5960952 8.5970319 8.5979685 8.5989052 8.5990045 8.5962037 8.597621 8.6009552 8.6042894 8.6076236
-9999 8.5909902 8.569941 8.5488919 8.5303587 8.5141272 8.4978958 8.4843644 8.4739495 8.4635345 8.4666862 8.4896692 8.5126522 8.5317977 8.5432581 8.5547185 8.5583609 8.545778 8.5331952 8.5247556 8.5258747 8.5269938 8.5318299 8.5462429 8.5606559 8.5731498 8.5804997 8.5878495 8.5965417 8.6081667 8.6197917 8.6275914 8.6280172 8.628443 8.6267235 8.6213381 8.6159528 8.6049048 8.5857558 8.5666068 8.5571424 8.5572169 8.5572913 8.5567571 8.5557854 8.5548137 8.5526257 8.5499747 8.5473237 8.5633426 8.5825882 8.6010047 8.6019413 8.602878 8.6029773 8.6001765 8.5973756 8.597131 8.6004652 8.6037994
-9999 8.5970553 8.5760062 8.5593248 8.5430933 8.5268618 8.5106303 8.497099 8.4866841 8.4762691 8.4658541 8.4561689 8.4791519 8.4982973 8.5097578 8.5212182 8.5326786 8.5441391 8.5324338 8.5239942 8.5251133 8.5347574 8.5491704 8.5635834 8.5779964 8.5904902 8.5978401 8.60519 8.6125399 8.6198898 8.6314079 8.6392076 8.6396334 8.6359441 8.6305588 8.6251734 8.619788 8.6087401 8.5895911 8.5704421 8.551293 8.5357487 8.5358231 8.535289 8.5343173 8.5333456 8.5323739 8.5306789 8.5280279 8.5440468 8.5632923 8.5825379 8.6017835 8.6068507 8.6069501 8.6041492 8.6013484 8.5985475 8.596641 8.5999752
-9999 8.6045223 8.5882908 8.5720593 8.5558279 8.5395964 8.5233649 8.5098336 8.4994186 8.4890037 8.4785887 8.4681737 8.4577588 8.464797 8.4762575 8.4877179 8.4991783 8.5106387 8.5220992 8.5232719 8.5376849 8.5520979 8.5665109 8.5809239 8.5953369 8.6078307 8.6151806 8.6225305 8.6298804 8.6372303 8.6445802 8.6505501 8.6451648 8.6397794 8.634394 8.6290087 8.6236233 8.6125754 8.5934264 8.5742773 8.5551283 8.5359793 8.5168302 8.5138208 8.5128491 8.5118774 8.5109057 8.509934 8.508732 8.5247509 8.5439965 8.5632421 8.5824877 8.6017332 8.6109229 8.608122 8.6053212 8.6025203 8.5997194 8.5969186
-9999 8.5763734 8.560142 8.5439105 8.527679 8.5114475 8.5201023 8.5317913 8.5238584 8.5134434 8.5030285 8.4926135 8.4821985 8.4762366 8.4812853 8.4927457 8.5042061 8.5156666 8.527127 8.5394802 8.5538932 8.5683062 8.5827192 8.5971323 8.5990843 8.592557 8.6183372 8.6256871 8.633037 8.6403869 8.6477368 8.6507368 8.6453514 8.6399661 8.6345807 8.6291953 8.6235445 8.6195693 8.6119156 8.5927666 8.5736176 8.5544685 8.5353195 8.5213556 8.5162073 8.5152356 8.5142639 8.5132922 8.5123205 8.521753 8.5397016 8.5589471 8.5781927 8.5974383 8.608305 8.5933665 8.5905656 8.5877647 8.5849639 8.582163
