P1_models/J1_p1_vp_slide_diff2_200.dat.tif
NCOLS 118
NROWS 92
XLLCORNER 139.62
YLLCORNER -39.07
DX 0.099491525
DY 0.099347826
NODATA_VALUE -9999
[rows 48 to 71 of 92, columns 0 to 53 of 118]
-9999 0.071562239 0.067817769 0.064073299 0.06032883 0.05658436 0.052839891 0.055358606 0.061942988 0.06852737 0.075111752 0.081696133 0.088280515 0.091043107 0.087468616 0.083185009 0.078901401 0.074617794 0.070334186 0.064926011 0.05692341 0.048920809 0.040918208 0.032915607 0.024913006 0.023297818 0.02856068 0.034573678 0.040586676 0.046599674 0.052612672 0.057008883 0.058288445 0.059568007 0.06084757 0.062127132 0.063406694 0.059069116 0.058095642 0.057122169 0.056148696 0.055175223 0.054244553 0.055441084 0.046979592 0.038518099 0.030056607 0.021595115 0.013133622 0.005266629 -0.0024976186 -0.010261866 -0.018026114 -0.025790361
-9999 0.062444757 0.058700288 0.054955818 0.051211349 0.048423492 0.047487619 0.050042835 0.056627217 0.063211599 0.069795981 0.075777105 0.079480963 0.081828265 0.081458985 0.079181733 0.074898125 0.070614518 0.06633091 0.060922735 0.052920134 0.044917533 0.036914932 0.029699687 0.028407292 0.028228561 0.031034727 0.035305982 0.04131898 0.047331978 0.053344976 0.057741187 0.059020749 0.060300311 0.061579873 0.060760596 0.052764345 0.047657362 0.046683889 0.045710416 0.044736943 0.043962104 0.043531546 0.045930851 0.050364507 0.044115356 0.035653864 0.027192371 0.018730879 0.010863886 0.003099638 -0.0046646096 -0.012428857 -0.017196891
-9999 0.053327276 0.049582807 0.045838337 0.044043593 0.043107721 0.042171848 0.044727064 0.051311446 0.057895828 0.062858406 0.066562263 0.070266121 0.072613423 0.072244143 0.071874864 0.07089485 0.066611242 0.062327634 0.056919459 0.048916858 0.040914257 0.035922825 0.03463043 0.033338035 0.033159304 0.03596547 0.038771637 0.042051284 0.048064282 0.05407728 0.058473491 0.059753053 0.061032615 0.057345095 0.049348843 0.041352591 0.036245608 0.035272135 0.034298662 0.033679655 0.033249097 0.032818539 0.035217843 0.0396515 0.044085157 0.04125112 0.032789628 0.024328135 0.016461142 0.0086968945 0.0015316479 -0.0030673478 -0.0076663436
-9999 0.044209795 0.040599568 0.039663695 0.038727822 0.03779195 0.036856077 0.039411293 0.045995675 0.049939707 0.053643564 0.057347421 0.061051279 0.063398581 0.063029301 0.062660022 0.062290742 0.061921463 0.058324358 0.052916183 0.044913582 0.042145962 0.040853568 0.039561173 0.038268778 0.038090047 0.040896213 0.04370238 0.046508547 0.049314714 0.054809583 0.059205795 0.060485357 0.053929593 0.045933341 0.037937089 0.029940837 0.024833855 0.023860382 0.023397206 0.022966648 0.02253609 0.022105532 0.024504836 0.028938493 0.033372149 0.037805806 0.038386884 0.029925392 0.022058399 0.015661191 0.011062195 0.0064631995 0.0018642037
-9999 0.036219669 0.035283797 0.034347924 0.033412051 0.032476178 0.031540306 0.03331715 0.037021007 0.040724864 0.044428722 0.048132579 0.051836437 0.054183739 0.053814459 0.05344518 0.0530759 0.052706621 0.052337342 0.049661495 0.0483691 0.047076705 0.045784311 0.044491916 0.043199521 0.04302079 0.045826956 0.048633123 0.05143929 0.054245457 0.057051624 0.058510343 0.050514091 0.042517839 0.034521588 0.026525336 0.018529084 0.013545315 0.013114757 0.012684199 0.012253641 0.011823083 0.011392524 0.013791829 0.018225485 0.022659142 0.027092799 0.031526455 0.035522648 0.029790734 0.025191738 0.020592743 0.015993747 0.011394751
-9999 0.02492521 0.023989337 0.023053464 0.022117592 0.021181719 0.02784808 0.035870349 0.039574206 0.043278063 0.046981921 0.050685778 0.047454736 0.041316706 0.044260391 0.043891112 0.043521832 0.043152553 0.042783274 0.042134858 0.040842463 0.039550068 0.038257673 0.036965278 0.037125587 0.039709638 0.042614775 0.045420942 0.048227109 0.051033276 0.053839443 0.052955856 0.044959605 0.036963353 0.028967101 0.020970849 0.015415492 0.013356615 0.012926057 0.012495499 0.012064941 0.011634382 0.0098358883 0.010036249 0.013374494 0.01780815 0.022241807 0.026675463 0.03110912 0.027841171 0.023242175 0.018643179 0.014044184 0.011196409
-9999 0.012630485 0.011694612 0.010758739 0.0098228663 0.020606158 0.032370134 0.040392402 0.04409626 0.047800117 0.051503975 0.043463476 0.032331189 0.02619316 0.030056416 0.033919671 0.03391101 0.033541731 0.033172451 0.032524036 0.031231641 0.029939246 0.028646851 0.029941049 0.032397495 0.034981545 0.037907608 0.04083367 0.043652573 0.04645874 0.049264907 0.048381321 0.040385069 0.032388817 0.024392565 0.020184614 0.016987563 0.014928686 0.014498128 0.01406757 0.013637012 0.011301904 0.0087998633 0.009000224 0.011143306 0.013937905 0.018371561 0.022805218 0.027238874 0.023970925 0.019371929 0.014772934 0.013347882 0.015346773
-9999 0.00033575907 -0.00060011367 0.0016002604 0.013364236 0.025128212 0.036892188 0.044914456 0.048618314 0.050604501 0.039472215 0.028339929 0.017207643 0.011069613 0.014932869 0.018796125 0.022659381 0.023930908 0.023561629 0.022913213 0.021620818 0.020328423 0.022756511 0.025212956 0.027669402 0.030253452 0.033179515 0.036105578 0.03903164 0.041884205 0.044690372 0.043806786 0.035810534 0.028150786 0.024953736 0.021756685 0.018559635 0.016500758 0.0160702 0.015269959 0.012767919 0.010265879 0.0077638382 0.0079641989 0.010107281 0.012250364 0.014501315 0.018934972 0.023368629 0.02010068 0.015501684 0.015499354 0.017498245 0.019497136
-9999 -0.011958966 -0.0056416615 0.0061223143 0.01788629 0.029650266 0.041414242 0.04943651 0.046613241 0.035480954 0.024348668 0.013216382 0.0020840958 -0.004053934 -0.00019067807 0.0036725779 0.0075358338 0.01139909 0.013950807 0.013302391 0.013115526 0.015571972 0.018028418 0.020484864 0.022941309 0.02552536 0.028451422 0.031377485 0.034303548 0.03722961 0.040115836 0.03923225 0.032919908 0.029722858 0.026525807 0.023328757 0.020131706 0.018072829 0.016735975 0.014233934 0.011731894 0.0092298535 0.0067278132 0.0069281739 0.0090712563 0.011214339 0.013357421 0.015500503 0.019498383 0.016230434 0.017650826 0.019649717 0.021648608 0.0236475
-9999 -0.012058275 -0.00029429896 0.011469677 0.023233653 0.034997629 0.046761604 0.048355466 0.03722318 0.026090893 0.014958607 0.0038263211 -0.0073059651 -0.014577495 -0.010714239 -0.0068509831 -0.0029877271 0.00087552881 0.0047387847 0.0081766424 0.010633088 0.013089534 0.01554598 0.018002425 0.020458871 0.02173476 0.024726734 0.027652797 0.030578859 0.033504922 0.036430985 0.037265592 0.034068542 0.030871491 0.02767444 0.02447739 0.021280339 0.017437276 0.014935235 0.012433195 0.0099311547 0.0074291143 0.004927074 0.0063628847 0.0085059671 0.010649049 0.012792132 0.014935214 0.017078297 0.017361936 0.019360827 0.021359718 0.02335861 0.025357501
-9999 -0.0038921043 0.0078718716 0.019635847 0.031399823 0.042390267 0.047935207 0.049320112 0.045903801 0.036283318 0.025151032 0.014018746 0.0028864596 -0.0045035434 -0.004399409 -0.0016634811 0.0021997748 0.0060630307 0.0099262867 0.013364144 0.01582059 0.018277036 0.020733482 0.023189927 0.019553857 0.017955789 0.023540974 0.027355195 0.030281257 0.03320732 0.036133383 0.03696799 0.03377094 0.030573889 0.027376838 0.02434933 0.031044435 0.028500361 0.01273833 0.0080206061 0.0055185658 0.0030165255 0.00051448513 0.0032239518 0.0095484569 0.011691539 0.013834622 0.015977704 0.018120786 0.014879919 0.012735873 0.014734764 0.016733655 0.018732547
-9999 0.0042740663 0.016038042 0.027802018 0.036593425 0.042138365 0.047683305 0.04906821 0.045651899 0.042235588 0.035343457 0.02421117 0.013078884 0.0056888812 0.0057930157 0.0058971501 0.0073872767 0.011250533 0.015113789 0.018551646 0.021008092 0.023464538 0.024331158 0.020053022 0.015774887 0.014176819 0.019762003 0.025347188 0.029983656 0.032909718 0.035835781 0.036670388 0.033473338 0.030276287 0.030307606 0.037002711 0.043697816 0.041153742 0.025391711 0.0096296804 0.0011059769 -0.0013960634 -0.0038981038 -0.0011886371 0.0052673157 0.011723268 0.014877112 0.017020194 0.019163276 0.015922409 0.011751049 0.0081098093 0.010108701 0.012107592
-9999 0.012440237 0.024204213 0.030796583 0.036341523 0.041886463 0.047431403 0.048816308 0.045399997 0.041983687 0.038567376 0.034403595 0.023271309 0.015881306 0.01598544 0.016089575 0.016193709 0.016438035 0.020301291 0.023739148 0.026195594 0.024830323 0.020552188 0.016274052 0.011995916 0.010397848 0.015983033 0.021568217 0.027153401 0.032612116 0.035538179 0.036372786 0.033175736 0.036265881 0.042960986 0.049656092 0.056351197 0.053807122 0.038045092 0.022283061 0.0065210304 -0.0058086523 -0.0083106926 -0.0056012259 0.00085472678 0.0073106795 0.013766632 0.018062684 0.020205766 0.016964899 0.012793539 0.0086221793 0.0044508194 0.0054826374
-9999 0.019454801 0.024999741 0.030544681 0.036089621 0.041634561 0.047179501 0.048564406 0.045148095 0.041731785 0.038315474 0.034899163 0.031482853 0.02607373 0.026177865 0.026281999 0.026386134 0.026490268 0.026594403 0.02892665 0.025329488 0.021051353 0.016773217 0.012495081 0.0082169458 0.0066188776 0.012204062 0.017789246 0.023374431 0.028959615 0.0345448 0.036075184 0.042224157 0.048919262 0.055614367 0.062309472 0.069004577 0.066460503 0.050698472 0.034936442 0.019174411 0.0034123804 -0.01234965 -0.010013815 -0.0035578621 0.0028980906 0.0093540433 0.015809996 0.021248256 0.018007389 0.013836029 0.0096646691 0.0054933093 0.0013219494
-9999 0.021041275 0.026586215 0.032131155 0.037676095 0.043221035 0.045388093 0.043156265 0.040589827 0.037173516 0.033757206 0.030340895 0.026924585 0.027160237 0.031692956 0.03179709 0.031901224 0.032005359 0.032109493 0.030888495 0.026610359 0.022332224 0.018054088 0.013775953 0.0099448599 0.009069903 0.012514508 0.018099693 0.023684877 0.029270062 0.034855246 0.040819543 0.047514648 0.054209753 0.060904859 0.067599964 0.073037527 0.065352789 0.046221015 0.030458984 0.014696954 -0.0010650769 -0.016827108 -0.015081781 -0.006265322 0.00019063071 0.0066465834 0.013102536 0.019558489 0.015479991 0.01128547 0.0071141097 0.0029427498 -0.00122861
-9999 0.023427169 0.028972109 0.034517049 0.040061989 0.03929867 0.036556292 0.034324464 0.032681875 0.030742621 0.027326311 0.02391 0.020493689 0.020729342 0.028278262 0.035278238 0.035382372 0.035486507 0.035590641 0.034369643 0.030091507 0.025813372 0.021535236 0.018446294 0.016407546 0.015532589 0.017776882 0.020188426 0.02577361 0.031358795 0.036943979 0.042908276 0.049603381 0.056298486 0.062993591 0.067230452 0.070042521 0.062357783 0.039655876 0.018532168 0.0027701369 -0.012991894 -0.028753924 -0.027008598 -0.012677454 -0.0017753524 0.0046806003 0.011136553 0.017592506 0.013514008 0.0076148714 0.0030011097 -0.0011702502 -0.00534161
-9999 0.025813062 0.031358002 0.035951625 0.033209247 0.030466869 0.027724491 0.025492663 0.023850074 0.022207485 0.020564896 0.017479105 0.014062794 0.014298447 0.021847366 0.029396286 0.036945205 0.038967655 0.039071789 0.037850791 0.033572655 0.02929452 0.026947727 0.02490898 0.022870233 0.021995276 0.024239569 0.026483861 0.028728154 0.033447527 0.039032712 0.044997009 0.051692114 0.058387219 0.061423377 0.064235446 0.067047515 0.059362777 0.03666087 0.013958962 -0.0087429455 -0.024918711 -0.040680741 -0.038935414 -0.024604271 -0.010273128 0.0027146172 0.00917057 0.015626523 0.011548025 0.0056488883 -0.00025024847 -0.0052832502 -0.00945461
-9999 0.028198955 0.029862202 0.027119824 0.024377446 0.021635068 0.01889269 0.016660862 0.015018273 0.013375684 0.011733095 0.010090507 0.0076318991 0.0078675518 0.015416471 0.022965391 0.03051431 0.03806323 0.042552937 0.041331939 0.037487908 0.035449161 0.033410414 0.031371667 0.029332919 0.028457962 0.030702255 0.032946548 0.035190841 0.037435133 0.041121445 0.047085742 0.052804233 0.055616302 0.058428371 0.06124044 0.064052509 0.056367772 0.033665864 0.010963956 -0.011737951 -0.034439859 -0.052607558 -0.050862231 -0.036531088 -0.022199945 -0.0078688014 0.0064623419 0.01366054 0.009582042 0.0036829052 -0.0022162316 -0.0081153684 -0.01356761
-9999 0.026593337 0.023850959 0.021108582 0.018366204 0.015623826 0.012881448 0.0087187151 0.0070761263 0.0054335375 0.0037909488 0.00214836 0.00050577121 0.0025913631 0.010140283 0.017689202 0.025238122 0.032787041 0.040335961 0.044985713 0.042946966 0.040908219 0.038869472 0.036830725 0.034791978 0.033609838 0.035854131 0.038098423 0.040342716 0.042587009 0.044831302 0.047269528 0.050081597 0.052893666 0.055705735 0.058517804 0.061329873 0.053666496 0.030964589 0.008262681 -0.014439227 -0.037141134 -0.059843042 -0.061584894 -0.047253751 -0.032922607 -0.018591464 -0.0042603206 0.010070823 0.007152809 0.0012536721 -0.0046454647 -0.010544601 -0.016443738
-9999 0.034611148 0.031868771 0.029126393 0.026384015 0.023263193 0.011999121 0.0052015813 0.0035589925 0.0019164037 0.00027381495 -0.0013687738 0.0041268813 0.0091087152 0.011703454 0.018156358 0.025705277 0.033254197 0.040803116 0.045452869 0.043414122 0.041375375 0.039336627 0.03729788 0.034444318 0.03274267 0.034588491 0.036730514 0.038974807 0.0412191 0.043463392 0.045901619 0.048713688 0.051525757 0.054337826 0.057149895 0.060053563 0.052426194 0.029724286 0.0070223786 -0.015679529 -0.037257535 -0.046618143 -0.051699984 -0.051987123 -0.037655979 -0.023324836 -0.0089936926 0.0053374507 0.002419437 -0.0034796998 -0.0093788366 -0.015277973 -0.016912148
-9999 0.042628959 0.039886582 0.037144204 0.031010131 0.019746059 0.0084819875 0.0016844475 4.1858681e-05 -0.0016007301 -0.0011576436 0.0050162133 0.01119007 0.016171904 0.018766643 0.021361382 0.026172433 0.033721352 0.041270272 0.045920025 0.043881277 0.04184253 0.039648506 0.036623301 0.033598095 0.031896448 0.033742269 0.035588089 0.037606898 0.039851191 0.042095483 0.04453371 0.047345779 0.050157848 0.052994187 0.055903724 0.058813261 0.051185891 0.028483984 0.0057820762 -0.011966613 -0.021327221 -0.03068783 -0.035769671 -0.037775559 -0.039781448 -0.028058208 -0.013727065 0.00060407874 -0.002313935 -0.0082130718 -0.014112209 -0.014212504 -0.013790198
-9999 0.050646771 0.047904393 0.038757069 0.027492997 0.016228925 0.0049648536 -0.0018326864 -0.0034752751 -0.00026831159 0.0059055453 0.012079402 0.018253259 0.023235093 0.025829832 0.028424571 0.03101931 0.034188508 0.041737427 0.04638718 0.044348433 0.041827489 0.038802284 0.035777078 0.032751872 0.031050225 0.032896046 0.034741867 0.036587687 0.038483281 0.040727574 0.043165801 0.04597787 0.048844347 0.051753884 0.054663421 0.057572958 0.049945589 0.027243681 0.01332431 0.003963701 -0.0053969077 -0.014757516 -0.019839357 -0.021845246 -0.023851135 -0.025857023 -0.018460437 -0.0041292932 -0.007047307 -0.011935166 -0.01151286 -0.011090554 -0.010668248
-9999 0.057768078 0.046504007 0.035239935 0.023975863 0.012711792 0.0014477198 -0.0053498202 0.00062102039 0.0067948773 0.012968734 0.019142591 0.025316448 0.030298282 0.032893021 0.03548776 0.038082499 0.040677238 0.043271977 0.046854336 0.044006472 0.040981267 0.037956061 0.034930855 0.03190565 0.030204002 0.032049823 0.033895644 0.035741465 0.037587285 0.039433106 0.041797891 0.044694508 0.047604045 0.050513582 0.053423119 0.056332656 0.048705287 0.038615232 0.029254623 0.019894015 0.010533406 0.0011727971 -0.0039090435 -0.0059149323 -0.0079208211 -0.0099267099 -0.011932599 -0.0088626652 -0.0092355216 -0.0088132157 -0.0083909097 -0.0079686037 -0.0075462977
-9999 0.051882216 0.040618144 0.029354072 0.018090001 0.006825929 -0.0021383103 -0.0050268349 -0.0018012129 0.004372644 0.010546501 0.016720358 0.022894215 0.02768331 0.029968152 0.032562891 0.03515763 0.037752369 0.040347108 0.04124246 0.038217254 0.035192048 0.032166843 0.029141637 0.026924101 0.027750834 0.02602801 0.02787383 0.029719651 0.031565472 0.033411293 0.035620444 0.038529981 0.041439518 0.044349055 0.047258592 0.048969896 0.046803297 0.040178295 0.030817687 0.021457078 0.012096469 0.0027358604 0.00039637747 -0.00046241794 -0.0024683067 -0.0044741955 -0.0064800843 -0.0084859731 -0.0048438405 -0.0044215346 -0.0039992286 -0.0035769226 -0.0031546166
