P1_models/J1_p1_tot_conduct_slide_29.85.dat.tif
NCOLS 118
NROWS 92
XLLCORNER 139.62
YLLCORNER -39.07
DX 0.099491525
DY 0.099347826
NODATA_VALUE -9999
[rows 26 to 51 of 92, columns 57 to 113 of 118]
-3.9517826 -3.9876929 -3.9932202 -4.0148786 -3.9991694 -3.9753772 -3.9125405 -3.8147055 -3.6931048 -3.5609026 -3.4370097 -3.3827105 -3.3443526 -3.4405221 -3.5654912 -3.7921108 -4.0214322 -4.2812156 -4.4593888 -4.6118478 -4.6077738 -4.5776985 -4.4300559 -4.2696408 -4.0765102 -3.9436468 -3.838628 -3.8067209 -3.7963913 -3.7963913 -3.742569 -3.6596594 -3.5178962 -3.3247656 -3.1495362 -2.9627202 -2.9107587 -2.8929372 -2.9982812 -3.2185238 -3.4175069 -3.5857736 -3.7175314 -3.7241739 -3.6686405 -3.5340343 -3.4191166 -3.2845104 -3.2455777 -3.2612968 -3.3490834 -3.384702 -3.490046 -3.4425093 -3.3434612 -3.1093635 -2.7228919
-3.8291449 -3.8852046 -3.9681142 -4.025471 -4.1051405 -4.1145651 -4.1244825 -4.0460696 -3.9514091 -3.7924025 -3.6489517 -3.5128054 -3.4370773 -3.4094407 -3.4876789 -3.6037524 -3.8057822 -4.0096649 -4.1771518 -4.3138043 -4.3138043 -4.2862782 -4.1591501 -4.0078477 -3.8380754 -3.705212 -3.6001932 -3.5483617 -3.5182174 -3.4788516 -3.401579 -3.2799783 -3.1354422 -2.9472439 -2.8094902 -2.6646767 -2.6939389 -2.7144349 -2.9309753 -3.2048637 -3.490362 -3.7143215 -3.8963575 -3.9665868 -3.9375271 -3.8614454 -3.7576218 -3.6355394 -3.5650524 -3.5615291 -3.5439717 -3.5149737 -3.5165388 -3.3994204 -3.2634021 -2.9941897 -2.6187211
-3.782587 -3.8691996 -3.967698 -4.0729515 -4.1661528 -4.2319824 -4.2590374 -4.2079716 -4.1254105 -3.9498359 -3.7850974 -3.6125695 -3.4882489 -3.4265866 -3.4377447 -3.5334317 -3.6703809 -3.8559644 -4.0040812 -4.1272213 -4.1184171 -4.0905216 -3.9566986 -3.7990568 -3.6163447 -3.4492925 -3.3367638 -3.222446 -3.1776731 -3.1159062 -2.9778692 -2.8413247 -2.7061901 -2.5277175 -2.4667823 -2.3485041 -2.4806985 -2.5701002 -2.8349333 -3.2124856 -3.5358511 -3.8151466 -4.0302998 -4.123989 -4.1377626 -4.0771248 -3.9886004 -3.8720517 -3.7664115 -3.7163302 -3.6648309 -3.5500851 -3.5052241 -3.3354567 -3.1584673 -2.8869801 -2.5276431
-3.7929203 -3.8813056 -4.0029064 -4.1224692 -4.2429063 -4.3162215 -4.3738219 -4.3262597 -4.2544047 -4.0702954 -3.8835688 -3.6950586 -3.530681 -3.4422441 -3.4212909 -3.4820913 -3.6025956 -3.7518329 -3.8784007 -4.0013451 -3.9915132 -3.9521045 -3.8139218 -3.6428408 -3.4380053 -3.2497681 -3.0839489 -2.945378 -2.8233081 -2.6945543 -2.5477741 -2.3930095 -2.250273 -2.1039619 -2.0667064 -2.0430806 -2.222763 -2.4488647 -2.7941588 -3.182472 -3.5804381 -3.872158 -4.1368049 -4.2420296 -4.290918 -4.2499509 -4.1607539 -4.0495575 -3.9289401 -3.8175153 -3.7180238 -3.5952074 -3.4723061 -3.2828558 -3.0625408 -2.787476 -2.4315018
-3.9171051 -4.0023628 -4.1146727 -4.2293451 -4.3422541 -4.3980614 -4.4359143 -4.3630364 -4.2730324 -4.051554 -3.8517596 -3.6370674 -3.4678911 -3.3739425 -3.3582457 -3.4324174 -3.569762 -3.7394144 -3.8716449 -4.0137636 -4.0137636 -3.9751684 -3.8148765 -3.6265852 -3.3759129 -3.1410549 -2.9287179 -2.7193817 -2.56252 -2.3963493 -2.2111751 -2.0515014 -1.936626 -1.8307554 -1.8767632 -1.9002681 -2.1870378 -2.430237 -2.8355079 -3.2532995 -3.6611582 -3.9442326 -4.2051065 -4.304598 -4.3530104 -4.3070508 -4.216637 -4.1054406 -3.9634245 -3.8485615 -3.7200125 -3.5701521 -3.4288414 -3.2342003 -3.0128669 -2.7565755 -2.4096563
-4.0908533 -4.1524582 -4.2577006 -4.3398406 -4.4481907 -4.457844 -4.484026 -4.348059 -4.2375129 -3.9685898 -3.7380737 -3.5060778 -3.3254207 -3.2372376 -3.2475342 -3.3353857 -3.5349251 -3.7173262 -3.8679901 -4.056819 -4.085942 -4.0546991 -3.8965885 -3.6797376 -3.4093847 -3.1164671 -2.8677383 -2.6117526 -2.3972752 -2.1982922 -2.0084686 -1.8561232 -1.7868286 -1.7062701 -1.8186926 -1.909599 -2.2307176 -2.5607126 -2.9800307 -3.3537207 -3.7692441 -4.0045519 -4.2547627 -4.3323041 -4.37534 -4.3285205 -4.2414038 -4.1302074 -3.9947854 -3.8547976 -3.717675 -3.5736281 -3.4156121 -3.2420468 -3.0254316 -2.7826459 -2.4532342
-4.292587 -4.3511539 -4.4340635 -4.5054203 -4.568257 -4.5600003 -4.5181091 -4.351065 -4.1465547 -3.8472129 -3.5526244 -3.3012774 -3.0936091 -3.0162268 -3.0355922 -3.1793021 -3.4055584 -3.6819238 -3.9104791 -4.129674 -4.1794198 -4.1871629 -4.0323983 -3.8188246 -3.5144976 -3.2033897 -2.8883332 -2.6080798 -2.3361459 -2.1079006 -1.915744 -1.7886159 -1.7338431 -1.7396955 -1.8878413 -2.0685556 -2.4197021 -2.7889249 -3.1985959 -3.5688402 -3.9141343 -4.118166 -4.2945018 -4.3471738 -4.3620936 -4.3152741 -4.2288234 -4.1234795 -3.9936125 -3.8573629 -3.7110518 -3.5685543 -3.4280957 -3.2732569 -3.1000756 -2.8952401 -2.5658284
-4.4238827 -4.4823699 -4.5652795 -4.6112957 -4.6499984 -4.5907567 -4.51325 -4.2593881 -4.0179691 -3.6050547 -3.282016 -2.9625959 -2.7534211 -2.6760388 -2.727164 -2.919102 -3.2124212 -3.5392358 -3.7842988 -4.1191999 -4.2518553 -4.2774323 -4.1628172 -3.9539194 -3.6572652 -3.3342576 -3.0121394 -2.7164237 -2.4393166 -2.2205545 -2.0671251 -1.9899389 -1.9933412 -2.0519179 -2.256909 -2.4564193 -2.7900086 -3.159626 -3.5035696 -3.7492326 -4.0333204 -4.1414851 -4.29 -4.2924414 -4.3067236 -4.2683944 -4.2134642 -4.12332 -4.0176218 -3.8818212 -3.747797 -3.6228568 -3.4893611 -3.3933949 -3.2241209 -3.0705844 -2.7916064
-4.4994402 -4.5677542 -4.6514548 -4.699971 -4.7209166 -4.628508 -4.5133073 -4.2080226 -3.8929661 -3.4288795 -3.011463 -2.6652453 -2.3934887 -2.3059369 -2.3619115 -2.5776271 -2.9275706 -3.3089548 -3.6540678 -4.0350094 -4.2091243 -4.3083051 -4.2171375 -4.0534796 -3.7624726 -3.4581638 -3.1265254 -2.8487335 -2.5615653 -2.3567298 -2.2668362 -2.215 -2.2834023 -2.3945987 -2.626549 -2.8705259 -3.1785344 -3.5046062 -3.8087587 -3.9254487 -4.1302841 -4.1749294 -4.2488933 -4.245 -4.2314506 -4.2024427 -4.1989058 -4.1345289 -4.0476218 -3.9336092 -3.8048554 -3.6824153 -3.559514 -3.4820498 -3.3768993 -3.2525075 -3.0341675
-4.4816123 -4.561131 -4.6606226 -4.7138351 -4.7400171 -4.6396532 -4.4825614 -4.1498596 -3.7671255 -3.2490088 -2.7597818 -2.3565793 -2.0358365 -1.9087085 -1.9446506 -2.1712702 -2.5353075 -2.9830194 -3.3953591 -3.8296906 -4.0563102 -4.2155804 -4.1824166 -4.0534796 -3.807677 -3.518833 -3.2192501 -2.9601399 -2.7072754 -2.5667537 -2.4920246 -2.5251884 -2.6310603 -2.8241909 -3.0656061 -3.3275259 -3.5967383 -3.8626848 -4.0207008 -4.1070318 -4.1567769 -4.1515163 -4.1429223 -4.1312174 -4.1260474 -4.1494572 -4.1649407 -4.1676449 -4.1053935 -4.0130874 -3.8843337 -3.7632071 -3.6456154 -3.5916947 -3.5245154 -3.4776959 -3.273324
-4.3201219 -4.419679 -4.5412267 -4.6251295 -4.6717368 -4.5973835 -4.4528684 -4.104574 -3.7099389 -3.1411583 -2.6225028 -2.1508692 -1.7941765 -1.6027737 -1.6041532 -1.7981846 -2.157017 -2.600913 -3.039557 -3.5069463 -3.7974782 -3.9872757 -4.0139116 -3.9294234 -3.7268685 -3.4941869 -3.2165984 -3.0244986 -2.790431 -2.6818011 -2.694909 -2.7758764 -2.9287079 -3.1436569 -3.3834351 -3.6432978 -3.8134679 -4.0469724 -4.1176554 -4.0472865 -4.0413761 -3.9603993 -3.9328859 -3.9501844 -3.9520288 -4.0384007 -4.1671545 -4.2073417 -4.1959732 -4.1098048 -3.9810511 -3.8370431 -3.7105522 -3.6515783 -3.6028121 -3.5783841 -3.4516194
-4.0997917 -4.2092782 -4.3474609 -4.4725616 -4.5458711 -4.5203885 -4.3999514 -4.0922235 -3.68873 -3.1315025 -2.5655559 -2.0776633 -1.6386029 -1.4173796 -1.335059 -1.5008782 -1.808233 -2.2448903 -2.7087509 -3.1631739 -3.4610462 -3.713824 -3.7633262 -3.7496748 -3.5858064 -3.4028576 -3.176238 -3.0152731 -2.8473131 -2.806346 -2.8535118 -2.964058 -3.1518895 -3.4035445 -3.6391212 -3.8818306 -4.0108065 -4.1162003 -4.1103479 -3.9650515 -3.8538551 -3.7497177 -3.6740445 -3.7123985 -3.7764563 -3.9052101 -4.1157029 -4.2444567 -4.2663328 -4.2159642 -4.0872105 -3.9227677 -3.7706042 -3.6904183 -3.6512293 -3.6453768 -3.5356411
-3.7824747 -3.8868758 -4.0471677 -4.1957409 -4.3471755 -4.3594458 -4.3337195 -4.075129 -3.7483387 -3.2165967 -2.6715269 -2.1531237 -1.6982116 -1.3886824 -1.267638 -1.3229111 -1.5925852 -1.9468468 -2.3878276 -2.8121449 -3.1216741 -3.3826646 -3.4766288 -3.486457 -3.4045228 -3.2531194 -3.0901366 -2.9698918 -2.8473131 -2.8565321 -2.9287951 -3.089087 -3.2843532 -3.5360083 -3.7481084 -3.9613089 -4.0081284 -4.0649073 -3.9185962 -3.7221057 -3.5160725 -3.3954731 -3.3031459 -3.4026374 -3.506267 -3.7813318 -4.0484704 -4.2775726 -4.3599196 -4.3409353 -4.2004767 -4.0142553 -3.8169666 -3.6910157 -3.6244513 -3.6127464 -3.5240974
-3.4536255 -3.542948 -3.6960291 -3.8980642 -4.0727526 -4.217427 -4.2331999 -4.135321 -3.8480742 -3.4358196 -2.9090684 -2.4211835 -1.9408534 -1.5986254 -1.3957817 -1.4023187 -1.558491 -1.8744888 -2.2851903 -2.6302614 -2.9123181 -3.1816778 -3.2862144 -3.3294926 -3.2662931 -3.1685694 -3.0262068 -2.9434909 -2.8468954 -2.8720577 -2.951848 -3.1121399 -3.3064445 -3.5509268 -3.7073771 -3.9045395 -3.884377 -3.8691776 -3.6825468 -3.404486 -3.1635724 -3.0317068 -2.9382035 -3.0908209 -3.2580591 -3.5991387 -4.0067359 -4.2863398 -4.4518082 -4.4529108 -4.3202554 -4.0982016 -3.8784234 -3.6656135 -3.5789622 -3.5353877 -3.432945
-3.1679456 -3.1974204 -3.3411304 -3.5446086 -3.7750101 -3.9697345 -4.1111172 -4.0837562 -3.9621555 -3.6068847 -3.2146947 -2.7399567 -2.2938516 -1.9290494 -1.683404 -1.6170763 -1.7100761 -1.9256411 -2.236418 -2.5522783 -2.8193531 -3.0595265 -3.1700727 -3.2225157 -3.1874011 -3.1026613 -2.9976425 -2.9180117 -2.8531727 -2.8882873 -2.9517733 -3.1120652 -3.2982176 -3.5206105 -3.6651036 -3.796375 -3.7488261 -3.6420813 -3.3962787 -3.1091599 -2.8106853 -2.6720601 -2.5824301 -2.7604706 -3.0286311 -3.4441545 -3.8825488 -4.2863674 -4.4951601 -4.5702106 -4.4473093 -4.2279729 -3.9529081 -3.6980986 -3.511519 -3.4237323 -3.2986447
-2.8860706 -2.8847408 -2.9702318 -3.1936177 -3.4637202 -3.7336176 -3.9852767 -4.0898636 -4.0946193 -3.9035505 -3.5922164 -3.2309051 -2.8184763 -2.470256 -2.2067601 -2.0740763 -2.1156064 -2.2501774 -2.527948 -2.7708435 -2.9864085 -3.2046066 -3.2985708 -3.346964 -3.3066184 -3.2161291 -3.1036135 -3.0082651 -2.9326509 -2.9376434 -2.9675971 -3.0726159 -3.2377822 -3.4212626 -3.5359023 -3.6440417 -3.5504026 -3.4301393 -3.1527719 -2.846765 -2.5325114 -2.3938862 -2.3042562 -2.5207966 -2.7968195 -3.2912981 -3.8046082 -4.2797442 -4.5755166 -4.6761816 -4.5972011 -4.3723906 -4.0787486 -3.7347033 -3.5181421 -3.3235445 -3.1590131
-2.8211774 -2.673893 -2.7204019 -2.8766974 -3.15172 -3.4347843 -3.7793892 -4.0802839 -4.1742481 -3.9903404 -3.9240642 -3.5691647 -3.3292517 -2.9967744 -2.7872311 -2.6532567 -2.6722586 -2.7551661 -2.9665785 -3.1679522 -3.3835172 -3.5413168 -3.6297139 -3.6265129 -3.5688592 -3.4765204 -3.322386 -3.2180404 -3.0671888 -3.0500454 -3.0273073 -3.1091957 -3.1858033 -3.3470031 -3.4531632 -3.5249258 -3.4316449 -3.2858124 -3.0105471 -2.7113447 -2.396638 -2.252734 -2.163104 -2.3779705 -2.6921231 -3.1941064 -3.7111951 -4.2677721 -4.6228716 -4.7824133 -4.7316911 -4.5313471 -4.2308382 -3.8314786 -3.5312568 -3.2891103 -3.0829986
-2.677922 -2.4728821 -2.4507728 -2.5959546 -2.8682472 -3.2224394 -3.6099327 -3.9300201 -4.2119128 -4.2523178 -4.2498026 -4.0455832 -3.8422128 -3.5769021 -3.3816579 -3.2545298 -3.2535381 -3.3198658 -3.4859392 -3.6742273 -3.8435768 -3.9864028 -4.0416758 -4.0312059 -3.9375668 -3.7760927 -3.5992189 -3.4092608 -3.2378462 -3.1442071 -3.0727711 -3.1004076 -3.1726539 -3.2897027 -3.3702872 -3.4391276 -3.3621653 -3.2219708 -2.9586109 -2.6811151 -2.3709356 -2.2254615 -2.1241868 -2.3216078 -2.6402767 -3.1494393 -3.6905656 -4.2641049 -4.64715 -4.8837065 -4.8778541 -4.6944079 -4.3959334 -3.9699671 -3.5787454 -3.2627135 -3.0222605
-2.6543246 -2.4163468 -2.2955419 -2.4144243 -2.6447146 -3.0103614 -3.4112371 -3.802568 -4.1374019 -4.307077 -4.3519015 -4.2943012 -4.1295687 -3.9858588 -3.8135386 -3.7450597 -3.7605823 -3.8476511 -4.0151946 -4.2082219 -4.3629865 -4.4990472 -4.5156291 -4.487396 -4.3473766 -4.140097 -3.9158901 -3.6519824 -3.4427511 -3.2951807 -3.1571694 -3.1252446 -3.1826199 -3.2772842 -3.3656899 -3.4391276 -3.4098654 -3.277854 -3.0705094 -2.8343678 -2.5510035 -2.4012611 -2.2980455 -2.4443565 -2.7582523 -3.2068531 -3.7210854 -4.2827327 -4.6922544 -4.9333805 -4.9813979 -4.8339901 -4.5573736 -4.1005886 -3.7029302 -3.3299258 -3.0572489
-2.7326683 -2.3862039 -2.2290029 -2.2541558 -2.4652882 -2.7893451 -3.1977839 -3.6038723 -3.9963111 -4.2099194 -4.3545596 -4.3399679 -4.2856845 -4.1777048 -4.1140089 -4.0745527 -4.1603155 -4.259807 -4.4363748 -4.6563039 -4.8143624 -4.9378841 -4.9477482 -4.8842795 -4.7257741 -4.4597392 -4.1999558 -3.8820508 -3.6111446 -3.418014 -3.2292881 -3.1809203 -3.2018849 -3.2835197 -3.3864027 -3.4680619 -3.4769669 -3.3950825 -3.2193419 -3.0631074 -2.7997475 -2.6645768 -2.5522105 -2.6677025 -2.9269249 -3.338009 -3.7660179 -4.3161475 -4.7115112 -4.991152 -5.0549411 -4.9458845 -4.6883771 -4.2439953 -3.8044443 -3.4135165 -3.1354409
-2.8188477 -2.425943 -2.1937961 -2.1813007 -2.317447 -2.6154939 -2.987278 -3.3881091 -3.7971298 -4.0350872 -4.2353422 -4.2667606 -4.2790613 -4.2348428 -4.2266031 -4.2652943 -4.3871187 -4.5584652 -4.783762 -5.0205793 -5.1808712 -5.3087826 -5.3087826 -5.2353084 -5.0480303 -4.7659227 -4.4398116 -4.0946205 -3.7528715 -3.4953641 -3.3021432 -3.2247609 -3.2283776 -3.298607 -3.4073435 -3.5210474 -3.5620145 -3.5572682 -3.4577767 -3.3045215 -3.1172433 -2.9940337 -2.8966163 -2.9785505 -3.1559824 -3.4837191 -3.9026075 -4.3649505 -4.7472048 -5.0193693 -5.1013035 -4.9963732 -4.7915378 -4.3574912 -3.9225353 -3.5128643 -3.2350976
-2.8502485 -2.4435997 -2.1877377 -2.1405774 -2.2429415 -2.4903947 -2.8258024 -3.1750125 -3.5612358 -3.7725399 -3.9713055 -4.018433 -4.0438157 -4.0429665 -4.0617894 -4.1418867 -4.3127906 -4.5220712 -4.7557748 -5.0530253 -5.2409537 -5.3718886 -5.3718886 -5.293753 -5.0986933 -4.7937717 -4.4532111 -4.0884182 -3.740733 -3.4808003 -3.2857884 -3.2126223 -3.2224977 -3.2986939 -3.416662 -3.5349949 -3.6227815 -3.6199394 -3.5831785 -3.5235624 -3.377958 -3.2999886 -3.2106119 -3.2643685 -3.4411481 -3.6914934 -3.9891854 -4.4025619 -4.7062009 -4.9761994 -5.0622836 -4.9860872 -4.7978788 -4.416798 -3.98475 -3.5910807 -3.3330598
-2.8590723 -2.4747869 -2.2126925 -2.1444402 -2.2229861 -2.4139654 -2.7124399 -2.9966257 -3.3393187 -3.5074919 -3.6789502 -3.7087496 -3.7414555 -3.7434191 -3.8022892 -3.9024472 -4.1163432 -4.365072 -4.6546059 -4.9779257 -5.1858283 -5.3358188 -5.3358188 -5.2438946 -5.0433524 -4.7296159 -4.3703409 -4.0141854 -3.6508717 -3.3875118 -3.2338612 -3.1666884 -3.1867377 -3.2686719 -3.3859663 -3.5122704 -3.6048241 -3.6625409 -3.6592965 -3.6635796 -3.5699405 -3.5367956 -3.4822725 -3.5369491 -3.6551097 -3.8688102 -4.0856654 -4.4192547 -4.6804663 -4.9030287 -4.989258 -4.9299667 -4.7660983 -4.4231671 -4.0332559 -3.6503205 -3.4171114
-2.7980959 -2.4482942 -2.2382565 -2.1825 -2.2453367 -2.4183463 -2.638275 -2.8842564 -3.1339999 -3.2576016 -3.3676604 -3.362424 -3.3639338 -3.3528792 -3.4048979 -3.5320259 -3.7594383 -4.0523856 -4.3804666 -4.7328677 -4.9650146 -5.1437464 -5.1437464 -5.0518221 -4.8177244 -4.495359 -4.125283 -3.7805137 -3.4389297 -3.2297443 -3.088151 -3.0605145 -3.0959553 -3.1954468 -3.3110317 -3.4327922 -3.5322837 -3.6058537 -3.6526733 -3.6744031 -3.6759115 -3.6768891 -3.6809682 -3.7394926 -3.8417165 -3.9880276 -4.1739697 -4.3927619 -4.6020095 -4.7733186 -4.8435479 -4.7955569 -4.6799969 -4.3833409 -4.0501416 -3.7165524 -3.4855554
-2.6510615 -2.4101927 -2.2786511 -2.2802826 -2.3639118 -2.5426942 -2.7116786 -2.8381141 -3.0424523 -3.1384565 -3.1376314 -3.1044065 -3.0386512 -3.0113863 -3.0423326 -3.161948 -3.3893586 -3.6919277 -4.037073 -4.3949402 -4.6270871 -4.8123696 -4.8001322 -4.6707406 -4.4050868 -4.0778083 -3.712591 -3.3735253 -3.0915218 -2.9193366 -2.8379626 -2.8631957 -2.9612141 -3.0737004 -3.1899746 -3.2894661 -3.37797 -3.4367088 -3.4870645 -3.5110625 -3.5798074 -3.6670551 -3.6939247 -3.7701302 -3.8912817 -4.0023576 -4.1712958 -4.2749731 -4.3839732 -4.5405432 -4.6032416 -4.5511728 -4.5110909 -4.3436742 -4.0293083 -3.7427259 -3.5401786
-2.6380253 -2.5112102 -2.4283178 -2.4649583 -2.553977 -2.664133 -2.8264612 -2.904346 -3.0204194 -2.9757246 -2.9542706 -2.8544644 -2.7750086 -2.7265602 -2.7550819 -2.8711582 -3.1006722 -3.4046741 -3.754015 -4.0990101 -4.302761 -4.4657271 -4.4184148 -4.261446 -3.9731231 -3.6208425 -3.2560403 -2.9832064 -2.7073446 -2.5961481 -2.6303965 -2.6993841 -2.8192503 -2.9480041 -3.0424963 -3.1391962 -3.1810425 -3.2416606 -3.2932172 -3.3516314 -3.4277132 -3.5416638 -3.6344659 -3.7491809 -3.8500084 -3.9404183 -3.9878439 -4.0873354 -4.1612912 -4.2499998 -4.3093015 -4.3545824 -4.3194678 -4.216406 -4.0143783 -3.7609356 -3.5481411
