P1_models/J1_p1_vp_slide_diff2_280.dat.tif
NCOLS 118
NROWS 92
XLLCORNER 139.62
YLLCORNER -39.07
DX 0.099491525
DY 0.099347826
NODATA_VALUE -9999
[rows 48 to 71 of 92, columns 0 to 53 of 118]
-9999 -0.12181935 -0.10776022 -0.093701089 -0.079641958 -0.065582827 -0.051523696 -0.048684968 -0.038807417 -0.028929866 -0.019052315 -0.0091747634 0.00070278786 0.0047305555 -0.015168704 -0.03831093 -0.061453156 -0.084595382 -0.10773761 -0.12163981 -0.11422487 -0.10680993 -0.099394994 -0.091980056 -0.084565119 -0.083483313 -0.088828432 -0.093961688 -0.099094945 -0.1042282 -0.10936146 -0.11250567 -0.11181564 -0.1111256 -0.11043557 -0.10974554 -0.10905551 -0.10705271 -0.10736388 -0.10767505 -0.10798622 -0.10829739 -0.10964191 -0.10943291 -0.11314238 -0.11685184 -0.1205613 -0.12427076 -0.12798023 -0.12355397 -0.11772163 -0.1118893 -0.10605696 -0.10022463
-9999 -0.10809942 -0.094040286 -0.079981154 -0.065922023 -0.057908493 -0.06159914 -0.058991091 -0.04911354 -0.039235989 -0.029358437 -0.019807193 -0.011487745 -0.0076846112 -0.012925659 -0.026892332 -0.050034559 -0.073176785 -0.096319011 -0.11022121 -0.10280627 -0.095391334 -0.087976396 -0.08117242 -0.078964371 -0.078997206 -0.085036173 -0.090661354 -0.09579461 -0.10092787 -0.10606112 -0.10920534 -0.1085153 -0.10782527 -0.10713524 -0.10567343 -0.10157252 -0.099286804 -0.099597972 -0.09990914 -0.10022031 -0.1053269 -0.11874504 -0.11701256 -0.10438848 -0.1052957 -0.10900516 -0.11271463 -0.11642409 -0.11199783 -0.10616549 -0.10033316 -0.094500821 -0.10164104
-9999 -0.094379482 -0.080320351 -0.06626122 -0.06452397 -0.068214616 -0.071905262 -0.069297214 -0.059419663 -0.049542111 -0.040541809 -0.03222236 -0.023902911 -0.020099778 -0.025340826 -0.030581873 -0.038615961 -0.061758187 -0.084900414 -0.098802612 -0.091387674 -0.083972736 -0.078894362 -0.076686313 -0.074478265 -0.0745111 -0.080550067 -0.086589034 -0.092494276 -0.097627532 -0.10276079 -0.105905 -0.10521497 -0.10452494 -0.10200842 -0.097907517 -0.093806611 -0.091520894 -0.091832063 -0.092143231 -0.10101188 -0.11443003 -0.12784817 -0.12611569 -0.11349161 -0.10086753 -0.097449024 -0.10115849 -0.10486795 -0.10044169 -0.094609353 -0.091370481 -0.09924257 -0.10711466
-9999 -0.080659547 -0.0674488 -0.071139446 -0.074830092 -0.078520739 -0.082211385 -0.079603337 -0.069725785 -0.061276424 -0.052956975 -0.044637527 -0.036318078 -0.032514944 -0.037755992 -0.04299704 -0.048238088 -0.053479135 -0.073481816 -0.087384014 -0.079969076 -0.076616304 -0.074408256 -0.072200207 -0.069992158 -0.070024994 -0.076063961 -0.082102928 -0.088141895 -0.094180862 -0.099460455 -0.10260467 -0.10191463 -0.098343419 -0.094242514 -0.090141608 -0.086040702 -0.083754985 -0.084066154 -0.096696862 -0.11011501 -0.12353316 -0.1369513 -0.13521882 -0.12259474 -0.10997067 -0.097346587 -0.089602347 -0.09331181 -0.088885549 -0.088972015 -0.096844105 -0.10471619 -0.11258828
-9999 -0.074064276 -0.077754923 -0.081445569 -0.085136215 -0.088826861 -0.092517508 -0.090330488 -0.08201104 -0.073691591 -0.065372142 -0.057052693 -0.048733245 -0.044930111 -0.050171159 -0.055412207 -0.060653254 -0.065894302 -0.07113535 -0.076546295 -0.074338246 -0.072130198 -0.069922149 -0.067714101 -0.065506052 -0.065538888 -0.071577855 -0.077616822 -0.083655789 -0.089694756 -0.095733722 -0.098779322 -0.094678416 -0.09057751 -0.086476604 -0.082375699 -0.078274793 -0.078963698 -0.092381845 -0.10579999 -0.11921814 -0.13263629 -0.14605444 -0.14432195 -0.13169787 -0.1190738 -0.10644972 -0.09382564 -0.081755671 -0.08657355 -0.094445639 -0.10231773 -0.11018982 -0.11806191
-9999 -0.070010457 -0.073701103 -0.07739175 -0.081082396 -0.084773042 -0.086739383 -0.083311331 -0.074991882 -0.066672434 -0.058352985 -0.050033536 -0.048305532 -0.052275004 -0.053679762 -0.05892081 -0.064161858 -0.069402905 -0.074643953 -0.077632506 -0.075424457 -0.073216409 -0.07100836 -0.068800312 -0.068681746 -0.070071353 -0.068302245 -0.074341212 -0.080380179 -0.086419146 -0.092458113 -0.095033631 -0.090932725 -0.086831819 -0.082730913 -0.078630008 -0.078211714 -0.085580121 -0.098998269 -0.11241642 -0.12583456 -0.13925271 -0.14892875 -0.14317239 -0.1291888 -0.11656472 -0.10394064 -0.091316561 -0.078692483 -0.083544268 -0.091416357 -0.099288446 -0.10716054 -0.11364856
-9999 -0.063554144 -0.06724479 -0.070935437 -0.074626083 -0.075658639 -0.076468761 -0.07304071 -0.064721261 -0.056401812 -0.048082363 -0.050925625 -0.05670755 -0.060677022 -0.061016951 -0.061356881 -0.066180346 -0.071421394 -0.076662442 -0.079650995 -0.077442946 -0.075234897 -0.073026849 -0.074539201 -0.077723262 -0.079112869 -0.07569289 -0.072272911 -0.077307091 -0.083346058 -0.089385025 -0.091960543 -0.087859638 -0.083758732 -0.079657826 -0.081272382 -0.084412099 -0.091780505 -0.10519865 -0.1186168 -0.13203495 -0.14024303 -0.14799444 -0.14223809 -0.12677117 -0.11211285 -0.099488777 -0.086864698 -0.07424062 -0.079092405 -0.086964495 -0.094836584 -0.10020017 -0.10285766
-9999 -0.057097831 -0.060788478 -0.063767774 -0.064577896 -0.065388018 -0.06619814 -0.062770088 -0.054450639 -0.047763792 -0.053545718 -0.059327643 -0.065109569 -0.069079041 -0.06941897 -0.069758899 -0.070098829 -0.073439883 -0.078680931 -0.081669483 -0.079461435 -0.077253386 -0.080396657 -0.083580717 -0.086764778 -0.088154385 -0.084734406 -0.081314427 -0.077894448 -0.080272971 -0.086311938 -0.088887456 -0.08478655 -0.081193334 -0.08433305 -0.087472766 -0.090612483 -0.097980889 -0.11139904 -0.12380589 -0.1315573 -0.13930872 -0.14706014 -0.14130379 -0.12583687 -0.11036995 -0.095036914 -0.082412836 -0.069788758 -0.074640543 -0.082512632 -0.086751775 -0.089409265 -0.092066754
-9999 -0.050641518 -0.052687031 -0.053497153 -0.054307275 -0.055117396 -0.055927518 -0.052499467 -0.050383885 -0.05616581 -0.061947736 -0.067729661 -0.073511587 -0.077481059 -0.077820988 -0.078160918 -0.078500847 -0.078840776 -0.080699419 -0.083687972 -0.083070052 -0.086254113 -0.089438173 -0.092622234 -0.095806294 -0.097195901 -0.093775922 -0.090355943 -0.086935964 -0.083515985 -0.08323885 -0.085814368 -0.084254001 -0.087393718 -0.090533434 -0.093673151 -0.096812867 -0.10418127 -0.11512016 -0.12287158 -0.130623 -0.13837442 -0.14612584 -0.14036949 -0.12490257 -0.10943565 -0.093968736 -0.078501818 -0.065336895 -0.07018868 -0.073303384 -0.075960873 -0.078618363 -0.081275853
-9999 -0.045927197 -0.046737319 -0.047547441 -0.048357563 -0.049167685 -0.049977807 -0.053896264 -0.059678189 -0.065460115 -0.07124204 -0.077023966 -0.082805891 -0.087836463 -0.088176393 -0.088516322 -0.088856251 -0.089196181 -0.08953611 -0.090736062 -0.093920123 -0.097104183 -0.10028824 -0.1034723 -0.10665636 -0.10411904 -0.10046449 -0.097044513 -0.093624534 -0.090204555 -0.086784576 -0.085605174 -0.088744891 -0.091884607 -0.095024324 -0.09816404 -0.10130376 -0.10299464 -0.11074606 -0.11849748 -0.1262489 -0.13400032 -0.14175174 -0.14182468 -0.12635777 -0.11089085 -0.095423932 -0.079957014 -0.064490097 -0.061410983 -0.064068473 -0.066725963 -0.069383453 -0.072040942
-9999 -0.054735375 -0.055545497 -0.056355619 -0.057165741 -0.057599768 -0.055386163 -0.059499873 -0.070916118 -0.077801985 -0.08358391 -0.089365836 -0.095147761 -0.10028924 -0.10414818 -0.10554344 -0.10588336 -0.10622329 -0.10656322 -0.10776318 -0.11094724 -0.1141313 -0.11731536 -0.12049942 -0.1196167 -0.115161 -0.10227752 -0.095696694 -0.092276715 -0.088856736 -0.085436757 -0.084257356 -0.087397072 -0.090536789 -0.093676505 -0.096662876 -0.090855437 -0.089647811 -0.095020868 -0.10237487 -0.11012629 -0.11787771 -0.12562913 -0.13171165 -0.1359742 -0.12050728 -0.10504036 -0.089573442 -0.074106525 -0.064804877 -0.060147987 -0.062805477 -0.065462967 -0.068120456
-9999 -0.063543553 -0.064353675 -0.065163797 -0.064528641 -0.062315037 -0.060101432 -0.064215142 -0.075631387 -0.087047632 -0.09592578 -0.10170771 -0.10748963 -0.11263111 -0.11649005 -0.120349 -0.12291048 -0.12325041 -0.12359034 -0.12479029 -0.12797435 -0.13115841 -0.13328126 -0.13196996 -0.13065866 -0.12620296 -0.11331948 -0.10043601 -0.090928896 -0.087508917 -0.084088938 -0.082909537 -0.086049253 -0.08918897 -0.089408724 -0.083601286 -0.077793847 -0.076586221 -0.081959278 -0.087332335 -0.094003686 -0.1017551 -0.10950652 -0.11558904 -0.12047181 -0.12535457 -0.11465679 -0.09918987 -0.083722953 -0.074421305 -0.066185183 -0.058884991 -0.061542481 -0.06419997
-9999 -0.072351732 -0.073161854 -0.071457515 -0.06924391 -0.067030305 -0.0648167 -0.068930411 -0.080346655 -0.0917629 -0.10317914 -0.11404958 -0.1198315 -0.12497298 -0.12883192 -0.13269087 -0.13654981 -0.14027752 -0.14061745 -0.1418174 -0.14500146 -0.14563451 -0.14432321 -0.14301192 -0.14170062 -0.13724492 -0.12436144 -0.11147796 -0.098594486 -0.086161099 -0.08274112 -0.081561718 -0.084701434 -0.082154573 -0.076347134 -0.070539696 -0.064732258 -0.063524631 -0.068897688 -0.074270745 -0.079643802 -0.085632498 -0.093383917 -0.099466434 -0.1043492 -0.10923196 -0.11411473 -0.1088063 -0.093339381 -0.084037733 -0.075801611 -0.067565489 -0.059329368 -0.060279484
-9999 -0.080599993 -0.078386388 -0.076172784 -0.073959179 -0.071745574 -0.069531969 -0.073645679 -0.085061924 -0.096478169 -0.10789441 -0.11931066 -0.1307269 -0.13731485 -0.14117379 -0.14503274 -0.14889168 -0.15275063 -0.15660957 -0.15884452 -0.15798777 -0.15667647 -0.15536517 -0.15405388 -0.15274258 -0.14828688 -0.1354034 -0.12251992 -0.10963645 -0.096752967 -0.083869489 -0.080213899 -0.074900421 -0.069092983 -0.063285544 -0.057478106 -0.051670668 -0.050463041 -0.055836098 -0.061209155 -0.066582212 -0.071955269 -0.077328326 -0.083343827 -0.088226592 -0.093109357 -0.097992122 -0.10287489 -0.10295581 -0.093654161 -0.085418039 -0.077181917 -0.068945796 -0.060709674
-9999 -0.079163596 -0.076949991 -0.074736386 -0.072522781 -0.070309176 -0.07053789 -0.074328399 -0.082097496 -0.093513741 -0.10492999 -0.11634623 -0.12776248 -0.13425209 -0.13380713 -0.13766607 -0.14152502 -0.14538396 -0.14924291 -0.15153845 -0.15022715 -0.14891585 -0.14760455 -0.14629326 -0.14344556 -0.13913576 -0.13981317 -0.1269297 -0.11404622 -0.10116274 -0.088279263 -0.077812728 -0.07200529 -0.066197851 -0.060390413 -0.054582975 -0.049807423 -0.053402331 -0.062230089 -0.067603146 -0.072976203 -0.07834926 -0.083722317 -0.08427112 -0.0868153 -0.091698065 -0.09658083 -0.10146359 -0.10634636 -0.1064242 -0.098288399 -0.090052277 -0.081816155 -0.073580034
-9999 -0.075052141 -0.072838536 -0.070624932 -0.068411327 -0.070758797 -0.074537192 -0.078327701 -0.082132191 -0.08720979 -0.098626035 -0.11004228 -0.12145852 -0.12794814 -0.12457189 -0.12172914 -0.12558808 -0.12944703 -0.13330597 -0.13560151 -0.13429021 -0.13297892 -0.13166762 -0.1262693 -0.11726167 -0.11295187 -0.12123344 -0.12845546 -0.11557198 -0.1026885 -0.089805024 -0.07933849 -0.073531052 -0.067723613 -0.061916175 -0.05812587 -0.05550469 -0.059099597 -0.071587499 -0.082457412 -0.087830469 -0.093203526 -0.098576583 -0.099125386 -0.096206095 -0.096684001 -0.10156677 -0.10644953 -0.1113323 -0.11141014 -0.11065755 -0.10433761 -0.09610149 -0.087865368
-9999 -0.070940687 -0.068727082 -0.06720131 -0.070979705 -0.074758099 -0.078536494 -0.082327003 -0.086131493 -0.089935984 -0.093740475 -0.10373833 -0.11515457 -0.12164419 -0.11826794 -0.1148917 -0.11151545 -0.11351009 -0.11736904 -0.11966458 -0.11835328 -0.11704198 -0.10909304 -0.10008541 -0.091077776 -0.086767978 -0.095049552 -0.10333113 -0.1116127 -0.10421426 -0.091330786 -0.080864252 -0.075056813 -0.069249375 -0.066444317 -0.063823137 -0.061201957 -0.064796864 -0.077284766 -0.089772668 -0.10226057 -0.10805779 -0.11343085 -0.11397965 -0.11106036 -0.10814107 -0.1065527 -0.11143547 -0.11631823 -0.11639607 -0.11564349 -0.11489091 -0.11038682 -0.1021507
-9999 -0.066829232 -0.067422217 -0.071200612 -0.074979007 -0.078757401 -0.082535796 -0.086326305 -0.090130795 -0.093935286 -0.097739777 -0.10154427 -0.10885062 -0.11534024 -0.11196399 -0.10858775 -0.1052115 -0.10183526 -0.1014321 -0.10372764 -0.10092441 -0.091916777 -0.082909146 -0.073901515 -0.064893884 -0.060584086 -0.068865659 -0.077147233 -0.085428806 -0.09371038 -0.092856548 -0.082390014 -0.077383944 -0.074762764 -0.072141584 -0.069520403 -0.066899223 -0.070494131 -0.082982032 -0.095469934 -0.10795784 -0.12044574 -0.12828512 -0.12883392 -0.12591463 -0.12299534 -0.12007605 -0.11715676 -0.12130417 -0.12138201 -0.12062943 -0.11987684 -0.11912426 -0.11643604
-9999 -0.067749892 -0.071528287 -0.075306681 -0.079085076 -0.08286347 -0.086641865 -0.088279176 -0.092083667 -0.095888158 -0.099692648 -0.10349714 -0.10730163 -0.11140668 -0.10803043 -0.10465419 -0.10127794 -0.097901699 -0.094525454 -0.089446362 -0.080438731 -0.0714311 -0.062423469 -0.053415838 -0.044408207 -0.041524229 -0.049805802 -0.058087375 -0.066368949 -0.074650522 -0.082932096 -0.087489645 -0.084868465 -0.082247285 -0.079626105 -0.077004924 -0.074383744 -0.075298343 -0.087786245 -0.10027415 -0.11276205 -0.12524995 -0.13773785 -0.13952363 -0.13660434 -0.13368505 -0.13076576 -0.12784647 -0.12492717 -0.12385531 -0.12310272 -0.12235014 -0.12159756 -0.12084498
-9999 -0.072387007 -0.076165402 -0.079943796 -0.083722191 -0.087078574 -0.081354223 -0.080053397 -0.083857888 -0.087662378 -0.091466869 -0.09527136 -0.10901643 -0.11802642 -0.11566283 -0.11251061 -0.10913437 -0.10575812 -0.10238188 -0.097302788 -0.088295157 -0.079287526 -0.070279895 -0.061272264 -0.05753936 -0.057883462 -0.06617684 -0.074461442 -0.082743016 -0.091024589 -0.099306163 -0.10386371 -0.10124253 -0.098621352 -0.096000172 -0.093378992 -0.079264154 -0.075660631 -0.088148533 -0.10063643 -0.11312434 -0.12535432 -0.13478063 -0.13405967 -0.12658014 -0.12366085 -0.12074156 -0.11782227 -0.11490298 -0.11383111 -0.11307853 -0.11232595 -0.11157336 -0.11092602
-9999 -0.077024122 -0.080802517 -0.084580911 -0.084577145 -0.078852794 -0.073128443 -0.071827618 -0.075632108 -0.079436599 -0.086145559 -0.10083508 -0.11552459 -0.12453458 -0.12217099 -0.11980741 -0.1169908 -0.11361455 -0.11023831 -0.10515921 -0.096151583 -0.087143952 -0.079141508 -0.07651974 -0.073897973 -0.074242075 -0.082535453 -0.09082883 -0.099117083 -0.10739866 -0.11568023 -0.12023778 -0.1176166 -0.11499542 -0.10932888 -0.09447766 -0.079626442 -0.07602292 -0.088510822 -0.10099872 -0.11234995 -0.12177626 -0.13120256 -0.1304816 -0.1224659 -0.1144502 -0.11071736 -0.10779807 -0.10487878 -0.10380692 -0.10305433 -0.10230175 -0.10169226 -0.10109567
-9999 -0.081661237 -0.085439632 -0.082075717 -0.076351366 -0.070627015 -0.064902664 -0.063601838 -0.067406329 -0.077964209 -0.092653725 -0.10734324 -0.12203276 -0.13104275 -0.12867916 -0.12631557 -0.12395199 -0.12147098 -0.11809473 -0.11301564 -0.10400801 -0.098121888 -0.095500121 -0.092878353 -0.090256586 -0.090600688 -0.098894066 -0.10718744 -0.11548082 -0.12377272 -0.1320543 -0.13661185 -0.13399067 -0.12454238 -0.10969117 -0.094839948 -0.07998873 -0.076385208 -0.08887311 -0.099345574 -0.10877188 -0.11819819 -0.1276245 -0.12690354 -0.11888784 -0.11087214 -0.10285643 -0.097773878 -0.094854587 -0.09378272 -0.093055092 -0.092458498 -0.091861904 -0.091265311
-9999 -0.08529864 -0.079574289 -0.073849938 -0.068125587 -0.062401236 -0.056676885 -0.055376059 -0.069782859 -0.084472375 -0.099161891 -0.11385141 -0.12854092 -0.13755091 -0.13518733 -0.13282374 -0.13046015 -0.12809656 -0.12573298 -0.12087207 -0.11710227 -0.1144805 -0.11185873 -0.10923697 -0.1066152 -0.1069593 -0.11525268 -0.12354606 -0.13183943 -0.14013281 -0.14842619 -0.15298591 -0.13975589 -0.12490467 -0.11005345 -0.095202237 -0.080351019 -0.076747497 -0.086341199 -0.095767506 -0.10519381 -0.11462012 -0.12404643 -0.12332547 -0.11530977 -0.10729407 -0.099278367 -0.091262667 -0.084830392 -0.083821329 -0.083224735 -0.082628141 -0.082031547 -0.081434954
-9999 -0.08160638 -0.075882029 -0.070157678 -0.064433327 -0.058708976 -0.058732592 -0.057961574 -0.060569624 -0.07525914 -0.089948656 -0.10463817 -0.11932769 -0.13048387 -0.13157106 -0.12920748 -0.12684389 -0.1244803 -0.12211672 -0.11967506 -0.11705329 -0.11443152 -0.11180976 -0.10918799 -0.10798888 -0.11122561 -0.10988757 -0.11818095 -0.12647433 -0.1347677 -0.14306108 -0.14344902 -0.1285978 -0.11374659 -0.098895368 -0.084044149 -0.072520943 -0.072079257 -0.078428199 -0.087854507 -0.097280814 -0.10670712 -0.11613343 -0.12194382 -0.1166601 -0.1086444 -0.1006287 -0.092613001 -0.084597301 -0.080204431 -0.079607838 -0.079011244 -0.07841465 -0.077818056
