P1_models/J1_p1_vp_slide_diff2_200.dat.tif
NCOLS 118
NROWS 92
XLLCORNER 139.62
YLLCORNER -39.07
DX 0.099491525
DY 0.099347826
NODATA_VALUE -9999
[rows 24 to 47 of 92, columns 54 to 107 of 118]
0.11044345 0.10404614 0.097648839 0.091251534 0.084854229 0.078456924 0.075511143 0.074910818 0.074310493 0.073710168 0.073109843 0.07162848 0.068905205 0.065602448 0.062299691 0.058996934 0.055694177 0.054956303 0.058946834 0.062937366 0.066927897 0.070918429 0.074748009 0.064203409 0.053658809 0.043114209 0.032569609 0.022025009 0.019118 0.018712525 0.01830705 0.017901575 0.0174961 0.015475526 0.010544688 0.0056138508 0.00068301324 -0.0042478243 -0.010143824 -0.0018084663 0.0066955231 0.015199512 0.023703502 0.032207491 0.02762566 0.01872136 0.0098170594 0.00091275925 -0.0079915409 -0.012209834 -0.01318704 -0.014164246 -0.015141451 -0.016118657
0.10597408 0.098534457 0.092137152 0.085739847 0.079342542 0.072945237 0.073047637 0.074510572 0.073910247 0.073309923 0.072709598 0.072109273 0.072850602 0.069604319 0.066301562 0.062998805 0.059696049 0.059592647 0.063583179 0.06757371 0.071564241 0.075554773 0.067699085 0.054562449 0.044017849 0.033473249 0.022928649 0.012384049 0.0087744727 0.0083689978 0.0079635229 0.007558048 0.0090383651 0.016069835 0.019433101 0.014502263 0.0095714256 0.004640588 0.00011027771 0.0086142671 0.017118256 0.025622246 0.034126235 0.03432614 0.021120562 0.012087223 0.003182923 -0.0057213772 -0.014625677 -0.01180251 -0.010767453 -0.011744659 -0.012721865 -0.01369907
0.10207944 0.094336152 0.086641103 0.080243798 0.073846493 0.067449188 0.067551589 0.072070814 0.074505277 0.073904953 0.073304628 0.072704303 0.073445633 0.074233063 0.071676068 0.068373311 0.065070555 0.064967153 0.068957685 0.072948216 0.075472687 0.067357863 0.059185399 0.045865173 0.032544947 0.021834123 0.011289523 0.000744923 -0.0028646536 -0.0032701285 -0.0036756034 -0.0014078606 0.0044345446 0.011466015 0.020640072 0.025780989 0.020850152 0.015919314 0.011389004 0.019892993 0.028396983 0.036900972 0.036247618 0.03453773 0.021332152 0.0069022455 -0.0027100941 -0.011614394 -0.020518695 -0.017695527 -0.0092815285 -0.0076614632 -0.0086386689 -0.0096158747
0.09818479 0.090441506 0.082698223 0.07495494 0.068350445 0.06195314 0.06205554 0.066574765 0.07109399 0.074499983 0.073899658 0.073299333 0.074040663 0.074828093 0.075615523 0.073747817 0.070445061 0.070341659 0.074332191 0.075073824 0.066959001 0.058844177 0.050671713 0.037351487 0.024031261 0.010711036 -0.00034960334 -0.010894203 -0.01450378 -0.014909255 -0.011854086 -0.0060116811 -0.00016927596 0.0068621941 0.016036251 0.025210309 0.032128878 0.02719804 0.02266773 0.031171719 0.039675709 0.038169097 0.036459208 0.034749319 0.021543742 0.0071138352 -0.0073160712 -0.017507411 -0.026411712 -0.023588544 -0.015174546 -0.0067605473 -0.0045554733 -0.0055326791
0.094290143 0.08654686 0.078803577 0.071060294 0.06331701 0.056457091 0.056559492 0.061078716 0.065597941 0.070117166 0.074494688 0.073894363 0.074635693 0.075423123 0.076210553 0.076997983 0.075819567 0.075716165 0.074674962 0.066560139 0.058445315 0.050330491 0.042158027 0.028837801 0.015517575 0.0021973496 -0.011122876 -0.02253333 -0.026142906 -0.022300312 -0.016457907 -0.010615502 -0.0047730965 0.0022583736 0.011432431 0.020606488 0.029780545 0.038476767 0.033946456 0.041800464 0.040090575 0.038380686 0.036670798 0.034960909 0.021755331 0.0073254249 -0.0071044815 -0.021534388 -0.032304729 -0.029481561 -0.021067563 -0.012653564 -0.0042395661 -0.0014494834
0.090747698 0.083004415 0.075261132 0.067517848 0.059774565 0.052031282 0.050541037 0.055060262 0.059579487 0.064098712 0.068617937 0.073137162 0.072652556 0.073439986 0.074227416 0.075014846 0.075802277 0.072684544 0.064569721 0.056454897 0.048340073 0.04022525 0.034603026 0.023236144 0.0099159182 -0.0034043076 -0.016724533 -0.030044759 -0.030258007 -0.024415601 -0.018573196 -0.012730791 -0.0068883858 -0.0026787362 0.006495321 0.015669378 0.024843435 0.034017493 0.042867071 0.041157183 0.039447294 0.037737405 0.036027517 0.034231354 0.021623443 0.0071935369 -0.0072363696 -0.021666276 -0.036096182 -0.034639611 -0.026225612 -0.017811614 -0.0093976158 -0.00098361754
0.082602284 0.0817129 0.074618119 0.066874835 0.059131552 0.051388269 0.046103862 0.044741194 0.049260418 0.053779643 0.058298868 0.062818093 0.053066264 0.050232545 0.051019975 0.051807406 0.052594836 0.049477103 0.04136228 0.033247456 0.025132633 0.022374138 0.033139442 0.037433909 0.028287022 0.014966796 0.0016465707 -0.011673655 -0.011886902 -0.0060444973 -0.0002020921 0.0056403131 0.0036202142 -0.0013256461 -0.0011855342 0.007988523 0.01716258 0.026336637 0.035186216 0.033476327 0.031766439 0.03005655 0.027919 0.022122545 0.016008034 0.0042340286 -0.010195878 -0.024625784 -0.039055691 -0.035560871 -0.025333173 -0.016919175 -0.0085051764 -9.1178133e-05
0.073804717 0.072915333 0.07202595 0.066231822 0.058488539 0.050745256 0.045460849 0.041847352 0.03894135 0.043460575 0.0479798 0.052499025 0.042747195 0.032504995 0.027812535 0.028599965 0.029387395 0.026269663 0.018154839 0.010040015 0.010072795 0.020910554 0.031675858 0.035970325 0.040264793 0.033337901 0.020017675 0.006697449 0.0064842016 0.012326607 0.018169012 0.014510752 0.0073550583 0.002409198 0.0014452566 0.00048131509 0.009481725 0.018655782 0.027505361 0.025795472 0.024085583 0.021606645 0.015810191 0.010013736 0.0038992254 -0.0022491595 -0.013155386 -0.027585293 -0.042015199 -0.038520379 -0.026480313 -0.016026735 -0.007612737 0.00080126127
0.065007149 0.064117766 0.063228383 0.062339 0.057845526 0.050102243 0.044817836 0.041204339 0.037590843 0.033977346 0.037660731 0.042179956 0.032428127 0.022185927 0.011943726 0.0053925239 0.0061799541 0.0030622219 -0.0050526017 -0.0022285479 0.0086092114 0.019446971 0.030212274 0.034506742 0.038801209 0.043095676 0.038388779 0.025068553 0.024855306 0.030697711 0.025401289 0.018245596 0.011089902 0.0061440422 0.0051801007 0.0042161592 0.0032522177 0.010974927 0.019824505 0.018114617 0.01529429 0.0094978359 0.0037013816 -0.0020950727 -0.0082095836 -0.014357968 -0.020506353 -0.030544801 -0.044974707 -0.041479888 -0.029439821 -0.017399755 -0.0067202976 0.0016937007
0.056209582 0.055320199 0.054430816 0.053541433 0.05265205 0.04945923 0.044174823 0.040561326 0.03694783 0.033334333 0.029720836 0.031860888 0.022109058 0.011866858 0.0016246578 -0.0086175425 -0.017027487 -0.020145219 -0.014529891 -0.0036921316 0.0071456277 0.017983387 0.028748691 0.033043158 0.037337625 0.041632092 0.04592656 0.043439657 0.04322641 0.036291826 0.029136133 0.02198044 0.014824747 0.0098788863 0.0089149448 0.0079510033 0.0069870619 0.0060231204 0.01214365 0.0089819356 0.0031854813 -0.0026109731 -0.0084074274 -0.014203882 -0.020318393 -0.026466777 -0.032615162 -0.038763547 -0.047934216 -0.044439396 -0.03239933 -0.020359263 -0.0083191968 0.0025861401
0.048419712 0.047397154 0.046507771 0.045618388 0.044729004 0.043839621 0.042846724 0.039233227 0.035619731 0.032006234 0.028392737 0.024779241 0.020807054 0.010564854 0.0003226534 -0.0099195469 -0.020161747 -0.021156776 -0.010319017 0.00051874235 0.011356502 0.022194261 0.028317269 0.031955934 0.036250401 0.040544868 0.044839336 0.049133803 0.045596516 0.038440823 0.03128513 0.024129436 0.016973743 0.012608363 0.011483126 0.010519185 0.0095552432 0.0085913017 0.0074832904 0.0016868361 -0.0041096182 -0.0099060725 -0.015702527 -0.020452838 -0.026520367 -0.032668752 -0.038817137 -0.044965522 -0.051113907 -0.046216341 -0.034176275 -0.022136209 -0.010096142 0.0019439243
0.042628382 0.041171897 0.040027053 0.03913767 0.038248287 0.037358903 0.036817857 0.036513519 0.033161736 0.029548239 0.025934742 0.022321246 0.025277598 0.024134471 0.013892271 0.0036500703 -0.00659213 -0.007587159 0.0032506003 0.01408836 0.024926119 0.029222793 0.029633628 0.032378468 0.035783898 0.040078366 0.044372833 0.0486673 0.045130014 0.03797432 0.030818627 0.023662934 0.019379264 0.015650783 0.012602212 0.011163218 0.010199276 0.0092353348 0.0081273235 0.0023308692 -0.0034655851 -0.0092620394 -0.013664017 -0.016207878 -0.022573711 -0.02912873 -0.035277115 -0.0414255 -0.047573885 -0.043505975 -0.034002848 -0.021962782 -0.0099227154 0.0021173511
0.036837051 0.035380567 0.033924082 0.032656952 0.031767569 0.030878186 0.030337139 0.030032801 0.029728464 0.027090244 0.023476748 0.019863251 0.022819604 0.026001704 0.027461888 0.017219687 0.0069774872 0.0059824582 0.016820217 0.027657977 0.030154451 0.030539152 0.030949987 0.033694826 0.036439666 0.039611863 0.04390633 0.048200797 0.044663511 0.037507817 0.0306333 0.026527492 0.022421683 0.018693202 0.015644631 0.012596061 0.010843309 0.0098793679 0.0087713566 0.0029749023 -0.002821552 -0.006875195 -0.0094190567 -0.011962918 -0.018328751 -0.025101637 -0.031737092 -0.037885477 -0.044033862 -0.039965953 -0.031027634 -0.021789355 -0.0097492886 0.0022907778
0.031045721 0.029589236 0.028132751 0.026676267 0.025286851 0.024397468 0.023856421 0.023552083 0.023247746 0.022943409 0.021018753 0.017405256 0.020361609 0.02354371 0.02672581 0.029907911 0.020547104 0.019552075 0.030389835 0.031086109 0.03147081 0.03185551 0.032266345 0.035011185 0.037756025 0.040500865 0.043439827 0.047734294 0.044197008 0.037781528 0.03367572 0.029569911 0.025464102 0.021735621 0.018687051 0.01563848 0.012589909 0.010523401 0.0094153897 0.0036189354 -8.6373373e-05 -0.0026302351 -0.0051740969 -0.0077179586 -0.014083792 -0.020856677 -0.027629563 -0.034345455 -0.04049384 -0.036425931 -0.027487612 -0.018549294 -0.0095758619 0.0024642046
0.025254391 0.023797906 0.022341421 0.020884936 0.019428451 0.017971966 0.017375703 0.017071366 0.016767028 0.016462691 0.016158353 0.014947261 0.017903614 0.021085715 0.024267816 0.027449916 0.030632017 0.031633067 0.032017767 0.032402468 0.032787169 0.033171869 0.033582704 0.036327544 0.039072384 0.041817223 0.044562063 0.047306903 0.044929756 0.040823947 0.036718139 0.03261233 0.028506521 0.02477804 0.02172947 0.018680899 0.015632329 0.012583758 0.010059423 0.0067024482 0.0041585865 0.0016147247 -0.00092913704 -0.0034729988 -0.0098388318 -0.016611717 -0.023384603 -0.030157489 -0.036930374 -0.032885909 -0.02394759 -0.015009271 -0.0060709527 0.0028673659
0.013365446 0.011908961 0.010452476 0.008995991 0.0075395062 0.010543148 0.010183249 0.0082117678 0.0079074303 0.0076030928 0.0072987554 0.0069944179 0.0100607 0.013242801 0.016424902 0.019607002 0.024891524 0.030413514 0.030798214 0.031182915 0.031567615 0.031952316 0.035461484 0.025600702 0.028345542 0.031090381 0.033835221 0.036580061 0.03463915 0.030533342 0.026427533 0.022321724 0.019255315 0.017964926 0.014004149 0.010955578 0.0079070076 0.004858437 0.0018249132 -0.00071894853 -0.0032628103 -0.005806672 -0.0083505338 -0.013907938 -0.020670548 -0.027443434 -0.034216319 -0.040989205 -0.04182776 -0.034282143 -0.025343824 -0.016405506 -0.0074671871 0.0040745208
-0.0005857968 -0.0020422817 -0.0034987665 -0.0049552514 -4.2617941e-05 0.0073538663 0.0069939682 0.0013632808 -0.0017567374 -0.0020610749 -0.0023654124 -0.0026697499 0.00039653226 0.003578633 0.0067607338 0.013277576 0.02281429 0.02833628 0.028720981 0.029105681 0.029711071 0.033820623 0.037750587 0.025641906 0.013545523 0.016290363 0.019035203 0.021780042 0.019839132 0.015733323 0.011627514 0.009283241 0.0099753641 0.0086849754 0.0038222801 -0.00041154102 -0.0034601115 -0.006508682 -0.0095422059 -0.012086068 -0.014629929 -0.017173791 -0.023172667 -0.029838794 -0.036601404 -0.04337429 -0.050147175 -0.049517756 -0.044893505 -0.037347887 -0.028409569 -0.01947125 -0.0074491022 0.0071158601
-0.014537039 -0.015993524 -0.017450009 -0.010628383 -0.0032318991 0.0041645851 0.003804687 -0.0018260004 -0.0074566877 -0.011725243 -0.01202958 -0.012333918 -0.0092676355 -0.0060855347 0.0016636271 0.011200342 0.020737057 0.026259047 0.026643747 0.027890621 0.032000174 0.036109727 0.040039691 0.027931009 0.015822327 0.0037136455 0.0042351842 0.006980024 0.0050391135 0.00093330477 -0.00068883302 3.2901042e-06 0.00069541323 -0.00059497549 -0.0054576707 -0.010320366 -0.014827231 -0.017875801 -0.020909325 -0.023453187 -0.025997048 -0.032437396 -0.039103523 -0.04576965 -0.05253226 -0.059305146 -0.057207752 -0.0525835 -0.047959249 -0.040413632 -0.031475313 -0.018972725 -0.0044077629 0.010157199
-0.028488282 -0.028610633 -0.021214149 -0.013817665 -0.0064211803 0.00097530394 0.00061540578 -0.0050152816 -0.010645969 -0.016276656 -0.021693748 -0.021998085 -0.018931803 -0.0099503213 -0.00041360632 0.0091231086 0.018659824 0.024181813 0.026070172 0.030179725 0.034289278 0.03839883 0.042328794 0.030220113 0.018111431 0.006002749 -0.0061059328 -0.0078199944 -0.0097609049 -0.010660907 -0.0099687839 -0.0092766607 -0.0085845376 -0.0098749263 -0.014737622 -0.019600317 -0.024463012 -0.02924292 -0.032276444 -0.035035997 -0.041702124 -0.048368251 -0.055034379 -0.061700506 -0.068463116 -0.064897747 -0.060273496 -0.055649245 -0.051024993 -0.043479376 -0.030496348 -0.015931386 -0.0013664236 0.013198539
-0.038824546 -0.031428062 -0.024031577 -0.016635093 -0.0092386088 -0.0018421245 -0.00067702519 -0.0063077125 -0.0119384 -0.017569087 -0.023199775 -0.028830462 -0.021409607 -0.011872893 -0.0023361776 0.0072005374 0.016737252 0.023893227 0.02800278 0.032112333 0.036221886 0.040331438 0.044358194 0.033259913 0.021151231 0.0090425497 -0.0030661321 -0.015174814 -0.01852792 -0.017835796 -0.017143673 -0.01645155 -0.015759427 -0.017960875 -0.02282357 -0.027686265 -0.032548961 -0.037411656 -0.042328116 -0.048994243 -0.055660371 -0.062326498 -0.068992625 -0.075616238 -0.070463739 -0.065839487 -0.061215236 -0.056590985 -0.051966733 -0.042725818 -0.028160856 -0.013595894 0.00096906883 0.015534031
-0.037548771 -0.03131847 -0.024044471 -0.016647987 -0.0092515028 -0.0018550186 0.0043040411 0.0067060072 0.0010753198 -0.0045553675 -0.010186055 -0.015816742 -0.018176382 -0.012628993 -0.003092278 0.006444437 0.015981152 0.023137127 0.02724668 0.031356233 0.035465785 0.039584343 0.043637394 0.039896512 0.029852833 0.017744151 0.0056354692 -0.0064732126 -0.0098263183 -0.0091341952 -0.0084420721 -0.0077499489 -0.0070857529 -0.010855776 -0.021904286 -0.026766981 -0.031629676 -0.036492371 -0.041408832 -0.048074959 -0.054741086 -0.061407213 -0.067914743 -0.073191306 -0.059169745 -0.050761869 -0.046137618 -0.041513367 -0.036889115 -0.037049474 -0.0311489 -0.016583938 -0.0020189756 0.012545987
-0.036174178 -0.029943876 -0.023713575 -0.016660881 -0.0092643969 -0.0018679127 0.004291147 0.0096093243 0.01408904 0.0084583522 0.0028276648 -0.0028030225 -0.005162662 -0.0074099042 -0.0038483783 0.0056883366 0.015225052 0.022381027 0.026490579 0.030600132 0.034723221 0.038863543 0.042916593 0.039175712 0.035434831 0.026445752 0.01433707 0.0022283887 -0.001124717 -0.00043259389 0.00025952923 0.0009179999 0.0015646948 -0.0022053285 -0.013933878 -0.025662427 -0.030710392 -0.035573087 -0.040489547 -0.047155674 -0.053821802 -0.060213248 -0.065489811 -0.070766373 -0.056744813 -0.040667939 -0.03106 -0.026435749 -0.021811498 -0.021971856 -0.024413179 -0.019571982 -0.00500702 0.0095579424
-0.034799584 -0.028569283 -0.022338981 -0.01610868 -0.009277291 -0.0018808067 0.0042782529 0.0095964303 0.014914608 0.020232785 0.015841385 0.010210697 0.0078510577 0.0056038155 0.0033565733 0.0049322362 0.014468951 0.021624926 0.025734479 0.0298621 0.034002421 0.038142742 0.042195793 0.038454912 0.03471403 0.030973149 0.023038672 0.01092999 0.0075768843 0.0082690074 0.0089217527 0.0095684476 0.010215143 0.0064451192 -0.0052834299 -0.017011979 -0.028740528 -0.034653802 -0.039570263 -0.04623639 -0.052511754 -0.057788316 -0.063064878 -0.068341441 -0.05431988 -0.038243007 -0.022166133 -0.011358131 -0.0067338796 -0.0068942379 -0.0093355609 -0.011776884 -0.0079950644 0.006569898
-0.033424991 -0.027194689 -0.020964388 -0.014734086 -0.0085037849 -0.0018937008 0.0042653588 0.0095835362 0.014901714 0.020219891 0.025538068 0.023224417 0.020864777 0.018617535 0.016370293 0.014123051 0.013712851 0.020868826 0.025000978 0.029141299 0.033281621 0.037421942 0.041474993 0.037734112 0.03399323 0.030252349 0.026511468 0.019631591 0.016278486 0.016925506 0.0175722 0.018218895 0.01886559 0.015095567 0.0033670178 -0.0083615312 -0.02009008 -0.031818629 -0.038650978 -0.044810259 -0.050086821 -0.055363384 -0.060639946 -0.065916508 -0.051894948 -0.035818074 -0.0197412 -0.0036643264 0.0083437383 0.0081833801 0.005742057 0.003300734 0.00085941094 0.0035818536
