P1_models/J1_p1_vp_slide_diff2_80.dat.tif
NCOLS 118
NROWS 92
XLLCORNER 139.62
YLLCORNER -39.07
DX 0.099491525
DY 0.099347826
NODATA_VALUE -9999
[rows 24 to 47 of 92, columns 54 to 107 of 118]
0.026868104 0.019355072 0.011842041 0.0043290094 -0.0031840221 -0.010697054 -0.0072883158 0.003542225 0.014372766 0.025203307 0.036033848 0.044176713 0.043198406 0.042072162 0.040945917 0.039819673 0.038693429 0.039089923 0.041612402 0.044134881 0.046657359 0.049179838 0.051473845 0.033363572 0.015253298 -0.0028569753 -0.020967249 -0.039077522 -0.039436919 -0.031954405 -0.024471892 -0.016989378 -0.0095068645 -0.010588258 -0.027101035 -0.043613813 -0.06012659 -0.076639368 -0.093016031 -0.084287898 -0.074571478 -0.064855057 -0.055138637 -0.045422216 -0.051978001 -0.064150598 -0.076323194 -0.088495791 -0.10066839 -0.11413965 -0.12682362 -0.1395076 -0.15219158 -0.16487555
0.026937742 0.023074619 0.015561587 0.0080485559 0.00053552439 -0.0069775071 -0.0063907914 0.0025295731 0.013360114 0.024190655 0.035021196 0.045851737 0.043155944 0.042001611 0.040875367 0.039749123 0.038622879 0.039097225 0.041619703 0.044142182 0.046664661 0.049187139 0.049495106 0.0293145 0.011204227 -0.0069060468 -0.02501632 -0.043126594 -0.04373175 -0.036249236 -0.028766722 -0.021284209 -0.020244823 -0.026559611 -0.029076241 -0.045589018 -0.062101796 -0.078614573 -0.09434539 -0.08462897 -0.074912549 -0.065196129 -0.055479708 -0.05440647 -0.070507193 -0.082809293 -0.09498189 -0.10715449 -0.11932708 -0.10975346 -0.11544692 -0.12813089 -0.14081487 -0.15349885
0.02893252 0.026132722 0.023164021 0.01565099 0.0081379583 0.00062492678 0.0012116424 0.0073024781 0.015323396 0.026153937 0.036984478 0.047815019 0.045119226 0.041958651 0.040461488 0.039335244 0.038209 0.038683346 0.041205825 0.043728303 0.04600404 0.046489153 0.046743806 0.026416561 0.0060893159 -0.012153726 -0.030263999 -0.048374273 -0.048979429 -0.041496915 -0.034014401 -0.035665388 -0.049529814 -0.055844602 -0.048555627 -0.048072503 -0.06458528 -0.081098058 -0.096828874 -0.087112454 -0.077396033 -0.067679613 -0.067494476 -0.068409018 -0.084509741 -0.10222784 -0.11511103 -0.12728362 -0.13945622 -0.1298826 -0.10994191 -0.11360307 -0.12628705 -0.13897102
0.030927297 0.028127499 0.025327701 0.022527903 0.015740392 0.0082273606 0.0088140763 0.014904912 0.020995748 0.028117219 0.03894776 0.049778301 0.047082508 0.043921933 0.040761359 0.038921366 0.037795122 0.038269467 0.040791946 0.042767626 0.043252739 0.043737852 0.043992505 0.02366526 0.0033380152 -0.01698923 -0.035511678 -0.053621952 -0.054227108 -0.046744594 -0.051085954 -0.064950379 -0.078814805 -0.085129593 -0.077840619 -0.070551644 -0.067068764 -0.083581542 -0.099312358 -0.089595938 -0.079879518 -0.080582482 -0.081497024 -0.082411565 -0.098512288 -0.11623039 -0.13394849 -0.14741276 -0.15958536 -0.15001174 -0.13007105 -0.11013036 -0.11175922 -0.1244432
0.032922075 0.030122277 0.027322479 0.024522681 0.021722882 0.015829794 0.01641651 0.022507346 0.028598181 0.034689017 0.040911042 0.051741583 0.04904579 0.045885216 0.042724641 0.039564067 0.037381243 0.037855588 0.039531212 0.040016325 0.040501438 0.040986552 0.041241205 0.02091396 0.00058671458 -0.01974053 -0.040067775 -0.058869631 -0.059474787 -0.066506519 -0.080370945 -0.094235371 -0.1080998 -0.11441458 -0.10712561 -0.099836635 -0.092547661 -0.086065026 -0.10179584 -0.092755946 -0.093670488 -0.09458503 -0.095499571 -0.096414113 -0.11251484 -0.13023294 -0.14795104 -0.16566914 -0.1797145 -0.17014087 -0.15020019 -0.1302595 -0.11031881 -0.10991538
0.034146832 0.031347034 0.028547236 0.025747438 0.02294764 0.020147842 0.020699193 0.026790028 0.032880864 0.0389717 0.045062535 0.051153371 0.049681158 0.046520584 0.043360009 0.040199435 0.03703886 0.035477544 0.035962657 0.036447771 0.036932884 0.037417997 0.037613243 0.019391596 -0.00093564897 -0.021262894 -0.041590139 -0.061917384 -0.077824148 -0.091688574 -0.105553 -0.11941743 -0.13328185 -0.14052713 -0.13323816 -0.12594918 -0.11866021 -0.11137124 -0.10432683 -0.10524137 -0.10615591 -0.10707045 -0.107985 -0.10942115 -0.12477751 -0.14249561 -0.16021371 -0.17793182 -0.19564992 -0.18797261 -0.16803192 -0.14809124 -0.12815055 -0.10820986
0.037026564 0.026923732 0.023432937 0.020633139 0.01783334 0.015033542 0.0085533103 0.0037434466 0.0098342823 0.015925118 0.022015954 0.028106789 0.035802399 0.036224133 0.033063558 0.029902984 0.026742409 0.025181093 0.025666206 0.02615132 0.026636433 0.026508261 0.024827177 0.023487609 0.0076589949 -0.01266825 -0.032995495 -0.05332274 -0.069229505 -0.08309393 -0.096958356 -0.11082278 -0.12891642 -0.13995505 -0.13323414 -0.12594517 -0.11865619 -0.11136722 -0.10432281 -0.10523736 -0.1061519 -0.10706644 -0.11056665 -0.13618884 -0.13108538 -0.1404351 -0.1581532 -0.1758713 -0.1935894 -0.1864303 -0.16695072 -0.14701004 -0.12706935 -0.10712866
0.040601183 0.030498352 0.02039552 0.015518839 0.012719041 0.009919243 0.003439011 -0.0055422311 -0.0132123 -0.0071214639 -0.0010306283 0.0050602074 0.012755817 0.020506569 0.022767107 0.019606533 0.016445958 0.014884642 0.015369756 0.015854869 0.015407103 0.013722196 0.012041112 0.010701543 0.0093619744 -0.0040736062 -0.024400851 -0.044728096 -0.060634861 -0.074499286 -0.088363712 -0.10733851 -0.12819456 -0.13923319 -0.13258171 -0.12593023 -0.11865218 -0.1113632 -0.1043188 -0.10523334 -0.10614788 -0.11171215 -0.13733434 -0.16295653 -0.15785306 -0.14947722 -0.15609268 -0.17381078 -0.19152888 -0.18436978 -0.16535098 -0.14592884 -0.12598815 -0.10604746
0.044175802 0.034072971 0.02397014 0.013867308 0.0076047419 0.0048049438 -0.0016752882 -0.01065653 -0.019637772 -0.028619015 -0.02407721 -0.017986374 -0.010290765 -0.0025400133 0.0052107383 0.0093100818 0.0061495074 0.0045881912 0.0050733045 0.0043059452 0.0026210378 0.00093613043 -0.00074495295 -0.0020845219 -0.0034240908 -0.0047636597 -0.015806207 -0.036133452 -0.052040217 -0.065904643 -0.0857606 -0.10661665 -0.1274727 -0.13851133 -0.13185985 -0.12520838 -0.1185569 -0.11135919 -0.10431478 -0.10522932 -0.11285765 -0.13847984 -0.16410202 -0.18972421 -0.18462075 -0.1762449 -0.16786906 -0.17175027 -0.18946837 -0.18230927 -0.16329047 -0.14427167 -0.12490695 -0.10496626
0.047750422 0.03764759 0.027544759 0.017441928 0.0073390961 -0.0003093555 -0.0067895875 -0.01577083 -0.024752072 -0.033733314 -0.042714556 -0.041032956 -0.033337347 -0.025586595 -0.017835844 -0.010085092 -0.0041469436 -0.0057082597 -0.0067952126 -0.00848012 -0.010165027 -0.011849935 -0.013531018 -0.014870587 -0.016210156 -0.017549725 -0.018889294 -0.027538808 -0.043445573 -0.064182691 -0.085038742 -0.10589479 -0.12675085 -0.13778947 -0.131138 -0.12448652 -0.11783504 -0.11118356 -0.10431077 -0.11400314 -0.13962533 -0.16524752 -0.19086971 -0.2164919 -0.21138844 -0.20301259 -0.19463674 -0.18626089 -0.18740785 -0.18024875 -0.16122995 -0.14221115 -0.12319235 -0.10388506
0.051358294 0.042508526 0.032405694 0.022302863 0.012200031 0.0020972 -0.0061116683 -0.01509291 -0.024074153 -0.033055395 -0.042036637 -0.051017879 -0.053603694 -0.045852942 -0.038102191 -0.030351439 -0.022600687 -0.018989088 -0.020673995 -0.022358903 -0.02404381 -0.025728717 -0.025933732 -0.027851408 -0.029190977 -0.030530546 -0.031870114 -0.033209683 -0.047898261 -0.068754312 -0.089610364 -0.11046642 -0.13132247 -0.13871784 -0.13297758 -0.1263261 -0.11967463 -0.11302315 -0.10733383 -0.13295602 -0.15857821 -0.1842004 -0.20982259 -0.23315623 -0.23085531 -0.22247946 -0.21410361 -0.20572777 -0.19735192 -0.17961296 -0.16059416 -0.14157536 -0.12255656 -0.10353776
0.051854169 0.047087281 0.039388119 0.029285287 0.019182456 0.0090796244 0.0012356377 -0.0050733687 -0.01384327 -0.022824512 -0.031805755 -0.040786997 -0.054574188 -0.061533917 -0.053783165 -0.046032414 -0.038281662 -0.034670062 -0.03635497 -0.038039877 -0.039724784 -0.039300773 -0.037664118 -0.040369725 -0.042493003 -0.043832572 -0.04517214 -0.046511709 -0.061200287 -0.082056338 -0.10291239 -0.12376844 -0.12761031 -0.13123263 -0.13635795 -0.13239021 -0.12573873 -0.11908725 -0.11339794 -0.13902013 -0.16464231 -0.1902645 -0.21283612 -0.23134291 -0.23295166 -0.22990528 -0.22152943 -0.21315358 -0.20477774 -0.18563116 -0.16230812 -0.14328932 -0.12427052 -0.10525172
0.052350044 0.047583156 0.042816269 0.036267712 0.02616488 0.016062049 0.0082180621 0.0019090557 -0.0043999506 -0.01259363 -0.021574872 -0.030556114 -0.044343306 -0.058295635 -0.06946414 -0.061713388 -0.053962636 -0.050351037 -0.052035944 -0.053720852 -0.052716435 -0.051031159 -0.049394505 -0.052100111 -0.054805717 -0.057134598 -0.058474166 -0.059813735 -0.074502313 -0.095358364 -0.1145487 -0.1173369 -0.1201251 -0.12374742 -0.12887274 -0.13399805 -0.13180283 -0.12515136 -0.11946204 -0.14508423 -0.17070642 -0.19251602 -0.21102281 -0.2295296 -0.23113835 -0.2309474 -0.22895525 -0.2205794 -0.21220356 -0.19305698 -0.16877567 -0.14500329 -0.12598449 -0.10696569
0.052845919 0.048079032 0.043312144 0.038545256 0.033147305 0.023044473 0.015200486 0.0088914801 0.0025824737 -0.0037265326 -0.01134399 -0.020325232 -0.034112423 -0.048064753 -0.062017083 -0.075969413 -0.069643611 -0.066032011 -0.067716919 -0.066132098 -0.064446822 -0.062761546 -0.061124891 -0.063830498 -0.066536104 -0.06924171 -0.071776192 -0.073115761 -0.087804339 -0.10427528 -0.10706349 -0.10985169 -0.11263989 -0.11626221 -0.12138752 -0.12651284 -0.13163816 -0.13121546 -0.12552615 -0.15114834 -0.17219592 -0.19070271 -0.20920949 -0.22771628 -0.22932503 -0.22913409 -0.22894314 -0.22800522 -0.21962937 -0.20048279 -0.17620149 -0.15192019 -0.12769845 -0.10867965
0.053341795 0.048574907 0.043808019 0.039041131 0.034274244 0.029507356 0.022182911 0.015873904 0.0095648981 0.0032558918 -0.0030531146 -0.01009435 -0.023881541 -0.037833871 -0.051786201 -0.06573853 -0.07969086 -0.081233036 -0.07954776 -0.077862484 -0.076177208 -0.074491932 -0.072855278 -0.075560884 -0.078266491 -0.080972097 -0.083677703 -0.08638331 -0.094001869 -0.096790072 -0.099578276 -0.10236648 -0.10515468 -0.108777 -0.11390231 -0.11902763 -0.12415294 -0.12927826 -0.13159025 -0.15187581 -0.1703826 -0.18888939 -0.20739618 -0.22590297 -0.22751172 -0.22732077 -0.22712983 -0.22693888 -0.22674793 -0.20790861 -0.18362731 -0.159346 -0.1350647 -0.11078339
0.046939725 0.042172837 0.037405949 0.032639062 0.027872174 0.028592146 0.024864514 0.017268059 0.010959053 0.0046500463 -0.0016589601 -0.0079679664 -0.021666387 -0.035618717 -0.049571046 -0.063523376 -0.073873779 -0.074855208 -0.073169932 -0.071484656 -0.06979938 -0.068114104 -0.078805551 -0.063109811 -0.065815417 -0.068521023 -0.07122663 -0.073932236 -0.076694337 -0.079482541 -0.082270744 -0.085058947 -0.09044266 -0.11078766 -0.12861799 -0.13374331 -0.13886862 -0.14399394 -0.14951819 -0.16802498 -0.18653177 -0.20503856 -0.22354535 -0.23388629 -0.23441989 -0.23422894 -0.234038 -0.23384705 -0.22770354 -0.20750866 -0.18322735 -0.15894605 -0.13466474 -0.1126564
0.038204675 0.033437788 0.0286709 0.023904012 0.026972431 0.03309649 0.029368858 0.018946588 0.010463177 0.0041541711 -0.0021548353 -0.0084638416 -0.022162262 -0.036114592 -0.050066921 -0.058306078 -0.061371503 -0.062352932 -0.060667656 -0.05898238 -0.058147187 -0.070809879 -0.083122214 -0.064145051 -0.045185841 -0.047891447 -0.050597054 -0.05330266 -0.056064761 -0.058852964 -0.061641168 -0.068828143 -0.083597379 -0.10394238 -0.13433442 -0.15596763 -0.16109295 -0.16621826 -0.17174252 -0.1902493 -0.20875609 -0.22726288 -0.23640757 -0.24374419 -0.24427779 -0.24408684 -0.24389589 -0.2362799 -0.2246568 -0.20446192 -0.18018061 -0.15589931 -0.13431043 -0.11494161
0.029469626 0.024702738 0.01993585 0.025352716 0.031476775 0.037600834 0.033873202 0.023450932 0.013028662 0.0036582958 -0.0026507105 -0.0089597169 -0.022658137 -0.036610467 -0.042738378 -0.045803802 -0.048869227 -0.049850656 -0.04816538 -0.049801158 -0.06246385 -0.075126542 -0.087438877 -0.068461714 -0.04948455 -0.030507386 -0.029967478 -0.032673084 -0.035435185 -0.038223388 -0.047213627 -0.061982862 -0.076752097 -0.097097101 -0.12748913 -0.15788117 -0.18331727 -0.18844259 -0.19396684 -0.21247363 -0.23098042 -0.23892884 -0.24626546 -0.25360208 -0.25413568 -0.25394474 -0.24485626 -0.23323316 -0.22161006 -0.20141518 -0.17713388 -0.15596445 -0.13659564 -0.11722683
0.020734576 0.017608943 0.023733002 0.02985706 0.035981119 0.042105178 0.038377546 0.027955276 0.017533006 0.0071107356 -0.0031465858 -0.0094555921 -0.023154012 -0.027170678 -0.030236102 -0.033301526 -0.036366951 -0.03734838 -0.041455129 -0.054117821 -0.066780513 -0.079443205 -0.09175554 -0.072778377 -0.053801213 -0.034824049 -0.015846885 -0.012043508 -0.014805609 -0.02559911 -0.040368345 -0.055137581 -0.069906816 -0.09025182 -0.12064385 -0.15103589 -0.18142792 -0.21066691 -0.21619116 -0.23411349 -0.24145011 -0.24878674 -0.25612336 -0.26345998 -0.26399358 -0.25343262 -0.24180952 -0.23018642 -0.21856332 -0.19836844 -0.17761848 -0.15824967 -0.13888086 -0.11951205
0.014354524 0.020478582 0.026602641 0.0327267 0.038850759 0.044974817 0.043293153 0.032870883 0.022448612 0.012026342 0.0016040717 -0.0088181986 -0.013558782 -0.016624206 -0.01968963 -0.022755055 -0.025820479 -0.033095948 -0.04575864 -0.058421332 -0.071084024 -0.083746716 -0.095287952 -0.078836202 -0.059859039 -0.040881875 -0.021904711 -0.0029275475 -0.0070324608 -0.021801696 -0.036570932 -0.051340167 -0.066109402 -0.082323597 -0.11271563 -0.14310766 -0.1734997 -0.20389173 -0.23359642 -0.24093304 -0.24826966 -0.25560629 -0.26294291 -0.27031214 -0.26132849 -0.24970539 -0.23808229 -0.2264592 -0.2148361 -0.19848819 -0.17911938 -0.15975057 -0.14038176 -0.12101295
0.0048625413 0.011016092 0.017143248 0.023267307 0.029391366 0.035515425 0.040533756 0.040888252 0.030465982 0.020043712 0.0096214413 -0.00080082901 -0.014222289 -0.020828522 -0.023893946 -0.02695937 -0.030024795 -0.037300264 -0.049962956 -0.062625647 -0.075288339 -0.085766169 -0.090927217 -0.092864673 -0.079048811 -0.060071647 -0.041094484 -0.02211732 -0.026222233 -0.040991469 -0.055760704 -0.070529939 -0.081079067 -0.088275483 -0.096619803 -0.12701184 -0.15740387 -0.1877959 -0.21750059 -0.22483721 -0.23217384 -0.23951046 -0.24696872 -0.25537107 -0.25065037 -0.24084589 -0.22922279 -0.21759969 -0.2059766 -0.19194189 -0.17470496 -0.15533615 -0.13596734 -0.11659852
-0.0046319402 0.0015216107 0.0076751615 0.013807915 0.019931973 0.026056032 0.031074363 0.035341306 0.038483351 0.028061081 0.017638811 0.0072165406 -0.0062049198 -0.019729436 -0.028098261 -0.031163686 -0.03422911 -0.041504579 -0.054167271 -0.066829963 -0.076208292 -0.081405434 -0.086566481 -0.088503938 -0.090441395 -0.07926142 -0.060284256 -0.041307092 -0.045412006 -0.060181241 -0.074950476 -0.084634437 -0.092538945 -0.09973536 -0.10565586 -0.11157635 -0.14130804 -0.17170007 -0.20140477 -0.20874139 -0.21607801 -0.2236253 -0.23202765 -0.24043 -0.2357093 -0.22959096 -0.22036329 -0.20874019 -0.1971171 -0.18308239 -0.16789799 -0.15092172 -0.13155291 -0.1121841
-0.014126422 -0.0079728708 -0.00181932 0.0043342309 0.010472581 0.016596639 0.021614971 0.025881913 0.030148856 0.034415799 0.02565618 0.01523391 0.0018124498 -0.011712066 -0.025236583 -0.035368001 -0.038433426 -0.045708895 -0.058371587 -0.066650414 -0.071847556 -0.077044699 -0.082205746 -0.084143202 -0.086080659 -0.088018116 -0.079474028 -0.060496865 -0.064601778 -0.079371013 -0.088189807 -0.096094314 -0.10399882 -0.11119524 -0.11711573 -0.12303623 -0.12895673 -0.15560425 -0.18530894 -0.19264556 -0.20028188 -0.20868423 -0.21708658 -0.22548893 -0.22076824 -0.21464989 -0.20853154 -0.19988069 -0.1882576 -0.17422289 -0.15903849 -0.14385409 -0.12713848 -0.10776967
-0.023620903 -0.017467352 -0.011313801 -0.0051602506 0.0009933002 0.0071372466 0.012155578 0.016422521 0.020689463 0.024956406 0.029223349 0.02325128 0.0098298194 -0.0036946968 -0.017219213 -0.030743729 -0.042637741 -0.04991321 -0.057092536 -0.062289678 -0.067486821 -0.072683963 -0.07784501 -0.079782467 -0.081719924 -0.08365738 -0.085594837 -0.079686637 -0.083791551 -0.091745176 -0.099649684 -0.10755419 -0.1154587 -0.12265511 -0.12857561 -0.13449611 -0.1404166 -0.1463371 -0.16921311 -0.17693846 -0.18534081 -0.19374316 -0.20214552 -0.21054787 -0.20582717 -0.19970882 -0.19359048 -0.18747213 -0.17939809 -0.16536338 -0.15017899 -0.13499459 -0.11981019 -0.10335525
