P1_models/J1_p1_vp_slide_diff2_40.dat.tif
NCOLS 118
NROWS 92
XLLCORNER 139.62
YLLCORNER -39.07
DX 0.099491525
DY 0.099347826
NODATA_VALUE -9999
[rows 25 to 49 of 92, columns 56 to 111 of 118]
0.17123473 0.16791847 0.1646022 0.16128593 0.16328897 0.16707743 0.16963098 0.17218454 0.1747381 0.17729165 0.16908049 0.17268032 0.17645069 0.18022105 0.18399142 0.18249734 0.17426681 0.16603628 0.15780575 0.14957523 0.14976221 0.1285318 0.11935718 0.11018256 0.10100794 0.091833323 0.10240051 0.12208876 0.141777 0.16146525 0.17305393 0.17475838 0.18931757 0.19946026 0.20960295 0.21974564 0.22926403 0.21846569 0.20766734 0.196869 0.18607066 0.1744076 0.19137117 0.19386833 0.19594617 0.19802401 0.20010186 0.20869354 0.21306915 0.21544819 0.21782723 0.22020627 0.22983246 0.23849091 0.24562167 0.25275242
0.17381249 0.17049622 0.16717996 0.16386369 0.16586672 0.17148444 0.17585439 0.17840794 0.1809615 0.18351506 0.17530389 0.16672284 0.16824117 0.17201154 0.17578191 0.17428783 0.1660573 0.15782677 0.15067441 0.15134634 0.15176629 0.12968199 0.10759769 0.097649941 0.088475321 0.079300701 0.089867888 0.10955613 0.12924438 0.13745104 0.13030435 0.13200879 0.14966216 0.16516793 0.17531062 0.18545331 0.19497169 0.18417335 0.17337501 0.16257667 0.15082476 0.13896284 0.1559264 0.17595998 0.18033863 0.18241647 0.18449431 0.19308599 0.20478301 0.20973907 0.21211811 0.21449716 0.22412334 0.23762414 0.2466794 0.25381016
0.18118465 0.17371355 0.16975772 0.16644145 0.16844448 0.1740622 0.17967992 0.18463134 0.1871849 0.18973846 0.18152729 0.17294624 0.16436519 0.16380203 0.1675724 0.16607831 0.15784779 0.15200655 0.15267848 0.15335042 0.15377037 0.13168607 0.10960176 0.087517462 0.075942698 0.066768078 0.077335265 0.097023512 0.10184814 0.094701455 0.087554772 0.089259213 0.10691258 0.12456594 0.14101829 0.15116098 0.16067936 0.14988102 0.13908268 0.12724192 0.11537999 0.10351807 0.12048163 0.14051521 0.16054878 0.16680893 0.16888677 0.17747845 0.18917547 0.20087249 0.206409 0.20878804 0.21841422 0.23191502 0.24541582 0.2548679
0.1887057 0.1812346 0.1737635 0.16901921 0.17102224 0.17663996 0.18225768 0.1878754 0.1934083 0.19596186 0.18775069 0.17916964 0.17058859 0.16200753 0.15936288 0.1578688 0.15333869 0.15401063 0.15468256 0.1553545 0.15577445 0.13369015 0.11160584 0.08952154 0.067437237 0.054235455 0.064802643 0.06624524 0.059098557 0.051951874 0.044805191 0.046509632 0.064162995 0.081816359 0.099469722 0.11686864 0.12638703 0.115521 0.10365908 0.091797152 0.079935226 0.0680733 0.085036865 0.10507044 0.12510402 0.14513759 0.15327923 0.16187091 0.17356793 0.18526495 0.19696196 0.20307892 0.2127051 0.22620591 0.23970671 0.25320751
0.19373253 0.18626142 0.17879032 0.17131922 0.16990676 0.17552447 0.18114219 0.18675991 0.19237763 0.19799535 0.19232654 0.18374548 0.17516443 0.16658338 0.15800232 0.15348029 0.15415223 0.15482416 0.1554961 0.15616803 0.15497989 0.13564832 0.11356402 0.091479713 0.06939541 0.047311107 0.035443933 0.02829725 0.021150567 0.014003885 0.0068572018 0.0017519356 0.019405299 0.037058662 0.054712025 0.072365389 0.089138824 0.077276898 0.065414973 0.053553047 0.041691121 0.030725863 0.052829654 0.072863229 0.092896805 0.11293038 0.13296396 0.14876765 0.16046467 0.17216168 0.1838587 0.19555572 0.2076758 0.2211766 0.2346774 0.2481782
0.17822602 0.17075492 0.16328382 0.15581271 0.14812127 0.144005 0.14962272 0.15524044 0.16085816 0.16647587 0.17700848 0.1747581 0.16617705 0.15759599 0.14901494 0.1444929 0.14516484 0.14583678 0.14650871 0.14289827 0.12860833 0.13134735 0.11514428 0.093059977 0.070975675 0.048891372 0.037024197 0.029877515 0.022730832 0.015584149 0.00073416094 -0.02113283 -0.041883855 -0.024230491 -0.0065771281 0.011076235 0.027849671 0.015987745 0.004125819 -0.0077361069 -0.015153213 0.015457793 0.044455383 0.067308629 0.087342204 0.10737578 0.12740935 0.15012763 0.16797747 0.17967449 0.19137151 0.20306853 0.2116804 0.22174373 0.23524453 0.24874533
0.16111716 0.15524841 0.14777731 0.14030621 0.13261476 0.12477359 0.11810325 0.12372097 0.12933868 0.1349564 0.14548901 0.1561905 0.15718966 0.14860861 0.14002755 0.13550552 0.13617746 0.13684939 0.13100733 0.11652671 0.10223676 0.10497579 0.10771481 0.094640242 0.072555939 0.050471636 0.038604462 0.031457779 0.024311097 0.007856116 -0.012025482 -0.033892473 -0.059336961 -0.084781449 -0.067866282 -0.050212918 -0.033439483 -0.045301409 -0.057163335 -0.061032289 -0.030421283 0.00018972328 0.029187314 0.05801307 0.081787604 0.10182118 0.12185475 0.14457303 0.16857118 0.1871873 0.19888432 0.21058134 0.21919321 0.22615563 0.23581166 0.24931246
0.13890701 0.13707032 0.13227081 0.1247997 0.11710826 0.10926708 0.10142591 0.093584731 0.097819213 0.10343693 0.11396954 0.12467103 0.13537252 0.13962122 0.13104017 0.12651814 0.12719007 0.11911639 0.10463577 0.090155147 0.075865201 0.078604222 0.081343242 0.084082263 0.074136204 0.052051901 0.040184727 0.033038044 0.014978071 -0.0049035269 -0.024785125 -0.046652116 -0.072096604 -0.097541092 -0.12298558 -0.11150207 -0.094728636 -0.10659056 -0.10691137 -0.076300359 -0.045689353 -0.015078347 0.013919244 0.042745 0.071570756 0.096266579 0.11630015 0.13901843 0.16301658 0.18701473 0.20639713 0.21809415 0.22670602 0.23366843 0.24063085 0.24987959
0.11669685 0.11486016 0.11302348 0.1092932 0.10160175 0.093760578 0.085919402 0.078078227 0.070237051 0.071917459 0.082450067 0.093151556 0.10385305 0.11455453 0.12205278 0.11753075 0.10722545 0.09274483 0.078264207 0.063783583 0.049493638 0.052232658 0.054971679 0.057710699 0.06044972 0.053632165 0.041764991 0.022100026 0.0022184282 -0.01766317 -0.037544768 -0.059411759 -0.084856247 -0.11030074 -0.13574522 -0.16118971 -0.15601779 -0.15279044 -0.12217944 -0.091568429 -0.060957423 -0.030346416 -0.0013488261 0.02747693 0.056302686 0.085128442 0.11074555 0.13346383 0.15746198 0.18146013 0.20545828 0.22560696 0.23421883 0.24118124 0.24814366 0.25510608
0.0996411 0.097804415 0.095967731 0.094131046 0.086180291 0.078339115 0.070497939 0.062656763 0.054815587 0.046974411 0.049102255 0.059803744 0.070505233 0.081206723 0.091908212 0.091563034 0.077082411 0.062601788 0.048121165 0.033640542 0.018180767 0.026973747 0.029712768 0.032451788 0.035190808 0.037929829 0.025196655 0.0053150566 -0.014566541 -0.034448139 -0.054329737 -0.070010738 -0.094297005 -0.11974149 -0.14518598 -0.17063047 -0.1944038 -0.16379279 -0.13318178 -0.10257078 -0.071959772 -0.044394646 -0.012107915 0.016717842 0.045543598 0.074369354 0.10319511 0.12920566 0.15320381 0.17720196 0.20120012 0.22519827 0.23631347 0.24327589 0.25023831 0.25720073
0.091086388 0.089249703 0.087413019 0.085576334 0.076870028 0.063495525 0.055216731 0.047375556 0.03953438 0.031693204 0.024707541 0.023440496 0.034141985 0.044843475 0.055544964 0.055199786 0.040719163 0.02623854 0.011757917 -0.0046011571 -0.021701337 -0.0046571251 0.0062889259 0.0090279463 0.011766967 0.014505987 0.001772813 -0.018108785 -0.037990383 -0.057871981 -0.075924514 -0.091199902 -0.10167523 -0.12370849 -0.14915298 -0.17459747 -0.1983708 -0.16775979 -0.13714879 -0.10653778 -0.079986841 -0.058845868 -0.021849878 0.013395305 0.042221061 0.071046817 0.099872573 0.12617948 0.15108382 0.17508197 0.19908012 0.22307827 0.23314111 0.2364345 0.24339692 0.25035933
0.080461288 0.080694992 0.078858307 0.077021622 0.068315316 0.054940813 0.041566309 0.032094348 0.024253172 0.016411996 0.0094263334 0.0024700668 -0.0022212627 0.0084802266 0.019181716 0.018836538 0.0043559146 -0.010124708 -0.027000759 -0.044483262 -0.061583442 -0.04453923 -0.027495018 -0.014395895 -0.011656875 -0.0089178544 -0.021651029 -0.041532627 -0.061235156 -0.079174417 -0.097113677 -0.11238907 -0.1228644 -0.13333973 -0.15311998 -0.17856447 -0.2023378 -0.17172679 -0.14111579 -0.11557904 -0.094438062 -0.073297089 -0.036301099 0.0023835019 0.038898524 0.06772428 0.096550036 0.12285694 0.14796303 0.17296197 0.19696012 0.22095828 0.23102111 0.23363356 0.23655552 0.24351794
0.06812812 0.069399657 0.070303595 0.068466911 0.059760605 0.046386101 0.033011597 0.019637094 0.0089719648 0.0011307889 -0.0058548741 -0.012811141 -0.019767407 -0.026723674 -0.017181532 -0.01752671 -0.032007333 -0.04940036 -0.066882863 -0.084365367 -0.10146555 -0.084421335 -0.067377123 -0.05033291 -0.035080717 -0.032341696 -0.04507487 -0.064485059 -0.082424319 -0.10036358 -0.11830284 -0.13357823 -0.14405356 -0.15452889 -0.16500422 -0.18253148 -0.2063048 -0.1756938 -0.15117123 -0.13003026 -0.10888928 -0.08774831 -0.05075232 -0.012067719 0.026616882 0.064401743 0.0932275 0.1195344 0.14464049 0.16974658 0.19484013 0.21883828 0.22890111 0.23151356 0.23412601 0.23673846
0.055794951 0.057066488 0.058338025 0.059609563 0.051205893 0.037831389 0.024456886 0.011082382 -0.0022921215 -0.014150419 -0.021136082 -0.028092348 -0.035048615 -0.042004881 -0.048961148 -0.054317458 -0.071799961 -0.089282465 -0.10676497 -0.12424747 -0.14134765 -0.12430344 -0.10725923 -0.090215015 -0.073170803 -0.05612659 -0.067734962 -0.085674222 -0.10361348 -0.12155274 -0.139492 -0.15476739 -0.16524272 -0.17571805 -0.18619339 -0.19666872 -0.2102718 -0.18676343 -0.16562245 -0.14448148 -0.1233405 -0.10219953 -0.065203541 -0.02651894 0.012165661 0.050850262 0.089534863 0.11621186 0.14131795 0.16642404 0.19153013 0.21663622 0.22678112 0.22939357 0.23200601 0.23461846
0.0380533 0.039324837 0.040596375 0.047504606 0.044104666 0.030478867 0.017104364 0.0037298601 -0.0096446435 -0.023019147 -0.030188626 -0.037144893 -0.044101159 -0.051057426 -0.055075187 -0.061663457 -0.07914596 -0.096628464 -0.11411097 -0.13159347 -0.13946006 -0.13352156 -0.11647734 -0.099433131 -0.082388919 -0.065344707 -0.072228713 -0.090167974 -0.10810723 -0.12604649 -0.14363944 -0.16320063 -0.18116268 -0.19163802 -0.20211335 -0.21258868 -0.22212144 -0.20098047 -0.1798395 -0.15869852 -0.13755755 -0.10608502 -0.067728731 -0.029044129 0.0096404716 0.048325073 0.087485273 0.11726976 0.14237585 0.16748194 0.19258803 0.21913313 0.23066545 0.2332779 0.23589035 0.2385028
0.018482426 0.019753964 0.029074773 0.041534665 0.038134726 0.023957361 0.010158439 -0.0032160647 -0.016590568 -0.029965072 -0.037134551 -0.044090817 -0.051047084 -0.053342459 -0.051417027 -0.058005297 -0.075487801 -0.092970304 -0.10981847 -0.11659439 -0.12325146 -0.11929339 -0.11532448 -0.098280265 -0.081236052 -0.06419184 -0.071075846 -0.089015107 -0.10695437 -0.1243067 -0.14064734 -0.16020853 -0.18557286 -0.20577586 -0.21625119 -0.22672652 -0.23625929 -0.21511831 -0.19397734 -0.17283637 -0.13985031 -0.10457666 -0.066220371 -0.02753577 0.011148831 0.05042668 0.09002469 0.11980918 0.14491527 0.17002135 0.19683202 0.22504821 0.23658054 0.23919298 0.24180543 0.24080866
-0.0010884474 0.01064494 0.023104832 0.035564725 0.032164785 0.01798742 0.0038100557 -0.01016199 -0.023536493 -0.036910997 -0.044080476 -0.051036742 -0.051609732 -0.0496843 -0.047758867 -0.054347138 -0.071829641 -0.086833945 -0.093609871 -0.1003858 -0.10704286 -0.10308479 -0.099126715 -0.095168642 -0.080083186 -0.063038973 -0.06992298 -0.08786224 -0.10497397 -0.12131461 -0.13765524 -0.15721643 -0.18258077 -0.2079451 -0.23038903 -0.24086437 -0.25039713 -0.22925616 -0.20811518 -0.1736156 -0.13834195 -0.1030683 -0.064712012 -0.026027411 0.013368087 0.052966097 0.092564107 0.12234859 0.14745468 0.17453091 0.2027471 0.2309633 0.24249562 0.24510807 0.24352151 0.23922666
-0.0077848925 0.0046749998 0.017134892 0.029594784 0.026194845 0.01201748 -0.0021598847 -0.016337249 -0.030482418 -0.043856922 -0.051026401 -0.049877005 -0.047951572 -0.04602614 -0.044100708 -0.050688978 -0.063849421 -0.070625347 -0.077401273 -0.084177198 -0.090834264 -0.08687619 -0.082918117 -0.078960044 -0.075001971 -0.061886107 -0.068770113 -0.085641231 -0.10198187 -0.11832251 -0.13466315 -0.15422434 -0.17958867 -0.204953 -0.23031733 -0.25500221 -0.26453498 -0.24265453 -0.20738088 -0.17210724 -0.13683359 -0.10155994 -0.063203653 -0.023690506 0.015907504 0.055505514 0.095103523 0.12488801 0.1522298 0.18044599 0.20866219 0.23687838 0.2484107 0.24623435 0.2419395 0.23764465
-0.0159517 -0.0034918082 0.008968084 0.021427976 0.021737452 0.0075600878 -0.0066172769 -0.020794642 -0.034972006 -0.049149371 -0.048789599 -0.046864166 -0.044938734 -0.043013301 -0.041087869 -0.042979472 -0.049755398 -0.056531323 -0.063307249 -0.070083174 -0.076706098 -0.073662863 -0.069704789 -0.065746716 -0.061788643 -0.05783057 -0.067756538 -0.084097177 -0.10043782 -0.11677845 -0.13311909 -0.14948582 -0.17485015 -0.20021449 -0.22557882 -0.25094315 -0.27449971 -0.23922606 -0.20395241 -0.16867876 -0.13340512 -0.098129045 -0.059626059 -0.02002805 0.01956996 0.05916797 0.09876598 0.12946086 0.15767705 0.18589325 0.21410944 0.24232564 0.24815621 0.24386136 0.23956651 0.23527166
-0.040687407 -0.028227515 -0.015767622 -0.00330773 0.0091490946 0.014510419 0.00033305471 -0.01384431 -0.028021675 -0.042199039 -0.048093 -0.048718377 -0.046792945 -0.044867512 -0.04294208 -0.044833683 -0.051609608 -0.058385534 -0.06516146 -0.071680184 -0.077552034 -0.081170335 -0.079081956 -0.075123883 -0.071165809 -0.067207736 -0.077133705 -0.093474343 -0.10981498 -0.12615562 -0.13901772 -0.14831067 -0.15694007 -0.1823044 -0.20766873 -0.23303306 -0.25658962 -0.22131597 -0.18604232 -0.15076868 -0.11548599 -0.080133138 -0.045740194 -0.0078955663 0.031702443 0.071300453 0.11089846 0.13627825 0.15959595 0.18781214 0.21602834 0.24424453 0.24498387 0.23552269 0.23122784 0.22693299
-0.061547139 -0.052963221 -0.040503329 -0.028043436 -0.015586612 -0.0031318717 0.0072833863 -0.0068939784 -0.021071343 -0.035248708 -0.041142668 -0.046752 -0.048647156 -0.046721723 -0.044796291 -0.046687894 -0.053463819 -0.060239745 -0.066629037 -0.07252612 -0.078397971 -0.082016271 -0.085634571 -0.084501049 -0.080542976 -0.076584903 -0.086510871 -0.10285151 -0.11919215 -0.13134111 -0.14202331 -0.15131625 -0.15810589 -0.16489553 -0.18975864 -0.21512297 -0.23867953 -0.20340588 -0.16813223 -0.13284293 -0.097490081 -0.06213723 -0.027744286 0.0065464247 0.043834927 0.083432937 0.12303095 0.14841073 0.16701226 0.18973103 0.21794723 0.24616342 0.24690276 0.23295186 0.22288918 0.21859433
-0.070640002 -0.071327915 -0.065239035 -0.052779143 -0.040322318 -0.027867578 -0.015412838 -0.0029580979 -0.014121011 -0.028298376 -0.034192336 -0.039801669 -0.045411001 -0.048575934 -0.046650502 -0.048542105 -0.05531803 -0.061577889 -0.067474973 -0.073372057 -0.079243907 -0.082862207 -0.086480507 -0.090098808 -0.089920142 -0.085962069 -0.095888038 -0.11222868 -0.1236645 -0.1343467 -0.1450289 -0.15432184 -0.16111148 -0.16790112 -0.17469076 -0.19721289 -0.22076944 -0.18549579 -0.15019987 -0.11484702 -0.079494173 -0.044141323 -0.0097483787 0.024542332 0.058833043 0.09556542 0.13516343 0.16054321 0.17914474 0.19774628 0.21986612 0.24808232 0.24882166 0.23487075 0.22091985 0.21025566
-0.079732864 -0.080420777 -0.08110869 -0.077514849 -0.065058024 -0.052603284 -0.040148544 -0.027693804 -0.015239064 -0.021348045 -0.027242005 -0.032851337 -0.038460669 -0.044070001 -0.048504713 -0.050396316 -0.056526741 -0.062423825 -0.068320909 -0.074217993 -0.080089843 -0.083708143 -0.087326444 -0.090944744 -0.094563044 -0.095339236 -0.1052652 -0.11598789 -0.12667009 -0.13735229 -0.14803449 -0.15732743 -0.16411707 -0.17090671 -0.17769635 -0.18448599 -0.20285935 -0.16755682 -0.13220397 -0.096851116 -0.061498266 -0.026145415 0.0082475288 0.04253824 0.076828951 0.11111966 0.14729591 0.1726757 0.19127723 0.20987876 0.22848029 0.25000121 0.25074055 0.23678965 0.22283875 0.20888785
-0.081448923 -0.082136836 -0.082824749 -0.083681436 -0.0810688 -0.06861406 -0.05615932 -0.04370458 -0.03124984 -0.0187951 -0.023804348 -0.02941368 -0.035023012 -0.040632344 -0.046241677 -0.044919284 -0.050816367 -0.056713451 -0.062610535 -0.068507619 -0.08262548 -0.082147651 -0.085765951 -0.089384252 -0.093002552 -0.096620852 -0.10507076 -0.11575296 -0.12643516 -0.13711736 -0.14779956 -0.15176731 -0.15777098 -0.16456062 -0.17135026 -0.1781399 -0.18367316 -0.14832031 -0.11296746 -0.077614609 -0.042261759 -0.0082782429 0.025727989 0.0600187 0.094309411 0.12860012 0.16110058 0.18006139 0.19866292 0.21726445 0.23586599 0.25334673 0.24586336 0.23191246 0.21796156 0.20401066
-0.071441506 -0.072129419 -0.073529761 -0.076458187 -0.074716071 -0.069800123 -0.058304129 -0.045849389 -0.033394649 -0.020939909 -0.025949157 -0.031558489 -0.037167821 -0.040823298 -0.031458975 -0.028789391 -0.034686475 -0.040583559 -0.046480643 -0.064502437 -0.088111467 -0.082486441 -0.080381078 -0.083999379 -0.087617679 -0.091235979 -0.09968589 -0.11036809 -0.12105029 -0.13173249 -0.13710557 -0.14005751 -0.13877088 -0.14335251 -0.15014215 -0.15693179 -0.16246505 -0.1271122 -0.091759348 -0.056406497 -0.022952099 0.0083830499 0.042389282 0.076679992 0.1109707 0.14122807 0.16094251 0.17990331 0.19850485 0.21710638 0.23305536 0.23766898 0.23018561 0.21623471 0.20228381 0.19028361
