P1_models/J1_p1_vp_slide_diff2_280.dat.tif
NCOLS 118
NROWS 92
XLLCORNER 139.62
YLLCORNER -39.07
DX 0.099491525
DY 0.099347826
NODATA_VALUE -9999
[rows 0 to 23 of 92, columns 54 to 107 of 118]
-9999 -9999 -9999 -9999 -9999 -9999 -9999 -9999 -9999 -9999 -9999 -9999 -9999 -9999 -9999 -9999 -9999 -9999 -9999 -9999 -9999 -9999 -9999 -9999 -9999 -9999 -9999 -9999 -9999 -9999 -9999 -9999 -9999 -9999 -9999 -9999 -9999 -9999 -9999 -9999 -9999 -9999 -9999 -9999 -9999 -9999 -9999 -9999 -9999 -9999 -9999 -9999 -9999 -9999
0.057407146 0.059830154 0.037667173 0.015504192 -0.0066587885 -0.028821769 -0.048772026 -0.051568178 -0.050104053 -0.048639929 -0.047175804 -0.04571168 -0.02497431 -0.024799205 -0.0246241 -0.024448995 -0.02427389 -0.017075759 -0.00089088289 0.015293993 0.031478869 0.047663745 0.036905765 0.027900735 0.030926028 0.033951321 0.036976614 0.040001908 0.022226882 -0.0051582546 -0.032543391 -0.059928527 -0.083374094 -0.081139896 -0.080059078 -0.07674113 -0.073423181 -0.070105233 -0.06705225 -0.07262202 -0.07819179 -0.083761559 -0.089331329 -0.08646549 -0.099917869 -0.11196361 -0.12400936 -0.1360551 -0.14810085 -0.15187461 -0.13804125 -0.12355688 -0.10907251 -0.094588131
0.026965523 0.046804844 0.05615746 0.033994479 0.011831498 -0.010331483 -0.03028174 -0.048728357 -0.054809415 -0.05334529 -0.051881166 -0.050417041 -0.025243281 3.0507577e-05 0.00020561266 0.00038071775 0.00055582283 0.0077539535 0.02393883 0.040123706 0.056308582 0.041286903 0.02341847 0.010508224 -0.00013134436 0.0028939489 0.0059192421 0.0089445354 -0.0088304907 -0.036215627 -0.063600763 -0.083758635 -0.079091168 -0.07685697 -0.079007301 -0.078487375 -0.075169426 -0.071851478 -0.068798495 -0.074368265 -0.079938035 -0.085507804 -0.08183947 -0.074246121 -0.088366133 -0.10448976 -0.1165355 -0.12858125 -0.14062699 -0.14440076 -0.14423103 -0.13097257 -0.1164882 -0.10200383
-0.0034760995 0.016363221 0.036202542 0.052484765 0.030321784 0.008158803 -0.011791454 -0.030238071 -0.048684688 -0.058050652 -0.056586527 -0.055122403 -0.029948642 -0.0039601898 0.022028263 0.02521043 0.025385535 0.032583666 0.048768542 0.06364751 0.045723559 0.027799608 0.0099311747 -0.0029790709 -0.015889316 -0.028163423 -0.02513813 -0.022112837 -0.039887863 -0.067272999 -0.084143175 -0.079475708 -0.074808242 -0.072574044 -0.074724375 -0.076874706 -0.076915671 -0.073597723 -0.07054474 -0.07611451 -0.08168428 -0.077213451 -0.069620102 -0.062026752 -0.076146764 -0.09257932 -0.10901188 -0.1211074 -0.13315314 -0.13692691 -0.13675717 -0.13658744 -0.12390389 -0.10941952
-0.033917722 -0.014078401 0.0057609194 0.02560024 0.045439561 0.026649089 0.0066988326 -0.011747785 -0.030194402 -0.048641019 -0.061291889 -0.059827764 -0.034654004 -0.0086655512 0.017322902 0.043311354 0.050215248 0.057413378 0.068084166 0.050160215 0.032236263 0.014312312 -0.0035561206 -0.016466366 -0.029376612 -0.042286857 -0.055197103 -0.053170209 -0.070945235 -0.084527715 -0.079860249 -0.075192782 -0.070525316 -0.068291118 -0.070441449 -0.07259178 -0.074742111 -0.075343968 -0.072290985 -0.077860755 -0.072587432 -0.064994082 -0.057400733 -0.049807384 -0.063927395 -0.080359951 -0.096792507 -0.11322506 -0.12567929 -0.12945305 -0.12928332 -0.12911359 -0.12894385 -0.11683521
-0.064359345 -0.044520024 -0.024680703 -0.0048413825 0.014997938 0.034837259 0.025189119 0.0067425017 -0.011704115 -0.030150733 -0.04859735 -0.064533126 -0.039359365 -0.013370913 0.01261754 0.038605993 0.064594446 0.072520821 0.05459687 0.036672919 0.018748968 0.00082501715 -0.017043416 -0.029953661 -0.042863907 -0.055774153 -0.068684398 -0.081594644 -0.084912256 -0.080244789 -0.075577323 -0.070909856 -0.06624239 -0.064008191 -0.066158522 -0.068308853 -0.070459184 -0.072609515 -0.07403723 -0.067961412 -0.060368063 -0.052774714 -0.045181364 -0.037588015 -0.051708027 -0.068140583 -0.084573139 -0.10100569 -0.11743825 -0.1219792 -0.12180946 -0.12163973 -0.12147 -0.12130027
-0.059658745 -0.039819424 -0.019980103 -0.00014078205 0.019698539 0.026358389 0.01997095 0.0052474337 -0.013199183 -0.031645801 -0.050092418 -0.068539035 -0.044026705 -0.018038252 0.0079502009 0.033938654 0.048492876 0.040871822 0.022947871 0.0050239199 -0.012900031 -0.030795224 -0.028767701 -0.021068424 -0.03397867 -0.046888916 -0.059799161 -0.072709407 -0.073596737 -0.06892927 -0.064261804 -0.059594337 -0.057299507 -0.062474143 -0.069398813 -0.071549144 -0.073699475 -0.075849806 -0.077709652 -0.070116303 -0.062522953 -0.054929604 -0.047336255 -0.040243806 -0.054421275 -0.070853831 -0.087286387 -0.10371894 -0.11270712 -0.11408762 -0.11391788 -0.11374815 -0.11357842 -0.12103599
-0.049390618 -0.029551297 -0.0097119766 0.010127344 0.012769152 0.011435077 0.0050476385 -0.0047737741 -0.017860499 -0.036307116 -0.054753733 -0.07320035 -0.04868802 -0.022699567 0.0032888854 0.01353602 0.013966547 0.0063454931 -0.011578458 -0.029502409 -0.044469948 -0.042515308 -0.040487785 -0.031951224 -0.023414664 -0.034459234 -0.04736948 -0.060279726 -0.061167056 -0.056499589 -0.051832122 -0.05044637 -0.052992039 -0.058166675 -0.068078471 -0.075981325 -0.078131656 -0.080281987 -0.082141833 -0.074548484 -0.066955135 -0.059361786 -0.052319205 -0.045322805 -0.059500274 -0.07593283 -0.092365386 -0.10011707 -0.10474936 -0.10612986 -0.10596012 -0.10579039 -0.11408353 -0.12732724
-0.039122492 -0.019283171 0.00051398954 -0.00082008522 -0.00215416 -0.0034882347 -0.0098756733 -0.019697086 -0.029518498 -0.040968431 -0.059415049 -0.077861666 -0.053349335 -0.027360883 -0.021420836 -0.020990309 -0.020559782 -0.028180836 -0.046104787 -0.058144672 -0.056190032 -0.054235392 -0.052207869 -0.043671308 -0.035134748 -0.026598187 -0.034939799 -0.047850044 -0.048737374 -0.044069908 -0.043593232 -0.046138901 -0.04868457 -0.053859207 -0.063771003 -0.073682799 -0.082563837 -0.084714168 -0.086574015 -0.078980665 -0.071391005 -0.064394604 -0.057398204 -0.050401804 -0.064579273 -0.081011829 -0.087527027 -0.092159314 -0.096791601 -0.098172094 -0.098002362 -0.10713106 -0.12037478 -0.13361849
-0.028854366 -0.013075247 -0.014409322 -0.015743397 -0.017077472 -0.018411546 -0.024798985 -0.034620398 -0.04444181 -0.054263223 -0.064084635 -0.082522981 -0.058010651 -0.056377691 -0.055947164 -0.055516637 -0.055086111 -0.062707165 -0.071819396 -0.069864756 -0.067910116 -0.065955476 -0.063927953 -0.055391392 -0.046854832 -0.038318271 -0.029781711 -0.035420363 -0.036307693 -0.036740095 -0.039285764 -0.041831433 -0.044377102 -0.049551738 -0.059463535 -0.069375331 -0.079287127 -0.08914635 -0.091006196 -0.083466404 -0.076470004 -0.069473604 -0.062477203 -0.055480803 -0.069658272 -0.074936979 -0.079569266 -0.084201553 -0.08883384 -0.090214334 -0.1001786 -0.11342232 -0.12666603 -0.13990975
-0.025499034 -0.026833109 -0.028167183 -0.029501258 -0.030835333 -0.032169408 -0.038410337 -0.048231749 -0.058053162 -0.067874574 -0.077695987 -0.087517399 -0.087427439 -0.086996912 -0.086566385 -0.086135858 -0.085705331 -0.083115229 -0.081160589 -0.079205949 -0.077251309 -0.075296669 -0.073177277 -0.065713217 -0.057176656 -0.048640096 -0.040103535 -0.031566975 -0.030610508 -0.033156177 -0.035701846 -0.038247515 -0.040793184 -0.045762838 -0.055674634 -0.065586431 -0.075498227 -0.085410023 -0.094817742 -0.087821342 -0.080824942 -0.073828542 -0.066832141 -0.060058707 -0.064057206 -0.068689493 -0.073321781 -0.077954068 -0.082586355 -0.093643854 -0.10688757 -0.12013128 -0.133375 -0.14661871
-0.03161886 -0.032952935 -0.03428701 -0.035621084 -0.036955159 -0.031164428 -0.038472595 -0.053244882 -0.063066294 -0.072887707 -0.082709119 -0.092530532 -0.092440572 -0.092010045 -0.091579518 -0.091148991 -0.083490293 -0.076865837 -0.074911197 -0.072956557 -0.071001917 -0.068704718 -0.06556889 -0.064983204 -0.058334679 -0.049798119 -0.041261558 -0.032724998 -0.031768531 -0.0343142 -0.036859869 -0.039405538 -0.044958446 -0.051053456 -0.05528428 -0.065196076 -0.075107873 -0.085019669 -0.094427388 -0.087430988 -0.080434588 -0.073438187 -0.066972264 -0.065019889 -0.069018388 -0.073650676 -0.078282963 -0.08291525 -0.091288133 -0.10309038 -0.1163341 -0.12957781 -0.14282153 -0.13458921
-0.037738686 -0.039072761 -0.040406836 -0.041120905 -0.034664971 -0.028209037 -0.035517204 -0.052178659 -0.068079427 -0.07790084 -0.087722252 -0.097543665 -0.097453705 -0.097023178 -0.096592651 -0.087514757 -0.077240901 -0.070616445 -0.068661805 -0.066707165 -0.064260714 -0.061096331 -0.057960502 -0.057374816 -0.05678913 -0.050956142 -0.042419581 -0.033883021 -0.032926554 -0.035472223 -0.038017892 -0.044080281 -0.051593018 -0.057688028 -0.061228425 -0.064805722 -0.074717518 -0.084629315 -0.094037034 -0.087040634 -0.080044233 -0.073885821 -0.071933446 -0.069981071 -0.07397957 -0.078611858 -0.083244145 -0.091956066 -0.10073466 -0.11253691 -0.12578063 -0.13902434 -0.12975219 -0.11710503
-0.043858512 -0.045192587 -0.044621448 -0.038165514 -0.03170958 -0.025253646 -0.032561814 -0.049223269 -0.065884723 -0.082546178 -0.092735385 -0.1025568 -0.10246684 -0.10181308 -0.091539222 -0.081265365 -0.070991508 -0.064367053 -0.062412413 -0.059816709 -0.056652326 -0.053487943 -0.050352114 -0.049766428 -0.049180742 -0.048595056 -0.043577604 -0.035041044 -0.034084577 -0.036630246 -0.043202117 -0.050714853 -0.05822759 -0.0643226 -0.067862997 -0.071403393 -0.07494379 -0.084238961 -0.093646679 -0.086650279 -0.080799378 -0.078847003 -0.076894628 -0.074942253 -0.078940753 -0.083845403 -0.092623999 -0.1014026 -0.11018119 -0.12198344 -0.13522716 -0.12491517 -0.11226801 -0.099620846
-0.049978338 -0.048121992 -0.041666058 -0.035210124 -0.02875419 -0.022298256 -0.029606423 -0.046267878 -0.062929333 -0.079590787 -0.096252242 -0.10756993 -0.10583754 -0.095563686 -0.08528983 -0.075015973 -0.064742116 -0.05811766 -0.055372705 -0.052208322 -0.049043938 -0.045879555 -0.042743727 -0.042158041 -0.041572355 -0.040986669 -0.040400983 -0.036199067 -0.0352426 -0.042323953 -0.049836689 -0.057349425 -0.064862162 -0.070957172 -0.074497569 -0.078037965 -0.081578362 -0.085118759 -0.093256325 -0.087712935 -0.08576056 -0.083808185 -0.08185581 -0.079903435 -0.084513336 -0.093291932 -0.10207053 -0.11084913 -0.11962772 -0.13142997 -0.12007815 -0.10743099 -0.094783827 -0.082136663
-0.053748301 -0.046667686 -0.040211752 -0.033755818 -0.027299884 -0.02084395 -0.022335142 -0.038996597 -0.055658052 -0.072319507 -0.088980962 -0.10564242 -0.099442698 -0.089168842 -0.078894985 -0.068621128 -0.058347272 -0.051192136 -0.048027753 -0.04486337 -0.041698986 -0.038534603 -0.038978721 -0.038644836 -0.03805915 -0.037473464 -0.036887778 -0.036302092 -0.041255617 -0.048768353 -0.05628109 -0.063793826 -0.071306562 -0.080590021 -0.084130418 -0.087670814 -0.091211211 -0.094751607 -0.09812825 -0.096175875 -0.0942235 -0.092271125 -0.09031875 -0.086278231 -0.092320922 -0.10109952 -0.10987811 -0.11865671 -0.12743531 -0.12094269 -0.10829552 -0.095648359 -0.083001195 -0.070354031
-0.061330443 -0.050211021 -0.042245423 -0.035789489 -0.029333555 -0.022877621 -0.020510647 -0.021696759 -0.038358213 -0.055019668 -0.071681123 -0.088342578 -0.087706154 -0.082436018 -0.072162162 -0.061888305 -0.051614448 -0.044459313 -0.04129493 -0.038130546 -0.034966163 -0.037011568 -0.04411606 -0.044298712 -0.044061661 -0.043475975 -0.042890289 -0.042304603 -0.047258128 -0.054770864 -0.062283601 -0.069796337 -0.072412585 -0.080161016 -0.099071352 -0.10427057 -0.10781096 -0.11135136 -0.114728 -0.11277563 -0.11082325 -0.10887088 -0.10407112 -0.093030289 -0.097649366 -0.1050988 -0.11387739 -0.12265599 -0.13143459 -0.12408919 -0.10976122 -0.097114056 -0.084466893 -0.071819729
-0.068912584 -0.057793163 -0.046673741 -0.03782316 -0.031367226 -0.024911292 -0.022544318 -0.022955964 -0.02336761 -0.03771983 -0.054381285 -0.07104274 -0.070406315 -0.069175515 -0.065429338 -0.055155482 -0.044881625 -0.037726489 -0.034562106 -0.031397723 -0.034966909 -0.042148907 -0.0492534 -0.049436051 -0.049618703 -0.049478486 -0.0488928 -0.048307114 -0.053260639 -0.060773375 -0.068286112 -0.070151368 -0.071705313 -0.079453744 -0.09836408 -0.11727442 -0.12441072 -0.12795111 -0.13132776 -0.12937538 -0.12742301 -0.121864 -0.11082318 -0.099782348 -0.10440142 -0.11068833 -0.11787667 -0.12665527 -0.13543386 -0.12808847 -0.1130563 -0.098579754 -0.08593259 -0.073285426
-0.076494726 -0.065375304 -0.054255883 -0.043136461 -0.033400897 -0.026944963 -0.024577989 -0.024989635 -0.025401281 -0.025812928 -0.037081446 -0.053742901 -0.053106477 -0.051875676 -0.050644876 -0.048422658 -0.038148802 -0.030993666 -0.027829283 -0.03292225 -0.040104248 -0.047286247 -0.054390739 -0.054573391 -0.054756042 -0.054938694 -0.054895311 -0.054309625 -0.05926315 -0.066336206 -0.067890151 -0.069444096 -0.070998041 -0.078746473 -0.097656808 -0.11656714 -0.13547748 -0.14455087 -0.14792751 -0.14597514 -0.13965689 -0.12861606 -0.11757524 -0.10653441 -0.11115348 -0.11744039 -0.1237273 -0.13065455 -0.13943314 -0.13208775 -0.11705558 -0.1020234 -0.087398288 -0.074751124
-0.084076867 -0.072957446 -0.061838024 -0.050718602 -0.039599181 -0.028978635 -0.02661166 -0.027023306 -0.027434953 -0.027846599 -0.028258245 -0.036443062 -0.035806638 -0.034575838 -0.033345037 -0.032114236 -0.030883436 -0.024260843 -0.030877591 -0.038059589 -0.045241588 -0.052423586 -0.059528079 -0.05971073 -0.059893382 -0.060076033 -0.060258685 -0.060312136 -0.064074989 -0.065628934 -0.067182879 -0.068736824 -0.070290769 -0.078039201 -0.096949536 -0.11585987 -0.13477021 -0.15368054 -0.16452726 -0.15744978 -0.14640895 -0.13536812 -0.12432729 -0.11328647 -0.11790554 -0.12419245 -0.13047936 -0.13676627 -0.14343242 -0.13608703 -0.12105485 -0.10602268 -0.090990505 -0.076216821
-0.080178815 -0.069059393 -0.057939972 -0.04682055 -0.035701128 -0.028509648 -0.032484535 -0.033232689 -0.033644335 -0.034055981 -0.034467627 -0.034879274 -0.033703035 -0.032472234 -0.031241433 -0.030010633 -0.029560057 -0.036200551 -0.04338255 -0.050564548 -0.057746547 -0.064928545 -0.057134024 -0.057967111 -0.058149762 -0.058332413 -0.058515065 -0.058697716 -0.059818314 -0.061372259 -0.062926204 -0.064480149 -0.066034094 -0.073743884 -0.089752537 -0.10866287 -0.12757321 -0.14648354 -0.16450096 -0.15346013 -0.1424193 -0.13137847 -0.12033764 -0.11140472 -0.11641293 -0.12269984 -0.12898675 -0.13527366 -0.14083885 -0.13192996 -0.11689778 -0.10186561 -0.086833435 -0.074818806
-0.067621038 -0.056501617 -0.045382195 -0.034262773 -0.029795762 -0.033033145 -0.037008032 -0.041484085 -0.043003534 -0.043415181 -0.043826827 -0.044238473 -0.043062234 -0.041831433 -0.040600633 -0.041405233 -0.047622549 -0.054263043 -0.061445042 -0.06862704 -0.075809038 -0.064470261 -0.049038867 -0.050252664 -0.051215707 -0.051398358 -0.051581009 -0.051763661 -0.052884258 -0.054438203 -0.055992148 -0.05824515 -0.065400843 -0.07311757 -0.08184523 -0.096570551 -0.11548089 -0.13439122 -0.15240863 -0.14136781 -0.13032698 -0.11928615 -0.11069097 -0.10369301 -0.10870122 -0.11498812 -0.12127503 -0.12659383 -0.13052929 -0.1216204 -0.10658823 -0.091556053 -0.080272412 -0.076974865
-0.055063262 -0.04394384 -0.032824418 -0.031081875 -0.034319258 -0.037556642 -0.041531529 -0.046007582 -0.050483634 -0.05277438 -0.053186026 -0.053597672 -0.052421433 -0.051190633 -0.053250409 -0.059467725 -0.06568504 -0.072325535 -0.079507533 -0.086689532 -0.071992879 -0.056375105 -0.040943711 -0.042157507 -0.043371304 -0.044464302 -0.044646954 -0.044829605 -0.045950203 -0.047504148 -0.050463142 -0.057618836 -0.064774529 -0.072491256 -0.081218916 -0.089946575 -0.10338856 -0.1222989 -0.14031631 -0.12927549 -0.11823466 -0.10997721 -0.10297925 -0.095981289 -0.1009895 -0.10727641 -0.11234881 -0.11628427 -0.12021974 -0.11131085 -0.096278671 -0.085726018 -0.082428471 -0.079130924
-0.042505485 -0.031386063 -0.032367989 -0.035605372 -0.038842755 -0.042080138 -0.046055026 -0.050531078 -0.055007131 -0.059483184 -0.062545226 -0.062956872 -0.061780633 -0.065095585 -0.0713129 -0.077530216 -0.083747532 -0.090388026 -0.095133271 -0.079515496 -0.063897722 -0.048279948 -0.032848554 -0.03406235 -0.035276147 -0.036489944 -0.03770374 -0.03789555 -0.039016147 -0.042681135 -0.049836828 -0.056992522 -0.064148215 -0.071864942 -0.080592602 -0.089320261 -0.098047921 -0.11020658 -0.12822399 -0.11718316 -0.10926345 -0.10226549 -0.095267533 -0.088269572 -0.093277783 -0.098103789 -0.10203925 -0.10597472 -0.10991018 -0.10100129 -0.091179625 -0.087882078 -0.08458453 -0.081286983
