P1_models/J1_p1_vp_slide_diff2_100.dat.tif
NCOLS 118
NROWS 92
XLLCORNER 139.62
YLLCORNER -39.07
DX 0.099491525
DY 0.099347826
NODATA_VALUE -9999
[rows 24 to 47 of 92, columns 0 to 53 of 118]
-9999 0.15151237 0.15414368 0.15677499 0.15940629 0.1620376 0.1646689 0.16683378 0.16835861 0.16988344 0.17140827 0.1729331 0.17445793 0.17562612 0.17608014 0.17653415 0.17698816 0.17744217 0.17789619 0.1768332 0.16900554 0.16117788 0.15335021 0.14552255 0.13769489 0.13116739 0.12812463 0.12508188 0.12203912 0.11899637 0.11595362 0.11491689 0.11679088 0.11866486 0.12053884 0.12241282 0.1242868 0.1239403 0.12086207 0.11778384 0.1147056 0.11162737 0.10854914 0.1089214 0.11177419 0.11462698 0.11747977 0.12033256 0.12322777 0.11823313 0.11168303 0.10513294 0.098582842 0.092032746
-9999 0.15094081 0.15357211 0.15620342 0.15883473 0.16146603 0.16627346 0.17115335 0.17354997 0.1750748 0.17659963 0.17812446 0.17964929 0.18007232 0.17887808 0.1793321 0.17978611 0.18024012 0.18069413 0.17864389 0.17081623 0.16298857 0.15516091 0.14733325 0.14120971 0.13510663 0.12284625 0.1198035 0.11676074 0.11371799 0.11067524 0.10931188 0.11118586 0.11305984 0.11493382 0.11680781 0.11838935 0.11894385 0.11751443 0.1144362 0.11135796 0.10827973 0.1052015 0.10169744 0.10165535 0.10450814 0.10736092 0.11021371 0.1130665 0.11731002 0.1123684 0.10581831 0.099268213 0.092718117
-9999 0.14930601 0.15193731 0.15456862 0.15719993 0.1631747 0.16974979 0.17462968 0.1775531 0.1803637 0.18188853 0.18341336 0.18493819 0.18536122 0.18357783 0.18179445 0.18222288 0.18267689 0.1831309 0.18108066 0.173253 0.16542534 0.15759768 0.15284538 0.15000855 0.14390546 0.12904801 0.11419055 0.11074978 0.10770702 0.10466427 0.10330091 0.10517489 0.10704888 0.10892286 0.11034439 0.11158719 0.11214169 0.11171148 0.11089709 0.10781886 0.10474062 0.10166239 0.098158332 0.094348155 0.092900082 0.095752871 0.09860566 0.10145845 0.10570196 0.11018583 0.10733812 0.10078802 0.094237928
-9999 0.14767121 0.15030251 0.15350086 0.16007594 0.16665103 0.17322612 0.17810601 0.18102943 0.18395285 0.18687627 0.18870226 0.19022709 0.19065012 0.18886673 0.18708335 0.18529996 0.18511366 0.18556767 0.18351743 0.17568977 0.16786211 0.16448105 0.16164422 0.15880738 0.1527043 0.13784684 0.12298938 0.10813193 0.10169606 0.098653303 0.097289945 0.099163927 0.10103791 0.10229944 0.10354224 0.10478504 0.10533954 0.10490932 0.10447911 0.10404889 0.10120151 0.098123281 0.094619224 0.090809048 0.086998871 0.084144817 0.086997606 0.089850394 0.094093909 0.098577779 0.10306165 0.10230783 0.095757738
-9999 0.14603641 0.1504021 0.15697719 0.16355227 0.17012736 0.17670244 0.18158233 0.18450575 0.18742917 0.19035259 0.19327601 0.19551598 0.19593901 0.19415563 0.19237224 0.19058886 0.18880547 0.18800444 0.1859542 0.17895356 0.17611672 0.17327989 0.17044305 0.16760622 0.16150313 0.14664568 0.13178822 0.11693076 0.1020733 0.092642337 0.091278979 0.09301168 0.094254481 0.095497282 0.096740083 0.097982884 0.098537383 0.098107168 0.097676953 0.097246738 0.096816522 0.094584173 0.091080116 0.08726994 0.083459763 0.079649587 0.075839411 0.078242341 0.082485855 0.086969725 0.091453595 0.095937465 0.097277548
-9999 0.14661449 0.15318958 0.15976466 0.16633975 0.17291483 0.17948992 0.18463507 0.18755849 0.19048191 0.19340533 0.19632875 0.19925217 0.20033968 0.1985563 0.19677291 0.19498953 0.19320614 0.19142275 0.18932082 0.18648399 0.18364715 0.18081032 0.17797348 0.17513665 0.16867804 0.15382058 0.13896312 0.12410567 0.10924821 0.094390753 0.085032617 0.086275418 0.087518219 0.08876102 0.090003821 0.091246622 0.092956792 0.092526577 0.092096362 0.091666147 0.091235932 0.090805717 0.088346059 0.084535882 0.080725706 0.07691553 0.073105353 0.069295177 0.072240082 0.076723952 0.081207822 0.085691692 0.090175561
-9999 0.14373108 0.15030616 0.15688125 0.16345633 0.17003142 0.17481344 0.18042811 0.18712411 0.19004753 0.19297095 0.19589437 0.19881779 0.19952642 0.1957998 0.19386139 0.192078 0.19029461 0.18851123 0.1864093 0.18357246 0.18073563 0.17789879 0.17506196 0.16604614 0.15515206 0.14685548 0.13276932 0.11791186 0.1030544 0.088196944 0.078838809 0.08008161 0.08132441 0.082567211 0.083810012 0.088409834 0.093239642 0.097002302 0.096572087 0.096141872 0.095711657 0.095281442 0.092605101 0.08842926 0.084619084 0.080808908 0.076998731 0.073188555 0.074354451 0.07769291 0.08217678 0.08666065 0.09114452
-9999 0.14084767 0.14742275 0.15399784 0.1601815 0.16476562 0.16934973 0.17496441 0.18176848 0.18857256 0.19253657 0.19545999 0.19838341 0.19909204 0.19536542 0.19163879 0.18916647 0.18738309 0.1855997 0.18349777 0.18066094 0.1778241 0.17498727 0.16349144 0.15162824 0.14073416 0.13243758 0.124141 0.11171805 0.096860593 0.082003136 0.072645 0.073887801 0.075130602 0.076600643 0.082036084 0.087471525 0.092301334 0.096264699 0.10022806 0.1006176 0.10018738 0.099757167 0.097080826 0.092789774 0.088512462 0.084702286 0.080892109 0.077081933 0.078247829 0.080273725 0.083145739 0.087629608 0.092113478
-9999 0.13796425 0.14453934 0.15013368 0.1547178 0.15930191 0.16388602 0.1695007 0.17630478 0.18310885 0.18991293 0.19502561 0.19794903 0.19865765 0.19493103 0.19120441 0.18747779 0.18447156 0.18268818 0.18058625 0.17774941 0.17279994 0.16093674 0.14907354 0.13721033 0.12631625 0.11801967 0.10972309 0.10142651 0.090666785 0.075809327 0.066451192 0.067693993 0.070226893 0.075662334 0.081097775 0.086533217 0.091363025 0.09532639 0.099289755 0.10325312 0.10466311 0.10423289 0.10155655 0.0972655 0.092974448 0.088683396 0.084785487 0.080975311 0.082141207 0.084167103 0.086192999 0.088598567 0.093082437
-9999 0.13508084 0.14008586 0.14466998 0.14925409 0.1538382 0.15842231 0.16403699 0.17084107 0.17764515 0.18444923 0.1912533 0.19751464 0.19822327 0.19449665 0.19077003 0.18704341 0.18331679 0.17977665 0.17767472 0.17024524 0.15838204 0.14651883 0.13465563 0.12279243 0.11189835 0.10360177 0.095305184 0.087008602 0.078712021 0.069615519 0.060257383 0.063853143 0.069288584 0.074724026 0.080159467 0.085594908 0.090424717 0.094388082 0.098351447 0.10231481 0.10627818 0.10870862 0.10603228 0.10174122 0.097450173 0.093159121 0.088868069 0.084868689 0.086034584 0.088060481 0.090086377 0.092112273 0.094138169
-9999 0.12892796 0.13351208 0.13809619 0.1426803 0.14726442 0.15184853 0.16177756 0.16882467 0.17562875 0.18243283 0.18923691 0.19604099 0.19449351 0.18846028 0.18473366 0.18100704 0.17728042 0.1735538 0.16736679 0.15550359 0.14364039 0.13177718 0.11991398 0.10805078 0.10233454 0.094666338 0.086369757 0.078073175 0.069776594 0.061480012 0.057873841 0.063309282 0.068744723 0.074180164 0.079615606 0.085051047 0.088505613 0.092537672 0.096501037 0.1004644 0.10442777 0.10839113 0.11043003 0.10613898 0.10184792 0.097556871 0.093265819 0.088974767 0.087660182 0.089686078 0.091711974 0.09373787 0.095763767
-9999 0.12052335 0.12510747 0.12969158 0.13427569 0.13952009 0.14639512 0.15640651 0.17003767 0.17929793 0.18610201 0.19290608 0.19971016 0.19816269 0.17989073 0.16945807 0.16573145 0.16200482 0.1582782 0.1520912 0.140228 0.12836479 0.11650159 0.10522358 0.10225194 0.098639877 0.093311347 0.086476448 0.078179866 0.069883285 0.061586703 0.057980532 0.063415973 0.068851414 0.074286855 0.079061909 0.080736739 0.083795878 0.088835467 0.09314632 0.097109685 0.10107305 0.10503641 0.10778218 0.10965262 0.10611707 0.10182602 0.097534968 0.093243916 0.089861414 0.087571481 0.089597377 0.091623274 0.09364917
-9999 0.11211874 0.11670286 0.12128697 0.12727402 0.13414905 0.14102408 0.15103547 0.16466662 0.17829777 0.18977118 0.19657526 0.20337934 0.20183186 0.18355991 0.16528796 0.15045585 0.14672923 0.14300261 0.13681561 0.12495241 0.1130892 0.10450057 0.10152892 0.098557278 0.094945218 0.089616688 0.084288158 0.078286557 0.069989976 0.061693394 0.058087223 0.063522664 0.068958105 0.072677344 0.074352174 0.076027004 0.079086143 0.084125732 0.089165321 0.093754968 0.097718333 0.1016817 0.10442746 0.1062979 0.10816834 0.10609517 0.10180412 0.097513065 0.094130563 0.090905083 0.087679604 0.089508677 0.091534573
-9999 0.10371413 0.10829825 0.11502795 0.12190297 0.128778 0.13565303 0.14566442 0.15929557 0.17292673 0.18655788 0.20018904 0.20704851 0.20550103 0.18722908 0.16895713 0.15068518 0.13241323 0.12772702 0.12154002 0.10967681 0.10377756 0.10080591 0.097834264 0.094862618 0.091250558 0.085922028 0.080593498 0.075264968 0.069936438 0.061800085 0.058193913 0.063629355 0.066292778 0.067967609 0.069642439 0.071317269 0.074376408 0.079415997 0.084455586 0.089495175 0.094363616 0.098326981 0.10107274 0.10294318 0.10481362 0.10668406 0.10607327 0.10178221 0.098399712 0.095174232 0.091948753 0.088723273 0.089419976
-9999 0.095906846 0.10278187 0.1096569 0.11653193 0.12340696 0.13028198 0.14029337 0.15392453 0.16755568 0.18118684 0.19481799 0.20844915 0.20917021 0.19089826 0.17262631 0.15435436 0.13608241 0.11781046 0.10626443 0.10305454 0.1000829 0.097111251 0.094139605 0.091167959 0.087555899 0.082227369 0.076898839 0.071570309 0.066241779 0.060913249 0.058233383 0.059908213 0.061583044 0.063257874 0.064932704 0.066607534 0.069666673 0.074706262 0.079745851 0.08478544 0.089825029 0.094864617 0.097718025 0.099588465 0.10145891 0.10332935 0.10519979 0.10605136 0.10266886 0.099443381 0.096217901 0.092992422 0.089766942
-9999 0.094189495 0.10106452 0.10793955 0.11481458 0.12168961 0.12457826 0.12988246 0.14351361 0.15714477 0.17077592 0.18440708 0.19544796 0.19512133 0.1807391 0.16246715 0.1441952 0.12592325 0.1076513 0.094005934 0.091034288 0.088062642 0.085090996 0.08211935 0.082415919 0.086150584 0.074849319 0.069520789 0.064192259 0.058863729 0.053535199 0.050598788 0.052273618 0.053948448 0.055623279 0.057298109 0.062136051 0.070247767 0.075287356 0.080326945 0.085366534 0.090406123 0.094895992 0.095606697 0.096271836 0.098142277 0.10001272 0.10188316 0.1037536 0.10127905 0.098053572 0.094828092 0.091602612 0.087531812
-9999 0.093707874 0.1005829 0.10745793 0.11433296 0.11437352 0.11246279 0.11776699 0.13139815 0.1450293 0.15866046 0.1670981 0.17269882 0.17237219 0.16017569 0.14763107 0.12935912 0.11108717 0.092815216 0.079169848 0.076198202 0.073226556 0.07025491 0.074586144 0.084953824 0.088688489 0.074645007 0.060896966 0.055568436 0.050239906 0.044911376 0.041974965 0.043649795 0.045324625 0.046999455 0.054247482 0.064506576 0.072618293 0.077657882 0.082697471 0.087737059 0.091954444 0.095942167 0.096652873 0.095007772 0.09483853 0.09670897 0.098579411 0.10044985 0.097975304 0.094749824 0.091524345 0.086077024 0.07646792
-9999 0.093226253 0.10010128 0.1060795 0.10416878 0.10225805 0.10034732 0.10565152 0.11928268 0.13291383 0.13874824 0.14434896 0.14994968 0.14962305 0.13742655 0.12523005 0.11303355 0.09625108 0.07797913 0.064333762 0.061362116 0.05839047 0.066756369 0.077124049 0.087491729 0.091226394 0.077182912 0.06313943 0.049095948 0.041616083 0.036287553 0.033351141 0.035025972 0.036700802 0.046358914 0.056618008 0.066877102 0.074988818 0.080028407 0.085025174 0.089012897 0.09300062 0.096988343 0.097699049 0.096053948 0.094408846 0.093405223 0.095275664 0.097146105 0.094671557 0.091446077 0.084622237 0.075013132 0.065404027
-9999 0.092744632 0.095874762 0.093964035 0.092053309 0.090142582 0.088231856 0.093536057 0.10479766 0.11039838 0.1159991 0.12159982 0.12720054 0.12687391 0.11467741 0.10248091 0.09028441 0.07808791 0.063143044 0.049497676 0.048558913 0.058926594 0.069294274 0.079661954 0.090029634 0.093764299 0.079720817 0.065677335 0.051633853 0.037590372 0.027663729 0.024727318 0.028211252 0.038470346 0.04872944 0.058988533 0.069247627 0.077359344 0.082083626 0.086071349 0.090059073 0.094046796 0.098034519 0.098745224 0.097100123 0.095455022 0.093809921 0.09216482 0.093842358 0.09136781 0.083167449 0.073558345 0.06394924 0.054340135
-9999 0.084684985 0.082774259 0.080863532 0.078952805 0.077042079 0.075131352 0.078932009 0.084532729 0.09013345 0.09573417 0.10133489 0.10693561 0.1073854 0.095188896 0.082992395 0.070795895 0.058599395 0.046402895 0.041029464 0.051397144 0.061764825 0.072132505 0.082500185 0.092867865 0.097408222 0.08336474 0.069321258 0.055277777 0.041234295 0.027190813 0.021448296 0.03170739 0.041966484 0.052225578 0.062484672 0.072743766 0.078183896 0.08217162 0.086159343 0.090147066 0.094134789 0.098122513 0.098402521 0.09675742 0.095112319 0.093467218 0.091822116 0.090177015 0.082123455 0.07251435 0.062905246 0.053296141 0.043687036
-9999 0.064155285 0.062244559 0.060333832 0.058423106 0.056512379 0.072590988 0.082384755 0.08300383 0.08860455 0.094205271 0.099805991 0.10540671 0.10681285 0.099819092 0.088095703 0.075899203 0.063702702 0.051506202 0.046132772 0.056500452 0.066868132 0.077235813 0.087603493 0.094228047 0.097022909 0.09394137 0.081306834 0.067263352 0.05321987 0.039176388 0.033433872 0.043692966 0.05395206 0.064211153 0.074470247 0.081139082 0.081680732 0.07503295 0.079020673 0.083008396 0.08699612 0.090983843 0.089927136 0.08593971 0.084294609 0.082649508 0.081004406 0.079359305 0.073262064 0.064959477 0.055350372 0.045741267 0.036132162
-9999 0.043625586 0.041714859 0.039804132 0.041995314 0.059810984 0.077626655 0.087420422 0.087955882 0.088491342 0.092676371 0.098277091 0.10387781 0.10528395 0.098290192 0.091296436 0.08100251 0.06880601 0.05660951 0.051236079 0.06160376 0.07197144 0.08233912 0.087485416 0.092472761 0.095267623 0.092186084 0.089104545 0.079248927 0.065205446 0.051161964 0.045419447 0.055678541 0.065937635 0.075908455 0.081744223 0.087579991 0.088121642 0.081089306 0.074056971 0.075869727 0.07985745 0.083845173 0.082788466 0.078105383 0.073476899 0.071831798 0.070186696 0.068541595 0.062444354 0.055577662 0.047795498 0.038186393 0.028577289
-9999 0.023095886 0.021185159 0.029215311 0.047030981 0.064846651 0.082662321 0.092456088 0.092991548 0.093527008 0.094062468 0.096748192 0.10234891 0.10375505 0.096761293 0.089767536 0.082773779 0.073909318 0.061712817 0.056339387 0.066707067 0.075755442 0.080742786 0.085730131 0.090717475 0.093512337 0.090430798 0.087349259 0.08426772 0.077191021 0.063147539 0.057405022 0.067664116 0.076513597 0.082349365 0.088185133 0.094020901 0.094562552 0.087530216 0.080497881 0.073465545 0.07271878 0.076706504 0.075649797 0.070966713 0.066283629 0.061600546 0.059368986 0.057723885 0.051626644 0.044759952 0.03789326 0.03063152 0.021022415
-9999 0.002566186 0.016435307 0.034250977 0.052066647 0.069882317 0.087697988 0.097491755 0.098027215 0.098562675 0.099098135 0.099633595 0.10082001 0.10222615 0.095232393 0.088238636 0.08124488 0.074251123 0.066816125 0.061442695 0.069012812 0.074000156 0.0789875 0.083974845 0.088962189 0.091757051 0.088675512 0.085593973 0.082512434 0.079430895 0.075133115 0.069390598 0.077118738 0.082954506 0.088790275 0.094626043 0.10046181 0.10100346 0.093971126 0.086938791 0.079906455 0.07287412 0.069567834 0.068511127 0.063828043 0.05914496 0.054461876 0.049778793 0.046906175 0.040808934 0.033942242 0.02707555 0.020208859 0.013342167
