P1_models/J1_p1_vp_slide_diff2_25.dat.tif
NCOLS 118
NROWS 92
XLLCORNER 139.62
YLLCORNER -39.07
DX 0.099491525
DY 0.099347826
NODATA_VALUE -9999
[rows 50 to 74 of 92, columns 0 to 56 of 118]
-9999 0.38990437 0.39524788 0.40059139 0.40935768 0.41963173 0.42990577 0.43233737 0.42571776 0.41909814 0.40805041 0.39356592 0.37908142 0.36595836 0.35556166 0.34516496 0.33809085 0.34898932 0.35988779 0.36648273 0.36314927 0.3598158 0.35791005 0.35775816 0.35760627 0.35351439 0.33886232 0.32421025 0.30794006 0.28232858 0.2567171 0.23861853 0.23500243 0.23138634 0.22474612 0.21548262 0.20621912 0.19335308 0.1753331 0.15731313 0.14051167 0.12435802 0.10820437 0.097366806 0.090350908 0.08333501 0.067977172 0.046160077 0.024342982 0.020711751 0.020223532 0.020534429 0.024268915 0.0280034 0.030007133 0.026015746 0.022024359
-9999 0.40834774 0.41392692 0.42420096 0.43447501 0.44474906 0.45502311 0.4574547 0.45083509 0.43700636 0.42252186 0.40803736 0.39355286 0.3804298 0.37003311 0.35963641 0.34923971 0.33884301 0.34600669 0.35260163 0.34926817 0.34841682 0.34826493 0.34811304 0.34796115 0.34386926 0.32921719 0.31456513 0.29991306 0.28526099 0.26142023 0.24332165 0.23970556 0.23131907 0.22205556 0.21279206 0.20352856 0.19066252 0.17264254 0.15637677 0.14022312 0.12406947 0.10791582 0.097078256 0.090062358 0.08304646 0.076030562 0.064592631 0.042775536 0.039144305 0.040479829 0.044214315 0.0479488 0.051683286 0.053687018 0.049695631 0.033400359
-9999 0.4287702 0.43904425 0.4493183 0.45959235 0.4698664 0.48014045 0.4804468 0.4659623 0.4514778 0.43699331 0.42250881 0.40802431 0.39490125 0.38450455 0.37410785 0.36371115 0.35331446 0.34291776 0.33907547 0.33892358 0.33877169 0.3386198 0.33846791 0.33831602 0.33422413 0.31957206 0.30492 0.29026793 0.27561586 0.2609638 0.24715552 0.23789201 0.22862851 0.219365 0.2101015 0.200838 0.18839552 0.17224187 0.15608822 0.13993457 0.12378092 0.10762727 0.096789706 0.089773808 0.08275791 0.075742012 0.068726114 0.06120809 0.06042523 0.064159715 0.0678942 0.071628686 0.075363171 0.076663585 0.057354945 0.038046305
-9999 0.45122027 0.46149432 0.47176837 0.48204242 0.49231647 0.49506112 0.48710256 0.47261806 0.45813356 0.44364906 0.42916457 0.41417926 0.40113781 0.39261234 0.38221564 0.37181894 0.36142224 0.35102554 0.34372672 0.34357483 0.34342294 0.34327105 0.34311916 0.34221329 0.33809932 0.32768502 0.31303295 0.29838089 0.28372882 0.26907675 0.25626525 0.24700174 0.23773824 0.22847473 0.21921123 0.20813678 0.19394284 0.17778919 0.16163554 0.14548189 0.12932824 0.11588962 0.10712464 0.10039898 0.093383078 0.08636718 0.079351282 0.072335384 0.074485699 0.078220184 0.081954669 0.085689155 0.086703888 0.077324844 0.058016204 0.038707564
-9999 0.47322408 0.48349813 0.49377218 0.50404623 0.50271339 0.50040927 0.49245071 0.47796621 0.46348172 0.44899722 0.43366459 0.41810868 0.40506724 0.39706115 0.38905507 0.37886205 0.36846536 0.35806866 0.35076984 0.35061794 0.35046605 0.35031416 0.34881978 0.34672217 0.3426082 0.3330899 0.32357159 0.30946487 0.2948128 0.28016073 0.26734922 0.25808572 0.24882221 0.23955871 0.2274846 0.21466048 0.20046654 0.18431289 0.16815924 0.15200559 0.13963202 0.12758977 0.11882479 0.11241579 0.10583417 0.09881827 0.091802372 0.084786474 0.086936789 0.090671274 0.09440576 0.093210919 0.086698489 0.077319445 0.058010805 0.038702165
-9999 0.4952279 0.50550195 0.5126698 0.51036567 0.50806155 0.50575742 0.49779886 0.48331437 0.46870582 0.45314992 0.43759401 0.4220381 0.40899666 0.40099057 0.39298449 0.38497841 0.37550847 0.36511177 0.35781295 0.35766106 0.35750917 0.35542627 0.35332866 0.35123105 0.34711708 0.33759878 0.32808047 0.31856217 0.30589678 0.29124471 0.2784332 0.2691697 0.25965653 0.24683241 0.23400829 0.22118417 0.20699024 0.19083659 0.17541667 0.16337442 0.15133217 0.13928992 0.13052494 0.12411594 0.11770694 0.11126936 0.10425346 0.097237564 0.099387879 0.10312236 0.099717951 0.09320552 0.086693089 0.077314046 0.058005406 0.039712319
-9999 0.51723172 0.52032208 0.51801795 0.51571383 0.5134097 0.51110557 0.50314702 0.48819115 0.47263525 0.45707934 0.44152343 0.42596752 0.41292608 0.40492 0.39691391 0.38890783 0.38090175 0.37215488 0.36485606 0.36413038 0.36203277 0.35993515 0.35783754 0.35573993 0.35162596 0.34210766 0.33258935 0.32307105 0.31355274 0.30232869 0.28951718 0.27900435 0.26618023 0.25335611 0.24053199 0.22770787 0.21351393 0.19915907 0.18711682 0.17507457 0.16303232 0.15099007 0.14222509 0.13581609 0.12940709 0.12299809 0.11658909 0.10968865 0.11183897 0.10622498 0.099712552 0.093200121 0.08668769 0.077308646 0.062232765 0.057843945
-9999 0.52655797 0.52425385 0.52194972 0.5196456 0.51734147 0.51503734 0.51134861 0.4957927 0.4802368 0.46468089 0.44912498 0.43356907 0.41810133 0.41009525 0.40208916 0.39408308 0.386077 0.37807091 0.37185146 0.36975385 0.36765624 0.36555862 0.36346101 0.3613634 0.35395388 0.34457918 0.33506087 0.32554257 0.31602427 0.30650596 0.2958585 0.28303438 0.27021026 0.25738614 0.24456202 0.2317379 0.22054085 0.2084986 0.19645635 0.18441411 0.17237186 0.16032961 0.15132798 0.14491898 0.13850998 0.13210098 0.12569198 0.11928298 0.11275544 0.10624301 0.099730575 0.093218144 0.086705713 0.081849768 0.077763545 0.073374725
-9999 0.52565214 0.52334802 0.52104389 0.51873976 0.51630497 0.51295031 0.51163823 0.51268354 0.50038034 0.48482443 0.46926852 0.45371262 0.43799128 0.42193865 0.41151948 0.4035134 0.39550731 0.38750123 0.38128178 0.37918417 0.37708655 0.37498894 0.37289133 0.35618347 0.34188201 0.33815715 0.33057388 0.32105558 0.31153728 0.30201897 0.29137151 0.27854739 0.26572327 0.25289915 0.24005997 0.22635695 0.21554753 0.20887783 0.1977333 0.18569106 0.17364881 0.16160656 0.15236096 0.14515101 0.13874201 0.13233301 0.12592401 0.11951501 0.11292587 0.10634103 0.099828598 0.093316167 0.086803737 0.081947792 0.082829713 0.080022419
-9999 0.52474631 0.52244218 0.52013806 0.5173318 0.51397714 0.51062248 0.5093104 0.51035571 0.51140103 0.50496798 0.48941207 0.47385616 0.45813482 0.4420822 0.42602957 0.41294371 0.40493763 0.39693155 0.3907121 0.38861448 0.38651687 0.38060675 0.36235918 0.3441116 0.32981015 0.32608529 0.32236043 0.31656859 0.30705029 0.29753198 0.28688452 0.2740604 0.26123628 0.24812533 0.23442231 0.22071929 0.20990987 0.20324017 0.19657046 0.18696801 0.17492576 0.16288351 0.15363791 0.14640278 0.13916765 0.13256504 0.12615604 0.11974704 0.1131579 0.10653763 0.099926622 0.093414191 0.08690176 0.082045815 0.082927736 0.083809657
-9999 0.52384048 0.52153635 0.51835863 0.51500397 0.51164931 0.50829465 0.50698257 0.50802788 0.5090732 0.51011851 0.50955561 0.49399971 0.47827837 0.46222574 0.44617311 0.43012049 0.41436795 0.40636186 0.40014241 0.3980448 0.38678246 0.36853489 0.35028731 0.33203974 0.31773828 0.31401342 0.31028856 0.3065637 0.3025633 0.29304499 0.28239753 0.26957341 0.25619069 0.24248767 0.22878465 0.21508163 0.20427222 0.19760251 0.1909328 0.1842631 0.17620271 0.16416046 0.15491486 0.14767973 0.1404446 0.13320947 0.12638807 0.11997907 0.11338993 0.10676966 0.10014939 0.093529116 0.086999783 0.082143838 0.083025759 0.083907681
-9999 0.52274012 0.51938546 0.5160308 0.51267614 0.50932148 0.50596682 0.50465474 0.50570005 0.50674537 0.50779068 0.50883599 0.50988131 0.49842191 0.48236928 0.46631666 0.45026403 0.43421141 0.41815878 0.40957273 0.39295817 0.3747106 0.35646302 0.33821545 0.31996787 0.30566642 0.30194156 0.2982167 0.29449183 0.29076697 0.28704211 0.27791054 0.26425605 0.25055303 0.23685001 0.22314699 0.20944397 0.19863456 0.19196485 0.18529515 0.17862544 0.17195573 0.16528603 0.15619181 0.14895668 0.14172155 0.13448642 0.1272513 0.12021111 0.11362197 0.10700169 0.10038142 0.093761148 0.087140876 0.082241861 0.083123782 0.084005704
-9999 0.52868113 0.52532647 0.52197181 0.51861715 0.5152625 0.50721892 0.50252243 0.50643613 0.50748145 0.50852676 0.50957207 0.51061739 0.50940297 0.49948508 0.48343245 0.46737983 0.4513272 0.43527457 0.41855823 0.40031065 0.38206308 0.3638155 0.34556793 0.32961284 0.32192122 0.31406138 0.31033652 0.30661166 0.3028868 0.29916194 0.29202886 0.27832585 0.26462283 0.25091981 0.23721679 0.22157779 0.20354902 0.19251148 0.18584177 0.17917207 0.17250236 0.16583266 0.16264554 0.15737419 0.15013906 0.14290393 0.1356688 0.12843367 0.12013253 0.11348725 0.10686698 0.10024671 0.093626433 0.087580796 0.085292979 0.0861749
-9999 0.53821786 0.5348632 0.53150854 0.52815388 0.51604258 0.50118409 0.4964876 0.50351937 0.50954987 0.51059518 0.51164049 0.51268581 0.51147139 0.50573172 0.49923163 0.483179 0.46712637 0.45107375 0.4343574 0.41610983 0.39786225 0.37961468 0.36746541 0.36070164 0.35301002 0.34283153 0.33297613 0.32925126 0.3255264 0.32180154 0.31466847 0.30096545 0.28726243 0.27355941 0.25607193 0.23639099 0.21836222 0.20269711 0.18907764 0.18240794 0.17573823 0.16906852 0.16588141 0.16519789 0.16166164 0.15442651 0.14719138 0.13995625 0.13165511 0.12316972 0.11607189 0.10945161 0.10283134 0.096785703 0.092730535 0.089244748
-9999 0.54775459 0.54439993 0.53972472 0.52486624 0.51000775 0.49514926 0.49045277 0.49748454 0.50451631 0.51154807 0.51370892 0.51475423 0.51353981 0.50780014 0.50206048 0.49632081 0.48292555 0.46687292 0.45015658 0.431909 0.41366143 0.40531798 0.39855421 0.39179044 0.38409883 0.37392034 0.36374185 0.35356336 0.34816601 0.34444114 0.33730807 0.32360505 0.30990203 0.29056608 0.27088514 0.25120419 0.23317542 0.21751031 0.2018452 0.18618008 0.1789741 0.17230439 0.16911728 0.16843375 0.16775023 0.16594909 0.15871396 0.15147884 0.14317769 0.13469231 0.12620692 0.11865652 0.11203625 0.10599061 0.10193544 0.097880274
-9999 0.55729132 0.54854838 0.5336899 0.51883141 0.50397292 0.48911443 0.48441794 0.49144971 0.49848148 0.50551325 0.51254501 0.51682265 0.51560823 0.50986857 0.5041289 0.49838923 0.49264957 0.4826721 0.46595575 0.44993431 0.44317055 0.43640678 0.42964302 0.42287925 0.41518763 0.40500914 0.39483066 0.38465217 0.37447368 0.36708075 0.35994767 0.34474116 0.32506022 0.30537928 0.28569834 0.2660174 0.24798862 0.23232351 0.2166584 0.20099329 0.18532817 0.17554026 0.17235315 0.17166962 0.1709861 0.17030257 0.16961905 0.16300142 0.15470027 0.14621489 0.1377295 0.12924412 0.12124115 0.11519552 0.11114035 0.10708518
-9999 0.55918735 0.54432886 0.52947037 0.51461188 0.49975339 0.48489491 0.48381258 0.49084435 0.49787612 0.50490788 0.51193965 0.51897142 0.52073384 0.51499418 0.50925451 0.50351485 0.49777518 0.49203551 0.48598618 0.47922241 0.47245864 0.46569488 0.45893111 0.45216735 0.44039924 0.43022075 0.42004226 0.40986378 0.39968529 0.3895068 0.37608258 0.35640164 0.3367207 0.31703976 0.29735882 0.27767788 0.26283453 0.24716942 0.23150431 0.2158392 0.20017408 0.18450897 0.17639929 0.17571576 0.17503224 0.17434872 0.17366519 0.17298167 0.16564596 0.15716058 0.14867519 0.14018981 0.13170443 0.12390458 0.11984941 0.11579424
-9999 0.56399689 0.5491384 0.53427991 0.51942142 0.50527128 0.50636324 0.51021261 0.51724438 0.52427615 0.53130791 0.53833968 0.54744765 0.5494544 0.5368455 0.52958616 0.52384649 0.51810682 0.51236716 0.50631782 0.49955405 0.49279029 0.48602652 0.47926276 0.47210905 0.45914988 0.43085078 0.41602155 0.40584306 0.39566457 0.38548608 0.37206187 0.35238092 0.33269998 0.31301904 0.2933381 0.28731687 0.27784312 0.26217801 0.24651289 0.23084778 0.21627679 0.21359944 0.20120501 0.18379208 0.18310856 0.18242503 0.18174151 0.18105798 0.17372228 0.16523689 0.15675151 0.14826613 0.13878525 0.13014738 0.12609221 0.12203704
-9999 0.56880643 0.55394794 0.53908945 0.53057935 0.53167131 0.53276327 0.53661264 0.54364441 0.55067618 0.55831457 0.5676198 0.57692504 0.57893178 0.56632289 0.55371399 0.54417813 0.53843847 0.5326988 0.52664946 0.5198857 0.51312193 0.50628385 0.499048 0.49181215 0.47885298 0.45055388 0.42225478 0.40182234 0.39164385 0.38146536 0.36804115 0.34836021 0.32867927 0.3126176 0.30747153 0.30232546 0.29285171 0.27718659 0.26152148 0.25067833 0.24800098 0.24532363 0.2329292 0.2135493 0.1941694 0.19050135 0.18981782 0.1891343 0.18179859 0.17331321 0.16482783 0.15498893 0.14502805 0.13639017 0.132335 0.12827984
-9999 0.57361596 0.55875748 0.55588742 0.55697938 0.55807134 0.5591633 0.56301267 0.57004444 0.57848673 0.58779196 0.59709719 0.60640242 0.60840916 0.59580027 0.58319138 0.57058248 0.55877011 0.55303044 0.5469811 0.54021734 0.53322281 0.52598696 0.5187511 0.51151525 0.49855608 0.47025698 0.44195788 0.41365878 0.38762314 0.37744465 0.36402043 0.34433949 0.33277226 0.32762619 0.32248012 0.31733404 0.30786029 0.29219518 0.28507987 0.28240252 0.27972517 0.27704782 0.26465339 0.24527349 0.22589359 0.20651369 0.19789414 0.19721062 0.18987491 0.18115348 0.1711926 0.16123173 0.15127085 0.14263297 0.1385778 0.14225759
-9999 0.58010353 0.58119549 0.58228745 0.58337941 0.58447137 0.58556333 0.5894127 0.59865888 0.60796411 0.61726934 0.62657457 0.6358798 0.63788655 0.62527765 0.61266876 0.60005987 0.58745098 0.57484208 0.56731275 0.56016177 0.55292591 0.54569006 0.53845421 0.53121835 0.51825918 0.48996008 0.46166098 0.43336188 0.40506278 0.37676368 0.35999971 0.35292692 0.34778085 0.34263478 0.3374887 0.33234263 0.32286888 0.31948141 0.31680406 0.31412671 0.31144936 0.30877201 0.29637758 0.27699768 0.25761778 0.23823788 0.21885798 0.20528693 0.19735716 0.18739628 0.1774354 0.16747452 0.15751364 0.14887577 0.15608778 0.16658964
-9999 0.58889839 0.58999035 0.59108231 0.59217427 0.59326623 0.5955283 0.5998157 0.60693527 0.6162405 0.62554573 0.63485096 0.64415619 0.64872735 0.64024169 0.6276328 0.61502391 0.60241501 0.58980612 0.57882195 0.5715861 0.56435025 0.5571144 0.54987854 0.54167572 0.5304159 0.51651894 0.48821984 0.45992074 0.43162164 0.40332254 0.38293176 0.37778569 0.37263962 0.36749354 0.36234747 0.35463472 0.33808546 0.32840541 0.32572806 0.32305071 0.32037336 0.317696 0.30459655 0.28492174 0.26554184 0.24616193 0.22678203 0.20740213 0.18530637 0.17534549 0.16538461 0.15542373 0.14546285 0.14277662 0.16032407 0.17082593
-9999 0.58769786 0.58878982 0.58988178 0.59097374 0.59453098 0.5989926 0.60328 0.60736633 0.61247996 0.62178519 0.63109042 0.64039565 0.64496681 0.64005773 0.63435684 0.62174795 0.60913905 0.59653016 0.585546 0.57831014 0.57107429 0.56383844 0.55314237 0.53901275 0.52775293 0.52418489 0.51867108 0.49037198 0.46207288 0.43377378 0.413383 0.40823693 0.40309085 0.39794478 0.38695489 0.37214094 0.35559168 0.3365598 0.32170718 0.31902983 0.31635248 0.31367513 0.30057567 0.27998389 0.25995329 0.24057339 0.22119349 0.20181359 0.17916106 0.15594294 0.14294758 0.1329867 0.12302582 0.12033959 0.14285186 0.16365279
-9999 0.58649733 0.58758929 0.58907203 0.59353366 0.59799528 0.60245691 0.60674431 0.61083064 0.61491697 0.6190033 0.62732988 0.63663511 0.64120627 0.63629719 0.63138812 0.62647904 0.6158631 0.6032542 0.59227004 0.58503418 0.57779833 0.56460901 0.55047939 0.53634977 0.52508995 0.52152192 0.51795388 0.51438584 0.49252412 0.46422502 0.44383424 0.43868816 0.43354209 0.41927506 0.4044611 0.38964715 0.37309789 0.35406602 0.33503415 0.31600228 0.3123316 0.30965425 0.29655479 0.27596301 0.25537123 0.23498485 0.21560495 0.19622505 0.17357252 0.1503544 0.12713627 0.11054967 0.1005888 0.097902566 0.12041483 0.1429271
-9999 0.58529681 0.58807471 0.59253634 0.59699796 0.60145959 0.60592121 0.61020861 0.61429494 0.61838127 0.6224676 0.62655393 0.63287457 0.63744573 0.63253665 0.62762757 0.6227185 0.61780942 0.60997824 0.59899408 0.59020528 0.57607566 0.56194604 0.54781642 0.5336868 0.52242698 0.51885894 0.51529091 0.51172287 0.50815484 0.49467626 0.47428547 0.46640917 0.45159522 0.43678127 0.42196732 0.40715337 0.39060411 0.37157224 0.35254037 0.33350849 0.31447662 0.30563337 0.29253391 0.27194214 0.25135036 0.23075858 0.2101668 0.19063651 0.16798398 0.14476586 0.12154773 0.098329609 0.078151766 0.075465536 0.097977804 0.12049007
