P1_models/J1_p1__temp2_slide_25.dat.tif
NCOLS 118
NROWS 92
XLLCORNER 139.62
YLLCORNER -39.07
DX 0.099491525
DY 0.099347826
NODATA_VALUE -9999
[rows 27 to 53 of 92, columns 0 to 59 of 118]
-9999 284.11854 282.78519 281.28222 278.76916 276.2561 273.74305 271.30033 268.93879 266.57725 264.21572 262.64599 261.29356 260.52084 260.90902 261.2972 261.68539 261.56662 261.24459 262.08149 265.59205 269.1026 270.58546 271.82015 273.05484 275.28035 280.16151 285.04266 289.92382 290.96314 290.45455 289.31399 286.9552 284.59641 282.66173 280.74003 278.81833 277.7372 277.85865 277.9801 278.10155 278.35155 278.61383 279.83586 281.74784 283.65983 285.14831 284.10906 283.06981 282.87259 282.82089 282.76919 284.91365 289.48848 293.52287 295.68521 297.84755 300.00989 304.32805 309.03844
-9999 282.6186 280.76644 278.25338 275.74032 273.22726 270.71421 268.27149 265.90995 263.54841 261.18687 258.82534 256.95692 256.1842 256.57238 256.96056 257.34875 257.73693 257.81329 258.65018 261.78361 263.0183 264.25299 265.48768 266.72237 268.94788 273.82904 278.71019 283.59135 288.4725 290.87815 289.73759 287.47664 285.55493 283.63323 281.71152 279.78982 278.7087 278.83015 278.95159 279.07304 279.19449 279.41178 280.63381 282.5458 284.45778 286.36976 288.28175 287.44175 287.24453 287.19283 287.14113 287.08943 288.35591 292.3903 294.55264 296.71498 298.87733 301.03967 304.87429
-9999 280.54935 278.03629 275.52323 273.01018 270.49712 267.98406 265.35445 262.99291 260.63137 258.26983 255.9083 253.54676 252.17858 252.56677 252.95495 253.34313 253.73131 254.1195 254.76365 255.99834 257.23303 258.46772 259.70241 260.9371 263.34042 268.22157 273.10273 277.98388 282.86504 287.74619 290.30371 288.38201 286.46031 284.5386 282.6169 280.69519 279.28678 279.40823 279.52968 279.65113 279.77257 279.89402 281.07719 282.98917 284.90115 286.81313 288.72512 290.6371 290.82561 290.77391 290.72221 290.67051 290.61881 291.48447 293.64681 295.80915 297.97149 300.13384 302.29618
-9999 280.27815 277.76509 275.25203 272.73898 270.22592 267.9539 264.91227 260.99623 258.63469 256.27315 253.91162 251.55008 250.29144 251.24142 251.67442 252.0626 252.45078 252.83897 253.48312 254.71781 255.9525 257.18719 258.42188 262.03463 266.18602 268.84396 273.46376 278.34492 283.22607 288.10723 290.66475 288.74304 286.82134 284.89964 282.97793 280.58258 278.392 276.74761 276.86906 276.99051 277.11195 277.2334 278.48539 280.51351 282.42549 284.33747 286.24945 288.16144 288.07387 287.84442 287.79272 287.74102 287.68932 288.86609 294.29815 296.76987 298.93221 301.09455 303.25689
-9999 280.00695 277.49389 274.98084 272.5204 270.27499 268.02958 264.98794 261.02737 257.06679 254.27647 251.91494 249.5534 248.29476 249.24474 250.19472 250.78207 251.17025 251.55844 252.20259 253.43728 254.67197 255.90666 260.47387 265.18247 269.33387 271.99181 274.64975 278.70595 283.58711 288.46826 291.02578 289.10408 287.18237 285.22861 282.71535 280.20209 278.01152 276.2826 274.55368 274.32989 274.45133 274.57278 275.82477 277.88948 279.94982 281.86181 283.77379 285.68577 285.59821 285.16506 284.86322 284.81152 284.75982 285.9366 291.36866 296.80072 299.89292 302.05526 304.21761
-9999 279.73575 277.2227 274.84148 272.59607 270.35066 268.10525 265.06362 261.10304 257.14246 253.18188 249.91826 247.55672 246.29808 247.24806 248.19804 249.14801 249.88972 250.27791 250.92206 252.15675 254.20451 258.91312 263.62172 268.33032 272.48172 275.13966 277.7976 280.45554 283.94814 288.8293 291.38682 289.46511 287.36138 284.84813 282.33487 279.82161 277.63104 275.90212 274.1732 272.44427 271.79072 271.91216 273.16415 275.22886 277.29357 279.35828 281.29813 283.21011 283.12254 282.6894 282.25626 281.88203 281.83033 283.00711 288.43917 293.87123 299.30329 303.01598 305.17832
-9999 279.46456 277.16256 274.91715 272.67174 270.42633 268.18092 265.13929 261.17871 257.21814 253.25756 249.29698 245.56004 244.3014 245.25138 246.20136 247.15133 248.10131 248.99738 249.64153 252.64376 257.35236 262.06096 266.76956 271.47817 275.62956 278.2875 280.94545 283.60339 286.26133 289.19033 291.74785 289.49416 286.9809 284.46765 281.95439 279.44113 277.25056 275.52164 273.79272 272.06379 270.33487 269.25154 270.50353 272.56824 274.63295 276.69766 278.76237 280.73445 280.64688 280.21374 279.78059 279.34745 278.91431 280.07761 285.50967 290.94173 296.37379 301.80585 306.13904
-9999 280.36772 278.12231 275.8769 273.63149 271.38608 269.14067 264.04206 259.97683 256.01625 252.05567 248.09509 244.13452 243.78715 245.67883 246.62881 247.57879 248.52876 249.47874 251.56527 256.27387 260.98248 265.69108 270.39968 275.10828 277.23472 279.77132 282.42926 285.0872 287.74514 290.40308 291.29471 288.78145 286.2682 283.75494 281.24168 278.72843 277.59692 275.871 274.14207 272.41315 270.68423 268.95531 267.99186 270.05658 272.12129 274.186 276.25071 278.31542 278.38764 277.9545 277.52135 277.08821 276.65507 277.07333 282.02054 287.4526 292.88466 298.31672 303.74878
-9999 282.78554 280.54013 278.29472 276.04931 273.40475 269.77445 264.62606 257.72559 252.70732 248.74674 244.78616 240.82558 240.47822 247.36651 251.05432 252.0043 252.95428 253.90426 255.99079 260.69939 265.40799 270.11659 274.57496 275.4815 276.70818 278.79295 281.16862 283.82656 286.4845 289.14244 290.03407 287.52082 285.00756 282.4943 280.35872 279.99617 279.09081 277.40889 275.69514 273.96622 272.2373 270.50837 269.19084 268.16904 269.85529 271.92 273.98471 276.04942 276.23946 276.0522 275.61906 275.18592 274.75277 275.17104 278.53847 283.04048 288.47254 293.9046 299.33666
-9999 285.20337 282.95796 280.71255 277.61904 273.98874 270.35844 265.21005 258.30958 251.40911 245.43781 241.47723 237.51665 237.16929 244.05758 250.94588 256.42981 257.37979 258.32977 260.4163 265.1249 269.8335 273.14189 274.04842 274.95495 276.18164 278.26641 280.35118 282.56592 285.22387 287.88181 288.77344 286.26018 283.74692 282.21517 281.85261 281.49006 280.5847 278.90278 277.22086 275.51928 273.79036 272.06144 270.7439 269.72211 268.70031 269.65401 271.71872 273.78343 273.97347 273.83951 273.70555 273.28362 272.85048 273.26874 276.63617 280.00361 284.06042 289.49248 294.92454
-9999 287.62119 285.37578 281.83333 278.20303 274.57273 270.94244 265.79404 258.89357 251.9931 245.09263 238.19216 234.20772 233.86036 240.74865 247.63695 254.52524 261.41354 262.75528 264.84181 269.55042 271.70881 272.61534 273.52188 274.42841 275.65509 277.73986 279.82463 281.9094 283.99417 286.62117 287.5128 284.99954 284.07161 283.70905 283.3465 282.98395 282.07859 280.39667 278.71474 277.03282 275.34343 273.6145 272.29697 271.27517 270.25338 269.23158 269.45273 271.51744 271.70747 271.57351 271.43956 271.3056 270.94818 271.36645 274.73388 278.10131 281.46874 285.08035 290.51241
-9999 289.67792 286.04762 282.41733 278.78703 275.15673 271.52643 266.37803 259.47756 252.57709 245.67662 238.77615 231.87568 230.55143 237.43972 244.32802 251.21631 258.10461 264.9929 269.26733 270.27573 271.18227 272.0888 272.99533 273.90187 275.12855 277.21332 279.29809 281.38286 283.46763 285.5524 286.29061 285.92805 285.5655 285.20294 284.84039 284.47784 283.57248 281.89055 280.20863 278.52671 276.84479 275.16287 273.85003 272.82824 271.80644 270.78465 269.76285 269.25144 269.44148 269.30752 269.17356 269.0396 268.90565 269.46415 272.83158 276.19902 279.56645 282.93388 286.30131
-9999 289.34006 285.70976 282.07946 278.44916 274.81886 272.8077 269.57121 262.67074 255.77027 248.8698 241.96932 236.25845 235.40384 240.35784 247.24614 254.13443 261.02273 267.91102 272.99052 273.89706 274.80359 275.71012 276.61666 276.25345 274.72719 279.38811 281.47288 283.55765 285.64242 287.72719 288.97603 288.61348 288.25092 287.88837 287.52582 286.17474 283.69036 282.00844 280.32652 278.64459 276.96267 275.76646 275.84015 275.39757 274.37578 273.35398 272.33219 271.31039 271.0456 270.91164 270.77769 270.64373 270.56927 271.56835 274.93578 278.30321 281.67065 285.03808 285.72854
-9999 288.69041 285.06011 281.42981 277.79951 276.94515 276.88334 273.64685 266.74637 259.8459 252.94543 248.43012 245.21768 244.36307 248.23014 252.27033 259.15862 266.04692 272.93522 278.01472 278.92125 279.82778 280.73432 278.80358 274.5276 273.00134 278.84504 284.5613 286.64607 288.73084 290.81561 292.06445 291.7019 291.33935 290.97679 288.87252 285.82723 283.34286 281.66094 279.97901 278.29709 277.34164 276.58911 276.66279 277.33043 277.28883 276.26703 275.24524 274.22344 273.95865 273.8247 273.69074 273.71316 274.02852 275.0276 278.39503 281.76246 285.12989 284.67458 282.72845
-9999 288.04076 284.41046 281.14442 281.0826 281.02079 280.95897 277.72248 270.82201 263.92154 260.60178 257.38935 254.17691 253.3223 257.18937 261.05644 264.92351 271.07111 277.95941 283.03891 283.94544 284.85198 281.35372 277.07774 272.80176 271.2755 277.11919 282.96289 288.80658 291.81926 293.90403 295.15288 294.79032 294.42777 291.5703 288.52502 285.47973 282.99536 281.31343 279.66935 278.91682 278.16428 277.41175 277.48543 278.15307 278.82071 279.18008 278.15829 277.13649 276.8717 276.73775 276.85706 277.17241 277.48776 278.48684 281.85428 285.22171 283.62062 281.67449 279.72836
-9999 287.39111 285.28187 285.22005 285.15824 285.09642 285.03461 281.79812 275.98588 272.77345 269.56101 266.34858 263.13614 262.28153 266.1486 270.01567 273.88274 277.74981 282.9836 288.0631 288.17983 283.90385 279.62787 275.35189 271.07591 269.54966 275.39335 281.23704 287.08074 292.92443 296.99245 298.2413 297.31337 294.26808 291.2228 288.17752 285.13223 282.64785 281.24453 280.49199 279.73946 278.98693 278.23439 278.30808 278.97572 279.64336 280.311 280.97864 280.04954 279.78476 280.00095 280.31631 280.63166 280.94701 281.94609 284.51278 282.56665 280.62053 278.6744 276.72828
-9999 289.77335 289.71154 289.64972 289.5879 289.52609 289.46427 287.16233 283.9499 280.73746 277.52503 274.31259 271.10016 269.91383 273.7809 277.64797 281.51504 285.38211 289.24918 290.65392 286.37794 282.10196 277.82598 273.55 269.27402 267.49197 273.33566 279.17935 285.02305 290.86674 296.71043 299.51794 296.47266 293.42738 290.38209 287.33681 284.29153 283.21613 282.4636 281.71107 280.95853 280.206 279.45347 279.88566 280.5533 281.22094 281.88858 282.55623 283.22387 283.43996 283.75531 284.07067 284.38602 284.70137 284.34834 282.40222 280.45609 278.50997 276.56384 274.61772
-9999 296.87313 296.81131 296.7495 296.68768 296.62587 289.80507 285.3713 284.40795 281.19552 277.98308 274.77065 271.55822 269.9633 271.60756 275.2725 279.13957 283.00664 286.87371 288.27845 284.00247 279.72649 275.45051 271.17453 268.25739 267.14024 269.25452 274.61887 280.46256 286.30625 292.14995 294.95746 291.91217 288.86689 285.8216 282.77632 281.31586 282.47379 286.67256 285.92003 285.1675 284.41496 283.66243 285.20732 287.82472 288.49236 289.16 289.82764 290.49528 289.93714 289.73542 290.05077 290.36612 290.68148 290.23004 287.12253 285.05442 283.10829 281.16217 279.21604
-9999 303.9729 303.91109 303.84927 302.24628 294.77284 287.29939 282.86562 281.94002 281.01443 278.44114 275.22871 272.01627 270.42136 272.06562 273.70988 276.7641 280.63117 284.49824 285.90298 281.627 277.35102 273.07504 270.69454 268.37174 267.25459 269.36887 271.48315 275.90207 281.74576 287.58946 290.39697 287.35168 284.3064 281.38837 280.29565 279.20293 280.36085 284.73865 289.11645 289.37646 288.62393 287.8714 289.41628 292.61275 295.76377 296.43142 297.09906 297.7667 297.20855 296.43856 296.03088 296.34623 296.66158 296.21014 293.10263 289.99512 287.70662 285.76049 283.81437
-9999 311.07268 311.01086 307.21405 299.7406 292.26716 284.79371 280.35994 279.43435 278.50875 277.58315 275.68676 272.47433 270.87942 272.52368 274.16794 275.81221 278.2557 282.12277 283.52751 279.25153 275.45448 273.13169 270.80889 268.4861 267.36895 269.48323 271.59751 273.71179 277.18528 283.02897 285.83648 282.7912 280.36815 279.27543 278.18271 277.08999 278.24792 282.62572 287.00351 291.38131 292.8329 292.08036 293.62525 296.82172 300.01819 303.21466 304.37047 305.03811 304.47997 303.70997 302.93998 302.32633 302.64169 302.19025 299.08274 295.97522 292.86771 290.35882 288.41269
-9999 318.17246 312.18181 304.70837 297.23492 289.76148 282.28804 277.85426 276.92867 276.00307 275.07747 274.15187 272.93239 271.33747 272.98174 274.626 276.27026 277.91453 279.7473 281.15204 277.89164 275.56884 273.24605 270.92325 268.60045 267.4833 269.59758 271.71186 273.82614 275.94042 278.46848 281.27599 279.34793 278.25521 277.16249 276.06977 274.97705 276.13498 280.51278 284.89058 289.26837 293.64617 296.28933 297.83421 301.03068 304.22716 307.42363 310.6201 312.30953 311.75138 310.98139 310.2114 309.4414 308.67141 308.17035 305.06284 301.95533 298.84782 295.74031 293.01102
-9999 315.20762 307.73417 300.26073 292.78728 285.31384 277.84039 278.01771 277.09211 276.16651 275.24091 274.31532 273.38972 273.28878 274.00896 275.65322 277.29749 278.94175 280.58601 281.0307 278.7079 276.38511 274.06231 271.73951 269.41672 266.37962 268.04943 270.16371 272.27799 274.39227 276.50655 277.52542 276.4327 275.33998 274.24726 273.15454 272.06182 276.76441 281.14221 285.52001 289.89781 294.2756 298.39718 300.08755 303.28402 306.48049 309.67696 312.87344 316.06991 315.88441 315.11442 314.34442 313.57443 312.80444 310.68806 307.58055 304.47304 301.36553 298.25802 295.25967
-9999 307.67374 300.2003 292.72685 285.25341 280.78418 282.13107 282.42301 281.49741 280.57182 279.64622 279.38867 281.653 282.01196 278.55529 277.58499 279.22925 280.87351 282.51778 282.96246 280.63966 278.31687 275.99407 273.35098 268.29847 264.67702 264.89118 265.97344 268.08772 270.202 272.31628 273.33515 272.24243 271.14971 270.05699 270.55048 276.46804 281.75211 286.12991 290.50771 294.88551 298.07426 299.20212 300.77011 302.65451 305.62588 308.82235 312.01882 315.21529 315.0298 314.2598 313.48981 312.71982 310.3271 307.70321 304.5957 301.48819 298.38068 295.73398 294.07567
-9999 300.13986 292.66642 285.19297 283.8426 285.18948 286.53637 286.82831 285.90272 284.97712 285.84753 288.11185 290.37618 290.73514 287.27847 283.8218 281.16101 282.80528 284.44954 284.89422 282.57143 280.24863 276.70089 271.64838 266.59587 262.97442 263.18858 263.40274 263.89745 266.01173 268.12601 269.14488 268.05216 266.95944 269.62063 275.53818 281.45574 286.73982 291.11761 295.49541 297.75134 298.8792 300.00705 301.57505 303.45945 305.34386 307.96774 311.16421 314.36068 314.17518 313.40519 312.31078 309.82652 307.34225 304.71836 301.61085 298.50334 296.20828 294.54997 292.89166
-9999 292.60599 285.55413 286.90101 288.2479 289.59479 290.94167 291.23362 290.30802 292.30638 294.57071 296.83504 299.09936 299.45832 296.00165 292.54498 289.08832 285.63165 286.3813 286.82599 284.50319 280.0508 274.99829 269.94578 264.89327 261.27182 261.48598 261.70014 261.9143 262.12846 263.93573 264.95461 263.86189 268.69078 274.60833 280.52589 286.44344 291.72752 296.10532 297.42842 298.55628 299.68414 300.81199 302.37999 304.26439 306.1488 308.0332 310.3096 313.50607 313.32057 311.8102 309.32593 306.84167 304.3574 301.73351 298.626 296.68259 295.02428 293.36597 291.70766
-9999 288.61254 289.95943 291.30632 292.6532 294.00009 295.34698 296.5009 298.76523 301.02956 303.29389 305.55822 307.82255 308.1815 304.72483 301.26817 297.8115 294.35483 290.89816 288.45322 283.40071 278.3482 273.29569 268.24318 263.19067 259.56922 259.78338 259.99754 260.2117 260.42586 260.64002 261.84338 267.76093 273.67848 279.59604 285.51359 291.43114 295.97765 297.1055 298.23336 299.36122 300.48907 301.61693 303.18492 305.06933 306.95373 308.83814 310.72254 312.65146 311.30962 308.82535 306.34108 303.85682 301.37255 298.8152 297.15689 295.49858 293.84027 292.18196 290.52365
-9999 291.17738 292.52427 293.87116 295.21805 296.56493 298.19496 300.22116 302.48549 304.74982 307.01415 309.27848 309.51775 309.27204 311.18504 307.72837 304.2717 300.81504 297.35837 293.41914 288.36663 283.31412 278.26161 273.2091 269.64836 267.57374 263.96981 264.18397 264.39813 264.61229 264.82645 266.98871 272.90626 278.82381 284.74137 290.65892 295.53836 298.28401 299.41187 300.53972 301.66758 302.79544 303.57542 304.16657 305.42911 307.31351 309.19792 311.08232 312.96673 311.12622 308.64195 306.15769 303.67342 301.32548 299.4248 297.76649 296.10818 294.44987 292.79156 295.05727
