P1_models/J1_p1_vp_slide_diff2_60.dat.tif
NCOLS 118
NROWS 92
XLLCORNER 139.62
YLLCORNER -39.07
DX 0.099491525
DY 0.099347826
NODATA_VALUE -9999
[rows 48 to 71 of 92, columns 54 to 107 of 118]
-0.0499708 -0.044452574 -0.038934347 -0.033416121 -0.027897895 -0.022584189 -0.023866788 -0.020323824 -0.01678086 -0.013237896 -0.0096949312 -0.006151967 -0.019007373 -0.032426247 -0.045845122 -0.059263996 -0.07268287 -0.078493972 -0.084711087 -0.090928202 -0.097145317 -0.10336243 -0.1111695 -0.11617202 -0.11703365 -0.11789528 -0.11875692 -0.11961855 -0.12433135 -0.13082346 -0.13731556 -0.14380766 -0.15029977 -0.15389364 -0.16329698 -0.17467186 -0.18604675 -0.19742163 -0.20825558 -0.20148606 -0.19471654 -0.18794702 -0.1811775 -0.17612026 -0.17788595 -0.18002559 -0.18216523 -0.18430487 -0.1845831 -0.17054892 -0.15602932 -0.14150973 -0.12699014 -0.11337879
-0.043743678 -0.038225452 -0.032707226 -0.027188999 -0.022534093 -0.01973092 -0.022102546 -0.027990668 -0.025647101 -0.022104137 -0.018561173 -0.015018209 -0.027873615 -0.041292489 -0.054711363 -0.066898739 -0.070879847 -0.075841827 -0.082058942 -0.088276057 -0.094493172 -0.1029553 -0.11251975 -0.1227257 -0.12937353 -0.13023517 -0.1310968 -0.13195844 -0.13667123 -0.14316334 -0.14965544 -0.15614755 -0.16826751 -0.17293817 -0.16405433 -0.16989058 -0.18126547 -0.19264035 -0.2034743 -0.19670478 -0.18993526 -0.18316574 -0.17877014 -0.17702455 -0.17879023 -0.18092987 -0.18306951 -0.1810155 -0.16799952 -0.15396534 -0.13944574 -0.12492615 -0.11255608 -0.10937176
-0.037516557 -0.03199833 -0.026480104 -0.022483998 -0.019680824 -0.01687765 -0.019249277 -0.025137398 -0.03102552 -0.030970379 -0.027427414 -0.02388445 -0.036739856 -0.05015873 -0.060265485 -0.064246594 -0.068227702 -0.073189682 -0.079406796 -0.085623911 -0.094748277 -0.10430554 -0.11386999 -0.12407595 -0.1342819 -0.14257505 -0.14343668 -0.14429832 -0.14901112 -0.15550322 -0.16292611 -0.17511908 -0.18731204 -0.19198271 -0.18309887 -0.17421503 -0.17648419 -0.18785907 -0.19869302 -0.1919235 -0.18515398 -0.18142001 -0.17967443 -0.17792884 -0.17969452 -0.18183416 -0.1774479 -0.16443192 -0.15141594 -0.13738176 -0.12286216 -0.11173338 -0.10854906 -0.10536473
-0.031289435 -0.025771209 -0.022433902 -0.019630728 -0.016827554 -0.014024381 -0.016396007 -0.022284129 -0.02817225 -0.034060372 -0.036293656 -0.032750692 -0.045606098 -0.053632232 -0.05761334 -0.061594448 -0.065575556 -0.070537536 -0.076983991 -0.086541258 -0.096098524 -0.10565579 -0.11522024 -0.12542619 -0.13563215 -0.1458381 -0.15577657 -0.1566382 -0.161351 -0.16977768 -0.18197065 -0.19416361 -0.20635658 -0.21102725 -0.2021434 -0.19325956 -0.18437572 -0.18307779 -0.19391174 -0.18714222 -0.18406989 -0.1823243 -0.18057871 -0.17883312 -0.1805988 -0.1738803 -0.16086432 -0.14784834 -0.13483236 -0.12079818 -0.11091068 -0.10772635 -0.10454203 -0.1013577
-0.02518698 -0.022383806 -0.019580632 -0.016777458 -0.013974285 -0.011171111 -0.013542737 -0.019430859 -0.025318981 -0.031207102 -0.037095224 -0.041616933 -0.046998978 -0.050980086 -0.054961195 -0.058942303 -0.062923411 -0.068776972 -0.078334239 -0.087891505 -0.097448771 -0.10700604 -0.11657049 -0.12677644 -0.13698239 -0.14718835 -0.1573943 -0.16760025 -0.17662925 -0.18882221 -0.20101518 -0.21320815 -0.22540112 -0.23007178 -0.22118794 -0.2123041 -0.20342026 -0.19453641 -0.18913046 -0.18671976 -0.18497417 -0.18322859 -0.181483 -0.17973741 -0.1703127 -0.15729672 -0.14428074 -0.13126476 -0.11824878 -0.11008798 -0.10690365 -0.10371932 -0.100535 -0.097350672
-0.026212483 -0.02340931 -0.020606136 -0.017802962 -0.014999788 -0.019701514 -0.018057532 -0.017365807 -0.023253929 -0.02914205 -0.035030172 -0.040918294 -0.044962752 -0.048943861 -0.052924969 -0.056906077 -0.059273471 -0.063737793 -0.073295059 -0.082852326 -0.092409592 -0.10188107 -0.10602563 -0.12781939 -0.13802534 -0.14823129 -0.15843725 -0.1686432 -0.18020825 -0.19240121 -0.20459418 -0.21678715 -0.22543097 -0.2265594 -0.22317467 -0.21429083 -0.20540698 -0.19652314 -0.18785211 -0.18610652 -0.18436093 -0.18261534 -0.18086975 -0.18665127 -0.17557027 -0.16255429 -0.14953831 -0.13652234 -0.11566813 -0.10538182 -0.1021975 -0.09901317 -0.095828844 -0.10930464
-0.027886926 -0.025083752 -0.022280579 -0.019477405 -0.02672043 -0.035702561 -0.03405858 -0.025193707 -0.02132075 -0.027208871 -0.033096993 -0.038985115 -0.043029573 -0.047010682 -0.05099179 -0.052681055 -0.053165307 -0.057629629 -0.067186896 -0.076744162 -0.085248863 -0.089192412 -0.093336973 -0.11543348 -0.13752998 -0.14922283 -0.15942878 -0.16963474 -0.18119978 -0.19339275 -0.20558572 -0.21266993 -0.21450076 -0.2156292 -0.21549198 -0.21342369 -0.20453985 -0.19565601 -0.18698497 -0.18523939 -0.1834938 -0.18174821 -0.18847567 -0.19556298 -0.18448199 -0.17146601 -0.15845003 -0.13602861 -0.11084501 -0.1005587 -0.097374375 -0.094190049 -0.11011244 -0.13558127
-0.029561369 -0.026758195 -0.024757217 -0.033739347 -0.042721478 -0.051703608 -0.050059627 -0.041194754 -0.032329882 -0.025275692 -0.031163814 -0.037051936 -0.041096394 -0.045077502 -0.046088639 -0.046572891 -0.047057144 -0.051521466 -0.061078732 -0.068616652 -0.072560201 -0.076503751 -0.080648312 -0.10274482 -0.12484132 -0.14693783 -0.16042032 -0.17062627 -0.18219131 -0.19438428 -0.1999089 -0.20173973 -0.20357056 -0.20469899 -0.20456177 -0.20442455 -0.20367272 -0.19478887 -0.18611784 -0.18437225 -0.18321277 -0.19030008 -0.19738739 -0.2044747 -0.1933937 -0.18037773 -0.15638909 -0.13120549 -0.10602189 -0.095735579 -0.092551254 -0.11092024 -0.13638907 -0.16185791
-0.031235812 -0.031776134 -0.040758264 -0.049740394 -0.058722525 -0.067704655 -0.066060674 -0.057195802 -0.048330929 -0.039466056 -0.030601184 -0.035118756 -0.03901197 -0.039496223 -0.039980475 -0.040464728 -0.04094898 -0.045413302 -0.051984442 -0.055927991 -0.05987154 -0.06381509 -0.067959651 -0.090056156 -0.11215266 -0.13424917 -0.15634567 -0.1716178 -0.18318285 -0.18714786 -0.18897869 -0.19080952 -0.19264036 -0.19376879 -0.19363157 -0.19349434 -0.19335712 -0.1932199 -0.18525071 -0.18503718 -0.19212449 -0.1992118 -0.20629911 -0.21338641 -0.20193317 -0.17674957 -0.15156597 -0.12638237 -0.10119876 -0.090912458 -0.11172804 -0.13719687 -0.16266571 -0.18813454
-0.036021193 -0.044610561 -0.053592692 -0.062574822 -0.071556953 -0.080539083 -0.079576652 -0.070711779 -0.061846907 -0.052982034 -0.044117162 -0.035252289 -0.034261766 -0.034746018 -0.03523027 -0.035714523 -0.036198775 -0.038200522 -0.042144071 -0.04608762 -0.050031169 -0.053974719 -0.06013281 -0.078394985 -0.10049149 -0.12258799 -0.1446845 -0.166781 -0.17501606 -0.1768469 -0.17867773 -0.18050856 -0.18233939 -0.18606973 -0.1859325 -0.18579528 -0.18565806 -0.18552083 -0.18559899 -0.1926863 -0.19977361 -0.20686092 -0.21394822 -0.21928442 -0.19866967 -0.17348607 -0.14830247 -0.12311887 -0.09793527 -0.10392763 -0.12939647 -0.15486531 -0.18033414 -0.20580298
-0.046541465 -0.04868231 -0.05561166 -0.064593791 -0.073575921 -0.082558052 -0.08235597 -0.075740104 -0.066875231 -0.058010359 -0.049145486 -0.040280614 -0.036382281 -0.034633865 -0.035118118 -0.03560237 -0.036086623 -0.038088369 -0.042031918 -0.045975467 -0.049919017 -0.057723933 -0.069645695 -0.076722171 -0.092339669 -0.11443617 -0.13653268 -0.15862918 -0.16686424 -0.16869508 -0.17052591 -0.17235674 -0.18208066 -0.18952162 -0.18927834 -0.18913204 -0.18899482 -0.18885759 -0.18893575 -0.19602306 -0.20311037 -0.21019768 -0.21409299 -0.21023935 -0.19580914 -0.17554942 -0.15036582 -0.12518222 -0.099998614 -0.1006953 -0.11766393 -0.14313277 -0.1686016 -0.19407044
-0.057061738 -0.059202582 -0.061343427 -0.066612759 -0.07559489 -0.08457702 -0.084374938 -0.077931796 -0.071488654 -0.063038683 -0.054173811 -0.045308938 -0.041410606 -0.03768293 -0.035005965 -0.035490217 -0.03597447 -0.037976216 -0.041919765 -0.045863315 -0.055260802 -0.067236818 -0.079158581 -0.086235056 -0.093311532 -0.10628435 -0.12838086 -0.15047736 -0.15871242 -0.16054326 -0.16237409 -0.1738367 -0.18554216 -0.19298312 -0.19273983 -0.19249655 -0.19233158 -0.19219436 -0.19227252 -0.19935982 -0.20644713 -0.20890156 -0.20504792 -0.20119429 -0.18676408 -0.17120743 -0.15242916 -0.12724556 -0.10206196 -0.10275864 -0.11579323 -0.13140023 -0.15686907 -0.1823379
-0.06758201 -0.069722855 -0.071863699 -0.074004544 -0.077613858 -0.086595989 -0.086393907 -0.079950764 -0.073507622 -0.06706448 -0.059202135 -0.050337263 -0.04643893 -0.042711254 -0.038983578 -0.035378065 -0.035862317 -0.037864064 -0.041807613 -0.052797672 -0.064773688 -0.076749704 -0.088671466 -0.095747942 -0.10282442 -0.10990089 -0.12022904 -0.14232554 -0.1505606 -0.15388728 -0.16559274 -0.1772982 -0.18900366 -0.19644462 -0.19620133 -0.19595805 -0.19571476 -0.19553112 -0.19560928 -0.20269659 -0.20371013 -0.19985649 -0.19600286 -0.19214922 -0.17771901 -0.16216236 -0.14660571 -0.1293089 -0.1041253 -0.10482199 -0.11785657 -0.13089116 -0.14513653 -0.17060537
-0.078102283 -0.080243127 -0.082383972 -0.084524816 -0.08666566 -0.088806505 -0.088412875 -0.081969733 -0.075526591 -0.069083449 -0.062640306 -0.055365588 -0.051467255 -0.047739579 -0.044011903 -0.040284227 -0.03655655 -0.038358525 -0.050334541 -0.062310557 -0.074286573 -0.086262589 -0.098184352 -0.10526083 -0.1123373 -0.11941378 -0.12649025 -0.13417372 -0.14564332 -0.15734878 -0.16905424 -0.1807597 -0.19246516 -0.19990612 -0.19966283 -0.19941955 -0.19917626 -0.19893298 -0.19894604 -0.1985187 -0.19466507 -0.19081143 -0.18695779 -0.18310415 -0.16867394 -0.15311729 -0.13756065 -0.122004 -0.10618865 -0.10688533 -0.11991992 -0.1329545 -0.14598908 -0.15902367
-0.075580941 -0.082326227 -0.084467071 -0.086607916 -0.08874876 -0.090889605 -0.085388627 -0.077795031 -0.071351888 -0.064908746 -0.058465604 -0.052022462 -0.063266859 -0.059539183 -0.055811507 -0.05208383 -0.048356154 -0.051517236 -0.063493252 -0.075469268 -0.087445284 -0.0994213 -0.10613953 -0.11593662 -0.1230131 -0.13008957 -0.13716605 -0.14424252 -0.15448516 -0.16619062 -0.17789608 -0.18960154 -0.20172807 -0.20739309 -0.20285845 -0.20261517 -0.20237188 -0.2021286 -0.20177768 -0.19792404 -0.1940704 -0.19021676 -0.18636313 -0.1617669 -0.16710932 -0.15155267 -0.13599602 -0.12043937 -0.10488272 -0.10675554 -0.11951604 -0.13255062 -0.14558521 -0.15861979
-0.065083188 -0.074395772 -0.082881259 -0.085022104 -0.087162948 -0.089303793 -0.083802815 -0.073108898 -0.064483863 -0.058040721 -0.051597578 -0.045154436 -0.058456515 -0.072437064 -0.070555607 -0.066827931 -0.063100255 -0.066261336 -0.078237352 -0.090213368 -0.1019104 -0.1076109 -0.11336389 -0.12380505 -0.13419459 -0.14127106 -0.14834754 -0.15542401 -0.16566665 -0.17737211 -0.18907757 -0.20162404 -0.21571448 -0.22137949 -0.21186266 -0.20569517 -0.20545189 -0.2052086 -0.20485768 -0.20100404 -0.19715041 -0.19329677 -0.16475564 -0.13094744 -0.13909476 -0.15171047 -0.13768427 -0.12212762 -0.10657097 -0.1084438 -0.11862576 -0.13107387 -0.14410846 -0.15714304
-0.054585434 -0.063898018 -0.073210603 -0.082523187 -0.085577136 -0.087717981 -0.082217003 -0.071523086 -0.060829168 -0.051172695 -0.044729553 -0.03828641 -0.051588489 -0.065569039 -0.079549588 -0.081572031 -0.077844355 -0.081005437 -0.092981453 -0.10343426 -0.10913475 -0.11483525 -0.12058824 -0.13102941 -0.14147057 -0.15191174 -0.15952902 -0.1666055 -0.17684814 -0.1885536 -0.20152 -0.21561044 -0.22970088 -0.2353659 -0.22584907 -0.21633223 -0.20853189 -0.20828861 -0.20793769 -0.20408405 -0.20023041 -0.16774437 -0.13393617 -0.10012798 -0.10827529 -0.12089101 -0.13350673 -0.12381587 -0.10825923 -0.11013205 -0.12031401 -0.13049597 -0.14263171 -0.15566629
-0.04408768 -0.053400265 -0.062712849 -0.072025434 -0.081338018 -0.086132168 -0.080631191 -0.069937273 -0.059243356 -0.048549438 -0.037861527 -0.031418385 -0.044720464 -0.058701013 -0.072681562 -0.086662111 -0.092588456 -0.095749537 -0.10495811 -0.11065861 -0.11635911 -0.1220596 -0.12781259 -0.13825376 -0.14869493 -0.15913609 -0.16957726 -0.17778699 -0.18802962 -0.20141597 -0.21550641 -0.22959685 -0.24368729 -0.24935231 -0.23983548 -0.23031864 -0.22080181 -0.21136861 -0.21101769 -0.2045413 -0.1707331 -0.13692491 -0.10311671 -0.069308516 -0.077455832 -0.090071549 -0.10268727 -0.11530298 -0.10994748 -0.1118203 -0.12200226 -0.13218422 -0.14236618 -0.15418954
-0.038955238 -0.048267822 -0.057580406 -0.066892991 -0.076205575 -0.08551816 -0.082199581 -0.071505664 -0.060811746 -0.050117828 -0.039423911 -0.028729993 -0.041890862 -0.055871411 -0.06985196 -0.08383251 -0.097813059 -0.1076216 -0.1133221 -0.11902259 -0.12472309 -0.13042358 -0.13439898 -0.14367641 -0.15411757 -0.16455874 -0.17499991 -0.18544107 -0.19837829 -0.21246873 -0.22655917 -0.24064961 -0.25474005 -0.25834696 -0.24883013 -0.23931329 -0.22979646 -0.22027963 -0.2100386 -0.17623041 -0.14242221 -0.10861402 -0.074805822 -0.043808871 -0.054859825 -0.067475542 -0.080091258 -0.092706975 -0.10532269 -0.11548051 -0.12566247 -0.13584444 -0.1460264 -0.15620836
-0.06050908 -0.069821664 -0.079134248 -0.088446833 -0.097149356 -0.093217487 -0.091086431 -0.088762602 -0.078068684 -0.067374766 -0.056680849 -0.045986931 -0.0591478 -0.073128349 -0.087108899 -0.10108945 -0.11278871 -0.12165393 -0.12735442 -0.13305492 -0.13875542 -0.14096487 -0.13822652 -0.14240422 -0.1505788 -0.16101997 -0.17146114 -0.1819023 -0.19483952 -0.20892996 -0.2230204 -0.23711084 -0.23920155 -0.23642994 -0.23290043 -0.22347968 -0.21396285 -0.20444601 -0.19420499 -0.16039679 -0.1265886 -0.092780403 -0.065756337 -0.062115143 -0.073166097 -0.085781814 -0.09839753 -0.11091172 -0.11933483 -0.12894898 -0.13913095 -0.14931291 -0.15949487 -0.15549654
-0.082062922 -0.091375506 -0.10068809 -0.10617689 -0.10224502 -0.098313147 -0.096182091 -0.095274764 -0.094367437 -0.084631705 -0.073937787 -0.063243869 -0.076404738 -0.090385288 -0.1041442 -0.11548262 -0.12682103 -0.13568626 -0.14138675 -0.14708725 -0.14760821 -0.14479241 -0.14205406 -0.14623176 -0.15040947 -0.1574812 -0.16792237 -0.17836353 -0.19130075 -0.20539119 -0.21948163 -0.21867739 -0.21632638 -0.21355477 -0.21002526 -0.20649575 -0.19812923 -0.1886124 -0.17837137 -0.14456318 -0.11075498 -0.087703804 -0.084062609 -0.080421415 -0.091472369 -0.10408809 -0.11595709 -0.1243802 -0.1328033 -0.14241746 -0.15259942 -0.16193735 -0.15714306 -0.15234876
-0.10361676 -0.11292935 -0.11520442 -0.11127255 -0.10734068 -0.10340881 -0.10127775 -0.10037042 -0.099463097 -0.09855577 -0.091194725 -0.080500807 -0.093661677 -0.10683811 -0.11817653 -0.12951495 -0.14085336 -0.14971859 -0.15541908 -0.15425154 -0.15143575 -0.14861995 -0.1458816 -0.1500593 -0.15423701 -0.15841471 -0.1643836 -0.17482476 -0.18776198 -0.20050422 -0.19815322 -0.19580222 -0.19345121 -0.1906796 -0.18715009 -0.18362059 -0.18009108 -0.17277878 -0.16253776 -0.12872956 -0.10965127 -0.10601008 -0.10236888 -0.098727687 -0.10977864 -0.12100246 -0.12942557 -0.13784867 -0.14627178 -0.15588593 -0.16358387 -0.15878957 -0.15399527 -0.14920098
-0.12517061 -0.12423195 -0.12030008 -0.11636821 -0.11243634 -0.10850447 -0.10637341 -0.10546608 -0.10455876 -0.10365143 -0.1027441 -0.097757746 -0.10953203 -0.12087044 -0.13220886 -0.14354728 -0.15488569 -0.16371067 -0.16089488 -0.15807908 -0.15526329 -0.15244749 -0.14970914 -0.15388684 -0.15806455 -0.16224225 -0.16641996 -0.17128599 -0.17998006 -0.17762906 -0.17527805 -0.17292705 -0.17057605 -0.16780443 -0.16427493 -0.16074542 -0.15721591 -0.1536864 -0.14670414 -0.13159874 -0.12795754 -0.12431635 -0.12067515 -0.11703396 -0.12604783 -0.13447094 -0.14289404 -0.15131715 -0.15974025 -0.16523039 -0.16043609 -0.15564179 -0.15084749 -0.1460532
-0.14416908 -0.12978702 -0.12585515 -0.12192328 -0.11799141 -0.11405955 -0.11306003 -0.11256176 -0.11165444 -0.11074711 -0.10983978 -0.10893245 -0.11292741 -0.12426582 -0.13560424 -0.14694265 -0.15828107 -0.16341044 -0.16059465 -0.15777885 -0.15496306 -0.15214726 -0.14986823 -0.15235681 -0.15653452 -0.16071223 -0.16488993 -0.16906764 -0.16877979 -0.16642879 -0.16407779 -0.16172678 -0.15939467 -0.16526042 -0.17154847 -0.16801896 -0.16448945 -0.16095995 -0.15742711 -0.15378591 -0.15014472 -0.14650352 -0.14286233 -0.13358387 -0.12877267 -0.13719578 -0.14561888 -0.15404199 -0.16246509 -0.16244533 -0.15768597 -0.15289168 -0.14809738 -0.14330308
