P1_models/J1_p1_vp_slide_diff_15.dat.tif
NCOLS 118
NROWS 92
XLLCORNER 139.62
YLLCORNER -39.07
DX 0.099491525
DY 0.099347826
NODATA_VALUE -9999
[rows 54 to 80 of 92, columns 0 to 59 of 118]
-9999 6.3852448 6.3897225 6.3942003 6.3986781 6.4003899 6.4018702 6.3956491 6.3805396 6.3654301 6.3503206 6.3418491 6.3351251 6.331986 6.3360258 6.3400657 6.3394509 6.3384026 6.3373543 6.3386697 6.3454385 6.3522072 6.3589759 6.3638284 6.3678198 6.3698513 6.3666297 6.363408 6.3578859 6.3520905 6.346295 6.3413226 6.3379369 6.3345511 6.3311654 6.3247079 6.3174306 6.3090668 6.2991483 6.2892299 6.2793114 6.2715805 6.2640413 6.2577167 6.2522655 6.2486171 6.2495043 6.2503915 6.2512788 6.2587972 6.2674616 6.2761261 6.280965 6.2816769 6.2791017 6.2651408 6.2511798 6.2372188 6.2370442 6.2392561
-9999 6.3843543 6.3888321 6.3925696 6.3940499 6.3955302 6.3970105 6.3907894 6.3756799 6.3615413 6.3548173 6.3480933 6.3413693 6.3382302 6.34227 6.3463099 6.3503498 6.3512739 6.3502256 6.3515411 6.3583098 6.3650786 6.369091 6.3730824 6.3770739 6.3791054 6.3758837 6.372662 6.3694404 6.3646409 6.3588454 6.353873 6.3504873 6.3468287 6.3395515 6.3322743 6.3249971 6.3166332 6.3067148 6.2972209 6.2896817 6.2821424 6.2746032 6.2682787 6.2628275 6.2573762 6.2522234 6.2531106 6.2539979 6.2615163 6.2701807 6.2733048 6.2740167 6.2747286 6.2721534 6.2581925 6.2453323 6.2475442 6.2497562 6.2519681
-9999 6.3834639 6.3862297 6.38771 6.3891903 6.3906706 6.3921509 6.3859298 6.3745095 6.3677855 6.3610615 6.3543375 6.3476135 6.3444744 6.3485143 6.3525541 6.356594 6.3606338 6.363097 6.3644125 6.3703622 6.3743536 6.378345 6.3823365 6.3863279 6.3883594 6.3851377 6.3819161 6.3786944 6.3754727 6.3713959 6.3664235 6.3616723 6.3543951 6.3471179 6.3398407 6.3325635 6.3241996 6.3153221 6.3077829 6.3002436 6.2927044 6.2851652 6.2788407 6.2733894 6.2679382 6.2624869 6.2570356 6.256717 6.2642354 6.2656446 6.2663565 6.2670684 6.2677803 6.2652051 6.2558324 6.2580443 6.2602562 6.2624681 6.26468
-9999 6.3756049 6.3770852 6.3785655 6.3800458 6.3815261 6.3830064 6.3890408 6.3823168 6.3755928 6.3688688 6.3621448 6.3554208 6.3508721 6.3549119 6.3589518 6.3629916 6.3670315 6.3710713 6.3750965 6.379088 6.3830794 6.3870709 6.3910623 6.3950537 6.3957101 6.3925623 6.3893407 6.386119 6.3828973 6.3796757 6.3750687 6.3677915 6.3605143 6.3532371 6.3459599 6.3386827 6.3308448 6.3233056 6.3157664 6.3082271 6.3006879 6.2931487 6.2864222 6.2809709 6.2755196 6.2700684 6.2646171 6.2591658 6.2588713 6.2595832 6.2602951 6.261007 6.2617189 6.2635717 6.2659899 6.2682018 6.2704137 6.2726256 6.2748375
-9999 6.3518254 6.3533057 6.354786 6.3562663 6.359422 6.3743716 6.3856708 6.3927569 6.3887387 6.3820147 6.3752907 6.3685667 6.3638707 6.3632356 6.3658735 6.3699133 6.3739532 6.377993 6.3820182 6.3860097 6.3900011 6.3939925 6.397984 6.3954189 6.3929824 6.3927427 6.3905169 6.3872953 6.3840736 6.3808519 6.376245 6.3689678 6.3616906 6.3544134 6.3470837 6.3367476 6.3282031 6.322222 6.3149431 6.3074039 6.2998646 6.2923254 6.2851845 6.2783726 6.2729214 6.2674701 6.2620188 6.2565676 6.2560736 6.2565511 6.257263 6.2579749 6.2586868 6.2605396 6.2663444 6.2696344 6.2718463 6.2740582 6.2762701
-9999 6.328046 6.3295263 6.3310066 6.3389249 6.3538746 6.3688243 6.3801235 6.3872095 6.3942956 6.3951607 6.3884367 6.3817127 6.3770166 6.3763815 6.3757464 6.376835 6.3808748 6.3849147 6.3889399 6.3929313 6.3969228 6.3992033 6.3959473 6.3926912 6.3902548 6.390015 6.3897752 6.3884716 6.3852499 6.3820282 6.3774213 6.3701441 6.3628669 6.3545913 6.3442552 6.333919 6.3253746 6.3193934 6.3134123 6.3065806 6.2990414 6.2915021 6.2843612 6.2775066 6.270652 6.2648718 6.2594206 6.2539693 6.2534753 6.2538381 6.2542309 6.2549428 6.2556547 6.2575075 6.2633123 6.2691171 6.2732789 6.2754908 6.2777027
-9999 6.3042665 6.3057468 6.3184279 6.3333776 6.3483272 6.3632769 6.3745761 6.3816622 6.3887483 6.3958343 6.4015826 6.3948586 6.3901625 6.3895274 6.3888923 6.3882572 6.3877965 6.3918364 6.3958616 6.399853 6.3997317 6.3964756 6.3932196 6.3899636 6.3875271 6.3872874 6.3870476 6.3868078 6.3864262 6.3832045 6.3785976 6.3713204 6.362099 6.3517628 6.3414266 6.3310905 6.322546 6.3165649 6.3105837 6.3046026 6.2982181 6.2906789 6.2835379 6.2766833 6.2698287 6.2629741 6.2568223 6.251371 6.250877 6.2512398 6.2516026 6.2519654 6.2526226 6.2544754 6.2602802 6.266085 6.2718898 6.2769234 6.2791353
-9999 6.2829812 6.2979309 6.3128806 6.3278302 6.3427799 6.3577295 6.3690287 6.3761148 6.3832009 6.390287 6.3973731 6.4044591 6.4033084 6.4026733 6.4020383 6.4014032 6.4007681 6.400133 6.4027832 6.4002601 6.397004 6.393748 6.390492 6.3872359 6.3847995 6.3845597 6.3843199 6.3840801 6.3838403 6.3836005 6.3797739 6.3696066 6.3592704 6.3489343 6.3385981 6.3282619 6.3197175 6.3137363 6.3077552 6.301774 6.2957929 6.2898117 6.2827147 6.2758601 6.2690054 6.2621508 6.2552962 6.2487727 6.2482788 6.2486416 6.2490043 6.2493671 6.2497299 6.2514433 6.2572481 6.2630529 6.2688577 6.2746625 6.2804673
-9999 6.2560536 6.2710033 6.2859529 6.3009026 6.3158522 6.3366575 6.3594714 6.3704979 6.377584 6.3846701 6.3917561 6.3988422 6.4094751 6.4197679 6.4191328 6.4184977 6.4178626 6.4172276 6.4157999 6.4125439 6.4092879 6.4060319 6.4027758 6.4010624 6.4019524 6.3962863 6.3960465 6.3958067 6.3955669 6.3953271 6.3916387 6.3813026 6.3709664 6.3606302 6.3502941 6.3373111 6.3195577 6.3083853 6.3024042 6.296423 6.2904419 6.2844607 6.2796897 6.2737203 6.2668657 6.2600111 6.2531565 6.2463019 6.248218 6.2486219 6.2489847 6.2493475 6.2497103 6.2500687 6.252367 6.2581718 6.2639766 6.2697814 6.2755862
-9999 6.2198287 6.2347784 6.2497281 6.2646777 6.2905628 6.3198785 6.3426924 6.3580024 6.3719368 6.3790229 6.386109 6.3931951 6.4038279 6.4215635 6.4379444 6.4373093 6.4366743 6.4360392 6.4346116 6.4313555 6.4280995 6.4248435 6.4256909 6.4301623 6.4310522 6.4223434 6.4140585 6.4138187 6.4135789 6.4133391 6.4096507 6.3993145 6.3889784 6.3786422 6.363132 6.3446228 6.3268694 6.3101972 6.2959563 6.2899751 6.283994 6.2780128 6.2732418 6.2693407 6.2641535 6.2572989 6.2504443 6.2435897 6.2455058 6.2489377 6.2500863 6.2504491 6.2508119 6.2511703 6.2515136 6.2524867 6.2582915 6.2640963 6.2699011
-9999 6.1836039 6.1985535 6.2151523 6.2444681 6.2737838 6.3030995 6.3259135 6.3412234 6.3565334 6.3718433 6.3804618 6.3875479 6.3981808 6.4159163 6.4336518 6.4513874 6.4554859 6.4548508 6.4534232 6.4501671 6.4469111 6.4503195 6.4547908 6.4592621 6.4601521 6.4514432 6.4427343 6.4340255 6.4315908 6.4313511 6.4276627 6.4173265 6.4069904 6.3889529 6.3704438 6.3519346 6.3341812 6.317509 6.3008368 6.2841646 6.2775461 6.2715649 6.2667939 6.2628928 6.2589916 6.2545867 6.2477321 6.2408775 6.2427936 6.2462255 6.2496574 6.2515508 6.2519136 6.252272 6.2526152 6.2529585 6.2533017 6.2584112 6.264216
-9999 6.147379 6.1690576 6.1983733 6.2276891 6.2570048 6.2863206 6.3091345 6.3244444 6.3397544 6.3550643 6.3703743 6.3819008 6.3925336 6.4102692 6.4280047 6.4457402 6.4634757 6.4736624 6.4722348 6.4704767 6.474948 6.4794193 6.4838907 6.488362 6.489252 6.4805431 6.4718342 6.4631253 6.4544164 6.449363 6.4456747 6.4332829 6.4147738 6.3962647 6.3777555 6.3592464 6.341493 6.3248208 6.3081486 6.2914764 6.2748042 6.265117 6.260346 6.2564449 6.2525438 6.2486426 6.2447415 6.2381653 6.2400814 6.2435133 6.2469452 6.2503772 6.2530152 6.2533737 6.2537169 6.2540601 6.2544034 6.2547466 6.2585308
-9999 6.1251507 6.1544664 6.1837822 6.2130979 6.2424137 6.2717294 6.2954358 6.3107458 6.3260557 6.3413657 6.3566756 6.3719856 6.3906103 6.4083459 6.4260814 6.4438169 6.4615524 6.479288 6.4930126 6.4974839 6.5019552 6.5064265 6.5108979 6.5153692 6.5131034 6.5043945 6.4956856 6.4869767 6.4782678 6.469559 6.4575026 6.4389935 6.4204844 6.4019752 6.3834661 6.364957 6.3479056 6.3312334 6.3145612 6.297889 6.2812168 6.2645446 6.2548721 6.250971 6.2470699 6.2431688 6.2392677 6.2353665 6.2377179 6.2411498 6.2445817 6.2480136 6.2514456 6.2542093 6.2545526 6.2548958 6.2552391 6.2555823 6.2559256
-9999 6.1214412 6.150757 6.1800727 6.2093885 6.2388792 6.2721338 6.2970581 6.312368 6.327678 6.3429879 6.3582979 6.3792624 6.4011596 6.4238486 6.44268 6.4604155 6.478151 6.4958866 6.5096112 6.5140825 6.5185538 6.5230251 6.5274965 6.5349861 6.5336149 6.5067903 6.493432 6.4847231 6.4760142 6.4673053 6.455249 6.4367398 6.4182307 6.3997216 6.3812124 6.3657139 6.349846 6.3331738 6.3165016 6.2998294 6.2838483 6.2753804 6.2635307 6.2503418 6.2464407 6.2425396 6.2386385 6.2347373 6.2370887 6.2405206 6.2439525 6.2473844 6.2508934 6.2537221 6.2540653 6.2544086 6.2547518 6.2554308 6.2630621
-9999 6.1177318 6.1470476 6.1763633 6.2072468 6.2405014 6.273756 6.2986803 6.3139902 6.3293002 6.3462623 6.3677641 6.3892658 6.411163 6.433852 6.4565411 6.4770141 6.4947496 6.5124852 6.5262098 6.5306811 6.5351524 6.5401989 6.5483244 6.5564499 6.5550787 6.5282541 6.5014295 6.4824694 6.4737605 6.4650517 6.4529953 6.4344862 6.4159771 6.3982656 6.3829599 6.3676543 6.3517864 6.3351142 6.318442 6.3048158 6.2963478 6.2878799 6.2760302 6.2617493 6.2474684 6.2419104 6.2380092 6.2341081 6.2364595 6.2398914 6.2433233 6.24686 6.2504062 6.2532348 6.2535781 6.2539213 6.2563687 6.2640001 6.2716314
-9999 6.1140224 6.1433381 6.1756144 6.208869 6.2421236 6.2753783 6.3003025 6.3156125 6.334764 6.3562658 6.3777675 6.3992693 6.4211664 6.4438555 6.4665445 6.4892336 6.5113482 6.5290838 6.5428084 6.5472797 6.5535372 6.5616627 6.5697882 6.5779136 6.5765425 6.5497179 6.5228932 6.4960686 6.4715069 6.462798 6.4507417 6.4322325 6.4155117 6.400206 6.3849003 6.3695946 6.3537268 6.3370545 6.3257832 6.3173153 6.3088473 6.3003794 6.2885297 6.2742488 6.2599679 6.245687 6.23738 6.2334789 6.2358303 6.2392805 6.2428266 6.2463728 6.2499189 6.2527476 6.2530908 6.2573067 6.264938 6.2725694 6.2802007
-9999 6.1107273 6.143982 6.1772366 6.2104912 6.2437459 6.2770005 6.3019248 6.3232657 6.3447675 6.3662692 6.387771 6.4092727 6.4311699 6.4538589 6.476548 6.499237 6.5219261 6.5446151 6.559407 6.5668755 6.575001 6.5831265 6.5912519 6.5993774 6.5980062 6.5711816 6.544357 6.5175324 6.4907078 6.4638832 6.448488 6.4327577 6.417452 6.4021464 6.3868407 6.371535 6.3556671 6.3467506 6.3382827 6.3298148 6.3213468 6.3128789 6.3010292 6.2867483 6.2724674 6.2581865 6.2439057 6.2328497 6.2352471 6.2387932 6.2423394 6.2458855 6.2494317 6.2522603 6.2582446 6.265876 6.2735073 6.2811387 6.28877
-9999 6.0931167 6.1263713 6.1596259 6.1928806 6.2261352 6.2625917 6.295965 6.3180393 6.339541 6.3610428 6.3825445 6.4040463 6.4287889 6.4560531 6.4787421 6.5014311 6.5241202 6.5468092 6.5650945 6.5732199 6.5813454 6.5894709 6.5975964 6.6049352 6.6051318 6.5904207 6.5635961 6.5367715 6.5099469 6.4831223 6.4602322 6.4449266 6.4296209 6.4143152 6.3990095 6.3821148 6.3616389 6.3485286 6.3400607 6.3315927 6.3231248 6.3146569 6.3019373 6.2872926 6.2730117 6.2587308 6.24445 6.2301691 6.2191673 6.2227135 6.2262596 6.2298058 6.2333519 6.2395978 6.2519021 6.2595335 6.2671648 6.2747962 6.2824275
-9999 6.0645865 6.0978411 6.1310957 6.1643504 6.2043508 6.2468261 6.2801994 6.3030681 6.3256678 6.3471695 6.3686713 6.390173 6.4149157 6.4461484 6.4765025 6.4991915 6.5218806 6.5445696 6.5628549 6.5709803 6.5791058 6.5872313 6.5925418 6.5950591 6.5952557 6.5892323 6.5815722 6.5547476 6.527923 6.5010984 6.4782083 6.4629026 6.447597 6.4322913 6.4133677 6.3920767 6.3716007 6.3522908 6.3357514 6.3272835 6.3188156 6.3103477 6.2976281 6.281852 6.2667684 6.2524875 6.2382066 6.2239257 6.2123064 6.201147 6.2013271 6.2048733 6.2084195 6.2146653 6.2302626 6.2447248 6.2523561 6.2599875 6.2676188
-9999 6.0360562 6.0693109 6.1036348 6.14611 6.1885853 6.2310605 6.2644339 6.2873025 6.3101712 6.3330399 6.354798 6.3762998 6.4010424 6.4322751 6.4635078 6.4947405 6.519641 6.54233 6.5606152 6.5687407 6.5768662 6.5801484 6.5826657 6.585183 6.5853796 6.5793562 6.5733327 6.5673093 6.5458991 6.5190745 6.4961844 6.4808787 6.4655731 6.4446206 6.4233296 6.4020386 6.3815626 6.3622527 6.3429428 6.3236328 6.3145064 6.3060384 6.2933189 6.2775428 6.2617668 6.2462442 6.2319633 6.2176824 6.206063 6.1949036 6.1837442 6.1799408 6.183487 6.1897329 6.2053301 6.2209274 6.2365246 6.2451788 6.2528102
-9999 6.007526 6.045394 6.0878692 6.1303444 6.1728197 6.2152949 6.2486683 6.271537 6.2944056 6.3172743 6.340143 6.3624265 6.3871692 6.4184019 6.4496346 6.4808673 6.5121 6.5400904 6.5583756 6.5652378 6.5677551 6.5702724 6.5727897 6.575307 6.5755036 6.5694801 6.5634567 6.5574332 6.5514097 6.5370506 6.5141605 6.4971645 6.4758735 6.4545825 6.4332915 6.4120005 6.3915245 6.3722146 6.3529046 6.3335947 6.3142848 6.3017292 6.2890097 6.2732336 6.2574576 6.2416815 6.2259055 6.2114391 6.1998197 6.1886603 6.1775009 6.1663415 6.1585545 6.1648004 6.1803976 6.1959949 6.2115921 6.2271894 6.2380015
-9999 5.9864221 6.0288973 6.0713725 6.1138477 6.1563229 6.1987982 6.2319281 6.2547968 6.2776655 6.3005342 6.3234029 6.3462716 6.3688694 6.4001021 6.4313348 6.4625675 6.4938002 6.5250329 6.5475825 6.5500998 6.5526171 6.5551344 6.5576517 6.560169 6.5627862 6.5568476 6.5508241 6.5448006 6.5387772 6.5327537 6.5215154 6.5002244 6.4789334 6.4576423 6.4363513 6.4150603 6.39815 6.3788401 6.3595301 6.3402202 6.3209103 6.3016003 6.28704 6.271264 6.2554879 6.2397119 6.2239358 6.2081598 6.1996177 6.1884583 6.1772989 6.1661395 6.1549801 6.1441142 6.1586539 6.1742512 6.1898484 6.2054457 6.2210429
-9999 5.9671579 6.0096331 6.0521083 6.0945835 6.1359455 6.1703471 6.2027522 6.2328531 6.2572364 6.2801051 6.3029738 6.3258425 6.3479193 6.3684103 6.396279 6.4275117 6.4587444 6.4899771 6.5125267 6.5150441 6.5175614 6.5200787 6.522596 6.52373 6.5256784 6.5301414 6.5277573 6.5217339 6.5157104 6.509687 6.4984486 6.4771576 6.4558666 6.4345756 6.4137625 6.4082994 6.3958486 6.3734009 6.3535264 6.3342164 6.3149065 6.2955966 6.2841397 6.2781504 6.2623743 6.2465983 6.2308222 6.2150462 6.2137935 6.211125 6.1999656 6.1888062 6.1776468 6.1667809 6.1569314 6.1645778 6.1801751 6.1957723 6.2113696
-9999 5.9478936 5.9903689 6.0328441 6.0711029 6.1055045 6.139906 6.1723111 6.202412 6.232513 6.2596761 6.2825448 6.3054135 6.3274903 6.3479812 6.3684721 6.3924559 6.4236887 6.4549214 6.477471 6.4799883 6.4825056 6.4846015 6.4856119 6.4866222 6.4885707 6.4930336 6.4974966 6.4986671 6.4926437 6.4866202 6.4753819 6.4540909 6.4327998 6.4173519 6.4118888 6.4064258 6.393975 6.3715273 6.3490796 6.3282127 6.3089027 6.2895928 6.278136 6.2723246 6.2665133 6.2534847 6.2377086 6.2219326 6.2206799 6.2219372 6.2226323 6.2114729 6.2003135 6.1894475 6.179598 6.1697486 6.1705018 6.186099 6.2016963
-9999 5.9286294 5.9711046 6.0062603 6.0406618 6.0750634 6.1094649 6.14187 6.171971 6.2020719 6.2321728 6.2621157 6.2849844 6.3070612 6.3275521 6.3480431 6.368534 6.389025 6.4198656 6.4424152 6.4449325 6.4464834 6.4474937 6.4485041 6.4495144 6.4514629 6.4559259 6.4603888 6.4648518 6.4693147 6.4635535 6.4523151 6.4310241 6.4209414 6.4154783 6.4100152 6.4045521 6.3921013 6.3696537 6.347206 6.3247583 6.302899 6.283589 6.2721322 6.2663208 6.2605095 6.2546981 6.244595 6.228819 6.2275663 6.2288236 6.2300809 6.2313382 6.2229801 6.2121142 6.2022647 6.1924152 6.1825657 6.1764257 6.192023
-9999 5.9070161 5.9414176 5.9758192 6.0102208 6.0446223 6.0790239 6.111429 6.1415299 6.1716308 6.2017317 6.2318326 6.2619335 6.2866321 6.307123 6.327614 6.3481049 6.3685959 6.3890868 6.407355 6.4083653 6.4093756 6.410386 6.4113963 6.4124067 6.4143551 6.4188181 6.423281 6.427744 6.432207 6.4366699 6.429994 6.4245309 6.4190678 6.4136047 6.4081416 6.4026785 6.3902277 6.36778 6.3453324 6.3228847 6.300437 6.2779893 6.2661284 6.2603171 6.2545057 6.2486944 6.242883 6.2357053 6.2344526 6.23571 6.2369673 6.2382246 6.2394819 6.2347808 6.2249314 6.2150819 6.2052324 6.1953829 6.1855334
-9999 5.9052211 5.9396227 5.9740243 6.0084258 6.0428274 6.0754637 6.0998839 6.1212559 6.1513568 6.1814577 6.2115586 6.2416596 6.266718 6.2830397 6.3035306 6.3240216 6.3445125 6.3650035 6.3796038 6.3806141 6.3816244 6.3826348 6.3836451 6.3853137 6.3912074 6.4033229 6.4077858 6.4122488 6.4167117 6.4211747 6.4222472 6.4167841 6.411321 6.405858 6.4003949 6.3999974 6.3969821 6.3795481 6.3571004 6.3346528 6.3122051 6.2897574 6.2765935 6.2704763 6.264665 6.2588536 6.2530423 6.2472309 6.2352551 6.2341986 6.2354559 6.2367133 6.2379706 6.2374902 6.2302884 6.2204389 6.2105894 6.2007399 6.1908905
