P1_models/J1_p1_vp_slide_diff2_200.dat.tif
NCOLS 118
NROWS 92
XLLCORNER 139.62
YLLCORNER -39.07
DX 0.099491525
DY 0.099347826
NODATA_VALUE -9999
[rows 48 to 71 of 92, columns 54 to 107 of 118]
-0.02890045 -0.022670149 -0.016439847 -0.010209546 -0.0039792443 0.001793528 0.0039598673 0.0092780447 0.014596222 0.019914399 0.025232577 0.030550754 0.028554833 0.026307591 0.024060349 0.021813107 0.019565864 0.023080235 0.027220556 0.031360878 0.035501199 0.039641521 0.038257499 0.03443734 0.030696459 0.026955578 0.023214696 0.019473815 0.018733976 0.019380671 0.020027366 0.020674061 0.021320756 0.024581748 0.014494558 0.0027660085 -0.0089625406 -0.02069109 -0.032227288 -0.037503851 -0.042780413 -0.048056975 -0.053333538 -0.060315934 -0.046776116 -0.030699243 -0.014622369 0.0014545051 0.0165443 0.017486661 0.015045338 0.012604015 0.010162692 0.007603131
-0.019369903 -0.013139601 -0.0069092998 -0.00067899838 0.0036199891 0.0037765106 0.0056869847 0.0087893437 0.013825724 0.019143902 0.024462079 0.029780257 0.027784336 0.025537094 0.023289851 0.021861909 0.025893486 0.029972766 0.034113088 0.038253409 0.042393731 0.038640421 0.0310773 0.027157522 0.023305864 0.019564982 0.015824101 0.01208322 0.011343381 0.011990076 0.012636771 0.013283465 0.016128748 0.019810403 0.024947732 0.01783023 0.0061016806 -0.0056268685 -0.017163067 -0.022439629 -0.027716192 -0.032992754 -0.040634292 -0.050915863 -0.037376046 -0.021299172 -0.0052222982 0.0086307399 0.016670803 0.017613164 0.015171841 0.012730518 0.010009363 0.0060923818
-0.0098393554 -0.0036090539 0.0026212475 0.0054464502 0.0056029717 0.0057594932 0.0076699673 0.010772326 0.013874685 0.018373404 0.023691582 0.029009759 0.027013838 0.024766596 0.024722862 0.02875444 0.032786017 0.036865298 0.041005619 0.045145941 0.039064139 0.031460223 0.023897102 0.019977323 0.016057545 0.012174387 0.0084335059 0.0046926246 0.0039527856 0.0045994805 0.0056097968 0.0084836001 0.011357403 0.015039058 0.020176387 0.025313717 0.021165902 0.0094373528 -0.0020988458 -0.0073754081 -0.01265197 -0.02095265 -0.031234222 -0.041515793 -0.027975975 -0.011899102 0.00071717954 0.0087572428 0.016797306 0.017739667 0.015298344 0.012415595 0.0084986139 0.0045816325
-0.00030880806 0.0059214934 0.0072729113 0.0074294328 0.0075859543 0.0077424758 0.0096529499 0.012755309 0.015857668 0.018960027 0.022921084 0.028239261 0.026243341 0.027583816 0.031615394 0.035646971 0.039678549 0.043757829 0.047091773 0.039487856 0.03188394 0.024280024 0.016716903 0.012797125 0.0088773465 0.0049575681 0.0010429108 -0.0026979706 -0.0034378096 -0.0020353515 0.00083845186 0.0037122552 0.0065860585 0.010267713 0.015405043 0.020542372 0.025679701 0.024501574 0.012965375 0.0076888132 -0.0012710084 -0.01155258 -0.021834151 -0.032115722 -0.018575905 -0.0071963808 0.00084368243 0.0088837457 0.016923809 0.01786617 0.014821827 0.010904846 0.0069878646 0.0030708832
0.008942851 0.0090993725 0.0092558939 0.0094124154 0.0095689369 0.0097254584 0.011635933 0.014738291 0.01784065 0.020943009 0.024045368 0.027468764 0.03044477 0.034476348 0.038507925 0.042539503 0.04657108 0.04751549 0.039911574 0.032307658 0.024703742 0.017099826 0.0095367047 0.0056169263 0.001697148 -0.0022226304 -0.0061424088 -0.010062187 -0.0096804997 -0.0068066964 -0.0039328931 -0.0010590897 0.0018147136 0.0054963682 0.010633698 0.015771027 0.020908356 0.026045686 0.028029597 0.018410633 0.0081290621 -0.0021525092 -0.01243408 -0.022715652 -0.015109941 -0.0070698779 0.00097018533 0.0090102486 0.017050312 0.017228059 0.013311078 0.0093940967 0.0054771153 0.0015601339
0.012782572 0.012939094 0.013095615 0.013252137 0.013408658 0.01168112 0.0098832962 0.011104544 0.014206903 0.017309262 0.020411621 0.02351398 0.027514689 0.031546267 0.035577844 0.039609422 0.040238516 0.035027235 0.027423319 0.019819403 0.012215487 0.0047106173 0.0035837866 0.0020012526 -0.0019185257 -0.0058383041 -0.0097580825 -0.013677861 -0.012950922 -0.010077119 -0.0072033153 -0.004329512 -0.00047969286 0.0038975918 0.0070320915 0.012169421 0.01730675 0.02244408 0.027121731 0.01684016 0.0065585889 -0.0037229824 -0.014004554 -0.022441339 -0.015956403 -0.0079163401 0.00012372316 0.0081637864 0.014647543 0.013810703 0.0098937213 0.0059767399 0.0020597586 -0.00052613031
0.016932936 0.017089457 0.017245979 0.0174025 0.015036984 0.012234876 0.010437052 0.0093216812 0.0096334476 0.012735807 0.015838166 0.018940524 0.022941234 0.026972811 0.031004389 0.030203664 0.026862196 0.021650914 0.014046998 0.0064430818 5.4441166e-05 -0.0010679706 -0.0021948013 -0.0037162708 -0.0052377402 -0.0088576141 -0.012777393 -0.016697171 -0.015970232 -0.013096429 -0.010222625 -0.0059439154 -0.00022052462 0.00415676 0.0061084834 0.0087635183 0.013900848 0.019038177 0.023715829 0.013434258 0.0031526862 -0.0071288851 -0.01533383 -0.023450583 -0.016965648 -0.0089255844 -0.00088552117 0.0052870598 0.010911201 0.01007436 0.0061573791 0.0022403978 -0.00015001559 -0.0017776969
0.021083299 0.021239821 0.021194956 0.018392848 0.01559074 0.012788633 0.010990808 0.0098754374 0.0087600663 0.008162351 0.01126471 0.014367069 0.018367778 0.022399356 0.020168811 0.016827343 0.013485875 0.0082745933 0.00067067712 -0.0046017349 -0.0057241467 -0.0068465585 -0.0079733892 -0.0094948587 -0.011016328 -0.012537798 -0.015796703 -0.019716481 -0.018989542 -0.016115739 -0.011408138 -0.0056847472 3.8643626e-05 0.0044159282 0.0063676516 0.008319375 0.010494945 0.015632274 0.020309926 0.010028355 -0.00010956903 -0.0082263218 -0.016343075 -0.024459827 -0.017974892 -0.0099348287 -0.0040734235 0.0015507176 0.0071748588 0.0063380183 0.002421037 0.00022609913 -0.0014015822 -0.0030292636
0.025233663 0.02455082 0.021748712 0.018946604 0.016144496 0.013342389 0.011544565 0.010429194 0.0093138225 0.0081984514 0.0070830803 0.0097936133 0.013475426 0.010133958 0.00679249 0.0034510219 0.00010955379 -0.0051017276 -0.009257911 -0.010380323 -0.011502735 -0.012625146 -0.013751977 -0.015273447 -0.016794916 -0.018316385 -0.019837855 -0.022735791 -0.022008852 -0.016872361 -0.01114897 -0.0054255789 0.00029781187 0.0046750965 0.0066268199 0.0085785432 0.010530267 0.01248199 0.016904024 0.0069979394 -0.0011188134 -0.0092355661 -0.017352319 -0.025469072 -0.019058048 -0.013433907 -0.0078097657 -0.0021856245 0.0034385166 0.0026016762 0.00060221385 -0.0010254675 -0.0026531489 -0.0042808302
0.02576295 0.022828113 0.020026005 0.017223897 0.01442179 0.011619682 0.010201658 0.0090862866 0.0079709156 0.0068555445 0.0057401734 0.0046248024 0.0038988347 0.00055736656 -0.0027841015 -0.0061255696 -0.0094670378 -0.01183507 -0.012957482 -0.014079893 -0.015202305 -0.016324717 -0.018641232 -0.019186017 -0.020707487 -0.022228956 -0.023750425 -0.025271895 -0.021837979 -0.016114588 -0.010391197 -0.0046678063 0.0010555845 0.0049325691 0.0068842925 0.0088360158 0.010787739 0.012739463 0.014391018 0.0062742657 -0.001842487 -0.0099592398 -0.018075993 -0.024827332 -0.021885694 -0.016261553 -0.010637412 -0.005013271 0.00061087011 0.00098652966 -0.00064115169 -0.0022688331 -0.0038965144 -0.0055241958
0.019137995 0.014023953 0.010528132 0.0077260244 0.0049239166 0.0021218089 0.0011274962 0.001265405 0.00015003391 -0.00096533715 -0.0020807082 -0.0031960793 0.0024259539 0.0039585946 0.00061712648 -0.0027243416 -0.0060658097 -0.0084338417 -0.0095562535 -0.010678665 -0.011801077 -0.015105931 -0.02068007 -0.018375621 -0.018246751 -0.019768221 -0.02128969 -0.02281116 -0.019377243 -0.013653853 -0.0079304619 -0.0022070711 -0.0040643669 -0.0030717273 0.0064854662 0.009087697 0.01103942 0.012991144 0.0146427 0.0065259469 -0.0015908059 -0.0097075586 -0.015335382 -0.014921029 -0.017341021 -0.015985587 -0.010361446 -0.0047373048 0.00088683629 0.00069003822 -0.0018565068 -0.0034841881 -0.0051118695 -0.0067395508
0.012513041 0.0073989988 0.0022849567 -0.0017718486 -0.0045739563 -0.0073760641 -0.0083703767 -0.0081362163 -0.0079020559 -0.0087862188 -0.0099015899 -0.011016961 -0.0053949278 0.00045861091 0.0040183545 0.00067688639 -0.0026645817 -0.0050326137 -0.0061550255 -0.0072774373 -0.011482412 -0.01714477 -0.022718909 -0.02041446 -0.018110011 -0.017307485 -0.018828955 -0.020350424 -0.016916508 -0.011193117 -0.0054697266 -0.0089968975 -0.012757302 -0.011764662 -0.0022074686 0.0073497249 0.011291102 0.013242825 0.014894381 0.006777628 -0.0013391247 -0.0058434324 -0.0054290795 -0.0050147266 -0.0074347181 -0.010156577 -0.01008548 -0.0044613387 0.0011628025 0.0009660044 -0.0020058075 -0.0046995432 -0.0063272246 -0.0079549059
0.0058880863 0.00077404419 -0.0043399979 -0.0094540399 -0.014071829 -0.016873937 -0.01786825 -0.017634089 -0.017399929 -0.017165768 -0.017722472 -0.018837843 -0.013215809 -0.0073622707 -0.0015087321 0.0040781144 0.00073664631 -0.0016313857 -0.0027537975 -0.0078588927 -0.01352125 -0.019183608 -0.024757747 -0.022453298 -0.020148849 -0.0178444 -0.01636822 -0.017889689 -0.014455773 -0.010169024 -0.013929428 -0.017689832 -0.021450236 -0.020457597 -0.010900403 -0.0013432099 0.0082139835 0.013494506 0.015146062 0.0070293092 0.0036485175 0.0040628705 0.0044772234 0.0048915763 0.0024715848 -0.0002502737 -0.0029721322 -0.0041853725 0.0014387687 0.0012419706 -0.0017298413 -0.0047016531 -0.0075425796 -0.009170261
-0.00073686833 -0.0058509104 -0.010964952 -0.016078995 -0.021193037 -0.026307079 -0.027366123 -0.027131962 -0.026897802 -0.026663641 -0.026429481 -0.026658724 -0.021036691 -0.015183152 -0.0093296137 -0.003476075 0.0023774636 0.0014269841 -0.0042353734 -0.0098977309 -0.015560088 -0.021222446 -0.026796585 -0.024492136 -0.022187687 -0.019883238 -0.017578789 -0.015428954 -0.015101554 -0.018861959 -0.022622363 -0.026382767 -0.030143171 -0.029150532 -0.019593338 -0.010036145 -0.00047895123 0.0090782422 0.015397743 0.013140467 0.01355482 0.013969173 0.014383526 0.014797879 0.012377888 0.0096560292 0.0069341707 0.0042123121 0.0017147348 0.0015179368 -0.0014538751 -0.004425687 -0.0073974988 -0.010369311
-0.0028542668 -6.7289625e-05 -0.0051813317 -0.010295374 -0.015409416 -0.020523458 -0.020313231 -0.019106334 -0.018872174 -0.018638014 -0.018403853 -0.018169693 -0.024252093 -0.018398555 -0.012545016 -0.0066914774 -0.00083793877 -3.60922e-05 -0.0056984497 -0.011360807 -0.017023165 -0.022685522 -0.022485184 -0.026286329 -0.02398188 -0.021677431 -0.019372982 -0.017068533 -0.018912361 -0.022672765 -0.02643317 -0.030193574 -0.032640296 -0.026101562 -0.015557813 -0.0060006193 0.0035565741 0.013113768 0.022398389 0.022812742 0.023227095 0.023641448 0.024055801 0.019515001 0.015810486 0.013088627 0.010366769 0.0076449102 0.0049230516 0.0018202461 -0.0011816017 -0.0041534135 -0.0071252254 -0.010097037
-0.0069672668 0.00022508217 0.0059981688 0.00088412672 -0.0042299154 -0.0093439574 -0.0091337309 -0.0053054391 -0.0032264368 -0.0029922764 -0.002758116 -0.0025239556 -0.010211442 -0.018171126 -0.013757722 -0.0079041832 -0.0020506446 -0.001248798 -0.0069111555 -0.012573513 -0.017924025 -0.016571677 -0.015292401 -0.020538983 -0.025669689 -0.02336524 -0.021060791 -0.018756342 -0.02060017 -0.024360575 -0.028120979 -0.029257542 -0.025577107 -0.019038373 -0.007349245 0.0035698879 0.013127081 0.022684275 0.031968896 0.032383249 0.032797602 0.033211955 0.027728764 0.020987336 0.017209062 0.013746374 0.010984271 0.0082624121 0.0055405536 0.002437748 -0.0008466662 -0.0038827459 -0.0068545578 -0.0098263696
-0.011080267 -0.0038879178 0.0033044311 0.01049678 0.0069495851 0.0018355431 0.0020457696 0.0058740614 0.0097023531 0.012653461 0.012887621 0.013121782 0.0054342954 -0.0025253885 -0.010485072 -0.009116889 -0.0032633504 -0.0024615038 -0.0081238613 -0.01208359 -0.010731242 -0.0093788946 -0.0080996185 -0.013346201 -0.018592783 -0.023839366 -0.022748601 -0.020444152 -0.022287979 -0.026048384 -0.025874789 -0.022194353 -0.018513918 -0.011975184 -0.00028605608 0.011403072 0.022697589 0.032254782 0.041539404 0.041953757 0.04236811 0.035942528 0.029201099 0.02245967 0.018681397 0.015218709 0.011756021 0.008879914 0.0061580555 0.00305525 -0.00022916427 -0.0035135785 -0.0065838901 -0.009555702
-0.015193267 -0.0080009178 -0.00080856886 0.0063837801 0.013576129 0.013015044 0.01322527 0.017053562 0.020881854 0.024710145 0.028533358 0.028767519 0.021080033 0.013120349 0.0051606649 -0.0027990189 -0.0044760562 -0.0036742096 -0.0062431553 -0.0048908076 -0.0035384598 -0.002186112 -0.00090683587 -0.0061534182 -0.011400001 -0.016646583 -0.021893165 -0.022131961 -0.023975789 -0.022492036 -0.0188116 -0.015131164 -0.011450729 -0.0049119951 0.0067771328 0.018466261 0.030155389 0.041825289 0.051109911 0.05089772 0.044156291 0.037414863 0.030673434 0.023932005 0.020153732 0.016691044 0.013228356 0.0097656684 0.0067755574 0.0036727519 0.00038833766 -0.0028960766 -0.0061804908 -0.0092850344
-0.018095165 -0.010902816 -0.0037104667 0.0034818823 0.010674231 0.01786658 0.020355038 0.02418333 0.028011621 0.031839913 0.035668205 0.039496497 0.031928407 0.023968723 0.016009039 0.0080493553 8.9671431e-05 -0.00090085745 0.00045149033 0.0018038381 0.0031561859 0.0045085336 0.0043363284 0.0014632187 -0.0037833636 -0.009029946 -0.014276528 -0.019523111 -0.018663734 -0.014983299 -0.011302863 -0.0076224277 -0.0039419922 0.00014035248 0.01182948 0.023518608 0.035207736 0.046896864 0.058036529 0.0512951 0.044553672 0.037812243 0.031070814 0.024343093 0.020578977 0.017116289 0.013653602 0.010190914 0.0067282263 0.0032011082 -8.3306057e-05 -0.0033677203 -0.0066521345 -0.0099365488
-0.014973214 -0.0077808654 -0.00058851644 0.0066038325 0.013679338 0.018335008 0.016277507 0.01117031 0.014998602 0.018826893 0.022655185 0.026483477 0.018915387 0.010955703 0.0029960193 -0.0049636646 -0.00073376242 0.0033161266 0.0046684744 0.0060208222 0.0073731699 0.0054701171 -0.00096266389 0.0065652779 0.0059414639 0.00069488158 -0.0045517008 -0.0097982831 -0.0089389069 -0.0052584713 -0.0015780358 0.0021023998 0.0054340162 0.0073828669 0.0070727537 0.01856932 0.030258448 0.041947576 0.053087241 0.046345812 0.039604384 0.032862955 0.026154605 0.019560268 0.015796152 0.012333464 0.0088707766 0.0053848776 0.00096362728 -0.0026877894 -0.0059722036 -0.0092566179 -0.012541032 -0.010977723
-0.011851264 -0.0046589152 0.0025334338 0.0089934217 0.013649092 0.018304763 0.016247261 0.0096278771 0.0030084927 0.0058138737 0.0096421654 0.013470457 0.0059023671 -0.0020573167 -0.0088327439 -0.0026747611 0.0034832216 0.0075331107 0.0088854584 0.010237806 0.0067602275 0.00017112485 -0.0062616562 0.0012662856 0.0087942274 0.010419709 0.0051731268 -7.3455576e-05 0.00078592066 0.0044663562 0.0081467918 0.011394255 0.014596756 0.016545607 0.016235493 0.01592538 0.02530916 0.036998288 0.048137953 0.041396525 0.034655096 0.027966117 0.02137178 0.014777443 0.011013327 0.0075506393 0.0039172304 -0.00050401997 -0.0049252703 -0.008576687 -0.011861101 -0.014856972 -0.013021552 -0.011186133
-0.0087293139 -0.0015369649 0.0043075054 0.0089631758 0.013618846 0.018274517 0.016217016 0.0095976312 0.0029782468 -0.0036411376 -0.0033708544 0.00045743738 -0.0071106527 -0.010773743 -0.0046157598 0.0015422229 0.0077002057 0.011750095 0.013102442 0.0080503379 0.0014612352 -0.0051278674 -0.011560648 -0.0040327066 0.0034952352 0.011023177 0.014897954 0.009651372 0.010510748 0.014151993 0.017354494 0.020556995 0.023759495 0.025708346 0.025398233 0.02508812 0.024778006 0.032049 0.043188665 0.036447237 0.02977763 0.023183292 0.016588955 0.0099946176 0.0062305019 0.0024495831 -0.0019716672 -0.0063929176 -0.010814168 -0.014465585 -0.016900801 -0.015065382 -0.013229962 -0.011394542
-0.0056073637 -0.00037841087 0.0042772595 0.0089329299 0.0135886 0.018244271 0.01618677 0.0095673853 0.0029480009 -0.0036713835 -0.010290768 -0.012555582 -0.012714741 -0.0065567585 -0.00039877574 0.005759207 0.01191719 0.015929551 0.0093404482 0.0027513456 -0.003837757 -0.01042686 -0.016859641 -0.0093316989 -0.0018037571 0.0057241847 0.013252126 0.019376199 0.020112232 0.023314733 0.026517233 0.029719734 0.032922235 0.034871086 0.034560973 0.034250859 0.033940746 0.033630633 0.038239377 0.031589142 0.024994804 0.018400467 0.01180613 0.0052117924 0.00098193583 -0.0034393145 -0.0078605648 -0.012281815 -0.016703065 -0.018944631 -0.017109211 -0.015273791 -0.013438372 -0.011602952
-0.003753147 -0.0042540436 0.0004016268 0.0050572972 0.0097129676 0.014368638 0.019941957 0.016081193 0.0094618084 0.002842424 -0.0037769604 -0.010396345 -0.013433603 -0.0072756203 -0.0011176375 0.0050403452 0.011198328 0.011764531 0.0051754287 -0.0014136739 -0.0080027766 -0.014591879 -0.015071717 -0.011077873 -0.0035499315 0.0039780103 0.011505952 0.019033894 0.023603293 0.026805794 0.030008295 0.033210795 0.035946244 0.03569812 0.035644422 0.035334309 0.035024196 0.034714083 0.03421662 0.027622283 0.021027946 0.014433608 0.007839271 0.0028672288 -0.0042653097 -0.00868656 -0.01310781 -0.017529061 -0.021950311 -0.016309929 -0.014073528 -0.012238108 -0.010402688 -0.0085672688
