P1_models/J1_p1__temp2_slide_15.dat.tif
NCOLS 118
NROWS 92
XLLCORNER 139.62
YLLCORNER -39.07
DX 0.099491525
DY 0.099347826
NODATA_VALUE -9999
[rows 27 to 53 of 92, columns 0 to 59 of 118]
-9999 174.47088 173.67087 172.76909 171.26122 169.75335 168.24548 166.77979 165.36277 163.94575 162.52873 161.5869 160.77547 160.31188 160.54486 160.77784 161.01081 160.93959 160.74641 161.24859 163.35499 165.4614 166.35118 167.09206 167.83294 169.16826 172.09686 175.02545 177.95404 178.57755 178.27233 177.58794 176.17263 174.75733 173.59662 172.4437 171.29078 170.64218 170.71508 170.78798 170.86089 171.01098 171.16846 171.90168 173.0488 174.19592 175.08893 174.46528 173.84162 173.72321 173.69212 173.66103 174.94767 177.69257 180.11322 181.41069 182.70817 184.00564 186.59658 189.42285
-9999 173.57105 172.45974 170.95187 169.444 167.93613 166.42827 164.96257 163.54555 162.12853 160.71151 159.29449 158.17341 157.70982 157.94279 158.17577 158.40874 158.64172 158.68759 159.18977 161.06989 161.81077 162.55165 163.29253 164.03341 165.36874 168.29733 171.22592 174.15451 177.08311 178.52641 177.84202 176.48544 175.33252 174.1796 173.02668 171.87376 171.22516 171.29806 171.37096 171.44387 171.51677 171.64723 172.38045 173.52757 174.67469 175.82181 176.96893 176.46483 176.34642 176.31533 176.28424 176.25314 177.01299 179.43363 180.73111 182.02859 183.32606 184.62354 186.92436
-9999 172.32959 170.82172 169.31385 167.80598 166.29812 164.79025 163.21244 161.79542 160.37839 158.96137 157.54435 156.12733 155.30639 155.53937 155.77234 156.00532 156.23829 156.47127 156.85783 157.59871 158.33959 159.08047 159.82135 160.56223 162.00423 164.93282 167.86141 170.79 173.71859 176.64719 178.18167 177.02875 175.87583 174.7229 173.56998 172.41706 171.57206 171.64497 171.71787 171.79077 171.86368 171.93658 172.64648 173.7936 174.94072 176.08783 177.23495 178.38207 178.49511 178.46402 178.43293 178.40184 178.37075 178.8901 180.18757 181.48505 182.78253 184.08 185.37748
-9999 172.16682 170.65896 169.15109 167.64322 166.13535 164.77217 162.94719 160.59753 159.18051 157.76349 156.34647 154.92945 154.17424 154.74432 155.00419 155.23717 155.47015 155.70312 156.08968 156.83056 157.57144 158.31232 159.0532 161.2208 163.71156 165.30629 168.07807 171.00667 173.93526 176.86385 178.39833 177.24541 176.09249 174.93957 173.78665 172.34951 171.03516 170.04843 170.12133 170.19423 170.26714 170.34004 171.09131 172.30824 173.45536 174.60248 175.7496 176.89672 176.84414 176.70641 176.67532 176.64423 176.61314 177.31915 180.57838 182.06148 183.35895 184.65643 185.95391
-9999 172.00406 170.4962 168.98833 167.51204 166.16483 164.81762 162.99264 160.61626 158.23988 156.56561 155.14859 153.73157 152.97636 153.54644 154.11653 154.46902 154.702 154.93497 155.32153 156.06241 156.80329 157.54417 160.28441 163.10947 165.60022 167.19495 168.78969 171.22333 174.15192 177.08051 178.61499 177.46207 176.30915 175.13699 173.6291 172.12122 170.80687 169.76942 168.73196 168.59769 168.6706 168.7435 169.49476 170.7337 171.97 173.11712 174.26424 175.41136 175.35878 175.09886 174.91771 174.88662 174.85553 175.56154 178.82077 182.08001 183.93538 185.23286 186.53034
-9999 171.8413 170.33343 168.9047 167.55749 166.21028 164.86306 163.03809 160.66171 158.28533 155.90895 153.95071 152.53369 151.77847 152.34856 152.91865 153.48873 153.93385 154.16682 154.55338 155.29426 156.52295 159.34801 162.17307 164.99813 167.48889 169.08362 170.67835 172.27308 174.36858 177.29718 178.83166 177.67873 176.41659 174.9087 173.40081 171.89293 170.57858 169.54113 168.50367 167.46621 167.07405 167.14696 167.89822 169.13715 170.37609 171.61502 172.77889 173.92601 173.87343 173.61351 173.35358 173.12901 173.09792 173.80393 177.06316 180.3224 183.58163 185.80929 187.10676
-9999 171.67854 170.29736 168.95015 167.60294 166.25572 164.90851 163.08353 160.70715 158.33077 155.95439 153.57802 151.33581 150.58059 151.15068 151.72077 152.29085 152.86094 153.39867 153.78523 155.58655 158.41161 161.23668 164.06174 166.8868 169.37755 170.97229 172.56702 174.16175 175.75648 177.51384 179.04832 177.69619 176.1883 174.68041 173.17253 171.66464 170.35029 169.31284 168.27538 167.23792 166.20047 165.55042 166.30168 167.54061 168.77955 170.01848 171.25741 172.44065 172.38807 172.12815 171.86823 171.60831 171.34838 172.04632 175.30555 178.56479 181.82402 185.08326 187.68319
-9999 172.22045 170.87324 169.52602 168.17881 166.8316 165.48438 162.42519 159.98602 157.60964 155.23326 152.85688 150.4805 150.27208 151.40718 151.97727 152.54735 153.11744 153.68753 154.93948 157.76455 160.58961 163.41467 166.23973 169.06479 170.34063 171.86256 173.45729 175.05203 176.64676 178.24149 178.77647 177.26858 175.76069 174.25281 172.74492 171.23703 170.55814 169.52249 168.48503 167.44757 166.41012 165.37266 164.7946 166.03353 167.27246 168.51139 169.75032 170.98925 171.03254 170.77262 170.51269 170.25277 169.99285 170.24381 173.21216 176.4714 179.73063 182.98987 186.2491
-9999 173.67114 172.32393 170.97672 169.62951 168.04278 165.86457 162.7755 158.63518 155.62419 153.24781 150.87143 148.49505 148.28663 152.41968 154.63245 155.20253 155.77262 156.34271 157.59466 160.41973 163.24479 166.06985 168.74478 169.28866 170.02466 171.27555 172.70096 174.29569 175.89042 177.48515 178.02013 176.51224 175.00435 173.49647 172.21517 171.99764 171.45443 170.44527 169.41696 168.3795 167.34204 166.30459 165.51406 164.90105 165.91291 167.15184 168.39077 169.6297 169.74365 169.6312 169.37127 169.11135 168.85143 169.10239 171.12295 173.82421 177.08344 180.34268 183.60191
-9999 175.12184 173.77463 172.42741 170.5713 168.39309 166.21488 163.12581 158.98549 154.84518 151.26237 148.88599 146.50961 146.30119 150.43423 154.56728 157.85771 158.4278 158.99788 160.24984 163.0749 165.89997 167.88492 168.42881 168.97269 169.70869 170.95958 172.21048 173.53935 175.13408 176.72881 177.26379 175.7559 174.24801 173.329 173.11146 172.89393 172.35072 171.34156 170.33241 169.31142 168.27397 167.23651 166.44599 165.83298 165.21997 165.79228 167.03121 168.27015 168.38409 168.30361 168.22313 167.96993 167.71001 167.96097 169.98153 172.0021 174.43626 177.69549 180.95473
-9999 176.57253 175.22532 173.09982 170.92161 168.7434 166.56519 163.47612 159.3358 155.19549 151.05517 146.91486 144.52416 144.31574 148.44879 152.58183 156.71488 160.84792 161.65306 162.90502 165.73008 167.02506 167.56895 168.11284 168.65672 169.39272 170.64361 171.89451 173.14541 174.3963 175.97247 176.50745 174.99956 174.44282 174.22529 174.00775 173.79022 173.24701 172.23785 171.2287 170.21955 169.20589 168.16844 167.37791 166.76491 166.1519 165.53889 165.67166 166.91059 167.02454 166.94406 166.86358 166.78309 166.56859 166.81955 168.84011 170.86068 172.88124 175.0483 178.30754
-9999 177.80656 175.62834 173.45013 171.27192 169.09371 166.9155 163.82643 159.68611 155.5458 151.40548 147.26517 143.12485 142.3303 146.46334 150.59639 154.72943 158.86247 162.99552 165.5602 166.16521 166.70909 167.25298 167.79687 168.34075 169.07675 170.32765 171.57854 172.82944 174.08033 175.33123 175.77417 175.55664 175.33911 175.12158 174.90404 174.68651 174.1433 173.13414 172.12499 171.11584 170.10668 169.09753 168.30984 167.69683 167.08382 166.47082 165.85781 165.55104 165.66499 165.5845 165.50402 165.42354 165.34306 165.67813 167.69869 169.71926 171.73982 173.76039 175.78096
-9999 177.60378 175.42557 173.24736 171.06915 168.89094 167.68425 165.74237 161.60206 157.46174 153.32143 149.18111 145.75455 145.24176 148.21422 152.34727 156.48031 160.61336 164.7464 167.79414 168.33802 168.88191 169.4258 169.96968 169.75174 168.83599 171.63251 172.88341 174.1343 175.3852 176.63609 177.38542 177.16789 176.95035 176.73282 176.51529 175.70467 174.21408 173.20493 172.19577 171.18662 170.17747 169.45967 169.50382 169.23833 168.62532 168.01231 167.3993 166.7863 166.62734 166.54686 166.46638 166.3859 166.34113 166.9406 168.96117 170.98173 173.0023 175.02287 175.43723
-9999 177.21395 175.03574 172.85753 170.67932 170.16674 170.12972 168.18784 164.04753 159.90721 155.7669 153.05765 151.13013 150.61734 152.93765 155.36183 159.49487 163.62791 167.76096 170.8087 171.35258 171.89647 172.44036 171.28192 168.71636 167.80061 171.30676 174.73646 175.98735 177.23825 178.48914 179.23847 179.02094 178.80341 178.58588 177.32335 175.49625 174.00567 172.99651 171.98736 170.97821 170.40483 169.95317 169.99732 170.39791 170.37298 169.75997 169.14696 168.53395 168.375 168.29452 168.21404 168.22742 168.41663 169.01611 171.03667 173.05724 175.0778 174.8047 173.63709
-9999 176.82412 174.64591 172.68626 172.64923 172.61221 172.57519 170.63331 166.493 162.35268 160.36076 158.43324 156.50571 155.99292 158.31323 160.63354 162.95385 166.64247 170.77552 173.82325 174.36714 174.91103 172.8121 170.24654 167.68099 166.76524 170.27139 173.77754 177.28368 179.0913 180.3422 181.09153 180.87399 180.65646 178.94204 177.11494 175.28784 173.79725 172.7881 171.80164 171.34998 170.89833 170.44667 170.49082 170.89141 171.29199 171.50763 170.89462 170.28161 170.12266 170.04218 170.11372 170.30293 170.49214 171.09161 173.11218 175.13274 174.17216 173.00456 171.83695
-9999 176.43429 175.16875 175.13173 175.0947 175.05768 175.02065 173.07878 169.59139 167.66387 165.73634 163.80882 161.88129 161.3685 163.68881 166.00912 168.32943 170.64974 173.79008 176.83781 176.90783 174.34227 171.77672 169.21116 166.64561 165.72986 169.23601 172.74216 176.24831 179.75446 182.19525 182.94458 182.38783 180.56073 178.73363 176.90653 175.07942 173.58884 172.7468 172.29514 171.84348 171.39183 170.94017 170.98432 171.38491 171.78549 172.18607 172.58666 172.02927 171.87031 172.00001 172.18922 172.37843 172.56764 173.16712 174.70723 173.53963 172.37202 171.20442 170.03681
-9999 177.86365 177.82663 177.78961 177.75258 177.71556 177.67853 176.29736 174.36984 172.44231 170.51479 168.58726 166.65973 165.94792 168.26823 170.58853 172.90884 175.22915 177.54946 178.39236 175.8268 173.26125 170.69569 168.13014 165.56458 164.49536 168.00151 171.50766 175.01381 178.51996 182.02611 183.71059 181.88349 180.05638 178.22928 176.40218 174.57508 173.92984 173.47819 173.02653 172.57487 172.12321 171.67156 171.9308 172.33138 172.73197 173.13255 173.53314 173.93372 174.06339 174.2526 174.44181 174.63102 174.82023 174.60841 173.44081 172.2732 171.1056 169.938 168.77039
-9999 182.12356 182.08654 182.04951 182.01249 181.97547 177.88294 175.22264 174.64463 172.7171 170.78958 168.86205 166.93453 165.97756 166.96418 169.16321 171.48352 173.80383 176.12413 176.96703 174.40148 171.83592 169.27037 166.70481 164.95451 164.28421 165.55281 168.77137 172.27751 175.78366 179.28981 180.9743 179.14719 177.32009 175.49299 173.66589 172.78962 173.48441 176.00373 175.55208 175.10042 174.64876 174.1971 175.1239 176.69423 177.09482 177.4954 177.89598 178.29657 177.96174 177.84075 178.02996 178.21917 178.40838 178.1375 176.27292 175.03211 173.86451 172.69691 171.5293
-9999 186.38347 186.34645 186.30942 185.34767 180.86353 176.3794 173.7191 173.16375 172.60839 171.06437 169.13684 167.20932 166.25235 167.23897 168.2256 170.05819 172.3785 174.69881 175.54171 172.97615 170.4106 167.84504 166.41671 165.023 164.3527 165.6213 166.8899 169.54122 173.04737 176.55352 178.238 176.4109 174.5838 172.83304 172.17741 171.52178 172.21656 174.84331 177.47006 177.62597 177.17431 176.72265 177.64945 179.56719 181.45766 181.85825 182.25883 182.65942 182.32459 181.86267 181.6181 181.80732 181.99653 181.72565 179.86107 177.99649 176.62342 175.45582 174.28821
-9999 190.64338 190.60635 188.32826 183.84413 179.36 174.87587 172.21557 171.66021 171.10485 170.5495 169.41164 167.48411 166.52714 167.51376 168.50039 169.48701 170.95318 173.27349 174.11638 171.55083 169.27262 167.87891 166.4852 165.09149 164.42118 165.68978 166.95838 168.22699 170.31108 173.81723 175.50171 173.67461 172.22083 171.56519 170.90956 170.25393 170.94871 173.57546 176.20221 178.82896 179.69986 179.2482 180.17499 182.09274 184.01048 185.92822 186.62168 187.02227 186.68744 186.22552 185.76359 185.39546 185.58468 185.3138 183.44922 181.58464 179.72006 178.21473 177.04712
-9999 194.90329 191.30886 186.82473 182.3406 177.85647 173.37233 170.71204 170.15668 169.60132 169.04596 168.4906 167.7589 166.80193 167.78856 168.77518 169.7618 170.74843 171.84816 172.69106 170.73482 169.34111 167.9474 166.55368 165.15997 164.48967 165.75827 167.02687 168.29547 169.56407 171.08093 172.76542 171.60861 170.95298 170.29735 169.64171 168.98608 169.68087 172.30761 174.93436 177.56111 180.18786 181.77375 182.70054 184.61829 186.53603 188.45377 190.37151 191.38512 191.05029 190.58837 190.12644 189.66452 189.20259 188.90194 187.03737 185.17279 183.30821 181.44363 179.80603
-9999 193.12433 188.6402 184.15607 179.67194 175.1878 170.70367 170.81008 170.25472 169.69936 169.144 168.58864 168.03328 167.97271 168.40486 169.39149 170.37811 171.36474 172.35136 172.61821 171.2245 169.83079 168.43708 167.04337 165.64966 163.82739 164.8293 166.0979 167.3665 168.6351 169.90371 170.51505 169.85942 169.20379 168.54815 167.89252 167.23689 170.05846 172.68521 175.31195 177.9387 180.56545 183.03846 184.0527 185.97044 187.88819 189.80593 191.72367 193.64142 193.53016 193.06823 192.60631 192.14438 191.68246 190.41262 188.54804 186.68347 184.81889 182.95431 181.15524
-9999 188.604 184.11987 179.63574 175.15161 172.47004 173.27821 173.45339 172.89803 172.34267 171.78731 171.63279 172.99143 173.2068 171.13273 170.55055 171.53717 172.52379 173.51042 173.77727 172.38356 170.98984 169.59613 168.01025 164.97874 162.80587 162.93437 163.58374 164.85234 166.12094 167.38954 168.00089 167.34526 166.68962 166.03399 166.33008 169.88058 173.05103 175.67778 178.30453 180.93128 182.84457 183.52129 184.46212 185.59284 187.37555 189.2933 191.21104 193.12878 193.01752 192.5556 192.09367 191.63175 190.19609 188.62171 186.75713 184.89256 183.02798 181.43993 180.44502
-9999 184.08368 179.59955 175.11541 174.30519 175.11336 175.92152 176.0967 175.54135 174.98599 175.50825 176.86688 178.22551 178.44088 176.36682 174.29275 172.69623 173.68285 174.66948 174.93632 173.54261 172.1489 170.02024 166.98873 163.95723 161.78436 161.91285 162.04135 162.33818 163.60678 164.87538 165.48673 164.83109 164.17546 165.77216 169.32266 172.87316 176.04361 178.67036 181.29711 182.65069 183.3274 184.00412 184.94495 186.07567 187.20638 188.78066 190.6984 192.61615 192.50489 192.04296 191.38637 189.89577 188.40518 186.8308 184.96622 183.10165 181.72462 180.7297 179.73479
-9999 179.56335 175.33218 176.14034 176.94851 177.75667 178.56484 178.74002 178.18466 179.3837 180.74233 182.10096 183.4596 183.67497 181.6009 179.52683 177.45277 175.3787 175.82853 176.09538 174.70167 172.03023 168.99872 165.96722 162.93571 160.76284 160.89134 161.01983 161.14833 161.27682 162.36122 162.97256 162.31693 165.21424 168.76474 172.31524 175.86573 179.03619 181.66294 182.4568 183.13352 183.81023 184.48695 185.42778 186.5585 187.68921 188.81992 190.18577 192.10351 191.99225 191.08606 189.59546 188.10486 186.61427 185.03989 183.17531 182.00931 181.01439 180.01948 179.02456
-9999 177.16733 177.97549 178.78366 179.59182 180.39998 181.20815 181.90053 183.25916 184.61779 185.97642 187.33505 188.69368 188.90905 186.83499 184.76092 182.68685 180.61279 178.53872 177.07173 174.04022 171.00871 167.97721 164.9457 161.91419 159.74132 159.86982 159.99832 160.12681 160.25531 160.3838 161.10582 164.65632 168.20682 171.75732 175.30781 178.85831 181.58621 182.26292 182.93964 183.61635 184.29306 184.96978 185.91061 187.04133 188.17204 189.30275 190.43346 191.59088 190.78574 189.29515 187.80455 186.31395 184.82336 183.28891 182.294 181.29908 180.30417 179.30925 178.31434
-9999 178.70625 179.51441 180.32258 181.13074 181.93891 182.91696 184.13271 185.49134 186.84997 188.2086 189.56723 189.71077 189.56328 190.71106 188.63699 186.56293 184.48886 182.41479 180.05121 177.01971 173.9882 170.95669 167.92519 165.78877 164.54406 162.38176 162.51026 162.63875 162.76725 162.89575 164.19309 167.74358 171.29408 174.84458 178.39508 181.32266 182.96997 183.64668 184.3234 185.00011 185.67682 186.14488 186.49956 187.25706 188.38778 189.51849 190.6492 191.77991 190.67559 189.185 187.6944 186.2038 184.79502 183.65466 182.65975 181.66483 180.66992 179.675 181.03445
