P1_models/J1_p1_tot_conduct_slide_12.54.dat.tif
NCOLS 118
NROWS 92
XLLCORNER 139.62
YLLCORNER -39.07
DX 0.099491525
DY 0.099347826
NODATA_VALUE -9999
[rows 0 to 25 of 92, columns 57 to 113 of 118]
-2.8490888 -2.7703628 -2.6542894 -2.5432899 -2.4595075 -2.4419238 -2.457633 -2.5598009 -2.6942815 -2.8604142 -3.0037575 -3.0805032 -3.1293063 -3.0782812 -3.0073934 -2.8636834 -2.7355831 -2.5974004 -2.5030254 -2.4253983 -2.3651413 -2.3097128 -2.2297046 -2.137805 -2.0140423 -1.891396 -1.7587406 -1.7357965 -1.7082968 -1.8431228 -2.0134496 -2.246087 -2.5081508 -2.7895226 -2.9734268 -3.1813439 -3.2365011 -3.2608182 -3.2461233 -3.1875488 -3.1290244 -3.0884243 -3.0576264 -3.0459638 -3.0389645 -3.0214071 -2.9960843 -2.9551172 -2.8996259 -2.8430871 -2.8079724 -2.7878821 -2.7820297 -2.7758323 -2.7481862 -2.6779569 -2.5267399
-2.9332174 -2.8675476 -2.7660167 -2.6848238 -2.6303896 -2.632932 -2.6894715 -2.845491 -2.9728421 -3.1160012 -3.2590835 -3.3155576 -3.3319946 -3.2578708 -3.1265713 -2.9534055 -2.7865505 -2.6118429 -2.5126056 -2.4054547 -2.3667636 -2.3256914 -2.2614922 -2.2079382 -2.0951157 -1.9655427 -1.8365091 -1.7819093 -1.7043617 -1.8020036 -1.8999115 -2.112106 -2.3338483 -2.616184 -2.8432121 -3.0682582 -3.170476 -3.2660443 -3.268659 -3.2441575 -3.2043858 -3.1666023 -3.1293559 -3.1066658 -3.0891085 -3.0739757 -3.0424552 -3.0138764 -2.97188 -2.9234281 -2.8883135 -2.8722666 -2.8544746 -2.8300198 -2.8023737 -2.7300189 -2.580657
-2.9860299 -2.93863 -2.8612477 -2.8195811 -2.7933991 -2.8483726 -2.932155 -3.0923592 -3.269233 -3.4321681 -3.5727561 -3.6146473 -3.6128751 -3.4912743 -3.3232232 -3.1076582 -2.896777 -2.697794 -2.5668194 -2.4484642 -2.4148385 -2.3848829 -2.3572463 -2.3068309 -2.2131918 -2.0971698 -1.9700417 -1.8655204 -1.7740897 -1.7974995 -1.8648152 -2.0361617 -2.2547654 -2.5181253 -2.7537278 -2.9829668 -3.1285806 -3.2373044 -3.2665666 -3.2594633 -3.2302011 -3.1929406 -3.15834 -3.1407827 -3.1254835 -3.1137787 -3.1009478 -3.0775381 -3.0422361 -3.0057175 -2.9706029 -2.9384074 -2.9149977 -2.8817295 -2.8355776 -2.7594958 -2.6263569
-3.0729592 -3.0341256 -2.9792233 -2.9635032 -2.973467 -3.0621825 -3.1805245 -3.3708566 -3.5672765 -3.749494 -3.8950325 -3.9264508 -3.9182553 -3.7644808 -3.577414 -3.3187723 -3.0753731 -2.8406065 -2.7020345 -2.5540213 -2.5153301 -2.4866016 -2.4810743 -2.4416657 -2.374632 -2.2618675 -2.1376912 -2.0202335 -1.9231115 -1.9227722 -1.9511166 -2.0796264 -2.2821363 -2.5243345 -2.7475939 -2.9705483 -3.1051545 -3.2124675 -3.2417297 -3.2315652 -3.1991549 -3.1663666 -3.133624 -3.1394764 -3.1254835 -3.1428367 -3.1622834 -3.1582582 -3.1394536 -3.1050653 -3.0605638 -3.0023036 -2.9584624 -2.8984929 -2.8479961 -2.7719143 -2.6701845
-3.1834212 -3.1557693 -3.1095497 -3.1226608 -3.1488428 -3.2598999 -3.4012825 -3.6015767 -3.822669 -3.9916475 -4.1461309 -4.1669671 -4.146756 -3.9857053 -3.770324 -3.4974183 -3.2247141 -2.9649307 -2.7958252 -2.6420513 -2.6091209 -2.5804721 -2.5804221 -2.5632766 -2.507326 -2.4085998 -2.2869991 -2.167292 -2.0572961 -2.0338864 -2.047488 -2.1661821 -2.3373673 -2.5656126 -2.7743942 -2.9868477 -3.1103854 -3.2111631 -3.236385 -3.2008451 -3.1657304 -3.1294372 -3.1021757 -3.1175811 -3.1302082 -3.1630881 -3.2230714 -3.2406287 -3.2319401 -3.2031374 -3.1536098 -3.0657003 -3.0013234 -2.9184249 -2.8515898 -2.7762612 -2.7237851
-3.3177559 -3.2923725 -3.2702633 -3.2913673 -3.3489676 -3.4661027 -3.6179582 -3.8175525 -4.0337831 -4.1907511 -4.3261988 -4.3314352 -4.2957778 -4.1189039 -3.8945088 -3.6015615 -3.3224488 -3.0460835 -2.8691759 -2.7103529 -2.6827164 -2.6611922 -2.6722469 -2.6626244 -2.6275098 -2.5336236 -2.4173931 -2.2957924 -2.1814809 -2.1419098 -2.153045 -2.2580639 -2.4235052 -2.6341932 -2.8376081 -3.0365216 -3.147718 -3.229819 -3.2239666 -3.1858559 -3.128475 -3.0901281 -3.058711 -3.0879732 -3.1242618 -3.2003436 -3.2684991 -3.3275581 -3.3281114 -3.304916 -3.2405391 -3.1456538 -3.0385789 -2.935228 -2.8464905 -2.7762612 -2.735344
-3.4655969 -3.450416 -3.4439253 -3.480457 -3.5343431 -3.6549274 -3.7816609 -3.9201573 -4.1217996 -4.2708427 -4.3508252 -4.3461103 -4.2786378 -4.0949917 -3.8578919 -3.5748807 -3.2985154 -3.0396166 -2.8624368 -2.7304141 -2.7056232 -2.6990319 -2.7160961 -2.7213899 -2.6893372 -2.5988478 -2.4874424 -2.3670305 -2.2455535 -2.2061828 -2.2210817 -2.3289606 -2.5039706 -2.7211225 -2.9219899 -3.1129958 -3.2186443 -3.2763611 -3.2488657 -3.1948776 -3.102776 -3.0482421 -3.0152463 -3.049806 -3.1079167 -3.2117642 -3.2950344 -3.4059918 -3.436481 -3.4132856 -3.3389452 -3.2379432 -3.0865383 -2.9242429 -2.8304104 -2.7601811 -2.7192638
-3.6270371 -3.6261766 -3.6317039 -3.6588406 -3.7112045 -3.7898447 -3.9102819 -4.0252388 -4.1689488 -4.2425955 -4.3110257 -4.2743983 -4.2041857 -4.0109292 -3.7889499 -3.5125846 -3.2626907 -3.0084346 -2.8539242 -2.7322759 -2.7272537 -2.7273573 -2.7563542 -2.7616481 -2.7323858 -2.6475265 -2.5369804 -2.4134979 -2.2924048 -2.2572901 -2.2835775 -2.3941236 -2.5738415 -2.8020868 -3.0027125 -3.1923201 -3.2745274 -3.3190887 -3.2722692 -3.1727906 -3.0732991 -3.0140573 -2.9751017 -3.0249691 -3.1011456 -3.2240469 -3.3665244 -3.4835733 -3.5283585 -3.5187258 -3.4367916 -3.2927268 -3.1347109 -2.9516896 -2.8164905 -2.7462612 -2.7634427
-3.7848922 -3.7889509 -3.8055328 -3.8265054 -3.8602263 -3.9125902 -3.9785835 -4.0527437 -4.1441119 -4.1649169 -4.1992594 -4.1311862 -4.0489548 -3.8610263 -3.644205 -3.394609 -3.1599951 -2.9401329 -2.7994972 -2.7012297 -2.7122844 -2.721148 -2.7653665 -2.7740665 -2.7448043 -2.659945 -2.5493989 -2.4291823 -2.3110325 -2.2839475 -2.3162373 -2.4488927 -2.6346329 -2.8765976 -3.0802915 -3.2730402 -3.337417 -3.3749719 -3.28958 -3.1731194 -3.0484621 -2.9789424 -2.931637 -2.9960139 -3.0765659 -3.2404343 -3.4043027 -3.5518749 -3.6278308 -3.6304922 -3.5428183 -3.382574 -3.1968033 -2.9708415 -2.8164905 -2.7183107 -2.7470595
-3.9273442 -3.9380524 -3.952617 -3.9593261 -3.9839292 -3.9902138 -4.0352839 -4.0431509 -4.1039512 -4.0837195 -4.0836608 -4.0018737 -3.9082022 -3.7289244 -3.526448 -3.2868639 -3.0764072 -2.8694669 -2.7501072 -2.6604695 -2.6799089 -2.6987743 -2.7461305 -2.7706874 -2.7492473 -2.6719492 -2.5623491 -2.4548934 -2.3397327 -2.3173028 -2.3610654 -2.4982826 -2.6929087 -2.9387113 -3.1409781 -3.3357738 -3.3960715 -3.4115849 -3.317842 -3.1802398 -3.0429561 -2.9658029 -2.9118331 -2.97621 -3.0789767 -3.2523022 -3.4514697 -3.6173717 -3.7203249 -3.7364279 -3.6575002 -3.4901572 -3.2894139 -3.0228315 -2.8364703 -2.7142617 -2.7116096
-4.0606812 -4.0759808 -4.0870355 -4.0873981 -4.0873981 -4.0788755 -4.0736391 -4.0632449 -4.0577176 -4.0238278 -3.9851503 -3.8961316 -3.7899943 -3.6186478 -3.4271232 -3.206031 -3.0033484 -2.8154199 -2.7091016 -2.617534 -2.6366 -2.6642883 -2.7140341 -2.7460579 -2.7402054 -2.6760592 -2.5765677 -2.475529 -2.3766304 -2.3649255 -2.4070441 -2.5507541 -2.7479142 -2.9937168 -3.1939557 -3.3833888 -3.4419132 -3.4478155 -3.3424715 -3.2114454 -3.0534295 -2.9732813 -2.9132002 -2.9770397 -3.0888393 -3.2761175 -3.4719969 -3.6768324 -3.7941545 -3.8425587 -3.7781818 -3.6190589 -3.3966661 -3.1117942 -2.8666527 -2.7027843 -2.6836921
-4.160178 -4.1725 -4.1739648 -4.1628487 -4.1432812 -4.1181474 -4.0922668 -4.0610702 -4.0390899 -3.9961567 -3.9541167 -3.8860436 -3.7859772 -3.6367399 -3.4489563 -3.2370772 -3.0264227 -2.8278384 -2.7136944 -2.5989063 -2.5989063 -2.6208236 -2.6705694 -2.7099737 -2.727787 -2.6843509 -2.6076139 -2.522628 -2.4325136 -2.4240762 -2.4656844 -2.5942188 -2.7842287 -3.0185537 -3.2111617 -3.3958073 -3.4543317 -3.460234 -3.3739422 -3.2597498 -3.1155219 -3.0353737 -2.9752926 -3.0279645 -3.1385132 -3.3103656 -3.499902 -3.7016694 -3.8345922 -3.8860233 -3.8516007 -3.7117452 -3.5022232 -3.2022272 -2.9535821 -2.7461283 -2.6834763
-4.2460467 -4.2491644 -4.246152 -4.2238542 -4.1928883 -4.1545877 -4.1117306 -4.0732169 -4.0345258 -3.990491 -3.9651969 -3.8971237 -3.8348563 -3.686584 -3.5323938 -3.3211636 -3.1125572 -2.8878232 -2.7469145 -2.5932405 -2.5932405 -2.5741185 -2.6238642 -2.6692204 -2.6963997 -2.6622109 -2.6243461 -2.5504337 -2.492021 -2.4861686 -2.5277768 -2.6497215 -2.785883 -3.0138123 -3.2035938 -3.3725804 -3.4311048 -3.4639675 -3.3937008 -3.3067267 -3.2015695 -3.1395925 -3.0795113 -3.1321833 -3.2073364 -3.3567898 -3.5179863 -3.6833528 -3.8075813 -3.8805708 -3.862123 -3.7406175 -3.5794188 -3.3110248 -3.0358413 -2.8150927 -2.7436869
-4.3019298 -4.2999893 -4.2834074 -4.2534072 -4.211516 -4.1640946 -4.1117306 -4.0742655 -4.040735 -4.0302541 -4.0170699 -3.9908879 -3.9399426 -3.8293965 -3.6733319 -3.4577669 -3.2227994 -2.9685433 -2.7798311 -2.5994497 -2.5541056 -2.523879 -2.5680975 -2.6133373 -2.6601568 -2.6602377 -2.6491831 -2.6009803 -2.5541134 -2.548261 -2.5799123 -2.6683492 -2.8045107 -2.980084 -3.1540767 -3.3166972 -3.4080815 -3.4612888 -3.4495839 -3.3959836 -3.3257543 -3.2690416 -3.2223023 -3.2340072 -3.2810649 -3.3629991 -3.4866543 -3.6212604 -3.7399254 -3.8200855 -3.8434953 -3.7644125 -3.6415112 -3.3941 -3.1419722 -2.902022 -2.7839102
-4.3068822 -4.2965819 -4.2697321 -4.2287278 -4.179213 -4.1301408 -4.0777768 -4.0617571 -4.0354427 -4.0824343 -4.0867068 -4.1185306 -4.0823976 -4.0061628 -3.8519726 -3.6396419 -3.3718877 -3.1001941 -2.9023714 -2.6495842 -2.5279834 -2.4895958 -2.5065553 -2.5609876 -2.6212506 -2.6549492 -2.6570431 -2.6363181 -2.59357 -2.5820317 -2.5807858 -2.6360462 -2.7401539 -2.8911913 -3.0493059 -3.212326 -3.349841 -3.4096516 -3.4589806 -3.5096087 -3.4725749 -3.4408388 -3.3880233 -3.333355 -3.3721586 -3.3636216 -3.3447283 -3.4403297 -3.5137229 -3.597735 -3.6573456 -3.6897035 -3.6074012 -3.4731693 -3.2232425 -3.0006451 -2.8265972
-4.3002935 -4.2726689 -4.239505 -4.1858134 -4.1282131 -4.0722105 -4.0198465 -4.0098051 -4.0042778 -4.072115 -4.1305249 -4.1823584 -4.2112976 -4.153065 -4.0376451 -3.8276075 -3.5599085 -3.2614339 -2.9992305 -2.7257813 -2.581002 -2.4761385 -2.4793007 -2.5076135 -2.5778428 -2.6229248 -2.6505613 -2.6406591 -2.6184646 -2.5950548 -2.5720691 -2.6105797 -2.6722599 -2.7893087 -2.9300305 -3.0859389 -3.242762 -3.3681857 -3.4618248 -3.5841921 -3.6076018 -3.5908569 -3.5508932 -3.4634857 -3.401367 -3.3399468 -3.2143478 -3.2143478 -3.2566795 -3.3299562 -3.4118904 -3.5139947 -3.5198472 -3.4488625 -3.2914643 -3.0807764 -2.8987575
-4.2507754 -4.218709 -4.1634359 -4.1029602 -4.0296506 -3.9712649 -3.9138755 -3.9107231 -3.9181764 -4.0195229 -4.1106553 -4.2153832 -4.2775295 -4.2830568 -4.1930019 -4.0216554 -3.7571176 -3.4535064 -3.1598046 -2.8516219 -2.6636935 -2.5225009 -2.4838097 -2.4934511 -2.5461231 -2.5933845 -2.6306917 -2.629317 -2.6184646 -2.5853504 -2.5588227 -2.5477681 -2.5872785 -2.6502217 -2.7803647 -2.9203592 -3.1134898 -3.2711302 -3.4701132 -3.6260853 -3.7400656 -3.7323283 -3.7032265 -3.5452105 -3.4232527 -3.2008598 -3.0220612 -2.8964348 -2.8904125 -2.9398111 -3.0802697 -3.2283554 -3.3542675 -3.3839182 -3.3044132 -3.1581022 -2.953167
-4.1737074 -4.1388729 -4.0782492 -4.0077645 -3.9213916 -3.8522703 -3.7834541 -3.7798985 -3.7915757 -3.8944946 -4.0180928 -4.1335263 -4.2569883 -4.2896513 -4.2641287 -4.1357371 -3.9116081 -3.646789 -3.3481873 -3.0449163 -2.8524861 -2.6549814 -2.5976325 -2.5338519 -2.5630017 -2.606111 -2.6321433 -2.6300765 -2.6275203 -2.5912576 -2.5609663 -2.5330299 -2.5137353 -2.556903 -2.6776242 -2.7826123 -2.9794974 -3.1903997 -3.4237481 -3.6092067 -3.7901409 -3.8140379 -3.7890884 -3.6152628 -3.3892758 -3.0913241 -2.8652922 -2.5938225 -2.524365 -2.5709954 -2.7315636 -2.8939216 -3.1467942 -3.3051116 -3.2768168 -3.1577382 -2.9746874
-4.0845362 -4.04635 -3.9800223 -3.8970666 -3.8028115 -3.7206767 -3.6473671 -3.6393278 -3.6559098 -3.7771236 -3.9139244 -4.0777315 -4.2363163 -4.3247532 -4.3580191 -4.2695822 -4.1015436 -3.8528148 -3.558747 -3.2665664 -3.0267728 -2.8036042 -2.6985292 -2.6201766 -2.6201766 -2.6285735 -2.6506827 -2.6534511 -2.6507641 -2.609797 -2.5668178 -2.517072 -2.4876891 -2.4935415 -2.56787 -2.6701531 -2.8829077 -3.1182417 -3.3933065 -3.6318644 -3.8308475 -3.8583581 -3.8384625 -3.6068117 -3.324369 -2.9556651 -2.6053746 -2.3069 -2.2173798 -2.2350156 -2.4164414 -2.6761487 -2.9570659 -3.1507226 -3.2371621 -3.1493754 -2.9167519
-3.9847405 -3.9481176 -3.8868837 -3.803928 -3.7096729 -3.6225988 -3.5418101 -3.5210982 -3.5255157 -3.6382841 -3.7711119 -3.9596221 -4.1277887 -4.2880806 -4.3530479 -4.3627208 -4.2394911 -4.0639289 -3.7885018 -3.5397729 -3.2910441 -3.0643923 -2.8985731 -2.7973597 -2.7319429 -2.7243817 -2.7251936 -2.727962 -2.725275 -2.6914408 -2.6528954 -2.5977921 -2.549649 -2.5183785 -2.5610579 -2.6391069 -2.8322375 -3.0623585 -3.3526093 -3.6093889 -3.8308475 -3.8699812 -3.8570902 -3.5937303 -3.3057413 -2.8717475 -2.4724454 -2.1268321 -2.0030026 -2.011483 -2.2034913 -2.4919609 -2.8080442 -3.05861 -3.1626512 -3.1005732 -2.8478564
-3.8715168 -3.859388 -3.807709 -3.7426441 -3.6578567 -3.5790119 -3.4928632 -3.4509351 -3.4454078 -3.5574417 -3.660154 -3.8486642 -4.0195618 -4.1833478 -4.3078441 -4.3582895 -4.3149326 -4.2272345 -4.0192354 -3.8271371 -3.5784083 -3.3570349 -3.1893904 -2.9976628 -2.9066855 -2.8750815 -2.846943 -2.8414062 -2.8501052 -2.820843 -2.8035339 -2.7503397 -2.6886697 -2.6401801 -2.67438 -2.689467 -2.8825976 -3.0652045 -3.3501994 -3.5933699 -3.8304437 -3.8841388 -3.8792573 -3.6158974 -3.3024877 -2.8668547 -2.4713312 -2.0842125 -1.9432743 -1.9372833 -2.1229113 -2.4011864 -2.7246011 -2.9662187 -3.1120936 -3.0508672 -2.7937735
-3.7907967 -3.7925628 -3.7704535 -3.7197206 -3.6516474 -3.5694635 -3.4804447 -3.4347683 -3.4019431 -3.4783307 -3.5715032 -3.7443043 -3.9229543 -4.1274647 -4.2932538 -4.4203819 -4.4480394 -4.4259302 -4.2864517 -4.1251805 -3.8924632 -3.6650615 -3.4439692 -3.2522417 -3.1059306 -3.0339739 -2.9897555 -2.9979703 -3.0123404 -3.0181928 -3.0056723 -2.9614538 -2.8997838 -2.8237021 -2.8062006 -2.8012333 -2.9250572 -3.0926919 -3.3501994 -3.5967028 -3.8366529 -3.8947157 -3.9056042 -3.6715065 -3.3623846 -2.9351563 -2.5322094 -2.1400957 -1.9892261 -1.9590429 -2.1229113 -2.3833754 -2.6935549 -2.9282006 -3.0590041 -2.9887748 -2.7180305
-3.7366884 -3.7670502 -3.7943657 -3.7791848 -3.7467222 -3.678649 -3.6006884 -3.5335665 -3.4900727 -3.5050021 -3.578869 -3.7045425 -3.8811916 -4.0807169 -4.2779533 -4.4483158 -4.5441303 -4.5737852 -4.4525521 -4.3792282 -4.1747178 -3.9430563 -3.6957677 -3.4833572 -3.3005334 -3.2089299 -3.1544135 -3.1827233 -3.2046809 -3.2338557 -3.2655747 -3.2432681 -3.1751874 -3.0928062 -3.0249083 -2.9985775 -3.0512495 -3.2134383 -3.430077 -3.643397 -3.8750347 -3.9680645 -3.9965691 -3.8262904 -3.5176713 -3.1484976 -2.8013142 -2.4283362 -2.2654221 -2.232311 -2.3443851 -2.5104818 -2.774914 -2.9098829 -3.0310702 -2.9358411 -2.6692808
-3.6648574 -3.7630596 -3.8156147 -3.8635675 -3.8530947 -3.8254629 -3.7573897 -3.6865837 -3.6257834 -3.6090813 -3.6304767 -3.7266457 -3.8595301 -4.0471366 -4.2461197 -4.434783 -4.5782548 -4.6556371 -4.6106042 -4.5655075 -4.3746517 -4.1578673 -3.9041096 -3.6657223 -3.4647631 -3.3537224 -3.2873948 -3.3241047 -3.3640966 -3.4226211 -3.4904859 -3.4796399 -3.4268513 -3.3390647 -3.2525296 -3.1883538 -3.2200847 -3.3197407 -3.5145324 -3.7069147 -3.9293075 -4.0374001 -4.0991659 -3.960788 -3.7210622 -3.3843602 -3.1009115 -2.7556174 -2.5885947 -2.5228896 -2.6037237 -2.6653564 -2.8701919 -2.9405142 -2.9879831 -2.8784133 -2.6328315
-3.6186812 -3.7444319 -3.87156 -3.9423116 -3.9999119 -3.9870812 -3.9608993 -3.8869978 -3.8120605 -3.7672912 -3.7484522 -3.7955798 -3.884367 -4.0391316 -4.2212827 -4.4202658 -4.5720208 -4.6991018 -4.6894214 -4.6710645 -4.4941907 -4.2944706 -4.0291598 -3.7836978 -3.561305 -3.4458725 -3.3743241 -3.4192064 -3.4758629 -3.5762886 -3.6519261 -3.6740353 -3.6321695 -3.5501788 -3.4525716 -3.3622125 -3.368065 -3.4368797 -3.5890432 -3.7806335 -3.9976092 -4.1189208 -4.204723 -4.1169364 -3.9337019 -3.6761945 -3.4067977 -3.1219625 -2.9484795 -2.8579457 -2.8520932 -2.8881899 -2.9633305 -2.969157 -2.9440043 -2.7976932 -2.5634459
-3.6131241 -3.7786933 -3.9415124 -4.0584212 -4.13695 -4.1622354 -4.1473938 -4.0857705 -4.0093098 -3.9170942 -3.875718 -3.8614494 -3.9174462 -4.0222838 -4.1794731 -4.3589546 -4.512707 -4.639835 -4.6490817 -4.6412073 -4.4694828 -4.2758717 -4.0146558 -3.7616016 -3.5333838 -3.4177374 -3.3473124 -3.4108435 -3.4760669 -3.5886453 -3.6929648 -3.7312636 -3.702799 -3.6248752 -3.5374852 -3.442106 -3.4429223 -3.4957588 -3.6479223 -3.8395125 -4.0560529 -4.1967824 -4.2949711 -4.253757 -4.1004818 -3.8894721 -3.6782308 -3.4131459 -3.2262445 -3.1167364 -3.0601366 -2.9720857 -2.9970812 -2.8955565 -2.8424418 -2.6870642 -2.4975478
