P1_models/J1_p1_vp_slide_diff2_340.dat.tif
NCOLS 118
NROWS 92
XLLCORNER 139.62
YLLCORNER -39.07
DX 0.099491525
DY 0.099347826
NODATA_VALUE -9999
[rows 0 to 23 of 92, columns 0 to 53 of 118]
-9999 -9999 -9999 -9999 -9999 -9999 -9999 -9999 -9999 -9999 -9999 -9999 -9999 -9999 -9999 -9999 -9999 -9999 -9999 -9999 -9999 -9999 -9999 -9999 -9999 -9999 -9999 -9999 -9999 -9999 -9999 -9999 -9999 -9999 -9999 -9999 -9999 -9999 -9999 -9999 -9999 -9999 -9999 -9999 -9999 -9999 -9999 -9999 -9999 -9999 -9999 -9999 -9999 -9999
-9999 0.040939271 0.050903918 0.060868565 0.070833212 0.080797859 0.08721359 0.087430272 0.08698849 0.085650574 0.084312658 0.082974741 0.081636825 0.080388072 0.07356662 0.060151182 0.046735745 0.033320308 0.01990487 0.013883161 0.024919092 0.035955024 0.046990955 0.058026887 0.067341986 0.066489149 0.06379918 0.056703073 0.049606966 0.04251086 0.035414753 0.034365326 0.044971965 0.055578605 0.066185245 0.076791885 0.084774053 0.084829568 0.084602177 0.084819686 0.085037196 0.085254705 0.085472214 0.085082361 0.084427605 0.083827688 0.083227772 0.082627856 0.082027939 0.074515198 0.071280835 0.068046473 0.06481211 0.061577747
-9999 0.052040149 0.062004796 0.071969443 0.08193409 0.08558959 0.085293072 0.085509755 0.086318735 0.086454464 0.085116547 0.083778631 0.082440715 0.081191962 0.080121765 0.076364334 0.062948896 0.049533459 0.036118022 0.030096312 0.041132243 0.052168175 0.063204107 0.06944436 0.068091441 0.067238604 0.067726112 0.066760592 0.059664485 0.052568378 0.045472272 0.044422844 0.055029484 0.065636124 0.076242764 0.08196561 0.082636419 0.082691934 0.081867184 0.081424474 0.081641984 0.081859493 0.082077002 0.081687149 0.080860671 0.080163823 0.079563907 0.078963991 0.078364074 0.070601842 0.061601768 0.05766566 0.054431297 0.051196934
-9999 0.063141026 0.073105673 0.083070321 0.08396559 0.083669072 0.083372555 0.083589237 0.084398217 0.085207197 0.085920437 0.08458252 0.083244604 0.081995851 0.080925654 0.079855457 0.07878526 0.06574661 0.052331173 0.046309463 0.057345395 0.068381326 0.071546734 0.070193815 0.068840896 0.067988059 0.068475568 0.068963076 0.069450585 0.062625897 0.05552979 0.054480363 0.065087003 0.075693642 0.079157167 0.079827976 0.080498785 0.0805543 0.07972955 0.078904799 0.078246772 0.078464281 0.07868179 0.078291937 0.077465459 0.076638981 0.075900042 0.075300126 0.074700209 0.066937977 0.057937903 0.048937828 0.044050484 0.040816121
-9999 0.074241904 0.082638107 0.082341589 0.082045072 0.081748555 0.081452037 0.081668719 0.0824777 0.08328668 0.08409566 0.08490464 0.084048494 0.082799741 0.081729544 0.080659347 0.079589149 0.078518952 0.068544324 0.062522614 0.073558546 0.073649108 0.072296189 0.07094327 0.069590351 0.068737514 0.069225023 0.069712531 0.07020004 0.070687548 0.065587309 0.064537881 0.075144521 0.076348724 0.077019533 0.077690342 0.078361151 0.078416666 0.077591916 0.076767165 0.075942415 0.075117664 0.075286578 0.074896725 0.074070247 0.073243769 0.072417291 0.07163626 0.071036344 0.063274112 0.054274038 0.045273963 0.036273889 0.030435308
-9999 0.081014106 0.080717589 0.080421072 0.080124554 0.079828037 0.079531519 0.079748202 0.080557182 0.081366162 0.082175142 0.082984123 0.083793103 0.08360363 0.082533433 0.081463236 0.080393039 0.079322842 0.078252644 0.077104401 0.075751482 0.074398563 0.073045644 0.071692725 0.070339806 0.069486969 0.069974478 0.070461986 0.070949495 0.071437003 0.071924512 0.072869472 0.073540281 0.07421109 0.074881899 0.075552708 0.076223517 0.076279032 0.075454282 0.074629531 0.073804781 0.07298003 0.07215528 0.071501513 0.070675035 0.069848557 0.069022079 0.068195601 0.067372479 0.059610247 0.050610173 0.041610098 0.032610024 0.023609949
-9999 0.071557158 0.071260641 0.070964124 0.070667606 0.070371089 0.071972174 0.073932806 0.074741786 0.075550767 0.076359747 0.077168727 0.080115373 0.081586964 0.076214776 0.075144579 0.074074382 0.073004184 0.071933987 0.070778299 0.06942538 0.068072461 0.066719543 0.065366624 0.067591119 0.072825313 0.070586796 0.071074304 0.071561813 0.072049321 0.072536829 0.073086947 0.073757756 0.074428565 0.075099374 0.075770183 0.073136285 0.069250261 0.068425511 0.06760076 0.06677601 0.065951259 0.064130951 0.058648887 0.054625761 0.053799283 0.052972805 0.052146328 0.05131985 0.043524232 0.034524158 0.025524083 0.016524009 0.014727521
-9999 0.060906226 0.060609709 0.060313191 0.060016674 0.062581233 0.065539719 0.067500351 0.068309332 0.069118312 0.069927292 0.074274419 0.079814793 0.081286384 0.074610005 0.067933626 0.066627311 0.065557114 0.064486917 0.063331229 0.06197831 0.060625391 0.059272472 0.064138213 0.072398497 0.077632691 0.074756206 0.07187972 0.072152404 0.072639912 0.073127421 0.073677539 0.074348347 0.075019156 0.075689965 0.071358433 0.065332619 0.061446595 0.060621845 0.059797094 0.058972344 0.056793823 0.054426782 0.048944718 0.041223303 0.035745247 0.034918769 0.034092291 0.033265813 0.025470195 0.016470121 0.0074700465 0.011118214 0.030809186
-9999 0.050255293 0.049958776 0.050231805 0.053190292 0.056148778 0.059107265 0.061067897 0.061876877 0.062893093 0.068433466 0.073973839 0.079514213 0.080985804 0.074309425 0.067633046 0.060956667 0.058110043 0.057039846 0.055884158 0.054531239 0.05317832 0.060685307 0.068945591 0.077205875 0.082440069 0.079563584 0.076687098 0.073810613 0.073230503 0.073718012 0.07426813 0.074938939 0.075606394 0.06958058 0.063554767 0.057528953 0.053642929 0.052818179 0.051823735 0.049456695 0.047089654 0.044722613 0.039240549 0.031519134 0.023797719 0.016864732 0.016038254 0.015211777 0.0074161589 -0.0015839156 0.0075089076 0.027199879 0.046890851
-9999 0.039604361 0.040840864 0.04379935 0.046757837 0.049716323 0.05267481 0.054635442 0.05705214 0.062592513 0.068132886 0.073673259 0.079213633 0.080685224 0.074008845 0.067332466 0.060656087 0.053979708 0.049592775 0.048437087 0.048972117 0.057232401 0.065492685 0.073752969 0.082013253 0.087247447 0.084370962 0.081494476 0.078617991 0.075741505 0.074308603 0.074858721 0.073828542 0.067802728 0.061776914 0.0557511 0.049725287 0.045839263 0.044486607 0.042119566 0.039752526 0.037385485 0.035018445 0.02953638 0.021814965 0.01409355 0.006372135 -0.0013492801 -0.0028422599 -0.010637878 0.0038996009 0.023590573 0.043281545 0.062972516
-9999 0.033663172 0.036621659 0.039580145 0.042538632 0.045497118 0.048455605 0.051649545 0.057189918 0.062730291 0.068270664 0.073811037 0.07935141 0.081313057 0.074636678 0.0679603 0.061283921 0.054607542 0.047931163 0.045771407 0.054031691 0.062291975 0.070552259 0.078812543 0.087072827 0.09186371 0.088987225 0.086110739 0.083234254 0.080357768 0.077481283 0.07352909 0.067503276 0.061477462 0.055451648 0.049425834 0.043400021 0.039315225 0.036948184 0.034581144 0.032214103 0.029847063 0.027480022 0.023196724 0.015475308 0.0077538933 3.2478234e-05 -0.0076889369 -0.015410352 0.00024114548 0.019932117 0.039623089 0.059314061 0.079005033
-9999 0.043948984 0.04690747 0.049865957 0.052824443 0.05578293 0.053574732 0.054660198 0.060200571 0.065740944 0.071281317 0.07682169 0.078406833 0.079179611 0.080690887 0.074672694 0.067996315 0.061319936 0.054643558 0.052483802 0.060744086 0.069004369 0.077264653 0.085524937 0.088955676 0.090262813 0.091826348 0.089474491 0.086598006 0.08372152 0.080845035 0.076892842 0.070867028 0.064841214 0.0588154 0.052789586 0.048912616 0.045970495 0.043603454 0.041236413 0.038869373 0.036502332 0.026532021 0.026885998 0.031185718 0.023464303 0.015742888 0.008021473 0.0003000579 0.015951555 0.035642527 0.055333499 0.075024471 0.080852294
-9999 0.054234795 0.057193282 0.060151769 0.062134402 0.059359893 0.056585385 0.057670851 0.063211224 0.068751597 0.074091439 0.07449544 0.07489944 0.075672219 0.077183495 0.078694771 0.07470871 0.068032331 0.061355952 0.059196196 0.06745648 0.075716764 0.083977048 0.085658311 0.086869786 0.088176923 0.089740458 0.091303992 0.089961757 0.087085272 0.084208786 0.080256593 0.07423078 0.068204966 0.062256077 0.058911981 0.055567886 0.052625764 0.050258723 0.047891683 0.044284163 0.033897591 0.023511019 0.023864996 0.031940217 0.039174713 0.031453298 0.023731883 0.016010468 0.031661965 0.051352937 0.071043909 0.072661413 0.066832453
-9999 0.064520607 0.067479094 0.067919564 0.065145055 0.062370546 0.059596038 0.060681504 0.066221877 0.070180046 0.070584047 0.070988047 0.071392048 0.072164826 0.073676103 0.075187379 0.076698655 0.074744725 0.068068347 0.065908591 0.074168874 0.08114947 0.082360945 0.08357242 0.084783896 0.086091033 0.087654567 0.089218102 0.090781636 0.090449024 0.087572538 0.083620345 0.077594531 0.072255442 0.068911346 0.065567251 0.062223155 0.059281033 0.056913993 0.051649734 0.041263161 0.030876589 0.020490017 0.020843994 0.028919215 0.036994436 0.045069657 0.039442293 0.031720878 0.047372375 0.067063347 0.064470532 0.058641572 0.052812612
-9999 0.074806419 0.073704726 0.070930217 0.068155708 0.0653812 0.062606691 0.063692157 0.066268653 0.066672654 0.067076654 0.067480655 0.067884656 0.068657434 0.070168711 0.071679987 0.073191263 0.074702539 0.074780741 0.072620985 0.077852105 0.07906358 0.080275055 0.08148653 0.082698005 0.084005142 0.085568677 0.087132211 0.088695746 0.090259281 0.09093629 0.086984097 0.082254807 0.078910712 0.075566616 0.07222252 0.068878425 0.065936303 0.059015304 0.048628732 0.03824216 0.027855587 0.017469015 0.017822992 0.025898213 0.033973434 0.042048655 0.050123876 0.047431288 0.06210861 0.05627965 0.050450691 0.044621731 0.038792771
-9999 0.078250991 0.075476482 0.072701974 0.069927465 0.067152956 0.064378447 0.062792334 0.063196335 0.063600336 0.064004337 0.064408338 0.064812339 0.066420852 0.06805883 0.069570106 0.071081382 0.072592658 0.074103935 0.075524556 0.076736031 0.077947506 0.079158981 0.080370456 0.081581931 0.079032511 0.079009524 0.080573058 0.082136593 0.083700127 0.085263662 0.085150911 0.081806815 0.078462719 0.075118624 0.071774528 0.068430432 0.070207083 0.059820511 0.049433939 0.039047367 0.028660794 0.018274222 0.013129853 0.021205074 0.029280295 0.037355516 0.045430737 0.053505958 0.055522725 0.049693765 0.043864805 0.038035845 0.032206886
-9999 0.077144003 0.074369494 0.071594985 0.068820476 0.06619056 0.064378999 0.062807077 0.06151173 0.061538974 0.061942975 0.062346976 0.062750977 0.06435949 0.068380108 0.070707533 0.072218809 0.073730085 0.075241362 0.076661982 0.077873458 0.079084933 0.080296408 0.081507883 0.083282857 0.080942315 0.067457503 0.063619669 0.065183203 0.066746738 0.068310273 0.068197521 0.064853425 0.06150933 0.058165234 0.055314979 0.063709703 0.068362148 0.067660733 0.059129864 0.048743292 0.03835672 0.027970147 0.019545046 0.012626495 0.020701716 0.028776937 0.036852157 0.044927378 0.054954557 0.060381688 0.054552729 0.048723769 0.042894809
-9999 0.076037014 0.073262505 0.070487997 0.068143111 0.06633155 0.064519988 0.062948067 0.06165272 0.060357373 0.059881614 0.060285614 0.060689615 0.062298128 0.066318747 0.070339365 0.073356236 0.074867512 0.076378788 0.077799409 0.079010885 0.08022236 0.081557903 0.083375282 0.08519266 0.082852118 0.069367307 0.055882495 0.048229814 0.049793348 0.051356883 0.051244132 0.047900036 0.04455594 0.044681547 0.053076271 0.061470995 0.06612344 0.065422025 0.064720609 0.058439217 0.048052645 0.037666072 0.029240971 0.022225946 0.01521092 0.020198357 0.028273578 0.036348799 0.046375978 0.056740507 0.065240652 0.059411693 0.053582733
-9999 0.074930026 0.072155517 0.070095662 0.0682841 0.066472539 0.064660978 0.063089056 0.061793709 0.060498362 0.059203015 0.058224253 0.058628254 0.060236767 0.064257385 0.068278003 0.072298622 0.076004939 0.077516215 0.078936836 0.080148311 0.081650328 0.083467707 0.085285085 0.087102464 0.084761922 0.07127711 0.057792299 0.044307487 0.032839959 0.034403494 0.034290742 0.030946647 0.034048115 0.042442839 0.050837562 0.059232286 0.063884732 0.063183316 0.062481901 0.061780486 0.05774857 0.047361998 0.038936896 0.031921871 0.024906845 0.01789182 0.019694999 0.02777022 0.037797399 0.048161928 0.058526458 0.068890988 0.064270657
-9999 0.073859773 0.072048212 0.070236651 0.06842509 0.066613528 0.064801967 0.063230045 0.061934698 0.060639351 0.059344004 0.058048657 0.05675331 0.058175405 0.062196023 0.066216642 0.07023726 0.074257878 0.078278497 0.080074263 0.081742753 0.083560131 0.08537751 0.087194888 0.089012267 0.086671725 0.073186914 0.059702102 0.04621729 0.032732479 0.019247667 0.017337353 0.023414683 0.031809406 0.04020413 0.048598854 0.056993578 0.061646023 0.060944608 0.060243193 0.059541778 0.058840362 0.057057923 0.048632821 0.041617796 0.034602771 0.027587745 0.02057272 0.019191641 0.02921882 0.039583349 0.049947879 0.060312408 0.070676938
-9999 0.072488851 0.070677289 0.068865728 0.067054167 0.065242606 0.064114561 0.064346886 0.063051538 0.061756191 0.060460844 0.059165497 0.058087571 0.058604562 0.060287805 0.064308423 0.068329042 0.07234966 0.076370278 0.07972467 0.081542048 0.083359427 0.085176805 0.086994184 0.088811563 0.08935911 0.077065287 0.063580476 0.050095664 0.036610853 0.023126041 0.017114563 0.025509287 0.033904011 0.042298735 0.050693459 0.058489188 0.060342199 0.059640784 0.058939369 0.058237954 0.057536538 0.056981272 0.055383463 0.048846321 0.041831295 0.03481627 0.027801245 0.02078622 0.028589708 0.038954237 0.049318767 0.059683297 0.070047826
-9999 0.069977464 0.068165903 0.066354342 0.064542781 0.064411522 0.065967504 0.066199828 0.064904481 0.063609134 0.062313787 0.062132229 0.063865176 0.064382167 0.062464136 0.062515723 0.066536342 0.07055696 0.074577578 0.07793197 0.079749349 0.081566727 0.083384106 0.086012298 0.090798503 0.091350929 0.080555761 0.068943779 0.055458967 0.041974156 0.028489344 0.022477866 0.03087259 0.039267314 0.047662038 0.054252041 0.057890564 0.059743576 0.059042161 0.058340745 0.05763933 0.057203507 0.05701636 0.055418552 0.052806638 0.047198615 0.040183589 0.033168564 0.026153539 0.033957027 0.044321556 0.054686086 0.064409797 0.06780761
-9999 0.067466078 0.065654517 0.063842956 0.064708482 0.066264464 0.067820447 0.068052771 0.066757424 0.065462077 0.066176887 0.067909834 0.06964278 0.070159771 0.06824174 0.066323709 0.064743642 0.06876426 0.072784879 0.07613927 0.077956649 0.079774027 0.08321791 0.088004116 0.092790322 0.093342747 0.082547579 0.071752411 0.06082227 0.047337459 0.033852647 0.027841169 0.036235893 0.044630617 0.050014894 0.053653418 0.057291941 0.059144952 0.058443537 0.057742122 0.057425743 0.057238596 0.057051449 0.055453641 0.052841727 0.050229812 0.045550909 0.038535883 0.031520858 0.039324346 0.049688876 0.058090523 0.061488336 0.06488615
-9999 0.064954692 0.06344946 0.065005443 0.066561425 0.068117407 0.069673389 0.069905713 0.068610366 0.070221545 0.071954492 0.073687438 0.075420385 0.075937376 0.074019345 0.072101314 0.070183283 0.068265252 0.070992179 0.07434657 0.076163949 0.080423523 0.085209728 0.089995934 0.09478214 0.095334565 0.084539397 0.07374423 0.062949062 0.052153894 0.03921595 0.033204472 0.041599196 0.045777748 0.049416271 0.053054794 0.056693317 0.058546329 0.057844914 0.057647979 0.057460832 0.057273685 0.057086538 0.05548873 0.052876816 0.050264901 0.047652987 0.043903202 0.036888177 0.044691665 0.05177125 0.055169063 0.058566876 0.061964689
