P1_models/J1_p1_vp_slide_diff2_160.dat.tif
NCOLS 118
NROWS 92
XLLCORNER 139.62
YLLCORNER -39.07
DX 0.099491525
DY 0.099347826
NODATA_VALUE -9999
[rows 48 to 71 of 92, columns 0 to 54 of 118]
-9999 0.14166291 0.13390143 0.12613995 0.11837847 0.11061699 0.10285551 0.10060649 0.10074415 0.10088181 0.10101947 0.10115712 0.10129478 0.10515421 0.10766028 0.11009848 0.11253669 0.11497489 0.1174131 0.11719342 0.11084188 0.10449034 0.0981388 0.091787261 0.085435722 0.083887548 0.084243205 0.083868173 0.08349314 0.083118108 0.082743075 0.083847918 0.087805489 0.091763059 0.09572063 0.0996782 0.10363577 0.10013624 0.095809562 0.091482882 0.087156201 0.082829521 0.078652226 0.075896079 0.074143807 0.072391534 0.070639261 0.068886989 0.067134716 0.063517517 0.059578008 0.055638499 0.05169899 0.047759481 0.048075003
-9999 0.12829754 0.12053606 0.11277458 0.1050131 0.098453991 0.094222666 0.092019531 0.092157188 0.092294845 0.092432502 0.09370419 0.099256796 0.10389691 0.1067097 0.10933991 0.11177811 0.11421632 0.11665452 0.11643484 0.1100833 0.10373176 0.097380224 0.091560515 0.089741479 0.08916358 0.091912244 0.093233803 0.09285877 0.092483738 0.092108705 0.093213548 0.097171119 0.10112869 0.10508626 0.107232 0.10318219 0.099018469 0.094691789 0.090365108 0.086038428 0.082404993 0.079973111 0.077079556 0.073854111 0.071849095 0.070096822 0.06834455 0.066592277 0.062975078 0.059035569 0.05509606 0.051156551 0.053371086 0.055611309
-9999 0.11493216 0.10717068 0.099409203 0.094098353 0.089867028 0.085635702 0.083432567 0.083570224 0.083707881 0.086894283 0.092446889 0.097999494 0.10263961 0.1054524 0.10826519 0.11101954 0.11345774 0.11589595 0.11567627 0.10932473 0.10297319 0.098655584 0.096836547 0.09501751 0.094439612 0.097188276 0.099936941 0.1022244 0.10184937 0.10147434 0.10257918 0.10653675 0.11049432 0.11016404 0.10611423 0.10206442 0.097900696 0.093574015 0.089247335 0.086157759 0.083725877 0.081293995 0.078400441 0.075174995 0.07194955 0.069554383 0.067802111 0.066049838 0.062432639 0.05849313 0.055783933 0.058345662 0.060907391 0.063147614
-9999 0.10156679 0.093974041 0.089742715 0.08551139 0.081280064 0.077048738 0.074845603 0.07498326 0.080084375 0.085636981 0.091189587 0.096742192 0.1013823 0.1041951 0.10700789 0.10982068 0.11263347 0.11513737 0.11491769 0.10856615 0.10575065 0.10393162 0.10211258 0.10029354 0.099715644 0.10246431 0.10521297 0.10796164 0.1107103 0.11083997 0.11194481 0.11590238 0.11309607 0.10904626 0.10499645 0.10094664 0.096782923 0.092456242 0.089910525 0.087478643 0.085046762 0.08261488 0.079721325 0.07649588 0.073270434 0.070044989 0.067259671 0.065507399 0.0618902 0.060758509 0.063320238 0.065881967 0.068443696 0.070683919
-9999 0.089618403 0.085387077 0.081155751 0.076924426 0.0726931 0.068461775 0.067721862 0.073274468 0.078827073 0.084379679 0.089932285 0.09548489 0.100125 0.10293779 0.10575059 0.10856338 0.11137617 0.11418896 0.11466476 0.11284572 0.11102668 0.10920765 0.10738861 0.10556957 0.10499168 0.10774034 0.110489 0.11323767 0.11598633 0.118735 0.12007792 0.11602811 0.1119783 0.10792849 0.10387868 0.099828868 0.096095173 0.093663291 0.091231409 0.088799528 0.086367646 0.083935765 0.08104221 0.077816764 0.074591319 0.071365874 0.068140428 0.06496496 0.065733085 0.068294814 0.070856544 0.073418273 0.075980002 0.078090215
-9999 0.085718215 0.081486889 0.077255563 0.073024238 0.068792912 0.066541594 0.068624388 0.074176994 0.0797296 0.085282205 0.090834811 0.097356258 0.10539908 0.11296009 0.11577288 0.11858567 0.12139846 0.12421125 0.12562345 0.12380441 0.12198537 0.12016634 0.1183473 0.11141758 0.10245838 0.10892448 0.11167315 0.11442181 0.11717047 0.11991914 0.12034567 0.11629585 0.11224604 0.10819623 0.10414642 0.099091178 0.094543462 0.09211158 0.089679699 0.087247817 0.084815935 0.081686719 0.083703822 0.084878054 0.081652608 0.078427163 0.075201717 0.071976272 0.073685206 0.076246935 0.078808664 0.081370394 0.081021908 0.074119607
-9999 0.082602148 0.078370823 0.074139497 0.069908171 0.068729111 0.067805471 0.069888265 0.075440871 0.080993477 0.086546083 0.093739435 0.10136473 0.10940755 0.11828651 0.12716546 0.1304951 0.13330789 0.13612068 0.13753288 0.13571384 0.1338948 0.13207577 0.12115697 0.10614934 0.097190134 0.10444222 0.11169431 0.11492136 0.11767002 0.12041869 0.12084521 0.1167954 0.11274559 0.10869578 0.10308552 0.097058867 0.092511151 0.090079269 0.087647388 0.085215506 0.081812739 0.078324875 0.080341978 0.086316531 0.089674297 0.086448852 0.083223406 0.079997961 0.081706895 0.084268624 0.086830353 0.084117561 0.075714791 0.06881249
-9999 0.079486082 0.075254757 0.071840269 0.070916629 0.069992988 0.069069348 0.071152143 0.076704748 0.082497321 0.090122613 0.097747904 0.1053732 0.11341602 0.12229497 0.13117393 0.14005289 0.14521732 0.14803011 0.14944231 0.14762327 0.14580423 0.13089637 0.11588873 0.1008811 0.091921891 0.09917398 0.10642607 0.11367816 0.11816957 0.12091823 0.12134476 0.11729495 0.11310653 0.10707987 0.10105321 0.095026556 0.09047884 0.088046958 0.085426623 0.081938759 0.078450895 0.074963031 0.076980134 0.082954687 0.088929241 0.094470541 0.091245096 0.08801965 0.089728584 0.092290313 0.087213213 0.078810443 0.070407673 0.063505372
-9999 0.076370016 0.074027786 0.073104146 0.072180506 0.071256866 0.070333225 0.07241602 0.078880499 0.08650579 0.094131082 0.10175637 0.10938166 0.11742449 0.12630344 0.1351824 0.14406135 0.15294031 0.15993954 0.16135173 0.15564339 0.14063576 0.12562812 0.11062049 0.095612857 0.086653649 0.093905738 0.10115783 0.10840992 0.115662 0.12141778 0.12184431 0.11710087 0.11107422 0.10504756 0.099020902 0.092994245 0.088446529 0.085552643 0.082064779 0.078576915 0.075089051 0.071601187 0.07361829 0.079592843 0.085567397 0.09154195 0.097516503 0.096041339 0.097750273 0.090308865 0.081906095 0.073503325 0.065100555 0.058198254
-9999 0.076193164 0.075269524 0.074345884 0.073422244 0.072498604 0.071574963 0.0710054 0.078630691 0.086255983 0.093881274 0.10150657 0.10913186 0.11636538 0.12524434 0.13412329 0.14300225 0.1518812 0.16076016 0.16241617 0.14740853 0.1324009 0.11739327 0.10238563 0.087378 0.08122942 0.088451531 0.09570362 0.10295571 0.1102078 0.11745989 0.12017639 0.11414973 0.10812308 0.10209642 0.096069763 0.090043106 0.086146194 0.08265833 0.079170466 0.075682602 0.072194738 0.068706873 0.068517026 0.07449158 0.080466133 0.086440686 0.09241524 0.098389793 0.095182008 0.086779238 0.078376468 0.069973698 0.061570928 0.054040858
-9999 0.077359287 0.076435647 0.075512007 0.074588366 0.073423842 0.070563542 0.067996413 0.065767639 0.071462209 0.0790875 0.086712791 0.094338083 0.10148702 0.10768202 0.11575609 0.12463504 0.133514 0.14239295 0.14404896 0.12904133 0.11403369 0.099026061 0.084018428 0.078429187 0.076723444 0.082766121 0.089614261 0.09686635 0.10411844 0.11137053 0.11408703 0.10806037 0.10203372 0.096007061 0.090040692 0.087531651 0.084679542 0.081336627 0.077872983 0.074385119 0.070897255 0.067409391 0.064944344 0.0634494 0.069423953 0.075398507 0.08137306 0.087347613 0.090383776 0.089320555 0.080917785 0.072515015 0.064112245 0.056582175
-9999 0.07852541 0.07760177 0.076678129 0.074828807 0.071968507 0.069108207 0.066541077 0.064312304 0.062083531 0.064293726 0.071919017 0.079544309 0.086693244 0.09288825 0.099083255 0.10626784 0.11514679 0.12402575 0.12568176 0.11067412 0.095666489 0.08311656 0.078519886 0.073923211 0.072217468 0.078260145 0.084302822 0.09077699 0.098029079 0.10528117 0.10799767 0.10197102 0.095944358 0.091065698 0.088556657 0.086047615 0.083195506 0.079852591 0.076509676 0.073087636 0.069599772 0.066111908 0.063646862 0.061917105 0.060187349 0.064356327 0.07033088 0.076305434 0.079341596 0.081869924 0.083459102 0.075056332 0.066653563 0.059123492
-9999 0.079691532 0.078767892 0.076233771 0.073373471 0.070513172 0.067652872 0.065085742 0.062856969 0.060628196 0.058399422 0.057125243 0.064750534 0.07189947 0.078094475 0.084289481 0.090484487 0.096779586 0.10565854 0.10731455 0.092306917 0.083207258 0.078610584 0.07401391 0.069417236 0.067711492 0.073754169 0.079796846 0.085839523 0.09193972 0.099191809 0.10190831 0.095881656 0.092090704 0.089581662 0.087072621 0.084563579 0.081711471 0.078368555 0.07502564 0.071682725 0.06830229 0.064814426 0.062349379 0.060619623 0.058889867 0.05716011 0.059288701 0.065263254 0.068299416 0.070827745 0.073356073 0.075884401 0.06919488 0.06166481
-9999 0.080499035 0.077638736 0.074778436 0.071918136 0.069057836 0.066197536 0.063630407 0.061401634 0.05917286 0.056944087 0.054715314 0.052486541 0.057105695 0.063300701 0.069495707 0.075690712 0.081885718 0.088080724 0.088947345 0.083297957 0.078701283 0.074104608 0.069507934 0.06491126 0.063205516 0.069248193 0.07529087 0.081333547 0.087376224 0.093418901 0.095818953 0.093115709 0.090606668 0.088097626 0.085588585 0.083079544 0.080227435 0.07688452 0.073541604 0.070198689 0.066855774 0.063512859 0.061051896 0.05932214 0.057592384 0.055862628 0.054132872 0.054221074 0.057257236 0.059785565 0.062313893 0.064842222 0.06737055 0.064206127
-9999 0.077098388 0.074238089 0.071377789 0.068517489 0.065657189 0.063519453 0.064859562 0.065683299 0.063454526 0.061225752 0.058996979 0.056768206 0.056456105 0.06106352 0.067258525 0.073453531 0.079648537 0.085843542 0.088775306 0.084178632 0.079581957 0.074985283 0.070388609 0.06607926 0.063603593 0.065359061 0.071401738 0.077444415 0.083487092 0.089529768 0.092651458 0.090142417 0.087633375 0.085124334 0.082615293 0.080702938 0.079936131 0.077774463 0.074431548 0.071088632 0.067745717 0.064402802 0.062102868 0.060426948 0.058697191 0.056967435 0.055237679 0.053507923 0.055259723 0.057785708 0.060314036 0.062842365 0.065370693 0.064511742
-9999 0.072851821 0.069991521 0.067131221 0.064270921 0.062760023 0.061672467 0.063012576 0.067154522 0.07023093 0.068002157 0.065773384 0.063544611 0.06323251 0.066758655 0.07048159 0.076676595 0.082871601 0.089066607 0.09199837 0.087401696 0.082805022 0.078208347 0.074375997 0.071218633 0.068742966 0.068094416 0.067780841 0.073823518 0.079866195 0.085908871 0.089030561 0.08652152 0.084012478 0.081503437 0.080160799 0.079494206 0.0787274 0.077817224 0.076353818 0.073010902 0.069667987 0.066325072 0.064025138 0.06247499 0.060846637 0.059116881 0.057387125 0.055657368 0.057409168 0.059762676 0.062246241 0.064774569 0.067302898 0.066443947
-9999 0.068605253 0.065744953 0.06308815 0.062000594 0.060913037 0.05982548 0.061165589 0.065307536 0.069449482 0.073591428 0.072549789 0.070321015 0.070008914 0.07353506 0.077061205 0.080587351 0.086094665 0.092289671 0.095221434 0.09062476 0.086028086 0.082672734 0.07951537 0.076358007 0.07388234 0.07323379 0.07258524 0.07193669 0.076245297 0.082287974 0.085409664 0.082900622 0.080391581 0.079618661 0.078952067 0.078285474 0.077518668 0.076608492 0.075698316 0.07478814 0.071590257 0.068247342 0.065947408 0.06439726 0.062847113 0.061266326 0.05953657 0.057806814 0.059558614 0.061912121 0.064265629 0.066706774 0.069235103 0.068376152
-9999 0.064358685 0.06232872 0.061241164 0.060153607 0.059066051 0.057978494 0.059318603 0.063460549 0.067602495 0.071744442 0.075886388 0.07709742 0.076785319 0.080311465 0.08383761 0.087363756 0.090889901 0.095512735 0.098444499 0.094126834 0.090969471 0.087812107 0.084654744 0.08149738 0.079021713 0.078373163 0.077724613 0.077076064 0.076427514 0.078667077 0.081788767 0.079743115 0.079076522 0.078409929 0.077743336 0.077076742 0.076309936 0.07539976 0.074489584 0.073579408 0.072669232 0.070169612 0.067869678 0.06631953 0.064769383 0.063219235 0.061669087 0.059956259 0.061708059 0.064061567 0.066415074 0.068768582 0.071167308 0.070308357
-9999 0.062535371 0.061447814 0.060360258 0.059272701 0.058185144 0.057097588 0.05804459 0.062186537 0.066328483 0.070470429 0.074612376 0.078754322 0.081897128 0.085423274 0.088949419 0.092475565 0.09600171 0.099527856 0.10103301 0.097875645 0.094718281 0.091560918 0.088403554 0.085246191 0.082973082 0.082324532 0.081675982 0.081027433 0.080378883 0.079730333 0.07907562 0.078409027 0.077742434 0.07707584 0.076409247 0.075742654 0.075089378 0.074179202 0.073269026 0.07235885 0.071448674 0.070538498 0.064735964 0.063185816 0.061635668 0.06008552 0.058535372 0.056985225 0.058763492 0.061116999 0.063470507 0.065824014 0.068177522 0.068560542
-9999 0.06645961 0.065372053 0.064284497 0.06319694 0.062032337 0.059209877 0.059620467 0.063762414 0.06790436 0.072046307 0.076188253 0.074275561 0.074848904 0.081552643 0.085781769 0.089307915 0.09283406 0.096360206 0.097865358 0.094707995 0.091550631 0.088393267 0.085235904 0.081280709 0.078619642 0.079877619 0.079718389 0.079069839 0.078421289 0.077772739 0.077118026 0.076451433 0.07578484 0.075118247 0.074451653 0.0742719 0.073809999 0.072899823 0.071989647 0.071079471 0.068700209 0.050351228 0.03967891 0.03490436 0.033354212 0.031804064 0.030253916 0.028703769 0.030482036 0.032835543 0.035189051 0.037542558 0.044364321 0.048508839
-9999 0.070383849 0.069296292 0.068208736 0.066430675 0.063608215 0.060785754 0.061196345 0.065338291 0.069480238 0.07185312 0.06936518 0.066877239 0.067450582 0.074154321 0.08085806 0.086140264 0.08966641 0.093192555 0.094697708 0.091540344 0.088382981 0.085073577 0.080950317 0.076827056 0.074165989 0.075423967 0.076681944 0.077112245 0.076463695 0.075815146 0.075160433 0.074493839 0.073827246 0.073289646 0.073141083 0.07299252 0.072530619 0.071620443 0.070710268 0.063325593 0.044976611 0.026627629 0.015955312 0.010801651 0.0056479897 0.0035226081 0.0019724603 0.00042231251 0.0022005795 0.0045540871 0.0069075947 0.01533635 0.024312618 0.028457136
-9999 0.074308088 0.073220531 0.070829013 0.068006552 0.065184092 0.062361632 0.062772222 0.066914168 0.066942738 0.064454798 0.061966857 0.059478917 0.06005226 0.066755999 0.073459738 0.080163477 0.08649876 0.090024905 0.091530058 0.088372694 0.084743185 0.080619925 0.076496664 0.072373404 0.069712337 0.070970314 0.072228292 0.073486269 0.074506102 0.073857552 0.073202839 0.072536246 0.07215883 0.072010267 0.071861704 0.071713141 0.07125124 0.070341064 0.057950976 0.039601994 0.021253012 0.0029040305 -0.0077682868 -0.012921948 -0.018075609 -0.02322927 -0.026308996 -0.027859144 -0.026080876 -0.022667888 -0.01369162 -0.0047153525 0.0042609151 0.0084054333
-9999 0.078049811 0.075227351 0.07240489 0.06958243 0.066759969 0.063937509 0.064348099 0.062032357 0.059544416 0.057056476 0.054568535 0.052080595 0.052653937 0.059357676 0.066061415 0.072765154 0.079468893 0.086172632 0.088362407 0.084412793 0.080289532 0.076166272 0.072043012 0.067919751 0.065258684 0.066516661 0.067774639 0.069032617 0.070290594 0.071548572 0.071245245 0.071028013 0.07087945 0.070730888 0.070582325 0.070433762 0.069971861 0.052576359 0.034227378 0.015878396 -0.0024705862 -0.020819568 -0.031491885 -0.036645546 -0.041799207 -0.046952868 -0.052106529 -0.0561406 -0.051695858 -0.04271959 -0.033743323 -0.024767055 -0.015790788 -0.01164627
-9999 0.075176946 0.072354486 0.069532026 0.066709565 0.063887105 0.059743885 0.064377561 0.070314446 0.067826506 0.065338565 0.062850625 0.060362684 0.0545133 0.050890182 0.057593921 0.06429766 0.071001399 0.077705137 0.081134954 0.077011694 0.072888433 0.068765173 0.064641912 0.059455668 0.054058391 0.061280641 0.062538619 0.063796596 0.065054574 0.066312552 0.067090101 0.066941538 0.066792975 0.066644413 0.06649585 0.062657768 0.057026545 0.049277646 0.030928664 0.012579682 -0.0057693001 -0.024118282 -0.033773309 -0.038501451 -0.043655112 -0.048808773 -0.053962434 -0.059116095 -0.06146244 -0.052486173 -0.043509905 -0.034533638 -0.02555737 -0.017964559
