P1_models/J1_p1_vp_slide_diff_260.dat.tif
NCOLS 118
NROWS 92
XLLCORNER 139.62
YLLCORNER -39.07
DX 0.099491525
DY 0.099347826
NODATA_VALUE -9999
[rows 0 to 26 of 92, columns 0 to 59 of 118]
-9999 -9999 -9999 -9999 -9999 -9999 -9999 -9999 -9999 -9999 -9999 -9999 -9999 -9999 -9999 -9999 -9999 -9999 -9999 -9999 -9999 -9999 -9999 -9999 -9999 -9999 -9999 -9999 -9999 -9999 -9999 -9999 -9999 -9999 -9999 -9999 -9999 -9999 -9999 -9999 -9999 -9999 -9999 -9999 -9999 -9999 -9999 -9999 -9999 -9999 -9999 -9999 -9999 -9999 -9999 -9999 -9999 -9999 -9999 -9999
-9999 8.463638 8.4633945 8.463151 8.4629075 8.462664 8.4623999 8.462592 8.4623687 8.4614386 8.4605084 8.4595782 8.4586481 8.4583043 8.4591233 8.4599288 8.4607344 8.4615399 8.4623455 8.4634247 8.4651355 8.4668462 8.468557 8.4702678 8.4716868 8.4710666 8.4689742 8.4656982 8.4624222 8.4591463 8.4558703 8.4546831 8.4575225 8.4603619 8.4632013 8.4660407 8.4675235 8.4661374 8.4664007 8.4669227 8.4674447 8.4679667 8.4684887 8.4651166 8.4604729 8.4563172 8.4521614 8.4480056 8.4438498 8.4527446 8.4891615 8.5255784 8.5619953 8.5984122 8.6322839 8.6300361 8.5892456 8.5484552 8.5076647 8.4668742
-9999 8.4621627 8.4619192 8.4616757 8.4614322 8.4611521 8.460849 8.4610411 8.4618046 8.4620369 8.4611068 8.4601766 8.4592464 8.4589027 8.4597333 8.4605584 8.461364 8.4621695 8.4629751 8.4640543 8.4657651 8.4674759 8.4691866 8.4700844 8.4696951 8.4690749 8.467836 8.4662068 8.4629308 8.4596548 8.4563788 8.4551917 8.4580311 8.4608705 8.4637098 8.4640249 8.4617287 8.4603426 8.4602585 8.4603966 8.4609186 8.4614406 8.4619626 8.4585905 8.4524191 8.4474009 8.4432451 8.4390894 8.4349336 8.4426765 8.4524759 8.4856532 8.5220701 8.558487 8.5923587 8.6174139 8.6260294 8.5852389 8.5444484 8.503658
-9999 8.4606874 8.4604439 8.4602004 8.4599043 8.4596012 8.4592982 8.4594902 8.4602537 8.4610172 8.4617051 8.460775 8.4598448 8.4595011 8.4603317 8.4611622 8.4619928 8.4627991 8.4636047 8.464684 8.4663947 8.4681055 8.4684821 8.4680927 8.4677034 8.4670832 8.4658443 8.4646053 8.4633664 8.4601634 8.4568874 8.4557002 8.4585396 8.461379 8.4605263 8.45823 8.4559338 8.4545477 8.4544636 8.4543796 8.4543925 8.4549145 8.4554364 8.4520644 8.4458929 8.4397215 8.4343289 8.4301731 8.4260173 8.4337603 8.4435597 8.453359 8.4821449 8.5185618 8.5524335 8.5774887 8.6025438 8.6220226 8.5812322 8.5404417
-9999 8.4592121 8.4589595 8.4586564 8.4583534 8.4580504 8.4577473 8.4579394 8.4587029 8.4594663 8.4602298 8.4609933 8.4604432 8.4600994 8.46093 8.4617606 8.4625912 8.4634218 8.4642343 8.4653136 8.4670243 8.4668797 8.4664903 8.466101 8.4657117 8.4650915 8.4638525 8.4626136 8.4613747 8.4601358 8.4573959 8.4562088 8.4590481 8.4570276 8.4547314 8.4524352 8.4501389 8.4487528 8.4486688 8.4485847 8.4485007 8.4484166 8.4489103 8.4455383 8.4393668 8.4331954 8.4270239 8.4212568 8.4171011 8.424844 8.4346434 8.4444428 8.4542422 8.4786366 8.5125083 8.5375635 8.5626186 8.5876738 8.612729 8.5772255
-9999 8.4577117 8.4574086 8.4571056 8.4568025 8.4564995 8.4561965 8.4563885 8.457152 8.4579155 8.4586789 8.4594424 8.4602059 8.4606978 8.4615284 8.462359 8.4631896 8.4640201 8.4648507 8.4656667 8.4652773 8.464888 8.4644986 8.4641093 8.4637199 8.4630997 8.4618608 8.4606219 8.459383 8.4581441 8.4569051 8.4558252 8.453529 8.4512327 8.4489365 8.4466403 8.444344 8.4429579 8.4428739 8.4427898 8.4427058 8.4426217 8.4425377 8.4390122 8.4328407 8.4266693 8.4204978 8.4143264 8.4081848 8.4159278 8.4257271 8.4355265 8.4453259 8.4551253 8.4725831 8.4976383 8.5226934 8.5477486 8.5728038 8.5978589
-9999 8.4574129 8.4571099 8.4568068 8.4565038 8.4562007 8.4558889 8.456073 8.4568364 8.4575999 8.4583634 8.4591269 8.4598752 8.4604283 8.4607743 8.4616049 8.4624355 8.4632661 8.4640967 8.4645584 8.464169 8.4637797 8.4633903 8.463001 8.4625398 8.4622558 8.4624387 8.4611998 8.4599609 8.458722 8.4574831 8.455883 8.4535868 8.4512905 8.4489943 8.4466981 8.4446661 8.4435953 8.4435112 8.4434271 8.4433431 8.443259 8.4462003 8.440573 8.4312442 8.4250728 8.4189013 8.4127299 8.4065585 8.4140044 8.4238038 8.4336031 8.4434025 8.4527482 8.464563 8.4896182 8.5146733 8.5397285 8.5647837 8.5731528
-9999 8.4573125 8.4570094 8.4567064 8.4564034 8.4560871 8.4557691 8.4559531 8.4567166 8.4574801 8.4582435 8.4589819 8.4597118 8.4602649 8.460464 8.4606632 8.4614672 8.4622978 8.4631284 8.46359 8.4632007 8.4628114 8.462422 8.4619078 8.4613255 8.4610415 8.4615571 8.4620728 8.4609459 8.459707 8.4584681 8.456868 8.4545718 8.4522756 8.4499793 8.4480832 8.4463225 8.4452516 8.4451676 8.4450835 8.4449995 8.4490293 8.4536319 8.4480046 8.4350231 8.4242573 8.4180858 8.4119144 8.405743 8.4131889 8.4229883 8.4327876 8.4417904 8.4497828 8.4615976 8.4866527 8.5117079 8.5367631 8.5400452 8.5382936
-9999 8.4572121 8.456909 8.4566034 8.4562853 8.4559673 8.4556492 8.4558333 8.4565967 8.4573587 8.4580886 8.4588185 8.4595484 8.4601015 8.4603006 8.4604998 8.4606989 8.4613294 8.46216 8.4626217 8.4622324 8.461843 8.4612758 8.4606934 8.4601111 8.4598271 8.4603428 8.4608584 8.4613741 8.460692 8.4594531 8.457853 8.4555568 8.4532608 8.4515002 8.4497395 8.4479789 8.446908 8.4468239 8.4472555 8.4518582 8.4564609 8.4610636 8.4554363 8.4424547 8.4294732 8.4172703 8.4110989 8.4049275 8.4123734 8.4221728 8.4308326 8.438825 8.4468174 8.4586321 8.4836873 8.5086891 8.5069375 8.5051859 8.5034343
-9999 8.4571117 8.4568016 8.4564835 8.4561655 8.4558474 8.4555294 8.4557134 8.4564655 8.4571953 8.4579252 8.4586551 8.459385 8.4599381 8.4601372 8.4603364 8.4605355 8.4607347 8.4611917 8.4616534 8.4612262 8.4606438 8.4600614 8.4594791 8.4588967 8.4586127 8.4591284 8.4596441 8.4601597 8.4606754 8.4604381 8.4588381 8.4566779 8.4549172 8.4531565 8.4513959 8.4496352 8.4485643 8.4500845 8.4546872 8.4592899 8.4638925 8.4684952 8.4628679 8.4498864 8.4369048 8.4239233 8.4109417 8.404112 8.4115579 8.4198748 8.4278672 8.4358596 8.4438519 8.4556667 8.4755814 8.4738298 8.4720783 8.4703267 8.4685751
-9999 8.4571219 8.4568038 8.4564858 8.4561677 8.4558497 8.4555316 8.4557186 8.4564485 8.4571784 8.4579082 8.4586381 8.459368 8.4598401 8.4600392 8.4602384 8.4604375 8.4606367 8.4608358 8.4607986 8.4602163 8.4596339 8.4590516 8.4584692 8.4578868 8.4570868 8.4576024 8.4581181 8.4586338 8.4591494 8.4596651 8.4594033 8.4576426 8.4558819 8.4541213 8.4523606 8.4505999 8.4520047 8.4566074 8.4612101 8.4658128 8.4704154 8.4750181 8.4694003 8.4564188 8.4434372 8.4304557 8.4174741 8.4044926 8.4093943 8.4173866 8.425379 8.4333714 8.4413637 8.4463399 8.4445883 8.4428367 8.4410851 8.4393336 8.437582
-9999 8.4579243 8.4576063 8.4572882 8.4569702 8.4566521 8.4564336 8.4566612 8.457391 8.4581209 8.4588508 8.4595807 8.4601135 8.4604192 8.4603881 8.4605687 8.4607678 8.460967 8.4611661 8.461129 8.4605466 8.4599643 8.4593819 8.4587995 8.4579279 8.4565901 8.454359 8.4545501 8.4550657 8.4555814 8.4560971 8.4558352 8.4540746 8.4523139 8.4505532 8.4487926 8.4497316 8.452572 8.4571747 8.4617774 8.4663801 8.4709828 8.4711813 8.4663965 8.4570581 8.4440766 8.431095 8.4181135 8.4051319 8.4100336 8.418026 8.4260183 8.4340107 8.4390678 8.4406843 8.4389327 8.4371811 8.4354296 8.433678 8.4371188
-9999 8.4587267 8.4584087 8.4580907 8.4577914 8.4575838 8.4573761 8.4576037 8.4583336 8.4590635 8.4597834 8.4602573 8.4607313 8.461037 8.4610059 8.4609747 8.4610982 8.4612973 8.4614965 8.4614593 8.4608769 8.4602946 8.4597122 8.4587358 8.4577313 8.4563935 8.4541623 8.4519312 8.4514977 8.4520134 8.452529 8.4522672 8.4505065 8.4487459 8.4470818 8.4486904 8.450299 8.4531393 8.457742 8.4623447 8.4662289 8.4661863 8.4661438 8.4613589 8.4531648 8.4447159 8.4317344 8.4187528 8.4057713 8.4106729 8.4186653 8.4266577 8.4308233 8.4334122 8.4350287 8.4332771 8.4315256 8.4302258 8.4341515 8.4380771
-9999 8.4595292 8.4592111 8.4589416 8.458734 8.4585263 8.4583187 8.4585463 8.4592762 8.4599272 8.4604012 8.4608752 8.4613491 8.4616549 8.4616237 8.4615925 8.4615613 8.4616276 8.4618268 8.4617896 8.4612073 8.4605483 8.4595437 8.4585392 8.4575347 8.4561968 8.4539657 8.4517346 8.4495034 8.4484453 8.448961 8.4486992 8.4469385 8.4460406 8.4476492 8.4492577 8.4508663 8.4537067 8.4583093 8.4612339 8.4611913 8.4611488 8.4611062 8.4563213 8.4481273 8.4399332 8.4317391 8.4193922 8.4064106 8.4113123 8.4193047 8.4225788 8.4251677 8.4277566 8.4293731 8.4276216 8.4272585 8.4311841 8.4351098 8.4390354
-9999 8.4603316 8.4600918 8.4598842 8.4596765 8.4594689 8.4592613 8.4594889 8.4600711 8.460545 8.461019 8.461493 8.461967 8.4622727 8.4622415 8.4622103 8.4621792 8.462148 8.4621571 8.46212 8.4613562 8.4603516 8.4593471 8.4583426 8.457338 8.4560002 8.4537691 8.4515379 8.4493068 8.4470757 8.445393 8.4451311 8.4449994 8.4466079 8.4482165 8.449825 8.4514336 8.454274 8.4562388 8.4561963 8.4561538 8.4561112 8.4560687 8.4512838 8.4430897 8.4348956 8.4267015 8.4185074 8.40705 8.4117454 8.4143343 8.4169232 8.4195121 8.422101 8.4237176 8.4242911 8.4282168 8.4321424 8.4360681 8.4399937
-9999 8.4612136 8.461006 8.4607983 8.4605907 8.4603831 8.4601755 8.4604784 8.4609524 8.4614264 8.4619003 8.4623743 8.4628483 8.4629189 8.462852 8.4628209 8.4627897 8.4627585 8.4627273 8.4624018 8.4613973 8.4603928 8.4593882 8.4583837 8.4573792 8.4546259 8.4517869 8.4495557 8.4473246 8.4450935 8.4428623 8.4419427 8.4435513 8.4451598 8.4467684 8.4483769 8.4499855 8.4522966 8.4522541 8.4522115 8.452169 8.4521265 8.4520839 8.4472578 8.4390637 8.4308697 8.4226756 8.4144815 8.4062874 8.4040857 8.4066746 8.4092635 8.4118525 8.4144414 8.4205506 8.4264022 8.4303279 8.4342535 8.4381792 8.4421048
-9999 8.4620619 8.4618542 8.4616466 8.461439 8.4612808 8.4614025 8.461766 8.4624086 8.46292 8.4633939 8.4638679 8.4643419 8.4644125 8.4636752 8.4634144 8.4633832 8.4633521 8.4633209 8.4629954 8.4619908 8.4609863 8.4599818 8.4589772 8.4583396 8.4557223 8.4477252 8.4434245 8.4411934 8.4389622 8.4367311 8.4358115 8.43742 8.4390286 8.4406371 8.4424811 8.4496853 8.4530997 8.4510922 8.4506731 8.4506306 8.4505881 8.4505455 8.4456948 8.4373884 8.4291943 8.4210002 8.4128061 8.404612 8.3979861 8.3943582 8.3969472 8.3995361 8.402125 8.4082343 8.4265377 8.4351177 8.4390434 8.442969 8.4468947
-9999 8.4629101 8.4627025 8.4624949 8.4624342 8.4625558 8.4626775 8.463041 8.4636836 8.4643262 8.4648875 8.4653615 8.4658355 8.4659061 8.4651688 8.4644316 8.4639768 8.4639456 8.4639144 8.4635889 8.4625844 8.4615799 8.4606561 8.4600461 8.459436 8.4568187 8.4488217 8.4408246 8.4350621 8.432831 8.4305998 8.4296802 8.4312888 8.4328973 8.4361598 8.443364 8.4505682 8.4539826 8.4519751 8.4499676 8.4490922 8.4490496 8.4490071 8.4441564 8.4358492 8.427542 8.4193248 8.4111307 8.4029366 8.3963108 8.3899559 8.3846308 8.3872197 8.3898086 8.3959179 8.4142213 8.4325247 8.4438332 8.4477588 8.4516845
-9999 8.4637584 8.4635508 8.4635875 8.4637092 8.4638309 8.4639525 8.464316 8.4649587 8.4656013 8.4662439 8.4668551 8.4673291 8.4673997 8.4666624 8.4659252 8.465188 8.4645392 8.464508 8.4641825 8.4631779 8.4623626 8.4617525 8.4611425 8.4605324 8.4579152 8.4499181 8.441921 8.4339239 8.4266997 8.4244686 8.423549 8.4251575 8.4298385 8.4370427 8.4442469 8.4514511 8.4548655 8.452858 8.4508505 8.448843 8.4475112 8.4474687 8.442618 8.4343108 8.4260036 8.4176964 8.4094553 8.4012612 8.3946354 8.3882805 8.3819257 8.3755708 8.3774922 8.3836015 8.4019049 8.4202083 8.4385118 8.4525487 8.4564743
-9999 8.4646192 8.4647409 8.4648626 8.4649842 8.4651059 8.4652276 8.4655911 8.4662337 8.4668763 8.4675189 8.4681616 8.4688042 8.4688933 8.468156 8.4674188 8.4666816 8.4659443 8.4652071 8.464776 8.464069 8.463459 8.4628489 8.4622389 8.4616288 8.4590116 8.4510145 8.4430174 8.4350203 8.4270232 8.4190261 8.4174177 8.4235173 8.4307215 8.4379257 8.4451299 8.4523341 8.4557484 8.4537409 8.4517334 8.449726 8.4477185 8.4459303 8.4410796 8.4327724 8.4244652 8.416158 8.4078508 8.3995859 8.39296 8.3866051 8.3802503 8.3738955 8.3675406 8.3712851 8.3895885 8.407892 8.4261954 8.4444988 8.4612642
-9999 8.4631092 8.4632309 8.4633526 8.4634742 8.4635959 8.4643911 8.4665324 8.467175 8.4678176 8.4684602 8.4691028 8.4696503 8.4692999 8.4689768 8.4682396 8.4675023 8.4667651 8.4660279 8.4653291 8.464719 8.464109 8.463499 8.4628889 8.4622789 8.4608657 8.4560942 8.4480971 8.4401 8.4321029 8.4241058 8.421301 8.4285052 8.4357094 8.4429136 8.4501178 8.456756 8.4575252 8.4555177 8.4535102 8.4515027 8.4494952 8.4462259 8.4396211 8.4314864 8.4231792 8.414872 8.4065648 8.3982576 8.3916151 8.3852603 8.3789054 8.3725506 8.3661957 8.3789641 8.3972675 8.4155709 8.4338744 8.4521778 8.4620682
-9999 8.4594985 8.4596201 8.4597418 8.4598635 8.4616408 8.4650806 8.4672219 8.4678645 8.4685071 8.4691497 8.4693049 8.4686221 8.4682717 8.4685868 8.4685528 8.4678156 8.4670784 8.4663411 8.4656424 8.4650323 8.4644223 8.4638122 8.4629108 8.4612339 8.459819 8.4591063 8.4561815 8.4481844 8.4401873 8.4321902 8.4293854 8.4365896 8.4437938 8.450998 8.4564969 8.4592069 8.4599761 8.4579686 8.4559611 8.4539536 8.4496531 8.4432057 8.4366009 8.429883 8.4220836 8.4137765 8.4054693 8.3971621 8.3905195 8.3841647 8.3778098 8.3732995 8.3869968 8.401726 8.4200294 8.4383328 8.4566362 8.4606913 8.4482449
-9999 8.4558877 8.4560094 8.456131 8.4588905 8.4623303 8.4657701 8.4679114 8.468554 8.4691966 8.4689595 8.4682767 8.467594 8.4672436 8.4675586 8.4678737 8.4681289 8.4673916 8.4666544 8.4659556 8.4653456 8.4647355 8.463541 8.461864 8.4601871 8.4587722 8.4580596 8.4573469 8.4562688 8.4482717 8.4402746 8.4374697 8.4446739 8.4518781 8.4562378 8.4589478 8.4616579 8.462427 8.4604195 8.458412 8.4530804 8.446633 8.4401856 8.4335808 8.4268628 8.4201449 8.4126809 8.4043737 8.3960665 8.389424 8.3830691 8.382364 8.3960613 8.4097586 8.4244878 8.4427912 8.4610946 8.4593144 8.446868 8.4344216
-9999 8.4522769 8.4527004 8.4561402 8.45958 8.4630198 8.4664596 8.4686009 8.4692435 8.4686141 8.4679313 8.4672486 8.4665659 8.4662154 8.4665305 8.4668455 8.4671606 8.4674757 8.4669677 8.4662689 8.4656588 8.4641712 8.4624942 8.4608173 8.4591404 8.4577255 8.4570128 8.4563002 8.4555876 8.4548749 8.4483589 8.4455541 8.4527583 8.4559786 8.4586887 8.4613987 8.4641088 8.464878 8.4628705 8.4565076 8.4500602 8.4436128 8.4371654 8.4305606 8.4238427 8.4171247 8.4104068 8.4032781 8.3949709 8.3883284 8.3914285 8.4051258 8.4188232 8.4325205 8.4472497 8.4655531 8.4579375 8.4454911 8.4330447 8.4205983
-9999 8.4499502 8.45339 8.4568298 8.4602696 8.4637093 8.4671491 8.4689514 8.4682687 8.4675859 8.4669032 8.4662205 8.4655377 8.4651873 8.4655023 8.4658174 8.4661325 8.4664475 8.4667626 8.4664783 8.4648013 8.4631244 8.4614475 8.4597706 8.4580936 8.4566787 8.4559661 8.4552535 8.4545408 8.4538282 8.4531156 8.4530095 8.4557195 8.4584296 8.4611396 8.4638497 8.4665597 8.4663822 8.4599348 8.4534874 8.44704 8.4405926 8.4341452 8.4275404 8.4208225 8.4141045 8.4073866 8.4006686 8.3938753 8.4004931 8.4141904 8.4278877 8.441585 8.4552823 8.469007 8.4565606 8.4441142 8.4316678 8.4192214 8.406775
-9999 8.4513471 8.4547869 8.4582267 8.4616665 8.4651063 8.4679466 8.4693011 8.4691697 8.468487 8.4678043 8.4671215 8.4664388 8.4643416 8.4607928 8.4611079 8.4614229 8.461738 8.462053 8.4617657 8.4600888 8.4584119 8.456735 8.455058 8.4537807 8.4541112 8.4559634 8.4552508 8.4545382 8.4538255 8.4531129 8.4535693 8.4562794 8.4589894 8.4616995 8.4644095 8.4628016 8.4628423 8.4663588 8.4599114 8.453464 8.4470166 8.4405692 8.4273238 8.4156466 8.4089286 8.4022107 8.3954927 8.3887748 8.3925381 8.4050513 8.4187486 8.432446 8.4461433 8.4567956 8.454069 8.4416226 8.4291762 8.4167298 8.4042834
-9999 8.4528796 8.4563194 8.4597592 8.463199 8.4657177 8.4680711 8.4694256 8.4696274 8.4697578 8.4690751 8.4683923 8.4677096 8.4656124 8.4606826 8.4557527 8.4560078 8.4563229 8.4566379 8.4563507 8.4546737 8.4529968 8.4513199 8.450364 8.4498573 8.4501878 8.4527627 8.4553375 8.4547356 8.4540229 8.4533103 8.4537668 8.4564768 8.4591869 8.4618969 8.4579264 8.4513168 8.4513575 8.4609122 8.4681454 8.461698 8.4552506 8.4488033 8.4355578 8.4174254 8.4033396 8.3966216 8.3899037 8.3831857 8.386949 8.3925237 8.4034956 8.4171929 8.4308902 8.4415426 8.4416476 8.4413028 8.4288564 8.41641 8.4039636
