P1_models/J1_p1_tot_conduct_slide_257.29.dat.tif
NCOLS 118
NROWS 92
XLLCORNER 139.62
YLLCORNER -39.07
DX 0.099491525
DY 0.099347826
NODATA_VALUE -9999
[rows 0 to 25 of 92, columns 0 to 57 of 118]
-2.6991242 -2.7388528 -2.7637257 -2.7720217 -2.7720217 -2.7602209 -2.735348 -2.7044269 -2.6665254 -2.618635 -2.568626 -2.5103421 -2.4450444 -2.3754046 -2.3050306 -2.2369924 -2.172323 -2.1067202 -2.0610157 -2.0207572 -1.9953668 -1.9734007 -1.9628832 -1.9613493 -1.9812476 -2.0065527 -2.0463493 -2.0867259 -2.1364716 -2.1881911 -2.2503219 -2.3103863 -2.3651067 -2.4190462 -2.4714102 -2.5205728 -2.565344 -2.6067759 -2.6434307 -2.6748312 -2.7010132 -2.7175855 -2.7275346 -2.7316957 -2.7316957 -2.7301982 -2.7249618 -2.7077495 -2.6868039 -2.6565075 -2.6198528 -2.5901573 -2.5579465 -2.4916058 -2.4217711 -2.3413835 -2.2543094 -2.1357518
-2.6907669 -2.7304955 -2.7553683 -2.7656861 -2.7638622 -2.7495714 -2.7263472 -2.7002907 -2.6645036 -2.6224153 -2.5747633 -2.5264286 -2.4637512 -2.4040605 -2.3363069 -2.2798238 -2.2232781 -2.164829 -2.1217448 -2.0899313 -2.0666437 -2.0531734 -2.0439661 -2.0460042 -2.0665935 -2.0941697 -2.1310042 -2.1734025 -2.2237375 -2.2804974 -2.3424681 -2.3990847 -2.4528175 -2.5034307 -2.5557947 -2.6049573 -2.6483426 -2.6868466 -2.7217968 -2.750588 -2.7789474 -2.7976561 -2.8076053 -2.8117663 -2.8117663 -2.8082471 -2.7999413 -2.7814846 -2.760539 -2.7261991 -2.6895443 -2.6578271 -2.6250654 -2.5531609 -2.4700558 -2.3841035 -2.2780286 -2.1540031
-2.6864745 -2.7237631 -2.748636 -2.7561814 -2.7514437 -2.7405593 -2.720661 -2.6951276 -2.6619638 -2.6259322 -2.5861356 -2.5412161 -2.4864958 -2.4332572 -2.3735623 -2.3186486 -2.2689028 -2.2248685 -2.1900464 -2.1622876 -2.1473638 -2.1353469 -2.1303723 -2.1348592 -2.1597321 -2.1878314 -2.2226535 -2.2616327 -2.316353 -2.3707509 -2.4283512 -2.4832687 -2.5330145 -2.5836278 -2.6359917 -2.6788721 -2.7186687 -2.7539722 -2.7853905 -2.817332 -2.8487504 -2.866936 -2.8768852 -2.8810462 -2.8810462 -2.8656383 -2.8551655 -2.8372318 -2.8162863 -2.7835157 -2.7468609 -2.7177592 -2.6851811 -2.60329 -2.5177119 -2.4182203 -2.3108695 -2.1747232
-2.6802652 -2.7151151 -2.7362175 -2.7437629 -2.7432677 -2.7361872 -2.720661 -2.6968039 -2.668173 -2.6309061 -2.5861356 -2.5412161 -2.4967394 -2.455286 -2.4105148 -2.3591525 -2.3243305 -2.2828156 -2.2579427 -2.2325515 -2.2275769 -2.216067 -2.217413 -2.2279978 -2.2528706 -2.2817986 -2.3215952 -2.359425 -2.4041962 -2.4560948 -2.5032224 -2.5577796 -2.6075253 -2.6581386 -2.6882798 -2.7129788 -2.7435056 -2.7755467 -2.797809 -2.8318545 -2.8673781 -2.8831419 -2.8893037 -2.8934647 -2.8934647 -2.8301194 -2.7682361 -2.7537714 -2.7355661 -2.7146206 -2.6847685 -2.6777391 -2.6541349 -2.5878072 -2.5065933 -2.4175746 -2.3187288 -2.2181879
-2.6778897 -2.7059643 -2.7258626 -2.7341168 -2.7336652 -2.7240948 -2.709171 -2.6901785 -2.6624946 -2.633566 -2.5923441 -2.5492806 -2.5094839 -2.4788841 -2.4379673 -2.3996198 -2.367469 -2.3404224 -2.319709 -2.3023573 -2.2988201 -2.2967523 -2.3017269 -2.3152532 -2.3401261 -2.3663507 -2.4029675 -2.4427641 -2.4858946 -2.5299421 -2.5754439 -2.6183683 -2.6643867 -2.7045897 -2.7255353 -2.7422536 -2.7712569 -2.797442 -2.8183876 -2.8445874 -2.8809278 -2.9017696 -2.9067442 -2.9088247 -2.9088247 -2.8395963 -2.7453412 -2.7168488 -2.7011396 -2.6809657 -2.6600201 -2.6568287 -2.6497465 -2.5861768 -2.5147659 -2.4257471 -2.3317908 -2.2310036
-2.6727482 -2.6997348 -2.7146585 -2.7197752 -2.7150375 -2.705467 -2.6905433 -2.6715508 -2.6478623 -2.6211475 -2.5913001 -2.5572067 -2.5273592 -2.4975118 -2.4676643 -2.4368752 -2.4120023 -2.3900964 -2.3801472 -2.370659 -2.370659 -2.3718674 -2.3818165 -2.3959733 -2.4208462 -2.4470708 -2.4769182 -2.5110657 -2.5508624 -2.5920345 -2.6339256 -2.6742514 -2.7090734 -2.7400734 -2.7505462 -2.7670905 -2.7919634 -2.8160698 -2.8370153 -2.8632152 -2.8946335 -2.9141915 -2.9241406 -2.9274524 -2.9274524 -2.8570689 -2.7523409 -2.7251588 -2.7197673 -2.6995934 -2.6786478 -2.6774524 -2.6745835 -2.6137831 -2.5458121 -2.4567933 -2.362837 -2.2581091
-2.651308 -2.6774454 -2.6890726 -2.6904273 -2.6856896 -2.6761192 -2.6638903 -2.6497624 -2.6292346 -2.603369 -2.5756146 -2.5490341 -2.5232712 -2.5000593 -2.4761861 -2.4612624 -2.4438977 -2.4236901 -2.4175204 -2.4175204 -2.4193592 -2.4257872 -2.4375244 -2.4552532 -2.4801261 -2.504999 -2.5308381 -2.5632872 -2.5998129 -2.6326866 -2.6707533 -2.7033343 -2.7361225 -2.7595503 -2.7653601 -2.7758473 -2.7982881 -2.8186173 -2.8368121 -2.8604027 -2.8950446 -2.9158898 -2.9225594 -2.9276863 -2.93 -2.8596164 -2.7548885 -2.726008 -2.7207716 -2.7021409 -2.6811954 -2.6802976 -2.6833403 -2.6225399 -2.555418 -2.4681688 -2.3778031 -2.2753175
-2.6306523 -2.6449387 -2.6548878 -2.6562425 -2.6515049 -2.6427253 -2.6327762 -2.6202175 -2.6012668 -2.5817919 -2.556919 -2.5337537 -2.5138554 -2.5034604 -2.4885366 -2.4783208 -2.4633971 -2.4562488 -2.4562772 -2.4592856 -2.4643253 -2.4722066 -2.4871304 -2.5050259 -2.5297321 -2.5532532 -2.5779085 -2.6027814 -2.6323604 -2.659971 -2.6908824 -2.7201949 -2.7500424 -2.77 -2.77 -2.773682 -2.7935803 -2.8117551 -2.8274643 -2.8599591 -2.8966139 -2.9160835 -2.9210581 -2.926185 -2.9314214 -2.8470621 -2.7423341 -2.7118844 -2.706648 -2.6895866 -2.668641 -2.6833683 -2.6864109 -2.6256106 -2.5596618 -2.4758794 -2.3887288 -2.2892373
-2.5996061 -2.6111073 -2.6114232 -2.6127779 -2.6080402 -2.5984698 -2.583546 -2.5711737 -2.5569606 -2.5385164 -2.5186181 -2.4964983 -2.4855215 -2.4788859 -2.4788859 -2.4722215 -2.4722215 -2.4686672 -2.4786164 -2.4841226 -2.4940718 -2.5032528 -2.5223831 -2.5422814 -2.5621797 -2.5842994 -2.6041977 -2.6276184 -2.6524912 -2.6785988 -2.6995443 -2.7262743 -2.7511472 -2.77 -2.7605 -2.7607353 -2.775659 -2.7931274 -2.8088366 -2.8455627 -2.9028231 -2.9236684 -2.9334766 -2.9386035 -2.9438398 -2.8399817 -2.6926602 -2.6597878 -2.6507648 -2.6365989 -2.6189671 -2.6572722 -2.6802017 -2.6194013 -2.5534525 -2.4696702 -2.3825961 -2.288341
-2.5583035 -2.5600473 -2.5574638 -2.5546914 -2.5464263 -2.531876 -2.5169523 -2.5023585 -2.4881454 -2.4754396 -2.4605316 -2.4440485 -2.435971 -2.4392846 -2.4444783 -2.4492961 -2.4572391 -2.4634595 -2.4788057 -2.4917633 -2.5072113 -2.5200672 -2.5406471 -2.5641174 -2.5840157 -2.6025623 -2.6195587 -2.639457 -2.6613771 -2.6839474 -2.7019551 -2.7191447 -2.7363542 -2.7495154 -2.7390426 -2.7371804 -2.749948 -2.7630405 -2.7766504 -2.8133766 -2.8709769 -2.8974232 -2.9060636 -2.913271 -2.9185074 -2.8252068 -2.6703182 -2.6250016 -2.6145288 -2.5995912 -2.583882 -2.6139787 -2.6524585 -2.5916581 -2.5268824 -2.4461806 -2.3607524 -2.269105
-2.509041 -2.5033901 -2.493441 -2.4809967 -2.4667836 -2.4489453 -2.4340216 -2.4202498 -2.4060367 -2.3941529 -2.3842037 -2.3776698 -2.3776698 -2.3859155 -2.3958646 -2.4090637 -2.4239874 -2.4429323 -2.4628306 -2.4843729 -2.5042712 -2.5256229 -2.5504958 -2.5747882 -2.5946865 -2.6132331 -2.6281568 -2.6435594 -2.6634577 -2.6814813 -2.6971905 -2.7101103 -2.7200594 -2.7232418 -2.712769 -2.7092629 -2.719212 -2.7293766 -2.7398494 -2.7715002 -2.8291006 -2.8555468 -2.8605214 -2.8648263 -2.8700627 -2.7800501 -2.6386674 -2.597084 -2.5866112 -2.5708516 -2.5551424 -2.5814052 -2.6097601 -2.5489597 -2.485828 -2.4072821 -2.3262664 -2.2372477
-2.4407394 -2.4308088 -2.4127209 -2.4002766 -2.3769808 -2.3527304 -2.3284645 -2.31607 -2.3065947 -2.2957415 -2.2907669 -2.2845313 -2.2956716 -2.3139089 -2.3387818 -2.3547484 -2.3796213 -2.4016668 -2.4364889 -2.4609004 -2.4907479 -2.5132044 -2.5415365 -2.5685789 -2.5884772 -2.6070238 -2.6219476 -2.6368713 -2.651795 -2.6685691 -2.6790419 -2.6906054 -2.69558 -2.6984049 -2.6839294 -2.6769412 -2.6819566 -2.6921212 -2.7025939 -2.7288294 -2.7732174 -2.7996637 -2.8046382 -2.8067188 -2.8079703 -2.7287464 -2.601412 -2.5598286 -2.5493558 -2.5299534 -2.5116778 -2.5255939 -2.5476677 -2.4868673 -2.4244377 -2.3563646 -2.2774164 -2.193634
-2.3717074 -2.3560262 -2.3314202 -2.3010497 -2.2758601 -2.2466299 -2.2211817 -2.2007915 -2.1913161 -2.1834317 -2.1784572 -2.1867941 -2.2017178 -2.2264361 -2.251309 -2.2906925 -2.3237381 -2.3517212 -2.3865432 -2.426342 -2.4561895 -2.4957584 -2.5256058 -2.5558887 -2.575787 -2.6008146 -2.6157383 -2.6306621 -2.6455858 -2.6496696 -2.6601424 -2.6654967 -2.6704713 -2.6653519 -2.6504905 -2.6556165 -2.6602785 -2.6645872 -2.6737976 -2.6948145 -2.7256656 -2.7243376 -2.7281522 -2.7251058 -2.7249117 -2.6439706 -2.5474862 -2.5258136 -2.512872 -2.492698 -2.4688108 -2.4821292 -2.4661324 -2.405332 -2.3493834 -2.2813102 -2.21154 -2.1282486
-2.2964537 -2.2656597 -2.2258631 -2.1910484 -2.1578845 -2.1268444 -2.096997 -2.0766067 -2.0671313 -2.0616634 -2.0666379 -2.0773425 -2.1022154 -2.1293013 -2.1641233 -2.2037631 -2.2535089 -2.2978477 -2.3426189 -2.3857392 -2.4305104 -2.4718245 -2.5066466 -2.5389655 -2.568813 -2.5946054 -2.6095291 -2.6222011 -2.6222011 -2.6240671 -2.6293035 -2.6333016 -2.6333016 -2.6328356 -2.638072 -2.6416508 -2.6416508 -2.6427514 -2.6427514 -2.6429998 -2.632527 -2.6288043 -2.6288043 -2.625758 -2.6205216 -2.5740404 -2.51644 -2.4913257 -2.4756165 -2.4515281 -2.4253461 -2.399179 -2.3667846 -2.3163055 -2.2630768 -2.2002401 -2.1352022 -2.0723655
-2.2179346 -2.1708911 -2.120306 -2.0843908 -2.0417198 -2.0002995 -1.9671532 -1.9445636 -1.9316286 -1.9307781 -1.9435537 -1.9553588 -1.984914 -2.0263632 -2.0771939 -2.1216516 -2.1835564 -2.2395225 -2.3048131 -2.354097 -2.4113324 -2.4531968 -2.4921927 -2.5341588 -2.5682627 -2.5954068 -2.6146378 -2.625659 -2.625659 -2.625659 -2.6265522 -2.6283008 -2.624341 -2.6260761 -2.6260516 -2.6209256 -2.6173641 -2.6130555 -2.6060462 -2.5981648 -2.5846602 -2.5744974 -2.5690693 -2.5629765 -2.5551275 -2.5182185 -2.462758 -2.4331014 -2.4157252 -2.3866217 -2.3592456 -2.328126 -2.2960988 -2.2463531 -2.1948477 -2.1364969 -2.0785977 -2.0278003
-2.141346 -2.0825736 -2.0228787 -1.970392 -1.9230151 -1.8736237 -1.8388017 -1.8155396 -1.8013265 -1.7991716 -1.8143296 -1.8360838 -1.8709059 -1.9249604 -1.9810246 -2.0453806 -2.1115973 -2.1824872 -2.2534442 -2.3245925 -2.385753 -2.4410878 -2.4858589 -2.5352058 -2.5706181 -2.6027367 -2.6232761 -2.6366702 -2.6359783 -2.6359783 -2.6359783 -2.63258 -2.6273118 -2.6222504 -2.6170141 -2.6059098 -2.6009352 -2.5897131 -2.5792403 -2.5621549 -2.5464457 -2.5321536 -2.5222045 -2.5079652 -2.4974924 -2.4588662 -2.4065022 -2.3760973 -2.3551517 -2.3252766 -2.2938583 -2.2604471 -2.2286035 -2.1806669 -2.1315077 -2.0755467 -2.0228839 -1.9761032
-2.0573758 -1.9935648 -1.9189461 -1.8616443 -1.804792 -1.7536715 -1.7089003 -1.6832825 -1.6738071 -1.673331 -1.6932293 -1.7178371 -1.7675829 -1.8256126 -1.9002312 -1.9725255 -2.0570933 -2.1361248 -2.2206926 -2.2980998 -2.3727184 -2.4346726 -2.4943675 -2.5484522 -2.5882488 -2.6226063 -2.6474792 -2.6631629 -2.6581883 -2.6558478 -2.6558478 -2.6524495 -2.6425004 -2.6351458 -2.624673 -2.6123236 -2.5973998 -2.5827668 -2.5618212 -2.5410166 -2.5148346 -2.4980855 -2.4831618 -2.4661188 -2.4451732 -2.4058807 -2.3535167 -2.3211126 -2.2955431 -2.2656679 -2.2342496 -2.1978936 -2.1623717 -2.1181532 -2.071899 -2.0247714 -1.9765216 -1.9346304
-2.0007141 -1.9313669 -1.8482039 -1.777791 -1.7136734 -1.6550832 -1.610312 -1.581926 -1.5724506 -1.5733586 -1.5965464 -1.6332244 -1.6877518 -1.7557348 -1.8365257 -1.9342545 -2.0320453 -2.1166131 -2.2055049 -2.2974752 -2.3776559 -2.4619991 -2.5230337 -2.5806904 -2.6217759 -2.6611403 -2.6860131 -2.7030809 -2.6838611 -2.6354416 -2.6354416 -2.6320433 -2.6220941 -2.6119715 -2.6146806 -2.623531 -2.6046398 -2.5813827 -2.5581347 -2.5319527 -2.4974451 -2.4715185 -2.4509324 -2.425298 -2.4024871 -2.3604264 -2.3043952 -2.2707467 -2.2445647 -2.2139179 -2.1778867 -2.1412319 -2.1043259 -2.0607301 -2.020149 -1.9756637 -1.9373631 -1.9062355
-1.9539444 -1.86884 -1.7792976 -1.7005676 -1.6295022 -1.5686702 -1.523899 -1.4977548 -1.4882794 -1.4949462 -1.5247937 -1.5665945 -1.631264 -1.7125997 -1.8071167 -1.9093292 -2.0137953 -2.1200691 -2.2195606 -2.3197897 -2.4143067 -2.5001033 -2.5647728 -2.624953 -2.6697242 -2.7079677 -2.7328406 -2.7298145 -2.665145 -2.6156046 -2.6156046 -2.6122063 -2.6022572 -2.6042799 -2.6304619 -2.6339964 -2.6091235 -2.5814702 -2.5552882 -2.520104 -2.4782128 -2.4441545 -2.4192816 -2.3914053 -2.3652233 -2.3168053 -2.259205 -2.2244355 -2.1982535 -2.164263 -2.1276082 -2.0920743 -2.0553519 -2.0166608 -1.9806677 -1.9440129 -1.9178292 -1.9073564
-1.9166889 -1.8297436 -1.7358329 -1.6570003 -1.5811973 -1.517757 -1.4680158 -1.4440285 -1.4440285 -1.4527567 -1.4925533 -1.5355483 -1.6122549 -1.7017888 -1.8112295 -1.9174785 -2.0418429 -2.1524178 -2.266833 -2.3702303 -2.4746964 -2.5621957 -2.6268652 -2.6873271 -2.7370728 -2.7760386 -2.7959369 -2.7911872 -2.7066194 -2.6526652 -2.6474288 -2.6432525 -2.6333034 -2.6353261 -2.6615081 -2.6640661 -2.6342186 -2.6042404 -2.5677067 -2.5310163 -2.484422 -2.4467158 -2.4130724 -2.3813451 -2.3465956 -2.2957794 -2.234368 -2.1967275 -2.1672073 -2.1365606 -2.1027712 -2.071054 -2.0367242 -1.9980331 -1.9621442 -1.9359622 -1.9126698 -1.9126698
-1.9083374 -1.8137246 -1.7177318 -1.6321022 -1.5552497 -1.4893195 -1.441322 -1.4221994 -1.4235394 -1.4376072 -1.4782212 -1.5414796 -1.6217377 -1.721225 -1.8311779 -1.9587542 -2.0869855 -2.2082398 -2.3228622 -2.44468 -2.5491279 -2.6384457 -2.7031152 -2.7600377 -2.8097834 -2.8429885 -2.8606991 -2.8532796 -2.7687118 -2.6899206 -2.6845926 -2.6742987 -2.6643496 -2.6663723 -2.6925543 -2.6951123 -2.6646534 -2.6290773 -2.5914924 -2.5469741 -2.4970407 -2.452925 -2.4166441 -2.3756289 -2.3384811 -2.2842304 -2.2190987 -2.1789694 -2.147551 -2.1161326 -2.0847142 -2.0532959 -2.0251753 -1.9864841 -1.9576741 -1.9314921 -1.9170788 -1.9179221
-1.9100029 -1.8110141 -1.7115225 -1.623372 -1.5428312 -1.4811186 -1.441322 -1.4221994 -1.426937 -1.4483378 -1.5030581 -1.5706854 -1.6652024 -1.7689059 -1.8932703 -2.0208466 -2.1551601 -2.2866618 -2.4160008 -2.5365657 -2.6360572 -2.724173 -2.7838679 -2.8384554 -2.878252 -2.9112901 -2.9262139 -2.9111741 -2.8067079 -2.7261116 -2.7156388 -2.7053449 -2.6953957 -2.6974185 -2.7236005 -2.7243124 -2.6894903 -2.6520113 -2.6101201 -2.5608503 -2.50325 -2.4564407 -2.4166441 -2.3756289 -2.3337377 -2.2747534 -2.2066802 -2.1665509 -2.1351325 -2.1037141 -2.0722958 -2.0455636 -2.018966 -1.991194 -1.964805 -1.9438595 -1.9322863 -1.9427591
-1.9420296 -1.8395762 -1.7366915 -1.6482895 -1.5716139 -1.5152542 -1.4794525 -1.4669279 -1.4841327 -1.5118143 -1.5803244 -1.6487058 -1.7523346 -1.8717159 -2.0101752 -2.1393574 -2.2784201 -2.4096235 -2.5341625 -2.6514676 -2.7412574 -2.8291218 -2.8582033 -2.8673855 -2.887372 -2.9190585 -2.9290076 -2.94 -2.94 -2.8595092 -2.8439971 -2.8303048 -2.8110438 -2.8130666 -2.8026568 -2.7677058 -2.7286262 -2.6865872 -2.6362945 -2.5707593 -2.4907912 -2.4407856 -2.3975789 -2.3565637 -2.3146725 -2.2692622 -2.2125326 -2.1724032 -2.1409849 -2.1095665 -2.0781481 -2.0763551 -2.0575796 -2.0409977 -2.0173214 -2.0015578 -1.9822581 -1.9691848
-1.9873002 -1.885722 -1.7812559 -1.6935628 -1.6183642 -1.5717046 -1.5377465 -1.5322858 -1.5524221 -1.594568 -1.667313 -1.7506181 -1.8600587 -1.9866811 -2.1271046 -2.2647868 -2.4028887 -2.5328464 -2.6534997 -2.7598132 -2.8429162 -2.9077509 -2.9127255 -2.9023499 -2.9194691 -2.9353123 -2.943821 -2.9498676 -2.9483764 -2.9457448 -2.9315119 -2.9126727 -2.8916814 -2.867966 -2.8365476 -2.7974018 -2.7562158 -2.7090945 -2.6560928 -2.5827119 -2.4935281 -2.4279115 -2.3831403 -2.3400447 -2.2981535 -2.249951 -2.2028235 -2.1704639 -2.1390456 -2.1132114 -2.081793 -2.0855842 -2.085217 -2.0712436 -2.0583764 -2.0475243 -2.0318152 -2.016106
-2.0422651 -1.9417749 -1.8422834 -1.7592027 -1.6928751 -1.6462155 -1.6213426 -1.6192151 -1.6476413 -1.6939158 -1.7784836 -1.8700116 -1.9894014 -2.1170751 -2.2613379 -2.4013901 -2.5357036 -2.6632404 -2.7726811 -2.8715795 -2.936249 -2.9857426 -2.9608697 -2.9458146 -2.9557637 -2.9663585 -2.9713331 -2.9747046 -2.96973 -2.9643725 -2.9538997 -2.9375097 -2.9126368 -2.8865937 -2.8551754 -2.8160295 -2.7662837 -2.7153038 -2.6577034 -2.5827119 -2.4884567 -2.4215495 -2.3718037 -2.3276262 -2.285735 -2.2368055 -2.1844415 -2.1530361 -2.1266271 -2.1041382 -2.081793 -2.0898751 -2.0976355 -2.0865809 -2.0770041 -2.0770041 -2.0690706 -2.0533614
-2.1075708 -2.014003 -1.919009 -1.8389242 -1.7780379 -1.7434386 -1.727117 -1.7335849 -1.7710448 -1.8228336 -1.9143056 -2.0108268 -2.1321094 -2.2614442 -2.4021531 -2.5367802 -2.6566751 -2.7738827 -2.8613903 -2.9497717 -2.9959094 -3.0344178 -3.0029907 -2.9722449 -2.978386 -2.9856318 -2.9867475 -2.9904212 -2.9893564 -2.9816844 -2.9673168 -2.9502263 -2.921842 -2.8948002 -2.8611998 -2.816928 -2.7640691 -2.7067832 -2.6430703 -2.5670801 -2.4728249 -2.4019741 -2.3499627 -2.3047865 -2.2628953 -2.217485 -2.1668125 -2.1384003 -2.113437 -2.0961845 -2.0759848 -2.0945396 -2.105027 -2.0989994 -2.0927673 -2.1008424 -2.0991965 -2.0906168
