P1_models/J1_p1_vp_slide_diff2_180.dat.tif
NCOLS 118
NROWS 92
XLLCORNER 139.62
YLLCORNER -39.07
DX 0.099491525
DY 0.099347826
NODATA_VALUE -9999
[rows 48 to 71 of 92, columns 55 to 109 of 118]
0.025019058 0.028697402 0.032375746 0.036054089 0.039397038 0.040154542 0.046569969 0.052985395 0.059400822 0.065816249 0.072231676 0.067387661 0.062156759 0.056925856 0.051694954 0.046464051 0.048321531 0.049834171 0.051346811 0.05285945 0.05437209 0.053543207 0.045867367 0.038235616 0.030603866 0.022972115 0.015340364 0.0086113781 0.0022994855 -0.004012407 -0.0103243 -0.016636192 -0.01580471 -0.010008582 -0.0041873891 0.0016338037 0.0074549965 0.012892016 0.0058269475 -0.0012381213 -0.0083031901 -0.015368259 -0.025372461 -0.017934229 -0.0080329088 0.0018684112 0.011769731 0.022359081 0.032655704 0.040470167 0.048284629 0.056099091 0.063290268 0.062568666 0.061442223
0.033552374 0.037230718 0.040909061 0.043171643 0.042397564 0.042493637 0.043181017 0.04886798 0.055283407 0.061698834 0.06811426 0.063270246 0.058039343 0.052808441 0.048720899 0.052252305 0.054898137 0.056410776 0.057923416 0.059436056 0.057696658 0.054322094 0.046590852 0.038897494 0.031265743 0.023633992 0.016002241 0.0092732554 0.0029613628 -0.0033505297 -0.0096624223 -0.0096606018 -0.0076210987 -0.0020574575 0.003693322 0.0095145148 0.015335708 0.020772727 0.013707659 0.0066425899 -0.00042247894 -0.011562374 -0.027251018 -0.019812786 -0.0099114658 -1.0145758e-05 0.011441268 0.026944535 0.037241158 0.045055621 0.052870083 0.059209427 0.059245045 0.058523443 0.057397
0.04208569 0.045764034 0.046946248 0.046172168 0.045398089 0.045494163 0.046181542 0.046868922 0.051165991 0.057581418 0.063996845 0.05915283 0.053921928 0.051766098 0.055297504 0.05882891 0.061474742 0.062987382 0.064500021 0.061801325 0.058475545 0.055100981 0.047369739 0.039638496 0.03192762 0.024295869 0.016664118 0.0099351327 0.0036232401 -0.0016444363 -0.0015607132 -0.0014769902 0.00056251287 0.0061261541 0.011689795 0.017395226 0.023216419 0.028653439 0.02158837 0.014523301 0.0022477116 -0.013440931 -0.029129575 -0.021691343 -0.011790023 0.0005234552 0.016026722 0.031529989 0.041826612 0.049641075 0.055128587 0.055164205 0.055199823 0.05447822 0.053351777
0.050619006 0.050720853 0.049946773 0.049172693 0.048398614 0.048494688 0.049182068 0.049869447 0.050556827 0.053464003 0.059879429 0.055035415 0.054811296 0.058342703 0.061874109 0.065405516 0.068051347 0.069231773 0.065905993 0.062580212 0.059254432 0.055879868 0.048148626 0.040417383 0.032686141 0.024957747 0.017325996 0.01059701 0.0064554523 0.0065391753 0.0066228984 0.0067066214 0.0087461245 0.014309766 0.019873407 0.025437048 0.03109713 0.03653415 0.029469081 0.016057798 0.00036915459 -0.015319488 -0.031008132 -0.0235699 -0.010394358 0.0051089093 0.020612176 0.036115443 0.046412067 0.051047746 0.051083364 0.051118982 0.0511546 0.050432997 0.050053823
0.054495457 0.053721378 0.052947298 0.052173219 0.051399139 0.051495213 0.052182593 0.052869972 0.053557352 0.054244732 0.055762014 0.057856495 0.061387902 0.064919308 0.068450715 0.071982121 0.073336441 0.07001066 0.06668488 0.063359099 0.060033319 0.056658755 0.048927513 0.04119627 0.033465028 0.025733786 0.018002543 0.014555341 0.014639064 0.014722787 0.01480651 0.014890233 0.016929736 0.022493377 0.028057018 0.03362066 0.039184301 0.044414861 0.029867884 0.014179241 -0.0015094024 -0.017198045 -0.032886689 -0.02131217 -0.0058089035 0.0096943634 0.02519763 0.040700897 0.046966905 0.047002523 0.047038141 0.047073759 0.047109377 0.04734865 0.048172838
0.05443003 0.053655951 0.052881871 0.052107791 0.052266747 0.052322644 0.052535863 0.053223243 0.053910623 0.054598003 0.055285383 0.058722311 0.062253718 0.065785124 0.069316531 0.06980416 0.066625134 0.063299353 0.059973572 0.056647792 0.053373104 0.053300604 0.045183724 0.037452481 0.029721239 0.021989996 0.014258754 0.011872842 0.011956565 0.012040288 0.012124011 0.013279358 0.014688513 0.015597257 0.021160899 0.02672454 0.032288181 0.037218236 0.021529593 0.0058409501 -0.009847693 -0.025536336 -0.026332032 -0.012148896 0.0033543705 0.018857637 0.034360904 0.042823262 0.044323789 0.044359407 0.044395025 0.044430643 0.04386186 0.044049186 0.044873374
0.053851653 0.053077573 0.052303494 0.052778393 0.053469504 0.0535254 0.053149642 0.053133614 0.053820994 0.054508374 0.055195754 0.058632682 0.062164089 0.065695495 0.064904043 0.061839704 0.058660678 0.055334897 0.052009116 0.049310233 0.04932792 0.04925542 0.041128464 0.033001508 0.025220782 0.01748954 0.0097582975 0.007372385 0.0074561081 0.0075398311 0.0091660824 0.012378532 0.013787688 0.01194747 0.011741861 0.017305502 0.022869143 0.027799198 0.012110555 -0.0035780877 -0.019266731 -0.018190786 -0.016402865 -0.0022197291 0.013283538 0.028786805 0.035841367 0.040414725 0.041915252 0.04195087 0.041986488 0.041328947 0.040325077 0.040512404 0.041336592
0.053273276 0.052598928 0.053290039 0.05398115 0.05467226 0.054728157 0.054352399 0.053976641 0.053731365 0.054418745 0.055106125 0.058543053 0.06207446 0.060003925 0.056939586 0.053875247 0.050696222 0.047370441 0.045247361 0.045265048 0.045282736 0.045210235 0.03708328 0.028956324 0.020829368 0.012989083 0.005257841 0.0028719285 0.0029556515 0.0050528068 0.0082652568 0.011477707 0.012886862 0.011046644 0.0092064266 0.0078864642 0.013450105 0.018380161 0.0026915175 -0.011837461 -0.01004954 -0.0082616188 -0.0064736976 0.0077094382 0.023212705 0.028859473 0.03343283 0.038006188 0.039506715 0.039542333 0.038796034 0.037792164 0.036788295 0.036975621 0.037799809
0.053110574 0.053801685 0.054492795 0.055183906 0.055875017 0.055930914 0.055555155 0.055179397 0.054803639 0.054427881 0.055016496 0.058168147 0.055103808 0.052039469 0.04897513 0.045910791 0.042731766 0.041184489 0.041202177 0.041219864 0.041237551 0.041165051 0.033038095 0.024911139 0.016784184 0.0086572277 0.00075738449 -0.001628528 0.00093953125 0.0041519812 0.0073644312 0.010576881 0.011986037 0.010145819 0.008305601 0.0064653832 0.0046251654 0.0089611228 -0.0036962152 -0.001908294 -0.00012037273 0.0016675485 0.0034554697 0.017304221 0.021877578 0.026450936 0.031024293 0.035597651 0.037098178 0.036263121 0.035259251 0.034255382 0.033251512 0.033438839 0.035030871
0.052030184 0.052721294 0.053412405 0.054103516 0.054794627 0.054740123 0.054364365 0.053988607 0.053612849 0.053237091 0.052861333 0.052433608 0.049369269 0.04630493 0.043240591 0.040176252 0.038463909 0.038481596 0.038499284 0.038516971 0.038534658 0.03610179 0.029402602 0.021275646 0.013148691 0.0050217347 -0.0031052212 -0.003476178 -0.00026372806 0.0029487219 0.0061611718 0.0093736218 0.011386927 0.0095467094 0.0077064917 0.0058662739 0.0040260561 0.0022940026 0.0040819238 0.0058698451 0.0076577663 0.0094456875 0.012690068 0.016537312 0.02111067 0.025684027 0.030257385 0.034830742 0.033449358 0.032445488 0.031441619 0.030437749 0.02943388 0.029281405 0.03105116
0.044802628 0.04384291 0.044534021 0.045225132 0.045916243 0.045738575 0.044998515 0.044622756 0.044246998 0.04387124 0.043495482 0.049430119 0.051250916 0.048186577 0.045122239 0.0420579 0.040345557 0.040363244 0.040380932 0.040398619 0.036125466 0.027287872 0.024753841 0.019039437 0.010912481 0.0027855255 -0.0053414304 -0.0057123872 -0.0024999372 0.00071251271 0.0039249627 0.0011826701 0.0012692506 0.0091469145 0.008137882 0.0062976642 0.0044574464 0.0027253929 0.0045133142 0.0063012354 0.0080891566 0.01253197 0.023419854 0.023988 0.025950675 0.030524033 0.03509739 0.039670748 0.034597838 0.027668624 0.026664754 0.025660885 0.024657015 0.022981502 0.022053338
0.04276092 0.037950327 0.035655637 0.036346748 0.037037859 0.036860191 0.036092152 0.035324113 0.034881147 0.034505389 0.034129631 0.040064269 0.046215739 0.050068225 0.047003886 0.043939547 0.042227205 0.042244892 0.042262579 0.036219724 0.027311547 0.018473953 0.015939923 0.013405893 0.0086762722 0.00054931632 -0.0075776395 -0.0079485964 -0.0047361464 -0.0015236965 -0.0055777009 -0.0098149135 -0.0097283329 -0.001850669 0.0060269949 0.0067290545 0.0048888368 0.0031567833 0.0049447045 0.0067326257 0.012373871 0.023261756 0.03414964 0.034717786 0.034186845 0.035364038 0.039937395 0.044510753 0.039437843 0.029766272 0.02188789 0.020884021 0.019880151 0.018204638 0.016170036
0.040719211 0.035908618 0.031098025 0.027468364 0.028159475 0.027981807 0.027213768 0.026445729 0.02567769 0.025139539 0.02476378 0.030698418 0.036849889 0.043001359 0.048885534 0.045821195 0.044108852 0.04412654 0.036313982 0.027405805 0.018497629 0.009660035 0.0071260046 0.0045919742 0.0020579438 -0.0016868929 -0.0098138487 -0.010184806 -0.0081008591 -0.012338072 -0.016575284 -0.020812497 -0.020725917 -0.012848253 -0.0049705887 0.0029070752 0.0053202271 0.0035881736 0.0053760948 0.012215773 0.023103657 0.033991542 0.044879426 0.045447572 0.044916631 0.044385691 0.044777401 0.049350758 0.044277848 0.034606277 0.024934706 0.016107156 0.015103287 0.013427773 0.011393172
0.038677503 0.03386691 0.029056317 0.024245724 0.019435131 0.019103423 0.018335384 0.017567345 0.016799306 0.016031267 0.01539793 0.021332567 0.027484038 0.033635508 0.039786979 0.04593845 0.045316416 0.03640824 0.027500063 0.018591887 0.0096837105 0.00084611661 -0.0016879138 -0.0042219442 -0.0067559745 -0.0092900049 -0.012050058 -0.01486123 -0.019098443 -0.023335655 -0.027572868 -0.031810081 -0.0317235 -0.023845836 -0.015968172 -0.0080905084 -0.0002128445 0.0040195639 0.012057675 0.022945559 0.033833443 0.044721328 0.055609212 0.056177358 0.055646417 0.055115477 0.054584537 0.054190764 0.049117853 0.039446282 0.029774711 0.02010314 0.010431569 0.0086509091 0.0066163074
0.039126711 0.034316118 0.029505525 0.024694932 0.019884339 0.021094053 0.021968511 0.021200472 0.020432433 0.019664394 0.018896355 0.017421529 0.023573 0.02972447 0.035875941 0.042027411 0.041572648 0.032664472 0.023756296 0.014848119 0.0059399428 0.0011269083 -0.0042667715 -0.0068008019 -0.0093348323 -0.011868863 -0.014402893 -0.018101877 -0.02233909 -0.026576302 -0.030813515 -0.033327178 -0.024868952 -0.014276936 -0.0063992723 0.0014783916 0.0093560555 0.017323462 0.028211346 0.039099231 0.049987115 0.060874999 0.05828383 0.059138821 0.058607881 0.05807694 0.057546 0.05701506 0.049301667 0.039489247 0.029817676 0.020146104 0.010474533 0.0085640815 0.0070493031
0.038791869 0.035848503 0.03103791 0.026227317 0.021416724 0.022626438 0.027927205 0.03027424 0.029506201 0.028738162 0.027970123 0.025484859 0.022940589 0.028185462 0.034336933 0.040488403 0.04003364 0.031125464 0.022217287 0.013525436 0.0094833167 0.0054187344 -0.00065193811 -0.0066683381 -0.0092023685 -0.011736399 -0.014270429 -0.017969413 -0.022206626 -0.026443838 -0.027238576 -0.021713417 -0.013255191 0.00048815484 0.012112981 0.019990645 0.027868309 0.035835715 0.046723599 0.057611484 0.068499368 0.063344698 0.054767358 0.05588982 0.058045342 0.057660342 0.057129401 0.056598461 0.048885069 0.03774759 0.027774643 0.018103072 0.0084315004 0.0065210487 0.0087600059
0.037701471 0.03500152 0.032301569 0.027759702 0.022949109 0.024158823 0.02945959 0.034760356 0.038579969 0.03781193 0.037043891 0.034558627 0.032014358 0.029470088 0.032797924 0.038949395 0.038494632 0.029586456 0.021859382 0.017817262 0.013775143 0.0097105605 0.003639888 -0.0024307845 -0.0085014571 -0.011603935 -0.014137965 -0.017836949 -0.022074162 -0.021149973 -0.015624815 -0.010099656 -0.0016414306 0.012101916 0.025845262 0.038502898 0.046380562 0.054347968 0.065235853 0.076123737 0.068405567 0.059828227 0.051250887 0.052373348 0.05452887 0.056684392 0.056712803 0.056181863 0.04846847 0.037330991 0.026193512 0.016060039 0.0063884675 0.0044780158 0.0067169731
0.036611074 0.033911123 0.031211171 0.02851122 0.024481494 0.025691208 0.030991975 0.036292741 0.041593507 0.046885698 0.046117659 0.043632395 0.041088126 0.038543856 0.035999586 0.037410387 0.036955624 0.030193328 0.026151208 0.022109088 0.018066969 0.014002387 0.0079317141 0.0018610415 -0.004209631 -0.010280304 -0.014005502 -0.017704486 -0.015061371 -0.0095362126 -0.004011054 0.0015141046 0.0099723302 0.023715677 0.037459023 0.051202369 0.064892815 0.072860221 0.082043775 0.073466435 0.064889095 0.056311755 0.047734415 0.048856877 0.051012399 0.053167921 0.055323443 0.055765264 0.048051872 0.036914392 0.025776913 0.014639434 0.0043454347 0.002434983 0.0046739402
0.034286181 0.031586229 0.028886278 0.026186327 0.023486375 0.025636939 0.030937705 0.036238472 0.041539238 0.046840004 0.052140771 0.049857111 0.047312842 0.044768572 0.042224302 0.039680033 0.037708465 0.033666345 0.029624225 0.025582106 0.021539986 0.017299107 0.012947703 0.0068770307 0.00080635814 -0.0052643144 -0.011334987 -0.009474269 -0.0039491104 0.0015760483 0.0071012069 0.012626365 0.019288874 0.03303222 0.046775566 0.060518913 0.074262259 0.087340168 0.078762828 0.070185488 0.061608148 0.053030808 0.044433307 0.045534944 0.047690466 0.049845989 0.052001511 0.054157033 0.045749493 0.034612013 0.023474534 0.012337055 0.0011995755 0.0011736545 0.0034126117
0.025821083 0.023121132 0.020421181 0.017823441 0.017342506 0.019231486 0.022991645 0.028292412 0.033593178 0.038893944 0.044194711 0.041911051 0.039366782 0.036822512 0.034278242 0.036931306 0.037108845 0.033066726 0.029024606 0.024982487 0.020370674 0.015034197 0.018216987 0.015494903 0.0094242301 0.0033535576 -0.0027171149 -0.000856397 0.0046687616 0.01019392 0.015719079 0.020814995 0.025849508 0.031059673 0.044666081 0.058409427 0.072152774 0.085230682 0.076653342 0.068076002 0.059498662 0.050872669 0.042078984 0.043180622 0.045336144 0.047491666 0.049451444 0.04352328 0.034067513 0.022930034 0.011792554 0.0006550751 0.0017286584 0.003800411 0.0060393683
0.017355986 0.014656035 0.012596733 0.012115798 0.011634863 0.013523843 0.01702328 0.020522716 0.025647118 0.030947885 0.036248651 0.033964991 0.031420722 0.029381389 0.032856538 0.036331687 0.036509226 0.032467106 0.028424987 0.023537633 0.018105764 0.012769288 0.015952078 0.019134868 0.018042102 0.01197143 0.005900757 0.007761475 0.013286634 0.018811792 0.023804153 0.028741186 0.033775699 0.038985864 0.044196028 0.056299942 0.070043288 0.083121197 0.074543857 0.065966517 0.057312032 0.048518346 0.039724661 0.040826299 0.042981821 0.043697629 0.037769465 0.0318413 0.022385533 0.011248054 0.00083739462 0.0025964048 0.004355415 0.0064271675 0.0086661248
0.0088908892 0.0073700249 0.00688909 0.0064081551 0.0059272202 0.0078161999 0.011315637 0.014815073 0.01831451 0.023001825 0.028302591 0.026018932 0.025306622 0.02878177 0.032256919 0.035732067 0.035909607 0.031867487 0.026704592 0.021272723 0.015840854 0.010504378 0.013687168 0.016869958 0.020052749 0.020589302 0.014518629 0.016379347 0.021856279 0.026793311 0.031730344 0.036667376 0.041701889 0.046912054 0.052122219 0.057332383 0.067933803 0.081011711 0.072434371 0.063751394 0.054957709 0.046164024 0.037370338 0.038471976 0.037943813 0.032015649 0.026087485 0.020159321 0.010703554 0.001705141 0.0034641511 0.0052231613 0.0069821715 0.009053924 0.010375505
0.0021433169 0.001662382 0.001181447 0.0007005121 0.00021957717 0.0021085569 0.0056079936 0.0091074304 0.012606867 0.016106304 0.020356531 0.021231854 0.024707002 0.028182151 0.031657299 0.035132448 0.03530342 0.029871551 0.024439682 0.019007814 0.013575945 0.0082394682 0.011422258 0.014605049 0.017787839 0.020970629 0.023136501 0.024845437 0.02978247 0.034719502 0.039656534 0.044593566 0.04962808 0.054838244 0.060048409 0.065258574 0.070468738 0.078902226 0.070190757 0.061397072 0.052603386 0.043809701 0.035016016 0.032189998 0.026261834 0.020333669 0.014405505 0.0084773408 0.0025728873 0.0043318975 0.0060909077 0.0078499178 0.009608928 0.010047332 0.0057481037
0.00030373614 -0.00017719878 -0.00065813371 -0.0011390686 -0.0016200036 0.003929629 0.0087524292 0.012251866 0.015751303 0.019250739 0.022750176 0.01638527 0.019860419 0.023335567 0.026810716 0.030285864 0.029853761 0.024421892 0.018990023 0.013558154 0.0081262856 0.0089699316 0.014503583 0.017686373 0.020869163 0.024051954 0.027234744 0.031617412 0.036554444 0.041491476 0.046428509 0.051245038 0.051822737 0.052626863 0.057837027 0.063047192 0.068257357 0.07305003 0.064256345 0.05546266 0.046668974 0.037875289 0.032081341 0.025555999 0.019627835 0.013699671 0.0077715065 0.0018433423 0.0046110373 0.006610323 0.0083693332 0.010128343 0.011887354 0.0060571747 0.0013546261
