P1_models/J1_p1_vp_slide_diff2_5.dat.tif
NCOLS 118
NROWS 92
XLLCORNER 139.62
YLLCORNER -39.07
DX 0.099491525
DY 0.099347826
NODATA_VALUE -9999
[rows 50 to 74 of 92, columns 55 to 109 of 118]
0.068276727 0.064190468 0.054128079 0.039382014 0.024635949 0.019939066 0.022071027 0.024202989 0.027902384 0.032521634 0.037140883 0.032922222 0.02839988 0.026734291 0.030352165 0.033970038 0.040041972 0.049254151 0.058466329 0.057254806 0.054491152 0.051857878 0.060868431 0.069878984 0.077544604 0.079984963 0.082425321 0.085892862 0.089834979 0.091938147 0.084617073 0.077295998 0.076674636 0.088125547 0.099576459 0.10606681 0.10850716 0.11113067 0.11971425 0.12829783 0.14242139 0.1601738 0.17792621 0.17427458 0.16834336 0.15738663 0.13978428 0.12218194 0.094805338 0.062769067 0.029661373 -0.0059565927 -0.041574559 -0.073562016 -0.10360846
0.079536147 0.066887188 0.052141123 0.037395058 0.022648992 0.01795211 0.020084071 0.022216032 0.024347993 0.027443856 0.032063105 0.027844445 0.027973422 0.031591296 0.03520917 0.038827043 0.044898977 0.053288876 0.050525223 0.047761569 0.044997916 0.042364641 0.051375194 0.060385747 0.069396301 0.078218779 0.080659137 0.084126678 0.084246662 0.076925587 0.069604512 0.062283438 0.061662076 0.073112987 0.084563898 0.09601481 0.1040917 0.10671521 0.11529879 0.13062985 0.14838226 0.16613467 0.18388708 0.18023545 0.1674827 0.14988035 0.132278 0.11467565 0.087299058 0.053799146 0.01818118 -0.017436786 -0.053054752 -0.08504221 -0.11463128
0.079646297 0.064900232 0.050154166 0.035408101 0.020662036 0.015965153 0.018097114 0.020229076 0.022361037 0.024492998 0.026985327 0.029212553 0.032830427 0.036448301 0.040066174 0.043684048 0.046559293 0.043795639 0.041031986 0.038268332 0.035504679 0.032871404 0.041881957 0.050892511 0.059903064 0.068913617 0.07792417 0.076555176 0.069234101 0.061913027 0.054591952 0.047270878 0.046649515 0.058100427 0.069551338 0.08100225 0.092453161 0.10229975 0.11883831 0.13659072 0.15434313 0.17209554 0.18984794 0.17757876 0.15997642 0.14237407 0.12477172 0.10716937 0.077936919 0.042318953 0.0067009869 -0.028916979 -0.064534945 -0.095934292 -0.12478683
0.073625929 0.058879863 0.044133798 0.029387732 0.024937074 0.026464162 0.028358409 0.03049037 0.032622332 0.034754293 0.036886254 0.040454766 0.04407264 0.047690514 0.051308387 0.051169748 0.047418892 0.044655238 0.041891585 0.039127931 0.036471267 0.040676496 0.0421865 0.051197053 0.060207606 0.069218159 0.078228713 0.076068655 0.06874758 0.061426506 0.054105431 0.043955326 0.03272939 0.034856581 0.046307492 0.057758404 0.069209315 0.080848091 0.0986005 0.11635291 0.13410532 0.15185773 0.16911141 0.1548557 0.13725336 0.11965101 0.10204866 0.083953308 0.053904221 0.018286255 -0.017331711 -0.052949677 -0.084286859 -0.11293144 -0.14178398
0.066930749 0.052184684 0.037438618 0.036474178 0.037895486 0.039422574 0.041021545 0.042800862 0.044932823 0.047064784 0.049196746 0.052765258 0.056383131 0.060001005 0.058283772 0.05376143 0.050010574 0.047246921 0.044483267 0.043032342 0.047269944 0.051475173 0.052789212 0.054103251 0.062151368 0.071161921 0.080172474 0.078012417 0.070691342 0.063370268 0.051977 0.036396252 0.025170316 0.021791359 0.021686509 0.033137421 0.044588332 0.056227108 0.073979517 0.091731926 0.10948434 0.12667534 0.14384251 0.1295868 0.11198445 0.094382108 0.076188177 0.057820511 0.027771423 -0.0078465427 -0.043464509 -0.074173043 -0.10242864 -0.13107321 -0.15992575
0.060235569 0.046589975 0.048011283 0.04943259 0.050853898 0.052380986 0.053979957 0.055578928 0.057243315 0.059375276 0.061507237 0.065075749 0.068693623 0.065397797 0.060875455 0.056353112 0.052602256 0.049838603 0.049593417 0.053831019 0.058068621 0.062273849 0.063587888 0.064901927 0.066215966 0.073105683 0.082116236 0.079956179 0.072635104 0.059998675 0.044417926 0.028837178 0.017611243 0.014232285 0.010853328 0.0085164377 0.019967349 0.031606125 0.049358534 0.067072109 0.084239275 0.10140644 0.1185736 0.1043179 0.086715551 0.068423045 0.050055379 0.031687713 0.0016386257 -0.03397934 -0.064059227 -0.09231482 -0.12057041 -0.14921499 -0.17806753
0.05812708 0.059548387 0.060969695 0.062391002 0.06381231 0.065339398 0.066938369 0.06853734 0.070136311 0.071735282 0.073817729 0.077034163 0.072511821 0.067989479 0.063467137 0.058944795 0.055193939 0.056154491 0.060392093 0.064629695 0.068867297 0.073072526 0.074386565 0.075700604 0.077014643 0.078328682 0.084059998 0.08189994 0.068020349 0.052439601 0.036858853 0.021278104 0.010052169 0.0066732115 0.0032942541 -8.4703393e-05 -0.0034636609 0.0069851416 0.024636041 0.041803206 0.058970371 0.076137536 0.093304701 0.07902558 0.060657914 0.042290248 0.023922582 0.0055549153 -0.024494172 -0.05394541 -0.082201003 -0.1104566 -0.13871219 -0.16735677 -0.19249289
0.068550709 0.069972017 0.071393324 0.072814632 0.074235939 0.073513028 0.075111999 0.07671097 0.078309941 0.079908912 0.081507883 0.079838889 0.075316547 0.070794205 0.066271863 0.061749521 0.061069914 0.065307516 0.069545118 0.07378272 0.078020322 0.080188135 0.08063959 0.081953629 0.083267668 0.084581707 0.085895746 0.07565398 0.060073232 0.044492484 0.028911736 0.013330987 0.0034050518 2.609434e-05 -0.0033528631 -0.0067318206 -0.010110778 -0.012877202 0.0042899631 0.021457128 0.038624293 0.055791459 0.072021934 0.055661261 0.037293595 0.018925928 0.00055826206 -0.017809404 -0.044222898 -0.072478492 -0.10073408 -0.12898968 -0.15724527 -0.18180764 -0.20608358
0.069037471 0.071738201 0.073159508 0.074580816 0.076002123 0.072769072 0.0669434 0.068542371 0.070141342 0.071740313 0.073339284 0.078289165 0.078848914 0.074326572 0.06980423 0.065281888 0.064602281 0.068839883 0.073077485 0.077315087 0.078009907 0.074889584 0.072824665 0.072681165 0.073995204 0.075309243 0.076623282 0.066381517 0.050800768 0.03522002 0.019639272 0.0028581218 -0.0070556934 -0.0040521756 -0.0068852303 -0.010264188 -0.013643145 -0.016409569 0.00075759596 0.017924761 0.035091926 0.050551656 0.061866378 0.043416168 0.023384899 0.0050172326 -0.013350434 -0.0317181 -0.06041973 -0.092348057 -0.12060365 -0.14885924 -0.17711484 -0.19992467 -0.22109614
0.065505103 0.071190333 0.074925692 0.076346999 0.077768307 0.074535256 0.068139372 0.061743488 0.061972743 0.063571714 0.065170684 0.070120566 0.075185589 0.077858939 0.073336597 0.068814255 0.068134648 0.07237225 0.076609852 0.075843497 0.072711356 0.069591033 0.067526115 0.065461196 0.06472274 0.066036779 0.067350818 0.057109053 0.041528305 0.025947556 0.0089019816 -0.0081805256 -0.018094341 -0.015090823 -0.012087305 -0.013796555 -0.017175512 -0.019941936 -0.0027747712 0.014392394 0.029081378 0.0403961 0.051710823 0.033260612 0.011640339 -0.008891463 -0.027259129 -0.045626795 -0.074328425 -0.10795656 -0.14047322 -0.16872881 -0.1969844 -0.21979423 -0.23969254
0.061972736 0.067657966 0.073343196 0.078113183 0.07953449 0.076301439 0.069905556 0.063509672 0.057113788 0.055403115 0.057002085 0.061951967 0.06701699 0.072082013 0.076868964 0.072346622 0.071667015 0.075904617 0.073677087 0.070544946 0.067412805 0.064292482 0.062227564 0.060162646 0.058097727 0.056764315 0.058078354 0.047836589 0.032028349 0.014945841 -0.0021366657 -0.019219173 -0.029132988 -0.02612947 -0.023125953 -0.020122435 -0.02070788 -0.023474304 -0.0063071383 0.0076110997 0.018925822 0.030240545 0.041555267 0.023105057 0.0014847831 -0.020135491 -0.041167825 -0.059535491 -0.088237121 -0.12186526 -0.15549339 -0.18859837 -0.21685397 -0.2396638 -0.2595621
0.058440369 0.064125599 0.069810829 0.075496059 0.081181289 0.078067623 0.071671739 0.065275855 0.058879972 0.052484088 0.048833486 0.053783368 0.058848391 0.063913414 0.068978437 0.074043461 0.074642817 0.071510677 0.068378536 0.065246395 0.062114255 0.058993932 0.056929013 0.054864095 0.052799176 0.050734258 0.048805891 0.038072209 0.020989701 0.0039071941 -0.013175313 -0.03025782 -0.040171635 -0.037168118 -0.0341646 -0.031161082 -0.028157564 -0.027006671 -0.013859178 -0.0025444559 0.0087702666 0.020084989 0.031399712 0.012949501 -0.0086707724 -0.030291046 -0.05191132 -0.073444187 -0.10214582 -0.13577395 -0.16940209 -0.20303022 -0.23665836 -0.25953336 -0.27943167
0.052753896 0.058439126 0.064124356 0.069809586 0.075494816 0.081180046 0.078053865 0.071657981 0.065262097 0.058866213 0.05247033 0.044383851 0.049448874 0.054513897 0.059578921 0.064643944 0.066113107 0.062980966 0.059848826 0.056716685 0.053584545 0.050010942 0.048553168 0.046488249 0.044423331 0.042358413 0.040293494 0.02795675 0.010874242 -0.0062082648 -0.023290772 -0.038086481 -0.041546347 -0.040975123 -0.037971605 -0.034968087 -0.031964569 -0.028713273 -0.01739855 -0.0060838278 0.0052308947 0.016545617 0.023537532 0.0043325932 -0.017287681 -0.038907954 -0.060528228 -0.082148502 -0.11351711 -0.14737468 -0.18100281 -0.21463095 -0.24825908 -0.27734908 -0.29807031
0.049274187 0.051815937 0.057501167 0.063186397 0.068871627 0.074556857 0.080242087 0.080047353 0.073651469 0.067255585 0.060859702 0.051028588 0.041079435 0.044579115 0.049644138 0.054709161 0.056178324 0.053046184 0.049914043 0.04675733 0.043072459 0.039413841 0.038099802 0.03677424 0.034709321 0.032644403 0.030579484 0.01824274 0.0011602327 -0.015922274 -0.028437321 -0.032567158 -0.036027023 -0.038279662 -0.038633924 -0.035630406 -0.032626888 -0.029375592 -0.018060869 -0.0067461467 0.0045685758 0.010738362 0.015810479 -0.0034135092 -0.025225113 -0.046855781 -0.068476054 -0.090096328 -0.12146494 -0.15748087 -0.19159991 -0.22522805 -0.25885618 -0.28794618 -0.31460991
0.047066458 0.049198419 0.05133038 0.056563209 0.062248439 0.067933669 0.073618899 0.079304129 0.082040841 0.075644957 0.069249074 0.05941796 0.049468807 0.039519655 0.039709355 0.044774378 0.046243542 0.043111401 0.0398451 0.036160229 0.032475358 0.028816739 0.0275027 0.026188661 0.024874622 0.022930393 0.020865475 0.0085287303 -0.0085537769 -0.01878816 -0.022917997 -0.027047834 -0.0305077 -0.032760338 -0.035012976 -0.036292725 -0.033289207 -0.030037911 -0.018723188 -0.0074084655 -0.002060808 0.003011309 0.008083426 -0.011140562 -0.032952166 -0.05476377 -0.07642388 -0.098044154 -0.12941277 -0.1654287 -0.20144463 -0.23582515 -0.26945329 -0.29854329 -0.32520702
0.044858728 0.04699069 0.049122651 0.051254612 0.055625251 0.061310481 0.066995711 0.072680941 0.078366171 0.084034329 0.077638446 0.067807332 0.057858179 0.047909027 0.037959874 0.034839596 0.036308759 0.03293287 0.029247999 0.025563128 0.021878256 0.018219638 0.016905599 0.01559156 0.014277521 0.012963482 0.011151465 -0.0011852794 -0.0091389997 -0.013268837 -0.017398673 -0.02152851 -0.024988376 -0.027241014 -0.029493653 -0.031746291 -0.033951526 -0.030700229 -0.019932095 -0.014859978 -0.0097878611 -0.0047157442 0.00035637282 -0.018867615 -0.040679219 -0.062490823 -0.084302426 -0.10599198 -0.13736059 -0.17337652 -0.20939246 -0.24540839 -0.28005039 -0.30914039 -0.33580412
0.042798825 0.044930786 0.047062748 0.049194709 0.05132667 0.053874249 0.059559479 0.065244709 0.070929939 0.076615169 0.082300399 0.072870617 0.062921464 0.052972312 0.043023159 0.033074007 0.024135857 0.020450986 0.016766115 0.013081243 0.0093963721 0.0047881965 0.0049041494 0.0035901104 0.0022760714 0.00096203238 -0.00035200663 -0.003592013 -0.0077218499 -0.011851687 -0.015981524 -0.020111361 -0.022351661 -0.024604299 -0.026856938 -0.029109576 -0.031362214 -0.033396483 -0.028324366 -0.023252249 -0.018180132 -0.013108015 -0.0086176423 -0.028442495 -0.050254098 -0.072065702 -0.093877306 -0.11568891 -0.14782146 -0.18383739 -0.21985333 -0.25586926 -0.29188519 -0.32036575 -0.34702948
0.041474187 0.043606149 0.04573811 0.048041924 0.053904817 0.052574612 0.048079286 0.053764516 0.059449746 0.065134976 0.070820206 0.061390424 0.051441271 0.041492118 0.031542966 0.014252947 0.0022793357 -0.0014055357 -0.005090407 -0.0087752783 -0.01457488 -0.023249968 -0.016867493 -0.015396363 -0.016710402 -0.018024441 -0.01933848 -0.022578486 -0.026708323 -0.03083816 -0.034967997 -0.03005539 -0.02775846 -0.036205854 -0.038557904 -0.040810542 -0.043063181 -0.045097449 -0.040025332 -0.034953215 -0.029881098 -0.026212854 -0.027383343 -0.047208195 -0.069019799 -0.090831402 -0.11273103 -0.1381779 -0.17078185 -0.20679778 -0.24281371 -0.27882964 -0.30749769 -0.33471599 -0.36137972
0.04014955 0.042281511 0.045490625 0.051353518 0.057216412 0.055886206 0.049667985 0.043449765 0.047969552 0.053654782 0.059340012 0.04991023 0.039961078 0.029298737 0.010847581 -0.0076035743 -0.019577186 -0.023262057 -0.026946929 -0.033769353 -0.042613044 -0.051288132 -0.044905657 -0.038523182 -0.035696875 -0.037010914 -0.038324953 -0.04156496 -0.045694797 -0.049824634 -0.042730523 -0.034470849 -0.032173919 -0.040621312 -0.049068706 -0.052511508 -0.054764147 -0.056798415 -0.051726298 -0.046654181 -0.043808066 -0.044978555 -0.046149043 -0.065973896 -0.087785499 -0.11024455 -0.13569142 -0.16113829 -0.19374223 -0.22975817 -0.26533674 -0.29359233 -0.32184793 -0.34906623 -0.37572996
0.038824912 0.042939325 0.048802219 0.054665112 0.060528006 0.0591978 0.05297958 0.046761359 0.040543139 0.042174589 0.047859819 0.038430037 0.025893371 0.0074422152 -0.01100894 -0.029460096 -0.041433708 -0.045118579 -0.052963826 -0.061807517 -0.070651208 -0.079326296 -0.072943821 -0.066561346 -0.060178871 -0.055997388 -0.057311427 -0.060551433 -0.063665329 -0.055405655 -0.047145982 -0.038886308 -0.036589378 -0.045036771 -0.053484165 -0.061931559 -0.066465113 -0.068499381 -0.063427264 -0.061403278 -0.062573767 -0.063744255 -0.064914744 -0.084739596 -0.10775806 -0.13320493 -0.15865181 -0.18409868 -0.21670262 -0.25143139 -0.27968698 -0.30794258 -0.33619817 -0.36341647 -0.39055483
0.040388026 0.04625092 0.052113813 0.057976706 0.0638396 0.062509394 0.056291174 0.050072953 0.043854733 0.037636513 0.036379626 0.022488005 0.0040368491 -0.014414306 -0.032865462 -0.051316618 -0.063314608 -0.072158299 -0.08100199 -0.089845681 -0.098689373 -0.10736446 -0.10098199 -0.09459951 -0.088217035 -0.08183456 -0.0762979 -0.076340462 -0.068080788 -0.059821114 -0.05156144 -0.043301767 -0.041004837 -0.04945223 -0.057899624 -0.066347018 -0.074794411 -0.080200347 -0.07899849 -0.080168979 -0.081339467 -0.082509956 -0.083680444 -0.10527158 -0.13071845 -0.15616532 -0.18161219 -0.20705906 -0.23752604 -0.26578163 -0.29403722 -0.32229282 -0.35054841 -0.37861177 -0.40865822
0.028769367 0.03463226 0.040495154 0.046358047 0.052220941 0.052477448 0.04683284 0.04061462 0.0343964 0.028178179 0.021959959 0.0067956135 -0.011655542 -0.030106698 -0.048557853 -0.067009009 -0.081245647 -0.090089338 -0.098933029 -0.10777672 -0.11662041 -0.12543744 -0.11891302 -0.11253055 -0.10614807 -0.099765598 -0.093383123 -0.08571667 -0.077456996 -0.069197322 -0.060937648 -0.052165396 -0.047949534 -0.057244199 -0.065691593 -0.074138986 -0.08258638 -0.09081683 -0.091987319 -0.093157807 -0.094328296 -0.095498784 -0.10218004 -0.12626047 -0.15170734 -0.17715421 -0.20260108 -0.22804795 -0.25404935 -0.28221219 -0.31046778 -0.33872337 -0.36697897 -0.39951337 -0.42990447
0.0045605995 0.014536904 0.020399798 0.026262691 0.032125585 0.032382092 0.028828823 0.023906122 0.017687902 0.011469681 0.0052514611 -0.0092956306 -0.024128913 -0.042299386 -0.060750541 -0.079201697 -0.093438334 -0.10228203 -0.11112572 -0.11997277 -0.12900071 -0.13785592 -0.13128573 -0.12472324 -0.11834076 -0.11195829 -0.10557581 -0.097909357 -0.089649684 -0.08139001 -0.071780203 -0.059390693 -0.055174831 -0.065687143 -0.075400585 -0.083847978 -0.092295372 -0.10052582 -0.10169631 -0.1028668 -0.10403729 -0.11206974 -0.12182382 -0.14593314 -0.17157134 -0.19702378 -0.22247065 -0.24791752 -0.27391892 -0.30018468 -0.32807944 -0.35633503 -0.38459063 -0.41712503 -0.45194707
-0.0216311 -0.010971294 -0.00031148753 0.0061673356 0.012030229 0.012286736 0.0087334676 0.0051801988 0.00097940373 -0.0052388166 -0.011457037 -0.026004129 -0.040837411 -0.055670693 -0.072943229 -0.091394385 -0.10563102 -0.11447471 -0.12336332 -0.13239125 -0.14141919 -0.1502744 -0.1437042 -0.13713401 -0.13056381 -0.12415097 -0.1177685 -0.11010205 -0.10184237 -0.091395011 -0.0790055 -0.066615989 -0.062400127 -0.072912439 -0.083424752 -0.09355697 -0.10200436 -0.11023481 -0.1114053 -0.11257579 -0.12195945 -0.13171352 -0.14146759 -0.16557691 -0.19121511 -0.21685331 -0.24234021 -0.26778708 -0.29378848 -0.32005425 -0.34632001 -0.37394669 -0.40220229 -0.43473669 -0.46955873
-0.0478228 -0.037162993 -0.026503187 -0.015843381 -0.0080651267 -0.0078086194 -0.011361888 -0.014915157 -0.018468426 -0.022021694 -0.028165535 -0.042712627 -0.057545909 -0.072379191 -0.087212473 -0.10358707 -0.11782371 -0.12675386 -0.13578179 -0.14480973 -0.15383766 -0.16269288 -0.15612268 -0.14955249 -0.14298229 -0.1364121 -0.12996119 -0.12229473 -0.11100982 -0.098620307 -0.086230796 -0.073841286 -0.069625424 -0.080137736 -0.090650048 -0.10116236 -0.11167467 -0.11994381 -0.12209508 -0.13184915 -0.14160322 -0.15135729 -0.16111137 -0.18522068 -0.21085889 -0.23649709 -0.26213529 -0.28765665 -0.31365805 -0.33992381 -0.36618957 -0.39245534 -0.41981395 -0.45234835 -0.48717039
