P1_models/J1_p1_tot_conduct_slide_102.59.dat.tif
NCOLS 118
NROWS 92
XLLCORNER 139.62
YLLCORNER -39.07
DX 0.099491525
DY 0.099347826
NODATA_VALUE -9999
[rows 26 to 51 of 92, columns 58 to 115 of 118]
-3.317806 -3.2570056 -3.2138768 -3.1929312 -3.1957751 -3.2271935 -3.2564286 -3.300647 -3.3472661 -3.3984855 -3.439409 -3.473485 -3.5056378 -3.5118318 -3.5007772 -3.4627889 -3.4185705 -3.3426147 -3.2595827 -3.1574704 -3.0491042 -2.9018602 -2.7935179 -2.7291411 -2.7012472 -2.6791379 -2.6996146 -2.7403743 -2.8106036 -2.8791606 -2.9786522 -3.0439731 -3.0147109 -3.0471938 -3.0961544 -3.1240766 -3.1984435 -3.3681644 -3.3956757 -3.4073806 -3.4139544 -3.4123436 -3.2356381 -3.1206232 -3.1206232 -3.1206232 -3.1206232 -3.1134437 -3.0675797 -3.0617273 -3.0642319 -3.0642319 -3.0765 -3.1015383 -3.0898334 -3.0744645 -3.0569072 -9999
-3.5091566 -3.4428289 -3.3929131 -3.3518878 -3.3381233 -3.3331645 -3.3402029 -3.3536325 -3.3657888 -3.3918623 -3.3918623 -3.4072531 -3.4017258 -3.3946867 -3.3559956 -3.3092196 -3.2463676 -3.1704118 -3.0873798 -2.9934156 -2.8901476 -2.7685469 -2.6715954 -2.6364164 -2.6198531 -2.6195292 -2.6167609 -2.6344033 -2.7002586 -2.763359 -2.8241594 -2.9255979 -3.0147109 -3.0378249 -3.0762849 -3.0996946 -3.1714565 -3.1714565 -3.1750408 -3.1821922 -3.1783235 -3.1672857 -3.0443844 -2.9484203 -2.9484203 -2.9484203 -2.9484203 -3.1170432 -3.1544202 -3.1661251 -3.1702029 -3.1702029 -3.0998427 -3.0817655 -3.0759131 -3.0590686 -3.0370376 -9999
-3.6591298 -3.5950291 -3.5338977 -3.4879698 -3.4532597 -3.4392958 -3.4112153 -3.4101698 -3.389614 -3.3931505 -3.3676834 -3.356723 -3.3295429 -3.3021935 -3.2573864 -3.1943403 -3.1260445 -3.0461152 -2.963328 -2.8869722 -2.7952396 -2.6970713 -2.620922 -2.5966334 -2.6082203 -2.6171612 -2.6267799 -2.6310022 -2.6953791 -2.7545341 -2.8103533 -2.8923448 -3.0010253 -3.0378249 -3.0701745 -3.0807177 -3.0966101 -3.0922198 -3.0805149 -3.0837302 -3.0703716 -3.0554067 -2.9442354 -2.8687568 -2.8713308 -2.8811463 -2.8821467 -3.0552329 -3.1708274 -3.1873812 -3.2031638 -3.2044633 -3.1341031 -3.0825042 -3.0766517 -3.0634713 -3.0408608 -9999
-3.7854885 -3.7246881 -3.665793 -3.6081927 -3.5665274 -3.535109 -3.4989734 -3.4658096 -3.4339541 -3.4015337 -3.3648789 -3.3236591 -3.2794407 -3.2283552 -3.1730821 -3.1045645 -3.0271822 -2.945266 -2.865475 -2.7966768 -2.7266255 -2.6437159 -2.5944274 -2.588575 -2.6127719 -2.6459358 -2.6577411 -2.672293 -2.7366699 -2.7917896 -2.8415353 -2.9165092 -3.0160007 -3.0485499 -3.0694766 -3.0733367 -3.0735511 -3.0618462 -3.0427432 -3.0310383 -3.011563 -2.9888022 -2.883935 -2.8214974 -2.8273498 -2.8432183 -2.8549232 -3.0319549 -3.1557445 -3.1791542 -3.1982997 -3.2100046 -3.1403124 -3.0887134 -3.082861 -3.0703531 -3.0527958 -9999
-3.8739816 -3.8178267 -3.7589316 -3.7013313 -3.650912 -3.6096199 -3.5554017 -3.5092742 -3.449392 -3.4069799 -3.3441432 -3.2960321 -3.2297667 -3.1734249 -3.1047805 -3.0390696 -2.9650898 -2.8888364 -2.8282196 -2.7840011 -2.7230758 -2.6733301 -2.6336014 -2.6506674 -2.6904046 -2.7390744 -2.7383917 -2.7468039 -2.8018265 -2.8437723 -2.8787908 -2.9461661 -3.0346284 -3.0552829 -3.0694766 -3.0519192 -3.0487141 -3.0139412 -2.9693899 -2.9378997 -2.8968108 -2.8646174 -2.7826832 -2.7221495 -2.7429794 -2.7822416 -2.8114586 -3.0045393 -3.1309075 -3.1736889 -3.2014407 -3.2162138 -3.1465216 -3.0949227 -3.0937636 -3.0827716 -3.0652142 -9999
-3.8913746 -3.8392838 -3.7919783 -3.734916 -3.6218518 -3.5747242 -3.5268781 -3.4660777 -3.4118716 -3.3573515 -3.3142904 -3.2505883 -3.1842606 -3.1203576 -3.0502475 -2.9849867 -2.9131317 -2.8503445 -2.8033446 -2.7817774 -2.7509488 -2.7295597 -2.7223289 -2.7517326 -2.8139055 -2.8747058 -2.8214329 -2.8193389 -2.8661584 -2.8922949 -2.9214855 -2.990977 -3.0731864 -3.0778259 -3.0816181 -3.045325 -3.0202503 -2.948416 -2.8193333 -2.7725137 -2.7148565 -2.6748188 -2.6312973 -2.5900112 -2.6218675 -2.7021397 -2.7489592 -2.9563351 -3.1004926 -3.152345 -3.1915494 -3.2091067 -3.1694224 -3.1197826 -3.1197826 -3.1087906 -3.0912333 -9999
-3.8251427 -3.7864515 -3.745616 -3.7037248 -3.5897836 -3.4431645 -3.3775207 -3.3333023 -3.283501 -3.2381342 -3.2171886 -3.1843564 -3.1180287 -3.0541257 -2.9933254 -2.9323656 -2.8715652 -2.8284221 -2.7900982 -2.7845709 -2.7840647 -2.806174 -2.8415463 -2.9000707 -2.974796 -3.0577056 -2.9807342 -2.8912816 -2.9205438 -2.9452804 -2.9618623 -3.024093 -3.1235845 -3.1254499 -3.1081109 -3.0554389 -2.9530143 -2.736474 -2.6059555 -2.5298738 -2.4630058 -2.4032681 -2.4032681 -2.4242562 -2.4827806 -2.5690468 -2.6685383 -2.8877574 -3.0556229 -3.1258522 -3.1655731 -3.1889828 -3.1726491 -3.1595217 -3.1595217 -3.1485297 -3.1309724 -9999
-3.8388509 -3.804058 -3.7603438 -3.7154358 -3.5981432 -3.4489802 -3.3818219 -3.3376034 -3.2826976 -3.2358742 -3.2096922 -3.1774248 -3.1110971 -3.0496188 -2.9925282 -2.9421657 -2.889331 -2.8506767 -2.8455166 -2.8731532 -2.8809442 -2.9231282 -2.9710273 -3.0487337 -3.1239373 -3.2068469 -3.0576661 -2.9471298 -2.9692796 -2.9787798 -2.987038 -3.0490296 -3.1485211 -3.1320757 -3.1073829 -3.0195962 -2.9136565 -2.6777846 -2.4964984 -2.3923638 -2.2901302 -2.2209925 -2.2098302 -2.2324124 -2.3206531 -2.4716651 -2.5993848 -2.8674992 -3.0369006 -3.1235124 -3.1713887 -3.1947985 -3.1785445 -3.1661345 -3.1661345 -3.1551425 -3.1375852 -9999
-3.8440819 -3.8109181 -3.7719402 -3.7248127 -3.6058742 -3.4540187 -3.3856874 -3.3414689 -3.2865631 -3.2366994 -3.2121922 -3.1787994 -3.1147316 -3.0581026 -3.0029802 -2.9621657 -2.9179473 -2.9054661 -2.9130508 -2.9504426 -2.984774 -3.033145 -3.0944716 -3.1822582 -3.259209 -3.3421186 -3.1604379 -2.9907677 -3.0024726 -3.0075 -3.0125 -3.0719915 -3.1714831 -3.1525377 -3.111336 -3.0095962 -2.8710668 -2.6234098 -2.3989781 -2.2585194 -2.1350895 -2.0388933 -2.0271884 -2.0583898 -2.1627667 -2.3563933 -2.5319666 -2.8224788 -3.0312388 -3.125339 -3.1752542 -3.198664 -3.18241 -3.17 -3.17 -3.161508 -3.1439506 -9999
-3.8374587 -3.8042949 -3.7659348 -3.7240436 -3.6058742 -3.4540187 -3.3856874 -3.3414689 -3.2865631 -3.2366994 -3.2157538 -3.1854226 -3.1301496 -3.0779722 -3.0337537 -2.9982195 -2.970583 -2.976737 -2.9991523 -3.0488981 -3.0973682 -3.1581686 -3.2269354 -3.314722 -3.387831 -3.4547128 -3.2426742 -3.0172605 -3.0236059 -3.0273696 -3.0273696 -3.0859433 -3.1912873 -3.1702698 -3.1245824 -3.0016811 -2.8365536 -2.5439315 -2.3086573 -2.1128093 -1.9744076 -1.853444 -1.8417392 -1.8839919 -2.0303029 -2.2400238 -2.4723579 -2.7910481 -3.0258475 -3.125339 -3.1752542 -3.198664 -3.18241 -3.17 -3.17 -3.162672 -3.1505738 -9999
-3.8590454 -3.8195798 -3.7781019 -3.7339413 -3.6633258 -3.5348272 -3.4579177 -3.4115029 -3.3512534 -3.2815424 -3.1511071 -3.1271329 -3.0879285 -3.0472035 -3.0148353 -3.0054097 -2.9911287 -3.0042973 -3.0320998 -3.0818455 -3.1315913 -3.1838488 -3.2414574 -3.3107093 -3.3573541 -3.4124354 -3.4159053 -3.2035496 -3.2094021 -3.2111931 -3.2077785 -3.1020009 -3.0960708 -3.085205 -3.0406638 -2.9334007 -2.7559979 -2.485209 -2.2299698 -2.0129569 -1.8539362 -1.726536 -1.7148311 -1.7640983 -1.9209031 -2.1362919 -2.376242 -2.7616079 -3.0042985 -3.0970934 -3.1353037 -3.1555662 -3.1446994 -3.1322894 -3.1322894 -3.1249614 -3.1132565 -9999
-3.868486 -3.8242676 -3.7817228 -3.7345953 -3.6674426 -3.5836603 -3.5288121 -3.4735391 -3.4197339 -3.3454101 -3.198791 -3.0830343 -3.0505361 -3.0256274 -3.0035182 -3.0039876 -3.0150422 -3.0396985 -3.0692215 -3.1173256 -3.1637239 -3.2117084 -3.2574945 -3.3101665 -3.3440117 -3.3716482 -3.3668677 -3.3620867 -3.3679392 -3.3697302 -3.3642029 -3.2542223 -3.0610917 -3.003878 -2.9683878 -2.8615155 -2.7091874 -2.4575324 -2.1903728 -1.9328654 -1.7682115 -1.6280797 -1.6186739 -1.6747158 -1.8385842 -2.0675962 -2.3075464 -2.7005324 -2.9867388 -3.0745254 -3.1076271 -3.119332 -3.1082733 -3.1 -3.1 -3.0943749 -3.08267 -9999
-3.8033211 -3.7701572 -3.731567 -3.6948561 -3.6333664 -3.5637907 -3.5192873 -3.4801622 -3.4409202 -3.3785261 -3.231907 -3.1161502 -3.094041 -3.0734333 -3.0623787 -3.0653726 -3.0812741 -3.1087903 -3.1420766 -3.1862951 -3.2299558 -3.2631196 -3.3020712 -3.3371859 -3.3684268 -3.3915178 -3.3804726 -3.3687099 -3.3745624 -3.3763534 -3.3708261 -3.259343 -3.0610917 -3.0068126 -2.975011 -2.8638146 -2.7083656 -2.4333008 -2.158236 -1.886503 -1.7218492 -1.5817174 -1.5817174 -1.6445214 -1.837652 -2.0743769 -2.3274159 -2.720402 -3.0057388 -3.0818206 -3.1121396 -3.119332 -3.1082733 -3.1 -3.1 -3.096336 -3.0892932 -9999
-3.7236918 -3.6977387 -3.6780851 -3.6490413 -3.608796 -3.5459699 -3.526431 -3.4950215 -3.4750738 -3.4185501 -3.2681162 -3.1550996 -3.1395301 -3.1246949 -3.1158556 -3.1221974 -3.1387793 -3.1689629 -3.1928469 -3.2279078 -3.267663 -3.2937786 -3.3254104 -3.3581832 -3.3768411 -3.3972316 -3.3901343 -3.3750238 -3.38 -3.3780273 -3.3725 -3.2642223 -3.0666738 -3.0114526 -2.9813249 -2.8701285 -2.7063099 -2.4336169 -2.1679888 -1.8950354 -1.7333316 -1.5943064 -1.6024796 -1.6770011 -1.8756329 -2.104247 -2.359724 -2.7439835 -3.0259725 -3.09165 -3.1176271 -3.1243059 -3.1082733 -3.1 -3.1 -3.096336 -3.0904835 -9999
-3.6333272 -3.6167453 -3.6101413 -3.5996685 -3.5676525 -3.5257613 -3.5157109 -3.5101836 -3.4975921 -3.4811477 -3.3313889 -3.2144338 -3.2033792 -3.1938434 -3.1883161 -3.1704379 -3.1870198 -3.2081356 -3.228372 -3.2590021 -3.3306952 -3.3528044 -3.3822514 -3.4115136 -3.4328511 -3.4439057 -3.3876122 -3.3772826 -3.3772826 -3.3762157 -3.3706884 -3.2506354 -3.0575048 -3.0041315 -2.9752251 -2.869148 -2.7072088 -2.4379964 -2.1850495 -1.9216895 -1.7669025 -1.6373088 -1.6518333 -1.7380596 -1.9428951 -2.1724151 -2.4123652 -2.7724734 -3.0380723 -3.0907443 -3.1121923 -3.1238972 -3.1142216 -3.1018116 -3.1018116 -3.0972418 -3.0913893 -9999
-3.5287163 -3.5438902 -3.5527699 -3.5731758 -3.5411597 -3.4992685 -3.5027513 -3.5101836 -3.5153437 -3.5076405 -3.4919313 -3.4131295 -3.4020748 -3.3910202 -3.3803886 -3.2878792 -3.1870198 -3.2040098 -3.2151256 -3.2317076 -3.3070302 -3.5778683 -3.6541405 -3.7095571 -3.7452686 -3.7750651 -3.5105124 -3.357413 -3.3611783 -3.3629693 -3.357442 -3.2074944 -2.9581569 -2.9085153 -2.8825005 -2.8122712 -2.6608465 -2.4074165 -2.1880197 -1.9680519 -1.8378018 -1.7234102 -1.7819346 -1.8771466 -2.0876217 -2.3181252 -2.5580754 -2.8005053 -3.0314491 -3.0621607 -3.0761686 -3.0841581 -3.1141428 -3.115058 -3.115058 -3.10773 -3.0980125 -9999
-3.4078177 -3.4378104 -3.4757627 -3.5219952 -3.514667 -3.4936296 -3.5219324 -3.5385144 -3.5444089 -3.5548941 -3.5393986 -3.5287816 -3.517727 -3.5066724 -3.4956178 -3.4010603 -3.2383978 -3.2156765 -3.218488 -3.2350699 -3.2946751 -3.5615367 -3.7299221 -3.7865924 -3.8315512 -3.8702423 -3.60915 -3.3462317 -3.3516957 -3.349723 -3.3458478 -3.1984002 -2.9291878 -2.8672979 -2.8479063 -2.7778561 -2.6533396 -2.4111045 -2.2030486 -2.0399542 -1.9464467 -1.8468812 -1.9070795 -2.0351005 -2.2344742 -2.455531 -2.6478684 -2.8631719 -3.0288477 -3.0538833 -3.0638136 -3.069666 -3.0993167 -3.12 -3.12 -3.112672 -3.1009671 -9999
-3.3072751 -3.3625482 -3.4312577 -3.4993308 -3.520044 -3.5148076 -3.5451119 -3.583803 -3.6018463 -3.613438 -3.6029652 -3.5930751 -3.5820205 -3.570239 -3.5591844 -3.4408436 -3.2639698 -3.2321807 -3.2298776 -3.2334078 -3.2811001 -3.5243016 -3.6897794 -3.7424514 -3.7855607 -3.8242518 -3.5953316 -3.3370924 -3.3370924 -3.3378193 -3.3378193 -3.1918254 -2.9226131 -2.8653607 -2.8477028 -2.7844308 -2.6693111 -2.4469183 -2.2856085 -2.1451499 -2.0617894 -1.9955722 -2.0721746 -2.1889044 -2.3703302 -2.5292916 -2.6990125 -2.899461 -3.0370529 -3.0546103 -3.0638136 -3.069666 -3.0993167 -3.12 -3.12 -3.112672 -3.1009671 -9999
-3.2215123 -3.3190835 -3.4069198 -3.5055401 -3.5377078 -3.5458538 -3.5832824 -3.6272677 -3.6499278 -3.6630137 -3.6473045 -3.6371829 -3.6316556 -3.6182151 -3.602649 -3.4732988 -3.2825975 -3.2463983 -3.2298776 -3.218823 -3.2593611 -3.4583441 -3.615193 -3.6493128 -3.6924221 -3.7311132 -3.5473844 -3.3122554 -3.3154279 -3.3191916 -3.3191916 -3.1781547 -2.9164038 -2.8591514 -2.8414936 -2.7888216 -2.6755204 -2.4811352 -2.3547893 -2.2444977 -2.1910159 -2.1383847 -2.2320238 -2.3503447 -2.4913959 -2.6022234 -2.7362679 -2.9102397 -3.0432622 -3.0559222 -3.0638136 -3.069666 -3.0993167 -3.12 -3.12 -3.112672 -3.1009671 -9999
-3.1467665 -3.257379 -3.3684601 -3.4786617 -3.604518 -3.6202272 -3.6757684 -3.7255141 -3.7586066 -3.7450508 -3.6382646 -3.6250792 -3.6195519 -3.6091753 -3.5925933 -3.5316516 -3.3326685 -3.2833041 -3.2564121 -3.2288882 -3.208907 -3.3048844 -3.4234338 -3.4463542 -3.4686454 -3.5073365 -3.4041295 -3.2030867 -3.2089392 -3.219413 -3.219413 -3.219413 -2.9684919 -2.9097687 -2.8921109 -2.8394389 -2.7435416 -2.5388734 -2.4064319 -2.3186453 -2.2870087 -2.2613579 -2.3830143 -2.4924609 -2.6138754 -2.6842135 -2.783705 -2.9990794 -3.1146739 -3.1263788 -3.130915 -3.1367675 -3.1026718 -3.1233551 -3.1233551 -3.1160271 -3.1043222 -9999
-3.0739114 -3.2065668 -3.328721 -3.4439217 -3.5770534 -3.7184361 -3.805345 -3.8772 -3.9169058 -3.9172537 -3.7130342 -3.5588473 -3.55332 -3.5429434 -3.5263615 -3.4680281 -3.3851185 -3.3426227 -3.3093977 -3.2707065 -3.2287766 -3.1735035 -3.1386367 -3.1327842 -3.142407 -3.1589889 -3.0886239 -3.0117385 -3.0292958 -3.040587 -3.040587 -3.040587 -3.040587 -3.0210805 -2.9980819 -2.9454099 -2.8197906 -2.5388734 -2.4084945 -2.3733799 -2.3548185 -2.3540825 -2.506246 -2.6312891 -2.7132233 -2.779305 -2.8378294 -3.0867382 -3.2537608 -3.2654657 -3.2695435 -3.2695435 -3.1874784 -3.1299783 -3.1299783 -3.1226502 -3.1109454 -9999
-3.0927591 -3.237272 -3.3657703 -3.4871133 -3.6238572 -3.7678383 -3.8509798 -3.920935 -3.9553842 -3.9516514 -3.7264864 -3.5710077 -3.5654804 -3.5551037 -3.5385218 -3.4732299 -3.3849011 -3.3406283 -3.2905766 -3.2131943 -3.1591425 -3.0683581 -3.0187027 -2.9895057 -2.9876563 -2.9970134 -2.9700784 -2.9059409 -2.9307737 -2.9632194 -2.9843003 -2.990711 -2.996678 -2.9920405 -2.9745467 -2.9511369 -2.8259795 -2.5568242 -2.4475869 -2.4228907 -2.4195109 -2.423571 -2.5870055 -2.7120703 -2.7682074 -2.8031376 -2.8505333 -3.0932675 -3.2604062 -3.2679611 -3.27 -3.27 -3.1879131 -3.13 -3.1259996 -3.1164831 -3.1047782 -9999
-3.1234031 -3.2726404 -3.4027318 -3.5284054 -3.668441 -3.8150601 -3.8942588 -3.9605865 -3.992294 -3.9822747 -3.7519112 -3.5811879 -3.5756606 -3.565284 -3.548702 -3.4808522 -3.3868879 -3.3291949 -3.2684828 -3.1736231 -3.0839668 -2.9784654 -2.8846289 -2.841323 -2.8181449 -2.8181449 -2.8019235 -2.7732379 -2.8083525 -2.8654243 -2.8965725 -2.933389 -2.9450939 -2.9551306 -2.9499426 -2.9384503 -2.8379867 -2.5749165 -2.4730634 -2.4613585 -2.4627899 -2.4799434 -2.6498257 -2.7685296 -2.8120059 -2.8323735 -2.8616357 -3.1008898 -3.2621087 -3.2679611 -3.27 -3.27 -3.1879131 -3.1280409 -3.1221884 -3.110114 -3.0984091 -9999
-3.1830118 -3.3322491 -3.461221 -3.5764217 -3.7148034 -3.8614224 -3.9371589 -3.9937024 -4.0226243 -4.0087675 -3.7678932 -3.5878111 -3.5822838 -3.5719071 -3.5553252 -3.486554 -3.3870625 -3.3143347 -3.2419901 -3.1259166 -3.0111118 -2.8729291 -2.7587883 -2.6651492 -2.6278051 -2.6062029 -2.6013677 -2.5944118 -2.6566137 -2.7197141 -2.7805145 -2.8319499 -2.8846219 -2.9059195 -2.9234498 -2.9293023 -2.8456704 -2.5881629 -2.4883623 -2.4878513 -2.4917199 -2.5130593 -2.6944851 -2.8143182 -2.8318755 -2.8494328 -2.8682589 -3.1040487 -3.2621087 -3.2679611 -3.27 -3.27 -3.1879131 -3.1280409 -3.1221884 -3.109008 -3.0917859 -9999
-3.2948596 -3.4369609 -3.5614601 -3.6683438 -3.8017961 -3.7863201 -3.7995541 -3.8472508 -3.8723613 -3.8437167 -3.6700149 -3.6292604 -3.6237331 -3.6133564 -3.5930182 -3.522199 -3.3697871 -3.2816993 -3.2038886 -3.079458 -2.9324523 -2.7746899 -2.6133547 -2.4986782 -2.4539645 -2.406294 -2.3958696 -2.4000919 -2.46855 -2.5391779 -2.6165 -2.7174023 -2.7960639 -2.8257443 -2.879544 -2.8927216 -2.829895 -2.7350506 -2.739587 -2.744828 -2.7603772 -2.7841535 -2.9036956 -2.9212529 -2.9348952 -2.9505632 -2.9625007 -3.0061937 -3.1634348 -3.1655217 -3.1655217 -3.1655217 -3.0544131 -2.9945409 -2.9923043 -2.9813123 -2.9690758 -9999
-3.3890948 -3.5259392 -3.6320652 -3.7367931 -3.7372937 -3.700639 -3.7114454 -3.7390819 -3.7506874 -3.7517484 -3.6993845 -3.6586299 -3.6531026 -3.6403013 -3.6181921 -3.5091008 -3.3488089 -3.2565254 -3.1709424 -3.0169725 -2.8554612 -2.6665015 -2.4936758 -2.3642749 -2.2822789 -2.2325332 -2.2263043 -2.2312944 -2.3073761 -2.402586 -2.4932971 -2.6087646 -2.719961 -2.7939472 -2.8491428 -2.8874172 -2.9110413 -2.9227462 -2.9332944 -2.9391468 -2.9522685 -2.9683893 -2.9840724 -2.9993715 -3.0110764 -3.0203538 -3.0320586 -3.0661335 -3.09 -3.09 -3.09 -3.09 -2.9785964 -2.9 -2.9 -2.8902444 -2.8785396 -9999
