P1_models/J1_p1_tot_conduct_slide_2.19.dat.tif
NCOLS 118
NROWS 92
XLLCORNER 139.62
YLLCORNER -39.07
DX 0.099491525
DY 0.099347826
NODATA_VALUE -9999
[rows 0 to 25 of 92, columns 57 to 113 of 118]
-2.6826322 -2.5590891 -2.3822153 -2.168087 -1.9795768 -1.84266 -1.7588777 -1.7958667 -1.8622073 -2.0304194 -2.198164 -2.3358033 -2.453617 -2.4939494 -2.5057083 -2.4393806 -2.373288 -2.2848511 -2.2281514 -2.1782833 -2.1424503 -2.1080671 -2.0621286 -2.0018607 -1.9077048 -1.8017853 -1.6746572 -1.6254157 -1.5630888 -1.6309612 -1.7344239 -1.9007826 -2.1072033 -2.3439148 -2.512891 -2.7106064 -2.7953365 -2.8510095 -2.8939849 -2.8685706 -2.8568658 -2.835758 -2.7931168 -2.7550653 -2.7134125 -2.6665929 -2.6098254 -2.551301 -2.4952563 -2.4593696 -2.4535171 -2.4844683 -2.519583 -2.5626304 -2.6176191 -2.5889204 -2.4838525
-2.4367409 -2.3776489 -2.2319377 -2.0816808 -1.9465306 -1.8627483 -1.8386411 -1.9579654 -2.0301673 -2.1928651 -2.3782412 -2.5031639 -2.5980301 -2.6178705 -2.5732613 -2.4752119 -2.3662948 -2.2313716 -2.1607642 -2.0724997 -2.0503905 -2.0292477 -1.9962984 -1.9699605 -1.888416 -1.7718709 -1.6447428 -1.5611317 -1.4566169 -1.4840295 -1.5131006 -1.6553397 -1.8132335 -2.0476413 -2.257857 -2.4775388 -2.6155527 -2.7616993 -2.8289755 -2.8626345 -2.8846845 -2.8902158 -2.866877 -2.8346409 -2.8093866 -2.7746897 -2.7293906 -2.6873839 -2.6407047 -2.6027962 -2.5855689 -2.596217 -2.5955129 -2.583788 -2.602949 -2.5566833 -2.4219775
-2.2817138 -2.2634903 -2.169526 -2.0905168 -2.0067344 -1.9990189 -2.0147281 -2.1382371 -2.2874744 -2.485328 -2.6684931 -2.7836938 -2.8582584 -2.8306219 -2.7447439 -2.6010339 -2.4366065 -2.2707873 -2.1593749 -2.0570173 -2.0395116 -2.0282999 -2.0227726 -2.0000964 -1.941572 -1.838216 -1.7110879 -1.5872258 -1.4705298 -1.4237102 -1.4187668 -1.512731 -1.6680093 -1.8786972 -2.1022289 -2.3280246 -2.5215038 -2.686444 -2.791788 -2.8582283 -2.8991954 -2.9081339 -2.9141243 -2.9024194 -2.8884563 -2.870899 -2.8456371 -2.8105224 -2.76726 -2.7267637 -2.6916491 -2.6601286 -2.6425713 -2.6070216 -2.5608697 -2.484788 -2.3469412
-2.3313877 -2.3371497 -2.3061293 -2.2712292 -2.2488948 -2.2871909 -2.350027 -2.5036639 -2.6724473 -2.8751215 -3.0581649 -3.1471836 -3.2099247 -3.1286654 -3.0161654 -2.812148 -2.6092902 -2.4011813 -2.2809053 -2.1439467 -2.1163102 -2.1063671 -2.1340037 -2.1242877 -2.0968029 -2.006477 -1.8911559 -1.7543574 -1.63197 -1.56437 -1.5236959 -1.5748234 -1.7166903 -1.9097434 -2.1291607 -2.3528616 -2.5518446 -2.7174902 -2.8272983 -2.8954838 -2.9364509 -2.9453893 -2.9515007 -2.9632056 -2.9505487 -2.9523634 -2.9463265 -2.9222887 -2.8790263 -2.83853 -2.7799481 -2.7079441 -2.661199 -2.5722468 -2.517405 -2.4186038 -2.2912758
-2.4504262 -2.5003759 -2.4908463 -2.5107876 -2.516024 -2.5881828 -2.6824379 -2.8389628 -3.0324186 -3.2071459 -3.3843803 -3.4501184 -3.4828206 -3.3841958 -3.2236967 -2.9989861 -2.7527481 -2.5150739 -2.3590099 -2.2163518 -2.1973564 -2.1864571 -2.2232224 -2.244603 -2.230263 -2.1587664 -2.0537475 -1.9138343 -1.7789569 -1.6911703 -1.6426404 -1.6858899 -1.8081984 -1.9896241 -2.2102137 -2.4304724 -2.6266884 -2.797481 -2.9059839 -2.9503886 -2.9913557 -2.9885279 -2.9940859 -3.0034026 -3.0128493 -3.0218584 -3.0361974 -3.0244925 -2.9878511 -2.9368114 -2.8697264 -2.7651316 -2.6890499 -2.5702835 -2.4729695 -2.3668724 -2.2697133
-2.6812437 -2.7425362 -2.7812274 -2.8164497 -2.8635773 -2.9434074 -3.0481353 -3.1985704 -3.3677175 -3.5184237 -3.6575868 -3.6890052 -3.6877255 -3.5495428 -3.3665092 -3.1067258 -2.8494074 -2.5840967 -2.4199421 -2.2722349 -2.2611803 -2.260968 -2.316241 -2.3501601 -2.361865 -2.2970477 -2.2027693 -2.0590687 -1.9155602 -1.8169994 -1.7668252 -1.8055163 -1.9264378 -2.1137159 -2.3377903 -2.5670757 -2.7602063 -2.9237543 -3.0115409 -3.0527324 -3.0658666 -3.0548239 -3.0437599 -3.0496123 -3.0605411 -3.0839508 -3.1033975 -3.1176311 -3.087151 -3.03859 -2.9566558 -2.8442131 -2.7200961 -2.5750337 -2.4470226 -2.3358262 -2.2466138
-2.9687654 -3.0436571 -3.0948431 -3.1475027 -3.1872019 -3.2705337 -3.3333917 -3.4094584 -3.559213 -3.6963337 -3.7431914 -3.7561289 -3.6943084 -3.5403238 -3.3270799 -3.0606724 -2.7933136 -2.5411028 -2.3739842 -2.2530773 -2.2477141 -2.2765182 -2.3418072 -2.3990546 -2.4138215 -2.3532501 -2.2592859 -2.116579 -1.9602748 -1.8607833 -1.8106091 -1.8607405 -2.0132505 -2.2156113 -2.4405349 -2.7036789 -2.8981965 -3.0614717 -3.1399827 -3.1743696 -3.1429038 -3.0840124 -3.0666335 -3.0654226 -3.0636728 -3.0974948 -3.1226094 -3.1712204 -3.1749295 -3.1255193 -3.0469063 -2.9365025 -2.7876445 -2.6060799 -2.4695769 -2.3488657 -2.253088
-3.266673 -3.3473716 -3.4081719 -3.4436109 -3.4802657 -3.5041527 -3.5565167 -3.6027669 -3.6856765 -3.7098459 -3.7368999 -3.6920596 -3.6165385 -3.439067 -3.2272509 -2.9564129 -2.710477 -2.4617482 -2.3172991 -2.2102112 -2.241369 -2.2779839 -2.3618004 -2.4190478 -2.4366052 -2.3731754 -2.2792112 -2.1240858 -1.9677816 -1.8682901 -1.8338532 -1.8946535 -2.0597179 -2.2879631 -2.5598611 -2.8237179 -3.0268854 -3.1845225 -3.2547518 -3.2396181 -3.1986511 -3.125636 -3.0656042 -3.0419511 -3.0469761 -3.0879432 -3.1525294 -3.2052014 -3.2317152 -3.2082802 -3.1321984 -3.0238026 -2.8716391 -2.677639 -2.5104387 -2.381685 -2.3147009
-3.5274611 -3.6068255 -3.6565713 -3.6811413 -3.6851706 -3.6787389 -3.668283 -3.6628573 -3.6794672 -3.6394719 -3.6251336 -3.5308785 -3.4364706 -3.2430148 -3.0319768 -2.7825542 -2.5499883 -2.3313542 -2.2054045 -2.1294911 -2.1847642 -2.2345192 -2.3284834 -2.3880017 -2.405559 -2.3354953 -2.2295373 -2.06788 -1.9056893 -1.8061977 -1.7737778 -1.8622147 -2.0417604 -2.3065908 -2.6030343 -2.8920195 -3.1085599 -3.2714518 -3.3251501 -3.2918001 -3.2172788 -3.1134298 -3.0283487 -2.9756768 -2.9725387 -3.0252107 -3.1095876 -3.1927829 -3.2727321 -3.2703726 -3.2459477 -3.1462667 -3.0020331 -2.7822687 -2.6035773 -2.441283 -2.3726788
-3.7313569 -3.7973032 -3.8349453 -3.8270127 -3.8167899 -3.7593411 -3.7258653 -3.643293 -3.6211837 -3.5394171 -3.4840132 -3.3760442 -3.2585703 -3.0679981 -2.8599943 -2.6185813 -2.4081246 -2.2011843 -2.0999602 -2.0369301 -2.100588 -2.1670193 -2.2703969 -2.3389543 -2.3604227 -2.2865784 -2.1755592 -2.0033184 -1.8366847 -1.7367033 -1.704465 -1.7974638 -2.0009383 -2.2801961 -2.6011914 -2.9086463 -3.1415033 -3.3054215 -3.3561081 -3.2989844 -3.2071815 -3.0605434 -2.9521492 -2.8772755 -2.8652516 -2.9155593 -3.0297517 -3.1315673 -3.2767964 -3.3200726 -3.3298839 -3.2912946 -3.1543565 -2.9310064 -2.7272315 -2.5447764 -2.4271643
-3.895048 -3.9475311 -3.964113 -3.9386522 -3.8915246 -3.8151532 -3.7313709 -3.6345765 -3.535085 -3.4425812 -3.3485585 -3.2333578 -3.1034181 -2.9154896 -2.7097665 -2.4831469 -2.2775943 -2.0896658 -2.0060171 -1.9423919 -2.007198 -2.0840963 -2.1946424 -2.2773805 -2.3066427 -2.2414294 -2.1253559 -1.9529039 -1.7755568 -1.6702128 -1.6330424 -1.732534 -1.9377205 -2.2361951 -2.5624945 -2.8917484 -3.1329936 -3.3109248 -3.3577444 -3.3014428 -3.1785415 -3.0169164 -2.8579464 -2.767473 -2.7316256 -2.7784451 -2.8877055 -3.0340166 -3.2171147 -3.3516873 -3.4160641 -3.4062453 -3.3126062 -3.0952504 -2.8697068 -2.6531664 -2.516648
-3.9333465 -3.9777148 -3.9703222 -3.9333827 -3.8666877 -3.7764736 -3.6754877 -3.5752263 -3.4729926 -3.3895321 -3.2988972 -3.2046421 -3.0807733 -2.9149541 -2.7081638 -2.4769377 -2.2607559 -2.0586196 -1.9671451 -1.8802996 -1.9355726 -2.010173 -2.1317738 -2.2226686 -2.2755965 -2.2281347 -2.1315651 -1.9671395 -1.7941845 -1.685573 -1.6397075 -1.7139063 -1.9095593 -2.1927304 -2.5190298 -2.8482837 -3.0999388 -3.2798786 -3.3314612 -3.2766058 -3.1537045 -2.9670398 -2.795854 -2.6495429 -2.6074408 -2.613125 -2.720129 -2.8725763 -3.1180773 -3.2647579 -3.4189974 -3.4819386 -3.4430002 -3.2558925 -3.0373562 -2.7869161 -2.5953608
-3.9584873 -3.9696034 -3.9555364 -3.9007061 -3.8258019 -3.7257127 -3.6240181 -3.5485075 -3.4434887 -3.3598446 -3.3107926 -3.2165374 -3.1369486 -2.9715429 -2.7859356 -2.5502113 -2.3258375 -2.0888348 -1.966622 -1.8376501 -1.8929232 -1.9421431 -2.0637439 -2.1932787 -2.261227 -2.2230124 -2.1706836 -2.0187156 -1.8739976 -1.7628012 -1.7104548 -1.7756454 -1.8978338 -2.1724774 -2.4950081 -2.8015786 -3.0532336 -3.2442308 -3.3037089 -3.2647308 -3.1525382 -2.9551648 -2.7661665 -2.6198554 -2.4846332 -2.4630146 -2.5397893 -2.6641888 -2.9209917 -3.1412534 -3.3338048 -3.4354848 -3.5081865 -3.3862865 -3.1718489 -2.9143414 -2.7227861
-3.9088134 -3.9148713 -3.8872347 -3.829837 -3.751291 -3.6633629 -3.5743442 -3.5072223 -3.4434887 -3.4125722 -3.381843 -3.3399519 -3.269802 -3.1205647 -2.9293341 -2.6806053 -2.4210833 -2.144718 -1.970718 -1.8128131 -1.8378568 -1.8817474 -2.0199301 -2.149814 -2.2668629 -2.2804041 -2.2638222 -2.1418488 -2.0106009 -1.8880325 -1.8218378 -1.843947 -1.9661354 -2.1709709 -2.4601884 -2.7519047 -3.0090363 -3.2100698 -3.3037089 -3.2768667 -3.1773752 -2.9729825 -2.7661235 -2.5378783 -2.3703765 -2.2767375 -2.3159709 -2.40961 -2.67754 -2.9411212 -3.2220385 -3.3987741 -3.5392327 -3.4592984 -3.3022429 -3.0447354 -2.8002466
-3.8025498 -3.8069569 -3.7793203 -3.7307256 -3.6598033 -3.6028006 -3.5303292 -3.5146763 -3.4703146 -3.5163881 -3.505162 -3.5212766 -3.4609978 -3.337494 -3.1300646 -2.86193 -2.5540534 -2.2515318 -2.0676782 -1.8322686 -1.7991048 -1.8450575 -1.9877833 -2.1452445 -2.3026237 -2.38498 -2.3965736 -2.3364747 -2.2143441 -2.0876523 -1.9853054 -1.9631793 -2.037287 -2.2053188 -2.4330688 -2.7137232 -2.9712306 -3.176116 -3.3036628 -3.3339619 -3.2531428 -3.0387596 -2.8118149 -2.5018796 -2.3255736 -2.1301543 -2.0290975 -2.0871236 -2.3154408 -2.5916783 -2.9232767 -3.244179 -3.4344637 -3.4960036 -3.3477524 -3.1214797 -2.8397001
-3.6808279 -3.6849777 -3.6573412 -3.6187102 -3.5558734 -3.5177576 -3.47063 -3.4842891 -3.4898164 -3.5620063 -3.6146401 -3.646094 -3.641297 -3.5289597 -3.3421389 -3.0602463 -2.7281249 -2.3854319 -2.128883 -1.8710022 -1.8204544 -1.821881 -1.964714 -2.1414742 -2.3287523 -2.4612006 -2.5275282 -2.4977383 -2.4269324 -2.2923262 -2.174258 -2.1298188 -2.1400497 -2.2570986 -2.4428175 -2.675546 -2.9312352 -3.1549141 -3.3070776 -3.3792246 -3.332405 -3.1270771 -2.8831503 -2.5396747 -2.2448891 -1.9902348 -1.7765975 -1.7473353 -1.9433303 -2.221245 -2.5840965 -2.9647814 -3.263256 -3.3927277 -3.3655249 -3.1606894 -2.8968445
-3.5152482 -3.5201288 -3.5090741 -3.478625 -3.4419702 -3.4163479 -3.4043981 -3.4410204 -3.4898164 -3.6022175 -3.6941183 -3.7621915 -3.7803839 -3.6974743 -3.5213969 -3.2450316 -2.904655 -2.5311421 -2.2399449 -1.9438573 -1.8609477 -1.8351274 -1.97331 -2.1505402 -2.3846379 -2.5458391 -2.6798616 -2.6784962 -2.6454976 -2.5254481 -2.4126927 -2.3076739 -2.2850147 -2.3100841 -2.4587769 -2.6358068 -2.8874619 -3.1130096 -3.317845 -3.4115689 -3.4251297 -3.2258068 -2.9891213 -2.5794503 -2.2261614 -1.8047855 -1.5340079 -1.3698135 -1.5134252 -1.7619695 -2.1599356 -2.5845967 -2.9983284 -3.2323062 -3.2886245 -3.1774281 -2.9050153
-3.3453836 -3.3627352 -3.3623819 -3.3450304 -3.3247047 -3.314232 -3.3187137 -3.3811069 -3.4437751 -3.5590339 -3.6861686 -3.7620277 -3.8241842 -3.757556 -3.6177067 -3.3642506 -3.0416424 -2.6853769 -2.3779616 -2.0720507 -1.9861399 -1.9213941 -2.0486931 -2.198743 -2.4302271 -2.6025008 -2.775748 -2.7889165 -2.8200268 -2.7075699 -2.6098694 -2.4903804 -2.3894158 -2.3813786 -2.5140545 -2.6029441 -2.8499061 -3.0666608 -3.2900007 -3.3996019 -3.4708438 -3.3139472 -3.0800298 -2.6585016 -2.2119662 -1.7301433 -1.421579 -1.0996877 -1.1447445 -1.3836004 -1.7786937 -2.2013159 -2.7043367 -3.0590634 -3.1748962 -3.1045486 -2.8649623
-3.1946363 -3.2299007 -3.2409553 -3.2447971 -3.2343243 -3.2393346 -3.2498074 -3.3088378 -3.3862201 -3.5178993 -3.6524605 -3.7627206 -3.8484169 -3.815253 -3.7149777 -3.4828308 -3.1955537 -2.8473334 -2.5308503 -2.2321859 -2.1118736 -2.0259273 -2.1253575 -2.2641981 -2.4924434 -2.6859691 -2.8683703 -2.9377374 -2.9729141 -2.879275 -2.7764639 -2.6382812 -2.5261074 -2.4558781 -2.4938037 -2.5739389 -2.7878137 -3.017724 -3.2635266 -3.4248846 -3.5126713 -3.3674855 -3.1602763 -2.6996361 -2.2079362 -1.6695115 -1.233246 -0.88209941 -0.89035222 -1.0554999 -1.4476136 -1.9135372 -2.4344046 -2.8179144 -3.0541404 -3.0307306 -2.8054152
-3.0615548 -3.10843 -3.1602352 -3.1740611 -3.1846504 -3.1921303 -3.2063427 -3.2558687 -3.3241277 -3.4389159 -3.5655312 -3.6807319 -3.7701881 -3.7922973 -3.7198174 -3.5759694 -3.3264261 -3.0398198 -2.7382492 -2.4743462 -2.3361636 -2.2432506 -2.2764145 -2.3952388 -2.5731635 -2.7587102 -2.9304626 -3.0258299 -3.0784712 -3.0062308 -2.9192764 -2.7810937 -2.6480753 -2.5365982 -2.5252921 -2.5677297 -2.7374505 -2.9556316 -3.2064961 -3.3936347 -3.5188805 -3.4124384 -3.228578 -2.7837923 -2.2948656 -1.7129142 -1.2307108 -0.8324255 -0.76715848 -0.91268741 -1.2571795 -1.7148416 -2.235709 -2.6524157 -2.8989094 -2.9320587 -2.7312012
-2.9255938 -3.01343 -3.0817337 -3.1358139 -3.1666714 -3.1955474 -3.2088903 -3.2265616 -3.287362 -3.4015993 -3.4856806 -3.6008813 -3.6823892 -3.7084293 -3.6905715 -3.5877437 -3.4160253 -3.2173457 -2.9768702 -2.7625188 -2.6243361 -2.5101256 -2.5405515 -2.5333207 -2.6794569 -2.8465091 -2.9895498 -3.0773041 -3.1580161 -3.0994917 -3.0443919 -2.9124457 -2.7816057 -2.6515159 -2.630788 -2.5969144 -2.7666353 -2.916655 -3.161954 -3.3377516 -3.5019192 -3.4505023 -3.2933402 -2.8485545 -2.4026625 -1.8322689 -1.3670695 -0.93063377 -0.82366664 -0.91016994 -1.2256033 -1.6506432 -2.1202241 -2.5068111 -2.793544 -2.838564 -2.6442719
-2.8572922 -2.9649783 -3.0755244 -3.1525358 -3.2101361 -3.2356729 -3.2461457 -3.25707 -3.2687343 -3.3371406 -3.4094483 -3.5089399 -3.5993189 -3.6711739 -3.6967823 -3.6746731 -3.5804248 -3.4532968 -3.2727768 -3.0853992 -2.9312051 -2.8014114 -2.7516657 -2.7444349 -2.8029593 -2.9114137 -3.0330145 -3.1299365 -3.2150917 -3.2092393 -3.1664862 -3.0614674 -2.9306274 -2.7784639 -2.7067255 -2.6527976 -2.7474361 -2.883678 -3.1060708 -3.3018657 -3.4832915 -3.4508012 -3.3599623 -3.0029633 -2.5759553 -2.043383 -1.5744719 -1.1355387 -1.0012602 -1.0170562 -1.2628587 -1.6309034 -2.0581317 -2.4284511 -2.6931102 -2.7516347 -2.5982943
-2.8608823 -3.0001545 -3.1642441 -3.2650906 -3.3453522 -3.3670471 -3.3747553 -3.351367 -3.3458936 -3.3409172 -3.3927216 -3.450322 -3.5502055 -3.6569556 -3.7312352 -3.7798732 -3.7716812 -3.7106962 -3.5470298 -3.4413378 -3.2755185 -3.1214525 -2.9826394 -2.9294465 -2.9068316 -2.9593515 -3.0474842 -3.1449088 -3.2323263 -3.2549789 -3.2748617 -3.2136667 -3.0892375 -2.9433733 -2.8307648 -2.7589086 -2.7881708 -2.9195462 -3.109244 -3.29557 -3.4825374 -3.5149859 -3.459929 -3.2189646 -2.7942189 -2.3420299 -1.9425434 -1.5251378 -1.354726 -1.3617382 -1.5169008 -1.7389547 -2.1001037 -2.3590194 -2.6133304 -2.6676881 -2.5884558
-2.8575019 -3.0596683 -3.2476272 -3.397091 -3.4913461 -3.524562 -3.5297984 -3.4829 -3.4497362 -3.4069933 -3.4039873 -3.443885 -3.514609 -3.6251551 -3.752674 -3.8348331 -3.9109715 -3.9109715 -3.8248274 -3.7497262 -3.5784452 -3.400352 -3.2314975 -3.0798718 -3.0124551 -2.9972727 -3.0470185 -3.1382381 -3.2298779 -3.2884023 -3.357906 -3.3171739 -3.2344974 -3.0940388 -2.9805225 -2.8781111 -2.8864322 -2.9626784 -3.1345842 -3.2994486 -3.4925792 -3.5484913 -3.5502253 -3.3483344 -3.036121 -2.6269485 -2.298754 -1.9124928 -1.7297803 -1.6706408 -1.7777242 -1.87599 -2.1510548 -2.3370679 -2.5201661 -2.5722344 -2.5522403
-2.9044643 -3.1341792 -3.3718534 -3.5359737 -3.6668836 -3.7046299 -3.7098663 -3.6509923 -3.5801302 -3.5042169 -3.4536612 -3.464134 -3.5083998 -3.6189459 -3.7464647 -3.895702 -3.9971641 -4.0910394 -4.0437832 -3.9980958 -3.821222 -3.636303 -3.4096835 -3.2226843 -3.0588159 -3.0174456 -3.009763 -3.1030257 -3.1988317 -3.3097326 -3.3889522 -3.4000068 -3.3363248 -3.2306421 -3.1152804 -3.0085051 -2.9909478 -3.0372335 -3.1718397 -3.3351198 -3.5174162 -3.5909536 -3.6247361 -3.4842775 -3.2413806 -2.9312012 -2.6170586 -2.2912564 -2.0923933 -1.9950476 -1.9950476 -2.0636916 -2.1883102 -2.3036851 -2.4136485 -2.4604681 -2.4596555
-2.9920458 -3.2481611 -3.5036808 -3.6840231 -3.8191186 -3.8566744 -3.8586707 -3.7697731 -3.6859402 -3.5564519 -3.4863127 -3.4617019 -3.4928698 -3.5918943 -3.7291118 -3.8894928 -4.0282922 -4.1343756 -4.1149924 -4.0952968 -3.9132736 -3.716315 -3.4528424 -3.2278826 -3.0348893 -2.9528598 -2.9332252 -3.0285454 -3.1299392 -3.2571163 -3.3824087 -3.4258424 -3.4019939 -3.3146969 -3.2142632 -3.1072866 -3.079657 -3.1109631 -3.2279149 -3.3632489 -3.5381692 -3.6155753 -3.6625423 -3.563999 -3.3580518 -3.0910488 -2.8371356 -2.532331 -2.3200495 -2.1967391 -2.1396483 -2.0762535 -2.1466715 -2.1585696 -2.2445656 -2.2853409 -2.3497676
