P1_models/J1_p1_vp_slide_diff2_220.dat.tif
NCOLS 118
NROWS 92
XLLCORNER 139.62
YLLCORNER -39.07
DX 0.099491525
DY 0.099347826
NODATA_VALUE -9999
[rows 23 to 45 of 92, columns 53 to 105 of 118]
0.077938464 0.079990069 0.074761256 0.066689692 0.058088294 0.049486897 0.040885499 0.035624027 0.032632174 0.029640322 0.02664847 0.023099345 0.018505679 0.019898358 0.017858057 0.013494539 0.0091310218 0.0047675044 0.0021840522 0.0029342572 0.012507921 0.022081585 0.03165525 0.04101804 0.031548136 0.022078232 0.012608328 0.0031384246 0.011107791 0.0028966071 -0.0076972434 -0.0097501478 -0.011803052 -0.013855957 -0.016612934 -0.020638586 -0.024664238 -0.028689891 -0.034833004 -0.044575594 -0.035854674 -0.029692819 -0.024286723 -0.018880626 -0.01347453 -0.01078048 -0.012626271 -0.017063402 -0.021500533 -0.025937663 -0.027135636 -0.028437122 -0.031801726
0.077992365 0.079933794 0.071332396 0.062730998 0.054129601 0.045528203 0.036926805 0.031665333 0.028673481 0.025681628 0.022689776 0.019697924 0.016452773 0.01320206 0.0088385423 0.0044750249 0.00011150747 -0.0042520099 -0.0043246026 0.0052490615 0.014822726 0.02439639 0.033970054 0.043332844 0.03386294 0.024393036 0.014923133 0.0054532289 -0.0040166748 -0.0077090828 -0.0097619871 -0.011814892 -0.013867796 -0.0159207 -0.018677677 -0.02270333 -0.026728982 -0.030754635 -0.034780287 -0.039564025 -0.033679087 -0.028272991 -0.022866894 -0.017460798 -0.012054701 -0.014328625 -0.018765756 -0.023202886 -0.027640017 -0.032077148 -0.035153997 -0.038518601 -0.041883205
0.072081263 0.073441936 0.065063833 0.056462435 0.047861038 0.03925964 0.030658242 0.029651065 0.029538869 0.026547017 0.023555164 0.020563312 0.01757146 0.018915218 0.014632558 0.010269041 0.0059055232 0.0015420058 0.0032923287 0.012865993 0.022439657 0.032013321 0.041586985 0.033242303 0.024614031 0.015144127 0.0056742235 -0.0037956802 -0.013265584 -0.017662361 -0.019715266 -0.02176817 -0.023821074 -0.022864462 -0.01522508 -0.012686582 -0.016712234 -0.020737887 -0.024763539 -0.028508006 -0.02310191 -0.017695814 -0.012289717 -0.0068836209 -0.010529432 -0.022275001 -0.026897772 -0.031334903 -0.035772034 -0.040209165 -0.037664304 -0.039049476 -0.04241408
0.065026933 0.066387606 0.058074556 0.049751173 0.041149775 0.032548377 0.02394698 0.022939802 0.027093218 0.028336969 0.025345116 0.022353264 0.019361412 0.02070517 0.022197904 0.018902155 0.014538638 0.01017512 0.011925443 0.021499108 0.031072772 0.038417701 0.029588565 0.020762314 0.012193653 0.0036249925 -0.0057909384 -0.015260842 -0.024730746 -0.029127523 -0.031180427 -0.033233332 -0.031020075 -0.023102052 -0.015462669 -0.0083253724 -0.0043799984 -0.0084056508 -0.012431303 -0.016175771 -0.010769674 -0.0053635778 4.2518623e-05 -0.0045333909 -0.010260981 -0.022006551 -0.034393054 -0.039848801 -0.044285931 -0.048723062 -0.046178201 -0.040304818 -0.041114526
0.057972603 0.059333276 0.051020226 0.042707176 0.034394126 0.025837115 0.017235717 0.01622854 0.020381955 0.024535371 0.027135068 0.024143216 0.021151364 0.022495121 0.023987856 0.025480591 0.023171753 0.018808235 0.020558558 0.030132222 0.034766848 0.025937712 0.017108576 0.0082823245 -0.00028633621 -0.0088549969 -0.017423658 -0.026726004 -0.036195908 -0.040592685 -0.042645589 -0.039175688 -0.031257665 -0.023339641 -0.015700258 -0.0085629616 -0.0014256649 0.0039265851 -9.9067248e-05 -0.0038435346 0.0015625618 0.0069686581 0.0014626501 -0.0042649404 -0.009992531 -0.0217381 -0.034124604 -0.046511107 -0.052799829 -0.057236959 -0.054692098 -0.048818716 -0.042945333
0.050918274 0.052278946 0.043965896 0.035652846 0.027339796 0.019026746 0.010524454 0.0095172769 0.013670693 0.017824109 0.021977524 0.025933168 0.022941316 0.024285073 0.025777808 0.027270543 0.028763277 0.02744135 0.029191673 0.031115994 0.022286859 0.013457723 0.0046285867 -0.0041976649 -0.012766326 -0.021334986 -0.029903647 -0.038472308 -0.04766107 -0.052057847 -0.047331301 -0.039413278 -0.031495254 -0.02357723 -0.015937848 -0.0088005509 -0.0016632541 0.0054740426 0.012233169 0.0084887013 0.013186282 0.0074586912 0.0017311006 -0.0039964899 -0.0097240805 -0.02146965 -0.033856153 -0.046242657 -0.05862916 -0.065750857 -0.063205996 -0.057332613 -0.05145923
0.037482659 0.046084089 0.037771039 0.02945799 0.02114494 0.01283189 0.0045188397 0.0035648844 0.0077183003 0.011871716 0.016025132 0.020178548 0.024331964 0.023870718 0.025363453 0.026856188 0.028348922 0.029841657 0.026806484 0.017977348 0.0091482124 0.00031907648 -0.0085100594 -0.014681934 -0.022120076 -0.030688737 -0.039257398 -0.047826058 -0.056394719 -0.053686712 -0.045768689 -0.037850665 -0.029932641 -0.022014618 -0.017568168 -0.010430871 -0.0032935747 0.0038437221 0.010981019 0.01773478 0.012007189 0.0062795987 0.00055200814 -0.0051755824 -0.010805734 -0.021594108 -0.033980612 -0.046367115 -0.058753619 -0.071140122 -0.069955065 -0.064081682 -0.058208299
0.028020096 0.03744871 0.037829088 0.030338592 0.022025542 0.013712492 0.0053994419 0.0042158112 0.0080131731 0.012166589 0.016320005 0.020473421 0.024626836 0.010607567 0.0068025311 0.0082952658 0.0097880005 0.011280735 0.0082455624 -0.00058357354 -0.0094127094 -0.018241845 -0.021290955 -0.0097790133 -0.0081529839 -0.01430628 -0.022874941 -0.031443602 -0.040012263 -0.037304256 -0.029386232 -0.021468208 -0.013550185 -0.013393491 -0.018769526 -0.023526606 -0.016389309 -0.0092520124 -0.0021147156 0.0046390453 -0.0010885452 -0.0068161358 -0.012543726 -0.017788309 -0.018900468 -0.026327828 -0.037339625 -0.049726129 -0.062112632 -0.074499136 -0.067420127 -0.056302113 -0.05042873
0.018557532 0.027986147 0.028366525 0.028746902 0.022906144 0.014593094 0.0062800441 0.0050964134 0.0087575239 0.012461462 0.016614878 0.020768293 0.024921709 0.01090244 -0.0037412656 -0.010265656 -0.0087729214 -0.0072801867 -0.010315359 -0.019144495 -0.027973631 -0.028010671 -0.016388034 -0.0048760924 -0.003250063 -0.0016240335 -0.0064924846 -0.015061145 -0.023629806 -0.020921799 -0.013003776 -0.005085752 -0.0065461401 -0.011458957 -0.016834991 -0.023045703 -0.029256414 -0.022347747 -0.01521045 -0.0084566892 -0.01418428 -0.01991187 -0.024770884 -0.025883043 -0.026995202 -0.034422562 -0.042522512 -0.053085142 -0.065471646 -0.077858149 -0.07077914 -0.054420345 -0.042649161
0.009094969 0.018523584 0.018903961 0.019284339 0.019664716 0.015473696 0.0071606463 0.0059770156 0.0096381261 0.013299237 0.016960347 0.021063166 0.025216582 0.011197313 -0.0034463928 -0.018090098 -0.027333843 -0.025841109 -0.028876281 -0.037705417 -0.034730387 -0.02310775 -0.011485113 2.6828517e-05 0.0016528579 0.0032788874 0.0049049168 0.0013213112 -0.0072473495 -0.0045393428 0.0033786809 0.00030121102 -0.0046116054 -0.0095244219 -0.014900456 -0.021111168 -0.027321879 -0.033532591 -0.028306185 -0.021552424 -0.027280014 -0.031753459 -0.032865618 -0.033977777 -0.035089936 -0.042517296 -0.050617246 -0.058717195 -0.068830659 -0.081217163 -0.074138153 -0.057779359 -0.041420564
0.00015632478 0.0090610204 0.0094413978 0.0098217752 0.010202153 0.01058253 0.0080412486 0.0068576178 0.010518728 0.014179839 0.017840949 0.02150206 0.025511455 0.011492185 -0.00315152 -0.017795225 -0.032438931 -0.04440203 -0.047437203 -0.041450103 -0.029827466 -0.018204829 -0.0065821925 0.0049297494 0.0065557788 0.0081818083 0.0098078377 0.011433867 0.009135107 0.011843114 0.0071485622 0.0022357457 -0.0026770707 -0.0075898872 -0.012965922 -0.019176633 -0.025387345 -0.031598056 -0.037808768 -0.034648158 -0.038736034 -0.039848193 -0.040960352 -0.042072511 -0.04318467 -0.05061203 -0.05871198 -0.066811929 -0.074911879 -0.084576176 -0.077497167 -0.061138372 -0.044779578
0.0036298415 0.0011147346 0.001046731 0.0014271085 0.0018074859 0.0021878633 0.0025682407 0.0041038699 0.0077649804 0.011426091 0.015087201 0.018748312 0.022409422 0.016188554 0.0015448485 -0.013098857 -0.027742562 -0.042386268 -0.045507685 -0.033885048 -0.022262411 -0.010639774 0.00098286247 0.010630737 0.0082130349 0.0098390643 0.011465094 0.013091123 0.014717153 0.011870701 0.0069578841 0.0020450676 -0.0028677488 -0.0077805652 -0.01068534 -0.016577556 -0.022788267 -0.028998979 -0.035209691 -0.041268401 -0.04238056 -0.043492719 -0.044604878 -0.045717038 -0.046436791 -0.052714165 -0.060814115 -0.068914064 -0.077014014 -0.085113963 -0.080887738 -0.064528943 -0.048170149
-0.00068250203 -0.003197609 -0.0047265806 -0.0052063027 -0.0048259253 -0.0044455478 -0.0040651704 -0.0027670382 -0.00084525275 0.0026782988 0.0063394093 0.01000052 0.01366163 0.016390603 0.013500496 -0.0011432099 -0.015786915 -0.030430621 -0.033552038 -0.021929401 -0.010306764 0.0013158726 0.010451894 0.017928267 0.0099991678 0.0061433251 0.0077693546 0.009395384 0.011021413 0.0081749614 0.0032621449 -0.0016506715 -0.0065634879 -0.0093032396 -0.011726117 -0.013820507 -0.019093176 -0.025303888 -0.031514599 -0.03757331 -0.038685469 -0.039797628 -0.040909787 -0.041498882 -0.041391002 -0.046510802 -0.053032804 -0.061132754 -0.069232703 -0.077332653 -0.075872427 -0.067971561 -0.051612767
-0.0049948456 -0.0075099526 -0.0090389241 -0.010567896 -0.011459336 -0.011078959 -0.010698582 -0.0094004493 -0.0074786639 -0.0055568785 -0.0024083828 0.0012527277 0.0049138381 0.0076428114 0.010339755 0.010812437 -0.0038312683 -0.018474974 -0.021596391 -0.0099737541 0.0016488827 0.010100552 0.017749424 0.025225797 0.017296698 0.0093675984 0.0040736154 0.0056996449 0.0073256743 0.0044792223 -0.00043359419 -0.0051336636 -0.0077388398 -0.010344016 -0.012766893 -0.014861284 -0.016955674 -0.021608797 -0.027819508 -0.033878219 -0.034990378 -0.036102537 -0.036560972 -0.036453092 -0.036345212 -0.041465012 -0.047141578 -0.053351443 -0.061451393 -0.069551342 -0.068091116 -0.062073272 -0.055055385
-0.0093071892 -0.011822296 -0.013351268 -0.014880239 -0.016409211 -0.01771237 -0.017331993 -0.01603386 -0.014112075 -0.01219029 -0.010268504 -0.0074950644 -0.0038339539 -0.0011049806 0.0015919633 0.0042889072 0.0069858511 -0.0065193267 -0.009640744 0.0019818929 0.0097492104 0.017398082 0.025046954 0.032523326 0.024594227 0.016665128 0.008736029 0.0020039057 0.0036299352 0.00078348312 -0.0035692639 -0.0061744401 -0.0087796163 -0.011384793 -0.01380767 -0.01590206 -0.01799645 -0.020090841 -0.024124417 -0.030183127 -0.031295286 -0.031623062 -0.031515182 -0.031407302 -0.031299422 -0.036419223 -0.042095788 -0.047772354 -0.053670082 -0.061770032 -0.060309806 -0.054291961 -0.048274117
-0.017601522 -0.01613464 -0.017663611 -0.019192583 -0.020721554 -0.022250526 -0.023779497 -0.022667272 -0.020745486 -0.018823701 -0.016901915 -0.01498013 -0.012581746 -0.0098527727 -0.0071558288 -0.0044588849 -0.0017619409 0.00093500297 0.0017489969 0.0093978685 0.01704674 0.024695612 0.032344483 0.039820856 0.031891757 0.023962658 0.016033559 0.0081044597 0.00017536053 -0.0020048641 -0.0046100403 -0.0072152166 -0.0098203928 -0.012425569 -0.014848446 -0.016942836 -0.019037227 -0.021131617 -0.023226008 -0.026488036 -0.026685153 -0.026577273 -0.026469393 -0.026361513 -0.026253633 -0.031373433 -0.037049998 -0.042726564 -0.048403129 -0.054079695 -0.052528495 -0.046510651 -0.040492806
-0.021537846 -0.026214234 -0.027743206 -0.029272177 -0.030801149 -0.03233012 -0.028384495 -0.029692224 -0.031045503 -0.029123718 -0.027201933 -0.025280147 -0.023358362 -0.020687168 -0.017990225 -0.015293281 -0.012596337 -0.0078841714 0.00040412356 0.0080529952 0.015701867 0.023350738 0.03099961 0.036200029 0.024742675 0.016813576 0.0088844766 0.00095537743 -0.0069737217 -0.01126133 -0.013866506 -0.016471683 -0.019076859 -0.020548451 -0.020156295 -0.023025741 -0.025120131 -0.027214522 -0.029308912 -0.031337647 -0.031229767 -0.031121887 -0.031014007 -0.030906127 -0.037341875 -0.04332324 -0.048999805 -0.054676371 -0.060352936 -0.060815444 -0.05534014 -0.049322296 -0.043304451
-0.033568004 -0.038244392 -0.039773363 -0.041302335 -0.042831307 -0.036542482 -0.027204848 -0.028512576 -0.037054279 -0.040663832 -0.038742047 -0.036820261 -0.034898476 -0.032227282 -0.029530338 -0.026833395 -0.02094002 -0.012152024 -0.0038637295 0.0037851422 0.011434014 0.018932059 0.024035237 0.02894807 0.016861539 0.0047784505 -0.0031506487 -0.011079748 -0.019008847 -0.023296455 -0.025901632 -0.028506808 -0.029190829 -0.026563314 -0.026171158 -0.029806917 -0.032908353 -0.035002744 -0.037097134 -0.039125869 -0.039017989 -0.038910109 -0.038802229 -0.046196591 -0.055039827 -0.061021191 -0.066697756 -0.072374322 -0.071547029 -0.067209772 -0.061734469 -0.055716624 -0.04969878
-0.045598161 -0.05027455 -0.051803521 -0.053332493 -0.04470047 -0.035362835 -0.0260252 -0.027332929 -0.035874632 -0.044416334 -0.05028216 -0.048360375 -0.04643859 -0.043767396 -0.041070452 -0.033995869 -0.025207873 -0.016419877 -0.0081315825 -0.00048271087 0.0065769215 0.0116801 0.016783278 0.02169611 0.0096095795 -0.0024769514 -0.014563482 -0.023114873 -0.031043972 -0.035331581 -0.037936757 -0.037833207 -0.035205692 -0.032578177 -0.032186021 -0.03582178 -0.039457538 -0.042790965 -0.044885356 -0.046914091 -0.046806211 -0.046698331 -0.055051306 -0.063894542 -0.072737778 -0.078719142 -0.084395708 -0.082278614 -0.077941357 -0.073604101 -0.068128797 -0.062110953 -0.05090874
-0.057628319 -0.062304708 -0.062196093 -0.052858458 -0.043520823 -0.034183188 -0.024845553 -0.026153281 -0.034694984 -0.043236687 -0.05177839 -0.059900489 -0.057978703 -0.05530751 -0.047051718 -0.038263722 -0.029475726 -0.02068773 -0.012399436 -0.0057782161 -0.00067503787 0.0044281404 0.0095313187 0.014444151 0.0023576201 -0.0097289108 -0.021815442 -0.033901972 -0.043079097 -0.047366706 -0.046475585 -0.04384807 -0.041220555 -0.03859304 -0.038200884 -0.041836643 -0.045472401 -0.049108159 -0.052673577 -0.054702312 -0.055062785 -0.063906021 -0.072749257 -0.081592493 -0.090435729 -0.096417093 -0.093010199 -0.088672942 -0.084335686 -0.079998429 -0.074523126 -0.062622094 -0.048420077
-0.068313704 -0.070863388 -0.061525753 -0.052188118 -0.042850483 -0.033512848 -0.024175213 -0.023670821 -0.032212524 -0.040754226 -0.049295929 -0.057837632 -0.066379335 -0.059567554 -0.050779558 -0.041991562 -0.033203566 -0.02441557 -0.017243998 -0.01214082 -0.0070376412 -0.0019344629 0.0031687153 0.0079837408 -0.0023470772 -0.014433608 -0.026520139 -0.03860667 -0.050693201 -0.052715525 -0.05008801 -0.047460495 -0.04483298 -0.042205465 -0.043625999 -0.047261757 -0.050897516 -0.054533274 -0.058169032 -0.061960039 -0.070803275 -0.079646511 -0.088489747 -0.097332983 -0.10606758 -0.10120205 -0.096864796 -0.092527539 -0.088190283 -0.083853026 -0.07507721 -0.060875193 -0.046673176
-0.068856735 -0.071593578 -0.064464655 -0.055359004 -0.046021369 -0.036683734 -0.027346099 -0.020907495 -0.019904174 -0.028445876 -0.036987579 -0.045529282 -0.054070985 -0.055756612 -0.050434589 -0.041646593 -0.032858597 -0.024070601 -0.016899028 -0.01179585 -0.0066926717 -0.0015894935 0.0029497296 0.0061179041 0.0085715904 7.3288382e-05 -0.012013242 -0.024099773 -0.036186304 -0.038208628 -0.035581113 -0.032953599 -0.030326084 -0.029247946 -0.03448485 -0.04823896 -0.051874718 -0.055510476 -0.059146234 -0.062937241 -0.071780477 -0.080623713 -0.089466949 -0.09790493 -0.10319749 -0.089618918 -0.081564597 -0.07722734 -0.072890084 -0.068552827 -0.069741375 -0.064722702 -0.050520684
-0.069399766 -0.072136609 -0.065007686 -0.057878763 -0.049192256 -0.039854621 -0.030516986 -0.024078382 -0.019609791 -0.016137526 -0.024679229 -0.033220932 -0.041762635 -0.043448261 -0.044898305 -0.041301623 -0.032513627 -0.023725631 -0.016554059 -0.011450881 -0.0063477023 -0.002092282 0.0010838928 0.0042520674 0.0067057537 0.0091594399 0.0024936539 -0.0095928769 -0.021679408 -0.023701732 -0.021074217 -0.018446702 -0.017686203 -0.017579015 -0.022815919 -0.037682394 -0.052548868 -0.056487678 -0.060123436 -0.063914443 -0.072757679 -0.081600915 -0.089742276 -0.095034835 -0.10032739 -0.086748822 -0.071160414 -0.061927141 -0.057589884 -0.053252628 -0.054441176 -0.058264038 -0.054368193
