P1_models/J1_p1__temp2_slide_60.dat.tif
NCOLS 118
NROWS 92
XLLCORNER 139.62
YLLCORNER -39.07
DX 0.099491525
DY 0.099347826
NODATA_VALUE -9999
[rows 27 to 53 of 92, columns 0 to 59 of 118]
-9999 667.88433 664.68429 661.07715 655.04568 649.01421 642.98274 637.12012 631.45236 625.78461 620.11685 616.3496 613.10389 611.24954 612.18144 613.11335 614.04525 613.76037 612.98765 614.99627 623.42154 631.84682 635.40561 638.3688 641.33199 646.67315 658.38786 670.10256 681.81727 684.31141 683.09053 680.35309 674.69219 669.03129 664.38815 659.77612 655.1641 652.5695 652.86112 653.15273 653.44434 654.04442 654.67397 657.60691 662.19574 666.78456 670.35698 667.86271 665.36844 664.89485 664.77049 664.64612 669.79267 680.77227 690.45478 695.64433 700.83388 706.02343 716.38683 727.69155
-9999 664.28456 659.83932 653.80785 647.77638 641.74491 635.71344 629.85081 624.18306 618.5153 612.84755 607.17979 602.69562 600.84127 601.77317 602.70508 603.63698 604.56888 604.75235 606.76097 614.28113 617.24432 620.20751 623.1707 626.13389 631.47505 643.18975 654.90446 666.61916 678.33387 684.10726 681.36982 675.9437 671.33167 666.71965 662.10763 657.49561 654.90101 655.19262 655.48423 655.77585 656.06746 656.58905 659.522 664.11082 668.69965 673.28848 677.87731 675.86126 675.38767 675.26331 675.13894 675.01458 678.05394 687.73645 692.926 698.11555 703.3051 708.49465 717.69758
-9999 659.31834 653.28687 647.2554 641.22393 635.19246 629.16099 622.84985 617.18209 611.51434 605.84658 600.17883 594.51107 591.22747 592.15937 593.09128 594.02318 594.95509 595.88699 597.43312 600.39631 603.3595 606.32269 609.28588 612.24907 618.017 629.7317 641.44641 653.16112 664.87582 676.59053 682.72856 678.11653 673.50451 668.89249 664.28047 659.66844 656.2883 656.57991 656.87153 657.16314 657.45475 657.74637 660.58606 665.17489 669.76372 674.35254 678.94137 683.5302 683.98246 683.85809 683.73373 683.60937 683.485 685.56235 690.7519 695.94145 701.131 706.32055 711.5101
-9999 658.6673 652.63583 646.60436 640.57289 634.54142 629.08869 621.78878 612.39014 606.72239 601.05463 595.38688 589.71913 586.69837 588.97838 590.01784 590.94974 591.88164 592.81355 594.35968 597.32287 600.28606 603.24925 606.21244 614.88297 624.84632 631.22558 642.31306 654.02777 665.74247 677.45718 683.59521 678.98318 674.37116 669.75914 665.14712 659.39822 654.14078 650.19417 650.48579 650.7774 651.06901 651.36063 654.36549 659.23304 663.82187 668.4107 672.99953 677.58836 677.37839 676.82765 676.70329 676.57892 676.45456 679.27859 692.31554 698.24759 703.43714 708.62669 713.81624
-9999 658.01625 651.98478 645.95331 640.04818 634.65933 629.27047 621.97056 612.46504 602.95953 596.26269 590.59493 584.92718 581.90642 584.18644 586.46645 587.8763 588.8082 589.74011 591.28624 594.24943 597.21262 600.17581 611.13705 622.43763 632.40099 638.78025 645.15951 654.89442 666.60912 678.32383 684.46186 679.84984 675.23781 670.54883 664.51695 658.48507 653.22763 649.07814 644.92866 644.39166 644.68327 644.97489 647.97975 652.93512 657.88002 662.46885 667.05768 671.64651 671.43654 670.39721 669.67284 669.54848 669.42411 672.24815 685.28509 698.32204 705.74328 710.93283 716.12238
-9999 657.36521 651.33374 645.61882 640.22996 634.84111 629.45226 622.15235 612.64683 603.14131 593.63579 585.80299 580.13523 577.11448 579.39449 581.6745 583.95452 585.73476 586.66667 588.2128 591.17599 596.09055 607.39113 618.69171 629.99229 639.95565 646.33491 652.71417 659.09343 667.47577 679.19048 685.32851 680.71649 675.66756 669.63568 663.6038 657.57191 652.31447 648.16499 644.01551 639.86602 638.29753 638.58915 641.59401 646.54938 651.50476 656.46013 661.11584 665.70466 665.4947 664.45536 663.41603 662.51803 662.39367 665.21771 678.25465 691.29159 704.32854 713.23896 718.42851
-9999 656.71416 651.18945 645.8006 640.41175 635.0229 629.63404 622.33413 612.82862 603.3231 593.81758 584.31206 575.34328 572.32253 574.60254 576.88256 579.16257 581.44258 583.59322 585.13936 592.34464 603.64522 614.9458 626.24638 637.54695 647.51031 653.88957 660.26883 666.6481 673.02736 680.05713 686.19516 680.78629 674.75441 668.72253 662.69064 656.65876 651.40132 647.25184 643.10235 638.95287 634.80339 632.20341 635.20827 640.16364 645.11902 650.07439 655.02977 659.76282 659.55285 658.51352 657.47419 656.43486 655.39553 658.18726 671.22421 684.26115 697.29809 710.33503 720.73465
-9999 658.88196 653.49311 648.10426 642.71541 637.32655 631.9377 619.70093 609.94423 600.43871 590.93319 581.42767 571.92216 571.08848 575.62861 577.90862 580.18864 582.46865 584.74867 589.75636 601.05694 612.35752 623.6581 634.95868 646.25926 651.36258 657.45052 663.82978 670.20904 676.5883 682.96757 685.10759 679.0757 673.04382 667.01193 660.98005 654.94816 652.23268 648.09043 643.94094 639.79146 635.64198 631.4925 629.18018 634.13556 639.09093 644.04631 649.00168 653.95706 654.13045 653.09112 652.05179 651.01246 649.97313 650.97714 662.85047 675.88742 688.92436 701.9613 714.99825
-9999 664.68517 659.29632 653.90747 648.51862 642.17172 633.45887 621.10259 604.54133 592.49736 582.99185 573.48633 563.98081 563.14713 579.6793 588.5302 590.81022 593.09023 595.37025 600.37794 611.67852 622.9791 634.27968 644.9797 647.15525 650.09914 655.10238 660.80399 667.18325 673.56251 679.94178 682.0818 676.04991 670.01803 663.98614 658.8607 657.99057 655.81784 651.78158 647.66865 643.51916 639.36968 635.2202 632.05804 629.60566 633.65272 638.6081 643.56347 648.51885 648.97488 648.52544 647.48611 646.44678 645.40745 646.41146 654.49337 665.29823 678.33518 691.37212 704.40906
-9999 670.48838 665.09953 659.71068 652.28624 643.57339 634.86054 622.50426 605.943 589.38174 575.0505 565.54498 556.03946 555.20578 571.73796 588.27013 601.4318 603.71181 605.99182 610.99952 622.3001 633.60068 641.5407 643.71625 645.8918 648.83569 653.83894 658.84218 664.15746 670.53673 676.91599 679.05601 673.02412 666.99224 663.31599 662.44586 661.57573 659.40301 655.36674 651.33047 647.24687 643.09739 638.9479 635.78575 633.33337 630.88099 633.16988 638.12526 643.08063 643.53667 643.2151 642.89353 641.8811 640.84177 641.84578 649.92769 658.0096 667.746 680.78294 693.81988
-9999 676.29159 670.90274 662.40075 653.6879 644.97506 636.26221 623.90593 607.34467 590.78341 574.22215 557.66089 548.09812 547.26444 563.79661 580.32879 596.86096 613.39314 616.6134 621.6211 632.92168 638.10171 640.27726 642.45281 644.62836 647.57225 652.57549 657.57873 662.58198 667.58522 673.8902 676.03022 669.99833 667.77128 666.90115 666.03102 665.16089 662.98817 658.9519 654.91563 650.87936 646.82509 642.67561 639.51345 637.06107 634.60869 632.15631 632.68704 637.64242 638.09846 637.77689 637.45532 637.13374 636.27609 637.2801 645.36201 653.44392 661.52583 670.19376 683.2307
-9999 681.22812 672.51527 663.80242 655.08957 646.37672 637.66388 625.3076 608.74634 592.18508 575.62382 559.06255 542.50129 539.32309 555.85526 572.38744 588.91961 605.45179 621.98396 632.24268 634.66272 636.83827 639.01381 641.18936 643.36491 646.3088 651.31204 656.31529 661.31853 666.32177 671.32502 673.0967 672.22657 671.35644 670.48631 669.61618 668.74605 666.57333 662.53706 658.50079 654.46452 650.42825 646.39199 643.24115 640.78877 638.3364 635.88402 633.43164 632.20421 632.66024 632.33867 632.0171 631.69553 631.37396 632.71442 640.79633 648.87824 656.96015 665.04206 673.12397
-9999 680.41714 671.70429 662.99144 654.27859 645.56574 640.73885 632.97118 616.40992 599.84865 583.28739 566.72613 553.01997 550.96893 562.85858 579.39075 595.92293 612.4551 628.98728 641.17822 643.35377 645.52932 647.70487 649.88042 649.00856 645.34541 656.53161 661.53486 666.5381 671.54134 676.54459 679.54168 678.67155 677.80142 676.93129 676.06116 672.81867 666.85646 662.82019 658.78392 654.74765 650.71139 647.84054 648.01729 646.95507 644.50269 642.05031 639.59794 637.14556 636.50999 636.18842 635.86685 635.54528 635.36651 637.76432 645.84623 653.92814 662.01005 670.09196 671.74907
-9999 678.85781 670.14496 661.43211 652.71926 650.66871 650.52029 642.75262 626.19136 609.6301 593.06883 582.23207 574.5223 572.47125 581.75215 591.44855 607.98073 624.51291 641.04508 653.23603 655.41157 657.58712 659.76267 655.12873 644.86618 641.20304 655.22797 668.94707 673.95031 678.95355 683.9568 686.95389 686.08376 685.21363 684.3435 679.29342 671.98501 666.0228 661.98653 657.95027 653.914 651.62082 649.81454 649.99129 651.59363 651.49376 649.04138 646.589 644.13662 643.50105 643.17948 642.85791 642.91169 643.66853 646.06634 654.14825 662.23016 670.31207 669.21928 664.54851
-9999 677.29848 668.58563 660.747 660.59857 660.45015 660.30173 652.53406 635.9728 619.41154 611.44418 603.7344 596.02462 593.97358 603.25448 612.53538 621.81628 636.57071 653.10288 665.29383 667.46938 669.64493 661.24891 650.98636 640.72381 637.06067 651.0856 665.11053 679.13547 686.36577 691.36901 694.3661 693.49597 692.62584 685.76817 678.45976 671.15135 665.18914 661.15288 657.20739 655.40111 653.59482 651.78854 651.96529 653.56763 655.16996 656.03244 653.58006 651.12768 650.49212 650.17055 650.45686 651.21371 651.97056 654.36837 662.45028 670.53219 666.6895 662.01873 657.34795
-9999 675.73915 670.67686 670.52844 670.38002 670.23159 670.08317 662.3155 648.36606 640.65628 632.9465 625.23672 617.52695 615.4759 624.75681 634.03771 643.31861 652.59951 665.16069 677.35163 677.63164 667.36909 657.10654 646.84399 636.58144 632.9183 646.94323 660.96816 674.99309 689.01803 698.78122 701.77831 699.55134 692.24293 684.93451 677.6261 670.31769 664.35549 660.98768 659.18139 657.3751 655.56882 653.76253 653.93929 655.54163 657.14396 658.7463 660.34864 658.11875 657.48318 658.00204 658.75889 659.51573 660.27258 662.67039 668.83048 664.15971 659.48894 654.81817 650.1474
-9999 681.45637 681.30795 681.15953 681.01111 680.86269 680.71426 675.18961 667.47983 659.77005 652.06027 644.3505 636.64072 633.79361 643.07451 652.35541 661.63631 670.91721 680.19812 683.56937 673.30682 663.04427 652.78172 642.51917 632.25662 627.97954 642.00447 656.0294 670.05433 684.07927 698.1042 704.84236 697.53395 690.22554 682.91712 675.60871 668.3003 665.71946 663.91318 662.10689 660.3006 658.49432 656.68803 657.72519 659.32753 660.92987 662.5322 664.13454 665.73688 666.25554 667.01239 667.76924 668.52608 669.28293 668.43562 663.76485 659.09408 654.4233 649.75253 645.08176
-9999 698.49558 698.34716 698.19874 698.05032 697.90189 681.53204 670.89103 668.579 660.86922 653.15944 645.44966 637.73989 633.91222 637.85872 646.65454 655.93544 665.21634 674.49724 677.8685 667.60594 657.34339 647.08084 636.81829 629.817 627.13569 632.20976 645.08423 659.10916 673.13409 687.15903 693.89719 686.58878 679.28036 671.97195 664.66354 661.15877 663.93797 674.01495 672.20866 670.40238 668.59609 666.7898 670.49732 676.77893 678.38126 679.9836 681.58594 683.18827 681.84897 681.36498 682.12183 682.87867 683.63552 682.552 675.09369 670.13014 665.45937 660.7886 656.11782
-9999 715.53479 715.38637 715.23795 711.39073 693.45453 675.51833 664.87731 662.65588 660.43445 654.25861 646.54883 638.83905 635.01139 638.95789 642.90438 650.23456 659.51547 668.79637 672.16762 661.90507 651.64252 641.37997 635.66664 630.0918 627.41048 632.48455 637.55862 648.16399 662.18892 676.21386 682.95202 675.6436 668.33519 661.33219 658.71 656.08781 658.867 669.37365 679.8803 680.50415 678.69786 676.89158 680.59909 688.27041 695.83266 697.435 699.03733 700.63967 699.30037 697.45267 696.47442 697.23126 697.98811 696.90459 689.44628 681.98797 676.49543 671.82466 667.15389
-9999 732.574 732.42558 723.31322 705.37702 687.44082 669.50462 658.8636 656.64217 654.42073 652.1993 647.648 639.93822 636.11056 640.05706 644.00355 647.95005 653.81459 663.09549 666.46675 656.2042 647.09111 641.51627 635.94143 630.36659 627.68527 632.75934 637.83341 642.90748 651.24375 665.26868 672.00684 664.69843 658.88341 656.26122 653.63903 651.01684 653.79603 664.30268 674.80933 685.31598 688.79963 686.99335 690.70086 698.37218 706.0435 713.71482 716.48873 718.09107 716.75176 714.90406 713.05636 711.58385 712.3407 711.25718 703.79887 696.34056 688.88225 682.86072 678.18995
-9999 749.61321 735.23571 717.29951 699.36331 681.4271 663.4909 652.84989 650.62845 648.40702 646.18558 643.96415 641.03739 637.20973 641.15622 645.10272 649.04922 652.99571 657.39462 660.76587 652.94075 647.3659 641.79106 636.21622 630.64138 627.96007 633.03413 638.1082 643.18227 648.25634 654.32351 661.06167 656.43464 653.81245 651.19026 648.56806 645.94587 648.72507 659.23172 669.73836 680.24501 690.75166 697.09512 700.80264 708.47396 716.14528 723.8166 731.48792 735.54247 734.20316 732.35546 730.50776 728.66006 726.81236 725.60977 718.15146 710.69315 703.23484 695.77653 689.22602
-9999 742.49752 724.56132 706.62512 688.68891 670.75271 652.81651 653.24213 651.0207 648.79926 646.57783 644.35639 642.13496 641.89279 643.62146 647.56795 651.51445 655.46095 659.40744 660.47483 654.89999 649.32515 643.75031 638.17546 632.60062 625.31148 629.31894 634.39301 639.46708 644.54115 649.61522 652.06049 649.4383 646.81611 644.19392 641.57172 638.94953 650.23569 660.74234 671.24898 681.75563 692.26228 702.15399 706.21084 713.88216 721.55348 729.2248 736.89612 744.56744 744.12246 742.27476 740.42706 738.57936 736.73166 731.65231 724.194 716.73569 709.27738 701.81907 694.6228
-9999 724.41621 706.48001 688.54381 670.60761 659.88155 663.11421 663.81495 661.59351 659.37208 657.15064 656.53257 661.96709 662.82869 654.53275 652.20418 656.15068 660.09718 664.04368 665.11106 659.53622 653.96138 648.38654 642.04296 629.9166 621.22498 621.7393 624.3368 629.41087 634.48494 639.55901 642.00428 639.38209 636.7599 634.13771 635.32233 649.52432 662.206 672.71265 683.21929 693.72594 701.3789 704.08575 707.8489 712.3714 719.5025 727.17382 734.84514 742.51646 742.07148 740.22378 738.37608 736.52838 730.78573 724.48823 717.02992 709.57161 702.1133 695.76111 691.78145
-9999 706.33491 688.39871 670.46251 667.22171 670.45437 673.68703 674.38776 672.16633 669.94489 672.03395 677.46847 682.90299 683.76459 675.46865 667.17272 660.78691 664.73341 668.67991 669.74729 664.17245 658.59761 650.08281 637.95645 625.83009 617.13847 617.65279 618.16711 619.35466 624.42873 629.5028 631.94808 629.32589 626.70369 633.09064 647.29264 661.49463 674.17631 684.68295 695.1896 700.60381 703.31066 706.01752 709.78066 714.30317 718.82567 725.12284 732.79416 740.46548 740.0205 738.1728 735.54642 729.58404 723.62165 717.32415 709.86584 702.40753 696.89943 692.91977 688.9401
-9999 688.25361 671.32921 674.56187 677.79453 681.02719 684.25985 684.96058 682.73915 687.53532 692.96984 698.40436 703.83889 704.70049 696.40455 688.10862 679.81268 671.51675 673.31614 674.38353 668.80868 658.12266 645.9963 633.86995 621.74359 613.05196 613.56628 614.0806 614.59492 615.10924 619.44659 621.89187 619.26968 630.85896 645.06095 659.26295 673.46494 686.14662 696.65326 699.82871 702.53557 705.24243 707.94928 711.71243 716.23493 720.75743 725.27993 730.74318 738.4145 737.96952 734.34473 728.38234 722.41996 716.45757 710.16007 702.70176 698.03774 694.05808 690.07842 686.09876
-9999 678.66937 681.90203 685.13468 688.36734 691.6 694.83266 697.60218 703.0367 708.47122 713.90574 719.34026 724.77478 725.63638 717.34045 709.04451 700.74858 692.45264 684.15671 678.28887 666.16252 654.03616 641.9098 629.78344 617.65708 608.96545 609.47978 609.9941 610.50842 611.02274 611.53706 614.42528 628.62727 642.82927 657.03126 671.23325 685.43525 696.34677 699.05362 701.76048 704.46733 707.17419 709.88104 713.64419 718.16669 722.68919 727.21169 731.73419 736.36352 733.14303 727.18064 721.21826 715.25587 709.29349 703.15571 699.17605 695.19639 691.21673 687.23707 683.25741
-9999 684.825 688.05766 691.29032 694.52298 697.75564 701.66783 706.53085 711.96537 717.39989 722.83441 728.26893 728.84323 728.25348 732.84469 724.54875 716.25282 707.95688 699.66095 690.20675 678.08039 665.95403 653.82767 641.70131 633.15531 628.17624 619.52711 620.04143 620.55575 621.07007 621.58439 626.77397 640.97597 655.17796 669.37995 683.58195 695.29244 701.88188 704.58873 707.29559 710.00244 712.7093 714.5813 716.00006 719.03007 723.55257 728.07508 732.59758 737.12008 732.70274 726.74035 720.77797 714.81558 709.18046 704.61902 700.63935 696.65969 692.68003 688.70037 694.13818
