P1_models/J1_p1_tot_conduct_slide_2.19.dat.tif
NCOLS 118
NROWS 92
XLLCORNER 139.62
YLLCORNER -39.07
DX 0.099491525
DY 0.099347826
NODATA_VALUE -9999
[rows 0 to 25 of 92, columns 0 to 56 of 118]
-2.1215984 -2.1623887 -2.3016769 -2.4024838 -2.5209261 -2.5986887 -2.6484344 -2.6640902 -2.6404017 -2.6276352 -2.5894182 -2.5666979 -2.5486842 -2.5337563 -2.5057336 -2.4517972 -2.3473311 -2.2461315 -2.0572563 -1.8797944 -1.664736 -1.4946555 -1.3755468 -1.31914 -1.3787929 -1.4717929 -1.6807251 -1.9149372 -2.1671988 -2.3847838 -2.544583 -2.6260275 -2.6298475 -2.5653626 -2.4496647 -2.3052487 -2.1759097 -2.0588504 -1.9593589 -1.9091887 -1.8515883 -1.8374016 -1.7677576 -1.6777027 -1.5805878 -1.5521868 -1.436986 -1.4059258 -1.369271 -1.4572083 -1.5619362 -1.7791003 -2.0095597 -2.2712201 -2.5044429 -2.6452655 -2.7148284
-2.1625976 -2.2646985 -2.399486 -2.5224485 -2.6390669 -2.7224264 -2.7655778 -2.7595758 -2.7253148 -2.6959322 -2.6529949 -2.6102279 -2.5913257 -2.5714316 -2.5482006 -2.5371159 -2.4651449 -2.3326873 -2.1496446 -1.9917251 -1.7765885 -1.6190801 -1.494192 -1.4367768 -1.4837586 -1.5433434 -1.7108053 -1.9314451 -2.1739521 -2.3352439 -2.4872197 -2.5388874 -2.5399483 -2.4802282 -2.3702639 -2.2521305 -2.1324928 -2.0359292 -1.9517789 -1.8967878 -1.8457196 -1.7873989 -1.7110548 -1.5934337 -1.4798335 -1.3680672 -1.2313804 -1.1673483 -1.1094402 -1.1887042 -1.265327 -1.4864644 -1.6925096 -1.968751 -2.1957782 -2.3490804 -2.452158
-2.2437263 -2.3212544 -2.4505934 -2.5707835 -2.6844881 -2.7536991 -2.7835465 -2.7764983 -2.7291214 -2.6796717 -2.6249514 -2.5838921 -2.5689683 -2.5679951 -2.5729697 -2.5702545 -2.5254833 -2.4657838 -2.3364448 -2.2086725 -2.0395369 -1.8907488 -1.7912573 -1.7439248 -1.7737722 -1.8302184 -1.9695065 -2.1024899 -2.2616763 -2.3851602 -2.4584697 -2.4833369 -2.4485149 -2.3887948 -2.2788304 -2.1753793 -2.0808623 -2.0099649 -1.9576009 -1.9167684 -1.8748772 -1.8108604 -1.7262926 -1.6091946 -1.4678119 -1.3178215 -1.165966 -1.0743204 -1.0062473 -1.0500732 -1.1181463 -1.3044274 -1.5034104 -1.7490839 -1.976888 -2.1392162 -2.2607682
-2.2375171 -2.2906575 -2.3822918 -2.5024818 -2.5907319 -2.6426308 -2.6593617 -2.648961 -2.5925181 -2.5443038 -2.4945574 -2.453498 -2.455647 -2.4788504 -2.5285962 -2.5441152 -2.5789372 -2.5443707 -2.5244724 -2.4266685 -2.3868719 -2.2446754 -2.2115502 -2.2361604 -2.3107791 -2.3654506 -2.4748913 -2.5883278 -2.6380735 -2.7301026 -2.6620295 -2.6561594 -2.5118966 -2.4508872 -2.3187001 -2.2096624 -2.1429547 -2.091632 -2.0942042 -2.0786199 -2.0859913 -2.0365054 -1.9746621 -1.8600874 -1.7223907 -1.5634121 -1.4019171 -1.2859894 -1.1987337 -1.2110263 -1.2609588 -1.4030953 -1.5841305 -1.7831136 -1.999775 -2.1463941 -2.2748367
-2.2049305 -2.1814931 -2.2610863 -2.3440064 -2.4283815 -2.480021 -2.4961075 -2.4931065 -2.4414497 -2.3976604 -2.3550132 -2.325759 -2.3357082 -2.3806185 -2.4380731 -2.4958485 -2.5413557 -2.5839531 -2.5862387 -2.5949209 -2.5881831 -2.561467 -2.5664416 -2.6912394 -2.7950997 -2.8818836 -2.9945041 -3.0714235 -3.0998398 -3.0936645 -2.9930757 -2.8700931 -2.7047091 -2.5614007 -2.420018 -2.3130521 -2.2551356 -2.2515412 -2.2730355 -2.320288 -2.345007 -2.3446915 -2.2899712 -2.1908211 -2.0546748 -1.8885887 -1.721024 -1.5866551 -1.4819272 -1.4652858 -1.4914678 -1.6017978 -1.7488711 -1.9285484 -2.1146278 -2.2594784 -2.3863472
-2.0856071 -2.0384168 -2.0533406 -2.1166274 -2.1924304 -2.2440699 -2.2689428 -2.2695739 -2.2458854 -2.2175925 -2.1976942 -2.1863803 -2.2162277 -2.262643 -2.3422362 -2.4151284 -2.489747 -2.5529069 -2.6126019 -2.6632225 -2.7378412 -2.7876862 -2.9170252 -3.0575845 -3.2267201 -3.3662043 -3.4855941 -3.5681627 -3.5532389 -3.5096836 -3.3368825 -3.1619273 -2.9330968 -2.7432485 -2.5756839 -2.4682831 -2.4434102 -2.4564461 -2.5402285 -2.6121222 -2.6959046 -2.7110634 -2.6961396 -2.6069449 -2.476035 -2.3090842 -2.1258103 -1.9850037 -1.8544816 -1.8256546 -1.8143482 -1.9047184 -2.0096591 -2.169951 -2.3319511 -2.4733338 -2.5974613
-1.8381954 -1.7723231 -1.7608749 -1.7949154 -1.8735886 -1.927718 -1.976844 -2.0339518 -2.0545131 -2.0321645 -2.0373834 -2.0737648 -2.117908 -2.1875479 -2.2651497 -2.3349505 -2.3983068 -2.4682602 -2.5317345 -2.6028829 -2.6958902 -2.821708 -2.9832313 -3.1880873 -3.3867548 -3.6174794 -3.7769528 -3.8612197 -3.8430251 -3.7809811 -3.5928821 -3.3733607 -3.1302937 -2.8984795 -2.7309148 -2.6235141 -2.6180979 -2.661351 -2.7781427 -2.8932363 -3.0092544 -3.0559682 -3.0607218 -2.9968964 -2.8706138 -2.7045121 -2.5212383 -2.3778841 -2.2377974 -2.203569 -2.167615 -2.2529111 -2.3240477 -2.4800557 -2.6189552 -2.7585684 -2.8782562
-1.5792275 -1.4457409 -1.4208681 -1.457681 -1.5382218 -1.6355628 -1.7052068 -1.7889926 -1.8316318 -1.9015134 -1.9413101 -1.9896448 -2.0543143 -2.1348517 -2.2094703 -2.2635783 -2.3232732 -2.3689723 -2.4384601 -2.5186338 -2.642738 -2.7947168 -3.0135982 -3.2625999 -3.5179708 -3.759509 -3.9303853 -4.0552921 -4.0317615 -3.9591912 -3.744499 -3.5146528 -3.2510003 -3.019186 -2.8516214 -2.7735546 -2.7884783 -2.8638605 -3.0104796 -3.1581217 -3.294268 -3.3633592 -3.3782829 -3.322304 -3.2018669 -3.0533233 -2.8700494 -2.7296964 -2.5883137 -2.5425034 -2.5058487 -2.5663757 -2.6364107 -2.771822 -2.9072023 -3.0425562 -3.1671815
-1.2625563 -1.1207143 -1.0669414 -1.1048563 -1.1948724 -1.3035451 -1.4328841 -1.5327063 -1.6558863 -1.7434785 -1.8728175 -1.9399709 -2.0492477 -2.1470952 -2.2117647 -2.2632119 -2.273161 -2.3068799 -2.3218037 -2.3882398 -2.4927059 -2.6394858 -2.8751932 -3.1322059 -3.4356551 -3.6912073 -3.9001395 -4.0366644 -4.0366644 -3.9716097 -3.7569175 -3.5272011 -3.2685232 -3.0378137 -2.879749 -2.8077698 -2.852541 -2.9345023 -3.102067 -3.2554915 -3.4122435 -3.4854616 -3.5148862 -3.4662927 -3.3695164 -3.2385217 -3.093582 -2.9701877 -2.855311 -2.8210826 -2.7976829 -2.8548417 -2.9220357 -3.0491637 -3.1804089 -3.3060824 -3.4279696
-1.0172166 -0.84540346 -0.78680785 -0.81678424 -0.90856409 -1.0433284 -1.1916019 -1.3554708 -1.5135733 -1.670583 -1.8448347 -1.9690508 -2.0956318 -2.2366106 -2.3012801 -2.3306191 -2.3114436 -2.2965114 -2.26556 -2.2865007 -2.3524754 -2.496183 -2.7295099 -2.9579464 -3.2613955 -3.5445693 -3.7651092 -3.9246092 -3.9364203 -3.8877361 -3.6847952 -3.4584772 -3.2049081 -2.9798903 -2.8227984 -2.7424293 -2.7785758 -2.8652487 -3.0244162 -3.173591 -3.3225504 -3.4072593 -3.4384155 -3.4234811 -3.3400911 -3.2704702 -3.1453405 -3.1010096 -3.0007298 -3.0271999 -3.0114907 -3.0996202 -3.1644091 -3.2874672 -3.4107502 -3.527182 -3.6396887
-0.81609766 -0.63688988 -0.56724581 -0.59380392 -0.68855775 -0.8249661 -1.0040508 -1.2036144 -1.4073351 -1.6287452 -1.8476265 -2.0528469 -2.2319316 -2.3852406 -2.4499101 -2.473495 -2.4287238 -2.363025 -2.2933809 -2.2397077 -2.2745297 -2.3573136 -2.5562966 -2.7666488 -3.070098 -3.3524497 -3.5812802 -3.7579412 -3.7778395 -3.7473416 -3.5535949 -3.3410682 -3.0923394 -2.8739741 -2.7168822 -2.6241829 -2.6490558 -2.7108646 -2.8574837 -2.9855353 -3.1164452 -3.1871837 -3.2220057 -3.2165499 -3.1694223 -3.1308746 -3.0732743 -3.0665159 -3.0508067 -3.1087577 -3.1611217 -3.2653217 -3.3659149 -3.4887925 -3.6053204 -3.7152847 -3.8112657
-0.81609766 -0.63261017 -0.55482733 -0.58138544 -0.6670566 -0.80628178 -1.0040508 -1.2187651 -1.4746005 -1.7110938 -2.0045938 -2.2142871 -2.4342198 -2.6183215 -2.7028893 -2.7225863 -2.6429931 -2.56241 -2.4131727 -2.3385117 -2.2788167 -2.3511043 -2.5016584 -2.668866 -2.9325185 -3.2091075 -3.4329635 -3.6103559 -3.645178 -3.6189227 -3.4461216 -3.2355111 -2.9867823 -2.768417 -2.5953143 -2.479759 -2.4503602 -2.4908519 -2.5594402 -2.6640254 -2.7376816 -2.7999285 -2.8184052 -2.8329688 -2.821705 -2.8344034 -2.8435324 -2.9096832 -2.9638774 -3.0910406 -3.1921678 -3.3334078 -3.4528443 -3.5854996 -3.7036151 -3.7978702 -3.8862189
-0.92449455 -0.75250827 -0.67644584 -0.69952271 -0.78254943 -0.91430488 -1.110987 -1.3301 -1.5880176 -1.8571671 -2.1506671 -2.4431185 -2.6769236 -2.8869492 -2.971517 -3.0031749 -2.9137744 -2.81241 -2.6631727 -2.5021258 -2.4424309 -2.3861169 -2.5154559 -2.6340562 -2.8977088 -3.1127361 -3.3290368 -3.5034606 -3.5382826 -3.530655 -3.357854 -3.1720804 -2.9233516 -2.7045271 -2.5252179 -2.3914913 -2.3575811 -2.3278016 -2.3792766 -2.3951463 -2.439215 -2.4373674 -2.4418513 -2.4385074 -2.4390897 -2.4672431 -2.5370792 -2.644296 -2.798401 -2.9587444 -3.1576663 -3.3093657 -3.4879258 -3.6205812 -3.7478746 -3.8421297 -3.9118507
-1.1337374 -0.98948489 -0.9248154 -0.9412259 -1.0122913 -1.1368071 -1.3158919 -1.5350049 -1.8003156 -2.0817397 -2.4050872 -2.7069562 -2.9805579 -3.1945215 -3.294013 -3.3260554 -3.2166147 -3.0859772 -2.877045 -2.6979765 -2.5586883 -2.4843365 -2.5390568 -2.6441612 -2.858068 -3.0692714 -3.273229 -3.4374106 -3.4871564 -3.4840432 -3.3321877 -3.1495412 -2.9107616 -2.6849999 -2.475544 -2.321704 -2.2271871 -2.1685346 -2.1371163 -2.1176796 -2.0914976 -2.0680982 -2.0382507 -2.0349068 -2.050616 -2.123835 -2.2390357 -2.4150865 -2.6245423 -2.8475176 -3.0831554 -3.2787277 -3.4755073 -3.6133233 -3.739797 -3.8183429 -3.8826314
-1.4966994 -1.3830848 -1.337295 -1.3520547 -1.4104439 -1.5015575 -1.650953 -1.8502718 -2.084446 -2.3649969 -2.6766429 -2.9829141 -3.2541746 -3.4664712 -3.5659627 -3.5931873 -3.4715875 -3.3170494 -3.0711822 -2.8652585 -2.6761136 -2.5935077 -2.6231848 -2.6658967 -2.8372392 -3.0457392 -3.2410823 -3.4086162 -3.4714363 -3.4797347 -3.3582815 -3.1869304 -2.9719097 -2.7428463 -2.5333905 -2.3577147 -2.2382672 -2.143858 -2.0703839 -2.0074401 -1.9418441 -1.884043 -1.8270551 -1.814572 -1.8224435 -1.9155746 -2.0371947 -2.2482027 -2.4676605 -2.7306935 -2.9746908 -3.1905784 -3.3898895 -3.5335475 -3.6560242 -3.7255984 -3.7843941
-1.847223 -1.7957071 -1.7658596 -1.7839746 -1.8360892 -1.893326 -2.0276396 -2.1750726 -2.3977441 -2.6313851 -2.9372318 -3.2319945 -3.5006216 -3.6943346 -3.7924822 -3.8164949 -3.6913569 -3.5187848 -3.2628931 -3.0137024 -2.8108112 -2.6685104 -2.6635358 -2.6784951 -2.8385246 -3.0080924 -3.2008188 -3.3649078 -3.431653 -3.4603356 -3.3498737 -3.2196489 -3.0136527 -2.804547 -2.5950911 -2.4493067 -2.3199677 -2.211041 -2.1167858 -2.0185452 -1.9242901 -1.8307437 -1.7511505 -1.7059058 -1.7059058 -1.7759505 -1.9068604 -2.1036669 -2.3445411 -2.5942692 -2.8665618 -3.0725847 -3.2841845 -3.4206579 -3.5462506 -3.6135041 -3.6651187
-2.2456061 -2.2160359 -2.2359342 -2.2539025 -2.2823286 -2.3326707 -2.4072893 -2.5364555 -2.6927993 -2.9029358 -3.1566392 -3.4287487 -3.6675284 -3.8532911 -3.9328843 -3.9489587 -3.8146451 -3.6380022 -3.3594259 -3.0998039 -2.8610242 -2.7010023 -2.6512566 -2.6520023 -2.7813413 -2.9352373 -3.1192967 -3.2788063 -3.3583995 -3.3941037 -3.3155578 -3.1997793 -3.0405929 -2.8540683 -2.69174 -2.5559059 -2.4564144 -2.3572358 -2.2786899 -2.1828562 -2.0781283 -1.9792684 -1.8797768 -1.8254246 -1.7940062 -1.8483141 -1.9333532 -2.1121667 -2.3114252 -2.5389051 -2.7738371 -2.9621913 -3.1517207 -3.2733215 -3.3872941 -3.4501309 -3.499539
-2.5107868 -2.5130499 -2.550037 -2.5873069 -2.606046 -2.6464284 -2.6918434 -2.7389616 -2.8573328 -3.0480925 -3.2804144 -3.4865245 -3.7109592 -3.8668617 -3.9433689 -3.9455638 -3.8079445 -3.6285335 -3.3485158 -3.0785031 -2.835552 -2.6414376 -2.5836539 -2.5629675 -2.6845736 -2.8002855 -2.9665449 -3.1232864 -3.2040667 -3.2476477 -3.1764211 -3.0875701 -2.9442377 -2.817273 -2.6813087 -2.5878742 -2.5221059 -2.4810071 -2.4392997 -2.3893666 -2.3262667 -2.2566859 -2.1770126 -2.1164558 -2.0757109 -2.1217145 -2.1541552 -2.304347 -2.4152926 -2.6203952 -2.7533033 -2.9329911 -3.0356292 -3.1516265 -3.2214612 -3.2816557 -3.3224987
-2.7099777 -2.7709162 -2.820662 -2.8468423 -2.8563177 -2.849204 -2.8591532 -2.8916994 -2.9817156 -3.0955245 -3.2845584 -3.4752999 -3.6693084 -3.8162927 -3.8859368 -3.8914945 -3.7522064 -3.5723045 -3.2887536 -3.0153491 -2.7616457 -2.558811 -2.4792178 -2.4377859 -2.5372774 -2.6462637 -2.8054502 -2.9395193 -3.0240871 -3.074247 -3.021883 -2.9545072 -2.8450666 -2.7423926 -2.6533739 -2.6292239 -2.6143002 -2.6356937 -2.6409301 -2.6561851 -2.6300031 -2.5989715 -2.534302 -2.475987 -2.4183867 -2.3930846 -2.4035573 -2.4481285 -2.5371472 -2.6249314 -2.7453685 -2.8258788 -2.9226161 -2.985098 -3.0514657 -3.1038296 -3.1579816
-2.8031163 -2.8714185 -2.9386375 -2.9643051 -2.950092 -2.9237409 -2.8839901 -2.9025168 -2.9309429 -3.0332658 -3.172554 -3.3573244 -3.5352834 -3.6729444 -3.7376139 -3.7439278 -3.6195634 -3.4436471 -3.1799945 -2.9101754 -2.6614466 -2.4594632 -2.3610793 -2.3057022 -2.3753462 -2.4772297 -2.6065686 -2.7337148 -2.7934097 -2.8382959 -2.7859319 -2.7208691 -2.6313267 -2.5312785 -2.4938791 -2.5101983 -2.5848169 -2.6366918 -2.7713241 -2.8212216 -2.9032096 -2.9013619 -2.9068564 -2.8523923 -2.8033595 -2.7492783 -2.7140193 -2.6925563 -2.7047967 -2.7089849 -2.757787 -2.7695979 -2.8232682 -2.8398502 -2.8899733 -2.9371009 -2.9934817
-2.8062981 -2.8937691 -2.9619373 -2.9804464 -2.9630848 -2.929264 -2.8850967 -2.8504484 -2.8708342 -2.9384492 -3.0763751 -3.2112819 -3.3847272 -3.5124349 -3.5774459 -3.5974628 -3.4846992 -3.3167925 -3.0536234 -2.8187759 -2.5701017 -2.3740848 -2.2696187 -2.2107022 -2.2803462 -2.3341607 -2.445998 -2.5571251 -2.61682 -2.6271206 -2.5742987 -2.4919968 -2.4020281 -2.3268274 -2.302178 -2.3275828 -2.4083158 -2.5375274 -2.6894859 -2.8489729 -2.9726893 -3.064847 -3.1045719 -3.1400893 -3.0964128 -3.0457661 -2.9796323 -2.9357696 -2.8600669 -2.8341615 -2.7653586 -2.7643193 -2.7168416 -2.7334235 -2.7391513 -2.7862789 -2.8541474
-2.7735864 -2.8600124 -2.9246819 -2.9356278 -2.9072017 -2.8628368 -2.7981673 -2.763519 -2.763519 -2.8067289 -2.9211441 -3.0516821 -3.2108686 -3.341387 -3.4160057 -3.4360226 -3.3415057 -3.2017338 -2.9729033 -2.7418144 -2.5080093 -2.3107904 -2.2013497 -2.1354934 -2.17529 -2.2286036 -2.318146 -2.3955972 -2.4254447 -2.4293121 -2.3507661 -2.2655686 -2.1660771 -2.0953274 -2.0848546 -2.1287204 -2.2530848 -2.4146469 -2.6398119 -2.84919 -3.0534094 -3.1913575 -3.2908491 -3.3263665 -3.3158937 -3.255901 -3.1721187 -3.0684062 -2.9532055 -2.8514588 -2.7467309 -2.6753987 -2.6050753 -2.5943594 -2.6000256 -2.6680987 -2.7473278
-2.6894623 -2.7758883 -2.8405578 -2.8507497 -2.8261887 -2.7830569 -2.7183874 -2.6815398 -2.6773841 -2.7125535 -2.813179 -2.9429629 -3.0960748 -3.2221172 -3.3014341 -3.3294807 -3.2587095 -3.1315357 -2.9315052 -2.7086916 -2.4991407 -2.3016704 -2.1950127 -2.1284153 -2.1583068 -2.2062136 -2.2758577 -2.3431704 -2.348145 -2.3450942 -2.2463911 -2.1521951 -2.029424 -1.9594284 -1.9289965 -1.9530096 -2.0688588 -2.2368483 -2.4662141 -2.6992605 -2.9295756 -3.0983011 -3.228484 -3.2792334 -3.285304 -3.2220435 -3.1354253 -3.0077313 -2.880715 -2.7387257 -2.6188754 -2.5289601 -2.4540169 -2.4595443 -2.4775328 -2.5870621 -2.6896981
-2.6226998 -2.7089594 -2.7736289 -2.7865932 -2.7644158 -2.7502547 -2.6886089 -2.65616 -2.6526078 -2.6776804 -2.7730374 -2.8896052 -3.0388425 -3.1398482 -3.2137647 -3.2435741 -3.1727438 -3.0688879 -2.874853 -2.6818869 -2.480682 -2.3022709 -2.1978048 -2.1451809 -2.1778075 -2.221172 -2.2936969 -2.3490316 -2.3569887 -2.3396607 -2.2445981 -2.1349117 -2.0094543 -1.9124171 -1.8705259 -1.8428377 -1.9475277 -2.0795007 -2.300973 -2.5077304 -2.7467896 -2.9165099 -3.0607726 -3.1274544 -3.1431636 -3.0912813 -3.0022626 -2.8789083 -2.7375257 -2.6056388 -2.4590197 -2.3890507 -2.3050089 -2.3366212 -2.3807944 -2.5118065 -2.6645629
-2.5695713 -2.6534157 -2.7280344 -2.7519973 -2.7519973 -2.7378363 -2.7079888 -2.6872061 -2.6919438 -2.7211451 -2.8007383 -2.903979 -3.0233688 -3.1212205 -3.1759408 -3.1939001 -3.1192815 -3.0130047 -2.83392 -2.6508407 -2.4717559 -2.3102992 -2.2257314 -2.1762271 -2.2160237 -2.2646366 -2.3442298 -2.4049148 -2.4198385 -2.4079623 -2.32418 -2.2218411 -2.0925021 -1.9872459 -1.9034635 -1.8738839 -1.9186551 -2.0236176 -2.1807094 -2.3649179 -2.5481918 -2.7046318 -2.8240216 -2.8850398 -2.8955126 -2.8436388 -2.7598564 -2.6391477 -2.5077838 -2.3842602 -2.2603241 -2.2075185 -2.1559872 -2.2167875 -2.293865 -2.4719025 -2.6583537
-2.5531583 -2.6488161 -2.7346784 -2.7656318 -2.7928387 -2.8200979 -2.8102035 -2.80081 -2.8115702 -2.8322179 -2.8910984 -2.9843526 -3.079136 -3.113975 -3.1260495 -3.130986 -3.038344 -2.9357338 -2.7676156 -2.5975563 -2.4407097 -2.2892394 -2.2161415 -2.1986542 -2.2574911 -2.3175632 -2.4241687 -2.4998594 -2.5538806 -2.5584754 -2.517536 -2.4283879 -2.3201176 -2.2058736 -2.1155451 -2.045418 -2.0434921 -2.0870784 -2.1769323 -2.2893631 -2.4158005 -2.5111919 -2.5920651 -2.623719 -2.6168781 -2.5604865 -2.4750127 -2.3792544 -2.2556563 -2.1827883 -2.0705554 -2.0834323 -2.0460102 -2.1771884 -2.278329 -2.5048169 -2.7174172
