P1_models/J1_p1__temp2_slide_140.dat.tif
NCOLS 118
NROWS 92
XLLCORNER 139.62
YLLCORNER -39.07
DX 0.099491525
DY 0.099347826
NODATA_VALUE -9999
[rows 0 to 26 of 92, columns 0 to 59 of 118]
-9999 -9999 -9999 -9999 -9999 -9999 -9999 -9999 -9999 -9999 -9999 -9999 -9999 -9999 -9999 -9999 -9999 -9999 -9999 -9999 -9999 -9999 -9999 -9999 -9999 -9999 -9999 -9999 -9999 -9999 -9999 -9999 -9999 -9999 -9999 -9999 -9999 -9999 -9999 -9999 -9999 -9999 -9999 -9999 -9999 -9999 -9999 -9999 -9999 -9999 -9999 -9999 -9999 -9999 -9999 -9999 -9999 -9999 -9999 -9999
-9999 880.4223 882.20629 883.99029 885.77429 887.55829 889.79932 889.31463 884.95406 880.7852 876.61634 872.44749 868.27863 863.97132 860.41294 858.03111 855.64928 853.26746 850.88563 847.68068 842.57677 837.47285 832.36894 827.26502 823.14948 825.66505 831.54343 840.21235 848.88127 857.55018 866.2191 869.98869 864.31397 858.63924 852.96451 847.28979 842.57503 836.93716 831.39712 829.76305 828.12899 826.49493 824.86087 834.16331 842.5023 848.02286 853.54342 859.06398 864.58453 875.33814 888.53996 901.74177 914.94358 928.1454 935.84706 929.10997 928.88505 928.66012 928.4352 928.21028
-9999 888.95503 890.73903 892.52303 894.30703 896.90352 900.00896 899.52428 894.89613 890.41201 886.24315 882.07429 877.90543 873.59812 869.01355 864.90846 862.52664 860.14481 857.76298 854.55804 849.45412 844.35021 839.24629 836.89681 838.90853 841.4241 845.2901 850.07635 858.74526 867.41418 876.0831 879.85269 874.17797 868.50324 862.82851 858.94017 856.89975 851.26188 840.47734 833.04691 831.41285 829.77879 828.14473 837.44717 854.61173 865.114 870.63456 876.15511 881.67567 892.3589 903.93439 916.93826 930.14008 943.34189 951.04355 939.69334 931.12079 930.89586 930.67094 930.44602
-9999 897.48777 899.27177 901.05576 904.00773 907.11317 910.21861 909.73392 905.10577 900.47762 895.86995 891.7011 887.53224 883.22493 878.64036 874.05579 869.47122 867.02216 864.64033 861.43539 856.33147 851.22756 850.64414 852.65586 854.66758 857.18314 861.04915 864.91515 868.78116 877.27818 885.94709 889.71669 884.04196 878.36724 875.3053 873.26488 871.22446 865.58659 854.80205 844.01752 834.69671 833.06265 831.42859 840.73103 857.89559 875.06014 887.72569 893.24625 898.76681 909.45004 921.02553 932.60101 945.33657 958.53838 966.24004 954.88984 943.53963 933.1316 932.90668 932.68176
-9999 906.02051 908.00649 911.11193 914.21737 917.32281 920.42825 919.94357 915.31542 910.68727 906.05912 901.43097 897.15904 892.85173 888.26716 883.68259 879.09802 874.51345 871.51769 868.31274 863.20883 864.39147 866.40319 868.41491 870.42663 872.94219 876.8082 880.6742 884.54021 888.40621 895.81109 899.58069 893.90596 891.67044 889.63002 887.5896 885.54918 879.91131 869.12677 858.34223 847.55769 836.77315 834.71245 844.01489 861.17945 878.344 895.50856 910.33739 915.85795 926.54118 938.11666 949.69215 961.26763 973.73487 981.43654 970.08633 958.73612 947.38592 936.03571 934.9175
-9999 915.11069 918.21613 921.32157 924.42702 927.53246 930.6379 930.15321 925.52506 920.89691 916.26876 911.64061 907.01246 902.47854 897.89397 893.3094 888.72483 884.14026 879.55569 876.12708 878.1388 880.15052 882.16224 884.17396 886.18568 888.70124 892.56725 896.43325 900.29926 904.16526 908.03127 910.07599 908.03557 905.99515 903.95473 901.91431 899.87389 894.23602 883.45148 872.66694 861.88241 851.09787 840.31333 847.29875 864.46331 881.62786 898.79242 915.95698 932.94908 943.63232 955.2078 966.78328 978.35877 989.93425 996.63303 985.28282 973.93261 962.58241 951.2322 939.88199
-9999 918.26453 921.36997 924.47541 927.58085 930.68629 933.57171 932.88481 928.25666 923.62851 919.00036 914.37221 910.02408 906.73195 904.23978 899.65521 895.07064 890.48607 885.9015 883.31155 885.32327 887.33499 889.34671 891.35842 893.72311 895.03312 893.24374 897.10975 900.97575 904.84176 908.70776 910.55632 908.5159 906.47548 904.43506 902.39465 904.42786 903.64862 892.86408 882.07955 871.29501 860.51047 855.99869 853.52112 861.10901 878.27357 895.43812 912.60268 929.76724 942.16632 953.74181 965.31729 976.89277 985.6624 983.43019 972.07999 960.72978 949.37958 938.02937 934.77902
-9999 920.30053 923.40597 926.51141 929.61685 932.39055 935.11857 934.43168 929.80353 925.17538 920.54723 916.38255 912.37419 909.08205 907.22421 905.36638 900.89665 896.31208 891.72751 889.13756 891.14928 893.161 895.17272 897.798 900.7582 902.06822 898.95531 895.84241 899.26274 903.12874 906.99475 908.84331 906.80289 904.76247 902.72205 906.8479 913.06224 912.28301 901.49847 890.71393 879.92939 877.67461 876.60765 874.13009 870.63846 873.86759 891.03215 908.19671 925.36127 937.76035 949.33584 960.91132 967.56022 967.96031 965.7281 954.3779 943.02769 931.67748 930.89655 932.55913
-9999 922.33652 925.44196 928.48137 931.20939 933.93742 936.66544 935.97855 931.3504 926.74939 922.74103 918.73266 914.72429 911.43216 909.57432 907.71648 905.85864 902.13809 897.55352 894.96357 896.97529 898.98701 901.87289 904.83309 907.7933 909.10331 905.99041 902.8775 899.7646 901.41573 905.28174 907.1303 905.08988 903.0536 909.26794 915.48228 921.69662 920.91739 910.13285 900.4175 899.35054 898.28358 897.21662 894.73906 891.24743 887.7558 886.62618 903.79074 920.9553 933.35438 944.92987 949.45803 949.85812 950.25822 948.02601 936.6758 925.35151 927.01408 928.67666 930.33923
-9999 924.37252 927.30021 930.02823 932.75626 935.48428 938.21231 937.52541 933.10786 929.0995 925.09113 921.08276 917.0744 913.78226 911.92442 910.06659 908.20875 906.35091 903.37953 900.78958 902.98757 905.94778 908.90798 911.86819 914.82839 916.13841 913.0255 909.9126 906.79969 903.68679 903.56873 905.41729 905.47364 911.68798 917.90232 924.11666 930.33101 929.55177 922.09343 921.02647 919.95951 918.89255 917.82559 915.34802 911.85639 908.36477 904.87314 901.38151 916.54933 928.94841 931.35584 931.75593 932.15603 932.55613 930.32392 921.46904 923.13161 924.79419 926.45676 928.11934
-9999 925.39925 928.12727 930.8553 933.58332 936.31135 939.03937 938.33951 934.33114 930.32277 926.31441 922.30604 918.29767 915.48384 913.626 911.76816 909.91032 908.05249 906.19465 905.79371 908.75392 911.71412 914.67433 917.63453 920.59474 922.39779 919.28489 916.17199 913.05908 909.94618 906.83327 906.90625 913.12059 919.33493 925.54928 931.76362 937.97796 940.87609 939.80913 938.74217 937.6752 936.60824 935.54128 932.12345 928.63182 925.14019 921.64856 918.15693 914.6653 914.49192 914.89202 915.29211 915.69221 916.09231 919.2702 920.93277 922.59535 924.25792 925.92049 927.58307
-9999 921.50895 924.23698 926.965 929.69303 932.42105 933.53602 932.17787 928.16951 924.16114 920.15277 916.14441 913.01771 911.06556 910.93821 909.21948 907.36164 905.5038 903.64596 903.24503 906.20523 909.16544 912.12564 915.08585 918.37416 920.7251 920.15952 917.3476 914.2347 911.12179 908.00889 908.08187 914.29621 920.51055 926.72489 932.93923 937.57265 939.6301 938.56314 937.49618 936.42922 935.36226 930.44446 925.18795 920.28329 916.79166 913.30003 909.8084 906.31677 906.14339 906.54349 906.94359 907.34368 916.53176 929.76795 931.43053 933.0931 934.75567 936.41825 934.48227
-9999 917.61866 920.34668 923.07471 925.49807 926.43622 927.37438 926.01624 922.00787 917.9995 914.03584 911.17244 908.30904 906.35688 906.22953 906.10218 904.81295 902.95511 901.09728 900.69634 903.65655 906.61675 909.57696 912.98413 916.42322 918.77416 918.20857 917.64299 915.41031 912.29741 909.1845 909.25748 915.47182 921.68617 927.84391 932.08529 936.32666 938.38411 937.31715 936.25019 934.55496 929.42635 924.29773 919.04122 913.69276 908.44313 904.9515 901.45987 897.96825 897.79486 898.19496 898.59506 910.45209 927.02951 940.2657 941.92828 943.59085 944.94028 942.66832 940.39636
-9999 913.72836 916.45639 918.39828 919.33643 920.27459 921.21275 919.8546 915.84624 912.19056 909.32717 906.46377 903.60037 901.64821 901.52086 901.39351 901.26616 900.40643 898.54859 898.14766 901.10786 904.15501 907.5941 911.03319 914.47228 916.82321 916.25763 915.69205 915.12646 913.47302 910.36012 910.4331 916.64744 922.35655 926.59793 930.8393 935.08067 937.13813 936.07116 933.53685 928.40823 923.27961 918.151 912.89449 907.54603 902.19758 896.84912 893.11135 889.61972 889.44633 889.84643 904.37243 920.94985 937.52727 950.76346 952.42603 953.12633 950.85437 948.58241 946.31045
-9999 909.83807 911.29849 912.23664 913.1748 914.11295 915.05111 913.69297 910.34529 907.48189 904.61849 901.75509 898.8917 896.93954 896.81219 896.68484 896.55749 896.43014 895.99991 895.59897 898.76497 902.20406 905.64315 909.08224 912.52133 914.87227 914.30669 913.7411 913.17552 912.60994 911.53574 911.60871 916.86919 921.11056 925.35194 929.59331 933.83469 935.89214 932.51873 927.39012 922.2615 917.13288 912.00427 906.74775 901.3993 896.05084 890.70239 885.35393 881.27119 881.71534 898.29276 914.87018 931.4476 948.02502 961.26121 961.31239 959.04043 956.76847 954.49651 952.22455
-9999 904.06245 905.00061 905.93877 906.87692 907.81508 908.75323 907.69015 904.82676 901.96336 899.09996 896.23656 893.37316 891.59198 891.49055 891.3632 891.23586 891.10851 890.98116 891.93225 895.37134 898.81043 902.24952 905.68861 909.1277 916.30538 917.65844 917.09285 916.52727 915.96169 915.3961 916.47242 920.71379 924.95517 929.19654 933.43792 937.67929 940.3096 935.18098 930.05237 924.92375 919.79514 914.66652 909.4909 904.14245 898.79399 893.44554 888.09708 882.74863 894.16498 910.7424 927.31982 943.89724 960.47466 968.26633 963.2659 960.99394 958.72198 956.45002 954.17806
-9999 897.448 898.38616 899.32431 900.26247 901.02743 900.81214 899.62148 897.30512 894.563 891.6996 888.8362 885.97281 884.19163 884.57765 884.61728 884.48993 884.36258 884.23523 885.18632 888.62541 892.0645 895.50359 898.94268 902.09524 909.16671 926.79965 932.76614 932.20055 931.63497 931.06938 932.1457 936.38707 940.62845 944.86982 948.62914 941.41179 942.33928 954.91913 953.1835 948.05488 942.92627 937.79765 932.67031 927.54246 922.194 916.84555 911.49709 906.14864 914.89786 927.72749 944.30491 960.88233 977.45975 985.25143 962.61036 953.74451 951.47255 949.20059 946.92863
-9999 890.83355 891.77171 892.70986 893.1334 892.91811 892.70282 891.51216 889.1958 886.87944 884.29925 881.43585 878.57245 876.79127 877.1773 877.56332 877.744 877.61665 877.4893 878.44039 881.87948 885.31857 888.69457 891.82557 894.95657 902.02804 919.66098 937.29391 947.87383 947.30825 946.74267 947.81898 952.06036 956.30173 957.15619 949.93884 942.72149 943.64898 956.22883 968.80867 971.18602 966.0574 960.92878 955.80144 950.67501 945.54858 940.24555 934.8971 929.54864 938.29787 949.48356 961.29001 977.86743 994.44485 1002.2365 979.59545 956.95438 944.22312 941.95116 939.6792
-9999 884.2191 885.15726 885.23938 885.02408 884.80879 884.5935 883.40284 881.08648 878.77012 876.45376 874.03549 871.17209 869.39091 869.77694 870.16297 870.54899 870.87072 870.74337 871.69446 875.13355 878.42491 881.5559 884.6869 887.8179 894.88937 912.52231 930.15524 947.78817 962.98153 962.41595 963.49226 967.73364 965.68324 958.46589 951.24854 944.03119 944.95868 957.53853 970.11837 982.69822 989.18853 984.05992 978.93257 973.80614 968.67971 963.55328 958.2971 952.94865 961.69788 972.88357 984.06926 995.25495 1011.4299 1019.2216 996.58055 973.93947 951.2984 934.70172 932.42976
-9999 877.56064 877.34535 877.13006 876.91476 876.69947 876.48418 875.29352 872.97716 870.6608 868.34444 866.02808 863.71173 861.99056 862.37658 862.76261 863.14864 863.53467 863.92069 864.94853 868.15524 871.28624 874.41723 877.54823 880.67923 887.7507 905.38364 923.01657 940.6495 958.28244 975.91537 979.16555 974.2103 966.99294 959.77559 952.55824 945.34089 946.26838 958.84823 971.42807 984.00792 996.58776 1007.1911 1002.0637 996.93727 991.81084 986.68441 981.55798 976.34865 985.09788 996.28357 1007.4693 1018.655 1029.8406 1036.2067 1013.5656 990.92457 968.2835 945.64242 925.18033
-9999 874.03719 873.82189 873.6066 873.39131 873.17601 872.06391 868.50598 866.18962 863.87326 861.5569 859.24054 856.98824 855.80344 855.7599 856.14592 856.53195 856.91798 857.30401 858.52007 861.65107 864.78207 867.91307 871.04406 874.17506 888.20254 903.03012 920.66305 938.29599 955.92892 973.56185 982.70674 975.48939 968.27204 961.05469 953.83734 947.64553 953.36595 965.9458 978.52564 991.10549 1003.6853 1015.0081 1014.9528 1009.7361 1004.6097 999.48326 994.35683 989.2304 998.01234 1009.198 1020.3837 1031.5694 1042.7551 1044.197 1021.5559 998.91483 976.27375 953.63268 938.41527
-9999 873.97293 873.75763 873.54234 873.32705 870.9071 866.27341 862.71548 860.39912 858.08276 855.7664 853.77818 852.35398 851.16918 850.46379 850.12037 850.5064 850.89243 851.27845 852.49452 855.62552 858.75652 861.88751 868.27997 883.35294 897.40004 908.69755 921.91906 939.552 957.18493 974.81786 983.96275 976.7454 969.52805 962.3107 958.18322 959.109 964.82942 977.40927 989.98912 1002.569 1012.8643 1021.0205 1020.9653 1015.007 1009.6147 1004.4883 999.36185 994.23541 1003.0174 1014.203 1025.3887 1036.2807 1044.2727 1045.4023 1022.7612 1000.1201 977.47903 967.41077 971.90352
-9999 873.90867 873.69337 873.47808 869.7503 865.11661 860.48291 856.92498 854.60862 852.29226 850.56812 849.14392 847.71972 846.53492 845.82953 845.12413 844.48085 844.86688 845.2529 846.46897 849.59997 852.73096 862.4045 877.47747 892.55043 906.59753 917.89505 929.19256 940.80801 958.44094 976.07387 985.21876 978.00141 970.78406 968.72092 969.64669 970.57247 976.2929 988.87274 1001.4526 1010.7205 1018.8767 1027.0329 1026.9777 1021.0194 1015.0611 1009.4933 1004.3669 999.24043 1008.0224 1019.2081 1029.4939 1037.4859 1045.478 1046.6075 1023.9665 1001.3254 996.40626 1000.899 1005.3918
-9999 873.84441 873.22719 868.5935 863.9598 859.32611 854.69241 851.13448 848.81812 847.35805 845.93386 844.50966 843.08546 841.90066 841.19527 840.48987 839.78448 839.07908 839.22735 840.44342 843.57442 856.52903 871.602 886.67496 901.74793 915.79503 927.09254 938.39006 949.68757 960.98509 977.32988 986.47477 979.25742 979.25861 980.18439 981.11017 982.03594 987.75637 1000.3362 1008.5767 1016.7329 1024.8891 1033.0454 1032.9902 1027.0319 1021.0735 1015.1152 1009.3719 1004.2454 1013.0274 1022.7072 1030.6992 1038.6912 1046.6832 1047.8128 1025.1717 1025.4018 1029.8945 1034.3873 1038.88
-9999 872.07039 867.4367 862.803 858.1693 853.53561 848.90191 845.57219 844.14799 842.72379 841.2996 839.8754 838.4512 837.2664 836.56101 835.85561 835.15022 834.44482 833.73943 835.58059 850.65356 865.72652 880.79949 895.87246 910.94542 924.99252 936.29004 947.58755 958.88507 970.18258 981.4801 988.87053 989.7963 990.72208 991.64786 992.57364 993.49941 998.2766 1006.4328 1014.5891 1022.7453 1030.9016 1039.0578 1039.0026 1033.0443 1027.086 1021.1277 1015.1693 1009.2505 1015.9205 1023.9125 1031.9045 1039.8965 1047.8885 1049.9045 1054.3973 1058.89 1063.3828 1067.8755 1072.3683
-9999 878.6193 873.9856 869.35191 864.71821 860.08452 849.75781 840.09707 837.3447 835.92051 834.49631 833.07211 831.64792 832.28381 835.60565 834.90026 834.19486 833.48947 832.78407 836.84982 851.92278 866.99575 882.06872 897.14168 909.43555 923.42726 951.58522 962.88273 974.18025 985.47776 996.77528 1004.5301 1005.4559 1006.3817 1007.3075 1008.2333 1008.3538 1008.4852 1012.485 1020.6413 1028.7975 1036.9538 1045.11 1051.2753 1049.9626 1044.0042 1038.0459 1032.0876 1026.1293 1017.5238 1023.0296 1031.0216 1039.0136 1047.0057 1052.5677 1051.3703 1055.8631 1060.3559 1064.8486 1069.3414
-9999 887.53312 882.89943 878.26573 873.63204 860.25139 845.30026 835.63953 832.08458 828.70151 827.27732 825.85312 824.42892 825.06481 829.82615 834.58748 833.94459 833.2392 832.5338 836.59955 851.67251 866.74548 881.81844 891.87608 898.80998 912.80169 945.71011 978.61854 990.64409 1001.9416 1013.2391 1020.994 1021.9198 1022.8455 1023.7713 1023.4513 1022.6392 1022.7705 1024.2516 1026.7011 1034.8573 1043.0136 1051.1698 1057.3351 1062.0692 1063.0126 1057.0543 1051.096 1045.1377 1036.5322 1027.4692 1029.7386 1037.7306 1045.7226 1051.2846 1048.4296 1045.8378 1050.3306 1054.8234 1059.3161
