P1_models/J1_p1_tot_conduct_slide_123.44.dat.tif
NCOLS 118
NROWS 92
XLLCORNER 139.62
YLLCORNER -39.07
DX 0.099491525
DY 0.099347826
NODATA_VALUE -9999
[rows 26 to 51 of 92, columns 58 to 115 of 118]
-2.8185278 -2.7632548 -2.7270833 -2.7166105 -2.7299273 -2.7718184 -2.8162668 -2.8770672 -2.936439 -2.996971 -3.0378945 -3.0706005 -3.0918431 -3.0894071 -3.0728252 -3.0184215 -2.9465665 -2.852042 -2.7525505 -2.6367629 -2.5185096 -2.3878476 -2.2926049 -2.228228 -2.2109243 -2.1998697 -2.231401 -2.2847933 -2.3901373 -2.4815949 -2.6031957 -2.7021159 -2.7021159 -2.7393098 -2.7880959 -2.8146781 -2.8928037 -3.0742294 -3.0981495 -3.1040019 -3.105017 -3.0989549 -2.913428 -2.7889664 -2.783114 -2.7827391 -2.7827391 -2.7920404 -2.7702826 -2.776135 -2.7857464 -2.7857464 -2.7617091 -2.7595316 -2.765384 -2.766058 -2.766058 -9999
-3.0091566 -2.9428289 -2.8978931 -2.8623207 -2.859029 -2.8645431 -2.8867948 -2.9168063 -2.9455445 -2.9837246 -2.9837246 -2.9977454 -2.9866908 -2.9722621 -2.9280436 -2.8687817 -2.78761 -2.6930855 -2.593594 -2.4941024 -2.3860458 -2.281027 -2.1987424 -2.1752425 -2.1738016 -2.1932465 -2.2015328 -2.2318078 -2.3196559 -2.3979928 -2.4698478 -2.6120648 -2.7551014 -2.7829263 -2.8212118 -2.8387692 -2.9121449 -2.9121449 -2.9085607 -2.9053063 -2.895879 -2.8803897 -2.7633409 -2.6635217 -2.6635217 -2.6635217 -2.6635217 -2.8080556 -2.8502536 -2.8678109 -2.8853682 -2.8983406 -2.8221171 -2.7925507 -2.7925507 -2.7925507 -2.7925507 -9999
-3.1524301 -3.0861025 -3.0312065 -2.9918606 -2.962387 -2.9580231 -2.9408668 -2.956229 -2.9477918 -2.9661224 -2.9442935 -2.9347031 -2.9081822 -2.8753055 -2.8249711 -2.7563977 -2.6734881 -2.5769768 -2.4912424 -2.4181636 -2.325367 -2.2437806 -2.1845962 -2.1741777 -2.2083665 -2.2400993 -2.2532302 -2.2689337 -2.3494686 -2.4123874 -2.4742799 -2.5965306 -2.7649935 -2.8022882 -2.8344633 -2.8391541 -2.8510734 -2.844488 -2.8197622 -2.8103935 -2.7819863 -2.7620168 -2.6527879 -2.5809035 -2.5783295 -2.5922927 -2.5942935 -2.747754 -2.8495461 -2.8792256 -2.9146045 -2.9334613 -2.8582398 -2.8044633 -2.8044633 -2.8044633 -2.8044633 -9999
-3.2725796 -3.2062519 -3.1500109 -3.1028833 -3.0681003 -3.0419183 -3.0155339 -2.9934247 -2.9732964 -2.9510137 -2.9195954 -2.8843566 -2.8456655 -2.7966031 -2.7358027 -2.6631029 -2.5801932 -2.4972836 -2.4176763 -2.3556281 -2.2933357 -2.227008 -2.1960296 -2.2077345 -2.2557103 -2.3165106 -2.3290862 -2.3440219 -2.4142513 -2.471117 -2.5208628 -2.632441 -2.7963094 -2.8299475 -2.8401491 -2.8386549 -2.8330168 -2.8154595 -2.7806453 -2.7513831 -2.7125418 -2.6731068 -2.5678821 -2.5009279 -2.4950755 -2.5171092 -2.540519 -2.7018705 -2.8221615 -2.8689811 -2.9097404 -2.9390026 -2.864449 -2.8106726 -2.8106726 -2.8106726 -2.8106726 -9999
-3.3548635 -3.2931813 -3.2320498 -3.1773942 -3.1338572 -3.0978014 -3.0533344 -3.0182616 -2.9747776 -2.9440415 -2.8864411 -2.8450087 -2.7897823 -2.7389678 -2.6737103 -2.6094307 -2.5367286 -2.4594817 -2.3990486 -2.3714121 -2.3208323 -2.2876684 -2.2695009 -2.3132916 -2.3736995 -2.4469047 -2.4303416 -2.4309513 -2.4887083 -2.5267087 -2.551909 -2.6609543 -2.8211463 -2.8428897 -2.8463584 -2.828801 -2.8205983 -2.7753594 -2.7047662 -2.6458261 -2.5680801 -2.5116666 -2.4121751 -2.3456969 -2.3598143 -2.4130397 -2.4597989 -2.6532485 -2.7786968 -2.8594167 -2.9128814 -2.9452118 -2.8706583 -2.8168818 -2.8168818 -2.8168818 -2.8168818 -9999
-3.3713746 -3.3148172 -3.2590399 -3.2016189 -3.1152249 -3.0733338 -3.0286447 -2.9788989 -2.9344968 -2.8931206 -2.8503519 -2.7933284 -2.7380554 -2.6827823 -2.6181995 -2.5617631 -2.4954354 -2.4336416 -2.3967166 -2.3917314 -2.3786005 -2.3759746 -2.392603 -2.452268 -2.5322163 -2.6151259 -2.5551717 -2.5324186 -2.5792382 -2.6014292 -2.6195652 -2.7225213 -2.8807207 -2.8916306 -2.8845234 -2.8451076 -2.8162741 -2.7265615 -2.5545307 -2.4725965 -2.3699982 -2.2899475 -2.212406 -2.158079 -2.184083 -2.2882095 -2.3584388 -2.5599582 -2.7188765 -2.8079213 -2.8568306 -2.8919453 -2.9100446 -2.8562681 -2.8562681 -2.8562681 -2.8562681 -9999
-3.3051427 -3.2664515 -3.2193007 -3.1669368 -3.0785877 -2.9738597 -2.9170425 -2.872824 -2.8285258 -2.7871496 -2.7609676 -2.7270965 -2.6718235 -2.6165504 -2.5612773 -2.5093241 -2.4595784 -2.431705 -2.409963 -2.4210176 -2.4382092 -2.4824276 -2.5449364 -2.6385754 -2.7318789 -2.8258432 -2.7455802 -2.6507236 -2.6799858 -2.700777 -2.7063043 -2.8019996 -2.9717204 -2.9803342 -2.9573784 -2.898854 -2.7779794 -2.5146195 -2.3408658 -2.2238169 -2.1081279 -1.9985272 -1.9458552 -1.9327153 -1.9853873 -2.097506 -2.2379646 -2.4461911 -2.6149344 -2.7085735 -2.7564499 -2.7798597 -2.8693053 -2.9291232 -2.9291232 -2.9291232 -2.9291232 -9999
-3.3143782 -3.2717889 -3.224957 -3.172593 -3.0807331 -2.9734612 -2.9113983 -2.8653344 -2.8157723 -2.77278 -2.7413617 -2.709266 -2.6587573 -2.6107583 -2.5666147 -2.5287381 -2.4896132 -2.4672158 -2.4841038 -2.5283222 -2.5549268 -2.6242388 -2.6901615 -2.787637 -2.8739373 -2.9631937 -2.8105619 -2.6948608 -2.7146398 -2.7184035 -2.719769 -2.8152252 -2.984946 -2.9890816 -2.9635174 -2.8757307 -2.7508907 -2.4604665 -2.220656 -2.0679034 -1.9067785 -1.7858932 -1.7276401 -1.7156161 -1.7937592 -1.9726974 -2.1435556 -2.4250056 -2.5953353 -2.7053568 -2.7613887 -2.7847985 -2.8740847 -2.9361345 -2.9361345 -2.9324705 -2.93 -9999
-3.3171092 -3.2728908 -3.2238225 -3.1714585 -3.0795986 -2.9696343 -2.9088983 -2.8591525 -2.8094068 -2.7633742 -2.7336307 -2.7004096 -2.6529237 -2.617726 -2.5793362 -2.5576036 -2.529967 -2.5386017 -2.5658569 -2.6247081 -2.6745056 -2.7463606 -2.8221735 -2.9210593 -2.994209 -3.0771186 -2.9006026 -2.7253838 -2.7312363 -2.7325 -2.7325 -2.8279561 -2.997677 -2.9993126 -2.9690105 -2.8695962 -2.7122732 -2.4060917 -2.1206356 -1.9216525 -1.7376412 -1.5825199 -1.5259422 -1.5238734 -1.6165454 -1.8405982 -2.062991 -2.3695233 -2.5946735 -2.7117223 -2.7652542 -2.788664 -2.8779502 -2.94 -2.94 -2.936336 -2.9304835 -9999
-3.3038629 -3.2596444 -3.2105761 -3.1582121 -3.0663522 -2.9563879 -2.897441 -2.8525294 -2.8027836 -2.756751 -2.7305691 -2.7004096 -2.6617185 -2.6309724 -2.6143904 -2.6012598 -2.5957325 -2.6194619 -2.6585815 -2.7359638 -2.8069694 -2.8788244 -2.9546372 -3.0365714 -3.0991196 -3.1499737 -2.9524408 -2.7386302 -2.7391232 -2.7391232 -2.7391232 -2.8352847 -3.010858 -3.0104215 -2.9756337 -2.8585848 -2.67776 -2.3266135 -2.0292306 -1.7693192 -1.5703362 -1.3904475 -1.3377755 -1.3494754 -1.4840816 -1.7256918 -2.0100055 -2.348238 -2.6012967 -2.7183455 -2.7705639 -2.788664 -2.8779502 -2.94 -2.94 -2.936336 -2.9304835 -9999
-3.2976365 -3.2471163 -3.2011658 -3.1510713 -3.0879357 -2.9923449 -2.9291089 -2.8837923 -2.8449175 -2.788245 -2.7027561 -2.6775836 -2.650944 -2.6292255 -2.6215313 -2.6293044 -2.6333168 -2.6640607 -2.7084451 -2.7751753 -2.8559051 -2.9448457 -3.009168 -3.0756566 -3.1166713 -3.158384 -3.1404367 -2.9393274 -2.9393274 -2.9393274 -2.9393274 -2.8143175 -2.8393435 -2.8536963 -2.8213277 -2.7355554 -2.543332 -2.24209 -1.9523243 -1.6745405 -1.4543752 -1.2691565 -1.2261523 -1.2457435 -1.404835 -1.6715598 -1.9684543 -2.3789341 -2.6398841 -2.7535846 -2.7999505 -2.8159341 -2.872563 -2.9346128 -2.9346128 -2.9346128 -2.9304835 -9999
-3.2823104 -3.2270374 -3.1817228 -3.1345953 -3.0782142 -3.0101411 -2.9648041 -2.9150583 -2.8828116 -2.8361897 -2.7428124 -2.6705502 -2.6494395 -2.637029 -2.637029 -2.652649 -2.6747582 -2.7150031 -2.7592827 -2.8206853 -2.8903605 -2.9831505 -3.0557916 -3.1084636 -3.1368253 -3.1589345 -3.1358239 -3.11 -3.11 -3.11 -3.11 -2.98499 -2.7567448 -2.7060876 -2.6875573 -2.6056231 -2.4673081 -2.2098006 -1.9098175 -1.599638 -1.378372 -1.1815284 -1.1451595 -1.1877468 -1.36332 -1.6436681 -1.9538475 -2.3697301 -2.6802822 -2.7914786 -2.8276271 -2.839332 -2.8927701 -2.93 -2.93 -2.93 -2.93 -9999
-3.216612 -3.1668662 -3.1263587 -3.0948561 -3.044138 -2.9902715 -2.9578654 -2.9283047 -2.9106211 -2.8759289 -2.7869101 -2.7169126 -2.7113852 -2.7032609 -2.7032609 -2.7206573 -2.7476133 -2.7878581 -2.8321378 -2.8818836 -2.943346 -3.0262556 -3.0937452 -3.1288598 -3.1525395 -3.1655577 -3.1393148 -3.11 -3.11 -3.11 -3.11 -2.98499 -2.7567448 -2.7060876 -2.6875573 -2.6056231 -2.4666917 -2.1916269 -1.8843039 -1.5598989 -1.3452177 -1.1550356 -1.1374783 -1.1906683 -1.3955038 -1.6835646 -2.006833 -2.4140769 -2.7178475 -2.7997817 -2.8321396 -2.839332 -2.8927701 -2.93 -2.93 -2.93 -2.93 -9999
-3.1392191 -3.0990877 -3.0758428 -3.0520354 -3.0313887 -2.9863705 -2.978929 -2.9585741 -2.9557284 -2.9277319 -2.8387131 -2.7717595 -2.7695021 -2.7688241 -2.7710394 -2.7849565 -2.8114324 -2.8526706 -2.8828469 -2.9188564 -2.9730654 -3.0489268 -3.1084723 -3.1389033 -3.1575612 -3.1686158 -3.1409887 -3.11 -3.11 -3.11 -3.11 -2.98499 -2.7567448 -2.7060876 -2.6875573 -2.6056231 -2.46167 -2.1913487 -1.902899 -1.579385 -1.3815737 -1.1969528 -1.1957419 -1.2639971 -1.4770845 -1.7509977 -2.0753503 -2.4553079 -2.7473611 -2.81629 -2.8384535 -2.8443059 -2.8927701 -2.93 -2.93 -2.93 -2.93 -9999
-3.0497603 -3.0221238 -3.0141649 -3.0089285 -2.9992284 -2.9835192 -2.9888181 -2.9943454 -2.9981522 -2.9989773 -2.9114101 -2.8453623 -2.8453623 -2.8468812 -2.8524085 -2.8466345 -2.8687438 -2.8953869 -2.9201836 -2.9508137 -3.0144332 -3.0862882 -3.1409316 -3.1643413 -3.1820177 -3.1930723 -3.1237786 -3.0927899 -3.0927899 -3.0927899 -3.0927899 -2.9732147 -2.7449694 -2.6943122 -2.6764799 -2.597471 -2.4572765 -2.1939166 -1.9235829 -1.6192559 -1.4323655 -1.2716369 -1.2799565 -1.3693633 -1.5917561 -1.8593288 -2.1578034 -2.5131463 -2.7707897 -2.8234616 -2.8401904 -2.8460428 -2.8887546 -2.9218478 -2.9218478 -2.920942 -2.920942 -9999
-2.9464799 -2.9558919 -2.9634167 -2.9890589 -2.987413 -2.9835192 -3.0057345 -3.0274613 -3.0490197 -3.058586 -3.0638224 -3.0246527 -3.03018 -3.0308116 -3.0312346 -2.9636969 -2.8886133 -2.9090678 -2.9201836 -2.9367655 -2.9998142 -3.2098518 -3.2894263 -3.3232978 -3.3495987 -3.3718984 -3.1218513 -2.9669493 -2.9669493 -2.9669493 -2.9669493 -2.8611716 -2.658868 -2.6082108 -2.5903784 -2.531854 -2.3976678 -2.1711335 -1.9451564 -1.692111 -1.5379365 -1.3974774 -1.444297 -1.5415662 -1.7583194 -2.0065646 -2.2836439 -2.5520073 -2.784036 -2.8092575 -2.817413 -2.8195501 -2.8374741 -2.8622391 -2.8622391 -2.8585751 -2.8547101 -9999
-2.8338857 -2.860267 -2.9013369 -2.9553122 -2.98 -2.9948956 -3.043104 -3.0762679 -3.0987443 -3.1264991 -3.1319492 -3.1411961 -3.1456739 -3.1456739 -3.1435698 -3.0719361 -2.9424373 -2.9256765 -2.9243358 -2.9409177 -2.988249 -3.1943101 -3.3165775 -3.3498381 -3.3798378 -3.4109344 -3.1636557 -2.9116957 -2.9120841 -2.9158478 -2.9158478 -2.8100702 -2.6169396 -2.5719354 -2.5541031 -2.4957577 -2.3885842 -2.1793793 -1.9692796 -1.7805118 -1.6772264 -1.5565354 -1.6055868 -1.7322717 -1.9374979 -2.1762965 -2.3801405 -2.6072609 -2.786739 -2.8059222 -2.81 -2.81 -2.82759 -2.84 -2.84 -2.836336 -2.8304835 -9999
-2.7494559 -2.8047289 -2.8796739 -2.9582198 -3.0037679 -3.0299499 -3.0794329 -3.134706 -3.1686043 -3.1974655 -3.2079383 -3.2158152 -3.2158152 -3.2119367 -3.2064094 -3.1109924 -2.9672824 -2.9369199 -2.9297552 -2.931954 -2.9666454 -3.1490465 -3.2691332 -3.2983954 -3.3303263 -3.3634901 -3.1442751 -2.8967493 -2.9026018 -2.9070924 -2.9070924 -2.8027685 -2.6096379 -2.5646338 -2.5473249 -2.4957577 -2.4017398 -2.2203141 -2.0634522 -1.8995838 -1.8104286 -1.7381 -1.8086765 -1.9240703 -2.1113484 -2.2725278 -2.4481011 -2.6554833 -2.7949443 -2.8066491 -2.81 -2.81 -2.82759 -2.84 -2.84 -2.836336 -2.8304835 -9999
-2.677621 -2.779892 -2.8739637 -2.9830568 -3.0400595 -3.0796238 -3.132669 -3.1905891 -3.2244874 -3.2532504 -3.2584868 -3.2654891 -3.2654891 -3.2582151 -3.2436649 -3.1372383 -2.9797009 -2.9463983 -2.9297552 -2.907646 -2.932099 -3.0647543 -3.1774902 -3.1928383 -3.2247692 -3.2579331 -3.0880178 -2.8657031 -2.874728 -2.8822554 -2.8822554 -2.7828885 -2.5972194 -2.5522153 -2.5349064 -2.4939393 -2.4017398 -2.2529897 -2.141205 -2.0175594 -1.9668196 -1.9119587 -1.9938929 -2.1103474 -2.2471575 -2.3481695 -2.4791473 -2.6653481 -2.8011535 -2.8079611 -2.81 -2.81 -2.82759 -2.84 -2.84 -2.836336 -2.8304835 -9999
-2.6213044 -2.7385629 -2.8612337 -2.9821454 -3.1261265 -3.1732541 -3.2410567 -3.301857 -3.339294 -3.3375263 -3.2491558 -3.2530942 -3.2530942 -3.2482449 -3.2325933 -3.179107 -3.0132878 -2.9698838 -2.939392 -2.8942257 -2.8576108 -2.8984568 -2.9721274 -2.9785475 -2.9915097 -3.0246735 -2.9252148 -2.7400503 -2.7517552 -2.7665831 -2.7693478 -2.8238394 -2.6495987 -2.6098339 -2.592525 -2.5515579 -2.4786417 -2.3153586 -2.1928477 -2.0992086 -2.075359 -2.0541596 -2.1669128 -2.2669128 -2.3824749 -2.4429974 -2.530784 -2.7645442 -2.8859855 -2.8918379 -2.8938768 -2.8938768 -2.8309451 -2.8433551 -2.8433551 -2.8396911 -2.8338386 -9999
-2.5683189 -2.7120289 -2.8479873 -2.9788972 -3.1313069 -3.2936351 -3.3895688 -3.4669511 -3.5068624 -3.5097292 -3.3212189 -3.1802391 -3.1802391 -3.1753898 -3.1643352 -3.1149867 -3.0431317 -2.9981975 -2.9592615 -2.8984611 -2.831118 -2.7371538 -2.6740839 -2.6565266 -2.6586482 -2.6697028 -2.5986457 -2.5218472 -2.5394045 -2.554641 -2.5656957 -2.6251437 -2.7246352 -2.7303337 -2.7183656 -2.6773985 -2.5654722 -2.3021123 -2.1821222 -2.15286 -2.1448091 -2.1535074 -2.2998185 -2.4189874 -2.4950691 -2.5513353 -2.5981549 -2.8707837 -3.0515652 -3.0574176 -3.0594565 -3.0594565 -2.9363262 -2.8499783 -2.8499783 -2.8463143 -2.8404618 -9999
-2.5996095 -2.755177 -2.8943836 -3.0283646 -3.1844083 -3.3493349 -3.4371687 -3.5107514 -3.5453842 -3.5441269 -3.3346711 -3.1923777 -3.1923777 -3.1851037 -3.1702849 -3.1174789 -3.0429143 -2.9946489 -2.9278928 -2.822874 -2.7405335 -2.600912 -2.5139697 -2.4575049 -2.4443953 -2.4458169 -2.4326954 -2.3726189 -2.402302 -2.4481932 -2.4845448 -2.5472417 -2.6497167 -2.6842836 -2.6826924 -2.6768399 -2.5654287 -2.3177514 -2.2211712 -2.2023274 -2.2045062 -2.2173821 -2.3805997 -2.4998121 -2.5457972 -2.5690225 -2.6047133 -2.8711677 -3.0521087 -3.0579611 -3.06 -3.06 -2.9368697 -2.85 -2.85 -2.842672 -2.8342947 -9999
-2.6429917 -2.8032836 -2.9415253 -3.0776716 -3.2328032 -3.4003679 -3.4817008 -3.5480285 -3.5771781 -3.5712845 -3.3600959 -3.2011879 -3.2 -3.1951507 -3.178702 -3.12129 -3.0439077 -2.9755932 -2.897932 -2.7654487 -2.6414609 -2.4833294 -2.3408962 -2.2619559 -2.212446 -2.2013914 -2.2008494 -2.1884259 -2.2352454 -2.3187693 -2.3688406 -2.4618853 -2.5672293 -2.6232021 -2.6458735 -2.659089 -2.5780621 -2.3384017 -2.2492056 -2.2433532 -2.2477851 -2.2688367 -2.4347097 -2.5488972 -2.5813373 -2.5944473 -2.6120046 -2.8749788 -3.0521087 -3.0579611 -3.06 -3.06 -2.9368697 -2.85 -2.8496305 -2.842672 -2.8309671 -9999
-2.7158468 -2.8761387 -3.012701 -3.1331382 -3.2847561 -3.4470844 -3.5228698 -3.5745212 -3.5980994 -3.5845309 -3.3698387 -3.2078111 -3.2022838 -3.1951507 -3.184096 -3.1269919 -3.0440823 -2.960733 -2.8714392 -2.70562 -2.5421131 -2.3431301 -2.1753165 -2.0348579 -1.9654528 -1.9165943 -1.9297158 -1.9433679 -2.0281096 -2.1200737 -2.2195652 -2.333306 -2.4737646 -2.5471135 -2.6061344 -2.6471015 -2.592369 -2.3582713 -2.2711277 -2.2764691 -2.2809011 -2.3019527 -2.4716735 -2.5828788 -2.5945837 -2.6062885 -2.6186278 -2.8781377 -3.0521087 -3.0579611 -3.06 -3.06 -2.9368697 -2.8488597 -2.8430073 -2.8371548 -2.8309671 -9999
-2.8351367 -2.9882926 -3.1203822 -3.2325023 -3.3783721 -3.3786053 -3.3910694 -3.4332388 -3.452822 -3.4236469 -3.2798588 -3.2666734 -3.2611461 -3.2531941 -3.2383832 -3.1800499 -3.0586527 -2.961909 -2.8507508 -2.6723958 -2.4601783 -2.239168 -2.0145693 -1.8460608 -1.7676485 -1.6923414 -1.6977974 -1.7242142 -1.8222041 -1.9329867 -2.0622174 -2.2226735 -2.376127 -2.4579234 -2.5663952 -2.6146874 -2.5832168 -2.4587398 -2.4419103 -2.4530038 -2.464121 -2.4859816 -2.6269708 -2.6889947 -2.6967846 -2.7066001 -2.7126851 -2.7570653 -2.9302174 -2.9360698 -2.9381087 -2.9381087 -2.8265871 -2.7377583 -2.7355217 -2.7318577 -2.7260053 -9999
-2.9337587 -3.0814665 -3.1951829 -3.3051473 -3.3156378 -3.2946922 -3.3071563 -3.3292655 -3.3353437 -3.3375245 -3.3218153 -3.3086299 -3.3031026 -3.292726 -3.2761441 -3.1899765 -3.0628484 -2.949322 -2.8301468 -2.6074828 -2.3796438 -2.1243564 -1.8905653 -1.7027694 -1.5809484 -1.5035661 -1.5132177 -1.5415538 -1.6586026 -1.8018581 -1.9533696 -2.133246 -2.3029668 -2.4351771 -2.5446957 -2.6135787 -2.6403684 -2.5876964 -2.5744511 -2.586156 -2.5948457 -2.6131552 -2.7049201 -2.7646858 -2.7705382 -2.7739631 -2.7798156 -2.8161335 -2.8421087 -2.8475725 -2.85 -2.85 -2.7385964 -2.66 -2.66 -2.656336 -2.6504835 -9999
