P1_models/J1_p1_vp_slide_diff2_140.dat.tif
NCOLS 118
NROWS 92
XLLCORNER 139.62
YLLCORNER -39.07
DX 0.099491525
DY 0.099347826
NODATA_VALUE -9999
[rows 0 to 24 of 92, columns 0 to 54 of 118]
-9999 -9999 -9999 -9999 -9999 -9999 -9999 -9999 -9999 -9999 -9999 -9999 -9999 -9999 -9999 -9999 -9999 -9999 -9999 -9999 -9999 -9999 -9999 -9999 -9999 -9999 -9999 -9999 -9999 -9999 -9999 -9999 -9999 -9999 -9999 -9999 -9999 -9999 -9999 -9999 -9999 -9999 -9999 -9999 -9999 -9999 -9999 -9999 -9999 -9999 -9999 -9999 -9999 -9999 -9999
-9999 0.23964578 0.23856915 0.23749252 0.23641589 0.23533926 0.23395007 0.23417733 0.23679656 0.23930407 0.24181159 0.2443191 0.24682661 0.24941895 0.25153752 0.25291814 0.25429875 0.25567936 0.25705997 0.25888167 0.26172099 0.26456032 0.26739964 0.27023896 0.27251562 0.27103954 0.26771716 0.26281796 0.25791876 0.25301956 0.24812036 0.24601659 0.24930149 0.2525864 0.2558713 0.25915621 0.26190256 0.26518496 0.26829992 0.26912038 0.26994084 0.27076131 0.27158177 0.26612428 0.26140574 0.25836444 0.25532314 0.25228184 0.24924054 0.24276261 0.23499321 0.22722381 0.21945441 0.21168501 0.20719678
-9999 0.23465375 0.23357713 0.2325005 0.23142387 0.22979157 0.2278112 0.22803846 0.23081362 0.23350485 0.23601237 0.23851988 0.24102739 0.24361973 0.24638195 0.24884343 0.25022404 0.25160465 0.25298526 0.25480696 0.25764628 0.26048561 0.26332493 0.2645962 0.26338473 0.26190865 0.25972338 0.25701811 0.25211892 0.24721972 0.24232052 0.24021674 0.24350165 0.24678656 0.25007146 0.25235418 0.25360018 0.25688258 0.26307833 0.26730377 0.26812423 0.26894469 0.26976515 0.26430767 0.25433704 0.24833114 0.24528984 0.24224854 0.23920724 0.23276111 0.22572652 0.21804656 0.21027716 0.20250776 0.19801953
-9999 0.22966173 0.2285851 0.22750848 0.22563307 0.2236527 0.22167233 0.2218996 0.22467476 0.22744992 0.23021314 0.23272066 0.23522817 0.23782051 0.24058273 0.24334494 0.24610716 0.24752994 0.24891055 0.25073225 0.25357157 0.2564109 0.25667678 0.25546531 0.25425383 0.25277776 0.25059248 0.24840721 0.24622194 0.24141987 0.23652067 0.2344169 0.23770181 0.24098671 0.2428058 0.24405181 0.24529781 0.24858021 0.25477596 0.26097171 0.26630761 0.26712807 0.26794854 0.26249105 0.25252043 0.24254981 0.23525654 0.23221524 0.22917394 0.2227278 0.21569322 0.20865864 0.2010999 0.1933305 0.18884227
-9999 0.22466971 0.22345494 0.22147457 0.2194942 0.21751383 0.21553346 0.21576073 0.21853589 0.22131105 0.22408621 0.22686137 0.22942895 0.23202129 0.2347835 0.23754572 0.24030794 0.24307015 0.24483584 0.24665754 0.24949686 0.24875737 0.24754589 0.24633442 0.24512294 0.24364686 0.24146159 0.23927632 0.23709105 0.23490577 0.23072083 0.22861706 0.23190196 0.23325742 0.23450343 0.23574943 0.23699544 0.24027784 0.24647359 0.25266933 0.25886508 0.26506083 0.26613192 0.26067443 0.25070381 0.24073319 0.23076257 0.22218193 0.21914064 0.2126945 0.20565992 0.19862533 0.19159075 0.18415325 0.17966502
-9999 0.21929645 0.21731608 0.21533571 0.21335534 0.21137496 0.20939459 0.20962186 0.21239702 0.21517218 0.21794734 0.2207225 0.22349767 0.22622206 0.22898428 0.2317465 0.23450871 0.23727093 0.24003315 0.24204942 0.24083795 0.23962647 0.238415 0.23720352 0.23599205 0.23451597 0.2323307 0.23014543 0.22796015 0.22577488 0.22358961 0.22246304 0.22370904 0.22495505 0.22620105 0.22744706 0.22869306 0.23197546 0.23817121 0.24436696 0.25056271 0.25675846 0.26295421 0.25885782 0.2488872 0.23891657 0.22894595 0.21897533 0.20910733 0.2026612 0.19562661 0.18859203 0.18155745 0.17452286 0.17048776
-9999 0.21733451 0.21535414 0.21337377 0.2113934 0.20941303 0.20757443 0.20793199 0.21070715 0.21348231 0.21625747 0.21903263 0.22170537 0.22374155 0.22515943 0.22792165 0.23068387 0.23344608 0.2362083 0.23776893 0.23655745 0.23534598 0.2341345 0.23292303 0.23152668 0.23077199 0.23181712 0.22963184 0.22744657 0.2252613 0.22307603 0.22206277 0.22330877 0.22455478 0.22580078 0.22704679 0.22589107 0.22630892 0.23250467 0.23870042 0.24489617 0.25109192 0.25378522 0.25537348 0.25103458 0.24106396 0.23109334 0.22112272 0.2111521 0.20368486 0.19665028 0.18961569 0.18258111 0.17725055 0.17859903
-9999 0.21603433 0.21405396 0.21207358 0.21009321 0.2083266 0.20658941 0.20694697 0.20972213 0.21249729 0.21527245 0.21787808 0.22042653 0.22246271 0.22347305 0.22448338 0.22717181 0.22993403 0.23269625 0.23425688 0.2330454 0.23183393 0.23062245 0.22908961 0.22738134 0.22662665 0.22842778 0.23022891 0.22829821 0.22611294 0.22392767 0.22291441 0.22416041 0.22540642 0.22665242 0.22426294 0.22064212 0.22105998 0.22725573 0.23345147 0.23964722 0.24108031 0.24185017 0.24343843 0.24561502 0.24383936 0.23386874 0.22389812 0.21392749 0.20646026 0.19942567 0.19239109 0.18834847 0.18810081 0.18944929
-9999 0.21473414 0.21275377 0.21081595 0.20907876 0.20734157 0.20560439 0.20596194 0.2087371 0.21150234 0.21405079 0.21659924 0.21914769 0.22118387 0.22219421 0.22320454 0.22421488 0.22642198 0.2291842 0.23074483 0.22953335 0.22832188 0.22665254 0.22494427 0.223236 0.22248131 0.22428244 0.22608357 0.22788471 0.22696459 0.22477931 0.22376605 0.22501206 0.22625563 0.22263481 0.21901399 0.21539317 0.21581103 0.22200678 0.22760554 0.22837539 0.22914525 0.22991511 0.23150337 0.23367997 0.23585656 0.23664413 0.22667351 0.21670289 0.20923565 0.20220107 0.1994464 0.19919873 0.19895107 0.20029956
-9999 0.21343395 0.21156811 0.20983092 0.20809374 0.20635655 0.20461936 0.20497692 0.20767505 0.2102235 0.21277195 0.2153204 0.21786885 0.21990503 0.22091537 0.2219257 0.22293604 0.22394638 0.22567214 0.22723278 0.22592373 0.22421547 0.2225072 0.22079893 0.21909066 0.21833596 0.2201371 0.22193823 0.22373937 0.2255405 0.22563096 0.2246177 0.2246275 0.22100668 0.21738586 0.21376504 0.21014423 0.21056208 0.21490062 0.21567048 0.21644034 0.2172102 0.21798006 0.21956831 0.22174491 0.2239215 0.2260981 0.22827469 0.21947829 0.21201105 0.21054432 0.21029666 0.210049 0.20980133 0.21114982
-9999 0.21274953 0.21101235 0.20927516 0.20753797 0.20580078 0.2040636 0.20453635 0.2070848 0.20963325 0.2121817 0.21473015 0.2172786 0.21899916 0.2200095 0.22101983 0.22203017 0.2230405 0.22405084 0.22423911 0.22253084 0.22082257 0.2191143 0.21740603 0.21569776 0.21465633 0.21645746 0.2182586 0.22005973 0.22186086 0.223662 0.22361117 0.21999035 0.21636954 0.21274872 0.2091279 0.20550708 0.2038824 0.20465226 0.20542212 0.20619198 0.20696183 0.20773169 0.20985272 0.21202932 0.21420591 0.21638251 0.21855911 0.2207357 0.22084527 0.22059761 0.22034995 0.22010229 0.21985462 0.21792137
-9999 0.21500701 0.21326982 0.21153263 0.20979544 0.20805826 0.2075036 0.20845893 0.21100738 0.21355583 0.21610428 0.21865273 0.22046068 0.22154496 0.22162289 0.22255827 0.22356861 0.22457895 0.22558928 0.22577755 0.22406928 0.22236102 0.22065275 0.21894448 0.21707863 0.21574048 0.21601079 0.21763105 0.21943218 0.22123332 0.22303445 0.22298362 0.21936281 0.21574199 0.21212117 0.20850035 0.20581526 0.20468815 0.20545801 0.20622787 0.20699773 0.20776759 0.21082862 0.21397146 0.21685949 0.21903608 0.22121268 0.22338927 0.22556587 0.22567544 0.22542778 0.22518012 0.22493245 0.21944034 0.21150454
-9999 0.21726448 0.21552729 0.2137901 0.21227627 0.21185123 0.21142618 0.21238151 0.21492996 0.21747841 0.21998932 0.22157613 0.22316294 0.22424722 0.22432515 0.22440309 0.22510705 0.22611739 0.22712773 0.227316 0.22560773 0.22389946 0.22219119 0.22026826 0.21833 0.21699185 0.21726216 0.21753248 0.21880463 0.22060577 0.2224069 0.22235608 0.21873526 0.21511444 0.21152712 0.20907407 0.20662101 0.2054939 0.20626376 0.20703362 0.20817729 0.21136376 0.21455023 0.21769307 0.22080454 0.22386625 0.22604284 0.22821944 0.23039603 0.23050561 0.23025795 0.23001028 0.2229254 0.2130235 0.2050877
-9999 0.21952195 0.21778476 0.21662389 0.21619885 0.21577381 0.21534877 0.2163041 0.21885255 0.22110477 0.22269158 0.22427839 0.2258652 0.22694948 0.22702741 0.22710535 0.22718328 0.22765583 0.22866617 0.22885444 0.22714617 0.22539615 0.22345789 0.22151962 0.21958136 0.21824322 0.21851353 0.21878385 0.21905416 0.21997822 0.22177936 0.22172853 0.21810771 0.21478593 0.21233287 0.20987982 0.20742676 0.20629966 0.20706952 0.20871243 0.2118989 0.21508537 0.21827185 0.22141468 0.22452615 0.22763762 0.23074908 0.23304961 0.2352262 0.23533578 0.23508811 0.22641046 0.21650856 0.20660667 0.19867087
-9999 0.22177942 0.22097151 0.22054647 0.22012143 0.21969639 0.21927135 0.22022668 0.22222023 0.22380704 0.22539384 0.22698065 0.22856746 0.22965174 0.22972967 0.22980761 0.22988554 0.22996348 0.23020461 0.23039288 0.22858578 0.22664751 0.22470925 0.22277099 0.22083273 0.21949459 0.2197649 0.22003521 0.22030553 0.22057584 0.22115181 0.22110098 0.21804474 0.21559168 0.21313863 0.21068557 0.20823251 0.20710541 0.20924756 0.21243404 0.21562051 0.21880698 0.22199346 0.22513629 0.22824776 0.23135923 0.23447069 0.23758216 0.24005637 0.23979741 0.22989552 0.21999362 0.21009173 0.20018984 0.19225403
-9999 0.22534031 0.22491527 0.22449022 0.22406518 0.22364014 0.2232151 0.22385331 0.22544012 0.22702692 0.22861373 0.23020054 0.23178735 0.23277371 0.2328368 0.23291474 0.23299267 0.23307061 0.23314854 0.23261681 0.23067855 0.22874029 0.22680203 0.22486377 0.22292551 0.21867196 0.21779971 0.21807002 0.21834033 0.21861065 0.21888096 0.21822106 0.215768 0.21331495 0.21086189 0.20840884 0.20595578 0.20442622 0.20761269 0.21079916 0.21398564 0.21717211 0.22035858 0.22349589 0.22660735 0.22971882 0.23283029 0.23594175 0.23905322 0.23220624 0.22230434 0.21240245 0.20250055 0.19259866 0.18796298
-9999 0.22933324 0.2289082 0.22848316 0.22805812 0.2277161 0.22784397 0.22854637 0.22991186 0.23144959 0.2330364 0.23462321 0.23621002 0.23719638 0.23698032 0.23696263 0.23704057 0.2371185 0.23719644 0.23666471 0.23472645 0.23278818 0.23084992 0.22891166 0.2270445 0.2228173 0.21225028 0.20863071 0.20890102 0.20917134 0.20944165 0.20878175 0.20632869 0.20387564 0.20142258 0.19926051 0.20372431 0.20321799 0.19560123 0.19671777 0.19990425 0.20309072 0.20627719 0.20941119 0.21250757 0.21561904 0.21873051 0.22184197 0.22495344 0.21967801 0.21198443 0.20208253 0.19218064 0.18227875 0.17764306
-9999 0.23332618 0.23290114 0.2324761 0.23229774 0.23242561 0.23255348 0.23325588 0.23462136 0.23598685 0.23745907 0.23904588 0.24063269 0.24161905 0.24140299 0.24118693 0.24108846 0.2411664 0.24124433 0.2407126 0.23877434 0.23683608 0.23491347 0.23305165 0.23118984 0.22696264 0.21639563 0.20582861 0.19946171 0.19973202 0.20000234 0.19934244 0.19688938 0.19443632 0.19402772 0.19849151 0.20295531 0.202449 0.19483223 0.18721547 0.18582285 0.18900933 0.1921958 0.1953298 0.19842608 0.20152236 0.20463072 0.20774219 0.21085366 0.20557822 0.19885331 0.19176262 0.18186073 0.17195883 0.16732315
-9999 0.23731912 0.23689408 0.23687938 0.23700725 0.23713512 0.23726299 0.23796539 0.23933087 0.24069635 0.24206184 0.24346855 0.24505536 0.24604172 0.24582566 0.2456096 0.24539353 0.24521429 0.24529223 0.2447605 0.24282224 0.24092063 0.23905881 0.237197 0.23533518 0.23110798 0.22054097 0.20997395 0.19940694 0.19029271 0.19056303 0.18990313 0.18745007 0.18879493 0.19325872 0.19772252 0.20218632 0.20168 0.19406324 0.18644648 0.17882972 0.17492794 0.17811441 0.18124841 0.18434469 0.18744097 0.19053725 0.19364241 0.19675388 0.19147844 0.18475353 0.17802861 0.17130369 0.16163892 0.15700323
-9999 0.24133315 0.24146102 0.24158889 0.24171676 0.24184463 0.2419725 0.2426749 0.24404038 0.24540586 0.24677135 0.24813683 0.24950231 0.25046439 0.25024833 0.25003226 0.2498162 0.24960014 0.24938408 0.24880839 0.24692779 0.24506597 0.24320415 0.24134234 0.23948052 0.23525332 0.22468631 0.2141193 0.20355228 0.19298527 0.18241826 0.18046381 0.18356213 0.18802593 0.19248973 0.19695353 0.20141732 0.20091101 0.19329425 0.18567748 0.17806072 0.17044396 0.16403302 0.16716702 0.1702633 0.17335958 0.17645586 0.17955214 0.18265409 0.17737866 0.17065374 0.16392883 0.15720391 0.150479 0.14668332
-9999 0.24342633 0.2435542 0.24368207 0.24380995 0.24393782 0.24457957 0.24663846 0.24800394 0.24936942 0.2507349 0.25210038 0.25342853 0.25412913 0.25415964 0.25394357 0.25372751 0.25351145 0.25329539 0.25258167 0.25071985 0.24885804 0.24699622 0.2451344 0.24327258 0.23497746 0.22608881 0.2155218 0.20495478 0.19438777 0.18382076 0.17838778 0.18285158 0.18731537 0.19177917 0.19624297 0.20008139 0.19665237 0.18903561 0.18141885 0.17380209 0.16618532 0.15928522 0.15934571 0.16251476 0.16561104 0.16870732 0.1718036 0.17489988 0.16962221 0.16289729 0.15617238 0.14944746 0.14272255 0.1417598
-9999 0.24354597 0.24367384 0.24380171 0.24392959 0.24532076 0.24798044 0.25003932 0.2514048 0.25277029 0.25413577 0.25531001 0.25615552 0.25685612 0.25726652 0.25746915 0.25725309 0.25703703 0.25682097 0.25610725 0.25424543 0.25238362 0.2505218 0.24674394 0.23786648 0.22955983 0.22278311 0.21485532 0.20428831 0.1937213 0.18315428 0.17772131 0.1821851 0.1866489 0.1911127 0.1936923 0.19319046 0.18976144 0.18214468 0.17452792 0.16691115 0.16059675 0.15550175 0.15556225 0.15932897 0.16263948 0.16573576 0.16883204 0.17192832 0.16665065 0.15992574 0.15320082 0.1466397 0.1416955 0.14090689
-9999 0.24366561 0.24379348 0.24392135 0.24606194 0.24872162 0.25138131 0.25344019 0.25480567 0.25617115 0.25719148 0.258037 0.25888251 0.25958311 0.25999352 0.26040392 0.26077867 0.26056261 0.26034654 0.25963283 0.25777101 0.25590919 0.25020378 0.24132632 0.23244885 0.2241422 0.21736548 0.21058876 0.20362183 0.19305482 0.18248781 0.17705483 0.18151863 0.18598242 0.18730321 0.18680137 0.18629953 0.18287051 0.17525374 0.16763698 0.16190828 0.15681329 0.15171829 0.15177879 0.1555455 0.15931222 0.16276421 0.16586049 0.16895677 0.1636791 0.15695418 0.15073098 0.14578679 0.14084259 0.14005398
-9999 0.24378525 0.24414343 0.24680312 0.2494628 0.25212249 0.25478217 0.25684106 0.25820654 0.25907296 0.25991848 0.26076399 0.2616095 0.26231011 0.26272051 0.26313091 0.26354131 0.26395172 0.26387212 0.26315841 0.26129659 0.25366361 0.24478615 0.23590869 0.22703123 0.21872458 0.21194786 0.20517113 0.19839441 0.19161769 0.18182133 0.17638835 0.18085215 0.18091412 0.18041227 0.17991043 0.17940859 0.17597957 0.16836281 0.16321982 0.15812482 0.15302983 0.14793483 0.14799533 0.15176204 0.15552876 0.15929547 0.16288893 0.16598521 0.16070754 0.15482227 0.14987807 0.14493388 0.13998968 0.13920107
-9999 0.24488461 0.2475443 0.25020398 0.25286367 0.25552335 0.25818304 0.26010892 0.26095444 0.26179995 0.26264547 0.26349098 0.2643365 0.2650371 0.2654475 0.2658579 0.26626831 0.26667871 0.26708911 0.26600091 0.25712345 0.24824599 0.23936852 0.23049106 0.2216136 0.21330695 0.20653023 0.19975351 0.19297678 0.18620006 0.17942334 0.17502687 0.17452502 0.17402318 0.17352134 0.1730195 0.17251766 0.16962635 0.16453135 0.15943636 0.15434136 0.14924637 0.14415137 0.14421187 0.14797858 0.1517453 0.15551201 0.15927872 0.16301365 0.15891355 0.15396936 0.14902516 0.14408097 0.13913677 0.13780917
