P1_models/J1_p1_vp_slide_diff2_320.dat.tif
NCOLS 118
NROWS 92
XLLCORNER 139.62
YLLCORNER -39.07
DX 0.099491525
DY 0.099347826
NODATA_VALUE -9999
[rows 24 to 47 of 92, columns 0 to 52 of 118]
-9999 0.05149272 0.050613117 0.049733514 0.048853911 0.047974308 0.047094706 0.046720173 0.04743276 0.048145348 0.048857936 0.049570523 0.050283111 0.050340918 0.049087491 0.047834064 0.046580636 0.045327209 0.044073781 0.044355933 0.047162589 0.049969245 0.052775901 0.055582557 0.058389212 0.058695604 0.05230066 0.045905715 0.039510771 0.033115827 0.026720883 0.022695887 0.023046806 0.023397724 0.023748642 0.024099561 0.024450479 0.024620578 0.024457617 0.024294657 0.024131697 0.023968736 0.023805776 0.023514829 0.023131874 0.022748919 0.022365964 0.021983009 0.021473162 0.021888201 0.021788355 0.021688508 0.021588661
-9999 0.044803738 0.043924135 0.043044532 0.042164929 0.041285326 0.043776189 0.045377726 0.044035022 0.04474761 0.045460198 0.046172785 0.046885373 0.048344209 0.050189758 0.048936331 0.047682904 0.046429476 0.045176049 0.04515033 0.047956986 0.050763642 0.053570297 0.056376953 0.057114116 0.05653984 0.060290027 0.053895083 0.047500139 0.041105195 0.03471025 0.030619472 0.030970391 0.031321309 0.031672227 0.032023146 0.030006444 0.016310695 -0.0002392671 -0.00040222736 -0.00056518762 -0.00072814787 -0.00089110813 0.015726003 0.027970166 0.027587211 0.027204256 0.026821301 0.026438346 0.022260666 0.021470766 0.021370919 0.021271072
-9999 0.036655737 0.035776134 0.034896531 0.034016928 0.038315831 0.043544518 0.045146055 0.042561396 0.040242714 0.040955302 0.04166789 0.042380477 0.043839313 0.046792553 0.049745793 0.048540466 0.047287038 0.046033611 0.046007892 0.048814548 0.051621204 0.054427859 0.05349979 0.050245588 0.049671312 0.05627991 0.062888508 0.05693163 0.050536685 0.044141741 0.040050963 0.040401881 0.0407528 0.041103718 0.037791561 0.033032325 0.019336576 -0.0071441229 -0.029806647 -0.029969608 -0.030132568 -0.030295528 -0.013678417 0.015001673 0.033378555 0.0329956 0.032612645 0.03222969 0.02805201 0.023218498 0.021530298 0.021430451
-9999 0.028507735 0.027628132 0.027626785 0.032855472 0.03808416 0.043312847 0.044914385 0.042329725 0.039745066 0.037160407 0.037162994 0.037875582 0.039334418 0.042287658 0.045240898 0.048194138 0.0481446 0.046891173 0.046865454 0.04967211 0.052478765 0.049885463 0.046631261 0.043377059 0.042802783 0.049411382 0.05601998 0.062628578 0.059968176 0.053573232 0.049482454 0.049833372 0.05018429 0.045576679 0.040817442 0.036058206 0.022362457 -0.0041182417 -0.03059894 -0.057079639 -0.059536988 -0.059699948 -0.043082837 -0.014402747 0.014277344 0.038786944 0.038403989 0.038021034 0.033843354 0.029009842 0.024176331 0.021589831
-9999 0.020359734 0.022166427 0.027395114 0.032623802 0.037852489 0.043081177 0.044682714 0.042098055 0.039513395 0.036928736 0.034344077 0.033370687 0.034829522 0.037782762 0.040736002 0.043689242 0.046642483 0.047748735 0.047723016 0.049525339 0.046271137 0.043016935 0.039762733 0.036508531 0.035934255 0.042542853 0.049151451 0.05576005 0.062368648 0.063004723 0.058913944 0.058121032 0.053361796 0.04860256 0.043843324 0.039084087 0.025388338 -0.0010923606 -0.027573059 -0.054053758 -0.080534457 -0.089104368 -0.072487257 -0.043807167 -0.015127076 0.013553014 0.042233104 0.043812378 0.039634698 0.034801187 0.029967675 0.025134163
-9999 0.014722016 0.019950704 0.025179391 0.030408079 0.035636766 0.040865453 0.04488679 0.042302131 0.039717471 0.037132812 0.034548153 0.031963493 0.028483419 0.031436659 0.034389899 0.037343139 0.040296379 0.04324962 0.044325822 0.04107162 0.037817418 0.034563216 0.031309014 0.028054812 0.025431415 0.032040013 0.038648611 0.045257209 0.051865807 0.058474406 0.061200123 0.056440887 0.051681651 0.046922415 0.042163179 0.037403943 0.027869193 0.0013884939 -0.025092205 -0.051572903 -0.078053602 -0.1045343 -0.099439893 -0.070759803 -0.042079712 -0.013399622 0.015280468 0.043960559 0.044847153 0.040013642 0.03518013 0.030346619
-9999 -0.0038270683 0.0014016191 0.0066303065 0.011858994 0.017087681 0.029914908 0.040122422 0.046093413 0.043508753 0.040924094 0.038339435 0.035754775 0.028405837 0.011516156 0.012886379 0.015839619 0.01879286 0.0217461 0.022822302 0.0195681 0.016313898 0.013059696 0.0098054944 0.020938144 0.025761527 -0.0040948676 -0.0017730599 0.0048355382 0.011444136 0.018052734 0.020778452 0.016019216 0.01125998 0.0065007438 0.0017415076 0.0050322075 0.0058722028 -0.00061748664 -0.027098185 -0.053578884 -0.080059583 -0.10654028 -0.10321803 -0.07752856 -0.04884847 -0.02016838 0.0085117108 0.037191801 0.042467861 0.040460495 0.035626984 0.030793472
-9999 -0.022376153 -0.017147466 -0.011918778 -0.0050313648 0.0086345301 0.022300425 0.03250794 0.03872404 0.04494014 0.044715376 0.042130717 0.039546057 0.032197119 0.015307438 -0.0015822436 -0.0056639005 -0.0027106603 0.00024257977 0.0013187825 -0.0019354195 -0.0051896215 -0.0084438235 0.0084631747 0.026225563 0.031048946 0.0011925505 -0.028663844 -0.035586133 -0.028977535 -0.022368937 -0.019643219 -0.024402455 -0.029161691 -0.03337602 -0.028081553 -0.022787086 -0.021947091 -0.027479849 -0.033012607 -0.055584865 -0.082065563 -0.10854626 -0.10522401 -0.080476806 -0.055617228 -0.026937137 0.0017429532 0.030423044 0.035699104 0.036930311 0.036073838 0.031240326
-9999 -0.040925238 -0.03569655 -0.026311742 -0.012645847 0.0010200477 0.014685943 0.024893458 0.031109558 0.037325658 0.043541758 0.045921999 0.04333734 0.035988401 0.01909872 0.0022090385 -0.014680643 -0.02421418 -0.02126094 -0.020184737 -0.023438939 -0.021774183 -0.004011795 0.013750593 0.031512981 0.036336364 0.0064799686 -0.023376426 -0.053232821 -0.069399206 -0.062790608 -0.06006489 -0.064824126 -0.06648978 -0.061195314 -0.055900847 -0.05060638 -0.049766385 -0.055299143 -0.060831901 -0.066364659 -0.084071544 -0.11055224 -0.10722999 -0.082482786 -0.057735578 -0.03298837 -0.0050258044 0.023654286 0.028930346 0.030161554 0.031392761 0.03168718
-9999 -0.059474322 -0.04759212 -0.033926225 -0.02026033 -0.0065944347 0.0070714603 0.017278975 0.023495075 0.029711175 0.035927275 0.042143375 0.047128622 0.039779683 0.022890002 0.0060003207 -0.010889361 -0.027779042 -0.04276446 -0.041688257 -0.034249153 -0.016486765 0.0012756231 0.019038011 0.036800399 0.041623782 0.011767387 -0.018089008 -0.047945403 -0.077801798 -0.10321228 -0.10048656 -0.099603541 -0.094309074 -0.089014607 -0.08372014 -0.078425674 -0.077585678 -0.083118436 -0.088651194 -0.094183952 -0.09971671 -0.11255822 -0.10923597 -0.084488767 -0.059741559 -0.034994351 -0.010247143 0.016885528 0.022161588 0.023392796 0.024624004 0.025855211
-9999 -0.057340305 -0.04367441 -0.030008515 -0.01634262 -0.0026767253 0.01098917 0.014079432 0.020812295 0.027028395 0.033244495 0.039460596 0.045676696 0.03984772 0.020886932 0.0039972509 -0.01289243 -0.029782112 -0.046671793 -0.053083208 -0.03532082 -0.017558433 0.00020395532 0.017966343 0.035728731 0.04511122 0.02230792 -0.0075484749 -0.03740487 -0.067261265 -0.09711766 -0.11496767 -0.1096732 -0.10437874 -0.09908427 -0.093789803 -0.088495336 -0.087322973 -0.092150409 -0.097683167 -0.10321592 -0.10874868 -0.11428144 -0.11068793 -0.085940719 -0.061193511 -0.036446303 -0.011699095 0.013048113 0.0060999786 0.0073311863 0.0085623939 0.0097936015
-9999 -0.034402836 -0.020736941 -0.007071046 0.006594849 0.012270761 -0.0017851086 0.0003085277 0.021040767 0.032479352 0.038695452 0.044911552 0.051127652 0.045298676 0.015348742 -0.0075623006 -0.024451982 -0.041341663 -0.058231345 -0.06464276 -0.046880372 -0.029117984 -0.011355596 0.0058053131 0.014428741 0.021648503 0.025106086 0.011655892 -0.018200503 -0.048056898 -0.077913293 -0.095763304 -0.090468837 -0.08517437 -0.079879903 -0.076116105 -0.079538108 -0.079282278 -0.073764787 -0.075729673 -0.081262431 -0.086795189 -0.092327947 -0.090819804 -0.084250047 -0.061731717 -0.036984509 -0.012237301 0.012509907 -0.0044315711 -0.024056896 -0.022825688 -0.02159448
-9999 -0.011465367 0.0022005284 0.015866423 0.012555725 -0.001500144 -0.015556013 -0.013462377 0.007269863 0.028002103 0.044146408 0.050362508 0.056578608 0.050749632 0.020799698 -0.0091502362 -0.036011533 -0.052901215 -0.069790896 -0.076202311 -0.058439923 -0.040677536 -0.026280832 -0.017657404 -0.0090339758 -0.0018142143 0.0016433691 0.0051009526 0.0010038635 -0.028852531 -0.058708926 -0.076558937 -0.07126447 -0.065970003 -0.064653408 -0.068075411 -0.071497413 -0.071241583 -0.065724092 -0.060206601 -0.059308937 -0.064841695 -0.070374453 -0.06886631 -0.062296553 -0.055726796 -0.037522715 -0.012775507 0.011971701 -0.0049697772 -0.029116193 -0.053262608 -0.052982562
-9999 0.011472103 0.025137998 0.01284069 -0.0012151794 -0.015271049 -0.029326918 -0.027233281 -0.0065010416 0.014231198 0.034963438 0.055695678 0.062029564 0.056200588 0.026250654 -0.0036992801 -0.033649214 -0.063599148 -0.081350448 -0.087761863 -0.069999475 -0.058366977 -0.049743549 -0.041120121 -0.032496693 -0.025276931 -0.021819348 -0.018361764 -0.014904181 -0.011446597 -0.03950456 -0.05735457 -0.052060103 -0.053190711 -0.056612713 -0.060034716 -0.063456719 -0.063200889 -0.057683397 -0.052165906 -0.046648415 -0.042888201 -0.048420959 -0.046912816 -0.040343059 -0.033773302 -0.027203545 -0.013313713 0.011433495 -0.0055079832 -0.029654399 -0.053800814 -0.07794723
-9999 0.027181523 0.013125654 -0.00093021481 -0.014986084 -0.029041953 -0.043097822 -0.041004186 -0.020271946 0.00046029367 0.021192533 0.041924773 0.062657013 0.061651544 0.03170161 0.0017516759 -0.028198258 -0.058148192 -0.088098126 -0.099321414 -0.090453122 -0.081829694 -0.073206266 -0.064582838 -0.05595941 -0.048739648 -0.045282065 -0.041824481 -0.038366898 -0.034909314 -0.031451731 -0.038306011 -0.041728014 -0.045150016 -0.048572019 -0.051994021 -0.055416024 -0.055160194 -0.049642703 -0.044125211 -0.03860772 -0.033090229 -0.027572738 -0.024959322 -0.018389565 -0.011819808 -0.0052500513 0.0013197058 0.010895289 -0.0060461893 -0.030192605 -0.05433902 -0.078485436
-9999 0.024823433 0.010767564 -0.0032883055 -0.017344175 -0.031400044 -0.045594893 -0.043665366 -0.022933126 -0.0022008864 0.018531353 0.039263593 0.059148825 0.066533451 0.046740065 0.016790132 -0.013159802 -0.043109736 -0.07305967 -0.091345598 -0.08272217 -0.074098742 -0.065475314 -0.056851886 -0.048843506 -0.044568196 -0.043925995 -0.040468411 -0.037010828 -0.033553244 -0.030095661 -0.028987919 -0.032409922 -0.035831924 -0.039253927 -0.042675929 -0.049549916 -0.054808091 -0.0492906 -0.043773108 -0.038255617 -0.032738126 -0.029608492 -0.024750906 -0.017804675 -0.011234918 -0.0046651614 0.0019045957 0.0084743528 -0.011145744 -0.03529216 -0.059438575 -0.083584991
-9999 0.026325313 0.012269444 -0.0017864256 -0.015842295 -0.030136438 -0.044498611 -0.042569084 -0.021836845 -0.0011046047 0.019627635 0.038661617 0.056767933 0.064152558 0.050066382 0.035071211 0.0051212775 -0.024828656 -0.05477859 -0.073064518 -0.06444109 -0.055817662 -0.047194234 -0.03994514 -0.033832049 -0.029556739 -0.030207144 -0.030718286 -0.027260703 -0.023803119 -0.020345536 -0.019237794 -0.022659796 -0.026081799 -0.029503802 -0.039007974 -0.0517982 -0.057056375 -0.051538884 -0.046021393 -0.040503902 -0.038557876 -0.037609448 -0.032751862 -0.025084032 -0.017877185 -0.011307427 -0.0047376704 0.0018320867 -0.01778801 -0.041934426 -0.066080842 -0.082804179
-9999 0.027827193 0.013771324 -0.00031581153 -0.014677984 -0.029040157 -0.043402329 -0.041472803 -0.020740563 -8.3230629e-06 0.018174409 0.036280724 0.05438704 0.061771666 0.04768549 0.033599314 0.019513138 -0.0065475765 -0.03649751 -0.054783438 -0.04616001 -0.037536582 -0.031046774 -0.024933683 -0.018820592 -0.014545283 -0.015195687 -0.015846092 -0.016496497 -0.014052994 -0.01059541 -0.0094876686 -0.012909671 -0.016331674 -0.028466033 -0.041256259 -0.054046485 -0.05930466 -0.053787169 -0.048455689 -0.04750726 -0.046558832 -0.045610403 -0.040752817 -0.033084988 -0.025417158 -0.017949694 -0.011379936 -0.0048101794 -0.024430276 -0.048576692 -0.060701132 -0.063520118
-9999 0.029329073 0.015142643 0.00078047013 -0.013581702 -0.027943875 -0.042306048 -0.040376521 -0.020419116 -0.0023127996 0.015793516 0.033899832 0.052006148 0.059390774 0.045304598 0.031218422 0.017132246 0.0030460699 -0.018216431 -0.036502358 -0.0282615 -0.022148409 -0.016035318 -0.0099222269 -0.003809136 0.00046617379 -0.00018423098 -0.00083463575 -0.0014850405 -0.0021354453 -0.00084528524 0.00026245665 -0.0051338659 -0.017924092 -0.030714317 -0.043504543 -0.056294769 -0.061552944 -0.057405073 -0.056456645 -0.055508216 -0.054559787 -0.053611359 -0.048753773 -0.041085943 -0.033418114 -0.025750285 -0.018082455 -0.011452445 -0.031072543 -0.038598085 -0.041417071 -0.044236057
-9999 0.027749009 0.013386836 -0.00097533637 -0.015337509 -0.029699681 -0.044061854 -0.043687417 -0.025581101 -0.0074747849 0.010631531 0.028737847 0.046844163 0.056487196 0.04240102 0.028314844 0.014228668 0.00014249234 -0.013943684 -0.021921904 -0.015808813 -0.0096957222 -0.0035826312 0.0025304597 0.0086435507 0.01401415 0.013363746 0.012713341 0.012062936 0.011412531 0.010762127 0.005965156 -0.0068250698 -0.019615296 -0.032405521 -0.045195747 -0.057985973 -0.065883515 -0.064935087 -0.063986658 -0.063038229 -0.062089801 -0.061141372 -0.057202269 -0.049534439 -0.04186661 -0.034198781 -0.026530951 -0.018863122 -0.017445593 -0.020264579 -0.023083564 -0.02590255
-9999 0.0044825934 -0.0098795792 -0.024241752 -0.038603924 -0.052966097 -0.040108515 -0.03829066 -0.051718246 -0.03361193 -0.015505614 0.0026007022 0.020707018 0.033131844 0.034179158 0.021469145 0.007382969 -0.006703207 -0.020789383 -0.028767603 -0.022654513 -0.016541422 -0.010428331 -0.0043152396 0.0036525141 0.011160767 0.015263191 0.01522367 0.014573265 0.013922861 0.013272456 0.0084754854 -0.0043147404 -0.017104966 -0.029895192 -0.042685418 -0.055167137 -0.064406744 -0.068913227 -0.067964799 -0.06701637 -0.066067941 -0.065119513 -0.064031018 -0.06135831 -0.053690481 -0.046022652 -0.038354822 -0.030686993 -0.01548626 -0.0091002082 -0.011919194 -0.01473818
-9999 -0.018783822 -0.033145995 -0.047508167 -0.055663721 -0.040177784 -0.024691846 -0.022873991 -0.036830858 -0.050787725 -0.041642759 -0.023536443 -0.0054301267 0.0069946989 0.008042013 0.0090893271 0.00053726962 -0.013548906 -0.027635082 -0.035613303 -0.029500212 -0.023387121 -0.01727403 -0.0085738219 0.00020514453 0.0077133978 0.011815821 0.015918245 0.017083595 0.01643319 0.015782785 0.010985815 -0.0018044111 -0.014594637 -0.027360092 -0.039770226 -0.052180361 -0.061419968 -0.066123687 -0.070827406 -0.070994511 -0.070046082 -0.069097653 -0.068009159 -0.066819973 -0.065514352 -0.057846523 -0.050178693 -0.042510864 -0.027310131 -0.010807507 -0.00075482347 -0.0035738092
-9999 -0.042050237 -0.05641241 -0.05573299 -0.040247053 -0.024761115 -0.0092751776 -0.0074573223 -0.021414189 -0.035371056 -0.049327923 -0.049673587 -0.031567271 -0.019142446 -0.018095132 -0.017047818 -0.016000504 -0.020394606 -0.034480782 -0.042459002 -0.036345911 -0.029579124 -0.020800158 -0.012021191 -0.003242225 0.0042660282 0.0083684517 0.012470875 0.016573299 0.018943519 0.018293115 0.013496144 0.00070591821 -0.011963181 -0.024373316 -0.03678345 -0.049193584 -0.058433192 -0.063136911 -0.06784063 -0.072544349 -0.074024223 -0.073075794 -0.0719873 -0.070798114 -0.069608929 -0.068419743 -0.062002564 -0.054334735 -0.039134002 -0.022631378 -0.0061287541 0.0075905612
-9999 -0.065316653 -0.055802259 -0.040316321 -0.024830384 -0.0093444463 0.0061414912 0.0079593466 -0.0059975203 -0.019954387 -0.033911254 -0.047868121 -0.057704416 -0.045279591 -0.044232277 -0.043184962 -0.042137648 -0.041090334 -0.041326481 -0.049304702 -0.04180546 -0.033026494 -0.024247527 -0.015468561 -0.0066895946 0.00081865867 0.0049210821 0.0090235055 0.013125929 0.017228352 0.020803444 0.016006473 0.0034337295 -0.008976405 -0.021386539 -0.033796674 -0.046206808 -0.055446416 -0.060150135 -0.064853854 -0.069557573 -0.074261293 -0.077053934 -0.07596544 -0.074776255 -0.073587069 -0.072397884 -0.071208698 -0.066158606 -0.050957873 -0.034455249 -0.017952625 -0.0014500013
