P1_models/J1_p1_vp_slide_diff2_35.dat.tif
NCOLS 118
NROWS 92
XLLCORNER 139.62
YLLCORNER -39.07
DX 0.099491525
DY 0.099347826
NODATA_VALUE -9999
[rows 25 to 49 of 92, columns 56 to 111 of 118]
0.10707376 0.096205379 0.085336995 0.074468612 0.074888 0.077067692 0.075257479 0.073447266 0.071637053 0.06982684 0.06023393 0.061235597 0.062389337 0.063543077 0.064696817 0.065551754 0.066024339 0.066496923 0.066969508 0.067442093 0.070370208 0.052925253 0.051833474 0.050741696 0.049649917 0.048558138 0.065807219 0.091530096 0.11725297 0.14297585 0.15942088 0.16054435 0.16827109 0.16963281 0.17099453 0.17235625 0.17349566 0.16740053 0.16130541 0.15521029 0.14911516 0.14229727 0.16168202 0.164756 0.16737282 0.16998964 0.17260646 0.1801124 0.18452577 0.18746017 0.19039457 0.19332898 0.20547372 0.22163405 0.23750773 0.2533814
0.11350664 0.10263826 0.091769873 0.08090149 0.081320877 0.089410782 0.093469204 0.091658991 0.089848778 0.088038565 0.078445655 0.068585321 0.067730868 0.068884608 0.070038348 0.070893285 0.07136587 0.071838454 0.072646499 0.075889002 0.078889601 0.060286375 0.04168315 0.039542659 0.038450881 0.037359102 0.054608182 0.080331059 0.10605394 0.11862493 0.11360906 0.11473253 0.12691855 0.13600949 0.13737121 0.13873292 0.13987234 0.13377721 0.12768209 0.12158696 0.11469481 0.1077107 0.12709545 0.14928856 0.15441385 0.15703067 0.15964748 0.16715342 0.17699015 0.18183349 0.18476789 0.18770229 0.19984704 0.216916 0.2331508 0.24902447
0.12401289 0.10961451 0.09820275 0.087334367 0.087753755 0.09584366 0.10393356 0.10987072 0.1080605 0.10625029 0.096657379 0.086797046 0.076936712 0.074226139 0.075379879 0.076234816 0.076707401 0.07792339 0.081165893 0.084408395 0.087408994 0.068805769 0.050202543 0.031599317 0.027251844 0.026160065 0.043409146 0.069132022 0.077828987 0.072813113 0.067797238 0.068920712 0.081106734 0.093292757 0.10374788 0.1051096 0.10624902 0.10015389 0.094058768 0.087092351 0.080108241 0.073124131 0.092508876 0.11470199 0.13689511 0.14407169 0.14668851 0.15419445 0.16403118 0.1738679 0.17914121 0.18207561 0.19422036 0.21128932 0.22835829 0.24466754
0.13464565 0.12024727 0.10584889 0.093767244 0.094186632 0.10227654 0.11036644 0.11845635 0.12627223 0.12446201 0.1148691 0.10500877 0.095148437 0.085288103 0.08072141 0.081576347 0.083200281 0.086442783 0.089685286 0.092927788 0.095928388 0.077325162 0.058721936 0.04011871 0.021515484 0.014961029 0.032210109 0.037033043 0.032017168 0.027001294 0.021985419 0.023108893 0.035294915 0.047480937 0.05966696 0.071486284 0.072625696 0.066473999 0.059489889 0.052505779 0.045521669 0.038537559 0.057922305 0.08011542 0.10230854 0.12450165 0.13372954 0.14123548 0.1510722 0.16090893 0.17074566 0.17644893 0.18859368 0.20566264 0.22273161 0.23980057
0.14304076 0.12864238 0.114244 0.099845624 0.096355252 0.10444516 0.11253506 0.12062497 0.12871487 0.13680478 0.1306535 0.12079316 0.11093283 0.1010725 0.091212162 0.087099666 0.090342168 0.093584671 0.096827173 0.10006968 0.10098373 0.084935078 0.066331852 0.047728627 0.029125401 0.010522175 0.0012125124 -0.0038033623 -0.0088192369 -0.013835112 -0.018850986 -0.023474481 -0.011288459 0.00089756388 0.013083586 0.025269609 0.036884119 0.029900009 0.022915899 0.015931789 0.0089476794 0.0027212805 0.026465497 0.048658613 0.070851728 0.093044844 0.11523796 0.13054389 0.14038062 0.15021734 0.16005407 0.1698908 0.18363445 0.20070341 0.21777238 0.23484134
0.13301487 0.11861649 0.10421812 0.089819737 0.077345831 0.071509027 0.079598932 0.087688836 0.095778741 0.10386865 0.11838103 0.11659498 0.10673464 0.096874311 0.087013977 0.08290148 0.086143983 0.089386485 0.092628988 0.090545987 0.075166823 0.079600015 0.066454663 0.047851438 0.029248212 0.010644986 0.0013353232 -0.0036805514 -0.0086964261 -0.013712301 -0.027552344 -0.047420822 -0.064223517 -0.052037494 -0.039851472 -0.02766545 -0.016050939 -0.023035049 -0.030019159 -0.037003269 -0.040231375 -0.0113246 0.018348798 0.042967039 0.065160155 0.08735327 0.10954639 0.13208355 0.14835486 0.15819159 0.16802832 0.17786505 0.1878514 0.20123883 0.2183078 0.23537676
0.11966681 0.10859061 0.094192229 0.079793851 0.067319944 0.056153797 0.046662802 0.054752707 0.062842612 0.070932516 0.085444899 0.10017797 0.10253646 0.092676125 0.082815791 0.078703295 0.081945797 0.0851883 0.080330088 0.06472908 0.049349916 0.053783108 0.0582163 0.047974248 0.029371023 0.010767797 0.001458134 -0.0035577406 -0.0085736153 -0.024252183 -0.043855956 -0.063724434 -0.084069888 -0.10441534 -0.09278653 -0.080600508 -0.068985997 -0.075970107 -0.082954217 -0.08318403 -0.054277255 -0.02537048 0.0043029175 0.034057963 0.059468581 0.081661696 0.10385481 0.12639197 0.14909315 0.16616584 0.17600257 0.18583929 0.19582565 0.205892 0.21884322 0.23591218
0.095742163 0.093025689 0.084166342 0.069767964 0.057294057 0.04612791 0.034961763 0.023795616 0.029906482 0.037996387 0.052508769 0.067241836 0.081974903 0.08847794 0.078617606 0.074505109 0.077747612 0.07011419 0.054513182 0.038912174 0.023533009 0.027966202 0.032399394 0.036832586 0.029493833 0.010890608 0.0015809448 -0.0034349298 -0.020952023 -0.040555796 -0.060159568 -0.080028047 -0.1003735 -0.12071895 -0.14106441 -0.13353557 -0.12192106 -0.12890517 -0.12613669 -0.09722991 -0.068323135 -0.03941636 -0.0097429627 0.020012083 0.049767128 0.075970123 0.098163238 0.1207004 0.14340158 0.16610276 0.18397681 0.19381354 0.2037999 0.21386625 0.2239326 0.23644761
0.071817516 0.069101042 0.066384568 0.059742077 0.047268171 0.036102024 0.024935876 0.013769729 0.0026035822 0.0050602571 0.01957264 0.034305707 0.049038773 0.06377184 0.07441942 0.070306924 0.059898292 0.044297284 0.028696275 0.013095267 -0.0022838972 0.002149295 0.0065824872 0.011015679 0.015448872 0.011013418 0.0017037557 -0.017651863 -0.037255636 -0.056859408 -0.076463181 -0.096331659 -0.11667711 -0.13702257 -0.15736802 -0.17771347 -0.17485611 -0.16908934 -0.14018257 -0.11127579 -0.082369015 -0.05346224 -0.023788843 0.0059662024 0.035721248 0.065476293 0.092471665 0.11500883 0.13771001 0.16041119 0.18311237 0.20178779 0.21177415 0.2218405 0.23190685 0.24197321
0.053533914 0.05081744 0.048100966 0.045384492 0.035657814 0.024491666 0.013325519 0.0021593722 -0.0090067749 -0.020172922 -0.017620982 -0.0028879148 0.011845152 0.026578219 0.041311286 0.042737667 0.027136659 0.011535651 -0.0040653572 -0.019666365 -0.03485495 -0.023029104 -0.018595912 -0.014162719 -0.0097295272 -0.005296335 -0.017304099 -0.036907872 -0.056511644 -0.076115417 -0.09571919 -0.10730752 -0.12639443 -0.14673988 -0.16708533 -0.18743079 -0.2063079 -0.17740113 -0.14849435 -0.11958758 -0.090680804 -0.065629944 -0.033416229 -0.0036611839 0.026093861 0.055848907 0.085603952 0.11138368 0.13408486 0.15678604 0.17948722 0.2021884 0.21581975 0.22588611 0.23595246 0.24601881
0.04455395 0.041837476 0.039121002 0.036404528 0.026088862 0.010609225 -0.00089806574 -0.012064213 -0.02323036 -0.034396507 -0.044809658 -0.047103313 -0.032370246 -0.017637179 -0.0029041121 -0.0014777306 -0.017078739 -0.032679747 -0.048280755 -0.063885798 -0.079077907 -0.057176256 -0.042721235 -0.038288043 -0.033854851 -0.029421659 -0.041429423 -0.061033196 -0.080636968 -0.10024074 -0.11447788 -0.1248761 -0.12895581 -0.14559457 -0.16594003 -0.18628548 -0.2051626 -0.17625582 -0.14734905 -0.11844227 -0.094675315 -0.077757074 -0.04140183 -0.0060012572 0.023753788 0.053508833 0.083263879 0.10956679 0.1338678 0.15656898 0.17927016 0.20197134 0.2151086 0.2234523 0.23351865 0.24358501
0.031621611 0.032857513 0.030141039 0.027424565 0.017108899 0.0016292611 -0.013850377 -0.026287798 -0.037453945 -0.048620092 -0.059033243 -0.06942052 -0.076585644 -0.061852577 -0.04711951 -0.045693129 -0.061294137 -0.076895145 -0.092501299 -0.10810876 -0.12330086 -0.10139921 -0.079497561 -0.062413367 -0.057980175 -0.053546982 -0.065554747 -0.085158519 -0.10423689 -0.11814167 -0.13204646 -0.14244468 -0.1465244 -0.15060411 -0.16479472 -0.18514017 -0.20401729 -0.17511051 -0.14620374 -0.12372069 -0.10680245 -0.089884204 -0.05352896 -0.015103611 0.021413715 0.05116876 0.080923806 0.10722672 0.13188391 0.15635193 0.17905311 0.20175429 0.21489154 0.22291554 0.23108485 0.2411512
0.015428563 0.018645693 0.021161075 0.018444601 0.0081289352 -0.0073507025 -0.02283034 -0.038309978 -0.05167753 -0.062843677 -0.073256828 -0.083644105 -0.094031382 -0.10441866 -0.091334908 -0.089908526 -0.10550953 -0.1211168 -0.13672426 -0.15233171 -0.16752382 -0.14562217 -0.12372052 -0.10181887 -0.082105498 -0.077672306 -0.08968007 -0.10790069 -0.12180547 -0.13571026 -0.14961504 -0.16001327 -0.16409298 -0.1681727 -0.17225241 -0.18399486 -0.20287198 -0.17396521 -0.15276606 -0.13584782 -0.11892958 -0.10201133 -0.06565609 -0.027230741 0.011194609 0.048828687 0.078583732 0.10488665 0.12954383 0.15420102 0.17883606 0.20153724 0.21467449 0.22269848 0.23072247 0.23874647
-0.0007644845 0.002452645 0.0056697746 0.0088869041 -0.0008510284 -0.016330666 -0.031810304 -0.047289942 -0.062769579 -0.077067262 -0.087480413 -0.09786769 -0.10825497 -0.11864224 -0.12902952 -0.13412484 -0.1497323 -0.16533976 -0.18094721 -0.19655467 -0.21174678 -0.18984513 -0.16794348 -0.14604182 -0.12414017 -0.10223852 -0.11156448 -0.12546927 -0.13937405 -0.15327884 -0.16718363 -0.17758185 -0.18166156 -0.18574128 -0.189821 -0.19390071 -0.20172667 -0.18181143 -0.16489319 -0.14797495 -0.13105671 -0.11413846 -0.07778322 -0.039357871 -0.00093252144 0.037492828 0.075918177 0.10254657 0.12720376 0.15186094 0.17651813 0.20117531 0.21445744 0.22248143 0.23050542 0.23852941
-0.021941076 -0.018723946 -0.015506817 -0.0065391409 -0.0095293865 -0.024847926 -0.040327564 -0.055807202 -0.071286839 -0.086766477 -0.097322921 -0.1077102 -0.11809748 -0.12848475 -0.13485691 -0.14072196 -0.15632941 -0.17193687 -0.18754433 -0.20315178 -0.20818763 -0.20235103 -0.18044938 -0.15854773 -0.13664607 -0.11474442 -0.11733389 -0.13123867 -0.14514346 -0.15904824 -0.17293932 -0.18589334 -0.19363123 -0.19771094 -0.20179066 -0.20587037 -0.20932408 -0.19240584 -0.1754876 -0.15856936 -0.14165112 -0.11549174 -0.077919762 -0.039494413 -0.0010690635 0.037356286 0.07482675 0.10333665 0.12799383 0.15265102 0.1773082 0.20402033 0.21938629 0.22741028 0.23543427 0.24345826
-0.04480317 -0.041586041 -0.030157056 -0.015525584 -0.018515829 -0.033480776 -0.048688331 -0.064167969 -0.079647607 -0.095127245 -0.10568369 -0.11607097 -0.12645824 -0.13047696 -0.12872844 -0.13459349 -0.15020095 -0.1658084 -0.18071474 -0.18448841 -0.1881874 -0.1852156 -0.18222814 -0.16032648 -0.13842483 -0.11652318 -0.11911264 -0.13301743 -0.14692222 -0.16080378 -0.1746453 -0.18759931 -0.19895411 -0.20778697 -0.21186669 -0.2159464 -0.21940011 -0.20248187 -0.18556363 -0.16864539 -0.14113222 -0.1115729 -0.074000922 -0.035575573 0.0028497763 0.040084031 0.076675484 0.10518538 0.12984257 0.15449975 0.18159111 0.21068959 0.22605555 0.23407954 0.24210353 0.24697932
-0.067665265 -0.053774971 -0.039143499 -0.024512027 -0.027502272 -0.042467219 -0.057432166 -0.072528737 -0.088008374 -0.10348801 -0.11404446 -0.12443173 -0.12609701 -0.1243485 -0.12259998 -0.12846503 -0.14407248 -0.15694083 -0.16071451 -0.16448819 -0.16818717 -0.16521537 -0.16224358 -0.15927179 -0.14020359 -0.11830194 -0.1208914 -0.13479619 -0.14866823 -0.16250975 -0.17635127 -0.18930529 -0.20066009 -0.21201488 -0.22194272 -0.22602243 -0.22947614 -0.2125579 -0.19563966 -0.1667727 -0.13721338 -0.10765406 -0.070082082 -0.031656733 0.0053413123 0.041932765 0.078524217 0.10703412 0.1316913 0.15916188 0.18826037 0.21735885 0.23272481 0.2407488 0.24511014 0.24710912
-0.077392887 -0.062761414 -0.048129942 -0.033498469 -0.036488715 -0.051453662 -0.066418608 -0.081383555 -0.096369142 -0.11184878 -0.12240522 -0.12171707 -0.11996855 -0.11822003 -0.11647151 -0.12233656 -0.13316693 -0.1369406 -0.14071428 -0.14448796 -0.14818694 -0.14521515 -0.14224335 -0.13927156 -0.13629977 -0.1200807 -0.12267016 -0.13653268 -0.1503742 -0.16421572 -0.17805725 -0.19101126 -0.20236606 -0.21372086 -0.22507566 -0.23609846 -0.23955217 -0.22197251 -0.19241318 -0.16285386 -0.13329454 -0.10373522 -0.066163242 -0.029401407 0.0071900458 0.043781498 0.080372951 0.10888285 0.13673266 0.16583115 0.19492963 0.22402812 0.23939407 0.24324095 0.24523994 0.24723892
-0.088673135 -0.074041662 -0.05941019 -0.044778717 -0.043639515 -0.058604462 -0.073569409 -0.088534355 -0.1034993 -0.11846425 -0.11810027 -0.11635175 -0.11460324 -0.11285472 -0.1111062 -0.11178011 -0.11555379 -0.11932746 -0.12310114 -0.12687482 -0.13055249 -0.127996 -0.12502421 -0.12205242 -0.11908062 -0.11610883 -0.12463712 -0.13847864 -0.15232017 -0.16616169 -0.18000321 -0.19056225 -0.20191705 -0.21327185 -0.22462664 -0.23598144 -0.24611649 -0.21655716 -0.18699784 -0.15743852 -0.1278792 -0.098356766 -0.062607797 -0.026016344 0.010575108 0.04716656 0.083758013 0.11416213 0.14326062 0.1723591 0.20145759 0.23055607 0.23997859 0.24197757 0.24397656 0.24597554
-0.11725339 -0.10262192 -0.087990446 -0.073358973 -0.05869693 -0.051910744 -0.06687569 -0.081840637 -0.096805584 -0.11177053 -0.11643831 -0.11674217 -0.11499365 -0.11324513 -0.11149661 -0.11217052 -0.1159442 -0.11971788 -0.12349155 -0.12713582 -0.1304356 -0.13090321 -0.12878019 -0.1258084 -0.12283661 -0.11986481 -0.1283931 -0.14223462 -0.15607615 -0.16991767 -0.17779364 -0.18148612 -0.18521499 -0.19656978 -0.20792458 -0.21927938 -0.22941442 -0.1998551 -0.17029578 -0.14073646 -0.11131476 -0.082961235 -0.047509047 -0.011044204 0.025547248 0.062138701 0.098730153 0.12418537 0.14872285 0.17782133 0.20691982 0.2360183 0.23688738 0.23020676 0.23220574 0.23420473
-0.14086005 -0.13120217 -0.1165707 -0.10193923 -0.087277186 -0.072594369 -0.060181972 -0.075146919 -0.090111866 -0.10507681 -0.10974459 -0.11405854 -0.11538407 -0.11363555 -0.11188703 -0.11256094 -0.11633462 -0.12010829 -0.12368744 -0.12701893 -0.13031871 -0.13078632 -0.13125393 -0.12956438 -0.12659259 -0.1236208 -0.13214908 -0.14599061 -0.15983213 -0.1664851 -0.17062263 -0.17431511 -0.17720562 -0.18009613 -0.19122252 -0.20257732 -0.21271236 -0.18315304 -0.15359372 -0.12427275 -0.095919228 -0.067565704 -0.032113516 0.0040947027 0.040519388 0.077110841 0.11370229 0.13915751 0.15930374 0.18328356 0.21238204 0.24148053 0.24234961 0.2281261 0.22043493 0.22243391
-0.1493676 -0.15160723 -0.14515096 -0.13051948 -0.11585744 -0.10117462 -0.086491807 -0.07180899 -0.083418147 -0.098383094 -0.10305087 -0.10736482 -0.11167878 -0.11402596 -0.11227745 -0.11295136 -0.11672503 -0.12023905 -0.12357055 -0.12690204 -0.13020182 -0.13066943 -0.13113704 -0.13160465 -0.13034857 -0.12737678 -0.13590506 -0.14974659 -0.15517656 -0.15931409 -0.16345162 -0.1671441 -0.17003461 -0.17292512 -0.17581563 -0.18587526 -0.1960103 -0.16645098 -0.13723074 -0.10887722 -0.080523697 -0.052170173 -0.016717985 0.019490234 0.055698452 0.092082981 0.12867443 0.15412965 0.17427588 0.19442212 0.21784427 0.24694276 0.24781184 0.23358833 0.21936482 0.2106631
-0.15787516 -0.16011478 -0.16235441 -0.15909974 -0.1444377 -0.12975488 -0.11507206 -0.10038925 -0.085706429 -0.091689376 -0.096357152 -0.1006711 -0.10498506 -0.10929901 -0.11266786 -0.11334177 -0.11679067 -0.12012216 -0.12345365 -0.12678515 -0.13008492 -0.13055253 -0.13102015 -0.13148776 -0.13195537 -0.13113276 -0.13966105 -0.14386801 -0.14800555 -0.15214308 -0.15628061 -0.15997308 -0.16286359 -0.16575411 -0.16864462 -0.17153513 -0.17930824 -0.15018874 -0.12183521 -0.09348169 -0.065128166 -0.036774642 -0.001322454 0.034885765 0.071093983 0.1073022 0.14364657 0.16910179 0.18924802 0.20939426 0.2295405 0.25240499 0.25327406 0.23905056 0.22482705 0.21060354
-0.15738826 -0.15962789 -0.16186751 -0.16449722 -0.16222123 -0.14753842 -0.1328556 -0.11817278 -0.10348996 -0.088807147 -0.092490031 -0.096803984 -0.10111794 -0.10543189 -0.10974584 -0.10780568 -0.11113717 -0.11446867 -0.11780016 -0.12113165 -0.13087083 -0.12687047 -0.12733808 -0.12780569 -0.1282733 -0.12874091 -0.1317187 -0.13585623 -0.13999376 -0.1441313 -0.14826883 -0.14592145 -0.14753277 -0.15042328 -0.1533138 -0.15620431 -0.15816335 -0.12980983 -0.1014563 -0.073102778 -0.044749254 -0.017786607 0.017272785 0.053481004 0.089689222 0.12589744 0.15958292 0.17828345 0.19842969 0.21857593 0.23872217 0.25773355 0.25054956 0.23632605 0.22210254 0.20787904
-0.14260707 -0.1448467 -0.14873291 -0.1561509 -0.15470857 -0.14724528 -0.13348061 -0.11879779 -0.10411497 -0.089432155 -0.093115039 -0.097428992 -0.10174294 -0.10444488 -0.096404876 -0.093353222 -0.096684714 -0.10001621 -0.1033477 -0.11619358 -0.13338058 -0.12376576 -0.11799011 -0.11845772 -0.11892533 -0.11939294 -0.12237073 -0.12650826 -0.13064579 -0.13478333 -0.13598972 -0.13308151 -0.12282769 -0.12212461 -0.12501512 -0.12790563 -0.12986467 -0.10151115 -0.073157626 -0.044804101 -0.018378895 0.0058937204 0.040953112 0.077161331 0.11336955 0.14389416 0.15956216 0.1782627 0.19840894 0.21855518 0.23601558 0.2419984 0.23481441 0.2205909 0.20636739 0.19408489
