P1_models/J1_p1_vp_slide_diff2_220.dat.tif
NCOLS 118
NROWS 92
XLLCORNER 139.62
YLLCORNER -39.07
DX 0.099491525
DY 0.099347826
NODATA_VALUE -9999
[rows 0 to 22 of 92, columns 53 to 105 of 118]
-9999 -9999 -9999 -9999 -9999 -9999 -9999 -9999 -9999 -9999 -9999 -9999 -9999 -9999 -9999 -9999 -9999 -9999 -9999 -9999 -9999 -9999 -9999 -9999 -9999 -9999 -9999 -9999 -9999 -9999 -9999 -9999 -9999 -9999 -9999 -9999 -9999 -9999 -9999 -9999 -9999 -9999 -9999 -9999 -9999 -9999 -9999 -9999 -9999 -9999 -9999 -9999 -9999
0.069563626 0.069361092 0.071542097 0.064603985 0.057665872 0.050727759 0.043789647 0.040587926 0.039311345 0.037867651 0.036423958 0.034980265 0.033536572 0.033751629 0.034690467 0.035629305 0.036568144 0.037506982 0.041318276 0.048805197 0.056292119 0.06377904 0.071265962 0.06633305 0.065585493 0.065298657 0.065011821 0.064724985 0.064438149 0.0580433 0.048826443 0.039609586 0.030392728 0.022500881 0.018483674 0.0085443333 0.0014671069 -0.0056101195 -0.012687346 -0.019506031 -0.017911045 -0.01631606 -0.014721074 -0.013126088 0.00012872807 -0.0025253011 -0.0056095384 -0.0086937757 -0.011778013 -0.01486225 -0.021193456 -0.024757298 -0.028115535
0.055619537 0.055417004 0.064057843 0.068809088 0.061870976 0.054932863 0.047994751 0.04479303 0.044130345 0.042982616 0.041538923 0.040095229 0.038651536 0.038727221 0.038877564 0.039816402 0.040755241 0.041694079 0.045505373 0.052992294 0.060479216 0.067966137 0.061002524 0.052777039 0.051879926 0.051069772 0.050782936 0.0504961 0.050209264 0.043814415 0.034597558 0.0253807 0.018594617 0.020158136 0.016140928 0.0020677578 -0.0085891698 -0.015666396 -0.022743623 -0.029562308 -0.027967322 -0.026372336 -0.024777351 -0.010413314 0.0093759409 0.006363199 0.0010879539 -0.0019962834 -0.0050805207 -0.0081647579 -0.014495964 -0.022375096 -0.026120507
0.041675449 0.041472915 0.050113754 0.058754593 0.06607608 0.059137967 0.052199854 0.048998134 0.048335449 0.047672764 0.046653887 0.045210194 0.043766501 0.043842185 0.043970077 0.044097968 0.044942337 0.045881176 0.049692469 0.057179391 0.064061598 0.055754055 0.047446513 0.039221028 0.038323915 0.037426802 0.03655405 0.036267214 0.035980378 0.02958553 0.020368672 0.014688352 0.016251871 0.01781539 0.013798182 -0.00027498809 -0.014348158 -0.025722673 -0.032799899 -0.039618585 -0.038023599 -0.036428613 -0.020955355 -0.0011661008 0.018623154 0.015610412 0.010169182 0.0047279523 0.0016169716 -0.0014672656 -0.0077984716 -0.015677603 -0.023556735
0.027731361 0.027528827 0.036169666 0.044810505 0.053451344 0.062092183 0.056404958 0.053203237 0.052540553 0.051877868 0.051215184 0.050325158 0.048881465 0.048957149 0.049085041 0.049212933 0.049340824 0.050068273 0.053879566 0.058813129 0.050505587 0.042198044 0.033890502 0.025665017 0.024767904 0.023870791 0.022973678 0.022076564 0.021751493 0.015356644 0.010782088 0.012345606 0.013909125 0.015472644 0.011455436 -0.002617734 -0.016690904 -0.030764074 -0.042856176 -0.049674861 -0.048079876 -0.031497397 -0.011708142 0.0080811121 0.027870367 0.024857625 0.019416395 0.013975165 0.0085339353 0.0052302267 -0.0011009793 -0.0089801111 -0.016859243
0.013208702 0.013584739 0.022225578 0.030866417 0.039507256 0.048148095 0.056788934 0.057408341 0.056745656 0.056082972 0.055420287 0.054757603 0.053996429 0.054072113 0.054200005 0.054327897 0.054455789 0.054583681 0.053564661 0.045257118 0.036949576 0.028642033 0.020334491 0.012109006 0.011211893 0.01031478 0.0094176666 0.0085205534 0.0076234402 0.0068758229 0.0084393416 0.01000286 0.011566379 0.013129898 0.0091126902 -0.0049604799 -0.01903365 -0.03310682 -0.04717999 -0.059731138 -0.042039439 -0.022250184 -0.0024609296 0.017328325 0.03711758 0.034104838 0.028663608 0.023222378 0.017781148 0.012339918 0.005596513 -0.0022826188 -0.010161751
0.013376473 0.014398716 0.023039555 0.031680394 0.040321233 0.048962072 0.053085196 0.055274073 0.05607868 0.055415995 0.054753311 0.054090626 0.053427941 0.05352957 0.053657462 0.053785354 0.053913246 0.05307533 0.048291051 0.039983509 0.031675967 0.023368424 0.01507024 0.013432352 0.029061604 0.028164491 0.027267377 0.026370264 0.025473151 0.026259077 0.027822595 0.029386114 0.030949633 0.023785741 0.0062115541 -0.0018186928 -0.015891863 -0.029965033 -0.044038203 -0.057101846 -0.037312592 -0.017523337 0.0022659175 0.022055172 0.02879057 0.024280437 0.018839207 0.013397978 0.0079567479 -0.0011210313 -0.010074045 -0.017953177 -0.025832309
0.016528547 0.01755079 0.026191629 0.034832468 0.043473307 0.046219109 0.047602041 0.049790918 0.052527468 0.053977143 0.053314458 0.052651774 0.051989089 0.052090718 0.05221861 0.052346502 0.051144782 0.049113888 0.04432961 0.036022067 0.027714525 0.020369043 0.018530292 0.016892404 0.033193058 0.049493712 0.050092646 0.049195533 0.04829842 0.049084345 0.050647864 0.052211383 0.041703575 0.016734582 -0.00083960506 -0.0050890195 -0.01188117 -0.02595434 -0.04002751 -0.053091153 -0.033301899 -0.013512644 0.0062766104 0.011712393 0.015944685 0.011434552 0.0059933222 0.00055209238 -0.0091297079 -0.020335324 -0.029288337 -0.037167469 -0.045046601
0.019680621 0.020702864 0.029343703 0.03797009 0.039353023 0.040735955 0.042118887 0.044307764 0.047044314 0.049780864 0.051875606 0.051212921 0.050550236 0.050651866 0.050779757 0.049214233 0.04718334 0.045152446 0.040368168 0.032060625 0.025667846 0.023829096 0.021990345 0.020352456 0.03665311 0.052953764 0.069254418 0.072020802 0.071123688 0.071909614 0.073473133 0.05962141 0.034652416 0.0096834224 -0.0078907642 -0.012140179 -0.016389593 -0.021943647 -0.036016817 -0.04908046 -0.029291206 -0.0095980749 -0.0053657835 -0.001133492 0.0030987994 -0.0014113333 -0.0068525631 -0.017138385 -0.028344 -0.039549616 -0.04850263 -0.056381762 -0.0489042
0.022832695 0.023854938 0.031104004 0.032486936 0.033869868 0.0352528 0.036635733 0.038824609 0.041561159 0.044297709 0.047034259 0.049770809 0.049111384 0.049213013 0.047283685 0.045252791 0.043221898 0.041191005 0.036406726 0.030966649 0.029127899 0.027289148 0.025450397 0.023812508 0.040113162 0.056413816 0.07271447 0.089015124 0.093948957 0.094734883 0.077539245 0.052570251 0.027601257 0.0026322633 -0.014941923 -0.019191338 -0.023440752 -0.027690167 -0.032006125 -0.045069768 -0.026676252 -0.02244396 -0.018211669 -0.013979377 -0.0097470858 -0.014257219 -0.025147061 -0.036352677 -0.047558293 -0.058763908 -0.067716922 -0.058859391 -0.04458574
0.025643326 0.024905333 0.026288265 0.027671197 0.029054129 0.030437062 0.031819994 0.032983795 0.035720345 0.038456895 0.041193445 0.043929995 0.046666545 0.044794025 0.042763132 0.040732238 0.038701345 0.036670452 0.034921704 0.033082953 0.031244202 0.029405451 0.027566701 0.026975873 0.039719209 0.056019863 0.072320517 0.088621171 0.10492183 0.092994602 0.068025608 0.043056614 0.018087621 -0.0068813734 -0.021291448 -0.025540863 -0.029790277 -0.034039692 -0.038289106 -0.042285659 -0.038053367 -0.033821076 -0.029588784 -0.025356493 -0.021143311 -0.030904605 -0.042110221 -0.053315836 -0.064521452 -0.075727068 -0.068684121 -0.054410469 -0.040136818
0.025743131 0.024463649 0.025846581 0.027229513 0.028612445 0.029995378 0.030282623 0.028742708 0.027535533 0.030272083 0.033008633 0.035745183 0.038481733 0.036609213 0.03457832 0.032547426 0.030516533 0.029444835 0.028231455 0.026392705 0.024553954 0.022715203 0.023426131 0.030400682 0.020329512 0.03036784 0.046668494 0.062969148 0.079269802 0.06734258 0.042373586 0.017404592 -0.0075644021 -0.021255682 -0.025762049 -0.027292075 -0.03154149 -0.035790904 -0.040040319 -0.044036871 -0.03980458 -0.035572288 -0.031339997 -0.02715317 -0.023353179 -0.033114473 -0.044320089 -0.055525705 -0.06673132 -0.071670734 -0.063380188 -0.049106537 -0.034832886
0.025301447 0.024021965 0.025404897 0.026787829 0.028075414 0.028260362 0.02844531 0.026905394 0.024193362 0.022087271 0.024823821 0.027560371 0.030296921 0.028424401 0.026393508 0.024362614 0.023479247 0.022754587 0.021541207 0.019702456 0.017863706 0.019685524 0.02685094 0.033825492 0.023754321 0.013683151 0.021016472 0.037317126 0.05361778 0.041690557 0.016721563 -0.0082474308 -0.020028059 -0.026369611 -0.030875978 -0.032075508 -0.033292702 -0.037542116 -0.041791531 -0.045788084 -0.041555792 -0.037323501 -0.033163029 -0.029363038 -0.025563047 -0.035324341 -0.046529957 -0.057735573 -0.062107034 -0.066366802 -0.058076256 -0.043802605 -0.029528954
0.024859763 0.023580281 0.024963213 0.026053153 0.0262381 0.026423048 0.026607996 0.02506808 0.022356048 0.019644016 0.016931983 0.019375559 0.022112109 0.020239589 0.018238319 0.017513659 0.016788999 0.016064339 0.014850959 0.013012208 0.015944917 0.023110333 0.03027575 0.037250301 0.027179131 0.01710796 0.0070367898 0.011665103 0.027965757 0.016038534 -0.0089304595 -0.018800436 -0.025141988 -0.031483541 -0.035989908 -0.037189438 -0.038388968 -0.039588498 -0.043542743 -0.047539296 -0.043307005 -0.039172889 -0.035372898 -0.031572907 -0.027772916 -0.03753421 -0.048283566 -0.052543334 -0.056803102 -0.06106287 -0.052772324 -0.038498673 -0.033500046
0.024418079 0.023138597 0.024030891 0.024215839 0.024400787 0.024585734 0.024770682 0.023230767 0.020518734 0.017806702 0.015094669 0.012382637 0.013927297 0.012272731 0.011548071 0.010823411 0.010098751 0.0093740905 0.0081607109 0.01220431 0.019369726 0.026535143 0.033700559 0.04067511 0.03060394 0.02053277 0.010461599 0.00039042868 0.0023137345 -0.0096134882 -0.017572813 -0.023914365 -0.030255918 -0.03659747 -0.041103837 -0.042303367 -0.043502897 -0.044702427 -0.045901957 -0.049290508 -0.045182748 -0.041382757 -0.037582766 -0.033782775 -0.029982784 -0.038719866 -0.042979634 -0.047239402 -0.05149917 -0.055758938 -0.047468392 -0.042879199 -0.038800046
0.027826557 0.025065909 0.024525675 0.024710623 0.024895571 0.025080518 0.025265466 0.023051979 0.020339946 0.017627914 0.014915882 0.012203849 0.0094918169 0.009517869 0.0087932089 0.0080685488 0.0073438887 0.0066192286 0.009355718 0.016521134 0.023686551 0.030851968 0.038017384 0.042614513 0.038506831 0.028435661 0.01836449 0.0082933198 -0.0017778507 -0.0092980131 -0.015639565 -0.021981118 -0.02832267 -0.034664222 -0.045447763 -0.046647293 -0.047846823 -0.049046353 -0.050245883 -0.051296364 -0.047496373 -0.043696382 -0.039896391 -0.0360964 -0.031165786 -0.031960681 -0.036220449 -0.040480217 -0.044739985 -0.048999753 -0.048805745 -0.044726592 -0.04064744
0.04018141 0.037420762 0.03219195 0.030624355 0.030809303 0.030994251 0.031179198 0.028518958 0.024014971 0.021302938 0.018590906 0.015878873 0.013166841 0.014622027 0.015182754 0.014458094 0.013733434 0.013008773 0.015745263 0.022910679 0.030076096 0.037241512 0.040644964 0.040432666 0.048558308 0.046743985 0.036672815 0.026601644 0.016530474 0.0090103116 0.0026687593 -0.003672793 -0.010014345 -0.024094519 -0.037908809 -0.048218759 -0.050401542 -0.051601072 -0.052800602 -0.053851083 -0.050051092 -0.046251101 -0.04245111 -0.037109406 -0.028388486 -0.025375378 -0.026079784 -0.030339552 -0.034599319 -0.038859087 -0.039999802 -0.038551385 -0.034472232
0.052536264 0.049775616 0.044546803 0.03931799 0.036723035 0.036907983 0.03709293 0.03443269 0.029839024 0.025245358 0.02226593 0.019553897 0.016841865 0.018297051 0.019895427 0.020847639 0.020122978 0.019398318 0.022134808 0.029300224 0.036465641 0.038768777 0.038463117 0.038250819 0.04637646 0.054502102 0.05498114 0.044909969 0.034838799 0.027318636 0.020977084 0.014635532 -0.00063154141 -0.016390624 -0.030204913 -0.040514863 -0.050824814 -0.054155791 -0.05535532 -0.056405802 -0.052605811 -0.04880582 -0.043053026 -0.034332106 -0.025611186 -0.022598077 -0.02019287 -0.020198886 -0.024458654 -0.028718422 -0.029859137 -0.029512906 -0.028297025
0.064891117 0.062130469 0.056901656 0.051672844 0.046444031 0.042821715 0.043006663 0.040346422 0.035752756 0.03115909 0.026565425 0.023228921 0.020516889 0.021972075 0.023570451 0.025168828 0.026512523 0.025787863 0.028524353 0.035689769 0.03689259 0.036586929 0.036281269 0.036068971 0.044194613 0.052320255 0.060445897 0.063218294 0.053147123 0.045626961 0.038590518 0.022831436 0.0070723541 -0.0086867281 -0.022501018 -0.032810968 -0.043120918 -0.053430868 -0.057910039 -0.05896052 -0.055160529 -0.048996645 -0.040275725 -0.031554806 -0.022833886 -0.019820777 -0.01741557 -0.015010362 -0.014317989 -0.018577757 -0.019718472 -0.019372241 -0.019026011
0.073484014 0.074485322 0.06925651 0.064027697 0.058798885 0.053570072 0.048920395 0.046260154 0.041666488 0.037072823 0.032479157 0.027885491 0.024191913 0.025647099 0.027245476 0.028843852 0.030442229 0.032040605 0.034913897 0.035016402 0.034710742 0.034405082 0.034099422 0.033887124 0.042012766 0.050138408 0.058264049 0.066389691 0.071455448 0.062053496 0.046294414 0.030535332 0.01477625 -0.00098283267 -0.014797122 -0.025107073 -0.035417023 -0.045726973 -0.056036923 -0.061515239 -0.054940265 -0.046219345 -0.037498425 -0.028777505 -0.020056585 -0.017043477 -0.014638269 -0.012233062 -0.0098278542 -0.008437092 -0.0095778065 -0.009231576 -0.0088853455
0.076991886 0.079828364 0.074599551 0.069370739 0.064141926 0.058913113 0.05276158 0.047500108 0.043039062 0.038445396 0.033851731 0.029258065 0.024664399 0.026057077 0.027655454 0.02925383 0.030852207 0.031826047 0.029242595 0.028936935 0.028631275 0.028325615 0.028019955 0.034073626 0.031100192 0.039225834 0.047351476 0.055477118 0.06360276 0.055391576 0.039632493 0.023873411 0.0081143291 -0.0076447531 -0.010418702 -0.018937862 -0.029247812 -0.039557762 -0.049867712 -0.059610302 -0.050889383 -0.042168463 -0.033447543 -0.024726623 -0.017734015 -0.015039965 -0.012634758 -0.01022955 -0.0078243426 -0.0075192106 -0.0087171828 -0.0083709522 -0.0080247217
0.077830661 0.079882266 0.074653453 0.06942464 0.064195828 0.057404284 0.048802887 0.043541414 0.040549562 0.03639249 0.031798824 0.027205158 0.022611492 0.024004171 0.025602547 0.027200924 0.02717005 0.022806533 0.020223081 0.019917421 0.019611761 0.019306101 0.027025641 0.036388431 0.026918527 0.021727511 0.029853153 0.037978795 0.046104437 0.037893253 0.022134171 0.0063750884 -0.0076735646 -0.009726469 -0.012483446 -0.016509099 -0.024236243 -0.034546193 -0.044856143 -0.054598733 -0.045877813 -0.037156893 -0.028435973 -0.021720283 -0.016314187 -0.013620137 -0.011214929 -0.0088097218 -0.0092215642 -0.013658695 -0.014856667 -0.014510437 -0.014164206
0.077884562 0.079936167 0.074707354 0.069478542 0.062046988 0.053445591 0.044844193 0.03958272 0.036590868 0.033599016 0.029745917 0.025152252 0.020558586 0.021951264 0.023549641 0.022514054 0.018150536 0.013787019 0.011203567 0.010897906 0.010592246 0.019766781 0.029340445 0.038703235 0.029233331 0.019763428 0.01235483 0.020480472 0.028606114 0.02039493 0.0046358478 -0.007685404 -0.0097383084 -0.011791213 -0.01454819 -0.018573842 -0.022599495 -0.029534623 -0.039844573 -0.049587164 -0.040866244 -0.032145324 -0.025706551 -0.020300455 -0.014894358 -0.012200309 -0.009795101 -0.010923918 -0.015361048 -0.019798179 -0.020996151 -0.020649921 -0.021720247
