P1_models/J1_p1_vp_slide_diff2_80.dat.tif
NCOLS 118
NROWS 92
XLLCORNER 139.62
YLLCORNER -39.07
DX 0.099491525
DY 0.099347826
NODATA_VALUE -9999
[rows 0 to 23 of 92, columns 54 to 107 of 118]
-9999 -9999 -9999 -9999 -9999 -9999 -9999 -9999 -9999 -9999 -9999 -9999 -9999 -9999 -9999 -9999 -9999 -9999 -9999 -9999 -9999 -9999 -9999 -9999 -9999 -9999 -9999 -9999 -9999 -9999 -9999 -9999 -9999 -9999 -9999 -9999 -9999 -9999 -9999 -9999 -9999 -9999 -9999 -9999 -9999 -9999 -9999 -9999 -9999 -9999 -9999 -9999 -9999 -9999
0.077574855 0.079305018 0.07937022 0.079435423 0.079500625 0.079565828 0.075031361 0.07131561 0.068673578 0.066031545 0.063389512 0.060747479 0.05539093 0.055863786 0.056336642 0.056809499 0.057282355 0.059349151 0.063455571 0.067561992 0.071668413 0.075774833 0.077878725 0.079615015 0.080020302 0.080425589 0.080830877 0.081236164 0.07789737 0.072828746 0.067760123 0.062691499 0.05926744 0.057261957 0.048568461 0.048115868 0.047663276 0.047210683 0.046667578 0.043178937 0.039690296 0.036201655 0.032713014 0.023821832 0.021575787 0.001515426 -0.018544935 -0.038605297 -0.058665658 -0.067735021 -0.076233214 -0.084953846 -0.093674477 -0.10239511
0.074244219 0.077153813 0.079353249 0.079418451 0.079483653 0.079548856 0.075014389 0.067354252 0.062810607 0.060168574 0.057526541 0.054884508 0.04828999 0.041759086 0.042231942 0.042704798 0.043177654 0.04524445 0.049350871 0.053457291 0.057563712 0.059347791 0.060922535 0.063090887 0.065008018 0.065413305 0.065818592 0.066223879 0.062885086 0.057816462 0.052747838 0.050696222 0.059007894 0.057002411 0.036406351 0.025646701 0.025194109 0.024741516 0.024198411 0.02070977 0.017221129 0.013732488 0.0043273532 -0.0075915365 -0.0063888544 -0.0053844875 -0.025444849 -0.04550521 -0.065565572 -0.074634934 -0.078464562 -0.086766322 -0.095486954 -0.10420758
0.070913583 0.073823177 0.076732771 0.079401479 0.079466682 0.079531884 0.074997417 0.06733728 0.059677143 0.054305603 0.05166357 0.049021537 0.042427019 0.035696689 0.028966359 0.028600097 0.029072953 0.03113975 0.03524617 0.039255407 0.040823504 0.042391601 0.043966345 0.046134697 0.048303049 0.050401021 0.050806308 0.051211595 0.047872802 0.042804178 0.042125003 0.050436675 0.058748348 0.056742865 0.036146805 0.015550745 0.0027249422 0.0022723496 0.0017292445 -0.0017593966 -0.0052480376 -0.015167126 -0.027086015 -0.039004905 -0.037802223 -0.03520205 -0.032601878 -0.052405124 -0.072465485 -0.081534848 -0.085364475 -0.089194103 -0.097299431 -0.10602006
0.067582947 0.070492541 0.073402135 0.07631173 0.079221324 0.079514912 0.074980445 0.067320308 0.059660171 0.052000035 0.0458006 0.043158567 0.036564049 0.029833718 0.023103388 0.016373058 0.014968253 0.017035049 0.02073112 0.022299217 0.023867314 0.025435411 0.027010155 0.029178507 0.031346859 0.033515211 0.035683563 0.036199311 0.032860517 0.033553785 0.041865457 0.050177129 0.058488801 0.056483319 0.035887259 0.015291199 -0.0053048605 -0.020196817 -0.020739922 -0.024228563 -0.034661605 -0.046580494 -0.058499384 -0.070418274 -0.069215592 -0.066615419 -0.064015246 -0.061415073 -0.079365399 -0.088434761 -0.092264389 -0.096094017 -0.099923644 -0.10783254
0.064252311 0.067161905 0.0700715 0.072981094 0.075890688 0.078800282 0.074963473 0.067303336 0.059643199 0.051983063 0.044322926 0.037295596 0.030701078 0.023970748 0.017240417 0.010510087 0.0037797568 0.0022068328 0.0037749298 0.0053430268 0.0069111238 0.0084792208 0.010053965 0.012222317 0.014390669 0.016559021 0.018727373 0.020895725 0.024982566 0.033294239 0.041605911 0.049917583 0.058229255 0.056223773 0.035627713 0.015031653 -0.0055644067 -0.026160467 -0.043209089 -0.054156084 -0.066074973 -0.077993863 -0.089912753 -0.10183164 -0.10062896 -0.098028788 -0.095428615 -0.092828442 -0.090228269 -0.095334675 -0.099164302 -0.10299393 -0.10682356 -0.11065319
0.073119927 0.076029522 0.078939116 0.08184871 0.084758304 0.082416657 0.073382103 0.064099763 0.056439626 0.048779489 0.041119352 0.033459215 0.026697997 0.019967667 0.013237336 0.006507006 0.00038930896 -0.0019320761 -0.00036397915 0.0012041178 0.0027722148 0.0043437969 0.0083267481 0.012742595 0.014910947 0.017079299 0.019247651 0.021416003 0.027786303 0.036097975 0.044409647 0.052721319 0.058500368 0.048695609 0.023191378 0.0025953179 -0.018000742 -0.038596802 -0.058934172 -0.070853062 -0.082771952 -0.094690841 -0.10660973 -0.1005792 -0.097317563 -0.09471739 -0.092117217 -0.089517045 -0.084985619 -0.085751261 -0.089580889 -0.093410517 -0.097240145 -0.1061698
0.083920093 0.086829687 0.089739281 0.092648875 0.088706276 0.083179521 0.074144968 0.062726716 0.052731204 0.045071067 0.03741093 0.029750794 0.022989575 0.016259245 0.0095289145 0.0036419864 -0.0017189787 -0.0040403638 -0.0024722668 -0.00090416986 0.0010221996 0.0049992812 0.0089822324 0.013489386 0.01799654 0.020368346 0.022536698 0.024705051 0.03107535 0.039387022 0.047698694 0.052507367 0.053119521 0.043314762 0.01473967 -0.011770166 -0.032366226 -0.052962286 -0.073299657 -0.085218546 -0.097137436 -0.10905633 -0.10123879 -0.091766413 -0.088504777 -0.085904604 -0.083304431 -0.078452229 -0.072790779 -0.073556421 -0.077386049 -0.081215677 -0.090704039 -0.10350263
0.094720259 0.097629853 0.10052265 0.094995894 0.08946914 0.083942386 0.074907832 0.063489581 0.052071329 0.041362645 0.033702509 0.026042372 0.019281153 0.012550823 0.0068946639 0.0015336987 -0.0038272664 -0.0061486515 -0.0045805545 -0.0022993978 0.0016776838 0.0056547654 0.0096377167 0.01414487 0.018652024 0.023159178 0.025825746 0.027994098 0.034364397 0.042676069 0.046514365 0.047126519 0.047738674 0.037933915 0.0093588223 -0.01921627 -0.04673171 -0.06732777 -0.087665141 -0.099584031 -0.11137075 -0.10189837 -0.092426001 -0.082953627 -0.07969199 -0.077091818 -0.07191884 -0.066257389 -0.060595939 -0.061361582 -0.065191209 -0.075238277 -0.088036867 -0.10083546
0.10552042 0.10681227 0.10128551 0.095758759 0.090232005 0.08470525 0.075670697 0.064252445 0.052834194 0.041415942 0.029997691 0.02233395 0.015572732 0.010147341 0.0047863762 -0.00057458895 -0.0059355541 -0.0082569392 -0.0056209951 -0.0016439135 0.0023331681 0.0063102497 0.010293201 0.014800355 0.019307509 0.023814662 0.028321816 0.031283145 0.037653444 0.040521363 0.041133517 0.041745672 0.042357826 0.032553067 0.0039779749 -0.024597117 -0.05317221 -0.081693255 -0.10203063 -0.11203033 -0.10255796 -0.093085588 -0.083613214 -0.074140841 -0.070879204 -0.06538545 -0.059724 -0.054062549 -0.048401099 -0.049166742 -0.059772515 -0.072571105 -0.085369695 -0.098168285
0.11279347 0.10726672 0.10173996 0.096213211 0.090686456 0.085159702 0.076251108 0.064832856 0.053414605 0.041996353 0.030578102 0.01915985 0.013597664 0.0082366984 0.0028757332 -0.002485232 -0.0078461972 -0.0084222864 -0.0044452048 -0.00046812316 0.0035089584 0.0074860401 0.011910274 0.014624677 0.019131831 0.023638985 0.028146139 0.032653292 0.03449632 0.035108474 0.035720629 0.036332783 0.036944938 0.026334635 -0.0022404572 -0.03081555 -0.059390642 -0.087965734 -0.11540653 -0.10593416 -0.096461786 -0.086989412 -0.077517039 -0.068008197 -0.061900529 -0.056239079 -0.050577628 -0.044916178 -0.039254727 -0.045034356 -0.057832945 -0.070631535 -0.083430125 -0.096228715
0.11122668 0.10569992 0.10017317 0.094646413 0.089119658 0.08116803 0.073125615 0.064217521 0.052799269 0.041381018 0.029962766 0.018544515 0.012982328 0.0076213628 0.0022603976 -0.0031005676 -0.005123543 -0.0038365563 0.00014052531 0.0041176069 0.0080946885 0.013192208 0.020940991 0.012157767 0.013508951 0.018016105 0.022523259 0.027030412 0.02887344 0.029485594 0.030097749 0.030709903 0.035022348 0.024997139 -0.013948185 -0.042523277 -0.071098369 -0.099673462 -0.12711426 -0.11764189 -0.10816951 -0.098697139 -0.089138001 -0.078840628 -0.072732961 -0.06707151 -0.06141006 -0.055748609 -0.043412565 -0.047863285 -0.060661875 -0.073460465 -0.086259054 -0.096321726
0.10965988 0.10413312 0.098606369 0.0928686 0.084690575 0.076512549 0.068470134 0.060519873 0.052183934 0.040765682 0.029347431 0.017929179 0.012366992 0.0070060272 0.001645062 0.00027747493 -0.0005378129 0.00074917377 0.0047262554 0.008703337 0.014289029 0.022222925 0.029971709 0.021188484 0.01240526 0.012393225 0.016900379 0.021407532 0.02325056 0.023862714 0.024474869 0.029414211 0.036138148 0.026112939 -0.014092712 -0.054231004 -0.082806097 -0.11138119 -0.13882199 -0.12934961 -0.11987724 -0.11026781 -0.099970433 -0.08967306 -0.083565392 -0.077903942 -0.072242491 -0.059301479 -0.046241495 -0.050692214 -0.063490804 -0.076289394 -0.086219597 -0.095719844
0.10809308 0.10256633 0.096391146 0.08821312 0.080035094 0.071857068 0.063814654 0.055864393 0.047914131 0.03996387 0.028732095 0.017313844 0.011751657 0.0064937807 0.0056784928 0.004863205 0.0040479172 0.0053349038 0.0093119855 0.01538585 0.023319746 0.031253642 0.039002426 0.030219201 0.021435977 0.012652752 0.011277499 0.015784652 0.01762768 0.018239834 0.023806073 0.030530011 0.037253948 0.02722874 -0.012976912 -0.053182564 -0.093388216 -0.12308892 -0.15052971 -0.14105734 -0.13139761 -0.12110024 -0.11080286 -0.10050549 -0.094397824 -0.088250378 -0.075190393 -0.062130409 -0.049070424 -0.053521144 -0.066319733 -0.076117468 -0.085617715 -0.095117962
0.10652628 0.099913691 0.091735665 0.083557639 0.075379614 0.067201588 0.059159173 0.051208912 0.043258651 0.03530839 0.027358129 0.016698508 0.011894799 0.011079511 0.010264223 0.0094489351 0.0086336472 0.0099206339 0.016482671 0.024416567 0.032350463 0.04028436 0.048033143 0.039249919 0.030466694 0.02168347 0.012900245 0.010161772 0.0120048 0.018197936 0.024921873 0.031645811 0.038369749 0.02834454 -0.011861112 -0.052066764 -0.092272415 -0.13247807 -0.16223744 -0.15252741 -0.14223004 -0.13193267 -0.1216353 -0.11133792 -0.10413929 -0.091079308 -0.078019323 -0.064959338 -0.051899353 -0.056350073 -0.066015339 -0.075515586 -0.085015833 -0.09451608
0.10363037 0.096736138 0.088558112 0.080380086 0.072202061 0.064024035 0.056620404 0.048670143 0.040719882 0.03276962 0.024819359 0.016869098 0.016297402 0.015482114 0.014666826 0.013851539 0.013036251 0.016058978 0.023992875 0.031926771 0.039860667 0.047794564 0.053473938 0.043038783 0.034255558 0.025472334 0.016689109 0.0079058846 0.0097293477 0.016453285 0.023177223 0.029901161 0.036625098 0.033064806 -0.0071408456 -0.047346497 -0.087552149 -0.1277578 -0.16645783 -0.15616045 -0.14586308 -0.13556571 -0.12526833 -0.11667633 -0.10641782 -0.093357839 -0.080297855 -0.06723787 -0.054177885 -0.059194284 -0.068694531 -0.078194778 -0.087695025 -0.097195271
0.092484174 0.093890202 0.088814726 0.0806367 0.072458674 0.064280648 0.057300697 0.05104984 0.043099579 0.035149318 0.027199057 0.019248795 0.019518087 0.019459198 0.01864391 0.017828622 0.017013334 0.020036062 0.027969958 0.035903855 0.043837751 0.048834346 0.050758572 0.036934694 0.02586426 0.017081036 0.0082978112 -0.00048541327 0.0013380498 0.0080619874 0.014785925 0.021509863 0.026450006 0.022613905 0.003661145 -0.034250763 -0.074456415 -0.11466207 -0.15336209 -0.14306472 -0.13276735 -0.12246997 -0.11449803 -0.11162312 -0.10449486 -0.094357448 -0.081297463 -0.068237478 -0.055177494 -0.063325367 -0.078997746 -0.088497993 -0.09799824 -0.10749849
0.081337982 0.08274401 0.084150039 0.080893313 0.072715287 0.064537262 0.05755731 0.0513915 0.045225691 0.037529015 0.029578754 0.021628493 0.021897785 0.02244951 0.022620994 0.021805706 0.020990418 0.024013146 0.031947042 0.039880938 0.044018419 0.04611898 0.048043205 0.034219327 0.020395449 0.0086897378 -9.3486647e-05 -0.0088767111 -0.0070532481 -0.00032931044 0.0063946272 0.011061183 0.015614328 0.011778228 -0.0071745322 -0.026127292 -0.06136068 -0.10156633 -0.14026636 -0.12996898 -0.11967161 -0.11231974 -0.10944482 -0.10656991 -0.09944165 -0.091860395 -0.082297071 -0.069237086 -0.056177102 -0.064324976 -0.082583262 -0.098801208 -0.10830145 -0.1178017
0.07019179 0.071597818 0.073003847 0.074409875 0.072971901 0.064793875 0.057813923 0.051648114 0.045482304 0.039316495 0.031958452 0.02400819 0.024277482 0.024829208 0.025380934 0.02578279 0.024967502 0.027990229 0.035924126 0.039202492 0.041303053 0.043403614 0.045327839 0.031503961 0.017680083 0.0038562046 -0.0084847845 -0.017268009 -0.015444546 -0.0088807843 -0.0043276391 0.00022550604 0.0047786512 0.00094255081 -0.018010209 -0.036962969 -0.05591573 -0.088470597 -0.12717062 -0.11687325 -0.11014144 -0.10726653 -0.10439161 -0.1015167 -0.094388439 -0.086807184 -0.07922593 -0.070236695 -0.05717671 -0.065324584 -0.083582871 -0.10184116 -0.11860467 -0.12810492
0.059045598 0.060451626 0.061857655 0.063263683 0.064669712 0.065050488 0.058070537 0.051904727 0.045738917 0.039573108 0.033407298 0.026387888 0.02665718 0.027208905 0.027760631 0.028312357 0.028864083 0.031967313 0.034386565 0.036487125 0.038587686 0.040688247 0.042612473 0.028788595 0.014964716 0.0011408383 -0.01268304 -0.025659307 -0.024269607 -0.019716461 -0.015163316 -0.010610171 -0.0060570259 -0.0098931263 -0.028845886 -0.047798647 -0.066751407 -0.085704167 -0.11407489 -0.10796315 -0.10508823 -0.10221332 -0.099338402 -0.096463487 -0.089335228 -0.081753974 -0.074172719 -0.066591465 -0.058176318 -0.066324192 -0.084582479 -0.10284077 -0.12109905 -0.13840813
0.050873588 0.052279616 0.053685645 0.055091673 0.056497702 0.055463526 0.058872263 0.054113645 0.047947835 0.041782025 0.035616216 0.029450406 0.029778977 0.030330703 0.030882428 0.031434154 0.031810105 0.032099367 0.034199928 0.036300489 0.03840105 0.040501611 0.042654295 0.026126606 0.012302727 -0.0015211508 -0.015345029 -0.029168907 -0.030423152 -0.025870007 -0.021316861 -0.016763716 -0.012210571 -0.013295592 -0.031553048 -0.050505808 -0.069458568 -0.088411328 -0.10671335 -0.10383843 -0.10096352 -0.098088604 -0.095213689 -0.088771689 -0.080984921 -0.073403666 -0.065822412 -0.058241158 -0.056722828 -0.073016484 -0.091274771 -0.10953306 -0.12779134 -0.1446162
0.044945059 0.046351088 0.047757116 0.049163145 0.046436412 0.038923381 0.042332118 0.053162659 0.051629412 0.045463602 0.039297792 0.033131983 0.033460554 0.034012279 0.034564005 0.03465718 0.033530936 0.033820198 0.035920759 0.03802132 0.040121881 0.042565175 0.044859182 0.026748909 0.0096810016 -0.0041428765 -0.017966755 -0.031790633 -0.033044877 -0.028491732 -0.023938587 -0.019019879 -0.011537365 -0.012618758 -0.029131536 -0.047081479 -0.066034239 -0.084986999 -0.10328902 -0.1004141 -0.097539189 -0.094664275 -0.087650741 -0.077934321 -0.070147552 -0.062566298 -0.054985044 -0.055536621 -0.067709218 -0.084002874 -0.10226116 -0.12051945 -0.13699707 -0.14968104
0.039016531 0.040422559 0.041828588 0.037409299 0.029896267 0.022383236 0.025791974 0.036622515 0.047453055 0.049145179 0.042979369 0.03681356 0.03714213 0.037693856 0.037504255 0.036378011 0.035251767 0.035541029 0.03764159 0.039742151 0.042247584 0.044770063 0.04706407 0.028953796 0.010843523 -0.0067646022 -0.02058848 -0.034412359 -0.035666603 -0.031113458 -0.025825559 -0.018343045 -0.010860531 -0.011941925 -0.028454702 -0.04496748 -0.06260991 -0.08156267 -0.09986469 -0.096989775 -0.09411486 -0.086529794 -0.076813373 -0.067096953 -0.059310184 -0.05172893 -0.054350415 -0.066523011 -0.078695608 -0.094989264 -0.11324755 -0.12937793 -0.1420619 -0.15474588
0.033088002 0.03449403 0.028382186 0.020869154 0.013356123 0.0058430912 0.0092518289 0.02008237 0.030912911 0.041743452 0.046660946 0.040495136 0.040823707 0.04035133 0.039225086 0.038098842 0.036972598 0.037261861 0.039407514 0.041929993 0.044452472 0.04697495 0.049268957 0.031158684 0.01304841 -0.0050618629 -0.023172136 -0.037034084 -0.038288329 -0.032631239 -0.025148725 -0.017666212 -0.010183698 -0.011265091 -0.027777869 -0.044290646 -0.060803424 -0.07813834 -0.096440361 -0.093565446 -0.085408846 -0.075692425 -0.065976005 -0.056259585 -0.048472816 -0.053164208 -0.065336804 -0.077509401 -0.089681998 -0.10597565 -0.12175879 -0.13444276 -0.14712674 -0.15981071
