P1_models/J1_p1_vp_slide_diff_40.dat.tif
NCOLS 118
NROWS 92
XLLCORNER 139.62
YLLCORNER -39.07
DX 0.099491525
DY 0.099347826
NODATA_VALUE -9999
[rows 27 to 53 of 92, columns 0 to 59 of 118]
-9999 7.3904976 7.4007855 7.4120023 7.4287505 7.4454986 7.4622468 7.4738413 7.4794877 7.485134 7.4907804 7.4820838 7.4694512 7.4560464 7.4410953 7.4261442 7.4111931 7.4060078 7.4047378 7.4070244 7.4175162 7.4280081 7.4559545 7.486037 7.5161196 7.5362793 7.5298433 7.5234072 7.5169711 7.5362015 7.565773 7.5830941 7.5768002 7.5705063 7.5779345 7.5857824 7.5936302 7.5905653 7.5718882 7.5532111 7.5345339 7.5242775 7.5148253 7.5035166 7.4908733 7.4782301 7.4654589 7.4519248 7.4383906 7.4327428 7.4284579 7.424173 7.4158058 7.4029209 7.3912489 7.3837778 7.3763067 7.3688355 7.3648797 7.3615635
-9999 7.3858889 7.3990179 7.4157661 7.4325143 7.4492624 7.4660106 7.4776051 7.4832515 7.4888978 7.4945442 7.5001906 7.4969046 7.4834998 7.4685487 7.4535976 7.4386465 7.4236954 7.4147512 7.4170378 7.430776 7.4608586 7.4909412 7.5210238 7.5511063 7.5712661 7.56483 7.5583939 7.5519578 7.5455217 7.5556239 7.572945 7.5698165 7.5776644 7.5855122 7.5933601 7.6012079 7.598143 7.5794659 7.5607888 7.5421116 7.5234345 7.5110355 7.4997268 7.4870835 7.4744403 7.461797 7.4491537 7.4356797 7.4300318 7.4257469 7.4214621 7.4171772 7.410442 7.3987699 7.3912988 7.3838277 7.3763566 7.3688855 7.3641412
-9999 7.386555 7.4033032 7.4200514 7.4367995 7.4535477 7.4702959 7.4802624 7.4859087 7.4915551 7.4972015 7.5028479 7.5084943 7.5117157 7.4967646 7.4818135 7.4668624 7.4519113 7.4369602 7.4356267 7.4657092 7.4957918 7.5258744 7.555957 7.5860396 7.6036581 7.597222 7.5907859 7.5843498 7.5779137 7.5714776 7.5699205 7.5777683 7.5856162 7.5934641 7.6013119 7.6091598 7.6044215 7.5857444 7.5670673 7.5483901 7.529713 7.5110359 7.4958053 7.483162 7.4705188 7.4578755 7.4452322 7.4325889 7.4252088 7.4209239 7.4166391 7.4123542 7.4080693 7.4037967 7.3963256 7.3888545 7.3813834 7.3739123 7.3664412
-9999 7.3951332 7.4118813 7.4286295 7.4453777 7.4621259 7.4587941 7.4634095 7.4794568 7.4851032 7.4907496 7.496396 7.5020424 7.5115264 7.5286953 7.5163066 7.5013556 7.4864045 7.4714534 7.4701198 7.5002024 7.530285 7.5603676 7.5904502 7.5964007 7.5955423 7.6062396 7.6018178 7.5953817 7.5889456 7.5825095 7.5809523 7.5888002 7.596648 7.6044959 7.6123438 7.6084146 7.5976902 7.5813274 7.5626503 7.5439732 7.5252961 7.5066189 7.4911693 7.4781564 7.4655131 7.4528698 7.4402265 7.4275833 7.4097372 7.3987138 7.3944289 7.390144 7.3858591 7.3821227 7.380286 7.373348 7.3658769 7.3584058 7.3509347
-9999 7.4037113 7.4204595 7.4372077 7.4495725 7.4440245 7.4384764 7.4430918 7.4594371 7.4757824 7.4842977 7.4899441 7.4955905 7.5050745 7.5222434 7.5394123 7.5358487 7.5208976 7.5059465 7.5046129 7.5346955 7.5647781 7.5948607 7.5911256 7.5859557 7.5850972 7.5957946 7.606492 7.6064135 7.5999774 7.5935413 7.5919842 7.599832 7.6076799 7.6147305 7.6078698 7.6010091 7.5902847 7.5740328 7.5577809 7.5395562 7.5208791 7.502202 7.4867523 7.473623 7.4605075 7.4478642 7.4352209 7.4225776 7.4047315 7.3859863 7.3722187 7.3679339 7.363649 7.3599125 7.3580758 7.3562392 7.3503704 7.3428993 7.3354282
-9999 7.4122895 7.4290377 7.4348028 7.4292548 7.4237068 7.4181587 7.4227741 7.4391194 7.4554648 7.4718101 7.4834922 7.4891386 7.4986226 7.5157915 7.5329604 7.5501293 7.5553907 7.5404397 7.5391061 7.5691887 7.5910204 7.5858505 7.5806805 7.5755106 7.5746522 7.5853495 7.5960469 7.6067443 7.6110092 7.6045732 7.603016 7.6108639 7.6141858 7.6073251 7.6004644 7.5936037 7.5828793 7.5666274 7.5503754 7.5341235 7.5164621 7.497785 7.4823354 7.469206 7.4560766 7.4429472 7.4302152 7.417572 7.3997259 7.3809806 7.3622353 7.3457237 7.3414388 7.3377024 7.3358657 7.334029 7.3321923 7.3273928 7.3199217
-9999 7.4208676 7.4200332 7.4144852 7.4089371 7.4033891 7.397841 7.4024564 7.4188018 7.4351471 7.4514924 7.4678377 7.4826867 7.4921707 7.5093396 7.5265085 7.5436774 7.5608463 7.5749328 7.5735992 7.5857452 7.5805753 7.5754054 7.5702355 7.5650656 7.5642071 7.5749045 7.5856019 7.5962992 7.6069966 7.615605 7.6140478 7.6136411 7.6067804 7.5999197 7.593059 7.5861983 7.5754739 7.5592219 7.54297 7.5267181 7.5104661 7.493368 7.4779184 7.464789 7.4516596 7.4385302 7.4254009 7.4125663 7.3947202 7.375975 7.3572297 7.3384844 7.3197392 7.3154922 7.3136555 7.3118188 7.3099822 7.3081455 7.3044152
-9999 7.4125271 7.4069791 7.401431 7.395883 7.390335 7.3847869 7.3930197 7.4091236 7.4254689 7.4418143 7.4581596 7.4745049 7.4874255 7.5028331 7.520002 7.5371709 7.5543399 7.5715088 7.5819228 7.5767529 7.571583 7.566413 7.5612431 7.5560732 7.5581846 7.5670956 7.577793 7.5884903 7.5991877 7.609885 7.6145851 7.6077244 7.6008637 7.594003 7.5871423 7.5802816 7.5670814 7.5507931 7.5345411 7.5182892 7.5020372 7.4857853 7.466712 7.4535826 7.4404532 7.4273238 7.4141944 7.401065 7.3869487 7.3682035 7.3494582 7.3307129 7.3119676 7.2977066 7.2965998 7.2947631 7.2929264 7.2910897 7.289253
-9999 7.4114527 7.4059046 7.4003566 7.3948085 7.3931615 7.4011482 7.4098676 7.4194325 7.4333384 7.4496837 7.466029 7.4823743 7.4952949 7.5013572 7.5134055 7.5305745 7.5477434 7.5649123 7.5753263 7.5701564 7.5649865 7.5598166 7.5553511 7.5608852 7.5655296 7.5677896 7.5743318 7.5850291 7.5957265 7.6064238 7.611124 7.6042633 7.5974026 7.5905419 7.5828671 7.571371 7.5576834 7.5408605 7.5244243 7.5081723 7.4919204 7.4756685 7.4554559 7.432396 7.4180489 7.4049196 7.3917902 7.3786608 7.3678069 7.3558703 7.337125 7.3183797 7.2996345 7.2853734 7.2866449 7.2862084 7.2843717 7.282535 7.2806983
-9999 7.4103782 7.4048301 7.3992821 7.4020227 7.4100094 7.4179961 7.4267154 7.4362803 7.4458452 7.4575531 7.4738984 7.4902437 7.5031643 7.5092267 7.515289 7.523978 7.5411469 7.5583158 7.5687298 7.5635599 7.55839 7.5571621 7.5626962 7.5682302 7.5728746 7.5751346 7.5773946 7.5815679 7.5922653 7.6029627 7.6076628 7.6008021 7.5939414 7.5849652 7.573469 7.5619729 7.5482853 7.5314624 7.5146396 7.4980555 7.4818035 7.4655516 7.445339 7.4222791 7.3992193 7.3825153 7.3693859 7.3562565 7.3454026 7.334942 7.3244813 7.3060466 7.2873013 7.2730402 7.2743118 7.2755833 7.275817 7.2739803 7.2721436
-9999 7.4093037 7.4037557 7.4108838 7.4188705 7.4268573 7.434844 7.4435633 7.4531282 7.4626931 7.472258 7.4818229 7.4981132 7.5110338 7.5170961 7.5231585 7.5292208 7.5352832 7.5517193 7.5621333 7.5569634 7.5589731 7.5645072 7.5700412 7.5755753 7.5802197 7.5824797 7.5847396 7.5869996 7.5892596 7.5995015 7.6042016 7.5973409 7.5870633 7.5755671 7.564071 7.5525748 7.5388872 7.5220644 7.5052415 7.4884187 7.4716867 7.4554348 7.4352222 7.4121623 7.3891024 7.3660426 7.3469817 7.3338523 7.3229984 7.3125378 7.3020771 7.2916165 7.2749681 7.260707 7.2619786 7.2632501 7.2645217 7.2654256 7.2635889
-9999 7.4117582 7.419745 7.4277317 7.4357184 7.4437051 7.4516919 7.4604112 7.4699761 7.479541 7.4891059 7.4986708 7.5082356 7.5189032 7.5249655 7.5310279 7.5370902 7.5431526 7.5492149 7.5555369 7.5607841 7.5663182 7.5718522 7.5773863 7.5829203 7.5875647 7.5898247 7.5920847 7.5943447 7.5966046 7.5988646 7.6006575 7.5891614 7.5776652 7.566169 7.5546729 7.5431767 7.5294891 7.5126663 7.4958435 7.4790206 7.4621978 7.445375 7.4251053 7.4020454 7.3789856 7.3559257 7.3328658 7.3114481 7.3005942 7.2901335 7.2796729 7.2692122 7.2587516 7.2483739 7.2496454 7.250917 7.2521885 7.25346 7.2547316
-9999 7.4149858 7.4229725 7.4309593 7.438946 7.4469327 7.4527569 7.4589227 7.4684876 7.4780524 7.4876173 7.4971822 7.504712 7.5110884 7.5213529 7.5274153 7.5334776 7.53954 7.5456023 7.5515049 7.557039 7.562573 7.5681071 7.5736411 7.5816384 7.5913073 7.5877722 7.5900322 7.5922922 7.5945521 7.5968121 7.5943734 7.5828773 7.5713811 7.559885 7.5483888 7.5348179 7.5178162 7.5009934 7.4841706 7.4673478 7.4505249 7.4325878 7.4081347 7.383242 7.3601821 7.3371222 7.3140624 7.2910025 7.2786852 7.2682246 7.257764 7.2473033 7.2370791 7.2306322 7.2319038 7.2331753 7.2344468 7.2357184 7.2426266
-9999 7.4136068 7.4215936 7.4295803 7.437567 7.4418461 7.4450667 7.4512325 7.4607974 7.4703623 7.4799272 7.4854117 7.4886673 7.4950437 7.5076695 7.5199192 7.5259816 7.532044 7.5381063 7.5440089 7.549543 7.555077 7.5606111 7.5716493 7.5872373 7.5969062 7.5907104 7.5848013 7.5870613 7.5893213 7.5915812 7.5891426 7.5776464 7.5661502 7.5546541 7.5395024 7.5223757 7.505374 7.4885512 7.4717283 7.4549055 7.436416 7.417461 7.3930079 7.3646022 7.3384407 7.3153808 7.292321 7.2692611 7.2569438 7.2464832 7.2360225 7.2261834 7.2175082 7.2110614 7.2123329 7.2136044 7.214876 7.2241968 7.2366567
-9999 7.4122278 7.4202146 7.4277148 7.4309354 7.434156 7.4373766 7.4435423 7.4531072 7.4626721 7.4661114 7.469367 7.4726227 7.478999 7.4916249 7.5042507 7.5168765 7.5245479 7.5306103 7.5365129 7.5420469 7.547581 7.5616602 7.5772482 7.5928362 7.6025051 7.5963093 7.5901135 7.5839178 7.5840904 7.5863503 7.5839117 7.5724155 7.5609194 7.5441868 7.5270601 7.5099334 7.4929317 7.4761089 7.4591993 7.4402443 7.4212893 7.4023342 7.3778811 7.3494754 7.3210697 7.2936394 7.2705796 7.2475197 7.2352024 7.2247418 7.2152876 7.2066125 7.1979373 7.1914905 7.192762 7.1940336 7.2057669 7.2182268 7.2306867
-9999 7.4108489 7.416804 7.4200246 7.4232452 7.4264658 7.4296864 7.4358522 7.4435554 7.446811 7.4500667 7.4533223 7.456578 7.4629544 7.4755802 7.488206 7.5008318 7.5134576 7.5231143 7.5290169 7.5360831 7.5516711 7.5672591 7.5828471 7.5984351 7.608104 7.6019082 7.5957124 7.5895167 7.5833209 7.5811195 7.5786808 7.565998 7.5488713 7.5317446 7.5146179 7.4974912 7.4804895 7.4630275 7.4440725 7.4251175 7.4061625 7.3872075 7.3627543 7.3343486 7.3059429 7.2775372 7.2491315 7.2257783 7.213461 7.2043919 7.1957167 7.1870416 7.1783665 7.1719196 7.1748772 7.1873371 7.199797 7.2122569 7.2247168
-9999 7.4076165 7.4108371 7.4140577 7.4172783 7.4204989 7.4237195 7.4277346 7.4309903 7.434246 7.4375016 7.4407573 7.4440129 7.450132 7.4627578 7.4753836 7.4880094 7.5006352 7.513261 7.5267826 7.5423706 7.5579586 7.5735466 7.5891346 7.6047226 7.6107188 7.604523 7.5983272 7.5921314 7.5859356 7.5797398 7.5698104 7.5526837 7.535557 7.5184303 7.5013036 7.4841769 7.4661525 7.4471975 7.4282425 7.4092875 7.3903324 7.3713774 7.3466118 7.3182061 7.2898004 7.2613947 7.232989 7.2045833 7.1947228 7.1860476 7.1773725 7.1686974 7.1600222 7.1542505 7.1667104 7.1791703 7.1916302 7.2040901 7.21655
-9999 7.4146463 7.4178669 7.4210875 7.4243081 7.4275287 7.4386891 7.4449304 7.4446686 7.4479243 7.4511799 7.4544356 7.4576912 7.4634934 7.474395 7.486864 7.4994898 7.5121156 7.5247414 7.5382629 7.5538509 7.5694389 7.5850269 7.6006149 7.6056823 7.6017162 7.5858714 7.5784354 7.5722397 7.5660439 7.5598481 7.5499186 7.5327919 7.5156652 7.4985385 7.4814118 7.4697718 7.4526279 7.4260635 7.4071084 7.3881534 7.3691984 7.3502434 7.3245082 7.2944035 7.2659977 7.237592 7.2091863 7.1807806 7.1797397 7.1769548 7.1682796 7.1596045 7.1509294 7.1440435 7.1433556 7.1544346 7.1668945 7.1793544 7.1918143
-9999 7.4216761 7.4248967 7.4281173 7.4331483 7.4450754 7.4570025 7.4632438 7.462923 7.4626021 7.4648582 7.4681139 7.4713695 7.4771717 7.4880733 7.4989749 7.5109702 7.523596 7.5362218 7.5497433 7.5653313 7.5809193 7.5965073 7.5974199 7.5978857 7.5939195 7.5780747 7.56223 7.5523479 7.5461521 7.5399563 7.5300269 7.5129002 7.4957735 7.4790873 7.4687205 7.4583536 7.4412097 7.4143701 7.3875305 7.3670194 7.3480644 7.3291094 7.3033742 7.2727648 7.2421951 7.2137894 7.1853837 7.156978 7.155937 7.1596255 7.1591868 7.1505116 7.1418365 7.1349507 7.1342628 7.1335749 7.1421588 7.1546187 7.1670786
-9999 7.4287059 7.4319265 7.4395346 7.4514617 7.4633888 7.4753159 7.4815572 7.4812364 7.4809155 7.4805947 7.4817921 7.4850478 7.4908499 7.5017516 7.5126532 7.5235548 7.5350764 7.5477022 7.5612237 7.5768117 7.5886916 7.5891574 7.5896232 7.590089 7.5861228 7.570278 7.5544333 7.5385885 7.5262603 7.5200645 7.5101351 7.4930084 7.4780359 7.4676691 7.4573022 7.4469354 7.4297914 7.4029519 7.3761123 7.3492728 7.3269303 7.3079753 7.2822401 7.2516308 7.2210214 7.1904121 7.161581 7.1331753 7.1321344 7.1358228 7.1395113 7.1414188 7.1327437 7.1258578 7.1251699 7.124482 7.1237941 7.129883 7.1423429
-9999 7.4357357 7.445921 7.457848 7.4697751 7.4817022 7.4936293 7.4998706 7.4995497 7.4992289 7.4989081 7.4985873 7.4987261 7.5045282 7.5154299 7.5263315 7.5372331 7.5481347 7.5591826 7.5727041 7.5804291 7.5808949 7.5813607 7.5818265 7.5822923 7.5783261 7.5624814 7.5466366 7.5307918 7.514947 7.5001728 7.4902434 7.4769845 7.4666177 7.4562508 7.445884 7.4355171 7.4183732 7.3915336 7.3646941 7.3378545 7.311015 7.2868413 7.2611061 7.2304968 7.1998874 7.169278 7.1386687 7.1093726 7.1083317 7.1120202 7.1157086 7.1193971 7.1230856 7.116765 7.116077 7.1153891 7.1147012 7.1140133 7.1176072
-9999 7.4465308 7.4584578 7.4703849 7.482312 7.4942391 7.5061661 7.514581 7.5142602 7.5139394 7.5136186 7.5132978 7.5129769 7.5100273 7.5192947 7.5301963 7.541098 7.5519996 7.5629012 7.5706472 7.571113 7.5715787 7.5720445 7.5725103 7.5729761 7.5717543 7.5571821 7.5413374 7.5254926 7.5096478 7.493803 7.4798293 7.4694624 7.4590956 7.4487288 7.4383619 7.4279951 7.4063991 7.3795596 7.35272 7.3258805 7.2990409 7.2725474 7.2552177 7.2246084 7.193999 7.1633896 7.1327803 7.1021709 7.1008053 7.1044938 7.1081822 7.1118707 7.1155592 7.1150489 7.114361 7.1136731 7.1129852 7.1122973 7.1114406
-9999 7.4498874 7.4618145 7.4737416 7.4856686 7.4990118 7.5150967 7.5235656 7.5232448 7.522924 7.5226032 7.5209355 7.5141838 7.5103071 7.5121876 7.5184653 7.529367 7.5402686 7.5511702 7.5589162 7.559382 7.5598477 7.5603135 7.5610682 7.5639961 7.5633013 7.552897 7.5400072 7.5241624 7.5083176 7.4924728 7.4784991 7.4681323 7.4577654 7.4473986 7.4350395 7.415868 7.3935418 7.3667022 7.3398626 7.3130231 7.2877894 7.2653389 7.2498933 7.2394834 7.2123395 7.1817301 7.1511208 7.1205114 7.1191458 7.1228343 7.1265227 7.1302112 7.1275519 7.1250563 7.1243684 7.1236805 7.1229926 7.1215922 7.1186638
-9999 7.453244 7.4651711 7.4770982 7.4919116 7.5079964 7.5240813 7.5325502 7.5322294 7.5319086 7.527967 7.5212153 7.5144635 7.5105868 7.5124673 7.5143479 7.517636 7.5285376 7.5394392 7.5471852 7.547651 7.5481168 7.5496874 7.5526153 7.5555431 7.5548484 7.5444441 7.5340398 7.5228323 7.5069875 7.4911427 7.477169 7.4668021 7.4564353 7.4413537 7.4221821 7.4030106 7.3806844 7.3538448 7.3270053 7.3030313 7.2805809 7.2581305 7.2426849 7.2322749 7.2218649 7.2000706 7.1694613 7.1388519 7.1374863 7.1411748 7.1435942 7.1405767 7.1375593 7.1350637 7.1343758 7.1336879 7.1317439 7.1288155 7.1258871
-9999 7.4566007 7.4687265 7.4848113 7.5008962 7.516981 7.5330658 7.5415348 7.5412139 7.5349984 7.5282467 7.521495 7.5147433 7.5108665 7.5127471 7.5146276 7.5165082 7.5183887 7.5277082 7.5354542 7.53592 7.5383066 7.5412344 7.5441623 7.5470902 7.5463954 7.5359911 7.5255869 7.5151826 7.5047783 7.4898125 7.4758388 7.465472 7.4476678 7.4284963 7.4093248 7.3901533 7.367827 7.3409874 7.3182733 7.2958229 7.2733725 7.250922 7.2354764 7.2250664 7.2146565 7.2042465 7.1878018 7.1571924 7.1558268 7.156619 7.1536016 7.1505842 7.1475667 7.1450712 7.1443832 7.1418956 7.1389672 7.1360387 7.1331103
-9999 7.4616262 7.477711 7.4937959 7.5098807 7.5259656 7.5420504 7.5487816 7.5420299 7.5352781 7.5285264 7.5217747 7.515023 7.5111462 7.5130268 7.5149073 7.5167879 7.5186684 7.520549 7.5239979 7.5269257 7.5298536 7.5327815 7.5357094 7.5386372 7.5379425 7.5275382 7.5171339 7.5067296 7.4963253 7.485921 7.4731534 7.4539819 7.4348104 7.4156389 7.3964674 7.3772959 7.3559657 7.3335153 7.3110649 7.2886144 7.266164 7.2437136 7.2282679 7.217858 7.207448 7.1970381 7.1866281 7.1755329 7.1696439 7.1666265 7.163609 7.1605916 7.1575741 7.1549757 7.1520473 7.1491188 7.1461904 7.143262 7.1403336
-9999 7.4806733 7.4967582 7.512843 7.5289279 7.5450127 7.5493339 7.5442885 7.5375368 7.5307851 7.5240334 7.5172816 7.5115086 7.5075768 7.5060461 7.5079267 7.5098073 7.5116878 7.5135684 7.5157656 7.5186935 7.5216214 7.5245492 7.5274771 7.5281175 7.5247826 7.5194179 7.5090136 7.4986093 7.488205 7.4778007 7.4644018 7.4452303 7.4260588 7.4068873 7.3877158 7.3722781 7.3560786 7.3336282 7.3111777 7.2887273 7.2662768 7.2468339 7.2308921 7.2185085 7.2080985 7.1976886 7.1872786 7.1768687 7.1727619 7.1697444 7.166727 7.1637096 7.1629059 7.1663804 7.1634519 7.1605235 7.1575951 7.1546667 7.1523925
