P1_models/J1_p1_tot_conduct_slide_2.19.dat.tif
NCOLS 118
NROWS 92
XLLCORNER 139.62
YLLCORNER -39.07
DX 0.099491525
DY 0.099347826
NODATA_VALUE -9999
[rows 52 to 77 of 92, columns 57 to 113 of 118]
-2.8598497 -3.1070219 -3.3225868 -3.4693116 -3.5740395 -3.6280867 -3.6699778 -3.6875178 -3.7013725 -3.7150166 -3.7084738 -3.6927646 -3.6480578 -3.5651482 -3.4585181 -3.3258627 -3.2121887 -3.0961152 -3.0606033 -3.022769 -3.0614602 -3.1113095 -3.2052737 -3.296662 -3.3961535 -3.4578225 -3.5073111 -3.4983422 -3.4772717 -3.3724931 -3.2376748 -3.0497464 -2.8361735 -2.5962588 -2.4185788 -2.2563891 -2.2329793 -2.2696515 -2.4510772 -2.7113564 -3.0149745 -3.2800229 -3.5184416 -3.6471953 -3.6953723 -3.625143 -3.4796146 -3.3142503 -3.1196939 -2.9818773 -2.8472711 -2.7202921 -2.5967755 -2.3959371 -2.1617743 -1.8984143 -1.6680305
-2.53503 -2.7655984 -2.9595828 -3.087331 -3.1766482 -3.2311085 -3.2695422 -3.3389737 -3.3758822 -3.4885786 -3.5157501 -3.5854295 -3.5722441 -3.5446238 -3.4520155 -3.3338332 -3.2116157 -3.0955423 -3.0429434 -2.9999735 -3.0544389 -3.1065199 -3.208891 -3.3050257 -3.4045172 -3.4624221 -3.5090905 -3.4959784 -3.4730907 -3.3708579 -3.2534305 -3.0822351 -2.8786359 -2.6471413 -2.4693879 -2.3031336 -2.2797238 -2.3220917 -2.5157219 -2.8280848 -3.1590848 -3.5036436 -3.7694572 -3.9315726 -3.9835467 -3.8893076 -3.6433655 -3.4321037 -3.0953724 -2.9195847 -2.7292116 -2.5599444 -2.4340316 -2.2707623 -2.0460922 -1.7921249 -1.4950262
-2.2953878 -2.4793892 -2.656263 -2.7308569 -2.79893 -2.8157824 -2.8472008 -2.9110253 -2.9884076 -3.1243914 -3.2527047 -3.3533979 -3.4438142 -3.4437548 -3.4206704 -3.3156516 -3.2216089 -3.1055355 -3.0484027 -3.0153134 -3.0768634 -3.1421788 -3.2471977 -3.3451548 -3.4446463 -3.494399 -3.5330901 -3.5137026 -3.4869019 -3.3932628 -3.3019223 -3.1416304 -2.9652051 -2.7486648 -2.5812018 -2.4196282 -2.3962184 -2.4461038 -2.6509392 -2.966563 -3.3469718 -3.7097034 -4.0421535 -4.2140286 -4.2753546 -4.1641582 -3.8774551 -3.5672757 -3.1707097 -2.855653 -2.6215553 -2.4147881 -2.280182 -2.1282051 -1.938369 -1.6925664 -1.3661199
-2.2216287 -2.3817754 -2.4536304 -2.4847065 -2.4346546 -2.4201453 -2.3769544 -2.4354617 -2.5049149 -2.689171 -2.8553134 -3.04906 -3.1855098 -3.296056 -3.3141608 -3.2975789 -3.2286999 -3.1651442 -3.1247366 -3.1146612 -3.1920435 -3.2680194 -3.3730382 -3.4689923 -3.5509265 -3.5896192 -3.6059452 -3.5769433 -3.5398874 -3.4686979 -3.3917886 -3.2922971 -3.1383362 -2.96723 -2.8117952 -2.6646862 -2.6412764 -2.6910287 -2.8900118 -3.2108592 -3.6052761 -3.9915617 -4.3468202 -4.5282459 -4.5901965 -4.4438855 -4.1113082 -3.719609 -3.2220314 -2.8491317 -2.50969 -2.2846551 -2.1278486 -1.9970364 -1.8191516 -1.573349 -1.2102982
-2.3868479 -2.4907464 -2.4939493 -2.4336993 -2.2844065 -2.182667 -2.0451168 -2.019273 -2.0803111 -2.265964 -2.4920598 -2.7017586 -2.9418359 -3.0843172 -3.1949434 -3.2264509 -3.2203303 -3.2155415 -3.2094539 -3.2530235 -3.3336631 -3.4475049 -3.5540437 -3.6441622 -3.7157816 -3.7492351 -3.7351814 -3.6985665 -3.6581907 -3.5993794 -3.5412886 -3.4655652 -3.3878683 -3.2407142 -3.0937589 -2.9585122 -2.9287764 -2.9489708 -3.1244763 -3.42491 -3.7969951 -4.1767139 -4.544197 -4.7256227 -4.7805878 -4.6253143 -4.2870691 -3.8140772 -3.2280604 -2.7835592 -2.4015486 -2.1459305 -1.9502624 -1.820319 -1.6511661 -1.4107403 -1.0520663
-2.592674 -2.6039275 -2.5320725 -2.3437899 -2.1343341 -1.927512 -1.754711 -1.7213672 -1.7379492 -1.964435 -2.2095094 -2.4963238 -2.7692825 -2.9800998 -3.1424454 -3.2198277 -3.2709379 -3.2875198 -3.3313051 -3.397275 -3.5248588 -3.6465113 -3.7593625 -3.8479811 -3.9065055 -3.9068776 -3.8847684 -3.8481535 -3.8096969 -3.7745823 -3.7527185 -3.7085 -3.6353031 -3.5299591 -3.3865631 -3.2477891 -3.1622039 -3.165484 -3.3117951 -3.5427233 -3.9055748 -4.2791751 -4.6438669 -4.8290793 -4.8772697 -4.7134013 -4.3300618 -3.8443091 -3.2253199 -2.6815668 -2.2543385 -1.9465254 -1.7416899 -1.6142331 -1.4531351 -1.2190374 -0.81723131
-2.9105725 -2.885035 -2.686052 -2.4522918 -2.1277109 -1.8895307 -1.64874 -1.6014508 -1.5988622 -1.8291918 -2.0770456 -2.3912294 -2.6765578 -2.9197594 -3.0959326 -3.212006 -3.2801489 -3.3338821 -3.4042383 -3.5098692 -3.6701611 -3.812091 -3.955801 -4.0525018 -4.1052011 -4.101012 -4.0702176 -4.0336028 -3.9951462 -3.9818289 -3.9741198 -3.9630652 -3.8987236 -3.808133 -3.6427747 -3.4796007 -3.3215848 -3.2912787 -3.3322458 -3.5201671 -3.8194733 -4.1790925 -4.5312727 -4.7361082 -4.7919311 -4.6397676 -4.2498174 -3.7515844 -3.0918951 -2.526683 -2.0350778 -1.7074557 -1.4767624 -1.3536689 -1.1950777 -0.9785373 -0.57879652
-3.1864348 -3.1040322 -2.8749288 -2.5855309 -2.2491235 -1.9838603 -1.7359808 -1.6925411 -1.683773 -1.9084381 -2.1507424 -2.4296352 -2.7084138 -2.9077231 -3.0709105 -3.1637669 -3.2415682 -3.3011015 -3.3981731 -3.5425094 -3.7590234 -3.9260102 -4.1023952 -4.2195493 -4.2820144 -4.2759758 -4.242812 -4.2048129 -4.1682756 -4.1643885 -4.1661795 -4.1578986 -4.0887909 -3.9932993 -3.7751177 -3.5938353 -3.3398094 -3.2456918 -3.2296607 -3.3116497 -3.575135 -3.903136 -4.2505756 -4.4763763 -4.5434601 -4.4084388 -4.0456771 -3.5455001 -2.880511 -2.2777627 -1.778035 -1.4328556 -1.190107 -1.0792486 -0.92816464 -0.73208779 -0.38649457
-3.4265109 -3.2881336 -3.0228229 -2.7120671 -2.3612286 -2.1154038 -1.8840891 -1.8891498 -1.9057318 -2.1307176 -2.3628873 -2.6299435 -2.8431457 -3.0144922 -3.100367 -3.1611674 -3.1869885 -3.2392523 -3.3636544 -3.5205964 -3.747216 -3.984945 -4.1784007 -4.3476797 -4.4237615 -4.4251207 -4.3926344 -4.3553274 -4.3181882 -4.3240406 -4.3230925 -4.3175652 -4.240001 -4.1229522 -3.9000597 -3.6379295 -3.3570122 -3.1129519 -3.0193129 -3.0766497 -3.259299 -3.5634349 -3.885851 -4.1199487 -4.221292 -4.1042432 -3.7496988 -3.2757241 -2.617967 -2.0049149 -1.4957524 -1.1533121 -0.89891131 -0.79962122 -0.67662023 -0.50689939 -0.17774095
-3.4687373 -3.3155428 -3.0723413 -2.7861523 -2.5348052 -2.3290624 -2.2086253 -2.2545592 -2.3229926 -2.5346327 -2.7536554 -2.9315169 -3.0882036 -3.127517 -3.1569982 -3.0906705 -3.0891107 -3.1001654 -3.2372007 -3.4146254 -3.6878014 -3.9650754 -4.2095258 -4.4053079 -4.5098629 -4.5129955 -4.485359 -4.4452241 -4.4042896 -4.401684 -4.3959476 -4.3794348 -4.2885948 -4.1428217 -3.8857363 -3.5716976 -3.2224459 -2.9341259 -2.7374447 -2.7581052 -2.8751541 -3.1611613 -3.4685901 -3.7114849 -3.8187834 -3.7368492 -3.3952028 -2.9445647 -2.310071 -1.7070743 -1.2096167 -0.87393392 -0.63398377 -0.56165638 -0.45143182 -0.35136281 -0.061852515
-3.3844474 -3.2750635 -3.0699355 -2.9185344 -2.7136313 -2.6669453 -2.579321 -2.6938801 -2.7930742 -2.9715603 -3.1501503 -3.1996546 -3.2727679 -3.184517 -3.1047901 -2.9814893 -2.9290788 -2.9287668 -3.0758384 -3.2823664 -3.6263884 -3.9259788 -4.211736 -4.4144124 -4.5267099 -4.5335358 -4.5042286 -4.4436226 -4.4019205 -4.3935114 -4.3705657 -4.3513406 -4.2540898 -4.0991052 -3.7964247 -3.478373 -3.0713155 -2.7491669 -2.5360974 -2.4919648 -2.6017918 -2.8601034 -3.1569426 -3.3905574 -3.5098993 -3.4252385 -3.0996653 -2.6503328 -2.0296869 -1.440741 -0.95616864 -0.66339695 -0.42906348 -0.39827957 -0.32360796 -0.25567403 -0.10035997
-3.2520235 -3.1401214 -2.9853568 -2.89452 -2.8055012 -2.8445323 -2.8933777 -3.0871265 -3.2695276 -3.4465851 -3.584846 -3.5953188 -3.5323548 -3.3665356 -3.1491017 -2.939064 -2.8123396 -2.7668926 -2.9262664 -3.1416128 -3.4953604 -3.8465005 -4.1505024 -4.3784341 -4.5013354 -4.5137097 -4.4717363 -4.4047165 -4.3350081 -4.3115983 -4.2886527 -4.2665435 -4.1804232 -4.0165548 -3.7119253 -3.3889383 -2.9734148 -2.6273038 -2.3932061 -2.35403 -2.4287601 -2.672291 -2.939102 -3.1673473 -3.2612571 -3.1734704 -2.836745 -2.3925383 -1.7767972 -1.2103278 -0.74213241 -0.45555637 -0.26290925 -0.257941 -0.24596786 -0.22255809 -0.080874464
-3.1006775 -2.9963846 -2.9521661 -2.9087156 -2.9663159 -3.0545096 -3.2377835 -3.4589818 -3.6735421 -3.8185395 -3.9226286 -3.8389285 -3.7111809 -3.42161 -3.150846 -2.8468441 -2.6996606 -2.6278056 -2.7943681 -3.0223954 -3.396848 -3.7670222 -4.0710241 -4.29472 -4.3953644 -4.3978812 -4.3260262 -4.2455187 -4.156182 -4.1327722 -4.1098266 -4.1091667 -4.0418536 -3.9105838 -3.6284525 -3.3425759 -2.9620556 -2.6405502 -2.4288289 -2.390876 -2.4552529 -2.6762468 -2.9258556 -3.1114199 -3.1806939 -3.0402353 -2.6885309 -2.2203354 -1.6093774 -1.0447481 -0.60566987 -0.33482375 -0.1768078 -0.20883329 -0.21285192 -0.25185487 -0.14198217
-3.0357065 -3.0054761 -2.9927458 -3.0527989 -3.1295478 -3.298455 -3.4879936 -3.6920357 -3.9233968 -3.9948438 -4.0684021 -3.9056169 -3.7312874 -3.3968346 -3.0897301 -2.7857282 -2.6348148 -2.5649723 -2.7379478 -2.9704606 -3.3308263 -3.6909581 -3.9646328 -4.1630495 -4.2384796 -4.186747 -4.1085479 -3.99941 -3.9100733 -3.8888289 -3.9028195 -3.9254348 -3.9062025 -3.802503 -3.6224597 -3.3407706 -3.0425846 -2.7285966 -2.5400818 -2.5241197 -2.5893978 -2.7700222 -2.9946314 -3.1171662 -3.1672011 -2.9981846 -2.5912305 -2.1199007 -1.4954861 -0.94353786 -0.51194453 -0.28506018 -0.13107592 -0.19001445 -0.23268487 -0.28284026 -0.23729689
-3.0095634 -3.0067007 -3.0398645 -3.1256829 -3.2565928 -3.4319116 -3.6518402 -3.8463545 -4.0563922 -4.1046108 -4.1247689 -3.9423457 -3.7323381 -3.3785905 -3.064404 -2.7604021 -2.6205757 -2.5597753 -2.7392716 -2.9663034 -3.3043387 -3.6169364 -3.8711925 -4.0216582 -4.0567729 -3.9758267 -3.854226 -3.7385691 -3.6297248 -3.6238724 -3.6567108 -3.7064565 -3.725246 -3.6901313 -3.5434345 -3.355351 -3.0933652 -2.857767 -2.7056035 -2.6929675 -2.7631968 -2.9320356 -3.1066224 -3.2011157 -3.1831795 -2.978344 -2.5625203 -2.0592102 -1.4312961 -0.87374069 -0.45236482 -0.22880656 -0.10590526 -0.17622352 -0.25155035 -0.31592722 -0.27260124
-3.1078877 -3.11831 -3.1789515 -3.2547246 -3.3625638 -3.5006548 -3.6584634 -3.8020916 -3.9570443 -3.958678 -3.952566 -3.7850013 -3.5836638 -3.3072985 -3.0258509 -2.8067644 -2.6906439 -2.6723695 -2.8405368 -3.0457817 -3.3166197 -3.5969315 -3.7461688 -3.8569175 -3.8050917 -3.7027703 -3.5495593 -3.437629 -3.3316814 -3.349638 -3.4079104 -3.5184565 -3.5691503 -3.5974067 -3.5036416 -3.3619742 -3.1688435 -2.9571149 -2.8322698 -2.8204802 -2.8824142 -3.0240468 -3.1794774 -3.226297 -3.1964259 -2.9565351 -2.5303187 -2.0194711 -1.4013841 -0.84724794 -0.43725807 -0.21826505 -0.099282074 -0.17435498 -0.25155035 -0.32147067 -0.28177974
-3.1722156 -3.2373462 -3.2917904 -3.3720362 -3.4252889 -3.5238795 -3.5729838 -3.5620595 -3.6820764 -3.6807723 -3.6235805 -3.4639317 -3.3442291 -3.1079417 -2.9575321 -2.8134856 -2.7936222 -2.8351582 -3.0158267 -3.1862309 -3.457069 -3.6119025 -3.7381812 -3.6964542 -3.6091322 -3.4772196 -3.2967485 -3.1765131 -3.0925569 -3.1259587 -3.210577 -3.3341087 -3.4464841 -3.5002017 -3.4196271 -3.3381118 -3.1457452 -2.9831131 -2.8581249 -2.8440671 -2.8760492 -2.9864816 -3.1260354 -3.1713332 -3.1003113 -2.8726899 -2.4559202 -1.9742702 -1.3877754 -0.84239282 -0.4396704 -0.22679403 -0.097681954 -0.15902165 -0.24044425 -0.30850693 -0.26662757
-3.2794692 -3.3339777 -3.3781962 -3.3786612 -3.3838976 -3.3480363 -3.3375635 -3.303161 -3.2921064 -3.2553116 -3.2334444 -3.169352 -3.1345781 -3.0350866 -2.9950592 -2.9508407 -2.9943611 -3.0662161 -3.2106135 -3.3638117 -3.5011523 -3.6115285 -3.6336377 -3.5850629 -3.4446042 -3.2726552 -3.0847267 -2.986767 -2.9087366 -2.9789659 -3.0773931 -3.2266304 -3.3380275 -3.4199617 -3.3689519 -3.292958 -3.1075133 -2.9430019 -2.8142481 -2.7545571 -2.7721144 -2.8728359 -2.9845749 -3.022239 -2.9625082 -2.7518203 -2.3980598 -1.9298644 -1.3658007 -0.85458841 -0.46247475 -0.23424466 -0.099638476 -0.15156204 -0.21861557 -0.28299244 -0.23378506
-3.2729964 -3.3289454 -3.3517034 -3.3072392 -3.2183179 -3.1014758 -2.966665 -2.8528028 -2.7622513 -2.7298219 -2.7102125 -2.7782857 -2.8000045 -2.9326599 -2.9742748 -3.1164204 -3.1974562 -3.3311437 -3.4627289 -3.5890001 -3.6387459 -3.7084003 -3.631018 -3.5559544 -3.3783723 -3.2092256 -3.025118 -2.9387291 -2.8689975 -2.9430645 -3.0432828 -3.1869928 -3.2960613 -3.3735994 -3.3079528 -3.2201029 -3.009415 -2.8370308 -2.6496113 -2.5496711 -2.5270564 -2.6036758 -2.6997778 -2.7700071 -2.7174503 -2.586732 -2.2994538 -1.8967485 -1.3881686 -0.89432754 -0.50777645 -0.26643048 -0.11288485 -0.14038298 -0.198746 -0.25770986 -0.20997805
-3.1473023 -3.2248382 -3.2469475 -3.1467715 -3.0209139 -2.7833359 -2.5880743 -2.364933 -2.2171886 -2.1939316 -2.1981749 -2.3624803 -2.4986236 -2.75122 -2.9711635 -3.1931833 -3.4001372 -3.5706085 -3.7027036 -3.8193099 -3.8244038 -3.8429066 -3.7484714 -3.6279358 -3.4442818 -3.2735307 -3.0933669 -3.0031437 -2.9409916 -3.0124972 -3.0723789 -3.1931056 -3.2741325 -3.3396462 -3.2549517 -3.1561119 -2.9106085 -2.7055587 -2.4875879 -2.3196866 -2.2674137 -2.3112415 -2.3968256 -2.4948663 -2.4883159 -2.4096664 -2.2375478 -1.8859621 -1.4304926 -0.96514429 -0.57639556 -0.3063158 -0.13745753 -0.13612729 -0.18053843 -0.24140082 -0.21417749
-2.921991 -3.0489671 -3.0710764 -2.9815019 -2.798228 -2.5299042 -2.2276739 -1.9483305 -1.7106563 -1.6867298 -1.7064565 -1.9106759 -2.1719363 -2.5146293 -2.8857918 -3.2174302 -3.5202107 -3.7636168 -3.9124727 -4.0302286 -4.0247013 -4.0021183 -3.8970994 -3.7718954 -3.5846172 -3.4120167 -3.2461975 -3.1577418 -3.0744913 -3.1154584 -3.1541372 -3.2481014 -3.2854255 -3.3146877 -3.2220115 -3.1032361 -2.8457286 -2.5897356 -2.3322281 -2.1552399 -2.0335805 -2.0525518 -2.1081077 -2.2193041 -2.2868775 -2.2693202 -2.1184044 -1.8938826 -1.4751379 -1.0514362 -0.65932258 -0.38469934 -0.16923939 -0.14848551 -0.17003586 -0.23441273 -0.21324737
-2.6873932 -2.8330201 -2.8938205 -2.8042772 -2.6000578 -2.3121981 -1.9561231 -1.649034 -1.3728737 -1.3524286 -1.375297 -1.642505 -1.9401247 -2.3935887 -2.8109374 -3.253122 -3.5843596 -3.8828342 -4.0370333 -4.1626924 -4.1646175 -4.1478284 -4.057152 -3.9413932 -3.7833129 -3.6107124 -3.4448931 -3.3296813 -3.2135782 -3.1933097 -3.1992854 -3.2324493 -3.25386 -3.2683254 -3.1784244 -3.0634969 -2.8101541 -2.5565174 -2.2638953 -2.0634436 -1.8878703 -1.8859569 -1.9226584 -2.0520287 -2.1334637 -2.1978405 -2.0857852 -1.9336217 -1.5554468 -1.150045 -0.74037401 -0.44661643 -0.18910896 -0.15095965 -0.16379988 -0.25158652 -0.24212538
-2.5259584 -2.7092214 -2.7977915 -2.7226232 -2.5299056 -2.2179698 -1.8607246 -1.5364791 -1.2416447 -1.2069431 -1.2421889 -1.5249543 -1.8540852 -2.3217698 -2.7787896 -3.2233104 -3.5750335 -3.8735081 -4.0314318 -4.171802 -4.2008276 -4.1963126 -4.1370361 -4.0304697 -3.8823048 -3.7000485 -3.5293279 -3.3307031 -3.2092261 -3.1533016 -3.0685273 -3.0821739 -3.1196116 -3.1390939 -3.1131534 -3.0020472 -2.8008425 -2.5360319 -2.2508878 -2.0116655 -1.8278558 -1.7783337 -1.804968 -1.9311591 -2.0386666 -2.1260157 -2.1064295 -1.9638391 -1.6094686 -1.2152406 -0.7974037 -0.45788725 -0.19469591 -0.142264 -0.15510423 -0.25318061 -0.27644083
-2.3921737 -2.6214434 -2.7430442 -2.705822 -2.5382573 -2.24674 -1.8854287 -1.5600102 -1.2449537 -1.1973887 -1.2071134 -1.4806701 -1.7851401 -2.2529296 -2.6863595 -3.1340713 -3.4700475 -3.7685221 -3.9400475 -4.0753024 -4.1127314 -4.1358529 -4.0934699 -4.0137585 -3.8791523 -3.6924305 -3.4989747 -3.2765706 -3.0770289 -2.9482752 -2.8501546 -2.8446273 -2.8882917 -2.9292588 -2.9436192 -2.9095249 -2.749724 -2.5342554 -2.2591906 -2.0229341 -1.8063937 -1.735755 -1.7084688 -1.8248631 -1.9432479 -2.0544443 -2.0482043 -1.9662701 -1.6293174 -1.2486522 -0.82142389 -0.48042452 -0.18780238 -0.13154197 -0.13980873 -0.25100514 -0.2772312
-2.4140795 -2.6644591 -2.8413329 -2.8269796 -2.7065425 -2.4296963 -2.0983169 -1.7728984 -1.4578419 -1.3832515 -1.3703277 -1.5797835 -1.8490065 -2.2193361 -2.6055415 -2.9537618 -3.2544917 -3.4917674 -3.6477274 -3.7630664 -3.8128121 -3.8449056 -3.8283237 -3.7582926 -3.6236865 -3.4185832 -3.1867387 -2.9207547 -2.6725414 -2.4956328 -2.3751941 -2.3751941 -2.4474971 -2.5744452 -2.6645149 -2.7250218 -2.6606449 -2.5024425 -2.2741972 -2.0316149 -1.7851049 -1.6793425 -1.6162173 -1.6981515 -1.8029973 -1.9258986 -1.9378328 -1.8882111 -1.5784943 -1.2138587 -0.79248283 -0.44737815 -0.14522475 -0.09334476 -0.10594231 -0.23469605 -0.26085757
-2.5475418 -2.8137604 -2.9967558 -3.0090816 -2.8973618 -2.6584368 -2.3404897 -2.0306877 -1.7176473 -1.6059772 -1.5674297 -1.6919186 -1.9042588 -2.1685581 -2.4588736 -2.7237934 -2.9189252 -3.1092623 -3.2461974 -3.2923068 -3.3106372 -3.3447615 -3.319817 -3.2522937 -3.1116896 -2.8876832 -2.6424266 -2.3564002 -2.0844922 -1.9002808 -1.8090692 -1.8456377 -1.9834692 -2.1599097 -2.3809912 -2.495752 -2.5389503 -2.4219513 -2.2209662 -1.9880449 -1.7312513 -1.5671608 -1.4815276 -1.5207679 -1.6185097 -1.7345954 -1.7625665 -1.7282694 -1.4675176 -1.1128276 -0.71100108 -0.39338394 -0.094991085 -0.058334408 -0.076615191 -0.2084776 -0.2148435
