P1_models/J1_p1_tot_conduct_slide_61.34.dat.tif
NCOLS 118
NROWS 92
XLLCORNER 139.62
YLLCORNER -39.07
DX 0.099491525
DY 0.099347826
NODATA_VALUE -9999
[rows 26 to 51 of 92, columns 0 to 56 of 118]
-2.8331771 -2.930886 -3.0204284 -3.1047032 -3.185244 -3.2782968 -3.3628646 -3.4448781 -3.5206811 -3.594551 -3.6691697 -3.7386654 -3.7983604 -3.8424835 -3.8872547 -3.9211501 -3.9509975 -3.9685667 -3.9785158 -3.9809438 -3.980913 -3.9765529 -3.9616291 -3.9394688 -3.914484 -3.885556 -3.8457594 -3.8020602 -3.7568618 -3.7062353 -3.6482376 -3.5868928 -3.5271979 -3.468197 -3.4105966 -3.3550279 -3.3202059 -3.2923725 -3.2818997 -3.2935565 -3.3302113 -3.3878259 -3.4624445 -3.5576089 -3.6623368 -3.7801611 -3.8953618 -4.010151 -4.1148789 -4.1929757 -4.2558125 -4.2745435 -4.2745435 -4.2367756 -4.1876164 -4.1013291 -4.0112595
-2.839473 -2.9432987 -3.0527394 -3.1414595 -3.240951 -3.3404425 -3.439934 -3.5250412 -3.605582 -3.6804085 -3.7500526 -3.8181437 -3.863379 -3.901523 -3.9263959 -3.9539003 -3.9638494 -3.9750275 -3.9650784 -3.9610742 -3.9461505 -3.9368137 -3.9127587 -3.8864833 -3.8566358 -3.8259473 -3.7861507 -3.7424515 -3.6877312 -3.6333802 -3.5653071 -3.500422 -3.4307779 -3.3688491 -3.2959214 -3.2346446 -3.1898734 -3.1586291 -3.1376835 -3.1467337 -3.1781521 -3.2340621 -3.3037062 -3.4017162 -3.5166267 -3.6424697 -3.7761444 -3.903321 -4.0287775 -4.1245759 -4.2094501 -4.2624118 -4.294413 -4.294413 -4.2670946 -4.2199671 -4.1447741
-2.8212348 -2.94512 -3.059065 -3.1626837 -3.266122 -3.3729535 -3.4745482 -3.5630429 -3.6413197 -3.7144916 -3.778726 -3.839832 -3.8823121 -3.9071935 -3.9208402 -3.9344716 -3.9329912 -3.9336098 -3.9178442 -3.9018781 -3.8780771 -3.8602466 -3.8344825 -3.8032325 -3.7703242 -3.7364217 -3.6935135 -3.6511152 -3.5995573 -3.5427975 -3.4778719 -3.4109613 -3.3440814 -3.2732228 -3.201348 -3.1430998 -3.0983286 -3.0676682 -3.0513406 -3.0540391 -3.0836213 -3.1406139 -3.2117764 -3.3109704 -3.4275881 -3.5568655 -3.6930118 -3.8331501 -3.9650027 -4.0869758 -4.1812309 -4.2583022 -4.3102119 -4.3401698 -4.3378237 -4.3137279 -4.2633087
-2.8068994 -2.9327015 -3.0570659 -3.17242 -3.2813869 -3.3868733 -3.4913394 -3.5824995 -3.6583025 -3.7270664 -3.7867613 -3.8379181 -3.8727401 -3.8949312 -3.8999058 -3.8987175 -3.8887683 -3.8736913 -3.853793 -3.8302137 -3.8003662 -3.7705188 -3.7406713 -3.7074037 -3.6725816 -3.6357288 -3.5909576 -3.5462307 -3.4964849 -3.4454673 -3.3826306 -3.321858 -3.2571885 -3.1913913 -3.1233181 -3.0704503 -3.0256791 -2.9970365 -2.9865637 -2.9958258 -3.0220078 -3.0768639 -3.1514826 -3.2520846 -3.3725217 -3.5028438 -3.6389901 -3.7784558 -3.9198385 -4.0433621 -4.1637992 -4.246081 -4.3240374 -4.3646843 -4.3957245 -4.3852517 -4.3633291
-2.794481 -2.920283 -3.0446474 -3.1600015 -3.2645766 -3.366558 -3.4665025 -3.5576625 -3.6334656 -3.7000576 -3.7498033 -3.8006626 -3.8283567 -3.8432889 -3.8383143 -3.8347583 -3.81486 -3.7965329 -3.7617109 -3.7362434 -3.7014214 -3.671171 -3.634704 -3.5949074 -3.5551108 -3.5184324 -3.4786358 -3.4357209 -3.3959243 -3.3480492 -3.3009216 -3.2452443 -3.2004731 -3.1355081 -3.0828479 -3.0451037 -3.0194699 -2.9952725 -2.9989821 -3.0121534 -3.0468447 -3.1017009 -3.1763195 -3.2745477 -3.3911494 -3.5186249 -3.6514085 -3.7875548 -3.9260477 -4.0495714 -4.1700085 -4.2608202 -4.3426652 -4.4034655 -4.4416917 -4.4574009 -4.4427064
-2.7868643 -2.8989021 -3.0219255 -3.1345072 -3.2379293 -3.3327004 -3.4303181 -3.5166135 -3.5913188 -3.6561524 -3.7043595 -3.7455671 -3.77044 -3.778778 -3.7738034 -3.7607992 -3.7375185 -3.7113999 -3.6748359 -3.6370053 -3.5985976 -3.5623222 -3.5225255 -3.4827289 -3.4429323 -3.4058391 -3.3699333 -3.3340392 -3.3002314 -3.2638558 -3.2246535 -3.1885257 -3.1533422 -3.1077903 -3.0628112 -3.0618801 -3.044205 -3.0403368 -3.0501443 -3.0790248 -3.1176895 -3.1797636 -3.2547344 -3.3438234 -3.458272 -3.5741389 -3.7050488 -3.8267623 -3.9629086 -4.0757693 -4.1962064 -4.2870182 -4.3750995 -4.4358999 -4.4901181 -4.5121994 -4.5147418
-2.7839154 -2.8922789 -2.996745 -3.0986986 -3.1981901 -3.2929613 -3.3825037 -3.463628 -3.5346934 -3.5965437 -3.6413148 -3.6760794 -3.6910031 -3.6992997 -3.6943252 -3.6813209 -3.6514735 -3.6186753 -3.5788787 -3.5376575 -3.4928863 -3.449728 -3.4099313 -3.3701347 -3.3303381 -3.2932449 -3.2633974 -3.2346914 -3.2098185 -3.1843776 -3.1581956 -3.1355402 -3.1206165 -3.1077867 -3.1025503 -3.1016192 -3.1065938 -3.1198151 -3.1459971 -3.1849958 -3.2373598 -3.3056042 -3.3851974 -3.4762872 -3.5757787 -3.6860669 -3.8012676 -3.9167074 -4.0319081 -4.1384982 -4.2432261 -4.3333805 -4.4214618 -4.4822622 -4.5364804 -4.5678988 -4.5809736
-2.7778606 -2.877179 -2.9721272 -3.0736823 -3.1585954 -3.2386866 -3.3206803 -3.3972465 -3.4604416 -3.5222121 -3.5669833 -3.6015088 -3.6164325 -3.6230723 -3.61362 -3.6006158 -3.5707683 -3.5378107 -3.4980141 -3.4567132 -3.411942 -3.3686242 -3.3262652 -3.2842991 -3.2492344 -3.2148446 -3.1945628 -3.1725204 -3.1718158 -3.1558245 -3.1633736 -3.1529311 -3.1690549 -3.157341 -3.1769524 -3.2170293 -3.2543003 -3.2787715 -3.3248544 -3.3694262 -3.428805 -3.4913987 -3.5646127 -3.646643 -3.7368702 -3.8293233 -3.9314474 -4.0226963 -4.1250417 -4.2089891 -4.3053683 -4.3705958 -4.4525087 -4.5077818 -4.5615764 -4.5929948 -4.6096005
-2.7816626 -2.8608136 -2.9503559 -3.0346308 -3.1151412 -3.1830424 -3.2623559 -3.3291929 -3.3901816 -3.4440678 -3.4880975 -3.5226229 -3.5375466 -3.5466864 -3.5367373 -3.5219703 -3.4930169 -3.4585042 -3.4177627 -3.3764619 -3.3316907 -3.2869195 -3.2421483 -3.2079873 -3.1753602 -3.15 -3.1346949 -3.1252034 -3.13 -3.1431579 -3.1631044 -3.192089 -3.2191949 -3.2446454 -3.2813002 -3.3514619 -3.3986483 -3.4573149 -3.5114072 -3.5715254 -3.6343622 -3.6962288 -3.7658729 -3.8312422 -3.9150245 -3.984826 -4.0738448 -4.1413715 -4.2251539 -4.2894715 -4.3680174 -4.4192507 -4.4811017 -4.5271092 -4.5758653 -4.6059567 -4.6242083
-2.7868629 -2.8585042 -2.9231737 -2.9958281 -3.0621557 -3.1300569 -3.1997009 -3.262961 -3.3150756 -3.3645895 -3.4043861 -3.4373522 -3.4572506 -3.4672082 -3.457259 -3.4424921 -3.4176192 -3.3856492 -3.340878 -3.2969836 -3.2522124 -3.2085944 -3.1737724 -3.1417554 -3.1168825 -3.0970145 -3.0970145 -3.0987106 -3.1186089 -3.1431579 -3.1955219 -3.2450745 -3.309744 -3.3632473 -3.4365569 -3.5104184 -3.585037 -3.6560105 -3.7345565 -3.8034641 -3.8715373 -3.9337738 -3.9934687 -4.0536987 -4.111299 -4.1697643 -4.2221282 -4.2766379 -4.3245017 -4.3770307 -4.4276261 -4.4666716 -4.5075944 -4.5407583 -4.5758653 -4.6020473 -4.6175851
-2.791247 -2.8496186 -2.907012 -2.9726519 -3.0273903 -3.0782513 -3.1388142 -3.1981213 -3.247048 -3.2930498 -3.3292177 -3.3621838 -3.3820821 -3.3936965 -3.3874778 -3.3727108 -3.3478379 -3.3182998 -3.2773608 -3.2340938 -3.1932056 -3.1513412 -3.1183344 -3.0954996 -3.0865655 -3.0752096 -3.0953872 -3.1096966 -3.1581995 -3.1954662 -3.2763303 -3.3447915 -3.4352775 -3.5028098 -3.5926302 -3.6960813 -3.783859 -3.8622478 -3.9440266 -4.0173183 -4.0853915 -4.1367251 -4.1866507 -4.2268488 -4.2704041 -4.299851 -4.3391386 -4.3595668 -4.3969276 -4.4128018 -4.4534721 -4.4660368 -4.4995928 -4.5119422 -4.5423689 -4.5643367 -4.5839353
-2.8008313 -2.8445099 -2.8942557 -2.9426153 -2.9899922 -3.0323387 -3.087059 -3.1349646 -3.1823415 -3.2235774 -3.2583995 -3.2880986 -3.3079969 -3.3195652 -3.3146368 -3.3032385 -3.2783656 -3.2519376 -3.2124366 -3.1756485 -3.1362492 -3.0993594 -3.0695119 -3.057396 -3.0536229 -3.0648686 -3.0918487 -3.1336326 -3.1911673 -3.2624008 -3.3537422 -3.456533 -3.556047 -3.6590087 -3.768973 -3.8826415 -3.9771585 -4.0638533 -4.1476356 -4.216725 -4.2847982 -4.3259144 -4.365711 -4.3873696 -4.4135516 -4.4207749 -4.4364841 -4.436281 -4.4467538 -4.4470092 -4.457482 -4.4594403 -4.4695652 -4.4775813 -4.4885055 -4.5083914 -4.5260453
-2.8018031 -2.8407331 -2.8755551 -2.9194503 -2.9526141 -2.991285 -3.0360562 -3.0809861 -3.1188877 -3.15729 -3.1871374 -3.2152098 -3.2301336 -3.240087 -3.240087 -3.2303834 -3.2055105 -3.1790825 -3.1492351 -3.1160398 -3.0861923 -3.0529971 -3.0374118 -3.0309033 -3.045827 -3.0648686 -3.119589 -3.1733718 -3.2629141 -3.3485023 -3.4689394 -3.5823736 -3.7117126 -3.824833 -3.9557429 -4.0755031 -4.1799692 -4.2682693 -4.3415788 -4.4051006 -4.4522282 -4.484042 -4.4939912 -4.5051493 -4.4999129 -4.4941624 -4.4762232 -4.4599967 -4.4401306 -4.4238149 -4.4111197 -4.3969047 -4.390087 -4.390087 -4.3957809 -4.4062537 -4.4200743
-2.8084988 -2.8318475 -2.8616352 -2.8954869 -2.9265008 -2.9556012 -2.9935331 -3.0329159 -3.0683768 -3.1016728 -3.1286388 -3.1533634 -3.1682871 -3.1765837 -3.1736005 -3.1687827 -3.1499779 -3.125105 -3.0983424 -3.0730077 -3.0525673 -3.02708 -3.016428 -3.0312203 -3.0623311 -3.0961785 -3.1706284 -3.2409589 -3.3471968 -3.452397 -3.5927791 -3.7213542 -3.8595156 -3.9893751 -4.120285 -4.2337529 -4.3305915 -4.4136221 -4.4769891 -4.5187733 -4.551811 -4.5592597 -4.5590387 -4.5357822 -4.5177974 -4.4808884 -4.4532182 -4.4083208 -4.3788989 -4.3393227 -4.3176763 -4.2877485 -4.2721939 -4.2632813 -4.2656274 -4.2761002 -4.2898647
-2.8086041 -2.8300359 -2.8499342 -2.8748228 -2.9032489 -2.929632 -2.9594795 -2.9899607 -3.0231245 -3.0524518 -3.0773247 -3.0987823 -3.113706 -3.1229084 -3.1179339 -3.1106532 -3.0957295 -3.0795072 -3.0546343 -3.0354873 -3.0205636 -3.0114534 -3.016428 -3.0402783 -3.0800749 -3.13566 -3.2202278 -3.3171296 -3.4315449 -3.5562738 -3.7081293 -3.8564856 -4.0007483 -4.1405866 -4.2714965 -4.377718 -4.4672604 -4.5342607 -4.5866246 -4.6107253 -4.621198 -4.606445 -4.5865467 -4.5453724 -4.4982448 -4.4430691 -4.3907051 -4.3356238 -4.2832598 -4.2380138 -4.1961226 -4.1641065 -4.1333647 -4.12231 -4.1169838 -4.1274566 -4.1439385
-2.7953577 -2.8167895 -2.8366878 -2.8609736 -2.8799244 -2.9016849 -2.9265578 -2.9555512 -2.9839773 -3.01186 -3.0317583 -3.05242 -3.0673437 -3.0772971 -3.0772971 -3.0716142 -3.0616651 -3.0476898 -3.0327661 -3.017413 -3.017413 -3.0114534 -3.0362127 -3.075878 -3.1405475 -3.2036754 -3.3081415 -3.4118295 -3.5511177 -3.6825244 -3.8396163 -3.988156 -4.1274441 -4.2664272 -4.3883362 -4.4831622 -4.5428572 -4.5971275 -4.6076003 -4.6168242 -4.5880821 -4.5570161 -4.5004452 -4.4464274 -4.3724042 -4.3041616 -4.2317486 -4.1674087 -4.1044337 -4.0520698 -4.0040501 -3.9720341 -3.9412922 -3.9302376 -3.9251786 -3.9408878 -3.9607094
-2.779876 -2.7993909 -2.8192892 -2.8386331 -2.8592461 -2.8834965 -2.9083694 -2.9326924 -2.9591658 -2.9845774 -3.0053609 -3.0268185 -3.0417423 -3.0516957 -3.0524792 -3.0542419 -3.046839 -3.0353347 -3.0224565 -3.0224565 -3.0243495 -3.0436334 -3.0758014 -3.1297548 -3.1965415 -3.2919228 -3.4075908 -3.5211629 -3.660451 -3.8042128 -3.9606003 -4.1081632 -4.2433218 -4.3597324 -4.4734278 -4.5500825 -4.5987596 -4.6118521 -4.606896 -4.570259 -4.5206995 -4.4533132 -4.377045 -4.274507 -4.1904322 -4.1118862 -4.0275248 -3.9544739 -3.8864008 -3.8317219 -3.7870646 -3.7550486 -3.732611 -3.7215564 -3.7248018 -3.7421959 -3.7752601
-2.758235 -2.7803937 -2.800292 -2.8224082 -2.8460966 -2.8718008 -2.8966737 -2.9224506 -2.946139 -2.9709731 -2.995846 -3.0173036 -3.0322273 -3.0452913 -3.0502659 -3.0534824 -3.0485078 -3.0465421 -3.0465421 -3.0532355 -3.0681593 -3.0932567 -3.1430025 -3.2062006 -3.2907684 -3.3868766 -3.511241 -3.6380542 -3.7773423 -3.9161538 -4.0680093 -4.2012612 -4.3156765 -4.4216767 -4.5106954 -4.5532081 -4.5681319 -4.5516852 -4.5097941 -4.442244 -4.3636981 -4.269118 -4.1696265 -4.0656348 -3.9609068 -3.8674634 -3.7784446 -3.7083014 -3.6402282 -3.5973865 -3.5554953 -3.5369889 -3.5176572 -3.5203736 -3.5295927 -3.5610111 -3.6019205
-2.7396072 -2.7640009 -2.7878735 -2.8099897 -2.8381244 -2.8672249 -2.8966737 -2.9253955 -2.9585575 -2.9844231 -3.0142706 -3.0359313 -3.0544734 -3.0710581 -3.0810073 -3.0862866 -3.0912612 -3.0916632 -3.1016123 -3.1114507 -3.1412982 -3.1677676 -3.2276057 -3.3006904 -3.3952074 -3.4930585 -3.6223975 -3.7486726 -3.8780116 -4.0125572 -4.1382307 -4.2617848 -4.3364035 -4.4403044 -4.4902472 -4.4946673 -4.4563656 -4.4242173 -4.3297261 -4.2431739 -4.1215378 -4.0158676 -3.89642 -3.7877893 -3.6752818 -3.5846306 -3.4990289 -3.4419459 -3.3856494 -3.3577592 -3.3257535 -3.3283003 -3.3189616 -3.3465981 -3.3632817 -3.4104093 -3.4565745
-2.7093279 -2.7502746 -2.7763271 -2.8032793 -2.8334358 -2.8722364 -2.9040737 -2.9398594 -2.9753347 -3.0090847 -3.0405287 -3.0669609 -3.0869338 -3.1134677 -3.1268134 -3.1383685 -3.1468414 -3.1564812 -3.1700303 -3.1905092 -3.2259091 -3.2659303 -3.3305998 -3.4084422 -3.5049116 -3.6048354 -3.7281642 -3.8536007 -3.976777 -4.0946686 -4.2040278 -4.2952711 -4.3533306 -4.41537 -4.4474534 -4.382207 -4.3260614 -4.2380079 -4.1253082 -3.9916641 -3.8556585 -3.7168438 -3.5908388 -3.474852 -3.3599599 -3.2826497 -3.1988673 -3.1665143 -3.1193867 -3.1214236 -3.100478 -3.1277057 -3.1347879 -3.1814532 -3.2193214 -3.277359 -3.3392992
-2.6771498 -2.7237819 -2.7635785 -2.8021574 -2.840059 -2.8788596 -2.9186562 -2.959729 -3.0023682 -3.0422006 -3.0770227 -3.1100718 -3.1399193 -3.1664532 -3.1863515 -3.2046004 -3.2195241 -3.2359595 -3.2558578 -3.2832338 -3.328005 -3.3799562 -3.4496002 -3.5276595 -3.6271511 -3.7306759 -3.8450912 -3.9595717 -4.0739869 -4.18077 -4.2645524 -4.3283871 -4.3532599 -4.3582676 -4.3216129 -4.2563664 -4.1519003 -4.0260659 -3.868974 -3.706867 -3.5393023 -3.3856844 -3.2414217 -3.1171998 -3.0072355 -2.9324412 -2.8748408 -2.8530595 -2.8425867 -2.8587504 -2.8796959 -2.9202178 -2.962585 -3.0233854 -3.0868576 -3.1601672 -3.2399514
-2.6522421 -2.7078251 -2.7573027 -2.7959903 -2.8449887 -2.8983396 -2.9496223 -2.9929378 -3.0395666 -3.0847179 -3.1328311 -3.1659455 -3.2015351 -3.2380181 -3.2669806 -3.2884848 -3.3125744 -3.3321634 -3.3613292 -3.390253 -3.4397088 -3.4917469 -3.5640078 -3.6428341 -3.732753 -3.8322445 -3.9321483 -4.0361567 -4.1114679 -4.2050279 -4.2400795 -4.2850496 -4.2605358 -4.2650217 -4.1809622 -4.0451181 -3.8915552 -3.7482035 -3.5588354 -3.3807266 -3.1917914 -3.0409663 -2.8999475 -2.7908706 -2.6966186 -2.6499995 -2.6137566 -2.6320037 -2.6434998 -2.7044632 -2.7426497 -2.822846 -2.8764774 -2.9704417 -3.0427773 -3.1411658 -3.2259963
-2.626131 -2.6925805 -2.7473008 -2.8004964 -2.8527471 -2.9157981 -2.9709141 -3.0288235 -3.0772763 -3.1290075 -3.1803522 -3.2266828 -3.2664794 -3.3097351 -3.3404838 -3.3719372 -3.3987141 -3.4282523 -3.4601055 -3.4959699 -3.5457157 -3.6027284 -3.677347 -3.7533682 -3.8405997 -3.926087 -4.0195472 -4.1021277 -4.1666893 -4.2172948 -4.2362914 -4.2246944 -4.1836823 -4.1255534 -4.0103526 -3.8253963 -3.6566301 -3.4630626 -3.261254 -3.059713 -2.8607299 -2.7047598 -2.5654716 -2.478939 -2.3951566 -2.3852613 -2.3695521 -2.4233343 -2.4652255 -2.559485 -2.6327945 -2.7390009 -2.8242232 -2.9324335 -3.0299821 -3.1322434 -3.2366725
-2.6106886 -2.6801419 -2.7448114 -2.8044035 -2.8659935 -2.9290445 -2.993714 -3.0553162 -3.1169062 -3.1753698 -3.2350647 -3.288069 -3.3378148 -3.3825902 -3.4174122 -3.4514154 -3.4862375 -3.5209769 -3.5607735 -3.6019409 -3.6516867 -3.7086994 -3.783318 -3.8593392 -3.9389324 -4.0188117 -4.0934303 -4.1617364 -4.1965584 -4.223918 -4.2029724 -4.1650857 -4.0705687 -3.9697648 -3.7969638 -3.6068311 -3.3929243 -3.1782655 -2.9426276 -2.7284844 -2.524265 -2.368138 -2.2437736 -2.1649333 -2.1230421 -2.1309071 -2.1727982 -2.2456019 -2.3393849 -2.4527123 -2.5731858 -2.7008085 -2.8242232 -2.9513512 -3.0697212 -3.1796855 -3.289658
-2.6074132 -2.6785042 -2.7469145 -2.8118455 -2.8734355 -2.9364866 -3.0042951 -3.074599 -3.143399 -3.2043191 -3.2665514 -3.326098 -3.3808169 -3.4322279 -3.4719213 -3.5166925 -3.5599114 -3.5962885 -3.6360851 -3.6788902 -3.7309191 -3.791453 -3.8638394 -3.9362885 -4.0093373 -4.0699517 -4.1223071 -4.186519 -4.2067826 -4.2015195 -4.1570085 -4.0764552 -3.9571575 -3.8034387 -3.6056555 -3.3882658 -3.1571008 -2.9166857 -2.6714627 -2.4437598 -2.2542118 -2.1058119 -2.0037905 -1.9703536 -1.9560421 -1.9704578 -2.0579482 -2.1522033 -2.3018183 -2.4335029 -2.6010675 -2.7385208 -2.8996797 -3.0328688 -3.1733082 -3.2877001 -3.4064914
-2.606007 -2.6814661 -2.7511102 -2.8160412 -2.8776312 -2.9430424 -3.0126864 -3.0851897 -3.1564832 -3.2270462 -3.2923847 -3.3553466 -3.4150415 -3.4738504 -3.5193923 -3.5657695 -3.6113623 -3.6561334 -3.6968025 -3.7411118 -3.7958322 -3.8549127 -3.9245567 -3.9837356 -4.0453301 -4.099186 -4.1435526 -4.1724848 -4.1657246 -4.1380931 -4.0570013 -3.9492615 -3.8006285 -3.6312942 -3.4113656 -3.1650586 -2.9206443 -2.6823835 -2.4321294 -2.2270726 -2.0437987 -1.9373437 -1.8428268 -1.8336652 -1.844138 -1.9351931 -2.0294482 -2.1870353 -2.3388908 -2.5187058 -2.6862704 -2.8561802 -3.01789 -3.1648833 -3.3053227 -3.4232508 -3.532167
