P1_models/J1_p1_tot_conduct_slide_195.49.dat.tif
NCOLS 118
NROWS 92
XLLCORNER 139.62
YLLCORNER -39.07
DX 0.099491525
DY 0.099347826
NODATA_VALUE -9999
[rows 0 to 25 of 92, columns 58 to 115 of 118]
-2.7411449 -2.6692899 -2.5984203 -2.514638 -2.4173993 -2.3021986 -2.1820316 -2.0641071 -1.9482173 -1.8347568 -1.7473847 -1.6651888 -1.6219358 -1.5913175 -1.6078994 -1.6515164 -1.7399533 -1.859577 -2.0034094 -2.1795746 -2.3663873 -2.5534098 -2.7318904 -2.8961034 -3.0262288 -3.1146657 -3.0818687 -3.020659 -3.0239348 -3.0219621 -3.0164348 -2.9338002 -2.7907278 -2.7302845 -2.6795791 -2.5896345 -2.4959954 -2.3909362 -2.2943232 -2.2065366 -2.1831011 -2.1614684 -2.1687681 -2.2035282 -2.2854624 -2.3673966 -2.4493308 -2.4579353 -2.4743912 -2.497801 -2.5097701 -2.5156225 -2.457323 -2.4160191 -2.4159565 -2.4102708 -2.4044183 -9999
-2.7295552 -2.6514677 -2.5658021 -2.4686797 -2.3551249 -2.2305018 -2.0982374 -1.9765871 -1.86033 -1.7536589 -1.6710028 -1.6102126 -1.5763663 -1.5743324 -1.6045094 -1.6786101 -1.7869697 -1.9267061 -2.0967889 -2.2847173 -2.4812735 -2.6672879 -2.8275643 -2.9813539 -3.0936282 -3.1675781 -3.1178606 -3.0343139 -3.0343139 -3.0323412 -3.0231861 -2.9355515 -2.7892405 -2.7239489 -2.6556391 -2.5606369 -2.4473468 -2.3399571 -2.2430977 -2.1628122 -2.1534448 -2.1395374 -2.1548405 -2.2116152 -2.3008229 -2.3884251 -2.4744887 -2.47465 -2.4870624 -2.5081972 -2.5181274 -2.5239799 -2.4613665 -2.42 -2.42 -2.416336 -2.4104835 -9999
-2.7342185 -2.6457815 -2.5440041 -2.4340398 -2.3107595 -2.1798496 -2.0470621 -1.9144068 -1.8036493 -1.6997961 -1.6317229 -1.5785053 -1.5619234 -1.5760068 -1.6257526 -1.7212521 -1.8428529 -2.0097926 -2.1853754 -2.3806633 -2.5704752 -2.7473491 -2.9013483 -3.0359545 -3.1191512 -3.1854789 -3.126232 -3.0384307 -3.0384307 -3.0309433 -3.0143614 -2.9141725 -2.7678614 -2.6850661 -2.6123872 -2.4963842 -2.3812147 -2.2700183 -2.1897431 -2.1136613 -2.1094769 -2.1180582 -2.1590253 -2.2225746 -2.3220661 -2.4188624 -2.5066491 -2.4981625 -2.5005108 -2.5180681 -2.5279983 -2.5338508 -2.480673 -2.4351698 -2.4351698 -2.4309827 -2.4251303 -9999
-2.7387144 -2.6457815 -2.5414095 -2.4278306 -2.3106851 -2.1860588 -2.0495054 -1.9144068 -1.8084699 -1.7060053 -1.6379322 -1.5881024 -1.5929696 -1.6127577 -1.6754265 -1.7738822 -1.898736 -2.0631433 -2.2288401 -2.3836047 -2.5589315 -2.6860596 -2.8179558 -2.8993512 -2.9532304 -2.9929925 -3.0544849 -3.019803 -3.0168344 -3.0032072 -2.977106 -2.8125422 -2.5815842 -2.5070177 -2.4385285 -2.3390369 -2.2259837 -2.1817494 -2.1368342 -2.0701967 -2.0928454 -2.1121211 -2.2057602 -2.2722485 -2.4056411 -2.522321 -2.6184154 -2.5549374 -2.5501847 -2.567742 -2.5776723 -2.5835247 -2.6424922 -2.6152378 -2.6106939 -2.6048414 -2.598989 -9999
-2.75669 -2.6627258 -2.5590589 -2.4438582 -2.3250669 -2.2046298 -2.0733641 -1.9351814 -1.8349441 -1.7382226 -1.6764987 -1.6294091 -1.6380794 -1.6775521 -1.7454305 -1.8500303 -1.9771584 -2.1360237 -2.2955314 -2.4358941 -2.5806163 -2.7004414 -2.7937362 -2.8555392 -2.8842834 -2.9008653 -2.9502458 -3.0066746 -3.0008221 -2.980308 -2.9507337 -2.7782283 -2.4914586 -2.3825136 -2.3198618 -2.2093019 -2.1342421 -2.1101589 -2.0806249 -2.0221005 -2.0670302 -2.1086786 -2.2142588 -2.3259637 -2.4685268 -2.5831023 -2.6884463 -2.6196384 -2.5822092 -2.5979611 -2.6038136 -2.609666 -2.6686335 -2.7080409 -2.7021884 -2.6933944 -2.687542 -9999
-2.7877362 -2.693772 -2.5902813 -2.480317 -2.3623224 -2.2418853 -2.111967 -1.9786461 -1.883213 -1.7941058 -1.7417418 -1.70392 -1.7205019 -1.7644815 -1.8473911 -1.9555874 -2.0827155 -2.2342114 -2.3886699 -2.515798 -2.6427087 -2.7477275 -2.8309916 -2.8719587 -2.8958628 -2.9070745 -2.9526678 -3.0004653 -2.9892258 -2.9678895 -2.9291984 -2.7531275 -2.4605054 -2.3446838 -2.2639787 -2.1410774 -2.0524918 -2.0232296 -1.9975516 -1.9724266 -2.0317323 -2.1024693 -2.2253706 -2.3536187 -2.5057823 -2.6183147 -2.7132832 -2.6383141 -2.5921087 -2.5979611 -2.6038136 -2.609666 -2.6686335 -2.7080409 -2.7021884 -2.692672 -2.6813327 -9999
-2.7973422 -2.7096254 -2.6106074 -2.5080715 -2.3942178 -2.2863416 -2.1770989 -2.0487274 -1.9555891 -1.8821493 -1.8340501 -1.8105911 -1.8316879 -1.8835711 -1.9697928 -2.0825847 -2.2009795 -2.3487902 -2.4764485 -2.5978851 -2.694081 -2.7890839 -2.8452726 -2.8770538 -2.8975612 -2.9086158 -2.9533217 -2.9938722 -2.9789747 -2.950111 -2.8971196 -2.7100558 -2.4195883 -2.3029175 -2.1866553 -2.063754 -1.9709225 -1.947844 -1.9267024 -1.9368699 -2.0384656 -2.1177003 -2.2494308 -2.4015943 -2.5502871 -2.6609302 -2.7390424 -2.6470709 -2.5974687 -2.6033212 -2.6091736 -2.61 -2.6686335 -2.7080409 -2.7021884 -2.692672 -2.6712141 -9999
-2.8095934 -2.7266838 -2.6370399 -2.5375484 -2.4376049 -2.332877 -2.23305 -2.1225038 -2.0518663 -1.9850277 -1.9520936 -1.9341149 -1.9621499 -2.0164578 -2.1048947 -2.2122973 -2.3283708 -2.453512 -2.5770118 -2.6679599 -2.7887038 -2.8783299 -2.9392264 -2.9626362 -2.9760259 -2.9870805 -2.9016029 -2.9413858 -2.917976 -2.8808182 -2.8144905 -2.655674 -2.3689043 -2.2237815 -2.1076789 -1.9861725 -1.8970997 -1.8795424 -1.8929063 -1.9104636 -2.015198 -2.1202722 -2.2551645 -2.4050698 -2.5513808 -2.620318 -2.6963997 -2.6918914 -2.630356 -2.6362084 -2.6382473 -2.6382473 -2.634109 -2.6735164 -2.667664 -2.6492502 -2.6258404 -9999
-2.8109275 -2.7390725 -2.6525553 -2.5623853 -2.4664843 -2.3701324 -2.2866241 -2.1970147 -2.1452492 -2.0905847 -2.0801119 -2.0707181 -2.1094093 -2.1654795 -2.2539164 -2.363229 -2.4836017 -2.6041181 -2.7198243 -2.8027339 -2.9190978 -3.1457174 -3.2394563 -3.2793074 -3.2904858 -3.2975424 -2.950791 -2.7551086 -2.7316989 -2.6949444 -2.634144 -2.5050557 -2.3006026 -2.1524117 -2.0331681 -1.9161192 -1.8287981 -1.8057304 -1.8325001 -1.8794174 -1.9910038 -2.1016445 -2.1543164 -2.2804806 -2.3624148 -2.408681 -2.4542394 -2.7035493 -2.7421223 -2.7479747 -2.7500136 -2.7500136 -2.5741132 -2.5369132 -2.5254706 -2.5064377 -2.4830279 -9999
-2.7813712 -2.7135508 -2.650183 -2.5679795 -2.4933229 -2.4023832 -2.3467428 -2.2693605 -2.2442184 -2.2023116 -2.1986957 -2.2045194 -2.2518613 -2.3075251 -2.3923041 -2.4876996 -2.606203 -2.7232698 -2.8088947 -2.8708422 -2.9782998 -3.1923682 -3.3368943 -3.3700393 -3.3754243 -3.3795325 -3.0491035 -2.6757037 -2.6508242 -2.5948879 -2.5249638 -2.3948915 -2.2124175 -2.076932 -1.9563394 -1.8596863 -1.7727072 -1.7631954 -1.827348 -1.8898886 -2.0224327 -2.1358563 -2.1774274 -2.2413905 -2.3138675 -2.3446502 -2.3733314 -2.6211657 -2.7863623 -2.79 -2.79 -2.79 -2.609846 -2.4818281 -2.4701232 -2.4437623 -2.4191733 -9999
-2.7271801 -2.6663797 -2.6107727 -2.5531723 -2.4941449 -2.4260718 -2.3814415 -2.337223 -2.3238331 -2.3123302 -2.3123302 -2.3260307 -2.3813038 -2.4446315 -2.5220138 -2.6100252 -2.7095167 -2.7908727 -2.8644773 -2.9167071 -2.9979973 -3.2025076 -3.3311402 -3.3486976 -3.3433967 -3.3323421 -3.0079172 -2.654025 -2.6130579 -2.5497235 -2.4668139 -2.3275636 -2.1402854 -2.006762 -1.8818536 -1.7979522 -1.7439941 -1.7615514 -1.8363901 -1.9300292 -2.0689197 -2.1990421 -2.2325448 -2.2766923 -2.3352167 -2.3627113 -2.3802687 -2.6269121 -2.79 -2.79 -2.79 -2.79 -2.6082362 -2.4760818 -2.4643769 -2.4363719 -2.4012573 -9999
-2.6459081 -2.6042873 -2.5578632 -2.5159169 -2.4762692 -2.432281 -2.4084531 -2.3806877 -2.3899061 -2.3868505 -2.4025597 -2.4191693 -2.4744424 -2.5345648 -2.6027339 -2.6801162 -2.7653999 -2.8404952 -2.8955235 -2.9286873 -3.0027375 -3.1796113 -3.301875 -3.3052329 -3.2880976 -3.2640404 -2.967708 -2.6291881 -2.5751508 -2.4942961 -2.3860937 -2.2492269 -2.0657746 -1.9475129 -1.8321797 -1.7795077 -1.7315756 -1.7872374 -1.8874567 -1.9983308 -2.1372213 -2.2673437 -2.2673437 -2.3077385 -2.3508372 -2.3719887 -2.3864779 -2.6279211 -2.79 -2.79 -2.79 -2.79 -2.6082362 -2.4760818 -2.4595341 -2.4273207 -2.3888388 -9999
-2.5395358 -2.5038571 -2.4730874 -2.4460005 -2.4228114 -2.3996627 -2.4081814 -2.3971267 -2.4074469 -2.4321969 -2.4479061 -2.486384 -2.5413814 -2.5952985 -2.6568563 -2.7219505 -2.8173094 -2.8845034 -2.9265697 -2.9597335 -3.0154277 -3.1923015 -3.0835511 -3.0826087 -3.0599251 -3.031858 -2.7341415 -2.5704108 -2.5060339 -2.4186983 -2.3081522 -2.1876337 -2.006524 -1.8892045 -1.8019487 -1.7492767 -1.7601159 -1.8274097 -1.9344336 -2.0626892 -2.1893205 -2.3194429 -2.3194429 -2.3806174 -2.4188821 -2.436255 -2.4479599 -2.5628396 -2.7219497 -2.7219497 -2.7219497 -2.7190432 -2.7378558 -2.6037422 -2.5819767 -2.5410096 -2.4779869 -9999
-2.4204092 -2.3983 -2.3829352 -2.3776988 -2.3666708 -2.356198 -2.3710082 -2.3909175 -2.4204113 -2.4519242 -2.488579 -2.5282091 -2.5724275 -2.6188471 -2.6630655 -2.7515918 -2.8731926 -2.924452 -2.9576159 -2.9807032 -2.9967293 -2.8088008 -2.692369 -2.6865166 -2.6689944 -2.6468852 -2.554846 -2.4834815 -2.4077326 -2.3193505 -2.2088043 -2.0882859 -1.9595322 -1.8661759 -1.7895303 -1.7806715 -1.8013586 -1.8832928 -1.9963847 -2.1309909 -2.2488481 -2.3567413 -2.4386755 -2.5013862 -2.5306484 -2.5480213 -2.5597262 -2.5661174 -2.5915557 -2.5915557 -2.5882924 -2.58244 -2.7638697 -2.8464764 -2.8055093 -2.7396323 -2.6518456 -9999
-2.3068207 -2.2984019 -2.2988098 -2.3037382 -2.3164546 -2.3183923 -2.3546479 -2.3836066 -2.4377779 -2.4735782 -2.5150667 -2.5535963 -2.5978148 -2.6396086 -2.6805927 -2.7630833 -2.878145 -2.9268177 -2.9487433 -2.9542706 -2.9348831 -2.7514978 -2.6304698 -2.6178956 -2.5933626 -2.5674966 -2.4873648 -2.4127613 -2.3328891 -2.2409249 -2.1377514 -2.0364652 -1.922433 -1.8785178 -1.8136827 -1.8462217 -1.8685597 -1.964057 -2.0765695 -2.2049515 -2.2978323 -2.4051462 -2.4666579 -2.528268 -2.549991 -2.5596221 -2.5696311 -2.5760222 -2.58 -2.58 -2.5761864 -2.570334 -2.7461048 -2.8606272 -2.8161895 -2.747386 -2.6615943 -9999
-2.1901087 -2.1901087 -2.2054402 -2.2211494 -2.2504129 -2.2713585 -2.3226234 -2.3723692 -2.4334369 -2.4874264 -2.5304852 -2.5715831 -2.6151789 -2.6549799 -2.6936711 -2.7681354 -2.8731542 -2.9101646 -2.9259283 -2.925661 -2.8965979 -2.7168276 -2.5931781 -2.5756208 -2.5414106 -2.5082467 -2.4267307 -2.3383365 -2.2505498 -2.1724146 -2.0730435 -1.9926994 -1.8990603 -1.8747474 -1.8500285 -1.8960528 -1.9537198 -2.0590638 -2.1636052 -2.2806541 -2.3578957 -2.4423977 -2.4980433 -2.5407602 -2.5582141 -2.5639631 -2.5698156 -2.5760222 -2.58 -2.58 -2.5761864 -2.570334 -2.7419149 -2.8503415 -2.803522 -2.7387039 -2.6567697 -9999
-2.0780017 -2.0890563 -2.1094674 -2.1408858 -2.1789236 -2.2249962 -2.2854464 -2.3524996 -2.4236202 -2.4874264 -2.534554 -2.5782063 -2.6168975 -2.654548 -2.6877119 -2.7570526 -2.8466615 -2.8742223 -2.879566 -2.8685114 -2.830366 -2.6645468 -2.5458998 -2.5107851 -2.4698152 -2.4221453 -2.3406293 -2.252235 -2.1693006 -2.0929364 -2.0266087 -1.9626613 -1.9123067 -1.9065068 -1.9096372 -1.9798665 -2.0530676 -2.1584116 -2.2565871 -2.3535092 -2.409733 -2.4688905 -2.51571 -2.5531324 -2.5648373 -2.5686159 -2.5698156 -2.5760222 -2.58 -2.58 -2.5761864 -2.570334 -2.7341737 -2.8376702 -2.7967031 -2.733752 -2.6567697 -9999
-2.0102675 -2.0213221 -2.0445013 -2.0824514 -2.1279331 -2.1825379 -2.2640668 -2.3377896 -2.4101554 -2.4874264 -2.5384469 -2.5992371 -2.6397373 -2.6791064 -2.7094066 -2.7753153 -2.8049781 -2.8105054 -2.801114 -2.7885588 -2.7330268 -2.6076327 -2.5643298 -2.5109201 -2.4657979 -2.3949542 -2.3079015 -2.2002443 -2.12405 -2.0665043 -2.0194701 -1.9774163 -1.9271841 -1.9289217 -1.9662989 -2.0365282 -2.1180337 -2.247169 -2.3657583 -2.4420039 -2.4740745 -2.5235436 -2.5901251 -2.6773086 -2.6859911 -2.6878804 -2.6878804 -2.6054924 -2.6094701 -2.6094701 -2.6056565 -2.5952264 -2.5475297 -2.6496421 -2.6168448 -2.5604589 -2.5198023 -9999
-1.9588681 -1.9699227 -2.0004583 -2.0423495 -2.0950123 -2.1526126 -2.2341415 -2.3225785 -2.4067926 -2.4865391 -2.5543165 -2.6153558 -2.6595743 -2.6942769 -2.7219134 -2.73227 -2.7377974 -2.729723 -2.7148771 -2.6830017 -2.6520177 -2.6298881 -2.5877061 -2.5116244 -2.4380159 -2.3606336 -2.2620864 -2.1553361 -2.1026641 -2.0799557 -2.0578465 -2.0202763 -1.9617519 -1.9881553 -2.0274377 -2.0957741 -2.1941939 -2.3522098 -2.4474947 -2.517724 -2.5472183 -2.583862 -2.717333 -2.8022582 -2.8081107 -2.81 -2.81 -2.7065009 -2.6388791 -2.6388791 -2.631252 -2.6195471 -2.5309289 -2.4610426 -2.4376328 -2.4139218 -2.3846596 -9999
-1.9329157 -1.9388765 -1.971409 -2.0175125 -2.0701753 -2.1277757 -2.2093046 -2.2977415 -2.3861784 -2.4679114 -2.5307481 -2.5902697 -2.6289609 -2.6606232 -2.6784487 -2.6817303 -2.675705 -2.6620384 -2.634157 -2.5844113 -2.5464607 -2.5022422 -2.4584893 -2.3874396 -2.3218101 -2.2550765 -2.1825294 -2.0932437 -2.0691034 -2.0752031 -2.1013111 -2.0720788 -2.0300535 -2.0670066 -2.114367 -2.1728915 -2.2687047 -2.4165967 -2.4948071 -2.5425609 -2.5643065 -2.5962805 -2.7191818 -2.8022582 -2.8081107 -2.81 -2.81 -2.7015996 -2.6326698 -2.6326698 -2.6250427 -2.6133378 -2.5247196 -2.4548333 -2.4365653 -2.419008 -2.3970781 -9999
-1.9328546 -1.9370788 -1.9651386 -2.0103726 -2.0630354 -2.1182694 -2.1950858 -2.2835227 -2.3719597 -2.4492837 -2.5121204 -2.5654328 -2.6032504 -2.6260376 -2.6396368 -2.6347262 -2.6160336 -2.5883971 -2.5498975 -2.5001518 -2.4409036 -2.3965026 -2.3433097 -2.275563 -2.2117829 -2.1709137 -2.1052876 -2.0660767 -2.0602243 -2.0946393 -2.1295516 -2.1371139 -2.1016653 -2.142387 -2.1906782 -2.2492026 -2.3252993 -2.4677967 -2.5392025 -2.5653889 -2.5749859 -2.6016201 -2.7245214 -2.8022582 -2.8064606 -2.8064606 -2.8064606 -2.6980602 -2.6264606 -2.6249601 -2.6152941 -2.6035892 -2.514971 -2.4470438 -2.4321884 -2.419008 -2.4106182 -9999
-1.9494973 -1.9494973 -1.9746907 -2.0165818 -2.0659054 -2.1182694 -2.1943362 -2.2773135 -2.3555658 -2.4300822 -2.4876825 -2.5383584 -2.565995 -2.5844355 -2.5899628 -2.5753685 -2.547732 -2.5072478 -2.4629682 -2.397211 -2.3344821 -2.2847363 -2.2315434 -2.173019 -2.1371398 -2.1150306 -2.0860753 -2.0609274 -2.1018945 -2.1501533 -2.216481 -2.2240433 -2.1830762 -2.2143349 -2.2589798 -2.3001776 -2.3700892 -2.4988429 -2.56025 -2.5778074 -2.5844926 -2.6016201 -2.7245214 -2.8002514 -2.8002514 -2.8002514 -2.8002514 -2.6918509 -2.618394 -2.6125416 -2.6028756 -2.5911707 -2.5025525 -2.4380409 -2.4321884 -2.4292459 -2.4292459 -9999
-1.9922492 -1.9881304 -2.0037192 -2.0358984 -2.0849707 -2.1373346 -2.2048232 -2.2836008 -2.3504794 -2.4177707 -2.4439527 -2.4896247 -2.5072912 -2.517955 -2.5116911 -2.5033013 -2.4814163 -2.4375112 -2.3766496 -2.3103219 -2.2384151 -2.1467553 -2.1073511 -2.0731684 -2.0584545 -2.0492176 -2.085131 -2.0817522 -2.1382674 -2.2148134 -2.2899058 -2.3263166 -2.3136967 -2.3395638 -2.3814443 -2.4048541 -2.4730271 -2.6344759 -2.7096902 -2.7244767 -2.7261667 -2.7132114 -2.5402243 -2.6157029 -2.6157029 -2.6117398 -2.6093478 -2.5852588 -2.5162102 -2.5060415 -2.4981502 -2.4889868 -2.4179587 -2.3554249 -2.3537391 -2.3574031 -2.3600942 -9999
-2.0462406 -2.0401575 -2.0479257 -2.0741077 -2.1126582 -2.1650221 -2.2241344 -2.2959894 -2.3541243 -2.4116503 -2.4319314 -2.4529937 -2.4667315 -2.4663407 -2.4545512 -2.4372252 -2.4206433 -2.3677902 -2.3069898 -2.243393 -2.1759495 -2.0886905 -2.0339217 -2.012982 -2.0261176 -2.0316449 -2.0849793 -2.1312876 -2.2073693 -2.2894995 -2.3668818 -2.3915398 -2.4032447 -2.4264229 -2.4643096 -2.482484 -2.5547572 -2.7298066 -2.7971685 -2.8088734 -2.8072079 -2.7906077 -2.6150344 -2.5072079 -2.5054023 -2.4948684 -2.489016 -2.4647425 -2.4446142 -2.4329093 -2.4278101 -2.4219576 -2.3568477 -2.3072079 -2.3084153 -2.3164561 -2.3223086 -9999
-2.1145423 -2.1034876 -2.1093668 -2.125076 -2.1607352 -2.2026264 -2.2568989 -2.3146171 -2.3650973 -2.4116503 -2.4221231 -2.434366 -2.4398933 -2.4352945 -2.4131853 -2.3930734 -2.3709694 -2.3181162 -2.2573159 -2.1965155 -2.1324848 -2.0606298 -2.015294 -2.0211465 -2.0444669 -2.0813188 -2.1448687 -2.2120077 -2.2985647 -2.3826381 -2.4600204 -2.4821988 -2.4591279 -2.4749247 -2.4953557 -2.5070606 -2.5725042 -2.7422251 -2.8080027 -2.8088734 -2.8050047 -2.7843984 -2.6088252 -2.4984795 -2.4867746 -2.4750697 -2.464179 -2.4399056 -2.4197772 -2.4080723 -2.4039946 -2.4033299 -2.3443624 -2.3029196 -2.3146245 -2.3226654 -2.3285178 -9999
-2.1753969 -2.1613681 -2.1631309 -2.1767472 -2.1996375 -2.2366685 -2.2803656 -2.3337956 -2.3680932 -2.41 -2.4117019 -2.4195788 -2.4212656 -2.4122449 -2.3873497 -2.3652405 -2.3431312 -2.2892847 -2.234001 -2.1989476 -2.139263 -2.0796923 -2.0475435 -2.0650459 -2.1122626 -2.1581037 -2.2354766 -2.3091273 -2.395467 -2.4659132 -2.527106 -2.5300521 -2.4946111 -2.5001173 -2.5156318 -2.5172644 -2.5797121 -2.7494329 -2.8116264 -2.81 -2.7950141 -2.7724253 -2.5921947 -2.4798518 -2.4615043 -2.4380946 -2.4238947 -2.3942262 -2.3740979 -2.3687364 -2.3801771 -2.3843682 -2.3413665 -2.3039182 -2.3186453 -2.3288746 -2.334727 -9999
