P1_models/J1_p1_vp_slide_diff_60.dat.tif
NCOLS 118
NROWS 92
XLLCORNER 139.62
YLLCORNER -39.07
DX 0.099491525
DY 0.099347826
NODATA_VALUE -9999
[rows 0 to 26 of 92, columns 0 to 59 of 118]
-9999 -9999 -9999 -9999 -9999 -9999 -9999 -9999 -9999 -9999 -9999 -9999 -9999 -9999 -9999 -9999 -9999 -9999 -9999 -9999 -9999 -9999 -9999 -9999 -9999 -9999 -9999 -9999 -9999 -9999 -9999 -9999 -9999 -9999 -9999 -9999 -9999 -9999 -9999 -9999 -9999 -9999 -9999 -9999 -9999 -9999 -9999 -9999 -9999 -9999 -9999 -9999 -9999 -9999 -9999 -9999 -9999 -9999 -9999 -9999
-9999 7.9974278 7.9952259 7.9930241 7.9908222 7.9886203 7.9858224 7.9864837 7.9928149 7.999416 8.006017 8.012618 8.019219 8.0254138 8.0295184 8.0321594 8.0348004 8.0374414 8.0400824 8.043276 8.0477447 8.0522134 8.056682 8.0611507 8.0646658 8.061872 8.056357 8.0485455 8.0407341 8.0329227 8.0251112 8.021609 8.0264136 8.0312182 8.0360228 8.0408274 8.0473376 8.0579405 8.062905 8.0643718 8.0658386 8.0673054 8.0687722 8.0672432 8.0645619 8.0622003 8.0598387 8.057477 8.0551154 8.0524435 8.0528865 8.0533296 8.0537727 8.0542158 8.0549099 8.0558077 8.0557654 8.0557231 8.0556808 8.0556385
-9999 7.9870712 7.9848693 7.9826675 7.9804656 7.9772041 7.973279 7.9739402 7.9798949 7.9860522 7.9926532 7.9992543 8.0058553 8.01205 8.0174312 8.0222159 8.0248569 8.0274979 8.0301389 8.0333326 8.0378012 8.0422699 8.0467386 8.0485498 8.0461533 8.0433595 8.0395006 8.0348844 8.027073 8.0192615 8.0114501 8.0079479 8.0127525 8.0175571 8.0223617 8.0303401 8.0416017 8.0522046 8.0618653 8.0685224 8.0699892 8.0714561 8.0729229 8.0713939 8.0677113 8.0647846 8.0624229 8.0600613 8.0576997 8.0548833 8.0519883 8.0520251 8.0524682 8.0529113 8.0536054 8.055169 8.0563317 8.0562894 8.0562471 8.0562048
-9999 7.9767146 7.9745127 7.9723109 7.9685858 7.9646607 7.9607355 7.9613967 7.9673514 7.973306 7.9792895 7.9858905 7.9924916 7.9986863 8.0040675 8.0094486 8.0148298 8.0175544 8.0201954 8.0233891 8.0278578 8.0323264 8.0324338 8.0300373 8.0276409 8.0248471 8.0209882 8.0171293 8.0132703 8.0056004 7.9977889 7.9942867 7.9990913 8.0038959 8.0133426 8.0246042 8.0358658 8.0464687 8.0561294 8.06579 8.0741399 8.0756067 8.0770735 8.0755446 8.071862 8.0681794 8.0650072 8.0626456 8.060284 8.0574676 8.0545726 8.0516775 8.0511636 8.0516067 8.0523008 8.0538644 8.055428 8.0568557 8.0568134 8.0567711
-9999 7.966358 7.9638927 7.9599675 7.9560423 7.9521172 7.948192 7.9488533 7.9548079 7.9607626 7.9667172 7.9726719 7.9791278 7.9853226 7.9907037 7.9960849 8.0014661 8.0068472 8.010252 8.0134456 8.0179143 8.0163177 8.0139213 8.0115249 8.0091285 8.0063347 8.0024757 7.9986168 7.9947579 7.990899 7.9841278 7.9806256 7.9854302 7.9963451 8.0076067 8.0188683 8.0301299 8.0407329 8.0503935 8.0600541 8.0697147 8.0793754 8.0812242 8.0796953 8.0760127 8.0723301 8.0686475 8.0652299 8.0628683 8.0600519 8.0571568 8.0542618 8.0513668 8.0503021 8.0509963 8.0525599 8.0541235 8.0556871 8.0572507 8.0573374
-9999 7.9552744 7.9513492 7.947424 7.9434989 7.9395737 7.9356485 7.9363098 7.9422644 7.9482191 7.9541737 7.9601284 7.966083 7.9719588 7.97734 7.9827212 7.9881023 7.9934835 7.9988647 8.0025981 8.0002017 7.9978053 7.9954089 7.9930125 7.9906161 7.9878222 7.9839633 7.9801044 7.9762455 7.9723866 7.9685276 7.968086 7.9793476 7.9906092 8.0018708 8.0131324 8.024394 8.034997 8.0446576 8.0543182 8.0639788 8.0736395 8.0833001 8.0838459 8.0801633 8.0764808 8.0727982 8.0691156 8.0654526 8.0626362 8.0597411 8.0568461 8.0539511 8.0510561 8.0496917 8.0512553 8.0528189 8.0543825 8.0559462 8.0575098
-9999 7.9513459 7.9474208 7.9434956 7.9395704 7.9356452 7.9320812 7.9330743 7.939029 7.9449836 7.9509383 7.9568929 7.9624768 7.9666941 7.9697737 7.9751548 7.980536 7.9859172 7.9912983 7.9943277 7.9919313 7.9895348 7.9871384 7.984742 7.9819176 7.9803488 7.9826409 7.978782 7.9749231 7.9710642 7.9672053 7.968511 7.9797726 7.9910342 8.0022958 8.0135574 8.0234502 8.0324205 8.0420811 8.0517417 8.0614024 8.071063 8.0808875 8.0879496 8.0882978 8.0846153 8.0809327 8.0772501 8.0735675 8.0705564 8.0676614 8.0647664 8.0618714 8.0594242 8.0589123 8.0604759 8.0620395 8.0636032 8.0651668 8.0613303
-9999 7.9487824 7.9448572 7.940932 7.9370068 7.9336261 7.9303204 7.9313135 7.9372682 7.9432228 7.9491775 7.9545184 7.9596523 7.9638697 7.9662515 7.9686333 7.9738882 7.9792693 7.9846505 7.9876798 7.9852834 7.982887 7.9804906 7.9773503 7.9738039 7.9722351 7.9759667 7.9796983 7.9763241 7.9724652 7.9686063 7.969912 7.9811736 7.9924352 8.0036968 8.0128864 8.0213742 8.0303445 8.0400052 8.0496658 8.0593264 8.0692099 8.0791244 8.0861865 8.0911981 8.0933809 8.0896983 8.0860157 8.0823332 8.0793221 8.0764271 8.073532 8.0714234 8.0703123 8.0698004 8.071364 8.0729276 8.0744913 8.0690084 8.0618966
-9999 7.9462188 7.9422936 7.9384768 7.935171 7.9318653 7.9285596 7.9295528 7.9355074 7.9414261 7.94656 7.951694 7.9568279 7.9610452 7.9634271 7.9658089 7.9681907 7.9726215 7.9780026 7.981032 7.9786356 7.9762391 7.9727829 7.9692365 7.9656901 7.9641213 7.9678529 7.9715845 7.9753161 7.9738662 7.9700073 7.971313 7.9825746 7.9938348 8.0023226 8.0108105 8.0192983 8.0282686 8.0379292 8.0476178 8.0575323 8.0674468 8.0773613 8.0844234 8.089435 8.0944466 8.098464 8.0947814 8.0910988 8.0880877 8.0851927 8.0834226 8.0823115 8.0812004 8.0806885 8.0822521 8.0837985 8.0766866 8.0695747 8.0624629
-9999 7.9436552 7.9400217 7.936716 7.9334103 7.9301045 7.9267988 7.927792 7.9334677 7.9386017 7.9437356 7.9488695 7.9540034 7.9582208 7.9606026 7.9629844 7.9653663 7.9677481 7.9713548 7.9743841 7.9717619 7.9682155 7.9646691 7.9611227 7.9575764 7.9560076 7.9597392 7.9634708 7.9672024 7.970934 7.9714083 7.9727141 7.9832711 7.9917589 8.0002467 8.0087345 8.0172223 8.0261926 8.0359402 8.0458547 8.0557692 8.0656837 8.0755982 8.0826603 8.0876719 8.0926835 8.097695 8.1027066 8.0998645 8.0968534 8.0954218 8.0943107 8.0931996 8.0920885 8.0915766 8.0914766 8.0843647 8.0772529 8.070141 8.0630291
-9999 7.9425352 7.9392294 7.9359237 7.932618 7.9293123 7.9260065 7.926965 7.9320989 7.9372328 7.9423667 7.9475007 7.9526346 7.9562119 7.9585938 7.9609756 7.9633574 7.9657392 7.9681211 7.9687103 7.9651639 7.9616175 7.9580712 7.9545248 7.9509784 7.9496281 7.9533597 7.9570913 7.9608229 7.9645545 7.9682861 7.9736423 7.9821301 7.9906179 7.9991057 8.0075935 8.0160813 8.0249759 8.0348904 8.0448049 8.0547194 8.0646339 8.0745484 8.0817733 8.0867849 8.0917965 8.0968081 8.1018196 8.1068312 8.1066224 8.1055112 8.1044001 8.103289 8.1021779 8.0991074 8.0919955 8.0848837 8.0777718 8.0706599 8.0635481
-9999 7.9480902 7.9447844 7.9414787 7.938173 7.9348672 7.933419 7.9351355 7.9402694 7.9454033 7.9505373 7.9556712 7.9594805 7.9618431 7.9621007 7.9643118 7.9666936 7.9690755 7.9714573 7.9720465 7.9685001 7.9649538 7.9614074 7.957861 7.9543636 7.9531924 7.9581956 7.9620775 7.9658091 7.9695407 7.9732723 7.9786285 7.9871163 7.9956041 8.0040919 8.0125797 8.0201788 8.0286008 8.0385153 8.0484298 8.0583443 8.0682588 8.077824 8.0855536 8.0916399 8.0966515 8.1016631 8.1066747 8.1116862 8.1114774 8.1103663 8.1092551 8.108144 8.1048663 8.099316 8.0922042 8.0850923 8.0779804 8.0708686 8.0596242
-9999 7.9536452 7.9503394 7.9470337 7.9440788 7.9428342 7.9415896 7.943306 7.9484399 7.9535739 7.9586406 7.9620543 7.965468 7.9678306 7.9680883 7.968346 7.9700299 7.9724117 7.9747935 7.9753827 7.9718364 7.96829 7.9647436 7.9612639 7.957789 7.9566178 7.9616211 7.9666243 7.9707953 7.9745269 7.9782585 7.9836147 7.9921025 8.0005903 8.0090463 8.0164251 8.0238038 8.0322258 8.0421403 8.0520548 8.0619123 8.0714583 8.0810044 8.088734 8.0951578 8.1015065 8.1065181 8.1115297 8.1165412 8.1163324 8.1152213 8.1141101 8.1101744 8.105075 8.0995247 8.0924128 8.0853009 8.0778295 8.0661993 8.0545691
-9999 7.9592001 7.9558944 7.953494 7.9522493 7.9510047 7.9497601 7.9514765 7.9566105 7.9612145 7.9646282 7.9680419 7.9714556 7.9738182 7.9740759 7.9743336 7.9745912 7.9757479 7.9781297 7.978719 7.9751726 7.9716392 7.9681643 7.9646894 7.9612145 7.9600433 7.9650465 7.9700497 7.975053 7.9795132 7.9832448 7.9886009 7.9970887 8.0052925 8.0126713 8.02005 8.0274287 8.0358507 8.0457652 8.0555466 8.0650926 8.0746387 8.0841847 8.0919144 8.0983382 8.104762 8.1111859 8.1163847 8.1213962 8.1211874 8.1200763 8.1154825 8.1103831 8.1052836 8.0997333 8.0926214 8.0844045 8.0727743 8.0611441 8.0495139
-9999 7.9647551 7.9629091 7.9616645 7.9604199 7.9591752 7.9579306 7.9596471 7.9637884 7.9672021 7.9706158 7.9740295 7.9774432 7.9798058 7.9800634 7.9803211 7.9805788 7.9808365 7.981466 7.9820552 7.9785395 7.9750646 7.9715897 7.9681148 7.9646399 7.9634687 7.9684719 7.9734752 7.9784784 7.9834817 7.988231 7.9935872 8.0015388 8.0089175 8.0162962 8.023675 8.0310537 8.0394757 8.0491809 8.058727 8.068273 8.0778191 8.0873651 8.0950947 8.1015186 8.1079424 8.1143662 8.1207901 8.1262512 8.1258901 8.1207906 8.1156912 8.1105917 8.1054922 8.0999419 8.0909796 8.0793494 8.0677192 8.056089 8.0444588
-9999 7.9723229 7.9710783 7.9698336 7.968589 7.9673444 7.9660998 7.9670689 7.9704826 7.9738963 7.97731 7.9807237 7.9841374 7.9865179 7.9867782 7.9870359 7.9872936 7.9875513 7.987809 7.986938 7.9834631 7.9799882 7.9765133 7.9730384 7.9695634 7.9666206 7.9709281 7.9759313 7.9809346 7.9859378 7.9909411 7.9967557 8.0041344 8.0115132 8.0188919 8.0262706 8.0336494 8.0394288 8.0489748 8.0585209 8.0680669 8.0776129 8.087159 8.0943378 8.1007616 8.1071855 8.1136093 8.1200331 8.126457 8.1225505 8.1174511 8.1123516 8.1072521 8.1021526 8.0975137 8.0870337 8.0754035 8.0637733 8.0521431 8.0405129
-9999 7.9804889 7.9792442 7.9779996 7.976755 7.9757199 7.9758704 7.9769491 7.9790991 7.9822327 7.9856464 7.9890601 7.9924738 7.9948542 7.9951654 7.9954405 7.9956982 7.9959559 7.9962136 7.9953426 7.9918677 7.9883928 7.9849179 7.981443 7.9780202 7.9750967 7.9735007 7.9761353 7.9811386 7.9861418 7.9911451 7.9969597 8.0043384 8.0117171 8.0190959 8.0266036 8.0370496 8.0430775 8.0427849 8.0504458 8.0599918 8.0695379 8.0790839 8.085934 8.0908558 8.0972796 8.1037035 8.1101273 8.1165511 8.1119468 8.1058667 8.1007672 8.0956677 8.0905683 8.0859293 8.0828858 8.0740353 8.0624051 8.0507749 8.0391447
-9999 7.9886548 7.9874102 7.9861656 7.9855434 7.985694 7.9858445 7.9869232 7.9890732 7.9912232 7.9939827 7.9973964 8.0008101 8.0031905 8.0035018 8.003813 8.0041028 8.0043605 8.0046182 8.0037472 8.0002723 7.9967974 7.993334 7.9899151 7.9864962 7.9835727 7.9819768 7.9803809 7.9813425 7.9863458 7.991349 7.9971637 8.0045424 8.0119211 8.0202064 8.0306524 8.0410983 8.0471263 8.0468336 8.046541 8.0519168 8.0614628 8.0710088 8.077859 8.0827711 8.0876831 8.0937976 8.1002215 8.1066453 8.102041 8.0955307 8.0891828 8.0840833 8.0789839 8.074345 8.0713014 8.0682579 8.0610368 8.0494066 8.0377764
-9999 7.9968208 7.9955762 7.995367 7.9955175 7.9956681 7.9958186 7.9968973 7.9990473 8.0011973 8.0033473 8.0057327 8.0091464 8.0115269 8.0118381 8.0121494 8.0124606 8.0127651 8.0130228 8.0121518 8.0086769 8.0052289 8.00181 7.9983912 7.9949723 7.9920488 7.9904529 7.988857 7.987261 7.9865498 7.991553 7.9973676 8.0047464 8.0138093 8.0242552 8.0347011 8.0451471 8.051175 8.0508823 8.0505897 8.0502971 8.0533877 8.0629338 8.0697839 8.074696 8.0796081 8.0845202 8.0903157 8.0967395 8.0921352 8.0856249 8.0791146 8.0726043 8.0673995 8.0627606 8.059717 8.0566735 8.0536299 8.0480384 8.0364081
-9999 8.00504 8.0051905 8.0053411 8.0054916 8.0056422 8.0057927 8.0068714 8.0090214 8.0111714 8.0133214 8.0154714 8.0176214 8.0198632 8.0201745 8.0204857 8.0207969 8.0211082 8.0214194 8.0205564 8.0171238 8.0137049 8.0102861 8.0068672 8.0034484 8.0005248 7.9989289 7.997333 7.9957371 7.9941412 7.9925453 7.9975716 8.0074121 8.017858 8.0283039 8.0387499 8.0491958 8.0552237 8.0549311 8.0546384 8.0543458 8.0540532 8.0548587 8.0617088 8.0666209 8.071533 8.0764451 8.0813572 8.0868337 8.0822293 8.075719 8.0692087 8.0626984 8.0561881 8.0511762 8.0481327 8.0450891 8.0420456 8.039002 8.0350399
-9999 8.0114853 8.0116358 8.0117864 8.0119369 8.0120875 8.0128173 8.0154253 8.0175753 8.0197253 8.0218753 8.0240253 8.0261922 8.0279333 8.0282998 8.0286111 8.0289223 8.0292335 8.0295448 8.0287281 8.0253092 8.0218904 8.0184715 8.0150527 8.0116338 8.0068768 8.0065088 8.0049129 8.003317 8.001721 8.0001251 8.0026423 8.0130883 8.0235342 8.0339801 8.0444261 8.0542022 8.0570997 8.056807 8.0565144 8.0562217 8.0559291 8.0555124 8.0560549 8.060592 8.0655041 8.0704162 8.0753283 8.0802404 8.0754133 8.068903 8.0623927 8.0558824 8.0493721 8.0415276 8.0384841 8.0354405 8.032397 8.0293534 8.0246457
-9999 8.0152687 8.0154193 8.0155698 8.0157204 8.0172951 8.0202999 8.0229079 8.0250579 8.0272079 8.0293579 8.0315943 8.0339793 8.0357205 8.0361722 8.0365773 8.0368885 8.0371998 8.037511 8.0366943 8.0332755 8.0298566 8.0264377 8.0220466 8.0150676 8.0103047 8.0114818 8.0118167 8.0102208 8.0086249 8.007029 8.0095462 8.0199921 8.030438 8.040884 8.0493118 8.0544391 8.0573366 8.057044 8.0567513 8.0564587 8.0559407 8.0552117 8.0557542 8.0572107 8.0610186 8.0659307 8.0708428 8.0757549 8.0709278 8.0644175 8.0579072 8.0511106 8.041488 8.0333393 8.0302957 8.0272521 8.0242086 8.0183466 8.0092206
-9999 8.0190522 8.0192028 8.0193533 8.0217729 8.0247777 8.0277825 8.0303905 8.0325405 8.0346905 8.0369965 8.0393815 8.0417665 8.0435077 8.0439593 8.044411 8.0448547 8.045166 8.0454772 8.0446605 8.0412417 8.0378228 8.0324535 8.0254745 8.0184955 8.0137327 8.0149097 8.0160867 8.0171246 8.0155287 8.0139328 8.01645 8.0268959 8.0373419 8.0444214 8.0495487 8.0546761 8.0575736 8.0572809 8.0569883 8.0563689 8.0556399 8.0549109 8.0554534 8.05691 8.0583665 8.0614453 8.0663574 8.0712695 8.0664424 8.0599321 8.0525449 8.0429223 8.0332996 8.0251509 8.0221073 8.0190638 8.0120476 8.0029215 7.9937955
-9999 8.0228357 8.0232459 8.0262507 8.0292555 8.0322603 8.0352651 8.0378731 8.0400231 8.0423986 8.0447837 8.0471687 8.0495537 8.0512948 8.0517465 8.0521982 8.0526499 8.0531016 8.0534434 8.0526268 8.0492079 8.0428604 8.0358814 8.0289024 8.0219234 8.0171606 8.0183376 8.0195147 8.0206917 8.0218687 8.0208366 8.0233538 8.0337997 8.039531 8.0446583 8.0497857 8.054913 8.0578105 8.0575179 8.0567972 8.0560681 8.0553391 8.0546101 8.0551526 8.0566092 8.0580658 8.0595223 8.0618719 8.066784 8.0619569 8.0539791 8.0443565 8.0347339 8.0251113 8.0169625 8.013919 8.0057485 7.9966224 7.9874964 7.9783704
-9999 8.0277236 8.0307284 8.0337332 8.036738 8.0397429 8.0427477 8.0454158 8.0478008 8.0501858 8.0525708 8.0549559 8.0573409 8.059082 8.0595337 8.0599854 8.0604371 8.0608888 8.0613405 8.0602463 8.0532673 8.0462883 8.0393093 8.0323303 8.0253513 8.0205885 8.0217655 8.0229426 8.0241196 8.0252966 8.0264737 8.0295132 8.0346406 8.0397679 8.0448953 8.0500226 8.05515 8.0579544 8.0572254 8.0564964 8.0557673 8.0550383 8.0543093 8.0548518 8.0563084 8.057765 8.0592216 8.0606781 8.0622986 8.0554133 8.0457907 8.0361681 8.0265455 8.0169229 8.0085754 7.9994494 7.9903234 7.9811973 7.9720713 7.9629452
-9999 8.0314567 8.0344615 8.0374663 8.0404711 8.0434759 8.0474515 8.0518714 8.055277 8.057662 8.0600471 8.0624321 8.0648171 8.0661368 8.0656562 8.0661078 8.0665595 8.0670112 8.0674629 8.0656677 8.0586887 8.0517097 8.0447307 8.0377517 8.0324838 8.0285395 8.021588 8.022765 8.0239421 8.0251191 8.0262961 8.0288225 8.0339498 8.0390772 8.0442045 8.0493319 8.0541267 8.0565262 8.0559545 8.0552255 8.0544965 8.0537674 8.0530384 8.0500954 8.048949 8.0504056 8.0518622 8.0533188 8.0547754 8.0547988 8.0465463 8.0369237 8.0273011 8.0176785 8.0091828 8.0035677 7.9944416 7.9853156 7.9761896 7.9670635
-9999 8.0344712 8.037476 8.0404808 8.0434856 8.047982 8.0527461 8.057166 8.0611884 8.0650787 8.0674637 8.0698487 8.0722337 8.0735534 8.0727395 8.0719257 8.0723629 8.0728146 8.0732663 8.0714711 8.0644921 8.0575131 8.0505341 8.046643 8.0446752 8.040731 8.0314892 8.0222475 8.0230735 8.0242505 8.0254276 8.0279539 8.0330813 8.0382086 8.043336 8.0479489 8.0523586 8.054758 8.0542817 8.0537687 8.0530396 8.0523106 8.0515816 8.0486386 8.044104 8.0416934 8.04315 8.0446066 8.0460632 8.0460867 8.0458625 8.0393934 8.0297708 8.0201482 8.0116525 8.0070603 8.0023056 7.9931795 7.9840535 7.9749274
