P1_models/J1_p1_vp_slide_diff2_140.dat.tif
NCOLS 118
NROWS 92
XLLCORNER 139.62
YLLCORNER -39.07
DX 0.099491525
DY 0.099347826
NODATA_VALUE -9999
[rows 25 to 49 of 92, columns 55 to 109 of 118]
0.13694062 0.13404755 0.13115448 0.12826141 0.12536834 0.12605383 0.13303539 0.14262566 0.15221593 0.1618062 0.17139648 0.16634419 0.16322101 0.16013189 0.15704277 0.15395365 0.15141408 0.14957772 0.14774137 0.14590501 0.14406866 0.14136206 0.12536209 0.112049 0.098735903 0.085422811 0.072109718 0.066519883 0.064498328 0.062476773 0.060455218 0.054385921 0.050071832 0.055708443 0.046952626 0.038196808 0.029440991 0.021312259 0.033590684 0.045869109 0.058147533 0.070425958 0.072502906 0.064252687 0.050441681 0.036518033 0.022594385 0.0086707376 0.011312874 0.01215719 0.010357588 0.0085579848 0.0067583821 0.0022893184 -0.0012041503
0.13882337 0.14038573 0.13749266 0.13459959 0.13170652 0.13239201 0.13550929 0.14126248 0.15085275 0.16044303 0.1700333 0.16498101 0.15942558 0.15588678 0.15279766 0.14970854 0.14716897 0.14533261 0.14349626 0.14157042 0.13899525 0.13626932 0.12007904 0.10388877 0.090403368 0.077090276 0.063777183 0.058187349 0.056165793 0.054144238 0.046384779 0.030952517 0.026638427 0.042358276 0.051079577 0.042323759 0.033567942 0.02543921 0.037717635 0.049996059 0.062274484 0.063303213 0.063034001 0.054783783 0.045683561 0.032377976 0.018454329 0.0045306811 0.0071728175 0.017712353 0.019325314 0.017525711 0.015726109 0.011257045 0.0053607793
0.1396636 0.14139156 0.14311951 0.14093777 0.1380447 0.13873019 0.14184747 0.14496476 0.14948957 0.15907985 0.16867012 0.16361783 0.1580624 0.15250698 0.14855255 0.14546343 0.14292386 0.1410875 0.13905286 0.13647769 0.13390251 0.13117658 0.1149863 0.098796028 0.082605754 0.068757741 0.055444649 0.049854814 0.047833259 0.038383636 0.022951374 0.0075191125 0.003205023 0.018924872 0.03464472 0.04645071 0.037694893 0.029566161 0.041844586 0.05412301 0.054103521 0.053834309 0.053565096 0.045314878 0.036214656 0.027114434 0.014314272 0.00039062471 0.0030327611 0.013572296 0.024111832 0.026493438 0.024693835 0.020224772 0.014328506
0.14050383 0.14223179 0.14395974 0.1456877 0.14438288 0.14506837 0.14818565 0.15130294 0.15442022 0.15771667 0.16730694 0.16225465 0.15669922 0.1511438 0.14558837 0.14121831 0.13867875 0.13653529 0.13396012 0.13138495 0.12880977 0.12608384 0.10989356 0.09370329 0.077513015 0.06132274 0.047112114 0.041522279 0.030382494 0.014950232 -0.0004820298 -0.015914292 -0.020228381 -0.0045085325 0.011211316 0.026931165 0.041821844 0.033693112 0.045173041 0.044903829 0.044634616 0.044365404 0.044096192 0.035845973 0.026745751 0.017645529 0.0085453072 -0.0037494317 -0.0011072954 0.0094322399 0.019971775 0.03051131 0.033661562 0.029192498 0.023296233
0.14005115 0.14177911 0.14350706 0.14523502 0.14696297 0.14855403 0.15167131 0.15478859 0.15790588 0.16102316 0.16414044 0.15977273 0.1542173 0.14866188 0.14310645 0.13755103 0.13330295 0.13072778 0.12815261 0.12557744 0.12300226 0.1204821 0.10598045 0.089790171 0.073599897 0.057409622 0.041219347 0.025547543 0.010115281 -0.0053169809 -0.020749243 -0.036181505 -0.040416857 -0.024697008 -0.0089771593 0.0067426895 0.022462538 0.037705711 0.037436499 0.037167287 0.036898074 0.036628862 0.035940921 0.02713658 0.018036358 0.0089361358 -0.00016408615 -0.0092643081 -0.0061126173 0.004426918 0.014966453 0.025505988 0.036045524 0.037890104 0.031993838
0.12962707 0.1306828 0.13241076 0.13413871 0.13586667 0.1339675 0.13167407 0.13479136 0.13790864 0.14102592 0.1441432 0.14574744 0.14252554 0.13697012 0.13141469 0.12585927 0.12161119 0.11903602 0.11646085 0.11388568 0.11139501 0.10913341 0.1081706 0.095588068 0.079397793 0.063207519 0.047017244 0.03134544 0.015913178 0.00048091597 -0.014951346 -0.02904802 -0.032499786 -0.018172181 -0.0024523323 0.013267516 0.028987365 0.044230538 0.043961326 0.043692114 0.043422901 0.041078035 0.0209747 0.021048452 0.015579507 0.0064792852 -0.0026209367 -0.011721159 -0.013687178 -0.0077015492 0.002837986 0.013377521 0.023917057 0.035157539 0.038467723
0.12698357 0.12160694 0.12131445 0.1230424 0.12477036 0.12287119 0.11850725 0.11479412 0.1179114 0.12102868 0.12414597 0.12575021 0.12730245 0.12527836 0.11972293 0.11416751 0.10991943 0.10734426 0.10476909 0.10232247 0.10004632 0.097784719 0.096821904 0.095859089 0.08519569 0.069005416 0.052815141 0.037143337 0.021711075 0.0062788128 -0.00753959 -0.020763891 -0.024215657 -0.0100582 0.004099256 0.019792343 0.035512192 0.050755365 0.050486153 0.050216941 0.046215149 0.026111814 0.006008478 0.0060822305 0.0083049094 0.0040224346 -0.0050777873 -0.014178009 -0.016144029 -0.014708963 -0.0092904811 0.0012490541 0.011788589 0.023029072 0.03464431
0.12434007 0.11896344 0.11358682 0.1119461 0.11367405 0.11177489 0.10741094 0.10304699 0.098683046 0.10103145 0.10414873 0.10575297 0.10730522 0.10885746 0.10803117 0.10247575 0.098227674 0.095652501 0.093249919 0.090973774 0.088697629 0.086436027 0.085473211 0.084510396 0.083547581 0.074803312 0.058613038 0.042941234 0.027508972 0.01396884 0.00074453901 -0.012479762 -0.015931528 -0.0017740713 0.012383385 0.026540841 0.042037019 0.057280192 0.05701098 0.051352263 0.031248928 0.011145592 -0.0089577436 -0.0088839911 -0.0066613121 -0.0044386332 -0.007534638 -0.01663486 -0.018600879 -0.017165814 -0.015730748 -0.010879413 -0.00033987776 0.010900605 0.022515843
0.12169658 0.11631995 0.11094332 0.10556669 0.10257775 0.10067858 0.096314633 0.091950686 0.087586739 0.083222792 0.084151491 0.08575573 0.087307978 0.088860227 0.090412476 0.090783988 0.086535914 0.084177371 0.081901226 0.079625081 0.077348936 0.075087334 0.074124519 0.073161704 0.072198889 0.071236073 0.064410935 0.04873913 0.03547727 0.022252969 0.0090286681 -0.0041956329 -0.0076473986 0.0065100577 0.020667514 0.03482497 0.048982427 0.063805019 0.056489378 0.036386042 0.016282706 -0.0038206295 -0.023923965 -0.023850213 -0.021627534 -0.019404855 -0.017182176 -0.019091711 -0.02105773 -0.019622664 -0.018187598 -0.016752533 -0.012468345 -0.0012278622 0.010387375
0.12081793 0.11544131 0.11006468 0.10468805 0.09931142 0.095210541 0.090846594 0.086482647 0.0821187 0.077754753 0.073390806 0.070496792 0.072049041 0.073601289 0.075153538 0.076705787 0.076578629 0.074302484 0.072026339 0.069750194 0.067474049 0.06618424 0.068226915 0.067264099 0.066301284 0.065338469 0.064375654 0.05502615 0.041801849 0.028577548 0.015353247 0.002128946 -0.007043518 0.0049771638 0.01913462 0.033292076 0.047449533 0.060585586 0.04048225 0.020378914 0.00027557866 -0.019827757 -0.034438732 -0.034879297 -0.032656618 -0.030433939 -0.02821126 -0.025988581 -0.019571806 -0.01813674 -0.016701674 -0.015266609 -0.013831543 -0.0081103898 0.0035048478
0.12118153 0.1174734 0.11209677 0.10672014 0.10134352 0.097442847 0.094545156 0.090297172 0.085933225 0.081569278 0.077205331 0.069444319 0.064604865 0.066157114 0.067709362 0.069261611 0.069134454 0.066858309 0.064582164 0.062306019 0.061293011 0.06110627 0.067245272 0.070356841 0.069394025 0.06843121 0.067468395 0.058118891 0.04489459 0.031670289 0.018445988 0.014189181 0.0070053444 -0.0064534186 0.001410752 0.015568208 0.029725665 0.042861717 0.022758382 0.0026550462 -0.017448289 -0.030230474 -0.033257357 -0.036117165 -0.037192278 -0.034969599 -0.03274692 -0.030524241 -0.021021005 -0.010148095 -0.0087130293 -0.0072779636 -0.0058428978 -0.0015079634 0.005274319
0.11871101 0.11703831 0.11412887 0.10875224 0.10337561 0.099474942 0.096577251 0.093679561 0.089747749 0.085383802 0.081019855 0.073258844 0.065381105 0.058712938 0.060265187 0.061817435 0.061690278 0.059414133 0.057137988 0.056472614 0.056215042 0.0560283 0.062167303 0.068306305 0.072486766 0.071523951 0.070561136 0.061211632 0.047987331 0.035640964 0.031939504 0.028238043 0.021054207 0.0075954439 -0.0058633191 -0.0021556598 0.012001797 0.025137849 0.0050345137 -0.015068822 -0.026022215 -0.029049098 -0.032075982 -0.034935789 -0.037777803 -0.039505259 -0.03728258 -0.035059901 -0.025556665 -0.012582572 -0.00072438426 0.00071068151 0.0021457473 0.0064806817 0.012366003
0.11624049 0.11456779 0.11289509 0.11078433 0.10540771 0.10150704 0.098609346 0.095711656 0.092813965 0.089198327 0.08483438 0.077073368 0.069195629 0.06131789 0.053440151 0.054373259 0.054246102 0.051969957 0.051652217 0.051394644 0.051137072 0.05095033 0.057089333 0.063228335 0.069367338 0.074616692 0.073653877 0.064304373 0.053391287 0.049689826 0.045988366 0.042286906 0.035103069 0.021644306 0.0081855433 -0.0052732197 -0.0057220716 0.0074139812 -0.012689354 -0.021813956 -0.02484084 -0.027867723 -0.030894606 -0.033754414 -0.036596428 -0.039438442 -0.04181824 -0.039595562 -0.030092325 -0.017118233 -0.0041441397 0.0086993266 0.010134392 0.014469327 0.020354648
0.11376997 0.11209727 0.11042456 0.10875186 0.10707916 0.10353913 0.10064144 0.097743751 0.09484606 0.091948369 0.088648905 0.080887893 0.073010154 0.065132415 0.057254676 0.049376937 0.047089392 0.04683182 0.046574247 0.046316675 0.046059102 0.045872361 0.052011363 0.058150366 0.064289368 0.070428371 0.076567373 0.071141609 0.067440149 0.063738689 0.060037229 0.056335768 0.049151932 0.035693169 0.022234406 0.0087756428 -0.0046831203 -0.010309887 -0.017605698 -0.020632581 -0.023659464 -0.026686348 -0.029713231 -0.032573039 -0.035415053 -0.038257066 -0.04109908 -0.043941094 -0.034627986 -0.021653893 -0.0086797999 0.004294293 0.017268386 0.022457972 0.028343294
0.1086036 0.1069309 0.10525819 0.10358549 0.10470138 0.10332964 0.099796286 0.096898595 0.094000904 0.091103214 0.088205523 0.08049322 0.072615481 0.064737742 0.056860003 0.05177851 0.051987709 0.051730137 0.051472564 0.051214992 0.050957419 0.044578728 0.05126799 0.057406993 0.063545995 0.069684998 0.075824001 0.075232261 0.0715308 0.06782934 0.06412788 0.058021352 0.04474026 0.032750147 0.019291384 0.0058326208 -0.0076261422 -0.020773904 -0.023800787 -0.02682767 -0.029854554 -0.032881437 -0.034664883 -0.037360974 -0.040202988 -0.043045001 -0.045887015 -0.045788662 -0.036097408 -0.023123316 -0.010149223 0.0028248703 0.01580771 0.024169214 0.030054536
0.10252545 0.10085275 0.099180051 0.10148949 0.10535189 0.10398015 0.099051589 0.095080314 0.092182623 0.089284933 0.086387242 0.078674939 0.0707972 0.062919461 0.059476968 0.060050944 0.060260143 0.060002571 0.059744998 0.059068132 0.05173358 0.044555403 0.05134279 0.05812964 0.064268643 0.070407645 0.076546648 0.075954908 0.072253448 0.068551988 0.060774509 0.045971109 0.032690017 0.022151987 0.010601473 -0.0028572904 -0.016316053 -0.029463815 -0.032490698 -0.035517582 -0.038544465 -0.040145752 -0.041471721 -0.044167812 -0.047009826 -0.049851839 -0.049026128 -0.046221041 -0.036529787 -0.023555695 -0.010581602 0.0024028517 0.015395848 0.023757353 0.029642674
0.096447311 0.09477461 0.098277596 0.10214 0.1060024 0.10463066 0.099702101 0.094773539 0.090364342 0.087466651 0.084568961 0.076856658 0.068978919 0.067175427 0.067749403 0.068323378 0.068532578 0.068275005 0.066379359 0.059044807 0.051710254 0.044532078 0.051319465 0.058106852 0.064894239 0.071130293 0.077269295 0.076677556 0.072976095 0.063527666 0.048724266 0.033920865 0.020639773 0.010101744 -0.00043628603 -0.011547202 -0.025005965 -0.038153726 -0.041180609 -0.044207493 -0.045626622 -0.04695259 -0.048278559 -0.05097465 -0.053816663 -0.052263594 -0.049458507 -0.04665342 -0.036962166 -0.023988074 -0.011002006 0.0019909902 0.014983986 0.023345491 0.029230813
0.091203302 0.095065705 0.098928108 0.10279051 0.10665291 0.10528117 0.10035261 0.095424052 0.09049549 0.08564837 0.08275068 0.075038377 0.074873886 0.075447861 0.076021837 0.076595813 0.076805012 0.073690586 0.066356033 0.059021481 0.051686929 0.044508753 0.05129614 0.058083527 0.064870914 0.071658301 0.077991943 0.077400203 0.066280823 0.051477423 0.036674022 0.021870622 0.0085895301 -0.0019484997 -0.012486529 -0.023024559 -0.033695876 -0.046843637 -0.049781523 -0.051107491 -0.05243346 -0.053759428 -0.055085397 -0.057781488 -0.05550106 -0.052695973 -0.049890886 -0.047085799 -0.037394545 -0.024406864 -0.011413868 0.0015791287 0.014572125 0.02293363 0.024594659
0.091037173 0.094899576 0.098761979 0.10262438 0.10648679 0.10672757 0.10179901 0.096870445 0.091941884 0.087013322 0.082084761 0.080974479 0.081548455 0.08212243 0.082696406 0.083270382 0.080375114 0.073040562 0.06570601 0.058371458 0.051036906 0.044389533 0.04935103 0.056138417 0.062925804 0.069713191 0.076500578 0.068520161 0.05371676 0.03891336 0.024109959 0.0093065591 -0.00024438006 -0.01078241 -0.02132044 -0.031858469 -0.042396499 -0.052659893 -0.053985862 -0.05531183 -0.056637798 -0.057963767 -0.059793044 -0.058085279 -0.055280192 -0.052475105 -0.049670018 -0.046864931 -0.036623426 -0.02363043 -0.010637434 0.0023555624 0.015348559 0.018718091 0.018510353
0.084747995 0.08857429 0.092436693 0.096299096 0.1001615 0.10568286 0.10924798 0.10431942 0.099390857 0.094462295 0.089533734 0.079313629 0.076171835 0.076745811 0.077319786 0.077893762 0.074998494 0.067663942 0.06032939 0.052994838 0.047181762 0.044977376 0.036643365 0.0396991 0.046486487 0.053273874 0.060061261 0.052080843 0.037277443 0.022474043 0.0076706422 -0.0053919308 -0.0077634255 0.0046414459 -0.0058965838 -0.016434614 -0.026972643 -0.037236038 -0.038562006 -0.039887974 -0.041213943 -0.044417475 -0.062193879 -0.055194874 -0.050132495 -0.047327408 -0.044522321 -0.041717234 -0.029086636 -0.013891807 -0.00089881034 0.012094186 0.025087182 0.024125282 0.019522221
0.078831726 0.08235035 0.086111408 0.089973811 0.093836214 0.099357578 0.10600628 0.11176839 0.10683983 0.10191127 0.096982707 0.086762602 0.076360672 0.071369191 0.071943166 0.072517142 0.069621874 0.062287322 0.05495277 0.049905357 0.047769606 0.045565219 0.037231208 0.028897198 0.030047169 0.036834556 0.043621943 0.035641526 0.020838126 0.0060347253 -0.0066709593 -0.018642606 -0.0210141 -0.0060869926 0.0088401152 -0.0010107579 -0.011548788 -0.021812182 -0.02313815 -0.024464119 -0.029041906 -0.04681831 -0.064594714 -0.05759571 -0.047958042 -0.042179711 -0.039374624 -0.036569537 -0.023938939 -0.0066242297 0.0088398132 0.021832809 0.034825806 0.033863905 0.025441152
0.072915457 0.076434082 0.079952706 0.083648525 0.087510928 0.093032293 0.099680991 0.10632969 0.11297839 0.10936024 0.10443168 0.094211575 0.083809645 0.073407716 0.066566547 0.067140522 0.064245255 0.056910702 0.052628952 0.0504932 0.048357449 0.046153063 0.037819052 0.029485041 0.02115103 0.020395239 0.027182626 0.019202209 0.0043988083 -0.0079499878 -0.019921634 -0.03189328 -0.034264775 -0.019337667 -0.0044105596 0.010516548 0.003875068 -0.0063883261 -0.0077142946 -0.013666336 -0.031442741 -0.049219145 -0.06699555 -0.059996545 -0.050358878 -0.04072121 -0.034226927 -0.03142184 -0.018791242 -0.0014765327 0.015838176 0.031571433 0.044564429 0.043602529 0.035179775
0.066999188 0.070517813 0.074036437 0.077555062 0.081185642 0.086707007 0.093355706 0.1000044 0.1066531 0.1133018 0.11188065 0.10166055 0.091258619 0.080856689 0.07045476 0.061763903 0.058868635 0.055352546 0.053216795 0.051081043 0.048945292 0.046740906 0.038406895 0.030072884 0.021738873 0.013404862 0.010743309 0.0027628914 -0.0092290164 -0.021200663 -0.033172309 -0.045143955 -0.04751545 -0.032588342 -0.017661234 -0.0027341267 0.012192981 0.0090355296 0.0017092327 -0.016067172 -0.033843576 -0.051619981 -0.069396385 -0.06239738 -0.052759713 -0.043122045 -0.033484378 -0.026274143 -0.013643545 0.0036711643 0.020985873 0.038300583 0.054303053 0.053341152 0.044918399
0.066979212 0.070497836 0.07401646 0.077535085 0.080747731 0.079400708 0.086049407 0.092698106 0.099346805 0.1059955 0.1126442 0.10280869 0.092406761 0.082004832 0.071602902 0.061200973 0.059663476 0.057527725 0.055391973 0.053256222 0.051120471 0.048746617 0.040120786 0.031786775 0.023452764 0.015118753 0.0067847424 -0.0040373615 -0.016009008 -0.027980654 -0.0399523 -0.051923947 -0.055152658 -0.041136915 -0.026209807 -0.011282699 0.0036444085 0.017596539 -0.00017986516 -0.01795627 -0.035732674 -0.053509079 -0.069747267 -0.062313856 -0.052676189 -0.043038521 -0.033400854 -0.023342059 -0.0073987939 0.0099159153 0.027230624 0.044545334 0.060716691 0.056289174 0.04786642
0.076329829 0.079848453 0.083367078 0.085594111 0.085050816 0.082480125 0.078531733 0.083832747 0.090481446 0.097130145 0.10377884 0.093943332 0.083541403 0.073139473 0.064187664 0.064898938 0.064361304 0.062225552 0.060089801 0.057954049 0.055582763 0.053024534 0.044032002 0.035290221 0.02695621 0.018622199 0.010288188 -0.00053391562 -0.012505562 -0.024477208 -0.036448855 -0.043019469 -0.045214785 -0.039652457 -0.027285634 -0.012358526 0.0025685819 0.016520713 -0.0012556917 -0.019032096 -0.036808501 -0.052452316 -0.065715511 -0.058282101 -0.048644433 -0.039006766 -0.028420322 -0.015353832 0.00058943366 0.017904143 0.035218852 0.049827612 0.052872848 0.048445332 0.040022578
