P1_models/J1_p1_vp_slide_diff2_320.dat.tif
NCOLS 118
NROWS 92
XLLCORNER 139.62
YLLCORNER -39.07
DX 0.099491525
DY 0.099347826
NODATA_VALUE -9999
[rows 0 to 23 of 92, columns 53 to 105 of 118]
-9999 -9999 -9999 -9999 -9999 -9999 -9999 -9999 -9999 -9999 -9999 -9999 -9999 -9999 -9999 -9999 -9999 -9999 -9999 -9999 -9999 -9999 -9999 -9999 -9999 -9999 -9999 -9999 -9999 -9999 -9999 -9999 -9999 -9999 -9999 -9999 -9999 -9999 -9999 -9999 -9999 -9999 -9999 -9999 -9999 -9999 -9999 -9999 -9999 -9999 -9999 -9999 -9999
0.0072090103 0.0038558047 0.0093136122 0.011520014 0.013726417 0.015932819 0.018139221 0.021276072 0.024117653 0.026706742 0.029295832 0.031884921 0.03447401 0.040711765 0.039801689 0.038891613 0.037981537 0.037071461 0.035746081 0.033889274 0.032032468 0.030175661 0.028318854 0.028994937 0.020289564 0.02278774 0.025285916 0.027784092 0.030282267 0.017940479 -0.0012576305 -0.020455741 -0.039653851 -0.055930652 -0.050719772 -0.037854803 -0.020490153 -0.0031255027 0.014239147 0.031107363 0.031820191 0.032533018 0.033245846 0.033958673 0.032678459 0.010759446 -0.018289018 -0.047337482 -0.076385946 -0.10543441 -0.11120115 -0.083203084 -0.054125094
-0.007062098 -0.010415303 -0.0026542539 0.0037199682 0.0059263704 0.0081327727 0.010339175 0.013476026 0.017245156 0.020281422 0.022870511 0.0254596 0.028048689 0.035806704 0.043497428 0.042587352 0.041677276 0.0407672 0.03944182 0.037585014 0.035728207 0.0338714 0.035119926 0.036503563 0.024161358 0.013933779 0.016431955 0.018930131 0.021428306 0.0090865184 -0.010111592 -0.029309702 -0.043148579 -0.038578727 -0.033367846 -0.02700189 -0.015265078 0.002099572 0.019464222 0.036332438 0.037045266 0.037758093 0.038470921 0.037001105 0.034603944 0.013609187 -0.0097939509 -0.038842415 -0.067890879 -0.096939343 -0.10270608 -0.097373734 -0.070329346
-0.021333206 -0.024686412 -0.016925362 -0.0091643125 -0.0018736758 0.00033272648 0.0025391287 0.0056759795 0.0094451094 0.013214239 0.01644519 0.01903428 0.021623369 0.029381383 0.037317008 0.045252633 0.045373015 0.044462939 0.043137559 0.041280753 0.039553896 0.041091224 0.042628552 0.044012189 0.031669984 0.019327778 0.0075779936 0.010076169 0.012574345 0.00023255739 -0.018965553 -0.030366505 -0.025796653 -0.021226801 -0.01601592 -0.0096499644 -0.0032840085 0.0073246467 0.024689297 0.041557513 0.04227034 0.042983168 0.041323751 0.03892659 0.036529429 0.015534672 -0.0074407914 -0.030416255 -0.059395812 -0.088444276 -0.094211015 -0.088878667 -0.08354632
-0.035604314 -0.03895752 -0.03119647 -0.023435421 -0.015674371 -0.0079133214 -0.0052609175 -0.0021240667 0.0016450632 0.005414193 0.0091833228 0.012608959 0.015198048 0.022956062 0.030891687 0.038827312 0.046762937 0.048158678 0.046833298 0.045525193 0.047062522 0.04859985 0.050137178 0.051520815 0.03917861 0.026836404 0.014494199 0.0021519936 0.0037203843 -0.0086214037 -0.017584432 -0.01301458 -0.0084447275 -0.0038748752 0.0013360055 0.0077019614 0.014067917 0.020433873 0.029914372 0.046782588 0.047495415 0.045646396 0.043249236 0.040852075 0.038454915 0.017460157 -0.0055153063 -0.02849077 -0.051466233 -0.079949209 -0.085715948 -0.0803836 -0.075051252
-0.044169911 -0.053228628 -0.045467579 -0.037706529 -0.029945479 -0.02218443 -0.01442338 -0.0099241129 -0.006154983 -0.0023858532 0.0013832766 0.0051524065 0.0087727275 0.016530742 0.024466367 0.032401992 0.040337617 0.048273242 0.051496491 0.053033819 0.054571147 0.056108476 0.057645804 0.059029441 0.046687235 0.03434503 0.022002825 0.0096606195 -0.0026815858 -0.0048023585 -0.00023250627 0.004337346 0.0089071982 0.01347705 0.018687931 0.025053887 0.031419843 0.037785799 0.044151755 0.052007662 0.049969042 0.047571881 0.045174721 0.04277756 0.0403804 0.019385642 -0.0035898213 -0.026565284 -0.049540748 -0.072516211 -0.077220881 -0.071888533 -0.066556185
-0.054816282 -0.03322011 -0.02545906 -0.01769801 -0.0099369606 -0.002175911 -0.00049606073 -0.012918321 -0.019192852 -0.015423722 -0.011654592 -0.007885462 -0.0041163322 0.0036808828 0.011616508 0.019552133 0.027487758 0.031894226 0.03259511 0.034132438 0.035669767 0.037207095 0.038766293 0.055226122 0.05385351 0.041511304 0.029169099 0.016826894 0.0044846885 0.0037101001 0.0082799524 0.012849805 0.017419657 0.021715105 0.017209146 0.007752324 0.01411828 0.020484236 0.026850192 0.032954896 0.030557736 0.028160575 0.025763415 0.023366254 0.040232642 0.02144758 -0.0015278829 -0.024503346 -0.047478809 -0.063741478 -0.064112594 -0.058780246 -0.053447898
-0.029376898 -0.0077807247 -1.967505e-05 0.0077413746 0.015502424 0.015328291 0.013319628 0.0008973677 -0.018601372 -0.02929141 -0.02552228 -0.02175315 -0.01798402 -0.010186805 -0.0022511805 0.0056844445 0.0087615376 0.0088087508 0.0095096347 0.011046963 0.012584291 0.016369899 0.033024412 0.049484241 0.04855728 0.047630319 0.036281135 0.02393893 0.011596725 0.010822136 0.015391988 0.019961841 0.02415215 0.027887775 0.023381817 0.0040252709 -0.0086733797 -0.0023074239 0.004058532 0.010163237 0.007766076 0.0053689155 0.002971755 0.021755982 0.042316198 0.023531137 0.0005556735 -0.02241979 -0.037567482 -0.049902326 -0.050273442 -0.044941094 -0.039608746
-0.0039375127 0.01765866 0.02541971 0.033161306 0.031152643 0.02914398 0.027135318 0.014713057 -0.0047856831 -0.024284423 -0.039389968 -0.035620839 -0.031851709 -0.024054494 -0.016118869 -0.014371151 -0.014323938 -0.014276725 -0.013575841 -0.012038512 -0.0060264955 0.010628017 0.02728253 0.043742359 0.042815398 0.041888438 0.040961477 0.031050966 0.018708761 0.017934172 0.022504025 0.026589196 0.030324821 0.034060446 0.029554487 0.010197942 -0.009158604 -0.025099083 -0.018733128 -0.012628423 -0.015025584 -0.017280895 0.0032793217 0.023839538 0.044399754 0.025614693 0.0026392299 -0.011393485 -0.02372833 -0.036063174 -0.03643429 -0.031101942 -0.035404047
0.021501872 0.043098045 0.048985658 0.046976995 0.044968332 0.04295967 0.040951007 0.028528746 0.009030006 -0.010468734 -0.029967474 -0.049466214 -0.045719397 -0.037922182 -0.03750384 -0.037456627 -0.037409413 -0.0373622 -0.036661316 -0.02842289 -0.011768377 0.0048861358 0.021540649 0.038000477 0.037073517 0.036146556 0.035219595 0.034292635 0.025820797 0.025046208 0.029026241 0.032761866 0.036497491 0.040233117 0.035727158 0.016370612 -0.0029859333 -0.022342479 -0.041524787 -0.035420083 -0.035757555 -0.015197338 0.0053628781 0.025923094 0.046483311 0.02769825 0.014780512 0.0024456671 -0.0098891774 -0.022224022 -0.022595137 -0.027763005 -0.036328827
0.046702199 0.061760798 0.059752135 0.057743472 0.05573481 0.053726147 0.051717484 0.04073514 0.0212364 0.0017376596 -0.01776108 -0.03725982 -0.05675856 -0.057360659 -0.057313446 -0.057266233 -0.057219019 -0.057171806 -0.046764251 -0.030109738 -0.013455225 0.0031992875 0.0198538 0.032970695 0.032379424 0.031452463 0.030525503 0.029598542 0.028671581 0.030933766 0.034669391 0.038405016 0.042140641 0.045876267 0.042758739 0.023402193 0.0040456478 -0.015310898 -0.034667443 -0.052833966 -0.03227375 -0.011713533 0.0088466829 0.029406899 0.049182278 0.038304702 0.025969857 0.013635012 0.0013001679 -0.011034677 -0.021321987 -0.029887809 -0.038453631
0.055017548 0.052543597 0.050534934 0.048526271 0.046517608 0.044508945 0.054364017 0.045025698 0.022895922 0.0033971823 -0.016101558 -0.035600298 -0.055099038 -0.055701136 -0.055653923 -0.05560671 -0.055559497 -0.040604039 -0.021875551 -0.0052210381 0.011433475 0.028087988 0.038324923 0.032399652 0.033961293 0.033625283 0.032698322 0.031771362 0.030844401 0.033106585 0.036842211 0.040577836 0.044313461 0.048559385 0.047689532 0.036062832 0.016706286 -0.0026502592 -0.022006805 -0.040173328 -0.019613111 0.00094710509 0.021507321 0.040200263 0.043005534 0.032127957 0.019793113 0.0074582684 -0.0048765762 -0.02039104 -0.031311411 -0.039877233 -0.048443055
0.045800346 0.043326395 0.041317732 0.039309069 0.038332796 0.049295519 0.060258241 0.050919922 0.027786188 0.0050567049 -0.014442035 -0.033940775 -0.053439515 -0.054041614 -0.053994401 -0.053947187 -0.036064612 -0.015715339 0.0030131492 0.019667662 0.036322175 0.043762984 0.03775388 0.031828609 0.03339025 0.034951892 0.034871142 0.033944181 0.033017221 0.035279405 0.03901503 0.042750656 0.047083033 0.051661521 0.050791668 0.040104401 0.029366925 0.010010379 -0.0093461662 -0.027512689 -0.0069524727 0.013607744 0.031218248 0.034023519 0.036828789 0.025951213 0.013616369 0.0012815242 -0.014521132 -0.030380464 -0.041300835 -0.049866657 -0.058432479
0.036583145 0.034109194 0.032100531 0.033264298 0.04422702 0.055189742 0.066152465 0.056814146 0.033680412 0.010546678 -0.012587056 -0.032281252 -0.051779992 -0.052382091 -0.051874458 -0.031525185 -0.011175912 0.0091733613 0.027901849 0.044556362 0.049201045 0.043191941 0.037182837 0.031257566 0.032819207 0.034380849 0.03594249 0.036117001 0.03519004 0.037452225 0.04118785 0.045606682 0.050185169 0.054763657 0.053893804 0.043206537 0.03251927 0.021832003 0.0033144724 -0.01485205 0.0057081659 0.022236233 0.025041504 0.027846775 0.030652045 0.019774469 0.007208108 -0.0086512238 -0.024510556 -0.040369887 -0.051290258 -0.059856081 -0.043300061
0.027365943 0.024891992 0.028195799 0.039158521 0.050121244 0.061083966 0.072046689 0.062708369 0.039574635 0.016440901 -0.0066928325 -0.029826566 -0.05012047 -0.047335031 -0.026985758 -0.0066364846 0.013712788 0.034062061 0.05279055 0.054639106 0.048630002 0.042620898 0.036611794 0.030686523 0.032248164 0.033809806 0.035371447 0.036933089 0.03736286 0.039625045 0.04413033 0.048708818 0.053287305 0.057865793 0.05699594 0.046308673 0.035621406 0.024934139 0.014246872 -0.0021914119 0.013254218 0.016059489 0.01886476 0.02167003 0.024475301 0.013078016 -0.0027813159 -0.018640648 -0.03449998 -0.050359311 -0.061279682 -0.043614694 -0.024568236
0.021897444 0.02006547 0.029674523 0.040637246 0.051599968 0.06256269 0.073525413 0.073558781 0.050425047 0.027291313 0.0041575788 -0.018976155 -0.042109889 -0.031403596 -0.011054323 0.0092949497 0.029644223 0.049993496 0.058780108 0.052771004 0.0467619 0.040752796 0.034743692 0.029072644 0.031703993 0.033265634 0.034827276 0.036388917 0.037950559 0.041575682 0.046154169 0.050732657 0.055311144 0.059889631 0.050339471 0.039652204 0.028964937 0.01827767 0.0075904031 -0.0026946162 0.00011065468 0.0029159255 0.0057211964 0.0085264672 0.014494031 0.0069681335 -0.0088911983 -0.02475053 -0.040609862 -0.056469194 -0.049913091 -0.030866632 -0.011820173
0.025139565 0.023307592 0.02416464 0.031855955 0.042818677 0.0537814 0.064744122 0.070993355 0.072791836 0.049658102 0.026524368 0.003390634 -0.0197431 -0.023382675 -0.015936318 0.0044129552 0.024762228 0.045111501 0.053898113 0.047889009 0.041879905 0.035870802 0.030179818 0.024915466 0.029741181 0.032783903 0.034345545 0.035907186 0.037468828 0.041093951 0.045672438 0.050250925 0.054829413 0.056307084 0.045213069 0.012678214 -0.00036698002 -0.011054247 -0.021741514 -0.032026533 -0.029221263 -0.026415992 -0.023610721 -0.01649336 7.5490382e-05 0.0015084301 -0.005986437 -0.021845769 -0.037705101 -0.053564432 -0.048375139 -0.03202266 -0.012976202
0.028381686 0.026549713 0.027406761 0.02826381 0.034037386 0.045000109 0.055962831 0.062212064 0.065258281 0.068304498 0.048891157 0.025757423 0.0026236891 -0.0010158859 -0.0039856174 -0.00046903921 0.019880234 0.040229507 0.049016119 0.043007015 0.036997911 0.031399973 0.02602264 0.020758288 0.025584003 0.030409717 0.033863813 0.035425455 0.036987096 0.040612219 0.045190707 0.049769194 0.050771282 0.051576225 0.040482211 0.0079473554 -0.0245875 -0.040386164 -0.051073431 -0.061358451 -0.05855318 -0.055747909 -0.047480751 -0.0309119 -0.01434305 -0.01291011 -0.013089195 -0.018941007 -0.034800339 -0.050659671 -0.045470378 -0.030246582 -0.01413223
0.031623807 0.029791834 0.030648882 0.031505931 0.032362979 0.036218818 0.04718154 0.053430773 0.05647699 0.059523207 0.062569425 0.048124212 0.024990478 0.021350903 0.018381172 0.01541144 0.014998239 0.035347512 0.044134124 0.03812502 0.032620127 0.027242795 0.021865462 0.01660111 0.021426824 0.026252539 0.031078253 0.034943724 0.036505365 0.040130488 0.044430537 0.04523548 0.046040423 0.046845366 0.035751352 0.0032164964 -0.029318359 -0.061853214 -0.080405348 -0.090690368 -0.087885097 -0.078468141 -0.061899291 -0.045330441 -0.02876159 -0.02732865 -0.027507735 -0.02768682 -0.031895578 -0.04775491 -0.042565616 -0.027341821 -0.012118026
0.032888604 0.033033955 0.033891004 0.034748052 0.0356051 0.036462149 0.038400249 0.044649482 0.047695699 0.050741916 0.053788134 0.056834351 0.047357267 0.043717692 0.040747961 0.037778229 0.034808498 0.031838766 0.03925213 0.033840282 0.028462949 0.023085616 0.017708284 0.012443932 0.017269646 0.022095361 0.026921075 0.03174679 0.036023634 0.038894736 0.039699678 0.040504621 0.041309564 0.042114507 0.031020493 -0.0015143625 -0.034049218 -0.066584073 -0.099118928 -0.12002229 -0.10945553 -0.092886682 -0.076317831 -0.059748981 -0.04318013 -0.041747191 -0.041926275 -0.04210536 -0.042284445 -0.044850148 -0.039660855 -0.02443706 -0.0092132645
0.03222786 0.032828367 0.033685416 0.034542464 0.035399513 0.036256561 0.039431614 0.038086623 0.040168712 0.043214929 0.046261147 0.049307364 0.052353581 0.049583698 0.046613967 0.043644235 0.040674503 0.037629997 0.03320344 0.027826107 0.022448775 0.017071442 0.011694109 0.01180189 0.012547851 0.017373565 0.02219928 0.027024994 0.031850709 0.03392627 0.034731213 0.035536155 0.036341098 0.037146041 0.032849697 0.0031597684 -0.029375087 -0.061909942 -0.094444797 -0.12551574 -0.10894689 -0.092378042 -0.075809191 -0.059240341 -0.039792699 -0.037828314 -0.038007399 -0.038186484 -0.038365568 -0.043886686 -0.039254219 -0.024030424 -0.0088066283
0.029907591 0.030022108 0.030879157 0.031736205 0.032593254 0.037376104 0.046705566 0.045360575 0.036761842 0.036634087 0.039680304 0.042726522 0.045772739 0.043002856 0.040033124 0.037063393 0.033898594 0.030215056 0.025788499 0.020411166 0.015033834 0.0096565008 0.011041044 0.013937023 0.012295037 0.012225868 0.017051583 0.021877297 0.026703011 0.028778573 0.029583516 0.030388458 0.031822273 0.037666556 0.033376451 0.010825102 -0.017606597 -0.050141452 -0.082676307 -0.11374725 -0.097178402 -0.080609552 -0.064040701 -0.044131808 -0.022041568 -0.020077183 -0.020256268 -0.020435352 -0.027780262 -0.045364432 -0.040731965 -0.02550817 -0.010284374
0.027101332 0.027215849 0.028072898 0.028929946 0.035320593 0.044650056 0.053979518 0.052634527 0.044035794 0.035437062 0.033099462 0.036145679 0.039191897 0.036422014 0.033452282 0.030167191 0.026483653 0.022800115 0.018373558 0.012996225 0.0076188923 0.010229385 0.013176177 0.016072156 0.01443017 0.012788185 0.011903886 0.0167296 0.021555314 0.023630876 0.024435819 0.026504746 0.032349028 0.038193311 0.033903206 0.011351856 -0.011199493 -0.038372962 -0.070907817 -0.10197876 -0.085409913 -0.068841062 -0.048470917 -0.026380677 -0.0042904366 -0.0023260514 -0.0025051362 -0.011673837 -0.029258008 -0.046842178 -0.042209711 -0.026985916 -0.0090109665
0.024295073 0.02440959 0.025266639 0.033265083 0.042594545 0.051924008 0.06125347 0.059908479 0.051309746 0.042711014 0.034112281 0.029564837 0.032611054 0.029841171 0.026435788 0.02275225 0.019068711 0.015385173 0.010958616 0.0064709348 0.0094177264 0.012364518 0.01531131 0.018207289 0.016565303 0.014923317 0.013281332 0.011639346 0.016407617 0.018483179 0.021187218 0.027031501 0.032875783 0.038720065 0.034429961 0.011878611 -0.010672739 -0.033224088 -0.059139328 -0.090210273 -0.073641423 -0.052810025 -0.030719785 -0.0086295452 0.013460695 0.01542508 0.0044325871 -0.013151583 -0.030735754 -0.048319924 -0.043687457 -0.025263562 -0.0028328
