P1_models/J1_p1_tot_conduct_slide_12.54.dat.tif
NCOLS 118
NROWS 92
XLLCORNER 139.62
YLLCORNER -39.07
DX 0.099491525
DY 0.099347826
NODATA_VALUE -9999
[rows 52 to 77 of 92, columns 0 to 56 of 118]
-2.5684438 -2.6134157 -2.6631615 -2.7243584 -2.8001614 -2.8824831 -2.9720254 -3.045443 -3.1022953 -3.14 -3.14 -3.1272883 -3.0874916 -3.0493518 -3.0145298 -2.9887581 -2.9937327 -3.0013928 -3.0362149 -3.0632821 -3.0881549 -3.1003335 -3.0655115 -3.0180666 -2.9384733 -2.8682284 -2.7985844 -2.7548518 -2.7697755 -2.8021522 -2.9016437 -2.993541 -3.0930325 -3.1638139 -3.1795231 -3.1466595 -3.047168 -2.9325224 -2.7754305 -2.6574582 -2.5632031 -2.5502042 -2.5900009 -2.6822525 -2.8236351 -2.9468661 -3.0725396 -3.1233149 -3.151451 -3.0923609 -3.0222377 -2.9299183 -2.8500844 -2.8279751 -2.8385788 -2.932834 -3.0453847
-2.5574289 -2.6042994 -2.6540451 -2.7190391 -2.7920127 -2.8694843 -2.9560675 -3.0304344 -3.0872867 -3.1293175 -3.14 -3.126339 -3.0905454 -3.0656682 -3.0454963 -3.0283395 -3.0444541 -3.0618694 -3.1042199 -3.1330249 -3.1502677 -3.1576999 -3.1193834 -3.0633918 -2.9798819 -2.9111022 -2.8652637 -2.8307425 -2.8858507 -2.9364981 -3.0800282 -3.1897147 -3.310927 -3.3826576 -3.3937853 -3.3338901 -3.2021802 -3.0552935 -2.863387 -2.7220578 -2.6116497 -2.5967523 -2.6365489 -2.7384918 -2.8821474 -2.9953766 -3.1120496 -3.105988 -3.1135875 -2.979038 -2.8824377 -2.7344671 -2.6337289 -2.6116196 -2.627309 -2.7630265 -2.8951362
-2.5480551 -2.5979882 -2.647734 -2.7099555 -2.7810209 -2.845449 -2.9300168 -3.0033488 -3.0602011 -3.1054928 -3.1204165 -3.1199716 -3.0901242 -3.0750297 -3.0601059 -3.0580297 -3.0779525 -3.1040711 -3.1487669 -3.1830085 -3.197806 -3.1952891 -3.1505179 -3.1059746 -3.023002 -2.9668198 -2.9303681 -2.9387028 -3.0086457 -3.11496 -3.2764569 -3.4354823 -3.5648213 -3.6530394 -3.6582758 -3.5788154 -3.4295781 -3.2371074 -3.0224152 -2.8409709 -2.7152974 -2.6794289 -2.7192255 -2.8146467 -2.9612658 -3.0664296 -3.1659211 -3.1389636 -3.091836 -2.936701 -2.7743727 -2.6219196 -2.4760268 -2.4669389 -2.4931858 -2.6439213 -2.8168278
-2.5672427 -2.6125321 -2.6423795 -2.6982022 -2.7455791 -2.8035206 -2.8731647 -2.944309 -3.005899 -3.0527634 -3.0776363 -3.0802325 -3.0701283 -3.061836 -3.0568614 -3.0580297 -3.0829025 -3.1106943 -3.1504909 -3.1830085 -3.1929576 -3.1886659 -3.1485763 -3.1059746 -3.0562288 -3.0131821 -3.0330804 -3.0645434 -3.2088061 -3.3467715 -3.577173 -3.7604996 -3.9246606 -4.023938 -4.0134991 -3.9256412 -3.7316327 -3.5232888 -3.2562326 -3.0591825 -2.8968542 -2.8516826 -2.8666063 -2.954693 -3.0804831 -3.1743145 -3.2453994 -3.197188 -3.1117056 -2.9395646 -2.7545032 -2.60205 -2.4561572 -2.4837937 -2.532925 -2.7266716 -2.9162218
-2.5947572 -2.6470321 -2.6571867 -2.6828472 -2.708742 -2.7442743 -2.8050721 -2.8581169 -2.9170294 -2.9656402 -2.9953427 -3.018063 -3.0143499 -3.0193287 -3.0173705 -3.0287688 -3.0536417 -3.0831798 -3.1201635 -3.143994 -3.1525875 -3.1444816 -3.1085993 -3.0767137 -3.0369994 -3.0540841 -3.1233341 -3.1757536 -3.3372998 -3.5590759 -3.8066253 -4.0557749 -4.2276887 -4.3506168 -4.3382958 -4.2474093 -4.0436566 -3.8049554 -3.5220265 -3.2892477 -3.1104775 -3.0402623 -3.0467971 -3.1077248 -3.2260767 -3.3130392 -3.3702152 -3.3108039 -3.220654 -3.04234 -2.8623272 -2.7089775 -2.6118529 -2.6459545 -2.7579829 -2.9581609 -3.1813813
-2.6340795 -2.6555381 -2.6505636 -2.6512724 -2.6560101 -2.6656017 -2.7153475 -2.7698923 -2.8267446 -2.8805678 -2.9203644 -2.9499153 -2.9598644 -2.9771568 -2.9821314 -2.9950297 -3.0199025 -3.0433305 -3.073178 -3.0940042 -3.0989788 -3.0952331 -3.0703602 -3.0539025 -3.0442458 -3.068089 -3.1583729 -3.2895424 -3.5096186 -3.7524474 -4.0464224 -4.3055678 -4.4946017 -4.6157948 -4.6000856 -4.5002119 -4.2813305 -4.0290491 -3.7253381 -3.4797966 -3.28605 -3.207 -3.207 -3.2694277 -3.3741557 -3.4466918 -3.4990558 -3.4511365 -3.3621178 -3.212198 -3.0341606 -2.9466864 -2.8545395 -2.9508748 -3.0675955 -3.2871971 -3.4825424
-2.680602 -2.6902055 -2.6454344 -2.6383801 -2.609954 -2.6091755 -2.639023 -2.6911133 -2.7527033 -2.8082297 -2.8579754 -2.8903066 -2.9194773 -2.9443544 -2.9592781 -2.975266 -3.0051135 -3.029974 -3.0498723 -3.0675072 -3.0675072 -3.0621171 -3.0372442 -3.0207866 -3.0257612 -3.0548426 -3.1692579 -3.3094119 -3.5581408 -3.8120561 -4.1262398 -4.3918684 -4.5858769 -4.7085195 -4.6979049 -4.5995597 -4.3806783 -4.1290512 -3.8305766 -3.5880219 -3.404748 -3.3262174 -3.3262174 -3.3901915 -3.4999962 -3.5765707 -3.6381427 -3.6026833 -3.5343207 -3.4140486 -3.2725954 -3.2229343 -3.1658294 -3.2874302 -3.4186244 -3.6333167 -3.8251979
-2.7249789 -2.7181895 -2.6680648 -2.6328584 -2.6044322 -2.6060139 -2.6382476 -2.6850301 -2.7491671 -2.8100872 -2.8658088 -2.908724 -2.9400001 -2.9715085 -2.9926115 -3.012353 -3.0422004 -3.0704928 -3.0935824 -3.1014468 -3.0884783 -3.0812113 -3.0492924 -3.0029873 -2.9878989 -3.0117972 -3.099055 -3.2368855 -3.4546045 -3.711886 -4.0054862 -4.2769229 -4.4678841 -4.5941386 -4.5871014 -4.511593 -4.313903 -4.0838191 -3.811265 -3.5942311 -3.4300306 -3.3729231 -3.3837319 -3.4568452 -3.5719095 -3.6642779 -3.7320234 -3.7269967 -3.6694407 -3.5887449 -3.4653243 -3.4423836 -3.40574 -3.522778 -3.6535025 -3.8324616 -4.0027158
-2.7654873 -2.7471968 -2.6875018 -2.6543221 -2.625896 -2.6398038 -2.6746258 -2.7363997 -2.8027273 -2.8667104 -2.9264053 -2.974823 -3.009645 -3.0370448 -3.0619176 -3.0870269 -3.1168744 -3.1451667 -3.1700396 -3.1786352 -3.1587369 -3.1245562 -3.0698359 -3.0112047 -2.9863318 -2.9408976 -3.0151767 -3.1236174 -3.327575 -3.5266831 -3.8094485 -4.0396548 -4.2286887 -4.3482391 -4.3482391 -4.2823176 -4.1032329 -3.9184858 -3.6723752 -3.5074558 -3.3713095 -3.3526043 -3.3824517 -3.4803742 -3.6060477 -3.7035677 -3.7874752 -3.7886706 -3.7636845 -3.6899333 -3.6082925 -3.589296 -3.5724864 -3.6885598 -3.8012996 -3.9636279 -4.0801724
-2.7787337 -2.7661708 -2.7363234 -2.714194 -2.7284071 -2.7548685 -2.8245125 -2.8970158 -2.9728188 -3.0389133 -3.0891566 -3.1337795 -3.1545766 -3.1761317 -3.1963805 -3.2194907 -3.2493381 -3.2776305 -3.2934585 -3.2978526 -3.2645396 -3.223904 -3.1293972 -3.0509438 -2.956153 -2.8746657 -2.8547674 -2.9315449 -3.0586753 -3.2153932 -3.4299845 -3.6290171 -3.7947186 -3.9044855 -3.939235 -3.8863697 -3.7868782 -3.62986 -3.4832409 -3.3505543 -3.2877175 -3.2863129 -3.3509824 -3.4572351 -3.5928013 -3.6918333 -3.780852 -3.7860168 -3.7703077 -3.7014716 -3.628162 -3.5974444 -3.5658632 -3.6448999 -3.7284446 -3.8335441 -3.9212158
-2.7923325 -2.8177712 -2.8077727 -2.8037085 -2.8519381 -2.9606108 -3.0573241 -3.1320267 -3.2102464 -3.2662875 -3.2988885 -3.3383885 -3.3453053 -3.3204282 -3.3196124 -3.3395107 -3.3633381 -3.3885203 -3.4034441 -3.3988127 -3.3546556 -3.3009394 -3.1930967 -3.0439907 -2.894537 -2.7860158 -2.7008326 -2.6874385 -2.7289217 -2.8448501 -2.9962671 -3.1800073 -3.3325012 -3.4544135 -3.5085297 -3.5630435 -3.5139216 -3.4424364 -3.3499728 -3.2847944 -3.25179 -3.2762157 -3.3475693 -3.4416365 -3.5715045 -3.6548631 -3.7373013 -3.7265208 -3.7076917 -3.6205463 -3.5464809 -3.4708067 -3.4350023 -3.4381825 -3.4924007 -3.5453412 -3.6149086
-2.7924489 -2.8140538 -2.8439013 -2.9275451 -3.0175613 -3.1485383 -3.2778773 -3.394476 -3.4750167 -3.5341209 -3.5540192 -3.5432108 -3.5133633 -3.4748557 -3.459932 -3.4376629 -3.4575612 -3.4759044 -3.4908281 -3.4861968 -3.436451 -3.3617833 -3.2224952 -3.0721501 -2.89804 -2.7177332 -2.5983434 -2.5114748 -2.5164493 -2.5343284 -2.6547655 -2.7697102 -2.9139729 -3.0391876 -3.1334427 -3.1991087 -3.1991087 -3.2084871 -3.1770687 -3.1928379 -3.2085471 -3.2774114 -3.3619792 -3.4507379 -3.5659386 -3.6424284 -3.7000287 -3.6669121 -3.6203459 -3.521626 -3.4155525 -3.3337193 -3.2499806 -3.238926 -3.2274731 -3.2588915 -3.2779376
-2.7725793 -2.806547 -2.9110131 -3.0184483 -3.1937429 -3.3494589 -3.5285436 -3.6574831 -3.7285484 -3.785802 -3.7551513 -3.7220368 -3.6421996 -3.5808268 -3.5209663 -3.475568 -3.4705934 -3.4825276 -3.4974513 -3.4928199 -3.4474153 -3.3750297 -3.2314513 -3.0787733 -2.883466 -2.6898897 -2.510805 -2.4055037 -2.3566877 -2.3422559 -2.4141335 -2.5047827 -2.6399733 -2.7610137 -2.8987727 -2.9805435 -3.0693618 -3.1094555 -3.1775287 -3.224225 -3.2922982 -3.3693288 -3.448922 -3.5187668 -3.5858082 -3.64572 -3.6404836 -3.5887605 -3.4945053 -3.3794959 -3.2433496 -3.1447171 -3.0380386 -2.998398 -2.9625456 -2.9683333 -2.9732709
-2.7635976 -2.8573323 -2.9770348 -3.1229483 -3.3201944 -3.5317568 -3.7172175 -3.8373596 -3.8992803 -3.917089 -3.8577237 -3.8058254 -3.7084128 -3.5823789 -3.4979083 -3.4476922 -3.4340789 -3.4353247 -3.4502484 -3.4546425 -3.4247776 -3.3509387 -3.2139837 -3.0912846 -2.9107993 -2.7226298 -2.5560803 -2.4043134 -2.3350645 -2.2995801 -2.3465683 -2.4304208 -2.5591617 -2.6958176 -2.8430281 -2.9935444 -3.1045792 -3.2025235 -3.2892461 -3.3625734 -3.4343634 -3.4886419 -3.557451 -3.5846464 -3.6273354 -3.5986735 -3.5808749 -3.4798311 -3.3821213 -3.2432185 -3.1070307 -3.0000577 -2.8924611 -2.8500937 -2.8118951 -2.8251449 -2.8432493
-2.7580831 -2.8540352 -3.0082471 -3.2052925 -3.4327017 -3.6398292 -3.8338377 -3.956432 -4.0085466 -4.0096688 -3.9300755 -3.8299908 -3.6907027 -3.5646688 -3.4651772 -3.3913806 -3.3714823 -3.3657957 -3.3807194 -3.3939831 -3.3740847 -3.3294788 -3.2250127 -3.1322483 -2.9631127 -2.8110936 -2.6519071 -2.5214873 -2.4468686 -2.3979931 -2.4346479 -2.4935006 -2.617865 -2.7548085 -2.9171368 -3.0565661 -3.1908797 -3.3107409 -3.4207052 -3.5082546 -3.5868005 -3.6342651 -3.6790363 -3.6805811 -3.6701083 -3.6074271 -3.5341176 -3.414679 -3.2837691 -3.1450084 -2.9983893 -2.9023576 -2.8022104 -2.7755453 -2.7635183 -2.7844639 -2.8224739
-2.7580831 -2.8577415 -3.0214934 -3.2185388 -3.445948 -3.6480697 -3.8221799 -3.9377324 -3.9661585 -3.9607073 -3.8612158 -3.7571357 -3.6134335 -3.4857386 -3.3912216 -3.3185255 -3.2986272 -3.2942798 -3.3241272 -3.3441619 -3.3640602 -3.3294788 -3.2749309 -3.2161343 -3.1216174 -2.9930787 -2.8985617 -2.7875677 -2.7427965 -2.7022456 -2.7284276 -2.7807876 -2.87033 -2.9998665 -3.1292714 -3.2522955 -3.3716853 -3.4853844 -3.5744032 -3.6514774 -3.6993947 -3.7284971 -3.7253986 -3.7075665 -3.6502388 -3.5658632 -3.4546393 -3.3294342 -3.1910444 -3.0690641 -2.9387806 -2.8810375 -2.8088336 -2.8419974 -2.8570153 -2.9407977 -2.9973626
-2.7667933 -2.8664517 -3.0168636 -3.2056548 -3.410682 -3.5829248 -3.7401368 -3.8133662 -3.8353252 -3.8185334 -3.7244825 -3.6259571 -3.4931044 -3.4019052 -3.3172526 -3.2901466 -3.2867432 -3.2823957 -3.3157821 -3.3565025 -3.3805702 -3.3991804 -3.3645887 -3.3522285 -3.2701588 -3.2575063 -3.20804 -3.1265315 -3.0861738 -3.0853036 -3.1078565 -3.1418891 -3.218057 -3.2763298 -3.3794524 -3.4509912 -3.5489744 -3.6119496 -3.6817646 -3.7210644 -3.7504432 -3.7496348 -3.7310128 -3.6677071 -3.5996356 -3.4980879 -3.3745401 -3.2368907 -3.1026749 -2.9806945 -2.888651 -2.834494 -2.8372321 -2.8713859 -2.9802255 -3.0739467 -3.2044061
-2.7790614 -2.8501877 -2.9845013 -3.1400237 -3.3105806 -3.426939 -3.5513034 -3.6225763 -3.6367894 -3.6323185 -3.5576999 -3.4779584 -3.388416 -3.349002 -3.3042308 -3.2878858 -3.2978349 -3.3231595 -3.3729053 -3.4240816 -3.4688528 -3.506357 -3.5262553 -3.5582819 -3.5483327 -3.546441 -3.5265427 -3.5121809 -3.5022318 -3.4882723 -3.4935087 -3.4888218 -3.5136947 -3.5424715 -3.5791263 -3.5820293 -3.6268005 -3.654339 -3.6857574 -3.6991489 -3.7043853 -3.6878639 -3.6530418 -3.5946274 -3.510845 -3.4038006 -3.2781271 -3.1504181 -3.0195082 -2.9307377 -2.8469554 -2.8549838 -2.8704336 -2.9928642 -3.1277144 -3.2795699 -3.4254633
-2.7856846 -2.8349913 -2.9182694 -3.0670626 -3.152341 -3.2207611 -3.2705069 -3.335337 -3.3400747 -3.3444178 -3.3344687 -3.2660163 -3.2578634 -3.2744354 -3.314232 -3.3212829 -3.3859524 -3.4242378 -3.4889073 -3.5448769 -3.6045718 -3.645444 -3.6975776 -3.75587 -3.8105903 -3.8287227 -3.8635448 -3.8641777 -3.8691522 -3.8564706 -3.8198159 -3.7944797 -3.7347848 -3.7477903 -3.692987 -3.6347388 -3.5899676 -3.5938639 -3.5624455 -3.565064 -3.5454287 -3.5328406 -3.5073317 -3.4592579 -3.3982508 -3.303911 -3.1986488 -3.0769673 -2.9532763 -2.8714788 -2.7939699 -2.8138762 -2.8373176 -2.9976095 -3.1497267 -3.3591826 -3.5208583
-2.7732797 -2.7927947 -2.8536135 -2.9365336 -2.9810823 -2.9643016 -2.981554 -3.0060072 -3.0060908 -3.0284969 -3.0545308 -3.0497045 -3.0788511 -3.1899443 -3.2785244 -3.3408041 -3.4317578 -3.5010925 -3.574676 -3.6408497 -3.7065889 -3.7662838 -3.8297962 -3.910792 -3.9842554 -4.0403275 -4.091023 -4.1167391 -4.1184882 -4.1024759 -4.0401363 -3.9718236 -3.8725472 -3.8100762 -3.7180375 -3.5840656 -3.5077182 -3.4555145 -3.4098637 -3.3942081 -3.3808596 -3.3870382 -3.3779802 -3.370624 -3.3307838 -3.2731834 -3.1817497 -3.0583063 -2.9368003 -2.8074337 -2.7334462 -2.7041598 -2.7336952 -2.8679304 -3.0415822 -3.2577447 -3.4573254
-2.7436612 -2.7727605 -2.7926588 -2.7817378 -2.7722624 -2.7312499 -2.706377 -2.665105 -2.6603673 -2.6766476 -2.7313679 -2.813766 -2.9182321 -3.0490137 -3.1733781 -3.3186711 -3.4281118 -3.5282219 -3.6078152 -3.6874289 -3.757073 -3.8296238 -3.909217 -3.9932418 -4.0778096 -4.1615141 -4.2213718 -4.2654565 -4.2654565 -4.2426907 -4.1641448 -4.0606771 -3.9313381 -3.7839369 -3.6320815 -3.4920516 -3.3826109 -3.2878003 -3.2249635 -3.1981957 -3.1981957 -3.2265507 -3.2514235 -3.3072783 -3.3125147 -3.2755209 -3.219541 -3.1135196 -2.9774096 -2.8410983 -2.687091 -2.6443167 -2.5818174 -2.7089454 -2.8311163 -3.051045 -3.2502343
-2.7035948 -2.7231255 -2.6982526 -2.6678287 -2.5825503 -2.5189611 -2.4244442 -2.3650069 -2.3460562 -2.3587345 -2.44755 -2.5422152 -2.7093398 -2.8635644 -3.0403882 -3.2066255 -3.3459137 -3.4553669 -3.5442948 -3.6278202 -3.6974643 -3.7700151 -3.8587396 -3.9468795 -4.0449916 -4.1350213 -4.1996908 -4.245587 -4.2367607 -4.2095748 -4.1075795 -3.9944452 -3.8314264 -3.6713427 -3.4990507 -3.3522592 -3.2278948 -3.1297198 -3.0825922 -3.0659919 -3.1131195 -3.1622288 -3.2567457 -3.3419712 -3.4184857 -3.3914331 -3.3652511 -3.2443221 -3.0767575 -2.8909997 -2.6605982 -2.5440183 -2.3963681 -2.4580699 -2.5330729 -2.7302658 -2.9190749
-2.6336383 -2.6357345 -2.6036656 -2.5434447 -2.4354566 -2.3020146 -2.188292 -2.1222567 -2.0956214 -2.1167806 -2.2093254 -2.3261898 -2.4967684 -2.6741922 -2.856381 -3.0226183 -3.1619064 -3.2871988 -3.3799469 -3.4679851 -3.547399 -3.6228567 -3.7159655 -3.8204317 -3.9232815 -4.0119595 -4.0732198 -4.1183766 -4.1084274 -4.0746625 -3.9699345 -3.853402 -3.7045496 -3.5375257 -3.3699216 -3.2392135 -3.1308296 -3.0511675 -3.0196791 -3.0408567 -3.1050542 -3.2126301 -3.3271225 -3.4458582 -3.5432635 -3.5655026 -3.5442873 -3.3783864 -3.2046705 -2.8942334 -2.6579098 -2.3728516 -2.2184076 -2.1600264 -2.2221257 -2.3943455 -2.6061965
-2.5553505 -2.5655482 -2.520777 -2.4245779 -2.2919225 -2.1569975 -2.0226839 -1.9338437 -1.9006798 -1.9067185 -2.0012354 -2.1230744 -2.2971846 -2.4582962 -2.6423555 -2.8045468 -2.943835 -3.0691274 -3.1636443 -3.2581186 -3.3426864 -3.4330678 -3.5375339 -3.6463684 -3.7509148 -3.8432157 -3.9029106 -3.9456945 -3.9359274 -3.911373 -3.807815 -3.7031458 -3.5638576 -3.4186703 -3.2615784 -3.1531141 -3.0585972 -2.9994687 -2.9837595 -3.0205927 -3.1096114 -3.2387279 -3.3879652 -3.5355182 -3.6716645 -3.7172417 -3.7120053 -3.5466333 -3.3371774 -3.005738 -2.6706087 -2.3557018 -2.067431 -1.974457 -1.9460826 -2.1071714 -2.3048937
-2.4753073 -2.4860102 -2.4362645 -2.338071 -2.2006779 -2.0647459 -1.9304324 -1.8408757 -1.8029741 -1.8062684 -1.8808871 -1.9939074 -2.1431447 -2.2940387 -2.4482506 -2.5981399 -2.7125551 -2.8278541 -2.922371 -3.016888 -3.1114049 -3.2060522 -3.3204674 -3.4334802 -3.5429208 -3.6374238 -3.6971187 -3.7399026 -3.734928 -3.7126773 -3.6446042 -3.5558539 -3.4563624 -3.3295613 -3.2248333 -3.134898 -3.0652539 -3.0150041 -3.0097677 -3.0489778 -3.1379965 -3.271499 -3.43566 -3.591446 -3.7485378 -3.8014095 -3.8113531 -3.6384539 -3.4152364 -3.0539786 -2.677705 -2.3178878 -1.9822757 -1.8385657 -1.775772 -1.9171547 -2.1070128
-2.3798357 -2.4021457 -2.3570704 -2.2560353 -2.1326782 -2.0233567 -1.9066648 -1.8259055 -1.8003949 -1.8005099 -1.87159 -1.971823 -2.1072052 -2.2199636 -2.3414126 -2.4747474 -2.5707068 -2.6742364 -2.7575273 -2.8550528 -2.9571554 -3.0574859 -3.1719012 -3.2835114 -3.3890575 -3.4849812 -3.5446761 -3.5926634 -3.6036739 -3.5920545 -3.5518506 -3.4900375 -3.4265254 -3.3252988 -3.2364508 -3.1677153 -3.0980712 -3.0419994 -3.0179064 -3.0363141 -3.1013029 -3.214191 -3.3618867 -3.5158423 -3.6684328 -3.734026 -3.7480546 -3.6068325 -3.3908034 -3.0540193 -2.67152 -2.3284647 -1.9760038 -1.8374073 -1.7575639 -1.8989466 -2.0847673
