P1_models/J1_p1_vp_slide_diff2_10.dat.tif
NCOLS 118
NROWS 92
XLLCORNER 139.62
YLLCORNER -39.07
DX 0.099491525
DY 0.099347826
NODATA_VALUE -9999
[rows 25 to 49 of 92, columns 0 to 55 of 118]
-9999 0.080480462 0.075750538 0.071020613 0.066290688 0.061560763 0.061420668 0.062283129 0.057665215 0.04918397 0.040702725 0.03222148 0.023740235 0.015488043 0.010227002 0.012051014 0.013875025 0.015699036 0.017523047 0.01779268 0.014476296 0.011159912 0.0078435277 0.0045271435 0.0063065001 0.012239781 0.0051150804 0.0056209695 0.0061268586 0.0066327478 0.0071386369 0.0049374016 -0.0024823054 -0.0099020124 -0.017321719 -0.024741426 -0.030286038 -0.035235156 -0.041274614 -0.045391505 -0.049508395 -0.053625286 -0.057742177 -0.054995942 -0.046131366 -0.03635676 -0.026582154 -0.016807548 -0.0070329421 0.0059201503 0.019877865 0.033913277 0.047948688 0.0619841 0.074228501 0.080469466
-9999 0.070334302 0.065604377 0.060874452 0.056144527 0.058466584 0.062054803 0.062917265 0.060633852 0.057850482 0.049369238 0.040887993 0.032406748 0.024154555 0.016361052 0.0085675496 0.010281593 0.012105604 0.013929615 0.014199248 0.010882864 0.0075664799 0.0042500957 0.010129775 0.02173712 0.027670401 0.018395767 0.0091211331 0.0092975339 0.0098034231 0.010309312 0.0081080769 0.00068836991 -0.0067313371 -0.014151044 -0.018669688 -0.022042282 -0.0269914 -0.034195959 -0.040952559 -0.04506945 -0.049186341 -0.053303231 -0.050556997 -0.042876949 -0.034454355 -0.024679749 -0.014905143 -0.0051305369 0.0078225555 0.021324977 0.035181547 0.049216958 0.06325237 0.075496771 0.081537328
-9999 0.060188141 0.055458216 0.051924281 0.0555125 0.059100719 0.062688938 0.0635514 0.061267988 0.058984575 0.056701163 0.049554505 0.04107326 0.032821068 0.025027565 0.017234062 0.0094405592 0.0085121721 0.010336183 0.010605816 0.007289432 0.0039730479 0.01395305 0.025560395 0.03716774 0.04310102 0.033826387 0.024551753 0.015277119 0.012974098 0.013479987 0.011278752 0.0038590452 -0.0035606618 -0.0070533384 -0.010425932 -0.013798527 -0.018747644 -0.025952203 -0.033156762 -0.040361321 -0.044747395 -0.048864286 -0.046118052 -0.038438004 -0.030757956 -0.022777344 -0.013002738 -0.0032281318 0.0097249607 0.023227382 0.036729803 0.050485228 0.06452064 0.076765041 0.082805598
-9999 0.05004198 0.048970197 0.052558416 0.056146635 0.059734854 0.063323073 0.064185535 0.061902123 0.059618711 0.057335298 0.055051886 0.049739773 0.04148758 0.033694077 0.025900575 0.018107072 0.010313569 0.0067427514 0.0070123842 0.0061689809 0.017776326 0.02938367 0.040991015 0.052598359 0.05853164 0.049257006 0.039982373 0.030707739 0.021433105 0.016650663 0.014449427 0.0079356055 0.0045630114 0.0011904174 -0.0021821767 -0.0055547708 -0.010503889 -0.017708447 -0.024913006 -0.032117565 -0.039322124 -0.04442534 -0.041679106 -0.033999059 -0.026319011 -0.018638963 -0.010958916 -0.0013257266 0.011627366 0.025129787 0.038632209 0.05213463 0.06578891 0.078033311 0.084073868
-9999 0.045558204 0.049146423 0.052734642 0.056322861 0.05991108 0.063499299 0.063125405 0.060841993 0.058558581 0.056275169 0.053991757 0.051708345 0.049993824 0.042200322 0.034406819 0.026613316 0.018819813 0.01102631 0.0090993329 0.020706678 0.032314022 0.043921367 0.055528711 0.067136056 0.073824887 0.064550253 0.05527562 0.046000986 0.036726352 0.027451719 0.020193028 0.016820434 0.01344784 0.010075246 0.0067026521 0.0033300581 -0.0016190598 -0.0088236185 -0.016028177 -0.023232736 -0.030437295 -0.037641853 -0.036850938 -0.02917089 -0.021490843 -0.013810795 -0.0061307474 0.0015493001 0.012865803 0.026368224 0.039870645 0.053373066 0.066875488 0.078637612 0.084678169
-9999 0.041964772 0.045552991 0.04914121 0.052729429 0.056317648 0.052120779 0.0482761 0.04583413 0.043550718 0.041267306 0.038983894 0.036700482 0.038380666 0.04799818 0.041593683 0.03380018 0.026006677 0.018213174 0.016286197 0.027893542 0.039500886 0.051108231 0.062715575 0.067512254 0.070461047 0.076868976 0.069437969 0.060163336 0.050888702 0.041614068 0.034355378 0.030982784 0.02761019 0.024237596 0.020865002 0.016547263 0.011397382 0.0053387311 -0.0018658276 -0.0090703863 -0.016274945 -0.023479504 -0.02496946 -0.021138513 -0.013458465 -0.0057784176 0.00190163 0.0095816776 0.0134401 0.022140657 0.035643078 0.049145499 0.062647921 0.074359331 0.079866898
-9999 0.03837134 0.041959559 0.045547778 0.047436548 0.042380421 0.037324295 0.033479616 0.031033103 0.02858659 0.026259443 0.023976031 0.021692619 0.023372803 0.032990317 0.042607831 0.040987044 0.033193541 0.025400038 0.023473061 0.035080406 0.04668775 0.058295095 0.060358224 0.062016416 0.06496521 0.071373139 0.077781067 0.074325685 0.065051052 0.055776418 0.048517728 0.045145134 0.04177254 0.038335968 0.033782966 0.029229964 0.024080084 0.018076285 0.012072486 0.0050919633 -0.0021125954 -0.0093171541 -0.010807111 -0.0081889127 -0.0054260877 0.0022539598 0.0099340074 0.017614055 0.021472478 0.024670419 0.031415511 0.044917932 0.058420354 0.070131764 0.075639331
-9999 0.034777908 0.038366127 0.03769619 0.032640063 0.027583937 0.02252781 0.018683131 0.016236618 0.013790105 0.011343592 0.0089681677 0.0066847556 0.0083649399 0.017982454 0.027599968 0.037217482 0.040380405 0.032586902 0.030659925 0.04226727 0.051546003 0.053204195 0.054862387 0.056520579 0.059469373 0.065877301 0.07228523 0.078693159 0.079213401 0.069938768 0.062680078 0.059307483 0.055571671 0.051018669 0.046465667 0.041912665 0.036762785 0.030758986 0.024755187 0.018751388 0.012049754 0.0048451955 0.0033552389 0.0059734369 0.008591635 0.011209833 0.017966385 0.025646432 0.029504855 0.032702797 0.035900739 0.040690365 0.054192787 0.065904197 0.071411764
-9999 0.031184476 0.027955832 0.022899705 0.017843579 0.012787452 0.0077313253 0.0038866462 0.0014401333 -0.0010063796 -0.0034528926 -0.0058994055 -0.0083231075 -0.0066429232 0.0029745909 0.012592105 0.022209619 0.031827133 0.039773766 0.037846789 0.044391974 0.046050166 0.047708358 0.04936655 0.051024742 0.053973535 0.060381464 0.066789393 0.073197322 0.07960525 0.084101117 0.076842427 0.072807374 0.068254372 0.06370137 0.059148368 0.054595366 0.049445486 0.043441687 0.037437888 0.031434089 0.02543029 0.019007545 0.017517589 0.020135787 0.022753985 0.025372183 0.027990381 0.03367881 0.037537232 0.040735174 0.043933116 0.047131058 0.050329 0.06167663 0.067184196
-9999 0.021028841 0.015972715 0.010916588 0.0058604612 0.0008043345 -0.0042517922 -0.0097564055 -0.012336462 -0.014782975 -0.017229488 -0.019676001 -0.022122514 -0.01999885 -0.010118379 -0.00050086441 0.0091166497 0.018734164 0.028351678 0.035562412 0.037220605 0.038878797 0.040536989 0.042195181 0.043853373 0.051673806 0.057367704 0.063775633 0.070183561 0.07659149 0.082999419 0.085663452 0.08111045 0.076557448 0.072004446 0.067451444 0.062898442 0.061143316 0.055413241 0.049409442 0.043405643 0.037401844 0.031398045 0.028616802 0.031235 0.033853198 0.036471396 0.039089594 0.041707792 0.043497776 0.046695718 0.04989366 0.053091602 0.056289544 0.060013764 0.065530635
-9999 0.013685741 0.0086296144 0.0035734877 -0.001482639 -0.0064917567 -0.011384783 -0.016883532 -0.023081365 -0.026877493 -0.029324006 -0.031770519 -0.034217032 -0.032093368 -0.020817662 -0.010435647 -0.00081813289 0.0087993812 0.018416895 0.02562763 0.027285822 0.028944014 0.030602206 0.033035246 0.046466602 0.057073145 0.06010848 0.0648555 0.071263429 0.077671358 0.084079286 0.08674332 0.082190318 0.077637316 0.073084314 0.069123561 0.067943153 0.066542654 0.064827283 0.060208119 0.05420432 0.048200521 0.042196722 0.03897494 0.037753114 0.039900457 0.042518655 0.045136853 0.047755051 0.048410053 0.049239239 0.052437181 0.055635122 0.058833064 0.062557285 0.06810447
-9999 0.0063426409 0.0012865142 -0.0037696125 -0.0087258575 -0.013618883 -0.018511909 -0.024010659 -0.030208492 -0.036406324 -0.041418524 -0.043865037 -0.04631155 -0.044187886 -0.03291218 -0.021636474 -0.010752915 -0.0011354014 0.0084821127 0.015692847 0.017351039 0.019009231 0.025003229 0.038434585 0.051865941 0.062472483 0.065507818 0.068543153 0.072343297 0.078751225 0.085159154 0.087823187 0.083270185 0.078717183 0.075703308 0.0745229 0.073342492 0.071941993 0.070226621 0.06851125 0.065002997 0.058999198 0.052995399 0.049773617 0.048551791 0.047329965 0.048565914 0.051184112 0.05380231 0.054457312 0.05477302 0.055088728 0.058178643 0.061376585 0.065100805 0.070647991
-9999 -0.0010004593 -0.006056586 -0.010959958 -0.015852984 -0.02074601 -0.025639036 -0.031137785 -0.037335618 -0.043533451 -0.049731284 -0.055929116 -0.058406068 -0.056282404 -0.045006698 -0.033730992 -0.022455285 -0.011179579 -0.0014526699 0.0057580646 0.0074162567 0.016971211 0.030402567 0.043833923 0.057265279 0.067871822 0.070907156 0.073942491 0.076977826 0.08001316 0.086239022 0.088903055 0.084350053 0.082283054 0.081102646 0.079922238 0.07874183 0.077341331 0.07562596 0.073910589 0.072195218 0.069797875 0.063794076 0.060572294 0.059350468 0.058128642 0.056906816 0.057231371 0.059849569 0.060504571 0.060820279 0.061135987 0.061451695 0.063920105 0.067644325 0.073191511
-9999 -0.0083010333 -0.013194059 -0.018087085 -0.022980111 -0.027873137 -0.032766162 -0.038264912 -0.044462745 -0.050660578 -0.05685841 -0.063056243 -0.069254076 -0.068376922 -0.057101216 -0.04582551 -0.034549803 -0.023274097 -0.011998391 -0.004176718 0.0089391936 0.02237055 0.035801905 0.049233261 0.062664617 0.07327116 0.076306495 0.079341829 0.082377164 0.085412499 0.088447833 0.090043208 0.0888628 0.087682392 0.086501984 0.085321577 0.084141169 0.082740669 0.081025298 0.079309927 0.077594556 0.075879185 0.074163814 0.07137097 0.070149145 0.068927319 0.067705493 0.066483667 0.065896828 0.06655183 0.066867538 0.067183246 0.067498954 0.067814662 0.070187846 0.075735031
-9999 -0.010102309 -0.014995335 -0.019888361 -0.024781387 -0.029674413 -0.037305588 -0.046037596 -0.052235429 -0.058433262 -0.064631095 -0.070828927 -0.07702676 -0.075803487 -0.061449042 -0.050173336 -0.038897629 -0.027621923 -0.016346217 -0.0044186746 0.0090126813 0.022444037 0.035875393 0.049306749 0.063306879 0.07587902 0.079607771 0.082643105 0.08567844 0.088713775 0.091749109 0.093344484 0.092164076 0.090983668 0.08980326 0.088622853 0.088001672 0.08749445 0.085779079 0.084063708 0.082348337 0.080632966 0.080889845 0.078399719 0.075621971 0.074400145 0.073178319 0.071956493 0.070734668 0.070823805 0.071139513 0.071455221 0.071770929 0.071168691 0.067277211 0.072824396
-9999 -0.010102309 -0.014995335 -0.019888361 -0.024781387 -0.034368851 -0.045296608 -0.054028617 -0.06022645 -0.066424283 -0.072622115 -0.078819948 -0.085017781 -0.083794508 -0.067710045 -0.051901124 -0.040625418 -0.029349712 -0.018074005 -0.0061464629 0.007284893 0.020716249 0.034147605 0.048849895 0.06460272 0.077174862 0.081221975 0.085234788 0.088270122 0.091305457 0.094340792 0.095936167 0.094755759 0.093575351 0.092394943 0.092199856 0.092537116 0.092029894 0.090314523 0.088599152 0.086883781 0.088118261 0.090176707 0.087686581 0.081926545 0.078071695 0.076849869 0.075628043 0.074406218 0.074495356 0.074811063 0.075126771 0.07302975 0.066413386 0.062521906 0.068069091
-9999 -0.010102309 -0.014995335 -0.020504356 -0.031432114 -0.042359871 -0.053287629 -0.062019638 -0.068217471 -0.074415303 -0.080613136 -0.086810969 -0.093008802 -0.091785529 -0.075701066 -0.059616602 -0.043532139 -0.0310775 -0.019801794 -0.0078742512 0.0055571047 0.018988461 0.034392912 0.050145736 0.065898561 0.078470703 0.082517816 0.086564929 0.090612042 0.09389714 0.096932474 0.098527849 0.097347441 0.096167033 0.096398041 0.096735301 0.09707256 0.096565339 0.094849967 0.093288233 0.095346678 0.097405123 0.099463569 0.096973443 0.091213407 0.085453372 0.080521419 0.079299594 0.078077768 0.078166906 0.078482614 0.074890809 0.068274445 0.061658081 0.0577666 0.063313786
-9999 -0.010102309 -0.017567619 -0.028495377 -0.039423134 -0.050350892 -0.06127865 -0.070010659 -0.076208492 -0.082406324 -0.088604157 -0.09480199 -0.10099982 -0.09977655 -0.083692087 -0.067607623 -0.05152316 -0.035438697 -0.021529582 -0.0096020395 0.0041831031 0.019935928 0.035688753 0.051441578 0.067194402 0.079766544 0.083813657 0.08786077 0.091907883 0.095954996 0.099524157 0.10111953 0.10025897 0.10059623 0.10093349 0.10127074 0.101608 0.10110078 0.10051665 0.10257509 0.10463354 0.10669199 0.10875043 0.1062603 0.10050027 0.094740234 0.088980198 0.083220162 0.081749318 0.081838456 0.076751868 0.070135503 0.063519139 0.056902775 0.053011295 0.058853473
-9999 -0.011121848 -0.022049605 -0.032977363 -0.043905121 -0.054832878 -0.065760636 -0.074962812 -0.081160644 -0.087358477 -0.09355631 -0.099754143 -0.10595198 -0.10527311 -0.089188643 -0.073104179 -0.057019716 -0.040935253 -0.02485079 -0.0088666087 0.0068862161 0.022639041 0.038391866 0.054144691 0.069897516 0.079722895 0.083770008 0.087817121 0.091864234 0.095911347 0.099958459 0.10273841 0.10307567 0.10341293 0.10375019 0.10408745 0.1044247 0.10616296 0.10822141 0.11027985 0.1123383 0.11439674 0.11645519 0.11445997 0.10869994 0.1029399 0.097179867 0.091419831 0.085659796 0.08026439 0.073648026 0.067031662 0.060415298 0.053798934 0.048731544 0.056236226
-9999 0.010861501 -6.6256608e-05 -0.010994014 -0.021921772 -0.03284953 -0.044223503 -0.054429116 -0.063193484 -0.069391317 -0.07558915 -0.081786982 -0.087984815 -0.087976514 -0.075540074 -0.059787343 -0.04370288 -0.027618417 -0.011533953 0.0044502275 0.020203052 0.035955877 0.051708702 0.067461527 0.076984844 0.08042405 0.07485927 0.07767096 0.081718073 0.085765186 0.089812298 0.092592247 0.092929506 0.093266766 0.093604025 0.093941284 0.097837186 0.10160429 0.10399384 0.10605228 0.10811073 0.11016918 0.11222762 0.11176842 0.10869994 0.1029399 0.097179867 0.091419831 0.085659796 0.085871381 0.082999616 0.076383252 0.069766887 0.063150523 0.057100955 0.053014695
-9999 0.03284485 0.021917092 0.010989334 -4.0168893e-05 -0.011457229 -0.022874289 -0.033079902 -0.041887349 -0.050694795 -0.05762199 -0.063819822 -0.070017655 -0.070009354 -0.057572914 -0.045136473 -0.030386044 -0.01430158 0.001782883 0.017767064 0.033519889 0.049272713 0.065025538 0.072088662 0.07888725 0.082326455 0.076761675 0.071196895 0.071571912 0.075619025 0.079666137 0.082446086 0.082783345 0.083120605 0.083743599 0.088465231 0.093186863 0.096953968 0.099355487 0.10175701 0.10388316 0.10594161 0.10800005 0.10754085 0.10527175 0.1029399 0.097179867 0.091419831 0.085659796 0.085871381 0.087115025 0.085734841 0.079118477 0.072502113 0.066452544 0.062366285
-9999 0.054828199 0.043900441 0.032726105 0.021309045 0.0098919845 -0.0015250758 -0.011730688 -0.020538135 -0.029345581 -0.038153028 -0.045852662 -0.052050495 -0.052042194 -0.039605754 -0.027169313 -0.014732872 -0.00098474403 0.015099719 0.0310839 0.046836725 0.060393892 0.06719248 0.073991067 0.080789655 0.08422886 0.07866408 0.0730993 0.06753452 0.065472864 0.069519977 0.072299925 0.072637184 0.074371644 0.079093275 0.083814907 0.088536539 0.092303644 0.094705164 0.097106683 0.099508203 0.10171404 0.10377249 0.10331329 0.10104418 0.098775076 0.096505971 0.091419831 0.085659796 0.085871381 0.087115025 0.088358669 0.088470067 0.081853703 0.075804134 0.071717875
-9999 0.076811547 0.065492379 0.054075319 0.042658258 0.031241198 0.019824138 0.0096185252 0.00081107872 -0.0079963678 -0.016803814 -0.025611261 -0.034083335 -0.034075034 -0.021638594 -0.0092021528 0.0032342878 0.015670729 0.028416556 0.044400736 0.05549771 0.062296297 0.069094885 0.075893472 0.08269206 0.086131266 0.080566485 0.075001705 0.069436925 0.063872145 0.059373816 0.062153764 0.064999688 0.06972132 0.074442952 0.079164583 0.083886215 0.08765332 0.09005484 0.092456359 0.094857879 0.097259399 0.09954492 0.099085719 0.096816614 0.094547509 0.092278404 0.090009299 0.085659796 0.085871381 0.087115025 0.088358669 0.089602314 0.090845958 0.085155724 0.081069465
-9999 0.093253375 0.081836315 0.070419254 0.059002194 0.047585134 0.036168074 0.033380577 0.02457313 0.015765684 0.0069582373 -0.0018492092 -0.010656656 -0.020799845 -0.011036939 0.001399502 0.013835943 0.026272383 0.038708824 0.049440462 0.05623905 0.063037638 0.069836225 0.076634813 0.0834334 0.088942086 0.084718454 0.079153674 0.073588893 0.068024113 0.062459333 0.060408054 0.065129686 0.069851318 0.07457295 0.079294581 0.084016213 0.086248536 0.088650055 0.091051575 0.093453094 0.095854614 0.097904509 0.099986793 0.097717688 0.095448583 0.093179478 0.090910373 0.088641268 0.089367275 0.090610919 0.091854563 0.093098207 0.094341851 0.095244145 0.091157886
-9999 0.10164275 0.090225687 0.078808626 0.067391566 0.060807565 0.063580279 0.060977195 0.052169749 0.043362302 0.034554856 0.024346949 0.008852367 -0.0022549175 -0.0045763864 0.00029563727 0.012732078 0.025168519 0.037604959 0.048336598 0.055135185 0.061933773 0.06873236 0.075647688 0.083441191 0.089162859 0.089331489 0.086880727 0.081315946 0.075751166 0.070186386 0.068135108 0.072856739 0.077578371 0.082300003 0.086334829 0.088021126 0.090001676 0.092403195 0.094804715 0.097206234 0.097975998 0.095917552 0.098813863 0.10527208 0.10450027 0.10223117 0.099962064 0.097692959 0.098418966 0.09966261 0.10090625 0.1021499 0.1050753 0.10650357 0.10241731
