P1_models/J1_p1_tot_conduct_slide_17.3.dat.tif
NCOLS 118
NROWS 92
XLLCORNER 139.62
YLLCORNER -39.07
DX 0.099491525
DY 0.099347826
NODATA_VALUE -9999
[rows 26 to 51 of 92, columns 0 to 56 of 118]
-2.5598784 -2.5891057 -2.6537752 -2.7277322 -2.808273 -2.9132649 -2.9878835 -3.0682803 -3.1488211 -3.2274618 -3.3369025 -3.4480508 -3.562466 -3.6136488 -3.6882674 -3.7174113 -3.7074622 -3.6650592 -3.5755168 -3.4754448 -3.3560447 -3.2468286 -3.1622608 -3.0843699 -3.0590492 -3.0422865 -3.0616964 -3.0880989 -3.1185873 -3.1593558 -3.1822885 -3.2191664 -3.2291156 -3.2392382 -3.249711 -3.2703301 -3.2653555 -3.232672 -3.1750716 -3.0753444 -2.9549073 -2.8083337 -2.6590964 -2.5174925 -2.3865826 -2.316523 -2.2693955 -2.3106428 -2.3734795 -2.5019307 -2.6328406 -2.7960107 -2.9539434 -3.1237552 -3.2899654 -3.4428452 -3.6024045
-2.579748 -2.6147647 -2.6993325 -2.7822852 -2.9054652 -3.026847 -3.1462368 -3.2352298 -3.3252459 -3.404336 -3.4739801 -3.5738914 -3.6111885 -3.6310995 -3.6211503 -3.6235894 -3.5539453 -3.4926533 -3.3782381 -3.270126 -3.1457615 -3.0348866 -2.9366218 -2.8525583 -2.8077871 -2.7839821 -2.7889567 -2.809925 -2.8546962 -2.9010515 -2.974361 -3.0294945 -3.1041132 -3.1332672 -3.1897222 -3.2251337 -3.2301083 -3.1969967 -3.1184508 -3.0079473 -2.8508554 -2.6937802 -2.5146954 -2.3687186 -2.2276261 -2.1635806 -2.1303085 -2.1789883 -2.2542621 -2.3974646 -2.5467391 -2.7270246 -2.9009579 -3.083359 -3.2568495 -3.4244142 -3.5896836
-2.6121148 -2.6649028 -2.7584793 -2.8656421 -2.9986891 -3.1396009 -3.2653002 -3.364456 -3.4476802 -3.5111518 -3.5510426 -3.6087333 -3.6263725 -3.5749785 -3.5285444 -3.4896884 -3.4029001 -3.3239255 -3.2182349 -3.1098366 -3.0032267 -2.8861292 -2.7893115 -2.7103539 -2.6533396 -2.6139752 -2.6002801 -2.610458 -2.6425794 -2.698469 -2.7812211 -2.8736685 -2.9786929 -3.0476726 -3.1224902 -3.2173162 -3.2483152 -3.2340086 -3.1716256 -3.0641813 -2.9144342 -2.7531575 -2.5786279 -2.4306163 -2.2934844 -2.2295237 -2.1990494 -2.2554544 -2.3344717 -2.4755258 -2.6326177 -2.8054707 -2.9881647 -3.1577268 -3.332112 -3.4865156 -3.6491427
-2.6423754 -2.7041759 -2.8185911 -2.9519973 -3.0988657 -3.239105 -3.3734186 -3.4772073 -3.5530104 -3.6012401 -3.6161638 -3.6123037 -3.572507 -3.5116972 -3.4370786 -3.3571205 -3.257629 -3.1662081 -3.0667166 -2.9774725 -2.8829555 -2.7913454 -2.7067776 -2.6332004 -2.5685309 -2.5079494 -2.4830765 -2.4644866 -2.4893595 -2.5263154 -2.6153342 -2.7194701 -2.8488091 -2.9751985 -3.0956356 -3.2052578 -3.2649527 -3.2915969 -3.2497057 -3.1679245 -3.0317782 -2.885773 -2.7216119 -2.5838772 -2.4582037 -2.4000671 -2.3738852 -2.4301895 -2.5139718 -2.6524333 -2.8042888 -2.9711866 -3.1422868 -3.3041945 -3.4610046 -3.6076237 -3.7505082
-2.68584 -2.7522192 -2.8744743 -3.0078805 -3.1591408 -3.2978222 -3.4230925 -3.5192472 -3.5716381 -3.6100945 -3.5802471 -3.5750482 -3.5031756 -3.4136375 -3.314146 -3.2366692 -3.157076 -3.0774506 -3.037654 -2.9634474 -2.9335999 -2.8472285 -2.7924486 -2.7442367 -2.6745926 -2.6067151 -2.5320964 -2.5016683 -2.4767954 -2.5038283 -2.5614287 -2.6656401 -2.8049283 -2.9317338 -3.0907034 -3.2409844 -3.3580913 -3.4039985 -3.4235644 -3.3632834 -3.2739386 -3.1506569 -3.0258647 -2.9023729 -2.7997118 -2.7444219 -2.7216026 -2.771268 -2.8492707 -2.9687712 -3.1085415 -3.2455843 -3.4030749 -3.5246756 -3.6686152 -3.7785796 -3.9103713
-2.7121151 -2.7967911 -2.9214907 -3.0617964 -3.2093666 -3.3214374 -3.4401802 -3.5178084 -3.5633365 -3.5812027 -3.5467394 -3.498108 -3.4135402 -3.3256753 -3.2311048 -3.1557022 -3.0947119 -3.0493305 -3.0339221 -3.022706 -3.0233373 -2.990583 -2.9507864 -2.9416478 -2.8757928 -2.7953352 -2.7070987 -2.6298783 -2.5810504 -2.5637433 -2.6015306 -2.6768379 -2.8065383 -2.9569308 -3.130269 -3.3012893 -3.4290766 -3.5316627 -3.5692725 -3.5744375 -3.5039313 -3.4306552 -3.3194097 -3.2350013 -3.1422505 -3.100561 -3.0796154 -3.1173369 -3.1906464 -3.288821 -3.4144945 -3.5236663 -3.6582277 -3.7611475 -3.870757 -3.963729 -4.0621724
-2.7334827 -2.8365302 -2.9658692 -3.0946953 -3.222613 -3.3346838 -3.4292007 -3.4913156 -3.5150041 -3.5149708 -3.4701996 -3.4103787 -3.3208363 -3.2329507 -3.1483829 -3.0828472 -3.0579743 -3.0493305 -3.079178 -3.1154307 -3.170151 -3.2110123 -3.2259361 -3.2198217 -3.1601268 -3.0867555 -2.9773148 -2.8749363 -2.7903685 -2.729323 -2.7345594 -2.7761857 -2.8856264 -3.0198502 -3.2031241 -3.3741444 -3.5283562 -3.6508801 -3.7294261 -3.7598868 -3.7441776 -3.6955828 -3.6259387 -3.5595376 -3.4967008 -3.4650584 -3.4493492 -3.4854559 -3.5378199 -3.6262208 -3.7204759 -3.8152093 -3.9099089 -3.9983458 -4.0826991 -4.1507722 -4.2211289
-2.7761054 -2.8769882 -3.0031545 -3.1316618 -3.2267781 -3.2975583 -3.3618805 -3.4147197 -3.4226676 -3.4221561 -3.3773849 -3.317245 -3.2417862 -3.1820871 -3.1288634 -3.0796261 -3.100039 -3.1109331 -3.1957337 -3.2511532 -3.3614368 -3.40453 -3.4450785 -3.4816971 -3.4456621 -3.3724502 -3.2630095 -3.152268 -3.0386982 -2.9661699 -2.9328565 -2.9600925 -3.0340503 -3.1679553 -3.3325934 -3.4833449 -3.6335197 -3.7630646 -3.8535511 -3.8953173 -3.8936377 -3.8577791 -3.8008934 -3.7413024 -3.6846419 -3.6534778 -3.6377686 -3.6579872 -3.701781 -3.7675392 -3.8534456 -3.9279505 -4.0163065 -4.0771068 -4.1553447 -4.2085335 -4.273315
-2.8001614 -2.9165466 -3.040911 -3.1424031 -3.2275807 -3.2498602 -3.3031822 -3.3237026 -3.326937 -3.3212076 -3.2794025 -3.2278008 -3.1631314 -3.1341864 -3.0911864 -3.0719534 -3.1004025 -3.1501568 -3.2425339 -3.3441102 -3.4615127 -3.5613941 -3.6260636 -3.6889025 -3.6628602 -3.6158729 -3.513322 -3.4077839 -3.2981653 -3.2006579 -3.1616347 -3.1527924 -3.2184322 -3.3153167 -3.4671722 -3.5882415 -3.734661 -3.8483519 -3.940533 -3.9826271 -3.9878635 -3.9530508 -3.9033051 -3.8470361 -3.7946722 -3.7644425 -3.7487333 -3.7664518 -3.7978702 -3.8555419 -3.9236151 -3.9866258 -4.0589689 -4.1128202 -4.1705575 -4.2215946 -4.2772502
-2.8396262 -2.9681465 -3.0775872 -3.1565632 -3.1944648 -3.2167442 -3.2217188 -3.2243548 -3.205404 -3.1887439 -3.163871 -3.1276455 -3.0977981 -3.0745777 -3.0646286 -3.0653302 -3.1101014 -3.1700263 -3.2744924 -3.3838493 -3.5131883 -3.6244622 -3.7189792 -3.7882504 -3.7932249 -3.7682062 -3.688613 -3.5998564 -3.5053394 -3.4192231 -3.3720955 -3.3581112 -3.4028824 -3.4823701 -3.6028072 -3.7207053 -3.8351205 -3.9344534 -3.9972901 -4.0286081 -4.0181353 -3.9782089 -3.9135394 -3.8525665 -3.7897298 -3.7568001 -3.7358545 -3.7517135 -3.7780006 -3.8317428 -3.8904991 -3.9437596 -3.9993602 -4.0435787 -4.0910793 -4.1382068 -4.1911488
-2.87834 -3.0093732 -3.1115378 -3.1791153 -3.1793517 -3.1409403 -3.1095902 -3.0990593 -3.0737328 -3.0597225 -3.0493646 -3.0227841 -3.0094921 -3.0210981 -3.0298011 -3.0359113 -3.0769012 -3.132558 -3.2178634 -3.3223295 -3.4322535 -3.5514188 -3.6441205 -3.7182349 -3.7471176 -3.743982 -3.7087797 -3.6369915 -3.579252 -3.5045377 -3.4818388 -3.4661008 -3.510872 -3.5807148 -3.6917171 -3.7828188 -3.8742057 -3.9523205 -3.992527 -3.9975671 -3.9650135 -3.9106769 -3.8362382 -3.7604494 -3.6882493 -3.6465276 -3.6218459 -3.64082 -3.6683973 -3.7169031 -3.773581 -3.8213062 -3.8723991 -3.9010067 -3.9411846 -3.9714555 -4.0251665
-2.904374 -3.0445725 -3.1390895 -3.1644351 -3.1407467 -3.0682773 -3.0135569 -2.9676372 -2.9392111 -2.9292923 -2.9243177 -2.924466 -2.9344151 -2.9662714 -2.9813796 -2.9963033 -3.0356151 -3.0723015 -3.1504166 -3.2224886 -3.3249681 -3.4250741 -3.5146164 -3.584424 -3.6201471 -3.650914 -3.629202 -3.6108333 -3.5651081 -3.5331255 -3.5201261 -3.5301724 -3.5749549 -3.6378574 -3.7373489 -3.821639 -3.9012323 -3.9503368 -3.9765188 -3.9564824 -3.9041185 -3.8241756 -3.7396078 -3.6520911 -3.5683088 -3.5214212 -3.4900028 -3.5098939 -3.5413122 -3.5956984 -3.6480623 -3.6920829 -3.7374613 -3.7559822 -3.7762545 -3.7992574 -3.8320228
-2.9426554 -3.0754989 -3.1351938 -3.1457286 -3.0699255 -2.9828836 -2.883392 -2.8275573 -2.7896558 -2.7772924 -2.8021653 -2.8121415 -2.8618873 -2.9066627 -2.9414847 -2.9631874 -2.9781111 -3.0060696 -3.0359171 -3.0900249 -3.1447452 -3.2263784 -3.2921505 -3.3526124 -3.4023581 -3.438972 -3.4588703 -3.4585 -3.4585 -3.447024 -3.4679696 -3.4904333 -3.5501282 -3.6179267 -3.7121818 -3.7939626 -3.8586321 -3.9017174 -3.9017174 -3.8733073 -3.7999978 -3.7119945 -3.6025538 -3.5103172 -3.4160621 -3.3709041 -3.3442926 -3.3687619 -3.4088485 -3.4715202 -3.5354681 -3.5730194 -3.6116207 -3.6060934 -3.6106748 -3.6054384 -3.626704
-2.9426554 -3.0648093 -3.1127577 -3.093162 -3.0001587 -2.8813966 -2.7705062 -2.704005 -2.6709846 -2.6693411 -2.7172658 -2.7506768 -2.8109998 -2.8889447 -2.9356994 -2.957674 -2.9604616 -2.9629447 -2.9588587 -2.9796807 -2.9999083 -3.0575354 -3.1157974 -3.1534245 -3.1999329 -3.2469752 -3.2800266 -3.3012257 -3.3179212 -3.3271317 -3.3580498 -3.3956292 -3.4612057 -3.532352 -3.6266071 -3.7104853 -3.7776973 -3.8179152 -3.8204008 -3.780994 -3.7056717 -3.6109727 -3.5015321 -3.4009259 -3.3066708 -3.2652033 -3.2412629 -3.2869364 -3.3320674 -3.4096767 -3.4782754 -3.5167232 -3.5510586 -3.5232497 -3.5060569 -3.4661517 -3.464207
-2.9381264 -3.0557514 -3.0806242 -3.0244045 -2.9106999 -2.7919378 -2.6675734 -2.5931807 -2.5647545 -2.5773892 -2.6420586 -2.7152663 -2.8048086 -2.8899999 -2.9447203 -2.977452 -2.9724775 -2.954942 -2.9300691 -2.905471 -2.905471 -2.9156447 -2.9504668 -2.9808475 -3.0256187 -3.0672266 -3.1070232 -3.1420115 -3.1668844 -3.1929062 -3.229561 -3.2756722 -3.3453163 -3.4231151 -3.5173702 -3.6021543 -3.6717983 -3.7176616 -3.722898 -3.6888179 -3.6102719 -3.5143423 -3.4049016 -3.3061071 -3.2118519 -3.1740077 -3.1582985 -3.2109898 -3.279063 -3.3659652 -3.4497475 -3.4918093 -3.5255938 -3.4902634 -3.4434732 -3.3858728 -3.3380589
-2.9050104 -3.0123551 -3.0143923 -2.9572685 -2.8293508 -2.7101995 -2.6007588 -2.5347101 -2.5347101 -2.5585705 -2.6680112 -2.7483822 -2.8674029 -2.9702292 -3.0299241 -3.0614531 -3.0415548 -3.0166288 -2.9569339 -2.9205531 -2.8807564 -2.8825288 -2.8936091 -2.906999 -2.941821 -2.9802334 -3.0100808 -3.0422686 -3.0621669 -3.0861152 -3.1122972 -3.1548681 -3.214563 -3.2906513 -3.380406 -3.4654506 -3.5450438 -3.5955666 -3.6165122 -3.5880108 -3.5241705 -3.43028 -3.3254234 -3.23091 -3.14562 -3.1182293 -3.1185594 -3.1866816 -3.2724398 -3.3806958 -3.4828635 -3.5370205 -3.5785793 -3.5288336 -3.4741837 -3.3694558 -3.3034255
-2.8728561 -2.9667826 -2.9626054 -2.8836235 -2.7640172 -2.6573154 -2.561257 -2.5464029 -2.5639783 -2.6026647 -2.718302 -2.8557342 -2.9826017 -3.0953814 -3.1550763 -3.1842585 -3.1567214 -3.1243825 -3.0612784 -2.9902487 -2.9479282 -2.9071273 -2.9109416 -2.9171874 -2.9504215 -2.9689681 -2.9904141 -3.0176599 -3.0354202 -3.0382746 -3.0609348 -3.0813246 -3.1377159 -3.1938221 -3.2817172 -3.3637332 -3.4433265 -3.4987912 -3.5212797 -3.5028007 -3.4419796 -3.356635 -3.2542406 -3.169981 -3.0884103 -3.064454 -3.0784136 -3.1552468 -3.2697852 -3.3865291 -3.5325565 -3.5908973 -3.6647822 -3.6150365 -3.5571258 -3.4501513 -3.3475197
-2.8382369 -2.908988 -2.8990388 -2.8339189 -2.7296897 -2.6602213 -2.5955518 -2.5879667 -2.630606 -2.7106221 -2.8548848 -2.9974399 -3.1367281 -3.2451463 -3.3048412 -3.3311158 -3.2962938 -3.2459209 -3.1613531 -3.0843065 -3.0246116 -2.9809039 -2.9759294 -2.9765137 -2.996412 -3.0135048 -3.0284285 -3.0359682 -3.0309936 -3.0243614 -3.0243614 -3.0357739 -3.0755705 -3.1299416 -3.213724 -3.2921055 -3.3716987 -3.4271371 -3.4533191 -3.4367403 -3.3791399 -3.2967403 -3.1972488 -3.1137161 -3.0404065 -3.0340767 -3.0550223 -3.1601687 -3.2858422 -3.4426657 -3.5997576 -3.692812 -3.7732603 -3.7317583 -3.6692922 -3.5436187 -3.4203592
-2.7947723 -2.8655233 -2.8555741 -2.7904543 -2.7306874 -2.6984483 -2.6886904 -2.6958299 -2.7858369 -2.8679162 -3.0221281 -3.1650894 -3.3007592 -3.4019371 -3.4367592 -3.4579937 -3.4032734 -3.351478 -3.2669102 -3.1898636 -3.1301686 -3.086461 -3.0781223 -3.0751859 -3.0901096 -3.1053938 -3.1103684 -3.1149664 -3.0950681 -3.0840983 -3.0631527 -3.0701126 -3.0949855 -3.1485694 -3.2206289 -3.2893644 -3.3592803 -3.4104364 -3.4222729 -3.4037939 -3.3418845 -3.2594848 -3.1599933 -3.0787801 -3.0093603 -3.0169919 -3.0550223 -3.1797591 -3.3230977 -3.5023483 -3.6742685 -3.7967975 -3.8912358 -3.8746539 -3.818314 -3.6926405 -3.5620294
-2.7723635 -2.8298696 -2.8207068 -2.7833109 -2.7359754 -2.754727 -2.7597015 -2.8120201 -2.9089705 -3.0199209 -3.1725362 -3.3199175 -3.4539329 -3.5202846 -3.5466151 -3.5493185 -3.4910999 -3.4270491 -3.3424813 -3.2714516 -3.21916 -3.173999 -3.1640499 -3.1644685 -3.1793922 -3.1875575 -3.1865219 -3.1836914 -3.1617389 -3.144209 -3.127342 -3.1220465 -3.1469194 -3.1861065 -3.2538531 -3.3090728 -3.3724288 -3.4069573 -3.4114264 -3.374611 -3.3088625 -3.2272712 -3.1281899 -3.0591622 -2.9923238 -3.018448 -3.0655755 -3.2099548 -3.3670467 -3.5643474 -3.7528577 -3.8906 -4.0070362 -3.9999687 -3.9601211 -3.8366296 -3.7043727
-2.7534708 -2.7901304 -2.7901304 -2.7870754 -2.7823377 -2.8010894 -2.8458605 -2.9246143 -3.0430566 -3.1722542 -3.3214915 -3.4521406 -3.5466575 -3.6130092 -3.6229584 -3.6089272 -3.5442577 -3.4734114 -3.3888436 -3.3178139 -3.2780173 -3.2482857 -3.2433112 -3.2439468 -3.2588705 -3.2670357 -3.2570866 -3.2433001 -3.2184272 -3.1971945 -3.1867217 -3.1882784 -3.2131513 -3.250625 -3.3134618 -3.3686815 -3.4134527 -3.4334501 -3.4177409 -3.3679878 -3.2842055 -3.1941553 -3.0996384 -3.0326695 -2.9855419 -3.0192685 -3.0925781 -3.2456183 -3.4236558 -3.6283949 -3.8378507 -3.9830314 -4.1196304 -4.1196304 -4.0925848 -3.9721477 -3.8434596
-2.7288241 -2.7711683 -2.7776223 -2.7748499 -2.7960048 -2.8510672 -2.9264679 -3.005439 -3.1238813 -3.2409001 -3.3591247 -3.4895781 -3.5639976 -3.597184 -3.5799407 -3.5674068 -3.5073202 -3.4442058 -3.3828069 -3.31629 -3.2905472 -3.2609243 -3.2611834 -3.2633529 -3.2591314 -3.2659449 -3.2511586 -3.2386078 -3.2186229 -3.2026316 -3.2116511 -3.221747 -3.2690684 -3.3065204 -3.3661969 -3.4079007 -3.4322149 -3.434869 -3.3868835 -3.3291405 -3.2346729 -3.1533705 -3.0685854 -3.0290557 -3.0102104 -3.0686582 -3.1606555 -3.3217884 -3.5042197 -3.6956514 -3.899935 -4.0155773 -4.1445718 -4.1390445 -4.1151054 -4.0097157 -3.8876327
-2.7186826 -2.7508078 -2.7607569 -2.7815184 -2.8102849 -2.8848773 -2.9700385 -3.0615343 -3.1785421 -3.2832515 -3.3920703 -3.4877017 -3.5473966 -3.5568057 -3.535105 -3.508783 -3.4528962 -3.405642 -3.3539702 -3.3108218 -3.2901639 -3.2740114 -3.2789859 -3.2664688 -3.2557171 -3.2426323 -3.2228835 -3.2105615 -3.1944345 -3.1913783 -3.2105464 -3.2429293 -3.2969692 -3.3493175 -3.4069179 -3.4318421 -3.4480563 -3.4188359 -3.3580064 -3.2717152 -3.1722237 -3.1024176 -3.0228244 -3.0176739 -3.0176739 -3.1094825 -3.2194468 -3.3816168 -3.570127 -3.7349644 -3.928711 -4.0127611 -4.1179708 -4.1005717 -4.0775137 -3.9783254 -3.8818267
-2.698778 -2.7251228 -2.7450211 -2.7780398 -2.8301545 -2.9047469 -3.0042384 -3.1012734 -3.2007649 -3.2964979 -3.3760911 -3.4474754 -3.4673737 -3.4707042 -3.4408568 -3.4094352 -3.3696385 -3.3327869 -3.3128886 -3.2909523 -3.2859777 -3.2787309 -3.2687817 -3.2532224 -3.223375 -3.19627 -3.161448 -3.1377064 -3.1327318 -3.1383928 -3.1855204 -3.2363061 -3.3109248 -3.3758103 -3.4334106 -3.4583348 -3.4384365 -3.3923432 -3.2928516 -3.1920295 -3.0768288 -3.0057784 -2.9610072 -2.970061 -3.0276613 -3.1360805 -3.2826996 -3.4435467 -3.6164893 -3.760352 -3.9022183 -3.9577134 -4.0119998 -3.9788359 -3.9384267 -3.8546444 -3.7692325
-2.6830026 -2.7044344 -2.7318143 -2.774692 -2.8367499 -2.9188121 -3.0183036 -3.1089977 -3.1940693 -3.2865269 -3.3483583 -3.3845914 -3.3945435 -3.3846028 -3.357191 -3.337136 -3.3225298 -3.2889536 -3.2853933 -3.2943001 -3.2938919 -3.2945063 -3.2778602 -3.2515847 -3.2086485 -3.151657 -3.103477 -3.07646 -3.0798045 -3.1028204 -3.1688002 -3.2529003 -3.3448655 -3.4371291 -3.4864021 -3.5022406 -3.4535785 -3.3716548 -3.2402125 -3.1067469 -2.9805426 -2.9006262 -2.8744742 -2.9301263 -3.0153063 -3.1327327 -3.2975915 -3.4691481 -3.6016874 -3.7322181 -3.7741093 -3.8083256 -3.7667244 -3.7244689 -3.654231 -3.5881591 -3.534747
-2.6679881 -2.7026263 -2.7324737 -2.7836686 -2.8499963 -2.9296983 -3.0291225 -3.1154179 -3.1955022 -3.2563648 -3.2984598 -3.3278623 -3.3278623 -3.3180369 -3.2947055 -3.2826801 -3.276839 -3.2808856 -3.2992991 -3.3142229 -3.321044 -3.3172983 -3.2924254 -3.247647 -3.1859021 -3.131614 -3.0840199 -3.0628928 -3.0879567 -3.1359725 -3.2372205 -3.3417105 -3.454793 -3.5418515 -3.5837426 -3.5416295 -3.4676944 -3.3340669 -3.1783864 -3.0224742 -2.8915643 -2.8312276 -2.8113293 -2.8791191 -2.9890834 -3.1329036 -3.3004683 -3.4085312 -3.5394411 -3.5483268 -3.590218 -3.5166952 -3.473625 -3.4028095 -3.3572059 -3.3316229 -3.3374614
