P1_models/J1_p1_vp_slide_diff2_260.dat.tif
NCOLS 118
NROWS 92
XLLCORNER 139.62
YLLCORNER -39.07
DX 0.099491525
DY 0.099347826
NODATA_VALUE -9999
[rows 0 to 23 of 92, columns 0 to 53 of 118]
-9999 -9999 -9999 -9999 -9999 -9999 -9999 -9999 -9999 -9999 -9999 -9999 -9999 -9999 -9999 -9999 -9999 -9999 -9999 -9999 -9999 -9999 -9999 -9999 -9999 -9999 -9999 -9999 -9999 -9999 -9999 -9999 -9999 -9999 -9999 -9999 -9999 -9999 -9999 -9999 -9999 -9999 -9999 -9999 -9999 -9999 -9999 -9999 -9999 -9999 -9999 -9999 -9999 -9999
-9999 -0.019461959 -0.019705468 -0.019948978 -0.020192487 -0.020435997 -0.020700096 -0.020508034 -0.020731257 -0.021661422 -0.022591586 -0.02352175 -0.024451914 -0.024795661 -0.023976737 -0.023171187 -0.022365638 -0.021560088 -0.020754538 -0.019675268 -0.017964511 -0.016253754 -0.014542997 -0.01283224 -0.011413191 -0.012033383 -0.014125813 -0.017401782 -0.020677751 -0.02395372 -0.02722969 -0.028416853 -0.025577466 -0.022738079 -0.019898692 -0.017059305 -0.015576451 -0.016962561 -0.016699269 -0.016177281 -0.015655294 -0.015133307 -0.014611319 -0.01798338 -0.02262705 -0.026782829 -0.030938607 -0.035094386 -0.039250164 -0.030355426 0.0060614923 0.042478411 0.078895329 0.11531225
-9999 -0.020937274 -0.021180783 -0.021424293 -0.021667802 -0.021947916 -0.022250957 -0.022058895 -0.02129542 -0.021063058 -0.021993222 -0.022923386 -0.023853551 -0.024197297 -0.023366709 -0.022541571 -0.021736021 -0.020930471 -0.020124921 -0.019045651 -0.017334894 -0.015624137 -0.01391338 -0.013015565 -0.013404908 -0.0140251 -0.015264022 -0.016893245 -0.020169214 -0.023445184 -0.026721153 -0.027908317 -0.02506893 -0.022229543 -0.019390156 -0.019075096 -0.021371327 -0.022757437 -0.02284149 -0.022703399 -0.022181411 -0.021659424 -0.021137436 -0.024509497 -0.030680939 -0.035699089 -0.039854868 -0.044010646 -0.048166424 -0.040423467 -0.030624085 0.0025532102 0.038970129 0.075387047
-9999 -0.022412589 -0.022656099 -0.022899608 -0.023195735 -0.023498777 -0.023801818 -0.023609756 -0.022846281 -0.022082806 -0.021394858 -0.022325023 -0.023255187 -0.023598933 -0.022768345 -0.021937757 -0.021107168 -0.020300854 -0.019495305 -0.018416034 -0.016705277 -0.01499452 -0.014617938 -0.015007282 -0.015396625 -0.016016817 -0.017255739 -0.018494662 -0.019733584 -0.022936647 -0.026212616 -0.02739978 -0.024560393 -0.021721006 -0.022573742 -0.024869972 -0.027166203 -0.028552313 -0.028636366 -0.028720419 -0.028707529 -0.028185541 -0.027663554 -0.031035614 -0.037207056 -0.043378498 -0.048771128 -0.052926906 -0.057082685 -0.049339727 -0.039540345 -0.029740963 -0.00095507182 0.035461847
-9999 -0.023887904 -0.024140513 -0.024443555 -0.024746596 -0.025049638 -0.025352679 -0.025160617 -0.024397142 -0.023633667 -0.022870191 -0.022106716 -0.022656823 -0.02300057 -0.022169981 -0.021339393 -0.020508805 -0.019678216 -0.018865688 -0.017786417 -0.01607566 -0.016220312 -0.016609655 -0.016998999 -0.017388342 -0.018008534 -0.019247456 -0.020486379 -0.021725301 -0.022964223 -0.02570408 -0.026891243 -0.024051856 -0.026072387 -0.028368618 -0.030664848 -0.032961079 -0.034347189 -0.034431242 -0.034515295 -0.034599348 -0.034683402 -0.034189671 -0.037561732 -0.043733173 -0.049904615 -0.056076057 -0.061843167 -0.065998945 -0.058255988 -0.048456606 -0.038657223 -0.028857841 -0.0044633539
-9999 -0.025388333 -0.025691374 -0.025994416 -0.026297457 -0.026600499 -0.02690354 -0.026711478 -0.025948003 -0.025184528 -0.024421052 -0.023657577 -0.022894102 -0.022402206 -0.021571618 -0.020741029 -0.019910441 -0.019079852 -0.018249264 -0.017433341 -0.017822685 -0.018212028 -0.018601372 -0.018990715 -0.019380059 -0.020000251 -0.021239173 -0.022478095 -0.023717018 -0.02495594 -0.026194863 -0.027274801 -0.029571032 -0.031867263 -0.034163493 -0.036459724 -0.038755955 -0.040142065 -0.040226118 -0.040310171 -0.040394224 -0.040478278 -0.040562331 -0.044087849 -0.050259291 -0.056430733 -0.062602174 -0.068773616 -0.074915206 -0.067172248 -0.057372866 -0.047573484 -0.037774102 -0.027974719
-9999 -0.025687104 -0.025990146 -0.026293187 -0.026596228 -0.02689927 -0.027211059 -0.027027036 -0.026263561 -0.025500086 -0.024736611 -0.023973136 -0.023224841 -0.022671723 -0.022325679 -0.021495091 -0.020664503 -0.019833914 -0.019003326 -0.018541626 -0.01893097 -0.019320313 -0.019709657 -0.020099 -0.020560171 -0.020844172 -0.020661253 -0.021900176 -0.023139098 -0.024378021 -0.025616943 -0.027217007 -0.029513238 -0.031809469 -0.034105699 -0.03640193 -0.038433864 -0.039504746 -0.039588799 -0.039672853 -0.039756906 -0.039840959 -0.036899695 -0.04252702 -0.051855781 -0.058027223 -0.064198665 -0.070370107 -0.076541549 -0.069095618 -0.059296236 -0.049496854 -0.039697472 -0.030351784
-9999 -0.025787509 -0.02609055 -0.026393592 -0.026696633 -0.027012864 -0.02733091 -0.027146888 -0.026383413 -0.025619938 -0.024856462 -0.024118113 -0.023388236 -0.022835118 -0.022635969 -0.022436821 -0.021632827 -0.020802238 -0.01997165 -0.019509951 -0.019899294 -0.020288638 -0.020677981 -0.021192183 -0.02177454 -0.02205854 -0.021542871 -0.021027201 -0.022154075 -0.023392997 -0.02463192 -0.026231984 -0.028528215 -0.030824446 -0.033120676 -0.035016841 -0.036777503 -0.037848385 -0.037932439 -0.038016492 -0.038100545 -0.034070738 -0.029468054 -0.03509538 -0.04807693 -0.058842721 -0.065014163 -0.071185605 -0.077357046 -0.069911116 -0.060111734 -0.050312352 -0.041309579 -0.033317211
-9999 -0.025887914 -0.026190955 -0.026496622 -0.026814669 -0.027132715 -0.027450762 -0.027266739 -0.026503264 -0.025741261 -0.025011384 -0.024281508 -0.023551632 -0.022998514 -0.022799365 -0.022600216 -0.022401067 -0.021770563 -0.020939974 -0.020478275 -0.020867618 -0.021256962 -0.021824194 -0.022406551 -0.022988908 -0.023272909 -0.022757239 -0.02224157 -0.0217259 -0.022407974 -0.023646897 -0.025246961 -0.027543192 -0.029839154 -0.031599817 -0.03336048 -0.035121143 -0.036192025 -0.036276078 -0.035844466 -0.031241782 -0.026639098 -0.022036414 -0.02766374 -0.04064529 -0.053626839 -0.06582966 -0.072001102 -0.078172544 -0.070726614 -0.060927231 -0.052267373 -0.044275006 -0.036282638
-9999 -0.025988318 -0.026298427 -0.026616473 -0.02693452 -0.027252567 -0.027570614 -0.027386591 -0.026634533 -0.025904656 -0.02517478 -0.024444903 -0.023715027 -0.023161909 -0.02296276 -0.022763612 -0.022564463 -0.022365314 -0.021908298 -0.021446599 -0.021873849 -0.022456206 -0.023038563 -0.02362092 -0.024203277 -0.024487278 -0.023971608 -0.023455938 -0.022940269 -0.022424599 -0.022661874 -0.024261938 -0.026422131 -0.028182794 -0.029943456 -0.031704119 -0.033464782 -0.034535664 -0.033015509 -0.028412826 -0.023810142 -0.019207458 -0.014604774 -0.0202321 -0.033213649 -0.046195199 -0.059176748 -0.072158298 -0.078988042 -0.071542111 -0.063225168 -0.0552328 -0.047240433 -0.039248065
-9999 -0.025978134 -0.026296181 -0.026614227 -0.026932274 -0.027250321 -0.027568367 -0.027381392 -0.026651516 -0.025921639 -0.025191763 -0.024461887 -0.02373201 -0.023259943 -0.023060794 -0.022861645 -0.022662496 -0.022463347 -0.022264198 -0.022301365 -0.022883722 -0.023466079 -0.024048436 -0.024630793 -0.02521315 -0.026013237 -0.025497567 -0.024981898 -0.024466228 -0.023950558 -0.023434889 -0.02369674 -0.025457402 -0.027218065 -0.028978728 -0.030739391 -0.032500053 -0.031095287 -0.026492603 -0.02188992 -0.017287236 -0.012684552 -0.0080818681 -0.013699659 -0.026681208 -0.039662758 -0.052644307 -0.065625857 -0.078607406 -0.073705744 -0.065713376 -0.057721009 -0.049728641 -0.041736274
-9999 -0.025175693 -0.02549374 -0.025811787 -0.026129833 -0.02644788 -0.026666415 -0.026438829 -0.025708953 -0.024979077 -0.0242492 -0.023519324 -0.022986506 -0.022680773 -0.022711947 -0.022531313 -0.022332164 -0.022133016 -0.021933867 -0.021971034 -0.022553391 -0.023135748 -0.023718105 -0.024300462 -0.025172076 -0.026509903 -0.028741042 -0.028549933 -0.028034264 -0.027518594 -0.027002924 -0.027264775 -0.029025438 -0.030786101 -0.032546764 -0.034307426 -0.033368353 -0.03052797 -0.025925286 -0.021322602 -0.016719918 -0.012117234 -0.011918661 -0.016703541 -0.026041864 -0.039023413 -0.052004963 -0.064986512 -0.077968062 -0.073066399 -0.065074032 -0.057081664 -0.049089297 -0.044032239
-9999 -0.024373253 -0.024691299 -0.025009346 -0.025308597 -0.025516225 -0.025723852 -0.025496267 -0.024766391 -0.024036514 -0.023316629 -0.022842658 -0.022368687 -0.022062954 -0.022094128 -0.022125302 -0.022001833 -0.021802684 -0.021603535 -0.021640702 -0.022223059 -0.022805416 -0.023387773 -0.024364169 -0.025368702 -0.026706529 -0.028937668 -0.031168808 -0.031602299 -0.03108663 -0.03057096 -0.030832811 -0.032593474 -0.034354137 -0.036018153 -0.034409595 -0.032801036 -0.029960652 -0.025357968 -0.020755285 -0.016871134 -0.016913676 -0.016956217 -0.021741097 -0.029935184 -0.038384068 -0.051365618 -0.064347167 -0.077328717 -0.072427054 -0.064434687 -0.05644232 -0.052276733 -0.049687821
-9999 -0.023570812 -0.023888859 -0.024158407 -0.024366035 -0.024573662 -0.02478129 -0.024553704 -0.023823828 -0.023172781 -0.02269881 -0.022224838 -0.021750867 -0.021445135 -0.021476309 -0.021507483 -0.021538657 -0.021472353 -0.021273204 -0.021310371 -0.021892728 -0.022551729 -0.023556262 -0.024560795 -0.025565328 -0.026903155 -0.029134294 -0.031365434 -0.033596574 -0.034654666 -0.034138996 -0.034400847 -0.03616151 -0.037059395 -0.035450836 -0.033842277 -0.032233718 -0.029393335 -0.024790651 -0.021866149 -0.02190869 -0.021951231 -0.021993773 -0.026778653 -0.03497274 -0.043166827 -0.051360914 -0.063707823 -0.076689372 -0.07178771 -0.063795342 -0.060521227 -0.057932315 -0.055343403
-9999 -0.022768371 -0.023008218 -0.023215845 -0.023423472 -0.0236311 -0.023838727 -0.023611142 -0.023028932 -0.022554961 -0.02208099 -0.021607019 -0.021133048 -0.020827315 -0.020858489 -0.020889663 -0.020920837 -0.020952011 -0.020942872 -0.020980039 -0.021743822 -0.022748355 -0.023752888 -0.024757421 -0.025761953 -0.027099781 -0.02933092 -0.03156206 -0.033793199 -0.036024339 -0.037707032 -0.037968883 -0.038100636 -0.036492077 -0.034883518 -0.03327496 -0.031666401 -0.028826017 -0.026861163 -0.026903705 -0.026946246 -0.026988787 -0.027031328 -0.031816208 -0.040010296 -0.048204383 -0.05639847 -0.064592557 -0.076050028 -0.071354632 -0.06876572 -0.066176809 -0.063587897 -0.060998985
-9999 -0.021886401 -0.022094028 -0.022301655 -0.022509283 -0.02271691 -0.022924538 -0.022621584 -0.022147613 -0.021673641 -0.02119967 -0.020725699 -0.020251728 -0.020181148 -0.020247972 -0.020279146 -0.02031032 -0.020341494 -0.020372668 -0.020698171 -0.021702704 -0.022707237 -0.023711769 -0.024716302 -0.025720835 -0.02847409 -0.031313125 -0.033544265 -0.035775404 -0.038006544 -0.040237683 -0.041157308 -0.039548749 -0.03794019 -0.036331631 -0.034723073 -0.033114514 -0.030803372 -0.030845913 -0.030888454 -0.030930996 -0.030973537 -0.031016078 -0.03584217 -0.044036257 -0.052230344 -0.060424431 -0.068618519 -0.076812606 -0.079014284 -0.076425372 -0.073836461 -0.071247549 -0.068658637
-9999 -0.021038139 -0.021245767 -0.021453394 -0.021661021 -0.021819202 -0.021697529 -0.021334021 -0.020691403 -0.020180042 -0.019706071 -0.0192321 -0.018758129 -0.018687548 -0.01942478 -0.019685595 -0.019716769 -0.019747943 -0.019779117 -0.020104621 -0.021109153 -0.022113686 -0.023118219 -0.024122752 -0.024760409 -0.027377671 -0.035374766 -0.039675505 -0.041906645 -0.044137784 -0.046368924 -0.047288548 -0.045679989 -0.044071431 -0.042462872 -0.04061891 -0.033414712 -0.030000335 -0.032007833 -0.032426866 -0.032469407 -0.032511949 -0.03255449 -0.037405172 -0.045711642 -0.053905729 -0.062099816 -0.070293903 -0.07848799 -0.085113864 -0.088741755 -0.086152843 -0.083563932 -0.08097502
-9999 -0.020189878 -0.020397505 -0.020605133 -0.020665841 -0.020544168 -0.020422495 -0.020058986 -0.019416369 -0.018773752 -0.018212471 -0.0177385 -0.017264529 -0.017193949 -0.017931181 -0.018668413 -0.019123219 -0.019154393 -0.019185567 -0.01951107 -0.020515603 -0.021520136 -0.022443892 -0.023053941 -0.023663989 -0.026281251 -0.034278346 -0.042275441 -0.048037885 -0.050269025 -0.052500164 -0.053419789 -0.05181123 -0.050202671 -0.046940181 -0.039735983 -0.032531785 -0.029117407 -0.031124906 -0.033132405 -0.034007819 -0.03405036 -0.034092901 -0.038943583 -0.047250777 -0.05555797 -0.063775201 -0.071969288 -0.080163375 -0.086789249 -0.093144092 -0.098469226 -0.095880314 -0.093291402
-9999 -0.019341617 -0.019549244 -0.01951248 -0.019390807 -0.019269134 -0.019147461 -0.018783952 -0.018141335 -0.017498717 -0.0168561 -0.016244901 -0.01577093 -0.015700349 -0.016437581 -0.017174814 -0.017912046 -0.018560843 -0.018592017 -0.01891752 -0.019922053 -0.020737423 -0.021347472 -0.021957521 -0.02256757 -0.025184832 -0.033181927 -0.041179022 -0.049176117 -0.056400265 -0.058631405 -0.059551029 -0.05794247 -0.053261452 -0.046057254 -0.038853055 -0.031648857 -0.02823448 -0.030241979 -0.032249478 -0.034256976 -0.035588772 -0.035631313 -0.040481995 -0.048789188 -0.057096382 -0.065403575 -0.073644673 -0.08183876 -0.088464634 -0.094819477 -0.10117432 -0.10752916 -0.10560779
-9999 -0.018480793 -0.018359119 -0.018237446 -0.018115773 -0.0179941 -0.017872426 -0.017508918 -0.0168663 -0.016223683 -0.015581066 -0.014938448 -0.014295831 -0.01420675 -0.014943982 -0.015681214 -0.016418446 -0.017155679 -0.017892911 -0.018323969 -0.019030955 -0.019641004 -0.020251053 -0.020861102 -0.02147115 -0.024088412 -0.032085507 -0.040082602 -0.048079697 -0.056076792 -0.064073887 -0.06568227 -0.059582723 -0.052378525 -0.045174326 -0.037970128 -0.03076593 -0.027351553 -0.029359051 -0.03136655 -0.033374049 -0.035381548 -0.037169725 -0.042020407 -0.0503276 -0.058634793 -0.066941987 -0.07524918 -0.083514145 -0.090140018 -0.096494862 -0.10284971 -0.10920455 -0.11555939
-9999 -0.019990771 -0.019869098 -0.019747424 -0.019625751 -0.019504078 -0.018708918 -0.016567642 -0.015925024 -0.015282407 -0.01463979 -0.013997172 -0.013449711 -0.013800135 -0.0141232 -0.014860433 -0.015597665 -0.016334897 -0.017072129 -0.017770903 -0.018380952 -0.018991001 -0.01960105 -0.020211099 -0.020821147 -0.022234304 -0.027005799 -0.035002894 -0.042999989 -0.050997084 -0.05899418 -0.06179901 -0.054594812 -0.047390614 -0.040186415 -0.032982217 -0.026344012 -0.025574828 -0.027582327 -0.029589826 -0.031597325 -0.033604824 -0.036874083 -0.043478877 -0.051613585 -0.059920778 -0.068227971 -0.076535164 -0.084842358 -0.091484898 -0.097839742 -0.10419459 -0.11054943 -0.11690427
-9999 -0.023601536 -0.023479863 -0.023358189 -0.023236516 -0.021459199 -0.018019402 -0.015878126 -0.015235508 -0.014592891 -0.013950273 -0.013795115 -0.014477855 -0.01482828 -0.014513223 -0.01454717 -0.015284402 -0.016021634 -0.016758866 -0.01745764 -0.018067689 -0.018677738 -0.019287787 -0.020189211 -0.02186614 -0.02328105 -0.023993679 -0.026918518 -0.034915613 -0.042912708 -0.050909803 -0.053714634 -0.046510435 -0.039306237 -0.032102039 -0.026603127 -0.023893079 -0.023123896 -0.025131395 -0.027138894 -0.029146393 -0.033446863 -0.039894257 -0.046499051 -0.053216998 -0.061016352 -0.069323545 -0.077630738 -0.085937932 -0.092580472 -0.098935316 -0.10529016 -0.10980055 -0.096103228
-9999 -0.027212301 -0.027090628 -0.026968954 -0.02420948 -0.020769683 -0.017329886 -0.015188609 -0.014545992 -0.013903375 -0.014140519 -0.014823259 -0.015505999 -0.015856424 -0.015541368 -0.015226311 -0.014971139 -0.015708372 -0.016445604 -0.017144378 -0.017754426 -0.018364475 -0.019559026 -0.021235956 -0.022912886 -0.024327795 -0.025040424 -0.025753053 -0.026831236 -0.034828331 -0.042825427 -0.045630257 -0.038426059 -0.031221861 -0.026862243 -0.024152195 -0.021442147 -0.020672964 -0.022680463 -0.024687962 -0.030019643 -0.036467037 -0.042914431 -0.049519225 -0.056237172 -0.062955119 -0.070419119 -0.078726312 -0.087033506 -0.093676046 -0.10003089 -0.10073601 -0.087038691 -0.073341373
-9999 -0.030823066 -0.030399559 -0.026959761 -0.023519964 -0.020080167 -0.01664037 -0.014499093 -0.013856476 -0.014485923 -0.015168663 -0.015851403 -0.016534144 -0.016884568 -0.016569512 -0.016254455 -0.015939399 -0.015624342 -0.016132341 -0.016831115 -0.017441164 -0.018928842 -0.020605772 -0.022282702 -0.023959631 -0.025374541 -0.02608717 -0.026799799 -0.027512428 -0.028225057 -0.03474105 -0.037545881 -0.030341682 -0.027121359 -0.024411311 -0.021701263 -0.018991215 -0.018222032 -0.020229531 -0.026592423 -0.033039817 -0.039487211 -0.045934604 -0.052539399 -0.059257346 -0.065975293 -0.07269324 -0.079821886 -0.08812908 -0.09477162 -0.091671472 -0.077974154 -0.064276836 -0.050579518
