P1_models/J1_p1_vp_slide_diff_100.dat.tif
NCOLS 118
NROWS 92
XLLCORNER 139.62
YLLCORNER -39.07
DX 0.099491525
DY 0.099347826
NODATA_VALUE -9999
[rows 0 to 26 of 92, columns 0 to 59 of 118]
-9999 -9999 -9999 -9999 -9999 -9999 -9999 -9999 -9999 -9999 -9999 -9999 -9999 -9999 -9999 -9999 -9999 -9999 -9999 -9999 -9999 -9999 -9999 -9999 -9999 -9999 -9999 -9999 -9999 -9999 -9999 -9999 -9999 -9999 -9999 -9999 -9999 -9999 -9999 -9999 -9999 -9999 -9999 -9999 -9999 -9999 -9999 -9999 -9999 -9999 -9999 -9999 -9999 -9999 -9999 -9999 -9999 -9999 -9999 -9999
-9999 8.1229196 8.1213586 8.1197976 8.1182365 8.1166755 8.1146722 8.1149473 8.1190314 8.1232691 8.1275068 8.1317445 8.1359821 8.1401084 8.1430398 8.1448568 8.1466739 8.1484909 8.150308 8.1525994 8.1559852 8.1593711 8.162757 8.1661428 8.1688204 8.1668305 8.162784 8.1569137 8.1510434 8.145173 8.1393027 8.1367318 8.1405213 8.1443107 8.1481001 8.1518896 8.1560982 8.162334 8.1660476 8.1669672 8.1678868 8.1688064 8.169726 8.1661214 8.1625167 8.1599507 8.1573847 8.1548187 8.1522527 8.1476561 8.1436096 8.1395632 8.1355167 8.1314703 8.1292837 8.1318463 8.1320188 8.1321913 8.1323638 8.1325363
-9999 8.1159086 8.1143475 8.1127865 8.1112255 8.1088783 8.1060387 8.1063138 8.1101835 8.1141686 8.1184063 8.122644 8.1268817 8.131008 8.1349112 8.1383603 8.1401773 8.1419944 8.1438114 8.1461029 8.1494887 8.1528746 8.1562605 8.1576724 8.155959 8.1539691 8.1512379 8.1479053 8.142035 8.1361646 8.1302943 8.1277234 8.1315129 8.1353023 8.1390918 8.1436613 8.1490377 8.1552734 8.1627386 8.1678044 8.168724 8.1696436 8.1705633 8.1669586 8.1601016 8.1556997 8.1531337 8.1505677 8.1480017 8.143364 8.1383683 8.1342063 8.1301598 8.1261133 8.1239267 8.1281825 8.1314188 8.1315913 8.1317638 8.1319363
-9999 8.1088975 8.1073365 8.1057754 8.1030844 8.1002448 8.0974052 8.0976802 8.10155 8.1054197 8.1093058 8.1135435 8.1177812 8.1219075 8.1258107 8.1297139 8.1336171 8.1354979 8.1373149 8.1396063 8.1429922 8.1463781 8.1465244 8.144811 8.1430976 8.1411076 8.1383765 8.1356454 8.1329143 8.1271563 8.1212859 8.1187151 8.1225045 8.126294 8.1312243 8.1366008 8.1419772 8.1482129 8.155678 8.1631432 8.1695612 8.1704809 8.1714005 8.1677958 8.1609388 8.1540817 8.1488826 8.1463166 8.1437506 8.1391129 8.1341172 8.1291215 8.1248029 8.1207564 8.1185698 8.1228256 8.1270813 8.1309913 8.1311638 8.1313363
-9999 8.1018865 8.10013 8.0972904 8.0944508 8.0916112 8.0887716 8.0890467 8.0929164 8.0967862 8.1006559 8.1045256 8.1086807 8.112807 8.1167102 8.1206135 8.1245167 8.1284199 8.1308184 8.1331098 8.1364957 8.1353764 8.133663 8.1319496 8.1302362 8.1282462 8.1255151 8.122784 8.1200529 8.1173217 8.1122776 8.1097067 8.1134962 8.1187874 8.1241638 8.1295402 8.1349166 8.1411524 8.1486175 8.1560826 8.1635478 8.1710129 8.1722377 8.168633 8.161776 8.1549189 8.1480619 8.1420656 8.1394996 8.1348619 8.1298662 8.1248704 8.1198747 8.1153995 8.1132129 8.1174687 8.1217244 8.1259802 8.1302359 8.1307363
-9999 8.094336 8.0914965 8.0886569 8.0858173 8.0829777 8.0801381 8.0804132 8.0842829 8.0881526 8.0920224 8.0958921 8.0997618 8.1037066 8.1076098 8.111513 8.1154162 8.1193194 8.1232226 8.1259418 8.1242284 8.122515 8.1208016 8.1190882 8.1173748 8.1153848 8.1126537 8.1099226 8.1071915 8.1044603 8.1017292 8.100974 8.1063504 8.1117269 8.1171033 8.1224797 8.1278561 8.1340919 8.141557 8.1490221 8.1564872 8.1639524 8.1714175 8.1694703 8.1626132 8.1557561 8.1488991 8.142042 8.1352485 8.1306108 8.1256151 8.1206194 8.1156237 8.110628 8.107856 8.1121117 8.1163675 8.1206232 8.124879 8.1291347
-9999 8.0915279 8.0886883 8.0858487 8.0830091 8.0801695 8.0775689 8.0780635 8.0819333 8.085803 8.0896727 8.0935424 8.0972752 8.1001184 8.1020968 8.1060001 8.1099033 8.1138065 8.1177097 8.1199146 8.1182011 8.1164877 8.1147743 8.1130609 8.111135 8.1101332 8.1115891 8.1088579 8.1061268 8.1033957 8.1006646 8.1007027 8.1060791 8.1114555 8.116832 8.1222084 8.1257945 8.1298949 8.13736 8.1448251 8.1522903 8.1597554 8.1654908 8.1695535 8.1675181 8.160661 8.153804 8.1469469 8.1400898 8.1348198 8.1298241 8.1248284 8.1198327 8.1159265 8.1163708 8.1206265 8.1248823 8.129138 8.1333938 8.1325469
-9999 8.0896426 8.086803 8.0839634 8.0811238 8.0786445 8.0762148 8.0767094 8.0805792 8.0844489 8.0883186 8.0919616 8.0955281 8.0983714 8.0997663 8.1011611 8.1049587 8.1088619 8.1127652 8.11497 8.1132566 8.1115432 8.1098298 8.107747 8.1054627 8.1044609 8.1068966 8.1093323 8.1069311 8.1042 8.1014689 8.101507 8.1068834 8.1122598 8.1176363 8.1203027 8.1220512 8.1261516 8.1336167 8.1410818 8.148547 8.15366 8.1584456 8.1625082 8.1660512 8.1662103 8.1593533 8.1524962 8.1456392 8.1403691 8.1353734 8.1303777 8.1272951 8.126639 8.1270832 8.131339 8.1355947 8.1398505 8.137448 8.1335061
-9999 8.0877573 8.0849177 8.0821498 8.0797201 8.0772904 8.0748607 8.0753553 8.0792251 8.0830815 8.0866481 8.0902146 8.0937811 8.0966244 8.0980192 8.0994141 8.100809 8.1039174 8.1078206 8.1100254 8.108312 8.1065986 8.104359 8.1020747 8.0997904 8.0987886 8.1012243 8.1036599 8.1060956 8.1050043 8.1022732 8.1023113 8.1076877 8.1130623 8.1148108 8.1165594 8.1183079 8.1224083 8.1298734 8.1370437 8.1418293 8.1466148 8.1514003 8.155463 8.1590059 8.1625489 8.1649026 8.1580455 8.1511885 8.1459185 8.1409227 8.1386636 8.1380075 8.1373514 8.1377957 8.1420514 8.1462908 8.142349 8.1384072 8.1344654
-9999 8.085872 8.0832255 8.0807957 8.078366 8.0759363 8.0735066 8.0740013 8.077768 8.0813345 8.084901 8.0884675 8.0920341 8.0948773 8.0962722 8.0976671 8.0990619 8.1004568 8.102876 8.1050809 8.1032553 8.100971 8.0986867 8.0964024 8.094118 8.0931162 8.0955519 8.0979876 8.1004233 8.102859 8.1030774 8.1031156 8.1075705 8.109319 8.1110675 8.1128161 8.1145646 8.118665 8.1252129 8.1299985 8.134784 8.1395696 8.1443551 8.1484177 8.1519607 8.1555036 8.1590466 8.1625895 8.1567378 8.1514678 8.1500322 8.1493761 8.14872 8.1480639 8.1485081 8.1511919 8.1472501 8.1433082 8.1393664 8.1354246
-9999 8.0849031 8.0824734 8.0800437 8.077614 8.0751843 8.0727545 8.073426 8.0769925 8.0805591 8.0841256 8.0876921 8.0912586 8.0936624 8.0950573 8.0964522 8.097847 8.0992419 8.1006368 8.1009191 8.0986348 8.0963505 8.0940661 8.0917818 8.0894975 8.0884256 8.0908613 8.093297 8.0957327 8.0981684 8.1006041 8.102805 8.1045536 8.1063021 8.1080506 8.1097991 8.1115476 8.1145715 8.119357 8.1241426 8.1289281 8.1337136 8.1384992 8.1429089 8.1464518 8.1499948 8.1535377 8.1570807 8.1606236 8.1605863 8.1599301 8.159274 8.1586179 8.1579618 8.1555235 8.1515817 8.1476399 8.1436981 8.1397562 8.1358144
-9999 8.0880965 8.0856668 8.0832371 8.0808074 8.0783777 8.0776516 8.0790182 8.0825848 8.0861513 8.0897178 8.0932844 8.095784 8.0972865 8.0974304 8.0987247 8.1001196 8.1015145 8.1029094 8.1031917 8.1009074 8.098623 8.0963387 8.0940544 8.0916634 8.090474 8.0926369 8.0950403 8.097476 8.0999117 8.1023474 8.1045484 8.1062969 8.1080454 8.1097939 8.1115425 8.1134184 8.11651 8.1212955 8.1260811 8.1308666 8.1356522 8.1416731 8.1467955 8.1510119 8.1545548 8.1580978 8.1616407 8.1651837 8.1651463 8.1644902 8.1638341 8.163178 8.1588372 8.1521815 8.1482397 8.1442979 8.140356 8.1364142 8.1317553
-9999 8.0912899 8.0888602 8.0864305 8.0843226 8.0837832 8.0832438 8.0846105 8.088177 8.0917435 8.095256 8.097437 8.099618 8.1011205 8.1012644 8.1014084 8.1023922 8.1037871 8.1051819 8.1054643 8.1031799 8.1008956 8.0986113 8.0961816 8.0937416 8.0925523 8.0947151 8.096878 8.0992194 8.1016551 8.1040908 8.1062917 8.1080402 8.1097888 8.1115419 8.1134494 8.1153569 8.1184485 8.1232341 8.1280196 8.1330067 8.1390952 8.1451838 8.1503062 8.1547341 8.1591149 8.1626578 8.1662008 8.1697437 8.1697064 8.1690503 8.1683942 8.1629343 8.1554951 8.1488395 8.1448977 8.1409558 8.1369516 8.1322258 8.1274999
-9999 8.0944833 8.0920536 8.0904542 8.0899148 8.0893754 8.0888361 8.0902027 8.0937693 8.096909 8.09909 8.101271 8.1034519 8.1049545 8.1050984 8.1052424 8.1053863 8.1060596 8.1074545 8.1077369 8.1054525 8.1031399 8.1006999 8.0982599 8.0958198 8.0946305 8.0967934 8.0989562 8.101119 8.1033984 8.1058341 8.1080351 8.1097836 8.1115728 8.1134804 8.1153879 8.1172955 8.120387 8.1251726 8.1304289 8.1365174 8.1426059 8.1486945 8.1538169 8.1582448 8.1626727 8.1671006 8.1707608 8.1743038 8.1742665 8.1736103 8.1670314 8.1595922 8.1521531 8.1454975 8.1415556 8.1374221 8.1326962 8.1279704 8.1232445
-9999 8.0976768 8.0965858 8.0960464 8.0955071 8.0949677 8.0944283 8.095795 8.098562 8.100743 8.102924 8.105105 8.1072859 8.1087885 8.1089324 8.1090764 8.1092203 8.1093642 8.1097271 8.1100094 8.1076582 8.1052182 8.1027781 8.1003381 8.0978981 8.0967087 8.0988716 8.1010344 8.1031973 8.1053601 8.1075774 8.1097784 8.1116038 8.1135114 8.1154189 8.1173264 8.119234 8.1223256 8.127851 8.1339396 8.1400281 8.1461166 8.1522052 8.1573276 8.1617555 8.1661834 8.1706113 8.1750392 8.1788639 8.1785676 8.1711285 8.1636893 8.1562502 8.1488111 8.1421554 8.1378925 8.1331667 8.1284408 8.123715 8.1189891
-9999 8.1027801 8.1022407 8.1017013 8.1011619 8.1006226 8.1000832 8.1009047 8.1030857 8.1052667 8.1074477 8.1096287 8.1118097 8.1132636 8.1134001 8.113544 8.113688 8.1138319 8.1139758 8.1133384 8.1108984 8.1084584 8.1060183 8.1035783 8.1011383 8.097577 8.0988368 8.1009996 8.1031625 8.1053253 8.1074882 8.1095638 8.1114713 8.1133789 8.1152864 8.1171939 8.1191015 8.1208536 8.1269422 8.1330307 8.1391192 8.1452078 8.1512963 8.1561709 8.1605988 8.1650267 8.1694546 8.1738825 8.1783104 8.1730093 8.1655701 8.158131 8.1506919 8.1432528 8.1387919 8.1354834 8.1307576 8.1260317 8.1213059 8.11658
-9999 8.1085805 8.1080411 8.1075017 8.1069624 8.1065253 8.106667 8.107556 8.1093074 8.1113931 8.1135741 8.1157551 8.117936 8.1193899 8.1193878 8.1194842 8.1196281 8.1197721 8.119916 8.1192786 8.1168385 8.1143985 8.1119585 8.1095185 8.1069705 8.1033692 8.0969665 8.0960548 8.0982177 8.1003805 8.1025434 8.104619 8.1065266 8.1084341 8.1103416 8.1124573 8.1193114 8.1216992 8.1176972 8.1218524 8.1279409 8.1340295 8.140118 8.1448447 8.1485967 8.1530246 8.1574525 8.1618804 8.1663083 8.1615451 8.1548619 8.1474228 8.1399837 8.1325446 8.1280837 8.1339391 8.1326386 8.1279128 8.1231869 8.1184611
-9999 8.1143809 8.1138416 8.1133022 8.1130667 8.1132084 8.1133502 8.1142391 8.1159905 8.1177419 8.1197005 8.1218814 8.1240624 8.1255163 8.1255142 8.125512 8.1255683 8.1257122 8.1258561 8.1252187 8.1227787 8.1203387 8.1178749 8.1153188 8.1127627 8.1091614 8.1027587 8.096356 8.0932729 8.0954358 8.0975986 8.0996742 8.1015818 8.1034893 8.1068589 8.1137131 8.1205672 8.122955 8.118953 8.1149511 8.1167626 8.1228511 8.1289397 8.1336664 8.1374141 8.1411618 8.1454505 8.1498784 8.1543063 8.1495431 8.1431914 8.1367146 8.1292755 8.1218363 8.1173755 8.1232309 8.1290863 8.1297938 8.125068 8.1203422
-9999 8.1201814 8.119642 8.1196081 8.1197498 8.1198916 8.1200333 8.1209223 8.1226737 8.124425 8.1261764 8.1280078 8.1301888 8.1316427 8.1316405 8.1316384 8.1316362 8.1316524 8.1317963 8.1311589 8.1287189 8.1262232 8.1236671 8.121111 8.1185549 8.1149535 8.1085508 8.1021481 8.0957454 8.090491 8.0926538 8.0947295 8.096637 8.1012606 8.1081147 8.1149689 8.121823 8.1242108 8.1202088 8.1162069 8.1122049 8.1116728 8.1177614 8.1224881 8.1262357 8.1299834 8.1337311 8.1378763 8.1423042 8.137541 8.1311894 8.1248377 8.1184861 8.1111281 8.1066673 8.1125227 8.1183781 8.1242335 8.1269491 8.1222232
-9999 8.1260078 8.1261495 8.1262913 8.126433 8.1265747 8.1267165 8.1276054 8.1293568 8.1311082 8.1328596 8.1346109 8.1363623 8.1377691 8.1377669 8.1377648 8.1377626 8.1377605 8.1377583 8.137099 8.1345715 8.1320154 8.1294592 8.1269031 8.124347 8.1207457 8.114343 8.1079403 8.1015376 8.0951349 8.0887322 8.0897847 8.0956623 8.1025164 8.1093705 8.1162247 8.1230788 8.1254666 8.1214646 8.1174626 8.1134607 8.1094587 8.106583 8.1113097 8.1150574 8.1188051 8.1225528 8.1263005 8.1303021 8.125539 8.1191873 8.1128357 8.106484 8.1001324 8.095959 8.1018145 8.1076699 8.1135253 8.1193808 8.1241043
-9999 8.1298787 8.1300204 8.1301622 8.1303039 8.1304456 8.1310927 8.1333155 8.1350669 8.1368182 8.1385696 8.140321 8.1420561 8.1432243 8.1434017 8.1433995 8.1433974 8.1433952 8.1433931 8.1426186 8.1400625 8.1375064 8.1349503 8.1323942 8.1298381 8.1233193 8.1184044 8.1120017 8.105599 8.0991963 8.0927936 8.090919 8.0977731 8.1046272 8.1114813 8.1183355 8.1245624 8.1240189 8.120017 8.116015 8.112013 8.1080111 8.1042716 8.1046439 8.1082945 8.1120422 8.1157898 8.1195375 8.1232852 8.1184218 8.1120702 8.1057185 8.0993669 8.0930152 8.0892636 8.0951191 8.1009745 8.1068299 8.1126854 8.1153246
-9999 8.1316283 8.13177 8.1319117 8.1320535 8.1334374 8.1360687 8.1382916 8.1400429 8.1417943 8.1435457 8.1452137 8.1467386 8.1479068 8.1483608 8.1486635 8.1486613 8.1486592 8.148657 8.1478826 8.1453265 8.1427704 8.1402143 8.1362185 8.1283908 8.1218633 8.1188206 8.1147574 8.1083547 8.101952 8.0955493 8.0936747 8.1005288 8.107383 8.1142371 8.1192015 8.1210755 8.120532 8.1165301 8.1125281 8.1085261 8.1050012 8.101923 8.1022953 8.1051481 8.1086098 8.1123575 8.1161052 8.1198529 8.1149894 8.1086378 8.1022862 8.0959163 8.0893662 8.0855952 8.0914506 8.097306 8.1031615 8.1035698 8.0976698
-9999 8.1333778 8.1335196 8.1336613 8.1357822 8.1384135 8.1410448 8.1432676 8.145019 8.1467704 8.1483714 8.1498962 8.151421 8.1525892 8.1530432 8.1534972 8.1539253 8.1539231 8.153921 8.1531466 8.1505904 8.1480343 8.1425902 8.1347625 8.1269348 8.1204073 8.1173646 8.1143218 8.1111105 8.1047078 8.0983051 8.0964305 8.1032846 8.1101387 8.1138406 8.1157146 8.1175886 8.1170451 8.1130432 8.1090412 8.1057309 8.1026526 8.0995744 8.0999467 8.1027994 8.1056522 8.1089251 8.1126728 8.1164205 8.1115571 8.1052054 8.0987979 8.0922478 8.0856977 8.0819267 8.0877821 8.0936375 8.0918151 8.0859151 8.0800151
-9999 8.1351274 8.1354956 8.1381269 8.1407582 8.1433895 8.1460208 8.1482437 8.149995 8.151529 8.1530538 8.1545786 8.1561035 8.1572717 8.1577257 8.1581797 8.1586337 8.1590877 8.1591849 8.1584105 8.1558544 8.1489618 8.1411342 8.1333065 8.1254789 8.1189514 8.1159086 8.1128659 8.1098231 8.1067803 8.1010608 8.0991862 8.1060403 8.1084798 8.1103537 8.1122277 8.1141017 8.1135582 8.1095563 8.1064605 8.1033822 8.100304 8.0972258 8.097598 8.1004508 8.1033036 8.1061564 8.1092404 8.1129881 8.1081247 8.1016795 8.0951294 8.0885793 8.0820292 8.0782582 8.0841136 8.0800604 8.0741604 8.0682604 8.0623603
-9999 8.1378404 8.1404717 8.143103 8.1457343 8.1483656 8.1509969 8.1531618 8.1546866 8.1562114 8.1577363 8.1592611 8.1607859 8.1619541 8.1624081 8.1628621 8.1633162 8.1637702 8.1642242 8.1631612 8.1553335 8.1475059 8.1396782 8.1318506 8.1240229 8.1174954 8.1144526 8.1114099 8.1083671 8.1053244 8.1022816 8.1012449 8.1031189 8.1049929 8.1068668 8.1087408 8.1106148 8.1102683 8.1071901 8.1041118 8.1010336 8.0979554 8.0948771 8.0952494 8.0981022 8.100955 8.1038078 8.1066606 8.1095558 8.1045611 8.098011 8.0914609 8.0849108 8.0783607 8.0742057 8.0683057 8.0624057 8.0565056 8.0506056 8.0447056
-9999 8.1372688 8.1399001 8.1425314 8.1451627 8.147794 8.1526015 8.1574813 8.159878 8.1614028 8.1629276 8.1644525 8.1659773 8.1664003 8.1652061 8.1656601 8.1661141 8.1665681 8.1670221 8.1649719 8.1571442 8.1493166 8.1414889 8.1336612 8.1275377 8.1214346 8.1091743 8.1061315 8.1030887 8.100046 8.0970032 8.0956399 8.0975139 8.0993878 8.1012618 8.1031358 8.1047174 8.1052718 8.1038424 8.1007642 8.097686 8.0946077 8.0915295 8.0880254 8.0879833 8.0908361 8.0936889 8.0965417 8.0993945 8.103638 8.0986964 8.0921463 8.0855962 8.0790461 8.0737377 8.0716264 8.0657263 8.0598263 8.0539263 8.0480263
-9999 8.135634 8.1382653 8.1408966 8.1435279 8.1495027 8.1560778 8.1609577 8.1638811 8.1666917 8.1682165 8.1697414 8.1712662 8.1716892 8.1699058 8.1681224 8.1685509 8.1690049 8.1694589 8.1674087 8.159581 8.1517533 8.1439257 8.1391734 8.1363365 8.1302335 8.115376 8.1005185 8.0970778 8.094035 8.0909923 8.0896289 8.0915029 8.0933769 8.0952509 8.0966724 8.0979152 8.0984697 8.0980395 8.0972251 8.0941469 8.0910686 8.0879904 8.0844863 8.0806762 8.0792281 8.0820809 8.0849337 8.0877864 8.09203 8.0965138 8.0936661 8.087116 8.0805659 8.0752575 8.07425 8.0730671 8.0671671 8.061267 8.055367
