P1_models/J1_p1_tot_conduct_slide_29.85.dat.tif
NCOLS 118
NROWS 92
XLLCORNER 139.62
YLLCORNER -39.07
DX 0.099491525
DY 0.099347826
NODATA_VALUE -9999
[rows 0 to 25 of 92, columns 0 to 56 of 118]
-2.1750395 -2.1792045 -2.2886452 -2.3934749 -2.5261303 -2.6417063 -2.751147 -2.8405736 -2.9069013 -2.9507513 -3.0177627 -3.0652076 -3.158731 -3.2184598 -3.313802 -3.4022087 -3.4569291 -3.4184969 -3.3735671 -3.3217366 -3.2332292 -3.1654877 -3.093283 -3.055766 -3.055724 -3.0579401 -3.0927622 -3.1551676 -3.1822032 -3.182405 -3.1362782 -3.0577211 -2.9596557 -2.8548151 -2.7687393 -2.7203583 -2.7253329 -2.7873887 -2.8868803 -3.0324606 -3.1633705 -3.2831955 -3.3578141 -3.3798826 -3.3641734 -3.2834706 -3.2101611 -3.1083412 -3.0559772 -3.0281282 -3.0543101 -3.1183977 -3.2126432 -3.317675 -3.4187063 -3.4692286 -3.5048352
-2.0563168 -2.1233947 -2.2328354 -2.3558608 -2.4830443 -2.5972158 -2.7000621 -2.781027 -2.8494692 -2.9169692 -2.9970824 -3.1096417 -3.2290544 -3.3965587 -3.5246551 -3.7342145 -3.8512171 -3.8763908 -3.8517776 -3.8594047 -3.7746184 -3.7091099 -3.6272912 -3.5566175 -3.5383766 -3.4781944 -3.4715461 -3.5037665 -3.5198001 -3.472028 -3.4197443 -3.3185041 -3.2150989 -3.0942024 -3.0001375 -2.9295499 -2.9192797 -2.9309322 -3.0065596 -3.0852839 -3.1900654 -3.2620134 -3.329932 -3.3823156 -3.3818161 -3.3273959 -3.3338916 -3.308905 -3.3698923 -3.409192 -3.5397645 -3.6379045 -3.7758394 -3.8862121 -3.9525276 -3.9873589 -3.9520511
-1.9786674 -2.0420836 -2.1515242 -2.2662325 -2.3846748 -2.4867901 -2.5763325 -2.6593898 -2.7304551 -2.8243569 -2.9437468 -3.0904586 -3.2894417 -3.5140583 -3.7428888 -3.9587253 -4.1278609 -4.2633362 -4.3130819 -4.33235 -4.2726551 -4.2027864 -4.1082695 -4.0212883 -3.9516443 -3.8893697 -3.8545476 -3.8121614 -3.7624156 -3.6941462 -3.5894182 -3.4681778 -3.3288897 -3.1941127 -3.0684392 -2.9617021 -2.9119563 -2.8850787 -2.9112607 -2.9495669 -3.0176401 -3.0760455 -3.1357404 -3.1917857 -3.2389133 -3.3081065 -3.3709433 -3.4883465 -3.6035472 -3.770962 -3.9332903 -4.0849907 -4.2276572 -4.2967963 -4.3348003 -4.2929091 -4.2202061
-1.8669011 -1.9132459 -1.9962933 -2.1110015 -2.2124741 -2.3048851 -2.3900553 -2.4798176 -2.5690149 -2.6765058 -2.8506082 -2.99732 -3.2475212 -3.5310636 -3.8345127 -4.0648579 -4.2936884 -4.4382095 -4.5227773 -4.5483698 -4.5135478 -4.4449467 -4.3567504 -4.2749877 -4.200369 -4.1344248 -4.0797045 -4.0302497 -3.9456819 -3.8670799 -3.7152244 -3.5817781 -3.3977188 -3.2624143 -3.0959991 -2.939661 -2.8250269 -2.7720497 -2.7249835 -2.7275214 -2.7258059 -2.7624149 -2.788023 -2.8617313 -2.9346605 -3.0697676 -3.2032938 -3.4178255 -3.6097564 -3.8678296 -4.082312 -4.2693281 -4.4263529 -4.4539894 -4.4734227 -4.3477491 -4.2496705
-1.7468046 -1.7544144 -1.829033 -1.9182068 -2.0176983 -2.1219101 -2.209385 -2.3184756 -2.4159139 -2.5549999 -2.7421242 -2.9503869 -3.2239886 -3.5373187 -3.8433374 -4.1162739 -4.3397618 -4.5141644 -4.5904132 -4.6328624 -4.592291 -4.542935 -4.4583672 -4.3893639 -4.3255185 -4.2684719 -4.2280605 -4.1772427 -4.1074414 -4.0164921 -3.8776429 -3.7215842 -3.5424946 -3.3586955 -3.1754217 -3.0023039 -2.8761611 -2.7434145 -2.6716436 -2.5772636 -2.5497144 -2.4970549 -2.5119786 -2.5463713 -2.6301536 -2.7978722 -2.9759097 -3.2619423 -3.5237621 -3.8416815 -4.1244469 -4.3359857 -4.5182337 -4.5320804 -4.5136418 -4.3702831 -4.2051092
-1.5857581 -1.580434 -1.6252051 -1.7070926 -1.8065841 -1.910796 -2.0202367 -2.1384076 -2.2758007 -2.4370243 -2.6658548 -2.908439 -3.2268118 -3.5435279 -3.8569262 -4.1349016 -4.3438338 -4.5079551 -4.5626755 -4.5893977 -4.5346773 -4.4752376 -4.3956444 -4.3272715 -4.2874749 -4.2498442 -4.239895 -4.2144981 -4.1747015 -4.1096306 -3.9996663 -3.8643967 -3.7002357 -3.526345 -3.3430711 -3.1699534 -3.0107669 -2.86139 -2.7095345 -2.5834728 -2.4525629 -2.37281 -2.2981913 -2.3096865 -2.3568141 -2.5224997 -2.7371919 -3.0417472 -3.3809496 -3.7186704 -4.0623545 -4.2858692 -4.4933967 -4.4933967 -4.4577586 -4.2797212 -4.0871336
-1.4006494 -1.385135 -1.4233132 -1.4959785 -1.6040804 -1.715762 -1.8521507 -2.0298117 -2.2082939 -2.3780094 -2.6319572 -2.9307284 -3.2572703 -3.5872576 -3.8887074 -4.1224743 -4.2713406 -4.4320652 -4.4527706 -4.4119317 -4.3314672 -4.2201833 -4.135226 -4.056137 -4.0337121 -4.0612333 -4.1194263 -4.101672 -4.0978559 -4.1223684 -4.0544734 -4.0018492 -3.8783638 -3.7743953 -3.6190995 -3.4823243 -3.328002 -3.1776876 -2.9955735 -2.8255245 -2.6269196 -2.4844676 -2.3376989 -2.236349 -2.2441442 -2.4038855 -2.5856527 -2.8861969 -3.2265626 -3.5758579 -3.9368189 -4.1648162 -4.3774389 -4.3752969 -4.3268347 -4.1452582 -3.9369977
-1.2294954 -1.1962086 -1.2310306 -1.3120131 -1.4257177 -1.5766939 -1.7358803 -1.9323729 -2.1313559 -2.3776845 -2.6662099 -2.9718116 -3.3100828 -3.6207136 -3.9042645 -4.1097841 -4.2391231 -4.2829324 -4.2477978 -4.1618317 -4.0364264 -3.9207823 -3.8262654 -3.7587988 -3.7695817 -3.8200817 -3.8983995 -4.0003359 -4.0758858 -4.1635562 -4.1753837 -4.1975442 -4.1328747 -4.0497268 -3.9292897 -3.8484961 -3.6992588 -3.5236775 -3.3142216 -3.0701716 -2.8292973 -2.5922406 -2.4081813 -2.2785841 -2.2366929 -2.317118 -2.489919 -2.7747703 -3.115136 -3.4623758 -3.8236871 -4.0422686 -4.2543405 -4.2419002 -4.1957841 -4.0088588 -3.8147985
-1.0866829 -1.0547887 -1.0944274 -1.1770626 -1.3049803 -1.4642545 -1.658263 -1.8654227 -2.1212581 -2.3795763 -2.7178475 -3.033904 -3.3855574 -3.7006463 -3.939426 -4.1339616 -4.1737582 -4.1960031 -4.0517404 -3.9382991 -3.7343415 -3.5979019 -3.478146 -3.3986629 -3.4334849 -3.490992 -3.6501784 -3.7768033 -3.9558881 -4.0766269 -4.2180096 -4.2754314 -4.3401009 -4.2856779 -4.2649905 -4.2211792 -4.1316368 -3.9639484 -3.7492562 -3.4921244 -3.1894332 -2.9262396 -2.6503416 -2.4941567 -2.3670869 -2.4202136 -2.5333837 -2.7940082 -3.0965083 -3.4234797 -3.7615947 -3.9599667 -4.1549926 -4.1384107 -4.090227 -3.9226624 -3.7346909
-1.0502669 -1.0194176 -1.060506 -1.1518692 -1.2780232 -1.4348075 -1.628816 -1.8537254 -2.111615 -2.4018662 -2.7476228 -3.0910169 -3.4442118 -3.7510169 -3.9768123 -4.1336894 -4.1443615 -4.1064038 -3.9270601 -3.7451915 -3.5054918 -3.3247884 -3.1963345 -3.0954192 -3.1302413 -3.2069659 -3.3835639 -3.5635639 -3.7780819 -3.9700614 -4.1613873 -4.3105503 -4.4263092 -4.4660806 -4.4825595 -4.5389355 -4.4838918 -4.3644043 -4.170705 -3.9113518 -3.6076408 -3.298195 -3.0104577 -2.7842793 -2.6360607 -2.6195665 -2.7109791 -2.9102699 -3.1953935 -3.4636052 -3.7882618 -3.9505129 -4.1320264 -4.1113745 -4.0680077 -3.9189264 -3.7579451
-1.0853244 -1.0695372 -1.1143084 -1.2049628 -1.3281427 -1.4676648 -1.6616733 -1.8775406 -2.1381136 -2.4240297 -2.7772246 -3.1304195 -3.4836144 -3.7830214 -3.9969282 -4.1361401 -4.1212164 -4.0448223 -3.8358901 -3.608085 -3.3394579 -3.1042588 -2.9500469 -2.8433776 -2.8781996 -2.9499921 -3.139026 -3.3386024 -3.577382 -3.8157004 -4.0461019 -4.2629199 -4.4270809 -4.571549 -4.6762769 -4.7589573 -4.7490081 -4.6895202 -4.5271919 -4.3037956 -4.0000846 -3.6955709 -3.3821726 -3.1422526 -2.9537424 -2.91761 -2.9595011 -3.1377052 -3.3681066 -3.6170765 -3.8788963 -4.0255138 -4.1663441 -4.1435965 -4.1008727 -3.9647264 -3.8343305
-1.3212755 -1.309768 -1.362678 -1.4533323 -1.5401816 -1.6463644 -1.7796488 -1.9803653 -2.1888238 -2.4652754 -2.7736992 -3.1242103 -3.4551245 -3.7370524 -3.9360355 -4.0732638 -4.0533655 -3.9757876 -3.7618808 -3.5328919 -3.2592903 -3.0235387 -2.8589492 -2.7417076 -2.7566314 -2.8226292 -2.9818157 -3.1757256 -3.3995816 -3.6366201 -3.8774943 -4.104919 -4.3238003 -4.4722012 -4.6369696 -4.7744306 -4.8483559 -4.8101851 -4.7258876 -4.5241525 -4.2732911 -3.9815148 -3.6926345 -3.4549389 -3.2704136 -3.2261896 -3.2575446 -3.407219 -3.6102669 -3.8228093 -4.0589642 -4.1726574 -4.2967382 -4.2691016 -4.2271638 -4.1224359 -4.004833
-1.6224477 -1.6396933 -1.6979444 -1.7767374 -1.8537595 -1.9325533 -2.0486618 -2.096246 -2.2776349 -2.5214303 -2.829854 -3.0721099 -3.3954574 -3.635259 -3.834242 -3.9608722 -3.9491467 -3.8686001 -3.6546933 -3.4551406 -3.1815389 -2.9676228 -2.7984872 -2.6909671 -2.7058909 -2.7229988 -2.8576309 -3.0337284 -3.2575843 -3.4403497 -3.6812239 -3.8821812 -4.1010625 -4.304905 -4.4902983 -4.6580447 -4.7379763 -4.7993563 -4.7328034 -4.622393 -4.4013909 -4.1737091 -3.908718 -3.7411647 -3.5594436 -3.5169369 -3.545115 -3.6923005 -3.8681678 -4.0714506 -4.2603149 -4.3689277 -4.4530561 -4.4254196 -4.380513 -4.2757851 -4.1921971
-2.0125014 -2.0629471 -2.1325911 -2.1869407 -2.2201046 -2.2572707 -2.2721945 -2.3197786 -2.405057 -2.5569422 -2.7559253 -2.9825534 -3.2412314 -3.4767085 -3.6607678 -3.7870135 -3.7919881 -3.7358357 -3.5716747 -3.3830062 -3.1541757 -2.9454952 -2.7912833 -2.6796443 -2.6647205 -2.6795341 -2.7740511 -2.8990355 -3.0532474 -3.2215804 -3.4100906 -3.6078258 -3.8217326 -4.0373371 -4.2729749 -4.4670235 -4.62621 -4.718067 -4.7390126 -4.6659855 -4.5193664 -4.329999 -4.1260413 -3.958488 -3.8171053 -3.7869031 -3.8183215 -3.9551819 -4.1227466 -4.298628 -4.471429 -4.5581055 -4.633124 -4.6054875 -4.5636949 -4.4851489 -4.4098848
-2.468996 -2.5463569 -2.6294865 -2.6777831 -2.6729183 -2.608545 -2.5409988 -2.5160043 -2.4871155 -2.5598334 -2.6418017 -2.8612762 -3.0707896 -3.2266583 -3.3907066 -3.5281939 -3.5615397 -3.5369677 -3.4343649 -3.2747166 -3.1123618 -2.9053321 -2.7699027 -2.6815001 -2.6495507 -2.6454405 -2.6796557 -2.7650667 -2.8364743 -2.9795677 -3.1029303 -3.2882211 -3.4744092 -3.6955165 -3.9469368 -4.2020706 -4.4182412 -4.56364 -4.6546784 -4.6467257 -4.5637754 -4.4303309 -4.2697981 -4.1327087 -4.0174518 -3.9992404 -4.0349383 -4.1581721 -4.3207358 -4.4749061 -4.6429304 -4.7219179 -4.7963987 -4.7742375 -4.7398885 -4.6792862 -4.6073236
-2.8802182 -3.0077972 -3.1023141 -3.1276598 -3.1039713 -2.9758299 -2.8663892 -2.7189662 -2.6479008 -2.570304 -2.6134899 -2.6990959 -2.8533077 -2.9597166 -3.1165512 -3.2500427 -3.2929339 -3.3171797 -3.23464 -3.1526188 -3.0116863 -2.8740761 -2.7646355 -2.6961605 -2.6613384 -2.6292198 -2.6476821 -2.6595465 -2.707479 -2.7587529 -2.8578858 -2.9795653 -3.1565948 -3.3648285 -3.6318847 -3.9189026 -4.1576823 -4.385798 -4.5114715 -4.5915739 -4.5549192 -4.4922467 -4.3678823 -4.2760375 -4.1870188 -4.1839868 -4.2258779 -4.3456222 -4.4974777 -4.6453477 -4.7972032 -4.8730026 -4.9436932 -4.9270114 -4.8981245 -4.8413438 -4.77716
-3.2757077 -3.4166572 -3.536047 -3.5509068 -3.4798414 -3.3386453 -3.1197639 -2.9383698 -2.7346491 -2.6100431 -2.5205007 -2.5472379 -2.6069328 -2.6881659 -2.8125303 -2.9321297 -3.0117229 -3.0522521 -3.042303 -2.9936623 -2.9289928 -2.8284071 -2.7687122 -2.71603 -2.681208 -2.6490894 -2.6242165 -2.6131842 -2.5883113 -2.5997963 -2.6259783 -2.7146377 -2.8589005 -3.0545917 -3.3373571 -3.6288435 -3.9322926 -4.1833875 -4.4033161 -4.5168911 -4.5744914 -4.5377407 -4.4780458 -4.4015767 -4.3439763 -4.3414169 -4.3782113 -4.4919579 -4.6299415 -4.7728675 -4.9164206 -4.9892752 -5.0562874 -5.0507601 -5.0305882 -4.9782243 -4.916247
-3.4656941 -3.6287886 -3.7538746 -3.7659412 -3.6851887 -3.534033 -3.2926873 -3.0190017 -2.7718837 -2.6085241 -2.4959554 -2.4119046 -2.4540667 -2.498804 -2.6200823 -2.7361035 -2.8421428 -2.8937445 -2.9025328 -2.9211514 -2.8773394 -2.8669411 -2.8206427 -2.8036808 -2.7701476 -2.7335417 -2.6873089 -2.662436 -2.6245049 -2.5714906 -2.58157 -2.6101586 -2.7401526 -2.9003711 -3.1812534 -3.4697112 -3.783079 -4.0668064 -4.3120616 -4.4792516 -4.5646039 -4.5741311 -4.5342544 -4.493388 -4.437653 -4.4433978 -4.4727181 -4.5827315 -4.7023176 -4.8398421 -4.9719991 -5.0436583 -5.1191099 -5.1154504 -5.1122979 -5.0586128 -4.9944291
-3.573038 -3.7513155 -3.8806545 -3.8816315 -3.7916154 -3.6213416 -3.3527145 -3.0835126 -2.8039887 -2.5692451 -2.4100587 -2.3072239 -2.3121985 -2.3637106 -2.4781258 -2.6031144 -2.7225042 -2.8340081 -2.8887284 -2.939999 -2.9499481 -2.9540837 -2.9441346 -2.9375426 -2.9076952 -2.8677265 -2.8130061 -2.745056 -2.6654628 -2.5890074 -2.5575891 -2.5619178 -2.6614094 -2.8198929 -3.0974218 -3.3806741 -3.7089961 -4.0141793 -4.2917083 -4.4851695 -4.5951338 -4.6230336 -4.5981607 -4.5550524 -4.5026885 -4.4986285 -4.5248105 -4.6166141 -4.7318148 -4.8637726 -4.9946825 -5.0818215 -5.1584926 -5.1714218 -5.1670963 -5.109496 -5.0298325
-3.4985271 -3.6731228 -3.7937252 -3.7949073 -3.7143665 -3.5493092 -3.2906221 -3.0257339 -2.7651608 -2.5332648 -2.3840275 -2.282387 -2.303411 -2.3663898 -2.505678 -2.6380406 -2.7972271 -2.919504 -3.0289447 -3.0924705 -3.1471909 -3.1589886 -3.1678301 -3.1743386 -3.1594148 -3.121613 -3.0519689 -2.9799276 -2.8704869 -2.7861442 -2.7128346 -2.7063137 -2.7660087 -2.9192407 -3.1580551 -3.4192561 -3.7227052 -4.024531 -4.2917083 -4.4851695 -4.5951338 -4.6193856 -4.5857422 -4.538783 -4.4778515 -4.4641985 -4.4751366 -4.5611981 -4.6697225 -4.8117118 -4.9512179 -5.05744 -5.1460741 -5.1681834 -5.1670963 -5.109496 -5.0272079
-3.3544056 -3.5136663 -3.624201 -3.6142144 -3.5389211 -3.3863133 -3.1416217 -2.9620971 -2.7243049 -2.5030882 -2.358755 -2.3280898 -2.3558435 -2.4619537 -2.6031202 -2.7955227 -2.96631 -3.1099456 -3.2196625 -3.3264379 -3.3811947 -3.4313303 -3.446254 -3.4563019 -3.4413782 -3.4080464 -3.3384023 -3.2583515 -3.1489108 -3.0485491 -2.9749647 -2.9367417 -2.9945185 -3.0808398 -3.3035784 -3.5193512 -3.8124059 -4.0511071 -4.3023511 -4.4462361 -4.5379625 -4.5344399 -4.4879468 -4.4019042 -4.3361093 -4.3190219 -4.3219633 -4.4018027 -4.5176017 -4.6611343 -4.8304373 -4.9396479 -5.0699464 -5.0920556 -5.1210841 -5.0634838 -4.9882744
-3.1591866 -3.2738706 -3.363413 -3.3660315 -3.3091792 -3.1903124 -3.0112277 -2.8317031 -2.6516708 -2.5053793 -2.4456844 -2.4339506 -2.523493 -2.6450628 -2.8390713 -3.0314738 -3.2205077 -3.388367 -3.517706 -3.6269871 -3.6916566 -3.7429943 -3.7628926 -3.7718219 -3.7519236 -3.7185083 -3.6488643 -3.5688134 -3.4593727 -3.3558177 -3.266799 -3.2155458 -3.2304696 -3.2945354 -3.4463909 -3.63078 -3.8496613 -4.056012 -4.2340495 -4.3470496 -4.3889407 -4.3638697 -4.2892511 -4.2032085 -4.1089534 -4.079803 -4.079803 -4.1746049 -4.3002784 -4.4733048 -4.6565786 -4.8032787 -4.9457616 -5.0060878 -5.0422074 -4.9950798 -4.9185783
-2.8811427 -2.9722743 -3.0414574 -3.0453327 -3.0309972 -2.9931047 -2.8979129 -2.7755715 -2.7035879 -2.6030219 -2.6398556 -2.6313895 -2.766491 -2.9488766 -3.1663765 -3.358779 -3.5478129 -3.7119655 -3.8221045 -3.922863 -3.9584275 -4.0100165 -4.0159996 -4.0040123 -3.9742089 -3.9434971 -3.8838021 -3.8090123 -3.7194699 -3.618111 -3.5391708 -3.4754605 -3.4624487 -3.5227442 -3.6247018 -3.7090506 -3.8257492 -3.9718143 -4.0406324 -4.089941 -4.0460893 -3.9748337 -3.8490627 -3.7447418 -3.6306345 -3.606763 -3.6124348 -3.7361859 -3.8784011 -4.1022994 -4.3063667 -4.5192659 -4.6831143 -4.7936605 -4.8442916 -4.8334381 -4.7665603
-2.6819431 -2.7206103 -2.7803052 -2.8022955 -2.8011843 -2.8450946 -2.7799788 -2.7619935 -2.7181821 -2.72363 -2.7839059 -2.8696601 -3.0338211 -3.2207481 -3.4350881 -3.6266686 -3.8026544 -3.948146 -4.0427422 -4.1115685 -4.1309359 -4.1541308 -4.1491563 -4.1050272 -4.0682319 -4.0329776 -3.9761636 -3.9190703 -3.8414581 -3.766521 -3.7012621 -3.6495448 -3.6379 -3.652212 -3.7255216 -3.7406947 -3.8255983 -3.8453797 -3.8706883 -3.7891049 -3.7065989 -3.5443224 -3.3950851 -3.2455959 -3.1199224 -3.094124 -3.1045967 -3.2559658 -3.4182941 -3.6783071 -3.9191813 -4.163289 -4.3763577 -4.5129888 -4.6081549 -4.6138727 -4.5935248
-2.5059848 -2.5276147 -2.5723858 -2.6124665 -2.6645811 -2.7084913 -2.7433133 -2.7619935 -2.8093705 -2.8602333 -2.9796231 -3.1022379 -3.2862972 -3.4753269 -3.6743099 -3.8564104 -3.990724 -4.1095862 -4.1593319 -4.1984978 -4.173625 -4.1624566 -4.1127108 -4.0615625 -4.0068422 -3.9584667 -3.908721 -3.8569779 -3.8072322 -3.7541025 -3.7226842 -3.6930095 -3.6930095 -3.7076766 -3.7338586 -3.7469039 -3.7419293 -3.7211949 -3.6269398 -3.5034799 -3.2992604 -3.1073837 -2.8835278 -2.7165393 -2.5646838 -2.5374736 -2.5636556 -2.7265607 -2.9339734 -3.2123855 -3.5031623 -3.7687243 -4.022431 -4.1882502 -4.3163206 -4.3582118 -4.3637829
-2.4356858 -2.4423021 -2.489322 -2.5383904 -2.6231532 -2.7347051 -2.815134 -2.8843759 -2.970899 -3.0472489 -3.1735429 -3.3151319 -3.482156 -3.6148171 -3.756939 -3.9077441 -3.9807783 -4.0637741 -4.0550317 -4.064163 -3.9948138 -3.962674 -3.8932655 -3.7894349 -3.7080582 -3.6546896 -3.6049438 -3.564304 -3.5419265 -3.5125754 -3.5278948 -3.5258986 -3.5645245 -3.5731997 -3.6059279 -3.6133766 -3.58661 -3.5147436 -3.3777007 -3.1941235 -2.9563188 -2.7110256 -2.4645128 -2.2734056 -2.1150574 -2.0934116 -2.1246678 -2.3145206 -2.5312882 -2.8389689 -3.1411726 -3.4347096 -3.7006861 -3.8916402 -4.0379084 -4.1080623 -4.1433701
