P1_models/J1_p1__temp2_slide_200.dat.tif
NCOLS 118
NROWS 92
XLLCORNER 139.62
YLLCORNER -39.07
DX 0.099491525
DY 0.099347826
NODATA_VALUE -9999
[rows 54 to 80 of 92, columns 0 to 59 of 118]
-9999 1261.8251 1263.3357 1264.8464 1266.357 1247.4377 1226.8087 1212.8784 1206.6792 1200.4801 1194.2809 1208.547 1228.2006 1239.0515 1232.2741 1225.4967 1225.5142 1226.1646 1226.8149 1227.9284 1230.1102 1232.2921 1234.4739 1232.2148 1227.9602 1223.412 1218.0769 1212.7418 1208.0102 1203.3503 1198.6904 1200.4479 1214.5764 1228.7049 1242.8333 1250.4413 1256.3093 1260.0413 1260.7175 1261.3937 1262.0699 1266.1297 1270.486 1270.204 1266.5873 1261.6483 1253.3825 1245.1167 1236.8509 1242.9143 1251.4542 1259.9942 1262.4069 1258.2098 1254.8784 1254.5458 1254.2132 1253.8806 1258.4955 1263.9668
-9999 1283.5153 1285.026 1281.0692 1260.4402 1239.8112 1219.1822 1205.2519 1199.0528 1195.8468 1215.5004 1235.1541 1254.8077 1265.6585 1258.8812 1252.1038 1245.3265 1243.0973 1243.7477 1244.8611 1247.043 1249.2248 1245.0189 1240.7643 1236.5097 1231.9616 1226.6265 1221.2913 1215.9562 1211.035 1206.3751 1208.1327 1222.2612 1235.8104 1241.6784 1247.5464 1253.4144 1257.1464 1257.8226 1259.1556 1263.5119 1267.8683 1272.2246 1271.9425 1268.3259 1264.7093 1260.8738 1252.608 1244.3421 1250.4056 1258.9455 1258.6117 1254.4146 1250.2174 1246.8861 1246.5535 1246.6159 1252.0873 1257.5586 1263.0299
-9999 1305.2056 1294.0717 1273.4427 1252.8137 1232.1847 1211.5557 1197.6254 1202.8002 1222.4538 1242.1075 1261.7611 1281.4148 1292.2656 1285.4883 1278.7109 1271.9335 1265.1562 1260.6804 1261.7939 1262.0776 1257.823 1253.5685 1249.3139 1245.0593 1240.5111 1235.176 1229.8409 1224.5058 1219.1707 1214.0599 1215.8175 1227.0476 1232.9155 1238.7835 1244.6515 1250.5195 1254.2515 1256.5378 1260.8941 1265.2505 1269.6069 1273.9632 1273.6811 1270.0645 1266.4479 1262.8313 1259.2147 1251.8334 1257.8968 1254.8165 1250.6194 1246.4222 1242.2251 1238.8937 1240.2077 1245.679 1251.1504 1256.6217 1262.093
-9999 1305.6256 1284.9966 1264.3676 1243.7386 1223.1096 1202.4806 1199.5447 1219.1984 1238.852 1258.5057 1278.1593 1297.813 1310.698 1303.9206 1297.1433 1290.3659 1283.5886 1276.8112 1270.7967 1266.5421 1262.2875 1258.0329 1253.7783 1249.5237 1247.3416 1241.8901 1236.555 1231.2199 1225.8848 1220.5497 1219.0412 1224.9092 1230.7772 1236.6451 1242.5131 1248.3811 1255.1385 1259.4948 1263.8512 1268.2075 1272.5639 1276.9202 1274.3971 1270.7805 1267.1639 1263.5472 1259.9306 1256.314 1255.5516 1251.3544 1247.1573 1242.9602 1238.7631 1237.4603 1243.1183 1248.5896 1254.061 1259.5323 1265.0036
-9999 1291.6025 1270.9735 1250.3445 1229.7155 1210.4119 1200.4386 1197.7472 1203.46 1220.3822 1240.0358 1259.6895 1279.3431 1292.4408 1292.4096 1287.6553 1280.878 1274.1006 1267.3233 1261.3087 1257.0541 1252.7996 1248.545 1244.2904 1250.9625 1253.9348 1243.904 1237.0005 1231.6654 1226.3303 1220.9952 1219.4867 1225.3547 1231.2227 1237.0907 1242.6503 1230.5261 1234.8453 1262.6888 1270.9698 1275.3261 1279.6825 1284.0389 1279.2053 1268.0036 1264.387 1260.7704 1257.1538 1253.5372 1259.5722 1263.3654 1259.1683 1254.9711 1250.774 1249.4712 1258.1942 1264.6412 1270.1125 1275.5838 1281.0551
-9999 1277.5795 1256.9505 1236.3215 1220.7857 1210.8124 1200.8391 1198.1477 1203.8604 1209.5732 1221.5659 1241.2196 1260.8733 1273.9709 1273.9397 1273.9085 1271.39 1264.6127 1257.8353 1251.8208 1247.5662 1243.3116 1241.9083 1249.732 1257.5557 1260.528 1250.4972 1240.4664 1232.111 1226.7759 1221.4407 1219.9322 1225.8002 1231.6682 1231.6643 1219.5402 1207.4161 1211.7352 1239.5787 1267.4223 1282.4447 1286.8011 1291.1575 1286.3239 1274.8837 1263.4436 1257.9935 1254.3769 1250.7603 1256.7953 1264.4985 1271.1792 1266.9821 1262.7849 1261.4822 1270.2051 1278.928 1286.164 1291.6353 1297.1066
-9999 1263.5564 1242.9274 1231.1595 1221.1862 1211.2129 1201.2396 1198.5482 1204.2609 1209.9737 1215.6865 1222.7497 1242.4034 1255.501 1255.4698 1255.4387 1255.4075 1255.1247 1248.3474 1242.3329 1238.0783 1240.6778 1248.5015 1256.3252 1264.1489 1267.1211 1257.0904 1247.0596 1237.0288 1227.2214 1221.8863 1220.3778 1226.2457 1220.6784 1208.5543 1196.4301 1184.306 1188.6251 1216.4687 1244.3122 1272.1558 1293.9197 1298.2761 1293.4425 1282.0023 1270.5622 1259.1221 1251.6 1247.9834 1254.0185 1261.7216 1269.4247 1277.1278 1274.7959 1273.4931 1282.216 1290.9389 1299.6619 1307.6868 1313.1582
-9999 1251.5065 1241.5332 1231.5599 1221.5867 1211.6134 1201.6401 1198.9486 1204.6614 1210.3742 1216.087 1221.7997 1227.5125 1237.0312 1237 1236.9688 1236.9376 1236.9065 1236.8753 1232.8449 1239.4473 1247.271 1255.0947 1262.9183 1270.742 1273.7143 1263.6835 1253.6527 1243.622 1233.5912 1223.5604 1220.8233 1209.6925 1197.5683 1185.4442 1173.3201 1161.1959 1165.515 1193.3586 1221.2022 1249.0457 1276.8893 1304.7329 1300.5611 1289.1209 1277.6808 1266.2407 1254.8006 1245.2065 1251.2416 1258.9447 1266.6478 1274.351 1282.0541 1285.504 1294.227 1302.9499 1311.6728 1320.3957 1329.1186
-9999 1248.2521 1238.2788 1228.3055 1218.3322 1208.3589 1204.5553 1208.6377 1212.9715 1218.6842 1224.397 1230.1098 1235.8225 1235.211 1227.3007 1227.2695 1227.2384 1227.2072 1227.176 1229.52 1237.3437 1245.1674 1252.9911 1260.8148 1267.76 1269.21 1263.1466 1253.1158 1243.085 1233.0543 1223.0235 1212.2777 1200.1536 1188.0294 1175.9053 1163.7812 1153.9538 1167.1732 1200.5947 1228.4382 1256.2818 1284.1253 1311.9689 1309.4407 1294.1273 1282.6872 1271.247 1259.8069 1248.3668 1255.1016 1262.8339 1270.537 1278.2401 1285.9433 1289.0157 1283.8127 1292.5356 1301.2586 1309.9815 1318.7044
-9999 1243.4083 1233.4351 1223.4618 1213.4885 1215.0372 1220.2006 1224.283 1227.1177 1230.4338 1236.1465 1241.8593 1247.5721 1246.9605 1233.684 1221.3842 1221.353 1221.3218 1221.2907 1223.6347 1231.4584 1239.282 1247.1057 1252.5926 1256.0157 1257.4657 1253.627 1249.4784 1239.4476 1229.4168 1219.3861 1208.6403 1196.5161 1184.392 1172.2678 1164.6334 1159.6011 1172.8206 1212.1516 1248.8703 1276.7139 1304.5574 1332.401 1329.8728 1305.5106 1286.775 1275.3349 1263.8947 1252.4546 1259.1894 1269.0654 1277.3249 1285.028 1292.7311 1295.8036 1282.8359 1272.3698 1281.0927 1289.8156 1298.5386
-9999 1238.5646 1228.5913 1220.3556 1225.519 1230.6825 1235.8459 1239.9283 1242.763 1245.5977 1248.4324 1253.6088 1259.3216 1258.71 1245.4335 1232.1571 1218.8806 1215.4365 1215.4053 1217.7493 1225.573 1233.3967 1237.4252 1240.8483 1244.2715 1245.7215 1241.8828 1238.0441 1234.2054 1225.7794 1215.7486 1205.0028 1192.8787 1180.7545 1175.313 1170.2808 1165.2485 1178.468 1217.799 1257.1301 1296.4611 1324.9895 1352.8331 1350.3048 1325.9427 1301.5805 1279.4227 1267.9826 1256.5424 1263.2773 1273.1532 1283.0292 1291.8159 1299.519 1302.5915 1289.6238 1276.6562 1263.6885 1269.6498 1278.3727
-9999 1233.7208 1230.8374 1236.0009 1241.1643 1246.3278 1251.4912 1255.5736 1258.4083 1261.243 1264.0777 1266.9124 1271.0712 1270.4596 1257.1831 1243.9066 1230.6301 1217.3536 1209.5199 1211.8639 1218.8346 1222.2578 1225.6809 1229.1041 1232.5273 1233.9772 1230.1386 1226.2999 1222.4612 1218.6225 1212.1111 1201.3654 1191.0249 1185.9926 1180.9604 1175.9281 1170.8959 1184.1153 1223.4464 1262.7774 1302.1085 1341.4396 1373.2652 1370.7369 1346.3748 1322.0126 1297.6505 1273.2883 1260.6303 1267.3651 1277.2411 1287.117 1296.993 1306.3069 1309.3794 1296.4117 1283.4441 1270.4764 1257.5087 1258.2069
-9999 1236.382 1241.5455 1246.7089 1251.8724 1257.0358 1262.1993 1269.5932 1272.4279 1275.2626 1278.0973 1280.932 1283.7666 1280.1013 1266.8248 1253.5484 1240.2719 1226.9954 1213.7189 1205.4922 1208.9153 1212.3385 1215.7617 1219.1849 1222.608 1224.5854 1220.7468 1216.9081 1213.0694 1209.2307 1205.392 1201.1456 1196.1134 1191.0811 1186.0489 1181.0166 1175.9844 1189.1939 1228.525 1267.8561 1307.1871 1346.5182 1385.8492 1388.8926 1364.5304 1340.1683 1315.8061 1291.444 1267.0818 1271.9124 1281.7884 1291.6644 1301.5403 1311.4163 1314.0926 1301.1249 1288.1573 1275.1896 1262.222 1249.2543
-9999 1222.5329 1227.6964 1232.8598 1238.0233 1243.8358 1263.614 1275.5267 1278.3614 1281.1961 1284.0308 1286.8654 1277.0305 1268.2492 1263.9883 1252.7063 1239.4299 1226.1534 1212.8769 1204.6501 1208.0733 1211.4965 1214.9197 1218.3428 1223.1274 1225.9763 1222.8681 1219.2169 1215.3782 1211.5395 1207.7009 1203.4545 1198.4222 1193.39 1188.3577 1183.3255 1178.2508 1191.4436 1230.7747 1270.1057 1309.4368 1346.7529 1362.1651 1370.7053 1371.3634 1347.0012 1322.639 1298.2769 1273.9147 1278.7454 1288.6213 1298.4973 1308.3732 1311.4957 1308.4867 1295.5191 1282.5514 1269.5838 1256.8071 1247.9861
-9999 1208.6839 1213.8473 1219.0108 1229.991 1249.7693 1269.5475 1281.4602 1284.2949 1287.1296 1286.2624 1275.2237 1264.1851 1255.4037 1251.1428 1246.8819 1238.5878 1225.3113 1212.0349 1203.8081 1207.2313 1210.6545 1214.3371 1219.4085 1224.4799 1227.3287 1224.2206 1221.1124 1217.6871 1213.8484 1210.0097 1205.7633 1200.7311 1195.6988 1190.6553 1185.5779 1180.5005 1193.6933 1233.0243 1272.3554 1302.8061 1318.2184 1333.6307 1342.1708 1345.7707 1349.3705 1329.472 1305.1098 1280.7476 1285.5783 1295.4542 1305.3302 1306.0238 1305.8898 1302.8808 1289.9132 1276.9455 1265.1751 1256.3541 1247.5331
-9999 1194.8348 1199.9982 1216.1462 1235.9245 1255.7028 1275.481 1287.3937 1290.2284 1284.4556 1273.4169 1262.3783 1251.3396 1242.5583 1238.2974 1234.0365 1229.7756 1224.4693 1211.1928 1202.9661 1206.3893 1210.6181 1215.6895 1220.7609 1225.8324 1228.6812 1225.573 1222.4648 1219.3567 1216.1572 1212.3185 1208.0722 1203.0399 1197.9824 1192.905 1187.8276 1182.7501 1195.943 1235.274 1258.8594 1274.2717 1289.6839 1305.0962 1313.6363 1317.2362 1320.836 1324.4359 1311.9427 1287.5806 1292.4112 1300.6858 1300.5519 1300.4179 1300.2839 1297.275 1284.3073 1273.543 1264.722 1255.901 1247.0801
-9999 1182.5232 1202.3015 1222.0797 1241.858 1261.6363 1281.4145 1293.3272 1282.6488 1271.6102 1260.5715 1249.5328 1238.4942 1229.7128 1225.4519 1221.191 1216.9302 1212.6693 1208.4084 1202.1241 1206.8992 1211.9706 1217.042 1222.1134 1227.1848 1230.0337 1226.9255 1223.8173 1220.7091 1217.6009 1214.4927 1210.381 1205.3096 1200.2321 1195.1547 1190.0772 1184.9998 1198.1926 1214.9127 1230.325 1245.7372 1261.1495 1276.5618 1285.1019 1288.7017 1292.3016 1295.9014 1299.5013 1294.4135 1295.2139 1295.08 1294.946 1294.812 1294.6781 1291.6691 1281.911 1273.09 1264.269 1255.448 1246.627
-9999 1192.6263 1212.4046 1232.1828 1251.9611 1271.7394 1287.4942 1292.6932 1287.0084 1275.9697 1264.931 1253.8924 1242.8537 1234.3182 1230.4526 1226.1918 1221.9309 1217.67 1213.4091 1211.9701 1217.0416 1222.113 1227.1844 1232.2558 1235.8343 1234.0423 1237.6005 1234.4923 1231.3841 1228.2759 1225.1677 1221.3869 1216.3095 1211.232 1206.1546 1201.0772 1197.9051 1201.2663 1212.2915 1227.7037 1243.116 1258.5283 1273.9405 1277.7793 1279.4126 1283.0124 1286.6123 1290.2121 1293.812 1287.0341 1286.9001 1286.7661 1286.6322 1286.4982 1288.1354 1289.0483 1280.2273 1271.4063 1262.5853 1253.7643
-9999 1205.0967 1224.875 1244.6532 1264.4315 1275.7328 1283.9244 1289.1234 1290.8686 1290.0974 1279.0587 1268.0201 1256.9814 1248.4459 1244.9233 1241.3247 1237.0638 1232.8029 1228.542 1227.1031 1232.1745 1237.2459 1242.3173 1242.0465 1236.4747 1234.6827 1243.0218 1250.4602 1247.352 1244.2438 1241.1357 1237.3548 1232.2774 1227.2 1222.1225 1221.3832 1223.4826 1226.8438 1232.0102 1239.7948 1255.2071 1270.6193 1286.0316 1289.8703 1285.389 1284.6499 1288.2497 1291.8496 1295.4494 1288.2988 1279.2902 1277.1249 1276.9909 1276.857 1278.4941 1286.2662 1291.6739 1282.853 1274.032 1265.211
-9999 1217.5671 1237.3454 1255.7799 1263.9715 1272.1631 1280.3547 1285.5537 1287.2989 1289.044 1290.7892 1282.1478 1271.1091 1262.5736 1259.051 1255.5283 1252.0057 1247.9358 1243.6749 1242.236 1247.3074 1252.3788 1248.2587 1242.6869 1237.115 1235.323 1243.6621 1252.0012 1260.3403 1260.2117 1257.1036 1253.3227 1248.2453 1243.1679 1244.8613 1246.9607 1249.0602 1252.4214 1257.5877 1262.7541 1267.9205 1282.7104 1298.1227 1301.9614 1297.4801 1292.9988 1289.8871 1293.487 1297.0868 1289.9362 1280.9276 1271.919 1267.3497 1267.2157 1268.8529 1276.6249 1284.397 1292.1691 1285.4786 1276.6576
-9999 1230.0375 1244.0186 1252.2102 1260.4018 1268.5934 1276.7849 1281.9839 1283.7291 1285.4743 1287.2195 1288.9646 1285.2368 1276.7014 1273.1787 1269.656 1266.1334 1262.6107 1258.8079 1257.3689 1260.0428 1254.4709 1248.8991 1243.3272 1237.7553 1235.9634 1244.3024 1252.6415 1260.9806 1269.3197 1273.0715 1269.2906 1266.24 1268.3394 1270.4389 1272.5383 1274.6377 1277.9989 1283.1653 1288.3317 1293.498 1298.6644 1310.2138 1314.0525 1309.5712 1305.0899 1300.6086 1296.1273 1298.7243 1291.5736 1282.565 1273.5564 1264.5478 1257.5745 1259.2116 1266.9837 1274.7557 1282.5278 1290.2999 1288.1043
-9999 1236.8949 1245.0865 1253.278 1261.4696 1269.6612 1277.8528 1277.5908 1279.336 1281.0812 1282.8264 1284.5715 1286.3167 1282.5709 1279.0482 1275.5255 1272.0029 1268.4802 1264.9576 1260.8152 1255.2434 1249.6715 1244.0997 1238.5278 1232.956 1235.3608 1243.5957 1251.9348 1260.2738 1268.6129 1276.952 1283.1598 1285.2593 1287.3587 1289.4581 1291.5576 1293.657 1291.3268 1296.4932 1301.6595 1306.8259 1311.9922 1317.1586 1317.4798 1312.9985 1308.5172 1304.0359 1299.5546 1295.0733 1290.6682 1281.6596 1272.6509 1263.6423 1254.6337 1249.4987 1257.292 1265.0641 1272.8362 1280.6082 1288.3803
-9999 1255.5176 1263.7092 1271.9008 1280.0924 1285.8782 1276.6212 1271.8086 1272.1254 1273.5714 1275.3166 1277.0617 1278.8069 1274.4242 1257.77 1250.1349 1246.6123 1243.0896 1239.567 1235.4246 1229.8528 1224.2809 1218.7091 1213.1372 1232.3969 1246.8052 1242.261 1246.1288 1254.4679 1262.8069 1271.146 1277.3538 1279.4533 1281.5527 1283.6522 1285.8682 1291.8296 1287.335 1267.8817 1268.6183 1273.7846 1278.951 1284.1173 1285.3229 1283.6304 1279.1491 1274.6678 1270.1864 1265.7051 1270.0013 1271.1282 1262.1196 1253.111 1244.1024 1238.9674 1247.2501 1255.1817 1262.9538 1270.7258 1278.4979
-9999 1274.1404 1282.332 1290.5235 1289.6028 1280.3459 1271.0889 1266.2763 1266.593 1266.9098 1267.8068 1269.552 1271.2971 1266.9144 1250.2602 1233.606 1221.2217 1217.699 1214.1764 1210.0341 1204.4622 1198.8903 1200.8822 1222.3617 1243.8413 1258.2496 1253.7054 1249.1612 1248.6619 1257.001 1265.34 1271.5479 1273.6473 1275.7467 1279.2719 1285.2333 1291.1947 1286.7001 1267.2468 1247.7934 1240.7433 1245.9097 1251.076 1252.2816 1250.6398 1248.998 1245.2996 1240.8183 1236.337 1240.6332 1246.4463 1251.5883 1242.5797 1233.5711 1228.4361 1236.7188 1245.0014 1253.0714 1260.8434 1268.6155
-9999 1292.7631 1300.9547 1293.3274 1284.0705 1274.8135 1265.5566 1260.744 1261.0607 1261.3775 1261.6942 1262.0422 1263.7873 1259.4046 1242.7504 1226.0962 1209.442 1192.7877 1188.7858 1184.6435 1179.0716 1190.847 1212.3266 1233.8061 1255.2857 1269.694 1265.1498 1260.6056 1256.0614 1251.5171 1259.5341 1265.7419 1267.8413 1272.6756 1278.637 1284.5984 1290.5598 1286.0652 1266.6118 1247.1585 1227.7052 1212.8684 1218.0348 1219.2403 1217.5985 1215.9568 1214.315 1211.4502 1206.9689 1211.2651 1217.0782 1222.8914 1228.7045 1223.0398 1217.9048 1226.1874 1234.4701 1242.7528 1250.961 1258.7331
-9999 1306.309 1297.0521 1287.7951 1278.5382 1269.2812 1260.0243 1255.2117 1255.5284 1255.8451 1256.1619 1256.4786 1256.7954 1251.8948 1235.2406 1218.5864 1201.9322 1185.2779 1168.6237 1159.3323 1180.8119 1202.2914 1223.771 1245.2506 1266.7301 1281.1385 1276.5942 1272.05 1267.5058 1262.9615 1258.4173 1260.1178 1266.0792 1272.0406 1278.002 1283.9634 1289.9248 1285.4303 1265.9769 1246.5236 1227.0702 1207.6169 1188.1636 1186.199 1184.5573 1182.9155 1181.2737 1179.6319 1177.6008 1181.8969 1187.7101 1193.5232 1199.3364 1205.1495 1207.3735 1215.6561 1223.9388 1232.2215 1240.5041 1248.7868
-9999 1309.6559 1300.3989 1291.142 1281.885 1272.6281 1263.2729 1262.9627 1269.6222 1269.9389 1270.2557 1270.5724 1270.8891 1267.6673 1255.7974 1239.1431 1222.4889 1205.8347 1189.1805 1184.0574 1205.5369 1227.0165 1248.496 1269.9756 1284.7443 1285.9884 1282.8025 1278.2583 1273.7141 1269.1698 1264.6256 1263.6697 1269.6311 1275.5925 1281.5539 1287.5153 1291.0018 1290.3508 1281.5831 1262.1298 1242.6764 1223.2231 1203.7698 1196.525 1196.3139 1194.6721 1193.0303 1191.3885 1189.7468 1192.8711 1198.3824 1204.1956 1210.0087 1215.8219 1216.4636 1204.5473 1212.83 1221.1127 1229.3953 1237.678
