P1_models/J1_p1_vp_slide_diff2_120.dat.tif
NCOLS 118
NROWS 92
XLLCORNER 139.62
YLLCORNER -39.07
DX 0.099491525
DY 0.099347826
NODATA_VALUE -9999
[rows 24 to 47 of 92, columns 55 to 109 of 118]
0.13196987 0.12760965 0.12324944 0.11888922 0.114529 0.11860703 0.12841921 0.13823138 0.14804356 0.15785573 0.1647037 0.1623145 0.15977294 0.15723139 0.15468983 0.15214827 0.15030977 0.14951955 0.14872933 0.14793911 0.14714889 0.14613445 0.12509537 0.10405629 0.083017213 0.061978134 0.040939055 0.0380515 0.042584183 0.047116867 0.051649551 0.056182235 0.053761756 0.03881231 0.023862863 0.0089134167 -0.0060360297 -0.021640555 -0.011528679 -0.00015406617 0.011220546 0.022595159 0.033969771 0.027076057 0.014169327 0.0012625977 -0.011644132 -0.024550861 -0.032309607 -0.03493877 -0.037567933 -0.040197096 -0.042826259 -0.043371704 -0.042795648
0.13472561 0.13036539 0.12600518 0.12164496 0.11728474 0.11769059 0.12501713 0.1348293 0.14464148 0.15445365 0.16426583 0.16005178 0.15748048 0.15493892 0.15239737 0.14985581 0.14808252 0.1472923 0.14650207 0.14571185 0.14492163 0.14272679 0.11958513 0.098546048 0.077506969 0.05646789 0.035428812 0.03188047 0.036413154 0.040945838 0.045478521 0.044845858 0.039894023 0.038906946 0.0239575 0.0090080534 -0.005941393 -0.020106051 -0.0087314382 0.0026431743 0.014017787 0.025392399 0.027063079 0.01954075 0.0067424479 -0.0061642816 -0.019071011 -0.031977741 -0.028815302 -0.028562038 -0.031191202 -0.033820365 -0.036449528 -0.041503611 -0.042588724
0.13695737 0.13728486 0.13292465 0.12856443 0.12420421 0.12461006 0.12825465 0.13441077 0.14422295 0.15403512 0.1638473 0.15963325 0.15493725 0.15200288 0.14946132 0.14691977 0.14514647 0.14435625 0.14356603 0.14263046 0.14064008 0.13841383 0.11512324 0.091832649 0.070658733 0.049619655 0.028580576 0.025032234 0.029564918 0.034097602 0.031308112 0.018727315 0.01377548 0.022570343 0.024575782 0.0096263351 -0.0053231113 -0.019487769 -0.0081131565 0.003261456 0.014636069 0.015309653 0.014748599 0.0072262698 -0.0010374581 -0.013349243 -0.026255973 -0.039162702 -0.036000263 -0.025177177 -0.02408593 -0.026715093 -0.029344256 -0.034398339 -0.040748883
0.13809226 0.13859398 0.13909571 0.1354839 0.13112368 0.13152953 0.13517412 0.13881871 0.14380442 0.15361659 0.16342877 0.15921473 0.15451873 0.14982273 0.14652528 0.14398372 0.14221043 0.1414202 0.14030788 0.1383175 0.13632711 0.13410087 0.11081028 0.087519685 0.064229094 0.042771419 0.02173234 0.018183998 0.022716682 0.017770366 0.0051895687 -0.0073912285 -0.012343063 -0.0035482004 0.0052466628 0.010244617 -0.0047048297 -0.018869487 -0.0074948748 0.0038797377 0.0035562271 0.0029951729 0.0024341188 -0.0050882103 -0.013351938 -0.021615666 -0.033440934 -0.046347664 -0.043185225 -0.032362139 -0.021539053 -0.019609821 -0.022238984 -0.027293067 -0.033643611
0.13922715 0.13972887 0.1402306 0.14073232 0.13804315 0.138449 0.14209359 0.14573818 0.14938276 0.15319806 0.16301024 0.1587962 0.1541002 0.1494042 0.1447082 0.14104768 0.13927438 0.1379853 0.13599491 0.13400453 0.13201415 0.1297879 0.10649731 0.083206721 0.05991613 0.03662554 0.014884104 0.011335762 0.0042326198 -0.0083481775 -0.020928975 -0.033509772 -0.038461607 -0.029666744 -0.020871881 -0.012077018 -0.004086548 -0.018251206 -0.0076361447 -0.0081971988 -0.008758253 -0.0093193072 -0.0098803614 -0.01740269 -0.025666418 -0.033930146 -0.042193874 -0.053532625 -0.050370187 -0.039547101 -0.028724014 -0.017900928 -0.015133712 -0.020187795 -0.026538339
0.13909766 0.13959939 0.14010111 0.14060283 0.14110455 0.14197481 0.1456194 0.14926399 0.15290858 0.15655317 0.16019775 0.15699201 0.15229601 0.14760001 0.14290401 0.13820801 0.13469889 0.1327085 0.13071812 0.12872774 0.12673735 0.12462397 0.10360984 0.080319252 0.057028661 0.03373807 0.01044748 -0.0055177583 -0.018098556 -0.030679353 -0.04326015 -0.055840947 -0.061279013 -0.05248415 -0.043689287 -0.034894424 -0.026099561 -0.017583622 -0.018144676 -0.01870573 -0.019266784 -0.019827839 -0.020723658 -0.028652921 -0.036916648 -0.045180376 -0.053444104 -0.061707832 -0.057422377 -0.046599291 -0.035776205 -0.024953119 -0.014130033 -0.013451392 -0.019801936
0.1293097 0.12906112 0.12956284 0.13006456 0.13056628 0.12599645 0.12120753 0.12485212 0.1284967 0.13214129 0.13578588 0.14063373 0.13908465 0.13438865 0.12969265 0.12499665 0.12148753 0.11949714 0.11750676 0.11551638 0.1132657 0.11035593 0.10759382 0.089166915 0.065876325 0.042585734 0.019295143 0.0033299054 -0.0092508918 -0.021831689 -0.034412486 -0.050377446 -0.058353284 -0.048125529 -0.039330665 -0.030535802 -0.021740939 -0.013225 -0.013786054 -0.014347109 -0.014908163 -0.017128662 -0.033546715 -0.034141723 -0.039405629 -0.047669356 -0.055933084 -0.064196812 -0.061747604 -0.05255847 -0.041735384 -0.030912298 -0.020089212 -0.014531919 -0.016102181
0.12820609 0.12077799 0.11902457 0.11952629 0.12002801 0.11545818 0.107442 0.10044024 0.10408483 0.10772942 0.111374 0.11622185 0.12111105 0.12117729 0.11648129 0.11178529 0.10827617 0.10628579 0.1042954 0.10190907 0.098997656 0.096087893 0.093325783 0.090563673 0.074723988 0.051433398 0.028142807 0.012177569 -0.00040322807 -0.012984025 -0.02965408 -0.047829492 -0.055805329 -0.045402458 -0.034999586 -0.026177181 -0.017382318 -0.0088663787 -0.0094274328 -0.009988487 -0.013533666 -0.029951718 -0.046369771 -0.04696478 -0.045874582 -0.050158336 -0.058422064 -0.066685792 -0.064236584 -0.056680203 -0.047694562 -0.036871476 -0.02604839 -0.020491097 -0.017749111
0.12710249 0.11967438 0.11224627 0.10898803 0.10948975 0.10491991 0.096903736 0.088887561 0.080871387 0.083317541 0.086962129 0.091809978 0.096699172 0.10158837 0.10326994 0.098573935 0.095064811 0.093074428 0.090552451 0.087641034 0.084729617 0.081819854 0.079057744 0.076295634 0.073533524 0.060281062 0.036990471 0.021025233 0.0084444357 -0.0089307127 -0.027106125 -0.045281537 -0.053257375 -0.042854503 -0.032451632 -0.02204876 -0.013023696 -0.004507757 -0.0050688112 -0.0099386699 -0.026356722 -0.042774775 -0.059192827 -0.059787836 -0.058697639 -0.057607441 -0.060911044 -0.069174772 -0.066725564 -0.059169183 -0.051612801 -0.042830655 -0.032007569 -0.026450276 -0.023708289
0.12599888 0.11857077 0.11114266 0.10371456 0.098951479 0.094381642 0.086365468 0.078349294 0.070333119 0.062316945 0.062550254 0.067398103 0.072287298 0.077176492 0.082065687 0.085362577 0.081853453 0.079195829 0.076284412 0.073372995 0.070461579 0.067551815 0.064789705 0.062027595 0.059265485 0.056503375 0.045838135 0.029872897 0.011792654 -0.006382758 -0.02455817 -0.042733582 -0.05070942 -0.040306548 -0.029903677 -0.019500806 -0.0090979341 -0.00014913537 -0.0063436738 -0.022761726 -0.039179779 -0.055597831 -0.072015884 -0.072610893 -0.071520695 -0.070430498 -0.0693403 -0.071663752 -0.069214544 -0.061658163 -0.054101782 -0.0465454 -0.037966747 -0.032409454 -0.029667468
0.12663527 0.11920716 0.11177905 0.10435094 0.096922834 0.090878151 0.082861976 0.074845802 0.066829628 0.058813453 0.050797279 0.047079989 0.051969183 0.056858377 0.061747572 0.066636766 0.068104057 0.06519264 0.062281224 0.059369807 0.05645839 0.055353988 0.054435592 0.051673482 0.048911372 0.046149262 0.043387152 0.030082554 0.011907142 -0.0062682706 -0.024443683 -0.042619095 -0.052097841 -0.043554833 -0.033151961 -0.02274909 -0.012346218 -0.0027429486 -0.019161001 -0.035579054 -0.051997106 -0.068415159 -0.080518256 -0.085957704 -0.084867506 -0.083777309 -0.082687111 -0.081596914 -0.070713812 -0.063157431 -0.05560105 -0.048044668 -0.040488287 -0.036383565 -0.033641578
0.12769209 0.12271327 0.11528517 0.10785706 0.10042895 0.094900136 0.090661974 0.082944594 0.074928419 0.066912245 0.058896071 0.045813194 0.038402805 0.043292 0.048181194 0.053070389 0.05453768 0.051626263 0.048714846 0.045803429 0.045377014 0.046442704 0.048037196 0.047774512 0.045012402 0.042250292 0.039488182 0.026183584 0.0080081714 -0.010167241 -0.028342653 -0.031174386 -0.037250525 -0.050884994 -0.04595984 -0.035556968 -0.025154097 -0.015550827 -0.03196888 -0.048386932 -0.064804985 -0.075471331 -0.078473634 -0.090791717 -0.099078133 -0.097987935 -0.096897738 -0.09580754 -0.081389619 -0.063024391 -0.05546801 -0.047911629 -0.040355247 -0.036436246 -0.034341764
0.12458856 0.12259766 0.11879128 0.11136317 0.10393506 0.09840625 0.094168089 0.089929927 0.083027211 0.075011037 0.066994862 0.053911986 0.040655012 0.029725622 0.034614817 0.039504011 0.040971302 0.038059885 0.035148468 0.035405961 0.03646573 0.03753142 0.039125912 0.040720405 0.041113432 0.038351322 0.035589212 0.022284613 0.0041092011 -0.012564037 -0.014445553 -0.016327069 -0.022403208 -0.036037677 -0.049672146 -0.048364847 -0.037961976 -0.028358706 -0.044776758 -0.061194811 -0.070424407 -0.07342671 -0.076429013 -0.088747096 -0.10205734 -0.11219856 -0.11110836 -0.11001817 -0.095600245 -0.074828604 -0.05533497 -0.047778589 -0.040222207 -0.036303207 -0.034328897
0.12148502 0.11949412 0.11750322 0.11486929 0.10744118 0.10191236 0.097674203 0.093436042 0.08919788 0.083109828 0.075093654 0.062010778 0.048753803 0.035496829 0.022239854 0.025937634 0.027404924 0.024493508 0.025434908 0.026494677 0.027554446 0.028620136 0.030214628 0.031809121 0.033403613 0.034452352 0.031690242 0.018385643 0.0041647958 0.0022832797 0.00040176353 -0.0014797526 -0.0075558916 -0.02119036 -0.034824829 -0.048459298 -0.050769854 -0.041166584 -0.057584637 -0.065377482 -0.068379785 -0.071382088 -0.074384391 -0.086702474 -0.10001272 -0.11332296 -0.12531899 -0.12422879 -0.10981087 -0.08903923 -0.068267589 -0.047645549 -0.040089168 -0.036170167 -0.034195857
0.11838148 0.11639058 0.11439968 0.11240879 0.11041789 0.10541848 0.10118032 0.096942156 0.092703995 0.088465833 0.083192445 0.070109569 0.056852595 0.04359562 0.030338646 0.017081671 0.014404086 0.015463855 0.016523624 0.017583393 0.018643162 0.019708852 0.021303344 0.022897837 0.024492329 0.026086822 0.027681314 0.020893629 0.019012112 0.017130596 0.01524908 0.013367564 0.0072914251 -0.0063430438 -0.019977513 -0.033611981 -0.04724645 -0.053974463 -0.060330557 -0.063332861 -0.066335164 -0.069337467 -0.07233977 -0.084657853 -0.097968097 -0.11127834 -0.12458859 -0.13789883 -0.1240215 -0.10324986 -0.082478215 -0.061706573 -0.040934932 -0.036037127 -0.034062817
0.1099913 0.10800041 0.10600951 0.10401861 0.10692097 0.10528971 0.099878157 0.095639996 0.091401834 0.087163673 0.082925512 0.06996814 0.056711166 0.043454191 0.030197217 0.02107566 0.021115297 0.022175066 0.023234835 0.024294604 0.025354373 0.015457318 0.02811849 0.029712983 0.031307475 0.032901968 0.03449646 0.03371341 0.031831894 0.029950378 0.028068862 0.022759023 0.0067487273 -0.0065431919 -0.020177661 -0.03381213 -0.047446598 -0.060764095 -0.063766398 -0.066768701 -0.069771004 -0.072773307 -0.080621865 -0.093578028 -0.10688827 -0.12019852 -0.13350876 -0.13653753 -0.12039391 -0.099622273 -0.078850631 -0.05807899 -0.042306146 -0.037547032 -0.035572722
0.099813118 0.097822222 0.095831325 0.10082805 0.10854984 0.10691859 0.098931549 0.09271161 0.088473449 0.084235288 0.079997126 0.067039755 0.05378278 0.040525806 0.033828197 0.033070614 0.033110251 0.03417002 0.035229789 0.035538297 0.023918056 0.012588541 0.027223181 0.041847024 0.043441516 0.045036009 0.046630501 0.045847451 0.043965935 0.042084419 0.03439271 0.016685847 0.00067555148 -0.012277682 -0.025467069 -0.039101537 -0.052736006 -0.066053502 -0.069055806 -0.072058109 -0.075060412 -0.083618926 -0.093250486 -0.10620665 -0.11951689 -0.13282714 -0.13331258 -0.12687682 -0.1107332 -0.089961561 -0.069189919 -0.054339574 -0.044371717 -0.039612603 -0.037638293
0.089634934 0.087644037 0.09473514 0.10245693 0.11017871 0.10854746 0.10056042 0.092573384 0.085545064 0.081306903 0.077068741 0.06411137 0.050854395 0.046580733 0.045823151 0.045065568 0.045105205 0.046164974 0.044289763 0.032669521 0.021049279 0.0097197646 0.024354405 0.038989045 0.053623685 0.05717005 0.058764542 0.057981492 0.056099976 0.046026398 0.028319534 0.010612671 -0.0053976243 -0.018350858 -0.031304091 -0.044390945 -0.058025414 -0.07134291 -0.074345213 -0.077347516 -0.086615986 -0.096247546 -0.10587911 -0.11883527 -0.13214551 -0.13008763 -0.12365187 -0.11721611 -0.10107249 -0.080300849 -0.066373002 -0.056405145 -0.046437288 -0.041678174 -0.039703864
0.08092044 0.088642226 0.096364012 0.1040858 0.11180758 0.11017633 0.10218929 0.094202256 0.086215219 0.078378517 0.074140356 0.061182985 0.05933327 0.058575688 0.057818105 0.057060522 0.057100159 0.053041228 0.041420986 0.029800744 0.018180503 0.0068509881 0.021485628 0.036120269 0.050754909 0.065389549 0.070898583 0.070115533 0.057660086 0.039953222 0.022246359 0.0045394952 -0.0114708 -0.024424034 -0.037377267 -0.0503305 -0.063314822 -0.076632318 -0.079981487 -0.089613047 -0.099244607 -0.10887617 -0.11850773 -0.13146389 -0.12686268 -0.12042692 -0.11399116 -0.1075554 -0.091411778 -0.07840643 -0.068438573 -0.058470716 -0.048502859 -0.043743744 -0.041983815
0.081361549 0.089083335 0.096805121 0.10452691 0.11224869 0.11253562 0.10454858 0.096561546 0.088574508 0.080587471 0.072600433 0.069984154 0.069226571 0.068468988 0.067711406 0.066953823 0.061431104 0.049810863 0.038190621 0.026570379 0.014950138 0.0045383303 0.016784533 0.031419173 0.046053813 0.060688454 0.075323094 0.067836586 0.050129723 0.032422859 0.014715996 -0.0029908676 -0.015511711 -0.028464944 -0.041418178 -0.054371411 -0.067324645 -0.08017885 -0.08981041 -0.09944197 -0.10907353 -0.11870509 -0.12885884 -0.12443369 -0.11799793 -0.11156216 -0.1051264 -0.098690638 -0.089043317 -0.07907546 -0.069107603 -0.059139746 -0.049171889 -0.045762043 -0.044096953
0.073034704 0.080566267 0.088288053 0.096009839 0.10373163 0.11030008 0.11241672 0.10442968 0.096442645 0.088455607 0.08046857 0.06803216 0.063269084 0.062511501 0.061753918 0.060996335 0.055473617 0.043853375 0.032233133 0.020612892 0.011469599 0.0082909302 0.0031453412 0.012898624 0.027533265 0.042167905 0.056802545 0.049316038 0.031609174 0.013902311 -0.0038045527 -0.017186986 -0.021736556 -0.017178397 -0.03013163 -0.043084864 -0.056038097 -0.068892303 -0.078523863 -0.088155423 -0.097786983 -0.10936655 -0.13606579 -0.12458293 -0.11513628 -0.10870052 -0.10226476 -0.095828998 -0.082537811 -0.0692117 -0.059243843 -0.049275986 -0.03930813 -0.040764575 -0.044037556
0.066672427 0.072583112 0.079770985 0.087492771 0.095214557 0.10178301 0.10756774 0.11229782 0.10431078 0.096323744 0.088336706 0.075900296 0.063311 0.056554013 0.055796431 0.055038848 0.049516129 0.037895888 0.026275646 0.018378844 0.015222199 0.01204353 0.0068979411 0.001752352 0.0090127161 0.023647356 0.038281997 0.030795489 0.013088626 -0.0046182378 -0.017114117 -0.027786554 -0.032336124 -0.025852843 -0.019369562 -0.031798317 -0.04475155 -0.057605756 -0.067237316 -0.076868876 -0.089874266 -0.1165735 -0.14327273 -0.13178987 -0.1162405 -0.10583888 -0.09940312 -0.092967358 -0.079676171 -0.063116802 -0.049380084 -0.039412227 -0.02944437 -0.030900816 -0.038465156
0.06031015 0.066220835 0.07213152 0.078975703 0.086697489 0.093265947 0.099050668 0.10483539 0.11062011 0.10419188 0.096204843 0.083768433 0.071179137 0.058589841 0.049838943 0.04908136 0.043558642 0.0319384 0.025288089 0.022131444 0.018974799 0.01579613 0.010650541 0.0055049519 0.00035936286 0.0051268078 0.019761448 0.012274941 -0.0054319229 -0.017041247 -0.027713684 -0.038386121 -0.042935691 -0.036452411 -0.02996913 -0.023485849 -0.033465003 -0.046319209 -0.055950769 -0.070381977 -0.097081211 -0.12378044 -0.15047968 -0.13899682 -0.12344744 -0.10789806 -0.09654148 -0.090105717 -0.076814531 -0.060255162 -0.043695792 -0.029548468 -0.019580611 -0.021037056 -0.028601397
0.053947873 0.059858558 0.065769243 0.071679928 0.078180421 0.084748879 0.0905336 0.096318322 0.10210304 0.10788776 0.10407298 0.091636569 0.079047273 0.066457977 0.053868682 0.043123873 0.037601154 0.032197334 0.029040689 0.025884044 0.022727399 0.01954873 0.014403141 0.0092575518 0.0041119628 -0.0010336263 0.0012408995 -0.006245608 -0.016968377 -0.027640814 -0.038313252 -0.048985689 -0.053535259 -0.047051978 -0.040568697 -0.034085417 -0.027602136 -0.035032662 -0.050889689 -0.077588922 -0.10428816 -0.13098739 -0.15768662 -0.14620376 -0.13065439 -0.11510501 -0.099555632 -0.087244077 -0.073952891 -0.057393522 -0.040834152 -0.024274783 -0.0097168511 -0.011173297 -0.018737637
