P1_models/J1_p1_tot_conduct_slide_148.39.dat.tif
NCOLS 118
NROWS 92
XLLCORNER 139.62
YLLCORNER -39.07
DX 0.099491525
DY 0.099347826
NODATA_VALUE -9999
[rows 0 to 25 of 92, columns 58 to 115 of 118]
-3.4922179 -3.4479995 -3.3965689 -3.3232593 -3.2293124 -3.1141117 -2.9767883 -2.8404309 -2.683446 -2.5244835 -2.3766678 -2.2293998 -2.099665 -1.9822285 -1.9048462 -1.8550632 -1.8440086 -1.8782329 -1.9448054 -2.0582097 -2.1886852 -2.3555021 -2.5399989 -2.7443175 -2.9209616 -3.0867808 -3.1555422 -3.195918 -3.2434366 -3.2757007 -3.2758478 -3.2341778 -3.1602552 -3.0982851 -3.0309687 -2.927472 -2.8089725 -2.6569513 -2.5565298 -2.4921529 -2.4709706 -2.4463796 -2.3878552 -2.3702153 -2.4228873 -2.477581 -2.530253 -2.5379353 -2.5522825 -2.5698399 -2.5817918 -2.5876443 -2.6231583 -2.6400165 -2.6341015 -2.6168775 -2.5993202 -9999
-3.5036785 -3.45115 -3.3806653 -3.2966838 -3.1880665 -3.0603025 -2.9097088 -2.7659493 -2.6062082 -2.443757 -2.2975134 -2.159664 -2.0361696 -1.9401715 -1.8741183 -1.8487276 -1.8575957 -1.9159761 -2.0045463 -2.1316744 -2.2892983 -2.4625588 -2.6537693 -2.8586048 -3.0367537 -3.1917076 -3.2442405 -3.252884 -3.2922006 -3.3072554 -3.3036277 -3.2473416 -3.1679344 -3.1000364 -3.0152901 -2.9092646 -2.7809396 -2.6308217 -2.5346901 -2.4740638 -2.4663864 -2.4458389 -2.3894734 -2.3846379 -2.4421589 -2.4986096 -2.5512816 -2.55465 -2.5649537 -2.5802361 -2.5881274 -2.5939799 -2.6294939 -2.6523547 -2.6465023 -2.6333218 -2.6157645 -9999
-3.5247331 -3.4584055 -3.3749267 -3.2806715 -3.1545535 -3.0184072 -2.8683365 -2.7135719 -2.5486431 -2.3866746 -2.2452919 -2.1136451 -2.0030989 -1.9213166 -1.8715708 -1.8691481 -1.8912573 -1.9723072 -2.0678685 -2.2217093 -2.3794375 -2.5618387 -2.7457258 -2.9505613 -3.110045 -3.2592823 -3.2910462 -3.2925816 -3.3159914 -3.3239622 -3.3129076 -3.2430209 -3.1493818 -3.0621998 -2.9734334 -2.8574304 -2.7309847 -2.5846736 -2.4968342 -2.4383097 -2.434769 -2.4366497 -2.3956826 -2.3953636 -2.4597404 -2.5172373 -2.5699093 -2.5726155 -2.5768328 -2.5885377 -2.596429 -2.6022815 -2.6362263 -2.6590871 -2.6532346 -2.6400542 -2.6224968 -9999
-3.5478568 -3.4770332 -3.3909597 -3.29309 -3.1485673 -2.9935702 -2.8472656 -2.6949442 -2.5348359 -2.3742561 -2.2328734 -2.1046144 -2.0155174 -1.9413413 -1.9088262 -1.9182283 -1.9533497 -2.0369321 -2.1423794 -2.2860894 -2.4385663 -2.5933309 -2.7519219 -2.8946782 -3.0085568 -3.1164698 -3.2560367 -3.3050001 -3.319504 -3.3134042 -3.2880707 -3.1484445 -2.9631047 -2.8923802 -2.8119931 -2.7125016 -2.5881722 -2.468646 -2.4004605 -2.3513804 -2.3657285 -2.37489 -2.3982998 -2.4015728 -2.4756357 -2.535865 -2.588537 -2.6022415 -2.607879 -2.6195839 -2.6274752 -2.6333277 -2.6512517 -2.6715056 -2.6656531 -2.6524726 -2.6349153 -9999
-3.5726938 -3.5008388 -3.412529 -3.3130375 -3.1668689 -2.9993042 -2.8518444 -2.7026071 -2.5515071 -2.3958453 -2.2586954 -2.1359167 -2.0537658 -1.9992743 -1.9731885 -1.9966658 -2.0408843 -2.1349756 -2.243242 -2.3811913 -2.5215538 -2.6671896 -2.7956537 -2.9146941 -2.9909141 -3.0627691 -3.1867636 -3.316267 -3.3221194 -3.2973315 -3.2648505 -3.120666 -2.8748634 -2.7649345 -2.6972692 -2.5922435 -2.4889932 -2.3784702 -2.3213777 -2.2804106 -2.3082149 -2.3332138 -2.3685647 -2.4122985 -2.4894325 -2.5515511 -2.6042231 -2.6149861 -2.6271589 -2.6388638 -2.6438136 -2.649666 -2.66759 -2.6780409 -2.6714353 -2.6560664 -2.6385091 -9999
-3.5975308 -3.5256758 -3.437366 -3.3378744 -3.1917058 -3.0241412 -2.8793763 -2.7398625 -2.5959689 -2.4517284 -2.3208185 -2.2042183 -2.1378906 -2.0924129 -2.0813583 -2.1095075 -2.1647806 -2.2628451 -2.373636 -2.5062914 -2.6395293 -2.7666574 -2.882583 -2.9703696 -3.0372319 -3.0876061 -3.2078132 -3.3286855 -3.3183766 -3.2911223 -3.2358492 -3.0836744 -2.8437242 -2.7254088 -2.6351768 -2.5239804 -2.4155125 -2.3101686 -2.255004 -2.2307366 -2.2667558 -2.3083768 -2.3610488 -2.4199168 -2.501851 -2.5639696 -2.6166416 -2.6243239 -2.6333682 -2.645073 -2.6491508 -2.649666 -2.66759 -2.6769309 -2.6652261 -2.6498572 -2.6322998 -9999
-3.6009275 -3.5353199 -3.4514828 -3.3594197 -3.2165428 -3.0573521 -2.9320897 -2.7981909 -2.6581833 -2.5397719 -2.4145484 -2.3154004 -2.2581023 -2.2284319 -2.2273134 -2.2641543 -2.323794 -2.4253994 -2.5201102 -2.6470742 -2.7521448 -2.8672538 -2.9473017 -3.0197786 -3.0815458 -3.1126197 -3.2267043 -3.3292323 -3.311142 -3.2688329 -3.2021196 -3.0324934 -2.7903886 -2.6729224 -2.5623643 -2.4483939 -2.3311307 -2.2381542 -2.1920625 -2.1878397 -2.2577738 -2.3049801 -2.3611837 -2.4323353 -2.5177402 -2.5817482 -2.6292445 -2.6313823 -2.6395774 -2.6479611 -2.65 -2.65 -2.66223 -2.6707217 -2.6590168 -2.6436479 -2.6212141 -9999
-3.6038309 -3.5430305 -3.4701368 -3.3811181 -3.2391451 -3.0820532 -2.9693451 -2.8532717 -2.7497526 -2.6395928 -2.5340933 -2.4459056 -2.4024841 -2.3832263 -2.3887536 -2.4322123 -2.4930127 -2.5810165 -2.6683975 -2.7588405 -2.8505213 -2.9417647 -3.0155354 -3.0740598 -3.1051802 -3.1328167 -3.1921799 -3.2931725 -3.2580578 -3.2078578 -3.1304755 -2.9577108 -2.7119082 -2.582726 -2.4725094 -2.3551874 -2.2454417 -2.1635075 -2.1505842 -2.1505842 -2.2236569 -2.311983 -2.3987109 -2.4721207 -2.5599073 -2.6309372 -2.6777568 -2.6447079 -2.6468166 -2.652669 -2.6547079 -2.6547079 -2.6852661 -2.6896212 -2.6779163 -2.6494676 -2.6260578 -9999
-3.5920795 -3.5368064 -3.4685729 -3.3935365 -3.2434786 -3.0696347 -2.9786849 -2.8905271 -2.8172032 -2.7265221 -2.6479762 -2.5700904 -2.5479812 -2.5339588 -2.5501938 -2.5974725 -2.6668714 -2.7456255 -2.8174192 -2.8837469 -2.9622876 -3.023088 -3.087131 -3.1237337 -3.1460089 -3.1576537 -3.1321028 -3.1565692 -3.1214545 -3.0712546 -2.9938723 -2.8178354 -2.5628865 -2.4398406 -2.3359062 -2.2364147 -2.1336753 -2.0848032 -2.0881631 -2.1133288 -2.1932535 -2.2871461 -2.4802767 -2.584034 -2.6952304 -2.7747219 -2.8329877 -2.7019739 -2.6654443 -2.6712967 -2.6733356 -2.6733356 -2.7554225 -2.7827597 -2.7598747 -2.7218089 -2.681941 -9999
-3.5433021 -3.4940809 -3.4436576 -3.3760274 -3.2524503 -3.0783913 -3.008271 -2.936416 -2.8900827 -2.8196489 -2.7513883 -2.6936817 -2.6859903 -2.6832784 -2.7016893 -2.7495847 -2.8206654 -2.8925204 -2.9426788 -2.983852 -3.0446006 -3.0928498 -3.1343716 -3.1616642 -3.1689803 -3.1735615 -3.1367351 -3.1034433 -3.066369 -2.9932234 -2.9067174 -2.7338859 -2.4774266 -2.3482428 -2.2491002 -2.157767 -2.0751897 -2.0382973 -2.0709195 -2.109381 -2.2054464 -2.3048886 -2.5054198 -2.6669353 -2.7734031 -2.8372266 -2.900732 -2.7617642 -2.6763623 -2.6822147 -2.6804401 -2.68 -2.7620869 -2.8121635 -2.7866886 -2.7354423 -2.6868539 -9999
-3.4603714 -3.4216802 -3.3828981 -3.3357705 -3.2269987 -3.0803796 -3.0224425 -2.9837513 -2.9508143 -2.9099623 -2.8471255 -2.8028782 -2.8084055 -2.8212068 -2.8433161 -2.8932596 -2.9595872 -3.0077793 -3.0483425 -3.0784631 -3.1110988 -3.1497899 -3.1762402 -3.1879451 -3.1862194 -3.1806921 -3.1388522 -3.0936955 -3.0351711 -2.9562714 -2.8567799 -2.6755924 -2.4239374 -2.2961339 -2.1925012 -2.1079522 -2.0427179 -2.0251606 -2.0651808 -2.1295577 -2.2306646 -2.3456743 -2.5507785 -2.7149659 -2.8144574 -2.8733489 -2.9201684 -2.7762881 -2.6829307 -2.6887831 -2.6861864 -2.680334 -2.7612649 -2.8093824 -2.7801202 -2.7272299 -2.662853 -9999
-3.3404296 -3.3161232 -3.2911155 -3.2674689 -3.1808454 -3.0617519 -3.0246172 -3.0023791 -3.0010937 -2.9720609 -2.919697 -2.8784852 -2.8950671 -2.9081362 -2.9302454 -2.9801889 -3.0465166 -3.0884481 -3.1104349 -3.1214895 -3.1477666 -3.1754031 -3.198125 -3.2003636 -3.1927207 -3.1806921 -3.1268126 -3.0750678 -3.0067407 -2.9144133 -2.7946875 -2.6182668 -2.3742635 -2.2502754 -2.1490365 -2.0905121 -2.0302994 -2.0365574 -2.0948575 -2.1730223 -2.2741293 -2.389139 -2.5998269 -2.7646398 -2.8435637 -2.8919037 -2.9325869 -2.7835064 -2.6891399 -2.69 -2.6861864 -2.680334 -2.7562235 -2.8031731 -2.7690681 -2.7119694 -2.6442253 -9999
-3.1903209 -3.1722283 -3.162875 -3.1567336 -3.0898603 -3.012009 -3.0189514 -3.0134241 -3.0132405 -3.0211914 -2.9688274 -2.959477 -2.9763346 -3.0015465 -3.0236557 -3.0735992 -3.1623977 -3.2023883 -3.2211346 -3.2321893 -3.2433508 -3.2709874 -3.1503155 -3.1484307 -3.1370889 -3.120507 -3.0652433 -3.0423265 -2.9662448 -2.8609554 -2.7393546 -2.5753716 -2.3356672 -2.2135635 -2.1250147 -2.0664903 -2.0467207 -2.0555087 -2.1070042 -2.1947908 -2.2819486 -2.3969583 -2.6076462 -2.8052808 -2.875958 -2.9167406 -2.9426871 -2.7829629 -2.683519 -2.683519 -2.6797055 -2.673853 -2.6590088 -2.7010306 -2.66802 -2.6152982 -2.5616105 -9999
-3.0232065 -3.0232065 -3.0292581 -3.0449673 -3.0176175 -2.9809628 -2.9941967 -3.0196333 -3.0434168 -3.0606459 -3.0501731 -3.0480459 -3.0756825 -3.1008943 -3.1230036 -3.2022372 -3.3238379 -3.3598449 -3.3763656 -3.382382 -3.3691851 -3.1702021 -3.0447584 -3.0330535 -3.0191134 -3.0025314 -2.9986871 -2.9988619 -2.900036 -2.7926537 -2.671053 -2.5070699 -2.3080869 -2.2009881 -2.1188055 -2.0876643 -2.0675704 -2.0617179 -2.1132134 -2.2010001 -2.2793838 -2.3721581 -2.6530754 -2.8481229 -2.9007949 -2.9313391 -2.9488964 -2.7808268 -2.6711005 -2.6711005 -2.667287 -2.6614345 -2.5731503 -2.5175711 -2.4941613 -2.4601219 -2.4250073 -9999
-2.8604943 -2.8741848 -2.8991268 -2.9275421 -2.9396607 -2.9216217 -2.9605902 -2.9964461 -3.050801 -3.075659 -3.0748538 -3.0751972 -3.1071227 -3.1299099 -3.1487848 -3.2370004 -3.3607809 -3.3958518 -3.4013179 -3.4013179 -3.3632578 -3.1551885 -3.0274467 -3.012381 -2.9897791 -2.9694404 -2.9480233 -2.9425439 -2.8411571 -2.7300111 -2.6084103 -2.4636596 -2.279398 -2.2056268 -2.1314924 -2.1351371 -2.1133924 -2.1143215 -2.1667691 -2.2524811 -2.3108836 -2.4048552 -2.6857724 -2.8786189 -2.9199819 -2.9392442 -2.9551056 -2.7813771 -2.67 -2.67 -2.6661864 -2.660334 -2.5720498 -2.5021635 -2.4787537 -2.448016 -2.4129013 -9999
-2.6911193 -2.7132285 -2.7550869 -2.7969781 -2.833268 -2.8437408 -2.9032306 -2.964031 -3.0274587 -3.0764972 -3.08 -3.0882203 -3.1213842 -3.1492668 -3.1658487 -3.2480308 -3.3751588 -3.4025411 -3.4058921 -3.402029 -3.3607437 -3.1515829 -3.0131419 -2.9955846 -2.965155 -2.9375184 -2.9087388 -2.8811704 -2.7758265 -2.6725712 -2.5510507 -2.4202493 -2.2563809 -2.2002192 -2.1531779 -2.16994 -2.1757924 -2.1816448 -2.2241287 -2.3060629 -2.3559312 -2.4325386 -2.7134558 -2.8995276 -2.9344354 -2.9479262 -2.9596311 -2.7853549 -2.67 -2.67 -2.6661864 -2.660334 -2.570057 -2.5001708 -2.476761 -2.4520015 -2.4168868 -9999
-2.5257832 -2.5534197 -2.6006304 -2.6634672 -2.7135866 -2.7642626 -2.8352339 -2.9176686 -2.9945001 -3.0566276 -3.0723368 -3.0882203 -3.1213842 -3.1496987 -3.1718079 -3.2516809 -3.3685357 -3.3927681 -3.3926457 -3.3815911 -3.3342509 -3.1297406 -2.9926616 -2.9633994 -2.9266755 -2.8845329 -2.8472259 -2.8083154 -2.7029714 -2.5997162 -2.5002246 -2.3823753 -2.2563809 -2.2160876 -2.192917 -2.2338841 -2.2542801 -2.2484276 -2.2855861 -2.3524253 -2.3902833 -2.4524081 -2.7333254 -2.9176488 -2.9410586 -2.9525791 -2.9596311 -2.7853549 -2.67 -2.67 -2.6661864 -2.660334 -2.5661864 -2.4941226 -2.4765653 -2.455344 -2.4301332 -9999
-2.4027714 -2.4304079 -2.4790027 -2.5451053 -2.6024068 -2.6772025 -2.781753 -2.8726804 -2.9519621 -3.0475638 -3.0720321 -3.1275138 -3.1661048 -3.2037272 -3.2287001 -3.3120052 -3.3183669 -3.311413 -3.3063789 -3.2943239 -3.2353927 -3.0371016 -2.9125361 -2.8806603 -2.8411682 -2.7885106 -2.7477432 -2.6997687 -2.6001646 -2.5157279 -2.4331182 -2.3383051 -2.2154038 -2.1817058 -2.1963097 -2.2382154 -2.2681206 -2.2966336 -2.3632786 -2.4189587 -2.4441769 -2.5007655 -2.751381 -2.8502693 -2.8676344 -2.8753762 -2.8765014 -2.6576511 -2.5422962 -2.5422962 -2.5384826 -2.5326302 -2.5710981 -2.4990343 -2.481477 -2.4602557 -2.441274 -9999
-2.2988516 -2.3264881 -2.3770797 -2.4451528 -2.5251185 -2.6089009 -2.7156932 -2.8262394 -2.9367855 -3.0414639 -3.1048922 -3.164484 -3.2142298 -3.2542769 -3.2819134 -3.2677985 -3.2291074 -3.2176196 -3.2094832 -3.1841949 -3.1319585 -2.9495676 -2.8216394 -2.7865247 -2.736501 -2.681228 -2.6356253 -2.589317 -2.5132353 -2.4583004 -2.3975 -2.3082916 -2.1853903 -2.1840007 -2.2013097 -2.2471827 -2.3015197 -2.371749 -2.425621 -2.478293 -2.5011021 -2.5349544 -2.6812655 -2.7756374 -2.7873423 -2.79 -2.79 -2.5611547 -2.41 -2.41 -2.4061864 -2.400334 -2.4633759 -2.5030017 -2.4854444 -2.4712498 -2.4536925 -9999
-2.2407376 -2.2581865 -2.3067812 -2.370642 -2.4530773 -2.5405993 -2.6537279 -2.7703562 -2.8809024 -2.9855807 -3.0588903 -3.1210194 -3.1707651 -3.2108122 -3.2384487 -3.2243339 -3.1856427 -3.1704268 -3.1536001 -3.1149089 -3.0574476 -2.8861011 -2.7560154 -2.7058046 -2.6531213 -2.5942986 -2.548696 -2.5023877 -2.4441382 -2.4100831 -2.3975 -2.3187139 -2.2164365 -2.2291132 -2.2571928 -2.2981599 -2.3511936 -2.416361 -2.4592324 -2.4969207 -2.5119811 -2.5411637 -2.6874747 -2.7818466 -2.7881107 -2.79 -2.79 -2.5611547 -2.41 -2.41 -2.4061864 -2.400334 -2.4586335 -2.4967925 -2.4843769 -2.476336 -2.466111 -9999
-2.2202484 -2.2329212 -2.2703342 -2.3293839 -2.4068816 -2.4888013 -2.5960445 -2.7176452 -2.8285586 -2.9296976 -3.0030071 -3.0704759 -3.1197849 -3.1567293 -3.1828745 -3.1667116 -3.1280204 -3.1074649 -3.0764805 -3.0377894 -2.958161 -2.7875446 -2.6716298 -2.6164752 -2.5582435 -2.5002905 -2.4546878 -2.4279958 -2.3811762 -2.371897 -2.3691576 -2.3424876 -2.2498506 -2.2672382 -2.3059972 -2.3469642 -2.3919094 -2.4537438 -2.4920788 -2.5124128 -2.52353 -2.5473729 -2.693684 -2.7822582 -2.7864606 -2.7864606 -2.7864606 -2.5611547 -2.41 -2.4084995 -2.402647 -2.3967946 -2.4586335 -2.4960818 -2.4857278 -2.4798754 -2.4770788 -9999
-2.2205027 -2.2205027 -2.252183 -2.3045469 -2.3720271 -2.4453367 -2.5518301 -2.6679713 -2.7737924 -2.8738144 -2.947124 -3.013474 -3.0576925 -3.0924636 -3.1145729 -3.09841 -3.0597188 -3.0220331 -2.9833419 -2.9233022 -2.8436433 -2.694406 -2.5784912 -2.5141143 -2.4562157 -2.4009426 -2.3782593 -2.3606216 -2.3547691 -2.3608307 -2.3939946 -2.3673246 -2.2912428 -2.3107028 -2.3494618 -2.3846534 -2.4259088 -2.4785808 -2.5069171 -2.518622 -2.5297392 -2.5532802 -2.6937388 -2.7802514 -2.7802514 -2.7802514 -2.7802514 -2.5574283 -2.4081427 -2.4022902 -2.3964378 -2.3905854 -2.4547482 -2.4977895 -2.4919371 -2.4894973 -2.4894973 -9999
-2.2450663 -2.2327101 -2.2514167 -2.2908313 -2.3647386 -2.4435772 -2.5329143 -2.6407238 -2.7354225 -2.8301211 -2.8824851 -2.9460397 -2.9852731 -3.0125189 -3.0228369 -3.0031947 -2.9616278 -2.9202697 -2.8647518 -2.7873695 -2.7131113 -2.5953095 -2.4793948 -2.4150179 -2.3719903 -2.3270151 -2.3104238 -2.2960654 -2.3109439 -2.3570168 -2.4077101 -2.4323263 -2.4066396 -2.4361286 -2.4781483 -2.513263 -2.5540157 -2.7129465 -2.8066703 -2.8239169 -2.8400294 -2.829265 -2.5984127 -2.6846739 -2.6846739 -2.6846739 -2.6846739 -2.6545627 -2.5159276 -2.5100751 -2.5042227 -2.4983702 -2.4335394 -2.4662655 -2.4645797 -2.4682437 -2.4709348 -9999
-2.29456 -2.2774224 -2.2782513 -2.3096697 -2.3658251 -2.4496074 -2.5273301 -2.6212943 -2.7012979 -2.7862313 -2.8326943 -2.877559 -2.911984 -2.9288531 -2.9332781 -2.9019076 -2.8576891 -2.8044029 -2.7432395 -2.6631263 -2.5835124 -2.4758204 -2.3892393 -2.3268385 -2.3033558 -2.2701919 -2.2731217 -2.2654791 -2.3064462 -2.3743704 -2.4329212 -2.4619531 -2.4795104 -2.5156979 -2.5646585 -2.5945379 -2.684154 -2.8889895 -2.974337 -2.9977468 -3.0094016 -3.0028355 -2.7709766 -2.6272079 -2.6263051 -2.6216236 -2.6216236 -2.5943045 -2.5723071 -2.5664546 -2.5633943 -2.5575419 -2.4955032 -2.45 -2.4506037 -2.4564561 -2.4623086 -9999
-2.3690709 -2.3469617 -2.3452504 -2.3557232 -2.406096 -2.4689328 -2.538473 -2.6088758 -2.6761216 -2.7427666 -2.7794214 -2.8154666 -2.8375759 -2.848133 -2.8370784 -2.8011854 -2.7459228 -2.685566 -2.6190547 -2.5361451 -2.4531184 -2.3646814 -2.2898915 -2.2489244 -2.2357643 -2.2391457 -2.2543341 -2.2716883 -2.3388436 -2.4116259 -2.4890082 -2.523219 -2.5291843 -2.5598357 -2.5957047 -2.6191145 -2.7027817 -2.9076172 -2.9905883 -2.9977468 -3.0049953 -2.990417 -2.7621718 -2.6197391 -2.6138866 -2.6080342 -2.6029959 -2.5789069 -2.5598886 -2.5540362 -2.5519973 -2.5513326 -2.4923652 -2.4509605 -2.4568129 -2.4626654 -2.4685178 -9999
-2.4495303 -2.4214726 -2.4094094 -2.4136037 -2.4456197 -2.5019763 -2.5460765 -2.6077966 -2.6532819 -2.7116331 -2.7307461 -2.7583152 -2.7650623 -2.7653495 -2.7459371 -2.7035689 -2.6465645 -2.5822237 -2.5107466 -2.4484345 -2.3688724 -2.2968146 -2.2408065 -2.2173144 -2.2308324 -2.2449397 -2.293984 -2.3215016 -2.3960715 -2.4781722 -2.5523166 -2.574495 -2.5703214 -2.5898135 -2.6210169 -2.6293183 -2.7109883 -2.9128814 -2.9864158 -2.9890155 -2.9795882 -2.9629201 -2.7393321 -2.5968994 -2.5910469 -2.5812314 -2.5741315 -2.5550686 -2.5370489 -2.5375399 -2.5472059 -2.55 -2.4965771 -2.4571697 -2.4630222 -2.4688746 -2.474727 -9999
