P1_models/J1_p1_vp_slide_diff_300.dat.tif
NCOLS 118
NROWS 92
XLLCORNER 139.62
YLLCORNER -39.07
DX 0.099491525
DY 0.099347826
NODATA_VALUE -9999
[rows 27 to 53 of 92, columns 0 to 59 of 118]
-9999 8.6267647 8.6257748 8.6252449 8.6274545 8.629664 8.6318735 8.6336235 8.634843 8.6360625 8.637282 8.6375645 8.63759 8.6368547 8.6345959 8.6323371 8.6300783 8.6289508 8.6282769 8.6281449 8.6292631 8.6303812 8.6280303 8.6252548 8.6224793 8.6224656 8.6298541 8.6372426 8.6446311 8.6442594 8.640761 8.6382893 8.6377969 8.6373045 8.6309478 8.6244117 8.6178756 8.6047507 8.5821996 8.5596485 8.5370973 8.5338441 8.5324338 8.5451277 8.5679609 8.590794 8.6102418 8.6094834 8.608725 8.6055127 8.6018762 8.5982398 8.596928 8.5981887 8.599742 8.6023087 8.6048754 8.6074421 8.6128894 8.6188609
-9999 8.6225282 8.6229454 8.6251549 8.6273644 8.629574 8.6317835 8.6335334 8.6347529 8.6359724 8.6371919 8.6384114 8.6390474 8.6383121 8.6360533 8.6337945 8.6315358 8.629277 8.627714 8.627582 8.628055 8.6252795 8.622504 8.6197285 8.616953 8.6169393 8.6243278 8.6317163 8.6391048 8.6464933 8.6488815 8.6464099 8.6445647 8.6380286 8.6314925 8.6249564 8.6184203 8.6052954 8.5827443 8.5601932 8.5376421 8.5150909 8.5069275 8.5196213 8.5424545 8.5652876 8.5881207 8.6109539 8.6117883 8.608576 8.6049395 8.6013031 8.5976667 8.5954256 8.5969788 8.5995455 8.6021122 8.604679 8.6072457 8.6120469
-9999 8.6183065 8.620516 8.6227255 8.624935 8.6271446 8.6293541 8.6332108 8.6344303 8.6356499 8.6368694 8.6380889 8.6393084 8.6372083 8.6349495 8.6326907 8.6304319 8.6281731 8.6259143 8.6234993 8.6207238 8.6179483 8.6151729 8.6123974 8.6096219 8.6073267 8.6147152 8.6221037 8.6294922 8.6368807 8.6442692 8.6469015 8.6403655 8.6338294 8.6272933 8.6207572 8.6142211 8.6052188 8.5826677 8.5601166 8.5375655 8.5150143 8.4924632 8.4964433 8.5192764 8.5421095 8.5649426 8.5877758 8.6106089 8.6114904 8.607854 8.6042176 8.6005812 8.5969448 8.5944919 8.5970586 8.5996253 8.602192 8.6047587 8.6073254
-9999 8.5966188 8.5988284 8.6010379 8.6032474 8.6054569 8.6192106 8.6288449 8.6321935 8.633413 8.6346326 8.6358521 8.6370716 8.6319197 8.6140089 8.6105015 8.6082427 8.6059839 8.6037251 8.6013101 8.5985346 8.5957591 8.5929836 8.5902081 8.6019227 8.6069097 8.5759683 8.5788508 8.5862393 8.5936278 8.6010164 8.6036487 8.5971126 8.5905765 8.5840404 8.5775043 8.58832 8.5915884 8.5774763 8.5549251 8.532374 8.5098229 8.4872718 8.4916911 8.5152657 8.5380988 8.5609319 8.5837651 8.6065982 8.6109472 8.6095433 8.6059069 8.6022705 8.5986341 8.5960291 8.5969968 8.5994123 8.601979 8.6045457 8.6071124
-9999 8.5749312 8.5771407 8.5793502 8.5840798 8.5991076 8.6141354 8.6237697 8.6271793 8.630589 8.6323957 8.6336153 8.6348348 8.6296829 8.6117721 8.5938613 8.5860535 8.5837947 8.5815359 8.5791208 8.5763454 8.5735699 8.5707944 8.5883247 8.6067165 8.6117035 8.5807622 8.5498208 8.5429865 8.550375 8.5577635 8.5603958 8.5538597 8.5473236 8.5419621 8.557097 8.5722318 8.5755002 8.561792 8.5480838 8.5271826 8.5046314 8.4820803 8.4864997 8.5103078 8.5340881 8.5569213 8.5797544 8.6025875 8.6069365 8.608091 8.6075963 8.6039599 8.6003234 8.5977184 8.5986862 8.5996539 8.6017659 8.6043326 8.6068993
-9999 8.5532436 8.5554531 8.5639768 8.5790046 8.5940324 8.6090602 8.6186945 8.6221042 8.6255138 8.6289234 8.6313784 8.632598 8.6274461 8.6095353 8.5916245 8.5737137 8.5616054 8.5593466 8.5569316 8.5541561 8.5563349 8.5747267 8.5931186 8.6115104 8.6164974 8.585556 8.5546147 8.5236733 8.5071221 8.5145106 8.5171429 8.5106068 8.510739 8.5258739 8.5410087 8.5561436 8.559412 8.5457038 8.5319956 8.5182873 8.49944 8.4768888 8.4813082 8.5051164 8.5289245 8.5527327 8.5757437 8.5985768 8.6029258 8.6040803 8.6052348 8.6056492 8.6020128 8.5994078 8.6003755 8.6013432 8.602311 8.6041195 8.6066862
-9999 8.5315559 8.5438738 8.5589016 8.5739294 8.5889572 8.603985 8.6136193 8.617029 8.6204386 8.6238482 8.6272578 8.6303611 8.6252093 8.6072985 8.5893877 8.5714769 8.5535661 8.5371574 8.5347424 8.5427369 8.5611287 8.5795206 8.5979124 8.6163042 8.6212912 8.5903499 8.5594085 8.5284672 8.4975258 8.4712577 8.4738901 8.479516 8.4946508 8.5097857 8.5249205 8.5400554 8.5433238 8.5296156 8.5159073 8.5021991 8.4884909 8.4716974 8.4761168 8.4999249 8.5237331 8.5475412 8.5713494 8.5945661 8.5989151 8.6000696 8.6012241 8.6023785 8.603533 8.6010971 8.6020648 8.6030326 8.6040003 8.604968 8.6064732
-9999 8.5324161 8.5474439 8.5624717 8.5774994 8.5925272 8.607555 8.6117506 8.6155904 8.619 8.6224096 8.6258192 8.6292289 8.6222128 8.6027189 8.5848081 8.5668973 8.5489865 8.5310757 8.5241422 8.5425341 8.5609259 8.5793178 8.5977096 8.6161014 8.6240648 8.6007057 8.5697643 8.538823 8.5078816 8.4769402 8.461737 8.4768719 8.4920067 8.5071416 8.5222764 8.5374113 8.541822 8.5297679 8.5160597 8.5023515 8.4886433 8.474935 8.4713326 8.4951407 8.5189489 8.542757 8.5665652 8.5903733 8.5842095 8.5853639 8.5865184 8.5876728 8.5888273 8.5951749 8.6016303 8.602598 8.6035658 8.6045335 8.6055012
-9999 8.5502445 8.5652723 8.5803001 8.5953278 8.6039847 8.5969081 8.600309 8.6158022 8.6235592 8.6269688 8.6303785 8.6337881 8.626772 8.5988779 8.5763644 8.5584536 8.5405428 8.522632 8.5156985 8.5340904 8.5524822 8.5708741 8.5883616 8.593014 8.597726 8.6025977 8.5892933 8.5583519 8.5274106 8.4964692 8.481266 8.4964008 8.5115357 8.5266705 8.5383474 8.5337903 8.5361304 8.5483379 8.5429972 8.529289 8.5155808 8.5018726 8.4953912 8.4941051 8.5148363 8.5386444 8.5624526 8.5862607 8.5709516 8.5530193 8.5541738 8.5553282 8.5564827 8.5628303 8.5871663 8.5986606 8.5996284 8.6005961 8.6015638
-9999 8.5680729 8.5831007 8.5981285 8.5996197 8.5925431 8.5854664 8.5888673 8.6043606 8.6198539 8.631528 8.6349377 8.6383473 8.6313312 8.6034371 8.575543 8.5500099 8.5320991 8.5141883 8.5072548 8.5256467 8.5440385 8.5573704 8.5620228 8.5666752 8.5713872 8.5762589 8.5811306 8.5778809 8.5469396 8.5159982 8.500795 8.5159298 8.5310647 8.5372129 8.5326558 8.5280988 8.5304389 8.5426463 8.5548537 8.5562265 8.5425183 8.5288101 8.5223287 8.5210427 8.5197566 8.5345319 8.55834 8.5821482 8.566839 8.5447693 8.5226996 8.5229836 8.524138 8.5304856 8.5548216 8.5791576 8.5956909 8.5966587 8.5976264
-9999 8.5859013 8.6009291 8.5952547 8.5881781 8.5811014 8.5740248 8.5774257 8.592919 8.6084123 8.6239055 8.6393988 8.6429065 8.6358904 8.6079963 8.5801022 8.5522081 8.524314 8.5057446 8.4988111 8.517203 8.5263792 8.5310316 8.535684 8.5403363 8.5450483 8.54992 8.5547918 8.5596635 8.5645352 8.5355272 8.5203239 8.5354588 8.5360784 8.5315213 8.5269643 8.5224072 8.5247473 8.5369548 8.5491622 8.5613696 8.5694558 8.5557476 8.5492662 8.5479802 8.5466941 8.5454081 8.5542275 8.5780356 8.5627264 8.5406567 8.518587 8.4965173 8.4917934 8.498141 8.522477 8.546813 8.571149 8.5927213 8.593689
-9999 8.5979663 8.5908897 8.583813 8.5767364 8.5696598 8.5625832 8.5659841 8.5814773 8.5969706 8.6124639 8.6279572 8.6434505 8.6404496 8.6125555 8.5846614 8.5567673 8.5288732 8.5009791 8.4903674 8.495388 8.5000403 8.5046927 8.5093451 8.5139975 8.5187095 8.5235812 8.5284529 8.5333246 8.5381963 8.5430681 8.5395009 8.5349439 8.5303868 8.5258298 8.5212727 8.5167157 8.5190558 8.5312632 8.5434706 8.5556781 8.5678855 8.580093 8.5762037 8.5749177 8.5736316 8.5723456 8.5710595 8.573923 8.5586139 8.5365442 8.5144744 8.4924047 8.470335 8.4657964 8.4901324 8.5144683 8.5388043 8.5631403 8.5874763
-9999 8.596153 8.5890764 8.5819997 8.5749231 8.5678465 8.5577913 8.557675 8.5731683 8.5886616 8.6041548 8.6196481 8.636347 8.6444857 8.6254398 8.5975457 8.5696516 8.5417575 8.5138634 8.4958109 8.5004632 8.5051156 8.509768 8.5144204 8.5197978 8.5250649 8.5259008 8.5307725 8.5356442 8.5405159 8.5453876 8.5470388 8.5424817 8.5379247 8.5333676 8.5288106 8.5210721 8.5183303 8.5305378 8.5427452 8.5549526 8.5671601 8.5723721 8.5759976 8.5775793 8.5762933 8.5750072 8.5737212 8.5724351 8.5534281 8.5313583 8.5092886 8.4872189 8.4682068 8.47445 8.498786 8.523122 8.5474579 8.5717939 8.589259
-9999 8.5975961 8.5905195 8.5834429 8.5763663 8.564183 8.5505417 8.5504254 8.5659187 8.581412 8.5969053 8.6148158 8.6340466 8.6421854 8.6281115 8.6132457 8.5853516 8.5574575 8.5295634 8.5115108 8.5161632 8.5208156 8.525468 8.5317405 8.5393521 8.5446191 8.5436021 8.5427847 8.5476564 8.5525281 8.5573999 8.559051 8.554494 8.5499369 8.5453799 8.5352173 8.5220263 8.5192845 8.5314919 8.5436994 8.5559068 8.5576514 8.5564735 8.5600989 8.5671775 8.5707445 8.5694584 8.5681724 8.5668863 8.5478793 8.5258096 8.5037398 8.4897066 8.4907265 8.4969698 8.5213058 8.5456417 8.5699777 8.584502 8.5951998
-9999 8.5990393 8.5919626 8.5842159 8.5705747 8.5569334 8.5432921 8.5431758 8.5586691 8.5741624 8.5932845 8.6125154 8.6317463 8.6398851 8.6258112 8.6117373 8.5976634 8.5731575 8.5452633 8.5272108 8.5318632 8.5365156 8.5436831 8.5512947 8.5589063 8.5641733 8.5631563 8.5621393 8.5611223 8.5645404 8.5694121 8.5710632 8.5665062 8.5619491 8.5493626 8.5361715 8.5229804 8.5202387 8.5324461 8.5441086 8.5429307 8.5417527 8.5405748 8.5442002 8.5512788 8.5583574 8.5639096 8.5626236 8.5613375 8.5423305 8.5202608 8.5112064 8.5122264 8.5132463 8.5194895 8.5438255 8.5681615 8.5797449 8.5904427 8.6011406
-9999 8.6004824 8.5906076 8.5769663 8.5633251 8.5496838 8.5360425 8.5359263 8.5525224 8.5717533 8.5909842 8.6102151 8.629446 8.6375847 8.6235108 8.6094369 8.595363 8.5812891 8.5609633 8.5429108 8.5480142 8.5556258 8.5632374 8.570849 8.5784606 8.5837276 8.5827106 8.5816936 8.5806766 8.5796596 8.5814243 8.5830755 8.5766988 8.5635078 8.5503167 8.5371257 8.5239346 8.5211928 8.5293879 8.5282099 8.527032 8.525854 8.5246761 8.5283016 8.5353801 8.5424587 8.5495372 8.5566158 8.5557887 8.5367817 8.5327062 8.5337262 8.5347461 8.5357661 8.5420093 8.56429 8.5749879 8.5856857 8.5963835 8.6070814
-9999 8.5953721 8.5817309 8.5680896 8.5544483 8.5408071 8.5271658 8.5291254 8.5483563 8.5675872 8.586818 8.6060489 8.6252798 8.6345153 8.6204414 8.6063675 8.5922936 8.5782197 8.5641458 8.5566293 8.5642409 8.5718525 8.5794641 8.5870757 8.5946873 8.600616 8.599599 8.598582 8.597565 8.596548 8.595531 8.5903557 8.5771647 8.5639736 8.5507825 8.5375915 8.5244004 8.5166863 8.5155084 8.5143304 8.5131525 8.5119745 8.5107966 8.5129761 8.5200547 8.5271332 8.5342118 8.5412903 8.5483689 8.5522862 8.5533062 8.5543261 8.5553461 8.5563661 8.557895 8.5685928 8.5792907 8.5899885 8.6006863 8.6113842
-9999 8.5742233 8.560582 8.5469408 8.5332995 8.5196582 8.5331082 8.5378952 8.5301181 8.549349 8.5685799 8.5878108 8.6070417 8.6176281 8.6109033 8.5974976 8.5834237 8.5693498 8.5552759 8.5477594 8.555371 8.5629826 8.5705942 8.5782058 8.5894591 8.5983172 8.5964862 8.5953646 8.5943476 8.5933306 8.5923136 8.5871383 8.5739473 8.5607562 8.5475651 8.5343741 8.5238422 8.5176753 8.5168576 8.5156797 8.5145017 8.5133238 8.5121458 8.5098376 8.5090524 8.516131 8.5232095 8.5302881 8.5373667 8.5515504 8.5594268 8.5604468 8.5614668 8.5624867 8.5630064 8.5617929 8.5712397 8.5819375 8.5926353 8.6033332
-9999 8.5530745 8.5394332 8.525792 8.518328 8.5343939 8.5504598 8.5552468 8.5470164 8.538786 8.5503418 8.5695727 8.5888035 8.5993899 8.5926651 8.5859403 8.5745539 8.56048 8.5464061 8.5388895 8.5465011 8.5541127 8.5617243 8.5744159 8.5872621 8.5961201 8.5942892 8.5924582 8.5911302 8.5901132 8.5890962 8.5839209 8.5707299 8.5575388 8.5445613 8.5346463 8.5247314 8.5185646 8.5177599 8.5169552 8.5158509 8.514673 8.5134951 8.5111869 8.5080661 8.5051287 8.5122073 8.5192859 8.5263644 8.5405482 8.55596 8.5665675 8.5675874 8.5686074 8.569127 8.5679136 8.5667002 8.5738865 8.5845844 8.5952822
-9999 8.5319257 8.5182844 8.5196137 8.5356796 8.5517455 8.5678115 8.5725984 8.564368 8.5561377 8.5479073 8.5513345 8.5705654 8.5811518 8.574427 8.5677022 8.5609774 8.5516101 8.5375362 8.5300197 8.5376313 8.5465264 8.5593726 8.5722188 8.585065 8.5939231 8.5920921 8.5902611 8.5884301 8.5868958 8.5858788 8.5807035 8.5675125 8.5553655 8.5454505 8.5355356 8.5256207 8.5194539 8.5186492 8.5178445 8.5170398 8.5160222 8.5148443 8.5125361 8.5094154 8.5062947 8.5031739 8.5082836 8.5153622 8.529546 8.5449577 8.5603695 8.5737081 8.5747281 8.5752477 8.5740343 8.5728208 8.5716074 8.5765334 8.5872312
-9999 8.5107768 8.5208994 8.5369653 8.5530313 8.5690972 8.5851631 8.5899501 8.5817197 8.5734893 8.5652589 8.5570285 8.5523273 8.5629136 8.5561888 8.549464 8.5427392 8.5360144 8.5286664 8.5211498 8.5314832 8.5443294 8.5571756 8.5700217 8.5828679 8.591726 8.589895 8.588064 8.5862331 8.5844021 8.5826614 8.5774862 8.5661696 8.5562547 8.5463398 8.5364249 8.52651 8.5203431 8.5195384 8.5187338 8.5179291 8.5171244 8.5161935 8.5138853 8.5107646 8.5076439 8.5045232 8.5014024 8.5043599 8.5185437 8.5339555 8.5493673 8.564779 8.5801908 8.5813684 8.5801549 8.5789415 8.5777281 8.5765146 8.5791802
-9999 8.5170855 8.5331515 8.5492174 8.5652833 8.5813492 8.5974152 8.6006946 8.5924642 8.5842338 8.5760034 8.5677731 8.5595427 8.558731 8.5527602 8.5460354 8.5393106 8.5325858 8.525861 8.5250542 8.5379003 8.5507465 8.5635927 8.5764389 8.5892851 8.5910154 8.5889655 8.5871345 8.5853035 8.5834726 8.5816416 8.5770494 8.5671345 8.5572195 8.5473046 8.5373897 8.5274748 8.5227351 8.5219304 8.5211258 8.5203211 8.5195164 8.5173963 8.5220901 8.5189694 8.5158487 8.512728 8.5096073 8.5064865 8.5191674 8.5345791 8.5499909 8.5654027 8.5808145 8.578546 8.5773325 8.5761191 8.5749057 8.5736922 8.5716852
-9999 8.5212332 8.5372991 8.5533651 8.569431 8.5845147 8.597697 8.600939 8.5927086 8.5844782 8.5762478 8.5702333 8.5725834 8.5732972 8.5707341 8.5661425 8.5594177 8.5526929 8.5459681 8.5451613 8.5580074 8.5708536 8.5836998 8.5949776 8.5944569 8.5933258 8.5905588 8.5882194 8.5863884 8.5845574 8.5827265 8.5781343 8.5682193 8.5583044 8.5483895 8.5391132 8.5320208 8.5275153 8.5267106 8.5259059 8.5251013 8.5181923 8.5007032 8.5080365 8.5332144 8.5349486 8.5318279 8.5287072 8.5255865 8.5382673 8.5536791 8.5690909 8.5845026 8.5723883 8.5615109 8.5602975 8.559084 8.5578706 8.5533073 8.5415587
-9999 8.5253809 8.5414468 8.5575127 8.5715768 8.5847591 8.5979414 8.6011834 8.592953 8.5847226 8.5824493 8.5847994 8.5871496 8.5878633 8.5853003 8.5827372 8.5795248 8.5728 8.5660752 8.5652684 8.5781146 8.5909607 8.5978086 8.597288 8.5967673 8.5956362 8.5928692 8.5901021 8.5874733 8.5856423 8.5838113 8.5792191 8.5693042 8.5593893 8.5509858 8.5438934 8.536801 8.5322955 8.5314908 8.5306861 8.5189883 8.5014992 8.4840101 8.4913435 8.5165213 8.5416991 8.5509279 8.5478072 8.5446864 8.5573673 8.572779 8.5826878 8.5690205 8.5553532 8.5444759 8.5432624 8.542049 8.5349293 8.5231808 8.5114323
-9999 8.5295285 8.5454566 8.5586389 8.5718212 8.5850035 8.5981858 8.6014278 8.5931974 8.5946654 8.5970155 8.5993656 8.6017157 8.6024295 8.5998664 8.5973034 8.5947403 8.5921772 8.5861823 8.5853755 8.5982217 8.6006397 8.600119 8.5995983 8.5990777 8.5979466 8.5951796 8.5924125 8.5896455 8.5868784 8.5848962 8.580304 8.5703891 8.5628584 8.555766 8.5486736 8.5415812 8.5370756 8.536271 8.5197843 8.5022952 8.4848061 8.4673171 8.4746504 8.4998282 8.525006 8.5501838 8.5669071 8.5637864 8.5764672 8.57932 8.5656528 8.5519855 8.5383182 8.5274408 8.5262274 8.5165514 8.5048029 8.4930543 8.4813058
-9999 8.5325187 8.545701 8.5588833 8.5720656 8.5852479 8.5984302 8.6045313 8.6068814 8.6092315 8.6115816 8.6139318 8.6162819 8.6169957 8.6144326 8.6118695 8.6093065 8.6067434 8.6041803 8.6039914 8.6034707 8.6029501 8.6024294 8.6019087 8.6013881 8.600257 8.59749 8.5947229 8.5919559 8.5891888 8.5864218 8.5818233 8.5747309 8.5676386 8.5605462 8.5534538 8.5463614 8.5380693 8.5205802 8.5030912 8.4856021 8.468113 8.450624 8.4579573 8.4831351 8.5083129 8.5334907 8.5586686 8.5828863 8.5759523 8.562285 8.5486177 8.5349504 8.5212831 8.509922 8.4981735 8.4864249 8.4746764 8.4629279 8.4511794
-9999 8.5432789 8.5564612 8.5696435 8.5828258 8.5960081 8.6074923 8.6141261 8.6164762 8.6188264 8.6211765 8.6235266 8.615414 8.6061132 8.6150988 8.6125357 8.6099727 8.6074096 8.6048465 8.6029011 8.6023804 8.6018597 8.601339 8.6008184 8.595239 8.5894255 8.6013161 8.5985491 8.595782 8.593015 8.5902479 8.5860035 8.5789111 8.5718187 8.5647263 8.5576339 8.5470703 8.5316835 8.5141944 8.4967054 8.4792163 8.4617272 8.4495289 8.4597142 8.484482 8.5096598 8.5348376 8.5600154 8.5851932 8.5772501 8.5635828 8.5499155 8.5362482 8.5260004 8.5227598 8.5110113 8.4992627 8.4875142 8.4757657 8.4584094
