P1_models/J1_p1_tot_conduct_slide_48.44.dat.tif
NCOLS 118
NROWS 92
XLLCORNER 139.62
YLLCORNER -39.07
DX 0.099491525
DY 0.099347826
NODATA_VALUE -9999
[rows 26 to 51 of 92, columns 57 to 113 of 118]
-3.8481884 -3.6992078 -3.5168067 -3.3493859 -3.1870576 -3.0417291 -2.9108192 -2.8050407 -2.722131 -2.69203 -2.6810671 -2.725159 -2.7755039 -2.878934 -2.9760819 -3.0976826 -3.1943145 -3.2882787 -3.3414379 -3.3788027 -3.3593142 -3.3315741 -3.2699763 -3.1978483 -3.1159141 -3.04314 -2.9768123 -2.9443312 -2.9196588 -2.9372161 -2.9777793 -3.0385797 -3.1232474 -3.2110341 -3.3146992 -3.4145397 -3.5121988 -3.5983205 -3.6685498 -3.7167183 -3.7459806 -3.7318449 -3.705186 -3.639848 -3.5709547 -3.4948729 -3.4418623 -3.3774854 -3.3499602 -3.3263333 -3.3380382 -3.3778432 -3.4071054 -3.4291998 -3.4222369 -3.3520076 -3.1726392
-4.0144601 -3.8838087 -3.7456261 -3.584404 -3.4321156 -3.280559 -3.1360077 -3.0080324 -2.8943339 -2.8221117 -2.7804149 -2.7699421 -2.7953735 -2.839592 -2.9139946 -2.9803223 -3.0652732 -3.1359454 -3.1784182 -3.1999766 -3.17234 -3.1395016 -3.0676466 -2.9909622 -2.8973488 -2.8223087 -2.7516239 -2.7191428 -2.6944704 -2.7207757 -2.7672119 -2.8445942 -2.9413203 -3.0587007 -3.1748578 -3.2886991 -3.3998955 -3.4923835 -3.5743177 -3.6239937 -3.6532559 -3.6460819 -3.6257077 -3.5554784 -3.4868327 -3.4400132 -3.4011199 -3.3576159 -3.3796759 -3.3807969 -3.4276165 -3.4820631 -3.532946 -3.5463426 -3.5344439 -3.4408048 -3.2372455
-4.1443125 -4.050175 -3.9298081 -3.7990734 -3.6539457 -3.5092713 -3.363525 -3.2191633 -3.0915126 -2.9821149 -2.911681 -2.8648266 -2.8542096 -2.8674955 -2.9020153 -2.9520338 -2.9940065 -3.0534459 -3.0835024 -3.0870239 -3.0461811 -3.0073864 -2.9288364 -2.8438311 -2.7458616 -2.6633419 -2.5908042 -2.5531677 -2.529263 -2.5592248 -2.6113975 -2.6912704 -2.7967888 -2.9209481 -3.0472215 -3.1686865 -3.2841718 -3.3859714 -3.4657105 -3.5131182 -3.5423805 -3.5396697 -3.5257869 -3.4751075 -3.4139111 -3.3799615 -3.3822197 -3.3511067 -3.4053322 -3.4381126 -3.4970543 -3.5693225 -3.6291464 -3.6397498 -3.6166771 -3.5093888 -3.2560588
-4.2457029 -4.188796 -4.0948317 -3.9860231 -3.8603496 -3.7259222 -3.5845395 -3.4406783 -3.2969683 -3.176614 -3.0642218 -3.001385 -2.9460031 -2.9349485 -2.933734 -2.9558432 -2.9773964 -3.005033 -3.01 -3.0066977 -2.9612566 -2.9085548 -2.8256452 -2.7332537 -2.6279097 -2.5416911 -2.4643088 -2.4256083 -2.3969227 -2.4320373 -2.4835374 -2.566447 -2.6731203 -2.8018741 -2.9272462 -3.0533759 -3.1684324 -3.2723257 -3.3484075 -3.3917799 -3.4210421 -3.419536 -3.4134246 -3.3730535 -3.3411193 -3.323562 -3.335236 -3.3469409 -3.4189349 -3.490103 -3.5661847 -3.6431608 -3.7133901 -3.7219163 -3.6829523 -3.5541986 -3.2914528
-4.3450507 -4.3022179 -4.2500627 -4.1559253 -4.052836 -3.9271625 -3.7956536 -3.6481759 -3.5018732 -3.3581632 -3.2370123 -3.1375207 -3.0708171 -3.0156686 -3.0021893 -2.9930987 -2.9978115 -3.005033 -3.0043372 -2.9818608 -2.9265877 -2.8708561 -2.7824192 -2.6881634 -2.5782358 -2.4920172 -2.4146349 -2.3759344 -2.3472487 -2.3792453 -2.4276543 -2.5105639 -2.6121715 -2.7335725 -2.8470498 -2.9664465 -3.0600856 -3.1605594 -3.2181868 -3.2493533 -3.2720204 -3.274837 -3.2706121 -3.2589072 -3.229353 -3.2417505 -3.2870496 -3.3221039 -3.4368955 -3.5149399 -3.6152362 -3.705326 -3.7816918 -3.7798364 -3.7388354 -3.5866149 -3.2893667
-4.4031504 -4.4040318 -4.3672386 -4.3150526 -4.2220529 -4.1128487 -3.9871752 -3.8432167 -3.6939794 -3.5434916 -3.4026238 -3.2907725 -3.1940211 -3.1271858 -3.0743374 -3.0525209 -3.026412 -3.0208847 -3.0017557 -2.9726238 -2.9141149 -2.8521469 -2.76371 -2.6709322 -2.5617338 -2.48026 -2.4028777 -2.3707713 -2.3417019 -2.3709641 -2.4174003 -2.4989855 -2.5877716 -2.7044536 -2.7929669 -2.9016132 -2.9702713 -3.0507548 -3.0931378 -3.0851368 -3.1026941 -3.0977899 -3.1000032 -3.1047609 -3.1043471 -3.1345744 -3.2265514 -3.2850758 -3.4277198 -3.5412532 -3.6554047 -3.7696579 -3.8515921 -3.8471077 -3.7900747 -3.6276241 -3.2985424
-4.4608152 -4.4768868 -4.4713595 -4.4342699 -4.3766696 -4.2790153 -4.1638146 -4.0220427 -3.8728055 -3.7182245 -3.5682035 -3.44253 -3.3264849 -3.238048 -3.167062 -3.1173163 -3.0784866 -3.0453228 -3.0127169 -2.979247 -2.9184467 -2.8521469 -2.76371 -2.6709322 -2.5714407 -2.4944733 -2.4281457 -2.4003403 -2.381441 -2.4107032 -2.4571394 -2.5345217 -2.6208876 -2.7145267 -2.7902075 -2.8618741 -2.9086936 -2.9400337 -2.9341812 -2.9247445 -2.9130397 -2.902321 -2.8946844 -2.9180941 -2.9583741 -3.0286034 -3.1265745 -3.2377709 -3.4031586 -3.5620792 -3.7083902 -3.8241928 -3.9236844 -3.9173965 -3.8487889 -3.6673632 -3.3357132
-4.4981006 -4.5257525 -4.539716 -4.5187731 -4.4762565 -4.3935224 -4.2884975 -4.1511742 -4.0037824 -3.8438577 -3.6895858 -3.5429668 -3.4180109 -3.3009873 -3.2173997 -3.1491048 -3.099359 -3.0582295 -3.0237288 -2.9793879 -2.9241149 -2.8616289 -2.788248 -2.7069608 -2.6266513 -2.5649658 -2.5080537 -2.4997486 -2.4862059 -2.5202097 -2.5682553 -2.6331522 -2.7034114 -2.7824048 -2.811392 -2.8654366 -2.8420268 -2.870641 -2.8261254 -2.7617486 -2.7270913 -2.7009882 -2.6914345 -2.7315878 -2.7730634 -2.8772541 -3.0378972 -3.1751504 -3.4075002 -3.5688514 -3.7479274 -3.8952953 -4.0040707 -3.9980219 -3.9290158 -3.739698 -3.389015
-4.5144402 -4.5581544 -4.5810546 -4.5812935 -4.5498751 -4.4803702 -4.3861151 -4.260984 -4.117274 -3.957533 -3.7969202 -3.6452765 -3.4993785 -3.373258 -3.2613559 -3.1836723 -3.1161864 -3.0664407 -3.0212288 -2.9745716 -2.9266149 -2.8735734 -2.8086394 -2.7512114 -2.6821934 -2.6472552 -2.6030367 -2.61 -2.6126869 -2.653654 -2.7072269 -2.7675 -2.8102592 -2.8746361 -2.8714124 -2.8843594 -2.8283923 -2.791827 -2.7242049 -2.6030733 -2.5386964 -2.4975235 -2.4785867 -2.5273405 -2.5976645 -2.7202094 -2.9278564 -3.1092822 -3.3738453 -3.5945862 -3.792328 -3.9750847 -4.097986 -4.0982733 -4.025349 -3.8319068 -3.4740354
-4.5165815 -4.5647776 -4.6034688 -4.6102572 -4.5997845 -4.5355368 -4.4517545 -4.3325831 -4.2033755 -4.0436344 -3.8830216 -3.7206933 -3.5656104 -3.4219004 -3.3010951 -3.2016035 -3.126495 -3.0601673 -3.0109485 -2.9613252 -2.922634 -2.8801966 -2.8359782 -2.7909505 -2.7558358 -2.7356977 -2.7288773 -2.7475167 -2.7716435 -2.828689 -2.886053 -2.9413261 -2.9768191 -2.9943764 -2.9671176 -2.9307217 -2.8253778 -2.731429 -2.5851179 -2.4531439 -2.3333776 -2.2822235 -2.2467751 -2.311152 -2.4047784 -2.5744992 -2.7997036 -3.0430503 -3.3498804 -3.6201512 -3.8718063 -4.0624444 -4.2172034 -4.2242174 -4.1567304 -3.9577474 -3.597548
-4.4779941 -4.5346529 -4.5827967 -4.6015688 -4.5979045 -4.5587073 -4.4857051 -4.3768655 -4.2519338 -4.0927436 -3.9313056 -3.7644153 -3.6025917 -3.4468302 -3.3152436 -3.2068644 -3.12129 -3.0511464 -2.9984205 -2.9489195 -2.9208804 -2.8866525 -2.8637911 -2.8415324 -2.8311307 -2.8464982 -2.8538239 -2.9111544 -2.9446809 -3.0080759 -3.0727856 -3.1212296 -3.1366135 -3.1410797 -3.0511567 -2.9933273 -2.8045793 -2.6860798 -2.4961023 -2.296531 -2.1555999 -2.0788316 -2.0399682 -2.1188468 -2.2238717 -2.4285715 -2.7281527 -2.9997454 -3.3788229 -3.6683836 -3.9535221 -4.1798032 -4.3441138 -4.3477446 -4.2811344 -4.0885489 -3.7400544
-4.4153406 -4.47682 -4.5320931 -4.5660888 -4.5713252 -4.5455801 -4.4932161 -4.3999294 -4.2838559 -4.1301417 -3.9695289 -3.8028419 -3.63708 -3.4767881 -3.3324877 -3.2164143 -3.12129 -3.0439077 -2.9891949 -2.9415193 -2.9171661 -2.8973403 -2.8836938 -2.8901397 -2.9018446 -2.943928 -2.9826191 -3.0557038 -3.1226712 -3.1987529 -3.2651656 -3.3093841 -3.3078476 -3.2902903 -3.1759824 -3.0605315 -2.8416789 -2.6332991 -2.4050538 -2.1680188 -1.986593 -1.8990829 -1.8434285 -1.9288114 -2.0672012 -2.2954465 -2.6307886 -2.9643778 -3.3747276 -3.7370858 -4.0472653 -4.2956841 -4.4771098 -4.4798975 -4.4130689 -4.2257908 -3.8858108
-4.3093696 -4.3713824 -4.4321828 -4.4738152 -4.5050933 -4.4887864 -4.4601002 -4.3797443 -4.2838559 -4.141064 -3.9893984 -3.8270701 -3.6635727 -3.5032808 -3.3575369 -3.2304089 -3.1309836 -3.0439077 -2.9920549 -2.9481425 -2.9315606 -2.9172099 -2.9282645 -2.9472916 -2.9999636 -3.0578197 -3.1283293 -3.2202078 -3.3081205 -3.3978894 -3.4699449 -3.5031087 -3.4894027 -3.4360004 -3.2894121 -3.1333866 -2.8583218 -2.6173819 -2.3130549 -2.0517388 -1.8276365 -1.7302492 -1.6646024 -1.764094 -1.9135035 -2.1944208 -2.5585633 -2.9445083 -3.4066902 -3.8006074 -4.1634588 -4.4233441 -4.62282 -4.6214472 -4.5530115 -4.3832907 -4.0486895
-4.1712283 -4.2377138 -4.3033214 -4.3590987 -4.3966059 -4.4100715 -4.390186 -4.345719 -4.2597381 -4.145704 -4.0015356 -3.8506517 -3.6915683 -3.5378161 -3.3920723 -3.2649442 -3.1621711 -3.0737342 -3.0215685 -2.9777785 -2.970354 -2.9626987 -2.9843257 -3.0232129 -3.0875941 -3.1760706 -3.2577496 -3.3683926 -3.4675003 -3.5628918 -3.6405021 -3.6709986 -3.6379179 -3.5722206 -3.3819373 -3.2055597 -2.8813747 -2.5969131 -2.2712404 -1.9608366 -1.7182933 -1.6019164 -1.5329078 -1.6446592 -1.8141557 -2.1170778 -2.5320031 -2.9419131 -3.4480679 -3.8771372 -4.2555951 -4.5353408 -4.7418291 -4.7278725 -4.6627846 -4.5004183 -4.1870385
-4.0203424 -4.0855218 -4.1573768 -4.22125 -4.2736139 -4.3000036 -4.30524 -4.2741519 -4.2244062 -4.1222204 -4.0125911 -3.8666171 -3.7220664 -3.5728292 -3.4351021 -3.3079741 -3.205201 -3.1167641 -3.0645984 -3.0199026 -3.0143753 -3.0173545 -3.044991 -3.0957604 -3.1776946 -3.27723 -3.3822488 -3.4996555 -3.6150252 -3.7203692 -3.7979794 -3.8256159 -3.772825 -3.6850384 -3.4927616 -3.2735035 -2.9340619 -2.5889821 -2.2319831 -1.9134271 -1.6325099 -1.5096547 -1.4267387 -1.5444925 -1.7428374 -2.0705742 -2.4927458 -2.9492363 -3.4740208 -3.951542 -4.3495081 -4.6283481 -4.8448885 -4.8342702 -4.7626498 -4.6104863 -4.2962006
-3.8348931 -3.9027336 -3.9851739 -4.0578949 -4.1279038 -4.1730867 -4.2058922 -4.1984871 -4.1714207 -4.1003001 -4.0059679 -3.90124 -3.7698215 -3.6371662 -3.5043718 -3.3874523 -3.2846793 -3.1962424 -3.1420138 -3.0927576 -3.0872303 -3.0906296 -3.1293207 -3.1846465 -3.2770425 -3.3823274 -3.494843 -3.624038 -3.747489 -3.8565982 -3.9359995 -3.9581087 -3.8615967 -3.6916616 -3.5105798 -3.2999963 -2.9605546 -2.6154749 -2.2269111 -1.8921454 -1.599394 -1.4724492 -1.3869996 -1.5157533 -1.7163447 -2.0610004 -2.5014092 -2.9757291 -3.5260958 -4.0111507 -4.4146069 -4.6887644 -4.897874 -4.9219586 -4.8619976 -4.699153 -4.3850603
-3.6504783 -3.7214365 -3.8062619 -3.885692 -3.9690268 -4.0273765 -4.0841633 -4.1240523 -4.1129977 -4.0431624 -3.9993447 -3.8958991 -3.8078795 -3.6815214 -3.5747558 -3.4649948 -3.3724619 -3.2871837 -3.2314775 -3.1780692 -3.1725419 -3.171789 -3.2088895 -3.2578474 -3.3477783 -3.4567622 -3.5728357 -3.7034148 -3.8346627 -3.9454706 -4.0211082 -4.0415652 -3.9368768 -3.7369469 -3.5379639 -3.3389456 -2.9995039 -2.643148 -2.2529183 -1.9204208 -1.6183573 -1.4891594 -1.4012387 -1.5299924 -1.7423005 -2.0875946 -2.5280034 -3.0097884 -3.5567407 -4.0562594 -4.4558513 -4.7259311 -4.9231302 -4.9375745 -4.8909924 -4.7251603 -4.4088791
-3.4765951 -3.5505166 -3.6389535 -3.7323084 -3.8265635 -3.9065004 -3.9745736 -4.0199192 -4.0530831 -4.0325546 -4.0028092 -3.9294997 -3.852608 -3.7531165 -3.6558057 -3.5563141 -3.4672605 -3.3843509 -3.3241107 -3.2684168 -3.2553651 -3.2499405 -3.277577 -3.3229004 -3.4048346 -3.5079389 -3.6240123 -3.7524107 -3.8832748 -3.9886187 -4.0630105 -4.0795924 -3.9770847 -3.7722492 -3.579869 -3.3829334 -3.0462539 -2.6917773 -2.3055161 -1.9759765 -1.6716495 -1.5439053 -1.4548779 -1.5832846 -1.7955926 -2.1408867 -2.5700634 -3.0499637 -3.5899576 -4.0812812 -4.4733948 -4.7293053 -4.9224359 -4.9320041 -4.8751895 -4.7054687 -4.4104152
-3.3399919 -3.4154228 -3.5085595 -3.6066961 -3.708588 -3.8028431 -3.8876442 -3.9543629 -4.0034092 -4.0151983 -3.9972878 -3.960633 -3.8924361 -3.8150538 -3.7229914 -3.6370342 -3.5479806 -3.465071 -3.4033608 -3.3429277 -3.3152911 -3.3046569 -3.3157115 -3.3522998 -3.4110438 -3.504987 -3.6115938 -3.7276673 -3.8522286 -3.9544001 -4.0282466 -4.0547554 -3.9596832 -3.7660399 -3.5893021 -3.4015612 -3.0913817 -2.7414512 -2.3785298 -2.068126 -1.7772065 -1.6579991 -1.5728535 -1.6899023 -1.9011497 -2.2262566 -2.6313662 -3.0934284 -3.5963549 -4.0812812 -4.4440113 -4.6827899 -4.8665528 -4.865848 -4.8068879 -4.6371671 -4.353862
-3.2323261 -3.3099934 -3.4050763 -3.508567 -3.6135322 -3.7177892 -3.8120443 -3.8946936 -3.9610212 -3.9873323 -3.9949946 -3.9709894 -3.9297197 -3.8602775 -3.7853199 -3.7042711 -3.6213615 -3.5384519 -3.4736778 -3.4061673 -3.3587676 -3.3322469 -3.329866 -3.343474 -3.3898042 -3.4543697 -3.5538612 -3.6544381 -3.769424 -3.8689155 -3.9467074 -3.9771087 -3.9479387 -3.7635046 -3.5929484 -3.4186842 -3.1307689 -2.8055546 -2.4583375 -2.1884779 -1.9075606 -1.7973166 -1.717192 -1.8286374 -2.0247241 -2.3363483 -2.698037 -3.1428226 -3.6043816 -4.0552088 -4.4003621 -4.6040155 -4.7795888 -4.7845921 -4.7195043 -4.5462835 -4.2731885
-3.1497518 -3.2305151 -3.3300066 -3.4357119 -3.5456762 -3.6520283 -3.7567562 -3.8445101 -3.9274197 -3.9621708 -3.9883714 -3.9778986 -3.9562125 -3.9009394 -3.8383054 -3.7664504 -3.6875933 -3.6046837 -3.5308854 -3.4591528 -3.3983525 -3.3454932 -3.323384 -3.3169813 -3.3345386 -3.3855846 -3.4519123 -3.5425465 -3.6369602 -3.7364517 -3.8142436 -3.8529348 -3.8287213 -3.7526396 -3.600854 -3.4319306 -3.1627182 -2.8818819 -2.5775549 -2.3090703 -2.0632677 -1.9595536 -1.8893949 -1.9947389 -2.1680253 -2.4489425 -2.8051588 -3.1972725 -3.625361 -4.0099337 -4.3142607 -4.5156216 -4.6619327 -4.6703913 -4.6077211 -4.420443 -4.1488926
-3.1494692 -3.2280179 -3.3235569 -3.4292839 -3.5392483 -3.645622 -3.7503499 -3.8381473 -3.9210569 -3.9719044 -4.0015526 -3.9963162 -3.9789762 -3.9381595 -3.8780371 -3.8099463 -3.7276535 -3.6420343 -3.5653014 -3.4713984 -3.3829615 -3.3191594 -3.2615389 -3.238919 -3.229241 -3.2536924 -3.3031623 -3.3743252 -3.4632374 -3.5578786 -3.6340612 -3.6854008 -3.6900793 -3.6408488 -3.535851 -3.3845569 -3.1855739 -2.9070286 -2.6536702 -2.4469304 -2.2245693 -2.1409668 -2.0739659 -2.1624033 -2.335494 -2.582015 -2.8715963 -3.2347752 -3.5843789 -3.966329 -4.2291563 -4.387247 -4.5193063 -4.5042029 -4.4402089 -4.2609316 -4.0120781
-3.1744892 -3.2539192 -3.3475618 -3.4433786 -3.5533429 -3.6546007 -3.7593287 -3.844568 -3.9274776 -3.9757671 -4.0176739 -4.0141703 -4.0020115 -3.9645083 -3.9136938 -3.8473661 -3.7645633 -3.6761264 -3.5831556 -3.4812115 -3.3777939 -3.2860096 -3.213672 -3.1491691 -3.1236804 -3.1172798 -3.1449164 -3.1984448 -3.2713447 -3.3591313 -3.438674 -3.4957029 -3.5257872 -3.5023774 -3.4339968 -3.3230824 -3.1550847 -2.9467049 -2.7222267 -2.5756691 -2.3825385 -2.3167956 -2.2639326 -2.3477099 -2.4919522 -2.7200322 -2.9593558 -3.2753877 -3.586782 -3.8981005 -4.1381932 -4.2559504 -4.3671468 -4.3423655 -4.2670452 -4.092211 -3.8656402
-3.2450453 -3.3267743 -3.4152112 -3.5079311 -3.6021863 -3.6988979 -3.793153 -3.8759529 -3.9539704 -3.9994742 -4.0375435 -4.0375435 -4.0285043 -3.9953405 -3.9468098 -3.8804821 -3.796758 -3.7027937 -3.5985032 -3.4878346 -3.3662339 -3.2528936 -3.1478748 -3.0630677 -2.9928383 -2.9696344 -2.9594671 -3.0016093 -3.0527795 -3.1351487 -3.2134856 -3.2853406 -3.3250002 -3.3425575 -3.2979149 -3.2369809 -3.1140796 -2.9604917 -2.8083282 -2.6740859 -2.5481182 -2.4945619 -2.4626282 -2.53871 -2.664447 -2.8458727 -3.0669296 -3.3151268 -3.5780213 -3.8309269 -4.0123526 -4.1213207 -4.1949439 -4.1602464 -4.0772533 -3.9133849 -3.6945564
-3.3608297 -3.4402598 -3.5179927 -3.6031848 -3.6849644 -3.774282 -3.8500119 -3.9179037 -3.9922555 -4.0352795 -4.0632174 -4.0632174 -4.0549971 -4.0245349 -3.9799257 -3.9173543 -3.8356783 -3.7369031 -3.627329 -3.5002622 -3.37309 -3.2371907 -3.1150396 -2.9840969 -2.8893239 -2.8595692 -2.8076166 -2.83554 -2.8512434 -2.9290964 -2.9999059 -3.0717609 -3.1363147 -3.1720648 -3.1371304 -3.1334664 -3.0325403 -2.9479192 -2.8417257 -2.7369699 -2.666479 -2.6552873 -2.6323021 -2.7061737 -2.8193093 -2.9733299 -3.1811615 -3.3536728 -3.5364995 -3.7689341 -3.9127052 -4.0012845 -4.0386917 -3.9880435 -3.9042315 -3.747595 -3.5331433
-3.4849022 -3.5509142 -3.6221956 -3.6858967 -3.7644427 -3.8272604 -3.9005699 -3.9611791 -4.0275068 -4.0593448 -4.0872826 -4.0872826 -4.0831724 -4.0576509 -4.0203156 -3.959521 -3.8767932 -3.7773016 -3.6551406 -3.5276453 -3.3768364 -3.2286631 -3.0797063 -2.9326768 -2.8205744 -2.7330635 -2.6777905 -2.6659748 -2.6809105 -2.7511398 -2.8102665 -2.8816667 -2.9510756 -3.0096 -3.033587 -3.033587 -3.0011925 -2.9410031 -2.8665147 -2.8445588 -2.7801819 -2.7835554 -2.7851908 -2.8554201 -2.9527481 -3.0899775 -3.2170679 -3.3867887 -3.5376524 -3.6972894 -3.8166928 -3.8543306 -3.8894453 -3.8338241 -3.745657 -3.5937326 -3.394889
