P1_models/J1_p1_tot_conduct_slide_148.39.dat.tif
NCOLS 118
NROWS 92
XLLCORNER 139.62
YLLCORNER -39.07
DX 0.099491525
DY 0.099347826
NODATA_VALUE -9999
[rows 52 to 77 of 92, columns 0 to 57 of 118]
-2.6848196 -2.6534573 -2.6136606 -2.5601617 -2.4985717 -2.4496817 -2.4148597 -2.3908549 -2.3813795 -2.3848552 -2.4147027 -2.4466342 -2.49638 -2.5510961 -2.6157656 -2.691384 -2.7958501 -2.8865828 -2.9562268 -3.0232568 -3.0779771 -3.1369397 -3.1866855 -3.228016 -3.2479143 -3.2666053 -3.2715799 -3.2859065 -3.315754 -3.3353196 -3.3091376 -3.2777549 -3.2280091 -3.1606992 -3.0350257 -2.9287813 -2.849188 -2.7733112 -2.6842925 -2.5990709 -2.5100521 -2.4413378 -2.3866175 -2.3456521 -2.3194701 -2.2927323 -2.2770231 -2.2727303 -2.2819596 -2.3004253 -2.3220542 -2.360957 -2.3991283 -2.4433468 -2.48939 -2.541754 -2.5993082 -2.6621449
-2.7089446 -2.6805441 -2.6431049 -2.5905553 -2.5289653 -2.4824355 -2.4505725 -2.4297164 -2.423361 -2.4295444 -2.4629527 -2.4996306 -2.5513779 -2.6110686 -2.6794006 -2.7569175 -2.8613836 -2.951854 -3.0139696 -3.0745882 -3.1178634 -3.1711304 -3.2191289 -3.2526797 -3.2608278 -3.2739676 -3.271007 -3.2785832 -3.2963754 -3.3042491 -3.2540461 -3.2079215 -3.1328347 -3.0579306 -2.9230941 -2.7942482 -2.6985458 -2.6129205 -2.5207368 -2.4448537 -2.3692958 -2.3241408 -2.2884155 -2.2777154 -2.2719896 -2.2845186 -2.2850104 -2.3172049 -2.336969 -2.3742303 -2.4029759 -2.4489081 -2.4910747 -2.5301575 -2.5715085 -2.6072875 -2.6547139 -2.6991834
-2.7202864 -2.7008974 -2.6660754 -2.6155893 -2.5539993 -2.5156216 -2.4857741 -2.4692137 -2.464476 -2.4818745 -2.5166966 -2.5583491 -2.6130695 -2.6776514 -2.7472955 -2.8329989 -2.9375385 -3.031119 -3.0909646 -3.1446426 -3.1844392 -3.2256892 -3.2704604 -3.2292391 -3.2339858 -3.2349053 -3.229652 -3.2519952 -3.2725219 -3.262643 -3.2034694 -3.1252448 -3.040677 -2.9355488 -2.7889297 -2.6535621 -2.549096 -2.4537221 -2.359467 -2.2923876 -2.2295509 -2.2097522 -2.1948285 -2.213816 -2.2347616 -2.2839412 -2.3153595 -2.366906 -2.4140336 -2.4599572 -2.5018484 -2.5291119 -2.5752248 -2.6081286 -2.6404983 -2.6700872 -2.6949992 -2.731654
-2.7134928 -2.6969371 -2.6720642 -2.6263165 -2.5836773 -2.5494673 -2.5245944 -2.5095217 -2.5095217 -2.5288771 -2.588572 -2.6378274 -2.7024194 -2.7704024 -2.8450211 -2.9323467 -3.0517366 -3.1503364 -3.2199805 -3.2771064 -3.316903 -3.358153 -3.1922526 -3.0636594 -3.0636594 -3.0627024 -3.0527533 -3.0731691 -3.1726606 -3.1964111 -3.1126288 -3.025416 -2.9060262 -2.7898387 -2.6275443 -2.4875154 -2.3780747 -2.2830909 -2.204545 -2.1470311 -2.1208491 -2.1156115 -2.145459 -2.1787813 -2.2413848 -2.315118 -2.4080842 -2.4714383 -2.5398741 -2.5914665 -2.6409354 -2.6285134 -2.6348335 -2.6514154 -2.6736142 -2.684087 -2.7015453 -2.7120181
-2.7246304 -2.7098211 -2.6905747 -2.6594325 -2.6191802 -2.58746 -2.5647987 -2.5541377 -2.5541377 -2.5752394 -2.6365442 -2.7012136 -2.7643241 -2.8289894 -2.9020999 -2.9861973 -3.1023163 -3.2061552 -3.2729864 -3.3266643 -3.3651053 -3.3374316 -3.1557373 -3.02 -3.0187461 -3.0110681 -2.9975938 -3.0162633 -3.1076892 -3.1350561 -3.0426997 -2.9260682 -2.7973751 -2.6438002 -2.4796236 -2.3365661 -2.2290742 -2.1352721 -2.0703313 -2.0337122 -2.0294529 -2.0535318 -2.1057497 -2.1958046 -2.2732847 -2.3607557 -2.4747768 -2.5592862 -2.6408061 -2.6977998 -2.7455858 -2.7334627 -2.6944422 -2.7092609 -2.711607 -2.7169347 -2.7130453 -2.7164819
-2.7406663 -2.7371144 -2.7221907 -2.6938208 -2.6559193 -2.6310593 -2.611161 -2.6005 -2.6005 -2.6248602 -2.6895297 -2.7524915 -2.8121864 -2.8706949 -2.940339 -3.0229364 -3.1373517 -3.231661 -3.2913559 -3.3405297 -3.3753517 -3.3447712 -3.1557373 -3.0170975 -3.0121229 -3.0017415 -2.9865212 -2.9833051 -3.0465805 -3.0581579 -2.9418519 -2.8105254 -2.6612881 -2.5059781 -2.3384135 -2.2049534 -2.1004873 -2.0286111 -1.9814835 -1.9763814 -1.9920905 -2.0487288 -2.1183729 -2.2144277 -2.3191557 -2.4389411 -2.5593782 -2.6503715 -2.7341539 -2.7836829 -2.8308104 -2.7879996 -2.7469492 -2.743 -2.7359616 -2.7241811 -2.7077083 -2.6972355
-2.7604157 -2.7584458 -2.7484967 -2.7221047 -2.6936786 -2.6716586 -2.6567349 -2.6468623 -2.6468623 -2.671481 -2.741125 -2.805477 -2.8603666 -2.9167437 -2.9764386 -3.0559465 -3.1653871 -3.2580436 -3.3077894 -3.3537676 -3.3786404 -3.3447712 -3.1511861 -3.0104743 -3.0054997 -2.9951183 -2.9702455 -2.9634355 -2.993283 -2.991926 -2.8453069 -2.703957 -2.5397959 -2.3801376 -2.2176675 -2.0881258 -2.003558 -1.9398124 -1.9241032 -1.9312857 -1.9836496 -2.0507751 -2.1502666 -2.2537292 -2.3787644 -2.5046074 -2.6388565 -2.7273578 -2.807009 -2.8506084 -2.8904191 -2.833858 -2.7800651 -2.7634832 -2.749208 -2.7177896 -2.6938785 -2.6624601
-2.765162 -2.7777082 -2.7731126 -2.7523511 -2.719412 -2.6947724 -2.6822349 -2.6742391 -2.6742391 -2.6724807 -2.6973062 -2.7618274 -2.8079762 -2.8345059 -2.8756632 -2.9465997 -3.046619 -3.1280682 -3.1586662 -3.1948738 -3.2067781 -3.1677019 -2.9983546 -2.9326554 -2.9276809 -2.9172995 -2.8924266 -2.874058 -2.8832323 -2.872685 -2.7363576 -2.5871451 -2.4290785 -2.2655248 -2.1117857 -2.0057765 -1.9318044 -1.8841833 -1.8788423 -1.9130484 -1.9781279 -2.0701707 -2.1768681 -2.2946379 -2.4220114 -2.5160123 -2.6386595 -2.7069422 -2.7809617 -2.8103953 -2.8462052 -2.846003 -2.7841519 -2.7538817 -2.730457 -2.6883186 -2.6404417 -2.5780181
-2.7687737 -2.7870706 -2.7920451 -2.7746686 -2.7367671 -2.7134971 -2.7035479 -2.6982174 -2.6982174 -2.6964589 -2.6914843 -2.695386 -2.7202588 -2.7440494 -2.7738968 -2.8218823 -2.9163992 -2.9875899 -3.0074882 -3.0215042 -3.0264788 -3.003839 -2.9142966 -2.8485975 -2.8436229 -2.8305203 -2.8056295 -2.7872609 -2.7872609 -2.7502574 -2.6193475 -2.4777393 -2.3235275 -2.1753015 -2.0391552 -1.9358852 -1.8712157 -1.8394152 -1.8446516 -1.894773 -1.9785554 -2.0847867 -2.2041765 -2.3316379 -2.4625478 -2.558266 -2.6365616 -2.6886669 -2.7351965 -2.7592286 -2.7780328 -2.7786304 -2.7747896 -2.7416258 -2.7025946 -2.6554671 -2.5927098 -2.5089275
-2.7886433 -2.8088494 -2.8237731 -2.8085497 -2.7753859 -2.7532362 -2.743287 -2.7379565 -2.7379565 -2.736198 -2.7264977 -2.7285019 -2.7440249 -2.7639189 -2.7891423 -2.8348923 -2.9244347 -2.9942131 -3.009589 -3.0215042 -3.0264788 -3.003839 -2.9142966 -2.8485975 -2.839253 -2.8238971 -2.7940496 -2.7740145 -2.76121 -2.7171415 -2.5771417 -2.431377 -2.2771651 -2.1289392 -2.0027213 -1.9030399 -1.8532942 -1.8267571 -1.8529391 -1.9086393 -1.997658 -2.1065316 -2.2358705 -2.3630771 -2.4890406 -2.5817348 -2.649808 -2.6999285 -2.7418197 -2.7609368 -2.7714096 -2.7661466 -2.75492 -2.7143488 -2.6694787 -2.6091445 -2.5397243 -2.441317
-2.8046791 -2.8386571 -2.856889 -2.8436729 -2.8105091 -2.7907195 -2.7830262 -2.7776957 -2.7776957 -2.7706618 -2.7549977 -2.7535866 -2.7672122 -2.7788182 -2.7977727 -2.8435227 -2.9330651 -2.9977261 -3.009589 -3.0215042 -3.0264788 -3.003839 -2.9132527 -2.842579 -2.8326298 -2.8159222 -2.7828105 -2.7555647 -2.7373259 -2.6906259 -2.5492432 -2.4068768 -2.2584985 -2.1137427 -1.991244 -1.9057388 -1.8585115 -1.8421578 -1.8708014 -1.931136 -2.0221435 -2.1291417 -2.2551387 -2.3792988 -2.5034027 -2.5833269 -2.6492065 -2.6933279 -2.7345951 -2.7407681 -2.7509386 -2.7370452 -2.7249005 -2.6673851 -2.6154766 -2.5423112 -2.4663076 -2.363846
-2.8145193 -2.8523311 -2.8772039 -2.8668758 -2.833712 -2.8225964 -2.8176218 -2.8149565 -2.8149565 -2.8079226 -2.7880243 -2.799437 -2.8093861 -2.8209921 -2.8359158 -2.8612981 -2.9508405 -3.0155015 -3.0254506 -3.0338955 -3.0388701 -3.0135378 -2.9190208 -2.857021 -2.8470718 -2.8254077 -2.7905857 -2.7596662 -2.7397679 -2.6707563 -2.5293736 -2.3907246 -2.2464619 -2.114307 -1.9991063 -1.9173185 -1.8725473 -1.8603607 -1.8917791 -1.9534838 -2.0477389 -2.1519171 -2.2713069 -2.3826321 -2.5030692 -2.5812762 -2.6388765 -2.6817481 -2.7174679 -2.7213261 -2.7213261 -2.7065134 -2.6917846 -2.6309842 -2.5637302 -2.4851842 -2.3959308 -2.2912029
-2.8012729 -2.8382605 -2.8581588 -2.8514493 -2.8514493 -2.8490891 -2.8441145 -2.8414493 -2.8414493 -2.8344154 -2.8926384 -2.9385239 -2.9484731 -2.960079 -2.9705091 -2.9900938 -3.0298904 -3.0817334 -3.0916825 -3.1001274 -3.1007609 -3.0731465 -3.0086615 -2.962992 -2.944564 -2.9179072 -2.873136 -2.8391444 -2.75718 -2.6508867 -2.5227475 -2.3907246 -2.255534 -2.1275534 -2.026854 -1.9504345 -1.9105976 -1.9000832 -1.9262652 -1.984642 -2.0579515 -2.1561186 -2.2605847 -2.3621567 -2.4633301 -2.5429186 -2.6057553 -2.6449236 -2.6711056 -2.6749638 -2.6749638 -2.6657509 -2.6586686 -2.5907218 -2.5173679 -2.4302784 -2.3363221 -2.2126159
-2.8085372 -2.8482658 -2.8696878 -2.877942 -2.8759464 -2.8734565 -2.8706073 -2.8657427 -2.8634565 -2.8880752 -2.9554717 -3.0013573 -3.008971 -3.0122846 -3.0222337 -3.0386066 -3.0726441 -3.1015551 -3.1085738 -3.1170187 -3.12 -3.1025593 -3.0419509 -2.9899043 -2.970006 -2.9447009 -2.9030636 -2.8465847 -2.7552525 -2.6555381 -2.5362041 -2.414376 -2.2912079 -2.1684324 -2.0689409 -1.9925214 -1.9503368 -1.933376 -1.9548956 -1.9994675 -2.0690602 -2.1490346 -2.2473383 -2.3397712 -2.4349453 -2.4992451 -2.5591828 -2.5940758 -2.6202578 -2.6196512 -2.6196304 -2.6057219 -2.5980888 -2.5219319 -2.448578 -2.3661842 -2.2722279 -2.157913
-2.8284068 -2.8670267 -2.8918996 -2.899445 -2.8947073 -2.8922174 -2.8922174 -2.890018 -2.8852803 -2.9079447 -2.9775888 -3.0233261 -3.0233261 -3.0244223 -3.0343714 -3.0496356 -3.0794831 -3.1015551 -3.1065297 -3.1103955 -3.1153701 -3.0999972 -3.0353277 -2.9843898 -2.9644915 -2.9391864 -2.8993898 -2.8488021 -2.7592598 -2.6665961 -2.5513954 -2.4386804 -2.3242651 -2.2147948 -2.1153032 -2.0399924 -1.9952213 -1.9720065 -1.9877156 -2.0215254 -2.0843622 -2.1556288 -2.2401966 -2.3209813 -2.4047637 -2.462803 -2.5099306 -2.5399816 -2.5661636 -2.5633396 -2.5581032 -2.5429917 -2.525601 -2.4500688 -2.3757519 -2.297206 -2.2159743 -2.1112463
-2.8482764 -2.8850431 -2.905146 -2.9126914 -2.9079537 -2.9054638 -2.9054638 -2.9032644 -2.8985267 -2.9218409 -2.9964595 -3.0431957 -3.0387816 -3.0371205 -3.0420951 -3.0557615 -3.0806344 -3.1015551 -3.1065297 -3.11 -3.11 -3.093374 -3.0328644 -2.9843898 -2.9644915 -2.9391864 -2.8993898 -2.8491864 -2.7695932 -2.6804638 -2.5809722 -2.4729772 -2.3685111 -2.2611571 -2.1710722 -2.0986124 -2.0488666 -2.0218551 -2.0218551 -2.0470493 -2.0843622 -2.1482839 -2.2137038 -2.2886755 -2.3584013 -2.4140302 -2.4569451 -2.4841128 -2.5065549 -2.4970188 -2.4852481 -2.4701366 -2.4527459 -2.3864182 -2.3163363 -2.2534996 -2.1789209 -2.100375
-2.8874831 -2.922333 -2.9399398 -2.943358 -2.9236991 -2.9012899 -2.8996 -2.8969348 -2.8943528 -2.917667 -2.9737875 -2.965546 -2.9605714 -2.9589104 -2.9628986 -2.9934113 -3.0567721 -3.0754246 -3.0795145 -3.0795145 -3.0795145 -3.0620738 -3.0008128 -2.9451942 -2.9260281 -2.9070493 -2.8732594 -2.823056 -2.7497677 -2.7024203 -2.6047433 -2.5104482 -2.4080397 -2.3153446 -2.2263259 -2.153866 -2.1026931 -2.0704855 -2.0669939 -2.0801652 -2.0857597 -2.1090882 -2.1601104 -2.1929522 -2.2518646 -2.3023418 -2.3131265 -2.3266056 -2.3368008 -2.3241782 -2.3165814 -2.3014699 -2.3102097 -2.2442779 -2.2044668 -2.1469817 -2.1043412 -2.0356938
-2.9279758 -2.9598639 -2.9747876 -2.9560267 -2.9133875 -2.8886181 -2.8836435 -2.88 -2.88 -2.8774613 -2.8675122 -2.8592706 -2.8542961 -2.85 -2.85 -2.8795345 -2.9740514 -3.0390217 -3.0390217 -3.0390217 -3.0390217 -3.0186743 -2.9490302 -2.8948141 -2.8798904 -2.8618898 -2.8320424 -2.8041514 -2.774304 -2.7325229 -2.6435042 -2.5545639 -2.460047 -2.3673518 -2.2783331 -2.2047541 -2.1500337 -2.1105827 -2.1001099 -2.0735667 -2.0369119 -2.0396361 -2.0744582 -2.1053435 -2.1367619 -2.1390486 -2.1285758 -2.1300789 -2.1353153 -2.1316222 -2.1263858 -2.1418779 -2.1563308 -2.1247562 -2.095113 -2.068931 -2.0423921 -2.0057373
-2.934599 -2.966487 -2.9814108 -2.962276 -2.9148991 -2.89 -2.89 -2.8854021 -2.8806644 -2.8782415 -2.8732669 -2.8658938 -2.8609192 -2.8559447 -2.8509701 -2.8789068 -2.9684492 -3.0323986 -3.0323986 -3.0323986 -3.0323986 -3.0120511 -2.942407 -2.8881909 -2.8732672 -2.8556401 -2.8307672 -2.8047966 -2.7848983 -2.7467818 -2.6734723 -2.5891217 -2.5045539 -2.4137142 -2.3292683 -2.2577396 -2.2030192 -2.16004 -2.133858 -2.1017361 -2.0501583 -2.0469826 -2.067835 -2.0945841 -2.1168924 -2.1166381 -2.1020831 -2.1035862 -2.1088226 -2.1051294 -2.099893 -2.1193444 -2.1364612 -2.114352 -2.0888794 -2.0731702 -2.051018 -2.0300725
-2.951801 -2.9749765 -2.9883357 -2.9668024 -2.9194255 -2.8921662 -2.89 -2.89 -2.8875894 -2.8810094 -2.8732669 -2.8682924 -2.8633178 -2.8583432 -2.8533686 -2.8773008 -2.9639228 -3.0254736 -3.0254736 -3.0239694 -3.0209472 -3.0005997 -2.93191 -2.881266 -2.8663422 -2.8500668 -2.8283686 -2.8060975 -2.7894247 -2.7587369 -2.6918486 -2.6197911 -2.543705 -2.4593975 -2.377113 -2.3086127 -2.2538924 -2.2109132 -2.1847312 -2.132278 -2.0704176 -2.0549426 -2.071678 -2.0891392 -2.1086047 -2.1013969 -2.0846805 -2.0849392 -2.0901756 -2.0864824 -2.081246 -2.1006974 -2.12058 -2.1071563 -2.0888269 -2.0798244 -2.0641152 -2.0460502
-2.9449766 -2.9662353 -2.9761845 -2.9510731 -2.9036962 -2.8597775 -2.8548029 -2.8521377 -2.8521377 -2.8486207 -2.8386716 -2.8985822 -2.8936077 -2.8871186 -2.882144 -2.8348951 -2.9194628 -2.9775942 -2.9775942 -2.97609 -2.9711154 -2.9487001 -2.8840306 -2.8121837 -2.7972599 -2.7880686 -2.7686587 -2.7500612 -2.7351375 -2.7414931 -2.6786564 -2.6210669 -2.5514229 -2.4864017 -2.4078557 -2.3211816 -2.2664613 -2.2310545 -2.2048725 -2.1524193 -2.0738734 -2.0749768 -2.0849259 -2.0936826 -2.1093918 -2.1004668 -2.0806014 -2.0845934 -2.0898298 -2.0861367 -2.0809003 -2.1003517 -2.1081183 -2.0970637 -2.0873124 -2.0820761 -2.0750624 -2.0593533
-2.8590388 -2.8790343 -2.8840089 -2.8483376 -2.7488461 -2.6946957 -2.6946957 -2.6924963 -2.6877586 -2.683041 -2.8922748 -3.031046 -3.0212515 -3.0129592 -3.0032155 -2.9499062 -2.8056435 -2.7921449 -2.7921449 -2.7906407 -2.7856661 -2.7632509 -2.6346623 -2.5340098 -2.5281156 -2.5231411 -2.5181665 -2.5050033 -2.5871678 -2.6421453 -2.6027579 -2.5548351 -2.509248 -2.4532857 -2.3134302 -2.2097631 -2.1799156 -2.1515762 -2.1253942 -2.0867074 -2.1024166 -2.1136333 -2.1186079 -2.1237348 -2.1292614 -2.1269638 -2.1269638 -2.1309557 -2.1361921 -2.132499 -2.1272626 -2.1221121 -2.1014951 -2.0904405 -2.0806893 -2.08 -2.0750624 -2.1045326
-2.8404157 -2.8529619 -2.8579364 -2.8017797 -2.7022881 -2.65 -2.65 -2.6478006 -2.643063 -2.7138559 -2.9247603 -3.0618239 -3.0504317 -3.0371647 -3.0272155 -2.9755122 -2.8344044 -2.733684 -2.7304783 -2.7304783 -2.7287603 -2.6859976 -2.551684 -2.4552391 -2.4536229 -2.4486483 -2.4436737 -2.4660169 -2.5639939 -2.6268661 -2.5936564 -2.5576277 -2.5189799 -2.4421969 -2.2990819 -2.2037953 -2.1766113 -2.1504262 -2.1268507 -2.1216857 -2.1373949 -2.1408594 -2.1422021 -2.147329 -2.1525654 -2.1507634 -2.1495217 -2.1535137 -2.1587501 -2.155057 -2.1498206 -2.1297715 -2.1093381 -2.1028608 -2.0942826 -2.0942826 -2.1025119 -2.1308152
-2.8389327 -2.8514789 -2.8564535 -2.8002967 -2.7008052 -2.6485171 -2.6485171 -2.6463177 -2.64158 -2.7094072 -2.9183394 -3.0504284 -3.0355046 -3.0222377 -3.0122885 -2.9620681 -2.8227799 -2.726962 -2.7219874 -2.7185171 -2.7185171 -2.6792756 -2.544962 -2.45 -2.45 -2.4486483 -2.4436737 -2.4673178 -2.5669914 -2.634904 -2.6036527 -2.5725547 -2.5377327 -2.4658671 -2.319248 -2.2254444 -2.2005715 -2.1773144 -2.1563688 -2.153813 -2.1695222 -2.1744697 -2.1694951 -2.1689781 -2.1742145 -2.1724125 -2.1671761 -2.1684407 -2.1736771 -2.169984 -2.1647476 -2.1432156 -2.1227822 -2.1172549 -2.1129658 -2.1129658 -2.1211951 -2.1473771
-2.8323325 -2.8443827 -2.8493572 -2.7945521 -2.6997982 -2.6476398 -2.6426653 -2.6392215 -2.6344838 -2.7017598 -2.9007428 -3.0291395 -3.0142158 -3.0009489 -2.9909997 -2.9409023 -2.8065887 -2.7128416 -2.7128416 -2.7114208 -2.7114208 -2.6722119 -2.5428729 -2.45 -2.45 -2.4486483 -2.4436737 -2.4673178 -2.5717839 -2.6420002 -2.6158183 -2.5869635 -2.557116 -2.487156 -2.3405369 -2.2473477 -2.2274494 -2.2056995 -2.1847539 -2.1821981 -2.1979073 -2.2043168 -2.2043168 -2.202896 -2.202896 -2.2007976 -2.1955612 -2.1943168 -2.1949659 -2.1912728 -2.1860364 -2.1610498 -2.1369748 -2.1314475 -2.1271584 -2.1271584 -2.1353876 -2.1615696
-2.911789 -2.9224184 -2.927393 -2.8740086 -2.7455685 -2.6635311 -2.6585566 -2.653692 -2.6489543 -2.6652345 -2.7615974 -2.8871525 -2.8722288 -2.8606186 -2.8543098 -2.8315131 -2.7599495 -2.6676232 -2.6676232 -2.6691274 -2.6729203 -2.6351322 -2.5558201 -2.5665362 -2.5665362 -2.5651845 -2.56021 -2.5435278 -2.52411 -2.5983787 -2.5801594 -2.5544245 -2.528175 -2.4596358 -2.3493136 -2.3045812 -2.2846829 -2.2643537 -2.2434081 -2.2723778 -2.3201268 -2.3206464 -2.315942 -2.315942 -2.315942 -2.3053845 -2.2965923 -2.2953478 -2.2953478 -2.2908831 -2.2856467 -2.1470963 -2.1133309 -2.1078036 -2.1035145 -2.1035145 -2.1545359 -2.2756504
