P1_models/J1_p1_vp_slide_diff2_180.dat.tif
NCOLS 118
NROWS 92
XLLCORNER 139.62
YLLCORNER -39.07
DX 0.099491525
DY 0.099347826
NODATA_VALUE -9999
[rows 24 to 47 of 92, columns 55 to 109 of 118]
0.11750655 0.11359476 0.10968296 0.10577117 0.10185938 0.10288692 0.10727094 0.11165496 0.11603898 0.12042301 0.1226654 0.1195243 0.11605458 0.11258485 0.10911513 0.10564541 0.10358226 0.10413628 0.1046903 0.10524433 0.10579835 0.10625692 0.098191158 0.090125399 0.082059639 0.07399388 0.065928121 0.061481931 0.056991296 0.052500662 0.048010027 0.043519393 0.039294335 0.035547822 0.031801309 0.028054796 0.024308283 0.018783922 0.028694842 0.039537858 0.050380873 0.061223889 0.072066904 0.065736632 0.053814103 0.041891574 0.029969046 0.018046517 0.012029626 0.0110562 0.010082775 0.0091093503 0.0081359252 0.0054491998 0.00031981475
0.11539751 0.11148571 0.10757392 0.10366213 0.099750332 0.10028398 0.1043337 0.10871772 0.11310174 0.11748577 0.12186979 0.11929527 0.11583461 0.11236489 0.10889517 0.10542544 0.10372082 0.10427484 0.10482886 0.10538288 0.1059369 0.10039961 0.089402255 0.081336496 0.073270737 0.065204978 0.057139218 0.051518796 0.047028161 0.042537527 0.038046892 0.033034086 0.034711716 0.042523609 0.038777096 0.035030583 0.03128407 0.027972509 0.038815525 0.04965854 0.060501556 0.071344571 0.072686034 0.061594182 0.049665563 0.037743035 0.025820506 0.013897977 0.016370515 0.017605905 0.01663248 0.015659055 0.01468563 0.013037579 0.0086566027
0.11406509 0.11161635 0.10770455 0.10379276 0.099880964 0.10041461 0.10396912 0.10786143 0.11224545 0.11662947 0.1210135 0.11843898 0.11562536 0.11227526 0.10880554 0.10533582 0.1036312 0.10418522 0.10473924 0.10454339 0.098905725 0.093206408 0.082001409 0.070796411 0.062542651 0.054476892 0.046411133 0.04079071 0.036300076 0.031809441 0.026578598 0.020357937 0.022035567 0.037945201 0.048234375 0.044487862 0.040741349 0.037429788 0.048272804 0.059115819 0.069958835 0.070323997 0.06948027 0.058388418 0.046205107 0.034249162 0.022326633 0.010404105 0.012876642 0.022211733 0.024089274 0.023115849 0.022142424 0.020494373 0.018485639
0.11239034 0.10999597 0.1076016 0.10392339 0.1000116 0.10054524 0.10409976 0.10765427 0.11138916 0.11577318 0.1201572 0.11758269 0.11476907 0.11195544 0.10871592 0.1052462 0.10354157 0.10409559 0.10298786 0.097350188 0.09171252 0.086013202 0.074808204 0.063603205 0.052398207 0.043748807 0.035683047 0.030062625 0.02557199 0.02012311 0.013902449 0.0076817888 0.0093594187 0.025269052 0.041178686 0.053945141 0.050198628 0.046887067 0.057730082 0.068573098 0.06796196 0.067118233 0.066274506 0.055182654 0.042999343 0.030816031 0.01883276 0.0069102318 0.0093827691 0.01871786 0.028052951 0.030572644 0.029599218 0.027951167 0.025942433
0.11071559 0.10832122 0.10592685 0.10353248 0.10014223 0.10067588 0.10423039 0.1077849 0.11133941 0.11491688 0.11930091 0.11672639 0.11391277 0.11109915 0.10828553 0.10515657 0.10345195 0.10143232 0.095794652 0.090156983 0.084519314 0.078819997 0.067614998 0.05641 0.045205002 0.034000003 0.024954962 0.019334539 0.013667622 0.0074469617 0.001226301 -0.0049943597 -0.0033167297 0.012592904 0.028502537 0.044412171 0.059655907 0.056344346 0.066443651 0.065599923 0.064756196 0.063912469 0.063068742 0.05197689 0.039793579 0.027610267 0.015426956 0.003416359 0.0058888963 0.015223987 0.024559078 0.033894169 0.037056013 0.035407961 0.033399227
0.10855624 0.10616187 0.1037675 0.10137313 0.098978755 0.099389576 0.10294409 0.1064986 0.11005311 0.11360763 0.11716214 0.11415509 0.11134147 0.10852785 0.10571423 0.10290061 0.09884816 0.093210491 0.087572822 0.081935153 0.076297484 0.072022655 0.062344715 0.051139716 0.039934718 0.028729719 0.017524721 0.0097289417 0.003508281 -0.0027123797 -0.0089330404 -0.015153701 -0.014565163 0.0013444709 0.017254104 0.033163738 0.049073371 0.064483544 0.063639816 0.062796089 0.061952362 0.061108635 0.059970425 0.048826762 0.03664345 0.024460139 0.012276828 9.3516596e-05 0.0018308334 0.011165924 0.020501015 0.029836106 0.039171197 0.042586026 0.040577292
0.10238029 0.10001308 0.09761871 0.09522434 0.09282997 0.090573538 0.089993148 0.09354766 0.097102172 0.10065668 0.1042112 0.098515769 0.094651669 0.091838049 0.089024428 0.086210808 0.082158359 0.07652069 0.070883021 0.065245352 0.06250056 0.067076402 0.069641969 0.061699545 0.050494546 0.039289548 0.028084549 0.02028877 0.014068109 0.0078474487 0.001626788 -0.0054975122 -0.0074343497 0.0018494537 0.017759087 0.033668721 0.049578354 0.064988526 0.064144799 0.063301072 0.062457345 0.060153856 0.045361222 0.0426753 0.033951336 0.021768024 0.0095847132 -0.0025985981 -0.0040417444 0.0024632661 0.011798357 0.021133448 0.030468539 0.040745617 0.045460766
0.095889913 0.093782647 0.091469926 0.089075555 0.086681185 0.084424753 0.082262056 0.08059672 0.084151232 0.087705744 0.091260257 0.085564828 0.079551561 0.075148248 0.072334628 0.069521007 0.065468558 0.059830889 0.054193221 0.052955956 0.057554307 0.062130148 0.064695716 0.067261283 0.061054375 0.049849376 0.038644378 0.030848599 0.024627938 0.018407277 0.011094703 0.0033801673 0.0014433297 0.0099173796 0.01839143 0.034173704 0.050083337 0.065493509 0.064649782 0.063806055 0.060337286 0.045544652 0.030752018 0.028066097 0.02666958 0.01907591 0.0068925985 -0.0052907128 -0.0067338591 -0.0030568513 0.0030956988 0.01243079 0.02176588 0.032042959 0.042823661
0.089399541 0.087292275 0.085185009 0.08292677 0.0805324 0.078275968 0.076113271 0.073950574 0.071787877 0.074754804 0.078309317 0.072613888 0.06660062 0.060587353 0.055644827 0.052831207 0.048778758 0.043141089 0.043411352 0.048009703 0.052608053 0.057183895 0.059749462 0.062315029 0.064880597 0.060409205 0.049204206 0.041408427 0.035187766 0.027686917 0.019972382 0.012257847 0.010321009 0.018795059 0.027269109 0.035743159 0.05058832 0.065998492 0.065154765 0.060520717 0.045728083 0.030935449 0.016142815 0.013456893 0.012060377 0.01066386 0.0042004837 -0.0079828275 -0.0094259738 -0.005748966 -0.0020719583 0.0037281314 0.013063222 0.0233403 0.034121003
0.082909169 0.080801903 0.078694637 0.07658737 0.074383615 0.072127184 0.069964486 0.067801789 0.065639092 0.063476395 0.065358376 0.059662948 0.05364968 0.047636412 0.041623144 0.036141406 0.032088957 0.033866747 0.038465098 0.043063449 0.0476618 0.052237641 0.054803209 0.057368776 0.059934343 0.062499911 0.059764035 0.051968255 0.044279132 0.036564597 0.028850062 0.021135526 0.019198689 0.027672739 0.036146788 0.044620838 0.053094888 0.066503475 0.060704148 0.045911513 0.031118879 0.016326245 0.0015336112 -0.0011523103 -0.0025488269 -0.0039453435 -0.0053418602 -0.010674942 -0.012118089 -0.0084410808 -0.004764073 -0.0010870652 0.0043605641 0.014637642 0.025418345
0.077750837 0.075643571 0.073536305 0.071429039 0.069321773 0.067746857 0.06558416 0.063421463 0.061258766 0.059096068 0.056933371 0.053911959 0.047898691 0.041885423 0.035872156 0.029858888 0.028500632 0.033098982 0.037697333 0.042295684 0.046894035 0.049217958 0.053539058 0.056104625 0.058670193 0.06123576 0.063801327 0.059335444 0.051620909 0.043906374 0.036191838 0.028477303 0.021861544 0.029048102 0.037522152 0.045996202 0.054470252 0.062250661 0.047458027 0.032665393 0.017872759 0.0030801251 -0.0078545234 -0.0086090826 -0.010005599 -0.011402116 -0.012798632 -0.014195149 -0.010771044 -0.0070940361 -0.0034170283 0.00025997947 0.0039369873 0.010751861 0.021532563
0.074473363 0.072682142 0.070574876 0.06846761 0.066360344 0.064953665 0.064023064 0.06195781 0.059795113 0.057632416 0.055469719 0.055728231 0.054022405 0.048009137 0.041995869 0.035982601 0.034624345 0.039222696 0.043821047 0.048419398 0.049768016 0.049254025 0.055967826 0.060913276 0.063478843 0.066044411 0.068609978 0.064144095 0.05642956 0.048715025 0.041000489 0.036017797 0.030007849 0.021842036 0.026524132 0.034998182 0.043472232 0.051252641 0.036460007 0.021667373 0.0068747389 -0.0027753163 -0.0055729789 -0.0054566618 -0.005666043 -0.0070625596 -0.0084590763 -0.0098555929 -0.0055272647 0.0009146945 0.0045917023 0.0082687101 0.011945718 0.017880124 0.025591138
0.070659055 0.069253382 0.067613447 0.065506181 0.063398915 0.061992235 0.061061634 0.060131033 0.05833146 0.056168763 0.054006066 0.054264579 0.054606287 0.054132851 0.048119583 0.042106315 0.040748059 0.04534641 0.049944761 0.050399007 0.049804084 0.049290093 0.056003894 0.062717694 0.068287494 0.070853061 0.073418629 0.068952746 0.061238211 0.053791128 0.048977615 0.044164102 0.038154155 0.029988341 0.021822527 0.024000162 0.032474211 0.040254621 0.025461987 0.010669353 0.0023038908 -0.00049377183 -0.0032914345 -0.0031751174 -0.0027484518 -0.0027230034 -0.00411952 -0.0055160366 -0.0011877085 0.0058698223 0.012600433 0.016277441 0.019954449 0.025888855 0.033030157
0.066844746 0.065439073 0.0640334 0.062544752 0.060437486 0.059030806 0.058100205 0.057169604 0.056239003 0.054705111 0.052542414 0.052800926 0.053142634 0.053484342 0.05382605 0.048230029 0.046871772 0.051470123 0.051029997 0.050435074 0.049840152 0.04932616 0.056039961 0.062753762 0.069467563 0.075661712 0.07822728 0.073761397 0.066750946 0.061937433 0.057123921 0.052310408 0.046300461 0.038134647 0.029968833 0.021803019 0.021476191 0.029256601 0.014463966 0.0073830979 0.0045854353 0.0017877726 -0.0010098901 -0.00089357297 -0.00046690739 -4.0241808e-05 0.00022003622 -0.0011764804 0.0031518477 0.010209379 0.017266909 0.024286171 0.027963179 0.033897585 0.041038888
0.063030438 0.061624764 0.060219091 0.058813418 0.057407745 0.056069377 0.055138776 0.054208175 0.053277574 0.052346973 0.051078761 0.051337273 0.051678981 0.05202069 0.052362398 0.052704106 0.052255909 0.051660987 0.051066064 0.050471142 0.049876219 0.049362228 0.056076029 0.06278983 0.06950363 0.076217431 0.082931232 0.079710765 0.074897252 0.070083739 0.065270227 0.060456714 0.054446767 0.046280953 0.038115139 0.029949325 0.021783511 0.01825858 0.012462305 0.0096646424 0.0068669797 0.004069317 0.0012716543 0.0013879715 0.001814637 0.0022413026 0.0026679682 0.0030946338 0.007491404 0.014548935 0.021606466 0.028663997 0.035721527 0.041906316 0.049047619
0.056114547 0.054708874 0.053303201 0.051897528 0.053064102 0.052327989 0.050514713 0.049584112 0.048653511 0.04772291 0.046792309 0.047091751 0.047433459 0.047775168 0.048116876 0.050238361 0.053188818 0.052593895 0.051998973 0.05140405 0.050809128 0.05113381 0.046561878 0.053275679 0.059989479 0.06670328 0.073417081 0.072246356 0.067432844 0.062619331 0.057805819 0.052821099 0.046899988 0.039575398 0.031409584 0.02324377 0.015077956 0.0070721809 0.0042745182 0.0014768555 -0.0013208072 -0.0041184698 -0.0047564102 -0.0043557341 -0.0039290685 -0.003502403 -0.0030757374 -0.0018821756 0.0035102062 0.010567737 0.017625268 0.024682799 0.035550078 0.045530742 0.052672044
0.048149659 0.046743986 0.045338313 0.047605843 0.051305862 0.050569748 0.046819095 0.044397724 0.043467123 0.042536522 0.04160592 0.041905363 0.042247071 0.042588779 0.045753469 0.051474594 0.05442505 0.053830128 0.053235205 0.052706969 0.05323759 0.053689424 0.047104963 0.040531512 0.047245313 0.053959114 0.060672915 0.05950219 0.054688677 0.049875165 0.044771497 0.039167684 0.033246573 0.026753718 0.019680925 0.011515111 0.0033492974 -0.0046564779 -0.0074541406 -0.010251803 -0.013049466 -0.013371016 -0.013214366 -0.01281369 -0.012387024 -0.011960359 -0.01057709 -0.0086775669 -0.0032851851 0.0037723457 0.010829877 0.022400222 0.037691671 0.047672335 0.054813638
0.040184771 0.038779098 0.042147584 0.045847603 0.049547621 0.048811508 0.045060855 0.041310202 0.038280734 0.037350133 0.036419532 0.036718974 0.037060683 0.041268577 0.046989702 0.052710826 0.055661283 0.05506636 0.054731962 0.055262583 0.055793205 0.056245039 0.049660577 0.043076116 0.036491654 0.041214947 0.047928748 0.046758024 0.041944511 0.036721896 0.031118083 0.025514269 0.019593158 0.013100303 0.0066074487 -0.00021354753 -0.0083793614 -0.016385137 -0.019182799 -0.021980462 -0.021985622 -0.021828972 -0.021672321 -0.021271645 -0.02084498 -0.019272004 -0.017372481 -0.015472958 -0.010080576 -0.0030230456 0.0092503659 0.024541815 0.039833265 0.049813929 0.056955232
0.032989306 0.036689325 0.040389343 0.044089362 0.047789381 0.047053267 0.043302614 0.039551961 0.035801309 0.032163745 0.031233144 0.031532586 0.036783685 0.04250481 0.048225934 0.053947059 0.056897515 0.056756955 0.057287577 0.057818198 0.05834882 0.058800654 0.052216192 0.04563173 0.039047269 0.032462807 0.035184582 0.034013857 0.028672294 0.023068481 0.017464668 0.011860854 0.0059397428 -0.00055311172 -0.0070459662 -0.013538821 -0.02010802 -0.028113796 -0.030756878 -0.030600228 -0.030443578 -0.030286927 -0.030130277 -0.029729601 -0.027966918 -0.026067395 -0.024167872 -0.022268349 -0.016875968 -0.00389949 0.01139196 0.026683409 0.041974858 0.051955522 0.05483225
0.031194169 0.034894188 0.038594206 0.042294225 0.045994244 0.046674099 0.042923446 0.039172793 0.03542214 0.031671487 0.027920834 0.031829111 0.037550235 0.04327136 0.048992484 0.054713609 0.058157809 0.058688431 0.059219052 0.059749673 0.060280295 0.060852426 0.054141506 0.047557044 0.040972582 0.03438812 0.027803659 0.021889947 0.016286134 0.010682321 0.0050785074 -0.00052530579 -0.0049164956 -0.01140935 -0.017902205 -0.024395059 -0.030887914 -0.037182529 -0.037025879 -0.036869228 -0.036712578 -0.036555927 -0.036620229 -0.034548656 -0.032649133 -0.030749611 -0.028850088 -0.026950565 -0.016912244 -0.001620795 0.013670654 0.028962104 0.044253553 0.049962787 0.050952927
0.029123035 0.032820777 0.036520796 0.040220815 0.043920834 0.049237607 0.052945316 0.049194663 0.045444011 0.041693358 0.037942705 0.032760976 0.034774415 0.040495539 0.046216664 0.051937788 0.055381989 0.05591261 0.056443231 0.056973853 0.057791871 0.059203253 0.051571502 0.04472859 0.038144129 0.031559667 0.024975205 0.019061493 0.01345768 0.0078538669 0.0022500537 -0.0037890529 -0.0057706535 -0.0011691257 -0.0076619802 -0.014154835 -0.020647689 -0.026942305 -0.026785654 -0.026629004 -0.026472353 -0.027139951 -0.03420502 -0.025936751 -0.021393659 -0.019494136 -0.017594613 -0.01569509 -0.0097901358 0.0016919266 0.016983376 0.032274826 0.047566275 0.052159524 0.052017217
0.027075413 0.030753757 0.034447386 0.038147405 0.041847423 0.047164197 0.053579624 0.059216534 0.055465881 0.051715228 0.047964575 0.042782846 0.037551944 0.037719719 0.043440843 0.049161968 0.052606168 0.053136789 0.053667411 0.054630057 0.056142697 0.057554079 0.049922328 0.042290577 0.035315675 0.028731213 0.022146751 0.01623304 0.010629226 0.0050254132 -0.0011029333 -0.0074148258 -0.0093964264 -0.0035752336 0.0022459593 -0.0039146104 -0.010407465 -0.01670208 -0.01654543 -0.01638878 -0.017659673 -0.024724742 -0.031789811 -0.023521542 -0.013620222 -0.0082386615 -0.0063391387 -0.0044396159 0.0014653387 0.0092798011 0.020296098 0.035587547 0.050878997 0.055472245 0.054345802
0.025027791 0.028706135 0.032384479 0.036073994 0.039774013 0.045090787 0.051506214 0.05792164 0.064337067 0.061737099 0.057986446 0.052804717 0.047573814 0.042342912 0.040665023 0.046386147 0.049830347 0.050360969 0.051468244 0.052980884 0.054493523 0.055904905 0.048273154 0.040641403 0.033009652 0.025902759 0.019318297 0.013404586 0.0078007727 0.0015831864 -0.0047287062 -0.011040599 -0.013022199 -0.0072010065 -0.0013798136 0.0044413792 -0.00016724056 -0.006461856 -0.0063052056 -0.0081793952 -0.015244464 -0.022309533 -0.029374602 -0.021106333 -0.011205012 -0.0013036924 0.0049163359 0.0068158587 0.012720813 0.020535276 0.028349738 0.038900269 0.054191718 0.058784967 0.057658524
0.022980169 0.026658513 0.030336857 0.0340152 0.037700603 0.043017377 0.049432803 0.05584823 0.062263657 0.068679084 0.068008316 0.062826587 0.057595685 0.052364782 0.047133879 0.043610327 0.047054527 0.04830643 0.04981907 0.05133171 0.052844349 0.054255731 0.04662398 0.038992229 0.031360478 0.023728727 0.016489844 0.010576132 0.004269306 -0.0020425865 -0.0083544791 -0.014666372 -0.016647972 -0.010826779 -0.0050055865 0.0008156063 0.0066367991 0.0037783684 0.0013008826 -0.0057641861 -0.012829255 -0.019894324 -0.026959393 -0.018691124 -0.0087898034 0.0011115166 0.011012837 0.018071333 0.023976288 0.03179075 0.039605213 0.047419675 0.05750444 0.062097688 0.060971245
