P1_models/J1_p1_vp_slide_diff_80.dat.tif
NCOLS 118
NROWS 92
XLLCORNER 139.62
YLLCORNER -39.07
DX 0.099491525
DY 0.099347826
NODATA_VALUE -9999
[rows 54 to 80 of 92, columns 0 to 59 of 118]
-9999 8.0361908 8.0322961 8.0284014 8.0245067 8.0204381 8.0163548 8.011732 8.0064863 8.0012407 7.995995 7.9978102 8.0014842 8.0011935 7.992963 7.9847326 7.9901327 7.9968023 8.0034718 8.0113788 8.0221405 8.0329021 8.0436638 8.0484101 8.0504535 8.0547953 8.0652976 8.0757999 8.0773602 8.0778579 8.0783555 8.074825 8.0635297 8.0522344 8.0409391 8.0331063 8.0261976 8.0217211 8.0207245 8.0197279 8.0187312 8.0184585 8.0182492 8.0174596 8.0162528 8.0144127 8.0109796 8.0075464 8.0041133 8.0061964 8.0092328 8.0122693 8.0150556 8.0175722 8.0200093 8.0221709 8.0243326 8.0264942 8.0167749 8.0049988
-9999 8.0322486 8.0283539 8.0244127 8.0203295 8.0162462 8.012163 8.0075401 8.0022945 7.9980815 8.0017555 8.0054295 8.0091036 8.0088128 8.0005824 7.9923519 7.9841215 7.9850149 7.9916844 7.9995914 8.0103531 8.0211147 8.0232241 8.0252675 8.0273109 8.0316527 8.0421549 8.0526572 8.0631595 8.0675287 8.0680263 8.0644959 8.0532005 8.0422128 8.035304 8.0283953 8.0214865 8.0170101 8.0160135 8.0151573 8.0149481 8.0147388 8.0145295 8.0137399 8.0125331 8.0113263 8.0100146 8.0065815 8.0031483 8.0052314 8.0082678 8.0109421 8.0134587 8.0159753 8.0184124 8.020574 8.021787 8.0100109 7.9982348 7.9864588
-9999 8.0283065 8.0243041 8.0202209 8.0161376 8.0120544 8.0079712 8.0033483 8.0020268 8.0057009 8.0093749 8.0130489 8.0167229 8.0164321 8.0082017 7.9999713 7.9917408 7.9835104 7.979897 7.987804 7.9959946 7.998038 8.0000814 8.0021248 8.0041682 8.00851 8.0190123 8.0295146 8.0400168 8.0505191 8.0576972 8.0541667 8.0444105 8.0375018 8.030593 8.0236842 8.0167755 8.0122991 8.0116469 8.0114376 8.0112284 8.0110191 8.0108098 8.0100202 8.0088134 8.0076066 8.0063997 8.0051929 8.0021833 8.0042664 8.0068286 8.0093452 8.0118618 8.0143784 8.0168155 8.015023 8.0032469 7.9914709 7.9796948 7.9679187
-9999 8.0227312 8.018648 8.0145648 8.0104816 8.0063983 8.0023151 8.0013784 8.0050524 8.0087264 8.0124004 8.0160745 8.0197485 8.0225074 8.014277 8.0060465 7.9978161 7.9895857 7.9813552 7.9762314 7.9782748 7.9803182 7.9823616 7.984405 7.9864484 7.9862908 7.9966668 8.0071691 8.0176714 8.0281736 8.0386759 8.0432311 8.0363223 8.0294136 8.0225048 8.0155961 8.0086873 8.0090663 8.008857 8.0086477 8.0084384 8.0082292 8.0080199 8.0063461 8.0051393 8.0039325 8.0027257 8.0015189 8.000312 8.00026 8.0027766 8.0052932 8.0078098 8.0103264 8.0114878 8.000185 7.9884089 7.9766329 7.9648568 7.9530807
-9999 8.0120741 8.0079909 8.0039076 7.9998244 7.9958322 7.9924806 7.9913625 7.9928221 7.9960622 7.9997362 8.0034103 8.0070843 8.010162 8.0120455 8.0068482 7.9986177 7.9903873 7.9821569 7.9770331 7.9790765 7.9811198 7.9831632 7.9852066 7.9779038 7.9733374 7.9787456 7.9875464 7.9980486 8.0085509 8.0190531 8.0236084 8.0166996 8.0097908 8.0028821 7.9960999 7.9965788 8.0000788 8.0079007 8.0090334 8.0088241 8.0086148 8.0084056 8.0058203 8.0016211 8.0004142 7.9992074 7.9980006 7.9967938 7.9926418 7.9903391 7.9928557 7.9953723 7.9978889 7.9990503 7.9955177 7.9862151 7.9744391 7.962663 7.9508869
-9999 8.0014169 7.9973337 7.9932505 7.989517 7.9861654 7.9828139 7.9816957 7.9831553 7.9846149 7.987072 7.9907461 7.9944201 7.9974978 7.9993813 8.0012648 7.9994194 7.9911889 7.9829585 7.9778347 7.9798781 7.9819215 7.981526 7.9732382 7.9649504 7.960384 7.9657921 7.9712003 7.9784259 7.9889281 7.9994304 8.0039856 7.9970769 7.9901681 7.9856703 7.9861493 7.9866282 7.9901281 7.99795 8.0057719 8.0092098 8.0090005 8.0087913 8.006206 8.0019127 7.9976194 7.9956892 7.9944824 7.9932756 7.9891236 7.9844626 7.9804182 7.9829348 7.9854514 7.9866129 7.9830802 7.9795476 7.9722452 7.9604692 7.9486931
-9999 7.9907598 7.9866766 7.9832018 7.9798502 7.9764986 7.9731471 7.972029 7.9734886 7.9749482 7.9764078 7.9780819 7.9817559 7.9848336 7.9867171 7.9886006 7.9904842 7.9919905 7.9837601 7.9786363 7.9806797 7.9768604 7.9685726 7.9602848 7.951997 7.9474306 7.9528387 7.9582469 7.963655 7.9693054 7.9798076 7.9843629 7.9774541 7.9752408 7.9757197 7.9761986 7.9766775 7.9801774 7.9879993 7.9958213 8.0036432 8.0093862 8.0091769 8.0065917 8.0022984 7.998005 7.9937117 7.9909641 7.9897573 7.9856053 7.9809443 7.9762833 7.9716223 7.973014 7.9741754 7.9706428 7.9671101 7.9635774 7.9582753 7.9464993
-9999 7.9802381 7.9768866 7.973535 7.9701834 7.9668319 7.9634803 7.9623622 7.9638218 7.9652814 7.966741 7.9682006 7.9696602 7.9721694 7.9740529 7.9759364 7.97782 7.9797035 7.9815871 7.9794379 7.9721948 7.963907 7.9556192 7.9473314 7.9390435 7.9344772 7.9398853 7.9452935 7.9507016 7.9561097 7.9615178 7.9647401 7.9648112 7.9652901 7.965769 7.9662479 7.9667268 7.9702267 7.9780487 7.9858706 7.9936925 8.0015144 8.0093363 8.0069774 8.0026841 7.9983907 7.9940974 7.9898041 7.9862391 7.9820871 7.9774261 7.9727651 7.9681041 7.9634431 7.961738 7.9582053 7.9546726 7.95114 7.9476073 7.9440747
-9999 7.9772774 7.9739258 7.9705743 7.9672227 7.9638712 7.9612658 7.9640725 7.9685708 7.9700304 7.97149 7.9729496 7.9744091 7.9749073 7.9748216 7.9767051 7.9785886 7.9804722 7.9823557 7.9811636 7.9728758 7.964588 7.9563002 7.9480124 7.9408397 7.9377585 7.9370759 7.942484 7.9478922 7.9533003 7.9587084 7.9624329 7.9629118 7.9633907 7.9638696 7.9643485 7.9657879 7.9637698 7.9630189 7.9708408 7.9786627 7.9864847 7.9943066 7.9986759 7.9962351 7.9919418 7.9876484 7.9833551 7.9790618 7.9881359 7.98369 7.979029 7.974368 7.969707 7.9636498 7.9553913 7.9518586 7.948326 7.9447933 7.9412607
-9999 7.9772328 7.9738812 7.9705297 7.9671781 7.96522 7.9636991 7.9665059 7.9743073 7.9810481 7.9825076 7.9839672 7.9854268 7.985925 7.984498 7.983315 7.9851986 7.9870821 7.9889657 7.9877735 7.9794857 7.9711979 7.9629101 7.9575886 7.9548868 7.9518056 7.9477077 7.9440857 7.9494939 7.954902 7.9603101 7.9640346 7.9645135 7.9649924 7.9654713 7.9678278 7.9712726 7.9692545 7.9594209 7.9536024 7.9614244 7.9692463 7.9770682 7.9814375 7.9833247 7.9825207 7.9782274 7.9739341 7.9696407 7.9787148 7.9900991 7.9895466 7.9848856 7.9802246 7.9741674 7.963274 7.9532294 7.9496968 7.9461641 7.9426314
-9999 7.9771882 7.9738366 7.9706952 7.9691743 7.9676534 7.9661325 7.9689392 7.9767407 7.9845421 7.9923436 7.9949849 7.9964445 7.9969427 7.9955157 7.9940886 7.9926616 7.9936921 7.9955756 7.9943835 7.9860957 7.9778079 7.9743376 7.9716358 7.9689339 7.9658527 7.9617548 7.957657 7.9535591 7.9565037 7.9619118 7.9656363 7.9661152 7.9665941 7.9698677 7.9733125 7.9767572 7.9747391 7.9649056 7.9550721 7.9452385 7.9520079 7.9598298 7.9641991 7.9660863 7.9679735 7.9688063 7.964513 7.9602197 7.9692938 7.9806781 7.9920624 7.9954032 7.9907422 7.984685 7.9737916 7.9628981 7.9520047 7.9475349 7.9440022
-9999 7.9771436 7.9746495 7.9731286 7.9716077 7.9700868 7.9685658 7.9713726 7.979174 7.9869755 7.9947769 8.0025784 8.0074622 8.0079604 8.0065333 8.0051063 8.0036792 8.0022522 8.0021856 8.0009934 7.9937885 7.9910866 7.9883847 7.9856829 7.982981 7.9798998 7.975802 7.9717041 7.9676062 7.9635084 7.9635135 7.967238 7.9684628 7.9719076 7.9753524 7.9787971 7.9822419 7.9802238 7.9703903 7.9605567 7.9507232 7.9408896 7.9425914 7.9469607 7.9488479 7.9507351 7.9526223 7.9545095 7.9507987 7.9598727 7.971257 7.9826414 7.9940257 8.0012598 7.9952026 7.9843092 7.9734158 7.9625223 7.9516289 7.945373
-9999 7.9777404 7.9762195 7.9746986 7.9731777 7.9716567 7.9701358 7.9721803 7.9799817 7.9877832 7.9955846 8.003386 8.0111875 8.0173602 8.0159332 8.0145061 8.0130791 8.011652 8.010225 8.0084125 8.0057106 8.0030088 8.0003069 7.997605 7.9949032 7.9935618 7.9894639 7.9853661 7.9812682 7.9771703 7.9730724 7.9715509 7.9749957 7.9784404 7.9818852 7.98533 7.9887747 7.9845426 7.974709 7.9648755 7.9550419 7.9452084 7.9353749 7.9323665 7.9342537 7.9361409 7.9380281 7.9399153 7.9418025 7.9517873 7.9631716 7.974556 7.9859403 7.9973246 7.9998575 7.988964 7.9780706 7.9671772 7.9562837 7.9453903
-9999 7.9750161 7.9734951 7.9719742 7.9704533 7.968783 7.9638978 7.9649021 7.9727035 7.9805049 7.9883064 7.9961078 8.0046665 8.0118257 8.0160384 8.015859 8.014432 8.0130049 8.0115779 8.0097654 8.0070635 8.0043616 8.0016598 7.9989579 7.9960157 7.9949601 7.9990967 7.9971123 7.9930144 7.9889165 7.9848187 7.9832971 7.9867419 7.9901867 7.9936314 7.9970762 7.9910266 7.9830623 7.9732287 7.9633952 7.9535617 7.944051 7.9380507 7.9343875 7.9328116 7.9346988 7.936586 7.9384732 7.9403604 7.9503452 7.9617296 7.9731139 7.9844982 7.9833603 7.9753517 7.9644582 7.9535648 7.9426714 7.9324611 7.9363981
-9999 7.9722917 7.9707708 7.9692499 7.96639 7.9615048 7.9566196 7.9576238 7.9654253 7.9732267 7.9812494 7.9898801 7.9985107 8.0056699 8.0098826 8.0140952 8.0157849 8.0143578 8.0129308 8.0111183 8.0084164 8.0057145 8.0029669 7.999974 7.9969811 7.9959255 8.0000622 8.0041988 8.0047606 8.0006628 7.9965649 7.9950433 7.9984881 8.0019329 8.002862 7.9962042 7.9895464 7.981582 7.9717485 7.9619149 7.9535045 7.9475041 7.9415038 7.9378406 7.9358576 7.9338745 7.9351439 7.9370311 7.9389183 7.9489032 7.9602875 7.9716718 7.9660304 7.9588545 7.9508459 7.9399524 7.929059 7.9224473 7.9263843 7.9303213
-9999 7.9695674 7.9680465 7.9639969 7.9591118 7.9542266 7.9493414 7.9503456 7.9581471 7.966463 7.9750936 7.9837242 7.9923549 7.9995141 8.0037268 8.0079394 8.012152 8.0157107 8.0142837 8.0124712 8.0097693 8.0069252 8.0039323 8.0009394 7.9979466 7.9968909 8.0010276 8.0051643 8.0093009 8.012409 8.0083111 8.0067896 8.0102343 8.0080396 8.0013817 7.9947239 7.9880661 7.9801017 7.9702682 7.962958 7.9569576 7.9509573 7.9449569 7.9412937 7.9393107 7.9373277 7.9353446 7.935589 7.9374762 7.9474611 7.9558762 7.9487004 7.9415246 7.9343487 7.9263401 7.9154466 7.9124335 7.9163705 7.9203075 7.9242445
-9999 7.9664891 7.9616039 7.9567187 7.9518335 7.9469483 7.9420631 7.9430674 7.9516765 7.9603071 7.9689378 7.9775684 7.9861991 7.9933583 7.9975709 8.0017836 8.0059962 8.0102089 8.0144215 8.0138241 8.0108835 8.0078906 8.0048978 8.0019049 7.998912 7.9978564 8.001993 8.0061297 8.0102664 8.014403 8.0185397 8.0185358 8.0132171 8.0065593 7.9999015 7.9932436 7.9865858 7.9786214 7.9724115 7.9664111 7.9604107 7.9544104 7.94841 7.9447468 7.9427638 7.9407808 7.9387977 7.9368147 7.9360341 7.9385462 7.9313704 7.9241946 7.9170188 7.9098429 7.9018343 7.9024197 7.9063567 7.9102937 7.9142307 7.9181678
-9999 7.9606229 7.9557377 7.9508526 7.9459674 7.9410822 7.9362217 7.9315928 7.9347599 7.9433905 7.9520212 7.9606518 7.9692824 7.9771922 7.9826116 7.9868242 7.9910368 7.9952495 7.9994621 8.0014959 7.998503 7.9955102 7.9925173 7.9895244 7.9871707 7.9875786 7.9877406 7.9918772 7.9960139 8.0001506 8.0042872 8.0047368 7.998079 7.9914211 7.9847633 7.9781055 7.9728254 7.9666333 7.957657 7.9516566 7.9456563 7.9396559 7.9336555 7.9345923 7.9345334 7.9325503 7.9305673 7.9285843 7.9266013 7.9200305 7.9128547 7.9056788 7.898503 7.8913272 7.8887358 7.8981588 7.9020958 7.9060328 7.9099698 7.9139069
-9999 7.9555585 7.9506733 7.9457881 7.9409029 7.9360697 7.9312556 7.9266267 7.9222116 7.9203644 7.928995 7.9376257 7.9462563 7.9541661 7.9606322 7.9668666 7.9710792 7.9752919 7.9795045 7.9815383 7.9785454 7.9755526 7.9725597 7.9718537 7.9734171 7.9738251 7.9711364 7.9689848 7.9731215 7.9772581 7.9813948 7.9818444 7.9751865 7.9685287 7.9618709 7.95835 7.9568819 7.9506898 7.9377392 7.9265648 7.9205644 7.914564 7.9085637 7.9095004 7.9154242 7.9176865 7.9157035 7.9137205 7.9117375 7.9051584 7.897785 7.890564 7.8833881 7.8762123 7.873621 7.8869097 7.8988659 7.9028029 7.9067399 7.9106769
-9999 7.950494 7.9456088 7.9407318 7.9359177 7.9311037 7.9262896 7.9216607 7.9172456 7.9128304 7.9084153 7.9145996 7.9232302 7.93114 7.9376061 7.9440722 7.9505383 7.9553342 7.9595469 7.9615807 7.9585878 7.9555949 7.9565368 7.9581002 7.9596635 7.9600715 7.9573829 7.9546942 7.9520056 7.9543657 7.9585023 7.9589519 7.9522941 7.9456363 7.9438746 7.9424065 7.9409384 7.9347463 7.9217957 7.9088452 7.8958947 7.8894722 7.8834718 7.8844085 7.8903323 7.8962561 7.9008397 7.8988567 7.8968737 7.8902946 7.8829212 7.8755478 7.8682733 7.8610975 7.8585061 7.8717948 7.8850835 7.8983722 7.90351 7.907447
-9999 7.9454295 7.9405799 7.9357658 7.9309517 7.9261376 7.9213235 7.9166947 7.9122795 7.9078644 7.9034492 7.8990341 7.9002041 7.9081139 7.91458 7.9210461 7.9275122 7.9339783 7.9395892 7.941623 7.9396565 7.9412199 7.9427832 7.9443466 7.9459099 7.9463179 7.9436293 7.9409407 7.938252 7.9355634 7.9356099 7.9360595 7.9308672 7.9293991 7.9279311 7.926463 7.9249949 7.9188027 7.9058522 7.8929017 7.8799511 7.8670006 7.8583799 7.8593167 7.8652404 7.8711642 7.8770879 7.8830117 7.8820099 7.8754308 7.8680574 7.8606841 7.8533107 7.8459826 7.8433912 7.8566799 7.8699686 7.8832573 7.896546 7.9042171
-9999 7.9409125 7.9360984 7.9312843 7.9264703 7.9216562 7.9168421 7.9140765 7.9096613 7.9052462 7.9008311 7.8964159 7.8920008 7.8887768 7.8952429 7.901709 7.9081752 7.9146413 7.9211074 7.926091 7.9276543 7.9292177 7.930781 7.9323444 7.9339077 7.9329316 7.9302465 7.9275579 7.9248693 7.9221806 7.919492 7.9172203 7.9157522 7.9142841 7.912816 7.9113479 7.9098798 7.9065249 7.8935744 7.8806238 7.8676733 7.8547227 7.8417722 7.8405139 7.8464376 7.8523614 7.8582852 7.8642089 7.8701327 7.8680745 7.8607012 7.8533278 7.8459544 7.838581 7.8317085 7.8442315 7.8575201 7.8708088 7.8840975 7.8973862
-9999 7.9382653 7.9334513 7.9286372 7.9238231 7.9194683 7.917985 7.9165845 7.9152793 7.9115155 7.9071004 7.9026852 7.8982701 7.8946314 7.8925478 7.8963364 7.9028025 7.9092686 7.9157347 7.9207183 7.9222817 7.923845 7.9254083 7.9269717 7.9236901 7.9203721 7.918117 7.9155788 7.9128902 7.9102015 7.9075129 7.9052412 7.9037731 7.902305 7.9008369 7.8996584 7.907782 7.9074648 7.8950719 7.8822217 7.8692712 7.8563207 7.8433701 7.8429317 7.8514411 7.8573649 7.8632887 7.8692124 7.8751362 7.880496 7.8817634 7.87439 7.8670166 7.8596432 7.8527707 7.8476334 7.8551649 7.8684536 7.8817423 7.895031
-9999 7.9356182 7.9308041 7.92599 7.9229154 7.9214322 7.9199489 7.9185484 7.9172432 7.9159381 7.9133697 7.9089545 7.9045394 7.9009007 7.8988171 7.8967334 7.8974298 7.9038959 7.910362 7.9153456 7.916909 7.9184723 7.9185599 7.9148452 7.9111305 7.9078125 7.9055574 7.9033023 7.9009111 7.8982224 7.8955338 7.8932621 7.891794 7.8903259 7.8923987 7.9005223 7.9086459 7.9083287 7.8959358 7.8835429 7.8708691 7.8579186 7.844968 7.8445297 7.8530861 7.8616425 7.8682922 7.8742159 7.8801397 7.8854996 7.8907619 7.8954522 7.8880788 7.8807054 7.8738329 7.8686956 7.8635583 7.8660984 7.8793871 7.8926758
-9999 7.932971 7.9281569 7.9263626 7.9248793 7.9233961 7.9219129 7.9205123 7.9192072 7.917902 7.9165969 7.9152238 7.9108087 7.90717 7.9050863 7.9030027 7.900919 7.8988353 7.9049893 7.9099729 7.9115363 7.909715 7.9060003 7.9022856 7.8985709 7.8952529 7.8929978 7.8907427 7.8884876 7.8862325 7.8835547 7.881283 7.8798149 7.885139 7.8932626 7.9013862 7.9095097 7.9091925 7.8967997 7.8844068 7.8720139 7.8595165 7.846566 7.8461276 7.854684 7.8632405 7.8717969 7.8792195 7.8851432 7.8905031 7.8957655 7.9010279 7.9062902 7.9017676 7.8948951 7.8897578 7.8846205 7.8794832 7.8770319 7.8903206
-9999 7.931293 7.9298097 7.9283265 7.9268433 7.92536 7.9238768 7.9224762 7.9211711 7.919866 7.9185608 7.9172557 7.9159506 7.9134393 7.9113556 7.909272 7.9071883 7.9051046 7.9030209 7.9045847 7.9008701 7.8971554 7.8934407 7.889726 7.8860113 7.8826933 7.8804382 7.8781831 7.875928 7.8736729 7.8714178 7.8697558 7.8778793 7.8860029 7.8941265 7.90225 7.9103736 7.9100564 7.8976636 7.8852707 7.8728778 7.8604849 7.8480921 7.8477255 7.8562819 7.8648384 7.8733948 7.8819513 7.8901467 7.8955066 7.900769 7.9060314 7.9112938 7.9165562 7.9159573 7.91082 7.9056827 7.9005453 7.895408 7.8902707
-9999 7.9207237 7.9192404 7.9177572 7.9162739 7.9147907 7.920916 7.9266153 7.9252258 7.9239207 7.9226156 7.9213104 7.9200053 7.9186775 7.9171295 7.9150458 7.9129621 7.9108784 7.9087948 7.9062179 7.9025032 7.8987885 7.8950738 7.8913592 7.8876318 7.8850472 7.8850197 7.8827647 7.8805096 7.8782545 7.8759994 7.8772893 7.8854129 7.8935365 7.90166 7.9097836 7.9143941 7.9147207 7.9100187 7.8976258 7.8852329 7.8728401 7.8604472 7.8552776 7.8599871 7.8685436 7.8771 7.8856564 7.8942129 7.8949822 7.8992997 7.9045621 7.9098245 7.9150869 7.9187191 7.9160502 7.9109129 7.9057756 7.9006382 7.8955009
