P1_models/J1_p1__temp2_slide_5.dat.tif
NCOLS 118
NROWS 92
XLLCORNER 139.62
YLLCORNER -39.07
DX 0.099491525
DY 0.099347826
NODATA_VALUE -9999
[rows 0 to 26 of 92, columns 0 to 59 of 118]
-9999 -9999 -9999 -9999 -9999 -9999 -9999 -9999 -9999 -9999 -9999 -9999 -9999 -9999 -9999 -9999 -9999 -9999 -9999 -9999 -9999 -9999 -9999 -9999 -9999 -9999 -9999 -9999 -9999 -9999 -9999 -9999 -9999 -9999 -9999 -9999 -9999 -9999 -9999 -9999 -9999 -9999 -9999 -9999 -9999 -9999 -9999 -9999 -9999 -9999 -9999 -9999 -9999 -9999 -9999 -9999 -9999 -9999 -9999 -9999
-9999 68.469301 68.691118 68.912936 69.134753 69.35657 69.639761 69.592916 68.963542 68.285695 67.607848 66.93 66.252153 65.617486 65.2105 64.965419 64.720339 64.475258 64.230177 63.899906 63.373099 62.846291 62.319483 61.792676 61.372094 61.655403 62.244833 63.090173 63.935514 64.780855 65.626196 66.020253 65.54438 65.068507 64.592634 64.116761 63.463699 62.352638 61.801808 61.630271 61.458734 61.287197 61.11566 61.290676 61.612955 61.902702 62.192449 62.482196 62.771944 63.093791 63.058259 63.022726 62.987193 62.951661 62.883969 62.760725 62.716309 62.671894 62.627478 62.583062
-9999 69.497344 69.719161 69.940979 70.162796 70.493722 70.892992 70.846148 70.284428 69.686292 69.008445 68.330598 67.652751 67.018083 66.469885 65.987667 65.742586 65.497505 65.252425 64.922154 64.395346 63.868539 63.341731 63.110959 63.348909 63.632218 64.037098 64.52637 65.371711 66.217052 67.062393 67.45645 66.980577 66.504704 66.028831 65.223233 64.076551 62.96549 61.905391 61.170995 60.999457 60.82792 60.656383 60.831399 61.255547 61.602796 61.892543 62.18229 62.472037 62.810429 63.157228 63.168229 63.132697 63.097164 63.029473 62.850388 62.704926 62.66051 62.616094 62.571678
-9999 70.525387 70.747204 70.969022 71.347682 71.746953 72.146224 72.099379 71.53766 70.975941 70.409042 69.731195 69.053348 68.41868 67.870482 67.322284 66.774085 66.519753 66.274672 65.944402 65.417594 64.890786 64.849823 65.087773 65.325724 65.609033 66.013912 66.418792 66.823672 67.653249 68.49859 68.892647 68.416774 67.940901 66.982767 65.836085 64.689403 63.578342 62.518243 61.458143 60.540181 60.368644 60.197106 60.372122 60.79627 61.220418 61.592637 61.882384 62.172131 62.510523 62.857322 63.204121 63.2782 63.242667 63.174976 62.995891 62.816806 62.649126 62.604711 62.560295
-9999 71.55343 71.802372 72.201643 72.600914 73.000184 73.399455 73.352611 72.790891 72.229172 71.667453 71.105733 70.453945 69.819278 69.271079 68.722881 68.174683 67.626485 67.29692 66.966649 66.439842 66.588687 66.826637 67.064588 67.302539 67.585847 67.990727 68.395607 68.800487 69.205367 69.934787 70.328844 69.852971 68.742301 67.595619 66.448937 65.302255 64.191194 63.131095 62.070995 61.010896 59.950796 59.73783 59.912845 60.336994 60.761142 61.18529 61.582478 61.872225 62.210617 62.557416 62.904215 63.251014 63.38817 63.320479 63.141394 62.962309 62.783225 62.60414 62.548911
-9999 72.656332 73.055603 73.454874 73.854145 74.253416 74.652687 74.605842 74.044123 73.482403 72.920684 72.358965 71.797245 71.219875 70.671677 70.123478 69.57528 69.027082 68.478884 68.089601 68.327551 68.565502 68.803452 69.041403 69.279353 69.562662 69.967542 70.372422 70.777302 71.182182 71.587062 71.648516 70.501834 69.355152 68.20847 67.061788 65.915106 64.804046 63.743946 62.683847 61.623748 60.563648 59.503549 59.453569 59.877717 60.301865 60.726013 61.150161 61.572319 61.910711 62.25751 62.604309 62.951108 63.297907 63.465982 63.286897 63.107813 62.928728 62.749643 62.570558
-9999 73.062565 73.461836 73.861107 74.260378 74.659648 75.022027 74.941276 74.379557 73.817838 73.256118 72.694399 72.174167 71.781908 71.472674 70.924476 70.376278 69.828079 69.279881 68.969402 69.207353 69.445303 69.683254 69.921205 70.200499 70.352159 70.123121 70.528 70.93288 71.33776 71.74264 71.617557 70.470875 69.324193 68.177511 67.030829 66.013466 65.056645 63.996546 62.936446 61.876347 60.816248 59.777851 58.988161 58.928466 59.352615 59.776763 60.200911 60.625059 60.983256 61.330055 61.676854 62.023653 62.318128 62.385405 62.20632 62.027236 61.848151 61.669066 62.132605
-9999 73.334609 73.73388 74.133151 74.532422 74.876068 75.212056 75.131306 74.569586 74.007867 73.446147 72.953096 72.483202 72.090943 71.854154 71.617364 71.082281 70.534083 69.985885 69.675406 69.913357 70.151307 70.389258 70.699077 71.048126 71.199786 70.822393 70.445 70.799923 71.204803 71.609683 71.4846 70.337918 69.191236 68.044554 67.093623 66.208991 65.25217 64.192071 63.131971 62.071872 61.041284 60.014806 59.225116 58.605651 58.325739 58.749887 59.174035 59.598183 59.95638 60.303179 60.649978 60.904906 61.043306 61.110582 60.931498 60.752413 60.573328 61.232784 62.086101
-9999 73.606653 74.005924 74.394122 74.730109 75.066097 75.402085 75.321335 74.759615 74.201918 73.732024 73.262131 72.792237 72.399979 72.163189 71.926399 71.689609 71.240087 70.691888 70.38141 70.61936 70.857311 71.197654 71.546704 71.895753 72.047413 71.67002 71.292627 70.915233 71.071846 71.476726 71.351643 70.204961 69.058411 68.173779 67.289148 66.404516 65.447695 64.387596 63.331195 62.304717 61.278239 60.251761 59.462071 58.842606 58.22314 57.723011 58.147159 58.571307 58.929504 59.276303 59.491683 59.630083 59.768483 59.835759 59.656675 59.479646 60.332963 61.186281 62.039598
-9999 73.878697 74.248163 74.584151 74.920138 75.256126 75.592114 75.511364 74.980847 74.510953 74.041059 73.571166 73.101272 72.709014 72.472224 72.235434 71.998644 71.761854 71.397892 71.087413 71.347183 71.696232 72.045282 72.394331 72.743381 72.89504 72.517647 72.140254 71.762861 71.385467 71.343769 71.218686 70.138567 69.253936 68.369304 67.484673 66.600041 65.64322 64.594629 63.568151 62.541673 61.515194 60.488716 59.699027 59.079561 58.460095 57.84063 57.221164 57.544431 57.902628 58.07846 58.21686 58.35526 58.49366 58.560937 58.579825 59.433142 60.28646 61.139777 61.993095
-9999 74.016821 74.352809 74.688797 75.024785 75.360772 75.69676 75.620387 75.150493 74.6806 74.210706 73.740812 73.270919 72.934913 72.698123 72.461334 72.224544 71.987754 71.750964 71.691323 72.040373 72.389422 72.738472 73.087521 73.436571 73.567461 73.190068 72.812674 72.435281 72.057888 71.680495 71.129845 70.245214 69.360583 68.475951 67.59132 66.706688 65.782277 64.755799 63.72932 62.702842 61.676364 60.649886 59.826823 59.207357 58.587891 57.968426 57.34896 56.729494 56.756216 56.894615 57.033015 57.171415 57.309815 57.685256 58.538574 59.391891 60.245209 61.098526 61.951844
-9999 73.561891 73.897879 74.233867 74.569854 74.905842 75.036632 74.87652 74.406626 73.936733 73.466839 72.996946 72.621499 72.382893 72.361834 72.142386 71.905596 71.668806 71.432016 71.372375 71.721425 72.070474 72.419524 72.768573 73.132506 73.259252 72.731947 72.33684 71.959447 71.582053 71.20466 70.654011 69.769379 68.884748 68.000116 67.115485 66.322466 65.446771 64.420293 63.393815 62.367336 61.340858 60.268355 59.363417 58.619756 58.00029 57.380825 56.761359 56.141893 56.168615 56.307014 56.445414 56.583814 56.993026 57.678426 58.531744 59.385061 60.238379 61.091696 62.373344
-9999 73.106961 73.442949 73.778936 74.076168 74.184467 74.292766 74.132653 73.66276 73.192866 72.727761 72.380519 72.033277 71.794671 71.773612 71.752553 71.586648 71.349858 71.113068 71.053428 71.402477 71.751526 72.100576 72.4699 72.840672 72.967417 72.440112 71.912807 71.483612 71.106219 70.728825 70.178176 69.293545 68.408913 67.527561 66.757261 65.98696 65.111265 64.084787 63.058309 62.024322 60.949298 59.874275 58.969337 58.18667 57.412689 56.793224 56.173758 55.554292 55.581014 55.719413 55.857813 56.349272 56.986196 57.671596 58.524914 59.378231 60.268822 61.59046 62.912099
-9999 72.65203 72.988018 73.224002 73.332301 73.4406 73.548899 73.388786 72.918893 72.486781 72.139539 71.792297 71.445055 71.206449 71.18539 71.164331 71.143272 71.03091 70.79412 70.73448 71.083529 71.436522 71.807294 72.178066 72.548837 72.675583 72.148278 71.620973 71.093668 70.630384 70.252991 69.702341 68.81771 67.962356 67.192055 66.421755 65.651454 64.775759 63.749281 62.705265 61.630242 60.555219 59.480196 58.575257 57.792591 57.009924 56.227257 55.586157 54.966692 54.993413 55.131812 55.705519 56.342442 56.979366 57.664766 58.518083 59.485939 60.807577 62.129215 63.450854
-9999 72.1971 72.371836 72.480135 72.588434 72.696733 72.805032 72.644919 72.245801 71.898559 71.551317 71.204075 70.856834 70.618227 70.597168 70.576109 70.55505 70.533991 70.475173 70.415532 70.773916 71.144688 71.51546 71.886231 72.257003 72.383749 71.856444 71.329139 70.801834 70.274529 69.777156 69.226507 68.397151 67.62685 66.85655 66.086249 65.315949 64.440253 63.386208 62.311185 61.236162 60.161139 59.086116 58.181178 57.398511 56.615844 55.833178 55.050511 54.379091 54.424842 55.061765 55.698689 56.335612 56.972536 57.657936 58.703055 60.024694 61.346332 62.66797 63.989609
-9999 71.494302 71.602601 71.7109 71.819199 71.927498 72.035797 71.920348 71.573107 71.225865 70.878623 70.531381 70.18414 69.944263 69.923011 69.901952 69.880893 69.859834 69.838775 69.9362 70.306971 70.677743 71.048515 71.419287 71.790058 72.107969 71.654959 71.127654 70.600349 70.073044 69.545739 68.935434 68.165134 67.394834 66.624533 65.854233 65.083932 64.472232 63.397209 62.322186 61.247163 60.172139 59.097116 58.274538 57.491871 56.709205 55.926538 55.143871 54.361205 54.817049 55.453972 56.090896 56.727819 57.364742 57.926125 59.110876 60.432514 61.754152 63.075791 64.397429
-9999 70.666122 70.774421 70.88272 70.991019 71.080509 71.063546 70.936797 70.683338 70.356888 70.009647 69.662405 69.315163 69.075286 69.050413 69.028114 69.007055 68.985996 68.964937 69.062361 69.433133 69.803905 70.174677 70.545448 70.915449 71.233074 71.410472 71.136109 70.608804 70.081499 69.554194 68.94389 68.173589 67.403289 66.632988 65.850025 64.77872 64.146966 64.144049 63.274445 62.199422 61.124399 60.049376 59.27594 58.717866 57.935199 57.152533 56.369866 55.587199 56.081888 56.773396 57.410319 58.047243 58.684166 59.245549 59.545267 60.536089 61.857728 63.179366 64.501004
-9999 69.837941 69.94624 70.054539 70.106952 70.08999 70.073027 69.946278 69.692819 69.43936 69.14067 68.793428 68.446187 68.20631 68.181437 68.156564 68.133217 68.112158 68.091099 68.188523 68.559295 68.930067 69.300669 69.670611 70.040554 70.358179 70.535577 70.712975 70.617259 70.089954 69.562649 68.952345 68.182044 67.411744 66.552474 65.48117 64.409865 63.77811 63.775194 63.772278 63.151682 62.076658 61.001635 60.228199 59.67157 59.114942 58.378527 57.59586 56.813194 57.307883 58.023333 58.729743 59.366666 60.00359 60.564972 60.864691 61.164409 61.961303 63.282941 64.60458
-9999 69.009761 69.11806 69.133396 69.116434 69.099471 69.082509 68.955759 68.7023 68.448841 68.195382 67.924452 67.57721 67.337333 67.31246 67.287588 67.262715 67.23832 67.21726 67.314685 67.685457 68.055831 68.425774 68.795716 69.165659 69.483284 69.660682 69.83808 70.015479 70.098409 69.571104 68.9608 68.190499 67.254923 66.183619 65.112314 64.04101 63.409255 63.406339 63.403423 63.400507 63.028918 61.953895 61.180459 60.62383 60.067201 59.510572 58.821855 58.039188 58.533877 59.249328 59.964778 60.680229 61.323013 61.884396 62.184114 62.483832 62.783551 63.386517 64.708155
-9999 68.176802 68.15984 68.142877 68.125915 68.108952 68.09199 67.96524 67.711781 67.458322 67.204863 66.951405 66.697946 66.468357 66.443484 66.418611 66.393738 66.368865 66.343993 66.440847 66.810993 67.180936 67.550879 67.920821 68.290764 68.608389 68.785787 68.963185 69.140584 69.317982 69.495381 68.969255 67.957373 66.886068 65.814764 64.743459 63.672155 63.0404 63.037484 63.034568 63.031652 63.028735 62.906154 62.132718 61.576089 61.01946 60.462832 59.906203 59.265183 59.759871 60.475322 61.190773 61.906223 62.621674 63.20382 63.503538 63.803256 64.102974 64.402693 64.81173
-9999 67.518716 67.501753 67.484791 67.467828 67.450866 67.38322 67.122683 66.869224 66.615765 66.362307 66.108848 65.854171 65.652386 65.61198 65.587107 65.562234 65.537361 65.512489 65.607002 65.976945 66.346887 66.71683 67.086773 67.456715 67.939804 67.993548 68.170947 68.348345 68.525744 68.703142 68.454024 67.38272 66.311415 65.240111 64.168806 63.173021 62.894211 62.891295 62.888379 62.885462 62.882546 62.895376 62.796387 62.277609 61.72098 61.164351 60.607722 60.051093 60.579091 61.294541 62.009992 62.725443 63.440893 64.198522 64.49824 64.797958 65.097677 65.397395 65.87283
-9999 67.11139 67.094427 67.077465 67.060502 66.918943 66.652273 66.391736 66.138278 65.884819 65.63136 65.371663 65.101242 64.899456 64.835118 64.78387 64.758997 64.734124 64.709251 64.803764 65.173707 65.54365 65.913592 66.374244 67.076323 67.559957 67.458104 67.441057 67.618456 67.795854 67.973253 67.724135 66.65283 65.581526 64.510221 63.666451 63.194793 62.915983 62.913067 62.91015 62.907234 62.932933 62.985423 62.886434 62.67855 62.233361 61.676732 61.120103 60.563474 61.091472 61.806922 62.522373 63.256176 64.171143 64.948281 65.247999 65.547718 65.847436 66.44475 67.386722
-9999 66.704064 66.687101 66.670139 66.454667 66.187997 65.921327 65.66079 65.407331 65.153873 64.889154 64.618733 64.348312 64.146527 64.082189 64.017851 63.955759 63.930886 63.906013 64.000527 64.370469 64.740412 65.292319 65.994397 66.696476 67.18011 67.078257 66.976405 66.888566 67.065965 67.243363 66.994246 65.922941 64.851637 64.15988 63.688223 63.216565 62.937755 62.934839 62.931922 62.97049 63.02298 63.07547 62.976482 62.768597 62.560712 62.189113 61.632484 61.075855 61.603853 62.319304 63.090968 64.005935 64.920902 65.69804 65.997758 66.297477 67.016671 67.958642 68.900614
-9999 66.296737 66.25706 65.99039 65.72372 65.457051 65.190381 64.929844 64.676385 64.406646 64.136225 63.865803 63.595382 63.393597 63.329259 63.264921 63.200583 63.136245 63.102775 63.197289 63.567231 64.210393 64.912472 65.61455 66.316629 66.800263 66.698411 66.596558 66.494706 66.392854 66.513474 66.264356 65.193052 64.653309 64.181652 63.709995 63.238337 62.959527 62.956611 63.008046 63.060537 63.113027 63.165517 63.066529 62.858644 62.650759 62.442874 62.144865 61.588236 62.116234 62.925761 63.840727 64.755694 65.670661 66.447799 66.747517 67.588591 68.530562 69.472534 70.414505
-9999 65.792784 65.526114 65.259444 64.992774 64.726104 64.459434 64.194559 63.924137 63.653716 63.383295 63.112874 62.842452 62.640667 62.576329 62.511991 62.447654 62.383316 62.318978 62.426389 63.128468 63.830546 64.532625 65.234703 65.936782 66.420416 66.318564 66.216711 66.114859 66.013007 65.911154 65.618396 65.146738 64.675081 64.203424 63.731767 63.260109 62.993113 63.045603 63.098094 63.150584 63.203074 63.255565 63.156576 62.948691 62.740806 62.532921 62.325036 62.100618 62.760553 63.67552 64.590486 65.505453 66.42042 67.218539 68.160511 69.102482 70.044454 70.986426 71.928397
-9999 65.42352 65.15685 64.89018 64.62351 64.35684 63.959945 63.471427 63.075244 62.804823 62.534401 62.26398 61.993559 61.839047 61.879275 61.814937 61.750599 61.686261 61.621924 61.789338 62.491417 63.193496 63.895574 64.597653 65.144311 65.58938 66.328602 66.22675 66.124898 66.023045 65.921193 65.693028 65.22137 64.749713 64.278056 63.806398 63.375212 63.159035 63.194009 63.246499 63.29899 63.35148 63.40397 63.648411 63.697003 63.489118 63.281233 63.073348 62.865463 62.825892 63.605951 64.520918 65.435884 66.350851 67.15772 67.705107 68.647079 69.58905 70.531022 71.472993
-9999 65.123574 64.856904 64.590234 64.323564 63.856811 63.354134 62.865616 62.393439 61.937537 61.667116 61.396695 61.126274 60.971762 61.049365 61.126969 61.064254 60.999916 60.935578 61.102993 61.805072 62.50715 63.209229 63.630827 63.877732 64.322801 65.298998 66.275195 66.209661 66.107808 66.005956 65.77779 65.306133 64.834476 64.362818 63.953776 63.569469 63.353292 63.37765 63.40609 63.45858 63.511071 63.563561 63.808002 64.190433 64.36359 64.155705 63.947821 63.739936 63.700364 63.689882 64.29432 65.209287 66.124253 66.931123 67.363555 67.814248 68.75622 69.698191 70.640163
