P1_models/J1_p1__temp2_slide_120.dat.tif
NCOLS 118
NROWS 92
XLLCORNER 139.62
YLLCORNER -39.07
DX 0.099491525
DY 0.099347826
NODATA_VALUE -9999
[rows 54 to 80 of 92, columns 0 to 59 of 118]
-9999 1003.6228 1011.0938 1018.5648 1026.0358 1032.1995 1038.2538 1044.5934 1051.2623 1057.9312 1064.6 1060.3187 1053.1547 1051.7582 1061.9117 1072.0651 1065.3835 1057.134 1048.8845 1038.4298 1022.8876 1007.3453 991.80311 989.04648 992.03488 989.21366 970.82122 952.42877 947.91735 945.05571 942.19406 945.46376 960.55275 975.64174 990.73072 1001.5791 1011.2959 1017.1973 1017.6402 1018.0831 1018.526 1017.8974 1017.1749 1017.0368 1017.3189 1018.7744 1023.182 1027.5897 1031.9973 1031.6452 1030.4705 1029.2958 1029.4089 1030.9112 1031.9 1031.1097 1030.3195 1029.5292 1043.7909 1060.6583
-9999 1009.1513 1016.6223 1023.7435 1029.7978 1035.8521 1041.9064 1048.246 1054.9149 1059.9822 1052.8182 1045.6541 1038.4901 1037.0936 1047.247 1057.4005 1067.5539 1066.4386 1058.1891 1047.7344 1032.1922 1016.6499 1019.4981 1022.4865 1025.4749 1022.6537 1004.2613 985.86882 967.47638 958.60459 955.74294 959.01265 974.10163 988.81394 998.53072 1008.2475 1017.9643 1023.8657 1024.3086 1024.5435 1023.821 1023.0985 1022.376 1022.2379 1022.5199 1022.802 1023.2784 1027.686 1032.0937 1031.7416 1030.5669 1031.2572 1032.7595 1034.2618 1035.2506 1034.4603 1034.872 1051.7394 1068.6067 1085.4741
-9999 1014.6798 1021.3417 1027.396 1033.4503 1039.5046 1045.5589 1051.8985 1052.4816 1045.3176 1038.1536 1030.9895 1023.8255 1022.429 1032.5824 1042.7359 1052.8893 1063.0428 1067.4937 1057.039 1046.9614 1049.9498 1052.9382 1055.9266 1058.915 1056.0938 1037.7013 1019.3089 1000.9164 982.52398 969.29183 972.56153 985.76556 995.48234 1005.1991 1014.9159 1024.6327 1030.5341 1030.4671 1029.7446 1029.0221 1028.2995 1027.577 1027.4389 1027.721 1028.0031 1028.2851 1028.5672 1032.19 1031.8379 1033.1055 1034.6078 1036.1101 1037.6125 1038.6012 1042.8204 1059.6878 1076.5552 1093.4225 1110.2899
-9999 1021.1888 1027.2431 1033.2974 1039.3517 1045.4061 1051.4604 1053.1557 1045.9916 1038.8276 1031.6635 1024.4995 1017.3355 1012.266 1022.4194 1032.5729 1042.7263 1052.8798 1063.0332 1071.02 1074.0084 1076.9968 1079.9852 1082.9736 1085.962 1088.5264 1070.4245 1052.032 1033.6396 1015.2471 996.85469 988.06343 997.78022 1007.497 1017.2138 1026.9306 1036.6473 1035.5353 1034.8128 1034.0903 1033.3678 1032.6453 1031.9228 1033.7244 1034.0065 1034.2885 1034.5706 1034.8527 1035.1347 1037.9711 1039.4735 1040.9758 1042.4781 1043.9804 1046.8268 1063.1565 1080.0239 1096.8912 1113.7586 1130.626
-9999 1034.7712 1040.8255 1046.8798 1052.9341 1058.7144 1062.5655 1065.0173 1065.854 1060.2576 1053.0935 1045.9295 1038.7655 1033.3121 1031.2844 1037.7849 1047.9383 1058.0918 1068.2452 1076.2321 1079.2204 1082.2088 1085.1972 1088.1856 1097.7781 1103.4577 1096.7847 1082.3066 1063.9142 1045.5217 1027.1293 1018.338 1028.0548 1037.7716 1047.4884 1057.0052 1055.0555 1049.2709 1037.9999 1035.5147 1034.7922 1034.0697 1033.3472 1037.1485 1043.9956 1044.2776 1044.5597 1044.8418 1045.1238 1051.0329 1056.1471 1057.6494 1059.1518 1060.6541 1063.5005 1071.0025 1085.0597 1101.9271 1118.7944 1135.6618
-9999 1048.3536 1054.4079 1060.4622 1065.4635 1069.3146 1073.1657 1075.6175 1076.4542 1077.2909 1074.5235 1067.3595 1060.1954 1054.7421 1052.7144 1050.6868 1053.1503 1063.3038 1073.4572 1081.4441 1084.4325 1087.4208 1092.1326 1102.421 1112.7094 1118.389 1111.716 1105.043 1094.1888 1075.7963 1057.4039 1048.6126 1058.3294 1068.0462 1073.9555 1072.0058 1070.0561 1064.2715 1053.0005 1041.7295 1036.2167 1035.4941 1034.7716 1038.5729 1045.6264 1052.6798 1054.5488 1054.8309 1055.1129 1061.022 1067.9036 1074.3231 1075.8254 1077.3277 1080.1741 1087.6761 1095.1781 1106.9629 1123.8303 1140.6976
-9999 1061.936 1067.9903 1072.2125 1076.0637 1079.9148 1083.7659 1086.2177 1087.0544 1087.8911 1088.7278 1088.7895 1081.6254 1076.1721 1074.1444 1072.1168 1070.0891 1068.5158 1078.6692 1086.6561 1089.6445 1096.7754 1107.0639 1117.3523 1127.6407 1133.3204 1126.6473 1119.9743 1113.3013 1106.0709 1087.6785 1078.8872 1088.604 1090.9059 1088.9562 1087.0065 1085.0568 1079.2722 1068.0011 1056.7301 1045.4591 1036.9186 1036.1961 1039.9974 1047.0508 1054.1042 1061.1576 1064.8199 1065.102 1071.0111 1077.8927 1084.7744 1091.656 1094.0014 1096.8478 1104.3498 1111.8518 1119.3538 1128.8661 1145.7335
-9999 1075.1104 1078.9616 1082.8127 1086.6639 1090.515 1094.3661 1096.8179 1097.6546 1098.4913 1099.328 1100.1647 1101.0014 1097.6021 1095.5744 1093.5468 1091.5191 1089.4915 1087.4639 1091.8681 1101.4183 1111.7068 1121.9952 1132.2836 1142.572 1148.2517 1141.5787 1134.9056 1128.2326 1121.5596 1114.8866 1109.1618 1107.8562 1105.9065 1103.9568 1102.0071 1100.0574 1094.2728 1083.0018 1071.7308 1060.4597 1049.1887 1037.9177 1041.4218 1048.4752 1055.5286 1062.5821 1069.6355 1075.0911 1081.0002 1087.8818 1094.7634 1101.6451 1108.5267 1113.5214 1121.0234 1128.5255 1136.0275 1143.5295 1151.0315
-9999 1079.2714 1083.1225 1086.9737 1090.8248 1094.6759 1096.5538 1091.9278 1088.1364 1088.9731 1089.8098 1090.6465 1091.4832 1093.9533 1096.5469 1094.5192 1092.4916 1090.4639 1088.4363 1090.1329 1100.4213 1110.7097 1120.9981 1131.2865 1140.5193 1145.082 1144.8563 1138.1832 1131.5102 1124.8372 1118.1642 1113.1045 1111.1548 1109.2051 1107.2554 1105.3057 1101.7998 1102.9355 1103.1701 1091.8991 1080.6281 1069.3571 1058.0861 1052.7526 1057.3725 1064.426 1071.4794 1078.5328 1085.5862 1075.9025 1082.5232 1089.4048 1096.2865 1103.1681 1112.6165 1127.0764 1134.5785 1142.0805 1149.5825 1157.0845
-9999 1080.6322 1084.4834 1088.3345 1092.1856 1092.3517 1091.3617 1086.7357 1077.9132 1070.7063 1071.543 1072.3797 1073.2164 1075.6865 1081.4275 1086.5957 1084.568 1082.5404 1080.5128 1082.2093 1092.4977 1102.7862 1113.0746 1120.5549 1125.5553 1130.118 1133.5075 1136.3932 1129.7202 1123.0472 1116.3742 1111.3145 1109.3648 1107.4151 1105.4654 1100.4736 1093.7186 1094.8543 1107.2788 1114.3146 1103.0436 1091.7726 1080.5016 1075.1681 1074.103 1076.5729 1083.6263 1090.6798 1097.7332 1088.0494 1075.4729 1077.3723 1084.2539 1091.1355 1100.5839 1118.9234 1136.013 1143.515 1151.0171 1158.5191
-9999 1081.9931 1085.8442 1089.1396 1088.1496 1087.1596 1086.1696 1081.5435 1072.7211 1063.8986 1055.0762 1054.113 1054.9497 1057.4198 1063.1608 1068.9017 1074.6427 1074.6169 1072.5892 1074.2858 1084.5742 1094.8626 1100.5905 1105.5909 1110.5913 1115.1541 1118.5435 1121.933 1125.3224 1121.2572 1114.5841 1109.5245 1107.5748 1105.6251 1099.1474 1092.3924 1085.6375 1086.7732 1099.1976 1111.622 1124.0465 1114.1881 1102.9171 1097.5836 1096.5185 1095.4534 1095.7733 1102.8267 1109.8801 1100.1963 1087.6199 1075.0434 1072.2213 1079.1029 1088.5513 1106.8908 1125.2303 1143.5698 1152.4516 1159.9537
-9999 1083.3539 1084.9375 1083.9475 1082.9575 1081.9674 1080.9774 1076.3514 1067.5289 1058.7065 1049.884 1041.0616 1036.6829 1039.153 1044.894 1050.635 1056.376 1062.117 1064.6657 1066.3622 1075.6256 1080.626 1085.6265 1090.6269 1095.6274 1100.1901 1103.5795 1106.969 1110.3584 1113.7479 1112.7941 1107.7344 1104.5762 1097.8212 1091.0662 1084.3113 1077.5563 1078.692 1091.1164 1103.5409 1115.9653 1128.3897 1125.3326 1119.9991 1118.934 1117.8689 1116.8039 1115.7388 1122.027 1112.3432 1099.7668 1087.1904 1074.6139 1067.0704 1076.5188 1094.8583 1113.1978 1131.5372 1149.8767 1161.3882
-9999 1082.7439 1081.7539 1080.7639 1079.7738 1078.7838 1077.7938 1074.4999 1065.6775 1056.855 1048.0325 1039.2101 1030.3876 1024.0242 1029.7652 1035.5062 1041.2472 1046.9882 1052.7292 1058.2463 1063.2467 1068.2471 1073.2476 1078.248 1083.2485 1085.3564 1088.7458 1092.1353 1095.5248 1098.9142 1102.3037 1102.2281 1095.4732 1088.7182 1081.9632 1075.2082 1068.4533 1072.5808 1085.0053 1097.4297 1109.8541 1122.2786 1134.703 1140.5154 1139.4504 1138.3853 1137.3202 1136.2551 1135.19 1124.3099 1111.7335 1099.157 1086.5806 1074.0041 1072.7635 1091.103 1109.4425 1127.782 1146.1215 1164.4609
-9999 1089.5503 1088.5603 1087.5703 1086.5803 1085.8513 1090.7405 1089.2643 1080.4419 1071.6194 1062.797 1053.9745 1045.5923 1038.2051 1032.7264 1035.9853 1041.7263 1047.4673 1053.2083 1058.7253 1063.7258 1068.7262 1073.7267 1078.7271 1084.5378 1086.5004 1077.6911 1077.9498 1081.3392 1084.7287 1088.1181 1088.0426 1081.2876 1074.5326 1067.7777 1061.0227 1067.0973 1076.2682 1088.6926 1101.117 1113.5415 1125.9254 1137.8685 1145.9244 1150.5204 1149.4553 1148.3902 1147.3251 1146.26 1135.3799 1122.8034 1110.227 1097.6506 1099.3778 1110.1783 1128.5178 1146.8573 1165.1968 1182.5709 1179.951
-9999 1096.3568 1095.3667 1094.3767 1095.7266 1100.6158 1105.5049 1104.0287 1095.2063 1086.3838 1077.69 1069.3497 1061.0094 1053.6221 1048.1434 1042.6648 1042.2054 1047.9464 1053.6873 1059.2044 1064.2049 1069.2053 1074.3602 1080.3416 1086.323 1088.2855 1079.4763 1070.6671 1067.1537 1070.5431 1073.9326 1073.857 1067.1021 1060.3471 1056.9915 1063.8881 1070.7847 1079.9555 1092.38 1104.8044 1117.0501 1128.9932 1140.9363 1148.9923 1154.2538 1159.5153 1159.4602 1158.3951 1157.33 1146.4499 1133.8734 1121.297 1128.1685 1136.7926 1147.5932 1165.9327 1184.2722 1196.5605 1193.9407 1191.3209
-9999 1103.1632 1102.1732 1105.6019 1110.4911 1115.3802 1120.2693 1118.7931 1109.9707 1101.4474 1093.107 1084.7667 1076.4264 1069.0391 1063.5605 1058.0818 1052.6031 1048.4254 1054.1664 1059.6835 1064.6839 1070.1639 1076.1453 1082.1268 1088.1082 1090.0707 1081.2615 1072.4523 1063.643 1056.3576 1059.747 1059.6715 1052.9165 1053.7822 1060.6788 1067.5754 1074.472 1083.6429 1096.0673 1108.1749 1120.118 1132.0611 1144.0042 1152.0601 1157.3217 1162.5832 1167.8447 1169.4651 1168.4 1157.5199 1148.335 1156.9592 1165.5833 1174.2074 1185.008 1203.3475 1210.5501 1207.9303 1205.3105 1202.6907
-9999 1110.5881 1115.4772 1120.3664 1125.2555 1130.1446 1135.0337 1133.5575 1125.2047 1116.8644 1108.524 1100.1837 1091.8434 1084.4561 1078.9775 1073.4988 1068.0201 1062.5415 1057.0628 1060.1626 1065.9676 1071.9491 1077.9305 1083.9119 1089.8934 1091.8559 1083.0466 1074.2374 1065.4282 1056.619 1047.8098 1045.4859 1050.5729 1057.4695 1064.3662 1071.2628 1078.1594 1087.3302 1099.2996 1111.2427 1123.1858 1135.1289 1147.072 1155.128 1160.3895 1165.6511 1170.9126 1176.1741 1179.47 1177.1257 1185.7499 1194.374 1202.9981 1211.6223 1222.4228 1224.5398 1221.9199 1219.3001 1216.6803 1214.0605
-9999 1121.3626 1126.2517 1131.1408 1136.0299 1140.919 1146.466 1150.1112 1145.2733 1136.933 1128.5927 1120.2523 1111.912 1106.085 1103.115 1097.6363 1092.1577 1086.679 1081.2003 1079.187 1085.1684 1091.1499 1097.1313 1103.1127 1108.6046 1109.7257 1104.5613 1095.7521 1086.9429 1078.1337 1069.3244 1065.8798 1072.7765 1079.6731 1086.5697 1093.4663 1099.8271 1104.5384 1113.2825 1125.2256 1137.1687 1149.1118 1161.0549 1161.8683 1164.1004 1169.362 1174.6235 1179.885 1185.1465 1188.0489 1196.673 1205.2972 1213.9213 1222.5455 1228.9266 1227.0293 1224.4094 1221.7896 1219.1698 1216.55
-9999 1129.8717 1134.7608 1139.6499 1144.5391 1150.8143 1157.598 1161.2431 1161.2659 1159.6425 1151.3022 1142.9619 1134.6216 1128.7946 1128.0006 1126.7249 1121.2462 1115.7676 1110.2889 1108.2756 1114.257 1120.2385 1126.2199 1130.4493 1132.9403 1134.0614 1131.511 1128.4682 1119.659 1110.8498 1102.0406 1098.596 1105.4926 1112.3892 1119.2858 1124.9626 1129.841 1134.5522 1139.0242 1145.4054 1157.3485 1169.2916 1181.2347 1182.0481 1174.8607 1173.4379 1178.6995 1183.961 1189.2225 1191.8541 1194.0312 1201.1797 1209.8038 1218.4279 1224.8091 1223.4208 1221.8571 1219.2373 1216.6174 1213.9976
-9999 1138.3809 1143.27 1148.3788 1155.1625 1161.9462 1168.7299 1172.375 1172.3978 1172.4207 1172.4435 1165.6714 1157.3311 1151.5041 1150.7102 1149.9162 1149.1223 1144.8562 1139.3775 1137.3642 1143.3456 1149.3271 1152.2941 1154.785 1157.276 1158.3971 1155.8467 1153.2964 1150.746 1143.566 1134.7567 1131.3121 1138.2087 1145.1054 1150.098 1154.9764 1159.8549 1164.5661 1169.0381 1173.5101 1177.982 1189.4714 1201.4145 1202.2279 1195.0405 1187.853 1182.7754 1188.037 1193.2985 1195.9301 1198.1072 1200.2843 1205.6863 1214.3104 1220.6916 1219.3033 1217.9151 1216.5268 1214.0651 1211.4453
-9999 1146.89 1152.727 1159.5107 1166.2944 1173.0781 1179.8618 1183.5069 1183.5298 1183.5526 1183.5754 1183.5983 1180.0407 1174.2137 1173.4197 1172.6258 1171.8318 1171.0379 1168.4661 1166.4528 1171.6479 1174.1389 1176.6298 1179.1207 1181.6117 1182.7328 1180.1824 1177.6321 1175.0817 1172.5314 1167.4729 1164.0283 1170.3549 1175.2334 1180.1119 1184.9903 1189.8688 1194.58 1199.052 1203.5239 1207.9959 1212.4679 1221.5943 1222.4077 1215.2203 1208.0328 1200.8453 1193.6578 1197.3745 1200.0061 1202.1832 1204.3602 1206.5373 1210.1929 1216.5741 1215.1858 1213.7975 1212.4093 1211.021 1208.893
-9999 1155.4114 1162.1951 1168.9788 1175.7625 1182.5461 1189.3298 1192.3917 1192.4145 1192.4373 1192.4602 1192.483 1192.5059 1193.423 1192.6291 1191.8352 1191.0412 1190.2473 1189.4533 1189.6527 1192.1436 1194.6346 1197.1255 1199.6164 1202.1074 1204.0128 1201.5037 1198.9534 1196.403 1193.8527 1191.3023 1191.2894 1196.1679 1201.0463 1205.9248 1210.8032 1215.6817 1216.0781 1220.5501 1225.0221 1229.4941 1233.966 1238.438 1238.0744 1230.8869 1223.6994 1216.512 1209.3245 1202.137 1203.4049 1205.582 1207.7591 1209.9362 1212.1133 1213.004 1211.5252 1210.137 1208.7487 1207.3604 1205.9722
-9999 1158.581 1165.3647 1172.1484 1178.9321 1185.3338 1189.3467 1191.8576 1192.6349 1192.8158 1192.8386 1192.8614 1192.8843 1194.0003 1197.3054 1197.7951 1197.0012 1196.2072 1195.4133 1195.6127 1198.1036 1200.5945 1203.0855 1205.5764 1206.1193 1207.0831 1209.6415 1208.8642 1206.3139 1203.7635 1201.2132 1201.2003 1206.0787 1210.9572 1215.8356 1220.3762 1214.0654 1210.42 1210.5878 1214.2853 1218.7573 1223.2292 1227.7012 1229.5815 1229.4699 1222.2824 1215.0949 1207.9074 1200.72 1203.0286 1206.4179 1208.595 1210.7721 1212.9492 1213.8398 1210.2745 1208.206 1206.8177 1205.4295 1204.0412
-9999 1161.7507 1168.5344 1175.3181 1180.6547 1184.6677 1188.6806 1191.1915 1191.9688 1192.7462 1193.217 1193.2399 1193.2627 1194.3787 1197.6838 1200.9889 1202.9611 1202.1672 1201.3733 1201.5726 1204.0636 1206.5545 1208.4521 1208.8208 1209.1896 1210.1534 1212.7118 1215.2703 1216.2247 1213.6744 1211.124 1211.1111 1215.9896 1220.868 1221.6158 1215.305 1208.9942 1205.3488 1205.5165 1205.6843 1208.0205 1212.4925 1216.9644 1218.8447 1218.8618 1218.8789 1213.6778 1206.4904 1199.3029 1201.6115 1205.5613 1209.4309 1211.608 1213.7851 1214.6757 1211.1104 1207.545 1204.8868 1203.4985 1202.1103
-9999 1164.9203 1171.704 1175.9757 1179.9887 1184.0016 1188.0145 1190.5254 1191.3028 1192.0801 1192.8574 1193.6183 1193.6411 1194.7571 1198.0622 1201.3673 1204.6724 1207.9776 1207.3332 1207.5326 1210.0235 1211.1536 1211.5224 1211.8911 1212.2599 1213.2237 1215.7821 1218.3406 1220.899 1223.4575 1221.0349 1221.022 1225.9004 1222.8553 1216.5445 1210.2337 1203.9229 1200.2775 1200.4453 1200.613 1200.7808 1201.7557 1206.2276 1208.1079 1208.125 1208.1421 1208.1592 1205.0733 1197.8858 1200.1945 1204.1443 1208.0941 1212.0439 1214.6209 1215.5116 1211.9462 1208.3809 1204.8155 1201.5676 1200.1793
-9999 1167.2838 1171.2967 1175.3096 1179.3226 1183.3355 1187.3484 1189.8593 1190.6367 1191.414 1192.1914 1192.9687 1193.746 1195.1355 1198.4407 1201.7458 1205.0509 1208.356 1211.6611 1213.4863 1213.8551 1214.2239 1214.5927 1214.9614 1215.3302 1216.294 1218.8524 1221.4109 1223.9693 1226.5278 1229.0862 1230.4057 1224.0949 1217.7841 1211.4733 1205.1625 1198.8517 1195.2063 1195.374 1195.5418 1195.7095 1195.8773 1196.0451 1197.3711 1197.3882 1197.4053 1197.4224 1197.4395 1196.4688 1198.7774 1202.7272 1206.677 1210.6268 1214.5767 1216.3475 1212.7821 1209.2168 1205.6514 1202.0861 1198.5207
-9999 1185.3494 1189.3624 1193.3753 1197.3882 1201.4012 1194.3896 1186.9236 1188.2517 1189.029 1189.8064 1190.5837 1191.3611 1193.4009 1197.658 1200.9631 1204.2683 1207.5734 1210.8785 1213.2957 1213.6645 1214.0332 1214.402 1214.7708 1215.0128 1214.8691 1214.9342 1217.4927 1220.0511 1222.6096 1225.168 1224.697 1218.3862 1212.0754 1205.7646 1199.4538 1196.1249 1195.2542 1194.0548 1194.2225 1194.3903 1194.5581 1194.7258 1192.3548 1190.4726 1190.4897 1190.5068 1190.5239 1190.541 1193.9473 1197.904 1201.8538 1205.8036 1209.7534 1213.2092 1213.8408 1210.2754 1206.7101 1203.1447 1199.5794
