P1_models/J1_p1_vp_slide_diff2_15.dat.tif
NCOLS 118
NROWS 92
XLLCORNER 139.62
YLLCORNER -39.07
DX 0.099491525
DY 0.099347826
NODATA_VALUE -9999
[rows 25 to 49 of 92, columns 0 to 56 of 118]
-9999 0.12253993 0.11891159 0.11528325 0.11165491 0.10802656 0.10789792 0.11120615 0.11153206 0.10578798 0.10004389 0.094299806 0.08855572 0.082226937 0.077148737 0.078845067 0.080541398 0.082237728 0.083934059 0.082831455 0.075271592 0.067711728 0.060151864 0.052592001 0.051707614 0.059819698 0.060718341 0.072908413 0.085098486 0.097288559 0.10947863 0.11981692 0.12658554 0.13335417 0.1401228 0.14689143 0.15477956 0.15676777 0.15008738 0.14609228 0.14209718 0.13810208 0.13410698 0.13317923 0.13519621 0.13778141 0.14036662 0.14295183 0.14553704 0.14809784 0.14957552 0.15086909 0.15216265 0.15345622 0.15385528 0.15096487 0.14741889
-9999 0.11419387 0.11056553 0.10693718 0.10330884 0.10505757 0.10777173 0.11107995 0.11507381 0.11828213 0.11253804 0.10679396 0.10104987 0.094721089 0.087221418 0.079721747 0.081312929 0.083009259 0.08470559 0.083602986 0.076043123 0.068483259 0.060923395 0.065410478 0.077400865 0.085512949 0.083230208 0.080947468 0.092649978 0.10484005 0.11703012 0.12736841 0.13413704 0.14090566 0.14767429 0.15617497 0.1653599 0.1673481 0.15904039 0.15135835 0.14736325 0.14336815 0.13937305 0.1384453 0.13972263 0.14146363 0.14404883 0.14663404 0.14921925 0.15178005 0.15433662 0.15605399 0.15734755 0.15864112 0.15904018 0.15634076 0.15361101
-9999 0.10584781 0.10221946 0.099503053 0.10221721 0.10493138 0.10764554 0.11095376 0.11494761 0.11894146 0.12293531 0.11928811 0.11354402 0.10721524 0.09971557 0.092215898 0.084716227 0.08378079 0.085477121 0.084374517 0.076814654 0.06925479 0.079113341 0.091103728 0.10309411 0.1112062 0.10892346 0.10664072 0.10435798 0.11239154 0.12458161 0.1349199 0.14168853 0.14845715 0.15757038 0.16675531 0.17594023 0.17792844 0.16962072 0.16131301 0.15300529 0.14863422 0.14463912 0.14371137 0.1449887 0.14626604 0.14773104 0.15031625 0.15290146 0.15546226 0.15801884 0.16057541 0.16253245 0.16382602 0.16422508 0.16152566 0.15882624
-9999 0.097501742 0.096662698 0.09937686 0.10209102 0.10480518 0.10751934 0.11082757 0.11482142 0.11881527 0.12280912 0.12680297 0.12603818 0.11970939 0.11220972 0.10471005 0.097210379 0.089710708 0.086248652 0.085146048 0.080825817 0.092816204 0.10480659 0.11679698 0.12878737 0.13689945 0.13461671 0.13233397 0.13005123 0.12776849 0.13213311 0.14247139 0.14978087 0.15896579 0.16815071 0.17733564 0.18652056 0.18850877 0.18020105 0.17189334 0.16358563 0.15527791 0.14990519 0.14897744 0.15025477 0.1515321 0.15280944 0.15408677 0.15658367 0.15914447 0.16170105 0.16425762 0.1668142 0.16901092 0.16940998 0.16671056 0.16401114
-9999 0.093739119 0.09645328 0.099167442 0.1018816 0.10459576 0.10730993 0.10958479 0.11357864 0.11757249 0.12156634 0.12556019 0.12955404 0.13271153 0.12521185 0.11771218 0.11021251 0.10271284 0.09521317 0.093607 0.10559739 0.11758777 0.12957816 0.14156855 0.15355894 0.16189787 0.15961513 0.15733239 0.15504965 0.15276691 0.15048417 0.1521184 0.16130333 0.17048825 0.17967317 0.1888581 0.19804302 0.19898035 0.19067263 0.18236492 0.1740572 0.16574949 0.15744178 0.15439009 0.15566742 0.15694475 0.15822208 0.15949941 0.16077674 0.16236536 0.16492194 0.16747851 0.17003509 0.17259167 0.17391481 0.1712154 0.16851598
-9999 0.092844566 0.095558727 0.098272889 0.10098705 0.10370121 0.099973581 0.09935268 0.10314373 0.10713759 0.11113144 0.11512529 0.11911914 0.12650096 0.14066739 0.13489619 0.12739652 0.11989684 0.11239717 0.110791 0.12278139 0.13477178 0.14676216 0.15875255 0.16300443 0.16646137 0.17734557 0.17661073 0.17432799 0.17204525 0.16976251 0.17139674 0.18058167 0.18976659 0.19895151 0.20813644 0.20936756 0.20642704 0.20024892 0.1919412 0.18363349 0.17532578 0.16701806 0.16286613 0.16228673 0.16356406 0.16484139 0.16611873 0.16739606 0.16460704 0.16434508 0.16690166 0.16945824 0.17201482 0.17329663 0.17016282 0.16742231
-9999 0.091950013 0.094664174 0.097378336 0.098686283 0.094247657 0.08980903 0.089188129 0.092973373 0.096758618 0.10069653 0.10469038 0.10868423 0.11606606 0.13023249 0.14439892 0.14458052 0.13708085 0.12958118 0.12797501 0.13996539 0.15195578 0.16394617 0.1650921 0.16577793 0.16923486 0.18011907 0.19100327 0.19360633 0.19132359 0.18904085 0.19067508 0.19986001 0.20904493 0.21769145 0.21694274 0.21619402 0.21325351 0.20717732 0.20110113 0.19320977 0.18490206 0.17659435 0.17244241 0.17127801 0.17018338 0.17146071 0.17273804 0.17401537 0.17122635 0.16773455 0.16632481 0.16888139 0.17143796 0.17271978 0.16958597 0.16645217
-9999 0.091055459 0.093769621 0.092960359 0.088521733 0.084083106 0.079644479 0.079023578 0.082808823 0.086594067 0.090379312 0.094255479 0.09824933 0.10563115 0.11979759 0.13396402 0.14813045 0.15426485 0.14676518 0.14515901 0.1571494 0.16649394 0.16717977 0.16786559 0.16855142 0.17200836 0.18289256 0.19377677 0.20466097 0.21060193 0.20831919 0.20995342 0.21913835 0.22526663 0.22451792 0.2237692 0.22302048 0.22007997 0.21400378 0.2079276 0.20185141 0.19447835 0.18617063 0.1820187 0.1808543 0.1796899 0.1785255 0.17935735 0.18063468 0.17784566 0.17435387 0.17086207 0.16830454 0.17086111 0.17214293 0.16900912 0.16587532
-9999 0.090160906 0.087234435 0.082795809 0.078357182 0.073918555 0.069479928 0.068859027 0.072644272 0.076429517 0.080214761 0.084000006 0.087814426 0.095196249 0.10936268 0.12352911 0.13769555 0.15186198 0.16394918 0.16234301 0.16858161 0.16926743 0.16995326 0.17063909 0.17132492 0.17478186 0.18566606 0.19655026 0.20743447 0.21831867 0.22759753 0.22923176 0.23284181 0.2320931 0.23134438 0.23059566 0.22984695 0.22690644 0.22083025 0.21475406 0.20867787 0.20260169 0.19574692 0.19159498 0.19043058 0.18926618 0.18810178 0.18693738 0.187254 0.18446498 0.18097318 0.17748138 0.17398958 0.17049779 0.17156608 0.16843227 0.16529846
-9999 0.084021653 0.079583026 0.075144399 0.070705773 0.066267146 0.061828519 0.061588838 0.065277292 0.069062537 0.072847782 0.076633026 0.080418271 0.08783697 0.10208721 0.11625364 0.13042007 0.1445865 0.15875294 0.16884304 0.16952886 0.17021469 0.17090052 0.17158635 0.17227218 0.17893361 0.18820299 0.1990872 0.2099714 0.22085561 0.23173981 0.23865059 0.23790187 0.23715316 0.23640444 0.23565573 0.23490701 0.23246207 0.22654428 0.22046809 0.2143919 0.20831571 0.20223953 0.19687596 0.19571156 0.19454716 0.19338276 0.19221836 0.19105396 0.18779784 0.18430605 0.18081425 0.17732245 0.17383066 0.17176765 0.17004753 0.16691373
-9999 0.080515107 0.07607648 0.071637853 0.067199226 0.063708254 0.062557578 0.062436102 0.063502455 0.066309522 0.070094767 0.073880012 0.077665256 0.085083955 0.099778853 0.11418893 0.12835536 0.1425218 0.15668823 0.16677833 0.16746416 0.16814999 0.16883581 0.17022807 0.18164755 0.19084908 0.194106 0.20123397 0.21211818 0.22300238 0.23388659 0.24079737 0.24004865 0.23929993 0.23855122 0.23761165 0.23577612 0.23321689 0.22962233 0.22434741 0.21827122 0.21219503 0.20611884 0.20022841 0.19447152 0.192744 0.1915796 0.1904152 0.1892508 0.18590261 0.18221866 0.17872687 0.17523507 0.17174327 0.16968026 0.17256641 0.17214439
-9999 0.07700856 0.072569934 0.068131307 0.065706195 0.064555519 0.063404842 0.063283366 0.064349719 0.065416073 0.067341752 0.071126997 0.074912242 0.08233094 0.097025839 0.11172074 0.12629066 0.14045709 0.15462352 0.16471362 0.16539945 0.16608528 0.17072408 0.18214355 0.19356302 0.20276456 0.20602147 0.20927839 0.21426496 0.22514916 0.23603336 0.24294414 0.24219543 0.24144671 0.24020201 0.23836648 0.23653094 0.23397172 0.23037716 0.2267826 0.22215054 0.21607435 0.20999816 0.20410773 0.19835083 0.19259394 0.18977643 0.18861203 0.18744763 0.18409945 0.18037385 0.17664824 0.17314768 0.16965589 0.16759288 0.17047902 0.17336516
-9999 0.073502014 0.069063387 0.067704136 0.066553459 0.065402783 0.064252106 0.06413063 0.065196984 0.066263337 0.06732969 0.068396044 0.072159227 0.079577926 0.094272824 0.10896772 0.12366262 0.13835752 0.15255882 0.16264892 0.16333474 0.17122008 0.18263955 0.19405903 0.2054785 0.21468003 0.21793695 0.22119386 0.22445078 0.22770769 0.23818014 0.24509092 0.2443422 0.24279237 0.24095684 0.23912131 0.23728577 0.23472655 0.23113199 0.22753743 0.22394287 0.21995366 0.21387748 0.20798705 0.20223015 0.19647326 0.19071636 0.18680887 0.18564447 0.18229629 0.17857068 0.17484508 0.17111948 0.1675685 0.16550549 0.16839164 0.17127778
-9999 0.070852753 0.069702077 0.0685514 0.067400724 0.066250047 0.06509937 0.064977894 0.066044248 0.067110601 0.068176955 0.069243308 0.070309661 0.076824911 0.091519809 0.10621471 0.12090961 0.1356045 0.1502994 0.16058421 0.17171609 0.18313556 0.19455503 0.2059745 0.21739397 0.22659551 0.22985242 0.23310934 0.23636625 0.23962317 0.24288008 0.24721827 0.24538274 0.2435472 0.24171167 0.23987613 0.2380406 0.23548138 0.23188682 0.22829226 0.2246977 0.22110314 0.21750858 0.21186636 0.20610947 0.20035257 0.19459568 0.18883879 0.18384131 0.18049312 0.17676752 0.17304192 0.16931632 0.16559071 0.16341811 0.16630425 0.1691904
-9999 0.074687658 0.073536982 0.072386305 0.071235629 0.070084952 0.066782978 0.064121209 0.065187562 0.066253916 0.067320269 0.068386623 0.068646688 0.073791432 0.090805788 0.10550069 0.12019559 0.13489048 0.14958538 0.16328984 0.17470931 0.18612878 0.19754825 0.20896773 0.22110661 0.23219346 0.23481186 0.23806877 0.24132568 0.2445826 0.24783951 0.24935701 0.24752148 0.24568594 0.24385041 0.24201487 0.23877208 0.23396497 0.23037041 0.22677585 0.22318129 0.21958673 0.21693876 0.20927753 0.20141901 0.19566211 0.18990522 0.18414833 0.17839143 0.1743665 0.1706409 0.16691529 0.16318969 0.1584786 0.15045921 0.15334536 0.1562315
-9999 0.079533025 0.078382348 0.077231671 0.076080995 0.071242012 0.065349994 0.062688225 0.063754578 0.064820931 0.065887285 0.065337023 0.063903693 0.069048437 0.087366153 0.10547628 0.12017118 0.13486608 0.14956098 0.16326543 0.17468491 0.18610438 0.19752385 0.21055087 0.22490667 0.23599352 0.23831875 0.24067557 0.24393248 0.2471894 0.25044631 0.25196381 0.25012828 0.24829274 0.24645721 0.24214217 0.23648751 0.2316804 0.22808584 0.22449128 0.22089672 0.21871796 0.21693466 0.20927343 0.19738664 0.18807323 0.18231634 0.17655945 0.17080255 0.16677762 0.16305202 0.15932642 0.15301055 0.14184281 0.13382342 0.13670956 0.1395957
-9999 0.084378391 0.083227714 0.081593065 0.075701047 0.069809028 0.063917009 0.06125524 0.062321594 0.063387947 0.062027359 0.060594028 0.059160698 0.064305442 0.082623158 0.10094087 0.11925859 0.13484167 0.14953657 0.16324103 0.1746605 0.18607997 0.19999513 0.21435093 0.22870672 0.23979357 0.2421188 0.24444404 0.24676927 0.2497962 0.25305311 0.25457061 0.25273508 0.25089954 0.24551226 0.2398576 0.23420294 0.22939583 0.22580127 0.22228045 0.22049715 0.21871385 0.21693055 0.20926933 0.19738253 0.18549574 0.17472746 0.16897057 0.16321368 0.15918874 0.15546314 0.14754251 0.13637476 0.12520701 0.11718763 0.12007377 0.12295991
-9999 0.089223757 0.0860521 0.080160081 0.074268062 0.068376044 0.062484025 0.059822256 0.060151025 0.058717694 0.057284364 0.055851034 0.054417703 0.059562447 0.077880164 0.09619788 0.1145156 0.13283331 0.14951217 0.16321662 0.17508359 0.18943938 0.20379518 0.21815098 0.23250678 0.24359362 0.24591886 0.24824409 0.25056933 0.25289456 0.25565991 0.25717741 0.25453701 0.24888235 0.24322769 0.23757303 0.23191837 0.22711127 0.22405965 0.22227635 0.22049305 0.21870975 0.21692645 0.20926522 0.19737843 0.18549164 0.17360484 0.16171805 0.1556248 0.15159986 0.14207446 0.13090671 0.11973897 0.10857122 0.10055183 0.10549789 0.1220531
-9999 0.09381985 0.087927831 0.082035813 0.076143794 0.070251775 0.064359757 0.059883051 0.058449721 0.05701639 0.05558306 0.054149729 0.052716399 0.057503198 0.075820914 0.094138631 0.11245635 0.13077406 0.14909178 0.16621147 0.18056727 0.19492307 0.20927887 0.22363466 0.23799046 0.24505318 0.24737841 0.24970365 0.25202888 0.25435412 0.25667935 0.25627892 0.25062426 0.2449696 0.23931494 0.23366028 0.22800562 0.22412106 0.22233777 0.22055447 0.21877117 0.21698787 0.21520457 0.20783794 0.19595114 0.18406435 0.17217755 0.16029076 0.14840397 0.1399329 0.12876515 0.11759741 0.10642966 0.095261916 0.087507189 0.1040624 0.12061761
-9999 0.1206501 0.11475809 0.10886607 0.10297405 0.09708203 0.091396758 0.08558812 0.079689017 0.078255687 0.076822357 0.075389026 0.073955696 0.078301596 0.094220738 0.11232034 0.13063806 0.14895577 0.16727349 0.18439318 0.19874898 0.21310478 0.22746057 0.24181637 0.2480377 0.24638885 0.23318211 0.23351101 0.23583624 0.23816148 0.24048671 0.24008628 0.23443162 0.22877696 0.2231223 0.21746764 0.21710249 0.21465481 0.20766029 0.20587699 0.20409369 0.20231039 0.20052709 0.19407477 0.18379012 0.17190333 0.16001654 0.14812974 0.13624295 0.14212591 0.14054442 0.12937668 0.11820893 0.10704119 0.097584532 0.094054893 0.10850056
-9999 0.14748036 0.14158834 0.13569632 0.12985144 0.12418614 0.11852083 0.11271219 0.10673813 0.10076407 0.098061654 0.096628323 0.095194993 0.099540893 0.11546003 0.13137918 0.14881977 0.16713748 0.1854552 0.20257489 0.21693069 0.23128649 0.24564228 0.2486511 0.25131449 0.24966564 0.2364589 0.22325215 0.2196436 0.22196884 0.22429407 0.22389364 0.21823898 0.21258432 0.20735437 0.20821657 0.20907878 0.2066311 0.19944815 0.19226521 0.18941621 0.18763291 0.18584961 0.17939729 0.16958847 0.15974231 0.14785552 0.13596872 0.12408193 0.12996489 0.13891895 0.14115595 0.1299882 0.11882046 0.1093638 0.10583416 0.10230452
-9999 0.17431061 0.16841859 0.16264082 0.15697552 0.15131021 0.1456449 0.13983626 0.1338622 0.12788814 0.12191409 0.11786762 0.11643429 0.12078019 0.13669933 0.15261847 0.16853761 0.18531919 0.20363691 0.2207566 0.2351124 0.24660111 0.2492645 0.25192789 0.25459128 0.25294242 0.23973568 0.22652894 0.2133222 0.2057762 0.20810144 0.207701 0.20204634 0.19846846 0.19933066 0.20019286 0.20105507 0.19860738 0.19142444 0.18424149 0.17705855 0.17295543 0.17117213 0.16471981 0.15491099 0.14510218 0.13529336 0.1238077 0.11192091 0.11780387 0.12675793 0.13571199 0.14176747 0.13059973 0.12114307 0.11761343 0.11408379
-9999 0.20114087 0.1954302 0.18976489 0.18409959 0.17843428 0.17276897 0.16696033 0.16098627 0.15501221 0.14903816 0.1430641 0.13767359 0.14201949 0.15793863 0.17385777 0.18977691 0.20569605 0.22181862 0.23893831 0.24721451 0.2498779 0.25254129 0.25520468 0.25786806 0.25621921 0.24301247 0.22980573 0.21659899 0.20339225 0.1919088 0.19150836 0.18958254 0.19044475 0.19130695 0.19216915 0.19303136 0.19058367 0.18340073 0.17621778 0.16903484 0.16185189 0.15649465 0.15004233 0.14023351 0.1304247 0.12061588 0.11080706 0.09975989 0.10564285 0.11459691 0.12355097 0.13250503 0.14145909 0.13292234 0.1293927 0.12586306
-9999 0.22287627 0.21721096 0.21154565 0.20588035 0.20021504 0.19454973 0.19404368 0.18806962 0.18209556 0.17612151 0.17014745 0.16417339 0.15506403 0.16790936 0.1838285 0.19974764 0.21566678 0.23158593 0.24349673 0.24616011 0.2488235 0.25148689 0.25415028 0.25681367 0.25928962 0.24781651 0.23460977 0.22140303 0.20819628 0.19498954 0.18658829 0.1874505 0.1883127 0.1891749 0.19003711 0.19089931 0.1863037 0.17912076 0.17193781 0.16475487 0.15757192 0.15017331 0.14554364 0.13573482 0.125926 0.11611719 0.10630837 0.096499551 0.10268872 0.11164278 0.12059684 0.1295509 0.13850496 0.14452343 0.1409938 0.13746416
-9999 0.23616526 0.23049995 0.22483464 0.21916933 0.21695877 0.22143654 0.22106232 0.21508826 0.2091142 0.20314014 0.19525288 0.18014338 0.16971695 0.16866864 0.17589083 0.19180997 0.20772911 0.22364825 0.23555906 0.23822244 0.24088583 0.24354922 0.24669432 0.25346306 0.25681784 0.25102238 0.24184096 0.22863422 0.21542748 0.20222074 0.19381949 0.19468169 0.1955439 0.1964061 0.19630712 0.19292137 0.18797341 0.18079046 0.17360752 0.16642457 0.15824079 0.14832235 0.14469033 0.14557755 0.13760379 0.12779497 0.11798615 0.10817734 0.11436651 0.12332057 0.13227463 0.14122869 0.14990862 0.15584136 0.15231172 0.14878208
