P1_models/J1_p1_vp_slide_diff2_120.dat.tif
NCOLS 118
NROWS 92
XLLCORNER 139.62
YLLCORNER -39.07
DX 0.099491525
DY 0.099347826
NODATA_VALUE -9999
[rows 0 to 23 of 92, columns 0 to 54 of 118]
-9999 -9999 -9999 -9999 -9999 -9999 -9999 -9999 -9999 -9999 -9999 -9999 -9999 -9999 -9999 -9999 -9999 -9999 -9999 -9999 -9999 -9999 -9999 -9999 -9999 -9999 -9999 -9999 -9999 -9999 -9999 -9999 -9999 -9999 -9999 -9999 -9999 -9999 -9999 -9999 -9999 -9999 -9999 -9999 -9999 -9999 -9999 -9999 -9999 -9999 -9999 -9999 -9999 -9999 -9999
-9999 0.21272749 0.21143491 0.21014234 0.20884976 0.20755719 0.20589118 0.20608594 0.20930716 0.21257408 0.21584099 0.2191079 0.22237481 0.22564494 0.22810986 0.22964419 0.23117851 0.23271284 0.23424716 0.23623171 0.23925492 0.24227814 0.24530135 0.24832457 0.2507289 0.24904418 0.24548387 0.24026074 0.2350376 0.22981447 0.22459133 0.2223314 0.22578359 0.22923577 0.23268796 0.23614015 0.23947786 0.24400131 0.24730685 0.24810209 0.24889734 0.24969258 0.25048783 0.2459196 0.24178975 0.23903121 0.23627268 0.23351415 0.23075561 0.22521113 0.21917555 0.21313997 0.20710438 0.2010688 0.19763496
-9999 0.2069471 0.20565452 0.20436195 0.20306938 0.20111292 0.19874062 0.19893538 0.20209285 0.20528464 0.20855155 0.21181846 0.21508537 0.2183555 0.22163209 0.22452943 0.22606376 0.22759808 0.22913241 0.23111695 0.23414016 0.23716338 0.2401866 0.24148508 0.24005273 0.23836801 0.23600686 0.23309735 0.22787421 0.22265107 0.21742794 0.21516801 0.21862019 0.22207238 0.22552457 0.22876374 0.23178255 0.236306 0.24298205 0.24750249 0.24829773 0.24909298 0.24988823 0.24531999 0.23689603 0.23171363 0.22895509 0.22619656 0.22343803 0.21789398 0.21186853 0.20583418 0.19979859 0.19376301 0.19032917
-9999 0.20116671 0.19987414 0.19858156 0.19633467 0.19396236 0.19159006 0.19178482 0.19494229 0.19809976 0.20126211 0.20452902 0.20779593 0.21106606 0.21434265 0.21761923 0.22089582 0.22248332 0.22401765 0.22600219 0.22902541 0.23204862 0.23224126 0.23080891 0.22937657 0.22769185 0.22533069 0.22296954 0.22060839 0.21548768 0.21026454 0.20800461 0.2114568 0.21490899 0.21804961 0.22106842 0.22408723 0.22861068 0.23528673 0.24196278 0.24769813 0.24849337 0.24928862 0.24472039 0.23629642 0.22787246 0.2216375 0.21887897 0.21612044 0.21057639 0.20455094 0.19852548 0.1924928 0.18645722 0.18302338
-9999 0.19538632 0.19392871 0.19155641 0.18918411 0.1868118 0.1844395 0.18463426 0.18779173 0.1909492 0.19410667 0.19726414 0.20050649 0.20377662 0.20705321 0.2103298 0.21360638 0.21688297 0.21890289 0.22088743 0.22391065 0.22299744 0.2215651 0.22013275 0.2187004 0.21701568 0.21465453 0.21229337 0.20993222 0.20757107 0.20310115 0.20084122 0.20429341 0.20733548 0.21035429 0.2133731 0.21639191 0.22091536 0.22759141 0.23426747 0.24094352 0.24761957 0.24868901 0.24412078 0.23569682 0.22727285 0.21884889 0.21156138 0.20880285 0.2032588 0.19723335 0.19120789 0.18518244 0.17915143 0.17571759
-9999 0.18915045 0.18677815 0.18440585 0.18203355 0.17966124 0.17728894 0.1774837 0.18064117 0.18379864 0.18695611 0.19011358 0.19327104 0.19648718 0.19976377 0.20304036 0.20631694 0.20959353 0.21287012 0.21518597 0.21375362 0.21232128 0.21088893 0.20945658 0.20802424 0.20633951 0.20397836 0.20161721 0.19925605 0.1968949 0.19453375 0.19360255 0.19662136 0.19964017 0.20265898 0.20567779 0.20869659 0.21322004 0.2198961 0.22657215 0.2332482 0.23992426 0.24660031 0.24352118 0.23509721 0.22667325 0.21824928 0.20982532 0.20148526 0.19594122 0.18991576 0.18389031 0.17786485 0.17183939 0.1684118
-9999 0.18681112 0.18443882 0.18206652 0.17969422 0.17732191 0.17513579 0.17550164 0.17865911 0.18181658 0.18497405 0.18813152 0.19120248 0.19354774 0.19515577 0.19843236 0.20170895 0.20498554 0.20826212 0.2101148 0.20868245 0.20725011 0.20581776 0.20438541 0.20278578 0.20196087 0.20314031 0.20077916 0.19841801 0.19605685 0.1936957 0.19317217 0.19619098 0.19920978 0.20222859 0.2052474 0.20620185 0.20826313 0.21493918 0.22161524 0.22829129 0.23496734 0.23900718 0.24174505 0.23854454 0.23012058 0.22169661 0.21327265 0.20484868 0.19846979 0.19244433 0.18641887 0.18039342 0.17576933 0.17667446
-9999 0.18523403 0.18286173 0.18048942 0.17811712 0.17602552 0.17397257 0.17433843 0.1774959 0.18065337 0.18381084 0.18682512 0.18979111 0.19213636 0.19323856 0.19434076 0.19752577 0.20080236 0.20407895 0.20593162 0.20449928 0.20306693 0.20163458 0.19991144 0.19802956 0.19720465 0.19921269 0.20122073 0.1991386 0.19677744 0.19441629 0.19389276 0.19691156 0.19993037 0.20294918 0.20284317 0.20167878 0.20374006 0.21041611 0.21709216 0.22376821 0.22685951 0.22945161 0.23218948 0.23503214 0.23420906 0.22578509 0.21736113 0.20893716 0.20255827 0.19653281 0.19050735 0.18694245 0.18649847 0.1874036
-9999 0.18365693 0.18128463 0.17896821 0.17691526 0.17486231 0.17280936 0.17317521 0.17633268 0.17948177 0.18244776 0.18541374 0.18837973 0.19072499 0.19182719 0.19292939 0.19403159 0.19661918 0.19989577 0.20174844 0.2003161 0.19888375 0.1970371 0.19515521 0.19327333 0.19244842 0.19445646 0.19646451 0.19847255 0.19749803 0.19513688 0.19461334 0.19763215 0.20064887 0.19948448 0.19832009 0.1971557 0.19921698 0.20589303 0.21211974 0.21471184 0.21730394 0.21989604 0.22263391 0.22547657 0.22831924 0.22987357 0.22144961 0.21302564 0.20664675 0.20062129 0.19811558 0.19767159 0.19722761 0.19813274
-9999 0.18207984 0.17985794 0.17780499 0.17575204 0.17369909 0.17164614 0.172012 0.1751044 0.17807039 0.18103638 0.18400237 0.18696836 0.18931362 0.19041582 0.19151802 0.19262022 0.19372242 0.19571259 0.19756527 0.19604464 0.19416275 0.19228087 0.19039899 0.18851711 0.1876922 0.18970024 0.19170828 0.19371633 0.19572437 0.19585747 0.19533393 0.19729018 0.19612579 0.19496141 0.19379702 0.19263263 0.19469391 0.19997208 0.20256417 0.20515627 0.20774837 0.21034047 0.21307834 0.215921 0.21876367 0.22160633 0.224449 0.21711412 0.21073523 0.2092887 0.20884472 0.20840074 0.20795676 0.20886188
-9999 0.18123102 0.17917807 0.17712512 0.17507217 0.17301922 0.17096627 0.17152365 0.17448964 0.17745563 0.18042162 0.18338761 0.1863536 0.18833407 0.18943627 0.19053847 0.19164067 0.19274287 0.19384508 0.19404493 0.19216305 0.19028117 0.18839929 0.1865174 0.18463552 0.18362026 0.18562831 0.18763635 0.18964439 0.19165243 0.19366048 0.19458492 0.19342053 0.19225614 0.19109176 0.18992737 0.18876298 0.18925887 0.19185097 0.19444306 0.19703516 0.19962726 0.20221936 0.20539689 0.20823956 0.21108222 0.21392489 0.21676755 0.21961022 0.21965055 0.21920657 0.21876259 0.21831861 0.21787463 0.21571014
-9999 0.18371886 0.18166591 0.17961296 0.17756001 0.17550706 0.1749584 0.17612967 0.17909566 0.18206165 0.18502763 0.18799362 0.1900444 0.19126419 0.19136716 0.19238903 0.19349123 0.19459344 0.19569564 0.19589549 0.19401361 0.19213173 0.19024985 0.18836797 0.18633646 0.18509453 0.18615319 0.18804906 0.1900571 0.19206514 0.19407318 0.19499763 0.19383324 0.19266885 0.19150446 0.19034007 0.18974185 0.1905388 0.1931309 0.19572299 0.19831509 0.20090719 0.2053507 0.20937869 0.2128406 0.21568327 0.21852593 0.2213686 0.22421126 0.2242516 0.22380762 0.22336364 0.22291966 0.21801789 0.21075123
-9999 0.1862067 0.18415374 0.18210079 0.18033197 0.17994819 0.17956441 0.18073568 0.18370167 0.18666766 0.18958725 0.19136472 0.19314219 0.19436198 0.19446495 0.19456792 0.1953418 0.196444 0.1975462 0.19774605 0.19586417 0.19398229 0.19210041 0.1900147 0.18791443 0.18667251 0.18773117 0.18878982 0.19046981 0.19247785 0.19448589 0.19541033 0.19424595 0.19308156 0.19193744 0.19147961 0.19102178 0.19181873 0.19441083 0.19700293 0.19989708 0.20444196 0.20898683 0.21301482 0.21667122 0.22028431 0.22312698 0.22596964 0.22881231 0.22885265 0.22840867 0.22796468 0.22170906 0.21305899 0.20579233
-9999 0.18869453 0.18664158 0.18532176 0.18493798 0.1845542 0.18417043 0.18534169 0.18830768 0.19090756 0.19268504 0.19446251 0.19623998 0.19745976 0.19756274 0.19766571 0.19776869 0.19829456 0.19939676 0.19959661 0.19771473 0.1957932 0.19369294 0.19159267 0.1894924 0.18825048 0.18930914 0.1903678 0.19142646 0.19289056 0.1948986 0.19582304 0.19465865 0.1936752 0.19321737 0.19275954 0.19230171 0.19309866 0.19569076 0.19898834 0.20353321 0.20807809 0.21262297 0.21665095 0.22030735 0.22396375 0.22762015 0.23057069 0.23341336 0.23345369 0.23300971 0.22540024 0.21675016 0.20810008 0.20083342
-9999 0.19118237 0.19031155 0.18992777 0.18954399 0.18916022 0.18877644 0.18994771 0.19222788 0.19400535 0.19578283 0.1975603 0.19933777 0.20055755 0.20066053 0.2007635 0.20086648 0.20096945 0.20124732 0.20144717 0.19947144 0.19737118 0.19527091 0.19317065 0.19107038 0.18982846 0.19088712 0.19194577 0.19300443 0.19406309 0.19531131 0.19623575 0.19541296 0.19495513 0.1944973 0.19403947 0.19358164 0.19437859 0.19807959 0.20262447 0.20716934 0.21171422 0.2162591 0.22028708 0.22394348 0.22759988 0.23125628 0.23491269 0.2380144 0.23774149 0.22909141 0.22044133 0.21179125 0.20314118 0.19587452
-9999 0.19536084 0.19497706 0.19459329 0.19420951 0.19382573 0.19344196 0.19417775 0.19595522 0.19773269 0.19951016 0.20128764 0.20306511 0.20420874 0.20430016 0.20440314 0.20450611 0.20460909 0.20471206 0.20414881 0.20204854 0.19994827 0.19784801 0.19574774 0.19364748 0.1897524 0.18979362 0.19085228 0.19191094 0.1929696 0.19402825 0.19456893 0.1941111 0.19365327 0.19319544 0.19273761 0.19227978 0.19226677 0.19681164 0.20135652 0.20590139 0.21044627 0.21499114 0.21890255 0.22255896 0.22621536 0.22987176 0.23352816 0.23718456 0.23113562 0.22248555 0.21383547 0.20518539 0.19653531 0.19204584
-9999 0.20016462 0.19978085 0.19939707 0.19901329 0.1987075 0.19884303 0.19963813 0.20119444 0.20292288 0.20470035 0.20647782 0.2082553 0.20939892 0.20927323 0.20930183 0.20940481 0.20950778 0.20961075 0.2090475 0.20694723 0.20484697 0.2027467 0.20064644 0.19847122 0.19454837 0.18595651 0.18355127 0.18460993 0.18566859 0.18672724 0.18726792 0.18681009 0.18635226 0.18589443 0.1856855 0.19114404 0.19196035 0.1861353 0.18869326 0.19323814 0.19778301 0.20232789 0.20616974 0.20950824 0.21316465 0.21682105 0.22047745 0.22413385 0.21917336 0.21205276 0.20340268 0.1947526 0.18610252 0.18161305
-9999 0.20496841 0.20458463 0.20420086 0.20404877 0.20418431 0.20431985 0.20511494 0.20667125 0.20822756 0.20989053 0.21166801 0.21344548 0.2145891 0.21446341 0.21433772 0.2143035 0.21440647 0.21450945 0.21394619 0.21184593 0.20974566 0.20762889 0.20544804 0.20326718 0.19934433 0.19075248 0.18216063 0.17730892 0.17836758 0.17942624 0.17996691 0.17950908 0.17905125 0.18034215 0.1858007 0.19125924 0.19207555 0.1862505 0.18042544 0.18057488 0.18511976 0.18966464 0.19350649 0.19684294 0.2001794 0.20377034 0.20742674 0.21108314 0.20612265 0.19967294 0.19296989 0.18431981 0.17566973 0.17118026
-9999 0.20977219 0.20938842 0.20939005 0.20952559 0.20966112 0.20979666 0.21059175 0.21214806 0.21370437 0.21526068 0.21685819 0.21863566 0.21977929 0.2196536 0.21952791 0.21940222 0.21930517 0.21940814 0.21884489 0.21674462 0.21460571 0.21242486 0.210244 0.20806315 0.20414029 0.19554844 0.18695659 0.17836474 0.17106657 0.17212523 0.1726659 0.17220807 0.17499881 0.18045736 0.1859159 0.19137444 0.19219075 0.1863657 0.18054064 0.17471558 0.17245651 0.17700138 0.18084323 0.18417969 0.18751615 0.1908526 0.19437602 0.19803243 0.19307194 0.18662223 0.18017251 0.17372279 0.16523694 0.16074747
-9999 0.21459579 0.21473133 0.21486686 0.2150024 0.21513794 0.21527347 0.21606857 0.21762488 0.21918118 0.22073749 0.2222938 0.22385011 0.22496947 0.22484378 0.22471809 0.2245924 0.22446671 0.22434102 0.22374358 0.22158253 0.21940167 0.21722082 0.21503997 0.21285911 0.20893626 0.20034441 0.19175255 0.1831607 0.17456885 0.165977 0.16536489 0.16965547 0.17511401 0.18057256 0.1860311 0.19148964 0.19230596 0.1864809 0.18065584 0.17483078 0.16900573 0.16433813 0.16817998 0.17151644 0.17485289 0.17818935 0.18152581 0.18498171 0.18002123 0.17357152 0.1671218 0.16067208 0.15422237 0.15031468
-9999 0.21744495 0.21758049 0.21771602 0.21785156 0.2179871 0.21861848 0.22072243 0.22227874 0.22383505 0.22539136 0.22694767 0.22847517 0.22939206 0.22948899 0.2293633 0.22923761 0.22911192 0.22898622 0.22823908 0.22605823 0.22387737 0.22169652 0.21951567 0.21733481 0.20993026 0.20293299 0.19434113 0.18574928 0.17715743 0.16856558 0.16477288 0.17023143 0.17568997 0.18114851 0.18660706 0.19144613 0.18936733 0.18354227 0.17771722 0.17189216 0.1660671 0.16072032 0.1609603 0.1643026 0.16763905 0.17097551 0.17431197 0.17764842 0.17264079 0.16619108 0.15974136 0.15329165 0.14684193 0.14470222
-9999 0.21831202 0.21844756 0.2185831 0.21871863 0.22007312 0.22265158 0.22475553 0.22631184 0.22786815 0.22942446 0.2308332 0.23198828 0.23290517 0.23334509 0.23359742 0.23347173 0.23334604 0.23322034 0.2324732 0.23029235 0.22811149 0.22593064 0.22207341 0.21375442 0.20633979 0.20134902 0.19526465 0.18667279 0.17808094 0.16948909 0.16569639 0.17115494 0.17661348 0.18207202 0.18566416 0.18620395 0.18412515 0.17830009 0.17247503 0.16664998 0.16169407 0.15755197 0.15779195 0.16118217 0.16453581 0.16787226 0.17120872 0.17454518 0.16953755 0.16308783 0.15663812 0.15027552 0.14477293 0.14272583
-9999 0.2191791 0.21931463 0.21945017 0.22152775 0.22410622 0.22668468 0.22878863 0.23034494 0.23190125 0.23319122 0.2343463 0.23550138 0.23641828 0.2368582 0.23729812 0.23770585 0.23758016 0.23745446 0.23670732 0.23452647 0.23234561 0.22680192 0.21848293 0.21016395 0.20274931 0.19775855 0.19276778 0.18759631 0.17900445 0.1704126 0.16661991 0.17207845 0.17753699 0.1798822 0.18042198 0.18096177 0.17888296 0.17305791 0.16723285 0.16266783 0.15852572 0.15438362 0.1546236 0.15801382 0.16140404 0.16476902 0.16810548 0.17144193 0.1664343 0.15998459 0.15380172 0.14829913 0.14279654 0.14074944
-9999 0.22004617 0.22040393 0.22298239 0.22556085 0.22813931 0.23071778 0.23282173 0.23437804 0.23554925 0.23670433 0.23785941 0.23901449 0.23993139 0.24037131 0.24081122 0.24125114 0.24169106 0.24168858 0.24094144 0.23876059 0.23153043 0.22321145 0.21489246 0.20657348 0.19915884 0.19416808 0.18917731 0.18418655 0.17919578 0.17133611 0.16754342 0.17300196 0.17410023 0.17464001 0.1751798 0.17571958 0.17364078 0.16781572 0.16364159 0.15949948 0.15535737 0.15121527 0.15145525 0.15484547 0.15823569 0.16162591 0.16500223 0.16833869 0.16333106 0.15732793 0.15182534 0.14632274 0.14082015 0.13877306
