P1_models/J1_p1_vp_slide_diff2_10.dat.tif
NCOLS 118
NROWS 92
XLLCORNER 139.62
YLLCORNER -39.07
DX 0.099491525
DY 0.099347826
NODATA_VALUE -9999
[rows 0 to 24 of 92, columns 56 to 111 of 118]
-9999 -9999 -9999 -9999 -9999 -9999 -9999 -9999 -9999 -9999 -9999 -9999 -9999 -9999 -9999 -9999 -9999 -9999 -9999 -9999 -9999 -9999 -9999 -9999 -9999 -9999 -9999 -9999 -9999 -9999 -9999 -9999 -9999 -9999 -9999 -9999 -9999 -9999 -9999 -9999 -9999 -9999 -9999 -9999 -9999 -9999 -9999 -9999 -9999 -9999 -9999 -9999 -9999 -9999 -9999 -9999
0.23664448 0.22669533 0.21674617 0.20679702 0.1983288 0.19114623 0.1840397 0.17693316 0.16982662 0.16272008 0.16320305 0.15650998 0.14981692 0.14312385 0.13643078 0.12701621 0.11411916 0.10122211 0.088325059 0.075428009 0.064245127 0.061006365 0.050681773 0.040357181 0.030032589 0.019707996 0.012721747 0.0072778716 0.0018339956 -0.0036098803 -0.0089383934 -0.0098928226 -0.0048926334 -0.00019963696 0.0044933595 0.009186356 0.014227976 0.030614816 0.047001655 0.063388495 0.079775334 0.081660052 0.085469393 0.090826629 0.096183865 0.1015411 0.10689834 0.11738628 0.1202537 0.1226415 0.12502929 0.12741709 0.11709811 0.11163104 0.10705443 0.10247782
0.22795154 0.21800239 0.20805324 0.19810409 0.18963587 0.182174 0.17493281 0.16782628 0.16071974 0.1536132 0.15565062 0.15775183 0.15105876 0.1443657 0.13767263 0.12825806 0.11536101 0.10246396 0.089566906 0.078524089 0.067763695 0.066825096 0.064549074 0.054224482 0.043899889 0.033575297 0.026589048 0.021145172 0.015701296 0.010469057 0.0059637805 0.0050093513 0.010453227 0.015530436 0.020223432 0.024916428 0.029958049 0.046344888 0.062731728 0.079118567 0.079623672 0.073381067 0.077103052 0.08192672 0.087283956 0.092641192 0.097998428 0.10848637 0.12142027 0.12471124 0.12709904 0.12948683 0.11916785 0.10205531 0.09608477 0.09150816
0.22169787 0.20930946 0.1993603 0.18941115 0.18094293 0.17348107 0.1660192 0.15871939 0.15161285 0.14450632 0.14654374 0.14889535 0.15124697 0.14560754 0.13891448 0.1294999 0.11660285 0.1037834 0.092913028 0.082042658 0.071282264 0.070343665 0.069405066 0.068091782 0.05776719 0.047442598 0.040456349 0.035012473 0.029876508 0.025371231 0.020865954 0.019911525 0.025355401 0.030799277 0.035953504 0.040646501 0.045688121 0.062074961 0.0784618 0.077587292 0.071344687 0.065102081 0.068824066 0.073607313 0.078390559 0.083741282 0.089098518 0.099586458 0.11252036 0.12545425 0.12916878 0.13155658 0.1212376 0.10412506 0.087012513 0.080538504
0.21610956 0.20349545 0.19088135 0.18071822 0.17225 0.16478813 0.15732627 0.1498644 0.14250597 0.13539943 0.13743685 0.13978847 0.14214009 0.14449171 0.14015633 0.13074175 0.11817234 0.10730197 0.096431597 0.085561226 0.074800833 0.073862234 0.072923635 0.071985035 0.071046436 0.061309898 0.05432365 0.049283958 0.044778682 0.040273405 0.035768128 0.034813699 0.040257575 0.045701451 0.051145327 0.056376573 0.061418194 0.077805033 0.075550913 0.069308307 0.063065701 0.056823096 0.060545081 0.065328327 0.070111573 0.07489482 0.080198609 0.090686549 0.10362045 0.11655435 0.12948824 0.13362633 0.12330734 0.1061948 0.08908226 0.071969717
0.21052124 0.19790714 0.18529303 0.17267893 0.16355706 0.1560952 0.14863333 0.14117147 0.1337096 0.12629255 0.12832997 0.13068159 0.1330332 0.13538482 0.13773644 0.13256128 0.12169091 0.11082054 0.099950166 0.089079795 0.078319402 0.077380803 0.076442203 0.075503604 0.074565005 0.073626405 0.068691409 0.064186132 0.059680855 0.055175579 0.050670302 0.049715873 0.055159749 0.060603625 0.066047501 0.071491377 0.077148266 0.073514533 0.067271927 0.061029321 0.054786716 0.04854411 0.052266095 0.057049342 0.061832588 0.066615834 0.071399081 0.081786639 0.094720538 0.10765444 0.12058833 0.13352223 0.12537709 0.10826455 0.091152006 0.074039464
0.20391794 0.19130383 0.17868973 0.17105206 0.16569234 0.15892068 0.15145881 0.14399695 0.13653508 0.12907322 0.13109884 0.13345045 0.13580207 0.13815369 0.14010066 0.13614447 0.1252741 0.11440373 0.10353336 0.092678449 0.092404784 0.084430925 0.083492326 0.082553726 0.081615127 0.080676528 0.07729837 0.072793093 0.068287817 0.06378254 0.061500162 0.059063002 0.054460743 0.059904619 0.065348495 0.070792371 0.075887843 0.069645237 0.063402632 0.057160026 0.050917421 0.052040997 0.056607947 0.061391193 0.06617444 0.070957686 0.074896009 0.084766283 0.097700181 0.11063408 0.12356798 0.12790264 0.11598925 0.098876704 0.081764161 0.064651619
0.19715383 0.18453973 0.17841922 0.17379997 0.16844026 0.16257737 0.15610914 0.14864727 0.14118541 0.13372354 0.13574916 0.13810078 0.1404524 0.14224694 0.14369409 0.1397379 0.12886753 0.11799716 0.10871607 0.10853183 0.10825816 0.099998486 0.091738813 0.090163347 0.089224748 0.088286149 0.084907991 0.080402714 0.075897437 0.074466766 0.076719404 0.074282244 0.063394492 0.056733944 0.06217782 0.067621696 0.072717167 0.066474562 0.060231956 0.053989351 0.055846289 0.058382348 0.062949297 0.067732544 0.07251579 0.076313774 0.079757711 0.089627985 0.10256188 0.11549578 0.1188884 0.11669958 0.10478619 0.087673651 0.070561108 0.062603409
0.19040564 0.18578639 0.18116714 0.17654789 0.17118818 0.16532528 0.15946239 0.1532976 0.14583573 0.13837387 0.14039948 0.1427511 0.14439323 0.14584038 0.14728753 0.14333133 0.13246096 0.12475369 0.12456945 0.1243852 0.12411154 0.11585186 0.10759219 0.099332515 0.096834369 0.095895769 0.092517611 0.088012335 0.087433369 0.089686007 0.091938645 0.089501485 0.078613733 0.067725981 0.059007145 0.064451021 0.069546492 0.063303887 0.057115523 0.059651581 0.06218764 0.064723698 0.069290648 0.074073894 0.077731539 0.081175476 0.084619414 0.094489687 0.10742359 0.10987416 0.10768534 0.10549653 0.093583141 0.076470598 0.069454942 0.067465111
0.19315356 0.18853431 0.18391506 0.17929581 0.1739361 0.1680732 0.16221031 0.15634742 0.15048452 0.14302419 0.14504981 0.14653951 0.14798666 0.14943381 0.15088096 0.14692477 0.14079131 0.14060707 0.14042282 0.14023858 0.13996491 0.13170524 0.12344557 0.11518589 0.10692622 0.10350539 0.10012723 0.10039997 0.10265261 0.10490525 0.10715789 0.10472073 0.093832975 0.082945223 0.072057471 0.061280345 0.066375817 0.060920815 0.063456873 0.065992932 0.06852899 0.071065049 0.075631999 0.079149303 0.082593241 0.086037178 0.089481116 0.099351389 0.10085992 0.098671105 0.096482291 0.094293478 0.082380088 0.076306474 0.074316644 0.072326813
0.19460608 0.18998683 0.18536758 0.18074833 0.17684084 0.17097794 0.16511505 0.15925216 0.15338926 0.14752637 0.14873068 0.15017783 0.15162498 0.15307213 0.15451928 0.15483978 0.15465554 0.15447129 0.15428705 0.1541028 0.1546795 0.14743269 0.13917302 0.13091334 0.12265367 0.114394 0.1133246 0.11557724 0.11782988 0.12008251 0.12233515 0.11880198 0.10791423 0.097026475 0.086138723 0.075250971 0.064763418 0.067299477 0.069835535 0.072371594 0.074907652 0.077348854 0.080498859 0.083942796 0.087386734 0.090830671 0.094274608 0.093548 0.091359186 0.089170372 0.086981559 0.084792745 0.081582778 0.079592947 0.077603116 0.075613286
0.18756894 0.1829497 0.17833045 0.17322372 0.17357209 0.17491046 0.16904757 0.16318468 0.15732178 0.15145889 0.1526632 0.15411035 0.1555575 0.15700465 0.15645929 0.15566768 0.15548343 0.15529919 0.15511495 0.15639151 0.16130269 0.16055181 0.15407519 0.14581552 0.13755584 0.12929617 0.12822677 0.13047941 0.13273205 0.13498469 0.13269124 0.12542517 0.11453742 0.10364966 0.092761911 0.08187416 0.071386607 0.073922665 0.076458723 0.078994782 0.081305158 0.081695321 0.084845326 0.088289264 0.091733201 0.095177138 0.096377167 0.095203797 0.093014983 0.090826169 0.088637356 0.079516318 0.07454564 0.072555809 0.070565979 0.068576148
0.18053181 0.17587014 0.1707179 0.16556566 0.16591402 0.17000028 0.17298009 0.16711719 0.1612543 0.15539141 0.15659572 0.15804287 0.15949002 0.15855344 0.15728718 0.15649558 0.15631133 0.15612709 0.15804012 0.1630147 0.16792587 0.16717499 0.16642411 0.16071769 0.15245802 0.14419834 0.14312895 0.14538159 0.14763422 0.14457058 0.13931443 0.13204836 0.1211606 0.11027285 0.0993851 0.088497348 0.078009795 0.080545853 0.083081912 0.085261463 0.085651626 0.086041788 0.089191793 0.092635731 0.096079668 0.097076315 0.098032964 0.096859594 0.09467078 0.092481967 0.083025282 0.07247918 0.067508502 0.065518672 0.063528841 0.063050649
0.17336432 0.16821208 0.16305984 0.1579076 0.15825596 0.16234222 0.16642848 0.17051474 0.16518682 0.15932393 0.16052824 0.16191385 0.16064759 0.15938134 0.15811508 0.15732347 0.15713923 0.15968873 0.16466331 0.16963789 0.17454906 0.17379818 0.1730473 0.17229642 0.16736019 0.15910052 0.15803112 0.16028376 0.15644993 0.15119377 0.14593761 0.13867154 0.12778379 0.11689604 0.10600829 0.095120536 0.084632983 0.087169042 0.089217767 0.08960793 0.089998093 0.090388256 0.093538261 0.096818813 0.097775463 0.098732112 0.099688761 0.098515391 0.096326577 0.086534246 0.075988144 0.065442042 0.060471364 0.058481534 0.058075266 0.057876283
0.16570625 0.16055401 0.15540177 0.15024953 0.1505979 0.15468416 0.15877042 0.16285668 0.16694294 0.16325644 0.164008 0.16274175 0.16147549 0.16020924 0.15894298 0.15815137 0.16133734 0.16631192 0.1712865 0.17626107 0.18117225 0.18042137 0.17967049 0.17891961 0.17816873 0.17400269 0.1729333 0.16832927 0.16307311 0.15781696 0.1525608 0.14529473 0.13440698 0.12351923 0.11263148 0.10174372 0.091256172 0.093174072 0.093564235 0.093954397 0.09434456 0.094734723 0.097517961 0.09847461 0.09943126 0.10038791 0.10134456 0.10017119 0.09004321 0.079497108 0.068951006 0.058404905 0.053434227 0.053099883 0.0529009 0.052701917
0.16194228 0.15679004 0.1516378 0.14648556 0.14492597 0.14901223 0.15309849 0.15718474 0.161271 0.16535726 0.16420522 0.16293896 0.16167271 0.16040645 0.15914019 0.16061161 0.16558619 0.17056076 0.17553534 0.18050992 0.18680655 0.18753215 0.18678127 0.18603039 0.18527951 0.18452863 0.1806962 0.17544005 0.17018389 0.16492773 0.15967158 0.15106994 0.14018219 0.12929444 0.11840668 0.10751893 0.096967405 0.097357568 0.097747731 0.098137894 0.098528057 0.09923197 0.098357577 0.099314226 0.10027088 0.10122753 0.10218417 0.093252731 0.082706629 0.072160527 0.061614426 0.051068324 0.047709785 0.047510802 0.047311819 0.047112836
0.16722674 0.1620745 0.15692226 0.15177002 0.14894496 0.14795533 0.15204159 0.15612785 0.16021411 0.16430037 0.16303704 0.16167069 0.16040444 0.15913818 0.15787192 0.15934334 0.16431792 0.16929249 0.17426707 0.18118989 0.18997723 0.19373162 0.19502502 0.19427415 0.19352327 0.19277239 0.18893996 0.1836838 0.17842765 0.17317149 0.16189942 0.15113112 0.14362232 0.13309925 0.1222115 0.11132374 0.10077222 0.10116238 0.10155254 0.1019427 0.1027607 0.10451643 0.10036257 0.098257335 0.099213984 0.10017063 0.10112728 0.08984798 0.074674252 0.06412815 0.053582048 0.043035947 0.040139845 0.040958073 0.04075909 0.040560107
0.16685505 0.16735895 0.16220671 0.15705448 0.15422941 0.15298577 0.15174213 0.15507096 0.15915722 0.16324348 0.16198015 0.160533 0.15913617 0.15786991 0.15660365 0.15807507 0.16304965 0.16802422 0.17551687 0.18436057 0.1931479 0.1969023 0.2006567 0.2025179 0.20176702 0.20101614 0.19718371 0.19192756 0.1866714 0.17447665 0.16189942 0.15113112 0.14362232 0.13611353 0.12601631 0.11512855 0.10457703 0.10496719 0.10535735 0.10628942 0.10804515 0.10980089 0.10564703 0.10086379 0.098157092 0.099113741 0.10007039 0.088791088 0.071678546 0.056095773 0.045549671 0.035003569 0.032107467 0.033301366 0.034206361 0.034007378
0.15903405 0.16489695 0.16749117 0.16233893 0.15951387 0.15827023 0.15702659 0.15578294 0.15810033 0.16218659 0.16092326 0.15947611 0.15802896 0.15660164 0.15533538 0.1568068 0.16178138 0.16984386 0.17868755 0.18753124 0.19631858 0.20007297 0.20382737 0.20758177 0.21001078 0.2092599 0.20542747 0.19963112 0.18705388 0.17447665 0.16189942 0.15113112 0.14362232 0.13611353 0.12860473 0.11893336 0.10838184 0.108772 0.10981815 0.11157388 0.11332961 0.11508535 0.11093149 0.10614824 0.101365 0.09805685 0.099013499 0.087734197 0.070621654 0.053509112 0.037517293 0.026971192 0.02407509 0.025268988 0.026462887 0.027454649
0.15121305 0.15707595 0.16293884 0.16762339 0.16479833 0.16355469 0.16231104 0.1610674 0.15982376 0.1611297 0.15986636 0.15841922 0.15697207 0.15552492 0.15407777 0.15553853 0.16417084 0.17301453 0.18185823 0.19070192 0.19948925 0.20324365 0.20699805 0.21075244 0.21450684 0.21750365 0.21220835 0.19963112 0.18705388 0.17447665 0.16189942 0.15113112 0.14362232 0.13611353 0.12860473 0.12109594 0.11218665 0.11334687 0.11510261 0.11685834 0.11861407 0.12036981 0.11621595 0.1114327 0.10664946 0.10186621 0.097956607 0.086677305 0.069564762 0.05245222 0.035339678 0.018938814 0.016042713 0.017236611 0.018430509 0.019624408
0.14025931 0.1461222 0.15198509 0.15813963 0.16305867 0.16221218 0.16096854 0.15972489 0.15848125 0.1572376 0.15579722 0.15435007 0.15290292 0.15145577 0.15118348 0.16054616 0.16938985 0.17823354 0.18707724 0.19592093 0.19981174 0.19918491 0.2029393 0.2066937 0.2104481 0.2142025 0.20678628 0.19420905 0.18163182 0.16905459 0.15647736 0.15909802 0.15265909 0.1451503 0.1376415 0.13013271 0.12290011 0.12465585 0.12641158 0.12816731 0.12992305 0.12872909 0.1240307 0.11924746 0.11446421 0.10968097 0.10378197 0.089476102 0.07236356 0.055251017 0.038138475 0.021998129 0.018131519 0.019325418 0.020519316 0.021713214
0.12694247 0.13280536 0.13916219 0.14609107 0.1510101 0.15456337 0.15462719 0.15338354 0.1521399 0.15089625 0.14945587 0.14800872 0.14656157 0.14817933 0.15794759 0.16731027 0.17615396 0.18499765 0.19384134 0.19669842 0.19812071 0.19492948 0.19342728 0.19718168 0.20093607 0.20469047 0.19727426 0.18469703 0.1721198 0.16188517 0.16807992 0.17072383 0.16696944 0.16100367 0.15349488 0.14598609 0.13875349 0.14050922 0.14226496 0.14402069 0.14235413 0.1384525 0.13375411 0.12897086 0.12418762 0.1179077 0.10948918 0.095183318 0.078070775 0.060958233 0.045053398 0.031721534 0.027854924 0.029048822 0.03024272 0.029272903
0.11362563 0.12018475 0.12711363 0.1340425 0.13896154 0.14251481 0.14606808 0.14704219 0.14579855 0.1445549 0.14311451 0.14166737 0.14517518 0.15494344 0.1647117 0.17407438 0.18291807 0.19176176 0.19353345 0.1950074 0.19642969 0.19323845 0.19004721 0.18766965 0.19142405 0.19517844 0.18776223 0.175185 0.16731622 0.17351098 0.17970573 0.18234964 0.17859525 0.17484085 0.16934826 0.16183946 0.15460687 0.1563626 0.15811833 0.15597916 0.15207753 0.1481759 0.14347751 0.13869427 0.13203343 0.12361491 0.1151964 0.10089053 0.083777991 0.068108667 0.054776802 0.041444938 0.037578328 0.038772226 0.037343782 0.031175308
0.10120731 0.10813619 0.11506506 0.12199394 0.12691297 0.13046624 0.13401951 0.13757278 0.1394572 0.13821355 0.13677316 0.14217103 0.15193929 0.16170755 0.17147581 0.18083848 0.18889452 0.19036847 0.19184242 0.19331637 0.19473866 0.19154742 0.18835618 0.18516495 0.18197371 0.18566642 0.17825021 0.17274728 0.17894203 0.18513679 0.19133154 0.19397545 0.19022105 0.18646666 0.18271226 0.17769284 0.17046024 0.17221598 0.16960419 0.16570256 0.16180093 0.15789931 0.15320092 0.14615916 0.13774064 0.12932213 0.12090362 0.10659775 0.091163935 0.077832071 0.064500207 0.051168342 0.047301732 0.045414662 0.039246187 0.033077713
0.089158747 0.096087621 0.10301649 0.10994537 0.11486441 0.11841768 0.12197094 0.12552421 0.12907748 0.1318722 0.13916688 0.14893514 0.1587034 0.16847165 0.17823991 0.18572955 0.1872035 0.18867745 0.19015139 0.19162534 0.19304763 0.1898564 0.18666516 0.18347392 0.18028268 0.17709144 0.17817833 0.18437309 0.19056784 0.1967626 0.20295735 0.20560126 0.20184686 0.19809247 0.19433807 0.19058367 0.18631362 0.18322922 0.1793276 0.17542597 0.17152434 0.16762271 0.16028489 0.15186637 0.14344786 0.13502935 0.12661083 0.1142192 0.10088734 0.087555475 0.074223611 0.060891746 0.053485542 0.047317067 0.041148593 0.034980118
