P1_models/J1_p1_vp_slide_diff_5.dat.tif
NCOLS 118
NROWS 92
XLLCORNER 139.62
YLLCORNER -39.07
DX 0.099491525
DY 0.099347826
NODATA_VALUE -9999
[rows 27 to 53 of 92, columns 0 to 59 of 118]
-9999 6.1253771 6.1206472 6.1171133 6.1207015 6.1242897 6.1278779 6.1287404 6.126457 6.1241736 6.1218902 6.1147435 6.1062623 6.0980101 6.0902166 6.0824231 6.0746296 6.0737012 6.0755252 6.0757948 6.0724784 6.069162 6.0791421 6.0907494 6.1023567 6.10829 6.0990154 6.0897408 6.0804661 6.0781631 6.078669 6.0764678 6.069048 6.0616283 6.0581357 6.0547631 6.0513905 6.0464414 6.0392368 6.0320322 6.0248277 6.0204416 6.0163247 6.0190709 6.026751 6.034431 6.0424117 6.0521863 6.0619609 6.074914 6.0884164 6.1019188 6.1156742 6.1297096 6.141954 6.1479946 6.1540352 6.1600757 6.1668678 6.1737967
-9999 6.115231 6.1141592 6.1177474 6.1213356 6.1249239 6.1285121 6.1293745 6.1270911 6.1248077 6.1225243 6.1202409 6.1149288 6.1066766 6.0988831 6.0910896 6.0832961 6.0755026 6.0719318 6.0722014 6.071358 6.0829653 6.0945727 6.10618 6.1177874 6.1237206 6.114446 6.1051714 6.0958967 6.0866221 6.0818397 6.0796384 6.0731246 6.069752 6.0663794 6.0630068 6.0596342 6.0546851 6.0474806 6.040276 6.0330714 6.0258669 6.0207637 6.0235099 6.0311899 6.03887 6.04655 6.0542301 6.0638633 6.0768164 6.0903188 6.1038212 6.1173236 6.1309779 6.1432223 6.1492629 6.1553034 6.161344 6.1673845 6.1740081
-9999 6.1107472 6.1143354 6.1179236 6.1215119 6.1251001 6.1286883 6.1283144 6.126031 6.1237476 6.1214642 6.1191808 6.1168973 6.1151828 6.1073893 6.0995958 6.0918023 6.0840088 6.0762153 6.0742883 6.0858957 6.097503 6.1091104 6.1207177 6.1323251 6.1390139 6.1297393 6.1204646 6.11119 6.1019154 6.0926407 6.085382 6.0820094 6.0786368 6.0752642 6.0718917 6.0685191 6.0635699 6.0563654 6.0491608 6.0419563 6.0347517 6.0275471 6.0283381 6.0360181 6.0436982 6.0513782 6.0590583 6.0667383 6.0780548 6.0915572 6.1050596 6.1185621 6.1320645 6.1438266 6.1498672 6.1559077 6.1619483 6.1679888 6.1740294
-9999 6.1071538 6.110742 6.1143302 6.1179184 6.1215066 6.1173098 6.1134651 6.1110231 6.1087397 6.1064563 6.1041729 6.1018895 6.1035697 6.1131872 6.1067827 6.0989892 6.0911957 6.0834022 6.0814752 6.0930825 6.1046899 6.1162972 6.1279046 6.1327013 6.13565 6.142058 6.134627 6.1253523 6.1160777 6.1068031 6.0995444 6.0961718 6.0927992 6.0894266 6.086054 6.0817363 6.0765864 6.0705277 6.0633232 6.0561186 6.0489141 6.0417095 6.0402195 6.0440505 6.0517305 6.0594106 6.0670906 6.0747707 6.0786291 6.0873297 6.1008321 6.1143345 6.1278369 6.1395483 6.1450559 6.151046 6.1570866 6.1631271 6.1691677
-9999 6.1035603 6.1071486 6.1107368 6.1126255 6.1075694 6.1025133 6.0986686 6.0962221 6.0937756 6.0914484 6.089165 6.0868816 6.0885618 6.0981793 6.1077968 6.106176 6.0983825 6.090589 6.0886621 6.1002694 6.1118768 6.1234841 6.1255472 6.1272054 6.1301542 6.1365621 6.1429701 6.1395147 6.1302401 6.1209654 6.1137067 6.1103341 6.1069615 6.103525 6.098972 6.094419 6.0892691 6.0832653 6.0772615 6.070281 6.0630764 6.0558718 6.0543819 6.0570001 6.0597629 6.067443 6.075123 6.0828031 6.0866615 6.0898594 6.0966045 6.1101069 6.1236094 6.1353208 6.1408283 6.1463359 6.1522249 6.1582654 6.164306
-9999 6.0999669 6.1035551 6.1028852 6.0978291 6.0927729 6.0877168 6.0838721 6.0814256 6.0789791 6.0765326 6.0741572 6.0718738 6.0735539 6.0831715 6.092789 6.1024065 6.1055694 6.0977759 6.0958489 6.1074563 6.116735 6.1183932 6.1200514 6.1217096 6.1246584 6.1310663 6.1374742 6.1438822 6.1444024 6.1351278 6.1278691 6.1244965 6.1207607 6.1162077 6.1116547 6.1071017 6.1019518 6.095948 6.0899442 6.0839404 6.0772388 6.0700342 6.0685442 6.0711624 6.0737806 6.0763988 6.0831554 6.0908354 6.0946939 6.0978918 6.1010897 6.1058794 6.1193818 6.1310932 6.1366008 6.1421083 6.1476159 6.1534037 6.1594443
-9999 6.0963735 6.0931448 6.0880887 6.0830326 6.0779765 6.0729203 6.0690756 6.0666291 6.0641826 6.0617361 6.0592896 6.0568659 6.0585461 6.0681636 6.0777811 6.0873986 6.0970161 6.1049628 6.1030358 6.109581 6.1112392 6.1128974 6.1145555 6.1162137 6.1191625 6.1255705 6.1319784 6.1383863 6.1447943 6.1492901 6.1420314 6.1379964 6.1334434 6.1288904 6.1243374 6.1197844 6.1146345 6.1086307 6.1026269 6.0966231 6.0906193 6.0841965 6.0827066 6.0853248 6.087943 6.0905612 6.0931794 6.0988678 6.1027262 6.1059242 6.1091221 6.1123201 6.115518 6.1268656 6.1323732 6.1378808 6.1433883 6.1488959 6.1545826
-9999 6.0862178 6.0811617 6.0761056 6.0710495 6.0659933 6.0609372 6.0554326 6.0528525 6.050406 6.0479595 6.045513 6.0430665 6.0451901 6.0550706 6.0646881 6.0743056 6.0839232 6.0935407 6.1007514 6.1024096 6.1040678 6.105726 6.1073842 6.1090424 6.1168628 6.1225567 6.1289646 6.1353726 6.1417805 6.1481884 6.1508525 6.1462995 6.1417464 6.1371934 6.1326404 6.1280874 6.1263323 6.1206022 6.1145984 6.1085946 6.1025908 6.096587 6.0938058 6.096424 6.0990422 6.1016604 6.1042786 6.1068968 6.1078082 6.1110062 6.1142041 6.117402 6.1206 6.1247531 6.1307196 6.1362272 6.1417348 6.1472423 6.1527499
-9999 6.0788747 6.0738186 6.0687625 6.0637064 6.0586972 6.0538042 6.0483055 6.0421076 6.0383115 6.035865 6.0334185 6.030972 6.0330956 6.0443713 6.0547534 6.0643709 6.0739884 6.0836059 6.0908166 6.0924748 6.094133 6.0957912 6.0982242 6.1116556 6.1222621 6.1252975 6.1300445 6.1364524 6.1428604 6.1492683 6.1519323 6.1473793 6.1428263 6.1382733 6.1343126 6.1331322 6.1317317 6.1300163 6.1253971 6.1193933 6.1133895 6.1073857 6.1041639 6.1029421 6.1050895 6.1077077 6.1103259 6.1129441 6.1119665 6.1112221 6.1144201 6.117618 6.120816 6.1249691 6.132431 6.1388189 6.1443265 6.149834 6.1553416
-9999 6.0715316 6.0664755 6.0614194 6.0564631 6.0515701 6.0466771 6.0411783 6.0349805 6.0287827 6.0237705 6.021324 6.0188774 6.0210011 6.0322768 6.0435525 6.0544361 6.0640536 6.0736711 6.0808818 6.08254 6.0841982 6.0901922 6.1036236 6.1170549 6.1276615 6.1306968 6.1337322 6.1375323 6.1439402 6.1503482 6.1530122 6.1484592 6.1439062 6.1408923 6.1397119 6.1385315 6.137131 6.1354156 6.1337003 6.130192 6.1241882 6.1181844 6.1149626 6.1137408 6.112519 6.1137549 6.1163731 6.1189913 6.1180138 6.1164148 6.1148158 6.117834 6.1210319 6.1251851 6.1326469 6.1401088 6.1469181 6.1524257 6.1579333
-9999 6.0641885 6.0591324 6.054229 6.049336 6.044443 6.03955 6.0340512 6.0278534 6.0216555 6.0154577 6.0092599 6.0067829 6.0089066 6.0201823 6.031458 6.0427337 6.0540094 6.0637363 6.0709471 6.0726053 6.0821602 6.0955916 6.1090229 6.1224543 6.1330608 6.1360962 6.1391315 6.1421668 6.1452022 6.151428 6.1540921 6.1495391 6.1474721 6.1462916 6.1451112 6.1439308 6.1425303 6.140815 6.1390996 6.1373842 6.1349869 6.1289831 6.1257613 6.1245395 6.1233176 6.1220958 6.1224204 6.1250386 6.124061 6.1224621 6.1208631 6.1192641 6.1212479 6.1254011 6.1328629 6.1403248 6.1477866 6.1550174 6.1605249
-9999 6.056888 6.0519949 6.0471019 6.0422089 6.0373159 6.0324228 6.0269241 6.0207263 6.0145284 6.0083306 6.0021328 5.9959349 5.9968121 6.0080878 6.0193635 6.0306392 6.0419149 6.0531906 6.0610123 6.0741282 6.0875595 6.1009909 6.1144223 6.1278536 6.1384602 6.1414955 6.1445308 6.1475662 6.1506015 6.1536368 6.1552322 6.1540518 6.1528714 6.151691 6.1505106 6.1493302 6.1479297 6.1462143 6.1444989 6.1427836 6.1410682 6.1393528 6.13656 6.1353381 6.1341163 6.1328945 6.1316727 6.1310858 6.1301083 6.1285093 6.1269104 6.1253114 6.1237124 6.125617 6.1330789 6.1405408 6.1480026 6.1554645 6.1629263
-9999 6.0550867 6.0501937 6.0453006 6.0404076 6.0355146 6.0278834 6.0191514 6.0129536 6.0067557 6.0005579 5.9943601 5.9881622 5.9893855 6.00374 6.0150157 6.0262914 6.0375671 6.0488428 6.0607703 6.0742017 6.087633 6.1010644 6.1144957 6.1284959 6.141068 6.1447968 6.1478321 6.1508674 6.1539028 6.1569381 6.1585335 6.1573531 6.1561727 6.1549923 6.1538119 6.1531907 6.1526835 6.1509681 6.1492527 6.1475373 6.145822 6.1460788 6.1435887 6.140811 6.1395891 6.1383673 6.1371455 6.1359237 6.1343803 6.1327813 6.1311823 6.1295834 6.1270198 6.1217983 6.1292601 6.136722 6.1441839 6.1516457 6.1602712
-9999 6.0550867 6.0501937 6.0453006 6.0404076 6.0308201 6.0198924 6.0111604 6.0049626 5.9987647 5.9925669 5.9863691 5.9801712 5.9813945 5.997479 6.0132879 6.0245636 6.0358393 6.047115 6.0590425 6.0724739 6.0859052 6.0993366 6.1140389 6.1297917 6.1423639 6.146411 6.1504238 6.1534591 6.1564945 6.1595298 6.1611252 6.1599448 6.1587644 6.1575839 6.1573889 6.1577261 6.1572189 6.1555035 6.1537882 6.1520728 6.1533073 6.1553657 6.1528756 6.1471155 6.1432607 6.1420389 6.140817 6.1395952 6.1380518 6.1364529 6.1348539 6.1307196 6.1218364 6.1166149 6.1240768 6.1315386 6.1390005 6.148124 6.1578955
-9999 6.0550867 6.0501937 6.0446846 6.0337569 6.0228291 6.0119014 6.0031694 5.9969715 5.9907737 5.9845759 5.978378 5.9721802 5.9734035 5.9894879 6.0055724 6.0216569 6.0341115 6.0453872 6.0573147 6.0707461 6.0841775 6.0995819 6.1153347 6.1310876 6.1436597 6.1477068 6.1517539 6.155801 6.1590861 6.1621215 6.1637168 6.1625364 6.161356 6.161587 6.1619243 6.1622616 6.1617543 6.160039 6.1584772 6.1605357 6.1625941 6.1646526 6.1621624 6.1564024 6.1506424 6.1457104 6.1444886 6.1432668 6.1417234 6.1401244 6.1344194 6.1255363 6.1166531 6.1114315 6.1188934 6.1263553 6.1359768 6.1457483 6.1555198
-9999 6.0550867 6.0476214 6.0366936 6.0257659 6.0148381 6.0039104 5.9951783 5.9889805 5.9827827 5.9765848 5.970387 5.9641892 5.9654125 5.9814969 5.9975814 6.0136658 6.0297503 6.0436594 6.055587 6.0693721 6.0851249 6.1008778 6.1166306 6.1323834 6.1449555 6.1490027 6.1530498 6.1570969 6.161144 6.1647132 6.1663085 6.165448 6.1657852 6.1661225 6.1664597 6.166797 6.1662898 6.1657056 6.1677641 6.1698225 6.171881 6.1739394 6.1714493 6.1656893 6.1599292 6.1541692 6.1484092 6.1469383 6.1453949 6.1381192 6.1292361 6.1203529 6.1114697 6.1062482 6.1140581 6.1238296 6.1336011 6.1433726 6.153144
-9999 6.0540672 6.0431394 6.0322116 6.0212839 6.0103561 5.9994284 5.9902262 5.9840284 5.9778305 5.9716327 5.9654349 5.959237 5.9599159 5.9760004 5.9920848 6.0081693 6.0242537 6.0403382 6.0563224 6.0720752 6.087828 6.1035809 6.1193337 6.1350865 6.1449119 6.148959 6.1530061 6.1570532 6.1611003 6.1651475 6.1679274 6.1682647 6.1686019 6.1689392 6.1692764 6.1696137 6.171352 6.1734104 6.1754689 6.1775273 6.1795857 6.1816442 6.179649 6.1738889 6.1681289 6.1623689 6.1566088 6.1508488 6.1438363 6.1349532 6.12607 6.1171868 6.1083037 6.1016694 6.1114408 6.1212123 6.1309838 6.1407553 6.1505268
-9999 6.0760505 6.0651227 6.054195 6.0432672 6.0323395 6.0209655 6.0107599 6.0019955 5.9957977 5.9895999 5.983402 5.9772042 5.9772125 5.9896489 6.0054017 6.0214861 6.0375706 6.053655 6.0696392 6.0853921 6.1011449 6.1168977 6.1326505 6.1421738 6.1456131 6.1400483 6.14286 6.1469071 6.1509542 6.1550013 6.1577812 6.1581185 6.1584558 6.158793 6.1591303 6.1630262 6.1667933 6.1691828 6.1712413 6.1732997 6.1753582 6.1774166 6.1769574 6.1738889 6.1681289 6.1623689 6.1566088 6.1508488 6.1510604 6.1470017 6.1381186 6.1292354 6.1203522 6.1125437 6.1084574 6.1167734 6.1265449 6.1363164 6.1460879
-9999 6.0980338 6.0871061 6.0761783 6.0651488 6.0537318 6.0423147 6.0321091 6.0233017 6.0144942 6.007567 6.0013692 5.9951713 5.9951796 6.0076161 6.0200525 6.034803 6.0508874 6.0669719 6.0829561 6.0987089 6.1144617 6.1302145 6.1372777 6.1440762 6.1475155 6.1419507 6.1363859 6.1367609 6.140808 6.1448551 6.1476351 6.1479723 6.1483096 6.1489326 6.1536542 6.1583759 6.162143 6.1645445 6.166946 6.1690722 6.1711306 6.1731891 6.1727299 6.1704607 6.1681289 6.1623689 6.1566088 6.1508488 6.1510604 6.152304 6.1501671 6.141284 6.1324008 6.1245922 6.120506 6.1164197 6.1221059 6.1318774 6.1416489
-9999 6.1200172 6.1090894 6.0979151 6.086498 6.075081 6.0636639 6.0534583 6.0446509 6.0358434 6.027036 6.0193363 6.0131385 6.0131468 6.0255832 6.0380197 6.0504561 6.0642043 6.0802887 6.0962729 6.1120257 6.1255829 6.1323815 6.1391801 6.1459787 6.1494179 6.1438531 6.1382883 6.1327235 6.1306619 6.134709 6.1374889 6.1378262 6.1395606 6.1442823 6.1490039 6.1537255 6.1574926 6.1598942 6.1622957 6.1646972 6.166903 6.1689615 6.1685023 6.1662332 6.1639641 6.161695 6.1566088 6.1508488 6.1510604 6.152304 6.1535477 6.1533325 6.1444494 6.1366408 6.1325545 6.1284683 6.124382 6.1274385 6.13721
-9999 6.1420005 6.1306814 6.1192643 6.1078473 6.0964302 6.0850131 6.0748075 6.0660001 6.0571926 6.0483852 6.0395777 6.0311057 6.031114 6.0435504 6.0559868 6.0684233 6.0808597 6.0936056 6.1095897 6.1206867 6.1274853 6.1342839 6.1410825 6.1478811 6.1513203 6.1457555 6.1401907 6.1346259 6.1290611 6.1245628 6.1273428 6.1301887 6.1349103 6.139632 6.1443536 6.1490752 6.1528423 6.1552438 6.1576454 6.1600469 6.1624484 6.1647339 6.1642747 6.1620056 6.1597365 6.1574674 6.1551983 6.1508488 6.1510604 6.152304 6.1535477 6.1547913 6.156035 6.1486894 6.1446031 6.1405168 6.1364306 6.1323443 6.132771
-9999 6.1584424 6.1470253 6.1356083 6.1241912 6.1127741 6.1013571 6.0985696 6.0897621 6.0809547 6.0721472 6.0633398 6.0545323 6.0443892 6.0541521 6.0665885 6.0790249 6.0914614 6.1038978 6.1146295 6.1214281 6.1282266 6.1350252 6.1418238 6.1486224 6.1541311 6.1499075 6.1443427 6.1387779 6.1332131 6.1276483 6.1255971 6.1303187 6.1350403 6.1397619 6.1444836 6.1492052 6.1514375 6.1538391 6.1562406 6.1586421 6.1610436 6.1630935 6.1651758 6.1629067 6.1606376 6.1583685 6.1560994 6.1538303 6.1545563 6.1557999 6.1570436 6.1582872 6.1595309 6.1604331 6.1563469 6.1522606 6.1481744 6.1440881 6.1391989
-9999 6.1668317 6.1554147 6.1439976 6.1325806 6.1259966 6.1287693 6.1261662 6.1173587 6.1085513 6.0997439 6.0895359 6.0740414 6.0629341 6.0606126 6.0654846 6.0779211 6.0903575 6.102794 6.1135256 6.1203242 6.1271228 6.1339214 6.1408367 6.1486302 6.1543519 6.1545205 6.1520697 6.1465049 6.1409402 6.1353754 6.1333241 6.1380457 6.1427674 6.147489 6.1515238 6.1532101 6.1551907 6.1575922 6.1599937 6.1623952 6.163165 6.1611066 6.1640029 6.1704611 6.1696893 6.1674202 6.1651511 6.162882 6.163608 6.1648516 6.1660953 6.1673389 6.1702643 6.1716926 6.1676063 6.16352 6.1594338 6.151958 6.1372119
-9999 6.1752211 6.1638041 6.152387 6.1508205 6.1535932 6.1563659 6.1537628 6.1449554 6.1361479 6.1235755 6.1080809 6.0925863 6.081479 6.0791575 6.0768361 6.0768172 6.0892537 6.1016901 6.1124217 6.1192203 6.1260189 6.133264 6.1410575 6.148851 6.1545726 6.1547413 6.1549099 6.154232 6.1486672 6.1431024 6.1410512 6.1457728 6.1504944 6.1535907 6.155277 6.1569633 6.1589438 6.1613453 6.1637469 6.1632365 6.161178 6.1591196 6.1620159 6.1684741 6.1749324 6.1764719 6.1742028 6.1719336 6.1726597 6.1739033 6.1754832 6.1785034 6.1815237 6.182952 6.1788657 6.1747795 6.1647171 6.149971 6.1352249
-9999 6.1836105 6.1728717 6.1756444 6.1784171 6.1811898 6.1839625 6.1813594 6.172552 6.157615 6.1421204 6.1266258 6.1111312 6.1000239 6.0977025 6.095381 6.0930595 6.0907381 6.1005862 6.1113179 6.1181165 6.1256912 6.1334847 6.1412782 6.1490717 6.1547934 6.154962 6.1551307 6.1552993 6.1554679 6.1508295 6.1487782 6.1534998 6.1556575 6.1573438 6.1590301 6.1607164 6.162697 6.1650985 6.163308 6.1612495 6.1591911 6.1571326 6.1600289 6.1664872 6.1729454 6.1794036 6.1832544 6.1809853 6.1817113 6.1837223 6.1867426 6.1897629 6.1927831 6.1942114 6.1901251 6.1774762 6.1627301 6.1479841 6.133238
-9999 6.1976956 6.2004683 6.203241 6.2060137 6.2087864 6.2115591 6.2071491 6.1916545 6.1761599 6.1606653 6.1451707 6.1296761 6.1185689 6.1162474 6.1139259 6.1116045 6.109283 6.1069615 6.110325 6.1181185 6.125912 6.1337055 6.141499 6.1492925 6.1550142 6.1551828 6.1553514 6.1555201 6.1556887 6.1558573 6.1560381 6.1577244 6.1594107 6.161097 6.1627832 6.1644695 6.1654379 6.1633795 6.161321 6.1592626 6.1572041 6.1551457 6.158042 6.1645002 6.1709584 6.1774167 6.1838749 6.190037 6.1919614 6.1949817 6.198002 6.2010223 6.2040426 6.2049814 6.1902353 6.1754892 6.1607432 6.1459971 6.131251
-9999 6.2012808 6.2040536 6.2068263 6.209599 6.2123717 6.2179758 6.2148025 6.199308 6.1838134 6.1683188 6.1528242 6.1417515 6.1376714 6.1370372 6.1347158 6.1323943 6.1300728 6.1277513 6.1284885 6.136282 6.1440755 6.151869 6.1596625 6.1650143 6.1661928 6.1665006 6.1666692 6.1668379 6.1670065 6.1671751 6.1678621 6.1695484 6.1712347 6.172921 6.1746073 6.1741495 6.1718138 6.1697554 6.1676969 6.1656385 6.16358 6.1619747 6.1604868 6.1631053 6.1695635 6.1760218 6.18248 6.1889382 6.1924651 6.1954854 6.1985057 6.2015259 6.2033673 6.198961 6.1842149 6.1694689 6.1547228 6.1399767 6.1355261
