P1_models/J1_p1_vp_slide_diff2_20.dat.tif
NCOLS 118
NROWS 92
XLLCORNER 139.62
YLLCORNER -39.07
DX 0.099491525
DY 0.099347826
NODATA_VALUE -9999
[rows 50 to 74 of 92, columns 0 to 56 of 118]
-9999 0.30488804 0.30559802 0.306308 0.31153789 0.31875886 0.32597982 0.32703422 0.32097159 0.31490897 0.30379434 0.28875873 0.27372311 0.26135197 0.25431659 0.24728121 0.24318058 0.25495457 0.26672856 0.27250622 0.26445005 0.25639389 0.25203415 0.25221522 0.2523963 0.24977177 0.23962751 0.22948325 0.21828664 0.20101492 0.18374319 0.17347393 0.17670318 0.17993244 0.1792559 0.17519125 0.1711266 0.16382954 0.15190805 0.13998657 0.12747554 0.11465108 0.10182662 0.094680325 0.091615986 0.088551647 0.07830225 0.062489381 0.046676512 0.045790121 0.047483431 0.050022693 0.056186193 0.062349693 0.065932266 0.060574825 0.055217384
-9999 0.32260661 0.3236278 0.33084876 0.33806973 0.34529069 0.35251165 0.35356605 0.34750343 0.33321596 0.31818035 0.30314473 0.28810912 0.27573798 0.2687026 0.26166722 0.25463184 0.24759647 0.25607163 0.26184928 0.25379312 0.25216326 0.25234433 0.25252541 0.25270648 0.25008195 0.2399377 0.22979344 0.21964918 0.20950492 0.19338478 0.18311552 0.18634478 0.18341284 0.17934819 0.17528354 0.17121889 0.16392182 0.15200034 0.13923013 0.12640567 0.11358121 0.10075676 0.09361046 0.090546121 0.087481782 0.084417443 0.07754433 0.061731461 0.06084507 0.06446901 0.07063251 0.07679601 0.08295951 0.086542083 0.081184642 0.065273246
-9999 0.34293866 0.35015963 0.35738059 0.36460156 0.37182252 0.37904348 0.3776732 0.36263759 0.34760197 0.33256636 0.31753074 0.30249512 0.29012398 0.2830886 0.27605323 0.26901785 0.26198247 0.2549471 0.2521113 0.25229237 0.25247345 0.25265452 0.25283559 0.25301667 0.25039214 0.24024788 0.23010362 0.21995937 0.20981511 0.19967085 0.19163442 0.18756977 0.18350512 0.17944047 0.17537582 0.17131117 0.16380918 0.15098472 0.13816026 0.12533581 0.11251135 0.09968689 0.092540594 0.089476255 0.086411916 0.083347577 0.080283238 0.07678641 0.078915327 0.085078827 0.091242327 0.097405827 0.10356933 0.10654861 0.088052426 0.069556241
-9999 0.35392694 0.36114791 0.36836887 0.37558984 0.3828108 0.38506818 0.3775145 0.36247888 0.34744326 0.33240765 0.31737203 0.30415738 0.29640456 0.29411688 0.2870815 0.28004613 0.27301075 0.26597537 0.26112214 0.26130321 0.26148429 0.26166536 0.26184644 0.26237038 0.26115471 0.25333284 0.24318858 0.23304433 0.22290007 0.21275581 0.20468815 0.2006235 0.19655885 0.1924942 0.18842955 0.18118264 0.1698314 0.15700694 0.14418248 0.13135803 0.11853357 0.10776634 0.10025576 0.095820964 0.092756625 0.089692286 0.086627947 0.083563608 0.088367299 0.094530799 0.1006943 0.1068578 0.11061556 0.10422142 0.085725231 0.067229045
-9999 0.36231471 0.36953567 0.37675664 0.3839776 0.38354698 0.38247606 0.37492238 0.35988677 0.34485115 0.32981553 0.31786374 0.30672379 0.29897098 0.2980011 0.29703122 0.29051264 0.28347726 0.27644188 0.27158865 0.27176972 0.2719508 0.27213187 0.27292344 0.27398933 0.27277365 0.26544281 0.25811197 0.24826657 0.23812232 0.22797806 0.2199104 0.21584575 0.2117811 0.20771645 0.1987129 0.18839141 0.17704016 0.16421571 0.15139125 0.13856679 0.12860657 0.1188974 0.11138682 0.10545677 0.10034183 0.097277493 0.094213154 0.091148815 0.095952505 0.10211601 0.10827951 0.1100828 0.10718244 0.1007883 0.082292115 0.06379593
-9999 0.37070247 0.37792344 0.38309671 0.38202579 0.38095487 0.37988395 0.37233027 0.35729465 0.34271006 0.33157011 0.32043016 0.3092902 0.30153739 0.30056751 0.29959764 0.29862776 0.29394377 0.28690839 0.28205516 0.28223623 0.28241731 0.2834765 0.28454239 0.28560827 0.2843926 0.27706176 0.26973092 0.26240008 0.25334456 0.24320031 0.23513264 0.23106799 0.22656463 0.21624315 0.20592166 0.19560017 0.18424893 0.17142447 0.15915598 0.1494468 0.13973763 0.13002846 0.12251788 0.11658783 0.11065779 0.1048627 0.10179836 0.098734021 0.10353771 0.10970121 0.10955004 0.10664968 0.10374933 0.097355185 0.078859 0.061504112
-9999 0.37909024 0.38157551 0.38050459 0.37943367 0.37836275 0.37729183 0.36973815 0.35641643 0.34527647 0.33413652 0.32299657 0.31185662 0.3041038 0.30313393 0.30216405 0.30119417 0.3002243 0.2973749 0.29252167 0.29296367 0.29402956 0.29509545 0.29616133 0.29722722 0.29601154 0.2886807 0.28134986 0.27401902 0.26668818 0.25842255 0.25035489 0.24409489 0.2337734 0.22345191 0.21313042 0.20280894 0.19145769 0.17999621 0.17028704 0.16057786 0.15086869 0.14115952 0.13364894 0.12771889 0.12178885 0.11585881 0.10992876 0.10631923 0.11112292 0.10901728 0.10611692 0.10321657 0.10031621 0.09392207 0.080182736 0.078453716
-9999 0.37764402 0.3765731 0.37550218 0.37443126 0.37336034 0.37228942 0.37331121 0.36217126 0.3510313 0.33989135 0.3287514 0.31761145 0.30772908 0.30675921 0.30578933 0.30481945 0.30384958 0.3028797 0.30252541 0.30359129 0.30465718 0.30572307 0.30678895 0.30785484 0.30451258 0.29730677 0.28997593 0.28264509 0.27531425 0.26798341 0.25963107 0.24930958 0.23898809 0.22866661 0.21834512 0.20802363 0.19836691 0.18865774 0.17894857 0.16923939 0.15953022 0.14982105 0.14199112 0.13606107 0.13013103 0.12420099 0.11827094 0.1123409 0.10892979 0.10602943 0.10312908 0.10022872 0.097328367 0.095790095 0.094342893 0.092613873
-9999 0.36440935 0.36333843 0.36226751 0.36119659 0.36097998 0.36677756 0.37177112 0.37583674 0.36767604 0.35653609 0.34539613 0.33425618 0.32415124 0.31611896 0.31303112 0.31206125 0.31109137 0.31012149 0.3097672 0.31083309 0.31189897 0.31296486 0.31403075 0.30460447 0.29631285 0.29402607 0.28837996 0.28104912 0.27371829 0.26638745 0.2580351 0.24771361 0.23739213 0.22707064 0.21671971 0.20468039 0.19490137 0.18835603 0.17917552 0.16946635 0.15975718 0.150048 0.14188885 0.13487795 0.12894791 0.12301786 0.11708782 0.11115778 0.10761616 0.1045624 0.10166204 0.098761686 0.09586133 0.094323059 0.097502879 0.097246793
-9999 0.35117467 0.35010375 0.34903283 0.35124491 0.35704249 0.36284008 0.36783364 0.37189925 0.37596487 0.37318082 0.36204087 0.35090092 0.34079597 0.33276369 0.32473141 0.31930304 0.31833317 0.31736329 0.317009 0.31807488 0.31914077 0.31746875 0.30693674 0.29640474 0.28811313 0.28582634 0.28353955 0.27945316 0.27212232 0.26479148 0.25643913 0.24611765 0.23579616 0.22491405 0.21287473 0.20083541 0.19105639 0.18451105 0.17796571 0.1696933 0.15998413 0.15027496 0.1421158 0.13507093 0.12802606 0.12183474 0.1159047 0.10997465 0.10643304 0.10330421 0.10019501 0.09729465 0.094394294 0.092856022 0.096035842 0.099215663
-9999 0.33794 0.33686908 0.34150984 0.34730743 0.35310501 0.35890259 0.36389615 0.36796177 0.37202738 0.376093 0.3786856 0.36754565 0.35744071 0.34940842 0.34137614 0.33334386 0.32557496 0.32460508 0.32425079 0.32531668 0.31980103 0.30926902 0.29873702 0.28820501 0.2799134 0.27762661 0.27533982 0.27305304 0.27052635 0.26319551 0.25484316 0.24452168 0.23310838 0.22106906 0.20902975 0.19699043 0.18721141 0.18066607 0.17412073 0.16757539 0.16021109 0.15050191 0.14234276 0.13529788 0.12825301 0.12120814 0.11472158 0.10879153 0.10524992 0.10212108 0.098992254 0.095863423 0.092927258 0.091388986 0.094568806 0.097748626
-9999 0.32597719 0.33177477 0.33757236 0.34336994 0.34916752 0.35496511 0.35995867 0.36402428 0.3680899 0.37215551 0.37622113 0.38028674 0.37408544 0.36605316 0.35802088 0.34998859 0.34195631 0.33392403 0.33149258 0.32213331 0.3116013 0.3010693 0.29053729 0.28000528 0.27171367 0.26942688 0.2671401 0.26485331 0.26256652 0.26027973 0.2532472 0.24130272 0.2292634 0.21722408 0.20518477 0.19314545 0.18336643 0.17682109 0.17027575 0.1637304 0.15718506 0.15063972 0.14256971 0.13552484 0.12847997 0.12143509 0.11439022 0.10760841 0.10406679 0.10093796 0.097809131 0.094680301 0.09155147 0.08992195 0.09310177 0.09628159
-9999 0.31548399 0.32128157 0.32707916 0.33287674 0.33867432 0.3450552 0.35411387 0.3615839 0.36564952 0.36971513 0.37378075 0.37784636 0.38274543 0.38339829 0.375366 0.36733372 0.35930144 0.35126916 0.342481 0.33194899 0.32141698 0.31088497 0.30035297 0.2918336 0.28867146 0.28116633 0.27887954 0.27659276 0.27430597 0.27201918 0.26640125 0.25436193 0.24232261 0.2302833 0.21824398 0.20382239 0.18575455 0.17453645 0.16799111 0.16144576 0.15490042 0.14835508 0.14428413 0.13866384 0.13161896 0.12457409 0.11752922 0.11048435 0.10728834 0.10416753 0.1010387 0.097909865 0.094781034 0.091938248 0.091887534 0.095067354
-9999 0.30214003 0.30793762 0.3137352 0.31953278 0.32641967 0.3336483 0.34270697 0.35387775 0.36386015 0.36792577 0.37199138 0.376057 0.38095606 0.38752416 0.3930157 0.38498342 0.37695113 0.36891885 0.36013069 0.34959868 0.33906667 0.32853467 0.32335654 0.32290651 0.31974437 0.3093131 0.29928956 0.29700277 0.29471599 0.2924292 0.28681127 0.27477195 0.26273263 0.25069331 0.23399713 0.21460185 0.19653401 0.18036527 0.16638498 0.15983964 0.1532943 0.14674896 0.14267801 0.14038586 0.13602427 0.12897939 0.12193452 0.11488965 0.11169364 0.10916283 0.10618712 0.10305829 0.099929459 0.097086673 0.095234709 0.093963047
-9999 0.28879607 0.29459366 0.30055551 0.30778414 0.31501277 0.3222414 0.33130008 0.34247085 0.35364163 0.36481241 0.37020202 0.37426763 0.3791667 0.3857348 0.3923029 0.39887099 0.39460083 0.38656854 0.37778038 0.36724837 0.35671637 0.35487948 0.35442945 0.35397941 0.35081727 0.34038601 0.32995474 0.31952348 0.315126 0.31283922 0.30722128 0.29518197 0.28314265 0.26417188 0.24477659 0.22538131 0.20731347 0.19114473 0.17497598 0.15880724 0.15168818 0.14514283 0.14107188 0.13877974 0.13648759 0.1333847 0.12633983 0.11929495 0.11609895 0.11356813 0.11103732 0.10820672 0.10507788 0.1022351 0.10038313 0.098531171
-9999 0.27545212 0.28191999 0.28914862 0.29637725 0.30360588 0.31083451 0.31989318 0.33106396 0.34223474 0.35340551 0.36457629 0.37247827 0.37737733 0.38394543 0.39051353 0.39708163 0.40364973 0.40421824 0.39543007 0.38685246 0.38640242 0.38595239 0.38550236 0.38505232 0.38189018 0.37145892 0.36102765 0.35059639 0.34016512 0.33324923 0.3276313 0.3137419 0.29434662 0.27495134 0.25555605 0.23616077 0.21809293 0.20192419 0.18575544 0.1695867 0.15341795 0.14353671 0.13946576 0.13717361 0.13488147 0.13258932 0.13029718 0.12370026 0.12050425 0.11797344 0.11544262 0.1129118 0.11022631 0.10738352 0.10553156 0.1036796
-9999 0.26992181 0.27715044 0.28437907 0.2916077 0.29883633 0.30606496 0.31274116 0.32391194 0.33508272 0.3462535 0.35742427 0.36859505 0.37976465 0.38633275 0.39290084 0.39946894 0.40603704 0.41260514 0.41705106 0.41660103 0.416151 0.41570096 0.41525093 0.4148009 0.40718465 0.39675338 0.38632212 0.37589085 0.36545959 0.35502832 0.34153524 0.32213996 0.30274468 0.28334939 0.26395411 0.24455883 0.22848653 0.21231778 0.19614904 0.17998029 0.16381155 0.1476428 0.13875177 0.13645962 0.13416748 0.13187533 0.12958319 0.12729104 0.1247954 0.12226458 0.11973376 0.11720295 0.11467213 0.11215266 0.1103007 0.10844874
-9999 0.29816552 0.30539415 0.31262278 0.31985141 0.32661309 0.3233271 0.3267523 0.33792307 0.34909385 0.36026463 0.37143541 0.38647157 0.39978816 0.4089258 0.41606236 0.42263045 0.42919855 0.43576665 0.44021257 0.43976254 0.43931251 0.43886247 0.43841244 0.43719306 0.42808759 0.39827976 0.38287541 0.37244414 0.36201288 0.35158161 0.33808853 0.31869325 0.29929797 0.27990269 0.2605074 0.24966937 0.2369609 0.22079215 0.20462341 0.18845466 0.17317856 0.16760601 0.15548392 0.14018296 0.13789081 0.13559867 0.13330652 0.13101438 0.12851873 0.12598792 0.1234571 0.12092628 0.11793902 0.1150353 0.11318333 0.11133137
-9999 0.32640922 0.33363785 0.34086648 0.34391022 0.34062422 0.33733823 0.34076343 0.35193421 0.36310499 0.37540516 0.39080857 0.40621198 0.41952858 0.42866621 0.43780384 0.44579196 0.45236006 0.45892816 0.46337408 0.46292405 0.46247402 0.46187737 0.46049593 0.45911449 0.45000902 0.42020119 0.39039336 0.36899744 0.35856617 0.34813491 0.33464183 0.31524654 0.29585126 0.27872331 0.26843352 0.25814374 0.24543527 0.22926652 0.21309778 0.20086308 0.19529052 0.18971797 0.17759587 0.1607654 0.14393492 0.139322 0.13702986 0.13473771 0.13224207 0.12971125 0.12718044 0.12402901 0.12082165 0.11791793 0.11606596 0.114214
-9999 0.35465293 0.36188156 0.36120734 0.35792135 0.35463536 0.35134936 0.35477456 0.36594534 0.37974217 0.39514558 0.41054899 0.42595239 0.43926899 0.44840662 0.45754426 0.46668189 0.47552157 0.48208967 0.48653559 0.48608556 0.48518024 0.4837988 0.48241736 0.48103592 0.47193045 0.44212262 0.41231479 0.38250696 0.35511946 0.3446882 0.33119512 0.31179984 0.29748746 0.28719768 0.27690789 0.26661811 0.25390964 0.23774089 0.22854759 0.22297503 0.21740248 0.21182992 0.19970783 0.18287735 0.16604688 0.1492164 0.14075319 0.13846105 0.1359654 0.13332636 0.130119 0.12691164 0.12370428 0.12080056 0.1189486 0.12288945
-9999 0.38179046 0.37850447 0.37521848 0.37193249 0.36864649 0.3653605 0.3687857 0.38407917 0.39948258 0.41488599 0.4302894 0.44569281 0.4590094 0.46814704 0.47728467 0.4864223 0.49555994 0.50469757 0.5096971 0.50848311 0.50710167 0.50572023 0.50433879 0.50295735 0.49385188 0.46404405 0.43423622 0.40442839 0.37462056 0.34481273 0.32774841 0.31625162 0.30596183 0.29567205 0.28538226 0.27509248 0.26238401 0.2562321 0.25065954 0.24508699 0.23951443 0.23394188 0.22181978 0.20498931 0.18815883 0.17132836 0.15449788 0.14218438 0.13941635 0.13620899 0.13300163 0.12979427 0.12658692 0.12368319 0.13026938 0.13931938
-9999 0.39097259 0.3876866 0.38440061 0.38111462 0.37782862 0.37660283 0.37842102 0.38773437 0.40313778 0.41854119 0.4339446 0.44934801 0.46443366 0.47641569 0.48555332 0.49469095 0.50382859 0.51296622 0.51892304 0.5175416 0.51616016 0.51477872 0.51339728 0.51109881 0.50385171 0.48823116 0.45842333 0.4286155 0.39880767 0.36899984 0.34585873 0.33556895 0.32527917 0.31498938 0.3046996 0.2920822 0.27297827 0.26158319 0.25601064 0.25043808 0.24486553 0.23929297 0.22638339 0.20922352 0.19239304 0.17556257 0.15873209 0.14190162 0.12535297 0.12214561 0.11893826 0.1157309 0.11252354 0.11422912 0.12895377 0.13800377
-9999 0.39741304 0.39412705 0.39084106 0.38755506 0.38860967 0.39125664 0.39307482 0.39393648 0.39766056 0.41306397 0.42846737 0.44387078 0.45895643 0.47340575 0.48730884 0.49644647 0.50558411 0.51472174 0.52067856 0.51929712 0.51791568 0.51653424 0.51187128 0.50395209 0.49670499 0.49125926 0.48389679 0.45408896 0.42428113 0.3944733 0.37133219 0.36104241 0.35075263 0.34046284 0.32487354 0.30581636 0.28671243 0.26754161 0.25184571 0.24627315 0.2407006 0.23512804 0.22221846 0.20403437 0.1864771 0.16964663 0.15281615 0.13598568 0.11884987 0.10166128 0.095253734 0.092046376 0.088839018 0.090544602 0.10926802 0.12661309
-9999 0.40385349 0.4005675 0.39796955 0.40061651 0.40326348 0.40591044 0.40772862 0.40859029 0.40945195 0.41031361 0.42299015 0.43839356 0.45347921 0.46792853 0.48237785 0.49682717 0.50733963 0.51647726 0.52243408 0.52105264 0.51967121 0.51264375 0.50472456 0.49680537 0.48955826 0.48411254 0.47866681 0.47322108 0.44975459 0.41994676 0.39680565 0.38651587 0.37622609 0.35766488 0.3386077 0.31955052 0.30044659 0.28127577 0.26210496 0.24293414 0.23653567 0.23096311 0.21805353 0.19986944 0.18168536 0.16373069 0.14690022 0.13006974 0.11293393 0.095745347 0.078556765 0.068361855 0.065154496 0.06686008 0.085583497 0.10430691
-9999 0.41029394 0.40997639 0.41262335 0.41527032 0.41791728 0.42056425 0.42238243 0.42324409 0.42410575 0.42496741 0.42582908 0.43291633 0.44800198 0.4624513 0.47690062 0.49134994 0.50579926 0.51823278 0.52418961 0.52133542 0.51341623 0.50549703 0.49757784 0.48965865 0.48241154 0.47696582 0.47152009 0.46607436 0.46062863 0.44542022 0.42227911 0.4095134 0.39045622 0.37139904 0.35234186 0.33328468 0.31418075 0.29500993 0.27583912 0.2566683 0.23749748 0.22679818 0.21388859 0.19570451 0.17752043 0.15933634 0.14115226 0.1241538 0.10701799 0.08982941 0.072640828 0.055452245 0.041469975 0.043175559 0.061898975 0.080622392
