P1_models/J1_p1__temp2_slide_140.dat.tif
NCOLS 118
NROWS 92
XLLCORNER 139.62
YLLCORNER -39.07
DX 0.099491525
DY 0.099347826
NODATA_VALUE -9999
[rows 27 to 53 of 92, columns 0 to 59 of 118]
-9999 896.44695 891.81325 885.69611 870.74498 855.79385 840.84272 831.18198 827.62703 824.07209 820.51714 818.63413 817.20993 817.84582 822.60715 827.36849 832.12982 832.98892 832.28353 836.34927 851.42224 866.49521 874.31662 881.25052 888.18441 902.17612 935.08455 967.99297 1000.9014 1018.4054 1029.703 1037.4578 1038.3836 1039.3094 1038.5488 1037.7367 1036.9246 1037.0559 1038.537 1040.018 1041.4991 1049.0734 1057.2296 1063.3949 1068.129 1072.863 1076.0627 1070.1044 1064.1461 1055.5406 1046.4777 1037.4147 1036.4475 1044.4395 1050.0016 1047.1465 1044.2915 1041.4364 1044.7981 1049.2909
-9999 905.36077 896.18969 881.23856 866.28743 851.3363 836.38517 826.72443 823.16949 819.61454 816.05959 812.50465 809.99094 810.62683 815.38816 820.14949 824.91082 829.67216 832.03326 836.099 849.82326 856.75716 863.69105 870.62495 877.55884 891.55055 924.45898 957.3674 990.27583 1023.1843 1046.1668 1053.9217 1054.4584 1053.6463 1052.8342 1052.0221 1051.21 1051.3413 1052.8223 1054.3034 1055.7844 1057.2655 1063.2894 1069.4547 1074.1888 1078.9228 1083.6569 1088.3909 1083.1545 1074.549 1065.4861 1056.4231 1047.3601 1043.1565 1048.7185 1045.8634 1043.0084 1040.1533 1037.2983 1039.2656
-9999 908.19588 893.24475 878.29363 863.3425 848.39137 833.44024 823.43455 819.87961 816.32466 812.76972 809.21477 805.65982 805.67114 810.43247 815.19381 819.95514 824.71647 829.47781 834.89609 841.82998 848.76388 855.69778 862.63167 869.56557 882.65195 915.56037 948.4688 981.37722 1014.2856 1047.1941 1068.5847 1067.7725 1066.9604 1066.1483 1065.3362 1064.5241 1063.6012 1065.0822 1066.5633 1068.0443 1069.5254 1071.0064 1074.3234 1079.0575 1083.7915 1088.5256 1093.2596 1097.9937 1091.9645 1082.9015 1073.8385 1064.7756 1055.7126 1049.4635 1046.6085 1043.7534 1040.8984 1038.0433 1035.1883
-9999 917.70326 902.75213 887.801 872.84987 857.89874 848.94595 838.62103 826.20236 822.64741 819.09246 815.53752 811.98257 813.11867 823.64885 828.87041 833.63174 838.39307 843.15441 848.57269 855.50659 862.44048 869.37438 876.30828 894.6884 914.42535 923.66154 953.78707 986.6955 1019.6039 1052.5123 1073.9029 1073.0908 1072.2787 1071.4666 1070.6545 1068.5518 1065.1595 1060.6678 1062.1489 1063.6299 1065.111 1066.592 1069.7147 1074.121 1078.855 1083.5891 1088.3231 1093.0572 1092.6477 1087.2031 1078.1401 1069.0771 1060.0141 1054.8159 1063.0044 1061.1942 1058.3392 1055.4841 1052.6291
-9999 927.21064 912.25951 897.30838 883.66666 875.37591 867.08517 856.76025 844.08764 831.41503 825.41521 821.86027 818.30532 819.44142 829.9716 840.50179 847.30834 852.06968 856.83101 862.24929 869.18319 876.11709 883.05098 906.0252 929.67998 949.41692 958.65311 967.8893 992.01378 1024.9222 1057.8306 1079.2212 1078.4091 1077.597 1076.6975 1074.2736 1071.8497 1068.4575 1063.6798 1058.9022 1059.2155 1060.6965 1062.1776 1065.3003 1069.6032 1073.9185 1078.6525 1083.3866 1088.1206 1087.7112 1086.4128 1082.4416 1073.3787 1064.3157 1059.1174 1067.3059 1075.4944 1075.78 1072.925 1070.0699
-9999 936.71801 921.76688 910.09662 901.80588 893.51513 885.22439 874.89948 862.22687 849.55426 836.88164 828.18302 824.62807 825.76417 836.29435 846.82453 857.35472 865.74628 870.50761 875.9259 882.85979 893.70723 917.362 941.01678 964.67155 984.4085 993.64468 1002.8809 1012.1171 1030.2405 1063.1489 1084.5395 1083.7274 1082.4193 1079.9954 1077.5715 1075.1477 1071.7554 1066.9777 1062.2001 1057.4224 1056.2821 1057.7632 1060.8859 1065.1888 1069.4917 1073.7947 1078.4501 1083.1841 1082.7747 1081.4763 1080.1779 1077.6802 1068.6172 1063.419 1071.6075 1079.796 1087.9845 1090.3658 1087.5107
-9999 946.22539 936.52659 928.23584 919.9451 911.65436 903.36361 893.0387 880.36609 867.69348 855.02087 842.34826 830.95082 832.08692 842.6171 853.14728 863.67747 874.20765 884.18421 889.6025 905.04403 928.6988 952.35358 976.00835 999.66312 1019.4001 1028.6363 1037.8724 1047.1086 1056.3448 1068.4672 1089.8578 1088.1411 1085.7172 1083.2933 1080.8695 1078.4456 1075.0533 1070.2757 1065.498 1060.7204 1055.9427 1053.3487 1056.4715 1060.7744 1065.0773 1069.3802 1073.6832 1078.2476 1077.8381 1076.5398 1075.2414 1073.943 1072.6447 1067.7205 1075.909 1084.0975 1092.286 1100.4745 1104.9516
-9999 963.68583 955.39509 947.10434 938.8136 930.52286 922.23212 903.32367 890.14736 877.47475 864.80214 852.12953 839.45692 844.58255 859.90782 870.438 880.96819 891.49837 902.02855 916.52741 940.18219 963.83696 987.49173 1011.1465 1034.8013 1042.9254 1051.2959 1060.5321 1069.7683 1079.0044 1088.2406 1093.4941 1091.0702 1088.6463 1086.2225 1083.7986 1081.3747 1079.052 1074.2812 1069.5035 1064.7259 1059.9482 1055.1706 1051.711 1056.014 1060.3169 1064.6198 1068.9227 1073.2256 1076.1782 1074.8799 1073.5815 1072.2831 1070.9848 1070.5735 1077.4642 1085.6527 1093.8412 1102.0297 1110.2182
-9999 983.75711 975.46637 967.17563 958.88489 949.43208 937.10948 918.05608 891.23447 873.47147 860.79885 848.12624 835.45363 840.57927 881.34692 905.81792 916.34811 926.87829 937.40847 951.90733 975.56211 999.21688 1022.8717 1045.1205 1047.4142 1050.4832 1055.6304 1062.8529 1072.0891 1081.3253 1090.5615 1095.815 1093.3911 1090.9672 1088.5433 1086.492 1086.1898 1084.0903 1079.4193 1074.6761 1069.8985 1065.1208 1060.3432 1055.9097 1051.7238 1054.9858 1059.2887 1063.5916 1067.8946 1073.7869 1078.624 1077.3256 1076.0272 1074.7289 1074.3177 1076.9794 1082.6783 1090.8668 1099.0553 1107.2438
-9999 1003.8284 995.53766 987.24691 976.48709 964.1645 951.8419 932.7885 905.96689 879.14528 856.79557 844.12296 831.45035 836.57598 877.34363 918.11128 951.72803 962.25821 972.78839 987.28726 1010.942 1034.5968 1050.3847 1052.6783 1054.9719 1058.0409 1063.1882 1068.3354 1074.41 1083.6461 1092.8823 1098.1358 1095.7119 1093.288 1091.8324 1091.5302 1091.2281 1089.1285 1084.4575 1079.7866 1075.071 1070.2934 1065.5157 1061.0823 1056.8963 1052.7103 1053.9576 1058.2605 1062.5635 1068.4558 1074.6229 1080.7899 1079.7714 1078.473 1078.0618 1080.7235 1083.3853 1087.8924 1096.0809 1104.2694
-9999 1023.8997 1015.6089 1003.5421 991.21951 978.89692 966.57432 947.52092 920.69931 893.8777 867.05609 840.23448 827.44706 832.5727 873.34034 914.10799 954.87564 995.64329 1008.1683 1022.6672 1046.3219 1055.6489 1057.9425 1060.2361 1062.5297 1065.5987 1070.746 1075.8932 1081.0405 1086.1877 1095.2032 1100.4567 1098.0328 1097.1728 1096.8707 1096.5685 1096.2663 1094.1667 1089.4958 1084.8248 1080.1539 1075.4659 1070.6883 1066.2549 1062.0689 1057.8829 1053.6969 1052.9294 1057.2324 1063.1247 1069.2918 1075.4588 1081.6259 1082.2171 1081.8059 1084.4677 1087.1294 1089.7912 1093.1065 1101.2951
-9999 1042.9197 1030.5971 1018.2745 1005.9519 993.62934 981.30674 962.25334 935.43173 908.61012 881.78851 854.9669 828.14529 828.56941 869.33706 910.10471 950.87235 991.64 1032.4076 1058.0471 1060.913 1063.2067 1065.5003 1067.7939 1070.0875 1073.1565 1078.3038 1083.451 1088.5983 1093.7455 1098.8928 1102.8154 1102.5133 1102.2111 1101.9089 1101.6067 1101.3045 1099.205 1094.534 1089.8631 1085.1921 1080.5211 1075.8502 1071.4274 1067.2415 1063.0555 1058.8695 1054.6835 1051.9013 1057.7936 1063.9607 1070.1277 1076.2948 1082.4618 1085.55 1088.2118 1090.8735 1093.5353 1096.197 1098.8588
-9999 1045.2584 1032.9358 1020.6132 1008.2906 995.96802 991.29714 981.27904 954.45743 927.63582 900.81421 873.9926 853.90959 852.18349 871.1354 911.90305 952.6707 993.43834 1034.206 1063.3397 1065.6333 1067.9269 1070.2205 1072.5141 1074.019 1075.9369 1084.0943 1089.2416 1094.3888 1099.5361 1104.6833 1107.9692 1107.667 1107.3649 1107.0627 1106.7605 1103.6219 1096.9916 1092.3207 1087.6497 1082.9788 1078.3078 1074.1369 1073.3401 1071.0351 1066.8491 1062.6632 1058.4772 1054.2912 1058.9326 1065.0997 1071.2668 1077.4338 1084.2529 1093.4554 1096.1172 1098.7789 1101.4407 1104.1024 1102.4911
-9999 1043.4053 1031.0828 1018.7602 1006.4376 1007.2335 1011.7749 1001.7568 974.93518 948.11357 921.29196 907.98131 902.05096 900.32485 907.01798 915.66358 956.43123 997.19887 1037.9665 1067.1002 1069.3938 1071.6874 1073.981 1074.5122 1073.5866 1075.5046 1085.0439 1094.4344 1099.5817 1104.7289 1109.8762 1113.1621 1112.8599 1112.5577 1112.2555 1106.9558 1098.956 1092.3258 1087.6548 1082.9838 1078.3129 1074.3899 1070.6757 1069.8789 1071.1793 1070.1764 1065.9904 1061.8045 1057.6185 1062.2599 1068.427 1074.594 1082.4748 1093.5656 1102.7682 1105.4299 1108.0917 1110.7534 1107.3132 1101.4933
-9999 1041.5523 1029.2297 1018.6285 1023.1699 1027.7113 1032.2526 1022.2345 995.41292 968.59131 962.05302 956.12267 950.19232 948.46622 955.15934 961.85247 968.5456 1000.9594 1041.7271 1070.8607 1073.1543 1075.448 1075.0054 1074.0798 1073.1542 1075.0722 1084.6116 1094.151 1103.6903 1109.9218 1115.0691 1118.355 1118.0528 1117.7506 1110.2897 1102.2899 1094.2901 1087.6599 1082.9889 1078.3569 1074.6428 1070.9287 1067.2145 1066.4177 1067.7181 1069.0185 1069.3177 1065.1318 1060.9458 1065.5872 1071.7543 1080.6968 1091.7876 1102.8784 1112.081 1114.7427 1117.4045 1112.1353 1106.3154 1100.4955
-9999 1039.6992 1034.5649 1039.1062 1043.6476 1048.189 1052.7304 1042.7123 1022.0551 1016.1247 1010.1944 1004.264 998.33369 996.60758 1003.3007 1009.9938 1016.687 1023.3801 1045.4876 1074.6213 1076.4243 1075.4987 1074.5731 1073.6475 1072.7219 1074.6398 1084.1792 1093.7186 1103.258 1112.7973 1120.2619 1123.5478 1121.6234 1113.6236 1105.6238 1097.624 1089.6242 1082.994 1078.6098 1074.8957 1071.1816 1067.4675 1063.7533 1062.9565 1064.2569 1065.5573 1066.8576 1068.158 1064.2731 1068.9145 1078.9187 1090.0096 1101.1004 1112.1912 1121.3937 1122.7773 1116.9574 1111.1375 1105.3176 1099.4977
-9999 1048.7459 1053.2873 1057.8287 1062.37 1066.9114 1071.4528 1070.8247 1064.8944 1058.964 1053.0337 1047.1033 1041.173 1038.7932 1045.4863 1052.1794 1058.8726 1065.5657 1072.2588 1076.6482 1075.7225 1074.7969 1073.8713 1072.9457 1072.0201 1073.465 1083.0043 1092.5437 1102.0831 1111.6225 1121.1619 1124.7104 1116.7106 1108.7108 1100.7111 1092.7113 1084.7115 1080.2027 1076.4886 1072.7745 1069.0603 1065.3462 1061.6321 1061.2336 1062.5339 1063.8343 1065.1347 1066.4351 1067.7354 1077.0853 1088.1762 1099.267 1110.3578 1121.4486 1128.8639 1123.044 1117.2241 1111.4042 1105.5843 1099.7644
-9999 1054.2295 1058.7708 1063.3122 1067.8536 1072.395 1069.9424 1068.1307 1067.745 1061.8147 1055.8843 1049.954 1044.0236 1040.8387 1043.1515 1049.4463 1056.1394 1062.8326 1069.5257 1073.915 1072.9894 1072.0638 1071.1382 1070.2126 1072.13 1075.0187 1077.1782 1085.769 1095.3084 1104.8478 1114.3872 1117.9358 1109.936 1101.9362 1093.9364 1085.9366 1077.7906 1076.451 1084.4732 1080.7591 1077.0449 1073.3308 1069.6167 1070.4544 1073.9209 1075.2213 1076.5216 1077.822 1079.1224 1086.9451 1097.016 1108.1068 1119.1976 1130.2885 1137.7723 1132.7622 1127.0274 1121.2075 1115.3876 1109.5677
-9999 1059.713 1064.2544 1068.7958 1071.7424 1068.6145 1065.4865 1063.6748 1063.3822 1063.0896 1058.735 1052.8046 1046.8743 1043.6893 1046.0022 1048.315 1053.4063 1060.0994 1066.7926 1071.1819 1070.2563 1069.3307 1068.4051 1071.4452 1074.6061 1077.4948 1079.6543 1081.8138 1088.5337 1098.0731 1107.6125 1111.1611 1103.1613 1095.1615 1087.15 1078.9701 1070.7902 1069.4506 1077.8971 1086.3436 1085.0295 1081.3154 1077.6013 1078.439 1082.5488 1086.6082 1087.9086 1089.209 1090.5093 1098.3321 1107.282 1116.9467 1128.0375 1139.1283 1146.6122 1141.6021 1136.592 1131.0108 1125.1909 1119.371
-9999 1065.1966 1069.738 1070.4145 1067.2866 1064.1586 1061.0307 1059.219 1058.9264 1058.6338 1058.3412 1055.6553 1049.7249 1046.54 1048.8528 1051.1656 1053.4785 1057.3663 1064.0594 1068.4488 1067.5232 1067.5996 1070.7605 1073.9213 1077.0821 1079.9709 1082.1304 1084.2898 1086.4493 1091.2985 1100.8378 1104.3864 1096.3866 1088.3294 1080.1495 1071.9696 1063.7898 1062.4502 1070.8967 1079.3432 1087.7897 1089.3 1085.5859 1086.4236 1090.5334 1094.6433 1098.7532 1100.5959 1101.8963 1109.719 1118.669 1127.619 1136.8773 1147.9681 1155.452 1150.4419 1145.4318 1140.4217 1134.9942 1129.1743
-9999 1070.6802 1069.0866 1065.9587 1062.8307 1059.7028 1056.5748 1054.7631 1054.4705 1054.1779 1053.8853 1053.5927 1052.5756 1049.3906 1051.7035 1054.0163 1056.3291 1058.642 1061.3263 1065.7157 1066.9149 1070.0757 1073.2365 1076.3974 1079.5582 1082.447 1084.6065 1086.7659 1088.9254 1091.0849 1094.0632 1097.6117 1089.5089 1081.329 1073.1491 1064.9692 1056.7893 1055.4498 1063.8963 1072.3427 1080.7892 1089.2357 1093.5705 1094.4082 1098.518 1102.6279 1106.7378 1110.8477 1113.2832 1121.106 1130.0559 1139.0059 1147.9559 1156.9059 1164.2919 1159.2818 1154.2716 1149.2615 1144.2514 1138.9776
-9999 1070.0737 1066.9458 1063.8179 1060.6899 1057.562 1054.434 1057.9852 1057.6926 1057.4 1057.1074 1056.8148 1056.5222 1053.7427 1054.4647 1056.7776 1059.0904 1061.4033 1063.7161 1066.2854 1069.4462 1072.6071 1075.7679 1078.9288 1082.0896 1078.5367 1079.3268 1081.4863 1083.6458 1085.8052 1087.9647 1086.5926 1078.4127 1070.2328 1062.0529 1053.873 1045.6931 1054.0012 1062.4477 1070.8942 1079.3407 1087.7872 1095.7382 1099.3687 1103.4786 1107.5884 1111.6983 1115.8082 1119.9181 1128.1548 1137.1048 1146.0547 1155.0047 1163.9547 1164.2102 1159.2 1154.1899 1149.1798 1144.1697 1139.6124
-9999 1071.6121 1068.4841 1065.3562 1062.2283 1062.5943 1069.7248 1073.4093 1073.1166 1072.824 1072.5314 1072.0666 1070.9517 1068.0537 1061.5851 1059.3968 1061.7097 1064.0225 1066.3354 1068.9046 1072.0655 1075.2263 1078.3872 1080.4411 1074.1681 1068.5958 1064.9011 1063.881 1066.0404 1068.1999 1070.3594 1068.9873 1060.8074 1052.6275 1044.4476 1040.585 1051.4852 1061.3759 1069.8224 1078.2689 1086.7154 1092.8627 1095.0251 1098.7196 1103.5154 1107.743 1111.8529 1115.9627 1120.0726 1128.3093 1137.2593 1146.2093 1155.1593 1153.1287 1149.95 1144.9399 1139.9298 1134.9197 1131.821 1132.8223
-9999 1073.1504 1070.0225 1066.8945 1070.888 1078.0184 1085.1489 1088.8333 1088.5407 1088.2481 1087.4925 1086.3776 1085.2626 1082.3646 1075.896 1069.4274 1064.3289 1066.6418 1068.9546 1071.5239 1074.6847 1077.8456 1076.7731 1070.5001 1064.2272 1058.6548 1054.9601 1051.2655 1048.4351 1050.5946 1052.7541 1051.382 1043.2021 1035.0222 1037.0594 1047.9597 1058.8599 1068.7506 1077.1971 1085.6436 1089.9872 1092.1496 1094.312 1098.0065 1102.8023 1107.5982 1112.0074 1116.1173 1120.2271 1128.4639 1137.4139 1144.1686 1141.5186 1138.8686 1135.6898 1130.6797 1125.6696 1124.0296 1125.0309 1126.0323
-9999 1074.6888 1072.0512 1079.1816 1086.312 1093.4425 1100.5729 1104.2574 1103.9648 1102.9184 1101.8035 1100.6885 1099.5735 1096.6756 1090.207 1083.7383 1077.2697 1070.8011 1071.5739 1074.1431 1077.304 1073.105 1066.8321 1060.5592 1054.2862 1048.7138 1045.0192 1041.3245 1037.6298 1033.9351 1035.1488 1033.7766 1025.5967 1033.5339 1044.4341 1055.3344 1066.2346 1076.1253 1084.5718 1087.1117 1089.2741 1091.4365 1093.5989 1097.2934 1102.0892 1106.8851 1111.6809 1116.2718 1120.3817 1128.6184 1132.5585 1129.9084 1127.2584 1124.6084 1121.4297 1116.4195 1116.2382 1117.2395 1118.2408 1119.2422
-9999 1080.3448 1087.4752 1094.6057 1101.7361 1108.8666 1115.997 1119.4593 1118.3443 1117.2294 1116.1144 1114.9994 1113.8845 1110.9865 1104.5179 1098.0493 1091.5807 1085.1121 1078.6435 1075.71 1069.437 1063.1641 1056.8911 1050.6182 1044.3453 1038.7729 1035.0782 1031.3835 1027.6888 1023.9942 1020.2995 1019.1082 1030.0084 1040.9086 1051.8088 1062.7091 1073.6093 1082.0738 1084.2362 1086.3986 1088.561 1090.7234 1092.8858 1096.5803 1101.3761 1106.172 1110.9678 1115.7637 1120.5362 1120.9483 1118.2983 1115.6483 1112.9982 1110.3482 1107.4455 1108.4468 1109.4481 1110.4494 1111.4508 1112.4521
-9999 1087.054 1094.1845 1101.3149 1108.4453 1115.5758 1120.6913 1122.1905 1121.0756 1119.9606 1118.8457 1117.7307 1112.5693 1105.2732 1102.0372 1095.5686 1089.1 1082.6314 1076.1627 1069.7533 1063.4804 1057.2074 1050.9345 1044.6615 1046.2083 1052.2284 1039.1044 1035.4098 1031.7151 1028.0204 1024.3257 1025.6162 1036.5164 1047.4166 1058.3169 1069.2171 1079.5586 1086.2175 1088.3799 1090.5422 1092.7046 1094.867 1097.2195 1095.5358 1095.8118 1100.6076 1105.4035 1110.1993 1114.9952 1113.4424 1110.7923 1108.1423 1105.4923 1105.5199 1111.5163 1112.5176 1113.5189 1114.5202 1115.5215 1119.1413
