P1_models/J1_p1__temp2_slide_5.dat.tif
NCOLS 118
NROWS 92
XLLCORNER 139.62
YLLCORNER -39.07
DX 0.099491525
DY 0.099347826
NODATA_VALUE -9999
[rows 27 to 53 of 92, columns 0 to 59 of 118]
-9999 64.823628 64.556958 64.256355 63.753678 63.251001 62.748324 62.259806 61.787629 61.315452 60.843275 60.529409 60.258988 60.104476 60.18208 60.259683 60.337287 60.31357 60.249232 60.416647 61.118726 61.820805 62.117343 62.364248 62.611153 63.056221 64.032419 65.008616 65.984814 66.192571 66.090719 65.862553 65.390896 64.919238 64.53234 64.148032 63.763725 63.547549 63.571907 63.596265 63.620624 63.670661 63.723152 63.967593 64.350024 64.732455 65.030178 64.822293 64.614408 64.574837 64.564354 64.553872 64.982689 65.897656 66.704525 67.136958 67.569391 68.001823 68.86536 69.807332
-9999 64.523682 64.153221 63.650544 63.147867 62.645191 62.142514 61.653996 61.181819 60.709642 60.237465 59.765288 59.391703 59.237191 59.314794 59.392398 59.470001 59.547605 59.562887 59.730302 60.356955 60.603859 60.850764 61.097669 61.344574 61.789642 62.76584 63.742037 64.718234 65.694432 66.175481 65.947316 65.49521 65.110903 64.726596 64.342289 63.957982 63.741806 63.766164 63.790522 63.81488 63.839239 63.882742 64.127183 64.509615 64.892046 65.274478 65.656909 65.48888 65.449309 65.438827 65.428345 65.417862 65.671058 66.477927 66.91036 67.342793 67.775226 68.207659 68.974501
-9999 64.109822 63.607145 63.104468 62.601791 62.099114 61.596438 61.070531 60.598354 60.126177 59.654 59.181823 58.709646 58.436096 58.5137 58.591303 58.668907 58.74651 58.824113 58.952911 59.199816 59.446721 59.693625 59.94053 60.187435 60.668083 61.644281 62.620478 63.596675 64.572873 65.54907 66.060564 65.676256 65.291949 64.907642 64.523335 64.139028 63.857371 63.881729 63.906087 63.930445 63.954804 63.979162 64.215844 64.598275 64.980707 65.363138 65.74557 66.128001 66.165619 66.155137 66.144655 66.134173 66.123691 66.296709 66.729141 67.161574 67.594007 68.02644 68.458873
-9999 64.055498 63.552821 63.050144 62.547467 62.04479 61.59044 60.982118 60.198849 59.726672 59.254495 58.782318 58.310141 58.058511 58.24854 58.335113 58.412716 58.490319 58.567923 58.69672 58.943625 59.19053 59.437435 59.68434 60.406856 61.237138 61.768828 62.692769 63.668967 64.645164 65.621361 66.132855 65.748548 65.364241 64.979934 64.595627 64.116535 63.678387 63.349478 63.373836 63.398195 63.422553 63.446911 63.697357 64.103016 64.485447 64.867879 65.25031 65.632742 65.615324 65.569408 65.558925 65.548443 65.537961 65.773206 66.859618 67.353929 67.786361 68.218794 68.651227
-9999 64.001173 63.498497 62.99582 62.503692 62.054676 61.605659 60.997337 60.205156 59.412975 58.85499 58.382813 57.910636 57.659006 57.849035 58.039064 58.156525 58.234129 58.311732 58.44053 58.687435 58.934339 59.181244 60.094653 61.036341 61.866623 62.398313 62.930002 63.741258 64.717455 65.693653 66.205146 65.820839 65.436532 65.045809 64.543124 64.040439 63.602291 63.256472 62.910653 62.865944 62.890302 62.914661 63.165106 63.578083 63.990188 64.372619 64.755051 65.137482 65.120065 65.033543 64.973196 64.962714 64.952232 65.187476 66.273888 67.3603 67.978716 68.411149 68.843581
-9999 63.946849 63.444172 62.967928 62.518912 62.069895 61.620878 61.012556 60.220375 59.428194 58.636013 57.983308 57.511131 57.259501 57.44953 57.639559 57.829588 57.977938 58.055542 58.184339 58.431244 58.840764 59.782451 60.724138 61.665825 62.496108 63.027797 63.559487 64.091176 64.789747 65.765944 66.277438 65.893131 65.472398 64.969713 64.467028 63.964342 63.526194 63.180375 62.834557 62.488738 62.358052 62.38241 62.632856 63.045833 63.45881 63.871787 64.259791 64.642223 64.624805 64.538283 64.451761 64.376984 64.366502 64.601747 65.688159 66.774571 67.860983 68.603503 69.035936
-9999 63.892525 63.432164 62.983147 62.534131 62.085114 61.636097 61.027775 60.235594 59.443414 58.651233 57.859052 57.111626 56.859996 57.050025 57.240054 57.430083 57.620111 57.799351 57.928149 58.528561 59.470248 60.411936 61.353623 62.29531 63.125593 63.657282 64.188972 64.720661 65.25235 65.838236 66.349729 65.898987 65.396302 64.893617 64.390931 63.888246 63.450098 63.104279 62.75846 62.412642 62.066823 61.850159 62.100605 62.513582 62.926559 63.339536 63.752513 64.146963 64.129546 64.043024 63.956502 63.869979 63.783457 64.016017 65.102429 66.188841 67.275253 68.361665 69.22829
-9999 64.073264 63.624247 63.175231 62.726214 62.277197 61.828181 60.808399 59.995286 59.203106 58.410925 57.618744 56.826563 56.75709 57.135475 57.325504 57.515533 57.705562 57.895591 58.31291 59.254597 60.196284 61.137972 62.079659 63.021346 63.446566 63.953943 64.485633 65.017322 65.549011 66.080701 66.259082 65.756397 65.253712 64.751026 64.248341 63.745656 63.519422 63.174216 62.828397 62.482579 62.13676 61.790941 61.598226 62.011203 62.42418 62.837157 63.250134 63.663111 63.677586 63.591064 63.504542 63.41802 63.331498 63.415241 64.404693 65.491105 66.577516 67.663928 68.75034
-9999 64.557045 64.108028 63.659011 63.209995 62.68111 61.954985 60.925241 59.545081 58.541363 57.749182 56.957001 56.16482 56.095347 57.473139 58.21078 58.400809 58.590837 58.780866 59.198185 60.139873 61.08156 62.023247 62.914886 63.096126 63.341387 63.75824 64.233375 64.765065 65.296754 65.828444 66.006825 65.50414 65.001454 64.498769 64.071626 63.999115 63.818113 63.481901 63.139183 62.793365 62.447546 62.101727 61.838185 61.633791 61.971068 62.384045 62.797022 63.209999 63.247981 63.210519 63.123997 63.037475 62.950953 63.034696 63.708218 64.608637 65.695049 66.78146 67.867872
-9999 65.040825 64.591809 64.142792 63.524076 62.797951 62.071826 61.042082 59.661923 58.281763 57.087439 56.295258 55.503077 55.433604 56.811396 58.189188 59.286084 59.476113 59.666142 60.083461 61.025148 61.966835 62.628466 62.809707 62.990947 63.236208 63.653061 64.069913 64.512808 65.044497 65.576187 65.754568 65.251882 64.749197 64.442828 64.370317 64.297806 64.116805 63.780592 63.444379 63.10415 62.758332 62.412513 62.148971 61.944577 61.740183 61.930932 62.343909 62.756886 62.794868 62.768041 62.741214 62.656929 62.570407 62.654151 63.327673 64.001195 64.812581 65.898993 66.985405
-9999 65.524606 65.07559 64.367043 63.640918 62.914793 62.188668 61.158924 59.778764 58.398605 57.018445 55.638286 54.841334 54.771861 56.149653 57.527445 58.905237 60.283029 60.551417 60.968736 61.910424 62.342047 62.523287 62.704528 62.885768 63.131029 63.547882 63.964734 64.381587 64.79844 65.32393 65.502311 64.999625 64.81403 64.741519 64.669008 64.596498 64.415496 64.079283 63.743071 63.406858 63.069118 62.723299 62.459757 62.255363 62.050969 61.846575 61.890797 62.303774 62.341756 62.314929 62.288102 62.261274 62.189862 62.273605 62.947127 63.620649 64.294172 65.016525 66.102937
-9999 65.936135 65.21001 64.483885 63.75776 63.031635 62.30551 61.275766 59.895606 58.515447 57.135287 55.755128 54.374968 54.110118 55.48791 56.865702 58.243494 59.621286 60.999078 61.854012 62.055627 62.236868 62.418108 62.599348 62.780589 63.02585 63.442703 63.859555 64.276408 64.69326 65.110113 65.257743 65.185232 65.112721 65.040211 64.9677 64.895189 64.714188 64.377975 64.041762 63.705549 63.369337 63.033124 62.770543 62.566149 62.361755 62.157361 61.952967 61.850661 61.888644 61.861816 61.834989 61.808162 61.781335 61.89306 62.566582 63.240104 63.913626 64.587148 65.26067
-9999 65.868508 65.142383 64.416258 63.690133 62.964008 62.561725 61.914379 60.53422 59.15406 57.773901 56.393741 55.251533 55.080622 56.071448 57.44924 58.827032 60.204824 61.582615 62.598588 62.779828 62.961069 63.142309 63.32355 63.250873 62.945633 63.877694 64.294546 64.711399 65.128252 65.545104 65.794806 65.722296 65.649785 65.577274 65.504763 65.234597 64.737871 64.401659 64.065446 63.729233 63.39302 63.153807 63.1685 63.079963 62.875569 62.671175 62.466781 62.262387 62.209393 62.182566 62.155739 62.128912 62.113989 62.313813 62.987335 63.660857 64.334379 65.007901 65.145994
-9999 65.738492 65.012367 64.286242 63.560117 63.389205 63.376809 62.729463 61.349304 59.969144 58.588985 57.68592 57.043466 56.872554 57.645935 58.453949 59.831741 61.209532 62.587324 63.603297 63.784537 63.965778 64.147018 63.760877 62.905747 62.600508 63.769112 64.912231 65.329083 65.745936 66.162789 66.412491 66.33998 66.267469 66.194958 65.774191 65.165269 64.668544 64.332331 63.996118 63.659906 63.468772 63.318162 63.332856 63.466384 63.458049 63.253655 63.049261 62.844867 62.791874 62.765047 62.73822 62.742682 62.805752 63.005576 63.679098 64.35262 65.026143 64.935064 64.545803
-9999 65.608476 64.882351 64.22908 64.216685 64.204289 64.191893 63.544548 62.164388 60.784229 60.120307 59.477852 58.835398 58.664487 59.437868 60.211248 60.984629 62.214241 63.592033 64.608006 64.789246 64.970486 64.270881 63.415751 62.560622 62.255382 63.423986 64.59259 65.761194 66.36362 66.780473 67.030175 66.957664 66.885153 66.313786 65.704864 65.095942 64.599216 64.263004 63.934347 63.783737 63.633128 63.482518 63.497212 63.63074 63.764268 63.836136 63.631742 63.427348 63.374355 63.347527 63.371374 63.434445 63.497515 63.697339 64.370862 65.044384 64.724134 64.334873 63.945613
-9999 65.47846 65.05656 65.044164 65.031769 65.019373 65.006977 64.359632 63.197148 62.554693 61.912239 61.269785 60.627331 60.456419 61.2298 62.003181 62.776562 63.549942 64.596742 65.612715 65.636015 64.780885 63.925755 63.070626 62.215496 61.910256 63.07886 64.247464 65.416068 66.584672 67.398157 67.647859 67.462302 66.85338 66.244458 65.635536 65.026614 64.529889 64.249312 64.098703 63.948093 63.797484 63.646874 63.661568 63.795096 63.928624 64.062152 64.19568 64.009829 63.956835 64.000067 64.063138 64.126208 64.189279 64.389103 64.902465 64.513204 64.123943 63.734683 63.345422
-9999 65.954836 65.94244 65.930045 65.917649 65.905253 65.892858 65.432472 64.790017 64.147563 63.505109 62.862654 62.2202 61.982971 62.756351 63.529732 64.303113 65.076494 65.849875 66.130818 65.275689 64.420559 63.565429 62.7103 61.85517 61.498756 62.66736 63.835964 65.004568 66.173172 67.341776 67.903235 67.294313 66.685391 66.076469 65.467547 64.858626 64.643599 64.492989 64.34238 64.19177 64.041161 63.890551 63.976933 64.110461 64.243989 64.377517 64.511045 64.644573 64.687812 64.750882 64.813953 64.877023 64.940094 64.869466 64.480205 64.090945 63.701684 63.312423 62.923163
-9999 67.374664 67.362269 67.349873 67.337477 67.325082 65.96095 65.074213 64.881544 64.23909 63.596636 62.954181 62.311727 61.99281 62.321795 63.054765 63.828146 64.601527 65.374907 65.655851 64.800721 63.945592 63.090462 62.235332 61.651879 61.428373 61.851127 62.923867 64.09247 65.261074 66.429678 66.991137 66.382215 65.773294 65.164372 64.55545 64.263521 64.495192 65.334909 65.1843 65.03369 64.883081 64.732471 65.041344 65.564744 65.698272 65.8318 65.965328 66.098856 65.987349 65.947072 66.010143 66.073214 66.136284 66.045964 65.42432 65.010652 64.621391 64.232131 63.84287
-9999 68.794493 68.782097 68.769701 68.449084 66.954428 65.459772 64.573035 64.387915 64.202796 63.688162 63.045708 62.403254 62.084337 62.413322 62.742307 63.353179 64.126559 64.89994 65.180884 64.325754 63.470625 62.615495 62.139333 61.674707 61.451201 61.873956 62.296711 63.180373 64.348977 65.517581 66.07904 65.470118 64.861196 64.277727 64.059351 63.840976 64.072646 64.948172 65.823697 65.87561 65.725 65.574391 65.883264 66.522453 67.152555 67.286083 67.419611 67.553139 67.441632 67.287775 67.206333 67.269404 67.332474 67.242155 66.62051 65.998866 65.541098 65.151838 64.762577
-9999 70.214321 70.201925 69.442562 67.947906 66.45325 64.958594 64.071857 63.886737 63.701618 63.516498 63.137235 62.494781 62.175864 62.504849 62.833834 63.16282 63.651592 64.424973 64.705917 63.850787 63.091413 62.626787 62.162162 61.697536 61.47403 61.896785 62.31954 62.742294 63.436879 64.605483 65.166942 64.55802 64.073557 63.855181 63.636806 63.41843 63.650101 64.525626 65.401152 66.276677 66.56692 66.416311 66.725184 67.364373 68.003563 68.642752 68.873894 69.007422 68.895915 68.742058 68.588202 68.465594 68.528664 68.438345 67.8167 67.195056 66.573412 66.071545 65.682284
-9999 71.634149 70.436041 68.941384 67.446728 65.952072 64.457416 63.570679 63.385559 63.20044 63.01532 62.830201 62.586307 62.267391 62.596376 62.925361 63.254346 63.583332 63.950006 64.23095 63.578867 63.114241 62.649616 62.184991 61.720365 61.496859 61.919614 62.342368 62.765123 63.187878 63.693385 64.254845 63.869387 63.651011 63.432636 63.21426 62.995885 63.227556 64.103081 64.978606 65.854132 66.729657 67.258231 67.567104 68.206293 68.845483 69.484672 70.123862 70.461705 70.350198 70.196341 70.042485 69.888628 69.734772 69.634535 69.01289 68.391246 67.769602 67.147957 66.601992
-9999 71.041143 69.546486 68.05183 66.557174 65.062518 63.567861 63.603358 63.418239 63.233119 63.048 62.86288 62.677761 62.657618 62.801769 63.130754 63.459739 63.788725 64.11771 64.206719 63.742094 63.277468 62.812843 62.348218 61.883592 61.276119 61.610042 62.032797 62.455552 62.878306 63.301061 63.504827 63.286451 63.068076 62.8497 62.631325 62.412949 63.353434 64.228959 65.104485 65.98001 66.855536 67.679818 68.017867 68.657056 69.296246 69.935435 70.574624 71.213814 71.17682 71.022963 70.869107 70.71525 70.561394 70.138095 69.516451 68.894806 68.273162 67.651518 67.051728
-9999 69.534367 68.039711 66.545055 65.050398 64.156597 64.42604 64.484463 64.299344 64.114224 63.929105 63.87761 64.330541 64.402386 63.711086 63.517107 63.846092 64.175077 64.504063 64.593072 64.128446 63.663821 63.199196 62.670499 61.659831 60.935467 60.978467 61.194964 61.617718 62.040473 62.463228 62.666993 62.448618 62.230242 62.011867 62.110681 63.294124 64.350886 65.226411 66.101937 66.977462 67.615191 67.840762 68.154341 68.531186 69.125367 69.764557 70.403746 71.042935 71.005942 70.852085 70.698229 70.544372 70.065769 69.540904 68.91926 68.297616 67.675971 67.146579 66.815059
-9999 68.027592 66.532936 65.038279 64.768259 65.037702 65.307144 65.365568 65.180449 64.995329 65.169447 65.622378 66.075309 66.147155 65.455855 64.764554 64.232445 64.56143 64.890415 64.979425 64.514799 64.050174 63.340515 62.329847 61.319178 60.594814 60.637814 60.680815 60.779885 61.20264 61.625394 61.82916 61.610785 61.392409 61.92469 63.108133 64.291577 65.348338 66.223864 67.099389 67.550563 67.776134 68.001705 68.315284 68.69213 69.068976 69.593678 70.232868 70.872057 70.835064 70.681207 70.462427 69.965503 69.468578 68.943714 68.322069 67.700425 67.241431 66.909911 66.578391
-9999 66.520817 65.110479 65.379921 65.649364 65.918807 66.188249 66.246673 66.061553 66.461285 66.914216 67.367147 67.820078 67.891923 67.200623 66.509323 65.818023 65.126722 65.276768 65.365777 64.901152 64.01053 62.999862 61.989194 60.978526 60.254161 60.297162 60.340162 60.383163 60.426163 60.787561 60.991327 60.772951 61.738699 62.922142 64.105586 65.289029 66.34579 67.221316 67.485935 67.711506 67.937078 68.162649 68.476227 68.853073 69.229919 69.606765 70.06199 70.701179 70.664185 70.362161 69.865236 69.368312 68.871387 68.346523 67.724878 67.336282 67.004762 66.673242 66.341722
-9999 65.722141 65.991584 66.261026 66.530469 66.799911 67.069354 67.300191 67.753122 68.206053 68.658984 69.111915 69.564847 69.636692 68.945392 68.254092 67.562791 66.871491 66.180191 65.691214 64.680545 63.669877 62.659209 61.648541 60.637873 59.913509 59.956509 59.99951 60.04251 60.085511 60.128511 60.369265 61.552708 62.736151 63.919594 65.103038 66.286481 67.195736 67.421307 67.646878 67.87245 68.098021 68.323592 68.637171 69.014017 69.390863 69.767709 70.144555 70.530301 70.261895 69.76497 69.268046 68.771121 68.274196 67.762654 67.431134 67.099614 66.768094 66.436574 66.105054
-9999 66.235116 66.504558 66.774001 67.043444 67.312886 67.638956 68.044262 68.497193 68.950125 69.403056 69.855987 69.903862 69.854698 70.237304 69.546004 68.854703 68.163403 67.472103 66.684231 65.673562 64.662894 63.652226 62.641558 61.929296 61.514384 60.79374 60.836741 60.879741 60.922742 60.965743 61.398281 62.581724 63.765168 64.948611 66.132054 67.107858 67.656928 67.882499 68.108071 68.333642 68.559213 68.715232 68.833458 69.085929 69.462775 69.839621 70.216467 70.593313 70.225147 69.728222 69.231298 68.734373 68.264752 67.884704 67.553184 67.221664 66.890144 66.558624 67.011817
