P1_models/J1_p1_vp_slide_diff2_280.dat.tif
NCOLS 118
NROWS 92
XLLCORNER 139.62
YLLCORNER -39.07
DX 0.099491525
DY 0.099347826
NODATA_VALUE -9999
[rows 48 to 71 of 92, columns 54 to 107 of 118]
-0.10178243 -0.099579225 -0.097376021 -0.095172817 -0.092969613 -0.091402602 -0.090741448 -0.087554343 -0.084367239 -0.081180134 -0.07799303 -0.074805926 -0.077329088 -0.080048463 -0.082767838 -0.085487213 -0.088206587 -0.086057967 -0.08924188 -0.092425793 -0.095609706 -0.09879362 -0.10127359 -0.096617847 -0.085912747 -0.075207646 -0.064502546 -0.053797445 -0.054164089 -0.059646072 -0.065128055 -0.070610039 -0.076092022 -0.073761837 -0.071810385 -0.069543856 -0.067277326 -0.065010797 -0.063005839 -0.06951317 -0.076020501 -0.082527832 -0.089035163 -0.097159964 -0.097594324 -0.096876454 -0.096158584 -0.095440715 -0.094423044 -0.098166675 -0.10520092 -0.11223517 -0.11926942 -0.12599602
-0.10725605 -0.10505285 -0.10284964 -0.10064644 -0.10112873 -0.10737111 -0.10639977 -0.10052639 -0.096997659 -0.093810555 -0.09062345 -0.087436346 -0.089959509 -0.092678883 -0.095398258 -0.096713612 -0.088673069 -0.085556371 -0.088740284 -0.091924197 -0.09510811 -0.097273478 -0.098956133 -0.10190202 -0.099649902 -0.088944801 -0.078239701 -0.0675346 -0.067901244 -0.073383227 -0.078865211 -0.084347194 -0.076349297 -0.071439968 -0.072411042 -0.071029658 -0.068763128 -0.066496599 -0.064491641 -0.070998972 -0.077506303 -0.084013634 -0.092763433 -0.10401651 -0.10445087 -0.103733 -0.10301513 -0.10162182 -0.098462968 -0.1022066 -0.10924085 -0.1162751 -0.12258124 -0.12577591
-0.11272968 -0.11052647 -0.10832327 -0.11085485 -0.11709723 -0.12333962 -0.12236827 -0.1164949 -0.11062152 -0.10644097 -0.10325387 -0.10006677 -0.10258993 -0.1053093 -0.10425256 -0.096212016 -0.088171473 -0.085054775 -0.088238688 -0.091422601 -0.093287515 -0.094956025 -0.096638679 -0.099584567 -0.10253045 -0.10268196 -0.091976856 -0.081271755 -0.0816384 -0.087120383 -0.090372947 -0.082200188 -0.074027428 -0.069118099 -0.070089173 -0.071060248 -0.07024893 -0.0679824 -0.065977443 -0.072484774 -0.078992105 -0.088366902 -0.099619978 -0.11087306 -0.11130741 -0.11058954 -0.1088206 -0.10566175 -0.10250289 -0.10624652 -0.11328077 -0.11916646 -0.12236113 -0.1255558
-0.1182033 -0.1160001 -0.12058098 -0.12682336 -0.13306574 -0.13930812 -0.13833678 -0.1324634 -0.12659003 -0.12071665 -0.11588429 -0.11269719 -0.11522035 -0.11179151 -0.10375096 -0.09571042 -0.087669876 -0.084553179 -0.087633042 -0.089301552 -0.090970061 -0.092638571 -0.094321226 -0.097267113 -0.100213 -0.10315889 -0.10571401 -0.095008911 -0.095375555 -0.096223838 -0.088051078 -0.079878319 -0.071705559 -0.066796229 -0.067767304 -0.068738379 -0.069709454 -0.069468202 -0.067463244 -0.073970575 -0.08397037 -0.095223447 -0.10647652 -0.1177296 -0.11816396 -0.11601938 -0.11286053 -0.10970167 -0.10654282 -0.11028645 -0.11575167 -0.11894635 -0.12214102 -0.12533569
-0.12406472 -0.1303071 -0.13654948 -0.14279187 -0.14903425 -0.15527663 -0.15430529 -0.14843191 -0.14255854 -0.13668516 -0.13081178 -0.12532761 -0.11933045 -0.11128991 -0.10324937 -0.095208824 -0.08716828 -0.083647079 -0.085315588 -0.086984098 -0.088652608 -0.090321118 -0.092003772 -0.09494966 -0.097895548 -0.10084144 -0.10378732 -0.10673321 -0.10207473 -0.093901969 -0.085729209 -0.07755645 -0.06938369 -0.06447436 -0.065445435 -0.06641651 -0.067387585 -0.06835866 -0.068949046 -0.079573839 -0.090826916 -0.10207999 -0.11333307 -0.12458615 -0.12321816 -0.12005931 -0.11690045 -0.1137416 -0.11058274 -0.11233689 -0.11553156 -0.11872624 -0.12192091 -0.12511558
-0.11710914 -0.12335152 -0.1295939 -0.13583628 -0.14207867 -0.15596782 -0.15841252 -0.15145865 -0.14558528 -0.1397119 -0.13383853 -0.12796515 -0.1199966 -0.11195606 -0.10391552 -0.095874972 -0.092816484 -0.095095081 -0.096763591 -0.0984321 -0.10010061 -0.10161339 -0.093238355 -0.097942298 -0.10088819 -0.10383407 -0.10677996 -0.10972585 -0.10506673 -0.096893974 -0.088721215 -0.080548455 -0.073173482 -0.071737156 -0.076187512 -0.077158587 -0.078129662 -0.079100737 -0.080378345 -0.091631422 -0.1028845 -0.11413758 -0.12539065 -0.11956038 -0.11585914 -0.11270028 -0.10954143 -0.10638257 -0.11199854 -0.11753953 -0.1207342 -0.12392887 -0.12712355 -0.12393175
-0.10631824 -0.11256062 -0.118803 -0.12504538 -0.14152388 -0.15977436 -0.16221905 -0.15392306 -0.1464468 -0.14057342 -0.13470005 -0.12882667 -0.12085812 -0.11281758 -0.10477703 -0.10381215 -0.10656752 -0.10884612 -0.11051463 -0.11218314 -0.11194093 -0.10341893 -0.095043893 -0.099793769 -0.10454364 -0.10771512 -0.11066101 -0.11360689 -0.10894778 -0.10077502 -0.092602259 -0.085577858 -0.079734326 -0.078298 -0.084803056 -0.090086331 -0.091057406 -0.092028481 -0.093306089 -0.10455917 -0.11581224 -0.12706532 -0.11908813 -0.11029425 -0.10659301 -0.10343416 -0.1002753 -0.10764575 -0.11810843 -0.12364942 -0.12684409 -0.13003877 -0.1259091 -0.1181199
-0.095527333 -0.10176972 -0.10882946 -0.12707994 -0.14533041 -0.16358089 -0.16602559 -0.15772959 -0.1494336 -0.14143494 -0.13556157 -0.12968819 -0.12171964 -0.1136791 -0.11480781 -0.11756318 -0.12031855 -0.12259715 -0.12426566 -0.12226847 -0.11374647 -0.10522447 -0.096849432 -0.10159931 -0.10634918 -0.11109906 -0.11454205 -0.11748794 -0.11282882 -0.10465606 -0.097982233 -0.092138702 -0.08629517 -0.084858844 -0.0913639 -0.097868956 -0.10398515 -0.10495622 -0.10623383 -0.11748691 -0.12740976 -0.11861588 -0.109822 -0.10102812 -0.097326883 -0.094168027 -0.10329296 -0.11375564 -0.12421832 -0.12975931 -0.13295398 -0.12788644 -0.12009725 -0.11230806
-0.084736432 -0.094385515 -0.11263599 -0.13088647 -0.14913695 -0.16738742 -0.16983212 -0.16153613 -0.15324013 -0.14494414 -0.13664814 -0.13054971 -0.1230481 -0.12580347 -0.12855884 -0.13131422 -0.13406959 -0.13634819 -0.13259602 -0.12407401 -0.11555201 -0.10703001 -0.098654971 -0.10340485 -0.10815472 -0.1129046 -0.11765447 -0.12136898 -0.11670987 -0.11038661 -0.10454308 -0.098699546 -0.092856014 -0.091419688 -0.097924744 -0.1044298 -0.11093486 -0.11743991 -0.11916158 -0.12693751 -0.11814363 -0.10934975 -0.10055587 -0.091761993 -0.088477485 -0.098940167 -0.10940285 -0.11986553 -0.13032821 -0.1358692 -0.12986378 -0.12207459 -0.1142854 -0.10649621
-0.076784641 -0.094674557 -0.11292503 -0.13117551 -0.14942599 -0.16767646 -0.17060126 -0.16230527 -0.15400927 -0.14571328 -0.13741729 -0.12912129 -0.13174389 -0.13449926 -0.13725463 -0.14001001 -0.14276538 -0.14057369 -0.13205169 -0.12352969 -0.11500769 -0.10648569 -0.099420426 -0.10382402 -0.1085739 -0.11332377 -0.11807365 -0.12282352 -0.12032765 -0.11448412 -0.10864059 -0.10279706 -0.096953528 -0.094004701 -0.10050976 -0.10701481 -0.11351987 -0.12002493 -0.12607388 -0.11728 -0.10848612 -0.09969224 -0.09089836 -0.083439107 -0.093195126 -0.10365781 -0.11412049 -0.12458317 -0.13504585 -0.13347258 -0.12568339 -0.11789419 -0.110105 -0.10231581
-0.072864155 -0.084834229 -0.10120022 -0.1194507 -0.13770118 -0.15595165 -0.15941206 -0.15270032 -0.14440433 -0.13610833 -0.12781234 -0.11951634 -0.12272428 -0.12592908 -0.12868445 -0.13143982 -0.1341952 -0.13200351 -0.12348151 -0.1149595 -0.1064375 -0.10026224 -0.096699841 -0.10009325 -0.10425801 -0.10900788 -0.11375776 -0.11850763 -0.11601176 -0.11016823 -0.1043247 -0.098481169 -0.092035786 -0.088357303 -0.089936778 -0.096020542 -0.1025256 -0.10903065 -0.11507961 -0.10628573 -0.097491849 -0.088697968 -0.082336899 -0.081881774 -0.092483934 -0.10362028 -0.11408296 -0.12454564 -0.13500832 -0.13398369 -0.12707514 -0.11928595 -0.11149676 -0.10370756
-0.068943669 -0.080913743 -0.092883818 -0.10772589 -0.12597637 -0.14422684 -0.14768725 -0.14109718 -0.13450711 -0.12650338 -0.11820739 -0.1099114 -0.11311933 -0.11672255 -0.12011426 -0.12286964 -0.12562501 -0.12343332 -0.11491132 -0.10638932 -0.10118194 -0.097541655 -0.093979256 -0.097372668 -0.10076608 -0.10469199 -0.10944187 -0.11419174 -0.11169587 -0.10585234 -0.10000881 -0.093430852 -0.086834376 -0.083155893 -0.084735367 -0.086314842 -0.091531326 -0.098036382 -0.10408534 -0.095291457 -0.086497577 -0.081234692 -0.080779567 -0.080324442 -0.090926601 -0.1027064 -0.11404543 -0.12450811 -0.13497079 -0.13394616 -0.12744518 -0.1206777 -0.11288851 -0.10509932
-0.065023183 -0.076993257 -0.088963332 -0.10093341 -0.11425156 -0.13250203 -0.13596244 -0.12937237 -0.1227823 -0.11619223 -0.10860244 -0.10030645 -0.10351438 -0.1071176 -0.11072082 -0.11429945 -0.11705482 -0.11486314 -0.10634114 -0.10210164 -0.098461354 -0.09482107 -0.091258671 -0.094652083 -0.098045495 -0.10143891 -0.10512598 -0.10987585 -0.10737998 -0.10142239 -0.094825917 -0.088229441 -0.081632965 -0.077954482 -0.079533957 -0.081113432 -0.082692907 -0.08704211 -0.093091066 -0.084297185 -0.080132485 -0.07967736 -0.079222235 -0.07876711 -0.089369269 -0.10114907 -0.11292886 -0.12447058 -0.13493326 -0.13390863 -0.12740765 -0.12090668 -0.11428026 -0.10649107
-0.061102697 -0.073072772 -0.085042846 -0.09701292 -0.10898299 -0.12095307 -0.12423763 -0.11764756 -0.11105749 -0.10446742 -0.097877352 -0.0907015 -0.093909432 -0.097512653 -0.10111587 -0.1047191 -0.10832232 -0.10666162 -0.10302134 -0.099381053 -0.095740769 -0.092100484 -0.088538086 -0.091931498 -0.09532491 -0.098718322 -0.10211173 -0.10555996 -0.10281746 -0.096220982 -0.089624506 -0.08302803 -0.076431554 -0.072753071 -0.074332546 -0.075912021 -0.077491496 -0.079070971 -0.082096794 -0.079030277 -0.078575152 -0.078120027 -0.077664902 -0.077209777 -0.087811937 -0.099591733 -0.11137153 -0.12315133 -0.13489573 -0.1338711 -0.12737012 -0.12086915 -0.11436817 -0.10786719
-0.064516743 -0.061143318 -0.073113393 -0.085083467 -0.097053541 -0.10902361 -0.12346251 -0.12301789 -0.11642782 -0.10983775 -0.10324768 -0.096657614 -0.079758243 -0.083361464 -0.086964685 -0.090567906 -0.094171128 -0.094596832 -0.090956547 -0.087316263 -0.083675979 -0.080035694 -0.094765685 -0.084858387 -0.088251799 -0.091645211 -0.095038623 -0.098432035 -0.0949925 -0.088396024 -0.081799548 -0.075203072 -0.070743128 -0.075955289 -0.078971555 -0.08055103 -0.082130504 -0.083709979 -0.085228797 -0.084773673 -0.084318548 -0.083863423 -0.083408298 -0.084718634 -0.076607901 -0.088387697 -0.10016749 -0.11194729 -0.12372709 -0.13913276 -0.13490273 -0.12840176 -0.12190078 -0.11539981
-0.078802078 -0.066873577 -0.057701233 -0.069671307 -0.081641381 -0.093611456 -0.10805035 -0.12416691 -0.12923199 -0.12264192 -0.11605185 -0.10946178 -0.089807779 -0.069704883 -0.070836559 -0.07443978 -0.078043002 -0.078468706 -0.074828421 -0.071188137 -0.068531313 -0.087013153 -0.10514577 -0.092089662 -0.079285989 -0.082679401 -0.086072813 -0.089466225 -0.08602669 -0.079430214 -0.072833738 -0.070504594 -0.076009667 -0.081221828 -0.085906189 -0.089469153 -0.091048628 -0.092628102 -0.094146921 -0.093691796 -0.093236671 -0.092781546 -0.094427645 -0.096522039 -0.086064176 -0.074269455 -0.084768581 -0.096548378 -0.10832817 -0.12373384 -0.14086808 -0.13922626 -0.13272528 -0.12622431
-0.093087412 -0.081158911 -0.06923041 -0.057301909 -0.066229222 -0.078199296 -0.09263819 -0.10875475 -0.12487131 -0.13544609 -0.12885602 -0.12226595 -0.10261195 -0.082509052 -0.062406156 -0.058311654 -0.061914876 -0.062340579 -0.058700295 -0.060429554 -0.078911395 -0.097393235 -0.11552585 -0.10246974 -0.08941364 -0.076357536 -0.077107003 -0.080500415 -0.077060879 -0.070464404 -0.07026606 -0.075771133 -0.081276206 -0.086488367 -0.091172728 -0.095857089 -0.099966751 -0.10154623 -0.10306504 -0.10260992 -0.10215479 -0.10413666 -0.10623105 -0.10832544 -0.09786758 -0.08607286 -0.07427814 -0.081149465 -0.092929261 -0.10833493 -0.12546916 -0.14260339 -0.14354978 -0.1370488
-0.10737275 -0.095444245 -0.083515745 -0.071587244 -0.059658743 -0.062787137 -0.077226031 -0.093342592 -0.10945915 -0.12557571 -0.14166019 -0.13507012 -0.11541612 -0.095313221 -0.075210325 -0.055107429 -0.045786749 -0.046212453 -0.052327795 -0.070809636 -0.089291476 -0.10777332 -0.12590593 -0.11284983 -0.099793722 -0.086737618 -0.073681514 -0.071534604 -0.068095069 -0.070027526 -0.075532599 -0.081037672 -0.086542744 -0.091754905 -0.096439267 -0.10112363 -0.10580799 -0.11046435 -0.11198317 -0.11175127 -0.11384567 -0.11594006 -0.11803445 -0.12012885 -0.10967099 -0.097876265 -0.086081545 -0.074286824 -0.077530348 -0.092936019 -0.11007025 -0.12720448 -0.14433871 -0.1478733
-0.11762121 -0.10569271 -0.093764207 -0.081835706 -0.069907205 -0.057978704 -0.061748384 -0.077864945 -0.093981507 -0.11009807 -0.12621463 -0.14233119 -0.1234315 -0.1033286 -0.083225704 -0.063122808 -0.043019912 -0.04562824 -0.064110081 -0.082591922 -0.10107376 -0.1195556 -0.1314072 -0.12294046 -0.10988436 -0.096828256 -0.083772152 -0.070716048 -0.070355536 -0.075860609 -0.081365681 -0.086870754 -0.092375826 -0.097056405 -0.10174077 -0.10642513 -0.11110949 -0.11579385 -0.120401 -0.12249539 -0.12458979 -0.12668418 -0.12877857 -0.13043924 -0.1195334 -0.10773868 -0.095943956 -0.084149236 -0.072354515 -0.082909364 -0.1000436 -0.11717783 -0.13431206 -0.15144629
-0.10779085 -0.095862351 -0.08393385 -0.072005349 -0.060326403 -0.053815749 -0.054689657 -0.062061576 -0.078178137 -0.094294699 -0.11041126 -0.12652782 -0.10762813 -0.087525231 -0.067422335 -0.047319439 -0.051666469 -0.064384889 -0.08286673 -0.10134857 -0.11983041 -0.1249171 -0.111008 -0.12265283 -0.11853535 -0.10547924 -0.09242314 -0.079367036 -0.079006524 -0.084511596 -0.090016669 -0.095521742 -0.09942548 -0.10304601 -0.10722428 -0.11190052 -0.11658488 -0.12126924 -0.12587639 -0.12797078 -0.13006518 -0.13215957 -0.13320729 -0.13064743 -0.11974159 -0.10794687 -0.096152145 -0.084703388 -0.087196034 -0.099603552 -0.11673778 -0.13387202 -0.15100625 -0.14739889
-0.097960495 -0.086031994 -0.074103493 -0.063739171 -0.057228517 -0.050717863 -0.051591771 -0.057483801 -0.063375831 -0.07849133 -0.094607891 -0.11072445 -0.091824758 -0.071721862 -0.053994353 -0.062208735 -0.070423118 -0.083141538 -0.10162338 -0.12010522 -0.11871313 -0.1045179 -0.090608801 -0.10225363 -0.11389845 -0.11413023 -0.10107413 -0.088018024 -0.087657512 -0.093162584 -0.098667657 -0.10218507 -0.10549607 -0.1091166 -0.11329487 -0.11747314 -0.12206027 -0.12674463 -0.13135178 -0.13344617 -0.13554057 -0.13597534 -0.13341548 -0.13085562 -0.11994977 -0.10815505 -0.098904931 -0.10139758 -0.10389022 -0.11629774 -0.13343197 -0.14933163 -0.14456002 -0.13978841
-0.088130138 -0.076201637 -0.06715194 -0.060641285 -0.054130631 -0.047619977 -0.048493885 -0.054385915 -0.060277945 -0.066169976 -0.078804522 -0.094921083 -0.076021389 -0.06453662 -0.072751002 -0.080965384 -0.089179766 -0.10189819 -0.12038003 -0.11250916 -0.098313928 -0.084118698 -0.070209602 -0.081854428 -0.093499254 -0.10514408 -0.10972512 -0.096669012 -0.0963085 -0.10163366 -0.10494466 -0.10825566 -0.11156667 -0.1151872 -0.11936547 -0.12354373 -0.127722 -0.13222002 -0.13682717 -0.13892156 -0.13874338 -0.13618353 -0.13362367 -0.13106381 -0.12015796 -0.11310647 -0.11559912 -0.11809176 -0.12058441 -0.13299193 -0.14649276 -0.14172115 -0.13694954 -0.13217792
-0.078299781 -0.070564708 -0.064054054 -0.057543399 -0.051032745 -0.044522091 -0.045395999 -0.051288029 -0.057180059 -0.06307209 -0.06896412 -0.079117714 -0.075078887 -0.083293269 -0.091507651 -0.099722033 -0.10793642 -0.12050042 -0.10630519 -0.092109958 -0.077914728 -0.063719499 -0.049810402 -0.061455228 -0.073100054 -0.08474488 -0.096389707 -0.10532 -0.10439325 -0.10770425 -0.11101525 -0.11432626 -0.11763726 -0.12125779 -0.12543606 -0.12961433 -0.1337926 -0.13797086 -0.14230256 -0.14151143 -0.13895157 -0.13639171 -0.13383186 -0.131272 -0.12730802 -0.12980066 -0.13229331 -0.13478595 -0.1372786 -0.14365389 -0.13888228 -0.13411066 -0.12933905 -0.12456744
-0.077020949 -0.073454552 -0.066943897 -0.060433243 -0.053922588 -0.047411934 -0.048307104 -0.054206821 -0.060098851 -0.065990882 -0.071882912 -0.077774942 -0.079388424 -0.087602806 -0.095817188 -0.10403157 -0.11224595 -0.11062988 -0.096434653 -0.082239423 -0.068044193 -0.053848964 -0.04235689 -0.045704718 -0.057349544 -0.06899437 -0.080639196 -0.092284022 -0.098228626 -0.10153963 -0.10485063 -0.10816164 -0.11264346 -0.12359813 -0.12923371 -0.13341198 -0.13759025 -0.14176851 -0.1457459 -0.14318604 -0.14062618 -0.13806633 -0.13550647 -0.12628497 -0.12583564 -0.12832829 -0.13082093 -0.13331358 -0.13580623 -0.14336936 -0.13928544 -0.13451383 -0.12974222 -0.1249706
