P1_models/J1_p1_vp_slide_diff2_15.dat.tif
NCOLS 118
NROWS 92
XLLCORNER 139.62
YLLCORNER -39.07
DX 0.099491525
DY 0.099347826
NODATA_VALUE -9999
[rows 50 to 74 of 92, columns 0 to 56 of 118]
-9999 0.24945424 0.24378894 0.23812363 0.23949964 0.24397741 0.24845518 0.24808095 0.24210689 0.23613283 0.2250153 0.2099058 0.1947963 0.18436987 0.18332156 0.18227326 0.1838723 0.19979144 0.21571058 0.22762138 0.23028477 0.23294816 0.2374538 0.24422254 0.25099128 0.25434607 0.2485506 0.24275514 0.23586542 0.22265868 0.20945194 0.20105069 0.20191289 0.20277509 0.20136257 0.19797683 0.19459108 0.18964311 0.18246017 0.17527722 0.16630828 0.15638983 0.14647139 0.14283937 0.14372659 0.14461381 0.13947276 0.12966394 0.11985512 0.12604429 0.13499835 0.14389761 0.15256208 0.16122655 0.16715928 0.16362965 0.16010001
-9999 0.26274323 0.25756273 0.2620405 0.26651827 0.27099604 0.27547381 0.27509958 0.26912553 0.25477773 0.23966823 0.22455872 0.20944922 0.19902279 0.19797449 0.19692618 0.19587787 0.19482956 0.20777291 0.21968371 0.2223471 0.22821329 0.23498203 0.24175077 0.24851951 0.2518743 0.24607883 0.24028336 0.2344879 0.22869243 0.21668313 0.20828188 0.20914409 0.20641803 0.20303228 0.19964653 0.19626079 0.19131282 0.18412987 0.17437577 0.16445732 0.15453887 0.14462043 0.14098841 0.14187563 0.14276285 0.14365007 0.14134172 0.13153291 0.13772208 0.14655107 0.15521553 0.16388 0.17254447 0.17847721 0.17494757 0.16303876
-9999 0.28010359 0.28458136 0.28905913 0.29353691 0.29801468 0.30249245 0.29964965 0.28454015 0.26943065 0.25432115 0.23921165 0.22410215 0.21367572 0.21262741 0.2115791 0.21053079 0.20948248 0.20843417 0.21220404 0.21897278 0.22574152 0.23251026 0.239279 0.24604774 0.24940252 0.24360706 0.23781159 0.23201613 0.22622066 0.22042519 0.21485923 0.21147348 0.20808773 0.20470199 0.20131624 0.19793049 0.1923617 0.18244326 0.17252481 0.16260636 0.15268791 0.14276947 0.13913745 0.14002467 0.14091189 0.14179911 0.14268633 0.14321069 0.14920452 0.15786899 0.16653346 0.17519793 0.1838624 0.18931616 0.17535519 0.16139422
-9999 0.28321323 0.287691 0.29216878 0.29664655 0.30112432 0.30380778 0.29758668 0.28247718 0.26736768 0.25225818 0.23714868 0.22595884 0.22281974 0.22575412 0.22470581 0.22365751 0.2226092 0.22156089 0.22287634 0.22964508 0.23641382 0.24318256 0.2499513 0.25564381 0.2576753 0.25400442 0.24820895 0.24241349 0.23661802 0.23082256 0.22585017 0.22246443 0.21907868 0.21569293 0.21230718 0.20694222 0.19857836 0.18865992 0.17874147 0.16882302 0.15890457 0.15055728 0.14423277 0.14208877 0.14297599 0.14386321 0.14475043 0.14563765 0.15315606 0.16182053 0.170485 0.17914947 0.18570315 0.18312803 0.16916706 0.15520609
-9999 0.28232277 0.28680055 0.29127832 0.29575609 0.29746786 0.29894816 0.29272706 0.27761756 0.26250806 0.24739856 0.23892706 0.23220307 0.22906396 0.23310382 0.23714367 0.23652888 0.23548057 0.23443226 0.23574771 0.24251645 0.24928519 0.25605393 0.26090641 0.26489784 0.26692933 0.26370766 0.26048599 0.25496393 0.24916846 0.243373 0.23840061 0.23501486 0.23162912 0.22824337 0.22178585 0.21450864 0.20614478 0.19622633 0.18630789 0.17638944 0.16865848 0.16111925 0.15479474 0.14934348 0.14569509 0.14658231 0.14746953 0.14835675 0.15587517 0.16453964 0.17320411 0.17804296 0.17875485 0.17617973 0.16221876 0.14825779
-9999 0.28143232 0.28591009 0.28964763 0.29112793 0.29260824 0.29408854 0.28786744 0.27275794 0.25861928 0.25189529 0.24517129 0.23844729 0.23530819 0.23934804 0.2433879 0.24742775 0.24835195 0.24730364 0.24861909 0.25538783 0.26215657 0.26616901 0.27016044 0.27415188 0.27618336 0.27296169 0.26974002 0.26651835 0.2617189 0.25592343 0.25095105 0.2475653 0.2439067 0.23662948 0.22935227 0.22207505 0.2137112 0.20379275 0.19429891 0.18675968 0.17922045 0.17168122 0.16535671 0.15990545 0.15445419 0.14930142 0.15018864 0.15107586 0.15859428 0.16725875 0.17038276 0.17109466 0.17180655 0.16923143 0.15527046 0.14241033
-9999 0.28054186 0.2833077 0.28478801 0.28626831 0.28774861 0.28922892 0.28300782 0.2715875 0.26486351 0.25813951 0.25141552 0.24469152 0.24155242 0.24559227 0.24963212 0.25367198 0.25771183 0.26017501 0.26149046 0.26744018 0.27143161 0.27542304 0.27941448 0.28340591 0.2854374 0.28221573 0.27899406 0.27577239 0.27255072 0.26847387 0.26350149 0.25875033 0.25147311 0.2441959 0.23691868 0.22964147 0.22127761 0.2124001 0.20486087 0.19732165 0.18978242 0.18224319 0.17591868 0.17046742 0.16501616 0.15956489 0.15411363 0.15379497 0.16131339 0.16272256 0.16343446 0.16414635 0.16485825 0.16228313 0.15291041 0.15512232
-9999 0.27268287 0.27416318 0.27564348 0.27712378 0.27860409 0.28008439 0.2861188 0.27939481 0.27267081 0.26594682 0.25922282 0.25249882 0.24795007 0.25198992 0.25602978 0.26006963 0.26410948 0.26814934 0.27217455 0.27616598 0.28015742 0.28414885 0.28814029 0.29213172 0.29278809 0.28964034 0.28641866 0.28319699 0.27997532 0.27675365 0.27214674 0.26486953 0.25759231 0.2503151 0.24303788 0.23576067 0.22792281 0.22038358 0.21284435 0.20530512 0.1977659 0.19022667 0.18350016 0.1780489 0.17259763 0.16714637 0.16169511 0.15624385 0.15594929 0.15666119 0.15737309 0.15808498 0.15879688 0.16064969 0.16306787 0.16527978
-9999 0.24890342 0.25038372 0.25186403 0.25334433 0.25649997 0.27144963 0.28274882 0.2898349 0.28581674 0.27909274 0.27236874 0.26564475 0.26094866 0.26031357 0.26295145 0.2669913 0.27103116 0.27507101 0.27909622 0.28308766 0.28707909 0.29107053 0.29506196 0.2924969 0.29006044 0.28982065 0.28759494 0.28437327 0.2811516 0.27792993 0.27332302 0.2660458 0.25876859 0.25149138 0.24416173 0.23382558 0.22528113 0.21929997 0.21202109 0.20448186 0.19694263 0.18940341 0.18226247 0.17545062 0.16999936 0.16454809 0.15909683 0.15364557 0.1531516 0.15362909 0.15434099 0.15505289 0.15576479 0.1576176 0.1634224 0.16671238
-9999 0.22512396 0.22660427 0.22808457 0.23600295 0.25095261 0.26590227 0.27720146 0.28428754 0.29137362 0.29223867 0.28551467 0.27879067 0.27409458 0.2734595 0.27282441 0.27391298 0.27795283 0.28199268 0.2860179 0.29000933 0.29400077 0.2962813 0.29302527 0.28976925 0.28733279 0.287093 0.28685321 0.28554955 0.28232788 0.27910621 0.2744993 0.26722208 0.25994487 0.25166935 0.24133319 0.23099703 0.22245258 0.21647143 0.21049027 0.2036586 0.19611937 0.18858014 0.1814392 0.17458459 0.16772997 0.16194982 0.15649855 0.15104729 0.15055332 0.15091611 0.1513089 0.15202079 0.15273269 0.1545855 0.1603903 0.1661951
-9999 0.20134451 0.20282481 0.21550592 0.23045558 0.24540525 0.26035491 0.2716541 0.27874018 0.28582626 0.29291234 0.29866059 0.2919366 0.28724051 0.28660542 0.28597033 0.28533525 0.2848745 0.28891436 0.29293957 0.296931 0.29680968 0.29355365 0.29029762 0.2870416 0.28460514 0.28436535 0.28412556 0.28388577 0.28350416 0.28028249 0.27567558 0.26839836 0.25917696 0.2488408 0.23850465 0.22816849 0.21962404 0.21364288 0.20766173 0.20168057 0.19529611 0.18775688 0.18061594 0.17376132 0.16690671 0.16005209 0.15390028 0.14844901 0.14795505 0.14831784 0.14868063 0.14904341 0.1497006 0.15155341 0.1573582 0.163163
-9999 0.18005924 0.1950089 0.20995856 0.22490822 0.23985788 0.25480755 0.26610674 0.27319282 0.2802789 0.28736498 0.29445106 0.30153714 0.30038643 0.29975135 0.29911626 0.29848117 0.29784608 0.297211 0.29986124 0.29733805 0.29408203 0.290826 0.28756997 0.28431395 0.28187749 0.2816377 0.28139791 0.28115812 0.28091833 0.28067854 0.27685185 0.26668458 0.25634842 0.24601226 0.2356761 0.22533995 0.2167955 0.21081434 0.20483318 0.19885203 0.19287087 0.18688972 0.17979268 0.17293806 0.16608344 0.15922883 0.15237421 0.14585074 0.14535677 0.14571956 0.14608235 0.14644514 0.14680793 0.14852131 0.15432611 0.16013091
-9999 0.1531316 0.16808126 0.18303092 0.19798059 0.21293025 0.23373548 0.25654939 0.26757591 0.27466199 0.28174807 0.28883415 0.29592023 0.3065531 0.3168459 0.31621082 0.31557573 0.31494064 0.31430555 0.31287793 0.30962191 0.30636588 0.30310985 0.29985383 0.29814039 0.29903037 0.29336426 0.29312447 0.29288468 0.29264489 0.29240509 0.28871671 0.27838056 0.2680444 0.25770824 0.24737208 0.23438906 0.21663567 0.20546334 0.19948218 0.19350103 0.18751987 0.18153872 0.17676767 0.17079833 0.16394372 0.1570891 0.15023448 0.14337986 0.14529597 0.1456999 0.14606269 0.14642548 0.14678827 0.14714668 0.14944502 0.15524982
-9999 0.11690673 0.1318564 0.14680606 0.16175572 0.18764076 0.21695651 0.23977042 0.25508037 0.26901484 0.27610092 0.283187 0.29027308 0.30090595 0.31864147 0.33502244 0.33438735 0.33375226 0.33311717 0.33168955 0.32843353 0.3251775 0.32192148 0.32276894 0.32724025 0.32813024 0.31942135 0.31113645 0.31089666 0.31065687 0.31041708 0.3067287 0.29639254 0.28605638 0.27572022 0.26020998 0.24170084 0.22394745 0.20727524 0.19303429 0.18705313 0.18107198 0.17509082 0.17031977 0.16641866 0.16123152 0.1543769 0.14752229 0.14066767 0.14258377 0.1460157 0.14716435 0.14752714 0.14788993 0.14824834 0.14859158 0.14956469
-9999 0.080681867 0.095631529 0.1122303 0.14154605 0.1708618 0.20017755 0.22299146 0.23830141 0.25361136 0.26892131 0.27753985 0.28462593 0.2952588 0.31299432 0.33072985 0.34846537 0.35256388 0.3519288 0.35050118 0.34724515 0.34398912 0.34739748 0.3518688 0.35634011 0.3572301 0.34852122 0.33981233 0.33110345 0.32866885 0.32842906 0.32474068 0.31440452 0.30406836 0.28603089 0.26752176 0.24901262 0.23125923 0.21458702 0.19791481 0.18124261 0.17462408 0.16864293 0.16387188 0.15997076 0.15606965 0.15166471 0.14481009 0.13795547 0.13987158 0.1433035 0.14673543 0.14862879 0.14899158 0.14934999 0.14969324 0.15003648
-9999 0.044457 0.066135588 0.095451337 0.12476709 0.15408283 0.18339858 0.20621249 0.22152244 0.2368324 0.25214235 0.2674523 0.27897878 0.28961165 0.30734717 0.3250827 0.34281822 0.36055375 0.37074042 0.3693128 0.36755471 0.37202603 0.37649734 0.38096866 0.38543997 0.38632996 0.37762108 0.3689122 0.36020332 0.35149443 0.34644104 0.34275266 0.33036094 0.3118518 0.29334267 0.27483353 0.2563244 0.23857101 0.2218988 0.20522659 0.18855439 0.17188218 0.16219503 0.15742398 0.15352287 0.14962175 0.14572064 0.14181952 0.13524328 0.13715938 0.14059131 0.14402323 0.14745516 0.15009324 0.15045165 0.1507949 0.15113814
-9999 0.022228663 0.051544412 0.080860161 0.11017591 0.13949166 0.16880741 0.19251382 0.20782377 0.22313372 0.23844367 0.25375362 0.26906358 0.28768835 0.30542387 0.3231594 0.34089492 0.35863045 0.37636597 0.3900906 0.39456191 0.39903323 0.40350454 0.40797586 0.41244717 0.41018137 0.40147248 0.3927636 0.38405472 0.37534584 0.36663696 0.35458063 0.3360715 0.31756237 0.29905323 0.2805441 0.26203497 0.24498363 0.22831143 0.21163922 0.19496701 0.17829481 0.1616226 0.15195012 0.148049 0.14414789 0.14024677 0.13634566 0.13244454 0.13479587 0.1382278 0.14165972 0.14509165 0.14852357 0.15128733 0.15163058 0.15197382
-9999 0.018519236 0.047834985 0.077150734 0.10646648 0.13595716 0.16921179 0.19413606 0.20944601 0.22475596 0.24006591 0.25537586 0.27634038 0.29823755 0.32092659 0.33975799 0.35749351 0.37522904 0.39296456 0.40668919 0.41116051 0.41563182 0.42010314 0.42457445 0.4320641 0.43069292 0.40386832 0.39050995 0.38180107 0.37309219 0.36438331 0.35232698 0.33381785 0.31530872 0.29679958 0.27829045 0.26279189 0.24692401 0.2302518 0.21357959 0.19690739 0.18092633 0.1724584 0.16060866 0.1474198 0.14351868 0.13961757 0.13571645 0.13181534 0.13416667 0.13759859 0.14103052 0.14446244 0.14797144 0.15080009 0.15114333 0.15148658
-9999 0.014809809 0.044125558 0.073441307 0.10432476 0.1375794 0.17083403 0.1957583 0.21106825 0.2263782 0.24334032 0.26484207 0.28634382 0.30824099 0.33093004 0.35361908 0.37409211 0.39182763 0.40956316 0.42328778 0.4277591 0.43223041 0.43727692 0.4454024 0.45352787 0.45215669 0.42533208 0.39850748 0.37954742 0.37083854 0.36212966 0.35007333 0.3315642 0.31305507 0.29534361 0.28003794 0.26473226 0.24886438 0.23219217 0.21551997 0.20189376 0.19342583 0.1849579 0.17310816 0.15882729 0.14454641 0.13898836 0.13508725 0.13118613 0.13353747 0.13696939 0.14040132 0.14393803 0.1474842 0.15031284 0.15065608 0.15099933
-9999 0.011100382 0.040416131 0.072692365 0.105947 0.13920163 0.17245627 0.19738054 0.21269049 0.23184201 0.25334376 0.27484551 0.29634726 0.31824444 0.34093348 0.36362252 0.38631157 0.40842623 0.42616175 0.43988638 0.44435769 0.45061522 0.45874069 0.46686616 0.47499164 0.47362045 0.44679585 0.41997125 0.39314665 0.36858489 0.35987601 0.34781968 0.32931055 0.31258966 0.29728399 0.28197831 0.26667264 0.25080475 0.23413255 0.22286119 0.21439326 0.20592533 0.1974574 0.18560766 0.17132679 0.15704592 0.14276504 0.13445805 0.13055693 0.13290826 0.13635846 0.13990463 0.14345079 0.14699695 0.14982559 0.15016884 0.15438466
-9999 0.0078053358 0.04105997 0.074314605 0.10756924 0.14082387 0.17407851 0.19900278 0.22034371 0.24184546 0.2633472 0.28484895 0.3063507 0.32824788 0.35093692 0.37362597 0.39631501 0.41900405 0.44169309 0.45648497 0.46395351 0.47207898 0.48020446 0.48832993 0.4964554 0.49508422 0.46825962 0.44143502 0.41461041 0.38778581 0.36096121 0.34556603 0.32983571 0.31453004 0.29922436 0.28391869 0.26861301 0.25274513 0.24382862 0.23536069 0.22689276 0.21842483 0.2099569 0.19810717 0.18382629 0.16954542 0.15526454 0.14098367 0.12992773 0.13232506 0.13587122 0.13941738 0.14296354 0.1465097 0.14933835 0.15532261 0.16295397
-9999 -0.0098053341 0.023449301 0.056703935 0.08995857 0.1232132 0.15966966 0.19304304 0.21511727 0.23661902 0.25812077 0.27962252 0.30112427 0.32586691 0.35313106 0.37582011 0.39850915 0.42119819 0.44388723 0.46217247 0.47029794 0.47842342 0.48654889 0.49467436 0.50201319 0.50220979 0.48749875 0.46067415 0.43384954 0.40702494 0.38020034 0.35731023 0.34200455 0.32669888 0.3113932 0.29608753 0.27919283 0.25871686 0.24560659 0.23713866 0.22867073 0.2202028 0.21173487 0.19901529 0.18437057 0.1700897 0.15580882 0.14152795 0.12724708 0.11624529 0.11979145 0.12333761 0.12688378 0.13042994 0.13667579 0.14898013 0.15661148
-9999 -0.038335546 -0.0050809114 0.028173723 0.061428358 0.10142885 0.14390407 0.17727745 0.20014615 0.22274577 0.24424752 0.26574927 0.28725102 0.31199366 0.34322637 0.37358049 0.39626953 0.41895857 0.44164762 0.45993285 0.46805833 0.4761838 0.48430927 0.48961981 0.49213711 0.49233372 0.48631026 0.47865023 0.45182563 0.42500103 0.39817643 0.37528631 0.35998064 0.34467496 0.32936929 0.31044573 0.28915471 0.26867874 0.24936881 0.23282945 0.22436152 0.21589359 0.20742566 0.19470608 0.17893004 0.16384636 0.14956549 0.13528462 0.12100374 0.10938437 0.098224972 0.098405148 0.10195131 0.10549747 0.11174332 0.12734058 0.14180278
-9999 -0.066865758 -0.033611123 0.00071282149 0.043188037 0.085663253 0.12813847 0.16151185 0.18438055 0.20724925 0.23011794 0.25187602 0.27337777 0.29812042 0.32935313 0.36058584 0.39181855 0.41671896 0.439408 0.45769324 0.46581871 0.47394418 0.47722643 0.47974373 0.48226104 0.48245764 0.47643419 0.47041073 0.46438728 0.44297712 0.41615251 0.3932624 0.37795673 0.36265105 0.34169863 0.32040761 0.29911659 0.27864062 0.25933069 0.24002075 0.22071082 0.21158438 0.20311645 0.19039687 0.17462083 0.15884479 0.14332216 0.12904128 0.11476041 0.10314103 0.091981639 0.080822243 0.077018844 0.080565006 0.086810859 0.10240811 0.11800536
-9999 -0.09539597 -0.057527991 -0.015052775 0.02742244 0.069897656 0.11237287 0.14574625 0.16861495 0.19148365 0.21435235 0.23722105 0.25950453 0.28424717 0.31547988 0.34671259 0.3779453 0.40917801 0.43716838 0.45545362 0.46231575 0.46483305 0.46735036 0.46986766 0.47238496 0.47258156 0.46655811 0.46053466 0.4545112 0.44848775 0.4341286 0.41123849 0.39424254 0.37295152 0.3516605 0.33036949 0.30907847 0.2886025 0.26929256 0.24998263 0.2306727 0.21136276 0.19880724 0.18608766 0.17031162 0.15453558 0.13875954 0.1229835 0.10851708 0.096897701 0.085738305 0.074578909 0.063419513 0.05563254 0.061878393 0.077475644 0.093072895
