P1_models/J1_p1_tot_conduct_slide_12.54.dat.tif
NCOLS 118
NROWS 92
XLLCORNER 139.62
YLLCORNER -39.07
DX 0.099491525
DY 0.099347826
NODATA_VALUE -9999
[rows 52 to 77 of 92, columns 57 to 113 of 118]
-3.2129493 -3.3706528 -3.5419993 -3.6725924 -3.7930295 -3.8637351 -3.9213355 -3.9409187 -3.9496764 -3.9120869 -3.8633183 -3.7847724 -3.6995569 -3.6055926 -3.5261765 -3.4653761 -3.4589813 -3.4755633 -3.5579433 -3.6407305 -3.7125854 -3.7769128 -3.7879674 -3.7644062 -3.682472 -3.5828662 -3.4723201 -3.3762796 -3.2781557 -3.2103863 -3.153204 -3.1089855 -3.0397213 -2.9636396 -2.8864666 -2.8154398 -2.79203 -2.8137633 -2.9191073 -3.0817992 -3.2769226 -3.4702725 -3.6452137 -3.7505577 -3.8001654 -3.7709032 -3.6861574 -3.5887279 -3.4982098 -3.4536305 -3.4243683 -3.4027332 -3.380869 -3.2778521 -3.1180756 -2.9132401 -2.6937486
-3.0957618 -3.2715657 -3.452161 -3.5744896 -3.6817174 -3.7339342 -3.7794333 -3.7880479 -3.7960118 -3.7855697 -3.7505001 -3.7258838 -3.6585867 -3.6080641 -3.5431959 -3.4997633 -3.4911522 -3.5095741 -3.5805628 -3.6417056 -3.6820121 -3.7326665 -3.7100933 -3.6662487 -3.560145 -3.4397377 -3.3214981 -3.235128 -3.1440725 -3.0952515 -3.0993785 -3.0953193 -3.0592924 -3.0001219 -2.922949 -2.8463034 -2.7971695 -2.8151057 -2.9082453 -3.0797856 -3.2874439 -3.5313846 -3.7271969 -3.8563707 -3.9097754 -3.8565035 -3.6911595 -3.556908 -3.3620033 -3.2917936 -3.2362881 -3.2250368 -3.2180197 -3.1971302 -3.0582378 -2.8721874 -2.5925464
-3.03152 -3.2207097 -3.4086381 -3.5083279 -3.5973466 -3.60871 -3.6296556 -3.6170153 -3.611488 -3.6103996 -3.6126391 -3.6106197 -3.6166151 -3.5883984 -3.5837462 -3.5561097 -3.5728302 -3.5949394 -3.6487859 -3.7090355 -3.7398805 -3.7517919 -3.7129673 -3.624333 -3.4955792 -3.3473328 -3.2091501 -3.12095 -3.0430944 -3.037242 -3.0821299 -3.1042391 -3.116147 -3.0868848 -3.0188797 -2.9410127 -2.878149 -2.8687024 -2.9506366 -3.1042422 -3.3324874 -3.5825055 -3.8215509 -3.9583113 -4.0138796 -3.9436502 -3.747328 -3.5366401 -3.2991567 -3.1365003 -3.0604185 -3.0410151 -3.0644249 -3.0735994 -3.0085115 -2.8387907 -2.5330627
-3.1466233 -3.3344739 -3.4726566 -3.5411649 -3.5377379 -3.5118592 -3.4442063 -3.4102969 -3.3730532 -3.3942443 -3.4139435 -3.487253 -3.5305136 -3.6023686 -3.6361931 -3.6969935 -3.7333311 -3.7936351 -3.8474816 -3.9077311 -3.9187857 -3.9173717 -3.8234074 -3.7097132 -3.5165826 -3.350001 -3.1760341 -3.0910389 -3.0166017 -3.0556484 -3.1270029 -3.2320217 -3.2725584 -3.2988268 -3.2338287 -3.1595779 -3.0659389 -3.0398414 -3.074956 -3.2175981 -3.4318353 -3.6885831 -3.9341451 -4.0804562 -4.1371609 -4.0376694 -3.8073952 -3.5366401 -3.2288877 -3.0272686 -2.8985149 -2.8841679 -2.9253379 -2.9853074 -2.9497538 -2.8034428 -2.4592753
-3.4012283 -3.5756116 -3.6662659 -3.6788025 -3.5927921 -3.4961418 -3.3435209 -3.2252604 -3.170225 -3.1912702 -3.2493855 -3.3367705 -3.4687962 -3.5743606 -3.7003163 -3.8063773 -3.9034253 -4.0047036 -4.0754381 -4.1503181 -4.1599767 -4.1365963 -4.0335124 -3.8574858 -3.6385681 -3.4527763 -3.2410822 -3.1457055 -3.08173 -3.145533 -3.2545246 -3.3880652 -3.513646 -3.5638035 -3.5091693 -3.4269113 -3.3224274 -3.2224573 -3.2210514 -3.3319387 -3.5038051 -3.7489164 -3.9979712 -4.14813 -4.2103783 -4.1108868 -3.8806126 -3.5551439 -3.1849964 -2.9397179 -2.7854228 -2.7527259 -2.7950026 -2.8803581 -2.8727466 -2.7345006 -2.3968984
-3.6815254 -3.7886544 -3.8273456 -3.7364384 -3.6002921 -3.412331 -3.2290571 -3.1077966 -3.0083051 -3.0659369 -3.1438559 -3.301785 -3.4708023 -3.6487156 -3.8224661 -3.9717034 -4.106065 -4.2221384 -4.3064746 -4.3876224 -4.3864115 -4.3552203 -4.2277081 -4.0501815 -3.7985264 -3.5662759 -3.3451836 -3.2576422 -3.1977931 -3.3089895 -3.4611535 -3.6325 -3.7580808 -3.8458674 -3.7754379 -3.6871486 -3.5007463 -3.3744651 -3.3276456 -3.3612747 -3.5192906 -3.7642834 -4.0144202 -4.1858619 -4.2481102 -4.1486186 -3.9026027 -3.5690135 -3.1776208 -2.8656311 -2.6842054 -2.6296949 -2.670662 -2.7624502 -2.7813993 -2.6526456 -2.2562473
-3.9613442 -4.0403277 -3.9795273 -3.8546468 -3.6334081 -3.4182698 -3.1760716 -3.0492329 -2.9420732 -3.0189235 -3.11074 -3.309723 -3.497295 -3.7183873 -3.9074924 -4.0898935 -4.2331995 -4.3678486 -4.460156 -4.5532021 -4.5642567 -4.5406696 -4.4080142 -4.2282094 -3.9707293 -3.7361982 -3.5107633 -3.4298923 -3.3766192 -3.5139725 -3.6830276 -3.8930652 -4.0230083 -4.1107949 -4.0089906 -3.8858442 -3.6224843 -3.4605181 -3.3025021 -3.2986088 -3.4066964 -3.6516892 -3.901826 -4.112514 -4.1911714 -4.1326469 -3.8918194 -3.5623903 -3.1483863 -2.8242689 -2.6018761 -2.5320257 -2.5514446 -2.6475962 -2.6688051 -2.5400514 -2.132833
-4.1016558 -4.1379905 -4.0545998 -3.8928189 -3.6660253 -3.4480413 -3.2047851 -3.0927203 -2.9853752 -3.0855901 -3.1834901 -3.3667883 -3.5602911 -3.7543728 -3.9342457 -4.0934297 -4.2375587 -4.3719401 -4.4738516 -4.5863117 -4.6301625 -4.6222482 -4.5222679 -4.3543749 -4.111557 -3.8940795 -3.6722887 -3.6097112 -3.5624948 -3.7107712 -3.8834083 -4.0878986 -4.2053362 -4.2807949 -4.1094285 -3.9623909 -3.607593 -3.3780616 -3.1779165 -3.1067899 -3.191132 -3.4489139 -3.7051374 -3.9619488 -4.0687583 -4.0445184 -3.8580678 -3.5365971 -3.1227776 -2.7761385 -2.5375007 -2.4363492 -2.44339 -2.5236324 -2.5467181 -2.4256382 -2.0359772
-4.1534819 -4.141447 -4.0309008 -3.8544711 -3.6240697 -3.4263529 -3.2163768 -3.165329 -3.093474 -3.1979608 -3.3218814 -3.4999189 -3.658494 -3.8353678 -3.95755 -4.0846781 -4.179566 -4.2974052 -4.404538 -4.5239856 -4.5737314 -4.6145018 -4.5315922 -4.4308894 -4.2084966 -4.0021157 -3.8085524 -3.7553274 -3.732277 -3.8902929 -4.0601909 -4.2591739 -4.3469594 -4.3879265 -4.2090227 -3.9653764 -3.5849676 -3.2262211 -2.9687136 -2.8852609 -2.930468 -3.1904602 -3.4667026 -3.7417674 -3.9302773 -3.9419822 -3.7705968 -3.4979754 -3.0882921 -2.729001 -2.4714935 -2.3662332 -2.3445336 -2.41568 -2.4322332 -2.3210368 -1.936854
-3.9555254 -3.9304214 -3.8419844 -3.6867899 -3.5401708 -3.3848738 -3.2958551 -3.2973584 -3.2921696 -3.4033293 -3.5338234 -3.6551006 -3.7777114 -3.8372224 -3.909045 -3.9200996 -3.9860195 -4.0523472 -4.1670599 -4.2987972 -4.3950994 -4.4754149 -4.4574076 -4.3965981 -4.2482357 -4.0560417 -3.9012771 -3.853708 -3.838248 -3.9878058 -4.1529155 -4.3134493 -4.3731277 -4.3614338 -4.1483369 -3.8527822 -3.4201177 -3.0275255 -2.718497 -2.6238026 -2.6589172 -2.9370382 -3.2282678 -3.5517166 -3.7674584 -3.8435401 -3.6915632 -3.451613 -3.0465825 -2.6889575 -2.4138927 -2.2993993 -2.2584322 -2.320591 -2.3328854 -2.2449062 -1.8822233
-3.6374167 -3.6494141 -3.591912 -3.5530127 -3.4468447 -3.4438474 -3.3845652 -3.467561 -3.501408 -3.6106554 -3.712269 -3.7373905 -3.7860182 -3.7328601 -3.7019137 -3.6581866 -3.6657619 -3.7195863 -3.8403208 -3.9922356 -4.1821574 -4.2970633 -4.351038 -4.3201039 -4.2039247 -4.0707345 -3.9201466 -3.876592 -3.8603643 -4.0041187 -4.1322922 -4.2767246 -4.3139654 -4.2806817 -4.012663 -3.7148401 -3.2583496 -2.8488431 -2.5457069 -2.4717238 -2.511997 -2.8085816 -3.1175943 -3.4692238 -3.7070453 -3.7858537 -3.6498168 -3.4098667 -2.9956042 -2.6339648 -2.3563229 -2.2203209 -2.1769467 -2.2483374 -2.2644537 -2.1888046 -1.9104397
-3.2936467 -3.3000084 -3.2834264 -3.2909475 -3.2857111 -3.3544126 -3.4186369 -3.5714379 -3.7040932 -3.8153738 -3.8990009 -3.8937645 -3.8336631 -3.7120624 -3.5582978 -3.4311697 -3.364001 -3.3675626 -3.4875578 -3.6490689 -3.8535793 -4.0470488 -4.1354857 -4.186401 -4.1161717 -4.0070244 -3.8820845 -3.8447587 -3.8261403 -3.9548941 -4.0781111 -4.2052391 -4.2311973 -4.1668204 -3.8921204 -3.5839995 -3.127509 -2.7397493 -2.4471272 -2.3892528 -2.4590362 -2.7632222 -3.0922537 -3.4492527 -3.6902021 -3.7721363 -3.6237081 -3.3732111 -2.948096 -2.5763923 -2.2954751 -2.1557557 -2.0990415 -2.1738322 -2.2080175 -2.149493 -1.8785629
-3.0032138 -3.0165926 -3.0773929 -3.1204366 -3.2304009 -3.3385604 -3.5113615 -3.691612 -3.8564266 -3.9452651 -4.0049719 -3.9173343 -3.8005472 -3.564714 -3.3607725 -3.1286256 -3.0353552 -2.996664 -3.1286404 -3.3112863 -3.550305 -3.775498 -3.9180003 -4.0028003 -3.9770847 -3.8745091 -3.7694903 -3.729467 -3.7069229 -3.8192822 -3.9324009 -4.0541667 -4.086729 -4.0409799 -3.7887779 -3.5177676 -3.1118372 -2.7596189 -2.5397203 -2.5067964 -2.6179928 -2.9184226 -3.2445871 -3.5674413 -3.7883445 -3.8117543 -3.6385698 -3.3400952 -2.8910645 -2.5101605 -2.2117729 -2.073006 -2.0261865 -2.1056014 -2.1417856 -2.1173045 -1.8688598
-2.888866 -2.9455904 -3.0198857 -3.1286648 -3.2468357 -3.4034771 -3.5771731 -3.7359782 -3.9173972 -3.9435839 -3.9768858 -3.8214212 -3.6580522 -3.3726416 -3.1135361 -2.8690242 -2.7516937 -2.7109901 -2.8536549 -3.0370353 -3.3056673 -3.5464818 -3.7079858 -3.797382 -3.7783471 -3.706679 -3.60307 -3.5653945 -3.5413151 -3.6473808 -3.7701813 -3.9018333 -3.9664495 -3.9382836 -3.7898287 -3.5245761 -3.2303879 -2.9026013 -2.7193206 -2.751858 -2.8666594 -3.1401762 -3.4503695 -3.6937021 -3.8932286 -3.8725033 -3.5943029 -3.2890372 -2.8130935 -2.415175 -2.1167004 -1.9860225 -1.9398749 -2.0372318 -2.0873084 -2.0707899 -1.874409
-2.8800743 -2.9490614 -3.0430256 -3.1508097 -3.2921924 -3.4387524 -3.6167899 -3.7579202 -3.9126848 -3.9185352 -3.9006177 -3.7278166 -3.5299942 -3.220465 -2.9403115 -2.6750007 -2.5475995 -2.4978537 -2.6385317 -2.8146479 -3.075011 -3.3179963 -3.4838155 -3.5777081 -3.5660033 -3.5013602 -3.407396 -3.3758891 -3.3573583 -3.4685547 -3.6035509 -3.7472609 -3.8351814 -3.8527387 -3.7330714 -3.5673103 -3.3198321 -3.0996975 -2.9709438 -3.011242 -3.1458482 -3.4030378 -3.6743494 -3.8761517 -3.9761865 -3.9001048 -3.5964044 -3.2218481 -2.7331774 -2.3113924 -2.0129178 -1.8900007 -1.8490336 -1.9533446 -2.0258452 -2.0199928 -1.8280467
-3.081145 -3.1509973 -3.2284749 -3.3101413 -3.3915403 -3.493427 -3.5969203 -3.6839842 -3.7802211 -3.7479565 -3.7085452 -3.5357441 -3.3400127 -3.0747019 -2.8130683 -2.5955225 -2.4728624 -2.4316218 -2.5587051 -2.7086769 -2.9242418 -3.1457507 -3.278406 -3.3633873 -3.3408148 -3.2841875 -3.2020771 -3.1854764 -3.1785323 -3.3056014 -3.4572655 -3.6396667 -3.7543706 -3.8262459 -3.7595103 -3.6401654 -3.476297 -3.2851468 -3.2055663 -3.2513489 -3.3776598 -3.580437 -3.8134364 -3.9304852 -4.0093025 -3.8455825 -3.5073372 -3.1026307 -2.6090464 -2.1855518 -1.9041563 -1.7948492 -1.7695554 -1.878621 -1.9529902 -1.9582246 -1.7735486
-3.2968497 -3.3998668 -3.4581806 -3.5130108 -3.5267175 -3.5709994 -3.5593214 -3.4957187 -3.5550672 -3.5196811 -3.4424365 -3.2758848 -3.13923 -2.9027253 -2.7305973 -2.5565592 -2.4891957 -2.4639512 -2.5833863 -2.6898073 -2.9053723 -3.0345188 -3.156194 -3.1906409 -3.1672311 -3.1069049 -3.0478375 -3.0367735 -3.0709227 -3.2078944 -3.3746134 -3.5625797 -3.7166874 -3.8102225 -3.7547929 -3.7086654 -3.5467069 -3.4308944 -3.3527258 -3.3962402 -3.4774321 -3.6075602 -3.8088059 -3.9167245 -3.882248 -3.7085166 -3.362714 -2.9621913 -2.4985392 -2.0791025 -1.8120824 -1.7150086 -1.7095145 -1.8252732 -1.9058287 -1.9116811 -1.7270052
-3.5459004 -3.6229209 -3.6505574 -3.6162536 -3.5743625 -3.4854933 -3.4121837 -3.3309723 -3.2701719 -3.2113281 -3.1634093 -3.0725225 -2.9967268 -2.8585442 -2.7525602 -2.6364867 -2.5879317 -2.5713498 -2.6454458 -2.7282207 -2.8434271 -2.9525491 -3.0244041 -3.0617858 -3.0383761 -3.0047789 -2.9550332 -2.982707 -3.0240596 -3.1820755 -3.3507996 -3.5497826 -3.7009555 -3.8180044 -3.8080447 -3.7713332 -3.6343156 -3.5166237 -3.4346895 -3.4123642 -3.4708886 -3.5777178 -3.6939328 -3.7382028 -3.6946933 -3.5074151 -3.2029498 -2.8108362 -2.3745065 -1.9955661 -1.7497635 -1.6719565 -1.6719565 -1.7892235 -1.8739156 -1.8797681 -1.7016909
-3.662241 -3.7345897 -3.7300357 -3.6508026 -3.5147538 -3.3579652 -3.1803721 -3.039566 -2.919143 -2.86903 -2.8256267 -2.8465723 -2.8164083 -2.8440448 -2.7924508 -2.7954433 -2.7593934 -2.7634223 -2.8140295 -2.8474381 -2.9027112 -2.9847022 -3.017866 -3.052499 -3.0449993 -3.0338208 -3.0146419 -3.0616004 -3.1167842 -3.2748002 -3.4395465 -3.6164203 -3.760506 -3.8643667 -3.8507478 -3.8110723 -3.6589088 -3.5364933 -3.3958933 -3.3176829 -3.3119321 -3.3625228 -3.4422516 -3.4539565 -3.403273 -3.2616918 -3.006303 -2.665126 -2.3095001 -1.955827 -1.7489624 -1.681415 -1.6852029 -1.8024698 -1.887162 -1.8984275 -1.726932
-3.6188719 -3.7008149 -3.6952876 -3.5745767 -3.4100434 -3.1684243 -2.9458665 -2.7316701 -2.569005 -2.5427453 -2.5222926 -2.6246655 -2.6842611 -2.7971188 -2.8659747 -2.9190639 -2.9475149 -2.9638051 -2.9929953 -3.0124576 -3.0409395 -3.0950967 -3.1384923 -3.1747203 -3.1866942 -3.2075283 -3.2072216 -3.2506641 -3.3178406 -3.4682297 -3.5716666 -3.717896 -3.8299498 -3.9201942 -3.8856433 -3.8426968 -3.6687737 -3.5184896 -3.3473383 -3.1832455 -3.1321143 -3.1057961 -3.1513918 -3.1591237 -3.1121147 -3.0059379 -2.8583357 -2.5599853 -2.2748376 -1.974302 -1.7843916 -1.7214504 -1.7258772 -1.8344253 -1.9210766 -1.9374574 -1.7886588
-3.4282718 -3.5426405 -3.5371132 -3.4315472 -3.2325641 -2.9837048 -2.7009394 -2.4703202 -2.2547552 -2.2315631 -2.2466207 -2.382767 -2.5471824 -2.7240562 -2.9009152 -3.022516 -3.1085869 -3.1504045 -3.1769205 -3.1981071 -3.2202164 -3.2585061 -3.3082519 -3.3818114 -3.4227785 -3.4584083 -3.4907497 -3.5377271 -3.5725617 -3.6720532 -3.7467147 -3.8572609 -3.9075104 -3.9660348 -3.9244443 -3.8645912 -3.6831655 -3.495372 -3.284684 -3.1099898 -2.9611159 -2.8915645 -2.8620896 -2.867942 -2.8451813 -2.7808044 -2.6513761 -2.4867087 -2.2506961 -2.0224789 -1.8527581 -1.7928459 -1.7810909 -1.8800837 -1.96238 -1.9857897 -1.8430491
-3.1322519 -3.2615836 -3.3113294 -3.2192591 -3.046458 -2.7982555 -2.5154902 -2.2848709 -2.0693059 -2.0635207 -2.0942874 -2.2808245 -2.4743273 -2.7317619 -2.940217 -3.1226182 -3.2242597 -3.2961147 -3.3306454 -3.3636869 -3.4118794 -3.4704482 -3.5632212 -3.6604146 -3.7539379 -3.7876494 -3.8152859 -3.8265886 -3.8176196 -3.8340057 -3.8641661 -3.8862754 -3.9123023 -3.9461652 -3.9129002 -3.8645912 -3.6914947 -3.508499 -3.256844 -3.051045 -2.8286522 -2.7173311 -2.6501475 -2.6514565 -2.6313669 -2.6372194 -2.5480026 -2.460216 -2.2828041 -2.0825803 -1.9245643 -1.8559447 -1.8208301 -1.9067763 -1.9826367 -2.0294563 -1.9002216
-2.8426939 -3.0264304 -3.1165685 -3.0805761 -2.9324218 -2.7237153 -2.4538235 -2.2446496 -2.0314436 -2.0397309 -2.0803994 -2.2793825 -2.4948062 -2.7601169 -2.9890576 -3.1714587 -3.294712 -3.3704118 -3.4105295 -3.4732378 -3.5857345 -3.6677354 -3.8109676 -3.9150553 -4.0160827 -4.0267709 -4.0446048 -3.9288204 -3.9125584 -3.8759245 -3.7565501 -3.742413 -3.7716453 -3.802463 -3.8349988 -3.79086 -3.6761759 -3.480144 -3.2334743 -2.9756029 -2.7437971 -2.5753456 -2.4836008 -2.4709783 -2.4732365 -2.4991897 -2.5063781 -2.4289624 -2.2896375 -2.1173484 -1.9566105 -1.8575726 -1.8177214 -1.889385 -1.9671078 -2.0267895 -1.9379909
-2.5562408 -2.7825624 -2.9207451 -2.9457438 -2.8514887 -2.6867479 -2.4615829 -2.2756931 -2.0877647 -2.0931041 -2.1310025 -2.3240657 -2.5216787 -2.7855222 -2.9996337 -3.1820348 -3.2993564 -3.3877933 -3.4580947 -3.5329386 -3.6659131 -3.7997879 -3.9667084 -4.103664 -4.2148604 -4.2044044 -4.1767679 -4.0153541 -3.8758706 -3.7178546 -3.5554756 -3.5057298 -3.5187742 -3.5538889 -3.6170252 -3.6497237 -3.5764011 -3.4318049 -3.1918547 -2.9413979 -2.6721856 -2.4830683 -2.3285003 -2.3062951 -2.3135782 -2.3603978 -2.3883471 -2.3766422 -2.2587036 -2.1161279 -1.9522595 -1.84729 -1.7829131 -1.8481164 -1.9232248 -1.9993066 -1.9223713
-2.3845418 -2.6298961 -2.8454611 -2.9096695 -2.9044331 -2.7709172 -2.6106046 -2.444358 -2.2864603 -2.2802174 -2.3084093 -2.4602648 -2.6352191 -2.8286748 -3.011505 -3.1386331 -3.2416971 -3.3097343 -3.3956011 -3.490361 -3.6561802 -3.8139804 -3.9963815 -4.1350694 -4.2170036 -4.1630461 -4.049035 -3.8038137 -3.5707308 -3.3115897 -3.0973959 -3.0034317 -3.0267897 -3.1210162 -3.2472436 -3.3587765 -3.3763339 -3.2869101 -3.0996319 -2.8478373 -2.5586452 -2.3379165 -2.1510935 -2.1042739 -2.1048771 -2.1809589 -2.233262 -2.2631018 -2.1723992 -2.0451652 -1.8812968 -1.7670047 -1.6835653 -1.7443881 -1.818934 -1.9184255 -1.8530367
-2.3659475 -2.6273513 -2.8551593 -2.9673188 -2.9816966 -2.9046493 -2.7629164 -2.6290759 -2.4838707 -2.4683188 -2.4823465 -2.5805386 -2.7221548 -2.8567048 -2.9846945 -3.0687361 -3.1262784 -3.1762458 -3.2652429 -3.338692 -3.4940394 -3.6587428 -3.8244188 -3.9374938 -3.980441 -3.847548 -3.6916065 -3.3420585 -3.0566188 -2.7588342 -2.5052123 -2.4145725 -2.4746447 -2.605512 -2.8441279 -3.0020782 -3.122088 -3.0738677 -2.9168786 -2.6841817 -2.3898467 -2.1418883 -1.9391089 -1.8780581 -1.8786613 -1.9615586 -2.0493452 -2.1009842 -2.0490214 -1.9303122 -1.7762185 -1.668043 -1.5802563 -1.6450403 -1.7238486 -1.8326661 -1.7775066
