P1_models/J1_p1_vp_slide_diff2_340.dat.tif
NCOLS 118
NROWS 92
XLLCORNER 139.62
YLLCORNER -39.07
DX 0.099491525
DY 0.099347826
NODATA_VALUE -9999
[rows 0 to 23 of 92, columns 54 to 107 of 118]
-9999 -9999 -9999 -9999 -9999 -9999 -9999 -9999 -9999 -9999 -9999 -9999 -9999 -9999 -9999 -9999 -9999 -9999 -9999 -9999 -9999 -9999 -9999 -9999 -9999 -9999 -9999 -9999 -9999 -9999 -9999 -9999 -9999 -9999 -9999 -9999 -9999 -9999 -9999 -9999 -9999 -9999 -9999 -9999 -9999 -9999 -9999 -9999 -9999 -9999 -9999 -9999 -9999 -9999
0.058900309 0.056414963 0.051477519 0.046540074 0.041602629 0.036665185 0.032852826 0.03698269 0.043066419 0.049150148 0.055233877 0.061317606 0.0747366 0.071881555 0.06902651 0.066171465 0.06331642 0.061657791 0.06153011 0.061402429 0.061274748 0.061147068 0.05678264 0.051193141 0.053009894 0.054826646 0.056643399 0.058460152 0.048829982 0.033911134 0.018992286 0.0040734375 -0.0082209077 -0.0019196111 0.0085200191 0.021990796 0.035461573 0.04893235 0.061932407 0.059613864 0.057295321 0.054976779 0.052658236 0.05079926 0.032806833 0.022069402 0.01133197 0.00059453871 -0.010142893 -0.0052601188 0.010938785 0.027322054 0.043705324 0.060088593
0.048519496 0.047771177 0.045976961 0.041039516 0.036102071 0.031164627 0.027352268 0.024304451 0.026927778 0.033011507 0.039095237 0.045178966 0.062052274 0.078739866 0.075884821 0.073029776 0.070174731 0.068516102 0.068388422 0.068260741 0.06813306 0.063140886 0.057668078 0.049674403 0.04307863 0.044895382 0.046712135 0.048528888 0.038898718 0.02397987 0.0090610216 -0.0010430926 0.0053911933 0.01169249 0.017754152 0.027433815 0.040904592 0.054375369 0.067375426 0.065056883 0.06273834 0.060419798 0.058604542 0.057003118 0.037363478 0.016564911 0.0058274798 -0.0049099518 -0.015647383 -0.010764609 0.0015647785 0.017600869 0.033984139 0.050367408
0.038138683 0.037390364 0.036642046 0.035538958 0.030601513 0.025664069 0.02185171 0.018803893 0.015756077 0.016872867 0.022956596 0.029040325 0.045913634 0.063157686 0.080401738 0.079888088 0.077033043 0.075374414 0.075246733 0.074915487 0.069470905 0.064026324 0.058553515 0.05055984 0.042566166 0.034964118 0.036780871 0.038597624 0.028967454 0.014048606 0.0061347225 0.012569008 0.019003294 0.025304591 0.031366253 0.037427915 0.046347611 0.059818388 0.072818445 0.070499902 0.068181359 0.066409823 0.064808399 0.063206976 0.043567335 0.022006565 0.00044579502 -0.010414442 -0.021151874 -0.0162691 -0.003939712 0.0083896758 0.024262954 0.040646224
0.02775787 0.027009551 0.026261233 0.025512915 0.024764596 0.020163511 0.016351152 0.013303335 0.010255519 0.0072077028 0.0068179557 0.012901685 0.029774994 0.047019046 0.064263098 0.08150715 0.083891354 0.082232726 0.081245506 0.075800924 0.070356343 0.064911761 0.059438953 0.051445278 0.043451603 0.035457928 0.027464254 0.02866636 0.01903619 0.013312538 0.019746823 0.026181109 0.032615395 0.038916692 0.044978354 0.051040016 0.057101678 0.065261407 0.078261464 0.075942921 0.074215104 0.072613681 0.071012257 0.069410834 0.049771193 0.028210423 0.0066496528 -0.014911117 -0.026656364 -0.02177359 -0.0094442025 0.0028851853 0.015214573 0.030925039
0.017377057 0.016628738 0.01588042 0.015132102 0.014383783 0.013635465 0.010850594 0.0078027774 0.0047549611 0.0017071448 -0.0013406715 -0.0032369556 0.013636353 0.030880405 0.048124457 0.065368509 0.082612562 0.087575525 0.082130943 0.076686362 0.07124178 0.065797199 0.06032439 0.052330715 0.044337041 0.036343366 0.028349691 0.020356016 0.020490353 0.026924639 0.033358924 0.03979321 0.046227496 0.052528793 0.058590455 0.064652117 0.070713779 0.076775441 0.083704483 0.082020385 0.080418962 0.078817538 0.077216115 0.075614692 0.055975051 0.034414281 0.012853511 -0.0087072596 -0.03026803 -0.027278081 -0.014948693 -0.0026193051 0.0097100826 0.02203947
0.029839674 0.029091356 0.028343037 0.027594719 0.0268464 0.023693802 0.016480376 0.010871068 0.0078232521 0.0047754358 0.0017276195 -0.0013201968 0.015249764 0.032493816 0.049737868 0.066981921 0.076892339 0.074982114 0.069537532 0.06409295 0.058648369 0.053209572 0.051882923 0.060549825 0.05255615 0.044562475 0.036568801 0.028575126 0.03044998 0.036884265 0.043318551 0.049752837 0.054519146 0.052328157 0.049373586 0.055435248 0.06149691 0.067558572 0.073391778 0.071790354 0.070188931 0.068587508 0.066986084 0.075815993 0.057372917 0.035812147 0.014251376 -0.0073093938 -0.02241652 -0.017725346 -0.0053959583 0.0069334295 0.019262817 0.023885815
0.045921339 0.045173021 0.044424702 0.043676384 0.03979079 0.03517989 0.027966464 0.018984512 0.012249092 0.0092012758 0.0061534595 0.0031056432 0.019675604 0.036919656 0.054163708 0.061311667 0.062163495 0.06025327 0.054808688 0.049364107 0.044514189 0.043068061 0.041741413 0.051085169 0.060428925 0.053943447 0.045949772 0.037956097 0.039830951 0.046265237 0.052699523 0.056826745 0.058190154 0.055999165 0.047403473 0.042601623 0.048663285 0.054724947 0.060558152 0.058956729 0.057355306 0.055753882 0.065622313 0.076452453 0.058009377 0.036448607 0.014887837 0.00085264337 -0.010478293 -0.0057871194 0.0065422684 0.018871656 0.022650422 0.021427273
0.062003004 0.061254686 0.060498676 0.055887777 0.051276878 0.046665979 0.039452553 0.0304706 0.021488647 0.013627116 0.010579299 0.0075314832 0.024101444 0.041345496 0.045730995 0.046582823 0.047434652 0.045524426 0.040079845 0.035818806 0.034372678 0.032926551 0.031599902 0.040943658 0.050287414 0.05963117 0.055330743 0.047337069 0.049211922 0.055646208 0.059134343 0.060497753 0.061861162 0.059670173 0.051074481 0.042478788 0.03582966 0.041891322 0.047724527 0.046123104 0.044598493 0.055428633 0.066258773 0.077088913 0.058645837 0.037085067 0.024121807 0.01279087 0.0014599332 0.0061511072 0.018480495 0.021415029 0.02019188 0.018968731
0.078084669 0.076595664 0.071984765 0.067373866 0.062762966 0.058152067 0.050938641 0.041956688 0.032974736 0.023992783 0.01501083 0.011957323 0.028527284 0.030150323 0.031002151 0.03185398 0.032705808 0.030795583 0.027123423 0.025677295 0.024231168 0.02278504 0.021458391 0.030802147 0.040145903 0.049489659 0.058833415 0.05671804 0.058592894 0.061441942 0.062805351 0.06416876 0.06553217 0.063341181 0.054745488 0.046149796 0.037554104 0.029057696 0.034890902 0.034404813 0.045234953 0.056065093 0.066895233 0.077725374 0.059282297 0.04739097 0.036060033 0.024729097 0.01339816 0.018089334 0.020179636 0.018956487 0.017733339 0.01651019
0.089316046 0.084705147 0.080094248 0.075483348 0.070872449 0.06626155 0.061374086 0.052392133 0.04341018 0.034428228 0.025446275 0.016464322 0.016989474 0.017841303 0.018693131 0.019544959 0.020396788 0.021167825 0.019721697 0.018275569 0.016829441 0.015383314 0.014466334 0.021869892 0.031213648 0.040557404 0.04990116 0.059244916 0.063130223 0.064493633 0.065857042 0.067220451 0.068583861 0.065614427 0.057018735 0.048423043 0.03982735 0.031231658 0.0232151 0.03404524 0.044875381 0.055705521 0.066535661 0.077237417 0.067759979 0.056429042 0.045098105 0.033767169 0.022436232 0.019025827 0.017802678 0.01657953 0.015356381 0.014133232
0.075296205 0.070685306 0.066074407 0.061463507 0.056852608 0.067786548 0.066309767 0.055941955 0.046960002 0.03797805 0.028996097 0.020014144 0.020539296 0.021391125 0.022242953 0.023094781 0.028441851 0.031721875 0.030275748 0.02882962 0.027383492 0.027020656 0.029318006 0.024278291 0.030206509 0.039550265 0.048894021 0.058237777 0.062123085 0.063486494 0.064849903 0.066213313 0.070927304 0.068416812 0.050131447 0.041535755 0.032940062 0.02434437 0.016327812 0.027157952 0.037988093 0.048818233 0.059342922 0.06726869 0.057791253 0.046460316 0.035129379 0.023798442 0.019244628 0.017183546 0.015960397 0.014737248 0.013514099 0.012877219
0.061276364 0.056665465 0.052054565 0.048796388 0.061181662 0.073566935 0.072090154 0.061193523 0.050509824 0.041527872 0.032545919 0.023563966 0.024089118 0.024940947 0.025792775 0.03202245 0.038995902 0.042275926 0.040829798 0.039383671 0.039492822 0.041872328 0.044169679 0.039129963 0.034090248 0.038543126 0.047886882 0.057230638 0.061115946 0.062479355 0.063842765 0.069124407 0.076021985 0.073511493 0.05404851 0.034648467 0.026052774 0.017457082 0.0094405242 0.020270664 0.031100805 0.041448428 0.049374196 0.057299964 0.047822526 0.036491589 0.025160653 0.0212211 0.017402347 0.015341265 0.014118116 0.012894967 0.012286472 0.011770111
0.047256523 0.042645624 0.042191502 0.054576776 0.066962049 0.079347323 0.077870542 0.066973911 0.056077279 0.045180647 0.036095741 0.027113788 0.02763894 0.028629598 0.035603049 0.042576501 0.049549952 0.052829977 0.051383849 0.051964989 0.054344494 0.056724 0.059021351 0.053981636 0.048941921 0.043902205 0.046879744 0.0562235 0.060108807 0.061472217 0.067321509 0.074219087 0.081116666 0.078606173 0.059143191 0.039680208 0.020217225 0.010569794 0.0025532361 0.013383376 0.023553933 0.031479701 0.03940547 0.047331238 0.0378538 0.027016323 0.023197571 0.019378818 0.015560066 0.013498983 0.012275835 0.011695726 0.011179365 0.010663004
0.033236682 0.035586616 0.04797189 0.060357163 0.072742437 0.085127711 0.08365093 0.072754298 0.061857667 0.050961035 0.040064403 0.03066361 0.032210197 0.039183649 0.0461571 0.053130552 0.060104003 0.063384028 0.064437155 0.066816661 0.069196166 0.071575672 0.073873023 0.068833308 0.063793593 0.058753878 0.053714163 0.055216361 0.059101669 0.065518611 0.072416189 0.079313768 0.086211346 0.083700854 0.064237871 0.044774889 0.025311906 0.0058489232 -0.0043340519 0.005659439 0.013585207 0.021510975 0.029436743 0.037362511 0.028992795 0.025174042 0.02135529 0.017536537 0.013717784 0.011656702 0.01110498 0.010588619 0.010072258 0.0095558968
0.028105814 0.039084442 0.051469716 0.06385499 0.076240263 0.088625537 0.09048717 0.079590538 0.068693906 0.057797275 0.046900643 0.036004011 0.039734372 0.046707824 0.053681275 0.060654726 0.067628178 0.072586398 0.074965903 0.077345409 0.079724915 0.08210442 0.082661874 0.08185251 0.076812795 0.07177308 0.066733365 0.06169365 0.064818881 0.07171646 0.078614038 0.085511617 0.092409195 0.083300547 0.063837564 0.044374582 0.024911599 0.0054486163 -0.013197836 -0.0052720684 0.0026536997 0.010579468 0.018505236 0.029112003 0.029623133 0.02580438 0.021985627 0.018166875 0.014348122 0.014950648 0.014434287 0.013917926 0.013401565 0.012885204
0.038793737 0.040677858 0.049663699 0.062048973 0.074434247 0.08681952 0.090895389 0.088880194 0.077983562 0.06708693 0.056190299 0.045293667 0.044387968 0.047191669 0.05416512 0.061138572 0.068112023 0.073070243 0.075449748 0.077829254 0.08020876 0.079841706 0.076887863 0.084756517 0.085574005 0.08053429 0.075494575 0.07045486 0.073580091 0.08047767 0.087375248 0.094272827 0.09060739 0.077467125 0.051383451 0.031205922 0.011742939 -0.0077200437 -0.026366496 -0.018440728 -0.01051496 -0.0025891923 0.0089923757 0.028586939 0.03266689 0.032180185 0.028361433 0.02454268 0.020723927 0.023770788 0.028072207 0.027555846 0.027039485 0.026523124
0.049481661 0.051365782 0.053249902 0.060242956 0.07262823 0.085013503 0.089089372 0.08751865 0.085947927 0.076376586 0.065479955 0.054583323 0.053677624 0.053115225 0.054648965 0.061622417 0.068595868 0.073554088 0.075933593 0.078313099 0.07714272 0.074067695 0.071113852 0.078982506 0.086851159 0.0892955 0.084255785 0.07921607 0.082341301 0.08923888 0.096136458 0.090850936 0.084893834 0.071753568 0.045669894 0.019586219 -0.001425721 -0.020888704 -0.039535156 -0.031609388 -0.02368362 -0.011127251 0.0084673119 0.028061875 0.032141826 0.034569419 0.034737238 0.030918485 0.027099733 0.030146593 0.036466494 0.041193766 0.040677405 0.040161044
0.060169585 0.062053705 0.063937826 0.065821947 0.070822213 0.083207487 0.087283356 0.085712633 0.084141911 0.082571188 0.074769611 0.063872979 0.06296728 0.062404881 0.061842483 0.062106262 0.069079713 0.074037933 0.076417438 0.074443734 0.071368709 0.068293684 0.065339841 0.073208494 0.081077148 0.088945801 0.093016995 0.08797728 0.091102511 0.097051583 0.091094481 0.085137379 0.079180277 0.066040011 0.039956337 0.013872662 -0.012211012 -0.034057364 -0.052703816 -0.044778048 -0.031246879 -0.011652315 0.007942248 0.027536811 0.031616762 0.034044355 0.036471948 0.037294291 0.033475538 0.036522398 0.042842299 0.049162199 0.054315325 0.053798964
0.070857508 0.072741629 0.07462575 0.076509871 0.078393991 0.08140147 0.085477339 0.083906616 0.082335894 0.080765172 0.079194449 0.073162635 0.072256936 0.071694537 0.071132139 0.07056974 0.070007342 0.074521778 0.071744748 0.068669723 0.065594698 0.062519673 0.05956583 0.067434483 0.075303137 0.08317179 0.091040443 0.09673849 0.097295128 0.091338026 0.085380924 0.079423822 0.07346672 0.060326454 0.03424278 0.0081591055 -0.017924569 -0.044008243 -0.065872477 -0.051366506 -0.031771942 -0.012177379 0.0074171842 0.027011748 0.031091698 0.033519291 0.035946885 0.038374478 0.039851343 0.042898203 0.049218104 0.055538005 0.061857905 0.067436884
0.073787785 0.075671906 0.077556027 0.079440148 0.081324268 0.084563184 0.080669468 0.078302746 0.076732024 0.075161301 0.073590579 0.072019856 0.071423961 0.070861563 0.070299165 0.069736766 0.068522563 0.063365248 0.060290223 0.057215198 0.054140172 0.051065147 0.053867253 0.057089553 0.064958206 0.072826859 0.080695513 0.088564166 0.086976191 0.081019089 0.075061987 0.069104885 0.063147783 0.058514331 0.034698446 0.0086147717 -0.017468903 -0.043552577 -0.068274464 -0.048679901 -0.029085338 -0.0094907743 0.010103789 0.032182903 0.036721519 0.039149112 0.041576706 0.044004299 0.042345254 0.043110208 0.049430108 0.055750009 0.06206991 0.06987241
0.070866325 0.072750446 0.074634567 0.076518687 0.080697305 0.087533261 0.083639546 0.072454566 0.068263361 0.066692639 0.065121916 0.063551194 0.062955299 0.062392901 0.061830502 0.059567718 0.05278312 0.047625804 0.044550779 0.041475754 0.038400729 0.042576686 0.048368668 0.048871382 0.051165346 0.059033999 0.066902652 0.074771306 0.073183331 0.067226229 0.061269127 0.056413728 0.059284904 0.054662384 0.036536905 0.013723998 -0.012359677 -0.038443351 -0.063165238 -0.043570675 -0.023976111 -0.0043815482 0.018095651 0.042455468 0.046994084 0.049421678 0.051849271 0.048795031 0.037907788 0.038672742 0.044992642 0.051312543 0.059474198 0.071559632
0.067944865 0.069828986 0.071713106 0.076831426 0.083667382 0.090503338 0.086609623 0.075424644 0.064239664 0.058223976 0.056653254 0.055082531 0.054486637 0.053924238 0.050612873 0.043828275 0.037043676 0.031886361 0.028811336 0.02573631 0.031226894 0.037078101 0.042870083 0.043372796 0.04387551 0.045241139 0.053109792 0.060978445 0.059390471 0.053433369 0.049690605 0.052561781 0.055432956 0.050810436 0.032684957 0.014559478 -0.0072504503 -0.033334125 -0.058056012 -0.038461449 -0.018866885 0.0040083987 0.028368216 0.052728033 0.05726665 0.059694243 0.055244808 0.044357565 0.033470322 0.034235276 0.040555177 0.049075985 0.06116142 0.073246854
0.065023405 0.066907525 0.072965547 0.079801503 0.086637459 0.093473415 0.0895797 0.078394721 0.067209741 0.056024762 0.048184592 0.046613869 0.046017974 0.041658028 0.034873429 0.028088831 0.021304232 0.016146917 0.014025894 0.019877101 0.025728308 0.031579516 0.037371498 0.037874211 0.038376925 0.038879639 0.039382353 0.047185585 0.04559761 0.042967482 0.045838658 0.048709833 0.051581008 0.046958488 0.028833009 0.010707531 -0.007417948 -0.028224899 -0.052946786 -0.033352222 -0.010078853 0.014280964 0.038640781 0.063000598 0.067539215 0.061694585 0.050807342 0.039920099 0.029032856 0.02979781 0.038677773 0.050763207 0.062848642 0.074934076
