P1_models/J1_p1_vp_slide_diff2_340.dat.tif
NCOLS 118
NROWS 92
XLLCORNER 139.62
YLLCORNER -39.07
DX 0.099491525
DY 0.099347826
NODATA_VALUE -9999
[rows 48 to 71 of 92, columns 0 to 53 of 118]
-9999 -0.0094998826 0.0028189624 0.015137807 0.027456652 0.039775497 0.052094342 0.055267657 0.047966121 0.040664585 0.033363048 0.026061512 0.018759976 0.020176289 0.021360107 0.02153372 0.021707333 0.021880945 0.022054558 0.020728346 0.015941975 0.011155603 0.0063692316 0.0015828601 -0.0032035114 -0.0092809493 0.0016832668 0.014350899 0.027018531 0.039686163 0.052353795 0.058373305 0.05157736 0.044781414 0.037985468 0.031189522 0.024393577 0.013633235 0.0016246081 -0.010384019 -0.022392646 -0.034401273 -0.046016121 -0.040693243 -0.031472648 -0.022252052 -0.013031457 -0.0038108616 0.0054097337 0.014531528 0.023636246 0.032740964 0.041845682 0.0509504
-9999 -0.010112307 0.0022065382 0.014525383 0.026844228 0.039138797 0.051386367 0.054558755 0.047257219 0.039955683 0.032654146 0.027103664 0.02816333 0.030785092 0.036535038 0.039566896 0.039740509 0.039914121 0.040087734 0.038761522 0.03397515 0.029188779 0.024402407 0.018690732 0.0060184968 -0.0017470725 0.0036384544 0.012350917 0.025018549 0.037686181 0.050353813 0.056373323 0.049577377 0.042781432 0.035985486 0.02837518 0.01798017 0.0069212961 -0.005087331 -0.017095958 -0.029104585 -0.039285833 -0.046299814 -0.040424733 -0.025283868 -0.015047569 -0.0058269733 0.003393622 0.012614217 0.021736011 0.030840729 0.039945448 0.049050166 0.038100634
-9999 -0.010724731 0.0015941141 0.013912959 0.026182325 0.038429895 0.050677465 0.053849853 0.046548317 0.039246781 0.0366528 0.037712466 0.038772132 0.041393894 0.047143841 0.052893788 0.057773684 0.057947297 0.05812091 0.056794698 0.052008326 0.047221955 0.038896845 0.026224609 0.013552374 0.0057868043 0.011172331 0.016557858 0.023018567 0.035686199 0.048353831 0.054373341 0.047577395 0.04078145 0.03205825 0.021663241 0.011268231 0.00020935696 -0.01179927 -0.023807897 -0.032555546 -0.039569527 -0.046583508 -0.040708426 -0.025567561 -0.010426697 0.0013775103 0.010598106 0.019818701 0.028940495 0.038045213 0.043140699 0.031059763 0.018978827
-9999 -0.011337155 0.0009782832 0.013225853 0.025473423 0.037720993 0.049968563 0.053140951 0.045839415 0.046201936 0.047261602 0.048321269 0.049380935 0.052002696 0.057752643 0.06350259 0.069252537 0.075002484 0.076154086 0.074827874 0.070041502 0.059102957 0.046430722 0.033758486 0.02108625 0.013320681 0.018706208 0.024091735 0.029477262 0.034862789 0.046353848 0.052373359 0.045577413 0.035741321 0.025346311 0.014951302 0.0045562922 -0.0065025822 -0.018511209 -0.025825258 -0.032839239 -0.03985322 -0.046867201 -0.040992119 -0.025851255 -0.01071039 0.0044304749 0.017802589 0.027023184 0.036144978 0.036099828 0.024018892 0.011937956 -0.00014298038
-9999 -0.011978189 0.00026938127 0.012516951 0.024764521 0.037012091 0.049259661 0.054691406 0.055751072 0.056810738 0.057870405 0.058930071 0.059989737 0.062611499 0.068361446 0.074111393 0.079861339 0.085611286 0.091361233 0.091981305 0.07930907 0.066636834 0.053964598 0.041292363 0.028620127 0.020854558 0.026240085 0.031625612 0.037011139 0.042396665 0.047782192 0.0498194 0.039424391 0.029029381 0.018634372 0.0082393625 -0.002155647 -0.012080989 -0.01909497 -0.026108951 -0.033122932 -0.040136913 -0.047150894 -0.041275812 -0.026134948 -0.010994083 0.0041467817 0.019287646 0.034227668 0.029058957 0.016978021 0.0048970846 -0.0071838515 -0.019264788
-9999 0.0013257519 0.013573322 0.025820892 0.038068462 0.050316031 0.059057972 0.062974179 0.064033846 0.065093512 0.066153178 0.067212845 0.061160509 0.054361207 0.061818839 0.067568786 0.073318733 0.07906868 0.084818627 0.084997982 0.072325747 0.059653511 0.046981275 0.03430904 0.023771909 0.021450236 0.031183635 0.036569162 0.041954689 0.047340216 0.052725743 0.052721155 0.042326145 0.031931136 0.021536126 0.011141117 -0.003651192 -0.017744004 -0.024757985 -0.031771966 -0.038785947 -0.045799928 -0.048047203 -0.038961411 -0.023662867 -0.008522002 0.0066188628 0.021759727 0.036900592 0.028831046 0.01675011 0.0046691735 -0.0074117627 -0.016109041
-9999 0.016974114 0.029221684 0.041469254 0.053716824 0.060560319 0.066951589 0.070867796 0.071927462 0.072987129 0.074046795 0.063062179 0.048906818 0.042107517 0.050039147 0.057970777 0.063906607 0.069656553 0.0754065 0.075585855 0.06291362 0.050241384 0.037569149 0.028698546 0.021536151 0.019214478 0.029867154 0.040519829 0.046464864 0.051850391 0.057235918 0.05723133 0.04683632 0.036441311 0.026046301 0.0088266273 -0.010214196 -0.024307008 -0.031320989 -0.03833497 -0.045348951 -0.045726341 -0.045522041 -0.036436249 -0.020965666 -0.0055888654 0.0095519993 0.024692864 0.039833729 0.031764182 0.019683246 0.0076023101 0.0016539727 0.0023212766
-9999 0.032622477 0.044870047 0.055671395 0.062062665 0.068453935 0.074845206 0.078761413 0.079821079 0.07911921 0.064963849 0.050808488 0.036653128 0.029853826 0.037785457 0.045717087 0.053648717 0.060244427 0.065994374 0.066173729 0.053501493 0.040829258 0.033625183 0.026462788 0.019300393 0.01697872 0.027631395 0.038284071 0.048936747 0.056360567 0.061746093 0.061741505 0.051346496 0.04034527 0.021304447 0.0022636235 -0.0167772 -0.030870012 -0.037883993 -0.04360978 -0.04340548 -0.043201179 -0.042996878 -0.033911086 -0.018440503 -0.0029699199 0.012485136 0.027626001 0.042766865 0.034697319 0.022616383 0.019416986 0.02008429 0.020751594
-9999 0.048270839 0.057173741 0.063565011 0.069956282 0.076347552 0.082738822 0.08665503 0.08102088 0.066865519 0.052710159 0.038554798 0.024399437 0.017600136 0.025531766 0.033463396 0.041395027 0.049326657 0.056582247 0.056761602 0.045714214 0.03855182 0.031389425 0.02422703 0.017064635 0.014742962 0.025395637 0.036048313 0.046700989 0.057353664 0.066256269 0.066251681 0.052823089 0.033782266 0.014741443 -0.0042993803 -0.023340203 -0.037433016 -0.041288918 -0.041084618 -0.040880317 -0.040676016 -0.040471716 -0.031385924 -0.01591534 -0.00044475729 0.015025826 0.030496409 0.045700002 0.037630455 0.03718 0.037847304 0.038514608 0.039181912
-9999 0.055361815 0.061753085 0.068144355 0.074535626 0.080926896 0.087318166 0.08486543 0.070710069 0.056554708 0.042399348 0.028243987 0.014088626 0.0046186247 0.012550255 0.020481885 0.028413515 0.036345146 0.044276776 0.047644199 0.040481804 0.033319409 0.026157014 0.018994619 0.011832225 0.012075393 0.022774527 0.033427203 0.044079879 0.054732554 0.06538523 0.065895578 0.046854755 0.027813932 0.0087731085 -0.010267715 -0.029308538 -0.035930598 -0.035726297 -0.035521996 -0.035317696 -0.035113395 -0.034909094 -0.028807802 -0.013337219 0.002133364 0.017603947 0.03307453 0.048545113 0.04759842 0.048265724 0.048933028 0.049600332 0.050267636
-9999 0.048621396 0.055012666 0.061403936 0.067795207 0.073897331 0.077963925 0.075701916 0.066135887 0.052879722 0.038724361 0.024569 0.01041364 0.00066449728 -0.00026093972 0.0050145325 0.012946163 0.020877793 0.028809423 0.032176846 0.025014452 0.017852057 0.010689662 0.0035272668 0.0025319427 0.0056842367 0.018211232 0.029489938 0.040142614 0.05079529 0.061447965 0.061958313 0.04291749 0.023876667 0.0048358438 -0.01383849 -0.011496055 -0.012629297 -0.018734989 -0.01958506 -0.019380759 -0.019176458 -0.018972158 -0.015947661 -0.01057822 0.0048923635 0.020362947 0.03583353 0.051304113 0.042654044 0.034266291 0.034933595 0.035600899 0.036268203
-9999 0.041880977 0.048272247 0.054663518 0.059943641 0.064010235 0.068076829 0.06581482 0.056248792 0.046682763 0.035049375 0.020894014 0.0067386533 -0.0030104892 -0.0039359262 -0.0048613632 -0.0025211899 0.0054104403 0.013342071 0.016709494 0.0095470989 0.002384704 -0.0031684105 -0.0035138119 -0.0038592133 -0.00070691936 0.011820075 0.02434707 0.036205349 0.046858025 0.0575107 0.058021048 0.038980225 0.019939402 0.007877144 0.010219579 0.012562014 0.011428772 0.0053230802 -0.00078261183 -0.0034438223 -0.0032395216 -0.0030352209 -1.072379e-05 0.0050411766 0.010093077 0.023121946 0.038592529 0.054063112 0.045413044 0.032594272 0.020934161 0.021601465 0.022268769
-9999 0.035140558 0.041531828 0.045989952 0.050056546 0.054123139 0.058189733 0.055927725 0.046361696 0.036795667 0.027229639 0.017219027 0.0030636668 -0.0066854757 -0.0076109127 -0.0085363497 -0.0094617867 -0.010056912 -0.0021252821 0.0012421412 -0.0059202537 -0.0092141651 -0.0095595666 -0.009904968 -0.010250369 -0.0070980754 0.0054289194 0.017955914 0.030482909 0.04292076 0.053573436 0.054083783 0.03504296 0.029592778 0.031935214 0.034277649 0.036620084 0.035486842 0.02938115 0.023275458 0.017169766 0.012697415 0.012901716 0.015926213 0.020978113 0.026030014 0.031081914 0.041351529 0.056822112 0.048172043 0.035353271 0.022534499 0.0097157263 0.0082693358
-9999 0.027969669 0.032036262 0.036102856 0.04016945 0.044236044 0.048302638 0.046040629 0.0364746 0.026908572 0.017342543 0.0077765145 -0.0017895141 -0.010360462 -0.011285899 -0.012211336 -0.013136773 -0.01406221 -0.014987647 -0.014225211 -0.01525992 -0.015605321 -0.015950723 -0.016296124 -0.016641525 -0.013489231 -0.00096223661 0.011564758 0.024091753 0.036618748 0.049145743 0.050146519 0.051308413 0.053650848 0.055993283 0.058335718 0.060678154 0.059544911 0.053439219 0.047333527 0.041227835 0.035122143 0.029016451 0.03186315 0.03691505 0.04196695 0.047018851 0.052070751 0.059581111 0.050931043 0.038112271 0.025293498 0.012474726 -0.00034404661
-9999 0.031931938 0.035998532 0.040065125 0.044131719 0.048198313 0.047965355 0.044466363 0.039456905 0.029890876 0.020324848 0.010758819 0.0011927905 -0.0022487584 0.0026247765 0.0016993395 0.00077390245 -0.00015153456 -0.0010769716 -0.0018270145 -0.0021724159 -0.0025178173 -0.0028632187 -0.0032086201 -0.0033446182 -0.0062847257 -0.0099250878 0.002601907 0.015128902 0.027655897 0.040182892 0.049231174 0.051573609 0.053916044 0.05625848 0.058600915 0.06250983 0.066989451 0.064148138 0.058042446 0.051936754 0.045831062 0.03972537 0.036729868 0.040039824 0.045091725 0.050143625 0.055195525 0.060247426 0.044194218 0.031283189 0.018464417 0.0056456444 -0.007173128
-9999 0.041916615 0.045983209 0.050049803 0.054116396 0.050153496 0.043671542 0.04017255 0.04011628 0.038469451 0.028903422 0.019337393 0.0097713649 0.006329816 0.01515289 0.023257155 0.022331718 0.021406281 0.020480844 0.019730801 0.0193854 0.019039999 0.018694597 0.018906237 0.019609807 0.0166697 0.0039636203 -0.0074792481 0.0050477468 0.017574742 0.030101736 0.039150019 0.041492454 0.043834889 0.046177324 0.051581917 0.058761327 0.063240948 0.063858138 0.062946476 0.056840784 0.050735092 0.0446294 0.041633898 0.040874271 0.042645119 0.047697019 0.05274892 0.05780082 0.041747613 0.022046869 0.0074659501 -0.0053528223 -0.018171595
-9999 0.051901292 0.055967886 0.058823592 0.052341638 0.045859683 0.039377729 0.035878737 0.035822467 0.035766197 0.035709927 0.027915968 0.018349939 0.01490839 0.023731465 0.032554539 0.041377613 0.042964097 0.04203866 0.041288617 0.040943216 0.040597815 0.041157091 0.041860662 0.042564233 0.039624125 0.026918046 0.014211966 0.0015058868 0.0074935865 0.020020581 0.029068864 0.031411299 0.033753734 0.040654003 0.047833413 0.055012823 0.059492444 0.060109634 0.060726825 0.061344015 0.055639121 0.049533429 0.046537927 0.045778301 0.045018674 0.045250413 0.050302314 0.055354214 0.039301007 0.019600264 -0.0001004798 -0.016351289 -0.029170061
-9999 0.06188597 0.061011733 0.054529779 0.048047824 0.04156587 0.035083916 0.031584924 0.031528654 0.031472384 0.031416114 0.031359845 0.026928514 0.023486965 0.032310039 0.041133113 0.049956188 0.058779262 0.063596476 0.062846433 0.062704375 0.063407946 0.064111517 0.064815088 0.065518659 0.062578551 0.049872472 0.037166392 0.024460312 0.011754233 0.0099394263 0.018987709 0.02254668 0.02972609 0.0369055 0.044084909 0.051264319 0.05574394 0.05636113 0.056978321 0.057595511 0.058212702 0.054437459 0.051441957 0.05068233 0.049922703 0.049163077 0.04840345 0.052907608 0.036854401 0.017153658 -0.0025470856 -0.022247829 -0.040168528
-9999 0.063345151 0.056863196 0.050381242 0.043899288 0.037417333 0.030935379 0.029081469 0.0290252 0.02896893 0.02891266 0.02885639 0.02880012 0.028060561 0.036883635 0.04570671 0.054529784 0.063352858 0.072175932 0.078543791 0.079247362 0.079950932 0.080654503 0.081358074 0.082061645 0.07983114 0.06712506 0.054418981 0.041712901 0.029006821 0.016300742 0.010386895 0.017566305 0.024745714 0.031925124 0.039104534 0.046283943 0.053833506 0.054450696 0.055067887 0.055685077 0.056302268 0.056919458 0.056676193 0.055916566 0.055156939 0.054397313 0.053637686 0.05287806 0.035968469 0.016267726 -0.0034330175 -0.023133761 -0.042834504
-9999 0.059919196 0.053437242 0.046955287 0.040473333 0.034313803 0.035092121 0.035483002 0.035426732 0.035370462 0.035314192 0.035257923 0.028984213 0.024209486 0.023619501 0.03036012 0.039183194 0.048006268 0.056829343 0.063197201 0.063900772 0.064604343 0.065307913 0.066011484 0.070449317 0.070432236 0.056366495 0.043311452 0.030605373 0.017899293 0.0051932134 -0.00072063352 0.0064587761 0.013638186 0.020817595 0.027997005 0.048340889 0.061065365 0.061682556 0.062299746 0.062916937 0.062512507 0.051002538 0.052762441 0.062793202 0.062033575 0.061273949 0.060514322 0.059754696 0.042845105 0.023144362 0.0034436183 -0.016257125 -0.032427447
-9999 0.056493242 0.050011287 0.043529333 0.039937018 0.040715336 0.041493653 0.041884534 0.041828264 0.041771995 0.039899093 0.033034667 0.026170241 0.021395514 0.020805529 0.020215545 0.023836604 0.032659678 0.041482753 0.047850611 0.048554182 0.049257753 0.050672949 0.055897415 0.061121881 0.0611048 0.047039059 0.032973318 0.019497844 0.0067917644 -0.0059143151 -0.011828162 -0.0046487524 0.0025306573 0.013198128 0.034385438 0.055572749 0.068297224 0.068914415 0.069531605 0.06564635 0.054136382 0.042626413 0.044386316 0.05568576 0.066985205 0.068150584 0.067390958 0.066631331 0.049721741 0.030020997 0.010320254 -0.0045803636 -0.019048386
-9999 0.053067287 0.046585333 0.045560233 0.046338551 0.047116868 0.047895185 0.048286067 0.048229797 0.043949547 0.037085121 0.030220695 0.023356269 0.018581542 0.017991557 0.017401573 0.016811588 0.017313089 0.026136163 0.032504021 0.033207592 0.036121047 0.041345513 0.046569979 0.051794444 0.051777363 0.037711623 0.023645882 0.0095801408 -0.0043157641 -0.017021844 -0.022935691 -0.015756281 -0.0007573236 0.020429987 0.041617297 0.062804608 0.075529084 0.076146274 0.068780193 0.057270225 0.045760256 0.034250287 0.03601019 0.047309635 0.058609079 0.069908524 0.074267594 0.073507967 0.056598376 0.037734742 0.02326672 0.0087986977 -0.0056693244
-9999 0.050405131 0.051183448 0.051961766 0.052740083 0.0535184 0.054296718 0.054687599 0.048000001 0.041135575 0.034271149 0.027406723 0.020542297 0.01576757 0.015177585 0.014587601 0.013997616 0.013407631 0.012817646 0.017157431 0.021569145 0.026793611 0.032018077 0.037242542 0.042467008 0.042449927 0.028384186 0.014318445 0.00025270461 -0.013813036 -0.027878777 -0.034043219 -0.014712775 0.0064745358 0.027661846 0.048849157 0.070036467 0.082760943 0.071914036 0.060404068 0.048894099 0.03738413 0.025874162 0.027634064 0.038933509 0.050232954 0.061532398 0.072831843 0.080384603 0.065581825 0.051113803 0.036645781 0.022177759 0.007709737
-9999 0.053093114 0.053871432 0.054649749 0.055428066 0.056206383 0.051099844 0.051563346 0.055807021 0.048942595 0.042078169 0.035213743 0.028349317 0.021427404 0.01738504 0.016795055 0.016205071 0.015615086 0.015025101 0.016193319 0.021417785 0.026642251 0.031866717 0.037091182 0.041780946 0.043842573 0.040181878 0.026116137 0.012050396 -0.0020153446 -0.016081085 -0.018105537 0.0030817735 0.024269084 0.045456395 0.066643705 0.082496697 0.080455231 0.071078441 0.059568472 0.048058504 0.036548535 0.025038566 0.015675196 0.022321916 0.033621361 0.044920805 0.05622025 0.067519694 0.078790608 0.064322586 0.049854564 0.035386542 0.02091852
