P1_models/J1_p1_tot_conduct_slide_61.34.dat.tif
NCOLS 118
NROWS 92
XLLCORNER 139.62
YLLCORNER -39.07
DX 0.099491525
DY 0.099347826
NODATA_VALUE -9999
[rows 52 to 77 of 92, columns 57 to 113 of 118]
-3.7682826 -3.855509 -3.9384186 -4.0172409 -4.0853141 -4.1519018 -4.2095021 -4.2690937 -4.3266637 -4.3611129 -4.389299 -4.3788262 -4.3617797 -4.3286158 -4.2799547 -4.213627 -4.1001701 -3.9619874 -3.8156862 -3.6662041 -3.4948576 -3.3242938 -3.14742 -2.9863445 -2.8400334 -2.745615 -2.6695187 -2.6487842 -2.6409254 -2.6941629 -2.7556539 -2.8330362 -2.9183731 -3.0119909 -3.0706139 -3.1194159 -3.1486781 -3.1580631 -3.169768 -3.1814728 -3.19009 -3.2116866 -3.2401065 -3.3161882 -3.403791 -3.4974301 -3.6029585 -3.7202736 -3.8396763 -3.9569055 -4.0329873 -4.074747 -4.1006179 -4.0563831 -3.9791793 -3.8445731 -3.6403508
-3.8752247 -3.9407631 -3.9990092 -4.0574964 -4.1145618 -4.1575011 -4.2064578 -4.249385 -4.3015674 -4.3301464 -4.3572591 -4.3512804 -4.3392934 -4.3179772 -4.2751147 -4.2145763 -4.1099765 -3.9754738 -3.8282233 -3.6946379 -3.5180333 -3.3444551 -3.1633778 -2.993909 -2.8415556 -2.7272684 -2.6437314 -2.6050308 -2.5915389 -2.6395441 -2.6877714 -2.7618071 -2.8480932 -2.9417323 -3.0217317 -3.079829 -3.1348153 -3.1584394 -3.1884509 -3.228102 -3.246747 -3.287836 -3.3215783 -3.402426 -3.4852824 -3.5686316 -3.6447134 -3.7477727 -3.8284648 -3.9314549 -3.9911346 -4.0112592 -4.0301518 -3.9792617 -3.9011087 -3.7665025 -3.5622801
-3.9720833 -4.0075023 -4.0461934 -4.0753768 -4.117268 -4.151978 -4.1833964 -4.2171975 -4.2558886 -4.2838924 -4.3104745 -4.3092645 -4.3053261 -4.2895253 -4.2624924 -4.2072194 -4.1181286 -3.9910006 -3.8593386 -3.7279465 -3.5542111 -3.3751056 -3.1921899 -3.0177338 -2.8597178 -2.7401013 -2.6406098 -2.5975104 -2.5688248 -2.6039395 -2.6440146 -2.7158696 -2.7963948 -2.8900339 -2.9700334 -3.0472024 -3.1086388 -3.1634045 -3.210224 -3.2580272 -3.2931419 -3.3397449 -3.3902961 -3.4776157 -3.5572917 -3.6333735 -3.6996726 -3.7757544 -3.81618 -3.8807824 -3.927602 -3.9363136 -3.942166 -3.9092951 -3.8270054 -3.6923992 -3.4881769
-4.0017862 -4.0165072 -4.0165072 -4.0318496 -4.0377897 -4.0724998 -4.1039182 -4.1324019 -4.163164 -4.1911677 -4.2177499 -4.2386955 -4.2457174 -4.2457174 -4.2259302 -4.1927664 -4.1178242 -4.0241165 -3.8952421 -3.7676856 -3.6018664 -3.4280911 -3.2401627 -3.0634284 -2.89956 -2.7776903 -2.6737257 -2.6274216 -2.5953176 -2.6169625 -2.6499532 -2.7107536 -2.7866218 -2.8701644 -2.9501638 -3.0273328 -3.0975622 -3.1569143 -3.2095862 -3.2658425 -3.3196346 -3.3729674 -3.4300352 -3.5412316 -3.6291231 -3.6935 -3.7499506 -3.8088703 -3.7570679 -3.7729999 -3.7905573 -3.7928604 -3.7898327 -3.8077567 -3.7543631 -3.6256093 -3.4199114
-4.0299112 -3.9956159 -3.9771327 -3.964596 -3.9504467 -3.9637607 -3.9766603 -3.9907006 -4.0171616 -4.0450187 -4.0762571 -4.1000178 -4.127587 -4.1364578 -4.137423 -4.1155743 -4.0558097 -3.9906732 -3.8764595 -3.7684102 -3.6049176 -3.4566926 -3.271804 -3.1069314 -2.9507991 -2.827183 -2.7263489 -2.6800448 -2.6352892 -2.6517335 -2.6809605 -2.7346304 -2.793095 -2.8716864 -2.9498015 -3.0220937 -3.0932268 -3.1617911 -3.2170717 -3.2755961 -3.3427475 -3.4092138 -3.4697743 -3.5835359 -3.683855 -3.7452444 -3.7998057 -3.8384006 -3.7657998 -3.736326 -3.7453696 -3.741556 -3.7311607 -3.7383292 -3.7076384 -3.5788847 -3.3731868
-3.9787953 -3.9183456 -3.8796544 -3.8424112 -3.8162293 -3.8070905 -3.8123269 -3.8263672 -3.8429492 -3.8770621 -3.9132516 -3.9519309 -3.9904605 -4.0184868 -4.0366507 -4.025596 -3.9927072 -3.9374341 -3.8413559 -3.7452147 -3.6127872 -3.4723729 -3.29742 -3.1370474 -2.9907363 -2.8794492 -2.7799576 -2.7269831 -2.6812677 -2.6929726 -2.7132815 -2.7575 -2.8129646 -2.8831939 -2.9532872 -3.0252682 -3.10135 -3.1717936 -3.230318 -3.300511 -3.3707403 -3.4389435 -3.5122802 -3.6380214 -3.7360823 -3.7946067 -3.8297787 -3.8648933 -3.7832108 -3.7315 -3.7315 -3.7178729 -3.706168 -3.7113633 -3.6723993 -3.5436456 -3.3394477
-3.8748877 -3.8005969 -3.7232146 -3.6769837 -3.63078 -3.6153696 -3.6070081 -3.6210484 -3.6376303 -3.675587 -3.7145559 -3.7669199 -3.8116344 -3.8558528 -3.8823175 -3.8988994 -3.8747837 -3.8380863 -3.7579506 -3.685606 -3.5695325 -3.4392569 -3.2900197 -3.1394417 -3.0106059 -2.9038799 -2.8130736 -2.7667694 -2.72763 -2.7349754 -2.752548 -2.7912391 -2.8426698 -2.9030635 -2.9700193 -3.0385146 -3.1145963 -3.1850425 -3.2494194 -3.324549 -3.4038562 -3.4755547 -3.5520193 -3.6924779 -3.7949281 -3.8417477 -3.8687517 -3.8913861 -3.7961368 -3.7376595 -3.7259546 -3.7066226 -3.6862984 -3.6914938 -3.6525297 -3.523776 -3.3217421
-3.7279674 -3.6315936 -3.5441712 -3.478567 -3.4281822 -3.3990074 -3.3862229 -3.4010331 -3.4180723 -3.4607754 -3.5032714 -3.5634778 -3.6179329 -3.6722804 -3.7092248 -3.7304501 -3.7261563 -3.6967938 -3.6318927 -3.574032 -3.4766992 -3.3617416 -3.2379182 -3.1059167 -2.9869561 -2.9046815 -2.8210734 -2.7856462 -2.7498766 -2.7576944 -2.7827944 -2.8214855 -2.8742447 -2.9343101 -2.9947441 -3.0612537 -3.1373355 -3.2096585 -3.2864263 -3.3764811 -3.4595774 -3.5418953 -3.6180233 -3.7417098 -3.8460368 -3.8899993 -3.9071877 -3.9231785 -3.8463615 -3.7785 -3.7586727 -3.7255969 -3.7003215 -3.6668778 -3.6279138 -3.5042759 -3.3176109
-3.5588732 -3.4472892 -3.3477977 -3.2732482 -3.2156478 -3.1818117 -3.1612592 -3.1774389 -3.1995481 -3.2430321 -3.291554 -3.3543908 -3.4180924 -3.4788927 -3.5237755 -3.5514121 -3.5525839 -3.536002 -3.4876828 -3.4347204 -3.3407562 -3.2475532 -3.137007 -3.0408297 -2.9354858 -2.860609 -2.803196 -2.7748674 -2.7570428 -2.7746002 -2.8051784 -2.8438696 -2.9034766 -2.9678535 -3.0292296 -3.0932247 -3.1693065 -3.2510263 -3.3446654 -3.4360898 -3.5246827 -3.6072555 -3.6933929 -3.8104417 -3.8995032 -3.9404703 -3.9549196 -3.9572167 -3.8804722 -3.8221958 -3.7929335 -3.7557491 -3.7195989 -3.6762174 -3.6080784 -3.4910296 -3.3071037
-3.3570507 -3.2419704 -3.1424789 -3.0668189 -3.0039821 -2.9730363 -2.9625635 -2.9816628 -3.0074757 -3.0542961 -3.1061048 -3.1729958 -3.2392663 -3.2951765 -3.3387437 -3.3719075 -3.3737578 -3.3571759 -3.31391 -3.2691407 -3.1859202 -3.101843 -3.0098404 -2.9262551 -2.8493843 -2.7833744 -2.7502105 -2.7360217 -2.7371733 -2.7716468 -2.8118016 -2.8724638 -2.9384284 -3.0075926 -3.0742292 -3.1462102 -3.222292 -3.3040118 -3.4033755 -3.4972755 -3.5909146 -3.6698616 -3.7530016 -3.874449 -3.9652332 -3.9944954 -4.0020375 -3.9903327 -3.8996301 -3.8351379 -3.7883183 -3.7473196 -3.7063525 -3.6629711 -3.594832 -3.4893918 -3.3153875
-3.1655797 -3.0527357 -2.9556238 -2.8904275 -2.8335836 -2.8138333 -2.8054113 -2.8330888 -2.861379 -2.9150063 -2.9659898 -3.0264813 -3.0886416 -3.1374229 -3.1757233 -3.2023133 -3.2006843 -3.1829657 -3.1437143 -3.089958 -3.0171304 -2.9408639 -2.8629274 -2.7931307 -2.7309559 -2.706913 -2.6787612 -2.7069203 -2.7096072 -2.7548355 -2.8315631 -2.9055797 -2.9843659 -3.0602374 -3.1410626 -3.2133925 -3.2983572 -3.3819564 -3.4814479 -3.573771 -3.6663783 -3.7407094 -3.8218422 -3.9406809 -4.0274505 -4.0485329 -4.0285329 -4.0142167 -3.9096663 -3.8331306 -3.7811569 -3.7264461 -3.6838742 -3.6451087 -3.580888 -3.4828265 -3.3400798
-2.9776123 -2.8747212 -2.780757 -2.7252319 -2.6833407 -2.6763696 -2.6765678 -2.7125888 -2.7512799 -2.8060021 -2.8616419 -2.9192423 -2.9698083 -3.0140267 -3.0411653 -3.0577472 -3.0437785 -3.0206864 -2.9674001 -2.9082261 -2.8363711 -2.7645161 -2.6926611 -2.6416089 -2.6006418 -2.5876957 -2.5909779 -2.628977 -2.6771714 -2.7474007 -2.8328022 -2.9212391 -3.0249166 -3.1185557 -3.2031926 -3.2887258 -3.3765125 -3.469297 -3.5687885 -3.6772202 -3.7656827 -3.8396344 -3.9157625 -4.0328113 -4.0819512 -4.0936561 -4.0686996 -4.0314756 -3.9203604 -3.8276741 -3.7691497 -3.7107214 -3.6571443 -3.6186243 -3.5644175 -3.4766309 -3.3376015
-2.8262663 -2.7296031 -2.6688027 -2.6241612 -2.608452 -2.6078731 -2.6235823 -2.6657031 -2.7115408 -2.766263 -2.8219028 -2.8677315 -2.9101996 -2.9353793 -2.9536289 -2.9425743 -2.9191947 -2.8749763 -2.8145014 -2.7426464 -2.6707914 -2.5989364 -2.5405977 -2.5001347 -2.4814244 -2.4783358 -2.5114996 -2.5656839 -2.6374323 -2.7363519 -2.8394254 -2.9493116 -3.06983 -3.1914107 -3.2810472 -3.3748273 -3.4665032 -3.5620216 -3.7342367 -3.8574929 -3.951132 -4.0250837 -4.1012117 -4.1243623 -4.1212082 -4.1095033 -4.0782951 -4.0314756 -3.9155773 -3.8210509 -3.7450562 -3.6825528 -3.6240284 -3.5855083 -3.5313016 -3.4605366 -3.3350394
-2.7298967 -2.6594777 -2.6121723 -2.593808 -2.5849376 -2.6051338 -2.6244228 -2.6751219 -2.7252605 -2.78035 -2.8310388 -2.8619489 -2.8920865 -2.8986184 -2.8916316 -2.868212 -2.815406 -2.7651502 -2.6982622 -2.6128283 -2.5321247 -2.4658488 -2.4173151 -2.3883426 -2.3817223 -2.4215411 -2.4589344 -2.5573433 -2.6317786 -2.7473058 -2.8907159 -3.0138261 -3.1439607 -3.2765548 -3.3850907 -3.4786963 -3.5637133 -3.6836635 -3.8658887 -3.9873343 -4.0782696 -4.1253084 -4.1864962 -4.1551305 -4.1434256 -4.121336 -4.0584796 -4.009048 -3.8841788 -3.7811887 -3.7026603 -3.6359803 -3.5774559 -3.5434214 -3.495092 -3.4317539 -3.3497698
-2.6429782 -2.6010357 -2.5733991 -2.5739964 -2.5844692 -2.6184382 -2.6550929 -2.7115929 -2.7723933 -2.8267413 -2.8757798 -2.9013947 -2.9152821 -2.9097548 -2.8806026 -2.8363842 -2.7657465 -2.6883642 -2.6019141 -2.5102124 -2.4273028 -2.3533126 -2.3090941 -2.2912701 -2.302975 -2.3575846 -2.4239123 -2.5344652 -2.6473571 -2.7936681 -2.9448391 -3.0830217 -3.2289824 -3.3752935 -3.4847425 -3.5887242 -3.6687899 -3.786432 -3.9795626 -4.0965735 -4.1726552 -4.2094018 -4.2372414 -4.1929421 -4.1542333 -4.1191186 -4.0485013 -3.9724195 -3.8424459 -3.7293916 -3.6474574 -3.5807775 -3.522253 -3.490705 -3.4523896 -3.3997177 -3.3266032
-2.610538 -2.5813088 -2.5866455 -2.597288 -2.6308315 -2.6772097 -2.7345712 -2.7942515 -2.8584947 -2.9086077 -2.9552581 -2.9709673 -2.9804686 -2.952832 -2.9124459 -2.8363842 -2.7538936 -2.6552483 -2.5620009 -2.4572268 -2.3743172 -2.3003342 -2.261643 -2.2496654 -2.2831054 -2.3510746 -2.4371587 -2.5663442 -2.6937194 -2.8598713 -3.0260453 -3.1752826 -3.3279971 -3.4878877 -3.5902791 -3.688072 -3.7583013 -3.8725334 -4.0765914 -4.181068 -4.2322639 -4.2495775 -4.2637341 -4.1876524 -4.1409869 -4.082502 -4.0001989 -3.9128109 -3.7779236 -3.6631597 -3.5755325 -3.5106272 -3.4560211 -3.4292278 -3.3927809 -3.3622828 -3.3037085
-2.5656449 -2.5678813 -2.5861209 -2.6235996 -2.6710913 -2.7322822 -2.804665 -2.882308 -2.9487676 -2.9990642 -3.0434465 -3.0579058 -3.0510555 -3.0184092 -2.9565401 -2.8745437 -2.775669 -2.6605651 -2.5525661 -2.4390819 -2.3561723 -2.2865443 -2.2508478 -2.2581032 -2.2993888 -2.3747558 -2.4833719 -2.6187862 -2.7811966 -2.9591353 -3.1403642 -3.2970217 -3.4578617 -3.6194307 -3.7246487 -3.8222604 -3.8921077 -4.0015893 -4.152166 -4.1976694 -4.215886 -4.2046645 -4.2074805 -4.1291162 -4.0490264 -3.9855705 -3.8994888 -3.8058497 -3.7008947 -3.5817539 -3.4985997 -3.4377722 -3.3891213 -3.371706 -3.3453638 -3.3204349 -3.2662375
-2.56 -2.5776109 -2.6163021 -2.6691866 -2.7267869 -2.800706 -2.8792519 -2.9588514 -3.0362337 -3.0878758 -3.1289575 -3.1288043 -3.1164738 -3.0667281 -2.9980531 -2.9096162 -2.8012818 -2.6796811 -2.5626142 -2.4480087 -2.3715434 -2.3082541 -2.2861449 -2.2963351 -2.3490071 -2.4479796 -2.5640531 -2.7236435 -2.8916378 -3.0906209 -3.2748491 -3.4461957 -3.6041008 -3.7562644 -3.8603224 -3.9580692 -4.0192309 -4.079849 -4.132521 -4.1477147 -4.1535671 -4.1342533 -4.109279 -4.0147901 -3.9301839 -3.8599546 -3.7699598 -3.6763207 -3.5840141 -3.4969351 -3.4208533 -3.3697089 -3.3228894 -3.3104472 -3.2962965 -3.2787392 -3.2421326
-2.5571232 -2.5801271 -2.6295485 -2.6888514 -2.7599029 -2.8390465 -2.9256142 -3.0118354 -3.0958424 -3.15185 -3.1951893 -3.1899529 -3.1760825 -3.1263368 -3.054769 -2.9559785 -2.8501452 -2.7326666 -2.6177351 -2.5076174 -2.4357624 -2.3748987 -2.3693714 -2.3863961 -2.4549781 -2.5623577 -2.6898936 -2.849484 -3.0174784 -3.208786 -3.38446 -3.5392246 -3.6901441 -3.8291194 -3.9185406 -4.0044315 -4.0453986 -4.0997186 -4.1310576 -4.1280616 -4.113828 -4.074429 -4.0364239 -3.93108 -3.8440825 -3.7567168 -3.6610039 -3.5637265 -3.4764639 -3.390964 -3.33157 -3.2921134 -3.2566575 -3.2539855 -3.243311 -3.2365797 -3.2050792
-2.524897 -2.5619678 -2.6162937 -2.6863048 -2.7624317 -2.8536939 -2.9445844 -3.0374407 -3.1261149 -3.1870161 -3.2344043 -3.2365704 -3.2216715 -3.1750821 -3.1083637 -3.0130756 -2.9101048 -2.7961256 -2.684586 -2.5928187 -2.5388245 -2.4837068 -2.4884112 -2.5172278 -2.5919137 -2.701061 -2.8329706 -2.9855844 -3.1528111 -3.3362758 -3.4812952 -3.6207376 -3.7484345 -3.8764356 -3.9403983 -4.015997 -4.0395564 -4.0767648 -4.094736 -4.066062 -4.0388837 -3.9785625 -3.927458 -3.814168 -3.7155987 -3.625175 -3.535499 -3.437134 -3.3632662 -3.2864909 -3.2379165 -3.2218697 -3.1954588 -3.2028416 -3.2008825 -3.19503 -3.1635296
-2.4838098 -2.5224839 -2.5832842 -2.6562536 -2.7400359 -2.8345899 -2.9344229 -3.0353418 -3.1293061 -3.1912081 -3.2462817 -3.2515181 -3.2490395 -3.2048211 -3.1472632 -3.0588263 -2.9660095 -2.8641172 -2.7786605 -2.69671 -2.6469643 -2.617065 -2.6281196 -2.6730648 -2.754999 -2.8678452 -2.992506 -3.1417339 -3.2876248 -3.4456407 -3.5800587 -3.7016594 -3.7674071 -3.872751 -3.9314474 -3.9696321 -3.9871895 -3.9930507 -3.9930507 -3.9719492 -3.9232273 -3.8561362 -3.7850129 -3.6679641 -3.5705496 -3.4769105 -3.388749 -3.3049525 -3.2425524 -3.1861451 -3.1510304 -3.142556 -3.140245 -3.1556687 -3.1619829 -3.1561305 -3.1231155
-2.4324275 -2.4691243 -2.5243974 -2.5966449 -2.6804272 -2.7767094 -2.8814374 -2.9906801 -3.0961901 -3.1650549 -3.2264121 -3.2442462 -3.2490395 -3.2249613 -3.1760054 -3.1096777 -3.0286968 -2.9568418 -2.8820715 -2.8159274 -2.7848126 -2.7693983 -2.7995761 -2.8518909 -2.9338251 -3.0409164 -3.1514625 -3.282853 -3.4068422 -3.5342403 -3.6521411 -3.7350507 -3.7533184 -3.7402873 -3.7795576 -3.790806 -3.791705 -3.7878171 -3.8170793 -3.7963025 -3.737778 -3.6672061 -3.5929404 -3.5076958 -3.4252353 -3.3374487 -3.2559644 -3.1857351 -3.141366 -3.0946522 -3.0887998 -3.088801 -3.1005059 -3.1246273 -3.1353933 -3.1236885 -3.0845945
-2.3699203 -2.4025184 -2.455267 -2.5275145 -2.6112968 -2.7130319 -2.8189301 -2.9324619 -3.0434799 -3.1309028 -3.198036 -3.2347245 -3.2504783 -3.2419323 -3.2173984 -3.1674241 -3.1184928 -3.0543274 -2.9870063 -2.9548003 -2.9561894 -2.9463542 -2.9831631 -3.0308816 -3.1078903 -3.1904916 -3.2961365 -3.3830269 -3.5043291 -3.6124036 -3.6656405 -3.7234565 -3.7256973 -3.6828052 -3.6725147 -3.6821717 -3.66256 -3.6679838 -3.6797973 -3.6358341 -3.5761331 -3.5008003 -3.4285457 -3.352464 -3.2718658 -3.1926937 -3.1383169 -3.0712786 -3.0554747 -3.0255218 -3.0278353 -3.0547944 -3.0702885 -3.0991708 -3.1117991 -3.0975218 -3.0323324
-2.3133841 -2.3367808 -2.3865266 -2.4565378 -2.5403201 -2.6420552 -2.7520195 -2.8682073 -2.9842807 -3.0780845 -3.1616621 -3.2055266 -3.2452545 -3.2459317 -3.2412229 -3.2135864 -3.1893717 -3.1506806 -3.1210572 -3.1029302 -3.1141444 -3.1274825 -3.1665407 -3.2146502 -3.2848796 -3.3534016 -3.4363112 -3.5058745 -3.5875686 -3.6519455 -3.6784899 -3.7116537 -3.6854628 -3.621086 -3.59867 -3.5920861 -3.564751 -3.5451 -3.5333951 -3.4835003 -3.4191234 -3.3459588 -3.2703595 -3.1970664 -3.1232429 -3.0530136 -3.0105001 -2.9636805 -2.9606315 -2.9608711 -2.972576 -3.0084326 -3.0435473 -3.0733851 -3.088191 -3.0706336 -2.9950638
-2.268801 -2.2856001 -2.3242912 -2.3926713 -2.4764536 -2.5781887 -2.688153 -2.807147 -2.9275105 -3.0328966 -3.1261808 -3.1837811 -3.231062 -3.2642258 -3.2743168 -3.2743168 -3.2672127 -3.2642209 -3.2532761 -3.2590483 -3.2866848 -3.3119856 -3.356204 -3.4046193 -3.4631437 -3.5147246 -3.5640441 -3.6034368 -3.6514351 -3.6676571 -3.6674754 -3.6564208 -3.6147065 -3.5288344 -3.4906456 -3.4643532 -3.4233861 -3.394244 -3.3591294 -3.3060935 -3.2417166 -3.1755767 -3.1071452 -3.0486207 -2.9846671 -2.9378476 -2.9068805 -2.8785253 -2.8890942 -2.8997561 -2.9348707 -2.9776125 -3.0222584 -3.0477158 -3.0587292 -3.029467 -2.9415807
-2.2578207 -2.268121 -2.3037514 -2.3630543 -2.442478 -2.544213 -2.6541773 -2.7731713 -2.894772 -3.0109359 -3.110958 -3.1819742 -3.2389977 -3.2878697 -3.3186089 -3.332971 -3.3434089 -3.3488623 -3.3533962 -3.3857763 -3.4238846 -3.458216 -3.5149783 -3.555622 -3.6021504 -3.6282061 -3.6633256 -3.6446862 -3.6709781 -3.6645634 -3.6184905 -3.5808406 -3.5341706 -3.4505674 -3.39006 -3.3535016 -3.2971666 -3.2580789 -3.2138775 -3.1612055 -3.1002544 -3.0441051 -2.9807788 -2.9364857 -2.8824777 -2.8458814 -2.8324717 -2.8130639 -2.8402619 -2.8608694 -2.9025005 -2.9493201 -2.9961396 -3.022265 -3.029016 -2.9873191 -2.876023
