P1_models/J1_p1_vp_slide_diff2_160.dat.tif
NCOLS 118
NROWS 92
XLLCORNER 139.62
YLLCORNER -39.07
DX 0.099491525
DY 0.099347826
NODATA_VALUE -9999
[rows 24 to 47 of 92, columns 0 to 54 of 118]
-9999 0.23750775 0.24024883 0.2429899 0.24573097 0.24847204 0.25121312 0.25306365 0.2535996 0.25413555 0.2546715 0.25520744 0.25574339 0.2562277 0.25660859 0.25698947 0.25737036 0.25775125 0.25813213 0.2570219 0.24758596 0.23815002 0.22871408 0.21927813 0.20984219 0.20064349 0.19208064 0.18351779 0.17495494 0.1663921 0.15782925 0.15187231 0.15032901 0.14878571 0.14724241 0.14569911 0.14415581 0.14009324 0.13404519 0.12799713 0.12194908 0.11590102 0.10985296 0.1097339 0.11387711 0.11802032 0.12216353 0.12630674 0.13038892 0.12657024 0.1221848 0.11779935 0.11341391 0.10902847 0.10888725
-9999 0.23217162 0.2349127 0.23765377 0.24039484 0.24313591 0.24969465 0.25564766 0.25689354 0.25742949 0.25796544 0.25850139 0.25903734 0.25834086 0.25610993 0.25649081 0.2568717 0.25725259 0.25763347 0.2550459 0.24560996 0.23617402 0.22673807 0.21730213 0.20960078 0.20032389 0.18091376 0.17235092 0.16378807 0.15522522 0.14666237 0.14049717 0.13895387 0.13741057 0.13586728 0.13432398 0.13376198 0.1335684 0.13048131 0.12443325 0.1183852 0.11233714 0.10628908 0.1022283 0.10342779 0.107571 0.11171421 0.11585743 0.12000064 0.12558225 0.12268599 0.11830055 0.11391511 0.10952966 0.10678844
-9999 0.22528217 0.22802324 0.23076431 0.23350539 0.24211205 0.25177186 0.25772487 0.25939975 0.26098276 0.26151871 0.26205466 0.26259061 0.26189413 0.25872964 0.25556514 0.25590549 0.25628638 0.25666726 0.25407969 0.24464375 0.2352078 0.22577186 0.21946626 0.21511036 0.20583347 0.1833671 0.16090073 0.1518695 0.14330665 0.1347438 0.1285786 0.1270353 0.12549201 0.12394871 0.12392363 0.12449832 0.12430474 0.12301204 0.12102943 0.11498137 0.10893331 0.10288526 0.098824474 0.096192312 0.095962104 0.10010531 0.10424853 0.10839174 0.11397335 0.11980355 0.11884591 0.11446046 0.11007502 0.1073338
-9999 0.21839271 0.22113379 0.22486964 0.23452945 0.24418927 0.25384908 0.25980209 0.26147697 0.26315185 0.26482673 0.26560793 0.26614388 0.2654474 0.26228291 0.25911841 0.25595392 0.25532017 0.25570105 0.25311348 0.24367754 0.23424159 0.22933174 0.22497584 0.22061993 0.21134304 0.18887667 0.16641031 0.14394394 0.13138808 0.12282524 0.11666004 0.11511674 0.11357344 0.11408528 0.11465997 0.11523466 0.11504108 0.11374838 0.11245568 0.11116297 0.10552949 0.099481433 0.095420648 0.092788487 0.090156325 0.088496416 0.092639627 0.096782838 0.10236445 0.10819465 0.11402485 0.11500582 0.11062037 0.10787916
-9999 0.21150326 0.21728705 0.22694686 0.23660667 0.24626648 0.25592629 0.2618793 0.26355418 0.26522907 0.26690395 0.26857883 0.26969715 0.26900067 0.26583618 0.26267168 0.25950719 0.25634269 0.25473484 0.25214727 0.24355313 0.23919722 0.23484132 0.23048541 0.22612951 0.21685262 0.19438625 0.17191988 0.14945352 0.12698715 0.11090667 0.10474147 0.10367225 0.10424694 0.10482163 0.10539632 0.10597101 0.10577743 0.10448472 0.10319202 0.10189932 0.10060661 0.096077608 0.092016823 0.089384661 0.086752499 0.084120337 0.081488176 0.085173939 0.090755548 0.096585751 0.10241595 0.10824616 0.11116573 0.10842451
-9999 0.20870666 0.21836648 0.22802629 0.2376861 0.24734591 0.25700572 0.26318601 0.2648609 0.26653578 0.26821066 0.26988555 0.27156043 0.27108128 0.26791679 0.26475229 0.2615878 0.25842331 0.25525881 0.25173405 0.24737815 0.24302224 0.23866634 0.23431043 0.22995453 0.22166933 0.19920297 0.1767366 0.15427023 0.13180387 0.1093375 0.094741203 0.095315893 0.095890583 0.096465273 0.097039963 0.097614653 0.097687277 0.096394573 0.09510187 0.093809166 0.092516462 0.091223759 0.089287635 0.086655473 0.084023311 0.08139115 0.078758988 0.076126826 0.079950944 0.085781147 0.09161135 0.097441554 0.10327176 0.10764846
-9999 0.20157201 0.21123182 0.22089163 0.23055145 0.24021126 0.24598073 0.25237629 0.2598246 0.26149948 0.26317436 0.26484925 0.26652413 0.26527923 0.25818731 0.2547095 0.251545 0.24838051 0.24521601 0.24169126 0.23733535 0.23297945 0.22862354 0.22426764 0.2122226 0.19985383 0.1961143 0.17584944 0.15338308 0.13091671 0.10845034 0.093854048 0.094428738 0.095003428 0.095578118 0.096152808 0.0956287 0.096022267 0.097965114 0.096672411 0.095379707 0.094087003 0.0927943 0.091324811 0.089480122 0.08684796 0.084215799 0.081583637 0.078951475 0.0785124 0.081597758 0.087427961 0.093258165 0.099088368 0.10286759
-9999 0.19443736 0.20409717 0.21375698 0.22256755 0.22790763 0.23324772 0.23964328 0.24725699 0.2548707 0.25813806 0.25981294 0.26148783 0.26024293 0.25315101 0.24605909 0.24150221 0.23833771 0.23517322 0.23164846 0.22729255 0.22293665 0.21858074 0.20344958 0.18786125 0.17549248 0.17175295 0.16801341 0.15249592 0.13002956 0.10756319 0.092966893 0.093541583 0.094116273 0.094616585 0.093818966 0.093021348 0.093414915 0.095512642 0.097610369 0.096950248 0.095657545 0.094364841 0.092895352 0.091298775 0.089672609 0.087040447 0.084408286 0.081776124 0.081337049 0.081276998 0.083244572 0.089074776 0.094904979 0.098684196
-9999 0.1873027 0.19696252 0.20449445 0.20983454 0.21517462 0.22051471 0.22691027 0.23452398 0.24213769 0.2497514 0.25477664 0.25645153 0.25520663 0.24811471 0.24102279 0.23393087 0.22829491 0.22513042 0.22160566 0.21724976 0.21026489 0.19467656 0.17908822 0.16349989 0.15113112 0.14739159 0.14365206 0.13991253 0.1291424 0.10667603 0.092079738 0.092654428 0.092806851 0.092009233 0.091211614 0.090413996 0.090807563 0.09290529 0.095003017 0.097100745 0.097228086 0.095935382 0.094465893 0.092869316 0.091272739 0.089676162 0.087232935 0.084600773 0.084161698 0.084101647 0.084041597 0.084891387 0.09072159 0.094500808
-9999 0.18016805 0.18642136 0.19176145 0.19710153 0.20244162 0.2077817 0.21417726 0.22179097 0.22940468 0.23701839 0.24463211 0.25141523 0.25017033 0.24307841 0.23598649 0.22889456 0.22180264 0.21508762 0.21156287 0.20149187 0.18590353 0.1703152 0.15472687 0.13913854 0.12676977 0.12303024 0.1192907 0.11555117 0.11181164 0.10578888 0.091192583 0.090997118 0.090199499 0.089401881 0.088604262 0.087806644 0.088200211 0.090297938 0.092395665 0.094493393 0.09659112 0.097505923 0.096036435 0.094439857 0.09284328 0.091246703 0.089650126 0.087425422 0.086986347 0.086926296 0.086866246 0.086806196 0.086746146 0.090317419
-9999 0.16784873 0.17318881 0.1785289 0.18386898 0.18920907 0.19454915 0.20654811 0.21449484 0.22210855 0.22972226 0.23733597 0.24494968 0.24103001 0.23077853 0.2236866 0.21659468 0.20950276 0.20241084 0.19274973 0.1771614 0.16157307 0.14598473 0.1303964 0.11480807 0.11041771 0.10706504 0.10332551 0.099585974 0.095846442 0.09210691 0.089372239 0.08857462 0.087777002 0.086979383 0.086181765 0.085384146 0.085532411 0.087589463 0.08968719 0.091784917 0.093882645 0.095980372 0.09798451 0.096387933 0.094791355 0.093194778 0.091598201 0.090001624 0.088051212 0.087991162 0.087931111 0.087871061 0.087811011 0.087460976
-9999 0.15379231 0.15913239 0.16447248 0.16981256 0.17587964 0.18374208 0.19583172 0.21280008 0.22377932 0.23139303 0.23900674 0.24662045 0.24270078 0.21568486 0.19940707 0.19231515 0.18522323 0.17813131 0.1684702 0.15288187 0.13729354 0.1217052 0.10711848 0.1067487 0.1059598 0.10404754 0.10120789 0.097468354 0.093728822 0.089989289 0.087254618 0.086457 0.085659381 0.084861763 0.084070274 0.083307562 0.083459497 0.084919964 0.086811934 0.088909662 0.091007389 0.093105117 0.095614192 0.09841898 0.097362088 0.095765511 0.094168934 0.092572357 0.089193964 0.086153659 0.086093608 0.086033558 0.085973508 0.085623473
-9999 0.13973588 0.14507597 0.15041606 0.15730081 0.16516325 0.17302569 0.18511533 0.20208369 0.21905205 0.2330638 0.24067751 0.24829123 0.24437156 0.21735563 0.1903397 0.16803562 0.1609437 0.15385178 0.14419067 0.12860234 0.11301401 0.10303034 0.10266057 0.10229079 0.10150189 0.099589629 0.097677368 0.095350733 0.091611201 0.087871669 0.085136998 0.084339379 0.083541761 0.082760072 0.08199736 0.081234648 0.081386583 0.08284705 0.084307517 0.086034406 0.088132133 0.090229861 0.092738936 0.095543725 0.098348513 0.098336244 0.096739667 0.09514309 0.091764697 0.088078359 0.08439202 0.084196055 0.084136005 0.08378597
-9999 0.12567946 0.13101955 0.13872198 0.14658442 0.15444686 0.1623093 0.17439894 0.1913673 0.20833566 0.22530402 0.24227238 0.249962 0.24604233 0.2190264 0.19201047 0.16499454 0.13797861 0.12957225 0.11991114 0.10432281 0.098942212 0.098572435 0.098202658 0.097832881 0.09704398 0.095131719 0.093219458 0.091307197 0.089394937 0.085754048 0.083019377 0.082221759 0.081449871 0.080687158 0.079924446 0.079161734 0.079313669 0.080774136 0.082234603 0.08369507 0.085256878 0.087354605 0.089863681 0.092668469 0.095473257 0.098278045 0.0993104 0.097713823 0.09433543 0.090649092 0.086962753 0.083276414 0.082298502 0.081948467
-9999 0.11228071 0.12014315 0.12800559 0.13586803 0.14373047 0.15159291 0.16368254 0.18065091 0.19761927 0.21458763 0.23155599 0.24852435 0.2477131 0.22069717 0.19368124 0.16666531 0.13964938 0.11263345 0.095631614 0.094854079 0.094484302 0.094114525 0.093744749 0.093374972 0.09258607 0.090673809 0.088761548 0.086849288 0.084937027 0.083024766 0.080902381 0.080139669 0.079376957 0.078614244 0.077851532 0.07708882 0.077240755 0.078701222 0.080161689 0.081622156 0.083082623 0.08454309 0.086988425 0.089793213 0.092598001 0.09540279 0.098207578 0.10028456 0.096906163 0.093219825 0.089533486 0.085847147 0.082160809 0.080110965
-9999 0.11137131 0.11923375 0.12709619 0.13495863 0.14282107 0.14566936 0.1518382 0.16880656 0.18577493 0.20274329 0.21971165 0.23201805 0.23424267 0.22557507 0.19855914 0.17154321 0.14452728 0.11751136 0.098552824 0.098183047 0.09781327 0.097443493 0.097073717 0.095389625 0.090988186 0.089818111 0.08790585 0.08599359 0.084081329 0.082169068 0.080649455 0.079886743 0.079124031 0.078361319 0.077598607 0.077647146 0.07909493 0.080555397 0.082015863 0.08347633 0.084936797 0.086146251 0.086327704 0.088036225 0.090841013 0.093645801 0.09645059 0.099255378 0.096525568 0.092839229 0.089152891 0.085466552 0.081714928 0.078168397
-9999 0.11377876 0.1216412 0.12950364 0.13736608 0.13663199 0.13344354 0.13961237 0.15658073 0.1735491 0.19051746 0.19813854 0.20065372 0.20287834 0.20452112 0.20452174 0.17750581 0.15048988 0.12347395 0.10451542 0.10414564 0.10377587 0.10340609 0.10009946 0.094365263 0.089963824 0.089134503 0.08826847 0.086356209 0.084443948 0.082531687 0.081012075 0.080249363 0.079486651 0.078723938 0.079390599 0.080829516 0.0822773 0.083737767 0.085198234 0.086658701 0.087743732 0.088723895 0.088905348 0.088512618 0.089462238 0.092267026 0.095071815 0.097876603 0.095146793 0.091460454 0.087774116 0.083916181 0.079736827 0.076190296
-9999 0.11618622 0.12404866 0.13078308 0.12759462 0.12440616 0.12121771 0.12738654 0.1443549 0.16132327 0.16425904 0.16677422 0.1692894 0.17151402 0.17315679 0.17479956 0.17644233 0.15645248 0.12943655 0.11047802 0.11010824 0.10973847 0.10480929 0.099075094 0.0933409 0.088939461 0.088110141 0.08728082 0.086451499 0.084806568 0.082894307 0.081374694 0.080611982 0.07984927 0.081134052 0.082572969 0.084011886 0.08545967 0.086920137 0.08836105 0.089341213 0.090321376 0.091301539 0.091482992 0.091090262 0.090697532 0.090888251 0.09369304 0.096497828 0.093768018 0.090081679 0.086117434 0.08193808 0.077758725 0.074212194
-9999 0.11859368 0.12174571 0.11855725 0.11536879 0.11218033 0.10899188 0.11516071 0.12786436 0.13037954 0.13289471 0.13540989 0.13792507 0.14014969 0.14179247 0.14343524 0.14507801 0.14672078 0.13539915 0.11644062 0.11525331 0.10951912 0.10378493 0.098050732 0.092316538 0.087915099 0.087085778 0.086256457 0.085427136 0.084597815 0.083256927 0.081737314 0.081438587 0.082877505 0.084316422 0.085755339 0.087194257 0.08864204 0.089958531 0.090938694 0.091918857 0.09289902 0.093879183 0.094060636 0.093667906 0.093275177 0.092882447 0.092489717 0.095119053 0.092389243 0.088318688 0.084139333 0.079959978 0.075780623 0.072234092
-9999 0.11501578 0.11182732 0.10863887 0.10545041 0.10226195 0.099073489 0.097478267 0.099993445 0.10250862 0.1050238 0.10753898 0.11005416 0.11239749 0.11404026 0.11568303 0.1173258 0.11896857 0.12061134 0.12002343 0.11428923 0.10855504 0.10282085 0.097086652 0.091352458 0.086925556 0.086096235 0.085266915 0.084437594 0.083608273 0.082778952 0.082724387 0.084163304 0.085602221 0.087041139 0.088480056 0.089918973 0.090773198 0.091753361 0.092733524 0.093713687 0.09469385 0.095674014 0.095662723 0.095269993 0.094877263 0.094484534 0.094091804 0.093699074 0.090111121 0.085931766 0.081752412 0.077573057 0.073393702 0.070307791
-9999 0.12250027 0.11931181 0.11612335 0.11293489 0.10974643 0.10238764 0.098293137 0.098470041 0.10098522 0.1035004 0.10601558 0.10853075 0.1110203 0.1134585 0.11517361 0.11681638 0.11845915 0.12010192 0.11951401 0.11377981 0.10804562 0.10231142 0.096577231 0.090413547 0.085685948 0.085310915 0.084539984 0.083710663 0.082881343 0.082052022 0.081997457 0.083436374 0.084875291 0.086314209 0.087753126 0.091236346 0.09178566 0.087644166 0.088624329 0.089604492 0.090584655 0.091564818 0.090955328 0.089514372 0.089121642 0.088728913 0.088336183 0.087943453 0.084526596 0.080461506 0.076282151 0.072102797 0.067923442 0.064932721
-9999 0.12998475 0.12679629 0.12360783 0.11946846 0.11170698 0.1039455 0.099850996 0.099988653 0.10012631 0.10197699 0.10449217 0.10700735 0.10949689 0.1119351 0.11437331 0.11630696 0.11794973 0.1195925 0.11900459 0.11327039 0.1075362 0.101802 0.095468702 0.089117163 0.084389564 0.084014532 0.083639499 0.082983733 0.082154412 0.081325092 0.081270527 0.082709444 0.084148361 0.085751422 0.089708993 0.093666563 0.094215877 0.089889197 0.085562516 0.085495297 0.08647546 0.087455623 0.086846132 0.08509386 0.083366021 0.082973291 0.082580562 0.082187832 0.078770974 0.074831465 0.070811891 0.066632536 0.062453181 0.059462461
-9999 0.13746924 0.13428078 0.1287878 0.12102632 0.11326484 0.10550336 0.10140885 0.10154651 0.10168417 0.10182183 0.10296877 0.10548395 0.10797349 0.1104117 0.1128499 0.11528811 0.11744031 0.11908308 0.11849516 0.11276097 0.1068754 0.10052386 0.094172319 0.08782078 0.083093181 0.082718148 0.082343116 0.081968083 0.081427482 0.080598161 0.080543596 0.081982514 0.084224069 0.088181639 0.09213921 0.09609678 0.096646094 0.092319414 0.087992733 0.083666052 0.082366265 0.083346428 0.082736937 0.080984664 0.079232392 0.077480119 0.07682494 0.076432211 0.073015353 0.069075844 0.065136335 0.061162276 0.056982921 0.053992201
-9999 0.14495372 0.13810714 0.13034566 0.12258418 0.1148227 0.10706122 0.10296671 0.10310437 0.10324203 0.10337968 0.10351734 0.10396054 0.10645009 0.10888829 0.1113265 0.1137647 0.11620291 0.11857365 0.11798574 0.11193055 0.10557901 0.099227474 0.092875935 0.086524396 0.081796797 0.081421765 0.081046732 0.0806717 0.080296668 0.079871231 0.079816666 0.082696715 0.086654286 0.090611856 0.094569427 0.098526997 0.099076311 0.094749631 0.09042295 0.086096269 0.081769589 0.079237233 0.078627742 0.076875469 0.075123197 0.073370924 0.071618651 0.07067659 0.067259732 0.063320223 0.059380714 0.055441205 0.051501696 0.04852194
