P1_models/J1_p1_vp_slide_diff2_10.dat.tif
NCOLS 118
NROWS 92
XLLCORNER 139.62
YLLCORNER -39.07
DX 0.099491525
DY 0.099347826
NODATA_VALUE -9999
[rows 50 to 74 of 92, columns 0 to 55 of 118]
-9999 0.11003212 0.098615059 0.087197998 0.085631468 0.088404183 0.091176898 0.088573814 0.079766367 0.070958921 0.058386458 0.042891876 0.027397295 0.01629001 0.013968541 0.011647072 0.011628213 0.024064654 0.036501095 0.047232733 0.054031321 0.060829908 0.068074958 0.075868461 0.083661964 0.089383632 0.089552261 0.089720891 0.089043 0.083478219 0.077913439 0.075862161 0.080583792 0.085305424 0.088401672 0.090087969 0.091774266 0.093754816 0.096156335 0.098557855 0.098047486 0.095989041 0.093930596 0.096826906 0.10328513 0.10974335 0.11128286 0.10901375 0.10674465 0.10747066 0.1087143 0.11029416 0.11331444 0.11633472 0.11776299 0.11367673
-9999 0.11842149 0.10768266 0.11045537 0.11322809 0.1160008 0.11877352 0.11617043 0.10736299 0.092425968 0.076931386 0.061436804 0.045942222 0.034834938 0.032513469 0.030192 0.027870531 0.025549062 0.03539723 0.046128868 0.052927456 0.060502229 0.068295731 0.076089234 0.083882737 0.089604405 0.089773034 0.089941664 0.090110294 0.090278924 0.085640492 0.083589214 0.088310846 0.090468515 0.092154812 0.093841109 0.095527406 0.097507956 0.099909475 0.098118975 0.09606053 0.094002085 0.091943639 0.09483995 0.10129817 0.10775639 0.11421462 0.11806545 0.11579634 0.11652235 0.1185333 0.12155358 0.12457386 0.12759414 0.12902241 0.12493615
-9999 0.13250656 0.13527928 0.13805199 0.14082471 0.14359742 0.14637013 0.14196006 0.12646548 0.1109709 0.095476313 0.079981731 0.06448715 0.053379865 0.051058396 0.048736927 0.046415458 0.044093989 0.041772521 0.045135996 0.052929499 0.060723002 0.068516504 0.076310007 0.08410351 0.089825178 0.089993807 0.090162437 0.090331067 0.090499696 0.090668326 0.090849061 0.092535358 0.094221655 0.095907952 0.097594249 0.099280546 0.10024891 0.098190464 0.096132019 0.094073573 0.092015128 0.089956683 0.092852993 0.099311215 0.10576944 0.11222766 0.11868588 0.12484803 0.12677244 0.12979272 0.132813 0.13583328 0.13885356 0.13979236 0.1250463
-9999 0.13609184 0.13886455 0.14163727 0.14440998 0.1471827 0.15278678 0.14961354 0.13411896 0.11862438 0.10312979 0.087635213 0.076562475 0.072482381 0.07184822 0.069526751 0.067205282 0.064883813 0.062562344 0.063299491 0.071092994 0.078886497 0.086679999 0.094473502 0.09982527 0.10100377 0.1013116 0.10148023 0.10164886 0.10181749 0.10198612 0.10267314 0.10435943 0.10604573 0.10773203 0.10941833 0.10896048 0.10662481 0.10456636 0.10250792 0.10044947 0.098391026 0.09678569 0.09529784 0.097916319 0.10437454 0.11083276 0.11729098 0.12374921 0.1272761 0.13029638 0.13331666 0.13633693 0.13817832 0.13377199 0.11902593
-9999 0.13565989 0.13843261 0.14120532 0.14397803 0.15111543 0.15861807 0.15544483 0.13995024 0.12445566 0.10896108 0.10095496 0.094920225 0.090840131 0.090674312 0.090508493 0.088370688 0.086049219 0.083727751 0.084464897 0.0922584 0.1000519 0.10784541 0.11129131 0.11278368 0.11396219 0.11429945 0.11463671 0.11482325 0.11499188 0.11516051 0.11584752 0.11753382 0.11922012 0.12090641 0.11926497 0.11673552 0.11439985 0.11234141 0.11028296 0.10822452 0.10679693 0.10542463 0.10393678 0.10236586 0.1030787 0.10953692 0.11599514 0.12245337 0.12598026 0.12900054 0.13202081 0.13290445 0.13148314 0.12707681 0.11233075
-9999 0.13522794 0.13800066 0.14194143 0.14944407 0.15694671 0.16444935 0.16127611 0.14578153 0.13138217 0.12534744 0.11931271 0.11327798 0.10919788 0.10903206 0.10886624 0.10870042 0.10721463 0.10489316 0.1056303 0.11342381 0.12121731 0.12275735 0.12424972 0.12574209 0.1269206 0.12725786 0.12759512 0.12793238 0.12816626 0.12833489 0.12902191 0.13070821 0.13209891 0.12956946 0.12704002 0.12451057 0.1221749 0.12011646 0.11818046 0.11680817 0.11543587 0.11406357 0.11257572 0.1110048 0.10943389 0.10824108 0.1146993 0.12115752 0.12468442 0.12770469 0.12763058 0.12620927 0.12478796 0.12038163 0.10563557
-9999 0.134796 0.14027008 0.14777272 0.15527536 0.162778 0.17028064 0.1671074 0.15577465 0.14973992 0.14370519 0.13767046 0.13163573 0.12755563 0.12738981 0.12722399 0.12705817 0.12689236 0.12605856 0.12679571 0.13273101 0.13422339 0.13571576 0.13720813 0.13870051 0.13987901 0.14021627 0.14055353 0.14089079 0.14122805 0.14150928 0.14219629 0.1424034 0.13987396 0.13734451 0.13481506 0.13228562 0.12994995 0.1281917 0.1268194 0.12544711 0.12407481 0.12270251 0.12121466 0.11964375 0.11807283 0.11650191 0.11493099 0.11986168 0.12338857 0.1223567 0.1209354 0.11951409 0.11809278 0.11368646 0.10352708
-9999 0.13212807 0.13963071 0.14713335 0.15463599 0.16213863 0.16964127 0.18145953 0.1754248 0.16939006 0.16335533 0.1573206 0.15128587 0.14440577 0.14423995 0.14407414 0.14390832 0.1437425 0.14357668 0.14391227 0.14540464 0.14689702 0.14838939 0.14988176 0.15137414 0.15122756 0.1515899 0.15192716 0.15226442 0.15260168 0.15293894 0.15229702 0.14976758 0.14723813 0.14470869 0.14217924 0.1396498 0.13594642 0.13457412 0.13320182 0.13182953 0.13045723 0.12908493 0.12734708 0.12577617 0.12420525 0.12263433 0.12106341 0.11949249 0.11779914 0.11637783 0.11495652 0.11353521 0.11211391 0.11228461 0.11395071
-9999 0.10938846 0.1168911 0.12439374 0.13189638 0.14240145 0.17404302 0.1930401 0.19744382 0.19345431 0.18741958 0.18138485 0.17535012 0.16817737 0.15872567 0.1557751 0.15560928 0.15544346 0.15527764 0.15561324 0.15710561 0.15859798 0.16009036 0.16158273 0.15827477 0.15586379 0.15721283 0.15788803 0.15822529 0.15856255 0.15889981 0.15825789 0.15572845 0.153199 0.15066956 0.14804185 0.13977899 0.13442158 0.13322082 0.13187719 0.13050489 0.12913259 0.1277603 0.12576471 0.12334766 0.12177674 0.12020582 0.11863491 0.11706399 0.11486322 0.11284546 0.11142415 0.11000285 0.10858154 0.10875224 0.11443747
-9999 0.086648847 0.094151487 0.10165413 0.12069467 0.15233623 0.1839778 0.20297488 0.20737861 0.21178233 0.21148383 0.2054491 0.19941437 0.19224162 0.18278993 0.17333823 0.16731025 0.16714443 0.16697861 0.1673142 0.16880658 0.17029895 0.17053869 0.16672485 0.16291101 0.16050003 0.16184906 0.1631981 0.16418616 0.16452342 0.16486068 0.16421876 0.16168932 0.15915987 0.15475929 0.14649644 0.13823358 0.13287617 0.13167541 0.13047465 0.12918025 0.12780795 0.12643566 0.12444008 0.12199643 0.11955277 0.11777732 0.1162064 0.11463548 0.11243472 0.11012509 0.10789179 0.10647048 0.10504917 0.10521987 0.1109051
-9999 0.063909234 0.071411873 0.098987882 0.13062945 0.16227102 0.19391258 0.21290967 0.21731339 0.22171711 0.22612084 0.22951335 0.22347862 0.21630587 0.20685418 0.19740248 0.18795079 0.1788454 0.17867958 0.17901517 0.18050754 0.17898876 0.17517492 0.17136108 0.16754724 0.16513626 0.16648529 0.16783433 0.16918337 0.17048429 0.17082155 0.17017963 0.16765019 0.16147674 0.15321388 0.14495102 0.13668817 0.13133076 0.13013 0.12892924 0.12772848 0.12648332 0.12511102 0.12311544 0.12067179 0.11822814 0.11578449 0.1137779 0.11220698 0.11000621 0.10769659 0.10538696 0.10307734 0.1015168 0.10168751 0.10737274
-9999 0.04563953 0.077281097 0.10892266 0.14056423 0.1722058 0.20384737 0.22284445 0.22724817 0.23165189 0.23605562 0.24045934 0.24486306 0.24037012 0.23091843 0.22146673 0.21201504 0.20256334 0.19311165 0.19071614 0.18743884 0.183625 0.17981115 0.17599731 0.17218347 0.16977249 0.17112153 0.17247056 0.1738196 0.17516864 0.17651768 0.1761405 0.16819418 0.15993133 0.15166847 0.14340561 0.13514276 0.12978535 0.12858459 0.12738383 0.12618307 0.12498231 0.12378155 0.1217908 0.11934715 0.1169035 0.11445985 0.1120162 0.10977848 0.10757771 0.10526809 0.10295846 0.10064884 0.098339212 0.098155139 0.10384037
-9999 0.013723105 0.045364672 0.077006239 0.10864781 0.14028937 0.18575865 0.22414334 0.22979745 0.23420117 0.23860489 0.24300862 0.24741234 0.25206141 0.25128993 0.24183823 0.23238654 0.22293484 0.21348315 0.20573625 0.20192241 0.19810857 0.19429473 0.19048089 0.18812353 0.18942241 0.18698988 0.18833892 0.18968796 0.191037 0.19238603 0.19045196 0.18218911 0.17392625 0.1656634 0.15740054 0.14728089 0.13346764 0.12626985 0.12506909 0.12386833 0.12266757 0.12146681 0.12055844 0.11863797 0.11619432 0.11375067 0.11130702 0.10886337 0.10532213 0.10299345 0.10068382 0.098374199 0.096064574 0.094749956 0.098153896
-9999 -0.036392354 -0.0047507867 0.02689078 0.058532348 0.11599741 0.18156396 0.21994865 0.22696199 0.23353885 0.23794257 0.2423463 0.24675002 0.25139909 0.25653949 0.26060393 0.25115224 0.24170054 0.23224885 0.22450195 0.22068811 0.21687427 0.21306043 0.21312104 0.21660324 0.21790212 0.21334911 0.20909158 0.21044062 0.21178965 0.21313869 0.21120462 0.20294177 0.19467891 0.18641605 0.17452353 0.16052727 0.14671401 0.13316258 0.12241982 0.12121906 0.1200183 0.11881754 0.11790916 0.11721098 0.11575277 0.11330912 0.11086547 0.10842182 0.10488058 0.10114965 0.098476094 0.096166469 0.093856845 0.092542226 0.094674187
-9999 -0.086507813 -0.054866246 -0.019330365 0.046236181 0.11180273 0.17736927 0.21575396 0.2227673 0.22978064 0.23679397 0.24168398 0.2460877 0.25073677 0.25587717 0.26101756 0.26615796 0.26046624 0.25101455 0.24326765 0.23945381 0.23563997 0.23811855 0.24160075 0.24508295 0.24638183 0.24182882 0.23727582 0.23272282 0.23254231 0.23389135 0.23195728 0.22369442 0.21543157 0.20176617 0.18776991 0.17377364 0.15996039 0.14640896 0.13285753 0.11930609 0.11736902 0.11616826 0.11525989 0.1145617 0.11386352 0.11286758 0.11042393 0.10798027 0.10443903 0.1007081 0.09697717 0.09395874 0.091649115 0.090334497 0.092466458
-9999 -0.13662327 -0.089091598 -0.023525051 0.042041495 0.10760804 0.17317459 0.21155928 0.21857261 0.22558595 0.23259929 0.23961263 0.24542538 0.25007445 0.25521485 0.26035525 0.26549564 0.27063604 0.26978025 0.26203336 0.25963385 0.26311605 0.26659826 0.27008046 0.27356266 0.27486154 0.27030853 0.26575553 0.26120253 0.25664953 0.25464401 0.25270993 0.24300508 0.22900882 0.21501255 0.20101629 0.18702002 0.17320677 0.15965533 0.1461039 0.13255247 0.11900104 0.11351899 0.11261061 0.11191243 0.11121424 0.11051605 0.10981787 0.10753873 0.10399749 0.10026656 0.096535624 0.092804692 0.089441386 0.088126767 0.090258728
-9999 -0.16787022 -0.10230367 -0.036737129 0.028829418 0.094395964 0.15996251 0.20237546 0.2093888 0.21640214 0.22341547 0.23042881 0.23744215 0.25011431 0.25525471 0.2603951 0.2655355 0.27067589 0.27581629 0.28045527 0.28393747 0.28741968 0.29090188 0.29438408 0.29786629 0.29849994 0.29394694 0.28939394 0.28484094 0.28028793 0.27573493 0.26795642 0.25396016 0.23996389 0.22596762 0.21197136 0.19797509 0.18445749 0.17090606 0.15735463 0.1438032 0.13025176 0.11670033 0.10977655 0.10907837 0.10838018 0.107682 0.10698381 0.10628562 0.1030016 0.099270663 0.095539731 0.091808798 0.088077866 0.086066864 0.088198825
-9999 -0.22593351 -0.16036696 -0.094800414 -0.029233867 0.03712219 0.12046673 0.16837643 0.17538976 0.1824031 0.18941644 0.19642978 0.22131702 0.2435215 0.25695286 0.26392747 0.26906786 0.27420826 0.27934865 0.28398764 0.28746984 0.29095204 0.29443425 0.29791645 0.31071239 0.3162826 0.29722744 0.28895239 0.28439939 0.27984639 0.27529339 0.26751487 0.25351861 0.23952234 0.22552608 0.21152981 0.19880136 0.18578213 0.1722307 0.15867926 0.14512783 0.13224113 0.12658041 0.11680006 0.10532523 0.10462704 0.10392886 0.10323067 0.10253248 0.099248455 0.095517523 0.091786591 0.088055658 0.085643255 0.084742226 0.086874187
-9999 -0.28399679 -0.21843025 -0.1528637 -0.080221384 0.0031231562 0.086467696 0.13437739 0.14139073 0.14840407 0.16063986 0.1872253 0.21381074 0.23601522 0.24944658 0.26287793 0.27260023 0.27774063 0.28288102 0.28752 0.29100221 0.29448441 0.2997415 0.31449941 0.32925732 0.33482752 0.31577237 0.29671721 0.28395784 0.27940484 0.27485184 0.26707333 0.25307706 0.2390808 0.22542045 0.21277322 0.200126 0.18710677 0.17355533 0.1600039 0.14938205 0.14372133 0.1380606 0.12828025 0.11553835 0.10279646 0.10017572 0.099477529 0.098779343 0.095495315 0.091764383 0.08803345 0.086095252 0.084318617 0.083417588 0.08554955
-9999 -0.34206008 -0.27649353 -0.19756496 -0.11422042 -0.030875878 0.052468663 0.10037836 0.1073917 0.12654814 0.15313358 0.17971902 0.20630446 0.22850894 0.2419403 0.25537165 0.26880301 0.28127299 0.28641339 0.29105237 0.29453458 0.30352852 0.31828643 0.33304434 0.34780225 0.35337245 0.3343173 0.31526214 0.29620698 0.2789633 0.27441029 0.26663178 0.25263552 0.23939232 0.22674509 0.21409786 0.20145063 0.1884314 0.17487997 0.16652297 0.16086224 0.15520152 0.14954079 0.13976044 0.12701855 0.11427665 0.10153475 0.095724389 0.095026203 0.091742175 0.088323883 0.086547249 0.084770614 0.08299398 0.082092951 0.084224912
-9999 -0.39825307 -0.31490853 -0.23156399 -0.14821945 -0.064874911 0.018469629 0.066379326 0.092456421 0.11904186 0.1456273 0.17221274 0.19879818 0.22100266 0.23443402 0.24786537 0.26129673 0.27472809 0.28815944 0.29458474 0.30731554 0.32207345 0.33683136 0.35158927 0.36634718 0.37191738 0.35286222 0.33380707 0.31475191 0.29569675 0.2766416 0.26619024 0.25336418 0.24071695 0.22806973 0.2154225 0.20277527 0.18975604 0.18366389 0.17800316 0.17234244 0.16668171 0.16102099 0.15124064 0.13849874 0.12575684 0.11301495 0.10027305 0.091273063 0.08877588 0.086999245 0.085222611 0.083445976 0.081669342 0.080768313 0.085788026
-9999 -0.45650857 -0.37316403 -0.28981949 -0.20647495 -0.12313041 -0.038426594 0.031947816 0.068710889 0.09529633 0.12188177 0.14846721 0.17505265 0.20449174 0.22955533 0.24298669 0.25641805 0.2698494 0.28328076 0.29711324 0.31187115 0.32662906 0.34138697 0.35614488 0.37029806 0.37611912 0.36433088 0.34527573 0.32622057 0.30716541 0.28811026 0.27124384 0.25859661 0.24594938 0.23330215 0.22065493 0.20747048 0.19297792 0.18364474 0.17798402 0.17232329 0.16666257 0.16100184 0.1496983 0.13631927 0.12357737 0.11083548 0.09809358 0.085351682 0.071589648 0.069813013 0.068036379 0.066259745 0.06448311 0.065492493 0.074169367
-9999 -0.52853574 -0.4451912 -0.36184666 -0.27850212 -0.19229376 -0.1050348 -0.034660386 0.016227083 0.062330915 0.088916355 0.1155018 0.14208724 0.17152632 0.20667999 0.23959983 0.25303119 0.26646255 0.2798939 0.29372639 0.3084843 0.32324221 0.33800012 0.35059404 0.36104065 0.36686171 0.36028515 0.35272681 0.33367166 0.3146165 0.29556134 0.27869493 0.2660477 0.25340047 0.24075324 0.22688286 0.21221208 0.19771952 0.18348194 0.17143609 0.16577537 0.16011464 0.15445392 0.14315038 0.12779028 0.11364259 0.10090069 0.088158797 0.0754169 0.061117651 0.046549249 0.041844679 0.040068045 0.038291411 0.039300793 0.049960599
-9999 -0.60056292 -0.51721837 -0.43341988 -0.34616092 -0.25890196 -0.171643 -0.10126859 -0.050381119 0.00050634995 0.051393819 0.08253638 0.10912182 0.13856091 0.17371458 0.20886825 0.24402192 0.26307569 0.27650704 0.29033953 0.30509744 0.31985535 0.33089002 0.34133663 0.35178324 0.3576043 0.35102774 0.34445118 0.33787462 0.32206759 0.30301243 0.28614601 0.27349878 0.26085156 0.24629525 0.23162446 0.21695368 0.20246112 0.18822354 0.17398596 0.15974838 0.15356672 0.14790599 0.13660245 0.12124236 0.10588226 0.090965912 0.078224014 0.065482117 0.051182868 0.036614466 0.022046064 0.013876345 0.012099711 0.013109094 0.0237689
-9999 -0.67259009 -0.58728704 -0.50002808 -0.41276912 -0.32551016 -0.2382512 -0.16787679 -0.11698932 -0.066101852 -0.015214383 0.035673086 0.076156406 0.10559549 0.14074916 0.17590284 0.21105651 0.24621018 0.27312019 0.28695267 0.30073938 0.31118599 0.3216326 0.33207921 0.34252582 0.34834689 0.34177033 0.33519377 0.32861721 0.32204066 0.31046352 0.2935971 0.28037841 0.26570763 0.25103685 0.23636606 0.22169528 0.20720272 0.19296514 0.17872756 0.16448998 0.1502524 0.14135807 0.13005453 0.11469443 0.099334336 0.08397424 0.068614145 0.055547335 0.041248085 0.026679684 0.012111282 -0.0024571203 -0.014091989 -0.013082606 -0.0024227997
