P1_models/J1_p1_vp_slide_diff_300.dat.tif
NCOLS 118
NROWS 92
XLLCORNER 139.62
YLLCORNER -39.07
DX 0.099491525
DY 0.099347826
NODATA_VALUE -9999
[rows 0 to 26 of 92, columns 0 to 59 of 118]
-9999 -9999 -9999 -9999 -9999 -9999 -9999 -9999 -9999 -9999 -9999 -9999 -9999 -9999 -9999 -9999 -9999 -9999 -9999 -9999 -9999 -9999 -9999 -9999 -9999 -9999 -9999 -9999 -9999 -9999 -9999 -9999 -9999 -9999 -9999 -9999 -9999 -9999 -9999 -9999 -9999 -9999 -9999 -9999 -9999 -9999 -9999 -9999 -9999 -9999 -9999 -9999 -9999 -9999 -9999 -9999 -9999 -9999 -9999 -9999
-9999 8.6299646 8.6300369 8.6301091 8.6301814 8.6302537 8.6302676 8.630383 8.6303167 8.6299451 8.6295736 8.6292021 8.6288305 8.6286214 8.6287884 8.6290139 8.6292395 8.629465 8.6296905 8.6302576 8.6316129 8.6329681 8.6343233 8.6356786 8.6368532 8.636979 8.6374196 8.6380349 8.6386503 8.6392656 8.6398809 8.6401541 8.6397678 8.6393814 8.6389951 8.6386088 8.6374923 8.6362462 8.6361647 8.6349216 8.6336785 8.6324353 8.6311922 8.6290294 8.6276973 8.6268417 8.625986 8.6251304 8.6242748 8.6133196 8.6140224 8.6147252 8.6154281 8.6161309 8.6199523 8.6270464 8.6235109 8.6199754 8.6164399 8.6129044
-9999 8.6293135 8.6293858 8.629458 8.6295303 8.6294988 8.6294024 8.6295178 8.6298776 8.6300081 8.6296365 8.629265 8.6288934 8.6286843 8.6288004 8.6289403 8.6291658 8.6293913 8.6296168 8.6301839 8.6315392 8.6328944 8.6342497 8.6351017 8.6351569 8.6352826 8.6355973 8.6359695 8.6365849 8.6372002 8.6378155 8.6380887 8.6377024 8.637316 8.6369297 8.6351847 8.6320342 8.630788 8.6322663 8.6327471 8.631504 8.6302609 8.6290177 8.6268549 8.6240309 8.6223331 8.6214775 8.6206219 8.6197663 8.6082 8.5947827 8.593767 8.5944698 8.5951727 8.5989941 8.6136179 8.6237079 8.6201724 8.6166369 8.6131014
-9999 8.6286624 8.6287346 8.6288069 8.6287301 8.6286337 8.6285373 8.6286527 8.6290125 8.6293723 8.6296994 8.6293279 8.6289564 8.6287472 8.6288633 8.6289794 8.6290954 8.6293176 8.6295431 8.6301102 8.6314655 8.6328207 8.6333501 8.6334053 8.6334605 8.6335862 8.6339009 8.6342156 8.6345302 8.6351348 8.6357501 8.6360233 8.635637 8.6352506 8.6328771 8.6297266 8.6265761 8.6253299 8.6268082 8.6282865 8.6293295 8.6280864 8.6268432 8.6246804 8.6218564 8.6190324 8.616969 8.6161134 8.6152577 8.6036915 8.5902742 8.5768569 8.5735116 8.5742144 8.5780358 8.5926597 8.6072835 8.6203694 8.6168339 8.6132984
-9999 8.6280112 8.6280577 8.6279613 8.6278649 8.6277685 8.6276721 8.6277875 8.6281473 8.6285071 8.6288669 8.6292267 8.6290193 8.6288101 8.6289262 8.6290423 8.6291584 8.6292744 8.6294694 8.6300366 8.6313918 8.6315985 8.6316537 8.6317089 8.6317641 8.6318899 8.6322045 8.6325192 8.6328339 8.6331485 8.6336847 8.6339579 8.6335716 8.6305695 8.627419 8.6242684 8.6211179 8.6198718 8.6213501 8.6228284 8.6243067 8.625785 8.6246688 8.6225059 8.619682 8.616858 8.614034 8.6116048 8.6107492 8.599183 8.5857656 8.5723483 8.558931 8.5532561 8.5570776 8.5717014 8.5863252 8.6009491 8.6155729 8.6134955
-9999 8.6272889 8.6271925 8.6270961 8.6269997 8.6269034 8.626807 8.6269223 8.6272821 8.6276419 8.6280017 8.6283616 8.6287214 8.6288731 8.6289891 8.6291052 8.6292213 8.6293373 8.6294534 8.6297917 8.6298469 8.6299021 8.6299573 8.6300126 8.6300678 8.6301935 8.6305082 8.6308228 8.6311375 8.6314521 8.6317668 8.6314124 8.6282618 8.6251113 8.6219608 8.6188103 8.6156598 8.6144137 8.615892 8.6173703 8.6188486 8.6203269 8.6218052 8.6203315 8.6175075 8.6146835 8.6118595 8.6090355 8.6062407 8.5946744 8.5812571 8.5678398 8.5544225 8.5410052 8.5361193 8.5507432 8.565367 8.5799908 8.5946147 8.6092385
-9999 8.6272485 8.6271521 8.6270557 8.6269593 8.626863 8.6267921 8.626931 8.6272908 8.6276506 8.6280104 8.6283702 8.6286656 8.628844 8.6289486 8.6290647 8.6291808 8.6292969 8.6294129 8.6295106 8.6295658 8.629621 8.6296763 8.6297315 8.6297604 8.629766 8.6298764 8.630191 8.6305057 8.6308204 8.631135 8.6302661 8.6271156 8.6239651 8.6208146 8.6176641 8.6170033 8.6187267 8.620205 8.6216833 8.6231616 8.6246399 8.6146911 8.6035843 8.5986259 8.5958019 8.5929779 8.5901539 8.5873299 8.5754737 8.5620563 8.548639 8.5352217 8.531307 8.5535408 8.5681646 8.5827884 8.5974123 8.6120361 8.6169868
-9999 8.6273388 8.6272424 8.627146 8.6270496 8.6269918 8.6269393 8.6270781 8.6274379 8.6277977 8.6281575 8.6284106 8.6286277 8.6288062 8.6289073 8.6290085 8.6291239 8.62924 8.6293561 8.6294538 8.629509 8.6295642 8.6296194 8.6296288 8.6296132 8.6296189 8.6296814 8.629744 8.6300426 8.6303572 8.6306719 8.629803 8.6266525 8.623502 8.6203514 8.6209697 8.6228644 8.6245878 8.6260661 8.6275444 8.6290227 8.6149623 8.598738 8.5876312 8.5802034 8.5742734 8.5714495 8.5686255 8.5658015 8.5539452 8.5405279 8.5271105 8.5303782 8.5548089 8.5770427 8.5916665 8.6062903 8.6209142 8.6229157 8.6219992
-9999 8.627429 8.6273326 8.6272439 8.6271914 8.6271389 8.6270864 8.6272253 8.6275851 8.6279386 8.6281557 8.6283728 8.6285899 8.6287684 8.6288695 8.6289707 8.6290718 8.6291831 8.6292992 8.6293969 8.6294521 8.6295073 8.6294973 8.6294817 8.6294661 8.6294718 8.6295343 8.6295969 8.6296594 8.6298941 8.6302088 8.6293398 8.6261893 8.6230413 8.6249361 8.6268308 8.6287255 8.6304489 8.6319272 8.6314578 8.6152335 8.5990091 8.5827848 8.571678 8.5642502 8.5568224 8.549921 8.547097 8.544273 8.5324167 8.5189994 8.5294495 8.5538801 8.5783108 8.6005446 8.6151684 8.6297613 8.6288447 8.6279281 8.6270116
-9999 8.6275193 8.6274436 8.6273911 8.6273385 8.627286 8.6272335 8.6273724 8.6276837 8.6279008 8.6281179 8.628335 8.628552 8.6287305 8.6288317 8.6289328 8.629034 8.6291351 8.6292424 8.62934 8.6293813 8.6293658 8.6293502 8.6293346 8.629319 8.6293246 8.6293872 8.6294498 8.6295123 8.6295749 8.6297456 8.6288767 8.6270077 8.6289024 8.6307972 8.6326919 8.6345866 8.63631 8.631729 8.6155046 8.5992803 8.583056 8.5668317 8.5557249 8.5482971 8.5408692 8.5334414 8.5260136 8.5227446 8.5108883 8.5285207 8.5529513 8.577382 8.6018127 8.6240464 8.6356903 8.6347737 8.6338571 8.6329406 8.632024
-9999 8.6276616 8.6276091 8.6275566 8.6275041 8.6274516 8.627399 8.6274755 8.6276926 8.6279097 8.6281268 8.6283439 8.6285609 8.6287146 8.6288158 8.6289169 8.6290181 8.6291192 8.6292204 8.6292862 8.6292707 8.6292551 8.6292395 8.6292239 8.6292083 8.6296359 8.6296985 8.629761 8.6298236 8.6298862 8.6299487 8.6306371 8.6325318 8.6344265 8.6363213 8.638216 8.6401107 8.6335288 8.6173045 8.6010801 8.5848558 8.5686315 8.5524072 8.5448232 8.5373954 8.5299675 8.5225397 8.5151119 8.507684 8.5274201 8.5518507 8.5762814 8.6007121 8.6251428 8.640084 8.6391675 8.6382509 8.6373343 8.6364178 8.6355012
-9999 8.6279479 8.6278954 8.6278428 8.6277903 8.6277378 8.6277059 8.6277907 8.6280078 8.6282249 8.628442 8.6286591 8.6287169 8.6287776 8.6289391 8.6290451 8.6291462 8.6292474 8.6293485 8.6294144 8.6293988 8.6293832 8.6293676 8.629352 8.6294358 8.6302127 8.6327246 8.6330766 8.6331391 8.6332017 8.6332643 8.6339526 8.6358474 8.6377421 8.6396368 8.6415315 8.6383853 8.6291227 8.6128984 8.5966741 8.5804497 8.5642254 8.5617875 8.5612097 8.5595994 8.5521716 8.5447437 8.5373159 8.5298881 8.5496241 8.5740548 8.5984855 8.6229161 8.633923 8.6335 8.6325834 8.6316668 8.6307503 8.6298337 8.6379745
-9999 8.6282341 8.6281816 8.6281291 8.6280804 8.6280508 8.6280211 8.628106 8.628323 8.6285401 8.6287491 8.6287594 8.6287697 8.6288303 8.6289918 8.6291534 8.6292743 8.6293755 8.6294766 8.6295425 8.6295269 8.6295113 8.6294957 8.6296156 8.6297451 8.6305219 8.6330338 8.6355457 8.6364547 8.6365172 8.6365798 8.6372682 8.6391629 8.6410576 8.6427719 8.6383755 8.6339792 8.6247166 8.6084923 8.592268 8.5782929 8.5766098 8.5749267 8.5743489 8.5745657 8.5743756 8.5669478 8.5595199 8.5520921 8.5718281 8.5962588 8.6206895 8.6276194 8.6273389 8.6269159 8.6259993 8.6250828 8.6249544 8.6339408 8.6429272
-9999 8.6285204 8.6284678 8.6284254 8.6283957 8.628366 8.6283363 8.6284212 8.6286383 8.6287916 8.6288019 8.6288122 8.6288225 8.6288831 8.6290446 8.6292061 8.6293676 8.6295036 8.6296047 8.6296706 8.629655 8.6296658 8.6297953 8.6299248 8.6300543 8.6308311 8.633343 8.6358549 8.6383669 8.6398328 8.6398953 8.6405837 8.6424784 8.6427621 8.6383658 8.6339694 8.6295731 8.6203106 8.6040862 8.5931152 8.5914321 8.589749 8.5880659 8.587488 8.5877048 8.5879216 8.5881384 8.581724 8.5742961 8.5940322 8.6184628 8.6213159 8.6210354 8.6207548 8.6203318 8.6194153 8.6209207 8.6299071 8.6388935 8.6478799
-9999 8.6288066 8.6287703 8.6287406 8.6287109 8.6286812 8.6286515 8.6287364 8.6288341 8.6288444 8.6288547 8.628865 8.6288752 8.6289359 8.6290974 8.6292589 8.6294204 8.6295819 8.6297329 8.6297987 8.6298455 8.629975 8.6301045 8.630234 8.6303635 8.6311404 8.6336523 8.6361642 8.6386761 8.641188 8.6432108 8.6438992 8.6427524 8.6383561 8.6339597 8.6295634 8.625167 8.6159045 8.6079375 8.6062544 8.6045713 8.6028881 8.601205 8.6006272 8.600844 8.6010608 8.6012776 8.6014944 8.5965002 8.6152929 8.6150124 8.6147318 8.6144513 8.6141708 8.6137478 8.616887 8.6258734 8.6348598 8.6438462 8.6528326
-9999 8.6290828 8.6290532 8.6290235 8.6289938 8.6289641 8.6289344 8.6290484 8.6290587 8.6290689 8.6290792 8.6290895 8.6290998 8.6291079 8.6292615 8.629423 8.6295845 8.629746 8.6299075 8.6300594 8.6301889 8.6303184 8.6304479 8.6305774 8.6307069 8.6254826 8.625528 8.6280399 8.6305518 8.6330637 8.6355756 8.6357279 8.6313316 8.6269352 8.6225389 8.6181425 8.6137462 8.6186959 8.6170128 8.6153297 8.6136466 8.6119635 8.6102803 8.6087029 8.6089197 8.6091365 8.6093532 8.60957 8.6097868 8.6098329 8.6095524 8.6092719 8.6089914 8.6087108 8.6093748 8.6176846 8.626671 8.6356574 8.6446437 8.6536301
-9999 8.6292906 8.6292609 8.6292313 8.6292016 8.6291984 8.6293454 8.6294958 8.6296503 8.6296925 8.6297028 8.6297131 8.6297233 8.6297315 8.6297355 8.6298458 8.6300073 8.6301688 8.6303303 8.6304821 8.6306116 8.6307411 8.6308706 8.6310001 8.6319923 8.6270878 8.6062047 8.6003193 8.6028312 8.6053432 8.6078551 8.6080073 8.603611 8.5992146 8.5948183 8.5912758 8.607175 8.6164791 8.6163479 8.6149621 8.613279 8.6115959 8.6099127 8.6077388 8.6052296 8.6054464 8.6056632 8.60588 8.6060968 8.606493 8.6067045 8.606424 8.6061435 8.6058629 8.6065269 8.6104623 8.6178136 8.6268 8.6357864 8.6447728
-9999 8.6294984 8.6294687 8.629439 8.6294882 8.6296351 8.6297821 8.6299325 8.630087 8.6302414 8.6303263 8.6303366 8.6303469 8.6303551 8.6303591 8.630363 8.63043 8.6305915 8.630753 8.6309049 8.6310344 8.6311639 8.6314833 8.6325404 8.6335975 8.628693 8.6078099 8.5869268 8.5751107 8.5776226 8.5801345 8.5802868 8.5758904 8.5714941 8.5730966 8.5889958 8.6048951 8.6141992 8.614068 8.6139367 8.6129114 8.6112283 8.6095452 8.6073712 8.6048445 8.6023178 8.6019732 8.60219 8.6024068 8.602803 8.6032303 8.6035761 8.6032956 8.603015 8.603679 8.6076144 8.6115498 8.6179426 8.626929 8.6359154
-9999 8.6297062 8.6296765 8.6297779 8.6299249 8.6300718 8.6302188 8.6303692 8.6305237 8.6306781 8.6308326 8.6309602 8.6309705 8.6309786 8.6309826 8.6309866 8.6309906 8.6310143 8.6311758 8.6313276 8.6314571 8.6320314 8.6330885 8.6341456 8.6352027 8.6302982 8.6094151 8.588532 8.5676489 8.549902 8.5524139 8.5525662 8.5481698 8.5549174 8.5708167 8.5867159 8.6026152 8.6119193 8.611788 8.6116568 8.6115256 8.6108607 8.6091776 8.6070037 8.6044769 8.6019502 8.5994235 8.5984999 8.5987167 8.599113 8.5995403 8.5999675 8.6003948 8.6001671 8.6008311 8.6047665 8.6087019 8.6126373 8.6180716 8.627058
-9999 8.6299207 8.6300677 8.6302146 8.6303616 8.6305085 8.6306555 8.6308059 8.6309604 8.6311148 8.6312693 8.6314238 8.6315782 8.6316022 8.6316062 8.6316102 8.6316141 8.6316181 8.6316221 8.6317504 8.6325795 8.6336366 8.6346937 8.6357508 8.6368079 8.6319034 8.6110203 8.5901372 8.5692541 8.548371 8.5274879 8.5248456 8.5367382 8.5526375 8.5685367 8.584436 8.6003352 8.6096393 8.6095081 8.6093769 8.6092457 8.6091144 8.60881 8.6066361 8.6041093 8.6015826 8.5990559 8.5965291 8.5950267 8.5954229 8.5958502 8.5962775 8.5967048 8.5971321 8.5979832 8.6019186 8.605854 8.6097894 8.6137248 8.6182006
-9999 8.6312364 8.6313834 8.6315303 8.6316773 8.6318242 8.6317404 8.6312818 8.6314363 8.6315907 8.6317452 8.6318996 8.6320448 8.6318373 8.6315745 8.6315785 8.6315825 8.6315865 8.6315904 8.6319129 8.63297 8.6340271 8.6350842 8.6361413 8.6371984 8.637062 8.6238769 8.6029938 8.5821107 8.5612276 8.5403445 8.5320251 8.5479243 8.5638236 8.5797228 8.5956221 8.6094569 8.6091131 8.6089819 8.6088507 8.6087195 8.6085882 8.6080935 8.6070625 8.6047277 8.602201 8.5996742 8.5971475 8.5946208 8.5946128 8.59504 8.5954673 8.5958946 8.5963219 8.5981003 8.6020357 8.6059711 8.6099065 8.613842 8.6183344
-9999 8.6332151 8.6333621 8.633509 8.633656 8.6332357 8.6322458 8.6317872 8.6319417 8.6320961 8.6322506 8.6323576 8.632383 8.6321756 8.6315017 8.6310526 8.6310566 8.6310606 8.6310645 8.631387 8.6324441 8.6335012 8.6345583 8.635632 8.6367501 8.6366139 8.6331155 8.6243375 8.6034544 8.5825713 8.5616882 8.5533688 8.569268 8.5851673 8.6010665 8.610746 8.6102536 8.6099098 8.6097786 8.6096474 8.6095161 8.6087244 8.6073142 8.6062832 8.6055248 8.6035631 8.6010364 8.5985096 8.5959829 8.5959749 8.5964022 8.5968294 8.5973334 8.5985941 8.600454 8.6043894 8.6083248 8.6122602 8.6171391 8.6231105
-9999 8.6351938 8.6353408 8.6354877 8.634731 8.6337411 8.6327512 8.6322926 8.6324471 8.6326015 8.6326703 8.6326958 8.6327212 8.6325138 8.6318399 8.631166 8.6305307 8.6305346 8.6305386 8.6308611 8.6319181 8.6329752 8.6340658 8.6351839 8.636302 8.6361657 8.6326673 8.6291689 8.6247981 8.603915 8.5830319 8.5747125 8.5906117 8.606511 8.6120351 8.6115427 8.6110503 8.6107065 8.6105753 8.6104441 8.6093552 8.607945 8.6065348 8.6055038 8.6047454 8.603987 8.6023985 8.5998718 8.597345 8.597337 8.5977643 8.5984264 8.5996871 8.6009478 8.6028077 8.6067431 8.6106785 8.6159437 8.6219152 8.6278866
-9999 8.6371725 8.6372161 8.6362262 8.6352364 8.6342465 8.6332567 8.632798 8.6329525 8.6329831 8.6330085 8.633034 8.6330594 8.632852 8.6321781 8.6315042 8.6308303 8.6301564 8.6300127 8.6303351 8.6313922 8.6324995 8.6336177 8.6347358 8.6358539 8.6357176 8.6322192 8.6287208 8.6252224 8.621724 8.6043757 8.5960562 8.6119555 8.6133242 8.6128318 8.6123394 8.611847 8.6115032 8.611372 8.6099861 8.6085759 8.6071657 8.6057555 8.6047245 8.6039661 8.6032077 8.6024493 8.6012339 8.5987071 8.5986991 8.5995194 8.6007801 8.6020408 8.6033015 8.6051614 8.6090968 8.6147484 8.6207198 8.6266913 8.6326627
-9999 8.6387114 8.6377215 8.6367316 8.6357418 8.6347519 8.6337621 8.6332704 8.6332959 8.6333213 8.6333467 8.6333722 8.6333976 8.6331902 8.6325163 8.6318424 8.6311685 8.6304946 8.6298207 8.6298152 8.6309333 8.6320514 8.6331695 8.6342877 8.6354058 8.6352695 8.6317711 8.6282727 8.6247743 8.6212759 8.6177775 8.6151057 8.6146133 8.6141209 8.6136285 8.6131361 8.6126437 8.6120272 8.610617 8.6092068 8.6077965 8.6063863 8.6049761 8.6039451 8.6031867 8.6024283 8.6016699 8.6009115 8.6000693 8.6006124 8.6018731 8.6031338 8.6043945 8.6056552 8.6075816 8.613553 8.6195245 8.6254959 8.6314674 8.6374388
-9999 8.6352375 8.6342477 8.6332578 8.632268 8.6312781 8.6320536 8.6338036 8.6345733 8.6345987 8.6346242 8.6346496 8.6346751 8.6339398 8.6320983 8.6314244 8.6307505 8.6300766 8.6294027 8.6292707 8.6303889 8.631507 8.6326251 8.6337432 8.6335318 8.6335181 8.6385135 8.6350151 8.6315167 8.6280183 8.6245199 8.6220483 8.6215559 8.6210635 8.6205711 8.6200787 8.6167862 8.6036613 8.5890875 8.5876772 8.586267 8.5848568 8.5834466 8.5961405 8.605632 8.6048736 8.6041152 8.6033568 8.6025984 8.5993861 8.5999329 8.6011936 8.6024543 8.603715 8.6052683 8.6086031 8.6145745 8.620546 8.6265174 8.6324889
-9999 8.6310011 8.6300112 8.6290214 8.6280315 8.6297541 8.6319636 8.6337135 8.634933 8.6360562 8.6360816 8.6361071 8.6361325 8.6353972 8.6331384 8.6308796 8.6301876 8.6295137 8.6288398 8.6287078 8.629826 8.6309441 8.6320622 8.6307811 8.6280056 8.6279919 8.6353804 8.6427689 8.6396372 8.6361389 8.6326405 8.6301688 8.6296764 8.629184 8.6286916 8.623867 8.6173309 8.604206 8.5816549 8.5621709 8.5607606 8.5593504 8.5579402 8.5706341 8.5934672 8.6079369 8.6071785 8.6064201 8.6056617 8.6024494 8.5988129 8.5984304 8.5996911 8.6009518 8.6025051 8.6050718 8.6077605 8.613732 8.6197034 8.6256749
