P1_models/J1_p1_vp_slide_diff_15.dat.tif
NCOLS 118
NROWS 92
XLLCORNER 139.62
YLLCORNER -39.07
DX 0.099491525
DY 0.099347826
NODATA_VALUE -9999
[rows 0 to 26 of 92, columns 0 to 59 of 118]
-9999 -9999 -9999 -9999 -9999 -9999 -9999 -9999 -9999 -9999 -9999 -9999 -9999 -9999 -9999 -9999 -9999 -9999 -9999 -9999 -9999 -9999 -9999 -9999 -9999 -9999 -9999 -9999 -9999 -9999 -9999 -9999 -9999 -9999 -9999 -9999 -9999 -9999 -9999 -9999 -9999 -9999 -9999 -9999 -9999 -9999 -9999 -9999 -9999 -9999 -9999 -9999 -9999 -9999 -9999 -9999 -9999 -9999 -9999 -9999
-9999 6.160262 6.1509274 6.1415928 6.1322582 6.1229237 6.1142125 6.1077626 6.1002925 6.0911965 6.0821005 6.0730046 6.0639086 6.0553117 6.0546131 6.0618241 6.0690351 6.0762461 6.083457 6.0899646 6.0948495 6.0997344 6.1046192 6.1095041 6.113219 6.1105847 6.1097216 6.1079549 6.1061881 6.1044214 6.1026547 6.1040091 6.1113803 6.1187514 6.1261226 6.1334937 6.1428213 6.1582234 6.1724696 6.1851901 6.1979106 6.2106311 6.2233516 6.2379053 6.2522333 6.2660684 6.2799035 6.2937386 6.3075736 6.311598 6.3228232 6.3340483 6.3452734 6.3564986 6.3632866 6.3546555 6.3459548 6.3372541 6.3285534 6.3198527
-9999 6.1707188 6.1613842 6.1520496 6.142715 6.1344887 6.1269565 6.1205066 6.1153058 6.1088835 6.0997876 6.0906916 6.0815956 6.0729988 6.0654014 6.0610275 6.0682384 6.0754494 6.0826604 6.089168 6.0940529 6.0989377 6.1038226 6.1054469 6.1019087 6.0992744 6.0990629 6.0985535 6.0967867 6.09502 6.0932533 6.0946077 6.1019789 6.10935 6.1167211 6.127733 6.1425111 6.1579131 6.1742079 6.1891926 6.2019131 6.2146336 6.2273541 6.2419078 6.2577793 6.2724856 6.2863207 6.3001558 6.3139909 6.3176097 6.3194629 6.3295474 6.3407726 6.3519977 6.3587857 6.350204 6.3415926 6.3328919 6.3241912 6.3154905
-9999 6.1811756 6.171841 6.1625064 6.1547649 6.1472327 6.1397006 6.1332507 6.1280499 6.1228491 6.1174746 6.1083786 6.0992826 6.0906858 6.0830884 6.0754911 6.0678938 6.0746528 6.0818638 6.0883714 6.0932562 6.0981411 6.0976748 6.0941366 6.0905983 6.087964 6.0877526 6.0875411 6.0873296 6.0856186 6.0838518 6.0852063 6.0925775 6.0999486 6.1126447 6.1274228 6.1422008 6.1576029 6.1738977 6.1901925 6.2059156 6.2186361 6.2313566 6.2459103 6.2617818 6.2776533 6.292738 6.3065731 6.3204081 6.324027 6.3258802 6.3277334 6.3362717 6.3474968 6.3542848 6.3457031 6.3371215 6.3285297 6.319829 6.3111283
-9999 6.1916323 6.1825732 6.1750411 6.1675089 6.1599768 6.1524446 6.1459947 6.1407939 6.1355931 6.1303923 6.1251915 6.1169696 6.1083728 6.1007755 6.0931781 6.0855808 6.0779834 6.0810671 6.0875747 6.0924596 6.0899027 6.0863645 6.0828262 6.079288 6.0766537 6.0764422 6.0762308 6.0760193 6.0758078 6.0744504 6.0758049 6.083176 6.0975564 6.1123345 6.1271125 6.1418905 6.1572926 6.1735874 6.1898823 6.2061771 6.2224719 6.2353591 6.2499127 6.2657843 6.2816558 6.2975273 6.3129903 6.3268254 6.3304442 6.3322974 6.3341507 6.3360039 6.3429959 6.3497839 6.3412023 6.3326206 6.3240389 6.3154572 6.3067661
-9999 6.2028495 6.1953173 6.1877851 6.180253 6.1727208 6.1651886 6.1587388 6.153538 6.1483372 6.1431364 6.1379356 6.1327348 6.1260598 6.1184625 6.1108651 6.1032678 6.0956705 6.0880731 6.0856689 6.0821307 6.0785924 6.0750542 6.0715159 6.0679777 6.0653434 6.0651319 6.0649204 6.064709 6.0644975 6.0642861 6.0676901 6.0824682 6.0972462 6.1120242 6.1268023 6.1415803 6.1569823 6.1732772 6.189572 6.2058668 6.2221616 6.2384565 6.2539152 6.2697867 6.2856582 6.3015298 6.3174013 6.3332426 6.3368615 6.3387147 6.3405679 6.3424211 6.3442743 6.3452831 6.3367014 6.3281197 6.319538 6.3109564 6.3023747
-9999 6.2145463 6.2070141 6.1994819 6.1919498 6.1844176 6.1795806 6.1756077 6.1704069 6.1652061 6.1600053 6.1548045 6.1473957 6.1376613 6.1289672 6.1213698 6.1137725 6.1061751 6.0985778 6.0922079 6.0886696 6.0851314 6.0815931 6.0780549 6.0709656 6.0617668 6.0627036 6.0624921 6.0622806 6.0620692 6.0618577 6.0667662 6.0815442 6.0963222 6.1111003 6.1258783 6.1437052 6.1627436 6.1790384 6.1953332 6.211628 6.2279229 6.2433557 6.2606554 6.277969 6.2938405 6.3097121 6.3255836 6.3414551 6.345374 6.3472272 6.3490804 6.3509336 6.3519284 6.3487906 6.3402089 6.3316273 6.3230456 6.3144639 6.3048719
-9999 6.2260772 6.218545 6.2110128 6.2034807 6.2000121 6.1971031 6.1931301 6.1879293 6.1827285 6.1775277 6.1686724 6.1585846 6.1488502 6.1398235 6.1307968 6.1231393 6.115542 6.1079446 6.1015747 6.0980364 6.0944982 6.0909599 6.0812488 6.0681682 6.0589694 6.0601749 6.0613804 6.0612595 6.061048 6.0608366 6.065745 6.080523 6.0953011 6.1100791 6.1294721 6.1504283 6.1694667 6.1857615 6.2020563 6.2183511 6.2334738 6.2484332 6.2657329 6.284715 6.302685 6.3185565 6.3344281 6.3502996 6.3542185 6.3560717 6.3579249 6.3582708 6.3567047 6.3535669 6.3449852 6.3364036 6.3278219 6.3179219 6.3077171
-9999 6.2376081 6.2300759 6.2233527 6.2204436 6.2175345 6.2146255 6.2106525 6.2054517 6.2000369 6.1899491 6.1798613 6.1697735 6.1600391 6.1510124 6.1419857 6.132959 6.1249088 6.1173114 6.1109415 6.1074032 6.103865 6.0915321 6.0784514 6.0653708 6.056172 6.0573775 6.0585831 6.0597886 6.0600268 6.0598154 6.0647238 6.0795019 6.094283 6.1152391 6.1361952 6.1571514 6.1761898 6.1924846 6.2086325 6.2235919 6.2385513 6.2535107 6.2708104 6.2897925 6.3087746 6.327401 6.3432726 6.3591441 6.363063 6.3649162 6.3646132 6.3630471 6.361481 6.3583432 6.3497616 6.3411766 6.3309718 6.320767 6.3105622
-9999 6.249139 6.2437842 6.2408751 6.237966 6.235057 6.2321479 6.2281749 6.2213136 6.2112258 6.201138 6.1910502 6.1809624 6.171228 6.1622013 6.1531746 6.1441479 6.1351212 6.1266782 6.1203083 6.114896 6.1018154 6.0887347 6.0756541 6.0625734 6.0533746 6.0545802 6.0557857 6.0569912 6.0581968 6.0587942 6.0637027 6.08005 6.1010061 6.1219622 6.1429183 6.1638745 6.1829129 6.1987506 6.21371 6.2286694 6.2436288 6.2585882 6.2758879 6.29487 6.3138521 6.3328343 6.3518164 6.3679886 6.3719075 6.3709556 6.3693895 6.3678234 6.3662573 6.3631195 6.3542266 6.3440218 6.333817 6.3236122 6.3134074
-9999 6.2630837 6.2601747 6.2572656 6.2543565 6.2514475 6.2485384 6.2414333 6.2313455 6.2212577 6.2111699 6.2010821 6.1909943 6.1816229 6.1725962 6.1635695 6.1545428 6.1455161 6.1364894 6.1262369 6.1131562 6.1000756 6.0869949 6.0739143 6.0608336 6.0520581 6.0532636 6.0544692 6.0556747 6.0568802 6.0580858 6.0660375 6.0869936 6.1079497 6.1289058 6.1498619 6.1708181 6.1885102 6.2034696 6.218429 6.2333884 6.2483478 6.2633072 6.2787694 6.2977515 6.3167336 6.3357157 6.3546979 6.37368 6.3751418 6.3735757 6.3720096 6.3704435 6.3688774 6.3672375 6.3570326 6.3468278 6.336623 6.3264182 6.3162134
-9999 6.2720559 6.2691468 6.2662377 6.2633287 6.2604196 6.2528783 6.2438828 6.233795 6.2237072 6.2136195 6.2035317 6.197354 6.1900185 6.178026 6.1687609 6.1597342 6.1507075 6.1416808 6.1314282 6.1183476 6.1052669 6.0921863 6.0791056 6.0673813 6.059785 6.0615824 6.0628579 6.0640634 6.0652689 6.0664745 6.0744261 6.0953823 6.1163384 6.1372945 6.1582506 6.175277 6.1908794 6.2058388 6.2207982 6.2357576 6.250717 6.2637268 6.274574 6.2862408 6.3052229 6.3242051 6.3431872 6.3621693 6.3636311 6.362065 6.3604989 6.3589328 6.3639231 6.3697872 6.3595824 6.3493776 6.3391727 6.3289679 6.3086371
-9999 6.281028 6.2781189 6.2752099 6.2714259 6.2633769 6.2553278 6.2463324 6.2362446 6.2261568 6.2162673 6.2112573 6.2062473 6.1989118 6.1869193 6.1749267 6.1649255 6.1558988 6.1468721 6.1366195 6.1235389 6.1104582 6.0973776 6.0861446 6.0750435 6.0674472 6.0692446 6.071042 6.0724521 6.0736576 6.0748631 6.0828148 6.1037709 6.1247271 6.1455425 6.1615944 6.1776462 6.1932486 6.208208 6.2231675 6.2378088 6.2507118 6.2636148 6.274462 6.2838313 6.2937123 6.3126944 6.3316765 6.3506586 6.3521205 6.3505544 6.3489883 6.3559697 6.3664728 6.3723369 6.3621321 6.3519273 6.3408413 6.319565 6.2982888
-9999 6.2900001 6.2870911 6.2819245 6.2738754 6.2658264 6.2577774 6.2487819 6.2386941 6.2301705 6.2251605 6.2201506 6.2151406 6.2078051 6.1958125 6.18382 6.1718275 6.1610901 6.1520634 6.1418109 6.1287302 6.116009 6.1049079 6.0938068 6.0827057 6.0751094 6.0769068 6.0787042 6.0805016 6.0820463 6.0832518 6.0912035 6.1121596 6.1318599 6.1479117 6.1639636 6.1800155 6.1956179 6.2105773 6.2247938 6.2376968 6.2505998 6.2635028 6.2743501 6.2837194 6.2930887 6.302458 6.3201658 6.3391479 6.3406098 6.3390437 6.3480163 6.3585194 6.3690225 6.3748866 6.3646818 6.3517692 6.330493 6.3092167 6.2879405
-9999 6.2989723 6.292423 6.284374 6.276325 6.268276 6.2602269 6.2512315 6.2440738 6.2390638 6.2340538 6.2290439 6.2240339 6.2166984 6.2047058 6.1927133 6.1807207 6.1687282 6.1572548 6.1470022 6.1347723 6.1236712 6.1125701 6.101469 6.0903679 6.0827716 6.084569 6.0863664 6.0881638 6.0899613 6.0916405 6.0995922 6.1181773 6.1342291 6.150281 6.1663328 6.1823847 6.1979871 6.2117788 6.2246818 6.2375848 6.2504879 6.2633909 6.2742381 6.2836074 6.2929767 6.302346 6.3117153 6.3276372 6.3295598 6.3400629 6.350566 6.3610691 6.3715722 6.3774363 6.3626972 6.3414209 6.3201447 6.2988684 6.2775921
-9999 6.3002949 6.2922459 6.2841968 6.2761478 6.2680988 6.2600498 6.2579968 6.2529868 6.2479769 6.2429669 6.2379569 6.232947 6.2263389 6.2144567 6.2024641 6.1904716 6.1784791 6.1664865 6.1547635 6.1436624 6.1325613 6.1214602 6.1103591 6.099258 6.0895999 6.091922 6.0937194 6.0955168 6.0973143 6.0991117 6.105778 6.1218298 6.1378817 6.1539335 6.1699854 6.1860373 6.1939736 6.2068766 6.2197796 6.2326827 6.2455857 6.2584887 6.2715898 6.2809592 6.2903285 6.2996978 6.3090671 6.3184364 6.3284761 6.3389792 6.3494823 6.3599854 6.3704885 6.3763871 6.3566144 6.3353382 6.3140619 6.2927857 6.2715094
-9999 6.2940142 6.2859652 6.2779162 6.2698671 6.2632989 6.2651112 6.2646375 6.2615252 6.2569359 6.251926 6.246916 6.241906 6.235298 6.2254898 6.2142077 6.2022152 6.1902226 6.1782301 6.1665071 6.155406 6.1443049 6.1332038 6.1221027 6.1027235 6.0899969 6.0967704 6.1003539 6.1021514 6.1039488 6.1057462 6.1124125 6.1284644 6.1445162 6.1605681 6.1764371 6.1881436 6.194593 6.1935214 6.2037468 6.2166498 6.2295528 6.2424559 6.2569019 6.2724176 6.2817869 6.2911562 6.3005255 6.3098948 6.3195249 6.3294525 6.3399557 6.3504588 6.3609619 6.3668604 6.3568095 6.3391671 6.3178908 6.2966146 6.2753383
-9999 6.2877335 6.2796845 6.2716355 6.2679862 6.2697985 6.2716109 6.2711371 6.2680248 6.2649126 6.260885 6.2558751 6.2508651 6.2442571 6.2344489 6.2246407 6.2139587 6.2019662 6.1899736 6.1782506 6.1671495 6.1560484 6.1431247 6.1231226 6.1031205 6.0903939 6.0971674 6.1039409 6.1087859 6.1105833 6.1123807 6.119047 6.1350989 6.1511507 6.1659182 6.1776247 6.1893311 6.1957805 6.1947089 6.1936373 6.200617 6.21352 6.226423 6.240869 6.2564243 6.2719795 6.2826146 6.2919839 6.3013532 6.3109833 6.3206585 6.330429 6.3409322 6.3514353 6.3573338 6.3472829 6.3372319 6.3217197 6.3004435 6.2791672
-9999 6.2814528 6.2734038 6.2726735 6.2744858 6.2762982 6.2781106 6.2776368 6.2745245 6.2714122 6.2682999 6.2648341 6.2598241 6.2532161 6.2434079 6.2335997 6.2237915 6.2137097 6.2017172 6.1899942 6.1788931 6.1635238 6.1435217 6.1235196 6.1035175 6.0907908 6.0975644 6.1043379 6.1111114 6.1172179 6.1190153 6.1256816 6.1417334 6.1553993 6.1671057 6.1788122 6.1905186 6.196968 6.1958964 6.1948248 6.1937532 6.1974872 6.2103902 6.2248362 6.2403914 6.2559467 6.2715019 6.2834423 6.2928116 6.3024417 6.3121169 6.3217921 6.3314673 6.3419086 6.3478072 6.3377563 6.3277053 6.3176544 6.3042724 6.2829961
-9999 6.2755484 6.2773607 6.2791731 6.2809855 6.2827979 6.2846103 6.2841365 6.2810242 6.2779119 6.2747996 6.2716873 6.268575 6.2621752 6.252367 6.2425588 6.2327506 6.2229424 6.2131342 6.2017377 6.1839229 6.1639208 6.1439187 6.1239165 6.1039144 6.0911878 6.0979613 6.1047349 6.1115084 6.1182819 6.1250554 6.1323161 6.1448804 6.1565868 6.1682933 6.1799997 6.1917061 6.1981555 6.1970839 6.1960123 6.1949407 6.1938692 6.1943574 6.2088034 6.2243586 6.2399138 6.2554691 6.2710243 6.28427 6.2939002 6.3035754 6.3132506 6.3229257 6.3326009 6.3382806 6.3282297 6.3181787 6.3081278 6.2980768 6.286825
-9999 6.2732056 6.275018 6.2768304 6.2786428 6.2804551 6.2811632 6.2777744 6.2746621 6.2715498 6.2684375 6.2653253 6.262024 6.258758 6.2534778 6.2436696 6.2338614 6.2240532 6.214245 6.2013543 6.1813522 6.1613501 6.1413479 6.1213458 6.1013437 6.0991299 6.1083019 6.1150754 6.1218489 6.1286224 6.135396 6.1438544 6.1555608 6.1672673 6.1789737 6.1906802 6.2017647 6.2053078 6.2042362 6.2031646 6.202093 6.2010214 6.199119 6.1989522 6.2130997 6.228655 6.2442102 6.2597654 6.2753207 6.2858623 6.2955375 6.3052127 6.3148879 6.3245631 6.3241349 6.3140839 6.304033 6.293982 6.2839311 6.2756598
-9999 6.2641929 6.2660053 6.2678176 6.26963 6.2687276 6.2650993 6.2617105 6.2585982 6.2554859 6.2523736 6.2482934 6.2425493 6.2392832 6.2409796 6.2388603 6.2290521 6.2192439 6.2094357 6.196545 6.1765429 6.1565408 6.1365387 6.1199346 6.1123748 6.1101814 6.1223715 6.1329166 6.1396901 6.1464636 6.1532371 6.1616956 6.173402 6.1851085 6.1968149 6.2066477 6.2134163 6.2169594 6.2158878 6.2148162 6.2137446 6.2111632 6.2071681 6.2070012 6.2095864 6.2209971 6.2365524 6.2521076 6.2676629 6.2782045 6.2878797 6.2975549 6.3064591 6.3077527 6.3065049 6.2964539 6.286403 6.276352 6.2693152 6.2657692
-9999 6.2551801 6.2569925 6.2588049 6.2562921 6.2526637 6.2490354 6.2456466 6.2425343 6.239422 6.2345628 6.2288187 6.2230746 6.2198085 6.2215049 6.2232012 6.2242428 6.2144346 6.2046264 6.1917357 6.1717336 6.1517315 6.138546 6.1309861 6.1234263 6.1212329 6.1334229 6.145613 6.1575313 6.1643048 6.1710783 6.1795368 6.1912432 6.2029496 6.2115307 6.2182993 6.2250679 6.228611 6.2275394 6.2264678 6.2232074 6.2192123 6.2152172 6.2150503 6.2176355 6.2202207 6.2288946 6.2444498 6.260005 6.2705467 6.2802219 6.2875356 6.2888291 6.2901227 6.2888749 6.2788239 6.268773 6.2629706 6.2594246 6.2558786
-9999 6.2461674 6.2474848 6.2438565 6.2402282 6.2365998 6.2329715 6.2295827 6.2264704 6.2208321 6.2150881 6.209344 6.2035999 6.2003338 6.2020301 6.2037265 6.2054228 6.2071191 6.1998171 6.1869264 6.1669243 6.1571574 6.1495975 6.1420376 6.1344778 6.1322844 6.1444744 6.1566645 6.1688546 6.1810447 6.1889195 6.1973779 6.2090844 6.2164137 6.2231823 6.2299509 6.2367195 6.2402626 6.239191 6.2352515 6.2312564 6.2272613 6.2232662 6.2230994 6.2256846 6.2282698 6.230855 6.236792 6.2523472 6.2628889 6.268612 6.2699056 6.2711991 6.2724927 6.2712449 6.2611939 6.256626 6.25308 6.249534 6.245988
-9999 6.2350493 6.2314209 6.2277926 6.2241642 6.2205359 6.2169076 6.2128456 6.2071015 6.2013574 6.1956133 6.1898693 6.1841252 6.1808591 6.1825554 6.1842518 6.1859481 6.1876444 6.1893408 6.1833286 6.1757687 6.1682089 6.160649 6.1530891 6.1455293 6.1433359 6.1555259 6.167716 6.1799061 6.1920962 6.2042862 6.214528 6.2212966 6.2280653 6.2348339 6.2416025 6.2483711 6.2512908 6.2472957 6.2433006 6.2393055 6.2353104 6.2313153 6.2311485 6.2337337 6.2363189 6.2389041 6.2414893 6.2446894 6.2496884 6.250982 6.2522755 6.2535691 6.2548627 6.2538273 6.2502814 6.2467354 6.2431894 6.2396434 6.2360974
-9999 6.2254619 6.2218336 6.2182052 6.2145769 6.2109486 6.2108199 6.2141281 6.2144541 6.20871 6.2029659 6.1972218 6.1914777 6.1851489 6.1800707 6.1817671 6.1834634 6.1851597 6.1868561 6.1857535 6.1781936 6.1706337 6.1630739 6.155514 6.1546296 6.1627417 6.1636403 6.1758304 6.1880205 6.2002106 6.2124006 6.2227389 6.2295075 6.2362762 6.2430448 6.2498134 6.2577016 6.2596898 6.2530094 6.2490143 6.2450192 6.2410241 6.237029 6.2361012 6.2381182 6.2407034 6.2432886 6.2458738 6.248459 6.2510198 6.2524975 6.2537911 6.2550847 6.2563782 6.2567773 6.2538869 6.2503409 6.2467949 6.2432489 6.2397029
-9999 6.2171159 6.2134875 6.2098592 6.2062308 6.2079796 6.2106937 6.214002 6.2179958 6.2212041 6.21546 6.209716 6.2039719 6.1976431 6.1901434 6.1826437 6.1842349 6.1859313 6.1876276 6.186525 6.1789651 6.1714053 6.1638454 6.1683325 6.1803229 6.1884349 6.1861522 6.1838695 6.195572 6.2077621 6.2199521 6.2302904 6.237059 6.2438277 6.2505963 6.259097 6.2682819 6.2702701 6.2619624 6.2542803 6.2502853 6.2462902 6.2422951 6.2413673 6.2426446 6.2443856 6.2469708 6.249556 6.2521413 6.254702 6.2572586 6.258976 6.2602696 6.2615631 6.2619622 6.2592628 6.256533 6.252987 6.249441 6.2458951
