P1_models/J1_p1_tot_conduct_slide_123.44.dat.tif
NCOLS 118
NROWS 92
XLLCORNER 139.62
YLLCORNER -39.07
DX 0.099491525
DY 0.099347826
NODATA_VALUE -9999
[rows 0 to 25 of 92, columns 58 to 115 of 118]
-4.0169024 -3.9947932 -3.963683 -3.9060826 -3.8195479 -3.6991108 -3.5477472 -3.4003222 -3.2106965 -3.0070571 -2.7959546 -2.5810461 -2.3654811 -2.1632483 -1.9919017 -1.8516338 -1.7521422 -1.706507 -1.6904759 -1.7486072 -1.8305045 -1.984455 -2.1691324 -2.390836 -2.6067004 -2.8333199 -3.0253013 -3.2057192 -3.345239 -3.4594221 -3.5203696 -3.5318426 -3.5058191 -3.4523285 -3.3848377 -3.2754885 -3.1548953 -3.0144367 -2.9057771 -2.8238429 -2.7859848 -2.7467414 -2.6750437 -2.6502153 -2.7028873 -2.757581 -2.810253 -2.7516906 -2.7222825 -2.7398399 -2.7497701 -2.7556225 -2.8087266 -2.8360983 -2.8184783 -2.781842 -2.7467274 -9999
-4.0871348 -4.058793 -4.0088433 -3.9379029 -3.8289868 -3.6928457 -3.5098823 -3.3494417 -3.1464003 -2.9187162 -2.7028977 -2.4761738 -2.26182 -2.0687551 -1.9019402 -1.7799204 -1.6970312 -1.6705152 -1.6807957 -1.7526507 -1.8682419 -2.0314048 -2.230749 -2.4571733 -2.6824572 -2.905455 -3.0927007 -3.2590255 -3.3914311 -3.4846412 -3.5363723 -3.5257292 -3.4931416 -3.432781 -3.3521741 -3.2406369 -3.1160706 -2.975612 -2.8709958 -2.7965627 -2.7770867 -2.7404183 -2.672348 -2.660324 -2.7154205 -2.7699819 -2.8267833 -2.7684053 -2.7349537 -2.7502361 -2.7581274 -2.7639799 -2.8127701 -2.8441226 -2.8286907 -2.8023298 -2.7710455 -9999
-4.1574842 -4.118793 -4.0532546 -3.9694722 -3.8373724 -3.6907533 -3.5088361 -3.3153804 -3.0845188 -2.8521238 -2.6217224 -2.3968917 -2.186854 -2.0007308 -1.8404389 -1.7373848 -1.6655298 -1.6662172 -1.6860544 -1.7924589 -1.9125065 -2.0893803 -2.2866321 -2.5207298 -2.7427934 -2.9638857 -3.1371489 -3.2993855 -3.4105819 -3.4886976 -3.5218614 -3.4929099 -3.4460904 -3.3716063 -3.2885513 -3.1732456 -3.0486793 -2.9082207 -2.8128654 -2.7426361 -2.7279782 -2.7218814 -2.6692094 -2.6594437 -2.7179681 -2.7764925 -2.8350169 -2.7782082 -2.7426481 -2.7543529 -2.7617212 -2.7675736 -2.8095834 -2.8387584 -2.8270535 -2.8048797 -2.7756175 -9999
-4.1992356 -4.1560484 -4.09051 -4.0067277 -3.8439533 -3.6659163 -3.4915311 -3.3029619 -3.0721003 -2.8394033 -2.6037655 -2.3791109 -2.1744355 -1.9959186 -1.8528573 -1.7586718 -1.696576 -1.7023283 -1.7419375 -1.8635383 -1.9876101 -2.1700112 -2.3602522 -2.576613 -2.7791315 -2.9825134 -3.1600887 -3.3242225 -3.4205757 -3.4752404 -3.484606 -3.3617745 -3.1915116 -3.1375994 -3.0650187 -2.9772321 -2.8561929 -2.7112701 -2.6294755 -2.5749866 -2.5782175 -2.579583 -2.6264025 -2.6221882 -2.6855557 -2.7420063 -2.7977615 -2.7574503 -2.7240203 -2.7357252 -2.739803 -2.7427367 -2.731344 -2.751829 -2.7401242 -2.7210913 -2.6948974 -9999
-4.2361119 -4.1925987 -4.1277654 -4.0439831 -3.8782672 -3.6792842 -3.4990515 -3.3166504 -3.0920392 -2.8609925 -2.6295875 -2.4071455 -2.2089212 -2.0407809 -1.9041489 -1.8269803 -1.7717072 -1.7935104 -1.839064 -1.9635451 -2.0951882 -2.2739378 -2.4582541 -2.6663681 -2.8408978 -3.0288263 -3.1875412 -3.3530233 -3.4349575 -3.4552223 -3.4539674 -3.3215775 -3.0699224 -2.9683263 -2.911386 -2.812531 -2.7059507 -2.5616598 -2.4954945 -2.4545274 -2.4752827 -2.4913789 -2.5453631 -2.5989573 -2.6664909 -2.7286096 -2.7812816 -2.7407859 -2.7171589 -2.7288638 -2.7329416 -2.7329416 -2.7153317 -2.7031402 -2.6914353 -2.6694608 -2.646051 -9999
-4.2609488 -4.2222577 -4.1589878 -4.0804419 -3.9148737 -3.7106542 -3.5327927 -3.360115 -3.1403081 -2.9168756 -2.6917106 -2.4754471 -2.293046 -2.1339195 -2.0123187 -1.9403597 -1.9016685 -1.9312738 -1.9818765 -2.1090045 -2.24421 -2.4155565 -2.5948573 -2.7821355 -2.9467909 -3.0971279 -3.2463746 -3.3902788 -3.4345032 -3.449013 -3.4158492 -3.2721674 -3.0263648 -2.9163821 -2.8368752 -2.7256788 -2.6096934 -2.4809397 -2.4167024 -2.392435 -2.4234589 -2.4603327 -2.5247095 -2.590766 -2.6727002 -2.7348188 -2.7874908 -2.7469951 -2.7233682 -2.735073 -2.7391508 -2.7391508 -2.7156974 -2.6969309 -2.6852261 -2.6625291 -2.6336326 -9999
-4.2643456 -4.2287781 -4.1685938 -4.0974762 -3.9360489 -3.7443905 -3.5906443 -3.4246527 -3.2094354 -3.0156392 -2.7975822 -2.6027093 -2.4338527 -2.2967388 -2.1883861 -2.1271667 -2.1059422 -2.143767 -2.1943697 -2.3196006 -2.4468322 -2.6081629 -2.7528942 -2.9187387 -3.0799975 -3.1872231 -3.3242247 -3.4302073 -3.4584037 -3.4428038 -3.3896196 -3.2192881 -2.9713308 -2.8621974 -2.7462841 -2.6323138 -2.5075331 -2.3911468 -2.3359823 -2.3317595 -2.391703 -2.4346465 -2.5096184 -2.6023353 -2.6877402 -2.7517482 -2.8044201 -2.7532043 -2.7295774 -2.7379611 -2.74 -2.74 -2.7165466 -2.6960818 -2.6780336 -2.6509599 -2.6168211 -9999
-4.2650126 -4.2318488 -4.1810385 -4.1129654 -3.9497554 -3.7612451 -3.6247612 -3.4810512 -3.3149925 -3.1327485 -2.9404626 -2.7661406 -2.6186965 -2.5022663 -2.4027747 -2.3601804 -2.3435984 -2.3814233 -2.4300282 -2.5385612 -2.6546346 -2.7960773 -2.926685 -3.072996 -3.1747288 -3.2742204 -3.3504272 -3.453339 -3.4474865 -3.4008156 -3.3289606 -3.1397976 -2.8881425 -2.7533807 -2.6376271 -2.5189102 -2.401647 -2.2963031 -2.2837228 -2.2837228 -2.3546514 -2.4318614 -2.5455763 -2.6405514 -2.728338 -2.8080389 -2.8607109 -2.783062 -2.7493709 -2.7552233 -2.7541236 -2.7541236 -2.7416553 -2.7172722 -2.6938624 -2.6505703 -2.6154556 -9999
-4.2588034 -4.2256395 -4.1779262 -4.1191746 -3.9397946 -3.7177804 -3.6112141 -3.5058881 -3.3888966 -3.2383055 -3.08645 -2.9275808 -2.8280893 -2.7255773 -2.6635628 -2.6266984 -2.6230142 -2.6585266 -2.7032347 -2.7916716 -2.896795 -3.0128684 -3.1312398 -3.228227 -3.3122693 -3.3797774 -3.3873998 -3.428502 -3.3985606 -3.3367062 -3.2372147 -3.0270259 -2.7204931 -2.5918676 -2.4823961 -2.3770521 -2.2650438 -2.2258238 -2.2337202 -2.2588859 -2.3537964 -2.4504891 -2.6319149 -2.7463657 -2.8751195 -2.9642421 -3.0283604 -2.8794642 -2.8176725 -2.8177853 -2.8139718 -2.8100068 -2.8275968 -2.81662 -2.77644 -2.7208168 -2.6651296 -9999
-4.2015039 -4.1723746 -4.1371323 -4.0840754 -3.9331209 -3.707361 -3.6211856 -3.538276 -3.4658405 -3.3507297 -3.2263019 -3.1011265 -3.0304706 -2.9624998 -2.9126732 -2.9075413 -2.911413 -2.9476842 -2.979203 -3.038293 -3.1244983 -3.2186071 -3.3051882 -3.3812276 -3.41838 -3.469869 -3.4464329 -3.4385812 -3.3941847 -3.2941481 -3.180971 -2.9628803 -2.6420442 -2.4936053 -2.3885768 -2.2832328 -2.2004412 -2.1732683 -2.2117429 -2.2508738 -2.3746859 -2.4880356 -2.6768619 -2.8379636 -2.9619887 -3.0354434 -3.1048011 -2.9436975 -2.8442536 -2.8442536 -2.8404401 -2.8345876 -2.8433364 -2.8420325 -2.7990002 -2.7375247 -2.6725582 -9999
-4.1021484 -4.0800391 -4.0550236 -4.0183688 -3.8838618 -3.6901152 -3.6173314 -3.5731129 -3.5202615 -3.4550019 -3.3450376 -3.2571238 -3.2129053 -3.1800709 -3.1524344 -3.1628788 -3.1905153 -3.2181518 -3.2440219 -3.2892029 -3.3412397 -3.418622 -3.4759509 -3.516918 -3.5333153 -3.5443699 -3.5077975 -3.4662701 -3.3843359 -3.2769013 -3.1442459 -2.9119772 -2.5959453 -2.4468589 -2.3318033 -2.2290494 -2.1537752 -2.1420704 -2.1895871 -2.2598164 -2.3939244 -2.5373023 -2.7304329 -2.8942066 -3.0112555 -3.078134 -3.130806 -2.9621991 -2.850822 -2.850822 -2.8461864 -2.840334 -2.8458633 -2.834327 -2.7875075 -2.7252099 -2.6549806 -9999
-3.9353613 -3.9372266 -3.9282813 -3.919021 -3.8177364 -3.6652782 -3.6132968 -3.5855314 -3.5733751 -3.5233161 -3.4342974 -3.3540987 -3.3485714 -3.3246875 -3.3200839 -3.3411573 -3.3830017 -3.4075079 -3.4240899 -3.4406718 -3.4828769 -3.53815 -3.5835937 -3.5914288 -3.5930332 -3.5878346 -3.5311962 -3.4786886 -3.3836843 -3.2587294 -3.1007812 -2.8708959 -2.5586899 -2.405788 -2.2883386 -2.2064044 -2.1351475 -2.1472579 -2.218579 -2.3094903 -2.4561182 -2.605604 -2.7987346 -2.9625083 -3.0538475 -3.1059662 -3.1494337 -2.9704264 -2.8570312 -2.8570312 -2.8494041 -2.840334 -2.8458633 -2.834327 -2.7826647 -2.7190007 -2.6487713 -9999
-3.7128953 -3.7234433 -3.7368614 -3.7496185 -3.6730217 -3.5855278 -3.5981814 -3.5871267 -3.5760721 -3.5754153 -3.4863965 -3.4634397 -3.4584638 -3.4677717 -3.4701567 -3.5055663 -3.5845241 -3.6199808 -3.6333222 -3.6499041 -3.6645753 -3.7198484 -3.5900369 -3.5881522 -3.5768104 -3.55768 -3.4968891 -3.4766097 -3.3712658 -3.233349 -3.0715761 -2.8209854 -2.5107708 -2.3588111 -2.2545954 -2.1726612 -2.1388786 -2.1593528 -2.2374784 -2.3454996 -2.4701467 -2.6285388 -2.8216694 -2.9968353 -3.076515 -3.1172977 -3.1432442 -2.9825731 -2.8632405 -2.8620389 -2.8523729 -2.8435745 -2.8004965 -2.787001 -2.7364332 -2.677146 -2.6151875 -9999
-3.4543284 -3.4874922 -3.5214502 -3.5633413 -3.5505903 -3.5296447 -3.5506869 -3.5809175 -3.6034168 -3.6165191 -3.6008099 -3.5909036 -3.6074856 -3.6205423 -3.6315969 -3.7050837 -3.8266844 -3.8581575 -3.8692733 -3.8707405 -3.8541869 -3.6386219 -3.5031076 -3.4914027 -3.4742322 -3.452123 -3.4556062 -3.4641913 -3.3361032 -3.1932487 -3.0219022 -2.7713114 -2.4552795 -2.323364 -2.2297584 -2.1752075 -2.1490751 -2.1841897 -2.2653493 -2.3765457 -2.4871545 -2.6099325 -2.8440302 -3.0114246 -3.0640966 -3.0946407 -3.112198 -2.9682175 -2.8678913 -2.8620389 -2.8556362 -2.8497837 -2.7673629 -2.7028894 -2.6619223 -2.6119764 -2.5593044 -9999
-3.1933689 -3.2402232 -3.3035253 -3.3657462 -3.418409 -3.4284898 -3.4881337 -3.5336266 -3.6041962 -3.6308252 -3.6344512 -3.6281161 -3.6489869 -3.6631442 -3.6741988 -3.7687562 -3.8990757 -3.9298056 -3.9351493 -3.9240947 -3.8759736 -3.642236 -3.5044236 -3.4893579 -3.4629754 -3.4371094 -3.4246706 -3.4276015 -3.2950573 -3.1455475 -2.9778872 -2.7433234 -2.4395594 -2.3330323 -2.2466279 -2.2323474 -2.2078658 -2.2565436 -2.343742 -2.4528637 -2.538496 -2.656852 -2.8858441 -3.0499368 -3.0875302 -3.10094 -3.1151056 -2.9654661 -2.8678913 -2.865659 -2.8580318 -2.850334 -2.7679131 -2.6962861 -2.655319 -2.6106879 -2.5600109 -9999
-2.9246461 -2.9799191 -3.0621304 -3.1459127 -3.2336627 -3.291263 -3.3904231 -3.4733327 -3.561497 -3.6261548 -3.6360616 -3.6468503 -3.6695822 -3.6888348 -3.6998895 -3.7964397 -3.9401496 -3.9705122 -3.9718703 -3.9608157 -3.9017809 -3.6623528 -3.5071274 -3.4895701 -3.4573526 -3.4241888 -3.400402 -3.3808601 -3.2404015 -3.094817 -2.929058 -2.7149289 -2.4281593 -2.3363068 -2.2726544 -2.2718592 -2.2827067 -2.3412311 -2.4264367 -2.5317807 -2.6048931 -2.7004373 -2.9258038 -3.0772694 -3.1063248 -3.1159559 -3.1218083 -2.9694439 -2.87 -2.87 -2.8623729 -2.850668 -2.7679131 -2.6962861 -2.655319 -2.6146734 -2.5678539 -9999
-2.6599621 -2.7207625 -2.8094511 -2.9194154 -3.0260499 -3.1389297 -3.2633493 -3.3938545 -3.5088262 -3.599662 -3.625844 -3.6468503 -3.6744868 -3.69589 -3.7124719 -3.8111726 -3.9600192 -3.984082 -3.9784935 -3.9674389 -3.9084041 -3.6596753 -3.4998935 -3.4706313 -3.4339074 -3.3910728 -3.3530738 -3.3146282 -3.1693174 -3.0219619 -2.8727246 -2.6728571 -2.4347824 -2.3561536 -2.3123936 -2.3358033 -2.3631755 -2.4334048 -2.5143869 -2.6046358 -2.659733 -2.7335533 -2.9500937 -3.0953906 -3.1129479 -3.1225791 -3.1284315 -2.9720376 -2.87 -2.87 -2.8623729 -2.850668 -2.7679131 -2.6962861 -2.655319 -2.618016 -2.5811003 -9999
-2.462161 -2.520286 -2.6081222 -2.7180866 -2.8316414 -2.9730125 -3.157149 -3.3064624 -3.4257523 -3.5695674 -3.6093747 -3.6910554 -3.7277372 -3.7660376 -3.7854832 -3.8876159 -3.9153867 -3.9068791 -3.9012906 -3.8897358 -3.8262895 -3.5604578 -3.3632804 -3.3366318 -3.2971397 -3.2487016 -3.2086263 -3.1677883 -3.0283651 -2.9035919 -2.7784715 -2.6494261 -2.4375103 -2.367361 -2.3649031 -2.3920673 -2.4464042 -2.524564 -2.6123507 -2.6827438 -2.7191628 -2.7846787 -2.9827746 -3.0722163 -3.0867512 -3.094493 -3.0956182 -2.889923 -2.7865014 -2.7865014 -2.7788742 -2.7671694 -2.7531781 -2.6815511 -2.6433072 -2.6081926 -2.5863623 -9999
-2.2921868 -2.3474599 -2.4330543 -2.5430186 -2.6828282 -2.8346837 -3.0199411 -3.2133968 -3.3846178 -3.5441108 -3.6450812 -3.736975 -3.7922481 -3.8340941 -3.8562033 -3.8515992 -3.8294899 -3.8209824 -3.812846 -3.7920252 -3.721884 -3.4123803 -3.2095983 -3.1861886 -3.1414026 -3.0916568 -3.0508121 -3.0125302 -2.9013338 -2.8119805 -2.7180163 -2.5968174 -2.4388015 -2.4200883 -2.4216586 -2.4694246 -2.5293997 -2.6171863 -2.6839104 -2.7482873 -2.7810927 -2.8238477 -2.9584539 -3.0456374 -3.0573423 -3.06 -3.06 -2.8431992 -2.7 -2.7 -2.6923729 -2.680668 -2.68 -2.6682453 -2.6331306 -2.6123707 -2.5948134 -9999
-2.2007958 -2.2356936 -2.3172944 -2.4188338 -2.5611131 -2.7167082 -2.9051337 -3.1016305 -3.2897426 -3.4571815 -3.582855 -3.6818393 -3.7536943 -3.7981424 -3.8251571 -3.8229113 -3.804653 -3.7924173 -3.7755906 -3.7368994 -3.6597916 -3.3778989 -3.1726662 -3.1240962 -3.0713311 -3.0109367 -2.9515205 -2.9007639 -2.8073998 -2.7389263 -2.6931793 -2.5865717 -2.4574292 -2.4598153 -2.4775418 -2.5302137 -2.5914921 -2.6742167 -2.727477 -2.7731242 -2.7943065 -2.830057 -2.9646632 -3.0518466 -3.0581107 -3.06 -3.06 -2.8431992 -2.7 -2.7 -2.6923729 -2.680668 -2.68 -2.6682453 -2.6382723 -2.6236662 -2.6134411 -9999
-2.1704969 -2.1971454 -2.2586191 -2.3486429 -2.4794011 -2.6270276 -2.8048551 -3.0038382 -3.1921339 -3.3667127 -3.4923862 -3.6117985 -3.684527 -3.7431899 -3.7723178 -3.7741681 -3.7550402 -3.7374649 -3.7100199 -3.6713288 -3.5658446 -3.2850471 -3.1041124 -3.0464752 -2.9844629 -2.906746 -2.8424852 -2.7838381 -2.7019039 -2.6582062 -2.6243818 -2.5877118 -2.4730011 -2.4819825 -2.5263461 -2.5790181 -2.6410869 -2.7192075 -2.7656631 -2.7948256 -2.8085253 -2.8362662 -2.9708724 -3.0522582 -3.0581107 -3.06 -3.06 -2.8431992 -2.7 -2.6984995 -2.6888335 -2.680334 -2.68 -2.6702044 -2.6436441 -2.6334148 -2.6275624 -9999
-2.1729904 -2.1785177 -2.2256594 -2.2989689 -2.4163705 -2.5525168 -2.7288449 -2.9169089 -3.1001122 -3.2747217 -3.410868 -3.5333158 -3.6162254 -3.6770616 -3.7102255 -3.7088478 -3.6867386 -3.6563156 -3.6230906 -3.5577137 -3.4530558 -3.204327 -3.0233923 -2.9473105 -2.8647889 -2.776352 -2.716675 -2.6605807 -2.6196136 -2.5946995 -2.6057541 -2.5690841 -2.4930023 -2.5199778 -2.5698108 -2.6224828 -2.6796675 -2.7440444 -2.7838343 -2.807244 -2.8194879 -2.8421735 -2.9709272 -3.0522582 -3.0581107 -3.06 -3.06 -2.8431992 -2.6981427 -2.6922902 -2.6861864 -2.680334 -2.68 -2.6736199 -2.6560626 -2.6458333 -2.6399808 -9999
-2.2500256 -2.2349593 -2.2621377 -2.3160233 -2.4180572 -2.5431454 -2.6937391 -2.8692716 -3.0304815 -3.1990728 -3.3195099 -3.4415798 -3.5244894 -3.5831523 -3.6123858 -3.6072775 -3.5822925 -3.5466706 -3.4853194 -3.3747732 -3.2710701 -3.0485376 -2.8607086 -2.7724559 -2.6954846 -2.6121966 -2.5769471 -2.5302116 -2.5125668 -2.5398211 -2.5859348 -2.5941402 -2.5621541 -2.6055555 -2.6605413 -2.7132133 -2.769644 -2.9239322 -3.0167038 -3.0428844 -3.0601236 -3.0515725 -2.8438258 -2.9251568 -2.9265435 -2.9265435 -2.9265435 -2.8843878 -2.7487319 -2.7428795 -2.737027 -2.7311746 -2.7132505 -2.705898 -2.6925073 -2.6881304 -2.6849691 -9999
-2.356328 -2.3319957 -2.3340317 -2.3759229 -2.4485368 -2.5637375 -2.6845099 -2.8392745 -2.979838 -3.1288986 -3.2375339 -3.3418188 -3.4176181 -3.4690069 -3.4955411 -3.4772163 -3.4495798 -3.3947399 -3.3193057 -3.2032977 -3.0804775 -2.874472 -2.7034273 -2.6097882 -2.5412292 -2.4638469 -2.4495264 -2.4244701 -2.436175 -2.5023673 -2.5633764 -2.597166 -2.6030184 -2.6568182 -2.7223898 -2.7698265 -2.8676032 -3.0607338 -3.1479212 -3.1771834 -3.1894016 -3.1850489 -2.9765997 -2.8472079 -2.8472079 -2.8472079 -2.8472079 -2.8050522 -2.7750992 -2.77 -2.7661864 -2.760334 -2.7452021 -2.7288739 -2.7177727 -2.7155842 -2.7155842 -9999
-2.4991405 -2.454922 -2.4503791 -2.4660883 -2.5298772 -2.6084231 -2.714502 -2.826856 -2.9495585 -3.0730154 -3.1620342 -3.2486802 -3.3039533 -3.3448222 -3.3558768 -3.3316552 -3.2819304 -3.2094141 -3.12061 -2.9990093 -2.8693634 -2.6980169 -2.5481963 -2.4545573 -2.3909406 -2.3396621 -2.3396433 -2.34375 -2.4025938 -2.4775303 -2.5714946 -2.6166202 -2.6340646 -2.686019 -2.7472268 -2.7881939 -2.8800217 -3.0731523 -3.1587555 -3.1771834 -3.1849953 -3.1726304 -2.9677949 -2.8409986 -2.8409986 -2.8409986 -2.8409986 -2.7988429 -2.77 -2.77 -2.7661864 -2.760334 -2.7482733 -2.7360436 -2.7301912 -2.7280027 -2.7280027 -9999
-2.6531121 -2.6029451 -2.5788188 -2.5840638 -2.6177257 -2.6849313 -2.749707 -2.8473537 -2.9215082 -3.0313734 -3.0853086 -3.1577425 -3.1899723 -3.2137246 -3.2108496 -3.169715 -3.1130439 -3.0315609 -2.9323355 -2.8107348 -2.6869024 -2.5442193 -2.4148771 -2.3358005 -2.298648 -2.2589122 -2.2962004 -2.3133799 -2.387885 -2.499031 -2.6091848 -2.6516848 -2.6632265 -2.7077903 -2.7665042 -2.797399 -2.8872295 -3.0744753 -3.1483736 -3.1626783 -3.1693635 -3.1555546 -2.9553764 -2.8295788 -2.8262575 -2.8243682 -2.8243682 -2.7874231 -2.7595788 -2.7627505 -2.7647894 -2.760334 -2.7534839 -2.7432515 -2.7434434 -2.7456318 -2.7456318 -9999
