P1_models/J1_p1_tot_conduct_slide_300.dat.tif
NCOLS 118
NROWS 92
XLLCORNER 139.62
YLLCORNER -39.07
DX 0.099491525
DY 0.099347826
NODATA_VALUE -9999
[rows 0 to 25 of 92, columns 59 to 117 of 118]
-1.9785346 -1.9216612 -1.8640609 -1.8167792 -1.7801245 -1.7418895 -1.6995221 -1.677795 -1.6621758 -1.6678622 -1.6812194 -1.7228311 -1.7702801 -1.8310804 -1.8933384 -1.9596661 -2.0305276 -2.1023826 -2.1635373 -2.2255053 -2.3046994 -2.3608881 -2.384987 -2.4113873 -2.4224419 -2.4036935 -2.3778696 -2.373655 -2.3659459 -2.3548913 -2.3338644 -2.3056817 -2.2740882 -2.2406917 -2.1957194 -2.1451412 -2.0866167 -2.0511603 -2.033603 -2.0369083 -2.0345495 -1.9994349 -1.987139 -2.0164012 -2.0456634 -2.0749256 -2.1902705 -2.2721738 -2.2897312 -2.2996614 -2.3055138 -2.2999845 -2.2879487 -2.281971 -2.2570396 -2.2336298 -9999 -9999 -9999
-1.9932275 -1.9343324 -1.8767321 -1.8334939 -1.7968391 -1.7671823 -1.7285407 -1.7112244 -1.7075335 -1.7183817 -1.7411575 -1.7877984 -1.8454961 -1.913094 -1.9835177 -2.046525 -2.1163931 -2.1794368 -2.2347099 -2.2815046 -2.3579299 -2.4084636 -2.4298576 -2.4448166 -2.4522495 -2.4287655 -2.3982439 -2.3923914 -2.3846823 -2.3718139 -2.3482869 -2.3190247 -2.286489 -2.252918 -2.2060985 -2.1555202 -2.0990415 -2.067875 -2.0540682 -2.0665646 -2.0682493 -2.0331346 -2.0228604 -2.0521226 -2.0813848 -2.1065176 -2.225992 -2.3078953 -2.3209027 -2.3267551 -2.3326076 -2.3227644 -2.3166686 -2.3129416 -2.2982855 -2.2825364 -9999 -9999 -9999
-2.0035536 -1.9446585 -1.8870582 -1.84382 -1.8071652 -1.7775084 -1.7498719 -1.7441332 -1.7477064 -1.7634156 -1.7899777 -1.8452508 -1.9107457 -1.988128 -2.0555955 -2.1163959 -2.1771963 -2.2382749 -2.2769661 -2.3082285 -2.3800835 -2.4295709 -2.4471283 -2.4559341 -2.4614614 -2.4399425 -2.40857 -2.4027175 -2.3930357 -2.3764538 -2.3565886 -2.3273264 -2.2942675 -2.2608711 -2.2144001 -2.1657012 -2.1130292 -2.0896318 -2.0779269 -2.0933554 -2.1034802 -2.0683656 -2.0580914 -2.0873536 -2.1131758 -2.1365856 -2.2483525 -2.3300163 -2.3358687 -2.3411981 -2.3470505 -2.3408888 -2.3326155 -2.3326155 -2.3252875 -2.3135826 -9999 -9999 -9999
-1.9911351 -1.9322401 -1.8746397 -1.8314015 -1.7947467 -1.7650899 -1.7374534 -1.7365353 -1.7448198 -1.8181294 -1.853764 -1.9197617 -1.9871581 -2.0688481 -2.1392718 -2.2033252 -2.2653918 -2.3314135 -2.3701046 -2.3853636 -2.3079813 -2.3515101 -2.3601989 -2.3657473 -2.3683229 -2.4028615 -2.3961515 -2.390299 -2.3806172 -2.3640353 -2.3629461 -2.3583726 -2.3211993 -2.285708 -2.2447409 -2.1967474 -2.1708603 -2.1640557 -2.158647 -2.1874921 -2.2027373 -2.1500653 -2.1388115 -2.1729167 -2.2001052 -2.2235149 -2.2362972 -2.3051793 -2.3110318 -2.3130707 -2.3160043 -2.3632451 -2.3636617 -2.3591178 -2.3532653 -2.3446288 -9999 -9999 -9999
-1.9897777 -1.9257047 -1.8681044 -1.8248662 -1.7882114 -1.7585546 -1.7309181 -1.7329416 -1.7444938 -1.8178033 -1.8907523 -1.9586515 -2.0346779 -2.1181044 -2.1876346 -2.2539622 -2.3202899 -2.3804284 -2.4191196 -2.4343785 -2.3569962 -2.3122981 -2.3181505 -2.32 -2.32 -2.3509049 -2.3866746 -2.3808221 -2.3681988 -2.3516168 -2.3505276 -2.3622325 -2.3316545 -2.29307 -2.25487 -2.2214203 -2.2052098 -2.2088247 -2.2088247 -2.2446796 -2.2691745 -2.2141143 -2.1953157 -2.2293781 -2.2517356 -2.2751454 -2.2849861 -2.2950503 -2.3 -2.3029416 -2.3029416 -2.3469068 -2.3780409 -2.3729416 -2.3692776 -2.3634251 -9999 -9999 -9999
-1.9945998 -1.9317378 -1.868901 -1.8248662 -1.7882114 -1.7585546 -1.7309181 -1.7353437 -1.750703 -1.8240125 -1.8969615 -1.9688165 -2.0470964 -2.1355333 -2.2057246 -2.266525 -2.325339 -2.3804284 -2.4191196 -2.4343785 -2.3569962 -2.3122981 -2.3181505 -2.32 -2.32 -2.3490113 -2.3804653 -2.3692258 -2.3557803 -2.3391984 -2.3381091 -2.349814 -2.319236 -2.2806515 -2.2455369 -2.2172715 -2.211419 -2.2163193 -2.2274524 -2.2674148 -2.3002207 -2.2416962 -2.2187436 -2.2480058 -2.2693418 -2.2875638 -2.2943239 -2.3 -2.3 -2.3038136 -2.3091508 -2.3501942 -2.3791508 -2.3791508 -2.3754868 -2.3696344 -9999 -9999 -9999
-1.9914761 -1.9272269 -1.8681044 -1.8248662 -1.7840244 -1.7531946 -1.725558 -1.7299836 -1.7461921 -1.8195017 -1.8924507 -1.9620483 -2.0380746 -2.1265115 -2.197552 -2.2583524 -2.3146189 -2.3697083 -2.4083995 -2.4236584 -2.3462761 -2.301578 -2.3074304 -2.3092799 -2.3092799 -2.3382912 -2.3685122 -2.3568073 -2.3433618 -2.3210598 -2.3117652 -2.3213154 -2.2907374 -2.2575129 -2.2237852 -2.2020405 -2.2054636 -2.2171685 -2.2480604 -2.2963978 -2.3312669 -2.2692108 -2.2373713 -2.2631628 -2.2826094 -2.2949912 -2.2960222 -2.3 -2.3033212 -2.3091736 -2.31 -2.3510434 -2.38 -2.38 -2.376336 -2.3704835 -9999 -9999 -9999
-1.9978212 -1.9335512 -1.8759508 -1.8212756 -1.7793845 -1.7485546 -1.7209181 -1.7253437 -1.7333006 -1.7991688 -1.8693777 -1.9355061 -2.0052553 -2.0936922 -2.1710099 -2.2318103 -2.2880768 -2.3431662 -2.3818574 -2.4216643 -2.3542585 -2.3095603 -2.3154128 -2.3172622 -2.3172622 -2.3352885 -2.3655095 -2.3538046 -2.3332751 -2.3056386 -2.2728046 -2.278657 -2.2533436 -2.220994 -2.1973111 -2.1812044 -2.1929093 -2.2299362 -2.2650508 -2.311819 -2.3552014 -2.2941157 -2.260018 -2.2834277 -2.297342 -2.3090469 -2.2890149 -2.2911236 -2.2969761 -2.2974457 -2.2974457 -2.3212269 -2.3501834 -2.3501834 -2.3465194 -2.340667 -9999 -9999 -9999
-2.0413156 -1.973919 -1.906997 -1.8422156 -1.7793845 -1.7485546 -1.7209181 -1.7253437 -1.7333006 -1.7542462 -1.8072853 -1.8680857 -1.9335322 -2.0005536 -2.0855113 -2.1635086 -2.2197751 -2.2748646 -2.3135557 -2.3533627 -2.3975812 -2.377862 -2.3837144 -2.3855639 -2.3855639 -2.3807286 -2.3903464 -2.3746267 -2.3514994 -2.3183356 -2.2606817 -2.1979369 -2.1756917 -2.1464831 -2.1406307 -2.1315305 -2.1762974 -2.2195327 -2.2588416 -2.3021838 -2.3427829 -2.3252256 -2.3034459 -2.3210032 -2.3345974 -2.3463023 -2.268382 -2.2476589 -2.2477717 -2.2477717 -2.2477717 -2.2243183 -2.2322079 -2.2266178 -2.2244293 -2.2226914 -9999 -9999 -9999
-2.0442944 -1.9724547 -1.9043816 -1.8363084 -1.7682353 -1.7357937 -1.7081572 -1.7083292 -1.7162861 -1.7372317 -1.765316 -1.8203493 -1.8811496 -1.9456484 -2.0189346 -2.1010699 -2.16131 -2.2163995 -2.2550906 -2.2948976 -2.339116 -2.3705672 -2.3783752 -2.376444 -2.375971 -2.3711358 -2.3648195 -2.3467722 -2.3198812 -2.2867174 -2.2364582 -2.1576687 -2.1297981 -2.10316 -2.1054658 -2.1165276 -2.1693035 -2.2265118 -2.2688177 -2.3127232 -2.3505475 -2.3292899 -2.3252819 -2.340475 -2.3482167 -2.3596311 -2.2817108 -2.23 -2.23 -2.23 -2.23 -2.2065466 -2.1880409 -2.1821884 -2.176336 -2.1757464 -9999 -9999 -9999
-2.0141404 -1.9453592 -1.877286 -1.8100349 -1.7419617 -1.7095556 -1.6874464 -1.6858899 -1.6883686 -1.7093141 -1.7365764 -1.7863222 -1.8392733 -1.9000737 -1.9704899 -2.0478722 -2.1071189 -2.1613863 -2.2000775 -2.2390624 -2.2832809 -2.3147321 -2.326437 -2.3263553 -2.320828 -2.3153007 -2.3086005 -2.2851907 -2.2599437 -2.2267799 -2.1789867 -2.1146098 -2.0936215 -2.0784064 -2.0868489 -2.111495 -2.1758719 -2.2347243 -2.2873962 -2.3316064 -2.3688773 -2.3451989 -2.3353385 -2.3470433 -2.3547851 -2.3606376 -2.2817108 -2.23 -2.23 -2.23 -2.23 -2.2057246 -2.1872189 -2.1813664 -2.176336 -2.1704835 -9999 -9999 -9999
-1.976885 -1.9103995 -1.8462398 -1.7817572 -1.7171248 -1.6847187 -1.6626095 -1.6565313 -1.6573192 -1.6730284 -1.698773 -1.7429914 -1.7926033 -1.8441905 -1.9119494 -1.9857798 -2.0434613 -2.0930847 -2.1317758 -2.170467 -2.2091581 -2.2402212 -2.2519261 -2.2518444 -2.2463171 -2.2407898 -2.2340896 -2.2106798 -2.1877342 -2.1646875 -2.1240444 -2.0711452 -2.0654187 -2.0597786 -2.0890408 -2.1177042 -2.1916072 -2.253352 -2.306024 -2.3460608 -2.3812958 -2.3520336 -2.3415477 -2.3532526 -2.3609944 -2.3668468 -2.2827198 -2.23 -2.23 -2.23 -2.23 -2.2006833 -2.1810096 -2.18 -2.176336 -2.1704835 -9999 -9999 -9999
-1.9438742 -1.879625 -1.8183829 -1.757192 -1.688153 -1.6534008 -1.6312915 -1.6252134 -1.6230325 -1.6387417 -1.6744795 -1.7184222 -1.7588601 -1.8062209 -1.8657878 -1.9264074 -1.9751597 -2.0215426 -2.0602337 -2.0956844 -2.1343755 -2.1624699 -2.1741747 -2.174093 -2.1711141 -2.1662789 -2.1595787 -2.136169 -2.1197043 -2.0998166 -2.0684681 -2.0216135 -2.0187136 -2.0346699 -2.0639322 -2.1114697 -2.1865792 -2.2460558 -2.2960506 -2.3290431 -2.3613094 -2.3320472 -2.3315545 -2.3432594 -2.3510012 -2.3537976 -2.3764223 -2.3207337 -2.3207337 -2.3207337 -2.3207337 -2.2752145 -2.2545312 -2.2524271 -2.2443863 -2.230263 -9999 -9999 -9999
-1.9190372 -1.8573555 -1.7997552 -1.7294435 -1.6508975 -1.6161453 -1.5940361 -1.5879579 -1.5868766 -1.6235314 -1.6604214 -1.6935853 -1.7302743 -1.7689655 -1.8138873 -1.8581057 -1.9028744 -1.9470317 -1.9806846 -2.0149643 -2.0536554 -2.0817497 -2.0934546 -2.0966033 -2.0966033 -2.091768 -2.0850679 -2.0730301 -2.0618792 -2.0563519 -2.0250034 -1.9723315 -1.9813013 -2.0036237 -2.0383626 -2.0853037 -2.155533 -2.2119756 -2.2587951 -2.2882781 -2.3116477 -2.3057953 -2.3067175 -2.3184224 -2.3227514 -2.3227514 -2.437174 -2.4945924 -2.4945924 -2.4945924 -2.4945924 -2.4359589 -2.394526 -2.3828212 -2.3654391 -2.3420293 -9999 -9999 -9999
-1.8828824 -1.8279864 -1.7754685 -1.7070965 -1.630619 -1.6001559 -1.5794165 -1.5679947 -1.567974 -1.599795 -1.6314743 -1.6517714 -1.6849353 -1.7203921 -1.7521247 -1.7898041 -1.8336368 -1.8667395 -1.894376 -1.9263536 -1.9559584 -1.9840527 -1.9957576 -2.0070177 -2.0107745 -2.0156097 -2.0113247 -2.0072008 -2.0186736 -2.0242052 -2.0056782 -1.9628206 -1.9868034 -2.0125393 -2.0531384 -2.0995292 -2.1697586 -2.2220666 -2.2668115 -2.2912991 -2.3145523 -2.3035942 -2.3045165 -2.3124517 -2.3183041 -2.32 -2.4287637 -2.504341 -2.504341 -2.504341 -2.504341 -2.4457076 -2.4004228 -2.3887179 -2.362357 -2.3349573 -9999 -9999 -9999
-1.8423997 -1.795962 -1.7488344 -1.6897324 -1.6164228 -1.5871328 -1.5705508 -1.5593126 -1.5533006 -1.5823838 -1.6087546 -1.6247138 -1.6425915 -1.6757553 -1.7014544 -1.7290909 -1.7612614 -1.7883245 -1.8140295 -1.8416661 -1.8693026 -1.8926759 -1.9043808 -1.9176337 -1.9286883 -1.9408859 -1.9468184 -1.9585233 -1.9838651 -1.995 -1.9899513 -1.9606891 -1.9904333 -2.0291924 -2.0701594 -2.1205234 -2.1907527 -2.2370825 -2.2780496 -2.2999812 -2.3188933 -2.3071884 -2.3022582 -2.3081107 -2.3139631 -2.3198156 -2.4284004 -2.5 -2.5 -2.4980072 -2.4980072 -2.4393738 -2.394089 -2.3823841 -2.3480522 -2.3129375 -9999 -9999 -9999
-1.8075792 -1.765096 -1.7284413 -1.6746562 -1.6164228 -1.5871328 -1.5705508 -1.5593126 -1.5533006 -1.5742462 -1.5955082 -1.6065628 -1.6214262 -1.6380081 -1.6587422 -1.6761054 -1.6988263 -1.7154695 -1.7375787 -1.7621878 -1.7898243 -1.813503 -1.8310603 -1.8465664 -1.8624564 -1.8831814 -1.9004561 -1.9267177 -1.9573724 -1.9905362 -1.9935892 -1.9805587 -2.0129476 -2.0556851 -2.0966522 -2.1465208 -2.2108977 -2.2537691 -2.2846728 -2.3036018 -2.3188933 -2.3071884 -2.3022582 -2.3081107 -2.3139631 -2.3198156 -2.4284004 -2.5 -2.5 -2.4961864 -2.4913841 -2.4327506 -2.3863157 -2.3629059 -2.3248401 -2.2798216 -9999 -9999 -9999
-1.7692986 -1.738529 -1.7116717 -1.6655923 -1.637901 -1.6258036 -1.6098443 -1.5986061 -1.5925941 -1.6077003 -1.6025635 -1.61 -1.617274 -1.6281286 -1.6406145 -1.6415233 -1.6541316 -1.665863 -1.6874721 -1.7062856 -1.735477 -1.7648106 -1.7849815 -1.8018717 -1.8268928 -1.8496941 -1.8820959 -1.913654 -1.9518362 -1.9922351 -1.9826812 -1.9573259 -1.9925414 -2.0219279 -2.0600791 -2.0966444 -2.1848127 -2.2480979 -2.2686633 -2.2804275 -2.2943349 -2.2694553 -2.228583 -2.2344354 -2.2402878 -2.241413 -2.3841953 -2.4557948 -2.4557948 -2.4519813 -2.4461288 -2.4559249 -2.4067219 -2.3778657 -2.335423 -2.2841753 -9999 -9999 -9999
-1.7500663 -1.7308918 -1.7099462 -1.694833 -1.6791238 -1.6681474 -1.6570928 -1.6471591 -1.635371 -1.6246024 -1.6156046 -1.6156046 -1.6169084 -1.6224357 -1.6198835 -1.6143562 -1.6224306 -1.6312433 -1.6467655 -1.6678107 -1.7009797 -1.7314343 -1.754844 -1.7845076 -1.8121442 -1.8457368 -1.8794125 -1.9203796 -1.9678426 -2.0175883 -2.0035508 -1.9450264 -1.9576711 -1.9850071 -2.0074704 -2.06095 -2.1779989 -2.2318737 -2.249431 -2.2599906 -2.2633599 -2.1931306 -2.1522582 -2.1581107 -2.1588791 -2.1588791 -2.3094352 -2.4088791 -2.4088791 -2.4028237 -2.3969712 -2.4178488 -2.4226406 -2.387526 -2.3391775 -2.2865055 -9999 -9999 -9999
-1.7562755 -1.7410947 -1.7285739 -1.7183999 -1.71017 -1.7023617 -1.6943482 -1.6886373 -1.6788357 -1.6631265 -1.6526109 -1.6470836 -1.6466508 -1.6472726 -1.6423621 -1.6329839 -1.6373302 -1.6374526 -1.6485072 -1.6678107 -1.7065019 -1.7388207 -1.7672625 -1.8049051 -1.8431904 -1.8804973 -1.9166679 -1.9647679 -2.0183682 -2.0734715 -2.0510961 -1.9760726 -1.9852007 -2.0098441 -2.0274014 -2.0795777 -2.1915646 -2.2418288 -2.2556402 -2.2623255 -2.2633599 -2.1931306 -2.1522582 -2.1526698 -2.1526698 -2.1526698 -2.303226 -2.4026698 -2.3973786 -2.3877126 -2.3783435 -2.3897362 -2.3915944 -2.3513381 -2.2993789 -2.2430408 -9999 -9999 -9999
-1.7583819 -1.7543827 -1.7495906 -1.7476459 -1.7471422 -1.7475655 -1.7420382 -1.7365109 -1.7329186 -1.7172094 -1.704024 -1.6984967 -1.695394 -1.6924113 -1.6813566 -1.667756 -1.6647758 -1.6648982 -1.6759528 -1.6925865 -1.7314602 -1.7721039 -1.8026074 -1.8420994 -1.8891652 -1.9292405 -1.9723881 -2.02506 -2.0821998 -2.135394 -2.0912863 -2.007348 -2.0127075 -2.0311416 -2.048699 -2.0892473 -2.2004437 -2.2507079 -2.2594367 -2.2649953 -2.2633599 -2.1931306 -2.1464606 -2.1464606 -2.1464606 -2.1464606 -2.2899379 -2.3872731 -2.3799202 -2.3682153 -2.353305 -2.3604903 -2.3550497 -2.3127317 -2.2585841 -2.2031155 -9999 -9999 -9999
-1.7770096 -1.7816096 -1.786846 -1.7915797 -1.7968161 -1.7979891 -1.7979214 -1.7974864 -1.7950109 -1.7793018 -1.7661164 -1.760589 -1.7531398 -1.7420852 -1.7278026 -1.7112207 -1.7082405 -1.7083629 -1.7194175 -1.7369157 -1.7811341 -1.8217778 -1.8568924 -1.9015118 -1.9512576 -1.9959168 -2.0408222 -2.0993466 -2.153268 -2.1974864 -2.1533787 -2.0363299 -2.0331584 -2.0497694 -2.0557756 -2.0954565 -2.2066529 -2.2535842 -2.2594367 -2.2649953 -2.2630579 -2.1869762 -2.1402514 -2.1402514 -2.1402514 -2.1402514 -2.278763 -2.3667881 -2.3550832 -2.3398161 -2.3222588 -2.3271201 -2.3160865 -2.269267 -2.2185321 -2.1658601 -9999 -9999 -9999
-1.8222492 -1.8338388 -1.8455498 -1.836424 -1.8306023 -1.8360644 -1.8381304 -1.8381304 -1.8340047 -1.8078227 -1.7940502 -1.7885229 -1.7829956 -1.7758714 -1.7856925 -1.7892411 -1.7871498 -1.7927384 -1.803793 -1.818195 -1.8466957 -1.8896375 -1.9288091 -1.9739312 -2.023677 -2.0830932 -2.1328095 -2.1861512 -2.2300697 -2.2699058 -2.2770843 -2.2104304 -2.2008619 -2.2154064 -2.2212588 -2.2609398 -2.3149199 -2.3262609 -2.3293425 -2.3299058 -2.332444 -2.3201813 -2.2734565 -2.2689908 -2.2631383 -2.2607464 -2.2788131 -2.3594276 -2.3434065 -2.3220356 -2.3019368 -2.2950714 -2.2825517 -2.2440654 -2.1979587 -2.1452867 -9999 -9999 -9999
-1.8628358 -1.8844823 -1.9001915 -1.8943574 -1.8786483 -1.8822103 -1.8877376 -1.8907133 -1.8857624 -1.8576134 -1.8365511 -1.8310238 -1.8279212 -1.8227613 -1.8402147 -1.8623239 -1.8708315 -1.8764812 -1.8902667 -1.9046688 -1.9323053 -1.9674745 -2.0089356 -2.0531151 -2.1028609 -2.1539007 -2.2137841 -2.2606036 -2.2930198 -2.3292527 -2.3255548 -2.3021451 -2.3048592 -2.3157587 -2.3216112 -2.334981 -2.3631954 -2.37 -2.37 -2.3672079 -2.3655479 -2.3516042 -2.3421575 -2.3344995 -2.3192842 -2.3134317 -2.3257298 -2.331337 -2.3130265 -2.2896167 -2.2662069 -2.2617997 -2.2459083 -2.212001 -2.1786476 -2.1259756 -9999 -9999 -9999
-1.9038251 -1.9285983 -1.9547803 -1.9502406 -1.9345314 -1.9395904 -1.94983 -1.9553573 -1.954064 -1.9226456 -1.8986435 -1.8931162 -1.8900136 -1.8900136 -1.9098907 -1.943044 -1.9515516 -1.9572013 -1.9737832 -1.9915981 -2.0192347 -2.0544039 -2.1012234 -2.1452652 -2.1897902 -2.2347008 -2.2820857 -2.31843 -2.348903 -2.3710122 -2.3615705 -2.3207728 -2.3216416 -2.3281772 -2.3340296 -2.3456381 -2.3631954 -2.37 -2.37 -2.3650047 -2.3593386 -2.3417813 -2.3272199 -2.3096626 -2.2921052 -2.2761763 -2.2820141 -2.2805531 -2.2571433 -2.2337335 -2.2103238 -2.2089878 -2.1981554 -2.1747456 -2.1440078 -2.1073479 -9999 -9999 -9999
-1.9452925 -1.9751807 -2.0034555 -2.0009132 -1.985204 -1.994552 -2.0065281 -2.0174497 -2.0155047 -1.9753155 -1.9530548 -1.9552086 -1.9496813 -1.9468954 -1.9816882 -2.0217773 -2.0322717 -2.043132 -2.0597139 -2.0785275 -2.106164 -2.136737 -2.1777316 -2.2189914 -2.2617799 -2.2914927 -2.3339879 -2.3647619 -2.3799984 -2.3956318 -2.3799887 -2.3370164 -2.3304212 -2.3352106 -2.3360269 -2.3456381 -2.3631954 -2.3664158 -2.3647894 -2.3547988 -2.3468121 -2.3199403 -2.3023829 -2.2815043 -2.2541315 -2.2340792 -2.2291269 -2.2246699 -2.2012602 -2.1854775 -2.1648618 -2.1687364 -2.1608999 -2.1465566 -2.1333762 -2.1029013 -9999 -9999 -9999
