P1_models/J1_p1_vp_slide_diff2_80.dat.tif
NCOLS 118
NROWS 92
XLLCORNER 139.62
YLLCORNER -39.07
DX 0.099491525
DY 0.099347826
NODATA_VALUE -9999
[rows 0 to 23 of 92, columns 0 to 53 of 118]
-9999 -9999 -9999 -9999 -9999 -9999 -9999 -9999 -9999 -9999 -9999 -9999 -9999 -9999 -9999 -9999 -9999 -9999 -9999 -9999 -9999 -9999 -9999 -9999 -9999 -9999 -9999 -9999 -9999 -9999 -9999 -9999 -9999 -9999 -9999 -9999 -9999 -9999 -9999 -9999 -9999 -9999 -9999 -9999 -9999 -9999 -9999 -9999 -9999 -9999 -9999 -9999 -9999 -9999
-9999 0.045651757 0.043770389 0.041889021 0.040007652 0.038126284 0.035725775 0.036193975 0.041401668 0.04682102 0.052240372 0.057659725 0.063079077 0.068239569 0.07175746 0.073986401 0.076215343 0.078444285 0.080673227 0.083415715 0.087342977 0.09127024 0.095197502 0.099124764 0.10222108 0.099829141 0.095048392 0.088207423 0.081366453 0.074525483 0.067684513 0.064647975 0.068945165 0.073242356 0.077539547 0.081836738 0.087196304 0.095615707 0.099954607 0.10114765 0.10234069 0.10353373 0.10472677 0.10215985 0.099016887 0.096553163 0.094089438 0.091625714 0.089161989 0.085527857 0.083726172 0.081924487 0.080122802 0.078321117
-9999 0.03696793 0.035086561 0.033205193 0.031323824 0.028519545 0.025137159 0.02560536 0.030517632 0.03558892 0.041008273 0.046427625 0.051846977 0.057007469 0.061649578 0.065766404 0.067995345 0.070224287 0.072453229 0.075195718 0.07912298 0.083050242 0.086977504 0.088589055 0.086534058 0.08414212 0.080847095 0.076872663 0.070031694 0.063190724 0.056349754 0.053313215 0.057610406 0.061907597 0.066204788 0.07247892 0.080798097 0.0892175 0.09778029 0.10364169 0.10483473 0.10602777 0.10722081 0.10465389 0.099383985 0.095719676 0.093255951 0.090792227 0.088328503 0.084601617 0.080656423 0.078593851 0.076792166 0.074990481
-9999 0.028284102 0.026402733 0.024521365 0.021313315 0.01793093 0.014548544 0.015016745 0.019929016 0.024841288 0.029776173 0.035195525 0.040614878 0.045775369 0.050417478 0.055059587 0.059701696 0.06200429 0.064233231 0.06697572 0.070902982 0.074830244 0.074957031 0.072902034 0.070847036 0.068455098 0.065160073 0.061865049 0.058570025 0.051855965 0.045014995 0.041978456 0.046275647 0.050572838 0.057761535 0.066080713 0.07439989 0.082819294 0.091382083 0.099944873 0.10732878 0.10852182 0.10971486 0.10714794 0.10187803 0.09660812 0.092422464 0.08995874 0.087495016 0.08376813 0.079822936 0.075877741 0.07346153 0.071659845
-9999 0.019600274 0.017489471 0.014107085 0.0107247 0.0073423141 0.0039599284 0.004428129 0.0093404008 0.014252673 0.019164944 0.024077216 0.029382778 0.03454327 0.039185379 0.043827487 0.048469596 0.053111705 0.056013234 0.058755722 0.062682984 0.061325007 0.059270009 0.057215012 0.055160014 0.052768076 0.049473052 0.046178027 0.042883003 0.039587978 0.033680236 0.030643697 0.034940888 0.04304415 0.051363328 0.059682506 0.068001683 0.076421087 0.084983876 0.093546666 0.10210946 0.11067224 0.1122089 0.10964198 0.10437207 0.099102164 0.093832255 0.089125253 0.086661529 0.082934643 0.078989449 0.075044255 0.07109906 0.068329209
-9999 0.010283241 0.0069008556 0.0035184699 0.00013608425 -0.0032463014 -0.0066286871 -0.0061604865 -0.0012482147 0.003664057 0.0085763288 0.013488601 0.018400872 0.02331117 0.027953279 0.032595388 0.037237496 0.041879605 0.046521714 0.04974798 0.047692983 0.045637985 0.043582988 0.04152799 0.039472993 0.037081054 0.03378603 0.030491006 0.027195981 0.023900957 0.020605932 0.020007587 0.028326765 0.036645943 0.044965121 0.053284299 0.061603476 0.07002288 0.078585669 0.087148459 0.095711248 0.10427404 0.11283683 0.11213603 0.10686612 0.10159621 0.0963263 0.091056391 0.085828042 0.082101156 0.078155962 0.074210768 0.070265573 0.066320379
-9999 0.0069148128 0.0035324272 0.0001500415 -0.0032323442 -0.0066147298 -0.0096970286 -0.0089530398 -0.004040768 0.00087150372 0.0057837755 0.010696047 0.015354384 0.018884684 0.021413652 0.026055761 0.03069787 0.035339978 0.039982087 0.042599091 0.040544094 0.038489097 0.036434099 0.034379102 0.032003905 0.030718569 0.032592595 0.029297571 0.026002546 0.022707522 0.019412498 0.020084505 0.028403683 0.03672286 0.045042038 0.053361216 0.060100688 0.06663597 0.07519876 0.083761549 0.092324339 0.10088713 0.10866718 0.11422963 0.113386 0.10811609 0.10284619 0.097576277 0.092306368 0.088165964 0.08422077 0.080275576 0.076330381 0.07315385
-9999 0.004690267 0.0013078814 -0.0020745043 -0.00545689 -0.008386825 -0.011254464 -0.010510475 -0.0055982037 -0.00068593198 0.0042263398 0.0087183125 0.013068539 0.016598838 0.018487187 0.020375536 0.024901664 0.029543773 0.034185881 0.036802886 0.034747888 0.032692891 0.030637893 0.028026291 0.025110857 0.023825521 0.026909252 0.029992983 0.027105307 0.023810283 0.020515258 0.021187266 0.029506443 0.037825621 0.046144799 0.052072774 0.057190854 0.063726136 0.072288925 0.080851715 0.089414505 0.096912918 0.10426311 0.10982556 0.11410282 0.11527379 0.11000388 0.10473397 0.099464062 0.095323658 0.091378464 0.08743327 0.084837714 0.083954016
-9999 0.0024657212 -0.00091666442 -0.004208982 -0.0070766214 -0.0099442607 -0.0128119 -0.012067911 -0.0071556394 -0.0022679854 0.0020822408 0.006432467 0.010782693 0.014312993 0.016201342 0.018089691 0.01997804 0.023747567 0.028389676 0.03100668 0.028951682 0.026896685 0.024048676 0.021133243 0.018217809 0.016932473 0.020016204 0.023099935 0.026183667 0.024913044 0.021618019 0.022290026 0.030609204 0.038926779 0.044044859 0.049162939 0.05428102 0.060816301 0.069379091 0.077808463 0.085158657 0.09250885 0.099859044 0.10542149 0.10969876 0.11397602 0.11716157 0.11189166 0.10662176 0.10248135 0.098536158 0.096521577 0.09563788 0.094754182
-9999 0.00024117545 -0.0028987784 -0.0057664177 -0.0086340571 -0.011501696 -0.014369336 -0.013625347 -0.0089040571 -0.0045538309 -0.00020360471 0.0041466215 0.0084968476 0.012027147 0.013915496 0.015803845 0.017692195 0.019580544 0.02259347 0.025210474 0.022986494 0.020071061 0.017155628 0.014240194 0.011324761 0.010039424 0.013123156 0.016206887 0.019290619 0.02237435 0.02272078 0.023392787 0.030898865 0.036016945 0.041135025 0.046253105 0.051371185 0.057906467 0.066054201 0.073404395 0.080754589 0.088104782 0.095454976 0.10101743 0.10529469 0.10957195 0.11384921 0.11812648 0.11377945 0.10963905 0.10820544 0.10732174 0.10643805 0.10555435
-9999 -0.00080331419 -0.0036709535 -0.0065385929 -0.0094062322 -0.012273872 -0.015141511 -0.01432651 -0.0099762834 -0.0056260572 -0.001275831 0.0030743951 0.0074246213 0.010415161 0.01230351 0.014191859 0.016080209 0.017968558 0.019856907 0.020292664 0.017377231 0.014461798 0.011546364 0.0086309308 0.0057154975 0.0045043611 0.0075880925 0.010671824 0.013755555 0.016839287 0.019923018 0.023701616 0.028819697 0.033937777 0.039055857 0.044173937 0.049292017 0.055251233 0.062601427 0.069951621 0.077301814 0.084652008 0.092002202 0.097819584 0.10209685 0.10637411 0.11065137 0.11492864 0.1192059 0.11908272 0.11819902 0.11731532 0.11643162 0.11554793
-9999 0.0035708878 0.00070324846 -0.0021643909 -0.0050320302 -0.0078996696 -0.0089866767 -0.0074450168 -0.0030947906 0.0012554355 0.0056056617 0.0099558879 0.013110201 0.01504266 0.015243467 0.016996159 0.018884508 0.020772857 0.022661206 0.023096964 0.02018153 0.017266097 0.014350664 0.01143523 0.008491053 0.0073108369 0.010893881 0.014036611 0.017120342 0.020204073 0.023287805 0.027066403 0.032184483 0.037302563 0.042420644 0.047538724 0.052276165 0.058032972 0.065383166 0.07273336 0.080083554 0.087433747 0.095226792 0.10165287 0.10680428 0.11108154 0.1153588 0.11963607 0.12391333 0.12379015 0.12290645 0.12202275 0.12113905 0.1173297
-9999 0.0079450898 0.0050774505 0.0022098111 -0.00032151294 -0.0012133485 -0.002105184 -0.00056352406 0.0037867021 0.0081369283 0.012426521 0.015223701 0.018020881 0.01995334 0.020154147 0.020354954 0.021688807 0.023577156 0.025465506 0.025901263 0.02298583 0.020070396 0.017154963 0.014200373 0.011242988 0.010062772 0.013645816 0.01722886 0.020485129 0.02356886 0.026652591 0.03043119 0.03554927 0.04066735 0.045771804 0.050414854 0.055057905 0.060814712 0.068164905 0.075515099 0.082937544 0.090754833 0.098572123 0.1049982 0.11042415 0.11578897 0.12006624 0.1243435 0.12862076 0.12849758 0.12761388 0.12673018 0.12203229 0.1157629
-9999 0.012319292 0.0094516524 0.0074518153 0.0065599798 0.0056681443 0.0047763088 0.0063179687 0.010668195 0.014540022 0.017337201 0.020134381 0.022931561 0.02486402 0.025064827 0.025265635 0.025466442 0.026381456 0.028269805 0.028705562 0.025790129 0.022867079 0.019909694 0.016952308 0.013994923 0.012814706 0.01639775 0.019980794 0.023563838 0.026933647 0.030017378 0.033795977 0.038914057 0.043910493 0.048553543 0.053196593 0.057839644 0.063596451 0.070946644 0.078465586 0.086282875 0.094100165 0.10191745 0.10834353 0.11376949 0.11919544 0.12462139 0.12905093 0.13332819 0.13320501 0.13232131 0.12673488 0.12046549 0.1141961
-9999 0.016693494 0.015225144 0.014333308 0.013441473 0.012549637 0.011657802 0.013199461 0.016653522 0.019450702 0.022247882 0.025045062 0.027842241 0.029774701 0.029975508 0.030176315 0.030377122 0.030577929 0.031074104 0.031509862 0.0285764 0.025619014 0.022661629 0.019704243 0.016746857 0.015566641 0.019149685 0.022732729 0.026315773 0.029898817 0.033382165 0.037160763 0.042049182 0.046692232 0.051335282 0.055978333 0.060621383 0.06637819 0.073993628 0.081810917 0.089628206 0.097445496 0.10526278 0.11168886 0.11711482 0.12254077 0.12796672 0.13339268 0.13803562 0.13770685 0.13143747 0.12516808 0.11889869 0.1126293
-9999 0.023029105 0.02213727 0.021245434 0.020353599 0.019461763 0.018569928 0.019465289 0.022262469 0.025059649 0.027856829 0.030654008 0.033451188 0.03536824 0.035566711 0.035767518 0.035968325 0.036169132 0.036369939 0.035615756 0.03265837 0.029700985 0.026743599 0.023786214 0.020828828 0.017576779 0.020360437 0.023943481 0.027526525 0.031109569 0.034692613 0.03863772 0.043280771 0.047923821 0.052566871 0.057209921 0.061852972 0.065618738 0.073436028 0.081253317 0.089070606 0.096887895 0.10470518 0.11073186 0.11615782 0.12158377 0.12700972 0.13243568 0.13786163 0.13325785 0.12698847 0.12071908 0.11444969 0.1081803
-9999 0.030012412 0.029120576 0.028228741 0.027336905 0.026600928 0.026747066 0.027730921 0.029681607 0.032291114 0.035088294 0.037885473 0.040682653 0.042599704 0.042754248 0.042940008 0.043140815 0.043341622 0.043542429 0.042788246 0.039830861 0.036873475 0.033916089 0.030958704 0.027973251 0.024710798 0.020711576 0.021573084 0.025156128 0.028739172 0.032322216 0.036267323 0.040910374 0.045553424 0.050196474 0.055008094 0.063658123 0.06786598 0.065718678 0.071626724 0.079444013 0.087261302 0.095078592 0.10086696 0.10520377 0.11062972 0.11605568 0.12148163 0.12690758 0.12222392 0.11584227 0.10957289 0.1033035 0.097034111
-9999 0.036995718 0.036103883 0.035212047 0.034783308 0.034929447 0.035075585 0.036059439 0.038010126 0.039960812 0.042319758 0.045116938 0.047914118 0.049831169 0.049985713 0.050140256 0.050313305 0.050514112 0.05071492 0.049960736 0.047003351 0.044045965 0.0410824 0.038094835 0.035107271 0.031844818 0.027845596 0.023846374 0.022785731 0.026368775 0.029951819 0.033896927 0.038539977 0.043183027 0.04901044 0.05766047 0.066310499 0.070518356 0.068371054 0.066223752 0.06981742 0.07763471 0.085451999 0.091240366 0.095570168 0.099899969 0.10510163 0.11052758 0.11595353 0.11126987 0.10483898 0.098426694 0.092157306 0.085887919
-9999 0.043979025 0.04308719 0.042965688 0.043111827 0.043257965 0.043404103 0.044387958 0.046338644 0.04828933 0.050240017 0.052348403 0.055145583 0.057062634 0.057217178 0.057371721 0.057526265 0.057686603 0.05788741 0.057133227 0.054175841 0.051203984 0.048216419 0.045228855 0.04224129 0.038978837 0.034979615 0.030980393 0.026981171 0.023998378 0.027581422 0.03152653 0.03616958 0.043012787 0.051662816 0.060312845 0.068962875 0.073170731 0.07102343 0.068876128 0.066728826 0.068008117 0.075825406 0.081613773 0.085943575 0.090273376 0.094603177 0.099573531 0.10499948 0.10031582 0.093884935 0.087454051 0.081023168 0.074741727
-9999 0.05100193 0.051148068 0.051294207 0.051440345 0.051586484 0.051732622 0.052716476 0.054667163 0.056617849 0.058568535 0.060519222 0.062469908 0.064294099 0.064448642 0.064603186 0.064757729 0.064912273 0.065066816 0.064305717 0.061325568 0.058338004 0.055350439 0.052362874 0.04937531 0.046112857 0.042113635 0.038114413 0.03411519 0.030115968 0.026116746 0.029156133 0.037015133 0.045665162 0.054315192 0.062965221 0.07161525 0.075823107 0.073675805 0.071528504 0.069381202 0.0672339 0.066198813 0.07198718 0.076316982 0.080646783 0.084976584 0.089306386 0.094045436 0.089361769 0.082930886 0.076500002 0.070069119 0.063638235
-9999 0.056159988 0.056306126 0.056452264 0.056598403 0.056744541 0.057433004 0.059848406 0.061799092 0.063749778 0.065700465 0.067651151 0.069602142 0.071056804 0.071328758 0.071483301 0.071637845 0.071792388 0.071946932 0.071151349 0.068163784 0.065176219 0.062188655 0.05920109 0.056213525 0.05057561 0.047934189 0.043934967 0.039935745 0.035936523 0.031937301 0.03225865 0.040908679 0.049558708 0.058208738 0.066858767 0.074860276 0.076037241 0.073889939 0.071742638 0.069595336 0.067448034 0.065370005 0.065827476 0.069921215 0.074251017 0.078580818 0.082910619 0.087240421 0.082395226 0.075964342 0.069533459 0.063102575 0.056671692
-9999 0.058926508 0.059072646 0.059218784 0.059364923 0.060844267 0.063662324 0.066077726 0.068028412 0.069979099 0.071929785 0.073882031 0.075836958 0.07729162 0.077744472 0.078098387 0.07825293 0.078407474 0.078562017 0.077766434 0.07477887 0.071791305 0.06880374 0.06461019 0.05720686 0.05156169 0.050628831 0.048764751 0.044765529 0.040766307 0.036767085 0.037088434 0.045738463 0.054388492 0.063038522 0.069734615 0.073235199 0.074412164 0.072264862 0.070117561 0.067970259 0.065948844 0.064045297 0.064502768 0.066657545 0.070292323 0.074622124 0.078951926 0.083281727 0.078436532 0.072005649 0.065574765 0.058991591 0.050905061
-9999 0.061693027 0.061839166 0.061985304 0.064255531 0.067073588 0.069891644 0.072307046 0.074257732 0.076208419 0.07816192 0.080116847 0.082071774 0.083526435 0.083979288 0.08443214 0.084868016 0.085022559 0.085177103 0.08438152 0.081393955 0.078406391 0.0729996 0.06559627 0.05819294 0.05254777 0.051614911 0.050682051 0.049595313 0.045596091 0.041596869 0.041918218 0.050568247 0.059218276 0.064608954 0.068109538 0.071610122 0.072787087 0.070639786 0.068492484 0.066527683 0.064624136 0.062720588 0.063178059 0.065332836 0.067487613 0.07066343 0.074993232 0.079323033 0.074477838 0.068046955 0.061149591 0.053063062 0.044976533
-9999 0.064459547 0.064848738 0.067666794 0.070484851 0.073302908 0.076120964 0.078536366 0.080487052 0.082441809 0.084396736 0.086351663 0.08830659 0.089761251 0.090214104 0.090666956 0.091119808 0.09157266 0.091792188 0.090996605 0.088009041 0.081389011 0.07398568 0.06658235 0.05917902 0.05353385 0.052600991 0.051668131 0.050735272 0.049802412 0.046426653 0.046748002 0.055398031 0.059483293 0.062983877 0.066484461 0.069985045 0.07116201 0.069014709 0.067106522 0.065202975 0.063299428 0.06139588 0.061853351 0.064008128 0.066162905 0.068317682 0.071034538 0.075364339 0.070519145 0.063307591 0.055221062 0.047134533 0.039048004
