P1_models/J1_p1__temp2_slide_100.dat.tif
NCOLS 118
NROWS 92
XLLCORNER 139.62
YLLCORNER -39.07
DX 0.099491525
DY 0.099347826
NODATA_VALUE -9999
[rows 0 to 26 of 92, columns 0 to 59 of 118]
-9999 -9999 -9999 -9999 -9999 -9999 -9999 -9999 -9999 -9999 -9999 -9999 -9999 -9999 -9999 -9999 -9999 -9999 -9999 -9999 -9999 -9999 -9999 -9999 -9999 -9999 -9999 -9999 -9999 -9999 -9999 -9999 -9999 -9999 -9999 -9999 -9999 -9999 -9999 -9999 -9999 -9999 -9999 -9999 -9999 -9999 -9999 -9999 -9999 -9999 -9999 -9999 -9999 -9999 -9999 -9999 -9999 -9999 -9999 -9999
-9999 796.02939 798.25278 800.47617 802.69956 804.92295 807.7426 807.21897 801.26233 795.11016 788.958 782.80583 776.65367 770.69135 766.46989 763.8085 761.1471 758.4857 755.8243 752.2399 746.5261 740.81231 735.09851 729.38471 724.80264 727.76075 734.23715 743.64399 753.05083 762.45767 771.86451 776.11387 770.42127 764.72867 759.03607 753.34346 747.06745 737.58177 731.50728 729.66154 727.8158 725.97006 724.12432 729.82616 735.92866 740.42638 744.92409 749.42181 753.91952 761.22658 767.61536 774.00414 780.39292 786.78169 790.227 786.11825 785.73876 785.35927 784.97978 784.6003
-9999 806.46422 808.68762 810.91101 813.1344 816.41779 820.36515 819.84152 814.15778 808.32715 802.17498 796.02282 789.87066 783.90834 778.3262 773.37983 770.71843 768.05703 765.39564 761.81124 756.09744 750.38364 744.66984 742.10999 744.54388 747.50199 751.86511 757.19462 766.60146 776.0083 785.41514 789.6645 783.9719 778.2793 772.5867 765.80844 757.90713 748.42144 736.66909 728.54802 726.70228 724.85654 723.0108 728.71263 739.84032 747.17458 751.67229 756.17001 760.66772 768.03878 775.90643 782.4752 788.86397 795.25275 798.69806 791.94756 786.78771 786.40822 786.02873 785.64924
-9999 816.89906 819.12245 821.34584 825.09297 829.04034 832.98771 832.46408 826.78034 821.0966 815.39197 809.23981 803.08764 797.12532 791.54319 785.96105 780.37891 777.62837 774.96697 771.38257 765.66877 759.95498 759.41733 761.85123 764.28512 767.24323 771.60635 775.96948 780.3326 789.55893 798.96577 803.21513 797.52253 791.82993 784.54943 776.64811 768.7468 759.26112 747.50877 735.75642 725.58875 723.74301 721.89727 727.59911 738.7268 749.85449 758.42049 762.91821 767.41592 774.78698 782.65463 790.52227 797.33503 803.72381 807.16912 800.41862 793.66812 787.45717 787.07768 786.69819
-9999 827.33389 829.8208 833.76816 837.71553 841.6629 845.61026 845.08663 839.40289 833.71915 828.03542 822.35168 816.30463 810.34231 804.76017 799.17804 793.5959 788.01376 784.53831 780.95391 775.24011 776.72468 779.15857 781.59247 784.02636 786.98447 791.34759 795.71072 800.07384 804.43697 812.5164 816.76576 811.07316 803.29042 795.3891 787.48779 779.58648 770.10079 758.34844 746.59609 734.84374 723.09139 720.78375 726.48559 737.61328 748.74097 759.86866 769.66641 774.16412 781.53518 789.40283 797.27048 805.13812 812.19487 815.64018 808.88968 802.13918 795.38868 788.63818 787.74714
-9999 838.49598 842.44335 846.39072 850.33809 854.28545 858.23282 857.70919 852.02545 846.34171 840.65797 834.97423 829.29049 823.5593 817.97716 812.39502 806.81288 801.23075 795.64861 791.59813 794.03203 796.46592 798.89981 801.33371 803.7676 806.72571 811.08883 815.45196 819.81508 824.17821 828.54133 829.93272 822.03141 814.13009 806.22878 798.32747 790.42615 780.94047 769.18812 757.43577 745.68342 733.93107 722.17872 725.37206 736.49975 747.62744 758.75514 769.88283 780.91233 788.28338 796.15103 804.01868 811.88632 819.75397 824.11124 817.36074 810.61024 803.85974 797.10924 790.35874
-9999 842.50971 846.45707 850.40444 854.35181 858.29917 861.91546 861.08755 855.40381 849.72007 844.03633 838.35259 833.05779 829.05861 825.95696 820.37482 814.79269 809.21055 803.62841 800.4702 802.9041 805.33799 807.77188 810.20578 813.0641 814.62897 812.35994 816.72306 821.08619 825.44931 829.81244 829.98643 822.08512 814.1838 806.28249 798.38118 793.29342 787.16349 775.41114 763.65879 751.90644 740.15408 731.66755 725.69055 729.12677 740.25446 751.38215 762.50984 773.63753 781.98558 789.85322 797.72087 805.58852 811.73943 811.02651 804.27601 797.52551 790.77501 784.02451 785.1799
-9999 845.15955 849.10691 853.05428 857.00165 860.44983 863.82928 863.00137 857.31763 851.63389 845.95015 840.91016 836.08726 832.08808 829.73842 827.38877 821.94277 816.36063 810.7785 807.62029 810.05418 812.48807 814.92197 818.09364 821.66804 823.23292 819.41177 815.59062 819.43109 823.79422 828.15734 828.33134 820.43002 812.52871 804.6274 800.98498 798.78503 792.6551 780.90275 769.1504 757.39805 750.08659 743.39356 737.41655 731.95429 731.88979 743.01748 754.14517 765.27287 773.62091 781.48856 789.35621 794.20957 795.23966 794.52674 787.77624 781.02574 774.27524 777.84091 783.79157
-9999 847.80938 851.75675 855.60475 858.9842 862.36365 865.7431 864.91519 859.23145 853.58542 848.76252 843.93963 839.11674 835.11756 832.7679 830.41824 828.06858 823.51072 817.92858 814.77037 817.20426 819.63816 823.12319 826.69759 830.27198 831.83686 828.01571 824.19456 820.37341 822.13913 826.50225 826.67625 818.77493 810.87647 808.67653 806.47659 804.27664 798.14671 786.39436 775.19866 768.50563 761.81259 755.11956 749.14255 743.6803 738.21804 734.65282 745.78051 756.9082 765.25625 773.12389 776.6797 777.7098 778.73989 778.02697 771.27647 764.55126 770.50192 776.45258 782.40324
-9999 850.45922 854.13912 857.51857 860.89802 864.27747 867.65692 866.82901 861.43778 856.61489 851.792 846.96911 842.14621 838.14703 835.79737 833.44771 831.09806 828.7484 825.07866 821.92045 824.57833 828.15273 831.72713 835.30153 838.87593 840.4408 836.61966 832.79851 828.97736 825.15621 824.84716 825.02115 818.56803 816.36808 814.16814 811.9682 809.76825 803.63832 793.6177 786.92467 780.23163 773.5386 766.84556 760.86856 755.4063 749.94404 744.48178 739.01952 748.54354 756.89158 759.14984 760.17993 761.21002 762.24012 761.5272 757.21227 763.16293 769.11359 775.06424 781.0149
-9999 851.80126 855.18071 858.56016 861.93961 865.31906 868.69851 867.8904 863.06751 858.24462 853.42173 848.59884 843.77594 840.35337 838.00371 835.65406 833.3044 830.95474 828.60508 828.04677 831.62117 835.19557 838.76997 842.34436 845.91876 847.60546 843.78431 839.96316 836.14201 832.32087 828.49972 825.23232 823.03238 820.83243 818.63249 816.43255 814.2326 810.13531 803.44228 796.74924 790.05621 783.36317 776.67014 770.02275 764.56049 759.09824 753.63598 748.17372 742.71146 742.78484 743.81493 744.84503 745.87512 746.90521 750.74646 756.69712 762.64778 768.59844 774.5491 780.49976
-9999 847.12653 850.50598 853.88543 857.26488 860.64433 861.98621 860.34659 855.5237 850.70081 845.87792 841.05502 837.2394 834.8319 834.64187 832.46582 830.11616 827.7665 825.41684 824.85853 828.43293 832.00733 835.58173 839.15613 842.98343 844.91884 841.47205 837.69514 833.87399 830.05284 826.23169 822.96429 820.76435 818.5644 816.36446 814.16452 811.72379 807.49845 800.80542 794.11238 787.41935 780.72631 771.8322 763.77414 756.8598 751.39754 745.93528 740.47302 735.01076 735.08414 736.11424 737.14433 738.17442 745.22357 755.95394 761.9046 767.85526 773.80592 779.75658 786.4781
-9999 842.4518 845.83125 849.2107 852.20531 853.32385 854.4424 852.80278 847.97989 843.157 838.38517 834.87035 831.35553 828.94802 828.75799 828.56797 826.92792 824.57827 822.22861 821.67029 825.24469 828.81909 832.39349 836.3124 840.25592 842.19133 838.74454 835.29775 831.60596 827.78481 823.96366 820.69626 818.49632 816.29638 814.08781 811.58737 809.08693 804.8616 798.16856 791.47553 784.42338 775.40877 766.39415 758.33609 750.96569 743.69684 738.23458 732.77232 727.31006 727.38344 728.41354 729.44363 738.3208 750.43105 761.16143 767.11209 773.06274 779.08048 785.87398 792.66747
-9999 837.77707 841.15652 843.54295 844.6615 845.78004 846.89859 845.25897 840.43608 836.01612 832.5013 828.98647 825.47165 823.06415 822.87412 822.68409 822.49406 821.39003 819.04037 818.48206 822.05646 825.69787 829.64138 833.58489 837.5284 839.46382 836.01703 832.57024 829.12345 825.51678 821.69563 818.42823 816.22829 813.9514 811.45096 808.95051 806.45007 802.22474 795.53171 787.99995 778.98533 769.97071 760.9561 752.89804 745.52763 738.15723 730.78683 725.07162 719.60936 719.68275 720.71284 731.41803 743.52828 755.63853 766.36891 772.31957 778.47636 785.26985 792.06335 798.85684
-9999 833.10234 834.88059 835.99914 837.11768 838.23623 839.35478 837.71516 833.64707 830.13225 826.61742 823.1026 819.58778 817.18027 816.99024 816.80022 816.61019 816.42016 815.85213 815.29382 819.02684 822.97035 826.91387 830.85738 834.80089 836.73631 833.28952 829.84272 826.39593 822.94914 819.4276 816.16021 813.81498 811.31454 808.8141 806.31366 803.81322 799.58788 791.57652 782.5619 773.54728 764.53266 755.51804 747.45998 740.08958 732.71918 725.34878 717.97838 711.90866 712.40501 724.51526 736.62551 748.73576 760.84601 771.57639 777.87223 784.66573 791.45922 798.25272 805.04621
-9999 825.99772 827.11626 828.23481 829.35336 830.4719 831.59045 830.36638 826.85156 823.33673 819.82191 816.30709 812.79226 810.46263 810.28441 810.09438 809.90435 809.71432 809.52429 810.58418 814.5277 818.47121 822.41472 826.35823 830.30175 835.7978 833.75614 830.30935 826.86256 823.41577 819.96898 816.84543 814.34499 811.84455 809.3441 806.84366 804.34322 801.98831 792.97369 783.95908 774.94446 765.92984 756.91522 749.41352 742.04312 734.67272 727.30231 719.93191 712.56151 721.09936 733.20961 745.31986 757.43011 769.54036 776.73146 781.29577 788.08926 794.88276 801.67625 808.46975
-9999 817.72099 818.83953 819.95808 821.07663 821.99587 821.7871 820.43154 817.75245 814.42291 810.90809 807.39326 803.87844 801.5488 801.59258 801.4786 801.28857 801.09854 800.90851 801.9684 805.91191 809.85543 813.79894 817.74245 821.53854 826.97994 836.86097 838.19799 834.7512 831.30441 827.85762 824.73407 822.23363 819.73319 817.23274 814.41527 804.37877 801.05198 807.32441 801.23883 792.22421 783.2096 774.19498 767.02524 761.17201 753.80161 746.43121 739.06081 731.69041 739.25853 750.00615 762.1164 774.22665 786.33691 793.52801 783.67977 785.086 791.87949 798.67299 805.46648
-9999 809.44426 810.5628 811.68135 812.20771 811.99894 811.79017 810.43461 807.75552 805.07642 801.99426 798.47944 794.96461 792.63498 792.67876 792.72253 792.67279 792.48276 792.29273 793.35262 797.29613 801.23964 805.1507 808.93569 812.72068 818.16208 828.04311 837.92414 842.63984 839.19305 835.74626 832.62271 830.12227 827.62183 822.89391 812.85741 802.82091 799.49413 805.76655 812.03898 809.50397 800.48935 791.47474 784.305 778.46153 772.61806 765.56011 758.1897 750.8193 758.38743 768.53734 778.91295 791.0232 803.13345 810.32455 800.47631 790.62807 788.87623 795.66972 802.46322
-9999 801.16753 802.28607 802.41955 802.21078 802.00201 801.79324 800.43769 797.75859 795.0795 792.4004 789.56561 786.05079 783.72115 783.76493 783.80871 783.85248 783.86698 783.67695 784.73684 788.68035 792.54785 796.33284 800.11783 803.90282 809.34422 819.22525 829.10628 838.9873 847.08169 843.6349 840.51135 838.01091 831.37256 821.33605 811.29955 801.26305 797.93627 804.20869 810.48112 816.75355 817.76911 808.75449 801.58476 795.74129 789.89782 784.05435 777.3186 769.9482 777.51632 787.66624 797.81615 807.96606 819.93 827.1211 817.27286 807.42462 797.57638 792.66646 799.45996
-9999 792.84016 792.63139 792.42262 792.21385 792.00508 791.79631 790.44076 787.76166 785.08257 782.40347 779.72438 777.04528 774.80733 774.85111 774.89488 774.93866 774.98243 775.02621 776.12106 779.945 783.72999 787.51498 791.29997 795.08496 800.52637 810.40739 820.28842 830.16944 840.05047 849.9315 848.39999 839.8512 829.8147 819.7782 809.74169 799.70519 796.37841 802.65083 808.92326 815.19569 821.46811 826.03425 818.86452 813.02105 807.17758 801.33411 795.49064 789.07709 796.64522 806.79513 816.94504 827.09496 837.24487 843.91765 834.06941 824.22117 814.37293 804.52469 796.45669
-9999 787.13052 786.92175 786.71298 786.50421 786.29544 785.33413 781.99213 779.31304 776.63394 773.95485 771.27575 768.62136 766.81776 766.55323 766.597 766.64078 766.68456 766.72833 767.90339 771.68838 775.47337 779.25836 783.04335 786.82834 796.741 804.4772 814.35823 824.23925 834.12028 844.00131 847.07916 837.04265 827.00615 816.96965 806.93315 797.8626 799.05024 805.32267 811.59509 817.86752 824.13995 829.87809 829.25667 823.58877 817.74531 811.90184 806.05837 800.2149 808.00803 818.15795 828.30786 838.45777 848.60768 853.84456 843.99632 834.14808 824.29984 814.4516 809.58847
-9999 784.65485 784.44608 784.23732 784.02855 781.96979 778.05341 774.71141 772.03232 769.35322 766.67413 764.12161 761.78666 759.98305 759.2435 758.76374 758.80752 758.8513 758.89507 760.07014 763.85513 767.64011 771.4251 777.3853 789.13492 799.06067 804.09797 810.60626 820.48729 830.36831 840.24934 843.32719 833.29069 823.25419 813.21768 806.09151 803.72496 804.91261 811.18503 817.45746 823.72989 829.03137 833.42375 832.80233 828.57656 823.25002 817.40655 811.56308 805.71961 813.51275 823.66266 833.81257 843.90375 853.41514 858.58958 848.74134 838.8931 829.04486 827.63947 836.01203
-9999 782.17919 781.97042 781.76165 778.60545 774.68908 770.7727 767.4307 764.7516 762.07251 759.62185 757.2869 754.95195 753.14834 752.40879 751.66924 750.97426 751.01804 751.06181 752.23688 756.02187 759.80686 767.95535 779.70497 791.45459 801.38033 806.41764 811.45495 816.73532 826.61635 836.49738 839.57522 829.53872 819.50222 814.32043 811.95388 809.58733 810.77498 817.0474 823.31983 828.18465 832.57703 836.96941 836.34799 832.12222 827.89645 822.91127 817.0678 811.22433 819.01746 829.16738 839.13738 848.64877 858.16016 863.3346 853.48636 843.63812 845.69046 854.06303 862.4356
-9999 779.70353 779.15749 775.24112 771.32474 767.40836 763.49198 760.14998 757.47089 755.1221 752.78715 750.45219 748.11724 746.31364 745.57408 744.83453 744.09498 743.35542 743.22855 744.40362 748.18861 758.5254 770.27502 782.02464 793.77425 803.7 808.73731 813.77461 818.81192 823.84922 832.74541 835.82326 825.78676 822.54935 820.1828 817.81625 815.4497 816.63734 822.90977 827.33793 831.73031 836.12269 840.51507 839.89365 835.66788 831.44211 827.21634 822.57251 816.72904 824.52218 834.37102 843.88241 853.3938 862.90519 868.07962 858.23138 863.74146 872.11402 880.48659 888.85916
-9999 775.79316 771.87678 767.9604 764.04402 760.12764 756.21127 752.95729 750.62234 748.28739 745.95244 743.61749 741.28253 739.47893 738.73937 737.99982 737.26027 736.52071 735.78116 737.34583 749.09545 760.84507 772.59469 784.3443 796.09392 806.01966 811.05697 816.09428 821.13158 826.16889 831.2062 833.14481 830.77826 828.41171 826.04516 823.67861 821.31206 822.09883 826.49121 830.88359 835.27597 839.66835 844.06073 843.43931 839.21354 834.98777 830.762 826.53623 822.23376 829.60465 839.11604 848.62743 858.13882 867.65021 873.41988 881.79245 890.16502 898.53759 906.91015 915.28272
-9999 776.85188 772.9355 769.01912 765.10275 761.18637 753.64204 745.88059 742.12698 739.79203 737.45708 735.12213 732.78718 732.17778 734.07973 733.34017 732.60062 731.86106 731.12151 734.1585 745.90811 757.65773 769.40735 781.15697 790.58451 800.39165 819.309 824.34631 829.38362 834.42092 839.45823 841.96662 839.60007 837.23352 834.86697 832.50042 830.56046 829.93332 831.92954 836.32192 840.7143 845.10668 849.49906 854.44522 854.37737 850.1516 845.92583 841.70006 837.47428 831.0425 838.17419 847.68558 857.19697 866.70836 874.35049 877.14329 885.51586 893.88842 902.26099 910.63356
-9999 779.50891 775.59253 771.67615 767.75977 758.26929 747.77799 740.01653 735.40567 730.9784 728.64345 726.3085 723.97354 723.36414 726.21027 729.05639 728.35783 727.61828 726.87872 729.91571 741.66533 753.41494 765.16456 772.72364 777.67268 787.47982 810.3079 833.13597 838.77262 843.80993 848.84723 851.35562 848.98907 846.62253 844.25598 842.54942 841.10359 840.47645 841.02056 842.12299 846.51536 850.90774 855.30012 860.24628 865.59055 867.54212 863.31635 859.09058 854.8648 848.43302 841.61999 845.65381 855.1652 864.67659 872.31872 873.48597 874.91143 883.284 891.65656 900.02913
