P1_models/J1_p1_tot_conduct_slide_102.59.dat.tif
NCOLS 118
NROWS 92
XLLCORNER 139.62
YLLCORNER -39.07
DX 0.099491525
DY 0.099347826
NODATA_VALUE -9999
[rows 52 to 77 of 92, columns 58 to 115 of 118]
-3.4950658 -3.5945574 -3.6882228 -3.7667687 -3.7602975 -3.7079335 -3.716207 -3.7390819 -3.7506874 -3.7517484 -3.6993845 -3.6586299 -3.6531026 -3.6403013 -3.6181921 -3.5091008 -3.3488089 -3.2457716 -3.1510729 -2.990781 -2.8223452 -2.6123076 -2.4274439 -2.2694279 -2.1788719 -2.1133158 -2.107087 -2.112077 -2.1987328 -2.296615 -2.4126884 -2.5405766 -2.6868451 -2.769671 -2.8425196 -2.8951915 -2.9309109 -2.9426158 -2.9543207 -2.9656396 -2.9761935 -2.9882589 -2.9999637 -3.0126179 -3.0243228 -3.0320646 -3.0386818 -3.069162 -3.09 -3.09 -3.09 -3.09 -2.9785964 -2.9 -2.9 -2.889008 -2.8719164 -9999
-3.5553484 -3.6363422 -3.707774 -3.7753122 -3.7569135 -3.701092 -3.7065177 -3.7286269 -3.7400488 -3.741935 -3.6940652 -3.6533107 -3.6477833 -3.634982 -3.6128728 -3.5037815 -3.3434896 -3.2376044 -3.1428445 -2.9772946 -2.8058445 -2.5916033 -2.3996952 -2.238658 -2.1320138 -2.06107 -2.0527649 -2.0585227 -2.1494205 -2.2587755 -2.3815421 -2.5237929 -2.6764457 -2.7741996 -2.8522089 -2.9048809 -2.9443973 -2.9591533 -2.9731264 -2.9848313 -2.9909532 -3.0011919 -3.0081309 -3.0198357 -3.0281107 -3.0339631 -3.0398156 -3.0647919 -3.0846807 -3.0879611 -3.09 -3.09 -2.9785964 -2.9 -2.8968691 -2.8873527 -2.8714506 -9999
-3.5416188 -3.6079465 -3.6529167 -3.7052806 -3.7585439 -3.6957072 -3.7020476 -3.7241568 -3.7372091 -3.7498224 -3.7131634 -3.6763473 -3.67082 -3.6547578 -3.6326486 -3.5382312 -3.3779393 -3.2720542 -3.1637612 -2.9853881 -2.8006 -2.5809181 -2.3889139 -2.2250455 -2.1181823 -2.0352727 -2.0281522 -2.0346776 -2.1341691 -2.246785 -2.373913 -2.5130116 -2.67688 -2.7774605 -2.8644822 -2.9142423 -2.9556381 -2.9731954 -2.9594511 -2.971156 -2.9772779 -2.9994361 -3.0376014 -3.0434539 -3.0493063 -3.0535283 -3.0593808 -3.0461542 -3.0641739 -3.0700263 -3.0704348 -3.0704348 -3.0112051 -2.9306496 -2.9247971 -2.9120198 -2.9003149 -9999
-3.336864 -3.3479186 -3.3760906 -3.3873676 -3.5366762 -3.7023303 -3.7139881 -3.7440264 -3.7607919 -3.7763151 -3.7972607 -3.7889415 -3.7834142 -3.7657636 -3.7325997 -3.6542187 -3.5368958 -3.4087105 -3.2697322 -3.0596945 -2.8535855 -2.5938021 -2.3902493 -2.2380857 -2.1335788 -2.0551422 -2.0544313 -2.0677935 -2.1672851 -2.2805854 -2.4187681 -2.5514992 -2.6901264 -2.7907069 -2.8777286 -2.9186957 -2.9535103 -2.8774286 -2.8515263 -2.8585618 -2.8646837 -2.8868419 -3.0682677 -3.1290435 -3.1290435 -3.1330066 -3.138859 -3.0246208 -2.9909565 -2.9909565 -2.9909565 -2.9909565 -3.06718 -3.0631133 -3.0572609 -3.0404164 -3.0195323 -9999
-3.2795959 -3.2827291 -3.2867283 -3.2907391 -3.4235893 -3.5951134 -3.6572127 -3.6903766 -3.7081708 -3.7394093 -3.7622316 -3.7844923 -3.7807391 -3.7661911 -3.7330273 -3.6511534 -3.5483741 -3.4171453 -3.2879206 -3.0797442 -2.8773101 -2.6205666 -2.4166508 -2.2722234 -2.1712092 -2.1021964 -2.1035617 -2.1252935 -2.2258982 -2.3429623 -2.4787681 -2.6028758 -2.7324677 -2.8283373 -2.9007286 -2.940792 -2.9401987 -2.8588997 -2.8284611 -2.8343135 -2.8349953 -2.8571535 -3.0385793 -3.15 -3.1529875 -3.1588399 -3.16 -3.0455773 -2.97 -2.97 -2.97 -2.97 -3.0413467 -3.0931641 -3.0873116 -3.0704672 -3.0514506 -9999
-3.2527637 -3.2472363 -3.242 -3.242 -3.3398069 -3.5021351 -3.5687345 -3.6018983 -3.6395621 -3.6749264 -3.7083693 -3.7347401 -3.735 -3.723452 -3.6902881 -3.6168729 -3.5173814 -3.3952203 -3.2706638 -3.0884906 -2.8927514 -2.6455593 -2.4476436 -2.3130374 -2.2311328 -2.1648051 -2.1725056 -2.1949093 -2.3002532 -2.4123446 -2.545 -2.6646077 -2.7816565 -2.8547872 -2.9251979 -2.9576615 -2.9533096 -2.8655229 -2.8335842 -2.8394367 -2.84 -2.8577069 -3.0400793 -3.1537582 -3.1596107 -3.16 -3.16 -3.0455773 -2.97 -2.97 -2.97 -2.97 -3.0403602 -3.0880409 -3.0821884 -3.069008 -3.0514506 -9999
-3.2100791 -3.1824426 -3.1725326 -3.1625217 -3.2415137 -3.3630482 -3.4380147 -3.4826809 -3.5318758 -3.5755786 -3.6227061 -3.6552619 -3.6663165 -3.6590694 -3.6369602 -3.5658667 -3.471019 -3.3541722 -3.2375479 -3.0717287 -2.8861282 -2.6595086 -2.4707056 -2.3593997 -2.2866175 -2.2376602 -2.2486959 -2.2743875 -2.3797315 -2.4908775 -2.6124783 -2.7257234 -2.8280188 -2.8885996 -2.9450675 -2.9684772 -2.9599328 -2.8721461 -2.8381232 -2.8394367 -2.84 -2.8577069 -3.044985 -3.16 -3.16 -3.16 -3.16 -3.0455773 -2.97 -2.97 -2.97 -2.97 -3.0403602 -3.0880409 -3.0821884 -3.069008 -3.0514506 -9999
-3.1211873 -3.0810006 -3.0542301 -3.0388714 -3.0786662 -3.1823086 -3.2510067 -3.3012098 -3.3651947 -3.4219543 -3.5043728 -3.5466691 -3.5678527 -3.5692086 -3.5517428 -3.4287343 -3.3144966 -3.2023968 -3.1242944 -3.0006417 -2.8404016 -2.671871 -2.4974694 -2.3936178 -2.3433559 -2.3030005 -2.3168046 -2.344373 -2.449717 -2.5549449 -2.6682246 -2.7713054 -2.8677149 -2.9115567 -2.9600162 -2.9788541 -2.9665559 -2.9233766 -2.9301812 -2.9301812 -2.9301812 -2.9357146 -3.0307459 -3.1457609 -3.1457609 -3.1457609 -3.1457609 -3.0313382 -2.9557609 -2.9557609 -2.9557609 -2.9557609 -3.0308674 -3.0785481 -3.0726957 -3.0558512 -3.0372115 -9999
-3.0216148 -2.9663417 -2.9229112 -2.8967293 -2.930217 -2.9926607 -3.0513908 -3.1066638 -3.1726243 -3.2488311 -3.3430862 -3.4221981 -3.4498346 -3.4646072 -3.4535526 -3.3346401 -3.1544959 -3.0687332 -2.995019 -2.8789456 -2.7597784 -2.6215958 -2.5118607 -2.4182217 -2.373508 -2.3547862 -2.3748191 -2.4078658 -2.5132098 -2.6198073 -2.7248261 -2.813559 -2.9013457 -2.9433031 -2.9732626 -2.9908199 -3.0070077 -3.024565 -3.03 -3.03 -3.03 -3.0355334 -3.0940578 -3.13 -3.13 -3.13 -3.13 -3.0155773 -2.94 -2.94 -2.94 -2.94 -3.014854 -3.0666713 -3.0608189 -3.0439744 -3.0205646 -9999
-2.8948578 -2.8174755 -2.7694674 -2.738049 -2.7680938 -2.8204578 -2.8879464 -2.9543305 -3.0336367 -3.1229905 -3.2212999 -3.3029807 -3.3452876 -3.3652594 -3.3542047 -3.2441245 -3.0948873 -3.0065979 -2.9287872 -2.816295 -2.7001697 -2.5805306 -2.482459 -2.4115985 -2.3757516 -2.3812789 -2.4126238 -2.4608513 -2.5704243 -2.679416 -2.7734493 -2.8544139 -2.9278384 -2.9645354 -2.9865089 -3.0000466 -3.0136308 -3.0254636 -3.03 -3.03 -3.03 -3.0355334 -3.0940578 -3.13 -3.13 -3.13 -3.13 -3.0155773 -2.94 -2.94 -2.94 -2.94 -3.0103602 -3.0600481 -3.0541957 -3.0373512 -3.0139414 -9999
-2.7402881 -2.6605262 -2.6167464 -2.5883244 -2.6143547 -2.6667187 -2.7513636 -2.824526 -2.921644 -3.012648 -3.1159304 -3.2017213 -3.2459398 -3.2659115 -3.2548569 -3.1707373 -3.0260467 -2.9357501 -2.8488299 -2.7428385 -2.6345239 -2.5289509 -2.4446679 -2.3883456 -2.3888358 -2.3985398 -2.4517614 -2.5003728 -2.6132737 -2.7199293 -2.8059638 -2.8805176 -2.9479258 -2.9731658 -2.9947904 -3.0020538 -3.0137587 -3.0254636 -3.0335842 -3.0346159 -3.03 -3.0355334 -3.0940578 -3.13 -3.13 -3.1260369 -3.1253841 -3.0155773 -2.94 -2.9374229 -2.9353841 -2.9353841 -3.0057442 -3.0534249 -3.045145 -3.0261121 -3.0027023 -9999
-2.5904331 -2.5075235 -2.4652246 -2.4442791 -2.4773185 -2.5300128 -2.6230013 -2.7169655 -2.8162734 -2.9203075 -3.0250354 -3.0924605 -3.1366789 -3.1516941 -3.1406395 -3.0565199 -2.9316034 -2.8451533 -2.7577719 -2.6527531 -2.5513283 -2.4518368 -2.3862983 -2.3511837 -2.3627706 -2.3992167 -2.4607091 -2.5255826 -2.6484839 -2.7489438 -2.8263261 -2.9045321 -2.9630565 -2.9863907 -3.0014136 -3.007266 -3.0137587 -3.0254636 -3.1252799 -3.1304565 -3.1254612 -3.1259899 -3.1845143 -3.1275217 -3.1275217 -3.1223195 -3.1164671 -3.0363822 -2.9626739 -2.9568215 -2.9547826 -2.9538775 -3.0003602 -3.0460818 -3.0343769 -3.015344 -2.9919342 -9999
-2.4516421 -2.3853144 -2.3489475 -2.3437111 -2.385235 -2.4637809 -2.5628693 -2.66398 -2.7729059 -2.8871915 -2.9212898 -2.9401271 -2.9653068 -2.9728681 -2.9618134 -2.8897683 -2.812386 -2.7283321 -2.6451777 -2.5470605 -2.4519805 -2.3660053 -2.311056 -2.2981982 -2.3196426 -2.3859703 -2.4474627 -2.5123362 -2.6147444 -2.7025815 -2.7531522 -2.8525814 -2.9763029 -2.9971373 -3.0080368 -3.01 -3.0137587 -3.4394287 -3.6139493 -3.6139493 -3.608954 -3.6094827 -3.3478995 -3.1141548 -3.1083024 -3.1024499 -3.0965975 -3.1265243 -3.0951377 -3.0892853 -3.0855705 -3.0797181 -3.0383406 -3.0460818 -3.0343769 -3.015344 -2.9919342 -9999
-2.3503283 -2.2974956 -2.2862482 -2.2892183 -2.3486117 -2.4289476 -2.5366141 -2.6420258 -2.757732 -2.8563396 -2.8631521 -2.8751392 -2.8941329 -2.8944201 -2.877183 -2.8174184 -2.7380237 -2.6561075 -2.5685899 -2.4746257 -2.3873564 -2.3179256 -2.2721687 -2.2692134 -2.3260041 -2.3951514 -2.4656149 -2.5285691 -2.6214864 -2.6917509 -2.736471 -2.8326948 -2.9718733 -2.999275 -3.0101745 -3.0144855 -3.157317 -3.5998853 -3.77 -3.77 -3.7694902 -3.7279651 -3.3436241 -3.1077418 -3.1018893 -3.0960369 -3.0901844 -3.1156257 -3.1334058 -3.1251068 -3.1172154 -3.111363 -3.0655 -3.0326252 -3.0209203 -3.0018874 -2.9784777 -9999
-2.2532558 -2.220092 -2.2278062 -2.2539881 -2.3276914 -2.4167102 -2.5278315 -2.6439049 -2.757761 -2.8538932 -2.8582789 -2.8641102 -2.8806921 -2.8756593 -2.8480227 -2.7810054 -2.6925685 -2.6041315 -2.5146471 -2.4227779 -2.337726 -2.2769256 -2.2501397 -2.2618446 -2.3293592 -2.4177961 -2.48951 -2.5624099 -2.6501965 -2.7149175 -2.7536087 -2.8448325 -2.9794387 -3.0046375 -3.0101745 -3.0160269 -3.1609521 -3.5998853 -3.77 -3.77 -3.7688913 -3.7329242 -3.3472183 -3.1077418 -3.1018893 -3.0949282 -3.0890758 -3.1118716 -3.1235653 -3.1118604 -3.1028604 -3.0970079 -3.0508758 -3.0138644 -3.0021595 -2.9809092 -2.9574994 -9999
-2.200413 -2.2002224 -2.2179819 -2.2672345 -2.3508652 -2.4564493 -2.570751 -2.6902673 -2.7956533 -2.8870091 -2.8765363 -2.8768338 -2.8823611 -2.8730273 -2.8347763 -2.7653884 -2.6726989 -2.5819962 -2.4881544 -2.4052448 -2.3244939 -2.2747481 -2.2560867 -2.2949605 -2.3704909 -2.4707816 -2.5350425 -2.602149 -2.6780311 -2.7330591 -2.7606957 -2.8514557 -2.9860619 -3.0077319 -3.0101745 -3.0160269 -3.1609521 -3.605349 -3.7741476 -3.77 -3.7650047 -3.726301 -3.3458922 -3.1077418 -3.0960468 -3.088305 -3.0824526 -3.1003349 -3.1103189 -3.098614 -3.0869091 -3.0771383 -3.0357609 -3.000618 -2.9833697 -2.9584843 -2.9310067 -9999
-2.1669348 -2.1754097 -2.2155326 -2.2787334 -2.3771768 -2.4807771 -2.5802686 -2.7016054 -2.8071751 -2.8678642 -2.8573914 -2.8508845 -2.853907 -2.8338317 -2.7974476 -2.7260116 -2.6522174 -2.5642136 -2.483437 -2.4005274 -2.3373779 -2.2946195 -2.3085887 -2.3536698 -2.4384474 -2.5507922 -2.6185135 -2.7539685 -2.8271546 -2.9010011 -2.9323478 -2.9434371 -3.049301 -3.070971 -3.0755006 -3.080971 -3.2238025 -3.4995511 -3.4846259 -3.4825652 -3.4775699 -3.4365981 -3.0927104 -3.0270922 -3.0178531 -3.0120007 -3.0019776 -3.0283856 -3.0361015 -3.0243966 -3.0126917 -3.0009868 -2.9984711 -2.9636371 -2.9482464 -2.9255495 -2.8962873 -9999
-2.164815 -2.1869242 -2.2414746 -2.3147842 -2.4060464 -2.505538 -2.6040512 -2.7035427 -2.7753376 -2.8317438 -2.8208117 -2.812543 -2.8070157 -2.7903433 -2.7571794 -2.7075974 -2.6467971 -2.572395 -2.4983147 -2.4356552 -2.3843988 -2.3733442 -2.3882916 -2.4409636 -2.5340666 -2.65014 -2.7951687 -2.946308 -3.0457996 -3.1147871 -3.1534783 -3.1645675 -3.1528626 -3.1546375 -3.16 -3.16 -3.1506032 -3.121341 -3.1090217 -3.1090217 -3.1050047 -3.0900399 -2.9901234 -2.9267635 -2.9209111 -2.9110955 -2.8993906 -2.9281547 -2.9438261 -2.9321212 -2.9204164 -2.9087115 -2.9197702 -2.9241252 -2.9124203 -2.8887452 -2.859483 -9999
-2.1830937 -2.2266633 -2.2854927 -2.3677697 -2.4590319 -2.5585235 -2.6537259 -2.7499051 -2.8173344 -2.8714829 -2.8453009 -2.8328043 -2.8328043 -2.8182824 -2.7902954 -2.7432144 -2.6865362 -2.6185402 -2.5579234 -2.5137049 -2.4710505 -2.4821051 -2.5022057 -2.560181 -2.6448769 -2.7494878 -2.8752317 -3.0125399 -3.089005 -3.1382966 -3.1604058 -3.1711907 -3.1594858 -3.1576014 -3.16 -3.16 -3.1506032 -3.121341 -3.1064158 -3.1023986 -3.1023986 -3.0900399 -2.9846959 -2.9201403 -2.9142879 -2.9044723 -2.8927674 -2.9164875 -2.9305798 -2.9133123 -2.9033821 -2.8954651 -2.9065238 -2.9108789 -2.899174 -2.8728131 -2.8396134 -9999
-2.2104691 -2.2592676 -2.3270424 -2.4108248 -2.5053787 -2.6048702 -2.6957836 -2.7895105 -2.8477035 -2.8994534 -2.8732714 -2.8535792 -2.8535792 -2.8463052 -2.8228721 -2.7917563 -2.7406717 -2.6808647 -2.6385983 -2.6122407 -2.5825279 -2.6038142 -2.6312109 -2.687507 -2.7513688 -2.8463855 -2.9474212 -3.0704335 -3.1302343 -3.1549709 -3.1745264 -3.1749102 -3.1618843 -3.16 -3.16 -3.16 -3.1506032 -3.1190828 -3.1054736 -3.1005633 -3.0954736 -3.0855135 -2.9801695 -2.9132154 -2.9047259 -2.893021 -2.8813161 -2.9005098 -2.9100948 -2.895025 -2.8871336 -2.8812812 -2.8972003 -2.9015554 -2.8875125 -2.8626272 -2.8283749 -9999
-2.2384214 -2.2936945 -2.365942 -2.4497243 -2.5427638 -2.6402067 -2.7210528 -2.8094897 -2.8658644 -2.9067873 -2.8806053 -2.866971 -2.866971 -2.8612115 -2.8446296 -2.8206388 -2.7932069 -2.7664366 -2.7339871 -2.7118778 -2.705869 -2.7335055 -2.7558279 -2.8084999 -2.8705122 -2.9319054 -3.0230919 -3.1028323 -3.1320945 -3.1538021 -3.1703841 -3.1637244 -3.1461671 -3.1433406 -3.1433406 -3.1433406 -3.1320644 -3.0969498 -3.0681957 -3.0672445 -3.0616859 -3.046721 -2.9413771 -2.9206285 -2.9089236 -2.8957042 -2.8813392 -2.8850378 -2.8927537 -2.8810488 -2.8746719 -2.87 -2.8891045 -2.8956371 -2.8780798 -2.8547089 -2.8244158 -9999
-2.2649142 -2.3201873 -2.3911793 -2.4697253 -2.552264 -2.6203372 -2.695634 -2.7763737 -2.8292671 -2.8670481 -2.8576631 -2.8537246 -2.8587597 -2.855713 -2.8501857 -2.8450486 -2.8726851 -2.8566012 -2.8399581 -2.8327536 -2.8383327 -2.8372844 -2.8454181 -2.8747317 -2.9252343 -2.9583982 -3.0198556 -3.0630932 -3.0836074 -3.1005959 -3.1061232 -3.0958017 -3.073312 -3.0704855 -3.0704855 -3.0704855 -3.0590389 -2.9653998 -2.9273868 -2.9215343 -2.9159757 -2.9010109 -2.9410578 -2.9864645 -2.9689071 -2.9511113 -2.9277016 -2.8908303 -2.8797536 -2.8739012 -2.87 -2.87 -2.8934534 -2.9023571 -2.8906522 -2.8661536 -2.831039 -9999
-2.2894588 -2.3371583 -2.4000525 -2.4753122 -2.5430865 -2.6099894 -2.6852862 -2.7626685 -2.8133324 -2.8560643 -2.8586993 -2.857501 -2.8664191 -2.8719464 -2.8710915 -2.8968778 -2.928359 -2.9197244 -2.9177311 -2.9271304 -2.9226672 -2.9062047 -2.9097421 -2.9340788 -2.9546679 -2.9848909 -3.0182035 -3.0606733 -3.0762363 -3.0819727 -3.0875 -3.0739731 -3.0490078 -3.0452391 -3.0452391 -3.0452391 -3.0151693 -2.9215303 -2.8816549 -2.8758024 -2.865483 -2.866565 -2.9358766 -2.979421 -2.9561206 -2.9347846 -2.9121726 -2.884823 -2.8588478 -2.8557174 -2.8633445 -2.8652391 -2.8934534 -2.9060818 -2.8943769 -2.8643519 -2.8281404 -9999
-2.3186203 -2.3573114 -2.4090479 -2.477121 -2.5401207 -2.6029574 -2.6755983 -2.7529806 -2.8066103 -2.8501674 -2.8560616 -2.8641102 -2.8752776 -2.8868734 -2.8924007 -2.9252489 -2.9694673 -2.9774146 -2.9790199 -2.9900745 -2.9933184 -2.9708421 -2.9613431 -2.9789004 -2.9928247 -3.0094066 -3.0404942 -3.0718668 -3.0777192 -3.0804898 -3.0860171 -3.0739731 -3.0447109 -3.0385171 -3.0383426 -3.0370342 -3.0069644 -2.9133253 -2.8704841 -2.8646316 -2.8511119 -2.8455292 -2.9071173 -2.9353626 -2.9061004 -2.8862473 -2.86869 -2.8484964 -2.8325854 -2.8325854 -2.8446613 -2.8563662 -2.8863509 -2.9031159 -2.891411 -2.8613861 -2.820419 -9999
-2.3454985 -2.373135 -2.4183359 -2.4706999 -2.5309168 -2.5887649 -2.6585996 -2.7316918 -2.793043 -2.8430711 -2.8535439 -2.8641102 -2.8806921 -2.8958532 -2.9124351 -2.9505304 -3.0049487 -3.0160091 -3.0215976 -3.0326522 -3.0358961 -3.0082595 -2.9951941 -3.0010465 -3.0095182 -3.0165029 -3.0475905 -3.078963 -3.08 -3.08 -3.08 -3.0685993 -3.0447109 -3.0353625 -3.0312463 -3.0253939 -2.9927718 -2.8991327 -2.8520889 -2.8362465 -2.8157021 -2.8029516 -2.8497711 -2.8714961 -2.8422339 -2.824861 -2.8119198 -2.8053442 -2.7984798 -2.8101847 -2.8257031 -2.8421736 -2.8721584 -2.8889234 -2.8772185 -2.8471936 -2.8062265 -9999
-2.3634248 -2.3788183 -2.414942 -2.4629473 -2.5224923 -2.5817992 -2.6504609 -2.7223159 -2.7887806 -2.84 -2.8415289 -2.8562561 -2.8806921 -2.897274 -2.9138559 -2.9582721 -3.015363 -3.029831 -3.0406554 -3.0464741 -3.049718 -3.0220815 -3.0052971 -3.0081505 -3.0137806 -3.0193079 -2.9136252 -2.9316812 -2.9316812 -2.9316812 -2.9316812 -2.963735 -2.9696093 -2.9612031 -2.9554916 -2.9445166 -2.9104737 -2.8804416 -2.8702771 -2.8475812 -2.8109243 -2.7894467 -2.7935723 -2.811035 -2.7851805 -2.7776232 -2.7685863 -2.7674922 -2.7677318 -2.7892114 -2.81466 -2.8337009 -2.8746138 -2.8913789 -2.8765653 -2.8333599 -2.7874935 -9999
