P1_models/J1_p1_vp_slide_diff2_240.dat.tif
NCOLS 118
NROWS 92
XLLCORNER 139.62
YLLCORNER -39.07
DX 0.099491525
DY 0.099347826
NODATA_VALUE -9999
[rows 24 to 47 of 92, columns 0 to 52 of 118]
-9999 0.025282581 0.028664641 0.0320467 0.035428759 0.038810819 0.042192878 0.044049414 0.043602355 0.043155295 0.042708236 0.042261176 0.041814117 0.04162701 0.041960472 0.042293935 0.042627397 0.042960859 0.043294322 0.042614991 0.037053415 0.031491839 0.025930262 0.020368686 0.01480711 0.010190895 0.008108487 0.0060260788 0.0039436706 0.0018612624 -0.00022114583 -0.0022805712 -0.0013615393 -0.00044250742 0.00047652447 0.0013955564 0.0023145882 0.0019843463 -0.0006972934 -0.0033789331 -0.0060605728 -0.0087422124 -0.011423852 -0.013257229 -0.0144808 -0.015704371 -0.016927942 -0.018151514 -0.01955882 -0.013850692 -0.0049254141 0.003999864 0.012925142
-9999 0.022631775 0.026013834 0.029395894 0.032777953 0.036160013 0.041188201 0.044823314 0.044956669 0.04450961 0.04406255 0.043615491 0.043168431 0.041294502 0.037896829 0.038230292 0.038563754 0.038897217 0.039230679 0.03778157 0.032219994 0.026658418 0.021096841 0.015535265 0.011024997 0.0087925051 0.0071160969 0.0050336887 0.0029512805 0.00086887224 -0.001213536 -0.0022707504 -0.0013517185 -0.00043268665 0.00048634524 0.0014053771 -0.001753923 -0.0036560639 -0.00052418077 -0.0032058205 -0.0058874601 -0.0085690998 -0.01125074 -0.018514707 -0.023793902 -0.025017473 -0.026241045 -0.027464616 -0.028688187 -0.02135872 -0.012450587 -0.0035253085 0.0053999696
-9999 0.019257119 0.022639179 0.026021238 0.029403298 0.03531453 0.041679867 0.04531498 0.045799064 0.046208035 0.045760975 0.045313916 0.044866856 0.042992927 0.038261607 0.033530288 0.033805839 0.034139301 0.034472764 0.033023655 0.027462078 0.021900502 0.016338926 0.0126746 0.010191955 0.007959463 0.0063974461 0.0048354291 0.002770552 0.00068814375 -0.0013942645 -0.0024514789 -0.001532447 -0.00061341514 0.00030561675 -0.0050851629 -0.012968602 -0.014870742 -0.0082157886 -0.0029153866 -0.0055970263 -0.008278666 -0.010960306 -0.018224274 -0.028782419 -0.036031343 -0.037254914 -0.038478485 -0.039702056 -0.032372589 -0.023564924 -0.01467911 -0.0057538319
-9999 0.015882464 0.019264524 0.023075521 0.029440859 0.035806196 0.042171533 0.045806646 0.04629073 0.046774813 0.047258896 0.047012341 0.046565282 0.044691352 0.039960032 0.035228713 0.030497393 0.029381386 0.029714848 0.028265739 0.022704163 0.017142587 0.014324203 0.011841558 0.0093589125 0.0071264209 0.005564404 0.004002387 0.0024403701 0.00050741526 -0.001574993 -0.0026322074 -0.0017131755 -0.00079414363 -0.0084164027 -0.016299841 -0.02418328 -0.026085421 -0.019430467 -0.012775513 -0.0061205595 -0.0079882321 -0.010669872 -0.01793384 -0.028491985 -0.039050131 -0.048268783 -0.049492354 -0.050715925 -0.043386458 -0.034578793 -0.025771128 -0.016907634
-9999 0.012507809 0.01720185 0.023567187 0.029932525 0.036297862 0.042663199 0.046298312 0.046782396 0.047266479 0.047750562 0.048234646 0.048263707 0.046389777 0.041658457 0.036927138 0.032195818 0.027464499 0.024956933 0.023507824 0.018456451 0.015973806 0.013491161 0.011008516 0.0085258704 0.0062933789 0.0047313619 0.003169345 0.001607328 4.5311055e-05 -0.0017557215 -0.0028129359 -0.0038642039 -0.011747643 -0.019631081 -0.02751452 -0.035397959 -0.0373001 -0.030645146 -0.023990192 -0.017335238 -0.010680284 -0.010379438 -0.017643406 -0.028201551 -0.038759697 -0.049317842 -0.059875988 -0.061729794 -0.054400327 -0.045592662 -0.036784997 -0.027977332
-9999 0.010189977 0.016555314 0.022920651 0.029285988 0.035651326 0.042016663 0.045896231 0.046380314 0.046864398 0.047348481 0.047832564 0.048316648 0.047094653 0.042363334 0.037632014 0.032900695 0.028169375 0.023438056 0.019386702 0.016904056 0.014421411 0.011938766 0.0094561208 0.0069734756 0.0048660849 0.003304068 0.001742051 0.00018003406 -0.0013819829 -0.0029439998 -0.0066652077 -0.014548646 -0.022432085 -0.030315524 -0.038198962 -0.046082401 -0.047394343 -0.040739389 -0.034084435 -0.027429481 -0.020774527 -0.014119573 -0.016734039 -0.027292184 -0.03785033 -0.048408475 -0.058966621 -0.069524766 -0.065140343 -0.056332678 -0.047525013 -0.038717349
-9999 0.00017339047 0.0065387278 0.012904065 0.019269402 0.02563474 0.033065312 0.037593469 0.038620615 0.039104698 0.039588782 0.040072865 0.040556948 0.0393786 0.034871136 0.030157676 0.025426356 0.020695037 0.015963717 0.011912363 0.0094297178 0.0069470726 0.0044644274 0.0019817822 0.0021515511 0.0019206034 -0.0026603911 -0.0045773162 -0.0061393332 -0.0077013501 -0.0092633671 -0.012984575 -0.020868014 -0.028751452 -0.036634891 -0.04451833 -0.037347767 -0.034232999 -0.041609845 -0.034954891 -0.028299937 -0.021644983 -0.014990029 -0.015046379 -0.021287559 -0.031845705 -0.04240385 -0.052961996 -0.063520141 -0.067950526 -0.064818251 -0.056010586 -0.047202921
-9999 -0.0098431956 -0.0034778582 0.0028874791 0.0094853523 0.017033497 0.024581642 0.029109799 0.030152503 0.031195207 0.031829082 0.032313166 0.032797249 0.031618901 0.027111437 0.022603974 0.017952018 0.013220698 0.0084893785 0.0044380244 0.0019553792 -0.00052726595 -0.0030099112 -0.0017755617 -0.00038350949 -0.00061445717 -0.0051954517 -0.0097764463 -0.0124587 -0.014020717 -0.015582734 -0.019303942 -0.027187381 -0.03507082 -0.041935239 -0.031017477 -0.020099716 -0.016984948 -0.025033469 -0.033081991 -0.029170393 -0.022515439 -0.015860486 -0.015916835 -0.020797854 -0.02584108 -0.036399225 -0.046957371 -0.057515516 -0.061945901 -0.065317242 -0.064496159 -0.055688494
-9999 -0.019859782 -0.013494444 -0.0065464627 0.001001682 0.0085498268 0.016097972 0.020626129 0.021668833 0.022711536 0.02375424 0.024553466 0.02503755 0.023859201 0.019351738 0.014844274 0.010336811 0.0057463595 0.00101504 -0.0030363141 -0.0055189593 -0.0070947269 -0.0057026746 -0.0043106223 -0.0029185701 -0.0031495178 -0.0077305123 -0.012311507 -0.016892501 -0.020340085 -0.021902102 -0.025623309 -0.033506748 -0.03560495 -0.024687188 -0.013769427 -0.002851665 0.00026310286 -0.0077854185 -0.01583394 -0.023882461 -0.023385895 -0.016730942 -0.016787291 -0.02166831 -0.026549329 -0.031430349 -0.040952746 -0.051510891 -0.055941276 -0.059312618 -0.062683959 -0.064174066
-9999 -0.029876368 -0.022578278 -0.015030133 -0.0074819882 6.6156588e-05 0.0076143013 0.012142459 0.013185162 0.014227866 0.01527057 0.016313274 0.01727785 0.016099502 0.011592038 0.0070845748 0.0025771113 -0.0019303523 -0.0064592986 -0.010510653 -0.01102184 -0.0096297875 -0.0082377352 -0.0068456829 -0.0054536307 -0.0056845784 -0.010265573 -0.014846567 -0.019427562 -0.024008557 -0.028221469 -0.031942677 -0.02927466 -0.018356899 -0.0074391372 0.0034786243 0.014396386 0.017511154 0.0094626324 0.0014141111 -0.0066344103 -0.014682932 -0.017601398 -0.017657747 -0.022538766 -0.027419785 -0.032300805 -0.037181824 -0.045506266 -0.049936651 -0.053307993 -0.056679334 -0.060050676
-9999 -0.036776745 -0.0292286 -0.021680456 -0.014132311 -0.006584166 0.00096397873 0.0075455545 0.0081886713 0.0092313751 0.010274079 0.011316783 0.012359487 0.014088528 0.010788013 0.0062805496 0.0017730861 -0.0027343775 -0.0072418411 -0.0099653795 -0.0085733272 -0.007181275 -0.0057892227 -0.0043971704 -0.0030051182 -0.010298157 -0.01366437 -0.018245365 -0.022826359 -0.027407354 -0.031988348 -0.031275475 -0.020357713 -0.0094399516 0.0014778099 0.012395571 0.023313333 0.02525676 0.018002378 0.0099538571 0.0019053358 -0.0061431855 -0.014191707 -0.022167221 -0.02704824 -0.031929259 -0.036810279 -0.041691298 -0.046572317 -0.045963515 -0.049334857 -0.052706198 -0.056077539
-9999 -0.040403373 -0.032855228 -0.025307083 -0.017758938 -0.0060219602 0.016059613 0.023163681 0.012981783 0.0099862026 0.011028906 0.01207161 0.013114314 0.014843356 0.017946828 0.016948346 0.012440883 0.0079334193 0.0034259557 0.0007024173 0.0020944696 0.0034865218 0.0048785741 0.0051165065 -0.01102732 -0.02247021 -0.02131341 -0.023068702 -0.027649696 -0.032230691 -0.036811685 -0.036098812 -0.02518105 -0.014263289 -0.003345527 0.0052873947 0.0031940255 0.0037693368 0.0081625738 0.0041312106 -0.0039173107 -0.011965832 -0.020014353 -0.028424579 -0.037094829 -0.042440475 -0.047321494 -0.052202514 -0.057083533 -0.052868086 -0.048712205 -0.052083546 -0.055454888
-9999 -0.04403 -0.036481856 -0.028933711 -0.012485407 0.009596166 0.031677739 0.038781807 0.028599909 0.018418012 0.011783734 0.012826438 0.013869142 0.015598183 0.018701655 0.021805128 0.02310868 0.018601216 0.014093753 0.011370214 0.012762266 0.014154319 0.0090882806 -0.007055546 -0.023199373 -0.034642262 -0.033485462 -0.032328663 -0.032473033 -0.037054028 -0.041635022 -0.040922149 -0.030004387 -0.019086626 -0.014106659 -0.016200028 -0.018293397 -0.017718086 -0.013324849 -0.0089316122 -0.0097399572 -0.017788479 -0.025837 -0.034247225 -0.042917475 -0.051587726 -0.05783271 -0.06271373 -0.067594749 -0.063379302 -0.057591737 -0.051804173 -0.054832236
-9999 -0.047656628 -0.040108483 -0.018948854 0.003132719 0.025214292 0.047295865 0.054399933 0.044218036 0.034036138 0.023854241 0.013672343 0.014623969 0.016353011 0.019456483 0.022559955 0.025663428 0.0287669 0.024761549 0.022038011 0.023430063 0.013060055 -0.0030837719 -0.019227598 -0.035371425 -0.046814315 -0.045657515 -0.044500715 -0.043343915 -0.042187116 -0.046458359 -0.045745486 -0.034827724 -0.033500713 -0.035594082 -0.037687451 -0.03978082 -0.039205509 -0.034812272 -0.030419035 -0.026025798 -0.023611125 -0.031659646 -0.040069872 -0.048740122 -0.057410372 -0.066080622 -0.073224946 -0.078105965 -0.073890518 -0.068102953 -0.062315389 -0.056527825
-9999 -0.047493874 -0.025412301 -0.0033307281 0.018750845 0.040832418 0.062913992 0.070018059 0.059836162 0.049654264 0.039472367 0.029290469 0.019108572 0.017107838 0.02021131 0.023314783 0.026418255 0.029521727 0.0326252 0.032705808 0.017031829 0.00088800224 -0.015255824 -0.031399651 -0.047543477 -0.058986367 -0.057829567 -0.056672768 -0.055515968 -0.054359168 -0.053202368 -0.050801398 -0.052894767 -0.054988136 -0.057081505 -0.059174874 -0.061268243 -0.060692932 -0.056299695 -0.051906458 -0.047513221 -0.043119984 -0.038726747 -0.045892518 -0.054562768 -0.063233019 -0.071903269 -0.080573519 -0.088617181 -0.084401734 -0.078614169 -0.072826605 -0.067039041
-9999 -0.042742582 -0.020661009 0.0014205647 0.023502138 0.045583711 0.05847724 0.054731888 0.04454999 0.034368093 0.024186196 0.014004298 0.0083947711 0.010557742 0.0107121 0.013815572 0.016919045 0.020022517 0.023125989 0.020409367 0.0042655405 -0.011878286 -0.028022113 -0.044165939 -0.056036934 -0.058974462 -0.068399991 -0.067243192 -0.066086392 -0.064929592 -0.063772792 -0.063726144 -0.065819513 -0.067912882 -0.070006251 -0.07209962 -0.070644198 -0.064400245 -0.060007008 -0.055613771 -0.051220534 -0.046827297 -0.046131043 -0.048016053 -0.054163853 -0.062834103 -0.071504353 -0.080174603 -0.088844853 -0.085187785 -0.079400221 -0.073612656 -0.067825092
-9999 -0.041666602 -0.019585028 0.0024965449 0.024578118 0.030907187 0.03273881 0.028993458 0.01881156 0.0086296629 -0.0015522345 -0.0025664917 0.0014270329 0.0035900034 0.0020871839 0.00084830542 0.0039517777 0.0070552501 0.010158722 0.0074421001 -0.0087017265 -0.024845553 -0.04098938 -0.047585493 -0.046289616 -0.049227144 -0.063511261 -0.077271923 -0.076115123 -0.074958323 -0.073801523 -0.073754875 -0.075848244 -0.077941613 -0.080034982 -0.075875611 -0.068338032 -0.062094079 -0.057700842 -0.053307605 -0.048914368 -0.050050628 -0.05273141 -0.05461642 -0.055929359 -0.06033097 -0.06900122 -0.07767147 -0.08634172 -0.082684652 -0.076897087 -0.071109523 -0.066668878
-9999 -0.040590621 -0.018509048 0.001505512 0.0033371346 0.0051687573 0.00700038 0.0032550278 -0.0069268697 -0.017108767 -0.013527754 -0.0095342298 -0.0055407053 -0.0033777348 -0.0048805543 -0.0063833738 -0.0078861933 -0.005912017 -0.0028085446 -0.005525167 -0.021668994 -0.03781282 -0.039134053 -0.037838176 -0.036542298 -0.039479827 -0.053763943 -0.068048059 -0.082332176 -0.084987054 -0.083830254 -0.083783606 -0.085876975 -0.087970344 -0.081107025 -0.073569446 -0.066031867 -0.059787914 -0.055394677 -0.051289431 -0.053970213 -0.056650995 -0.059331777 -0.061216787 -0.062529726 -0.063842665 -0.066498087 -0.075168337 -0.083838587 -0.080181518 -0.074393954 -0.070787779 -0.06887008
-9999 -0.039514641 -0.026064541 -0.024232918 -0.022401295 -0.020569673 -0.01873805 -0.022483402 -0.028482542 -0.024489017 -0.020495493 -0.016501968 -0.012508443 -0.010345473 -0.011848292 -0.013351112 -0.014853931 -0.016356751 -0.015775812 -0.018492434 -0.031978489 -0.030682612 -0.029386735 -0.028090858 -0.026794981 -0.029732509 -0.044016625 -0.058300742 -0.072584858 -0.086868974 -0.093858986 -0.093812337 -0.093876018 -0.086338439 -0.07880086 -0.071263281 -0.063725701 -0.057481749 -0.055209017 -0.057889799 -0.060570581 -0.063251363 -0.065932145 -0.067817154 -0.069130093 -0.070443032 -0.071755971 -0.07306891 -0.081335454 -0.077678385 -0.074906681 -0.072988981 -0.071071282
-9999 -0.050733153 -0.04890153 -0.047069908 -0.045238285 -0.043406662 -0.04157504 -0.035647771 -0.031654246 -0.027660721 -0.023667197 -0.019673672 -0.015680148 -0.017191108 -0.018693927 -0.020196747 -0.021699566 -0.023202386 -0.024705205 -0.025361741 -0.024065864 -0.022769987 -0.021474109 -0.020178232 -0.018882355 -0.020537863 -0.034821979 -0.049106096 -0.063390212 -0.077674328 -0.091958445 -0.098788984 -0.091251405 -0.083713825 -0.076176246 -0.068638667 -0.061101088 -0.057448589 -0.060129371 -0.062810153 -0.065490935 -0.068171717 -0.070852499 -0.073491952 -0.074804891 -0.076117831 -0.07743077 -0.078743709 -0.080056648 -0.079681104 -0.077763405 -0.075845705 -0.073928006
-9999 -0.051687315 -0.049855692 -0.048024069 -0.046192447 -0.044360824 -0.038604437 -0.026000396 -0.0061960484 -0.0022025238 0.0017910007 0.0057845253 0.0097780499 0.0037417283 -0.022379938 -0.026121471 -0.02762429 -0.02912711 -0.030629929 -0.031286465 -0.029990588 -0.02869471 -0.027398833 -0.026102956 -0.027222397 -0.029355147 -0.031372295 -0.04407973 -0.058363846 -0.072647963 -0.086932079 -0.093762618 -0.086225039 -0.07868746 -0.07114988 -0.063612301 -0.056494095 -0.052338897 -0.052378972 -0.055059754 -0.057740536 -0.060421318 -0.0631021 -0.068083051 -0.073498996 -0.074811935 -0.076124874 -0.077437813 -0.078750752 -0.083835311 -0.085564111 -0.083646412 -0.081728713
-9999 -0.052641477 -0.050809854 -0.048978231 -0.046251688 -0.040116323 -0.033980958 -0.021376917 -0.0013071927 0.018762531 0.027249198 0.031242723 0.035236247 0.029199926 0.00307826 -0.023043406 -0.033549014 -0.035051833 -0.036554653 -0.037211189 -0.035915311 -0.034619434 -0.033323557 -0.03539687 -0.03757275 -0.039705499 -0.041722648 -0.043739796 -0.05333748 -0.067621597 -0.081905713 -0.088736252 -0.081198673 -0.073661094 -0.066157187 -0.05913629 -0.052115392 -0.047960195 -0.047904788 -0.047849382 -0.049990137 -0.052670919 -0.055351701 -0.060332653 -0.066967167 -0.07350604 -0.074818979 -0.076131918 -0.077444857 -0.082529415 -0.088265813 -0.091447119 -0.08952942
-9999 -0.053595639 -0.051764016 -0.047763575 -0.041628209 -0.035492844 -0.029357479 -0.016753438 0.003316286 0.02338601 0.043455734 0.05670092 0.060694445 0.054658123 0.028536457 0.0024147917 -0.023706874 -0.040976557 -0.042479377 -0.043135912 -0.041840035 -0.041395463 -0.043571343 -0.045747223 -0.047923102 -0.050055852 -0.052073 -0.054090149 -0.056107297 -0.062595231 -0.076879347 -0.083709886 -0.076172307 -0.068799383 -0.061778485 -0.054757587 -0.047736689 -0.043581492 -0.043526086 -0.043470679 -0.043415273 -0.044920521 -0.047601303 -0.052582254 -0.059216768 -0.065851282 -0.072485796 -0.074826022 -0.076138961 -0.08122352 -0.086959917 -0.092696314 -0.097330127
-9999 -0.0545498 -0.049275461 -0.043140096 -0.037004731 -0.030869366 -0.024734 -0.012129959 0.0079397647 0.028009489 0.048079213 0.068148937 0.086152642 0.080116321 0.053994655 0.027872989 0.0017513234 -0.024370342 -0.048404101 -0.049060636 -0.049569936 -0.051745816 -0.053921696 -0.056097575 -0.058273455 -0.060406204 -0.062423352 -0.064440501 -0.06645765 -0.068474798 -0.071852981 -0.07868352 -0.071441578 -0.06442068 -0.057399782 -0.050378884 -0.043357987 -0.039202789 -0.039147383 -0.039091976 -0.03903657 -0.038981163 -0.039850904 -0.044831855 -0.051466369 -0.058100883 -0.064735397 -0.071369911 -0.074833066 -0.079917625 -0.085654022 -0.091390419 -0.097126816
