P1_models/J1_p1_vp_slide_diff2_260.dat.tif
NCOLS 118
NROWS 92
XLLCORNER 139.62
YLLCORNER -39.07
DX 0.099491525
DY 0.099347826
NODATA_VALUE -9999
[rows 48 to 71 of 92, columns 54 to 107 of 118]
-0.1277888 -0.12216877 -0.11654874 -0.11092871 -0.10530869 -0.10016745 -0.10253772 -0.099273867 -0.096010012 -0.092746157 -0.089482302 -0.086218447 -0.090197772 -0.09442598 -0.098654189 -0.1028824 -0.10711061 -0.10750476 -0.11344053 -0.11937631 -0.12531208 -0.13124786 -0.13370646 -0.12118728 -0.10173612 -0.082284966 -0.06283381 -0.043382653 -0.048158754 -0.06412827 -0.080097786 -0.096067303 -0.11203682 -0.11770644 -0.11136778 -0.10368572 -0.096003659 -0.0883216 -0.081134889 -0.090068253 -0.099001616 -0.10793498 -0.11686834 -0.12142821 -0.11989339 -0.11861034 -0.11732728 -0.11604422 -0.11466778 -0.10644901 -0.095286256 -0.084123506 -0.072960756 -0.062931329
-0.12170098 -0.11608096 -0.11046093 -0.1048409 -0.10124195 -0.10197801 -0.10531448 -0.11041804 -0.10821831 -0.10495446 -0.1016906 -0.09842675 -0.10240607 -0.10663428 -0.11086249 -0.11382196 -0.10832695 -0.1078463 -0.11378207 -0.11971785 -0.12565362 -0.12669604 -0.12532415 -0.12151569 -0.11175082 -0.092299668 -0.072848512 -0.053397356 -0.058173457 -0.074142973 -0.090112489 -0.106082 -0.10730427 -0.11015225 -0.11627436 -0.11236629 -0.10468423 -0.097002171 -0.08981546 -0.098748824 -0.10768219 -0.11661555 -0.11948548 -0.11558678 -0.11405196 -0.1127689 -0.11148585 -0.1099924 -0.10794899 -0.099730223 -0.088567473 -0.077404723 -0.068924188 -0.07190575
-0.11561317 -0.10999314 -0.10437311 -0.10231645 -0.10305251 -0.10378857 -0.10712504 -0.1122286 -0.11733216 -0.11716276 -0.11389891 -0.11063505 -0.11461438 -0.11884259 -0.1196585 -0.11416349 -0.10866848 -0.10818783 -0.11412361 -0.12005938 -0.11965835 -0.11831374 -0.11694185 -0.11313338 -0.10932492 -0.10231437 -0.082863214 -0.063412058 -0.068188159 -0.084157675 -0.097688163 -0.098719121 -0.099750078 -0.10259806 -0.10872017 -0.11484228 -0.1133648 -0.10568274 -0.098496032 -0.1074294 -0.11636276 -0.11754275 -0.11364405 -0.10974535 -0.10821053 -0.10692747 -0.10531702 -0.10327361 -0.10123021 -0.09301144 -0.08184869 -0.074917046 -0.077898608 -0.08088017
-0.10952536 -0.10390533 -0.10339095 -0.10412701 -0.10486307 -0.10559913 -0.1089356 -0.11403916 -0.11914272 -0.12424628 -0.12610721 -0.12284335 -0.12682268 -0.12549504 -0.12000003 -0.11450503 -0.10901002 -0.10852937 -0.11396526 -0.11262065 -0.11127604 -0.10993143 -0.10855954 -0.10475108 -0.10094262 -0.097134157 -0.092877917 -0.07342676 -0.078202861 -0.089103018 -0.090133976 -0.091164933 -0.09219589 -0.095043877 -0.10116598 -0.10728809 -0.1134102 -0.11436331 -0.1071766 -0.11610997 -0.11560003 -0.11170132 -0.10780262 -0.10390392 -0.1023691 -0.10064164 -0.098598233 -0.09655483 -0.094511427 -0.086292657 -0.080909904 -0.083891466 -0.086873028 -0.08985459
-0.10372939 -0.10446545 -0.10520151 -0.10593757 -0.10667363 -0.10740969 -0.11074616 -0.11584972 -0.12095328 -0.12605684 -0.1311604 -0.13505166 -0.13133158 -0.12583658 -0.12034157 -0.11484656 -0.10935155 -0.10692756 -0.10558295 -0.10423834 -0.10289373 -0.10154912 -0.10017723 -0.09636877 -0.09256031 -0.088751849 -0.084943389 -0.081134928 -0.080517873 -0.08154883 -0.082579788 -0.083610745 -0.084641703 -0.087489689 -0.093611797 -0.099733905 -0.10585601 -0.11197812 -0.11585717 -0.1136573 -0.10975859 -0.10585989 -0.10196119 -0.098062488 -0.095966256 -0.093922853 -0.09187945 -0.089836047 -0.087792644 -0.086902762 -0.089884324 -0.092865886 -0.095847448 -0.098829011
-0.10265602 -0.10339208 -0.10412814 -0.1048642 -0.10560025 -0.11602214 -0.11555409 -0.11319795 -0.11830151 -0.12340507 -0.12850863 -0.13361219 -0.12846926 -0.12297426 -0.11747925 -0.11198424 -0.10709128 -0.10414924 -0.10280463 -0.10146002 -0.10011541 -0.098884061 -0.10481293 -0.098491972 -0.094683512 -0.090875051 -0.087066591 -0.08325813 -0.082759766 -0.083790723 -0.08482168 -0.085852638 -0.088556967 -0.091026721 -0.090947728 -0.097069836 -0.10319194 -0.10931405 -0.11513741 -0.11123871 -0.10734001 -0.10344131 -0.099542604 -0.086713054 -0.083482337 -0.081438934 -0.079395531 -0.077352128 -0.087877993 -0.095536316 -0.098517878 -0.10149944 -0.104481 -0.098371567
-0.10110014 -0.1018362 -0.10257226 -0.10330832 -0.11701001 -0.1329562 -0.13248815 -0.12086594 -0.11490317 -0.12000673 -0.12511029 -0.13021384 -0.12507092 -0.11957591 -0.1140809 -0.10944094 -0.10525053 -0.1023085 -0.10096389 -0.099619281 -0.099664298 -0.10573107 -0.11165994 -0.10527334 -0.098886733 -0.09475588 -0.090947419 -0.087138959 -0.086640594 -0.087671551 -0.088702509 -0.092142169 -0.098058723 -0.10052848 -0.096787408 -0.09522391 -0.10134602 -0.10746813 -0.11329149 -0.10939278 -0.10549408 -0.10159538 -0.087643465 -0.073264598 -0.070033881 -0.067990478 -0.065947075 -0.078986102 -0.096454518 -0.10411284 -0.1070944 -0.11007597 -0.10263149 -0.089977756
-0.09954427 -0.10028033 -0.1020517 -0.11799788 -0.13394407 -0.14989025 -0.1494222 -0.13779999 -0.12617778 -0.11660838 -0.12171194 -0.1268155 -0.12167258 -0.11617757 -0.1117906 -0.10760019 -0.10340979 -0.10046776 -0.099123148 -0.10044453 -0.10651131 -0.11257808 -0.11850695 -0.11212035 -0.10573374 -0.099347137 -0.094828248 -0.091019787 -0.090521422 -0.09155238 -0.09572737 -0.10164392 -0.10756048 -0.11003023 -0.10628916 -0.10254809 -0.099500092 -0.1056222 -0.11144556 -0.10754686 -0.10295274 -0.088573875 -0.074195009 -0.059816142 -0.056585425 -0.054542022 -0.070094211 -0.087562627 -0.10503104 -0.11268937 -0.11567093 -0.1068914 -0.094237674 -0.081583944
-0.097988396 -0.10303957 -0.11898576 -0.13493194 -0.15087812 -0.1668243 -0.16635625 -0.15473404 -0.14311184 -0.13148963 -0.11986742 -0.12341716 -0.11833066 -0.11414026 -0.10994985 -0.10575945 -0.10156905 -0.098627015 -0.10122477 -0.10729154 -0.11335832 -0.11942509 -0.12535396 -0.11896736 -0.11258075 -0.10619415 -0.099807541 -0.094900615 -0.094402251 -0.099312571 -0.10522913 -0.11114568 -0.11706223 -0.11953199 -0.11579092 -0.11204985 -0.10830878 -0.10456771 -0.10959964 -0.10388315 -0.089504285 -0.075125419 -0.060746553 -0.046367686 -0.043733904 -0.06120232 -0.078670736 -0.096139152 -0.11360757 -0.12126589 -0.11115132 -0.098497593 -0.085843863 -0.073190133
-0.096884973 -0.11226935 -0.12821553 -0.14416172 -0.1601079 -0.17605408 -0.17522353 -0.16360132 -0.15197911 -0.14035691 -0.1287347 -0.11711249 -0.1158443 -0.1116539 -0.1074635 -0.1032731 -0.099082693 -0.099391818 -0.10545859 -0.11152536 -0.11759213 -0.12365891 -0.13015089 -0.12654832 -0.12016172 -0.11377511 -0.10738851 -0.1010019 -0.10303049 -0.10894705 -0.1148636 -0.12078016 -0.12669671 -0.12502636 -0.1212853 -0.11754423 -0.11380316 -0.11006209 -0.10600388 -0.091625012 -0.077246146 -0.062867279 -0.048488413 -0.03507159 -0.047818344 -0.06528676 -0.082755175 -0.10022359 -0.11769201 -0.117305 -0.10465127 -0.091997537 -0.079343807 -0.066690077
-0.091961295 -0.098121775 -0.11113168 -0.12707786 -0.14302405 -0.15897023 -0.15773527 -0.14491687 -0.13329466 -0.12167245 -0.11005024 -0.098428031 -0.10507527 -0.10696247 -0.10277207 -0.09858167 -0.094391268 -0.094700393 -0.10076717 -0.10683394 -0.11290071 -0.11975106 -0.12741265 -0.13193181 -0.1302495 -0.12386289 -0.11747629 -0.11108968 -0.11311827 -0.11903483 -0.12495138 -0.13086793 -0.11265101 -0.10093226 -0.11183972 -0.10935156 -0.10561049 -0.10186942 -0.097811215 -0.083432349 -0.069053482 -0.054674616 -0.0420494 -0.033681382 -0.040934252 -0.054028664 -0.07149708 -0.088965496 -0.10643391 -0.11035614 -0.10461926 -0.091965525 -0.079311795 -0.066658065
-0.087037617 -0.093198097 -0.099358576 -0.10999401 -0.12594019 -0.14188638 -0.14065142 -0.12774115 -0.11483088 -0.10298799 -0.091365784 -0.079743575 -0.086390815 -0.093665817 -0.098080647 -0.093890245 -0.089699843 -0.090008968 -0.09607574 -0.10214251 -0.10931603 -0.11701281 -0.1246744 -0.12919357 -0.13371273 -0.13395067 -0.12756407 -0.12117746 -0.12320605 -0.1291226 -0.13503916 -0.11150611 -0.087230554 -0.075511799 -0.086419261 -0.097326724 -0.097417831 -0.093676761 -0.089618552 -0.075239686 -0.060860819 -0.04902721 -0.040659193 -0.032291175 -0.039544044 -0.04846059 -0.060238984 -0.0777074 -0.095175816 -0.099098043 -0.096562402 -0.091933513 -0.079279783 -0.066626053
-0.082113939 -0.088274418 -0.094434898 -0.10059538 -0.10885634 -0.12480252 -0.12356756 -0.1106573 -0.097747027 -0.084836758 -0.072681328 -0.061059119 -0.067706359 -0.074981361 -0.082256362 -0.08919882 -0.085008418 -0.085317543 -0.091384315 -0.098881013 -0.10657779 -0.11427456 -0.12193615 -0.12645532 -0.13097449 -0.13549365 -0.13765184 -0.13126524 -0.13329383 -0.13463676 -0.11036121 -0.086085651 -0.061810095 -0.05009134 -0.060998802 -0.071906264 -0.082813727 -0.085484098 -0.081425889 -0.067047022 -0.056005021 -0.047637003 -0.039268985 -0.030900968 -0.038153837 -0.047070382 -0.055986928 -0.066449304 -0.08391772 -0.087839948 -0.085304307 -0.082768666 -0.079247771 -0.066594041
-0.07719026 -0.08335074 -0.08951122 -0.0956717 -0.10183218 -0.10799266 -0.10648371 -0.093573444 -0.080663175 -0.067752905 -0.054842636 -0.042374663 -0.049021903 -0.056296905 -0.063571906 -0.070846907 -0.078121908 -0.080749216 -0.088445991 -0.096142766 -0.10383954 -0.11153632 -0.1191979 -0.12371707 -0.12823624 -0.13275541 -0.13727458 -0.14135302 -0.13349186 -0.10921631 -0.084940749 -0.060665192 -0.036389635 -0.02467088 -0.035578343 -0.046485805 -0.057393267 -0.06830073 -0.073233225 -0.062982831 -0.054614813 -0.046246796 -0.037878778 -0.029510761 -0.03676363 -0.045680175 -0.05459672 -0.063513266 -0.072659625 -0.076581852 -0.074046211 -0.07151057 -0.068974929 -0.066439288
-0.076574335 -0.073772654 -0.079933133 -0.086093613 -0.092254093 -0.098414572 -0.10987531 -0.10453575 -0.091625478 -0.078715209 -0.06580494 -0.052894671 -0.033730165 -0.041005166 -0.048280167 -0.055555168 -0.06283017 -0.070290191 -0.077986966 -0.085683741 -0.093380516 -0.10107729 -0.1109135 -0.11268336 -0.11720253 -0.1217217 -0.12624087 -0.13076003 -0.115584 -0.091308446 -0.067032889 -0.042757332 -0.021975671 -0.022094964 -0.031850041 -0.042757503 -0.053664966 -0.064572428 -0.074905238 -0.066537221 -0.058169203 -0.049801186 -0.041433168 -0.040861063 -0.038731674 -0.04764822 -0.056564765 -0.06548131 -0.074397856 -0.078342339 -0.076201581 -0.07366594 -0.071130299 -0.068594658
-0.082318626 -0.074519912 -0.068331073 -0.074491553 -0.080652033 -0.086812513 -0.098273249 -0.11333573 -0.11478368 -0.10187341 -0.088963139 -0.07605287 -0.053368026 -0.030347315 -0.034463755 -0.041738756 -0.049013757 -0.056473778 -0.064170553 -0.071867328 -0.079681869 -0.090027698 -0.10027136 -0.10139035 -0.10256153 -0.1070807 -0.11159987 -0.11611903 -0.100943 -0.076667446 -0.052391889 -0.035094751 -0.030608997 -0.03072829 -0.039145461 -0.048462056 -0.059369518 -0.070276981 -0.080609791 -0.072241773 -0.063873755 -0.055505738 -0.056416291 -0.059306422 -0.055881306 -0.051783594 -0.059993148 -0.068909693 -0.077826239 -0.081770722 -0.083344877 -0.081654168 -0.079118527 -0.076582886
-0.088062918 -0.080264203 -0.072465489 -0.064666775 -0.069049973 -0.075210453 -0.086671189 -0.10173367 -0.11679616 -0.12503161 -0.11212134 -0.099211069 -0.076526225 -0.053505514 -0.030484803 -0.027922343 -0.035197344 -0.042657366 -0.050354141 -0.058693901 -0.06903973 -0.079385559 -0.089629217 -0.090748215 -0.091867213 -0.092986211 -0.096958867 -0.10147803 -0.086302003 -0.062026447 -0.048213831 -0.043728077 -0.039242323 -0.039361617 -0.047778787 -0.056195958 -0.06507407 -0.075981533 -0.086314343 -0.077946325 -0.069578308 -0.071971519 -0.07486165 -0.077751781 -0.074326664 -0.070228953 -0.066131241 -0.072338076 -0.081254622 -0.085199105 -0.08677326 -0.088347415 -0.087106754 -0.084571113
-0.093807209 -0.086008495 -0.07820978 -0.070411066 -0.062612352 -0.063608393 -0.075069129 -0.090131613 -0.1051941 -0.12025658 -0.13527954 -0.12236927 -0.099684424 -0.076663713 -0.053643002 -0.030622291 -0.021380932 -0.028840953 -0.037705933 -0.048051762 -0.058397591 -0.06874342 -0.078987078 -0.080106076 -0.081225074 -0.082344072 -0.08346307 -0.086837035 -0.071661004 -0.061332911 -0.056847157 -0.052361403 -0.047875649 -0.047994943 -0.056412113 -0.064829284 -0.073246455 -0.081686085 -0.092018895 -0.084636615 -0.087526746 -0.090416878 -0.093307009 -0.09619714 -0.092772023 -0.088674312 -0.0845766 -0.080478889 -0.084683005 -0.088627488 -0.090201643 -0.091775798 -0.093349953 -0.092559341
-0.0959645 -0.088165786 -0.080367072 -0.072568357 -0.064769643 -0.056970929 -0.063752558 -0.078815042 -0.093877526 -0.10894001 -0.12400249 -0.13906498 -0.11730938 -0.094288671 -0.07126796 -0.048247249 -0.025226538 -0.020896565 -0.031242394 -0.041588223 -0.051934052 -0.062279881 -0.069002929 -0.069345233 -0.070464231 -0.071583229 -0.072702227 -0.073821225 -0.071106649 -0.066620895 -0.062135142 -0.057649388 -0.053163634 -0.05525563 -0.0636728 -0.072089971 -0.080507142 -0.088924313 -0.097176708 -0.10006684 -0.10295697 -0.1058471 -0.10873723 -0.11136918 -0.10767739 -0.10357968 -0.099481968 -0.095384256 -0.091286545 -0.093345765 -0.09491992 -0.096494075 -0.09806823 -0.099642385
-0.080280569 -0.072481855 -0.064683141 -0.056884427 -0.049489959 -0.050467463 -0.057378745 -0.068918453 -0.083980937 -0.099043421 -0.11410591 -0.12916839 -0.10741279 -0.084392082 -0.061371371 -0.03835066 -0.032462437 -0.035216782 -0.04556261 -0.055908439 -0.066254268 -0.069499815 -0.06256806 -0.059506725 -0.059112969 -0.060231967 -0.061350965 -0.062469963 -0.059755387 -0.055269633 -0.05078388 -0.046298126 -0.054309167 -0.062905175 -0.064220152 -0.072523348 -0.080940519 -0.08935769 -0.097610085 -0.10050022 -0.10339035 -0.10628048 -0.10854755 -0.10866714 -0.10497535 -0.10087764 -0.096779928 -0.09297257 -0.10086569 -0.10447979 -0.10605394 -0.1076281 -0.10920225 -0.10080607
-0.064596638 -0.056797924 -0.04899921 -0.043734266 -0.04471177 -0.045689274 -0.052600557 -0.063544091 -0.074487626 -0.089146832 -0.10420932 -0.1192718 -0.097516204 -0.074495493 -0.053139257 -0.049960955 -0.046782653 -0.049536998 -0.059882827 -0.070228656 -0.070040039 -0.063064946 -0.056133191 -0.053071856 -0.05001052 -0.048880705 -0.049999703 -0.051118701 -0.048404125 -0.043918372 -0.039432618 -0.05045853 -0.063095268 -0.071691275 -0.073006253 -0.074321231 -0.081373896 -0.089791067 -0.098043463 -0.10093359 -0.10382373 -0.10572593 -0.10584551 -0.1059651 -0.10227331 -0.098175599 -0.09621347 -0.10410659 -0.11199971 -0.11561381 -0.11718796 -0.11816867 -0.10921284 -0.10025701
-0.048912708 -0.041113993 -0.037978573 -0.038956077 -0.039933581 -0.040911085 -0.047822368 -0.058765902 -0.069709437 -0.080652972 -0.094312727 -0.10937521 -0.087619615 -0.070637776 -0.067459474 -0.064281172 -0.06110287 -0.063857214 -0.074203043 -0.070580263 -0.06360517 -0.056630077 -0.049698322 -0.046636987 -0.043575651 -0.040514316 -0.038648441 -0.039767439 -0.037052864 -0.033971156 -0.046607894 -0.059244631 -0.071881369 -0.080477376 -0.081792354 -0.083107332 -0.084422309 -0.090224445 -0.09847684 -0.10136697 -0.1029043 -0.10302389 -0.10314347 -0.10326306 -0.099571271 -0.099454369 -0.10734749 -0.11524061 -0.12313373 -0.12674783 -0.12657544 -0.11761961 -0.10866378 -0.099707948
-0.033228777 -0.03222288 -0.033200384 -0.034177888 -0.035155392 -0.036132897 -0.043044179 -0.053987714 -0.064931248 -0.075874783 -0.086818318 -0.099478622 -0.088136294 -0.084957992 -0.08177969 -0.078601388 -0.075423086 -0.078095579 -0.071120487 -0.064145394 -0.057170301 -0.050195208 -0.043263453 -0.040202118 -0.037140782 -0.034079447 -0.031018111 -0.028416177 -0.030120519 -0.042757257 -0.055393995 -0.068030732 -0.08066747 -0.089263477 -0.090578455 -0.091893433 -0.09320841 -0.094523388 -0.098910217 -0.10008268 -0.10020226 -0.10032185 -0.10044143 -0.10056102 -0.10269527 -0.11058839 -0.11848151 -0.12637463 -0.13426776 -0.1349822 -0.12602637 -0.11707054 -0.10811472 -0.099158886
-0.038771264 -0.039381075 -0.040358579 -0.041336083 -0.042313588 -0.043291092 -0.040509038 -0.047948333 -0.058891868 -0.069835402 -0.080778937 -0.091722472 -0.10164645 -0.098468147 -0.095289845 -0.092111543 -0.088933241 -0.084089396 -0.077114303 -0.07013921 -0.063164117 -0.056189024 -0.040001487 -0.037495149 -0.034433813 -0.031372478 -0.028311142 -0.025249807 -0.03292574 -0.045562477 -0.058199215 -0.070835953 -0.083428469 -0.095557166 -0.101197 -0.10251198 -0.10382695 -0.10514193 -0.10642127 -0.10654086 -0.10666044 -0.10678003 -0.10689961 -0.10206051 -0.097730066 -0.10562319 -0.11351631 -0.12140943 -0.12930255 -0.13959128 -0.13158581 -0.12262998 -0.11367415 -0.10471832
