P1_models/J1_p1__temp2_slide_120.dat.tif
NCOLS 118
NROWS 92
XLLCORNER 139.62
YLLCORNER -39.07
DX 0.099491525
DY 0.099347826
NODATA_VALUE -9999
[rows 27 to 53 of 92, columns 0 to 59 of 118]
-9999 839.30654 835.03166 829.54237 816.82115 804.09994 791.37872 782.6677 778.58496 774.50222 770.41948 768.0655 766.18592 766.19911 770.00267 773.80623 777.60979 778.18249 777.45985 781.01115 794.42261 807.83406 814.59024 820.53187 826.4735 838.41983 866.46026 894.50068 922.5411 936.41569 944.58276 949.71428 948.99423 948.27418 947.5669 946.86 946.15311 946.1067 947.00521 947.90372 948.80223 954.60773 960.88187 966.56995 971.83671 977.10348 980.8838 975.79193 970.70006 962.55069 953.87289 945.1951 944.79492 953.55515 960.16385 959.31995 958.47605 957.63215 963.07834 969.66894
-9999 845.09196 837.10257 824.38135 811.66014 798.93892 786.21771 777.50669 773.42395 769.34121 765.25847 761.17573 758.16961 758.1828 761.98636 765.78992 769.59348 773.39704 775.21332 778.76462 790.93827 796.8799 802.82154 808.76317 814.7048 826.65113 854.69156 882.73198 910.7724 938.81282 957.72542 962.85694 962.13984 961.43294 960.72605 960.01915 959.31226 959.26585 960.16436 961.06287 961.96138 962.85989 967.41684 973.10492 978.37169 983.63845 988.90522 994.17199 989.77949 981.63012 972.95233 964.27453 955.59674 951.88737 958.49608 957.65218 956.80828 955.96437 955.12047 959.15583
-9999 845.97656 833.25534 820.53413 807.81291 795.0917 782.37048 773.28851 769.20577 765.12303 761.04029 756.95755 752.87481 752.06264 755.8662 759.66976 763.47333 767.27689 771.08045 775.53053 781.47216 787.4138 793.35543 799.29707 805.2387 817.15586 845.19628 873.2367 901.27713 929.31755 957.35797 975.57925 974.87235 974.16546 973.45856 972.75166 972.04477 970.3149 971.21341 972.11193 973.01044 973.90895 974.80746 978.35102 983.61778 988.88455 994.15132 999.41808 1004.6849 998.83322 990.15543 981.47764 972.79984 964.12205 958.72496 957.88106 957.03716 956.19326 955.34936 954.50546
-9999 852.94486 840.22364 827.50243 814.78121 802.06 793.98222 784.41337 772.74932 768.66657 764.58383 760.50109 756.41835 756.51565 764.9837 769.15938 772.96295 776.76651 780.57007 785.02015 790.96178 796.90342 802.84505 808.78669 825.1584 843.93253 856.26341 882.45703 910.49745 938.53787 966.57829 984.79957 984.09268 983.38578 982.67888 981.97199 976.93012 970.77382 964.89151 965.79002 966.68853 967.58704 968.48556 972.3854 978.25342 983.52019 988.78696 994.05372 999.32049 997.80072 991.91198 983.23419 974.5564 965.87861 961.60805 972.60364 972.87997 972.03607 971.19217 970.34827
-9999 859.91315 847.19194 834.47072 822.76315 815.19788 807.63261 798.06376 786.18251 774.30127 768.12738 764.04464 759.9619 760.05919 768.52725 776.9953 782.45257 786.25613 790.05969 794.50977 800.4514 806.39304 812.33467 832.89263 854.07073 872.84486 885.17574 897.50662 919.71777 947.7582 975.79862 994.0199 993.313 992.6061 991.60577 985.48485 979.36393 973.20763 967.00074 960.79384 960.36663 961.26514 962.16365 966.0635 972.12096 978.15583 983.4226 988.68936 993.95613 992.43636 989.74369 984.99075 976.31295 967.63516 963.36461 974.3602 985.35579 987.87888 987.03497 986.19107
-9999 866.88145 854.16024 843.97881 836.41354 828.84827 821.283 811.71415 799.8329 787.95166 776.07041 767.58819 763.50545 763.60274 772.0708 780.53885 789.00691 795.74575 799.54931 803.99939 809.94102 819.44877 840.62687 861.80497 882.98306 901.75719 914.08807 926.41895 938.74982 956.97852 985.01894 1003.2402 1002.5333 1000.1605 994.03958 987.91866 981.79774 975.64144 969.43455 963.22765 957.02075 954.94324 955.84175 959.74159 965.79905 971.85652 977.91398 983.325 988.59177 987.072 984.37934 981.68667 978.06951 969.39171 965.12116 976.11675 987.11234 998.10793 1002.8778 1002.0339
-9999 873.84975 865.19447 857.6292 850.06393 842.49866 834.93339 825.36454 813.48329 801.60205 789.7208 777.83956 767.04899 767.14629 775.61434 784.0824 792.55045 801.01851 809.03893 813.48901 827.183 848.3611 869.5392 890.7173 911.89539 930.66952 943.0004 955.33128 967.66216 979.99303 994.23926 1012.4605 1008.7152 1002.5943 996.47339 990.35247 984.23155 978.07525 971.86836 965.66146 959.45456 953.24766 949.51984 953.41969 959.47715 965.53461 971.59208 977.64954 983.22741 981.70764 979.01498 976.32231 973.62964 970.93697 966.87771 977.8733 988.8689 999.86449 1010.8601 1017.8767
-9999 887.57052 880.00525 872.43998 864.8747 857.30943 849.74416 832.42045 820.09869 808.21744 796.33619 784.45495 772.5737 776.45637 789.20338 797.67144 806.13949 814.60755 823.0756 835.38698 856.56508 877.74318 898.92128 920.09937 941.27747 950.22213 961.47568 973.80656 986.13744 998.46832 1010.7992 1016.8275 1010.7066 1004.5857 998.46478 992.34386 986.22294 981.81426 975.55605 969.34915 963.14225 956.93535 950.72845 947.00841 953.06587 959.12333 965.1808 971.23826 977.29572 980.08758 977.39491 974.70225 972.00958 969.31691 967.93566 977.0915 988.08709 999.08268 1010.0783 1021.0739
-9999 904.29507 896.7298 889.16453 881.59926 872.87475 861.28741 843.8191 819.5634 803.23018 791.34893 779.46769 767.58644 771.46911 806.91993 827.82825 836.29631 844.76436 853.23242 865.5438 886.7219 907.89999 929.07809 949.12541 953.12232 958.00107 965.24338 975.06828 987.39916 999.73004 1012.0609 1018.0893 1011.9683 1005.8474 999.7265 994.36052 992.53864 988.582 981.57128 975.10485 968.89795 962.69105 956.48415 951.62235 947.72751 952.56465 958.62211 964.67958 970.73704 977.1291 981.95023 979.25756 976.56489 973.87222 972.49098 975.65232 983.11884 994.11443 1005.11 1016.1056
-9999 921.01963 913.45436 905.88909 895.86074 884.2734 872.68606 855.21775 830.96205 806.70634 786.36167 774.48043 762.59918 766.48185 801.93267 837.38349 866.45312 874.92118 883.38923 895.70062 916.87871 938.05681 952.90744 956.90435 960.90126 965.78 973.02231 980.26462 988.66087 1000.9918 1013.3226 1019.351 1013.2301 1007.1091 1002.9501 1001.1283 999.30639 995.34975 988.33903 981.32831 974.65364 968.44674 962.23984 957.37804 953.48321 949.58838 952.06343 958.12089 964.17835 970.57042 977.02031 983.47021 981.12021 978.42754 977.04629 980.20763 983.36898 989.14617 1000.1418 1011.1374
-9999 937.74419 930.17892 918.84673 907.25939 895.67205 884.08472 866.61641 842.3607 818.10499 793.84928 769.59357 757.61192 761.49459 796.94541 832.39623 867.84705 903.29787 913.54605 925.85743 947.03553 956.68947 960.68638 964.68328 968.68019 973.55894 980.80125 988.04356 995.28586 1002.5282 1014.5843 1020.6127 1014.4918 1011.5398 1009.7179 1007.896 1006.0741 1002.1175 995.10677 988.09605 981.08533 974.20244 967.99554 963.13374 959.2389 955.34407 951.44924 951.56221 957.61967 964.01174 970.46163 976.91152 983.36142 982.98285 981.6016 984.76295 987.92429 991.08563 995.17351 1006.1691
-9999 953.42005 941.83272 930.24538 918.65804 907.0707 895.48337 878.01506 853.75935 829.50364 805.24793 780.99223 756.73652 756.50733 791.95815 827.40897 862.85979 898.31061 933.76143 956.01425 960.4715 964.46841 968.46531 972.46222 976.45912 981.33787 988.58018 995.82249 1003.0648 1010.3071 1017.5494 1021.9513 1020.1294 1018.3075 1016.4856 1014.6638 1012.8419 1008.8852 1001.8745 994.8638 987.85308 980.84236 973.83163 968.88943 964.9946 961.09977 957.20494 953.3101 951.06099 957.45305 963.90294 970.35284 976.80273 983.25263 986.15692 989.31826 992.4796 995.64095 998.80229 1001.9636
-9999 956.49456 944.90722 933.31989 921.73255 910.14521 905.53882 896.31375 872.05804 847.80234 823.54663 799.29092 780.3801 780.61394 803.67082 839.12164 874.57246 910.02328 945.4741 971.41373 975.41064 979.40754 983.40445 987.40136 987.66231 984.29248 998.73961 1005.9819 1013.2242 1020.4665 1027.7088 1031.8551 1030.0332 1028.2114 1026.3895 1024.5676 1018.3679 1007.4183 1000.4075 993.39681 986.38609 979.37537 972.96403 971.6601 969.77744 965.88261 961.98778 958.09294 954.19811 959.12361 965.57351 972.0234 978.47329 986.12298 998.86692 1002.0283 1005.1896 1008.3509 1011.5123 1007.1783
-9999 956.75373 945.16639 933.57906 921.99172 922.37291 926.17121 916.94613 892.69043 868.43472 844.17901 830.63984 822.95453 823.18838 839.2808 856.48246 891.93328 927.3841 962.83492 988.77455 992.77145 996.76836 1000.7653 996.41413 985.16263 981.79281 999.54783 1016.9465 1024.1888 1031.4311 1038.6734 1042.8197 1040.9978 1039.1759 1037.354 1027.8186 1014.1158 1003.1662 996.15545 989.14473 982.134 976.01977 970.15594 968.85201 970.82614 970.33641 966.44158 962.54675 958.65192 963.57742 970.02731 976.47721 986.08063 1001.591 1014.3349 1017.4963 1020.6576 1023.819 1016.2769 1004.5607
-9999 957.0129 945.42556 935.40871 939.207 943.0053 946.80359 937.57852 913.32281 889.0671 880.89958 873.21427 865.52896 865.76281 881.85523 897.94765 914.04007 944.74492 980.19574 1006.1354 1010.1323 1014.1292 1005.1659 993.91445 982.66296 979.29313 997.04815 1014.8032 1032.5582 1042.3956 1049.6379 1053.7842 1051.9623 1050.1405 1037.2694 1023.5665 1009.8637 998.91408 991.90336 984.93933 979.07551 973.21168 967.34786 966.04393 968.01805 969.99217 970.89539 967.00056 963.10573 968.03123 974.48112 986.03828 1001.5487 1017.059 1029.803 1032.9643 1036.1257 1025.3755 1013.6593 1001.9431
-9999 957.27207 952.2428 956.0411 959.83939 963.63768 967.43597 958.2109 938.84464 931.15933 923.47401 915.7887 908.10339 908.33724 924.42966 940.52208 956.6145 972.70693 997.55655 1023.4962 1025.1693 1013.9178 1002.6663 991.41478 980.16328 976.79345 994.54847 1012.3035 1030.0585 1047.8135 1060.6025 1064.7488 1060.423 1046.7202 1033.0173 1019.3145 1005.6116 994.662 987.99507 982.13124 976.26742 970.40359 964.53977 963.23584 965.20996 967.18408 969.1582 971.13232 967.55953 972.48503 985.99593 1001.5063 1017.0167 1032.5271 1045.271 1046.1903 1034.4741 1022.7579 1011.0417 999.32553
-9999 969.40416 973.20245 977.00075 980.79904 984.59733 988.39562 984.49399 976.80868 969.12337 961.43806 953.75274 946.06743 945.18941 961.28183 977.37426 993.46668 1009.5591 1025.6515 1033.4756 1022.2241 1010.9726 999.72106 988.46957 977.21807 972.86436 990.61938 1008.3744 1026.1294 1043.8844 1061.6395 1068.6495 1054.9467 1041.2438 1027.541 1013.8381 1000.1353 992.48117 986.61734 980.75352 974.88969 969.02587 963.16204 962.33946 964.31359 966.28771 968.26183 970.23595 972.21007 985.20535 1000.7157 1016.2261 1031.7365 1047.2468 1057.1381 1045.4219 1033.7057 1021.9895 1010.2734 998.55716
-9999 992.83207 996.63036 1000.4287 1004.2269 1008.0252 990.90286 980.48036 980.00092 972.31561 964.63029 956.94498 949.25967 947.0121 955.65394 971.06884 987.16126 1003.2537 1019.3461 1027.1701 1015.9186 1004.6671 993.41565 982.16415 975.92718 973.99314 977.71345 993.66458 1011.4196 1029.1746 1046.9296 1053.9397 1040.2368 1026.534 1012.8311 999.12829 988.46452 986.67649 996.02748 990.16366 984.29983 978.43601 972.57218 973.24353 977.83546 979.80958 981.7837 983.75782 985.73194 996.06193 1009.7923 1025.3027 1040.8131 1056.3234 1066.5069 1058.2384 1046.8843 1035.1681 1023.4519 1011.7358
-9999 1016.26 1020.0583 1023.8566 1022.8845 1003.742 984.59955 974.17706 973.81856 973.46007 967.82253 960.13722 952.4519 950.20434 958.84617 967.48801 980.85585 996.94827 1013.0407 1020.8647 1009.6132 998.36173 987.11023 982.85362 978.80996 976.87592 980.59623 984.31654 996.70978 1014.4648 1032.2198 1039.2299 1025.527 1011.8242 998.36534 988.40674 978.44815 976.66012 986.56124 996.46236 993.70997 987.84615 981.98233 982.65367 988.02307 993.33145 995.30557 997.2797 999.25382 1009.5838 1021.3579 1034.3793 1049.8896 1065.4 1075.5834 1067.315 1059.0465 1048.3467 1036.6305 1024.9143
-9999 1039.6879 1043.4862 1035.7237 1016.5812 997.43875 978.29625 967.87376 967.51526 967.15676 966.79827 963.32945 955.64414 953.39657 962.03841 970.68024 979.32208 990.64285 1006.7353 1014.5593 1003.3078 993.82374 989.78007 985.7364 981.69273 979.7587 983.47901 987.19932 990.91962 999.75499 1017.51 1024.52 1010.8172 998.30756 988.34896 978.39037 968.43177 966.64374 976.54486 986.44599 996.34711 997.25629 991.39247 992.06381 997.43322 1002.8026 1008.172 1010.8016 1012.7757 1023.1057 1034.8798 1046.6539 1058.9662 1074.4766 1084.66 1076.3916 1068.1231 1059.8547 1049.8091 1038.0929
-9999 1063.1158 1048.5629 1029.4204 1010.2779 991.13544 971.99295 961.57045 961.21196 960.85346 960.49497 960.13647 958.83638 956.58881 965.23064 973.87248 982.51431 991.15614 1000.4299 1008.2539 1000.7502 996.70651 992.66285 988.61918 984.57551 982.64148 986.36179 990.08209 993.8024 997.52271 1002.8002 1009.8102 998.24978 988.29118 978.33259 968.37399 958.4154 956.62737 966.52849 976.42961 986.33073 996.23185 1000.8026 1001.474 1006.8434 1012.2128 1017.5822 1022.9516 1026.2976 1036.6276 1048.4017 1060.1758 1071.9499 1083.724 1093.7366 1085.4682 1077.1997 1068.9312 1060.6628 1051.2715
-9999 1056.4761 1037.3336 1018.1911 999.04859 979.90609 960.7636 964.25408 963.89558 963.53708 963.17859 962.82009 962.4616 963.14876 968.73057 977.37241 986.01424 994.65607 1003.2979 1008.1038 1004.0602 1000.0165 995.97283 991.92917 987.8855 978.25035 980.43102 984.15133 987.87164 991.59194 995.31225 994.36029 984.4017 974.4431 964.48451 954.52591 944.56732 955.44431 965.34543 975.24656 985.14768 995.0488 1004.2042 1007.0434 1012.4128 1017.7822 1023.1516 1028.521 1033.8904 1044.7207 1056.4949 1068.269 1080.0431 1091.8172 1092.8868 1084.6184 1076.3499 1068.0815 1059.813 1052.1079
-9999 1037.4181 1018.2756 999.13308 979.99058 969.91268 977.38368 981.22004 980.86154 980.50304 980.14455 981.25777 987.92663 989.62695 981.37744 981.36133 990.00317 998.645 1007.2868 1012.0928 1008.0491 1004.0054 999.96176 994.56889 979.02665 966.92999 964.06835 964.21376 967.93407 971.65438 975.37469 974.42273 964.46414 954.50554 944.54694 940.25587 955.34485 968.29948 978.2006 988.10172 998.00284 1004.4435 1004.8864 1007.6359 1012.0436 1017.248 1022.6174 1027.9868 1033.3562 1044.1865 1055.9606 1067.7347 1079.5088 1079.0256 1076.2618 1067.9933 1059.7248 1051.4564 1045.5658 1044.7756
-9999 1018.3601 999.21757 980.07508 979.40765 986.87864 994.34964 998.18599 997.8275 997.469 1001.0671 1007.7359 1014.4048 1016.1051 1007.8556 999.60612 993.99209 1002.6339 1011.2758 1016.0817 1012.038 1007.9944 998.79077 983.24853 967.7063 955.60964 952.74799 949.88635 947.99651 951.71682 955.43713 954.48517 944.52657 934.56798 938.02205 953.11103 968.20002 981.15465 991.05577 1000.9569 1004.6828 1005.1257 1005.5686 1008.3181 1012.7257 1017.1334 1022.0831 1027.4525 1032.8219 1043.6522 1055.4263 1064.75 1063.5752 1062.4005 1059.6367 1051.3682 1043.0998 1039.0238 1038.2335 1037.4433
-9999 999.30206 981.43161 988.90261 996.37361 1003.8446 1011.3156 1015.152 1014.7935 1020.8764 1027.5453 1034.2141 1040.883 1042.5833 1034.3338 1026.0843 1017.8348 1009.5853 1015.2647 1020.0706 1016.0269 1003.0126 987.47041 971.92818 956.38594 944.28929 941.42764 938.56599 935.70435 932.8427 935.49956 934.5476 924.58901 935.78823 950.87721 965.9662 981.05519 994.00981 1003.9109 1004.9221 1005.365 1005.8079 1006.2508 1009.0003 1013.4079 1017.8156 1022.2232 1026.9182 1032.2876 1043.1179 1049.2996 1048.1249 1046.9502 1045.7754 1043.0116 1034.7431 1032.4817 1031.6914 1030.9012 1030.111
-9999 990.92657 998.39757 1005.8686 1013.3396 1020.8106 1028.2816 1034.0168 1040.6857 1047.3546 1054.0234 1060.6923 1067.3612 1069.0615 1060.812 1052.5625 1044.313 1036.0635 1027.814 1022.7768 1007.2345 991.69229 976.15006 960.60782 945.06559 932.96893 930.10729 927.24564 924.38399 921.52235 918.6607 918.46542 933.55441 948.6434 963.73238 978.82137 993.91035 1004.7184 1005.1614 1005.6043 1006.0472 1006.4901 1006.933 1009.6825 1014.0901 1018.4978 1022.9054 1027.3131 1031.7533 1033.8492 1032.6745 1031.4998 1030.3251 1029.1504 1026.7299 1025.9396 1025.1494 1024.3591 1023.5689 1022.7786
-9999 998.09435 1005.5653 1013.0363 1020.5073 1027.9783 1034.6013 1040.9409 1047.6098 1054.2786 1060.9475 1067.6164 1067.8193 1066.4228 1072.578 1064.3285 1056.079 1047.8295 1039.58 1029.1252 1013.583 998.04078 982.49854 966.95631 958.59483 955.77361 940.09176 937.23012 934.36847 931.50682 928.64518 931.91488 947.00387 962.09285 977.18184 992.27082 1004.6275 1010.5289 1010.9718 1011.4147 1011.8576 1012.3005 1011.9738 1011.8357 1014.2704 1018.6781 1023.0857 1027.4934 1031.901 1031.5489 1030.3742 1029.1995 1028.0248 1027.5606 1028.5494 1027.7591 1026.9689 1026.1786 1025.3884 1035.8425
