P1_models/J1_p1_tot_conduct_slide_29.85.dat.tif
NCOLS 118
NROWS 92
XLLCORNER 139.62
YLLCORNER -39.07
DX 0.099491525
DY 0.099347826
NODATA_VALUE -9999
[rows 52 to 77 of 92, columns 57 to 113 of 118]
-2.5887391 -2.5443261 -2.6161811 -2.6956684 -2.8265783 -2.9283508 -3.0278423 -3.0658108 -3.0866513 -2.9836334 -2.8880387 -2.7518924 -2.6425448 -2.5762171 -2.5961254 -2.7177261 -2.9462354 -3.2391827 -3.5705122 -3.9003144 -4.0661336 -4.1875532 -4.077007 -3.8839242 -3.5269252 -3.1570772 -2.7659243 -2.5171673 -2.2834605 -2.2780044 -2.3389762 -2.4992681 -2.6540481 -2.8354099 -2.9210624 -3.0001093 -3.0059617 -3.0298312 -3.0415361 -3.1034204 -3.1959016 -3.3380975 -3.4755094 -3.6101156 -3.7163141 -3.7748386 -3.797695 -3.8157847 -3.8430093 -3.8946664 -3.9648957 -4.035125 -4.0942794 -4.0805487 -3.9785602 -3.8205443 -3.5929122
-2.7329497 -2.7782815 -2.9241272 -3.037379 -3.172692 -3.231791 -3.3070801 -3.2478757 -3.2327987 -3.0569577 -2.9407272 -2.7955926 -2.6863427 -2.6476596 -2.6807434 -2.8226065 -3.0520651 -3.3450124 -3.6696969 -3.9452046 -4.0163782 -4.0996268 -3.8881973 -3.6326151 -3.2121712 -2.800687 -2.3959387 -2.1727325 -1.9590999 -1.9929528 -2.1650707 -2.3989878 -2.6061139 -2.8107926 -2.8910122 -2.9615994 -2.8902796 -2.8980114 -2.8700521 -2.8845286 -2.9694925 -3.1233689 -3.2735309 -3.4224349 -3.5276842 -3.5690588 -3.5309481 -3.5191702 -3.4849314 -3.5261465 -3.606217 -3.7664613 -3.8698168 -4.0110383 -3.9498686 -3.8419464 -3.5980332
-2.868395 -3.0517666 -3.2562769 -3.411788 -3.5531707 -3.5845832 -3.6107651 -3.5074206 -3.4024017 -3.2127886 -3.0418022 -2.90082 -2.804244 -2.7805132 -2.8548807 -3.0151726 -3.2638586 -3.5568059 -3.8361514 -4.0926013 -4.1259752 -4.1019215 -3.8458546 -3.4722075 -2.9923072 -2.5224193 -2.0857621 -1.8651713 -1.6865323 -1.7977287 -2.0285421 -2.3104348 -2.5904957 -2.8362983 -2.9187296 -2.9724831 -2.8672536 -2.7909575 -2.7265806 -2.6937745 -2.7581514 -2.9059504 -3.0660271 -3.2192677 -3.3240085 -3.3532707 -3.2955948 -3.2253655 -3.167953 -3.1717388 -3.2595254 -3.450748 -3.649731 -3.8526644 -3.938667 -3.8742902 -3.6287465
-3.2353823 -3.463052 -3.73389 -3.8848695 -3.9903011 -3.9844715 -3.922055 -3.7735135 -3.6010974 -3.3892047 -3.2007587 -3.0907944 -3.0095629 -3.064836 -3.1690782 -3.3956977 -3.6535501 -3.9608204 -4.2122907 -4.4303839 -4.3806382 -4.3006172 -3.919233 -3.489967 -2.8754605 -2.3773999 -1.8870664 -1.6824996 -1.5209525 -1.7084775 -1.9820595 -2.368971 -2.6806752 -2.9820084 -3.0494046 -3.0850773 -2.909504 -2.7951869 -2.6254661 -2.5596884 -2.5727021 -2.7137714 -2.8673315 -3.0253474 -3.1304005 -3.1421054 -3.0626587 -2.9538148 -2.8612678 -2.8482895 -2.9536334 -3.1810113 -3.4510354 -3.7555587 -3.9019064 -3.9194637 -3.6512284
-3.5858516 -3.9012042 -4.1667613 -4.3342246 -4.3969501 -4.3582034 -4.2219301 -3.9796895 -3.7736536 -3.5586395 -3.3597152 -3.2600729 -3.234389 -3.3162747 -3.4932521 -3.7538171 -4.0572022 -4.3706148 -4.6085951 -4.7779202 -4.7216599 -4.5432041 -4.135981 -3.5692191 -2.9134533 -2.375226 -1.842948 -1.6252315 -1.5033258 -1.7295972 -2.0558711 -2.4736812 -2.8670934 -3.18563 -3.2633901 -3.2464396 -3.0527917 -2.7996362 -2.577743 -2.4666014 -2.4148394 -2.5429526 -2.6930199 -2.8574488 -2.9769802 -3.000635 -2.9287457 -2.801152 -2.6823765 -2.6606663 -2.7631723 -2.9885113 -3.3174759 -3.6982906 -3.9110006 -3.9500649 -3.6993371
-3.9897284 -4.2901083 -4.5498917 -4.6633243 -4.699979 -4.5881931 -4.4258649 -4.1806243 -3.9153136 -3.705596 -3.5223497 -3.4753845 -3.4798418 -3.6189341 -3.8295075 -4.1224548 -4.4233192 -4.7383757 -4.9310169 -5.0813475 -4.9484642 -4.7454605 -4.2681911 -3.6984292 -2.9902836 -2.4020009 -1.8603249 -1.6772844 -1.5621924 -1.8548146 -2.2277335 -2.6865 -3.0709123 -3.4103539 -3.4255876 -3.3972866 -3.078154 -2.7874113 -2.5006416 -2.311989 -2.2417597 -2.3818729 -2.5435603 -2.745985 -2.8745494 -2.909664 -2.8638116 -2.7350578 -2.6075551 -2.5638475 -2.663339 -2.9056864 -3.2451281 -3.6427542 -3.9290503 -3.9934272 -3.6927313
-4.2347863 -4.5300118 -4.7511041 -4.8474601 -4.839066 -4.7105557 -4.5119663 -4.2611476 -3.9881686 -3.7976696 -3.6283207 -3.6178479 -3.6387983 -3.8156722 -4.0376004 -4.3471296 -4.6405905 -4.9370714 -5.1084559 -5.2270576 -5.0778203 -4.8646778 -4.3616929 -3.7829345 -3.0631387 -2.4839784 -1.9596727 -1.7999787 -1.7079026 -2.03976 -2.4354158 -2.9218188 -3.2991147 -3.6090496 -3.5709461 -3.4833881 -3.0737171 -2.741003 -2.3488894 -2.1359881 -2.0430641 -2.2111396 -2.3978502 -2.6787674 -2.84015 -2.9571989 -2.9315757 -2.8277825 -2.6912352 -2.6419345 -2.7063114 -2.9384849 -3.2649977 -3.6713505 -3.9624132 -4.0443474 -3.7305688
-4.2187936 -4.5095464 -4.7256186 -4.808837 -4.7983642 -4.672994 -4.4745537 -4.2486631 -3.9759562 -3.8183145 -3.6591748 -3.6526233 -3.6817379 -3.8417301 -4.0525493 -4.3388615 -4.6170771 -4.9024218 -5.0548182 -5.168796 -5.028929 -4.8183217 -4.3480117 -3.7920427 -3.1064681 -2.5727567 -2.0657449 -1.9562831 -1.8807992 -2.2280587 -2.6174331 -3.0844203 -3.4230195 -3.7042316 -3.5723631 -3.4476895 -2.9557243 -2.5516914 -2.1397523 -1.930211 -1.8376922 -2.0883859 -2.3033912 -2.6849413 -2.9026283 -3.0796751 -3.1293959 -3.0428062 -2.9026193 -2.8383041 -2.8783135 -3.0501879 -3.3618113 -3.7291911 -4.0296379 -4.1013403 -3.7751439
-4.0449385 -4.3163725 -4.5264101 -4.6092645 -4.5987917 -4.4912258 -4.3167255 -4.1410979 -3.908951 -3.7569595 -3.6386314 -3.633395 -3.6554915 -3.8047288 -3.9753827 -4.2296388 -4.4599829 -4.7156286 -4.8466032 -4.9653394 -4.8271568 -4.6418072 -4.188568 -3.7271804 -3.0892641 -2.5814451 -2.1459278 -2.0588091 -2.0466974 -2.4036964 -2.788962 -3.2366739 -3.5125775 -3.7291178 -3.5831167 -3.3380808 -2.8230659 -2.3215261 -1.8825929 -1.6812689 -1.6314047 -1.9329679 -2.2380579 -2.6594337 -3.0423046 -3.2822548 -3.3552582 -3.3237721 -3.178597 -3.091326 -3.1030309 -3.2584705 -3.5004445 -3.8337698 -4.0932869 -4.1518113 -3.8187671
-3.5768099 -3.8401902 -4.0668098 -4.1667011 -4.2243014 -4.1488267 -4.0650443 -3.9390484 -3.769864 -3.6378912 -3.5392835 -3.5016127 -3.5031582 -3.5643734 -3.6954835 -3.8391934 -4.039776 -4.238759 -4.3798402 -4.5149626 -4.4197551 -4.2709086 -3.9242947 -3.5309001 -3.0296554 -2.5537568 -2.2055365 -2.1410416 -2.1592916 -2.5036034 -2.8816867 -3.2525 -3.4776969 -3.6032773 -3.4178226 -3.1128924 -2.5657201 -2.0433522 -1.6387664 -1.4712202 -1.5121873 -1.9007679 -2.277797 -2.8003392 -3.2386437 -3.5780854 -3.6755718 -3.6814242 -3.5129858 -3.4146451 -3.3561207 -3.4764338 -3.6461546 -3.9255546 -4.1595188 -4.1890216 -3.8585101
-3.0214693 -3.3042894 -3.5451866 -3.7210561 -3.8026275 -3.8386846 -3.7764356 -3.7147759 -3.5814962 -3.4785361 -3.3626002 -3.2661924 -3.2101955 -3.18204 -3.2172378 -3.3105485 -3.4472999 -3.6326431 -3.7817533 -3.9419139 -3.9611537 -3.869214 -3.6411063 -3.3143568 -2.8841164 -2.5643471 -2.2328336 -2.2074764 -2.2245748 -2.5563464 -2.8413755 -3.169413 -3.35294 -3.4399467 -3.1787864 -2.8742052 -2.3567853 -1.8456936 -1.4864822 -1.4770156 -1.54068 -2.0261954 -2.4713187 -3.0801146 -3.5525423 -3.9001638 -4.0035237 -4.0067648 -3.7967829 -3.6643191 -3.5722929 -3.5826019 -3.7410894 -3.965098 -4.1651797 -4.1847319 -3.8791436
-2.4803715 -2.755717 -3.0155004 -3.2072663 -3.348649 -3.4184745 -3.4453171 -3.4299353 -3.3746622 -3.2766396 -3.1709553 -3.0557545 -2.9324492 -2.8495395 -2.7842523 -2.8008342 -2.8669376 -2.99689 -3.1458213 -3.3151893 -3.3538805 -3.373714 -3.2023674 -3.0352843 -2.7075476 -2.4414123 -2.2124908 -2.2131452 -2.2563303 -2.5431 -2.818216 -3.1001087 -3.2225704 -3.2518326 -2.9782949 -2.6539298 -2.1506197 -1.7409884 -1.4483663 -1.4723562 -1.6562693 -2.1826473 -2.7328694 -3.3649332 -3.8846648 -4.2416638 -4.3276759 -4.2942983 -4.0508073 -3.8551309 -3.7205248 -3.7172034 -3.797749 -3.992006 -4.1346113 -4.1404637 -3.8323972
-2.1113515 -2.3850158 -2.6558538 -2.8554945 -3.0282956 -3.11509 -3.193636 -3.2026537 -3.1759666 -3.068326 -2.95239 -2.786179 -2.6277825 -2.4449196 -2.3350459 -2.2466089 -2.2825858 -2.3544408 -2.5129569 -2.6992328 -2.8034897 -2.883598 -2.8338985 -2.7515278 -2.5684606 -2.3286121 -2.1793748 -2.1881219 -2.2430839 -2.4970647 -2.7519842 -2.969529 -3.067029 -3.0730065 -2.8244668 -2.5413356 -2.1196995 -1.7674812 -1.6259004 -1.7080529 -2.0006751 -2.5533462 -3.1236375 -3.7343608 -4.2406293 -4.5156941 -4.565222 -4.459878 -4.1494234 -3.927986 -3.729322 -3.7037964 -3.7447635 -3.9112752 -4.0418867 -4.0363913 -3.7371105
-2.032011 -2.2898234 -2.540419 -2.7217083 -2.8808318 -2.9638693 -3.0361505 -3.0194338 -3.0072006 -2.8721883 -2.7389241 -2.5263674 -2.3241291 -2.0908761 -1.9088657 -1.7936379 -1.778266 -1.8420712 -2.009138 -2.1882179 -2.3761709 -2.506491 -2.5450362 -2.5109257 -2.3812879 -2.2804371 -2.1417734 -2.1748755 -2.2267668 -2.4623861 -2.6631602 -2.8686739 -2.9757901 -2.9796304 -2.8284957 -2.5537395 -2.2897285 -1.9882529 -1.9068622 -2.1241853 -2.42582 -2.9426071 -3.5123686 -4.0247304 -4.5010714 -4.7086356 -4.5977134 -4.4819215 -4.1221263 -3.847566 -3.6387964 -3.5803866 -3.6200098 -3.782036 -3.8959032 -3.8923478 -3.6285393
-2.1525979 -2.3915626 -2.6126548 -2.7472083 -2.8676454 -2.9087244 -2.9506155 -2.9112743 -2.8670559 -2.7222162 -2.5673208 -2.3427228 -2.1100856 -1.8503022 -1.6275106 -1.4672187 -1.4119182 -1.4395547 -1.5896065 -1.7553934 -1.9501864 -2.1357084 -2.2130907 -2.2582518 -2.2055798 -2.1613067 -2.094979 -2.1476222 -2.2178695 -2.422705 -2.6212616 -2.8147174 -2.9207031 -2.9382604 -2.8126442 -2.6380774 -2.4353032 -2.2862054 -2.2920579 -2.5193592 -2.8705057 -3.3644564 -3.87758 -4.3291148 -4.6640749 -4.7869762 -4.6317061 -4.4093133 -4.025599 -3.6988486 -3.4764558 -3.4313504 -3.4606126 -3.6261365 -3.7378261 -3.7378261 -3.4784523
-2.5798805 -2.7962765 -2.9239447 -3.0102808 -3.0199787 -3.0039752 -2.9506155 -2.8699294 -2.7809544 -2.6191748 -2.4547266 -2.2400343 -2.0109991 -1.756743 -1.5268902 -1.334755 -1.2510073 -1.2276127 -1.3550066 -1.4772194 -1.6540933 -1.831113 -1.9637684 -2.040037 -2.0797393 -2.0782166 -2.0751094 -2.1538382 -2.2443622 -2.4491977 -2.6460264 -2.8284275 -2.950723 -3.0044923 -2.9423942 -2.8235267 -2.7240351 -2.6107417 -2.6876221 -2.9200947 -3.2546507 -3.6630962 -4.1160148 -4.408637 -4.703814 -4.6806515 -4.4630493 -4.1841249 -3.78567 -3.4537907 -3.2598629 -3.2383424 -3.2950329 -3.48433 -3.6053623 -3.6053623 -3.3562098
-3.0937519 -3.2854867 -3.3702402 -3.3738315 -3.292737 -3.1911491 -3.0362348 -2.848946 -2.7320806 -2.5679139 -2.4031034 -2.192994 -2.011818 -1.7675813 -1.5648177 -1.3644408 -1.262261 -1.1697832 -1.2466805 -1.2817919 -1.4586657 -1.5874173 -1.7240655 -1.8755106 -1.9572986 -1.9872166 -2.0789225 -2.1818745 -2.331826 -2.5366615 -2.7334902 -2.9140362 -3.0453224 -3.1154477 -3.0608869 -3.0307513 -2.9358437 -2.9422893 -3.0221366 -3.252341 -3.5156179 -3.7815817 -4.1846018 -4.45592 -4.5259599 -4.4606325 -4.2109117 -3.8923909 -3.5430613 -3.214921 -3.0565332 -3.065596 -3.1880993 -3.4102068 -3.5425797 -3.5490796 -3.3064924
-3.5827446 -3.7180134 -3.7345953 -3.6352374 -3.4833819 -3.2819253 -3.0777059 -2.8865039 -2.7041028 -2.5572245 -2.4144705 -2.2596752 -2.1002205 -1.8901828 -1.6762321 -1.4661944 -1.2907373 -1.1636093 -1.1498287 -1.1409519 -1.2579923 -1.3985255 -1.5532901 -1.7233222 -1.8696333 -2.0214104 -2.1485384 -2.3086469 -2.4666956 -2.6715311 -2.858561 -3.0354348 -3.1667209 -3.26036 -3.2664137 -3.2499771 -3.2231263 -3.2276926 -3.3037743 -3.4388074 -3.6670526 -3.884462 -4.1091206 -4.2281011 -4.2597512 -4.1368499 -3.8880072 -3.5661228 -3.2573427 -3.0085656 -2.9032216 -2.9941433 -3.1404544 -3.3774811 -3.5405513 -3.5581086 -3.3174779
-3.8791993 -3.9943366 -3.9465373 -3.8129475 -3.5893529 -3.3513243 -3.0909522 -2.886507 -2.6908564 -2.583267 -2.4608328 -2.3822869 -2.2502404 -2.1010031 -1.8890117 -1.6582669 -1.4377914 -1.2364643 -1.1778414 -1.07472 -1.1410477 -1.2605391 -1.4595221 -1.6622978 -1.9093724 -2.114394 -2.3141182 -2.5089392 -2.691884 -2.889044 -3.0645364 -3.2082464 -3.3389238 -3.4325629 -3.4569126 -3.455296 -3.4435911 -3.452881 -3.4756302 -3.5326142 -3.6604295 -3.7573279 -3.9038017 -3.8979493 -3.902099 -3.7506371 -3.539027 -3.2680793 -3.0652229 -2.8496091 -2.861079 -3.0082973 -3.2000631 -3.4664003 -3.6398991 -3.6628694 -3.4261347
-3.9291031 -4.0296869 -3.9822312 -3.8342762 -3.604273 -3.3578635 -3.0850138 -2.9027475 -2.700373 -2.6508922 -2.560772 -2.5303422 -2.4411243 -2.3076687 -2.1050887 -1.8582297 -1.5738935 -1.3305201 -1.2036463 -1.0370941 -1.0989566 -1.2065696 -1.4498901 -1.7201144 -2.0244161 -2.3212863 -2.5646201 -2.7725909 -2.9763549 -3.1610959 -3.2734879 -3.3891071 -3.4925717 -3.5809268 -3.6279085 -3.6384591 -3.6311061 -3.628798 -3.6215151 -3.5639428 -3.6223233 -3.5829263 -3.6491435 -3.5836951 -3.5213871 -3.3797718 -3.2510181 -3.0217704 -2.9346561 -2.813694 -2.8735391 -3.0859269 -3.30817 -3.587568 -3.7774172 -3.8055029 -3.576809
-3.7463787 -3.8391237 -3.7949053 -3.6734185 -3.4587263 -3.2537336 -3.0102395 -2.8865653 -2.7318007 -2.6945973 -2.6816685 -2.6711957 -2.6407501 -2.5191493 -2.327539 -2.0567009 -1.7459127 -1.4261664 -1.2109828 -1.0282457 -1.0890461 -1.2073925 -1.4782306 -1.8481305 -2.2285393 -2.564248 -2.8809493 -3.1006856 -3.2790244 -3.4077781 -3.4868513 -3.5697609 -3.6184646 -3.6886939 -3.7324623 -3.7849705 -3.779118 -3.772226 -3.7254064 -3.6602617 -3.5778123 -3.4676507 -3.3987408 -3.3051017 -3.1797393 -3.0509856 -2.9328333 -2.8280204 -2.8123878 -2.826717 -2.9437658 -3.1697841 -3.4343245 -3.7163734 -3.9184142 -3.9535288 -3.7278639
-3.2943986 -3.3947314 -3.4389498 -3.3578877 -3.2636326 -3.1014103 -2.9705004 -2.8939941 -2.8046557 -2.8057474 -2.8273787 -2.837902 -2.8195761 -2.6828703 -2.4819967 -2.1669402 -1.837331 -1.4725287 -1.252002 -1.0613617 -1.159424 -1.3067404 -1.6731945 -2.0932635 -2.5729451 -2.9124903 -3.2386014 -3.4167172 -3.5439519 -3.5764783 -3.6043027 -3.5987754 -3.6283292 -3.6886939 -3.7602139 -3.8512023 -3.8786667 -3.8913582 -3.8152764 -3.7136465 -3.5380732 -3.351334 -3.2132915 -3.0651308 -2.9175831 -2.8297965 -2.7520823 -2.7286726 -2.7941795 -2.8488037 -3.0185246 -3.2512136 -3.5204259 -3.7937771 -3.9914628 -4.0382824 -3.8211721
-2.7488044 -2.9370793 -3.0469353 -3.1115924 -3.0715601 -3.0598875 -2.9640874 -2.9690735 -2.9172372 -2.9752619 -2.9985435 -3.0024455 -2.969049 -2.8037398 -2.5661457 -2.2300634 -1.8836933 -1.5188911 -1.2946396 -1.1532606 -1.3492283 -1.53783 -1.9811801 -2.4127395 -2.9049537 -3.2305164 -3.5438841 -3.562623 -3.681413 -3.6505011 -3.4963449 -3.4406304 -3.4798004 -3.5429913 -3.7100872 -3.8075353 -3.926471 -3.9298509 -3.8612472 -3.6951953 -3.5078558 -3.2449427 -3.0548624 -2.8573337 -2.7228223 -2.6465218 -2.6614071 -2.6483682 -2.756723 -2.8616298 -3.0340726 -3.2439679 -3.5065491 -3.756096 -3.9537817 -4.0083185 -3.8308709
-2.1668849 -2.4048557 -2.5927841 -2.7630396 -2.8415855 -2.9227819 -2.9489639 -3.0113856 -3.0556041 -3.125646 -3.1749205 -3.1696584 -3.1134861 -2.930182 -2.6648009 -2.2999987 -1.9440939 -1.5792917 -1.4003793 -1.2892756 -1.5220607 -1.7923526 -2.2699036 -2.7437007 -3.2528632 -3.5461515 -3.8004076 -3.7517168 -3.7139936 -3.5325678 -3.3087145 -3.2036957 -3.2082461 -3.2843278 -3.4853916 -3.6757433 -3.8449877 -3.921548 -3.8630236 -3.7073522 -3.4732545 -3.1876112 -2.9152422 -2.7008359 -2.5466036 -2.4822268 -2.5119413 -2.5646133 -2.6926499 -2.8354652 -3.0110385 -3.2001729 -3.4284182 -3.6627001 -3.8455799 -3.9099567 -3.751787
-1.6528678 -1.9183491 -2.2334056 -2.4747331 -2.7208437 -2.8640398 -3.0199266 -3.1244407 -3.2330109 -3.3146352 -3.3736161 -3.331725 -3.2554115 -3.0287919 -2.7480727 -2.3722158 -2.0270349 -1.6928321 -1.560616 -1.5092601 -1.8077346 -2.1258774 -2.6343897 -3.1116513 -3.5622894 -3.7869561 -3.9068517 -3.7307736 -3.5507793 -3.2104426 -2.9044663 -2.7220652 -2.7235642 -2.8372626 -3.1045721 -3.3776998 -3.6469122 -3.7842081 -3.7842081 -3.6300854 -3.3810029 -3.0637483 -2.7591242 -2.5250265 -2.3646128 -2.3177932 -2.3660883 -2.4510729 -2.5972668 -2.7461827 -2.8866413 -3.0537949 -3.2439151 -3.4562948 -3.6277486 -3.7155353 -3.5798174
-1.3686613 -1.6695036 -2.0212891 -2.3420615 -2.6208624 -2.8597919 -3.046012 -3.2153382 -3.3505305 -3.434909 -3.4965021 -3.445667 -3.356617 -3.1260704 -2.8485328 -2.4899105 -2.1836393 -1.8738147 -1.7688712 -1.7867448 -2.1166347 -2.4485839 -2.9236459 -3.3542779 -3.73294 -3.8148582 -3.8627887 -3.4980995 -3.2352815 -2.8223904 -2.4065399 -2.1975435 -2.2079996 -2.3438739 -2.7058906 -3.0245288 -3.3859484 -3.5687101 -3.6020281 -3.4800241 -3.2317948 -2.9078549 -2.5906951 -2.3613412 -2.1995067 -2.1731337 -2.2525804 -2.3528894 -2.5003745 -2.6464488 -2.7706163 -2.8894398 -3.0560301 -3.2445495 -3.4145825 -3.5179125 -3.4297769
