P1_models/J1_p1_tot_conduct_slide_48.44.dat.tif
NCOLS 118
NROWS 92
XLLCORNER 139.62
YLLCORNER -39.07
DX 0.099491525
DY 0.099347826
NODATA_VALUE -9999
[rows 26 to 51 of 92, columns 0 to 56 of 118]
-2.7397325 -2.8234478 -2.903041 -2.9831887 -3.0637295 -3.1582968 -3.2428646 -3.3233636 -3.3991666 -3.4680051 -3.5326746 -3.5922212 -3.641967 -3.6715975 -3.7064195 -3.7288513 -3.7487496 -3.7594391 -3.7644137 -3.7648756 -3.7598908 -3.7520094 -3.7370857 -3.725079 -3.7054046 -3.6841546 -3.6496581 -3.6122344 -3.5579414 -3.4972342 -3.4186882 -3.3350564 -3.2504886 -3.1609759 -3.0614844 -2.9603642 -2.8857456 -2.8191733 -2.7825186 -2.7687041 -2.7896497 -2.8422012 -2.926769 -3.0428756 -3.1842583 -3.3467561 -3.5195572 -3.6904323 -3.8527606 -3.9899722 -4.1104093 -4.1802886 -4.2320147 -4.2190178 -4.189361 -4.0939667 -3.9948075
-2.7328365 -2.8240615 -2.9285276 -3.0142319 -3.1184611 -3.2204425 -3.319934 -3.4028418 -3.4786449 -3.5469954 -3.6017157 -3.6584531 -3.6840994 -3.704002 -3.7139511 -3.7283941 -3.7234195 -3.7262014 -3.7162523 -3.7118901 -3.7019409 -3.6924007 -3.6820426 -3.6720935 -3.6621443 -3.6444154 -3.6195426 -3.5857416 -3.5409705 -3.4839878 -3.4054419 -3.3214407 -3.2269238 -3.1344832 -3.0196642 -2.9110871 -2.8115956 -2.7364959 -2.6736592 -2.6516594 -2.6516594 -2.6973926 -2.7620621 -2.875764 -3.0120554 -3.1745532 -3.3473543 -3.5281393 -3.7070504 -3.8649139 -4.0110615 -4.1117483 -4.1922756 -4.2254394 -4.222477 -4.1858222 -4.1087152
-2.7216626 -2.8281229 -2.9355919 -3.0399194 -3.146122 -3.2505933 -3.3500849 -3.4363803 -3.5099194 -3.571236 -3.6151369 -3.6596115 -3.6799023 -3.6782498 -3.6741662 -3.6744798 -3.6609331 -3.6512932 -3.6355276 -3.6240742 -3.611166 -3.6012169 -3.5930503 -3.5930503 -3.5892227 -3.5779218 -3.5592722 -3.5330984 -3.4978147 -3.448504 -3.3794006 -3.2970987 -3.2053459 -3.1039755 -2.9916443 -2.8912217 -2.794096 -2.7075304 -2.6423847 -2.6058191 -2.6021467 -2.6345408 -2.6961735 -2.7902406 -2.9207192 -3.0744614 -3.2453742 -3.4221672 -3.6049698 -3.7748464 -3.9319383 -4.0570337 -4.1557907 -4.2231922 -4.2524458 -4.2486936 -4.210393
-2.7185014 -2.8274503 -2.9418656 -3.0530926 -3.1620595 -3.2645132 -3.3640047 -3.4482824 -3.5193478 -3.5762563 -3.6110784 -3.6356546 -3.6406292 -3.6362865 -3.6213627 -3.6028154 -3.5829171 -3.5623462 -3.5424479 -3.5247264 -3.5098027 -3.4992391 -3.4992391 -3.4999117 -3.4999117 -3.4978743 -3.4829505 -3.4654694 -3.4356219 -3.4008478 -3.338011 -3.2700878 -3.1805454 -3.0859714 -2.9812435 -2.888219 -2.793702 -2.7120821 -2.6440089 -2.6055066 -2.5950338 -2.6218098 -2.6765302 -2.7644186 -2.8796193 -3.0224573 -3.1847856 -3.3563996 -3.5344371 -3.7008548 -3.8684194 -3.9964837 -4.1212874 -4.2006255 -4.2682271 -4.2839362 -4.2875941
-2.7247107 -2.8290809 -2.9356563 -3.0468833 -3.1514584 -3.2487195 -3.3391677 -3.4188651 -3.4758831 -3.5306198 -3.5554927 -3.5797715 -3.5776181 -3.5660164 -3.5411435 -3.5192952 -3.4844731 -3.4621159 -3.437243 -3.420001 -3.4100519 -3.3998913 -3.3998913 -3.4012938 -3.4062684 -3.4067731 -3.4067731 -3.3922151 -3.3723168 -3.3419715 -3.3053168 -3.2452012 -3.1855063 -3.0921806 -3.0105722 -2.9388081 -2.8682129 -2.7910383 -2.7371475 -2.7005998 -2.6943817 -2.7166129 -2.7634595 -2.8442265 -2.947921 -3.0736792 -3.2158318 -3.3741681 -3.5406463 -3.6918952 -3.8497917 -3.977856 -4.1026597 -4.2021512 -4.2774393 -4.3245669 -4.3398184
-2.73634 -2.8299078 -2.9333682 -3.0376956 -3.1386961 -3.2212772 -3.3089457 -3.3789138 -3.4335706 -3.47736 -3.5006942 -3.5153214 -3.5103468 -3.4937912 -3.467278 -3.4407992 -3.4076683 -3.3759565 -3.3510836 -3.3292192 -3.3174772 -3.3104348 -3.3104348 -3.3118373 -3.3168119 -3.3217865 -3.3237319 -3.3250327 -3.3151157 -3.2975858 -3.2708376 -3.2399063 -3.192995 -3.1287889 -3.0576278 -3.0268718 -2.9668249 -2.9193704 -2.8750058 -2.8515402 -2.8476437 -2.8690666 -2.9134856 -2.9748596 -3.0730975 -3.1739215 -3.3048314 -3.4293244 -3.5864162 -3.714796 -3.8614151 -3.9750955 -4.0998993 -4.1993908 -4.291844 -4.3474677 -4.3896577
-2.756935 -2.8431541 -2.9326965 -3.0203017 -3.1055801 -3.1881613 -3.2677545 -3.3325515 -3.3799284 -3.4177513 -3.4376496 -3.4474616 -3.4375124 -3.4209361 -3.3910887 -3.3613209 -3.3314735 -3.3031014 -3.2782285 -3.2563641 -3.2414404 -3.2309565 -3.2309565 -3.2323591 -3.2373336 -3.2423082 -3.2472828 -3.2521777 -3.2571522 -3.2578467 -3.2473739 -3.2332831 -3.2133848 -3.188394 -3.1569756 -3.1262196 -3.0963721 -3.0717037 -3.0559945 -3.0502358 -3.0554722 -3.0810086 -3.1208052 -3.1801784 -3.253488 -3.3447919 -3.4442835 -3.5562292 -3.6714299 -3.7872683 -3.902469 -4.0082729 -4.1131457 -4.2126372 -4.3050904 -4.3731635 -4.4293969
-2.7758168 -2.8469078 -2.9205869 -3.0076341 -3.0783342 -3.1438751 -3.2121453 -3.2745836 -3.3180254 -3.3539303 -3.3694526 -3.3791051 -3.3719727 -3.3636846 -3.3472703 -3.3190288 -3.2937099 -3.2654175 -3.2405446 -3.2186802 -3.2037565 -3.1931929 -3.1906305 -3.188461 -3.1934355 -3.1997618 -3.2095192 -3.2183963 -3.2378719 -3.2481754 -3.2714337 -3.2713347 -3.2869192 -3.2632038 -3.2628451 -3.2812516 -3.2877376 -3.2766328 -3.2848047 -3.2901125 -3.3093785 -3.3321294 -3.3687364 -3.4127979 -3.4706668 -3.536938 -3.6181222 -3.6936619 -3.7895798 -3.8690624 -3.9709051 -4.051543 -4.1495613 -4.2324709 -4.3236533 -4.3917265 -4.4532162
-2.8044976 -2.8560042 -2.9206737 -2.9863136 -3.0526009 -3.0987415 -3.1628517 -3.2150948 -3.2574334 -3.2920339 -3.3076992 -3.3157924 -3.3108178 -3.3108432 -3.2976059 -3.2826822 -3.2595975 -3.2362797 -3.2123517 -3.1904873 -3.1755636 -3.1635466 -3.158572 -3.1525 -3.1563771 -3.1654068 -3.1776525 -3.1954068 -3.2201017 -3.2494737 -3.2827609 -3.3203898 -3.3466949 -3.3669402 -3.3878858 -3.445572 -3.4637161 -3.4918889 -3.5096722 -3.5356356 -3.5618176 -3.5881144 -3.6229364 -3.6549175 -3.702045 -3.7397302 -3.8025669 -3.8493956 -3.9174688 -3.9700067 -4.0433162 -4.1040633 -4.1820198 -4.2556638 -4.3340767 -4.4008229 -4.4656044
-2.8295674 -2.8740263 -2.9187975 -2.972108 -3.0194849 -3.0656256 -3.1103968 -3.1554861 -3.1933877 -3.225802 -3.2457003 -3.2578453 -3.2628199 -3.2644809 -3.2595063 -3.2495663 -3.2346425 -3.2164101 -3.1965118 -3.1772409 -3.1623172 -3.1497237 -3.1397745 -3.1326304 -3.1326304 -3.138914 -3.1588123 -3.1821604 -3.221957 -3.2627201 -3.3203204 -3.3733753 -3.4330703 -3.4806355 -3.5487086 -3.6111517 -3.6658721 -3.7104542 -3.7575817 -3.7941942 -3.830849 -3.8587753 -3.8836482 -3.9110363 -3.9372183 -3.9633883 -3.9843339 -4.0162859 -4.0433094 -4.0801292 -4.1161713 -4.1598555 -4.2085125 -4.2693129 -4.3340767 -4.3969135 -4.4589812
-2.8527436 -2.8780091 -2.9106535 -2.9569495 -2.9927372 -3.0241978 -3.0629149 -3.1022977 -3.1370113 -3.1703073 -3.1938344 -3.2086098 -3.2177232 -3.2276766 -3.2264325 -3.2214579 -3.2140968 -3.1991731 -3.1831069 -3.1647128 -3.1497891 -3.1363188 -3.1263696 -3.1206281 -3.1246128 -3.1340746 -3.1660795 -3.1963846 -3.2525268 -3.3046918 -3.3867208 -3.4569306 -3.5424421 -3.6049131 -3.689497 -3.7836273 -3.8547964 -3.9107017 -3.964295 -4.0061684 -4.0428231 -4.0636684 -4.0812143 -4.0885705 -4.1007074 -4.1022551 -4.1119924 -4.1089862 -4.1254013 -4.1247947 -4.1497559 -4.1663616 -4.2057145 -4.2404968 -4.2994072 -4.3538156 -4.4166524
-2.8759523 -2.8884417 -2.90834 -2.9332286 -2.9616547 -2.9846009 -3.0194229 -3.0500694 -3.0832332 -3.1134663 -3.1383392 -3.1597968 -3.1747205 -3.1896904 -3.1897826 -3.1897826 -3.184905 -3.1783753 -3.1635994 -3.1486757 -3.133752 -3.1202816 -3.1103325 -3.1108018 -3.1163771 -3.1348686 -3.1710955 -3.218926 -3.2806312 -3.3542735 -3.4452277 -3.5463194 -3.6408588 -3.7387591 -3.8434871 -3.9461318 -4.025725 -4.0945672 -4.1521675 -4.1924478 -4.2291026 -4.2414333 -4.2513825 -4.2439826 -4.2387462 -4.2197732 -4.2093004 -4.1903132 -4.1798404 -4.1653178 -4.1600814 -4.1660808 -4.181819 -4.210425 -4.2455439 -4.2968482 -4.3525038
-2.8833043 -2.891288 -2.8962625 -2.9166868 -2.9308998 -2.9501704 -2.9750433 -3.0027142 -3.0264026 -3.0538576 -3.0787305 -3.1002218 -3.1201201 -3.1367049 -3.146654 -3.1500435 -3.1500435 -3.1452594 -3.1353102 -3.1221829 -3.1072592 -3.0937889 -3.0933478 -3.0975555 -3.1124792 -3.1348686 -3.189589 -3.2454188 -3.3299866 -3.4138822 -3.5290829 -3.639044 -3.7634084 -3.8714063 -3.9918434 -4.0992542 -4.1887966 -4.2596954 -4.3120594 -4.3477074 -4.3634166 -4.367687 -4.3527633 -4.336613 -4.3051946 -4.2751074 -4.2357932 -4.2053605 -4.1732172 -4.1448853 -4.1203423 -4.1101684 -4.1089639 -4.1255458 -4.1528193 -4.1947104 -4.2465328
-2.8853601 -2.8823982 -2.8840166 -2.8943974 -2.9043104 -2.9138808 -2.9341941 -2.9563178 -2.9775657 -3.0016728 -3.0265457 -3.0497109 -3.0709314 -3.0908339 -3.1007831 -3.1091263 -3.1121603 -3.1106052 -3.1037409 -3.095296 -3.0866437 -3.0760802 -3.0771481 -3.0919404 -3.1230512 -3.1528436 -3.2174287 -3.2864583 -3.3877216 -3.4865657 -3.6183872 -3.7418154 -3.8750022 -3.9980653 -4.1185024 -4.2196208 -4.3015357 -4.3650108 -4.4049466 -4.423158 -4.4267903 -4.4066955 -4.3816016 -4.3388034 -4.2978237 -4.2452902 -4.198916 -4.1450489 -4.1058022 -4.0646827 -4.032914 -4.0119659 -4.001841 -4.005054 -4.0261326 -4.0645569 -4.1113856
-2.8782937 -2.8734149 -2.8684404 -2.8691492 -2.8738869 -2.8825515 -2.8974753 -2.9142684 -2.9332192 -2.9542634 -2.9791363 -3.0040092 -3.028882 -3.0487846 -3.0587337 -3.0670769 -3.0720515 -3.0748217 -3.0698472 -3.0666842 -3.0617096 -3.0596418 -3.0646164 -3.0857493 -3.1255459 -3.1779817 -3.2476258 -3.3312998 -3.4407405 -3.5609249 -3.7023076 -3.8411632 -3.9804514 -4.1134933 -4.2339304 -4.3259908 -4.4006095 -4.4480542 -4.4742362 -4.4712491 -4.4555399 -4.4162856 -4.3715144 -4.3117042 -4.2488675 -4.1842191 -4.1213824 -4.0625376 -4.0049372 -3.9607312 -3.91884 -3.8957933 -3.8755435 -3.8755435 -3.8828491 -3.9195039 -3.9627421
-2.8518009 -2.8469222 -2.8419476 -2.8426565 -2.8473941 -2.8546044 -2.8645535 -2.8811525 -2.9001033 -2.9211474 -2.9460203 -2.9708932 -2.9915549 -3.0097964 -3.0247202 -3.033961 -3.0389356 -3.0423551 -3.0423551 -3.0413883 -3.0463629 -3.0463954 -3.0671978 -3.1004859 -3.1552063 -3.2133271 -3.3078441 -3.3991119 -3.5284509 -3.6548795 -3.8119714 -3.9521707 -4.0815097 -4.2128411 -4.3197769 -4.3971275 -4.4369241 -4.4711819 -4.4554728 -4.4358876 -4.3760616 -4.3225335 -4.2456739 -4.1751607 -4.0899109 -4.0200358 -3.9491795 -3.8903347 -3.8327343 -3.7885283 -3.7466371 -3.7195586 -3.6967174 -3.6967174 -3.7037557 -3.7351741 -3.7772928
-2.8109348 -2.8079729 -2.8092642 -2.8161637 -2.8209014 -2.8281116 -2.8395477 -2.8585402 -2.8794438 -2.900488 -2.9253609 -2.9485262 -2.9692588 -2.9908182 -3.0057419 -3.0174538 -3.0224283 -3.0258478 -3.0265297 -3.0315042 -3.0377408 -3.0555713 -3.0821846 -3.1261888 -3.1835556 -3.2726107 -3.3783296 -3.4819525 -3.611719 -3.7517563 -3.9074395 -4.0481562 -4.1750175 -4.2862229 -4.3808382 -4.4309318 -4.4597106 -4.4503196 -4.4176386 -4.3495833 -4.2686053 -4.1766205 -4.0845973 -3.9778983 -3.8855623 -3.8071011 -3.7337915 -3.6724579 -3.6216186 -3.5789558 -3.5486246 -3.5224427 -3.509587 -3.509587 -3.5249297 -3.5557864 -3.5918435
-2.7610779 -2.7722892 -2.7822384 -2.7891379 -2.7938756 -2.8078074 -2.8227311 -2.8431775 -2.8668659 -2.8917 -2.9165729 -2.9414457 -2.9663186 -2.9886048 -3.0035286 -3.0152404 -3.020215 -3.0259165 -3.0308911 -3.0410548 -3.0559786 -3.0781692 -3.1179658 -3.1718904 -3.2514836 -3.3419925 -3.4564078 -3.5752995 -3.7096131 -3.8441111 -3.9907302 -4.1198074 -4.2342227 -4.3298125 -4.3874129 -4.4019107 -4.3969361 -4.3558517 -4.2825421 -4.1843006 -4.0743363 -3.9610475 -3.8516068 -3.7449079 -3.6401799 -3.5587478 -3.4854382 -3.43645 -3.3893224 -3.3651422 -3.3389602 -3.3312254 -3.321835 -3.3339762 -3.3498735 -3.3760554 -3.4137584
-2.7176133 -2.7332945 -2.7511922 -2.7580917 -2.7761681 -2.8002887 -2.8289404 -2.8523316 -2.8854937 -2.9113593 -2.9412067 -2.9662827 -2.9911556 -3.0143717 -3.03427 -3.0462866 -3.0512612 -3.0577909 -3.06774 -3.0806423 -3.1104897 -3.1340524 -3.1805772 -3.2415433 -3.3310857 -3.4239622 -3.5483266 -3.6678642 -3.7972031 -3.9286849 -4.0543584 -4.1731495 -4.2427936 -4.3360218 -4.3506386 -4.3233716 -4.2603329 -4.2035467 -4.0776372 -3.9622938 -3.8135483 -3.6891694 -3.5597725 -3.4530736 -3.3483457 -3.2752904 -3.2122317 -3.1828339 -3.1533713 -3.1553562 -3.1464738 -3.1597923 -3.1603948 -3.182504 -3.201744 -3.2383988 -3.2771551
-2.6597413 -2.6968543 -2.7183255 -2.7376693 -2.7609459 -2.8045966 -2.8374288 -2.8732145 -2.9086898 -2.9459567 -2.980594 -3.0087338 -3.0336812 -3.0635329 -3.0834312 -3.1001177 -3.1068414 -3.113371 -3.1233202 -3.1407905 -3.1724888 -3.2081498 -3.2578956 -3.3269744 -3.4184693 -3.5147701 -3.6351278 -3.7568905 -3.8800668 -3.9979584 -4.1073177 -4.1951627 -4.2465916 -4.2931594 -4.2889146 -4.1929121 -4.110636 -3.9928624 -3.8475435 -3.6851082 -3.5229206 -3.3734235 -3.2382897 -3.1333737 -3.0298806 -2.9803108 -2.9227104 -2.9272415 -2.9115323 -2.9483426 -2.9588154 -2.9977112 -3.0145511 -3.0525176 -3.0802315 -3.1212502 -3.1677801
-2.5991753 -2.6438688 -2.6836654 -2.7249298 -2.7675691 -2.8112198 -2.855991 -2.8997072 -2.9423465 -2.9856958 -3.030467 -3.0717143 -3.1065363 -3.136388 -3.1562863 -3.1729727 -3.1829219 -3.1928493 -3.2027985 -3.2202688 -3.2550908 -3.2971146 -3.3568095 -3.4263222 -3.5208392 -3.6207412 -3.7351564 -3.8496151 -3.9640304 -4.0708135 -4.1545958 -4.2150322 -4.229956 -4.2179008 -4.1498276 -4.0538252 -3.9195116 -3.7610508 -3.5673041 -3.3738183 -3.1800717 -3.0157714 -2.8715087 -2.7624752 -2.6786929 -2.6370537 -2.6161081 -2.6349301 -2.6663485 -2.719895 -2.7774954 -2.8299625 -2.8820873 -2.9318331 -2.9808836 -3.0280112 -3.0816787
-2.5617813 -2.6184092 -2.6711138 -2.7125739 -2.7663099 -2.8268711 -2.886957 -2.9417353 -3.004322 -3.0512318 -3.1048638 -3.1462197 -3.1839128 -3.2187391 -3.2431694 -3.2598559 -3.269805 -3.2813093 -3.2958922 -3.3133625 -3.3481846 -3.3902736 -3.4525853 -3.5242675 -3.6139981 -3.7098668 -3.8097705 -3.9163807 -4.0014679 -4.0963437 -4.1362684 -4.1744419 -4.1309994 -4.1184225 -4.006105 -3.8404359 -3.6529342 -3.4747801 -3.2447226 -3.0378404 -2.826285 -2.6647774 -2.5237587 -2.43296 -2.3680325 -2.3616721 -2.3674234 -2.4343011 -2.4920822 -2.5860072 -2.6591244 -2.7562252 -2.820682 -2.8980643 -2.9543055 -3.0214962 -3.0768531
-2.5210151 -2.5929844 -2.6526793 -2.7107108 -2.7677673 -2.8428787 -2.9081415 -2.9801789 -3.0475824 -3.1150824 -3.1722012 -3.2217987 -3.2615953 -3.3015375 -3.3264104 -3.3464655 -3.3564146 -3.3679189 -3.3828426 -3.4037833 -3.4386053 -3.4821477 -3.5468172 -3.6170968 -3.7054838 -3.7936745 -3.8895472 -3.9760302 -4.0517981 -4.1111686 -4.1354015 -4.1221549 -4.0621033 -3.981994 -3.8406113 -3.6190771 -3.4145679 -3.18327 -2.9395702 -2.7066465 -2.4867179 -2.3247598 -2.1854716 -2.1197753 -2.0674113 -2.0994919 -2.1309103 -2.23837 -2.3326251 -2.4639474 -2.5686754 -2.6863715 -2.7864139 -2.8804167 -2.9580597 -3.0289026 -3.1002675
-2.4912283 -2.5677033 -2.642322 -2.7099483 -2.7810137 -2.856125 -2.9357183 -3.0132948 -3.0938356 -3.1680679 -3.237712 -3.2964313 -3.3461771 -3.387639 -3.4125119 -3.4325669 -3.4425161 -3.4540203 -3.4689441 -3.4898847 -3.5247068 -3.5682491 -3.6329186 -3.7031983 -3.7877661 -3.8731527 -3.9577205 -4.0356389 -4.0853847 -4.124415 -4.1087058 -4.0691694 -3.9597287 -3.8385356 -3.6343162 -3.4071351 -3.1484571 -2.8918497 -2.6143207 -2.3687948 -2.1436297 -1.9819017 -1.8625119 -1.806258 -1.8010216 -1.8517608 -1.9407796 -2.0686947 -2.2200309 -2.372328 -2.5289362 -2.6632895 -2.7930371 -2.9091105 -3.0110452 -3.0895911 -3.1664994
-2.4738877 -2.5528193 -2.6274379 -2.6999773 -2.7776715 -2.8577627 -2.9467732 -3.0370014 -3.1211472 -3.197836 -3.2725549 -3.3419024 -3.3941347 -3.4389143 -3.4637872 -3.4854482 -3.4995958 -3.5111 -3.5260238 -3.5469644 -3.5817865 -3.6253289 -3.687766 -3.7544737 -3.83686 -3.9137498 -3.9849597 -4.0604215 -4.0997684 -4.1144439 -4.0775259 -3.9987708 -3.8670275 -3.6962458 -3.4642683 -3.2068018 -2.9308655 -2.6468642 -2.35975 -2.1006643 -1.882835 -1.7245612 -1.6275144 -1.6144363 -1.6340216 -1.6921304 -1.8358682 -1.9877237 -2.1848736 -2.3550253 -2.5644812 -2.7092627 -2.8751168 -2.9957361 -3.1162698 -3.1992434 -3.2849704
-2.4568076 -2.5395729 -2.6141915 -2.6922757 -2.7728164 -2.857628 -2.9520776 -3.0467045 -3.1324393 -3.2157081 -3.2953013 -3.3663564 -3.4210767 -3.4675131 -3.4931568 -3.5132119 -3.527314 -3.5422377 -3.5571614 -3.5796064 -3.6153517 -3.6574407 -3.7171356 -3.7810381 -3.8596064 -3.9324411 -3.9988577 -4.0515907 -4.0719568 -4.0695271 -4.0022433 -3.8980009 -3.7394188 -3.5512865 -3.2947031 -3.0107467 -2.7215612 -2.4354055 -2.1427137 -1.90102 -1.6863278 -1.5675712 -1.4780289 -1.4892262 -1.5311173 -1.6663316 -1.818187 -2.0253906 -2.2243736 -2.4419963 -2.6514522 -2.8262627 -2.9926676 -3.125323 -3.2470298 -3.3347941 -3.4139377
