P1_models/J1_p1_vp_slide_diff2_120.dat.tif
NCOLS 118
NROWS 92
XLLCORNER 139.62
YLLCORNER -39.07
DX 0.099491525
DY 0.099347826
NODATA_VALUE -9999
[rows 48 to 71 of 92, columns 0 to 54 of 118]
-9999 0.070536799 0.083891987 0.097247175 0.11060236 0.12395755 0.13731274 0.1349788 0.13522215 0.13546549 0.13570884 0.13595219 0.13619553 0.13581077 0.13198659 0.12604546 0.12010432 0.11416318 0.10822205 0.10494346 0.10780749 0.11067152 0.11353555 0.11639958 0.11926361 0.1254984 0.1240908 0.12167501 0.11925922 0.11684343 0.11442764 0.11496976 0.12121378 0.1274578 0.13370182 0.13994584 0.14618986 0.13922672 0.13304624 0.12686575 0.12068527 0.11450479 0.10879194 0.10685021 0.10308577 0.099321323 0.095556878 0.091792433 0.088027988 0.080730145 0.072821635 0.064913124 0.057004614 0.049096104 0.048444086
-9999 0.083964872 0.09732006 0.11067525 0.12403044 0.13112953 0.12611696 0.12354431 0.12378765 0.124031 0.12427435 0.12353211 0.11906935 0.1180061 0.12375057 0.12379909 0.11785796 0.11191682 0.10597568 0.1026971 0.10556113 0.10842516 0.11128918 0.11498252 0.12491426 0.13266204 0.13455626 0.13448139 0.1320656 0.12964981 0.12723402 0.12777614 0.13402016 0.14026418 0.1465082 0.14912951 0.13936299 0.13107181 0.12489133 0.11871084 0.11253036 0.10851999 0.10827092 0.10639649 0.10335362 0.099712975 0.095948529 0.092184084 0.088419639 0.081121796 0.073213286 0.065304775 0.057396265 0.057694212 0.059608795
-9999 0.097392945 0.11074813 0.12410332 0.12470762 0.11969504 0.11468246 0.11210981 0.11235316 0.11259651 0.1101902 0.10572744 0.10126467 0.10020142 0.10594589 0.11169037 0.11561159 0.10967045 0.10372932 0.10045073 0.10331476 0.10617879 0.11221442 0.12214616 0.1320779 0.13982568 0.1417199 0.14361412 0.14487197 0.14245618 0.14004039 0.14058251 0.14682653 0.15307055 0.15074113 0.1409746 0.13120807 0.1229169 0.11673641 0.11055593 0.10824804 0.10799897 0.10774989 0.10587547 0.1028326 0.09978973 0.096340181 0.092575735 0.08881129 0.081513447 0.073604937 0.067337056 0.068097989 0.068858921 0.070773503
-9999 0.11082102 0.12329828 0.11828571 0.11327313 0.10826055 0.10324797 0.10067532 0.10091867 0.096848291 0.092385525 0.08792276 0.083459994 0.082396743 0.088141218 0.093885693 0.099630168 0.10537464 0.10148295 0.098204367 0.1010684 0.10944632 0.11937806 0.1293098 0.13924154 0.14698932 0.14888354 0.15077776 0.15267197 0.15456619 0.15284677 0.15338889 0.15963291 0.15235274 0.14258622 0.13281969 0.12305316 0.11476199 0.1085815 0.10797609 0.10772701 0.10747794 0.10722887 0.10535444 0.10231158 0.099268705 0.096225836 0.092967387 0.089202942 0.081905098 0.077740832 0.078501765 0.079262697 0.08002363 0.081938212
-9999 0.11687637 0.11186379 0.10685121 0.10183863 0.096826054 0.091813476 0.087969147 0.083506381 0.079043615 0.074580849 0.070118084 0.065655318 0.064592068 0.070336542 0.076081017 0.081825492 0.087569967 0.093314442 0.096746474 0.10667822 0.11660996 0.1265417 0.13647344 0.14640518 0.15415296 0.15604718 0.1579414 0.15983561 0.16172983 0.16362405 0.16373089 0.15396436 0.14419783 0.13443131 0.12466478 0.11489825 0.1079532 0.10770413 0.10745506 0.10720599 0.10695692 0.10670785 0.10483342 0.10179055 0.098747681 0.095704811 0.092661942 0.089594593 0.088144608 0.088905541 0.089666473 0.090427406 0.091188338 0.092859926
-9999 0.11214751 0.10713493 0.10212235 0.097109772 0.092097193 0.0877577 0.083602793 0.079140027 0.074677261 0.070214495 0.06575173 0.065462803 0.066013463 0.061554527 0.067299002 0.073043477 0.078787952 0.084532427 0.091543068 0.10147481 0.11140655 0.12133829 0.13127003 0.13678217 0.13904176 0.14949684 0.15139105 0.15328527 0.15517949 0.15707371 0.15498499 0.14521847 0.13545194 0.12568542 0.11591889 0.10802189 0.10433449 0.10408542 0.10383635 0.10358728 0.1033382 0.10337142 0.10348726 0.10193346 0.098890587 0.095847717 0.092804848 0.089761978 0.089962384 0.090723317 0.091484249 0.092245182 0.09246024 0.091593388
-9999 0.10854053 0.10352796 0.098515377 0.093502798 0.089527809 0.085639647 0.08148474 0.077021975 0.072559209 0.068096443 0.070702137 0.075168654 0.075719313 0.068428243 0.061137172 0.065771 0.071515475 0.07725995 0.084270591 0.094202333 0.10413407 0.11406582 0.11612829 0.11465482 0.1169144 0.12917952 0.14144463 0.14444051 0.14633472 0.14822894 0.14614023 0.1363737 0.12660718 0.11684065 0.10997565 0.10388491 0.10019752 0.099948446 0.099699374 0.099450303 0.099594253 0.099772652 0.099888491 0.099959357 0.099144572 0.096101702 0.093058832 0.090015963 0.090216369 0.090977302 0.091738234 0.091509814 0.090214115 0.089347263
-9999 0.10493356 0.099920981 0.095186079 0.091297918 0.087409756 0.083521595 0.079366688 0.074903922 0.071474953 0.07594147 0.080407988 0.084874505 0.085425164 0.078134094 0.070843023 0.063551952 0.064242998 0.069987473 0.076998115 0.086929856 0.096861598 0.095474405 0.094000935 0.092527466 0.094787052 0.10705217 0.11931728 0.13158239 0.13748996 0.13938418 0.13729547 0.12752894 0.11802015 0.11192941 0.10583868 0.099747939 0.096060545 0.095811473 0.095638689 0.095817087 0.095995486 0.096173885 0.096289724 0.09636059 0.096431456 0.096355687 0.093312817 0.090269948 0.090470354 0.091231286 0.090559389 0.08926369 0.08796799 0.087101138
-9999 0.10132659 0.096956188 0.093068027 0.089179865 0.085291704 0.081403542 0.077248635 0.076714287 0.081180804 0.085647321 0.090113838 0.094580355 0.095131015 0.087839944 0.080548874 0.073257803 0.065966732 0.062714996 0.069725638 0.076293991 0.074820522 0.073347052 0.071873583 0.070400113 0.0726597 0.084924812 0.097189925 0.10945504 0.12172015 0.13053941 0.1284507 0.11997391 0.11388317 0.10779244 0.1017017 0.095610966 0.091923572 0.091861523 0.092039922 0.09221832 0.092396719 0.092575118 0.092690957 0.092761823 0.092832689 0.092903554 0.09297442 0.090523932 0.090724339 0.089608964 0.088313264 0.087017565 0.085721865 0.084855014
-9999 0.097112987 0.093224826 0.089336664 0.085448503 0.081560342 0.07767218 0.076491518 0.080958035 0.085424553 0.08989107 0.094357587 0.098824104 0.10196141 0.094670343 0.087379272 0.080088201 0.072797131 0.06550606 0.059974145 0.058500675 0.057027206 0.055553736 0.054080267 0.052606797 0.051072769 0.063158747 0.07542386 0.087688973 0.099954086 0.1122192 0.11821455 0.11212382 0.10603308 0.099942345 0.093851609 0.087760872 0.088676146 0.088854544 0.089032943 0.089211341 0.08938974 0.089568139 0.088344078 0.088414944 0.08848581 0.088556675 0.088627541 0.088698407 0.086507934 0.085212235 0.083916535 0.082620836 0.081325136 0.079110449
-9999 0.087871432 0.08398327 0.080095109 0.076206948 0.072468482 0.069783841 0.068087061 0.067530398 0.071012715 0.075479232 0.079945749 0.084412267 0.087819932 0.089107187 0.084388682 0.077097611 0.06980654 0.06251547 0.056983555 0.055510085 0.054036616 0.052563146 0.051089677 0.044126133 0.04000233 0.04504048 0.054891755 0.067156868 0.079421981 0.091687094 0.097682449 0.091591713 0.085500976 0.07941024 0.073445532 0.074708062 0.0786954 0.086580961 0.088047192 0.08822559 0.088403989 0.088582387 0.08597699 0.081512919 0.081583785 0.081654651 0.081725517 0.081796383 0.077381097 0.073470205 0.072174505 0.070878806 0.069583106 0.067368419
-9999 0.078629876 0.074741715 0.070853553 0.06754065 0.06485601 0.062171369 0.060474589 0.059917926 0.059361263 0.061067395 0.065533912 0.070000429 0.073408095 0.074695349 0.075982604 0.074107021 0.06681595 0.059524879 0.053992964 0.052519495 0.051046025 0.048139936 0.040597815 0.033055694 0.028931892 0.033970041 0.039008191 0.046624763 0.058889876 0.071154989 0.077150344 0.071059608 0.064968871 0.061277922 0.062540452 0.063802983 0.067790321 0.075675882 0.083561443 0.087239839 0.087418238 0.087596636 0.084991239 0.080384607 0.075777975 0.074752626 0.074823492 0.074894358 0.070479072 0.065288457 0.060432475 0.059136776 0.057841076 0.055626389
-9999 0.069388321 0.065500159 0.062612818 0.059928178 0.057243538 0.054558897 0.052862117 0.052305454 0.051748791 0.051192127 0.051122075 0.055588592 0.058996258 0.060283512 0.061570767 0.062858021 0.06382536 0.056534289 0.051002374 0.049528904 0.044611618 0.037069497 0.029527376 0.021985255 0.017861453 0.022899603 0.027937753 0.032975902 0.038357771 0.050622884 0.056618239 0.050527503 0.049110311 0.050372842 0.051635372 0.052897903 0.056885241 0.064770802 0.072656363 0.080541924 0.086432486 0.086610885 0.084005488 0.079398856 0.074792224 0.070185592 0.067921467 0.067992333 0.063577047 0.058386432 0.053195817 0.048005202 0.046099046 0.043884359
-9999 0.060369626 0.057684986 0.055000346 0.052315706 0.049631066 0.046946426 0.045249645 0.044692982 0.044136319 0.043579655 0.043022992 0.042466329 0.044584421 0.045871675 0.04715893 0.048446184 0.049733439 0.051020693 0.048011784 0.0410833 0.033541179 0.025999058 0.018456938 0.010914817 0.0067910145 0.011829164 0.016867314 0.021905464 0.026943613 0.031981763 0.036086134 0.036942701 0.038205232 0.039467762 0.040730293 0.041992823 0.045980161 0.053865722 0.061751283 0.069636844 0.077522405 0.085407967 0.083019737 0.078413105 0.073806472 0.06919984 0.064593208 0.061090309 0.056675023 0.051484408 0.046293793 0.041103178 0.035912563 0.032142329
-9999 0.057470647 0.054786007 0.052101366 0.049416726 0.046732086 0.045445307 0.048544334 0.051041119 0.050484456 0.049927792 0.049371129 0.048814466 0.047169467 0.045415985 0.046703239 0.047990494 0.049277748 0.050565003 0.049182387 0.041640266 0.034098145 0.026556024 0.019013903 0.012289369 0.009075564 0.0092262096 0.014264359 0.019302509 0.024340659 0.029378808 0.03312733 0.034389861 0.035652391 0.036914922 0.038177452 0.040651378 0.039884414 0.039560386 0.047445947 0.055331508 0.063217069 0.07110263 0.074946913 0.072002545 0.067395912 0.06278928 0.058182648 0.053576016 0.060543141 0.055542322 0.050351707 0.045161092 0.039970477 0.033001269
-9999 0.056621333 0.053936693 0.051252053 0.048567413 0.048493305 0.049238186 0.052337214 0.058153227 0.062903375 0.062346712 0.061790049 0.061233386 0.059588387 0.055763932 0.052316391 0.053603646 0.0548909 0.056178155 0.054795539 0.047253418 0.039711297 0.032169176 0.026801944 0.023355392 0.020141587 0.017551604 0.015343497 0.020381647 0.025419797 0.030457946 0.034206468 0.035468999 0.036731529 0.03799406 0.041624627 0.046627702 0.045860738 0.036838915 0.031662006 0.039547567 0.047433128 0.055318689 0.059162972 0.060102033 0.058626369 0.054019737 0.049413105 0.044806473 0.051773598 0.060740982 0.05917556 0.053984945 0.04879433 0.041825122
-9999 0.05577202 0.053087379 0.050796421 0.051541302 0.052286184 0.053031066 0.056130093 0.061946106 0.06776212 0.073578134 0.074208969 0.073652306 0.072007306 0.068182852 0.064358398 0.060533944 0.060504053 0.061791307 0.060408691 0.05286657 0.045324449 0.04131452 0.037867968 0.034421415 0.03120761 0.028617627 0.026027643 0.02343766 0.026498935 0.031537085 0.035285606 0.036548137 0.037810667 0.042597876 0.047600951 0.052604026 0.051837062 0.042815239 0.033793416 0.024771593 0.031649187 0.039534748 0.043379031 0.044318092 0.045257152 0.045250194 0.040643562 0.03603693 0.043004055 0.051971439 0.060938823 0.062808798 0.057618183 0.050648975
-9999 0.054922706 0.053844418 0.0545893 0.055334181 0.056079063 0.056823945 0.059922972 0.065738986 0.071554999 0.077371013 0.083187026 0.086071225 0.084426226 0.080601772 0.076777318 0.072952864 0.069128409 0.067404459 0.066021843 0.059273648 0.055827095 0.052380543 0.048933991 0.045487438 0.042273634 0.03968365 0.037093666 0.034503683 0.031913699 0.032616223 0.036364744 0.038568051 0.043571125 0.0485742 0.053577275 0.058580349 0.057813385 0.048791562 0.03976974 0.030747917 0.021726094 0.023750807 0.02759509 0.028534151 0.029473211 0.030412271 0.031351332 0.027267387 0.034234512 0.043201896 0.05216928 0.061136665 0.066442036 0.059472828
-9999 0.055380155 0.056125037 0.056869918 0.0576148 0.058359681 0.059104563 0.06126641 0.067082424 0.072898437 0.078714451 0.084530464 0.090346478 0.094727463 0.090903009 0.087078555 0.083254101 0.079429646 0.075605192 0.07189501 0.068448458 0.065001905 0.061555353 0.058108801 0.054662249 0.053239652 0.050649669 0.048059685 0.045469702 0.042879718 0.040289734 0.040293291 0.045296366 0.05029944 0.055302515 0.06030559 0.065308664 0.062379411 0.053357588 0.044335765 0.035313943 0.02629212 0.017270297 0.013157254 0.014096314 0.015035374 0.015974435 0.016913495 0.017852555 0.02563689 0.034604275 0.043571659 0.052539043 0.061506428 0.062273655
-9999 0.050139005 0.050883887 0.051628768 0.05237365 0.052934851 0.049543658 0.050426679 0.056242693 0.062058706 0.06787472 0.073690733 0.079944658 0.085360922 0.089016407 0.086846743 0.083022289 0.079197835 0.075373381 0.071663198 0.068216646 0.064770094 0.061323542 0.057876989 0.05385052 0.05254022 0.058837359 0.058528297 0.055938313 0.05334833 0.050758346 0.050761903 0.055764977 0.060768052 0.065771127 0.070774201 0.066504982 0.059930818 0.050908996 0.041887173 0.03286535 0.023913613 0.015723745 0.0099173526 0.0063538067 0.007292867 0.0082319274 0.0091709878 0.010110048 0.017894383 0.026861767 0.035829152 0.044796536 0.04322312 0.035116816
-9999 0.044897855 0.045642737 0.046387619 0.045486313 0.04209512 0.038703927 0.039586948 0.045402962 0.051218975 0.057162939 0.063458469 0.069753999 0.075170264 0.078825748 0.082481233 0.082790478 0.078966023 0.075141569 0.071431387 0.067984834 0.064538282 0.060981217 0.056832586 0.052683956 0.051373656 0.057670795 0.063967934 0.066406925 0.063816941 0.061226957 0.061230514 0.066233589 0.071236664 0.07378295 0.068919669 0.064056389 0.057482226 0.048460403 0.03943858 0.030725637 0.022535769 0.014345901 0.0085395087 0.004446567 0.00035362524 0.00048942014 0.0014284805 0.0023675409 0.010151876 0.01911926 0.028086645 0.022722265 0.016066282 0.0079599778
-9999 0.039656706 0.040401587 0.038037775 0.034646582 0.031255389 0.027864196 0.028747217 0.034563231 0.040676751 0.046972281 0.053267811 0.059563341 0.064979605 0.06863509 0.072290574 0.075946059 0.078734212 0.074909757 0.071199575 0.067753023 0.063963284 0.059814653 0.055666022 0.051517391 0.050207091 0.056504231 0.06280137 0.069098509 0.074285553 0.071695569 0.071699126 0.0767022 0.076197638 0.071334357 0.066471077 0.061607796 0.055033633 0.04601181 0.037537661 0.029347793 0.021157925 0.012968057 0.0071616647 0.003068723 -0.0010242187 -0.0051171604 -0.0063140267 -0.0053749664 0.0024093686 0.0088773922 0.0022214091 -0.0044345739 -0.011090557 -0.019196861
-9999 0.033980431 0.030589237 0.027198044 0.023806851 0.020415658 0.017024465 0.017907486 0.024190562 0.030486092 0.036781622 0.043077152 0.049372683 0.054788947 0.058444431 0.062099916 0.0657554 0.069410885 0.073066369 0.070967764 0.06694535 0.062796719 0.058648089 0.054499458 0.050350827 0.049040527 0.055337666 0.061634805 0.067931944 0.074229083 0.080526222 0.082167737 0.078612326 0.073749045 0.068885765 0.064022484 0.059159203 0.05258504 0.044349685 0.036159817 0.027969949 0.019780081 0.011590213 0.0057838208 0.001690879 -0.0024020627 -0.0064950044 -0.010587946 -0.013117474 -0.011623463 -0.018279446 -0.02493543 -0.031591413 -0.038247396 -0.0463537
-9999 0.026212382 0.022821189 0.019429996 0.016038803 0.01264761 0.0087653231 0.0057965884 0.0091000311 0.015395561 0.021691091 0.027986622 0.034282152 0.038877979 0.041214314 0.044869798 0.048525283 0.052180767 0.055836252 0.057131889 0.052983258 0.048834627 0.044685996 0.040537365 0.036775323 0.03615741 0.039636655 0.045933794 0.052230933 0.058528072 0.064825211 0.067310316 0.062447036 0.057583755 0.052720474 0.047857194 0.043397099 0.039889604 0.033604855 0.025414988 0.01722512 0.0090352517 0.00084538382 0.00086601951 -0.00078955055 -0.0048824923 -0.008975434 -0.013068376 -0.017161317 -0.019460724 -0.026116707 -0.03277269 -0.039428673 -0.046084656 -0.051016094
