P1_models/J1_p1_vp_slide_diff_160.dat.tif
NCOLS 118
NROWS 92
XLLCORNER 139.62
YLLCORNER -39.07
DX 0.099491525
DY 0.099347826
NODATA_VALUE -9999
[rows 0 to 26 of 92, columns 0 to 59 of 118]
-9999 -9999 -9999 -9999 -9999 -9999 -9999 -9999 -9999 -9999 -9999 -9999 -9999 -9999 -9999 -9999 -9999 -9999 -9999 -9999 -9999 -9999 -9999 -9999 -9999 -9999 -9999 -9999 -9999 -9999 -9999 -9999 -9999 -9999 -9999 -9999 -9999 -9999 -9999 -9999 -9999 -9999 -9999 -9999 -9999 -9999 -9999 -9999 -9999 -9999 -9999 -9999 -9999 -9999 -9999 -9999 -9999 -9999 -9999 -9999
-9999 8.2619602 8.2610995 8.2602388 8.2593782 8.2585175 8.257405 8.2576647 8.259682 8.2614301 8.2631782 8.2649263 8.2666744 8.268589 8.2703613 8.2715882 8.2728151 8.274042 8.2752689 8.2769277 8.279583 8.2822383 8.2848935 8.2875488 8.2896976 8.2884301 8.2853457 8.2807706 8.2761955 8.2716204 8.2670453 8.2650978 8.2682154 8.271333 8.2744506 8.2775683 8.2797233 8.2817646 8.284689 8.2855347 8.2863804 8.287226 8.2880717 8.281725 8.2764177 8.2730937 8.2697696 8.2664455 8.2631215 8.2557101 8.2462067 8.2367033 8.2271999 8.2176965 8.2121538 8.2169761 8.2170635 8.2171509 8.2172383 8.2173257
-9999 8.2577568 8.2568961 8.2560354 8.2551747 8.2538664 8.2522776 8.2525373 8.2549303 8.2571211 8.2588692 8.2606173 8.2623654 8.26428 8.266528 8.2685538 8.2697807 8.2710076 8.2722345 8.2738933 8.2765485 8.2792038 8.2818591 8.283103 8.2821122 8.2808446 8.2788352 8.2763343 8.2717592 8.2671841 8.262609 8.2606615 8.2637791 8.2668967 8.2700144 8.2713406 8.2708138 8.2728552 8.2785706 8.282501 8.2833467 8.2841924 8.2850381 8.2786913 8.2671741 8.2603446 8.2570206 8.2536965 8.2503725 8.2430242 8.2349805 8.2256548 8.2161514 8.206648 8.2011052 8.2092817 8.2154385 8.2155259 8.2156133 8.2157007
-9999 8.2535533 8.2526926 8.2518319 8.2503277 8.248739 8.2471502 8.2474099 8.2498029 8.2521959 8.2545602 8.2563083 8.2580564 8.259971 8.262219 8.264467 8.266715 8.2679731 8.2692 8.2708588 8.2735141 8.2761693 8.2765083 8.2755175 8.2745268 8.2732592 8.2712498 8.2692404 8.2672311 8.2627478 8.2581727 8.2562252 8.2593428 8.2624604 8.262958 8.2624312 8.2619044 8.2639457 8.2696612 8.2753766 8.2803131 8.2811588 8.2820045 8.2756577 8.2641404 8.2526232 8.2442716 8.2409475 8.2376234 8.2302752 8.2222315 8.2141878 8.2051029 8.1955995 8.1900567 8.1982332 8.2064096 8.213901 8.2139884 8.2140758
-9999 8.2493499 8.2483779 8.2467891 8.2452004 8.2436116 8.2420228 8.2422825 8.2446755 8.2470685 8.2494616 8.2518546 8.2537474 8.255662 8.25791 8.260158 8.262406 8.2646541 8.2661656 8.2678244 8.2704796 8.2699137 8.2689229 8.2679321 8.2669414 8.2656738 8.2636644 8.261655 8.2596456 8.2576362 8.2537364 8.2517889 8.2549065 8.2545754 8.2540486 8.2535218 8.252995 8.2550363 8.2607518 8.2664672 8.2721826 8.2778981 8.2789708 8.2726241 8.2611068 8.2495895 8.2380722 8.2281985 8.2248744 8.2175262 8.2094825 8.2014388 8.1933951 8.184551 8.1790082 8.1871846 8.1953611 8.2035375 8.2117139 8.2124508
-9999 8.2448393 8.2432505 8.2416617 8.240073 8.2384842 8.2368954 8.2371551 8.2395481 8.2419412 8.2443342 8.2467272 8.2491202 8.251353 8.253601 8.255849 8.258097 8.260345 8.2625931 8.2643098 8.263319 8.2623283 8.2613375 8.2603467 8.2593559 8.2580884 8.256079 8.2540696 8.2520602 8.2500508 8.2480414 8.2467195 8.2461927 8.2456659 8.2451391 8.2446123 8.2440855 8.2461269 8.2518423 8.2575578 8.2632732 8.2689887 8.2747041 8.2695905 8.2580732 8.2465559 8.2350386 8.2235213 8.2121254 8.2047772 8.1967335 8.1886898 8.180646 8.1726023 8.1679597 8.1761361 8.1843126 8.192489 8.2006654 8.2088418
-9999 8.2432547 8.2416659 8.2400772 8.2384884 8.2368996 8.2354083 8.2357574 8.2381504 8.2405434 8.2429365 8.2453295 8.2476041 8.2493314 8.2505591 8.2528071 8.2550552 8.2573032 8.2595512 8.2608198 8.2598291 8.2588383 8.2578475 8.2568567 8.2556636 8.2549791 8.2558897 8.2538803 8.251871 8.2498616 8.2478522 8.2463492 8.2458224 8.2452956 8.2447688 8.244242 8.2409762 8.2397507 8.2454662 8.2511816 8.2568971 8.2626125 8.2639593 8.2643979 8.2589206 8.2474033 8.2358861 8.2243688 8.2128515 8.2042959 8.1962522 8.1882085 8.1801648 8.1741277 8.1759194 8.1840959 8.1922723 8.2004487 8.2086251 8.2118514
-9999 8.2422314 8.2406427 8.2390539 8.2374651 8.2360232 8.2346014 8.2349506 8.2373436 8.2397366 8.2421296 8.2443268 8.2464578 8.2481851 8.2491035 8.250022 8.252214 8.254462 8.25671 8.2579787 8.2569879 8.2559972 8.2550064 8.2536638 8.2521291 8.2514446 8.2530387 8.2546327 8.2528534 8.250844 8.2488347 8.2473317 8.2468049 8.2462781 8.2457513 8.2410784 8.2350014 8.2337759 8.2394913 8.2452068 8.2509222 8.2506971 8.2496447 8.2500834 8.2515939 8.2488657 8.2373484 8.2258311 8.2143138 8.2057582 8.1977145 8.1896708 8.1851504 8.1850989 8.1868906 8.195067 8.2032434 8.2114199 8.213137 8.2133609
-9999 8.2412081 8.2396194 8.2380598 8.2366381 8.2352163 8.2337946 8.2341437 8.2365368 8.2389183 8.2410494 8.2431805 8.2453115 8.2470388 8.2479572 8.2488757 8.2497942 8.2516209 8.2538689 8.2551376 8.2541468 8.253156 8.251664 8.2501293 8.2485947 8.2479101 8.2495042 8.2510983 8.2526923 8.2518265 8.2498171 8.2483142 8.2477874 8.2472578 8.2411807 8.2351036 8.2290265 8.2278011 8.2335165 8.2384873 8.2374349 8.2363826 8.2353302 8.2357688 8.2372794 8.2387899 8.2388107 8.2272934 8.2157761 8.2072206 8.1991769 8.1961731 8.1961216 8.1960701 8.1978618 8.2060382 8.2141988 8.2144226 8.2146465 8.2148704
-9999 8.2401849 8.2386748 8.237253 8.2358313 8.2344095 8.2329878 8.2333369 8.2356409 8.237772 8.2399031 8.2420342 8.2441652 8.2458924 8.2468109 8.2477294 8.2486479 8.2495663 8.2510278 8.2522964 8.2511988 8.2496642 8.2481295 8.2465949 8.2450602 8.2443757 8.2459697 8.2475638 8.2491579 8.2507519 8.2507996 8.2492966 8.24736 8.241283 8.2352059 8.2291288 8.2230517 8.2218263 8.2252252 8.2241728 8.2231204 8.222068 8.2210156 8.2214543 8.2229648 8.2244753 8.2259859 8.2274964 8.2172385 8.2086829 8.2071958 8.2071443 8.2070928 8.2070412 8.2088329 8.2154844 8.2157082 8.2159321 8.2161559 8.2163798
-9999 8.2396648 8.2382431 8.2368213 8.2353996 8.2339778 8.2325561 8.2329441 8.2350752 8.2372063 8.2393373 8.2414684 8.2435995 8.2450602 8.2459787 8.2468972 8.2478157 8.2487341 8.2496526 8.2498293 8.2482946 8.24676 8.2452253 8.2436907 8.242156 8.2410884 8.2426825 8.2442765 8.2458706 8.2474646 8.2490587 8.2480325 8.2419555 8.2358784 8.2298013 8.2237242 8.2176471 8.213902 8.2128496 8.2117972 8.2107448 8.2096924 8.2086401 8.2097046 8.2112151 8.2127256 8.2142362 8.2157467 8.2172572 8.2174359 8.2173843 8.2173328 8.2172813 8.2172298 8.2155277 8.2157515 8.2159754 8.2161992 8.2164231 8.216647
-9999 8.241692 8.2402702 8.2388485 8.2374267 8.236005 8.235444 8.2361833 8.2383143 8.2404454 8.2425765 8.2447076 8.2462728 8.2472217 8.2472746 8.2481235 8.249042 8.2499605 8.2508789 8.2510556 8.249521 8.2479863 8.2464516 8.244917 8.2432168 8.2417825 8.2412646 8.2426091 8.2442032 8.2457972 8.2473913 8.2463651 8.2402881 8.234211 8.2281339 8.2220568 8.2172849 8.2142337 8.2131814 8.212129 8.2110766 8.2100242 8.2117025 8.2139602 8.2162746 8.2177851 8.2192957 8.2208062 8.2223167 8.2224954 8.2224438 8.2223923 8.2223408 8.2162582 8.2076531 8.207877 8.2081008 8.2083247 8.2085485 8.2122824
-9999 8.2437191 8.2422973 8.2408756 8.2396164 8.2391498 8.2386831 8.2394224 8.2415535 8.2436846 8.245787 8.2471833 8.2485796 8.2495285 8.2495814 8.2496343 8.2502683 8.2511868 8.2521053 8.2522819 8.2507473 8.2492126 8.247678 8.2459178 8.2441416 8.2427072 8.2421894 8.2416715 8.2425358 8.2441299 8.2457239 8.2446978 8.2386207 8.2325436 8.2265132 8.222065 8.2176167 8.2145655 8.2135131 8.2124608 8.2118539 8.2136816 8.2155093 8.2177671 8.220334 8.2228446 8.2243552 8.2258657 8.2273762 8.2275549 8.2275033 8.2274518 8.2195375 8.2083836 8.1997786 8.2000024 8.2002263 8.2007556 8.2048171 8.2088787
-9999 8.2457462 8.2443244 8.2433222 8.2428555 8.2423889 8.2419223 8.2426616 8.2447926 8.2466974 8.2480937 8.24949 8.2508863 8.2518352 8.2518881 8.251941 8.2519939 8.2524131 8.2533316 8.2535083 8.2519736 8.2503951 8.2486188 8.2468426 8.2450663 8.243632 8.2431141 8.2425963 8.2420784 8.2424625 8.2440565 8.2430304 8.2369533 8.2312933 8.226845 8.2223967 8.2179485 8.2148973 8.2138449 8.213833 8.2156608 8.2174885 8.2193162 8.221574 8.2241408 8.2267077 8.2292746 8.2309252 8.2324357 8.2326144 8.2325628 8.2228168 8.2116629 8.200509 8.191904 8.1921279 8.1932903 8.1973519 8.2014134 8.205475
-9999 8.2477733 8.247028 8.2465613 8.2460947 8.2456281 8.2451614 8.2459007 8.2476078 8.2490041 8.2504004 8.2517967 8.253193 8.2541419 8.2541948 8.2542477 8.2543006 8.2543535 8.2545579 8.2547346 8.2530961 8.2513199 8.2495436 8.2477673 8.2459911 8.2445568 8.2440389 8.243521 8.2430032 8.2424853 8.2423891 8.241363 8.2360734 8.2316251 8.2271768 8.2227285 8.2182802 8.2152291 8.2158122 8.2176399 8.2194676 8.2212954 8.2231231 8.2253809 8.2279477 8.2305146 8.2330815 8.2356484 8.2374952 8.23725 8.2260962 8.2149423 8.2037884 8.1926345 8.1840294 8.185825 8.1898866 8.1939482 8.1980097 8.2020713
-9999 8.2507165 8.2502499 8.2497833 8.2493166 8.24885 8.2483834 8.2489239 8.2503203 8.2517166 8.2531129 8.2545092 8.2559055 8.2567346 8.2567694 8.2568223 8.2568752 8.2569281 8.256981 8.2564808 8.2547045 8.2529282 8.251152 8.2493757 8.2475995 8.2429876 8.241202 8.2406841 8.2401663 8.2396484 8.2391306 8.2372702 8.2328219 8.2283736 8.2239253 8.2194771 8.2150288 8.2119827 8.2138104 8.2156381 8.2174658 8.2192936 8.2211213 8.2234843 8.2260512 8.2286181 8.2311849 8.2337518 8.2363187 8.2286737 8.2175198 8.2063659 8.195212 8.1840581 8.1792762 8.1851096 8.1891712 8.1932327 8.1972943 8.2013559
-9999 8.2538984 8.2534318 8.2529651 8.2524985 8.25212 8.2522402 8.2528499 8.2540245 8.2553717 8.256768 8.2581643 8.2595606 8.2603898 8.2600832 8.2600192 8.2600721 8.260125 8.2601778 8.2596776 8.2579014 8.2561251 8.2543489 8.2525726 8.2510136 8.2464823 8.2339403 8.2291065 8.2285887 8.2280708 8.2275529 8.2256926 8.2212443 8.216796 8.2123477 8.2082325 8.2117014 8.2098724 8.2004641 8.200139 8.2019667 8.2037945 8.2056222 8.208048 8.2109019 8.2134688 8.2160357 8.2186025 8.2211694 8.2155793 8.2073128 8.1961589 8.185005 8.1738511 8.1690691 8.1863586 8.1947023 8.1987639 8.2028254 8.206887
-9999 8.2570803 8.2566136 8.256147 8.2559422 8.2560624 8.2561826 8.2567923 8.257967 8.2591416 8.2604232 8.2618195 8.2632158 8.2640449 8.2637383 8.2634317 8.2632689 8.2633218 8.2633747 8.2628745 8.2610983 8.259322 8.2575936 8.256051 8.2545084 8.249977 8.237435 8.224893 8.2170111 8.2164932 8.2159753 8.214115 8.2096667 8.2052184 8.2031102 8.2065791 8.210048 8.208219 8.1988107 8.1894024 8.1864676 8.1882954 8.1901231 8.1925489 8.1954046 8.1982604 8.2008864 8.2034533 8.2060202 8.20043 8.19343 8.1859518 8.174798 8.1636441 8.1588621 8.1761516 8.1934411 8.204295 8.2083566 8.2124181
-9999 8.2602622 8.2597955 8.2597644 8.2598846 8.2600048 8.260125 8.2607347 8.2619094 8.263084 8.2642587 8.2654746 8.2668709 8.2677001 8.2673935 8.2670869 8.2667803 8.2665187 8.2665716 8.2660714 8.2642952 8.2626309 8.2610883 8.2595457 8.2580031 8.2534717 8.2409297 8.2283877 8.2158457 8.2049156 8.2043977 8.2025373 8.1980891 8.1979879 8.2014568 8.2049257 8.2083946 8.2065656 8.1971573 8.187749 8.1783407 8.1727962 8.174624 8.1770498 8.1799055 8.1827613 8.185617 8.188304 8.1908709 8.1852807 8.1782808 8.1712808 8.1642809 8.153437 8.148655 8.1659445 8.183234 8.2005235 8.2138877 8.2179493
-9999 8.2634664 8.2635866 8.2637068 8.263827 8.2639472 8.2640674 8.2646771 8.2658518 8.2670265 8.2682011 8.2693758 8.2705504 8.2713553 8.2710487 8.2707421 8.2704355 8.2701289 8.2698223 8.2692683 8.2676683 8.2661257 8.264583 8.2630404 8.2614978 8.2569664 8.2444244 8.2318824 8.2193404 8.2067984 8.1942564 8.1909597 8.1928657 8.1963345 8.1998034 8.2032723 8.2067412 8.2049122 8.1955039 8.1860956 8.1766873 8.167279 8.1591249 8.1615507 8.1644064 8.1672622 8.1701179 8.1729737 8.1757216 8.1701314 8.1631315 8.1561315 8.1491316 8.1421317 8.138448 8.1557375 8.173027 8.1903165 8.207606 8.2234804
-9999 8.2648036 8.2649238 8.265044 8.2651642 8.2652844 8.2659366 8.2679505 8.2691251 8.2702998 8.2714744 8.2726491 8.2737779 8.2742622 8.2742262 8.2739196 8.273613 8.2733064 8.2729998 8.2723194 8.2707768 8.2692342 8.2676916 8.266149 8.2646064 8.2554206 8.2446406 8.2320986 8.2195566 8.2070146 8.1944726 8.1873994 8.1908683 8.1943371 8.197806 8.2012749 8.2041126 8.1993335 8.1899252 8.1805169 8.1711086 8.1617003 8.1532469 8.1531279 8.1561234 8.1589791 8.1618349 8.1646906 8.1675464 8.1619988 8.1549988 8.1479989 8.140999 8.133999 8.1342135 8.151503 8.1687925 8.186082 8.2033715 8.2155405
-9999 8.2641756 8.2642958 8.264416 8.2645362 8.2659641 8.2687052 8.2707191 8.2718938 8.2730684 8.2742431 8.2751828 8.2757188 8.2762031 8.276584 8.2767368 8.2764302 8.2761236 8.275817 8.2751367 8.2735941 8.2720514 8.2705088 8.2668105 8.2573745 8.2481758 8.239613 8.2298417 8.2172997 8.2047577 8.1922157 8.1851425 8.1886114 8.1920803 8.1955491 8.1971162 8.1955729 8.1907938 8.1813855 8.1719772 8.1625689 8.154896 8.1488479 8.1487289 8.1528721 8.1561393 8.158995 8.1618508 8.1647065 8.1591589 8.152159 8.145159 8.1383996 8.1340141 8.1344843 8.1517738 8.1690633 8.1863528 8.1949702 8.1935441
-9999 8.2635476 8.2636678 8.263788 8.2659917 8.2687328 8.2714739 8.2734878 8.2746624 8.2758371 8.2765877 8.2771237 8.2776596 8.2781439 8.2785248 8.2789057 8.2792475 8.2789409 8.2786343 8.2779539 8.2764113 8.2748687 8.2690016 8.2595657 8.2501298 8.2409311 8.2323682 8.2238054 8.2150428 8.2025008 8.1899588 8.1828856 8.1863545 8.1898234 8.1901198 8.1885765 8.1870332 8.1822541 8.1728458 8.1634375 8.1565451 8.150497 8.144449 8.1443299 8.1484731 8.1526163 8.1561551 8.1590109 8.1618667 8.156319 8.1493191 8.1430558 8.1386704 8.1342849 8.1347551 8.1520446 8.1693341 8.1743998 8.1729737 8.1715476
-9999 8.2629196 8.2632782 8.2660193 8.2687603 8.2715014 8.2742425 8.2762564 8.277431 8.2779927 8.2785286 8.2790646 8.2796005 8.2800848 8.2804657 8.2808466 8.2812275 8.2816084 8.2814515 8.2807712 8.2792286 8.2711928 8.2617569 8.2523209 8.242885 8.2336863 8.2251234 8.2165606 8.2079977 8.1994349 8.1877019 8.1806287 8.1840976 8.1831234 8.1815801 8.1800368 8.1784935 8.1737144 8.1643061 8.1581941 8.1521461 8.146098 8.14005 8.1399309 8.1440741 8.1482173 8.1523605 8.156171 8.1590268 8.1534792 8.147712 8.1433266 8.1389411 8.1345557 8.1350259 8.1523154 8.1538295 8.1524034 8.1509773 8.1495512
-9999 8.2633058 8.2660468 8.2687879 8.271529 8.27427 8.2770111 8.2788616 8.2793976 8.2799335 8.2804695 8.2810054 8.2815414 8.2820257 8.2824066 8.2827875 8.2831684 8.2835492 8.2839301 8.2828199 8.273384 8.263948 8.2545121 8.2450761 8.2356402 8.2264415 8.2178786 8.2093158 8.2007529 8.1921901 8.1836272 8.1776703 8.176127 8.1745837 8.1730404 8.1714971 8.1699538 8.1658912 8.1598432 8.1537951 8.1477471 8.141699 8.135651 8.1355319 8.1396751 8.1438183 8.1479615 8.1521047 8.1561869 8.1523682 8.1479828 8.1435974 8.1392119 8.1348265 8.1346852 8.1332591 8.131833 8.1304069 8.1289808 8.1275547
-9999 8.2579696 8.2607107 8.2634518 8.2661928 8.2689339 8.2754926 8.2814457 8.2826915 8.2832275 8.2837634 8.2842994 8.2848353 8.2841389 8.2819079 8.2822888 8.2826697 8.2830506 8.2834315 8.2808439 8.271408 8.261972 8.2525361 8.2431001 8.2353988 8.2261219 8.2067118 8.1981489 8.1895861 8.1810232 8.1724604 8.1662952 8.1647519 8.1632086 8.1616653 8.160122 8.15956 8.1593664 8.1562793 8.1502313 8.1441832 8.1381351 8.1320871 8.1280263 8.1292258 8.133369 8.1375122 8.1416554 8.1457986 8.1513802 8.148484 8.1440985 8.1397131 8.1353277 8.1325864 8.1345524 8.1331263 8.1317002 8.1302741 8.128848
-9999 8.2510802 8.2538212 8.2565623 8.2593034 8.2679101 8.2775699 8.2835229 8.2851978 8.2867808 8.2873167 8.2878527 8.2883886 8.2876921 8.2845276 8.2813631 8.2817035 8.2820844 8.2824653 8.2798777 8.2704417 8.2610058 8.2515699 8.2452643 8.2409084 8.2316315 8.2091651 8.1866987 8.1776675 8.1691047 8.1605418 8.1543766 8.1528333 8.15129 8.1497467 8.1497216 8.1502963 8.1501027 8.14881 8.1468274 8.1407794 8.1347313 8.1286833 8.1246225 8.1219903 8.1217601 8.1259033 8.1300465 8.1341897 8.1397713 8.1456015 8.1446439 8.1402585 8.135873 8.1331318 8.136086 8.1388832 8.1374571 8.136031 8.1346049
