P1_models/J1_p1_vp_slide_diff2_35.dat.tif
NCOLS 118
NROWS 92
XLLCORNER 139.62
YLLCORNER -39.07
DX 0.099491525
DY 0.099347826
NODATA_VALUE -9999
[rows 50 to 74 of 92, columns 0 to 55 of 118]
-9999 0.25094392 0.26312218 0.27530043 0.29231586 0.3114621 0.33060835 0.34156143 0.34305853 0.34455563 0.34091863 0.33329693 0.32567522 0.32172527 0.32512821 0.32853116 0.33367231 0.34821581 0.36275932 0.37275878 0.37227492 0.37179105 0.372117 0.37343775 0.3747585 0.37220629 0.35927357 0.34634086 0.33253005 0.3136501 0.29477015 0.2772467 0.26233814 0.24742959 0.22824113 0.20534004 0.18243894 0.15544761 0.1226046 0.089761587 0.061089632 0.034635179 0.0081807252 -0.0086024611 -0.018433097 -0.028263732 -0.049150158 -0.078597206 -0.10804425 -0.1124031 -0.11242601 -0.11310835 -0.11661578 -0.12012321 -0.12334663 -0.12558626
-9999 0.25504037 0.26755167 0.28669791 0.30584416 0.32499041 0.34413665 0.35508973 0.35658683 0.34972544 0.34210374 0.33448204 0.32686033 0.32291038 0.32631332 0.32971627 0.33311921 0.33652215 0.3491118 0.35911125 0.35862739 0.3595514 0.36087215 0.3621929 0.36351365 0.36096144 0.34802873 0.33509601 0.32216329 0.30923057 0.29131152 0.27378807 0.25887951 0.23721962 0.21431853 0.19141743 0.16851634 0.141525 0.10868199 0.081843728 0.055389275 0.028934821 0.0024803677 -0.014302819 -0.024133454 -0.033964089 -0.043794725 -0.059485995 -0.088933043 -0.093291886 -0.09481973 -0.098327161 -0.10183459 -0.10534202 -0.10856544 -0.11080507
-9999 0.26193372 0.28107997 0.30022622 0.31937246 0.33851871 0.35766496 0.36615396 0.35853226 0.35091055 0.34328885 0.33566715 0.32804544 0.32409549 0.32749843 0.33090137 0.33430432 0.33770726 0.3411102 0.34566505 0.3469858 0.34830655 0.3496273 0.35094805 0.3522688 0.34971659 0.33678388 0.32385116 0.31091844 0.29798572 0.285053 0.26909921 0.24619811 0.22329702 0.20039592 0.17749483 0.15459374 0.12905228 0.10259782 0.076143371 0.049688917 0.023234464 -0.0032199898 -0.020003176 -0.029833811 -0.039664447 -0.049495082 -0.059325718 -0.069821833 -0.076531108 -0.080038539 -0.083545971 -0.087053403 -0.090560834 -0.094022025 -0.10144001
-9999 0.28338015 0.3025264 0.32167264 0.34081889 0.35996514 0.36523522 0.35953547 0.35191377 0.34429207 0.33667036 0.32904866 0.32125877 0.31635373 0.31807598 0.32147893 0.32488187 0.32828481 0.33168775 0.33446107 0.33578182 0.33710257 0.33842332 0.33974407 0.34005169 0.33707243 0.32862678 0.31569406 0.30276135 0.28982863 0.27689591 0.26055832 0.23765723 0.21475613 0.19185504 0.16895394 0.15024388 0.13073099 0.10427653 0.077822081 0.051367628 0.024913174 0.0017131755 -0.01448566 -0.025530238 -0.035360873 -0.045191509 -0.055022144 -0.06485278 -0.069291995 -0.072799427 -0.076306858 -0.07981429 -0.082056204 -0.082739844 -0.090157826
-9999 0.30615132 0.32529757 0.34444381 0.36359006 0.36134562 0.35731115 0.3516114 0.3439897 0.336368 0.32874629 0.32083977 0.31285827 0.30795322 0.30920897 0.31046472 0.31368472 0.31708766 0.3204906 0.32326392 0.32458467 0.32590542 0.32722617 0.32674301 0.32544929 0.32247003 0.31497309 0.30747615 0.29512085 0.28218813 0.26925541 0.25291783 0.23001673 0.20711564 0.18421454 0.16781798 0.15315715 0.13364426 0.1071898 0.080735348 0.054280895 0.032357554 0.010831362 -0.0053674729 -0.017736539 -0.02938359 -0.039214225 -0.049044861 -0.058875496 -0.063314712 -0.066822143 -0.070329575 -0.071543361 -0.070282839 -0.070966479 -0.07838446
-9999 0.32892249 0.34806874 0.36149047 0.35745601 0.35342155 0.34938708 0.34368733 0.33606563 0.32840227 0.32042077 0.31243926 0.30445776 0.29955272 0.30080847 0.30206422 0.30331996 0.30589051 0.30929346 0.31206677 0.31338752 0.31470827 0.31343433 0.31214061 0.31084689 0.30786762 0.30037068 0.29287374 0.28537681 0.27454764 0.26161492 0.24527733 0.22237624 0.20005292 0.18539209 0.17073125 0.15607042 0.13655752 0.11010307 0.084528126 0.063001933 0.041475741 0.019949549 0.0037507138 -0.0086183519 -0.020987418 -0.033236942 -0.043067577 -0.052898213 -0.057337428 -0.06084486 -0.061030517 -0.059769995 -0.058509473 -0.059193113 -0.066611095
-9999 0.35169366 0.35760087 0.3535664 0.34953194 0.34549748 0.34146301 0.33576327 0.32798327 0.32000176 0.31202026 0.30403876 0.29605725 0.29115221 0.29240796 0.29366371 0.29491946 0.29617521 0.29809631 0.30086963 0.30141937 0.30012565 0.29883193 0.29753821 0.29624448 0.29326522 0.28576828 0.27827134 0.2707744 0.26327746 0.25397442 0.23763683 0.21762702 0.20296619 0.18830535 0.17364452 0.15898368 0.13947079 0.1151725 0.093646312 0.07212012 0.050593928 0.029067735 0.0128689 0.00049983475 -0.011869231 -0.024238297 -0.036607362 -0.046920929 -0.051360145 -0.050517674 -0.049257152 -0.04799663 -0.046736108 -0.047419748 -0.053032287
-9999 0.35425603 0.35022157 0.3461871 0.34215264 0.33811818 0.33408371 0.33225769 0.32427618 0.31629468 0.30831318 0.30033167 0.29235017 0.28446428 0.28572003 0.28697577 0.28823152 0.28948727 0.29074302 0.29122785 0.28993413 0.28864041 0.28734668 0.28605296 0.28475924 0.27934526 0.27194669 0.26444975 0.25695281 0.24945587 0.24195893 0.23201504 0.2173542 0.20269337 0.18803253 0.1733717 0.15871086 0.14467097 0.12314478 0.10161859 0.080092397 0.058566205 0.037040012 0.022224327 0.0098552616 -0.0025138041 -0.01488287 -0.027251936 -0.039621001 -0.041723878 -0.040463356 -0.039202834 -0.037942311 -0.036681789 -0.033885694 -0.034413362
-9999 0.34873737 0.34470291 0.34066844 0.33663398 0.33317846 0.33379857 0.33438377 0.33492869 0.32861778 0.32063628 0.31265478 0.30467327 0.29647582 0.28784593 0.28613706 0.28739281 0.28864856 0.2899043 0.29038913 0.28909541 0.28780169 0.28650797 0.28521425 0.27338081 0.26299504 0.25946646 0.25329497 0.24579803 0.2383011 0.23080416 0.22086026 0.20619943 0.19153859 0.17687776 0.16216367 0.14439584 0.13124516 0.12469999 0.10567706 0.084150866 0.062624674 0.041098481 0.02770872 0.020020973 0.007651907 -0.0047171587 -0.017086224 -0.02945529 -0.034308256 -0.036280371 -0.035019849 -0.033759326 -0.032498804 -0.029702709 -0.021587576
-9999 0.34321871 0.33918424 0.33514978 0.33334011 0.33396022 0.33458032 0.33516553 0.33571045 0.33625537 0.33295938 0.32497788 0.31699638 0.30879893 0.30016903 0.29153914 0.28655409 0.28780984 0.28906559 0.28955042 0.28825669 0.28696297 0.28291894 0.26997476 0.25703058 0.24664482 0.24311624 0.23958766 0.23464326 0.22714632 0.21964938 0.20970549 0.19504466 0.18038382 0.16470899 0.14694116 0.12917332 0.11602264 0.10947747 0.1029323 0.088209335 0.066683143 0.045156951 0.031767189 0.024226604 0.016686019 0.0054485524 -0.0069205133 -0.019289579 -0.024142545 -0.027696524 -0.030836864 -0.029576341 -0.028315819 -0.025519724 -0.017404591
-9999 0.33770005 0.33366558 0.33350175 0.33412186 0.33474197 0.33536208 0.33594729 0.33649221 0.33703713 0.33758205 0.33730099 0.32931948 0.32112203 0.31249214 0.30386224 0.29523235 0.28697112 0.28822687 0.2887117 0.28741798 0.2795129 0.26656872 0.25362454 0.24068036 0.23029459 0.22676602 0.22323744 0.21970886 0.21599155 0.20849461 0.19855072 0.18388988 0.16725432 0.14948648 0.13171864 0.1139508 0.10080013 0.094254959 0.087709789 0.081164619 0.070741612 0.04921542 0.035825658 0.028285073 0.020744488 0.013203904 0.0032451978 -0.0091238679 -0.013976834 -0.017530813 -0.021084792 -0.024638772 -0.024132834 -0.021336739 -0.013221606
-9999 0.33304329 0.3336634 0.33428351 0.33490362 0.33552373 0.33614384 0.33672904 0.33727396 0.33781888 0.3383638 0.33890872 0.33945364 0.33344514 0.32481524 0.31618535 0.30755545 0.29892556 0.29029566 0.28787298 0.27610685 0.26316267 0.25021849 0.23727431 0.22433013 0.21394437 0.21041579 0.20688722 0.20335864 0.19983006 0.19630149 0.18739594 0.16979964 0.1520318 0.13426396 0.11649613 0.098728289 0.085577614 0.079032444 0.072487274 0.065942104 0.059396933 0.052851763 0.039884127 0.032343542 0.024802957 0.017262373 0.0097217877 0.0010418432 -0.0038111225 -0.0073651019 -0.010919081 -0.014473061 -0.01802704 -0.017153754 -0.0090386214
-9999 0.33284047 0.33346058 0.33408069 0.3347008 0.33532091 0.3392929 0.34097675 0.33810803 0.33865295 0.33919787 0.33974279 0.34028771 0.33878805 0.33196403 0.32333413 0.31470424 0.30607434 0.29744445 0.28750998 0.2745658 0.26162162 0.24867744 0.23573326 0.22478037 0.220927 0.21567187 0.21214329 0.20861472 0.20508614 0.20155756 0.19316532 0.17539748 0.15762965 0.13986181 0.12209397 0.10512898 0.089234745 0.077729455 0.071184285 0.064639115 0.058093945 0.051548775 0.047763443 0.041943142 0.034402557 0.026861972 0.019321387 0.011780803 0.0075034788 0.0039473631 0.00039338363 -0.0031605958 -0.0067145752 -0.0086406451 -0.0033519163
-9999 0.3322095 0.33282961 0.33344972 0.33406983 0.34094965 0.34979331 0.35147716 0.34489767 0.33950977 0.34005469 0.34059961 0.34114453 0.33964486 0.33405079 0.32823286 0.31960297 0.31097307 0.30234318 0.29240871 0.27946453 0.26652035 0.25357617 0.24592908 0.24295992 0.23910655 0.23288327 0.22679489 0.22326631 0.21973774 0.21620916 0.20781692 0.19004908 0.17228124 0.15451341 0.13831497 0.12302616 0.10713193 0.090371548 0.075934215 0.069389045 0.062843875 0.056298705 0.052513373 0.050712052 0.046411722 0.038871138 0.031330553 0.023789968 0.019512644 0.015799301 0.012204516 0.0086505361 0.0050965567 0.0031704868 0.0068832973
-9999 0.33157853 0.33219864 0.33376275 0.3426064 0.35145006 0.36029371 0.36197756 0.35539807 0.34881858 0.34223909 0.34145643 0.34200135 0.34050168 0.33490761 0.32931353 0.32371945 0.31587181 0.30724191 0.29730744 0.28436326 0.27141908 0.26707778 0.26410862 0.26113947 0.25728609 0.25106282 0.24483954 0.23861626 0.23438933 0.23086076 0.22246851 0.20470068 0.18693284 0.17150096 0.15621215 0.14092334 0.1250291 0.10826873 0.091508352 0.074747975 0.067593805 0.061048635 0.057263302 0.055461982 0.053660662 0.050880303 0.043339718 0.035799133 0.031521809 0.027808466 0.024095122 0.020461668 0.016907689 0.014981619 0.018694429
-9999 0.33094756 0.33541949 0.34426315 0.3531068 0.36195046 0.37079411 0.37247796 0.36589847 0.35931898 0.35273949 0.34616001 0.34285817 0.3413585 0.33576443 0.33017035 0.32457627 0.3189822 0.31214064 0.30220617 0.29119565 0.28822649 0.28525733 0.28228817 0.27931901 0.27546564 0.26924236 0.26301908 0.25679581 0.25057253 0.24551235 0.23712011 0.21997577 0.20468696 0.18939814 0.17410933 0.15882052 0.14292628 0.12616591 0.10940553 0.092645155 0.075884778 0.065798565 0.062013232 0.060211912 0.058410592 0.056609272 0.054807951 0.047808298 0.043530974 0.039817631 0.036104287 0.032390944 0.02871882 0.026792751 0.030505561
-9999 0.33680949 0.34565314 0.3544968 0.36334045 0.37218411 0.38102776 0.38094527 0.37436579 0.3677863 0.36120681 0.35462732 0.34804783 0.34491965 0.33932558 0.3337315 0.32813742 0.32254335 0.31694927 0.31214893 0.30917977 0.30621061 0.30324145 0.30027229 0.29730314 0.29116759 0.28494431 0.27872103 0.27249775 0.26627447 0.26005119 0.25073142 0.23544261 0.2201538 0.20486499 0.18957618 0.17428736 0.16075328 0.14399291 0.12723253 0.11047215 0.093711777 0.0769514 0.068799245 0.066997925 0.065196604 0.063395284 0.061593964 0.059792644 0.056361055 0.052647711 0.048934368 0.045221024 0.041507681 0.039368772 0.043081582
-9999 0.34571635 0.35456001 0.36340366 0.37224732 0.38074478 0.38179303 0.3793003 0.37272081 0.36614132 0.35956183 0.35298234 0.35910912 0.36209335 0.35636695 0.3507436 0.34514953 0.33955545 0.33396137 0.32916103 0.32619187 0.32322271 0.32025355 0.3172844 0.31162055 0.30346323 0.29014418 0.28209974 0.27587646 0.26965318 0.2634299 0.25411013 0.23882132 0.22353251 0.2082437 0.19295489 0.18778685 0.17823122 0.16147084 0.14471046 0.12795009 0.11243836 0.11050017 0.099607437 0.083911119 0.082109799 0.080308479 0.078507159 0.076705838 0.07327425 0.069560906 0.065847563 0.062134219 0.058131638 0.055749241 0.059462052
-9999 0.35462322 0.36346687 0.37231053 0.37805155 0.3790998 0.38014805 0.37765532 0.37107583 0.36449634 0.36162941 0.3689634 0.37629739 0.37928163 0.37355523 0.36782883 0.36216163 0.35656755 0.35097347 0.34617313 0.34320397 0.34023481 0.33675214 0.33052065 0.32428917 0.31613184 0.3028128 0.28949375 0.27925517 0.27303189 0.26680861 0.25748884 0.24220003 0.22691122 0.21430401 0.2097844 0.20526478 0.19570915 0.17894877 0.16218839 0.15093104 0.14899284 0.14705465 0.13616192 0.11883189 0.10150186 0.097221674 0.095420353 0.093619033 0.090187444 0.086474101 0.082760757 0.078654153 0.074512108 0.072129711 0.075842521
-9999 0.36353008 0.37237374 0.37535833 0.37640657 0.37745482 0.37850307 0.37601034 0.36943085 0.37148369 0.37881769 0.38615168 0.39348567 0.39646991 0.39074351 0.38501711 0.37929071 0.37357965 0.36798557 0.36318523 0.36021607 0.35565224 0.34942075 0.34318927 0.33695778 0.32880046 0.31548141 0.30216236 0.28884331 0.2764106 0.27018732 0.26086755 0.24557874 0.23630155 0.23178194 0.22726233 0.22274271 0.21318708 0.1964267 0.18942372 0.18748552 0.18554733 0.18360913 0.1727164 0.15538637 0.13805634 0.12072632 0.11233355 0.11053223 0.10710064 0.10331871 0.099176668 0.095034623 0.090892577 0.08851018 0.092222991
-9999 0.37161685 0.3726651 0.37371335 0.3747616 0.37580984 0.37685809 0.37436536 0.38133798 0.38867197 0.39600596 0.40333996 0.41067395 0.41365819 0.40793179 0.40220539 0.39647899 0.39075258 0.38502618 0.38019733 0.37455234 0.36832085 0.36208937 0.35585788 0.34962639 0.34146907 0.32815002 0.31483097 0.30151193 0.28819288 0.27487383 0.26424626 0.2582991 0.25377949 0.24925987 0.24474026 0.24022065 0.23066501 0.2279164 0.2259782 0.22404 0.22210181 0.22016361 0.20927088 0.19194085 0.17461082 0.1572808 0.13995077 0.12744542 0.12384123 0.11969918 0.11555714 0.11141509 0.10727305 0.10489065 0.11416555
-9999 0.37190297 0.37295122 0.37399947 0.37504772 0.37609597 0.37772163 0.38092514 0.38676733 0.39410132 0.40143531 0.40876931 0.4161033 0.42246113 0.42215899 0.41643259 0.41070619 0.40497979 0.39925339 0.39337426 0.38714277 0.38091129 0.3746798 0.36844832 0.36141402 0.35490587 0.35405469 0.34073564 0.3274166 0.31409755 0.3007785 0.29046505 0.28594544 0.28142582 0.27690621 0.2723866 0.26606688 0.24971561 0.23851175 0.23657355 0.23463535 0.23269715 0.23075895 0.21987638 0.2025506 0.18522057 0.16789055 0.15056052 0.13323049 0.12276307 0.11862102 0.11447898 0.11033693 0.10619488 0.10863023 0.12792942
-9999 0.37328549 0.37433374 0.37538199 0.37643024 0.37869501 0.38140608 0.38460959 0.38838146 0.39285451 0.4001885 0.40752249 0.41485649 0.42121431 0.42561731 0.42897864 0.42325224 0.41752584 0.41179944 0.40592031 0.39968882 0.39345734 0.38722585 0.37812159 0.36616669 0.35965854 0.36774905 0.37415512 0.36083608 0.34751703 0.33419798 0.32388453 0.31936492 0.3148453 0.31032569 0.30170759 0.29040755 0.27405627 0.2504785 0.23243052 0.23049232 0.22855412 0.22661592 0.21573335 0.19842078 0.18110012 0.16377009 0.14644007 0.12911004 0.1184156 0.10886796 0.10348862 0.099346577 0.095204531 0.097639874 0.12285849
-9999 0.374668 0.37571625 0.37695734 0.3796684 0.38237946 0.38509053 0.38829404 0.39206591 0.39583778 0.39960965 0.40627568 0.41360967 0.4199675 0.42437049 0.42877349 0.43317649 0.43007189 0.42434549 0.41846636 0.41223487 0.40600339 0.39482915 0.38287425 0.37091935 0.3644112 0.37250172 0.38059223 0.38868275 0.38093651 0.36761746 0.35730401 0.3527844 0.34826478 0.33734831 0.32604826 0.31474822 0.29839694 0.27481917 0.25124139 0.22766361 0.22441109 0.22247289 0.21159032 0.19427775 0.17696517 0.15964964 0.14231962 0.12498959 0.11429515 0.10474751 0.09519988 0.088356223 0.084214178 0.08664952 0.11186813
-9999 0.37605052 0.37793073 0.38064179 0.38335285 0.38606391 0.38877498 0.39197849 0.39575036 0.39952223 0.4032941 0.40706597 0.41236286 0.41872068 0.42312368 0.42752668 0.43192967 0.43633267 0.43689154 0.43101241 0.42349162 0.41153672 0.39958182 0.38762692 0.37567202 0.36916387 0.37725438 0.3853449 0.39343541 0.40152593 0.40103694 0.39072349 0.38428907 0.37298902 0.36168898 0.35038893 0.33908889 0.32273761 0.29915984 0.27558206 0.25200428 0.22842651 0.21832986 0.20744729 0.19013472 0.17282214 0.15550957 0.138197 0.12086914 0.11017469 0.10062706 0.091079429 0.081531795 0.073223825 0.075659167 0.10087778
