P1_models/J1_p1_tot_conduct_slide_148.39.dat.tif
NCOLS 118
NROWS 92
XLLCORNER 139.62
YLLCORNER -39.07
DX 0.099491525
DY 0.099347826
NODATA_VALUE -9999
[rows 0 to 25 of 92, columns 0 to 57 of 118]
-2.2704118 -2.3004829 -2.3452541 -2.3743953 -2.4028214 -2.4187762 -2.4336999 -2.4416957 -2.4416957 -2.436157 -2.4309191 -2.4242369 -2.4096273 -2.3996739 -2.3904547 -2.3821115 -2.3771369 -2.3911349 -2.4029506 -2.4234294 -2.4503723 -2.4868723 -2.5339169 -2.5871034 -2.6530112 -2.7203841 -2.7950028 -2.8736649 -2.9482835 -3.0225732 -3.1049437 -3.1787994 -3.2428237 -3.3034158 -3.3706289 -3.4207144 -3.4605111 -3.4887738 -3.5201922 -3.537664 -3.5533732 -3.558684 -3.5636586 -3.5657391 -3.5654346 -3.5601982 -3.5549618 -3.5577094 -3.5629458 -3.5791334 -3.5948426 -3.5593881 -3.5145606 -3.5292914 -3.5402157 -3.5375253 -3.5339348 -3.5144927
-2.2904837 -2.3382261 -2.3852476 -2.4225175 -2.4545916 -2.4815914 -2.4998123 -2.5175373 -2.5217663 -2.5200078 -2.5160802 -2.5109573 -2.4960336 -2.4827666 -2.4728175 -2.4628683 -2.4551858 -2.4548765 -2.4631386 -2.4706598 -2.4939473 -2.5175914 -2.5608789 -2.6041162 -2.6674037 -2.7261792 -2.7978356 -2.8724543 -2.9476622 -3.0283081 -3.1120904 -3.1893444 -3.2569767 -3.3327528 -3.4033965 -3.4656044 -3.5081728 -3.5503784 -3.5835014 -3.6096477 -3.631889 -3.6476528 -3.6570941 -3.666382 -3.6676495 -3.6641303 -3.6588939 -3.6616414 -3.6668778 -3.6810437 -3.6927379 -3.6488976 -3.5821335 -3.5931138 -3.5876517 -3.5809686 -3.5636136 -3.5402758
-2.3196131 -2.3722341 -2.4219799 -2.4647947 -2.5026962 -2.5344163 -2.5592892 -2.5780604 -2.5875358 -2.5947079 -2.5947079 -2.589585 -2.5746613 -2.5624405 -2.5524914 -2.5430653 -2.5331162 -2.5262772 -2.5262772 -2.5307899 -2.5457136 -2.5664509 -2.6012729 -2.6406589 -2.6953793 -2.7536316 -2.8232757 -2.8944752 -2.9740685 -3.0547143 -3.1384967 -3.2198019 -3.2993952 -3.3786414 -3.4571873 -3.5225439 -3.5722896 -3.6161265 -3.6527813 -3.6915168 -3.7229352 -3.7445888 -3.7595126 -3.7698467 -3.7750831 -3.7628191 -3.7575827 -3.7603303 -3.7655667 -3.7747447 -3.7852175 -3.7119816 -3.6409237 -3.6353964 -3.6281113 -3.6124021 -3.6022173 -3.5707989
-2.3506593 -2.4032803 -2.4530261 -2.4958409 -2.5337424 -2.5654625 -2.5903354 -2.6124591 -2.6310005 -2.6406433 -2.650591 -2.6454682 -2.6373735 -2.6307421 -2.620793 -2.6124498 -2.6074752 -2.600788 -2.600788 -2.6053008 -2.6202245 -2.6409618 -2.6726235 -2.7080811 -2.7578269 -2.8148954 -2.8795649 -2.9488029 -3.018447 -3.098179 -3.1819613 -3.2609145 -3.3305586 -3.4096876 -3.4808259 -3.5411716 -3.5909173 -3.633123 -3.6651997 -3.7228715 -3.7912368 -3.8128905 -3.8278142 -3.8431949 -3.8558032 -3.7836176 -3.7141181 -3.7168656 -3.722102 -3.7273384 -3.7355436 -3.6225775 -3.5353667 -3.5298393 -3.5232042 -3.5127314 -3.5253245 -3.5956359
-2.3777392 -2.4255018 -2.4752476 -2.5180623 -2.5555122 -2.5871026 -2.6125569 -2.6368799 -2.6565729 -2.6758586 -2.688174 -2.6930003 -2.6880257 -2.6951894 -2.6890946 -2.6839633 -2.68166 -2.6797956 -2.6811821 -2.6856948 -2.7006185 -2.7199024 -2.7497499 -2.7838049 -2.8320117 -2.8831091 -2.9445989 -3.0092684 -3.0772717 -3.1478368 -3.2283676 -3.3056216 -3.3740232 -3.4431468 -3.5112199 -3.5665266 -3.6154282 -3.6576338 -3.6890522 -3.7467418 -3.8256022 -3.8694258 -3.8843495 -3.8997302 -3.9154394 -3.8378635 -3.7278992 -3.7057583 -3.7109947 -3.7162311 -3.7214675 -3.6052609 -3.4886411 -3.4831138 -3.4764786 -3.4660058 -3.4835125 -3.5581178
-2.3985023 -2.4441092 -2.4888804 -2.5285576 -2.5617214 -2.5933118 -2.6231593 -2.6492984 -2.6729869 -2.6944863 -2.7143846 -2.7266218 -2.7365709 -2.7448633 -2.7498379 -2.7522649 -2.7572395 -2.7605157 -2.7654903 -2.7726241 -2.7875479 -2.8068318 -2.8366792 -2.8707343 -2.9155055 -2.9638292 -3.0185496 -3.07757 -3.1422395 -3.2099292 -3.2832387 -3.3552955 -3.419965 -3.4857256 -3.5485623 -3.603782 -3.6485532 -3.68868 -3.7200984 -3.777788 -3.8615703 -3.9066846 -3.9265829 -3.9431949 -3.9589041 -3.8795954 -3.7539219 -3.7305952 -3.7358316 -3.741068 -3.7463044 -3.6281019 -3.5072688 -3.5017415 -3.4951063 -3.4846335 -3.5021402 -3.5806862
-2.4027482 -2.4466568 -2.4815385 -2.5133266 -2.5464905 -2.5780809 -2.6079283 -2.6393153 -2.6693252 -2.6916738 -2.7157584 -2.7387753 -2.7548512 -2.773097 -2.7840458 -2.8039441 -2.8201811 -2.8251556 -2.8339096 -2.8488334 -2.865596 -2.888401 -2.9182485 -2.9523036 -2.9936004 -3.0324775 -3.0831895 -3.1405116 -3.2002746 -3.2559414 -3.3254265 -3.3888893 -3.4494912 -3.5069009 -3.5650746 -3.6142372 -3.6565763 -3.692926 -3.7215936 -3.7766738 -3.8572326 -3.9010596 -3.9209579 -3.9384191 -3.9541282 -3.8748196 -3.7573773 -3.733992 -3.7392284 -3.7444648 -3.7497012 -3.6312011 -3.5044563 -3.498929 -3.4922938 -3.481821 -3.4993277 -3.580116
-2.4057078 -2.4283554 -2.4582029 -2.489991 -2.5231549 -2.5516067 -2.5814541 -2.6144104 -2.6475743 -2.6842737 -2.7141211 -2.742261 -2.7671338 -2.7997657 -2.819664 -2.8442702 -2.8641685 -2.8856219 -2.900574 -2.9200105 -2.9400389 -2.962844 -2.9926914 -3.0209696 -3.0556249 -3.0917986 -3.1411092 -3.1908549 -3.2406007 -3.2896886 -3.3517648 -3.4086907 -3.463411 -3.5173506 -3.5697145 -3.5963788 -3.6361755 -3.6688015 -3.6949835 -3.7270359 -3.8055818 -3.8478394 -3.8677377 -3.8820604 -3.8977695 -3.8694395 -3.7542388 -3.7308534 -3.7360898 -3.7413262 -3.7465626 -3.6626549 -3.5357265 -3.5288135 -3.5210053 -3.5101363 -3.493195 -3.5769774
-2.3870801 -2.40555 -2.4209474 -2.4516337 -2.4753222 -2.5019328 -2.5317802 -2.5653666 -2.6032681 -2.6413765 -2.6861477 -2.717424 -2.7556791 -2.7938189 -2.828641 -2.8567986 -2.8916206 -2.9166681 -2.941541 -2.9634752 -2.9933226 -3.0187271 -3.0443681 -3.0706435 -3.100491 -3.1352633 -3.1750599 -3.2219011 -3.2716469 -3.3207348 -3.3678623 -3.4208494 -3.4656206 -3.5173506 -3.5222147 -3.532702 -3.5575748 -3.5874964 -3.608442 -3.6263548 -3.6379323 -3.6788144 -3.6938791 -3.7052475 -3.7114924 -3.7377591 -3.7418203 -3.7184349 -3.7236713 -3.7289077 -3.7341441 -3.7344429 -3.678539 -3.6674844 -3.6576085 -3.6418993 -3.6218282 -3.5851734
-2.3563909 -2.3602246 -2.3712731 -2.3913258 -2.4114868 -2.4331175 -2.462965 -2.4987507 -2.5387065 -2.5825534 -2.6323148 -2.6753784 -2.7179825 -2.7710461 -2.8136586 -2.8532985 -2.8960636 -2.9324407 -2.9654092 -2.9932905 -3.0258874 -3.0542814 -3.0798359 -3.1096834 -3.1395308 -3.1693783 -3.203371 -3.2431676 -3.2870079 -3.3321484 -3.3704624 -3.4116877 -3.4487954 -3.4787319 -3.4775068 -3.4828681 -3.5055848 -3.5266876 -3.5455339 -3.5585981 -3.5674444 -3.5776072 -3.5912222 -3.5974638 -3.6014929 -3.620806 -3.65149 -3.6589565 -3.6639313 -3.6691677 -3.6744041 -3.6704493 -3.670082 -3.6590274 -3.6469301 -3.6312209 -3.61222 -3.5807808
-2.3164356 -2.3101359 -2.3101359 -2.3184531 -2.3326661 -2.3526529 -2.3825003 -2.418286 -2.4609253 -2.5086571 -2.5633774 -2.6180978 -2.6728181 -2.7308137 -2.7805595 -2.8327713 -2.882517 -2.9316187 -2.9714153 -3.0113517 -3.0461737 -3.0795423 -3.1093898 -3.1400593 -3.1699067 -3.1989322 -3.2287796 -3.2595848 -3.2993814 -3.3362507 -3.3676691 -3.3969069 -3.4267543 -3.4449769 -3.4397405 -3.4418137 -3.461712 -3.4782429 -3.4939521 -3.504407 -3.5096434 -3.5152037 -3.5251528 -3.5293139 -3.5293139 -3.5436217 -3.5698037 -3.5752038 -3.5752038 -3.5772025 -3.5824389 -3.5769782 -3.5715485 -3.5604939 -3.5483966 -3.5326874 -3.5153305 -3.4891485
-2.2605525 -2.2478332 -2.235625 -2.2439422 -2.2490726 -2.2657235 -2.295571 -2.3313567 -2.3739959 -2.4226642 -2.4823591 -2.5373776 -2.6032383 -2.6712256 -2.7358951 -2.7916584 -2.8563279 -2.9089809 -2.9637013 -3.0065069 -3.0512781 -3.0857516 -3.1190583 -3.1524778 -3.1823252 -3.210821 -3.2356939 -3.2648363 -3.2946838 -3.3295477 -3.3557297 -3.3827341 -3.4026324 -3.4201399 -3.4068981 -3.4020074 -3.4120381 -3.4259043 -3.4318597 -3.4423146 -3.447551 -3.4467426 -3.4444327 -3.4485938 -3.4485938 -3.4521129 -3.4642466 -3.4664768 -3.4634375 -3.454508 -3.4520449 -3.4424686 -3.4349453 -3.4238907 -3.4117933 -3.3960841 -3.3803749 -3.3646658
-2.2136604 -2.1951905 -2.1779129 -2.1703675 -2.173604 -2.1852751 -2.2139721 -2.2444273 -2.2870666 -2.3357348 -2.3954298 -2.4617804 -2.5314245 -2.6058928 -2.6705622 -2.749771 -2.8193442 -2.8809035 -2.9356238 -2.9938167 -3.0385879 -3.0869332 -3.1217553 -3.1584153 -3.1882627 -3.219999 -3.2448718 -3.2710456 -3.300893 -3.3233385 -3.3495204 -3.3703156 -3.3902139 -3.3918329 -3.3763356 -3.3744734 -3.3837976 -3.3859519 -3.3905571 -3.3931842 -3.3984206 -3.3976121 -3.3903176 -3.3749369 -3.3743546 -3.3778738 -3.377122 -3.3706412 -3.3555294 -3.3427417 -3.3234439 -3.3120746 -3.2691776 -3.258123 -3.2427852 -3.227076 -3.2113668 -3.1961486
-2.1680863 -2.1406934 -2.1158205 -2.1038309 -2.0990932 -2.1071445 -2.1270428 -2.157498 -2.2001372 -2.2500137 -2.3146832 -2.383375 -2.4629682 -2.5409106 -2.6205039 -2.7000971 -2.7796903 -2.8518669 -2.9165364 -2.9770969 -3.0318172 -3.0816271 -3.1214237 -3.1592675 -3.1940896 -3.2262082 -3.2510811 -3.2757537 -3.295652 -3.3163637 -3.3373093 -3.3555994 -3.3655485 -3.3681807 -3.3577079 -3.3527514 -3.3527514 -3.3533016 -3.3533016 -3.3559287 -3.3611651 -3.3555674 -3.3406437 -3.325263 -3.3095538 -3.3006654 -3.2901927 -3.269945 -3.2437631 -3.2192319 -3.1930499 -3.1378078 -3.0766912 -3.0604759 -3.0440895 -3.0283803 -3.0170535 -3.0222899
-2.1370401 -2.0980102 -2.0650461 -2.0519559 -2.0440491 -2.0437896 -2.0570903 -2.0875455 -2.1301848 -2.18237 -2.25094 -2.3207324 -2.4026668 -2.4888913 -2.5764889 -2.659294 -2.7469933 -2.8265865 -2.9035677 -2.9682371 -3.0312669 -3.0816271 -3.1235107 -3.1668793 -3.2059578 -3.2394281 -3.2686083 -3.2921803 -3.3120786 -3.3296085 -3.3418677 -3.3590573 -3.3690064 -3.3721889 -3.3590856 -3.3479025 -3.344341 -3.3400324 -3.3330231 -3.3330231 -3.3352276 -3.3226396 -3.3022877 -3.2777679 -3.2542209 -3.2279542 -3.2089223 -3.1705057 -3.1376557 -3.0891499 -3.0569969 -2.996252 -2.9342174 -2.8957341 -2.8781746 -2.8579795 -2.8472079 -2.8484312
-2.1152591 -2.0743123 -2.0345157 -2.0124625 -2.0029871 -1.9987421 -2.0086912 -2.0318232 -2.0744624 -2.1266476 -2.1962917 -2.2710586 -2.3556264 -2.4455006 -2.5353789 -2.6281331 -2.7184492 -2.8064364 -2.8864673 -2.9645563 -3.0302028 -3.0890588 -3.13383 -3.1811841 -3.2209807 -3.2580739 -3.2879214 -3.3151672 -3.3350655 -3.3539111 -3.3650609 -3.3736557 -3.3833112 -3.3847586 -3.3690494 -3.3558736 -3.350899 -3.3416696 -3.3311968 -3.3239855 -3.3239855 -3.3072682 -3.2823953 -3.2477362 -3.2163178 -3.1769284 -3.14551 -3.0941447 -3.0470172 -2.9874538 -2.9350899 -2.8648798 -2.8022943 -2.7581757 -2.7199408 -2.6965361 -2.6805281 -2.6801812
-2.1086359 -2.0676891 -2.0278925 -2.0030626 -1.9841118 -1.9788725 -1.9888217 -2.011747 -2.0496485 -2.1001549 -2.1697989 -2.2448895 -2.3344318 -2.425631 -2.5201479 -2.6148868 -2.7143783 -2.8064364 -2.8910042 -2.9711795 -3.0457981 -3.109067 -3.1637873 -3.2143 -3.2540967 -3.2911899 -3.3210373 -3.3482831 -3.3681814 -3.3870271 -3.4027363 -3.4133948 -3.4183694 -3.4175235 -3.396578 -3.3823663 -3.3773917 -3.3680008 -3.3522916 -3.3432207 -3.3379843 -3.3195624 -3.2897149 -3.2511985 -3.2040709 -3.1575763 -3.1057709 -3.0464087 -2.9807853 -2.9113339 -2.8423652 -2.7603759 -2.6830769 -2.6278038 -2.5808538 -2.544199 -2.5215715 -2.5163351
-2.1318102 -2.0908635 -2.053915 -2.0283805 -2.0094298 -2.0041904 -2.0118932 -2.0321533 -2.0700548 -2.1191771 -2.1888211 -2.2652957 -2.3532442 -2.4411256 -2.5387286 -2.6415888 -2.7410803 -2.8359065 -2.923357 -3.011857 -3.0878662 -3.1601925 -3.2162524 -3.2703372 -3.3114226 -3.3534904 -3.3868978 -3.4141436 -3.4150482 -3.3743006 -3.3885459 -3.3971407 -3.4005299 -3.3935897 -3.3952417 -3.4173727 -3.4104144 -3.3980954 -3.3846887 -3.376843 -3.321653 -3.2633903 -3.236374 -3.2046468 -3.1612498 -3.110603 -3.0692409 -3.0086343 -2.9364211 -2.8631115 -2.7805763 -2.6967939 -2.5992236 -2.5414601 -2.4732016 -2.4339046 -2.3999438 -2.3947074
-2.1676651 -2.133839 -2.0990169 -2.0734824 -2.0545317 -2.0480531 -2.0530277 -2.0732878 -2.1111893 -2.1591907 -2.2288347 -2.3036017 -2.3881695 -2.4793644 -2.5838305 -2.6866907 -2.7861822 -2.8841186 -2.9786356 -3.0686398 -3.148233 -3.2220127 -3.2817076 -3.336074 -3.3808452 -3.421792 -3.4566141 -3.4622363 -3.4025414 -3.3593571 -3.3698299 -3.3767255 -3.3767255 -3.390606 -3.4324972 -3.4536516 -3.4437024 -3.4324169 -3.4219441 -3.3645684 -3.2650769 -3.21088 -3.1860072 -3.1542799 -3.1176251 -3.0820913 -3.0454365 -2.979717 -2.9064075 -2.8219266 -2.7381442 -2.6361864 -2.5368785 -2.4566843 -2.3827169 -2.3355894 -2.2982658 -2.2930294
-2.2359667 -2.2058225 -2.179737 -2.1542025 -2.1352518 -2.1300125 -2.139957 -2.1602171 -2.1981187 -2.2454825 -2.3101519 -2.3843218 -2.4729019 -2.5657579 -2.6652494 -2.7674108 -2.8669023 -2.9648387 -3.0593557 -3.1493599 -3.2289531 -3.3027328 -3.3586696 -3.4105848 -3.455356 -3.4960721 -3.5259196 -3.5298182 -3.450225 -3.4026269 -3.4078633 -3.413981 -3.413981 -3.4278614 -3.4697526 -3.4918835 -3.4869089 -3.4748482 -3.4591995 -3.3988115 -3.2899139 -3.237541 -3.2170534 -3.1853261 -3.1486713 -3.1155357 -3.082692 -3.0141014 -2.9374537 -2.8462851 -2.7567719 -2.6433643 -2.5368785 -2.4429143 -2.3639328 -2.301096 -2.2594356 -2.23849
-2.3162148 -2.2918211 -2.2698999 -2.2526197 -2.2357679 -2.2355084 -2.2463317 -2.2719223 -2.3098238 -2.3571876 -2.4221296 -2.4986041 -2.5879249 -2.677463 -2.7767838 -2.8713008 -2.9688588 -3.0667953 -3.1611741 -3.2442376 -3.3237944 -3.3890783 -3.4437987 -3.4921745 -3.5369457 -3.5678796 -3.5933516 -3.5945805 -3.5149872 -3.4390128 -3.4441576 -3.4441576 -3.4441576 -3.4580381 -3.4999292 -3.5220602 -3.5170856 -3.5076946 -3.4919854 -3.4289881 -3.3176209 -3.2588385 -3.2403991 -3.2158793 -3.1797175 -3.1465819 -3.1197535 -3.0548962 -2.9791181 -2.8879495 -2.7936943 -2.679689 -2.5581149 -2.4641507 -2.3736203 -2.3107835 -2.2540348 -2.2322459
-2.4072351 -2.39659 -2.3816662 -2.369428 -2.3599526 -2.361802 -2.3767257 -2.4023163 -2.4402178 -2.4890888 -2.5587328 -2.6337511 -2.7183189 -2.8064516 -2.9009686 -2.9954855 -3.0900025 -3.1821633 -3.2667311 -3.3472889 -3.416933 -3.4810149 -3.5307606 -3.5768015 -3.6116235 -3.6423905 -3.6622888 -3.6514254 -3.5469593 -3.4689946 -3.4689946 -3.4689946 -3.4689946 -3.482875 -3.5247662 -3.5468971 -3.5419225 -3.5325316 -3.5168224 -3.4514493 -3.3362486 -3.2801598 -3.2652361 -3.2407162 -3.2092979 -3.1841638 -3.1632182 -3.1021015 -3.028792 -2.9376234 -2.8433683 -2.7199905 -2.5953704 -2.4959466 -2.4028231 -2.3295135 -2.2698735 -2.2384552
-2.5180362 -2.5209981 -2.5196472 -2.5079117 -2.513897 -2.5283175 -2.5472361 -2.5750261 -2.6170833 -2.6644471 -2.7294946 -2.8042615 -2.8888293 -2.9733971 -3.0585175 -3.1514285 -3.2411963 -3.3279379 -3.3981057 -3.4751523 -3.5350947 -3.5989252 -3.6069254 -3.5946754 -3.6146398 -3.6413517 -3.6463263 -3.6349178 -3.5354263 -3.4572899 -3.4572899 -3.4538915 -3.4445797 -3.4584602 -3.460433 -3.4462214 -3.4412468 -3.4340102 -3.4225017 -3.37264 -3.279807 -3.2269145 -3.2154009 -3.2000203 -3.1785279 -3.175263 -3.1713328 -3.1224434 -3.0562231 -2.9829136 -2.8962197 -2.7822144 -2.6604293 -2.566465 -2.4723099 -2.3938183 -2.3254464 -2.2704819
-2.6225907 -2.6443885 -2.6493631 -2.6569714 -2.6670512 -2.6935321 -2.7147262 -2.7473808 -2.7906128 -2.8410395 -2.905709 -2.977209 -3.0617768 -3.1374468 -3.2197439 -3.2994939 -3.3842915 -3.4629483 -3.5288813 -3.5879957 -3.6412512 -3.6762385 -3.6513656 -3.6167527 -3.6310927 -3.6442325 -3.6463263 -3.6226822 -3.5216994 -3.4432605 -3.4388315 -3.4337341 -3.4226919 -3.4090992 -3.3881536 -3.3711498 -3.3661752 -3.361093 -3.351258 -3.3092597 -3.2258074 -3.1885259 -3.1785768 -3.1680687 -3.1523595 -3.1626226 -3.1730954 -3.1400489 -3.0824486 -3.0198303 -2.9465207 -2.8420871 -2.7279591 -2.6392119 -2.5487017 -2.4701557 -2.3965473 -2.3378007
-2.7288476 -2.7568338 -2.7817067 -2.7971222 -2.816073 -2.8425538 -2.8773758 -2.9150302 -2.9624071 -3.0148982 -3.0795677 -3.1496497 -3.2242684 -3.298887 -3.3735057 -3.4485157 -3.5181597 -3.5871331 -3.6418534 -3.6935528 -3.7283748 -3.7480209 -3.6933005 -3.6540082 -3.6540082 -3.656651 -3.6516764 -3.6226822 -3.5182161 -3.4370513 -3.4213421 -3.4088971 -3.3939734 -3.3773166 -3.3511346 -3.3338944 -3.3289198 -3.3238375 -3.3186011 -3.2782135 -3.204904 -3.170051 -3.1650764 -3.1559045 -3.1454317 -3.1585945 -3.1847765 -3.1560669 -3.1134948 -3.0558944 -2.9961946 -2.8981973 -2.7962607 -2.7133511 -2.6294218 -2.5508758 -2.4772674 -2.4144307
-2.8189903 -2.8618539 -2.893473 -2.9148803 -2.9447139 -2.9858747 -3.0263976 -3.0670479 -3.1144248 -3.1679145 -3.232584 -3.3006688 -3.3733946 -3.4397251 -3.5036823 -3.5702713 -3.6254967 -3.6827001 -3.7191428 -3.7603251 -3.7766153 -3.7852763 -3.7207246 -3.6557924 -3.6443682 -3.6376097 -3.6171995 -3.5849072 -3.4765313 -3.3917363 -3.3682375 -3.3493983 -3.3274516 -3.3087975 -3.2826156 -3.2632779 -3.2551902 -3.2522622 -3.2500821 -3.2212016 -3.158226 -3.1312601 -3.1308169 -3.1317828 -3.1278026 -3.1490025 -3.1785673 -3.1688215 -3.1318049 -3.0899137 -3.0345508 -2.9522627 -2.854692 -2.7868633 -2.7072774 -2.6368065 -2.5631981 -2.5003614
