P1_models/J1_p1_vp_slide_diff2_100.dat.tif
NCOLS 118
NROWS 92
XLLCORNER 139.62
YLLCORNER -39.07
DX 0.099491525
DY 0.099347826
NODATA_VALUE -9999
[rows 0 to 23 of 92, columns 0 to 53 of 118]
-9999 -9999 -9999 -9999 -9999 -9999 -9999 -9999 -9999 -9999 -9999 -9999 -9999 -9999 -9999 -9999 -9999 -9999 -9999 -9999 -9999 -9999 -9999 -9999 -9999 -9999 -9999 -9999 -9999 -9999 -9999 -9999 -9999 -9999 -9999 -9999 -9999 -9999 -9999 -9999 -9999 -9999 -9999 -9999 -9999 -9999 -9999 -9999 -9999 -9999 -9999 -9999 -9999 -9999
-9999 0.13659164 0.1350306 0.13346956 0.13190852 0.13034748 0.12834425 0.12861929 0.13270339 0.13694108 0.14117876 0.14541645 0.14965414 0.15378043 0.15671177 0.15852881 0.16034586 0.16216291 0.16397995 0.16627139 0.16965725 0.17304311 0.17642897 0.17981484 0.1824924 0.18050246 0.17645602 0.17058569 0.16471535 0.15884501 0.15297468 0.1504038 0.15419325 0.1579827 0.16177214 0.16556159 0.16977023 0.17600597 0.1797196 0.18063921 0.18155882 0.18247843 0.18339804 0.17979341 0.17618875 0.17362274 0.17105673 0.16849072 0.16592471 0.16132811 0.15728165 0.15323519 0.14918872 0.14514226
-9999 0.12958058 0.12801954 0.1264585 0.12489746 0.1225503 0.11971071 0.11998576 0.12385549 0.12784061 0.1320783 0.13631598 0.14055367 0.14467996 0.14858318 0.15203229 0.15384934 0.15566639 0.15748343 0.15977487 0.16316073 0.16654659 0.16993245 0.17134441 0.169631 0.16764105 0.16490993 0.16157732 0.15570699 0.14983665 0.14396631 0.14139544 0.14518489 0.14897433 0.15276378 0.15733328 0.1627097 0.16894544 0.17641057 0.18147643 0.18239604 0.18331565 0.18423526 0.18063062 0.17377356 0.16937169 0.16680568 0.16423967 0.16167366 0.15703598 0.15204027 0.14787827 0.14383181 0.13978534
-9999 0.12256952 0.12100848 0.11944744 0.11675635 0.11391677 0.11107718 0.11135223 0.11522196 0.11909169 0.12297783 0.12721552 0.1314532 0.13557949 0.13948271 0.14338593 0.14728915 0.14916987 0.15098691 0.15327835 0.15666421 0.16005007 0.16019641 0.158483 0.15676959 0.15477965 0.15204852 0.1493174 0.14658627 0.14082828 0.13495795 0.13238708 0.13617652 0.13996597 0.14489633 0.15027275 0.15564917 0.16188492 0.16935004 0.17681516 0.18323325 0.18415286 0.18507247 0.18146783 0.17461077 0.16775371 0.16255463 0.15998862 0.15742261 0.15278493 0.14778921 0.1427935 0.13847489 0.13442843
-9999 0.11555846 0.11380199 0.11096241 0.10812282 0.10528323 0.10244365 0.10271869 0.10658842 0.11045816 0.11432789 0.11819762 0.12235273 0.12647903 0.13038224 0.13428546 0.13818868 0.1420919 0.14449039 0.14678183 0.15016769 0.14904842 0.14733501 0.1456216 0.14390819 0.14191825 0.13918712 0.13645599 0.13372487 0.13099374 0.12594958 0.12337871 0.12716816 0.13245939 0.13783581 0.14321223 0.14858865 0.15482439 0.16228951 0.16975464 0.17721976 0.18468488 0.18590968 0.18230505 0.17544798 0.16859092 0.16173386 0.15573757 0.15317156 0.14853388 0.14353816 0.13854244 0.13354673 0.12907151
-9999 0.10800804 0.10516846 0.10232887 0.099489286 0.0966497 0.093810114 0.09408516 0.097954891 0.10182462 0.10569435 0.10956408 0.11343382 0.11737856 0.12128178 0.12518499 0.12908821 0.13299143 0.13689465 0.13961384 0.13790043 0.13618702 0.13447361 0.1327602 0.13104679 0.12905684 0.12632571 0.12359459 0.12086346 0.11813233 0.11540121 0.11464602 0.12002244 0.12539886 0.13077528 0.1361517 0.14152812 0.14776386 0.15522899 0.16269411 0.17015923 0.17762436 0.18508948 0.18314226 0.1762852 0.16942814 0.16257108 0.15571401 0.14892051 0.14428283 0.13928711 0.13429139 0.12929567 0.12429996
-9999 0.10519986 0.10236027 0.099520688 0.096681102 0.093841516 0.091240878 0.091735523 0.095605254 0.099474985 0.10334472 0.10721445 0.11094719 0.11379045 0.11576885 0.11967206 0.12357528 0.1274785 0.13138172 0.13358655 0.13187314 0.13015973 0.12844632 0.12673291 0.12480705 0.12380525 0.12526107 0.12252994 0.11979881 0.11706769 0.11433656 0.11437471 0.11975113 0.12512755 0.13050397 0.13588039 0.13946648 0.1435669 0.15103202 0.15849714 0.16596227 0.17342739 0.17916283 0.18322546 0.18119008 0.17433302 0.16747596 0.1606189 0.15376184 0.14849183 0.14349611 0.13850039 0.13350468 0.12959852
-9999 0.10331458 0.10047499 0.097635405 0.094795819 0.092316501 0.089886788 0.090381433 0.094251164 0.098120895 0.10199063 0.10563362 0.10920015 0.1120434 0.11343828 0.11483315 0.11863072 0.12253394 0.12643716 0.12864199 0.12692858 0.12521517 0.12350176 0.12141903 0.11913471 0.11813291 0.1205686 0.12300428 0.12060311 0.11787198 0.11514086 0.115179 0.12055542 0.12593184 0.13130826 0.13397466 0.13572319 0.1398236 0.14728872 0.15475384 0.16221897 0.16733205 0.17211759 0.17618022 0.17972317 0.17988233 0.17302527 0.16616821 0.15931115 0.15404115 0.14904543 0.14404971 0.14096708 0.14031097
-9999 0.10142929 0.098589707 0.095821839 0.093392125 0.090962412 0.088532698 0.089027344 0.092897075 0.096753525 0.10032005 0.10388658 0.1074531 0.11029636 0.11169123 0.11308611 0.11448098 0.11758938 0.12149259 0.12369743 0.12198402 0.12027061 0.11803102 0.1157467 0.11346237 0.11246057 0.11489626 0.11733194 0.11976763 0.11867628 0.11594515 0.1159833 0.12135972 0.12673432 0.12848284 0.13023136 0.13197989 0.1360803 0.14354542 0.15071572 0.15550126 0.1602868 0.16507235 0.16913498 0.17267793 0.17622087 0.17857459 0.17171753 0.16486047 0.15959046 0.15459474 0.15233563 0.15167952 0.15102341
-9999 0.09954401 0.096897463 0.094467749 0.092038036 0.089608322 0.087178608 0.087673254 0.091439957 0.095006483 0.09857301 0.10213954 0.10570606 0.10854932 0.10994419 0.11133906 0.11273393 0.11412881 0.11654803 0.11875287 0.11692733 0.11464301 0.11235868 0.11007436 0.10779003 0.10678823 0.10922392 0.11165961 0.11409529 0.11653098 0.11674945 0.11678759 0.1212425 0.12299102 0.12473954 0.12648807 0.12823659 0.132337 0.13888494 0.14367048 0.14845602 0.15324156 0.15802711 0.16208974 0.16563269 0.16917563 0.17271858 0.17626152 0.17040978 0.16513978 0.16370419 0.16304808 0.16239196 0.16173585
-9999 0.098575108 0.096145394 0.093715681 0.091285967 0.088856254 0.08642654 0.087098001 0.090664527 0.094231054 0.09779758 0.10136411 0.10493063 0.10733442 0.10872929 0.11012416 0.11151903 0.1129139 0.11430877 0.11459111 0.11230678 0.11002246 0.10773813 0.10545381 0.10316948 0.10209762 0.10453331 0.10696899 0.10940468 0.11184037 0.11427606 0.11647703 0.11822555 0.11997407 0.1217226 0.12347112 0.12521964 0.12824347 0.13302901 0.13781456 0.1426001 0.14738564 0.15217118 0.15658087 0.16012382 0.16366676 0.16720971 0.17075265 0.1742956 0.17425826 0.17360215 0.17294604 0.17228992 0.17163381
-9999 0.10176852 0.099338806 0.096909093 0.094479379 0.092049665 0.091323562 0.092690248 0.096256775 0.099823302 0.10338983 0.10695635 0.10945595 0.1109585 0.11110243 0.11239674 0.11379161 0.11518648 0.11658135 0.11686369 0.11457937 0.11229504 0.11001072 0.10772639 0.10533538 0.10414605 0.10630889 0.10871234 0.11114803 0.11358372 0.1160194 0.11822038 0.1199689 0.12171742 0.12346594 0.12521446 0.12709041 0.130182 0.13496754 0.13975308 0.14453862 0.14932416 0.15534507 0.16046749 0.16468388 0.16822683 0.17176977 0.17531272 0.17885566 0.17881832 0.17816221 0.1775061 0.17684999 0.17250915
-9999 0.10496193 0.10253222 0.1001025 0.097994558 0.097455184 0.096915809 0.098282496 0.10184902 0.10541555 0.10892798 0.11110897 0.11328995 0.1147925 0.11493643 0.11508036 0.11606419 0.11745906 0.11885394 0.11913627 0.11685195 0.11456762 0.1122833 0.10985364 0.10741362 0.10622428 0.10838713 0.11054997 0.11289138 0.11532706 0.11776275 0.11996373 0.12171225 0.12346077 0.12521385 0.12712139 0.12902893 0.13212052 0.13690606 0.1416916 0.1466787 0.15276724 0.15885577 0.1639782 0.16840609 0.17278689 0.17632984 0.17987278 0.18341573 0.18337839 0.18272228 0.18206617 0.17660626 0.16916714
-9999 0.10815534 0.10572563 0.10412618 0.10358681 0.10304743 0.10250806 0.10387474 0.10744127 0.110581 0.11276198 0.11494297 0.11712395 0.1186265 0.11877043 0.11891436 0.11905829 0.11973165 0.12112652 0.12140885 0.11912453 0.11681194 0.11437191 0.11193188 0.10949185 0.10830251 0.11046536 0.1126282 0.11479105 0.11707041 0.1195061 0.12170707 0.12345559 0.12524484 0.12715238 0.12905992 0.13096745 0.13405904 0.13884459 0.14410086 0.1501894 0.15627794 0.16236648 0.1674889 0.1719168 0.17634469 0.18077259 0.18443285 0.18797579 0.18793845 0.18728234 0.18070336 0.17326424 0.16582512
-9999 0.11134875 0.1102578 0.10971843 0.10917905 0.10863968 0.1081003 0.10946699 0.11223401 0.11441499 0.11659598 0.11877696 0.12095795 0.12246049 0.12260442 0.12274836 0.12289229 0.12303622 0.1233991 0.12368144 0.1213302 0.11889017 0.11645014 0.11401011 0.11157008 0.11038075 0.11254359 0.11470644 0.11686928 0.11903212 0.12124945 0.12345042 0.12527582 0.12718336 0.1290909 0.13099844 0.13290598 0.13599757 0.14152303 0.14761157 0.1537001 0.15978864 0.16587718 0.17099961 0.1754275 0.1798554 0.18428329 0.18871119 0.19253586 0.19223959 0.18480047 0.17736134 0.16992222 0.1624831
-9999 0.11645206 0.11591269 0.11537331 0.11483394 0.11429457 0.11375519 0.11457674 0.11675773 0.11893871 0.1211197 0.12330068 0.12548167 0.12693556 0.12707211 0.12721604 0.12735997 0.12750391 0.12764784 0.12701042 0.12457039 0.12213036 0.11969033 0.1172503 0.11481027 0.11124898 0.11250877 0.11467162 0.11683446 0.11899731 0.12116015 0.12323579 0.12514333 0.12705087 0.12895841 0.13086595 0.13277349 0.13452563 0.14061417 0.14670271 0.15279124 0.15887978 0.16496832 0.1698429 0.1742708 0.17869869 0.18312659 0.18755449 0.19198238 0.18668126 0.17924214 0.17180302 0.16436389 0.15692477
-9999 0.1222525 0.12171312 0.12117375 0.12063437 0.12019727 0.12033901 0.12122798 0.12297935 0.12506509 0.12724608 0.12942706 0.13160805 0.13306194 0.13305978 0.1331562 0.13330013 0.13344406 0.13358799 0.13295057 0.13051054 0.12807051 0.12563048 0.12319045 0.12064247 0.11704117 0.11063847 0.10972684 0.11188969 0.11405253 0.11621538 0.11829102 0.12019856 0.1221061 0.12401364 0.12612927 0.1329834 0.13537118 0.13136921 0.13552438 0.14161292 0.14770146 0.15379 0.1585167 0.16226873 0.16669663 0.17112453 0.17555242 0.17998032 0.17521714 0.16853392 0.1610948 0.15365568 0.14621655
-9999 0.12805293 0.12751356 0.12697418 0.12673869 0.12688042 0.12702216 0.12791113 0.1296625 0.13141388 0.13337246 0.13555344 0.13773442 0.13918832 0.13918616 0.139184 0.13924028 0.13938422 0.13952815 0.13889073 0.1364507 0.13401067 0.13154687 0.12899077 0.12643466 0.12283336 0.11643066 0.11002796 0.10694492 0.10910776 0.1112706 0.11334625 0.11525378 0.11716132 0.12053095 0.12738507 0.1342392 0.13662697 0.13262501 0.12862305 0.1304346 0.13652314 0.14261168 0.14733838 0.15108606 0.15483375 0.15912246 0.16355036 0.16797826 0.16321508 0.15686343 0.15038659 0.14294746 0.13550834
-9999 0.13385336 0.13331399 0.1332801 0.13342184 0.13356357 0.1337053 0.13459428 0.13634565 0.13809703 0.13984841 0.14167982 0.1438608 0.14531469 0.14531254 0.14531038 0.14530823 0.14532437 0.1454683 0.14483088 0.14239085 0.13989516 0.13733906 0.13478296 0.13222685 0.12862555 0.12222285 0.11582015 0.10941745 0.10416299 0.10632583 0.10840147 0.11030901 0.11493263 0.12178675 0.12864087 0.13549499 0.13788277 0.13388081 0.12987885 0.12587689 0.12534482 0.13143336 0.13616005 0.13990774 0.14365543 0.14740312 0.1515483 0.15597619 0.15121302 0.14486137 0.13850973 0.13215808 0.12480012
-9999 0.13967978 0.13982152 0.13996325 0.14010498 0.14024672 0.14038845 0.14127742 0.1430288 0.14478018 0.14653156 0.14828293 0.15003431 0.15144107 0.15143892 0.15143676 0.15143461 0.15143245 0.15143029 0.15077104 0.14824345 0.14568735 0.14313125 0.14057515 0.13801904 0.13441774 0.12801504 0.12161234 0.11520964 0.10880693 0.10240423 0.1034567 0.1093343 0.11618842 0.12304255 0.12989667 0.13675079 0.13913857 0.13513661 0.13113465 0.12713269 0.12313073 0.12025503 0.12498173 0.12872942 0.13247711 0.1362248 0.13997249 0.14397413 0.13921095 0.13285931 0.12650766 0.12015602 0.11380437
-9999 0.14355069 0.14369242 0.14383416 0.14397589 0.14411763 0.14476467 0.14698749 0.14873887 0.15049025 0.15224163 0.153993 0.15572811 0.15689631 0.1570737 0.15707154 0.15706938 0.15706723 0.15706507 0.15629064 0.15373454 0.15117844 0.14862233 0.14606623 0.14351013 0.13699128 0.13207638 0.12567368 0.11927098 0.11286828 0.10646558 0.10459098 0.1114451 0.11829922 0.12515334 0.13200747 0.13823439 0.13769093 0.13368897 0.12968701 0.12568505 0.12168309 0.11794364 0.1183159 0.12196647 0.12571416 0.12946184 0.13320953 0.13695722 0.13209381 0.12574216 0.11939052 0.11303887 0.10668723
-9999 0.14530027 0.145442 0.14558373 0.14572547 0.14710943 0.14974073 0.15196355 0.15371493 0.15546631 0.15721768 0.15888574 0.16041057 0.16157876 0.16203278 0.1623355 0.16233334 0.16233118 0.16232903 0.1615546 0.15899849 0.15644239 0.15388629 0.14989047 0.14206281 0.13553531 0.13249256 0.12842942 0.12202672 0.11562402 0.10922132 0.10734672 0.11420084 0.12105496 0.12790908 0.13287351 0.1347475 0.13420403 0.13020207 0.12620011 0.12219815 0.11867325 0.11559501 0.11596728 0.11882007 0.12228179 0.12602948 0.12977717 0.13352486 0.12866145 0.1223098 0.11595816 0.10958826 0.10303816
-9999 0.14704984 0.14719158 0.14733331 0.14945418 0.15208548 0.15471679 0.15693961 0.15869099 0.16044236 0.16204336 0.16356819 0.16509302 0.16626122 0.16671523 0.16716924 0.16759729 0.16759514 0.16759298 0.16681855 0.16426245 0.16170635 0.15626216 0.1484345 0.14060684 0.13407934 0.13103658 0.12799383 0.12478246 0.11837976 0.11197706 0.11010246 0.11695658 0.1238107 0.12751263 0.12938662 0.1312606 0.13071713 0.12671517 0.12271321 0.11940285 0.11632462 0.11324639 0.11361865 0.11647144 0.11932423 0.12259712 0.12634481 0.1300925 0.12522908 0.11887744 0.11246988 0.10591978 0.099369689
-9999 0.14879942 0.14916762 0.15179893 0.15443023 0.15706154 0.15969285 0.16191567 0.16366705 0.16520098 0.16672581 0.16825064 0.16977547 0.17094367 0.17139768 0.1718517 0.17230571 0.17275972 0.17285694 0.17208251 0.1695264 0.16263385 0.15480619 0.14697853 0.13915087 0.13262336 0.12958061 0.12653785 0.1234951 0.12045234 0.1147328 0.11285819 0.11971232 0.12215176 0.12402574 0.12589972 0.1277737 0.12723024 0.12322828 0.12013246 0.11705423 0.113976 0.11089776 0.11127003 0.11412282 0.11697561 0.1198284 0.12291245 0.12666014 0.12179672 0.1153515 0.10880141 0.10225131 0.095701217
