P1_models/J1_p1_vp_slide_diff2_280.dat.tif
NCOLS 118
NROWS 92
XLLCORNER 139.62
YLLCORNER -39.07
DX 0.099491525
DY 0.099347826
NODATA_VALUE -9999
[rows 0 to 23 of 92, columns 0 to 53 of 118]
-9999 -9999 -9999 -9999 -9999 -9999 -9999 -9999 -9999 -9999 -9999 -9999 -9999 -9999 -9999 -9999 -9999 -9999 -9999 -9999 -9999 -9999 -9999 -9999 -9999 -9999 -9999 -9999 -9999 -9999 -9999 -9999 -9999 -9999 -9999 -9999 -9999 -9999 -9999 -9999 -9999 -9999 -9999 -9999 -9999 -9999 -9999 -9999 -9999 -9999 -9999 -9999 -9999 -9999
-9999 -0.021909659 -0.021995287 -0.022080915 -0.022166543 -0.022252171 -0.022377286 -0.022223569 -0.022368331 -0.023019267 -0.023670202 -0.024321138 -0.024972073 -0.025248545 -0.024755432 -0.024239735 -0.023724037 -0.023208339 -0.022692641 -0.021869327 -0.020336329 -0.01880333 -0.017270331 -0.015737333 -0.014440487 -0.014687809 -0.015513753 -0.016844073 -0.018174392 -0.019504712 -0.020835032 -0.021292045 -0.020065601 -0.018839157 -0.017612713 -0.016386269 -0.016203093 -0.017519123 -0.017428204 -0.017788775 -0.018149346 -0.018509917 -0.018870488 -0.021637933 -0.024625869 -0.027131659 -0.029637449 -0.032143239 -0.034649029 -0.035679288 -0.017119321 0.0014406452 0.020000612 0.038560578
-9999 -0.022972888 -0.023058516 -0.023144144 -0.023229772 -0.023385598 -0.023585397 -0.02343168 -0.022869961 -0.022688521 -0.023339457 -0.023990392 -0.024641328 -0.024917799 -0.024444386 -0.023961768 -0.02344607 -0.022930372 -0.022414674 -0.02159136 -0.020058362 -0.018525363 -0.016992364 -0.016117485 -0.016284631 -0.016531953 -0.016994167 -0.017622711 -0.018953031 -0.020283351 -0.02161367 -0.022070683 -0.02084424 -0.019617796 -0.018391352 -0.01910629 -0.021829492 -0.023145522 -0.022448395 -0.022138968 -0.022499539 -0.02286011 -0.023220681 -0.025988126 -0.030485841 -0.033843847 -0.036349637 -0.038855427 -0.041361217 -0.043272869 -0.045081838 -0.029000977 -0.010441011 0.0081189553
-9999 -0.024036117 -0.024121745 -0.024207373 -0.024393911 -0.024593709 -0.024793508 -0.024639791 -0.024078072 -0.023516352 -0.023008711 -0.023659647 -0.024310582 -0.024587054 -0.02411364 -0.023640226 -0.023166812 -0.022652405 -0.022136708 -0.021313393 -0.019780395 -0.018247396 -0.017794484 -0.017961629 -0.018128775 -0.018376097 -0.018838311 -0.019300525 -0.019762739 -0.021061989 -0.022392309 -0.022849322 -0.021622878 -0.020396434 -0.022009488 -0.024732689 -0.02745589 -0.028771921 -0.028074794 -0.027377667 -0.026849732 -0.027210303 -0.027570874 -0.030338319 -0.034836034 -0.039333749 -0.043061824 -0.045567614 -0.048073404 -0.049985057 -0.051794026 -0.053602995 -0.040882634 -0.022322667
-9999 -0.025099345 -0.025202425 -0.025402223 -0.025602022 -0.02580182 -0.026001619 -0.025847902 -0.025286183 -0.024724463 -0.024162744 -0.023601024 -0.023979837 -0.024256309 -0.023782895 -0.023309481 -0.022836067 -0.022362653 -0.021858741 -0.021035426 -0.019502428 -0.019471482 -0.019638628 -0.019805774 -0.019972919 -0.020220241 -0.020682455 -0.021144669 -0.021606883 -0.022069097 -0.023170948 -0.023627961 -0.022401517 -0.024912685 -0.027635887 -0.030359088 -0.033082289 -0.034398319 -0.033701192 -0.033004065 -0.032306939 -0.031609812 -0.031921067 -0.034688512 -0.039186227 -0.043683942 -0.048181657 -0.052279802 -0.054785592 -0.056697244 -0.058506213 -0.060315182 -0.062124152 -0.05276429
-9999 -0.026210737 -0.026410536 -0.026610334 -0.026810133 -0.027009931 -0.02720973 -0.027056013 -0.026494293 -0.025932574 -0.025370855 -0.024809135 -0.024247416 -0.023925563 -0.023452149 -0.022978735 -0.022505322 -0.022031908 -0.021558494 -0.020981334 -0.02114848 -0.021315626 -0.021482772 -0.021649918 -0.021817063 -0.022064385 -0.022526599 -0.022988813 -0.023451027 -0.023913241 -0.024375455 -0.025092682 -0.027815883 -0.030539084 -0.033262285 -0.035985486 -0.038708687 -0.040024718 -0.039327591 -0.038630464 -0.037933337 -0.03723621 -0.036539084 -0.039038705 -0.04353642 -0.048034135 -0.05253185 -0.057029565 -0.061497779 -0.063409432 -0.065218401 -0.06702737 -0.068836339 -0.070645308
-9999 -0.026380339 -0.026580138 -0.026779937 -0.026979735 -0.027179534 -0.02737087 -0.027209375 -0.026647656 -0.026085937 -0.025524217 -0.024962498 -0.024440645 -0.024074821 -0.023849406 -0.023375992 -0.022902578 -0.022429164 -0.02195575 -0.021676032 -0.021843178 -0.022010323 -0.022177469 -0.022344615 -0.02256088 -0.022700154 -0.022553457 -0.023015671 -0.023477885 -0.023940099 -0.024402313 -0.025636806 -0.028360007 -0.031083208 -0.033806409 -0.03652961 -0.037875822 -0.037549512 -0.036852385 -0.036155258 -0.035458131 -0.034761005 -0.038264908 -0.046631927 -0.053775442 -0.058273157 -0.062770872 -0.067268588 -0.071766303 -0.073971484 -0.075780453 -0.077589422 -0.079398391 -0.076682899
-9999 -0.026385412 -0.026585211 -0.02678501 -0.026984808 -0.027171847 -0.02735713 -0.027195636 -0.026633916 -0.026072197 -0.025510478 -0.025014743 -0.024541261 -0.024175437 -0.024025205 -0.023874973 -0.02341517 -0.022941757 -0.022468343 -0.022188624 -0.02235577 -0.022522916 -0.022690062 -0.022942592 -0.023241729 -0.023381004 -0.023091804 -0.022802604 -0.023216832 -0.023679047 -0.024141261 -0.025375754 -0.028098955 -0.030822156 -0.033545357 -0.034184207 -0.034117092 -0.033790782 -0.033093655 -0.032396528 -0.031699402 -0.036714882 -0.042525873 -0.050892892 -0.061097406 -0.069445137 -0.073942852 -0.078440568 -0.082938283 -0.085143464 -0.086952433 -0.088761402 -0.082626206 -0.066414773
-9999 -0.026390486 -0.026590284 -0.026787543 -0.026972825 -0.027158108 -0.02734339 -0.027181896 -0.026620177 -0.026062322 -0.02558884 -0.025115359 -0.024641877 -0.024276053 -0.024125821 -0.023975589 -0.023825357 -0.023454349 -0.022980935 -0.022701217 -0.022868363 -0.023035509 -0.023324303 -0.023623441 -0.023922579 -0.024061853 -0.023772653 -0.023483454 -0.023194254 -0.023417994 -0.023880208 -0.025114702 -0.027837903 -0.030559706 -0.030492592 -0.030425477 -0.030358363 -0.030032052 -0.029334925 -0.029353864 -0.035164855 -0.040975847 -0.046786838 -0.055153856 -0.065358371 -0.075562885 -0.085114833 -0.089612548 -0.094110263 -0.096315444 -0.098124413 -0.088569513 -0.07235808 -0.056146646
-9999 -0.026395559 -0.026588521 -0.026773803 -0.026959086 -0.027144368 -0.027329651 -0.027168157 -0.02663642 -0.026162938 -0.025689457 -0.025215975 -0.024742493 -0.024376669 -0.024226437 -0.024076205 -0.023925973 -0.02377574 -0.023493528 -0.023213809 -0.023406877 -0.023706015 -0.024005153 -0.024304291 -0.024603429 -0.024742703 -0.024453503 -0.024164303 -0.023875103 -0.023585903 -0.023619156 -0.024853649 -0.026868091 -0.026800977 -0.026733862 -0.026666747 -0.026599633 -0.026273322 -0.027803838 -0.033614829 -0.03942582 -0.045236811 -0.051047803 -0.059414821 -0.069619335 -0.079823849 -0.090028364 -0.10023288 -0.10528224 -0.10748742 -0.09451282 -0.078301387 -0.062089953 -0.04587852
-9999 -0.026319254 -0.026504537 -0.02668982 -0.026875102 -0.027060385 -0.027245667 -0.027113956 -0.026640474 -0.026166992 -0.02569351 -0.025220028 -0.024746547 -0.024433633 -0.024283401 -0.024133169 -0.023982936 -0.023832704 -0.023682472 -0.023668123 -0.02396726 -0.024266398 -0.024565536 -0.024864674 -0.025163812 -0.025350133 -0.025060933 -0.024771733 -0.024482533 -0.024193333 -0.023904133 -0.02369079 -0.023623675 -0.023556561 -0.023489446 -0.023422332 -0.023355217 -0.025943834 -0.031754825 -0.037565816 -0.043376808 -0.049187799 -0.05499879 -0.061599636 -0.07180415 -0.082008664 -0.092213179 -0.10241769 -0.11262221 -0.10030341 -0.08409198 -0.067880546 -0.051669113 -0.035457679
-9999 -0.025774911 -0.025960194 -0.026145476 -0.026330759 -0.026516041 -0.026641352 -0.026485167 -0.026011685 -0.025538203 -0.025064721 -0.02459124 -0.024295851 -0.024112609 -0.024047442 -0.023904048 -0.023753816 -0.023603583 -0.023453351 -0.023439002 -0.02373814 -0.024037277 -0.024336415 -0.024635553 -0.025029444 -0.025309893 -0.025169593 -0.024897987 -0.024608787 -0.024319587 -0.024030387 -0.023817045 -0.02374993 -0.023682815 -0.023615701 -0.023548586 -0.024652168 -0.027863317 -0.033674308 -0.039485299 -0.04529629 -0.051107282 -0.052226952 -0.054908246 -0.060382462 -0.070586976 -0.08079149 -0.090996004 -0.10120052 -0.088881725 -0.072670291 -0.056458858 -0.040247424 -0.032215559
-9999 -0.025230568 -0.02541585 -0.025601133 -0.025775088 -0.025893826 -0.026012563 -0.025856378 -0.025382896 -0.024909414 -0.024444962 -0.024202757 -0.023960552 -0.02377731 -0.023712143 -0.023646976 -0.023524695 -0.023374462 -0.02322423 -0.023209881 -0.023509019 -0.023808156 -0.024107294 -0.024535508 -0.02497294 -0.025253389 -0.025113089 -0.024972789 -0.024735042 -0.024445842 -0.024156642 -0.023943299 -0.023876184 -0.02380907 -0.023783864 -0.025177757 -0.026571651 -0.0297828 -0.035593791 -0.041404782 -0.046450381 -0.047313213 -0.048176044 -0.050857338 -0.054845901 -0.059165288 -0.069369802 -0.079574316 -0.08977883 -0.077460036 -0.061248603 -0.045037169 -0.039489487 -0.038335385
-9999 -0.024686224 -0.024871507 -0.025027562 -0.025146299 -0.025265037 -0.025383774 -0.025227589 -0.024754107 -0.024351868 -0.024109663 -0.023867458 -0.023625253 -0.023442011 -0.023376844 -0.023311677 -0.02324651 -0.023145341 -0.022995109 -0.02298076 -0.023279898 -0.023604142 -0.024041573 -0.024479004 -0.024916435 -0.025196885 -0.025056585 -0.024916285 -0.024775985 -0.024572096 -0.024282897 -0.024069554 -0.024002439 -0.024309454 -0.025703347 -0.02709724 -0.028491133 -0.031702282 -0.037513274 -0.041536642 -0.042399473 -0.043262305 -0.044125137 -0.04680643 -0.050794993 -0.054783556 -0.058772119 -0.068152627 -0.078357142 -0.066038348 -0.049826914 -0.046763415 -0.045609313 -0.044455211
-9999 -0.024141881 -0.024280036 -0.024398773 -0.02451751 -0.024636248 -0.024754985 -0.0245988 -0.024258773 -0.024016569 -0.023774364 -0.023532159 -0.023289954 -0.023106712 -0.023041545 -0.022976378 -0.022911211 -0.022846044 -0.022765988 -0.022751639 -0.023110207 -0.023547638 -0.023985069 -0.0244225 -0.024859931 -0.025140381 -0.025000081 -0.024859781 -0.024719481 -0.024579181 -0.024409151 -0.024195808 -0.024835044 -0.026228937 -0.02762283 -0.029016723 -0.030410616 -0.033621765 -0.036622902 -0.037485734 -0.038348566 -0.039211397 -0.040074229 -0.042755523 -0.046744086 -0.050732649 -0.054721211 -0.058709774 -0.066935453 -0.055191444 -0.054037343 -0.052883241 -0.051729139 -0.050575038
-9999 -0.023562827 -0.023681565 -0.023800302 -0.023919039 -0.024037777 -0.024156514 -0.023948061 -0.023705856 -0.023463652 -0.023221447 -0.022979242 -0.022737037 -0.022697603 -0.022654238 -0.022589071 -0.022523904 -0.022458738 -0.022393571 -0.022480382 -0.022917813 -0.023355244 -0.023792675 -0.024230106 -0.024667537 -0.028656278 -0.030053166 -0.029912866 -0.029772566 -0.029632266 -0.029491966 -0.029875696 -0.031269589 -0.032663482 -0.034057376 -0.035451269 -0.036845162 -0.033214747 -0.034077578 -0.03494041 -0.035803242 -0.036666073 -0.037528905 -0.040730626 -0.044719188 -0.048707751 -0.052696314 -0.056684877 -0.06067344 -0.061751245 -0.060597143 -0.059443042 -0.05828894 -0.057134838
-9999 -0.023034804 -0.023153542 -0.023272279 -0.023391016 -0.023471744 -0.023337349 -0.023080371 -0.022681915 -0.022405069 -0.022162864 -0.021920659 -0.021678454 -0.02163902 -0.022005647 -0.022080918 -0.022015751 -0.021950584 -0.021885417 -0.021972228 -0.022409659 -0.02284709 -0.023284521 -0.023721952 -0.023544686 -0.02730557 -0.041745669 -0.046838776 -0.046698476 -0.046558176 -0.046417876 -0.046801606 -0.0481955 -0.049589393 -0.050983286 -0.051832573 -0.040280933 -0.033921749 -0.034991112 -0.035893515 -0.036756347 -0.037619178 -0.03848201 -0.041994257 -0.047402002 -0.051390565 -0.055379128 -0.059367691 -0.063356254 -0.066471047 -0.068179285 -0.067025183 -0.065871081 -0.06471698
-9999 -0.022506781 -0.022625518 -0.022744256 -0.022750057 -0.022615662 -0.022481267 -0.022224288 -0.021825833 -0.021427378 -0.021104281 -0.020862076 -0.020619872 -0.020580438 -0.020947064 -0.02131369 -0.021507597 -0.02144243 -0.021377263 -0.021464075 -0.021901506 -0.022338937 -0.022641027 -0.022417503 -0.022193978 -0.025954863 -0.040394961 -0.05483506 -0.063624386 -0.063484086 -0.063343786 -0.063727517 -0.06512141 -0.066515303 -0.06408282 -0.052531179 -0.040979538 -0.034620355 -0.035689717 -0.036759079 -0.037709452 -0.038572283 -0.039435115 -0.042947362 -0.048364239 -0.053781116 -0.058061942 -0.062050505 -0.066039068 -0.069153861 -0.072117642 -0.074607325 -0.073453223 -0.072299121
-9999 -0.021978758 -0.022097495 -0.02202837 -0.021893975 -0.02175958 -0.021625185 -0.021368206 -0.020969751 -0.020571295 -0.02017284 -0.019803494 -0.019561289 -0.019521855 -0.019888481 -0.020255107 -0.020621734 -0.020934277 -0.02086911 -0.020955921 -0.021393352 -0.021513843 -0.021290319 -0.021066795 -0.020843271 -0.024604155 -0.039044254 -0.053484353 -0.067924451 -0.080409997 -0.080269697 -0.080653427 -0.08204732 -0.076333066 -0.064781425 -0.053229784 -0.041678144 -0.03531896 -0.036388322 -0.037457685 -0.038527047 -0.039525388 -0.04038822 -0.043900467 -0.049317344 -0.054734221 -0.060151098 -0.064733319 -0.068721882 -0.071836675 -0.074800456 -0.077764238 -0.080728019 -0.079881263
-9999 -0.021441078 -0.021306683 -0.021172288 -0.021037892 -0.020903497 -0.020769102 -0.020512124 -0.020113668 -0.019715213 -0.019316758 -0.018918302 -0.018519847 -0.018463272 -0.018829898 -0.019196525 -0.019563151 -0.019929777 -0.020296403 -0.020447768 -0.02038666 -0.020163136 -0.019939611 -0.019716087 -0.019492563 -0.023253447 -0.037693546 -0.052133645 -0.066573744 -0.081013843 -0.095453941 -0.097579337 -0.088583312 -0.077031671 -0.06548003 -0.05392839 -0.042376749 -0.036017566 -0.037086928 -0.03815629 -0.039225653 -0.040295015 -0.041341325 -0.044853572 -0.050270449 -0.055687326 -0.061104203 -0.06652108 -0.071404696 -0.074519489 -0.07748327 -0.080447052 -0.083410833 -0.086374615
-9999 -0.021538074 -0.021403679 -0.021269283 -0.021134888 -0.021000493 -0.020644759 -0.019803522 -0.019405066 -0.019006611 -0.018608155 -0.0182097 -0.017863448 -0.018142395 -0.018435338 -0.018801964 -0.01916859 -0.019535216 -0.019901843 -0.020090016 -0.019866492 -0.019642968 -0.019419443 -0.019195919 -0.018972395 -0.019747164 -0.028725442 -0.043165541 -0.05760564 -0.072045739 -0.086485838 -0.092048009 -0.080496368 -0.068944727 -0.057393087 -0.045841446 -0.035604961 -0.035392224 -0.036461586 -0.037530948 -0.038600311 -0.039669673 -0.041551675 -0.045369662 -0.050604354 -0.056021231 -0.061438109 -0.066854986 -0.072271863 -0.075597131 -0.078560913 -0.081524694 -0.084488476 -0.087452257
-9999 -0.022353994 -0.022219599 -0.022085204 -0.021950809 -0.021272291 -0.020047403 -0.019206166 -0.018807711 -0.018409256 -0.0180108 -0.017879769 -0.018208417 -0.018487364 -0.018666781 -0.018908287 -0.019274913 -0.01964154 -0.020008166 -0.02019634 -0.019972815 -0.019749291 -0.019525767 -0.019439597 -0.019719002 -0.020494598 -0.022600109 -0.028451494 -0.042891593 -0.057331692 -0.071771791 -0.077333961 -0.065782321 -0.05423068 -0.04267904 -0.03508985 -0.033980942 -0.033768204 -0.034837566 -0.035906929 -0.036976291 -0.039522446 -0.043451332 -0.047269319 -0.051007582 -0.055888063 -0.06130494 -0.066721817 -0.072138695 -0.075463963 -0.078427744 -0.081391526 -0.083394741 -0.075915643
-9999 -0.023169915 -0.023035519 -0.022901124 -0.021899823 -0.020674936 -0.019450048 -0.018608811 -0.018210356 -0.0178119 -0.01789609 -0.018224739 -0.018553387 -0.018832334 -0.01901175 -0.019191166 -0.019381237 -0.019747863 -0.020114489 -0.020302663 -0.020079139 -0.019855614 -0.019907625 -0.020187031 -0.020466436 -0.021242032 -0.023347542 -0.025453053 -0.028177546 -0.042617645 -0.057057743 -0.062619914 -0.051068274 -0.039516633 -0.03457474 -0.033465831 -0.032356922 -0.032144184 -0.033213546 -0.034282909 -0.037493217 -0.041422103 -0.045350989 -0.049168977 -0.05290724 -0.056645503 -0.061171772 -0.066588649 -0.072005526 -0.075330795 -0.078294576 -0.078316062 -0.070836964 -0.063357866
-9999 -0.023985835 -0.023752243 -0.022527355 -0.021302468 -0.02007758 -0.018852693 -0.018011456 -0.017613 -0.017912412 -0.01824106 -0.018569708 -0.018898356 -0.019177303 -0.019356719 -0.019536136 -0.019715552 -0.019894969 -0.020220813 -0.020408986 -0.020185462 -0.020375654 -0.020655059 -0.020934465 -0.02121387 -0.021989466 -0.024094976 -0.026200487 -0.028305997 -0.030411508 -0.042343696 -0.047905867 -0.036354226 -0.034059629 -0.03295072 -0.031841811 -0.030732902 -0.030520164 -0.031589526 -0.035463989 -0.039392875 -0.043321761 -0.047250647 -0.051068634 -0.054806897 -0.05854516 -0.062283423 -0.066455481 -0.071872358 -0.075197626 -0.073237383 -0.065758285 -0.058279187 -0.05080009
