P1_models/J1_p1_vp_slide_diff_25.dat.tif
NCOLS 118
NROWS 92
XLLCORNER 139.62
YLLCORNER -39.07
DX 0.099491525
DY 0.099347826
NODATA_VALUE -9999
[rows 27 to 53 of 92, columns 0 to 59 of 118]
-9999 6.6990369 6.699079 6.7009692 6.7138653 6.7267613 6.7396574 6.7526856 6.7658662 6.7790469 6.7922276 6.7850794 6.7723524 6.7600326 6.7485279 6.7370232 6.7255185 6.7273216 6.7344601 6.7413128 6.7475061 6.7536995 6.7772028 6.8028247 6.8284466 6.8473251 6.8481298 6.8489345 6.8497392 6.868619 6.8947814 6.9118111 6.9112359 6.9106607 6.9142452 6.917957 6.9216687 6.9172966 6.9013596 6.8854226 6.8694856 6.8554823 6.8416636 6.8306987 6.8217853 6.8128719 6.8035213 6.7915612 6.7796011 6.7725252 6.7662935 6.7600618 6.7507416 6.7380037 6.7253581 6.7130323 6.7007066 6.6883808 6.6812461 6.6750557
-9999 6.6783628 6.6840578 6.6969539 6.7098499 6.722746 6.735642 6.7486702 6.7618509 6.7750316 6.7882122 6.8013929 6.8019133 6.7895934 6.7780887 6.766584 6.7550793 6.7435746 6.7402554 6.7471081 6.756521 6.7821428 6.8077647 6.8333866 6.8590085 6.877887 6.8786917 6.8794964 6.8803011 6.8811058 6.8935573 6.910587 6.9109714 6.9146831 6.9183948 6.9221065 6.9258182 6.9214462 6.9055092 6.8895722 6.8736352 6.8576982 6.8432028 6.8322379 6.8233245 6.8144111 6.8054977 6.7965843 6.7848299 6.7777541 6.7715224 6.7652906 6.7590589 6.7509734 6.7383278 6.7260021 6.7136763 6.7013506 6.6890248 6.6807257
-9999 6.6679998 6.6808959 6.693792 6.706688 6.7195841 6.7324801 6.744076 6.7572567 6.7704374 6.783618 6.7967987 6.8099794 6.8190335 6.8075288 6.7960241 6.7845194 6.7730147 6.76151 6.7612318 6.7868537 6.8124756 6.8380975 6.8637194 6.8893413 6.9058708 6.9066755 6.9074802 6.9082849 6.9090896 6.9098943 6.9116919 6.9154036 6.9191153 6.9228271 6.9265388 6.9302505 6.9249993 6.9090623 6.8931253 6.8771883 6.8612513 6.8453143 6.8333403 6.8244269 6.8155136 6.8066002 6.7976868 6.7887734 6.780685 6.7744533 6.7682216 6.7619899 6.7557582 6.7485952 6.7362694 6.7239437 6.7116179 6.6992922 6.6869664
-9999 6.6718638 6.6847599 6.697656 6.710552 6.7234481 6.7264891 6.7339977 6.7478973 6.761078 6.7742586 6.7874393 6.80062 6.8154565 6.8336091 6.8244704 6.8129657 6.801461 6.7899563 6.7896781 6.8153 6.8409218 6.8665437 6.8921656 6.8969936 6.8974425 6.9118371 6.9142394 6.9150441 6.9158488 6.9166535 6.9184512 6.9221629 6.9258746 6.9295863 6.933298 6.9289798 6.9201923 6.9077055 6.8917685 6.8758315 6.8598945 6.8439575 6.8315605 6.8219333 6.8130199 6.8041065 6.7951931 6.7862797 6.7699835 6.7584672 6.7522355 6.7460038 6.739772 6.7329295 6.723971 6.7119638 6.699638 6.6873123 6.6749865
-9999 6.6757278 6.6886239 6.70152 6.7122647 6.714218 6.7161713 6.7236799 6.7376001 6.7515203 6.7648992 6.7780799 6.7912606 6.8060971 6.8242497 6.8424022 6.8414119 6.8299072 6.8184025 6.8181243 6.8437462 6.8693681 6.89499 6.8914721 6.8867179 6.8871668 6.9015614 6.9159559 6.9218034 6.9226081 6.9234128 6.9252104 6.9289221 6.9326338 6.935802 6.929485 6.9231679 6.9143805 6.9020588 6.8897371 6.8744747 6.8585377 6.8426007 6.8302037 6.8203516 6.8105263 6.8016129 6.7926995 6.7837861 6.7674899 6.7499177 6.7362494 6.7300176 6.7237859 6.7169433 6.7079848 6.6990263 6.6876582 6.6753324 6.6630067
-9999 6.6795918 6.6924879 6.6999936 6.7019469 6.7039002 6.7058535 6.7133621 6.7272823 6.7412025 6.7551226 6.7687205 6.7819011 6.7967377 6.8148903 6.8330428 6.8511954 6.8583534 6.8468487 6.8465706 6.8721924 6.8907048 6.8859506 6.8811964 6.8764422 6.8768911 6.8912856 6.9056802 6.9200748 6.9293673 6.930172 6.9319697 6.9356814 6.9363072 6.9299901 6.9236731 6.9173561 6.9085686 6.896247 6.8839253 6.8716036 6.8571808 6.8412438 6.8288468 6.8189947 6.8091426 6.7992905 6.7902059 6.7812925 6.7649963 6.7474241 6.729852 6.7140315 6.7077998 6.7009572 6.6919987 6.6830402 6.6740817 6.6633525 6.6510268
-9999 6.6834558 6.6877225 6.6896758 6.6916291 6.6935824 6.6955357 6.7030443 6.7169645 6.7308847 6.7448048 6.758725 6.7725417 6.7873783 6.8055309 6.8236834 6.841836 6.8599885 6.875295 6.8750168 6.8851832 6.880429 6.8756748 6.8709206 6.8661664 6.8666153 6.8810099 6.8954045 6.909799 6.9241936 6.9369313 6.9387289 6.9368124 6.9304953 6.9241783 6.9178613 6.9115442 6.9027568 6.8904351 6.8781134 6.8657917 6.8534701 6.839887 6.82749 6.8176379 6.8077858 6.7979337 6.7880816 6.7787989 6.7625026 6.7449305 6.7273583 6.7097862 6.692214 6.6849711 6.6760126 6.6670541 6.6580956 6.6491371 6.6390469
-9999 6.6814334 6.6833867 6.68534 6.6872933 6.6892466 6.6911999 6.7001717 6.7139065 6.7278266 6.7417468 6.755667 6.7695872 6.781631 6.798219 6.8163716 6.8345241 6.8526767 6.8708293 6.8820552 6.877301 6.8725468 6.8677925 6.8630383 6.8582841 6.8599638 6.8721142 6.8865088 6.9009034 6.9152979 6.9296925 6.9370127 6.9306956 6.9243786 6.9180616 6.9117445 6.9054275 6.8967219 6.8844693 6.8721476 6.8598259 6.8475042 6.8351825 6.8190145 6.8091624 6.7993103 6.7894582 6.7796061 6.769754 6.7566107 6.7390385 6.7214664 6.7038942 6.6863221 6.6725215 6.665494 6.6565355 6.647577 6.6386185 6.6296599
-9999 6.6869637 6.688917 6.6908702 6.6928235 6.6970145 6.7067314 6.7159822 6.7246952 6.736742 6.7506622 6.7645824 6.7785025 6.7905464 6.7988329 6.8124368 6.8305893 6.8487419 6.8668944 6.8781203 6.8733661 6.8686119 6.8638577 6.8596538 6.8632612 6.8669196 6.8707146 6.8798892 6.8942838 6.9086783 6.9230729 6.9303931 6.924076 6.917759 6.911442 6.9049931 6.8979255 6.8891411 6.8779004 6.8659278 6.8536061 6.8412844 6.8289627 6.811497 6.7903332 6.7790941 6.769242 6.7593899 6.7495378 6.739219 6.7275418 6.7099697 6.6923975 6.6748254 6.6610248 6.6602888 6.6550342 6.6460757 6.6371172 6.6281587
-9999 6.6924939 6.6944472 6.6964005 6.7031081 6.712825 6.7225419 6.7317928 6.7405058 6.7492188 6.7595776 6.7734978 6.7874179 6.7994618 6.8077483 6.8160348 6.8266545 6.8448071 6.8629596 6.8741855 6.8694313 6.8646771 6.8630023 6.8666097 6.8702171 6.8738755 6.8776705 6.8814655 6.8876642 6.9020588 6.9164533 6.9237735 6.9174565 6.9111394 6.9044798 6.8974122 6.8903446 6.8815602 6.8703195 6.8590789 6.8473863 6.8350646 6.8227429 6.8052771 6.7841134 6.7629496 6.7490258 6.7391737 6.7293216 6.7190028 6.7086035 6.6982041 6.6809008 6.6633287 6.6495281 6.6487921 6.648056 6.6445745 6.635616 6.6266575
-9999 6.6980241 6.6999774 6.7092018 6.7189187 6.7286356 6.7383525 6.7476034 6.7563164 6.7650294 6.7737424 6.7824554 6.7963333 6.8083772 6.8166637 6.8249502 6.8332366 6.8415231 6.8590248 6.8702507 6.8654965 6.8663508 6.8699582 6.8735656 6.877173 6.8808313 6.8846263 6.8884214 6.8922164 6.8960114 6.9098337 6.9171539 6.9108369 6.9039666 6.896899 6.8898313 6.8827637 6.8739793 6.8627386 6.851498 6.8402573 6.8288447 6.8165231 6.7990573 6.7778935 6.7567298 6.735566 6.7189575 6.7091054 6.6987866 6.6883873 6.6779879 6.6675886 6.651832 6.6380314 6.6372954 6.6365593 6.6358233 6.6341148 6.6251563
-9999 6.7055786 6.7152955 6.7250124 6.7347292 6.7444461 6.754163 6.7634139 6.7721269 6.7808399 6.7895529 6.798266 6.806979 6.8172926 6.8255791 6.8338655 6.842152 6.8504385 6.858725 6.8663159 6.8696992 6.8733066 6.876914 6.8805214 6.8841288 6.8877872 6.8915822 6.8953772 6.8991722 6.9029672 6.9067622 6.9105209 6.9034533 6.8963857 6.8893181 6.8822505 6.8751829 6.8663984 6.8551577 6.8439171 6.8326764 6.8214358 6.8101951 6.7928375 6.7716737 6.75051 6.7293462 6.7081824 6.6888891 6.6785704 6.6681711 6.6577717 6.6473724 6.636973 6.6265347 6.6257987 6.6250626 6.6243266 6.6235905 6.6228544
-9999 6.7167284 6.7264452 6.7361621 6.745879 6.7555959 6.7624967 6.7684222 6.7771352 6.7858482 6.7945612 6.8032742 6.8088785 6.8123 6.823044 6.8313305 6.839617 6.8479035 6.85619 6.8630616 6.866669 6.8702764 6.8738838 6.8774911 6.8832429 6.8918643 6.8921006 6.8958956 6.8996906 6.9034856 6.9072806 6.9073653 6.9002977 6.8932301 6.8861625 6.8790949 6.8685433 6.8541939 6.8429532 6.8317126 6.8204719 6.8092312 6.8005021 6.7788769 6.7538111 6.7326473 6.7114836 6.6903198 6.669156 6.6571704 6.6467711 6.6363717 6.6259724 6.6151499 6.6044357 6.6036997 6.6029636 6.6022275 6.6014915 6.6104239
-9999 6.7263018 6.7360187 6.7457356 6.7554525 6.7603412 6.7638515 6.769777 6.77849 6.787203 6.795916 6.798396 6.7974712 6.8008927 6.8130177 6.8249228 6.8332093 6.8414958 6.8497822 6.8566538 6.8602612 6.8638686 6.867476 6.8758749 6.8882344 6.8968559 6.8954583 6.8942367 6.8980317 6.9018267 6.9056217 6.9057064 6.8986388 6.8915712 6.8845036 6.8712975 6.854775 6.8404255 6.8291849 6.8179442 6.8067036 6.7992193 6.7927843 6.7711591 6.7386141 6.710847 6.6896832 6.6685194 6.6473557 6.6353701 6.6249707 6.6145714 6.6030598 6.589465 6.5787508 6.5780148 6.5772787 6.5765427 6.5896133 6.6080682
-9999 6.7358753 6.7455922 6.7546755 6.7581858 6.761696 6.7652063 6.7711318 6.7798448 6.7885578 6.7879135 6.7869887 6.7860639 6.7894854 6.8016104 6.8137355 6.8258605 6.835088 6.8433745 6.8502461 6.8538535 6.8574609 6.868507 6.8808665 6.893226 6.9018474 6.9004498 6.8990522 6.8976546 6.9001678 6.9039628 6.9040475 6.8969799 6.8899123 6.8740517 6.8575292 6.8410067 6.8266572 6.8154166 6.8043716 6.7979365 6.7915015 6.7850664 6.7634413 6.7308962 6.6983512 6.6678828 6.6467191 6.6255553 6.6135697 6.6031704 6.5909698 6.577375 6.5637802 6.553066 6.5523299 6.5515939 6.5688027 6.5872576 6.6057126
-9999 6.7454487 6.7525201 6.7560303 6.7595406 6.7630508 6.7665611 6.7724866 6.7783558 6.777431 6.7765062 6.7755814 6.7746566 6.7780781 6.7902031 6.8023282 6.8144532 6.8265782 6.8369668 6.8438384 6.8487796 6.8611391 6.8734986 6.8858581 6.8982176 6.906839 6.9054414 6.9040438 6.9026462 6.9012486 6.9023039 6.9023886 6.8933284 6.8768059 6.8602834 6.8437609 6.8272384 6.8128889 6.8030888 6.7966538 6.7902187 6.7837837 6.7773486 6.7557235 6.7231784 6.6906334 6.6580883 6.6255432 6.6037549 6.5917693 6.5788797 6.5652849 6.5516901 6.5380953 6.5273811 6.5295371 6.5479921 6.566447 6.584902 6.603357
-9999 6.7535524 6.7570626 6.7605729 6.7640831 6.7675934 6.7711036 6.7719692 6.7710444 6.7701196 6.7691948 6.76827 6.7673453 6.7705837 6.7827087 6.7948337 6.8069588 6.8190838 6.8312088 6.8434048 6.8557643 6.8681238 6.8804833 6.8928428 6.9052023 6.9079285 6.9065309 6.9051333 6.9037357 6.9023381 6.9009405 6.8943767 6.8778542 6.8613317 6.8448092 6.8282867 6.8117642 6.7996145 6.7931795 6.7867444 6.7803094 6.7738744 6.7674393 6.7473351 6.71479 6.682245 6.6496999 6.6171548 6.5846097 6.570048 6.5564532 6.5428583 6.5292635 6.5156687 6.5061273 6.5245823 6.5430373 6.5614922 6.5799472 6.5984022
-9999 6.7821371 6.7856473 6.7891576 6.7926678 6.7961781 6.8013602 6.8011501 6.7946245 6.7936997 6.7927749 6.7918501 6.7909254 6.7939383 6.8048368 6.8168503 6.8289753 6.8411003 6.8532254 6.8654213 6.8777808 6.8901403 6.9024998 6.9148593 6.9163011 6.9069143 6.8813028 6.876793 6.8753953 6.8739977 6.8726001 6.8660364 6.8495139 6.8329914 6.8164688 6.7999463 6.7938995 6.7843575 6.7667418 6.7603067 6.7538717 6.7474366 6.7410016 6.7256177 6.701344 6.668799 6.6362539 6.6037088 6.5711637 6.5659516 6.558601 6.5450062 6.5314114 6.5178165 6.5063731 6.5023817 6.5184791 6.5369341 6.555389 6.573844
-9999 6.8107217 6.814232 6.8177423 6.8216337 6.8269772 6.8323207 6.8321107 6.8254911 6.8188715 6.816355 6.8154302 6.8145055 6.8175184 6.8284169 6.8393153 6.8509918 6.8631169 6.8752419 6.8874378 6.8997973 6.9121568 6.9245163 6.9216465 6.918313 6.9089262 6.8833147 6.8577032 6.847055 6.8456574 6.8442598 6.837696 6.8211735 6.804651 6.7889696 6.7853535 6.7817374 6.7721954 6.7541754 6.7361554 6.7274339 6.7209989 6.7145639 6.69918 6.6773629 6.655353 6.6228079 6.5902628 6.5577178 6.5525057 6.5520174 6.547154 6.5335592 6.5199644 6.5085209 6.5045295 6.5005381 6.5123759 6.5308309 6.5492859
-9999 6.8393064 6.8428167 6.8472508 6.8525943 6.8579378 6.8632813 6.8630713 6.8564517 6.849832 6.8432124 6.8390103 6.8380856 6.8410985 6.851997 6.8628954 6.8737939 6.8851334 6.8972584 6.9094544 6.9218139 6.9303253 6.9269918 6.9236584 6.9203249 6.9109381 6.8853266 6.8597151 6.8341036 6.8173171 6.8159195 6.8093557 6.7928332 6.7804237 6.7768076 6.7731915 6.7695754 6.7600333 6.7420133 6.7239934 6.7059734 6.6945612 6.6881261 6.6727422 6.6509252 6.6291081 6.607291 6.5768168 6.5442718 6.5390597 6.5385714 6.5380832 6.535707 6.5221122 6.5106687 6.5066773 6.502686 6.4986946 6.5062727 6.5247277
-9999 6.8678911 6.8728679 6.8782114 6.8835549 6.8888984 6.8942419 6.8940319 6.8874122 6.8807926 6.874173 6.8675534 6.8616657 6.8646786 6.8755771 6.8864755 6.897374 6.9082725 6.919275 6.9314709 6.9356707 6.9323372 6.9290037 6.9256703 6.9223368 6.91295 6.8873385 6.861727 6.8361155 6.810504 6.7875791 6.7810153 6.7718777 6.7682616 6.7646455 6.7610294 6.7574133 6.7478712 6.7298513 6.7118313 6.6938113 6.6757913 6.6616884 6.6463045 6.6244874 6.6026703 6.5808532 6.5590361 6.5308258 6.5256137 6.5251255 6.5246372 6.524149 6.5236608 6.5128165 6.5088252 6.5048338 6.5008424 6.496851 6.5001696
-9999 6.8936506 6.8989941 6.9043376 6.9096812 6.9150247 6.9203682 6.9227357 6.9161161 6.9094965 6.9028769 6.8962572 6.8896376 6.8776485 6.8846891 6.8955876 6.906486 6.9173845 6.928283 6.9348779 6.9315445 6.928211 6.9248775 6.9215441 6.9182106 6.9134376 6.8903898 6.8647783 6.8391668 6.8135553 6.7879439 6.7698453 6.7662292 6.7626131 6.758997 6.7553809 6.7517648 6.7393672 6.7213472 6.7033273 6.6853073 6.6672873 6.6494145 6.6371963 6.6153793 6.5935622 6.5717451 6.549928 6.5281109 6.5244796 6.5239914 6.5235032 6.523015 6.5225268 6.5232804 6.519289 6.5152976 6.5113062 6.5073148 6.5021696
-9999 6.912094 6.9174375 6.922781 6.9281245 6.9351474 6.9454214 6.947853 6.9412334 6.9346138 6.9279942 6.9197275 6.905243 6.8921199 6.8817232 6.8817065 6.892605 6.9035034 6.9144019 6.9209968 6.9176634 6.9143299 6.9109964 6.9080363 6.9078844 6.9037925 6.8891404 6.8694814 6.8438699 6.8182585 6.792647 6.7745484 6.7709323 6.7673162 6.7637001 6.7588062 6.7495427 6.7366766 6.7186567 6.7006367 6.6826167 6.6652796 6.6491259 6.6382884 6.6312725 6.6119947 6.5901776 6.5683605 6.5465434 6.5429122 6.542424 6.5419358 6.5414475 6.5449565 6.5469602 6.5429689 6.5389775 6.5349861 6.5261242 6.5068155
-9999 6.9305374 6.9358809 6.9412244 6.9499907 6.9602647 6.9705388 6.9729704 6.9663508 6.9597311 6.9486834 6.9341989 6.9197144 6.9065914 6.8961947 6.885798 6.8787239 6.8896223 6.9005208 6.9071157 6.9037823 6.9004488 6.8985431 6.8983912 6.8982393 6.8941474 6.8794953 6.8648433 6.8485731 6.8229616 6.7973501 6.7792515 6.7756354 6.7720193 6.7653791 6.7561156 6.7468521 6.7339861 6.7159661 6.6979461 6.6811447 6.664991 6.6488374 6.6379998 6.6309839 6.623968 6.6086102 6.5867931 6.564976 6.5613448 6.5608565 6.5611674 6.5649019 6.5686364 6.5706401 6.5666487 6.5626574 6.5500788 6.5307701 6.5114615
-9999 6.9489807 6.9545599 6.964834 6.975108 6.9853821 6.9956561 6.9980877 6.9914681 6.9776394 6.9631549 6.9486704 6.9341859 6.9210628 6.9106661 6.9002694 6.8898727 6.879476 6.8866397 6.8932346 6.8899012 6.8890498 6.8888979 6.888746 6.8885941 6.8845023 6.8698502 6.8551981 6.8405461 6.825894 6.8020532 6.7839547 6.7803386 6.7719521 6.7626886 6.7534251 6.7441616 6.7312955 6.7132755 6.6970098 6.6808561 6.6647025 6.6485488 6.6377113 6.6306954 6.6236795 6.6166636 6.6052256 6.5834085 6.5797773 6.5811128 6.5848473 6.5885818 6.5923163 6.59432 6.5903286 6.5740334 6.5547247 6.5354161 6.5161074
-9999 6.9694032 6.9796773 6.9899513 7.0002254 7.0104994 7.0207735 7.0210798 7.0065953 6.9921108 6.9776263 6.9631418 6.9486573 6.9355343 6.9251376 6.9147409 6.9043442 6.8939475 6.8835508 6.8797085 6.8795566 6.8794047 6.8792528 6.8791009 6.878949 6.8748571 6.8602051 6.845553 6.8309009 6.8162489 6.8015968 6.7877885 6.778525 6.7692615 6.759998 6.7507345 6.741471 6.7290285 6.7128749 6.6967212 6.6805676 6.6644139 6.6482603 6.6374227 6.6304068 6.6233909 6.616375 6.6093591 6.6018411 6.6010582 6.6047927 6.6085272 6.6122617 6.6159962 6.6172966 6.5979879 6.5786793 6.5593707 6.540062 6.5207534
-9999 6.9918533 7.0021273 7.0124014 7.0226754 7.0329495 7.0356941 7.0277356 7.0132511 6.9987666 6.9842821 6.9697976 6.9548123 6.9417708 6.9332453 6.9228486 6.9124519 6.9020552 6.8916585 6.8843597 6.8842078 6.8840559 6.8839041 6.8837522 6.8828463 6.8787323 6.868318 6.853666 6.8390139 6.8243618 6.8097098 6.7968982 6.7876347 6.7783712 6.7691077 6.7598442 6.7487698 6.7345758 6.7184222 6.7022685 6.6861149 6.6699612 6.6565226 6.6477576 6.641032 6.6340161 6.6270002 6.6199843 6.6129684 6.6151187 6.6188532 6.6225877 6.6263222 6.6273369 6.6179578 6.5986492 6.5793406 6.5600319 6.5407233 6.5309156
