P1_models/J1_p1_tot_conduct_slide_29.85.dat.tif
NCOLS 118
NROWS 92
XLLCORNER 139.62
YLLCORNER -39.07
DX 0.099491525
DY 0.099347826
NODATA_VALUE -9999
[rows 26 to 51 of 92, columns 0 to 56 of 118]
-2.4078267 -2.4047636 -2.4545093 -2.5389101 -2.647877 -2.7866897 -2.9011049 -3.0160199 -3.1249868 -3.2275247 -3.3568637 -3.4896179 -3.628906 -3.7009873 -3.8203772 -3.8930521 -3.9427978 -3.9525173 -3.9226699 -3.8642419 -3.7795921 -3.6877573 -3.5783166 -3.4540669 -3.3637408 -3.2769019 -3.2261793 -3.1881412 -3.1736447 -3.1835236 -3.2169291 -3.279024 -3.3337444 -3.3842138 -3.426105 -3.468387 -3.4285904 -3.3438007 -3.176236 -2.9576435 -2.6853509 -2.4153123 -2.1417106 -1.9328272 -1.7652625 -1.7399795 -1.7818707 -1.9709133 -2.2117875 -2.5195545 -2.844211 -3.1301553 -3.4195279 -3.608991 -3.7790507 -3.8582795 -3.930837
-2.4409972 -2.4451164 -2.519735 -2.6133326 -2.7649388 -2.9201414 -3.0793278 -3.2028389 -3.3212812 -3.4240245 -3.5085923 -3.6287049 -3.6812351 -3.7177266 -3.7276758 -3.7657485 -3.735901 -3.7202998 -3.6407066 -3.5661984 -3.441834 -3.3367283 -3.1953281 -3.0566756 -2.9323112 -2.8331482 -2.753555 -2.7046484 -2.6996739 -2.7132773 -2.7970596 -2.8777794 -3.0071184 -3.0795471 -3.1929662 -3.2616917 -3.2666662 -3.1946665 -3.0532838 -2.8395387 -2.5724825 -2.3055789 -2.0419264 -1.8365432 -1.6791611 -1.6558828 -1.7023924 -1.8840026 -2.1124397 -2.4113558 -2.7249936 -2.9903995 -3.2605714 -3.4374452 -3.6002246 -3.6892434 -3.7663082
-2.5235841 -2.5406503 -2.6227762 -2.7424463 -2.9019461 -3.0694685 -3.2307581 -3.3578339 -3.4626925 -3.5445417 -3.5912418 -3.6638562 -3.6929826 -3.6465589 -3.6172165 -3.6014708 -3.5487642 -3.504921 -3.428236 -3.3426259 -3.2330568 -3.1028789 -2.9586162 -2.8101458 -2.664356 -2.5386399 -2.4279305 -2.3600449 -2.3360955 -2.3560551 -2.4461325 -2.5641662 -2.723911 -2.8485653 -2.9895919 -3.1547803 -3.207072 -3.1906111 -3.0907902 -2.9310176 -2.6951768 -2.4625296 -2.2155794 -2.0321992 -1.8836089 -1.8567266 -1.9019659 -2.0528848 -2.274279 -2.5083939 -2.8173412 -3.0282908 -3.285269 -3.4150661 -3.5652202 -3.6344974 -3.7169328
-2.6101865 -2.6440335 -2.743525 -2.8846025 -3.0551594 -3.219319 -3.38348 -3.5078407 -3.5978569 -3.6539303 -3.668854 -3.6649939 -3.6251973 -3.5693578 -3.5096629 -3.4507914 -3.3811473 -3.3193639 -3.2447453 -3.1726938 -3.0732023 -2.9606302 -2.8163675 -2.6732776 -2.5140912 -2.3556168 -2.2262778 -2.1122392 -2.0774171 -2.0703214 -2.1645766 -2.2915235 -2.4755829 -2.6680572 -2.8775131 -3.0648958 -3.1693619 -3.226929 -3.1798014 -3.080447 -2.9024095 -2.7168435 -2.5079112 -2.3507794 -2.2251059 -2.2058367 -2.2424915 -2.3815057 -2.5647795 -2.7812676 -3.0169054 -3.206547 -3.4005724 -3.5107786 -3.609045 -3.6666453 -3.7248472
-2.7157435 -2.7610371 -2.8801283 -3.0212058 -3.1917627 -3.3474842 -3.4890371 -3.6011834 -3.65374 -3.6978683 -3.6580717 -3.6525754 -3.5771388 -3.49091 -3.4113168 -3.3570438 -3.3172472 -3.269627 -3.2646524 -3.210006 -3.1851331 -3.0786058 -2.9674407 -2.8518856 -2.68275 -2.5157957 -2.3317364 -2.2027909 -2.0983248 -2.0782373 -2.1358376 -2.2635571 -2.4625402 -2.6556387 -2.9113335 -3.1569112 -3.3618483 -3.4534962 -3.5151003 -3.4548372 -3.3618932 -3.2126849 -3.0667428 -2.9214801 -2.8149836 -2.7843279 -2.8075322 -2.9000746 -3.042891 -3.1949115 -3.3894598 -3.5065963 -3.6675697 -3.7173154 -3.7980278 -3.8189734 -3.8699757
-2.7886129 -2.8687564 -2.9944617 -3.145857 -3.3131852 -3.444786 -3.5784526 -3.6596778 -3.7030104 -3.7156012 -3.6696501 -3.6127772 -3.5232348 -3.4469467 -3.3771954 -3.3345386 -3.3201096 -3.3223002 -3.352166 -3.3727634 -3.3855407 -3.3403204 -3.2458034 -3.185315 -3.0237577 -2.8424568 -2.6467251 -2.4678691 -2.339448 -2.2599161 -2.2937407 -2.391137 -2.5821303 -2.8054042 -3.0785024 -3.3541403 -3.5750689 -3.7583646 -3.847673 -3.88683 -3.8235702 -3.7465408 -3.6207237 -3.5148419 -3.4158518 -3.3674054 -3.3831146 -3.4278169 -3.5377812 -3.6262453 -3.7728644 -3.8387611 -3.9452561 -3.970094 -4.0075226 -4.017848 -4.045377
-2.8489942 -2.9548578 -3.0991205 -3.2476805 -3.3992866 -3.5308875 -3.6403282 -3.7060401 -3.7202532 -3.708978 -3.6492831 -3.5796613 -3.4901189 -3.4138308 -3.364085 -3.3411618 -3.3759838 -3.4282712 -3.5227882 -3.6111982 -3.6907915 -3.7384473 -3.718549 -3.6621846 -3.5129473 -3.3458191 -3.1319124 -2.9314923 -2.7673313 -2.644061 -2.6388246 -2.6958037 -2.8699138 -3.0819209 -3.3699227 -3.6455606 -3.9042385 -4.1160168 -4.2626359 -4.3372068 -4.3424432 -4.2962654 -4.2166722 -4.1307984 -4.0417796 -3.9948316 -3.9686497 -3.995001 -4.0368922 -4.0976786 -4.1605154 -4.1999397 -4.2366764 -4.2422037 -4.2459574 -4.240721 -4.2506958
-2.9102596 -3.0261248 -3.1799054 -3.3284653 -3.4582039 -3.5536238 -3.6290954 -3.6855316 -3.6840041 -3.6720912 -3.6123963 -3.5424556 -3.4726303 -3.4377913 -3.4373006 -3.4357328 -3.5294263 -3.6077907 -3.7755785 -3.8911548 -4.0494626 -4.0999881 -4.1159644 -4.1250365 -4.0278508 -3.8650966 -3.6655383 -3.4620383 -3.2882099 -3.1534568 -3.1096706 -3.1520999 -3.2907272 -3.5025749 -3.7750469 -4.0271522 -4.2696819 -4.480103 -4.6227419 -4.6984287 -4.7036651 -4.658683 -4.5790898 -4.4848739 -4.3865908 -4.3116488 -4.2645441 -4.2503381 -4.2708038 -4.2903712 -4.3381802 -4.3417663 -4.3684575 -4.3574029 -4.3615943 -4.3662808 -4.3775029
-2.9294108 -3.0847797 -3.2439661 -3.3820823 -3.5051816 -3.5618008 -3.6253517 -3.6490032 -3.643063 -3.6276907 -3.5717034 -3.5137161 -3.4589958 -3.4507542 -3.4616314 -3.5067542 -3.6116102 -3.7422034 -3.9210381 -4.099661 -4.2688008 -4.3995339 -4.4492797 -4.4976822 -4.4163347 -4.3123559 -4.1294492 -3.9473771 -3.7828602 -3.6446053 -3.6010303 -3.6073814 -3.7376907 -3.9142529 -4.1760727 -4.373411 -4.6069576 -4.7798149 -4.9170495 -4.9651271 -4.9703635 -4.9053814 -4.8257881 -4.7115723 -4.6068443 -4.5142507 -4.4461775 -4.4120161 -4.4015433 -4.4058943 -4.4216035 -4.425 -4.4248164 -4.4160782 -4.4121922 -4.4214095 -4.4480419
-2.9504289 -3.1254425 -3.2945781 -3.4199031 -3.5051816 -3.5618008 -3.5866737 -3.5960177 -3.5723293 -3.5482124 -3.5133904 -3.4723387 -3.4474658 -3.444131 -3.4839277 -3.5464934 -3.6758324 -3.8216817 -4.0206647 -4.2122552 -4.4012891 -4.5504332 -4.6449502 -4.703001 -4.668179 -4.597153 -4.4678141 -4.3248989 -4.1905853 -4.0751125 -4.0436941 -4.0577582 -4.1671988 -4.3220731 -4.5262925 -4.7178168 -4.891927 -5.0381192 -5.1166652 -5.142682 -5.0955545 -5.0144162 -4.8950264 -4.7668099 -4.6201908 -4.515778 -4.4215228 -4.3795554 -4.3485578 -4.3470145 -4.3487484 -4.3545825 -4.3585845 -4.3530572 -4.3525835 -4.3735291 -4.4083028
-2.9614561 -3.1522523 -3.3213879 -3.4414521 -3.5006547 -3.5136232 -3.5112525 -3.5113827 -3.4845063 -3.4621577 -3.4382219 -3.4068151 -3.3943588 -3.4142444 -3.4615019 -3.5221757 -3.6326082 -3.7681675 -3.9288291 -4.1157783 -4.2815142 -4.4429337 -4.5428962 -4.6270911 -4.6361007 -4.5958718 -4.5270659 -4.4185404 -4.3536954 -4.2570792 -4.2623037 -4.2789982 -4.3884389 -4.5292841 -4.7122754 -4.8471784 -4.9752318 -5.0777106 -5.107763 -5.0891056 -5.0060966 -4.8808513 -4.7321537 -4.5755979 -4.4125929 -4.2976465 -4.2015233 -4.1671477 -4.1399151 -4.1620739 -4.1676087 -4.1824214 -4.1883832 -4.1880595 -4.1872896 -4.204021 -4.2430709
-2.95456 -3.1690005 -3.3381361 -3.4332487 -3.4758879 -3.4633129 -3.4434146 -3.4178546 -3.3894284 -3.3725313 -3.352633 -3.3412728 -3.3462474 -3.3696772 -3.4192846 -3.4674244 -3.5707269 -3.6643074 -3.8111797 -3.9423661 -4.0987713 -4.2434239 -4.3528645 -4.4352573 -4.4569577 -4.4755044 -4.4257009 -4.3904932 -4.3463762 -4.3275515 -4.3475189 -4.3969428 -4.5063873 -4.631617 -4.7887088 -4.8997712 -5.0042373 -5.0469928 -5.0469928 -4.9687614 -4.8535606 -4.6869178 -4.5078331 -4.3280141 -4.1447403 -4.0296936 -3.930202 -3.9133139 -3.8976048 -3.9357016 -3.96712 -3.9871315 -4.0010335 -3.9903986 -3.9833602 -3.9943008 -4.021531
-2.9661056 -3.17847 -3.3326818 -3.4178376 -3.4225753 -3.3991034 -3.344383 -3.3113871 -3.2782233 -3.260215 -3.2651896 -3.2619632 -3.2918106 -3.3233148 -3.3581369 -3.4011925 -3.4459637 -3.5185973 -3.5882413 -3.690685 -3.7802273 -3.8990181 -3.9799344 -4.0511124 -4.1008581 -4.1310986 -4.1460223 -4.1388121 -4.1587104 -4.168595 -4.2419045 -4.3108414 -4.4252566 -4.551833 -4.6827429 -4.783626 -4.8433209 -4.8698241 -4.8122238 -4.7126127 -4.5345753 -4.3524455 -4.1335641 -3.9518359 -3.7737984 -3.671509 -3.6056658 -3.6139575 -3.6459236 -3.7061154 -3.7684243 -3.7949052 -3.8155843 -3.7768931 -3.7515486 -3.7201302 -3.7301107
-2.9577361 -3.1640466 -3.30819 -3.3749327 -3.3667702 -3.3236384 -3.2643586 -3.2284427 -3.2050412 -3.1976683 -3.2228132 -3.2363259 -3.2727841 -3.315907 -3.3417795 -3.3621482 -3.3735452 -3.3981003 -3.4122169 -3.4623059 -3.4985412 -3.5851768 -3.6551588 -3.6941885 -3.7439342 -3.79368 -3.8316215 -3.856952 -3.900224 -3.9388065 -4.0254127 -4.1110634 -4.2225379 -4.3424186 -4.4668829 -4.5451645 -4.592147 -4.5928134 -4.5227849 -4.3968795 -4.2128035 -4.0194215 -3.8056253 -3.6348768 -3.4695878 -3.4182408 -3.3710948 -3.451969 -3.5042278 -3.6130904 -3.6879766 -3.7168481 -3.738488 -3.6418646 -3.5813415 -3.4805854 -3.449167
-2.9569356 -3.1540828 -3.2784472 -3.3161742 -3.2924858 -3.2520714 -3.1874019 -3.1552135 -3.1410005 -3.1558432 -3.1956398 -3.2405593 -3.2952796 -3.3447431 -3.3646414 -3.3667519 -3.3568028 -3.3328739 -3.3129756 -3.2897289 -3.2947035 -3.3083984 -3.3432204 -3.3704747 -3.4202205 -3.4681546 -3.5179004 -3.5662296 -3.62095 -3.6810755 -3.7753306 -3.8702437 -3.9796844 -4.0892985 -4.1992629 -4.2712039 -4.306026 -4.2920525 -4.2082702 -4.0738473 -3.8801007 -3.6884614 -3.4845037 -3.3335838 -3.1974375 -3.1752268 -3.1856996 -3.2984885 -3.424162 -3.5544287 -3.6748658 -3.7037095 -3.7224116 -3.6003105 -3.4613845 -3.3252382 -3.199364
-2.937066 -3.1177647 -3.2055922 -3.2427164 -3.2095526 -3.1732418 -3.1334452 -3.1151636 -3.1483274 -3.178469 -3.2729859 -3.3266607 -3.4108594 -3.4772068 -3.4971051 -3.4929145 -3.4381941 -3.3979375 -3.3183443 -3.2759244 -3.2212041 -3.2222969 -3.2215064 -3.2227776 -3.252625 -3.2950599 -3.3348565 -3.3795952 -3.4193918 -3.4737067 -3.5417799 -3.6278421 -3.7124099 -3.8177478 -3.9052099 -3.964154 -3.9890268 -3.9741395 -3.8903571 -3.7645409 -3.5953036 -3.4220163 -3.2593153 -3.1405042 -3.0715969 -3.0938137 -3.1724532 -3.3346209 -3.5168866 -3.682743 -3.8338223 -3.8505708 -3.8614985 -3.6625155 -3.4878189 -3.2207627 -3.0483989
-2.9178395 -3.0812865 -3.1533226 -3.156615 -3.1284379 -3.0995969 -3.0761564 -3.1281393 -3.1866898 -3.2415415 -3.3475663 -3.482846 -3.5790634 -3.6719532 -3.6934186 -3.6927533 -3.6329405 -3.5704447 -3.4867605 -3.3938664 -3.3353602 -3.2725932 -3.2597434 -3.2431544 -3.2692968 -3.2670256 -3.2872189 -3.3270155 -3.3633913 -3.3804966 -3.4415261 -3.4807552 -3.5587157 -3.6164131 -3.6957009 -3.7425308 -3.7661794 -3.7434221 -3.6642684 -3.54628 -3.3928252 -3.2451758 -3.1087776 -3.0711797 -3.0279546 -3.0759296 -3.2190374 -3.4210267 -3.6778101 -3.8668155 -4.0742965 -4.0967229 -4.0919333 -3.8929503 -3.6164348 -3.3353379 -3.0114351
-2.9017594 -3.0131308 -3.0678511 -3.0794607 -3.0605099 -3.0714419 -3.0863657 -3.1485251 -3.243279 -3.3680783 -3.5272647 -3.6762054 -3.8055444 -3.9082899 -3.9381373 -3.9389259 -3.8742564 -3.796318 -3.6868773 -3.584231 -3.4996632 -3.4296293 -3.3948072 -3.3618583 -3.3568838 -3.3480704 -3.353045 -3.3509035 -3.3509035 -3.3490357 -3.3647449 -3.3874731 -3.4322443 -3.4830014 -3.5458382 -3.5883898 -3.6082881 -3.5934476 -3.5253744 -3.4294103 -3.2985004 -3.1883334 -3.0838673 -3.0542653 -3.0647381 -3.1965475 -3.3745849 -3.639004 -3.9217693 -4.1538652 -4.3737938 -4.3863451 -4.3749609 -4.0870921 -3.7646586 -3.3666925 -2.981633
-2.8520855 -2.9522821 -2.987131 -2.9987406 -3.0064672 -3.0492097 -3.1236211 -3.2063949 -3.3674637 -3.5025788 -3.711511 -3.8624825 -4.0135316 -4.1346121 -4.1793833 -4.1828443 -4.1281239 -4.051725 -3.9472589 -3.8442417 -3.7546993 -3.6842081 -3.6392937 -3.5937556 -3.5589335 -3.541143 -3.5013464 -3.4891245 -3.4493279 -3.4374632 -3.4112812 -3.4270488 -3.4519216 -3.5016291 -3.5527431 -3.5883898 -3.6082881 -3.5963024 -3.5377929 -3.4513299 -3.3419651 -3.2473242 -3.1707967 -3.166709 -3.2199691 -3.3852858 -3.6043268 -3.8981314 -4.2073943 -4.4544416 -4.6842558 -4.6968071 -4.6854229 -4.3427299 -3.9978958 -3.4952017 -3.0784727
-2.8385928 -2.8894764 -2.9173578 -2.9352839 -2.9499503 -3.031234 -3.1207762 -3.2579925 -3.4294755 -3.6162642 -3.8331794 -4.0250354 -4.1842964 -4.315326 -4.3634938 -4.3825701 -4.3348463 -4.2723505 -4.1768844 -4.0814437 -3.9974538 -3.9195386 -3.8697928 -3.8138869 -3.7693022 -3.7236666 -3.6698464 -3.6235455 -3.5734778 -3.5371022 -3.5109202 -3.5038761 -3.5304049 -3.5626518 -3.6104324 -3.6500387 -3.6686794 -3.6545394 -3.5957383 -3.5144939 -3.4097659 -3.3375871 -3.2695836 -3.3013843 -3.3716182 -3.5826649 -3.8235391 -4.1456971 -4.4755901 -4.7195168 -4.960391 -4.9540072 -4.9424394 -4.596575 -4.2074809 -3.6851488 -3.1824547
-2.8225525 -2.843114 -2.8480886 -2.8723096 -2.9102111 -2.9914948 -3.1208338 -3.2844853 -3.488206 -3.7023657 -3.9361708 -4.1476245 -4.3167601 -4.4477898 -4.5025101 -4.5282802 -4.4934582 -4.4445534 -4.3649602 -4.2867625 -4.2121439 -4.1432953 -4.088575 -4.0324521 -3.9727572 -3.9091159 -3.8344972 -3.7626325 -3.697963 -3.6430732 -3.6168912 -3.6098471 -3.6396945 -3.6786726 -3.736273 -3.7758793 -3.7908031 -3.7737568 -3.71092 -3.6270881 -3.5223601 -3.4501813 -3.4004355 -3.4404712 -3.5451991 -3.769427 -4.0521924 -4.3866795 -4.737518 -4.9811153 -5.2062803 -5.1895703 -5.1477583 -4.799538 -4.4061766 -3.856355 -3.3215417
-2.7979927 -2.8093208 -2.8046144 -2.8288572 -2.8778555 -2.9784098 -3.1268922 -3.2929604 -3.5006707 -3.7097506 -3.9302645 -4.1418705 -4.3052639 -4.4313148 -4.4905672 -4.5244104 -4.512503 -4.4730157 -4.4212252 -4.3491531 -4.293273 -4.2244679 -4.1645139 -4.0942342 -4.0106077 -3.9441543 -3.8598614 -3.7891453 -3.7293638 -3.6835759 -3.6915054 -3.6980544 -3.7638195 -3.8028628 -3.8699441 -3.9144412 -3.9211821 -3.8933425 -3.8103331 -3.7133438 -3.5908072 -3.5245181 -3.4812602 -3.5335685 -3.6508663 -3.8858038 -4.1765782 -4.5032553 -4.8497001 -5.0621309 -5.2752273 -5.2387019 -5.191387 -4.832112 -4.437773 -3.8879514 -3.3529425
-2.8057506 -2.7915183 -2.7815691 -2.8079384 -2.8601891 -2.9610029 -3.1148191 -3.2832168 -3.4898822 -3.6879573 -3.9004426 -4.0988325 -4.2580189 -4.3687219 -4.4284169 -4.4720524 -4.4659114 -4.4528521 -4.4091237 -4.3623864 -4.3108273 -4.2532001 -4.1885306 -4.1089274 -4.0208933 -3.9376772 -3.8543157 -3.7879598 -3.739579 -3.7146209 -3.7412421 -3.7906165 -3.8697076 -3.9405662 -4.0138757 -4.0467091 -4.0479996 -3.9862977 -3.8920316 -3.7640901 -3.6331802 -3.5485349 -3.5087383 -3.5728814 -3.6985549 -3.9403613 -4.2388359 -4.5513405 -4.8917062 -5.0795721 -5.2680823 -5.2064433 -5.1435166 -4.7794929 -4.3916083 -3.8584057 -3.3480845
-2.8101427 -2.7911144 -2.7761907 -2.8052223 -2.8668123 -2.9676261 -3.1118888 -3.2765937 -3.4613636 -3.6482181 -3.8273029 -4.0007751 -4.1301141 -4.2362582 -4.2959531 -4.3395887 -4.3495378 -4.3468811 -4.3269828 -4.2961545 -4.2563579 -4.2055687 -4.1309501 -4.0493187 -3.9498272 -3.858199 -3.7786057 -3.7151047 -3.700181 -3.7013745 -3.7799205 -3.8634716 -3.987836 -4.0881088 -4.1718911 -4.2056656 -4.1708436 -4.0922688 -3.9351769 -3.7834757 -3.615911 -3.5208813 -3.466161 -3.5279843 -3.669367 -3.9138686 -4.2123432 -4.5148097 -4.8188511 -4.9895559 -5.1356186 -5.0525633 -4.9514441 -4.5811146 -4.1862895 -3.6993047 -3.222244
-2.8366355 -2.8143318 -2.8106304 -2.8466716 -2.9082616 -3.0090754 -3.1407817 -3.2733937 -3.4257187 -3.608479 -3.7621898 -3.8915287 -4.0009753 -4.080577 -4.1329648 -4.1697063 -4.1880523 -4.188671 -4.1804427 -4.1718791 -4.1343657 -4.0879165 -4.0155302 -3.9374709 -3.8423423 -3.7663169 -3.7223449 -3.6596627 -3.6780153 -3.7461716 -3.8671352 -4.0233919 -4.172537 -4.3167174 -4.3921724 -4.4168613 -4.3360171 -4.2040441 -3.9862459 -3.7743235 -3.548073 -3.4131277 -3.3397881 -3.3887525 -3.5301351 -3.7770932 -4.0527682 -4.3490126 -4.592331 -4.7446071 -4.8126803 -4.7145907 -4.5504151 -4.1876619 -3.8126446 -3.3765772 -2.9919251
-2.8564821 -2.871558 -2.871558 -2.9075991 -2.9691891 -3.0463338 -3.1703614 -3.2853785 -3.4256838 -3.5474665 -3.670784 -3.7864619 -3.8760043 -3.9205039 -3.9614213 -3.9965569 -4.0156336 -4.0308667 -4.0358413 -4.0332946 -4.0012425 -3.9562467 -3.8866027 -3.8364866 -3.7582191 -3.7065242 -3.6860927 -3.7061351 -3.7989718 -3.9171281 -4.1121642 -4.2956073 -4.4740878 -4.613063 -4.6811361 -4.6036137 -4.4825968 -4.2515248 -3.9875647 -3.6874853 -3.4361383 -3.267048 -3.1874548 -3.2242814 -3.3656641 -3.5731785 -3.8454711 -4.0549713 -4.2958455 -4.3456869 -4.41376 -4.250098 -4.0892275 -3.7757054 -3.4663794 -3.1412294 -2.8701411
