P1_models/J1_p1_tot_conduct_slide_48.44.dat.tif
NCOLS 118
NROWS 92
XLLCORNER 139.62
YLLCORNER -39.07
DX 0.099491525
DY 0.099347826
NODATA_VALUE -9999
[rows 52 to 77 of 92, columns 57 to 113 of 118]
-3.6238714 -3.683378 -3.738651 -3.7950398 -3.8474038 -3.9009236 -3.9480512 -4.0019568 -4.0539995 -4.0829214 -4.1071522 -4.1071522 -4.103042 -4.0864601 -4.0534316 -4.0036858 -3.9242072 -3.830243 -3.7081261 -3.5806308 -3.4203389 -3.261779 -3.0959598 -2.9393 -2.7871365 -2.685206 -2.5983122 -2.5720504 -2.5616931 -2.6107744 -2.6645564 -2.7308841 -2.8002979 -2.870513 -2.9077596 -2.9342391 -2.9342391 -2.9105648 -2.8930075 -2.8826187 -2.8729066 -2.8916866 -2.9176546 -2.9878839 -3.0773582 -3.1827022 -3.2959724 -3.4199047 -3.5276318 -3.6404925 -3.7107218 -3.7428155 -3.7569815 -3.6944887 -3.6009567 -3.4546457 -3.2570385
-3.7308134 -3.7762904 -3.8161488 -3.8509832 -3.8901379 -3.9245492 -3.9647618 -3.9967647 -4.0423896 -4.0654413 -4.0903731 -4.0993614 -4.0993614 -4.0946272 -4.0731959 -4.0350287 -3.9678865 -3.8794423 -3.7582747 -3.6414792 -3.4864454 -3.3216902 -3.1432606 -2.9759093 -2.8146822 -2.6872038 -2.5910734 -2.5364831 -2.5164743 -2.5555159 -2.5845613 -2.6408492 -2.702903 -2.7689045 -2.8173104 -2.8517216 -2.8774457 -2.8718076 -2.8756079 -2.9097704 -2.9177984 -2.967188 -3.0015783 -3.0813395 -3.1651182 -3.2601722 -3.3360696 -3.4422689 -3.511101 -3.6040269 -3.6480129 -3.6485414 -3.6542233 -3.5903945 -3.4959132 -3.352733 -3.1499863
-3.8358243 -3.8495513 -3.8771878 -3.8926884 -3.913634 -3.9300179 -3.9561999 -3.9786193 -4.0062558 -4.0285487 -4.0521248 -4.0658188 -4.0791759 -4.0802174 -4.0762462 -4.0486097 -4.0010726 -3.9236903 -3.8145707 -3.704713 -3.5530869 -3.3949748 -3.2136029 -3.0345506 -2.8648297 -2.7269117 -2.6108382 -2.5462657 -2.5009342 -2.5184915 -2.5296021 -2.5793478 -2.6290104 -2.6875348 -2.7307955 -2.774917 -2.8070911 -2.834474 -2.8578837 -2.9083506 -2.9493177 -3.0129964 -3.0724503 -3.1576157 -3.2418082 -3.3295948 -3.3957095 -3.4659388 -3.5120703 -3.5602825 -3.5836923 -3.5711772 -3.5594723 -3.495938 -3.4034158 -3.2629572 -3.05858
-3.8904149 -3.8910663 -3.8744844 -3.8786286 -3.8738949 -3.8804783 -3.8833448 -3.8977883 -3.9135312 -3.935824 -3.9594002 -3.9908186 -4.012944 -4.0350532 -4.0404783 -4.0404783 -4.0073914 -3.9634295 -3.86546 -3.7709449 -3.6272349 -3.4744531 -3.3031066 -3.1266076 -2.9510343 -2.8065626 -2.6770701 -2.5996784 -2.5406733 -2.5312911 -2.5278908 -2.55 -2.5911696 -2.6345493 -2.6717959 -2.7086851 -2.7496522 -2.7821534 -2.8348254 -2.8982501 -2.9625641 -3.0464319 -3.1254358 -3.2249273 -3.3136395 -3.3897213 -3.4459875 -3.4990548 -3.5012681 -3.5249928 -3.5132879 -3.4939559 -3.4733709 -3.4140694 -3.3241503 -3.1895441 -2.9816578
-3.9087989 -3.8740301 -3.8389649 -3.8134837 -3.7888615 -3.7773406 -3.7625256 -3.7578333 -3.7677125 -3.7894545 -3.8130306 -3.8463258 -3.8833136 -3.9160678 -3.9470942 -3.9640669 -3.9520001 -3.9366094 -3.8585397 -3.7932855 -3.6519021 -3.5246705 -3.3578838 -3.1995443 -3.0291285 -2.8829105 -2.7544398 -2.6756639 -2.5976166 -2.5756068 -2.5571516 -2.5673768 -2.5712876 -2.6038975 -2.6383176 -2.6570837 -2.6980508 -2.7427766 -2.8006658 -2.8686269 -2.9647372 -3.0743087 -3.1637908 -3.2671301 -3.3683714 -3.4444532 -3.5007194 -3.5334618 -3.51 -3.5057827 -3.485564 -3.4601153 -3.4230771 -3.3621057 -3.2756793 -3.1410731 -2.9331868
-3.8480598 -3.7901365 -3.7348635 -3.6831757 -3.646521 -3.6161378 -3.5951922 -3.589 -3.589 -3.6118748 -3.6387516 -3.6819924 -3.7313107 -3.7869736 -3.840048 -3.8732119 -3.8895207 -3.8839934 -3.8331271 -3.7810819 -3.6736412 -3.556452 -3.4039925 -3.253153 -3.0892846 -2.9535461 -2.8264181 -2.7379718 -2.6578131 -2.616846 -2.5810273 -2.5755 -2.5734108 -2.5851157 -2.5964124 -2.6135469 -2.6531884 -2.701673 -2.7660499 -2.8645165 -2.9698604 -3.0874058 -3.2002268 -3.3201157 -3.4213569 -3.4974387 -3.5388156 -3.5680778 -3.5343888 -3.5039566 -3.4746944 -3.4288051 -3.387838 -3.3268665 -3.2404402 -3.105834 -2.8987836
-3.7255235 -3.653991 -3.5710814 -3.5095073 -3.4478253 -3.4111705 -3.376627 -3.3676457 -3.3638116 -3.39053 -3.4201863 -3.4725503 -3.5259919 -3.5978469 -3.6592221 -3.7200225 -3.7470838 -3.764776 -3.7298522 -3.7016037 -3.6186941 -3.5167128 -3.3951121 -3.2571436 -3.1224006 -2.9912233 -2.8727804 -2.7843341 -2.7041754 -2.6588488 -2.6188757 -2.5912391 -2.5798356 -2.5718693 -2.5737536 -2.5804309 -2.6155456 -2.6619415 -2.7438757 -2.8508996 -2.9698604 -3.1048823 -3.2333428 -3.3679489 -3.4747239 -3.556658 -3.5910349 -3.6078169 -3.5605612 -3.5228987 -3.4702268 -3.4175548 -3.3679684 -3.306997 -3.2207352 -3.0978339 -2.8943245
-3.5606105 -3.4651181 -3.3721684 -3.2980924 -3.233627 -3.1815619 -3.1425955 -3.130095 -3.1245677 -3.1511025 -3.1834608 -3.239746 -3.2983112 -3.3735425 -3.4453975 -3.5108413 -3.5577246 -3.5836351 -3.5649392 -3.5607285 -3.5012448 -3.4172194 -3.3174019 -3.2021848 -3.07982 -2.9805736 -2.8702948 -2.7974718 -2.7169292 -2.6710923 -2.6329102 -2.6025 -2.5771785 -2.5623916 -2.5605072 -2.5615541 -2.5966688 -2.6468183 -2.7337089 -2.8596062 -2.987156 -3.1428533 -3.2818045 -3.4247968 -3.5390789 -3.6210131 -3.6474638 -3.6576021 -3.6003003 -3.5495002 -3.4859982 -3.4175436 -3.363006 -3.3013665 -3.2188584 -3.103631 -2.9176788
-3.3747645 -3.2623138 -3.1572949 -3.0756431 -3.00757 -2.9524895 -2.9057549 -2.8932544 -2.8877271 -2.9142619 -2.9466202 -3.0042206 -3.0653547 -3.142737 -3.2149555 -3.2868105 -3.3364202 -3.3751114 -3.3820652 -3.3814532 -3.3261801 -3.2696904 -3.1812535 -3.1026124 -2.9972684 -2.9072692 -2.827747 -2.7628035 -2.7063565 -2.6653894 -2.6326856 -2.5995217 -2.5771785 -2.5537687 -2.55 -2.553786 -2.5889006 -2.6455481 -2.7391871 -2.8691931 -3.017923 -3.1799287 -3.3388987 -3.4852098 -3.6094195 -3.6913537 -3.7150652 -3.7115099 -3.6452558 -3.5780655 -3.5019837 -3.4294204 -3.364008 -3.3013665 -3.2247358 -3.1193918 -2.9389179
-3.1579474 -3.0439776 -2.9444861 -2.8625906 -2.7892811 -2.7370908 -2.7004361 -2.6879356 -2.6824083 -2.7089431 -2.7413014 -2.7948474 -2.8534127 -2.9210147 -2.9893497 -3.0556774 -3.1046086 -3.1432998 -3.1502536 -3.1496416 -3.1086936 -3.0643715 -2.999114 -2.9369092 -2.8714278 -2.7902954 -2.7350224 -2.6870467 -2.653371 -2.6293201 -2.6061928 -2.5895072 -2.5723911 -2.5537687 -2.5552605 -2.5670324 -2.6101864 -2.6720408 -2.7828536 -2.9202865 -3.0841549 -3.2497863 -3.4117538 -3.5668619 -3.695019 -3.7652483 -3.7820527 -3.7644954 -3.6796306 -3.604254 -3.5106149 -3.4342373 -3.364008 -3.3013665 -3.2247358 -3.1426091 -2.977008
-2.9624619 -2.8572084 -2.7648557 -2.6934239 -2.6261071 -2.5851125 -2.5505085 -2.5465862 -2.5417126 -2.5636315 -2.5926891 -2.6336807 -2.6840257 -2.7373698 -2.7915741 -2.8469455 -2.8819596 -2.9161041 -2.923058 -2.9134589 -2.880295 -2.8460154 -2.7992155 -2.7485012 -2.6957135 -2.6678084 -2.619218 -2.6155974 -2.5834572 -2.5710132 -2.5862497 -2.5828841 -2.5850002 -2.5759062 -2.5962025 -2.6090213 -2.6736067 -2.7410992 -2.8569911 -3.0085664 -3.1734664 -3.3390979 -3.503626 -3.6575793 -3.7817219 -3.8437714 -3.8330336 -3.8128649 -3.7049204 -3.6154931 -3.5141228 -3.4219942 -3.3501601 -3.2967506 -3.2279563 -3.1557322 -3.0459116
-2.7769728 -2.6853896 -2.60248 -2.5439529 -2.491589 -2.4633734 -2.4375217 -2.4430499 -2.4485773 -2.4701356 -2.4932978 -2.5299526 -2.5647648 -2.6089833 -2.6433423 -2.6820334 -2.6981335 -2.7129954 -2.6999539 -2.6824589 -2.649295 -2.6125371 -2.5738459 -2.5452331 -2.5101184 -2.4914605 -2.4842352 -2.4925309 -2.5075211 -2.5250784 -2.550228 -2.5612826 -2.5932466 -2.6108039 -2.6368178 -2.6719198 -2.7421491 -2.8342492 -2.9571505 -3.1099649 -3.2796857 -3.4434022 -3.6079303 -3.7600938 -3.8651936 -3.9178656 -3.899693 -3.8545072 -3.7330991 -3.6174569 -3.5062605 -3.4104145 -3.3275752 -3.2781367 -3.2254523 -3.1669278 -3.0645421
-2.6531069 -2.5732887 -2.5180156 -2.469375 -2.443193 -2.4242754 -2.4242754 -2.4328535 -2.4419541 -2.4603064 -2.4800515 -2.5049346 -2.5316489 -2.5473092 -2.5684783 -2.5684783 -2.5695249 -2.5474157 -2.5223931 -2.4837632 -2.4436977 -2.4005951 -2.3709148 -2.3518323 -2.3445387 -2.3373813 -2.3650178 -2.3921962 -2.434666 -2.4850122 -2.5303584 -2.5843116 -2.63816 -2.683659 -2.7221719 -2.7778908 -2.8636771 -2.966713 -3.0952084 -3.2490519 -3.4187727 -3.5749769 -3.7337709 -3.8560577 -3.9439486 -3.9615059 -3.9321304 -3.8677536 -3.727213 -3.6042106 -3.4755438 -3.3756227 -3.2878361 -3.247646 -3.1989595 -3.1744784 -3.0899991
-2.5898532 -2.5363779 -2.496849 -2.4776033 -2.4596278 -2.4657607 -2.4693406 -2.4864969 -2.4979444 -2.5143427 -2.5283116 -2.5346158 -2.5448893 -2.5372512 -2.5216345 -2.503087 -2.4613355 -2.4311765 -2.3954656 -2.3296778 -2.2766107 -2.2357397 -2.2081032 -2.1982132 -2.2011103 -2.2408475 -2.2727135 -2.3507397 -2.3962803 -2.4664316 -2.5734505 -2.6488261 -2.7219068 -2.7822596 -2.8595414 -2.9161328 -3.0140829 -3.1189981 -3.2477519 -3.3872584 -3.5533742 -3.6826653 -3.8288838 -3.9086229 -3.9836877 -3.9882642 -3.9171126 -3.8496014 -3.6956043 -3.5577251 -3.4265248 -3.322427 -3.2346404 -3.2079069 -3.1752505 -3.161029 -3.1317169
-2.5382681 -2.5132692 -2.4966873 -2.4986395 -2.5038759 -2.5243187 -2.5452643 -2.5704389 -2.5925481 -2.6093137 -2.6208071 -2.6199565 -2.6078241 -2.5857149 -2.5437214 -2.4939757 -2.4260312 -2.3597035 -2.2888419 -2.2103348 -2.1519192 -2.1033339 -2.0756974 -2.0691334 -2.0866908 -2.1393692 -2.2001696 -2.2929069 -2.3828366 -2.494033 -2.6143563 -2.7138478 -2.8135808 -2.9013674 -2.9872795 -3.0706835 -3.170175 -3.2790634 -3.4078171 -3.5362366 -3.6825477 -3.7965486 -3.9088655 -3.9693549 -4.0043749 -3.99267 -3.9093228 -3.8098312 -3.6490086 -3.4970875 -3.3624813 -3.260601 -3.1728143 -3.1524317 -3.1400217 -3.1400217 -3.1217966
-2.5521902 -2.5399047 -2.556296 -2.5682935 -2.5966005 -2.6269707 -2.6644817 -2.6991975 -2.7316351 -2.7484006 -2.7598941 -2.7441849 -2.7254733 -2.6702003 -2.6139879 -2.5270916 -2.442553 -2.3464571 -2.2620009 -2.1573493 -2.0854943 -2.030486 -2.0083768 -2.0064698 -2.0403285 -2.1063665 -2.1869232 -2.3057462 -2.4159525 -2.5549262 -2.6981545 -2.8252826 -2.9387551 -3.0537007 -3.1466704 -3.2362632 -3.3357547 -3.4446431 -3.5570057 -3.6646179 -3.7818955 -3.8609171 -3.9486047 -3.9720144 -3.9977517 -3.9451489 -3.8449196 -3.730353 -3.5646168 -3.410986 -3.2763798 -3.1799092 -3.0999592 -3.0890859 -3.080413 -3.1025868 -3.1040126
-2.5405942 -2.5597743 -2.5869498 -2.6235471 -2.6658024 -2.7109852 -2.7656044 -2.8225719 -2.8614611 -2.8787775 -2.894626 -2.8785002 -2.8490458 -2.788763 -2.7065314 -2.6065592 -2.4974443 -2.3722555 -2.2612762 -2.1435594 -2.0717044 -2.0011817 -1.9800706 -1.9929811 -2.0363236 -2.1079099 -2.2146618 -2.3404056 -2.486596 -2.641125 -2.7994082 -2.9321014 -3.0676199 -3.1916709 -3.2902936 -3.3844226 -3.4827682 -3.5740992 -3.6727743 -3.7667773 -3.8417872 -3.8731634 -3.940438 -3.9570001 -3.918705 -3.8537043 -3.7440283 -3.6127858 -3.4590081 -3.3031092 -3.1754516 -3.0850976 -3.0210791 -3.024941 -3.0286408 -3.0563839 -3.0621865
-2.5565507 -2.588869 -2.6330875 -2.6850906 -2.7374545 -2.8009126 -2.8637494 -2.9226734 -2.9779465 -3.0040922 -3.0194168 -2.9984712 -2.9625583 -2.885176 -2.7888645 -2.6727911 -2.540844 -2.4026613 -2.2780803 -2.155991 -2.0739984 -2.0064352 -1.9898532 -2.0056984 -2.0642229 -2.1640666 -2.28014 -2.4271813 -2.5781459 -2.7537192 -2.9179205 -3.0616304 -3.1951924 -3.3239461 -3.4205762 -3.5133094 -3.5912247 -3.6712795 -3.7473613 -3.7989946 -3.8575191 -3.8753073 -3.8892393 -3.8574276 -3.8078414 -3.7259072 -3.6053702 -3.470764 -3.3249226 -3.187283 -3.0702342 -3.0011035 -2.9425791 -2.9539006 -2.9739286 -3.0090433 -3.0304802
-2.5484891 -2.584762 -2.6397107 -2.6981322 -2.7639473 -2.8378545 -2.9167349 -2.9822805 -3.0441783 -3.0834203 -3.1055182 -3.0845726 -3.048268 -2.9653584 -2.86545 -2.739023 -2.6020738 -2.4556468 -2.3289305 -2.2023533 -2.124971 -2.0596958 -2.0541685 -2.0758899 -2.1503243 -2.2557727 -2.3794878 -2.534243 -2.6907401 -2.8663134 -3.0305147 -3.1742246 -3.3033323 -3.4232939 -3.5089464 -3.5927877 -3.6454597 -3.7176418 -3.7617241 -3.7847699 -3.8111568 -3.7968087 -3.7898915 -3.7255147 -3.6687544 -3.5639717 -3.4427753 -3.3118075 -3.1810981 -3.0481961 -2.9589601 -2.909309 -2.869724 -2.8957008 -2.9209431 -2.9614708 -2.9841179
-2.4915031 -2.5348094 -2.5923726 -2.6646201 -2.7369191 -2.822945 -2.9085991 -3.0002823 -3.0677966 -3.1164586 -3.1474025 -3.1338594 -3.1002949 -3.0236979 -2.921391 -2.7942629 -2.6601763 -2.5130332 -2.3819315 -2.2646519 -2.2051304 -2.1456012 -2.1503056 -2.1814203 -2.2619587 -2.3729554 -2.5000835 -2.64717 -2.8084642 -2.9809867 -3.1222424 -3.2557376 -3.3688183 -3.4792621 -3.5403983 -3.616346 -3.6516103 -3.7005235 -3.7256832 -3.707762 -3.7128718 -3.6713853 -3.6436197 -3.5673237 -3.4871392 -3.3791582 -3.2679618 -3.1408979 -3.0330049 -2.9178419 -2.8449804 -2.830444 -2.8054588 -2.837632 -2.8720291 -2.9129962 -2.9246512
-2.4070616 -2.4473389 -2.5081393 -2.5826232 -2.6664055 -2.7588834 -2.8545043 -2.9577694 -3.0517336 -3.1029483 -3.1477482 -3.1372754 -3.1176458 -3.0457908 -2.9542326 -2.8271045 -2.7005904 -2.564492 -2.4484186 -2.3405908 -2.2853178 -2.2494925 -2.2605471 -2.3077904 -2.3955771 -2.5102727 -2.635756 -2.7808407 -2.921183 -3.0733465 -3.2040007 -3.3256014 -3.4014213 -3.489208 -3.5450779 -3.5866405 -3.6159027 -3.6281957 -3.6281957 -3.6087599 -3.5766442 -3.5226366 -3.4698474 -3.3879132 -3.2931734 -3.181977 -3.0753241 -2.9681178 -2.8778977 -2.7952756 -2.7426036 -2.7386686 -2.7492431 -2.7891221 -2.8276559 -2.868623 -2.877249
-2.2910507 -2.3281216 -2.3889219 -2.4646612 -2.5536799 -2.6532021 -2.7684028 -2.8799917 -2.9855017 -3.0471605 -3.1013859 -3.1077101 -3.0977762 -3.0410264 -2.9570443 -2.8575528 -2.7401742 -2.6241007 -2.5213852 -2.4333155 -2.3929472 -2.3687099 -2.3988877 -2.4535006 -2.5412872 -2.6521463 -2.7682197 -2.8954671 -3.0139076 -3.1354533 -3.24948 -3.3268623 -3.3778892 -3.4163529 -3.458347 -3.4806695 -3.4891087 -3.4890917 -3.4832392 -3.457884 -3.4110645 -3.3466145 -3.2843982 -3.1979205 -3.1022887 -3.0086496 -2.9094236 -2.8157845 -2.7526109 -2.6844058 -2.672701 -2.6802417 -2.7095039 -2.7580807 -2.8009695 -2.8302317 -2.8266998
-2.1623116 -2.1971461 -2.2554219 -2.339259 -2.431564 -2.5457165 -2.6632579 -2.787714 -2.8996755 -2.9865156 -3.0473422 -3.0735579 -3.0745845 -3.0362655 -2.9737184 -2.8859079 -2.8003335 -2.6932311 -2.5998272 -2.5456344 -2.5359689 -2.5195424 -2.5636414 -2.6159561 -2.70128 -2.7857308 -2.8959226 -2.9739091 -3.0896627 -3.1908875 -3.2326516 -3.2821522 -3.3139468 -3.3338761 -3.3339495 -3.3542592 -3.3405 -3.3386206 -3.3252902 -3.2839592 -3.235963 -3.1762739 -3.1084706 -3.0248915 -2.9348467 -2.8498222 -2.7816667 -2.6920164 -2.657408 -2.6134131 -2.6153181 -2.6519433 -2.6840474 -2.737385 -2.7802739 -2.7992463 -2.7501387
-2.0431555 -2.0686368 -2.1239098 -2.2069935 -2.306485 -2.4254122 -2.5510857 -2.6823367 -2.8094647 -2.9036357 -2.9863882 -3.0204376 -3.0440683 -3.0169961 -2.9803426 -2.9084876 -2.8435338 -2.7661515 -2.7114387 -2.6714473 -2.6744503 -2.6800812 -2.729827 -2.7877635 -2.8696977 -2.9434016 -3.0263112 -3.0847212 -3.155318 -3.20799 -3.2200957 -3.242205 -3.2386192 -3.2327667 -3.2212554 -3.215195 -3.1963292 -3.1768925 -3.1534827 -3.1151176 -3.0624456 -3.0053934 -2.9442549 -2.8651094 -2.7854334 -2.7093517 -2.6515766 -2.5871997 -2.5670135 -2.5574285 -2.5749858 -2.6190256 -2.6658451 -2.7198043 -2.7589933 -2.7648457 -2.6994259
-1.9330091 -1.9550964 -2.0103695 -2.095088 -2.1998159 -2.3210757 -2.4517379 -2.5914073 -2.7314057 -2.837159 -2.929618 -2.981982 -3.0156832 -3.0156832 -2.9940312 -2.9608673 -2.9142785 -2.8725956 -2.8365613 -2.8204691 -2.8481056 -2.8716806 -2.9214263 -2.9769174 -3.0412942 -3.099926 -3.1540441 -3.1789311 -3.2120882 -3.2117898 -3.194399 -3.1667624 -3.1414066 -3.0979375 -3.073808 -3.0519807 -3.0285709 -3.0065819 -2.9831722 -2.9490096 -2.9063276 -2.8563001 -2.8023294 -2.7379525 -2.6673091 -2.6087846 -2.5621495 -2.516237 -2.5142081 -2.5169145 -2.5520291 -2.602398 -2.6587488 -2.7083276 -2.7426475 -2.7250901 -2.6415807
-1.8866322 -1.9036416 -1.9558539 -2.0405724 -2.1453004 -2.2715715 -2.404188 -2.5493196 -2.6940376 -2.8109359 -2.9101328 -2.9759126 -3.0207773 -3.0364855 -3.0364855 -3.0205563 -3.0047888 -2.9770046 -2.956449 -2.972323 -3.0156672 -3.0488828 -3.1028099 -3.1491085 -3.2014894 -3.2256139 -3.2632277 -3.2404452 -3.2510149 -3.2239761 -3.1511939 -3.0936377 -3.0458785 -2.9927838 -2.9481466 -2.9186572 -2.8952474 -2.8718376 -2.8514568 -2.8303152 -2.7944866 -2.7605717 -2.7120081 -2.6618625 -2.5997438 -2.5480349 -2.5170678 -2.4801027 -2.4894058 -2.5020578 -2.5404307 -2.5928385 -2.6513629 -2.6963126 -2.7235284 -2.6935364 -2.5719612
