P1_models/J1_p1_vp_slide_diff_5.dat.tif
NCOLS 118
NROWS 92
XLLCORNER 139.62
YLLCORNER -39.07
DX 0.099491525
DY 0.099347826
NODATA_VALUE -9999
[rows 54 to 80 of 92, columns 0 to 59 of 118]
-9999 6.2008489 6.2036216 6.2063943 6.209167 6.2163044 6.2238071 6.2206338 6.2051392 6.1896447 6.1741501 6.166144 6.1601092 6.1560291 6.1558633 6.1556975 6.1535597 6.1512382 6.1489168 6.1496539 6.1574474 6.1652409 6.1730344 6.1764803 6.1779727 6.1791512 6.1794884 6.1798257 6.1800122 6.1801809 6.1803495 6.1810365 6.1827228 6.1844091 6.1860954 6.184454 6.1819245 6.1795889 6.1775304 6.175472 6.1734135 6.1719859 6.1706136 6.1691258 6.1675549 6.1682677 6.1747259 6.1811841 6.1876424 6.1911693 6.1941895 6.1972098 6.1980934 6.1966721 6.1922658 6.1775197 6.1627737 6.1480276 6.1470632 6.1484845
-9999 6.2004169 6.2031897 6.2071304 6.2146331 6.2221357 6.2296384 6.2264651 6.2109705 6.1965712 6.1905364 6.1845017 6.178467 6.1743869 6.1742211 6.1740552 6.1738894 6.1724036 6.1700822 6.1708193 6.1786128 6.1864063 6.1879463 6.1894387 6.1909311 6.1921096 6.1924469 6.1927841 6.1931214 6.1933553 6.1935239 6.1942109 6.1958972 6.1972879 6.1947585 6.192229 6.1896996 6.1873639 6.1853055 6.1833695 6.1819972 6.1806249 6.1792526 6.1777647 6.1761938 6.1746229 6.1734301 6.1798883 6.1863465 6.1898734 6.1928937 6.1928196 6.1913983 6.189977 6.1855706 6.1708246 6.157179 6.1586003 6.1600216 6.1614429
-9999 6.199985 6.2054591 6.2129617 6.2204644 6.227967 6.2354696 6.2322964 6.2209637 6.2149289 6.2088942 6.2028595 6.1968247 6.1927446 6.1925788 6.192413 6.1922472 6.1920814 6.1912476 6.1919847 6.19792 6.1994124 6.2009048 6.2023971 6.2038895 6.205068 6.2054053 6.2057425 6.2060798 6.206417 6.2066983 6.2073853 6.2075924 6.205063 6.2025335 6.2000041 6.1974746 6.1951389 6.1933807 6.1920084 6.1906361 6.1892638 6.1878915 6.1864037 6.1848327 6.1832618 6.1816909 6.18012 6.1850507 6.1885776 6.1875457 6.1861244 6.1847031 6.1832818 6.1788755 6.1687161 6.1701374 6.1715587 6.17298 6.1744013
-9999 6.1973171 6.2048197 6.2123224 6.219825 6.2273276 6.2348303 6.2466485 6.2406138 6.2345791 6.2285443 6.2225096 6.2164749 6.2095948 6.209429 6.2092631 6.2090973 6.2089315 6.2087657 6.2091013 6.2105936 6.212086 6.2135784 6.2150708 6.2165631 6.2164166 6.2167789 6.2171162 6.2174534 6.2177907 6.2181279 6.217486 6.2149566 6.2124271 6.2098977 6.2073682 6.2048388 6.2011354 6.1997631 6.1983908 6.1970185 6.1956462 6.1942739 6.1925361 6.1909652 6.1893942 6.1878233 6.1862524 6.1846815 6.1829881 6.1815668 6.1801455 6.1787242 6.1773029 6.1774736 6.1791397 6.180561 6.1819823 6.1834036 6.1848249
-9999 6.1745775 6.1820801 6.1895827 6.1970854 6.2075905 6.239232 6.2582291 6.2626328 6.2586433 6.2526086 6.2465739 6.2405391 6.2333664 6.2239147 6.2209641 6.2207983 6.2206325 6.2204666 6.2208022 6.2222946 6.223787 6.2252794 6.2267717 6.2234638 6.2210528 6.2224018 6.223077 6.2234143 6.2237515 6.2240888 6.2234469 6.2209174 6.218388 6.2158586 6.2132308 6.204968 6.1996106 6.1984098 6.1970662 6.1956939 6.1943216 6.1929493 6.1909537 6.1885367 6.1869657 6.1853948 6.1838239 6.182253 6.1800522 6.1780345 6.1766132 6.1751918 6.1737705 6.1739412 6.1796265 6.1823272 6.1837485 6.1851698 6.1865911
-9999 6.1518378 6.1593405 6.1668431 6.1858837 6.2175252 6.2491668 6.2681639 6.2725676 6.2769713 6.2766728 6.2706381 6.2646034 6.2574306 6.2479789 6.2385272 6.2324992 6.2323334 6.2321676 6.2325032 6.2339956 6.2354879 6.2357277 6.2319138 6.2281 6.225689 6.2270381 6.2283871 6.2293752 6.2297124 6.2300497 6.2294078 6.2268783 6.2243489 6.2199483 6.2116854 6.2034226 6.1980652 6.1968644 6.1956636 6.1943693 6.192997 6.1916247 6.1896291 6.1871854 6.1847418 6.1829663 6.1813954 6.1798245 6.1776237 6.1753141 6.1730808 6.1716595 6.1702382 6.1704089 6.1760941 6.1817793 6.1855147 6.186936 6.1883573
-9999 6.1290982 6.1366009 6.1641769 6.1958184 6.22746 6.2591016 6.2780987 6.2825024 6.2869061 6.2913098 6.2947024 6.2886676 6.2814949 6.2720432 6.2625915 6.2531398 6.2440344 6.2438686 6.2442042 6.2456965 6.2441778 6.2403639 6.2365501 6.2327362 6.2303253 6.2316743 6.2330233 6.2343724 6.2356733 6.2360105 6.2353686 6.2328392 6.2266657 6.2184029 6.21014 6.2018772 6.1965198 6.195319 6.1941182 6.1929175 6.1916723 6.1903 6.1883044 6.1858608 6.1834171 6.1809735 6.1789669 6.177396 6.1751952 6.1728856 6.170576 6.1682663 6.1667058 6.1668765 6.1725617 6.178247 6.1839322 6.1887022 6.1901235
-9999 6.1108285 6.1424701 6.1741117 6.2057532 6.2373948 6.2690364 6.2880334 6.2924372 6.2968409 6.3012446 6.3056483 6.3100521 6.3055591 6.2961074 6.2866557 6.277204 6.2677523 6.2583006 6.2559051 6.2526278 6.248814 6.2450002 6.2411863 6.2373725 6.2349615 6.2363105 6.2376596 6.2390086 6.2403576 6.2417067 6.2413295 6.2333832 6.2251203 6.2168575 6.2085946 6.2003318 6.1949743 6.1937736 6.1925728 6.1913721 6.1901713 6.1889705 6.1869798 6.1845362 6.1820925 6.1796488 6.1772052 6.1749675 6.1727667 6.1704571 6.1681475 6.1658378 6.1635282 6.1633441 6.1690294 6.1747146 6.1803998 6.1860851 6.1917703
-9999 6.0789121 6.1105537 6.1421952 6.1738368 6.2054784 6.2509476 6.2893323 6.2949864 6.2993902 6.3037939 6.3081976 6.3126013 6.3172504 6.3164789 6.3070272 6.2975755 6.2881238 6.2786721 6.2709253 6.2671114 6.2632976 6.2594837 6.2556699 6.2533125 6.2546114 6.2521789 6.2535279 6.254877 6.256226 6.257575 6.255641 6.2473781 6.2391153 6.2308524 6.2225895 6.2124699 6.1986566 6.1914589 6.1902581 6.1890573 6.1878566 6.1866558 6.1857474 6.183827 6.1813833 6.1789397 6.176496 6.1740524 6.1705111 6.1681824 6.1658728 6.1635632 6.1612536 6.159939 6.1633429 6.1690281 6.1747134 6.1803986 6.1860838
-9999 6.0287966 6.0604382 6.0920798 6.1237213 6.1811864 6.246753 6.2851376 6.292151 6.2987279 6.3031316 6.3075353 6.311939 6.3165881 6.3217285 6.3257929 6.3163412 6.3068895 6.2974378 6.289691 6.2858771 6.2820633 6.2782494 6.27831 6.2817922 6.2830911 6.2785381 6.2742806 6.2756296 6.2769787 6.2783277 6.2763936 6.2681308 6.2598679 6.2516051 6.2397125 6.2257163 6.211903 6.1983516 6.1876088 6.1864081 6.1852073 6.1840065 6.1830982 6.1824 6.1809418 6.1784981 6.1760545 6.1736108 6.1700696 6.1663386 6.1636651 6.1613555 6.1590458 6.1577312 6.1598632 6.1624049 6.1680902 6.1737754 6.1794606
-9999 5.9786812 6.0103228 6.0458586 6.1114252 6.1769917 6.2425583 6.280943 6.2879563 6.2949696 6.301983 6.306873 6.3112767 6.3159258 6.3210662 6.3262066 6.331347 6.3256552 6.3162035 6.3084567 6.3046428 6.300829 6.3033075 6.3067898 6.310272 6.3115708 6.3070178 6.3024648 6.2979118 6.2977313 6.2990803 6.2971463 6.2888834 6.2806206 6.2669552 6.2529589 6.2389626 6.2251494 6.211598 6.1980465 6.1844951 6.182558 6.1813573 6.1804489 6.1797507 6.1790525 6.1780566 6.1756129 6.1731693 6.169628 6.1658971 6.1621662 6.1591477 6.1568381 6.1555235 6.1576555 6.1597874 6.1619194 6.1671522 6.1728374
-9999 5.9285657 5.9760974 6.0416639 6.1072305 6.172797 6.2383636 6.2767483 6.2837616 6.290775 6.2977883 6.3048016 6.3106144 6.3152635 6.3204039 6.3255442 6.3306846 6.335825 6.3349692 6.3272224 6.3248229 6.3283051 6.3317873 6.3352695 6.3387517 6.3400505 6.3354975 6.3309445 6.3263915 6.3218385 6.319833 6.3178989 6.3081941 6.2941978 6.2802016 6.2662053 6.252209 6.2383958 6.2248443 6.2112929 6.1977415 6.18419 6.178708 6.1777996 6.1771014 6.1764032 6.1757051 6.1750069 6.1727277 6.1691865 6.1654556 6.1617246 6.1579937 6.1546304 6.1533158 6.1554477 6.1575797 6.1597117 6.1618436 6.1662143
-9999 5.8973188 5.9628853 6.0284519 6.0940184 6.159585 6.2251515 6.2675645 6.2745778 6.2815911 6.2886045 6.2956178 6.3026311 6.3153033 6.3204437 6.3255841 6.3307245 6.3358649 6.3410053 6.3456443 6.3491265 6.3526087 6.3560909 6.3595731 6.3630553 6.3636889 6.3591359 6.3545829 6.3500299 6.3454769 6.3409239 6.3331454 6.3191492 6.3051529 6.2911566 6.2771604 6.2631641 6.2496465 6.2360951 6.2225436 6.2089922 6.1954408 6.1818893 6.1749656 6.1742674 6.1735692 6.172871 6.1721728 6.1714746 6.1681906 6.1644597 6.1607287 6.1569978 6.1532669 6.1512559 6.1533878 6.1555198 6.1576517 6.1597837 6.1619157
-9999 5.8392555 5.904822 5.9703886 6.0359551 6.1023112 6.1856557 6.2335654 6.2405788 6.2475921 6.2546054 6.2616188 6.286506 6.3087105 6.3221419 6.3291165 6.3342569 6.3393973 6.3445377 6.3491766 6.3526588 6.356141 6.3596232 6.3631055 6.3759014 6.3814716 6.3624164 6.3541414 6.3495884 6.3450354 6.3404824 6.3327039 6.3187076 6.3047113 6.2907151 6.2767188 6.2639904 6.2509711 6.2374197 6.2238683 6.2103168 6.1974301 6.1917694 6.1819891 6.1705142 6.169816 6.1691179 6.1684197 6.1677215 6.1644375 6.1607065 6.1569756 6.1532447 6.1508323 6.1499312 6.1520632 6.1541951 6.1563271 6.1586309 6.1644938
-9999 5.7811922 5.8467588 5.9123253 5.9849676 6.0683122 6.1516567 6.1995664 6.2065797 6.2135931 6.2258289 6.2524143 6.2789997 6.3012042 6.3146356 6.3280669 6.3377892 6.3429296 6.34807 6.352709 6.3561912 6.3596734 6.3649305 6.3796884 6.3944463 6.4000165 6.3809614 6.3619062 6.3491468 6.3445938 6.3400408 6.3322623 6.3182661 6.3042698 6.2906095 6.2779622 6.265315 6.2522958 6.2387443 6.2251929 6.2145711 6.2089103 6.2032496 6.1934693 6.1807274 6.1679855 6.1653647 6.1646665 6.1639683 6.1606843 6.1569534 6.1532225 6.1512843 6.1495076 6.1486066 6.1507385 6.1528705 6.1560796 6.1619425 6.1678054
-9999 5.7231289 5.7886955 5.867624 5.9509686 6.0343131 6.1176577 6.1655674 6.1725807 6.1917371 6.2183226 6.244908 6.2714935 6.2936979 6.3071293 6.3205607 6.333992 6.346462 6.3516024 6.3562414 6.3597236 6.3687175 6.3834754 6.3982333 6.4129912 6.4185615 6.3995063 6.3804511 6.361396 6.3441523 6.3395993 6.3318208 6.3178245 6.3045813 6.2919341 6.2792869 6.2666396 6.2536204 6.240069 6.231712 6.2260512 6.2203905 6.2147298 6.2049494 6.1922075 6.1794656 6.1667238 6.1609134 6.1602152 6.1569312 6.1535129 6.1517362 6.1499596 6.148183 6.147282 6.1494139 6.1535283 6.1593912 6.1652541 6.171117
-9999 5.6669359 5.7502805 5.833625 5.9169695 6.0003141 6.0836586 6.1315683 6.1576454 6.1842309 6.2108163 6.2374017 6.2639872 6.2861917 6.299623 6.3130544 6.3264857 6.3399171 6.3533484 6.3597737 6.3725045 6.3872624 6.4020204 6.4167783 6.4315362 6.4371064 6.4180512 6.3989961 6.3799409 6.3608858 6.3418306 6.3313792 6.3185532 6.305906 6.2932587 6.2806115 6.2679643 6.254945 6.2488529 6.2431922 6.2375314 6.2318707 6.22621 6.2164296 6.2036877 6.1909458 6.1782039 6.165462 6.1564621 6.1539649 6.1521882 6.1504116 6.148635 6.1468583 6.1459573 6.150977 6.1568399 6.1627028 6.1685657 6.1744286
-9999 5.6086804 5.692025 5.7753695 5.8587141 5.9420586 6.0267624 6.0971368 6.1338999 6.1604853 6.1870708 6.2136562 6.2402417 6.2696807 6.2947443 6.3081757 6.321607 6.3350384 6.3484698 6.3623022 6.3770602 6.3918181 6.406576 6.4213339 6.4354871 6.4413081 6.4295199 6.4104647 6.3914096 6.3723544 6.3532993 6.3364328 6.3237856 6.3111384 6.2984912 6.2858439 6.2726595 6.2581669 6.2488337 6.243173 6.2375123 6.2318516 6.2261908 6.2148873 6.2015083 6.1887664 6.1760245 6.1632826 6.1505407 6.1367786 6.135002 6.1332254 6.1314487 6.1296721 6.1306815 6.1393584 6.1452213 6.1510842 6.156947 6.1628099
-9999 5.5366533 5.6199978 5.7033423 5.7866869 5.8728952 5.9601542 6.0305286 6.0814161 6.1275199 6.1541054 6.1806908 6.2072762 6.2367153 6.271869 6.3047888 6.3182202 6.3316515 6.3450829 6.3589154 6.3736733 6.3884312 6.4031891 6.415783 6.4262296 6.4320507 6.4254742 6.4179158 6.3988607 6.3798055 6.3607503 6.3438839 6.3312367 6.3185895 6.3059422 6.2920719 6.2774011 6.2629085 6.2486709 6.2366251 6.2309644 6.2253036 6.2196429 6.2083394 6.1929793 6.1788316 6.1660897 6.1533478 6.1406059 6.1263067 6.1117382 6.1070337 6.105257 6.1034804 6.1044898 6.1151496 6.1251259 6.1309888 6.1368517 6.1427146
-9999 5.4646261 5.5479706 5.6317691 5.7190281 5.806287 5.893546 5.9639204 6.0148079 6.0656953 6.1165828 6.1477254 6.1743108 6.2037499 6.2389036 6.2740573 6.3092109 6.3282647 6.341696 6.3555285 6.3702864 6.3850443 6.396079 6.4065256 6.4169722 6.4227933 6.4162167 6.4096402 6.4030636 6.3872566 6.3682014 6.351335 6.3386878 6.3260406 6.3114842 6.2968135 6.2821427 6.2676501 6.2534125 6.239175 6.2249374 6.2187557 6.213095 6.2017915 6.1864314 6.1710713 6.1561549 6.143413 6.1306711 6.1163719 6.1018035 6.0872351 6.0790653 6.0772887 6.0782981 6.0889579 6.0996177 6.1102775 6.1167563 6.1226192
-9999 5.3925989 5.477902 5.5651609 5.6524199 5.7396788 5.8269378 5.8973122 5.9481997 5.9990871 6.0499746 6.1008621 6.1413454 6.1707845 6.2059382 6.2410918 6.2762455 6.3113992 6.3383092 6.3521417 6.3659284 6.376375 6.3868216 6.3972682 6.4077148 6.4135359 6.4069593 6.4003828 6.3938062 6.3872297 6.3756525 6.3587861 6.3455674 6.3308966 6.3162258 6.3015551 6.2868843 6.2723917 6.2581541 6.2439166 6.229679 6.2154414 6.2065471 6.1952435 6.1798834 6.1645233 6.1491632 6.1338031 6.1207363 6.1064371 6.0918687 6.0773003 6.0627319 6.051097 6.0521064 6.0627662 6.073426 6.0840858 6.0947456 6.1025239
-9999 5.3231855 5.4104444 5.4977034 5.5849624 5.6722213 5.7594803 5.8351393 5.8860268 5.9369142 5.9878017 6.0386892 6.0895766 6.1338556 6.1690093 6.204163 6.2393167 6.2744703 6.309624 6.3373066 6.3477532 6.3581998 6.3686465 6.3790931 6.3895397 6.3993108 6.392842 6.3862654 6.3796889 6.3731123 6.3665358 6.3571945 6.3425237 6.3278529 6.3131821 6.2985113 6.2838406 6.2738305 6.2595929 6.2453553 6.2311177 6.2168801 6.2026426 6.1898752 6.1745151 6.159155 6.1437949 6.1284348 6.1130747 6.1014094 6.086841 6.0722726 6.0577042 6.0431358 6.0284878 6.0380844 6.0487442 6.059404 6.0700638 6.0807236
-9999 5.2525131 5.339772 5.427031 5.5142899 5.6014589 5.6880655 5.7668734 5.8366805 5.8915303 5.9424178 5.9933053 6.0441927 6.0882385 6.1185834 6.1522312 6.1873848 6.2225385 6.2576922 6.2853748 6.2958214 6.306268 6.3167146 6.3271612 6.3386733 6.3489595 6.3557047 6.3537516 6.347175 6.3405985 6.3340219 6.3246806 6.3100099 6.2953391 6.2806683 6.2664761 6.2676565 6.2625643 6.2484983 6.2342916 6.220054 6.2058164 6.1915788 6.1812578 6.1736119 6.1582518 6.1428917 6.1275317 6.1121716 6.1071814 6.1003884 6.08582 6.0712516 6.0566832 6.0420352 6.0271115 6.0297778 6.0404376 6.0510974 6.0617572
-9999 5.1818406 5.2690996 5.3563585 5.4432768 5.5298834 5.6164899 5.6952978 5.7651049 5.8349121 5.8970339 5.9479214 5.9988088 6.0428546 6.0731995 6.1035445 6.135453 6.1706067 6.2057604 6.233443 6.2438896 6.2543362 6.2651074 6.2767147 6.2883221 6.2986083 6.3053534 6.3120986 6.3146612 6.3080846 6.3015081 6.2921668 6.277496 6.2628252 6.2540062 6.2551866 6.256367 6.2512748 6.2372087 6.2231427 6.2089902 6.1947527 6.1805151 6.170194 6.1626885 6.155183 6.1419886 6.1266285 6.1112684 6.1062782 6.1030803 6.0993675 6.0847991 6.0702307 6.0555827 6.0406589 6.0257352 6.0214712 6.032131 6.0427908
-9999 5.1111682 5.1984272 5.2850946 5.3717012 5.4583078 5.5449143 5.6237222 5.6935294 5.7633365 5.8331437 5.9025375 5.9534249 5.9974707 6.0278156 6.0581606 6.0885055 6.1188504 6.1538285 6.1815112 6.1919578 6.2031487 6.2147561 6.2263634 6.2379708 6.248257 6.2550022 6.2617473 6.2684925 6.2752377 6.2689943 6.259653 6.2449822 6.2415362 6.2427166 6.2438971 6.2450775 6.2399853 6.2259192 6.2118532 6.1977871 6.1836889 6.1694513 6.1591303 6.1516248 6.1441193 6.1366138 6.1257253 6.1103652 6.1053751 6.1021771 6.0989792 6.0957813 6.0837781 6.0691301 6.0542064 6.0392826 6.0243589 6.0131646 6.0238244
-9999 5.0403059 5.1269125 5.2135191 5.3001256 5.3867322 5.4733387 5.5521466 5.6219538 5.6917609 5.7615681 5.8313753 5.9011824 5.9520868 5.9824318 6.0127767 6.0431216 6.0734665 6.1038114 6.1295828 6.1411901 6.1527975 6.1644048 6.1760121 6.1876195 6.1979057 6.2046509 6.2113961 6.2181412 6.2248864 6.2316316 6.2278859 6.2290663 6.2302467 6.2314271 6.2326075 6.2337879 6.2286957 6.2146297 6.2005637 6.1864976 6.1724316 6.1583655 6.1480666 6.1405611 6.1330556 6.1255501 6.1180446 6.1094621 6.1044719 6.101274 6.098076 6.0948781 6.0916802 6.0826775 6.0677538 6.0528301 6.0379063 6.0229826 6.0080589
-9999 4.7306063 4.8172128 4.9038194 4.9904259 5.0770325 5.2828548 5.4768184 5.5507018 5.6205089 5.6903161 5.7601233 5.8299304 5.8889142 5.9245094 5.9548543 5.9851992 6.0155442 6.0458891 6.070568 6.0821754 6.0937827 6.1053901 6.1169974 6.130151 6.1490296 6.1717699 6.178515 6.1852602 6.1920054 6.1987506 6.203595 6.2047755 6.2059559 6.2071363 6.2083167 6.2158135 6.2219211 6.2132284 6.1991623 6.1850963 6.1710303 6.1569642 6.1484412 6.1422734 6.1347679 6.1272624 6.1197569 6.1122514 6.0967545 6.0913428 6.0881449 6.0849469 6.081749 6.075964 6.0611807 6.046257 6.0313333 6.0164095 6.0014858
