P2_models/J1_p2__temp2_slide_220.dat.tif
NCOLS 118
NROWS 92
XLLCORNER 139.62
YLLCORNER -39.07
DX 0.099491525
DY 0.099347826
NODATA_VALUE -9999
[rows 27 to 53 of 92, columns 0 to 59 of 118]
-9999 1210.4324 1193.6157 1176.4052 1156.8491 1137.293 1117.7368 1104.772 1099.4145 1094.057 1088.6994 1096.0603 1106.9114 1118.7872 1132.715 1146.6428 1160.5707 1170.2485 1178.2224 1185.8369 1192.6222 1199.4076 1207.5754 1215.9125 1224.2495 1232.0477 1238.4017 1244.7557 1251.1096 1257.1658 1263.1019 1265.8136 1262.3098 1258.806 1272.7366 1287.2003 1301.664 1309.4946 1307.8355 1306.1764 1304.5173 1303.9029 1303.3883 1300.874 1296.9223 1292.9706 1289.6352 1289.9787 1290.3222 1276.2525 1259.6918 1243.131 1235.371 1237.3502 1241.0379 1250.6438 1260.2497 1269.8556 1273.331 1275.6911
-9999 1224.2629 1206.2415 1186.6854 1167.1292 1147.5731 1128.017 1115.0522 1109.6947 1104.3371 1098.9796 1093.6221 1096.1852 1108.061 1121.9888 1135.9167 1149.8445 1163.7723 1175.086 1182.7005 1189.7429 1198.08 1206.4171 1214.7541 1223.0912 1230.8894 1237.2434 1243.5973 1249.9513 1256.3053 1262.4673 1265.179 1265.697 1280.1607 1294.6244 1309.0881 1323.5518 1331.3824 1329.7233 1328.0642 1326.4051 1324.746 1323.8658 1321.3515 1317.3998 1313.4481 1309.4963 1305.5446 1305.5981 1291.5284 1274.9677 1258.4069 1241.8462 1230.5679 1234.2556 1243.8615 1253.4674 1263.0733 1272.6792 1277.5297
-9999 1235.1558 1215.5997 1196.0436 1176.4875 1156.9313 1137.3752 1126.7836 1121.4261 1116.0685 1110.711 1105.3535 1099.9959 1100.0825 1114.0103 1127.9382 1141.866 1155.7938 1169.7216 1181.9589 1190.2959 1198.633 1206.9701 1215.3071 1223.6442 1232.003 1238.3569 1244.7109 1251.0649 1257.4188 1263.7728 1272.8968 1287.3605 1301.8242 1316.2879 1330.7516 1345.2153 1348.1024 1346.4433 1344.7842 1343.1251 1341.466 1339.8069 1338.572 1334.6202 1330.6685 1326.7168 1322.765 1318.8133 1306.4514 1289.8906 1273.3299 1256.7692 1240.2085 1228.0411 1237.6471 1247.253 1256.8589 1266.4648 1276.0707
-9999 1236.9242 1217.3681 1197.812 1178.2559 1158.6997 1154.3295 1150.4193 1145.1042 1139.7467 1134.3892 1129.0316 1123.6741 1122.3785 1129.2172 1142.5795 1156.5073 1170.4351 1184.363 1196.6002 1204.9373 1213.2743 1221.6114 1229.9484 1231.6126 1236.1271 1256.5229 1264.5276 1270.8816 1277.2355 1283.5895 1292.7135 1307.1772 1321.6409 1336.1046 1350.5683 1357.0766 1347.9797 1320.6205 1318.9614 1317.3023 1315.6432 1313.9841 1318.7881 1325.0274 1321.0757 1317.124 1313.1722 1309.2205 1310.0049 1301.9083 1285.3476 1268.7869 1252.2262 1238.9746 1237.1855 1245.7133 1255.3192 1264.9251 1274.531
-9999 1238.6926 1219.1365 1199.5804 1183.3393 1180.6452 1177.9511 1174.0408 1168.727 1163.4132 1158.0674 1152.7098 1147.3523 1146.0567 1152.8954 1159.7341 1171.1487 1185.0765 1199.0043 1211.2415 1219.5786 1227.9157 1236.2527 1235.2387 1233.8279 1238.3424 1258.7381 1279.1339 1290.6983 1297.0523 1303.4062 1312.5302 1326.9939 1341.4576 1355.3828 1359.9109 1364.4389 1355.342 1326.7526 1298.1632 1291.4794 1289.8203 1288.1612 1292.9653 1302.4156 1311.4829 1307.5312 1303.5795 1299.6277 1300.4121 1302.015 1297.3653 1280.8046 1264.2439 1250.9923 1249.2032 1247.4142 1253.7795 1263.3854 1272.9913
-9999 1240.461 1220.9049 1209.6549 1206.9608 1204.2667 1201.5726 1197.6624 1192.3485 1187.0347 1181.7209 1176.388 1171.0305 1169.7349 1176.5736 1183.4123 1190.251 1199.7178 1213.6456 1225.8829 1234.2199 1240.2755 1238.8647 1237.4539 1236.0431 1240.5576 1260.9534 1281.3492 1301.7449 1316.869 1323.223 1332.3469 1346.8106 1358.2171 1362.7451 1367.2732 1371.8012 1362.7043 1334.1149 1305.5255 1276.9361 1263.9975 1262.3384 1267.1424 1276.5927 1286.043 1295.4933 1293.9867 1290.035 1290.8193 1292.4222 1294.0251 1292.8223 1276.2616 1263.01 1261.221 1259.4319 1257.6428 1261.8457 1271.4516
-9999 1242.2294 1235.9705 1233.2764 1230.5823 1227.8882 1225.1941 1221.2839 1215.9701 1210.6562 1205.3424 1200.0286 1194.7086 1193.4131 1200.2518 1207.0905 1213.9292 1220.7679 1228.287 1240.5242 1243.9015 1242.4907 1241.08 1239.6692 1238.2584 1242.7729 1263.1686 1283.5644 1303.9602 1324.3559 1343.0397 1352.1637 1361.0514 1365.5794 1370.1074 1374.6355 1379.1635 1370.0666 1341.4772 1312.8878 1284.2984 1255.709 1236.5156 1241.3196 1250.7699 1260.2202 1269.6705 1279.1208 1280.4422 1281.2265 1282.8294 1284.4323 1286.0352 1287.6381 1275.0277 1273.2387 1271.4496 1269.6605 1267.8714 1269.912
-9999 1262.6042 1259.9101 1257.216 1254.5219 1251.8278 1249.1337 1237.0747 1231.9225 1226.6087 1221.2948 1215.981 1210.6672 1202.71 1206.3629 1213.2017 1220.0404 1226.8791 1233.7178 1238.062 1236.6512 1235.2404 1233.8296 1232.4188 1231.008 1247.8057 1268.2203 1288.616 1309.0118 1329.4076 1349.8033 1364.7792 1369.3072 1373.8353 1378.3633 1382.8914 1387.4194 1382.1689 1355.3341 1326.7447 1298.1553 1269.5659 1240.9765 1232.6831 1242.1334 1251.5837 1261.034 1270.4843 1279.9346 1277.8379 1279.4408 1281.0437 1282.6466 1284.2495 1285.8103 1284.7737 1282.9847 1281.1956 1279.4065 1277.6174
-9999 1287.0684 1284.3743 1281.6802 1278.9861 1270.378 1247.1648 1234.3681 1233.5934 1229.9126 1224.5988 1219.285 1213.9711 1206.014 1192.7634 1190.34 1197.1787 1204.0174 1210.8561 1215.2003 1213.7895 1212.3788 1210.968 1211.1983 1234.7227 1257.4212 1277.906 1298.3456 1318.7414 1339.1372 1359.5329 1374.5088 1379.0368 1383.5649 1388.0929 1389.91 1378.9999 1372.1261 1371.0265 1351.313 1322.7236 1294.1342 1265.5448 1256.8008 1262.3234 1271.2921 1280.7424 1290.1927 1299.643 1293.3791 1286.2846 1287.8875 1289.4903 1291.0932 1292.6541 1294.0693 1293.7237 1291.9347 1290.1456 1288.3565
-9999 1311.5326 1308.8385 1306.1444 1290.8846 1267.6714 1244.4582 1231.6616 1230.8868 1230.1121 1227.9028 1222.5889 1217.2751 1209.3179 1196.0673 1182.8167 1174.3171 1181.1558 1187.9945 1192.3387 1190.9279 1189.5171 1197.2894 1220.8139 1244.3383 1267.0368 1287.5216 1308.0064 1328.471 1348.8668 1369.2625 1384.2384 1388.7664 1393.2945 1390.7772 1379.8672 1368.9572 1362.0833 1360.9838 1359.8842 1347.2919 1318.7025 1290.1131 1281.3691 1286.8917 1292.4144 1300.4509 1309.9012 1319.3515 1313.0875 1304.1077 1295.1279 1296.3341 1297.937 1299.4978 1300.9131 1302.3284 1302.6737 1300.8847 1299.0956
-9999 1335.9968 1333.3027 1311.3912 1288.178 1264.9648 1241.7517 1228.955 1228.1803 1227.4055 1226.6308 1225.8561 1220.5791 1212.6219 1199.3713 1186.1207 1172.8701 1159.6194 1165.1328 1169.477 1168.0662 1183.3805 1206.905 1230.4294 1253.9539 1276.6524 1297.1372 1317.622 1338.1068 1358.5916 1378.9921 1393.968 1398.4961 1391.6444 1380.7344 1369.8244 1358.9144 1352.0406 1350.941 1349.8415 1348.7419 1343.2707 1314.6813 1305.9374 1311.46 1316.9827 1322.5053 1329.6096 1339.0599 1332.796 1323.8162 1314.8363 1305.8565 1304.7808 1306.3416 1307.7569 1309.1722 1310.5874 1311.6237 1309.8346
-9999 1355.1109 1331.8978 1308.6846 1285.4714 1262.2583 1239.0451 1226.2484 1225.4737 1224.6989 1223.9242 1223.1495 1222.3748 1215.9259 1202.6753 1189.4246 1176.174 1162.9234 1149.6728 1146.6153 1169.4717 1192.9961 1216.5206 1240.045 1263.5694 1286.2679 1306.7527 1327.2375 1347.7223 1368.2071 1388.6919 1403.4217 1392.5117 1381.6017 1370.6916 1359.7816 1348.8716 1341.9978 1340.8982 1339.7987 1338.6991 1337.5996 1336.5 1330.5057 1336.0283 1341.551 1347.0736 1352.5963 1358.7684 1352.5044 1343.5246 1334.5448 1325.565 1316.5851 1313.1854 1314.6007 1316.0159 1317.4312 1318.8465 1320.2617
-9999 1347.5965 1324.3834 1301.1702 1277.957 1254.7439 1241.8805 1241.305 1240.5303 1239.7555 1238.9808 1238.2061 1232.8781 1226.3766 1228.2029 1214.9522 1201.7016 1188.451 1175.2004 1173.07 1196.5945 1220.1189 1243.6433 1267.1678 1286.8351 1295.1931 1308.4257 1328.9105 1349.3953 1369.8801 1390.3649 1400.1263 1389.2163 1378.3063 1367.3962 1356.4862 1344.5044 1335.9184 1334.8189 1333.7193 1332.6198 1331.5202 1333.9323 1337.5145 1341.8696 1347.3923 1352.9149 1358.4376 1363.9602 1357.1175 1348.1377 1339.1578 1330.178 1323.643 1331.3183 1332.7336 1334.1489 1335.5641 1336.9794 1337.3193
-9999 1338.4561 1315.243 1292.0298 1268.8166 1263.3477 1262.9448 1262.3693 1261.5946 1260.8199 1260.0451 1250.1412 1235.2504 1228.7488 1239.0472 1247.9962 1234.7456 1221.495 1208.2444 1206.114 1229.6384 1253.1628 1276.6873 1291.593 1299.3745 1307.7325 1317.6355 1327.8972 1348.382 1368.8668 1389.3516 1399.1129 1388.2029 1377.2929 1366.3829 1353.5844 1339.7655 1331.1795 1330.08 1328.9804 1327.8809 1332.0337 1337.6536 1341.2357 1343.353 1346.8998 1352.4225 1357.9451 1363.4678 1356.6251 1347.6452 1338.6654 1336.1115 1345.5941 1353.2695 1354.6847 1356.1 1357.5153 1357.3949 1356.6758
-9999 1329.3157 1306.1025 1285.2177 1284.8149 1284.412 1284.0091 1283.4336 1282.6589 1281.8842 1267.4042 1252.5134 1237.6226 1231.1211 1241.4194 1251.7178 1262.0162 1254.5389 1241.2883 1239.1579 1262.6824 1286.2068 1296.3508 1304.1324 1311.914 1320.272 1330.1749 1340.0778 1349.9808 1367.8534 1388.3382 1398.0996 1387.1896 1376.2796 1362.6643 1348.8455 1335.0266 1326.4406 1325.3411 1324.5151 1330.135 1335.7549 1341.3748 1344.9569 1347.0742 1349.1914 1351.9301 1357.4527 1362.9754 1356.1326 1347.1528 1348.58 1358.0626 1367.5452 1375.2206 1376.6358 1378.0511 1377.4705 1376.7514 1376.0322
-9999 1320.1753 1306.6849 1306.282 1305.8792 1305.4763 1305.0735 1304.498 1299.558 1284.6672 1269.7764 1254.8857 1239.9949 1233.4933 1243.7917 1254.0901 1264.3884 1274.6868 1274.3323 1272.2019 1293.3271 1301.1087 1308.8903 1316.6718 1324.4534 1332.8114 1342.7143 1352.6173 1362.5202 1372.4232 1387.3249 1397.0862 1385.5632 1371.7443 1357.9254 1344.1066 1330.2877 1321.7017 1322.6164 1328.2363 1333.8562 1339.4761 1345.096 1348.6782 1350.7954 1352.9127 1355.0299 1357.1472 1362.483 1355.6402 1361.0485 1370.5311 1380.0137 1389.4963 1397.1717 1398.2653 1397.5461 1396.8269 1396.1078 1395.3886
-9999 1324.5615 1324.1586 1323.7558 1323.3529 1322.9501 1322.5472 1315.6742 1300.7834 1285.8926 1271.0018 1256.111 1241.2203 1234.7709 1245.0692 1255.3676 1265.666 1275.9643 1286.2627 1295.8 1303.5816 1311.3632 1319.1447 1326.9263 1334.7078 1341.014 1350.9169 1360.8199 1370.7228 1380.6258 1390.5287 1392.3291 1378.5102 1364.6913 1350.8725 1337.0536 1323.2347 1318.8681 1324.488 1330.1079 1335.7278 1341.3477 1346.9676 1351.9363 1354.0536 1356.1708 1358.2881 1360.4053 1362.5226 1371.2161 1380.6988 1390.1814 1399.664 1409.1466 1414.6457 1413.9265 1413.2073 1412.4881 1411.769 1411.0498
-9999 1314.9548 1314.5519 1314.1491 1313.7462 1313.3433 1312.1373 1305.7274 1293.3589 1278.4681 1263.5774 1248.6866 1233.7958 1227.4107 1238.0586 1248.3887 1258.6871 1268.9855 1279.2838 1288.8212 1296.6027 1304.3843 1312.1659 1319.9474 1337.5093 1348.4216 1330.0457 1336.3139 1346.2169 1356.1198 1366.0228 1367.8231 1354.0043 1340.1854 1326.3665 1312.5477 1304.7377 1304.3245 1312.4094 1318.0293 1323.6492 1329.2691 1334.889 1344.1612 1353.8194 1355.9366 1358.0539 1360.1711 1362.2884 1372.4995 1382.9956 1392.4782 1401.9608 1411.4434 1415.9094 1402.9986 1400.999 1400.2798 1399.5606 1398.8414
-9999 1305.3481 1304.9452 1304.5423 1303.9563 1302.6727 1301.3891 1294.9793 1282.6531 1270.3269 1256.1529 1241.2621 1226.3713 1219.9862 1230.6341 1241.282 1251.7082 1262.0066 1272.305 1281.8423 1289.6239 1297.4054 1305.187 1326.6114 1348.4511 1359.3634 1340.9875 1322.6116 1321.7109 1331.6139 1341.5168 1343.3172 1329.4983 1315.6795 1302.3431 1295.9274 1289.5117 1289.0984 1297.2725 1305.4466 1311.5706 1317.1905 1322.8104 1332.0826 1343.9804 1355.7024 1357.8197 1359.9369 1362.0542 1372.2653 1383.8752 1394.775 1404.2576 1413.7402 1418.2063 1405.2955 1392.3847 1388.0714 1387.3522 1386.633
-9999 1295.7413 1295.3385 1294.4918 1293.2082 1291.9246 1290.641 1284.2311 1271.9049 1259.5787 1247.2526 1233.8377 1218.9469 1212.5618 1223.2097 1233.8576 1244.5055 1255.0277 1265.3261 1274.8634 1282.645 1293.8737 1315.7135 1337.5532 1359.3929 1370.3052 1351.9293 1333.5534 1315.1774 1307.108 1317.0109 1318.8113 1304.9924 1293.5327 1287.1171 1280.7014 1274.2857 1273.8724 1282.0465 1290.2206 1298.3947 1305.1119 1310.7318 1320.004 1331.9018 1343.7996 1355.6974 1359.7027 1361.82 1372.0311 1383.641 1395.251 1406.5545 1416.0371 1420.5031 1407.5923 1394.6815 1381.7707 1375.1439 1374.4247
-9999 1286.1346 1285.0272 1283.7436 1282.46 1281.1764 1279.8928 1273.4829 1261.1568 1248.8306 1236.5044 1224.1782 1211.5224 1205.1373 1215.7852 1226.4331 1237.081 1247.729 1258.3472 1267.8846 1282.9758 1304.8155 1326.6552 1348.495 1370.3347 1381.247 1362.8711 1344.4951 1326.1192 1307.7433 1292.505 1294.3053 1284.7224 1278.3067 1271.8911 1265.4754 1259.0597 1258.6464 1266.8205 1274.9946 1283.1687 1291.3428 1298.6533 1307.9255 1319.8232 1331.721 1343.6188 1355.5166 1361.5858 1371.7969 1383.4068 1395.0168 1406.6267 1418.2367 1422.8 1409.8891 1396.9783 1384.0675 1371.1567 1362.2163
-9999 1281.8398 1280.5562 1279.2725 1277.9889 1276.7053 1275.4217 1270.7184 1258.3922 1246.066 1233.7398 1221.4137 1209.0875 1210.4152 1221.7556 1232.4035 1243.0514 1253.6994 1264.3473 1278.3794 1300.2191 1322.0589 1343.8986 1365.7383 1387.578 1382.6402 1368.4754 1350.0995 1331.7236 1313.3477 1294.9718 1280.6811 1274.2654 1267.8497 1261.434 1255.0183 1248.6027 1258.4034 1266.5775 1274.7516 1282.9256 1291.0997 1299.3626 1293.2333 1305.1311 1317.0289 1328.9267 1340.8245 1352.7223 1364.3747 1375.9846 1387.5946 1399.2045 1410.8145 1417.5537 1404.6429 1391.7321 1378.8213 1365.9105 1353.82
-9999 1287.3445 1286.0609 1284.7773 1283.4937 1283.3219 1285.3026 1280.6417 1268.3155 1255.9893 1243.6632 1233.2315 1229.9515 1232.5834 1247.0541 1259.6615 1270.3094 1280.9573 1291.6052 1305.6374 1327.4771 1349.3168 1371.1565 1388.2632 1369.7654 1356.1924 1355.8194 1347.2215 1328.8456 1310.4697 1292.0938 1277.8031 1271.3874 1264.9717 1258.556 1256.711 1270.4955 1281.9718 1290.1459 1298.32 1306.494 1315.08 1324.3797 1315.0159 1292.2351 1298.1833 1310.0811 1321.9789 1333.8767 1345.529 1357.139 1368.7489 1380.3589 1393.1965 1400.3197 1387.4089 1374.4981 1361.5873 1352.1391 1350.1176
-9999 1292.8493 1291.5657 1290.2821 1291.2645 1293.2452 1295.2259 1290.565 1278.2388 1265.9126 1258.6797 1255.3997 1252.1198 1254.7517 1269.2224 1283.6931 1297.5673 1308.2153 1318.8632 1332.8953 1354.735 1376.5748 1380.3132 1361.8154 1343.3176 1329.7447 1329.3717 1328.9987 1325.9676 1307.5917 1289.2158 1274.9251 1268.5094 1262.0937 1266.495 1280.2794 1294.0639 1305.5402 1313.7143 1321.8884 1330.7974 1340.0971 1349.3968 1340.033 1317.2522 1294.4714 1291.2355 1303.1333 1315.0311 1326.6834 1338.2934 1350.1488 1363.0557 1375.9625 1383.0857 1370.1749 1357.2641 1350.4582 1348.4367 1346.4152
-9999 1298.354 1297.2264 1299.2071 1301.1878 1303.1685 1305.1492 1300.4883 1288.1621 1284.1279 1280.8479 1277.568 1274.288 1276.9199 1291.3906 1305.8613 1320.3321 1334.8028 1346.1211 1360.1533 1381.993 1372.3633 1353.8655 1335.3677 1316.8699 1303.297 1302.924 1302.551 1302.178 1301.805 1286.3378 1272.0471 1265.6314 1276.2789 1290.0634 1303.8478 1317.6323 1329.1086 1337.2827 1346.5147 1355.8145 1365.1142 1374.4139 1365.0501 1342.2693 1319.4886 1296.7078 1284.2876 1296.1854 1307.8378 1320.0079 1332.9148 1345.8217 1358.7286 1365.8518 1352.941 1348.7773 1346.7558 1344.7343 1342.7129
-9999 1305.169 1307.1497 1309.1304 1311.1111 1313.0918 1315.0725 1312.8561 1309.5761 1306.2962 1303.0162 1299.7362 1296.4563 1299.0882 1313.5589 1328.0296 1342.5003 1356.971 1371.4417 1382.9112 1364.4134 1345.9156 1327.4178 1308.92 1290.4222 1276.8493 1276.4763 1276.1033 1275.7303 1275.3573 1274.9842 1272.2784 1286.0628 1299.8473 1313.6318 1327.4162 1341.2007 1352.9324 1362.2321 1371.5319 1380.8316 1390.1313 1399.431 1390.0672 1367.2864 1344.5057 1321.7249 1298.9441 1277.3398 1289.867 1302.7739 1315.6808 1328.5877 1341.4946 1349.1178 1347.0963 1345.0749 1343.0534 1341.032 1339.0105
-9999 1322.0885 1324.0692 1326.0499 1328.0306 1330.0113 1322.7998 1314.111 1310.8311 1307.5511 1304.2711 1300.9912 1310.9049 1323.5143 1317.1906 1331.6613 1346.132 1360.6027 1375.0734 1379.575 1361.0772 1342.5794 1324.0816 1305.5838 1289.0972 1280.1239 1282.2411 1281.8681 1281.4951 1281.1221 1280.7491 1285.2118 1298.9963 1312.7807 1326.5652 1340.3497 1353.4653 1364.6307 1373.9305 1383.2302 1392.5299 1401.8296 1398.4171 1395.4747 1384.5904 1361.8097 1339.0289 1316.2481 1293.4674 1301.1154 1314.0222 1326.9291 1339.836 1349.5371 1349.7272 1347.7058 1345.6843 1343.6629 1341.6414 1343.9906
