P2_models/J1_p2_vp_slide_diff_5.dat.tif
NCOLS 118
NROWS 92
XLLCORNER 139.62
YLLCORNER -39.07
DX 0.099491525
DY 0.099347826
NODATA_VALUE -9999
[rows 54 to 80 of 92, columns 0 to 59 of 118]
-9999 6.2692461 6.272345 6.2754439 6.2785428 6.2842004 6.290072 6.2857977 6.2698139 6.25383 6.2378461 6.2305127 6.2254565 6.2218635 6.2212002 6.2205369 6.2195702 6.2185753 6.2175804 6.2186413 6.224445 6.2302486 6.2360523 6.2393389 6.2414946 6.2431103 6.243279 6.2434476 6.2446712 6.2460203 6.2473693 6.2490063 6.2511985 6.2533907 6.2555829 6.2539149 6.2512168 6.2487113 6.2464814 6.2442514 6.2420214 6.2402645 6.2385492 6.2370194 6.235623 6.235865 6.2402287 6.2445923 6.248956 6.2530831 6.2571694 6.2612556 6.2631198 6.2625868 6.2586708 6.2430364 6.227402 6.2117676 6.2114293 6.213739
-9999 6.2694621 6.272561 6.2763446 6.2822163 6.2880879 6.2939595 6.2896853 6.2737014 6.2589827 6.2539265 6.2488704 6.2438143 6.2402212 6.2395579 6.2388947 6.2382314 6.237365 6.2363701 6.237431 6.2432347 6.2490383 6.2512216 6.2533772 6.2555329 6.2571486 6.2573172 6.2574859 6.2576545 6.2585467 6.2598958 6.2615328 6.263725 6.2655743 6.2628762 6.2601781 6.2574801 6.2549746 6.2527446 6.2506064 6.2488911 6.2471757 6.2454603 6.2439305 6.2425342 6.2411378 6.2400127 6.2443763 6.24874 6.2528671 6.2569534 6.2578215 6.2572885 6.2567555 6.2528395 6.2372051 6.2227921 6.2251018 6.2274114 6.229721
-9999 6.269678 6.2743605 6.2802321 6.2861038 6.2919754 6.297847 6.2935728 6.2823966 6.2773404 6.2722843 6.2672282 6.262172 6.258579 6.2579157 6.2572524 6.2565891 6.2559258 6.2551598 6.2562207 6.2609486 6.2631042 6.2652599 6.2674155 6.2695712 6.2711869 6.2713555 6.2715241 6.2716928 6.2718614 6.2724222 6.2740593 6.2745356 6.2718375 6.2691394 6.2664414 6.2637433 6.2612378 6.259233 6.2575176 6.2558022 6.2540869 6.2523715 6.2508417 6.2494453 6.2480489 6.2466526 6.2452562 6.248524 6.2526512 6.2525232 6.2519902 6.2514572 6.2509242 6.2470082 6.2364646 6.2387742 6.2410838 6.2433934 6.2457031
-9999 6.265946 6.2718176 6.2776892 6.2835609 6.2894325 6.2953041 6.3070028 6.3019467 6.2968906 6.2918344 6.2867783 6.2817222 6.2764291 6.2757658 6.2751025 6.2744393 6.273776 6.2731127 6.2733018 6.2754575 6.2776131 6.2797688 6.2819244 6.2840801 6.2837164 6.2839644 6.2841331 6.2843017 6.2844703 6.284639 6.2838284 6.2811304 6.2784323 6.2757342 6.2730361 6.270338 6.2662943 6.2645789 6.2628635 6.2611482 6.2594328 6.2577174 6.2554376 6.2540413 6.2526449 6.2512485 6.2498521 6.2484558 6.2476956 6.2471626 6.2466296 6.2460966 6.2455636 6.2462644 6.248727 6.2510367 6.2533463 6.2556559 6.2579655
-9999 6.2414402 6.2473118 6.2531834 6.2590551 6.2680711 6.2992234 6.3183369 6.3235561 6.3205133 6.3154571 6.310401 6.3053449 6.2998741 6.293573 6.291219 6.2905557 6.2898924 6.2892291 6.2894183 6.2915739 6.2937296 6.2958852 6.2980409 6.2916459 6.2872488 6.2906214 6.2918601 6.2920288 6.2921974 6.292366 6.2915555 6.2888574 6.2861593 6.2834613 6.2806649 6.2722334 6.2664945 6.2646076 6.2628635 6.2611482 6.2594328 6.2577174 6.2546644 6.2507297 6.2493333 6.2479369 6.2465405 6.2451442 6.244181 6.2434094 6.2428764 6.2423434 6.2418104 6.2425113 6.2474858 6.2505951 6.2529047 6.2552144 6.257524
-9999 6.2169344 6.222806 6.2286776 6.2466329 6.2777851 6.3089374 6.3280509 6.3332701 6.3384894 6.3390799 6.3340237 6.3289676 6.3234968 6.3171957 6.3108946 6.3066721 6.3060088 6.3053456 6.3055347 6.3076903 6.309846 6.3097704 6.3024743 6.2951783 6.2907811 6.2941537 6.2975263 6.2997558 6.2999244 6.3000931 6.2992825 6.2965845 6.2938864 6.2893172 6.2808857 6.2724542 6.2667152 6.2648283 6.2629414 6.2611482 6.2594328 6.2577174 6.2546644 6.2506499 6.2466353 6.2446253 6.243229 6.2418326 6.2408694 6.2399811 6.2391233 6.2385903 6.2380573 6.2387581 6.2437327 6.2487073 6.2524632 6.2547728 6.2570824
-9999 6.1924286 6.1983002 6.2251946 6.2563469 6.2874992 6.3186514 6.3377649 6.3429842 6.3482034 6.3534226 6.3576464 6.3525903 6.3471195 6.3408184 6.3345173 6.3282161 6.3221253 6.321462 6.3216511 6.3238068 6.3205988 6.3133028 6.3060067 6.2987107 6.2943135 6.2976861 6.3010587 6.3044313 6.3076515 6.3078201 6.3070096 6.3043115 6.2979694 6.2895379 6.2811065 6.272675 6.266936 6.2650491 6.2631622 6.2612753 6.2594328 6.2577174 6.2546644 6.2506499 6.2466353 6.2426207 6.2399174 6.238521 6.2375578 6.2366695 6.2357812 6.2348929 6.2343042 6.235005 6.2399796 6.2449541 6.2499287 6.2543313 6.2566409
-9999 6.1726041 6.2037564 6.2349086 6.2660609 6.2972132 6.3283654 6.3474789 6.3526982 6.3579174 6.3631366 6.3683558 6.3735751 6.3707422 6.3644411 6.35814 6.3518388 6.3455377 6.3392366 6.3377675 6.3314272 6.3241312 6.3168351 6.3095391 6.302243 6.2978459 6.3012185 6.3045911 6.3079637 6.3113362 6.3147088 6.3147366 6.3066217 6.2981902 6.2897587 6.2813272 6.2728957 6.2671568 6.2652699 6.263383 6.2614961 6.2596092 6.2577223 6.2546644 6.2506499 6.2466353 6.2426207 6.2386062 6.2352094 6.2342462 6.2333579 6.2324696 6.2315813 6.2306929 6.2312518 6.2362264 6.241201 6.2461756 6.2511502 6.2561247
-9999 6.1409285 6.1720808 6.203233 6.2343853 6.2655376 6.3097863 6.3477047 6.3545651 6.3597843 6.3650035 6.3702228 6.375442 6.3808006 6.3816015 6.3753004 6.3689992 6.3626981 6.356397 6.349795 6.3424989 6.3352029 6.3279069 6.3206108 6.3160622 6.3187559 6.3152136 6.3185862 6.3219588 6.3253314 6.328704 6.3280447 6.3196132 6.3111817 6.3027503 6.2943188 6.2842489 6.2708746 6.2634904 6.2616035 6.2597166 6.2578297 6.2559428 6.2543413 6.2511115 6.2470969 6.2430823 6.2390677 6.2350532 6.2314319 6.2305079 6.2296196 6.2287313 6.2278429 6.2277904 6.2313962 6.2363708 6.2413454 6.24632 6.2512945
-9999 6.0912546 6.1224069 6.1535591 6.1847114 6.2403215 6.3036046 6.3415231 6.3501674 6.3582389 6.3634581 6.3686773 6.3738966 6.3792552 6.3848931 6.3896506 6.3833495 6.3770483 6.3707472 6.3641452 6.3568492 6.3495531 6.3422571 6.3422697 6.3487366 6.3514303 6.3440106 6.3371312 6.3405038 6.3438763 6.3472489 6.3465896 6.3381582 6.3297267 6.3212952 6.3096611 6.2961707 6.2827963 6.269588 6.2589542 6.2570673 6.2551804 6.2532935 6.251692 6.2502956 6.2477592 6.2437446 6.2397301 6.2357155 6.2320943 6.228541 6.2269703 6.226082 6.2251937 6.2251412 6.2279838 6.2310723 6.2360468 6.2410214 6.245996
-9999 6.0415807 6.0727329 6.1075736 6.1708567 6.2341398 6.297423 6.3353414 6.3439858 6.3526301 6.3612745 6.3671319 6.3723512 6.3777098 6.3833477 6.3889855 6.3946234 6.3913986 6.3850975 6.3784955 6.3711994 6.3639034 6.3684771 6.3749441 6.381411 6.3841047 6.376685 6.3692653 6.3618456 6.3624213 6.3657939 6.3651346 6.3567031 6.3482716 6.3350732 6.3215828 6.3080924 6.2947181 6.2815097 6.2683014 6.255093 6.2525311 6.2506442 6.2490427 6.2476463 6.24625 6.244407 6.2403924 6.2363778 6.2327566 6.2292033 6.22565 6.2234327 6.2225444 6.2224919 6.2253345 6.2281771 6.2310197 6.2357229 6.2406974
-9999 5.9919068 6.0381088 6.1013919 6.1646751 6.2279582 6.2912413 6.3291598 6.3378041 6.3464485 6.3550928 6.3637372 6.3708057 6.3761644 6.3818023 6.3874401 6.393078 6.3987158 6.3994477 6.3928457 6.3882176 6.3946846 6.4011515 6.4076185 6.4140854 6.4167791 6.4093594 6.4019397 6.39452 6.3871003 6.3843388 6.3836795 6.3739757 6.3604853 6.3469949 6.3335045 6.3200142 6.3066398 6.2934315 6.2802231 6.2670147 6.2538064 6.247995 6.2463934 6.2449971 6.2436007 6.2422043 6.2408079 6.2370401 6.2334189 6.2298656 6.2263124 6.2227591 6.2198951 6.2198426 6.2226852 6.2255278 6.2283704 6.2312131 6.2353989
-9999 5.9598853 6.0231685 6.0864516 6.1497347 6.2130179 6.276301 6.3186912 6.3273355 6.3359799 6.3446242 6.3532686 6.3619129 6.3758386 6.3814764 6.3871143 6.3927521 6.39839 6.4040278 6.4099164 6.4163833 6.4228503 6.4293172 6.4357842 6.4422511 6.443947 6.4365272 6.4291075 6.4216878 6.4142681 6.4068484 6.3973552 6.3838648 6.3703744 6.356884 6.3433937 6.3299033 6.3167507 6.3035423 6.290334 6.2771256 6.2639172 6.2507089 6.2431528 6.2417565 6.2403601 6.2389637 6.2375674 6.236171 6.2329356 6.2293823 6.225829 6.2222758 6.2187225 6.2171194 6.219962 6.2228046 6.2256473 6.2284899 6.2313325
-9999 5.9013805 5.9646636 6.0279468 6.0912299 6.1553895 6.2384078 6.2868999 6.2955442 6.3041886 6.3128329 6.3214773 6.3482934 6.3718585 6.3854557 6.3928544 6.3984922 6.4041301 6.4097679 6.4156565 6.4221234 6.4285904 6.4350573 6.4415243 6.4548396 6.4600432 6.439639 6.4288868 6.4214671 6.4140474 6.4066276 6.3971344 6.383644 6.3701536 6.3566633 6.3431729 6.3306334 6.3178545 6.3046462 6.2914378 6.2782295 6.265628 6.2596242 6.2486849 6.2355748 6.2341785 6.2327821 6.2313857 6.2299893 6.2267539 6.2232006 6.2196474 6.2160941 6.214219 6.2140286 6.2168712 6.2197138 6.2225564 6.2256364 6.2336312
-9999 5.8428757 5.9061588 5.9694419 6.0405798 6.1235982 6.2066165 6.2551086 6.2637529 6.2723973 6.2863511 6.3148938 6.3434364 6.3670015 6.3805987 6.3941958 6.4042323 6.4098702 6.415508 6.4213966 6.4278635 6.4343305 6.4421025 6.4568604 6.4716183 6.4768219 6.4564177 6.4360136 6.4212463 6.4138266 6.4064069 6.3969136 6.3834232 6.3699329 6.3566944 6.3442158 6.3317372 6.3189584 6.3057501 6.2925417 6.2820082 6.2760044 6.2700006 6.2590613 6.2445739 6.2300866 6.2266004 6.2252041 6.2238077 6.2205723 6.217019 6.2134657 6.2121941 6.2111281 6.2109378 6.2137804 6.216623 6.2209531 6.228948 6.2369428
-9999 5.7843708 5.847654 5.9257702 6.0087885 6.0918068 6.1748252 6.2233173 6.2319616 6.2529515 6.2814941 6.3100368 6.3385794 6.3621445 6.3757416 6.3893388 6.402936 6.4156103 6.4212481 6.4271367 6.4336036 6.4441233 6.4588812 6.4736391 6.488397 6.4936007 6.4731965 6.4527923 6.4323881 6.4136058 6.4061861 6.3966929 6.3832025 6.3702769 6.3577983 6.3453197 6.3328411 6.3200623 6.3068539 6.2983883 6.2923845 6.2863807 6.2803769 6.2694376 6.2549502 6.2404629 6.2259755 6.2190224 6.2176261 6.2143906 6.2112353 6.2101693 6.2091033 6.2080373 6.2078469 6.2106896 6.2162699 6.2242647 6.2322596 6.2402544
-9999 5.7279422 5.8109605 5.8939789 5.9769972 6.0600155 6.1430339 6.191526 6.2195518 6.2480944 6.2766371 6.3051797 6.3337224 6.3572875 6.3708846 6.3844818 6.398079 6.4116762 6.4252733 6.4328768 6.4461442 6.4609021 6.47566 6.4904179 6.5051758 6.5103794 6.4899752 6.469571 6.4491668 6.4287627 6.4083585 6.3964721 6.3838594 6.3713808 6.3589022 6.3464236 6.333945 6.3211661 6.3147684 6.3087646 6.3027608 6.296757 6.2907532 6.2798139 6.2653266 6.2508392 6.2363518 6.2218645 6.2114444 6.2092104 6.2081444 6.2070785 6.2060125 6.2049465 6.2047561 6.2115866 6.2195814 6.2275763 6.2355712 6.243566
-9999 5.6699101 5.7529285 5.8359468 5.9189651 6.0019835 6.0867575 6.1584018 6.1970537 6.2255964 6.254139 6.2826817 6.3112243 6.3413061 6.3653811 6.3789783 6.3925755 6.4061727 6.4197698 6.433718 6.4484759 6.4632338 6.4779917 6.4927496 6.5069959 6.5135749 6.5018124 6.4814082 6.461004 6.4405999 6.4201957 6.4024986 6.39002 6.3775414 6.3650628 6.3525842 6.3393445 6.3233964 6.3127653 6.3067615 6.3007577 6.2947539 6.2887501 6.2773031 6.2626033 6.248116 6.2336286 6.2191412 6.2046539 6.1916726 6.1906066 6.1895407 6.1884747 6.1874087 6.1891685 6.1992478 6.2072427 6.2152375 6.2232324 6.2312272
-9999 5.5969798 5.6799981 5.7630165 5.8460348 5.9327522 6.0208267 6.0924709 6.1451525 6.1930825 6.2216252 6.2501678 6.2787105 6.3087922 6.3419561 6.3731078 6.3867049 6.4003021 6.4138993 6.4278475 6.4426054 6.4573633 6.4721212 6.485048 6.4961579 6.5027369 6.4971722 6.4904399 6.4700357 6.4496315 6.4292273 6.4115302 6.3990516 6.386573 6.3740944 6.359883 6.3445377 6.3285896 6.3117789 6.2977299 6.2917261 6.2857223 6.2797185 6.2682714 6.2529113 6.2379554 6.223468 6.2089807 6.1944933 6.1809972 6.1676725 6.1638005 6.1627346 6.1616686 6.1634284 6.1749765 6.1860184 6.1940132 6.2020081 6.2100029
-9999 5.5240495 5.6070678 5.6906725 5.778747 5.8668214 5.9548959 6.0265401 6.0792217 6.1319032 6.1845848 6.217654 6.2461967 6.2762784 6.3094422 6.3426061 6.3757699 6.3944316 6.4080287 6.4219769 6.4367348 6.4514927 6.4631002 6.4742101 6.48532 6.491899 6.4863342 6.4807694 6.4752047 6.4586631 6.4382589 6.4205618 6.4080832 6.3956046 6.3804215 6.3650762 6.3497309 6.3337827 6.3169721 6.3001615 6.2833508 6.2766906 6.2706868 6.2592398 6.2438797 6.2285196 6.2133075 6.1988201 6.1843327 6.1708366 6.1575119 6.1441871 6.1369944 6.1359285 6.1376883 6.1492364 6.1607845 6.1723327 6.1807838 6.1887786
-9999 5.4511191 5.5366672 5.6247417 5.7128161 5.8008906 5.8889651 5.9606093 6.0132908 6.0659724 6.118654 6.1713356 6.2136828 6.2437646 6.2769284 6.3100922 6.3432561 6.3764199 6.4021582 6.4161063 6.4300425 6.4411524 6.4522622 6.4633721 6.474482 6.4810611 6.4754963 6.4699315 6.4643667 6.4588019 6.4472905 6.4295935 6.4163053 6.40096 6.3856147 6.3702694 6.3549241 6.3389759 6.3221653 6.3053546 6.288544 6.2717334 6.2616552 6.2502082 6.2348481 6.219488 6.2041279 6.1887678 6.1741722 6.1606761 6.1473513 6.1340266 6.1207018 6.1101883 6.1119482 6.1234963 6.1350444 6.1465926 6.1581407 6.1675543
-9999 5.381152 5.4692265 5.5573009 5.6453754 5.7334499 5.8215243 5.8984531 5.9511347 6.0038163 6.0564979 6.1091794 6.161861 6.2072873 6.2404511 6.273615 6.3067788 6.3399427 6.3731065 6.3996016 6.4107114 6.4218213 6.4329312 6.4440411 6.455151 6.4651439 6.4596568 6.4540921 6.4485273 6.4429625 6.4373977 6.4284922 6.4131469 6.3978016 6.3824563 6.367111 6.3517657 6.3411965 6.3243859 6.3075752 6.2907646 6.273954 6.2571433 6.2431111 6.227751 6.2123909 6.1970308 6.1816707 6.1663106 6.1557529 6.1424281 6.1291034 6.1157786 6.1024539 6.0889699 6.0994548 6.1110029 6.1225511 6.1340992 6.1456473
-9999 5.3079959 5.3960704 5.4841448 5.5722193 5.6605411 5.7504097 5.8306624 5.8998172 5.9559487 6.0086303 6.0613119 6.1139934 6.159291 6.1898018 6.2221347 6.2552986 6.2884624 6.3216263 6.3481213 6.3592312 6.3703411 6.381451 6.3925609 6.4062584 6.4175021 6.4215492 6.4193203 6.4137556 6.4081908 6.402626 6.3937205 6.3783752 6.3630299 6.3476846 6.3328535 6.3345398 6.3295337 6.314953 6.2985436 6.281733 6.2649223 6.2481117 6.2363084 6.2279768 6.2126167 6.1972566 6.1818965 6.1665364 6.1627581 6.1573303 6.1440056 6.1306808 6.117356 6.1038721 6.0898367 6.0933913 6.1049394 6.1164875 6.1280356
-9999 5.2348398 5.3229142 5.4109887 5.5000001 5.5898687 5.6797373 5.75999 5.8291447 5.8982995 5.9607627 6.0134443 6.0661258 6.1114234 6.1419342 6.1724449 6.2038183 6.2369822 6.270146 6.2966411 6.307751 6.3188609 6.3307589 6.3446877 6.3586166 6.3698603 6.3739074 6.3779545 6.3789838 6.373419 6.3678543 6.3589488 6.3436035 6.3282582 6.3192003 6.3208866 6.3225729 6.3175668 6.3029861 6.2884055 6.2727014 6.2558907 6.2390801 6.2272767 6.219073 6.2108694 6.1974824 6.1821223 6.1667622 6.1629839 6.1612073 6.1589077 6.145583 6.1322582 6.1187743 6.1047388 6.0907034 6.0873277 6.0988759 6.110424
-9999 5.1616836 5.2497581 5.3394591 5.4293277 5.5191963 5.6090648 5.6893175 5.7584723 5.8276271 5.8967818 5.9655767 6.0182583 6.0635559 6.0940666 6.1245773 6.1550881 6.1855988 6.2186658 6.2451608 6.2562707 6.2691883 6.2831171 6.2970459 6.3109748 6.3222185 6.3262656 6.3303127 6.3343598 6.338407 6.3330825 6.324177 6.3088317 6.3055471 6.3072334 6.3089197 6.310606 6.3055999 6.2910192 6.2764386 6.2618579 6.2468591 6.2300485 6.2182451 6.2100414 6.2018377 6.1936341 6.1823481 6.166988 6.1632097 6.1614331 6.1596565 6.1578798 6.1471604 6.1336764 6.119641 6.1056056 6.0915702 6.0812642 6.0928123
-9999 5.0890495 5.1789181 5.2687867 5.3586553 5.4485238 5.5383924 5.6186451 5.6877999 5.7569546 5.8261094 5.8952642 5.9644189 6.0156883 6.046199 6.0767097 6.1072205 6.1377312 6.1682419 6.1936889 6.2076177 6.2215465 6.2354753 6.2494041 6.263333 6.2745767 6.2786238 6.2826709 6.286718 6.2907652 6.2948123 6.2902077 6.291894 6.2935802 6.2952665 6.2969528 6.2986391 6.293633 6.2790523 6.2644717 6.249891 6.2353104 6.2207297 6.2092135 6.2010098 6.1928061 6.1846024 6.1763987 6.1672138 6.1634355 6.1616589 6.1598822 6.1581056 6.156329 6.1485786 6.1345432 6.1205078 6.1064724 6.092437 6.0784015
-9999 4.7710775 4.8609461 4.9508147 5.0406833 5.1305518 5.3432572 5.541998 5.6151244 5.6842792 5.7534339 5.8225887 5.8917435 5.9508996 5.9879107 6.0184214 6.0489322 6.0794429 6.1099536 6.1354502 6.1493791 6.1633079 6.1772367 6.1911655 6.2058674 6.2246835 6.2463387 6.2503858 6.2544329 6.25848 6.2625271 6.2657678 6.2674541 6.2691404 6.2708267 6.272513 6.2807587 6.2883087 6.2807462 6.2661656 6.2515849 6.2370043 6.2224236 6.2112483 6.2028085 6.1946048 6.1864011 6.1781975 6.1699938 6.1562118 6.1523364 6.1505598 6.1487832 6.1470065 6.1424041 6.1280878 6.1140524 6.100017 6.0859816 6.0719462
