P2_models/J1_p2__temp2_slide_60.dat.tif
NCOLS 118
NROWS 92
XLLCORNER 139.62
YLLCORNER -39.07
DX 0.099491525
DY 0.099347826
NODATA_VALUE -9999
[rows 0 to 26 of 92, columns 0 to 59 of 118]
-9999 -9999 -9999 -9999 -9999 -9999 -9999 -9999 -9999 -9999 -9999 -9999 -9999 -9999 -9999 -9999 -9999 -9999 -9999 -9999 -9999 -9999 -9999 -9999 -9999 -9999 -9999 -9999 -9999 -9999 -9999 -9999 -9999 -9999 -9999 -9999 -9999 -9999 -9999 -9999 -9999 -9999 -9999 -9999 -9999 -9999 -9999 -9999 -9999 -9999 -9999 -9999 -9999 -9999 -9999 -9999 -9999 -9999 -9999 -9999
-9999 728.94195 730.73932 732.53669 734.33406 736.13144 739.00172 738.40584 732.8824 728.37266 723.86292 719.35318 714.84344 709.55318 704.51447 701.55626 698.59804 695.63983 692.68161 688.74915 682.56907 676.38899 670.20891 664.02882 659.3173 664.30925 672.87193 684.15831 695.4447 706.73108 718.01747 722.60689 714.2867 705.96651 697.64632 689.32613 680.76052 670.01929 662.26296 658.31932 654.37568 650.43204 646.4884 648.88263 656.04608 663.27754 670.509 677.74046 684.97193 691.98665 693.98714 695.98763 697.98812 699.98861 700.1559 695.87165 694.26735 692.66305 691.05875 689.45445
-9999 739.42314 741.22052 743.01789 744.81526 748.52003 753.41958 752.8237 745.88539 739.70866 735.19892 730.68918 726.17944 720.88918 714.03587 708.03042 705.07221 702.11399 699.15578 695.22332 689.04324 682.86316 676.68307 674.59562 678.98817 683.98012 690.5786 698.07529 709.36167 720.64806 731.93444 736.52387 728.20368 719.88349 711.5633 702.7864 693.53706 682.79584 669.92026 660.31869 656.37505 652.43142 648.48778 650.88201 657.83245 664.94368 672.17515 679.40661 686.63807 693.87966 701.123 703.7616 705.76209 707.76258 707.92987 701.74718 696.70758 695.10328 693.49898 691.89468
-9999 749.90434 751.70171 753.49908 758.03833 762.93788 767.83743 767.24155 760.30324 753.36493 746.53492 742.02518 737.51544 732.22518 725.37187 718.51856 711.66526 708.58816 705.62994 701.69749 695.5174 689.33732 689.87394 694.26649 698.65904 703.65099 710.24947 716.84795 723.44643 734.56503 745.85142 750.44084 742.12065 733.80046 724.81228 715.56294 706.3136 695.57238 682.6968 669.82123 658.37443 654.43079 650.48715 652.88138 659.83183 666.78227 673.84129 681.07276 688.30422 695.54581 702.78915 710.03248 713.53606 715.53655 715.70384 709.52115 703.33846 697.54351 695.93921 694.33491
-9999 760.38554 762.65708 767.55663 772.45618 777.35573 782.25528 781.6594 774.72109 767.78278 760.84447 753.90616 748.85144 743.56118 736.70787 729.85456 723.00126 716.14795 712.10411 708.17165 701.99157 705.15226 709.54481 713.93736 718.32991 723.32186 729.92034 736.51882 743.1173 749.71578 759.76839 764.35781 756.03762 746.83817 737.58883 728.33949 719.09015 708.34892 695.47335 682.59777 669.7222 656.84662 652.48653 654.88076 661.8312 668.78164 675.73209 682.7389 689.97037 697.21195 704.45529 711.69863 718.94197 723.31051 723.4778 717.29512 711.11243 704.92974 698.74705 696.77514
-9999 772.17539 777.07494 781.97449 786.87404 791.77359 796.67314 796.07726 789.13895 782.20064 775.26232 768.32401 761.3857 754.89718 748.04387 741.19057 734.33726 727.48395 720.63064 716.03802 720.43057 724.82313 729.21568 733.60823 738.00078 742.99273 749.59121 756.18969 762.78817 769.38665 775.98513 778.11339 768.86405 759.61471 750.36537 741.11603 731.86669 721.12547 708.24989 695.37432 682.49874 669.62317 656.74759 656.88013 663.83058 670.78102 677.73146 684.68191 691.63651 698.8781 706.12144 713.36478 720.60811 727.85145 731.25177 725.06908 718.8864 712.70371 706.52102 700.33833
-9999 776.61236 781.51191 786.41146 791.31101 796.21056 800.69269 799.71319 792.77488 785.83657 778.89826 771.95995 765.59863 760.85089 757.01708 750.16377 743.31046 736.45716 729.60385 726.15112 730.54367 734.93622 739.32877 743.72132 748.60691 751.42049 748.6448 755.24328 761.84176 768.44024 775.03872 776.2241 766.97476 757.72542 748.47608 739.22675 732.33078 724.39643 711.52086 698.64528 685.76971 672.89413 660.08167 650.83318 651.44972 658.40017 665.35061 672.30105 679.2515 686.45167 693.69501 700.93835 708.18169 714.23314 714.78506 708.60238 702.41969 696.237 690.05431 693.11673
-9999 779.46808 784.36763 789.26718 794.16673 798.43692 802.62046 801.64096 794.70265 787.76434 780.82603 774.84272 769.18149 764.43375 761.51533 758.59691 751.90933 745.05603 738.20272 734.74999 739.14254 743.53509 747.92764 753.17725 758.8947 761.70828 756.73876 751.76924 757.62899 764.22747 770.82595 772.01133 762.76199 753.51265 744.26331 738.57628 734.09579 726.16144 713.28587 700.41029 687.53471 674.74496 661.96716 652.71867 646.00736 643.74108 650.69152 657.64196 664.59241 671.79259 679.03592 686.27926 691.42985 693.92602 694.47795 688.29526 682.11257 675.92988 681.81087 690.48084
-9999 782.32381 787.22336 791.99762 796.18116 800.36469 804.54823 803.56873 796.63042 789.74805 784.08681 778.42558 772.76435 768.01661 765.0982 762.17978 759.26136 753.6549 746.80159 743.34886 747.74141 752.13396 757.74759 763.46504 769.18248 771.99606 767.02654 762.05703 757.08751 760.0147 766.61318 767.79856 758.54922 749.30227 744.82178 740.34129 735.8608 727.92645 715.05088 702.18606 689.40826 676.63046 663.85266 654.60417 647.89285 641.18154 636.03243 642.98288 649.93332 657.1335 664.37683 668.62656 671.12273 673.6189 674.17083 667.98814 661.83503 670.505 679.17498 687.84495
-9999 785.17953 789.74185 793.92539 798.10893 802.29247 806.476 805.4965 798.99214 793.33091 787.66968 782.00845 776.34722 771.59948 768.68106 765.76264 762.84422 759.9258 755.40046 751.94773 756.60048 762.31793 768.03537 773.75282 779.47027 782.28384 777.31433 772.34481 767.37529 762.40578 762.40041 763.58579 755.54777 751.06728 746.58679 742.1063 737.62581 729.69146 716.84935 704.07155 691.29375 678.51595 665.73815 656.48966 649.77835 643.06704 636.35572 629.64441 635.27423 642.47441 645.82327 648.31944 650.81561 653.31178 653.86371 650.52916 659.19914 667.86911 676.53909 685.20907
-9999 786.63492 790.81846 795.002 799.18553 803.36907 807.55261 806.6607 800.99946 795.33823 789.677 784.01577 778.35454 774.34661 771.42819 768.50978 765.59136 762.67294 759.75452 759.44746 765.16491 770.88235 776.5998 782.31724 788.03469 791.55438 786.58486 781.61534 776.64582 771.67631 766.70679 761.90431 757.42382 752.94332 748.46283 743.98234 739.50185 731.10329 718.32549 705.54769 692.76989 679.99209 667.21429 657.5474 650.83609 644.12477 637.41346 630.70214 623.99083 625.13019 627.62636 630.12253 632.6187 635.11487 640.16465 648.83462 657.5046 666.17458 674.84455 683.51453
-9999 782.13322 786.31676 790.5003 794.68383 798.86737 800.34042 798.34238 792.68115 787.01992 781.35869 775.69746 770.76468 767.81866 768.41561 765.77978 762.86136 759.94294 757.02453 756.71746 762.43491 768.15236 773.8698 779.58725 785.04111 788.86161 788.6289 784.21908 779.24957 774.28005 769.31053 764.50805 760.02756 755.54707 751.06657 746.58608 739.618 729.89663 717.11883 704.34103 691.56323 678.78543 664.67404 654.11933 646.46892 639.75761 633.04629 626.33498 619.62366 620.76302 623.2592 625.75537 628.25154 634.87069 644.63944 653.30942 661.97939 670.64937 679.31934 689.83523
-9999 777.63152 781.81506 785.9986 789.6702 790.84615 792.02211 790.02407 784.36284 778.70161 773.07731 768.36207 763.64682 760.7008 761.29775 761.8947 760.13137 757.21295 754.29453 753.98747 759.70491 765.42236 771.13981 776.49819 781.83094 785.65144 785.41873 785.18602 781.85331 776.88379 771.91427 767.11179 762.6313 758.15081 753.58126 745.9963 738.41134 728.68997 715.91217 703.13437 690.13899 675.95459 661.77018 651.21548 643.27012 635.39044 628.67913 621.96781 615.2565 616.39586 618.89203 621.3882 629.25953 639.34549 649.11423 657.78421 666.45418 675.28479 685.97302 696.66126
-9999 773.12983 777.31336 780.17593 781.35188 782.52784 783.7038 781.70576 776.04453 770.6747 765.95946 761.24421 756.52896 753.58294 754.17989 754.77684 755.37379 754.48295 751.56454 751.25747 756.97492 762.62252 767.95527 773.28802 778.62076 782.44126 782.20855 781.97584 781.74313 779.48753 774.51801 769.71553 765.23504 759.95957 752.3746 744.78964 737.20467 727.4833 714.7055 701.41954 687.23514 673.05073 658.86633 648.31163 640.36627 632.42091 624.47555 617.60065 610.88933 612.02869 614.52487 623.64837 633.73432 643.82028 653.58902 662.259 671.42258 682.11081 692.79905 703.48728
-9999 768.62813 770.68166 771.85762 773.03357 774.20953 775.38549 773.38745 768.27209 763.55684 758.8416 754.12635 749.41111 746.46508 747.06203 747.65898 748.25593 748.85288 748.83454 748.52748 754.0796 759.41235 764.74509 770.07784 775.41059 779.23108 778.99837 778.76566 778.53296 778.30025 777.12175 772.31927 766.33787 758.7529 751.16794 743.58298 735.99801 726.27664 712.70009 698.51569 684.33128 670.14688 655.96248 645.40777 637.46241 629.51705 621.5717 613.62634 606.52217 607.95126 618.03721 628.12316 638.20912 648.29507 658.06381 667.56037 678.24861 688.93684 699.62507 710.3133
-9999 761.17548 762.35144 763.52739 764.70335 765.87931 767.05527 765.28269 760.56744 755.8522 751.13695 746.42171 741.70646 739.18402 739.84519 740.44214 741.03909 741.63603 742.23298 744.26197 749.59471 754.92746 760.2602 765.59295 770.9257 777.07929 777.86831 777.6356 777.40289 777.17018 776.93747 774.19347 766.60851 759.02354 751.43858 743.85361 736.26865 729.93077 715.74637 701.56196 687.37756 673.19316 659.00875 647.55413 639.60877 631.66341 623.71806 615.7727 607.82734 617.03379 627.11974 637.20569 647.29165 657.3776 664.89644 673.969 684.65724 695.34547 706.0337 716.72193
-9999 752.81758 753.99354 755.16949 756.34545 757.06637 755.21192 753.1818 750.94895 746.78407 742.06882 737.35357 732.63833 730.11589 731.98467 732.99528 733.59223 734.18917 734.78612 736.81511 742.14785 747.4806 752.81334 758.14609 762.75095 768.63473 778.09317 781.33895 781.10624 780.87353 780.64082 777.89682 770.31186 762.72689 755.14193 747.30562 733.74611 726.82658 729.4065 718.43418 704.24978 690.06538 675.88097 663.88939 653.48999 645.54463 637.59927 629.65391 621.70855 633.37138 646.90898 656.99493 667.08089 677.16684 684.68568 683.31234 690.096 700.78423 711.47247 722.1607
-9999 744.45968 745.63564 746.81159 746.63552 744.78106 742.92661 740.89649 738.66364 736.43079 733.00069 728.28544 723.5702 721.04776 722.91654 724.78532 726.14537 726.74232 727.33926 729.36825 734.70099 740.03374 745.20622 749.7563 754.30638 760.19016 769.6486 779.10704 784.80958 784.57688 784.34417 781.60017 774.0152 766.43024 757.07935 743.51983 729.96032 723.04079 725.62071 728.20063 721.122 706.9376 692.75319 680.76161 670.34642 659.93123 651.48049 643.53513 635.58977 647.25259 662.30424 676.78418 686.87013 696.95608 704.47492 703.10158 701.72824 706.223 716.91123 727.59946
-9999 736.10178 737.27774 736.20467 734.35021 732.49575 730.6413 728.61118 726.37833 724.14548 721.91263 719.21731 714.50207 711.97963 713.84841 715.71719 717.58597 719.29546 719.89241 721.92139 727.25413 732.21158 736.76166 741.31174 745.86181 751.7456 761.20404 770.66248 780.12092 788.28022 788.04752 785.30352 777.71855 766.85308 753.29356 739.73405 726.17453 719.25501 721.83492 724.41484 726.99476 723.80982 709.62541 697.63383 687.21864 676.80345 666.38825 657.41635 649.47099 661.13381 676.18545 691.2371 706.28875 716.74532 724.26416 722.89082 721.51749 720.14415 722.35 733.03823
-9999 727.62827 725.77381 723.91936 722.0649 720.21044 718.35599 716.32587 714.09302 711.86017 709.62732 707.39447 705.16162 702.91149 704.78028 706.64906 708.51784 710.38662 712.25541 714.47453 719.21693 723.76701 728.31709 732.86717 737.41725 743.30103 752.75947 762.21791 771.67635 781.13479 790.59323 789.00687 776.6268 763.06729 749.50778 735.94826 722.38875 715.46922 718.04914 720.62906 723.20897 725.78889 726.49763 714.50605 704.09086 693.67567 683.26048 672.84528 663.3522 675.01502 690.06667 705.11832 720.16996 735.22161 744.0534 742.68006 741.30673 739.93339 738.56005 738.47699
-9999 722.03981 720.18535 718.3309 716.47644 714.62198 711.63534 706.61664 704.38379 702.15094 699.91809 697.68524 695.65872 696.87485 698.94008 700.80886 702.67765 704.54643 706.41521 709.09478 713.64486 718.19494 722.74501 727.29509 731.84517 736.4231 741.77618 751.23462 760.69306 770.1515 779.60994 781.2062 767.64668 754.08717 740.52765 726.96814 714.39722 712.09792 714.67784 717.25776 719.83767 722.41759 723.80024 723.76208 714.59758 704.18239 693.76719 683.352 672.93681 684.23568 699.28732 714.33897 729.39062 744.44226 753.41662 752.04328 750.66994 749.29661 747.92327 749.78963
-9999 721.50291 719.64845 717.794 715.93954 711.3018 703.8693 698.8506 696.61775 694.3849 692.15205 690.97618 691.61717 692.8333 695.2012 697.40356 699.27234 701.14112 703.00991 705.68947 710.23955 714.78963 719.33971 724.34583 730.5657 735.14637 735.33355 738.33631 747.79475 757.25319 766.71163 768.30789 754.74837 741.18886 727.62935 717.04837 711.33857 709.03928 711.61919 714.19911 716.77903 717.18318 715.55015 715.51199 716.62036 709.88749 699.4723 689.0571 678.64191 689.94078 704.99243 720.04407 734.77051 746.28666 754.91529 753.54195 752.16862 750.79528 754.90874 765.37667
-9999 720.96601 719.11155 717.25709 710.96827 703.53576 696.10326 691.08456 688.85171 686.61886 686.29364 686.93462 687.57561 688.79174 691.15964 693.52754 695.86704 697.73582 699.6046 702.28417 706.83425 711.38432 716.84922 723.0691 729.28898 733.86965 734.05683 734.24401 734.89644 744.35488 753.81332 755.40958 741.85007 728.29055 719.69953 713.98973 708.27993 705.98063 708.56055 711.14047 710.56612 708.93308 707.30005 707.26189 708.37026 709.47863 705.1774 694.76221 684.34701 695.64588 710.69753 724.75304 736.26918 747.78533 756.41397 755.04063 753.66729 760.02785 770.49578 780.96371
-9999 720.42911 718.06724 710.63474 703.20223 695.76972 688.33722 683.31852 681.08567 681.6111 682.25208 682.89307 683.53406 684.75019 687.11809 689.48599 691.85389 694.22178 696.19929 698.87886 703.42894 709.35262 715.5725 721.79238 728.01225 732.59292 732.7801 732.96728 733.15446 733.34164 740.91501 742.51127 728.95176 722.35069 716.64088 710.93108 705.22128 702.92199 705.5019 703.94905 702.31602 700.68299 699.04995 699.01179 700.12016 701.22853 702.3369 700.46731 690.05212 701.35098 714.73557 726.25171 737.76786 749.284 757.91264 756.5393 765.14696 775.61489 786.08282 796.55075
-9999 717.73371 710.3012 702.86869 695.43619 688.00368 680.57118 676.28757 676.92856 677.56954 678.21053 678.85152 679.4925 680.70864 683.07653 685.44443 687.81233 690.18023 692.54813 695.63614 701.85601 708.07589 714.29577 720.51565 726.73553 731.3162 731.50338 731.69056 731.87773 732.06491 732.25209 730.71164 725.00184 719.29204 713.58224 707.87244 702.16264 698.96502 697.33199 695.69896 694.06592 692.43289 690.79986 690.76169 691.87006 692.97844 694.08681 695.19518 695.75722 704.7181 716.23424 727.75039 739.26653 750.78267 759.79814 770.26607 780.734 791.20193 801.66986 812.13779
-9999 715.49667 708.06416 700.63165 693.19915 685.76664 677.47197 669.35071 665.15847 665.79945 666.44044 667.08143 667.72241 669.32458 672.54635 674.91424 677.28214 679.65004 682.01794 685.55062 691.7705 697.99037 704.21025 710.43013 716.47732 725.24923 738.52813 738.71531 738.90249 739.08967 739.27685 737.44981 731.74001 726.03021 720.32041 714.6106 710.76262 707.37892 703.14829 701.51526 699.88222 698.24919 696.61616 698.65868 701.32092 702.42929 703.53766 704.64603 705.7544 705.22091 714.93915 726.45529 737.97143 749.48758 759.32256 764.79077 775.2587 785.72663 796.19456 806.66249
-9999 714.31929 706.88678 699.45428 692.02177 683.2646 674.26958 666.14833 659.0355 652.54814 653.18913 653.83012 654.4711 656.07327 659.60024 663.12722 665.50837 667.87627 670.24416 673.77684 679.99672 686.2166 692.43648 698.34471 704.05884 712.83075 729.79827 746.76579 747.51827 747.70545 747.89263 746.06559 740.35579 734.64599 728.93619 726.1069 724.41554 721.03185 715.22704 710.02746 708.39443 706.7614 705.12836 707.17088 711.85571 715.27264 716.38101 717.48938 718.59775 718.06426 717.24701 724.62475 736.1409 747.65704 757.49202 761.50366 765.74667 776.2146 786.68253 797.15046
