P2_models/J1_p2_tot_conduct_slide_2.19.dat.tif
NCOLS 118
NROWS 92
XLLCORNER 139.62
YLLCORNER -39.07
DX 0.099491525
DY 0.099347826
NODATA_VALUE -9999
[rows 0 to 24 of 92, columns 57 to 113 of 118]
-1.6604674 -1.5500534 -1.4008161 -1.162404 -0.96865739 -0.80269629 -0.70844116 -0.73879501 -0.79225583 -0.96099292 -1.1235507 -1.2590933 -1.3745103 -1.3784444 -1.3657993 -1.2497259 -1.1630852 -1.0359571 -0.9879871 -0.9334485 -0.93736957 -0.92844301 -0.89808872 -0.83304413 -0.70979826 -0.55788627 -0.39206706 -0.28268697 -0.18476518 -0.24984117 -0.36441329 -0.59093478 -0.86652551 -1.1717618 -1.389556 -1.631044 -1.7129949 -1.758628 -1.7446451 -1.6871738 -1.6403543 -1.620862 -1.5859922 -1.5947391 -1.603973 -1.6156779 -1.5976996 -1.5625849 -1.5012558 -1.4629784 -1.4278637 -1.4389716 -1.4623814 -1.5223509 -1.5677609 -1.5677609 -1.4752773
-1.4017201 -1.3974583 -1.2918488 -1.1630739 -1.0360274 -0.95164738 -0.92334903 -1.0298061 -1.0964311 -1.2482579 -1.4140434 -1.527367 -1.5915805 -1.5659913 -1.4716363 -1.3238411 -1.1721368 -0.99852242 -0.91642732 -0.81431386 -0.81431386 -0.79147933 -0.76479978 -0.7169007 -0.60609392 -0.45383736 -0.29888345 -0.18349268 -0.079721637 -0.13439501 -0.22656656 -0.43867527 -0.6750337 -0.98441475 -1.2439786 -1.4758401 -1.5935705 -1.6772195 -1.675743 -1.6538736 -1.6295573 -1.6479557 -1.6346016 -1.6564768 -1.6933412 -1.7147442 -1.7023015 -1.6671868 -1.5799746 -1.527545 -1.4787805 -1.4695681 -1.4730786 -1.5227503 -1.5641168 -1.5662423 -1.4658385
-1.2585883 -1.3070439 -1.27388 -1.2298492 -1.1670125 -1.164311 -1.1800202 -1.2901389 -1.4227943 -1.5981992 -1.7596594 -1.8486782 -1.8948817 -1.8174994 -1.6860604 -1.4926047 -1.2895749 -1.0850645 -0.95309656 -0.8353257 -0.81229269 -0.79227585 -0.77016663 -0.72435994 -0.6365733 -0.50884764 -0.35961035 -0.23833817 -0.13102926 -0.14858659 -0.21556083 -0.39796196 -0.62856631 -0.90948355 -1.1458202 -1.3741868 -1.501546 -1.5945919 -1.6121492 -1.6149239 -1.603219 -1.6296843 -1.6623034 -1.7149754 -1.7608727 -1.7959874 -1.7830216 -1.747907 -1.6478289 -1.5588807 -1.4886514 -1.4514786 -1.4456261 -1.4901065 -1.5251589 -1.5310113 -1.4206617
-1.3144715 -1.3817728 -1.3980648 -1.3877645 -1.3719173 -1.4060253 -1.459436 -1.5959166 -1.7456747 -1.9210796 -2.0816337 -2.1549433 -2.1965936 -2.1031244 -1.960276 -1.7409743 -1.5231635 -1.3023879 -1.1640888 -1.0216029 -0.98843904 -0.96850543 -0.96850543 -0.93015562 -0.86010591 -0.74541027 -0.60797992 -0.4780835 -0.36698035 -0.36375728 -0.39210169 -0.52214674 -0.72324594 -0.96536671 -1.1729027 -1.3866053 -1.4919492 -1.5821734 -1.608659 -1.6271685 -1.628056 -1.6768823 -1.7183378 -1.800272 -1.8478021 -1.8926027 -1.8720494 -1.8286271 -1.7010532 -1.6085546 -1.4913908 -1.4160269 -1.389743 -1.4128624 -1.4444387 -1.4502912 -1.3462234
-1.4404239 -1.5260239 -1.5564813 -1.5796055 -1.5848419 -1.6344628 -1.7130087 -1.842975 -2.0143215 -2.1674791 -2.3230822 -2.3836933 -2.4128004 -2.3156932 -2.1708109 -1.945742 -1.7244679 -1.492321 -1.3327165 -1.2021193 -1.1747162 -1.1504789 -1.1541304 -1.1357456 -1.0732991 -0.9660013 -0.83887324 -0.70292045 -0.58259504 -0.55918527 -0.55901295 -0.67383152 -0.83272284 -1.0492632 -1.234669 -1.4256724 -1.5337835 -1.6146957 -1.6453047 -1.6771753 -1.6888802 -1.7458429 -1.80419 -1.8885125 -1.9568973 -2.0037169 -1.9802219 -1.92755 -1.7847149 -1.6547912 -1.5197186 -1.4036084 -1.3567888 -1.3599208 -1.3784265 -1.3827727 -1.2890359
-1.661688 -1.7495565 -1.7993022 -1.8285036 -1.8494492 -1.9001621 -1.9682353 -2.0881213 -2.2254356 -2.3593763 -2.4845224 -2.5264136 -2.5369852 -2.4319664 -2.2825772 -2.0725395 -1.856475 -1.6409101 -1.4964771 -1.375978 -1.3538688 -1.3367561 -1.3478107 -1.3344412 -1.2876217 -1.1833247 -1.0561966 -0.9145629 -0.78129069 -0.73094539 -0.72666241 -0.80957201 -0.95558859 -1.1428668 -1.321024 -1.493974 -1.6051704 -1.6912669 -1.732234 -1.7660326 -1.7944372 -1.8555074 -1.9221656 -2.0099522 -2.0810821 -2.1279016 -2.1033852 -2.0455255 -1.8872871 -1.7329042 -1.5631833 -1.4392252 -1.3443704 -1.3299717 -1.3265327 -1.3206803 -1.2305557
-1.9370965 -2.0320497 -2.0817954 -2.1143936 -2.1204823 -2.1671594 -2.1849886 -2.2161852 -2.330634 -2.4513257 -2.4905211 -2.5181962 -2.4842882 -2.377012 -2.2228218 -2.0260322 -1.8207074 -1.6400756 -1.5095341 -1.4265555 -1.4101376 -1.4211922 -1.4362532 -1.4289978 -1.3791163 -1.2773668 -1.1409028 -0.99749437 -0.8494258 -0.79196478 -0.77639067 -0.85644022 -1.0004233 -1.1920108 -1.3659221 -1.5622757 -1.6817939 -1.7942765 -1.8445191 -1.8851223 -1.9143845 -1.9621587 -2.029421 -2.1119102 -2.1731066 -2.2164554 -2.1900496 -2.147052 -2.0052626 -1.8406895 -1.6709686 -1.5470105 -1.4123366 -1.3389934 -1.328761 -1.3070504 -1.2059836
-2.2179457 -2.3097603 -2.359506 -2.3686481 -2.3686481 -2.3502685 -2.3555049 -2.356885 -2.3955761 -2.4091586 -2.4310257 -2.4123674 -2.3729792 -2.2618353 -2.123621 -1.9356926 -1.769187 -1.5978405 -1.4990364 -1.4251973 -1.4407762 -1.4562941 -1.4793103 -1.4720548 -1.4193828 -1.3066534 -1.1684707 -1.0142131 -0.864993 -0.79476369 -0.78192477 -0.85930707 -1.0142752 -1.2132582 -1.4263649 -1.624999 -1.7810738 -1.8991944 -1.9577189 -1.9936142 -2.0228764 -2.0565269 -2.1048893 -2.1690229 -2.2279611 -2.2689282 -2.2701047 -2.2291376 -2.1097356 -1.9570957 -1.7873749 -1.6492762 -1.5088176 -1.4147485 -1.353354 -1.3182393 -1.2177049
-2.4663153 -2.5567957 -2.5954869 -2.59376 -2.5611345 -2.5144574 -2.461062 -2.4107661 -2.3831576 -2.3363497 -2.3192594 -2.2511862 -2.1929113 -2.0657832 -1.9283468 -1.7618339 -1.6086983 -1.4674465 -1.3802045 -1.3258495 -1.353486 -1.375574 -1.4087378 -1.4037532 -1.3510812 -1.2361405 -1.0939599 -0.93643633 -0.78427289 -0.71404358 -0.70241486 -0.79637908 -0.96363541 -1.1946305 -1.4353508 -1.6622544 -1.8495326 -1.9799145 -2.0494596 -2.076678 -2.0849688 -2.0877853 -2.1110986 -2.1462132 -2.1969517 -2.2437712 -2.2668121 -2.2601838 -2.1986702 -2.068862 -1.950798 -1.8146814 -1.6702578 -1.5332482 -1.4527018 -1.3560961 -1.2529405
-2.6487537 -2.7325251 -2.7651644 -2.7371703 -2.6925644 -2.6020515 -2.5280106 -2.4187557 -2.352428 -2.2638488 -2.2054389 -2.1133665 -2.0279153 -1.8950201 -1.7484946 -1.5808465 -1.4324237 -1.298994 -1.2298132 -1.1755194 -1.2073484 -1.2383324 -1.2777718 -1.2887206 -1.2458262 -1.1422273 -0.99993638 -0.85022799 -0.69584309 -0.6261037 -0.62415676 -0.72496377 -0.91491143 -1.1601028 -1.4329401 -1.6805348 -1.8841295 -2.0338205 -2.1020643 -2.1019248 -2.0972391 -2.0461957 -2.0439823 -2.0420941 -2.0817252 -2.1261805 -2.1948893 -2.2100804 -2.2395529 -2.1576019 -2.0804183 -2.0076965 -1.8644659 -1.6973469 -1.5730355 -1.4487617 -1.3083529
-2.7878153 -2.8581234 -2.8802326 -2.8438854 -2.7705759 -2.666898 -2.5516973 -2.4323523 -2.3107515 -2.2113475 -2.1126749 -2.0079469 -1.8932826 -1.7550999 -1.5982591 -1.4269126 -1.2698657 -1.131683 -1.0615088 -1.0012774 -1.0321588 -1.0716643 -1.1158828 -1.1409434 -1.1175337 -1.0314021 -0.90427406 -0.76191519 -0.6182437 -0.55386683 -0.54945386 -0.66 -0.85498162 -1.124194 -1.4040453 -1.6841641 -1.8961471 -2.059851 -2.1242278 -2.1183342 -2.0773671 -2.0027943 -1.933331 -1.9064285 -1.9078592 -1.9488263 -2.0191792 -2.1011134 -2.1855586 -2.2250965 -2.2133916 -2.1719062 -2.0665622 -1.8913352 -1.7145577 -1.5448369 -1.39292
-2.8133972 -2.8758887 -2.8740234 -2.8330847 -2.7519482 -2.6427332 -2.5206511 -2.4047731 -2.2859145 -2.1910323 -2.0940534 -1.9997983 -1.8859772 -1.7367399 -1.5716181 -1.3772387 -1.1989336 -1.0323352 -0.95120498 -0.85846487 -0.87504679 -0.91169315 -0.98354814 -1.0238343 -1.0430228 -0.98647717 -0.89185558 -0.76956274 -0.63687142 -0.57576209 -0.56968809 -0.66 -0.84783151 -1.1055663 -1.3854175 -1.6655364 -1.8879292 -2.0536417 -2.1180186 -2.0927893 -2.0276932 -1.8988677 -1.802937 -1.7034454 -1.6967451 -1.7120026 -1.7990066 -1.9024177 -2.0856674 -2.1443764 -2.2474959 -2.2788718 -2.2217932 -2.0516075 -1.8759979 -1.6626918 -1.484267
-2.8295353 -2.8553588 -2.8458149 -2.7847491 -2.6993721 -2.5852196 -2.4698832 -2.3834484 -2.267375 -2.1726763 -2.1143116 -2.0200565 -1.9380968 -1.7891352 -1.6242812 -1.4181433 -1.21731 -1.0079439 -0.88616422 -0.75777872 -0.77436065 -0.7891388 -0.86099379 -0.96544199 -1.0069552 -0.96705461 -0.9308772 -0.82519453 -0.72717374 -0.66864932 -0.64961336 -0.73064538 -0.84501228 -1.0962461 -1.3732708 -1.6339467 -1.8563395 -2.03123 -2.0985238 -2.0800991 -1.9981649 -1.8362318 -1.7017074 -1.6022158 -1.4937828 -1.4865714 -1.5471248 -1.6578019 -1.8740098 -2.0376245 -2.184558 -2.2567115 -2.3001905 -2.1809146 -1.9906417 -1.7671968 -1.5865836
-2.7674429 -2.7865221 -2.7588855 -2.6952523 -2.6062336 -2.5072824 -2.4077909 -2.3297447 -2.2549565 -2.2129854 -2.1723938 -2.1200299 -2.0452934 -1.9071108 -1.7310103 -1.4988634 -1.2628819 -1.0141531 -0.84855356 -0.69568633 -0.69211529 -0.70560274 -0.81062157 -0.91576808 -1.021112 -1.0433254 -1.0488527 -0.96887974 -0.88240472 -0.80113622 -0.76578317 -0.79894701 -0.91331391 -1.0947396 -1.3425383 -1.590482 -1.8183515 -1.9979619 -2.0798961 -2.0614714 -1.9795372 -1.8018109 -1.6271474 -1.4340168 -1.2960127 -1.2257834 -1.2726854 -1.3721769 -1.6162023 -1.84526 -2.0852101 -2.2258927 -2.3312367 -2.2434351 -2.0947899 -1.8665446 -1.667249
-2.6770557 -2.6849884 -2.6436614 -2.5825956 -2.4961181 -2.4214615 -2.3343805 -2.3035142 -2.246728 -2.2870906 -2.2652169 -2.2708587 -2.2054431 -2.0929939 -1.9063178 -1.664468 -1.3870904 -1.1165648 -0.94279074 -0.72930675 -0.70167021 -0.72375656 -0.85149114 -0.9819168 -1.1242303 -1.2066682 -1.2347359 -1.1870758 -1.1040079 -1.0107022 -0.91570106 -0.88988451 -0.94975988 -1.0894747 -1.2809937 -1.518897 -1.7471422 -1.9284035 -2.0408546 -2.0715176 -2.0061812 -1.8184643 -1.6204166 -1.3507016 -1.2049937 -1.0480628 -0.97797303 -1.0469391 -1.2683287 -1.5138945 -1.8045258 -2.0730203 -2.2208087 -2.2461864 -2.1035942 -1.9100543 -1.7036934
-2.5885417 -2.5840033 -2.5342576 -2.4662392 -2.3824568 -2.3194099 -2.2513367 -2.2454436 -2.234389 -2.2966988 -2.3446763 -2.3679927 -2.362169 -2.2627544 -2.1046579 -1.8559291 -1.568422 -1.2644201 -1.0329606 -0.80920679 -0.77191251 -0.7744031 -0.90530459 -1.0644712 -1.234192 -1.3509232 -1.4227782 -1.3894015 -1.3300767 -1.2130278 -1.0784525 -1.0228986 -1.0049116 -1.0868458 -1.2364421 -1.4311095 -1.661173 -1.8593485 -1.9939547 -2.0784221 -2.0433074 -1.8700608 -1.6566909 -1.3585007 -1.1069404 -0.89941592 -0.72639921 -0.72054677 -0.90926462 -1.1684408 -1.4903252 -1.804653 -2.0446032 -2.1315693 -2.0913014 -1.9215805 -1.7391327
-2.4762591 -2.4647859 -2.4150402 -2.3481468 -2.2696008 -2.2148046 -2.1718585 -2.1866322 -2.2145194 -2.3103386 -2.3910386 -2.4591118 -2.4813864 -2.4261133 -2.2856436 -2.0645513 -1.7773909 -1.4631157 -1.215907 -0.9747865 -0.91951343 -0.90686686 -1.0284676 -1.1855207 -1.3903561 -1.5223947 -1.628097 -1.6032477 -1.5552651 -1.4091028 -1.2639017 -1.1312464 -1.0745963 -1.0537299 -1.1689448 -1.3118921 -1.5459898 -1.7531933 -1.9638812 -2.0742102 -2.1095393 -1.9513054 -1.7560387 -1.4048922 -1.1040816 -0.74708259 -0.52086623 -0.38938735 -0.52169231 -0.74673063 -1.0861723 -1.4370547 -1.7730525 -1.9567835 -1.9939563 -1.9120221 -1.7274957
-2.3702659 -2.3563742 -2.3119792 -2.2495584 -2.1840758 -2.1372471 -2.1065718 -2.1350191 -2.1743329 -2.2728262 -2.385992 -2.4628243 -2.5357695 -2.500396 -2.4065118 -2.2197835 -1.9641196 -1.6843276 -1.4371525 -1.196032 -1.1377577 -1.0917219 -1.2008842 -1.3168236 -1.5085912 -1.6489341 -1.7636998 -1.7443872 -1.7179004 -1.5645889 -1.4156241 -1.2588519 -1.1129496 -1.0597992 -1.1571128 -1.2182155 -1.4485588 -1.6592467 -1.8910826 -2.0195571 -2.1359507 -2.0437329 -1.8553866 -1.5002876 -1.1361002 -0.7246988 -0.46447448 -0.17769789 -0.1970818 -0.40689548 -0.73484595 -1.0775728 -1.489504 -1.7870683 -1.8796035 -1.8412413 -1.6917299
-2.2635879 -2.2631363 -2.2244452 -2.182342 -2.1247416 -2.0886845 -2.0625025 -2.088708 -2.1329265 -2.2485938 -2.3716615 -2.4877495 -2.5892165 -2.5947438 -2.5501323 -2.3953677 -2.1878313 -1.9225206 -1.6753454 -1.4401548 -1.3442998 -1.273716 -1.3510269 -1.4523943 -1.6279675 -1.75836 -1.8744335 -1.8789454 -1.8530872 -1.6950712 -1.5353469 -1.3474185 -1.1914279 -1.0802315 -1.0894954 -1.1422945 -1.343518 -1.5692408 -1.8267483 -2.0260219 -2.1664806 -2.0907918 -1.9547059 -1.5899751 -1.1851396 -0.72279663 -0.33711295 -0.021081044 0.0030334608 -0.11481269 -0.43084459 -0.80700396 -1.2342323 -1.5629907 -1.7737416 -1.7854465 -1.6324882
-2.1500299 -2.1602934 -2.1623528 -2.1342274 -2.1061139 -2.0700568 -2.0438748 -2.063744 -2.1018803 -2.2048793 -2.3219876 -2.4528975 -2.5611599 -2.6330149 -2.6170644 -2.5505987 -2.3784377 -2.1708901 -1.9348994 -1.7257798 -1.5986517 -1.5158764 -1.5158764 -1.5923219 -1.7024784 -1.8222322 -1.9241074 -1.9434765 -1.927598 -1.7945473 -1.6541742 -1.4716033 -1.2968525 -1.1485331 -1.1120819 -1.1298761 -1.2820396 -1.49473 -1.7623614 -1.9885628 -2.1664806 -2.145033 -2.0416352 -1.7138985 -1.3155336 -0.8259865 -0.39382797 -0.027290283 0.085048015 -0.0092556231 -0.26708345 -0.63314527 -1.0603736 -1.4365563 -1.6619753 -1.7250975 -1.5828143
-2.0066033 -2.0556059 -2.0767699 -2.0933714 -2.0894678 -2.0797443 -2.0606613 -2.0628133 -2.0959771 -2.1986089 -2.2829319 -2.4138418 -2.5194955 -2.5957182 -2.6428321 -2.6129125 -2.5124323 -2.378405 -2.1922091 -2.0114048 -1.8842767 -1.7544973 -1.7513943 -1.6920293 -1.7691775 -1.8648885 -1.9417688 -1.954217 -1.98002 -1.8629712 -1.7756892 -1.6047215 -1.4567653 -1.2925629 -1.2476322 -1.1847062 -1.3368697 -1.4770689 -1.7361116 -1.9441674 -2.1550548 -2.1910452 -2.1250252 -1.7972884 -1.4594123 -0.98430785 -0.57104265 -0.16386915 -0.0061068764 -0.029158035 -0.25530425 -0.58670505 -0.97546851 -1.3334856 -1.6051943 -1.6808274 -1.547298
-1.9072555 -1.9800779 -2.0519329 -2.094332 -2.1205139 -2.120808 -2.1103352 -2.1079891 -2.1083956 -2.1753811 -2.2501643 -2.365365 -2.4810086 -2.6081366 -2.6921969 -2.730888 -2.6917384 -2.6143561 -2.4624206 -2.2970298 -2.1272045 -1.9757525 -1.8817883 -1.8224234 -1.8165709 -1.8623407 -1.9231411 -1.9722602 -2.0130536 -1.9837914 -1.9188086 -1.7972079 -1.6492517 -1.4795309 -1.3768898 -1.2902633 -1.361569 -1.4826725 -1.7050654 -1.9264528 -2.1488456 -2.2052184 -2.210275 -1.9703249 -1.6533397 -1.2202589 -0.80328198 -0.39361099 -0.2060546 -0.15281465 -0.30497816 -0.59363255 -0.95063156 -1.2993529 -1.5623514 -1.6559905 -1.5361117
-1.8269729 -1.9318841 -2.0572826 -2.1362391 -2.1980316 -2.213442 -2.2140273 -2.1945249 -2.1862609 -2.1969483 -2.2559126 -2.339695 -2.4602012 -2.6022843 -2.724563 -2.8182798 -2.8395745 -2.8082048 -2.6653919 -2.5428731 -2.3383627 -2.1579536 -1.9696828 -1.8735481 -1.8027842 -1.8198378 -1.8651914 -1.9646735 -2.0244358 -2.0418182 -2.0789102 -2.0274275 -1.8954983 -1.7415259 -1.6029035 -1.499194 -1.4816366 -1.5958071 -1.7650705 -1.9543925 -2.1740145 -2.2803403 -2.3167975 -2.1870803 -1.8726087 -1.5199113 -1.1644327 -0.77150547 -0.5478156 -0.48528929 -0.55544521 -0.71463265 -1.0131768 -1.2680846 -1.5232155 -1.612688 -1.5429223
-1.7436798 -1.9043685 -2.0541919 -2.1873501 -2.2711324 -2.3102314 -2.3207042 -2.2919334 -2.2698241 -2.254648 -2.2705618 -2.3386085 -2.434505 -2.5753709 -2.7239302 -2.8425758 -2.9232561 -2.9343107 -2.8365518 -2.733333 -2.517899 -2.3022304 -2.0886591 -1.9022253 -1.7963116 -1.7753976 -1.8030341 -1.9179085 -2.0210294 -2.0971112 -2.2104402 -2.1903872 -2.120795 -1.9803363 -1.8408405 -1.7100462 -1.6689301 -1.7039949 -1.8450667 -1.9977462 -2.2142866 -2.3368018 -2.4174551 -2.3200442 -2.1145108 -1.8012187 -1.5038906 -1.1351867 -0.89882738 -0.7743667 -0.80026907 -0.84049949 -1.0628923 -1.2542757 -1.4491287 -1.535708 -1.5146157
-1.7017419 -1.8857407 -2.0902511 -2.2399547 -2.3708646 -2.4173853 -2.4383309 -2.4024241 -2.3567535 -2.3186132 -2.301608 -2.3434992 -2.4158773 -2.5485326 -2.692884 -2.8476486 -2.9432334 -3.0150308 -2.9420187 -2.8575178 -2.6308982 -2.4015782 -2.1417948 -1.9270623 -1.751489 -1.716549 -1.7285232 -1.8576993 -1.9899832 -2.1498674 -2.2787419 -2.3340149 -2.2917505 -2.1976597 -2.0544732 -1.9149511 -1.8447218 -1.8442095 -1.9319961 -2.0807149 -2.2701698 -2.4059039 -2.5105937 -2.4637741 -2.3147321 -2.0806344 -1.7950163 -1.4766949 -1.2241849 -1.062628 -0.98654624 -0.99817635 -1.0753108 -1.2052697 -1.3354414 -1.4115232 -1.4069968
