P2_models/J1_p2__temp2_slide_200.dat.tif
NCOLS 118
NROWS 92
XLLCORNER 139.62
YLLCORNER -39.07
DX 0.099491525
DY 0.099347826
NODATA_VALUE -9999
[rows 0 to 26 of 92, columns 0 to 59 of 118]
-9999 -9999 -9999 -9999 -9999 -9999 -9999 -9999 -9999 -9999 -9999 -9999 -9999 -9999 -9999 -9999 -9999 -9999 -9999 -9999 -9999 -9999 -9999 -9999 -9999 -9999 -9999 -9999 -9999 -9999 -9999 -9999 -9999 -9999 -9999 -9999 -9999 -9999 -9999 -9999 -9999 -9999 -9999 -9999 -9999 -9999 -9999 -9999 -9999 -9999 -9999 -9999 -9999 -9999 -9999 -9999 -9999 -9999 -9999 -9999
-9999 1057.7338 1056.3086 1054.8835 1053.4583 1052.0331 1051.8457 1051.322 1055.3497 1064.8523 1074.3549 1083.8575 1093.36 1098.4054 1095.442 1093.5301 1091.6182 1089.7063 1087.7944 1085.337 1081.621 1077.905 1074.189 1070.473 1068.0839 1074.5283 1083.6752 1094.3114 1104.9475 1115.5837 1126.2198 1128.6695 1115.3383 1102.0071 1088.6759 1075.3448 1069.3311 1075.6289 1069.4715 1062.6409 1055.8103 1048.9797 1042.1491 1045.5319 1061.6858 1079.5734 1097.4609 1115.3484 1133.2359 1142.5051 1159.2929 1176.0806 1192.8684 1209.6562 1220.9581 1216.0325 1215.0244 1214.0164 1213.0083 1212.0003
-9999 1057.9416 1056.5164 1055.0913 1053.6661 1054.4413 1056.5949 1056.0712 1052.4576 1052.9571 1062.4596 1071.9622 1081.4648 1086.5102 1082.6297 1079.1777 1077.2658 1075.3539 1073.442 1070.9845 1067.2685 1063.5525 1059.8365 1059.8184 1065.6552 1072.0997 1080.1726 1088.7367 1099.3729 1110.009 1120.6452 1123.0949 1109.7637 1096.4325 1083.1013 1083.3871 1097.7591 1104.0569 1098.8034 1092.9718 1086.1412 1079.3106 1072.48 1075.8628 1086.588 1101.4113 1119.2988 1137.1863 1155.0738 1163.9324 1171.2304 1186.8632 1203.651 1220.4387 1231.7406 1224.04 1218.0103 1217.0022 1215.9941 1214.9861
-9999 1058.1494 1056.7243 1055.2991 1057.037 1059.1906 1061.3442 1060.8205 1057.2068 1053.5931 1050.5644 1060.067 1069.5696 1074.6149 1070.7344 1066.8539 1062.9734 1061.0014 1059.0895 1056.6321 1052.9161 1049.2001 1051.5529 1057.3897 1063.2266 1069.671 1077.744 1085.817 1093.89 1104.4344 1115.0705 1117.5202 1104.189 1090.8578 1097.4431 1111.8151 1126.1871 1132.4849 1127.2314 1121.9779 1116.4721 1109.6415 1102.8109 1106.1937 1116.9189 1127.6441 1141.1367 1159.0242 1176.9117 1185.7702 1193.0683 1200.3664 1214.4335 1231.2213 1242.5232 1234.8225 1227.1219 1219.988 1218.9799 1217.9719
-9999 1058.3572 1057.4791 1059.6327 1061.7862 1063.9398 1066.0934 1065.5697 1061.956 1058.3424 1054.7287 1051.115 1057.6743 1062.7197 1058.8392 1054.9587 1051.0782 1047.1977 1044.7371 1042.2796 1038.5636 1043.2874 1049.1243 1054.9611 1060.7979 1067.2424 1075.3154 1083.3883 1091.4613 1099.5343 1109.4959 1111.9456 1098.6144 1111.4991 1125.8711 1140.2431 1154.615 1160.9128 1155.6593 1150.4058 1145.1523 1139.8988 1133.1418 1136.5246 1147.2498 1157.975 1168.7002 1180.8621 1198.7496 1207.6081 1214.9062 1222.2043 1229.5023 1242.0038 1253.3057 1245.6051 1237.9044 1230.2038 1222.5031 1220.9577
-9999 1060.0747 1062.2283 1064.3819 1066.5355 1068.6891 1070.8427 1070.3189 1066.7053 1063.0916 1059.4779 1055.8643 1052.2506 1050.8244 1046.9439 1043.0634 1039.1829 1035.3024 1031.4219 1029.1851 1035.022 1040.8588 1046.6956 1052.5325 1058.3693 1064.8137 1072.8867 1080.9597 1089.0327 1097.1057 1105.1786 1111.1831 1125.5551 1139.9271 1154.2991 1168.671 1183.043 1189.3408 1184.0873 1178.8338 1173.5803 1168.3268 1163.0733 1166.8555 1177.5807 1188.3059 1199.0311 1209.7563 1220.5875 1229.446 1236.7441 1244.0422 1251.3402 1258.6383 1264.0883 1256.3876 1248.687 1240.9863 1233.2857 1225.585
-9999 1060.6352 1062.7888 1064.9424 1067.096 1069.2495 1071.4256 1070.9225 1067.3088 1063.6951 1060.0815 1056.4678 1053.2021 1050.8559 1048.9169 1045.0364 1041.1559 1037.2754 1033.3949 1032.4527 1038.2896 1044.1264 1049.9632 1055.8001 1061.8564 1065.634 1064.473 1072.546 1080.6189 1088.6919 1096.7649 1106.9894 1121.3614 1135.7333 1150.1053 1164.4773 1183.9496 1196.3306 1191.0771 1185.8236 1180.5701 1175.3166 1173.5903 1174.0178 1180.0409 1190.7661 1201.4913 1212.2165 1222.9417 1230.7448 1238.0428 1245.3409 1252.639 1258.6663 1258.6772 1250.9766 1243.2759 1235.5753 1227.8746 1223.3521
-9999 1060.532 1062.6856 1064.8392 1066.9928 1069.1802 1071.3723 1070.8692 1067.2555 1063.6419 1060.0282 1056.9905 1054.147 1051.8007 1050.4503 1049.0999 1045.3259 1041.4454 1037.5649 1036.6228 1042.4596 1048.2965 1054.1333 1060.3516 1066.7781 1070.5557 1067.2337 1063.9117 1071.257 1079.33 1087.4029 1097.6275 1111.9994 1126.3714 1140.7434 1162.8358 1187.5431 1199.9241 1194.6706 1189.4171 1184.1636 1183.7063 1183.917 1184.3444 1184.9278 1188.8109 1199.5361 1210.2613 1220.9864 1228.7895 1236.0876 1243.3856 1248.4526 1250.6898 1250.7006 1243 1235.2994 1227.5987 1224.045 1221.4501
-9999 1060.4289 1062.5825 1064.7428 1066.9349 1069.1269 1071.319 1070.8159 1067.2023 1063.6223 1060.7788 1057.9353 1055.0918 1052.7456 1051.3952 1050.0447 1048.6943 1045.6155 1041.735 1040.7929 1046.6297 1052.4666 1058.8468 1065.2733 1071.6998 1075.4774 1072.1554 1068.8334 1065.5114 1069.968 1078.041 1088.2655 1102.6375 1117.0146 1141.7219 1166.4292 1191.1365 1203.5175 1198.264 1193.6117 1193.8223 1194.033 1194.2436 1194.6711 1195.2544 1195.8378 1197.5808 1208.306 1219.0312 1226.8343 1234.1323 1238.2389 1240.4761 1242.7132 1242.7241 1235.0234 1227.3329 1224.738 1222.143 1219.5481
-9999 1060.3257 1062.4975 1064.6895 1066.8816 1069.0737 1071.2658 1070.7627 1067.4107 1064.5672 1061.7237 1058.8802 1056.0367 1053.6905 1052.34 1050.9896 1049.6392 1048.2887 1045.9051 1044.963 1050.9156 1057.3421 1063.7686 1070.1951 1076.6216 1080.3992 1077.0772 1073.7552 1070.4332 1067.1112 1068.6791 1078.9036 1095.9008 1120.6081 1145.3153 1170.0226 1194.7299 1207.1109 1203.7277 1203.9384 1204.149 1204.3597 1204.5703 1204.9978 1205.5811 1206.1645 1206.7478 1207.3311 1217.0759 1224.879 1228.0252 1230.2623 1232.4995 1234.7366 1234.7475 1228.0259 1225.431 1222.836 1220.2411 1217.6461
-9999 1060.2675 1062.4596 1064.6516 1066.8437 1069.0358 1071.2279 1070.7676 1067.9241 1065.0806 1062.2371 1059.3936 1056.5501 1054.7214 1053.371 1052.0206 1050.6701 1049.3197 1047.9693 1048.9705 1055.397 1061.8235 1068.2499 1074.6764 1081.1029 1088.1036 1084.7816 1081.4596 1078.1376 1074.8156 1071.4936 1077.7455 1102.4527 1127.16 1151.8673 1176.5746 1201.2819 1213.052 1213.2627 1213.4733 1213.684 1213.8946 1214.1053 1213.7663 1214.3497 1214.933 1215.5163 1216.0997 1216.683 1218.6764 1220.9136 1223.1507 1225.3879 1227.625 1230.0984 1227.5035 1224.9085 1222.3136 1219.7186 1217.1237
-9999 1060.3304 1062.5225 1064.7146 1066.9066 1069.0987 1069.6025 1068.4532 1065.6097 1062.7662 1059.9227 1057.0792 1053.7511 1052.2415 1054.6631 1053.6159 1052.2655 1050.9151 1049.5646 1050.5658 1056.9923 1063.4188 1069.8453 1076.2718 1081.8512 1090.4598 1108.2306 1107.401 1104.079 1100.7569 1097.4349 1103.6868 1128.3941 1153.1014 1177.8087 1202.516 1213.1249 1217.3981 1217.6087 1217.8194 1218.03 1218.2407 1214.364 1212.7003 1212.9066 1213.49 1214.0733 1214.6566 1215.24 1217.2334 1219.4706 1221.7077 1223.9448 1230.8271 1238.6171 1236.0221 1233.4272 1230.8322 1228.2373 1220.5456
-9999 1060.3933 1062.5854 1064.7775 1066.6507 1066.9694 1067.2881 1066.1388 1063.2953 1060.4518 1057.5837 1054.111 1050.6382 1049.1286 1051.5502 1053.9719 1053.8609 1052.5104 1051.16 1052.1612 1058.5877 1065.0142 1071.4407 1076.7132 1081.9033 1090.5119 1108.2828 1126.0537 1130.0203 1126.6983 1123.3763 1129.6282 1154.3355 1179.0428 1203.2454 1210.3582 1217.471 1221.7441 1221.9548 1222.1654 1221.7092 1217.6088 1213.5084 1211.8446 1211.9326 1212.0469 1212.6303 1213.2136 1213.797 1215.7904 1218.0275 1220.2647 1228.5577 1239.3457 1247.1357 1244.5408 1241.9458 1238.9074 1230.7398 1222.5723
-9999 1060.4563 1062.6483 1064.0176 1064.3363 1064.655 1064.9737 1063.8244 1060.9809 1057.9436 1054.4708 1050.9981 1047.5254 1046.0157 1048.4373 1050.859 1053.2806 1054.1058 1052.7554 1053.7566 1060.183 1066.3851 1071.5752 1076.7654 1081.9555 1090.5641 1108.335 1126.1058 1143.8767 1152.6397 1149.3177 1155.5696 1180.2769 1200.4786 1207.5914 1214.7042 1221.817 1226.0902 1226.3008 1224.954 1220.8536 1216.7532 1212.6527 1210.989 1211.077 1211.1649 1211.2529 1211.7706 1212.3539 1214.3474 1216.5845 1226.2882 1237.0763 1247.8644 1255.6544 1253.0595 1249.1016 1240.9341 1232.7665 1224.599
-9999 1060.5192 1061.3845 1061.7032 1062.0219 1062.3406 1062.6593 1061.51 1058.3034 1054.8307 1051.3579 1047.8852 1044.4125 1042.9028 1045.3244 1047.7461 1050.1677 1052.5893 1054.3507 1055.3519 1061.2471 1066.4372 1071.6274 1076.8175 1082.0077 1090.6162 1108.3871 1126.158 1143.9289 1161.6997 1175.2591 1181.5109 1197.7119 1204.8247 1211.9375 1219.0503 1226.1631 1230.4362 1228.1988 1224.0984 1219.998 1215.8975 1211.7971 1210.1334 1210.2213 1210.3093 1210.3973 1210.4853 1210.9109 1213.2307 1224.0188 1234.8069 1245.595 1256.3831 1264.1731 1259.2958 1251.1283 1242.9608 1234.7932 1226.6257
-9999 1059.5906 1059.9093 1060.228 1060.5467 1060.8654 1061.1841 1059.2524 1055.7796 1052.3069 1048.8341 1045.3614 1041.8886 1041.967 1044.6294 1047.051 1049.4726 1051.8942 1054.3158 1057.5746 1062.7648 1067.9549 1073.1451 1078.3352 1083.5253 1092.3242 1110.5891 1128.36 1146.1309 1163.9017 1181.6726 1195.803 1202.9158 1210.0286 1217.1414 1224.2542 1231.367 1233.9566 1229.8562 1225.7558 1221.6553 1217.5549 1213.4545 1211.6932 1211.7812 1211.8691 1211.9571 1212.0451 1212.1331 1219.3231 1230.1112 1240.8992 1251.6873 1262.4754 1268.4554 1259.952 1251.7845 1243.6169 1235.4494 1227.2818
-9999 1060.0654 1060.3841 1060.7027 1061.0214 1060.54 1055.5299 1053.1234 1053.722 1051.1519 1047.6792 1044.2064 1040.7337 1040.812 1048.0016 1051.974 1054.3956 1056.8172 1059.2389 1062.4976 1067.6878 1072.8779 1078.0681 1083.2582 1085.8221 1093.6474 1116.1045 1135.5574 1153.3283 1171.0992 1188.87 1203.0005 1210.1133 1217.2261 1224.3389 1231.1064 1230.0113 1231.2148 1235.7066 1233.2525 1229.1521 1225.0517 1220.9512 1219.1317 1218.9537 1219.0416 1219.1296 1219.2176 1219.3056 1223.7024 1230.5656 1241.3537 1252.1418 1262.9299 1268.9098 1258.2351 1249.2559 1241.0884 1232.9209 1224.7533
-9999 1060.5401 1060.8588 1061.1775 1059.1187 1054.1086 1049.0985 1046.692 1047.2906 1047.8892 1046.5242 1043.0514 1039.5787 1039.657 1046.8466 1054.0362 1059.3186 1061.7402 1064.1619 1067.4206 1072.6108 1077.8009 1082.4128 1084.7791 1087.1453 1094.9706 1117.4277 1139.8848 1160.5257 1178.2966 1196.0675 1210.1979 1217.3107 1224.4235 1229.1103 1228.0152 1226.9201 1228.1236 1232.6154 1237.1073 1236.6488 1232.5484 1228.448 1226.6285 1226.4487 1226.2689 1226.3021 1226.3901 1226.478 1230.8749 1236.0165 1241.8082 1252.5963 1263.3843 1269.3643 1258.6896 1248.0148 1238.5599 1230.3923 1222.2248
-9999 1061.0149 1061.3336 1057.6975 1052.6873 1047.6772 1042.6671 1040.2606 1040.8592 1041.4578 1042.0564 1041.8965 1038.4237 1038.5021 1045.6917 1052.8813 1060.0708 1066.6632 1069.0849 1072.3436 1077.5338 1081.3698 1083.736 1086.1023 1088.4685 1096.2939 1118.751 1141.2081 1163.6651 1185.494 1203.2649 1217.3953 1224.5081 1227.1141 1226.0191 1224.924 1223.8289 1225.0324 1229.5242 1234.0161 1238.508 1240.0452 1235.9447 1234.1252 1233.9454 1233.7657 1233.5859 1233.5626 1233.6505 1238.0474 1243.189 1248.3306 1253.4722 1263.8388 1269.8188 1259.144 1248.4693 1237.7946 1227.8638 1219.6963
-9999 1061.2863 1056.2762 1051.2661 1046.2559 1041.2458 1036.2357 1033.8292 1034.4278 1035.0264 1035.625 1036.2236 1036.8221 1037.3471 1044.5367 1051.7263 1058.9159 1066.1055 1073.295 1077.2666 1080.3268 1082.693 1085.0593 1087.4255 1089.7918 1097.6171 1120.0742 1142.5313 1164.9884 1187.4455 1209.9026 1224.5928 1225.118 1224.0229 1222.9279 1221.8328 1220.7377 1221.9412 1226.433 1230.9249 1235.4168 1239.9086 1243.4415 1241.622 1241.4422 1241.2624 1241.0826 1240.9028 1240.823 1245.2199 1250.3615 1255.5031 1260.6446 1265.7862 1270.2732 1259.5985 1248.9238 1238.249 1227.5743 1217.1678
-9999 1067.7467 1062.7365 1057.7264 1052.7163 1047.7061 1040.0601 1030.6957 1031.2942 1031.8928 1032.4914 1033.09 1034.458 1044.8282 1052.525 1059.7146 1066.9042 1074.0938 1081.2834 1087.0144 1089.3807 1091.7469 1094.1132 1096.4794 1098.8456 1107.1394 1122.0893 1144.5464 1167.0035 1189.4605 1211.9176 1226.3301 1225.235 1224.1399 1223.0448 1221.9498 1220.9132 1222.3902 1226.8821 1231.374 1235.8658 1240.3577 1243.7466 1242.0188 1241.4885 1241.3088 1241.129 1240.9492 1240.7694 1245.1268 1250.2684 1255.41 1260.5516 1265.6932 1268.6189 1257.9441 1247.2694 1236.5947 1225.92 1217.7511
-9999 1083.9315 1078.9214 1073.9112 1068.9011 1057.411 1039.4141 1030.0497 1030.6483 1031.2468 1031.8454 1036.3854 1047.7004 1058.0706 1066.5489 1074.5999 1081.7894 1088.979 1096.1686 1101.8997 1104.2659 1106.6322 1108.9984 1113.2721 1122.6227 1130.9279 1136.4313 1147.0833 1169.5404 1191.9975 1214.4546 1228.867 1227.772 1226.6769 1225.5818 1224.6631 1224.0327 1225.5097 1230.0016 1234.4935 1238.9853 1241.4728 1242.0835 1240.3557 1236.9468 1235.7351 1235.5553 1235.3756 1235.1958 1239.5532 1244.6948 1249.8364 1255.158 1262.2567 1265.3738 1254.6991 1244.0243 1233.3496 1226.9189 1225.4035
-9999 1100.1163 1095.1062 1090.096 1074.7619 1056.765 1038.7681 1029.4037 1030.0023 1030.6009 1038.3129 1049.6279 1060.9428 1071.313 1079.7914 1088.2697 1096.6747 1103.8643 1111.0539 1116.785 1119.1512 1121.5174 1127.7101 1137.0607 1146.4112 1154.7164 1160.2198 1165.7232 1172.0774 1194.5345 1216.9916 1231.404 1230.3089 1229.2138 1228.4129 1227.7826 1227.1522 1228.6293 1233.1211 1237.613 1239.199 1239.8097 1240.4203 1238.6925 1235.2836 1231.8747 1229.9817 1229.8019 1229.6222 1233.9796 1239.1212 1244.8142 1251.9129 1259.0116 1262.1287 1251.454 1240.7793 1236.0867 1234.5713 1233.0558
-9999 1116.3011 1110.1096 1092.1128 1074.1159 1056.119 1038.1221 1028.7577 1029.3563 1040.2404 1051.5553 1062.8703 1074.1852 1084.5555 1093.0338 1101.5121 1109.9905 1118.4688 1125.9392 1131.6702 1134.0365 1142.1481 1151.4986 1160.8492 1170.1997 1178.5049 1184.0083 1189.5117 1195.0151 1200.5185 1219.5285 1233.941 1232.8459 1232.1628 1231.5324 1230.9021 1230.2718 1231.7488 1236.2407 1236.9252 1237.5359 1238.1465 1238.7572 1237.0294 1233.6205 1230.2116 1226.8027 1224.2283 1224.0485 1228.406 1234.4704 1241.5691 1248.6678 1255.7665 1258.8836 1248.2089 1245.2545 1243.739 1242.2236 1240.7081
-9999 1127.4605 1109.4637 1091.4668 1073.4699 1055.473 1037.4762 1030.8529 1042.1678 1053.4828 1064.7978 1076.1127 1087.4277 1097.7979 1106.2762 1114.7546 1123.2329 1131.7112 1140.1896 1147.2355 1156.5861 1165.9366 1175.2872 1184.6377 1193.9882 1202.2934 1207.7968 1213.3002 1218.8036 1224.307 1229.8104 1236.543 1235.9126 1235.2823 1234.652 1234.0216 1233.3913 1234.0407 1234.6514 1235.2621 1235.8727 1236.4834 1237.0941 1235.3663 1231.9574 1228.5485 1225.1396 1221.7307 1218.4749 1224.1266 1231.2253 1238.324 1245.4227 1252.5214 1255.9378 1254.4223 1252.9068 1251.3914 1249.8759 1248.3604
-9999 1141.2045 1123.2076 1105.2108 1087.2139 1069.217 1048.2276 1032.8405 1033.2904 1044.6053 1055.9203 1067.2353 1078.5502 1091.1691 1104.6214 1113.0998 1121.5781 1130.0564 1138.5348 1147.2768 1156.6274 1165.9779 1175.3285 1184.679 1194.4407 1205.3996 1216.0045 1221.5079 1227.0113 1232.5147 1238.0181 1241.4264 1240.7961 1240.1657 1239.5354 1238.905 1244.5611 1252.1502 1252.3414 1252.952 1253.5627 1254.1734 1254.784 1250.1506 1244.5717 1241.1629 1237.754 1234.3451 1230.9362 1217.0227 1220.7938 1227.8925 1234.9912 1242.0899 1249.8738 1257.3974 1255.8819 1254.3665 1252.851 1251.3355
-9999 1157.7064 1139.7095 1121.7127 1103.7158 1081.121 1057.7007 1042.3137 1036.198 1031.4885 1042.8034 1054.1184 1065.4333 1078.0523 1093.2824 1108.5126 1117.0681 1125.5465 1134.0248 1142.7669 1152.1174 1161.468 1170.8185 1180.9111 1191.4658 1202.4247 1214.4669 1226.5091 1232.2327 1237.7361 1243.2395 1246.6479 1246.0175 1245.3872 1244.7568 1253.8526 1266.7905 1274.3796 1274.3165 1274.3511 1274.9618 1275.5725 1276.1831 1271.5497 1263.1463 1256.5136 1253.1047 1249.6958 1246.2869 1232.3735 1216.6446 1216.0836 1223.1823 1230.281 1238.0649 1248.2219 1257.9606 1256.4452 1254.9297 1253.4142
