P2_models/J1_p2__temp2_slide_260.dat.tif
NCOLS 118
NROWS 92
XLLCORNER 139.62
YLLCORNER -39.07
DX 0.099491525
DY 0.099347826
NODATA_VALUE -9999
[rows 54 to 80 of 92, columns 0 to 59 of 118]
-9999 1309.8808 1326.5889 1343.2969 1360.005 1373.6502 1387.0392 1379.9728 1349.2985 1318.6241 1287.9497 1281.9575 1282.4632 1284.9763 1291.5096 1298.0428 1309.8944 1322.2413 1334.5882 1343.3836 1343.9855 1344.5874 1345.1894 1336.5721 1323.8123 1319.9919 1340.1314 1360.2708 1373.1442 1385.154 1397.1638 1398.708 1380.0778 1361.4476 1342.8174 1326.265 1310.2671 1305.0987 1315.4235 1325.7484 1336.0732 1348.8599 1361.8624 1359.7566 1346.7895 1338.8507 1343.5617 1348.2727 1352.9837 1347.4853 1340.2224 1332.9595 1329.9768 1331.6113 1333.6689 1337.1919 1340.715 1344.2381 1370.9385 1401.6512
-9999 1289.1733 1305.8813 1321.7697 1335.1587 1348.5476 1361.9366 1354.8702 1324.1959 1297.1314 1297.637 1298.1426 1298.6482 1301.1613 1307.6946 1314.2279 1320.7612 1330.8543 1343.2012 1351.9966 1352.5985 1353.2005 1340.5418 1327.782 1315.0222 1311.2018 1331.3412 1351.4807 1371.6201 1386.776 1398.7858 1400.3299 1381.6997 1363.2541 1347.2562 1331.2583 1315.2604 1310.092 1320.4168 1331.2195 1344.222 1357.2246 1370.2271 1368.1212 1355.1542 1342.1871 1330.0525 1334.7636 1339.4746 1333.9762 1326.7133 1325.6491 1327.2836 1328.9181 1330.9757 1334.4987 1339.8725 1370.5852 1401.2979 1432.0106
-9999 1268.4657 1283.2782 1296.6671 1310.0561 1323.445 1336.834 1329.7676 1312.8108 1313.3164 1313.822 1314.3277 1314.8333 1317.3464 1323.8797 1330.4129 1336.9462 1343.4795 1351.8142 1360.6096 1357.2712 1344.5114 1331.7516 1318.9918 1306.2321 1302.4117 1322.5511 1342.6906 1362.83 1382.9694 1400.4077 1401.9519 1384.2453 1368.2474 1352.2495 1336.2516 1320.2537 1315.0853 1326.5817 1339.5842 1352.5867 1365.5892 1378.5917 1376.4859 1363.5188 1350.5518 1337.5847 1324.6176 1325.9654 1320.467 1321.3214 1322.9559 1324.5904 1326.2249 1328.2825 1339.5193 1370.2319 1400.9446 1431.6573 1462.37
-9999 1249.8403 1263.2292 1276.6182 1290.0071 1303.3961 1316.785 1329.8212 1330.3268 1330.8324 1331.3381 1331.8437 1332.3493 1329.9699 1336.5032 1343.0365 1349.5697 1356.103 1362.6363 1363.3356 1350.5758 1337.8161 1325.0563 1312.2965 1299.5367 1293.3319 1312.9557 1333.0952 1353.2346 1373.3741 1393.5135 1401.3096 1385.3117 1369.3138 1353.3159 1337.318 1321.3201 1319.2979 1332.3004 1345.3029 1358.3055 1371.308 1384.3105 1386.2536 1373.2866 1360.3195 1347.3524 1334.3854 1321.4183 1320.1236 1321.7581 1323.3927 1325.0272 1326.6617 1326.8164 1355.4804 1386.1931 1416.9058 1447.6185 1478.3312
-9999 1247.0519 1260.4409 1273.8298 1287.2188 1300.6629 1314.4955 1330.4579 1348.8786 1352.8943 1353.3999 1353.9055 1354.4111 1351.5204 1341.8282 1343.4957 1350.0289 1356.5622 1363.0955 1363.7948 1351.0351 1338.2753 1325.5155 1312.7557 1309.8006 1308.2209 1307.5581 1320.7496 1340.889 1361.0285 1381.1679 1388.964 1372.9661 1356.9682 1340.9703 1324.8669 1302.7106 1300.4822 1326.7634 1341.9847 1354.9872 1367.9898 1380.9923 1387.1096 1387.8465 1374.8795 1361.9124 1348.9454 1335.9783 1333.1056 1332.8851 1334.5196 1336.1541 1337.7886 1337.9433 1332.9723 1352.9778 1383.6905 1414.4032 1445.1159
-9999 1244.2636 1257.6525 1271.0415 1284.6425 1298.475 1312.3076 1328.2701 1346.6907 1365.1113 1375.4617 1375.9673 1376.473 1373.5822 1363.8901 1354.198 1350.4881 1357.0214 1363.5547 1364.254 1351.4943 1338.7345 1328.5332 1326.6113 1324.6895 1323.1098 1322.4471 1321.7844 1328.5434 1348.6828 1368.8223 1376.6184 1360.6205 1344.6226 1326.6149 1304.4586 1282.3024 1280.074 1306.3552 1332.6364 1351.669 1364.6715 1377.674 1383.7914 1384.9591 1386.1268 1376.4724 1363.5053 1350.5383 1347.6655 1346.5374 1345.6466 1347.2811 1348.9156 1349.0703 1344.0993 1339.1283 1350.4752 1381.1879 1411.9006
-9999 1241.4752 1254.8641 1268.622 1282.4546 1296.2872 1310.1198 1326.0822 1344.5028 1362.9234 1381.3441 1398.0292 1398.5348 1395.6441 1385.9519 1376.2598 1366.5677 1357.4806 1364.0139 1364.7133 1351.9535 1345.344 1343.4221 1341.5003 1339.5784 1337.9987 1337.336 1336.6733 1336.0106 1336.3372 1356.4767 1364.2728 1348.2749 1328.3629 1306.2066 1284.0504 1261.8941 1259.6657 1285.9469 1312.2281 1338.5093 1361.3533 1374.3558 1380.4732 1381.6409 1382.8086 1383.9763 1378.0653 1365.0982 1362.2255 1361.0973 1359.9692 1358.841 1360.0425 1360.1973 1355.2262 1350.2552 1345.2842 1347.9726 1378.6853
-9999 1238.769 1252.6016 1266.4342 1280.2667 1294.0993 1307.9319 1323.8944 1342.315 1360.7356 1379.1562 1397.5768 1415.9974 1417.7059 1408.0138 1398.3216 1388.6295 1378.9374 1369.2452 1365.1725 1362.1547 1360.2329 1358.311 1356.3892 1354.4673 1352.8876 1352.2249 1351.5622 1350.8995 1350.2368 1349.5741 1351.9271 1330.1109 1307.9546 1285.7984 1263.6421 1241.4859 1239.2574 1265.5386 1291.8199 1318.1011 1344.3823 1370.6635 1377.155 1378.3227 1379.4904 1380.6581 1381.8258 1379.6582 1376.7855 1375.6573 1374.5292 1373.401 1372.2728 1371.3242 1366.3532 1361.3822 1356.4111 1351.4401 1346.4691
-9999 1259.707 1273.5396 1287.3722 1301.2047 1315.0373 1324.5847 1321.9419 1326.9732 1345.3938 1363.8144 1382.2351 1400.6557 1415.8456 1417.1064 1407.4142 1397.7221 1388.03 1378.3378 1370.9953 1369.0735 1367.1516 1365.2298 1363.3079 1357.4953 1342.9331 1345.1281 1344.4654 1343.8027 1343.14 1342.4773 1334.4731 1312.3168 1290.1605 1268.0043 1245.848 1235.833 1250.9612 1271.6844 1297.9656 1324.2468 1350.528 1376.8092 1393.4629 1397.1979 1398.3656 1399.5334 1400.7011 1401.8688 1380.0183 1378.559 1377.4308 1376.3026 1375.1745 1373.265 1368.5221 1363.5511 1358.5801 1353.6091 1348.6381
-9999 1290.7013 1304.5339 1318.3665 1332.1991 1338.0288 1341.3479 1338.7052 1329.1818 1324.3321 1342.7527 1361.1733 1379.5939 1394.7839 1403.5043 1410.8671 1401.175 1391.4828 1381.7907 1374.4482 1372.5264 1370.6045 1368.6827 1356.4107 1334.9985 1320.4363 1324.2338 1327.8081 1327.1454 1326.4827 1325.8199 1317.8157 1295.6595 1273.5032 1251.347 1252.9245 1268.258 1283.3862 1298.2207 1315.6583 1341.9395 1368.2207 1394.5019 1411.1557 1420.8884 1426.8917 1428.0594 1429.2271 1430.3949 1408.5443 1382.7156 1375.2628 1374.1347 1373.0065 1371.097 1366.4814 1361.8247 1356.8537 1351.8826 1346.9116
-9999 1321.6956 1335.5282 1348.1539 1351.473 1354.7921 1358.1112 1355.4685 1345.945 1336.4216 1326.8981 1340.1116 1358.5322 1373.7222 1382.4426 1391.163 1399.8835 1394.9357 1385.2436 1377.9011 1375.9792 1374.0574 1355.3262 1333.914 1312.5017 1297.9395 1301.7371 1305.5346 1309.3321 1309.8253 1309.1626 1301.1584 1279.0022 1256.8459 1270.0159 1285.3494 1300.6829 1315.8111 1330.6456 1345.4802 1360.3147 1385.9135 1412.1947 1428.8484 1438.5811 1448.3139 1456.5855 1457.7532 1458.9209 1437.0704 1411.2417 1385.413 1371.9667 1370.8385 1368.9291 1364.3134 1359.6977 1355.082 1350.1562 1345.1852
-9999 1352.6899 1361.5981 1364.9172 1368.2363 1371.5554 1374.8745 1372.2318 1362.7083 1353.1849 1343.6614 1334.138 1337.4704 1352.6604 1361.3809 1370.1013 1378.8217 1387.5422 1388.6965 1381.354 1375.6539 1354.2417 1332.8295 1311.4172 1290.005 1275.4428 1279.2403 1283.0378 1286.8354 1290.6329 1292.5053 1284.5011 1271.7738 1287.1073 1302.4408 1317.7743 1333.1078 1348.236 1363.0705 1377.9051 1392.7396 1407.5741 1429.8874 1446.5412 1456.2739 1466.0066 1475.7393 1485.472 1487.447 1465.5965 1439.7678 1413.9391 1388.1103 1368.6705 1366.7611 1362.1454 1357.5297 1352.914 1348.2983 1343.4587
-9999 1372.2924 1375.6115 1378.9306 1382.2497 1385.5688 1388.8879 1381.2967 1371.7732 1362.2498 1352.7263 1343.2028 1333.6794 1334.4695 1343.1899 1351.9103 1360.6308 1369.3512 1378.0716 1377.6804 1356.2682 1334.8559 1313.4437 1292.0315 1270.6192 1260.3765 1264.174 1267.9716 1271.7691 1275.5666 1279.3642 1287.102 1302.4355 1317.769 1333.1025 1348.436 1363.7695 1376.9572 1391.7917 1406.6262 1421.4607 1436.2953 1451.1298 1457.1438 1466.8765 1476.6092 1486.3419 1496.0747 1505.8074 1485.219 1459.3903 1433.5616 1407.7328 1381.9041 1365.3496 1360.7339 1356.1182 1351.5025 1346.8868 1342.2711
-9999 1372.6279 1375.947 1379.2661 1382.5853 1384.9345 1366.4144 1352.0707 1342.5473 1333.0238 1323.5004 1313.9769 1335.8445 1350.0159 1342.8028 1347.9982 1356.7187 1365.4391 1374.1595 1373.7683 1352.3561 1330.9438 1309.5316 1288.1194 1278.8561 1276.2967 1284.8462 1289.8634 1293.6609 1297.4585 1301.256 1308.9939 1324.3274 1339.6609 1354.9944 1370.3279 1377.3398 1387.2562 1402.0907 1416.9253 1431.7598 1444.8727 1439.2703 1438.6068 1442.214 1451.9467 1461.6794 1471.4121 1481.1448 1460.5564 1434.7277 1408.899 1383.0703 1371.9084 1367.7008 1363.0851 1358.4694 1353.8537 1348.0552 1317.76
-9999 1372.9635 1376.2826 1379.6017 1374.2287 1355.7086 1337.1885 1322.8448 1313.3214 1303.7979 1303.4464 1328.2964 1353.1465 1367.3179 1360.1048 1352.8916 1352.8066 1361.527 1370.2474 1369.8562 1348.444 1327.0317 1307.9347 1301.2306 1294.5265 1291.9672 1300.5167 1309.0662 1315.5528 1319.3503 1323.1479 1330.8857 1346.2192 1361.5527 1374.6813 1381.1601 1387.6388 1397.5553 1412.3898 1427.2243 1434.4712 1428.8688 1423.2664 1422.6029 1425.4899 1428.3769 1437.0169 1446.7496 1456.4823 1435.8939 1410.0652 1384.2365 1378.3495 1374.2597 1370.052 1365.4363 1360.8206 1348.7911 1318.4959 1288.2007
-9999 1373.2991 1376.6182 1363.5228 1345.0027 1326.4826 1307.9625 1293.6189 1284.0954 1295.8983 1320.7484 1345.5984 1370.4485 1384.6199 1377.4067 1370.1936 1362.9805 1357.6149 1366.3353 1365.9441 1344.5319 1330.3092 1323.6051 1316.9011 1310.197 1307.6376 1316.1872 1324.7367 1333.2862 1341.2422 1345.0397 1352.7776 1368.1111 1378.5016 1384.9804 1391.4591 1397.9379 1407.8543 1422.6889 1424.0698 1418.4674 1412.865 1407.2626 1406.5991 1409.4861 1412.3731 1415.2601 1422.087 1431.8197 1411.2313 1388.8803 1384.7905 1380.7007 1376.6109 1372.4033 1367.7876 1349.5269 1319.2318 1288.9366 1258.6414
-9999 1371.3371 1352.817 1334.2969 1315.7768 1297.2567 1278.7366 1264.393 1288.3502 1313.2003 1338.0503 1362.9004 1387.7504 1401.9219 1394.7087 1387.4956 1380.2824 1373.0693 1365.8562 1362.032 1352.6837 1345.9797 1339.2756 1332.5715 1325.8675 1323.3081 1331.8576 1340.4072 1348.9567 1357.5062 1366.0557 1374.6694 1382.3219 1388.8007 1395.2794 1401.7582 1408.2369 1418.1534 1413.6684 1408.066 1402.4636 1396.8612 1391.2588 1390.5953 1393.4823 1396.3693 1399.2563 1402.1433 1407.1572 1395.3214 1391.2316 1387.1417 1383.0519 1378.9621 1374.7545 1350.2628 1319.9677 1289.6725 1259.3773 1229.0821
-9999 1362.1545 1343.6344 1325.1143 1306.5941 1288.074 1276.6845 1272.9906 1283.1274 1307.9775 1332.8275 1357.6776 1382.5276 1402.838 1405.4954 1398.2822 1391.0691 1383.856 1376.6428 1369.5836 1362.8796 1356.1755 1349.4714 1342.7673 1337.731 1338.8331 1336.6728 1345.2223 1353.7719 1362.3214 1370.8709 1378.7131 1385.1919 1391.6706 1398.1494 1404.6281 1409.0229 1409.4291 1407.4882 1401.8858 1396.2833 1390.6809 1385.0785 1387.498 1391.6745 1394.5615 1397.4485 1400.3355 1403.2225 1390.8657 1386.7758 1382.686 1378.5962 1374.5064 1372.9216 1364.5588 1334.2637 1303.9685 1273.6733 1243.3781
-9999 1364.3514 1345.8313 1327.3112 1308.7911 1305.2941 1307.3084 1303.6145 1293.3327 1289.9662 1314.8162 1339.6663 1364.5163 1384.8267 1396.046 1405.3698 1398.1567 1390.9435 1383.7304 1376.6712 1369.9671 1363.2631 1356.559 1355.8225 1361.0077 1362.1099 1352.2687 1343.8744 1352.4239 1360.9734 1369.5229 1377.3652 1383.8439 1390.3227 1396.8014 1398.5353 1397.1644 1397.5706 1400.5193 1401.2829 1395.6805 1390.0781 1384.4757 1386.8951 1395.0814 1400.8137 1403.7007 1406.5877 1409.4747 1396.6362 1381.08 1374.3657 1370.2758 1366.186 1364.6012 1371.6936 1373.4586 1343.1635 1312.8683 1282.5731
-9999 1366.5483 1348.0282 1331.8895 1333.9038 1335.9181 1337.9324 1334.2385 1323.9566 1313.6747 1303.3929 1321.655 1346.505 1366.8154 1378.0347 1389.254 1400.4733 1398.0311 1390.818 1383.7588 1377.0547 1370.3506 1373.9141 1379.0993 1384.2844 1385.3866 1375.5454 1365.7042 1355.8629 1359.6254 1368.175 1376.0172 1382.4959 1388.9747 1388.0478 1386.6768 1385.3059 1385.7121 1388.6608 1391.6095 1394.5583 1389.4752 1383.8728 1386.2923 1394.4785 1402.6647 1409.9528 1412.8398 1415.7268 1402.8884 1387.3322 1371.776 1361.9555 1357.8656 1356.2809 1363.3732 1370.4655 1377.5578 1352.0633 1321.7681
-9999 1368.7453 1360.4992 1362.5135 1364.5278 1366.5421 1368.5564 1364.8625 1354.5806 1344.2987 1334.0168 1323.735 1328.4937 1348.804 1360.0234 1371.2427 1382.462 1393.6814 1397.9055 1390.8463 1386.8205 1392.0057 1397.1908 1402.376 1407.5612 1408.6634 1398.8221 1388.9809 1379.1397 1369.2985 1366.827 1374.6692 1378.9312 1377.5602 1376.1893 1374.8183 1373.4474 1373.8536 1376.8023 1379.751 1382.6997 1385.6485 1383.27 1385.6894 1393.8756 1402.0619 1410.2481 1418.4343 1421.979 1409.1405 1393.5843 1378.0281 1362.4719 1349.5453 1347.9605 1355.0528 1362.1451 1369.2375 1376.3298 1360.9631
-9999 1383.2566 1385.2709 1387.2852 1389.2995 1391.3138 1393.3281 1387.9762 1377.6943 1367.4124 1357.1306 1346.8487 1336.5668 1331.5316 1342.751 1353.9703 1365.1896 1376.4089 1387.6283 1397.023 1402.2081 1407.3933 1412.5785 1417.7636 1422.9488 1420.5961 1410.7318 1400.8906 1391.0494 1381.2081 1371.3669 1364.4189 1363.0479 1361.6769 1360.306 1358.935 1357.5641 1365.222 1368.1707 1371.1194 1374.0681 1377.0168 1379.9656 1385.1979 1393.3841 1401.5704 1409.7566 1417.9428 1426.1291 1416.375 1400.8188 1385.2626 1369.7064 1354.1502 1340.8005 1347.3609 1354.4532 1361.5456 1368.6379 1375.7302
-9999 1385.8758 1387.8901 1389.9044 1391.9187 1392.0298 1380.2409 1372.8987 1370.6887 1362.0973 1351.8154 1341.5336 1331.2517 1325.8903 1330.3823 1339.4949 1350.7142 1361.9335 1373.1528 1382.5475 1387.7327 1392.9179 1398.103 1403.2882 1399.8217 1393.2867 1380.6007 1369.7722 1359.9309 1350.0897 1340.2485 1333.3004 1331.9294 1330.5585 1329.1875 1327.9461 1330.8651 1342.8473 1367.7956 1374.7027 1377.6514 1380.6001 1383.5489 1387.9016 1393.3141 1401.5004 1409.6866 1417.8728 1426.0591 1421.3969 1411.7719 1396.2157 1380.6595 1365.1033 1351.7536 1346.0471 1349.1404 1356.2327 1363.325 1370.4174
-9999 1388.495 1390.5093 1392.5236 1387.3293 1375.5404 1363.7514 1356.4093 1354.1992 1351.9892 1346.5003 1336.2185 1325.9366 1320.5751 1325.0672 1329.5592 1336.2388 1347.4581 1358.6774 1368.0721 1373.2573 1378.4424 1380.9923 1376.7523 1372.5123 1365.9773 1353.2913 1340.6053 1328.8125 1318.9712 1309.13 1302.182 1300.811 1299.44 1299.6528 1302.5718 1305.4907 1317.4729 1342.4213 1367.3696 1381.2347 1384.1834 1387.1322 1391.4849 1396.847 1402.209 1409.6166 1417.8028 1425.9891 1421.3269 1414.4442 1407.1688 1391.6126 1376.0564 1362.7067 1357.0001 1351.2936 1350.9199 1358.0122 1365.1045
-9999 1391.1142 1393.1284 1382.6287 1370.8398 1359.0509 1347.2619 1339.9198 1337.7098 1335.4997 1333.2897 1330.9034 1320.6215 1315.26 1319.7521 1324.2441 1328.7362 1333.2282 1344.202 1353.5967 1358.7818 1357.9229 1353.6829 1349.4429 1345.2029 1338.668 1325.982 1313.296 1300.6099 1287.9239 1278.0116 1271.0635 1269.6925 1271.3595 1274.2784 1277.1974 1280.1164 1292.0986 1317.0469 1341.9953 1366.9436 1387.7667 1390.7155 1395.0682 1400.4303 1405.7923 1411.1544 1417.7328 1425.9191 1421.2569 1414.3743 1407.4916 1400.6089 1387.0095 1373.6598 1367.9532 1362.2467 1356.5401 1352.6993 1359.7917
-9999 1389.7171 1377.9282 1366.1392 1354.3503 1342.5614 1330.7725 1323.4303 1321.2203 1319.0103 1316.8002 1314.5902 1312.3802 1309.9449 1314.437 1318.929 1323.4211 1327.9131 1332.4051 1339.0936 1334.8536 1330.6136 1326.3736 1322.1336 1317.8936 1311.3586 1298.6726 1285.9866 1273.3006 1260.6146 1247.9286 1240.1472 1243.0661 1245.9851 1248.9041 1251.8231 1254.7421 1266.7242 1291.6726 1316.621 1341.5693 1366.5177 1391.466 1398.6515 1404.0136 1409.3756 1414.7377 1420.0998 1425.8491 1421.1869 1414.3043 1407.4216 1400.5389 1393.6562 1384.6129 1378.9063 1373.1998 1367.4932 1361.7867 1356.0801
-9999 1385.2618 1373.4729 1361.6839 1349.895 1338.1061 1325.216 1315.8016 1312.1618 1309.9518 1307.7418 1305.5318 1303.3218 1302.1979 1304.0961 1308.5881 1313.0802 1317.5722 1322.0642 1323.9159 1319.6759 1315.4359 1311.1959 1306.9559 1302.6237 1297.2061 1288.3468 1275.6607 1262.9747 1250.2887 1237.6027 1230.2469 1233.1658 1236.0848 1239.0038 1241.9228 1249.6738 1266.3956 1289.5061 1314.4544 1339.4028 1364.3511 1389.2995 1404.9186 1411.8811 1417.2432 1422.6052 1427.9673 1433.3294 1406.1724 1395.0995 1388.2168 1381.3341 1374.4515 1372.6684 1384.0258 1378.3192 1372.6127 1366.9061 1361.1996
