P2_models/J1_p2_tot_conduct_slide_2.19.dat.tif
NCOLS 118
NROWS 92
XLLCORNER 139.62
YLLCORNER -39.07
DX 0.099491525
DY 0.099347826
NODATA_VALUE -9999
[rows 50 to 74 of 92, columns 0 to 56 of 118]
-1.3294913 -1.421841 -1.507682 -1.5697777 -1.6289891 -1.6732885 -1.7088823 -1.7262715 -1.709793 -1.6681011 -1.5884077 -1.4953018 -1.3759149 -1.2515462 -1.1322596 -1.0287723 -0.96674889 -0.91079127 -0.90520357 -0.9161951 -0.94335114 -0.97174521 -0.98768884 -0.99406595 -0.98220044 -0.93834875 -0.88832572 -0.88357996 -0.88105048 -0.8753627 -0.91437401 -0.96234635 -1.0269974 -1.0891807 -1.1307567 -1.1498591 -1.133379 -1.0993502 -1.0426374 -0.97980066 -0.93530322 -0.8967885 -0.91284948 -0.98224801 -1.0269344 -1.0375767 -1.1086815 -1.1592836 -1.1760112 -1.2443801 -1.2234345 -1.3530463 -1.366555 -1.5844446 -1.7433226 -2.002545 -2.2323487
-1.3585604 -1.4457411 -1.5352835 -1.6112411 -1.6775688 -1.7455373 -1.7905779 -1.8145652 -1.8010367 -1.7637122 -1.6798135 -1.5798771 -1.4505381 -1.3213144 -1.1984915 -1.099822 -1.0425919 -1.0093334 -1.0177978 -1.0317978 -1.0625685 -1.085149 -1.0901236 -1.0563122 -1.0062657 -0.94754532 -0.88099073 -0.82887208 -0.80334033 -0.79896834 -0.84085951 -0.89392932 -0.96430177 -1.023015 -1.0596697 -1.0686149 -1.0430819 -1.0025901 -0.93975336 -0.90461742 -0.86796264 -0.90275209 -0.93757412 -1.0336755 -1.1279307 -1.2189109 -1.2974568 -1.3038237 -1.3195329 -1.250583 -1.2296374 -1.1726912 -1.1781209 -1.2548432 -1.3867408 -1.5941247 -1.8255743
-1.4021699 -1.4828086 -1.5474781 -1.6196874 -1.6907528 -1.7587837 -1.8234531 -1.8543043 -1.8543043 -1.8233209 -1.7437277 -1.6445922 -1.5053041 -1.3742999 -1.2598846 -1.1660539 -1.1212827 -1.0954348 -1.1203077 -1.144392 -1.179214 -1.2018459 -1.1819476 -1.1424137 -1.0528713 -0.96741489 -0.85797421 -0.77588658 -0.73111539 -0.7128669 -0.75475806 -0.80782787 -0.88244651 -0.94432249 -0.98621366 -0.99575983 -0.96093779 -0.91648866 -0.85365191 -0.81971346 -0.81447706 -0.86259832 -0.95711527 -1.0735989 -1.2254543 -1.3281568 -1.422412 -1.41402 -1.3791416 -1.2653727 -1.1435359 -1.0238392 -0.9264397 -0.93749431 -1.0025959 -1.1701606 -1.3751975
-1.4276205 -1.4807672 -1.5265773 -1.5949895 -1.6575667 -1.7228482 -1.7934359 -1.839081 -1.8546807 -1.8318205 -1.7629098 -1.662825 -1.5255384 -1.3978519 -1.2834367 -1.1931104 -1.1520526 -1.1337179 -1.1698834 -1.199269 -1.237906 -1.2567408 -1.2316007 -1.1729355 -1.0598926 -0.95953664 -0.83422557 -0.73909421 -0.68628613 -0.66460705 -0.71050172 -0.76866898 -0.85414805 -0.91792258 -0.96439525 -0.9799985 -0.94517647 -0.90098312 -0.84131133 -0.81525424 -0.81809437 -0.88663585 -0.99302469 -1.1269923 -1.2833936 -1.3824614 -1.4695161 -1.4160683 -1.3634857 -1.1660994 -1.0154261 -0.81509158 -0.68676515 -0.65673435 -0.69933123 -0.85445721 -1.0483555
-1.4501894 -1.4752441 -1.500117 -1.5437035 -1.6005558 -1.6625765 -1.7371951 -1.7963229 -1.8200113 -1.8173572 -1.7526877 -1.6641115 -1.5297979 -1.4053723 -1.2909571 -1.2022367 -1.1624646 -1.1475494 -1.187346 -1.2286468 -1.2685696 -1.2865654 -1.2517434 -1.1975136 -1.0785796 -0.95918976 -0.83040825 -0.72578537 -0.67238338 -0.6498341 -0.69853489 -0.76504127 -0.85458364 -0.9318071 -0.98417106 -1.0030352 -0.96821315 -0.92238937 -0.86478901 -0.84134119 -0.85181399 -0.92513449 -1.0445243 -1.1807423 -1.3430706 -1.4308989 -1.5042085 -1.4294786 -1.3299871 -1.1151891 -0.89002405 -0.68623967 -0.48843712 -0.46106055 -0.47169094 -0.62446118 -0.79780524
-1.4315133 -1.4433917 -1.4234934 -1.4601212 -1.4980227 -1.5580649 -1.6426327 -1.7064428 -1.7538197 -1.7581326 -1.7083869 -1.6243723 -1.5048662 -1.3854764 -1.2660866 -1.175744 -1.1409219 -1.1276798 -1.1674764 -1.2087773 -1.2535485 -1.273319 -1.2431786 -1.1908904 -1.0814498 -0.96581295 -0.84642311 -0.74565494 -0.7108329 -0.69619641 -0.76950596 -0.84472568 -0.94919178 -1.0311549 -1.088744 -1.1094732 -1.0796258 -1.0344597 -0.97162292 -0.94731221 -0.957785 -1.029791 -1.1442063 -1.2730104 -1.4093025 -1.4801321 -1.5108317 -1.4124865 -1.2703784 -1.0414087 -0.79729941 -0.59682216 -0.40233567 -0.39128105 -0.41208224 -0.57441052 -0.75135042
-1.3994843 -1.399138 -1.359547 -1.359027 -1.384994 -1.4325866 -1.519366 -1.6003309 -1.6610951 -1.6741399 -1.6340533 -1.5800025 -1.4652897 -1.3558532 -1.2394797 -1.1525221 -1.1144292 -1.1029334 -1.14273 -1.1840309 -1.2315133 -1.261526 -1.2368977 -1.1988977 -1.0969806 -1.0187391 -0.93107529 -0.83379986 -0.80819571 -0.83034134 -0.91222487 -1.0168634 -1.1259811 -1.2248972 -1.2788011 -1.2934732 -1.2577792 -1.2055756 -1.1359363 -1.1020513 -1.1015628 -1.1650229 -1.259864 -1.3510335 -1.4743669 -1.5366104 -1.5373657 -1.4191096 -1.2672542 -1.0305682 -0.80668897 -0.60651056 -0.48204581 -0.47863174 -0.56217645 -0.7296498 -0.92444462
-1.3507494 -1.3194195 -1.2646992 -1.2503172 -1.2645303 -1.3144831 -1.4040254 -1.4909903 -1.5620557 -1.6084661 -1.5885678 -1.5396398 -1.4351737 -1.3395508 -1.2301102 -1.1461525 -1.1063559 -1.0914407 -1.1312373 -1.1785466 -1.2332669 -1.2690932 -1.2591441 -1.2481822 -1.1694661 -1.1033898 -1.0301059 -0.98670763 -0.99327542 -1.0285789 -1.1340437 -1.2407797 -1.3601695 -1.4556155 -1.5027431 -1.4931229 -1.4483517 -1.3791851 -1.3006392 -1.2457458 -1.235273 -1.2676186 -1.3472119 -1.4293814 -1.5288729 -1.5544616 -1.5439888 -1.4362328 -1.2843773 -1.1014799 -0.88155129 -0.78199866 -0.6650904 -0.74432015 -0.83255709 -1.015831 -1.1698756
-1.2912208 -1.2554252 -1.1857811 -1.1699433 -1.1794187 -1.2292418 -1.3237587 -1.4143095 -1.5043256 -1.556773 -1.5617475 -1.5197703 -1.4393311 -1.3531108 -1.2536193 -1.1728572 -1.1430097 -1.1311798 -1.1709764 -1.2182942 -1.2829637 -1.3220787 -1.3303342 -1.3276605 -1.2928384 -1.2424768 -1.2126293 -1.1854033 -1.2301745 -1.2802601 -1.4059336 -1.5185553 -1.6279959 -1.7205431 -1.7421974 -1.7207523 -1.6411591 -1.5600541 -1.4448534 -1.3769429 -1.3298153 -1.3502289 -1.3950001 -1.4664654 -1.5354961 -1.5610848 -1.550612 -1.4602998 -1.3373628 -1.2078312 -1.0537542 -1.0263902 -0.97638025 -1.1145629 -1.2365716 -1.4198454 -1.5718481
-1.2780831 -1.2444576 -1.1783826 -1.1550375 -1.1690259 -1.2285491 -1.3278384 -1.4224653 -1.5150285 -1.5802585 -1.5941968 -1.5701417 -1.4948343 -1.4251944 -1.3380613 -1.2626587 -1.2359517 -1.2294305 -1.2724184 -1.318232 -1.3796594 -1.4283416 -1.4418137 -1.4554663 -1.4340196 -1.4086594 -1.3991801 -1.3953495 -1.4573484 -1.5224485 -1.648122 -1.7614543 -1.8587061 -1.9388243 -1.9477451 -1.886223 -1.7827895 -1.6713122 -1.5353751 -1.4359371 -1.3739747 -1.3606362 -1.3927972 -1.4419856 -1.5049588 -1.534321 -1.528757 -1.4983243 -1.3944397 -1.3596047 -1.2395635 -1.3077598 -1.298999 -1.4828093 -1.6275741 -1.8001281 -1.927443
-1.2873977 -1.2595228 -1.1998279 -1.1971113 -1.2160621 -1.2824331 -1.3868992 -1.4868567 -1.5816105 -1.6499035 -1.6698018 -1.6579313 -1.5932618 -1.5222524 -1.4426592 -1.3807312 -1.3558583 -1.3527566 -1.3975278 -1.4454422 -1.5051371 -1.5519191 -1.576792 -1.5863359 -1.5714121 -1.5618952 -1.561913 -1.5801249 -1.649769 -1.7348616 -1.8605351 -1.9724978 -2.0620402 -2.1112296 -2.0955204 -2.025781 -1.9014165 -1.7567398 -1.5996479 -1.4724878 -1.3887055 -1.3508246 -1.3607738 -1.3885508 -1.4409148 -1.4651253 -1.4765992 -1.4610997 -1.432816 -1.4203583 -1.4186858 -1.5018705 -1.6043613 -1.7978171 -1.9868423 -2.1544069 -2.2572545
-1.3602528 -1.3400149 -1.3201166 -1.3267777 -1.3694169 -1.4417426 -1.5511832 -1.6516066 -1.7416227 -1.80886 -1.8193067 -1.8036414 -1.734297 -1.6613394 -1.5817461 -1.5198182 -1.4949453 -1.4918436 -1.5320924 -1.5779059 -1.6286577 -1.6711365 -1.6827472 -1.6856837 -1.6707599 -1.661243 -1.6662176 -1.6860959 -1.7600082 -1.8474558 -1.9685843 -2.0784688 -2.1493452 -2.1907079 -2.1452134 -2.065069 -1.9158317 -1.7626276 -1.5793537 -1.441656 -1.3212189 -1.2732812 -1.2583575 -1.2825798 -1.3349438 -1.3712498 -1.4236137 -1.4359003 -1.4725551 -1.5043328 -1.5776423 -1.6930604 -1.8361729 -2.0333324 -2.225277 -2.3488196 -2.4294574
-1.4604511 -1.4954741 -1.4921166 -1.5088139 -1.5663353 -1.6580976 -1.7675383 -1.8547655 -1.9302821 -1.9779274 -1.9650168 -1.9476439 -1.8715092 -1.7769922 -1.6885215 -1.6233817 -1.5924888 -1.5816116 -1.6091648 -1.6429445 -1.67402 -1.7121387 -1.7168683 -1.6963344 -1.668557 -1.6576884 -1.6593987 -1.6812843 -1.7525879 -1.8374039 -1.9545408 -2.0559296 -2.1226568 -2.1536091 -2.1096563 -2.0276303 -1.8809114 -1.7198254 -1.5390131 -1.3846376 -1.2622116 -1.1983479 -1.1800821 -1.2043045 -1.2566684 -1.3301474 -1.389092 -1.4733917 -1.5169102 -1.6250012 -1.6996713 -1.8510169 -1.9924769 -2.1471367 -2.3144471 -2.3917761 -2.4477262
-1.5698339 -1.6163581 -1.6462056 -1.7153366 -1.7911397 -1.8903368 -1.9997775 -2.0733742 -2.1349642 -2.1642318 -2.1343843 -2.0711855 -1.9766686 -1.8734777 -1.7789608 -1.6975193 -1.6626973 -1.6449812 -1.6648795 -1.6785822 -1.6984805 -1.6995311 -1.6846074 -1.6553996 -1.6205776 -1.5853043 -1.5853043 -1.6035162 -1.6731603 -1.7530126 -1.8682133 -1.9673933 -2.0320628 -2.0681155 -2.0314607 -1.9581085 -1.8138458 -1.668079 -1.4900415 -1.3469492 -1.2212756 -1.1627102 -1.1378373 -1.1603769 -1.2127409 -1.2862199 -1.3700022 -1.4654859 -1.561611 -1.6812765 -1.8026539 -1.9579528 -2.1059262 -2.2496362 -2.3591863 -2.4167866 -2.417132
-1.6691818 -1.7239478 -1.803541 -1.8847246 -1.9889538 -2.0949881 -2.1895051 -2.2511417 -2.2748302 -2.2966955 -2.2254897 -2.1440406 -2.017712 -1.8999705 -1.7964662 -1.7096653 -1.6599196 -1.638358 -1.6362964 -1.638843 -1.6283534 -1.6134297 -1.568474 -1.5229358 -1.4669166 -1.4193869 -1.4044632 -1.4180669 -1.4835733 -1.5609401 -1.6805553 -1.7819441 -1.8647577 -1.9091589 -1.9063406 -1.8455143 -1.7505951 -1.6218332 -1.4804505 -1.3498858 -1.2556306 -1.2032566 -1.1833583 -1.2085465 -1.2657264 -1.3433499 -1.4428414 -1.5457582 -1.6609589 -1.7829514 -1.9086249 -2.0443247 -2.1655349 -2.266366 -2.3393167 -2.341384 -2.311161
-1.707036 -1.8056557 -1.8928671 -1.9868768 -2.0931016 -2.1857721 -2.2717877 -2.3180288 -2.3257142 -2.3058595 -2.2176057 -2.1242031 -1.9948642 -1.8771226 -1.778314 -1.6931191 -1.6462529 -1.6058376 -1.5920718 -1.5735591 -1.5377665 -1.512669 -1.4574424 -1.3764466 -1.3013369 -1.2511038 -1.2299125 -1.2345015 -1.2959863 -1.374669 -1.4951061 -1.610088 -1.7058012 -1.7623478 -1.7754605 -1.7922301 -1.7311458 -1.6475082 -1.5387621 -1.4446675 -1.3671379 -1.3316261 -1.3194307 -1.344619 -1.4022193 -1.4844539 -1.5829791 -1.6864626 -1.8006763 -1.8980179 -2.023567 -2.0994478 -2.2160677 -2.2375254 -2.2846688 -2.244384 -2.2108693
-1.7075501 -1.8088948 -1.9133609 -2.0204608 -2.1294277 -2.2099025 -2.2845212 -2.3167752 -2.3072998 -2.2715479 -2.1720564 -2.0623191 -1.9329801 -1.8407386 -1.7462216 -1.6755249 -1.6307537 -1.5948666 -1.5749683 -1.5427185 -1.4929727 -1.4345066 -1.3549134 -1.2661568 -1.181589 -1.1088067 -1.0839339 -1.0767406 -1.1364355 -1.2058501 -1.3262872 -1.4412692 -1.5457353 -1.6312025 -1.67833 -1.7150562 -1.6901833 -1.6652764 -1.5972032 -1.5529429 -1.5058153 -1.496184 -1.5011586 -1.5367494 -1.5943497 -1.6710409 -1.765296 -1.8575568 -1.9622847 -2.0469962 -2.1412513 -2.1964056 -2.2609321 -2.2590587 -2.2482268 -2.1906264 -2.1292316
-1.634695 -1.7341866 -1.8338826 -1.9384611 -2.0237396 -2.0897995 -2.1345707 -2.1611699 -2.1374814 -2.1025939 -2.0279753 -1.9232321 -1.8468622 -1.7871588 -1.7473622 -1.6922519 -1.6823028 -1.6549217 -1.639998 -1.6077638 -1.5430943 -1.480869 -1.3804765 -1.2788155 -1.1842985 -1.1078347 -1.0630636 -1.0494792 -1.0892759 -1.1518291 -1.2460843 -1.3551677 -1.4596338 -1.545101 -1.6204486 -1.680559 -1.715381 -1.7151224 -1.7308316 -1.7102509 -1.7243805 -1.7257666 -1.759463 -1.7950537 -1.8526541 -1.9172928 -1.9904844 -2.0567957 -2.1278645 -2.1790152 -2.2405991 -2.2459783 -2.2741785 -2.2354873 -2.2083589 -2.1402858 -2.0783947
-1.5419815 -1.6395561 -1.7230071 -1.7997365 -1.8644982 -1.9031691 -1.9327319 -1.9261338 -1.9067568 -1.8650649 -1.8045919 -1.7741512 -1.7252526 -1.7319052 -1.7128236 -1.7774931 -1.808781 -1.7972768 -1.7867767 -1.7741623 -1.7103267 -1.6375513 -1.5330852 -1.4314242 -1.336175 -1.2488487 -1.1980708 -1.175414 -1.2095362 -1.2294958 -1.3137711 -1.373588 -1.4687949 -1.534736 -1.6106289 -1.6646822 -1.7109211 -1.7613036 -1.7979623 -1.8449828 -1.8895336 -1.9443318 -1.9973503 -2.0590218 -2.1153135 -2.1799522 -2.2231402 -2.273274 -2.2771228 -2.3097543 -2.2786333 -2.2756449 -2.2220987 -2.1831436 -2.120714 -2.0564635 -2.0079889
-1.4466524 -1.505026 -1.5696955 -1.6159285 -1.6490924 -1.6401087 -1.6401087 -1.6344889 -1.6202758 -1.6232222 -1.613273 -1.6169849 -1.6468324 -1.7342555 -1.798925 -1.8782684 -1.9429379 -2.0012623 -2.0112115 -2.0069492 -1.9472542 -1.8744788 -1.7700127 -1.6767318 -1.5772402 -1.4879574 -1.4332371 -1.3807644 -1.3757898 -1.3666018 -1.4032566 -1.432129 -1.4918239 -1.5542949 -1.622368 -1.6863532 -1.7609718 -1.8469888 -1.9255348 -2.0174687 -2.101251 -2.1874346 -2.2620532 -2.324703 -2.377067 -2.4000959 -2.4262779 -2.3979452 -2.3769996 -2.3077437 -2.2553797 -2.1774885 -2.1143521 -2.0519625 -2.006159 -1.9642678 -1.9426557
-1.3737973 -1.4063841 -1.4107389 -1.4509905 -1.4083512 -1.3599802 -1.3052598 -1.2979274 -1.288452 -1.3045462 -1.3741902 -1.3917965 -1.5244516 -1.6836296 -1.8627143 -1.9737849 -2.1130731 -2.1930567 -2.2577262 -2.2689353 -2.2440625 -2.1791455 -2.0988559 -2.0228347 -1.9432415 -1.8581091 -1.7934396 -1.7348681 -1.6751732 -1.646336 -1.6044448 -1.606044 -1.5861457 -1.6337731 -1.669836 -1.7194691 -1.7940878 -1.8918654 -2.0227753 -2.1349539 -2.2734539 -2.3753707 -2.4872416 -2.5519595 -2.6088786 -2.6014165 -2.5786112 -2.493018 -2.4034923 -2.2575334 -2.1361623 -1.9949224 -1.8891637 -1.8173087 -1.769867 -1.7855762 -1.7864223
-1.3467206 -1.3340075 -1.312104 -1.2871525 -1.2078565 -1.0792645 -0.99205072 -0.95173615 -0.93527963 -0.96959864 -1.064154 -1.1611201 -1.329695 -1.570123 -1.7979912 -1.9867116 -2.1668862 -2.299954 -2.397308 -2.452952 -2.4643451 -2.4249383 -2.3636807 -2.3516934 -2.3033388 -2.230504 -2.1721839 -2.0997094 -2.0174356 -1.9411617 -1.8479008 -1.7863353 -1.721201 -1.7183063 -1.7317505 -1.7429436 -1.8151333 -1.9236826 -2.0664528 -2.2288882 -2.3892637 -2.5382411 -2.6653082 -2.7497166 -2.808797 -2.7713795 -2.7256597 -2.541302 -2.409642 -2.1374029 -1.9682974 -1.7344814 -1.5897951 -1.5049117 -1.4667496 -1.5226989 -1.5779085
-1.3492218 -1.3345919 -1.2649478 -1.1475728 -1.0196551 -0.86531675 -0.73597777 -0.62236555 -0.59867709 -0.62380723 -0.73822249 -0.88888418 -1.1177147 -1.3611716 -1.6248242 -1.8844419 -2.0933741 -2.2743148 -2.3937046 -2.5011528 -2.5359749 -2.5834017 -2.5784271 -2.5952152 -2.5653677 -2.5653217 -2.5119038 -2.4467767 -2.3522597 -2.2453703 -2.1196968 -1.9893358 -1.8898443 -1.7947346 -1.7633162 -1.7608789 -1.830523 -1.9316008 -2.0886927 -2.2672034 -2.46095 -2.6403793 -2.7945912 -2.912303 -2.9751398 -2.9394395 -2.8543068 -2.6525272 -2.4094971 -2.107936 -1.7827171 -1.5270436 -1.25891 -1.1704731 -1.1118713 -1.1904172 -1.3053728
-1.3757146 -1.3511887 -1.2367735 -1.0989855 -0.89052711 -0.7126367 -0.51365365 -0.37845187 -0.31686188 -0.33238694 -0.43706073 -0.58421751 -0.82268779 -1.0697514 -1.35248 -1.6199716 -1.8537767 -2.0425032 -2.2038991 -2.32895 -2.4376359 -2.5171698 -2.5989425 -2.6548239 -2.701728 -2.7375246 -2.7226009 -2.6719651 -2.5642088 -2.4506892 -2.2828069 -2.1350459 -1.9778175 -1.8609665 -1.7835659 -1.7667967 -1.821517 -1.9189384 -2.0865031 -2.2717922 -2.4969572 -2.6887792 -2.8827877 -3.0096233 -3.087734 -3.0437494 -2.9337851 -2.6958013 -2.3763812 -2.0175663 -1.603891 -1.2928632 -0.96086649 -0.85318656 -0.78071184 -0.90927629 -1.0470684
-1.4022073 -1.3490731 -1.2274619 -1.0580145 -0.82911747 -0.58150387 -0.36091452 -0.20151984 -0.11175318 -0.093036478 -0.17048102 -0.32105306 -0.54395892 -0.74458604 -0.99709598 -1.2581638 -1.4793491 -1.6991584 -1.8793484 -2.0480221 -2.2047736 -2.3119219 -2.4240521 -2.5982937 -2.7168222 -2.7688392 -2.7948255 -2.7616899 -2.6695494 -2.5415561 -2.3618648 -2.1852183 -2.0107233 -1.8782567 -1.7927815 -1.7478239 -1.7892272 -1.8860646 -2.0484162 -2.2475063 -2.474805 -2.6903604 -2.8898167 -3.0318843 -3.1190026 -3.0673389 -2.9561329 -2.6665299 -2.3432652 -1.8899022 -1.4726736 -1.0757545 -0.74247249 -0.61724453 -0.56705795 -0.73190672 -0.92236613
