P2_models/J1_p2_vp_slide_diff_80.dat.tif
NCOLS 118
NROWS 92
XLLCORNER 139.62
YLLCORNER -39.07
DX 0.099491525
DY 0.099347826
NODATA_VALUE -9999
[rows 54 to 80 of 92, columns 0 to 59 of 118]
-9999 7.9358309 7.9373322 7.9388336 7.9403349 7.9337636 7.9265167 7.9189634 7.9110566 7.9031498 7.895243 7.8978526 7.9032307 7.9030821 7.8918659 7.8806497 7.8871163 7.8952299 7.9033434 7.9133416 7.927688 7.9420343 7.9563807 7.9611684 7.961661 7.9659776 7.9805433 7.9951091 7.9986138 8.000804 8.0029942 7.9997534 7.9860437 7.9723339 7.9586241 7.9516128 7.946389 7.9420695 7.9390436 7.9360176 7.9329917 7.9346043 7.9366235 7.9361915 7.9339975 7.9320247 7.9306088 7.9291929 7.927777 7.9271693 7.9267014 7.9262334 7.9284591 7.9335905 7.9381398 7.9406726 7.9432053 7.9457381 7.9334705 7.9186407
-9999 7.9392241 7.9407254 7.9400663 7.9328195 7.9255726 7.9183257 7.9107724 7.9028656 7.8964969 7.901875 7.9072531 7.9126311 7.9124825 7.9012663 7.8900502 7.878834 7.8794541 7.8875676 7.8975658 7.9119122 7.9262585 7.926856 7.9273486 7.9278413 7.9321579 7.9467236 7.9612893 7.9758551 7.9828343 7.9850245 7.9817838 7.968074 7.9549593 7.9497354 7.9445116 7.9392878 7.9349683 7.9319423 7.9298168 7.9318359 7.9338551 7.9358743 7.9354423 7.9332483 7.9310542 7.9288968 7.9274809 7.926065 7.9254573 7.9249893 7.9284224 7.9335539 7.9386853 7.9432346 7.9457674 7.9471183 7.9322886 7.9174588 7.9026291
-9999 7.9426172 7.9391222 7.9318753 7.9246284 7.9173815 7.9101346 7.9025814 7.9005193 7.9058973 7.9112754 7.9166535 7.9220316 7.921883 7.9106668 7.8994506 7.8882345 7.8770183 7.8717918 7.8817901 7.892051 7.8925436 7.8930363 7.8935289 7.8940216 7.8983381 7.9129039 7.9274696 7.9420353 7.9566011 7.9670549 7.9638141 7.9530819 7.947858 7.9426342 7.9374104 7.9321866 7.927867 7.9270484 7.9290676 7.9310867 7.9331059 7.9351251 7.9346931 7.932499 7.930305 7.9281109 7.9259169 7.9243529 7.9237453 7.9283858 7.9335172 7.9386487 7.9437801 7.9483294 7.9459365 7.9311067 7.916277 7.9014472 7.8866175
-9999 7.9367068 7.9294599 7.922213 7.9149662 7.9077193 7.9004724 7.8990257 7.9044038 7.9097819 7.91516 7.9205381 7.9259162 7.9297507 7.9185345 7.9073184 7.8961022 7.884886 7.8736698 7.8659942 7.8664869 7.8669795 7.8674722 7.8679648 7.8684575 7.8677894 7.8822308 7.8967966 7.9113623 7.925928 7.9404937 7.9483 7.9430762 7.9378524 7.9326286 7.9274048 7.922181 7.9237734 7.9257925 7.9278117 7.9298309 7.93185 7.9338692 7.9317514 7.9295573 7.9273633 7.9251692 7.9229752 7.9207811 7.9221223 7.9272538 7.9323852 7.9375167 7.9426481 7.9466125 7.9326297 7.9177999 7.9029702 7.8881405 7.8733107
-9999 7.9220195 7.9147726 7.9075257 7.9002788 7.893658 7.8914447 7.8903271 7.8904741 7.8948272 7.9002053 7.9055834 7.9109615 7.9152123 7.9172058 7.9099511 7.8987349 7.8875187 7.8763025 7.8686269 7.8691196 7.8696122 7.8701049 7.8705975 7.8602231 7.8544289 7.8639801 7.8768709 7.8914367 7.9060024 7.9205681 7.9283744 7.9231506 7.9179268 7.9127029 7.9075724 7.9077877 7.9118837 7.9215314 7.9248253 7.9268445 7.9288636 7.9308828 7.927027 7.9191271 7.9169331 7.914739 7.912545 7.9103509 7.9061902 7.9048544 7.9099858 7.9151173 7.9202487 7.9242131 7.924135 7.9137315 7.8989018 7.8840721 7.8692423
-9999 7.9073321 7.9000852 7.8928383 7.8879974 7.8857841 7.8835708 7.8824532 7.8826002 7.8827471 7.8852506 7.8906287 7.8960067 7.9002576 7.9022511 7.9042445 7.9013676 7.8901514 7.8789353 7.8712597 7.8717523 7.872245 7.8699019 7.8583822 7.8468626 7.8410684 7.8506196 7.8601707 7.871511 7.8860767 7.9006425 7.9084487 7.9032249 7.8980011 7.8945524 7.8947677 7.8949831 7.8990791 7.9087268 7.9183746 7.9238581 7.9258772 7.9278964 7.9240406 7.9159614 7.9078821 7.9043088 7.9021148 7.8999207 7.89576 7.8912595 7.8875864 7.8927179 7.8978493 7.9018137 7.9017356 7.9016574 7.8948334 7.8800036 7.8651739
-9999 7.8926448 7.8853979 7.8823368 7.8801235 7.8779102 7.875697 7.8745794 7.8747263 7.8748733 7.8750202 7.8756739 7.881052 7.8853029 7.8872964 7.8892898 7.8912833 7.8927842 7.881568 7.8738924 7.874385 7.868061 7.8565414 7.8450217 7.8335021 7.8277079 7.837259 7.8468102 7.8563614 7.8661511 7.8807168 7.8885231 7.8832993 7.8815325 7.8817478 7.8819631 7.8821785 7.8862744 7.8959222 7.90557 7.9152177 7.9228908 7.92491 7.9210542 7.912975 7.9048957 7.8968165 7.8916846 7.8894905 7.8853298 7.8808293 7.8763287 7.8718281 7.8754499 7.8794143 7.8793362 7.879258 7.8791798 7.8759352 7.8611055
-9999 7.8788895 7.8766762 7.8744629 7.8722497 7.8700364 7.8678231 7.8667055 7.8668525 7.8669994 7.8671464 7.8672933 7.8674403 7.8703482 7.8723416 7.8743351 7.8763286 7.8783221 7.8803155 7.8765251 7.8662201 7.8547005 7.8431808 7.8316612 7.8201416 7.8143473 7.8238985 7.8334497 7.8430009 7.8525521 7.8621033 7.8685975 7.8685125 7.8687278 7.8689432 7.8691585 7.8693739 7.8734698 7.8831176 7.8927654 7.9024131 7.9120609 7.9217086 7.9180678 7.9099886 7.9019093 7.8938301 7.8857509 7.8790603 7.8748996 7.8703991 7.8658985 7.8613979 7.8568974 7.8570149 7.8569368 7.8568586 7.8567804 7.8567022 7.8566241
-9999 7.8773359 7.8751227 7.8729094 7.8706961 7.8684828 7.8678932 7.8717947 7.8749193 7.8750662 7.8752132 7.8753601 7.8755071 7.8726835 7.8682728 7.8702663 7.8722598 7.8742533 7.8762468 7.8741541 7.8626345 7.8511148 7.8395952 7.8280756 7.8193712 7.8204392 7.8219534 7.8315046 7.8410558 7.8506069 7.8601581 7.8665205 7.8667358 7.8669512 7.8671665 7.8673819 7.8693832 7.8684177 7.8682609 7.8779087 7.8875564 7.8972042 7.9068519 7.9094576 7.9030637 7.8949845 7.8869052 7.878826 7.8707467 7.8820676 7.8778241 7.8733235 7.868823 7.8643224 7.8582988 7.8510166 7.8509384 7.8508602 7.8507821 7.8507039
-9999 7.8785308 7.8763175 7.8741042 7.8718909 7.8727098 7.8744799 7.8783814 7.8847429 7.8900649 7.8902118 7.8903588 7.8905057 7.8876821 7.8789098 7.8709313 7.8729248 7.8749182 7.8769117 7.874819 7.8632994 7.8517798 7.8402602 7.8362295 7.8388125 7.8398805 7.836888 7.8345234 7.8440746 7.8536258 7.863177 7.8695393 7.8697547 7.86997 7.8701854 7.8738919 7.879622 7.8786565 7.8681121 7.8621596 7.8718074 7.8814551 7.8911029 7.8937086 7.8912518 7.8863469 7.8782677 7.8701885 7.8621092 7.8734301 7.8881039 7.8885129 7.8840124 7.8795118 7.8734882 7.8621892 7.8521842 7.8521061 7.8520279 7.8519497
-9999 7.8797256 7.8775123 7.8757563 7.8775264 7.8792965 7.8810667 7.8849682 7.8913296 7.8976911 7.9040525 7.9053574 7.9055044 7.9026808 7.8939085 7.8851361 7.8763638 7.8755832 7.8775767 7.875484 7.8639644 7.8524448 7.8530878 7.8556708 7.8582537 7.8593217 7.8563292 7.8533367 7.8503442 7.8566446 7.8661958 7.8725582 7.8727735 7.8729889 7.8784007 7.8841307 7.8898607 7.8888953 7.8783509 7.8678065 7.8572621 7.8657061 7.8753538 7.8779595 7.8755028 7.873046 7.8696302 7.8615509 7.8534717 7.8647926 7.8794664 7.8941401 7.8992018 7.8947012 7.8886776 7.8773786 7.8660796 7.8547805 7.8532737 7.8531955
-9999 7.8809204 7.8805729 7.882343 7.8841132 7.8858833 7.8876534 7.891555 7.8979164 7.9042778 7.9106392 7.9170007 7.9205031 7.9176794 7.9089071 7.9001348 7.8913624 7.8825901 7.8782417 7.876149 7.8673631 7.8699461 7.8725291 7.875112 7.877695 7.878763 7.8757705 7.872778 7.8697855 7.866793 7.8692147 7.875577 7.8771794 7.8829094 7.8886395 7.8943695 7.9000995 7.899134 7.8885897 7.8780453 7.8675009 7.8569565 7.8596048 7.8622105 7.8597537 7.857297 7.8548402 7.8523835 7.8448342 7.8561551 7.8708288 7.8855026 7.9001763 7.9098906 7.903867 7.892568 7.881269 7.8699699 7.8586709 7.8544414
-9999 7.8840381 7.8858082 7.8875784 7.8893485 7.8911186 7.8928888 7.8952689 7.9016303 7.9079917 7.9143531 7.9207146 7.927076 7.9303766 7.9216043 7.9128319 7.9040596 7.8952873 7.8865149 7.8811763 7.8837592 7.8863422 7.8889252 7.8915081 7.8940911 7.8968265 7.893834 7.8908415 7.887849 7.8848565 7.881864 7.8818508 7.8875809 7.8933109 7.899041 7.904771 7.910501 7.9075846 7.8970402 7.8864958 7.8759514 7.865407 7.8548626 7.8492634 7.8468066 7.8443499 7.8418931 7.8394364 7.8369797 7.8491291 7.8638028 7.8784766 7.8931503 7.9078241 7.9127459 7.9014468 7.8901478 7.8788488 7.8675497 7.8562507
-9999 7.8825516 7.8843218 7.8860919 7.887862 7.889334 7.8843896 7.8846936 7.8910551 7.8974165 7.9037779 7.9101393 7.9178924 7.9226719 7.9212319 7.9140817 7.9053094 7.8965371 7.8877647 7.8824261 7.885009 7.887592 7.890175 7.8927579 7.8951865 7.8982374 7.9030434 7.9020524 7.8990599 7.8960674 7.8930749 7.8930617 7.8987917 7.9045218 7.9102518 7.9159818 7.9133458 7.9071406 7.8965962 7.8860518 7.8755074 7.8650988 7.856166 7.8507061 7.8477961 7.8453394 7.8428827 7.8404259 7.8379692 7.8501186 7.8647923 7.8794661 7.8941399 7.8960554 7.890237 7.8789379 7.8676389 7.8563399 7.8456908 7.848504
-9999 7.8810652 7.8828353 7.8846054 7.8837031 7.8787587 7.8738143 7.8741184 7.8804798 7.8868412 7.8936093 7.9014945 7.9093798 7.9141593 7.9127193 7.9112794 7.9065592 7.8977868 7.8890145 7.8836759 7.8862588 7.8888418 7.8913953 7.8937914 7.8961875 7.8992384 7.9040444 7.9088503 7.9102707 7.9072782 7.9042857 7.9042725 7.9100026 7.9157326 7.919246 7.9160739 7.9129018 7.9066966 7.8961522 7.8856079 7.8756618 7.866729 7.8577962 7.8523363 7.849373 7.8464098 7.8438722 7.8414154 7.8389587 7.8511081 7.8657818 7.8804556 7.8777827 7.8735465 7.8677281 7.856429 7.84513 7.8379053 7.8407184 7.8435315
-9999 7.8795787 7.8813489 7.8780723 7.8731279 7.8681835 7.8632391 7.8635431 7.8699046 7.8772114 7.8850967 7.892982 7.9008673 7.9056468 7.9042068 7.9027668 7.9013268 7.8990366 7.8902643 7.8849256 7.8875086 7.8900002 7.8923963 7.8947924 7.8971885 7.9002394 7.9050453 7.9098513 7.9146572 7.9184891 7.9154966 7.9154834 7.9212134 7.9219741 7.918802 7.9156299 7.9124578 7.9062526 7.8957083 7.8862248 7.877292 7.8683592 7.8594264 7.8539665 7.8510032 7.8480399 7.8450767 7.8424049 7.8399482 7.8520976 7.8637462 7.85951 7.8552738 7.8510376 7.8452192 7.8339201 7.8301197 7.8329328 7.8357459 7.838559
-9999 7.8773859 7.8724415 7.8674971 7.8625527 7.8576083 7.8526639 7.8529679 7.8608136 7.8686989 7.8765841 7.8844694 7.8923547 7.8971342 7.8956942 7.8942542 7.8928143 7.8913743 7.8899343 7.8861754 7.8886051 7.8910012 7.8933973 7.8957934 7.8981895 7.9012404 7.9060463 7.9108523 7.9156582 7.9204642 7.9252701 7.9266942 7.9247022 7.9215301 7.918358 7.9151859 7.9120138 7.9058087 7.8967878 7.887855 7.8789222 7.8699894 7.8610566 7.8555967 7.8526334 7.8496701 7.8467069 7.8437436 7.8409377 7.8454735 7.8412373 7.8370011 7.8327649 7.8285287 7.8227103 7.8223341 7.8251472 7.8279603 7.8307734 7.8335866
-9999 7.869075 7.8641306 7.8591862 7.8542418 7.8492974 7.8448282 7.8397269 7.8414362 7.8493215 7.8572067 7.865092 7.8729773 7.8796464 7.8812447 7.8798047 7.8783647 7.8769247 7.8754848 7.8752048 7.8776009 7.8799969 7.882393 7.8847891 7.8876883 7.8912885 7.8916729 7.8964789 7.9012848 7.9060908 7.9108967 7.9129776 7.9098056 7.9066335 7.9034614 7.9002893 7.8978782 7.8925385 7.8820603 7.8731275 7.8641947 7.8552619 7.8463291 7.8429384 7.8408406 7.8378774 7.8349141 7.8319508 7.8289875 7.8231502 7.8189139 7.8146777 7.8104415 7.8062053 7.805438 7.8131994 7.8160126 7.8188257 7.8216388 7.8244519
-9999 7.8620498 7.8571054 7.852161 7.8472166 7.8432733 7.8396973 7.834596 7.8277344 7.8237755 7.8316608 7.8395461 7.8474314 7.8541005 7.8583342 7.8619844 7.8605444 7.8591045 7.8576645 7.8573845 7.8597806 7.8621767 7.8645727 7.8687693 7.8747524 7.8783525 7.8755659 7.8733767 7.8781826 7.8829886 7.8877945 7.8898754 7.8867033 7.8835312 7.8803592 7.8789199 7.8786145 7.8732747 7.8607326 7.8491128 7.84018 7.8312473 7.8223145 7.8189238 7.8195172 7.8184637 7.8155004 7.8125371 7.8095738 7.8036438 7.797201 7.7924597 7.7882235 7.7839873 7.78322 7.7944684 7.8045149 7.807328 7.8101411 7.8129542
-9999 7.8550245 7.8500801 7.8452944 7.8417184 7.8381424 7.8345664 7.8294652 7.8226035 7.8157419 7.8088802 7.8140001 7.8218854 7.8285545 7.8327882 7.8370219 7.8412556 7.8412842 7.8398442 7.8395642 7.8419603 7.8443564 7.8498502 7.8558333 7.8618164 7.8654165 7.8626299 7.8598433 7.8570567 7.8598864 7.8646923 7.8667732 7.8636011 7.860429 7.8599615 7.8596561 7.8593507 7.854011 7.8414689 7.8289267 7.8163846 7.8072326 7.7982998 7.7949091 7.7955026 7.7960961 7.7960867 7.7931234 7.7901601 7.7842301 7.7777873 7.7713445 7.7660055 7.7617693 7.761002 7.7722504 7.7834988 7.7947472 7.7986434 7.8014565
-9999 7.8479993 7.8437395 7.8401635 7.8365876 7.8330116 7.8294356 7.8243343 7.8174727 7.810611 7.8037493 7.7968877 7.7963395 7.8030086 7.8072423 7.811476 7.8157097 7.8199434 7.8220239 7.8217439 7.824948 7.8309311 7.8369142 7.8428973 7.8488804 7.8524806 7.849694 7.8469073 7.8441207 7.8413341 7.8415901 7.843671 7.8413085 7.8410031 7.8406977 7.8403923 7.8400869 7.8347472 7.8222051 7.809663 7.7971209 7.7845788 7.7742852 7.7708945 7.771488 7.7720814 7.7726749 7.7732683 7.7707465 7.7648164 7.7583736 7.7519308 7.745488 7.7395513 7.738784 7.7500324 7.7612808 7.7725292 7.7837776 7.7899588
-9999 7.8431735 7.8395975 7.8360215 7.8324455 7.8288695 7.8252936 7.823041 7.8161793 7.8093177 7.802456 7.7955944 7.7887327 7.783098 7.7873317 7.7915653 7.795799 7.8000327 7.8042664 7.8090291 7.8150122 7.8209953 7.8269784 7.8329615 7.8389446 7.8395265 7.8367544 7.8339678 7.8311812 7.8283946 7.825608 7.8236689 7.8233635 7.8230581 7.8227527 7.8224473 7.822142 7.8192689 7.8067268 7.7941847 7.7816426 7.7691005 7.7565583 7.7540004 7.7545939 7.7551874 7.7557808 7.7563743 7.7569677 7.7544474 7.7480046 7.7415618 7.735119 7.7286762 7.7224605 7.7330158 7.7442642 7.7555127 7.7667611 7.7780095
-9999 7.8427745 7.8391985 7.8356225 7.8320466 7.8286142 7.8260803 7.8256249 7.8275684 7.8225508 7.8156892 7.8088275 7.8019659 7.7959104 7.7914692 7.7929862 7.7972199 7.8014536 7.8056873 7.81045 7.8164331 7.8224162 7.8283993 7.8343824 7.8290577 7.8241735 7.8231794 7.8210149 7.8182283 7.8154417 7.8126551 7.810716 7.8104106 7.8101052 7.8097998 7.8096518 7.8145594 7.8137957 7.8049183 7.7930356 7.7804935 7.7679514 7.7554093 7.75555 7.7646535 7.765247 7.7658405 7.7664339 7.7670274 7.7708855 7.7718727 7.7654299 7.7589871 7.7525443 7.7463286 7.7408996 7.7469372 7.7581856 7.769434 7.7806824
-9999 7.8423755 7.8387996 7.8352236 7.8321918 7.8296578 7.8271239 7.8266685 7.828612 7.8305555 7.8289223 7.8220606 7.815199 7.8091435 7.8047024 7.8002612 7.7986408 7.8028745 7.8071082 7.8118709 7.817854 7.8238371 7.8263758 7.8200402 7.8137046 7.8088204 7.8078263 7.8068322 7.8052754 7.8024888 7.7997022 7.797763 7.7974577 7.7971523 7.7987714 7.803679 7.8085866 7.8078229 7.7989455 7.7900681 7.7793445 7.7668024 7.7542602 7.754401 7.7636593 7.7729176 7.7759001 7.7764936 7.777087 7.7809452 7.7853676 7.789298 7.7828552 7.7764124 7.7701967 7.7647677 7.7593386 7.7608585 7.7721069 7.7833553
-9999 7.8419766 7.8384006 7.8357693 7.8332354 7.8307014 7.8281675 7.8277121 7.8296556 7.8315991 7.8335426 7.8352938 7.8284321 7.8223766 7.8179355 7.8134943 7.8090532 7.8046121 7.8085291 7.8132918 7.8192749 7.8173584 7.8110228 7.8046871 7.7983515 7.7934673 7.7924732 7.7914792 7.7904851 7.789491 7.7867492 7.7848101 7.7845047 7.7878909 7.7927985 7.7977061 7.8026138 7.8018501 7.7929727 7.7840953 7.7752179 7.7656533 7.7531112 7.753252 7.7625103 7.7717685 7.7810268 7.7865532 7.7871467 7.7910048 7.7954272 7.7998496 7.804272 7.8002805 7.7940648 7.7886358 7.7832067 7.7777777 7.7747798 7.7860282
-9999 7.8418808 7.8393469 7.8368129 7.834279 7.8317451 7.8292111 7.8287557 7.8306992 7.8326427 7.8345863 7.8365298 7.8384733 7.8356098 7.8311686 7.8267275 7.8222863 7.8178452 7.8134041 7.8146765 7.8083409 7.8020053 7.7956697 7.7893341 7.7829984 7.7781142 7.7771202 7.7761261 7.775132 7.7741379 7.7731439 7.7721028 7.7770104 7.781918 7.7868257 7.7917333 7.7966409 7.7958772 7.7869998 7.7781224 7.7692451 7.7603677 7.7514903 7.7521029 7.7613612 7.7706195 7.7798778 7.7891361 7.7972063 7.8010645 7.8054869 7.8099093 7.8143317 7.8187541 7.8179329 7.8125039 7.8070748 7.8016458 7.7962167 7.7907877
-9999 7.8471478 7.8446139 7.8420799 7.839546 7.8370121 7.8340722 7.8319231 7.8320559 7.8339994 7.8359429 7.8378864 7.8398299 7.8406864 7.8385977 7.8341566 7.8297154 7.8252743 7.8208332 7.8158192 7.8094836 7.8031479 7.7968123 7.7904767 7.7855353 7.7833227 7.7818608 7.7808667 7.7798726 7.7788786 7.7778845 7.7789062 7.7838139 7.7887215 7.7936291 7.7985368 7.8029937 7.8030858 7.7963968 7.7875194 7.7786421 7.7697647 7.7608873 7.7606327 7.7683969 7.7776552 7.7869135 7.7961718 7.8054301 7.8038164 7.806958 7.8113804 7.8158028 7.8202252 7.8226956 7.818166 7.812737 7.8073079 7.8018789 7.7964499
