P2_models/J1_p2__temp2_slide_120.dat.tif
NCOLS 118
NROWS 92
XLLCORNER 139.62
YLLCORNER -39.07
DX 0.099491525
DY 0.099347826
NODATA_VALUE -9999
[rows 54 to 80 of 92, columns 0 to 59 of 118]
-9999 1145.2183 1146.9181 1148.618 1150.3178 1157.0139 1164.128 1170.0558 1174.6145 1179.1732 1183.7318 1181.5155 1177.5156 1177.0101 1183.5023 1189.9944 1187.2346 1183.6131 1179.9916 1171.9514 1153.7169 1135.4824 1117.248 1111.7586 1111.996 1109.2537 1098.5248 1087.7959 1081.1044 1074.8928 1068.6811 1070.6922 1088.5542 1106.4161 1124.278 1131.9571 1136.9188 1140.6743 1142.7039 1144.7335 1146.7632 1143.0612 1138.8568 1138.4534 1140.7826 1142.64 1143.3106 1143.9812 1144.6518 1146.6554 1148.8893 1151.1233 1150.7534 1147.5746 1145.0335 1144.7009 1144.3683 1144.0357 1158.7469 1176.0624
-9999 1142.8292 1144.529 1147.5659 1154.6801 1161.7942 1168.9083 1174.8362 1179.3948 1182.9626 1178.9627 1174.9629 1170.963 1170.4575 1176.9496 1183.4418 1189.9339 1190.2331 1186.6116 1178.5714 1160.3369 1142.1025 1142.2002 1142.4376 1142.6751 1139.9328 1129.2039 1118.475 1107.7461 1099.7863 1093.5747 1095.5858 1113.4477 1130.4051 1135.3669 1140.3287 1145.2904 1149.0459 1151.0755 1151.9926 1147.7882 1143.5838 1139.3794 1138.9761 1141.3052 1143.6344 1145.8854 1146.556 1147.2266 1149.2302 1151.4642 1149.9271 1146.7484 1143.5696 1141.0285 1140.6959 1141.5646 1158.88 1176.1954 1193.5109
-9999 1140.4401 1145.2322 1152.3463 1159.4604 1166.5746 1173.6887 1179.6165 1180.4099 1176.41 1172.4101 1168.4102 1164.4103 1163.9048 1170.397 1176.8891 1183.3813 1189.8734 1193.2317 1185.1914 1172.4043 1172.6418 1172.8792 1173.1167 1173.3541 1170.6118 1159.8829 1149.154 1138.4251 1127.6962 1118.4682 1120.4793 1133.8149 1138.7767 1143.7385 1148.7002 1153.662 1157.4174 1156.7196 1152.5152 1148.3109 1144.1065 1139.9021 1139.4987 1141.8279 1144.157 1146.4862 1148.8153 1149.8015 1151.8051 1149.1009 1145.9221 1142.7434 1139.5646 1137.0235 1141.6976 1159.0131 1176.3285 1193.6439 1210.9594
-9999 1144.9356 1152.0497 1159.1638 1166.278 1173.3921 1180.5062 1182.5854 1178.5855 1174.5856 1170.5857 1166.5858 1162.5859 1159.6801 1166.1723 1172.6644 1179.1566 1185.6487 1192.1409 1196.7417 1196.9792 1197.2166 1197.4541 1197.6915 1197.929 1198.4362 1187.7978 1177.0689 1166.34 1155.6112 1144.8823 1139.5128 1144.4745 1149.4363 1154.3981 1159.3598 1164.3216 1163.1171 1158.9127 1154.7083 1150.5039 1146.2996 1142.0952 1142.202 1144.5312 1146.8603 1149.1895 1151.5186 1153.8478 1154.1957 1151.0169 1147.8382 1144.6594 1141.4806 1139.2942 1155.6873 1173.0028 1190.3182 1207.6336 1224.9491
-9999 1158.7109 1165.825 1172.9392 1180.0533 1186.4733 1188.0064 1189.7502 1191.7371 1188.9102 1184.9103 1180.9104 1176.9106 1173.7539 1172.2857 1176.3906 1182.8828 1189.3749 1195.8671 1200.4679 1200.7054 1200.9428 1201.1803 1201.4177 1208.4269 1212.1285 1205.0522 1195.5432 1184.8143 1174.0854 1163.3565 1157.9871 1162.9488 1167.9106 1172.8723 1177.723 1176.1999 1172.9069 1167.0819 1162.6067 1158.4023 1154.1979 1149.9936 1150.6264 1154.6823 1157.0115 1159.3406 1161.6698 1163.9989 1169.8573 1173.156 1169.9773 1166.7985 1163.6198 1161.4333 1162.6841 1175.1792 1192.4946 1209.81 1227.1255
-9999 1172.4863 1179.6004 1186.7145 1191.1611 1192.6942 1194.2274 1195.9711 1197.958 1199.9449 1199.235 1195.2351 1191.2352 1188.0785 1186.6103 1185.1422 1186.609 1193.1011 1199.5933 1204.1941 1204.4316 1204.669 1206.6735 1214.3964 1222.1193 1225.8209 1218.7445 1211.6681 1203.2886 1192.5597 1181.8308 1176.4613 1181.4231 1186.3849 1189.2303 1187.7072 1186.1841 1182.8912 1177.0661 1171.241 1166.3007 1162.0963 1157.8919 1158.5248 1162.635 1166.7452 1169.4918 1171.8209 1174.1501 1180.0085 1186.4768 1192.1164 1188.9376 1185.7589 1183.5724 1184.8232 1186.0739 1194.671 1211.9864 1229.3018
-9999 1186.2616 1193.3757 1195.8489 1197.382 1198.9151 1200.4483 1202.1921 1204.179 1206.1659 1208.1528 1209.5597 1205.5598 1202.4031 1200.935 1199.4668 1197.9986 1196.8273 1203.3195 1207.9203 1208.1578 1212.643 1220.3659 1228.0887 1235.8116 1239.5132 1232.4368 1225.3605 1218.2841 1211.034 1200.3051 1194.9356 1199.8974 1200.7376 1199.2145 1197.6914 1196.1684 1192.8754 1187.0503 1181.2253 1175.4002 1169.9947 1165.7903 1166.4231 1170.5334 1174.6436 1178.7538 1181.972 1184.3012 1190.1596 1196.628 1203.0964 1209.5647 1207.898 1205.7115 1206.9623 1208.213 1209.4638 1214.1628 1231.4782
-9999 1199.0035 1200.5366 1202.0698 1203.6029 1205.1361 1206.6692 1208.413 1210.3999 1212.3868 1214.3737 1216.3606 1218.3475 1216.7278 1215.2596 1213.7914 1212.3233 1210.8551 1209.3869 1211.6465 1218.6125 1226.3354 1234.0582 1241.7811 1249.504 1253.2056 1246.1292 1239.0528 1231.9764 1224.9 1217.8237 1213.4099 1212.2449 1210.7218 1209.1987 1207.6757 1206.1526 1202.8596 1197.0346 1191.2095 1185.3845 1179.5594 1173.7343 1174.3215 1178.4317 1182.5419 1186.6522 1190.7624 1194.4523 1200.3108 1206.7791 1213.2475 1219.7159 1226.1842 1227.8506 1229.1014 1230.3521 1231.6029 1232.8536 1234.1044
-9999 1199.9336 1201.4668 1202.9999 1204.5331 1206.0662 1206.2429 1202.5523 1200.7703 1202.7572 1204.7441 1206.731 1208.7179 1213.3548 1218.6749 1217.2067 1215.7386 1214.2704 1212.8023 1214.1133 1221.8362 1229.559 1237.2819 1245.0048 1251.1702 1251.9093 1251.2454 1244.169 1237.0927 1230.0163 1222.9399 1217.7603 1216.2373 1214.7142 1213.1912 1211.6681 1207.7859 1206.7979 1208.7535 1202.9284 1197.1034 1191.2783 1185.4533 1184.3321 1187.8878 1191.998 1196.1083 1200.2185 1204.3287 1195.7191 1201.9558 1208.4242 1214.8926 1221.361 1229.2734 1238.0124 1239.2632 1240.5139 1241.7647 1243.0154
-9999 1198.5631 1200.0962 1201.6294 1203.1625 1202.1625 1200.3677 1196.6771 1190.7982 1186.235 1188.2219 1190.2088 1192.1957 1196.8325 1206.7761 1215.8781 1214.41 1212.9418 1211.4736 1212.7847 1220.5076 1228.2304 1235.9533 1239.5331 1239.4542 1240.1934 1243.1252 1245.5559 1238.4795 1231.4032 1224.3268 1219.1472 1217.6242 1216.1011 1214.5781 1208.4434 1199.6359 1198.6478 1208.8468 1215.4017 1209.5766 1203.7515 1197.9265 1196.8053 1199.0657 1202.1315 1206.2417 1210.352 1214.4622 1205.8525 1195.0446 1197.0893 1203.5577 1210.026 1217.9384 1230.8528 1242.422 1243.6728 1244.9235 1246.1743
-9999 1197.1925 1198.7257 1199.8768 1198.082 1196.2873 1194.4925 1190.8018 1184.923 1179.0442 1173.1654 1173.6866 1175.6735 1180.3103 1190.2539 1200.1974 1210.1409 1211.6132 1210.145 1211.4561 1219.179 1226.9018 1227.8961 1227.8172 1227.7382 1228.4774 1231.4092 1234.341 1237.2728 1232.7901 1225.7137 1220.5341 1219.0111 1217.488 1209.1009 1200.2933 1191.4858 1190.4978 1200.6967 1210.8956 1221.0945 1216.2248 1210.3997 1209.2785 1211.5389 1213.7993 1216.3752 1220.4854 1224.5957 1215.986 1205.1781 1194.3701 1192.2227 1198.6911 1206.6035 1219.5179 1232.4322 1245.3466 1248.0823 1249.3331
-9999 1195.822 1195.7964 1194.0016 1192.2068 1190.4121 1188.6173 1184.9266 1179.0478 1173.169 1167.2902 1161.4114 1159.1513 1163.7881 1173.7316 1183.6752 1193.6187 1203.5622 1208.8164 1210.1275 1216.338 1216.259 1216.1801 1216.1012 1216.0223 1216.7614 1219.6932 1222.625 1225.5568 1228.4886 1227.1006 1221.921 1218.5659 1209.7583 1200.9508 1192.1433 1183.3358 1182.3477 1192.5467 1202.7456 1212.9445 1223.1434 1222.8729 1221.7518 1224.0121 1226.2725 1228.5329 1230.7933 1234.7291 1226.1195 1215.3115 1204.5036 1193.6956 1187.3562 1195.2686 1208.1829 1221.0973 1234.0116 1246.926 1252.4919
-9999 1193.7266 1191.9318 1190.137 1188.3423 1186.5475 1184.7528 1181.9011 1176.0223 1170.1435 1164.2647 1158.3859 1152.5071 1149.2963 1159.2398 1169.1834 1179.1269 1189.0704 1199.0139 1205.9268 1205.8478 1205.7689 1205.69 1205.6111 1205.5321 1204.517 1207.4488 1210.3806 1213.3124 1216.2442 1219.176 1218.098 1209.2905 1200.483 1191.6754 1182.8679 1174.0604 1175.9634 1186.1623 1196.3612 1206.5601 1216.759 1226.9579 1233.0797 1235.3401 1237.6005 1239.8608 1242.1212 1244.3816 1235.4994 1224.6914 1213.8834 1203.0754 1192.2675 1189.2677 1202.182 1215.0964 1228.0107 1240.9251 1253.8394
-9999 1199.8627 1198.068 1196.2732 1194.4784 1192.8481 1194.7564 1193.0497 1187.1709 1181.2921 1175.4133 1169.5345 1165.4139 1161.5492 1157.8623 1164.7904 1174.7339 1184.6774 1194.621 1201.5338 1201.4549 1201.376 1201.297 1201.2181 1204.2724 1204.551 1195.6207 1195.508 1198.4398 1201.3716 1204.3034 1203.2254 1194.4179 1185.6104 1176.8028 1167.9953 1171.5851 1178.3614 1188.5603 1198.7593 1208.9582 1219.4658 1233.3291 1239.7601 1240.9716 1243.2319 1245.4923 1247.7527 1250.0131 1241.1308 1230.3229 1219.5149 1208.7069 1205.9877 1209.7973 1222.7117 1235.6261 1248.5404 1260.9066 1261.9211
-9999 1205.9989 1204.2041 1202.4094 1202.0884 1203.9967 1205.905 1204.1983 1198.3195 1192.4407 1187.0756 1183.1221 1179.1685 1175.3038 1171.6169 1167.9301 1170.341 1180.2845 1190.228 1197.1409 1197.062 1196.983 1197.5012 1201.2155 1204.9299 1205.2084 1196.2781 1187.3479 1183.5672 1186.499 1189.4308 1188.3528 1179.5453 1170.7378 1165.215 1169.5991 1173.9831 1180.7595 1190.9584 1201.1573 1212.7167 1226.58 1240.4432 1246.8743 1247.9624 1249.0505 1251.1238 1253.3842 1255.6446 1246.7623 1235.9543 1225.1464 1225.3363 1226.5174 1230.327 1243.2414 1256.1557 1265.6345 1266.6489 1267.6634
-9999 1212.1351 1210.3403 1211.3288 1213.237 1215.1453 1217.0536 1215.3469 1209.4681 1204.7838 1200.8302 1196.8767 1192.9231 1189.0584 1185.3715 1181.6847 1177.9979 1175.8916 1185.8351 1192.748 1192.669 1194.4443 1198.1587 1201.873 1205.5874 1205.8659 1196.9356 1188.0053 1179.075 1171.6264 1174.5582 1173.4803 1164.6727 1163.229 1167.6131 1171.9971 1176.3811 1183.1575 1193.3564 1205.9676 1219.8309 1233.6941 1247.5574 1253.9885 1255.0766 1256.1647 1257.2529 1259.0157 1261.276 1252.3938 1243.5038 1244.6849 1245.866 1247.0471 1250.8567 1263.7711 1270.3623 1271.3768 1272.3912 1273.4057
-9999 1218.6608 1220.5691 1222.4774 1224.3856 1226.2939 1228.2022 1226.4955 1222.4919 1218.5384 1214.5848 1210.6312 1206.6777 1202.813 1199.1261 1195.4393 1191.7525 1188.0657 1184.3788 1188.355 1191.3874 1195.1018 1198.8161 1202.5305 1206.2448 1206.5234 1197.5931 1188.6628 1179.7325 1170.8022 1161.8719 1158.6077 1161.243 1165.6271 1170.0111 1174.3951 1178.7792 1185.5555 1199.2185 1213.0818 1226.945 1240.8083 1254.6716 1261.1027 1262.1908 1263.2789 1264.367 1265.4552 1266.9075 1262.8524 1264.0335 1265.2146 1266.3957 1267.5768 1271.3864 1275.0902 1276.1046 1277.1191 1278.1335 1279.148
-9999 1223.8576 1225.7658 1227.6741 1229.5824 1231.4907 1234.587 1235.5443 1231.5342 1227.5807 1223.6271 1219.6735 1215.72 1214.0733 1213.9529 1210.2661 1206.5792 1202.8924 1199.2056 1197.7568 1201.4711 1205.1855 1208.8998 1212.6142 1215.9304 1216.0018 1211.0575 1202.1273 1193.197 1184.2667 1175.3364 1170.9538 1175.3379 1179.7219 1184.1059 1188.49 1192.9907 1197.1237 1206.3978 1220.2611 1234.1243 1247.9876 1261.8509 1267.1122 1267.711 1268.7991 1269.8872 1270.9753 1272.0635 1273.3429 1274.524 1275.7051 1276.8862 1278.0673 1278.03 1275.9516 1276.966 1277.9805 1278.995 1280.0094
-9999 1225.6752 1227.5835 1229.4917 1231.4 1235.8113 1241.1408 1242.0981 1238.0095 1233.9475 1229.9939 1226.0404 1222.0868 1220.4402 1223.4133 1225.7016 1222.0147 1218.3279 1214.6411 1213.1923 1216.9066 1220.621 1224.3353 1226.6251 1227.5013 1227.5727 1225.4871 1222.8629 1213.9327 1205.0024 1196.0721 1191.6895 1196.0736 1200.4576 1204.8416 1209.4913 1214.3148 1218.4478 1221.5931 1227.4773 1241.3406 1255.2039 1269.0672 1274.3284 1273.4058 1273.4142 1274.5024 1275.5905 1276.6786 1277.9639 1279.2832 1280.4959 1281.6771 1282.8582 1282.8208 1278.5629 1275.0563 1276.0708 1277.0852 1278.0997
-9999 1227.4928 1229.4011 1231.7061 1237.0356 1242.3651 1247.6946 1248.6519 1244.5633 1240.4747 1236.3861 1232.4072 1228.4536 1226.807 1229.7801 1232.7533 1235.7264 1233.7634 1230.0766 1228.6278 1232.3421 1236.0565 1237.3198 1238.196 1239.0721 1239.1436 1237.0579 1234.9723 1232.8867 1225.7381 1216.8078 1212.4252 1216.8093 1221.1933 1225.9919 1230.8154 1235.6389 1239.7719 1242.9172 1246.0625 1249.2079 1262.4202 1276.2834 1281.5447 1280.622 1279.6994 1279.1175 1280.2057 1281.2938 1282.579 1283.8984 1285.2177 1286.4679 1287.649 1287.6116 1283.3538 1279.0959 1274.838 1275.1755 1276.1899
-9999 1229.3104 1232.9304 1238.2599 1243.5894 1248.9189 1254.2484 1255.2057 1251.1171 1247.0285 1242.9399 1238.8513 1234.8205 1233.1738 1236.147 1239.1201 1242.0933 1245.0664 1245.5121 1244.0633 1247.1383 1248.0144 1248.8906 1249.7668 1250.643 1250.7144 1248.6288 1246.5432 1244.4576 1242.372 1237.5435 1233.1609 1237.6691 1242.4925 1247.316 1252.1395 1256.963 1261.096 1264.2414 1267.3867 1270.532 1273.6773 1283.4997 1288.761 1287.8383 1286.9156 1285.993 1285.0703 1285.9089 1287.1942 1288.5135 1289.8328 1291.1522 1292.4398 1292.4025 1288.1446 1283.8867 1279.6288 1275.3709 1274.2802
-9999 1233.2299 1238.5594 1243.8889 1249.2184 1254.5479 1259.8773 1260.9677 1256.8791 1252.7905 1248.7018 1244.6132 1240.5246 1238.8309 1241.804 1244.7771 1247.7503 1250.7234 1253.6965 1256.0356 1256.9118 1257.788 1258.6642 1259.5404 1260.4165 1260.6685 1258.6096 1256.524 1254.4383 1252.3527 1250.2671 1250.5414 1255.3649 1260.1884 1265.0119 1269.8354 1274.6589 1275.5775 1278.7228 1281.8681 1285.0134 1288.1587 1291.304 1292.8205 1291.8979 1290.9752 1290.0526 1289.1299 1288.2073 1290.5129 1291.8323 1293.1516 1294.4709 1295.7902 1294.8782 1290.4382 1286.1803 1281.9224 1277.6645 1273.4066
-9999 1235.3582 1240.6877 1246.0172 1251.3467 1256.4185 1259.8795 1260.9166 1259.1561 1255.555 1251.4664 1247.3778 1243.2892 1241.6028 1244.7268 1247.7472 1250.7203 1253.6935 1256.6666 1259.0057 1259.8818 1260.758 1261.6342 1262.5104 1261.0751 1260.2097 1261.4255 1260.4857 1258.4001 1256.3145 1254.2288 1254.5032 1259.3266 1264.1501 1268.9736 1273.6743 1274.4304 1273.0639 1268.6605 1270.4476 1273.5929 1276.7382 1279.8835 1282.2502 1284.0083 1283.0857 1282.163 1281.2403 1280.3177 1285.5339 1290.2436 1291.5629 1292.8823 1294.2016 1293.2895 1284.6484 1279.0209 1274.763 1270.5052 1266.2473
-9999 1237.4865 1242.816 1248.1455 1252.4992 1255.9602 1259.4212 1260.4582 1258.6977 1256.9372 1254.231 1250.1424 1246.0538 1244.3673 1247.4914 1250.6154 1253.6904 1256.6635 1259.6366 1261.9757 1262.8519 1263.7281 1263.9002 1262.2582 1260.6163 1259.7509 1260.9667 1262.1825 1262.3618 1260.2762 1258.1906 1258.4649 1263.2884 1268.1118 1271.4338 1272.1899 1272.9461 1271.5795 1267.1762 1262.7728 1262.1724 1265.3177 1268.463 1270.8297 1272.6366 1274.4435 1274.2734 1273.3508 1272.4281 1277.6444 1283.9216 1289.9743 1291.2936 1292.6129 1291.7009 1283.0597 1274.4185 1267.6037 1263.3458 1259.0879
-9999 1239.6148 1244.9443 1248.5798 1252.0408 1255.5018 1258.9628 1259.9999 1258.2394 1256.4789 1254.7183 1252.907 1248.8184 1247.1319 1250.2559 1253.38 1256.504 1259.628 1262.6067 1264.9457 1265.8219 1265.0833 1263.4414 1261.7994 1260.1575 1259.2921 1260.5079 1261.7237 1262.9395 1264.1553 1262.1523 1262.4266 1267.2501 1269.1933 1269.9495 1270.7056 1271.4617 1270.0952 1265.6918 1261.2885 1256.8851 1253.8972 1257.0425 1259.4092 1261.2161 1263.023 1264.8299 1265.4612 1264.5385 1269.7548 1276.032 1282.3092 1288.5864 1291.0243 1290.1122 1281.471 1272.8298 1264.1886 1256.1864 1251.9285
-9999 1241.1995 1244.6605 1248.1215 1251.5825 1255.0435 1258.5045 1259.5415 1257.781 1256.0205 1254.26 1252.4995 1250.739 1249.8965 1253.0205 1256.1446 1259.2686 1262.3926 1265.5167 1267.9084 1266.2665 1264.6245 1262.9826 1261.3406 1259.6987 1258.8333 1260.0491 1261.2649 1262.4807 1263.6965 1264.9124 1266.1967 1266.9528 1267.709 1268.4651 1269.2212 1269.9774 1268.6108 1264.2075 1259.8041 1255.4008 1250.9974 1246.594 1247.9887 1249.7956 1251.6025 1253.4094 1255.2163 1256.649 1261.8652 1268.1424 1274.4196 1280.6968 1286.974 1288.5236 1279.8824 1271.2412 1262.6 1253.9588 1245.3176
-9999 1245.9213 1249.3823 1252.8433 1256.3043 1259.7653 1259.9312 1258.5036 1257.6218 1255.8613 1254.1008 1252.3403 1250.5798 1250.8958 1255.0379 1258.1619 1261.286 1264.41 1267.534 1269.2169 1267.575 1265.933 1264.2911 1262.6492 1260.3646 1258.2186 1259.5059 1260.7217 1261.9375 1263.1534 1264.3692 1265.428 1266.1841 1266.9403 1267.6964 1268.4525 1268.4112 1267.6537 1265.7154 1261.3121 1256.9087 1252.5054 1248.102 1244.525 1244.1726 1245.9795 1247.7864 1249.5933 1251.4002 1254.7779 1260.6299 1266.9071 1273.1843 1279.4615 1283.9569 1280.8209 1272.1797 1263.5386 1254.8974 1246.2562
