P2_models/J1_p2_vp_slide_diff_15.dat.tif
NCOLS 118
NROWS 92
XLLCORNER 139.62
YLLCORNER -39.07
DX 0.099491525
DY 0.099347826
NODATA_VALUE -9999
[rows 54 to 80 of 92, columns 0 to 59 of 118]
-9999 6.4664097 6.4714653 6.476521 6.4815766 6.4818907 6.481808 6.4742681 6.4581216 6.4419751 6.4258286 6.417695 6.4116709 6.4091151 6.413505 6.4178949 6.4194387 6.4207173 6.4219959 6.4247545 6.4309275 6.4371004 6.4432734 6.4483019 6.4528161 6.4553282 6.4524738 6.4496194 6.4425754 6.4350334 6.4274914 6.4216696 6.4191636 6.4166576 6.4141516 6.4079843 6.4008399 6.3922976 6.3817553 6.371213 6.3606706 6.3507169 6.3408147 6.3336357 6.3284143 6.3241126 6.3221243 6.320136 6.3181478 6.3264081 6.3364397 6.3464713 6.35223 6.3533791 6.3509065 6.3358888 6.3208711 6.3058534 6.3065443 6.3099545
-9999 6.4649655 6.4700211 6.4738078 6.4737251 6.4736424 6.4735598 6.4660198 6.4498734 6.4348988 6.4288747 6.4228505 6.4168264 6.4142706 6.4186605 6.4230504 6.4274403 6.4299251 6.4312037 6.4339623 6.4401353 6.4463082 6.450835 6.4553493 6.4598636 6.4623756 6.4595212 6.4566668 6.4538124 6.4480845 6.4405425 6.4347207 6.4322147 6.4293834 6.4222391 6.4150948 6.4079504 6.3994081 6.3888658 6.3784377 6.3685356 6.3586334 6.3487312 6.3415522 6.3363308 6.3311095 6.3260403 6.3240521 6.3220638 6.3303242 6.3403558 6.344199 6.3453482 6.3464973 6.3440247 6.329007 6.3152436 6.3186539 6.3220641 6.3254744
-9999 6.4635213 6.4656423 6.4655596 6.4654769 6.4653942 6.4653115 6.4577716 6.4460784 6.4400543 6.4340302 6.428006 6.4219819 6.4194262 6.423816 6.4282059 6.4325958 6.4369857 6.4404116 6.4431702 6.448854 6.4533682 6.4578825 6.4623967 6.466911 6.4694231 6.4665687 6.4637143 6.4608599 6.4580055 6.4535936 6.4477717 6.4436383 6.4364939 6.4293496 6.4222053 6.4150609 6.4065186 6.3962564 6.3863542 6.3764521 6.3665499 6.3566478 6.3494687 6.3442474 6.339026 6.3338046 6.3285832 6.3259798 6.3342402 6.3361681 6.3373173 6.3384664 6.3396155 6.3371429 6.3273532 6.3307635 6.3341737 6.337584 6.3409942
-9999 6.4534372 6.4533545 6.4532718 6.4531891 6.4531064 6.4530237 6.45883 6.4528059 6.4467818 6.4407577 6.4347335 6.4287094 6.4257693 6.4301592 6.4345491 6.438939 6.4433289 6.4477188 6.4521463 6.4566606 6.4611748 6.4656891 6.4702033 6.4747176 6.4750299 6.4722586 6.4694042 6.4665498 6.4636954 6.460841 6.4565213 6.4493769 6.4422326 6.4350883 6.4279439 6.4207996 6.4124802 6.4025781 6.3926759 6.3827738 6.3728716 6.3629695 6.3548306 6.3496092 6.3443878 6.3391664 6.3339451 6.3287237 6.3291996 6.3303488 6.3314979 6.332647 6.3337962 6.3359152 6.3394442 6.3428544 6.3462647 6.3496749 6.3530852
-9999 6.4273524 6.4272697 6.427187 6.4271043 6.4287594 6.4426477 6.453901 6.4621132 6.4588784 6.4528542 6.4468301 6.440806 6.4378257 6.440941 6.4449486 6.4493385 6.4537284 6.4581183 6.4625458 6.4670601 6.4715743 6.4760886 6.4806029 6.4757851 6.4716953 6.4721924 6.4704575 6.4676031 6.4647487 6.4618943 6.4575746 6.4504303 6.4432859 6.4361416 6.4289393 6.4184112 6.4094997 6.4029008 6.3935506 6.3836485 6.3737463 6.3638442 6.3547158 6.3462457 6.3410243 6.335803 6.3305816 6.3253602 6.3263752 6.328158 6.3293072 6.3304563 6.3316054 6.3337244 6.339203 6.3432339 6.3466442 6.3500544 6.3534647
-9999 6.4012676 6.4011849 6.4011023 6.4076974 6.4215858 6.4354742 6.4467275 6.4549396 6.4631517 6.4649508 6.4589267 6.4529026 6.4499223 6.4530376 6.4561528 6.459738 6.4641279 6.4685178 6.4729453 6.4774596 6.4819738 6.4840529 6.4782518 6.4724506 6.4683608 6.4688579 6.469355 6.4686564 6.465802 6.4629476 6.4586279 6.4514836 6.4443392 6.4360906 6.4255625 6.4150345 6.4061229 6.3995241 6.3929252 6.3845232 6.374621 6.3647189 6.3555905 6.3470183 6.3384462 6.3324395 6.3272181 6.3219967 6.3230118 6.3251046 6.3271164 6.3282656 6.3294147 6.3315337 6.3370123 6.3424909 6.3470237 6.3504339 6.3538442
-9999 6.3751829 6.3751002 6.3866355 6.4005239 6.4144122 6.4283006 6.4395539 6.447766 6.4559782 6.4641903 6.4710233 6.4649992 6.4620189 6.4651342 6.4682494 6.4713646 6.4745274 6.4789173 6.4833448 6.4878591 6.4865196 6.4807184 6.4749172 6.469116 6.4650262 6.4655233 6.4660205 6.4665176 6.4668553 6.4640009 6.4596812 6.4525369 6.4432419 6.4327139 6.4221858 6.4116578 6.4027462 6.3961474 6.3895485 6.3829496 6.3754957 6.3655936 6.3564652 6.347893 6.3393209 6.3307487 6.3238546 6.3186332 6.3196483 6.3217412 6.323834 6.3259269 6.327224 6.329343 6.3348216 6.3403002 6.3457788 6.3508134 6.3542237
-9999 6.3516852 6.3655736 6.3794619 6.3933503 6.4072386 6.421127 6.4323803 6.4405925 6.4488046 6.4570167 6.4652288 6.473441 6.4741155 6.4772307 6.480346 6.4834612 6.4865765 6.4896917 6.4937443 6.4889862 6.483185 6.4773838 6.4715827 6.4657815 6.4616917 6.4621888 6.4626859 6.463183 6.4636801 6.4641773 6.4607345 6.4503933 6.4398652 6.4293371 6.4188091 6.408281 6.3993695 6.3927706 6.3861718 6.3795729 6.3729741 6.3663752 6.3573399 6.3487677 6.3401956 6.3316234 6.3230513 6.3152698 6.3162848 6.3183777 6.3204706 6.3225634 6.3246563 6.3271523 6.3326309 6.3381095 6.3435881 6.3490667 6.3545453
-9999 6.3253111 6.3391995 6.3530879 6.3669762 6.3808646 6.3994078 6.4209817 6.4335309 6.441743 6.4499551 6.4581673 6.4663794 6.4783216 6.4911311 6.4942463 6.4973616 6.5004768 6.5035921 6.5040111 6.4982099 6.4924088 6.4866076 6.4808064 6.4776887 6.4801402 6.4729773 6.4734744 6.4739716 6.4744687 6.4749658 6.4716971 6.461169 6.450641 6.4401129 6.4295848 6.4162252 6.3983315 6.3872053 6.3806065 6.3740076 6.3674088 6.3608099 6.3549257 6.3473132 6.3387411 6.3301689 6.3215968 6.3130246 6.3154515 6.3175744 6.3196672 6.3217601 6.323853 6.3256627 6.3281562 6.3336348 6.3391134 6.344592 6.3500706
-9999 6.2905877 6.3044761 6.3183645 6.3322528 6.3548342 6.3801427 6.4017166 6.4189804 6.4347302 6.4429423 6.4511544 6.4593666 6.4713088 6.4907207 6.508931 6.5120463 6.5151615 6.5182768 6.5186958 6.5128946 6.5070935 6.5012923 6.5026295 6.5102708 6.5127223 6.5012641 6.4904044 6.4909015 6.4913986 6.4918958 6.4886271 6.478099 6.4675709 6.4570429 6.4409797 6.4217083 6.4038147 6.3878919 6.3740895 6.3674906 6.3608918 6.3542929 6.3484087 6.3430382 6.3362737 6.3277015 6.3191294 6.3105572 6.3129842 6.3173121 6.3199772 6.3220701 6.324163 6.3259727 6.3268017 6.3281669 6.3336455 6.3391241 6.3446027
-9999 6.2558644 6.2697527 6.284952 6.3102606 6.3355691 6.3608776 6.3824515 6.3997153 6.416979 6.4342427 6.4441416 6.4523537 6.4642959 6.4837079 6.5031198 6.5225318 6.5298463 6.5329615 6.5333805 6.5275794 6.5217782 6.5275703 6.5352116 6.5428529 6.5453045 6.5338462 6.522388 6.5109298 6.5083286 6.5088257 6.505557 6.495029 6.4845009 6.4657341 6.4464628 6.4271915 6.4092978 6.393375 6.3774523 6.3615295 6.3543748 6.3477759 6.3418917 6.3365213 6.3311508 6.3252342 6.316662 6.3080899 6.3105168 6.3148447 6.3191726 6.3223801 6.3244729 6.3262827 6.3271116 6.3279406 6.3287696 6.3336562 6.3391348
-9999 6.221141 6.2403784 6.2656869 6.2909955 6.316304 6.3416125 6.3631864 6.3804502 6.3977139 6.4149777 6.4322414 6.4453408 6.4572831 6.476695 6.496107 6.5155189 6.5349309 6.5476462 6.5480653 6.5448699 6.5525112 6.5601525 6.5677937 6.575435 6.5778866 6.5664284 6.5549701 6.5435119 6.5320537 6.5257557 6.522487 6.5097599 6.4904886 6.4712173 6.4519459 6.4326746 6.4147809 6.3988581 6.3829354 6.3670126 6.3510898 6.3412589 6.3353747 6.3300043 6.3246338 6.3192634 6.3138929 6.3056225 6.3080495 6.3123773 6.3167052 6.3210331 6.3247829 6.3265926 6.3274216 6.3282506 6.3290796 6.3299085 6.3336669
-9999 6.1984885 6.2237971 6.2491056 6.2744141 6.2997226 6.3250312 6.3481644 6.3654281 6.3826918 6.3999556 6.4172193 6.4344831 6.4546583 6.4740703 6.4934822 6.5128942 6.5323062 6.5517181 6.5675708 6.5752121 6.5828534 6.5904946 6.5981359 6.6057772 6.6044493 6.5929911 6.5815328 6.5700746 6.5586164 6.5471582 6.5330313 6.5137599 6.4944886 6.4752172 6.4559459 6.4366746 6.4196905 6.4037678 6.387845 6.3719222 6.3559995 6.3400767 6.3295232 6.3241527 6.3187823 6.3134118 6.3080414 6.3026709 6.3055697 6.3098976 6.3142254 6.3185533 6.3228812 6.3264492 6.3272782 6.3281072 6.3289361 6.3297651 6.3305941
-9999 6.1952558 6.2205643 6.2458728 6.2711813 6.2967955 6.3289855 6.3542464 6.3715102 6.3887739 6.4060377 6.4233014 6.4451389 6.4680443 6.4922179 6.5126833 6.5320953 6.5515072 6.5709192 6.5867719 6.5944131 6.6020544 6.6096957 6.617337 6.6254819 6.6235231 6.5941994 6.5781559 6.5666977 6.5552395 6.5437812 6.5296543 6.510383 6.4911116 6.4718403 6.452569 6.4371983 6.4217477 6.4058249 6.3899022 6.3739794 6.3586708 6.3500387 6.336873 6.3216112 6.3162407 6.3108703 6.3054999 6.3001294 6.3030281 6.307356 6.3116839 6.3160118 6.3204173 6.3240507 6.3248797 6.3257087 6.3265377 6.3277729 6.3374214
-9999 6.192023 6.2173315 6.24264 6.2706875 6.3028775 6.3350676 6.3603285 6.3775923 6.394856 6.4134561 6.4357282 6.4580003 6.4809056 6.5050793 6.5292529 6.5512963 6.5707083 6.5901202 6.6059729 6.6136142 6.6212555 6.6289927 6.6372437 6.6454947 6.6435359 6.6142122 6.5848885 6.5633207 6.5518625 6.5404043 6.5262774 6.507006 6.4877347 6.4694969 6.4543762 6.4392555 6.4238048 6.4078821 6.3919593 6.3787434 6.3701113 6.3614792 6.3483135 6.3318887 6.3154638 6.3083288 6.3029583 6.2975879 6.3004866 6.3048145 6.3091424 6.3135759 6.3180189 6.3216523 6.3224812 6.3233102 6.3266855 6.336334 6.3459826
-9999 6.1887902 6.2140987 6.2445795 6.2767695 6.3089596 6.3411497 6.3664106 6.3836743 6.4040454 6.4263175 6.4485895 6.4708616 6.493767 6.5179406 6.5421142 6.5662879 6.5899093 6.6093213 6.625174 6.6328153 6.6407546 6.6490056 6.6572566 6.6655076 6.6635488 6.6342251 6.6049014 6.5755777 6.5484856 6.5370274 6.5229004 6.5036291 6.4866747 6.4715541 6.4564334 6.4413127 6.425862 6.4099392 6.3988159 6.3901838 6.3815517 6.3729196 6.3597539 6.3433291 6.3269043 6.3104795 6.3004168 6.2950463 6.2979451 6.3022914 6.3067344 6.3111774 6.3156204 6.3192538 6.3200828 6.3255981 6.3352466 6.3448952 6.3545437
-9999 6.1862814 6.2184715 6.2506615 6.2828516 6.3150417 6.3472318 6.3724927 6.3946347 6.4169067 6.4391788 6.4614509 6.483723 6.5066283 6.530802 6.5549756 6.5791492 6.6033228 6.6274965 6.6443751 6.6525164 6.6607674 6.6690184 6.6772694 6.6855204 6.6835616 6.6542379 6.6249142 6.5955905 6.5662668 6.5369431 6.5195235 6.5038526 6.4887319 6.4736112 6.4584905 6.4433698 6.4279192 6.4188885 6.4102564 6.4016243 6.3929922 6.3843601 6.3711944 6.3547696 6.3383447 6.3219199 6.3054951 6.2925048 6.2954499 6.2998929 6.3043359 6.3087789 6.3132219 6.3168553 6.3245107 6.3341592 6.3438077 6.3534563 6.3631048
-9999 6.1708479 6.203038 6.2352281 6.2674182 6.2996082 6.3355096 6.3692371 6.3918838 6.4141559 6.436428 6.4587001 6.4809721 6.5058759 6.5332626 6.5574362 6.5816098 6.6057834 6.6299571 6.6493159 6.6575669 6.6658179 6.6740689 6.6823199 6.6897962 6.6901319 6.6743472 6.6450235 6.6156998 6.5863761 6.5570524 6.53258 6.5174593 6.5023386 6.4872179 6.4720972 6.4550263 6.4330847 6.4190753 6.4104432 6.4018111 6.393179 6.3845469 6.3716918 6.3553968 6.338972 6.3225472 6.3061223 6.2896975 6.2794518 6.2838948 6.2883378 6.2927808 6.2972238 6.3044827 6.3184512 6.3280998 6.3377483 6.3473969 6.3570454
-9999 6.143199 6.1753891 6.2075791 6.2397692 6.2797786 6.3226565 6.356384 6.3795507 6.4025413 6.4248133 6.4470854 6.4693575 6.4942612 6.524435 6.5539918 6.5781654 6.602339 6.6265126 6.6458715 6.6541225 6.6623735 6.6706245 6.6761031 6.6788306 6.6791664 6.6730915 6.6651875 6.6358638 6.6065401 6.5772164 6.552744 6.5376233 6.5225026 6.5073819 6.487821 6.4653544 6.4434128 6.4222222 6.4042407 6.3956086 6.3869765 6.3783444 6.3654893 6.3495982 6.33346 6.3170352 6.3006103 6.2841855 6.2733381 6.2634547 6.2646185 6.2690615 6.2735045 6.2807634 6.2977761 6.3137395 6.3233881 6.3330366 6.3426851
-9999 6.11555 6.1477401 6.1811697 6.2240476 6.2669255 6.3098034 6.3435309 6.3666975 6.3898642 6.4130309 6.4354707 6.4577428 6.4826466 6.5128203 6.5429941 6.5731679 6.5988946 6.6230682 6.6424271 6.6506781 6.6589291 6.66241 6.6651376 6.6678651 6.6682009 6.662126 6.6560511 6.6499762 6.6267041 6.5973804 6.572908 6.5577873 6.5426666 6.5206156 6.4981491 6.4756826 6.4537409 6.4325503 6.4113596 6.3901689 6.3807741 6.372142 6.3592868 6.3433958 6.3275047 6.3115232 6.2950983 6.2786735 6.2678261 6.2579427 6.2480593 6.2453422 6.2497852 6.2570441 6.2740568 6.2910695 6.3080822 6.3186763 6.3283249
-9999 6.0879011 6.1254386 6.1683165 6.2111944 6.2540724 6.2969503 6.3306777 6.3538444 6.3770111 6.4001778 6.4233445 6.4461282 6.4710319 6.5012057 6.5313795 6.5615533 6.5917271 6.6196238 6.6389826 6.6459894 6.6487169 6.6514445 6.654172 6.6568996 6.6572354 6.6511605 6.6450856 6.6390107 6.6329358 6.6175444 6.593072 6.5758768 6.5534103 6.5309437 6.5084772 6.4860107 6.464069 6.4428784 6.4216877 6.400497 6.3793064 6.3659395 6.3530844 6.3371933 6.3213022 6.3054112 6.2895201 6.2731615 6.2623141 6.2524307 6.2425473 6.2326639 6.226066 6.2333248 6.2503375 6.2673502 6.2843629 6.3013756 6.3139646
-9999 6.0681052 6.1109831 6.153861 6.1967389 6.2396168 6.2824947 6.3157102 6.3388768 6.3620435 6.3852102 6.4083769 6.4315436 6.4541028 6.4842766 6.5144504 6.5446241 6.5747979 6.6049717 6.6268462 6.6295737 6.6323013 6.6350289 6.6377564 6.640484 6.6432693 6.6372519 6.631177 6.6251022 6.6190273 6.6129524 6.6012786 6.5788121 6.5563456 6.533879 6.5114125 6.488946 6.4714092 6.4502186 6.4290279 6.4078372 6.3866466 6.3654559 6.3497918 6.3339007 6.3180096 6.3021186 6.2862275 6.2703364 6.2631993 6.2533159 6.2434324 6.233549 6.2236656 6.2140578 6.2300039 6.2470166 6.2640293 6.281042 6.2980547
-9999 6.047584 6.0904619 6.1333398 6.1762177 6.2182014 6.2545936 6.2870353 6.3149178 6.3390721 6.3622387 6.3854054 6.4085721 6.43063 6.4504674 6.4774042 6.507578 6.5377518 6.5679256 6.5898001 6.5925276 6.5952552 6.5979827 6.6007103 6.6051117 6.6087062 6.6097369 6.6061281 6.6000532 6.5939783 6.5879034 6.5762297 6.5537631 6.5312966 6.5088301 6.4868768 6.4814112 6.4689495 6.4464788 6.4250578 6.4038672 6.3826765 6.3614858 6.3486368 6.341623 6.3257319 6.3098408 6.2939498 6.2780587 6.278949 6.2784163 6.2685329 6.2586495 6.2487661 6.2391583 6.2305054 6.2394989 6.2565116 6.2735243 6.290537
-9999 6.0270628 6.0699407 6.1128186 6.1523094 6.1887016 6.2250938 6.2575356 6.285418 6.3133004 6.3392673 6.3624339 6.3856006 6.4076585 6.427496 6.4473334 6.4705319 6.5007057 6.5308795 6.5527539 6.5554815 6.5582091 6.5614465 6.5659975 6.5705486 6.5741431 6.5751738 6.5762045 6.5750042 6.5689293 6.5628544 6.5511807 6.5287142 6.5062476 6.4900572 6.4845916 6.479126 6.4666643 6.4441936 6.4217229 6.3998971 6.3787064 6.3575158 6.3446667 6.3378144 6.330962 6.3175631 6.301672 6.285781 6.2866713 6.2904619 6.2936334 6.2837499 6.2738665 6.2642588 6.2556058 6.2469529 6.2489939 6.2660066 6.2830193
-9999 6.0065416 6.0494195 6.0864175 6.1228097 6.1592019 6.1955941 6.2280358 6.2559183 6.2838007 6.3116831 6.3394625 6.3626292 6.384687 6.4045245 6.4243619 6.4441994 6.4640368 6.4938333 6.5157078 6.5184354 6.5223323 6.5268834 6.5314344 6.5359855 6.53958 6.5406107 6.5416413 6.542672 6.5437027 6.5378055 6.5261317 6.5036652 6.4932376 6.487772 6.4823064 6.4768408 6.464379 6.4419083 6.4194377 6.396967 6.3747363 6.3535457 6.3406966 6.3338443 6.3269919 6.3201396 6.3093943 6.2935032 6.2943936 6.2981842 6.3019748 6.3057654 6.298967 6.2893592 6.2807063 6.2720534 6.2634005 6.2584889 6.2755016
-9999 5.9841333 6.0205255 6.0569177 6.0933099 6.1297021 6.1660943 6.1985361 6.2264185 6.2543009 6.2821833 6.3100658 6.3379482 6.3617156 6.381553 6.4013905 6.4212279 6.4410654 6.4609028 6.478667 6.4832181 6.4877692 6.4923203 6.4968713 6.5014224 6.5050169 6.5060476 6.5070782 6.5081089 6.5091396 6.5101702 6.5018837 6.496418 6.4909524 6.4854868 6.4800212 6.4745555 6.4620938 6.4396231 6.4171524 6.3946818 6.3722111 6.3497404 6.3367266 6.3298742 6.3230219 6.3161695 6.3093172 6.3012255 6.3021158 6.3059064 6.3096971 6.3134877 6.3172783 6.3144597 6.3058067 6.2971538 6.2885009 6.279848 6.2711951
-9999 5.9688226 6.0052149 6.0416071 6.0779993 6.1143915 6.1560087 6.1876278 6.2075861 6.2354685 6.2633509 6.2912334 6.3191158 6.3429362 6.359644 6.3794814 6.3993189 6.4191563 6.4389938 6.4542088 6.4587599 6.463311 6.4678621 6.4724131 6.4766992 6.4827966 6.4927485 6.4937791 6.4948098 6.4958405 6.4968711 6.4956829 6.4902173 6.4847516 6.479286 6.4738204 6.4732538 6.4702949 6.4532602 6.4307895 6.4083188 6.3858482 6.3633775 6.3482112 6.339978 6.3331257 6.3262733 6.319421 6.3125686 6.3025896 6.3040645 6.3078552 6.3116458 6.3154364 6.3173269 6.3118052 6.3031522 6.2944993 6.2858464 6.2771935
