P2_models/J1_p2__temp2_slide_300.dat.tif
NCOLS 118
NROWS 92
XLLCORNER 139.62
YLLCORNER -39.07
DX 0.099491525
DY 0.099347826
NODATA_VALUE -9999
[rows 0 to 26 of 92, columns 0 to 59 of 118]
-9999 -9999 -9999 -9999 -9999 -9999 -9999 -9999 -9999 -9999 -9999 -9999 -9999 -9999 -9999 -9999 -9999 -9999 -9999 -9999 -9999 -9999 -9999 -9999 -9999 -9999 -9999 -9999 -9999 -9999 -9999 -9999 -9999 -9999 -9999 -9999 -9999 -9999 -9999 -9999 -9999 -9999 -9999 -9999 -9999 -9999 -9999 -9999 -9999 -9999 -9999 -9999 -9999 -9999 -9999 -9999 -9999 -9999 -9999 -9999
-9999 1240.3897 1239.5533 1238.717 1237.8806 1237.0442 1236.4744 1236.044 1237.5501 1240.7453 1243.9404 1247.1356 1250.3307 1252.2885 1252.5623 1253.7463 1254.9302 1256.1142 1257.2981 1257.165 1253.9932 1250.8214 1247.6496 1244.4778 1241.8603 1243.0057 1243.7605 1242.7602 1241.7599 1240.7596 1239.7592 1238.9216 1238.3975 1237.8734 1237.3493 1236.8252 1238.7587 1243.3671 1242.7066 1242.567 1242.4274 1242.2877 1242.1481 1244.0849 1250.8416 1258.661 1266.4803 1274.2997 1282.119 1295.5904 1314.7237 1333.857 1352.9903 1372.1236 1384.7706 1376.4756 1370.3341 1364.1927 1358.0512 1351.9097
-9999 1239.8193 1238.9829 1238.1465 1237.3102 1236.9477 1236.8821 1236.4518 1235.6004 1236.018 1239.2131 1242.4083 1245.6034 1247.5612 1247.0412 1246.8921 1248.0761 1249.26 1250.444 1250.3108 1247.139 1243.9672 1240.7954 1239.1684 1239.9872 1241.1325 1243.1531 1244.5948 1243.5945 1242.5942 1241.5939 1240.7562 1240.2321 1239.708 1239.1839 1243.2332 1252.0134 1256.6218 1255.2619 1254.3492 1254.2096 1254.07 1253.9303 1255.8671 1259.2966 1265.2378 1273.0571 1280.8765 1288.6958 1301.9537 1316.1515 1334.6841 1353.8174 1372.9506 1385.5977 1375.7772 1366.8752 1360.7337 1354.5922 1348.4508
-9999 1239.2489 1238.4125 1237.5761 1237.421 1237.3555 1237.2899 1236.8595 1236.0081 1235.1567 1234.4858 1237.681 1240.8761 1242.8339 1242.3139 1241.7939 1241.2739 1242.4058 1243.5898 1243.4566 1240.2848 1237.113 1236.4765 1237.2953 1238.1141 1239.2594 1241.28 1243.3005 1245.321 1244.4288 1243.4285 1242.5908 1242.0667 1241.5426 1247.7076 1256.4878 1265.2681 1269.8765 1268.5165 1267.1566 1265.9918 1265.8522 1265.7126 1267.6493 1271.0788 1274.5083 1279.634 1287.4533 1295.2726 1308.5305 1322.7283 1336.9261 1354.6444 1373.7777 1386.4247 1376.6042 1366.7837 1357.2747 1351.1333 1344.9918
-9999 1238.6785 1237.9599 1237.8943 1237.8288 1237.7632 1237.6976 1237.2673 1236.4159 1235.5645 1234.7131 1233.8617 1236.1488 1238.1066 1237.5866 1237.0666 1236.5466 1236.0266 1236.7356 1236.6025 1233.4307 1233.7845 1234.6033 1235.4221 1236.241 1237.3863 1239.4068 1241.4274 1243.4479 1245.4684 1245.2631 1244.4255 1243.9014 1252.1821 1260.9623 1269.7425 1278.5227 1283.1311 1281.7712 1280.4112 1279.0513 1277.6913 1277.4948 1279.4316 1282.8611 1286.2906 1289.7201 1294.0301 1301.8495 1315.1073 1329.3051 1343.5029 1357.7007 1374.6048 1387.2518 1377.4313 1367.6108 1357.7902 1347.9697 1341.5328
-9999 1238.4332 1238.3676 1238.3021 1238.2365 1238.1709 1238.1054 1237.675 1236.8236 1235.9722 1235.1208 1234.2695 1233.4181 1233.3793 1232.8593 1232.3393 1231.8193 1231.2993 1230.7793 1230.2738 1231.0926 1231.9114 1232.7302 1233.549 1234.3678 1235.5132 1237.5337 1239.5542 1241.5748 1243.5953 1245.6158 1247.8763 1256.6565 1265.4367 1274.2169 1282.9972 1291.7774 1296.3858 1295.0258 1293.6659 1292.3059 1290.946 1289.586 1291.2138 1294.6433 1298.0728 1301.5023 1304.9318 1308.4263 1321.6842 1335.882 1350.0798 1364.2775 1378.4753 1388.0789 1378.2584 1368.4378 1358.6173 1348.7968 1338.9763
-9999 1237.6919 1237.6264 1237.5608 1237.4952 1237.4297 1237.5073 1237.2085 1236.3571 1235.5058 1234.6544 1233.803 1233.1764 1232.8799 1232.6197 1232.0997 1231.5797 1231.0597 1230.5397 1230.4245 1231.2433 1232.0621 1232.881 1233.6998 1234.6914 1235.4868 1235.4554 1237.4759 1239.4964 1241.517 1243.5375 1247.8669 1256.6471 1265.4273 1274.2075 1282.9877 1288.4539 1289.1097 1287.7497 1286.3898 1285.0298 1283.6699 1294.516 1310.238 1318.7576 1322.1871 1325.6166 1329.0461 1332.4756 1345.0865 1359.2843 1373.4821 1387.6799 1391.1919 1366.9832 1357.1626 1347.3421 1337.5216 1327.7011 1321.3373
-9999 1236.7686 1236.7031 1236.6375 1236.5719 1236.7223 1236.9023 1236.6036 1235.7522 1234.9008 1234.0494 1233.57 1233.2161 1232.9196 1232.7382 1232.5568 1232.0511 1231.5311 1231.011 1230.8959 1231.7147 1232.5335 1233.3523 1234.4715 1235.7546 1236.55 1236.0384 1235.5268 1237.3856 1239.4061 1241.4267 1245.7561 1254.5363 1263.3165 1272.0967 1275.8605 1277.9252 1278.5809 1277.221 1275.861 1274.5011 1289.739 1307.2883 1323.0103 1337.4188 1348.2551 1351.6846 1355.1141 1358.5436 1371.1546 1385.3524 1399.5502 1394.9855 1366.623 1342.4142 1332.5937 1322.7732 1312.9527 1307.6427 1303.3756
-9999 1235.8453 1235.7798 1235.7572 1235.9372 1236.1173 1236.2974 1235.9986 1235.1472 1234.3176 1233.9637 1233.6098 1233.2558 1232.9594 1232.778 1232.5966 1232.4151 1232.0024 1231.4824 1231.3673 1232.1861 1233.0049 1234.2516 1235.5347 1236.8178 1237.6133 1237.1016 1236.59 1236.0784 1237.2953 1239.3158 1243.6452 1252.4255 1261.2023 1263.267 1265.3317 1267.3964 1268.0522 1266.6922 1267.4128 1284.9621 1302.5113 1320.0606 1335.7827 1350.1911 1364.5996 1377.7526 1381.1821 1384.6116 1397.2226 1411.4204 1398.7791 1370.4166 1342.0541 1317.8453 1308.0248 1298.2153 1293.9482 1289.6811 1285.4139
-9999 1234.922 1234.9721 1235.1522 1235.3323 1235.5123 1235.6924 1235.3936 1234.7113 1234.3574 1234.0034 1233.6495 1233.2956 1232.9991 1232.8177 1232.6363 1232.4549 1232.2735 1231.9538 1231.8386 1232.7486 1234.0317 1235.3148 1236.598 1237.8811 1238.6765 1238.1649 1237.6533 1237.1416 1236.63 1237.205 1241.5344 1248.6088 1250.6735 1252.7382 1254.8029 1256.8677 1257.5234 1262.6358 1280.1851 1297.7344 1315.2837 1332.8329 1348.555 1362.9634 1377.3719 1391.7804 1406.1888 1410.6796 1423.2906 1402.5728 1374.2102 1345.8477 1317.4851 1293.2764 1284.5208 1280.2536 1275.9865 1271.7194 1267.4523
-9999 1234.3548 1234.5348 1234.7149 1234.895 1235.075 1235.2551 1235.0969 1234.743 1234.389 1234.0351 1233.6812 1233.3273 1233.172 1232.9906 1232.8092 1232.6278 1232.4464 1232.265 1232.5264 1233.8095 1235.0926 1236.3757 1237.6589 1238.942 1240.9943 1240.4827 1239.9711 1239.4595 1238.9478 1238.4362 1238.8046 1240.8693 1242.934 1244.9987 1247.0634 1249.1281 1257.8571 1275.4064 1292.9557 1310.505 1328.0542 1345.6035 1356.5676 1370.9761 1385.3845 1399.793 1414.2015 1428.6099 1406.5501 1378.1876 1349.825 1321.4625 1293.0999 1276.0979 1271.8308 1267.5636 1263.2965 1259.0294 1254.7623
-9999 1235.0163 1235.1963 1235.3764 1235.5565 1235.7365 1235.4318 1235.0758 1234.7219 1234.3679 1234.014 1233.6601 1233.0786 1232.9697 1233.9434 1233.8548 1233.6734 1233.492 1233.3106 1233.5721 1234.8552 1236.1383 1237.4214 1238.7045 1239.7031 1242.4128 1250.0588 1250.511 1249.9994 1249.4878 1248.9762 1249.3445 1251.4092 1253.474 1255.5387 1257.6034 1261.1168 1270.6163 1288.1656 1305.7149 1323.2641 1340.8134 1340.7488 1342.0657 1347.7949 1362.2034 1376.6118 1391.0203 1405.4288 1383.3689 1355.0064 1326.6438 1298.2813 1290.9209 1297.9569 1293.6898 1289.4226 1285.1555 1280.8884 1256.428
-9999 1235.6778 1235.8578 1236.0379 1236.1264 1235.7685 1235.4107 1235.0547 1234.7008 1234.3468 1233.9814 1233.3319 1232.6824 1232.5735 1233.5472 1234.5209 1234.7191 1234.5377 1234.3563 1234.6177 1235.9008 1237.1839 1238.467 1239.3626 1240.2305 1242.9401 1250.5861 1258.2322 1260.5394 1260.0278 1259.5162 1259.8845 1261.9492 1264.0139 1266.1305 1270.0032 1273.876 1283.3755 1300.9247 1318.474 1333.1496 1332.1207 1331.0918 1332.4087 1335.412 1339.0222 1353.4307 1367.8391 1382.2476 1360.1878 1331.8252 1303.4627 1302.4807 1312.7799 1319.8159 1315.5488 1311.2817 1305.2573 1278.9116 1252.5659
-9999 1236.3393 1236.5193 1236.4631 1236.1053 1235.7474 1235.3896 1235.0336 1234.6796 1234.2347 1233.5852 1232.9357 1232.2863 1232.1774 1233.1511 1234.1248 1235.0985 1235.5833 1235.4019 1235.6633 1236.9464 1238.1542 1239.0221 1239.89 1240.7579 1243.4675 1251.1135 1258.7595 1266.4055 1270.5678 1270.0561 1270.4245 1272.4892 1275.0169 1278.8897 1282.7624 1286.6352 1296.1346 1313.6839 1324.5214 1323.4926 1322.4637 1321.4348 1322.7517 1325.7549 1328.7582 1331.7614 1344.658 1359.0665 1337.0066 1308.6441 1314.0406 1324.3397 1334.6389 1341.6749 1337.4078 1327.7409 1301.3952 1275.0494 1248.7037
-9999 1237.0007 1236.7999 1236.442 1236.0842 1235.7263 1235.3685 1235.0125 1234.488 1233.8385 1233.1891 1232.5396 1231.8901 1231.7812 1232.7549 1233.7286 1234.7023 1235.676 1236.4475 1236.709 1237.8136 1238.6815 1239.5494 1240.4173 1241.2852 1243.9949 1251.6409 1259.2869 1266.9329 1274.5789 1280.5961 1280.9645 1283.9033 1287.7761 1291.6488 1295.5216 1299.3943 1308.8938 1315.8933 1314.8644 1313.8355 1312.8066 1311.7778 1313.0947 1316.0979 1319.1012 1322.1044 1325.1077 1335.8853 1315.3013 1325.6005 1335.8996 1346.1987 1356.4979 1363.5339 1350.2244 1323.8787 1297.533 1271.1873 1244.8416
-9999 1237.7522 1237.3944 1237.0365 1236.6787 1236.3208 1235.963 1234.9265 1234.277 1233.6276 1232.9781 1232.3286 1231.6792 1231.9347 1232.9636 1233.9373 1234.911 1235.8847 1236.8584 1237.8001 1238.668 1239.5359 1240.4038 1241.2717 1242.1396 1250.9983 1261.2815 1268.9275 1276.5735 1284.2195 1291.8655 1298.2227 1302.0955 1305.9682 1309.841 1313.7137 1317.5865 1313.185 1312.1561 1311.1273 1310.0984 1309.0695 1308.0406 1307.0643 1310.0675 1313.0708 1316.074 1319.0773 1322.0805 1327.4949 1337.794 1348.0932 1358.3923 1368.6915 1377.4252 1355.0521 1328.7064 1302.3607 1276.015 1249.6692
-9999 1239.7772 1239.4194 1239.0615 1238.7037 1237.9864 1235.2349 1233.9237 1234.2747 1233.847 1233.1975 1232.5481 1231.8986 1232.1541 1234.2219 1235.5514 1236.5251 1237.4988 1238.4725 1239.4142 1240.2821 1241.15 1242.0179 1242.8858 1242.1834 1250.4602 1283.1197 1299.7439 1307.3899 1315.0359 1322.6819 1329.0391 1332.9119 1336.7846 1340.6574 1343.6916 1327.6327 1319.1551 1321.5237 1321.1457 1320.1169 1319.088 1318.0591 1315.7145 1312.4641 1315.4674 1318.4706 1321.4739 1324.4771 1324.627 1327.5286 1337.8278 1348.1269 1358.4261 1367.1598 1370.4711 1353.726 1327.3803 1301.0345 1274.6888
-9999 1241.8022 1241.4444 1241.0865 1239.6607 1236.9092 1234.1577 1232.8465 1233.1975 1233.5485 1233.4169 1232.7675 1232.118 1232.3735 1234.4413 1236.509 1238.1392 1239.1129 1240.0865 1241.0282 1241.8961 1242.764 1243.2862 1242.4657 1241.6453 1249.922 1282.5815 1315.2411 1338.2064 1345.8524 1353.4984 1359.8556 1363.7283 1367.6011 1365.5825 1349.5236 1333.4646 1324.987 1327.3556 1329.7242 1330.1354 1329.1065 1328.0776 1325.7329 1322.4424 1319.1518 1320.8672 1323.8705 1326.8737 1327.0236 1326.6804 1327.5624 1337.8616 1348.1607 1356.8944 1360.2057 1363.517 1352.3998 1326.0541 1299.7084
-9999 1243.8272 1243.4694 1241.3351 1238.5836 1235.8321 1233.0805 1231.7693 1232.1203 1232.4713 1232.8223 1232.9869 1232.3374 1232.5929 1234.6607 1236.7284 1238.7962 1240.7269 1241.7006 1242.6423 1243.5102 1243.5685 1242.7481 1241.9276 1241.1071 1249.3838 1282.0434 1314.7029 1347.3624 1376.6688 1384.3148 1390.672 1394.5447 1387.4734 1371.4144 1355.3555 1339.2965 1330.8189 1333.1875 1335.5561 1337.9247 1339.125 1338.0961 1335.7514 1332.4609 1329.1703 1325.8798 1326.2671 1329.2703 1329.4202 1329.077 1328.7337 1328.3905 1337.8953 1346.6291 1349.9404 1353.2516 1356.5629 1351.0737 1324.728
-9999 1245.7609 1243.0094 1240.2579 1237.5064 1234.7549 1232.0034 1230.6921 1231.0431 1231.3941 1231.7451 1232.0961 1232.4471 1232.8123 1234.8801 1236.9479 1239.0156 1241.0834 1243.1512 1244.2564 1243.8508 1243.0304 1242.2099 1241.3894 1240.5689 1248.8457 1281.5052 1314.1647 1346.8242 1379.4838 1412.1433 1421.4884 1409.3642 1393.3053 1377.2464 1361.1874 1345.1285 1336.6509 1339.0195 1341.388 1343.7566 1346.1252 1348.1146 1345.7699 1342.4794 1339.1888 1335.8983 1332.6077 1331.667 1331.8168 1331.4736 1331.1304 1330.7871 1330.4439 1336.3637 1339.675 1342.9863 1346.2976 1349.6088 1349.7476
-9999 1248.6871 1245.9356 1243.1841 1240.4326 1237.6811 1234.1037 1230.6123 1230.9633 1231.3143 1231.6653 1232.0163 1232.459 1235.7795 1239.6738 1241.7416 1243.8093 1245.8771 1247.9449 1249.1393 1248.3188 1247.4983 1246.6778 1245.8574 1245.0369 1245.2782 1267.3899 1300.0495 1332.709 1365.3685 1398.028 1414.0469 1397.988 1381.929 1365.8701 1349.8112 1335.9911 1337.9769 1340.3455 1342.7141 1345.0827 1347.4513 1348.2041 1348.9827 1346.4533 1343.1628 1339.8722 1336.5817 1333.2911 1332.5136 1332.1703 1331.8271 1331.4838 1331.1406 1334.0683 1337.3795 1340.6908 1344.0021 1347.3134 1347.0794
-9999 1254.6332 1251.8817 1249.1302 1246.3787 1241.5968 1234.7763 1231.2849 1231.6359 1231.9869 1232.3379 1233.1589 1234.7876 1238.1081 1244.8165 1249.9857 1252.0535 1254.1213 1256.189 1257.3834 1256.563 1255.7425 1254.922 1253.5141 1250.5426 1250.7803 1259.6196 1275.6928 1308.3523 1341.0118 1373.6713 1389.6902 1373.6313 1357.5723 1341.5134 1332.2 1333.9183 1335.9042 1338.2727 1340.6413 1343.0099 1342.4423 1339.1254 1339.904 1343.6267 1342.5773 1339.2867 1335.9962 1332.7056 1331.9281 1331.5848 1331.2416 1331.2309 1334.5035 1337.7847 1341.096 1344.4073 1347.7186 1345.0254 1335.3783
-9999 1260.5793 1257.8278 1255.0763 1249.09 1242.2694 1235.4489 1231.9576 1232.3085 1232.6595 1233.8587 1235.4874 1237.1161 1240.4366 1247.145 1253.8534 1260.2977 1262.3654 1264.4332 1265.6276 1264.8071 1263.9867 1261.9877 1259.0163 1256.0448 1256.2825 1265.1218 1273.961 1283.9956 1316.6551 1349.3146 1365.3335 1349.2746 1333.2156 1328.4089 1330.1272 1331.8455 1333.8314 1336.2 1338.5686 1336.6804 1333.3636 1330.0467 1330.8253 1334.548 1338.2708 1338.7012 1335.4107 1332.1201 1331.3425 1330.9993 1331.6748 1334.9474 1338.2199 1341.5012 1344.8125 1348.1237 1342.9715 1333.3244 1323.6772
-9999 1266.5254 1263.4037 1256.5832 1249.7626 1242.9421 1236.1215 1232.6302 1232.9812 1234.5585 1236.1872 1237.8159 1239.4447 1242.7652 1249.4736 1256.1819 1262.8903 1269.5987 1272.6774 1273.8718 1273.0513 1270.4614 1267.4899 1264.5184 1261.547 1261.7847 1270.6239 1279.4632 1288.3024 1297.1416 1324.9579 1340.9768 1324.9179 1324.6177 1326.3361 1328.0544 1329.7728 1331.7586 1334.1272 1330.9186 1327.6017 1324.2849 1320.968 1321.7466 1325.4693 1329.1921 1332.9148 1334.8251 1331.5346 1330.757 1332.1187 1335.3913 1338.6638 1341.9364 1345.2176 1348.5289 1340.9176 1331.2704 1321.6233 1311.9762
-9999 1270.8969 1264.0763 1257.2558 1250.4352 1243.6147 1236.7941 1233.6296 1235.2583 1236.887 1238.5158 1240.1445 1241.7732 1245.0937 1251.8021 1258.5105 1265.2189 1271.9272 1278.6356 1281.9065 1278.9351 1275.9636 1272.9921 1270.0206 1267.0491 1267.2869 1276.1261 1284.9653 1293.8046 1302.6438 1311.483 1319.1083 1320.8266 1322.545 1324.2633 1325.9816 1327.7 1328.4735 1325.1567 1321.8399 1318.523 1315.2062 1311.8893 1312.6679 1316.3906 1320.1134 1323.8361 1327.5588 1330.9491 1332.5626 1335.8352 1339.1077 1342.3803 1345.6528 1348.5107 1338.8636 1329.2165 1319.5694 1309.9222 1300.2751
-9999 1274.9539 1268.1334 1261.3128 1254.4923 1247.6717 1239.8349 1234.9401 1235.2128 1236.8415 1238.4702 1240.099 1241.7277 1249.0816 1264.7115 1271.4199 1278.1282 1284.8366 1291.545 1295.3263 1292.3549 1289.3834 1286.4119 1283.4404 1280.0154 1274.8504 1270.9541 1279.7934 1288.6326 1297.4718 1306.3111 1312.718 1314.4364 1316.1547 1317.8731 1319.5914 1324.9766 1335.779 1342.2954 1338.9786 1335.6617 1332.3449 1329.0281 1321.2564 1318.5938 1322.3165 1326.0393 1329.762 1333.4847 1349.6109 1355.0697 1358.3423 1361.6148 1364.8874 1363.6816 1348.5587 1338.9116 1329.2645 1319.6174 1309.9702
-9999 1279.6596 1272.8391 1266.0185 1259.198 1250.816 1242.1537 1237.2589 1236.7122 1236.341 1237.9697 1239.5984 1241.2271 1248.581 1267.3998 1286.2187 1293.0655 1299.7739 1306.4823 1310.2636 1307.2921 1304.3207 1301.3492 1297.5592 1293.2595 1288.0945 1280.61 1273.1256 1281.4149 1290.2541 1299.0933 1305.5003 1307.2187 1308.937 1310.6553 1318.0469 1327.6797 1338.4821 1350.9576 1361.142 1357.8252 1354.5083 1351.1915 1343.4199 1332.4458 1326.6819 1330.4046 1334.1274 1337.8501 1353.9763 1372.2461 1380.5509 1383.8235 1387.0961 1385.8903 1369.1722 1352.7074 1343.0603 1333.4132 1323.7661
