P2_models/J1_p2_vp_slide_diff2_80.dat.tif
NCOLS 118
NROWS 92
XLLCORNER 139.62
YLLCORNER -39.07
DX 0.099491525
DY 0.099347826
NODATA_VALUE -9999
[rows 24 to 47 of 92, columns 54 to 107 of 118]
-0.031450638 -0.038906639 -0.046362641 -0.053818642 -0.061274644 -0.068730645 -0.064959277 -0.053558436 -0.042157596 -0.030756755 -0.019355915 -0.010468452 -0.011796471 -0.012778542 -0.013760614 -0.014742686 -0.015724758 -0.017204256 -0.020028526 -0.022852796 -0.025677065 -0.028501335 -0.031591331 -0.058412745 -0.085234158 -0.11205557 -0.13887699 -0.1656984 -0.16150504 -0.14212316 -0.12274127 -0.10335938 -0.083977493 -0.07862172 -0.098539736 -0.11845775 -0.13837577 -0.15829378 -0.17794827 -0.17471967 -0.17182193 -0.16892419 -0.16602645 -0.16312871 -0.16686934 -0.17498058 -0.18309182 -0.19120306 -0.1993143 -0.21309112 -0.22773548 -0.24237984 -0.25702419 -0.27166855
-0.031692918 -0.034868337 -0.042324338 -0.04978034 -0.057236341 -0.064692343 -0.063663132 -0.054118409 -0.042717568 -0.031316728 -0.019915887 -0.0085150466 -0.011570694 -0.012588254 -0.013570326 -0.014552398 -0.01553447 -0.017324661 -0.02014893 -0.0229732 -0.02579747 -0.028621739 -0.029617561 -0.056558532 -0.083379945 -0.11020136 -0.13702277 -0.16384419 -0.15906317 -0.13968128 -0.1202994 -0.10091751 -0.091184135 -0.097206895 -0.10200096 -0.12191898 -0.14183699 -0.16175501 -0.18099283 -0.17809509 -0.17519735 -0.17229961 -0.16940187 -0.16842484 -0.18877301 -0.19722195 -0.20533319 -0.21344443 -0.22155567 -0.20865392 -0.21524948 -0.22989384 -0.24453819 -0.25918255
-0.030557182 -0.032485541 -0.034611988 -0.042067989 -0.049523991 -0.056979992 -0.055950781 -0.04915551 -0.040484779 -0.029083938 -0.017683098 -0.006282257 -0.0093379044 -0.012890295 -0.014341012 -0.015323083 -0.016305155 -0.018095346 -0.020919616 -0.023743885 -0.026304544 -0.02695216 -0.027891023 -0.054840461 -0.0817899 -0.10861898 -0.13544039 -0.16226181 -0.15748079 -0.1380989 -0.11871702 -0.11301245 -0.12559738 -0.13162014 -0.12581847 -0.12737106 -0.14728907 -0.16720709 -0.18644491 -0.18354717 -0.18064943 -0.17775169 -0.17697201 -0.17643671 -0.19678488 -0.21935721 -0.22932146 -0.2374327 -0.24554394 -0.23264219 -0.20972292 -0.21397853 -0.22862288 -0.24326724
-0.029421446 -0.031349805 -0.033278164 -0.035206523 -0.04181164 -0.049267642 -0.04823843 -0.041443159 -0.034647888 -0.026851148 -0.015450308 -0.0040494675 -0.0071051149 -0.010657505 -0.014209895 -0.016093769 -0.017075841 -0.018866032 -0.021690301 -0.023930389 -0.024578006 -0.025225622 -0.026164485 -0.053113923 -0.080063361 -0.1070128 -0.13385802 -0.16067943 -0.15589841 -0.13651653 -0.13484076 -0.14742569 -0.16001062 -0.16603338 -0.16023171 -0.15443004 -0.15274116 -0.17265917 -0.19189699 -0.18899925 -0.18610151 -0.18551919 -0.18498389 -0.18444858 -0.20479676 -0.22736909 -0.24994142 -0.26142098 -0.26953221 -0.25663046 -0.2337112 -0.21079193 -0.21270757 -0.22735193
-0.02828571 -0.030214069 -0.032142428 -0.034070787 -0.035999146 -0.041555291 -0.04052608 -0.033730809 -0.026935537 -0.020140266 -0.013217518 -0.0018166779 -0.0048723253 -0.0084247155 -0.011977106 -0.015529496 -0.017846526 -0.019636717 -0.021556235 -0.022203851 -0.022851467 -0.023499083 -0.024437946 -0.051387385 -0.078336823 -0.10528626 -0.1322357 -0.15909705 -0.15431604 -0.15666908 -0.169254 -0.18183893 -0.19442386 -0.20044662 -0.19464495 -0.18884328 -0.18304161 -0.17811125 -0.19734907 -0.19460167 -0.19406637 -0.19353106 -0.19299576 -0.19246046 -0.21280863 -0.23538096 -0.25795329 -0.28052562 -0.29352049 -0.28061873 -0.25769947 -0.2347802 -0.21186094 -0.21143662
-0.02835984 -0.030288199 -0.032216558 -0.034144917 -0.036073275 -0.038001634 -0.036738493 -0.029943222 -0.023147951 -0.01635268 -0.0095574083 -0.0027621371 -0.0047173452 -0.0082697353 -0.011822125 -0.015374516 -0.018926906 -0.021205055 -0.021852671 -0.022500287 -0.023147904 -0.02379552 -0.0244504 -0.048817744 -0.075767182 -0.10271662 -0.12966606 -0.1566155 -0.17373981 -0.18632473 -0.19890966 -0.21149459 -0.22407951 -0.23086398 -0.22506231 -0.21926064 -0.21345897 -0.2076573 -0.20201264 -0.20147733 -0.20094203 -0.20040673 -0.19987142 -0.19992547 -0.21893424 -0.24150657 -0.2640789 -0.28665123 -0.30922356 -0.30148189 -0.27856262 -0.25564336 -0.23272409 -0.20980483
-0.025791499 -0.039232982 -0.042250688 -0.044179047 -0.046107406 -0.048035765 -0.054022195 -0.05846556 -0.051670289 -0.044875018 -0.038079746 -0.031284475 -0.024918895 -0.025219954 -0.028772344 -0.032324734 -0.035877125 -0.038155274 -0.03880289 -0.039450506 -0.040098122 -0.040686274 -0.041159225 -0.044824079 -0.066256847 -0.093206286 -0.12015572 -0.14710516 -0.16422947 -0.1768144 -0.18939933 -0.20198425 -0.21886345 -0.22914694 -0.22258432 -0.21678266 -0.21098099 -0.20517932 -0.19953465 -0.19899935 -0.19846404 -0.19792874 -0.20031486 -0.22769551 -0.22032218 -0.23210383 -0.25467616 -0.27724849 -0.29982082 -0.29448091 -0.27369881 -0.25077954 -0.22786028 -0.20494101
-0.022127678 -0.035569161 -0.049010643 -0.054213177 -0.056141536 -0.058069895 -0.064056326 -0.072800387 -0.080192627 -0.073397356 -0.066602085 -0.059806813 -0.053441233 -0.047090418 -0.045722563 -0.049274953 -0.052827343 -0.055105493 -0.055753109 -0.056400725 -0.056957889 -0.057395099 -0.057868049 -0.061532904 -0.065197759 -0.083695951 -0.11064539 -0.13759483 -0.15471914 -0.16730406 -0.17988899 -0.19766291 -0.21734703 -0.22763051 -0.2209749 -0.21431929 -0.208503 -0.20270133 -0.19705666 -0.19652136 -0.19598605 -0.20070425 -0.2280849 -0.25546555 -0.24809222 -0.23701748 -0.24527341 -0.26784574 -0.29041808 -0.28507816 -0.26643166 -0.24591573 -0.22299646 -0.20007719
-0.018463857 -0.03190534 -0.045346822 -0.058788305 -0.066175667 -0.068104026 -0.074090456 -0.082834518 -0.091578579 -0.10032264 -0.095124423 -0.088329151 -0.081963571 -0.075612756 -0.069261941 -0.066225172 -0.069777562 -0.072055712 -0.072703328 -0.073229503 -0.073666713 -0.074103923 -0.074576874 -0.078241729 -0.081906584 -0.085571438 -0.10113505 -0.12808449 -0.1452088 -0.15779373 -0.17646236 -0.19614648 -0.2158306 -0.22611408 -0.21945847 -0.21280286 -0.20614726 -0.20022334 -0.19457867 -0.19404337 -0.20109364 -0.22847429 -0.25585494 -0.2832356 -0.27586226 -0.26478752 -0.25371277 -0.258443 -0.28101533 -0.27567542 -0.25702892 -0.23838241 -0.21813264 -0.19521338
-0.014800036 -0.028241519 -0.041683001 -0.055124484 -0.068565967 -0.078138156 -0.084124587 -0.092868648 -0.10161271 -0.11035677 -0.11910083 -0.11685149 -0.11048591 -0.10413509 -0.097784279 -0.091433463 -0.086727781 -0.08900593 -0.089501118 -0.089938328 -0.090375538 -0.090812748 -0.091285699 -0.094950553 -0.098615408 -0.10228026 -0.10594512 -0.11857416 -0.13569847 -0.15526182 -0.17494594 -0.19463005 -0.21431417 -0.22459765 -0.21794204 -0.21128644 -0.20463083 -0.19797522 -0.19210068 -0.20148303 -0.22886368 -0.25624433 -0.28362499 -0.31100564 -0.30363231 -0.29255756 -0.28148281 -0.27040807 -0.27161259 -0.26627268 -0.24762617 -0.22897967 -0.21033317 -0.19034956
-0.01065326 -0.021607307 -0.03504879 -0.048490273 -0.061931756 -0.075373238 -0.085108989 -0.09385305 -0.10259711 -0.11134117 -0.12008523 -0.1288293 -0.1365299 -0.13017909 -0.12382827 -0.11747746 -0.11112664 -0.10775354 -0.10819075 -0.10862796 -0.10906517 -0.10950238 -0.10885739 -0.1099135 -0.11357835 -0.11724321 -0.12090806 -0.12457292 -0.13919473 -0.15887884 -0.17856296 -0.19824708 -0.21793119 -0.22533412 -0.2183613 -0.21170569 -0.20505008 -0.19839447 -0.19275358 -0.22013423 -0.24751488 -0.27489554 -0.30227619 -0.32728729 -0.32555677 -0.31448202 -0.30340728 -0.29233253 -0.28125779 -0.2593784 -0.2407319 -0.2220854 -0.20343889 -0.18479239
-0.0119964 -0.014845588 -0.023515587 -0.03695707 -0.050398553 -0.063840036 -0.073305321 -0.080068613 -0.08865602 -0.097400082 -0.10614414 -0.1148882 -0.1381069 -0.1521356 -0.14578479 -0.13943397 -0.13308316 -0.12971005 -0.13014726 -0.13058447 -0.13102168 -0.1299744 -0.12803304 -0.12553355 -0.12566185 -0.12932671 -0.13299156 -0.13665642 -0.15127823 -0.17096235 -0.19064646 -0.21033058 -0.22694133 -0.23366271 -0.2229073 -0.21531742 -0.20866181 -0.2020062 -0.1963653 -0.22374596 -0.25112661 -0.27850726 -0.30272937 -0.32274277 -0.32813326 -0.32676552 -0.31569077 -0.30461603 -0.29354128 -0.26795532 -0.23797478 -0.21932828 -0.20068178 -0.18203527
-0.013339539 -0.016188728 -0.019037916 -0.025423867 -0.03886535 -0.052306833 -0.061772118 -0.06853541 -0.075298702 -0.08345899 -0.092203051 -0.10094711 -0.12416581 -0.14788188 -0.16774131 -0.16139049 -0.15503968 -0.15166657 -0.15210378 -0.15254099 -0.15108515 -0.14915004 -0.14720868 -0.14470919 -0.1422097 -0.14141021 -0.14507507 -0.14873992 -0.16336173 -0.18304585 -0.20242908 -0.2188495 -0.23526992 -0.2419913 -0.23123589 -0.22048048 -0.21227353 -0.20561793 -0.19997703 -0.22735768 -0.25473833 -0.27817145 -0.29818485 -0.31819826 -0.32358875 -0.32742185 -0.32797427 -0.31689952 -0.30582478 -0.28023882 -0.24773494 -0.21657116 -0.19792466 -0.17927816
-0.014682678 -0.017531867 -0.020381056 -0.023230244 -0.027332147 -0.04077363 -0.050238916 -0.057002207 -0.063765499 -0.070528791 -0.07826196 -0.087006021 -0.11022472 -0.13394079 -0.15765685 -0.18137292 -0.17699619 -0.17362309 -0.1740603 -0.1721959 -0.17026079 -0.16832568 -0.16638432 -0.16388483 -0.16138534 -0.15888585 -0.15715857 -0.16082343 -0.17544524 -0.19433725 -0.21075767 -0.22717809 -0.24359851 -0.25031989 -0.23956448 -0.22880907 -0.21805366 -0.20922965 -0.20358875 -0.23096941 -0.25361353 -0.27362694 -0.29364034 -0.31365374 -0.31904423 -0.32287733 -0.32671044 -0.32918302 -0.31810827 -0.29252231 -0.26001843 -0.22751455 -0.19516754 -0.17652104
-0.016025818 -0.018875006 -0.021724195 -0.024573384 -0.027422572 -0.030271761 -0.038705713 -0.045469005 -0.052232296 -0.058995588 -0.06575888 -0.073064929 -0.096283629 -0.1199997 -0.14371576 -0.16743183 -0.19114789 -0.19524176 -0.19330665 -0.19137154 -0.18943643 -0.18750132 -0.18555996 -0.18306047 -0.18056098 -0.17806149 -0.175562 -0.17306251 -0.18624542 -0.20266583 -0.21908625 -0.23550667 -0.25192709 -0.25864847 -0.24789306 -0.23713765 -0.22638224 -0.21562684 -0.20720048 -0.22905561 -0.24906902 -0.26908242 -0.28909582 -0.30910923 -0.31449972 -0.31833282 -0.32216592 -0.32599902 -0.32983213 -0.30480581 -0.27230193 -0.23979805 -0.20729416 -0.17479028
-0.026237467 -0.029086655 -0.031935844 -0.034785033 -0.037634221 -0.03479328 -0.036961467 -0.044543928 -0.05130722 -0.058070512 -0.064833803 -0.071597095 -0.094749994 -0.11846606 -0.14218213 -0.16589819 -0.18400687 -0.18695683 -0.18502172 -0.18308661 -0.1811515 -0.17921639 -0.19226779 -0.16746735 -0.16496786 -0.16246837 -0.15996888 -0.15746939 -0.16791086 -0.18433128 -0.2007517 -0.21717212 -0.23297009 -0.25504667 -0.26852856 -0.25777315 -0.24701774 -0.23626233 -0.22642422 -0.24643763 -0.26645103 -0.28646443 -0.30647784 -0.31978132 -0.32428836 -0.32812146 -0.33195456 -0.33578766 -0.33100907 -0.30489649 -0.27239261 -0.23988873 -0.20738485 -0.18023386
-0.039448568 -0.042297757 -0.045146945 -0.047996134 -0.042719744 -0.034274512 -0.036442698 -0.04582315 -0.053969958 -0.060733249 -0.067496541 -0.074259833 -0.097412732 -0.1211288 -0.14484486 -0.1596668 -0.1664344 -0.16938436 -0.16744925 -0.16551414 -0.16461279 -0.18012573 -0.19514823 -0.16637096 -0.13761546 -0.13511597 -0.13261648 -0.13011699 -0.14055846 -0.15697888 -0.1733993 -0.18876482 -0.202312 -0.22438858 -0.26183438 -0.28257102 -0.27181561 -0.2610602 -0.25122209 -0.27123549 -0.29124889 -0.3112623 -0.32358281 -0.33441763 -0.33892467 -0.34275777 -0.34659087 -0.33968201 -0.32697598 -0.3008634 -0.26835952 -0.23585564 -0.20969249 -0.18875769
-0.052659669 -0.055508858 -0.058358046 -0.050646207 -0.042200975 -0.033755744 -0.03592393 -0.045304382 -0.054684834 -0.063395987 -0.070159279 -0.076922571 -0.10007547 -0.12379154 -0.13532674 -0.14209433 -0.14886192 -0.15181189 -0.14987678 -0.15198029 -0.16749323 -0.18300617 -0.19802867 -0.1692514 -0.14047414 -0.11169687 -0.10526408 -0.10276459 -0.11320606 -0.12962648 -0.14455955 -0.15810673 -0.17165391 -0.19373049 -0.23117629 -0.26862208 -0.29661347 -0.28585806 -0.27601995 -0.29603336 -0.31604676 -0.3273843 -0.33821912 -0.34905395 -0.35356098 -0.35739408 -0.34835494 -0.33564892 -0.32294289 -0.29683031 -0.26432643 -0.23915113 -0.21821632 -0.19728151
-0.06587077 -0.067017901 -0.05857267 -0.050127438 -0.041682207 -0.033236975 -0.035405162 -0.044785613 -0.054166065 -0.063546517 -0.072822017 -0.079585308 -0.10273821 -0.11098667 -0.11775427 -0.12452186 -0.13128945 -0.13423942 -0.13934779 -0.15486073 -0.17037367 -0.18588661 -0.20090911 -0.17213184 -0.14335458 -0.11457731 -0.085800043 -0.075412187 -0.085853657 -0.10035428 -0.11390146 -0.12744864 -0.14099582 -0.1630724 -0.20051819 -0.23796399 -0.27540978 -0.31065593 -0.30081782 -0.32035097 -0.33118579 -0.34202061 -0.35285543 -0.36369026 -0.36819729 -0.35702788 -0.34432185 -0.33161583 -0.3189098 -0.29279722 -0.26860976 -0.24767496 -0.22674015 -0.20580534
-0.077041981 -0.068596749 -0.060151517 -0.051706286 -0.043261054 -0.034815823 -0.034036511 -0.043416963 -0.052797414 -0.062177866 -0.071558318 -0.08093877 -0.089898123 -0.096665718 -0.10343331 -0.11020091 -0.1169685 -0.12757243 -0.14308537 -0.15859831 -0.17411125 -0.18962419 -0.20304775 -0.17776434 -0.14898707 -0.12020981 -0.091432541 -0.062655275 -0.062827352 -0.076374531 -0.08992171 -0.10346889 -0.11701607 -0.13459049 -0.17203628 -0.20948207 -0.24692787 -0.28437366 -0.32102611 -0.33186094 -0.34269576 -0.35353058 -0.3643654 -0.37515686 -0.36517927 -0.35247325 -0.33976722 -0.3270612 -0.31435518 -0.2955859 -0.27465109 -0.25371628 -0.23278147 -0.21184666
-0.087265731 -0.085313921 -0.077550704 -0.069105472 -0.060660241 -0.052215009 -0.041783425 -0.035638451 -0.045018902 -0.054399354 -0.063779806 -0.073160258 -0.094891021 -0.10686789 -0.11363549 -0.12040308 -0.12717068 -0.1377746 -0.15328754 -0.16880048 -0.18431342 -0.19564412 -0.19685479 -0.19701247 -0.17537576 -0.14659849 -0.11782123 -0.08904396 -0.089216037 -0.10276322 -0.1163104 -0.12985757 -0.13853286 -0.14615199 -0.15996721 -0.197413 -0.2348588 -0.27230459 -0.30895704 -0.31979187 -0.33062669 -0.34146151 -0.35213455 -0.36155191 -0.35516104 -0.34398514 -0.33127911 -0.31857309 -0.30586707 -0.28491538 -0.26196923 -0.24103442 -0.22009962 -0.19916481
-0.09693925 -0.09498744 -0.093035629 -0.086504659 -0.078059427 -0.069614196 -0.059182611 -0.047401215 -0.03724039 -0.046620842 -0.056001294 -0.065381746 -0.087112509 -0.10926764 -0.12383766 -0.13060526 -0.13737285 -0.14797678 -0.16348972 -0.17900266 -0.1882287 -0.18945116 -0.19066182 -0.19081951 -0.19097719 -0.17298718 -0.14420991 -0.11543264 -0.11560472 -0.1291519 -0.14269908 -0.15037558 -0.15599779 -0.16361691 -0.1748343 -0.18605169 -0.22278973 -0.26023552 -0.29688797 -0.3077228 -0.31855762 -0.32911225 -0.33852961 -0.34794697 -0.34155609 -0.33348159 -0.32279101 -0.31008498 -0.29737896 -0.27642727 -0.25154464 -0.22835257 -0.20741776 -0.18648295
-0.10661277 -0.10466096 -0.10270915 -0.10075734 -0.095458614 -0.087013382 -0.076581797 -0.064800402 -0.053019006 -0.041237611 -0.048222782 -0.057603234 -0.079333997 -0.10148913 -0.12364427 -0.14080744 -0.14757503 -0.15817896 -0.1736919 -0.18081328 -0.18203574 -0.18325819 -0.18446886 -0.18462655 -0.18478423 -0.18494191 -0.1705986 -0.14182133 -0.14199341 -0.15554059 -0.16221829 -0.1678405 -0.17346271 -0.18108184 -0.19229922 -0.20351661 -0.214734 -0.24816645 -0.2848189 -0.29565373 -0.30608994 -0.3155073 -0.32492466 -0.33434202 -0.32795115 -0.31987665 -0.31180214 -0.30159687 -0.28889085 -0.26793917 -0.24305653 -0.2181739 -0.19473591 -0.1738011
-0.11628629 -0.11433448 -0.11238267 -0.11043086 -0.10847905 -0.10441257 -0.093980984 -0.082199588 -0.070418193 -0.058636797 -0.046855401 -0.049824722 -0.071555485 -0.093710619 -0.11586575 -0.13802089 -0.15777721 -0.16838113 -0.17339786 -0.17462032 -0.17584278 -0.17706523 -0.1782759 -0.17843358 -0.17859127 -0.17874895 -0.17890664 -0.16821001 -0.16838209 -0.17406101 -0.17968322 -0.18530543 -0.19092764 -0.19854676 -0.20976415 -0.22098154 -0.23219892 -0.24341631 -0.27274984 -0.28306764 -0.292485 -0.30190236 -0.31131972 -0.32073708 -0.3143462 -0.3062717 -0.2981972 -0.2901227 -0.28040274 -0.25945106 -0.23456842 -0.20968579 -0.18480316 -0.16111924
