P2_models/J1_p2_vp_slide_diff2_120.dat.tif
NCOLS 118
NROWS 92
XLLCORNER 139.62
YLLCORNER -39.07
DX 0.099491525
DY 0.099347826
NODATA_VALUE -9999
[rows 24 to 47 of 92, columns 0 to 52 of 118]
-9999 0.17872026 0.1861707 0.19362115 0.2010716 0.20852205 0.21597249 0.21925744 0.21594829 0.21263913 0.20932998 0.20602083 0.20271167 0.19952967 0.1966023 0.19367493 0.19074755 0.18782018 0.18489281 0.18190736 0.17606919 0.17023103 0.16439287 0.15855471 0.15271654 0.14655394 0.13952174 0.13248955 0.12545735 0.11842515 0.11139296 0.10605646 0.10673873 0.10742101 0.10810328 0.10878556 0.10946783 0.10809372 0.10665864 0.10522356 0.10378848 0.1023534 0.10091832 0.099951549 0.099321436 0.098691323 0.09806121 0.097431097 0.097143347 0.092015137 0.086404171 0.080793204 0.075182237
-9999 0.17398324 0.18143369 0.18888414 0.19633459 0.20378503 0.21331161 0.22122177 0.22252991 0.21922076 0.2159116 0.21260245 0.2092933 0.20533868 0.20070235 0.19777498 0.1948476 0.19192023 0.18899286 0.18518531 0.17934714 0.17350898 0.16767082 0.16183266 0.1556571 0.14472345 0.12605855 0.11902635 0.11199416 0.10496196 0.097929767 0.093532582 0.094214858 0.094897134 0.09557941 0.096261685 0.095492481 0.096425756 0.099479657 0.098044578 0.096609498 0.095174419 0.093739339 0.090811607 0.088717028 0.088086915 0.087456803 0.08682669 0.086196577 0.091549236 0.087687229 0.082076262 0.076465296
-9999 0.16775118 0.17520162 0.18265207 0.19010252 0.20074281 0.21195583 0.21986599 0.22396423 0.22746494 0.22415578 0.22084663 0.21753748 0.21358286 0.20833568 0.2030885 0.2001346 0.19720723 0.19427985 0.1904723 0.18463414 0.17879598 0.17295781 0.16651077 0.15968449 0.14875084 0.12680841 0.10486597 0.097331476 0.090299281 0.083267085 0.0788699 0.079552176 0.080234452 0.080916727 0.079353339 0.076902812 0.077836086 0.083610369 0.088338718 0.086903638 0.085468559 0.084033479 0.081105747 0.077104966 0.074299128 0.073669015 0.073038902 0.072408789 0.077761449 0.084148094 0.082562855 0.076951889
-9999 0.16151911 0.16896956 0.17696099 0.18817401 0.19938703 0.21060005 0.21851021 0.22260845 0.22670668 0.23080492 0.22909081 0.22578165 0.22182704 0.21657986 0.21133267 0.20608549 0.20249422 0.19956685 0.1957593 0.18992114 0.18408297 0.17736444 0.17053816 0.16371188 0.15277823 0.1308358 0.10889336 0.086950929 0.075636598 0.068604402 0.064207218 0.064889493 0.065571769 0.063214196 0.060763669 0.058313143 0.059246417 0.065020699 0.070794982 0.076569264 0.075762699 0.074327619 0.071399887 0.067399106 0.063398325 0.059881228 0.059251115 0.058621002 0.063973662 0.070360307 0.076746952 0.077438482
-9999 0.15528704 0.16439219 0.17560521 0.18681823 0.19803125 0.20924427 0.21715443 0.22125267 0.2253509 0.22944914 0.23354737 0.23402583 0.23007122 0.22482404 0.21957685 0.21432967 0.20908249 0.20485384 0.20104629 0.19504439 0.18821811 0.18139183 0.17456555 0.16773927 0.15680562 0.13486319 0.11292076 0.090978321 0.069035886 0.05394172 0.049544535 0.049525581 0.047075054 0.044624527 0.042174 0.039723473 0.040656748 0.04643103 0.052205312 0.057979595 0.063753877 0.06462176 0.061694027 0.057693246 0.053692465 0.049691684 0.045690903 0.044833215 0.050185874 0.05657252 0.062959165 0.06934581
-9999 0.15062394 0.16183696 0.17304998 0.184263 0.19547602 0.20668904 0.21493641 0.21903464 0.22313288 0.22723111 0.23132935 0.23542758 0.23599373 0.23074655 0.22549936 0.22025218 0.215005 0.20975781 0.20403314 0.19720686 0.19038058 0.1835543 0.17672802 0.16990174 0.16001336 0.13807092 0.11612849 0.094186055 0.07224362 0.050301186 0.03501655 0.032566023 0.030115496 0.027664969 0.025214442 0.022763915 0.02395687 0.029731153 0.035505435 0.041279717 0.047054 0.052828282 0.053251402 0.049250621 0.04524984 0.041249059 0.037248277 0.033247496 0.037868365 0.044255011 0.050641656 0.057028301
-9999 0.13819447 0.14940749 0.16062051 0.17183353 0.18304655 0.19094004 0.19970161 0.20971835 0.21381659 0.21791482 0.22201306 0.2261113 0.22608492 0.21779877 0.21230914 0.20706196 0.20181478 0.19656759 0.19084291 0.18401664 0.17719036 0.17036408 0.1635378 0.15190637 0.13989212 0.13278674 0.11258854 0.090646102 0.068703667 0.046761233 0.031476597 0.02902607 0.026575543 0.024125016 0.021674489 0.023563799 0.026219352 0.028588653 0.034362935 0.040137217 0.0459115 0.051685782 0.05326208 0.05120735 0.047206569 0.043205788 0.039205007 0.035204226 0.038504758 0.044041307 0.050427952 0.056814598
-9999 0.125765 0.13697802 0.14819104 0.15867942 0.16620653 0.17373363 0.1824952 0.1926815 0.2028678 0.20859853 0.21269677 0.21679501 0.21676863 0.20848248 0.20019632 0.19387174 0.18862456 0.18337737 0.17765269 0.17082641 0.16400014 0.15717386 0.14361381 0.12976808 0.11775383 0.11064845 0.10354307 0.087106148 0.065163714 0.04322128 0.027936643 0.025486116 0.02303559 0.02087883 0.023848399 0.026817968 0.029473522 0.031679832 0.033886143 0.038994717 0.044769 0.050543282 0.05211958 0.050678 0.049163299 0.045162517 0.041161736 0.037160955 0.040461487 0.045023884 0.050214249 0.056600894
-9999 0.11333553 0.12454855 0.13394591 0.14147301 0.14900012 0.15652722 0.16528879 0.17547509 0.18566139 0.1958477 0.20338048 0.20747872 0.20745234 0.19916619 0.19088004 0.18259388 0.17543433 0.17018715 0.16446247 0.15763619 0.149167 0.13532126 0.12147553 0.10762979 0.095615543 0.088510162 0.081404781 0.0742994 0.061623761 0.039681326 0.02439669 0.021946163 0.021163431 0.024133 0.027102569 0.030072138 0.032727692 0.034934002 0.037140313 0.039346623 0.0436265 0.049400782 0.05097708 0.0495355 0.04809392 0.04665234 0.043118466 0.039117685 0.042418216 0.046980613 0.051543011 0.056387191
-9999 0.10090606 0.10921239 0.1167395 0.1242666 0.13179371 0.13932081 0.14808238 0.15826868 0.16845499 0.17864129 0.18882759 0.19816243 0.19813605 0.1898499 0.18156375 0.17327759 0.16499144 0.15699693 0.15127225 0.14087445 0.12702871 0.11318297 0.099337237 0.085491498 0.073477254 0.066371873 0.059266492 0.052161111 0.045055729 0.036141373 0.020856737 0.021448031 0.024417601 0.02738717 0.030356739 0.033326308 0.035981862 0.038188172 0.040394482 0.042600793 0.044807103 0.048258282 0.04983458 0.048393 0.04695142 0.04550984 0.04406826 0.041074414 0.044374946 0.048937343 0.05349974 0.058062137
-9999 0.088134239 0.095661343 0.10318845 0.11071555 0.11824266 0.12576976 0.13419222 0.14444804 0.15463434 0.16482064 0.17500694 0.18519325 0.18502538 0.17473849 0.16645234 0.15816619 0.14988004 0.14159389 0.1316266 0.11778086 0.10393512 0.090089384 0.076243646 0.062397908 0.058713665 0.051930348 0.044824967 0.037719585 0.030614204 0.023508823 0.019844715 0.022814284 0.025783853 0.028753423 0.031722992 0.034692561 0.038958687 0.041546164 0.043752474 0.045958785 0.048165095 0.050371405 0.052346618 0.050905038 0.049463458 0.048021878 0.046580298 0.045138718 0.043814362 0.048376759 0.052939156 0.057501553
-9999 0.08061188 0.088138985 0.09566609 0.10319319 0.110002 0.11503692 0.12336979 0.1355089 0.14639776 0.15658406 0.16677036 0.17695666 0.1767888 0.15588613 0.1417832 0.13349704 0.12521089 0.11692474 0.10695745 0.093111716 0.079265977 0.065420239 0.052634308 0.054891439 0.055017926 0.049433753 0.043077525 0.035972144 0.028866762 0.021761381 0.018097273 0.021066842 0.024036412 0.027005981 0.029668143 0.030887167 0.034969224 0.043147256 0.047281698 0.049488008 0.051694319 0.053900629 0.05634037 0.05894792 0.058002836 0.056561256 0.055119676 0.053678096 0.048061053 0.043664432 0.04822683 0.052789227
-9999 0.073089522 0.080616627 0.088143732 0.094144644 0.099179568 0.10421449 0.11254735 0.12468646 0.13682557 0.14834748 0.15853378 0.16872008 0.16855222 0.14764955 0.12674687 0.1088279 0.10054175 0.092255596 0.082288309 0.06844257 0.054596832 0.046681438 0.048938569 0.0511957 0.051322187 0.045738014 0.040153842 0.034224702 0.02711932 0.020013939 0.016349832 0.019319401 0.02228897 0.024459655 0.025678679 0.026897704 0.030979761 0.039157793 0.047335824 0.053017232 0.055223542 0.057429852 0.059869593 0.062477144 0.065084694 0.065100633 0.063659054 0.062217474 0.056600431 0.050261755 0.043923079 0.0480769
-9999 0.065567164 0.073094269 0.078287287 0.08332221 0.088357134 0.093392057 0.10172492 0.11386403 0.12600314 0.13814224 0.15028135 0.1604835 0.16031563 0.13941296 0.11851029 0.097607619 0.076704947 0.067586451 0.057619163 0.043773425 0.040728567 0.042985698 0.04524283 0.047499961 0.047626448 0.042042275 0.036458102 0.03087393 0.025289757 0.018266497 0.01460239 0.017571959 0.019251168 0.020470192 0.021689216 0.02290824 0.026990298 0.035168329 0.043346361 0.051524393 0.058752766 0.060959076 0.063398817 0.066006367 0.068613918 0.071221469 0.072198431 0.070756851 0.065139809 0.058801132 0.052462456 0.04612378
-9999 0.057395006 0.062429929 0.067464853 0.072499776 0.0775347 0.082569623 0.090902486 0.10304159 0.1151807 0.12731981 0.13945892 0.15159803 0.15207905 0.13117638 0.11027371 0.089371036 0.068468364 0.047565692 0.032950018 0.034775697 0.037032828 0.039289959 0.04154709 0.043804221 0.043930709 0.038346536 0.032762363 0.027178191 0.021594018 0.016009845 0.012823657 0.014042681 0.015261705 0.016480729 0.017699753 0.018918777 0.023000834 0.031178866 0.039356898 0.04753493 0.055712962 0.063890994 0.06692804 0.069535591 0.072143142 0.074750692 0.077358243 0.079296229 0.073679186 0.06734051 0.061001834 0.054663158
-9999 0.051826765 0.056861689 0.061896613 0.066931536 0.07196646 0.073623469 0.077967626 0.090106734 0.10224584 0.11438495 0.12652406 0.13630438 0.13649409 0.12315089 0.10224822 0.081345551 0.060442879 0.039540207 0.025640712 0.027897843 0.030154974 0.032412105 0.034669236 0.038649955 0.041735897 0.030693851 0.025109679 0.019525506 0.013941333 0.0083571606 0.0050967375 0.0063157616 0.0075347857 0.0087538099 0.009972834 0.014390823 0.023582726 0.031760758 0.03993879 0.048116822 0.056294854 0.064839276 0.067351781 0.068357569 0.07096512 0.073572671 0.076180221 0.078787772 0.073767407 0.067428731 0.061090055 0.054751379
-9999 0.048035566 0.05307049 0.058105413 0.063140337 0.062383973 0.059974158 0.064318315 0.076457423 0.08859653 0.10073564 0.10814536 0.11297168 0.11316139 0.10406604 0.094294133 0.073391461 0.052488789 0.031586117 0.017686623 0.019943754 0.022200885 0.024458016 0.030566532 0.039858543 0.042944485 0.029396606 0.0161187 0.010534528 0.004950355 -0.00063381764 -0.0038942408 -0.0026752167 -0.0014561925 -0.0002371684 0.0066182226 0.01651881 0.025710714 0.033888746 0.042066777 0.050244809 0.058970843 0.067849947 0.070362452 0.06829809 0.068195043 0.070802594 0.073410145 0.076017696 0.070997331 0.064658654 0.058319978 0.048312677
-9999 0.044244367 0.04927929 0.053554292 0.051144477 0.048734662 0.046324847 0.050669003 0.062808111 0.074947219 0.079986342 0.08481266 0.089638978 0.089828692 0.080733343 0.071637993 0.062542644 0.0445347 0.023632028 0.0097325332 0.011989664 0.014246795 0.022483109 0.03177512 0.041067131 0.044153073 0.030605194 0.017057315 0.0035094358 -0.0040406232 -0.0096247959 -0.012885219 -0.011666195 -0.010447171 -0.0011543773 0.0087462099 0.018646797 0.027838701 0.036016733 0.044223306 0.05310241 0.061981514 0.070860618 0.073373123 0.071308761 0.069244399 0.068032518 0.070640068 0.073247619 0.068227254 0.061888578 0.049608415 0.032729323
-9999 0.040453167 0.042314796 0.039904981 0.037495166 0.03508535 0.032675535 0.037019692 0.047001006 0.051827324 0.056653642 0.061479959 0.066306277 0.066495991 0.057400642 0.048305293 0.039209943 0.030114594 0.015677939 0.0017784439 0.0051076747 0.014399686 0.023691697 0.032983708 0.042275719 0.045361661 0.031813782 0.018265903 0.0047180237 -0.0088298554 -0.018615774 -0.021876197 -0.018827564 -0.0089269773 0.00097360993 0.010874197 0.020774784 0.029966688 0.038354873 0.047233977 0.056113081 0.064992185 0.073871289 0.076383794 0.074319432 0.072255071 0.070190709 0.068126347 0.070477542 0.065457177 0.050904154 0.034025061 0.017145968
-9999 0.030846252 0.028436437 0.026026621 0.023616806 0.021206991 0.018797176 0.021164724 0.025991042 0.030817359 0.035643677 0.040469994 0.045296312 0.046789056 0.037693707 0.028598357 0.019503008 0.010407658 0.0013123088 -0.0022229785 0.0070690326 0.016361044 0.025653055 0.034945066 0.044237077 0.047685888 0.034138009 0.02059013 0.0070422511 -0.006505628 -0.020053507 -0.025592157 -0.01569157 -0.0057909826 0.0041096046 0.014010192 0.023910779 0.030586768 0.039465872 0.048344976 0.057224081 0.066103185 0.074982289 0.077785456 0.075721094 0.073656732 0.07159237 0.069528008 0.067463646 0.053814779 0.036935687 0.020056594 0.0031775014
-9999 0.015240399 0.012830584 0.010420769 0.0080109537 0.0056011385 0.020584366 0.027237642 0.022499283 0.0273256 0.032151918 0.036978235 0.041804553 0.044902302 0.044538495 0.036237148 0.027141799 0.018046449 0.0089510998 0.0054158125 0.014707823 0.023999835 0.033291846 0.042583857 0.045489007 0.045097737 0.043358659 0.031328573 0.017780694 0.0042328151 -0.0093150639 -0.014853714 -0.0049531267 0.0049474605 0.014848048 0.024748635 0.037176816 0.039188991 0.026249441 0.035128545 0.044007649 0.052886753 0.061765857 0.065471124 0.064987512 0.06292315 0.060858788 0.058794427 0.056730065 0.04844422 0.035146792 0.018267699 0.0013886064
-9999 -0.00036545305 -0.0027752683 -0.0051850835 -0.0036289564 0.013033754 0.029696464 0.03634974 0.031450842 0.026551945 0.028660159 0.033486476 0.038312794 0.041410543 0.041046736 0.040682929 0.03478059 0.02568524 0.016589891 0.013054603 0.022346614 0.031638625 0.040930636 0.041313451 0.041425047 0.041033777 0.039294699 0.037555621 0.028519137 0.014971258 0.0014233792 -0.0041152708 0.0057853164 0.015685904 0.02578944 0.038804112 0.051818784 0.053830958 0.0401025 0.026374042 0.030791217 0.039670321 0.048549425 0.052254693 0.052240554 0.052189569 0.050125207 0.048060845 0.045996483 0.037710638 0.028349552 0.016478804 -0.00040028865
-9999 -0.015971306 -0.018381121 -0.011179569 0.0054831417 0.022145852 0.038808562 0.045461838 0.04056294 0.035664043 0.030765145 0.029994717 0.034821035 0.037918784 0.037554977 0.03719117 0.036827362 0.033324031 0.024228682 0.020693394 0.029985405 0.037026298 0.037137894 0.037249491 0.037361087 0.036969817 0.035230739 0.033491661 0.031752583 0.025709701 0.012161822 0.0066231723 0.01652376 0.027416735 0.040431407 0.053446079 0.066460751 0.068472925 0.054744467 0.041016009 0.027287551 0.02645389 0.035332994 0.039038261 0.039024123 0.039009985 0.038995846 0.037327264 0.035262902 0.026977057 0.01761597 0.0082548836 -0.0021891837
-9999 -0.031577158 -0.018730181 -0.0020674705 0.01459524 0.03125795 0.04792066 0.054573936 0.049675038 0.044776141 0.039877243 0.034978346 0.031329276 0.034427025 0.034063218 0.033699411 0.033335603 0.032971796 0.031867473 0.028332185 0.032850741 0.032962338 0.033073934 0.03318553 0.033297127 0.032905857 0.031166779 0.0294277 0.027688622 0.025949544 0.022900265 0.017361615 0.02904403 0.042058702 0.055073374 0.068088046 0.081102718 0.083114893 0.069386434 0.055657976 0.041929518 0.02820106 0.022116562 0.02582183 0.025807691 0.025793553 0.025779415 0.025765276 0.02452932 0.016243475 0.0068823887 -0.0024786978 -0.011839784
