P2_models/J1_p2_tot_conduct_slide_300.dat.tif
NCOLS 118
NROWS 92
XLLCORNER 139.62
YLLCORNER -39.07
DX 0.099491525
DY 0.099347826
NODATA_VALUE -9999
[rows 52 to 77 of 92, columns 58 to 115 of 118]
-1.69884 -1.7430585 -1.7940253 -1.8463893 -1.9229378 -2.0119565 -2.0533439 -2.0809805 -2.0979296 -2.1216763 -2.1897495 -2.24 -2.24 -2.2409493 -2.2409493 -2.2365207 -2.2309934 -2.2082798 -2.180276 -2.1194756 -2.0433869 -1.9162588 -1.7846953 -1.6559416 -1.5396251 -1.4330631 -1.3480678 -1.2683276 -1.2432215 -1.2419755 -1.2806667 -1.353965 -1.4592948 -1.5717566 -1.6910559 -1.8198096 -1.9421103 -2.0123396 -2.0682319 -2.1173673 -2.1452348 -2.1714215 -2.2065361 -2.2322582 -2.2381107 -2.2439631 -2.2498156 -2.1717108 -2.12 -2.12 -2.12 -2.12 -2.1669068 -2.2 -2.2 -2.189008 -2.1719164 -9999
-1.6872522 -1.7314706 -1.7774212 -1.8275836 -1.9050814 -1.9941001 -2.0397766 -2.0684433 -2.0907118 -2.1145826 -2.1781616 -2.2307315 -2.2346807 -2.2346807 -2.2346807 -2.2312014 -2.2256741 -2.2020112 -2.1741299 -2.1238457 -2.0530029 -1.9384853 -1.8268056 -1.7192002 -1.6255838 -1.5282584 -1.4715917 -1.4001698 -1.3829823 -1.3987639 -1.4408016 -1.5159985 -1.6213425 -1.7171387 -1.8296416 -1.9223816 -2.0323417 -2.0751112 -2.099837 -2.1414514 -2.1559485 -2.1786393 -2.213754 -2.2375775 -2.24 -2.2439631 -2.2498156 -2.1717108 -2.12 -2.12 -2.12 -2.12 -2.1669068 -2.2 -2.1968691 -2.1836887 -2.1661314 -9999
-1.6681082 -1.7123266 -1.7550163 -1.8021439 -1.8910393 -1.980058 -2.0273649 -2.0605287 -2.0846356 -2.0966596 -2.1433908 -2.1920222 -2.1975495 -2.2006522 -2.2006522 -2.2151077 -2.2095804 -2.1859175 -2.1614806 -2.1164425 -2.0644651 -1.9585505 -1.8634632 -1.7756766 -1.7031585 -1.6257762 -1.5807222 -1.5342391 -1.5342391 -1.554912 -1.5991304 -1.6637839 -1.7691278 -1.853511 -1.9458952 -2.0220342 -2.0872685 -2.1048258 -2.1654212 -2.1946834 -2.2074906 -2.2042198 -2.2070217 -2.228587 -2.228587 -2.2325501 -2.2384025 -2.1994282 -2.1477174 -2.1477174 -2.1477174 -2.1477174 -2.1685372 -2.1996713 -2.1938189 -2.179008 -2.1614506 -9999
-1.6343863 -1.6730775 -1.7123025 -1.7491583 -1.8537346 -1.980058 -2.0300235 -2.0671519 -2.0949721 -2.109906 -2.0680148 -2.0728048 -2.0783321 -2.0814348 -2.0814348 -2.1162276 -2.163218 -2.1451302 -2.1283647 -2.0952008 -2.0512187 -1.9904184 -1.9124962 -1.8481193 -1.7867644 -1.7317472 -1.7027171 -1.6733261 -1.6867958 -1.7138685 -1.758087 -1.8101408 -1.8750988 -1.9384327 -2.0055039 -2.046471 -2.0969504 -2.2491139 -2.3224239 -2.3470168 -2.3598239 -2.3565532 -2.2160945 -2.1827365 -2.1885889 -2.1904783 -2.1920402 -2.2584693 -2.2603116 -2.2603116 -2.2603116 -2.2603116 -2.2134048 -2.2062945 -2.2004421 -2.1835976 -2.1614506 -9999
-1.6256544 -1.6617051 -1.6969475 -1.7303713 -1.83001 -1.9535124 -2.0148054 -2.0540843 -2.082088 -2.0987683 -2.0578155 -2.0316164 -2.0371437 -2.0402464 -2.0402464 -2.0750392 -2.1303123 -2.1266447 -2.114756 -2.0820574 -2.047726 -1.9930054 -1.9557186 -1.9042353 -1.8498659 -1.8210437 -1.7989345 -1.7891805 -1.8089641 -1.8435642 -1.8854058 -1.9189327 -1.9691 -2.0248965 -2.055359 -2.0927112 -2.1534938 -2.308266 -2.3838442 -2.3943135 -2.4048674 -2.4015967 -2.2598554 -2.1722582 -2.1781107 -2.18 -2.18 -2.2462447 -2.29 -2.29 -2.29 -2.29 -2.2430932 -2.2080409 -2.1995001 -2.1804672 -2.1570574 -9999
-1.6219181 -1.6550819 -1.6872065 -1.7186249 -1.8080825 -1.9285196 -1.9883126 -2.0325311 -2.0607185 -2.0790491 -2.0430691 -2.0182401 -2.0238974 -2.027 -2.027 -2.0617928 -2.1170659 -2.1179322 -2.1068164 -2.0820574 -2.0555367 -2.0179981 -1.9852114 -1.9500967 -1.9298776 -1.9077684 -1.8998296 -1.8914192 -1.9206815 -1.9488089 -1.9875 -2.0150269 -2.0442891 -2.0691874 -2.0961745 -2.1110808 -2.1737428 -2.3317587 -2.3950842 -2.4009367 -2.4099906 -2.4067198 -2.2613554 -2.1737582 -2.1796107 -2.18 -2.18 -2.2462447 -2.29 -2.29 -2.2885 -2.2885 -2.2415932 -2.2045818 -2.1928769 -2.173844 -2.1504342 -9999
-1.6211817 -1.6488183 -1.6805833 -1.7120017 -1.7972782 -1.9086501 -1.965654 -2.0060383 -2.0342257 -2.0525563 -2.0211379 -1.9983705 -2.0094252 -2.0137536 -2.0137536 -2.0485465 -2.1038195 -2.1046858 -2.09357 -2.0769881 -2.0555367 -2.0334275 -2.0074752 -1.9898358 -1.9787391 -1.9740002 -1.9760671 -1.9775207 -2.0024234 -2.0273417 -2.0549783 -2.0744373 -2.0840283 -2.1026516 -2.1226672 -2.1285197 -2.1869866 -2.3391501 -2.4017074 -2.4075599 -2.4131185 -2.4067198 -2.2662612 -2.18 -2.18 -2.18 -2.18 -2.2462447 -2.29 -2.29 -2.2861864 -2.2818768 -2.23497 -2.1980409 -2.1921884 -2.17168 -2.143811 -9999
-1.6664092 -1.6915357 -1.7214239 -1.7528423 -1.7842607 -1.8768875 -1.9272562 -1.9654901 -1.9934938 -2.0209011 -2.0326162 -2.0117256 -2.0227802 -2.0289855 -2.0289855 -2.0046305 -2.038363 -2.0392293 -2.0329823 -2.0257707 -2.0169995 -2.0239347 -2.0105072 -2.0002947 -2.0023076 -2.0042391 -2.0280599 -2.03476 -2.0581698 -2.0791427 -2.1012319 -2.1361696 -2.151268 -2.1614851 -2.1776382 -2.1834907 -2.2363272 -2.3463616 -2.3667754 -2.3714657 -2.3722779 -2.3684292 -2.2615148 -2.1752536 -2.1752536 -2.1752536 -2.1752536 -2.2225128 -2.2662681 -2.2662681 -2.2662681 -2.2613485 -2.280557 -2.2455046 -2.2345363 -2.202323 -2.170896 -9999
-1.7230541 -1.7451633 -1.7728152 -1.8042336 -1.8329128 -1.8641347 -1.8929953 -1.9261592 -1.9539793 -1.9813867 -2.0075686 -2.0286314 -2.039686 -2.0458913 -2.0458913 -2.0229059 -1.9845909 -1.9740965 -1.9699388 -1.9644115 -1.9644633 -1.9865725 -2.0054783 -2.0054783 -2.0130395 -2.0240941 -2.0496543 -2.0783832 -2.101793 -2.1200268 -2.1366087 -2.1651768 -2.2061439 -2.2220141 -2.231544 -2.2373965 -2.2582838 -2.3109558 -2.33 -2.33 -2.33 -2.3211466 -2.2275075 -2.17 -2.17 -2.17 -2.17 -2.2121557 -2.24 -2.24 -2.24 -2.2389644 -2.2738105 -2.2927531 -2.2751957 -2.2429824 -2.2020153 -9999
-1.7429236 -1.7650329 -1.7904638 -1.8114093 -1.8379527 -1.8641347 -1.8871563 -1.9129128 -1.9407329 -1.9681403 -1.9902679 -2.0087619 -2.0198165 -2.0264392 -2.0319665 -2.0111315 -1.9779677 -1.97 -1.9699388 -1.9644115 -1.9644633 -1.9958443 -2.0205817 -2.031971 -2.0395322 -2.0505868 -2.0789751 -2.1114992 -2.1264508 -2.1398963 -2.1509855 -2.1784232 -2.2193903 -2.2326302 -2.2381672 -2.2440197 -2.264907 -2.3118544 -2.33 -2.33 -2.33 -2.3211466 -2.2275075 -2.17 -2.17 -2.17 -2.17 -2.2121557 -2.24 -2.24 -2.2381937 -2.2323412 -2.2671873 -2.2861299 -2.2685726 -2.2363592 -2.1953921 -9999
-1.7651728 -1.7849024 -1.8032011 -1.8226485 -1.8435941 -1.8687506 -1.8874832 -1.9092655 -1.9321025 -1.9578595 -1.9750143 -1.9935082 -2.0045628 -2.0131928 -2.0187201 -2.0033717 -1.9713445 -1.9653841 -1.9654453 -1.9690274 -1.9724267 -2.0090906 -2.0338281 -2.045533 -2.0567931 -2.0678477 -2.0982432 -2.1299996 -2.1417045 -2.1512046 -2.1596159 -2.1870536 -2.2280207 -2.2346375 -2.2401745 -2.2460269 -2.2650349 -2.3118544 -2.33 -2.33 -2.33 -2.3211466 -2.2275075 -2.17 -2.17 -2.1660369 -2.1653841 -2.2121557 -2.24 -2.24 -2.2361864 -2.230334 -2.2651801 -2.2841226 -2.2665653 -2.2233599 -2.179537 -9999
-1.7966221 -1.813204 -1.8280272 -1.8437364 -1.8630361 -1.883321 -1.8879107 -1.9044926 -1.9264182 -1.9438016 -1.9595107 -1.9976097 -2.0086643 -2.0172942 -2.0228215 -2.0074731 -1.9763965 -1.9575217 -1.9588221 -1.9643494 -1.9778107 -2.0165019 -2.061944 -2.0736489 -2.084909 -2.0965107 -2.1275983 -2.153159 -2.1648639 -2.1731249 -2.1786522 -2.2011116 -2.2420787 -2.2486739 -2.2488484 -2.2547008 -2.2724697 -2.3192892 -2.2977826 -2.2977826 -2.2977826 -2.2889292 -2.1952901 -2.1786739 -2.1786739 -2.1734717 -2.1686739 -2.189591 -2.221413 -2.221413 -2.2175995 -2.211747 -2.2589844 -2.277927 -2.2603697 -2.2159251 -2.1574007 -9999
-1.8495089 -1.8605635 -1.8743895 -1.8900987 -1.8948698 -1.8634514 -1.8649912 -1.8779999 -1.8903075 -1.8974392 -1.987702 -2.0770879 -2.0881426 -2.0967725 -2.1022998 -2.068169 -1.9631501 -1.9466716 -1.9521989 -1.961177 -1.9778107 -2.0750727 -2.1491045 -2.1663736 -2.1792766 -2.1958585 -2.2134584 -2.2193909 -2.2269972 -2.2327336 -2.2382609 -2.2567878 -2.288441 -2.2950362 -2.2952107 -2.2971739 -2.3122088 -2.1800164 -2.1255797 -2.1255797 -2.1255797 -2.1167263 -2.1639345 -2.2249157 -2.2190632 -2.2150362 -2.2150362 -2.1307248 -2.1220652 -2.1220652 -2.1182517 -2.1123992 -2.2058788 -2.244811 -2.2215798 -2.176186 -2.1176616 -9999
-1.8869002 -1.8979548 -1.908663 -1.9230045 -1.8992177 -1.8660094 -1.8632601 -1.8741183 -1.8843147 -1.9062993 -2.0178397 -2.1072256 -2.1182802 -2.1293348 -2.136923 -2.0693853 -1.9633603 -1.9490194 -1.9546079 -1.9656625 -1.9990335 -2.116319 -2.1903508 -2.2079082 -2.2210177 -2.2368947 -2.2393207 -2.2448694 -2.2507218 -2.2564582 -2.2619855 -2.277307 -2.3052891 -2.31 -2.31 -2.31 -2.2648953 -2.1244367 -2.07 -2.07 -2.07 -2.0788534 -2.1744128 -2.2332563 -2.23 -2.23 -2.23 -2.1456886 -2.09 -2.0875534 -2.0855145 -2.080334 -2.1693281 -2.227678 -2.2042682 -2.1478824 -2.0868935 -9999
-1.9189075 -1.9299621 -1.9406703 -1.9511431 -1.9246017 -1.8827106 -1.8765065 -1.8820338 -1.8917961 -1.9200873 -2.0306187 -2.1160662 -2.1271208 -2.1370667 -2.1481213 -2.0826317 -1.9720856 -1.9567513 -1.9623398 -1.9733944 -2.0067654 -2.1283662 -2.2091117 -2.226669 -2.2386699 -2.2497245 -2.2511087 -2.2514925 -2.257345 -2.2619727 -2.2675 -2.2828215 -2.3062313 -2.31 -2.31 -2.31 -2.2648953 -2.1244367 -2.07 -2.07 -2.0688913 -2.0782981 -2.1724925 -2.23 -2.23 -2.23 -2.23 -2.1445799 -2.0867826 -2.0809302 -2.08 -2.08 -2.1668415 -2.2210548 -2.197645 -2.1357157 -2.059634 -9999
-1.9454002 -1.9564548 -1.967163 -1.9776358 -1.9486126 -1.9025801 -1.8931957 -1.8952802 -1.9008075 -1.9267105 -2.0471476 -2.1359358 -2.1469904 -2.1556203 -2.1613677 -2.0958781 -1.9853319 -1.9699977 -1.9755862 -1.9866408 -2.0200118 -2.1416125 -2.2223581 -2.2399154 -2.2492444 -2.2563477 -2.2577319 -2.2581157 -2.26 -2.2619727 -2.2675 -2.2828215 -2.3062313 -2.31 -2.31 -2.31 -2.2648953 -2.1244367 -2.07 -2.07 -2.0650047 -2.0716749 -2.1711664 -2.23 -2.23 -2.23 -2.23 -2.1396663 -2.0801594 -2.08 -2.08 -2.08 -2.1620869 -2.2144316 -2.1854784 -2.1122481 -2.0198948 -9999
-2.0154437 -2.0264983 -2.0372065 -2.0476793 -2.0186561 -1.9715286 -1.9652601 -1.9653261 -1.9706698 -1.9943047 -2.1068259 -2.1253198 -2.135122 -2.1406493 -2.1484837 -2.082994 -2.0699361 -2.0834107 -2.0977094 -2.108764 -2.1464901 -2.2341521 -2.1961677 -2.2096111 -2.21894 -2.2244673 -2.2251594 -2.1903188 -2.1909102 -2.1966466 -2.2003188 -2.1971135 -2.2147748 -2.2185435 -2.2185435 -2.2185435 -2.1734388 -2.1143684 -2.1483913 -2.1483913 -2.143396 -2.1477981 -2.2229422 -2.169029 -2.169029 -2.169029 -2.169029 -2.1701518 -2.1104855 -2.1081693 -2.1061304 -2.1061304 -2.0924057 -2.1405232 -2.111261 -2.0380307 -1.9385392 -9999
-2.0974075 -2.1084621 -2.1191703 -2.1296431 -2.0996416 -2.0525141 -2.0462456 -2.0517729 -2.0573002 -2.0652571 -2.0862027 -2.1033266 -2.1088539 -2.1168059 -2.1278605 -2.1652266 -2.2149724 -2.2375147 -2.2530572 -2.2687221 -2.2675884 -2.2012607 -2.1632764 -2.1691288 -2.1747589 -2.1802862 -2.1422965 -2.1013621 -2.1072146 -2.11 -2.11 -2.1067946 -2.1009422 -2.1 -2.0998255 -2.0990217 -2.1272122 -2.2149988 -2.2480435 -2.2480435 -2.2440264 -2.2307216 -2.142935 -2.0890217 -2.0890217 -2.0890217 -2.0890217 -2.1251552 -2.1469131 -2.1410606 -2.1390217 -2.1390217 -2.092115 -2.0492261 -2.0199639 -1.9398858 -1.8403943 -9999
-2.117277 -2.1283317 -2.1390399 -2.1495126 -2.1168989 -2.0657604 -2.059492 -2.0650193 -2.0705466 -2.0785035 -2.0994491 -2.116573 -2.1221003 -2.1300522 -2.1411069 -2.183475 -2.2414651 -2.2618721 -2.2729268 -2.2839814 -2.2806972 -2.2088423 -2.1698996 -2.175752 -2.1813821 -2.1869094 -2.1489197 -2.1079853 -2.11 -2.11 -2.11 -2.1067946 -2.1009422 -2.1 -2.0998255 -2.0939731 -2.120589 -2.2083756 -2.2388143 -2.2347971 -2.2347971 -2.2240985 -2.1363118 -2.0823986 -2.0823986 -2.0823986 -2.0823986 -2.118532 -2.1402899 -2.14 -2.1361864 -2.1323986 -2.0854918 -2.0426029 -2.0025147 -1.9065875 -1.7874087 -9999
-2.1335255 -2.1445801 -2.1521705 -2.1612347 -2.1322115 -2.0807834 -2.0733419 -2.0788692 -2.0843965 -2.0923534 -2.113299 -2.1317929 -2.1404766 -2.1460039 -2.1549567 -2.1973249 -2.2581253 -2.2781206 -2.2891752 -2.3002298 -2.2934313 -2.2181658 -2.1768245 -2.1826769 -2.1845264 -2.1893079 -2.1513183 -2.11 -2.11 -2.11 -2.11 -2.1067946 -2.1009422 -2.0954736 -2.0954736 -2.0939731 -2.1181904 -2.2014607 -2.227363 -2.2215105 -2.2209472 -2.2132004 -2.1293869 -2.0754736 -2.0754736 -2.0794367 -2.08 -2.1116071 -2.1354736 -2.1354736 -2.13166 -2.1258076 -2.0740404 -2.0272333 -1.9839283 -1.8674926 -1.7344269 -9999
-2.1308423 -2.1418969 -2.1494873 -2.1547237 -2.1255692 -2.0784416 -2.0721731 -2.0777004 -2.0832277 -2.0911847 -2.1121303 -2.1366821 -2.1477368 -2.1563667 -2.161894 -2.2037286 -2.2671344 -2.2920968 -2.3031514 -2.314206 -2.305893 -2.2285107 -2.212588 -2.2184404 -2.2202899 -2.2202899 -2.1816081 -2.1175725 -2.1175725 -2.1175725 -2.1175725 -2.0931642 -2.0873117 -2.0817321 -2.0763696 -2.0763696 -2.0992868 -2.1753685 -2.2012708 -2.1954184 -2.1933406 -2.1855938 -2.1036596 -2.0942319 -2.0942319 -2.0997095 -2.1055619 -2.1010243 -2.120913 -2.120913 -2.1170995 -2.111247 -2.0763168 -2.023414 -1.9765944 -1.8556153 -1.6893518 -9999
-2.0712336 -2.0822882 -2.0911341 -2.1016068 -2.0725837 -2.0254561 -2.0191876 -2.0247149 -2.0302422 -2.0381992 -2.0759417 -2.1101894 -2.121244 -2.1304363 -2.1414909 -2.1919439 -2.2803808 -2.3053432 -2.3163978 -2.3237262 -2.3125162 -2.3259693 -2.3450517 -2.3509042 -2.3527536 -2.3527536 -2.2694784 -2.1506884 -2.1506884 -2.1506884 -2.1506884 -2.1026076 -2.027703 -2.0221234 -2.0167609 -2.0125963 -2.0330549 -2.1091366 -2.1350389 -2.1291865 -2.1236279 -2.1127387 -2.1534781 -2.2005988 -2.2064512 -2.2123037 -2.2181561 -2.1099402 -2.0811739 -2.0811739 -2.0773604 -2.0715079 -2.088764 -2.0628627 -1.9984858 -1.8610713 -1.6562358 -9999
-2.0497118 -2.0607664 -2.0714746 -2.0819474 -2.0529242 -2.0057967 -2.0038173 -2.0098164 -2.0201046 -2.0313621 -2.0732533 -2.108871 -2.1233165 -2.1343711 -2.1454257 -2.2051903 -2.2936272 -2.3185895 -2.3248221 -2.3303494 -2.34034 -2.3679765 -2.387059 -2.3929114 -2.3947609 -2.3947609 -2.27879 -2.16 -2.16 -2.16 -2.16 -2.1087139 -2.0193717 -2.0006017 -1.9950647 -1.9892122 -2.0096708 -2.0832599 -2.1033098 -2.0962807 -2.0907221 -2.0918041 -2.1594708 -2.2084539 -2.2171779 -2.2288827 -2.2355329 -2.1320778 -2.0604783 -2.0632002 -2.0614256 -2.0555731 -2.0728292 -2.0636888 -1.994167 -1.8301491 -1.6231199 -9999
-2.0415069 -2.0525615 -2.0647526 -2.0752254 -2.0476851 -2.0005575 -1.9985782 -2.0096328 -2.0206874 -2.0374264 -2.0799753 -2.1155931 -2.132175 -2.1463323 -2.1573869 -2.2171515 -2.3055884 -2.3260168 -2.3315441 -2.3370714 -2.347062 -2.3746986 -2.3922981 -2.3981505 -2.4 -2.4 -2.2854377 -2.1614829 -2.1614829 -2.16 -2.16 -2.1087139 -2.0150748 -1.9953625 -1.9894766 -1.9810072 -1.9995865 -2.0698158 -2.0854169 -2.073712 -2.0675901 -2.0681188 -2.1315661 -2.1756189 -2.1873238 -2.2034775 -2.2151823 -2.1161389 -2.0506258 -2.0564782 -2.0547035 -2.0488511 -2.0646242 -2.0515656 -1.9754838 -1.8129488 -1.5964084 -9999
-2.0273143 -2.0383689 -2.0521949 -2.0679041 -2.0426965 -2.0005575 -1.9985782 -2.0096328 -2.0206874 -2.0374264 -2.084554 -2.1226894 -2.1392713 -2.1534285 -2.1644831 -2.2242477 -2.3126847 -2.3331131 -2.3386404 -2.3441677 -2.3541583 -2.3817948 -2.3985792 -2.3985792 -2.4 -2.4 -2.28879 -2.1685792 -2.1637637 -2.16 -2.16 -2.1087139 -2.0150748 -1.9953625 -1.9894766 -1.9719192 -1.9844768 -2.0430013 -2.0549305 -2.0382307 -2.0321087 -2.0326374 -2.0911619 -2.1338787 -2.151436 -2.1729565 -2.1938935 -2.1039287 -2.0435295 -2.0493819 -2.0476072 -2.0417548 -2.0531475 -2.037373 -1.9612913 -1.8009373 -1.5893121 -9999
-2.0055206 -2.019636 -2.033462 -2.0491711 -2.075652 -2.0576526 -2.0611353 -2.073198 -2.0895497 -2.1054636 -2.1481192 -2.1876754 -2.2042573 -2.2184146 -2.2294692 -2.1883345 -2.2240547 -2.2444832 -2.2447134 -2.2502407 -2.2792002 -2.3779185 -2.3947029 -2.3947029 -2.3947029 -2.3947029 -2.3270099 -2.211993 -2.2076739 -2.2057012 -2.2023768 -2.1510907 -2.0574516 -2.0331019 -2.0263818 -2.0037019 -2.0105762 -2.0327538 -2.0138804 -1.9946102 -1.9829297 -1.9842633 -2.0522752 -2.0949921 -2.1159572 -2.1472932 -2.1733709 -2.1579344 -2.1003768 -2.1094875 -2.1135652 -2.1091963 -2.0941035 -2.0769082 -1.9977178 -1.8278474 -1.6138933 -9999
