P2_models/J1_p2_tot_conduct_slide_123.44.dat.tif
NCOLS 118
NROWS 92
XLLCORNER 139.62
YLLCORNER -39.07
DX 0.099491525
DY 0.099347826
NODATA_VALUE -9999
[rows 25 to 49 of 92, columns 57 to 113 of 118]
-1.9578175 -1.865035 -1.7897845 -1.7317708 -1.6951246 -1.6797143 -1.6945559 -1.7089994 -1.761506 -1.7965196 -1.8611774 -1.894167 -1.948107 -1.9709689 -1.989194 -1.9780503 -1.9432574 -1.8955763 -1.8196206 -1.7313168 -1.6310694 -1.5249866 -1.426522 -1.3286309 -1.2583192 -1.2305774 -1.197799 -1.2454496 -1.268937 -1.355147 -1.4817112 -1.6139742 -1.7434034 -1.8800148 -2.0037093 -2.1338807 -2.225749 -2.3409185 -2.4374029 -2.4870788 -2.5290193 -2.5385211 -2.552914 -2.500242 -2.4656358 -2.4531408 -2.4355835 -2.4226311 -2.3399148 -2.2598805 -2.2428142 -2.2387364 -2.2164594 -2.2538746 -2.2645438 -2.2590752 -2.2612636
-2.0634692 -1.9676577 -1.8847481 -1.8139674 -1.7616034 -1.7288769 -1.7184041 -1.7140347 -1.7250893 -1.7469172 -1.7732048 -1.7945614 -1.8101435 -1.8204759 -1.8109245 -1.7888153 -1.7443159 -1.6890428 -1.6065663 -1.521342 -1.4291169 -1.338552 -1.2525071 -1.1887156 -1.1360436 -1.13 -1.13 -1.1907598 -1.2552494 -1.3722983 -1.5018915 -1.6456014 -1.7920741 -1.9325328 -2.0495969 -2.1691428 -2.2488893 -2.3347966 -2.4167308 -2.4421749 -2.4714371 -2.470162 -2.4690799 -2.4144856 -2.375363 -2.3578057 -2.3432773 -2.32572 -2.2801963 -2.2242682 -2.2125633 -2.2296884 -2.2296884 -2.2631594 -2.2940751 -2.2999275 -2.3021159
-2.1681848 -2.072185 -1.9782208 -1.900279 -1.8278353 -1.7826525 -1.7448968 -1.7211053 -1.7052197 -1.7002433 -1.7069729 -1.6965001 -1.6975493 -1.6809673 -1.6615737 -1.6173552 -1.5701482 -1.5102167 -1.4330834 -1.3557623 -1.2839073 -1.2060882 -1.1508151 -1.1014763 -1.0896813 -1.0995005 -1.13 -1.2073635 -1.2883654 -1.4185361 -1.5544188 -1.6926014 -1.8435091 -1.9987646 -2.1002139 -2.2022587 -2.2549307 -2.328003 -2.3514127 -2.3569013 -2.3588429 -2.336683 -2.3167466 -2.2523697 -2.2097833 -2.192226 -2.1825949 -2.1733867 -2.2270335 -2.2196158 -2.2547305 -2.2898451 -2.3157899 -2.3275165 -2.3471574 -2.3588623 -2.3595751
-2.2496793 -2.1533055 -2.0571144 -1.9692124 -1.8932118 -1.8234928 -1.7772377 -1.7249625 -1.6964548 -1.6634131 -1.6529807 -1.6243171 -1.6068498 -1.5778949 -1.5467649 -1.5005078 -1.4493308 -1.3895145 -1.3151124 -1.2559506 -1.2061061 -1.1454093 -1.1135687 -1.0914905 -1.0949421 -1.1479522 -1.1921051 -1.2877031 -1.3791682 -1.514474 -1.6462295 -1.7744497 -1.9106736 -2.0636578 -2.1366904 -2.2282022 -2.2508523 -2.2941275 -2.2977812 -2.254182 -2.241297 -2.184514 -2.1522971 -2.0801002 -2.0337892 -2.0188058 -2.0348427 -2.0319915 -2.1217138 -2.1701656 -2.2295246 -2.3155366 -2.3558493 -2.3829699 -2.3951615 -2.4091412 -2.4047145
-2.3197273 -2.2257988 -2.1263072 -2.0341513 -1.950369 -1.8753406 -1.8072674 -1.7464367 -1.6911636 -1.6492314 -1.609516 -1.5728613 -1.5343566 -1.4956655 -1.4527975 -1.4030518 -1.3518444 -1.2965713 -1.2412982 -1.1898776 -1.1493272 -1.1153957 -1.0988138 -1.1056142 -1.1348764 -1.2035229 -1.2864325 -1.3893555 -1.4966988 -1.6371574 -1.7635325 -1.879606 -2.0017945 -2.1364007 -2.1983924 -2.2509708 -2.2586911 -2.2572404 -2.2279782 -2.1695828 -2.1169108 -2.0465171 -1.9792672 -1.9031854 -1.8519441 -1.8402393 -1.8650194 -1.8942816 -2.0049801 -2.1063407 -2.1999798 -2.2980977 -2.3800319 -2.4140246 -2.4405852 -2.4581426 -2.4530433
-2.3818197 -2.2863274 -2.1821904 -2.0826989 -1.9876244 -1.9038421 -1.8258952 -1.7505983 -1.6849544 -1.6243376 -1.5781646 -1.5310371 -1.4894969 -1.4397823 -1.3986665 -1.3533779 -1.3105907 -1.2655251 -1.2173305 -1.1898776 -1.178823 -1.155754 -1.1778633 -1.1993387 -1.2652704 -1.3463491 -1.4416635 -1.5487492 -1.658139 -1.7892434 -1.8998443 -1.9913723 -2.0983638 -2.2109115 -2.237219 -2.2695985 -2.2344839 -2.2261942 -2.150796 -2.0415039 -1.9492614 -1.8442857 -1.7619438 -1.6858621 -1.6346208 -1.6378933 -1.6992293 -1.7576783 -1.9272234 -2.0380391 -2.1897931 -2.323153 -2.4234966 -2.4574893 -2.4840499 -2.4969139 -2.4902987
-2.4131811 -2.3230429 -2.2190848 -2.1173569 -2.0178654 -1.9192542 -1.8354719 -1.7533587 -1.6759764 -1.6113281 -1.5518571 -1.5022576 -1.4558511 -1.4080324 -1.3679853 -1.3263842 -1.2955363 -1.2568452 -1.2272218 -1.2200411 -1.2348737 -1.2383247 -1.2757029 -1.3327944 -1.4148702 -1.5239329 -1.6289517 -1.7322116 -1.8435681 -1.9664694 -2.0500731 -2.1292391 -2.1980876 -2.2968454 -2.2944201 -2.2968165 -2.227353 -2.1753241 -2.0690171 -1.8925207 -1.7696194 -1.6381014 -1.5313672 -1.4580292 -1.4135626 -1.4278616 -1.5368017 -1.6245884 -1.8355432 -2.0059632 -2.1798973 -2.3295683 -2.4466171 -2.5023964 -2.526998 -2.5375942 -2.5287906
-2.4380326 -2.3296661 -2.2301745 -2.1306033 -2.0311118 -1.9316202 -1.8321287 -1.7457436 -1.6628339 -1.5960351 -1.5319876 -1.4796236 -1.4293584 -1.3851399 -1.3481158 -1.3204792 -1.2960829 -1.2739736 -1.2738165 -1.2796498 -1.3128137 -1.3509189 -1.4117193 -1.491751 -1.6029474 -1.7245626 -1.8516906 -1.9543238 -2.0542935 -2.1537851 -2.2355224 -2.2852681 -2.3371745 -2.3898465 -2.3711389 -2.3365556 -2.2370641 -2.1098144 -1.9166838 -1.7378902 -1.5681693 -1.4225934 -1.2863092 -1.2160799 -1.1881989 -1.229166 -1.3454322 -1.4975957 -1.7424043 -1.9758326 -2.1865205 -2.3361915 -2.4532403 -2.5244171 -2.5714809 -2.5773333 -2.5685297
-2.4631286 -2.3520475 -2.2486578 -2.1491662 -2.0496747 -1.9501832 -1.8506917 -1.7640674 -1.6811578 -1.6089355 -1.5448426 -1.4977151 -1.4501832 -1.4154936 -1.3858232 -1.3693162 -1.3625554 -1.3537223 -1.3576246 -1.3910945 -1.4518948 -1.5000627 -1.5909752 -1.6784591 -1.8011648 -1.9270388 -2.0565208 -2.120791 -2.2098882 -2.2927841 -2.338312 -2.3672486 -2.4089809 -2.4528655 -2.4056954 -2.3601761 -2.2138651 -2.083443 -1.8477829 -1.6081967 -1.4129732 -1.2417832 -1.0998779 -1.0352298 -1.0079068 -1.0785901 -1.2516759 -1.4277248 -1.7456772 -1.9820468 -2.2173085 -2.3715856 -2.4839926 -2.5434427 -2.5903627 -2.5962151 -2.5837475
-2.489826 -2.3725094 -2.2674906 -2.1657627 -2.0662712 -1.9692797 -1.8697881 -1.7856638 -1.7027542 -1.638032 -1.5717239 -1.527946 -1.4883898 -1.4586158 -1.44 -1.429096 -1.4384793 -1.4440066 -1.4722034 -1.5159793 -1.5889736 -1.6587006 -1.7554331 -1.8630583 -1.9918121 -2.1132345 -2.2458898 -2.2858522 -2.3413385 -2.3998629 -2.4269727 -2.4475 -2.4767323 -2.511847 -2.4543503 -2.3844167 -2.221827 -2.0398081 -1.7804462 -1.5027144 -1.2744691 -1.092646 -0.93251994 -0.87203639 -0.86411515 -0.95032403 -1.1591351 -1.3756755 -1.7181568 -2.0135643 -2.259828 -2.4086441 -2.513988 -2.5677701 -2.6069591 -2.6125 -2.600344
-2.5053134 -2.3857558 -2.280737 -2.1790091 -2.0795176 -1.9836166 -1.8893615 -1.8073225 -1.729247 -1.6730558 -1.6180862 -1.5814315 -1.5479985 -1.5314166 -1.5194783 -1.5194783 -1.5351211 -1.5627576 -1.6060491 -1.6616894 -1.7501263 -1.8375267 -1.9425455 -2.0551308 -2.1838845 -2.3001845 -2.4114695 -2.4280797 -2.4406863 -2.4724133 -2.4932046 -2.4987319 -2.5230946 -2.5582093 -2.4943002 -2.4109095 -2.2236313 -2.0119181 -1.7075911 -1.4211853 -1.1486285 -0.96181479 -0.79343298 -0.740761 -0.74794447 -0.87084577 -1.0928248 -1.3558059 -1.7299874 -2.0545353 -2.3061903 -2.4510657 -2.5404808 -2.5875362 -2.6191232 -2.6191232 -2.6081312
-2.5241055 -2.4036711 -2.2986523 -2.2031599 -2.1082073 -2.0194874 -1.9288257 -1.8605307 -1.7864429 -1.7464664 -1.6942579 -1.6576031 -1.6286639 -1.6201163 -1.6180824 -1.6269701 -1.6548044 -1.6881648 -1.7384708 -1.8048243 -1.8879352 -1.9808354 -2.0901256 -2.1975703 -2.3170566 -2.4144536 -2.5169666 -2.5453141 -2.5488894 -2.5749045 -2.584223 -2.5829212 -2.5373404 -2.5266364 -2.4720022 -2.3873061 -2.1948152 -1.9699498 -1.6656228 -1.36488 -1.0826033 -0.88628779 -0.71742045 -0.67925013 -0.69432491 -0.83471568 -1.0899201 -1.3676771 -1.797391 -2.1307069 -2.3790136 -2.5104095 -2.5934751 -2.6503029 -2.6792595 -2.6792595 -2.6609395
-2.5124257 -2.4158065 -2.3107877 -2.220404 -2.1313853 -2.0561745 -1.9723921 -1.9149578 -1.8541575 -1.8215434 -1.7848235 -1.7499242 -1.7250952 -1.7205664 -1.7247378 -1.7413197 -1.7770009 -1.8212194 -1.8835734 -1.9465565 -2.0261828 -2.1102082 -2.218406 -2.320693 -2.4318894 -2.5169264 -2.599836 -2.6179114 -2.6345573 -2.6521147 -2.6597302 -2.6542029 -2.6036221 -2.5158355 -2.4414157 -2.3657707 -2.1711117 -1.9422732 -1.6379462 -1.3337976 -1.035323 -0.84016008 -0.66889332 -0.6383769 -0.67552545 -0.82768896 -1.0982194 -1.4025465 -1.84142 -2.2124049 -2.4582075 -2.5691685 -2.6393978 -2.694473 -2.7317029 -2.7317029 -2.7133829
-2.4830453 -2.3909141 -2.3024772 -2.2180254 -2.1446317 -2.0807467 -2.0253777 -1.9808742 -1.9402589 -1.9222081 -1.8974177 -1.8712357 -1.8509358 -1.8619904 -1.8704479 -1.8870298 -1.9244875 -1.9735527 -2.0301868 -2.0856435 -2.1574985 -2.2360488 -2.3244857 -2.4170648 -2.498999 -2.5748475 -2.6395752 -2.6451213 -2.6478037 -2.6607987 -2.6663534 -2.6608261 -2.6102453 -2.5224587 -2.4480389 -2.3723939 -2.1734108 -1.9418623 -1.6258304 -1.3205512 -1.0220766 -0.83349849 -0.66889332 -0.65718843 -0.70493977 -0.88636549 -1.166869 -1.4886479 -1.9318408 -2.3016514 -2.5006345 -2.600465 -2.6526442 -2.703559 -2.7380409 -2.7321884 -2.715344
-2.4312423 -2.3536407 -2.2772218 -2.2227337 -2.1616017 -2.1241976 -2.0781301 -2.0663995 -2.0353408 -2.0460477 -2.027953 -2.001771 -1.9848189 -1.9958735 -2.0093528 -2.0259347 -2.0564338 -2.1038582 -2.1581379 -2.1947288 -2.2436901 -2.3144292 -2.3887696 -2.4654607 -2.5380275 -2.5941647 -2.652387 -2.6551648 -2.6507677 -2.6615963 -2.6633874 -2.6578601 -2.6072793 -2.5194927 -2.4450729 -2.3696023 -2.1750847 -1.9385145 -1.6295978 -1.3454602 -1.0512084 -0.88583001 -0.72623269 -0.72678762 -0.78960417 -0.97928173 -1.257527 -1.5839101 -2.013921 -2.3720142 -2.5475877 -2.6176276 -2.661968 -2.7069068 -2.7380409 -2.7346399 -2.7126559
-2.3658967 -2.3008712 -2.2400708 -2.2040109 -2.1725925 -2.15379 -2.1328444 -2.1344928 -2.1344928 -2.154147 -2.1705914 -2.1450546 -2.1290082 -2.1400628 -2.1517305 -2.1683125 -2.1852246 -2.2239157 -2.258073 -2.286463 -2.3256139 -2.3824478 -2.4487755 -2.5111332 -2.5696577 -2.6211144 -2.6653328 -2.645201 -2.6404201 -2.6462725 -2.6489693 -2.643442 -2.5910497 -2.503263 -2.4306548 -2.3564056 -2.1683943 -1.9414352 -1.6429606 -1.3724099 -1.0973451 -0.94143147 -0.81073107 -0.81905071 -0.89942459 -1.0984076 -1.3757471 -1.691779 -2.1054987 -2.4326806 -2.5789917 -2.6399736 -2.6692358 -2.7037971 -2.7327536 -2.7327536 -2.7107696
-2.2786576 -2.2307068 -2.2069549 -2.1885906 -2.1924621 -2.189768 -2.1924531 -2.2177844 -2.2404638 -2.2778696 -2.3030552 -2.3187644 -2.3149218 -2.3315037 -2.3407653 -2.3471385 -2.3254483 -2.303394 -2.3272368 -2.3328253 -2.3438799 -2.3909612 -2.5070346 -2.5759728 -2.6292664 -2.6893475 -2.7448111 -2.6343026 -2.567565 -2.5734175 -2.5771812 -2.5771812 -2.5202186 -2.4237848 -2.3586399 -2.2901738 -2.1380102 -1.9215656 -1.6441342 -1.4084961 -1.1768234 -1.0454467 -0.92994846 -0.976768 -1.0650043 -1.269627 -1.5418354 -1.8507355 -2.1979414 -2.5055357 -2.6079259 -2.6540276 -2.675859 -2.6658023 -2.6797681 -2.6744276 -2.6539191
-2.1456341 -2.1429242 -2.1380574 -2.1554746 -2.1885043 -2.2137898 -2.2451164 -2.3064583 -2.3451495 -2.3838406 -2.4313668 -2.4472897 -2.4671536 -2.482686 -2.491316 -2.4905308 -2.4586005 -2.3954295 -2.3860556 -2.3667311 -2.3777857 -2.3851279 -2.4940436 -2.5412204 -2.582768 -2.6409997 -2.6914198 -2.5809113 -2.4947099 -2.5013393 -2.5126304 -2.5142826 -2.4687019 -2.3711039 -2.3040747 -2.2447027 -2.0934347 -1.92167 -1.661677 -1.4441845 -1.2693852 -1.1830554 -1.0823832 -1.1308767 -1.2494509 -1.4520236 -1.7223426 -1.9869924 -2.286311 -2.5449127 -2.6317245 -2.6655929 -2.679332 -2.6682733 -2.6580409 -2.6521884 -2.63168
-2.0550417 -2.079001 -2.1066376 -2.1579298 -2.2155301 -2.2703108 -2.3174384 -2.3823725 -2.4487001 -2.5043404 -2.5527504 -2.5736959 -2.5914629 -2.6025176 -2.6024197 -2.5913651 -2.5341976 -2.4568153 -2.4202381 -2.3892655 -2.3618307 -2.347398 -2.4137257 -2.4543603 -2.4719177 -2.5040763 -2.5482948 -2.4900261 -2.4137059 -2.4312632 -2.4496154 -2.4551427 -2.4139233 -2.3261367 -2.26781 -2.2117421 -2.0927078 -1.935978 -1.7077327 -1.5406207 -1.3884572 -1.3139607 -1.2577529 -1.3229976 -1.4393136 -1.6382967 -1.8551735 -2.1009761 -2.3746356 -2.5768299 -2.6412068 -2.6676271 -2.679332 -2.6682733 -2.6580409 -2.6521884 -2.6221712
-1.9800997 -2.0180752 -2.0880098 -2.1584289 -2.2465763 -2.3185389 -2.38574 -2.4649228 -2.5418387 -2.597479 -2.6456924 -2.6561652 -2.6715399 -2.6770672 -2.673535 -2.6534575 -2.5797757 -2.4816523 -2.4391949 -2.3892655 -2.3229379 -2.2922792 -2.2812246 -2.3036163 -2.2794313 -2.2963214 -2.3247622 -2.3157933 -2.2646842 -2.2949312 -2.3291679 -2.3495856 -2.3232371 -2.257835 -2.2112401 -2.1620682 -2.080134 -1.9297687 -1.7482029 -1.6250773 -1.5064327 -1.4618149 -1.4191931 -1.5128322 -1.6318 -1.8005022 -1.9683337 -2.1754869 -2.412079 -2.6078761 -2.652664 -2.6707497 -2.679332 -2.6682733 -2.6580409 -2.6521884 -2.6133599
-1.8919819 -1.9678864 -2.051981 -2.1581159 -2.258794 -2.3841842 -2.4627302 -2.5590165 -2.6474535 -2.7105384 -2.7422486 -2.7021231 -2.7086299 -2.7101872 -2.7035912 -2.6814819 -2.6204795 -2.5099334 -2.4492601 -2.3785271 -2.2759668 -2.1973651 -2.1392862 -2.0981009 -2.0534735 -2.0302331 -2.046815 -2.0545161 -2.0417087 -2.0826758 -2.1474967 -2.1792826 -2.2245418 -2.1748636 -2.1607623 -2.1223523 -2.0690434 -1.9589188 -1.7913717 -1.7063332 -1.6126941 -1.5938398 -1.5765384 -1.6897896 -1.8105274 -1.9641356 -2.0851911 -2.2549119 -2.479041 -2.6449564 -2.6819749 -2.6972991 -2.7031515 -2.6649182 -2.6546858 -2.6488334 -2.6032947
-1.8173243 -1.9149008 -2.025447 -2.1448695 -2.270543 -2.4068795 -2.5482622 -2.6611664 -2.7661852 -2.833733 -2.8747124 -2.7804573 -2.7086299 -2.7031026 -2.6903448 -2.6682356 -2.6078542 -2.5249446 -2.4420567 -2.3586575 -2.2315294 -2.1046405 -1.9775124 -1.8662893 -1.7785026 -1.7358341 -1.7137249 -1.7256143 -1.7454757 -1.8157051 -1.8825692 -1.9433696 -2.0059766 -2.0703535 -2.0849201 -2.0892363 -2.0599741 -1.9891268 -1.8311108 -1.7483641 -1.7132494 -1.7096522 -1.7222486 -1.8568547 -1.9869445 -2.1098458 -2.2248208 -2.3360173 -2.5505177 -2.6983043 -2.721714 -2.7374967 -2.7492016 -2.6912144 -2.6480626 -2.6422102 -2.5960536
-1.8169982 -1.9259087 -2.0562174 -2.1820058 -2.3138216 -2.4610383 -2.610216 -2.719092 -2.822211 -2.8844803 -2.9205323 -2.8000952 -2.7271965 -2.7216692 -2.7088679 -2.6867587 -2.6159395 -2.5249011 -2.4362095 -2.3084082 -2.1204797 -1.9722422 -1.7791646 -1.6445039 -1.5178097 -1.4522619 -1.4157031 -1.4322756 -1.4537298 -1.5336597 -1.6353056 -1.7382677 -1.8330807 -1.9272923 -1.993306 -2.016955 -2.0579221 -1.9892572 -1.8586859 -1.8169063 -1.8000239 -1.8116299 -1.8301508 -1.987299 -2.1173888 -2.2058938 -2.2740494 -2.3674398 -2.5636562 -2.7108124 -2.7300722 -2.7400024 -2.749332 -2.6913665 -2.6480409 -2.638188 -2.586179
-1.8244312 -1.9489304 -2.0871131 -2.2240833 -2.3602296 -2.5081801 -2.665272 -2.7725512 -2.8720427 -2.9264545 -2.957045 -2.8331423 -2.7411879 -2.7356606 -2.7204346 -2.6981921 -2.6222569 -2.5227654 -2.4006044 -2.254224 -2.0388312 -1.8363971 -1.6215504 -1.4225673 -1.2739175 -1.1770853 -1.1218122 -1.1342322 -1.1610329 -1.254672 -1.3823313 -1.503087 -1.6510377 -1.773939 -1.882628 -1.9499444 -2.0147464 -2.0049707 -1.8893708 -1.866606 -1.8724584 -1.8880076 -1.9201753 -2.0862098 -2.2126106 -2.2853491 -2.3287102 -2.393087 -2.5852698 -2.718884 -2.7359222 -2.7412556 -2.747108 -2.6913665 -2.6460818 -2.6343769 -2.5823679
-1.8771432 -2.0085391 -2.1467218 -2.283692 -2.4198383 -2.5667562 -2.7186117 -2.8220745 -2.9117819 -2.9578365 -2.9769146 -2.8460047 -2.7478111 -2.7422838 -2.7270578 -2.6994213 -2.6204143 -2.5098682 -2.3613526 -2.1946153 -1.9458865 -1.7039333 -1.4441499 -1.2172485 -1.0182654 -0.90604458 -0.82376873 -0.83618869 -0.8629894 -0.97829829 -1.1107806 -1.2710725 -1.439594 -1.6268722 -1.7639514 -1.8903357 -1.9898272 -2.0168965 -1.9291099 -1.9094239 -1.9320671 -1.9476163 -1.979784 -2.1612097 -2.2915151 -2.3383346 -2.3732648 -2.4063334 -2.5950519 -2.7242173 -2.7359222 -2.74 -2.7404848 -2.6880487 -2.6460818 -2.6343769 -2.5823679
