P2_models/J1_p2_tot_conduct_slide_61.34.dat.tif
NCOLS 118
NROWS 92
XLLCORNER 139.62
YLLCORNER -39.07
DX 0.099491525
DY 0.099347826
NODATA_VALUE -9999
[rows 0 to 25 of 92, columns 0 to 56 of 118]
-1.4893708 -1.468701 -1.4736756 -1.4706548 -1.4896056 -1.4978908 -1.5327128 -1.5689644 -1.6068659 -1.6204711 -1.6636627 -1.7016034 -1.7497786 -1.7962108 -1.840617 -1.8853882 -1.9301594 -1.9800625 -2.021259 -2.0655683 -2.1069175 -2.1481675 -2.1885324 -2.2241214 -2.257705 -2.288472 -2.3083703 -2.3104958 -2.3068913 -2.2924176 -2.2619999 -2.2175744 -2.1658931 -2.1013994 -2.0269431 -1.9489624 -1.8693692 -1.7964046 -1.7230951 -1.6704027 -1.6180388 -1.6040131 -1.5890894 -1.6011261 -1.6343717 -1.7133823 -1.7762191 -1.8710946 -1.9653497 -2.0676918 -2.161947 -2.2523922 -2.3357783 -2.4039441 -2.4636245 -2.4958915 -2.525664
-1.4938337 -1.4929619 -1.502437 -1.5197173 -1.5477878 -1.5867182 -1.6297833 -1.6947566 -1.7474597 -1.7877896 -1.8388422 -1.9049227 -1.9586527 -2.0200129 -2.068565 -2.1284167 -2.1758958 -2.2191119 -2.259752 -2.303019 -2.3420229 -2.3782983 -2.4180949 -2.456489 -2.492002 -2.5317986 -2.5635456 -2.5782405 -2.5805976 -2.588917 -2.5670652 -2.5500737 -2.5052659 -2.4643437 -2.3936048 -2.3237029 -2.2441097 -2.1671017 -2.0903829 -2.0223633 -1.9634672 -1.9268582 -1.9030011 -1.8914839 -1.9165649 -1.9690984 -2.0196574 -2.1014683 -2.1815545 -2.2727231 -2.3629632 -2.4470444 -2.5216192 -2.5878973 -2.6378264 -2.6677981 -2.685452
-1.489649 -1.4952239 -1.5101476 -1.5412899 -1.5839291 -1.6377989 -1.6974939 -1.7650827 -1.8361481 -1.9116081 -1.9862267 -2.0591378 -2.1287818 -2.201477 -2.2661465 -2.3280906 -2.3778363 -2.4265501 -2.4713213 -2.5141302 -2.5489522 -2.5852277 -2.6250243 -2.6658671 -2.7056637 -2.7465065 -2.7863031 -2.8224656 -2.8423639 -2.8593546 -2.8593546 -2.8519051 -2.8270322 -2.7895801 -2.7267434 -2.6584108 -2.5788176 -2.4969778 -2.4131954 -2.3357252 -2.267652 -2.2182171 -2.1833951 -2.1703086 -2.175545 -2.2043695 -2.2462606 -2.3110574 -2.384367 -2.4700246 -2.5590434 -2.6327263 -2.7050695 -2.7596636 -2.8062004 -2.827146 -2.8366472
-1.439975 -1.4479888 -1.466683 -1.4978252 -1.5447069 -1.6097289 -1.6912846 -1.7672547 -1.860985 -1.9438573 -2.0483191 -2.1212301 -2.2113615 -2.3042259 -2.3838191 -2.4503975 -2.5200415 -2.5703946 -2.6201404 -2.6651142 -2.7098854 -2.7466679 -2.7864645 -2.8290662 -2.8788119 -2.9220224 -2.9717681 -3.011076 -3.0458981 -3.0674303 -3.0883759 -3.083999 -3.0690753 -3.0317404 -2.9763113 -2.914564 -2.8396056 -2.7561346 -2.6677743 -2.5839919 -2.5036031 -2.4493246 -2.4069277 -2.3862714 -2.3804499 -2.4032822 -2.438747 -2.4966061 -2.5644349 -2.6422092 -2.7266928 -2.7959613 -2.8665097 -2.9107281 -2.9539222 -2.964395 -2.9698822
-1.3735438 -1.3777238 -1.3976221 -1.4336003 -1.4818806 -1.5566027 -1.6423333 -1.7426265 -1.8410915 -1.9480709 -2.0584525 -2.161211 -2.2607025 -2.3782155 -2.4655175 -2.5467166 -2.6203676 -2.6884566 -2.7423618 -2.7921076 -2.8383161 -2.8816339 -2.9214305 -2.9683763 -3.0196611 -3.0707586 -3.1220942 -3.1705391 -3.2086426 -3.2426094 -3.2668066 -3.2788987 -3.2664598 -3.2391304 -3.1867664 -3.1338438 -3.0592252 -2.9765278 -2.8867218 -2.8003302 -2.7165479 -2.6470352 -2.602264 -2.5745051 -2.5640323 -2.5787713 -2.6101897 -2.6596768 -2.7225135 -2.795803 -2.8743489 -2.9400782 -3.0071753 -3.0486358 -3.0829484 -3.0898841 -3.0855443
-1.2825406 -1.2845852 -1.3044835 -1.3443082 -1.4011605 -1.4758826 -1.5703996 -1.6743249 -1.7927672 -1.9108154 -2.0401544 -2.1592939 -2.2836583 -2.4030524 -2.5124931 -2.608809 -2.6933768 -2.7691767 -2.8338462 -2.8914554 -2.9412012 -2.9877952 -3.0325664 -3.0801426 -3.134863 -3.1887341 -3.2434545 -3.2947239 -3.3394951 -3.3792127 -3.410631 -3.4279204 -3.4229458 -3.4032282 -3.3665735 -3.3139118 -3.2392931 -3.1565958 -3.0623406 -2.9741889 -2.8904066 -2.8208838 -2.7611889 -2.7296312 -2.713922 -2.7272155 -2.7533974 -2.8003885 -2.8529075 -2.9246738 -2.9985337 -3.062267 -3.1251508 -3.1638419 -3.1947147 -3.1947147 -3.1848921
-1.1803803 -1.1807265 -1.1973283 -1.2367878 -1.2965102 -1.3737223 -1.4736288 -1.5889818 -1.7137454 -1.8360396 -1.9758441 -2.1198102 -2.2543859 -2.390369 -2.5077753 -2.6274787 -2.7233089 -2.8016563 -2.8701052 -2.9372027 -2.9906262 -3.0459609 -3.0925202 -3.1436685 -3.1983888 -3.2544608 -3.3131895 -3.3653082 -3.4133503 -3.4622154 -3.4974582 -3.5233416 -3.5224346 -3.5136155 -3.4816237 -3.4350191 -3.3628326 -3.2830632 -3.1915588 -3.1051672 -3.0181613 -2.946502 -2.8868071 -2.8466091 -2.8262726 -2.8387168 -2.8566675 -2.9003205 -2.9480961 -3.0175475 -3.0807346 -3.1429761 -3.1948859 -3.232506 -3.2582405 -3.2582405 -3.2467195
-1.0763925 -1.0737769 -1.0887006 -1.1309325 -1.1925225 -1.2744549 -1.378921 -1.4958432 -1.6237608 -1.7641119 -1.9183238 -2.070828 -2.2200653 -2.3720912 -2.5014302 -2.6258415 -2.725333 -2.8201593 -2.8948063 -2.9649123 -3.0246072 -3.0813953 -3.1311411 -3.1836919 -3.238579 -3.294651 -3.354346 -3.4153417 -3.470599 -3.5247272 -3.5671254 -3.6011149 -3.6060895 -3.6007405 -3.5745585 -3.5378978 -3.4682538 -3.392208 -3.3031892 -3.2157398 -3.1267211 -3.0534925 -2.9937976 -2.950461 -2.924279 -2.9231119 -2.9388211 -2.9753435 -3.0224711 -3.078285 -3.1411218 -3.1925141 -3.2440567 -3.2758348 -3.3015693 -3.3015693 -3.2931869
-0.97704469 -0.97442907 -0.9893528 -1.0310337 -1.087886 -1.1696887 -1.2791294 -1.3971254 -1.5297808 -1.6713517 -1.8355127 -1.9901079 -2.1527274 -2.3102613 -2.454524 -2.5824867 -2.696902 -2.7953223 -2.8798901 -2.9524938 -3.0121887 -3.0689768 -3.1187226 -3.1712734 -3.2309684 -3.2884418 -3.3481367 -3.4091325 -3.473802 -3.5309364 -3.5833004 -3.6201322 -3.6400305 -3.6379959 -3.6213139 -3.5891562 -3.5344359 -3.4610946 -3.3773123 -3.2913085 -3.2074412 -3.132837 -3.0683085 -3.0220177 -2.9863714 -2.9813045 -2.988495 -3.0201721 -3.0597265 -3.1068541 -3.1597495 -3.2077736 -3.2564751 -3.2841117 -3.3077785 -3.3077785 -3.2995493
-0.89896498 -0.8933875 -0.90701947 -0.94647891 -0.99980379 -1.0695461 -1.1733064 -1.2935239 -1.4261793 -1.5682132 -1.7298791 -1.8940401 -2.0582011 -2.2190486 -2.368505 -2.506344 -2.6260546 -2.7326944 -2.8199608 -2.8985116 -2.9609559 -3.017744 -3.0681714 -3.1228917 -3.1797356 -3.2407822 -3.303379 -3.3656756 -3.4332979 -3.4975069 -3.5557465 -3.6021187 -3.6296804 -3.6377803 -3.6269715 -3.6153178 -3.5692221 -3.5090082 -3.4315238 -3.3529957 -3.2724664 -3.1999987 -3.1353292 -3.0839115 -3.0460495 -3.0269906 -3.0300237 -3.0392521 -3.0745986 -3.107422 -3.1545496 -3.1889163 -3.2350291 -3.2545256 -3.275971 -3.275971 -3.2710335
-0.83794032 -0.83263569 -0.84258484 -0.87443593 -0.92181284 -0.98497909 -1.079496 -1.1884297 -1.3210851 -1.460653 -1.6198394 -1.7807335 -1.9448945 -2.10492 -2.2591318 -2.4037081 -2.5280725 -2.6423733 -2.7319157 -2.8139369 -2.8786064 -2.9403691 -2.9950894 -3.0498098 -3.1045301 -3.1627758 -3.2274453 -3.2942377 -3.3638817 -3.4334593 -3.4962961 -3.5528519 -3.587674 -3.6126929 -3.6179293 -3.6136738 -3.5788517 -3.5344598 -3.4663866 -3.3981524 -3.3248429 -3.2574702 -3.1928007 -3.139739 -3.0978478 -3.0746057 -3.0641329 -3.0663399 -3.0768127 -3.1002125 -3.1316309 -3.1589392 -3.1893139 -3.2039806 -3.2160258 -3.2160258 -3.2127323
-0.82552184 -0.8159375 -0.81774788 -0.84959897 -0.88335187 -0.93382362 -1.0049852 -1.1084095 -1.2221141 -1.3584958 -1.5027585 -1.6627579 -1.8232055 -1.9807352 -2.134947 -2.2795233 -2.4038877 -2.5189216 -2.6134386 -2.6959613 -2.7606308 -2.8223935 -2.8771139 -2.9318342 -2.9865546 -3.04533 -3.114974 -3.1829502 -3.2575689 -3.3288898 -3.4021993 -3.4632219 -3.5179423 -3.5443913 -3.5656385 -3.5765863 -3.5664333 -3.5287029 -3.4850144 -3.4221954 -3.3620983 -3.2968485 -3.2362654 -3.1787549 -3.128894 -3.0975604 -3.0765513 -3.0660786 -3.0643942 -3.0659375 -3.081957 -3.0886876 -3.1085938 -3.1085938 -3.1163269 -3.1110905 -3.1088229
-0.83711041 -0.82944293 -0.82591215 -0.83912825 -0.8685392 -0.90656139 -0.97332929 -1.0347056 -1.1411223 -1.2656289 -1.4098916 -1.5463153 -1.7055017 -1.8533099 -2.0075218 -2.1456171 -2.2699815 -2.3850154 -2.4795323 -2.5650238 -2.6296933 -2.6946965 -2.7494169 -2.8041372 -2.8588575 -2.9162813 -2.9840365 -3.0549815 -3.1296001 -3.2071303 -3.2804398 -3.3538809 -3.4086012 -3.4668275 -3.4940692 -3.5201597 -3.5120857 -3.5065629 -3.4678278 -3.4311017 -3.3779174 -3.327623 -3.270248 -3.2189791 -3.1666151 -3.131847 -3.0976808 -3.078497 -3.0581488 -3.053519 -3.0358691 -3.0390136 -3.0213927 -3.0213927 -3.0040172 -2.9987808 -2.9870634
-0.87573244 -0.85946359 -0.84453986 -0.84664534 -0.85612072 -0.88509343 -0.92986461 -0.99124093 -1.0717817 -1.1738668 -1.2982312 -1.4310769 -1.5753396 -1.7207029 -1.8649656 -2.0028046 -2.127169 -2.2422029 -2.3367198 -2.4231653 -2.4928094 -2.5580933 -2.6128136 -2.6675339 -2.7222543 -2.779678 -2.8443475 -2.9129195 -2.9925128 -3.0720581 -3.1558404 -3.2342916 -3.3089103 -3.3734036 -3.4257675 -3.4611412 -3.4810395 -3.483537 -3.4678278 -3.4394091 -3.4027543 -3.3572492 -3.3075035 -3.2562345 -3.2038705 -3.1572268 -3.1100993 -3.0771487 -3.0457303 -3.0176136 -2.9861952 -2.9586287 -2.9282541 -2.9024508 -2.8785868 -2.8628776 -2.8493645
-0.95315092 -0.92579539 -0.90278035 -0.90213447 -0.89259551 -0.88971638 -0.91469478 -0.96287496 -1.022658 -1.1098978 -1.2147597 -1.3459546 -1.4808526 -1.6085306 -1.7447889 -1.881022 -2.0013334 -2.1179223 -2.2165432 -2.3035389 -2.373183 -2.4384669 -2.4911003 -2.5422486 -2.596969 -2.653041 -2.7134032 -2.7819752 -2.8615685 -2.9448459 -3.0373146 -3.1213652 -3.2039035 -3.2711481 -3.3340338 -3.3953105 -3.4330164 -3.4511912 -3.4565099 -3.4434278 -3.4219323 -3.3863625 -3.3447589 -3.2934899 -3.241126 -3.188762 -3.1394947 -3.0843832 -3.0446298 -2.9864228 -2.9478392 -2.8867955 -2.849889 -2.783925 -2.7519221 -2.7092974 -2.6902966
-1.045378 -1.0101274 -0.98027991 -0.95680896 -0.9378582 -0.91704428 -0.93196801 -0.9541929 -1.0063075 -1.0663771 -1.1646972 -1.2727269 -1.3970913 -1.5154775 -1.6491191 -1.7770089 -1.8960119 -2.0076263 -2.1066802 -2.1971463 -2.2667903 -2.3306209 -2.3803666 -2.4307026 -2.4842425 -2.5389628 -2.5980167 -2.6603133 -2.7385227 -2.8218002 -2.9160553 -3.0087007 -3.0935621 -3.1743995 -3.2477091 -3.3229351 -3.3677063 -3.408492 -3.4242012 -3.4367385 -3.4262657 -3.4073566 -3.3725346 -3.3334854 -3.2811214 -3.2267647 -3.1744008 -3.1140593 -3.056459 -2.9844301 -2.9215933 -2.8448073 -2.7807529 -2.7035704 -2.6333325 -2.5804671 -2.5316937
-1.158505 -1.1198142 -1.075043 -1.0453686 -1.0122047 -0.98769485 -0.97277113 -0.98627584 -1.014702 -1.0663771 -1.1409958 -1.2386403 -1.3480809 -1.462492 -1.5868564 -1.710777 -1.8251923 -1.9347712 -2.0292882 -2.117668 -2.1873121 -2.2512119 -2.3059323 -2.3578475 -2.4026187 -2.4528614 -2.5075817 -2.5675887 -2.6372327 -2.7158291 -2.8100843 -2.9027297 -2.992272 -3.0761047 -3.1651234 -3.2438756 -3.3085451 -3.3561527 -3.3928075 -3.4134176 -3.4291268 -3.4168363 -3.396938 -3.3631391 -3.3264843 -3.2716006 -3.2141399 -3.1498 -3.0829517 -2.9985628 -2.9149701 -2.8175705 -2.7277674 -2.6282759 -2.5406079 -2.4568255 -2.3926067
-1.2767401 -1.2366652 -1.1890459 -1.1490035 -1.1085744 -1.0765948 -1.0571782 -1.05045 -1.0707391 -1.115494 -1.1851784 -1.2619496 -1.3666086 -1.4710662 -1.5923446 -1.7067598 -1.8211751 -1.92937 -2.0224456 -2.105971 -2.1756151 -2.240899 -2.29294 -2.3377112 -2.3811936 -2.4223419 -2.4699422 -2.5285651 -2.5946479 -2.6593024 -2.7491659 -2.8314679 -2.9194249 -3.0054675 -3.0944862 -3.1732384 -3.2418753 -3.3008751 -3.3444371 -3.3784112 -3.402446 -3.4034853 -3.3949117 -3.3827261 -3.3516673 -3.3009358 -3.2543372 -3.1924862 -3.120273 -3.0335691 -2.9353247 -2.8358332 -2.7216066 -2.6177568 -2.4917609 -2.4000518 -2.3046013
-1.3935947 -1.3516789 -1.3019331 -1.2535736 -1.2061967 -1.1706176 -1.1457447 -1.1378956 -1.1521087 -1.1812783 -1.2409732 -1.3126215 -1.4071385 -1.5049198 -1.619335 -1.7315085 -1.8459237 -1.9525635 -2.0421059 -2.1233895 -2.1930336 -2.2554107 -2.3001819 -2.3401877 -2.3799843 -2.4177699 -2.4625411 -2.5065512 -2.5612715 -2.6163741 -2.69492 -2.7710391 -2.8556069 -2.9416495 -3.0306683 -3.1080108 -3.1826294 -3.2492131 -3.3015771 -3.3456744 -3.3770928 -3.3943954 -3.3943954 -3.3866935 -3.3657479 -3.3352093 -3.2933182 -3.2308379 -3.1575284 -3.0641369 -2.9646454 -2.8492202 -2.7328888 -2.5928315 -2.4541927 -2.338992 -2.2258199
-1.505361 -1.4652862 -1.4199087 -1.3716517 -1.3290125 -1.2948024 -1.2699295 -1.261002 -1.2704774 -1.2986163 -1.3533367 -1.4243879 -1.5108801 -1.6037318 -1.7131724 -1.823677 -1.9281431 -2.0332836 -2.122826 -2.203343 -2.2630379 -2.3237123 -2.3647254 -2.4017169 -2.4315643 -2.4667515 -2.4965989 -2.5370576 -2.5768542 -2.6278182 -2.6801822 -2.7500985 -2.814768 -2.8981848 -2.9742987 -3.0439653 -3.1086348 -3.1757356 -3.2332754 -3.2803852 -3.3212096 -3.3458082 -3.3633492 -3.3633492 -3.3595387 -3.3385931 -3.3119459 -3.2580788 -3.1947838 -3.10808 -3.0143193 -2.8950775 -2.7763535 -2.6271162 -2.4849782 -2.3435955 -2.2221454
-1.6045922 -1.5664343 -1.5275664 -1.4922971 -1.4528063 -1.426066 -1.4029414 -1.4037431 -1.4158985 -1.4413677 -1.4958156 -1.5575147 -1.6420825 -1.7349342 -1.8440334 -1.9435249 -2.0460575 -2.1458584 -2.2352626 -2.3088389 -2.3685156 -2.4188758 -2.4586724 -2.4921245 -2.521972 -2.5357944 -2.5568911 -2.5893402 -2.6291368 -2.6543943 -2.7063003 -2.7456284 -2.808806 -2.8530544 -2.9238097 -2.9783335 -3.0399458 -3.0870672 -3.1428073 -3.1873077 -3.2291989 -3.2580704 -3.2838043 -3.3156803 -3.3181454 -3.3040687 -3.294598 -3.2519307 -3.2137047 -3.1347172 -3.0619013 -2.9447514 -2.8339758 -2.6847385 -2.5408002 -2.3994175 -2.2575394
-1.6927343 -1.6704149 -1.645542 -1.6178357 -1.5894096 -1.5668869 -1.5519632 -1.5527648 -1.5717156 -1.6013008 -1.6510465 -1.7127457 -1.7973135 -1.8873543 -1.9868459 -2.0863374 -2.1858289 -2.2798542 -2.3594474 -2.4317708 -2.4864911 -2.5356493 -2.5704713 -2.6004372 -2.615361 -2.628933 -2.6388822 -2.6523944 -2.6673181 -2.6863276 -2.7125096 -2.7417031 -2.7715505 -2.8083805 -2.855508 -2.9008014 -2.940598 -2.9839134 -3.031041 -3.0755414 -3.1174326 -3.1570783 -3.196875 -3.228751 -3.2549329 -3.2645246 -3.269761 -3.253278 -3.2323325 -3.174412 -3.1115752 -3.0084839 -2.9022774 -2.7584997 -2.6134677 -2.4616122 -2.3154483
-1.7720115 -1.7662609 -1.758354 -1.7314018 -1.7223015 -1.7221718 -1.7232276 -1.7262287 -1.7493351 -1.7809302 -1.8352725 -1.8969717 -1.9785022 -2.061409 -2.1515039 -2.2477836 -2.3377768 -2.4279379 -2.4979311 -2.5669947 -2.6120133 -2.6609201 -2.6901761 -2.7094388 -2.7144574 -2.7226227 -2.7126735 -2.7173041 -2.7073549 -2.7168146 -2.7127609 -2.7283008 -2.7255569 -2.76113 -2.7816454 -2.7909663 -2.8094748 -2.8436702 -2.8739948 -2.9158681 -2.9540313 -2.9976274 -3.0408342 -3.0879421 -3.1306675 -3.1674071 -3.1924947 -3.209707 -3.2076662 -3.1867207 -3.1390064 -3.0712321 -2.9760499 -2.8599764 -2.7211816 -2.5848722 -2.4363084
-1.8285032 -1.8462976 -1.8462976 -1.8435252 -1.8402985 -1.862059 -1.8687614 -1.8890215 -1.9144882 -1.9491462 -2.0038665 -2.067125 -2.1467182 -2.2190704 -2.3052068 -2.3899314 -2.4759152 -2.554572 -2.6205049 -2.6811236 -2.7246069 -2.7635645 -2.7884374 -2.7979082 -2.7987141 -2.7969302 -2.7841002 -2.7676468 -2.7502413 -2.7335816 -2.7194872 -2.7024462 -2.6898208 -2.6882296 -2.693466 -2.6685599 -2.678621 -2.6895592 -2.71319 -2.7419991 -2.7784889 -2.8227407 -2.8675118 -2.9278688 -2.9802327 -3.0451032 -3.0869943 -3.1352546 -3.1562002 -3.1665567 -3.1456111 -3.1053566 -3.0371578 -2.9419524 -2.8284206 -2.7019887 -2.5691341
-1.8726678 -1.8968202 -1.9216931 -1.933114 -1.9520648 -1.9738253 -1.9986982 -2.0256247 -2.0635263 -2.1043772 -2.1590975 -2.220938 -2.2905821 -2.3618829 -2.4365016 -2.5141162 -2.5887348 -2.660129 -2.7148494 -2.7680529 -2.8078495 -2.8433751 -2.8582988 -2.8662099 -2.8562607 -2.8466041 -2.8267058 -2.8049022 -2.7700802 -2.7397908 -2.7031361 -2.6714 -2.6316034 -2.6085638 -2.5771455 -2.5505844 -2.530686 -2.528119 -2.5333554 -2.555722 -2.5871403 -2.630407 -2.6801528 -2.7426087 -2.8159182 -2.8887524 -2.9672983 -3.0268778 -3.0878985 -3.1133089 -3.1331926 -3.1122471 -3.0806225 -3.0087675 -2.9215592 -2.8168313 -2.6995281
-1.8955074 -1.9434229 -1.9817882 -2.0031956 -2.0330291 -2.0718297 -2.1052539 -2.136175 -2.1740765 -2.2161649 -2.2674331 -2.3272763 -2.391242 -2.4476191 -2.5115763 -2.5797712 -2.6399712 -2.7052593 -2.7526687 -2.7983636 -2.8270411 -2.8595708 -2.8728559 -2.8757924 -2.8620352 -2.8453275 -2.8138525 -2.78745 -2.7448084 -2.7029469 -2.6468181 -2.6005944 -2.5432406 -2.5062201 -2.4617094 -2.4085872 -2.3762363 -2.3580615 -2.3510728 -2.3641905 -2.390442 -2.4385999 -2.492877 -2.5654706 -2.6452728 -2.7396974 -2.8267005 -2.9212143 -2.9925814 -3.059883 -3.0920316 -3.1231511 -3.1048973 -3.0782852 -3.0084505 -2.9360228 -2.8345866
