P2_models/J1_p2_vp_slide_diff2_20.dat.tif
NCOLS 118
NROWS 92
XLLCORNER 139.62
YLLCORNER -39.07
DX 0.099491525
DY 0.099347826
NODATA_VALUE -9999
[rows 0 to 24 of 92, columns 58 to 115 of 118]
-9999 -9999 -9999 -9999 -9999 -9999 -9999 -9999 -9999 -9999 -9999 -9999 -9999 -9999 -9999 -9999 -9999 -9999 -9999 -9999 -9999 -9999 -9999 -9999 -9999 -9999 -9999 -9999 -9999 -9999 -9999 -9999 -9999 -9999 -9999 -9999 -9999 -9999 -9999 -9999 -9999 -9999 -9999 -9999 -9999 -9999 -9999 -9999 -9999 -9999 -9999 -9999 -9999 -9999 -9999 -9999 -9999 -9999
0.18163538 0.17422877 0.16659314 0.1686484 0.17338402 0.17811964 0.18285526 0.18759088 0.19832673 0.20431033 0.21029393 0.21627753 0.22226113 0.22441031 0.22165292 0.21889553 0.21613814 0.21338075 0.20685322 0.20981527 0.20470797 0.19960068 0.19449339 0.18938609 0.18341673 0.17704909 0.17068144 0.1643138 0.1590104 0.16097203 0.16503667 0.17096843 0.17690019 0.18283195 0.18909557 0.20615875 0.22322194 0.24028513 0.25734831 0.26082301 0.26770053 0.27320145 0.27870238 0.2842033 0.28970422 0.30478258 0.31483343 0.3244272 0.33402097 0.34361474 0.3351877 0.33325758 0.33256094 0.3318643 0.33116766 -9999 -9999 -9999
0.18886542 0.18145881 0.17382318 0.16603193 0.16602049 0.1707561 0.17549172 0.18022734 0.19199961 0.2038467 0.20983031 0.21581391 0.22179751 0.22394669 0.2211893 0.21843191 0.21567452 0.20838927 0.20083005 0.20641152 0.21046994 0.20536265 0.20025535 0.19514806 0.1891787 0.18281106 0.17644341 0.17202816 0.17431928 0.17628091 0.17764882 0.18124534 0.1871771 0.19310886 0.19937248 0.21643566 0.23349885 0.25056204 0.25274404 0.24860344 0.25594764 0.26429906 0.26979998 0.27530091 0.28080183 0.29588019 0.31552439 0.32597889 0.33557266 0.34516643 0.33673939 0.3186777 0.31605016 0.31535352 0.31465688 -9999 -9999 -9999
0.19609546 0.18868885 0.18105322 0.17326197 0.16547071 0.16339257 0.16812819 0.17286381 0.18463607 0.19665013 0.20866418 0.21535028 0.22133388 0.22348306 0.22072568 0.21777881 0.21007245 0.2023661 0.19480688 0.20038836 0.20596983 0.21112461 0.20601732 0.20091003 0.19494067 0.18857302 0.18504591 0.18733703 0.18962816 0.19158978 0.1929577 0.19432561 0.19745401 0.20338577 0.20964939 0.22671258 0.24377576 0.24466507 0.24052446 0.23638386 0.24372806 0.25229543 0.2608628 0.26639851 0.27189944 0.2869778 0.306622 0.3262662 0.33712435 0.34671812 0.33829108 0.32022939 0.3021677 0.29884274 0.2981461 -9999 -9999 -9999
0.20235886 0.19591888 0.18828326 0.180492 0.17270075 0.1649095 0.16076465 0.16550027 0.17727253 0.18928659 0.20130064 0.2133147 0.22087026 0.22301944 0.21946199 0.21175564 0.20404928 0.19634293 0.18878371 0.19436519 0.19994666 0.20552814 0.21110961 0.20667199 0.20070264 0.19806367 0.20035479 0.20264591 0.20493703 0.20689866 0.20826658 0.20963449 0.21100241 0.21366268 0.2199263 0.23698949 0.23658609 0.23244549 0.22830489 0.22416428 0.23150848 0.24007585 0.24864322 0.25721059 0.26299705 0.2780754 0.29771961 0.31736381 0.33700801 0.34826981 0.33984277 0.32178108 0.30371939 0.28565769 0.28163532 -9999 -9999 -9999
0.19556388 0.2001961 0.19551329 0.18772204 0.17993079 0.17213954 0.16434829 0.15813673 0.169909 0.18192305 0.19393711 0.20595116 0.21796521 0.22114518 0.21343883 0.20573247 0.19802611 0.19031976 0.18276054 0.18834202 0.19392349 0.19950497 0.20508644 0.21066792 0.21108143 0.21337255 0.21566367 0.21795479 0.22024591 0.22220754 0.22357546 0.22494337 0.22631129 0.2276792 0.23020321 0.22850712 0.22436652 0.22022592 0.21608531 0.21194471 0.21928891 0.22785628 0.23642364 0.24499101 0.25355838 0.26917301 0.28881721 0.30846142 0.32810562 0.34774983 0.34139446 0.32333277 0.30527108 0.28720938 0.26914769 -9999 -9999 -9999
0.2079007 0.20758657 0.20037444 0.19168984 0.18389858 0.17610733 0.16831608 0.16052483 0.17188095 0.18389501 0.19590906 0.20792312 0.21686696 0.21637809 0.20867173 0.20096537 0.19325902 0.18557736 0.19481981 0.19350402 0.1990855 0.20466697 0.21024845 0.21582992 0.21916084 0.22145196 0.22374308 0.2260342 0.22963683 0.23031705 0.22505694 0.22642485 0.22779277 0.22916068 0.23036437 0.22622377 0.22208316 0.21794256 0.21380196 0.21520694 0.22318727 0.23175464 0.24032201 0.24888938 0.25463591 0.26926071 0.28890492 0.30854912 0.32819332 0.33989092 0.33009665 0.31203496 0.29397327 0.27591157 0.27089462 -9999 -9999 -9999
0.21681419 0.21349988 0.20628775 0.1964269 0.18734955 0.1795583 0.17176704 0.16397579 0.17533192 0.18734597 0.19936002 0.20714737 0.21229886 0.21180999 0.20410363 0.19639728 0.19122965 0.20059347 0.20983592 0.20823992 0.20664393 0.21160103 0.2171825 0.22276398 0.22609489 0.22838602 0.23067714 0.23478227 0.24106056 0.24174078 0.23233376 0.22571568 0.22708359 0.22845151 0.2296552 0.22551459 0.22137399 0.21723339 0.21919048 0.22165885 0.22963917 0.23820654 0.24677391 0.25205191 0.2561479 0.2707727 0.29041691 0.31006111 0.32088816 0.32655739 0.31676311 0.29870142 0.28063973 0.27711906 0.28307741 -9999 -9999 -9999
0.2227275 0.21941318 0.21220106 0.20234021 0.19247935 0.18300926 0.17521801 0.16742675 0.17878288 0.19079693 0.19742779 0.20257928 0.20773077 0.20724189 0.19953554 0.19688195 0.20624576 0.21560957 0.22485202 0.22325603 0.22166003 0.22006404 0.22411656 0.22969803 0.23302895 0.23532007 0.23992772 0.24620601 0.2524843 0.25316451 0.24375749 0.23435047 0.22637442 0.22774233 0.22894602 0.22480542 0.22070565 0.22317402 0.22564238 0.22811075 0.23609107 0.24465844 0.24946791 0.2535639 0.25765989 0.27228469 0.2919289 0.3018854 0.30755463 0.31322385 0.30342958 0.28536789 0.2833435 0.28930185 0.2952602 -9999 -9999 -9999
0.22864081 0.22532649 0.21811437 0.20825352 0.19839266 0.18853181 0.17867095 0.17087772 0.18223384 0.1877082 0.19285969 0.19801118 0.20316267 0.20267379 0.20253425 0.21189806 0.22126187 0.23062568 0.23986813 0.23827214 0.23667614 0.23508015 0.23348415 0.23663209 0.23996301 0.24507316 0.25135145 0.25762974 0.26390803 0.26458824 0.25518122 0.24577421 0.23636719 0.22703316 0.22823685 0.22468919 0.22715755 0.22962592 0.23209428 0.23456265 0.24254298 0.24688391 0.2509799 0.25507589 0.25917188 0.27379668 0.28288264 0.28855187 0.29422109 0.29989032 0.29009604 0.28956795 0.2955263 0.30148464 0.30744299 -9999 -9999 -9999
0.23528151 0.2319672 0.22352597 0.21366512 0.20380426 0.19394341 0.18408256 0.1742217 0.17887449 0.18402598 0.18917747 0.19432896 0.19948045 0.20575779 0.2151216 0.22448541 0.23384922 0.24321303 0.25338603 0.25267657 0.25108058 0.24948458 0.24788859 0.24629259 0.2500825 0.25636079 0.26263908 0.26891738 0.27519567 0.27542194 0.26601492 0.2566079 0.24720088 0.23779387 0.22874088 0.23120925 0.23367762 0.23614598 0.23861435 0.24114958 0.2452345 0.24933049 0.25342648 0.25752247 0.26161846 0.26666444 0.27233367 0.2780029 0.28367212 0.28934135 0.29308479 0.29904314 0.30500148 0.31095983 0.31691818 -9999 -9999 -9999
0.24668933 0.22823446 0.21943586 0.21578868 0.20592782 0.19606697 0.18620612 0.17634526 0.18099805 0.18614954 0.19130103 0.19645252 0.19810396 0.20242777 0.21179159 0.2211554 0.23051921 0.24151625 0.25653535 0.26151162 0.26147629 0.2598803 0.2582843 0.25668831 0.26047822 0.26675651 0.2730348 0.27931309 0.28479138 0.28398348 0.27298169 0.26357467 0.25416765 0.24476063 0.23570765 0.23817602 0.24064438 0.24311275 0.2457402 0.24972122 0.25380615 0.25790214 0.26199813 0.26609412 0.26946343 0.27436473 0.28003396 0.28570318 0.29137241 0.28430631 0.28481512 0.29077346 0.29673181 0.30269016 0.30873249 -9999 -9999 -9999
0.24022546 0.220357 0.21155841 0.21028225 0.20805138 0.19819053 0.18832968 0.17846882 0.18312161 0.1882731 0.19342459 0.19438882 0.19477395 0.19909776 0.20846157 0.21782538 0.22953402 0.24466558 0.25968468 0.26466095 0.26963721 0.27027601 0.26868002 0.26708402 0.27087393 0.27715222 0.28343051 0.28877327 0.2937302 0.2929223 0.28172669 0.27054143 0.26113442 0.2517274 0.24267442 0.24514278 0.24761115 0.25033082 0.25431185 0.25829287 0.2623778 0.26647379 0.27056977 0.27387322 0.27716371 0.28206501 0.28773424 0.29340347 0.28572075 0.27603664 0.27654544 0.28250379 0.28846214 0.29450867 0.30057148 -9999 -9999 -9999
0.23234801 0.21247955 0.20368095 0.2024048 0.20112864 0.19985248 0.19045324 0.18059238 0.18524517 0.19028856 0.19067369 0.19105881 0.19144393 0.19576774 0.20513156 0.21755179 0.23268335 0.2478149 0.26283401 0.26781027 0.27278654 0.2777628 0.27907573 0.27747974 0.28126965 0.28754794 0.29275516 0.29771209 0.30266902 0.30186112 0.29066551 0.2794699 0.26827428 0.25869416 0.24964118 0.25210955 0.25492144 0.25890247 0.26288349 0.26686452 0.27094944 0.27499252 0.27828301 0.2815735 0.28486399 0.2897653 0.29543452 0.28713518 0.27745108 0.26776697 0.26827577 0.27423412 0.28028484 0.28634766 0.29241047 -9999 -9999 -9999
0.22447055 0.20460209 0.1958035 0.19452734 0.19325119 0.19197503 0.19069887 0.18271594 0.18657342 0.18695855 0.18734367 0.18772879 0.18811392 0.19243773 0.20556956 0.22070112 0.23583267 0.25096423 0.26598333 0.2709596 0.27593586 0.28091213 0.28588839 0.28787545 0.29166536 0.29673705 0.30169398 0.30665091 0.31160784 0.31079994 0.29960433 0.28840872 0.2772131 0.26601749 0.25660795 0.25951206 0.26349309 0.26747411 0.27145514 0.27543617 0.27940231 0.28269281 0.2859833 0.28927379 0.29256428 0.29746558 0.28854962 0.27886551 0.2691814 0.2594973 0.2600061 0.26606102 0.27212383 0.27818665 0.28424946 -9999 -9999 -9999
0.22203078 0.20216232 0.19120067 0.18992452 0.18864836 0.1873722 0.18609605 0.18481989 0.18413721 0.18452233 0.18490746 0.18529258 0.1856777 0.19253166 0.20766322 0.22279477 0.23792633 0.25305788 0.26613512 0.27407757 0.27905384 0.2840301 0.28900637 0.29398263 0.29894567 0.3039026 0.30885953 0.31381647 0.3187734 0.3179246 0.30672899 0.29553337 0.28433776 0.27314215 0.26239899 0.26638002 0.27036104 0.27434207 0.2783231 0.28164659 0.28253013 0.28582062 0.28911111 0.2924016 0.29569209 0.29038397 0.28069986 0.27101576 0.26133165 0.25164754 0.25522582 0.26128864 0.26735145 0.27341427 0.27947708 -9999 -9999 -9999
0.23222619 0.21235773 0.19996142 0.19293074 0.19165458 0.19037843 0.18910227 0.18782611 0.18537154 0.18416299 0.18454811 0.18493324 0.18531836 0.19217232 0.20730387 0.22243543 0.23756698 0.24971968 0.25898863 0.27301581 0.28209895 0.28707522 0.29205148 0.29702775 0.30199079 0.30694772 0.31190465 0.31686158 0.3142798 0.31080314 0.30866107 0.29844257 0.28724696 0.27605135 0.26530819 0.26928922 0.27327024 0.27725127 0.28033569 0.28145487 0.27856046 0.27832366 0.28161415 0.28490464 0.28819513 0.28309668 0.27382584 0.26414173 0.25445762 0.24477352 0.25146949 0.26439019 0.27045301 0.27651582 0.28257864 -9999 -9999 -9999
0.2424216 0.22255314 0.21015683 0.20283817 0.1955195 0.19338465 0.19210849 0.19083234 0.18837776 0.1858827 0.18418877 0.18457389 0.18495902 0.19181297 0.20694453 0.22207609 0.23335751 0.24257318 0.25184214 0.26586932 0.2798965 0.29012033 0.2950966 0.30007287 0.30503591 0.30999284 0.31494977 0.31121175 0.30699444 0.30351778 0.30137571 0.29923363 0.29015616 0.27896055 0.26821739 0.27219842 0.27617944 0.27902479 0.28014397 0.28126315 0.27836874 0.27504687 0.2741172 0.27740769 0.28069818 0.27559973 0.26650202 0.25726771 0.2475836 0.23789949 0.24459546 0.26004888 0.27355456 0.27961738 0.28568019 -9999 -9999 -9999
0.25261701 0.23274855 0.22035225 0.21303358 0.20571491 0.19839624 0.19511472 0.19383856 0.19138399 0.18888892 0.18639385 0.18421455 0.18459967 0.19145363 0.20658519 0.21699534 0.22621102 0.23542669 0.24469565 0.25872283 0.27275001 0.28677719 0.29814172 0.30311798 0.30808102 0.31236101 0.3081437 0.30392639 0.29970907 0.29623241 0.29409034 0.29194827 0.2898062 0.28186975 0.27112659 0.27510762 0.27771389 0.27883307 0.27995225 0.28107143 0.27817702 0.27485515 0.27153329 0.26991073 0.27320122 0.26810277 0.25900507 0.24990736 0.24070958 0.23102547 0.23772144 0.25317486 0.26862828 0.28271893 0.28878174 -9999 -9999 -9999
0.25119406 0.24294397 0.23054766 0.22322899 0.21591032 0.20859166 0.20127299 0.19684478 0.19439021 0.19189514 0.18940008 0.18690501 0.18440994 0.19109429 0.20063317 0.20984885 0.21906452 0.2282802 0.23754916 0.25157634 0.26560352 0.2796307 0.29365788 0.3061631 0.30929296 0.30507565 0.30085833 0.29664102 0.29242371 0.28894704 0.28680497 0.2846629 0.28252083 0.28037876 0.27403579 0.27640298 0.27752217 0.27864135 0.27976053 0.28087971 0.2779853 0.27466343 0.27134157 0.2680197 0.26570426 0.26060582 0.25150811 0.24241041 0.2333127 0.22415144 0.23084741 0.24630084 0.26175426 0.27720768 0.2918833 -9999 -9999 -9999
0.23999751 0.23370268 0.23058791 0.22371204 0.21639337 0.20907471 0.20175604 0.19443737 0.19178207 0.189287 0.18679193 0.18429687 0.18276652 0.19057806 0.19979374 0.20900942 0.2182251 0.22744078 0.23169666 0.23792904 0.25195622 0.26598339 0.28001057 0.29403775 0.29558595 0.29136863 0.28715132 0.282934 0.27871669 0.29132499 0.28966874 0.28752667 0.2853846 0.28324253 0.28119769 0.28231687 0.28343605 0.28455523 0.28567441 0.285345 0.28218316 0.2788613 0.27553943 0.27221756 0.26920405 0.26229528 0.25319758 0.24409987 0.23500217 0.2276295 0.23686681 0.25232024 0.26777366 0.28322708 0.29608669 -9999 -9999 -9999
0.22529508 0.22049639 0.21738163 0.21541116 0.20955021 0.20223154 0.19491288 0.18759421 0.1849389 0.18244384 0.17994877 0.1799704 0.18668463 0.19449617 0.20371185 0.21292753 0.22214321 0.22530193 0.22706029 0.22873024 0.23340523 0.24743241 0.26145959 0.27548676 0.27703496 0.27281764 0.26860033 0.267392 0.28728655 0.29992471 0.29948751 0.29804613 0.29590406 0.29376199 0.29171714 0.29283632 0.2939555 0.29507469 0.29451317 0.292854 0.28969217 0.2863703 0.28304843 0.2801402 0.277823 0.27091423 0.26181653 0.25271882 0.24576404 0.24337465 0.25261197 0.26806539 0.28351881 0.29568075 0.29993441 -9999 -9999 -9999
0.2120888 0.20729011 0.20417534 0.20220488 0.20023441 0.19538838 0.18806971 0.18075105 0.17809574 0.17560067 0.17717427 0.1838885 0.19060274 0.19841428 0.20762996 0.21684564 0.21890622 0.22066556 0.22242391 0.22409387 0.22576382 0.22888142 0.2429086 0.25693578 0.25848397 0.25426666 0.25609716 0.27599171 0.29588626 0.30852442 0.30808722 0.30765003 0.30642351 0.30428144 0.3022366 0.30335578 0.30447496 0.30368134 0.30202217 0.300363 0.29720117 0.29387931 0.29107634 0.28875915 0.28644195 0.27953319 0.27043548 0.26389858 0.26150919 0.2591198 0.26835712 0.28381054 0.29527481 0.29952847 0.30378213 -9999 -9999 -9999
0.19888251 0.19408382 0.19096906 0.18899859 0.18702813 0.18505766 0.18122655 0.17390788 0.17125258 0.17437815 0.18109238 0.18780661 0.19452084 0.20233239 0.21075116 0.2125105 0.21426985 0.21602919 0.21778754 0.2194575 0.22112745 0.22279741 0.22446736 0.23838479 0.23993298 0.24480233 0.26469688 0.28459143 0.30448598 0.31712414 0.31668694 0.31624974 0.31581254 0.3148009 0.31275605 0.31387523 0.31284951 0.31119034 0.30953118 0.30787201 0.30471018 0.30201249 0.2996953 0.2973781 0.2950609 0.28815214 0.28203312 0.27964373 0.27725434 0.27486495 0.28410227 0.29486887 0.29912253 0.30337619 0.30762985 -9999 -9999 -9999
0.18567622 0.18087753 0.17776277 0.17579231 0.17382184 0.17185138 0.16988091 0.16706472 0.17158203 0.17829626 0.18501049 0.19172472 0.19843895 0.20435545 0.20611479 0.20787413 0.20963347 0.21139281 0.21315117 0.21482112 0.21649108 0.21816103 0.21983099 0.22150095 0.2335075 0.25340205 0.2732966 0.29319115 0.3130857 0.32572386 0.32528666 0.32484946 0.32441226 0.32397506 0.32327551 0.32201768 0.32035852 0.31869935 0.31704018 0.31538101 0.31294864 0.31063144 0.30831425 0.30599705 0.30367986 0.30016766 0.29777827 0.29538888 0.29299949 0.2906101 0.29446293 0.29871659 0.30297025 0.30722391 0.31147757 -9999 -9999 -9999
