P2_models/J1_p2_tot_conduct_slide_123.44.dat.tif
NCOLS 118
NROWS 92
XLLCORNER 139.62
YLLCORNER -39.07
DX 0.099491525
DY 0.099347826
NODATA_VALUE -9999
[rows 0 to 24 of 92, columns 57 to 113 of 118]
-2.978163 -2.9447508 -2.8784231 -2.8096196 -2.7153645 -2.6197835 -2.49411 -2.3372842 -2.1898462 -2.0280278 -1.85044 -1.6743457 -1.4967684 -1.3218496 -1.1595238 -1.0158138 -0.90779002 -0.83040772 -0.80436957 -0.80498162 -0.8852221 -0.98699705 -1.1473807 -1.3423093 -1.581398 -1.8082596 -2.0514611 -2.2587943 -2.4602552 -2.6140566 -2.7375581 -2.8039348 -2.8211132 -2.798783 -2.7356693 -2.6622925 -2.5393912 -2.4089725 -2.2683715 -2.1525433 -2.0589043 -2.0199196 -1.9827194 -1.9753986 -1.9966448 -2.0610217 -2.1372879 -2.2192221 -2.2579378 -2.2984999 -2.3336145 -2.3438261 -2.3438261 -2.3496894 -2.3045349 -2.222225 -2.0793899
-3.1439846 -3.0953242 -3.0227639 -2.9330992 -2.8255041 -2.7014764 -2.5538173 -2.3587566 -2.1927639 -2.0109136 -1.7938641 -1.6087132 -1.4073335 -1.226826 -1.0551923 -0.91148228 -0.80952371 -0.73878232 -0.72686141 -0.74515734 -0.83912156 -0.96484686 -1.134494 -1.3474463 -1.5914279 -1.833602 -2.0768035 -2.2861584 -2.4829216 -2.6334347 -2.7436723 -2.8045584 -2.8078261 -2.7821994 -2.7181435 -2.6318251 -2.5089238 -2.3803844 -2.2440171 -2.1367689 -2.0543815 -2.0300282 -1.9994467 -1.9950335 -2.0234682 -2.0951186 -2.1770528 -2.258987 -2.2933889 -2.3299075 -2.3627472 -2.3729416 -2.3769214 -2.3874326 -2.3641416 -2.2907091 -2.1808885
-3.2991476 -3.2448244 -3.1619148 -3.0566613 -2.9362242 -2.783401 -2.6210727 -2.426012 -2.2215017 -1.9945703 -1.7696092 -1.5601534 -1.3536173 -1.1601616 -0.98905096 -0.84534098 -0.75138717 -0.68505949 -0.69127418 -0.7155925 -0.83258974 -0.96369193 -1.1516204 -1.3635264 -1.6151815 -1.8584389 -2.1016404 -2.3045909 -2.4993516 -2.6339578 -2.7335695 -2.7833152 -2.7745517 -2.739437 -2.6616767 -2.5729103 -2.4514034 -2.3266228 -2.197869 -2.1050352 -2.0289535 -2.008737 -2.0000302 -2.0058827 -2.0410921 -2.1230263 -2.2060066 -2.2879408 -2.3232498 -2.353682 -2.3829442 -2.395906 -2.4017584 -2.408065 -2.3967471 -2.3382227 -2.2535248
-3.386077 -3.3351802 -3.2612626 -3.1560091 -3.035572 -2.8612767 -2.6769559 -2.4818952 -2.2773848 -2.0408123 -1.8124698 -1.5925412 -1.3829696 -1.1787893 -1.0095803 -0.87017794 -0.7821365 -0.72231493 -0.73106209 -0.76526642 -0.89239448 -1.026377 -1.2198328 -1.428278 -1.6710646 -1.8980345 -2.1264774 -2.3164915 -2.5055609 -2.6282925 -2.7076938 -2.7336413 -2.6631852 -2.5469506 -2.4856478 -2.4052608 -2.3057693 -2.1838103 -2.0639848 -1.9899469 -1.9296056 -1.9272779 -1.925852 -1.9960813 -2.0348828 -2.12166 -2.2094467 -2.2941501 -2.3569548 -2.3909374 -2.4155062 -2.4236617 -2.4265953 -2.3741592 -2.3532824 -2.3038458 -2.2350422
-3.3928257 -3.4118744 -3.3414298 -3.2494738 -3.1290367 -2.9517998 -2.7528168 -2.5583694 -2.353859 -2.1202281 -1.8861754 -1.6683632 -1.4549964 -1.2536291 -1.0806394 -0.94297366 -0.86286341 -0.80759034 -0.82485964 -0.86194434 -0.98619203 -1.1244783 -1.3142825 -1.516803 -1.7541793 -1.9598008 -2.1753658 -2.3413285 -2.5190594 -2.6302558 -2.6772299 -2.6935258 -2.6076281 -2.4379073 -2.3431682 -2.2753284 -2.1675356 -2.062406 -1.9473773 -1.8889687 -1.8421491 -1.8602874 -1.8741456 -1.9539278 -2.0309318 -2.1229274 -2.2182714 -2.306058 -2.3661056 -2.4143178 -2.4368249 -2.44 -2.44 -2.3842883 -2.3313854 -2.2838128 -2.2128207
-3.437366 -3.4677575 -3.4069571 -3.3183039 -3.213576 -3.0380802 -2.8338607 -2.643132 -2.4532068 -2.221978 -1.9917325 -1.7770402 -1.5667627 -1.373307 -1.2048242 -1.0721688 -0.99433284 -0.95011439 -0.97135685 -1.0109661 -1.1325668 -1.2672908 -1.4496919 -1.647197 -1.8637374 -2.0603237 -2.2436674 -2.3963746 -2.5438964 -2.617383 -2.6586022 -2.6475476 -2.5514811 -2.3759079 -2.2742922 -2.1883991 -2.0713502 -1.9599394 -1.8604479 -1.8039674 -1.7738475 -1.8043081 -1.8430994 -1.9367384 -2.0303587 -2.1415551 -2.2368991 -2.3246857 -2.3816527 -2.4254768 -2.4430342 -2.4453373 -2.44 -2.3813665 -2.3240663 -2.2713943 -2.2004023
-3.4398873 -3.4807602 -3.429331 -3.3490852 -3.2592141 -3.0928492 -2.9011907 -2.7388664 -2.5573639 -2.3316121 -2.1348099 -1.9272257 -1.7374896 -1.5530635 -1.3986897 -1.2792825 -1.2104877 -1.1706359 -1.1954194 -1.2350286 -1.3547322 -1.479784 -1.6521692 -1.8128067 -2.0048515 -2.1980411 -2.3384306 -2.4791942 -2.5767665 -2.6326287 -2.6399745 -2.6060394 -2.4816725 -2.3039446 -2.2014797 -2.0853895 -1.9683407 -1.8569299 -1.7636221 -1.7116779 -1.7063995 -1.7713383 -1.8174132 -1.9198815 -2.0382663 -2.1564042 -2.2555268 -2.3484891 -2.4002804 -2.4424062 -2.4566423 -2.4569065 -2.441002 -2.3706464 -2.3116478 -2.2526326 -2.1772637
-3.4398193 -3.4921092 -3.4478908 -3.3863931 -3.3026108 -3.1564333 -2.9679231 -2.8165838 -2.6618192 -2.4853417 -2.2976162 -2.1135708 -1.9416454 -1.7720921 -1.6368327 -1.5262865 -1.4641097 -1.4254185 -1.450202 -1.4878135 -1.5908192 -1.7024811 -1.8540714 -1.999016 -2.1687368 -2.2974125 -2.4300678 -2.5117418 -2.6058594 -2.6234168 -2.5898723 -2.5345992 -2.4039551 -2.2225294 -2.0943657 -1.9782632 -1.8612143 -1.7535623 -1.6657756 -1.6505842 -1.6505842 -1.7249388 -1.8054935 -1.9355065 -2.0584078 -2.1813091 -2.2891027 -2.3827418 -2.4275937 -2.4636331 -2.475338 -2.4632672 -2.4457099 -2.3806249 -2.3094347 -2.2450578 -2.1534706
-3.4409099 -3.4754827 -3.4478461 -3.392587 -3.3274478 -3.1933978 -3.0300155 -2.8977147 -2.7673763 -2.6286428 -2.4652657 -2.3081738 -2.1465503 -2.0249496 -1.902753 -1.82433 -1.7659731 -1.7358805 -1.7583515 -1.7920662 -1.8749758 -1.9756876 -2.0917611 -2.2214697 -2.3363863 -2.4429488 -2.5356249 -2.5715759 -2.6244871 -2.6059111 -2.549793 -2.4558288 -2.3166906 -2.1169723 -1.9857405 -1.8664969 -1.749448 -1.641796 -1.5870714 -1.5881631 -1.6133288 -1.7082394 -1.8054935 -1.9693619 -2.1020195 -2.2483306 -2.3550105 -2.4448342 -2.4718743 -2.5008885 -2.5068538 -2.4898249 -2.4643376 -2.4164288 -2.3528994 -2.260572 -2.1596049
-3.3980453 -3.3949275 -3.3773774 -3.3506069 -3.2957212 -3.2005696 -3.0494454 -2.9667192 -2.8506458 -2.7642411 -2.6296799 -2.5000158 -2.3667917 -2.2769102 -2.1892548 -2.1228462 -2.0941739 -2.0704091 -2.0926454 -2.1174856 -2.1752407 -2.2548029 -2.3426361 -2.4315153 -2.521201 -2.571463 -2.6441151 -2.630609 -2.648965 -2.6099311 -2.5098945 -2.3999638 -2.2420699 -2.0361862 -1.8884248 -1.7674832 -1.6626718 -1.5662959 -1.523551 -1.5610735 -1.6008738 -1.7246859 -1.8369289 -2.0118981 -2.1689919 -2.3129386 -2.409803 -2.4970087 -2.5111035 -2.5291232 -2.5305461 -2.5056259 -2.4759236 -2.414586 -2.3501468 -2.2544425 -2.151287
-3.2412246 -3.2586277 -3.2586277 -3.2504371 -3.2242551 -3.1504885 -3.0405242 -2.9769302 -2.9161298 -2.8536842 -2.7807528 -2.6655521 -2.5704117 -2.5096113 -2.461839 -2.4176206 -2.4053465 -2.4053465 -2.4234821 -2.4438249 -2.488245 -2.5364061 -2.6027338 -2.6540031 -2.7008226 -2.7233425 -2.7454517 -2.7126327 -2.6762701 -2.5943359 -2.4844353 -2.3517799 -2.1755641 -1.9648761 -1.816665 -1.6803337 -1.5834323 -1.5083725 -1.4849627 -1.5331713 -1.6092531 -1.7447464 -1.887571 -2.0692654 -2.2348835 -2.3753422 -2.4664525 -2.5425343 -2.5484883 -2.5503574 -2.5445049 -2.5187627 -2.483648 -2.4155032 -2.3366949 -2.2372034 -2.1348699
-3.041933 -3.0684181 -3.0971875 -3.1096585 -3.118698 -3.0781539 -3.009478 -2.9805547 -2.947176 -2.9344689 -2.8801227 -2.8015767 -2.7176086 -2.7010267 -2.6655441 -2.6535717 -2.6545839 -2.6723437 -2.687349 -2.6984037 -2.7094583 -2.7457574 -2.7789213 -2.8145769 -2.8187981 -2.8146907 -2.8075441 -2.7426195 -2.6886886 -2.5838816 -2.4476357 -2.2896875 -2.1110883 -1.8965745 -1.7559943 -1.6244506 -1.5483688 -1.4773263 -1.4872579 -1.5621632 -1.658927 -1.8111135 -1.9620819 -2.14936 -2.3156037 -2.4354946 -2.5129124 -2.5797897 -2.570143 -2.5689851 -2.5631326 -2.5343988 -2.4960665 -2.417839 -2.3366949 -2.2323606 -2.1343446
-2.7960852 -2.8437985 -2.8819831 -2.9190539 -2.9527566 -2.9401919 -2.9261432 -2.9624704 -2.9569431 -2.9460721 -2.9567871 -2.8782411 -2.8701425 -2.8545256 -2.8645115 -2.8625616 -2.884054 -2.9094435 -2.9224849 -2.9270586 -2.9381132 -2.9439096 -2.9770734 -2.9014714 -2.8918495 -2.871097 -2.8307185 -2.7561045 -2.6822177 -2.5593164 -2.406868 -2.2450951 -2.0554067 -1.8389365 -1.6974141 -1.5847698 -1.5086881 -1.4853596 -1.5087506 -1.5972651 -1.7218474 -1.8802303 -2.0430737 -2.2303519 -2.3937718 -2.5040649 -2.572036 -2.6183363 -2.591196 -2.5811318 -2.5740778 -2.5433051 -2.4994315 -2.4108145 -2.3217738 -2.2174819 -2.1216544
-2.5477156 -2.6038593 -2.6646597 -2.7222704 -2.7851071 -2.8211868 -2.8578416 -2.9046547 -2.9507339 -2.9877971 -3.0173432 -3.027816 -3.0373213 -3.0594305 -3.0750396 -3.0860942 -3.1046576 -3.1267669 -3.131841 -3.1319634 -3.1279033 -3.1154825 -3.0049364 -2.9263084 -2.8970462 -2.8549453 -2.7996723 -2.7336282 -2.66359 -2.5122586 -2.3543492 -2.1830027 -1.9933143 -1.7884788 -1.664089 -1.5599329 -1.5221877 -1.5119618 -1.5646338 -1.6683181 -1.8087768 -1.9671597 -2.1300061 -2.3231368 -2.4783707 -2.5661573 -2.620477 -2.6555917 -2.6145426 -2.5857827 -2.5740778 -2.5400418 -2.4932223 -2.3967367 -2.2983457 -2.1988542 -2.1154816
-2.305005 -2.3706091 -2.4416774 -2.5223967 -2.6004808 -2.6848608 -2.7442682 -2.8339721 -2.8974168 -2.989912 -3.0366012 -3.0760769 -3.0935442 -3.1285202 -3.1506294 -3.1681526 -3.1931243 -3.2195929 -3.2233737 -3.217724 -3.2011421 -3.1675784 -3.0297733 -2.944251 -2.9049062 -2.8427305 -2.779944 -2.6908244 -2.6147482 -2.4568989 -2.2885706 -2.1209103 -1.9472488 -1.7546812 -1.6660554 -1.5714924 -1.5747692 -1.567845 -1.6442524 -1.7737339 -1.918342 -2.061739 -2.2209314 -2.3936395 -2.546122 -2.6150605 -2.6458431 -2.6758702 -2.6291622 -2.5971006 -2.5817756 -2.5451505 -2.498331 -2.4018454 -2.3023539 -2.2063329 -2.1420059
-2.0781721 -2.135548 -2.2129303 -2.3043442 -2.3985993 -2.5068037 -2.6010588 -2.7196084 -2.8246272 -2.9349007 -3.0256102 -3.0745069 -3.1210851 -3.1622671 -3.1956769 -3.2177862 -3.246854 -3.2800178 -3.2814444 -3.2736795 -3.2532345 -3.2076412 -3.0613005 -2.9496586 -2.9028391 -2.827144 -2.7497617 -2.64791 -2.5489771 -2.3792563 -2.2227841 -2.0570652 -1.9018457 -1.7262725 -1.6563068 -1.5935268 -1.6139255 -1.6479683 -1.7416074 -1.8770672 -2.0292307 -2.1617979 -2.3063071 -2.4717097 -2.5985243 -2.6565316 -2.6758748 -2.6934322 -2.641822 -2.603674 -2.5861167 -2.5494915 -2.502672 -2.4061864 -2.308654 -2.215015 -2.1606517
-1.8714312 -1.9233624 -1.9952174 -2.088029 -2.1927569 -2.3126694 -2.4421023 -2.5790225 -2.7186562 -2.8557372 -2.9726246 -3.0459342 -3.1078387 -3.1686391 -3.2093552 -3.2369918 -3.2667235 -3.2998874 -3.2981641 -3.2869259 -3.2592893 -3.2076412 -3.0473493 -2.928873 -2.8644961 -2.7802535 -2.6835298 -2.5674658 -2.4496293 -2.2847607 -2.1300595 -1.9918768 -1.8519381 -1.7196493 -1.6681967 -1.6332659 -1.6859379 -1.7426742 -1.859723 -1.9946931 -2.141825 -2.2563769 -2.3791622 -2.5313257 -2.647139 -2.6764012 -2.693774 -2.7066785 -2.6470094 -2.603674 -2.5861167 -2.5494915 -2.502672 -2.4061864 -2.3098042 -2.22787 -2.1789118
-1.7388252 -1.7710154 -1.8321691 -1.9146512 -2.0161133 -2.1371481 -2.2717966 -2.4352576 -2.5869853 -2.7268121 -2.8780535 -2.9572025 -3.0510421 -3.1154606 -3.1679182 -3.1984184 -3.2315822 -3.2098902 -3.1928751 -3.1816369 -3.1535002 -3.0946725 -2.9266065 -2.7848956 -2.7179051 -2.6295103 -2.5342384 -2.4160981 -2.3015484 -2.1445679 -2.012449 -1.8935598 -1.8190059 -1.7107278 -1.6668126 -1.6906871 -1.7489907 -1.8461742 -1.9711535 -2.1129282 -2.2418458 -2.324111 -2.438592 -2.5841682 -2.6709379 -2.6941554 -2.7077496 -2.7147272 -2.5859256 -2.5398221 -2.5251375 -2.4905513 -2.4483095 -2.3865397 -2.2929255 -2.2164378 -2.1718566
-1.615673 -1.6333133 -1.683059 -1.7579397 -1.8574313 -1.9786938 -2.1148401 -2.2783011 -2.4496476 -2.6178923 -2.7765601 -2.8821753 -2.9832387 -3.0550937 -3.1110969 -3.1442608 -3.1309565 -3.086738 -3.069723 -3.0558757 -3.0174132 -2.9552381 -2.7673199 -2.6188833 -2.548654 -2.4577067 -2.3637424 -2.2563935 -2.1446532 -2.0158994 -1.9174968 -1.8235326 -1.760188 -1.7016636 -1.7243966 -1.7546988 -1.8472176 -1.9500392 -2.0846454 -2.2053575 -2.3282588 -2.4044178 -2.4844438 -2.6056424 -2.6878956 -2.7054529 -2.7128422 -2.7186946 -2.5754661 -2.4757827 -2.4640778 -2.4310632 -2.3900961 -2.334988 -2.2742487 -2.2040194 -2.1760348
-1.556716 -1.5656438 -1.5899204 -1.6568138 -1.7394557 -1.8533094 -1.9782369 -2.1416978 -2.3130443 -2.4897345 -2.6523753 -2.7728124 -2.8786782 -2.9726424 -3.0316806 -3.0697499 -3.0611623 -3.0246456 -3.0039025 -2.9813648 -2.9205644 -2.849681 -2.6728072 -2.5186817 -2.41826 -2.3166739 -2.2085115 -2.1048768 -1.9956314 -1.8882764 -1.8142482 -1.7738587 -1.7313587 -1.7140821 -1.7649475 -1.8167912 -1.93384 -2.0431778 -2.16766 -2.2762243 -2.384142 -2.4409291 -2.5092808 -2.6146247 -2.6941048 -2.7062213 -2.71 -2.7124854 -2.5741582 -2.4757827 -2.4534952 -2.4186448 -2.3776777 -2.3225695 -2.2618302 -2.2018843 -2.183664
-1.5744918 -1.5460242 -1.5603151 -1.6026087 -1.6678998 -1.7636491 -1.8746208 -2.0121734 -2.1835199 -2.3602101 -2.5140329 -2.63447 -2.7518847 -2.8458489 -2.9155664 -2.955749 -2.9512574 -2.9206396 -2.897537 -2.8573023 -2.7965019 -2.6945723 -2.5182461 -2.3703384 -2.2600293 -2.1473465 -2.0341203 -1.9284094 -1.841834 -1.7481949 -1.7060213 -1.6787636 -1.7208174 -1.7241576 -1.7844448 -1.8788836 -1.9959324 -2.1219394 -2.2410271 -2.3427868 -2.4273979 -2.468497 -2.5234995 -2.6288435 -2.6945165 -2.7045713 -2.7064606 -2.7064606 -2.5644095 -2.4644865 -2.4395762 -2.4026869 -2.3617198 -2.3101511 -2.25333 -2.1988584 -2.1872034
-1.5869103 -1.5465327 -1.5354781 -1.557707 -1.5995981 -1.6819907 -1.7814822 -1.9152864 -2.0593351 -2.215656 -2.365585 -2.4912585 -2.6090722 -2.7030364 -2.7749273 -2.8191457 -2.8178821 -2.7902456 -2.7457302 -2.6958621 -2.6083759 -2.5046793 -2.3443874 -2.1964797 -2.067726 -1.9521801 -1.8416339 -1.7588423 -1.6815862 -1.6406191 -1.6193989 -1.6415082 -1.683562 -1.7420864 -1.8355985 -1.9409759 -2.0695759 -2.1915663 -2.2969103 -2.3820055 -2.4522348 -2.4889663 -2.5294068 -2.6288983 -2.6925096 -2.698362 -2.7002514 -2.7002514 -2.5557175 -2.4502107 -2.4209485 -2.3840592 -2.3430921 -2.2938473 -2.2460348 -2.2050677 -2.1934126
-1.6509637 -1.59566 -1.559893 -1.5616558 -1.584123 -1.6403764 -1.7205162 -1.8242968 -1.9535448 -2.07588 -2.2166915 -2.3214194 -2.435319 -2.5193131 -2.5841813 -2.6166086 -2.612117 -2.5816047 -2.5322767 -2.4599933 -2.3494471 -2.2445542 -2.0895015 -1.9461901 -1.8255503 -1.7281533 -1.6304795 -1.5876264 -1.5247913 -1.5123292 -1.5550018 -1.6209348 -1.6886317 -1.7723536 -1.8930748 -2.0073892 -2.1361429 -2.2573792 -2.3790707 -2.4683977 -2.5358562 -2.5725877 -2.5981892 -2.5526374 -2.6159974 -2.6173841 -2.6094578 -2.6046739 -2.4902512 -2.3859059 -2.3609599 -2.3261094 -2.2851423 -2.2828043 -2.2399311 -2.2072972 -2.2036831
-1.7476757 -1.6678378 -1.6213962 -1.5901961 -1.6006689 -1.6275023 -1.690339 -1.7635713 -1.8685901 -1.9645109 -2.0776768 -2.1686359 -2.2597354 -2.3341126 -2.3806522 -2.4064515 -2.3902316 -2.3570678 -2.2921667 -2.214299 -2.1037529 -1.9898593 -1.8434762 -1.7150121 -1.6004333 -1.5262801 -1.4433705 -1.4291069 -1.3996536 -1.4230634 -1.5046738 -1.5877921 -1.6944496 -1.7997936 -1.9280522 -2.0602422 -2.1837607 -2.3125144 -2.4396964 -2.5138425 -2.5782194 -2.6088033 -2.6338515 -2.5847931 -2.5560394 -2.5551366 -2.5453211 -2.5336162 -2.4216167 -2.3376047 -2.3141949 -2.2849287 -2.2439616 -2.2527921 -2.2429965 -2.2149417 -2.2157044
-1.8512617 -1.7671856 -1.7008579 -1.6624275 -1.6362456 -1.6529595 -1.6791415 -1.7391771 -1.8064977 -1.8794544 -1.9597012 -2.0277744 -2.0982952 -2.1480409 -2.1819565 -2.1819565 -2.1591155 -2.1149075 -2.0429358 -1.9597202 -1.849174 -1.7352805 -1.6081524 -1.4914795 -1.4036929 -1.3407131 -1.2943487 -1.298473 -1.306515 -1.3770636 -1.4674184 -1.5834918 -1.7027252 -1.837049 -1.9653076 -2.0974977 -2.2145465 -2.3347092 -2.4459056 -2.5176753 -2.5658009 -2.5919785 -2.6090145 -2.5563425 -2.5237336 -2.5178812 -2.5080656 -2.4963607 -2.3875914 -2.3065585 -2.2831487 -2.2559254 -2.2253339 -2.2464493 -2.2511267 -2.2335694 -2.2343321
