P2_models/J1_p2_vp_slide_diff2_300.dat.tif
NCOLS 118
NROWS 92
XLLCORNER 139.62
YLLCORNER -39.07
DX 0.099491525
DY 0.099347826
NODATA_VALUE -9999
[rows 24 to 47 of 92, columns 55 to 109 of 118]
-0.11376702 -0.09998887 -0.086210715 -0.07243256 -0.058654405 -0.063104409 -0.079941218 -0.096778027 -0.11361484 -0.13045164 -0.14212485 -0.14483525 -0.14508705 -0.14533885 -0.14559066 -0.14584246 -0.14558086 -0.14232768 -0.13907449 -0.1358213 -0.13256811 -0.12935703 -0.12990667 -0.13045632 -0.13100596 -0.13155561 -0.13210525 -0.12351092 -0.11077262 -0.098034327 -0.085296032 -0.072557738 -0.070054728 -0.085994772 -0.10193482 -0.11787486 -0.1338149 -0.15164399 -0.14999436 -0.14875482 -0.14751527 -0.14627572 -0.14503617 -0.14170516 -0.14010354 -0.13850192 -0.1369003 -0.13529867 -0.13551257 -0.13771929 -0.13992601 -0.14213274 -0.14433946 -0.1335661 -0.11218537
-0.12591026 -0.1121321 -0.098353949 -0.084575794 -0.070797639 -0.071295777 -0.085457637 -0.10229445 -0.11913125 -0.13596806 -0.15280487 -0.13973807 -0.13979179 -0.1400436 -0.1402954 -0.1405472 -0.13926147 -0.13600828 -0.13275509 -0.1295019 -0.12624871 -0.13993269 -0.13073914 -0.13128879 -0.13183843 -0.13238808 -0.13293772 -0.1243986 -0.1116603 -0.098922007 -0.086183713 -0.077665121 -0.077021495 -0.081211726 -0.09715177 -0.11309181 -0.12903186 -0.14445973 -0.14322019 -0.14198064 -0.14074109 -0.13950154 -0.14353054 -0.14433307 -0.14277655 -0.14117493 -0.13957331 -0.13797169 -0.14303675 -0.14653693 -0.14874365 -0.15095037 -0.15315709 -0.15546729 -0.13978149
-0.14325666 -0.12975789 -0.11597973 -0.10220158 -0.088423423 -0.088921561 -0.099121041 -0.11202335 -0.12886015 -0.14569696 -0.16253377 -0.14946697 -0.13537263 -0.13300871 -0.13326052 -0.13351232 -0.13222658 -0.1289734 -0.12572021 -0.12460683 -0.13902223 -0.15316857 -0.14328493 -0.13340129 -0.13332611 -0.13387576 -0.1344254 -0.12588628 -0.11314798 -0.10040969 -0.093653062 -0.094895205 -0.094251579 -0.09020997 -0.091881896 -0.10782194 -0.12376198 -0.13918986 -0.13795031 -0.13671077 -0.13547122 -0.14004156 -0.14528223 -0.14608476 -0.14641461 -0.14506049 -0.14345886 -0.14185724 -0.14692231 -0.15516558 -0.15904179 -0.16124851 -0.16345524 -0.16576543 -0.16813094
-0.16053768 -0.1470493 -0.13356091 -0.11982736 -0.10604921 -0.10654734 -0.11674682 -0.12694631 -0.13858905 -0.15542586 -0.17226267 -0.15919587 -0.14510153 -0.1310072 -0.12622563 -0.12647744 -0.1251917 -0.12193851 -0.12342731 -0.13784271 -0.15225811 -0.16640444 -0.15652081 -0.14663717 -0.13675353 -0.13536344 -0.13591308 -0.12737396 -0.11463566 -0.109641 -0.11088315 -0.11212529 -0.11148166 -0.10744005 -0.10339845 -0.10255207 -0.11849211 -0.13391999 -0.13268044 -0.13144089 -0.13655259 -0.14179326 -0.14703392 -0.14783645 -0.14816631 -0.14849616 -0.14734442 -0.1457428 -0.15080786 -0.15905113 -0.16729441 -0.17154666 -0.17375338 -0.17606357 -0.17842908
-0.17781871 -0.16433032 -0.15084194 -0.13735355 -0.12367499 -0.12417313 -0.13437261 -0.14457209 -0.15477157 -0.16515476 -0.18199157 -0.16892477 -0.15483043 -0.1407361 -0.12664177 -0.11944255 -0.11815682 -0.12224779 -0.13666319 -0.15107859 -0.16549399 -0.17964032 -0.16975668 -0.15987305 -0.14998941 -0.14010577 -0.13740076 -0.12886164 -0.12562895 -0.12687109 -0.12811323 -0.12935537 -0.12871175 -0.12467014 -0.12062853 -0.11658692 -0.11322224 -0.12865011 -0.12782295 -0.13306361 -0.13830428 -0.14354495 -0.14878562 -0.14958815 -0.149918 -0.15024785 -0.1505777 -0.14962836 -0.15469342 -0.16293669 -0.17117996 -0.17942323 -0.18405152 -0.18636171 -0.18872722
-0.1924157 -0.17892731 -0.16543893 -0.15195054 -0.13846216 -0.13667504 -0.14687452 -0.15707401 -0.16727349 -0.17747297 -0.18767245 -0.179244 -0.16514967 -0.15105534 -0.13696101 -0.12286668 -0.12127874 -0.13569415 -0.15010955 -0.16452495 -0.17894035 -0.18833773 -0.17963313 -0.1697495 -0.15986586 -0.14998222 -0.14009858 -0.13782482 -0.13906697 -0.14030911 -0.14155125 -0.14279339 -0.14446164 -0.14042003 -0.13637842 -0.13233681 -0.1282952 -0.12453032 -0.12977099 -0.13501166 -0.14025233 -0.14549299 -0.15103455 -0.1512603 -0.15159015 -0.15192 -0.15224986 -0.15257971 -0.15732943 -0.16557271 -0.17381598 -0.18205925 -0.19030252 -0.19528587 -0.19765139
-0.18440203 -0.17142846 -0.15794007 -0.14445168 -0.1309633 -0.12047877 -0.1171951 -0.12739458 -0.13759406 -0.14779354 -0.15799302 -0.18181953 -0.18032875 -0.16623442 -0.15214009 -0.13804576 -0.13645782 -0.15087323 -0.16528863 -0.17970403 -0.18305128 -0.15858602 -0.15933464 -0.15197004 -0.1420864 -0.13220276 -0.12231912 -0.12004537 -0.12128751 -0.12252965 -0.1237718 -0.13179294 -0.14112177 -0.1439845 -0.13994289 -0.13590129 -0.13185968 -0.1280948 -0.13333546 -0.13857613 -0.1438168 -0.15054897 -0.1700419 -0.15749988 -0.15260752 -0.15293737 -0.15326722 -0.15359707 -0.15376015 -0.15792208 -0.16616535 -0.17440862 -0.18265189 -0.19029392 -0.1952645
-0.17042971 -0.16238227 -0.15044121 -0.13695283 -0.12346444 -0.11297991 -0.10453664 -0.097715159 -0.10791464 -0.11811412 -0.1283136 -0.1521401 -0.17643485 -0.1814135 -0.16731917 -0.15322484 -0.1516369 -0.1660523 -0.18046771 -0.17804717 -0.15329957 -0.1288343 -0.12958293 -0.13033155 -0.12430695 -0.11442331 -0.10453967 -0.10226591 -0.10350806 -0.1047502 -0.11418375 -0.12663277 -0.1359616 -0.13966813 -0.14337465 -0.13946576 -0.13542415 -0.13165927 -0.13689994 -0.14214061 -0.1500634 -0.16955633 -0.18904925 -0.17650723 -0.16055338 -0.15395473 -0.15428459 -0.15461444 -0.15477752 -0.15486109 -0.15851472 -0.16675799 -0.17500126 -0.18264329 -0.18996388
-0.15645739 -0.14840995 -0.1403625 -0.12945397 -0.11596558 -0.10548105 -0.097037778 -0.0885945 -0.080151223 -0.088434696 -0.098634176 -0.12246068 -0.14675543 -0.17105017 -0.18249825 -0.16840392 -0.16681598 -0.18123138 -0.17304305 -0.14829545 -0.12354786 -0.099082586 -0.099831213 -0.10057984 -0.10132847 -0.096643851 -0.086760213 -0.084486457 -0.085728599 -0.096574565 -0.10902358 -0.1214726 -0.13080143 -0.13450796 -0.13821449 -0.14192101 -0.13898862 -0.13522374 -0.14046441 -0.14957783 -0.16907075 -0.18856368 -0.20805661 -0.19551459 -0.17956074 -0.16360689 -0.15530195 -0.1556318 -0.15579488 -0.15587845 -0.15596203 -0.15910736 -0.16735063 -0.17499267 -0.18231325
-0.14248507 -0.13443763 -0.12639018 -0.11834274 -0.10846672 -0.097982196 -0.089538919 -0.081095642 -0.072652365 -0.064209087 -0.068954753 -0.092781257 -0.117076 -0.14137075 -0.16566549 -0.183583 -0.18199506 -0.16803893 -0.14329133 -0.11854374 -0.093796141 -0.069330871 -0.070079498 -0.070828125 -0.071576752 -0.072325379 -0.068980757 -0.066707001 -0.078965379 -0.091414397 -0.10386341 -0.11631243 -0.12564126 -0.12934779 -0.13305432 -0.13676085 -0.14046738 -0.13878822 -0.14909226 -0.16858518 -0.18807811 -0.20757103 -0.22706396 -0.21452194 -0.19856809 -0.18261424 -0.16666039 -0.15664917 -0.15681225 -0.15689582 -0.15697939 -0.15706296 -0.15970001 -0.16734204 -0.17466262
-0.1379866 -0.12993916 -0.12189172 -0.11384427 -0.10579683 -0.099760527 -0.09131725 -0.082873973 -0.074430696 -0.065987419 -0.057544141 -0.070297071 -0.094591816 -0.11888656 -0.14318131 -0.16747605 -0.17025733 -0.14550974 -0.12076214 -0.096014546 -0.071266951 -0.052186349 -0.058873107 -0.059621734 -0.06037036 -0.061118987 -0.061867614 -0.070619149 -0.083068167 -0.095517185 -0.1079662 -0.12041522 -0.12293357 -0.12707452 -0.13078105 -0.13448757 -0.1381941 -0.14237127 -0.16186419 -0.18135712 -0.20085004 -0.22034297 -0.23601211 -0.2274905 -0.21153666 -0.19558281 -0.17962896 -0.16367511 -0.15587932 -0.15596289 -0.15604646 -0.15613003 -0.15621361 -0.15730053 -0.16462112
-0.15048055 -0.14106568 -0.13301824 -0.1249708 -0.11692335 -0.11155566 -0.10800896 -0.099952944 -0.091509667 -0.08306639 -0.074623112 -0.075403303 -0.083974557 -0.1082693 -0.13256405 -0.15685879 -0.15964007 -0.13489248 -0.11014488 -0.085397287 -0.068045205 -0.055422928 -0.070203051 -0.079001687 -0.079750314 -0.08049894 -0.081247567 -0.089999102 -0.10244812 -0.11489714 -0.12734616 -0.12068217 -0.11896203 -0.12828308 -0.13326906 -0.13697559 -0.14068212 -0.14485928 -0.16435221 -0.18384513 -0.20333806 -0.21773399 -0.22533826 -0.22260672 -0.2145456 -0.19859175 -0.1826379 -0.16668405 -0.15712415 -0.15181339 -0.15189696 -0.15198054 -0.15206411 -0.15095882 -0.1506364
-0.16529719 -0.15421419 -0.14414477 -0.13609732 -0.12804988 -0.12268218 -0.11913549 -0.11558879 -0.10858864 -0.10014536 -0.091702084 -0.092482274 -0.093579394 -0.097652043 -0.12194679 -0.14624153 -0.14902282 -0.12427522 -0.099527624 -0.084210892 -0.071281784 -0.058659508 -0.073439631 -0.088219754 -0.099130267 -0.099878894 -0.10062752 -0.10937906 -0.12182807 -0.13240589 -0.12455826 -0.11671064 -0.1149905 -0.12431154 -0.13363258 -0.1394636 -0.14317013 -0.1473473 -0.16684022 -0.18633315 -0.19945587 -0.20706014 -0.21466442 -0.21193288 -0.20810054 -0.20160069 -0.18564684 -0.169693 -0.16013309 -0.15362137 -0.14774746 -0.14783104 -0.14791461 -0.14680932 -0.14506842
-0.18011384 -0.16903084 -0.15794784 -0.14722385 -0.1391764 -0.13380871 -0.13026201 -0.12671532 -0.12316862 -0.11722433 -0.10878105 -0.10956125 -0.11065837 -0.11175549 -0.11285261 -0.13562427 -0.13840556 -0.11365796 -0.10037658 -0.087447472 -0.074518364 -0.061896087 -0.07667621 -0.091456333 -0.10623646 -0.11925885 -0.12000747 -0.12875901 -0.13628198 -0.12843436 -0.12058673 -0.1127391 -0.11101896 -0.12034 -0.12966104 -0.13898209 -0.14565815 -0.14983531 -0.16932824 -0.18117775 -0.18878203 -0.1963863 -0.20399057 -0.20125903 -0.1974267 -0.19359436 -0.18865579 -0.17270194 -0.16314204 -0.15663032 -0.15011859 -0.14368154 -0.14376511 -0.14265982 -0.14091892
-0.19493049 -0.18384749 -0.17276449 -0.16168149 -0.15059849 -0.14493523 -0.14138854 -0.13784184 -0.13429515 -0.13074845 -0.12586003 -0.12664022 -0.12773734 -0.12883446 -0.12993158 -0.1310287 -0.12947137 -0.11654227 -0.10361316 -0.090684051 -0.077754943 -0.065132666 -0.07991279 -0.094692913 -0.10947304 -0.12425316 -0.13903328 -0.14015808 -0.13231045 -0.12446282 -0.11661519 -0.10876756 -0.10704742 -0.11636846 -0.12568951 -0.13501055 -0.14433159 -0.15232333 -0.16289963 -0.17050391 -0.17810818 -0.18571246 -0.19331673 -0.19058519 -0.18675285 -0.18292052 -0.17908818 -0.17525584 -0.16615098 -0.15963926 -0.15312754 -0.14661582 -0.1401041 -0.13851032 -0.13676942
-0.18638312 -0.17530012 -0.16421712 -0.15313412 -0.14785581 -0.15463144 -0.15566345 -0.15211675 -0.14857006 -0.14502336 -0.14147666 -0.14241952 -0.14351664 -0.14461376 -0.14571088 -0.14270011 -0.13067477 -0.11774566 -0.10481655 -0.091887447 -0.078958339 -0.076832683 -0.089894639 -0.10467476 -0.11945489 -0.13423501 -0.14901513 -0.14831818 -0.14047055 -0.13262292 -0.1247753 -0.1166369 -0.10371252 -0.098464018 -0.10778506 -0.1171061 -0.12642714 -0.135697 -0.14330128 -0.15090555 -0.15850983 -0.1661141 -0.18078054 -0.17897884 -0.1751465 -0.17131416 -0.16748183 -0.16328955 -0.15741965 -0.15090793 -0.14439621 -0.13788449 -0.14192351 -0.1464647 -0.1447238
-0.16993371 -0.15885071 -0.14776771 -0.14497389 -0.14541272 -0.15218835 -0.16327011 -0.16745649 -0.16390979 -0.1603631 -0.1568164 -0.15775925 -0.15885638 -0.1599535 -0.15453492 -0.14321586 -0.13119052 -0.11826141 -0.1053323 -0.093114674 -0.092194193 -0.091425151 -0.10418072 -0.11693796 -0.13171808 -0.1464982 -0.16127833 -0.16058137 -0.15273375 -0.14488612 -0.13654571 -0.12735588 -0.1144315 -0.094777797 -0.085168311 -0.094489353 -0.10381039 -0.11308026 -0.12068453 -0.1282888 -0.13589308 -0.15159409 -0.1688588 -0.1670571 -0.16322476 -0.15939242 -0.15511111 -0.1505875 -0.1447176 -0.13820588 -0.13169416 -0.13768025 -0.15397159 -0.15851279 -0.15677189
-0.1534843 -0.1424013 -0.14209197 -0.1425308 -0.14296963 -0.14974526 -0.16082702 -0.17190877 -0.17924953 -0.17570283 -0.17215614 -0.17309899 -0.17419611 -0.16636972 -0.15505066 -0.1437316 -0.13170626 -0.11877715 -0.10862762 -0.10770714 -0.10678666 -0.10601762 -0.11877318 -0.13152875 -0.14428431 -0.1587614 -0.17354152 -0.17284457 -0.16499694 -0.15645452 -0.14726469 -0.13807486 -0.12515049 -0.10549678 -0.085843073 -0.071872604 -0.081193646 -0.090463507 -0.09806778 -0.10567205 -0.12240765 -0.13967236 -0.15693706 -0.15513536 -0.15130302 -0.14693267 -0.14240906 -0.13788545 -0.13201555 -0.12550383 -0.13343699 -0.14972833 -0.16601967 -0.17056087 -0.16881997
-0.13877122 -0.13921005 -0.13964888 -0.14008771 -0.14052654 -0.14730217 -0.15838392 -0.16946568 -0.18054744 -0.19104257 -0.18749587 -0.18843873 -0.17820453 -0.16688547 -0.15556641 -0.14424735 -0.132222 -0.12414057 -0.12322009 -0.12229961 -0.12137913 -0.12061009 -0.13336565 -0.14612122 -0.15887678 -0.17163234 -0.18580471 -0.18510776 -0.17636332 -0.1671735 -0.15798367 -0.14879385 -0.13586947 -0.11621576 -0.096562056 -0.07690835 -0.058576897 -0.067846758 -0.075956499 -0.093221205 -0.11048591 -0.12775062 -0.14501532 -0.14321362 -0.13875423 -0.13423062 -0.12970701 -0.1251834 -0.11931349 -0.12919374 -0.14548508 -0.16177642 -0.17806776 -0.18260896 -0.17489616
-0.13657615 -0.13701498 -0.13745381 -0.13789264 -0.13833147 -0.1448395 -0.15592126 -0.16700301 -0.17808477 -0.18916653 -0.20024828 -0.19013047 -0.17881141 -0.16749235 -0.15617329 -0.14485423 -0.13809673 -0.13717625 -0.13625577 -0.13533529 -0.13441481 -0.13255438 -0.14417979 -0.15693536 -0.16969092 -0.18244648 -0.19520205 -0.19294727 -0.18375744 -0.17456761 -0.16537779 -0.15618796 -0.1462608 -0.12660709 -0.10695338 -0.087299677 -0.067645971 -0.049092899 -0.066357605 -0.083622311 -0.10088702 -0.11815172 -0.13521561 -0.13283728 -0.12831367 -0.12379006 -0.11926645 -0.11474284 -0.12375478 -0.14004612 -0.15633746 -0.1726288 -0.18892014 -0.18916964 -0.17881496
-0.13650018 -0.13669051 -0.13712934 -0.13756817 -0.138007 -0.14363872 -0.15331094 -0.1643927 -0.17547446 -0.18655621 -0.19763797 -0.19029353 -0.18010568 -0.16878662 -0.15746756 -0.1461485 -0.139391 -0.13847052 -0.13755004 -0.13662956 -0.13355678 -0.12541127 -0.12880731 -0.13925313 -0.1520087 -0.16476426 -0.17751983 -0.17526504 -0.16607522 -0.15688539 -0.14769557 -0.13452844 -0.12786716 -0.13452722 -0.11487352 -0.095219813 -0.075566107 -0.057013035 -0.07427774 -0.091542446 -0.10880715 -0.12532273 -0.13602393 -0.13771637 -0.13492939 -0.13040578 -0.12588217 -0.12135856 -0.1278823 -0.14188046 -0.1581718 -0.17446314 -0.19075448 -0.19660552 -0.191935
-0.13899064 -0.13706353 -0.13680488 -0.13724371 -0.13768253 -0.14331425 -0.15247476 -0.16178239 -0.17286415 -0.1839459 -0.19502766 -0.18768322 -0.17970562 -0.17008089 -0.15876183 -0.14744277 -0.14068527 -0.13976479 -0.13884431 -0.13468842 -0.12641367 -0.11826816 -0.1216642 -0.12506024 -0.13432648 -0.14708204 -0.1598376 -0.15758282 -0.148393 -0.13920317 -0.12522065 -0.10956106 -0.10289979 -0.11245266 -0.12200554 -0.10313995 -0.083486242 -0.06493317 -0.082197876 -0.099462582 -0.11542985 -0.12613104 -0.13683224 -0.13852468 -0.13925767 -0.1370215 -0.13249789 -0.12797428 -0.13449802 -0.14628836 -0.16000614 -0.17629748 -0.19258882 -0.19843986 -0.19870908
-0.1414811 -0.13955399 -0.13762687 -0.13691924 -0.13735807 -0.14298979 -0.15215029 -0.16131079 -0.1704713 -0.18133559 -0.19241735 -0.1850729 -0.17709531 -0.16911772 -0.1600561 -0.14873704 -0.14197954 -0.14105906 -0.13582006 -0.12754531 -0.11927056 -0.11112505 -0.11452109 -0.11791713 -0.12131317 -0.12939982 -0.14215538 -0.1399006 -0.13071077 -0.11591286 -0.10025327 -0.084593683 -0.077932409 -0.087485285 -0.097038161 -0.10659104 -0.091406378 -0.072853306 -0.090118011 -0.10553697 -0.11623816 -0.12693936 -0.13764055 -0.13933299 -0.14006598 -0.14079896 -0.13911361 -0.13459 -0.14111374 -0.15290408 -0.16469442 -0.17813182 -0.19442316 -0.2002742 -0.20054342
-0.14397156 -0.14204445 -0.14011733 -0.13819022 -0.1370336 -0.14266532 -0.15182582 -0.16098633 -0.17014683 -0.17930734 -0.18980704 -0.18246259 -0.174485 -0.16650741 -0.15852982 -0.15003131 -0.14327381 -0.1369517 -0.12867695 -0.1204022 -0.11212746 -0.10398194 -0.10737798 -0.11077402 -0.11417006 -0.1175661 -0.12447316 -0.12221838 -0.10660508 -0.090945487 -0.075285897 -0.059626306 -0.052965032 -0.062517908 -0.072070784 -0.08162366 -0.091176536 -0.080773441 -0.095644092 -0.10634528 -0.11704648 -0.12774767 -0.13844886 -0.1401413 -0.14087429 -0.14160727 -0.14234026 -0.14120572 -0.14772946 -0.1595198 -0.17131014 -0.18310049 -0.1962575 -0.20210854 -0.20237776
