P2_models/J1_p2__17.tif
NCOLS 207
NROWS 117
XLLCORNER 136.61533
YLLCORNER -40.071139
DX 0.099620926
DY 0.099781804
NODATA_VALUE -9999
[rows 56 to 83 of 117, columns 64 to 127 of 207]
-2.4070667 -2.4799356 -2.538841 -2.5620957 -2.5448081 -2.4846229 -2.3777473 -2.2410754 -2.0816819 -1.9357796 -1.8076039 -1.7496904 -1.739204 -1.8120262 -1.9225266 -2.0788396 -2.237308 -2.3396776 -2.4204638 -2.3936166 -2.3427223 -2.232615 -2.1455033 -2.0888097 -2.1080765 -2.2182863 -2.4012437 -2.6303054 -2.8557633 -3.0599632 -3.1586029 -3.175309 -3.039768 -2.8219339 -2.5650168 -2.2723835 -2.0237785 -1.8287925 -1.7186675 -1.6841169 -1.7069221 -1.7765595 -1.8097665 -1.837719 -1.8810231 -1.9141277 -1.9448298 -2.0018924 -2.0771667 -2.162991 -2.2596629 -2.3591928 -2.4462323 -2.5125523 -2.5596954 -2.5958861 -2.6151474 -2.5770912 -2.5399925 -2.377425 -2.2330984 -1.9996164 -1.76451 -1.568341
-2.2695444 -2.3424133 -2.4021858 -2.4482404 -2.4325108 -2.3995484 -2.2951573 -2.1693051 -2.0105793 -1.8698922 -1.738812 -1.6763817 -1.6670647 -1.7416589 -1.861977 -2.024718 -2.2041706 -2.3129338 -2.4230835 -2.3993641 -2.367657 -2.2575496 -2.159306 -2.1016307 -2.0811972 -2.1844194 -2.3322795 -2.5586297 -2.7758025 -3.0039735 -3.1539876 -3.2204016 -3.0945234 -2.9831232 -2.7262061 -2.5148013 -2.265749 -2.0902621 -1.9690266 -1.9151318 -1.9016352 -1.9186539 -1.9412152 -1.9680476 -1.9876847 -2.0208916 -2.0478972 -2.1035752 -2.1810222 -2.2578234 -2.3495803 -2.4194225 -2.4956032 -2.5383916 -2.5817351 -2.5900032 -2.6017233 -2.5600763 -2.5076114 -2.3447982 -2.1617735 -1.9097912 -1.6746847 -1.4454726
-2.1431541 -2.2193789 -2.2940946 -2.3487606 -2.3644902 -2.3363181 -2.2419403 -2.120098 -1.9706666 -1.8299795 -1.6988993 -1.6390474 -1.6338041 -1.7175926 -1.8486728 -2.0220673 -2.2108227 -2.3438114 -2.4696484 -2.4651206 -2.4408303 -2.330723 -2.2285796 -2.1446883 -2.1102357 -2.1711151 -2.3075798 -2.5120649 -2.7347686 -2.9707129 -3.1308484 -3.2581418 -3.2068224 -3.1299823 -2.9517133 -2.7660784 -2.5668366 -2.3979007 -2.2816762 -2.2142312 -2.1810242 -2.1829268 -2.1939958 -2.206284 -2.2193613 -2.2359647 -2.2607651 -2.3017855 -2.3554772 -2.4108222 -2.4611284 -2.5059001 -2.5377234 -2.5651316 -2.5817351 -2.59 -2.59 -2.5507697 -2.5009593 -2.3489232 -2.1684257 -1.9164433 -1.6724306 -1.4321684
-2.0790961 -2.1617032 -2.2407491 -2.2994191 -2.3194386 -2.2982348 -2.2152676 -2.1038835 -1.968228 -1.8375344 -1.7198821 -1.6723757 -1.6786147 -1.774036 -1.9122687 -2.0987553 -2.2932039 -2.4419632 -2.5720341 -2.5847451 -2.5631077 -2.4581558 -2.3492348 -2.2466676 -2.1930722 -2.217145 -2.3220369 -2.4916539 -2.6961389 -2.9159827 -3.0877029 -3.2209776 -3.2397985 -3.1872015 -3.0928238 -2.9292474 -2.808035 -2.6620279 -2.5876898 -2.5369116 -2.5201377 -2.5204962 -2.5426342 -2.5542632 -2.5629653 -2.5593033 -2.5663984 -2.572426 -2.5771874 -2.6016855 -2.588758 -2.6158513 -2.6234743 -2.5865793 -2.5700244 -2.5753463 -2.572434 -2.5592218 -2.5181189 -2.4248458 -2.2449515 -2.0266738 -1.8164161 -1.5835943
-2.0351007 -2.1184138 -2.1974045 -2.2564374 -2.2760788 -2.2601183 -2.1816495 -2.089536 -1.9600288 -1.862077 -1.7519696 -1.7313461 -1.7470758 -1.8585097 -2.0053195 -2.1956629 -2.400148 -2.5468426 -2.6884091 -2.6998273 -2.6899239 -2.5835286 -2.4751054 -2.3671069 -2.2851041 -2.2924496 -2.3462696 -2.4930794 -2.6502377 -2.8547228 -3.005778 -3.1496749 -3.1836945 -3.1861204 -3.1132294 -3.0316237 -2.9409762 -2.8814735 -2.8288834 -2.8337082 -2.8337082 -2.8504501 -2.888197 -2.9087598 -2.915095 -2.9052339 -2.8818849 -2.8680536 -2.8242558 -2.8076523 -2.7529409 -2.725061 -2.6840406 -2.6049771 -2.5726191 -2.5492078 -2.5433477 -2.5400943 -2.5234908 -2.4595913 -2.3376942 -2.1443124 -1.9920646 -1.7693825
-2.0203898 -2.1051096 -2.1798253 -2.2364811 -2.2469675 -2.2268577 -2.1534528 -2.0638285 -1.9592265 -1.8714013 -1.813726 -1.8105485 -1.8682238 -1.9898602 -2.1576428 -2.3486617 -2.5531468 -2.6954156 -2.8281037 -2.8365486 -2.8229664 -2.712859 -2.6014957 -2.4809019 -2.391538 -2.358331 -2.3940343 -2.4779256 -2.6132807 -2.7600905 -2.8978441 -3.0166325 -3.0668486 -3.0929907 -3.0615315 -3.0183195 -2.9961815 -2.9746032 -3.0022757 -3.0381291 -3.1100775 -3.1543891 -3.2208031 -3.2504357 -3.2676574 -3.2455194 -3.2144909 -3.1558904 -3.0873772 -3.0005638 -2.9156879 -2.831495 -2.7324621 -2.6315856 -2.5541026 -2.5138115 -2.4903713 -2.497742 -2.5035345 -2.4859652 -2.4128288 -2.3132079 -2.17646 -2.0088589
-2.0197079 -2.1034903 -2.167213 -2.2133594 -2.2021019 -2.1777068 -2.1011643 -2.0295362 -1.9443808 -1.8946179 -1.8719264 -1.9157336 -1.9998646 -2.1443197 -2.3189752 -2.4907154 -2.6878096 -2.7900822 -2.9144537 -2.8859471 -2.8705482 -2.7559514 -2.6434713 -2.5228775 -2.426632 -2.3865776 -2.3918629 -2.4557229 -2.5427861 -2.6674033 -2.7619802 -2.8675818 -2.8999866 -2.9342555 -2.9265404 -2.9055357 -2.921296 -2.9401079 -3.0023417 -3.0923438 -3.1891676 -3.2569305 -3.3773479 -3.4411974 -3.4617692 -3.4396313 -3.3954164 -3.320705 -3.2188804 -3.11838 -2.9752101 -2.8690278 -2.7485625 -2.603321 -2.5014858 -2.4393721 -2.4069463 -2.4153708 -2.4272252 -2.4566678 -2.4159167 -2.356864 -2.3113921 -2.1763386
-2.0306018 -2.1022175 -2.1619901 -2.1824465 -2.1614736 -2.1133679 -2.0347198 -1.9725535 -1.9028188 -1.8926009 -1.9030874 -1.9929833 -2.1135771 -2.2808172 -2.4695726 -2.6312468 -2.8042726 -2.8774167 -2.961308 -2.9146736 -2.8650051 -2.7488337 -2.6417877 -2.5238697 -2.4382701 -2.3939941 -2.3954007 -2.4373464 -2.5002351 -2.5893696 -2.6528253 -2.7247738 -2.7386595 -2.7562937 -2.7456493 -2.7452471 -2.7723772 -2.8286554 -2.9172074 -3.0414119 -3.1797743 -3.3097657 -3.4457448 -3.5210699 -3.5724818 -3.5525394 -3.5068037 -3.4189029 -3.3031732 -3.1758798 -3.0243081 -2.8692916 -2.7110701 -2.5597453 -2.4435208 -2.3529972 -2.3061168 -2.3036703 -2.3202738 -2.3582699 -2.3801897 -2.3684695 -2.3640604 -2.2937398
-2.0617454 -2.13544 -2.1503832 -2.155392 -2.0819871 -2.0186452 -1.9242675 -1.8665915 -1.8367052 -1.8464172 -1.9303085 -2.0423472 -2.220011 -2.3892014 -2.5826587 -2.7199652 -2.8508375 -2.8772107 -2.9014389 -2.8179695 -2.7386148 -2.6180211 -2.5087453 -2.4300972 -2.3601587 -2.3546242 -2.3633048 -2.4104936 -2.4653712 -2.5295005 -2.5718896 -2.6050356 -2.5882338 -2.5766865 -2.5452273 -2.5323792 -2.5545172 -2.6112421 -2.721932 -2.8564786 -3.0201234 -3.1666239 -3.3326588 -3.4303856 -3.4993085 -3.493774 -3.4531404 -3.3593795 -3.2393808 -3.1027065 -2.9481041 -2.7894662 -2.6271206 -2.4726986 -2.3398707 -2.2380302 -2.1597702 -2.1457908 -2.1473187 -2.1938631 -2.2205388 -2.2713876 -2.3072522 -2.3136961
-2.1505325 -2.2169515 -2.2159202 -2.1625591 -2.066282 -1.9399907 -1.830772 -1.7486804 -1.7298815 -1.7947298 -1.904215 -2.0418323 -2.2414728 -2.4425595 -2.6153212 -2.7461998 -2.8023793 -2.8079736 -2.7312644 -2.637238 -2.5012476 -2.3844951 -2.2936765 -2.2338482 -2.2320825 -2.2605526 -2.3252191 -2.3999459 -2.4773634 -2.5370417 -2.5428905 -2.558284 -2.5360468 -2.4646304 -2.4280824 -2.3629371 -2.3757085 -2.4061974 -2.5024449 -2.6297915 -2.7888743 -2.9522111 -3.122791 -3.220957 -3.3103331 -3.3059472 -3.2744713 -3.1807104 -3.0588846 -2.9243643 -2.768779 -2.6323483 -2.4729239 -2.3427953 -2.2182479 -2.11606 -2.0302552 -2.0090943 -1.9702142 -2.0136025 -2.045318 -2.1074194 -2.1532235 -2.2253875
-2.2872444 -2.3043412 -2.2595118 -2.1591221 -2.0123123 -1.8583633 -1.7272831 -1.6572482 -1.6522672 -1.7230242 -1.8645908 -2.0479443 -2.2629157 -2.4269261 -2.5894655 -2.6319099 -2.6686124 -2.5765004 -2.4873659 -2.3475085 -2.2241173 -2.1398438 -2.0917344 -2.097842 -2.1509173 -2.2339347 -2.3402283 -2.4398492 -2.5140948 -2.57177 -2.5702329 -2.5536294 -2.4709721 -2.3903071 -2.3001961 -2.2203733 -2.1997802 -2.2091208 -2.2866038 -2.4003315 -2.5552973 -2.7228197 -2.8896003 -2.9910872 -3.0780965 -3.0753435 -3.0364815 -2.9427207 -2.8229002 -2.6900723 -2.5661076 -2.4333404 -2.3044192 -2.2165856 -2.1058957 -2.0125711 -1.9188102 -1.8585182 -1.8142422 -1.8265904 -1.8649262 -1.9411069 -2.0303676 -2.1241285
-2.5263805 -2.5297952 -2.4102501 -2.2840123 -2.048068 -1.8664956 -1.6882266 -1.6106834 -1.6057023 -1.680544 -1.8430834 -2.0279879 -2.2429594 -2.3850358 -2.4963358 -2.4966134 -2.4623967 -2.3257824 -2.1813683 -2.0303295 -1.8981634 -1.8719474 -1.8522581 -1.9623654 -2.0563286 -2.238967 -2.3722677 -2.5243207 -2.6005723 -2.6582476 -2.6447886 -2.6068464 -2.4965621 -2.3903071 -2.2749566 -2.1804606 -2.1195811 -2.1125694 -2.1568454 -2.2590927 -2.3889943 -2.5472575 -2.6966888 -2.7830666 -2.8585765 -2.8364385 -2.7879029 -2.6648417 -2.5415059 -2.4040312 -2.2985122 -2.187212 -2.1072559 -2.0530826 -2.0088067 -1.9348885 -1.8722454 -1.8002458 -1.7410689 -1.7231924 -1.7451881 -1.8044354 -1.9001629 -2.0176945
-2.8603022 -2.8081 -2.644192 -2.4648471 -2.1822282 -1.9483357 -1.7457592 -1.6441458 -1.632951 -1.7052943 -1.8658495 -2.0373433 -2.2418299 -2.3387809 -2.4304967 -2.3533111 -2.292479 -2.1111704 -1.9431177 -1.8098003 -1.6832214 -1.7175278 -1.7435118 -1.9129514 -2.0691531 -2.2871111 -2.459455 -2.6151022 -2.6973729 -2.7498055 -2.713177 -2.6651749 -2.5429057 -2.4221259 -2.3108174 -2.2070543 -2.1531831 -2.131206 -2.1754819 -2.2571557 -2.3803507 -2.5243861 -2.648602 -2.6929562 -2.7515158 -2.6850541 -2.6073961 -2.456666 -2.3030817 -2.1587187 -2.0701472 -1.9711636 -1.9186349 -1.955357 -1.9665223 -1.9503687 -1.910243 -1.8586372 -1.7924588 -1.7339932 -1.7379289 -1.7805476 -1.8563961 -1.9794572
-3.2033395 -3.1350324 -2.9407716 -2.7005827 -2.3807471 -2.0911916 -1.8604905 -1.7310608 -1.7111366 -1.7733564 -1.9306526 -2.0929859 -2.2712549 -2.3473659 -2.3840684 -2.2825009 -2.1461775 -1.9513151 -1.74683 -1.6233677 -1.5312664 -1.5899458 -1.6885083 -1.8929933 -2.1134627 -2.3680496 -2.5670549 -2.7295943 -2.8068048 -2.8435073 -2.795171 -2.7176881 -2.5939671 -2.4678948 -2.3613769 -2.2718997 -2.2220893 -2.2132213 -2.2574973 -2.3407049 -2.4513948 -2.5662702 -2.6805471 -2.7091654 -2.7127449 -2.6241929 -2.4893792 -2.3018574 -2.1167045 -1.9451351 -1.851708 -1.7757931 -1.7992334 -1.8635637 -1.9299776 -1.9819606 -1.9936807 -1.9587385 -1.908928 -1.8326999 -1.7855501 -1.7972703 -1.8585477 -1.9816088
-3.6121302 -3.5109991 -3.2519847 -2.9911441 -2.6136332 -2.3096539 -2.0474936 -1.9156757 -1.8907705 -1.9477693 -2.0903035 -2.2326758 -2.3710367 -2.4174005 -2.4106768 -2.2772023 -2.1062648 -1.9077252 -1.7002652 -1.6256148 -1.5578748 -1.6941982 -1.8190933 -2.0760104 -2.3063742 -2.560961 -2.7388617 -2.8493325 -2.8976827 -2.88342 -2.813421 -2.711036 -2.6039696 -2.4878512 -2.4354191 -2.3677802 -2.3899182 -2.4030733 -2.4903215 -2.5782282 -2.6975232 -2.8059806 -2.9000671 -2.8838097 -2.8653906 -2.6882867 -2.5155381 -2.2353362 -2.0230272 -1.8120927 -1.7224502 -1.6494029 -1.7233949 -1.8567717 -2.03941 -2.1320409 -2.2198528 -2.1958221 -2.1550565 -2.0386034 -1.9784616 -1.9309721 -1.9533758 -2.04813
-3.9261442 -3.8031859 -3.5407079 -3.2253513 -2.8460809 -2.5073281 -2.2492663 -2.1100774 -2.0895627 -2.149305 -2.2892988 -2.4248958 -2.5444804 -2.5660359 -2.5255644 -2.368949 -2.1703777 -1.9614487 -1.7742706 -1.701184 -1.6984752 -1.8349272 -2.0350486 -2.291465 -2.5440682 -2.7808276 -2.9236309 -2.9924977 -2.9807806 -2.9147843 -2.7849626 -2.6679 -2.5566061 -2.4833807 -2.4309487 -2.4568388 -2.488907 -2.594894 -2.7049365 -2.8436215 -2.9817132 -3.0906388 -3.1733519 -3.1562545 -3.0713141 -2.8886859 -2.5936613 -2.2749602 -2.0257154 -1.7679197 -1.6586172 -1.5935876 -1.7052178 -1.8912302 -2.0962435 -2.3252258 -2.4501041 -2.446421 -2.4132141 -2.2969452 -2.1515123 -2.0691179 -2.0542484 -2.1065318
-4.1271451 -3.9964828 -3.7075821 -3.3963272 -3.0083299 -2.6844118 -2.4379811 -2.3132587 -2.3032966 -2.3652087 -2.5015321 -2.6185002 -2.7233644 -2.7184518 -2.6607766 -2.4937349 -2.2892498 -2.1113244 -1.9330554 -1.9118708 -1.9219821 -2.1054944 -2.29792 -2.549594 -2.7669476 -2.9495859 -3.0317547 -3.0422411 -2.9718175 -2.8617102 -2.733335 -2.5949726 -2.5279402 -2.4759187 -2.5113353 -2.5657369 -2.6819613 -2.8203517 -2.9808521 -3.1396825 -3.2946484 -3.3910176 -3.4680574 -3.3952422 -3.2874496 -3.0328628 -2.7320521 -2.3570086 -2.0367319 -1.7544727 -1.6518914 -1.5894229 -1.7769446 -2.0036083 -2.2803331 -2.5114852 -2.6931469 -2.6980407 -2.6648337 -2.4732476 -2.3015163 -2.155015 -2.0938572 -2.1231575
-4.0635385 -3.9323671 -3.6584095 -3.3581842 -3.022619 -2.7203113 -2.536799 -2.4299215 -2.4695997 -2.536837 -2.6877914 -2.8002366 -2.8963195 -2.8831632 -2.8137753 -2.6532024 -2.4555528 -2.299952 -2.1392711 -2.1494541 -2.1747627 -2.3582749 -2.5465326 -2.7510177 -2.9421373 -3.0306893 -3.0782219 -3.0089805 -2.9116216 -2.7552763 -2.6331777 -2.5018429 -2.4768836 -2.4493102 -2.5541744 -2.6350658 -2.8121696 -2.9706401 -3.1737636 -3.3373805 -3.5008641 -3.5956725 -3.667621 -3.5766809 -3.4599448 -3.1666165 -2.8484905 -2.4301819 -2.096109 -1.7943854 -1.7032888 -1.6492919 -1.8634255 -2.1245926 -2.4455933 -2.6844475 -2.8794062 -2.8548535 -2.7978761 -2.5251419 -2.3281248 -2.1131565 -2.0061207 -2.0034194
-3.7851184 -3.6898495 -3.4509259 -3.1914487 -2.9075867 -2.6725622 -2.5285629 -2.4821171 -2.5413592 -2.644666 -2.8028355 -2.9160864 -3.0083787 -2.9847359 -2.9102184 -2.7537039 -2.559845 -2.4219525 -2.2751427 -2.2952573 -2.3347386 -2.4982856 -2.6734932 -2.8467258 -2.9930353 -3.0544458 -3.0412468 -2.9545468 -2.8346637 -2.6703034 -2.5616639 -2.4356979 -2.4481939 -2.4486291 -2.5678409 -2.6844985 -2.8585534 -3.0356572 -3.2305335 -3.4010286 -3.5634194 -3.6583012 -3.7265022 -3.6433371 -3.5176804 -3.2308292 -2.9002325 -2.4844894 -2.1434824 -1.8351856 -1.755284 -1.7098894 -1.9442916 -2.2175411 -2.5385419 -2.7719057 -2.9613874 -2.8840405 -2.8065575 -2.4729194 -2.2107374 -1.9636838 -1.8268295 -1.8092494
-3.3674974 -3.2797043 -3.0754814 -2.8798701 -2.6544122 -2.5054356 -2.4267875 -2.4487124 -2.5483333 -2.6890479 -2.8620737 -2.9843583 -3.0682496 -3.0369851 -2.9530938 -2.7919692 -2.608457 -2.4738289 -2.3483588 -2.372391 -2.4187451 -2.5707981 -2.7169074 -2.8637172 -2.9646354 -2.9867734 -2.9404973 -2.83039 -2.7041957 -2.5573859 -2.4761541 -2.3931366 -2.4185917 -2.4680499 -2.5938868 -2.723052 -2.8946213 -3.0566847 -3.2337886 -3.3799604 -3.5238573 -3.6023613 -3.6687753 -3.5880642 -3.4773355 -3.1950762 -2.8881435 -2.4837997 -2.1493108 -1.8559825 -1.7886018 -1.7679928 -2.0199751 -2.2919296 -2.6129304 -2.8320222 -2.9785236 -2.8851324 -2.7215118 -2.359641 -2.0077272 -1.7088644 -1.5713305 -1.5537503
-2.7695265 -2.7142741 -2.5944841 -2.4607865 -2.3512594 -2.2726113 -2.291126 -2.3555827 -2.502445 -2.6606207 -2.8288131 -2.9491986 -3.0016307 -2.961403 -2.8617821 -2.6988395 -2.5153273 -2.382475 -2.2618812 -2.2757691 -2.3056591 -2.4347878 -2.5572565 -2.6702145 -2.7451155 -2.7626215 -2.7144804 -2.6515619 -2.5454476 -2.4772859 -2.4605442 -2.4330494 -2.4698159 -2.5412232 -2.6459514 -2.7496604 -2.8558693 -2.9702071 -3.0588639 -3.1692624 -3.2578144 -3.3296244 -3.3960384 -3.3360169 -3.2578155 -3.0194186 -2.7639005 -2.4239306 -2.0983984 -1.8659496 -1.8094389 -1.8079055 -2.0533222 -2.3185381 -2.5983479 -2.7716007 -2.8654376 -2.7477449 -2.5152961 -2.1221578 -1.7349903 -1.4312806 -1.2961829 -1.3137631
-2.1893669 -2.2634112 -2.2351585 -2.1859946 -2.1702254 -2.1695477 -2.2338511 -2.3248327 -2.4758365 -2.6115269 -2.7659401 -2.8352251 -2.8766672 -2.8041364 -2.7009268 -2.5340266 -2.3504881 -2.2163203 -2.0957265 -2.0869898 -2.1070804 -2.1994436 -2.3088623 -2.4028882 -2.4866177 -2.5165301 -2.538057 -2.4972105 -2.5040743 -2.4545872 -2.4919075 -2.499154 -2.5549408 -2.6153334 -2.640689 -2.7033011 -2.70565 -2.7360407 -2.7689872 -2.8184217 -2.8974325 -2.9692426 -3.0430642 -3.056739 -3.0029955 -2.8478532 -2.6257782 -2.3260376 -2.0942361 -1.8673022 -1.8374001 -1.8356845 -2.0759468 -2.2910165 -2.5372003 -2.6780798 -2.7428113 -2.5494969 -2.3170481 -1.901211 -1.5123884 -1.2211564 -1.1615591 -1.1858348
-1.7076293 -1.7912133 -1.8310617 -1.8902241 -1.9478993 -2.0416445 -2.1622382 -2.3030197 -2.4574321 -2.5798306 -2.7004244 -2.7493835 -2.7441403 -2.6419416 -2.5056183 -2.325267 -2.1365115 -2.0017203 -1.8771761 -1.8657163 -1.8720559 -1.950704 -2.0304529 -2.1195874 -2.196176 -2.2459865 -2.288164 -2.3143801 -2.3659954 -2.4184275 -2.5061914 -2.5892088 -2.652504 -2.7033753 -2.6981321 -2.6709688 -2.6100893 -2.5374054 -2.4875949 -2.4686956 -2.4963681 -2.556622 -2.6358847 -2.6674776 -2.6849657 -2.5742758 -2.4449504 -2.2105482 -2.0156826 -1.8441133 -1.8342905 -1.8552767 -2.0720987 -2.2837284 -2.4940393 -2.5976183 -2.6093384 -2.4003366 -2.1364045 -1.7221943 -1.36074 -1.1087577 -1.0587001 -1.1407409
-1.4430811 -1.5716933 -1.6950146 -1.8170507 -1.9484674 -2.0882093 -2.236302 -2.3894972 -2.5064657 -2.5814307 -2.6205989 -2.665192 -2.5760575 -2.4503672 -2.2773414 -2.0936885 -1.9101762 -1.7824767 -1.6776125 -1.6686451 -1.6791444 -1.75133 -1.8242371 -1.9133716 -1.9899603 -2.0718889 -2.1285132 -2.2329814 -2.3130266 -2.4441068 -2.5686833 -2.6756864 -2.7234509 -2.743288 -2.6815788 -2.5844912 -2.4285844 -2.2846248 -2.1374126 -2.079636 -2.0630325 -2.12495 -2.2301054 -2.2998368 -2.3789682 -2.3332863 -2.2826538 -2.144027 -1.9576381 -1.8469481 -1.8446218 -1.8752331 -2.0758591 -2.2704242 -2.4490031 -2.528521 -2.5228609 -2.3189356 -2.0698833 -1.6957535 -1.3806964 -1.2007624 -1.1857343 -1.3322357
-1.3835887 -1.5916314 -1.7676294 -1.9272361 -2.0935378 -2.2332797 -2.3740025 -2.4645025 -2.5515469 -2.5765447 -2.5791668 -2.5001893 -2.3976786 -2.2391202 -2.0642183 -1.9108588 -1.7273466 -1.6498968 -1.5450327 -1.5663587 -1.5782579 -1.6593806 -1.7346605 -1.8293027 -1.9235485 -2.018624 -2.1209018 -2.2282754 -2.3489991 -2.4800793 -2.5853479 -2.7067136 -2.7003201 -2.7051773 -2.5478186 -2.4125695 -2.1718636 -1.9705742 -1.794932 -1.7061108 -1.6870361 -1.762513 -1.8823092 -2.0293012 -2.1336794 -2.166728 -2.1416697 -2.0383972 -1.9522903 -1.8457198 -1.8645781 -1.8947342 -2.0822559 -2.2535458 -2.4206558 -2.5060598 -2.496334 -2.3390992 -2.0900469 -1.8181556 -1.5279245 -1.3842177 -1.4540599 -1.6039516
-1.5035101 -1.706814 -1.9110369 -2.10493 -2.2884422 -2.4384471 -2.5590408 -2.6220568 -2.646962 -2.6143608 -2.5409559 -2.4114787 -2.2489393 -2.0667574 -1.8727588 -1.7208943 -1.5740845 -1.5161522 -1.4637201 -1.5053155 -1.5561154 -1.6452499 -1.7385341 -1.8381551 -1.9371723 -2.0423278 -2.1467816 -2.2621322 -2.3781134 -2.5091935 -2.6049847 -2.6990711 -2.6732387 -2.6260798 -2.4421124 -2.2438971 -1.9671724 -1.718842 -1.5140656 -1.4064926 -1.3732856 -1.4614574 -1.5881262 -1.7463864 -1.8958437 -1.9622577 -1.994002 -1.9412615 -1.8887308 -1.8278513 -1.8615558 -1.9133238 -2.0891254 -2.2613826 -2.421883 -2.5053311 -2.5053311 -2.3627006 -2.1745277 -1.942544 -1.7469686 -1.6649279 -1.7371394 -1.9188011
-1.8150376 -2.0024285 -2.1867272 -2.3708552 -2.517665 -2.6427265 -2.6854311 -2.7138858 -2.646962 -2.5800524 -2.4212177 -2.2702086 -2.0693321 -1.8929079 -1.7064558 -1.5916092 -1.4809549 -1.4807976 -1.4703722 -1.5765357 -1.6568657 -1.7931891 -1.8999671 -2.0153176 -2.1120861 -2.1953265 -2.2788487 -2.3486097 -2.4258972 -2.4958893 -2.5393727 -2.5793329 -2.5057801 -2.4331684 -2.2339265 -2.0321878 -1.7720665 -1.5302959 -1.3411105 -1.2360616 -1.2069826 -1.2922945 -1.408519 -1.5667791 -1.717023 -1.8055749 -1.8533774 -1.8481318 -1.8216126 -1.7945907 -1.8520501 -1.9199759 -2.1021687 -2.281339 -2.4418393 -2.5393916 -2.5652001 -2.4683105 -2.3142222 -2.1498733 -1.9731407 -1.9291766 -2.0053971 -2.1715817
-2.168951 -2.3017739 -2.4800321 -2.6007297 -2.7362559 -2.790967 -2.8138464 -2.7584479 -2.6706675 -2.4927234 -2.3109586 -2.1192978 -1.9053204 -1.7094041 -1.5415577 -1.436996 -1.3819327 -1.3993577 -1.4721632 -1.5870844 -1.7605441 -1.8968674 -2.0713077 -2.1879629 -2.3072797 -2.3843132 -2.4435372 -2.4754257 -2.4967884 -2.4937395 -2.4059045 -2.4108089 -2.3275932 -2.2012911 -2.0020492 -1.8271131 -1.573545 -1.3958332 -1.2254031 -1.1566244 -1.1314995 -1.2139984 -1.3049069 -1.4612069 -1.572485 -1.6603768 -1.718008 -1.7276547 -1.7206897 -1.7387565 -1.8148929 -1.9268101 -2.1143319 -2.3051919 -2.4679755 -2.5828098 -2.6217843 -2.5320761 -2.4409984 -2.2778781 -2.1735875 -2.1356038 -2.2068545 -2.3306261
