P2_models/J1_p2__temp2_slide_140.dat.tif
NCOLS 118
NROWS 92
XLLCORNER 139.62
YLLCORNER -39.07
DX 0.099491525
DY 0.099347826
NODATA_VALUE -9999
[rows 0 to 26 of 92, columns 0 to 59 of 118]
-9999 -9999 -9999 -9999 -9999 -9999 -9999 -9999 -9999 -9999 -9999 -9999 -9999 -9999 -9999 -9999 -9999 -9999 -9999 -9999 -9999 -9999 -9999 -9999 -9999 -9999 -9999 -9999 -9999 -9999 -9999 -9999 -9999 -9999 -9999 -9999 -9999 -9999 -9999 -9999 -9999 -9999 -9999 -9999 -9999 -9999 -9999 -9999 -9999 -9999 -9999 -9999 -9999 -9999 -9999 -9999 -9999 -9999 -9999 -9999
-9999 916.82278 916.77939 916.73601 916.69262 916.64924 917.77297 917.21873 917.15267 920.64923 924.14578 927.64234 931.1389 931.75395 927.90075 925.54048 923.18021 920.81994 918.45967 915.37035 910.59907 905.82778 901.0565 896.28522 892.90156 898.72388 907.61964 918.5337 929.44775 940.3618 951.27585 954.64233 943.45948 932.27663 921.09378 909.91094 903.64715 903.49303 895.58302 889.98817 884.39331 878.79846 873.2036 882.98281 898.12201 911.44341 924.7648 938.08619 951.40758 963.50011 981.34462 999.18914 1017.0337 1034.8782 1045.7876 1037.3161 1035.397 1033.4779 1031.5588 1029.6397
-9999 921.43252 921.38913 921.34575 921.30236 923.33385 926.66502 926.11078 921.07226 918.71029 922.20684 925.7034 929.19996 929.81501 924.65969 920.11278 917.75251 915.39224 913.03197 909.94265 905.17136 900.40008 895.6288 894.72459 899.94325 905.76557 913.20585 921.31171 932.22576 943.13981 954.05387 957.42034 946.23749 935.05464 923.8718 921.84267 929.28262 929.12849 918.10998 909.07951 903.48465 897.8898 892.29494 902.07416 922.90559 939.44004 952.76143 966.08282 979.40421 991.22485 1002.7861 1019.8659 1037.7104 1055.5549 1066.4643 1053.3514 1043.0331 1041.114 1039.1949 1037.2758
-9999 926.04226 925.99887 925.95549 928.89472 932.22589 935.55706 935.00282 929.96431 924.9258 920.26791 923.76446 927.26102 927.87607 922.72075 917.56543 912.41012 909.96454 907.60427 904.51494 899.74366 894.97238 896.54762 901.76628 906.98494 912.80726 920.24754 927.68782 935.1281 945.91783 956.83188 960.19835 949.01551 937.83266 940.0382 947.47814 954.91808 954.76396 943.74544 932.72693 922.57599 916.98114 911.38629 921.1655 941.99693 962.82836 980.75806 994.07945 1007.4008 1019.2215 1030.7828 1042.344 1058.3872 1076.2317 1087.1411 1074.0281 1060.9151 1048.7501 1046.831 1044.9119
-9999 930.65199 931.12442 934.45559 937.78676 941.11794 944.44911 943.89486 938.85635 933.81784 928.77933 923.74082 925.32208 925.93713 920.78182 915.6265 910.47118 905.31586 902.17656 899.08724 894.31596 898.37065 903.58931 908.80797 914.02663 919.84895 927.28923 934.72951 942.16979 949.61007 959.60989 962.97637 951.79352 958.23372 965.67366 973.1136 980.55354 980.39942 969.38091 958.36239 947.34388 936.32536 930.47763 940.25684 961.08827 981.9197 1002.7511 1022.0761 1035.3975 1047.2181 1058.7794 1070.3407 1081.9019 1096.9085 1107.8179 1094.7049 1081.5919 1068.4789 1055.3659 1052.548
-9999 936.68529 940.01646 943.34764 946.67881 950.00998 953.34115 952.78691 947.7484 942.70988 937.67137 932.63286 927.59435 923.9982 918.84288 913.68756 908.53224 903.37692 898.2216 894.97501 900.19368 905.41234 910.631 915.84966 921.06832 926.89065 934.33093 941.7712 949.21148 956.65176 964.09204 968.9893 976.42924 983.86918 991.30912 998.74907 1006.189 1006.0349 995.01637 983.99785 972.97934 961.96083 950.94231 959.34818 980.17961 1001.011 1021.8425 1042.6739 1063.3941 1075.2147 1086.776 1098.3373 1109.8986 1121.4598 1128.4946 1115.3817 1102.2687 1089.1557 1076.0427 1062.9297
-9999 938.90789 942.23906 945.57023 948.9014 952.23257 955.39678 954.68908 949.65057 944.61206 939.57355 934.53504 929.94264 926.56744 923.81678 918.66146 913.50614 908.35082 903.1955 901.17712 906.39578 911.61445 916.83311 922.05177 927.60711 930.9719 929.11808 936.55836 943.99864 951.43892 958.8792 966.31936 973.75931 981.19925 988.63919 996.07913 1009.2785 1015.9937 1004.9752 993.95667 982.93815 971.91964 966.74602 964.92449 975.30091 996.13234 1016.9638 1037.7952 1058.6266 1071.5539 1083.1152 1094.6765 1106.2378 1115.4284 1114.1352 1101.0222 1087.9092 1074.7963 1061.6833 1055.534
-9999 940.07385 943.40502 946.73619 950.06736 953.14679 956.19156 955.48387 950.44536 945.40684 940.36833 936.06821 932.01711 928.64191 926.62024 924.59858 919.57524 914.41992 909.2646 907.24622 912.46488 917.68354 922.9022 928.70611 934.82948 938.19427 934.16537 930.13647 936.84433 944.28461 951.72489 959.16505 966.60499 974.04494 981.48488 997.64289 1016.7537 1023.4689 1012.4504 1001.4319 990.41334 987.34278 985.37903 983.5575 981.83821 987.4561 1008.2875 1029.119 1049.9504 1062.8777 1074.439 1086.0003 1093.399 1095.5182 1094.2251 1081.1121 1067.9991 1054.8861 1050.8598 1048.9343
-9999 941.23981 944.57098 947.85204 950.89681 953.94157 956.98634 956.27865 951.24014 946.24487 942.19378 938.14268 934.09158 930.71638 928.69471 926.67304 924.65138 920.48901 915.3337 913.31531 918.53397 923.75264 929.80511 935.92849 942.05186 945.41665 941.38775 937.35885 933.32995 937.1303 944.57058 952.01074 959.45068 966.89647 986.00727 1005.1181 1024.2289 1030.9441 1019.9255 1009.9033 1007.9395 1005.9758 1004.012 1002.1905 1000.4712 998.75193 999.6113 1020.4427 1041.2742 1054.2015 1065.7627 1071.3697 1073.4889 1075.6081 1074.3149 1061.2019 1048.1112 1046.1857 1044.2602 1042.3347
-9999 942.40577 945.60206 948.64682 951.69159 954.73636 957.78112 957.07343 952.37044 948.31934 944.26824 940.21714 936.16604 932.79085 930.76918 928.74751 926.72584 924.70417 921.40279 919.38441 924.78075 930.90412 937.02749 943.15086 949.27423 952.63902 948.61012 944.58122 940.55232 936.52342 937.41626 944.85643 955.26085 974.37165 993.48246 1012.5933 1031.7041 1038.4192 1030.5001 1028.5363 1026.5725 1024.6088 1022.645 1020.8235 1019.1042 1017.3849 1015.6656 1013.9464 1032.5979 1045.5252 1049.3404 1051.4596 1053.5787 1055.6979 1054.4048 1043.4371 1041.5116 1039.5861 1037.6605 1035.735
-9999 942.9962 946.04096 949.08573 952.1305 955.17526 958.22003 957.57435 953.52325 949.47215 945.42105 941.36995 937.31885 934.55649 932.53482 930.51315 928.49149 926.46982 924.44815 924.88942 931.01279 937.13616 943.25954 949.38291 955.50628 961.35639 957.32749 953.29859 949.26969 945.24079 941.21189 945.08675 964.19756 983.30836 1002.4192 1021.53 1040.6408 1049.1831 1047.2193 1045.2556 1043.2918 1041.328 1039.3643 1036.6571 1034.9378 1033.2186 1031.4993 1029.78 1028.0607 1029.6142 1031.7334 1033.8526 1035.9718 1038.0909 1041.4124 1039.4868 1037.5613 1035.6358 1033.7103 1031.7848
-9999 941.10279 944.14756 947.19233 950.23709 953.28186 954.20028 952.68685 948.63575 944.58465 940.53355 936.48245 932.46727 930.34257 931.98219 930.25485 928.23318 926.21151 924.18985 924.63112 930.75449 936.87786 943.00123 949.1246 954.64992 961.77628 973.93044 971.81371 967.78481 963.75591 959.72701 963.60188 982.71268 1001.8235 1020.9343 1040.0451 1049.7955 1053.3602 1051.3965 1049.4327 1047.469 1045.5052 1038.2442 1034.1112 1032.4252 1030.7059 1028.9866 1027.2673 1025.548 1027.1016 1029.2207 1031.3399 1033.4591 1043.0045 1054.8256 1052.9 1050.9745 1049.049 1047.1235 1039.8367
-9999 939.20939 942.25416 945.29892 947.94208 948.62743 949.31278 947.79935 943.74825 939.69715 935.64787 931.64342 927.63897 925.51427 927.15389 928.79351 927.97488 925.95321 923.93154 924.37281 930.49618 936.61955 942.74293 948.0516 953.3021 960.42847 972.58262 984.73677 986.29994 982.27103 978.24213 982.117 1001.2278 1020.3386 1039.1143 1046.5435 1053.9726 1057.5374 1055.5736 1053.6099 1050.7819 1043.2308 1035.6797 1031.5468 1029.8712 1028.1932 1026.4739 1024.7547 1023.0354 1024.5889 1026.7081 1028.8272 1040.628 1056.4177 1068.2387 1066.3132 1064.3877 1061.9957 1054.2083 1046.421
-9999 937.31598 940.36075 942.36923 943.05458 943.73993 944.42528 942.91185 938.86075 934.82402 930.81957 926.81512 922.81066 920.68597 922.32559 923.96521 925.60483 925.6949 923.67324 924.11451 930.23788 936.20278 941.45328 946.70378 951.95428 959.08065 971.2348 983.38896 995.54311 1000.7862 996.75726 1000.6321 1019.7429 1035.8623 1043.2915 1050.7206 1058.1498 1061.7146 1059.7508 1055.7685 1048.2175 1040.6664 1033.1153 1028.9824 1027.3068 1025.6311 1023.9555 1022.242 1020.5227 1022.0762 1024.1954 1038.2515 1054.0412 1069.8308 1081.6519 1079.7264 1076.3673 1068.5799 1060.7926 1053.0052
-9999 935.42258 936.79638 937.48173 938.16708 938.85243 939.53778 938.02435 934.00017 929.99572 925.99126 921.98681 917.98236 915.85766 917.49728 919.1369 920.77652 922.41614 923.41493 923.8562 929.60447 934.85496 940.10546 945.35596 950.60646 957.73283 969.88698 982.04114 994.19529 1006.3494 1015.2724 1019.1472 1032.6103 1040.0395 1047.4686 1054.8978 1062.3269 1065.8917 1060.7552 1053.2041 1045.653 1038.102 1030.5509 1026.418 1024.7424 1023.0667 1021.3911 1019.7154 1018.01 1020.0854 1035.8751 1051.6647 1067.4544 1083.244 1095.0651 1090.7389 1082.9516 1075.1642 1067.3769 1059.5895
-9999 931.69798 932.38333 933.06868 933.75403 934.43938 935.12473 933.26141 929.25696 925.25251 921.24805 917.2436 913.23915 912.2034 914.00811 915.64773 917.28735 918.92697 920.56659 923.29809 928.54858 933.79908 939.04958 944.30008 949.55058 960.95139 975.05409 987.20824 999.3624 1011.5166 1023.6707 1034.211 1041.6401 1049.0693 1056.4984 1063.9276 1071.3567 1073.8261 1066.275 1058.7239 1051.1729 1043.6218 1036.0708 1030.146 1028.4704 1026.7947 1025.1191 1023.4434 1021.7678 1033.7188 1049.5085 1065.2981 1081.0878 1096.8774 1104.9542 1095.7132 1087.9258 1080.1385 1072.3511 1064.5638
-9999 928.38737 929.07272 929.75807 930.44342 930.47663 926.81893 924.57408 923.95985 920.70703 916.70257 912.69812 908.69367 907.65792 912.56716 915.27021 916.90983 918.54945 920.18907 922.92056 928.17106 933.42156 938.67206 943.92256 947.36043 958.08933 988.72564 1007.5137 1019.6678 1031.822 1043.9761 1054.5164 1061.9455 1069.3747 1076.8038 1083.6617 1077.5118 1077.8036 1087.3112 1083.0287 1075.4776 1067.9265 1060.3755 1053.3816 1046.8197 1045.1441 1043.4684 1041.7928 1040.1171 1050.3201 1063.6535 1079.4431 1095.2328 1111.0224 1119.0992 1100.4595 1089.159 1081.3717 1073.5843 1065.797
-9999 925.07676 925.76211 926.44746 925.19514 921.53744 917.87974 915.63489 915.02066 914.40642 912.15709 908.15264 904.14819 903.11244 908.02168 912.93092 916.53231 918.17193 919.81155 922.54304 927.79354 933.04404 937.89544 941.1969 944.49836 955.22727 985.86357 1016.4999 1039.9733 1052.1274 1064.2816 1074.8218 1082.251 1089.6801 1093.0956 1086.9457 1080.7958 1081.0876 1090.5952 1100.1028 1099.7823 1092.2312 1084.6802 1077.6863 1071.093 1064.4996 1061.8177 1060.1421 1058.4664 1068.6694 1080.9254 1093.5881 1109.3778 1125.1675 1133.2442 1114.6045 1095.9648 1082.6048 1074.8175 1067.0302
-9999 921.76615 922.4515 919.91365 916.25595 912.59825 908.94055 906.6957 906.08146 905.46723 904.85299 903.60716 899.60271 898.56696 903.4762 908.38544 913.29469 917.7944 919.43402 922.16552 927.41602 931.73192 935.03338 938.33484 941.6363 952.3652 983.00151 1013.6378 1044.2741 1072.4328 1084.587 1095.1272 1102.5564 1102.5295 1096.3796 1090.2297 1084.0797 1084.3716 1093.8792 1103.3868 1112.8944 1116.5359 1108.9849 1101.991 1095.3977 1088.8044 1082.211 1078.4914 1076.8158 1087.0188 1099.2747 1111.5306 1123.7866 1139.3125 1147.3893 1128.7495 1110.1098 1091.47 1076.0507 1068.2633
-9999 918.28986 914.63216 910.97446 907.31676 903.65906 900.00136 897.75651 897.14227 896.52804 895.9138 895.29956 894.68532 894.02148 898.93072 903.83996 908.74921 913.65845 918.5677 921.788 925.5684 928.86986 932.17132 935.47278 938.77424 949.50314 980.13945 1010.7758 1041.4121 1072.0484 1102.6847 1115.4327 1111.9634 1105.8135 1099.6636 1093.5136 1087.3637 1087.6555 1097.1631 1106.6708 1116.1784 1125.686 1133.2896 1126.2957 1119.7024 1113.1091 1106.5157 1099.9224 1095.1651 1105.3681 1117.624 1129.88 1142.1359 1154.3918 1161.5343 1142.8945 1124.2548 1105.6151 1086.9753 1069.4965
-9999 919.58632 915.92862 912.27092 908.61322 904.95552 899.30649 891.80524 891.191 890.57676 889.96253 889.34829 889.26208 895.70933 900.99293 905.90217 910.81142 915.72066 920.6299 925.05298 928.35444 931.6559 934.95736 938.25882 941.56028 953.00617 976.42889 1007.0652 1037.7015 1068.3378 1098.9741 1117.0455 1110.8955 1104.7456 1098.5957 1092.4458 1087.1084 1091.1981 1100.7057 1110.2133 1119.7209 1129.2285 1136.9608 1138.1159 1132.1993 1125.606 1119.0126 1112.4193 1105.826 1115.3043 1127.5602 1139.8162 1152.0721 1164.3281 1165.1829 1146.5432 1127.9034 1109.2637 1090.6239 1077.8023
-9999 928.60372 924.94602 921.28832 917.63062 909.07761 895.60906 888.10781 887.49357 886.87933 886.2651 888.35582 895.09612 901.54337 907.40375 912.94868 917.85792 922.76717 927.67641 932.09949 935.40095 938.70241 942.00387 947.23853 957.61848 969.07599 983.42166 1002.7146 1033.3509 1063.9872 1094.6235 1112.6949 1106.5449 1100.395 1094.2451 1090.5435 1090.846 1094.9357 1104.4433 1113.9509 1123.4585 1129.7399 1133.0004 1134.1555 1133.797 1129.196 1122.6027 1116.0094 1109.416 1118.8944 1131.1503 1143.4062 1155.0546 1160.705 1160.9139 1142.2742 1123.6344 1104.9947 1096.2085 1098.834
-9999 937.62112 933.96342 930.30572 918.84872 905.38018 891.91163 884.41038 883.79614 883.1819 887.44955 894.18986 900.93017 907.37741 913.2378 919.09818 924.90443 929.81368 934.72292 939.14599 942.44745 945.74891 952.9284 963.30835 973.68831 985.14582 999.49149 1013.8372 1029.0003 1059.6366 1090.2729 1108.3443 1102.1944 1096.0444 1093.9786 1094.2811 1094.5836 1098.6733 1108.1809 1117.6885 1122.5189 1125.7795 1129.0401 1130.1951 1129.8366 1129.4781 1126.1927 1119.5994 1113.0061 1122.4844 1134.7403 1145.1352 1150.7856 1156.436 1156.6449 1138.0052 1119.3654 1114.6147 1117.2402 1119.8657
-9999 946.63852 942.08838 928.61983 915.15129 901.68275 888.2142 880.71295 880.09871 886.54329 893.2836 900.0239 906.76421 913.21146 919.07184 924.93222 930.7926 936.65299 941.76943 946.1925 949.49396 958.61828 968.99823 979.37818 989.75813 1001.2157 1015.5613 1029.907 1044.2526 1058.5983 1085.9224 1103.9937 1097.8438 1097.4137 1097.7162 1098.0187 1098.3212 1102.4109 1111.9185 1115.2979 1118.5585 1121.8191 1125.0797 1126.2348 1125.8762 1125.5177 1125.1592 1123.1895 1116.5961 1126.0745 1135.2158 1140.8662 1146.5166 1152.167 1152.3759 1133.7362 1133.0209 1135.6464 1138.2719 1140.8974
-9999 951.85949 938.39095 924.9224 911.45386 897.98532 884.51677 878.89672 885.63703 892.37733 899.11764 905.85794 912.59825 919.0455 924.90588 930.76626 936.62665 942.48703 948.34741 953.92821 964.30816 974.68811 985.06806 995.44801 1005.828 1017.2855 1031.6311 1045.9768 1060.3225 1074.6681 1089.0138 1100.5462 1100.8487 1101.1513 1101.4538 1101.7563 1102.0588 1104.8164 1108.077 1111.3376 1114.5981 1117.8587 1121.1193 1122.2744 1121.9159 1121.5573 1121.1988 1120.8403 1120.1862 1125.2964 1130.9468 1136.5972 1142.2476 1147.898 1148.8016 1151.4271 1154.0526 1156.6781 1159.3036 1161.9292
-9999 963.04725 949.57871 936.11016 922.64162 909.17308 891.44697 877.05974 875.52052 882.26083 889.00113 895.74144 902.48174 910.3789 919.44636 925.30675 931.16713 937.02751 942.88789 950.11493 960.49488 970.87483 981.25478 991.63473 1002.7968 1020.2718 1047.1053 1061.451 1075.7967 1090.1423 1104.488 1114.037 1114.3395 1114.642 1114.9445 1115.2471 1116.1954 1115.6481 1114.5389 1117.7994 1121.06 1124.3206 1127.5812 1131.2325 1132.7381 1132.3796 1132.0211 1131.6626 1131.3041 1125.2113 1129.0054 1134.6558 1140.3062 1145.9566 1150.298 1150.7409 1153.3664 1155.9919 1158.6174 1161.2429
-9999 977.08785 963.6193 950.15076 936.68222 916.6722 895.48768 881.10044 874.55814 869.0873 875.82761 882.56792 889.30822 897.20537 907.41917 917.63297 923.54313 929.40352 935.2639 942.49093 952.87088 963.25083 973.63078 985.42223 998.09281 1015.5678 1045.9198 1076.2718 1091.1567 1105.5023 1119.848 1129.397 1129.6995 1130.002 1130.3046 1131.6063 1133.3027 1132.7553 1128.998 1126.2588 1129.5194 1132.7799 1136.0405 1139.6918 1143.624 1146.0351 1145.6766 1145.318 1144.9595 1138.8668 1131.783 1133.1605 1138.8109 1144.4613 1148.8027 1148.6097 1148.5178 1151.1433 1153.7688 1156.3943
