P2_models/J1_p2_vp_slide_diff2_160.dat.tif
NCOLS 118
NROWS 92
XLLCORNER 139.62
YLLCORNER -39.07
DX 0.099491525
DY 0.099347826
NODATA_VALUE -9999
[rows 48 to 71 of 92, columns 0 to 54 of 118]
-9999 0.057406401 0.056465472 0.055524543 0.054583614 0.053642685 0.052701756 0.05209258 0.052523656 0.052954731 0.053385807 0.053816882 0.054247958 0.055727262 0.056528125 0.05748258 0.058437036 0.059391491 0.060345946 0.059758659 0.055614505 0.051470351 0.047326198 0.043182044 0.03903789 0.039253795 0.040376049 0.040240977 0.040105905 0.039970832 0.03983576 0.040762053 0.04373432 0.046706587 0.049678854 0.052651122 0.055623389 0.053337022 0.051584084 0.049831146 0.048078208 0.046325271 0.044636788 0.043653912 0.042889573 0.042125234 0.041360894 0.040596555 0.039832216 0.033482571 0.026167635 0.018852698 0.011537761 0.0042228245 0.0032882837
-9999 0.053974706 0.053033777 0.052092848 0.051151919 0.050012168 0.048487502 0.047870739 0.048301815 0.04873289 0.049163966 0.050058252 0.052701138 0.054499323 0.054605945 0.055125829 0.056080284 0.05703474 0.057989195 0.057401907 0.053257754 0.0491136 0.044969446 0.041238359 0.040614547 0.041584054 0.046824053 0.049608373 0.049473301 0.049338228 0.049203156 0.050129449 0.053101716 0.056073983 0.059046251 0.060535247 0.056952203 0.05412209 0.052369153 0.050616215 0.048863277 0.047409453 0.046474061 0.045463117 0.044397859 0.043581893 0.042817554 0.042053215 0.041288876 0.034939231 0.027624295 0.020309358 0.012994421 0.013206177 0.014625637
-9999 0.050543011 0.049602082 0.048661153 0.047314994 0.045790327 0.04426566 0.043648898 0.044079973 0.044511049 0.046187427 0.048830313 0.051473199 0.053271384 0.053378006 0.053484628 0.053723533 0.054677988 0.055632444 0.055045156 0.050901003 0.046756849 0.044192429 0.043568618 0.042944806 0.043914312 0.049154312 0.054394311 0.058840697 0.058705624 0.058570552 0.059496845 0.062469112 0.06544138 0.06490336 0.061320316 0.057737272 0.054907159 0.053154221 0.051401283 0.050182117 0.049246725 0.048311333 0.047300389 0.046235132 0.045169874 0.044274214 0.043509875 0.042745536 0.036395891 0.029080955 0.023270749 0.023907139 0.02454353 0.02596299
-9999 0.047111317 0.046142487 0.04461782 0.043093153 0.041568486 0.040043819 0.039427057 0.039858132 0.042316601 0.044959487 0.047602374 0.05024526 0.052043445 0.052150067 0.052256689 0.05236331 0.052469932 0.053275693 0.052688405 0.048544251 0.0471465 0.046522688 0.045898876 0.045275064 0.046244571 0.05148457 0.05672457 0.061964569 0.067204568 0.067937948 0.068864241 0.071836508 0.069271472 0.065688428 0.062105384 0.05852234 0.055692228 0.05393929 0.052954782 0.05201939 0.051083998 0.050148606 0.049137662 0.048072404 0.047007147 0.045941889 0.044966535 0.044202195 0.037852551 0.033971712 0.034608102 0.035244493 0.035880883 0.037300343
-9999 0.043445313 0.041920646 0.040395979 0.038871312 0.037346645 0.035821978 0.035802889 0.038445776 0.041088662 0.043731548 0.046374435 0.049017321 0.050815506 0.050922128 0.051028749 0.051135371 0.051241993 0.051348615 0.050724382 0.05010057 0.049476758 0.048852946 0.048229134 0.047605323 0.048574829 0.053814829 0.059054828 0.064294827 0.069534827 0.074774826 0.077222629 0.073639585 0.070056541 0.066473497 0.062890453 0.059307409 0.056662838 0.055727446 0.054792054 0.053856662 0.05292127 0.051985878 0.050974934 0.049909677 0.048844419 0.047779162 0.046713904 0.045658855 0.044672674 0.045309065 0.045945455 0.046581846 0.047218236 0.048381242
-9999 0.042786742 0.041262076 0.039737409 0.038212742 0.036688075 0.035801736 0.036783077 0.039425963 0.042068849 0.044711736 0.047354622 0.049573011 0.053109851 0.058726182 0.058832804 0.058939426 0.059046048 0.059152669 0.059038419 0.058414607 0.057790795 0.057166983 0.056543172 0.053856543 0.0491942 0.04910261 0.054342609 0.059582609 0.064822608 0.070062607 0.072288944 0.0687059 0.065122856 0.061539812 0.057956768 0.055262944 0.053798237 0.052862845 0.051927453 0.050992062 0.05005667 0.050111207 0.049803475 0.048800906 0.047735648 0.046670391 0.045605133 0.044539876 0.044925512 0.045561903 0.046198293 0.046834683 0.047252413 0.046781401
-9999 0.042724326 0.041199659 0.039674992 0.038150325 0.037609668 0.037151355 0.038132695 0.040775582 0.043418468 0.046061354 0.047985349 0.049720089 0.053256929 0.060402577 0.067548224 0.06825458 0.068361202 0.068467824 0.068353574 0.067729762 0.06710595 0.066482138 0.062185405 0.056238299 0.051575956 0.050357101 0.049138245 0.053692146 0.058932146 0.064172145 0.066398482 0.062815438 0.059232394 0.05564935 0.053446387 0.051611695 0.050146989 0.049211597 0.048276205 0.047340813 0.047783681 0.048347352 0.048039619 0.047105446 0.046133988 0.045068731 0.044003473 0.042938216 0.043323852 0.043960243 0.044596633 0.044836719 0.044649284 0.044178272
-9999 0.04266191 0.041137243 0.039875914 0.0394176 0.038959287 0.038500973 0.039482314 0.0421252 0.044662945 0.046397686 0.048132427 0.049867167 0.053404007 0.060549655 0.067695302 0.074840949 0.077676357 0.077782978 0.077668728 0.077044916 0.076421104 0.070514267 0.064567161 0.058620055 0.053957713 0.052738857 0.051520002 0.050301146 0.053041684 0.058281683 0.060508019 0.056924975 0.05346452 0.051629829 0.049795138 0.047960447 0.04649574 0.045560348 0.044892483 0.045456154 0.046019825 0.046583496 0.046275763 0.04534159 0.044407417 0.043467071 0.042401814 0.041336556 0.041722193 0.042358583 0.042421025 0.04223359 0.042046155 0.041575143
-9999 0.042599493 0.041683846 0.041225532 0.040767219 0.040308905 0.039850592 0.040831933 0.043075282 0.044810023 0.046544764 0.048279505 0.050014245 0.053551085 0.060696733 0.06784238 0.074988027 0.082133674 0.087098133 0.086983883 0.084790235 0.078843129 0.072896023 0.066948917 0.061001812 0.056339469 0.055120613 0.053901758 0.052682902 0.051464047 0.052391221 0.054617557 0.051647963 0.049813272 0.047978581 0.046143889 0.044309198 0.042844491 0.042564956 0.043128627 0.043692298 0.044255969 0.04481964 0.044511908 0.043577735 0.042643561 0.041709388 0.040775215 0.039734896 0.040120533 0.040005331 0.039817896 0.039630461 0.039443026 0.038972014
-9999 0.04347872 0.043020407 0.042562093 0.04210378 0.041645466 0.041187153 0.03978656 0.041521301 0.043256041 0.044990782 0.046725523 0.048460264 0.049926204 0.057071851 0.064217498 0.071363145 0.078508792 0.085654439 0.088841034 0.082893928 0.076946822 0.070999717 0.065052611 0.059105505 0.057418167 0.056483256 0.055264401 0.054045545 0.05282669 0.051607834 0.05017863 0.048343938 0.046509247 0.044674556 0.042839865 0.041005174 0.038158552 0.038722223 0.039285894 0.039849565 0.040413236 0.040976907 0.041248825 0.040314651 0.039380478 0.038446305 0.037512132 0.036577959 0.036658335 0.0364709 0.036283466 0.036096031 0.035908596 0.035473364
-9999 0.044770683 0.04431237 0.043854056 0.043395743 0.042466575 0.038222691 0.035543013 0.034668629 0.03589216 0.0376269 0.039361641 0.041096382 0.042345872 0.042623619 0.047709642 0.05485529 0.062000937 0.069146584 0.072333179 0.066386073 0.060438967 0.054491861 0.048544755 0.042184671 0.040302524 0.050539021 0.053146305 0.05192745 0.050708594 0.049489739 0.048060534 0.046225843 0.044391151 0.04255646 0.040773509 0.041957626 0.038802085 0.029438046 0.028342841 0.028906512 0.029470183 0.030033854 0.030903347 0.03193102 0.030996847 0.030062673 0.0291285 0.028194327 0.029041611 0.02975565 0.029568215 0.02938078 0.029193345 0.028758114
-9999 0.046062647 0.045604333 0.04514602 0.042878283 0.038634399 0.034390514 0.031710836 0.030836452 0.029962068 0.030263019 0.03199776 0.0337325 0.03498199 0.035259737 0.035537485 0.038347434 0.045493081 0.052638728 0.055825323 0.049878217 0.043931111 0.03787624 0.031472634 0.025069027 0.02318688 0.033423378 0.043659876 0.049809354 0.048590499 0.047371643 0.045942438 0.044107747 0.042273056 0.041423573 0.04260769 0.043791808 0.040636267 0.031272227 0.021908188 0.01796346 0.018527131 0.019090802 0.019960295 0.02104964 0.022138985 0.021679042 0.020744869 0.019810695 0.020657979 0.021813147 0.022852964 0.022665529 0.022478094 0.022042863
-9999 0.04735461 0.046896296 0.043289991 0.039046106 0.034802222 0.030558337 0.027878659 0.027004275 0.026129891 0.025255508 0.024633878 0.026368619 0.027618109 0.027895856 0.028173603 0.02845135 0.028985226 0.036130873 0.039317468 0.033370362 0.027164203 0.020760596 0.01435699 0.007953384 0.006071237 0.016307735 0.026544232 0.03678073 0.046472403 0.045253547 0.043824343 0.041989651 0.042073636 0.043257754 0.044441872 0.04562599 0.042470448 0.033106409 0.023742369 0.01437833 0.0075840779 0.0081477489 0.0090172421 0.010106587 0.011195932 0.012285277 0.012361237 0.011427064 0.012274347 0.013429515 0.014584682 0.01573985 0.015762843 0.015327612
-9999 0.047945583 0.043701698 0.039457814 0.035213929 0.030970045 0.02672616 0.024046482 0.023172098 0.022297715 0.021423331 0.020548947 0.019674563 0.020254227 0.020531974 0.020809721 0.021087468 0.021365216 0.021642963 0.022809612 0.016452165 0.010048559 0.0036449529 -0.0027586533 -0.0091622595 -0.011044407 -0.00080790896 0.0094285886 0.019665086 0.029901584 0.040138081 0.041706247 0.0427237 0.043907818 0.045091936 0.046276054 0.047460171 0.04430463 0.03494059 0.025576551 0.016212512 0.0068484721 -0.0025155673 -0.0019258106 -0.00083646562 0.00025287931 0.0013422242 0.0024315692 0.0030434317 0.0038907153 0.0050458829 0.0062010506 0.0073562183 0.008511386 0.0086123615
-9999 0.044251576 0.040007692 0.035763807 0.031519923 0.027276039 0.024414858 0.024858195 0.02533126 0.024456877 0.023582493 0.022708109 0.021833726 0.019794687 0.0173069 0.017584647 0.017862394 0.018140142 0.018417889 0.016675295 0.010271689 0.0038680823 -0.0025355239 -0.0089391301 -0.012939099 -0.010238159 -0.0098719648 0.0003645328 0.01060103 0.020837528 0.031074025 0.038218526 0.039402644 0.040586762 0.04177088 0.042954997 0.045133757 0.045476341 0.038107395 0.028743355 0.019379316 0.010015276 0.00065123678 -0.0031396597 -0.0023122212 -0.0012228762 -0.00013353132 0.00095581361 0.0020451585 0.0068524264 0.0080651665 0.0092203342 0.010375502 0.01153067 0.010058185
-9999 0.040617654 0.036373769 0.032129885 0.027886 0.026224342 0.025372792 0.025816128 0.02775393 0.029221378 0.028346994 0.02747261 0.026598227 0.024559188 0.020187862 0.016159337 0.016437084 0.016714831 0.016992579 0.015249985 0.0088463784 0.0024427722 -0.003960834 -0.0039704473 0.0016665767 0.004367517 -0.00080098347 -0.0051982831 0.0050382144 0.015274712 0.02551121 0.03265571 0.033839828 0.035023946 0.036208064 0.039336508 0.043591879 0.043934463 0.038679252 0.032489651 0.023125612 0.013761572 0.0043975329 0.00060663642 0.00082220139 0.0014182305 0.0025075754 0.0035969204 0.0046862653 0.0094935332 0.014943359 0.017198185 0.018353353 0.019508521 0.018036037
-9999 0.036983731 0.032739846 0.028885375 0.028033825 0.027182275 0.026330726 0.026774062 0.028711864 0.030649665 0.032587466 0.032237111 0.031362728 0.029323689 0.024952363 0.020581037 0.016209711 0.015289521 0.015567268 0.013824674 0.0074210683 0.001017462 0.0049982045 0.010635229 0.016272253 0.018973193 0.013804692 0.0086361919 0.0034676915 0.009711896 0.019948394 0.027092894 0.028277012 0.02946113 0.033539259 0.03779463 0.04205 0.042392585 0.037137374 0.031882163 0.026626952 0.017507869 0.0081438291 0.0043529326 0.0045684975 0.0047840625 0.0051486822 0.0062380271 0.0073273721 0.01213464 0.017584466 0.023034292 0.026331204 0.027486372 0.026013888
-9999 0.033349808 0.030694858 0.029843308 0.028991759 0.028140209 0.02728866 0.027731996 0.029669797 0.031607599 0.0335454 0.035483201 0.036127228 0.03408819 0.029716864 0.025345538 0.020974212 0.016602886 0.014141958 0.012399364 0.0083298323 0.013966856 0.01960388 0.025240904 0.030877928 0.033578869 0.028410368 0.023241868 0.018073367 0.012904867 0.014385578 0.021530078 0.02348664 0.02774201 0.031997381 0.036252752 0.040508122 0.040850707 0.035595496 0.030340285 0.025085074 0.019829863 0.011890125 0.0080992287 0.0083147937 0.0085303586 0.0087459236 0.0089614886 0.0099684788 0.014775747 0.020225573 0.025675399 0.031125225 0.035464223 0.033991739
-9999 0.032323994 0.031472444 0.030620894 0.029769345 0.028917795 0.028066246 0.028231299 0.030169101 0.032106902 0.034044703 0.035982505 0.037920306 0.037372176 0.03300085 0.028629524 0.024258198 0.019886872 0.015515546 0.014170595 0.019807619 0.025444643 0.031081667 0.036718691 0.042355715 0.046953597 0.041785096 0.036616596 0.031448095 0.026279595 0.021111095 0.01916148 0.023416851 0.027672221 0.031927592 0.036182963 0.040438333 0.039449559 0.034194348 0.028939137 0.023683926 0.018428715 0.013173504 0.0067467444 0.0069623094 0.0071778743 0.0073934393 0.0076090043 0.0078245692 0.012503077 0.017952903 0.023402729 0.028852555 0.034302381 0.036988073
-9999 0.032204555 0.031353006 0.030501456 0.029649907 0.028743816 0.026664117 0.026449441 0.028387242 0.030325044 0.032262845 0.034200646 0.033951128 0.032426387 0.028764104 0.02454964 0.020178314 0.015806988 0.011435662 0.010090711 0.015727735 0.021364759 0.027001783 0.032638807 0.035818921 0.039527446 0.046039419 0.043868766 0.038700266 0.033531765 0.028363265 0.026413651 0.030669021 0.034924392 0.039179762 0.043435133 0.041981392 0.038748384 0.033493173 0.028237962 0.022982751 0.016235724 -0.0067281212 -0.017688096 -0.019750776 -0.019535211 -0.019319646 -0.019104081 -0.018888516 -0.014210008 -0.0087601817 -0.0033103557 0.0021394702 0.010267109 0.015207055
-9999 0.032085117 0.031233568 0.030382018 0.029041656 0.026961957 0.024882258 0.024667583 0.026605384 0.028543185 0.029841888 0.029384554 0.028927219 0.027402478 0.023740195 0.020077912 0.01609843 0.011727104 0.0073557779 0.0060108269 0.011647851 0.017284875 0.022453694 0.025116253 0.027778812 0.031487336 0.03799931 0.044511283 0.045952436 0.040783936 0.035615436 0.033665821 0.037921192 0.042176562 0.044919246 0.043099732 0.041280217 0.038047209 0.032791998 0.027536787 0.015706898 -0.0072569464 -0.030220791 -0.041180766 -0.043511311 -0.045841857 -0.046032731 -0.045817166 -0.045601601 -0.040923093 -0.035473267 -0.030023441 -0.020932736 -0.011513909 -0.0065739619
-9999 0.031965679 0.03111413 0.029339497 0.027259798 0.025180099 0.0231004 0.022885724 0.024823525 0.025275314 0.024817979 0.024360644 0.02390331 0.022378569 0.018716286 0.015054003 0.01139172 0.0076472198 0.0032758938 0.0019309429 0.0075679669 0.011751026 0.014413585 0.017076144 0.019738703 0.023447227 0.029959201 0.036471174 0.042983147 0.048036107 0.042867606 0.040917992 0.045173362 0.046037586 0.044218071 0.042398557 0.040579042 0.037346034 0.032090823 0.015178073 -0.0077857716 -0.030749616 -0.053713461 -0.064673436 -0.067003981 -0.069334527 -0.071665072 -0.072530251 -0.072314686 -0.067636178 -0.061551408 -0.05213258 -0.042713753 -0.033294926 -0.028354979
-9999 0.031717037 0.029637337 0.027557638 0.025477939 0.02339824 0.021318541 0.021103866 0.02070874 0.020251405 0.01979407 0.019336735 0.0188794 0.017354659 0.013692376 0.010030093 0.0063678103 0.0027055273 -0.00095675576 -0.0021489412 0.0010483577 0.0037109167 0.0063734757 0.0090360348 0.011698594 0.015407118 0.021919091 0.028431065 0.034943038 0.041455011 0.047966984 0.048170162 0.047155925 0.045336411 0.043516896 0.041697382 0.039877867 0.036644859 0.014649248 -0.0083145968 -0.031278442 -0.054242286 -0.077206131 -0.088166106 -0.090496651 -0.092827197 -0.095157742 -0.097488287 -0.099027771 -0.092751252 -0.083332425 -0.073913598 -0.064494771 -0.055075943 -0.050135997
-9999 0.029924613 0.027844914 0.025765215 0.023685516 0.021605817 0.018167072 0.023216783 0.030403465 0.02994613 0.029488795 0.029031461 0.028574126 0.022724141 0.012107463 0.0084451801 0.0047828971 0.001120614 -0.002541669 -0.0042914147 -0.0016288556 0.0010337034 0.0036962624 0.0063588215 0.0073047015 0.0034473426 0.012846737 0.01935871 0.025870683 0.032382657 0.03889463 0.042560839 0.040741325 0.03892181 0.037102296 0.035282781 0.030178994 0.022474182 0.010016846 -0.012946999 -0.035910844 -0.058874689 -0.081838534 -0.09008631 -0.091282377 -0.093612922 -0.095943468 -0.098274013 -0.10060456 -0.10718535 -0.097766519 -0.088347692 -0.078928865 -0.069510037 -0.059951193
