P2_models/J1_p2__temp2_slide_30.dat.tif
NCOLS 118
NROWS 92
XLLCORNER 139.62
YLLCORNER -39.07
DX 0.099491525
DY 0.099347826
NODATA_VALUE -9999
[rows 27 to 53 of 92, columns 0 to 59 of 118]
-9999 361.57096 357.8547 354.02612 349.52861 345.03111 340.5336 336.47297 332.91656 329.36014 325.80373 325.2894 325.6099 326.41098 328.17447 329.93795 331.70144 333.05125 334.23519 336.00153 339.11147 342.22141 345.10605 347.96312 350.82018 355.20614 363.6899 372.17366 380.65742 383.16062 383.25421 382.34069 379.48579 376.63089 375.72559 374.87991 374.03424 372.34239 369.43998 366.53757 363.63517 362.6368 361.82028 362.84154 365.18396 367.52637 369.61218 370.16637 370.72055 370.4538 370.04518 369.63655 372.15518 377.91325 382.83074 384.83656 386.84238 388.8482 393.58525 398.81922
-9999 360.98227 356.92243 352.42493 347.92742 343.42992 338.93241 334.87178 331.31537 327.75895 324.20254 320.64612 318.98424 319.78532 321.54881 323.3123 325.07579 326.83927 328.34831 330.11465 333.18268 336.03975 338.89681 341.75388 344.61094 348.9969 357.48066 365.96442 374.44818 382.93194 387.5621 386.64858 384.24341 383.39773 382.55206 381.70638 380.8607 379.16885 376.26645 373.36404 370.46163 367.55922 366.07639 367.09765 369.44006 371.78248 374.12489 376.46731 377.14223 376.87548 376.46685 376.05823 375.6496 376.99798 381.91548 383.9213 385.92712 387.93294 389.93876 394.0632
-9999 360.39091 355.8934 351.3959 346.89839 342.40088 337.90338 333.52507 329.96866 326.41225 322.85583 319.29942 315.743 314.06633 315.82982 317.59331 319.35679 321.12028 322.88377 324.97794 327.835 330.69207 333.54913 336.4062 339.26326 343.34551 351.82927 360.31303 368.79679 377.28055 385.76431 391.06144 390.21576 389.37008 388.5244 387.67873 386.83305 385.18528 382.28287 379.38046 376.47805 373.57564 370.67324 370.66941 373.01182 375.35423 377.69665 380.03906 382.38148 382.19027 381.78165 381.37302 380.96439 380.55577 381.46418 383.47 385.47582 387.48164 389.48746 391.49329
-9999 364.07206 359.57456 355.07705 350.57954 346.08204 341.74611 336.64776 330.71694 327.16052 323.60411 320.0477 316.49128 314.96705 317.51237 319.33823 321.10172 322.86521 324.6287 326.72286 329.57993 332.43699 335.29406 338.15112 343.50997 348.93986 351.47015 359.25402 367.73778 376.22154 384.7053 390.00243 389.15675 388.31108 387.4654 386.61972 384.59936 382.79385 381.63077 378.72836 375.82595 372.92354 370.02113 369.4927 370.94982 373.29224 375.63465 377.97707 380.31948 379.07257 377.98423 377.57561 377.16698 376.75836 378.23984 386.26845 388.84414 390.84996 392.85578 394.8616
-9999 367.75322 363.25571 358.7582 354.29597 349.97787 345.65978 340.56143 334.56259 328.56374 324.35239 320.79598 317.23956 315.71533 318.26065 320.80598 322.84665 324.61014 326.37362 328.46779 331.32486 334.18192 337.03899 343.40196 349.91368 355.34356 357.87385 360.40414 366.67878 375.16254 383.6463 388.94343 388.09775 387.25207 386.32688 384.01412 381.70136 379.89585 378.81603 377.7362 375.17385 372.27144 369.36903 368.8406 370.01879 371.23024 373.57266 375.91507 378.25749 377.01058 375.14333 373.7782 373.36957 372.96094 374.44243 382.47104 390.49965 394.21827 396.22409 398.22991
-9999 371.43437 366.93686 362.52773 358.20964 353.89154 349.57345 344.4751 338.47626 332.47741 326.47856 321.54425 317.98784 316.46361 319.00893 321.55426 324.09958 326.35506 328.11855 330.21272 333.06979 336.78223 343.29395 349.80567 356.31739 361.74727 364.27756 366.80785 369.33814 374.10353 382.58729 387.88442 387.03874 385.74164 383.42888 381.11612 378.80337 376.99786 375.91803 374.8382 373.75838 371.61934 368.71693 368.1885 369.36669 370.54488 371.72307 373.85308 376.19549 374.94858 373.08134 371.21409 369.57216 369.16353 370.64502 378.67363 386.70224 394.73085 399.59241 401.59823
-9999 375.11552 370.7595 366.4414 362.12331 357.80521 353.48712 348.38878 342.38993 336.39108 330.39223 324.39338 318.73612 317.21189 319.75721 322.30254 324.84786 327.39319 329.86348 331.95765 336.67421 343.18593 349.69765 356.20938 362.7211 368.15098 370.68127 373.21156 375.74184 378.27213 381.52829 386.82542 385.1564 382.84364 380.53088 378.21813 375.90537 374.09986 373.02003 371.94021 370.86038 369.78055 368.06483 367.5364 368.71458 369.89277 371.07096 372.24915 374.13349 372.88658 371.01934 369.1521 367.28486 365.41761 366.84761 374.87622 382.90483 390.93344 398.96205 404.96654
-9999 378.17718 373.85909 369.54099 365.2229 360.9048 356.58671 351.28125 345.22457 339.22572 333.22687 327.22802 321.22917 320.52716 324.23962 326.78494 329.33027 331.87559 334.42092 338.16562 344.67734 351.18906 357.70078 364.2125 370.72422 371.88901 374.3238 376.85409 379.38438 381.91466 384.44495 385.32102 383.00826 380.6955 378.38275 376.06999 373.75723 371.84419 370.55885 369.47903 368.3992 367.31937 366.23955 365.14457 366.32276 367.50095 368.67913 369.85732 371.03551 371.19327 369.32602 367.45878 365.59154 363.7243 362.91634 369.73148 377.76009 385.7887 393.81731 401.84592
-9999 379.93413 375.61603 371.29794 366.97984 362.97718 359.75349 354.48738 346.86404 340.28075 334.2819 328.28305 322.2842 321.58219 331.4874 337.42596 339.97129 342.51661 345.06194 348.80664 355.31836 361.83008 368.3418 374.29896 372.38458 371.55533 373.63454 375.94268 378.47297 381.00326 383.53355 384.40961 382.09685 379.7841 377.47134 375.6007 375.80558 374.15727 369.85769 367.73828 366.65845 365.57863 364.4988 363.07742 361.4105 362.23983 363.41802 364.59621 365.7744 367.28485 368.24076 366.37351 364.50627 362.63903 361.83107 364.69234 370.39323 378.42184 386.45045 394.47906
-9999 381.69107 377.37298 373.05488 369.40699 366.18331 362.95962 357.6935 350.07017 342.44683 335.33693 329.33808 323.33923 322.63722 332.54243 342.44764 350.6123 353.15763 355.70295 359.44765 365.95938 372.4711 375.87966 373.96528 372.0509 371.22165 373.30086 375.38006 377.56156 380.09185 382.62214 383.4982 381.18544 378.87269 377.70889 377.91377 378.11866 376.47034 372.17077 367.87119 364.91771 363.83788 362.75806 361.33667 359.66976 358.00284 358.1569 359.33509 360.51328 362.02374 363.59162 365.1595 363.421 361.55376 360.7458 363.60707 366.46834 371.05498 379.08359 387.11221
-9999 383.44802 379.12992 375.83681 372.61312 369.38943 366.16574 360.89963 353.2763 345.65296 338.02963 330.40629 324.39426 323.69225 333.59746 343.50267 353.40788 363.31309 366.34397 370.08867 376.60039 377.46037 375.54598 373.6316 371.71722 370.88797 372.96718 375.04638 377.12559 379.20479 381.71073 382.58679 380.27403 379.81708 380.02196 380.22685 380.43174 378.78342 374.48384 370.18427 365.88469 362.09713 361.01731 359.59593 357.92901 356.26209 354.59517 354.07398 355.25217 356.76262 358.3305 359.89838 361.46626 360.46849 359.66054 362.5218 365.38307 368.24434 371.71674 379.74535
-9999 385.49031 382.26662 379.04294 375.81925 372.59556 369.37187 364.10576 356.48242 348.85909 341.23575 333.61242 325.98909 324.74728 334.65249 344.5577 354.46291 364.36812 374.27333 380.72969 379.04107 377.12669 375.2123 373.29792 371.38354 370.5543 372.6335 374.7127 376.79191 378.87111 380.95032 381.72039 381.92527 382.13016 382.33504 382.53993 382.74481 381.0965 376.79692 372.49734 368.19776 363.89819 359.59861 357.85518 356.18826 354.52134 352.85442 351.1875 349.99105 351.50151 353.06939 354.63727 356.20515 357.77303 358.57527 361.43654 364.29781 367.15908 370.02035 372.88162
-9999 387.11563 383.89194 380.66825 377.44457 374.22088 372.69077 369.42447 361.80114 354.1778 346.55447 338.93113 332.38129 332.6349 342.19296 352.09817 362.00338 371.90859 381.8138 388.14494 386.23056 384.31617 382.40179 380.48741 376.33185 370.78924 377.78303 379.86223 381.94143 384.02064 386.09984 387.53884 387.74373 387.94861 388.1535 388.35838 386.29218 381.01617 376.71659 372.41701 368.11744 363.81786 359.93559 359.22279 358.57021 356.90329 355.23637 353.56945 351.90253 352.99373 354.56161 356.12949 357.69737 359.59321 363.37265 366.23391 369.09518 371.95645 374.81772 374.2106
-9999 388.2063 384.98261 381.75892 378.53523 378.21512 378.72399 375.45769 367.83436 360.21102 352.58769 347.11671 342.82145 343.07506 352.43804 361.83209 371.7373 381.64251 391.54772 397.87887 395.96448 394.0501 392.13572 385.2134 374.1516 368.60899 377.85917 386.86625 388.94546 391.02466 393.10386 394.54286 394.74775 394.95263 395.15752 391.3609 385.40237 380.12636 375.82678 371.5272 367.22763 363.55221 360.05114 359.33833 360.62998 360.67959 359.01267 357.34575 355.67883 356.77003 358.33791 359.90579 362.33567 366.38018 370.15961 373.02088 375.88215 378.74342 376.65179 372.6286
-9999 389.29696 386.07328 383.23059 383.73946 384.24834 384.75721 381.49091 373.86758 366.24424 361.85214 357.55687 353.26161 353.51522 362.8782 372.24118 381.60417 391.37644 401.28165 407.61279 405.69841 403.78403 394.09495 383.03315 371.97135 366.42873 375.67892 384.9291 394.17928 398.02868 400.10789 401.54688 401.75177 401.95665 396.42962 390.47109 384.51256 379.23655 374.93697 370.6699 367.16883 363.66776 360.16668 359.45388 360.74552 362.03717 362.78896 361.12204 359.45512 360.54633 362.11421 365.07813 369.12264 373.16714 376.94658 379.80785 382.66912 379.09297 375.06978 371.04659
-9999 390.38763 388.75493 389.26381 389.77268 390.28156 390.79043 387.52413 380.88282 376.58756 372.2923 367.99703 363.70177 363.95538 373.31836 382.68135 392.04433 401.40731 411.01558 417.34672 414.03829 402.97649 391.91469 380.8529 369.7911 364.24848 373.49866 382.74885 391.99903 401.24921 407.11191 408.55091 407.45687 401.49834 395.53981 389.58128 383.62275 378.34674 374.28652 370.78545 367.28437 363.7833 360.28223 359.56942 360.86107 362.15271 363.44436 364.736 363.23142 364.32262 367.82059 371.8651 375.9096 379.95411 383.73355 385.55734 381.53415 377.51096 373.48777 369.46458
-9999 394.9361 395.44497 395.95385 396.46272 396.97159 397.48047 394.54352 390.24826 385.95299 381.65773 377.36247 373.06721 371.81493 381.17791 390.54089 399.90387 409.26685 418.62983 421.81667 410.75487 399.69307 388.63127 377.56947 366.50767 361.35047 370.60065 379.85083 389.10102 398.3512 407.60138 411.65676 405.69823 399.7397 393.78117 387.82264 381.86411 378.93845 375.43738 371.93631 368.43523 364.93416 361.43309 360.82385 362.11549 363.40713 364.69878 365.99042 367.28207 370.72951 374.77402 378.81852 382.86303 386.90754 389.65188 385.62869 381.6055 377.58231 373.55913 369.53594
-9999 406.57987 407.08875 407.59762 408.1065 408.61537 396.52832 390.09921 391.50807 387.21281 382.91755 378.62229 374.32703 371.21986 370.49191 378.93727 388.30026 397.66324 407.02622 410.21305 399.15125 388.08945 377.02765 365.96586 361.5829 361.09273 363.2065 371.53944 380.78962 390.0398 399.28998 403.34537 397.38684 391.42831 385.46977 379.51124 374.54503 375.57161 384.39665 380.89558 377.39451 373.89343 370.39236 370.10453 371.95938 373.25102 374.54267 375.83431 377.12596 379.59308 382.98289 387.0274 391.07191 395.11642 398.1693 397.78733 394.14658 390.12339 386.1002 382.07702
-9999 418.22365 418.73252 419.2414 416.87816 403.57484 390.27152 383.84241 385.34701 386.85162 384.17736 379.8821 375.58684 372.47967 371.75173 371.02378 376.69664 386.05962 395.4226 398.60944 387.54764 376.48584 365.42404 363.67873 362.21703 361.72686 363.84064 365.95441 372.47822 381.7284 390.97859 395.03397 389.07544 383.11691 377.23805 372.50209 367.76612 368.79271 378.06343 387.33415 386.35378 382.85271 379.35163 379.0638 381.08592 383.09491 384.38656 385.6782 386.96985 389.43697 392.10725 395.23628 399.28079 403.3253 406.37818 405.99621 405.61423 402.66447 398.64128 394.61809
-9999 429.86743 430.3763 423.92469 410.62136 397.31804 384.01472 377.58561 379.09021 380.59482 382.09942 381.14192 376.84666 373.73949 373.01154 372.28359 371.55565 374.45601 383.81899 387.00582 375.94402 367.23625 365.77456 364.31286 362.85117 362.361 364.47477 366.58854 368.70232 373.41701 382.66719 386.72257 380.76404 375.19512 370.45915 365.72319 360.98722 362.0138 371.28453 380.55525 389.82597 391.81198 388.3109 388.02307 390.04519 392.06731 394.08944 395.52209 396.81374 399.28086 401.95114 404.62143 407.48967 411.53418 414.58706 414.20508 413.82311 413.44113 411.18236 407.15917
-9999 441.5112 430.97121 417.66789 404.36457 391.06124 377.75792 371.32881 372.83341 374.33802 375.84262 377.34723 378.10647 374.9993 374.27136 373.54341 372.81546 372.08752 372.21537 375.40221 369.33209 367.87039 366.40869 364.947 363.4853 362.99513 365.10891 367.22268 369.33645 371.45023 374.35579 378.41118 373.15218 368.41621 363.68025 358.94428 354.20832 355.2349 364.50562 373.77634 383.04707 392.31779 397.27018 396.98234 399.00446 401.02658 403.04871 405.07083 406.65763 409.12475 411.79503 414.46532 417.1356 419.80588 422.79594 422.41396 422.03199 421.65001 421.26803 419.70025
-9999 437.241 423.93768 410.63435 397.33103 384.02771 370.72439 370.19097 371.69558 373.20018 374.70479 376.20939 377.714 378.73339 377.00316 376.27522 375.54727 374.81933 374.09138 373.14156 371.67986 370.21817 368.75647 367.29477 365.83308 361.31918 362.77815 364.89193 367.0057 369.11947 371.23325 371.00737 366.27141 361.53544 356.79948 352.06351 347.32755 354.90381 364.17454 373.44526 382.71598 391.98671 400.7018 402.38123 404.40335 406.42547 408.44759 410.46971 412.49183 415.0666 417.73688 420.40717 423.07745 425.74773 426.22674 425.84477 425.46279 425.08082 424.69884 424.17206
-9999 428.97305 415.66973 402.36641 389.06309 379.60093 377.57522 377.18837 378.69298 380.19758 381.70219 384.04843 389.57185 391.17063 384.91013 381.34637 380.61843 379.89048 379.16253 378.21271 376.75102 375.28932 373.82762 371.62132 363.81372 357.94135 357.25587 357.84927 359.96304 362.07682 364.19059 363.96472 359.22875 354.49279 349.75682 347.9518 356.16912 364.81983 374.09055 383.36128 392.632 399.32423 401.54736 403.1453 404.29382 406.16606 408.18818 410.2103 412.23243 414.80719 417.47748 420.14776 422.81804 422.51498 422.06407 421.68209 421.30012 420.91814 419.92491 417.62062
-9999 420.7051 407.40178 394.09846 388.62405 386.59833 384.57262 384.18577 385.69037 387.19498 390.96227 396.48568 402.00909 403.60787 397.34737 391.08687 385.68958 384.96163 384.23369 383.28387 381.82217 380.36047 376.05109 368.24349 360.43589 354.56352 353.87804 353.19256 352.92039 355.03416 357.14793 356.92206 352.18609 347.45013 349.65049 357.86781 366.08514 374.73585 384.00657 393.27729 397.94667 400.1698 402.39292 403.99086 405.13938 406.2879 407.92877 409.9509 411.97302 414.54779 417.21807 419.29392 418.82311 418.3523 417.9014 417.51942 417.13744 415.67777 413.37348 411.06918
-9999 412.43716 399.67287 397.64716 395.62144 393.59573 391.57002 391.18317 392.68777 397.8761 403.39951 408.92292 414.44633 416.04512 409.78461 403.52411 397.26361 391.0031 389.30484 388.35502 386.89333 380.48086 372.67326 364.86567 357.05807 351.1857 350.50022 349.81474 349.12926 348.44378 350.10528 349.8794 345.14344 351.34918 359.56651 367.78383 376.00116 384.65186 393.92259 396.56911 398.79223 401.01536 403.23848 404.83642 405.98494 407.13346 408.28197 409.69149 411.71361 414.28838 415.60206 415.13125 414.66044 414.18963 413.73872 413.35675 411.43063 409.12634 406.82204 404.51775
-9999 408.69598 406.67027 404.64456 402.61884 400.59313 398.56742 399.26652 404.78993 410.31335 415.83676 421.36017 426.88358 428.48236 422.22186 415.96135 409.70085 403.44034 397.17984 392.71823 384.91063 377.10304 369.29544 361.48784 353.68024 347.80787 347.12239 346.43691 345.75143 345.06595 344.38047 344.83055 353.04787 361.2652 369.48252 377.69985 385.91717 392.96843 395.19155 397.41467 399.6378 401.86092 404.08404 405.68198 406.8305 407.97902 409.12753 410.27605 411.4542 411.91019 411.43938 410.96857 410.49777 410.02696 409.48778 407.18349 404.87919 402.5749 400.2706 397.96631
-9999 407.78209 405.75638 403.73067 401.70496 399.67924 401.39729 406.22686 411.75027 417.27368 422.79709 428.3205 429.43693 429.23948 433.53569 427.27518 421.01468 414.75417 408.49367 401.76535 393.95775 386.15015 378.34256 370.53496 365.69953 363.0714 355.27217 354.58669 353.90121 353.21573 352.53025 354.88568 363.103 371.32033 379.53765 387.75498 393.49453 396.37833 398.60146 400.82458 403.0477 405.27082 405.8265 406.4598 407.68344 408.83196 409.98047 411.12899 412.27751 412.04532 411.57451 411.1037 410.6329 409.33427 406.03253 403.72824 401.42394 399.11965 396.81535 400.89704
