P2_models/J1_p2_vp_slide_diff2_30.dat.tif
NCOLS 118
NROWS 92
XLLCORNER 139.62
YLLCORNER -39.07
DX 0.099491525
DY 0.099347826
NODATA_VALUE -9999
[rows 25 to 49 of 92, columns 0 to 57 of 118]
-9999 0.35954031 0.36286806 0.3661958 0.36952355 0.3728513 0.38408831 0.3994759 0.40288587 0.39081771 0.37874955 0.36668139 0.35461323 0.34207549 0.33312786 0.33685514 0.34058243 0.34430971 0.348037 0.35573527 0.37259477 0.38945427 0.40631377 0.42317327 0.44431711 0.4650169 0.46733858 0.48726099 0.50718341 0.52710583 0.54702825 0.56082502 0.56281351 0.56480199 0.56679047 0.56877895 0.57680649 0.57785152 0.56341096 0.55641533 0.54941971 0.54242408 0.53542846 0.52540125 0.51096294 0.49481005 0.47865717 0.46250428 0.4463514 0.43367769 0.41303545 0.39093074 0.36882604 0.34672133 0.32642546 0.31374122 0.30567726 0.29761329
-9999 0.34033912 0.34366687 0.34699462 0.35032236 0.3658022 0.3834639 0.39885149 0.41161446 0.42237438 0.41030622 0.39823807 0.38616991 0.37363216 0.36015405 0.34667593 0.35020648 0.35393377 0.35766105 0.36535932 0.38221882 0.39907833 0.41593783 0.44052907 0.46993595 0.49063575 0.48799838 0.48536101 0.50452343 0.52444585 0.54436827 0.55816504 0.56015352 0.562142 0.56413048 0.57546232 0.5904852 0.59153023 0.57257795 0.55536035 0.54836472 0.54136909 0.53437347 0.52434626 0.5121397 0.49853412 0.48238123 0.46622835 0.45007546 0.43740176 0.42532935 0.40659092 0.38448621 0.3623815 0.34208564 0.32805538 0.31423893 0.30617496
-9999 0.32113794 0.32446568 0.32985438 0.34751608 0.36517779 0.38283949 0.39822708 0.41099005 0.42375301 0.43651598 0.42979474 0.41772658 0.40518884 0.39171072 0.3782326 0.36475449 0.36355782 0.36728511 0.37498338 0.39184288 0.40870238 0.43674104 0.46614792 0.4955548 0.51625459 0.51361722 0.51097985 0.50834248 0.52178586 0.54170828 0.55550505 0.55749354 0.55948202 0.57411815 0.58914104 0.60416392 0.60520895 0.58625667 0.56730439 0.54835211 0.5403141 0.53331848 0.52329127 0.51108471 0.49887815 0.4861053 0.46995241 0.45379953 0.44112582 0.42905341 0.416981 0.40014639 0.37804168 0.35774582 0.34371556 0.3296853 0.31565504
-9999 0.30193675 0.31156827 0.32922997 0.34689167 0.36455337 0.38221508 0.39760267 0.41036563 0.4231286 0.43589157 0.44865454 0.44928326 0.43674551 0.42326739 0.40978928 0.39631116 0.38283304 0.37690916 0.38460743 0.40354614 0.43295301 0.46235989 0.49176677 0.52117364 0.54187344 0.53923607 0.5365987 0.53396133 0.53132396 0.5390483 0.55284507 0.5577511 0.57277399 0.58779687 0.60281975 0.61784264 0.61888766 0.59993539 0.58098311 0.56203083 0.54307855 0.53226349 0.52223628 0.51002972 0.49782316 0.4856166 0.47341003 0.45752359 0.44484988 0.43277748 0.42070507 0.40863266 0.39370186 0.37340599 0.35937573 0.34534547 0.33131521
-9999 0.29449279 0.3121545 0.3298162 0.3474779 0.36513961 0.38280131 0.39590562 0.40866859 0.42143156 0.43419453 0.4469575 0.45972047 0.46840821 0.4549301 0.44145198 0.42797386 0.41449575 0.40101763 0.40050729 0.42991417 0.45932104 0.48872792 0.5181348 0.54754167 0.56640445 0.56376708 0.56112971 0.55849234 0.55585497 0.55321761 0.5566124 0.57163528 0.58665817 0.60168105 0.61670393 0.63172682 0.63060776 0.61165549 0.59270321 0.57375093 0.55479865 0.53584637 0.52047131 0.50826474 0.49605818 0.48385162 0.47164506 0.45943849 0.44585248 0.43378007 0.42170766 0.40963525 0.39756284 0.38607217 0.37204191 0.35801166 0.3439814
-9999 0.30504544 0.32270714 0.34036884 0.35803054 0.37569225 0.37864998 0.38531857 0.39814132 0.41090429 0.42366725 0.43643022 0.44919319 0.46446744 0.48477068 0.47398755 0.46050943 0.44703131 0.4335532 0.43304286 0.46244974 0.49185661 0.52126349 0.55067036 0.55633764 0.55768764 0.57678732 0.57670534 0.57406797 0.5714306 0.56879323 0.57218803 0.58721091 0.60223379 0.61725668 0.63227956 0.63463979 0.62632456 0.60725163 0.58829935 0.56934707 0.5503948 0.53144252 0.51487455 0.50065491 0.48844835 0.47624179 0.46403522 0.45182866 0.42985282 0.41237865 0.40030624 0.38823383 0.37616142 0.36542411 0.35931142 0.34603031 0.33200005
-9999 0.31559808 0.33325978 0.35092148 0.36537338 0.36670819 0.36804301 0.37471161 0.38753606 0.40036052 0.41313998 0.42590295 0.43866592 0.45394017 0.4742434 0.49454664 0.493045 0.47956688 0.46608876 0.46557843 0.4949853 0.52439218 0.55379905 0.54993814 0.54466575 0.54601575 0.56511543 0.5842151 0.58964359 0.58700622 0.58436886 0.58776365 0.60278653 0.61780942 0.63197515 0.63118344 0.63039172 0.62207648 0.60299778 0.58391908 0.56494322 0.54599094 0.52703866 0.5104707 0.49561679 0.48083852 0.46863195 0.45642539 0.44421883 0.42224299 0.39857875 0.37890481 0.3668324 0.35476 0.34402269 0.33791 0.33179731 0.3200187
-9999 0.32615072 0.34381242 0.35343159 0.35476641 0.35610123 0.35743605 0.36410464 0.3769291 0.38975356 0.40257801 0.41537567 0.42813864 0.44341289 0.46371612 0.48401936 0.5043226 0.51210245 0.49862433 0.49811399 0.52752087 0.54881102 0.54353863 0.53826625 0.53299386 0.53434386 0.55344354 0.57254321 0.59164289 0.60258185 0.59994448 0.60333928 0.61836216 0.6285188 0.62772708 0.62693537 0.62614365 0.61782841 0.59874971 0.57967101 0.56059231 0.54158708 0.5226348 0.50606684 0.49121293 0.47635902 0.46150511 0.44881556 0.436609 0.41463316 0.39096892 0.36730468 0.34543098 0.33335857 0.32262126 0.31650857 0.31039589 0.3042832
-9999 0.33670336 0.34148981 0.34282463 0.34415945 0.34549426 0.34682908 0.35349767 0.36632213 0.37914659 0.39197105 0.40479551 0.41761136 0.43288561 0.45318885 0.47349208 0.49379532 0.51409856 0.5311599 0.53064956 0.54241152 0.53713913 0.53186674 0.52659436 0.52132197 0.52267197 0.54177165 0.56087132 0.579971 0.59907067 0.61552011 0.6189149 0.62506245 0.62427073 0.62347901 0.6226873 0.62189558 0.61358034 0.59450164 0.57542294 0.55634424 0.53726554 0.51823095 0.50166298 0.48680907 0.47195516 0.45710125 0.44224734 0.42899916 0.40702332 0.38335909 0.35969485 0.33603061 0.31236638 0.30121984 0.29510715 0.28899446 0.28288177
-9999 0.33441246 0.33574727 0.33708209 0.33841691 0.33975173 0.34108654 0.35056397 0.36325791 0.37608237 0.38890683 0.40173128 0.41455574 0.4273168 0.44640386 0.46670709 0.48701033 0.50731356 0.5276168 0.54018635 0.53491396 0.52964158 0.52436919 0.5190968 0.51382441 0.51743282 0.53355694 0.55265662 0.57175629 0.59085597 0.60995564 0.62226107 0.62146935 0.62067764 0.61988592 0.6190942 0.61830249 0.60522119 0.58613456 0.56705585 0.54797715 0.52889845 0.50981975 0.49008014 0.47522623 0.46037232 0.44551841 0.4306645 0.41581059 0.39542447 0.37176023 0.348096 0.32443176 0.30076752 0.28358699 0.28014927 0.27403658 0.26792389
-9999 0.33669271 0.33802752 0.33936234 0.34069716 0.34463308 0.35499259 0.36479446 0.37395274 0.38545821 0.39828267 0.41110713 0.42393159 0.43669264 0.44932674 0.46609416 0.4863974 0.50670063 0.52700387 0.53957342 0.53430103 0.52902864 0.52375625 0.51929744 0.52638654 0.53292028 0.53796551 0.55014377 0.56924344 0.58834312 0.60744279 0.61974822 0.6189565 0.61816479 0.61737307 0.61486868 0.6043241 0.5902173 0.57101423 0.55189538 0.53281668 0.51373797 0.49465927 0.47415358 0.45262205 0.43694934 0.42209543 0.40724152 0.39238761 0.37370057 0.35358239 0.32991815 0.30625392 0.28258968 0.26540914 0.27068734 0.26970588 0.26359319
-9999 0.33897295 0.34030777 0.34164259 0.34850406 0.35886358 0.36922309 0.37902496 0.38818324 0.39734151 0.40765851 0.42048297 0.43330743 0.44606849 0.45870258 0.47133668 0.48578446 0.5060877 0.52639093 0.53896048 0.5336881 0.52841571 0.5276958 0.5347849 0.541874 0.54840774 0.55345297 0.55849821 0.56673059 0.58583026 0.60492994 0.61723537 0.61644365 0.61565193 0.61040937 0.59986479 0.5893202 0.5752134 0.55601033 0.53680727 0.5176562 0.4985775 0.4794988 0.4589931 0.43746157 0.41593003 0.39867245 0.38381854 0.36896463 0.3502776 0.33092809 0.31157859 0.28807607 0.26441183 0.2472313 0.2525095 0.2577877 0.25926249
-9999 0.3412532 0.34258802 0.35237504 0.36273456 0.37309407 0.38345359 0.39325546 0.40241373 0.41157201 0.42073029 0.42988856 0.44268327 0.45544433 0.46807843 0.48071252 0.49334662 0.50598072 0.525778 0.53834755 0.53307516 0.53609415 0.54318326 0.55027236 0.55736146 0.5638952 0.56894044 0.57398567 0.5790309 0.58407613 0.60241709 0.61472251 0.6139308 0.60595006 0.59540547 0.58486089 0.57431631 0.5602095 0.54100644 0.52180337 0.50260031 0.48341702 0.46433832 0.44383263 0.42230109 0.40076955 0.37923801 0.36039556 0.34554165 0.32685462 0.30750512 0.28815561 0.26880611 0.24623399 0.22905345 0.23433165 0.23960986 0.24488806
-9999 0.34588651 0.35624602 0.36660554 0.37696505 0.38732457 0.39768408 0.40748595 0.41664423 0.4258025 0.43496078 0.44411906 0.45327733 0.46482017 0.47745427 0.49008837 0.50272246 0.51535656 0.52799066 0.53773462 0.54449251 0.55158162 0.55867072 0.56575982 0.57284893 0.57938267 0.5844279 0.58947313 0.59451836 0.59956359 0.60460883 0.61203533 0.60149074 0.59094616 0.58040158 0.56985699 0.55931241 0.5452056 0.52600254 0.50679947 0.48759641 0.46839334 0.44919028 0.42867215 0.40714061 0.38560907 0.36407754 0.342546 0.32211868 0.30343164 0.28408214 0.26473264 0.24538313 0.22603363 0.21087561 0.21615381 0.22143201 0.22671022
-9999 0.35473419 0.3650937 0.37545321 0.38581273 0.39617224 0.40324775 0.40917181 0.41833009 0.42748836 0.43664664 0.44580492 0.45355211 0.4633586 0.48062227 0.49325637 0.50589046 0.51852456 0.53115866 0.54211603 0.54920513 0.55629424 0.56338334 0.57047244 0.58031876 0.59187072 0.58890134 0.59394657 0.5989918 0.60403704 0.60908227 0.60880253 0.59825795 0.58771336 0.57716878 0.56662419 0.55085568 0.52840447 0.50920141 0.48999834 0.47079528 0.45159221 0.43426028 0.40642678 0.37972503 0.35819349 0.33666195 0.31513042 0.29359888 0.27392783 0.25457833 0.23522883 0.21587932 0.19702766 0.18611259 0.19139079 0.196669 0.2019472
-9999 0.36176132 0.37212083 0.38248035 0.39283986 0.39756909 0.40069084 0.4066149 0.41577318 0.42493145 0.43408973 0.44041877 0.44520236 0.45500884 0.47487399 0.49432479 0.50695888 0.51959298 0.53222708 0.54318445 0.55027356 0.55736266 0.56445176 0.5777019 0.59604466 0.60759662 0.60094755 0.59469492 0.59974015 0.60478538 0.60983062 0.60955088 0.59900629 0.58846171 0.57791713 0.55816833 0.53344671 0.5109955 0.49179243 0.47258937 0.4533863 0.43698184 0.4213591 0.3935256 0.35691394 0.32663306 0.30510152 0.28356999 0.26203845 0.2423674 0.2230179 0.2036684 0.18562741 0.17003745 0.15912238 0.16440058 0.16967878 0.17495699
-9999 0.36878845 0.37914796 0.38876868 0.39189043 0.39501218 0.39813393 0.40405799 0.41321627 0.42237454 0.42728543 0.43206902 0.4368526 0.44665909 0.46652423 0.48638937 0.50625452 0.5206614 0.5332955 0.54425287 0.55134198 0.55843108 0.57508504 0.5934278 0.61177055 0.62332251 0.61667344 0.61002438 0.60337531 0.60553373 0.61057897 0.61029923 0.59975464 0.58921006 0.56548097 0.54075935 0.51603773 0.49358652 0.47438345 0.45532615 0.4397034 0.42408066 0.40845792 0.38062442 0.34401276 0.3074011 0.2735411 0.25200956 0.23047802 0.21080698 0.19145747 0.17422717 0.1586372 0.14304724 0.13213216 0.13741037 0.14268857 0.16010867
-9999 0.37581558 0.38309002 0.38621177 0.38933352 0.39245527 0.39557702 0.40150108 0.40936851 0.41415209 0.41893568 0.42371927 0.42850285 0.43830934 0.45817448 0.47803962 0.49790476 0.5177699 0.53436392 0.5453213 0.55412543 0.57246818 0.59081094 0.60915369 0.62749645 0.63904841 0.63239934 0.62575027 0.6191012 0.61245213 0.61132731 0.61104757 0.59751523 0.57279361 0.54807199 0.52335037 0.49862875 0.47617754 0.45804771 0.44242497 0.42680222 0.41117948 0.39555674 0.36772324 0.33111158 0.29449992 0.25788826 0.2212766 0.19891759 0.17924655 0.16282692 0.14723696 0.13164699 0.11605702 0.10514195 0.11237699 0.13064026 0.14890353
-9999 0.38050806 0.38362981 0.38675156 0.38987331 0.39299506 0.39611681 0.39931858 0.40410217 0.40888575 0.41366934 0.41845293 0.42323651 0.4328677 0.45273284 0.47259798 0.49246312 0.51232827 0.53219341 0.5515982 0.56994096 0.58828371 0.60662647 0.62496922 0.64331198 0.64955994 0.64291087 0.6362618 0.62961273 0.62296366 0.61631459 0.60349253 0.57877091 0.55404929 0.52932767 0.50460605 0.47988443 0.45916983 0.44354709 0.42792434 0.4123016 0.39667886 0.38105612 0.3544211 0.31780944 0.28119778 0.24458612 0.20797446 0.1713628 0.15458688 0.13899692 0.12340695 0.10781698 0.092227015 0.081421123 0.099684391 0.11794766 0.13621093
-9999 0.40440332 0.40752507 0.41064683 0.41376858 0.41689033 0.42373887 0.42580885 0.4220911 0.42687469 0.43165827 0.43644186 0.44122544 0.45064071 0.46933119 0.48908951 0.50895465 0.52881979 0.54868493 0.56808973 0.58643248 0.60477524 0.62311799 0.64146075 0.65111207 0.64719665 0.61710805 0.60744628 0.60079721 0.59414814 0.58749907 0.57467701 0.54995539 0.52523377 0.50051215 0.47579053 0.45976185 0.44135699 0.41698338 0.40136064 0.3857379 0.37011515 0.35449241 0.331577 0.30148321 0.26487155 0.22825989 0.19164823 0.15503657 0.14805213 0.13900135 0.12341139 0.10782142 0.092231454 0.079722265 0.077884514 0.09403654 0.11229981
-9999 0.42829859 0.43142034 0.43454209 0.43851362 0.44572203 0.45293043 0.45500041 0.45113997 0.44727954 0.4496472 0.45443079 0.45921437 0.46862964 0.48732012 0.5060106 0.52544618 0.54531132 0.56517646 0.58458126 0.60292401 0.62126677 0.63960952 0.64582837 0.65167814 0.64776272 0.61767412 0.58758552 0.57198169 0.56533262 0.55868355 0.54586149 0.52113987 0.49641825 0.47239462 0.45838301 0.44437139 0.42596654 0.40127651 0.37658649 0.35917419 0.34355145 0.3279287 0.30501329 0.27685527 0.24854532 0.21193366 0.175322 0.13871034 0.1317259 0.12986186 0.12341583 0.10782586 0.092235893 0.079726704 0.077888953 0.076051203 0.088388689
-9999 0.45219386 0.45531561 0.46049678 0.46770518 0.47491359 0.48212199 0.48419197 0.48033153 0.4764711 0.47261067 0.47241972 0.47720331 0.48661857 0.50530905 0.52399953 0.54269001 0.56180285 0.58166799 0.60107278 0.61941554 0.63469491 0.64054468 0.64639445 0.65224422 0.64832879 0.61824019 0.58815159 0.558063 0.5365171 0.52986803 0.51704597 0.49232435 0.47101577 0.45700416 0.44299255 0.42898094 0.41057608 0.38588606 0.36119603 0.33650601 0.31698774 0.301365 0.27844958 0.25029156 0.22213354 0.19397552 0.15899577 0.12238411 0.11539967 0.11353563 0.11167158 0.1078303 0.092240332 0.079731143 0.077893392 0.076055642 0.074217891
-9999 0.47608912 0.48247993 0.48968834 0.49689675 0.50410515 0.51131356 0.51338353 0.5095231 0.50566266 0.50180223 0.49794179 0.49519224 0.50460751 0.52329798 0.54198846 0.56067894 0.57936942 0.59815952 0.61756431 0.62941121 0.63526098 0.64111075 0.64696052 0.65281029 0.64889486 0.61880626 0.58871767 0.55862907 0.52854047 0.50105251 0.48823045 0.46963692 0.45562531 0.4416137 0.42760209 0.41359048 0.39518562 0.3704956 0.34580557 0.32111555 0.29642553 0.27480129 0.25188588 0.22372786 0.19556984 0.16741181 0.13925379 0.10605788 0.099073444 0.097209399 0.095345354 0.09348131 0.091617265 0.079735582 0.077897831 0.076060081 0.07422233
-9999 0.49718674 0.50439515 0.51160355 0.51881196 0.52602036 0.53322877 0.53968609 0.53582566 0.53196522 0.52810479 0.52424435 0.52038392 0.51291302 0.52818161 0.54687209 0.56556257 0.58425305 0.60294352 0.61775116 0.62360093 0.6294507 0.63530047 0.64115024 0.64700001 0.64464784 0.61637678 0.58628818 0.55619958 0.52611098 0.49602238 0.47142516 0.45741355 0.44340194 0.42939033 0.41537872 0.40136711 0.38385046 0.35916044 0.33447041 0.30978039 0.28509037 0.26063645 0.2430272 0.21486918 0.18671116 0.15855314 0.13039511 0.10223709 0.096498382 0.094634337 0.092770292 0.090906247 0.089042203 0.087983073 0.086145323 0.084307572 0.082469821
-9999 0.50753812 0.51474653 0.52195493 0.52916334 0.53923019 0.55483095 0.56139734 0.55753691 0.55367647 0.54981604 0.54402065 0.53092088 0.52211793 0.52191961 0.53092831 0.54961879 0.56830927 0.58699974 0.60180738 0.60765715 0.61350692 0.61935669 0.62508142 0.62986547 0.62728515 0.60496651 0.57909804 0.54900945 0.51892085 0.48883225 0.46423503 0.45022341 0.4362118 0.42220019 0.40858605 0.39633106 0.37896012 0.35427009 0.32958007 0.30489005 0.28129569 0.25960036 0.2434892 0.23139243 0.20598993 0.17783191 0.14967389 0.12151587 0.11577716 0.11391311 0.11204907 0.11018502 0.10989695 0.10933071 0.10749296 0.10565521 0.10381746
