P2_models/J1_p2__temp2_slide_120.dat.tif
NCOLS 118
NROWS 92
XLLCORNER 139.62
YLLCORNER -39.07
DX 0.099491525
DY 0.099347826
NODATA_VALUE -9999
[rows 27 to 53 of 92, columns 0 to 59 of 118]
-9999 921.63081 909.67128 896.82352 878.68638 860.54924 842.41209 829.59154 822.90702 816.22249 809.53796 812.19164 817.40793 823.73174 832.27342 840.8151 849.35678 855.36097 860.34782 866.65097 875.9909 885.33084 896.08875 907.02022 917.95168 934.90295 967.98877 1001.0746 1034.1604 1051.3654 1062.1718 1068.976 1068.0651 1067.1542 1070.6451 1074.2706 1077.8962 1076.6675 1068.4941 1060.3207 1052.1473 1053.3538 1055.4561 1059.5459 1065.0643 1070.5828 1075.4322 1076.2878 1077.1434 1069.7008 1060.824 1051.9473 1051.3245 1059.836 1066.1406 1064.8006 1063.4607 1062.1207 1066.0941 1071.0343
-9999 931.86744 917.19113 899.05398 880.91684 862.7797 844.64256 831.82201 825.13748 818.45295 811.76843 805.0839 804.21496 810.53877 819.08045 827.62213 836.16381 844.70549 851.68638 857.98953 867.59319 878.52466 889.45612 900.38759 911.31905 928.27032 961.35614 994.44196 1027.5278 1060.6136 1083.4665 1090.2707 1090.3752 1094.0007 1097.6263 1101.2518 1104.8773 1103.6486 1095.4752 1087.3018 1079.1284 1070.955 1069.7749 1073.8647 1079.3831 1084.9016 1090.42 1095.9385 1097.109 1089.6663 1080.7896 1071.9128 1063.036 1059.1135 1065.4181 1064.0781 1062.7382 1061.3982 1060.0583 1062.84
-9999 939.40626 921.26912 903.13198 884.99483 866.85769 848.72055 835.44076 828.75623 822.07171 815.38718 808.70266 802.01813 801.10872 809.6504 818.19208 826.73376 835.27544 843.81711 853.08143 864.01289 874.94436 885.87583 896.80729 907.73876 922.91452 956.00034 989.08617 1022.172 1055.2578 1088.3436 1111.3668 1114.9923 1118.6179 1122.2434 1125.8689 1129.4945 1127.9024 1119.729 1111.5556 1103.3822 1095.2088 1087.0354 1086.3447 1091.8632 1097.3817 1102.9001 1108.4186 1113.9371 1107.5087 1098.632 1089.7552 1080.8784 1072.0016 1066.813 1065.4731 1064.1331 1062.7932 1061.4532 1060.1133
-9999 958.69369 940.55655 922.4194 904.28226 886.14512 873.79098 859.91117 843.80384 837.11931 830.43478 823.75026 817.06573 817.15049 830.7911 839.73956 848.28124 856.82292 865.3646 874.62892 885.56038 896.49185 907.42331 918.35478 935.98317 953.80263 963.86274 994.24168 1027.3275 1060.4133 1093.4992 1116.5223 1120.1478 1123.7734 1127.3989 1131.0245 1128.3297 1124.6383 1121.5295 1113.3561 1105.1827 1097.0093 1088.8359 1086.4868 1089.2066 1094.7251 1100.2435 1105.762 1111.2804 1106.6896 1098.9959 1090.1192 1081.2424 1072.3656 1068.6535 1082.831 1082.9593 1081.6194 1080.2794 1078.9395
-9999 977.98112 959.84398 941.70683 924.83209 913.11623 901.40037 887.52056 871.14328 854.76599 845.48239 838.79786 832.11334 832.19809 845.83871 859.47933 869.82873 878.37041 886.91209 896.1764 907.10787 918.03933 928.9708 949.28709 970.00156 987.82102 997.88113 1007.9412 1032.483 1065.5688 1098.6547 1121.6778 1125.3034 1128.9289 1132.1266 1127.8586 1123.5906 1119.8992 1117.0328 1114.1664 1106.9832 1098.8098 1090.6364 1088.2873 1090.1253 1092.0685 1097.5869 1103.1054 1108.6238 1104.033 1097.6951 1090.4832 1081.6064 1072.7296 1069.0175 1083.195 1097.3726 1100.4456 1099.1056 1097.7657
-9999 997.26855 979.1314 964.15735 952.44149 940.72563 929.00977 915.12996 898.75267 882.37539 865.99811 853.84546 847.16094 847.24569 860.88631 874.52693 888.16755 899.9179 908.45957 917.72389 928.65535 941.87654 962.59101 983.30548 1004.0199 1021.8394 1031.8995 1041.9596 1052.0197 1070.7244 1103.8102 1126.8333 1130.4589 1131.6555 1127.3875 1123.1195 1118.8515 1115.1601 1112.2937 1109.4273 1106.5609 1100.6103 1092.4369 1090.0879 1091.9258 1093.7638 1095.6018 1100.4488 1105.9672 1101.3764 1095.0385 1088.7005 1081.9704 1073.0936 1069.3815 1083.559 1097.7366 1111.9141 1117.9318 1116.5919
-9999 1016.556 1003.4826 991.76674 980.05088 968.33502 956.61916 942.73935 926.36207 909.98478 893.6075 877.23022 862.20854 862.29329 875.93391 889.57453 903.21515 916.85577 930.00706 939.27138 955.18046 975.89493 996.6094 1017.3239 1038.0383 1055.8578 1065.9179 1075.978 1086.0381 1096.0982 1108.9657 1131.9889 1131.1844 1126.9164 1122.6484 1118.3804 1114.1124 1110.421 1107.5546 1104.6882 1101.8218 1098.9555 1094.2375 1091.8884 1093.7264 1095.5643 1097.4023 1099.2403 1103.3106 1098.7198 1092.3819 1086.0439 1079.7059 1073.368 1069.7455 1083.923 1098.1005 1112.2781 1126.4556 1135.4181
-9999 1036.4902 1024.7743 1013.0585 1001.3426 989.62673 977.91087 965.00251 948.53112 932.15383 915.77655 899.39926 883.02198 882.48947 898.91428 912.5549 926.19552 939.83614 953.47676 969.25641 989.97087 1010.6853 1031.3998 1052.1143 1072.8287 1078.36 1087.9021 1097.9622 1108.0223 1118.0824 1128.1425 1133.3086 1129.0406 1124.7726 1120.5045 1116.2365 1111.9685 1106.1007 1102.6788 1099.8124 1096.946 1094.0796 1091.2133 1088.2468 1090.0848 1091.9227 1093.7607 1095.5987 1097.4367 1099.5824 1093.2444 1086.9065 1080.5685 1074.2305 1069.4194 1080.3797 1094.5573 1108.7348 1122.9123 1137.0899
-9999 1047.3623 1035.6464 1023.9306 1012.2147 1001.7667 994.44964 981.69942 962.6786 945.35025 928.97296 912.59568 896.2184 895.68588 926.88344 948.6186 962.25922 975.89984 989.54046 1005.3201 1026.0346 1046.749 1067.4635 1086.6219 1083.6939 1083.6302 1091.2435 1100.0986 1110.1587 1120.2188 1130.2789 1135.445 1131.177 1126.909 1122.641 1118.8831 1117.5202 1111.9579 1100.3878 1094.7111 1091.8447 1088.9784 1086.112 1082.4486 1078.2124 1079.3056 1081.1435 1082.9815 1084.8195 1093.2119 1099.9111 1093.5731 1087.2352 1080.8972 1076.0861 1076.5636 1084.5698 1098.7473 1112.9249 1127.1024
-9999 1058.2344 1046.5185 1034.8027 1025.7806 1018.4636 1011.1466 998.39633 979.37551 960.35469 942.16938 925.79209 909.41481 908.8823 940.07986 971.27741 998.32291 1011.9635 1025.6041 1041.3838 1062.0983 1082.8127 1094.8202 1091.8921 1088.9641 1088.9004 1096.5136 1104.1269 1112.2951 1122.3552 1132.4153 1137.5814 1133.3134 1129.0454 1126.1032 1124.7403 1123.3774 1117.8151 1106.245 1094.6748 1086.7434 1083.8771 1081.0107 1077.3473 1073.1111 1068.8749 1068.5264 1070.3643 1072.2023 1080.5948 1090.12 1099.6453 1093.9019 1087.5639 1082.7527 1083.2303 1083.7079 1088.7598 1102.9374 1117.1149
-9999 1069.1065 1057.3906 1049.7946 1042.4775 1035.1605 1027.8435 1015.0932 996.07243 977.0516 958.03078 939.00996 922.61123 922.07871 953.27627 984.47383 1015.6714 1046.8689 1061.6678 1077.4475 1098.162 1103.0184 1100.0904 1097.1623 1094.2343 1094.1705 1101.7838 1109.3971 1117.0104 1124.6237 1134.5517 1139.7178 1135.4498 1133.3232 1131.9604 1130.5975 1129.2346 1123.6723 1112.1022 1100.532 1088.9618 1078.7758 1075.9094 1072.246 1068.0098 1063.7736 1059.5373 1057.7472 1059.5851 1067.9776 1077.5028 1087.0281 1096.5533 1094.2306 1089.4194 1089.897 1090.3745 1090.8521 1092.9499 1107.1274
-9999 1081.1255 1073.8085 1066.4915 1059.1744 1051.8574 1044.5404 1031.7902 1012.7693 993.74852 974.7277 955.70687 936.68605 935.27513 966.47269 997.67024 1028.8678 1060.0654 1091.2629 1113.5112 1111.2166 1108.2886 1105.3605 1102.4325 1099.5045 1099.4407 1107.054 1114.6673 1122.2806 1129.8939 1137.5072 1141.9062 1140.5433 1139.1804 1137.8176 1136.4547 1135.0918 1129.5295 1117.9594 1106.3892 1094.819 1083.2488 1071.6787 1067.1447 1062.9085 1058.6723 1054.436 1050.1998 1046.968 1055.3604 1064.8857 1074.4109 1083.9362 1093.4614 1096.0861 1096.5636 1097.0412 1097.5188 1097.9963 1098.4739
-9999 1088.8582 1081.5412 1074.2242 1066.9071 1059.5901 1057.2038 1050.2759 1031.2551 1012.2343 993.21345 974.19263 959.17421 958.97513 978.29406 1009.4916 1040.6892 1071.8867 1103.0843 1123.9628 1121.0347 1118.1067 1115.1787 1112.2506 1106.9026 1102.3786 1116.886 1124.4993 1132.1126 1139.7259 1147.3392 1151.8865 1150.5237 1149.1608 1147.798 1146.4351 1140.7762 1128.3518 1116.7816 1105.2114 1093.6412 1082.0711 1069.9085 1066.6333 1065.0504 1060.8141 1056.5779 1052.3416 1048.1054 1055.6028 1065.128 1074.6532 1084.1785 1095.5466 1113.8444 1114.322 1114.7995 1115.2771 1115.7546 1108.3674
-9999 1093.5591 1086.2421 1078.9251 1071.608 1072.7445 1076.2946 1069.3667 1050.3459 1031.325 1012.3042 1001.3082 994.69581 994.49673 1007.1408 1020.8479 1052.0455 1083.2431 1114.4406 1135.3191 1132.3911 1129.463 1126.535 1118.1993 1105.3938 1100.8698 1118.5425 1135.8742 1143.4875 1151.1008 1158.7141 1163.2614 1161.8986 1160.5357 1159.1728 1150.2407 1137.2192 1124.7947 1113.2245 1101.6543 1090.0842 1077.628 1064.9243 1061.649 1065.1518 1065.4057 1061.1695 1056.9332 1052.697 1060.1943 1069.7196 1079.2448 1093.614 1117.0563 1135.3541 1135.8316 1136.3092 1136.7867 1126.0333 1110.8999
-9999 1098.26 1090.943 1084.7352 1088.2852 1091.8353 1095.3854 1088.4574 1069.4366 1050.4158 1043.4423 1036.8298 1030.2174 1030.0183 1042.6624 1055.3064 1067.9505 1094.5994 1125.7969 1146.6754 1143.7474 1140.8194 1129.4961 1116.6905 1103.885 1099.361 1117.0337 1134.7065 1152.3792 1162.4757 1170.089 1174.6363 1173.2735 1171.9106 1159.7052 1146.6837 1133.6621 1121.2376 1109.6674 1098.0511 1085.3474 1072.6437 1059.94 1056.6648 1060.1676 1063.6704 1065.7611 1061.5248 1057.2886 1064.7859 1074.3112 1091.6813 1115.1236 1138.566 1156.8637 1157.3413 1157.8189 1143.6992 1128.5658 1113.4324
-9999 1102.9609 1100.2759 1103.826 1107.376 1110.9261 1114.4761 1107.5482 1092.1887 1085.5763 1078.9639 1072.3514 1065.739 1065.5399 1078.184 1090.828 1103.4721 1116.1161 1137.1533 1158.0317 1153.5984 1140.7928 1127.9873 1115.1817 1102.3762 1097.8522 1115.5249 1133.1977 1150.8704 1168.5431 1181.4639 1186.0112 1182.1913 1169.1697 1156.1482 1143.1266 1130.105 1117.6805 1105.7706 1093.0669 1080.3632 1067.6595 1054.9558 1051.6806 1055.1834 1058.6862 1062.189 1065.6918 1061.8802 1069.3775 1089.7486 1113.191 1136.6333 1160.0756 1178.3734 1176.4984 1161.365 1146.2317 1131.0983 1115.9649
-9999 1116.0324 1119.5825 1123.1325 1126.6826 1130.2326 1133.7827 1130.6923 1124.0799 1117.4674 1110.855 1104.2426 1097.6301 1095.607 1108.251 1120.8951 1133.5391 1146.1832 1158.8272 1163.7757 1150.9701 1138.1646 1125.359 1112.5535 1099.7479 1094.9538 1112.6265 1130.2993 1147.972 1165.6447 1183.3174 1190.506 1177.4844 1164.4628 1151.4412 1138.4197 1125.3981 1116.3258 1103.6221 1090.9184 1078.2147 1065.511 1052.8073 1049.0449 1052.5477 1056.0505 1059.5533 1063.0561 1066.5589 1085.5241 1108.9664 1132.4087 1155.8511 1179.2934 1195.37 1180.2366 1165.1032 1149.9699 1134.8365 1119.7031
-9999 1136.9665 1140.5165 1144.0666 1147.6166 1151.1667 1131.081 1122.1758 1128.5898 1121.9774 1115.365 1108.7525 1102.1401 1097.8701 1098.291 1109.8235 1122.4675 1135.1116 1147.7556 1152.7041 1139.8985 1127.093 1114.2874 1101.4819 1097.6401 1098.4392 1101.1683 1116.9203 1134.593 1152.2657 1169.9385 1177.127 1164.1054 1151.0839 1138.0623 1125.0407 1107.1766 1104.1613 1122.8614 1110.1577 1097.454 1084.7503 1072.0466 1066.7719 1067.6249 1071.1277 1074.6305 1078.1333 1081.6361 1092.7197 1110.8984 1134.3407 1157.7831 1181.2254 1198.0782 1192.1059 1177.9347 1162.8014 1147.668 1132.5346
-9999 1157.9005 1161.4506 1165.0006 1163.1613 1140.7933 1118.4253 1109.5202 1116.1528 1122.7855 1119.8749 1113.2625 1106.6501 1102.3801 1102.8009 1103.2218 1111.396 1124.04 1136.684 1141.6325 1128.827 1116.0214 1103.2159 1102.9141 1102.9931 1103.7921 1106.5212 1109.2503 1121.214 1138.8868 1156.5595 1163.748 1150.7265 1137.7049 1124.2945 1105.3068 1086.3191 1083.3038 1103.1393 1122.9748 1116.6932 1103.9895 1091.2858 1086.0111 1086.0771 1086.2049 1089.7077 1093.2105 1096.7133 1107.7969 1120.1907 1136.2727 1159.7151 1183.1574 1200.0102 1194.0379 1188.0656 1175.6329 1160.4995 1145.3661
-9999 1178.8346 1182.3847 1172.8736 1150.5057 1128.1377 1105.7697 1096.8645 1103.4972 1110.1299 1116.7625 1117.7725 1111.16 1106.89 1107.3109 1107.7317 1108.1526 1112.9684 1125.6125 1130.5609 1117.7554 1108.1092 1108.1882 1108.2671 1108.346 1109.145 1111.8742 1114.6033 1117.3324 1125.5078 1143.1805 1150.3691 1137.3475 1122.4246 1103.4369 1084.4492 1065.4615 1062.4462 1082.2817 1102.1173 1121.9528 1123.2287 1110.525 1105.2504 1105.3164 1105.3823 1105.4483 1108.2877 1111.7905 1122.8741 1135.2679 1147.6617 1161.6471 1185.0894 1201.9422 1195.9699 1189.9976 1184.0252 1173.331 1158.1976
-9999 1199.7687 1182.586 1160.218 1137.85 1115.482 1093.1141 1084.2089 1090.8416 1097.4742 1104.1069 1110.7395 1115.67 1111.4 1111.8209 1112.2417 1112.6626 1113.0834 1114.5409 1119.4894 1113.3832 1113.4622 1113.5411 1113.62 1113.699 1114.498 1117.2271 1119.9562 1122.6853 1125.4144 1129.8015 1136.9901 1120.5548 1101.5671 1082.5794 1063.5917 1044.604 1041.5887 1061.4242 1081.2597 1101.0952 1120.9308 1129.7643 1124.4896 1124.5556 1124.6216 1124.6876 1124.7535 1126.8677 1137.9513 1150.3451 1162.7389 1175.1327 1187.5265 1203.8742 1197.9019 1191.9296 1185.9572 1179.9849 1171.0292
-9999 1191.9114 1169.5434 1147.1754 1124.8075 1102.4395 1080.0715 1083.7485 1090.3811 1097.0138 1103.6465 1110.2791 1116.9118 1119.0451 1118.7336 1119.1545 1119.5753 1119.9962 1120.417 1120.7345 1120.8134 1120.8923 1120.9713 1121.0502 1121.1291 1110.0818 1110.7195 1113.4487 1116.1778 1118.9069 1121.636 1116.9473 1097.9596 1078.9719 1059.9842 1040.9965 1022.0088 1037.6261 1057.4616 1077.2972 1097.1327 1116.9682 1135.3999 1136.5825 1136.6485 1136.7144 1136.7804 1136.8464 1136.9124 1147.4896 1159.8834 1172.2772 1184.671 1197.0648 1200.4682 1194.4958 1188.5235 1182.5512 1176.5788 1171.0313
-9999 1178.2539 1155.886 1133.518 1111.15 1096.9796 1098.6794 1102.6692 1109.3018 1115.9345 1122.5671 1128.7655 1133.3241 1135.1584 1131.5369 1129.8858 1130.3066 1130.7275 1131.1483 1131.4658 1131.5447 1131.6237 1131.7026 1129.6327 1111.3982 1096.4306 1090.2189 1088.092 1090.8211 1093.5502 1096.2793 1091.5907 1072.603 1053.6152 1034.6275 1023.9778 1041.8397 1060.5136 1080.3492 1100.1847 1120.0202 1133.3411 1135.3708 1136.6097 1137.2804 1137.4501 1137.516 1137.582 1137.648 1148.2252 1160.619 1173.0128 1185.4066 1188.1831 1188.5787 1182.6063 1176.634 1170.6617 1166.4826 1166.15
-9999 1164.5965 1142.2285 1119.8605 1114.2004 1115.9002 1117.6001 1121.5899 1128.2225 1134.8552 1140.3201 1144.8788 1149.4375 1151.2717 1147.6502 1144.0288 1141.038 1141.4588 1141.8797 1142.1971 1142.2761 1142.355 1134.2159 1115.9814 1097.7469 1082.7793 1076.5677 1070.356 1065.4644 1068.1935 1070.9227 1066.234 1047.2463 1028.2586 1029.0034 1046.8653 1064.7273 1083.4012 1103.2367 1123.0722 1131.2824 1133.312 1135.3416 1136.5806 1137.2512 1137.9218 1138.2517 1138.3176 1138.3836 1148.9608 1161.3546 1171.8257 1174.0597 1176.2936 1176.6892 1170.7168 1164.7445 1161.9339 1161.6013 1161.2688
-9999 1150.939 1129.7214 1131.4212 1133.1211 1134.8209 1136.5208 1140.5105 1147.1432 1151.8748 1156.4335 1160.9921 1165.5508 1167.3851 1163.7636 1160.1421 1156.5206 1152.8991 1152.611 1152.9285 1153.0074 1138.7991 1120.5646 1102.3301 1084.0956 1069.128 1062.9164 1056.7047 1050.4931 1044.2815 1045.566 1040.8773 1021.8896 1034.029 1051.8909 1069.7529 1087.6148 1106.2887 1126.1242 1129.2236 1131.2532 1133.2828 1135.3125 1136.5515 1137.2221 1137.8927 1138.5633 1139.0533 1139.1192 1149.6964 1157.7023 1159.9362 1162.1702 1164.4041 1164.7997 1158.8273 1157.3852 1157.0526 1156.7201 1156.3875
-9999 1146.9423 1148.6421 1150.3419 1152.0418 1153.7416 1155.4414 1158.8708 1163.4295 1167.9881 1172.5468 1177.1055 1181.6641 1183.4984 1179.8769 1176.2554 1172.6339 1169.0124 1165.3909 1161.6168 1143.3823 1125.1478 1106.9133 1088.6789 1070.4444 1055.4768 1049.2651 1043.0535 1036.8418 1030.6302 1024.4185 1021.1927 1039.0546 1056.9165 1074.7785 1092.6404 1110.5023 1125.1352 1127.1648 1129.1944 1131.2241 1133.2537 1135.2833 1136.5223 1137.1929 1137.8635 1138.5341 1139.2047 1139.8548 1143.5788 1145.8128 1148.0467 1150.2806 1152.5146 1153.1691 1152.8365 1152.5039 1152.1714 1151.8388 1151.5062
-9999 1147.6074 1149.3072 1151.0071 1152.7069 1154.4068 1159.3476 1165.2755 1169.8341 1174.3928 1178.9515 1183.5101 1184.0683 1183.5627 1187.8576 1184.2361 1180.6146 1176.9931 1173.3716 1165.3314 1147.0969 1128.8624 1110.6279 1092.3935 1081.317 1078.5747 1068.6342 1062.4225 1056.2109 1049.9992 1043.7876 1045.7987 1063.6606 1081.5226 1099.3845 1117.2464 1128.5473 1132.3027 1134.3323 1136.362 1138.3916 1140.4212 1138.3341 1137.9308 1139.3945 1140.0652 1140.7358 1141.4064 1142.077 1144.0805 1146.3145 1148.5484 1150.7824 1151.5797 1149.0385 1148.7059 1148.3733 1148.0407 1147.7082 1158.6139
