P2_models/J1_p2__temp2_slide_200.dat.tif
NCOLS 118
NROWS 92
XLLCORNER 139.62
YLLCORNER -39.07
DX 0.099491525
DY 0.099347826
NODATA_VALUE -9999
[rows 27 to 53 of 92, columns 0 to 59 of 118]
-9999 1174.2083 1156.2114 1137.4348 1114.0144 1090.5941 1067.1738 1051.7868 1045.6712 1039.5555 1033.4399 1041.0015 1052.3165 1064.9354 1080.1655 1095.3957 1110.6259 1121.0365 1129.5148 1138.2569 1147.6074 1156.958 1167.3814 1177.9361 1188.4909 1199.4498 1211.4919 1223.5341 1235.5763 1242.9576 1248.461 1251.8693 1251.239 1250.6086 1263.144 1276.082 1289.0199 1296.609 1296.5459 1296.4828 1296.4196 1296.9716 1297.5822 1292.9488 1284.5454 1276.1421 1268.4554 1265.0465 1261.6376 1247.7242 1231.9953 1216.2664 1211.3735 1218.4722 1226.256 1236.413 1246.5701 1256.7271 1257.0084 1255.4929
-9999 1190.7102 1170.3282 1146.9079 1123.4876 1100.0673 1076.647 1061.2599 1055.1443 1049.0287 1042.913 1036.7974 1039.1996 1051.8185 1067.0487 1082.2788 1097.509 1112.7392 1125.0049 1133.7469 1143.297 1153.8517 1164.4065 1174.9612 1185.5159 1196.4748 1208.517 1220.5592 1232.6014 1244.6436 1253.6825 1257.0908 1259.4975 1272.4355 1285.3734 1298.3113 1311.2493 1318.8384 1318.7753 1318.7122 1318.649 1318.5859 1318.9813 1314.3479 1305.9445 1297.5412 1289.1378 1280.7344 1276.9883 1263.0749 1247.346 1231.6171 1215.8882 1206.6633 1214.4472 1224.6042 1234.7612 1244.9182 1255.0752 1257.5716
-9999 1202.5144 1179.0941 1155.6738 1132.2535 1108.8332 1085.4129 1072.6446 1066.529 1060.4134 1054.2978 1048.1821 1042.0665 1042.3323 1057.5625 1072.7926 1088.0228 1103.253 1118.4831 1132.2995 1142.8542 1153.409 1163.9637 1174.5184 1185.0731 1195.7229 1207.7651 1219.8073 1231.8495 1243.8917 1255.9339 1268.282 1281.22 1294.1579 1307.0958 1320.0338 1332.9717 1335.5191 1335.456 1335.3928 1335.3297 1335.2666 1335.2035 1332.6738 1324.2704 1315.8671 1307.4637 1299.0603 1290.6569 1277.889 1262.1601 1246.4312 1230.7023 1214.9734 1203.8056 1213.9627 1224.1197 1234.2767 1244.4337 1254.5907
-9999 1205.458 1182.0377 1158.6174 1135.1971 1111.7768 1108.3994 1103.2652 1093.6505 1087.5349 1081.4193 1075.3037 1069.188 1068.4262 1078.3856 1093.1953 1108.4255 1123.6556 1138.8858 1152.7022 1163.2569 1173.8116 1184.3663 1194.9211 1198.4924 1204.2221 1224.3622 1237.3564 1249.3985 1261.4407 1273.4829 1285.8311 1298.769 1311.707 1324.6449 1337.5828 1345.4092 1336.3718 1306.4578 1306.3947 1306.3316 1306.2684 1306.2053 1311.8706 1317.2966 1308.8933 1300.4899 1292.0865 1283.6832 1281.4823 1272.557 1256.8281 1241.0992 1225.3703 1213.2885 1213.84 1223.0882 1233.2452 1243.4022 1253.5592
-9999 1208.4017 1184.9814 1161.5611 1142.5161 1141.3509 1140.1857 1135.0515 1125.3365 1115.6216 1108.5408 1102.4252 1096.3096 1095.5477 1105.5072 1115.4666 1128.8281 1144.0583 1159.2884 1173.1048 1183.6596 1194.2143 1204.769 1205.5374 1205.8906 1211.6203 1231.7604 1251.9006 1266.9476 1278.9898 1291.032 1303.3801 1316.3181 1329.256 1341.8479 1348.4019 1354.9559 1345.9185 1314.5756 1283.2327 1277.3334 1277.2703 1277.2072 1282.8724 1292.6558 1301.9195 1293.5161 1285.1127 1276.7094 1274.5085 1273.3796 1267.225 1251.4961 1235.7672 1223.6854 1224.2369 1224.7883 1232.2137 1242.3707 1252.5277
-9999 1211.3453 1187.925 1175.4675 1174.3023 1173.1371 1171.9719 1166.8377 1157.1228 1147.4078 1137.6929 1129.5467 1123.4311 1122.6693 1132.6287 1142.5881 1152.5476 1164.4609 1179.6911 1193.5075 1204.0622 1212.2293 1212.5825 1212.9356 1213.2888 1219.0186 1239.1587 1259.2988 1279.4389 1296.5388 1308.581 1320.9292 1333.8671 1344.8407 1351.3946 1357.9486 1364.5026 1355.4652 1324.1223 1292.7794 1261.4365 1248.2721 1248.209 1253.8743 1263.6576 1273.4409 1283.2243 1278.1389 1269.7356 1267.5347 1266.4059 1265.277 1261.8929 1246.164 1234.0822 1234.6337 1235.1852 1235.7366 1241.3391 1251.4962
-9999 1214.289 1208.4189 1207.2537 1206.0885 1204.9233 1203.7581 1198.6239 1188.909 1179.1941 1169.4791 1159.7642 1150.5526 1149.7908 1159.7502 1169.7097 1179.6691 1189.6285 1200.0938 1213.9102 1219.2743 1219.6275 1219.9807 1220.3339 1220.6871 1226.4168 1246.5569 1266.697 1286.8372 1306.9773 1326.1301 1338.4782 1347.8334 1354.3874 1360.9413 1367.4953 1374.0492 1365.0119 1333.669 1302.3261 1270.9831 1239.6402 1219.2109 1224.8761 1234.6595 1244.4428 1254.2261 1264.0095 1262.7618 1260.5609 1259.4321 1258.3032 1257.1743 1256.0454 1244.4791 1245.0306 1245.582 1246.1335 1246.685 1250.4646
-9999 1238.7332 1237.568 1236.4028 1235.2376 1234.0725 1232.9073 1221.3099 1211.8052 1202.0903 1192.3754 1182.6604 1172.9455 1163.9137 1171.0784 1181.0378 1190.9973 1200.9567 1210.9161 1217.9708 1218.324 1218.6772 1219.0304 1219.3835 1219.7367 1234.1764 1255.0584 1275.1985 1295.3386 1315.4787 1335.6188 1351.1184 1357.6723 1364.2263 1370.7803 1377.3342 1383.8882 1379.481 1350.2331 1318.8902 1287.5473 1256.2044 1224.8615 1213.3868 1223.1702 1232.9535 1242.7368 1252.5202 1262.3035 1260.0565 1258.9277 1257.7988 1256.6699 1255.541 1254.616 1254.9866 1255.5381 1256.0895 1256.641 1257.1925
-9999 1263.533 1262.3678 1261.2026 1260.0375 1253.5641 1233.9819 1221.7224 1217.9143 1210.3245 1200.6096 1190.8946 1181.1797 1172.1479 1164.484 1166.3184 1176.2778 1186.2372 1196.1967 1203.2513 1203.6045 1203.9577 1204.3109 1205.7026 1221.8359 1240.0099 1263.6538 1285.5194 1305.6596 1325.7997 1345.9398 1361.4393 1367.9933 1374.5472 1381.1012 1384.4318 1372.6301 1366.2928 1367.7732 1347.0281 1315.6852 1284.3423 1252.9994 1240.528 1241.6231 1250.3411 1260.1244 1269.9077 1279.6911 1275.1046 1269.0931 1267.9642 1266.8354 1265.7065 1264.7815 1264.5626 1264.767 1265.3185 1265.87 1266.4214
-9999 1288.3328 1287.1676 1286.0025 1273.5588 1253.9766 1234.3944 1222.1349 1218.3268 1214.5188 1208.8438 1199.1288 1189.4139 1180.3821 1172.7182 1165.0544 1161.5583 1171.5178 1181.4772 1188.5318 1188.885 1189.2382 1195.4029 1211.5361 1227.6693 1245.8433 1269.4872 1293.1311 1315.9805 1336.1206 1356.2607 1371.7603 1378.3142 1384.8682 1383.0453 1371.2436 1359.4419 1353.1046 1354.5849 1356.0653 1343.8231 1312.4802 1281.1373 1268.6659 1269.761 1270.8561 1277.512 1287.2953 1297.0787 1292.4922 1285.4223 1278.3524 1277.0008 1275.8719 1274.9469 1274.728 1274.5092 1274.5475 1275.099 1275.6504
-9999 1313.1326 1311.9675 1293.5535 1273.9713 1254.3891 1234.8069 1222.5474 1218.7394 1214.9313 1211.1232 1207.3151 1197.6481 1188.6163 1180.9525 1173.2886 1165.6248 1157.961 1166.7577 1173.8124 1174.1656 1185.1031 1201.2363 1217.3695 1233.5028 1251.6768 1275.3207 1298.9646 1322.6085 1346.2524 1366.5817 1382.0812 1388.6352 1381.6588 1369.8571 1358.0554 1346.2537 1339.9164 1341.3967 1342.8771 1344.3575 1340.6181 1309.2752 1296.8038 1297.8989 1298.994 1300.0891 1304.6829 1314.4663 1309.8798 1302.8099 1295.7399 1288.67 1286.0374 1285.1124 1284.8935 1284.6746 1284.4557 1284.3279 1284.8794
-9999 1333.1305 1313.5483 1293.9661 1274.3838 1254.8016 1235.2194 1222.9599 1219.1519 1215.3438 1211.5357 1207.7276 1203.9195 1196.8505 1189.1867 1181.5228 1173.859 1166.1952 1158.5313 1159.0929 1174.8033 1190.9366 1207.0698 1223.203 1239.3362 1257.5102 1281.1541 1304.798 1328.4419 1352.0859 1375.7298 1392.074 1380.2723 1368.4706 1356.6689 1344.8672 1333.0655 1326.7282 1328.2085 1329.6889 1331.1693 1332.6496 1334.13 1324.9417 1326.0368 1327.1319 1328.227 1329.3221 1331.8539 1327.2674 1320.1975 1313.1275 1306.0576 1298.9877 1295.2778 1295.0589 1294.84 1294.6212 1294.4023 1294.1834
-9999 1327.0254 1307.4432 1287.861 1268.2788 1248.6966 1238.2716 1236.8252 1233.0171 1229.2091 1225.401 1221.5929 1214.0419 1207.3925 1211.6128 1203.949 1196.2851 1188.6213 1180.9575 1180.4895 1196.6227 1212.7559 1228.8892 1245.0224 1259.0085 1266.3925 1278.9184 1302.5623 1326.2062 1349.8501 1373.4941 1385.0309 1373.2292 1361.4275 1349.6257 1337.824 1325.9257 1319.4342 1320.9146 1322.395 1323.8753 1325.3557 1329.0973 1331.5167 1332.2309 1333.326 1334.4211 1335.5162 1336.6113 1330.7445 1323.6746 1316.6047 1309.5347 1305.4447 1317.3715 1317.1527 1316.9338 1316.7149 1316.496 1314.6463
-9999 1318.7161 1299.1339 1279.5516 1259.9694 1256.0869 1256.6868 1255.2404 1251.4323 1247.6243 1243.8162 1232.5035 1217.0914 1210.442 1221.3403 1231.175 1223.5112 1215.8474 1208.1835 1207.7156 1223.8488 1239.982 1256.1152 1267.4508 1274.8208 1282.2048 1289.6262 1297.5975 1321.2414 1344.8854 1368.5293 1380.0661 1368.2644 1356.4627 1344.6609 1332.6891 1320.6253 1314.1338 1315.6142 1317.0945 1318.5749 1323.4374 1329.2446 1331.664 1331.648 1332.0984 1333.1935 1334.2886 1335.3837 1329.517 1322.447 1315.3771 1316.1394 1331.5727 1343.4996 1343.2807 1343.0618 1342.8429 1340.2952 1336.8393
-9999 1310.4067 1290.8245 1273.3024 1273.9023 1274.5021 1275.102 1273.6556 1269.8475 1266.0395 1250.9651 1235.553 1220.141 1213.4916 1224.3899 1235.2882 1246.1865 1243.0734 1235.4096 1234.9416 1251.0748 1267.2081 1275.8931 1283.2631 1290.6331 1298.0171 1305.4385 1312.8599 1320.2813 1339.9206 1363.5645 1375.1013 1363.2996 1351.4979 1339.4524 1327.3887 1315.3249 1308.8334 1310.3137 1311.9703 1317.7775 1323.5847 1329.3919 1331.8113 1331.7953 1331.7792 1331.9659 1333.061 1334.1561 1328.2894 1321.2194 1326.8342 1342.2675 1357.7008 1369.6276 1369.4087 1369.1899 1365.9441 1362.4882 1359.0323
-9999 1302.0973 1291.1177 1291.7176 1292.3175 1292.9173 1293.5172 1292.0708 1284.8387 1269.4267 1254.0146 1238.6026 1223.1905 1216.5411 1227.4394 1238.3377 1249.236 1260.1343 1262.6356 1262.1677 1276.9654 1284.3354 1291.7054 1299.0754 1306.4454 1313.8294 1321.2508 1328.6722 1336.0935 1343.5149 1358.5997 1370.1365 1358.2796 1346.2158 1334.152 1322.0882 1310.0245 1303.533 1306.3103 1312.1176 1317.9248 1323.732 1329.5392 1331.9586 1331.9425 1331.9265 1331.9104 1331.8944 1332.9285 1327.0618 1337.529 1352.9623 1368.3955 1383.8288 1395.7557 1395.049 1391.5931 1388.1372 1384.6812 1381.2253
-9999 1305.0823 1305.6822 1306.2821 1306.882 1307.4818 1308.0817 1302.6951 1287.283 1271.871 1256.4589 1241.0469 1225.6348 1218.0017 1228.9 1239.7983 1250.6966 1261.5949 1272.4932 1282.3246 1289.6946 1297.0646 1304.4346 1311.8046 1319.1746 1324.7657 1332.1871 1339.6085 1347.0299 1354.4513 1361.8727 1362.6386 1350.5748 1338.511 1326.4473 1314.3835 1302.3197 1298.9515 1304.7587 1310.5659 1316.3732 1322.1804 1327.9876 1332.2243 1332.2082 1332.1921 1332.1761 1332.16 1332.144 1344.9349 1360.3682 1375.8014 1391.2347 1406.668 1416.5292 1413.0732 1409.6173 1406.1614 1402.7055 1399.2496
-9999 1290.6046 1291.2045 1291.8043 1292.4042 1293.0041 1293.6748 1291.2734 1285.1625 1269.7504 1254.3384 1238.9263 1223.5143 1214.6694 1218.9757 1229.2746 1240.1729 1251.0712 1261.9695 1271.8009 1279.1709 1286.5409 1293.9109 1301.2809 1319.778 1331.0707 1310.0095 1313.77 1321.1914 1328.6128 1336.0342 1336.8001 1324.7363 1312.6726 1300.6088 1288.545 1282.2282 1282.5517 1290.3939 1296.2011 1302.0083 1307.8155 1313.6227 1323.4995 1333.3666 1333.3505 1333.3344 1333.3184 1333.3023 1344.2201 1358.4023 1373.8356 1389.2689 1404.7021 1413.7478 1400.6675 1396.2007 1392.7448 1389.2889 1385.833
-9999 1276.1268 1276.7267 1277.3266 1277.9426 1278.6202 1279.2977 1276.8963 1270.9415 1264.9867 1252.2178 1236.8058 1221.3937 1212.5489 1216.8552 1221.1615 1229.6492 1240.5475 1251.4458 1261.2772 1268.6472 1276.0172 1283.3872 1306.2786 1329.6426 1340.9353 1319.8741 1298.8129 1295.3529 1302.7743 1310.1957 1310.9616 1298.8979 1286.8341 1275.2318 1270.2484 1265.2651 1265.5886 1273.5043 1281.4201 1287.6435 1293.4507 1299.2579 1309.1346 1321.9369 1334.5089 1334.4928 1334.4767 1334.4607 1345.3784 1358.1858 1371.8698 1387.3031 1402.7363 1411.782 1398.7017 1385.6214 1379.3282 1375.8723 1372.4164
-9999 1261.6491 1262.249 1262.888 1263.5655 1264.2431 1264.9206 1262.5192 1256.5644 1250.6096 1244.6548 1234.6852 1219.2732 1210.4283 1214.7347 1219.041 1223.3473 1230.0238 1240.9221 1250.7535 1258.1235 1269.4154 1292.7793 1316.1433 1339.5072 1350.7999 1329.7387 1308.6775 1287.6164 1276.9359 1284.3573 1285.1232 1273.0594 1263.252 1258.2686 1253.2853 1248.302 1248.6255 1256.5412 1264.457 1272.3727 1279.0858 1284.893 1294.7698 1307.5721 1320.3744 1333.1767 1335.6351 1335.619 1346.5368 1359.3442 1372.1516 1385.3372 1400.7705 1409.8162 1396.7359 1383.6556 1370.5753 1362.4557 1358.9998
-9999 1247.1714 1247.8334 1248.5109 1249.1884 1249.8659 1250.5435 1248.1421 1242.1873 1236.2325 1230.2777 1224.3228 1217.1526 1208.3078 1212.6141 1216.9204 1221.2268 1225.5331 1230.3985 1240.2299 1255.9161 1279.28 1302.6439 1326.0079 1349.3718 1360.6645 1339.6033 1318.5421 1297.481 1276.4198 1258.5188 1259.2847 1251.2722 1246.2889 1241.3055 1236.3222 1231.3388 1231.6624 1239.5781 1247.4939 1255.4096 1263.3254 1270.5282 1280.4049 1293.2072 1306.0095 1318.8118 1331.6141 1336.7774 1347.6951 1360.5025 1373.3099 1386.1173 1398.9247 1407.8503 1394.77 1381.6898 1368.6095 1355.5292 1345.5832
-9999 1242.4475 1243.125 1243.8026 1244.4801 1245.1576 1245.8351 1242.6169 1236.6621 1230.7073 1224.7525 1218.7976 1212.8428 1217.0322 1222.7266 1227.0329 1231.3392 1235.6455 1239.9519 1250.0209 1273.3848 1296.7488 1320.1127 1343.4766 1366.8405 1361.1642 1343.9932 1322.932 1301.8708 1280.8096 1259.7485 1244.179 1239.1956 1234.2123 1229.2289 1224.2456 1219.2622 1231.5363 1239.452 1247.3678 1255.2835 1263.1993 1271.0843 1263.999 1276.8013 1289.6036 1302.4059 1315.2082 1328.0105 1340.8171 1353.6245 1366.4319 1379.2393 1392.0467 1399.7047 1386.6244 1373.5441 1360.4638 1347.3835 1335.1172
-9999 1253.1051 1253.7826 1254.4601 1255.1377 1255.283 1254.398 1251.1595 1245.2047 1239.2499 1233.2951 1229.0127 1231.044 1236.3847 1248.3529 1256.5864 1260.8928 1265.1991 1269.5054 1279.5745 1302.9384 1326.3023 1349.6662 1368.1269 1349.7027 1335.0808 1330.6499 1318.6212 1297.56 1276.4988 1255.4377 1239.8681 1234.8848 1229.9015 1224.9181 1225.2825 1243.9337 1258.1681 1266.0838 1273.9996 1281.9153 1289.6884 1297.2141 1286.7529 1263.3612 1269.9539 1282.7562 1295.5585 1308.3608 1321.1674 1333.9748 1346.7823 1359.5897 1373.6789 1381.7377 1368.6574 1355.5771 1342.4968 1332.8526 1330.5786
-9999 1263.7627 1264.4402 1265.1177 1264.7106 1263.8256 1262.9406 1259.7021 1253.7473 1247.7925 1246.334 1248.3652 1250.3965 1255.7372 1267.7054 1279.6736 1290.4463 1294.7526 1299.059 1309.128 1332.4919 1355.8559 1360.4676 1342.0434 1323.6193 1308.9973 1304.5664 1300.1355 1293.2492 1272.188 1251.1268 1235.5573 1230.574 1225.5906 1233.2633 1251.9144 1270.5655 1284.7999 1292.7157 1300.6314 1308.2925 1315.8182 1323.3439 1312.8827 1289.491 1266.0993 1263.1065 1275.9088 1288.7111 1301.5178 1314.3252 1327.3888 1341.5504 1355.7119 1363.7708 1350.6905 1337.6102 1330.5881 1328.314 1326.0399
-9999 1274.4203 1275.0231 1274.1381 1273.2532 1272.3682 1271.4832 1268.2447 1262.2899 1263.6552 1265.6865 1267.7178 1269.749 1275.0898 1287.0579 1299.0261 1310.9943 1322.9624 1328.6125 1338.6816 1362.0455 1352.8083 1334.3842 1315.96 1297.5358 1282.9139 1278.483 1274.0521 1269.6212 1265.1902 1246.816 1231.2465 1226.2632 1241.244 1259.8951 1278.5462 1297.1973 1311.4318 1319.3475 1326.8966 1334.4223 1341.948 1349.4737 1339.0125 1315.6208 1292.2291 1268.8375 1256.2592 1269.0614 1281.8681 1295.2603 1309.4219 1323.5834 1337.745 1345.8038 1332.7235 1328.3235 1326.0494 1323.7753 1321.5013
-9999 1284.4507 1283.5657 1282.6807 1281.7957 1280.9108 1280.0258 1278.9452 1280.9765 1283.0078 1285.039 1287.0703 1289.1015 1294.4423 1306.4104 1318.3786 1330.3468 1342.3149 1354.2831 1363.5732 1345.1491 1326.7249 1308.3007 1289.8766 1271.4524 1256.8305 1252.3996 1247.9686 1243.5377 1239.1068 1234.6759 1230.5736 1249.2247 1267.8758 1286.5269 1305.1781 1323.8292 1337.9751 1345.5008 1353.0264 1360.5521 1368.0778 1375.6035 1365.1423 1341.7506 1318.3589 1294.9673 1271.5756 1249.4118 1263.1318 1277.2934 1291.455 1305.6165 1319.7781 1328.3331 1326.059 1323.7849 1321.5108 1319.2367 1316.9626
-9999 1304.7368 1303.8519 1302.9669 1302.0819 1301.1969 1291.3175 1283.736 1285.7673 1287.7986 1289.8298 1291.8611 1304.3039 1315.2948 1305.6281 1317.5963 1329.5644 1341.5326 1353.5008 1356.2787 1337.8546 1319.4304 1301.0062 1282.5821 1267.8646 1261.1398 1259.5369 1255.106 1250.6751 1246.2442 1241.8132 1245.2664 1263.9175 1282.5686 1301.2198 1319.8709 1337.2955 1349.9502 1357.4759 1365.0015 1372.5272 1380.0529 1374.2048 1371.7849 1361.9657 1338.574 1315.1824 1291.7907 1268.399 1277.0267 1291.1883 1305.3498 1319.5114 1330.0622 1329.9857 1327.7116 1325.4375 1323.1634 1320.8893 1319.7853
