P2_models/J1_p2_vp_slide_diff2_5.dat.tif
NCOLS 118
NROWS 92
XLLCORNER 139.62
YLLCORNER -39.07
DX 0.099491525
DY 0.099347826
NODATA_VALUE -9999
[rows 0 to 24 of 92, columns 0 to 56 of 118]
-9999 -9999 -9999 -9999 -9999 -9999 -9999 -9999 -9999 -9999 -9999 -9999 -9999 -9999 -9999 -9999 -9999 -9999 -9999 -9999 -9999 -9999 -9999 -9999 -9999 -9999 -9999 -9999 -9999 -9999 -9999 -9999 -9999 -9999 -9999 -9999 -9999 -9999 -9999 -9999 -9999 -9999 -9999 -9999 -9999 -9999 -9999 -9999 -9999 -9999 -9999 -9999 -9999 -9999 -9999 -9999 -9999
-9999 -0.041755066 -0.051541118 -0.061327169 -0.071113221 -0.080899273 -0.090685324 -0.10047138 -0.11348814 -0.12881962 -0.14415111 -0.15948259 -0.17481407 -0.18752458 -0.1912012 -0.19053792 -0.18987464 -0.18921137 -0.18854809 -0.18628029 -0.1803108 -0.17434131 -0.16837182 -0.16240233 -0.15700865 -0.15279359 -0.14061552 -0.12628199 -0.11194847 -0.097614942 -0.083281417 -0.068717499 -0.053709455 -0.038701411 -0.023693368 -0.0086853239 0.0048973693 0.017753217 0.035446632 0.053286492 0.071126351 0.088966211 0.10680607 0.12574193 0.14401042 0.16181416 0.17961791 0.19742166 0.2152254 0.22326076 0.23534187 0.24742299 0.2595041 0.27158522 0.2781341 0.26691969 0.25768119
-9999 -0.022092475 -0.031878527 -0.041664579 -0.05145063 -0.061236682 -0.071022734 -0.080808785 -0.090594837 -0.1021199 -0.11745138 -0.13278286 -0.14811434 -0.16082485 -0.16828671 -0.17397995 -0.17331667 -0.17265339 -0.17199012 -0.16972232 -0.16375283 -0.15778334 -0.15181385 -0.14744906 -0.14562504 -0.14140998 -0.13078631 -0.11945183 -0.1051183 -0.090784779 -0.076451254 -0.061887336 -0.046879292 -0.031871248 -0.016863205 -0.0045075492 0.0051043439 0.017960192 0.035456977 0.053079517 0.070919377 0.088759237 0.1065991 0.12553496 0.14525871 0.16388391 0.18168766 0.1994914 0.21729515 0.22506912 0.23110968 0.2424556 0.25453671 0.26661782 0.2731667 0.2605526 0.24878128
-9999 -0.0024298848 -0.012215936 -0.022001988 -0.03178804 -0.041574092 -0.051360143 -0.061146195 -0.070932247 -0.080718298 -0.090751649 -0.10608313 -0.12141461 -0.13412512 -0.14158698 -0.14904885 -0.15651071 -0.15609542 -0.15543215 -0.15316435 -0.14719486 -0.14122537 -0.13788946 -0.13606545 -0.13424144 -0.13002638 -0.11940271 -0.10877904 -0.098155364 -0.083954616 -0.069621091 -0.055057173 -0.040049129 -0.025041085 -0.013912468 -0.0043005746 0.0053113185 0.018167167 0.035663952 0.053160738 0.070712402 0.088552262 0.10639212 0.12532798 0.14505174 0.1647755 0.1837574 0.20156115 0.2193649 0.22713887 0.23317943 0.23921998 0.24956932 0.26165043 0.26819931 0.25558521 0.24297111
-9999 0.017232706 0.0074466541 -0.0023393976 -0.012125449 -0.021911501 -0.031697553 -0.041483604 -0.051269656 -0.061055708 -0.070841759 -0.080627811 -0.094714882 -0.10742539 -0.11488726 -0.12234912 -0.12981099 -0.13727285 -0.13887418 -0.13660638 -0.13063689 -0.12832987 -0.12650586 -0.12468184 -0.12285783 -0.11864277 -0.1080191 -0.097395431 -0.086771759 -0.076148088 -0.062790928 -0.048227009 -0.033218966 -0.023317386 -0.013705493 -0.0040936 0.0055182932 0.018374141 0.035870927 0.053367712 0.070864498 0.088361283 0.10618515 0.12512101 0.14484476 0.16456852 0.18429228 0.20363089 0.22143464 0.22920862 0.23524917 0.24128973 0.24733029 0.25668304 0.26323192 0.25061782 0.23800371
-9999 0.036895296 0.027109245 0.017323193 0.0075371413 -0.0022489104 -0.012034962 -0.021821014 -0.031607065 -0.041393117 -0.051179169 -0.06096522 -0.070751272 -0.080725664 -0.088187528 -0.095649393 -0.10311126 -0.11057312 -0.11803499 -0.12059429 -0.11877027 -0.11694626 -0.11512225 -0.11329824 -0.11147423 -0.10725917 -0.096635497 -0.086011826 -0.075388154 -0.064764483 -0.054140811 -0.042334198 -0.032722305 -0.023110412 -0.013498518 -0.0038866253 0.0057252678 0.018581116 0.036077901 0.053574687 0.071071472 0.088568258 0.10606504 0.12491403 0.14463779 0.16436155 0.18408531 0.20380907 0.22350439 0.23127836 0.23731892 0.24335948 0.24940003 0.25544059 0.25826453 0.24565043 0.23303632
-9999 0.056919025 0.047132974 0.037346922 0.02756087 0.017774819 0.0092248661 0.00057482442 -0.0092112273 -0.018997279 -0.028783331 -0.038569382 -0.049166021 -0.059264134 -0.06647151 -0.073933375 -0.081395239 -0.088857104 -0.096318968 -0.10097292 -0.099148911 -0.0973249 -0.095500889 -0.093676878 -0.094382862 -0.097593362 -0.094348778 -0.083725107 -0.073101436 -0.062477764 -0.051854093 -0.041576012 -0.031964119 -0.022352226 -0.012740333 -0.0031284394 0.0059009358 0.018062012 0.035558798 0.053055583 0.070552369 0.088049154 0.10333137 0.1210951 0.14114255 0.16086631 0.18059007 0.20031383 0.22003759 0.22809449 0.23413505 0.24017561 0.24621617 0.25172144 0.25192861 0.23931451 0.22670041
-9999 0.076999969 0.067213917 0.057427866 0.047641814 0.039719469 0.032053728 0.023403687 0.013617635 0.0038315832 -0.0059544685 -0.017082159 -0.028662321 -0.038760434 -0.04589066 -0.053020885 -0.060468782 -0.067930647 -0.075392511 -0.080046466 -0.078222454 -0.076398443 -0.074574432 -0.077148342 -0.082122918 -0.085333418 -0.08381575 -0.082298083 -0.072255922 -0.061632251 -0.05100858 -0.040730499 -0.031118605 -0.021506712 -0.011894819 -0.0031646845 0.0052668007 0.017427877 0.034924663 0.052421448 0.069918234 0.084403629 0.098469672 0.1162334 0.13665534 0.15685012 0.17657388 0.19629764 0.2160214 0.22407831 0.23011886 0.23615942 0.24126012 0.24516871 0.24537589 0.23276178 0.22014768
-9999 0.097080912 0.087294861 0.077879812 0.070214071 0.062548331 0.05488259 0.046232549 0.036446497 0.026581863 0.015001702 0.0034215408 -0.0081586203 -0.018256733 -0.025386959 -0.032517185 -0.039647411 -0.04700419 -0.054466054 -0.059120009 -0.057295997 -0.055471986 -0.059913821 -0.064888397 -0.069862973 -0.073073473 -0.071555806 -0.070038139 -0.068520471 -0.060786737 -0.050163066 -0.039884985 -0.030273092 -0.02066179 -0.012230305 -0.0037988195 0.0046326657 0.016793742 0.034290528 0.05140984 0.065475884 0.079541927 0.09360797 0.1113717 0.13179364 0.15221559 0.17255769 0.19228145 0.21200521 0.22006212 0.22610267 0.23079879 0.23470739 0.23861598 0.23882316 0.22620905 0.21360768
-9999 0.11716186 0.10837441 0.10070867 0.093042934 0.085377193 0.077711453 0.069061411 0.058665725 0.047085563 0.035505402 0.023925241 0.01234508 0.002246967 -0.004883259 -0.012013485 -0.019143711 -0.026273937 -0.033539597 -0.038193552 -0.037704724 -0.0426793 -0.047653876 -0.052628453 -0.057603029 -0.060813529 -0.059295861 -0.057778194 -0.056260527 -0.054742859 -0.049317553 -0.039039472 -0.02972741 -0.021295925 -0.01286444 -0.0044329546 0.0039985306 0.016159607 0.032482095 0.046548138 0.060614182 0.074680225 0.088746268 0.10651 0.12693194 0.14735388 0.16777583 0.18819777 0.20798902 0.21604593 0.22033747 0.22424606 0.22815466 0.23206325 0.23227043 0.2208828 0.21466458
-9999 0.13688803 0.12922229 0.12155655 0.11389081 0.10622507 0.098559327 0.088391406 0.076811245 0.065231084 0.053650922 0.042070761 0.0304906 0.021050096 0.01391987 0.0067896439 -0.00034058207 -0.0074708081 -0.014601034 -0.021079424 -0.026054 -0.031028576 -0.036003153 -0.040977729 -0.045952305 -0.049710812 -0.048193145 -0.046675478 -0.04515781 -0.043640143 -0.042122476 -0.038243274 -0.029811789 -0.021380304 -0.012948819 -0.0045173335 0.0039141517 0.01367736 0.027743403 0.041809446 0.05587549 0.069941533 0.084007576 0.099579274 0.12000122 0.14042316 0.16084511 0.18126705 0.201689 0.20803099 0.21193959 0.21584818 0.21975678 0.22366537 0.22714118 0.22092296 0.21470474
-9999 0.14475307 0.13708733 0.12942158 0.12175584 0.1140901 0.10274962 0.091082076 0.079501915 0.067921754 0.056341593 0.044761432 0.036195545 0.028708157 0.021577931 0.014447706 0.0073174795 0.00018725353 -0.0069429725 -0.013421362 -0.018395939 -0.023370515 -0.028345091 -0.033319667 -0.037385345 -0.040912708 -0.044116673 -0.043156909 -0.041639241 -0.040121574 -0.038603907 -0.034724705 -0.02629322 -0.017861735 -0.0094302498 -0.00099876462 0.0025683318 0.0097448417 0.023810885 0.037876928 0.051942971 0.066009015 0.075683958 0.086128709 0.09951073 0.11993267 0.14035462 0.16077656 0.18119851 0.1875405 0.1914491 0.19535769 0.19926629 0.20964118 0.22051799 0.21429977 0.20808155
-9999 0.1526181 0.14495236 0.13728662 0.12892682 0.11718356 0.10544029 0.093772746 0.082192585 0.070612424 0.059185088 0.051519347 0.043853607 0.036366219 0.029235993 0.022105767 0.014975541 0.0078453151 0.00071508914 -0.0057633007 -0.010737877 -0.015712453 -0.02068703 -0.024423464 -0.028071487 -0.031598849 -0.034802814 -0.038006778 -0.038120673 -0.036603005 -0.035085338 -0.031206137 -0.022774651 -0.014343166 -0.0060858181 -0.0037250022 -0.0013641864 0.0058123236 0.019878367 0.03394441 0.047294042 0.056728584 0.066163125 0.076607876 0.087778854 0.099442185 0.11986413 0.14028607 0.16070802 0.16705001 0.17095861 0.1748672 0.18720594 0.20301799 0.2138948 0.20767658 0.20145836
-9999 0.16048314 0.1528174 0.14336075 0.13161749 0.11987423 0.10813096 0.096463417 0.084883256 0.07450889 0.066843149 0.059177409 0.051511668 0.044024281 0.036894055 0.029763829 0.022633603 0.015503377 0.0083731507 0.0018947609 -0.0030798154 -0.0078135602 -0.011461583 -0.015109605 -0.018757628 -0.022284991 -0.025488955 -0.02869292 -0.031896884 -0.033084436 -0.031566769 -0.027687568 -0.019256083 -0.012379152 -0.010018336 -0.0076575203 -0.0052967045 0.0018798055 0.015945849 0.028338668 0.037773209 0.04720775 0.056642291 0.067087043 0.078258021 0.089428999 0.10059998 0.11979559 0.14021753 0.14655952 0.15046812 0.16477071 0.18058275 0.1963948 0.20727161 0.20105339 0.19470482
-9999 0.16834817 0.15779468 0.14605142 0.13430816 0.1225649 0.11082163 0.099154087 0.089832692 0.082166951 0.074501211 0.06683547 0.05916973 0.051682342 0.044552116 0.03742189 0.030291664 0.023161438 0.016031212 0.0095528225 0.0051483211 0.0015002985 -0.0021477241 -0.0057957467 -0.0094437693 -0.012971132 -0.016175096 -0.019379061 -0.022583025 -0.02578699 -0.0280482 -0.024168999 -0.018672486 -0.01631167 -0.013950854 -0.011590038 -0.0092292226 -0.0020527127 0.0093832932 0.018817834 0.028252376 0.037686917 0.047121458 0.057566209 0.068737188 0.079908166 0.091079144 0.10225012 0.11972704 0.12652343 0.14233547 0.15814752 0.17395956 0.18977161 0.20064843 0.19421192 0.18746071
-9999 0.16874792 0.15700466 0.1452614 0.13351813 0.12177487 0.11003161 0.10507832 0.09741258 0.08974684 0.082081099 0.074415359 0.066749618 0.060145847 0.053149581 0.046019355 0.038889129 0.031758903 0.024628677 0.018551417 0.014903395 0.011255372 0.0076073494 0.0039593268 0.00031130418 -0.0066476302 -0.0097271461 -0.01293111 -0.016135075 -0.019339039 -0.022543004 -0.023846221 -0.021485405 -0.019124589 -0.016763773 -0.014402958 -0.012042142 -0.013003751 -0.0035692102 0.005865331 0.015299872 0.024734413 0.034168955 0.046394464 0.057565443 0.068736421 0.079907399 0.091078378 0.10224936 0.11909466 0.1349067 0.15071875 0.16653079 0.18234284 0.19564747 0.19041935 0.18366814
-9999 0.15987003 0.14812677 0.13638351 0.12464024 0.11451336 0.11353476 0.11028469 0.10441306 0.097145082 0.089479342 0.081813601 0.074147861 0.067544089 0.06306697 0.056799651 0.049669425 0.042539199 0.035408973 0.029331713 0.025683691 0.022035668 0.018387645 0.014739623 0.0019929647 -0.008338657 -0.010362213 -0.013142489 -0.016346453 -0.019550418 -0.022754382 -0.024057599 -0.021696784 -0.019335968 -0.016975152 -0.014734935 -0.015240824 -0.017373476 -0.021833441 -0.015061126 -0.0056265848 0.0038079564 0.013242498 0.026530543 0.04255758 0.053728558 0.064899536 0.076070514 0.087241493 0.10645968 0.12560606 0.1414181 0.15723015 0.17304219 0.18634682 0.19096607 0.18789571
-9999 0.15099214 0.13924888 0.12750561 0.12056505 0.11958644 0.11860784 0.11535777 0.10948614 0.10361451 0.096877584 0.089211844 0.081546103 0.074942331 0.070465213 0.065988094 0.060449721 0.053319495 0.046189269 0.040112009 0.036463987 0.032815964 0.02716465 0.013733294 0.00030193785 -0.010029684 -0.01205324 -0.014076797 -0.016557832 -0.019761796 -0.02296576 -0.024268978 -0.021908162 -0.019547346 -0.018033857 -0.018539746 -0.019045635 -0.021178286 -0.025638251 -0.030098216 -0.026553042 -0.017118501 -0.0076839594 0.0056040865 0.021662368 0.037720649 0.049891673 0.061062651 0.07223363 0.091451813 0.11206077 0.13211745 0.1479295 0.16374155 0.17704618 0.18166543 0.18628468
-9999 0.14211425 0.13037099 0.12661673 0.12563813 0.12465952 0.12368092 0.12043085 0.11455922 0.10868759 0.10281596 0.096610086 0.088944345 0.082340574 0.077863455 0.073386336 0.068909218 0.064099791 0.056969565 0.050892305 0.047244283 0.038904979 0.025473623 0.012042267 -0.001389089 -0.011720711 -0.013744267 -0.015767824 -0.01779138 -0.019973174 -0.023177139 -0.024480356 -0.02211954 -0.021332778 -0.021838667 -0.022344556 -0.022850445 -0.024983096 -0.029443061 -0.033903026 -0.038362991 -0.038044958 -0.028610416 -0.01532237 0.00073591081 0.016794192 0.032852473 0.046054788 0.057225767 0.07644395 0.097052909 0.11766187 0.13827083 0.1544409 0.16774553 0.17236478 0.17698403
-9999 0.13364702 0.13266842 0.13168981 0.13071121 0.1297326 0.128754 0.12550393 0.1196323 0.11376067 0.10788904 0.10201741 0.096145774 0.089738816 0.085261697 0.080784579 0.07630746 0.071830341 0.067353223 0.061672601 0.050645308 0.037213952 0.023782596 0.01035124 -0.0030801158 -0.013411737 -0.015435294 -0.01745885 -0.019482407 -0.021505963 -0.02352952 -0.024691734 -0.024631699 -0.025137588 -0.025643477 -0.026149366 -0.026655256 -0.028787907 -0.033247872 -0.037707837 -0.042167801 -0.046627766 -0.049536873 -0.036248827 -0.020190546 -0.0041322649 0.011926016 0.027984298 0.042217903 0.061436087 0.082045045 0.102654 0.12326296 0.14387192 0.15844488 0.16306413 0.16768338
-9999 0.13197265 0.13099404 0.13001544 0.12903683 0.12805823 0.12638442 0.12129926 0.11542763 0.109556 0.10368436 0.097812734 0.091824002 0.087317146 0.085189542 0.080712423 0.076235305 0.071758186 0.067281067 0.060096322 0.046664966 0.03323361 0.019802254 0.0063708979 -0.0070604581 -0.0085114377 -0.0094149424 -0.011438499 -0.013462055 -0.015485612 -0.017509168 -0.019014339 -0.019520228 -0.020026117 -0.020532006 -0.021037896 -0.022648119 -0.029941931 -0.034401896 -0.038861861 -0.043321826 -0.04778179 -0.051315532 -0.047552781 -0.032441703 -0.016383421 -0.00032513991 0.015733141 0.031791423 0.051729796 0.072338755 0.092947714 0.11355667 0.13416563 0.1470959 0.15171515 0.1563344
-9999 0.12520854 0.12422994 0.12325133 0.12227273 0.11958509 0.11518137 0.1100962 0.10422457 0.098352943 0.092481312 0.086009805 0.078507166 0.07400031 0.075492682 0.075005208 0.070528089 0.06605097 0.061573852 0.054389106 0.04095775 0.027526394 0.014095038 0.0037431792 0.0015875295 0.00015507475 0.00066096386 0.00039868895 -0.0016248675 -0.0036484239 -0.0056719804 -0.0071771513 -0.0076830404 -0.0081889296 -0.0086948187 -0.012527972 -0.021802606 -0.029096417 -0.033556382 -0.038016347 -0.042476312 -0.04525307 -0.04645383 -0.042691079 -0.035360125 -0.022090637 -0.0060323555 0.010025926 0.026084207 0.046022581 0.066631539 0.087240498 0.10729383 0.12186223 0.13420182 0.13882107 0.14344032
-9999 0.11844443 0.11746583 0.11648722 0.11278576 0.10838204 0.10397831 0.098893152 0.093021521 0.08714989 0.080195609 0.072692969 0.065190329 0.060683473 0.062175846 0.063668219 0.064820874 0.060343755 0.055866636 0.04868189 0.035250535 0.021819179 0.014565341 0.012409692 0.010254042 0.0088215872 0.0093274763 0.0098333655 0.01021232 0.0081887638 0.0061652074 0.0046600365 0.0041541474 0.0036482582 -0.0024078247 -0.011682458 -0.020957092 -0.028250904 -0.032710869 -0.037170834 -0.039190608 -0.040391368 -0.041592127 -0.037829377 -0.030498423 -0.023167468 -0.011739571 0.0043187103 0.020376992 0.040315365 0.060924324 0.079831347 0.094399749 0.10896815 0.12130774 0.12592699 0.13054624
-9999 0.11168033 0.11039016 0.10598643 0.10158271 0.097178985 0.092775262 0.087690099 0.081818468 0.074381412 0.066878772 0.059376133 0.051873493 0.047366637 0.04885901 0.050351383 0.051843756 0.053336129 0.050159421 0.042974675 0.029543319 0.025387504 0.023231854 0.021076204 0.018920554 0.0174881 0.017993989 0.018499878 0.019005767 0.019511656 0.018002395 0.016497224 0.015991335 0.0077123224 -0.0015623113 -0.010836945 -0.020111579 -0.02740539 -0.031865355 -0.033128146 -0.034328906 -0.035529666 -0.036730425 -0.032967675 -0.025636721 -0.018305766 -0.010974811 -0.0013885052 0.014669776 0.03460815 0.052368866 0.066937268 0.08150567 0.096074072 0.10841366 0.11303291 0.11810142
-9999 0.10359083 0.099187102 0.094783379 0.090379656 0.085975933 0.081572209 0.076069855 0.068567215 0.061064576 0.053561936 0.046059296 0.038556657 0.034049801 0.035542174 0.037034547 0.038526919 0.040019292 0.041511665 0.038365316 0.036209666 0.034054016 0.031898366 0.029742717 0.027587067 0.026154612 0.026660501 0.02716639 0.02767228 0.028178169 0.028684058 0.027107103 0.01783247 0.0085578358 -0.0007167979 -0.0099914316 -0.019266065 -0.025864924 -0.027065684 -0.028266444 -0.029467204 -0.030667963 -0.031868723 -0.028105973 -0.020775018 -0.013444064 -0.0061131094 0.0012178451 0.0089625605 0.024906384 0.039474786 0.054043188 0.06861159 0.083179992 0.095536992 0.10068923 0.10584147
