P2_models/J1_p2__17.tif
NCOLS 207
NROWS 117
XLLCORNER 136.61533
YLLCORNER -40.071139
DX 0.099620926
DY 0.099781804
NODATA_VALUE -9999
[rows 28 to 55 of 117, columns 64 to 127 of 207]
-2.7985798 -2.827095 -2.8652966 -2.884218 -2.8769662 -2.8256699 -2.7235287 -2.5901488 -2.4552367 -2.3398609 -2.2444158 -2.2010058 -2.2377083 -2.3443605 -2.5016567 -2.6792404 -2.873239 -3.0203256 -3.1618922 -3.2327892 -3.2931369 -3.3071672 -3.3176537 -3.3202247 -3.3255219 -3.3228122 -3.3271009 -3.3166145 -3.303328 -3.2718688 -3.2430517 -3.2172472 -3.1827496 -3.1554225 -3.0940144 -3.0297276 -2.9060361 -2.7652418 -2.5774934 -2.3848085 -2.1578941 -1.9874691 -1.7992962 -1.7124982 -1.6255007 -1.6105801 -1.6074195 -1.6287653 -1.61393 -1.636068 -1.6545571 -1.6938803 -1.7770194 -1.8822268 -2.0070312 -2.1294441 -2.2576052 -2.3296367 -2.3794471 -2.3279266 -2.262975 -2.1677227 -2.0769225 -2.0183219
-2.5760096 -2.6507532 -2.7157371 -2.7612709 -2.7810621 -2.7584917 -2.6725716 -2.568128 -2.4404052 -2.3325245 -2.2419451 -2.2281564 -2.2664182 -2.382958 -2.5402542 -2.7252536 -2.9192523 -3.0650463 -3.2066129 -3.2737455 -3.3319933 -3.3394152 -3.3415971 -3.3287066 -3.3163467 -3.2988197 -3.2665793 -3.2463824 -3.2105206 -3.1766912 -3.1478741 -3.1202016 -3.1275753 -3.1095006 -3.1088459 -3.062172 -2.982165 -2.8495607 -2.6699726 -2.4506349 -2.2217767 -2.0241607 -1.804628 -1.6641262 -1.5723949 -1.540914 -1.5377533 -1.5611936 -1.5977444 -1.6210102 -1.6643315 -1.7038368 -1.7917376 -1.8613608 -1.9666883 -2.0714431 -2.1895757 -2.2656409 -2.3154514 -2.3301721 -2.2801162 -2.2178069 -2.2471072 -2.1943458
-2.3826833 -2.4574452 -2.5471041 -2.6240925 -2.6712813 -2.6774401 -2.6197648 -2.5369633 -2.4273803 -2.3325376 -2.2538895 -2.2468726 -2.2940615 -2.414141 -2.5714372 -2.7564322 -2.9504309 -3.0955436 -3.2318669 -3.297246 -3.3506956 -3.3559388 -3.3540612 -3.3278452 -3.297626 -3.2588846 -3.2104376 -3.1527623 -3.0982528 -3.0458208 -3.0106642 -2.9829917 -2.9997013 -3.0221951 -3.0484111 -3.0621799 -3.0179039 -2.9306428 -2.7701424 -2.5629001 -2.3193822 -2.0800499 -1.8420666 -1.6881425 -1.5536927 -1.5094167 -1.4878672 -1.5113075 -1.5478548 -1.5921307 -1.6409547 -1.6909928 -1.7554534 -1.8239257 -1.9014086 -1.9841184 -2.0720192 -2.1428236 -2.2092375 -2.2505529 -2.2882631 -2.3175634 -2.3468995 -2.3761997
-2.2235601 -2.3493454 -2.4987768 -2.5947378 -2.6978898 -2.7204564 -2.6995903 -2.6240202 -2.5271621 -2.4323194 -2.3536713 -2.3347188 -2.3672348 -2.4699627 -2.6113499 -2.7765613 -2.957083 -3.0933094 -3.2252148 -3.2853904 -3.3352941 -3.3248077 -3.3172441 -3.2752985 -3.2302904 -3.1524507 -3.0798419 -2.9864593 -2.9097525 -2.8329529 -2.7977963 -2.7701239 -2.826271 -2.8691399 -2.974004 -3.0199081 -3.075253 -3.0191646 -2.9231412 -2.7345925 -2.5122937 -2.270446 -2.0158592 -1.8033081 -1.6455936 -1.5459726 -1.5073632 -1.4980032 -1.520624 -1.552218 -1.5828395 -1.6244716 -1.6707035 -1.6971623 -1.7351056 -1.8001624 -1.8658035 -1.9454143 -2.0163261 -2.1445535 -2.1951334 -2.3119641 -2.4609504 -2.555807
-2.1165874 -2.2640624 -2.4134938 -2.5806044 -2.6854686 -2.7741255 -2.7619383 -2.7323523 -2.6401671 -2.5611885 -2.48134 -2.4623875 -2.4793178 -2.5625536 -2.6773173 -2.8245302 -2.973918 -3.099755 -3.2088773 -3.2665507 -3.3069103 -3.2964239 -3.2788193 -3.2368736 -3.1725289 -3.0879164 -2.9829102 -2.8718825 -2.7641064 -2.6628626 -2.5915387 -2.5638662 -2.6200134 -2.7020525 -2.8069166 -2.9402083 -2.9955533 -3.0616818 -2.9929555 -2.8890372 -2.7049692 -2.4814099 -2.2324601 -2.0204691 -1.8073463 -1.7077253 -1.5616262 -1.5282079 -1.5356198 -1.5387179 -1.5565604 -1.5686744 -1.5921146 -1.6061792 -1.6369812 -1.6430553 -1.6948627 -1.767292 -1.844775 -1.9731252 -2.1303565 -2.2919229 -2.4781823 -2.6573565
-2.0691576 -2.2290077 -2.4282496 -2.608317 -2.7656132 -2.8676791 -2.8991383 -2.8782835 -2.8085489 -2.7295703 -2.6404358 -2.6020588 -2.5915724 -2.6495532 -2.7334445 -2.8543174 -2.9801544 -3.0833178 -3.1776955 -3.2262904 -3.2632557 -3.2527693 -3.2336009 -3.1759256 -3.1057628 -3.0006074 -2.8834786 -2.7471553 -2.6193246 -2.4882444 -2.4138684 -2.3643026 -2.4375117 -2.5274343 -2.6925229 -2.8466946 -3.0127295 -3.1156576 -3.1488646 -3.0817172 -2.9544238 -2.7379052 -2.4943874 -2.2548601 -2.0299973 -1.8473589 -1.6925899 -1.5929689 -1.5539177 -1.5262452 -1.5246557 -1.5250198 -1.527316 -1.5302611 -1.5247266 -1.5308008 -1.5483809 -1.6176193 -1.6951022 -1.859362 -2.039188 -2.2794502 -2.5036508 -2.7321929
-2.0552928 -2.230007 -2.4413874 -2.6359329 -2.8132583 -2.935673 -2.9917681 -2.9838842 -2.9267893 -2.850309 -2.7642474 -2.7049607 -2.6815418 -2.7057673 -2.772858 -2.8527917 -2.9641056 -3.0366144 -3.1242286 -3.1558803 -3.1924448 -3.1868297 -3.1692251 -3.1247045 -3.053647 -2.9522972 -2.8284924 -2.6892833 -2.5402722 -2.3971953 -2.2996499 -2.2395812 -2.2933127 -2.3886031 -2.5871698 -2.7683424 -2.9986761 -3.160616 -3.271346 -3.2733882 -3.1927357 -2.9775473 -2.7922332 -2.5307778 -2.2852038 -2.0451778 -1.8628673 -1.71279 -1.6305816 -1.586199 -1.572181 -1.5701414 -1.5731862 -1.5778629 -1.5684677 -1.5568836 -1.5586943 -1.5887095 -1.6568549 -1.8034852 -1.9932876 -2.2397226 -2.491705 -2.7290315
-2.0635175 -2.221963 -2.436148 -2.6285217 -2.8120339 -2.9449825 -3.0131442 -3.0241949 -2.9743844 -2.9191804 -2.8352891 -2.7782608 -2.7415583 -2.7569237 -2.7973033 -2.8630954 -2.9367013 -2.9980214 -3.0549604 -3.0834843 -3.104955 -3.0997118 -3.0897793 -3.0478337 -3.0019485 -2.9023276 -2.7974913 -2.6559247 -2.5156881 -2.3586147 -2.243884 -2.1608666 -2.2109744 -2.2704736 -2.4697154 -2.6659395 -2.9094573 -3.1310611 -3.286027 -3.3665722 -3.3536065 -3.2370701 -3.0742906 -2.8164756 -2.5586096 -2.3095573 -2.0560138 -1.8743521 -1.7617259 -1.6881282 -1.6642802 -1.6644111 -1.6761312 -1.695269 -1.6842 -1.6662457 -1.6486655 -1.6714992 -1.6820055 -1.8264509 -1.975629 -2.2276113 -2.4597097 -2.7075206
-2.0675169 -2.2094902 -2.3918244 -2.5723944 -2.7413487 -2.8701462 -2.9383078 -2.9511799 -2.9212936 -2.8706709 -2.7972661 -2.7408426 -2.7041401 -2.71496 -2.741176 -2.7969601 -2.8493922 -2.9007602 -2.9427059 -2.9679815 -2.9864641 -2.9891952 -2.9837612 -2.977604 -2.9458212 -2.8942981 -2.8018683 -2.691761 -2.5543222 -2.4022692 -2.2752149 -2.1671029 -2.1874652 -2.2143463 -2.3912215 -2.5723941 -2.8432538 -3.0762146 -3.3086634 -3.4209636 -3.5095155 -3.4219623 -3.3112724 -3.0633528 -2.8143005 -2.534676 -2.2667732 -2.0382311 -1.9208184 -1.8378009 -1.8295258 -1.8515019 -1.8951828 -1.9322507 -1.9423379 -1.9213605 -1.8731746 -1.8641834 -1.8254419 -1.9123021 -2.0255199 -2.2163519 -2.4353239 -2.663866
-2.0889964 -2.1537637 -2.2874718 -2.4429948 -2.5717738 -2.6882601 -2.7413386 -2.7596234 -2.7275827 -2.6844551 -2.6172523 -2.5736951 -2.5417355 -2.5501585 -2.5774691 -2.6274308 -2.6804709 -2.724015 -2.7659606 -2.8029774 -2.8277596 -2.8600631 -2.8759836 -2.9097771 -2.9186057 -2.9079953 -2.8622131 -2.7765484 -2.6632692 -2.5209727 -2.3746105 -2.2548654 -2.1972554 -2.2153248 -2.3253557 -2.5045713 -2.7525983 -3.0231807 -3.2682206 -3.4601552 -3.5675471 -3.5054219 -3.4504459 -3.2439947 -2.9902086 -2.7061916 -2.4382888 -2.2097467 -2.0867039 -2.0080193 -2.0569952 -2.0798419 -2.1441275 -2.2411281 -2.266473 -2.2307805 -2.1699266 -2.0666687 -2.0256643 -2.0055673 -2.1005793 -2.2610502 -2.4230189 -2.6456083
-2.0706844 -2.1069087 -2.2115107 -2.2974997 -2.3971206 -2.4584187 -2.4951211 -2.4903259 -2.4554586 -2.4097234 -2.3520481 -2.3186914 -2.2977186 -2.3171663 -2.3486255 -2.4055814 -2.4632566 -2.5144502 -2.5563958 -2.6010371 -2.645106 -2.690144 -2.748163 -2.8005951 -2.8633954 -2.8910679 -2.9013503 -2.8594047 -2.7833276 -2.6679771 -2.5315672 -2.3876703 -2.3078201 -2.2566852 -2.3377414 -2.4408741 -2.6707114 -2.9076891 -3.1678104 -3.3752602 -3.5357605 -3.5455838 -3.516321 -3.3269051 -3.1118605 -2.8320705 -2.5735529 -2.3450108 -2.22996 -2.1690806 -2.2322639 -2.310455 -2.4335162 -2.541934 -2.5806755 -2.5541909 -2.4721501 -2.3526323 -2.2364078 -2.1842773 -2.1862887 -2.2976297 -2.452748 -2.6519899
-2.0519913 -2.0575039 -2.0873901 -2.1539439 -2.1749168 -2.2167516 -2.1905356 -2.1771263 -2.1124586 -2.0667234 -2.0090481 -1.9812206 -1.9734277 -2.0045228 -2.0555165 -2.1265517 -2.2013294 -2.2723367 -2.3318868 -2.3968411 -2.4517787 -2.5304268 -2.5990261 -2.7143766 -2.7985429 -2.9147674 -2.9509964 -2.9841319 -2.9263267 -2.8488316 -2.7097019 -2.5622885 -2.4331833 -2.3502307 -2.3449875 -2.4159287 -2.5598256 -2.778433 -3.0119013 -3.2252754 -3.3985606 -3.425583 -3.447721 -3.2912071 -3.0931514 -2.8496336 -2.602626 -2.401138 -2.3024727 -2.2688624 -2.3627337 -2.4663641 -2.6127295 -2.743204 -2.798549 -2.7652584 -2.6654774 -2.5165983 -2.3736078 -2.2795976 -2.2673614 -2.3542364 -2.5004055 -2.6956444
-2.0155656 -2.0104027 -2.0256634 -2.0341031 -2.0304879 -2.0104236 -1.9670191 -1.902856 -1.8284776 -1.7596017 -1.6985782 -1.6737355 -1.6691219 -1.7194178 -1.7776661 -1.8732016 -1.9570929 -2.0537829 -2.1271877 -2.212091 -2.2850378 -2.3840874 -2.480531 -2.6153061 -2.7503583 -2.8869188 -3.0026956 -3.0576464 -3.0647009 -3.0009645 -2.8833275 -2.7338961 -2.5644281 -2.43946 -2.3770873 -2.3805991 -2.477049 -2.6291358 -2.8427812 -3.0378322 -3.2139402 -3.2738507 -3.3093264 -3.1828482 -3.0112906 -2.7875511 -2.5707004 -2.3813418 -2.3109525 -2.2894742 -2.3974555 -2.5253204 -2.689402 -2.8111304 -2.8607637 -2.8294527 -2.7226289 -2.576191 -2.4101562 -2.3300509 -2.2859421 -2.3747602 -2.56284 -2.758136
-1.9843838 -1.9792209 -1.9742398 -1.9592668 -1.9173211 -1.8607509 -1.7768596 -1.6845833 -1.5799813 -1.4914381 -1.4180332 -1.3868628 -1.3868628 -1.4387815 -1.5174296 -1.6192265 -1.7293339 -1.8342512 -1.9391154 -2.0329496 -2.1291287 -2.2444793 -2.3682764 -2.5255726 -2.6879947 -2.8650985 -3.008932 -3.1242825 -3.1582464 -3.1425167 -3.0397308 -2.9013684 -2.7183325 -2.5392418 -2.4396209 -2.3681264 -2.4124023 -2.5044086 -2.6704434 -2.8382686 -3.0043035 -3.0779595 -3.1222355 -3.0088775 -2.8740906 -2.6693142 -2.477155 -2.3130735 -2.2548252 -2.2603597 -2.3743841 -2.5128477 -2.6711273 -2.7924213 -2.8311628 -2.7920345 -2.6748334 -2.5278794 -2.372738 -2.301355 -2.2825046 -2.3997057 -2.5877855 -2.8280477
-1.941549 -1.9685391 -1.9734939 -1.955911 -1.9090378 -1.84247 -1.7408141 -1.6348399 -1.5098298 -1.4100996 -1.3207162 -1.2831287 -1.2761123 -1.3281801 -1.4068282 -1.5171372 -1.6323153 -1.7513106 -1.8623217 -1.9778684 -2.080648 -2.2012418 -2.3301922 -2.503218 -2.6758524 -2.8765926 -3.0381802 -3.1763756 -3.2378035 -3.2486423 -3.1473483 -3.0089859 -2.8015956 -2.607324 -2.4395414 -2.341143 -2.3082162 -2.3750146 -2.4921491 -2.6394851 -2.7852609 -2.8585369 -2.8972784 -2.8099126 -2.6864567 -2.5093528 -2.3289217 -2.1874689 -2.1301158 -2.1356503 -2.2185602 -2.3436407 -2.4798654 -2.5510351 -2.551517 -2.5119411 -2.39474 -2.2871243 -2.1509586 -2.1782136 -2.1727206 -2.3540514 -2.6223914 -2.9000673
-1.9079981 -1.984198 -2.0048371 -2.0067655 -1.9706414 -1.9090896 -1.8078122 -1.6934295 -1.5644595 -1.4441963 -1.348468 -1.2930011 -1.2825147 -1.3192444 -1.3978925 -1.5052529 -1.6258467 -1.7434919 -1.8640856 -1.9746736 -2.0900814 -2.206178 -2.33389 -2.4998671 -2.6794911 -2.8819018 -3.0596739 -3.2067467 -3.2806023 -3.3068183 -3.2211518 -3.0827894 -2.8665535 -2.6521033 -2.469273 -2.3184339 -2.2714367 -2.2750846 -2.3739327 -2.4828764 -2.6157043 -2.6773791 -2.7161206 -2.6317034 -2.5289384 -2.3604728 -2.199544 -2.0657441 -2.0015633 -2.0070978 -2.0605223 -2.1602343 -2.2657153 -2.2785 -2.2605856 -2.2077991 -2.0906145 -2.0272268 -1.9220714 -2.0117985 -2.0924059 -2.31125 -2.6454212 -2.9560041
-1.9128882 -1.9966707 -2.0564433 -2.0878382 -2.082595 -2.0400532 -1.9561619 -1.8493386 -1.7248124 -1.6063417 -1.4962343 -1.4363287 -1.4101127 -1.441881 -1.4995563 -1.6040256 -1.7193921 -1.8355418 -1.9513947 -2.0574711 -2.1649178 -2.2750251 -2.3962536 -2.5483066 -2.7169093 -2.9106166 -3.0846193 -3.2366723 -3.3117841 -3.3380001 -3.2532467 -3.1202076 -2.8980255 -2.6708124 -2.4715706 -2.2997248 -2.2277764 -2.2127209 -2.2791349 -2.3761864 -2.4868763 -2.5464155 -2.585157 -2.5030457 -2.4042111 -2.2492452 -2.0997622 -1.970841 -1.904814 -1.8771416 -1.9135291 -1.9669071 -2.000484 -1.9978637 -1.9369843 -1.8647991 -1.7651782 -1.724769 -1.6913259 -1.8408291 -2.0069035 -2.3174864 -2.6550707 -3.0121313
-1.9342069 -2.0638681 -2.1664987 -2.2240796 -2.2612504 -2.2416442 -2.1847082 -2.0956134 -1.9891467 -1.8764878 -1.7722262 -1.6979362 -1.6619743 -1.6774125 -1.7272875 -1.8047508 -1.9113194 -2.0088939 -2.1203355 -2.210486 -2.312152 -2.3986528 -2.5111329 -2.6377765 -2.7925245 -2.9642986 -3.1232435 -3.2616178 -3.3280289 -3.3474969 -3.2550203 -3.119073 -2.8827032 -2.6511321 -2.4469096 -2.2701732 -2.1982248 -2.1774636 -2.2438775 -2.3383399 -2.4513345 -2.5076133 -2.5463548 -2.4747524 -2.3778555 -2.2275219 -2.0793321 -1.9469569 -1.867815 -1.8323875 -1.813818 -1.8482028 -1.8551746 -1.7937043 -1.7105605 -1.6419965 -1.5522885 -1.5759817 -1.5680843 -1.8106703 -2.0077186 -2.3476653 -2.703348 -3.0567192
-2.0019375 -2.1394671 -2.2550034 -2.3619751 -2.415826 -2.4472379 -2.4052922 -2.3466777 -2.2520378 -2.1585607 -2.0589398 -1.9891666 -1.9419778 -1.9432554 -1.9799579 -2.0469744 -2.1308657 -2.2148044 -2.3091821 -2.3874728 -2.4719028 -2.5504532 -2.6367172 -2.7544021 -2.8806648 -3.0411555 -3.175061 -3.3008979 -3.3498801 -3.3603665 -3.2542946 -3.1103977 -2.8657475 -2.6199996 -2.414187 -2.2350915 -2.1647223 -2.1545699 -2.2209838 -2.3242868 -2.4405112 -2.498139 -2.5428329 -2.477655 -2.3907045 -2.2422523 -2.097739 -1.9629578 -1.8763388 -1.8265283 -1.7951862 -1.7781123 -1.7312318 -1.6591527 -1.5650663 -1.4905813 -1.4144005 -1.4605627 -1.5159077 -1.7780844 -2.0631681 -2.4323516 -2.7632805 -3.1090237
-2.1065017 -2.245901 -2.3803893 -2.4950175 -2.584152 -2.6293986 -2.6346418 -2.5893701 -2.5196354 -2.4327581 -2.3436236 -2.2752078 -2.2280189 -2.2224844 -2.2393906 -2.2998386 -2.370342 -2.4409013 -2.5153978 -2.5730712 -2.6382058 -2.695881 -2.7697596 -2.8641373 -2.9804466 -3.118809 -3.2436474 -3.3432683 -3.3841777 -3.3736912 -3.2571317 -3.0904414 -2.8331414 -2.5734348 -2.3637065 -2.1818745 -2.120995 -2.1163333 -2.2159543 -2.3310286 -2.4737718 -2.5418225 -2.6027019 -2.5479831 -2.47053 -2.3266331 -2.1842166 -2.0494354 -1.9576732 -1.8930495 -1.8477906 -1.8113729 -1.7382643 -1.6525006 -1.5584142 -1.4909785 -1.4476612 -1.5201828 -1.6156895 -1.9060544 -2.2093641 -2.5668275 -2.8770383 -3.1622406
-2.2498293 -2.3679892 -2.4960169 -2.6153987 -2.7013433 -2.7576481 -2.7628913 -2.7390714 -2.6763687 -2.5998885 -2.513011 -2.4507394 -2.4053212 -2.3997866 -2.4155162 -2.4629066 -2.5294728 -2.5887465 -2.6562855 -2.6933737 -2.7462299 -2.7876836 -2.8501043 -2.9337751 -3.0386542 -3.1710373 -3.2868712 -3.3844223 -3.4079171 -3.3926804 -3.250494 -3.0744557 -2.7951148 -2.5273268 -2.3003394 -2.1179062 -2.0608036 -2.0674913 -2.1779437 -2.3274283 -2.4844362 -2.5655509 -2.6577576 -2.6240204 -2.5536734 -2.4216756 -2.2867406 -2.1603237 -2.0685616 -2.0021476 -1.9584912 -1.9138323 -1.8339109 -1.767136 -1.6852288 -1.6383944 -1.6100602 -1.7117837 -1.82423 -2.0914325 -2.402641 -2.7305882 -2.9477424 -3.1983219
-2.3874704 -2.4918786 -2.6164048 -2.721394 -2.8052853 -2.8520519 -2.8572951 -2.8292438 -2.7744523 -2.7057949 -2.6219036 -2.5640061 -2.5220605 -2.5225292 -2.5382588 -2.5877649 -2.6454402 -2.7020577 -2.7597329 -2.7901682 -2.8203421 -2.8552552 -2.8993329 -2.977981 -3.0732066 -3.2005 -3.3151657 -3.4095434 -3.4341404 -3.4079244 -3.2599254 -3.0606836 -2.7712751 -2.4805659 -2.2461614 -2.0425493 -1.986887 -1.9981196 -2.1198785 -2.2822087 -2.4703816 -2.5915868 -2.6958745 -2.6721609 -2.6263188 -2.5009074 -2.3812333 -2.2640322 -2.1840774 -2.1176634 -2.079296 -2.040155 -1.9756944 -1.9258447 -1.8538963 -1.8244286 -1.8244286 -1.9313571 -2.0697195 -2.318279 -2.5869467 -2.8682293 -3.0451862 -3.2151278
-2.5400652 -2.6278351 -2.7125129 -2.8043182 -2.8515071 -2.8860004 -2.8597844 -2.8238297 -2.749114 -2.6791864 -2.5952951 -2.5412516 -2.5087562 -2.5188784 -2.5515631 -2.6068687 -2.6720487 -2.72528 -2.7796893 -2.7935385 -2.81369 -2.8241764 -2.8591631 -2.9273248 -3.0206975 -3.1535254 -3.2751116 -3.389587 -3.4205263 -3.4079244 -3.2571217 -3.0540315 -2.7413866 -2.4340011 -2.1718407 -1.9560717 -1.8785888 -1.8860232 -2.0133166 -2.1819508 -2.383904 -2.5164818 -2.6493097 -2.6507759 -2.6196666 -2.5311147 -2.4247837 -2.3305534 -2.2627219 -2.2174452 -2.1965462 -2.1731974 -2.1343641 -2.1113264 -2.0891884 -2.0752162 -2.1038177 -2.2007074 -2.3291522 -2.5161283 -2.7599018 -2.9366831 -3.0433866 -3.1353024
-2.651781 -2.714324 -2.7810512 -2.8404472 -2.8649201 -2.8669682 -2.8244515 -2.757877 -2.6714147 -2.5873302 -2.5002567 -2.4521827 -2.4229328 -2.4504838 -2.4896592 -2.5698953 -2.6387162 -2.6935458 -2.7459779 -2.747246 -2.7540375 -2.744187 -2.7617916 -2.815438 -2.907762 -3.0452374 -3.1905977 -3.3171796 -3.3817794 -3.3786331 -3.251893 -3.0482559 -2.7309176 -2.4071483 -2.1230949 -1.8838005 -1.7752082 -1.7571025 -1.8680604 -2.0327516 -2.235582 -2.3859472 -2.5263939 -2.5529568 -2.5411106 -2.475662 -2.4010994 -2.324316 -2.2930353 -2.2591493 -2.2758808 -2.2646196 -2.2415442 -2.2686309 -2.2655241 -2.2809915 -2.319591 -2.3909467 -2.5127056 -2.6258876 -2.8067891 -2.9339658 -2.9295143 -2.9825467
-2.7223602 -2.7838607 -2.8336711 -2.8665248 -2.8665248 -2.8370706 -2.7689089 -2.6786098 -2.5690268 -2.4656464 -2.3712687 -2.3193729 -2.2984001 -2.3312327 -2.388908 -2.4760241 -2.5704018 -2.6299224 -2.6823545 -2.6785403 -2.6685122 -2.6475394 -2.6387178 -2.6806635 -2.7554829 -2.8993798 -3.0525723 -3.2098685 -3.2955563 -3.3270156 -3.2171246 -3.0400207 -2.7265986 -2.3963697 -2.1027501 -1.8337359 -1.700908 -1.6434145 -1.7264319 -1.8679563 -2.0616637 -2.2177017 -2.3613962 -2.3951517 -2.4145589 -2.3647484 -2.3187017 -2.2718213 -2.2610499 -2.2665844 -2.297309 -2.3304552 -2.3597555 -2.3913599 -2.4134979 -2.4506575 -2.503398 -2.5726996 -2.6501826 -2.7255699 -2.792715 -2.8220153 -2.8054006 -2.7761004
-2.7157081 -2.7736759 -2.8085432 -2.8326088 -2.8011496 -2.7569147 -2.6491707 -2.5464886 -2.4093759 -2.299543 -2.1916615 -2.1450402 -2.1320971 -2.1805481 -2.2558656 -2.3610321 -2.47062 -2.5383336 -2.5958769 -2.5677786 -2.546307 -2.4886317 -2.4673817 -2.4778682 -2.5506854 -2.6998162 -2.8693746 -3.0568697 -3.1792748 -3.2604944 -3.1927721 -3.053325 -2.7628181 -2.4425623 -2.1279699 -1.8467514 -1.6530441 -1.5680979 -1.5867374 -1.6978032 -1.8487958 -2.0012786 -2.128572 -2.1770484 -2.2052226 -2.1996881 -2.1720087 -2.1653874 -2.1828308 -2.2200195 -2.2801719 -2.3304552 -2.3833614 -2.4513919 -2.4999754 -2.5345396 -2.5832234 -2.6160161 -2.6701389 -2.6420239 -2.6862811 -2.6162566 -2.5132605 -2.4368422
-2.6545078 -2.7174242 -2.75419 -2.7692545 -2.7377953 -2.6735064 -2.5620273 -2.4280603 -2.2845423 -2.1540671 -2.0421095 -1.9887129 -1.9782265 -2.0439156 -2.1278069 -2.2565191 -2.3771128 -2.4556694 -2.5185879 -2.4842681 -2.442895 -2.3661548 -2.316784 -2.3138475 -2.3633654 -2.5078234 -2.6961946 -2.8946214 -3.0759323 -3.1790757 -3.1867332 -3.0760432 -2.8338657 -2.5290524 -2.2174429 -1.916395 -1.7031274 -1.5544649 -1.5448934 -1.5840107 -1.7128471 -1.8414895 -1.9404915 -1.9898711 -2.0302023 -2.035206 -2.0492347 -2.0623412 -2.1142839 -2.1696288 -2.2557459 -2.3277601 -2.4039408 -2.485663 -2.5388994 -2.5784093 -2.6238482 -2.6212087 -2.6488811 -2.5688603 -2.5196993 -2.4041213 -2.2217554 -2.1157426
-2.5545117 -2.6176424 -2.6574908 -2.6757091 -2.6442498 -2.5799609 -2.4646104 -2.3282785 -2.168885 -2.0293399 -1.9087461 -1.8515129 -1.8410265 -1.9069063 -2.0117704 -2.1469349 -2.2937447 -2.3766377 -2.4499879 -2.4121065 -2.3618223 -2.2674446 -2.1920568 -2.171084 -2.20122 -2.3340479 -2.5153401 -2.740798 -2.932496 -3.1055218 -3.1376147 -3.1154767 -2.8956048 -2.6475433 -2.3381941 -2.0411223 -1.8031389 -1.6293013 -1.5573528 -1.5653017 -1.6261811 -1.7070995 -1.7845824 -1.835793 -1.8805296 -1.8971331 -1.9245075 -1.977248 -2.0459788 -2.1289962 -2.2239676 -2.3215237 -2.4145374 -2.4981357 -2.5590151 -2.6033547 -2.632655 -2.6176395 -2.5927539 -2.4771608 -2.3476723 -2.1484305 -1.9660645 -1.7961229
