P2_models/J1_p2_tot_conduct_slide_123.44.dat.tif
NCOLS 118
NROWS 92
XLLCORNER 139.62
YLLCORNER -39.07
DX 0.099491525
DY 0.099347826
NODATA_VALUE -9999
[rows 50 to 74 of 92, columns 57 to 113 of 118]
-1.9815924 -2.1029739 -2.2340206 -2.3665181 -2.4901889 -2.6321693 -2.6867677 -2.7347539 -2.8125839 -2.8548272 -2.8574798 -2.7694856 -2.7602386 -2.7520096 -2.733681 -2.7022881 -2.6204143 -2.5194901 -2.3622093 -2.140811 -1.8781536 -1.5830782 -1.3061625 -1.0329671 -0.81294657 -0.69335618 -0.58999754 -0.59618869 -0.6245248 -0.74769557 -0.89146897 -1.0748913 -1.2931067 -1.5011765 -1.6516812 -1.8423357 -1.9546461 -2.0218096 -2.0259629 -2.06525 -2.109624 -2.1441022 -2.178697 -2.3358113 -2.4257615 -2.464751 -2.4959025 -2.5251647 -2.5560592 -2.6835869 -2.6915263 -2.6935652 -2.6935652 -2.5711429 -2.5299948 -2.5182899 -2.4662809
-2.0857953 -2.1870497 -2.3128394 -2.4214184 -2.5418556 -2.6011519 -2.6430431 -2.6886017 -2.7383475 -2.7642909 -2.7859222 -2.7754494 -2.7648324 -2.7537777 -2.7305998 -2.6974331 -2.6152352 -2.5157437 -2.3165064 -2.0869686 -1.7735014 -1.4661521 -1.1624306 -0.88234088 -0.64785488 -0.49961783 -0.39459899 -0.40079014 -0.43027779 -0.56488397 -0.73718476 -0.93844203 -1.1712226 -1.4053203 -1.6198841 -1.8128068 -1.9667837 -2.0828107 -2.1473469 -2.2056667 -2.2524863 -2.2821094 -2.3232045 -2.4402533 -2.525687 -2.5597253 -2.5822431 -2.6115053 -2.634089 -2.6521087 -2.6579611 -2.66 -2.66 -2.5368697 -2.4460818 -2.4343769 -2.4031155
-2.2114004 -2.2996439 -2.3880808 -2.483509 -2.5725278 -2.6241556 -2.6503376 -2.6933633 -2.7383475 -2.7613748 -2.779299 -2.7688262 -2.7582092 -2.7471545 -2.7239766 -2.6852854 -2.5988336 -2.4827601 -2.2726366 -2.0339831 -1.707872 -1.3866738 -1.06609 -0.77636986 -0.52471483 -0.37242418 -0.26213522 -0.26832637 -0.29781402 -0.44299423 -0.61796737 -0.84458696 -1.0897882 -1.358958 -1.5867815 -1.8061836 -1.9817569 -2.1168567 -2.187086 -2.2465626 -2.2988486 -2.3233362 -2.3563204 -2.4733693 -2.5561851 -2.5795948 -2.5990415 -2.6181285 -2.6371175 -2.6521087 -2.6579611 -2.66 -2.66 -2.5368697 -2.4460818 -2.4343769 -2.4043519
-2.3023845 -2.3670416 -2.4308149 -2.5008917 -2.5767012 -2.6154523 -2.6381768 -2.6783547 -2.7225732 -2.7507362 -2.7677111 -2.7572383 -2.7466213 -2.7355667 -2.709964 -2.6683783 -2.5740186 -2.4542651 -2.2384459 -1.9891538 -1.6630427 -1.3380474 -1.0174636 -0.72624451 -0.47761066 -0.31869158 -0.20660675 -0.21694103 -0.24768045 -0.39710269 -0.58157593 -0.81154212 -1.0743113 -1.3519793 -1.6040057 -1.8320052 -2.0127233 -2.1544681 -2.2216463 -2.2752704 -2.3262074 -2.346263 -2.3770247 -2.4940735 -2.5749908 -2.5915406 -2.6072086 -2.624766 -2.6380667 -2.6521087 -2.6579611 -2.66 -2.66 -2.5368697 -2.4460818 -2.4343769 -2.4043519
-2.3800236 -2.4083256 -2.452544 -2.4949474 -2.5525478 -2.6075108 -2.62322 -2.6659431 -2.7101615 -2.7416098 -2.7657165 -2.7576595 -2.7470425 -2.7359879 -2.7054939 -2.6612755 -2.5567156 -2.4295875 -2.2027137 -1.9515588 -1.6270169 -1.3042533 -0.98469868 -0.69674043 -0.45093784 -0.29712908 -0.18105564 -0.19232826 -0.22851608 -0.38653203 -0.57589659 -0.80804348 -1.0733127 -1.3659348 -1.6200995 -1.8664729 -2.0449867 -2.1888252 -2.253202 -2.3068262 -2.3536457 -2.373138 -2.3986656 -2.5146374 -2.5910382 -2.6027431 -2.6151502 -2.6327075 -2.6355228 -2.6455869 -2.6514394 -2.6534783 -2.6534783 -2.567848 -2.47706 -2.4653551 -2.4304389
-2.3770779 -2.3709682 -2.3764955 -2.4065453 -2.4333304 -2.5196551 -2.6099736 -2.6606726 -2.7167847 -2.7556595 -2.785586 -2.7908224 -2.7867816 -2.775727 -2.7428504 -2.68205 -2.5673409 -2.4163412 -2.1866798 -1.9316892 -1.6111054 -1.2910069 -0.98147769 -0.69807577 -0.46397807 -0.3146758 -0.20754839 -0.22202579 -0.26163202 -0.42413789 -0.61632023 -0.85952174 -1.1262982 -1.4189203 -1.6700779 -1.9128352 -2.082556 -2.2220741 -2.2923034 -2.3446115 -2.3867616 -2.406254 -2.4317816 -2.542978 -2.6175309 -2.6292358 -2.6369776 -2.6459539 -2.6224183 -2.6190942 -2.6249466 -2.6269855 -2.6269855 -2.6387122 -2.6026878 -2.5851305 -2.5455891
-2.4188369 -2.3524827 -2.3421672 -2.3465743 -2.3566014 -2.4248218 -2.5094983 -2.5785631 -2.6399512 -2.6802589 -2.7323034 -2.7403549 -2.7533686 -2.742314 -2.7094373 -2.6486369 -2.5286887 -2.3778075 -2.1424262 -1.8971892 -1.578932 -1.2826373 -0.98070781 -0.72447734 -0.49811575 -0.35230623 -0.26402628 -0.28265623 -0.33414631 -0.4991278 -0.69507386 -0.93827536 -1.2021338 -1.4914131 -1.7425707 -1.9689511 -2.135057 -2.2569364 -2.3219485 -2.3697202 -2.4020603 -2.4198627 -2.4453903 -2.5553041 -2.6245165 -2.6332339 -2.6390863 -2.6496311 -2.625911 -2.6121087 -2.6151232 -2.6151232 -2.619666 -2.6268499 -2.6292458 -2.6143769 -2.5770239
-2.3920905 -2.3033183 -2.2756817 -2.2585 -2.2585 -2.3063582 -2.3849041 -2.4569689 -2.5232966 -2.5887806 -2.6466012 -2.6702462 -2.6873701 -2.6767053 -2.6453286 -2.5845282 -2.4695593 -2.320322 -2.0940085 -1.8565621 -1.5708089 -1.2856723 -1.0057006 -0.75847009 -0.54192971 -0.42129096 -0.33838136 -0.37118173 -0.42363161 -0.59335244 -0.79079849 -1.034 -1.2948584 -1.5757757 -1.8051365 -2.0284895 -2.168173 -2.2862936 -2.344818 -2.3794212 -2.4086834 -2.4249859 -2.4494068 -2.5538041 -2.6207582 -2.6266107 -2.6349262 -2.6466311 -2.622911 -2.607 -2.607 -2.6123136 -2.618166 -2.6243633 -2.6245818 -2.6128769 -2.5740239
-2.3254402 -2.2260451 -2.1652447 -2.1394348 -2.119413 -2.158909 -2.2193244 -2.2969674 -2.3709633 -2.4479783 -2.5141375 -2.5560286 -2.581399 -2.5869263 -2.5601518 -2.5048788 -2.3920603 -2.247467 -2.0317817 -1.8101998 -1.5448891 -1.2724259 -1.0181698 -0.78312829 -0.60153841 -0.48774146 -0.41785962 -0.46066564 -0.52297943 -0.70141923 -0.90292 -1.1405942 -1.3974187 -1.6685003 -1.8853113 -2.0947214 -2.2117703 -2.3194045 -2.366224 -2.3951223 -2.4153066 -2.4281138 -2.4494068 -2.5488983 -2.614135 -2.6199875 -2.6258399 -2.6333847 -2.6096646 -2.5939855 -2.5998379 -2.6056904 -2.6115428 -2.6177402 -2.6179586 -2.6062537 -2.5652367
-2.209759 -2.0897982 -2.0164476 -1.9731413 -1.9489385 -1.9710794 -2.0252123 -2.1024521 -2.1802917 -2.2719131 -2.3503039 -2.4235649 -2.4605527 -2.476209 -2.4574896 -2.4045382 -2.286638 -2.1403938 -1.9332093 -1.7404729 -1.5032732 -1.246889 -1.0144162 -0.80254736 -0.63581126 -0.55201404 -0.49051523 -0.55438303 -0.62309495 -0.80550335 -1.0107678 -1.248442 -1.4969789 -1.7631093 -1.950211 -2.1509371 -2.2542703 -2.3487668 -2.41789 -2.4707863 -2.4895057 -2.4964399 -2.5103227 -2.5678838 -2.6312437 -2.6342391 -2.6382022 -2.6440547 -2.5204762 -2.5066739 -2.5125263 -2.5183788 -2.5242312 -2.573146 -2.5733644 -2.5591015 -2.5195602
-2.0443514 -1.9345011 -1.8460642 -1.788837 -1.7574186 -1.779007 -1.8210946 -1.9014666 -1.9843762 -2.0779732 -2.1758112 -2.2595935 -2.3308281 -2.3529373 -2.3462649 -2.2965192 -2.1820366 -2.0280243 -1.8480431 -1.6609946 -1.4288477 -1.2044107 -0.98331843 -0.80665605 -0.66034499 -0.58764448 -0.55301818 -0.62485434 -0.7200875 -0.90736566 -1.1167388 -1.354413 -1.5974717 -1.8549791 -2.0401966 -2.2039226 -2.3034141 -2.3960578 -2.4955494 -2.5470761 -2.5688734 -2.5736257 -2.5825038 -2.6234709 -2.6472609 -2.6472609 -2.6498544 -2.6545217 -2.5067047 -2.4093695 -2.415222 -2.4210744 -2.4269269 -2.4858943 -2.5213835 -2.5038262 -2.4642848
-1.8592717 -1.7419704 -1.6424789 -1.5857391 -1.5647936 -1.5885178 -1.6356454 -1.7276954 -1.8254197 -1.9323624 -2.0433474 -2.1352384 -2.2116107 -2.2435001 -2.2407113 -2.1964929 -2.0856328 -1.9419228 -1.7644683 -1.5815163 -1.3636945 -1.1514252 -0.9581482 -0.79805238 -0.68021455 -0.61815418 -0.61262687 -0.69577491 -0.80618895 -1.0061542 -1.2227099 -1.4603841 -1.6960994 -1.9344574 -2.1091539 -2.2569081 -2.3363013 -2.4159274 -2.5096944 -2.5571685 -2.5688734 -2.57 -2.5758806 -2.6124492 -2.6337635 -2.6279111 -2.628029 -2.628029 -2.4895173 -2.3961232 -2.4019756 -2.4078281 -2.4136805 -2.472648 -2.5081371 -2.4905798 -2.4477249
-1.6533514 -1.5387447 -1.4463919 -1.4061377 -1.3911849 -1.4348691 -1.4871236 -1.5920409 -1.6980403 -1.8229784 -1.937264 -2.0391007 -2.116843 -2.146761 -2.1459794 -2.101761 -1.9983947 -1.8558214 -1.6803741 -1.5024665 -1.3060931 -1.1049819 -0.931054 -0.78474681 -0.68160497 -0.66351896 -0.66300368 -0.77726042 -0.888826 -1.0962182 -1.3240649 -1.5617391 -1.7878383 -2.0177044 -2.1529075 -2.2992659 -2.3561709 -2.4339176 -2.525209 -2.5628161 -2.5734893 -2.57 -2.5722134 -2.5992028 -2.6185099 -2.6072042 -2.5975731 -2.5969203 -2.4676405 -2.3782608 -2.3841133 -2.3899657 -2.3958182 -2.4547856 -2.4902748 -2.4727175 -2.4185201
-1.4426485 -1.3329983 -1.2500887 -1.2239783 -1.2239783 -1.2816807 -1.3553206 -1.4769249 -1.5985257 -1.7254701 -1.8503075 -1.9550354 -2.0356981 -2.0633346 -2.0582113 -2.0139929 -1.9081483 -1.7702114 -1.6012848 -1.4254665 -1.2320108 -1.0466124 -0.88079317 -0.76154391 -0.67960971 -0.6726204 -0.70353918 -0.82719737 -0.97069494 -1.1930878 -1.4246519 -1.6623261 -1.8933818 -2.1099222 -2.2421696 -2.3538746 -2.4065466 -2.4692556 -2.5570423 -2.6107582 -2.615259 -2.605983 -2.6031916 -2.6266014 -2.5957905 -2.5782332 -2.5661238 -2.558162 -2.4410546 -2.3596304 -2.3654829 -2.3725744 -2.379332 -2.4311987 -2.4666878 -2.4491305 -2.3949331
-1.2563079 -1.1547642 -1.1050184 -1.0907717 -1.1221901 -1.1895972 -1.2890887 -1.4228928 -1.5587865 -1.688937 -1.8171915 -1.906224 -1.9760894 -1.9989663 -1.9914055 -1.9361324 -1.8300117 -1.6973563 -1.530826 -1.3592346 -1.1726805 -0.99362687 -0.85484033 -0.75359241 -0.69947928 -0.7023475 -0.76314788 -0.89759621 -1.0567964 -1.291485 -1.5306229 -1.7522101 -1.993247 -2.242386 -2.3696338 -2.473092 -2.5218748 -2.5818498 -2.7423601 -2.8065607 -2.8007082 -2.7801638 -2.7687713 -2.65987 -2.5558103 -2.5265481 -2.5094875 -2.4919302 -2.4130876 -2.346384 -2.3580599 -2.3676271 -2.379332 -2.4034534 -2.4269487 -2.4093914 -2.355194
-1.1223369 -1.05151 -1.0197576 -1.0401612 -1.0811539 -1.1736115 -1.2766829 -1.4147761 -1.5586825 -1.6917051 -1.8150087 -1.8914703 -1.9558556 -1.9686184 -1.9519329 -1.8925382 -1.7815966 -1.6469288 -1.4825361 -1.3157363 -1.1466081 -0.9787126 -0.85953599 -0.7720767 -0.73252912 -0.7801543 -0.84518411 -1.0061252 -1.1664769 -1.4064271 -1.6337288 -1.8472826 -2.0787033 -2.3323705 -2.4350251 -2.5377854 -2.5716719 -2.6560787 -2.8199471 -2.876288 -2.8695343 -2.8355333 -2.7994676 -2.6335873 -2.5252524 -2.4907978 -2.4577569 -2.4391548 -2.3603123 -2.3128188 -2.3269703 -2.3445276 -2.3569045 -2.3810259 -2.3916951 -2.3741378 -2.3199404
-0.99699635 -0.95998104 -0.95445374 -0.99940034 -1.0674735 -1.1747782 -1.2952153 -1.4391094 -1.5883467 -1.7193355 -1.8393385 -1.9115139 -1.9658048 -1.9713321 -1.9431213 -1.8767937 -1.7606473 -1.6169373 -1.4550917 -1.2906261 -1.1289968 -0.97987927 -0.86933313 -0.80195351 -0.78439618 -0.84644416 -0.94040838 -1.1091182 -1.2901291 -1.5300792 -1.7474027 -1.951913 -2.171399 -2.4113491 -2.5058307 -2.5758924 -2.602352 -2.6748395 -2.8387079 -2.8939402 -2.8822353 -2.8439243 -2.7922911 -2.6220149 -2.501975 -2.4610079 -2.4224236 -2.3931614 -2.3150586 -2.2696738 -2.2872312 -2.3047885 -2.3223458 -2.3479099 -2.3585792 -2.3410218 -2.2868244
-0.9496105 -0.92926312 -0.96770011 -1.0247011 -1.120459 -1.2352092 -1.3680703 -1.5151449 -1.667825 -1.7903438 -1.9055704 -1.9579344 -2.0050212 -1.9994939 -1.9669822 -1.89004 -1.7715231 -1.6235605 -1.4639807 -1.3038724 -1.1601624 -1.019654 -0.93674441 -0.88194504 -0.89699038 -0.96705408 -1.0728721 -1.249035 -1.4358392 -1.667853 -1.8738185 -2.0396377 -2.2491137 -2.4709578 -2.5513242 -2.6090084 -2.6207133 -2.6880859 -2.857418 -2.9088587 -2.8888585 -2.8427743 -2.7856679 -2.6100946 -2.4887287 -2.4302339 -2.3835988 -2.346799 -2.2736099 -2.2299347 -2.241799 -2.261131 -2.2826067 -2.3129254 -2.3254632 -2.3079059 -2.2537085
-0.91118479 -0.93307472 -0.98659695 -1.0771431 -1.1847623 -1.3143252 -1.4536535 -1.592553 -1.7471196 -1.8698221 -1.9587371 -2.0098512 -2.0360502 -2.0280181 -1.9847648 -1.9096895 -1.7891245 -1.6566956 -1.5033575 -1.3563145 -1.2126045 -1.0985888 -1.0216684 -1.0075433 -1.0333285 -1.1144889 -1.2396869 -1.4206945 -1.6286875 -1.8563414 -2.0585431 -2.2206522 -2.3515545 -2.5474005 -2.6239982 -2.6595446 -2.6708675 -2.7293421 -2.8218485 -2.7893659 -2.7735397 -2.7405206 -2.6788781 -2.5063482 -2.3903163 -2.3367234 -2.2938669 -2.2528998 -2.2141823 -2.1706666 -2.1846877 -2.2060586 -2.2294684 -2.2252805 -2.2400864 -2.2268623 -2.1770418
-0.94550363 -0.98598276 -1.0633651 -1.1642427 -1.2794434 -1.4125969 -1.5539796 -1.6899443 -1.828127 -1.9206254 -2.0039084 -2.040257 -2.0627377 -2.0461557 -2.0063054 -1.9344504 -1.8342166 -1.7126159 -1.5728795 -1.4357124 -1.320531 -1.2183272 -1.1685814 -1.1593476 -1.2003147 -1.3039953 -1.4366507 -1.6330861 -1.8439341 -2.0663269 -2.2440398 -2.3988043 -2.5257936 -2.63699 -2.6788031 -2.7111527 -2.7170052 -2.7059434 -2.6591238 -2.6318532 -2.6201484 -2.5880717 -2.5436566 -2.3914931 -2.2799777 -2.2331581 -2.1873669 -2.1463998 -2.121998 -2.112413 -2.1299703 -2.1523195 -2.1757292 -2.1614317 -2.1470626 -2.1412102 -2.1014034
-1.0206667 -1.0692353 -1.1627129 -1.26573 -1.3854144 -1.5185679 -1.6599506 -1.7859829 -1.9142284 -1.9936305 -2.0701403 -2.0963223 -2.1153314 -2.0932221 -2.0541141 -1.9874359 -1.8947052 -1.7854709 -1.6585467 -1.5483066 -1.465397 -1.3779715 -1.3558623 -1.3580193 -1.4255031 -1.5291837 -1.6618391 -1.8428466 -2.0426297 -2.2304829 -2.3711935 -2.4596304 -2.5764938 -2.670106 -2.6972822 -2.7177759 -2.7236284 -2.7125666 -2.6604138 -2.6292473 -2.6135252 -2.5774315 -2.5304103 -2.3782468 -2.2667313 -2.2084875 -2.1578893 -2.1132839 -2.093926 -2.0859202 -2.1034776 -2.128662 -2.1558597 -2.1513323 -2.1404394 -2.129174 -2.088157
-1.0984275 -1.1636238 -1.2598781 -1.3696043 -1.4900414 -1.614069 -1.7526442 -1.8658092 -1.986698 -2.0564965 -2.1241603 -2.1429397 -2.1598919 -2.1440953 -2.1074381 -2.0453138 -1.9755069 -1.8767707 -1.767218 -1.6846259 -1.6374378 -1.5734972 -1.5718514 -1.5882993 -1.6607569 -1.7661236 -1.8972873 -2.0420837 -2.2288179 -2.3886238 -2.4665974 -2.5371584 -2.6124176 -2.6949202 -2.7138014 -2.7243519 -2.7215005 -2.7085593 -2.6558874 -2.6211366 -2.6026371 -2.552401 -2.5029812 -2.3508177 -2.2347858 -2.1736243 -2.129063 -2.08337 -2.0683541 -2.0627468 -2.0827917 -2.1138286 -2.1438036 -2.1396103 -2.1315554 -2.1198505 -2.0788335
-1.1885109 -1.2629716 -1.3624632 -1.4713967 -1.5918338 -1.7128325 -1.8374817 -1.9405794 -2.0455983 -2.1132113 -2.1685334 -2.1842426 -2.1887744 -2.1777198 -2.1487823 -2.0935092 -2.0353708 -1.9676844 -1.8992428 -1.8344049 -1.7957137 -1.7746374 -1.785692 -1.8313681 -1.9074499 -2.014666 -2.1305099 -2.2666069 -2.3964314 -2.4900705 -2.5559282 -2.6056739 -2.6195128 -2.6838897 -2.6988911 -2.7025647 -2.6967122 -2.6758249 -2.6231529 -2.5823442 -2.5579832 -2.5082427 -2.4438088 -2.2916453 -2.1975871 -2.1332102 -2.0886489 -2.0548643 -2.0449265 -2.0454057 -2.0688155 -2.1043958 -2.140691 -2.1447381 -2.1366832 -2.1249783 -2.0839614
-1.2846522 -1.3615714 -1.4500083 -1.5549873 -1.6649516 -1.7805029 -1.8904672 -1.9880158 -2.0853374 -2.1459876 -2.1950262 -2.1981377 -2.1953976 -2.189378 -2.1648404 -2.1372039 -2.0946688 -2.0670323 -2.0199633 -1.9867382 -1.966678 -1.9600867 -1.9998262 -2.0565565 -2.1326383 -2.2264264 -2.309336 -2.4246227 -2.5288952 -2.5875425 -2.6348545 -2.6569638 -2.6252938 -2.5712955 -2.5835217 -2.5833473 -2.5774948 -2.5565393 -2.4804576 -2.4349121 -2.4056499 -2.362871 -2.3047219 -2.2252538 -2.1644711 -2.1000942 -2.0576337 -2.0283715 -2.0274493 -2.0328984 -2.0738655 -2.1129703 -2.1539374 -2.1797288 -2.1830455 -2.1713406 -2.1267203
-1.3649565 -1.4336784 -1.5170663 -1.6058496 -1.7092415 -1.8084341 -1.9148875 -2.0038579 -2.0968785 -2.1534369 -2.2008252 -2.2047609 -2.2061309 -2.2073852 -2.2018579 -2.1835662 -2.1733261 -2.1520975 -2.119927 -2.1159405 -2.1330838 -2.1354191 -2.1869276 -2.2321675 -2.2959354 -2.3502231 -2.4262708 -2.4999561 -2.6011577 -2.6439886 -2.6610162 -2.6747609 -2.6398855 -2.5622483 -2.5453625 -2.5448902 -2.5344513 -2.5060466 -2.4249795 -2.3622825 -2.3294905 -2.2676681 -2.2215437 -2.1588117 -2.0980291 -2.0365238 -2.0097042 -1.9828353 -1.9961957 -2.0109564 -2.0573674 -2.1100394 -2.1529011 -2.1786925 -2.1913209 -2.179616 -2.127607
