P2_models/J1_p2_tot_conduct_slide_29.85.dat.tif
NCOLS 118
NROWS 92
XLLCORNER 139.62
YLLCORNER -39.07
DX 0.099491525
DY 0.099347826
NODATA_VALUE -9999
[rows 0 to 24 of 92, columns 0 to 56 of 118]
-1.5849231 -1.593862 -1.7082773 -1.8123982 -1.9403159 -2.050365 -2.1448819 -2.221914 -2.2787663 -2.331348 -2.3902531 -2.4379947 -2.5141326 -2.5622471 -2.6210772 -2.6664755 -2.6714501 -2.5871605 -2.4861104 -2.3645171 -2.2116573 -2.0711404 -1.9561568 -1.8782076 -1.8757098 -1.8977692 -1.9922861 -2.1132428 -2.2327043 -2.3367906 -2.3919784 -2.4077658 -2.3437415 -2.2553885 -2.1093428 -1.9780208 -1.8437073 -1.7529524 -1.6901157 -1.6913464 -1.7280011 -1.7931955 -1.8678141 -1.9447175 -2.0214364 -2.0392864 -2.0759412 -2.0723672 -2.0880764 -2.113979 -2.1558701 -2.2354736 -2.3109382 -2.4159182 -2.5021394 -2.5499713 -2.5671747
-1.4445505 -1.5145903 -1.6200043 -1.7340667 -1.8510407 -1.948172 -2.034446 -2.1003511 -2.1593179 -2.2171751 -2.2873391 -2.386534 -2.4860485 -2.6270273 -2.7162723 -2.8877978 -2.9577626 -2.9316355 -2.8548324 -2.816646 -2.6785061 -2.5887392 -2.4787748 -2.4166477 -2.4102912 -2.4142912 -2.4851108 -2.5848312 -2.6915858 -2.7419894 -2.7813627 -2.7420347 -2.6635389 -2.525148 -2.3592492 -2.1723904 -2.0186743 -1.8727758 -1.7860749 -1.7366235 -1.7493272 -1.784955 -1.8595736 -1.9760801 -2.0711032 -2.1214957 -2.2318169 -2.2823699 -2.3937192 -2.4525863 -2.5547028 -2.6307019 -2.7045139 -2.7925791 -2.8062527 -2.8322309 -2.7687965
-1.301799 -1.3422129 -1.4367299 -1.5341578 -1.6336494 -1.7132258 -1.7828699 -1.8519136 -1.9135036 -1.9998549 -2.1092956 -2.2426431 -2.4217278 -2.6246144 -2.8186229 -2.9979948 -3.1223592 -3.2156645 -3.2256137 -3.2121482 -3.132555 -3.0515084 -2.9669406 -2.9072394 -2.8923157 -2.8968388 -2.9515591 -3.0039324 -3.0536782 -3.0812064 -3.0550244 -2.9872003 -2.8528868 -2.68847 -2.4633049 -2.2334811 -2.0295235 -1.8440487 -1.7079024 -1.6201369 -1.5991913 -1.6295881 -1.7042068 -1.8233287 -1.9699478 -2.1375864 -2.2999147 -2.4713284 -2.6284203 -2.7641977 -2.8846348 -2.9622032 -3.0306904 -3.031465 -3.0083462 -2.9350366 -2.8363759
-1.0906849 -1.1018336 -1.1511049 -1.2485328 -1.3098425 -1.3680435 -1.4289432 -1.5080445 -1.5968324 -1.7017144 -1.885763 -2.0191104 -2.2596569 -2.5332544 -2.8168052 -3.0142373 -3.2132203 -3.318091 -3.3728113 -3.368038 -3.3232668 -3.2439948 -3.1783888 -3.140499 -3.1454736 -3.1522462 -3.2119411 -3.2631649 -3.3029615 -3.3248198 -3.2672194 -3.18773 -3.0086452 -2.8437009 -2.581498 -2.30143 -2.0233143 -1.8084773 -1.5899268 -1.464289 -1.3694495 -1.3756281 -1.4123725 -1.5441109 -1.7091598 -1.93672 -2.1633114 -2.421447 -2.647048 -2.8577171 -3.0212381 -3.1120499 -3.1859214 -3.1140664 -3.0629986 -2.8797248 -2.7551967
-0.90640691 -0.86424528 -0.89906731 -0.94678099 -1.0018266 -1.0595086 -1.1215292 -1.2194929 -1.3176734 -1.4655518 -1.6661745 -1.8792635 -2.1478906 -2.4680125 -2.7579873 -3.0078136 -3.201454 -3.3413439 -3.3835858 -3.399196 -3.3458007 -3.2981228 -3.2434024 -3.2196745 -3.2369614 -3.2730249 -3.3517984 -3.4245018 -3.4872686 -3.5170652 -3.4773485 -3.3935454 -3.2256425 -3.0139387 -2.7364097 -2.4475426 -2.1580829 -1.8576206 -1.6130487 -1.3800202 -1.2575869 -1.1664773 -1.1913502 -1.2758093 -1.4486104 -1.6994646 -1.9665208 -2.2936685 -2.5816703 -2.8498706 -3.0697992 -3.1780553 -3.2606281 -3.1722254 -3.0625066 -2.8597791 -2.6501716
-0.70596962 -0.65294855 -0.6429994 -0.67209086 -0.7099924 -0.7676744 -0.84726762 -0.95249558 -1.0946263 -1.2668561 -1.5205595 -1.7786569 -2.1119536 -2.4369663 -2.74539 -3.0078136 -3.1868983 -3.3165069 -3.3264561 -3.3184758 -3.2438572 -3.1807514 -3.1310057 -3.1079082 -3.1526794 -3.2109325 -3.3303224 -3.4369203 -3.546361 -3.616413 -3.616413 -3.5611949 -3.4268813 -3.239243 -2.9721868 -2.6834937 -2.3651208 -2.050107 -1.7254505 -1.4607403 -1.2251024 -1.1043181 -1.0296995 -1.0885888 -1.2142623 -1.4601922 -1.7534304 -2.0983103 -2.4636947 -2.7516965 -3.0325438 -3.1487838 -3.2482097 -3.1431908 -3.0128327 -2.7719585 -2.5321961
-0.54622777 -0.48471486 -0.46157973 -0.47137755 -0.51501937 -0.57768119 -0.67883281 -0.83737115 -1.020591 -1.2021618 -1.4851687 -1.8119314 -2.1595238 -2.5077611 -2.802245 -3.0164272 -3.1279377 -3.2541496 -3.2244147 -3.1359147 -3.0300353 -2.9028234 -2.8441376 -2.8031799 -2.8618485 -2.9815604 -3.177109 -3.2938972 -3.4409539 -3.6085598 -3.6563658 -3.696684 -3.6050799 -3.4966343 -3.2668823 -3.0266459 -2.7180013 -2.4087551 -2.0593416 -1.7558625 -1.4525298 -1.267348 -1.1172998 -1.0534724 -1.1351863 -1.3734735 -1.6379023 -1.9783171 -2.3448648 -2.6444411 -2.9628101 -3.0853233 -3.1982708 -3.093252 -2.9577988 -2.7169245 -2.4678211
-0.41093897 -0.33339729 -0.30354983 -0.31889245 -0.36626937 -0.46350548 -0.58289531 -0.75869588 -0.96241662 -1.2241174 -1.5474649 -1.886181 -2.2542996 -2.5783851 -2.8519868 -3.0347831 -3.1243255 -3.1221179 -3.0272883 -2.8876443 -2.7273519 -2.5928731 -2.5182544 -2.4845448 -2.5699463 -2.7072302 -2.9239658 -3.1651904 -3.3941468 -3.6262264 -3.7632204 -3.8800225 -3.850175 -3.7694904 -3.5862165 -3.4124338 -3.1139592 -2.7900319 -2.4182478 -2.0454757 -1.6998735 -1.4202807 -1.2312468 -1.1391722 -1.1653541 -1.3244099 -1.5809933 -1.9104231 -2.2769708 -2.5954892 -2.9149093 -3.0467024 -3.1600171 -3.0577696 -2.9305278 -2.6924273 -2.465447
-0.33021887 -0.25406975 -0.22903896 -0.24603437 -0.30762436 -0.41315846 -0.56737033 -0.75320807 -1.0090434 -1.2818924 -1.6549856 -2.0041565 -2.3767359 -2.7017825 -2.930613 -3.102352 -3.0924028 -3.0662347 -2.8622771 -2.6951579 -2.4514036 -2.2948296 -2.1907655 -2.1430366 -2.2524773 -2.3967683 -2.6753446 -2.9354485 -3.2538214 -3.5144601 -3.7710435 -3.9206542 -4.0201458 -3.968186 -3.8894119 -3.7556552 -3.5317992 -3.2202245 -2.8641496 -2.4830204 -2.0910556 -1.7880772 -1.5168718 -1.3982095 -1.3392128 -1.4709702 -1.6679227 -1.9803937 -2.3204355 -2.6244765 -2.9273278 -3.0591208 -3.1724356 -3.0784714 -2.9553648 -2.7511454 -2.5346673
-0.33153504 -0.25921966 -0.23434678 -0.26007015 -0.31989643 -0.42530079 -0.5814061 -0.78719283 -1.0471367 -1.3479388 -1.7260223 -2.0991155 -2.4703371 -2.7788074 -2.9920569 -3.1293492 -3.0955709 -3.0078675 -2.7742259 -2.5446963 -2.2761976 -2.0716848 -1.9581546 -1.8861885 -1.989927 -2.146677 -2.4281552 -2.7249434 -3.0610329 -3.3783532 -3.6672527 -3.9007634 -4.0462354 -4.0902051 -4.0478586 -4.0238454 -3.8474251 -3.6014874 -3.2769019 -2.9181998 -2.5352291 -2.2012428 -1.9224062 -1.7409577 -1.6620195 -1.724156 -1.8993509 -2.1464963 -2.4732495 -2.7378601 -3.0310983 -3.140129 -3.2539946 -3.1722404 -3.0629612 -2.8833863 -2.7022088
-0.3887483 -0.33067301 -0.30580013 -0.3287511 -0.3856034 -0.4786776 -0.63786404 -0.83809591 -1.1034066 -1.4021145 -1.7851569 -2.1613687 -2.5245128 -2.825585 -3.0245681 -3.1424706 -3.0877503 -2.9725595 -2.7138815 -2.4478222 -2.1592967 -1.914373 -1.7750849 -1.6965427 -1.7960342 -1.9364963 -2.2200472 -2.5114669 -2.8596873 -3.1952449 -3.5094287 -3.7857974 -3.9748313 -4.1151101 -4.1570013 -4.1675126 -4.0530973 -3.891303 -3.613774 -3.3090073 -2.947696 -2.6347486 -2.3412486 -2.1523001 -2.0370994 -2.0780269 -2.2037004 -2.428937 -2.6959932 -2.941435 -3.192782 -3.2910703 -3.3796237 -3.3022414 -3.2115835 -3.0492552 -2.9050222
-0.57502547 -0.51909004 -0.49828655 -0.52123752 -0.55084178 -0.62006515 -0.73721186 -0.9236703 -1.1416041 -1.4300053 -1.7633019 -2.1365318 -2.4773951 -2.7609883 -2.9450477 -3.0625344 -3.0127887 -2.9009809 -2.6622013 -2.3995127 -2.1209364 -1.8771176 -1.7343702 -1.6490143 -1.7136838 -1.8437405 -2.072571 -2.3509688 -2.6444688 -2.9692434 -3.2572452 -3.5364815 -3.7553628 -3.8977867 -4.0117266 -4.0925662 -4.096562 -3.9667433 -3.8062605 -3.5339857 -3.2519487 -2.9602304 -2.7075937 -2.5208696 -2.4096538 -2.431701 -2.5327901 -2.7263271 -2.9629905 -3.1720048 -3.3976869 -3.4712819 -3.5472731 -3.4698908 -3.3816903 -3.2560168 -3.1243747
-0.80886061 -0.770177 -0.75263255 -0.76513982 -0.78756134 -0.83686542 -0.94092645 -1.0092366 -1.2053066 -1.4640202 -1.7973169 -2.0625632 -2.3958598 -2.6340862 -2.8181455 -2.9250056 -2.8867017 -2.7778627 -2.5390831 -2.3271554 -2.0485791 -1.8513707 -1.707108 -1.6314735 -1.696143 -1.7505718 -1.9435153 -2.1892568 -2.4827568 -2.7035845 -2.9915862 -3.2073714 -3.4262528 -3.6079987 -3.7471122 -3.8703515 -3.8828267 -3.8935503 -3.7593688 -3.6227765 -3.3833204 -3.1834709 -2.9594363 -2.8471642 -2.7383645 -2.762129 -2.8451596 -3.0262524 -3.2211937 -3.4163186 -3.5917685 -3.6599844 -3.7019606 -3.6245783 -3.5363778 -3.4107043 -3.3095649
-1.1029234 -1.0854621 -1.075513 -1.0702432 -1.0607679 -1.0774938 -1.1023667 -1.1706768 -1.2891191 -1.4696942 -1.6985247 -1.9470124 -2.2106649 -2.443383 -2.607544 -2.7138914 -2.6989677 -2.622271 -2.4431863 -2.2464183 -2.0325116 -1.8416616 -1.7123226 -1.6300123 -1.6499106 -1.7008979 -1.8352115 -2.0050947 -2.189154 -2.387849 -2.5973048 -2.8065335 -3.0104911 -3.2085667 -3.4180226 -3.5783943 -3.7027587 -3.7583959 -3.7531595 -3.6684884 -3.5323421 -3.3732016 -3.2140151 -3.1017431 -3.0231971 -3.0450566 -3.1183661 -3.2719253 -3.4447263 -3.6085353 -3.7656272 -3.8119066 -3.8447731 -3.7673908 -3.6810587 -3.5710944 -3.4753875
-1.4633718 -1.4684236 -1.47196 -1.4622881 -1.4274603 -1.3671586 -1.3260555 -1.3349831 -1.3600158 -1.4682422 -1.5878589 -1.8286428 -2.0407896 -2.1850608 -2.3172043 -2.4331874 -2.4425818 -2.4012217 -2.2877991 -2.1207482 -1.9691624 -1.7799632 -1.6631458 -1.586095 -1.5719419 -1.5958953 -1.6440634 -1.7601651 -1.8396295 -2.007702 -2.1433238 -2.3441051 -2.5322234 -2.7380029 -2.9737629 -3.2237707 -3.4264883 -3.5578543 -3.6507479 -3.6455115 -3.5851614 -3.4795492 -3.3610736 -3.2670798 -3.2042093 -3.2171621 -3.2840522 -3.4092574 -3.5720565 -3.7002099 -3.8489424 -3.8776578 -3.9085437 -3.8366368 -3.7554746 -3.658968 -3.5605246
-1.7947943 -1.8444653 -1.859389 -1.8378557 -1.7904788 -1.6923148 -1.6176962 -1.5234998 -1.5140245 -1.4920723 -1.5752891 -1.6870306 -1.8412425 -1.9270981 -2.0481027 -2.1419544 -2.1580386 -2.1589666 -2.0656024 -1.9751363 -1.8426874 -1.7150264 -1.6155349 -1.5440181 -1.5205785 -1.4952734 -1.5204796 -1.5396914 -1.5919066 -1.6495366 -1.7591423 -1.8945141 -2.077399 -2.2872239 -2.5490437 -2.8488704 -3.0826754 -3.3183117 -3.4596944 -3.5633874 -3.558151 -3.529864 -3.4452962 -3.3864956 -3.339368 -3.354653 -3.4122534 -3.519776 -3.6611587 -3.7767113 -3.8971484 -3.9257647 -3.9439947 -3.875758 -3.800058 -3.7066225 -3.6123674
-2.1240519 -2.1890317 -2.2387775 -2.2164473 -2.1501196 -2.0444558 -1.8952185 -1.7766392 -1.6487215 -1.5847969 -1.5400257 -1.5941342 -1.64388 -1.7019097 -1.7765283 -1.8505341 -1.8803816 -1.8874159 -1.8575684 -1.7963102 -1.7266662 -1.6294103 -1.5647408 -1.5042789 -1.4545332 -1.4157951 -1.3759985 -1.3608653 -1.3359924 -1.3514931 -1.3881479 -1.4904996 -1.6546606 -1.8591737 -2.1576482 -2.4666101 -2.7899576 -3.0566157 -3.3027263 -3.4423422 -3.5313609 -3.5280435 -3.5031707 -3.4548347 -3.4181799 -3.4280256 -3.4652389 -3.558767 -3.6677819 -3.7734465 -3.8772788 -3.90884 -3.9307483 -3.869948 -3.800058 -3.7110393 -3.6189906
-2.3051094 -2.3922341 -2.4647649 -2.4630954 -2.3967677 -2.2911039 -2.1261416 -1.9373536 -1.7714633 -1.6729373 -1.6002056 -1.5323412 -1.5597725 -1.5713531 -1.6382565 -1.6880023 -1.7310727 -1.7422592 -1.7268252 -1.7196472 -1.6666891 -1.6407527 -1.5854607 -1.5500031 -1.4976797 -1.4298747 -1.3544781 -1.3185841 -1.2782788 -1.2204469 -1.2409991 -1.2832799 -1.4379284 -1.6266361 -1.9269938 -2.2389842 -2.5762177 -2.8882846 -3.1574193 -3.3508091 -3.4648046 -3.5056287 -3.4920805 -3.4656289 -3.4271088 -3.4397226 -3.4617083 -3.545281 -3.6334487 -3.7306253 -3.8208912 -3.8506592 -3.8837751 -3.8260877 -3.7804112 -3.6927137 -3.6056396
-2.4180456 -2.5544345 -2.6439769 -2.6423074 -2.5759797 -2.4605202 -2.2764609 -2.0887939 -1.8945485 -1.7221261 -1.5927871 -1.501016 -1.4811177 -1.4855352 -1.535281 -1.5939941 -1.6437399 -1.6953644 -1.7152627 -1.7362239 -1.7262747 -1.710512 -1.6806645 -1.6480064 -1.5883115 -1.5149018 -1.4253595 -1.3268497 -1.2373073 -1.1549135 -1.1339679 -1.1548445 -1.2891581 -1.4796008 -1.7833117 -2.0931705 -2.45134 -2.7793455 -3.0778201 -3.2914912 -3.4276375 -3.4779994 -3.4730248 -3.4454523 -3.4035611 -3.3981391 -3.4138482 -3.4814531 -3.5652354 -3.6568453 -3.745864 -3.7911118 -3.8261817 -3.7967671 -3.7556264 -3.6718441 -3.5765408
-2.3994179 -2.5431705 -2.6501861 -2.6489268 -2.6015499 -2.4940449 -2.3199255 -2.133337 -1.9438293 -1.7711625 -1.6368489 -1.5444806 -1.52057 -1.5238623 -1.5835572 -1.6475481 -1.7370905 -1.7990538 -1.8686979 -1.9011139 -1.9359359 -1.9278354 -1.9167786 -1.896376 -1.8366811 -1.7621175 -1.6477023 -1.5427337 -1.4133947 -1.3208091 -1.252736 -1.2608285 -1.3453963 -1.5292747 -1.7985727 -2.0863347 -2.4096822 -2.7307138 -3.0033092 -3.2124618 -3.3344989 -3.3812128 -3.3674677 -3.3379697 -3.2917948 -3.2815762 -3.2896635 -3.3572683 -3.4410506 -3.542692 -3.6403069 -3.7046379 -3.7516708 -3.7406162 -3.7061089 -3.6380358 -3.5454946
-2.2974671 -2.4431366 -2.5511014 -2.5667122 -2.5266817 -2.436606 -2.2721115 -2.1487628 -1.9766758 -1.8066788 -1.6753622 -1.6145529 -1.5918961 -1.6283664 -1.6892566 -1.7934092 -1.8964858 -1.9798079 -2.0499354 -2.1333422 -2.1682735 -2.2125955 -2.2076209 -2.1978366 -2.1381417 -2.0706569 -1.9562417 -1.8379239 -1.7085849 -1.5840225 -1.5153082 -1.4752375 -1.5572477 -1.660632 -1.9137672 -2.150044 -2.4611627 -2.7049462 -2.9604965 -3.1096357 -3.2118349 -3.224365 -3.199229 -3.1449137 -3.0968001 -3.0848643 -3.0969856 -3.1658349 -3.263456 -3.3689556 -3.4963675 -3.5636868 -3.6453053 -3.6342507 -3.6316592 -3.563586 -3.5002908
-2.1510164 -2.2789858 -2.3834519 -2.41671 -2.4024969 -2.3356182 -2.2162283 -2.0928797 -1.964962 -1.848094 -1.7685008 -1.7222542 -1.747127 -1.7934353 -1.8879523 -1.9921048 -2.1164692 -2.2310943 -2.3355604 -2.4264844 -2.4911539 -2.5390821 -2.5490312 -2.5416471 -2.4919014 -2.4245836 -2.3101683 -2.1887021 -2.0444393 -1.9118704 -1.8071424 -1.7496982 -1.7745711 -1.8527325 -2.0255335 -2.2248883 -2.4487442 -2.6582743 -2.8363117 -2.954566 -3.00693 -3.0006052 -2.9508594 -2.8965441 -2.8389437 -2.8338797 -2.8548253 -2.9423776 -3.0523419 -3.1873353 -3.328718 -3.4241545 -3.5149113 -3.5366141 -3.5440508 -3.507396 -3.4499856
-1.9243158 -2.040886 -2.1351725 -2.1701901 -2.1907634 -2.1891817 -2.1377052 -2.0539449 -2.0008302 -1.9181304 -1.9120828 -1.8683497 -1.9205581 -2.00677 -2.1247784 -2.2305368 -2.3596504 -2.4777945 -2.5822606 -2.676197 -2.7457173 -2.7943995 -2.8071317 -2.8066275 -2.7667868 -2.7021724 -2.5977063 -2.4794461 -2.3501071 -2.2160175 -2.1112896 -2.0355367 -2.0185063 -2.0923946 -2.2019917 -2.2863405 -2.403756 -2.5549034 -2.6279222 -2.6903665 -2.6681714 -2.627693 -2.5404355 -2.4800274 -2.4158097 -2.4285929 -2.463718 -2.5844628 -2.7133319 -2.8902677 -3.0486632 -3.1851083 -3.2897759 -3.3561035 -3.37724 -3.3716773 -3.3333767
-1.7370238 -1.8239657 -1.9135081 -1.9672866 -1.999037 -2.0696875 -2.0430725 -2.0398112 -2.0066563 -1.9949159 -2.0042187 -2.0281255 -2.0977696 -2.1768329 -2.2894107 -2.3991649 -2.5190144 -2.6281373 -2.7227071 -2.8061139 -2.8667428 -2.9203996 -2.9353233 -2.9306374 -2.8922303 -2.8429719 -2.7471483 -2.6478856 -2.5319681 -2.4180238 -2.3236302 -2.2478773 -2.227979 -2.2389647 -2.3122743 -2.3267527 -2.412351 -2.4407498 -2.4732081 -2.417878 -2.362214 -2.2482926 -2.1438265 -2.0521565 -1.9840833 -2.0046006 -2.0517282 -2.2010321 -2.3528876 -2.5555413 -2.7440515 -2.9027311 -3.0374761 -3.1168463 -3.1765266 -3.1842427 -3.1888814
-1.559229 -1.6313096 -1.7158774 -1.7881022 -1.868643 -1.9392935 -1.9989884 -2.0273928 -2.0605566 -2.0818453 -2.1266165 -2.171647 -2.2462657 -2.3258546 -2.415397 -2.5109312 -2.6004736 -2.6902297 -2.7548992 -2.8185324 -2.8533544 -2.8884439 -2.8934185 -2.8871727 -2.8523507 -2.8057164 -2.7310978 -2.6478856 -2.5633178 -2.473907 -2.4058338 -2.3472251 -2.3273268 -2.3309484 -2.351894 -2.3640082 -2.3640082 -2.3538204 -2.2805109 -2.1881362 -2.0310443 -1.8926853 -1.7334988 -1.6291654 -1.5453831 -1.5666529 -1.634726 -1.7946119 -1.9865425 -2.2009047 -2.4211711 -2.5948687 -2.7580603 -2.8520245 -2.9281571 -2.9648118 -2.9901858
