P2_models/J1_p2_vp_slide_diff2_260.dat.tif
NCOLS 118
NROWS 92
XLLCORNER 139.62
YLLCORNER -39.07
DX 0.099491525
DY 0.099347826
NODATA_VALUE -9999
[rows 24 to 47 of 92, columns 55 to 109 of 118]
-0.082908716 -0.093059516 -0.10321032 -0.11336112 -0.12351192 -0.12813577 -0.12900384 -0.1298719 -0.13073996 -0.13160803 -0.13357458 -0.1373562 -0.1431524 -0.14894859 -0.15474479 -0.16054098 -0.16032795 -0.14489129 -0.12945463 -0.11401797 -0.098581303 -0.083297806 -0.081693177 -0.080088547 -0.078483918 -0.076879289 -0.075274659 -0.082786213 -0.094888888 -0.10699156 -0.11909424 -0.13119691 -0.1398483 -0.14228077 -0.14471325 -0.14714572 -0.14957819 -0.15231077 -0.14691433 -0.14168771 -0.13646109 -0.13123447 -0.12600785 -0.12013596 -0.11123147 -0.10232698 -0.093422488 -0.084517997 -0.08949816 -0.10910754 -0.12871692 -0.14832631 -0.16793569 -0.17185945 -0.16563347
-0.084033361 -0.094184161 -0.10433496 -0.11448576 -0.12463656 -0.12744786 -0.12708904 -0.1279571 -0.12882517 -0.12969323 -0.1305613 -0.13458414 -0.14035735 -0.14615355 -0.15194974 -0.15774594 -0.15422789 -0.13879123 -0.12335456 -0.1079179 -0.092481236 -0.096482102 -0.086119316 -0.084514686 -0.082910057 -0.081305428 -0.079700798 -0.087471778 -0.099574453 -0.11167713 -0.1237798 -0.13302107 -0.13240541 -0.12961447 -0.13204694 -0.13447942 -0.13691189 -0.13911603 -0.13388941 -0.12866278 -0.12343616 -0.11820954 -0.12760742 -0.13078566 -0.1221395 -0.11323501 -0.10433052 -0.09542603 -0.093568607 -0.10929813 -0.12890751 -0.14851689 -0.16812627 -0.17111726 -0.16497093
-0.093311943 -0.092762008 -0.10291281 -0.11306361 -0.12321441 -0.12602571 -0.12384951 -0.12291298 -0.12378105 -0.12464911 -0.12551717 -0.12954002 -0.13367127 -0.1391639 -0.14496009 -0.15075629 -0.14723824 -0.13180158 -0.11636491 -0.10336716 -0.10806868 -0.11259653 -0.10161342 -0.090630304 -0.088464023 -0.086859394 -0.085254764 -0.093025744 -0.10512842 -0.11723109 -0.12527756 -0.1279 -0.12728435 -0.12083392 -0.11692346 -0.11935593 -0.1217884 -0.12399254 -0.11876592 -0.1135393 -0.10831268 -0.11921324 -0.13197449 -0.13515274 -0.13731037 -0.12982335 -0.12091886 -0.11201437 -0.11015695 -0.11165907 -0.12626063 -0.14587001 -0.16547939 -0.16847038 -0.1625765
-0.10509438 -0.10414673 -0.10319907 -0.11164146 -0.12179226 -0.12460356 -0.12242736 -0.12025116 -0.11873692 -0.11960499 -0.12047305 -0.1244959 -0.12862715 -0.1327584 -0.13797044 -0.14376664 -0.14024859 -0.12481193 -0.11478006 -0.11948158 -0.12418311 -0.12871096 -0.11772785 -0.10674473 -0.095761619 -0.09241336 -0.090808731 -0.098579711 -0.11068239 -0.11753405 -0.1201565 -0.12277894 -0.12216328 -0.11571285 -0.10926242 -0.10423244 -0.10666492 -0.10886905 -0.10364243 -0.09841581 -0.11081907 -0.12358032 -0.13634157 -0.13951982 -0.14167744 -0.14383507 -0.1375072 -0.12860271 -0.12674529 -0.12824741 -0.12974953 -0.14322313 -0.16283251 -0.1658235 -0.15992963
-0.11687682 -0.11592917 -0.11498151 -0.11403385 -0.1203701 -0.1231814 -0.1210052 -0.118829 -0.1166528 -0.11456087 -0.11542893 -0.11945178 -0.12358303 -0.12771428 -0.13184553 -0.13677699 -0.13325894 -0.12619296 -0.13089449 -0.13559601 -0.14029754 -0.14482539 -0.13384227 -0.12285916 -0.11187605 -0.10089293 -0.096362697 -0.10413368 -0.10979054 -0.11241299 -0.11503543 -0.11765788 -0.11704222 -0.11059179 -0.10414136 -0.09769093 -0.09154143 -0.093745566 -0.089663641 -0.10242489 -0.11518614 -0.12794739 -0.14070865 -0.14388689 -0.14604452 -0.14820215 -0.15035977 -0.14519105 -0.14333362 -0.14483575 -0.14633787 -0.14783999 -0.16018563 -0.16317662 -0.15728275
-0.12744063 -0.12649297 -0.12554532 -0.12459766 -0.12365 -0.12139965 -0.11922345 -0.11704725 -0.11487105 -0.11269486 -0.11051866 -0.11352032 -0.11765157 -0.12178282 -0.12591407 -0.13004532 -0.13442673 -0.13912826 -0.14382979 -0.14853132 -0.15323284 -0.15774161 -0.14846019 -0.13747707 -0.12649396 -0.11551085 -0.10452773 -0.10285064 -0.10547308 -0.10809553 -0.11071798 -0.11334042 -0.11380101 -0.10735058 -0.10090015 -0.094449722 -0.087999292 -0.082121613 -0.094882864 -0.10764412 -0.12040537 -0.13316662 -0.14567043 -0.14836302 -0.15052065 -0.15267828 -0.1548359 -0.15699353 -0.15771154 -0.15921367 -0.16071579 -0.16221791 -0.16372004 -0.16137308 -0.1554792
-0.12840312 -0.12702459 -0.12607693 -0.12512928 -0.12418162 -0.11986336 -0.11448139 -0.11230519 -0.11012899 -0.10795279 -0.10577659 -0.10267058 -0.10441527 -0.10854652 -0.11267777 -0.11680902 -0.12119043 -0.12589196 -0.13059349 -0.13529501 -0.1395667 -0.14276038 -0.14712262 -0.13977518 -0.12879207 -0.11780895 -0.10682584 -0.10514874 -0.10777119 -0.11039364 -0.11301608 -0.11115076 -0.11156109 -0.11958495 -0.11313452 -0.10668409 -0.10023366 -0.094355981 -0.10711723 -0.11987848 -0.13263973 -0.14412484 -0.14469175 -0.15189285 -0.15589452 -0.15805215 -0.16020977 -0.1623674 -0.15822105 -0.15539469 -0.15689682 -0.15839894 -0.15990106 -0.16207872 -0.16061823
-0.13435279 -0.12885127 -0.12660855 -0.12566089 -0.12471324 -0.12039498 -0.11378625 -0.10756313 -0.10538693 -0.10321073 -0.10103453 -0.097928519 -0.094790556 -0.095310217 -0.099441467 -0.10357272 -0.10795413 -0.11265566 -0.11735719 -0.12140487 -0.12458547 -0.12777915 -0.13214139 -0.13650362 -0.13109017 -0.12010706 -0.10912394 -0.10744685 -0.11006929 -0.11269174 -0.10989139 -0.10509477 -0.1055051 -0.11529789 -0.12509067 -0.11891846 -0.11246803 -0.10659035 -0.1193516 -0.13211285 -0.14257925 -0.14314616 -0.14371306 -0.15091416 -0.15882183 -0.16342602 -0.16558365 -0.16774127 -0.16359492 -0.15644327 -0.15307784 -0.15457997 -0.15608209 -0.15825975 -0.16079857
-0.14030246 -0.13480093 -0.12929941 -0.12619251 -0.12524485 -0.12092659 -0.11431787 -0.10770915 -0.10110042 -0.098468669 -0.09629247 -0.093186457 -0.090048494 -0.086910531 -0.086205166 -0.090336416 -0.09471783 -0.099419357 -0.10324305 -0.10642364 -0.10960424 -0.11279792 -0.11716016 -0.12152239 -0.12588462 -0.12240516 -0.11142205 -0.10974495 -0.1123674 -0.10863202 -0.1038354 -0.099038783 -0.099449114 -0.1092419 -0.11903468 -0.12882746 -0.1247024 -0.11882472 -0.13158597 -0.14103366 -0.14160057 -0.14216748 -0.14273438 -0.14993548 -0.15784315 -0.16575081 -0.17095752 -0.17311514 -0.16896879 -0.16181714 -0.15466549 -0.15076099 -0.15226312 -0.15444077 -0.1569796
-0.14625212 -0.1407506 -0.13524907 -0.12974755 -0.12577647 -0.12145821 -0.11484949 -0.10824076 -0.10163204 -0.095023313 -0.091550408 -0.088444395 -0.085306432 -0.082168469 -0.079030507 -0.077100115 -0.081481529 -0.085081222 -0.088261819 -0.091442415 -0.094623012 -0.097816693 -0.10217893 -0.10654116 -0.1109034 -0.11526563 -0.11372015 -0.11204306 -0.10737265 -0.10257603 -0.097779411 -0.092982793 -0.093393124 -0.10318591 -0.11297869 -0.12277147 -0.13256425 -0.13105908 -0.13948807 -0.14005498 -0.14062189 -0.14118879 -0.1417557 -0.1489568 -0.15686446 -0.16477213 -0.17267979 -0.17848902 -0.17434266 -0.16719101 -0.16003936 -0.15288771 -0.14844414 -0.1506218 -0.15316063
-0.15175194 -0.14625042 -0.14074889 -0.13524737 -0.12974584 -0.12221511 -0.11560639 -0.10899767 -0.10238894 -0.095780216 -0.089171491 -0.089238204 -0.086100241 -0.082962278 -0.079824315 -0.076686353 -0.07632016 -0.079500757 -0.082681353 -0.08586195 -0.089042547 -0.087795132 -0.097315446 -0.10167768 -0.10603991 -0.11040215 -0.11476438 -0.11286209 -0.10806547 -0.10326885 -0.098472233 -0.093675615 -0.092304229 -0.10203984 -0.11183262 -0.12162541 -0.13141819 -0.14093592 -0.14150283 -0.14206974 -0.14263664 -0.14320355 -0.1413711 -0.14063028 -0.14853794 -0.1564456 -0.16435327 -0.17226093 -0.17484691 -0.16769526 -0.16054361 -0.15339196 -0.14624031 -0.14428589 -0.14682472
-0.15165344 -0.15100831 -0.14550679 -0.14000526 -0.13450374 -0.12656534 -0.11697098 -0.11012613 -0.1035174 -0.096908678 -0.090299953 -0.094168861 -0.096024225 -0.092886262 -0.089748299 -0.086610337 -0.086244144 -0.089424741 -0.092605337 -0.095785934 -0.092494851 -0.085595874 -0.10214638 -0.11350115 -0.11786339 -0.12222562 -0.12658785 -0.12468556 -0.11988894 -0.11509232 -0.1102957 -0.1022074 -0.10010606 -0.10915997 -0.11878438 -0.12857716 -0.13836994 -0.14788768 -0.14845459 -0.14902149 -0.1495884 -0.14695703 -0.14006403 -0.13122467 -0.12809281 -0.13600047 -0.14390813 -0.1518158 -0.15758526 -0.16016815 -0.1530165 -0.14586485 -0.1387132 -0.13609904 -0.13633769
-0.14330585 -0.14858512 -0.15026469 -0.14476316 -0.13926163 -0.13132323 -0.12172887 -0.11213452 -0.10464586 -0.098037139 -0.091428415 -0.095297323 -0.099526255 -0.10281025 -0.099672283 -0.096534321 -0.096168128 -0.099348725 -0.10252932 -0.09745714 -0.090295593 -0.083396615 -0.099947124 -0.11649763 -0.12968686 -0.13404909 -0.13841132 -0.13650903 -0.13171241 -0.12659353 -0.11830138 -0.11000923 -0.10790789 -0.1169618 -0.12601572 -0.13552892 -0.1453217 -0.15483943 -0.15540634 -0.15597325 -0.15254297 -0.14564996 -0.13875695 -0.1299176 -0.12087095 -0.11555533 -0.123463 -0.13137066 -0.13714013 -0.14189025 -0.14548939 -0.13833774 -0.13118609 -0.12857193 -0.12838369
-0.13495826 -0.14023753 -0.1455168 -0.14952106 -0.14401953 -0.13608113 -0.12648677 -0.11689241 -0.10729805 -0.099165601 -0.092556877 -0.096425785 -0.10065472 -0.10488365 -0.10911258 -0.1064583 -0.10609211 -0.10927271 -0.10241943 -0.095257882 -0.088096334 -0.081197357 -0.097747866 -0.11429837 -0.13084888 -0.14587256 -0.1502348 -0.1483325 -0.14268751 -0.13439536 -0.12610321 -0.11781106 -0.11570971 -0.12476363 -0.13381755 -0.14287146 -0.15227346 -0.16179119 -0.1623581 -0.1581289 -0.1512359 -0.14434289 -0.13744988 -0.12861052 -0.11956388 -0.11051723 -0.10301786 -0.11092553 -0.11669499 -0.12144511 -0.12619524 -0.13081063 -0.12365898 -0.12104482 -0.12085658
-0.12661066 -0.13188993 -0.1371692 -0.14244847 -0.14772774 -0.14083903 -0.13124467 -0.12165031 -0.11205595 -0.10246159 -0.093685338 -0.097554246 -0.10178318 -0.10601211 -0.11024104 -0.11446998 -0.11454327 -0.10738172 -0.10022017 -0.093058623 -0.085897076 -0.078998098 -0.095548607 -0.11209912 -0.12864963 -0.14520013 -0.16175064 -0.15878149 -0.15048934 -0.14219719 -0.13390504 -0.12561289 -0.12351154 -0.13256546 -0.14161937 -0.15067329 -0.15972721 -0.16874295 -0.16371484 -0.15682183 -0.14992882 -0.14303582 -0.13614281 -0.12730345 -0.1182568 -0.10921015 -0.1001635 -0.091116854 -0.096249857 -0.10099998 -0.1057501 -0.11050023 -0.11525035 -0.11351771 -0.11332947
-0.12335249 -0.12863176 -0.13391102 -0.13919029 -0.14166675 -0.14476162 -0.13985767 -0.13026332 -0.12066896 -0.1110746 -0.10148024 -0.10524997 -0.1094789 -0.11370783 -0.11793676 -0.12016999 -0.11601626 -0.10885471 -0.10169317 -0.094531619 -0.087370072 -0.090416259 -0.093659701 -0.11021021 -0.12676072 -0.14331123 -0.15986174 -0.15942021 -0.15112806 -0.14283591 -0.13454376 -0.12775863 -0.12681059 -0.13118633 -0.14024024 -0.14929416 -0.15834808 -0.16692657 -0.16003357 -0.15314056 -0.14624755 -0.13935455 -0.14227256 -0.13472497 -0.12567832 -0.11663167 -0.10758502 -0.10259989 -0.10541419 -0.11016432 -0.11491444 -0.11966456 -0.11950924 -0.11734789 -0.11715965
-0.12181562 -0.12709489 -0.13237416 -0.13365097 -0.13336688 -0.13646176 -0.14185278 -0.14018017 -0.13058581 -0.12099146 -0.1113971 -0.11516682 -0.11939576 -0.12362469 -0.12468814 -0.12288499 -0.11873126 -0.11156972 -0.10440817 -0.097931034 -0.10232119 -0.10667237 -0.10754283 -0.10842627 -0.12497678 -0.14152729 -0.1580778 -0.15763626 -0.14934412 -0.14105197 -0.13531387 -0.13397824 -0.13303019 -0.13278052 -0.13575598 -0.1448099 -0.15386382 -0.16244231 -0.15554931 -0.1486563 -0.14176329 -0.14611858 -0.1526462 -0.14509861 -0.13605196 -0.12700531 -0.12302488 -0.12177856 -0.12459286 -0.12934298 -0.1340931 -0.13303252 -0.12718062 -0.12501927 -0.12483103
-0.12027875 -0.12555802 -0.12563519 -0.1253511 -0.12506702 -0.12816189 -0.13355291 -0.13894393 -0.14050267 -0.13090831 -0.12131395 -0.12508368 -0.12931261 -0.12920629 -0.12740314 -0.12559999 -0.12144627 -0.11428472 -0.10979699 -0.11418715 -0.1185773 -0.12292848 -0.12379894 -0.1246694 -0.12553985 -0.13974335 -0.15629385 -0.15585232 -0.14756017 -0.1428691 -0.14153347 -0.14019785 -0.1392498 -0.13900013 -0.13875046 -0.14032564 -0.14937956 -0.15795806 -0.15106505 -0.14417204 -0.1499646 -0.15649222 -0.16301984 -0.15547225 -0.1464256 -0.14344987 -0.14220354 -0.14095722 -0.14377152 -0.14852165 -0.14655579 -0.1407039 -0.134852 -0.13269065 -0.13250241
-0.11790349 -0.11761941 -0.11733532 -0.11705124 -0.11676716 -0.11986203 -0.12525305 -0.13064407 -0.13603509 -0.14082517 -0.13123081 -0.13500054 -0.13372444 -0.13192129 -0.13011814 -0.128315 -0.12416127 -0.12166295 -0.1260531 -0.13044326 -0.13483341 -0.13918459 -0.14005505 -0.14092551 -0.14179597 -0.14266642 -0.15450991 -0.15406838 -0.15042433 -0.14908871 -0.14775308 -0.14641745 -0.1454694 -0.14521974 -0.14497007 -0.1447204 -0.1448953 -0.1534738 -0.147283 -0.15381062 -0.16033824 -0.16686586 -0.17339348 -0.16584589 -0.16387485 -0.16262853 -0.16138221 -0.16013589 -0.16295019 -0.16007906 -0.15422717 -0.14837528 -0.14252338 -0.14036203 -0.13393965
-0.11135258 -0.1110685 -0.11078442 -0.11050033 -0.11021625 -0.11200733 -0.11739835 -0.12278937 -0.12818039 -0.1335714 -0.13896242 -0.13819797 -0.13639482 -0.13459167 -0.13278852 -0.13098538 -0.13189905 -0.13628921 -0.14067936 -0.14506952 -0.14945967 -0.15354065 -0.15204422 -0.15291468 -0.15378514 -0.15465559 -0.15552605 -0.15488758 -0.15355195 -0.15221632 -0.1508807 -0.14954507 -0.15051614 -0.15026647 -0.15001681 -0.14976714 -0.14951747 -0.14946985 -0.15599747 -0.16252509 -0.16905271 -0.17558033 -0.1820077 -0.1815603 -0.18031397 -0.17906765 -0.17782133 -0.176575 -0.17221121 -0.16635931 -0.16050742 -0.15465553 -0.14880364 -0.14162886 -0.13244857
-0.11827023 -0.11770832 -0.11742423 -0.11714015 -0.11685607 -0.11437756 -0.11290106 -0.11829208 -0.1236831 -0.12907412 -0.13446514 -0.13855272 -0.13872865 -0.1369255 -0.13512235 -0.1333192 -0.13423288 -0.13862304 -0.14301319 -0.14740335 -0.15167768 -0.15542043 -0.13668918 -0.13272234 -0.1335928 -0.13446325 -0.13533371 -0.13469524 -0.13335961 -0.13202398 -0.13068836 -0.13969799 -0.14876212 -0.14646737 -0.1462177 -0.14596804 -0.14571837 -0.14567075 -0.15219837 -0.15872599 -0.16525361 -0.17140723 -0.17465807 -0.17640252 -0.17609127 -0.17484494 -0.17359862 -0.1723523 -0.16799422 -0.1621476 -0.15629571 -0.15044381 -0.14459192 -0.14100378 -0.13546304
-0.12805726 -0.12512795 -0.12406405 -0.12377997 -0.12349588 -0.12101737 -0.11704766 -0.11379479 -0.11918581 -0.12457683 -0.12996785 -0.13405543 -0.13809823 -0.13925933 -0.13745618 -0.13565303 -0.13656671 -0.14095686 -0.14534702 -0.14956307 -0.15355747 -0.15730022 -0.13856897 -0.11983772 -0.11340046 -0.11427091 -0.11514137 -0.1145029 -0.11316727 -0.11183164 -0.12296216 -0.13845487 -0.147519 -0.14499943 -0.14247985 -0.14216893 -0.14191927 -0.14187165 -0.14839927 -0.15492689 -0.16080677 -0.16405761 -0.16730844 -0.1690529 -0.17063692 -0.17062224 -0.16937592 -0.16812959 -0.16377151 -0.15792997 -0.15208399 -0.1462321 -0.14038021 -0.13679207 -0.13441422
-0.13784429 -0.13491498 -0.13198566 -0.13041978 -0.1301357 -0.12765719 -0.12368748 -0.11971777 -0.11574806 -0.12007955 -0.12547057 -0.12955815 -0.13360094 -0.13764373 -0.13979001 -0.13798686 -0.13890054 -0.14329069 -0.14744846 -0.15144286 -0.15543726 -0.15918001 -0.14044876 -0.12171751 -0.10298626 -0.094078573 -0.09494903 -0.094310556 -0.092974929 -0.10622634 -0.12171905 -0.13721175 -0.14627589 -0.14375631 -0.14123674 -0.13871716 -0.13812016 -0.13807254 -0.14460016 -0.15020631 -0.15345715 -0.15670798 -0.15995882 -0.16170327 -0.16328729 -0.16487131 -0.16515321 -0.16390689 -0.15954881 -0.15370726 -0.14786572 -0.14202039 -0.13616849 -0.13258035 -0.13020251
-0.14763132 -0.14470201 -0.14177269 -0.13884338 -0.13677552 -0.13429701 -0.1303273 -0.12635758 -0.12238787 -0.11841816 -0.12097328 -0.12506086 -0.12910365 -0.13314645 -0.13718924 -0.14032069 -0.14123436 -0.14533384 -0.14932824 -0.15332264 -0.15731704 -0.1610598 -0.14232855 -0.1235973 -0.10486605 -0.086134795 -0.07475669 -0.074118216 -0.089490515 -0.10498322 -0.12047593 -0.13596864 -0.14503277 -0.1425132 -0.13999362 -0.13747404 -0.13495447 -0.13427344 -0.13960585 -0.14285668 -0.14610752 -0.14935836 -0.15260919 -0.15435365 -0.15593767 -0.15752169 -0.15910571 -0.15968418 -0.1553261 -0.14948456 -0.14364301 -0.13780147 -0.13195678 -0.12836864 -0.12599079
