P2_models/J1_p2_vp_slide_diff_260.dat.tif
NCOLS 118
NROWS 92
XLLCORNER 139.62
YLLCORNER -39.07
DX 0.099491525
DY 0.099347826
NODATA_VALUE -9999
[rows 54 to 80 of 92, columns 0 to 59 of 118]
-9999 8.3730246 8.3641232 8.3552218 8.3463204 8.3393161 8.3324706 8.3363435 8.3525867 8.3688299 8.3850731 8.3882477 8.3879818 8.3866556 8.3832061 8.3797566 8.3735256 8.3670356 8.3605456 8.3559224 8.3556058 8.3552893 8.3549727 8.3595218 8.3662573 8.3682847 8.3576936 8.3471024 8.340371 8.3340983 8.3278256 8.3270314 8.3367979 8.3465645 8.356331 8.3650201 8.3734218 8.376131 8.3706963 8.3652617 8.3598271 8.3530586 8.3461733 8.347289 8.3541565 8.358355 8.3558385 8.3533221 8.3508056 8.3537185 8.3575697 8.3614209 8.3630059 8.3621462 8.3610639 8.3592103 8.3573567 8.3555032 8.3410993 8.3245227
-9999 8.3836556 8.3747542 8.3663606 8.3595151 8.3526695 8.345824 8.3496969 8.3659401 8.380272 8.3800061 8.3797403 8.3794744 8.3781482 8.3746987 8.3712492 8.3677996 8.3624883 8.3559983 8.3513751 8.3510585 8.350742 8.357424 8.3641594 8.3708948 8.3729223 8.3623312 8.35174 8.3411489 8.3332051 8.3269324 8.3261382 8.3359047 8.3455755 8.3539771 8.3623788 8.3707804 8.3734896 8.368055 8.3623614 8.3554761 8.3485908 8.3417055 8.3428212 8.3496887 8.3565562 8.3629818 8.3604654 8.357949 8.3608618 8.3647131 8.3652822 8.3644225 8.3635628 8.3624804 8.3606269 8.3577712 8.3411946 8.3246181 8.3080416
-9999 8.3942867 8.3865595 8.379714 8.3728685 8.366023 8.3591775 8.3630503 8.3720304 8.3717646 8.3714987 8.3712328 8.370967 8.3696408 8.3661913 8.3627417 8.3592922 8.3558427 8.351451 8.3468277 8.3485908 8.3553262 8.3620616 8.368797 8.3755324 8.3775599 8.3669688 8.3563776 8.3457865 8.3351954 8.3260391 8.3252449 8.3345325 8.3429341 8.3513358 8.3597374 8.3681391 8.3708483 8.3647789 8.3578936 8.3510083 8.3441229 8.3372376 8.3383533 8.3452209 8.3520884 8.3589559 8.3658235 8.3650923 8.3680052 8.3675585 8.3666988 8.3658391 8.3649794 8.363897 8.3578665 8.34129 8.3247135 8.3081369 8.2915604
-9999 8.4040736 8.3972281 8.3903826 8.3835371 8.3766916 8.3698461 8.3630691 8.3628032 8.3625374 8.3622715 8.3620057 8.3617398 8.3630046 8.359555 8.3561055 8.352656 8.3492064 8.3457569 8.3453871 8.3521225 8.358858 8.3655934 8.3723288 8.3790642 8.3823442 8.3720243 8.3614332 8.3508421 8.340251 8.3296598 8.325556 8.3339577 8.3423593 8.3507609 8.3591626 8.3675642 8.3686097 8.3617244 8.354839 8.3479537 8.3410684 8.334183 8.3331528 8.3400203 8.3468879 8.3537554 8.3606229 8.3674905 8.368181 8.3673213 8.3664615 8.3656018 8.3647421 8.3646668 8.3491935 8.332617 8.3160405 8.2994639 8.2828874
-9999 8.4055722 8.3987267 8.3918812 8.3850357 8.3781582 8.3710556 8.3627246 8.3529757 8.3508519 8.350586 8.3503202 8.3500543 8.3515899 8.3567329 8.3558602 8.3524107 8.3489612 8.3455116 8.3451419 8.3518773 8.3586127 8.3653481 8.3720835 8.3736542 8.3744979 8.3748519 8.3679164 8.3573253 8.3467342 8.3361431 8.3320392 8.3404409 8.3488425 8.3572442 8.3656986 8.377183 8.3783138 8.3646323 8.3566114 8.3497261 8.3428407 8.3359554 8.3327128 8.3323173 8.3391849 8.3460524 8.3529199 8.3597875 8.3613133 8.3614355 8.3605757 8.359716 8.3588563 8.3587809 8.3614224 8.3506124 8.3340359 8.3174594 8.3008828
-9999 8.4070708 8.4002253 8.3933798 8.3864114 8.3793089 8.3722063 8.3638753 8.3541264 8.3443775 8.3389005 8.3386346 8.3383688 8.3399044 8.3450474 8.3501905 8.3521654 8.3487159 8.3452663 8.3448966 8.351632 8.3583674 8.3637551 8.3647815 8.3658079 8.3666516 8.3670056 8.3673595 8.3638085 8.3532174 8.3426263 8.3385225 8.3469241 8.3553257 8.3647334 8.3762178 8.3877022 8.3888329 8.3751515 8.36147 8.3514984 8.3446131 8.3377278 8.3344852 8.3338614 8.3332375 8.3383494 8.3452169 8.3520845 8.3536103 8.3542129 8.3546899 8.3538302 8.3529705 8.3528951 8.3555366 8.3581781 8.3520313 8.3354548 8.3188783
-9999 8.4085694 8.4017239 8.3946646 8.3875621 8.3804595 8.373357 8.3650259 8.3552771 8.3455282 8.3357793 8.3269491 8.3266833 8.3282189 8.3333619 8.338505 8.343648 8.3484706 8.3450211 8.3446513 8.3513867 8.3548824 8.3559088 8.3569352 8.3579617 8.3588054 8.3591593 8.3595133 8.3598672 8.3597006 8.3491095 8.3450057 8.3534073 8.3637683 8.3752526 8.386737 8.3982213 8.3993521 8.3856707 8.3719892 8.3583077 8.3463855 8.3395001 8.3362576 8.3356337 8.3350099 8.3343861 8.337514 8.3443815 8.3459073 8.3465099 8.3471126 8.3477152 8.3470847 8.3470093 8.3496508 8.3522923 8.3549338 8.3534502 8.3368737
-9999 8.4100204 8.4029179 8.3958153 8.3887128 8.3816102 8.3745076 8.3661766 8.3564277 8.3466789 8.33693 8.3271812 8.3174323 8.3165333 8.3216764 8.3268194 8.3319625 8.3371055 8.3422486 8.344406 8.3460097 8.3470361 8.3480626 8.349089 8.3501154 8.3509591 8.351313 8.351667 8.352021 8.3523749 8.3527289 8.3514889 8.3628031 8.3742874 8.3857718 8.3972561 8.4087405 8.4098713 8.3961898 8.3825084 8.3688269 8.3551455 8.341464 8.3380299 8.3374061 8.3367823 8.3361584 8.3355346 8.3366785 8.3382043 8.338807 8.3394096 8.3400122 8.3406149 8.3411235 8.343765 8.3464065 8.349048 8.3516895 8.354331
-9999 8.3991547 8.3920522 8.3849496 8.377847 8.3707445 8.3658143 8.3672103 8.3645539 8.354805 8.3450561 8.3353073 8.3255584 8.3175164 8.3168496 8.3219926 8.3271356 8.3322787 8.3374217 8.34132 8.3423464 8.3433728 8.3443993 8.3454257 8.3485023 8.356189 8.3550423 8.3553963 8.3557502 8.3561042 8.3564581 8.3606139 8.3720982 8.3835826 8.395067 8.4065513 8.4116972 8.4037216 8.3928884 8.3792069 8.3655255 8.351844 8.3381626 8.3293712 8.3273529 8.3267291 8.3261052 8.3254814 8.3248576 8.3365004 8.3372795 8.3378821 8.3384848 8.3390874 8.3401017 8.3426141 8.3452556 8.3478971 8.3505386 8.3531801
-9999 8.3830637 8.3759611 8.3688586 8.361756 8.3587104 8.3569374 8.3583335 8.3633868 8.3659644 8.3562156 8.3464667 8.3367178 8.3286758 8.324052 8.3201483 8.3252913 8.3304344 8.3355774 8.3394757 8.3405021 8.3415285 8.3425549 8.3490351 8.3603315 8.3680182 8.3660301 8.3641592 8.3645132 8.3648671 8.3652211 8.3693768 8.3808612 8.3923455 8.4038299 8.4029238 8.3948363 8.3868607 8.3790452 8.3698956 8.3562142 8.3425327 8.3288513 8.3200598 8.3147838 8.3115335 8.3109096 8.3102858 8.309662 8.3213048 8.3350677 8.3390401 8.3396427 8.3402453 8.3412597 8.3437001 8.3461636 8.3488051 8.3514466 8.3540881
-9999 8.3669726 8.3598701 8.3533793 8.3516064 8.3498335 8.3480606 8.3494566 8.35451 8.3595633 8.3646167 8.3576261 8.3478772 8.3398352 8.3352114 8.3305875 8.3259636 8.32859 8.3337331 8.3376313 8.3386577 8.3396842 8.3495679 8.3608643 8.3721607 8.3798475 8.3778593 8.3758712 8.373883 8.37363 8.373984 8.3781397 8.3896241 8.4011084 8.3941504 8.386063 8.3779755 8.3699999 8.3621843 8.3543687 8.3465531 8.3332214 8.3195399 8.3107485 8.3054725 8.3001965 8.2957141 8.2950902 8.2944664 8.3061093 8.3198721 8.333635 8.3408007 8.3414033 8.3424176 8.344858 8.3472984 8.3497388 8.3523547 8.3549962
-9999 8.3508816 8.3462754 8.3445025 8.3427296 8.3409567 8.3391838 8.3405798 8.3456331 8.3506865 8.3557398 8.3607932 8.3590366 8.3509947 8.3463708 8.3417469 8.337123 8.3324992 8.3318887 8.335787 8.3388042 8.3501007 8.3613971 8.3726935 8.38399 8.3916767 8.3896886 8.3877004 8.3857123 8.3837241 8.3827469 8.3869026 8.3934645 8.385377 8.3772896 8.3692021 8.3611146 8.353139 8.3453234 8.3375078 8.3296923 8.3218767 8.3102286 8.3014372 8.2961612 8.2908852 8.2856091 8.2803331 8.2792708 8.2909137 8.3046766 8.3184394 8.3322023 8.3425613 8.3435756 8.346016 8.3484563 8.3508967 8.3533371 8.3559042
-9999 8.3406274 8.3388545 8.3370816 8.3353087 8.3335358 8.3317629 8.3357717 8.3408251 8.3458784 8.3509318 8.3559851 8.3610385 8.3606358 8.3560119 8.3513881 8.3467642 8.3421403 8.3375165 8.3377067 8.3490031 8.3602995 8.371596 8.3828924 8.3941888 8.3995909 8.3976027 8.3956146 8.3936265 8.3916383 8.3896502 8.3855787 8.3774912 8.3694037 8.3613162 8.3532288 8.3451413 8.3381945 8.3303789 8.3225634 8.3147478 8.3069322 8.2991166 8.2958828 8.2906068 8.2853308 8.2800548 8.2747787 8.2695027 8.28046 8.2942229 8.3079858 8.3217487 8.3355115 8.3443295 8.3467699 8.3492103 8.3516506 8.354091 8.3565314
-9999 8.3404481 8.3386752 8.3369023 8.3351294 8.3338686 8.3436269 8.3512011 8.3562544 8.3613078 8.3663612 8.3714145 8.359926 8.3524719 8.3562441 8.3534777 8.3488538 8.34423 8.3396061 8.3397963 8.3510927 8.3623891 8.3736856 8.384982 8.389871 8.3912192 8.3866949 8.3840558 8.3820677 8.3800795 8.3780914 8.3740199 8.3659324 8.3578449 8.3497575 8.34167 8.3379943 8.3327818 8.3249662 8.3171507 8.3093351 8.3024242 8.3053481 8.3056738 8.3037388 8.2984628 8.2931868 8.2879108 8.2826347 8.2935921 8.3073549 8.3211178 8.3348807 8.3408319 8.3430737 8.3455141 8.3479545 8.3503949 8.3534517 8.369274
-9999 8.3402689 8.338496 8.3367231 8.3395397 8.349298 8.3590563 8.3666305 8.3716838 8.3767372 8.3769573 8.3638971 8.350837 8.3433829 8.3471551 8.3509273 8.3509434 8.3463196 8.3416957 8.3418859 8.3531823 8.3644788 8.3745542 8.3780934 8.3816326 8.3829808 8.3784565 8.3739322 8.3705089 8.3685207 8.3665326 8.3624611 8.3543736 8.3462861 8.3393676 8.3359746 8.3325816 8.3273691 8.3195535 8.311738 8.3079096 8.3108335 8.3137573 8.314083 8.3125409 8.3109988 8.3063188 8.3010428 8.2957668 8.3067241 8.3204869 8.3342498 8.3373916 8.3395761 8.341818 8.3442584 8.3466987 8.3530026 8.368825 8.3846473
-9999 8.3400896 8.3383167 8.3452107 8.354969 8.3647274 8.3744857 8.3820598 8.3871132 8.3809284 8.3678683 8.3548081 8.341748 8.3342939 8.3380661 8.3418383 8.3456105 8.3484092 8.3437853 8.3439755 8.3552719 8.3627765 8.3663158 8.369855 8.3733943 8.3747425 8.3702182 8.3656938 8.3611695 8.3569619 8.3549738 8.3509023 8.3428148 8.3373479 8.3339549 8.3305619 8.3271689 8.3219564 8.3141409 8.313395 8.3163189 8.3192427 8.3221666 8.3224922 8.3209501 8.319408 8.3178659 8.3141748 8.3088988 8.3198561 8.3317667 8.3339513 8.3361358 8.3383204 8.3405622 8.3430026 8.3525536 8.3683759 8.3841983 8.4000206
-9999 8.3411234 8.3508818 8.3606401 8.3703984 8.3801567 8.3899151 8.3974892 8.3848996 8.3718394 8.3587793 8.3457191 8.332659 8.3252049 8.3289771 8.3327493 8.3365215 8.3402938 8.344066 8.3460651 8.3509989 8.3545382 8.3580774 8.3616167 8.3651559 8.3665041 8.3619798 8.3574555 8.3529311 8.3484068 8.3438824 8.3393435 8.3353282 8.3319352 8.3285422 8.3251492 8.3217562 8.3165437 8.3188804 8.3218043 8.3247281 8.327652 8.3305758 8.3309015 8.3293594 8.3278172 8.3262751 8.324733 8.3220308 8.3283264 8.330511 8.3326955 8.33488 8.3370646 8.3393065 8.3521045 8.3679269 8.3837492 8.3995716 8.4153939
-9999 8.3459626 8.355721 8.3654793 8.3752376 8.3849959 8.3909921 8.3929486 8.3876433 8.3745831 8.361523 8.3484628 8.3354027 8.3247083 8.3232707 8.327043 8.3308152 8.3345874 8.3383596 8.3420614 8.3456006 8.3491399 8.3526791 8.3562184 8.3588766 8.3583006 8.3594556 8.3549313 8.3504069 8.3458826 8.3413583 8.3372203 8.3338273 8.3304344 8.3270414 8.3236484 8.3213505 8.3211336 8.3221311 8.325055 8.3279788 8.3309027 8.3338265 8.3325268 8.3303047 8.3287626 8.3272205 8.3256784 8.3241363 8.3306858 8.3328704 8.3350549 8.3372395 8.339424 8.3402762 8.3446094 8.3604317 8.3762541 8.3920764 8.4078988
-9999 8.3447892 8.3545475 8.3643058 8.3740642 8.375896 8.37482 8.3767766 8.3822332 8.3840449 8.3709847 8.3579246 8.3448644 8.3341701 8.3282134 8.3232571 8.3270294 8.3308016 8.3345738 8.3382756 8.3418148 8.3453541 8.3488933 8.34928 8.3465385 8.3459625 8.3511906 8.3556513 8.351127 8.3466026 8.3420783 8.3379404 8.3345474 8.3311544 8.3277614 8.3268619 8.3275941 8.3273771 8.3258022 8.325377 8.3283008 8.3312247 8.3341485 8.3328487 8.3285127 8.3254704 8.3239283 8.3223861 8.320844 8.3276482 8.3358948 8.3394669 8.3416514 8.343836 8.3446882 8.3409253 8.339953 8.3557753 8.3715977 8.3874201
-9999 8.3436158 8.3533741 8.361876 8.3608 8.359724 8.358648 8.3606046 8.3660611 8.3715177 8.3769742 8.3673863 8.3543262 8.3436319 8.3376751 8.3317184 8.3257617 8.3270157 8.330788 8.3344897 8.338029 8.3415682 8.3396834 8.3369419 8.3342005 8.3336244 8.3388525 8.3440805 8.3493085 8.3473227 8.3427983 8.3386604 8.3352674 8.3318744 8.3323733 8.3331055 8.3338377 8.3336207 8.3320458 8.3304709 8.328896 8.3315466 8.3344705 8.3331707 8.3288346 8.3244985 8.320636 8.3190939 8.3175518 8.3243559 8.3326025 8.3408491 8.3460634 8.3482479 8.3491001 8.3453372 8.3415743 8.3378114 8.351119 8.3669413
-9999 8.3424423 8.3467799 8.3457039 8.344628 8.343552 8.342476 8.3444326 8.3498891 8.3553457 8.3608022 8.3662587 8.363788 8.3530936 8.3471369 8.3411802 8.3352234 8.3292667 8.3270021 8.3307039 8.3328283 8.3300868 8.3273453 8.3246038 8.3218624 8.3212863 8.3265144 8.3317424 8.3369704 8.3421985 8.3435184 8.3393805 8.3371524 8.3378846 8.3386168 8.339349 8.3400812 8.3398642 8.3382894 8.3367145 8.3351396 8.3335647 8.3347925 8.3334927 8.3291566 8.3248205 8.3204844 8.3161484 8.3142595 8.3210637 8.3293103 8.3375569 8.3458035 8.3526599 8.3535121 8.3497491 8.3459862 8.3422233 8.3384604 8.3464626
-9999 8.334771 8.333695 8.3326191 8.3315431 8.3304671 8.3293911 8.3322242 8.3376808 8.3431373 8.3485939 8.3540504 8.3595069 8.362185 8.3562283 8.3502716 8.3443148 8.3383581 8.3324014 8.3274169 8.3246754 8.3219339 8.3191924 8.316451 8.3137095 8.31489 8.3201282 8.3253563 8.3305843 8.3358123 8.3410403 8.3447327 8.3454649 8.3461971 8.3469293 8.3476615 8.3483937 8.3444031 8.3428282 8.3412533 8.3396784 8.3381036 8.3365287 8.3337554 8.3294193 8.3250832 8.3207472 8.3164111 8.312075 8.3172436 8.3254902 8.3337368 8.3419834 8.35023 8.357312 8.3538321 8.3500692 8.3463063 8.3425434 8.3387805
-9999 8.333372 8.332296 8.3312201 8.3301441 8.330078 8.3363262 8.3402134 8.3413756 8.3459328 8.3513894 8.3568459 8.3623025 8.3651548 8.3627922 8.3579611 8.3520044 8.3460476 8.3400909 8.3351064 8.3323649 8.3296234 8.326882 8.3241405 8.3259626 8.3293492 8.3358355 8.3415003 8.3467283 8.3519563 8.3571844 8.3608768 8.3616089 8.3623411 8.3630733 8.3637425 8.3623884 8.3561724 8.3430008 8.3393393 8.3377644 8.3361895 8.3346147 8.3323115 8.3294577 8.3251216 8.3207855 8.3164495 8.3121134 8.3145766 8.319672 8.3279186 8.3361652 8.3444118 8.3514938 8.3545418 8.3529069 8.349144 8.3453811 8.3416182
-9999 8.331973 8.330897 8.3298211 8.3325701 8.3388183 8.3450665 8.3489537 8.350116 8.3512782 8.3541849 8.3596414 8.365098 8.3679503 8.3655878 8.3632252 8.3596939 8.3537372 8.3477804 8.3427959 8.3400545 8.337313 8.3359616 8.3381917 8.3404218 8.3438084 8.3502947 8.3567811 8.3628723 8.3681004 8.3733284 8.3770208 8.377753 8.3784852 8.3784472 8.3770931 8.375739 8.369523 8.3563513 8.3431797 8.3358504 8.3342755 8.3327006 8.3303974 8.3275706 8.3247439 8.3208239 8.3164878 8.3121518 8.314615 8.3182534 8.3221004 8.330347 8.3385936 8.3456756 8.3487236 8.3517716 8.3519818 8.3482189 8.3444559
-9999 8.330574 8.329498 8.3350622 8.3413104 8.3475587 8.3538069 8.3576941 8.3588563 8.3600186 8.3611809 8.3624369 8.3678935 8.3707459 8.3683833 8.3660207 8.3636581 8.3612955 8.35547 8.3504855 8.347744 8.3481906 8.3504207 8.3526508 8.3548809 8.3582675 8.3647539 8.3712402 8.3777266 8.3842129 8.3894724 8.3931648 8.393897 8.3931518 8.3917977 8.3904436 8.3890895 8.3828735 8.3697019 8.3565302 8.3433586 8.3323615 8.3307866 8.3284834 8.3256566 8.3228298 8.3200031 8.3165262 8.3121901 8.3146534 8.3182918 8.3219301 8.3255685 8.3327755 8.3398575 8.3429055 8.3459535 8.3490015 8.3510566 8.3472937
-9999 8.3313061 8.3375543 8.3438025 8.3500508 8.356299 8.3625472 8.3664344 8.3675967 8.3687589 8.3699212 8.3710835 8.3722457 8.3735414 8.3711788 8.3688162 8.3664536 8.364091 8.3617284 8.3581896 8.3604197 8.3626498 8.3648799 8.36711 8.3693401 8.3727267 8.3792131 8.3856994 8.3921857 8.3986721 8.4051584 8.4092105 8.4078564 8.4065023 8.4051482 8.4037941 8.4024401 8.396224 8.3830524 8.3698808 8.3567091 8.3435375 8.3303658 8.3265694 8.3237426 8.3209158 8.318089 8.3152623 8.3122285 8.3146918 8.3183301 8.3219685 8.3256069 8.3292453 8.3340393 8.3370873 8.3401353 8.3431833 8.3462313 8.3492793
-9999 8.333671 8.3399193 8.3461675 8.3524157 8.358664 8.3654878 8.3704643 8.3723823 8.3735446 8.3747069 8.3758691 8.3770314 8.3776232 8.3766267 8.3742641 8.3719015 8.3695389 8.3671763 8.3662025 8.3684326 8.3706627 8.3728928 8.3751229 8.3773976 8.380202 8.3847149 8.3912013 8.3976876 8.404174 8.4106603 8.4144686 8.4131145 8.4117604 8.4104063 8.4090522 8.4051412 8.3964252 8.3842387 8.371067 8.3578954 8.3447237 8.3315521 8.323249 8.3195312 8.3167044 8.3138776 8.3110509 8.3082241 8.3226238 8.3284853 8.3321237 8.3357621 8.3394004 8.3403462 8.33436 8.337408 8.340456 8.343504 8.346552
