P2_models/J1_p2_vp_slide_diff_40.dat.tif
NCOLS 118
NROWS 92
XLLCORNER 139.62
YLLCORNER -39.07
DX 0.099491525
DY 0.099347826
NODATA_VALUE -9999
[rows 27 to 53 of 92, columns 0 to 59 of 118]
-9999 7.5171196 7.5272108 7.5383382 7.5556362 7.5729342 7.5902322 7.6014964 7.6057969 7.6100974 7.6143979 7.6036177 7.588699 7.5739127 7.5593914 7.5448701 7.5303488 7.523533 7.5198066 7.5229475 7.5419318 7.5609161 7.5907321 7.6218738 7.6530155 7.6736309 7.6660335 7.6584361 7.6508386 7.6640476 7.6856396 7.6957321 7.683657 7.6715819 7.6692011 7.6671166 7.6650322 7.6563516 7.6382344 7.6201172 7.6019999 7.5908137 7.5802894 7.5710793 7.562814 7.5545487 7.545697 7.5333456 7.5209941 7.5176734 7.5159135 7.5141536 7.5082606 7.4977937 7.489226 7.4872365 7.485247 7.4832575 7.4831011 7.4832783
-9999 7.5081449 7.5214055 7.5387035 7.5560015 7.5732995 7.5905975 7.6018617 7.6061622 7.6104627 7.6147631 7.6190636 7.6139722 7.5991859 7.5846646 7.5701434 7.5556221 7.5411008 7.5313191 7.53446 7.5554589 7.5866006 7.6177423 7.648884 7.6800256 7.7006411 7.6930436 7.6854462 7.6778488 7.6702513 7.6760606 7.686153 7.6763142 7.6742298 7.6721454 7.6700609 7.6679765 7.6592959 7.6411787 7.6230615 7.6049442 7.586827 7.5738772 7.5646671 7.5564018 7.5481365 7.5398712 7.5316059 7.5195303 7.5162097 7.5144497 7.5126898 7.5109299 7.5066891 7.4981214 7.4961319 7.4941424 7.492153 7.4901635 7.489596
-9999 7.50543 7.522728 7.540026 7.557324 7.574622 7.59192 7.6010107 7.6053112 7.6096117 7.6139122 7.6182126 7.6225131 7.6250468 7.6105255 7.5960042 7.5814829 7.5669617 7.5524404 7.5517269 7.5828686 7.6140102 7.6451519 7.6762936 7.7074353 7.7253472 7.7177497 7.7101523 7.7025548 7.6949574 7.6873599 7.6816456 7.6795611 7.6774767 7.6753923 7.6733078 7.6712234 7.6614666 7.6433494 7.6252322 7.6071149 7.5889977 7.5708805 7.5577919 7.5495266 7.5412613 7.532996 7.5247307 7.5164654 7.5115829 7.509823 7.508063 7.5063031 7.5045432 7.5032499 7.5012604 7.4992709 7.4972815 7.495292 7.4933025
-9999 7.5146328 7.5319308 7.5492288 7.5665268 7.5838248 7.5818047 7.5843465 7.5944478 7.5987483 7.6030488 7.6073493 7.6116498 7.6205404 7.6386229 7.6267027 7.6121814 7.5976601 7.5831389 7.5824254 7.613567 7.6447087 7.6758504 7.7069921 7.7116078 7.7092996 7.7211963 7.7158906 7.7082931 7.7006957 7.6930982 7.6873839 7.6852994 7.683215 7.6811306 7.6790461 7.6714959 7.658337 7.6391516 7.6210344 7.6029172 7.5847999 7.5666827 7.5511794 7.5388391 7.5305738 7.5223085 7.5140432 7.5057779 7.4887423 7.4791577 7.4773977 7.4756378 7.4738779 7.4729671 7.4749978 7.4733887 7.4713992 7.4694098 7.4674203
-9999 7.5238356 7.5411336 7.5584316 7.5715125 7.5673603 7.5632081 7.5657499 7.5760174 7.5862849 7.5921854 7.5964859 7.6007864 7.609677 7.6277596 7.6458422 7.6428799 7.6283586 7.6138373 7.6131238 7.6442655 7.6754072 7.7065489 7.7005181 7.6929101 7.690602 7.7024986 7.7143953 7.7140314 7.706434 7.6988365 7.6931221 7.6910377 7.6889533 7.6864989 7.6775881 7.6686774 7.6555185 7.636282 7.6170455 7.5987194 7.5806022 7.5624849 7.5469816 7.5333574 7.5198863 7.511621 7.5033557 7.4950904 7.4780548 7.4595036 7.4467324 7.4449725 7.4432126 7.4423018 7.4443325 7.4463632 7.445517 7.4435275 7.4415381
-9999 7.5330384 7.5503364 7.5570681 7.5529159 7.5487636 7.5446114 7.5471532 7.5574207 7.5676883 7.5779558 7.5856225 7.589923 7.5988136 7.6168962 7.6349788 7.6530614 7.6590571 7.6445358 7.6438223 7.674964 7.6970363 7.6894283 7.6818204 7.6742124 7.6719043 7.6838009 7.6956976 7.7075942 7.7121723 7.7045748 7.6988604 7.696776 7.6925911 7.6836803 7.6747696 7.6658589 7.6527 7.6334635 7.614227 7.5949904 7.5764044 7.5582872 7.5427838 7.5291596 7.5155354 7.5019111 7.4926682 7.4844028 7.4673673 7.4488161 7.4302648 7.4143072 7.4125473 7.4116365 7.4136672 7.4156979 7.4177286 7.4176453 7.4156558
-9999 7.5422411 7.5426237 7.5384714 7.5343192 7.530167 7.5260148 7.5285566 7.5388241 7.5490916 7.5593591 7.5696267 7.5790597 7.5879503 7.6060328 7.6241154 7.642198 7.6602806 7.6752343 7.6745208 7.6859465 7.6783386 7.6707306 7.6631227 7.6555147 7.6532066 7.6651032 7.6769999 7.6888966 7.7007932 7.7103131 7.7045987 7.6986833 7.6897726 7.6808618 7.6719511 7.6630404 7.6498815 7.630645 7.6114084 7.5921719 7.5729354 7.5540894 7.5385861 7.5249618 7.5113376 7.4977134 7.4840892 7.4737153 7.4566798 7.4381286 7.4195773 7.401026 7.3824748 7.3809712 7.3830019 7.3850326 7.3870633 7.389094 7.3897736
-9999 7.5330317 7.5288795 7.5247272 7.520575 7.5164228 7.5122706 7.5196274 7.5298024 7.54007 7.5503375 7.560605 7.5708725 7.5785058 7.5940947 7.6121773 7.6302599 7.6483425 7.6664251 7.6767392 7.6691313 7.6615233 7.6539154 7.6463074 7.6386995 7.6405553 7.6508188 7.6627155 7.6746121 7.6865088 7.6984054 7.703195 7.6942843 7.6853735 7.6764628 7.6675521 7.6586413 7.6441581 7.6250449 7.6058083 7.5865718 7.5673353 7.5480988 7.5293784 7.5157542 7.50213 7.4885057 7.4748815 7.4612573 7.4435945 7.4250432 7.4064919 7.3879407 7.3693894 7.3565651 7.3597658 7.3617965 7.3638272 7.3658579 7.3678886
-9999 7.5272904 7.5231382 7.518986 7.5148338 7.5141533 7.5220466 7.5298364 7.5375069 7.5468401 7.5571076 7.5673751 7.5776427 7.5852759 7.5876338 7.5984667 7.6165493 7.6346318 7.6527144 7.6630286 7.6554206 7.6478127 7.6402047 7.6334348 7.6385601 7.6434293 7.647612 7.6557097 7.6676064 7.679503 7.6913997 7.6961892 7.6872785 7.6783678 7.669457 7.6597767 7.6464831 7.631539 7.6142336 7.5956206 7.5763841 7.5571476 7.5379111 7.5185155 7.4990056 7.4846597 7.4710354 7.4574112 7.443787 7.4262635 7.4080031 7.3894518 7.3709006 7.3523493 7.339525 7.3465381 7.3508132 7.3528439 7.3548746 7.3569053
-9999 7.5215492 7.517397 7.5132448 7.5164691 7.5243624 7.5322557 7.5400455 7.547716 7.5553864 7.5638777 7.5741452 7.5844128 7.592046 7.594404 7.5967619 7.6028386 7.6209212 7.6390038 7.6493179 7.64171 7.634102 7.6311835 7.6363088 7.6414341 7.6463033 7.6504859 7.6546686 7.6606006 7.6724973 7.684394 7.6891835 7.6802728 7.671362 7.6604511 7.6471575 7.6338639 7.6189199 7.6016145 7.5843092 7.5661964 7.5469599 7.5277234 7.5083278 7.4888179 7.469308 7.4535651 7.4399409 7.4263167 7.4087932 7.3905958 7.3723985 7.3538605 7.3353092 7.3224849 7.329498 7.3365111 7.3418605 7.3438912 7.3459219
-9999 7.515808 7.5116558 7.5187849 7.5266782 7.5345715 7.5424647 7.5502546 7.557925 7.5655955 7.573266 7.5809364 7.5911829 7.5988161 7.6011741 7.603532 7.60589 7.6082479 7.6252931 7.6356073 7.6279993 7.6289321 7.6340574 7.6391827 7.644308 7.6491772 7.6533599 7.6575426 7.6617253 7.665908 7.6773882 7.6821777 7.673267 7.6611256 7.647832 7.6345384 7.6212448 7.6063008 7.5889954 7.5716901 7.5543847 7.5367722 7.5175357 7.4981401 7.4786302 7.4591203 7.4396103 7.4224706 7.4088463 7.3913229 7.3731255 7.3549282 7.3367308 7.3182691 7.3054448 7.3124579 7.319471 7.3264841 7.3329079 7.3349386
-9999 7.5132075 7.5211007 7.528994 7.5368873 7.5447805 7.5526738 7.5604636 7.5681341 7.5758046 7.583475 7.5911455 7.598816 7.6055863 7.6079442 7.6103022 7.6126601 7.6150181 7.617376 7.6218966 7.6266808 7.6318061 7.6369314 7.6420567 7.647182 7.6520512 7.6562339 7.6604166 7.6645992 7.6687819 7.6729646 7.6750936 7.6618001 7.6485065 7.6352129 7.6219193 7.6086257 7.5936816 7.5763763 7.5590709 7.5417656 7.5244602 7.5071549 7.4879525 7.4684425 7.4489326 7.4294226 7.4099127 7.391376 7.3738526 7.3556552 7.3374579 7.3192605 7.3010631 7.2884047 7.2954178 7.3024309 7.309444 7.3164571 7.3234701
-9999 7.5140732 7.5219665 7.5298597 7.537753 7.5456463 7.5501278 7.553889 7.5615595 7.5692299 7.5769004 7.5845709 7.5902221 7.5952248 7.6038822 7.6062402 7.6085981 7.610956 7.613314 7.6165088 7.6216341 7.6267594 7.6318847 7.63701 7.6445003 7.6542214 7.6529106 7.6570933 7.661276 7.6654587 7.6696414 7.6678548 7.6545612 7.6412676 7.627974 7.6146804 7.6000356 7.582933 7.5656277 7.5483223 7.531017 7.5137116 7.4976959 7.4716831 7.4471893 7.4276794 7.4081694 7.3886595 7.3691496 7.3507588 7.3325614 7.3143641 7.2961667 7.2783331 7.2679149 7.274928 7.2819411 7.2889542 7.2959673 7.306773
-9999 7.5117789 7.5196722 7.5275655 7.5354587 7.5375027 7.5378767 7.5416379 7.5493084 7.5569789 7.5646493 7.5682711 7.5696813 7.574684 7.5868812 7.5985146 7.6008725 7.6032305 7.6055884 7.6087832 7.6139085 7.6190338 7.6241591 7.634569 7.6493472 7.6590683 7.6552353 7.6516741 7.6558568 7.6600395 7.6642222 7.6624356 7.649142 7.6358484 7.6225548 7.6068803 7.5899196 7.572817 7.5555117 7.5382063 7.520901 7.5055244 7.4906866 7.4646739 7.4306275 7.4026837 7.3831738 7.3636638 7.3441539 7.3257631 7.3075657 7.2893684 7.2721271 7.2566766 7.2462584 7.2532715 7.2602846 7.2672976 7.2797267 7.2942679
-9999 7.5094846 7.5173779 7.5245036 7.5248776 7.5252516 7.5256256 7.5293868 7.5370573 7.5447278 7.5463201 7.5477303 7.5491404 7.5541432 7.5663404 7.5785375 7.5907347 7.5955049 7.5978628 7.6010576 7.6061829 7.6113082 7.6246378 7.6394159 7.654194 7.6639152 7.6600822 7.6562493 7.6524163 7.6546203 7.658803 7.6570163 7.6437228 7.6304292 7.6137251 7.5967644 7.5798036 7.562701 7.5453957 7.5281908 7.513353 7.4985152 7.4836774 7.4576647 7.4236183 7.389572 7.3581781 7.3386681 7.3191582 7.3007674 7.28257 7.2659211 7.2504706 7.2350201 7.2246019 7.2316149 7.238628 7.2526804 7.2672216 7.2817629
-9999 7.5071904 7.5118786 7.5122525 7.5126265 7.5130005 7.5133745 7.5171357 7.5229589 7.5243691 7.5257793 7.5271895 7.5285996 7.5336024 7.5457996 7.5579967 7.5701939 7.5823911 7.5901372 7.593332 7.5999284 7.6147065 7.6294846 7.6442628 7.6590409 7.668762 7.6649291 7.6610961 7.6572632 7.6534302 7.6533838 7.6515971 7.6375307 7.6205699 7.6036092 7.5866484 7.5696876 7.5525851 7.5360194 7.5211816 7.5063438 7.491506 7.4766682 7.4506554 7.4166091 7.3825628 7.3485164 7.3144701 7.2941625 7.2757717 7.259715 7.2442645 7.228814 7.2133635 7.2029453 7.2110929 7.2256341 7.2401753 7.2547165 7.2692578
-9999 7.5014065 7.5017804 7.5021544 7.5025284 7.5029024 7.5032764 7.5047667 7.5061769 7.5075871 7.5089972 7.5104074 7.5118176 7.5168739 7.5290711 7.5412682 7.5534654 7.5656626 7.5778597 7.5908373 7.6056155 7.6203936 7.6351718 7.6499499 7.664728 7.6703668 7.6665338 7.6627009 7.6588679 7.655035 7.651202 7.642885 7.6259243 7.6089635 7.5920027 7.5750419 7.5580811 7.5424146 7.5275768 7.512739 7.4979013 7.4830635 7.4682257 7.4428583 7.408812 7.3747656 7.3407193 7.3066729 7.2726266 7.2555475 7.240097 7.2246465 7.209196 7.1937455 7.1827495 7.1972907 7.2118319 7.2263731 7.2409144 7.2554556
-9999 7.5075464 7.5079204 7.5082943 7.5086683 7.5090423 7.5192348 7.5228041 7.5177435 7.5191537 7.5205638 7.521974 7.5233842 7.5285065 7.5410627 7.5532925 7.5654897 7.5776868 7.589884 7.6028616 7.6176397 7.6324179 7.647196 7.6619742 7.6656424 7.6605871 7.6451745 7.6398532 7.6360202 7.6321873 7.6283543 7.6200374 7.6030766 7.5861158 7.569155 7.5521942 7.5437009 7.5305879 7.5083239 7.4934861 7.4786483 7.4638105 7.4489727 7.4256085 7.3950724 7.361026 7.3269797 7.2929333 7.258887 7.2475013 7.2358531 7.2204026 7.2049521 7.1895016 7.1771281 7.1754132 7.188247 7.2027882 7.2173294 7.2318706
-9999 7.5136863 7.5140603 7.5144343 7.5170471 7.5281877 7.5393283 7.5428975 7.5377283 7.5325592 7.5321305 7.5335406 7.5349508 7.5400731 7.5526293 7.5651855 7.5775139 7.5897111 7.6019082 7.6148859 7.629664 7.6444421 7.6592203 7.658501 7.6573099 7.6522545 7.636842 7.6214294 7.6131726 7.6093396 7.6055067 7.5971897 7.5802289 7.5632681 7.5469872 7.5404586 7.5339299 7.520817 7.4982844 7.4757518 7.4593953 7.4445575 7.4297197 7.4063556 7.3768619 7.3472864 7.3132401 7.2791938 7.2451474 7.2337617 7.2262924 7.2161588 7.2007083 7.1852578 7.1728843 7.1711693 7.1694543 7.1792032 7.1937444 7.2082857
-9999 7.5198262 7.5202002 7.5259999 7.5371405 7.5482811 7.5594217 7.5629909 7.5578217 7.5526526 7.5474834 7.5451073 7.5465174 7.5516398 7.5641959 7.5767521 7.5893083 7.6017353 7.6139325 7.6269101 7.6416883 7.6525506 7.6513595 7.6501684 7.6489774 7.643922 7.6285094 7.6130968 7.5976842 7.5864919 7.582659 7.574342 7.5573812 7.5437449 7.5372163 7.5306876 7.5241589 7.511046 7.4885134 7.4659808 7.4434482 7.4253045 7.4104668 7.3871026 7.3576089 7.3281153 7.2986216 7.2654542 7.2314078 7.2200221 7.2125528 7.2050835 7.1964644 7.1810139 7.1686405 7.1669255 7.1652105 7.1634955 7.1701595 7.1847007
-9999 7.5259661 7.5349527 7.5460933 7.5572339 7.5683745 7.5795151 7.5830843 7.5779151 7.572746 7.5675768 7.5624077 7.5580841 7.5632064 7.5757626 7.5883187 7.6008749 7.613431 7.6259568 7.6389344 7.6454091 7.6442181 7.643027 7.6418359 7.6406448 7.6355895 7.6201769 7.6047643 7.5893517 7.5739391 7.5598113 7.5514943 7.5405026 7.533974 7.5274453 7.5209166 7.514388 7.5012751 7.4787424 7.4562098 7.4336772 7.4111446 7.3912138 7.3678496 7.338356 7.3088623 7.2793687 7.249875 7.2176682 7.2062825 7.1988132 7.1913439 7.1838745 7.1764052 7.1643966 7.1626816 7.1609666 7.1592517 7.1575367 7.1611157
-9999 7.5357849 7.5469255 7.5580661 7.5692067 7.5803473 7.5914879 7.5984052 7.5932361 7.5880669 7.5828978 7.5777286 7.5725595 7.567834 7.5784861 7.5910422 7.6035984 7.6161545 7.6287107 7.6371099 7.6359188 7.6347278 7.6335367 7.6323456 7.6311545 7.6289886 7.6140931 7.5986805 7.5832679 7.5678554 7.5524428 7.5400646 7.533536 7.5270073 7.5204786 7.51395 7.5074213 7.4918915 7.4693589 7.4468263 7.4242937 7.4017611 7.379308 7.3634591 7.3339654 7.3044718 7.2749781 7.2454845 7.2159908 7.205276 7.1978067 7.1903373 7.182868 7.1753987 7.1684996 7.1667846 7.1650696 7.1633546 7.1616396 7.1594188
-9999 7.5348521 7.5459927 7.5571333 7.5682739 7.5815959 7.599141 7.6061416 7.6009724 7.5958032 7.5906341 7.5846801 7.5757634 7.5704976 7.5725432 7.5797119 7.5922681 7.6048243 7.6173804 7.6257796 7.6245885 7.6233975 7.6222064 7.6215376 7.6247978 7.6235848 7.6103826 7.5961706 7.580758 7.5653454 7.5499328 7.5375547 7.531026 7.5244973 7.5179687 7.5103585 7.49905 7.4831238 7.4605912 7.4380586 7.415526 7.3933622 7.3718377 7.3579577 7.3495732 7.3237011 7.2942074 7.2647138 7.2352201 7.2245053 7.217036 7.2095667 7.2020973 7.1932101 7.1858676 7.1841526 7.1824376 7.1807226 7.1768724 7.1684425
-9999 7.5339193 7.5450599 7.5562005 7.5717871 7.5893322 7.6068773 7.6138779 7.6087087 7.6035396 7.5962604 7.5873437 7.578427 7.5731612 7.5752068 7.5772523 7.5809378 7.593494 7.6060501 7.6144493 7.6132583 7.6120672 7.6128736 7.6161337 7.6193939 7.6181809 7.6049787 7.5917765 7.578248 7.5628354 7.5474228 7.5350447 7.528516 7.5219874 7.5128992 7.5015907 7.4902822 7.474356 7.4518234 7.4292908 7.4074164 7.3858919 7.3643674 7.3504874 7.3421029 7.3337184 7.3134368 7.2839431 7.2544495 7.2437346 7.2362653 7.2285125 7.2195453 7.2105781 7.2032355 7.2015206 7.1998056 7.194326 7.1858961 7.1774661
-9999 7.5329866 7.5444333 7.5619784 7.5795235 7.5970686 7.6146136 7.6216142 7.6164451 7.6078408 7.5989241 7.5900073 7.5810906 7.5758249 7.5778704 7.579916 7.5819615 7.5840071 7.5947198 7.603119 7.601928 7.6042095 7.6074697 7.6107299 7.6139901 7.6127771 7.5995749 7.5863727 7.5731705 7.5599683 7.5449129 7.5325347 7.5260061 7.5154399 7.5041314 7.4928229 7.4815144 7.4655882 7.4430556 7.4214706 7.3999461 7.3784216 7.3568971 7.3430171 7.3346326 7.3262481 7.3178636 7.3031724 7.2736788 7.262964 7.2548477 7.2458805 7.2369133 7.2279461 7.2206035 7.2188886 7.2117796 7.2033497 7.1949197 7.1864898
-9999 7.5346245 7.5521696 7.5697147 7.5872598 7.6048049 7.62235 7.6283379 7.6194211 7.6105044 7.6015877 7.592671 7.5837542 7.5784885 7.580534 7.5825796 7.5846251 7.5866707 7.5887162 7.5922853 7.5955455 7.5988057 7.6020659 7.605326 7.6085862 7.6073732 7.594171 7.5809688 7.5677666 7.5545645 7.5413623 7.529289 7.5179806 7.5066721 7.4953636 7.4840551 7.4727467 7.4570492 7.4355247 7.4140003 7.3924758 7.3709513 7.3494268 7.3355468 7.3271623 7.3187778 7.3103933 7.3020087 7.2929081 7.2811829 7.2722157 7.2632485 7.2542813 7.2453141 7.2376632 7.2292332 7.2208033 7.2123733 7.2039434 7.1955134
-9999 7.5587397 7.5762848 7.5938299 7.611375 7.6289201 7.6347672 7.629558 7.6206412 7.6117245 7.6028078 7.5938911 7.5858563 7.5786786 7.5732729 7.5753184 7.577364 7.5794095 7.5814551 7.5838679 7.5871281 7.5903882 7.5936484 7.5969086 7.5972266 7.5932928 7.5886226 7.5754205 7.5622183 7.5490161 7.5358139 7.5232585 7.5119501 7.5006416 7.4893331 7.4780246 7.4675332 7.4529673 7.4314429 7.4099184 7.3883939 7.3668694 7.3525406 7.3402536 7.3294325 7.321048 7.3126635 7.3042789 7.2958944 7.2870131 7.2780459 7.2690787 7.2601115 7.2535127 7.25159 7.24316 7.2347301 7.2263001 7.2178702 7.2130134
