P2_models/J1_p2_tot_conduct_slide_123.44.dat.tif
NCOLS 118
NROWS 92
XLLCORNER 139.62
YLLCORNER -39.07
DX 0.099491525
DY 0.099347826
NODATA_VALUE -9999
[rows 50 to 74 of 92, columns 0 to 56 of 118]
-1.8143567 -1.7605175 -1.6883664 -1.6241443 -1.5606631 -1.4974823 -1.4409265 -1.4028113 -1.3815951 -1.3632174 -1.373367 -1.3983882 -1.4431564 -1.5028471 -1.5846697 -1.6856104 -1.7976971 -1.903409 -2.0274668 -2.1568058 -2.2792953 -2.395164 -2.5279477 -2.661757 -2.7475481 -2.8113532 -2.8487848 -2.8941704 -2.9012248 -2.9060423 -2.8696477 -2.8078346 -2.7209176 -2.6152051 -2.4749611 -2.2897292 -2.1161608 -1.9302703 -1.738565 -1.5526997 -1.3930016 -1.2603655 -1.1633187 -1.1075912 -1.0513885 -1.0063171 -1.0302943 -1.0497368 -1.1157731 -1.1684092 -1.2626644 -1.3366831 -1.4361746 -1.5386967 -1.6467664 -1.7484717 -1.8614289
-1.8556508 -1.7877097 -1.7130911 -1.6433241 -1.5769964 -1.5161085 -1.4614555 -1.427739 -1.4092446 -1.4093021 -1.4312076 -1.4630593 -1.5177796 -1.5987779 -1.6948363 -1.8005948 -1.9174749 -2.0334452 -2.1610393 -2.2798486 -2.3905707 -2.5151597 -2.664397 -2.7827783 -2.850222 -2.9045652 -2.9318564 -2.9497674 -2.950703 -2.927889 -2.8486984 -2.7444065 -2.6127582 -2.4619342 -2.2577147 -2.0484205 -1.863371 -1.6839435 -1.4912896 -1.3379802 -1.1861247 -1.0978611 -1.0083187 -0.98172168 -0.9503033 -0.98781797 -1.0192364 -1.1028739 -1.170947 -1.2759092 -1.3701644 -1.4742121 -1.5737036 -1.6797619 -1.7843124 -1.8840225 -1.9805211
-1.8963575 -1.8269145 -1.7473213 -1.6746169 -1.6035516 -1.5426012 -1.4928554 -1.4608549 -1.4513795 -1.4556644 -1.4904864 -1.5323246 -1.6069432 -1.6915025 -1.7959686 -1.9065658 -2.0359048 -2.1592858 -2.2786756 -2.3924428 -2.4869598 -2.6012611 -2.7504984 -2.8688798 -2.9086764 -2.9443043 -2.9443043 -2.9431442 -2.9132967 -2.8682803 -2.7478432 -2.6185659 -2.4444557 -2.2675044 -2.0475757 -1.8364785 -1.6374955 -1.4521319 -1.2793308 -1.134258 -1.0242937 -0.95121893 -0.91639689 -0.90966963 -0.941088 -0.99982605 -1.0888448 -1.1913733 -1.310034 -1.4272195 -1.5489904 -1.6580582 -1.7657761 -1.8652676 -1.9631385 -2.0469209 -2.1328544
-1.9402375 -1.8698452 -1.790252 -1.7156491 -1.6445837 -1.5859935 -1.5392069 -1.510355 -1.5039995 -1.5136999 -1.5556436 -1.6041266 -1.6827483 -1.7756 -1.8837286 -1.9962243 -2.1255633 -2.248682 -2.3605434 -2.4663951 -2.5456518 -2.656156 -2.8001516 -2.9008041 -2.9210169 -2.9405381 -2.9127649 -2.8919514 -2.8219195 -2.7587825 -2.6063174 -2.4573524 -2.2615214 -2.0722295 -1.8500101 -1.6442741 -1.4581784 -1.2872016 -1.1397203 -1.0273429 -0.94699255 -0.91979585 -0.91584073 -0.96220492 -1.025444 -1.1342843 -1.2431043 -1.3840187 -1.513747 -1.6475784 -1.774961 -1.8710092 -1.9785623 -2.0523754 -2.1377902 -2.1842565 -2.2532261
-1.9844155 -1.9156536 -1.8360604 -1.7614575 -1.6903921 -1.6334324 -1.5886612 -1.5657354 -1.5609977 -1.5753915 -1.6201627 -1.6785949 -1.7631627 -1.8592752 -1.9687159 -2.0749447 -2.2041367 -2.3194799 -2.4285438 -2.5199337 -2.5939213 -2.6859807 -2.8202942 -2.876434 -2.8902183 -2.8902734 -2.8551726 -2.8125455 -2.733941 -2.629611 -2.4663388 -2.2897913 -2.0858336 -1.874849 -1.649684 -1.4618828 -1.2827981 -1.1414679 -1.010558 -0.94025055 -0.88788659 -0.90701732 -0.93686478 -1.0282104 -1.1329383 -1.2788631 -1.4254822 -1.5833461 -1.740438 -1.8747795 -2.0109258 -2.1026804 -2.1945388 -2.2533724 -2.3091304 -2.3425836 -2.3433688
-2.0307778 -1.9633474 -1.8887288 -1.814443 -1.7433777 -1.6871476 -1.647351 -1.626482 -1.6312197 -1.6483746 -1.6981204 -1.7580731 -1.8475768 -1.945403 -2.0598183 -2.1676694 -2.2671609 -2.3724654 -2.4570332 -2.5398032 -2.589549 -2.6727343 -2.6993713 -2.7108543 -2.7009052 -2.6915777 -2.6517811 -2.6072267 -2.5425572 -2.4441617 -2.2661242 -2.0844724 -1.8805148 -1.6695302 -1.4652655 -1.2863259 -1.1420632 -1.014767 -0.94145742 -0.89359875 -0.90930794 -0.9519128 -1.0514043 -1.1630032 -1.3250107 -1.4860455 -1.6705402 -1.8331271 -1.9987423 -2.1245809 -2.2493606 -2.3311938 -2.413104 -2.4352133 -2.468087 -2.468087 -2.4556238
-2.0771401 -2.0097097 -1.9407176 -1.8723053 -1.8036269 -1.7498868 -1.7123017 -1.6958443 -1.700582 -1.7212297 -1.7725853 -1.839259 -1.9272424 -2.0217509 -2.1346579 -2.234463 -2.320871 -2.4156973 -2.4960457 -2.5596728 -2.6067073 -2.6406904 -2.6553696 -2.6525645 -2.6388535 -2.6018154 -2.5408681 -2.4945672 -2.4183754 -2.2879733 -2.1027909 -1.8986608 -1.6962537 -1.4955356 -1.2987093 -1.1318839 -1.0051608 -0.91644088 -0.87034174 -0.87300454 -0.92433797 -1.01742 -1.1504672 -1.338899 -1.5177011 -1.6976252 -1.8970327 -2.0733083 -2.2285574 -2.3536243 -2.4420157 -2.5208604 -2.5633939 -2.5819767 -2.5733986 -2.5631084 -2.5096963
-2.1162518 -2.0649958 -2.0003263 -1.9346864 -1.8683588 -1.8229788 -1.7881568 -1.7716994 -1.776437 -1.7973432 -1.8520636 -1.9170297 -2.0015975 -2.0884492 -2.1978898 -2.2931949 -2.3727881 -2.4447712 -2.5144153 -2.5705339 -2.6103305 -2.6385 -2.6385 -2.6213771 -2.5961144 -2.5509661 -2.4804322 -2.3899746 -2.2741653 -2.1345526 -1.9299648 -1.7305339 -1.5315508 -1.337773 -1.1544991 -1.0305508 -0.93105932 -0.88319135 -0.87271855 -0.9245339 -1.0083162 -1.1487373 -1.3079237 -1.5023555 -1.7118113 -1.914748 -2.1189674 -2.2742672 -2.4261227 -2.5094362 -2.5932186 -2.6315004 -2.6703475 -2.6500782 -2.6239041 -2.5797244 -2.5072913
-2.1559108 -2.1091205 -2.0593747 -1.9969819 -1.9448673 -1.9033172 -1.8734698 -1.8578008 -1.8625385 -1.8831862 -1.932932 -1.9965079 -2.0762703 -2.1608339 -2.2553508 -2.3458626 -2.4105321 -2.4777219 -2.5324422 -2.5837676 -2.6086404 -2.6318768 -2.6182233 -2.5948844 -2.5501132 -2.4979806 -2.3984891 -2.2972499 -2.1480127 -1.9954657 -1.7807734 -1.5785989 -1.389565 -1.198686 -1.0510746 -0.94320333 -0.88848299 -0.85661867 -0.89850984 -0.96892103 -1.1050673 -1.2596444 -1.4586275 -1.6608744 -1.8906374 -2.0895357 -2.2845471 -2.4248951 -2.5519632 -2.6145235 -2.6726968 -2.6972285 -2.723333 -2.6735872 -2.6305273 -2.5519814 -2.4668229
-2.1729108 -2.1417216 -2.0991139 -2.0479819 -2.0048931 -1.9780231 -1.952948 -1.9391559 -1.9438936 -1.9592658 -2.0000479 -2.0600394 -2.1339183 -2.1969268 -2.2759958 -2.3608771 -2.4255466 -2.4808856 -2.5228408 -2.564023 -2.5791694 -2.5924152 -2.5645737 -2.5005398 -2.4524248 -2.3914332 -2.288547 -2.1747462 -2.0220634 -1.8590103 -1.6511792 -1.4520477 -1.2752027 -1.1002227 -0.96391062 -0.89099024 -0.85746125 -0.85756852 -0.91760404 -1.0251732 -1.1761543 -1.3583343 -1.5627217 -1.7738903 -2.0008917 -2.1749863 -2.3576882 -2.4636115 -2.5780133 -2.6136199 -2.6593394 -2.6058372 -2.6242508 -2.5699423 -2.5113986 -2.425706 -2.3356391
-2.183968 -2.1604462 -2.1305987 -2.1029193 -2.0697555 -2.0456245 -2.0257262 -2.0200037 -2.0247414 -2.0401137 -2.0749357 -2.1155567 -2.1752517 -2.235521 -2.3051651 -2.3636162 -2.4282857 -2.4836247 -2.5184468 -2.5430085 -2.5529576 -2.5369134 -2.4672693 -2.4004963 -2.3507506 -2.2779724 -2.1734527 -2.0559781 -1.9017662 -1.7322494 -1.52803 -1.3371636 -1.168028 -1.0222418 -0.90704105 -0.8409685 -0.82604477 -0.85505403 -0.93359997 -1.0662819 -1.2390829 -1.4375879 -1.6514947 -1.8634265 -2.0833552 -2.2540153 -2.4001338 -2.4898796 -2.5660338 -2.5923808 -2.6101142 -2.5511624 -2.4844682 -2.4291951 -2.3581449 -2.2691262 -2.1595521
-2.2237071 -2.2030492 -2.1881255 -2.1640583 -2.1403698 -2.1191855 -2.1092363 -2.1061052 -2.1108428 -2.1262151 -2.1515855 -2.1884118 -2.2387568 -2.2951297 -2.3462773 -2.3960231 -2.4457689 -2.4968711 -2.5226483 -2.5430085 -2.5440145 -2.523667 -2.4451815 -2.3740036 -2.3111482 -2.23161 -2.1122202 -1.9897462 -1.826998 -1.6527712 -1.4530967 -1.2643085 -1.1138389 -0.97587945 -0.88549977 -0.82808296 -0.83305754 -0.86903581 -0.97376373 -1.1132641 -1.2913015 -1.4896357 -1.6985679 -1.9047584 -2.1098479 -2.2744603 -2.4001338 -2.4819407 -2.539541 -2.5585155 -2.5637519 -2.4960091 -2.4182363 -2.3407412 -2.2521739 -2.1235353 -1.9939724
-2.2473291 -2.2560416 -2.2477342 -2.2276815 -2.2082451 -2.1984152 -2.1907218 -2.1875907 -2.1923284 -2.2006667 -2.2198247 -2.2532357 -2.299087 -2.3355658 -2.3793933 -2.4243212 -2.465037 -2.5038971 -2.5226483 -2.5369915 -2.5307681 -2.5075139 -2.4268768 -2.345114 -2.2740177 -2.1917762 -2.0658579 -1.9360613 -1.7752154 -1.6049359 -1.4125532 -1.2356591 -1.0951722 -0.96588807 -0.88163153 -0.84552426 -0.8555358 -0.9015503 -1.0062782 -1.1451587 -1.3212073 -1.5028097 -1.7033868 -1.8943453 -2.090717 -2.228072 -2.3493584 -2.4111604 -2.4668889 -2.4619825 -2.4666142 -2.3790019 -2.2988421 -2.1793789 -2.0755618 -1.925644 -1.7894977
-2.2727776 -2.2891575 -2.2941321 -2.2915959 -2.2773828 -2.2737485 -2.2687739 -2.2695472 -2.2742849 -2.2826232 -2.297547 -2.3242577 -2.3590798 -2.3930803 -2.4328769 -2.4537198 -2.4885418 -2.5171435 -2.5320672 -2.5369915 -2.5270424 -2.4928141 -2.4082463 -2.3363966 -2.261778 -2.1648559 -2.0355169 -1.8983729 -1.7391864 -1.5701533 -1.3816431 -1.215362 -1.0810485 -0.96942658 -0.89611703 -0.86248803 -0.87741175 -0.92928218 -1.0340101 -1.1691732 -1.3419742 -1.5140053 -1.6980647 -1.8600337 -2.0380712 -2.1668401 -2.271568 -2.3221966 -2.3622178 -2.3519101 -2.33338 -2.242711 -2.1510812 -2.0239531 -1.8839169 -1.726825 -1.5787948
-2.3058935 -2.324746 -2.3446443 -2.3477549 -2.3572303 -2.3600725 -2.3600725 -2.3622718 -2.3670095 -2.3753479 -2.4086531 -2.4434751 -2.4692081 -2.4990513 -2.5298606 -2.5420428 -2.5171699 -2.5303899 -2.5365297 -2.5369915 -2.5183601 -2.4795677 -2.4293222 -2.3761358 -2.2845594 -2.1778772 -2.038589 -1.8983729 -1.730911 -1.5569069 -1.3816402 -1.2219852 -1.0967437 -0.98929614 -0.92565415 -0.89560397 -0.9105277 -0.96234819 -1.0513669 -1.1794829 -1.3208656 -1.481862 -1.6310992 -1.7727206 -1.9122306 -2.034092 -2.112638 -2.155823 -2.1767685 -2.1594795 -2.1280612 -2.0457917 -1.9656319 -1.8206376 -1.6653517 -1.5168034 -1.373476
-2.331342 -2.3731606 -2.3976298 -2.4114289 -2.4228998 -2.4327297 -2.4348551 -2.4348551 -2.4373066 -2.4509204 -2.4830154 -2.5144222 -2.5369597 -2.5518834 -2.5732447 -2.5806091 -2.5470975 -2.5284449 -2.5275586 -2.5235078 -2.5006282 -2.473463 -2.4277783 -2.3654097 -2.2708927 -2.1669139 -2.0338934 -1.8894019 -1.7266356 -1.5618421 -1.4017199 -1.2505607 -1.1345553 -1.0305779 -0.9677411 -0.93349601 -0.94364364 -0.98043378 -1.0601278 -1.1570279 -1.2854019 -1.41082 -1.5492732 -1.6695698 -1.7956422 -1.8754816 -1.9491959 -1.9718543 -1.9913193 -1.9452934 -1.9137713 -1.8289439 -1.7486005 -1.6110434 -1.465142 -1.3383976 -1.2148204
-2.3567905 -2.4073852 -2.4422073 -2.4649694 -2.4791824 -2.490121 -2.4950956 -2.4977609 -2.4977609 -2.507203 -2.5370505 -2.5617751 -2.5766988 -2.586079 -2.6010028 -2.5949352 -2.5551385 -2.5251188 -2.5201443 -2.5069353 -2.4820625 -2.4499226 -2.4001769 -2.3389169 -2.2444 -2.1426385 -2.0132996 -1.8805903 -1.7214038 -1.5684943 -1.4166388 -1.2814882 -1.1720475 -1.0780489 -1.0152121 -0.97874963 -0.98372421 -1.0080062 -1.0760794 -1.1547815 -1.2595094 -1.3611026 -1.4755179 -1.5734901 -1.6729816 -1.7363657 -1.7887297 -1.8007311 -1.8059675 -1.7576267 -1.7000264 -1.6139094 -1.5245427 -1.3974379 -1.2775623 -1.1623615 -1.0703059
-2.3899064 -2.4423543 -2.4819464 -2.5052128 -2.5241635 -2.5364834 -2.5414579 -2.5441232 -2.5441232 -2.5529156 -2.5777884 -2.6015142 -2.6031957 -2.6048524 -2.609827 -2.6000666 -2.5453463 -2.5114261 -2.5014769 -2.4862747 -2.4514527 -2.4168067 -2.3670609 -2.3060948 -2.2165524 -2.1166318 -1.997242 -1.8681125 -1.7288244 -1.582569 -1.4516591 -1.3224083 -1.2229167 -1.1310344 -1.0681976 -1.0297576 -1.024783 -1.0414716 -1.0781264 -1.1441525 -1.2131471 -1.3000505 -1.37617 -1.4605784 -1.5272714 -1.5810136 -1.6165268 -1.6169951 -1.6072718 -1.5589311 -1.5013307 -1.4190426 -1.3324703 -1.2329788 -1.1257438 -1.0524343 -0.97579248
-2.3974132 -2.4536949 -2.4912 -2.5167345 -2.5300898 -2.5349399 -2.5382246 -2.5382246 -2.5382246 -2.547017 -2.5697136 -2.5795145 -2.5784772 -2.5768162 -2.5798179 -2.5764493 -2.5519695 -2.5112449 -2.4986415 -2.4707602 -2.4351043 -2.3924009 -2.339523 -2.2642687 -2.1754585 -2.0841323 -1.9707492 -1.846156 -1.7112813 -1.6001705 -1.4710751 -1.3577923 -1.2613872 -1.1840199 -1.1211831 -1.0827431 -1.0749143 -1.0812107 -1.1108823 -1.1528627 -1.2054057 -1.2623984 -1.3210951 -1.3590638 -1.4153572 -1.4570788 -1.472944 -1.4622125 -1.4429199 -1.3907209 -1.341233 -1.2595426 -1.1883036 -1.0892741 -1.0256714 -0.95847805 -0.92870552
-2.400348 -2.4546461 -2.4894681 -2.5066854 -2.5114231 -2.5129348 -2.5129348 -2.5119565 -2.5119565 -2.5182102 -2.5331339 -2.5412272 -2.5362526 -2.527365 -2.5223904 -2.5180435 -2.5180435 -2.5083115 -2.4834387 -2.4520965 -2.4122999 -2.363783 -2.2941389 -2.2202872 -2.1357194 -2.0483062 -1.9388655 -1.8336605 -1.7291944 -1.6246281 -1.504191 -1.3979622 -1.3133944 -1.2360271 -1.1731904 -1.1305555 -1.1156317 -1.110376 -1.1260852 -1.1457627 -1.1771811 -1.208668 -1.2484646 -1.2825204 -1.3191751 -1.3327583 -1.3379947 -1.322293 -1.3013474 -1.2600345 -1.212907 -1.1509205 -1.084007 -1.0271798 -0.97883121 -0.94741283 -0.93503083
-2.4202176 -2.4764993 -2.5159609 -2.5328043 -2.5328043 -2.5328043 -2.5328043 -2.530605 -2.5258673 -2.5322368 -2.5521351 -2.5610967 -2.5475548 -2.5326311 -2.5177074 -2.5107926 -2.505818 -2.4939115 -2.4590895 -2.4245518 -2.3748061 -2.3240438 -2.2503704 -2.1743492 -2.094756 -2.0100608 -1.9205184 -1.8213818 -1.7318395 -1.6326014 -1.5331099 -1.43252 -1.3579013 -1.2823894 -1.2286985 -1.1879258 -1.1630529 -1.1532101 -1.1532101 -1.16566 -1.1771811 -1.1988347 -1.2153487 -1.2411319 -1.2595664 -1.2680678 -1.2651396 -1.2464242 -1.2218691 -1.1875293 -1.1466751 -1.1044851 -1.0508911 -1.0177272 -0.98 -0.98 -0.97877551
-2.436466 -2.4897858 -2.5280179 -2.5445264 -2.5445264 -2.5468866 -2.5490528 -2.5468534 -2.5421157 -2.5443282 -2.5614586 -2.5694035 -2.5544798 -2.5378993 -2.5201059 -2.5051822 -2.4943667 -2.4785065 -2.4407132 -2.3998742 -2.3471063 -2.2900936 -2.2154749 -2.1408563 -2.0643869 -1.983442 -1.8970743 -1.8127353 -1.7360952 -1.649316 -1.5626669 -1.4767686 -1.4106316 -1.343387 -1.2925209 -1.2547767 -1.2299038 -1.2109553 -1.2062112 -1.2035841 -1.208359 -1.2155769 -1.2273377 -1.2335792 -1.2448483 -1.2429616 -1.236718 -1.2195057 -1.1938582 -1.1632114 -1.1266183 -1.0986051 -1.0577384 -1.0419456 -1.0209034 -1.0343168 -1.0507753
-2.4478156 -2.4992186 -2.5340406 -2.546971 -2.546971 -2.5402442 -2.5452188 -2.5456847 -2.540947 -2.5431595 -2.5580832 -2.5688191 -2.5538954 -2.5388294 -2.5189311 -2.4885228 -2.4735991 -2.4508999 -2.4111033 -2.3683085 -2.3135881 -2.2545687 -2.1799501 -2.1083604 -2.0337418 -1.9648555 -1.8809389 -1.8002736 -1.7306296 -1.6632921 -1.5847462 -1.5186971 -1.4590022 -1.4095294 -1.3624018 -1.3261721 -1.3012993 -1.2838653 -1.2733925 -1.2640323 -1.2587959 -1.2580898 -1.2630644 -1.2606014 -1.2606014 -1.2535631 -1.2430903 -1.2246336 -1.2044308 -1.1753274 -1.1451246 -1.1189427 -1.0962922 -1.0852376 -1.0828662 -1.1038117 -1.1361469
-2.441247 -2.4914958 -2.5213433 -2.5282642 -2.499838 -2.4872587 -2.4922333 -2.4926992 -2.4879615 -2.490174 -2.5245806 -2.5423264 -2.5322225 -2.5189598 -2.4990615 -2.4679217 -2.4132014 -2.3780448 -2.3429156 -2.3020766 -2.2519727 -2.19496 -2.1294727 -2.0619981 -1.9964091 -1.9317396 -1.8670701 -1.7936505 -1.7372457 -1.6765385 -1.616752 -1.5584363 -1.517987 -1.4757613 -1.4337429 -1.3992623 -1.379364 -1.3630515 -1.3473423 -1.3361226 -1.3256498 -1.3232391 -1.3232391 -1.3171464 -1.3069638 -1.2999254 -1.2894526 -1.2731255 -1.2574163 -1.2309153 -1.2047333 -1.1847018 -1.1691473 -1.1619413 -1.1623444 -1.1878371 -1.2222484
-2.4317252 -2.4782494 -2.5080969 -2.5038439 -2.4776887 -2.4652391 -2.467813 -2.4704783 -2.4683021 -2.4793069 -2.5171314 -2.5365847 -2.5251925 -2.5102688 -2.4934746 -2.4623347 -2.4076144 -2.3606695 -2.3290532 -2.2912227 -2.2447336 -2.1906277 -2.1259582 -2.0640938 -2.0061409 -1.9455265 -1.8910846 -1.8316185 -1.7838182 -1.7323215 -1.6850564 -1.6369355 -1.6032623 -1.5627717 -1.5226129 -1.4951207 -1.4778858 -1.4597109 -1.4440017 -1.4309197 -1.4204469 -1.413229 -1.411413 -1.4053203 -1.3948475 -1.3808555 -1.369141 -1.3546763 -1.3389671 -1.3187931 -1.2929072 -1.2718395 -1.2564686 -1.2509413 -1.2513444 -1.2739386 -1.3083498
