P2_models/J1_p2_vp_slide_diff_25.dat.tif
NCOLS 118
NROWS 92
XLLCORNER 139.62
YLLCORNER -39.07
DX 0.099491525
DY 0.099347826
NODATA_VALUE -9999
[rows 54 to 80 of 92, columns 0 to 59 of 118]
-9999 7.1349824 7.1464879 7.1579933 7.1694988 7.1682562 7.1659469 7.1567521 7.1396107 7.1224693 7.1053279 7.0887294 7.0722738 7.0589254 7.0517991 7.0446729 7.036785 7.0288262 7.0208673 7.0153173 7.0153242 7.0153312 7.0153382 7.0131576 7.0099941 7.0054874 6.9973805 6.9892736 6.9701316 6.949678 6.9292244 6.9139967 6.9088431 6.9036894 6.8985357 6.8891915 6.8787291 6.866189 6.8506765 6.8351641 6.8196516 6.8012587 6.7826133 6.7720541 6.767308 6.7605532 6.7487448 6.7369363 6.7251279 6.7265184 6.73019 6.7338616 6.7313324 6.7221142 6.7100183 6.6879544 6.6658906 6.6438267 6.6384958 6.6360614
-9999 7.1547544 7.1662598 7.1743537 7.1720443 7.169735 7.1674257 7.1582309 7.1410895 7.1240275 7.1075719 7.0911163 7.0746608 7.0613123 7.0541861 7.0470598 7.0399336 7.0322975 7.0243387 7.0187886 7.0187956 7.0188025 7.015663 7.0124995 7.009336 7.0048293 6.9967224 6.9886156 6.9805087 6.964833 6.9443794 6.9291518 6.9239981 6.9184722 6.9080098 6.8975473 6.8870849 6.8745448 6.8590323 6.8429608 6.8243154 6.80567 6.7870246 6.7764654 6.7717193 6.7669732 6.7618945 6.7500861 6.7382777 6.7396681 6.7433397 6.7380311 6.7288129 6.7195946 6.7074987 6.6854349 6.6647072 6.6622728 6.6598385 6.6574041
-9999 7.1745263 7.1781418 7.1758325 7.1735231 7.1712138 7.1689044 7.1597097 7.14287 7.1264144 7.1099588 7.0935033 7.0770477 7.0636993 7.056573 7.0494468 7.0423205 7.0351943 7.02781 7.0222599 7.0213319 7.0181684 7.0150049 7.0118414 7.0086779 7.0041712 6.9960644 6.9879575 6.9798506 6.9717437 6.9595345 6.9443069 6.9372905 6.926828 6.9163656 6.9059031 6.8954407 6.8829006 6.8660174 6.847372 6.8287266 6.8100812 6.7914358 6.7808766 6.7761306 6.7713845 6.7666384 6.7618923 6.7514274 6.7528179 6.7447298 6.7355116 6.7262933 6.7170751 6.7049792 6.6884842 6.6860499 6.6836155 6.6811812 6.6787469
-9999 7.18065 7.1783407 7.1760313 7.173722 7.1714126 7.1691033 7.1656047 7.1491491 7.1326935 7.1162379 7.0997824 7.0833268 7.0682243 7.061098 7.0539718 7.0468455 7.0397193 7.032593 7.0266651 7.0235016 7.0203381 7.0171746 7.0140111 7.0108476 7.0018386 6.9937709 6.985664 6.9775572 6.9694503 6.9613434 6.952432 6.9419695 6.931507 6.9210446 6.9105821 6.9001197 6.8891052 6.8704598 6.8518144 6.833169 6.8145236 6.7958782 6.784386 6.7796399 6.7748938 6.7701477 6.7654016 6.7606555 6.753239 6.7440207 6.7348025 6.7255842 6.716366 6.709524 6.7073092 6.7048749 6.7024405 6.7000062 6.6975718
-9999 7.1764774 7.1741681 7.1718587 7.1695494 7.1669711 7.1625001 7.1616126 7.1648611 7.1522661 7.1358106 7.119355 7.1028994 7.0876135 7.07467 7.0657992 7.058673 7.0515467 7.0444205 7.0384925 7.035329 7.0321655 7.029002 7.0258385 7.007878 6.991889 6.9853637 6.9777851 6.9696782 6.9615714 6.9534645 6.944553 6.9340906 6.9236281 6.9131656 6.9026468 6.8888949 6.8784791 6.872836 6.8563632 6.8377178 6.8190724 6.800427 6.7879729 6.7800689 6.7753228 6.7705767 6.7658306 6.7610845 6.7559871 6.749495 6.7402767 6.7310585 6.7218403 6.7149983 6.7163877 6.7151006 6.7126663 6.7102319 6.7077976
-9999 7.1723048 7.1699955 7.1676861 7.1643435 7.1598724 7.1554013 7.1545139 7.1577623 7.1610108 7.1553832 7.1389276 7.1224721 7.1071862 7.0942427 7.0812991 7.0705005 7.0633742 7.056248 7.05032 7.0471565 7.043993 7.0369683 7.0174484 6.9979284 6.9819394 6.9754141 6.9688889 6.9617993 6.9536924 6.9455855 6.9366741 6.9262116 6.9157492 6.9042132 6.8904612 6.8767093 6.8662935 6.8606504 6.8550074 6.8422666 6.8236212 6.8049758 6.7925217 6.7845184 6.7765151 6.7710056 6.7662596 6.7615135 6.7564161 6.751258 6.745751 6.7365328 6.7273145 6.7204726 6.7218619 6.7232513 6.722892 6.7204577 6.7180234
-9999 7.1681322 7.1658228 7.1617158 7.1572448 7.1527737 7.1483026 7.1474151 7.1506636 7.1539121 7.1571606 7.1585003 7.1420447 7.1267588 7.1138153 7.1008718 7.0879282 7.0752017 7.0680754 7.0621475 7.058984 7.0465386 7.0270187 7.0074988 6.9879789 6.9719899 6.9654646 6.9589393 6.952414 6.9458135 6.9377066 6.9287951 6.9183327 6.9057795 6.8920276 6.8782757 6.8645238 6.8541079 6.8484649 6.8428218 6.8371788 6.82817 6.8095247 6.7970705 6.7890672 6.7810639 6.7730606 6.7666885 6.7619424 6.756845 6.7516869 6.7465288 6.7413707 6.7327888 6.7259469 6.7273362 6.7287256 6.7301149 6.7306835 6.7282491
-9999 7.1635593 7.1590882 7.1546171 7.150146 7.1456749 7.1412039 7.1403164 7.1435649 7.1468134 7.1500618 7.1533103 7.1565588 7.1463314 7.1333879 7.1204444 7.1075009 7.0945574 7.0816138 7.0739749 7.0561089 7.036589 7.0170691 6.9975492 6.9780293 6.9620403 6.955515 6.9489897 6.9424644 6.9359391 6.9294138 6.9209162 6.9073459 6.893594 6.879842 6.8660901 6.8523382 6.8419224 6.8362793 6.8306363 6.8249932 6.8193501 6.8137071 6.8016193 6.793616 6.7856127 6.7776094 6.7696061 6.7623714 6.757274 6.7521159 6.7469578 6.7417997 6.7366416 6.7314212 6.7328105 6.7341998 6.7355892 6.7369785 6.7383678
-9999 7.1718499 7.1673789 7.1629078 7.1584367 7.1539656 7.1432919 7.1359039 7.1408581 7.1441065 7.147355 7.1506035 7.153852 7.1550529 7.1480841 7.1351406 7.1221971 7.1092535 7.09631 7.0813779 7.061858 7.0423381 7.0228182 7.0032983 6.9867192 6.980272 6.970948 6.9644227 6.9578974 6.9513721 6.9448468 6.9358532 6.9221013 6.9083493 6.8945974 6.8808455 6.8637465 6.8447203 6.8360946 6.8304515 6.8248085 6.8191654 6.8135224 6.8078505 6.8005399 6.7925366 6.7845333 6.77653 6.7685266 6.761989 6.7568158 6.7516577 6.7464996 6.7413415 6.7363737 6.7341049 6.7354942 6.7368836 6.7382729 6.7396622
-9999 7.1868327 7.1823616 7.1778905 7.1734194 7.1573649 7.1376764 7.1302883 7.1370966 7.1433095 7.146558 7.1498065 7.153055 7.1542559 7.1513564 7.1477162 7.1347727 7.1218292 7.1088857 7.0939536 7.0744337 7.0549138 7.0353939 7.0236969 7.0189086 7.0124614 7.0015681 6.9908934 6.9843681 6.9778428 6.9713175 6.9623239 6.9485719 6.93482 6.9210681 6.9007733 6.8766862 6.85766 6.8458742 6.8354854 6.8298423 6.8241993 6.8185562 6.8128844 6.8071919 6.8004932 6.7924899 6.7844866 6.7764833 6.7699457 6.7636614 6.7582149 6.7530568 6.7478987 6.7429309 6.7386224 6.734971 6.7363603 6.7377497 6.739139
-9999 7.2018155 7.1973444 7.1911264 7.1714379 7.1517493 7.1320608 7.1246727 7.131481 7.1382894 7.1450977 7.1490095 7.152258 7.1534589 7.1505594 7.1476599 7.1447603 7.1344049 7.1214614 7.1065293 7.0870093 7.0674894 7.0606746 7.0558863 7.0510979 7.0446507 7.0337574 7.0228641 7.0119708 7.0043135 6.9977882 6.9887945 6.9750426 6.9612907 6.9378001 6.913713 6.8896259 6.8705998 6.858814 6.8470282 6.8352424 6.8292331 6.82359 6.8179182 6.8122257 6.8065333 6.8004466 6.7924433 6.78444 6.7779023 6.771618 6.7653337 6.759614 6.7544559 6.7494881 6.7451796 6.7408711 6.7365625 6.7372264 6.7386158
-9999 7.2167982 7.2051994 7.1855109 7.1658223 7.1461338 7.1264452 7.1190571 7.1258655 7.1326738 7.1394821 7.1462904 7.151461 7.1526619 7.1497624 7.1468629 7.1439634 7.1410638 7.134037 7.1191049 7.1024407 7.0976524 7.092864 7.0880756 7.0832873 7.0768401 7.0659468 7.0550535 7.0441601 7.0332668 7.0242589 7.0152652 6.9989139 6.9748268 6.9507398 6.9266527 6.9025656 6.8835395 6.8717537 6.8599679 6.8481821 6.8363963 6.8286239 6.8229521 6.8172596 6.8115671 6.8058746 6.8001821 6.7923966 6.785859 6.7795747 6.7732904 6.7670061 6.7610131 6.7560453 6.7517368 6.7474282 6.7431197 6.7388112 6.7380925
-9999 7.2203934 7.2007048 7.1810163 7.1613277 7.1416391 7.1219506 7.1198972 7.1267056 7.1335139 7.1403222 7.1471305 7.1539388 7.155519 7.1526195 7.14972 7.1468205 7.143921 7.1410214 7.1375508 7.1327624 7.127974 7.1231857 7.1183973 7.113609 7.102059 7.0911656 7.0802723 7.069379 7.0584857 7.0475924 7.0321925 7.0081055 6.9840184 6.9599313 6.9358443 6.9117572 6.897203 6.8854172 6.8736314 6.8618456 6.8500598 6.838274 6.8286762 6.8229837 6.8172913 6.8115988 6.8059063 6.8002138 6.7940167 6.7877324 6.7814481 6.7751638 6.7688795 6.762165 6.7578565 6.753548 6.7492395 6.744931 6.7406225
-9999 7.2214743 7.2017857 7.1820972 7.1624086 7.1437656 7.1476208 7.1528469 7.1596553 7.1664636 7.1732719 7.1800802 7.1850784 7.1850215 7.1751861 7.1707521 7.1678526 7.1649531 7.1620536 7.1585829 7.1537946 7.1490062 7.1442178 7.1394295 7.1331545 7.1195672 7.0872205 7.070821 7.0599277 7.0490344 7.0381411 7.0227412 6.9986542 6.9745671 6.95048 6.926393 6.9214827 6.9144668 6.902681 6.8908952 6.8791094 6.8682895 6.8679685 6.8540071 6.8321414 6.8264489 6.8207564 6.8150639 6.8093715 6.8031744 6.79689 6.7906057 6.7843214 6.7752065 6.7661091 6.7618006 6.7574921 6.7531836 6.7496187 6.7614548
-9999 7.2225552 7.2028666 7.1831781 7.1728601 7.1767153 7.1805705 7.1857966 7.192605 7.1994133 7.2056927 7.2105188 7.215345 7.2152881 7.2054527 7.1956173 7.1888848 7.1859853 7.1830858 7.1796151 7.1748267 7.1700384 7.1649667 7.1583785 7.1517904 7.1382031 7.1058564 7.0735096 7.0504764 7.0395831 7.0286898 7.01329 6.9892029 6.9651158 6.9461098 6.9424281 6.9387464 6.9317306 6.9199448 6.908159 6.9006298 6.9003088 6.8999879 6.8860265 6.8622592 6.8384919 6.8299141 6.8242216 6.8185291 6.812332 6.8060477 6.7997634 6.7896304 6.7791506 6.7700532 6.7657447 6.7614362 6.7617888 6.7736249 6.785461
-9999 7.2236361 7.2039475 7.2019546 7.2058098 7.209665 7.2135202 7.2187463 7.2255547 7.2311332 7.2359593 7.2407855 7.2456116 7.2455548 7.2357194 7.225884 7.2160486 7.2070174 7.2041179 7.2006472 7.1958589 7.1901907 7.1836026 7.1770144 7.1704263 7.156839 7.1244922 7.0921455 7.0597988 7.0301318 7.0192385 7.0038387 6.9797516 6.9670553 6.9633736 6.9596919 6.9560102 6.9489944 6.9372086 6.9329701 6.9326491 6.9323282 6.9320072 6.9180459 6.8942786 6.8705113 6.8467439 6.8333793 6.8276868 6.8214897 6.8145342 6.8040544 6.7935745 6.7830947 6.7739974 6.7696888 6.7739589 6.785795 6.7976311 6.8094672
-9999 7.2271938 7.2310491 7.2349043 7.2387595 7.2426147 7.2464699 7.251696 7.2565737 7.2613998 7.266226 7.2710521 7.2758783 7.2758214 7.265986 7.2561506 7.2463152 7.2364798 7.2266444 7.2216794 7.2154148 7.2088266 7.2022385 7.1956503 7.1890621 7.1754748 7.1431281 7.1107814 7.0784347 7.046088 7.0137413 6.9943874 6.9880008 6.9843191 6.9806374 6.9769557 6.973274 6.9662582 6.9653104 6.9649894 6.9646685 6.9643475 6.9640266 6.9500652 6.9262979 6.9025306 6.8787633 6.854996 6.8368444 6.8289581 6.8184783 6.8079985 6.7975186 6.7870388 6.7779415 6.7861289 6.7979651 6.8098012 6.8216373 6.8334734
-9999 7.2392628 7.243118 7.2469732 7.2508284 7.2546836 7.2595276 7.2649547 7.2694161 7.2742422 7.2790684 7.2838945 7.2887207 7.2900743 7.2825067 7.2726713 7.2628359 7.2530005 7.2431651 7.2343117 7.2277235 7.2211353 7.2145472 7.207959 7.2002902 7.1881587 7.170957 7.1386103 7.1062636 7.0739169 7.0415702 7.0190145 7.0153328 7.0116511 7.0079694 7.0042877 6.997347 6.9815167 6.9746331 6.9743121 6.9739912 6.9736702 6.9733493 6.96065 6.9374106 6.9136433 6.889876 6.8661087 6.8423414 6.8187086 6.8082288 6.7977489 6.7872691 6.7767893 6.7740956 6.7932295 6.8050656 6.8169017 6.8287378 6.8405739
-9999 7.2394766 7.2433318 7.247187 7.2510423 7.2569805 7.263683 7.2691101 7.2730653 7.277192 7.2820181 7.2868443 7.2916704 7.293024 7.2874236 7.2813878 7.2715524 7.261717 7.2518816 7.2430281 7.2364399 7.2298517 7.2232636 7.2128085 7.1985162 7.1863847 7.1800447 7.1716586 7.1393119 7.1069652 7.0746184 7.0520628 7.0483811 7.0446994 7.0410177 7.0299157 7.0139581 6.9981279 6.98248 6.9707487 6.9704277 6.9701068 6.9697859 6.9570866 6.9354887 6.9128863 6.889119 6.8653517 6.8415844 6.8173716 6.7930818 6.7794409 6.7689611 6.7584813 6.7557876 6.780064 6.8025679 6.814404 6.8262401 6.8380762
-9999 7.2396904 7.2435456 7.2477311 7.2544335 7.261136 7.2678385 7.2732656 7.2772208 7.281176 7.2851312 7.289794 7.2946201 7.2959738 7.2903734 7.284773 7.2791726 7.2704334 7.260598 7.2517445 7.2451563 7.2385682 7.2253267 7.2110344 7.1967421 7.1846106 7.1782707 7.1719307 7.1655907 7.1400134 7.1076667 7.085111 7.0814294 7.0777477 7.0624845 7.0465269 7.0305693 7.0147391 6.9990912 6.9834432 6.9677952 6.9665434 6.9662224 6.9535232 6.9319253 6.9103274 6.8883619 6.8645946 6.8408273 6.8166145 6.7923247 6.7680349 6.7506531 6.7401733 6.7374796 6.761756 6.7860325 6.810309 6.8237424 6.8355786
-9999 7.2399043 7.245184 7.2518865 7.258589 7.2652914 7.2719939 7.277421 7.2813762 7.2853314 7.2892866 7.2932418 7.2975699 7.2989235 7.2933231 7.2877227 7.2821223 7.276522 7.2693144 7.2604609 7.2521372 7.237845 7.2235527 7.2092604 7.1949681 7.1828366 7.1764966 7.1701567 7.1638167 7.1574767 7.140715 7.1181593 7.1110109 7.0950533 7.0790957 7.0631381 7.0471805 7.0313503 7.0157023 7.0000544 6.9844064 6.9687585 6.962659 6.9499597 6.9283619 6.906764 6.8851662 6.8635683 6.8400702 6.8158574 6.7915676 6.7672778 6.742988 6.7218653 6.7191716 6.743448 6.7677245 6.792001 6.8162774 6.8330809
-9999 7.2384651 7.2451676 7.2518701 7.2585725 7.265275 7.2719775 7.2812372 7.2851924 7.2891476 7.2931028 7.297058 7.3010132 7.2998349 7.2942345 7.2886341 7.2830337 7.2774334 7.271833 7.2636043 7.249312 7.2350197 7.2207274 7.2064351 7.1921428 7.1783492 7.1719745 7.1656345 7.1592945 7.1529546 7.1466146 7.1369896 7.121032 7.1050744 7.0891168 7.0731592 7.0572016 7.0446802 7.0290323 7.0133843 6.9977363 6.9820884 6.9664404 6.9522211 6.9306232 6.9090254 6.8874275 6.8658297 6.8442318 6.8266496 6.8023598 6.77807 6.7537802 6.7294904 6.7085352 6.7314119 6.7556884 6.7799648 6.8042413 6.8285178
-9999 7.2226566 7.2293591 7.2360616 7.242764 7.2517048 7.2746414 7.2873802 7.2883495 7.2916794 7.2956345 7.2995897 7.3035449 7.3020341 7.2895773 7.2818297 7.2762293 7.2706289 7.2650286 7.2567999 7.2425076 7.2282153 7.213923 7.1996307 7.1837451 7.1691812 7.1585419 7.1507098 7.1443698 7.1380298 7.1316898 7.1220648 7.1061072 7.0901496 7.074192 7.0586932 7.0579291 7.049632 7.030558 7.0142936 6.9986456 6.9829976 6.9673497 6.9587645 6.9549334 6.9333356 6.9117377 6.8901398 6.868542 6.8649099 6.8568697 6.8325799 6.8082901 6.7840003 6.7630451 6.7536405 6.7673933 6.7916698 6.8159463 6.8402227
-9999 7.2068481 7.2135506 7.2202531 7.2354336 7.2583702 7.2813067 7.2940455 7.2950148 7.2959841 7.2981663 7.3021215 7.3060767 7.3045659 7.2921091 7.2796522 7.2694249 7.2638245 7.2582241 7.2499954 7.2357032 7.2214109 7.2066332 7.1906052 7.1745771 7.1600132 7.1493739 7.1387345 7.129445 7.1231051 7.1167651 7.1071401 7.0911825 7.0752249 7.0648762 7.0641121 7.0633481 7.055051 7.0359769 7.0169029 6.9995549 6.9839069 6.9682589 6.9596738 6.9561659 6.952658 6.9360479 6.91445 6.8928522 6.8892201 6.8886929 6.8870898 6.8628 6.8385102 6.817555 6.8081504 6.7987458 6.8033748 6.8276513 6.8519277
-9999 7.1910396 7.1977421 7.2191624 7.2420989 7.2650355 7.287972 7.3007109 7.3016802 7.3026495 7.3036188 7.3046533 7.3086085 7.3070977 7.2946409 7.282184 7.2697272 7.2572704 7.2514197 7.243191 7.2288987 7.2134933 7.1974652 7.1814372 7.1654091 7.1508452 7.1402059 7.1295665 7.1189272 7.1082878 7.1018403 7.0922153 7.0762577 7.0710592 7.0702952 7.0695311 7.068767 7.06047 7.0413959 7.0223219 7.0032478 6.9848162 6.9691682 6.960583 6.9570751 6.9535673 6.9500594 6.9387602 6.9171623 6.9135302 6.9130031 6.912476 6.9119489 6.8930201 6.8720649 6.8626603 6.8532556 6.843851 6.8393562 6.8636327
-9999 7.1799546 7.2028912 7.2258277 7.2487643 7.2717008 7.2946374 7.3073762 7.3083455 7.3093148 7.3102841 7.3112534 7.3122227 7.3096295 7.2971726 7.2847158 7.272259 7.2598021 7.2473453 7.2363815 7.2203534 7.2043253 7.1882973 7.1722692 7.1562411 7.1416772 7.1310379 7.1203985 7.1097592 7.0991198 7.0884805 7.0780063 7.0772423 7.0764782 7.0757141 7.0749501 7.074186 7.065889 7.0468149 7.0277408 7.0086668 6.9895927 6.9705186 6.9614923 6.9579844 6.9544765 6.9509687 6.9474608 6.9414725 6.9378404 6.9373133 6.9367862 6.9362591 6.9357319 6.9265748 6.9171702 6.9077655 6.8983609 6.8889563 6.8795517
-9999 7.1346796 7.1576162 7.1805527 7.2034893 7.2264258 7.2712485 7.3055121 7.3077599 7.3087292 7.3096985 7.3106678 7.3116371 7.3092366 7.2992737 7.2868168 7.27436 7.2619031 7.2494463 7.2359096 7.2198815 7.2038534 7.1878253 7.1717972 7.1603489 7.1576174 7.1544075 7.1437681 7.1331288 7.1224894 7.1118501 7.1045838 7.1038197 7.1030557 7.1022916 7.1015275 7.098817 7.0905357 7.0751929 7.0561188 7.0370447 7.0179707 6.9988966 6.9847895 6.9781132 6.9746054 6.9710975 6.9675896 6.9640818 6.9506243 6.9477265 6.9471994 6.9466722 6.9461451 6.9467525 6.9483682 6.9389636 6.929559 6.9201543 6.9107497
