P2_models/J1_p2_vp_slide_diff2_280.dat.tif
NCOLS 118
NROWS 92
XLLCORNER 139.62
YLLCORNER -39.07
DX 0.099491525
DY 0.099347826
NODATA_VALUE -9999
[rows 25 to 49 of 92, columns 0 to 54 of 118]
-9999 -0.063067763 -0.05915269 -0.055237617 -0.051322544 -0.047407471 -0.043316005 -0.040653864 -0.04083433 -0.042715372 -0.044596414 -0.046477456 -0.048358499 -0.053028843 -0.061288474 -0.06396264 -0.066636807 -0.069310973 -0.071985139 -0.073531078 -0.072474146 -0.071417214 -0.070360283 -0.069303351 -0.069157708 -0.068061528 -0.063459795 -0.072177782 -0.080895769 -0.089613756 -0.098331743 -0.10457427 -0.10604489 -0.10751551 -0.10898613 -0.11045674 -0.11527597 -0.12189409 -0.1225242 -0.11818363 -0.11384305 -0.10950248 -0.1051619 -0.10476769 -0.10910937 -0.1149099 -0.12071043 -0.12651096 -0.13231149 -0.13608669 -0.13343021 -0.12973588 -0.12604154 -0.12234721 -0.11786352
-9999 -0.066581717 -0.062666644 -0.058751571 -0.054836498 -0.050650408 -0.046415657 -0.043753516 -0.042906371 -0.042279298 -0.044160341 -0.046041383 -0.047922425 -0.05259277 -0.062848854 -0.073104938 -0.075865797 -0.078539963 -0.08121413 -0.082760068 -0.081703136 -0.080646205 -0.079589273 -0.080176904 -0.081788833 -0.080692653 -0.072338062 -0.063983472 -0.072126315 -0.080844302 -0.089562289 -0.095804813 -0.097275432 -0.098746052 -0.10021667 -0.10686811 -0.11556619 -0.12218431 -0.12582673 -0.12831098 -0.1239704 -0.11962983 -0.11528925 -0.11489504 -0.11733782 -0.12097096 -0.12677149 -0.13257202 -0.13837255 -0.14214776 -0.14557293 -0.14426751 -0.14057317 -0.13687884 -0.13239515
-9999 -0.070095671 -0.066180598 -0.062219561 -0.05798481 -0.05375006 -0.049515309 -0.046853169 -0.046006023 -0.045158877 -0.044311731 -0.045605309 -0.047486351 -0.052156696 -0.06241278 -0.072668864 -0.082924948 -0.087768953 -0.09044312 -0.091989058 -0.090932126 -0.089875195 -0.0911961 -0.092808029 -0.094419957 -0.093323777 -0.084969187 -0.076614597 -0.068260007 -0.072074848 -0.080792835 -0.087035359 -0.088505978 -0.089976598 -0.098460239 -0.10715833 -0.11585642 -0.12247453 -0.12611695 -0.12975937 -0.13340179 -0.12975717 -0.1254166 -0.12502239 -0.12746517 -0.12990795 -0.13283255 -0.13863309 -0.14443362 -0.14820882 -0.15163399 -0.15505917 -0.1551048 -0.15141047 -0.14692677
-9999 -0.073609625 -0.069553964 -0.065319213 -0.061084463 -0.056849712 -0.052614961 -0.049952821 -0.049105675 -0.048258529 -0.047411383 -0.046564237 -0.047050278 -0.051720623 -0.061976707 -0.072232791 -0.082488875 -0.092744958 -0.09967211 -0.10121805 -0.10060337 -0.1022153 -0.10382723 -0.10543915 -0.10705108 -0.1059549 -0.097600312 -0.089245722 -0.080891132 -0.072536542 -0.072023382 -0.078265905 -0.081354284 -0.090052373 -0.098750462 -0.10744855 -0.11614664 -0.12276476 -0.12640717 -0.13004959 -0.13369201 -0.13733443 -0.13554395 -0.13514974 -0.13759251 -0.14003529 -0.14247807 -0.14492085 -0.15049468 -0.15426988 -0.15769506 -0.16112023 -0.1645454 -0.16594209 -0.1614584
-9999 -0.077753427 -0.073518676 -0.069283925 -0.065049174 -0.060814423 -0.056579673 -0.054074893 -0.053227747 -0.052380601 -0.051533455 -0.050686309 -0.049839164 -0.05153656 -0.061792644 -0.072048727 -0.082304811 -0.092560895 -0.10281698 -0.1104592 -0.11207113 -0.11368306 -0.11529499 -0.11690691 -0.11851884 -0.11949404 -0.11113945 -0.10278486 -0.094430268 -0.086075678 -0.077721088 -0.075191135 -0.083889224 -0.092587313 -0.1012854 -0.10998349 -0.11868158 -0.12373573 -0.12737815 -0.13102057 -0.13466299 -0.1383054 -0.14194782 -0.14337713 -0.14581991 -0.14826268 -0.15070546 -0.15314824 -0.15559102 -0.15923998 -0.16266515 -0.16609032 -0.1695155 -0.17294067 -0.17403872
-9999 -0.088839587 -0.084604836 -0.080370085 -0.076135335 -0.071900584 -0.066914793 -0.064713377 -0.065766711 -0.064919565 -0.064072419 -0.063225273 -0.062378127 -0.062446841 -0.064349617 -0.073939295 -0.084195379 -0.094451463 -0.10470755 -0.11234977 -0.1139617 -0.11557363 -0.11718555 -0.11879748 -0.11910642 -0.12129537 -0.13013258 -0.12379904 -0.11544445 -0.10708986 -0.098735267 -0.096205314 -0.1049034 -0.11360149 -0.12229958 -0.13099767 -0.1298009 -0.12949645 -0.13395328 -0.1375957 -0.14123812 -0.14488054 -0.14852296 -0.14474723 -0.13840623 -0.14084901 -0.14329179 -0.14573457 -0.14817735 -0.15389618 -0.15865404 -0.16207921 -0.16550438 -0.16892956 -0.1700698
-9999 -0.099925748 -0.095690997 -0.091456246 -0.087057547 -0.081988861 -0.076920176 -0.07471876 -0.075826541 -0.076934322 -0.076611383 -0.075764237 -0.074917091 -0.074985805 -0.076888581 -0.078791356 -0.086085947 -0.096342031 -0.10659812 -0.11424034 -0.11585226 -0.11746419 -0.11907612 -0.11886208 -0.11857057 -0.12075952 -0.12959673 -0.13843394 -0.13645863 -0.12810404 -0.11974945 -0.11721949 -0.12591758 -0.13461567 -0.14264397 -0.1389842 -0.13532443 -0.13501998 -0.13951579 -0.14401161 -0.14781326 -0.15145567 -0.15509809 -0.15132237 -0.14221383 -0.13343534 -0.13587812 -0.1383209 -0.14076367 -0.14648251 -0.15276753 -0.15806809 -0.16149327 -0.16491844 -0.16605868
-9999 -0.11101191 -0.10677716 -0.10213161 -0.09706293 -0.091994244 -0.086925559 -0.084724142 -0.085831924 -0.086939705 -0.088047486 -0.088303201 -0.087456055 -0.087524769 -0.089427545 -0.09133032 -0.093233095 -0.098232599 -0.10848868 -0.1161309 -0.11774283 -0.11890926 -0.11861775 -0.11832624 -0.11803473 -0.12022368 -0.12906089 -0.1378981 -0.1467353 -0.14911822 -0.14076363 -0.13823367 -0.14693176 -0.15182727 -0.1481675 -0.14450772 -0.14084795 -0.14054351 -0.14503932 -0.14953514 -0.15403095 -0.15803081 -0.16167323 -0.1578975 -0.14878897 -0.13968043 -0.13057189 -0.13090722 -0.13335 -0.13906883 -0.14535385 -0.15163888 -0.15748215 -0.16090732 -0.16204757
-9999 -0.12209807 -0.11720568 -0.112137 -0.10706831 -0.10199963 -0.096930942 -0.094729525 -0.095837307 -0.096945088 -0.098052869 -0.09916065 -0.099995019 -0.10006373 -0.10196651 -0.10386928 -0.10577206 -0.10767483 -0.11037925 -0.11802147 -0.11866493 -0.11837341 -0.1180819 -0.11779039 -0.11749888 -0.11968784 -0.12852504 -0.13736225 -0.14619946 -0.15503667 -0.1617778 -0.15924785 -0.16101056 -0.15735079 -0.15369102 -0.15003125 -0.14637148 -0.14606703 -0.15056285 -0.15505867 -0.15955448 -0.1640503 -0.16824836 -0.16447264 -0.1553641 -0.14625556 -0.13714703 -0.12803849 -0.12593633 -0.13165516 -0.13794018 -0.1442252 -0.15051023 -0.15679525 -0.15803645
-9999 -0.12807723 -0.12300855 -0.11793986 -0.11287118 -0.10780249 -0.10273381 -0.097471685 -0.098215361 -0.099323142 -0.10043092 -0.1015387 -0.10264649 -0.10690283 -0.11017872 -0.11208149 -0.11398427 -0.11588704 -0.11778982 -0.11902907 -0.11873756 -0.11844605 -0.11815454 -0.11786303 -0.11757152 -0.11938146 -0.12465016 -0.13348736 -0.14232457 -0.15116178 -0.15999899 -0.16456764 -0.16090787 -0.1572481 -0.15358833 -0.14992856 -0.14626879 -0.14490849 -0.14877233 -0.15326814 -0.15776396 -0.16225978 -0.16675559 -0.1709801 -0.16187156 -0.15276302 -0.14365449 -0.13454595 -0.12543741 -0.12826073 -0.13454576 -0.14083078 -0.1471158 -0.15340082 -0.15762781
-9999 -0.12694899 -0.1218803 -0.11681162 -0.11174293 -0.10764724 -0.10595441 -0.10081366 -0.091693549 -0.089121632 -0.090229413 -0.091337194 -0.092444975 -0.09670132 -0.10726284 -0.11315769 -0.11506046 -0.11696324 -0.11886601 -0.12010527 -0.11981376 -0.11952225 -0.11923074 -0.11950161 -0.12775493 -0.13158699 -0.12356899 -0.12410547 -0.13294268 -0.14177989 -0.1506171 -0.15518575 -0.15152598 -0.14786621 -0.14420644 -0.1416428 -0.14422503 -0.14352107 -0.13811577 -0.13941474 -0.14391055 -0.14840637 -0.15290219 -0.15900415 -0.16626074 -0.15915886 -0.15005033 -0.14094179 -0.13183325 -0.13363248 -0.13778018 -0.1440652 -0.15035022 -0.15663524 -0.16086223
-9999 -0.12582074 -0.12075206 -0.11568337 -0.11268204 -0.11098921 -0.10929639 -0.10415563 -0.095035523 -0.085915412 -0.080027903 -0.081135685 -0.082243466 -0.08649981 -0.097061333 -0.10762286 -0.11613666 -0.11803943 -0.11994221 -0.12118147 -0.12088996 -0.12059845 -0.12345381 -0.13170713 -0.13996045 -0.14379252 -0.13577451 -0.12775651 -0.12356079 -0.132398 -0.14123521 -0.14580386 -0.14214409 -0.13848432 -0.13767316 -0.14025539 -0.14283761 -0.14213366 -0.13672835 -0.13132305 -0.13005715 -0.13455296 -0.13904878 -0.14515074 -0.15240734 -0.15966394 -0.15644617 -0.14733763 -0.13822909 -0.14002832 -0.14371271 -0.14739709 -0.15358464 -0.15986966 -0.16409665
-9999 -0.1246925 -0.11962381 -0.11771684 -0.11602401 -0.11433119 -0.11263836 -0.10749761 -0.098377498 -0.089257387 -0.080137276 -0.071017165 -0.072041956 -0.0762983 -0.086859823 -0.097421346 -0.10798287 -0.11854439 -0.12101841 -0.12225766 -0.12196615 -0.12740602 -0.13565934 -0.14391266 -0.15216598 -0.15599805 -0.14798004 -0.13996204 -0.13194403 -0.12392603 -0.13185332 -0.13642197 -0.1327622 -0.13370352 -0.13628575 -0.13886797 -0.1414502 -0.14074624 -0.13534094 -0.12993563 -0.12453033 -0.12069956 -0.12519537 -0.13129733 -0.13855393 -0.14581053 -0.15306713 -0.15373347 -0.14462493 -0.14642416 -0.15010855 -0.15379293 -0.15747731 -0.16310408 -0.16733107
-9999 -0.12444446 -0.12275163 -0.12105881 -0.11936599 -0.11767316 -0.11598034 -0.11083958 -0.10171947 -0.092599361 -0.08347925 -0.07435914 -0.065239029 -0.06609679 -0.076658313 -0.087219836 -0.097781358 -0.10834288 -0.1189044 -0.12333386 -0.13135823 -0.13961155 -0.14786487 -0.15611819 -0.16437151 -0.16820358 -0.16018557 -0.15216757 -0.14414956 -0.13613156 -0.12811355 -0.12715165 -0.12973388 -0.13231611 -0.13489833 -0.13748056 -0.14006279 -0.13935883 -0.13395352 -0.12854822 -0.12314291 -0.11773761 -0.1123323 -0.11744393 -0.12470052 -0.13195712 -0.13921372 -0.14647032 -0.15102077 -0.15282 -0.15650439 -0.16018877 -0.16387315 -0.16755754 -0.17056549
-9999 -0.11961529 -0.11792246 -0.11622964 -0.11453681 -0.11284399 -0.11427613 -0.1128254 -0.10370529 -0.094585181 -0.08546507 -0.076344959 -0.068362627 -0.066817514 -0.07481742 -0.085378943 -0.095940466 -0.10650199 -0.11706351 -0.12692707 -0.13518039 -0.14343371 -0.15168703 -0.15994035 -0.16622697 -0.16720211 -0.16672326 -0.15870526 -0.15068725 -0.14266925 -0.13465124 -0.13025393 -0.13283616 -0.13541838 -0.13800061 -0.14058284 -0.14273943 -0.14135559 -0.13595028 -0.13054498 -0.12513967 -0.11973437 -0.11537767 -0.11589785 -0.12181079 -0.12906738 -0.13632398 -0.14358058 -0.15083718 -0.15504796 -0.15873234 -0.16241673 -0.16610111 -0.16871672 -0.16466269
-9999 -0.11202252 -0.1103297 -0.10863687 -0.10694405 -0.11060885 -0.11580328 -0.11435255 -0.10523244 -0.096112329 -0.086992219 -0.080153364 -0.074560636 -0.073015523 -0.079575994 -0.086365726 -0.096927249 -0.10748877 -0.11805029 -0.12791385 -0.13616717 -0.14442049 -0.15267381 -0.15653251 -0.15675869 -0.15773383 -0.16071638 -0.16332601 -0.15530801 -0.14729 -0.139272 -0.13487468 -0.13745691 -0.14003914 -0.14262136 -0.14445365 -0.14588077 -0.14449693 -0.13909162 -0.13368631 -0.12828101 -0.12444408 -0.12104525 -0.12156542 -0.12490293 -0.12988571 -0.1371423 -0.1443989 -0.1516555 -0.15586628 -0.15955067 -0.16323505 -0.16411027 -0.15972359 -0.15566955
-9999 -0.10442975 -0.10273693 -0.10174712 -0.10694156 -0.112136 -0.11733043 -0.1158797 -0.10675959 -0.097639478 -0.091944101 -0.086351373 -0.080758644 -0.079213531 -0.085774003 -0.092334474 -0.098894945 -0.10847555 -0.11903708 -0.12890063 -0.13715395 -0.14540727 -0.14683805 -0.14706423 -0.14729041 -0.14826555 -0.1512481 -0.15423066 -0.15721321 -0.15191076 -0.14389275 -0.13949544 -0.14207766 -0.14465989 -0.14616787 -0.14759499 -0.1490221 -0.14763826 -0.14223295 -0.13690933 -0.1335105 -0.13011166 -0.12671283 -0.127233 -0.13057051 -0.13390801 -0.13796063 -0.14521723 -0.15247382 -0.15668461 -0.16036899 -0.15950382 -0.15511714 -0.15073045 -0.14667641
-9999 -0.096836989 -0.098079836 -0.10327427 -0.10846871 -0.11366315 -0.11885758 -0.11740685 -0.10932757 -0.10373484 -0.09814211 -0.092549381 -0.086956653 -0.08541154 -0.091972011 -0.098532482 -0.10509295 -0.11165342 -0.12002386 -0.12988742 -0.13691742 -0.1371436 -0.13736977 -0.13759595 -0.13782213 -0.13879727 -0.14177982 -0.14476238 -0.14774493 -0.15072748 -0.1485135 -0.14411619 -0.14645498 -0.1478821 -0.14930921 -0.15073632 -0.15216344 -0.1507796 -0.14597575 -0.14257691 -0.13917808 -0.13577924 -0.1323804 -0.13290058 -0.13623808 -0.13957559 -0.14291309 -0.1462506 -0.15329215 -0.15750293 -0.15489737 -0.15051069 -0.146124 -0.14173731 -0.13768327
-9999 -0.096216461 -0.1014109 -0.10660533 -0.11179977 -0.11699421 -0.12218864 -0.12049719 -0.11490446 -0.10931174 -0.10371901 -0.098126278 -0.09253355 -0.091892716 -0.098453187 -0.10501366 -0.11157413 -0.1181346 -0.12469507 -0.12934015 -0.12956632 -0.1297925 -0.13001868 -0.13024486 -0.13047103 -0.13095532 -0.13393788 -0.13692043 -0.13990298 -0.14288554 -0.14586809 -0.14831936 -0.14974647 -0.15117358 -0.1526007 -0.15402781 -0.15545492 -0.1553873 -0.15198847 -0.14858963 -0.14519079 -0.14179196 -0.13839312 -0.13884329 -0.1421808 -0.1455183 -0.1488558 -0.15219331 -0.15553081 -0.15206239 -0.14767571 -0.14328902 -0.13890233 -0.13451564 -0.13077999
-9999 -0.11315273 -0.11834717 -0.1235416 -0.12873604 -0.13393047 -0.13091008 -0.12470544 -0.1157969 -0.11020417 -0.10461145 -0.099018718 -0.093425989 -0.093899 -0.106519 -0.1136305 -0.12019097 -0.12675144 -0.13331191 -0.13795699 -0.13818316 -0.13840934 -0.13863552 -0.1388617 -0.135445 -0.13314471 -0.13810732 -0.14134437 -0.14432692 -0.14730947 -0.15029203 -0.15274329 -0.15417041 -0.15559752 -0.15702463 -0.15845175 -0.1603497 -0.16128953 -0.16060425 -0.15720541 -0.15380657 -0.15040774 -0.1470089 -0.1472418 -0.15019859 -0.15353609 -0.1568736 -0.1602111 -0.16354861 -0.15895362 -0.15381456 -0.14942787 -0.14504118 -0.14065449 -0.13670652
-9999 -0.130089 -0.13528343 -0.14047787 -0.14379917 -0.13998554 -0.13617192 -0.12996728 -0.12100309 -0.1120389 -0.10550389 -0.099911157 -0.094318428 -0.094791439 -0.10741144 -0.12003144 -0.12880781 -0.13536828 -0.14192875 -0.14657382 -0.1468 -0.14702618 -0.14725236 -0.14239699 -0.13738693 -0.13508665 -0.14004925 -0.14501185 -0.14875086 -0.15173341 -0.15471597 -0.15716723 -0.15859434 -0.16002146 -0.16148638 -0.16349357 -0.16550077 -0.16644061 -0.16585344 -0.16526627 -0.16242236 -0.15902352 -0.15562468 -0.15585759 -0.1587013 -0.16155388 -0.16489139 -0.16822889 -0.1715664 -0.16697141 -0.16100547 -0.15556672 -0.15118003 -0.14679334 -0.14284537
-9999 -0.14702526 -0.1522197 -0.15287463 -0.14906101 -0.14524739 -0.14143376 -0.13522912 -0.12626493 -0.11730075 -0.10833656 -0.1008036 -0.095210868 -0.095683878 -0.10830388 -0.12092388 -0.13354389 -0.14398512 -0.15054559 -0.15519066 -0.15541684 -0.15435905 -0.14934898 -0.14433892 -0.13932886 -0.13702858 -0.14199118 -0.14695379 -0.15191639 -0.15615735 -0.1591399 -0.16159117 -0.16301828 -0.16463026 -0.16663745 -0.16864465 -0.17065185 -0.17159169 -0.17100452 -0.17041735 -0.16983018 -0.1676393 -0.16424047 -0.16447337 -0.16731708 -0.17016079 -0.1730045 -0.17624669 -0.17958419 -0.1749892 -0.16902326 -0.16305733 -0.15731888 -0.15293219 -0.14898422
-9999 -0.16396153 -0.1619501 -0.15813648 -0.15432285 -0.15050923 -0.1466956 -0.14049096 -0.13152677 -0.12256259 -0.1135984 -0.10463421 -0.096103307 -0.096576318 -0.10919632 -0.12181632 -0.13443633 -0.14705633 -0.15916243 -0.1638075 -0.16131104 -0.15630098 -0.15129092 -0.14628086 -0.14127079 -0.13897051 -0.14393311 -0.14889572 -0.15385832 -0.15882093 -0.16356384 -0.16601511 -0.16777414 -0.16978133 -0.17178853 -0.17379573 -0.17580293 -0.17674277 -0.1761556 -0.17556843 -0.17498126 -0.17439409 -0.17285625 -0.17308915 -0.17593286 -0.17877657 -0.18162029 -0.184464 -0.18760198 -0.18300699 -0.17704106 -0.17107512 -0.16510918 -0.15914324 -0.15512307
-9999 -0.16941722 -0.1656036 -0.16178997 -0.15797635 -0.15416273 -0.1503491 -0.14570329 -0.1367391 -0.12777491 -0.11881073 -0.10984654 -0.10088235 -0.094615947 -0.10700356 -0.11962356 -0.13224357 -0.14486357 -0.15748357 -0.16477251 -0.15976245 -0.15475238 -0.14974232 -0.14473226 -0.1397222 -0.13940481 -0.1438603 -0.1488229 -0.15378551 -0.15874811 -0.16371071 -0.16766385 -0.16967105 -0.17167825 -0.17368545 -0.17569264 -0.17769984 -0.17520015 -0.17461298 -0.17402581 -0.17343864 -0.17285146 -0.17313187 -0.17518692 -0.17803063 -0.18087434 -0.18371806 -0.18656177 -0.18940548 -0.18473773 -0.17877179 -0.17280585 -0.16683991 -0.16087397 -0.15959326
-9999 -0.17051468 -0.16670106 -0.16288744 -0.15907381 -0.1562758 -0.15544398 -0.15083692 -0.14187273 -0.13290855 -0.12394436 -0.11335229 -0.096615044 -0.089227983 -0.10056521 -0.1125277 -0.1251477 -0.13776771 -0.15038771 -0.15767664 -0.15266658 -0.14765652 -0.14264646 -0.13822329 -0.138215 -0.13896834 -0.14176304 -0.14554818 -0.15051078 -0.15547338 -0.16043599 -0.16438912 -0.16639632 -0.16840352 -0.17041072 -0.17087875 -0.1660836 -0.16301967 -0.16243249 -0.16184532 -0.16125815 -0.16469709 -0.17511419 -0.17641387 -0.17115915 -0.17261346 -0.17545717 -0.17830089 -0.1811446 -0.17647685 -0.17051091 -0.16454497 -0.15857903 -0.16029097 -0.16141154
