P2_models/J1_p2__temp2_slide_260.dat.tif
NCOLS 118
NROWS 92
XLLCORNER 139.62
YLLCORNER -39.07
DX 0.099491525
DY 0.099347826
NODATA_VALUE -9999
[rows 27 to 53 of 92, columns 0 to 59 of 118]
-9999 1241.7468 1232.6702 1224.1926 1219.2816 1214.3706 1209.4597 1205.617 1203.0074 1200.3978 1197.7882 1201.8911 1207.8362 1213.5911 1218.9653 1224.3395 1229.7137 1234.2582 1238.47 1240.983 1239.5768 1238.1707 1240.9765 1244.2979 1247.6193 1249.8145 1248.9916 1248.1687 1247.3458 1261.4001 1281.4485 1290.2594 1277.4081 1264.5569 1271.3522 1278.7483 1286.1444 1287.4856 1280.1644 1272.8432 1265.522 1263.7814 1262.5737 1276.3826 1300.9867 1325.5908 1349.1309 1366.3202 1383.5096 1377.9852 1368.5353 1359.0854 1343.2943 1320.4859 1302.3834 1300.5819 1298.7804 1296.9789 1313.3595 1333.0482
-9999 1246.2343 1238.9897 1234.0787 1229.1678 1224.2568 1219.3458 1215.5032 1212.8936 1210.284 1207.6744 1205.0648 1206.6355 1212.3905 1217.7647 1223.1389 1228.5131 1233.8873 1238.7511 1241.2641 1240.6414 1243.9627 1247.2841 1250.6054 1253.9268 1256.1221 1255.2992 1254.4762 1253.6533 1252.8304 1261.5937 1270.4046 1262.0854 1269.4815 1276.8776 1284.2737 1291.6698 1293.011 1285.6898 1278.3686 1271.0474 1263.7262 1260.5656 1274.3745 1298.9786 1323.5827 1348.1868 1372.7909 1390.4808 1384.9565 1375.5065 1366.0566 1356.6067 1343.3507 1325.2482 1323.4467 1321.6452 1319.8437 1318.0422 1330.3447
-9999 1254.1985 1249.2875 1244.3766 1239.4656 1234.5546 1229.6437 1225.0624 1222.4528 1219.8432 1217.2336 1214.624 1212.0144 1211.8348 1217.209 1222.5832 1227.9574 1233.3316 1238.7058 1243.4592 1246.7806 1250.102 1253.4233 1256.7447 1260.066 1263.0256 1262.2027 1261.3797 1260.5568 1259.7339 1258.911 1260.8954 1268.2915 1275.6876 1283.0837 1290.4798 1297.8759 1299.6849 1292.3637 1285.0425 1277.7213 1270.4001 1263.0789 1270.7809 1295.385 1319.9891 1344.5932 1369.1973 1393.8013 1392.3831 1382.9332 1373.4833 1364.0333 1354.5834 1345.7459 1343.9444 1342.1429 1340.3413 1338.5398 1336.7383
-9999 1267.8852 1262.9743 1258.0633 1253.1523 1248.2414 1233.8003 1226.7579 1229.3205 1226.7109 1224.1013 1221.4917 1218.882 1218.3792 1222.0952 1227.3371 1232.7113 1238.0855 1243.4597 1248.2131 1251.5345 1254.8559 1258.1772 1261.4986 1264.7961 1268.5051 1273.3465 1273.1895 1272.3665 1271.5436 1270.7207 1272.7051 1280.1012 1287.4973 1294.8934 1302.2895 1296.1404 1296.0461 1308.4918 1301.1706 1293.8494 1286.5282 1279.207 1274.7143 1278.739 1303.3431 1327.9471 1352.5512 1377.1553 1392.6618 1394.1088 1384.6588 1375.2089 1365.759 1356.1085 1345.7631 1343.1532 1341.3517 1339.5502 1337.7487
-9999 1281.572 1276.661 1271.7501 1264.7587 1249.2658 1233.7728 1226.7305 1229.4412 1232.1519 1230.969 1228.3593 1225.7497 1225.2469 1228.9629 1232.6789 1237.4652 1242.8394 1248.2136 1252.967 1256.2884 1259.6098 1262.9311 1266.2191 1269.5056 1273.2146 1278.056 1282.8973 1284.1762 1283.3533 1282.5304 1284.5149 1291.911 1299.3071 1305.7863 1296.2654 1286.7446 1286.6504 1300.0423 1313.4342 1309.9776 1302.6564 1295.3352 1290.8425 1288.3831 1286.697 1311.3011 1335.9052 1360.5092 1376.0157 1389.9499 1395.8344 1386.3845 1376.9346 1367.2841 1356.9387 1346.5934 1342.3621 1340.5606 1338.7591
-9999 1295.2587 1290.3478 1280.2242 1264.7312 1249.2383 1233.7453 1226.703 1229.4137 1232.1244 1234.8352 1235.227 1232.6174 1232.1145 1235.8305 1239.5466 1243.2626 1247.5933 1252.9675 1257.7209 1261.0423 1264.3555 1267.642 1270.9286 1274.2151 1277.9241 1282.7655 1287.6069 1292.4482 1295.163 1294.3401 1296.3246 1303.7207 1305.9113 1296.3905 1286.8697 1277.3488 1277.2546 1290.6465 1304.0384 1317.4303 1318.7846 1311.4634 1306.9706 1304.5113 1302.0519 1299.5926 1319.2591 1343.8632 1359.3697 1373.3038 1387.2379 1397.5601 1388.1101 1378.4596 1368.1143 1357.769 1347.4236 1341.571 1339.7695
-9999 1308.9455 1295.6896 1280.1967 1264.7037 1249.2108 1233.7178 1226.6755 1229.3862 1232.097 1234.8077 1237.5184 1239.4851 1238.9822 1242.6982 1246.4142 1250.1302 1253.8463 1257.7214 1262.4748 1265.7785 1269.065 1272.3516 1275.6381 1278.9246 1282.6336 1287.475 1292.3164 1297.1577 1301.9991 1306.1498 1308.1343 1306.0364 1296.5156 1286.9947 1277.4739 1267.9531 1267.8588 1281.2507 1294.6426 1308.0345 1321.4265 1327.5915 1323.0988 1320.6395 1318.1801 1315.7207 1313.2614 1327.2172 1342.7236 1356.6578 1370.5919 1384.526 1398.4602 1389.6352 1379.2899 1368.9445 1358.5992 1348.2538 1340.7799
-9999 1314.1598 1298.6668 1283.1739 1267.6809 1252.188 1236.695 1224.7621 1227.4754 1230.1861 1232.8969 1235.6076 1238.3183 1237.1336 1238.8353 1242.5513 1246.2673 1249.9833 1253.6993 1257.2855 1260.572 1263.8586 1267.1451 1270.4316 1273.7182 1288.423 1289.0316 1293.8729 1298.7143 1303.5557 1308.397 1308.3327 1298.8119 1289.2911 1279.7702 1270.2494 1260.7286 1257.0288 1268.5423 1281.9342 1295.3261 1308.718 1322.1099 1337.6091 1335.1497 1332.6903 1330.231 1327.7716 1325.3122 1326.4228 1340.3569 1354.2911 1368.2252 1382.1593 1395.2051 1389.6302 1379.2849 1368.9396 1358.5942 1348.2489
-9999 1322.0925 1306.5995 1291.1066 1275.6136 1257.2818 1231.9392 1219.6522 1222.4331 1225.169 1227.8798 1230.5905 1233.3013 1232.1165 1223.1307 1220.9907 1224.7067 1228.4227 1232.1387 1235.7248 1239.0114 1242.2979 1245.5845 1251.0703 1287.7727 1310.3854 1295.234 1290.2295 1295.0708 1299.9122 1304.7535 1304.6892 1295.1684 1285.6476 1276.1268 1269.6942 1277.7598 1275.9092 1259.8722 1263.7622 1277.1541 1290.546 1303.9379 1322.2198 1344.0172 1344.5322 1342.0728 1339.6134 1337.1541 1329.3326 1324.6254 1338.5595 1352.4937 1366.4278 1379.4736 1389.4423 1388.2478 1377.9025 1367.5571 1357.2118
-9999 1330.0252 1314.5323 1299.0393 1277.5145 1252.1719 1226.8293 1214.5423 1217.3231 1220.104 1222.8627 1225.5735 1228.2842 1227.0994 1218.1137 1209.1279 1203.146 1206.8621 1210.5781 1214.1642 1217.4507 1220.7373 1236.3302 1273.0326 1309.735 1332.3477 1317.1963 1302.0449 1291.4274 1296.2687 1301.1101 1301.0458 1291.5249 1282.0041 1280.5091 1288.5746 1296.6402 1294.7896 1278.7526 1262.7156 1258.9821 1272.374 1285.7659 1304.0478 1325.8452 1347.6426 1353.9146 1351.4553 1348.9959 1341.1745 1332.4263 1323.6782 1336.7622 1350.6963 1363.7421 1373.7108 1383.6795 1386.8654 1376.52 1366.1747
-9999 1337.9579 1322.465 1297.7472 1272.4046 1247.0619 1221.7193 1209.4323 1212.2132 1214.9941 1217.775 1220.5558 1223.2671 1222.0824 1213.0966 1204.1109 1195.1251 1186.1394 1189.0174 1192.6036 1195.8901 1221.5901 1258.2925 1294.9949 1331.6974 1354.31 1339.1587 1324.0073 1308.8559 1293.7045 1297.4666 1297.4023 1287.8815 1291.3239 1299.3895 1307.455 1315.5206 1313.67 1297.633 1281.596 1265.559 1254.2019 1267.5938 1285.8758 1307.6732 1329.4706 1351.2679 1363.2971 1360.8377 1353.0163 1344.2682 1335.52 1326.7719 1334.9648 1348.0106 1357.9793 1367.948 1377.9167 1385.4829 1375.1376
-9999 1343.3225 1317.9798 1292.6372 1267.2946 1241.952 1216.6094 1204.3224 1207.1033 1209.8841 1212.665 1215.4459 1218.2268 1217.0653 1208.0795 1199.0938 1190.1081 1181.1223 1172.1366 1171.0429 1206.85 1243.5525 1280.2549 1316.9573 1353.6597 1376.2724 1361.121 1345.9696 1330.8183 1315.6669 1300.5155 1294.0732 1302.1387 1310.2043 1318.2699 1326.3354 1334.401 1332.5504 1316.5134 1300.4764 1284.4394 1268.4024 1252.3654 1267.7038 1289.5012 1311.2985 1333.0959 1354.8933 1372.6796 1364.8581 1356.11 1347.3618 1338.6137 1329.8655 1332.2791 1342.2478 1352.2165 1362.1852 1372.1539 1382.1226
-9999 1334.4118 1309.0692 1283.7266 1258.384 1233.0414 1217.2978 1216.3456 1219.1264 1221.9073 1224.6882 1227.4691 1230.5351 1232.6508 1228.7863 1219.8006 1210.8149 1201.8291 1192.8434 1197.673 1234.3755 1271.0779 1307.7803 1344.4827 1372.8803 1377.5568 1379.4311 1364.2797 1349.1284 1333.977 1318.8256 1311.6044 1319.6699 1327.7355 1335.8011 1343.8666 1345.9963 1334.6641 1318.6271 1302.5901 1286.5531 1270.516 1262.2085 1268.788 1287.297 1309.0944 1330.8918 1352.6891 1374.4865 1370.2395 1361.4914 1352.7432 1343.9951 1334.5804 1326.1196 1336.0883 1346.057 1356.0257 1365.9944 1370.6687
-9999 1324.2157 1298.8731 1273.5305 1248.1879 1239.3024 1235.1156 1234.1634 1236.9443 1239.7251 1242.506 1245.8586 1249.5235 1251.6392 1250.6525 1249.2076 1240.2218 1231.2361 1222.2503 1227.08 1263.7824 1300.4848 1337.1873 1355.3322 1358.1379 1362.8145 1372.5056 1381.3546 1366.2032 1351.0519 1335.9005 1328.6792 1336.7448 1344.8104 1352.8759 1350.4828 1342.4392 1331.107 1315.07 1299.033 1282.996 1278.5197 1277.2726 1283.8522 1296.0582 1312.2908 1334.0882 1355.8856 1377.6829 1373.4359 1364.6878 1355.9397 1345.4397 1331.6583 1323.1975 1333.1662 1343.1349 1353.1036 1355.5119 1354.9718
-9999 1314.0196 1288.677 1265.4938 1261.307 1257.1202 1252.9334 1251.9812 1254.7621 1257.5429 1261.1821 1264.847 1268.5119 1270.6275 1269.6409 1268.6543 1267.6677 1260.643 1251.6573 1256.487 1293.1894 1329.8918 1337.7842 1340.5899 1343.3955 1348.0721 1357.7633 1367.4544 1377.1456 1368.1267 1352.9753 1345.7541 1353.8197 1361.8852 1354.9694 1346.9258 1338.8821 1327.5499 1311.5129 1296.078 1294.8309 1293.5839 1292.3368 1298.9163 1311.1224 1323.3284 1337.2846 1359.082 1380.8793 1376.6324 1367.8842 1356.2989 1342.5176 1328.7362 1320.2753 1330.244 1340.2127 1340.355 1339.8149 1339.2748
-9999 1303.8235 1287.4985 1283.3117 1279.1249 1274.9381 1270.7513 1269.799 1272.8407 1276.5056 1280.1705 1283.8354 1287.5002 1289.6159 1288.6293 1287.6427 1286.6561 1285.6694 1281.0642 1285.8939 1317.4305 1320.2362 1323.0419 1325.8475 1328.6532 1333.3298 1343.0209 1352.7121 1362.4032 1372.0944 1370.0502 1362.829 1367.4996 1359.4559 1351.4123 1343.3687 1335.325 1323.9928 1312.3892 1311.1422 1309.8951 1308.648 1307.4009 1313.9805 1326.1865 1338.3926 1350.5986 1362.8047 1384.0757 1379.8288 1367.1581 1353.3768 1339.5954 1325.8141 1317.3532 1325.7383 1325.1982 1324.6581 1324.118 1323.5779
-9999 1310.4114 1306.2246 1302.0378 1297.851 1293.6642 1289.4774 1282.814 1286.4789 1290.1437 1293.8086 1297.4735 1301.1384 1307.9117 1306.925 1305.9384 1304.9518 1303.9652 1302.9786 1303.1387 1305.9443 1308.75 1311.5556 1314.3613 1317.167 1321.8319 1331.5231 1341.2142 1350.9054 1360.5965 1370.2877 1373.9212 1365.8776 1357.8339 1349.7903 1341.7466 1333.703 1328.6624 1327.4154 1326.1683 1324.9212 1323.6741 1322.4271 1326.8035 1339.0096 1351.2156 1363.4217 1375.6277 1387.8337 1380.5215 1366.7401 1352.9588 1339.1774 1325.3961 1313.8924 1313.3523 1312.8122 1312.2721 1311.732 1311.1919
-9999 1335.9882 1331.8014 1327.6146 1323.4278 1319.241 1311.2643 1291.6946 1259.7649 1263.4297 1267.0946 1270.7595 1274.4244 1286.9347 1317.1586 1319.0101 1318.0234 1317.0368 1316.0502 1316.2103 1319.016 1321.8216 1324.6273 1327.4329 1327.4907 1330.3606 1343.9893 1354.1865 1363.8777 1373.5688 1383.26 1386.8935 1378.8498 1370.8062 1362.7626 1354.7189 1343.619 1338.3211 1342.1548 1340.9077 1339.6606 1338.4136 1337.1665 1334.7054 1334.93 1347.136 1359.3421 1371.5481 1383.7541 1389.961 1385.2083 1371.4269 1357.6456 1343.8642 1331.9415 1326.457 1325.3976 1324.8575 1324.3174 1323.7773
-9999 1361.565 1357.3782 1353.1914 1348.1404 1339.7978 1331.4552 1311.8855 1279.3583 1246.8311 1240.3806 1244.0455 1247.7104 1260.2207 1290.4446 1320.6684 1331.0951 1330.1085 1329.1218 1329.2819 1332.0876 1334.8933 1337.6989 1336.6715 1335.5273 1338.3972 1352.0259 1365.6545 1376.8499 1386.5411 1396.2322 1399.8658 1391.8221 1383.7785 1375.4895 1363.6803 1351.8712 1346.5733 1350.5907 1354.6081 1354.4 1353.153 1351.9059 1349.4448 1346.111 1343.0564 1355.2625 1367.4685 1379.6745 1385.8814 1391.0514 1389.895 1376.1137 1362.3323 1350.4096 1344.9252 1339.4407 1337.443 1336.9029 1336.3628
-9999 1387.1417 1382.9549 1376.6739 1368.3313 1359.9887 1351.646 1332.0763 1299.5491 1267.0219 1234.4947 1217.3315 1220.9964 1233.5067 1263.7306 1293.9544 1324.1783 1343.1801 1342.1935 1342.3536 1345.1592 1346.9964 1345.8522 1344.7081 1343.5639 1346.4338 1360.0625 1373.6911 1387.3198 1399.5134 1409.2045 1412.8381 1404.7944 1395.5508 1383.7417 1371.9325 1360.1234 1354.8255 1358.8429 1362.8603 1366.8777 1367.8924 1366.6453 1364.1842 1360.8504 1357.5165 1354.1827 1363.3889 1375.5949 1381.8018 1386.9718 1392.1418 1394.5818 1380.8005 1368.8778 1363.3933 1357.9088 1352.4244 1349.4884 1348.9483
-9999 1412.7185 1405.2073 1396.8647 1388.5221 1380.1795 1371.8369 1352.2672 1319.74 1287.2128 1254.6856 1222.1584 1194.2824 1206.7927 1237.0166 1267.2404 1297.4643 1327.6882 1355.2651 1355.4252 1356.1771 1355.033 1353.8888 1352.7447 1351.6005 1354.4704 1368.0991 1381.7277 1395.3564 1408.985 1422.1768 1425.8104 1415.6122 1403.803 1391.9939 1380.1847 1368.3756 1363.0777 1367.0951 1371.1125 1375.1299 1379.1473 1381.3847 1378.9236 1375.5898 1372.256 1368.9221 1365.5883 1371.5153 1377.7222 1382.8922 1388.0622 1393.2322 1398.4022 1387.3459 1381.8614 1376.377 1370.8925 1365.408 1361.5337
-9999 1418.0532 1409.7106 1401.368 1393.0253 1384.6827 1376.3401 1369.8664 1337.3392 1304.812 1272.2848 1239.7576 1207.2304 1190.6171 1217.6024 1247.8262 1278.0501 1308.274 1338.4978 1359.2365 1358.0923 1356.9482 1355.804 1354.6599 1353.5157 1356.8436 1370.0936 1383.7222 1397.3509 1410.9795 1424.6082 1429.5481 1417.739 1405.9299 1394.1207 1382.3116 1370.5024 1361.7556 1365.773 1369.7904 1373.8078 1377.8252 1382.3398 1388.6483 1385.3145 1381.9807 1378.6468 1375.313 1371.9791 1375.896 1381.066 1386.236 1391.406 1396.576 1393.3923 1387.9079 1382.4234 1376.9389 1371.4545 1366.6485
-9999 1397.6251 1389.2824 1380.9398 1372.5972 1372.7869 1389.495 1383.3468 1350.8196 1318.2924 1285.7652 1253.626 1222.9516 1206.6054 1218.9523 1240.0131 1270.2369 1300.4608 1330.6847 1351.4233 1350.2792 1349.135 1347.9909 1347.0516 1347.6535 1351.3552 1363.365 1376.1144 1389.7431 1403.3717 1417.0004 1421.9403 1410.1312 1398.322 1386.5129 1373.1603 1354.5301 1345.2175 1349.2349 1353.2523 1357.2697 1363.5947 1373.9196 1380.9784 1385.6894 1383.7358 1380.402 1377.0681 1373.7343 1377.6512 1382.8212 1387.9912 1393.1612 1386.5623 1379.6978 1374.2133 1368.7288 1363.2444 1360.6241 1364.1472
-9999 1377.1969 1368.8543 1360.5117 1369.5593 1386.2673 1402.9754 1396.8272 1364.3 1331.7728 1300.2887 1269.6144 1238.94 1222.5938 1234.9407 1247.2876 1262.4238 1292.6476 1322.8715 1343.6102 1342.466 1341.3219 1340.9612 1341.5632 1342.1651 1345.8668 1357.8766 1369.8864 1382.1352 1395.7639 1409.3925 1414.3325 1402.5233 1390.7142 1375.2524 1356.6222 1337.992 1328.6794 1332.6968 1336.7142 1344.8496 1355.1745 1365.4993 1372.5581 1377.2691 1381.9802 1382.1571 1378.8233 1375.4894 1379.4063 1384.5763 1387.3935 1380.1306 1372.8677 1366.0032 1360.5188 1355.0343 1354.5997 1358.1227 1361.6458
-9999 1356.7688 1349.6235 1366.3316 1383.0396 1399.7477 1416.4558 1410.3076 1377.7804 1346.9515 1316.2771 1285.6027 1254.9284 1238.5822 1250.9291 1263.276 1275.6229 1287.9698 1315.0584 1335.797 1334.6529 1334.8709 1335.4728 1336.0748 1336.6767 1340.3784 1352.3882 1364.398 1376.4078 1388.4176 1401.7847 1406.7246 1394.9155 1377.3446 1358.7143 1340.0841 1321.4539 1312.1413 1316.1587 1326.1045 1336.4294 1346.7542 1357.079 1364.1379 1368.8489 1373.5599 1378.2709 1380.5784 1377.2446 1381.1615 1380.9618 1373.6989 1366.4361 1359.1732 1352.3087 1346.8242 1348.5752 1352.0983 1355.6214 1359.1444
-9999 1346.3959 1363.1039 1379.812 1396.52 1413.2281 1429.9361 1424.2886 1393.6143 1362.9399 1332.2655 1301.5911 1270.9167 1254.5706 1266.9175 1279.2644 1291.6113 1303.9582 1316.3051 1328.1786 1328.7806 1329.3825 1329.9844 1330.5863 1331.1883 1334.8899 1346.8998 1358.9096 1370.9194 1382.9292 1394.939 1398.0669 1379.4367 1360.8065 1342.1762 1323.546 1304.9158 1297.0346 1307.3594 1317.6843 1328.0091 1338.3339 1348.6587 1355.7176 1360.4286 1365.1396 1369.8506 1374.5616 1378.9997 1374.5302 1367.2673 1360.0044 1352.7415 1345.4786 1339.0277 1342.5508 1346.0739 1349.5969 1353.12 1356.6431
-9999 1330.5884 1347.2964 1364.0045 1380.7125 1397.4206 1412.1418 1405.0754 1374.4011 1343.7267 1313.0523 1282.3779 1266.2781 1268.7912 1276.5876 1288.9345 1301.2814 1313.6283 1325.9752 1334.7706 1335.3725 1335.9744 1336.5763 1337.1783 1332.6024 1328.782 1347.5026 1359.5124 1371.5222 1383.532 1395.5418 1397.086 1378.4558 1359.8256 1341.1954 1322.5652 1305.2738 1300.1054 1310.4302 1320.755 1331.0799 1341.4047 1353.4978 1351.3919 1347.6488 1352.3598 1357.0708 1361.7818 1366.4929 1360.9944 1353.7316 1346.4687 1339.2058 1334.3045 1336.3621 1339.8851 1343.4082 1346.9313 1350.4543 1371.2918
