P2_models/J1_p2_vp_slide_diff2_15.dat.tif
NCOLS 118
NROWS 92
XLLCORNER 139.62
YLLCORNER -39.07
DX 0.099491525
DY 0.099347826
NODATA_VALUE -9999
[rows 25 to 49 of 92, columns 0 to 57 of 118]
-9999 0.18664306 0.18340975 0.18017644 0.17694312 0.17370981 0.17324003 0.17668928 0.17839204 0.17400691 0.16962178 0.16523665 0.16085152 0.15536134 0.15001641 0.15126901 0.1525216 0.1537742 0.1550268 0.15394357 0.14747148 0.14099939 0.1345273 0.12805521 0.12802686 0.13605917 0.1358385 0.14787006 0.15990162 0.17193318 0.18396474 0.19398716 0.20013658 0.20628599 0.21243541 0.21858483 0.2278405 0.23191187 0.22669842 0.22689689 0.22709536 0.22729383 0.22749229 0.2274635 0.22725503 0.22703406 0.22681308 0.22659211 0.22637113 0.22849296 0.22849084 0.22805716 0.22762349 0.22718981 0.22633385 0.22334552 0.21805861 0.21277171
-9999 0.18044904 0.17721573 0.17398242 0.1707491 0.17176178 0.1735368 0.17698605 0.18236756 0.18696124 0.18257611 0.17819098 0.17380585 0.16831566 0.16061253 0.1529094 0.15405959 0.15531219 0.15656479 0.15548156 0.14900947 0.14253738 0.13606529 0.14122193 0.15362139 0.1616537 0.15798095 0.15430819 0.1658107 0.17784226 0.18987382 0.19989624 0.20604566 0.21219508 0.2183445 0.22929977 0.24215357 0.24622493 0.23773179 0.23049962 0.23069809 0.23089656 0.23109503 0.23106623 0.23087405 0.23067167 0.23045069 0.23022972 0.23000874 0.23213057 0.2346573 0.23521697 0.23478329 0.23434962 0.23349366 0.23117497 0.22874992 0.22346301
-9999 0.17425502 0.17102171 0.1685085 0.17028353 0.17205855 0.17383358 0.17728283 0.18266434 0.18804585 0.19342737 0.1911453 0.18676017 0.18126998 0.17356685 0.16586372 0.15816059 0.15685018 0.15810278 0.15701955 0.15054746 0.14407537 0.154417 0.16681647 0.17921593 0.18724824 0.18357548 0.17990273 0.17622997 0.18375135 0.19578291 0.20580532 0.21195474 0.21810416 0.23075903 0.24361283 0.25646663 0.260538 0.25204485 0.24355171 0.23505856 0.23449929 0.23469776 0.23466896 0.23447679 0.23428461 0.2340883 0.23386733 0.23364635 0.23576818 0.23829491 0.24082164 0.2419431 0.24150942 0.24065347 0.23833478 0.2360161 0.23369741
-9999 0.168061 0.16703025 0.16880527 0.1705803 0.17235533 0.17413035 0.1775796 0.18296112 0.18834263 0.19372414 0.19910565 0.19971449 0.1942243 0.18652117 0.17881804 0.17111491 0.16341178 0.15964077 0.15855754 0.15521261 0.16761208 0.18001154 0.192411 0.20481046 0.21284277 0.20917002 0.20549727 0.20182451 0.19815176 0.20169199 0.2117144 0.21936449 0.23221829 0.24507209 0.25792589 0.27077969 0.27485106 0.26635791 0.25786477 0.24937162 0.24087848 0.23830049 0.2382717 0.23807952 0.23788734 0.23769517 0.23750299 0.23728396 0.23940579 0.24193252 0.24445925 0.24698598 0.24866923 0.24781327 0.24549459 0.2431759 0.24085722
-9999 0.16539766 0.16717269 0.16894771 0.17072274 0.17249777 0.17427279 0.17666111 0.18204262 0.18742413 0.19280565 0.19818716 0.20356867 0.2075151 0.19981197 0.19210883 0.1844057 0.17670257 0.16899944 0.16737503 0.1797745 0.19217396 0.20457342 0.21697288 0.22937235 0.23809997 0.23442721 0.23075446 0.2270817 0.22340895 0.21973619 0.22170837 0.23456217 0.24741597 0.26026977 0.27312357 0.28597737 0.28843728 0.27994414 0.27145099 0.26295785 0.2544647 0.24597155 0.24233573 0.24214355 0.24195137 0.2417592 0.24156702 0.24137485 0.24269086 0.24521759 0.24774431 0.25027104 0.25279777 0.25387444 0.25155576 0.24923707 0.24691839
-9999 0.16426953 0.16604456 0.16781959 0.16959461 0.17136964 0.16761152 0.16711267 0.17111965 0.17650116 0.18188267 0.18726418 0.1926457 0.20071931 0.21418399 0.20816957 0.20046644 0.19276331 0.18506018 0.18343577 0.19583523 0.2082347 0.22063416 0.23303362 0.23747142 0.24163877 0.25491482 0.25323455 0.24956179 0.24588904 0.24221628 0.24418846 0.25704226 0.26989606 0.28274986 0.29560365 0.29848158 0.29546681 0.28754678 0.27905364 0.27056049 0.26206735 0.2535742 0.25003472 0.25000513 0.24981296 0.24962078 0.24942861 0.24923643 0.24600288 0.24560039 0.24812712 0.25065385 0.25318058 0.25398806 0.24884026 0.24625389 0.2439352
-9999 0.16314141 0.16491643 0.16669146 0.16725863 0.16288981 0.15852099 0.15802214 0.16198973 0.16595732 0.17095969 0.17634121 0.18172272 0.18979633 0.20326102 0.2167257 0.21652718 0.20882405 0.20112092 0.19949651 0.21189597 0.22429544 0.2366949 0.23793717 0.23870608 0.24287343 0.25614948 0.26942553 0.27204188 0.26836913 0.26469637 0.26666855 0.27952235 0.29237614 0.30455467 0.30494943 0.30534419 0.30232942 0.29443683 0.28654423 0.27816314 0.26966999 0.26117685 0.25763736 0.25765901 0.25767454 0.25748237 0.25729019 0.25709801 0.25386447 0.25010529 0.24850993 0.25103666 0.25356339 0.25437086 0.24922307 0.24407527 0.24095202
-9999 0.16201328 0.16378831 0.16253691 0.15816809 0.15379927 0.14943045 0.1489316 0.15289919 0.15686678 0.16083437 0.16541823 0.17079974 0.17887335 0.19233804 0.20580272 0.21926741 0.22488479 0.21718166 0.21555725 0.22795671 0.23763403 0.23840293 0.23917183 0.23994074 0.24410809 0.25738414 0.27066019 0.28393624 0.29084921 0.28717646 0.28914863 0.30200243 0.31102252 0.31141728 0.31181204 0.3122068 0.30919203 0.30129944 0.29340684 0.28551425 0.27727264 0.26877949 0.26524001 0.26526165 0.2652833 0.26530494 0.26515177 0.2649596 0.26172605 0.25796687 0.25420769 0.25141946 0.25394619 0.25475367 0.24960587 0.24445807 0.23931028
-9999 0.16088515 0.15781519 0.15344637 0.14907755 0.14470873 0.14033991 0.13984106 0.14380865 0.14777625 0.15174384 0.15571143 0.15987677 0.16795038 0.18141506 0.19487975 0.20834443 0.22180912 0.2332424 0.23161799 0.23809978 0.23886869 0.23963759 0.2404065 0.2411754 0.24534275 0.2586188 0.27189485 0.2851709 0.29844694 0.30965655 0.31162872 0.31749036 0.31788512 0.31827989 0.31867465 0.31906941 0.31605464 0.30816205 0.30026945 0.29237686 0.28448426 0.27638214 0.27284265 0.2728643 0.27288594 0.27290759 0.27292923 0.27282118 0.26958763 0.26582845 0.26206927 0.25831009 0.25455091 0.25513648 0.24998868 0.24484088 0.23969308
-9999 0.15564225 0.15127343 0.14690461 0.14253579 0.13816697 0.13379815 0.13324701 0.13708975 0.14105734 0.14502493 0.14899252 0.15296011 0.16116535 0.17514172 0.18860641 0.20207109 0.21553578 0.22900046 0.23862614 0.23939504 0.24016394 0.24093285 0.24170175 0.24247065 0.24895396 0.26028677 0.27356282 0.28683887 0.30011492 0.31339096 0.32226719 0.32266195 0.32305671 0.32345147 0.32384623 0.324241 0.32160823 0.31394651 0.30605392 0.29816132 0.29026873 0.28237613 0.27637469 0.27639634 0.27641798 0.27643963 0.27646127 0.27648291 0.27439992 0.27064074 0.26688156 0.26312238 0.2593632 0.25657729 0.25277585 0.24762805 0.24248025
-9999 0.15330412 0.1489353 0.14456648 0.14019766 0.13673757 0.13552166 0.13508387 0.13554414 0.1382499 0.14221749 0.14618508 0.15015267 0.15835791 0.17504927 0.1900016 0.20346628 0.21693097 0.23039565 0.24002132 0.24079023 0.24155913 0.24232804 0.24374085 0.25429342 0.26309202 0.26718955 0.27594544 0.28922149 0.30249754 0.31577358 0.32464981 0.32504457 0.32543933 0.32583409 0.32582707 0.32393387 0.32106053 0.31678496 0.31006023 0.30216763 0.29427504 0.28638244 0.27971457 0.27392713 0.27323648 0.27325812 0.27327976 0.27330141 0.27217878 0.2704239 0.26666472 0.26290554 0.25914636 0.25636046 0.25694586 0.25438068 0.24923288
-9999 0.15096599 0.14659717 0.14222835 0.13979034 0.13857443 0.13735851 0.13692072 0.13738099 0.13784126 0.13941005 0.14337764 0.14734523 0.15555047 0.17224183 0.18893319 0.20486147 0.21832616 0.23179084 0.24141651 0.24218542 0.24295432 0.24732634 0.25787891 0.26843148 0.27723008 0.28132761 0.28542515 0.29160411 0.30488016 0.3181562 0.32703243 0.32742719 0.32782195 0.32717257 0.32527936 0.32338616 0.32051282 0.31623725 0.31196169 0.30617394 0.29828135 0.29038875 0.28372088 0.27793344 0.272146 0.27007661 0.27009826 0.2701199 0.26899727 0.26767687 0.26635648 0.26268871 0.25892952 0.25614362 0.25672902 0.25731442 0.25598551
-9999 0.14862786 0.14425904 0.14284312 0.1416272 0.14041128 0.13919537 0.13875758 0.13921785 0.13967812 0.14013839 0.14059866 0.14453779 0.15274303 0.16943439 0.18612575 0.20281711 0.21950847 0.23318603 0.2428117 0.24358061 0.25091183 0.2614644 0.27201697 0.28256954 0.29136814 0.29546567 0.29956321 0.30366074 0.30775827 0.32053882 0.32941505 0.32980981 0.32851807 0.32662486 0.32473165 0.32283845 0.31996511 0.31568955 0.31141398 0.30713842 0.30228766 0.29439506 0.28772719 0.28193975 0.27615231 0.27036487 0.26691675 0.2669384 0.26581576 0.26449537 0.26317497 0.26185458 0.25871269 0.25592678 0.25651218 0.25709758 0.25768298
-9999 0.1471118 0.14589589 0.14467997 0.14346405 0.14224814 0.14103222 0.14059443 0.1410547 0.14151497 0.14197524 0.14243551 0.14289578 0.14993559 0.16662695 0.18331831 0.20000967 0.21670103 0.23339239 0.24420689 0.25449732 0.26504989 0.27560246 0.28615503 0.2967076 0.3055062 0.30960373 0.31370126 0.3177988 0.32189633 0.32599386 0.33175677 0.32986356 0.32797036 0.32607715 0.32418395 0.32229074 0.3194174 0.31514184 0.31086627 0.30659071 0.30231515 0.29803959 0.2917335 0.28594606 0.28015862 0.27437118 0.26858374 0.26375689 0.26263426 0.26131386 0.25999347 0.25867307 0.25735268 0.25570994 0.25629535 0.25688075 0.25746615
-9999 0.15080141 0.14958549 0.14836958 0.14715366 0.14593774 0.14243895 0.1393055 0.13976577 0.14022604 0.14068631 0.14114658 0.14169665 0.14769629 0.16428754 0.1809789 0.19767026 0.21436162 0.23105298 0.24588807 0.25644064 0.2669932 0.27754577 0.28809834 0.3001073 0.31223919 0.31382506 0.31792259 0.32202012 0.32611766 0.33021519 0.33226648 0.33037328 0.32848007 0.32658687 0.32469366 0.3216743 0.31700209 0.31272653 0.30845097 0.3041754 0.29989984 0.29718935 0.28872543 0.28024996 0.27446252 0.26867508 0.26288764 0.2571002 0.25512154 0.25380115 0.25248075 0.25116036 0.24976804 0.24845314 0.24903854 0.24962394 0.25020934
-9999 0.15511764 0.15390172 0.15268581 0.15146989 0.14634008 0.14009283 0.13695938 0.13741965 0.13787992 0.13834019 0.13898052 0.1397192 0.14571883 0.16225383 0.17879778 0.19548914 0.21218051 0.22887187 0.24370695 0.25425952 0.26481209 0.27536466 0.28917154 0.3056684 0.31780029 0.318233 0.31878994 0.32288747 0.32698501 0.33108254 0.33313383 0.33124063 0.32934742 0.32745422 0.32357679 0.31862734 0.31395514 0.30967957 0.30540401 0.30112845 0.29919373 0.29791286 0.28944894 0.27582122 0.26548493 0.25969749 0.25391005 0.24812261 0.24614395 0.24482356 0.24350317 0.24199374 0.24013023 0.23881532 0.23940072 0.23998612 0.24057152
-9999 0.15943387 0.15821796 0.15648847 0.15024121 0.14399396 0.13774671 0.13461325 0.13507353 0.1355338 0.13626438 0.13700306 0.13774175 0.14374138 0.16027638 0.17681137 0.19334636 0.20999939 0.22669075 0.24152583 0.2520784 0.26263097 0.27823579 0.29473265 0.3112295 0.3233614 0.3237941 0.3242268 0.32465951 0.32785236 0.33194989 0.33400118 0.33210798 0.33021477 0.32547929 0.32052984 0.31558039 0.31090818 0.30663262 0.30247898 0.30119811 0.29991724 0.29863637 0.29017245 0.27654473 0.26291701 0.2507199 0.24493246 0.23914502 0.23716637 0.23584597 0.23421943 0.23235592 0.23049241 0.2291775 0.2297629 0.2303483 0.2399024
-9999 0.1637501 0.1603896 0.15414234 0.14789509 0.14164784 0.13540059 0.13226713 0.13280956 0.13354824 0.13428692 0.13502561 0.13576429 0.14176393 0.15829892 0.17483392 0.19136891 0.2079039 0.22450963 0.23934472 0.25080318 0.26730004 0.28379689 0.30029375 0.3167906 0.3289225 0.3293552 0.32978791 0.33022061 0.33065331 0.33281724 0.33486853 0.33233123 0.32738178 0.32243233 0.31748288 0.31253343 0.30786123 0.30448335 0.30320249 0.30192162 0.30064075 0.29935988 0.29089597 0.27726825 0.26364052 0.2500128 0.23638508 0.23016744 0.22818878 0.22644512 0.22458161 0.2227181 0.22085459 0.21953968 0.22157051 0.23174743 0.24192435
-9999 0.16779483 0.16154758 0.15530033 0.14905308 0.14280582 0.13655857 0.13269653 0.13343522 0.1341739 0.13491259 0.13565127 0.13638995 0.14226465 0.15879964 0.17533464 0.19186963 0.20840462 0.22493962 0.24146308 0.25795994 0.27445679 0.29095365 0.3074505 0.32394736 0.33212149 0.33255419 0.3329869 0.3334196 0.33385231 0.33428501 0.33287935 0.32792989 0.32298044 0.31803099 0.31308154 0.30813209 0.30444543 0.30316457 0.3018837 0.30060283 0.29932196 0.29804109 0.29001225 0.27638453 0.26275681 0.24912909 0.23550137 0.22187365 0.21968551 0.217822 0.21595849 0.21409498 0.21223146 0.21162368 0.22180059 0.23197751 0.24215443
-9999 0.19538098 0.18913372 0.18288647 0.17663922 0.17039197 0.16415676 0.15852875 0.15369372 0.1544324 0.15517109 0.15590977 0.15664845 0.16236925 0.17806703 0.19452589 0.21106088 0.22759588 0.24413087 0.26065433 0.27715119 0.29364804 0.3101449 0.32664175 0.33384603 0.33261277 0.31965863 0.31837072 0.31880342 0.31923613 0.31966883 0.31826317 0.31331372 0.30836427 0.30341481 0.29846536 0.29725974 0.29390105 0.28644264 0.28516177 0.2838809 0.28260003 0.28131916 0.27464063 0.26337906 0.24975134 0.23612362 0.2224959 0.20886817 0.21389609 0.21685177 0.21498826 0.21312475 0.21126124 0.20977643 0.20960338 0.21869323 0.22887014
-9999 0.22296712 0.21671987 0.21047262 0.20422811 0.19799407 0.19176003 0.18613201 0.18120343 0.17627485 0.17542959 0.17616827 0.17690696 0.18262776 0.19832553 0.2140233 0.23025213 0.24678713 0.26332212 0.27984558 0.29634244 0.3128393 0.32933615 0.33287055 0.33601033 0.33477707 0.32182294 0.3088688 0.30418724 0.30461995 0.30505265 0.30364699 0.29869754 0.29374809 0.28909924 0.28876232 0.2884254 0.2850667 0.27738492 0.26970315 0.26715897 0.2658781 0.26459723 0.2579187 0.24735986 0.23674586 0.22311814 0.20949042 0.1958627 0.20089061 0.20914272 0.21401804 0.21215452 0.21029101 0.2088062 0.20863315 0.20846011 0.21558586
-9999 0.25055326 0.24430601 0.23806542 0.23183138 0.22559733 0.21936329 0.21373528 0.2088067 0.20387812 0.19894953 0.19642677 0.19716546 0.20288626 0.21858403 0.2342818 0.24997958 0.26597838 0.28251337 0.29903684 0.31553369 0.32875528 0.33189506 0.33503485 0.33817464 0.33694137 0.32398724 0.31103311 0.29807897 0.29000377 0.29043647 0.28903081 0.28408136 0.28060182 0.28026489 0.27992797 0.27959105 0.27623235 0.26855058 0.2608688 0.25318703 0.24915617 0.2478753 0.24119677 0.23063793 0.22007909 0.20952024 0.19648494 0.18285722 0.18788513 0.19613725 0.20438936 0.2111843 0.20932078 0.20783597 0.20766293 0.20748988 0.20731684
-9999 0.27813941 0.27190272 0.26566868 0.25943464 0.2532006 0.24696656 0.24133854 0.23640996 0.23148138 0.2265528 0.22162422 0.21742396 0.22314476 0.23884253 0.2545403 0.27023808 0.28593585 0.30170463 0.31822809 0.32777979 0.33091958 0.33405937 0.33719915 0.34033894 0.33910568 0.32615154 0.31319741 0.30024328 0.28728914 0.27582029 0.27441463 0.27210439 0.27176747 0.27143055 0.27109362 0.2707567 0.26739801 0.25971623 0.25203446 0.24435268 0.23667091 0.23115337 0.22447484 0.213916 0.20335716 0.19279831 0.18223947 0.16985175 0.17487966 0.18313177 0.19138388 0.19963599 0.2078881 0.20686575 0.2066927 0.20651966 0.20634661
-9999 0.30056763 0.29433359 0.28809955 0.28186551 0.27563147 0.26939743 0.26967142 0.26474284 0.25981426 0.25488567 0.24995709 0.24502851 0.23630275 0.24938836 0.26508613 0.2807839 0.29648168 0.31217945 0.32407987 0.32721966 0.33035945 0.33349923 0.33663902 0.33977881 0.34157582 0.32988769 0.31693356 0.30397943 0.29102529 0.27807116 0.26942665 0.26908973 0.26875281 0.26841588 0.26807896 0.26774204 0.26328657 0.2556048 0.24792302 0.24024125 0.23255947 0.22465217 0.21828695 0.20772811 0.19716926 0.18661042 0.17605157 0.16549273 0.17097287 0.17922498 0.18747709 0.1957292 0.20398132 0.21120004 0.211027 0.21085395 0.21068091
-9999 0.31477835 0.3085443 0.30231026 0.29607622 0.29368746 0.2987431 0.29916381 0.29423523 0.28930665 0.28437807 0.27710016 0.26095367 0.2506106 0.25188923 0.26019623 0.275894 0.29159178 0.30728955 0.31918997 0.32232976 0.32546955 0.32860933 0.33210502 0.33827798 0.3407243 0.33318234 0.32316775 0.31021361 0.29725948 0.28430534 0.27566084 0.27532392 0.27498699 0.27465007 0.27382235 0.27131634 0.26668095 0.25899918 0.2513174 0.24363563 0.23490727 0.22436494 0.21879913 0.21681087 0.20772243 0.19716359 0.18660474 0.1760459 0.18152604 0.18977815 0.19803026 0.20628237 0.21621893 0.22396447 0.22379143 0.22361838 0.22344534
