P2_models/J1_p2_vp_slide_diff2_340.dat.tif
NCOLS 118
NROWS 92
XLLCORNER 139.62
YLLCORNER -39.07
DX 0.099491525
DY 0.099347826
NODATA_VALUE -9999
[rows 69 to 91 of 92, columns 0 to 52 of 118]
-9999 -0.035934643 -0.042663695 -0.037060578 -0.027381847 -0.017703116 -0.0080243844 -0.0010386254 0.0028390976 0.001396318 -0.0033014761 -0.0079992702 -0.012697064 -0.017388904 -0.022068819 -0.026748735 -0.031428651 -0.035121121 -0.031285225 -0.028412041 -0.027759874 -0.024984146 -0.019987682 -0.014991218 -0.0099947532 -0.0081787032 -0.014886961 -0.02159522 -0.028303478 -0.036009836 -0.050708613 -0.059911236 -0.058519029 -0.04870774 -0.03223363 -0.01575952 0.00071459054 0.011544138 0.014298338 0.0096632378 0.0011925637 -0.0072781105 -0.015748785 -0.021723797 -0.02590471 -0.030085624 -0.034266537 -0.037962242 -0.041300096 -0.042659352 -0.043093749 -0.040467351 -0.037840952
-9999 -0.051494363 -0.041815631 -0.0321369 -0.022458169 -0.012779437 -0.0031007061 0.0038850528 -0.00059000959 -0.0052878037 -0.0099855978 -0.014683392 -0.019381186 -0.024073026 -0.028752941 -0.033432857 -0.038112772 -0.042792688 -0.047472603 -0.046434178 -0.042218718 -0.037222253 -0.032225789 -0.027229324 -0.02223286 -0.02041681 -0.027125068 -0.033833326 -0.040541585 -0.047249843 -0.053958101 -0.061688016 -0.047213141 -0.03073903 -0.01426492 0.0022091904 0.018683301 0.029512848 0.021655903 0.013185229 0.0047145545 -0.0037561197 -0.012226794 -0.018201806 -0.02238272 -0.026563633 -0.030744546 -0.034925459 -0.038844438 -0.038736658 -0.036110259 -0.033483861 -0.030857462
-9999 -0.044483003 -0.034804272 -0.02512554 -0.015446809 -0.0057680776 -0.0017378599 0.00083083298 0.0036019872 -0.001095807 -0.0057936011 -0.010491395 -0.015189189 -0.020181293 -0.025343991 -0.030023906 -0.034703822 -0.039383737 -0.044063653 -0.045817576 -0.040821112 -0.035824647 -0.030828183 -0.025831719 -0.021904914 -0.023344693 -0.025128044 -0.031836302 -0.03854456 -0.045252819 -0.051961077 -0.050750996 -0.034276886 -0.017802776 -0.0013286654 0.015145445 0.025384043 0.022731107 0.019422426 0.010951752 0.0024810782 -0.005989596 -0.01446027 -0.020895896 -0.025269478 -0.029450392 -0.033631305 -0.037812218 -0.041993131 -0.031974683 -0.029348285 -0.026721886 -0.024095487
-9999 -0.036286356 -0.026607624 -0.016928893 -0.0072501617 -0.009472171 -0.016059978 -0.013491285 -0.00035481553 0.0092711387 0.0045733446 -0.00012444953 -0.0048222436 -0.009814347 -0.015395822 -0.020884584 -0.025564499 -0.030244415 -0.03492433 -0.036678254 -0.031681789 -0.026685325 -0.02168886 -0.020520076 -0.023149471 -0.02458925 -0.02284056 -0.021757239 -0.028465498 -0.035173756 -0.041882014 -0.040671934 -0.024197823 -0.007723713 0.0087503973 0.011027467 0.0040143258 0.0013613893 0.0049463435 0.0054505923 -0.0030200819 -0.011490756 -0.01996143 -0.026397057 -0.031369713 -0.035975738 -0.040156651 -0.044337564 -0.048518477 -0.038065102 -0.025082524 -0.020085677 -0.017459278
-9999 -0.028089708 -0.018410977 -0.010618675 -0.017206482 -0.023794289 -0.030382096 -0.027813403 -0.014676934 -0.001540464 0.011596006 0.010242496 0.005544702 0.00055259866 -0.0050288759 -0.01061035 -0.016191825 -0.021105092 -0.025785008 -0.027538931 -0.022542466 -0.017546002 -0.019135238 -0.021764633 -0.024394028 -0.025833807 -0.024085117 -0.022336427 -0.020587737 -0.025094693 -0.031802951 -0.030592871 -0.014118761 0.0023553498 -0.00332911 -0.010342251 -0.017355392 -0.020008328 -0.016423374 -0.01283842 -0.0092534657 -0.016991916 -0.02546259 -0.031898217 -0.036870873 -0.041843529 -0.046681997 -0.05086291 -0.055043823 -0.044590448 -0.031607869 -0.018625291 -0.010823069
-9999 -0.019893061 -0.018352987 -0.024940793 -0.0315286 -0.038116407 -0.044704214 -0.042135521 -0.028999052 -0.015862582 -0.0027261125 0.010410357 0.015911648 0.010919544 0.0053380697 -0.00024340485 -0.0058248794 -0.011406354 -0.016645685 -0.018399608 -0.015121005 -0.0177504 -0.020379795 -0.02300919 -0.025638585 -0.027078365 -0.025329675 -0.023580985 -0.021832295 -0.020083605 -0.021723889 -0.020513808 -0.010672546 -0.017685687 -0.024698827 -0.031711968 -0.038725109 -0.041378045 -0.037793091 -0.034208137 -0.030623183 -0.027038229 -0.03096375 -0.037399377 -0.042372033 -0.047344689 -0.052317345 -0.057290002 -0.061569169 -0.051115793 -0.038133215 -0.025150637 -0.012168059
-9999 -0.021247514 -0.027835321 -0.034423128 -0.041010935 -0.047598742 -0.054186549 -0.056464245 -0.043327776 -0.030191306 -0.017054836 -0.0039183668 0.0092181028 0.018503259 0.012921785 0.0073403103 0.0017588357 -0.0038226388 -0.0094041134 -0.014092923 -0.016722319 -0.019351714 -0.021981109 -0.024610504 -0.027239899 -0.028369669 -0.026636279 -0.024887589 -0.023138899 -0.021390209 -0.019641518 -0.020885583 -0.027898724 -0.034911865 -0.041925006 -0.048938146 -0.055951287 -0.060219797 -0.056634843 -0.053049888 -0.049464934 -0.04587998 -0.042295026 -0.041175214 -0.04614787 -0.051120527 -0.056093183 -0.061065839 -0.066038495 -0.056395062 -0.043412484 -0.030429906 -0.017447328
-9999 -0.012409622 -0.018997429 -0.025585236 -0.032173043 -0.038232178 -0.040985647 -0.04591957 -0.053370017 -0.044545035 -0.031408565 -0.018272096 -0.005135626 0.0045556454 0.0073477093 0.0043885509 -0.0011929236 -0.0067743982 -0.012355873 -0.017044683 -0.019674078 -0.022303473 -0.024932868 -0.027562264 -0.027533131 -0.027377771 -0.027521106 -0.02642906 -0.02468037 -0.02293168 -0.02118299 -0.022427055 -0.029440196 -0.036453337 -0.043466477 -0.050159143 -0.046558224 -0.049822346 -0.062907884 -0.062322427 -0.058737473 -0.055152519 -0.051567565 -0.04755192 -0.043392775 -0.048365431 -0.053338087 -0.058310743 -0.0632834 -0.055172435 -0.043974928 -0.03099235 -0.018009772
-9999 -0.0035717298 -0.010159537 -0.016747344 -0.021332708 -0.024086176 -0.026839645 -0.031773568 -0.039224015 -0.046674463 -0.045762294 -0.032625824 -0.019489355 -0.0097980833 -0.0070060195 -0.0042139556 -0.004144683 -0.0097261576 -0.015307632 -0.019996442 -0.022625837 -0.025255233 -0.02707484 -0.026808036 -0.026541233 -0.026385873 -0.026529209 -0.026672544 -0.026221842 -0.024473152 -0.022724462 -0.023968527 -0.030981668 -0.037994808 -0.041089601 -0.037488682 -0.033887764 -0.037151886 -0.050237423 -0.06332296 -0.068010012 -0.064425058 -0.060840104 -0.056824459 -0.052499196 -0.048173933 -0.050582991 -0.055555647 -0.060528304 -0.05241734 -0.04204517 -0.031554795 -0.018572216
-9999 0.0052661625 -0.0013216444 -0.0044332374 -0.0071867061 -0.0099401748 -0.012693644 -0.017627567 -0.025078014 -0.032528461 -0.039978909 -0.046979553 -0.033843083 -0.024151812 -0.021359748 -0.018567684 -0.015775621 -0.012983557 -0.018259392 -0.022948202 -0.025577597 -0.026349745 -0.026082942 -0.025816139 -0.025549336 -0.025393976 -0.025537311 -0.025680646 -0.025823981 -0.025967317 -0.024265934 -0.025509999 -0.03252314 -0.032020059 -0.028419141 -0.024818222 -0.021217303 -0.024481426 -0.037566963 -0.0506525 -0.063738037 -0.073697597 -0.070112643 -0.066096998 -0.061771735 -0.057446472 -0.053121209 -0.052800552 -0.057773208 -0.049662244 -0.039290075 -0.028917905 -0.018545736
-9999 0.015219702 0.012466233 0.0097127641 0.0069592954 0.0042058266 0.0014523579 -0.0034815651 -0.010932012 -0.01838246 -0.025832907 -0.033283355 -0.040733802 -0.038505541 -0.035713477 -0.032921413 -0.030129349 -0.027337285 -0.024545222 -0.025891453 -0.02562465 -0.025357847 -0.025091044 -0.024824241 -0.024557438 -0.024402078 -0.024545413 -0.024688748 -0.024832084 -0.024975419 -0.025118754 -0.026551436 -0.022950518 -0.019349599 -0.01574868 -0.012147761 -0.0085468427 -0.011810965 -0.024896502 -0.037982039 -0.051067576 -0.064153114 -0.077238651 -0.075369537 -0.071044274 -0.066719011 -0.062393748 -0.058068485 -0.055018112 -0.046907148 -0.036534979 -0.02616281 -0.01579064
-9999 0.004481514 0.0017280453 -0.0010254235 -0.0037788922 -0.006532361 -0.0062104528 -0.0038038969 -0.0051171012 -0.012567549 -0.020017996 -0.027468443 -0.034918891 -0.03877456 -0.035567099 -0.032775035 -0.029982971 -0.027190908 -0.024398844 -0.022370381 -0.022103578 -0.021836775 -0.021569972 -0.021303168 -0.026372119 -0.031804322 -0.016554213 -0.016697548 -0.016840883 -0.016984218 -0.017127554 -0.015991974 -0.012391055 -0.0087901368 -0.0051892181 -0.0015882994 -0.0016133984 -0.0053412606 -0.012241656 -0.025327194 -0.038412731 -0.051498268 -0.064583805 -0.070140119 -0.067829462 -0.063504199 -0.059178935 -0.054853672 -0.050528409 -0.051076396 -0.042607616 -0.032235447 -0.021863278
-9999 -0.013271711 -0.01602518 -0.018778649 -0.021532118 -0.018959813 -0.016310892 -0.013904336 -0.011777501 -0.0096506658 -0.016551681 -0.024002128 -0.031452576 -0.035308245 -0.031965164 -0.028622083 -0.025748906 -0.022956842 -0.020164778 -0.018136315 -0.017869512 -0.017602709 -0.017335906 -0.028256727 -0.042867555 -0.048299758 -0.029130945 -0.0099621319 -0.0068765272 -0.0070198625 -0.0071631977 -0.0060276183 -0.0024266996 0.0011742191 0.0047751378 0.0019554278 -0.0019943858 -0.005722248 -0.0091325773 -0.01267675 -0.025762287 -0.038847824 -0.051933361 -0.057489675 -0.057633327 -0.056769109 -0.052443846 -0.048118583 -0.04379332 -0.044341306 -0.045731522 -0.040796688 -0.030424519
-9999 -0.031024937 -0.033778406 -0.034358095 -0.031709174 -0.029060253 -0.026411331 -0.024004776 -0.02187794 -0.019751105 -0.01762427 -0.020535813 -0.027986261 -0.03184193 -0.028498849 -0.025155768 -0.021812687 -0.018722776 -0.015930712 -0.013902249 -0.013635446 -0.015530507 -0.030141335 -0.044752163 -0.05936299 -0.064795194 -0.045626381 -0.026457568 -0.0072887547 0.0029444935 0.0028011582 0.0039367376 0.0075376563 0.0094740676 0.005524254 0.0015744404 -0.0023753731 -0.0061032353 -0.0095135647 -0.012923894 -0.016334223 -0.02619738 -0.039282917 -0.044839231 -0.044982883 -0.045126535 -0.045270187 -0.041383493 -0.03705823 -0.037606217 -0.038996433 -0.040386649 -0.03898576
-9999 -0.048778162 -0.047107455 -0.044458534 -0.041809613 -0.039160692 -0.036511771 -0.034105215 -0.03197838 -0.029851544 -0.027724709 -0.025597874 -0.024519946 -0.028375615 -0.025032534 -0.021689453 -0.018346372 -0.015003291 -0.011696647 -0.0096681837 -0.017415114 -0.032025942 -0.04663677 -0.061247598 -0.075858426 -0.081290629 -0.062121816 -0.042953004 -0.023784191 -0.0046153775 0.012765514 0.013901094 0.013042894 0.0090930802 0.0051432666 0.0011934531 -0.0027563605 -0.0064842227 -0.009894552 -0.013304881 -0.016715211 -0.02012554 -0.026632473 -0.032188787 -0.032332439 -0.032476091 -0.032619743 -0.032763395 -0.030323141 -0.030871127 -0.032261344 -0.03365156 -0.035041776
-9999 -0.055292831 -0.05264391 -0.049994989 -0.047346068 -0.044697147 -0.041829286 -0.038298167 -0.036171332 -0.034044497 -0.031917662 -0.029790826 -0.027663991 -0.030709041 -0.026544978 -0.023201897 -0.019858816 -0.016515734 -0.013172653 -0.015258565 -0.029869393 -0.044480221 -0.059091049 -0.073701877 -0.088312705 -0.084222154 -0.073808558 -0.054639745 -0.035470932 -0.016302119 0.0028666935 0.01413894 0.010189126 0.0062393127 0.0022894992 -0.0016603144 -0.005425098 -0.0055837199 -0.0089940493 -0.012404379 -0.015814708 -0.019225037 -0.026034342 -0.020593287 -0.02033198 -0.020475631 -0.020619283 -0.020762935 -0.020906587 -0.02211311 -0.023503327 -0.024893543 -0.026283759
-9999 -0.055292831 -0.05264391 -0.049994989 -0.047346068 -0.043603879 -0.038856013 -0.035324895 -0.03319806 -0.031071224 -0.028944389 -0.030774214 -0.038800734 -0.042118561 -0.036006963 -0.030753949 -0.027410868 -0.024067787 -0.020724705 -0.022810617 -0.037421445 -0.052032273 -0.066643101 -0.073592324 -0.062200378 -0.055543671 -0.061578591 -0.060493181 -0.041324368 -0.022155555 -0.0029867418 0.0082855046 0.004335691 0.00038587746 -0.0035639361 -0.0050843307 -0.0029700515 -0.0031286734 -0.0065390027 -0.0099493321 -0.013359661 -0.026362298 -0.047626553 -0.042185497 -0.017546333 -0.0092636517 -0.0094073035 -0.0095509553 -0.0096946071 -0.01090113 -0.012291347 -0.013681563 -0.015468909
-9999 -0.055292831 -0.05264391 -0.049994989 -0.045378473 -0.040630607 -0.035882741 -0.032351622 -0.030224787 -0.028097952 -0.034157215 -0.042183734 -0.050210254 -0.053528081 -0.047416483 -0.041304884 -0.035193286 -0.031619839 -0.028276758 -0.030362669 -0.044973497 -0.059584325 -0.056305786 -0.044913841 -0.033521895 -0.026865189 -0.032900108 -0.038935028 -0.044969948 -0.02800899 -0.008840177 0.0024320693 -0.0015177443 -0.0054675578 -0.0047435634 -0.0026292842 -0.00051500499 -0.0006736269 -0.0040839562 -0.0074942856 -0.026690253 -0.047954508 -0.069218763 -0.063777707 -0.039138544 -0.01449938 0.0018046763 0.0016610245 0.0015173727 0.00031084937 -0.001079367 -0.0039312303 -0.0088645886
-9999 -0.055292831 -0.051900933 -0.047153067 -0.0424052 -0.037657334 -0.032909468 -0.02937835 -0.029513696 -0.037540215 -0.045566735 -0.053593254 -0.061619774 -0.064937602 -0.058826003 -0.052714405 -0.046602806 -0.040491207 -0.03582881 -0.037914721 -0.050411195 -0.039019249 -0.027627304 -0.016235358 -0.0048434126 0.0018132943 -0.0042216256 -0.010256545 -0.016291465 -0.022326385 -0.014693612 -0.003421366 -0.0065170754 -0.0044027962 -0.0022885169 -0.00017423771 0.0019400415 0.0017814196 -0.0057539529 -0.027018208 -0.048282463 -0.069546718 -0.090810973 -0.085369918 -0.060730754 -0.03609159 -0.011452427 0.012873004 0.012729352 0.011522829 0.0076064481 0.0026730898 -0.0022602686
-9999 -0.054043119 -0.049295253 -0.044547387 -0.039799521 -0.035051655 -0.030303789 -0.030929508 -0.038956027 -0.046982547 -0.055009067 -0.063035586 -0.071062106 -0.072765627 -0.066654029 -0.06054243 -0.054430832 -0.048319233 -0.042207635 -0.034499338 -0.023107393 -0.011715447 -0.00032350179 0.011068444 0.022460389 0.026406524 0.020371604 0.014336685 0.0083017648 0.0022668449 -0.0037680749 -0.0070194949 -0.0049052157 -0.0027909365 -0.00067665723 0.001437622 0.0035519012 0.0001494021 -0.021114853 -0.042379108 -0.063643363 -0.084907618 -0.10617187 -0.10512519 -0.080486029 -0.055846865 -0.031207702 -0.0065685382 0.018070625 0.018994421 0.014061063 0.0091277048 0.0041943464
-9999 -0.054043119 -0.049295253 -0.044547387 -0.039799521 -0.035309871 -0.035180206 -0.035217569 -0.035447704 -0.042480473 -0.050506993 -0.058533512 -0.066560032 -0.066756763 -0.051273892 -0.042983049 -0.03687145 -0.030759851 -0.024648253 -0.016939957 -0.005548011 0.0058439344 0.01723588 0.028627825 0.022943754 0.016035368 0.014737931 0.0099716184 0.0039366985 -0.0020982213 -0.0081331412 -0.011384561 -0.0092702819 -0.0071560027 -0.0050417235 -0.0029274442 0.0018461221 0.0049511823 0.0054728267 -0.013569394 -0.034833649 -0.056097904 -0.077362159 -0.08754318 -0.087220194 -0.062581031 -0.037941867 -0.013302703 0.01133646 0.018712389 0.019454495 0.014521137 0.0095877782
-9999 -0.054043119 -0.049295253 -0.044547387 -0.041981475 -0.04185181 -0.041722145 -0.041759508 -0.041989643 -0.042219778 -0.046004919 -0.054031439 -0.062057958 -0.062254689 -0.046771818 -0.031288947 -0.019312068 -0.01320047 -0.0070888712 0.00061942517 0.012011371 0.023403316 0.030091464 0.021089637 0.012087809 0.0051794235 0.0038819865 0.0025845496 -0.00042836768 -0.0064632875 -0.012498207 -0.015749627 -0.013635348 -0.011521069 -0.0085090211 -0.0035981869 0.0013126474 0.0044177076 0.0049393519 0.0054609963 -0.0060239345 -0.02728819 -0.048552445 -0.058733465 -0.06094689 -0.063160315 -0.044676032 -0.020036869 0.0046022947 0.011978224 0.016370597 0.019914568 0.01498121
-9999 -0.054043119 -0.049295253 -0.048653079 -0.048523414 -0.048393749 -0.048264083 -0.048301447 -0.048531582 -0.048761717 -0.048991852 -0.049529365 -0.057555884 -0.057752615 -0.042269744 -0.026786873 -0.011304002 0.0041788693 0.010470511 0.018178807 0.029570752 0.028237347 0.019235519 0.010233692 0.0012318643 -0.0056765214 -0.0069739583 -0.0082713953 -0.0095688322 -0.010866269 -0.016863274 -0.020114694 -0.018000414 -0.01395333 -0.0090424958 -0.0041316616 0.00077917265 0.0038842329 0.0044058772 0.0049275216 0.0054491659 0.0015215247 -0.01974273 -0.029923751 -0.032137176 -0.0343506 -0.036564025 -0.026771034 -0.0021318706 0.0052440586 0.0096364318 0.014028805 0.018421178
