P2_models/J1_p2_tot_conduct_slide_195.49.dat.tif
NCOLS 118
NROWS 92
XLLCORNER 139.62
YLLCORNER -39.07
DX 0.099491525
DY 0.099347826
NODATA_VALUE -9999
[rows 0 to 25 of 92, columns 0 to 56 of 118]
-1.3617148 -1.3373211 -1.3124482 -1.2938132 -1.2796002 -1.268087 -1.268087 -1.2724857 -1.281961 -1.2837802 -1.3028887 -1.3210794 -1.3499845 -1.3765184 -1.4148552 -1.4562577 -1.5010289 -1.5366247 -1.5804626 -1.6237296 -1.6679832 -1.711301 -1.7555039 -1.7988725 -1.8430245 -1.8850923 -1.9199143 -1.9567581 -1.9873265 -2.0188844 -2.0510088 -2.0852889 -2.1157815 -2.1530897 -2.200504 -2.2444648 -2.2792868 -2.3189064 -2.3555611 -2.3974702 -2.4445977 -2.4864622 -2.5212843 -2.5541261 -2.58524 -2.5852903 -2.5695811 -2.5638261 -2.5638261 -2.5463883 -2.5306791 -2.4478659 -2.3597846 -2.2989842 -2.2353815 -2.1576842 -2.0742008
-1.3577319 -1.3295045 -1.3001311 -1.277369 -1.2631559 -1.2556861 -1.2556861 -1.2644836 -1.278188 -1.2913478 -1.3143868 -1.3475012 -1.3793408 -1.4191374 -1.4617696 -1.51649 -1.566677 -1.6114482 -1.6579064 -1.7096183 -1.7551822 -1.8034745 -1.8489875 -1.8973308 -1.9421019 -1.9855214 -2.0233056 -2.0568268 -2.0854957 -2.1082888 -2.1397071 -2.1705889 -2.1994488 -2.2316957 -2.2775379 -2.3164485 -2.3498846 -2.3825327 -2.4174829 -2.4567827 -2.5017328 -2.5394391 -2.5742612 -2.6071031 -2.6385214 -2.6382672 -2.622558 -2.6188247 -2.622367 -2.6097443 -2.5940351 -2.5092001 -2.4211188 -2.3603432 -2.2998565 -2.2213106 -2.1345354
-1.3717842 -1.3308362 -1.2960142 -1.2732521 -1.259039 -1.2515693 -1.2515693 -1.2608898 -1.2798406 -1.3049248 -1.3397468 -1.3762765 -1.4160731 -1.4629325 -1.5176528 -1.5734193 -1.6281397 -1.6833831 -1.7381034 -1.7923657 -1.8421115 -1.8918573 -1.941603 -1.9894232 -2.0341943 -2.0776138 -2.1174104 -2.1520037 -2.171902 -2.1941719 -2.2255903 -2.2542498 -2.2791227 -2.3096345 -2.3515257 -2.3810155 -2.4108629 -2.4403105 -2.4717288 -2.5089246 -2.5508157 -2.5874758 -2.6222979 -2.6546166 -2.686035 -2.6831653 -2.6674561 -2.6677148 -2.6729512 -2.6613747 -2.6456655 -2.562923 -2.4757597 -2.4218446 -2.3634503 -2.2849044 -2.2023139
-1.4028304 -1.3570049 -1.3146419 -1.2918798 -1.2734243 -1.2658248 -1.270197 -1.2811938 -1.3046775 -1.3309971 -1.370793 -1.4073227 -1.4573629 -1.5137401 -1.573435 -1.6314682 -1.6961376 -1.7527167 -1.8124116 -1.8688389 -1.9285338 -1.9787866 -2.0253721 -2.0701433 -2.1149144 -2.1583339 -2.1981305 -2.2327238 -2.2526221 -2.2740993 -2.3002813 -2.3275847 -2.347483 -2.3779362 -2.3790856 -2.3762924 -2.3922352 -2.4184203 -2.4406827 -2.4799824 -2.5259788 -2.5577952 -2.5850424 -2.6148379 -2.6425703 -2.6247202 -2.5929452 -2.5932039 -2.5984403 -2.5947472 -2.5835732 -2.5184884 -2.4385043 -2.4053404 -2.3536317 -2.2960313 -2.2237145
-1.4455103 -1.3909927 -1.3462215 -1.3165599 -1.2976091 -1.2900096 -1.2949842 -1.3086462 -1.3323347 -1.3634757 -1.4044554 -1.4493749 -1.5040953 -1.5650707 -1.6260505 -1.6873513 -1.7520208 -1.8166903 -1.8777717 -1.9374666 -1.9971615 -2.0524963 -2.0972675 -2.1420386 -2.1868098 -2.2275259 -2.2641428 -2.2974352 -2.3156927 -2.3358542 -2.3604104 -2.3810478 -2.3984612 -2.4065611 -2.3908519 -2.3830196 -2.3970993 -2.4123461 -2.4325045 -2.4613314 -2.5078301 -2.541783 -2.5666559 -2.5922904 -2.6184723 -2.598905 -2.5570138 -2.553992 -2.5592284 -2.5584768 -2.5532404 -2.4916949 -2.4249651 -2.3945592 -2.3582672 -2.3042039 -2.2482494
-1.4911104 -1.4344371 -1.3846913 -1.3538153 -1.3348645 -1.3272651 -1.3322396 -1.3459017 -1.3695901 -1.4007312 -1.4455023 -1.493698 -1.553393 -1.6147447 -1.6794141 -1.7432345 -1.8079039 -1.8725734 -1.9372429 -1.999559 -2.0592539 -2.1145887 -2.1593598 -2.204131 -2.2489022 -2.2896183 -2.3194658 -2.3471091 -2.3620328 -2.3793189 -2.4002644 -2.4183032 -2.4282523 -2.4305122 -2.4095666 -2.4016474 -2.4115965 -2.4247646 -2.4404738 -2.4675406 -2.5041954 -2.5355738 -2.5604466 -2.5860811 -2.6122631 -2.5926958 -2.5508046 -2.5488331 -2.5592284 -2.56 -2.5594497 -2.4999001 -2.4373836 -2.409747 -2.3768949 -2.3297673 -2.2792956
-1.5362734 -1.4779017 -1.428156 -1.3964308 -1.3746099 -1.3645205 -1.3694951 -1.3853565 -1.4122056 -1.4433467 -1.4881178 -1.5380119 -1.5977068 -1.6590585 -1.7257194 -1.7937576 -1.858427 -1.9230965 -1.987766 -2.0509313 -2.1087873 -2.1606009 -2.2035841 -2.2447832 -2.28608 -2.3195504 -2.3493978 -2.3753428 -2.3869955 -2.3959833 -2.4150166 -2.4287584 -2.4366737 -2.4330598 -2.4074512 -2.3934748 -2.4009919 -2.4103828 -2.4233412 -2.4469496 -2.4803808 -2.5079243 -2.5295176 -2.5500252 -2.5738935 -2.5543262 -2.5206663 -2.5211837 -2.5362449 -2.5385598 -2.5385598 -2.4799043 -2.4283618 -2.4017963 -2.3740824 -2.3287244 -2.2835415
-1.5800857 -1.5197971 -1.4700514 -1.4355538 -1.4118653 -1.4033452 -1.4083198 -1.4241812 -1.4526073 -1.4868113 -1.5315825 -1.5814766 -1.6411715 -1.7026107 -1.7722547 -1.8402929 -1.9049624 -1.9665217 -2.0311628 -2.0913195 -2.1459748 -2.196335 -2.2361316 -2.2701513 -2.3046398 -2.3354068 -2.364819 -2.390764 -2.3962754 -2.4013158 -2.416518 -2.4269913 -2.4319658 -2.4248818 -2.3934634 -2.3695431 -2.3745177 -2.3786157 -2.3890885 -2.4037926 -2.435211 -2.456671 -2.4765693 -2.4970769 -2.5180224 -2.5178999 -2.4864815 -2.4894216 -2.5051308 -2.5105842 -2.5105842 -2.4721937 -2.4208348 -2.3987256 -2.3721848 -2.3302936 -2.2837712
-1.6173411 -1.5570526 -1.5073068 -1.4728092 -1.4491208 -1.4413915 -1.4513407 -1.4676459 -1.496072 -1.530276 -1.5750472 -1.6249413 -1.6846362 -1.7459879 -1.8106574 -1.8775483 -1.9422178 -2.0037771 -2.0584975 -2.1161565 -2.1659023 -2.2149627 -2.2505528 -2.2825698 -2.3074427 -2.3354068 -2.3553051 -2.3783455 -2.3932692 -2.4013158 -2.4065522 -2.4144429 -2.4144429 -2.4062541 -2.3558357 -2.3255503 -2.3255503 -2.3277717 -2.3277717 -2.3374689 -2.3482816 -2.3669904 -2.3772214 -2.397729 -2.4186746 -2.436101 -2.4430168 -2.4435342 -2.4554568 -2.4667013 -2.4733288 -2.4585161 -2.4270441 -2.4049348 -2.3783941 -2.3365029 -2.2896742
-1.6353434 -1.5818505 -1.5333965 -1.4988989 -1.4787378 -1.4759885 -1.4859376 -1.5044642 -1.5328904 -1.5688529 -1.6161192 -1.6660133 -1.7247724 -1.7811495 -1.8432221 -1.9062857 -1.9683075 -2.0283117 -2.0803335 -2.1320454 -2.1790418 -2.2244274 -2.2578862 -2.2813565 -2.3033783 -2.3241961 -2.3382906 -2.3555872 -2.3675582 -2.3787319 -2.3810304 -2.3827791 -2.3802246 -2.3628741 -2.3105101 -2.2781272 -2.275971 -2.275971 -2.275971 -2.275971 -2.2831908 -2.2904087 -2.2990491 -2.3123493 -2.3320877 -2.3459949 -2.3609696 -2.3726868 -2.3831596 -2.3893788 -2.3998516 -2.3898902 -2.3739684 -2.3518592 -2.3276645 -2.2919345 -2.2500433
-1.6468362 -1.5949872 -1.5502161 -1.5233268 -1.5091138 -1.5071864 -1.5171355 -1.5356622 -1.5640883 -1.6000508 -1.6497965 -1.7012499 -1.7559703 -1.8123474 -1.8720423 -1.9309152 -1.9906101 -2.0463729 -2.0961186 -2.1427161 -2.1874873 -2.2264449 -2.2513178 -2.2731441 -2.2930424 -2.3094153 -2.3193645 -2.3284916 -2.3384408 -2.3450679 -2.3450679 -2.3433688 -2.3383942 -2.3177174 -2.2653534 -2.2329705 -2.2279959 -2.2242459 -2.2242459 -2.2234239 -2.2234239 -2.2255468 -2.2305214 -2.239275 -2.2549842 -2.2663522 -2.276825 -2.2856538 -2.2961266 -2.3013126 -2.306549 -2.2961507 -2.285475 -2.2640041 -2.2398095 -2.2083911 -2.175325
-1.6468362 -1.5992669 -1.5626345 -1.5357453 -1.5215322 -1.521143 -1.5357632 -1.5542899 -1.582716 -1.6186785 -1.6684243 -1.7198776 -1.774598 -1.8309751 -1.89067 -1.948759 -2.0034793 -2.0580583 -2.1028294 -2.1475609 -2.1823829 -2.2202357 -2.2416494 -2.2601451 -2.2750689 -2.2902579 -2.2952325 -2.3031758 -2.3081504 -2.313528 -2.3082916 -2.3061133 -2.3011388 -2.2804619 -2.2321007 -2.2006488 -2.1907405 -2.1856582 -2.1807813 -2.1781541 -2.17375 -2.17375 -2.1746382 -2.1767188 -2.1804733 -2.1891442 -2.1961049 -2.1985938 -2.202988 -2.2045313 -2.2072012 -2.1926873 -2.1799179 -2.163336 -2.1404616 -2.1090433 -2.0776249
-1.6365214 -1.592786 -1.5591409 -1.5384423 -1.5257304 -1.530321 -1.5452447 -1.568636 -1.5981033 -1.6340657 -1.6838115 -1.7320244 -1.7867447 -1.8431218 -1.9028168 -1.9592998 -2.0123856 -2.0639958 -2.1087669 -2.1472892 -2.1821112 -2.2125731 -2.2324714 -2.2477266 -2.2626504 -2.2748707 -2.2798453 -2.2848199 -2.2897944 -2.2695198 -2.2642834 -2.2623769 -2.2574024 -2.2384606 -2.1921808 -2.1728431 -2.162894 -2.1548837 -2.1490161 -2.1411704 -2.138142 -2.1402785 -2.1379586 -2.1307512 -2.1305571 -2.1340762 -2.1333244 -2.1308356 -2.1258979 -2.1243546 -2.1155297 -2.0998205 -2.0678799 -2.0512979 -2.0281519 -1.9967335 -1.9685556
-1.6200032 -1.5827791 -1.5529316 -1.5366773 -1.5319396 -1.5365302 -1.551454 -1.5748452 -1.6080091 -1.645276 -1.6900472 -1.7382336 -1.792954 -1.8493311 -1.909026 -1.9655091 -2.0152548 -2.0629909 -2.1027876 -2.1410799 -2.175902 -2.2054607 -2.2203844 -2.2353082 -2.2502319 -2.2624522 -2.2674268 -2.2671474 -2.2372999 -2.2144022 -2.2144022 -2.212703 -2.2077284 -2.1935258 -2.1673438 -2.1480062 -2.138057 -2.1284427 -2.1179699 -2.1142779 -2.1195143 -2.1168615 -2.1069124 -2.099705 -2.0944686 -2.0879141 -2.0774413 -2.068069 -2.0575963 -2.0443095 -2.0286003 -1.9909547 -1.9499043 -1.9281617 -1.9045899 -1.8784079 -1.8549624
-1.6002749 -1.5711756 -1.5467224 -1.5315686 -1.5268309 -1.5314215 -1.5463453 -1.5697365 -1.6029004 -1.6419258 -1.6905975 -1.7387839 -1.7958454 -1.8538835 -1.9095763 -1.9660593 -2.0158051 -2.0639958 -2.1078963 -2.1446844 -2.1753517 -2.2043602 -2.2213708 -2.2398666 -2.2547903 -2.2670107 -2.2719852 -2.2691547 -2.2436654 -2.2213179 -2.2213179 -2.2196188 -2.2146442 -2.2026426 -2.1790911 -2.162782 -2.1528328 -2.1448226 -2.1378544 -2.1300088 -2.1291814 -2.1254281 -2.115479 -2.0991324 -2.0860582 -2.0702643 -2.0555119 -2.0290713 -2.0119305 -1.9835986 -1.9643068 -1.9140348 -1.8708071 -1.8322718 -1.8092502 -1.7830682 -1.7618238
-1.5813494 -1.554167 -1.5342687 -1.5232421 -1.5185044 -1.5250878 -1.5400115 -1.5634027 -1.5965666 -1.6373505 -1.6873305 -1.7404915 -1.8001864 -1.8598814 -1.9149377 -1.969658 -2.0197906 -2.0695364 -2.1147452 -2.1565079 -2.1868439 -2.2137846 -2.2336829 -2.2541714 -2.2690951 -2.2840189 -2.2902755 -2.2861442 -2.2605794 -2.2432723 -2.2439493 -2.2439493 -2.2392683 -2.2290018 -2.2080562 -2.1917471 -2.181798 -2.1737877 -2.1685513 -2.1653077 -2.1600713 -2.1480594 -2.1381103 -2.119771 -2.0988254 -2.0719015 -2.050956 -2.0160482 -1.9846298 -1.9452404 -1.913822 -1.8566752 -1.8043982 -1.7620888 -1.7238538 -1.6960324 -1.6731422
-1.5670374 -1.5409207 -1.5210224 -1.5113841 -1.5113841 -1.5184646 -1.5333883 -1.5567795 -1.5899434 -1.6307273 -1.6854476 -1.7404915 -1.8001864 -1.8598814 -1.9195763 -1.9762812 -2.0310015 -2.0827827 -2.1325285 -2.1763775 -2.2111995 -2.2403467 -2.2652195 -2.2872873 -2.3022111 -2.3171348 -2.3320585 -2.3325065 -2.3026591 -2.2830114 -2.2882478 -2.2903116 -2.2903116 -2.2816363 -2.2554543 -2.2382141 -2.2332396 -2.2267732 -2.2215368 -2.2189275 -2.2189275 -2.2057638 -2.1858655 -2.1650797 -2.1388977 -2.1070614 -2.0708255 -2.0299201 -1.9846298 -1.9353524 -1.8873293 -1.821348 -1.7580359 -1.7082901 -1.6642451 -1.6275903 -1.6002871
-1.5565895 -1.5332409 -1.5133426 -1.5050883 -1.5050883 -1.5121688 -1.5270926 -1.5526831 -1.5885593 -1.6293432 -1.6824188 -1.7355798 -1.7968686 -1.8598814 -1.9226624 -1.9907005 -2.0520323 -2.1051976 -2.1563847 -2.2050881 -2.2426911 -2.2816487 -2.3092009 -2.3384128 -2.3559141 -2.3780836 -2.3930073 -2.3962234 -2.3604404 -2.3207859 -2.3260223 -2.3294701 -2.3294701 -2.3207948 -2.3059117 -2.3068428 -2.3018682 -2.2967859 -2.2915495 -2.2889402 -2.272289 -2.2476904 -2.2277921 -2.2042382 -2.1780562 -2.1448359 -2.1045138 -2.0586307 -2.003223 -1.9500874 -1.8884978 -1.8207235 -1.7483475 -1.6961113 -1.6321418 -1.5928448 -1.5555923
-1.5507053 -1.5292735 -1.5093752 -1.5011209 -1.5011209 -1.5070805 -1.5220042 -1.5475948 -1.5854964 -1.6287057 -1.6784514 -1.7333201 -1.7979896 -1.8676786 -1.9373227 -2.0076027 -2.0722722 -2.1371942 -2.1919146 -2.2458683 -2.2906395 -2.3325039 -2.3673259 -2.4015847 -2.4264576 -2.449748 -2.4646717 -2.4568999 -2.4021796 -2.362525 -2.3677614 -2.3712092 -2.3712092 -2.3729443 -2.3781807 -2.3791118 -2.3741372 -2.3690549 -2.3638185 -2.3443256 -2.3129072 -2.2883087 -2.2684103 -2.2437355 -2.2175535 -2.180814 -2.1389228 -2.0850557 -2.0274553 -1.9631484 -1.9003116 -1.824237 -1.7506085 -1.6768789 -1.6072006 -1.560073 -1.5189329
-1.5569145 -1.5354827 -1.5155844 -1.5072276 -1.5024899 -1.5070805 -1.5220042 -1.5475948 -1.5854964 -1.6293432 -1.6840636 -1.7395293 -1.8122235 -1.8868422 -1.9614608 -2.0334096 -2.1080283 -2.1757522 -2.2453962 -2.3025181 -2.3572384 -2.4008055 -2.4393857 -2.4763772 -2.5062247 -2.5306989 -2.5505972 -2.5431096 -2.4684909 -2.4246174 -2.4298538 -2.4333016 -2.4333016 -2.4350367 -2.4402731 -2.4412042 -2.4362296 -2.4311473 -2.4259109 -2.4049118 -2.3687904 -2.3441918 -2.3242935 -2.2976931 -2.2672274 -2.2304879 -2.1885967 -2.1347296 -2.0771293 -2.0061346 -1.9375671 -1.8500425 -1.7692363 -1.6863266 -1.6132534 -1.5504167 -1.5054646
-1.573742 -1.5523102 -1.530936 -1.5178458 -1.5131081 -1.5176987 -1.5317483 -1.5546736 -1.5925752 -1.636422 -1.6914148 -1.7562326 -1.8310729 -1.9090093 -1.9841402 -2.0720767 -2.1505622 -2.2236258 -2.293408 -2.36548 -2.4202368 -2.4776393 -2.517436 -2.5579669 -2.5878143 -2.6171461 -2.6348567 -2.6300389 -2.5554203 -2.4831704 -2.4883152 -2.4883152 -2.4883152 -2.4900503 -2.4947758 -2.4926784 -2.4877038 -2.4826215 -2.476455 -2.4528466 -2.4147889 -2.3859173 -2.3674779 -2.3460045 -2.3150791 -2.2766224 -2.2347312 -2.1808641 -2.120496 -2.0487297 -1.9754202 -1.887298 -1.7914034 -1.7084938 -1.6265415 -1.5637047 -1.5072037
-1.5969134 -1.5744366 -1.5495637 -1.5364735 -1.5317358 -1.5342176 -1.5441668 -1.5670921 -1.6049937 -1.6503476 -1.7100425 -1.7763166 -1.8559098 -1.9380625 -2.0276049 -2.1155413 -2.2001091 -2.2821164 -2.3617096 -2.4362874 -2.5009569 -2.5595615 -2.6043327 -2.6460474 -2.6808695 -2.7102847 -2.7252084 -2.7117208 -2.6122293 -2.5379891 -2.5379891 -2.5379891 -2.5379891 -2.5382405 -2.5382405 -2.536143 -2.5311685 -2.5241832 -2.5137104 -2.4877263 -2.4458351 -2.4196571 -2.4047334 -2.3832599 -2.3570779 -2.3200871 -2.2781959 -2.2205882 -2.1577514 -2.0859852 -2.0126756 -1.915181 -1.8162403 -1.7278712 -1.6442475 -1.5761744 -1.5168332
-1.6294428 -1.606966 -1.5820932 -1.569003 -1.5604001 -1.5601406 -1.5700898 -1.5930151 -1.6309167 -1.676522 -1.7362169 -1.8027423 -1.8853728 -1.974911 -2.0738499 -2.1617864 -2.2463542 -2.3293669 -2.4089601 -2.4840406 -2.5487101 -2.607566 -2.6272899 -2.6329 -2.6528645 -2.6795763 -2.6845509 -2.6838069 -2.6390357 -2.5641045 -2.5590652 -2.5556669 -2.5463551 -2.5463551 -2.5430285 -2.5358051 -2.5265729 -2.5193363 -2.5088635 -2.4931365 -2.4661571 -2.4402305 -2.4253067 -2.4007869 -2.3712962 -2.3451142 -2.3117308 -2.2578637 -2.19739 -2.121159 -2.0459591 -1.9479618 -1.8486539 -1.7546897 -1.6678244 -1.5893872 -1.5262516
-1.6747134 -1.6475276 -1.6226548 -1.6067922 -1.5970146 -1.591905 -1.6014222 -1.6221482 -1.659457 -1.7068208 -1.7675493 -1.8357824 -1.9203502 -2.0143372 -2.1149641 -2.2096378 -2.2942056 -2.3787734 -2.4596037 -2.5346842 -2.5993537 -2.6451291 -2.6451291 -2.6409603 -2.6594691 -2.6739606 -2.6774947 -2.6668592 -2.6191054 -2.5829527 -2.5762399 -2.5676947 -2.5566525 -2.5482649 -2.5430285 -2.5281234 -2.5174796 -2.5051607 -2.4940501 -2.4809502 -2.4601696 -2.4399968 -2.425073 -2.4061374 -2.3747191 -2.3468199 -2.3206379 -2.2732962 -2.2156958 -2.1458207 -2.0672747 -1.9717707 -1.8724628 -1.7784986 -1.6879883 -1.6094424 -1.535834
-1.7296783 -1.703241 -1.6733936 -1.6546923 -1.6404792 -1.6353697 -1.6403443 -1.6594036 -1.6925675 -1.737867 -1.8025365 -1.8737468 -1.9632892 -2.0578019 -2.162268 -2.2593117 -2.3438795 -2.4284473 -2.5130151 -2.5905673 -2.6552368 -2.699648 -2.6847243 -2.6782158 -2.6931395 -2.7050068 -2.7050068 -2.6916961 -2.6369758 -2.5953711 -2.5848983 -2.5739039 -2.5589802 -2.5467921 -2.5310829 -2.5157049 -2.5007812 -2.4865329 -2.4708238 -2.4561132 -2.440404 -2.4212163 -2.401318 -2.381809 -2.3608634 -2.3344014 -2.3082194 -2.2620776 -2.2094866 -2.1429567 -2.073484 -1.9801254 -1.8848812 -1.790917 -1.7004068 -1.6218609 -1.5482525
-1.7897735 -1.7613729 -1.7292767 -1.7085782 -1.6943651 -1.6892555 -1.6942301 -1.7100915 -1.7402441 -1.784545 -1.8492144 -1.9224221 -2.0119644 -2.1048204 -2.2057327 -2.303775 -2.3883428 -2.4713555 -2.5522678 -2.6278102 -2.685067 -2.7264822 -2.7082814 -2.6932263 -2.704342 -2.7138589 -2.71 -2.693089 -2.6305491 -2.5856314 -2.5712638 -2.5558724 -2.5339258 -2.5187418 -2.5008506 -2.4782491 -2.4570991 -2.4418522 -2.426143 -2.4078067 -2.3895141 -2.3772148 -2.3618478 -2.3413403 -2.3203947 -2.3029683 -2.2801691 -2.2380193 -2.1868739 -2.1255804 -2.0582531 -1.9704298 -1.876641 -1.7877037 -1.6971935 -1.6186476 -1.5450392
