P2_models/J1_p2_tot_conduct_slide_12.54.dat.tif
NCOLS 118
NROWS 92
XLLCORNER 139.62
YLLCORNER -39.07
DX 0.099491525
DY 0.099347826
NODATA_VALUE -9999
[rows 52 to 77 of 92, columns 0 to 56 of 118]
-1.54075 -1.5989485 -1.6387451 -1.6960412 -1.7576312 -1.8254025 -1.9000212 -1.9663923 -2.0232446 -2.0625677 -2.0725168 -2.0670973 -2.0322753 -1.9974533 -1.9626312 -1.9390507 -1.9390507 -1.9449276 -1.9698005 -1.9858086 -1.9907832 -1.9768637 -1.9171688 -1.844851 -1.7403849 -1.6432241 -1.5586563 -1.500457 -1.5203553 -1.5611369 -1.6868104 -1.80954 -1.9488282 -2.0575793 -2.1047069 -2.0942095 -2.0046672 -1.8860551 -1.7027812 -1.559797 -1.4341235 -1.4013695 -1.4262424 -1.5263366 -1.6886648 -1.8513865 -2.0241876 -2.1162 -2.1860496 -2.1368256 -2.070638 -1.9385193 -1.8157988 -1.7218346 -1.667072 -1.7141996 -1.7927895
-1.5720928 -1.6154821 -1.6434915 -1.6960412 -1.7406549 -1.7934868 -1.8681054 -1.9366758 -1.9966481 -2.0369205 -2.0468696 -2.0414501 -2.0046266 -1.96483 -1.9263455 -1.9027649 -1.9027649 -1.9136505 -1.9460518 -1.9694205 -1.9858402 -1.9719207 -1.9192149 -1.8681979 -1.7833156 -1.6977732 -1.6528814 -1.6099407 -1.6740419 -1.7323613 -1.8940663 -2.0311867 -2.1849554 -2.2937066 -2.3316711 -2.2859876 -2.161005 -2.0113569 -1.7964334 -1.6289223 -1.4897879 -1.4532368 -1.4781097 -1.5829502 -1.7452785 -1.8970492 -2.0608497 -2.1019158 -2.1527337 -2.028822 -1.9374581 -1.7453484 -1.6015255 -1.5126969 -1.4608977 -1.5453414 -1.6484279
-1.5971268 -1.6307334 -1.6456571 -1.6712546 -1.7044184 -1.7442069 -1.8188255 -1.8890264 -1.9506164 -1.9955822 -2.0055313 -1.9984042 -1.9586076 -1.9155501 -1.8757535 -1.8471984 -1.8471739 -1.8580595 -1.8928815 -1.9292078 -1.9496109 -1.9520685 -1.9122719 -1.8894985 -1.81264 -1.7641358 -1.7332161 -1.7465254 -1.8260879 -1.9398513 -2.1161134 -2.2875251 -2.4467115 -2.5618275 -2.5880094 -2.5194998 -2.3752371 -2.1819684 -1.9463305 -1.7462049 -1.5943494 -1.5454854 -1.5703583 -1.6703076 -1.8326358 -1.9713631 -2.1179822 -2.1348913 -2.1348913 -1.9862745 -1.8291826 -1.6325903 -1.4387485 -1.3618861 -1.3261065 -1.4249354 -1.5668586
-1.6039205 -1.629368 -1.6144443 -1.6319825 -1.6367202 -1.6698923 -1.7345618 -1.8034939 -1.8698215 -1.9162319 -1.9311557 -1.9255491 -1.8857525 -1.8426423 -1.7928966 -1.761097 -1.7561224 -1.7653349 -1.8001569 -1.8364832 -1.8762798 -1.8858366 -1.8788112 -1.869629 -1.8497307 -1.8237445 -1.8585665 -1.8988588 -2.048096 -2.1915324 -2.4219338 -2.6121987 -2.7813343 -2.8996101 -2.8996667 -2.8199633 -2.6309294 -2.4233591 -2.1510665 -1.9409138 -1.7681127 -1.7163739 -1.7362722 -1.8316394 -1.978346 -2.1019633 -2.2107068 -2.201639 -2.1547609 -1.9806351 -1.7894435 -1.5928511 -1.3990093 -1.3547909 -1.3393529 -1.485972 -1.6463985
-1.5927828 -1.616484 -1.5818675 -1.5640043 -1.5591944 -1.5824068 -1.6426532 -1.7049613 -1.7739665 -1.8221232 -1.8418766 -1.8478172 -1.8095796 -1.7697873 -1.7185333 -1.6782664 -1.6700209 -1.677487 -1.7123091 -1.7486353 -1.7911432 -1.8249017 -1.8303653 -1.8497594 -1.8436543 -1.8974001 -1.9815738 -2.0463153 -2.2082272 -2.4188295 -2.6592339 -2.8928437 -3.0635298 -3.1799493 -3.1707079 -3.0758618 -2.8770837 -2.6391562 -2.3623285 -2.1347326 -1.9646719 -1.908084 -1.9307786 -2.0173408 -2.1584687 -2.2769343 -2.3635003 -2.338255 -2.2560235 -2.06878 -1.8691385 -1.6701555 -1.5104514 -1.4721103 -1.5135341 -1.6678708 -1.8673043
-1.5694964 -1.5698814 -1.5201356 -1.4911828 -1.4769697 -1.4894619 -1.5441822 -1.6094903 -1.6805557 -1.7415508 -1.7713983 -1.7790466 -1.7442246 -1.7117754 -1.6570551 -1.6167881 -1.606839 -1.6093856 -1.6442076 -1.6835424 -1.7332881 -1.7786737 -1.8134958 -1.855428 -1.8906398 -1.9511441 -2.0563517 -2.1920381 -2.3967924 -2.6166053 -2.8836615 -3.1129703 -3.2870805 -3.3948247 -3.3686427 -3.2603093 -3.0464025 -2.8101664 -2.527401 -2.3129322 -2.1453675 -2.0977246 -2.1225975 -2.2106597 -2.3415696 -2.4327877 -2.5113336 -2.4636365 -2.3746178 -2.200839 -2.0018559 -1.8524358 -1.6973362 -1.7189218 -1.767384 -1.9454215 -2.1201258
-1.5429235 -1.539003 -1.4743335 -1.4421337 -1.4137076 -1.4223698 -1.4721156 -1.538034 -1.6185747 -1.6827176 -1.7274888 -1.7393075 -1.7189016 -1.6923762 -1.6525796 -1.6167881 -1.606839 -1.6093305 -1.639178 -1.6769192 -1.7266649 -1.7720505 -1.8114237 -1.855428 -1.9101483 -1.9776368 -2.1069758 -2.2516468 -2.4755028 -2.7027067 -2.9697629 -3.1982752 -3.352487 -3.4544334 -3.4129675 -3.3006459 -3.0917137 -2.859146 -2.5973262 -2.3936771 -2.2627672 -2.2227216 -2.2674928 -2.3579162 -2.4939029 -2.5790635 -2.6437974 -2.5985922 -2.5137047 -2.3577145 -2.180682 -2.0656374 -1.9423941 -1.9976672 -2.0654275 -2.243465 -2.4165649
-1.536409 -1.5451277 -1.4858118 -1.4423511 -1.4161814 -1.4296937 -1.4818257 -1.5480666 -1.6311544 -1.7008094 -1.7485685 -1.7711405 -1.7555279 -1.7439262 -1.7133984 -1.6848433 -1.6780346 -1.6805262 -1.7103736 -1.7402211 -1.7769983 -1.8238373 -1.8554135 -1.8645957 -1.8959092 -1.9614431 -2.0670193 -2.2106676 -2.4069593 -2.6311442 -2.8707557 -3.0924713 -3.2344943 -3.3237282 -3.2818371 -3.1841977 -2.9938079 -2.7889689 -2.5582537 -2.3883831 -2.2786658 -2.2723723 -2.3297537 -2.4307307 -2.568577 -2.658974 -2.7230379 -2.6860754 -2.6045563 -2.4805911 -2.3149977 -2.2397171 -2.1357928 -2.2047542 -2.2804906 -2.4370882 -2.588792
-1.550155 -1.5627074 -1.5129617 -1.4894206 -1.4657322 -1.4888314 -1.5435518 -1.6151971 -1.7004755 -1.7731934 -1.8229392 -1.8497924 -1.8448178 -1.830477 -1.8056041 -1.7926332 -1.7876586 -1.7935696 -1.8234171 -1.8505254 -1.8803729 -1.8933664 -1.898341 -1.8910884 -1.9109867 -1.9076382 -2.0018513 -2.1197835 -2.3038429 -2.4763181 -2.7014831 -2.880551 -3.0148646 -3.0839456 -3.0420545 -2.954002 -2.7798919 -2.613353 -2.4143699 -2.2990932 -2.2205473 -2.253423 -2.3330162 -2.4540351 -2.5954178 -2.6875319 -2.7552297 -2.7157783 -2.648901 -2.528794 -2.402167 -2.3317031 -2.2737566 -2.3456116 -2.4301065 -2.5767256 -2.6959297
-1.6097637 -1.6299531 -1.6200039 -1.6073709 -1.6168463 -1.6488467 -1.7184908 -1.7931934 -1.8737341 -1.9453963 -1.9809647 -2.0021257 -1.9878012 -1.9695639 -1.9539393 -1.9454393 -1.9504138 -1.9591493 -1.979952 -2.0028588 -2.0014052 -1.9993374 -1.9512634 -1.9175812 -1.8719314 -1.8347831 -1.8447323 -1.9343343 -2.0501027 -2.1848978 -2.3600685 -2.5162757 -2.6272568 -2.6865543 -2.6794126 -2.6041458 -2.4947051 -2.3509258 -2.2409615 -2.1548182 -2.1443454 -2.1918795 -2.2963456 -2.4192423 -2.5556786 -2.643257 -2.695621 -2.660139 -2.6025387 -2.4922617 -2.3822974 -2.3235548 -2.2803798 -2.3411237 -2.4168602 -2.5282616 -2.6296978
-1.6959334 -1.7734737 -1.7833735 -1.7847912 -1.8155269 -1.8855287 -1.9619401 -2.0234465 -2.0894878 -2.1397995 -2.1517618 -2.1695076 -2.1480931 -2.11161 -2.0878088 -2.0793088 -2.0842834 -2.0908131 -2.1045897 -2.1079414 -2.0842965 -2.0647881 -1.9985847 -1.8807288 -1.7713807 -1.7099019 -1.6610946 -1.6736454 -1.7217549 -1.8276026 -1.9588656 -2.106577 -2.2160177 -2.2874606 -2.2996856 -2.3236786 -2.2620892 -2.1912109 -2.1255557 -2.0944049 -2.1058092 -2.1604345 -2.2632296 -2.367848 -2.494577 -2.5533014 -2.5990847 -2.5596334 -2.5007851 -2.4030018 -2.2931887 -2.242475 -2.1978311 -2.2309426 -2.286737 -2.360479 -2.4405191
-1.7905195 -1.8757273 -1.9254731 -1.994247 -2.0510993 -2.1347316 -2.2192994 -2.2826059 -2.3347205 -2.3666546 -2.36168 -2.3311216 -2.291325 -2.2436898 -2.2138423 -2.1890407 -2.1940153 -2.200545 -2.2104941 -2.2069051 -2.1720831 -2.1117428 -2.0023021 -1.8770114 -1.7377233 -1.5873946 -1.5078014 -1.4542251 -1.4741234 -1.5030229 -1.6129872 -1.7153379 -1.8247786 -1.9177854 -1.9701493 -2.009012 -1.9940882 -2.0023848 -1.9866757 -2.0210789 -2.0682064 -2.1537679 -2.2532594 -2.333493 -2.4382209 -2.4866419 -2.5075875 -2.4482783 -2.3783351 -2.2759221 -2.1721345 -2.1220185 -2.0761355 -2.103772 -2.1331645 -2.1907649 -2.2322945
-1.876621 -1.971719 -2.0811597 -2.1668086 -2.2757755 -2.3733888 -2.4629312 -2.5219026 -2.545591 -2.5719734 -2.5164498 -2.4635854 -2.382888 -2.3165448 -2.2687227 -2.2350362 -2.2350362 -2.2402841 -2.2502332 -2.2466443 -2.1987988 -2.1316124 -1.99643 -1.8571419 -1.6796988 -1.506453 -1.3621903 -1.2886454 -1.2630286 -1.2645881 -1.3480654 -1.437164 -1.5556767 -1.6528578 -1.7632271 -1.8235627 -1.9023917 -1.9430258 -2.0058626 -2.0637546 -2.1423005 -2.2284027 -2.2980468 -2.351545 -2.3984818 -2.4330878 -2.4016694 -2.3348901 -2.2458714 -2.1457854 -2.0462939 -1.9933781 -1.9436717 -1.9570153 -1.974208 -2.0104495 -2.040222
-1.9140336 -2.0623125 -2.1839423 -2.2931057 -2.4160418 -2.5355824 -2.6272501 -2.6730253 -2.6829968 -2.6649006 -2.5861164 -2.5178834 -2.427477 -2.3346042 -2.2792009 -2.2471204 -2.25 -2.2546653 -2.2675448 -2.2624516 -2.2186684 -2.1427616 -2.0053004 -1.8605335 -1.6764741 -1.500525 -1.3499947 -1.2291472 -1.1815865 -1.1699882 -1.2358552 -1.3317504 -1.456713 -1.5747148 -1.7030281 -1.8535444 -1.9594062 -2.0514945 -2.1353119 -2.2007757 -2.2756049 -2.3223768 -2.3781555 -2.3859579 -2.4062623 -2.360174 -2.318126 -2.226828 -2.1358351 -2.0512812 -1.9518519 -1.9147404 -1.8644832 -1.8743124 -1.8856398 -1.9170582 -1.9501224
-1.9266499 -2.0733125 -2.2225497 -2.3676284 -2.5097592 -2.6292997 -2.7238167 -2.7700398 -2.7653021 -2.7299368 -2.6354199 -2.53578 -2.4263394 -2.3401186 -2.2804237 -2.2460407 -2.2510153 -2.2646435 -2.2795672 -2.2834878 -2.2436912 -2.1777336 -2.0483946 -1.9213668 -1.7373075 -1.5680105 -1.4137986 -1.284495 -1.2297747 -1.1999519 -1.2575523 -1.3352214 -1.4645604 -1.6048303 -1.7671586 -1.9187835 -2.0530971 -2.177393 -2.2873573 -2.3707612 -2.4388344 -2.4680289 -2.4929018 -2.4675666 -2.4309118 -2.3501957 -2.261177 -2.1539729 -2.0440086 -1.9608029 -1.8770206 -1.8503747 -1.8216525 -1.8391827 -1.8614514 -1.8928698 -1.9303688
-1.8802876 -2.0306565 -2.1894338 -2.3350168 -2.4818852 -2.6015555 -2.6910979 -2.7347425 -2.7205294 -2.6842243 -2.5946819 -2.4960409 -2.3954284 -2.3158182 -2.2760216 -2.2480297 -2.2729025 -2.2933682 -2.3331648 -2.3450742 -2.3301505 -2.2704582 -2.1743981 -2.0694277 -1.925165 -1.7681641 -1.6437997 -1.5227377 -1.4630427 -1.4311423 -1.4730334 -1.5448016 -1.6542423 -1.7902796 -1.9479045 -2.0995871 -2.2438499 -2.3694655 -2.4794298 -2.5552416 -2.5977909 -2.6049508 -2.5723801 -2.5218549 -2.4242886 -2.3242886 -2.2015683 -2.0885977 -1.9711536 -1.9013721 -1.8306583 -1.8308144 -1.8216525 -1.8713983 -1.9081999 -1.9710367 -2.0186189
-1.8135455 -1.9581637 -2.1058926 -2.247553 -2.3850956 -2.4923164 -2.5767893 -2.6167681 -2.6090222 -2.5681808 -2.4873434 -2.4205214 -2.3334772 -2.2936805 -2.2637482 -2.2881508 -2.3295185 -2.3590566 -2.4023922 -2.4395235 -2.430437 -2.4183607 -2.3366487 -2.2673987 -2.1333867 -2.0560647 -1.9557273 -1.8482739 -1.78984 -1.7631205 -1.7986609 -1.8394901 -1.9376139 -2.0262546 -2.1700813 -2.2914784 -2.4243243 -2.5310525 -2.630542 -2.6906981 -2.7148406 -2.6942262 -2.6412076 -2.5307939 -2.4182139 -2.2958901 -2.1525376 -2.0246339 -1.9006134 -1.828517 -1.7737928 -1.7757419 -1.8042323 -1.854572 -1.9458521 -2.0163341 -2.1134305
-1.7380066 -1.8474703 -1.9817839 -2.1095823 -2.2327623 -2.3162721 -2.3908908 -2.4338043 -2.4338043 -2.428937 -2.3791912 -2.3328607 -2.2930641 -2.2972266 -2.3071758 -2.3384261 -2.3931465 -2.4523567 -2.5120516 -2.5646039 -2.5845022 -2.5869598 -2.5471632 -2.5210271 -2.4464084 -2.3798473 -2.2952795 -2.2198176 -2.1700718 -2.1243593 -2.1295957 -2.1380385 -2.1927588 -2.264049 -2.3687769 -2.4460031 -2.5504692 -2.6364453 -2.7149913 -2.7511957 -2.7511957 -2.7070219 -2.6324033 -2.5239461 -2.3877998 -2.2401177 -2.0882622 -1.9544101 -1.8287366 -1.7606785 -1.7083145 -1.7329949 -1.7674091 -1.8700792 -1.9818943 -2.097095 -2.2128708
-1.6585284 -1.7461724 -1.8294506 -1.9531367 -2.0242021 -2.0827923 -2.1275634 -2.1725401 -2.1867532 -2.1940218 -2.2089455 -2.1739042 -2.202646 -2.2523833 -2.3220274 -2.3693126 -2.4588549 -2.5269422 -2.6015609 -2.6599584 -2.7047296 -2.7128004 -2.7173274 -2.7252384 -2.7152892 -2.6687521 -2.6389047 -2.5774698 -2.527724 -2.4786362 -2.4315086 -2.4193663 -2.4044426 -2.4627446 -2.4943061 -2.5252974 -2.5700686 -2.6402832 -2.676938 -2.7065099 -2.691587 -2.6474132 -2.5727946 -2.4684737 -2.3414375 -2.1912145 -2.0352767 -1.8953971 -1.7625047 -1.6770141 -1.6089667 -1.6257285 -1.6548149 -1.7764157 -1.897546 -2.0598743 -2.1923864
-1.6024263 -1.6351862 -1.6928759 -1.7674788 -1.8079969 -1.8079969 -1.833272 -1.8682561 -1.8871232 -1.9191723 -1.9617752 -1.9852371 -2.0395369 -2.1439988 -2.2394694 -2.320355 -2.4186588 -2.505091 -2.5826809 -2.6557953 -2.7156773 -2.7517282 -2.7761955 -2.83806 -2.8687209 -2.8655302 -2.8642551 -2.8305051 -2.7839849 -2.7230549 -2.6470319 -2.5888151 -2.5371372 -2.5340986 -2.5355721 -2.5062178 -2.5266995 -2.5616685 -2.5912071 -2.6120992 -2.6039871 -2.5769632 -2.5149964 -2.4350466 -2.3212132 -2.1885013 -2.0354383 -1.8703625 -1.7310096 -1.5859338 -1.5065866 -1.4539583 -1.4773295 -1.5772164 -1.7161524 -1.901954 -2.0741574
-1.5525491 -1.5738078 -1.5837569 -1.5712246 -1.5712246 -1.5485072 -1.5485072 -1.5398156 -1.5635041 -1.601679 -1.6663485 -1.7490294 -1.8485209 -1.9605552 -2.0749705 -2.1861739 -2.29064 -2.3873306 -2.4669239 -2.5419941 -2.6116382 -2.6843723 -2.7490418 -2.8275656 -2.882286 -2.9536657 -2.9698919 -2.9692054 -2.9244342 -2.8702578 -2.7760027 -2.6822121 -2.6026189 -2.5216671 -2.4745395 -2.4360982 -2.4311236 -2.4322695 -2.4532151 -2.4677938 -2.4730302 -2.4666682 -2.4318462 -2.4109462 -2.3271639 -2.2081897 -2.0739339 -1.9225468 -1.7497821 -1.594675 -1.4237429 -1.3550854 -1.2707157 -1.3646799 -1.4594531 -1.6584361 -1.8557733
-1.4998364 -1.5087273 -1.4639561 -1.4317329 -1.3606675 -1.3183403 -1.2685946 -1.2463407 -1.2558161 -1.2903892 -1.3745416 -1.4642323 -1.5878232 -1.708874 -1.8328274 -1.9475562 -2.0420731 -2.1356495 -2.2105754 -2.2836898 -2.3671833 -2.4459375 -2.5608292 -2.6619859 -2.7663691 -2.8609411 -2.9156614 -2.9294663 -2.8935213 -2.8437651 -2.7354403 -2.6358498 -2.5177653 -2.4223193 -2.3445369 -2.2963058 -2.2764075 -2.273605 -2.2997869 -2.3215789 -2.3687064 -2.3824767 -2.4172988 -2.4257695 -2.4132653 -2.3058892 -2.2063977 -2.040103 -1.8358835 -1.6287276 -1.3773806 -1.2441431 -1.0852664 -1.1215016 -1.174656 -1.373639 -1.5709762
-1.4514016 -1.4068005 -1.3476373 -1.2874793 -1.1959753 -1.0937343 -1.024783 -0.99593108 -0.99772192 -1.0302249 -1.108788 -1.2070168 -1.328495 -1.4395967 -1.5515448 -1.656638 -1.7322253 -1.8174118 -1.8856188 -1.9692629 -2.0668572 -2.1615987 -2.2893104 -2.4435223 -2.5831879 -2.6872218 -2.7658064 -2.8023148 -2.7813329 -2.7302609 -2.6271867 -2.5157021 -2.399374 -2.2935176 -2.2132393 -2.1584902 -2.1412553 -2.1446238 -2.1760188 -2.2337262 -2.2979238 -2.3760505 -2.4344799 -2.4856001 -2.4991301 -2.4569847 -2.3674267 -2.1721278 -1.9648328 -1.6489943 -1.3929096 -1.1110634 -0.9464946 -0.88431315 -0.93160228 -1.1126463 -1.3396088
-1.3864544 -1.3418533 -1.2572855 -1.1556674 -1.0419628 -0.93527316 -0.84573079 -0.79555686 -0.79081917 -0.81116749 -0.88578614 -0.9740658 -1.0884811 -1.1817877 -1.2862538 -1.3689749 -1.4336444 -1.4938652 -1.5585347 -1.636721 -1.7411871 -1.8601871 -2.0143989 -2.1800723 -2.334686 -2.4780843 -2.5682828 -2.6370116 -2.6229983 -2.5934035 -2.4947476 -2.3975732 -2.283158 -2.1788928 -2.0951105 -2.0418443 -2.0269205 -2.0302511 -2.0669059 -2.1298318 -2.2188506 -2.3229666 -2.4224582 -2.5154542 -2.5782909 -2.5735328 -2.5159325 -2.3350378 -2.1098727 -1.7820502 -1.4469208 -1.1384344 -0.85504237 -0.76076913 -0.7312216 -0.90185366 -1.1153122
-1.2998109 -1.256698 -1.1721302 -1.067809 -0.944629 -0.83504808 -0.74053113 -0.68911276 -0.68437507 -0.70417228 -0.76884177 -0.85199505 -0.94153742 -1.0244527 -1.0940967 -1.1624449 -1.197267 -1.2452791 -1.2950249 -1.3670839 -1.4765246 -1.5977227 -1.7668583 -1.938799 -2.1178837 -2.2722924 -2.3867077 -2.4667011 -2.4766502 -2.4585743 -2.3852647 -2.2993066 -2.2097642 -2.1156548 -2.0423453 -1.9915558 -1.9716575 -1.9721381 -1.9983201 -2.0588691 -2.1478878 -2.2607759 -2.3901149 -2.5027037 -2.6179045 -2.6344368 -2.6223766 -2.449009 -2.2376057 -1.891892 -1.5320761 -1.1821341 -0.85504237 -0.70580508 -0.63897005 -0.77511635 -0.97387556
-1.2096365 -1.1855953 -1.1127037 -1.0055409 -0.89920402 -0.81872359 -0.74182824 -0.69558711 -0.70014266 -0.72169835 -0.78990647 -0.8631141 -0.94671856 -1.0113965 -1.062839 -1.1148178 -1.1348752 -1.1696972 -1.2082169 -1.273005 -1.37486 -1.5017413 -1.6691519 -1.836118 -2.0113082 -2.1741726 -2.2925332 -2.3848341 -2.4107682 -2.4090069 -2.3635665 -2.2932081 -2.2216555 -2.1374918 -2.0687194 -2.0093048 -1.967009 -1.9445255 -1.9392797 -1.973343 -2.0383319 -2.1423852 -2.2646676 -2.4010133 -2.5274676 -2.5898806 -2.5954091 -2.4731611 -2.2767566 -1.9601464 -1.5985927 -1.2517952 -0.90746254 -0.74288479 -0.65288703 -0.77253716 -0.9514756
