P2_models/J1_p2_vp_slide_diff2_25.dat.tif
NCOLS 118
NROWS 92
XLLCORNER 139.62
YLLCORNER -39.07
DX 0.099491525
DY 0.099347826
NODATA_VALUE -9999
[rows 26 to 51 of 92, columns 0 to 56 of 118]
-9999 0.26902442 0.26972461 0.27042481 0.271125 0.28480167 0.30080822 0.31627356 0.33111427 0.34390514 0.33333458 0.32276401 0.31219344 0.3010517 0.28876616 0.27648061 0.28277527 0.28928484 0.2957944 0.3032579 0.31292218 0.32258645 0.33225073 0.35223636 0.37865053 0.39741543 0.39567838 0.39394132 0.41510657 0.43707025 0.45903393 0.47354312 0.4736824 0.47382169 0.47396098 0.47810966 0.48384222 0.4807892 0.46516715 0.45041413 0.44078215 0.43115017 0.42151819 0.41280752 0.40475918 0.39464768 0.3807796 0.36691153 0.35304346 0.34388623 0.33554315 0.32097615 0.30326613 0.2855561 0.26874027 0.25502181 0.2416298
-9999 0.24841376 0.24911396 0.25201491 0.26802147 0.28402802 0.30003458 0.31549992 0.33034063 0.34518134 0.36002205 0.35492332 0.34435276 0.33321102 0.32092547 0.30863993 0.29635438 0.29748505 0.30399461 0.31145811 0.32112239 0.33078667 0.35537436 0.38178853 0.4082027 0.42696761 0.42523055 0.4234935 0.42175644 0.43691341 0.45887709 0.47338627 0.47352556 0.47366485 0.47923146 0.48496402 0.49069659 0.48764357 0.47202151 0.45639945 0.4407774 0.4306232 0.42099122 0.41228056 0.40423222 0.39618388 0.38730041 0.37343234 0.35956427 0.35040704 0.34206396 0.33372089 0.32093144 0.30322141 0.28640558 0.27268712 0.25896866
-9999 0.22780311 0.23523471 0.25124127 0.26724782 0.28325438 0.29926093 0.31472627 0.32956698 0.3444077 0.35924841 0.37408912 0.37651207 0.36537033 0.35308479 0.34079924 0.3285137 0.31622815 0.31219482 0.31965833 0.33209819 0.35851236 0.38492654 0.41134071 0.43775488 0.45651978 0.45478273 0.45304567 0.45130862 0.44957156 0.45872025 0.47322943 0.47462069 0.48035326 0.48608582 0.49181839 0.49755096 0.49449793 0.47887588 0.46325382 0.44763176 0.43200971 0.42046425 0.41175359 0.40370525 0.39565691 0.38760857 0.37956023 0.36608508 0.35692785 0.34858477 0.3402417 0.33189862 0.32088673 0.30407089 0.29035243 0.27663397
-9999 0.21944893 0.23545549 0.25146204 0.2674686 0.28347515 0.29948171 0.31288881 0.32772953 0.34257024 0.35741095 0.37225166 0.38709237 0.39692956 0.38464401 0.37235847 0.36007292 0.34778737 0.33550183 0.3349185 0.36133267 0.38774684 0.41416101 0.44057518 0.46698935 0.48403854 0.48230148 0.48056443 0.47882737 0.47709032 0.47535327 0.47616759 0.48190016 0.48763272 0.49336529 0.49909786 0.50483042 0.50017804 0.48455598 0.46893392 0.45331187 0.43768981 0.42206775 0.41075708 0.40270874 0.3946604 0.38661206 0.37856372 0.37051538 0.36095562 0.35261254 0.34426947 0.33592639 0.32758332 0.31868195 0.30496349 0.29124503
-9999 0.22785608 0.24386264 0.25986919 0.27587575 0.2918823 0.29661047 0.30437318 0.3171344 0.33197511 0.34681582 0.36165653 0.37649724 0.39202638 0.40893413 0.39897755 0.38669201 0.37440646 0.36212092 0.36153759 0.38795176 0.41436593 0.4407801 0.46719427 0.47232976 0.47361238 0.49084988 0.49134346 0.4896064 0.48786935 0.48613229 0.48694662 0.49267918 0.49841175 0.50414432 0.50987688 0.50677801 0.49691921 0.48056917 0.46494712 0.44932506 0.433703 0.41808095 0.40644466 0.39784683 0.38979849 0.38175015 0.37370181 0.36565347 0.3490165 0.33611679 0.32777371 0.31943064 0.31108756 0.30266309 0.2939567 0.28071247
-9999 0.23626323 0.25226979 0.26827634 0.28182088 0.28530422 0.28878757 0.29655028 0.30925192 0.32195356 0.33622069 0.3510614 0.36590211 0.38143125 0.398339 0.41524676 0.41331109 0.40102555 0.38874 0.38815667 0.41457084 0.44098502 0.46739919 0.46399421 0.45932407 0.4606067 0.47784419 0.49508169 0.50038543 0.49864838 0.49691132 0.49772564 0.50345821 0.50919078 0.51432554 0.50902837 0.50373121 0.4938724 0.47748752 0.46110264 0.44533825 0.4297162 0.41409414 0.40245786 0.39368689 0.38493658 0.37688823 0.36883989 0.36079155 0.34415459 0.32603327 0.31127796 0.30293488 0.29459181 0.28616734 0.27746094 0.26875455
-9999 0.24467038 0.26067694 0.27051463 0.27399798 0.27748132 0.28096467 0.28872738 0.30142902 0.31413066 0.3268323 0.34046627 0.35530698 0.37083612 0.38774388 0.40465163 0.42155939 0.42764464 0.41535909 0.41477576 0.44118993 0.46032878 0.45565865 0.45098852 0.44631839 0.44760101 0.46483851 0.482076 0.4993135 0.5094274 0.50769035 0.50850467 0.51423724 0.51657589 0.51127873 0.50598156 0.5006844 0.49082559 0.47444071 0.45805583 0.44167095 0.42572939 0.41010733 0.39847105 0.38970009 0.38092912 0.37215816 0.36397798 0.35592964 0.33929267 0.32117136 0.30305004 0.28643913 0.27809605 0.26967158 0.26096519 0.25225879
-9999 0.25307753 0.25920839 0.26269173 0.26617508 0.26965842 0.27314177 0.28090447 0.29360612 0.30630776 0.3190094 0.33171104 0.34471185 0.36024099 0.37714875 0.3940565 0.41096426 0.42787201 0.44197818 0.44139485 0.45199323 0.4473231 0.44265296 0.43798283 0.4333127 0.43459532 0.45183282 0.46907032 0.48630781 0.50354531 0.51846938 0.5192837 0.51882625 0.51352909 0.50823192 0.50293476 0.49763759 0.48777879 0.4713939 0.45500902 0.43862414 0.42223926 0.40612053 0.39448424 0.38571328 0.37694231 0.36817135 0.35940039 0.35106773 0.33443076 0.31630944 0.29818813 0.28006681 0.2619455 0.25317583 0.24446943 0.23576303
-9999 0.25253621 0.25601955 0.2595029 0.26298624 0.26646959 0.26995293 0.27837978 0.29086427 0.30356591 0.31626755 0.3289692 0.34167084 0.35367634 0.36958562 0.38649337 0.40340113 0.42030889 0.43721664 0.44759957 0.44292943 0.4382593 0.43358917 0.42891904 0.42424891 0.42626328 0.44062248 0.45785997 0.47509747 0.49233497 0.50957246 0.51911286 0.51381569 0.50851853 0.50322136 0.4979242 0.49262703 0.48368807 0.46751372 0.45112884 0.43474396 0.41835908 0.4019742 0.3850829 0.37631194 0.36754097 0.35877001 0.34999905 0.34122808 0.32641131 0.30829 0.29016868 0.27204737 0.25392605 0.23976594 0.23300101 0.22429461
-9999 0.25699023 0.26047357 0.26395692 0.26744027 0.27293955 0.28341731 0.29209562 0.29869712 0.30920412 0.32190576 0.3346074 0.34730904 0.35931454 0.36992598 0.38393085 0.4008386 0.41774636 0.43465411 0.44503704 0.44036691 0.43569678 0.43102664 0.426949 0.43128119 0.43542595 0.43906835 0.44961065 0.46684814 0.48408564 0.50132314 0.51086353 0.50556637 0.5002692 0.49497204 0.48951606 0.48331453 0.47428048 0.46119408 0.44587421 0.42948932 0.41310444 0.39671956 0.37861582 0.35927641 0.34920957 0.34043861 0.33166764 0.32289668 0.30973338 0.29506292 0.2769416 0.25882029 0.24069897 0.22653885 0.22609985 0.22111764
-9999 0.26144425 0.2649276 0.26841094 0.27617761 0.28665538 0.29713314 0.30581145 0.31241295 0.31901446 0.32754396 0.34024561 0.35294725 0.36495275 0.37556418 0.38617562 0.39827608 0.41518383 0.43209159 0.44247451 0.43780438 0.43313425 0.43177948 0.43611167 0.44044387 0.44458863 0.44823103 0.45187343 0.45859882 0.47583632 0.49307381 0.50261421 0.49731704 0.49201988 0.48631 0.48010847 0.47390694 0.46487289 0.45178649 0.4387001 0.42423469 0.40784981 0.39146492 0.37336118 0.35402178 0.33468237 0.32210721 0.31333624 0.30456528 0.29140198 0.27747956 0.26355714 0.2455932 0.22747189 0.21331177 0.21287276 0.21243376
-9999 0.26589827 0.26938162 0.27941568 0.28989345 0.30037121 0.31084897 0.31952728 0.32612879 0.33273029 0.3393318 0.34593331 0.35858545 0.37059095 0.38120239 0.39181382 0.40242526 0.41303669 0.42952906 0.43991199 0.43524186 0.43660997 0.44094216 0.44527435 0.44960654 0.45375131 0.45739371 0.46103611 0.46467851 0.46832091 0.48482449 0.49436488 0.48906772 0.48310393 0.4769024 0.47070088 0.46449935 0.4554653 0.4423789 0.42929251 0.41620611 0.40259517 0.38621029 0.36810655 0.34876714 0.32942773 0.31008833 0.29500484 0.28623388 0.27307057 0.25914816 0.24522574 0.23130332 0.2142448 0.20008469 0.19964568 0.19920667
-9999 0.27217599 0.28265375 0.29313151 0.30360928 0.31408704 0.3245648 0.33324311 0.33984462 0.34644612 0.35304763 0.35964914 0.36625065 0.37622916 0.38684059 0.39745203 0.40806346 0.4186749 0.42928633 0.43734946 0.44144045 0.44577264 0.45010484 0.45443703 0.45876922 0.46291398 0.46655639 0.47019879 0.47384119 0.47748359 0.48112599 0.48609939 0.47989787 0.47369634 0.46749481 0.46129329 0.45509176 0.4460577 0.43297131 0.41988491 0.40679852 0.39371212 0.38062573 0.36285191 0.3435125 0.3241731 0.30483369 0.28549428 0.26790248 0.25473917 0.24081676 0.22689434 0.21297192 0.1990495 0.1868576 0.1864186 0.18597959
-9999 0.28340659 0.29388435 0.30436211 0.31483987 0.32531763 0.33233267 0.33692213 0.34352364 0.35012515 0.35672666 0.36332816 0.36919135 0.37488414 0.38411608 0.39472752 0.40533895 0.41595039 0.42656182 0.43527451 0.4396067 0.44393889 0.44827108 0.45260328 0.45886751 0.46677167 0.46541096 0.46905336 0.47269576 0.47633816 0.47998057 0.4802606 0.47405908 0.46785755 0.46165603 0.4554545 0.44609061 0.43200516 0.41891877 0.40583237 0.39274598 0.37965958 0.36983574 0.3473284 0.32304224 0.30370283 0.28436342 0.26502401 0.24568461 0.23096395 0.21704153 0.20311911 0.18919669 0.17550187 0.1659337 0.16549469 0.16505569
-9999 0.29379664 0.3042744 0.31475216 0.32522993 0.329771 0.33261711 0.33720657 0.34380808 0.35040959 0.35701109 0.36213227 0.36644482 0.3721376 0.38059438 0.38917462 0.39978606 0.41039749 0.42100893 0.42972161 0.4340538 0.438386 0.44271819 0.45136756 0.46358546 0.47148961 0.46783186 0.46442159 0.46806399 0.4717064 0.4753488 0.47562884 0.46942731 0.46322578 0.45702426 0.44525085 0.43046708 0.41638164 0.40329524 0.39020885 0.37712245 0.36891578 0.36207214 0.3395648 0.30579703 0.27808642 0.25874702 0.23940761 0.2200682 0.20534754 0.19142512 0.1775027 0.16417849 0.15197479 0.14240662 0.14196761 0.14152861
-9999 0.30418669 0.31466446 0.32436322 0.32720933 0.33005544 0.33290155 0.33749101 0.34409252 0.35069402 0.35507318 0.35938573 0.36369828 0.36939107 0.37784785 0.38630462 0.3947614 0.4048446 0.41545603 0.42416872 0.42850091 0.4328331 0.44386762 0.45608551 0.4683034 0.47620755 0.4725498 0.46889206 0.46523431 0.46707463 0.47071703 0.47099707 0.46479554 0.45859402 0.44441109 0.42962732 0.41484356 0.40075811 0.38767172 0.37483947 0.36799583 0.36115218 0.35430854 0.3318012 0.29803343 0.26426565 0.23313061 0.2137912 0.1944518 0.17973114 0.16580872 0.15285512 0.14065141 0.12844771 0.11887954 0.11844054 0.11800153
-9999 0.31457675 0.32180155 0.32464766 0.32749377 0.33033988 0.33318599 0.33777545 0.34370155 0.3480141 0.35232665 0.3566392 0.36095175 0.36664453 0.37510131 0.38355809 0.39201487 0.40047165 0.40990313 0.41861582 0.42414978 0.43636767 0.44858556 0.46080345 0.47302134 0.48092549 0.47726775 0.47361 0.46995225 0.4662945 0.46608526 0.4663653 0.4583551 0.44357133 0.42878756 0.4140038 0.39922003 0.38513459 0.37391952 0.36707587 0.36023223 0.35338858 0.34654494 0.3240376 0.29026982 0.25650205 0.22273428 0.18896651 0.16883539 0.15411473 0.14153174 0.12932804 0.11712434 0.10492064 0.095352467 0.097484619 0.11410717
-9999 0.32271726 0.32556337 0.32840948 0.33125559 0.3341017 0.33694781 0.33918085 0.3434934 0.34780595 0.3521185 0.35643105 0.3607436 0.36655838 0.37501516 0.38347194 0.39192872 0.4003855 0.40884228 0.41843636 0.43065425 0.44287214 0.45509004 0.46730793 0.47952582 0.4821356 0.47847785 0.4748201 0.47116236 0.46750461 0.46384686 0.45638883 0.44160507 0.4268213 0.41203753 0.39725377 0.38247 0.37088947 0.36404582 0.35720218 0.35035853 0.34351489 0.33667124 0.31558195 0.28181417 0.2480464 0.21427863 0.18051086 0.14674308 0.13290279 0.12069909 0.10849539 0.09629169 0.084087988 0.075867024 0.09248957 0.10911212
-9999 0.35270572 0.35555183 0.35839794 0.36124405 0.36409016 0.36791006 0.36755455 0.36242994 0.36674249 0.37105504 0.37536759 0.37968014 0.38564519 0.39491946 0.40345058 0.41190736 0.42036414 0.42882092 0.438415 0.45063289 0.46285078 0.47506867 0.48728656 0.48851237 0.47947238 0.45580369 0.44957392 0.44591617 0.44225843 0.43860068 0.43114265 0.41635888 0.40157512 0.38679135 0.37200758 0.36613343 0.35630233 0.33825766 0.33141402 0.32457037 0.31772673 0.31088308 0.29419485 0.26813905 0.23437128 0.20060351 0.16683573 0.13306796 0.1271205 0.12018798 0.10798428 0.095780577 0.083576875 0.073850221 0.072703759 0.087459998
-9999 0.38269418 0.38554029 0.3883864 0.39145455 0.39536848 0.39928241 0.3989269 0.3936439 0.3883609 0.38999158 0.39430413 0.39861668 0.40458173 0.413856 0.42313027 0.43188599 0.44034277 0.44879955 0.45839364 0.47061153 0.48282942 0.49504731 0.49193206 0.48835003 0.47931005 0.45564135 0.43197265 0.42066999 0.41701224 0.41335449 0.40589646 0.3911127 0.37632893 0.36226055 0.35845373 0.35464692 0.34481582 0.32636615 0.30791647 0.29878221 0.29193857 0.28509492 0.26840669 0.24464131 0.22069616 0.18692838 0.15316061 0.11939284 0.11344538 0.11230602 0.10747317 0.095269464 0.083065762 0.073339108 0.072192646 0.071046184
-9999 0.41268263 0.41552874 0.41891297 0.4228269 0.42674083 0.43065476 0.43029925 0.42501625 0.41973325 0.41445025 0.41324068 0.41755323 0.42351827 0.43279254 0.44206681 0.45134108 0.46032141 0.46877819 0.47837227 0.49059016 0.49893378 0.49535175 0.49176972 0.4881877 0.47914771 0.45547901 0.43181031 0.40814162 0.39176606 0.38810831 0.38065028 0.36586651 0.35458085 0.35077404 0.34696722 0.3431604 0.33332931 0.31487964 0.29642996 0.27798029 0.26615041 0.25930676 0.24261853 0.21885315 0.19508776 0.17132238 0.13948549 0.10571772 0.099770255 0.098630899 0.097491543 0.094758351 0.082554649 0.072827996 0.071681533 0.070535071
-9999 0.44267109 0.44637139 0.45028532 0.45419925 0.45811318 0.46202712 0.4616716 0.4563886 0.4511056 0.4458226 0.4405396 0.43648977 0.44245481 0.45172908 0.46100335 0.47027762 0.47955189 0.48875683 0.49835091 0.50235346 0.49877144 0.49518941 0.49160738 0.48802536 0.47898537 0.45531667 0.43164798 0.40797928 0.38431058 0.36286212 0.35540409 0.34690116 0.34309434 0.33928752 0.33548071 0.33167389 0.3218428 0.30339313 0.28494345 0.26649378 0.2480441 0.23351861 0.21683037 0.19306499 0.1692996 0.14553422 0.12176884 0.092042593 0.086095132 0.084955776 0.083816421 0.082677065 0.081537709 0.072316883 0.071170421 0.070023958
-9999 0.46950715 0.47342108 0.47733502 0.48124895 0.48516288 0.48907681 0.49268999 0.48740699 0.48212399 0.47684099 0.47155799 0.46627499 0.45390148 0.46005381 0.46932808 0.47860235 0.48787662 0.49715088 0.5025376 0.49895557 0.49537355 0.49179152 0.48820949 0.48462747 0.47830658 0.45538995 0.43172125 0.40805256 0.38438386 0.36071516 0.34383064 0.34002382 0.336217 0.33241019 0.32860337 0.32479656 0.31428445 0.29583477 0.2773851 0.25893543 0.24048575 0.22226765 0.20779483 0.18402945 0.16026407 0.13649868 0.1127333 0.088967917 0.084494402 0.083355046 0.08221569 0.081076335 0.079936979 0.081104942 0.079958479 0.078812017
-9999 0.48968712 0.49360106 0.49751499 0.50142892 0.50792854 0.519434 0.52314584 0.51786284 0.51257984 0.50729684 0.49953038 0.48238897 0.46830581 0.46034699 0.46078814 0.47006241 0.47933668 0.48861094 0.49399766 0.49041564 0.48683361 0.48325158 0.48009068 0.48009764 0.47454505 0.45409145 0.43216898 0.40850028 0.38483159 0.36116289 0.34427836 0.34047155 0.33666473 0.33285792 0.32874635 0.32359269 0.31296886 0.29451919 0.27606951 0.25761984 0.2402448 0.22473236 0.21137481 0.19956639 0.17785239 0.154087 0.13032162 0.10655623 0.10208272 0.10094336 0.099804009 0.098664653 0.10207932 0.10467157 0.10352511 0.10237865
-9999 0.5098671 0.51378103 0.51769496 0.52687892 0.53838439 0.54988985 0.55360169 0.54831869 0.54303569 0.53107612 0.51393471 0.4967933 0.48271014 0.47475132 0.46679249 0.46152247 0.47079674 0.48007101 0.48545772 0.4818757 0.47829367 0.47632218 0.47632915 0.47633611 0.47078352 0.45032992 0.42987631 0.40894801 0.38527931 0.36161062 0.34472609 0.34091927 0.33711246 0.33258442 0.32743076 0.3222771 0.31165328 0.2932036 0.27475393 0.25822196 0.24270951 0.22719707 0.21383952 0.2020311 0.19022267 0.17167532 0.14790994 0.12414455 0.11967104 0.11853168 0.11830276 0.12197436 0.12564595 0.1282382 0.12709174 0.12594528
-9999 0.53004707 0.53432385 0.54582931 0.55733477 0.56884023 0.5803457 0.58405754 0.57877454 0.56262186 0.54548045 0.52833904 0.51119763 0.49711447 0.48915565 0.48119682 0.473238 0.46527917 0.47153107 0.47691778 0.47333576 0.47255369 0.47256065 0.47256762 0.47257458 0.46702199 0.44656839 0.42611478 0.40566118 0.38520758 0.36205835 0.34517382 0.341367 0.3364225 0.33126884 0.32611518 0.32096152 0.31033769 0.29188802 0.27619911 0.26068667 0.24517422 0.22966178 0.21630423 0.20449581 0.19268738 0.18087896 0.16549826 0.14173287 0.13725936 0.1381978 0.14186939 0.14554099 0.14921258 0.15180483 0.15065837 0.1327096
