P2_models/J1_p2_vp_slide_diff2_10.dat.tif
NCOLS 118
NROWS 92
XLLCORNER 139.62
YLLCORNER -39.07
DX 0.099491525
DY 0.099347826
NODATA_VALUE -9999
[rows 0 to 24 of 92, columns 0 to 56 of 118]
-9999 -9999 -9999 -9999 -9999 -9999 -9999 -9999 -9999 -9999 -9999 -9999 -9999 -9999 -9999 -9999 -9999 -9999 -9999 -9999 -9999 -9999 -9999 -9999 -9999 -9999 -9999 -9999 -9999 -9999 -9999 -9999 -9999 -9999 -9999 -9999 -9999 -9999 -9999 -9999 -9999 -9999 -9999 -9999 -9999 -9999 -9999 -9999 -9999 -9999 -9999 -9999 -9999 -9999 -9999 -9999 -9999
-9999 0.003644934 -0.0061411176 -0.015927169 -0.025713221 -0.035499273 -0.045285324 -0.055071376 -0.068088143 -0.083419624 -0.098751105 -0.11408259 -0.12941407 -0.14212458 -0.1458012 -0.14513792 -0.14447464 -0.14381137 -0.14314809 -0.14088029 -0.1349108 -0.12894131 -0.12297182 -0.11700233 -0.11160865 -0.10739359 -0.095215516 -0.080881992 -0.066548467 -0.052214942 -0.037881417 -0.023317499 -0.0083094549 0.0066985887 0.021706632 0.036714676 0.050297369 0.063153217 0.080846632 0.098686492 0.11652635 0.13436621 0.15220607 0.17114193 0.18941042 0.20721416 0.22501791 0.24282166 0.2606254 0.26866076 0.28074187 0.29282299 0.3049041 0.31698522 0.3235341 0.31231969 0.30308119
-9999 0.023307525 0.013521473 0.0037354212 -0.0060506304 -0.015836682 -0.025622734 -0.035408785 -0.045194837 -0.056719896 -0.072051377 -0.087382858 -0.10271434 -0.11542485 -0.12288671 -0.12857995 -0.12791667 -0.12725339 -0.12659012 -0.12432232 -0.11835283 -0.11238334 -0.10641385 -0.10204906 -0.10022504 -0.096009983 -0.085386312 -0.074051829 -0.059718304 -0.045384779 -0.031051254 -0.016487336 -0.0014792919 0.013528752 0.028536795 0.040892451 0.050504344 0.063360192 0.080856977 0.098479517 0.11631938 0.13415924 0.1519991 0.17093496 0.19065871 0.20928391 0.22708766 0.2448914 0.26269515 0.27046912 0.27650968 0.2878556 0.29993671 0.31201782 0.3185667 0.3059526 0.29418128
-9999 0.042970115 0.033184064 0.023398012 0.01361196 0.0038259085 -0.0059601432 -0.015746195 -0.025532247 -0.035318298 -0.045351649 -0.06068313 -0.076014611 -0.088725121 -0.096186985 -0.10364885 -0.11111071 -0.11069542 -0.11003215 -0.10776435 -0.10179486 -0.095825367 -0.092489461 -0.09066545 -0.088841439 -0.084626378 -0.074002707 -0.063379036 -0.052755364 -0.038554616 -0.024221091 -0.0096571725 0.0053508711 0.020358915 0.031487532 0.041099425 0.050711319 0.063567167 0.081063952 0.098560738 0.1161124 0.13395226 0.15179212 0.17072798 0.19045174 0.2101755 0.2291574 0.24696115 0.2647649 0.27253887 0.27857943 0.28461998 0.29496932 0.30705043 0.31359931 0.30098521 0.28837111
-9999 0.062632706 0.052846654 0.043060602 0.033274551 0.023488499 0.013702447 0.0039163957 -0.005869656 -0.015655708 -0.025441759 -0.035227811 -0.049314882 -0.062025392 -0.069487257 -0.076949121 -0.084410986 -0.09187285 -0.093474176 -0.091206379 -0.085236887 -0.082929868 -0.081105856 -0.079281845 -0.077457834 -0.073242773 -0.062619102 -0.051995431 -0.041371759 -0.030748088 -0.017390928 -0.0028270095 0.012181034 0.022082614 0.031694507 0.0413064 0.050918293 0.063774141 0.081270927 0.098767712 0.1162645 0.13376128 0.15158515 0.17052101 0.19024476 0.20996852 0.22969228 0.24903089 0.26683464 0.27460862 0.28064917 0.28668973 0.29273029 0.30208304 0.30863192 0.29601782 0.28340371
-9999 0.082295296 0.072509245 0.062723193 0.052937141 0.04315109 0.033365038 0.023578986 0.013792935 0.0040068829 -0.0057791688 -0.01556522 -0.025351272 -0.035325664 -0.042787528 -0.050249393 -0.057711257 -0.065173122 -0.072634986 -0.075194285 -0.073370274 -0.071546262 -0.069722251 -0.06789824 -0.066074229 -0.061859168 -0.051235497 -0.040611826 -0.029988154 -0.019364483 -0.0087408115 0.0030658021 0.012677695 0.022289588 0.031901482 0.041513375 0.051125268 0.063981116 0.081477901 0.098974687 0.11647147 0.13396826 0.15146504 0.17031403 0.19003779 0.20976155 0.22948531 0.24920907 0.26890439 0.27667836 0.28271892 0.28875948 0.29480003 0.30084059 0.30366453 0.29105043 0.27843632
-9999 0.10231903 0.092532974 0.082746922 0.07296087 0.063174819 0.054624866 0.045974824 0.036188773 0.026402721 0.016616669 0.0068306177 -0.0037660209 -0.013864134 -0.02107151 -0.028533375 -0.035995239 -0.043457104 -0.050918968 -0.055572923 -0.053748911 -0.0519249 -0.050100889 -0.048276878 -0.048982862 -0.052193362 -0.048948778 -0.038325107 -0.027701436 -0.017077764 -0.006454093 0.003823988 0.013435881 0.023047774 0.032659667 0.042271561 0.051300936 0.063462012 0.080958798 0.098455583 0.11595237 0.13344915 0.14873137 0.1664951 0.18654255 0.20626631 0.22599007 0.24571383 0.26543759 0.27349449 0.27953505 0.28557561 0.29161617 0.29712144 0.29732861 0.28471451 0.27210041
-9999 0.12239997 0.11261392 0.10282787 0.093041814 0.085119469 0.077453728 0.068803687 0.059017635 0.049231583 0.039445532 0.028317841 0.016737679 0.0066395665 -0.00049065951 -0.0076208855 -0.015068782 -0.022530647 -0.029992511 -0.034646466 -0.032822454 -0.030998443 -0.029174432 -0.031748342 -0.036722918 -0.039933418 -0.03841575 -0.036898083 -0.026855922 -0.016232251 -0.0056085796 0.0046695015 0.014281395 0.023893288 0.033505181 0.042235316 0.050666801 0.062827877 0.080324663 0.097821448 0.11531823 0.12980363 0.14386967 0.1616334 0.18205534 0.20225012 0.22197388 0.24169764 0.2614214 0.26947831 0.27551886 0.28155942 0.28666012 0.29056871 0.29077589 0.27816178 0.26554768
-9999 0.14248091 0.13269486 0.12327981 0.11561407 0.10794833 0.10028259 0.091632549 0.081846497 0.071981863 0.060401702 0.048821541 0.03724138 0.027143267 0.020013041 0.012882815 0.0057525888 -0.0016041896 -0.009066054 -0.013720009 -0.011895997 -0.010071986 -0.014513821 -0.019488397 -0.024462973 -0.027673473 -0.026155806 -0.024638139 -0.023120471 -0.015386737 -0.0047630661 0.0055150149 0.015126908 0.02473821 0.033169695 0.04160118 0.050032666 0.062193742 0.079690528 0.09680984 0.11087588 0.12494193 0.13900797 0.1567717 0.17719364 0.19761559 0.21795769 0.23768145 0.25740521 0.26546212 0.27150267 0.27619879 0.28010739 0.28401598 0.28422316 0.27160905 0.25900768
-9999 0.16256186 0.15377441 0.14610867 0.13844293 0.13077719 0.12311145 0.11446141 0.10406572 0.092485563 0.080905402 0.069325241 0.05774508 0.047646967 0.040516741 0.033386515 0.026256289 0.019126063 0.011860403 0.0072064482 0.0076952762 0.0027206999 -0.0022538764 -0.0072284526 -0.012203029 -0.015413529 -0.013895861 -0.012378194 -0.010860527 -0.0093428594 -0.0039175527 0.0063605283 0.01567259 0.024104075 0.03253556 0.040967045 0.049398531 0.061559607 0.077882095 0.091948138 0.10601418 0.12008022 0.13414627 0.15191 0.17233194 0.19275388 0.21317583 0.23359777 0.25338902 0.26144593 0.26573747 0.26964606 0.27355466 0.27746325 0.27767043 0.2662828 0.26006458
-9999 0.18228803 0.17462229 0.16695655 0.15929081 0.15162507 0.14395933 0.13379141 0.12221124 0.11063108 0.099050922 0.087470761 0.0758906 0.066450096 0.05931987 0.052189644 0.045059418 0.037929192 0.030798966 0.024320576 0.019346 0.014371424 0.0093968473 0.004422271 -0.00055230524 -0.0043108123 -0.002793145 -0.0012754777 0.00024218967 0.001759857 0.0032775243 0.0071567257 0.015588211 0.024019696 0.032451181 0.040882667 0.049314152 0.05907736 0.073143403 0.087209446 0.10127549 0.11534153 0.12940758 0.14497927 0.16540122 0.18582316 0.20624511 0.22666705 0.247089 0.25343099 0.25733959 0.26124818 0.26515678 0.26906537 0.27254118 0.26632296 0.26010474
-9999 0.19015307 0.18248733 0.17482158 0.16715584 0.1594901 0.14814962 0.13648208 0.12490192 0.11332175 0.10174159 0.090161432 0.081595545 0.074108157 0.066977931 0.059847706 0.05271748 0.045587254 0.038457028 0.031978638 0.027004061 0.022029485 0.017054909 0.012080333 0.0080146547 0.0044872918 0.0012833275 0.0022430912 0.0037607585 0.0052784258 0.0067960932 0.010675295 0.01910678 0.027538265 0.03596975 0.044401235 0.047968332 0.055144842 0.069210885 0.083276928 0.097342971 0.11140901 0.12108396 0.13152871 0.14491073 0.16533267 0.18575462 0.20617656 0.22659851 0.2329405 0.2368491 0.24075769 0.24466629 0.25504118 0.26591799 0.25969977 0.25348155
-9999 0.1980181 0.19035236 0.18268662 0.17432682 0.16258356 0.15084029 0.13917275 0.12759259 0.11601242 0.10458509 0.096919347 0.089253607 0.081766219 0.074635993 0.067505767 0.060375541 0.053245315 0.046115089 0.039636699 0.034662123 0.029687547 0.02471297 0.020976536 0.017328513 0.013801151 0.010597186 0.0073932218 0.0072793274 0.0087969947 0.010314662 0.014193863 0.022625349 0.031056834 0.039314182 0.041674998 0.044035814 0.051212324 0.065278367 0.07934441 0.092694042 0.10212858 0.11156312 0.12200788 0.13317885 0.14484219 0.16526413 0.18568607 0.20610802 0.21245001 0.21635861 0.2202672 0.23260594 0.24841799 0.2592948 0.25307658 0.24685836
-9999 0.20588314 0.1982174 0.18876075 0.17701749 0.16527423 0.15353096 0.14186342 0.13028326 0.11990889 0.11224315 0.10457741 0.096911668 0.089424281 0.082294055 0.075163829 0.068033603 0.060903377 0.053773151 0.047294761 0.042320185 0.03758644 0.033938417 0.030290395 0.026642372 0.023115009 0.019911045 0.01670708 0.013503116 0.012315564 0.013833231 0.017712432 0.026143917 0.033020848 0.035381664 0.03774248 0.040103296 0.047279805 0.061345849 0.073738668 0.083173209 0.09260775 0.10204229 0.11248704 0.12365802 0.134829 0.14599998 0.16519559 0.18561753 0.19195952 0.19586812 0.21017071 0.22598275 0.2417948 0.25267161 0.24645339 0.24010482
-9999 0.21374817 0.20319468 0.19145142 0.17970816 0.1679649 0.15622163 0.14455409 0.13523269 0.12756695 0.11990121 0.11223547 0.10456973 0.097082342 0.089952116 0.08282189 0.075691664 0.068561438 0.061431212 0.054952822 0.050548321 0.046900299 0.043252276 0.039604253 0.035956231 0.032428868 0.029224904 0.026020939 0.022816975 0.01961301 0.0173518 0.021231001 0.026727514 0.02908833 0.031449146 0.033809962 0.036170777 0.043347287 0.054783293 0.064217834 0.073652376 0.083086917 0.092521458 0.10296621 0.11413719 0.12530817 0.13647914 0.14765012 0.16512704 0.17192343 0.18773547 0.20354752 0.21935956 0.23517161 0.24604843 0.23961192 0.23286071
-9999 0.21414792 0.20240466 0.1906614 0.17891813 0.16717487 0.15543161 0.15047832 0.14281258 0.13514684 0.1274811 0.11981536 0.11214962 0.10554585 0.098549581 0.091419355 0.084289129 0.077158903 0.070028677 0.063951417 0.060303395 0.056655372 0.053007349 0.049359327 0.045711304 0.03875237 0.035672854 0.03246889 0.029264925 0.026060961 0.022856996 0.021553779 0.023914595 0.026275411 0.028636227 0.030997042 0.033357858 0.032396249 0.04183079 0.051265331 0.060699872 0.070134413 0.079568955 0.091794464 0.10296544 0.11413642 0.1253074 0.13647838 0.14764936 0.16449466 0.1803067 0.19611875 0.21193079 0.22774284 0.24104747 0.23581935 0.22906814
-9999 0.20527003 0.19352677 0.18178351 0.17004024 0.15991336 0.15893476 0.15568469 0.14981306 0.14254508 0.13487934 0.1272136 0.11954786 0.11294409 0.10846697 0.10219965 0.095069425 0.087939199 0.080808973 0.074731713 0.071083691 0.067435668 0.063787645 0.060139623 0.047392965 0.037061343 0.035037787 0.032257511 0.029053547 0.025849582 0.022645618 0.021342401 0.023703216 0.026064032 0.028424848 0.030665065 0.030159176 0.028026524 0.023566559 0.030338874 0.039773415 0.049207956 0.058642498 0.071930543 0.08795758 0.099128558 0.11029954 0.12147051 0.13264149 0.15185968 0.17100606 0.1868181 0.20263015 0.21844219 0.23174682 0.23636607 0.23329571
-9999 0.19639214 0.18464888 0.17290561 0.16596505 0.16498644 0.16400784 0.16075777 0.15488614 0.14901451 0.14227758 0.13461184 0.1269461 0.12034233 0.11586521 0.11138809 0.10584972 0.098719495 0.091589269 0.085512009 0.081863987 0.078215964 0.07256465 0.059133294 0.045701938 0.035370316 0.03334676 0.031323203 0.028842168 0.025638204 0.02243424 0.021131022 0.023491838 0.025852654 0.027366143 0.026860254 0.026354365 0.024221714 0.019761749 0.015301784 0.018846958 0.028281499 0.037716041 0.051004087 0.067062368 0.083120649 0.095291673 0.10646265 0.11763363 0.13685181 0.15746077 0.17751745 0.1933295 0.20914155 0.22244618 0.22706543 0.23168468
-9999 0.18751425 0.17577099 0.17201673 0.17103813 0.17005952 0.16908092 0.16583085 0.15995922 0.15408759 0.14821596 0.14201009 0.13434435 0.12774057 0.12326345 0.11878634 0.11430922 0.10949979 0.10236957 0.096292305 0.092644283 0.084304979 0.070873623 0.057442267 0.044010911 0.033679289 0.031655733 0.029632176 0.02760862 0.025426826 0.022222861 0.020919644 0.02328046 0.024067222 0.023561333 0.023055444 0.022549555 0.020416904 0.015956939 0.011496974 0.0070370089 0.0073550424 0.016789584 0.03007763 0.046135911 0.062194192 0.078252473 0.091454788 0.10262577 0.12184395 0.14245291 0.16306187 0.18367083 0.1998409 0.21314553 0.21776478 0.22238403
-9999 0.17904702 0.17806842 0.17708981 0.17611121 0.1751326 0.174154 0.17090393 0.1650323 0.15916067 0.15328904 0.14741741 0.14154577 0.13513882 0.1306617 0.12618458 0.12170746 0.11723034 0.11275322 0.1070726 0.096045308 0.082613952 0.069182596 0.05575124 0.042319884 0.031988263 0.029964706 0.02794115 0.025917593 0.023894037 0.02187048 0.020708266 0.020768301 0.020262412 0.019756523 0.019250634 0.018744744 0.016612093 0.012152128 0.0076921635 0.0032321985 -0.0012277664 -0.0041368733 0.0091511725 0.025209454 0.041267735 0.057326016 0.073384298 0.087617903 0.10683609 0.12744505 0.148054 0.16866296 0.18927192 0.20384488 0.20846413 0.21308338
-9999 0.17737265 0.17639404 0.17541544 0.17443683 0.17345823 0.17178442 0.16669926 0.16082763 0.154956 0.14908436 0.14321273 0.137224 0.13271715 0.13058954 0.12611242 0.1216353 0.11715819 0.11268107 0.10549632 0.092064966 0.07863361 0.065202254 0.051770898 0.038339542 0.036888562 0.035985058 0.033961501 0.031937945 0.029914388 0.027890832 0.026385661 0.025879772 0.025373883 0.024867994 0.024362104 0.022751881 0.015458069 0.010998104 0.0065381394 0.0020781745 -0.0023817905 -0.0059155317 -0.0021527814 0.012958297 0.029016579 0.04507486 0.061133141 0.077191423 0.097129796 0.11773875 0.13834771 0.15895667 0.17956563 0.1924959 0.19711515 0.2017344
-9999 0.17060854 0.16962994 0.16865133 0.16767273 0.16498509 0.16058137 0.1554962 0.14962457 0.14375294 0.13788131 0.13140981 0.12390717 0.11940031 0.12089268 0.12040521 0.11592809 0.11145097 0.10697385 0.099789106 0.08635775 0.072926394 0.059495038 0.049143179 0.04698753 0.045555075 0.046060964 0.045798689 0.043775133 0.041751576 0.03972802 0.038222849 0.03771696 0.03721107 0.036705181 0.032872028 0.023597394 0.016303583 0.011843618 0.0073836528 0.0029236879 0.00014693021 -0.0010538296 0.0027089207 0.010039875 0.023309363 0.039367645 0.055425926 0.071484207 0.091422581 0.11203154 0.1326405 0.15269383 0.16726223 0.17960182 0.18422107 0.18884032
-9999 0.16384443 0.16286583 0.16188722 0.15818576 0.15378204 0.14937831 0.14429315 0.13842152 0.13254989 0.12559561 0.11809297 0.11059033 0.10608347 0.10757585 0.10906822 0.11022087 0.10574375 0.10126664 0.09408189 0.080650535 0.067219179 0.059965341 0.057809692 0.055654042 0.054221587 0.054727476 0.055233365 0.05561232 0.053588764 0.051565207 0.050060036 0.049554147 0.049048258 0.042992175 0.033717542 0.024442908 0.017149096 0.012689131 0.0082291662 0.0062093921 0.0050086323 0.0038078726 0.0075706229 0.014901577 0.022232532 0.033660429 0.04971871 0.065776992 0.085715365 0.10632432 0.12523135 0.13979975 0.15436815 0.16670774 0.17132699 0.17594624
-9999 0.15708033 0.15579016 0.15138643 0.14698271 0.14257899 0.13817526 0.1330901 0.12721847 0.11978141 0.11227877 0.10477613 0.097273493 0.092766637 0.09425901 0.095751383 0.097243756 0.098736129 0.095559421 0.088374675 0.074943319 0.070787504 0.068631854 0.066476204 0.064320554 0.0628881 0.063393989 0.063899878 0.064405767 0.064911656 0.063402395 0.061897224 0.061391335 0.053112322 0.043837689 0.034563055 0.025288421 0.01799461 0.013534645 0.012271854 0.011071094 0.0098703345 0.0086695747 0.012432325 0.019763279 0.027094234 0.034425189 0.044011495 0.060069776 0.08000815 0.097768866 0.11233727 0.12690567 0.14147407 0.15381366 0.15843291 0.16350142
-9999 0.14899083 0.1445871 0.14018338 0.13577966 0.13137593 0.12697221 0.12146985 0.11396722 0.10646458 0.098961936 0.091459296 0.083956657 0.079449801 0.080942174 0.082434547 0.083926919 0.085419292 0.086911665 0.083765316 0.081609666 0.079454016 0.077298366 0.075142717 0.072987067 0.071554612 0.072060501 0.07256639 0.07307228 0.073578169 0.074084058 0.072507103 0.06323247 0.053957836 0.044683202 0.035408568 0.026133935 0.019535076 0.018334316 0.017133556 0.015932796 0.014732037 0.013531277 0.017294027 0.024624982 0.031955936 0.039286891 0.046617845 0.054362561 0.070306384 0.084874786 0.099443188 0.11401159 0.12857999 0.14093699 0.14608923 0.15124147
