P2_models/J1_p2__temp2_slide_15.dat.tif
NCOLS 118
NROWS 92
XLLCORNER 139.62
YLLCORNER -39.07
DX 0.099491525
DY 0.099347826
NODATA_VALUE -9999
[rows 27 to 53 of 92, columns 0 to 59 of 118]
-9999 185.78533 183.92728 182.01305 179.76421 177.51538 175.26654 173.23622 171.4581 169.67997 167.90185 167.64464 167.8048 168.20526 169.08692 169.96858 170.85024 171.52512 172.1171 173.00029 174.55534 176.1104 177.55273 178.98126 180.40979 182.60277 186.84465 191.08653 195.32841 196.57995 196.62666 196.16984 194.74239 193.31494 192.86238 192.43962 192.01687 191.171 189.71979 188.26859 186.81738 186.3182 185.90994 186.42057 187.59178 188.76299 189.8059 190.08308 190.36026 190.2269 190.02259 189.81828 191.07759 193.95663 196.41537 197.41828 198.42119 199.4241 201.79263 204.40961
-9999 185.49109 183.46118 181.21235 178.96351 176.71468 174.46584 172.43552 170.6574 168.87927 167.10115 165.32302 164.49208 164.89254 165.7742 166.65586 167.53752 168.41918 169.17365 170.05685 171.59094 173.01947 174.448 175.87653 177.30507 179.49804 183.73992 187.9818 192.22368 196.46556 198.7806 198.32379 197.12122 196.69847 196.27572 195.85296 195.43021 194.58433 193.13313 191.68192 190.23072 188.77952 188.0381 188.54873 189.71994 190.89114 192.06235 193.23356 193.5711 193.43774 193.23343 193.02911 192.8248 193.49899 195.95774 196.96065 197.96356 198.96647 199.96938 202.0316
-9999 185.19539 182.94656 180.69772 178.44889 176.20006 173.95122 171.76207 169.98395 168.20582 166.4277 164.64957 162.87145 162.03315 162.91481 163.79647 164.67813 165.55979 166.44145 167.48848 168.91701 170.34554 171.77408 173.20261 174.63114 176.67225 180.91413 185.15601 189.39789 193.63977 197.88165 200.53025 200.10749 199.68474 199.26198 198.83923 198.41647 197.59263 196.14142 194.69022 193.23901 191.78781 190.33661 190.33469 191.5059 192.67711 193.84831 195.01952 196.19073 196.09512 195.89081 195.6865 195.48219 195.27787 195.73208 196.73499 197.7379 198.74081 199.74372 200.74663
-9999 187.03587 184.78703 182.5382 180.28936 178.04053 175.87263 173.3235 170.35809 168.57996 166.80184 165.02371 163.24559 162.48352 163.75619 164.66904 165.5507 166.43236 167.31402 168.36105 169.78958 171.21811 172.64665 174.07518 176.7546 179.46952 180.73458 184.62651 188.86839 193.11027 197.35215 200.00074 199.57799 199.15524 198.73248 198.30973 197.29963 196.39689 195.81527 194.36406 192.91286 191.46165 190.01045 189.74623 190.47479 191.646 192.81721 193.98842 195.15962 194.53617 193.992 193.78769 193.58337 193.37906 194.1198 198.13411 199.42195 200.42486 201.42777 202.43068
-9999 188.87634 186.6275 184.37867 182.1475 179.98853 177.82957 175.28044 172.28102 169.28159 167.17598 165.39785 163.61973 162.85766 164.13033 165.40299 166.42327 167.30493 168.18659 169.23362 170.66215 172.09068 173.51922 176.7007 179.95656 182.67148 183.93654 185.2016 188.33889 192.58077 196.82265 199.47124 199.04849 198.62573 198.16322 197.00693 195.85063 194.94789 194.40789 193.86789 192.5867 191.1355 189.68429 189.42008 190.00917 190.6149 191.78611 192.95731 194.12852 193.50507 192.57144 191.88888 191.68456 191.48025 192.22099 196.2353 200.2496 202.10891 203.11182 204.11473
-9999 190.71681 188.46797 186.26341 184.10444 181.94548 179.78651 177.23738 174.23796 171.23853 168.23911 165.77199 163.99387 163.2318 164.50447 165.77713 167.04979 168.1775 169.05916 170.10619 171.53472 173.39094 176.6468 179.90266 183.15852 185.87344 187.1385 188.40356 189.66862 192.05127 196.29315 198.94174 198.51898 197.87052 196.71422 195.55793 194.40163 193.49889 192.95889 192.4189 191.8789 190.80934 189.35814 189.09392 189.68302 190.27211 190.8612 191.92621 193.09742 192.47396 191.54034 190.60672 189.78575 189.58144 190.32218 194.33649 198.35079 202.3651 204.79588 205.79879
-9999 192.55728 190.37931 188.22035 186.06138 183.90242 181.74345 179.19432 176.1949 173.19547 170.19605 167.19662 164.36801 163.60594 164.87861 166.15127 167.42393 168.69659 169.93173 170.97876 173.33704 176.5929 179.84876 183.10462 186.36048 189.0754 190.34046 191.60552 192.87058 194.13564 195.76364 198.41224 197.57781 196.42152 195.26522 194.10893 192.95264 192.04989 191.5099 190.9699 190.4299 189.8899 189.03198 188.76776 189.35686 189.94595 190.53505 191.12414 192.06631 191.44286 190.50924 189.57562 188.64199 187.70837 188.42337 192.43767 196.45198 200.46629 204.48059 207.48284
-9999 194.08818 191.92922 189.77025 187.61128 185.45232 183.29335 180.64058 177.61224 174.61282 171.61339 168.61397 165.61454 165.26357 167.11981 168.39247 169.66513 170.9378 172.21046 174.08281 177.33867 180.59453 183.85039 187.10625 190.36211 190.94447 192.16179 193.42685 194.69191 195.95697 197.22203 197.66004 196.50374 195.34745 194.19116 193.03486 191.87857 190.92206 190.27931 189.73931 189.19931 188.65931 188.11931 187.57178 188.16088 188.74997 189.33907 189.92816 190.51726 190.59617 189.66255 188.72893 187.79531 186.86169 186.45769 189.86524 193.87954 197.89385 201.90815 205.92246
-9999 194.96676 192.8078 190.64883 188.48986 186.48857 184.87664 182.24354 178.43187 175.14023 172.1408 169.14138 166.14195 165.79097 170.74366 173.71298 174.98564 176.25831 177.53097 179.40332 182.65918 185.91504 189.1709 192.14947 191.1922 190.77752 191.81712 192.97115 194.23621 195.50127 196.76633 197.20433 196.04804 194.89175 193.73545 192.80021 192.90274 192.0786 189.92872 188.86893 188.32893 187.78894 187.24894 186.53821 185.70475 186.11942 186.70851 187.2976 187.8867 188.642 189.12003 188.18641 187.25278 186.31916 185.91516 187.34571 190.19612 194.21042 198.22473 202.23903
-9999 195.84534 193.68638 191.52741 189.70345 188.09152 186.4796 183.84649 180.03483 176.22316 172.66821 169.66878 166.66936 166.31838 171.27107 176.22376 180.30615 181.57881 182.85148 184.72383 187.97969 191.23555 192.9398 191.98253 191.02525 190.61057 191.65017 192.68977 193.7805 195.04556 196.31062 196.74863 195.59233 194.43604 193.85423 193.95675 194.05928 193.23514 191.08526 188.93539 187.45856 186.91856 186.37856 185.66784 184.83438 184.00092 184.07795 184.66705 185.25614 186.01144 186.79547 187.5795 186.71026 185.77664 185.37264 186.80318 188.23373 190.52699 194.5413 198.5556
-9999 196.72392 194.56496 192.91833 191.3064 189.69448 188.08255 185.44945 181.63778 177.82612 174.01445 170.20278 167.19677 166.84579 171.79848 176.75116 181.70385 186.65654 188.17198 190.04434 193.3002 193.73013 192.77285 191.81558 190.8583 190.44362 191.48322 192.52283 193.56243 194.60203 195.85492 196.29292 195.13663 194.90824 195.01076 195.11329 195.21582 194.39168 192.2418 190.09193 187.94205 186.04819 185.50819 184.79746 183.964 183.13054 182.29708 182.03649 182.62558 183.38089 184.16492 184.94894 185.73297 185.23411 184.83011 186.26066 187.6912 189.12175 190.85787 194.87217
-9999 197.74514 196.13321 194.52128 192.90936 191.29743 189.68551 187.05241 183.24074 179.42907 175.6174 171.80574 167.99407 167.3732 172.32588 177.27857 182.23126 187.18395 192.13664 195.36484 194.52045 193.56318 192.60591 191.64863 190.69136 190.27667 191.31628 192.35588 193.39548 194.43508 195.47469 195.85972 195.96225 196.06478 196.1673 196.26983 196.37236 195.54821 193.39834 191.24846 189.09859 186.94872 184.79884 183.92709 183.09363 182.26017 181.42671 180.59325 179.99503 180.75033 181.53436 182.31839 183.10242 183.88644 184.28759 185.71813 187.14868 188.57922 190.00977 191.44032
-9999 198.55777 196.94584 195.33392 193.72199 192.11006 191.34497 189.71182 185.90015 182.08848 178.27682 174.46515 171.1902 171.31698 176.09609 181.04878 186.00146 190.95415 195.90684 199.07245 198.11517 197.1579 196.20062 195.24335 193.16551 190.39418 193.89101 194.93061 195.97022 197.00982 198.04942 198.76895 198.87148 198.974 199.07653 199.17906 198.14604 195.50805 193.35817 191.2083 189.05843 186.90855 184.96738 184.61097 184.28468 183.45122 182.61777 181.78431 180.95085 181.49652 182.28055 183.06458 183.84861 184.79659 186.68622 188.11677 189.54731 190.97786 192.40841 192.10485
-9999 199.1031 197.49117 195.87925 194.26732 194.10725 194.36168 192.72853 188.91687 185.1052 181.29353 178.55799 176.41028 176.53706 181.21863 185.91574 190.86843 195.82112 200.7738 203.93941 202.98213 202.02486 201.06759 197.60639 192.07549 189.30416 193.92917 198.43263 199.47223 200.51183 201.55143 202.27096 202.37349 202.47601 202.57854 200.68032 197.70114 195.06314 192.91327 190.76339 188.61352 186.77579 185.02526 184.66885 185.31468 185.33948 184.50602 183.67256 182.8391 183.38478 184.16881 184.95284 186.1678 188.18997 190.0796 191.51014 192.94069 194.37124 193.32546 191.31395
-9999 199.64843 198.03651 196.61509 196.86953 197.12397 197.3784 195.74525 191.93359 188.12192 185.92578 183.77807 181.63036 181.75714 186.43871 191.12029 195.80186 200.68808 205.64077 208.80637 207.8491 206.89182 202.04727 196.51637 190.98547 188.21414 192.83915 197.46415 202.08916 204.01384 205.05344 205.77297 205.8755 205.97802 203.21459 200.23541 197.25623 194.61824 192.46836 190.33475 188.58421 186.83367 185.08314 184.72674 185.37256 186.01838 186.39428 185.56082 184.72736 185.27304 186.05706 187.53901 189.56118 191.58334 193.47297 194.90352 196.33407 194.54607 192.53456 190.52306
-9999 200.19377 199.37737 199.63181 199.88625 200.14068 200.39512 198.76197 195.44129 193.29358 191.14587 188.99815 186.85044 186.97722 191.65879 196.34037 201.02194 205.70351 210.50773 213.67334 212.01905 206.48815 200.95725 195.42635 189.89545 187.12412 191.74913 196.37414 200.99914 205.62415 208.55545 209.27498 208.72805 205.74887 202.76969 199.79051 196.81133 194.17333 192.14316 190.39263 188.64209 186.89156 185.14102 184.78462 185.43044 186.07626 186.72208 187.3679 186.61562 187.16129 188.91022 190.93239 192.95455 194.97672 196.86635 197.77818 195.76668 193.75517 191.74367 189.73216
-9999 202.46804 202.72247 202.97691 203.23135 203.48578 203.74022 202.27172 200.12401 197.9763 195.82858 193.68087 191.53316 190.90698 195.58855 200.27013 204.9517 209.63327 214.31485 215.90832 210.37742 204.84652 199.31562 193.78472 188.25382 185.67521 190.30022 194.92522 199.55023 204.17524 208.80025 210.82791 207.84873 204.86955 201.89037 198.91119 195.93201 194.46921 192.71868 190.96814 189.21761 187.46707 185.71653 185.41192 186.05774 186.70357 187.34939 187.99521 188.64103 190.36469 192.38686 194.40902 196.43119 198.45335 199.82546 197.81395 195.80245 193.79094 191.77944 189.76793
-9999 208.28982 208.54426 208.79869 209.05313 209.30757 203.26412 200.04957 200.75392 198.6062 196.45849 194.31078 192.16307 190.60943 190.24546 194.46821 199.14979 203.83136 208.51293 210.10641 204.57551 199.04461 193.51371 187.98281 185.79139 185.54634 186.60314 190.76953 195.39453 200.01954 204.64455 206.67221 203.69303 200.71385 197.73467 194.75549 192.27246 192.78577 197.19821 195.44767 193.69714 191.9466 190.19606 190.0522 190.97969 191.62551 192.27133 192.91716 193.56298 194.79654 196.4914 198.51357 200.53573 202.5579 204.08427 203.89328 202.07299 200.06148 198.04998 196.03847
-9999 214.1116 214.36604 214.62048 213.43888 206.7873 200.13572 196.92117 197.67339 198.42561 197.0884 194.94069 192.79297 191.23934 190.87536 190.51139 193.34787 198.02945 202.71102 204.3045 198.7736 193.2427 187.7118 186.83922 186.10845 185.86341 186.92021 187.97701 191.23883 195.86384 200.48885 202.51651 199.53733 196.55815 193.61881 191.25091 188.88301 189.39632 194.03159 198.66687 198.17667 196.42613 194.67559 194.53173 195.54287 196.54746 197.19328 197.8391 198.48492 199.71849 201.05363 202.61811 204.64028 206.66244 208.18881 207.99783 207.80684 206.33202 204.32052 202.30901
-9999 219.93338 220.18782 216.96205 210.31048 203.6589 197.00732 193.79277 194.54499 195.29721 196.04943 195.57059 193.42288 191.86924 191.50527 191.1413 190.77732 192.22753 196.90911 198.50258 192.97168 188.61782 187.88705 187.15629 186.42552 186.18048 187.23728 188.29408 189.35088 191.70814 196.33315 198.36082 195.38163 192.59726 190.22936 187.86146 185.49356 186.00687 190.64214 195.27742 199.91269 200.90566 199.15512 199.01126 200.0224 201.03355 202.0447 202.76105 203.40687 204.64043 205.97557 207.31071 208.74482 210.76699 212.29336 212.10237 211.91138 211.72039 210.59105 208.57955
-9999 225.75517 220.48523 213.83366 207.18208 200.5305 193.87892 190.66437 191.41659 192.16881 192.92103 193.67325 194.05279 192.49915 192.13518 191.7712 191.40723 191.04326 191.10719 192.70067 189.66565 188.93489 188.20412 187.47336 186.74259 186.49754 187.55435 188.61115 189.66795 190.72475 192.17745 194.20512 191.5757 189.2078 186.83991 184.47201 182.10411 182.61741 187.25269 191.88797 196.52324 201.15852 203.63465 203.49079 204.50193 205.51308 206.52423 207.53538 208.32881 209.56238 210.89752 212.23266 213.5678 214.90294 216.3979 216.20692 216.01593 215.82494 215.63395 214.85009
-9999 223.62005 216.96847 210.31689 203.66531 197.01373 190.36215 190.09541 190.84763 191.59985 192.35207 193.10429 193.85651 194.36621 193.50108 193.13711 192.77314 192.40916 192.04519 191.5703 190.83954 190.10877 189.37801 188.64724 187.91648 185.65956 186.38897 187.44577 188.50257 189.55938 190.61618 190.50322 188.13532 185.76742 183.39952 181.03162 178.66372 182.45183 187.0871 191.72238 196.35766 200.99293 205.3504 206.19012 207.20127 208.21242 209.22357 210.23471 211.24586 212.53326 213.8684 215.20354 216.53868 217.87382 218.11333 217.92234 217.73135 217.54037 217.34938 217.08599
-9999 219.48607 212.83449 206.18292 199.53134 194.80031 193.78746 193.59399 194.34622 195.09844 195.85066 197.02373 199.78552 200.58494 197.45461 195.67269 195.30871 194.94474 194.58077 194.10588 193.37512 192.64435 191.91359 190.81052 186.9068 183.97065 183.62783 183.92444 184.98125 186.03805 187.09485 186.98189 184.61399 182.24609 179.87819 178.97575 183.08441 187.40973 192.045 196.68028 201.31555 204.66162 205.77318 206.57215 207.14641 208.0826 209.09375 210.1049 211.11605 212.40344 213.73859 215.07373 216.40887 216.25734 216.03188 215.84089 215.64991 215.45892 214.9623 213.81016
-9999 215.3521 208.70052 202.04894 199.31176 198.2989 197.28605 197.09258 197.8448 198.59703 200.48068 203.24247 206.00425 206.80367 203.67334 200.543 197.84429 197.48032 197.11634 196.64146 195.91069 195.17993 193.02532 189.1216 185.21789 182.28174 181.93891 181.59609 181.45992 182.51672 183.57352 183.46056 181.09266 178.72476 179.82498 183.93364 188.04231 192.36763 197.0029 201.63818 203.97284 205.0844 206.19596 206.99493 207.56919 208.14345 208.96394 209.97508 210.98623 212.27363 213.60877 214.6467 214.41129 214.17589 213.95044 213.75945 213.56846 212.83862 211.68648 210.53433
-9999 211.21813 204.83606 203.8232 202.81035 201.79749 200.78464 200.59117 201.34339 203.93763 206.69941 209.4612 212.22299 213.02241 209.89207 206.76174 203.6314 200.50107 199.65192 199.17704 198.44627 195.24012 191.33641 187.43269 183.52897 180.59283 180.25 179.90718 179.56435 179.22153 180.05219 179.93923 177.57133 180.67422 184.78288 188.89154 193.0002 197.32552 201.9608 203.28406 204.39562 205.50718 206.61874 207.41771 207.99197 208.56623 209.14049 209.84527 210.85642 212.14382 212.80065 212.56525 212.32985 212.09444 211.86899 211.678 210.71494 209.56279 208.41065 207.2585
-9999 209.34751 208.33465 207.32179 206.30894 205.29608 204.28322 204.63278 207.39457 210.15636 212.91814 215.67993 218.44172 219.24114 216.1108 212.98047 209.85013 206.7198 203.58946 201.35864 197.45492 193.55121 189.64749 185.74378 181.84006 178.90391 178.56109 178.21826 177.87544 177.53262 177.18979 177.41479 181.52345 185.63211 189.74078 193.84944 197.9581 201.48372 202.59528 203.70684 204.8184 205.92996 207.04152 207.84049 208.41475 208.98901 209.56327 210.13752 210.7266 210.95461 210.71921 210.4838 210.2484 210.01299 209.74341 208.59126 207.43911 206.28696 205.13482 203.98267
-9999 208.89055 207.87769 206.86483 205.85198 204.83912 205.69819 208.11306 210.87485 213.63663 216.39842 219.16021 219.71847 219.61974 221.76783 218.63749 215.50716 212.37682 209.24649 205.88229 201.97858 198.07486 194.17114 190.26743 187.84977 186.5357 182.63607 182.29325 181.95042 181.6076 181.26477 182.44243 186.55109 190.65976 194.76842 198.87708 201.74686 203.18876 204.30032 205.41188 206.52344 207.635 207.91284 208.22949 208.84131 209.41557 209.98983 210.56409 211.13835 211.02225 210.78685 210.55144 210.31604 209.6667 208.01577 206.86362 205.71147 204.55932 203.40718 205.44808
