P2_models/J1_p2_tot_conduct_slide_29.85.dat.tif
NCOLS 118
NROWS 92
XLLCORNER 139.62
YLLCORNER -39.07
DX 0.099491525
DY 0.099347826
NODATA_VALUE -9999
[rows 25 to 49 of 92, columns 57 to 113 of 118]
-2.8489357 -2.9047787 -2.9557622 -2.9753501 -2.9459903 -2.854728 -2.697375 -2.4633095 -2.2007633 -1.9108636 -1.7121752 -1.5684372 -1.5609038 -1.6463573 -1.8678404 -2.1686109 -2.493093 -2.8274628 -3.0351323 -3.2470114 -3.2851832 -3.2320382 -3.1163832 -2.9575268 -2.8080835 -2.7470516 -2.7142731 -2.7812647 -2.8712028 -2.9766765 -2.9942233 -2.9466033 -2.8158879 -2.6087208 -2.3596677 -2.0983033 -1.9379766 -1.7836695 -1.8015181 -1.9649378 -2.1028088 -2.2927789 -2.3939326 -2.448501 -2.3650414 -2.2418182 -2.1183636 -1.9456703 -1.8717437 -1.898725 -1.9969693 -2.0915905 -2.315569 -2.3980483 -2.4971161 -2.3734473 -2.0292798
-2.6567971 -2.7681383 -2.8676298 -2.9569692 -2.993624 -2.959642 -2.8601505 -2.6524263 -2.4036975 -2.1001032 -1.8112359 -1.6305738 -1.4826226 -1.5126088 -1.6091348 -1.8523363 -2.1201795 -2.4241814 -2.6556409 -2.8696757 -2.9226139 -2.9489792 -2.8637317 -2.7762283 -2.6708843 -2.6300217 -2.6300217 -2.6828616 -2.7649395 -2.8351688 -2.8042519 -2.7268696 -2.5606252 -2.3265275 -2.0920821 -1.8403924 -1.7257494 -1.6450016 -1.7152309 -1.9664913 -2.1888841 -2.4219247 -2.616481 -2.7050578 -2.7179092 -2.6301226 -2.5142404 -2.3737818 -2.2804287 -2.2516737 -2.3043457 -2.3308147 -2.4478635 -2.4785382 -2.4667901 -2.320479 -1.9914564
-2.502299 -2.6325341 -2.8094079 -2.9328424 -3.0598558 -3.0570146 -3.0257302 -2.8318789 -2.6023931 -2.2681653 -1.956946 -1.6898898 -1.5024921 -1.4140552 -1.4660008 -1.6041835 -1.8508152 -2.1128915 -2.344351 -2.5583859 -2.6357682 -2.6774285 -2.6332101 -2.5615811 -2.4854351 -2.4332419 -2.4114565 -2.421127 -2.4602728 -2.4473967 -2.367788 -2.2185507 -2.0406347 -1.7966724 -1.6059488 -1.403262 -1.4149669 -1.3938488 -1.6455038 -1.9760123 -2.3213478 -2.6274853 -2.8880318 -3.0401953 -3.0783327 -3.0315132 -2.9133577 -2.7645499 -2.6216115 -2.5644133 -2.494184 -2.4544632 -2.4677331 -2.4157796 -2.3604318 -2.190711 -1.8890859
-2.4215118 -2.5804376 -2.7729002 -2.9504669 -3.0934869 -3.1561764 -3.1439585 -2.9848595 -2.7644642 -2.4177645 -2.0842203 -1.7844206 -1.5479383 -1.4285688 -1.4225707 -1.5464829 -1.7438134 -1.9941334 -2.2166522 -2.4261625 -2.4991427 -2.5486295 -2.4943686 -2.4169553 -2.3213866 -2.2217317 -2.1838545 -2.0963348 -2.1039775 -2.0490182 -1.8704631 -1.6913383 -1.5116499 -1.2746528 -1.1891644 -1.0183078 -1.1715443 -1.2603031 -1.5800068 -2.0596828 -2.459431 -2.8209477 -3.1211562 -3.2772297 -3.3526135 -3.2954981 -3.1460065 -2.9908418 -2.7939748 -2.6771823 -2.5705865 -2.4430791 -2.4099229 -2.3097836 -2.2116026 -2.0464315 -1.7968153
-2.391472 -2.5573058 -2.7728708 -2.9681095 -3.146147 -3.2236492 -3.2550676 -3.1063541 -2.907371 -2.556747 -2.2072162 -1.8930324 -1.6224492 -1.4787392 -1.4437324 -1.5432239 -1.729581 -1.9617279 -2.1757392 -2.386142 -2.4567743 -2.4964692 -2.4356688 -2.3394417 -2.2106879 -2.0816094 -1.9710633 -1.8519013 -1.7434065 -1.5853905 -1.3954019 -1.179837 -0.97889173 -0.77405623 -0.71615673 -0.67871157 -0.89699516 -1.1751258 -1.6082065 -2.1020061 -2.6111687 -2.9844855 -3.3230963 -3.4796817 -3.5496268 -3.4793975 -3.3184726 -3.1311944 -2.9111507 -2.7149952 -2.5569792 -2.4240913 -2.3128949 -2.1978355 -2.0663428 -1.9083269 -1.6701441
-2.4784013 -2.645799 -2.8660094 -3.0685837 -3.2579133 -3.3354155 -3.3668339 -3.2108873 -3.0067189 -2.6420814 -2.2874785 -1.9575855 -1.6859366 -1.5532501 -1.5234996 -1.6363625 -1.8367533 -2.0859127 -2.3041711 -2.5289545 -2.5897549 -2.6233171 -2.5182983 -2.3990296 -2.2106879 -2.0225565 -1.8530877 -1.6506725 -1.5012461 -1.2964589 -1.0575027 -0.83211957 -0.66410112 -0.50705895 -0.5482825 -0.56694526 -0.92979671 -1.2310089 -1.7471344 -2.2783907 -2.7974458 -3.1361807 -3.4596996 -3.5474862 -3.6117192 -3.4915653 -3.2954387 -3.0877297 -2.8409376 -2.6404843 -2.4582538 -2.3091112 -2.1887101 -2.0944139 -1.966995 -1.8465259 -1.6473933
-2.6207899 -2.7850698 -3.0061621 -3.1985018 -3.391531 -3.447594 -3.4790124 -3.2933919 -3.0833542 -2.6886756 -2.3222426 -1.9849338 -1.7094105 -1.5844633 -1.5875895 -1.7132596 -1.9659539 -2.2257373 -2.4583174 -2.7129583 -2.7834664 -2.8052131 -2.6892878 -2.5174963 -2.3006728 -2.0489333 -1.8333683 -1.5815352 -1.3639871 -1.1181845 -0.88182142 -0.6657971 -0.55047557 -0.42337274 -0.54278658 -0.64132375 -1.0385241 -1.4577564 -1.9930944 -2.4581982 -2.984918 -3.2528066 -3.5408664 -3.5765215 -3.5807538 -3.4393302 -3.2196054 -2.9913601 -2.749871 -2.5232833 -2.3422962 -2.2297249 -2.1009711 -2.0419411 -1.942668 -1.8458842 -1.6916868
-2.8159004 -2.9771423 -3.1982345 -3.3905742 -3.5633753 -3.6108262 -3.6003534 -3.3970583 -3.1372749 -2.7232418 -2.3156194 -1.9700173 -1.6829177 -1.5723716 -1.5875895 -1.7644633 -2.0413595 -2.3785253 -2.6639848 -2.9381467 -3.015529 -3.0502711 -2.9176157 -2.7294383 -2.4543735 -2.1755951 -1.8937024 -1.6176015 -1.3429009 -1.0736886 -0.8354591 -0.65305797 -0.55709875 -0.53368898 -0.69543466 -0.89962809 -1.3268564 -1.7835168 -2.3043842 -2.7643194 -3.1856953 -3.4075189 -3.5872287 -3.5638189 -3.4816689 -3.3002432 -3.0791864 -2.8392362 -2.602988 -2.3943412 -2.2363252 -2.1278855 -2.0459513 -2.0171843 -1.9869699 -1.9518552 -1.7994923
-2.990058 -3.1489838 -3.3661779 -3.5460466 -3.7067806 -3.7215978 -3.6882293 -3.4242494 -3.1386299 -2.6437241 -2.2160956 -1.8233659 -1.5340006 -1.41869 -1.4584734 -1.6724456 -2.0024079 -2.3794021 -2.6760526 -3.0273521 -3.1600074 -3.2037961 -3.0861968 -2.8953227 -2.6164215 -2.3253447 -2.0363904 -1.7641681 -1.4895712 -1.2416961 -1.0708758 -0.95922554 -0.91839553 -0.94478092 -1.1589736 -1.3803563 -1.7783224 -2.2350825 -2.6631583 -2.9575452 -3.2998629 -3.3753882 -3.5120069 -3.4048796 -3.3204977 -3.1348268 -2.9475487 -2.7271411 -2.5449337 -2.3378552 -2.2085086 -2.1448496 -2.081483 -2.1237138 -2.0986665 -2.1109047 -2.0104511
-3.120174 -3.2844539 -3.5002825 -3.6779148 -3.8297703 -3.825504 -3.7679037 -3.4633663 -3.1262006 -2.5912241 -2.0924108 -1.6728836 -1.3363983 -1.2101554 -1.2468362 -1.4789831 -1.8494256 -2.2695009 -2.6351695 -3.0248258 -3.1916243 -3.2885734 -3.1904944 -3.0303739 -2.7512737 -2.4758475 -2.1773729 -1.9305744 -1.6632976 -1.4467572 -1.3514454 -1.2725 -1.30917 -1.3852517 -1.6154614 -1.8760494 -2.2298305 -2.6221585 -2.9949177 -3.1219541 -3.3619043 -3.364967 -3.3883799 -3.2732901 -3.1327368 -2.9552293 -2.8431805 -2.6559023 -2.5078549 -2.3503265 -2.2341999 -2.1721186 -2.137004 -2.1869068 -2.2317547 -2.2696735 -2.2139158
-3.1841649 -3.3506857 -3.571778 -3.7507699 -3.9026254 -3.8929064 -3.809124 -3.4816365 -3.0864614 -2.5088296 -1.9533238 -1.4768118 -1.0913403 -0.92552113 -0.94216949 -1.1743164 -1.5525932 -2.016887 -2.4383446 -2.8724925 -3.0825301 -3.2289648 -3.1847463 -3.0568666 -2.8286214 -2.5709131 -2.3098366 -2.0887255 -1.8686164 -1.7378277 -1.6627352 -1.6737899 -1.7495526 -1.9075686 -2.1386933 -2.3992812 -2.6860509 -2.9864657 -3.1737438 -3.2606631 -3.2956724 -3.2438387 -3.1764378 -3.0535365 -2.929651 -2.8360119 -2.7502991 -2.6559023 -2.5536441 -2.4388917 -2.3335477 -2.2701529 -2.2297286 -2.2863581 -2.3474665 -2.4352532 -2.3911355
-3.1004733 -3.2701073 -3.4943505 -3.6898079 -3.8530108 -3.8684256 -3.79722 -3.4653485 -3.061855 -2.4339266 -1.8524995 -1.3075564 -0.8833949 -0.6452666 -0.62250294 -0.81613658 -1.1839756 -1.6425455 -2.0841698 -2.5515591 -2.8414871 -3.0180502 -3.0421743 -2.964761 -2.7890308 -2.5959229 -2.3602388 -2.2165006 -2.0204582 -1.9219097 -1.9308905 -1.9897486 -2.1005263 -2.2716333 -2.4732961 -2.7224254 -2.8684508 -3.1232714 -3.1982644 -3.0995854 -3.0707087 -2.9480797 -2.8657696 -2.8153767 -2.7037665 -2.7150643 -2.8009616 -2.7603268 -2.7368098 -2.6352096 -2.5164723 -2.3877185 -2.3231464 -2.3147952 -2.3855485 -2.4669376 -2.4550831
-2.9615906 -3.1218714 -3.348491 -3.5666195 -3.744657 -3.7972503 -3.7501228 -3.4571148 -3.0536213 -2.4376132 -1.8072447 -1.2442871 -0.73501781 -0.46338308 -0.3439024 -0.5041943 -0.81475682 -1.2624687 -1.7283161 -2.1897955 -2.4942346 -2.7548231 -2.8084349 -2.8153837 -2.68663 -2.5522091 -2.3753353 -2.2624132 -2.1413201 -2.1062054 -2.1390269 -2.2274638 -2.3681327 -2.5612633 -2.7430357 -2.9461137 -3.0351285 -3.1150188 -3.091609 -2.909488 -2.763177 -2.6276177 -2.5135668 -2.5083407 -2.5183905 -2.6003247 -2.8156423 -2.903429 -2.9213975 -2.8670512 -2.7382975 -2.5533481 -2.4245943 -2.3595414 -2.3767367 -2.4528185 -2.4273408
-2.7030344 -2.8503206 -3.0769402 -3.312047 -3.5525845 -3.6372678 -3.6706445 -3.4241877 -3.0933605 -2.5028379 -1.8933462 -1.2911606 -0.76151056 -0.391181 -0.22723205 -0.25486858 -0.52447752 -0.88494694 -1.3393545 -1.785781 -2.1174194 -2.397171 -2.5298263 -2.5744163 -2.5510065 -2.4529886 -2.3488425 -2.2735083 -2.1943056 -2.2048147 -2.2593234 -2.3698696 -2.5093354 -2.6871039 -2.8248576 -2.9726064 -2.9491967 -2.9631452 -2.7641621 -2.5293366 -2.2929306 -2.1639561 -2.0565668 -2.1736157 -2.2569659 -2.5729978 -2.8771404 -3.1219942 -3.2090723 -3.1881093 -3.0125361 -2.7721323 -2.5305653 -2.3531803 -2.3001739 -2.3001739 -2.2781899
-2.4174719 -2.5407475 -2.7577527 -3.0333903 -3.294053 -3.4990218 -3.5702962 -3.485321 -3.1928978 -2.717039 -2.1242156 -1.5449188 -0.97965265 -0.56027475 -0.30390469 -0.27615934 -0.41861226 -0.73781607 -1.1676466 -1.5397116 -1.8621925 -2.1637038 -2.3280763 -2.4293243 -2.4363584 -2.406277 -2.3264335 -2.2853724 -2.2300952 -2.2535049 -2.3001229 -2.4 -2.5141077 -2.6753353 -2.7314254 -2.850534 -2.7378149 -2.6580242 -2.4139779 -2.1037985 -1.8367897 -1.7342319 -1.645684 -1.8771578 -2.0709863 -2.4942921 -3.0147906 -3.3376313 -3.5148685 -3.5072968 -3.3187183 -2.9689675 -2.6724167 -2.3335635 -2.2136005 -2.1523128 -2.0682898
-2.1572862 -2.2247376 -2.4292479 -2.7040923 -3.0130397 -3.2656726 -3.4541829 -3.4373794 -3.3157787 -2.8963836 -2.433465 -1.864472 -1.3228365 -0.86959736 -0.5503834 -0.43983726 -0.50935049 -0.71938815 -1.0518411 -1.3920208 -1.7050033 -1.9976916 -2.1800927 -2.3142699 -2.3669419 -2.3618091 -2.3286453 -2.2909525 -2.2614992 -2.2849089 -2.3125051 -2.400942 -2.4950859 -2.6121348 -2.6488394 -2.6750823 -2.5273105 -2.3323503 -2.0221709 -1.7029334 -1.392754 -1.2952155 -1.2566654 -1.5439268 -1.9264642 -2.4707414 -3.0410587 -3.5502213 -3.7770959 -3.8305805 -3.625745 -3.2633131 -2.8360848 -2.4210014 -2.1155509 -1.9692399 -1.8498908
-1.8854239 -1.926635 -2.0782189 -2.3729709 -2.7216194 -3.05211 -3.3548351 -3.4699795 -3.4747352 -3.2195422 -2.8374795 -2.3819131 -1.8725612 -1.419322 -1.0727683 -0.87034451 -0.87809404 -0.99093888 -1.2821341 -1.5311078 -1.8019458 -2.0771699 -2.259571 -2.3979251 -2.4662897 -2.4640318 -2.4346163 -2.3772764 -2.3343542 -2.3238765 -2.3129487 -2.335058 -2.4035586 -2.4730478 -2.4687039 -2.4631403 -2.2641572 -2.0541764 -1.7019106 -1.3664171 -1.0483482 -0.98352571 -0.96524508 -1.3515063 -1.7542613 -2.4508091 -3.1332867 -3.7422937 -4.0714974 -4.1551167 -3.9612614 -3.5545715 -3.0678963 -2.5040865 -2.1486669 -1.8474798 -1.6633522
-1.7923423 -1.7124248 -1.8310089 -2.0676158 -2.4211844 -2.7648419 -3.1618108 -3.4827404 -3.5767046 -3.3286726 -3.2041245 -2.7553972 -2.426438 -1.9899914 -1.6930799 -1.4788339 -1.445623 -1.4787826 -1.682808 -1.8736512 -2.1444893 -2.3476481 -2.5244822 -2.6232514 -2.6805022 -2.6837926 -2.6250154 -2.5621387 -2.4494286 -2.4143394 -2.346956 -2.347587 -2.325087 -2.3692378 -2.35453 -2.3093287 -2.1105247 -1.864772 -1.5171929 -1.1930403 -0.88551142 -0.83427209 -0.83575957 -1.2236947 -1.7426827 -2.4585529 -3.1523664 -3.8769778 -4.2760263 -4.4132833 -4.2455122 -3.8632889 -3.3309669 -2.686072 -2.1997074 -1.8365457 -1.5998957
-1.6330298 -1.5020658 -1.5628662 -1.7876326 -2.1384711 -2.5539834 -2.9938407 -3.3342369 -3.6271841 -3.6227708 -3.5695077 -3.2815059 -2.993367 -2.6285648 -2.3369806 -2.1158883 -2.036875 -2.036875 -2.1774258 -2.3458035 -2.545654 -2.7298945 -2.8736044 -2.9636509 -2.9929131 -2.9383284 -2.8609461 -2.7243081 -2.5926763 -2.4756274 -2.3636996 -2.3139538 -2.2878193 -2.2878193 -2.2536271 -2.2070629 -2.0205614 -1.7842055 -1.4564687 -1.162645 -0.86417039 -0.8140066 -0.82552815 -1.2272639 -1.7598013 -2.4972091 -3.228732 -3.9778446 -4.4100326 -4.63226 -4.5093587 -4.1331403 -3.5947156 -2.9175657 -2.3097224 -1.8532319 -1.5588026
-1.572177 -1.4082751 -1.3703798 -1.566456 -1.8714738 -2.3013044 -2.7578896 -3.1695293 -3.5154178 -3.6587417 -3.6597777 -3.5498134 -3.3081325 -3.0870402 -2.820233 -2.6623013 -2.5942976 -2.608125 -2.7427957 -2.8922166 -3.0580358 -3.2285647 -3.3114743 -3.3794432 -3.3530489 -3.2526587 -3.1279433 -2.9296806 -2.766535 -2.6018996 -2.430716 -2.3263723 -2.2878454 -2.2691916 -2.2506417 -2.2132721 -2.0903708 -1.8649256 -1.60254 -1.3531532 -1.0814938 -1.0227932 -1.030433 -1.3640223 -1.8901954 -2.5619946 -3.2589886 -3.9902631 -4.4595185 -4.6881431 -4.6289062 -4.3036968 -3.7996205 -3.1121977 -2.5022088 -1.9934935 -1.6594905
-1.6019419 -1.3228444 -1.2451968 -1.3381902 -1.6219202 -1.9950947 -2.4611339 -2.885349 -3.2888424 -3.4895198 -3.608403 -3.5591567 -3.4600086 -3.2944968 -3.165542 -3.0441616 -3.0585113 -3.0806206 -3.2070095 -3.3799159 -3.5457351 -3.6881221 -3.7575962 -3.7642853 -3.7106346 -3.544435 -3.3841431 -3.1352381 -2.9203769 -2.7155414 -2.4989709 -2.3801304 -2.3108981 -2.2814862 -2.281711 -2.2590395 -2.1806666 -2.0182987 -1.790973 -1.6237614 -1.3721064 -1.3078471 -1.2988458 -1.5792021 -2.0392519 -2.6595372 -3.2365285 -3.9505265 -4.4018998 -4.6793842 -4.648359 -4.4046524 -3.9306046 -3.2938268 -2.6561598 -2.1387923 -1.8147097
-1.6408966 -1.3029748 -1.1371556 -1.1858568 -1.3796035 -1.7209537 -2.1293926 -2.5428112 -2.9573592 -3.1901783 -3.3832146 -3.3989238 -3.3937767 -3.327449 -3.2847594 -3.2737047 -3.3386726 -3.4492188 -3.6227395 -3.8104231 -3.9762423 -4.1186293 -4.1683751 -4.1550534 -4.043857 -3.850193 -3.6180461 -3.3426648 -3.0624659 -2.799106 -2.5784491 -2.4347391 -2.3506373 -2.3155226 -2.3238037 -2.3385178 -2.2975507 -2.2220812 -2.0757701 -1.9115378 -1.7359645 -1.673825 -1.6498747 -1.8722676 -2.2018187 -2.6992763 -3.2641069 -3.861056 -4.2958393 -4.5785869 -4.6019966 -4.3660844 -3.991528 -3.3951746 -2.8209285 -2.3176184 -1.9938447
-1.6226778 -1.2597432 -1.0504464 -1.045711 -1.1872489 -1.4599875 -1.8190584 -2.1679017 -2.553953 -2.7654408 -2.9636958 -3.0317689 -3.0530777 -3.0734884 -3.0847502 -3.1565077 -3.2950623 -3.4625095 -3.6473716 -3.9173528 -4.1108085 -4.2528498 -4.2873765 -4.2578376 -4.1194059 -3.8990168 -3.6500121 -3.3598426 -3.0751045 -2.8117446 -2.5930604 -2.4535666 -2.375745 -2.3465973 -2.3687692 -2.3900343 -2.4075916 -2.3344154 -2.250835 -2.1659047 -2.0215868 -1.9597299 -1.9263076 -2.0528966 -2.3814261 -2.7455984 -3.1290031 -3.6569541 -4.0130134 -4.2937472 -4.3420568 -4.2022762 -3.8799764 -3.4188495 -2.8524597 -2.4131565 -2.1537098
-1.6114854 -1.24638 -1.0216902 -0.97189127 -1.0766192 -1.2702189 -1.5791663 -1.8468881 -2.1785265 -2.3386586 -2.5150678 -2.5692784 -2.6355489 -2.6746523 -2.7732822 -2.8855613 -3.1100999 -3.3367195 -3.5996103 -3.9007155 -4.1116487 -4.2716298 -4.3033515 -4.2545496 -4.1013466 -3.8654534 -3.5946153 -3.3123911 -3.0162196 -2.7528597 -2.5775094 -2.4445942 -2.3769466 -2.3535368 -2.377593 -2.410466 -2.4304068 -2.4254118 -2.3747683 -2.3312951 -2.2259512 -2.1836438 -2.1435815 -2.2424272 -2.43985 -2.7384973 -2.9934823 -3.4090057 -3.7107458 -3.9545867 -4.0146684 -3.9372798 -3.6914772 -3.3169953 -2.8696078 -2.4691752 -2.2925771
-1.5487571 -1.2066409 -1.0131852 -0.96741302 -1.0302498 -1.1965819 -1.4008014 -1.6216234 -1.8407439 -1.9479473 -2.0514446 -2.0776266 -2.1189402 -2.1797406 -2.2897895 -2.4721906 -2.7274496 -3.0425061 -3.3527707 -3.6887735 -3.9209204 -4.1060501 -4.1336866 -4.0823467 -3.9067734 -3.6655351 -3.3892965 -3.1184584 -2.8440167 -2.6348313 -2.4715384 -2.3831014 -2.3325265 -2.3266741 -2.3511002 -2.3839733 -2.407383 -2.4129659 -2.401261 -2.3680507 -2.3186758 -2.2885551 -2.2694221 -2.3220941 -2.4487883 -2.6126567 -2.8240824 -3.0778463 -3.3137651 -3.5014562 -3.577538 -3.5277723 -3.4000569 -3.1280417 -2.8120134 -2.5486535 -2.3842218
