P2_models/J1_p2_vp_slide_diff2_240.dat.tif
NCOLS 118
NROWS 92
XLLCORNER 139.62
YLLCORNER -39.07
DX 0.099491525
DY 0.099347826
NODATA_VALUE -9999
[rows 0 to 23 of 92, columns 0 to 53 of 118]
-9999 -9999 -9999 -9999 -9999 -9999 -9999 -9999 -9999 -9999 -9999 -9999 -9999 -9999 -9999 -9999 -9999 -9999 -9999 -9999 -9999 -9999 -9999 -9999 -9999 -9999 -9999 -9999 -9999 -9999 -9999 -9999 -9999 -9999 -9999 -9999 -9999 -9999 -9999 -9999 -9999 -9999 -9999 -9999 -9999 -9999 -9999 -9999 -9999 -9999 -9999 -9999 -9999 -9999
-9999 0.0060120709 0.0070702693 0.0081284677 0.0091866661 0.010244864 0.010687574 0.010951238 0.0086543257 0.0037082921 -0.0012377415 -0.0061837751 -0.011129809 -0.013921484 -0.012632999 -0.011612879 -0.01059276 -0.0095726397 -0.00855252 -0.007302302 -0.0055212379 -0.0037401738 -0.0019591096 -0.00017804552 0.00098208333 -0.0017684479 -0.0050883457 -0.0089700329 -0.01285172 -0.016733407 -0.020615094 -0.021540429 -0.016766859 -0.01199329 -0.0072197199 -0.0024461502 -0.00028506977 -0.0027917162 -0.00070839323 0.0020121854 0.004732764 0.0074533426 0.010173921 0.0087089109 0.0022958499 -0.0047364555 -0.011768761 -0.018801066 -0.025833372 -0.026958301 -0.026305388 -0.025652475 -0.024999562 -0.024346649
-9999 0.0072139727 0.008272171 0.0093303694 0.010388568 0.010352571 0.0096311758 0.0098948391 0.011295386 0.010705691 0.005759657 0.0008136234 -0.0041324102 -0.0069240853 -0.0054015333 -0.0039883476 -0.0029682278 -0.001948108 -0.00092798826 0.00032222968 0.0021032938 0.0038843579 0.0056654221 0.0057160417 0.0030267858 0.00027625453 -0.0026385099 -0.0057385379 -0.009620225 -0.013501912 -0.017383599 -0.018308934 -0.013535364 -0.0087617945 -0.0039882249 -0.0040761515 -0.0091930512 -0.011699698 -0.010472007 -0.0086970963 -0.0059765177 -0.0032559391 -0.0005353605 -0.0020003708 -0.0064743476 -0.01241211 -0.019444415 -0.026476721 -0.033509026 -0.034668458 -0.034812899 -0.034257032 -0.033604119 -0.032951205
-9999 0.0084158744 0.0094740728 0.010532271 0.010017568 0.0092961724 0.0085747773 0.0088384405 0.010238988 0.011639535 0.012757056 0.007811022 0.0028649883 7.3313289e-05 0.0015958653 0.0031184172 0.0046409692 0.0056764237 0.0066965434 0.0079467614 0.0097278255 0.01150889 0.01045 0.0077607442 0.0050714882 0.002320957 -0.00059380746 -0.0035085719 -0.0064233363 -0.010270417 -0.014152104 -0.015077439 -0.010303869 -0.0055302995 -0.0078672332 -0.012984133 -0.018101033 -0.020607679 -0.019379988 -0.018152297 -0.016685799 -0.013965221 -0.011244642 -0.012709652 -0.017183629 -0.021657606 -0.02712007 -0.034152375 -0.041184681 -0.042344113 -0.042488553 -0.042632994 -0.042208675 -0.041555762
-9999 0.0096177761 0.010403959 0.0096825641 0.008961169 0.0082397739 0.0075183787 0.007782042 0.0091825891 0.010583136 0.011983683 0.01338423 0.0098623869 0.0070707118 0.0085932638 0.010115816 0.011638368 0.01316092 0.014321075 0.015571293 0.017352357 0.015183958 0.012494703 0.0098054466 0.0071161907 0.0043656594 0.001450895 -0.0014638694 -0.0043786339 -0.0072933983 -0.010920609 -0.011845944 -0.0070723742 -0.011658315 -0.016775215 -0.021892114 -0.027009014 -0.02951566 -0.028287969 -0.027060278 -0.025832587 -0.024604896 -0.021953924 -0.023418934 -0.027892911 -0.032366888 -0.036840865 -0.04182803 -0.048860335 -0.050019767 -0.050164208 -0.050308648 -0.050453088 -0.050160319
-9999 0.010068956 0.0093475606 0.0086261655 0.0079047704 0.0071833753 0.0064619802 0.0067256434 0.0081261905 0.0095267376 0.010927285 0.012327832 0.013728379 0.01406811 0.015590662 0.017113214 0.018635766 0.020158318 0.02168087 0.022607173 0.019917917 0.017228661 0.014539405 0.011850149 0.0091608931 0.0064103619 0.0034955974 0.000580833 -0.0023339314 -0.0052486959 -0.0081634603 -0.010332497 -0.015449397 -0.020566296 -0.025683196 -0.030800096 -0.035916995 -0.038423642 -0.037195951 -0.03596826 -0.034740569 -0.033512877 -0.032285186 -0.034128216 -0.038602193 -0.043076169 -0.047550146 -0.052024123 -0.056535989 -0.057695422 -0.057839862 -0.057984303 -0.058128743 -0.058273183
-9999 0.010348906 0.0096275111 0.008906116 0.0081847208 0.0074633257 0.0066651974 0.0068583406 0.0082588877 0.0096594348 0.011059982 0.012460529 0.013742436 0.014637417 0.015305017 0.016827569 0.018350121 0.019872673 0.021395225 0.021644189 0.018954933 0.016265677 0.013576421 0.010887165 0.0079517593 0.0058847124 0.0064449516 0.0035301872 0.00061542274 -0.0022993417 -0.0052141061 -0.008881048 -0.013997948 -0.019114847 -0.024231747 -0.029348647 -0.035046317 -0.038245651 -0.03701796 -0.035790269 -0.034562577 -0.033334886 -0.030964258 -0.034641066 -0.040970219 -0.045444195 -0.049918172 -0.054392149 -0.058866126 -0.059648564 -0.059793005 -0.059937445 -0.060081885 -0.059815899
-9999 0.010840572 0.010119177 0.009397782 0.0086763869 0.0078392986 0.0069862811 0.0071794243 0.0085799714 0.0099805185 0.011381066 0.012585246 0.0137232 0.014618181 0.015026594 0.015435007 0.016910634 0.018433186 0.019955738 0.020204702 0.017515447 0.014826191 0.012136935 0.0090197932 0.0056690844 0.0036020376 0.0049755265 0.0063490155 0.0037080994 0.00079333499 -0.0021214294 -0.0057883713 -0.010905271 -0.016022171 -0.02113907 -0.027135083 -0.03342885 -0.036628184 -0.035400493 -0.034172801 -0.03294511 -0.030163241 -0.027164944 -0.030841752 -0.039317208 -0.04649073 -0.050964706 -0.055438683 -0.05991266 -0.060695099 -0.060839539 -0.060983979 -0.060407782 -0.058917541
-9999 0.011332238 0.010610843 0.0098664173 0.0090133998 0.0081603823 0.0073073648 0.0075005081 0.0089010552 0.010290101 0.011428055 0.01256601 0.013703965 0.014598946 0.015007359 0.015415771 0.015824184 0.0169937 0.018516251 0.018765216 0.01607596 0.013386704 0.010087827 0.0067371184 0.0033864096 0.0013193628 0.0026928517 0.0040663406 0.0054398296 0.0038860117 0.00097124724 -0.0026956946 -0.0078125943 -0.012930083 -0.01922385 -0.025517616 -0.031811383 -0.035010716 -0.033783025 -0.032360521 -0.029362223 -0.026363926 -0.023365629 -0.027042437 -0.035517893 -0.043993349 -0.052011241 -0.056485218 -0.060959194 -0.061741633 -0.061886073 -0.060999665 -0.059509424 -0.058019183
-9999 0.011823904 0.011040519 0.010187501 0.0093344836 0.0084814661 0.0076284486 0.0078215918 0.0091329105 0.010270865 0.01140882 0.012546775 0.013684729 0.014579711 0.014988123 0.015396536 0.015804949 0.016213361 0.017076765 0.017325729 0.01450657 0.011155861 0.0078051523 0.0044544435 0.0011037348 -0.00096331209 0.00041017685 0.0017836658 0.0031571547 0.0045306437 0.0040639239 0.0003969821 -0.0050188498 -0.011312616 -0.017606383 -0.023900149 -0.030193916 -0.033393249 -0.031559503 -0.028561206 -0.025562909 -0.022564612 -0.019566314 -0.023243123 -0.031718579 -0.040194035 -0.048669491 -0.057144947 -0.062005729 -0.062788167 -0.061591548 -0.060101307 -0.058611066 -0.057120825
-9999 0.012078431 0.011225414 0.010372396 0.0095193787 0.0086663612 0.0078133437 0.0080210936 0.0091590484 0.010297003 0.011434958 0.012572912 0.013710867 0.014367684 0.014776097 0.01518451 0.015592923 0.016001335 0.016409748 0.015681459 0.01233075 0.0089800412 0.0056293324 0.0022786237 -0.0010720851 -0.0040677302 -0.0026942413 -0.0013207523 5.2736615e-05 0.0014262256 0.0027997145 0.0015543198 -0.0047394467 -0.011033213 -0.01732698 -0.023620746 -0.029914512 -0.03159451 -0.028596213 -0.025597916 -0.022599618 -0.019601321 -0.016603024 -0.019741662 -0.028217118 -0.036692574 -0.04516803 -0.053643486 -0.062118942 -0.062097241 -0.060607 -0.059116759 -0.057626518 -0.056136277
-9999 0.011370785 0.010517767 0.00966475 0.0088117324 0.0079587149 0.0078379997 0.008344595 0.0094825497 0.010620504 0.011758459 0.012896414 0.014417181 0.014995372 0.013457067 0.013708988 0.0141174 0.014525813 0.014934226 0.014205937 0.010855228 0.007504519 0.0041538103 0.0008031015 -0.0017091486 -0.0047759649 -0.010361824 -0.009810645 -0.008437156 -0.0070636671 -0.0056901782 -0.0069355729 -0.013229339 -0.019523106 -0.025816872 -0.032110639 -0.034504246 -0.034110287 -0.03111199 -0.028113692 -0.025115395 -0.022117098 -0.021237588 -0.022531632 -0.026667706 -0.035143162 -0.043618618 -0.052094074 -0.06056953 -0.060547829 -0.059057588 -0.057567347 -0.056077106 -0.058255086
-9999 0.010663139 0.0098101212 0.0089571037 0.0082423991 0.0082019501 0.0081615011 0.0086680964 0.0098060511 0.010944006 0.012101369 0.013736455 0.015371542 0.015949732 0.014411427 0.012873122 0.012641878 0.013050291 0.013458704 0.012730414 0.0093797056 0.0060289968 0.0026782881 0.00046976506 -0.0016571979 -0.0047240143 -0.010309873 -0.015895732 -0.016927049 -0.01555356 -0.014180071 -0.015425466 -0.021719232 -0.028012998 -0.034167146 -0.035593584 -0.037020023 -0.036626063 -0.033627766 -0.030629469 -0.027976853 -0.027213342 -0.02644983 -0.027743875 -0.03051707 -0.03359375 -0.042069206 -0.050544662 -0.059020118 -0.058998417 -0.057508176 -0.056017935 -0.059309975 -0.064572366
-9999 0.0099554924 0.0091024749 0.0086063495 0.0085659004 0.0085254514 0.0084850024 0.0089915977 0.010129552 0.011420643 0.013055729 0.014690815 0.016325902 0.016904092 0.015365787 0.013827482 0.012289177 0.011574769 0.011983181 0.011254892 0.0079041834 0.0047756417 0.0026486787 0.00052171569 -0.0016052473 -0.0046720636 -0.010257923 -0.015843782 -0.02142964 -0.024043452 -0.022669963 -0.023915358 -0.030209125 -0.035256484 -0.036682922 -0.038109361 -0.0395358 -0.03914184 -0.036143543 -0.033952607 -0.033189096 -0.032425584 -0.031662072 -0.032956117 -0.035729312 -0.038502508 -0.041275703 -0.04899525 -0.057470706 -0.057449005 -0.055958764 -0.060364864 -0.065627255 -0.070889646
-9999 0.0092478461 0.0089702998 0.0089298508 0.0088894018 0.0088489528 0.0088085038 0.0093150991 0.010739917 0.012375003 0.014010089 0.015645175 0.017280262 0.017858452 0.016320147 0.014781842 0.013243537 0.011705233 0.010507659 0.00977937 0.0069545553 0.0048275923 0.0027006293 0.00057366633 -0.0015532967 -0.004620113 -0.010205972 -0.015791831 -0.02137769 -0.026963549 -0.031159856 -0.032405251 -0.036345822 -0.03777226 -0.039198699 -0.040625138 -0.042051576 -0.041657617 -0.039928361 -0.03916485 -0.038401338 -0.037637826 -0.036874315 -0.038168359 -0.040941555 -0.04371475 -0.046487945 -0.049261141 -0.055921294 -0.056157361 -0.061419752 -0.066682143 -0.071944535 -0.077206926
-9999 0.0087996132 0.0087591642 0.0087187152 0.0086782662 0.0086378172 0.0085973682 0.0096014764 0.011236563 0.012871649 0.014506735 0.016141821 0.017776907 0.017767438 0.016140041 0.014601736 0.013063431 0.011525126 0.0099868214 0.0082705152 0.0061435522 0.0040165892 0.0018896262 -0.00023733678 -0.0023642998 -0.0057403802 -0.01162008 -0.017205939 -0.022791798 -0.028377657 -0.033963516 -0.038128653 -0.039555091 -0.04098153 -0.042407969 -0.043834407 -0.045260846 -0.044316038 -0.043552526 -0.042789015 -0.042025503 -0.041261991 -0.040498479 -0.042310725 -0.04508392 -0.047857115 -0.050630311 -0.053403506 -0.056176701 -0.061878715 -0.067141106 -0.072403497 -0.077665888 -0.082928279
-9999 0.0073461757 0.0073057266 0.0072652776 0.0072248286 0.0076426727 0.01065433 0.011927636 0.011194661 0.012304732 0.013939818 0.015574904 0.01720999 0.017200521 0.013897734 0.011785542 0.010247237 0.0087089324 0.0071706276 0.0054543214 0.0033273584 0.0012003954 -0.00092656759 -0.0030535306 -0.0040940548 -0.0070674135 -0.015440384 -0.022026633 -0.027612492 -0.033198351 -0.03878421 -0.042949347 -0.044375786 -0.045802225 -0.047228663 -0.04837761 -0.043207929 -0.040980031 -0.04296077 -0.042723064 -0.041959553 -0.041196041 -0.040432529 -0.042553973 -0.046740281 -0.049513476 -0.052286671 -0.055059867 -0.057833062 -0.064649452 -0.071477745 -0.076740136 -0.082002527 -0.087264918
-9999 0.0058927381 0.0058522891 0.0058118401 0.0071331009 0.010144758 0.013156416 0.014429721 0.013696746 0.012963771 0.013372901 0.015007987 0.016643074 0.016633604 0.013330817 0.01002803 0.0074310434 0.0058927386 0.0043544338 0.0026381276 0.0005111646 -0.0016157984 -0.0035035548 -0.0044623214 -0.0054210881 -0.0083944468 -0.016767418 -0.025140388 -0.032433187 -0.038019046 -0.043604905 -0.047770042 -0.049196481 -0.050622919 -0.05009971 -0.044930029 -0.039760348 -0.03753245 -0.039513189 -0.041493928 -0.041893603 -0.041130091 -0.040366579 -0.042488023 -0.046683423 -0.050878824 -0.053943032 -0.056716228 -0.059489423 -0.066305813 -0.073820976 -0.081076774 -0.086339165 -0.091601556
-9999 0.0044393005 0.0043988515 0.006623529 0.0096351864 0.012646844 0.015658501 0.016931807 0.016198832 0.015465856 0.014732881 0.014441071 0.016076157 0.016066687 0.0127639 0.0094611133 0.0061583263 0.0030765448 0.00153824 -0.00017806621 -0.0023050292 -0.0038718214 -0.0048305881 -0.0057893547 -0.0067481214 -0.0097214801 -0.018094451 -0.026467422 -0.034840392 -0.042839741 -0.0484256 -0.052590737 -0.054017175 -0.05182181 -0.046652129 -0.041482448 -0.036312767 -0.034084869 -0.036065608 -0.038046347 -0.040027086 -0.041064141 -0.040300629 -0.042422073 -0.046617473 -0.050812874 -0.055008274 -0.058372588 -0.061145784 -0.067962173 -0.075477337 -0.0829925 -0.090507664 -0.095938194
-9999 0.0031022998 0.0061139572 0.0091256146 0.012137272 0.015148929 0.018160587 0.019433893 0.018700917 0.017967942 0.017234967 0.016501992 0.015769016 0.015499771 0.012196984 0.0088941965 0.0055914095 0.0022886225 -0.0010141645 -0.00299426 -0.0042400881 -0.0051988547 -0.0061576214 -0.0071163881 -0.0080751547 -0.011048513 -0.019421484 -0.027794455 -0.036167426 -0.044540396 -0.052913367 -0.057411432 -0.05354391 -0.048374229 -0.043204548 -0.038034867 -0.032865186 -0.030637288 -0.032618027 -0.034598766 -0.036579505 -0.038560244 -0.040234679 -0.042356122 -0.046551523 -0.050746924 -0.054942324 -0.059137725 -0.062802145 -0.069618534 -0.077133698 -0.084648861 -0.092164024 -0.099679188
-9999 0.00091020429 0.0039218617 0.0069335191 0.0099451765 0.012956834 0.016754203 0.020101514 0.019368538 0.018635563 0.017902588 0.017169612 0.016169964 0.01211557 0.0088266193 0.0055238323 0.0022210453 -0.0010817417 -0.0043845287 -0.0069785191 -0.0079372858 -0.0088960525 -0.0098548191 -0.010813586 -0.011772352 -0.014774149 -0.022440442 -0.030813413 -0.039186383 -0.047559354 -0.055932325 -0.059679569 -0.054509888 -0.049340207 -0.044170526 -0.039000845 -0.033937244 -0.032205115 -0.034185854 -0.036166593 -0.038147332 -0.040128071 -0.041415361 -0.043856128 -0.048087371 -0.052282771 -0.056478172 -0.060673572 -0.064868973 -0.071894938 -0.079410101 -0.086925265 -0.094440428 -0.10195559
-9999 -0.0048227994 -0.001811142 0.0012005154 0.0042121728 0.0091553599 0.016038053 0.019385364 0.018652388 0.017919413 0.017186438 0.015087366 0.010640095 0.0065857012 0.0033180678 3.8775403e-05 -0.0032640116 -0.0065667986 -0.0098695856 -0.012463576 -0.013422343 -0.014381109 -0.015339876 -0.016472317 -0.018067001 -0.021069842 -0.027846901 -0.035108621 -0.043481592 -0.051854562 -0.060227533 -0.063974777 -0.058805096 -0.053635415 -0.048465734 -0.043615663 -0.039288287 -0.037556158 -0.039536897 -0.041517636 -0.043498375 -0.044218924 -0.043759547 -0.046200314 -0.050725957 -0.055026885 -0.059222286 -0.063417686 -0.067613087 -0.074639052 -0.082154215 -0.089669379 -0.096005728 -0.090705317
-9999 -0.010555803 -0.0075441457 -0.0045324883 0.0015565168 0.0084392101 0.015321903 0.018669214 0.017936239 0.017203263 0.014004768 0.0095574968 0.0051102256 0.0010558321 -0.0022118013 -0.0054794346 -0.0087490685 -0.012051856 -0.015354643 -0.017948633 -0.0189074 -0.019866166 -0.021173327 -0.02276801 -0.024362693 -0.027365535 -0.034142594 -0.040919653 -0.0477768 -0.05614977 -0.064522741 -0.068269985 -0.063100304 -0.057930623 -0.053294081 -0.048966706 -0.04463933 -0.042907201 -0.04488794 -0.046868679 -0.047022486 -0.04656311 -0.046103733 -0.0485445 -0.053070143 -0.057595785 -0.061966399 -0.0661618 -0.070357201 -0.077383166 -0.084898329 -0.088802686 -0.083502275 -0.078201864
-9999 -0.016288807 -0.01292502 -0.0060423263 0.00084036697 0.0077230602 0.014605753 0.017953064 0.017220089 0.01292217 0.0084748988 0.0040276277 -0.00041964353 -0.004474037 -0.0077416704 -0.011009304 -0.014276937 -0.01754457 -0.020839699 -0.02343369 -0.024392456 -0.025874336 -0.02746902 -0.029063703 -0.030658386 -0.033661228 -0.040438287 -0.047215346 -0.053992406 -0.060769465 -0.068817949 -0.072565193 -0.067395512 -0.0629725 -0.058645124 -0.054317749 -0.049990373 -0.048258244 -0.050238983 -0.049826048 -0.049366672 -0.048907296 -0.048447919 -0.050888686 -0.055414329 -0.059939971 -0.064465614 -0.068905914 -0.073101314 -0.080127279 -0.081599645 -0.076299234 -0.070998823 -0.065698412
