P2_models/J1_p2_tot_conduct_slide_46.19.dat.tif
NCOLS 118
NROWS 92
XLLCORNER 139.62
YLLCORNER -39.07
DX 0.099491525
DY 0.099347826
NODATA_VALUE -9999
[rows 25 to 49 of 92, columns 0 to 56 of 118]
-1.8251995 -1.891758 -1.941367 -1.960002 -1.9987012 -2.0498217 -2.081848 -2.1096379 -2.1470978 -2.1813018 -2.2291179 -2.2923764 -2.3606128 -2.4103586 -2.4728911 -2.5513488 -2.6057093 -2.6697517 -2.7048754 -2.7440915 -2.7590152 -2.766672 -2.7583614 -2.7505818 -2.730992 -2.6961699 -2.6591165 -2.6130445 -2.5622339 -2.5028425 -2.4335578 -2.3616487 -2.2723991 -2.2066019 -2.1167082 -1.9988101 -1.9048706 -1.8309572 -1.7585033 -1.7218664 -1.7090184 -1.7347142 -1.7853464 -1.8803794 -2.0008165 -2.1564454 -2.3186116 -2.5036472 -2.6652517 -2.8260367 -2.9434594 -3.0534237 -3.0937851 -3.1194441 -3.0714579 -3.010385 -2.8896491
-1.7974132 -1.8849623 -1.9645555 -2.0308412 -2.0876935 -2.1509299 -2.1957011 -2.2349391 -2.2775783 -2.3133987 -2.3581699 -2.4046487 -2.4543945 -2.4783939 -2.5281396 -2.565678 -2.6104492 -2.6460117 -2.6758591 -2.7011939 -2.7161176 -2.7252278 -2.7202532 -2.7226272 -2.7081513 -2.6945792 -2.6605712 -2.6257491 -2.5766443 -2.5209775 -2.447668 -2.363901 -2.2644095 -2.1579777 -2.0375406 -1.9090411 -1.7946258 -1.6824468 -1.5881916 -1.5178895 -1.4864711 -1.492668 -1.5324646 -1.6161466 -1.7365837 -1.8922126 -2.0650137 -2.2537827 -2.4475293 -2.6220598 -2.7843881 -2.9079423 -3.0173751 -3.0651786 -3.0991245 -3.0623548 -3.0232994
-1.7970859 -1.8921992 -1.9966653 -2.0685076 -2.1490483 -2.2196988 -2.2793938 -2.318986 -2.3474121 -2.3784107 -2.398309 -2.4377647 -2.4441315 -2.4507628 -2.460712 -2.4855597 -2.4955088 -2.5200493 -2.534973 -2.5554837 -2.5704075 -2.5795176 -2.58824 -2.5967866 -2.6017612 -2.5952314 -2.5852822 -2.5595173 -2.5246952 -2.4746152 -2.4013056 -2.317354 -2.2128879 -2.1049922 -1.9692277 -1.8338542 -1.6995406 -1.5805396 -1.4653389 -1.3864858 -1.3288854 -1.3294202 -1.3542931 -1.4342567 -1.5445113 -1.7001402 -1.8729412 -2.0617102 -2.2554568 -2.4447387 -2.6254316 -2.7729472 -2.9047809 -2.9987451 -3.0593853 -3.0960401 -3.0850099
-1.799302 -1.9115128 -2.0189818 -2.1094473 -2.1880147 -2.2490948 -2.3024803 -2.338862 -2.3582323 -2.3695762 -2.3678357 -2.3826112 -2.3795671 -2.3513764 -2.3416798 -2.3435993 -2.3392616 -2.3476556 -2.3567629 -2.3731909 -2.3910737 -2.404544 -2.4180583 -2.4479057 -2.4681842 -2.4745105 -2.4770078 -2.4657578 -2.4435856 -2.4043557 -2.3436363 -2.2664813 -2.1730718 -2.0581086 -1.9262666 -1.8062711 -1.6790551 -1.5569135 -1.4463307 -1.3626554 -1.3068913 -1.2951696 -1.3185241 -1.3807152 -1.4850118 -1.6196104 -1.7876908 -1.9604919 -2.1523531 -2.3237818 -2.512292 -2.6613018 -2.8074571 -2.9313792 -3.0242355 -3.0937928 -3.1320934
-1.8116073 -1.9301405 -2.0445558 -2.136376 -2.2121791 -2.2678788 -2.3126499 -2.3363281 -2.3458034 -2.3415327 -2.3216344 -2.2983208 -2.2684734 -2.2335571 -2.2086843 -2.1863507 -2.171427 -2.1633961 -2.1683707 -2.1792031 -2.1991014 -2.2219065 -2.2517539 -2.2849642 -2.3148116 -2.3419425 -2.3518917 -2.3580268 -2.3431031 -2.3221342 -2.2697703 -2.2104419 -2.1258741 -2.0294211 -1.908984 -1.7997493 -1.6803595 -1.5723822 -1.4676543 -1.3925603 -1.3401964 -1.3312837 -1.351182 -1.409275 -1.4982937 -1.6213156 -1.7679346 -1.9284606 -2.1012617 -2.263545 -2.4311097 -2.5755613 -2.7215329 -2.8536994 -2.979942 -3.0689607 -3.1492198
-1.8426535 -1.9566081 -2.0631835 -2.1550037 -2.2176312 -2.2594407 -2.2816037 -2.2945943 -2.2712926 -2.2615922 -2.216821 -2.1927637 -2.1415323 -2.0868077 -2.0420365 -2.0177678 -1.9978695 -1.99042 -2.0003691 -2.013217 -2.0430645 -2.0666755 -2.1064522 -2.1498209 -2.1896175 -2.2204743 -2.2503218 -2.2611922 -2.2661667 -2.2508395 -2.2246576 -2.1731368 -2.1184164 -2.0232119 -1.9336007 -1.8546132 -1.7734981 -1.677375 -1.6104668 -1.5451457 -1.5140551 -1.5074148 -1.53125 -1.5822214 -1.6597339 -1.7628294 -1.8859102 -2.0165614 -2.1633541 -2.2915075 -2.4373189 -2.5604456 -2.696696 -2.8238241 -2.9513983 -3.0665991 -3.1579795
-1.8827045 -1.9867285 -2.0898537 -2.1692296 -2.2267836 -2.2419826 -2.2562593 -2.2471261 -2.2190467 -2.1808717 -2.129946 -2.080052 -2.020357 -1.9623354 -1.9175642 -1.8824286 -1.8642214 -1.8567638 -1.870197 -1.8891716 -1.9226048 -1.9568124 -2.0015836 -2.0477573 -2.091343 -2.1284363 -2.1582837 -2.1855295 -2.1964928 -2.1989016 -2.1806449 -2.1583083 -2.1163716 -2.0537567 -1.9778964 -1.9522663 -1.8858692 -1.8325588 -1.780007 -1.756577 -1.7357549 -1.7486318 -1.7745612 -1.8215204 -1.8943285 -1.9691926 -2.0791569 -2.1648291 -2.2905026 -2.3787403 -2.4991774 -2.5899406 -2.7096819 -2.8212425 -2.9445256 -3.0576022 -3.1711571
-1.93569 -2.039714 -2.1242818 -2.1822589 -2.2201604 -2.2353594 -2.2254102 -2.2007638 -2.1581246 -2.1080166 -2.0433472 -1.9790762 -1.9144067 -1.8563643 -1.8115932 -1.7764576 -1.7615338 -1.757416 -1.7773143 -1.8030701 -1.8428667 -1.8839573 -1.9287285 -1.9749022 -2.024648 -2.0688276 -2.098675 -2.1259208 -2.1458191 -2.1591625 -2.1539261 -2.145062 -2.1301382 -2.1100493 -2.0838674 -2.0582373 -2.0333645 -2.0113848 -1.9956757 -1.9950118 -2.010721 -2.0400521 -2.0798487 -2.1328103 -2.195647 -2.2656816 -2.3389911 -2.4088666 -2.4769398 -2.5458898 -2.6139629 -2.6877707 -2.7626674 -2.8621589 -2.9643951 -3.0743594 -3.1844035
-1.9915383 -2.0837148 -2.155592 -2.2128517 -2.2288857 -2.2197045 -2.194658 -2.1651345 -2.114625 -2.0624398 -1.9933943 -1.9287248 -1.8696887 -1.8232523 -1.7919143 -1.7615965 -1.7602585 -1.7593305 -1.7883877 -1.8143029 -1.8540995 -1.8953495 -1.9401207 -1.9820868 -2.0176367 -2.0619757 -2.0918231 -2.1190689 -2.1389672 -2.1591286 -2.1779859 -2.1796355 -2.1913239 -2.1726698 -2.1744415 -2.1991405 -2.2186752 -2.2191156 -2.2432083 -2.2616516 -2.3019126 -2.3407161 -2.3900815 -2.4371894 -2.4938499 -2.5461291 -2.606362 -2.6437438 -2.6946767 -2.7181022 -2.7694778 -2.7980506 -2.8601719 -2.9209723 -3.0163257 -3.1114056 -3.22137
-2.0507446 -2.1310042 -2.1956737 -2.2280448 -2.2374899 -2.2137585 -2.1834915 -2.1411077 -2.0886925 -2.0338983 -1.9657373 -1.9012161 -1.8464958 -1.8150297 -1.7877119 -1.7723178 -1.775 -1.7843305 -1.814178 -1.8455297 -1.8843305 -1.9255805 -1.9703517 -2.0031102 -2.0346398 -2.0654068 -2.0929576 -2.1215042 -2.1426017 -2.1667105 -2.1912087 -2.2202924 -2.2400212 -2.2569402 -2.2778858 -2.3372669 -2.3699322 -2.4176606 -2.4567351 -2.5112712 -2.5636351 -2.6198941 -2.6746144 -2.7279639 -2.7803278 -2.8191726 -2.8663002 -2.8849599 -2.9111418 -2.9133943 -2.9291035 -2.9371878 -2.9632345 -3.0078202 -3.0714228 -3.1603702 -3.2562712
-2.1134734 -2.1887655 -2.2335367 -2.255474 -2.2507363 -2.2270049 -2.1822337 -2.1344846 -2.0776323 -2.0206519 -1.960957 -1.9045394 -1.8697173 -1.8415224 -1.8265987 -1.8186801 -1.8336038 -1.8505624 -1.8804099 -1.9117615 -1.9465836 -1.984036 -2.0188581 -2.0494725 -2.0693708 -2.0918995 -2.1117978 -2.1347506 -2.1596235 -2.1865801 -2.2232349 -2.2600315 -2.3048027 -2.3432845 -2.4061212 -2.4697307 -2.5344002 -2.5964867 -2.6697962 -2.7369681 -2.8102776 -2.8720201 -2.9317151 -2.9862682 -3.0386322 -3.0734002 -3.0995822 -3.1093116 -3.1098375 -3.1003014 -3.08806 -3.0790814 -3.0758287 -3.0979379 -3.1376547 -3.2109643 -3.2960103
-2.1563185 -2.2230564 -2.2629769 -2.2787765 -2.2624496 -2.2263983 -2.1786001 -2.1304199 -2.0767554 -2.0241737 -1.9753651 -1.9242083 -1.8955946 -1.8839801 -1.8839782 -1.8819019 -1.9043883 -1.9239772 -1.9538247 -1.9821679 -2.009224 -2.044046 -2.0716073 -2.086531 -2.1024446 -2.1209912 -2.136854 -2.159354 -2.1883133 -2.220094 -2.2689631 -2.316886 -2.3800975 -2.4308547 -2.5031261 -2.5851422 -2.659681 -2.7322138 -2.8119891 -2.8852987 -2.9586082 -3.0209131 -3.0781657 -3.1275029 -3.1751852 -3.2029149 -3.2253608 -3.2235989 -3.2208084 -3.1940198 -3.1755433 -3.149959 -3.1386687 -3.1451671 -3.1728809 -3.2251196 -3.3033667
-2.1967713 -2.2473273 -2.2821493 -2.2827322 -2.2590438 -2.2212896 -2.1715438 -2.1224013 -2.0702867 -2.0258766 -1.9811054 -1.9448724 -1.9249741 -1.9217819 -1.9268487 -1.939853 -1.9648228 -1.9896957 -2.0193954 -2.0462343 -2.0709086 -2.0928747 -2.1077984 -2.1196167 -2.1342401 -2.1505155 -2.1657904 -2.1885192 -2.2195728 -2.2590256 -2.3125508 -2.3759146 -2.4455699 -2.5198986 -2.6036809 -2.6873999 -2.7669931 -2.8432011 -2.9269834 -2.9969971 -3.0703066 -3.1257999 -3.1805202 -3.2209653 -3.2628565 -3.2854488 -3.301158 -3.2969074 -3.2864346 -3.2598056 -3.2283872 -3.2019064 -3.176227 -3.1771964 -3.1885239 -3.2340619 -3.2894187
-2.2176127 -2.260902 -2.2708511 -2.2683874 -2.2399612 -2.20142 -2.1516743 -2.1030282 -2.0556513 -2.012797 -1.9829495 -1.9515967 -1.9466221 -1.9482747 -1.9631984 -1.9795921 -2.0094396 -2.036058 -2.0609309 -2.0859735 -2.1058718 -2.1259906 -2.1361603 -2.1461094 -2.1560586 -2.170385 -2.1902833 -2.215012 -2.2597832 -2.3053879 -2.373461 -2.4421465 -2.5267143 -2.6061223 -2.7003775 -2.7863532 -2.8609718 -2.9345715 -3.0026446 -3.065231 -3.1123586 -3.1605709 -3.195393 -3.2288377 -3.2497833 -3.2703862 -3.2812885 -3.2770378 -3.266565 -3.2426979 -3.2151409 -3.18866 -3.1629806 -3.151926 -3.1554079 -3.1868263 -3.2364332
-2.2154103 -2.2431183 -2.2480332 -2.2355259 -2.2027997 -2.1592787 -2.109533 -2.0652856 -2.0227899 -1.9851264 -1.9610419 -1.9397326 -1.9374023 -1.949004 -1.9698941 -1.9896356 -2.0194831 -2.0477754 -2.0726483 -2.0960169 -2.1159153 -2.1329068 -2.1428559 -2.1556102 -2.1720341 -2.1900935 -2.2231448 -2.2547507 -2.3128783 -2.3674521 -2.4454977 -2.5226032 -2.6130526 -2.7008302 -2.7918626 -2.8654888 -2.93248 -2.9871711 -3.0353593 -3.071907 -3.102932 -3.1192154 -3.1404772 -3.1519944 -3.1649722 -3.1753602 -3.1847122 -3.1832091 -3.1733843 -3.1629115 -3.1372551 -3.115713 -3.0900336 -3.078979 -3.0750931 -3.0995777 -3.1392253
-2.2035849 -2.2161686 -2.211194 -2.1869513 -2.1490497 -2.1064345 -2.0566888 -2.0133472 -1.9754457 -1.9466255 -1.9267272 -1.915367 -1.9203416 -1.9346607 -1.9595336 -1.9869182 -2.0167657 -2.0459638 -2.0708367 -2.0951112 -2.1150095 -2.132001 -2.1419501 -2.1601392 -2.1800375 -2.2089657 -2.2487623 -2.2986864 -2.3633559 -2.4364512 -2.5202335 -2.6067767 -2.7012936 -2.7922537 -2.876036 -2.9387927 -2.9984876 -3.0353368 -3.0615188 -3.0672286 -3.072465 -3.0635044 -3.0585298 -3.0497797 -3.0445433 -3.0445337 -3.0497701 -3.0506457 -3.0454093 -3.0393313 -3.0288586 -3.0103222 -2.9897052 -2.9786506 -2.9729531 -2.9938987 -3.0236478
-2.1505994 -2.1549588 -2.1317157 -2.107473 -2.0695715 -2.0284106 -1.9836395 -1.9417857 -1.9086218 -1.8829517 -1.8779771 -1.8690047 -1.8824017 -1.9022958 -1.9321432 -1.9611256 -1.9959476 -2.0267436 -2.056591 -2.0824632 -2.1073361 -2.1253778 -2.1471978 -2.1748758 -2.2096978 -2.2438653 -2.3035602 -2.3598753 -2.4444431 -2.5241926 -2.6289205 -2.7185775 -2.8081199 -2.8982247 -2.9685057 -3.0141692 -3.0290929 -3.0493443 -3.0231623 -3.0085549 -2.9598708 -2.9325581 -2.8863269 -2.8690144 -2.8458477 -2.8406113 -2.837828 -2.8510484 -2.85996 -2.8681179 -2.869902 -2.8594292 -2.8439951 -2.8329405 -2.8267084 -2.8371812 -2.8624712
-2.0985755 -2.0895168 -2.0604667 -2.0238426 -1.9842788 -1.940628 -1.8988307 -1.8735759 -1.8482233 -1.8250241 -1.82182 -1.8302098 -1.8476367 -1.8774842 -1.9081151 -1.9445431 -1.9819114 -2.0151783 -2.0457076 -2.0775212 -2.103656 -2.1355713 -2.1621846 -2.2005787 -2.2380472 -2.3031489 -2.3740457 -2.4402448 -2.5256678 -2.6227506 -2.7281829 -2.8311717 -2.9182364 -2.9906862 -3.0508939 -3.0753576 -3.0792634 -3.050924 -3.0062273 -2.9355984 -2.8610618 -2.7867465 -2.7204274 -2.6555608 -2.6249556 -2.6128504 -2.6105217 -2.6224977 -2.651729 -2.66606 -2.6919461 -2.683864 -2.6941328 -2.6830782 -2.6768461 -2.6850724 -2.6910581
-2.0370278 -2.0098172 -1.9749952 -1.9355987 -1.8929595 -1.8583905 -1.8235685 -1.8004943 -1.7862813 -1.7817585 -1.7867331 -1.8002458 -1.8300932 -1.865232 -1.900054 -1.9372089 -1.9770055 -2.0159739 -2.0507959 -2.0870718 -2.1218938 -2.1581692 -2.1979658 -2.2462802 -2.3059752 -2.3725307 -2.4521239 -2.5363465 -2.6308635 -2.7270813 -2.8370456 -2.9313025 -3.0059211 -3.0662256 -3.0976439 -3.0879655 -3.0581181 -2.9952039 -2.9061852 -2.7993889 -2.6894246 -2.5871885 -2.4976462 -2.4320526 -2.3849251 -2.3723777 -2.3723777 -2.4046829 -2.4413377 -2.478616 -2.5100344 -2.5288208 -2.5438245 -2.5333132 -2.521662 -2.5111892 -2.5086029
-1.9625169 -1.9330714 -1.8942751 -1.8548786 -1.8211318 -1.7966219 -1.7801038 -1.761447 -1.7614443 -1.7610478 -1.7859207 -1.8002458 -1.8409483 -1.8857194 -1.9304906 -1.9691341 -2.0139053 -2.0540575 -2.0938541 -2.1320911 -2.1768623 -2.2140524 -2.2605772 -2.3159331 -2.3855772 -2.4545003 -2.5440427 -2.6300591 -2.7295506 -2.8246625 -2.9189176 -3.0071614 -3.0569071 -3.1158995 -3.1121495 -3.0653096 -2.977398 -2.8973547 -2.7509542 -2.6251558 -2.4721012 -2.3565571 -2.2430674 -2.1751543 -2.124137 -2.1227588 -2.1364266 -2.1883223 -2.2426421 -2.3060854 -2.3548034 -2.3862218 -2.4072213 -2.401694 -2.3908219 -2.3751127 -2.3674049
-1.8965123 -1.8623612 -1.8229577 -1.7870425 -1.7573393 -1.7522297 -1.7412856 -1.746486 -1.7534203 -1.7692466 -1.8005058 -1.8322092 -1.8770922 -1.9367872 -1.9866532 -2.0330303 -2.0795507 -2.1243218 -2.1659184 -2.2057151 -2.2486354 -2.29486 -2.3446057 -2.3999617 -2.4696057 -2.5433049 -2.6308439 -2.7203863 -2.8157693 -2.9060503 -2.9880698 -3.0535287 -3.0900271 -3.1180847 -3.0987837 -2.9913629 -2.8854715 -2.7487494 -2.5848864 -2.4067598 -2.2386079 -2.095809 -1.9755989 -1.9012956 -1.849549 -1.869939 -1.8908846 -1.9745985 -2.0426717 -2.1375854 -2.2056586 -2.2559442 -2.2865025 -2.2873181 -2.2771637 -2.2570905 -2.2397354
-1.8236572 -1.7895061 -1.754684 -1.7318132 -1.7176002 -1.7124906 -1.7174652 -1.7332396 -1.7616658 -1.7957393 -1.8405105 -1.8902524 -1.9499473 -2.0096422 -2.0693371 -2.125755 -2.1755007 -2.2236697 -2.2684409 -2.3116861 -2.3514827 -2.3942078 -2.4439536 -2.4993095 -2.5689536 -2.6426527 -2.7272205 -2.8131109 -2.9026533 -2.9855286 -3.0483654 -3.0932679 -3.103217 -3.0859918 -3.0126823 -2.9052614 -2.7510496 -2.5765465 -2.372327 -2.168325 -1.9641055 -1.8043887 -1.6750497 -1.5966289 -1.5547377 -1.5796675 -1.6372679 -1.7346357 -1.8446001 -1.9543905 -2.0643548 -2.1247696 -2.1805314 -2.1860587 -2.184439 -2.1582571 -2.1337644
-1.7677184 -1.7394909 -1.7111229 -1.6883608 -1.6889435 -1.7055944 -1.7297125 -1.75877 -1.8111331 -1.855888 -1.9272415 -1.9771355 -2.0483147 -2.1229376 -2.1871646 -2.2452536 -2.2995823 -2.3462179 -2.3863553 -2.4296222 -2.4694188 -2.5121222 -2.5566343 -2.6020411 -2.6621125 -2.7317566 -2.8018129 -2.8811773 -2.9462796 -3.0212167 -3.0548151 -3.0808965 -3.0414589 -3.0238206 -2.909427 -2.7374656 -2.5341569 -2.3356736 -2.0870743 -1.8697193 -1.6476911 -1.4907453 -1.3646503 -1.3075107 -1.2876168 -1.3477818 -1.432079 -1.5695188 -1.701452 -1.8426696 -1.9647026 -2.0549167 -2.1186623 -2.1352442 -2.1346238 -2.1084419 -2.0822599
-1.7116785 -1.6949588 -1.6700859 -1.6625405 -1.6674824 -1.7034039 -1.7342404 -1.7876209 -1.8462663 -1.9181912 -1.9968074 -2.0731336 -2.1527268 -2.2408952 -2.307367 -2.3688247 -2.423545 -2.472045 -2.5108387 -2.5476269 -2.585316 -2.6251126 -2.6649092 -2.704953 -2.762337 -2.8206802 -2.8867055 -2.9485445 -3.0069283 -3.0527162 -3.0741972 -3.060901 -3.0066828 -2.9298998 -2.7885171 -2.5606906 -2.3412576 -2.0904041 -1.8253552 -1.5716242 -1.3412227 -1.1838264 -1.059462 -1.0248667 -1.0196303 -1.1173955 -1.2273598 -1.4028236 -1.5651519 -1.7345496 -1.8811687 -1.9862645 -2.0734278 -2.0971328 -2.1053078 -2.0805107 -2.0543287
-1.6620221 -1.6498082 -1.639859 -1.6419084 -1.6608592 -1.6967807 -1.751501 -1.8141137 -1.8946544 -1.9777999 -2.0772915 -2.1694134 -2.2689049 -2.3601126 -2.4347312 -2.5012884 -2.5560088 -2.6045088 -2.6393308 -2.6734675 -2.7033149 -2.7370723 -2.7718943 -2.810924 -2.8606697 -2.9134049 -2.9681252 -3.0213995 -3.0611961 -3.0924554 -3.0819826 -3.0476546 -2.9481631 -2.8328038 -2.6285843 -2.3951108 -2.1215092 -1.8453462 -1.5416352 -1.2733732 -1.0272626 -0.86746113 -0.76299503 -0.7373537 -0.77400847 -0.88857282 -1.0509011 -1.2449607 -1.4591808 -1.6438329 -1.8281832 -1.945177 -2.0535582 -2.0867221 -2.1053078 -2.0843622 -2.0609519
