P2_models/J1_p2_vp_slide_diff2_10.dat.tif
NCOLS 118
NROWS 92
XLLCORNER 139.62
YLLCORNER -39.07
DX 0.099491525
DY 0.099347826
NODATA_VALUE -9999
[rows 50 to 74 of 92, columns 57 to 113 of 118]
0.16403007 0.14839569 0.1327613 0.12992641 0.1357893 0.14165219 0.14617157 0.1499025 0.15363344 0.15060946 0.14735337 0.14600179 0.14817251 0.15034323 0.1547138 0.1618993 0.16908479 0.16600696 0.16140087 0.15693932 0.16538672 0.17383411 0.18116713 0.18417065 0.18717417 0.19004929 0.19286508 0.19417907 0.1877966 0.18141412 0.18112839 0.19182842 0.20252845 0.20909468 0.21228592 0.21569026 0.22602957 0.23636889 0.25260179 0.27269518 0.29278856 0.28832478 0.28124557 0.26905848 0.25011683 0.23117517 0.20417468 0.17333231 0.14070423 0.10389237 0.067080504 0.035844063 0.0075884699 -0.021374827 -0.052217199 -0.083059572 -9999
0.16093925 0.14530486 0.12967048 0.12683559 0.13269848 0.13856137 0.14442427 0.14946096 0.15319189 0.15016791 0.1500127 0.15218343 0.15435415 0.15652488 0.16089544 0.16727131 0.16266522 0.15805913 0.15345304 0.1489915 0.15743889 0.16588628 0.17433368 0.18262524 0.18562876 0.18850388 0.18819826 0.18181579 0.17543331 0.16905084 0.1687651 0.17946513 0.19016517 0.2008652 0.20875355 0.21215789 0.2224972 0.24001468 0.26010807 0.28020146 0.30029484 0.29583106 0.2818185 0.26287684 0.24393518 0.22499353 0.19799304 0.16471127 0.1278994 0.091087537 0.054275673 0.023039232 -0.0062073329 -0.037049706 -0.067892079 -0.098734452 -9999
0.15784843 0.14221404 0.12657966 0.12374476 0.12960766 0.13547055 0.14133344 0.14719634 0.15275034 0.15402362 0.15619435 0.15836507 0.1605358 0.16270652 0.16392957 0.15932348 0.15471739 0.1501113 0.14550522 0.14104367 0.14949106 0.15793846 0.16638585 0.17483325 0.18328064 0.18221745 0.17583498 0.1694525 0.16307003 0.15668755 0.15640182 0.16710185 0.17780188 0.18850191 0.19920194 0.20862552 0.22742758 0.24752096 0.26761435 0.28770774 0.30780112 0.29457851 0.27563685 0.2566952 0.23775354 0.21881189 0.1887183 0.15190644 0.11509457 0.078282706 0.041470842 0.0089601607 -0.021882212 -0.052724585 -0.083566958 -0.11440933 -9999
0.15240992 0.13677554 0.13256793 0.13307928 0.13601036 0.14187326 0.14773615 0.15359904 0.15946194 0.16175531 0.16392604 0.16609676 0.16826749 0.16759996 0.1633455 0.15873941 0.15413332 0.14952723 0.14504784 0.14868983 0.14872197 0.15716937 0.16561676 0.17406415 0.18251155 0.18081551 0.17443304 0.16805056 0.16166809 0.15168503 0.14075298 0.14460775 0.15530778 0.16600781 0.17670785 0.18768792 0.20778131 0.22787469 0.24796808 0.26806147 0.2851625 0.26964006 0.25069841 0.23175675 0.21281509 0.19572222 0.16560586 0.128794 0.091982131 0.055170267 0.021135127 -0.010123178 -0.040965551 -0.071807924 -0.1026503 -0.12862574 -9999
0.14657864 0.14624034 0.14854997 0.14906132 0.14835066 0.14986428 0.15572717 0.16159006 0.16745296 0.16974633 0.17191706 0.17408778 0.17222754 0.16824788 0.16399342 0.15938733 0.15478124 0.1517297 0.15541457 0.15905656 0.15886884 0.15868112 0.16604871 0.1744961 0.18294349 0.18124746 0.17486498 0.16848251 0.15691724 0.14002245 0.12909041 0.12890269 0.13111875 0.14181878 0.15251881 0.16349888 0.18359227 0.20368566 0.22377904 0.24050402 0.25708594 0.2415635 0.22262185 0.20368019 0.18695697 0.17088527 0.1407689 0.10395704 0.067145175 0.033517807 0.0014815355 -0.02977677 -0.060619142 -0.091461515 -0.11668937 -0.13877649 -9999
0.15991276 0.16222238 0.16453201 0.16504336 0.1643327 0.16362205 0.16371819 0.16958108 0.17544398 0.17773735 0.17990808 0.17685512 0.17287546 0.1688958 0.16464134 0.16003525 0.15841156 0.16209643 0.1657813 0.16942329 0.16923557 0.16904785 0.16886013 0.17492805 0.18337544 0.18167941 0.17529693 0.16214946 0.14525467 0.12835988 0.11742784 0.11724012 0.1170524 0.11762974 0.12832977 0.13930985 0.15940323 0.17926362 0.19584554 0.21242746 0.22900938 0.21348694 0.19454529 0.17819173 0.16212002 0.14604831 0.11593195 0.079120083 0.045900486 0.013864215 -0.018172056 -0.049430361 -0.080272734 -0.10475301 -0.12684013 -0.14892725 -9999
0.1758948 0.17820443 0.18051405 0.1810254 0.18031475 0.17960409 0.17889344 0.17818279 0.183435 0.18546236 0.1814827 0.17750304 0.17352338 0.16954372 0.16528926 0.16509341 0.16877829 0.17246316 0.17614803 0.17979002 0.1796023 0.17941458 0.17922686 0.17903914 0.18380739 0.18211135 0.16738167 0.15048689 0.1335921 0.11669731 0.10576527 0.10557755 0.10538983 0.10520211 0.10501439 0.11512081 0.13460514 0.15118706 0.16776898 0.1843509 0.20093282 0.18549818 0.16942648 0.15335477 0.13728306 0.12121135 0.09109499 0.058283166 0.026246895 -0.0057893766 -0.037825648 -0.069083953 -0.092816648 -0.11490377 -0.13699089 -0.159078 -9999
0.18815728 0.1904669 0.19277653 0.19238788 0.19167722 0.19096657 0.19025592 0.18954526 0.18883461 0.18711354 0.18313388 0.17915422 0.17517456 0.1711949 0.17057745 0.17426232 0.17794719 0.18163206 0.18531693 0.18667151 0.1856212 0.18543348 0.18524576 0.18505804 0.18487032 0.1732552 0.15636041 0.13946562 0.12257083 0.10567605 0.095644003 0.095456283 0.095268563 0.095080843 0.094893123 0.09520535 0.11178727 0.12836919 0.14495111 0.16153303 0.17730316 0.16273623 0.14666452 0.13059281 0.1145211 0.098449396 0.071366932 0.039330661 0.0072943898 -0.024741881 -0.056778153 -0.081818723 -0.10390584 -0.12599296 -0.14808008 -0.1701672 -9999
0.18771573 0.19002536 0.19233498 0.19094227 0.18726176 0.18655111 0.18584046 0.1851298 0.18441915 0.18806811 0.18821166 0.184232 0.18025234 0.17627268 0.17565522 0.1793401 0.18302497 0.18670984 0.18640908 0.1818145 0.17824782 0.17660256 0.17641484 0.17622712 0.1760394 0.16442428 0.14752949 0.1306347 0.11373992 0.097445329 0.087934136 0.090374495 0.090411558 0.090223838 0.090036119 0.090348345 0.10693027 0.12351219 0.14009411 0.15519625 0.16670606 0.14931211 0.13098964 0.11491793 0.098846225 0.082774517 0.05535307 0.02277269 -0.0092635812 -0.041299852 -0.073336124 -0.097559929 -0.11820023 -0.14028735 -0.16237446 -0.18446158 -9999
0.18727419 0.18958381 0.19189343 0.19050073 0.18659213 0.18268354 0.181425 0.18071434 0.18000369 0.18365266 0.18745142 0.18930978 0.18533011 0.18135045 0.180733 0.18441787 0.18810275 0.18615816 0.18155208 0.1769575 0.17339082 0.16982414 0.16758393 0.16739621 0.16720849 0.15559336 0.13869857 0.12180379 0.10564141 0.089497503 0.07998631 0.082426669 0.084867027 0.085366834 0.085179114 0.085491341 0.10207326 0.11865518 0.13308935 0.14459915 0.15610895 0.138715 0.11824271 0.099243054 0.083171346 0.067099638 0.039678191 0.0068459873 -0.025821552 -0.057857823 -0.089894095 -0.1141179 -0.13416485 -0.15458173 -0.17666885 -0.19875597 -9999
0.18473972 0.18914226 0.19145189 0.19005918 0.18615059 0.18224199 0.1783334 0.17629888 0.17558823 0.1792372 0.18303596 0.18683473 0.19040789 0.18642823 0.18581078 0.18949565 0.18590725 0.18130116 0.17669507 0.17210049 0.16853381 0.16496714 0.16140046 0.15856529 0.15837757 0.14676244 0.1299814 0.11383749 0.097693585 0.081549677 0.072038484 0.074478842 0.076919201 0.079359559 0.080322109 0.080634336 0.097216257 0.11098244 0.12249224 0.13400205 0.14551185 0.1281179 0.10764561 0.087173314 0.067496467 0.051424759 0.024003311 -0.0088288919 -0.041661095 -0.074415794 -0.10645207 -0.13067587 -0.15072282 -0.17076976 -0.19096324 -0.21305036 -9999
0.18098658 0.18596115 0.19093573 0.18961764 0.18570904 0.18180045 0.17789185 0.17398325 0.17117277 0.17482174 0.1786205 0.18241927 0.18621804 0.19001681 0.19026242 0.18565633 0.18105024 0.17644415 0.17183807 0.16724349 0.16367681 0.16011013 0.15654345 0.15297678 0.14954665 0.13817748 0.12203357 0.10588967 0.089745759 0.073601851 0.064090658 0.066531016 0.068971375 0.071411733 0.073852091 0.075777331 0.088875535 0.10038534 0.11189514 0.12340495 0.13491475 0.1175208 0.097048507 0.076576212 0.056103918 0.035749879 0.0083284322 -0.024503771 -0.057335975 -0.090168178 -0.12300038 -0.14723384 -0.16728079 -0.18732773 -0.20737468 -0.22742162 -9999
0.17615638 0.18113096 0.18610553 0.19097433 0.18942184 0.18551325 0.18160465 0.17769606 0.17378746 0.1659442 0.16974297 0.17354174 0.1773405 0.18113927 0.18125107 0.17664498 0.17203889 0.1674328 0.16282671 0.15717587 0.15512705 0.15156037 0.1479937 0.14442702 0.14086034 0.12869101 0.1125471 0.096403193 0.080259286 0.066170181 0.06246887 0.062737538 0.065177896 0.067618254 0.070058613 0.072769355 0.084279159 0.095788962 0.10729877 0.11880857 0.12680609 0.11046259 0.089990294 0.069518 0.049045705 0.02857341 -0.0043110421 -0.037716815 -0.070549018 -0.10338122 -0.13621342 -0.16235693 -0.18271047 -0.20275741 -0.22280436 -0.24285131 -9999
0.17085783 0.17583241 0.18080698 0.18567578 0.19047269 0.19103257 0.18712398 0.18321538 0.17930678 0.16990807 0.1603207 0.16272386 0.16652263 0.1703214 0.17043319 0.16582711 0.16122102 0.15655759 0.1506618 0.14481258 0.1431231 0.14140482 0.13783814 0.13427146 0.13070479 0.11853545 0.10239155 0.086247638 0.074207825 0.069702549 0.066001237 0.063748599 0.06319094 0.065631298 0.068071656 0.070782398 0.082292202 0.093802006 0.10531181 0.11264135 0.11907904 0.10292603 0.084367032 0.063998676 0.043526381 0.023054087 -0.0098303658 -0.048632061 -0.08269153 -0.11552373 -0.14835594 -0.17449945 -0.19706691 -0.21769646 -0.2377434 -0.25779035 -9999
0.16583072 0.17053386 0.17550843 0.18037723 0.18517414 0.18997105 0.1926433 0.1887347 0.18482611 0.17542739 0.16584003 0.15625266 0.15570475 0.15950352 0.15961532 0.15500923 0.1500901 0.14419431 0.13829851 0.1324493 0.13075982 0.12907034 0.12738086 0.12411591 0.12054923 0.1083799 0.09223599 0.082245469 0.077740192 0.073234916 0.069533605 0.067280966 0.065028328 0.063644341 0.0660847 0.068795442 0.080305246 0.091815049 0.098476613 0.1049143 0.11135199 0.095198975 0.076639979 0.058080983 0.038007058 0.017534763 -0.015349689 -0.054151384 -0.092953079 -0.12766625 -0.16049845 -0.18664196 -0.20920942 -0.23177689 -0.25268245 -0.27272939 -9999
0.16318145 0.16602406 0.17020988 0.17507868 0.17987559 0.1846725 0.18946942 0.19425403 0.19034543 0.18094671 0.17135935 0.16177198 0.15218462 0.14868565 0.14879745 0.14362261 0.13772682 0.13183102 0.12593523 0.12008601 0.11839653 0.11670705 0.11501758 0.1133281 0.11039367 0.098224343 0.090283113 0.085777836 0.08127256 0.076767283 0.073065972 0.070813333 0.068560695 0.066308057 0.064097743 0.066808485 0.077874186 0.084311873 0.09074956 0.097187247 0.10362493 0.087471922 0.068912926 0.05035393 0.031794933 0.012015439 -0.020869013 -0.059670708 -0.098472403 -0.1372741 -0.17264096 -0.19878447 -0.22135193 -0.2439194 -0.26648686 -0.28766843 -9999
0.16045826 0.16330087 0.16614349 0.16863447 0.17343139 0.1782283 0.18302521 0.18782213 0.19261904 0.18350952 0.17392215 0.16433479 0.15474742 0.14516006 0.13512251 0.12922672 0.12333092 0.11743513 0.11153933 0.10532979 0.10503542 0.10334594 0.10165646 0.099966986 0.098277507 0.094662061 0.090156784 0.085651508 0.081146231 0.076640954 0.074343991 0.072091353 0.069838714 0.067586076 0.065333438 0.063339881 0.069777568 0.076215255 0.082652942 0.089090629 0.094892032 0.078081825 0.059522829 0.040963833 0.022404837 0.0038458407 -0.029899206 -0.068700901 -0.1075026 -0.14630429 -0.18510599 -0.21140742 -0.23397488 -0.25654235 -0.27910981 -0.30167727 -9999
0.15736744 0.16044737 0.16844223 0.16712836 0.16128888 0.16608579 0.1708827 0.17567961 0.18047653 0.171367 0.16177964 0.15219227 0.14260491 0.12427098 0.11061671 0.10472092 0.098825126 0.092929332 0.086127225 0.078174714 0.08399403 0.085021789 0.08333231 0.081642831 0.079953352 0.076337906 0.07183263 0.067327353 0.062822076 0.068318291 0.071084841 0.062262007 0.059903932 0.057651294 0.055398655 0.053405098 0.059842785 0.066280472 0.072718159 0.077620359 0.077230197 0.060419989 0.041860993 0.023301997 0.0045576815 -0.021654509 -0.05639196 -0.095193655 -0.13399535 -0.17279704 -0.20180155 -0.22641998 -0.24898744 -0.27155491 -0.29412237 -0.31399957 -9999
0.15576411 0.16375897 0.17175382 0.17043996 0.16280043 0.1551609 0.15874019 0.1635371 0.16833401 0.15922449 0.14963713 0.13920001 0.11948259 0.099765183 0.086110917 0.080215123 0.074319329 0.067078869 0.058972152 0.051019642 0.056838957 0.062658273 0.065008155 0.063318677 0.061629198 0.058013752 0.053508475 0.049003198 0.056912289 0.066110562 0.068877111 0.060054278 0.051231444 0.047716511 0.045463873 0.043470316 0.049908002 0.056345689 0.060348686 0.059958524 0.059568361 0.042758154 0.024199157 0.0042771182 -0.021935072 -0.048147262 -0.082884714 -0.12168641 -0.15990496 -0.18835954 -0.21681411 -0.24143254 -0.264 -0.28647752 -0.3061249 -0.32577229 -9999
0.15907571 0.16707056 0.17506541 0.17375155 0.16611203 0.1584725 0.15083297 0.15139459 0.1561915 0.14708198 0.13441162 0.11469421 0.094976797 0.075259385 0.06160512 0.055709326 0.048030513 0.039923796 0.03181708 0.023864569 0.029683885 0.0355032 0.041322516 0.044994522 0.043305043 0.039689597 0.036308013 0.045506286 0.054704559 0.063902832 0.066669382 0.057846548 0.049023715 0.040200881 0.03552909 0.033535533 0.03997322 0.043077014 0.042686851 0.042296688 0.041906525 0.025096318 0.003996555 -0.022215635 -0.048427826 -0.074640016 -0.10937747 -0.14646294 -0.17491752 -0.2033721 -0.23182667 -0.2564451 -0.27860285 -0.29825023 -0.31789762 -0.33754501 -9999
0.1623873 0.17038215 0.17837701 0.17706315 0.16942362 0.16178409 0.15414456 0.14650504 0.14404899 0.12962323 0.10990582 0.090188411 0.070471 0.050753588 0.037088875 0.028982158 0.020875441 0.012768724 0.0046620071 -0.0032905033 0.0025288124 0.008348128 0.014167444 0.019986759 0.024980889 0.02490201 0.034100283 0.043298557 0.05249683 0.061695103 0.064461652 0.055638819 0.046815985 0.037993152 0.029170319 0.02360075 0.025805341 0.025415178 0.025025015 0.024634852 0.024244689 0.0037159917 -0.022496199 -0.048708389 -0.074920579 -0.10113277 -0.13302093 -0.16147551 -0.18993008 -0.21838466 -0.24683923 -0.27072818 -0.29037556 -0.31002295 -0.32967034 -0.34931773 -9999
0.15004853 0.15804339 0.16603824 0.16631109 0.15924518 0.15160565 0.14396612 0.13632659 0.12868707 0.11469968 0.094982272 0.07526486 0.055547449 0.035830038 0.021205904 0.013099187 0.0049924699 -0.003114247 -0.011220964 -0.018924926 -0.015802528 -0.0099832126 -0.0041638969 0.0016554187 0.0074747343 0.015605211 0.024803484 0.034001757 0.04320003 0.053073974 0.058671512 0.049078432 0.040255599 0.031432766 0.022609932 0.014038499 0.013648336 0.013258173 0.01286801 0.012477847 0.007077895 -0.018984189 -0.04519638 -0.07140857 -0.097620761 -0.12383295 -0.15008142 -0.17843396 -0.20688854 -0.23534311 -0.26379769 -0.28378955 -0.30313526 -0.32278265 -0.34243004 -0.36207742 -9999
0.12882422 0.13681908 0.14481393 0.14508678 0.14011221 0.1337682 0.12612867 0.11848914 0.11084962 0.098004153 0.084979807 0.065781659 0.046064247 0.026346836 0.011722702 0.0036159852 -0.0044907317 -0.012590718 -0.020328948 -0.027956546 -0.025703908 -0.023304853 -0.017485537 -0.011666222 -0.005846906 0.0022835705 0.011481844 0.020680117 0.03165811 0.046300259 0.051897796 0.041197764 0.031223978 0.022401145 0.013578312 0.0050068781 0.0046167153 0.0042265524 0.0038363896 -0.0027919264 -0.010985346 -0.037365245 -0.065682064 -0.091955507 -0.1181677 -0.14437989 -0.17062836 -0.19689412 -0.22495178 -0.25340635 -0.28186093 -0.30185279 -0.31732014 -0.33610271 -0.3557501 -0.37539748 -9999
0.10714367 0.11559477 0.12358962 0.12386248 0.1188879 0.11391332 0.10829122 0.10065169 0.093012165 0.080166702 0.067142357 0.054118012 0.036581046 0.016863634 0.0022395005 -0.0058672164 -0.013884109 -0.021622339 -0.029360568 -0.036988167 -0.034735528 -0.03248289 -0.030230252 -0.024987862 -0.019168546 -0.01103807 -0.0018397967 0.010242245 0.024884394 0.039526543 0.045124081 0.034424049 0.023724017 0.013369524 0.0045466911 -0.0040247424 -0.0044149053 -0.0048050681 -0.012661748 -0.020855168 -0.029048587 -0.055428486 -0.083745305 -0.11206212 -0.13871463 -0.16492682 -0.19117529 -0.21744106 -0.24370682 -0.27146959 -0.29992417 -0.31991603 -0.33538338 -0.35085073 -0.36907016 -0.38871754 -9999
0.081403552 0.092951676 0.10236532 0.10263817 0.097663591 0.092689015 0.087714438 0.082739862 0.075174714 0.062329251 0.049304906 0.036280561 0.023256216 0.0073804329 -0.0072437011 -0.0151775 -0.022915729 -0.030653959 -0.038392189 -0.046019787 -0.043767149 -0.041514511 -0.039261872 -0.037009234 -0.032490187 -0.02435971 -0.011173619 0.00346853 0.018110679 0.032752828 0.038350366 0.027650334 0.016950302 0.0062502697 -0.0044497623 -0.013056363 -0.014338149 -0.022531569 -0.030724989 -0.038918409 -0.047111828 -0.073491727 -0.10180855 -0.13012536 -0.15844218 -0.18547376 -0.21172223 -0.23798799 -0.26425375 -0.29051952 -0.31798741 -0.33797927 -0.35344662 -0.36891397 -0.38438132 -0.4020376 -9999
