P2_models/J1_p2_vp_slide_diff_200.dat.tif
NCOLS 118
NROWS 92
XLLCORNER 139.62
YLLCORNER -39.07
DX 0.099491525
DY 0.099347826
NODATA_VALUE -9999
[rows 0 to 26 of 92, columns 0 to 59 of 118]
-9999 -9999 -9999 -9999 -9999 -9999 -9999 -9999 -9999 -9999 -9999 -9999 -9999 -9999 -9999 -9999 -9999 -9999 -9999 -9999 -9999 -9999 -9999 -9999 -9999 -9999 -9999 -9999 -9999 -9999 -9999 -9999 -9999 -9999 -9999 -9999 -9999 -9999 -9999 -9999 -9999 -9999 -9999 -9999 -9999 -9999 -9999 -9999 -9999 -9999 -9999 -9999 -9999 -9999 -9999 -9999 -9999 -9999 -9999 -9999
-9999 8.3161064 8.3168746 8.3176428 8.3184111 8.3191793 8.3192717 8.3195581 8.3172828 8.311955 8.3066271 8.3012993 8.2959714 8.293076 8.2946386 8.2957276 8.2968165 8.2979054 8.2989944 8.3003943 8.3025116 8.304629 8.3067463 8.3088637 8.310266 8.3068158 8.3016915 8.2958055 8.2899195 8.2840335 8.2781475 8.2767999 8.2842011 8.2916022 8.2990034 8.3064045 8.309722 8.3062863 8.3096738 8.3132171 8.3167603 8.3203036 8.3238469 8.3215852 8.312683 8.3029929 8.2933027 8.2836126 8.2739225 8.2688215 8.2591756 8.2495297 8.2398838 8.230238 8.2237107 8.2264614 8.2270601 8.2276588 8.2282575 8.2288563
-9999 8.3159597 8.3167279 8.3174961 8.3182643 8.3178311 8.3166454 8.3169318 8.3189172 8.3186092 8.3132814 8.3079535 8.3026257 8.2997303 8.301706 8.3034887 8.3045776 8.3056666 8.3067555 8.3081554 8.3102728 8.3123901 8.3145075 8.3146321 8.3116016 8.3081514 8.3035765 8.2987504 8.2928643 8.2869783 8.2810923 8.2797447 8.2871459 8.2945471 8.3019482 8.3017502 8.2936912 8.2902555 8.2934339 8.296746 8.3002893 8.3038326 8.3073758 8.3051141 8.2986793 8.2903819 8.2806918 8.2710016 8.2613115 8.2564539 8.2524314 8.2434699 8.233824 8.2241782 8.2176509 8.221926 8.2252832 8.2258819 8.2264807 8.2270794
-9999 8.3158129 8.3165812 8.3173494 8.3163906 8.3152048 8.3140191 8.3143055 8.3162909 8.3182763 8.3199356 8.3146078 8.3092799 8.3063845 8.3083602 8.310336 8.3123117 8.3134277 8.3145166 8.3159166 8.3180339 8.3201513 8.3189982 8.3159677 8.3129372 8.309487 8.3049121 8.3003372 8.2957623 8.2899232 8.2840371 8.2826896 8.2900907 8.2974919 8.2937784 8.2857194 8.2776604 8.2742247 8.2774031 8.2805815 8.2838183 8.2873615 8.2909048 8.2886431 8.2822083 8.2757734 8.2680808 8.2583907 8.2487006 8.2438429 8.2398204 8.2357979 8.2277642 8.2181184 8.2115911 8.2158662 8.2201413 8.2241051 8.2247038 8.2253025
-9999 8.3156662 8.3161357 8.31495 8.3137643 8.3125785 8.3113928 8.3116792 8.3136646 8.31565 8.3176354 8.3196209 8.3159341 8.3130387 8.3150145 8.3169902 8.3189659 8.3209417 8.3222778 8.3236777 8.325795 8.3233643 8.3203338 8.3173033 8.3142728 8.3108226 8.3062477 8.3016728 8.2970979 8.2925229 8.286982 8.2856344 8.2930356 8.2858066 8.2777476 8.2696886 8.2616296 8.2581938 8.2613723 8.2645507 8.2677291 8.2709075 8.2744337 8.272172 8.2657372 8.2593024 8.2528675 8.2457797 8.2360896 8.2312319 8.2272095 8.223187 8.2191645 8.2120586 8.2055313 8.2098064 8.2140815 8.2183566 8.2226317 8.2235256
-9999 8.3146952 8.3135094 8.3123237 8.311138 8.3099522 8.3087665 8.3090529 8.3110383 8.3130237 8.3150091 8.3169946 8.31898 8.319693 8.3216687 8.3236444 8.3256202 8.3275959 8.3295717 8.330761 8.3277304 8.3246999 8.3216694 8.3186389 8.3156084 8.3121582 8.3075833 8.3030084 8.2984335 8.2938585 8.2892836 8.2858937 8.2778347 8.2697757 8.2617168 8.2536578 8.2455988 8.242163 8.2453415 8.2485199 8.2516983 8.2548767 8.2580551 8.255701 8.2492662 8.2428313 8.2363965 8.2299617 8.2234786 8.218621 8.2145985 8.210576 8.2065535 8.2025311 8.1994715 8.2037466 8.2080217 8.2122968 8.2165719 8.220847
-9999 8.3143763 8.3131906 8.3120048 8.3108191 8.3096334 8.3084368 8.3087132 8.3106986 8.3126841 8.3146695 8.3166549 8.3184495 8.3197393 8.320769 8.3227448 8.3247205 8.3266962 8.328672 8.3291339 8.3261034 8.3230729 8.3200423 8.3170118 8.3137807 8.3116923 8.3123498 8.3077749 8.3032 8.298625 8.2940501 8.2882851 8.2802262 8.2721672 8.2641082 8.2560492 8.2450596 8.2381284 8.2413068 8.2444852 8.2476637 8.2508421 8.2518872 8.2516362 8.2480268 8.241592 8.2351572 8.2287223 8.2222875 8.2179095 8.213887 8.2098646 8.2058421 8.2025549 8.2026638 8.2069389 8.211214 8.2154891 8.2197643 8.2221963
-9999 8.314423 8.3132373 8.3120516 8.3108658 8.3096637 8.3084594 8.3087358 8.3107213 8.3127067 8.3146921 8.3163616 8.3179246 8.3192145 8.3199574 8.3207002 8.322624 8.3245998 8.3265755 8.3270374 8.3240069 8.3209764 8.3179459 8.3145666 8.3109968 8.3089084 8.3107905 8.3126726 8.30851 8.3039351 8.2993601 8.2935952 8.2855362 8.2774772 8.2694182 8.2569231 8.2429255 8.2359944 8.2391728 8.2423512 8.2455296 8.2458071 8.2456807 8.2454297 8.2450892 8.2427658 8.2363309 8.2298961 8.2234613 8.2190833 8.2150608 8.2110384 8.2083069 8.2072131 8.2073219 8.2115971 8.2158722 8.2201473 8.2220175 8.2233316
-9999 8.3144698 8.313284 8.312095 8.3108907 8.3096863 8.308482 8.3087584 8.3107439 8.3127108 8.3142738 8.3158368 8.3173998 8.3186896 8.3194325 8.3201754 8.3209182 8.3225033 8.3244791 8.324941 8.3219105 8.31888 8.3153525 8.3117827 8.3082129 8.3061246 8.3080066 8.3098887 8.3117708 8.3092451 8.3046702 8.2989052 8.2908462 8.2827843 8.2687867 8.254789 8.2407914 8.2338603 8.2370387 8.2398535 8.2397271 8.2396006 8.2394742 8.2392232 8.2388827 8.2385421 8.2375047 8.2310699 8.2246351 8.2202571 8.2162346 8.214059 8.2129651 8.2118712 8.2119801 8.2162552 8.2205244 8.2218386 8.2231528 8.224467
-9999 8.3145165 8.313322 8.3121176 8.3109133 8.309709 8.3085046 8.3087811 8.3106229 8.3121859 8.3137489 8.3153119 8.3168749 8.3181648 8.3189077 8.3196505 8.3203934 8.3211363 8.3223826 8.3228445 8.3197081 8.3161384 8.3125686 8.3089988 8.3054291 8.3033407 8.3052228 8.3071049 8.3089869 8.310869 8.3099802 8.3042152 8.2946478 8.2806502 8.2666526 8.252655 8.2386574 8.2317262 8.2337734 8.233647 8.2335206 8.2333941 8.2332677 8.2330167 8.2326762 8.2323356 8.2319951 8.2316546 8.2258088 8.2214309 8.219811 8.2187171 8.2176232 8.2165293 8.2166382 8.2203456 8.2216597 8.2229739 8.2242881 8.2256023
-9999 8.3145433 8.313339 8.3121347 8.3109303 8.309726 8.3085217 8.3087746 8.3103376 8.3119006 8.3134636 8.3150266 8.3165896 8.3175959 8.3183387 8.3190816 8.3198245 8.3205673 8.3213102 8.320749 8.3171793 8.3136095 8.3100397 8.30647 8.3029002 8.2989946 8.3008767 8.3027588 8.3046409 8.3065229 8.308405 8.3048631 8.2908655 8.2768679 8.2628703 8.2488726 8.234875 8.2282119 8.2280854 8.227959 8.2278326 8.2277062 8.2275797 8.2277451 8.2274045 8.227064 8.2267235 8.2263829 8.2260424 8.2250595 8.2239656 8.2228718 8.2217779 8.220684 8.2193677 8.2206819 8.2219961 8.2233103 8.2246244 8.2259386
-9999 8.3145237 8.3133193 8.312115 8.3109107 8.3097063 8.3094279 8.3100586 8.3116216 8.3131846 8.3147476 8.3163106 8.3181344 8.3189639 8.3176466 8.3182239 8.3189668 8.3197096 8.3204525 8.3198913 8.3163216 8.3127518 8.309182 8.3056123 8.3024921 8.2976614 8.2876925 8.2881743 8.2900564 8.2919385 8.2938205 8.2902786 8.276281 8.2622834 8.2482858 8.2342882 8.2283171 8.2259221 8.2257957 8.2256693 8.2255428 8.2254164 8.227492 8.2283804 8.2282595 8.227919 8.2275785 8.2272379 8.2268974 8.2259145 8.2248206 8.2237268 8.2226329 8.2188555 8.2144678 8.215782 8.2170962 8.2184103 8.2197245 8.2239311
-9999 8.314504 8.3132997 8.3120953 8.3110659 8.3108889 8.3107119 8.3113427 8.3129057 8.3144687 8.3160449 8.3179465 8.3198481 8.3206777 8.3193604 8.3180431 8.3181091 8.3188519 8.3195948 8.3190336 8.3154639 8.3118941 8.3083243 8.305367 8.3024534 8.2976227 8.2876538 8.277685 8.2754719 8.277354 8.2792361 8.2756942 8.2616966 8.2476989 8.2339887 8.230008 8.2260273 8.2236323 8.2235059 8.2233795 8.2236123 8.2258085 8.2280047 8.2288931 8.2288412 8.228774 8.2284335 8.2280929 8.2277524 8.2267695 8.2256757 8.2245818 8.2199894 8.2139556 8.2095679 8.2108821 8.2121962 8.2137621 8.2182387 8.2227153
-9999 8.3144843 8.31328 8.3125269 8.3123499 8.312173 8.311996 8.3126268 8.3141898 8.3158571 8.3177587 8.3196603 8.3215619 8.3223914 8.3210741 8.3197569 8.3184396 8.3179942 8.3187371 8.3181759 8.3146061 8.3111555 8.3082419 8.3053283 8.3024147 8.297584 8.2876151 8.2776462 8.2676774 8.2627695 8.2646516 8.2611097 8.2471121 8.2356796 8.2316989 8.2277182 8.2237376 8.2213426 8.2212162 8.2219288 8.224125 8.2263212 8.2285174 8.2294057 8.2293539 8.2293021 8.2292502 8.2289479 8.2286074 8.2276245 8.2265307 8.2211233 8.2150895 8.2090557 8.204668 8.2059821 8.2080698 8.2125463 8.2170229 8.2214995
-9999 8.3144647 8.3139879 8.313811 8.313634 8.3134571 8.3132801 8.3139109 8.3156692 8.3175708 8.3194724 8.321374 8.3232756 8.3241052 8.3227879 8.3214706 8.3201534 8.3188361 8.3178794 8.3173182 8.3140304 8.3111168 8.3082032 8.3052896 8.302376 8.2975453 8.2875764 8.2776075 8.2676387 8.2576698 8.2500671 8.2465252 8.2373705 8.2333898 8.2294091 8.2254285 8.2214478 8.2190528 8.2202453 8.2224415 8.2246377 8.2268339 8.2290301 8.2299184 8.2298666 8.2298147 8.2297629 8.2297111 8.2294624 8.228291 8.2222572 8.2162234 8.2101896 8.2041558 8.1997681 8.2023774 8.206854 8.2113306 8.2158072 8.2202837
-9999 8.3149932 8.3148162 8.3146393 8.3144623 8.3142853 8.3141084 8.3151576 8.3170592 8.3189608 8.3208624 8.322764 8.3246656 8.3246151 8.3231645 8.3218472 8.3205299 8.3192126 8.3178954 8.3160954 8.3131818 8.3102682 8.3073546 8.304441 8.3015274 8.2965167 8.2862452 8.2762763 8.2663075 8.2563386 8.2463697 8.2384462 8.2344655 8.2304848 8.2265042 8.2225235 8.2185428 8.2171218 8.219318 8.2215142 8.2237104 8.2259066 8.2281028 8.2290653 8.2290134 8.2289616 8.2289098 8.2288579 8.2288061 8.224749 8.2187152 8.2126814 8.2066476 8.2006138 8.1972866 8.2019737 8.2064503 8.2109269 8.2154035 8.21988
-9999 8.3147624 8.3145854 8.3144084 8.3142315 8.3144887 8.3172032 8.3185091 8.3181894 8.3195986 8.3215002 8.3234017 8.3253033 8.3252529 8.3212933 8.3191166 8.3177993 8.3164821 8.3151648 8.3133648 8.3104512 8.3075376 8.304624 8.3017104 8.3002518 8.2957805 8.282941 8.2719418 8.2619729 8.252004 8.2420352 8.2341117 8.230131 8.2261503 8.2221696 8.2183846 8.2190535 8.2184254 8.2159415 8.217241 8.2194372 8.2216334 8.2238296 8.2248363 8.2249867 8.2249349 8.224883 8.2248312 8.2247793 8.2222357 8.2183286 8.2122948 8.206261 8.2002272 8.1969 8.2029482 8.2079335 8.2124101 8.2168867 8.2213633
-9999 8.3145315 8.3143546 8.3141776 8.3152907 8.3180052 8.3207197 8.3220256 8.3217059 8.3213862 8.3221379 8.3240395 8.3259411 8.3258906 8.321931 8.3179714 8.3150687 8.3137515 8.3124342 8.3106342 8.3077206 8.304807 8.3022138 8.3008647 8.2995156 8.2950443 8.2822048 8.2693653 8.2576384 8.2476695 8.2377006 8.2297771 8.2257965 8.2218158 8.2192094 8.2198784 8.2205473 8.2199192 8.2174353 8.2149515 8.215164 8.2173601 8.2195563 8.2205631 8.2207148 8.2208664 8.2208563 8.2208044 8.2207526 8.218209 8.2152347 8.2119082 8.2058744 8.1998406 8.1965134 8.2025616 8.2086098 8.2138934 8.2183699 8.2228465
-9999 8.3143007 8.3141237 8.3160927 8.3188072 8.3215217 8.3242361 8.3255421 8.3252224 8.3249027 8.3245831 8.3246772 8.3265788 8.3265283 8.3225687 8.3186091 8.3146495 8.3110209 8.3097036 8.3079036 8.30499 8.3028266 8.3014775 8.3001284 8.2987793 8.294308 8.2814686 8.2686291 8.2557896 8.243335 8.2333661 8.2254426 8.2214619 8.2200343 8.2207032 8.2213722 8.2220411 8.221413 8.2189291 8.2164453 8.2139614 8.2130869 8.2152831 8.2162899 8.2164415 8.2165932 8.2167449 8.2167777 8.2167258 8.2141822 8.2112079 8.2082337 8.2052594 8.199454 8.1961268 8.202175 8.2082232 8.2142714 8.2198532 8.2243298
-9999 8.3141802 8.3168947 8.3196092 8.3223237 8.3250381 8.3277526 8.3290586 8.3287389 8.3284192 8.3280996 8.3277799 8.3274602 8.327166 8.3232065 8.3192469 8.3152873 8.3113277 8.3073681 8.3051731 8.3034395 8.3020904 8.3007413 8.2993922 8.2980431 8.2935718 8.2807323 8.2678929 8.2550534 8.242214 8.2293745 8.2211081 8.2208591 8.2215281 8.222197 8.222866 8.223535 8.2229068 8.2204229 8.2179391 8.2154552 8.2129714 8.2110099 8.2120166 8.2121683 8.21232 8.2124717 8.2126234 8.2126991 8.2101554 8.2071812 8.2042069 8.2012326 8.1982584 8.1957402 8.2017884 8.2078365 8.2138847 8.2199329 8.225813
-9999 8.3105829 8.3132974 8.3160119 8.3187264 8.3214409 8.3256145 8.3307722 8.3304525 8.3301328 8.3298131 8.3294935 8.3287471 8.3230345 8.3188189 8.3148593 8.3108997 8.3069401 8.3029805 8.2998103 8.2984612 8.2971121 8.295763 8.2944139 8.2930648 8.2881924 8.2795716 8.2667322 8.2538927 8.2410532 8.2282138 8.2199883 8.2206573 8.2213262 8.2219952 8.2226642 8.223295 8.2224888 8.2200049 8.2175211 8.2150372 8.2125534 8.2106594 8.2116627 8.2120169 8.2121686 8.2123203 8.212472 8.2126237 8.21011 8.2071358 8.2041615 8.2011873 8.198213 8.1966162 8.2026644 8.2087126 8.2147607 8.2208089 8.2254325
-9999 8.3016196 8.3043341 8.3070486 8.3097631 8.3160647 8.3259682 8.3311258 8.3308061 8.3304865 8.3301668 8.3276612 8.3213981 8.3156855 8.3110754 8.3066811 8.3027215 8.2987619 8.2948023 8.2916321 8.2902829 8.2889338 8.2875847 8.2851119 8.2796481 8.274769 8.2714568 8.2652512 8.2524118 8.2395723 8.2267329 8.2185074 8.2191764 8.2198453 8.2205143 8.2210684 8.2214349 8.2206287 8.2181448 8.2156609 8.2131771 8.2117653 8.2113572 8.2123605 8.2143784 8.2151264 8.2152781 8.2154298 8.2155815 8.2130679 8.2100936 8.2071193 8.2040578 8.2001342 8.1984446 8.2044928 8.210541 8.2165892 8.2202245 8.2210654
-9999 8.2926564 8.2953708 8.2980853 8.3065148 8.3164183 8.3263218 8.3314794 8.3311598 8.3308401 8.3265752 8.3203122 8.3140491 8.3083365 8.3037264 8.2991163 8.2945432 8.2905836 8.286624 8.2834538 8.2821047 8.2807556 8.2771523 8.2716885 8.2662248 8.2613456 8.2580334 8.2547212 8.2509309 8.2380914 8.2252519 8.2170265 8.2176955 8.2183644 8.2188419 8.2192083 8.2195747 8.2187685 8.2162847 8.2138008 8.2128711 8.212463 8.2120549 8.2130582 8.2150762 8.2170941 8.2182359 8.2183876 8.2185393 8.2160257 8.2130514 8.2098097 8.2058862 8.2019627 8.200273 8.2063212 8.2123694 8.2150165 8.2158574 8.2166983
-9999 8.2836931 8.2870615 8.296965 8.3068685 8.316772 8.3266754 8.3318331 8.3315134 8.3254893 8.3192262 8.3129632 8.3067001 8.3009875 8.2963774 8.2917673 8.2871572 8.2825471 8.2784458 8.2752756 8.2739265 8.2691926 8.2637289 8.2582651 8.2528014 8.2479223 8.24461 8.2412978 8.2379856 8.2346734 8.223771 8.2155456 8.2162145 8.2166153 8.2169818 8.2173482 8.2177146 8.2169084 8.2144245 8.213977 8.2135689 8.2131608 8.2127527 8.213756 8.2157739 8.2177919 8.2198098 8.2213454 8.2214971 8.2189835 8.2155616 8.2116381 8.2077146 8.2037911 8.2021014 8.2081496 8.2098086 8.2106495 8.2114903 8.2123312
-9999 8.2775117 8.2874151 8.2973186 8.3072221 8.3171256 8.3270291 8.3306665 8.3244034 8.3181403 8.3118773 8.3056142 8.2993511 8.2936386 8.2890285 8.2844183 8.2798082 8.2751981 8.270588 8.2666967 8.261233 8.2557693 8.2503055 8.2448418 8.239378 8.2344989 8.2311867 8.2278745 8.2245622 8.22125 8.2179378 8.2140223 8.2143888 8.2147552 8.2151216 8.2154881 8.2158545 8.2154909 8.2150828 8.2146747 8.2142666 8.2138585 8.2134505 8.2144538 8.2164717 8.2184896 8.2205076 8.2225255 8.2244549 8.2213136 8.2173901 8.2134665 8.209543 8.2056195 8.2037597 8.2046006 8.2054415 8.2062824 8.2071233 8.2079641
-9999 8.2695496 8.2794531 8.2893566 8.2992601 8.3091636 8.3209357 8.329613 8.3293443 8.3230813 8.3168182 8.3105551 8.304292 8.2973255 8.2899417 8.2853316 8.2807215 8.2761114 8.2715013 8.2666331 8.2611693 8.2557056 8.2502419 8.2447781 8.2391152 8.2328232 8.2266741 8.2233619 8.2200496 8.2167374 8.2134252 8.2113695 8.2117359 8.2121023 8.2124688 8.2128352 8.2095572 8.2051554 8.20502 8.2046119 8.2042039 8.2037958 8.2033877 8.2060907 8.2093779 8.2113959 8.2134138 8.2154317 8.2174497 8.2253478 8.2232958 8.2193723 8.2154487 8.2115252 8.2071962 8.2029457 8.2037866 8.2046275 8.2054684 8.2063092
-9999 8.2599938 8.2698973 8.2798008 8.2897043 8.3024789 8.315769 8.3244463 8.3277998 8.3303776 8.3241145 8.3178515 8.3115884 8.3046219 8.2962467 8.2878715 8.2832183 8.2786082 8.2739981 8.2691299 8.2636661 8.2582024 8.2527387 8.2469154 8.2408684 8.2345764 8.227628 8.2206796 8.2172449 8.2139326 8.2106204 8.2085647 8.2089311 8.2092976 8.209664 8.204392 8.1968925 8.1924907 8.1925205 8.1924869 8.1920788 8.1916707 8.1912626 8.1939656 8.1989051 8.2028088 8.2048268 8.2068447 8.2088626 8.2167608 8.2256753 8.2260594 8.2221359 8.2182124 8.2138834 8.2081496 8.2026515 8.2034924 8.2043333 8.2051741
