P2_models/J1_p2_tot_conduct_slide_81.29.dat.tif
NCOLS 118
NROWS 92
XLLCORNER 139.62
YLLCORNER -39.07
DX 0.099491525
DY 0.099347826
NODATA_VALUE -9999
[rows 52 to 77 of 92, columns 0 to 56 of 118]
-1.7180831 -1.72 -1.72 -1.7181014 -1.7181014 -1.725182 -1.7401057 -1.7625477 -1.7957115 -1.8363553 -1.8960502 -1.9604862 -2.045054 -2.1345921 -2.2340836 -2.3374437 -2.4518589 -2.5612655 -2.6657316 -2.7641807 -2.8487485 -2.9366093 -3.0162025 -3.0817703 -3.1116178 -3.1330971 -3.1181734 -3.094636 -3.0249919 -2.9479138 -2.8222403 -2.6908155 -2.5316291 -2.3693712 -2.180861 -2.0005198 -1.8313842 -1.6693579 -1.5175024 -1.3916974 -1.2974422 -1.2356204 -1.2057729 -1.2079696 -1.2446244 -1.3088768 -1.3978955 -1.5032719 -1.6226431 -1.74738 -1.8763386 -2.0014144 -2.1248704 -2.2409439 -2.3540281 -2.4482832 -2.5420945
-1.7287217 -1.7336005 -1.7359579 -1.7359579 -1.7359579 -1.7453986 -1.7632814 -1.7910714 -1.8304751 -1.8747759 -1.9380317 -2.0062647 -2.092834 -2.1873467 -2.2905008 -2.3948101 -2.5092253 -2.6174203 -2.7143579 -2.8097986 -2.8867363 -2.9698507 -3.0442021 -3.0920411 -3.1023048 -3.1118769 -3.0731475 -3.0374103 -2.947674 -2.8586878 -2.7170003 -2.5764815 -2.4100548 -2.241152 -2.0549325 -1.8839122 -1.7244422 -1.5753418 -1.4424761 -1.3405359 -1.2678181 -1.2411411 -1.2350374 -1.2682502 -1.3230882 -1.4160498 -1.5158692 -1.6487997 -1.7758734 -1.9097048 -2.0414692 -2.1575664 -2.2814231 -2.3769538 -2.4822742 -2.5557982 -2.6368865
-1.7443184 -1.751114 -1.7560886 -1.7581522 -1.7581522 -1.7708537 -1.790752 -1.8212072 -1.8638465 -1.9159036 -1.9805731 -2.0537808 -2.1433231 -2.2378359 -2.342302 -2.4419503 -2.556243 -2.6597727 -2.7540636 -2.8365466 -2.9106605 -2.9823723 -3.0470418 -3.0748246 -3.0786597 -3.0660623 -3.0204549 -2.9639761 -2.8697887 -2.7608638 -2.6139301 -2.4612506 -2.292115 -2.1182947 -1.9350208 -1.7803049 -1.626093 -1.5004505 -1.3800134 -1.3084027 -1.2560388 -1.2611275 -1.2810258 -1.3480871 -1.4266331 -1.5414846 -1.6619217 -1.8039491 -1.9505682 -2.0866273 -2.2227736 -2.332648 -2.4460415 -2.5313248 -2.6101044 -2.6745186 -2.718089
-1.7772639 -1.78423 -1.7892046 -1.7922941 -1.7970318 -1.8113226 -1.8361955 -1.8675696 -1.9102088 -1.962394 -2.0320381 -2.1067663 -2.2012445 -2.2974182 -2.3969097 -2.4949358 -2.5844781 -2.6796422 -2.7592354 -2.8365466 -2.8912669 -2.9558796 -2.9830964 -2.9953464 -2.975448 -2.9534681 -2.8937732 -2.8315123 -2.7419699 -2.6350233 -2.4831678 -2.3288555 -2.1646945 -1.9924541 -1.8248555 -1.677603 -1.5582132 -1.4455568 -1.3722473 -1.3173729 -1.3121365 -1.3325665 -1.397236 -1.4786321 -1.598836 -1.7231312 -1.8672406 -2.0116295 -2.1625102 -2.295735 -2.4280925 -2.5247383 -2.6248676 -2.685668 -2.7491914 -2.7753734 -2.8040054
-1.8183871 -1.8270995 -1.8320741 -1.8369101 -1.8440347 -1.8608153 -1.8856882 -1.9188087 -1.9614479 -2.0136331 -2.0832772 -2.1614594 -2.2544173 -2.3472733 -2.4452566 -2.5333499 -2.6130796 -2.6995118 -2.7762921 -2.8414234 -2.8920769 -2.9275133 -2.9471671 -2.945129 -2.9214689 -2.8744816 -2.8006862 -2.7331862 -2.6390349 -2.5189363 -2.3656518 -2.2061454 -2.0450854 -1.8864492 -1.7299741 -1.6008929 -1.495145 -1.415209 -1.3623073 -1.3466338 -1.3688006 -1.4263129 -1.5133528 -1.6423423 -1.7719316 -1.9099646 -2.0674808 -2.2218251 -2.3695755 -2.5028002 -2.6108203 -2.7056731 -2.769556 -2.8256545 -2.844387 -2.8615651 -2.8510924
-1.8643325 -1.8779619 -1.8829364 -1.8905448 -1.9000202 -1.9168008 -1.9416737 -1.9747942 -2.0174334 -2.0681186 -2.1377627 -2.2142373 -2.3037797 -2.3889788 -2.4834958 -2.568589 -2.6432076 -2.7102712 -2.7799153 -2.8360339 -2.8758305 -2.9054534 -2.910428 -2.894072 -2.8588602 -2.8078178 -2.7277797 -2.6377797 -2.5279407 -2.4078421 -2.2509344 -2.1008263 -1.9466144 -1.7983885 -1.6622422 -1.5688432 -1.4842754 -1.4357284 -1.4095464 -1.4321441 -1.4792716 -1.5678432 -1.6723093 -1.8057988 -1.9524179 -2.1080946 -2.2704228 -2.4147752 -2.5613943 -2.6647953 -2.7695232 -2.8242507 -2.8842655 -2.8916328 -2.8927694 -2.8796811 -2.8470415
-1.917278 -1.9338711 -1.9487948 -1.9567767 -1.9662521 -1.9830327 -2.0079056 -2.0410261 -2.0836653 -2.1340921 -2.1987615 -2.273846 -2.3537776 -2.4350276 -2.5195954 -2.6014931 -2.6661626 -2.7299204 -2.7796662 -2.829398 -2.8542709 -2.8789606 -2.8702817 -2.8477097 -2.7929894 -2.7349627 -2.6404458 -2.545055 -2.4256652 -2.3018711 -2.1500156 -2.0022751 -1.8679615 -1.7255334 -1.619955 -1.5405069 -1.4957358 -1.4608325 -1.4765417 -1.5140161 -1.6030348 -1.7009084 -1.8302474 -1.9693945 -2.131244 -2.2849015 -2.4426257 -2.5770102 -2.7071044 -2.7956816 -2.8821174 -2.912782 -2.9504974 -2.9283882 -2.912639 -2.860275 -2.8130504
-1.973133 -1.9945648 -2.0112731 -2.0230086 -2.0369969 -2.0587574 -2.0836303 -2.1145514 -2.1546436 -2.2015534 -2.2602471 -2.3300394 -2.4053469 -2.4716732 -2.5469722 -2.6251162 -2.6897857 -2.7451247 -2.7852966 -2.8230085 -2.8381549 -2.8528541 -2.8323359 -2.776213 -2.7181488 -2.6526149 -2.5580979 -2.4570768 -2.3376869 -2.2140866 -2.0725229 -1.9334557 -1.8113311 -1.6868206 -1.5923996 -1.5437076 -1.51483 -1.5078672 -1.5391287 -1.6047531 -1.7043682 -1.8260909 -1.9608343 -2.1093655 -2.2716938 -2.412907 -2.5638629 -2.6730511 -2.7941982 -2.8439707 -2.9202638 -2.9067168 -2.9301928 -2.880707 -2.8459548 -2.7757243 -2.7134852
-2.0321944 -2.0555431 -2.0754414 -2.0975244 -2.1164751 -2.1382356 -2.1631085 -2.1926601 -2.2305616 -2.2744084 -2.3291288 -2.3845252 -2.4491947 -2.5141514 -2.5837955 -2.6436162 -2.7082857 -2.7636247 -2.7984468 -2.8230085 -2.8329576 -2.819904 -2.7651837 -2.7076912 -2.6479963 -2.573397 -2.4788443 -2.3778231 -2.2584333 -2.1362025 -2.0000562 -1.8740717 -1.7596564 -1.6643396 -1.5910301 -1.5478163 -1.5328926 -1.5503455 -1.597473 -1.6842314 -1.7994321 -1.9332069 -2.0774696 -2.2267641 -2.3890924 -2.5303056 -2.6607149 -2.7587033 -2.8493708 -2.8898838 -2.9211849 -2.9020324 -2.8717291 -2.816456 -2.7491215 -2.6705756 -2.5849055
-2.0984263 -2.1236842 -2.1535317 -2.1770026 -2.1959534 -2.2177139 -2.2425868 -2.2713085 -2.3044724 -2.3472635 -2.3925322 -2.4441339 -2.5041285 -2.5671369 -2.6229087 -2.6760231 -2.7257689 -2.7768711 -2.8026483 -2.8230085 -2.8195429 -2.8000345 -2.7408934 -2.6811985 -2.6127638 -2.5336579 -2.4291918 -2.3248376 -2.209716 -2.0898402 -1.9627838 -1.8409557 -1.7452064 -1.6577164 -1.6042637 -1.5681369 -1.5780861 -1.6039193 -1.6719924 -1.7643295 -1.8847666 -2.0183707 -2.1576588 -2.3012119 -2.4487011 -2.5838665 -2.6938309 -2.7799109 -2.8427477 -2.870973 -2.8814458 -2.8447114 -2.7922508 -2.7184593 -2.6365273 -2.5403725 -2.4458185
-2.1542917 -2.1952384 -2.228394 -2.251865 -2.2729417 -2.2971922 -2.322065 -2.3485874 -2.3793347 -2.4148432 -2.4567569 -2.5066509 -2.5611533 -2.6026067 -2.6514087 -2.6997053 -2.740421 -2.7792812 -2.7980324 -2.8108713 -2.7996734 -2.7787115 -2.7179727 -2.6519006 -2.5822566 -2.5045023 -2.4033005 -2.2975335 -2.1864334 -2.0731365 -1.9573635 -1.8474295 -1.7616629 -1.6811132 -1.6335114 -1.618604 -1.6310716 -1.6670881 -1.7376229 -1.8293401 -1.9477884 -2.0705504 -2.2048255 -2.3331466 -2.4719179 -2.5727877 -2.6761714 -2.7302481 -2.789965 -2.7858303 -2.7955472 -2.7283056 -2.6741925 -2.5735535 -2.4834101 -2.3735899 -2.2740984
-2.2107444 -2.253608 -2.2934046 -2.3262533 -2.3499417 -2.3766704 -2.4015433 -2.4268266 -2.4552527 -2.4876982 -2.5274948 -2.5660523 -2.6058489 -2.6460632 -2.6908344 -2.7224807 -2.7573027 -2.7859044 -2.8008281 -2.8042482 -2.7893244 -2.7586277 -2.6939582 -2.6328427 -2.5631986 -2.4842052 -2.3847137 -2.2826205 -2.1731798 -2.0648467 -1.9548824 -1.8577701 -1.7781769 -1.7165285 -1.6798737 -1.6662054 -1.6811291 -1.7213127 -1.7946223 -1.8864705 -2.0016712 -2.1161011 -2.2404655 -2.3464365 -2.4668736 -2.5591573 -2.6377032 -2.6781177 -2.712435 -2.700584 -2.6801733 -2.6086568 -2.535533 -2.4305142 -2.3207362 -2.2055354 -2.0965114
-2.2637299 -2.3082418 -2.3579876 -2.3937546 -2.4269184 -2.4561487 -2.4810216 -2.5053446 -2.5290331 -2.5605533 -2.5957545 -2.6322842 -2.6675363 -2.7056719 -2.7414557 -2.7666422 -2.7716167 -2.7925276 -2.7986673 -2.797625 -2.7783601 -2.7453813 -2.6978729 -2.646089 -2.5722055 -2.4908284 -2.3913369 -2.2892437 -2.1839407 -2.0780931 -1.9769577 -1.8842628 -1.8182778 -1.7628908 -1.7310698 -1.7191909 -1.739049 -1.7808881 -1.8437249 -1.9303857 -2.0194044 -2.1245041 -2.2190211 -2.3072929 -2.3940185 -2.4793947 -2.5317587 -2.5628752 -2.573348 -2.5498616 -2.5079704 -2.4392538 -2.3699533 -2.257788 -2.1419101 -2.0309811 -1.9243085
-2.3019938 -2.3624554 -2.4152485 -2.4552908 -2.4884547 -2.5200451 -2.5470433 -2.569167 -2.5905693 -2.6164349 -2.6485299 -2.6833519 -2.7146708 -2.7345691 -2.760905 -2.7844855 -2.7865805 -2.7884449 -2.7875586 -2.7835078 -2.7606282 -2.733463 -2.6886918 -2.6369079 -2.5653722 -2.4880502 -2.3979601 -2.2997694 -2.2016726 -2.1024039 -2.0124215 -1.9282224 -1.8691256 -1.8154737 -1.7855123 -1.7745645 -1.7896867 -1.8186332 -1.8721452 -1.9349819 -2.0147087 -2.0893129 -2.1745863 -2.2445798 -2.3197274 -2.3647988 -2.4123311 -2.4127994 -2.4208046 -2.3777002 -2.3357675 -2.2557321 -2.1866152 -2.0834474 -1.9722617 -1.8722348 -1.7770831
-2.3356818 -2.4010859 -2.4607808 -2.5049503 -2.5381141 -2.5708132 -2.6006606 -2.6254496 -2.6444004 -2.6649856 -2.6948331 -2.7212653 -2.7411636 -2.7566271 -2.7765254 -2.7866739 -2.7866739 -2.7840101 -2.7790356 -2.7669353 -2.7420625 -2.711376 -2.6666048 -2.6170383 -2.5473943 -2.4770212 -2.3924534 -2.30861 -2.214093 -2.1255995 -2.0418172 -1.9690702 -1.9143499 -1.8690856 -1.8429036 -1.8297384 -1.8396875 -1.859452 -1.9013432 -1.9470906 -2.0099274 -2.0671969 -2.1318664 -2.1827247 -2.2350887 -2.2632046 -2.2893866 -2.2803067 -2.2645975 -2.2165263 -2.1641623 -2.0832817 -1.9995284 -1.9028121 -1.8100371 -1.715782 -1.6369454
-2.3621745 -2.4294318 -2.4938967 -2.5390748 -2.581714 -2.615924 -2.6407969 -2.6651887 -2.6841395 -2.7034252 -2.7233235 -2.747758 -2.7588282 -2.7687773 -2.7787265 -2.7851822 -2.7702585 -2.7636942 -2.753745 -2.740047 -2.7101996 -2.6782601 -2.6376487 -2.5908394 -2.5261699 -2.4578806 -2.3882366 -2.3091864 -2.2295932 -2.1460904 -2.0780172 -2.0093998 -1.959654 -1.9154479 -1.8892659 -1.8741232 -1.8741232 -1.8894311 -1.915613 -1.9512265 -1.9834346 -2.0296869 -2.0656345 -2.1048667 -2.1291177 -2.1427707 -2.1436764 -2.1259467 -2.0990178 -2.0475905 -1.9919594 -1.9149077 -1.8339487 -1.7510391 -1.6646488 -1.5965756 -1.527037
-2.3742065 -2.4472144 -2.5141754 -2.5680168 -2.6069257 -2.6361559 -2.6610288 -2.6809531 -2.6977482 -2.7170339 -2.7369322 -2.7534153 -2.7623271 -2.7689585 -2.7759484 -2.7693678 -2.7571933 -2.7438246 -2.732106 -2.7091992 -2.6785179 -2.6422424 -2.6024458 -2.5556365 -2.4924314 -2.4363594 -2.3727221 -2.3004763 -2.2240356 -2.16596 -2.0997013 -2.0447838 -1.9960669 -1.9574551 -1.9312732 -1.9161304 -1.9132762 -1.9181919 -1.9356449 -1.9514076 -1.9739517 -1.998839 -2.0200137 -2.0220942 -2.037805 -2.0411547 -2.0234757 -1.9933018 -1.9547165 -1.8994311 -1.8418307 -1.7644801 -1.6944994 -1.6117878 -1.5450691 -1.4808186 -1.4405732
-2.3806844 -2.4614661 -2.5311102 -2.5794068 -2.6125706 -2.6437574 -2.6686303 -2.6885546 -2.7027677 -2.7180122 -2.7379105 -2.7526859 -2.7576605 -2.7563867 -2.7514121 -2.7428751 -2.7329259 -2.7179101 -2.6980118 -2.6736008 -2.6387787 -2.6025033 -2.5627067 -2.5196807 -2.4649604 -2.4108449 -2.35115 -2.2947124 -2.2399921 -2.1874828 -2.1298825 -2.0786207 -2.0338495 -1.9952378 -1.9690558 -1.9477616 -1.9378125 -1.93 -1.93 -1.9303629 -1.9408357 -1.9451188 -1.9500934 -1.9482609 -1.9482609 -1.9287085 -1.9025265 -1.8633903 -1.8214991 -1.7671919 -1.7095916 -1.6440726 -1.5766083 -1.5126646 -1.4557242 -1.413833 -1.38573
-2.3740612 -2.4568265 -2.5311102 -2.5801545 -2.6227937 -2.6570037 -2.6818766 -2.701801 -2.716014 -2.7304783 -2.7454021 -2.7593091 -2.7557163 -2.749085 -2.7391358 -2.7283734 -2.7084751 -2.6902637 -2.6604162 -2.6338616 -2.5990396 -2.5627642 -2.5189382 -2.474167 -2.4293958 -2.3784758 -2.32873 -2.275488 -2.2307168 -2.1818722 -2.1399811 -2.0933088 -2.0584868 -2.0217305 -1.9955485 -1.972016 -1.9521177 -1.9408942 -1.9304215 -1.9221186 -1.9077198 -1.9061029 -1.8971079 -1.8870029 -1.8687826 -1.8441484 -1.8098018 -1.767652 -1.7221513 -1.6713306 -1.616867 -1.5592666 -1.4971301 -1.4473843 -1.3968947 -1.3759491 -1.3552845
-2.3587761 -2.448337 -2.5245202 -2.5804252 -2.6230644 -2.6596346 -2.6866737 -2.7065981 -2.7208111 -2.7352754 -2.7501992 -2.7582924 -2.7521092 -2.7405033 -2.7276845 -2.7113116 -2.6855724 -2.6610088 -2.62819 -2.5953341 -2.5574899 -2.5197611 -2.4749899 -2.4316213 -2.3899739 -2.3465545 -2.3031581 -2.2573149 -2.2189948 -2.1775789 -2.1421089 -2.1060306 -2.0768631 -2.0449039 -2.0187219 -1.9930919 -1.9707647 -1.9504355 -1.9352186 -1.9168644 -1.8973567 -1.8762226 -1.861529 -1.8390897 -1.8151841 -1.7801618 -1.7424998 -1.6978611 -1.6507335 -1.6036059 -1.5513036 -1.5030549 -1.4460827 -1.4050225 -1.3652477 -1.3543622 -1.3465834
-2.3364227 -2.4298174 -2.5094106 -2.5688936 -2.6115328 -2.648103 -2.6779505 -2.7020546 -2.7162677 -2.7307319 -2.7456557 -2.7444688 -2.7345197 -2.7229137 -2.70799 -2.6912775 -2.66143 -2.6300275 -2.5952054 -2.5573647 -2.517568 -2.476318 -2.4315469 -2.3912072 -2.3514106 -2.3143174 -2.2748464 -2.2363506 -2.2015286 -2.1705908 -2.1391724 -2.1115042 -2.0866314 -2.0628392 -2.0366572 -2.0125417 -1.9876688 -1.9659262 -1.9449806 -1.9198934 -1.8937114 -1.8652754 -1.8404025 -1.8086927 -1.7772743 -1.7388176 -1.6971965 -1.6525578 -1.6054302 -1.5583026 -1.5111751 -1.4640475 -1.4187147 -1.3800235 -1.3518559 -1.3466195 -1.3496124
-2.3032522 -2.397801 -2.4823688 -2.5424008 -2.5850401 -2.6221081 -2.6569302 -2.682185 -2.6963981 -2.7108624 -2.7014324 -2.6914833 -2.6815341 -2.6699282 -2.6550045 -2.6384748 -2.6185765 -2.5902883 -2.5507989 -2.5110023 -2.4712057 -2.4299557 -2.3943158 -2.3580913 -2.3182946 -2.2812014 -2.251354 -2.216481 -2.1904852 -2.1639676 -2.1372391 -2.1115042 -2.0914428 -2.0694624 -2.0483895 -2.0260232 -2.0061249 -1.9855037 -1.9593217 -1.9316102 -1.8949554 -1.8641928 -1.8343454 -1.8005376 -1.7640279 -1.7272281 -1.6905733 -1.6459346 -1.598807 -1.5516794 -1.5045519 -1.4604996 -1.4187147 -1.3877207 -1.3651023 -1.3598659 -1.3628588
-2.2635131 -2.3617865 -2.4463543 -2.5063864 -2.5512965 -2.595077 -2.6322997 -2.6597539 -2.6765285 -2.6839589 -2.6770122 -2.667063 -2.6585569 -2.6502688 -2.6353451 -2.6188154 -2.5989171 -2.5727985 -2.5330018 -2.4932052 -2.4534086 -2.4150654 -2.3802434 -2.3454213 -2.3089831 -2.2732415 -2.2468032 -2.2195575 -2.1981446 -2.1755744 -2.1562826 -2.133946 -2.1171094 -2.0968641 -2.0776509 -2.0580779 -2.0355162 -2.0130327 -1.9868507 -1.9580416 -1.9235206 -1.8879508 -1.8562874 -1.8224796 -1.7858249 -1.7456509 -1.7077545 -1.6671077 -1.620749 -1.5736215 -1.5264939 -1.4843039 -1.4428863 -1.4152497 -1.3926313 -1.3873949 -1.3920336
-2.2163812 -2.3199713 -2.4045391 -2.4673435 -2.5147205 -2.5599838 -2.5997805 -2.6313828 -2.6503336 -2.6623098 -2.6573353 -2.6523607 -2.6473861 -2.6420638 -2.6271401 -2.6120934 -2.592195 -2.5690422 -2.5292456 -2.489449 -2.4496524 -2.4113092 -2.3764872 -2.3460335 -2.3112918 -2.2791732 -2.2543003 -2.2320291 -2.2123129 -2.194783 -2.179241 -2.165283 -2.1503592 -2.1351753 -2.1194661 -2.102859 -2.0779861 -2.0525746 -2.0263927 -1.9961006 -1.9646823 -1.9327319 -1.8979098 -1.8620216 -1.8253668 -1.7866758 -1.7447846 -1.7014105 -1.6595193 -1.6131634 -1.5660358 -1.5238458 -1.4822446 -1.4533087 -1.4295172 -1.423971 -1.4256439
-2.159611 -2.26468 -2.3542224 -2.4190212 -2.4711358 -2.5174062 -2.5572028 -2.5895216 -2.6132101 -2.627104 -2.627104 -2.6245492 -2.6295238 -2.6278713 -2.6129475 -2.5980238 -2.5831001 -2.5620903 -2.5322428 -2.4965453 -2.4567487 -2.4184706 -2.3935977 -2.3673223 -2.3374749 -2.3075583 -2.2826854 -2.2604142 -2.2454905 -2.2302644 -2.2197916 -2.2080769 -2.1981277 -2.1851634 -2.1746906 -2.1602437 -2.1403454 -2.1164411 -2.0902591 -2.0588229 -2.0221681 -1.990964 -1.9611166 -1.925888 -1.8892333 -1.8525785 -1.8157473 -1.7698642 -1.7233858 -1.6770299 -1.6299023 -1.5877123 -1.546111 -1.5129472 -1.4862874 -1.4758146 -1.4749919
-2.0952735 -2.2003425 -2.2898849 -2.3575254 -2.4124472 -2.4612074 -2.5010041 -2.5377216 -2.5676055 -2.5917127 -2.6094058 -2.6111134 -2.6180673 -2.6230461 -2.615403 -2.5972674 -2.5749614 -2.5569275 -2.530822 -2.5024788 -2.4740608 -2.4386244 -2.4103013 -2.3796869 -2.3576286 -2.3318362 -2.3148542 -2.2938838 -2.2829563 -2.2704668 -2.2639753 -2.2553806 -2.2490294 -2.2389067 -2.2307025 -2.2213815 -2.2046829 -2.1843537 -2.1613145 -2.1298783 -2.0932235 -2.0605986 -2.0307512 -1.9999898 -1.9655857 -1.928931 -1.8922762 -1.8516294 -1.805807 -1.7542147 -1.7062548 -1.6591272 -1.6169828 -1.5787055 -1.5482788 -1.5295579 -1.5240227
