P2_models/J1_p2_vp_slide_diff2_280.dat.tif
NCOLS 118
NROWS 92
XLLCORNER 139.62
YLLCORNER -39.07
DX 0.099491525
DY 0.099347826
NODATA_VALUE -9999
[rows 0 to 24 of 92, columns 55 to 109 of 118]
-9999 -9999 -9999 -9999 -9999 -9999 -9999 -9999 -9999 -9999 -9999 -9999 -9999 -9999 -9999 -9999 -9999 -9999 -9999 -9999 -9999 -9999 -9999 -9999 -9999 -9999 -9999 -9999 -9999 -9999 -9999 -9999 -9999 -9999 -9999 -9999 -9999 -9999 -9999 -9999 -9999 -9999 -9999 -9999 -9999 -9999 -9999 -9999 -9999 -9999 -9999 -9999 -9999 -9999 -9999
-0.10954966 -0.11018179 -0.11081391 -0.11144604 -0.11207817 -0.11520556 -0.11502985 -0.11349342 -0.11195698 -0.11042055 -0.10888412 -0.083001847 -0.085063492 -0.087125137 -0.089186783 -0.091248428 -0.091143163 -0.088265094 -0.085387025 -0.082508957 -0.079630888 -0.096896903 -0.1065762 -0.09334871 -0.080121218 -0.066893725 -0.053666233 -0.059664646 -0.074545763 -0.089426879 -0.104308 -0.11672626 -0.11229786 -0.11186051 -0.11327761 -0.11469471 -0.11611181 -0.11751442 -0.11844574 -0.11937706 -0.12030838 -0.1212397 -0.12032274 -0.13078152 -0.14664142 -0.16250133 -0.17836124 -0.19422114 -0.19878897 -0.18638437 -0.17342759 -0.16047081 -0.14751402 -0.13709523 -0.13827174
-0.1123691 -0.10729718 -0.10792931 -0.10856143 -0.10919356 -0.11232095 -0.11714398 -0.11801747 -0.11648104 -0.1149446 -0.11340817 -0.081510148 -0.049537951 -0.051599597 -0.053661242 -0.055722887 -0.055617622 -0.052739553 -0.049861485 -0.046983416 -0.067460072 -0.090047491 -0.10716266 -0.11995426 -0.10672677 -0.09349928 -0.080271788 -0.086270201 -0.10115132 -0.11603243 -0.12639536 -0.12123851 -0.11681012 -0.11369434 -0.11279205 -0.11420915 -0.11562624 -0.11702886 -0.11796018 -0.1188915 -0.11982281 -0.11873003 -0.11677727 -0.1264895 -0.13778953 -0.15364944 -0.16950935 -0.18536925 -0.18993708 -0.18912165 -0.17720467 -0.16424789 -0.1512911 -0.14087231 -0.13181042
-0.11834073 -0.11137081 -0.1050447 -0.10567683 -0.10630896 -0.10943635 -0.11425938 -0.11908241 -0.12100509 -0.11946865 -0.11793222 -0.0860342 -0.053092918 -0.020151635 -0.018135701 -0.020197346 -0.020092081 -0.017214013 -0.015313275 -0.037961968 -0.060610661 -0.08319808 -0.10031325 -0.11742842 -0.13333233 -0.12010484 -0.10687734 -0.11287576 -0.12775687 -0.13606447 -0.13090762 -0.12575076 -0.12132237 -0.1182066 -0.11509082 -0.11372358 -0.11514068 -0.1165433 -0.11747461 -0.11840593 -0.11713732 -0.11518456 -0.11323179 -0.12294402 -0.13389861 -0.14485321 -0.16065745 -0.17651736 -0.18108519 -0.18026976 -0.17945433 -0.16802497 -0.15506818 -0.14464939 -0.1355875
-0.12431236 -0.11734245 -0.11037253 -0.10340262 -0.10342435 -0.10655174 -0.11137477 -0.1161978 -0.12102083 -0.12399271 -0.12245627 -0.090558252 -0.057616969 -0.024675687 0.0082655952 0.015328194 0.015433459 0.01418483 -0.008463863 -0.031112556 -0.053761249 -0.076348668 -0.093463838 -0.11057901 -0.12769418 -0.14480935 -0.1334829 -0.13948131 -0.14573357 -0.14057672 -0.13541987 -0.13026302 -0.12583463 -0.12271885 -0.11960308 -0.1164873 -0.11465512 -0.11605773 -0.11698905 -0.11554461 -0.11359185 -0.11163908 -0.10968632 -0.11939855 -0.13035314 -0.14130773 -0.15226232 -0.16766547 -0.1722333 -0.17141787 -0.17060244 -0.169787 -0.15884526 -0.14842647 -0.13936458
-0.13028399 -0.12331408 -0.11634416 -0.10937425 -0.10240434 -0.10366714 -0.10849017 -0.11331319 -0.11813622 -0.12295925 -0.12698032 -0.095082303 -0.062141021 -0.029199739 0.0037415436 0.036682826 0.043682935 0.021034242 -0.0016144514 -0.024263144 -0.046911837 -0.069499256 -0.086614427 -0.1037296 -0.12084477 -0.13795994 -0.15507511 -0.15540268 -0.15024583 -0.14508898 -0.13993212 -0.13477527 -0.13034688 -0.1272311 -0.12411533 -0.12099956 -0.11788378 -0.11557217 -0.1139519 -0.11199914 -0.11004637 -0.10809361 -0.10614084 -0.11585307 -0.12680766 -0.13776225 -0.14871685 -0.15967144 -0.16338141 -0.16256598 -0.16175054 -0.16093511 -0.16011968 -0.15220355 -0.14314166
-0.11880714 -0.11183722 -0.10486731 -0.097897392 -0.093740378 -0.1028722 -0.11295265 -0.11777568 -0.12259871 -0.12742174 -0.13224476 -0.100558 -0.067616722 -0.034675439 -0.0017341572 0.0173727 0.0085703626 -0.01407833 -0.036727023 -0.059375716 -0.081992759 -0.082728611 -0.081098243 -0.098213414 -0.11532858 -0.13244375 -0.14955892 -0.15144034 -0.14628348 -0.14112663 -0.13596978 -0.13121157 -0.13153676 -0.13527072 -0.13215495 -0.12903917 -0.1259234 -0.1228423 -0.12088953 -0.11893676 -0.116984 -0.11503123 -0.11281591 -0.12249802 -0.13345261 -0.1444072 -0.15536179 -0.16076355 -0.1609063 -0.16009086 -0.15927543 -0.15846 -0.16182957 -0.15820461 -0.14914272
-0.10456594 -0.097596027 -0.090626113 -0.087326671 -0.084875804 -0.094007625 -0.11101037 -0.12340215 -0.12822518 -0.1330482 -0.13787123 -0.10618447 -0.073243191 -0.040301908 -0.026406254 -0.024387842 -0.033190179 -0.055838872 -0.078487565 -0.097882514 -0.098653389 -0.099389242 -0.096997315 -0.094605389 -0.11002362 -0.12713879 -0.14425396 -0.14613537 -0.14097852 -0.13582167 -0.1312162 -0.12727126 -0.12759646 -0.13561604 -0.14075339 -0.13763762 -0.13452185 -0.13144074 -0.12948798 -0.12753521 -0.12558245 -0.12334098 -0.1210753 -0.13075742 -0.14171201 -0.1526666 -0.15714604 -0.1592987 -0.15944144 -0.15862601 -0.15781058 -0.16163861 -0.16818297 -0.16455801 -0.15549612
-0.090324748 -0.083363832 -0.080912965 -0.078462097 -0.07601123 -0.085143051 -0.1021458 -0.11914854 -0.13385164 -0.13867467 -0.1434977 -0.11181094 -0.07886966 -0.070185207 -0.068166795 -0.066148384 -0.074950721 -0.097599414 -0.11377227 -0.11454314 -0.11531402 -0.11604987 -0.11365795 -0.11126602 -0.10887409 -0.12183383 -0.138949 -0.14083041 -0.13567356 -0.13122082 -0.12727589 -0.12333096 -0.12365615 -0.13167573 -0.13969531 -0.14623607 -0.14312029 -0.14003919 -0.13808643 -0.13613173 -0.13386605 -0.13160038 -0.1293347 -0.13901681 -0.1499714 -0.15352854 -0.15568119 -0.15783384 -0.15797659 -0.15716116 -0.16144766 -0.16799201 -0.17453636 -0.1709114 -0.16184952
-0.076950125 -0.074499258 -0.072048391 -0.069597523 -0.067146656 -0.076278477 -0.093281224 -0.11028397 -0.12728672 -0.14428946 -0.14912417 -0.11743741 -0.11396416 -0.11194575 -0.10992734 -0.10790893 -0.11671126 -0.12966202 -0.1304329 -0.13120378 -0.13197465 -0.1327105 -0.13031858 -0.12792665 -0.12553472 -0.1231428 -0.13364404 -0.13552545 -0.13122545 -0.12728052 -0.12333559 -0.11939065 -0.11971585 -0.12773543 -0.13575501 -0.14377459 -0.15171874 -0.14863764 -0.1466568 -0.14439113 -0.14212545 -0.13985978 -0.1375941 -0.14727621 -0.14991103 -0.15206369 -0.15421634 -0.15636899 -0.15651174 -0.1612567 -0.16780106 -0.17434541 -0.18088976 -0.1772648 -0.17509353
-0.071191061 -0.068740194 -0.066289326 -0.063838459 -0.061387592 -0.068010992 -0.085013739 -0.10201648 -0.11901923 -0.13602198 -0.15302472 -0.15163819 -0.14961978 -0.14760137 -0.14558296 -0.14356454 -0.1420735 -0.14284437 -0.14361525 -0.14438612 -0.145157 -0.14698106 -0.14361154 -0.14121961 -0.13882768 -0.13643576 -0.13404383 -0.13058967 -0.12664474 -0.1226998 -0.11875487 -0.11480994 -0.11544983 -0.12346941 -0.13148899 -0.13950857 -0.14752815 -0.1552411 -0.15297542 -0.15070975 -0.14844407 -0.1461784 -0.14409864 -0.14623085 -0.1483835 -0.15053615 -0.15268881 -0.15484146 -0.1601478 -0.16669215 -0.1732365 -0.17978086 -0.18632521 -0.18711221 -0.18749008
-0.085784635 -0.083333768 -0.080882901 -0.078432034 -0.063410427 -0.065480767 -0.080659406 -0.097662152 -0.1146649 -0.13166765 -0.14867039 -0.14728386 -0.14526545 -0.14324703 -0.14122862 -0.13583503 -0.13246015 -0.13323102 -0.1340019 -0.13477277 -0.13776845 -0.14619393 -0.13655471 -0.13244182 -0.13004989 -0.12765796 -0.12526604 -0.12181188 -0.11786694 -0.11392201 -0.10997708 -0.11062085 -0.11388468 -0.11706872 -0.1250883 -0.13310788 -0.14112746 -0.14884041 -0.14657473 -0.14430906 -0.14204338 -0.14022004 -0.14216032 -0.14429253 -0.14644519 -0.14859784 -0.15075049 -0.15403545 -0.15956723 -0.16611159 -0.17265594 -0.17920029 -0.1752684 -0.17339455 -0.17377242
-0.10037821 -0.097927343 -0.094382562 -0.078187296 -0.06199203 -0.06406237 -0.078544961 -0.09330782 -0.11031057 -0.12731331 -0.14431606 -0.14292953 -0.14091111 -0.1388927 -0.13283642 -0.12622168 -0.12284679 -0.12361767 -0.12438854 -0.12835357 -0.13698133 -0.14540681 -0.13576758 -0.12612836 -0.1212721 -0.11888017 -0.11648824 -0.11303408 -0.10908915 -0.10514422 -0.1065654 -0.11019966 -0.11346349 -0.11605984 -0.11868761 -0.12670719 -0.13472677 -0.14243972 -0.14017404 -0.13790837 -0.13634144 -0.13828172 -0.140222 -0.14235422 -0.14450687 -0.14665952 -0.15004711 -0.15345489 -0.15898667 -0.16553102 -0.17207537 -0.16763624 -0.16155075 -0.1596769 -0.16005477
-0.11497178 -0.10915943 -0.092964165 -0.076768899 -0.060573633 -0.062643973 -0.077126564 -0.091609154 -0.10609174 -0.12295898 -0.13996173 -0.13857519 -0.13645254 -0.1298378 -0.12322307 -0.11660833 -0.11323344 -0.11400432 -0.11893869 -0.12756644 -0.1361942 -0.14461969 -0.13498046 -0.12534123 -0.115702 -0.11010238 -0.10771045 -0.10425629 -0.10031135 -0.10250995 -0.10614421 -0.10977847 -0.1130423 -0.11563865 -0.118235 -0.12083136 -0.12832608 -0.13603903 -0.13377335 -0.13246285 -0.13440313 -0.13634341 -0.13828369 -0.1404159 -0.142651 -0.14605877 -0.14946655 -0.15287433 -0.1584061 -0.16495046 -0.16000409 -0.15391859 -0.14783309 -0.14595924 -0.14633711
-0.1239363 -0.10774103 -0.091545768 -0.075350502 -0.059155236 -0.061225576 -0.075708166 -0.090190757 -0.10467335 -0.11915594 -0.13560739 -0.13345393 -0.12683919 -0.12022445 -0.11360971 -0.10699497 -0.10362009 -0.1095238 -0.11815156 -0.12677932 -0.13540708 -0.14383256 -0.13419333 -0.12455411 -0.11491488 -0.10527565 -0.098932654 -0.095478493 -0.098454505 -0.10208876 -0.10572302 -0.10935727 -0.1126211 -0.11521746 -0.11781381 -0.12041016 -0.12300652 -0.12963834 -0.12858425 -0.13052453 -0.13246481 -0.13440509 -0.13634537 -0.13866266 -0.14207043 -0.14547821 -0.14888599 -0.15229376 -0.15782554 -0.15237193 -0.14628643 -0.14020093 -0.13411543 -0.13224158 -0.12751797
-0.12614462 -0.10994936 -0.093754091 -0.077558825 -0.061363559 -0.0568173 -0.07129989 -0.085782481 -0.10026507 -0.11474766 -0.12923025 -0.12755705 -0.12094231 -0.11432757 -0.10771283 -0.10109809 -0.10116979 -0.10979755 -0.11842531 -0.12705307 -0.13568083 -0.14208565 -0.13640836 -0.12676914 -0.11712991 -0.10749068 -0.097851454 -0.097291109 -0.10092537 -0.10455962 -0.10819388 -0.11182814 -0.11753478 -0.12013114 -0.12272749 -0.12532384 -0.1279202 -0.13049699 -0.13243727 -0.13437755 -0.13631783 -0.13825811 -0.1385486 -0.13910034 -0.14250812 -0.14591589 -0.14932367 -0.15273145 -0.14935443 -0.14326893 -0.13718343 -0.13109793 -0.12501243 -0.12008423 -0.1149435
-0.13326417 -0.12058486 -0.10438959 -0.088194327 -0.071999061 -0.063064276 -0.059944222 -0.074426813 -0.088909403 -0.10339199 -0.11787458 -0.12362181 -0.12368114 -0.1170664 -0.11045166 -0.10383692 -0.10390862 -0.11253638 -0.12116414 -0.1297919 -0.13527677 -0.13766361 -0.14011373 -0.13596008 -0.12632085 -0.11668162 -0.1070424 -0.10648205 -0.11011631 -0.11375056 -0.11738482 -0.1146109 -0.11821616 -0.13582128 -0.14003748 -0.14263383 -0.14523018 -0.14780698 -0.14974726 -0.15168754 -0.15362782 -0.15331845 -0.14807817 -0.1451516 -0.14531184 -0.14871962 -0.15212739 -0.15553517 -0.15175965 -0.14488872 -0.13880322 -0.13271772 -0.12663222 -0.12226668 -0.11836361
-0.13097748 -0.12564331 -0.11502509 -0.098829828 -0.082634562 -0.073699778 -0.069698797 -0.065697817 -0.077553735 -0.092036326 -0.10651892 -0.11226614 -0.11771322 -0.11980523 -0.11319049 -0.10657575 -0.10664745 -0.11527521 -0.12390297 -0.12846859 -0.13085473 -0.13324158 -0.1356917 -0.13814182 -0.13551179 -0.12587257 -0.11623334 -0.11567299 -0.11930725 -0.12294151 -0.11918474 -0.11502055 -0.11862581 -0.13623093 -0.15383605 -0.15994381 -0.16254017 -0.16511696 -0.16705724 -0.16899752 -0.16808829 -0.16284802 -0.15760774 -0.15468117 -0.15200103 -0.15152334 -0.15493111 -0.15833889 -0.15456338 -0.14736337 -0.14042301 -0.13433751 -0.12825202 -0.12388647 -0.12044048
-0.12869079 -0.12335662 -0.11802245 -0.10946533 -0.093270064 -0.08433528 -0.080334299 -0.076333319 -0.072332338 -0.080680658 -0.095163248 -0.10091048 -0.10635755 -0.11180462 -0.11592932 -0.10931458 -0.10938628 -0.11801404 -0.12166042 -0.12404656 -0.1264327 -0.12881954 -0.13126966 -0.13371978 -0.1361699 -0.13506351 -0.12542428 -0.12486394 -0.12792277 -0.12375858 -0.11959439 -0.1154302 -0.11903547 -0.13664059 -0.1542457 -0.17185082 -0.17985015 -0.18242695 -0.18436723 -0.18285814 -0.17761787 -0.17237759 -0.16713731 -0.16421074 -0.1615306 -0.15885045 -0.15773484 -0.16114261 -0.1573671 -0.15016709 -0.14296709 -0.13595731 -0.12987181 -0.12550626 -0.12206027
-0.1264041 -0.12106993 -0.11573576 -0.1104016 -0.10390557 -0.094970782 -0.090969801 -0.08696882 -0.08296784 -0.078966859 -0.083807581 -0.089554809 -0.095001879 -0.10044895 -0.10589602 -0.11134309 -0.11212511 -0.11485225 -0.11723839 -0.11962452 -0.12201066 -0.12439751 -0.12684763 -0.12929775 -0.13174787 -0.13419799 -0.13461522 -0.13249661 -0.12833242 -0.12416823 -0.12000404 -0.11583985 -0.11944512 -0.13705024 -0.15465536 -0.17226047 -0.18986559 -0.19973693 -0.19762799 -0.19238771 -0.18714744 -0.18190716 -0.17666688 -0.17374031 -0.17106017 -0.16838002 -0.16569987 -0.16394634 -0.16017082 -0.15297082 -0.14577081 -0.13857081 -0.1314916 -0.12712606 -0.12368007
-0.1224491 -0.11711493 -0.11178076 -0.1064466 -0.10207559 -0.10661259 -0.10367581 -0.099674827 -0.095673847 -0.091672866 -0.087671885 -0.092805094 -0.098252165 -0.10369924 -0.10914631 -0.11433955 -0.11708374 -0.11946988 -0.12185601 -0.12424215 -0.12662829 -0.12131031 -0.12188218 -0.1243323 -0.12678242 -0.12923254 -0.13168266 -0.12960868 -0.12544449 -0.1212803 -0.11711611 -0.11295192 -0.11602135 -0.13122741 -0.14883253 -0.16643765 -0.18404276 -0.2009668 -0.19572653 -0.19048625 -0.18524597 -0.18000569 -0.17581195 -0.17307858 -0.17039843 -0.16771828 -0.16503813 -0.16156827 -0.15499676 -0.14779676 -0.14059675 -0.13339675 -0.13085321 -0.13240791 -0.12896192
-0.11723566 -0.1119015 -0.10656733 -0.10286438 -0.10105062 -0.10558762 -0.11444023 -0.11394265 -0.10994167 -0.10594069 -0.10193971 -0.10707292 -0.11251999 -0.11796706 -0.12275196 -0.12577596 -0.12852015 -0.13090629 -0.13329243 -0.13567857 -0.12853522 -0.11928784 -0.11876035 -0.11895695 -0.12140707 -0.12385719 -0.12630731 -0.12423333 -0.12006914 -0.11590495 -0.11222076 -0.11190295 -0.11497714 -0.1241634 -0.13830842 -0.15591354 -0.17351866 -0.1904427 -0.18520242 -0.17996214 -0.17472187 -0.1706958 -0.16746271 -0.16472934 -0.16204919 -0.15936904 -0.15562957 -0.15037642 -0.14380491 -0.13660491 -0.12940491 -0.12798938 -0.13889743 -0.14045212 -0.13700614
-0.11202223 -0.10668806 -0.10365318 -0.10183941 -0.10002564 -0.10456264 -0.11341526 -0.12226787 -0.1242095 -0.12020852 -0.11620754 -0.12134075 -0.12678782 -0.13116438 -0.13418838 -0.13721238 -0.13995657 -0.1423427 -0.14472884 -0.13585777 -0.12651275 -0.11726537 -0.11673788 -0.11621039 -0.11603172 -0.11848184 -0.12093196 -0.11885798 -0.11469379 -0.11149436 -0.11117655 -0.11085874 -0.11393293 -0.12311919 -0.13230545 -0.14538943 -0.16299455 -0.17991859 -0.17467832 -0.16943804 -0.16557965 -0.16234656 -0.15911348 -0.15638011 -0.15369996 -0.14969087 -0.14443772 -0.13918457 -0.13261306 -0.12541306 -0.12512554 -0.13603359 -0.14694164 -0.14849634 -0.14505035
-0.10680879 -0.10444197 -0.1026282 -0.10081444 -0.099000671 -0.10353767 -0.11239028 -0.1212429 -0.13009551 -0.13447635 -0.13047537 -0.13560858 -0.13957679 -0.14260079 -0.14562479 -0.14864879 -0.15139298 -0.15252534 -0.14318032 -0.1338353 -0.12449028 -0.1152429 -0.11471541 -0.11418792 -0.11366043 -0.11313293 -0.11555661 -0.11348263 -0.11076796 -0.11045015 -0.11013234 -0.10981453 -0.11288872 -0.12207498 -0.13126124 -0.1404475 -0.15247045 -0.16939449 -0.16415421 -0.1604635 -0.15723041 -0.15399733 -0.15076424 -0.14803087 -0.14375217 -0.13849902 -0.13324587 -0.12799272 -0.12142121 -0.1222617 -0.13316975 -0.14407781 -0.15498586 -0.15654055 -0.14876031
-0.10523076 -0.103417 -0.10160323 -0.099789463 -0.097975697 -0.1025127 -0.11136531 -0.12021792 -0.12907054 -0.13792315 -0.1447432 -0.14798921 -0.15101321 -0.15403721 -0.15706121 -0.16008521 -0.15984789 -0.15050287 -0.14115785 -0.13181283 -0.12246781 -0.11322044 -0.11269294 -0.11216545 -0.11163796 -0.11111046 -0.11058297 -0.11004156 -0.10972375 -0.10940594 -0.10908814 -0.10877033 -0.11184451 -0.12103077 -0.13021703 -0.13940329 -0.14858955 -0.15887038 -0.15534735 -0.15211426 -0.14888118 -0.1456481 -0.14241501 -0.13781348 -0.13256032 -0.12730717 -0.12205402 -0.11680087 -0.11939786 -0.13030592 -0.14121397 -0.15212202 -0.16303007 -0.15960532 -0.14580207
