P2_models/J1_p2_tot_conduct_slide_61.34.dat.tif
NCOLS 118
NROWS 92
XLLCORNER 139.62
YLLCORNER -39.07
DX 0.099491525
DY 0.099347826
NODATA_VALUE -9999
[rows 26 to 51 of 92, columns 57 to 113 of 118]
-2.8709529 -2.7747207 -2.6531199 -2.539962 -2.4299977 -2.3283376 -2.2393188 -2.1658846 -2.1106115 -2.0791139 -2.060194 -2.0787933 -2.0971155 -2.1454169 -2.1821365 -2.2263549 -2.2525631 -2.2801996 -2.2760989 -2.2600111 -2.2088121 -2.154603 -2.0724908 -1.9922623 -1.9161806 -1.8588751 -1.8036021 -1.7933604 -1.7908826 -1.8318497 -1.8949003 -1.9722826 -2.0727284 -2.1839248 -2.2960901 -2.4064812 -2.5163376 -2.6181372 -2.7000714 -2.7580263 -2.8106983 -2.8327203 -2.8472057 -2.8229203 -2.8008466 -2.7715843 -2.7544381 -2.7251759 -2.7033365 -2.6651885 -2.6476311 -2.6383215 -2.6032069 -2.5425694 -2.454184 -2.3137253 -2.1025266
-3.0157536 -2.9313851 -2.8429482 -2.7336377 -2.6286933 -2.518729 -2.4115217 -2.3186654 -2.2364521 -2.1704916 -2.1264259 -2.0950075 -2.0904923 -2.084965 -2.1029102 -2.1084375 -2.1235217 -2.1278663 -2.1157508 -2.0878082 -2.0325352 -1.975777 -1.903922 -1.8266826 -1.7506008 -1.7000938 -1.6578919 -1.650971 -1.6517956 -1.7058847 -1.7770575 -1.8710217 -1.9784532 -2.1044465 -2.2197348 -2.3336261 -2.4389701 -2.5386418 -2.6147236 -2.6657156 -2.7047273 -2.7197877 -2.7279883 -2.6694639 -2.6364546 -2.6247497 -2.620971 -2.6125817 -2.6718819 -2.6735361 -2.6969459 -2.7051014 -2.6959315 -2.6352941 -2.5468118 -2.4005007 -2.1735815
-3.132216 -3.0702032 -2.9929011 -2.901 -2.7989632 -2.6906448 -2.5806805 -2.4659756 -2.3713144 -2.2728254 -2.2045724 -2.1404106 -2.1044494 -2.074176 -2.05895 -2.0522455 -2.0403763 -2.0364402 -2.0137707 -1.9768403 -1.9171651 -1.8596604 -1.7911529 -1.7222344 -1.6504831 -1.6037566 -1.5657482 -1.5698302 -1.5736686 -1.6328927 -1.709802 -1.8062568 -1.9160699 -2.0435657 -2.1527539 -2.267984 -2.3604614 -2.4564086 -2.5237099 -2.5584606 -2.5918172 -2.596261 -2.6029503 -2.5600658 -2.5196072 -2.5181982 -2.5457556 -2.5487568 -2.6357591 -2.6839714 -2.7243522 -2.7658477 -2.7690965 -2.7238529 -2.6335083 -2.4849224 -2.2411587
-3.2250045 -3.1875062 -3.1267058 -3.0486767 -2.9544215 -2.8493948 -2.7394305 -2.6227079 -2.5066345 -2.3985582 -2.2943482 -2.2158023 -2.1403597 -2.0906139 -2.0472041 -2.0195676 -1.9933926 -1.9712834 -1.9355725 -1.8960864 -1.8365087 -1.7752651 -1.7089374 -1.6440483 -1.5796714 -1.5379889 -1.5048251 -1.5110155 -1.5255674 -1.5899443 -1.666181 -1.7656726 -1.875968 -1.9988692 -2.1040767 -2.207535 -2.2923331 -2.3688436 -2.4215156 -2.4488682 -2.472278 -2.4731861 -2.4726328 -2.4381142 -2.4210654 -2.4327702 -2.4677257 -2.5028403 -2.6056834 -2.6925229 -2.7568997 -2.8071384 -2.8364007 -2.7983723 -2.7184786 -2.5663151 -2.3198611
-3.3119339 -3.2806907 -3.2384721 -3.1702238 -3.0910248 -2.985998 -2.8760337 -2.7484616 -2.62461 -2.4978492 -2.3867238 -2.2819959 -2.1982671 -2.1154509 -2.0632805 -2.0133583 -1.9787632 -1.9464465 -1.9093198 -1.8650402 -1.8152944 -1.7570806 -1.6962802 -1.6332554 -1.5734622 -1.5379958 -1.5110343 -1.5213874 -1.5379859 -1.6054809 -1.6822085 -1.7718818 -1.8745787 -1.9864508 -2.0757986 -2.1702795 -2.2229515 -2.2943327 -2.3193231 -2.3225435 -2.3294655 -2.3217282 -2.3174018 -2.3115494 -2.2968806 -2.3285553 -2.3914117 -2.4469572 -2.5925978 -2.6863136 -2.7845909 -2.8632399 -2.9109115 -2.8832648 -2.8054079 -2.6532444 -2.3948247
-3.3760888 -3.3640256 -3.3285167 -3.2754493 -3.2024984 -3.1040551 -2.9940908 -2.8665187 -2.7338633 -2.5966603 -2.4697615 -2.3551458 -2.2517158 -2.1630251 -2.0849648 -2.0270744 -1.9789421 -1.940251 -1.8970259 -1.8561046 -1.8095947 -1.7609648 -1.7067082 -1.6536959 -1.5981684 -1.5744428 -1.5523336 -1.5706651 -1.5907656 -1.6609949 -1.73048 -1.8162681 -1.8979381 -2.0028235 -2.066265 -2.1467029 -2.1712713 -2.2126671 -2.2199353 -2.1806911 -2.1748387 -2.1576906 -2.1498945 -2.1577609 -2.167716 -2.2126851 -2.3184407 -2.3945225 -2.5612368 -2.694659 -2.8100687 -2.9248115 -2.9891883 -2.9701398 -2.8985193 -2.7463558 -2.4780448
-3.4362446 -3.4302575 -3.4081483 -3.3615507 -3.298714 -3.2034029 -3.0934386 -2.9658665 -2.8332111 -2.6898684 -2.5492397 -2.4235662 -2.3047013 -2.2052098 -2.1180807 -2.0462257 -1.9920063 -1.9477878 -1.9081033 -1.8693509 -1.8251325 -1.7808343 -1.7366159 -1.693435 -1.6524679 -1.635502 -1.6299747 -1.6532196 -1.6831861 -1.747563 -1.8165815 -1.8939638 -1.9707932 -2.0468749 -2.0966216 -2.1400797 -2.1400797 -2.1284387 -2.0874716 -2.0465045 -2.0055374 -1.9820913 -1.9644452 -1.987855 -2.0306323 -2.106714 -2.2184638 -2.3472175 -2.5312253 -2.7042676 -2.8564311 -2.9742725 -3.0737641 -3.0613737 -2.9978672 -2.8457036 -2.5762919
-3.4736893 -3.470098 -3.451887 -3.4117641 -3.3549608 -3.2633997 -3.1559794 -3.0284073 -2.8957519 -2.7470654 -2.6037565 -2.4676102 -2.3441704 -2.2303855 -2.1405927 -2.0650278 -2.0105693 -1.9663508 -1.9273347 -1.894232 -1.8665955 -1.8284783 -1.8043346 -1.7728834 -1.7510983 -1.7457134 -1.7472478 -1.775567 -1.8069126 -1.8712894 -1.9343898 -1.9992867 -2.0567244 -2.1152314 -2.1228421 -2.1506987 -2.0980267 -2.0839029 -2.0042726 -1.9155339 -1.8567149 -1.8178047 -1.7971349 -1.8261258 -1.8698596 -1.9756577 -2.1363007 -2.2845971 -2.5235225 -2.698691 -2.8877152 -3.0391608 -3.1479362 -3.1477508 -3.084946 -2.9327825 -2.6597067
-3.5018822 -3.5005273 -3.484209 -3.4488225 -3.3964585 -3.3106891 -3.2059612 -3.0820621 -2.9494068 -2.8007203 -2.6527208 -2.5148996 -2.3837288 -2.2676554 -2.1661299 -2.0886723 -2.0321657 -1.9879473 -1.9527966 -1.9224388 -1.9045574 -1.8825 -1.8659275 -1.8570962 -1.8461989 -1.8600612 -1.8711158 -1.9115113 -1.9467223 -2.0110992 -2.0682815 -2.1275 -2.1599377 -2.2009048 -2.1803625 -2.171336 -2.0907577 -2.0230508 -1.9214731 -1.7923205 -1.7103863 -1.657533 -1.6269267 -1.6620289 -1.7251645 -1.8458774 -2.0428564 -2.2242822 -2.4873676 -2.7163036 -2.9243669 -3.1025847 -3.225486 -3.2266367 -3.1715628 -3.0200224 -2.7488235
-3.5173696 -3.5137737 -3.5027191 -3.4693098 -3.4221822 -3.3382724 -3.2387809 -3.1169672 -2.9891459 -2.8404595 -2.6924599 -2.5510772 -2.4168448 -2.3007713 -2.1992459 -2.1163363 -2.0586585 -2.01444 -1.9829465 -1.9555547 -1.9500274 -1.9421087 -1.9421087 -1.9431977 -1.9549025 -1.9777778 -2.0102028 -2.0599391 -2.112302 -2.1766789 -2.2338613 -2.2780797 -2.3007101 -2.3007101 -2.2604731 -2.2110751 -2.0881738 -1.9742888 -1.8221253 -1.6842987 -1.558053 -1.4952185 -1.4481006 -1.4949202 -1.5744965 -1.72666 -1.9382701 -2.1712966 -2.4660823 -2.7315498 -2.9773524 -3.162138 -3.3115875 -3.3127381 -3.2598289 -3.1193703 -2.8470073
-3.5092255 -3.5047529 -3.4936982 -3.4674013 -3.4248127 -3.3525513 -3.2584498 -3.141802 -3.0157721 -2.8726129 -2.7238318 -2.577887 -2.4427777 -2.3267043 -2.2276035 -2.1476565 -2.0891019 -2.0448834 -2.0142666 -1.9977718 -2.0028965 -2.0018325 -2.0146467 -2.0307335 -2.057884 -2.1031695 -2.1443665 -2.2017064 -2.2581286 -2.3225055 -2.3737697 -2.4077446 -2.414923 -2.4061957 -2.3180836 -2.2523018 -2.077273 -1.9449749 -1.7616211 -1.5724386 -1.429261 -1.3519294 -1.3016271 -1.3581145 -1.4455821 -1.6222308 -1.8787712 -2.1301143 -2.4806167 -2.7601132 -3.0293542 -3.2436663 -3.4021245 -3.3887834 -3.3376278 -3.200368 -2.9301935
-3.482971 -3.4819041 -3.4708495 -3.4462554 -3.4096007 -3.3474426 -3.2636603 -3.1573432 -3.0357424 -2.8978756 -2.7561827 -2.6121968 -2.4758892 -2.3604815 -2.2596778 -2.1822955 -2.1257889 -2.0815705 -2.0600215 -2.0454485 -2.0526175 -2.0637239 -2.0820671 -2.1133331 -2.1543002 -2.2122388 -2.2730392 -2.3372454 -2.3982803 -2.4626572 -2.5105156 -2.5381522 -2.531019 -2.5076093 -2.4038082 -2.2949412 -2.0997597 -1.9089372 -1.6982492 -1.4869291 -1.3113558 -1.2261119 -1.1676908 -1.2285143 -1.338978 -1.5321086 -1.8124895 -2.0992592 -2.4695076 -2.8035424 -3.0903121 -3.3131387 -3.4887119 -3.4735756 -3.4119692 -3.277363 -3.0088914
-3.4167391 -3.4167391 -3.4167391 -3.3946848 -3.3632384 -3.3086309 -3.2437907 -3.1478183 -3.0423656 -2.9154212 -2.7826754 -2.6517655 -2.5222515 -2.4172327 -2.3185647 -2.2356551 -2.1787744 -2.134556 -2.115867 -2.1050572 -2.1161118 -2.1299558 -2.1631196 -2.2012202 -2.2597446 -2.3223652 -2.3922566 -2.4627274 -2.5307441 -2.5951209 -2.6424398 -2.6590217 -2.6442265 -2.6003339 -2.4759908 -2.3413035 -2.1072058 -1.8940472 -1.6365397 -1.4112905 -1.212008 -1.1201793 -1.0550966 -1.1253259 -1.243136 -1.4713813 -1.7709625 -2.092636 -2.4931199 -2.8454554 -3.1614873 -3.3859937 -3.561567 -3.5422702 -3.4784863 -3.3497325 -3.0817465
-3.3257609 -3.3279972 -3.3304008 -3.3272831 -3.3034757 -3.2648762 -3.206237 -3.1406914 -3.0433051 -2.9449348 -2.8205114 -2.7048607 -2.5831085 -2.4846294 -2.391734 -2.3110396 -2.252485 -2.2082666 -2.1912515 -2.1758018 -2.1868564 -2.2023743 -2.2355381 -2.2786604 -2.3371848 -2.4123884 -2.4859621 -2.5531771 -2.6245416 -2.6889185 -2.732292 -2.7435394 -2.7221909 -2.6739368 -2.5272752 -2.3799882 -2.1235632 -1.881948 -1.6125818 -1.3652388 -1.1572362 -1.0579511 -0.99062719 -1.0690297 -1.2002311 -1.4394788 -1.766433 -2.1034064 -2.5285655 -2.900988 -3.222222 -3.4469927 -3.6217396 -3.5885229 -3.524739 -3.3959852 -3.1279992
-3.213837 -3.2250262 -3.2305535 -3.2332953 -3.2280589 -3.2049351 -3.1630439 -3.1076253 -3.0412976 -2.954592 -2.8638826 -2.7544828 -2.6512018 -2.5572376 -2.472359 -2.3949767 -2.3375643 -2.2933458 -2.2717969 -2.25262 -2.2611408 -2.2757529 -2.3089167 -2.3511332 -2.4096577 -2.4839554 -2.566865 -2.6388922 -2.7050919 -2.7694688 -2.8137481 -2.8192754 -2.7739052 -2.7212332 -2.5781583 -2.4099546 -2.1487886 -1.8779113 -1.5911416 -1.3437986 -1.1214058 -1.0209811 -0.9492059 -1.0314926 -1.1789153 -1.4305703 -1.7611476 -2.1239991 -2.556992 -2.9535205 -3.2812573 -3.4960642 -3.6657851 -3.633999 -3.5578051 -3.4290514 -3.1628769
-3.0668333 -3.0833077 -3.1047129 -3.1163025 -3.1287111 -3.1270652 -3.1166816 -3.0815626 -3.0346744 -2.9790341 -2.9036217 -2.8303122 -2.738696 -2.6613137 -2.5813677 -2.5141941 -2.4542082 -2.40594 -2.3782024 -2.3453446 -2.3398173 -2.3483979 -2.3760345 -2.4159728 -2.4692664 -2.5406893 -2.6198505 -2.7075953 -2.7845702 -2.8527123 -2.8998495 -2.9053768 -2.8117153 -2.6682477 -2.5438312 -2.390085 -2.1442824 -1.8779113 -1.5964024 -1.3477433 -1.1214058 -1.0250706 -0.95582909 -1.0436157 -1.1921617 -1.455096 -1.793755 -2.1637382 -2.5967311 -2.9932597 -3.2935459 -3.4852408 -3.6326691 -3.6306284 -3.5644283 -3.4356745 -3.1750165
-2.8943714 -2.925141 -2.9549136 -2.9821576 -3.0129047 -3.0277174 -3.042613 -3.0601134 -3.0269495 -2.9724109 -2.9433609 -2.8713337 -2.8206453 -2.7485107 -2.6914909 -2.6293715 -2.5775777 -2.5215145 -2.4833836 -2.4422214 -2.4366941 -2.4171008 -2.4415562 -2.4564036 -2.5016593 -2.5712328 -2.6382348 -2.7232113 -2.8021497 -2.872379 -2.9195162 -2.9266957 -2.8419449 -2.6682652 -2.5240631 -2.3909763 -2.145711 -1.9005515 -1.6234022 -1.3792796 -1.158212 -1.0665924 -0.99982184 -1.0881664 -1.2472941 -1.5083911 -1.8451608 -2.2117817 -2.6364702 -3.0224554 -3.3145901 -3.5001684 -3.62332 -3.6141211 -3.5627471 -3.4320297 -3.1691832
-2.731457 -2.7740796 -2.8182981 -2.8671562 -2.9142838 -2.9521375 -2.9783195 -3.0014134 -3.0179953 -3.0076034 -2.9921216 -2.9502304 -2.908573 -2.8588273 -2.8081106 -2.7528376 -2.6926314 -2.631831 -2.5846323 -2.5373227 -2.5008303 -2.4703889 -2.4759162 -2.4871291 -2.5163913 -2.5635907 -2.6243911 -2.6982433 -2.7751565 -2.8453858 -2.8966764 -2.907731 -2.8266147 -2.6627463 -2.533338 -2.4040678 -2.1785847 -1.9371839 -1.6679715 -1.4382864 -1.221746 -1.1324233 -1.0706574 -1.164123 -1.3209923 -1.5784998 -1.9015281 -2.2643795 -2.6816934 -3.0533971 -3.3343143 -3.5040905 -3.6211393 -3.6087754 -3.5513057 -3.4166995 -3.1545799
-2.5884828 -2.6373049 -2.7003225 -2.7587441 -2.8211452 -2.8790444 -2.9286456 -2.9731126 -3.0055769 -3.0275025 -3.0238556 -3.0186192 -2.9850134 -2.9518495 -2.9046448 -2.8583946 -2.7926837 -2.7249696 -2.6718908 -2.6056243 -2.5448239 -2.5049219 -2.4717581 -2.4730639 -2.4791359 -2.5110668 -2.5560895 -2.621725 -2.6944363 -2.7646657 -2.8196936 -2.8456386 -2.7769148 -2.6317002 -2.5218447 -2.4040678 -2.2050847 -1.9682301 -1.7270254 -1.5180174 -1.3148846 -1.2340986 -1.1762145 -1.2640011 -1.4203402 -1.6627072 -1.9660671 -2.3140534 -2.7048906 -3.0720248 -3.333353 -3.4917079 -3.6025116 -3.5798748 -3.5202595 -3.3809056 -3.1231987
-2.4517862 -2.516509 -2.5861928 -2.662913 -2.7316981 -2.809601 -2.8724378 -2.9452466 -2.9949924 -3.0347951 -3.0550706 -3.057424 -3.0507454 -3.0255216 -2.9875084 -2.94329 -2.8816751 -2.8098201 -2.742499 -2.662445 -2.5818814 -2.5177336 -2.4666557 -2.4281296 -2.4196739 -2.4289372 -2.4621011 -2.514211 -2.5807946 -2.6510239 -2.71197 -2.7437536 -2.7402267 -2.6083149 -2.5098805 -2.4084697 -2.2285703 -2.018311 -1.7918215 -1.6188213 -1.4256907 -1.350513 -1.2982033 -1.3831882 -1.5296887 -1.7637759 -2.039448 -2.3730373 -2.7394667 -3.0828469 -3.3390382 -3.5020644 -3.6074083 -3.5841036 -3.5164013 -3.3677763 -3.0913953
-2.333 -2.4039148 -2.4868244 -2.5701884 -2.6539707 -2.7376878 -2.8214702 -2.9044883 -2.9873979 -3.038115 -3.0815634 -3.0920361 -3.0971077 -3.0860531 -3.0603635 -3.0161451 -2.9545302 -2.8826752 -2.7973055 -2.7088073 -2.6148431 -2.5243568 -2.4469745 -2.3817673 -2.3349478 -2.3278873 -2.3389419 -2.38393 -2.4350844 -2.5053138 -2.5662598 -2.6104783 -2.6143861 -2.5851239 -2.5058221 -2.4150929 -2.2512245 -2.0776767 -1.8845461 -1.712921 -1.554905 -1.484617 -1.4372902 -1.5192244 -1.6532065 -1.8697469 -2.1417708 -2.4402454 -2.7870284 -3.1006295 -3.3522845 -3.5162277 -3.6332766 -3.6105963 -3.5293324 -3.3479067 -3.0712168
-2.289265 -2.3624595 -2.4493217 -2.5358686 -2.6227221 -2.717276 -2.8088533 -2.9005366 -2.9872458 -3.059468 -3.1080561 -3.1290016 -3.1371332 -3.1357161 -3.1101135 -3.0658951 -2.9973216 -2.9200475 -2.8316998 -2.7209088 -2.5882534 -2.4856235 -2.3727299 -2.2912621 -2.2172073 -2.1910699 -2.1900832 -2.2204787 -2.267507 -2.3401615 -2.412762 -2.4738451 -2.5002559 -2.491878 -2.4547048 -2.3797263 -2.2743823 -2.1027365 -1.9448919 -1.815186 -1.6727977 -1.6226213 -1.5789838 -1.649647 -1.7835204 -1.9742636 -2.2032466 -2.4839152 -2.7823898 -3.0944841 -3.3170893 -3.4553196 -3.5652426 -3.5367425 -3.4550009 -3.281576 -3.027583
-2.2583497 -2.3408975 -2.4293344 -2.5181177 -2.6071365 -2.7033363 -2.8028278 -2.8980303 -2.9919945 -3.0696999 -3.1335325 -3.1544781 -3.1716019 -3.1727899 -3.1533925 -3.109174 -3.0354846 -2.952575 -2.8469959 -2.7230479 -2.5754119 -2.4394091 -2.3146828 -2.1959282 -2.1065824 -2.0547089 -2.038127 -2.0573881 -2.0933668 -2.1694486 -2.2499399 -2.3186087 -2.3729253 -2.3846301 -2.3745159 -2.335408 -2.2515155 -2.1348953 -1.9973344 -1.9082163 -1.785315 -1.7487503 -1.7192508 -1.7854708 -1.8986064 -2.076689 -2.2757616 -2.5274166 -2.8039519 -3.0707963 -3.2783697 -3.3966928 -3.4961844 -3.4666822 -3.3850478 -3.216066 -2.9766817
-2.271596 -2.3541439 -2.4425808 -2.5313641 -2.6203828 -2.7165827 -2.8160742 -2.9112766 -3.0052408 -3.0885177 -3.1600253 -3.1809708 -3.1980947 -3.203622 -3.1865084 -3.14229 -3.066758 -2.9727937 -2.8482902 -2.7098015 -2.5439823 -2.3864236 -2.2371863 -2.1032035 -1.9803023 -1.916132 -1.8725473 -1.8849767 -1.9079176 -1.9839993 -2.0644906 -2.1529275 -2.2185006 -2.2711726 -2.2785578 -2.2757993 -2.2231273 -2.1455005 -2.0635663 -1.9816321 -1.8979092 -1.8710938 -1.8583377 -1.9168622 -2.0172501 -2.1694136 -2.3572451 -2.5671558 -2.8159768 -3.0498109 -3.2253842 -3.3399406 -3.4233293 -3.3938272 -3.3144733 -3.1564573 -2.9214972
-2.3460036 -2.4254337 -2.5031666 -2.5852409 -2.6659427 -2.7588508 -2.8444484 -2.9361317 -3.0300959 -3.1110767 -3.1749093 -3.1995867 -3.2245874 -3.2301148 -3.21382 -3.1658452 -3.0882652 -2.9846791 -2.8511039 -2.6907508 -2.5193601 -2.3392424 -2.1753203 -2.0070908 -1.8701646 -1.8010813 -1.7313015 -1.7355309 -1.7456857 -1.8217674 -1.9022587 -1.994 -2.0877861 -2.1586509 -2.1748607 -2.2161906 -2.1781687 -2.1478846 -2.0907035 -2.0246466 -1.9846407 -1.9812609 -1.9742073 -2.0349419 -2.1331921 -2.2657805 -2.4441654 -2.6152815 -2.8150855 -3.0374559 -3.1942018 -3.2985637 -3.3640869 -3.3209721 -3.2432559 -3.0924717 -2.8618885
-2.4351921 -2.4989677 -2.5700579 -2.6361866 -2.7147325 -2.7895864 -2.8733687 -2.9577694 -3.0517336 -3.1243231 -3.1889809 -3.2187968 -3.2437976 -3.2493249 -3.2306055 -3.1808597 -3.0914661 -2.9864472 -2.8360894 -2.6729415 -2.4802804 -2.2901204 -2.1037841 -1.9263622 -1.7795334 -1.6792942 -1.6074392 -1.5984222 -1.608577 -1.6846587 -1.7642404 -1.8586594 -1.9573006 -2.0509397 -2.1128244 -2.156597 -2.1642629 -2.1471343 -2.1074419 -2.1003423 -2.0652277 -2.071558 -2.0781981 -2.1444491 -2.2314082 -2.3526949 -2.4894954 -2.6592163 -2.8427119 -3.0227168 -3.1670847 -3.2449564 -3.3093333 -3.2636729 -3.1816016 -3.0357688 -2.8242184
