P2_models/J1_p2_vp_slide_diff_5.dat.tif
NCOLS 118
NROWS 92
XLLCORNER 139.62
YLLCORNER -39.07
DX 0.099491525
DY 0.099347826
NODATA_VALUE -9999
[rows 0 to 26 of 92, columns 0 to 59 of 118]
-9999 -9999 -9999 -9999 -9999 -9999 -9999 -9999 -9999 -9999 -9999 -9999 -9999 -9999 -9999 -9999 -9999 -9999 -9999 -9999 -9999 -9999 -9999 -9999 -9999 -9999 -9999 -9999 -9999 -9999 -9999 -9999 -9999 -9999 -9999 -9999 -9999 -9999 -9999 -9999 -9999 -9999 -9999 -9999 -9999 -9999 -9999 -9999 -9999 -9999 -9999 -9999 -9999 -9999 -9999 -9999 -9999 -9999 -9999 -9999
-9999 6.0688339 6.0590479 6.0492618 6.0394758 6.0296897 6.0199037 6.0101176 5.9971009 5.9817694 5.9664379 5.9511064 5.9357749 5.9230644 5.9193878 5.9200511 5.9207144 5.9213776 5.9220409 5.9243087 5.9302782 5.9362477 5.9422172 5.9481867 5.9535804 5.9577954 5.9699735 5.984307 5.9986405 6.0129741 6.0273076 6.0418715 6.0568795 6.0718876 6.0868956 6.1019037 6.1154864 6.1283422 6.1460356 6.1638755 6.1817154 6.1995552 6.2173951 6.2363309 6.2545994 6.2724032 6.2902069 6.3080107 6.3258144 6.3338498 6.3459309 6.358012 6.3700931 6.3821742 6.3887231 6.3775087 6.3682702 6.3590317 6.3497932 6.3405547
-9999 6.0884965 6.0787105 6.0689244 6.0591384 6.0493523 6.0395663 6.0297802 6.0199942 6.0084691 5.9931376 5.9778061 5.9624747 5.9497642 5.9423023 5.9366091 5.9372723 5.9379356 5.9385989 5.9408667 5.9468362 5.9528057 5.9587752 5.9631399 5.964964 5.969179 5.9798027 5.9911372 6.0054707 6.0198042 6.0341377 6.0487017 6.0637097 6.0787178 6.0937258 6.1060815 6.1156933 6.1285492 6.146046 6.1636685 6.1815084 6.1993482 6.2171881 6.236124 6.2558477 6.2744729 6.2922767 6.3100804 6.3278841 6.3356581 6.3416987 6.3530446 6.3651257 6.3772068 6.3837557 6.3711416 6.3593703 6.3501318 6.3408933 6.3316548
-9999 6.1081591 6.0983731 6.088587 6.078801 6.0690149 6.0592289 6.0494428 6.0396568 6.0298707 6.0198374 6.0045059 5.9891744 5.9764639 5.969002 5.9615402 5.9540783 5.9544936 5.9551569 5.9574246 5.9633941 5.9693636 5.9726995 5.9745235 5.9763476 5.9805626 5.9911863 6.00181 6.0124336 6.0266344 6.0409679 6.0555318 6.0705399 6.0855479 6.0966765 6.1062884 6.1159003 6.1287562 6.146253 6.1637497 6.1813014 6.1991413 6.2169811 6.235917 6.2556407 6.2753645 6.2943464 6.3121501 6.3299539 6.3377279 6.3437684 6.349809 6.3601583 6.3722394 6.3787883 6.3661742 6.3535601 6.3412319 6.3319934 6.3227549
-9999 6.1278217 6.1180357 6.1082496 6.0984636 6.0886775 6.0788914 6.0691054 6.0593193 6.0495333 6.0397472 6.0299612 6.0158741 6.0031636 5.9957017 5.9882399 5.980778 5.9733162 5.9717148 5.9739826 5.9799521 5.9822591 5.9840831 5.9859072 5.9877312 5.9919462 6.0025699 6.0131936 6.0238172 6.0344409 6.0477981 6.062362 6.07737 6.0872716 6.0968835 6.1064954 6.1161073 6.1289631 6.1464599 6.1639567 6.1814535 6.1989503 6.2167741 6.23571 6.2554338 6.2751575 6.2948813 6.3142199 6.3320236 6.3397976 6.3458382 6.3518787 6.3579193 6.367272 6.3738209 6.3612068 6.3485927 6.3359786 6.3233645 6.313855
-9999 6.1474843 6.1376982 6.1279122 6.1181261 6.1083401 6.098554 6.088768 6.0789819 6.0691959 6.0594098 6.0496238 6.0398377 6.0298633 6.0224015 6.0149396 6.0074777 6.0000159 5.992554 5.9899947 5.9918187 5.9936427 5.9954667 5.9972908 5.9991148 6.0033298 6.0139535 6.0245772 6.0352008 6.0458245 6.0564482 6.0682548 6.0778667 6.0874786 6.0970905 6.1067024 6.1163143 6.1291701 6.1466669 6.1641637 6.1816605 6.1991573 6.216654 6.235503 6.2552268 6.2749505 6.2946743 6.3143981 6.3340934 6.3418674 6.3479079 6.3539485 6.359989 6.3660296 6.3688535 6.3562394 6.3436253 6.3310112 6.3183971 6.305783
-9999 6.167508 6.157722 6.1479359 6.1381499 6.1283638 6.1198139 6.1111638 6.1013778 6.0915917 6.0818057 6.0720196 6.061423 6.0513249 6.0441175 6.0366556 6.0291938 6.0217319 6.01427 6.0096161 6.0114401 6.0132641 6.0150881 6.0169121 6.0162061 6.0129956 6.0162402 6.0268639 6.0374876 6.0481112 6.0587349 6.069013 6.0786249 6.0882368 6.0978487 6.1074606 6.1164899 6.128651 6.1461478 6.1636446 6.1811414 6.1986382 6.2139204 6.2316841 6.2517316 6.2714553 6.2911791 6.3109028 6.3306266 6.3386835 6.3447241 6.3507646 6.3568052 6.3623104 6.3625176 6.3499035 6.3372894 6.3246753 6.3120612 6.3034282
-9999 6.187589 6.1778029 6.1680169 6.1582308 6.1503085 6.1426427 6.1339927 6.1242066 6.1144206 6.1046345 6.0935068 6.0819267 6.0718286 6.0646983 6.0575681 6.0501202 6.0426584 6.0351965 6.0305425 6.0323665 6.0341906 6.0360146 6.0334407 6.0284661 6.0252556 6.0267732 6.0282909 6.0383331 6.0489567 6.0595804 6.0698585 6.0794704 6.0890823 6.0986942 6.1074243 6.1158558 6.1280169 6.1455137 6.1630104 6.1805072 6.1949926 6.2090587 6.2268224 6.2472443 6.2674391 6.2871629 6.3068866 6.3266104 6.3346673 6.3407079 6.3467484 6.3518491 6.3557577 6.3559649 6.3433508 6.3307367 6.3181226 6.3107034 6.3044851
-9999 6.2076699 6.1978839 6.1884688 6.1808031 6.1731373 6.1654716 6.1568215 6.1470355 6.1371709 6.1255907 6.1140105 6.1024304 6.0923323 6.085202 6.0780718 6.0709416 6.0635848 6.0561229 6.051469 6.053293 6.055117 6.0506752 6.0457006 6.040726 6.0375155 6.0390332 6.0405509 6.0420685 6.0498023 6.0604259 6.070704 6.0803159 6.0899272 6.0983587 6.1067902 6.1152217 6.1273827 6.1448795 6.1619988 6.1760649 6.1901309 6.204197 6.2219607 6.2423826 6.2628046 6.2831467 6.3028705 6.3225942 6.3306511 6.3366917 6.3413878 6.3452964 6.349205 6.3494122 6.3367981 6.3241967 6.3179785 6.3117602 6.305542
-9999 6.2277509 6.2189634 6.2112977 6.2036319 6.1959662 6.1883005 6.1796504 6.1692547 6.1576746 6.1460944 6.1345142 6.1229341 6.112836 6.1057057 6.0985755 6.0914453 6.0843151 6.0770494 6.0723954 6.0728843 6.0679097 6.0629351 6.0579605 6.052986 6.0497755 6.0512931 6.0528108 6.0543285 6.0558461 6.0612714 6.0715495 6.0808616 6.0892931 6.0977246 6.106156 6.1145875 6.1267486 6.1430711 6.1571371 6.1712032 6.1852692 6.1993353 6.217099 6.2375209 6.2579429 6.2783648 6.2987868 6.318578 6.3266349 6.3309265 6.3348351 6.3387437 6.3426523 6.3428594 6.3314718 6.3252536 6.3190354 6.3128171 6.3065989
-9999 6.247477 6.2398113 6.2321455 6.2244798 6.2168141 6.2091483 6.1989804 6.1874002 6.1758201 6.1642399 6.1526598 6.1410796 6.1316391 6.1245089 6.1173786 6.1102484 6.1031182 6.095988 6.0895096 6.084535 6.0795604 6.0745858 6.0696113 6.0646367 6.0608782 6.0623959 6.0639135 6.0654312 6.0669489 6.0684665 6.0723457 6.0807772 6.0892087 6.0976402 6.1060717 6.1145032 6.1242664 6.1383324 6.1523984 6.1664645 6.1805305 6.1945966 6.2101683 6.2305902 6.2510122 6.2714341 6.2918561 6.312278 6.31862 6.3225286 6.3264372 6.3303458 6.3342544 6.3377302 6.331512 6.3252937 6.3190755 6.3128573 6.3066391
-9999 6.2553421 6.2476763 6.2400106 6.2323448 6.2246791 6.2133386 6.2016711 6.1900909 6.1785108 6.1669306 6.1553504 6.1467845 6.1392972 6.1321669 6.1250367 6.1179065 6.1107763 6.103646 6.0971676 6.0921931 6.0872185 6.0822439 6.0772693 6.0732037 6.0696763 6.0664723 6.0674321 6.0689498 6.0704674 6.0719851 6.0758643 6.0842958 6.0927273 6.1011588 6.1095902 6.1131573 6.1203338 6.1343999 6.1484659 6.162532 6.176598 6.186273 6.1967177 6.2100997 6.2305217 6.2509436 6.2713656 6.2917875 6.2981295 6.3020381 6.3059467 6.3098553 6.3202302 6.331107 6.3248888 6.3186706 6.3124523 6.3062341 6.2995284
-9999 6.2632071 6.2555414 6.2478756 6.2395158 6.2277726 6.2160293 6.2043617 6.1927816 6.1812014 6.1697741 6.1621083 6.1544426 6.1469552 6.139825 6.1326948 6.1255645 6.1184343 6.1113041 6.1048257 6.0998511 6.0948765 6.089902 6.0861655 6.0825175 6.0789902 6.0757862 6.0725822 6.0724683 6.073986 6.0755037 6.0793829 6.0878143 6.0962458 6.1045032 6.106864 6.1092248 6.1164013 6.1304674 6.1445334 6.157883 6.1673176 6.1767521 6.1871969 6.1983679 6.2100312 6.2304531 6.2508751 6.271297 6.277639 6.2815476 6.2854562 6.2977949 6.313607 6.3244838 6.3182656 6.3120474 6.3057867 6.2990355 6.2922843
-9999 6.2710721 6.2634064 6.2539497 6.2422065 6.2304632 6.21872 6.2070524 6.1954723 6.1850979 6.1774321 6.1697664 6.1621007 6.1546133 6.1474831 6.1403528 6.1332226 6.1260924 6.1189622 6.1124838 6.1075092 6.1027754 6.0991274 6.0954794 6.0918314 6.088304 6.0851 6.0818961 6.0786921 6.0775046 6.0790222 6.0829014 6.0913329 6.0982098 6.1005707 6.1029315 6.1052923 6.1124688 6.1265348 6.1389277 6.1483622 6.1577968 6.1672313 6.177676 6.188847 6.200018 6.211189 6.2303846 6.2508065 6.2571485 6.2610571 6.2753597 6.2911718 6.3069838 6.3178606 6.3116424 6.3052938 6.2985426 6.2917914 6.2850402
-9999 6.2789372 6.2683837 6.2566404 6.2448972 6.2331539 6.2214106 6.2097431 6.2004217 6.192756 6.1850902 6.1774245 6.1697587 6.1622713 6.1551411 6.1480109 6.1408807 6.1337504 6.1266202 6.1201418 6.1157373 6.1120893 6.1084413 6.1047933 6.1011452 6.0976179 6.0944139 6.0912099 6.088006 6.084802 6.0825408 6.08642 6.0919165 6.0942773 6.0966381 6.098999 6.1013598 6.1085363 6.1199723 6.1294068 6.1388414 6.1482759 6.1577105 6.1681552 6.1793262 6.1904972 6.2016681 6.2128391 6.230316 6.2371124 6.2529245 6.2687365 6.2845486 6.3003606 6.3112374 6.3048009 6.2980497 6.2912985 6.2845473 6.2777961
-9999 6.2793369 6.2675937 6.2558504 6.2441071 6.2323639 6.2206206 6.2156673 6.2080016 6.2003358 6.1926701 6.1850044 6.1773386 6.1707348 6.1637386 6.1566084 6.1494781 6.1423479 6.1352177 6.1291404 6.1254924 6.1218444 6.1181963 6.1145483 6.1109003 6.1039414 6.1008619 6.0976579 6.0944539 6.09125 6.088046 6.0867428 6.0891036 6.0914644 6.0938252 6.096186 6.0985469 6.0975852 6.1070198 6.1164543 6.1258889 6.1353234 6.144758 6.1569835 6.1681544 6.1793254 6.1904964 6.2016674 6.2128384 6.2296837 6.2454957 6.2613077 6.2771198 6.2929318 6.3062365 6.3010084 6.2942571 6.2875059 6.2807547 6.2740035
-9999 6.270459 6.2587158 6.2469725 6.2352292 6.2251024 6.2241238 6.2208737 6.2150021 6.2077341 6.2000683 6.1924026 6.1847369 6.1781331 6.173656 6.1673887 6.1602584 6.1531282 6.145998 6.1399207 6.1362727 6.1326247 6.1289766 6.1253286 6.112582 6.1022503 6.1002268 6.0974465 6.0942425 6.0910386 6.0878346 6.0865314 6.0888922 6.091253 6.0936138 6.0958541 6.0953482 6.0932155 6.0887556 6.0955279 6.1049624 6.114397 6.1238315 6.1371195 6.1531466 6.1643176 6.1754885 6.1866595 6.1978305 6.2170487 6.2361951 6.2520071 6.2678191 6.2836312 6.2969358 6.3015551 6.2984847 6.2917335 6.2849823 6.2782311
-9999 6.2615811 6.2498379 6.2380946 6.231154 6.2301754 6.2291968 6.2259468 6.2200751 6.2142035 6.2074666 6.1998008 6.1921351 6.1855313 6.1810542 6.1765771 6.1710387 6.1639085 6.1567783 6.150701 6.147053 6.143405 6.1377536 6.1243223 6.1108909 6.1005593 6.0985358 6.0965122 6.0940312 6.0908272 6.0876232 6.08632 6.0886808 6.0910417 6.0925551 6.0920493 6.0915434 6.0894107 6.0849507 6.0804908 6.084036 6.0934705 6.102905 6.1161931 6.1322514 6.1483096 6.1604807 6.1716517 6.1828226 6.2020408 6.2226498 6.2427065 6.2585185 6.2743305 6.2876352 6.2922544 6.2968737 6.2959611 6.2892099 6.2824586
-9999 6.2527032 6.24096 6.2372057 6.2362271 6.2352485 6.2342699 6.2310198 6.2251482 6.2192766 6.213405 6.2071991 6.1995333 6.1929296 6.1884525 6.1839753 6.1794982 6.1746888 6.1675586 6.1614813 6.1578333 6.149494 6.1360626 6.1226313 6.1091999 6.0988683 6.0968447 6.0948212 6.0927976 6.0906158 6.0874119 6.0861086 6.0884695 6.0892562 6.0887503 6.0882444 6.0877386 6.0856059 6.0811459 6.076686 6.072226 6.072544 6.0819786 6.0952666 6.1113249 6.1273832 6.1434415 6.1566438 6.1678148 6.1870329 6.2076419 6.2282509 6.2488598 6.2650299 6.2783345 6.2829538 6.287573 6.2921923 6.2934374 6.2866862
-9999 6.244236 6.2432574 6.2422788 6.2413002 6.2403216 6.239343 6.2360929 6.2302213 6.2243497 6.218478 6.2126064 6.2067348 6.2003278 6.1958507 6.1913736 6.1868965 6.1824193 6.1779422 6.1722616 6.1612343 6.147803 6.1343716 6.1209402 6.1075089 6.0971773 6.0951537 6.0931301 6.0911066 6.089083 6.0870595 6.0858973 6.0859573 6.0854514 6.0849455 6.0844396 6.0839337 6.0818011 6.0773411 6.0728812 6.0684212 6.0639612 6.0610521 6.0743402 6.0903985 6.1064567 6.122515 6.1385733 6.1528069 6.1720251 6.192634 6.213243 6.233852 6.2544609 6.2690339 6.2736531 6.2782724 6.2828916 6.2875109 6.2909138
-9999 6.2425616 6.241583 6.2406044 6.2396258 6.2386472 6.2369734 6.2318883 6.2260166 6.220145 6.2142734 6.2084017 6.202413 6.1979061 6.1957785 6.1913014 6.1868243 6.1823472 6.1778701 6.1706853 6.157254 6.1438226 6.1303913 6.1169599 6.1035285 6.1020776 6.1011741 6.0991505 6.0971269 6.0951034 6.0930798 6.0915747 6.0910688 6.0905629 6.090057 6.0895511 6.0879409 6.0806471 6.0761871 6.0717271 6.0672672 6.0628072 6.0592735 6.0630362 6.0781473 6.0942056 6.1102639 6.1263221 6.1423804 6.1623188 6.1829278 6.2035367 6.2241457 6.2447546 6.2576849 6.2623041 6.2669234 6.2715426 6.2761619 6.280927
-9999 6.2357975 6.2348189 6.2338403 6.2328617 6.2301741 6.2257704 6.2206852 6.2148136 6.2089419 6.2030703 6.1965988 6.1890962 6.1845893 6.1860817 6.1855942 6.1811171 6.17664 6.1721629 6.1649781 6.1515468 6.1381154 6.124684 6.1143322 6.1121765 6.1107441 6.11125 6.1109877 6.1089641 6.1069406 6.104917 6.1034118 6.102906 6.1024001 6.1018942 6.098061 6.0887864 6.0814926 6.0770326 6.0725727 6.0681127 6.0653359 6.0641352 6.0678979 6.0752289 6.0884984 6.1045566 6.1206149 6.1366732 6.1566116 6.1772205 6.1978295 6.2178828 6.2324512 6.2447908 6.2494101 6.2540293 6.2586486 6.2635148 6.268667
-9999 6.2290334 6.2280548 6.2270762 6.2233748 6.218971 6.2145673 6.2094822 6.2036105 6.1977389 6.1907846 6.183282 6.1757793 6.1712725 6.1727648 6.1742572 6.1754099 6.1709328 6.1664556 6.1592709 6.1458395 6.1324082 6.1251543 6.1229987 6.120843 6.1194106 6.1199165 6.1204224 6.1208013 6.1187778 6.1167542 6.115249 6.1147431 6.1142373 6.1081812 6.0989065 6.0896319 6.0823381 6.0778781 6.0734182 6.0713984 6.0701976 6.0689969 6.0727596 6.0800906 6.0874215 6.0988494 6.1149077 6.130966 6.1509044 6.1715133 6.1904203 6.2049887 6.2195572 6.2318967 6.236516 6.2411352 6.2461026 6.2512548 6.2564071
-9999 6.2222693 6.2209792 6.2165754 6.2121717 6.207768 6.2033643 6.1982791 6.1924075 6.1849704 6.1774678 6.1699651 6.1624625 6.1579556 6.159448 6.1609404 6.1624328 6.1639251 6.1607484 6.1535637 6.1401323 6.1359765 6.1338209 6.1316652 6.1295096 6.1280771 6.128583 6.1290889 6.1295948 6.1301007 6.1285914 6.1270862 6.1265803 6.1183013 6.1090267 6.0997521 6.0904774 6.0831836 6.0787236 6.0774609 6.0762601 6.0750593 6.0738586 6.0776213 6.0849523 6.0922832 6.0996142 6.1092005 6.1252588 6.1451971 6.1629579 6.1775263 6.1920947 6.2066631 6.2190027 6.2236219 6.2286904 6.2338427 6.2389949 6.2441471
-9999 6.2141798 6.2097761 6.2053724 6.2009687 6.1965649 6.1921612 6.1866589 6.1791562 6.1716536 6.1641509 6.1566483 6.1491457 6.1446388 6.1461312 6.1476235 6.1491159 6.1506083 6.1521007 6.1489543 6.1467987 6.144643 6.1424874 6.1403317 6.1381761 6.1367436 6.1372495 6.1377554 6.1382613 6.1387672 6.1392731 6.1376961 6.1284215 6.1191468 6.1098722 6.1005976 6.0913229 6.0847241 6.0835233 6.0823226 6.0811218 6.079921 6.0787203 6.082483 6.089814 6.0971449 6.1044759 6.1118068 6.1195516 6.1354954 6.1500638 6.1646322 6.1792006 6.193769 6.206126 6.2112782 6.2164305 6.2215827 6.226735 6.2318872
-9999 6.2058149 6.2014112 6.1970074 6.1926037 6.1882 6.1873961 6.1879264 6.1842871 6.1767845 6.1692818 6.1617792 6.1542766 6.1466218 6.1411513 6.1426437 6.144136 6.1456284 6.1471208 6.1475101 6.1453544 6.1431988 6.1410431 6.1388875 6.1416011 6.1474843 6.1391755 6.1396814 6.1401873 6.1406932 6.1411991 6.1383642 6.1290896 6.119815 6.1105403 6.1012657 6.0958975 6.0920138 6.0864338 6.0852331 6.0840323 6.0828315 6.0816308 6.0847842 6.0916602 6.0989911 6.1063221 6.1136531 6.120984 6.1352433 6.1499412 6.1645096 6.179078 6.1936464 6.206583 6.2133862 6.2185385 6.2236907 6.228843 6.2339952
-9999 6.1979939 6.1935902 6.1891864 6.1847827 6.18591 6.1880303 6.1885606 6.1872558 6.185451 6.1779483 6.1704457 6.1629431 6.1552883 6.147329 6.1393697 6.140754 6.1422464 6.1437387 6.144128 6.1419723 6.1398167 6.137661 6.1442927 6.1563976 6.1622807 6.1514884 6.1406961 6.1408214 6.1413273 6.1418332 6.1389984 6.1297237 6.1204491 6.1111745 6.1079437 6.1071006 6.1032168 6.094983 6.0877696 6.0865688 6.0853681 6.0841673 6.0873208 6.0936045 6.1002594 6.1075904 6.1149213 6.1222523 6.1365116 6.1519683 6.1668348 6.1814032 6.1959716 6.2089082 6.2161924 6.2234002 6.2285524 6.2337047 6.2388569
