P2_models/J1_p2_tot_conduct_slide_12.54.dat.tif
NCOLS 118
NROWS 92
XLLCORNER 139.62
YLLCORNER -39.07
DX 0.099491525
DY 0.099347826
NODATA_VALUE -9999
[rows 26 to 51 of 92, columns 0 to 56 of 118]
-1.5449591 -1.5886385 -1.6433588 -1.6993267 -1.756179 -1.8308626 -1.8806083 -1.930084 -1.9727233 -2.0087876 -2.0585334 -2.1031563 -2.1379783 -2.1171403 -2.1121657 -2.0775929 -2.0278471 -1.9642679 -1.8896493 -1.8210476 -1.7663273 -1.7261408 -1.7211662 -1.7317316 -1.7716401 -1.8168435 -1.8669149 -1.9153598 -1.9315654 -1.9480023 -1.9286463 -1.9147076 -1.8699364 -1.8295897 -1.7981713 -1.7864065 -1.7764574 -1.7587203 -1.7482475 -1.7114106 -1.6695194 -1.6021118 -1.5324677 -1.457697 -1.3948602 -1.3571479 -1.3362023 -1.3606829 -1.3973377 -1.4683535 -1.5364267 -1.6249764 -1.7051362 -1.8070857 -1.9116726 -2.0432654 -2.1920169
-1.5652105 -1.6099554 -1.6696503 -1.73128 -1.8165584 -1.9038599 -1.9934022 -2.0506712 -2.1027858 -2.1397875 -2.1596858 -2.1958809 -2.1632246 -2.1151483 -2.0405297 -1.9839538 -1.8844623 -1.805149 -1.7106321 -1.6355983 -1.580878 -1.5406915 -1.5402826 -1.5529055 -1.5976767 -1.6446406 -1.7043355 -1.7564033 -1.8011745 -1.8287849 -1.8497305 -1.8503223 -1.8552969 -1.8295897 -1.8288261 -1.8267286 -1.8217541 -1.8018835 -1.7652287 -1.7168686 -1.6383226 -1.5604133 -1.4609218 -1.3756505 -1.282266 -1.2405443 -1.2103618 -1.2373198 -1.2781203 -1.3638875 -1.4503252 -1.5628364 -1.6653971 -1.7925251 -1.9116726 -2.0530553 -2.205526
-1.6061503 -1.6348971 -1.6930905 -1.7677564 -1.8569817 -1.9563435 -2.0521953 -2.1265621 -2.1809407 -2.2111162 -2.2147855 -2.2158999 -2.1707682 -2.0795775 -1.9825066 -1.8934345 -1.7825135 -1.6876872 -1.5989867 -1.5225206 -1.4796366 -1.4409035 -1.4426861 -1.459648 -1.4982976 -1.5417171 -1.5889655 -1.6447579 -1.6895291 -1.7335766 -1.7671123 -1.7978951 -1.8277471 -1.8310734 -1.8468558 -1.894852 -1.9088043 -1.8994134 -1.8719946 -1.81695 -1.7402402 -1.6404599 -1.5364132 -1.4308289 -1.3323229 -1.2697404 -1.2354896 -1.2559669 -1.2973867 -1.3928522 -1.4871073 -1.6100393 -1.7258198 -1.8572276 -1.9863759 -2.1244684 -2.2707886
-1.6493703 -1.6632531 -1.7179734 -1.7961205 -1.8908743 -1.9855282 -2.0899943 -2.1703393 -2.2271916 -2.259085 -2.2491358 -2.2152799 -2.1356866 -2.0451685 -1.9307533 -1.8187674 -1.6993776 -1.5962538 -1.511686 -1.447541 -1.412719 -1.3909774 -1.4009266 -1.4172159 -1.4520379 -1.4841763 -1.5239729 -1.5603625 -1.6051337 -1.6485087 -1.6903998 -1.7369915 -1.7867373 -1.8390856 -1.896686 -1.9554431 -1.9902651 -2.0110234 -1.9953142 -1.9547421 -1.8814325 -1.7864789 -1.6720637 -1.5602378 -1.4502735 -1.3811942 -1.3340667 -1.3494655 -1.3861203 -1.4794719 -1.5841998 -1.7080054 -1.83336 -1.9645486 -2.0946232 -2.2307695 -2.3681188
-1.6866257 -1.6890619 -1.7241826 -1.8023297 -1.879516 -1.9618377 -2.0527389 -2.1285034 -2.1713084 -2.20103 -2.1811317 -2.1469782 -2.067385 -1.9778511 -1.8684104 -1.7622753 -1.6727329 -1.5784771 -1.5337059 -1.4790314 -1.484006 -1.4654883 -1.482057 -1.5019553 -1.5218536 -1.5484031 -1.5583523 -1.5870107 -1.5969598 -1.6354469 -1.6721017 -1.7214436 -1.7861131 -1.8390856 -1.9236587 -2.0117319 -2.0896129 -2.125189 -2.1567545 -2.1279097 -2.0801282 -1.994264 -1.8955963 -1.7837704 -1.6738061 -1.5990336 -1.5451808 -1.5539408 -1.584816 -1.6705831 -1.770477 -1.8900176 -2.0134279 -2.1295014 -2.2535609 -2.3635252 -2.4907264
-1.7303315 -1.7101178 -1.7376186 -1.7943584 -1.8628967 -1.9015676 -1.9826776 -2.0438483 -2.0831943 -2.1072439 -2.0904229 -2.050033 -1.9704398 -1.9106457 -1.8143276 -1.7289759 -1.6580364 -1.6011508 -1.5772838 -1.5595889 -1.5789063 -1.5882411 -1.6081394 -1.6403156 -1.6545302 -1.663615 -1.6618917 -1.661434 -1.6554132 -1.6641781 -1.688945 -1.7300712 -1.7899469 -1.8644194 -1.9592117 -2.0638292 -2.1494207 -2.2242744 -2.2677858 -2.2834236 -2.2462223 -2.1908465 -2.0984427 -2.0071245 -1.898163 -1.8266876 -1.7690872 -1.7753584 -1.8015404 -1.875873 -1.9701281 -2.0758826 -2.1952567 -2.2957627 -2.4022562 -2.4973522 -2.5990873
-1.7675081 -1.7564802 -1.7515056 -1.7701242 -1.803288 -1.8419589 -1.8867301 -1.9246309 -1.9530571 -1.968157 -1.9582078 -1.932332 -1.8776117 -1.817921 -1.748277 -1.6892367 -1.6544147 -1.6342667 -1.6491904 -1.6721831 -1.7169542 -1.7606892 -1.8054604 -1.8390112 -1.8439858 -1.842441 -1.8225427 -1.800521 -1.7706735 -1.7502796 -1.755516 -1.7764336 -1.8261793 -1.8942229 -1.9989508 -2.1035683 -2.2080345 -2.2971294 -2.3652026 -2.3960178 -2.3907814 -2.3498031 -2.2851336 -2.2058201 -2.1168014 -2.0520981 -1.9997341 -2.00717 -2.033352 -2.1041816 -2.1827275 -2.2812628 -2.380706 -2.4691429 -2.5545895 -2.627899 -2.7050583
-1.8228781 -1.8033631 -1.7888706 -1.8062138 -1.7956425 -1.7784726 -1.781726 -1.8079127 -1.816663 -1.8350408 -1.8338437 -1.8085259 -1.7763393 -1.7597588 -1.734892 -1.6909428 -1.696878 -1.6884924 -1.7354721 -1.7684467 -1.8409995 -1.8857707 -1.9382293 -1.9853014 -1.9997399 -1.9952526 -1.9657887 -1.9393861 -1.8950377 -1.8674271 -1.8485698 -1.8622126 -1.8942169 -1.9621808 -2.0575908 -2.1489278 -2.2453198 -2.3369676 -2.409021 -2.4455687 -2.4473471 -2.4157614 -2.3606607 -2.2940111 -2.2173449 -2.1670371 -2.1251345 -2.136642 -2.1649666 -2.2357962 -2.3143421 -2.3928881 -2.4861228 -2.5413959 -2.6168641 -2.6604049 -2.7287769
-1.8596651 -1.8656525 -1.8457542 -1.823638 -1.7998487 -1.734178 -1.7228305 -1.7087026 -1.711937 -1.7167585 -1.7175 -1.7123771 -1.6974534 -1.7033136 -1.6884746 -1.6830297 -1.695661 -1.7196059 -1.7702966 -1.8260593 -1.8996822 -1.9699407 -2.0296356 -2.0848178 -2.1041314 -2.1136483 -2.0895424 -2.0609958 -2.0210212 -1.9835526 -1.9637913 -1.9584958 -1.9875424 -2.036996 -2.1260147 -2.1918644 -2.2843686 -2.3593889 -2.4309701 -2.4626271 -2.4678635 -2.4380508 -2.3883051 -2.332897 -2.2648238 -2.2288849 -2.1974665 -2.2239518 -2.2553702 -2.3294715 -2.4080174 -2.4815633 -2.5582345 -2.5996092 -2.6425 -2.6737756 -2.7156668
-1.9071759 -1.9323463 -1.9174226 -1.8775372 -1.8064719 -1.7408012 -1.6811062 -1.6490939 -1.6301431 -1.6240338 -1.6290084 -1.6304297 -1.6403789 -1.6503281 -1.6602772 -1.6697833 -1.6946562 -1.7262291 -1.7809495 -1.8393057 -1.9089498 -1.9771404 -2.0418099 -2.0980642 -2.1328862 -2.1533874 -2.1484129 -2.1338508 -2.108978 -2.0829005 -2.0671913 -2.0644668 -2.0893397 -2.1311943 -2.1887947 -2.2514731 -2.3211172 -2.3858817 -2.4330093 -2.4556226 -2.4451498 -2.4111132 -2.3563928 -2.3008738 -2.2432734 -2.2120729 -2.1963637 -2.2299197 -2.281863 -2.357929 -2.4411333 -2.5098042 -2.578104 -2.6002133 -2.6226304 -2.6226304 -2.6428117
-1.9432592 -1.9960597 -1.9908374 -1.9430608 -1.8546115 -1.7527598 -1.6658214 -1.6140441 -1.579154 -1.5704191 -1.5790225 -1.5857047 -1.6018621 -1.6250782 -1.6424883 -1.6524374 -1.6659664 -1.6892842 -1.7171795 -1.7703956 -1.8245077 -1.8926984 -1.9555527 -2.0138451 -2.0646059 -2.0980762 -2.1213504 -2.12288 -2.1347846 -2.1201091 -2.1288285 -2.12868 -2.1572409 -2.1929579 -2.2458409 -2.2919749 -2.3451702 -2.3904703 -2.4149676 -2.4174341 -2.3904007 -2.341954 -2.2774644 -2.2149758 -2.1526937 -2.1338043 -2.1236993 -2.1758536 -2.2337986 -2.3263455 -2.4128952 -2.4719897 -2.5367186 -2.5328097 -2.5417546 -2.5122554 -2.5188388
-1.9509805 -2.0397735 -2.044748 -1.9885913 -1.8890997 -1.7736248 -1.6691587 -1.5899884 -1.5473492 -1.5232996 -1.5332487 -1.5483207 -1.5731936 -1.5981587 -1.6180109 -1.6266677 -1.636132 -1.6398608 -1.6588723 -1.6772663 -1.7256215 -1.778274 -1.8379689 -1.8970631 -1.9526845 -2.0101083 -2.0424141 -2.0787658 -2.1014785 -2.1269031 -2.1445479 -2.1718828 -2.2017453 -2.2373184 -2.284446 -2.3288771 -2.3736483 -2.3974971 -2.4079699 -2.3819541 -2.3400629 -2.2702828 -2.1956641 -2.1197448 -2.0516716 -2.0310507 -2.0310507 -2.092047 -2.1653566 -2.2660986 -2.3655901 -2.4272841 -2.4818693 -2.4687456 -2.4492067 -2.4093729 -2.3825933
-1.9620402 -2.0555378 -2.0704615 -2.0117886 -1.898084 -1.7769617 -1.6476227 -1.5625028 -1.5103881 -1.4835604 -1.4935096 -1.508649 -1.5434711 -1.571666 -1.5865897 -1.5935518 -1.578628 -1.573629 -1.5636798 -1.5712953 -1.586219 -1.6259407 -1.6761275 -1.7314834 -1.8011275 -1.8643981 -1.9290676 -1.979418 -2.0341384 -2.0739176 -2.1158088 -2.1520133 -2.201759 -2.2440028 -2.2963667 -2.3413344 -2.3761564 -2.3956913 -2.3852186 -2.349916 -2.2766064 -2.1978408 -2.0983493 -2.0163665 -1.9325842 -1.9136496 -1.9184565 -1.98632 -2.0726319 -2.1816596 -2.2927351 -2.3576637 -2.4156374 -2.3824736 -2.3498589 -2.2817858 -2.2435063
-1.9224832 -2.0280841 -2.0413297 -1.9809829 -1.8651282 -1.7391559 -1.6075371 -1.5162469 -1.4665729 -1.4399143 -1.4556264 -1.4741137 -1.5102579 -1.5417706 -1.5566943 -1.5571647 -1.5331389 -1.5119948 -1.4866214 -1.4796807 -1.4851973 -1.5102948 -1.5589726 -1.6107565 -1.6804006 -1.752748 -1.8272823 -1.8906509 -1.9487104 -2.0015228 -2.0467381 -2.0930113 -2.1456979 -2.1963112 -2.2518979 -2.3071176 -2.3470246 -2.3653661 -2.3573789 -2.3101264 -2.2327912 -2.1322025 -2.0259308 -1.9203465 -1.8285964 -1.7940826 -1.7959567 -1.8730485 -1.9633632 -2.0925648 -2.2084663 -2.2882113 -2.3480425 -2.319335 -2.2748316 -2.1963578 -2.1414514
-1.8813701 -1.9823368 -1.9922859 -1.9271031 -1.8086608 -1.6872175 -1.5529039 -1.4607601 -1.4133832 -1.3925049 -1.4124032 -1.439132 -1.4789286 -1.5122529 -1.5271767 -1.527647 -1.4977996 -1.466397 -1.431575 -1.4063768 -1.4063768 -1.4194573 -1.4642285 -1.5160124 -1.5856565 -1.6552865 -1.7348798 -1.8047406 -1.8644355 -1.9182551 -1.9653827 -2.0123863 -2.0671067 -2.1245163 -2.1873531 -2.2480076 -2.2927787 -2.3205993 -2.3153629 -2.2716255 -2.1878432 -2.0793583 -1.9599684 -1.8424389 -1.7324746 -1.6857515 -1.6752787 -1.7477315 -1.847223 -1.9824969 -2.1186432 -2.206817 -2.2831209 -2.2605396 -2.2230426 -2.1392603 -2.0726765
-1.8018919 -1.8966903 -1.8929381 -1.8280567 -1.7143521 -1.6003103 -1.4858951 -1.3971153 -1.3592138 -1.3420774 -1.3768995 -1.4060161 -1.4542351 -1.4923834 -1.5073071 -1.5077775 -1.47793 -1.4465275 -1.4117054 -1.3859088 -1.3809342 -1.3929646 -1.4377358 -1.4895197 -1.5591637 -1.6274561 -1.6921256 -1.756403 -1.7912251 -1.8375469 -1.8689653 -1.9106584 -1.950455 -2.005299 -2.0771366 -2.1468032 -2.2114727 -2.2461152 -2.2618243 -2.2203613 -2.1414809 -2.0248395 -1.8871134 -1.7610215 -1.6331268 -1.5759501 -1.5494381 -1.6188048 -1.7147593 -1.867828 -2.0192954 -2.1356914 -2.2301353 -2.24119 -2.2172212 -2.1491481 -2.0851829
-1.739347 -1.8130599 -1.8039081 -1.7311799 -1.6257866 -1.5241944 -1.4187006 -1.3667932 -1.3386558 -1.3264615 -1.363054 -1.4095328 -1.4592786 -1.4974269 -1.5115671 -1.5102747 -1.4829735 -1.4515709 -1.4174307 -1.3951045 -1.3913919 -1.4079936 -1.4533449 -1.5087008 -1.5772863 -1.6302227 -1.6780894 -1.7349538 -1.7672102 -1.7788295 -1.8060217 -1.819615 -1.8569339 -1.897856 -1.9722892 -2.0449843 -2.1133265 -2.1666369 -2.1869748 -2.1632237 -2.0887091 -1.9784772 -1.8371174 -1.6884374 -1.5531043 -1.4890588 -1.4489172 -1.5095729 -1.603828 -1.7561251 -1.9338667 -2.0529523 -2.2062151 -2.2172697 -2.2521198 -2.1885397 -2.1607118
-1.6802486 -1.7238454 -1.7089217 -1.6500554 -1.5600393 -1.4849654 -1.4003976 -1.3521248 -1.3379117 -1.3445491 -1.3893203 -1.4357991 -1.4855449 -1.5184019 -1.528351 -1.5263318 -1.5014589 -1.4757578 -1.4459103 -1.4280464 -1.4330209 -1.451076 -1.5008218 -1.5511919 -1.6108868 -1.6601888 -1.6950108 -1.7183932 -1.7233678 -1.7241848 -1.7241848 -1.7326805 -1.7575534 -1.8002107 -1.8787566 -1.958471 -2.0380642 -2.0978376 -2.129256 -2.1107591 -2.042686 -1.9295091 -1.7852464 -1.6380203 -1.4861648 -1.4054198 -1.3582922 -1.4204017 -1.5146568 -1.6869936 -1.8702675 -2.0430901 -2.2091279 -2.2808884 -2.3330342 -2.3068522 -2.282124
-1.611947 -1.6577787 -1.6468293 -1.587963 -1.5335167 -1.4872464 -1.4438623 -1.4029517 -1.4124226 -1.41906 -1.4638312 -1.51031 -1.5492007 -1.5724253 -1.5724253 -1.5689174 -1.5390699 -1.5138414 -1.4889685 -1.4730657 -1.4879894 -1.5069592 -1.5567049 -1.6050482 -1.6498193 -1.6943202 -1.7042694 -1.7217328 -1.7018344 -1.6969923 -1.6760467 -1.6830066 -1.7078795 -1.7505367 -1.8290827 -1.9101676 -1.9945996 -2.054373 -2.0857913 -2.0672945 -1.9992213 -1.8860445 -1.7417818 -1.5991946 -1.4551186 -1.3771659 -1.3334553 -1.4020949 -1.5022383 -1.6857887 -1.8764767 -2.0745633 -2.2525925 -2.3741933 -2.4426066 -2.4635522 -2.4454021
-1.5739277 -1.6124382 -1.6040619 -1.5694384 -1.5259754 -1.5258457 -1.4950032 -1.4868773 -1.5009755 -1.5194108 -1.5609888 -1.6023447 -1.6370176 -1.6386871 -1.6301957 -1.6173482 -1.5840025 -1.5588203 -1.5375473 -1.5247084 -1.5396321 -1.5647296 -1.6144753 -1.6457406 -1.6807491 -1.7106517 -1.7125873 -1.7121297 -1.6881229 -1.6705931 -1.653726 -1.6518289 -1.6800136 -1.7226708 -1.8015433 -1.8793644 -1.9601594 -2.0163978 -2.0442139 -2.0204628 -1.9509337 -1.8524815 -1.7102695 -1.5859607 -1.4464301 -1.3953973 -1.3535061 -1.4334554 -1.5381833 -1.726632 -1.9256151 -2.1279532 -2.3247329 -2.4526765 -2.5564207 -2.5860943 -2.5988107
-1.5351459 -1.5660759 -1.5760251 -1.5770754 -1.5723377 -1.572208 -1.5771826 -1.5928483 -1.6212744 -1.6518745 -1.6866966 -1.7148185 -1.7297423 -1.7314118 -1.7065389 -1.6769569 -1.6371603 -1.6051826 -1.5902588 -1.5843171 -1.5992408 -1.6200433 -1.6548653 -1.6854797 -1.705378 -1.7172749 -1.7073257 -1.6922601 -1.6624127 -1.6374771 -1.6270043 -1.6319593 -1.6667813 -1.7177609 -1.8015433 -1.8793644 -1.9490085 -1.9965282 -2.0122374 -1.9807237 -1.9021777 -1.7994959 -1.6801061 -1.5660911 -1.4561268 -1.4164156 -1.4111792 -1.501598 -1.6220351 -1.8138432 -2.0180626 -2.2222603 -2.4240807 -2.5567361 -2.6690149 -2.7109061 -2.7378976
-1.5041364 -1.5557125 -1.5882506 -1.5896053 -1.6144592 -1.6531301 -1.6887342 -1.7089943 -1.7453994 -1.7725695 -1.7985308 -1.8265223 -1.8242197 -1.8010121 -1.7625429 -1.7344582 -1.6992445 -1.6672233 -1.6522996 -1.6448971 -1.6551362 -1.6758735 -1.6976114 -1.7005478 -1.6869419 -1.6906199 -1.6516477 -1.6364952 -1.6066477 -1.5882476 -1.6021402 -1.6173335 -1.6790938 -1.7301386 -1.813921 -1.8812548 -1.9304419 -1.9628161 -1.9502836 -1.9160775 -1.8339698 -1.751859 -1.6551768 -1.5839199 -1.5179501 -1.5205996 -1.5473993 -1.6539381 -1.7831628 -1.9482475 -2.1421224 -2.3019038 -2.4913825 -2.5908741 -2.6991557 -2.7360311 -2.7664013
-1.4825227 -1.5417727 -1.5865439 -1.6245227 -1.6580949 -1.721146 -1.7667084 -1.8126892 -1.851308 -1.881087 -1.9043609 -1.9155728 -1.900649 -1.8697675 -1.8299709 -1.7933861 -1.7595162 -1.7340246 -1.7211067 -1.7121999 -1.7210953 -1.7310445 -1.7409936 -1.7134014 -1.6880788 -1.6596381 -1.6138101 -1.5779161 -1.5493257 -1.5388204 -1.5619826 -1.60461 -1.6744324 -1.7454348 -1.8292172 -1.8793109 -1.9208585 -1.9192039 -1.8946255 -1.8395965 -1.7558142 -1.6945886 -1.6100208 -1.594255 -1.5576002 -1.6175443 -1.6751447 -1.7991745 -1.9405572 -2.0780329 -2.2508339 -2.3627788 -2.5155703 -2.5841952 -2.6660908 -2.6985908 -2.7352456
-1.4737035 -1.5363612 -1.5960561 -1.6494904 -1.7110804 -1.7741315 -1.838801 -1.8921675 -1.9395444 -1.9738117 -1.9887354 -1.9923847 -1.9625372 -1.9293762 -1.8895796 -1.8529948 -1.8231474 -1.8002565 -1.7952819 -1.7916782 -1.7966527 -1.7994577 -1.7745848 -1.7398941 -1.6801992 -1.6265222 -1.5618527 -1.5116842 -1.4868113 -1.4792117 -1.5263392 -1.5847404 -1.6792574 -1.7643882 -1.8429341 -1.8925572 -1.9025064 -1.886088 -1.8180148 -1.7468028 -1.657784 -1.5987233 -1.5589267 -1.5623305 -1.6094581 -1.6962719 -1.8219454 -1.9529419 -2.0995137 -2.2141079 -2.3303122 -2.3994246 -2.4758311 -2.5034677 -2.5402502 -2.5611958 -2.5895355
-1.48866 -1.5529554 -1.6126503 -1.6734542 -1.7383586 -1.8038996 -1.8748473 -1.939019 -1.9900009 -2.0259059 -2.0382922 -2.0345803 -2.0022463 -1.9657675 -1.9284066 -1.9016142 -1.8885604 -1.8664884 -1.8685158 -1.8769608 -1.8796522 -1.8723852 -1.8341185 -1.7779956 -1.7030304 -1.6098651 -1.5229324 -1.4686697 -1.4500361 -1.4544291 -1.5180524 -1.6055013 -1.7099305 -1.8124607 -1.8882308 -1.9348254 -1.9160107 -1.8645807 -1.7645569 -1.6598825 -1.5598601 -1.4935711 -1.4835652 -1.5566785 -1.6451755 -1.7450907 -1.9072436 -2.0588404 -2.1802959 -2.2872286 -2.3081742 -2.3530403 -2.3083963 -2.3148191 -2.2809096 -2.3018552 -2.3277384
-1.507634 -1.5679699 -1.6276648 -1.6912411 -1.7575688 -1.8254025 -1.9000212 -1.9663923 -2.018735 -2.0559445 -2.0658936 -2.0604741 -2.0256521 -1.9908301 -1.956008 -1.9324275 -1.9241216 -1.925058 -1.9376245 -1.9460695 -1.9469928 -1.9310055 -1.8762851 -1.8051118 -1.7085449 -1.6167313 -1.5282648 -1.4673411 -1.4641521 -1.4882818 -1.5809582 -1.6836995 -1.8017566 -1.9025517 -1.9758612 -1.968369 -1.9252716 -1.8264464 -1.7027308 -1.5804649 -1.475737 -1.4451449 -1.4451449 -1.535251 -1.6609245 -1.817179 -1.9847436 -2.0921052 -2.2125423 -2.2020257 -2.2229713 -2.136033 -2.0873495 -2.0196524 -1.9916083 -2.0188262 -2.0842098
