P2_models/J1_p2_vp_slide_diff_200.dat.tif
NCOLS 118
NROWS 92
XLLCORNER 139.62
YLLCORNER -39.07
DX 0.099491525
DY 0.099347826
NODATA_VALUE -9999
[rows 54 to 80 of 92, columns 0 to 59 of 118]
-9999 8.1625115 8.1629663 8.1634212 8.1638761 8.1725271 8.181864 8.1863051 8.1850959 8.1838867 8.1826774 8.1708984 8.1563367 8.1498525 8.1595438 8.1692351 8.1637086 8.1567648 8.1498209 8.1482066 8.1588879 8.1695691 8.1802504 8.1870375 8.192075 8.1959056 8.1965017 8.1970978 8.1993366 8.2017706 8.2042046 8.2021782 8.1915537 8.1809292 8.1703047 8.1605414 8.1510079 8.1435517 8.1390674 8.134583 8.1300987 8.1365241 8.1439057 8.145361 8.142556 8.144417 8.1580165 8.1716159 8.1852154 8.1802849 8.172152 8.1640191 8.1596387 8.1593063 8.1593065 8.1604586 8.1616108 8.1627629 8.1630929 8.1632805
-9999 8.149328 8.1497829 8.1524312 8.1617681 8.1711049 8.1804418 8.1848829 8.1836737 8.1809186 8.1663569 8.1517953 8.1372336 8.1307494 8.1404407 8.150132 8.1598233 8.1593284 8.1523845 8.1507702 8.1614515 8.1721327 8.1772128 8.1822503 8.1872877 8.1911183 8.1917144 8.1923105 8.1929066 8.1946294 8.1970634 8.195037 8.1844125 8.1738645 8.164331 8.1547975 8.1452641 8.1378079 8.1333236 8.1309569 8.1383384 8.14572 8.1531016 8.1545569 8.151752 8.148947 8.1469146 8.160514 8.1741135 8.169183 8.1610501 8.1583517 8.1580193 8.1576869 8.1576871 8.1588392 8.1599257 8.1601133 8.160301 8.1604886
-9999 8.1361445 8.1416721 8.151009 8.1603459 8.1696828 8.1790196 8.1834607 8.1763771 8.1618155 8.1472539 8.1326922 8.1181306 8.1116464 8.1213377 8.131029 8.1407203 8.1504116 8.1549481 8.1533338 8.1623507 8.1673881 8.1724256 8.177463 8.1825004 8.186331 8.1869271 8.1875232 8.1881194 8.1887155 8.1899222 8.1878959 8.1776542 8.1681207 8.1585872 8.1490537 8.1395202 8.1320641 8.1327712 8.1401528 8.1475344 8.154916 8.1622975 8.1637529 8.1609479 8.158143 8.155338 8.152533 8.1630116 8.1580811 8.1570648 8.1567324 8.1564 8.1560676 8.1560677 8.1569462 8.1571338 8.1573215 8.1575091 8.1576967
-9999 8.1332138 8.1425507 8.1518876 8.1612244 8.1705613 8.1798982 8.1809993 8.1664376 8.151876 8.1373143 8.1227527 8.108191 8.0978722 8.1075635 8.1172548 8.1269461 8.1366374 8.1463287 8.1546127 8.1596502 8.1646876 8.169725 8.1747624 8.1797998 8.1822994 8.1829857 8.1835818 8.1841779 8.184774 8.1853701 8.1825063 8.1729728 8.1634393 8.1539058 8.1443724 8.1348389 8.1299355 8.1373171 8.1446987 8.1520803 8.1594619 8.1668435 8.1719794 8.1691744 8.1663695 8.1635645 8.1607596 8.1579546 8.1554718 8.1551394 8.154807 8.1544746 8.1541421 8.1528445 8.1527549 8.1529426 8.1531302 8.1533178 8.1535054
-9999 8.1419505 8.1512873 8.1606242 8.1699611 8.1790161 8.1860865 8.1884956 8.1855248 8.1732342 8.1586726 8.1441109 8.1295493 8.1188296 8.1158038 8.1216813 8.1313726 8.1410639 8.1507552 8.1590392 8.1640767 8.1691141 8.1741515 8.1791889 8.1772669 8.1764836 8.1807179 8.1825291 8.1831252 8.1837214 8.1843175 8.1814536 8.1719201 8.1623867 8.1528532 8.1435343 8.1465226 8.1427907 8.1294446 8.1333627 8.1407443 8.1481258 8.1555074 8.1644378 8.1740899 8.171285 8.16848 8.1656751 8.1628701 8.1567622 8.1521686 8.1518362 8.1515038 8.1511714 8.1498738 8.1452329 8.1439717 8.1441593 8.1443469 8.1445345
-9999 8.1506871 8.160024 8.1693609 8.1776144 8.1846848 8.1917553 8.1941643 8.1911936 8.1882229 8.1800308 8.1654692 8.1509075 8.1401879 8.137162 8.1341361 8.1357991 8.1454904 8.1551817 8.1634657 8.1685032 8.1735406 8.176762 8.1741065 8.1714511 8.1706678 8.174902 8.1791363 8.1820726 8.1826687 8.1832648 8.180401 8.1708675 8.161334 8.1558871 8.1588754 8.1618637 8.1581318 8.1447857 8.1314396 8.1294082 8.1367898 8.1441714 8.1531018 8.1631455 8.1731893 8.1733955 8.1705906 8.1677856 8.1616777 8.154999 8.1488655 8.1485331 8.1482007 8.1469031 8.1422622 8.1376212 8.1351884 8.135376 8.1355636
-9999 8.1594238 8.1687606 8.1762128 8.1832832 8.1903536 8.1974241 8.1998331 8.1968624 8.1938917 8.190921 8.1868274 8.1722658 8.1615461 8.1585202 8.1554944 8.1524685 8.1499169 8.1596082 8.1678922 8.1729297 8.1736016 8.1709461 8.1682907 8.1656353 8.1648519 8.1690862 8.1733205 8.1775548 8.1816161 8.1822122 8.1793483 8.1698149 8.1682399 8.1712282 8.1742165 8.1772047 8.1734728 8.1601267 8.1467806 8.1334345 8.1254538 8.1328354 8.1417657 8.1518095 8.1618533 8.171897 8.1755061 8.1727011 8.1665932 8.1599145 8.1532358 8.1465571 8.14523 8.1439324 8.1392915 8.1346505 8.1300096 8.1264051 8.1265927
-9999 8.1677407 8.1748112 8.1818816 8.188952 8.1960224 8.2030928 8.2055019 8.2025312 8.1995605 8.1965898 8.193619 8.1906483 8.1829043 8.1798785 8.1768526 8.1738267 8.1708009 8.167775 8.1723187 8.1704412 8.1677857 8.1651303 8.1624749 8.1598195 8.1590361 8.1632704 8.1675047 8.171739 8.1759733 8.1802076 8.1782957 8.1805927 8.183581 8.1865692 8.1895575 8.1925458 8.1888139 8.1754678 8.1621217 8.1487756 8.1354295 8.1220834 8.1304297 8.1404735 8.1505172 8.160561 8.1706047 8.1776166 8.1715087 8.16483 8.1581513 8.1514726 8.1447938 8.1409617 8.1363207 8.1316798 8.1270389 8.122398 8.117757
-9999 8.1730425 8.180113 8.1871834 8.1942538 8.2013242 8.2046725 8.2010301 8.1968634 8.1938927 8.1909219 8.1879512 8.1849805 8.1862697 8.1908853 8.1878594 8.1848336 8.1818077 8.1787818 8.175868 8.1732125 8.1705571 8.1679017 8.1652463 8.1631395 8.162901 8.1637001 8.1679344 8.1721687 8.176403 8.1806373 8.184446 8.1874343 8.1904225 8.1934108 8.1963991 8.1994805 8.191457 8.1728462 8.1595001 8.146154 8.1328079 8.1194618 8.1223105 8.1336872 8.143731 8.1537747 8.1638185 8.1738622 8.1718029 8.165158 8.1584793 8.1518006 8.1451219 8.1404834 8.1403812 8.1357402 8.1310993 8.1264584 8.1218175
-9999 8.1781848 8.1852552 8.1923256 8.1993961 8.1995152 8.1974536 8.1938113 8.1883445 8.1832951 8.1803244 8.1773537 8.174383 8.1756722 8.1854922 8.1943649 8.1913391 8.1883132 8.1852873 8.1823735 8.1797181 8.1770626 8.1744072 8.1732113 8.1733043 8.1730658 8.1719387 8.17108 8.1753143 8.1795485 8.1837828 8.1875915 8.1905798 8.1935681 8.1965564 8.1997266 8.2030022 8.1949788 8.1707903 8.1490675 8.1357214 8.1223753 8.1090292 8.1118779 8.1263687 8.1389232 8.148967 8.1590107 8.1690545 8.1669951 8.162844 8.1568125 8.1501338 8.143455 8.1388165 8.141245 8.1428582 8.1382173 8.1335763 8.1289354
-9999 8.183327 8.1903975 8.1964196 8.194358 8.1922964 8.1902348 8.1865924 8.1811256 8.1756588 8.170192 8.1667561 8.1637854 8.1650746 8.1748946 8.1847146 8.1945346 8.1948187 8.1917929 8.188879 8.1862236 8.1835681 8.1832831 8.1833761 8.1834691 8.1832306 8.1821035 8.1809764 8.1798493 8.1826941 8.1869284 8.1907371 8.1937254 8.1967137 8.1999727 8.2032484 8.206524 8.1985005 8.1743121 8.1501236 8.1259352 8.1119427 8.0985966 8.1014452 8.1159361 8.1304269 8.1441592 8.1542029 8.1642467 8.1621873 8.1580362 8.1538851 8.1484669 8.1417882 8.1371497 8.1395782 8.1420066 8.1444351 8.1406943 8.1360534
-9999 8.1884693 8.1912624 8.1892008 8.1871392 8.1850776 8.183016 8.1793736 8.1739068 8.16844 8.1629732 8.1575063 8.1531879 8.1544771 8.1642971 8.1741171 8.183937 8.193757 8.1982984 8.1953845 8.1932619 8.1933549 8.1934479 8.193541 8.193634 8.1933955 8.1922683 8.1911412 8.1900141 8.188887 8.190074 8.1938827 8.1969432 8.2002189 8.2034945 8.2067701 8.2100458 8.2020223 8.1778338 8.1536454 8.129457 8.1052685 8.088164 8.0910126 8.1055035 8.1199943 8.1344852 8.148976 8.1594389 8.1573796 8.1532285 8.1490774 8.1449263 8.1401214 8.1354828 8.1379113 8.1403398 8.1427683 8.1451968 8.1431713
-9999 8.1881862 8.1861246 8.184063 8.1820014 8.1799398 8.1778782 8.1723535 8.1668867 8.1614199 8.1559531 8.1504863 8.1450194 8.1452712 8.1550912 8.1649112 8.1747312 8.1845511 8.1943711 8.2012498 8.2013428 8.2014359 8.2015289 8.2016219 8.2017149 8.2012877 8.2001606 8.1990335 8.1979064 8.1967792 8.1956521 8.1960288 8.1993045 8.2025801 8.2058557 8.2091314 8.212407 8.2042204 8.1800319 8.1558435 8.131655 8.1074666 8.0832782 8.0812139 8.0957048 8.1101956 8.1246865 8.1391773 8.1536682 8.1522641 8.148113 8.1439619 8.1398108 8.1356597 8.1345106 8.1369391 8.1393675 8.141796 8.1442245 8.146653
-9999 8.1933993 8.1913377 8.1892761 8.1872145 8.184784 8.1744152 8.166322 8.1608552 8.1553884 8.1499216 8.1444547 8.1492766 8.1535378 8.1547186 8.1626273 8.1724473 8.1822672 8.1920872 8.1989659 8.1990589 8.199152 8.199245 8.199338 8.1948644 8.1918933 8.1955274 8.1956223 8.1944952 8.1933681 8.192241 8.1926177 8.1958933 8.1991689 8.2024446 8.2057202 8.2082963 8.1998347 8.1756463 8.1514578 8.1272694 8.1045841 8.0982389 8.0924132 8.089059 8.1035499 8.1180408 8.1325316 8.1470225 8.1456184 8.1414673 8.1373162 8.1331651 8.13397 8.1369929 8.1394214 8.1418499 8.1442784 8.146744 8.1499789
-9999 8.1986124 8.1965508 8.1944892 8.1891213 8.1787525 8.1683837 8.1602905 8.1548237 8.1493569 8.1468962 8.1526956 8.158495 8.1627561 8.1639369 8.1651177 8.1701634 8.1799833 8.1898033 8.196682 8.196775 8.1968681 8.1960909 8.1906553 8.1852197 8.1822486 8.1858828 8.1895169 8.191084 8.1899569 8.1888298 8.1892065 8.1924821 8.1957578 8.1988481 8.2013794 8.2039107 8.1954491 8.1712606 8.1470722 8.1295084 8.1231633 8.1168181 8.1109924 8.1055401 8.1000878 8.111395 8.1258859 8.1403768 8.1389727 8.1348216 8.1306705 8.1332578 8.1364524 8.1394753 8.1419038 8.1443323 8.1469936 8.1502285 8.1534634
-9999 8.2038255 8.2017639 8.1934586 8.1830898 8.172721 8.1623521 8.154259 8.1487922 8.1503152 8.1561146 8.161914 8.1677133 8.1719745 8.1731553 8.1743361 8.1755169 8.1776995 8.1875194 8.1943981 8.1944912 8.1918817 8.1864462 8.1810106 8.1755751 8.1726039 8.1762381 8.1798722 8.1835063 8.1865458 8.1854186 8.1857953 8.189071 8.1919311 8.1944624 8.1969937 8.199525 8.1910634 8.166875 8.1544327 8.1480876 8.1417424 8.1353972 8.1295715 8.1241192 8.1186669 8.1132146 8.1192402 8.133731 8.132327 8.129351 8.1325456 8.1357402 8.1389347 8.1419577 8.1443862 8.1472431 8.150478 8.1537129 8.1569478
-9999 8.2081647 8.1977959 8.1874271 8.1770583 8.1666894 8.1563206 8.1482274 8.1537342 8.1595336 8.165333 8.1711323 8.1769317 8.1811929 8.1823737 8.1835545 8.1847353 8.1859161 8.1870969 8.1921142 8.1876726 8.182237 8.1768015 8.1713659 8.1659304 8.1629592 8.1665934 8.1702275 8.1738617 8.1774958 8.1811299 8.1823842 8.1850142 8.1875455 8.1900768 8.1926081 8.1951394 8.1866778 8.179357 8.1730119 8.1666667 8.1603215 8.1539764 8.1481507 8.1426984 8.137246 8.1317937 8.1263414 8.1270853 8.1286388 8.1318334 8.135028 8.1382225 8.1414171 8.1444401 8.1474927 8.1507276 8.1539625 8.1571974 8.1604323
-9999 8.2013518 8.190983 8.1806142 8.1702454 8.1598766 8.1517536 8.1493911 8.152516 8.1583154 8.1641148 8.1699142 8.1757135 8.1799616 8.1811214 8.1823022 8.183483 8.1846638 8.1858446 8.1850247 8.1795891 8.1741536 8.168718 8.1632825 8.1594165 8.1614353 8.1582979 8.1619321 8.1655662 8.1692003 8.1728345 8.1760919 8.1786232 8.1811545 8.1836858 8.1862171 8.1882167 8.186643 8.1810534 8.1747082 8.1683631 8.1620179 8.1556727 8.1537305 8.1499025 8.1444502 8.1389979 8.1335456 8.1280933 8.1276421 8.1308366 8.1340312 8.1372258 8.1404203 8.1431692 8.1452134 8.1484483 8.1516832 8.1549181 8.158153
-9999 8.1940954 8.1837266 8.1733578 8.1629889 8.1573518 8.1534504 8.1510879 8.1505014 8.1511718 8.1569712 8.1627706 8.16857 8.1728181 8.1739596 8.1751051 8.1762859 8.1774667 8.1786475 8.1778276 8.1723921 8.1669565 8.1615209 8.161702 8.1674564 8.1694752 8.1614815 8.1544026 8.1580368 8.1616709 8.165305 8.1685625 8.1710938 8.1736251 8.1761564 8.177477 8.1780053 8.1764317 8.1718509 8.1668193 8.1604742 8.154129 8.1477839 8.1458416 8.1470644 8.1451962 8.1397439 8.1342916 8.1288393 8.1282652 8.1285342 8.1310591 8.1342537 8.1374482 8.1401971 8.1414022 8.1428965 8.1461314 8.1493663 8.1526012
-9999 8.1868389 8.1764701 8.1668513 8.16295 8.1590486 8.1551472 8.1527847 8.1521982 8.1516117 8.1510251 8.155627 8.1614264 8.1656745 8.166816 8.1679575 8.169099 8.1702696 8.1714504 8.1706305 8.165195 8.1597594 8.1639875 8.169742 8.1754964 8.1775152 8.1695214 8.1615277 8.153534 8.1541415 8.1577756 8.161033 8.1635643 8.1660956 8.1667373 8.1672656 8.1677939 8.1662203 8.1616396 8.1570588 8.1524781 8.1462401 8.139895 8.1379527 8.1391755 8.1403984 8.1404899 8.1350376 8.1295853 8.1290112 8.1292802 8.1295492 8.1312816 8.1344762 8.137225 8.1384301 8.1396352 8.1408403 8.1438146 8.1470495
-9999 8.1795825 8.1724495 8.1685481 8.1646468 8.1607454 8.156844 8.1544815 8.153895 8.1533085 8.152722 8.1521355 8.1542829 8.1585309 8.1596724 8.1608139 8.1619554 8.1630969 8.1642533 8.1634335 8.1605186 8.1662731 8.1720275 8.1777819 8.1835363 8.1855551 8.1775614 8.1695677 8.1615739 8.1535802 8.1502462 8.1535036 8.1554693 8.1559976 8.1565259 8.1570542 8.1575825 8.1560089 8.1514282 8.1468475 8.1422667 8.137686 8.1320061 8.1300638 8.1312866 8.1325095 8.1337324 8.1349553 8.1303313 8.1297572 8.1300262 8.1302952 8.1305642 8.1315041 8.134253 8.1354581 8.1366631 8.1378682 8.1390733 8.1414977
-9999 8.1761945 8.1722931 8.1683917 8.1644904 8.160589 8.1566876 8.1564296 8.1558431 8.1552566 8.1546701 8.1540836 8.1534971 8.1535174 8.1546589 8.1558004 8.1569419 8.1580834 8.1592249 8.1617613 8.1675157 8.1732701 8.1790245 8.184779 8.1905334 8.1930965 8.1851889 8.1771952 8.1692015 8.1612077 8.153214 8.1481311 8.1486595 8.1491878 8.1497161 8.1502444 8.1507727 8.1518248 8.1472441 8.1426633 8.1380826 8.1335019 8.1289212 8.1244621 8.125685 8.1269079 8.1281307 8.1293536 8.1305765 8.1314306 8.1316996 8.1319686 8.1322376 8.1325066 8.1334454 8.1347359 8.135941 8.1371461 8.1383512 8.1395563
-9999 8.1690229 8.1651215 8.1612202 8.1573188 8.1539541 8.1539453 8.1552384 8.1580341 8.158156 8.1575695 8.1569829 8.1563964 8.1564221 8.1576737 8.1588497 8.1599912 8.1611327 8.1622742 8.1648106 8.170565 8.1763194 8.1820738 8.1878283 8.1859989 8.184896 8.1875573 8.1832615 8.1752678 8.1672741 8.1592803 8.1541975 8.1547258 8.1552541 8.1557824 8.1560626 8.1483719 8.1493276 8.1626533 8.1612944 8.1567137 8.152133 8.1475523 8.1393434 8.1287413 8.1299642 8.131187 8.1324099 8.1336328 8.1354698 8.1368835 8.1371525 8.1374215 8.1376905 8.1386294 8.1418886 8.1437355 8.1449406 8.1461457 8.1473508
-9999 8.1618514 8.15795 8.1540486 8.1521801 8.1521713 8.1521625 8.1534556 8.1562513 8.159047 8.1604688 8.1598823 8.1592958 8.1593215 8.1605731 8.1618247 8.1630405 8.164182 8.1653235 8.1678599 8.1736143 8.1793687 8.1828131 8.1803058 8.1777984 8.1766955 8.1793568 8.1820181 8.1813341 8.1733404 8.1653466 8.1602638 8.1607921 8.1613204 8.1588145 8.1511238 8.1434332 8.1443889 8.1577146 8.1710403 8.1753448 8.1707641 8.1661834 8.1579745 8.1471573 8.1363401 8.1342433 8.1354662 8.1366891 8.1385261 8.1404692 8.1423365 8.1426054 8.1428744 8.1438133 8.1470725 8.1503317 8.1527351 8.1539402 8.1551453
-9999 8.1546798 8.1507784 8.1504061 8.1503972 8.1503884 8.1503796 8.1516728 8.1544685 8.1572642 8.1600599 8.1627817 8.1621952 8.1622209 8.1634725 8.1647241 8.1659757 8.1672273 8.1683728 8.1709092 8.1766636 8.17712 8.1746126 8.1721053 8.1695979 8.168495 8.1711563 8.1738176 8.176479 8.1791403 8.171413 8.1663301 8.1668584 8.1615665 8.1538758 8.1461851 8.1384944 8.1394502 8.1527759 8.1661016 8.1794272 8.1893952 8.1848145 8.1766056 8.1657884 8.1549712 8.144154 8.1385225 8.1397454 8.1415824 8.1435255 8.1454686 8.1474117 8.1480583 8.1489972 8.1522564 8.1555157 8.1587749 8.1617347 8.1629398
-9999 8.1486408 8.148632 8.1486232 8.1486144 8.1486056 8.1485968 8.1498899 8.1526856 8.1554813 8.158277 8.1610728 8.1638685 8.1651202 8.1663718 8.1676234 8.168875 8.1701267 8.1713783 8.1739342 8.1714269 8.1689195 8.1664121 8.1639048 8.1613974 8.1602945 8.1629558 8.1656172 8.1682785 8.1709398 8.1736011 8.1720092 8.1643185 8.1566278 8.1489371 8.1412464 8.1335557 8.1345115 8.1478371 8.1611628 8.1744885 8.1878142 8.2011399 8.1952367 8.1844195 8.1736023 8.1627851 8.151968 8.1428017 8.1446387 8.1465818 8.1485249 8.150468 8.1524111 8.1541811 8.1574404 8.1606996 8.1639588 8.1672181 8.1704773
-9999 8.1495623 8.1495535 8.1495447 8.1495359 8.1495271 8.1505377 8.1453738 8.1379317 8.1407274 8.1435231 8.1463189 8.1491146 8.1536834 8.1601127 8.1613643 8.1626159 8.1638675 8.1651191 8.165234 8.1627267 8.1602193 8.157712 8.1552046 8.1549619 8.157659 8.1579777 8.160639 8.1633003 8.1659616 8.1686229 8.1677483 8.1600576 8.1523669 8.1446762 8.1369855 8.1333672 8.1325035 8.1352463 8.148572 8.1618977 8.1752233 8.188549 8.1953553 8.19037 8.1795529 8.1687357 8.1579185 8.1471013 8.1420896 8.1430696 8.1450127 8.1469558 8.1488989 8.1527305 8.161613 8.1648722 8.1681314 8.1713907 8.1746499
