P2_models/J1_p2_vp_slide_diff2_15.dat.tif
NCOLS 118
NROWS 92
XLLCORNER 139.62
YLLCORNER -39.07
DX 0.099491525
DY 0.099347826
NODATA_VALUE -9999
[rows 0 to 24 of 92, columns 0 to 57 of 118]
-9999 -9999 -9999 -9999 -9999 -9999 -9999 -9999 -9999 -9999 -9999 -9999 -9999 -9999 -9999 -9999 -9999 -9999 -9999 -9999 -9999 -9999 -9999 -9999 -9999 -9999 -9999 -9999 -9999 -9999 -9999 -9999 -9999 -9999 -9999 -9999 -9999 -9999 -9999 -9999 -9999 -9999 -9999 -9999 -9999 -9999 -9999 -9999 -9999 -9999 -9999 -9999 -9999 -9999 -9999 -9999 -9999 -9999
-9999 0.13150417 0.12169545 0.11188672 0.102078 0.092269278 0.082617375 0.075157155 0.068098944 0.059761717 0.05142449 0.043087263 0.034750037 0.026812647 0.025937754 0.032242201 0.038546647 0.044851093 0.05115554 0.056943381 0.061539392 0.066135403 0.070731414 0.075327425 0.078710817 0.075636254 0.074618924 0.072516618 0.070414311 0.068312004 0.066209698 0.067556037 0.075550266 0.083544494 0.091538723 0.099532951 0.10959812 0.12574593 0.13946126 0.1510311 0.16260093 0.17417077 0.1857406 0.20066105 0.21480038 0.22792104 0.2410417 0.25416237 0.26728303 0.27122595 0.28483568 0.29844541 0.31205514 0.32566487 0.33417822 0.32530928 0.31682283 0.30833638
-9999 0.14206236 0.13225364 0.12244491 0.11263619 0.10310626 0.093750954 0.086290735 0.081017684 0.074783729 0.066446502 0.058109276 0.049772049 0.041834659 0.034697966 0.030487056 0.036791502 0.043095948 0.049400395 0.055188236 0.059784247 0.064380258 0.068976269 0.07019291 0.066058871 0.062984308 0.062749407 0.062156709 0.060054402 0.057952096 0.055849789 0.057196129 0.065190357 0.073184586 0.081178814 0.093026797 0.10886129 0.1250091 0.14160515 0.15635883 0.16792867 0.1794985 0.19106834 0.20598878 0.22331794 0.23823914 0.2513598 0.26448047 0.27760113 0.28103108 0.28278622 0.29495313 0.30856286 0.32217259 0.33068594 0.32154604 0.31256929 0.30408284
-9999 0.15262055 0.14281183 0.1330031 0.12359514 0.11423984 0.10488453 0.097424314 0.092151263 0.086878213 0.081468515 0.073131288 0.064794061 0.056856671 0.049719979 0.042583286 0.035446593 0.041340803 0.04764525 0.053433091 0.058029102 0.062625113 0.061675003 0.057540964 0.053406925 0.050332363 0.050097462 0.04986256 0.049627659 0.047592187 0.045489881 0.04683622 0.054830449 0.062824677 0.076455469 0.092289967 0.10812447 0.12427227 0.14086832 0.15746436 0.1732564 0.18482624 0.19639607 0.21131651 0.22864567 0.24597482 0.2616779 0.27479857 0.28791923 0.29134918 0.29310432 0.29485946 0.30507057 0.3186803 0.32719365 0.31805376 0.30891386 0.2998293
-9999 0.16317874 0.15343932 0.14408402 0.13472872 0.12537342 0.11601811 0.10855789 0.10328484 0.098011792 0.092738741 0.087465691 0.079816073 0.071878684 0.064741991 0.057605298 0.050468605 0.043331912 0.045890105 0.051677946 0.056273957 0.053157096 0.049023057 0.044889018 0.04075498 0.037680417 0.037445516 0.037210615 0.036975714 0.036740812 0.035129972 0.036476312 0.04447054 0.059884142 0.07571864 0.091553138 0.10738764 0.12353544 0.14013149 0.15672753 0.17332358 0.18991962 0.2017238 0.21664425 0.2339734 0.25130256 0.26863171 0.28511666 0.29823733 0.30166728 0.30342242 0.30517756 0.30693269 0.31518802 0.32370137 0.31456147 0.30542158 0.29628168
-9999 0.1739282 0.1645729 0.1552176 0.1458623 0.136507 0.12715169 0.11969147 0.11441842 0.10914537 0.10387232 0.09859927 0.093326219 0.086900696 0.079764003 0.07262731 0.065490617 0.058353924 0.051217231 0.048773228 0.044639189 0.04050515 0.036371111 0.032237073 0.028103034 0.025028471 0.02479357 0.024558669 0.024323768 0.024088867 0.023853966 0.027478316 0.043312814 0.059147312 0.07498181 0.090816308 0.10665081 0.12279861 0.13939466 0.1559907 0.17258675 0.18918279 0.20577883 0.22197198 0.23930114 0.25663029 0.27395945 0.2912886 0.30855543 0.31198538 0.31374052 0.31549566 0.31725079 0.31900593 0.32020909 0.31106919 0.3019293 0.2927894
-9999 0.18613811 0.17678281 0.16742751 0.15807221 0.1487169 0.14066626 0.13440505 0.129132 0.12385895 0.1185859 0.11331285 0.10698994 0.098531967 0.08905793 0.081921237 0.074784545 0.067647852 0.060511159 0.054282423 0.050148385 0.046014346 0.041880307 0.037746269 0.030440293 0.021583926 0.022618775 0.022383873 0.022148972 0.021914071 0.02167917 0.02693305 0.042767548 0.058602045 0.074436543 0.090271041 0.10829839 0.12706161 0.14365766 0.1602537 0.17684975 0.19344579 0.21202365 0.23116321 0.24915618 0.26648534 0.28381449 0.30114365 0.3184728 0.32252292 0.32427805 0.32603319 0.32778833 0.32848455 0.32452624 0.31538634 0.30624645 0.29710655
-9999 0.19851854 0.18916324 0.17980794 0.17045264 0.16306441 0.15594701 0.14968581 0.14441275 0.1391397 0.13386665 0.12685594 0.11925919 0.11080121 0.10061859 0.090435961 0.083170981 0.076034288 0.068897595 0.06266886 0.058534821 0.054400782 0.050266743 0.040618892 0.027961248 0.019104881 0.020436887 0.021768893 0.021634055 0.021399153 0.021164252 0.026418132 0.04225263 0.058087128 0.073921626 0.09307544 0.1133535 0.13211673 0.14871277 0.16530881 0.18190486 0.2011958 0.22086201 0.24000157 0.25876253 0.27705764 0.29438679 0.31171595 0.3290451 0.33309522 0.33485035 0.33660549 0.33650135 0.33403894 0.33008063 0.32094073 0.31180084 0.30266094
-9999 0.21089897 0.20154367 0.19257995 0.18546255 0.17834516 0.17122776 0.16496656 0.15969351 0.15431868 0.14672193 0.13912518 0.13152843 0.12307046 0.11288783 0.10270521 0.09252258 0.084420724 0.077284031 0.071055296 0.066921257 0.062787218 0.05079749 0.038139846 0.025482203 0.016625835 0.017957841 0.019289848 0.020621854 0.020884236 0.020649335 0.025903214 0.041737712 0.057574435 0.077852494 0.098130554 0.11840861 0.13717184 0.15376788 0.17070173 0.19036794 0.21003416 0.22970037 0.24883994 0.2676009 0.28636186 0.30495909 0.32228825 0.3396174 0.34366752 0.34542265 0.34451815 0.34205574 0.33959332 0.33563502 0.32649512 0.31734893 0.30504734
-9999 0.2232794 0.2149781 0.2078607 0.20074331 0.19362591 0.18650852 0.18024731 0.17418467 0.16658792 0.15899117 0.15139443 0.14379768 0.1353397 0.12515708 0.11497445 0.10479182 0.094609199 0.085670467 0.079441732 0.073633731 0.060976088 0.048318444 0.035660801 0.023003157 0.01414679 0.015478796 0.016810802 0.018142808 0.019474814 0.020134417 0.025388297 0.042351489 0.062629549 0.082907608 0.10318567 0.12346373 0.14222695 0.15987388 0.17954009 0.19920631 0.21887252 0.23853874 0.2576783 0.27643926 0.29520022 0.31396118 0.33272214 0.3501897 0.35423982 0.35253496 0.35007254 0.34761013 0.34514771 0.34118941 0.33144322 0.31914163 0.30684004
-9999 0.23628974 0.22917234 0.22205494 0.21493755 0.20782015 0.20070276 0.19315991 0.18556316 0.17796641 0.17036966 0.16277291 0.15517616 0.14671109 0.13652847 0.12634584 0.11616322 0.10598059 0.095797964 0.084866929 0.072209286 0.059551642 0.046893999 0.034236355 0.021578712 0.013155078 0.014487084 0.01581909 0.017151097 0.018483103 0.019815109 0.027618467 0.047896526 0.068174585 0.088452644 0.1087307 0.12900876 0.1483308 0.16799702 0.18766323 0.20732945 0.22699566 0.24666188 0.26401151 0.28277247 0.30153343 0.32029439 0.33905535 0.35781631 0.35848136 0.35601895 0.35355653 0.35109412 0.3486317 0.34593281 0.33363122 0.32132962 0.30902803
-9999 0.2433633 0.2362459 0.22912851 0.22201111 0.21489372 0.20668772 0.19870062 0.19110387 0.18350712 0.17591037 0.16831362 0.16221472 0.15438113 0.142178 0.13183295 0.12165032 0.11146769 0.10128507 0.090354034 0.07769639 0.065038747 0.052381103 0.03972346 0.028504034 0.021320003 0.023180494 0.024574946 0.025906952 0.027238958 0.028570964 0.036374322 0.056652381 0.07693044 0.097208499 0.11748656 0.13429144 0.15176658 0.1714328 0.19109901 0.21076523 0.23043144 0.2470839 0.26014226 0.27268763 0.29144859 0.31020955 0.32897051 0.34773147 0.34839652 0.34593411 0.34347169 0.34100928 0.34547766 0.35071144 0.33840985 0.32610825 0.31380666
-9999 0.25043687 0.24331947 0.23620207 0.22887907 0.22055375 0.21222843 0.20424133 0.19664458 0.18904783 0.18152702 0.17587542 0.17022381 0.16239022 0.15018709 0.13798395 0.12713742 0.1169548 0.10677217 0.095841139 0.083183495 0.070525852 0.057868208 0.047169769 0.036611231 0.029427199 0.031287691 0.033148182 0.034662807 0.035994813 0.037326819 0.045130177 0.065408236 0.085686295 0.10584002 0.12178362 0.13772722 0.15520236 0.17486858 0.19453479 0.21370931 0.23019677 0.24668423 0.2597426 0.27033582 0.28136375 0.30012471 0.31888567 0.33764663 0.33831168 0.33584927 0.33338685 0.33996017 0.35025629 0.35549007 0.34318848 0.33088688 0.31750875
-9999 0.25751043 0.25039304 0.2427451 0.23441978 0.22609446 0.21776914 0.20978204 0.20218529 0.19518772 0.18953612 0.18388451 0.1782329 0.17039931 0.15819618 0.14599304 0.13378991 0.1224419 0.11225928 0.10132824 0.0886706 0.076394042 0.065835504 0.055276966 0.044718428 0.037534396 0.039394887 0.041255379 0.04311587 0.044750668 0.046082674 0.053886032 0.074164091 0.093332198 0.1092758 0.1252194 0.141163 0.15863814 0.17830435 0.19682218 0.21330964 0.2297971 0.24628456 0.25934293 0.26993616 0.28052939 0.29112261 0.30880084 0.32756179 0.32822684 0.32576443 0.33444267 0.3447388 0.35503493 0.3602687 0.34796711 0.33235743 0.30652978
-9999 0.264584 0.25661113 0.24828581 0.23996049 0.23163517 0.22330985 0.21532275 0.20884842 0.20319681 0.19754521 0.1918936 0.18624199 0.1784084 0.16620527 0.15400213 0.141799 0.12959587 0.11774638 0.10681535 0.095059777 0.084501239 0.0739427 0.063384162 0.052825624 0.045641592 0.047502084 0.049362575 0.051223067 0.053083558 0.054838529 0.062641887 0.080824376 0.096767977 0.11271158 0.12865518 0.14459878 0.16207392 0.17993505 0.19642251 0.21290997 0.22939743 0.2458849 0.25894326 0.26953649 0.28012972 0.29072295 0.30131618 0.31747696 0.31862904 0.32892517 0.3392213 0.34951743 0.35981356 0.36504733 0.3472061 0.32137846 0.29555081
-9999 0.26621522 0.2578899 0.24956458 0.24123926 0.23291394 0.22458862 0.22238276 0.21673115 0.21107954 0.20542794 0.19977633 0.19412472 0.18746308 0.17543762 0.16323449 0.15103136 0.13882822 0.12662509 0.11491926 0.10436072 0.093802182 0.083243644 0.072685106 0.062126568 0.052738924 0.055164411 0.057024903 0.058885394 0.060745886 0.062606378 0.069277199 0.0852208 0.1011644 0.117108 0.1330516 0.14899521 0.15793789 0.17442535 0.19091282 0.20740028 0.22388774 0.2403752 0.25521356 0.26580679 0.27640002 0.28699325 0.29758647 0.3081797 0.31842447 0.3287206 0.33901673 0.34931286 0.35960899 0.36451596 0.34030475 0.3144771 0.28864946
-9999 0.25759077 0.24926545 0.24094013 0.23261481 0.22592914 0.22852342 0.22802828 0.22396756 0.21866866 0.21301705 0.20736545 0.20171384 0.1950522 0.18636792 0.17530927 0.16310613 0.150903 0.13869987 0.12699404 0.1164355 0.10587696 0.095318421 0.084759883 0.065327091 0.052649934 0.059869477 0.063653517 0.065514008 0.0673745 0.069234991 0.075905812 0.091849414 0.10779301 0.12373662 0.1395854 0.15327509 0.16104218 0.16033613 0.17352927 0.19001673 0.20650419 0.22299165 0.23889209 0.2543393 0.26493253 0.27552576 0.28611899 0.29671222 0.30682551 0.31693689 0.32723302 0.33752915 0.34782528 0.35273226 0.33897187 0.31705063 0.29122299
-9999 0.24896632 0.240641 0.23231568 0.22886219 0.23145647 0.23405075 0.23355561 0.22949489 0.22543417 0.22060617 0.21495456 0.20930295 0.20264132 0.19395703 0.18527275 0.17518091 0.16297778 0.15077464 0.13906881 0.12851027 0.11795174 0.10543931 0.085338705 0.0652381 0.052560943 0.059780487 0.06700003 0.072142622 0.074003114 0.075863605 0.082534426 0.098478028 0.11442163 0.12969903 0.14338873 0.15707843 0.16484551 0.16413947 0.16343342 0.17263319 0.18912065 0.20560811 0.22150855 0.23698699 0.25246543 0.26405827 0.2746515 0.28524473 0.29535802 0.30538837 0.31544931 0.32574544 0.33604157 0.34094855 0.32718816 0.31342777 0.29379652
-9999 0.24034187 0.23201655 0.23179524 0.23438952 0.2369838 0.23957808 0.23908295 0.23502223 0.2309615 0.22690078 0.22254368 0.21689207 0.21023043 0.20154615 0.19286187 0.18417758 0.17505255 0.16284942 0.15114359 0.14058505 0.12545092 0.10535032 0.085249715 0.06514911 0.052471953 0.059691496 0.06691104 0.074130584 0.080631727 0.082492219 0.08916304 0.10510664 0.11981267 0.13350236 0.14719206 0.16088176 0.16864884 0.1679428 0.16723675 0.1665307 0.1717371 0.18822457 0.20412501 0.21960344 0.23508188 0.25056032 0.26318401 0.27377724 0.28389053 0.29392088 0.30395122 0.31398157 0.32425786 0.32916484 0.31540445 0.30164406 0.28788367
-9999 0.232134 0.23472829 0.23732257 0.23991685 0.24251113 0.24510542 0.24461028 0.24054956 0.23648884 0.23242811 0.22836739 0.22430667 0.21781955 0.20913527 0.20045098 0.1917667 0.18308242 0.17439813 0.16321837 0.14546254 0.12536193 0.10526133 0.085160724 0.06506012 0.052382963 0.059602506 0.06682205 0.074041593 0.081261137 0.08848068 0.095791654 0.1099263 0.123616 0.13730569 0.15099539 0.16468509 0.17245217 0.17174613 0.17104008 0.17033403 0.16962799 0.17084102 0.18674146 0.2022199 0.21769834 0.23317677 0.24865521 0.26230976 0.27242305 0.28245339 0.29248374 0.30251408 0.31254443 0.31738113 0.30362074 0.28986035 0.27609996
-9999 0.22978742 0.2323817 0.23497598 0.23757026 0.24016455 0.24157599 0.23795857 0.23389785 0.22983713 0.22577641 0.22171569 0.21763167 0.21512418 0.21035093 0.20166665 0.19298236 0.18429808 0.17561379 0.16347739 0.14337678 0.12327618 0.10317557 0.083074969 0.062974364 0.061507708 0.070858038 0.078077581 0.085297125 0.092516668 0.099736212 0.10916575 0.12285544 0.13654514 0.15023484 0.16392453 0.17666461 0.17999359 0.17928755 0.1785815 0.17787545 0.17716941 0.17672041 0.17667486 0.19044939 0.20592783 0.22140627 0.23688471 0.25236315 0.26319632 0.27322666 0.28325701 0.29328735 0.3033177 0.30092179 0.28716141 0.27340102 0.25964063
-9999 0.22150139 0.22409567 0.22668995 0.22928423 0.22897072 0.22573741 0.22211999 0.21805927 0.21399855 0.20993783 0.20575779 0.20137266 0.19886517 0.20011777 0.19807469 0.18939041 0.18070613 0.17202184 0.15988543 0.13978483 0.11968423 0.099583621 0.083205087 0.076732997 0.075288731 0.087320292 0.097890497 0.10511004 0.11232958 0.11954913 0.12897866 0.14266836 0.15635806 0.17004775 0.18087632 0.18702574 0.19035473 0.18964868 0.18894263 0.18823659 0.18799767 0.18819614 0.18815059 0.18792962 0.19839135 0.21386979 0.22934822 0.24482666 0.25565983 0.26569018 0.27572052 0.28478836 0.28435468 0.28093555 0.26717516 0.25341477 0.23965438
-9999 0.21321535 0.21580964 0.21840392 0.21636545 0.21313214 0.20989883 0.20628141 0.20222069 0.19815997 0.19388391 0.18949878 0.18511365 0.18260616 0.18385876 0.18511136 0.18579846 0.17711417 0.16842989 0.15629348 0.13619288 0.11609227 0.1034582 0.09698611 0.09051402 0.089069754 0.10110131 0.11313288 0.12492296 0.1321425 0.13936204 0.14879158 0.16248128 0.17617097 0.18508804 0.19123746 0.19738688 0.20071586 0.20000981 0.19930377 0.19927494 0.19947341 0.19967187 0.19962632 0.19940535 0.19918437 0.2063333 0.22181174 0.23729018 0.24812335 0.2581537 0.26523579 0.26480211 0.26436843 0.2609493 0.24718891 0.23342852 0.22520243
-9999 0.20492932 0.2069935 0.20376019 0.20052687 0.19729356 0.19406025 0.19044283 0.18638211 0.18201003 0.1776249 0.17323977 0.16885464 0.16634715 0.16759975 0.16885235 0.17010494 0.17135754 0.16483794 0.15270153 0.13260093 0.12371131 0.11723922 0.11076713 0.10429504 0.10285078 0.11488234 0.1269139 0.13894546 0.15097702 0.15917496 0.1686045 0.18229419 0.18929975 0.19544917 0.20159859 0.20774801 0.21107699 0.21037095 0.2105522 0.21075067 0.21094914 0.2111476 0.21110205 0.21088108 0.2106601 0.21043912 0.21427526 0.22975369 0.24058687 0.24568322 0.24524954 0.24481586 0.24438219 0.24096306 0.22720267 0.22058457 0.21529766
-9999 0.19438823 0.19115492 0.18792161 0.18468829 0.18145498 0.17822167 0.17452128 0.17013615 0.16575102 0.16136589 0.15698076 0.15259563 0.15008814 0.15134074 0.15259334 0.15384593 0.15509853 0.15635113 0.15043651 0.14396442 0.13749234 0.13102025 0.12454816 0.11807607 0.1166318 0.12866336 0.14069492 0.15272648 0.16475804 0.1767896 0.18736204 0.19351146 0.19966088 0.2058103 0.21195972 0.21810914 0.22163099 0.22182946 0.22202793 0.2222264 0.22242487 0.22262334 0.22257778 0.22235681 0.22213583 0.22191486 0.22169388 0.22221721 0.22613065 0.22569697 0.2252633 0.22482962 0.22439594 0.22125362 0.21596671 0.21067981 0.2053929
