P2_models/J1_p2_tot_conduct_slide_46.19.dat.tif
NCOLS 118
NROWS 92
XLLCORNER 139.62
YLLCORNER -39.07
DX 0.099491525
DY 0.099347826
NODATA_VALUE -9999
[rows 25 to 49 of 92, columns 57 to 113 of 118]
-2.7562816 -2.5800699 -2.3887202 -2.1870272 -1.9890863 -1.792048 -1.6199994 -1.4592513 -1.3588346 -1.2784032 -1.3049854 -1.3429501 -1.466244 -1.6126792 -1.8064222 -2.0051379 -2.1850956 -2.3571088 -2.4624337 -2.5446195 -2.5383364 -2.5094804 -2.4306656 -2.3389466 -2.2306627 -2.1425947 -2.0652124 -2.0361822 -2.0111175 -2.0227575 -2.0632757 -2.1103397 -2.167715 -2.2150242 -2.2846597 -2.3238625 -2.4000825 -2.4391702 -2.4860545 -2.5230734 -2.5422571 -2.5189706 -2.491543 -2.4154612 -2.3258301 -2.2212763 -2.1416003 -2.0483462 -2.0395291 -2.0264455 -2.0864429 -2.1930331 -2.2936574 -2.3921622 -2.4483346 -2.4217108 -2.2546918
-2.9133351 -2.8019748 -2.6361556 -2.4674276 -2.2789173 -2.088331 -1.8945844 -1.7131675 -1.5528756 -1.4461925 -1.3656208 -1.3748477 -1.3974517 -1.5112142 -1.6324503 -1.7982695 -1.9445639 -2.0938012 -2.1886317 -2.2659573 -2.2589767 -2.2378279 -2.160047 -2.0671413 -1.9617974 -1.8725498 -1.7951675 -1.7615939 -1.742854 -1.7721162 -1.8171779 -1.8779783 -1.9594406 -2.0413748 -2.1316058 -2.2101707 -2.300145 -2.3745617 -2.4330862 -2.482221 -2.5056308 -2.4859366 -2.454273 -2.3791524 -2.2940377 -2.1945462 -2.1330441 -2.0628148 -2.0712029 -2.0986157 -2.1746974 -2.2873456 -2.4102469 -2.506531 -2.5609627 -2.525848 -2.3406551
-3.0588279 -2.9776605 -2.8892236 -2.7369548 -2.583584 -2.3950737 -2.2058742 -1.9994861 -1.8045567 -1.6442648 -1.5245773 -1.4565042 -1.4438141 -1.4714506 -1.5628296 -1.6678484 -1.8003113 -1.9215983 -2.008414 -2.0738848 -2.0628302 -2.0391323 -1.9562227 -1.8594717 -1.736609 -1.6428292 -1.5567327 -1.513197 -1.4845497 -1.5138119 -1.5602481 -1.6376304 -1.7311512 -1.8426791 -1.957894 -2.0644605 -2.1815094 -2.2686759 -2.3564626 -2.4155752 -2.4526453 -2.4399127 -2.4145338 -2.3443045 -2.2632972 -2.1989203 -2.154359 -2.1091771 -2.1491195 -2.1923257 -2.2918172 -2.406563 -2.5294643 -2.6127018 -2.6598265 -2.5954496 -2.3918404
-3.1425385 -3.1202407 -3.0607544 -2.9688533 -2.831799 -2.6691719 -2.4841527 -2.2703595 -2.0599733 -1.857859 -1.7021972 -1.5904661 -1.531046 -1.5246567 -1.5644165 -1.6510876 -1.7456685 -1.8568218 -1.9320902 -1.9840487 -1.9641898 -1.9352821 -1.84233 -1.7345243 -1.6029621 -1.484731 -1.3928805 -1.3301073 -1.295873 -1.3244357 -1.3710536 -1.4534171 -1.5621409 -1.6829636 -1.8216848 -1.9438478 -2.078052 -2.185704 -2.280076 -2.3495775 -2.3914237 -2.3937709 -2.3748834 -2.324204 -2.2562329 -2.2047259 -2.1933899 -2.1612765 -2.2246421 -2.2883339 -2.3902498 -2.4994074 -2.6210091 -2.68193 -2.7141562 -2.63613 -2.4010702
-3.191111 -3.216742 -3.2001601 -3.1433845 -3.0491294 -2.908642 -2.7410773 -2.5319763 -2.310884 -2.0977889 -1.8955124 -1.7646025 -1.6532131 -1.6200492 -1.6216448 -1.6769179 -1.7503764 -1.8388133 -1.895513 -1.9436681 -1.9203362 -1.8812604 -1.7817688 -1.6618748 -1.5155637 -1.3872446 -1.2711711 -1.2021047 -1.1468275 -1.1702373 -1.2155101 -1.303947 -1.4190159 -1.5536221 -1.6958665 -1.8393051 -1.9792656 -2.1084481 -2.213792 -2.2812759 -2.3280954 -2.3326019 -2.3303885 -2.2897791 -2.2510702 -2.2159556 -2.2133628 -2.2133628 -2.2883199 -2.3740091 -2.4793531 -2.5871655 -2.6983619 -2.7482519 -2.74804 -2.6485485 -2.4074357
-3.2469941 -3.2898269 -3.3243449 -3.2895761 -3.2291973 -3.1062179 -2.9584007 -2.7492997 -2.5282074 -2.2964277 -2.0869306 -1.9193659 -1.7973523 -1.7256063 -1.7166892 -1.7452195 -1.8074511 -1.882278 -1.9375619 -1.9809235 -1.9477597 -1.9052108 -1.7946647 -1.6694166 -1.5093545 -1.3686031 -1.2401249 -1.1627332 -1.1033628 -1.1205364 -1.1596269 -1.2480639 -1.3681985 -1.5101575 -1.6524018 -1.7958404 -1.9304466 -2.0587742 -2.1548909 -2.2162718 -2.2597938 -2.2643003 -2.2620869 -2.2386771 -2.2013963 -2.1962364 -2.2239782 -2.244409 -2.3407649 -2.4298923 -2.5400792 -2.6398349 -2.7418266 -2.7657626 -2.7604585 -2.6421935 -2.3800599
-3.2667808 -3.3533278 -3.4049715 -3.4166268 -3.3707547 -3.2790734 -3.1429271 -2.9474587 -2.7263664 -2.4879925 -2.2627219 -2.0852695 -1.9332081 -1.8497908 -1.8118812 -1.8313731 -1.8747224 -1.9410501 -1.9892422 -2.0293679 -1.9994399 -1.9506546 -1.8401085 -1.7086241 -1.5447557 -1.3951588 -1.2569762 -1.1768161 -1.1104416 -1.1221465 -1.1645341 -1.252971 -1.3699002 -1.5161196 -1.650357 -1.7927487 -1.9086191 -2.0300698 -2.1134198 -2.129039 -2.1700061 -2.1673551 -2.1679084 -2.1582174 -2.1438406 -2.1522872 -2.2177418 -2.2587089 -2.3695443 -2.4732532 -2.5869661 -2.6875025 -2.7811415 -2.7941842 -2.7654526 -2.6381167 -2.3606351
-3.2943678 -3.3930669 -3.4759765 -3.5027283 -3.4922555 -3.4130044 -3.3030401 -3.1150223 -2.9049846 -2.6627254 -2.4283016 -2.2397914 -2.072295 -1.9672762 -1.911229 -1.9167563 -1.9538363 -2.0091094 -2.0510199 -2.0889766 -2.06134 -2.0168865 -1.9063404 -1.7748559 -1.6109875 -1.4609072 -1.3171972 -1.2364248 -1.1703544 -1.1879118 -1.230766 -1.3192029 -1.4361321 -1.5765907 -1.7059446 -1.8324878 -1.9319794 -2.0120733 -2.0471879 -2.0607971 -2.0607971 -2.0513645 -2.0420678 -2.0479203 -2.064187 -2.0993017 -2.1700843 -2.257871 -2.3804449 -2.5038039 -2.6267052 -2.7267251 -2.8145118 -2.8196014 -2.7711814 -2.6248703 -2.3466549
-3.3313343 -3.4370613 -3.5316654 -3.5714461 -3.5730403 -3.5051188 -3.4027864 -3.2194563 -3.0112641 -2.7584769 -2.5198366 -2.3156171 -2.1421028 -2.0180262 -1.9518021 -1.94249 -1.9723723 -2.0223349 -2.0646747 -2.1081587 -2.0860495 -2.0455691 -1.9500791 -1.827787 -1.6792643 -1.548087 -1.4161465 -1.3546352 -1.2938418 -1.3208823 -1.380764 -1.4733628 -1.5806758 -1.7123471 -1.8091589 -1.9227156 -1.9461253 -2.0235452 -2.0122641 -1.9592282 -1.9311753 -1.8962082 -1.8816094 -1.893043 -1.9101866 -1.9835078 -2.1109256 -2.2204262 -2.4038603 -2.5288202 -2.668104 -2.7762795 -2.8640661 -2.851486 -2.8016945 -2.6474913 -2.361235
-3.3645272 -3.4702542 -3.5697458 -3.6237355 -3.6342083 -3.5753702 -3.4811151 -3.3038041 -3.0992938 -2.8466902 -2.5970183 -2.3860995 -2.1941384 -2.0613606 -1.9730273 -1.9561441 -1.9703343 -2.0145527 -2.0587712 -2.0999388 -2.085146 -2.055226 -1.9695669 -1.8734322 -1.7343868 -1.6306073 -1.5145339 -1.4789831 -1.4351869 -1.476154 -1.5544539 -1.65 -1.7473131 -1.8702144 -1.9366996 -2.0205808 -2.0091077 -2.0137238 -1.9746685 -1.8505733 -1.7861964 -1.730033 -1.69832 -1.7178116 -1.7588734 -1.8533774 -2.0365778 -2.1828888 -2.3956674 -2.5677168 -2.7177168 -2.8447034 -2.93249 -2.91491 -2.8496037 -2.690653 -2.3978315
-3.3955018 -3.496747 -3.5962385 -3.6520815 -3.6782635 -3.6228231 -3.5338043 -3.3585787 -3.1589025 -2.9062989 -2.656627 -2.431462 -2.2272544 -2.0724898 -1.9730273 -1.9343362 -1.9409037 -1.9685402 -2.0087518 -2.0469533 -2.041426 -2.02211 -1.9613097 -1.8800554 -1.7805639 -1.6938377 -1.6205049 -1.605971 -1.6007666 -1.6685311 -1.7531495 -1.8636957 -1.9623514 -2.0559904 -2.0986367 -2.133175 -2.0687981 -2.0099268 -1.8753207 -1.7371302 -1.6007471 -1.5296119 -1.4731316 -1.5082463 -1.5753733 -1.7275368 -1.9312207 -2.1497729 -2.4012961 -2.6173109 -2.8104415 -2.9387416 -3.0318379 -3.0075311 -2.9324582 -2.7568849 -2.4640634
-3.3953755 -3.4926307 -3.5889713 -3.6479321 -3.6763835 -3.6343452 -3.5507165 -3.3892349 -3.1935463 -2.9357827 -2.6835917 -2.4447405 -2.2329155 -2.0660994 -1.9477048 -1.8912383 -1.8803815 -1.9003862 -1.9370905 -1.9700272 -1.975152 -1.9651614 -1.9299895 -1.874679 -1.8029896 -1.7639877 -1.7098056 -1.7443254 -1.7538997 -1.8354936 -1.9484306 -2.0623913 -2.1508559 -2.2357676 -2.2137426 -2.2259231 -2.0729294 -1.9860002 -1.7952514 -1.5732225 -1.4111281 -1.3076934 -1.2473126 -1.3114306 -1.3917098 -1.5893459 -1.881001 -2.1320321 -2.466946 -2.6996202 -2.9195376 -3.0717759 -3.1685623 -3.1122661 -3.0328092 -2.8508383 -2.5536399
-3.3782663 -3.4675831 -3.5615473 -3.6216775 -3.6530959 -3.6212179 -3.5479083 -3.3984605 -3.2160593 -2.9656581 -2.7096796 -2.4696831 -2.2405625 -2.0678846 -1.9333706 -1.8615156 -1.831559 -1.8370863 -1.8652831 -1.8931546 -1.9019653 -1.905261 -1.8799728 -1.8584267 -1.8116072 -1.8045765 -1.7935219 -1.8509807 -1.9047569 -2.0159533 -2.1391077 -2.2551812 -2.3359284 -2.4061577 -2.3599292 -2.309352 -2.1210289 -1.9327288 -1.6927786 -1.4247714 -1.2140835 -1.1004833 -1.020912 -1.0991882 -1.2303896 -1.4586349 -1.8047827 -2.126667 -2.4978979 -2.8071078 -3.047058 -3.2146223 -3.3199663 -3.2529669 -3.1447718 -2.9574937 -2.6500779
-3.3097428 -3.3941946 -3.4826315 -3.545029 -3.586864 -3.5644242 -3.5147924 -3.3782754 -3.2160593 -2.9802213 -2.7361723 -2.5005345 -2.2736785 -2.0802227 -1.9371067 -1.8431425 -1.8045839 -1.790724 -1.8103408 -1.8269227 -1.8435047 -1.8522755 -1.8467482 -1.8366957 -1.8366957 -1.8497686 -1.8796233 -1.965273 -2.050467 -2.1890377 -2.324557 -2.4406304 -2.5123627 -2.5518678 -2.4704244 -2.3755839 -2.1180764 -1.8899079 -1.5621711 -1.2631083 -0.99551829 -0.87533329 -0.78910042 -0.90029683 -1.053705 -1.3697369 -1.7571048 -2.1531598 -2.5848616 -2.9298033 -3.216573 -3.3889359 -3.4987924 -3.4109908 -3.2893412 -3.0786532 -2.7653731
-3.2035526 -3.2807463 -3.3667796 -3.4368564 -3.4833142 -3.4857093 -3.4448782 -3.3485391 -3.1965815 -2.9987811 -2.7655535 -2.5489897 -2.3265476 -2.1396317 -1.9849707 -1.8865759 -1.8274045 -1.80618 -1.8168014 -1.8194023 -1.8314055 -1.8468716 -1.8519167 -1.8600503 -1.8717595 -1.9209073 -1.9647546 -2.0798328 -2.1823951 -2.3313349 -2.4761726 -2.5895788 -2.6484896 -2.677866 -2.5443947 -2.4271744 -2.1116158 -1.831556 -1.4729865 -1.1193474 -0.83104024 -0.69945558 -0.61374825 -0.7535509 -0.9437852 -1.2928245 -1.762311 -2.1938394 -2.6843561 -3.0661239 -3.3711011 -3.5577362 -3.6689326 -3.5443454 -3.4076306 -3.1871366 -2.8504466
-3.0812482 -3.1481829 -3.2310925 -3.3007445 -3.3583449 -3.372924 -3.3572148 -3.2769721 -3.1664259 -2.986594 -2.7980433 -2.5893133 -2.3919983 -2.2095972 -2.0620472 -1.9570284 -1.8928552 -1.854164 -1.8472101 -1.8453373 -1.8538582 -1.864007 -1.8750616 -1.8941717 -1.9234339 -1.9845464 -2.0564014 -2.1784201 -2.3079579 -2.4718263 -2.616664 -2.7272101 -2.7736571 -2.785362 -2.6444989 -2.4726312 -2.134654 -1.7785124 -1.3746939 -1.0119968 -0.69011249 -0.5542293 -0.46573063 -0.61930397 -0.86179649 -1.2480577 -1.732037 -2.2411995 -2.7583169 -3.2025785 -3.5303153 -3.7151388 -3.8263352 -3.695584 -3.5179394 -3.2838417 -2.9362822
-2.9043623 -2.9680262 -3.0456432 -3.1197192 -3.186142 -3.2221991 -3.2379974 -3.1915875 -3.1134404 -2.9868632 -2.8245361 -2.6622078 -2.4808853 -2.331648 -2.1894067 -2.0894921 -2.0227454 -1.9800046 -1.968925 -1.9579315 -1.9524042 -1.9565216 -1.9620489 -1.9816654 -2.0161585 -2.0858954 -2.1689956 -2.2988732 -2.4337985 -2.6014322 -2.7480609 -2.8530797 -2.8742023 -2.8383475 -2.6825577 -2.4991239 -2.13042 -1.7652661 -1.3351436 -0.95224227 -0.61063423 -0.47475104 -0.38625237 -0.56182565 -0.80881099 -1.2401894 -1.7564955 -2.294185 -2.852234 -3.3085495 -3.6362863 -3.8152943 -3.9190598 -3.8081388 -3.6371568 -3.3603347 -2.9914813
-2.729846 -2.7767436 -2.8483784 -2.913509 -2.9891012 -3.0333875 -3.0774442 -3.093131 -3.0378579 -2.9131168 -2.8344202 -2.6748703 -2.5669867 -2.4271953 -2.3277038 -2.238733 -2.1842744 -2.1432147 -2.1271931 -2.1037431 -2.0982158 -2.0866158 -2.0897572 -2.0899378 -2.1194902 -2.1910766 -2.2691333 -2.3990108 -2.5309577 -2.6999016 -2.8390029 -2.9423696 -2.9521103 -2.8975448 -2.731391 -2.5380732 -2.1691902 -1.7758403 -1.3408755 -0.95570603 -0.60097061 -0.46170757 -0.3732089 -0.54878218 -0.82371737 -1.2613238 -1.7814086 -2.3453261 -2.9135239 -3.3896075 -3.7131177 -3.8880479 -3.9837212 -3.8593417 -3.6825708 -3.3937986 -3.0161914
-2.5347849 -2.5727927 -2.6335931 -2.7073501 -2.7911324 -2.8598696 -2.91747 -2.9412048 -2.9467321 -2.9022017 -2.8502355 -2.7559804 -2.6684232 -2.5689317 -2.4866518 -2.4147968 -2.3652714 -2.3265802 -2.2969569 -2.2691979 -2.2499532 -2.2301257 -2.2190711 -2.2148902 -2.2324476 -2.2835092 -2.3553642 -2.4726638 -2.6018177 -2.7598337 -2.8947816 -2.9942731 -3.0061946 -2.9418177 -2.7759603 -2.5835149 -2.2122731 -1.8170438 -1.3781106 -0.99517206 -0.63817306 -0.49891001 -0.40875132 -0.58380391 -0.86325556 -1.3080412 -1.8273293 -2.3950163 -2.9633197 -3.4431415 -3.7591734 -3.9273824 -4.0210215 -3.8900547 -3.6930373 -3.3887103 -3.004502
-2.3674049 -2.400615 -2.4473159 -2.518682 -2.598646 -2.6788378 -2.7498205 -2.805615 -2.8349658 -2.8458368 -2.8142574 -2.7880754 -2.7189626 -2.6802714 -2.6103025 -2.5700278 -2.5260071 -2.4942297 -2.4646063 -2.4368474 -2.3981562 -2.3706047 -2.3263862 -2.3110201 -2.3007492 -2.3365424 -2.3926197 -2.493486 -2.6142362 -2.7627348 -2.8885723 -2.9880639 -3.0074208 -2.9542362 -2.8001105 -2.6145611 -2.2751194 -1.8853454 -1.4697519 -1.1030919 -0.7561486 -0.61688555 -0.52672686 -0.68474282 -0.96260339 -1.3771082 -1.8700045 -2.4198532 -2.9616799 -3.4369323 -3.7431696 -3.9025814 -3.9899753 -3.8487356 -3.6495726 -3.3404979 -2.9607023
-2.2328986 -2.2440803 -2.2849426 -2.3402464 -2.4180803 -2.5033364 -2.5818824 -2.6624995 -2.7177725 -2.7571367 -2.7705751 -2.7696922 -2.7527401 -2.7319141 -2.7126203 -2.6859693 -2.669705 -2.6420685 -2.614432 -2.5796568 -2.5244964 -2.4779945 -2.4203405 -2.3705045 -2.3455484 -2.3434042 -2.3876227 -2.4682532 -2.5755964 -2.716055 -2.8405102 -2.9413841 -2.9895894 -2.9441171 -2.8196585 -2.6448709 -2.3340546 -1.9720606 -1.5721715 -1.2460557 -0.90661401 -0.7690409 -0.67556217 -0.81676773 -1.0718874 -1.4669009 -1.9039981 -2.4365704 -2.9470948 -3.4028105 -3.7045051 -3.856484 -3.9384182 -3.7931554 -3.5859056 -3.2757262 -2.9093508
-2.1128188 -2.1116165 -2.1392531 -2.187913 -2.2507498 -2.3316045 -2.4206232 -2.509147 -2.5975839 -2.6538282 -2.7043432 -2.7305252 -2.7527401 -2.7637947 -2.772229 -2.7777563 -2.7761729 -2.7706456 -2.7378714 -2.6988742 -2.6325465 -2.5640959 -2.4867136 -2.4168668 -2.3583423 -2.34 -2.34 -2.4078669 -2.4891329 -2.623739 -2.7477855 -2.8528043 -2.903488 -2.9093404 -2.803425 -2.6713637 -2.384594 -2.0748807 -1.7178817 -1.3931409 -1.0888139 -0.95449017 -0.86101144 -0.98391274 -1.1952326 -1.5463792 -1.976788 -2.4449834 -2.9297134 -3.3456511 -3.6382732 -3.7897937 -3.8658754 -3.7177921 -3.5064274 -3.1962479 -2.8311083
-2.0567713 -2.0465366 -2.0583631 -2.1007224 -2.1574169 -2.2346158 -2.3210362 -2.4181817 -2.5104181 -2.5881677 -2.6471881 -2.7047885 -2.7375751 -2.7823613 -2.8006899 -2.821274 -2.823322 -2.8205043 -2.7870508 -2.7422815 -2.6483173 -2.5689455 -2.4560519 -2.3676898 -2.2780394 -2.2368612 -2.2224117 -2.2659286 -2.3402959 -2.4700518 -2.5924889 -2.7101563 -2.7832993 -2.8100361 -2.7506911 -2.6365857 -2.4258978 -2.1186809 -1.8087299 -1.5470499 -1.268769 -1.1445664 -1.0501547 -1.1392429 -1.350215 -1.6454677 -1.9918685 -2.4266777 -2.8268572 -3.2402231 -3.4996454 -3.6272277 -3.6985588 -3.5739072 -3.3638228 -3.0816463 -2.7611378
-2.0281467 -2.012558 -2.0177637 -2.0460616 -2.0984255 -2.1672168 -2.2509992 -2.3418556 -2.4413471 -2.5245798 -2.6004951 -2.6615611 -2.7185846 -2.7695183 -2.8144147 -2.8423179 -2.852558 -2.852558 -2.8162868 -2.7609796 -2.6545315 -2.5482933 -2.4221248 -2.2964759 -2.1895727 -2.1182512 -2.0850873 -2.1142198 -2.1687637 -2.291665 -2.4154896 -2.5382609 -2.6368097 -2.6836293 -2.6539012 -2.5801754 -2.4004729 -2.1653533 -1.8826405 -1.6782949 -1.4324924 -1.3241547 -1.235152 -1.3149201 -1.4749699 -1.7413424 -2.0248123 -2.4052211 -2.7642643 -3.1074049 -3.3490548 -3.457768 -3.5221449 -3.412173 -3.231047 -2.964791 -2.6873697
-2.0347699 -2.0191812 -2.0191812 -2.044942 -2.0868332 -2.1519053 -2.2252148 -2.3119006 -2.401608 -2.4904121 -2.5740024 -2.6420755 -2.7053382 -2.7606113 -2.8077915 -2.8464827 -2.8591812 -2.8591812 -2.8080497 -2.74111 -2.6195093 -2.4953078 -2.3405432 -2.1971281 -2.0566694 -1.9718284 -1.9062612 -1.9262848 -1.9634449 -2.0809287 -2.2035475 -2.3362029 -2.442646 -2.5304326 -2.5202834 -2.4874508 -2.3528446 -2.1735774 -1.9687419 -1.7746592 -1.5848257 -1.4862373 -1.413978 -1.4783549 -1.6085913 -1.8075743 -2.0699671 -2.3721052 -2.6791842 -2.9646225 -3.1636055 -3.2710631 -3.3300724 -3.2399328 -3.0878359 -2.8654431 -2.5990822
