P2_models/J1_p2_vp_slide_diff2_200.dat.tif
NCOLS 118
NROWS 92
XLLCORNER 139.62
YLLCORNER -39.07
DX 0.099491525
DY 0.099347826
NODATA_VALUE -9999
[rows 46 to 68 of 92, columns 53 to 105 of 118]
-0.06964284 -0.07519504 -0.067313712 -0.059432384 -0.051551056 -0.046577273 -0.044336937 -0.047185719 -0.053492771 -0.059799823 -0.066106875 -0.064970448 -0.062883969 -0.053989463 -0.044861025 -0.035732587 -0.026424398 -0.016741882 -0.0095505382 -0.0055469255 -0.0013834078 0.0028925169 0.0071684415 0.011314141 0.0038297505 -0.0036546403 -0.011139031 -0.021690346 -0.035294405 -0.04140401 -0.044051048 -0.044740748 -0.045129704 -0.045518659 -0.048258946 -0.055236118 -0.062213289 -0.069190461 -0.075646285 -0.081806489 -0.08141145 -0.082474847 -0.087266047 -0.092057246 -0.096848446 -0.08203318 -0.065129762 -0.048226343 -0.036873557 -0.032035208 -0.03133118 -0.032598105 -0.03386503
-0.06847935 -0.073956574 -0.066075246 -0.058193918 -0.050312591 -0.042431263 -0.036386997 -0.039235779 -0.045542831 -0.051849883 -0.058156935 -0.064463987 -0.064920388 -0.056025882 -0.046897444 -0.037769006 -0.028640568 -0.019425753 -0.012234409 -0.0080307862 -0.0037548616 0.00052106312 0.0047969878 0.0089426875 0.0014582967 -0.0060260941 -0.013510485 -0.020994876 -0.030774924 -0.03688453 -0.037289642 -0.037678598 -0.038067553 -0.038456509 -0.041196795 -0.048173967 -0.055151139 -0.06212831 -0.069105482 -0.075437448 -0.076934099 -0.081725299 -0.086516499 -0.091307699 -0.096098898 -0.081283633 -0.064380214 -0.047476795 -0.030573376 -0.017956352 -0.017252324 -0.018519249 -0.019786174
-0.064532901 -0.068976878 -0.06109555 -0.053214222 -0.045332894 -0.037451567 -0.030077138 -0.028538627 -0.03484568 -0.041152732 -0.047459784 -0.053766836 -0.060073888 -0.051458213 -0.042329775 -0.033201337 -0.024072899 -0.014944462 -0.01170686 -0.0074309353 -0.0031550106 0.001120914 0.0053968387 0.0059273666 -0.00052617049 -0.0080105613 -0.015494952 -0.022979343 -0.030463734 -0.033094943 -0.033483899 -0.033872855 -0.03426181 -0.034650766 -0.032515936 -0.038264564 -0.045241736 -0.052218907 -0.059196079 -0.066108081 -0.070899281 -0.075690481 -0.080481681 -0.08527288 -0.09124984 -0.076769443 -0.059866024 -0.042962605 -0.026059186 -0.010205777 -0.0083667253 -0.0096336504 -0.010900575
-0.053506102 -0.058051487 -0.050170159 -0.042288831 -0.034407504 -0.028665891 -0.027513744 -0.024813705 -0.021061808 -0.026089614 -0.032396666 -0.038703718 -0.04501077 -0.036395096 -0.027266658 -0.01813822 -0.010051267 -0.0089044012 -0.0063849073 -0.0021089826 0.002166942 0.0064428667 0.005430902 0.0018220937 -0.0033360726 -0.0093800159 -0.016864407 -0.024348797 -0.031833188 -0.034464398 -0.034853354 -0.035242309 -0.035631265 -0.035216876 -0.03292834 -0.027281539 -0.03080738 -0.037784551 -0.044761723 -0.051673725 -0.056464925 -0.061256125 -0.066047325 -0.072482466 -0.080752748 -0.066272352 -0.049368933 -0.032465514 -0.01792771 -0.0095734831 -0.0077344316 -0.0090013567 -0.010268282
-0.042580711 -0.047126096 -0.039244768 -0.031363441 -0.027254644 -0.026102496 -0.024950349 -0.02225031 -0.018498414 -0.014746517 -0.017333549 -0.023640601 -0.029947653 -0.021331978 -0.01220354 -0.0058761805 -0.0047293145 -0.0035824486 -0.0010629547 0.00321297 0.0074888947 0.0049170889 0.0013256291 -0.0022831793 -0.0074413456 -0.012599512 -0.018233861 -0.025718252 -0.033202643 -0.035833853 -0.036222808 -0.0364789 -0.03605409 -0.03562928 -0.033340744 -0.027693943 -0.022047141 -0.023350195 -0.030327367 -0.037239369 -0.042030569 -0.046821769 -0.053715093 -0.061985375 -0.070255657 -0.05577526 -0.038871842 -0.025649643 -0.017295416 -0.0089411894 -0.0071021379 -0.008369063 -0.011454311
-0.03165532 -0.036200705 -0.028319377 -0.025843397 -0.024691249 -0.023539102 -0.022386954 -0.019686915 -0.015935019 -0.012183122 -0.008431226 -0.0085774835 -0.014884536 -0.006268861 -0.0017010938 -0.00055422782 0.00059263812 0.0017395041 0.004258998 0.0079947356 0.0044032758 0.00081181596 -0.0027796439 -0.0063884522 -0.011546619 -0.016704785 -0.021862951 -0.027087707 -0.034572097 -0.037203307 -0.037316114 -0.036891304 -0.036466494 -0.036041683 -0.033753148 -0.028106346 -0.022459545 -0.016812744 -0.015893011 -0.022805013 -0.027596213 -0.03494772 -0.043218002 -0.051488284 -0.059758566 -0.045278169 -0.033371576 -0.025017349 -0.016663123 -0.0083088957 -0.0064698441 -0.01022073 -0.017566189
-0.020729929 -0.025584297 -0.024432149 -0.023280002 -0.022127854 -0.020975707 -0.01982356 -0.017123521 -0.013371624 -0.0096197278 -0.0058678313 -0.0021159348 0.00017858181 0.0024739929 0.0036208589 0.0047677248 0.0059145908 0.0070614567 0.0074809225 0.0038894627 0.00029800284 -0.003293457 -0.0068849168 -0.010493725 -0.015651891 -0.020810058 -0.025968224 -0.03112639 -0.036284557 -0.038153328 -0.037728517 -0.037303707 -0.036878897 -0.036454087 -0.034165551 -0.02851875 -0.022871949 -0.017225148 -0.011578347 -0.0083706572 -0.016180347 -0.024450629 -0.032720911 -0.040991192 -0.049261474 -0.041093509 -0.032739283 -0.024385056 -0.016030829 -0.007676602 -0.0089871485 -0.016332608 -0.023678067
-0.02660433 -0.026604167 -0.02545202 -0.024299872 -0.023147725 -0.021995578 -0.021457647 -0.021383855 -0.019306892 -0.015554996 -0.011803099 -0.0080512025 -0.0042993061 -0.0030659016 -0.0019190357 -0.00077216972 0.00037469623 -0.0008117334 -0.0045816024 -0.0081730622 -0.011764522 -0.015355982 -0.018870032 -0.01750436 -0.02574452 -0.030902686 -0.036060853 -0.041219019 -0.046377185 -0.047716672 -0.047291862 -0.046867052 -0.046442242 -0.043542286 -0.038722713 -0.036803984 -0.031157183 -0.025510382 -0.019863581 -0.014631684 -0.022901966 -0.031172248 -0.03944253 -0.047712811 -0.048710343 -0.041134804 -0.032780577 -0.02442635 -0.016072123 -0.0087146375 -0.011491306 -0.018836766 -0.026182225
-0.028223699 -0.028223537 -0.027071389 -0.025919242 -0.024767095 -0.02443715 -0.024249537 -0.024175745 -0.024179298 -0.022912134 -0.019160238 -0.015408341 -0.011656445 -0.01042304 -0.0092761741 -0.0081293082 -0.010296255 -0.014205548 -0.017975417 -0.021566877 -0.025158337 -0.027800003 -0.02632587 -0.024960198 -0.033280881 -0.041601564 -0.047155197 -0.052313363 -0.05747153 -0.058811016 -0.058386206 -0.057961396 -0.053973787 -0.046322514 -0.04150294 -0.041785834 -0.040759582 -0.035112781 -0.02946598 -0.024234083 -0.032504365 -0.040774647 -0.049044929 -0.049128472 -0.048864332 -0.041288793 -0.032934566 -0.024580339 -0.017422147 -0.010615205 -0.013391873 -0.020737333 -0.028082792
-0.029843069 -0.029842906 -0.028690759 -0.027604265 -0.027416652 -0.02722904 -0.027041427 -0.026967635 -0.026971188 -0.026974741 -0.026517376 -0.022765479 -0.019013583 -0.017780179 -0.016633313 -0.019780776 -0.02369007 -0.027599363 -0.031369232 -0.034960692 -0.036729974 -0.035255841 -0.033781709 -0.032416036 -0.040736719 -0.049057402 -0.057378085 -0.063407708 -0.068565874 -0.069905361 -0.069480551 -0.064405289 -0.056754015 -0.049102741 -0.044283168 -0.044566061 -0.044848955 -0.04471518 -0.039068379 -0.033836483 -0.042106765 -0.049810742 -0.049546601 -0.049282461 -0.049018321 -0.041442782 -0.033088555 -0.026129656 -0.019322714 -0.012515772 -0.01529244 -0.0226379 -0.028191416
-0.031462438 -0.031462276 -0.030583767 -0.030396155 -0.030208542 -0.03002093 -0.029833317 -0.029759525 -0.029763078 -0.029766631 -0.029770184 -0.029773738 -0.026370721 -0.025356004 -0.029265298 -0.033174591 -0.037083884 -0.040993178 -0.044763047 -0.045659945 -0.044185813 -0.04271168 -0.041237547 -0.039871875 -0.048192558 -0.05651324 -0.064833923 -0.073154606 -0.079660219 -0.080999705 -0.07483679 -0.067185516 -0.059534242 -0.051882968 -0.047063395 -0.047346289 -0.047629183 -0.047912076 -0.04819497 -0.043438882 -0.050228871 -0.049964731 -0.04970059 -0.04943645 -0.04917231 -0.041644108 -0.034837166 -0.028030223 -0.021223281 -0.014416339 -0.017193008 -0.022543114 -0.027506348
-0.033387858 -0.034685462 -0.034775058 -0.034587446 -0.034399833 -0.034212221 -0.034024608 -0.034250116 -0.034253669 -0.034257222 -0.034260775 -0.034264329 -0.034267882 -0.034904128 -0.038813421 -0.042722714 -0.046632008 -0.050541301 -0.05208904 -0.050614908 -0.049140775 -0.047666642 -0.046192509 -0.046010679 -0.05300212 -0.061322803 -0.069643485 -0.077964168 -0.086284851 -0.083680933 -0.076029659 -0.068378386 -0.060727112 -0.053075838 -0.047594465 -0.047877358 -0.048160252 -0.048443146 -0.04872604 -0.048992625 -0.048728485 -0.048464345 -0.048200205 -0.047936064 -0.047292065 -0.04352589 -0.036718948 -0.029912006 -0.023105063 -0.016298121 -0.017269664 -0.022232898 -0.027196132
-0.036358579 -0.037656183 -0.042297107 -0.043558334 -0.043370721 -0.043183109 -0.042995496 -0.043554908 -0.044546104 -0.044549657 -0.04455321 -0.044556763 -0.044560317 -0.037345577 -0.035226744 -0.039136037 -0.04304533 -0.046954624 -0.048502363 -0.04702823 -0.045554098 -0.044079965 -0.044805014 -0.047905794 -0.051019503 -0.057094118 -0.0654148 -0.073735483 -0.082056166 -0.079452248 -0.071800974 -0.064149701 -0.056498427 -0.059910355 -0.058165197 -0.042122846 -0.041009417 -0.04129231 -0.041575204 -0.04184179 -0.041577649 -0.041313509 -0.041049369 -0.040092806 -0.037455306 -0.040177635 -0.038536572 -0.031729629 -0.024922687 -0.018115745 -0.018761948 -0.023202974 -0.028166208
-0.0393293 -0.040626903 -0.045267828 -0.049908752 -0.052341609 -0.052153996 -0.051966384 -0.052525796 -0.053592842 -0.054659889 -0.054845645 -0.054849198 -0.054852752 -0.047638012 -0.040175243 -0.03554936 -0.039458653 -0.043367946 -0.044915686 -0.043441553 -0.04196742 -0.043599494 -0.046700129 -0.049800909 -0.052914618 -0.056028327 -0.061186115 -0.069506798 -0.077827481 -0.075223563 -0.067572289 -0.059921015 -0.065769948 -0.071959259 -0.070214102 -0.05417175 -0.038129399 -0.034141475 -0.034424368 -0.034690954 -0.034426814 -0.034162673 -0.032893548 -0.030256047 -0.027618546 -0.030340876 -0.033634046 -0.033547253 -0.026740311 -0.019933368 -0.020579572 -0.02477891 -0.029136285
-0.04230002 -0.043597624 -0.048238549 -0.052879473 -0.057520397 -0.061124884 -0.060937272 -0.061496684 -0.06256373 -0.063630777 -0.064697824 -0.065141633 -0.065145186 -0.057930447 -0.050467678 -0.043004909 -0.035871976 -0.039781269 -0.041329009 -0.039854876 -0.042393974 -0.045494609 -0.048595244 -0.051696024 -0.054809733 -0.057923442 -0.061037152 -0.065278113 -0.073598796 -0.070994878 -0.065440229 -0.071629541 -0.077818852 -0.084008164 -0.082263006 -0.066220655 -0.050178303 -0.034135952 -0.027273533 -0.027540118 -0.027275978 -0.025694289 -0.023056788 -0.020419288 -0.017781787 -0.020504117 -0.023797286 -0.027090456 -0.028557934 -0.021750992 -0.022397196 -0.026596534 -0.030795872
-0.042736158 -0.046568345 -0.051209269 -0.055850194 -0.060491118 -0.065132042 -0.069772967 -0.070467572 -0.071534618 -0.072601665 -0.073668711 -0.074735758 -0.075437621 -0.068222882 -0.060760113 -0.053297344 -0.045834575 -0.038371806 -0.038087819 -0.041188454 -0.044289089 -0.047389724 -0.050490359 -0.053591139 -0.056704848 -0.059818557 -0.062932267 -0.066045976 -0.069370111 -0.071299822 -0.077489134 -0.083678445 -0.089867757 -0.096057068 -0.09431191 -0.078269559 -0.062227207 -0.046184856 -0.030142505 -0.020389282 -0.018495031 -0.01585753 -0.013220029 -0.010582528 -0.0079450274 -0.010667357 -0.013960527 -0.017253696 -0.020546866 -0.023568616 -0.024214819 -0.028414158 -0.032613496
-0.042408125 -0.047046649 -0.047148833 -0.051789758 -0.056430682 -0.061071606 -0.065712531 -0.062812442 -0.061418894 -0.06248594 -0.063552987 -0.064620033 -0.06568708 -0.070479885 -0.063017116 -0.055554347 -0.048091578 -0.040628809 -0.037799901 -0.040900536 -0.044001171 -0.047101806 -0.050202441 -0.049613312 -0.055384036 -0.058497746 -0.061611455 -0.064725164 -0.067838873 -0.073056253 -0.079245564 -0.085434876 -0.091624187 -0.096166938 -0.090977763 -0.078246544 -0.062204192 -0.046161841 -0.03011949 -0.014476772 -0.011839271 -0.00920177 -0.0065642691 -0.0039267683 -0.0059562785 -0.007722507 -0.011015676 -0.014308846 -0.017602015 -0.020895185 -0.024180135 -0.028291239 -0.032490578
-0.044074961 -0.048713485 -0.046285003 -0.044671817 -0.049312741 -0.053953666 -0.05859459 -0.055694502 -0.047669977 -0.044070386 -0.045137432 -0.046204479 -0.047271525 -0.053699873 -0.060312442 -0.054317135 -0.046854366 -0.039391597 -0.03656269 -0.039663325 -0.04276396 -0.045666232 -0.044304856 -0.043029421 -0.049429167 -0.055778485 -0.058892194 -0.062005904 -0.065119613 -0.070336992 -0.076526304 -0.082715615 -0.085616223 -0.082479236 -0.077290061 -0.068403027 -0.056931693 -0.040889341 -0.02484699 -0.0092042721 -0.0065667713 -0.0039292705 -0.0012917696 -0.0042088706 -0.0083110427 -0.0098785879 -0.011176187 -0.014360948 -0.017654118 -0.020947287 -0.024232237 -0.027513269 -0.031523813
-0.045741797 -0.050380321 -0.047951839 -0.045523358 -0.043094876 -0.046835725 -0.05147665 -0.048576561 -0.040552037 -0.032527512 -0.026721878 -0.027788924 -0.028855971 -0.035284318 -0.041896887 -0.048509456 -0.045617155 -0.038154386 -0.035325478 -0.038426113 -0.040443717 -0.039082341 -0.037720965 -0.03644553 -0.042845276 -0.049245021 -0.055644767 -0.059286643 -0.062400353 -0.067617732 -0.073807043 -0.075065507 -0.071928521 -0.068791534 -0.063602359 -0.054715325 -0.045828292 -0.035616842 -0.019574491 -0.0039317726 -0.0012942718 0.0013432291 -0.0024614627 -0.0065636348 -0.010665807 -0.012233352 -0.013530951 -0.01482855 -0.01770622 -0.02099939 -0.02428434 -0.027565371 -0.030846403
-0.047408633 -0.052047156 -0.049618675 -0.047190193 -0.044761712 -0.04233323 -0.044358709 -0.041458621 -0.033434096 -0.025409572 -0.017385047 -0.0093733696 -0.010440416 -0.016868764 -0.023481332 -0.030093901 -0.03670647 -0.036917174 -0.034088267 -0.035221201 -0.033859826 -0.03249845 -0.031137074 -0.029861639 -0.036261385 -0.04266113 -0.049060876 -0.055460621 -0.059681092 -0.064898472 -0.064514792 -0.061377805 -0.058240819 -0.055103832 -0.049914657 -0.041027623 -0.03214059 -0.023253556 -0.014301991 0.0013407269 0.0033881174 -0.00071405475 -0.0048162269 -0.0089183991 -0.013020571 -0.014588116 -0.015885716 -0.017183315 -0.018480914 -0.021051492 -0.024336442 -0.027617474 -0.030898505
-0.051870292 -0.053019431 -0.05059095 -0.048162468 -0.045733987 -0.043305505 -0.040877024 -0.037951591 -0.029927067 -0.021902542 -0.013878017 -0.005853493 0.0021710316 -0.0039552963 -0.010567865 -0.017180433 -0.023793002 -0.030405571 -0.030610206 -0.02924883 -0.027887454 -0.026526079 -0.025164703 -0.025303656 -0.029431179 -0.035830924 -0.04223067 -0.048630415 -0.055030161 -0.054906911 -0.051769925 -0.048632938 -0.045495952 -0.042358965 -0.038385622 -0.029498589 -0.020611555 -0.011724522 -0.0028374879 0.0056623036 0.0015601314 -0.0025420407 -0.0066442129 -0.010746385 -0.015395215 -0.017527385 -0.018824984 -0.020122583 -0.021420182 -0.022717781 -0.025441916 -0.028722948 -0.032003979
-0.053560008 -0.05053706 -0.048108579 -0.045680097 -0.043251616 -0.040785989 -0.037551094 -0.040059041 -0.044380188 -0.036355664 -0.028331139 -0.020306615 -0.01228209 -0.018408418 -0.025020987 -0.031633555 -0.038246124 -0.032560243 -0.027679445 -0.026318069 -0.024956694 -0.023595318 -0.025401204 -0.031631229 -0.025801401 -0.027775582 -0.034175327 -0.040575073 -0.046974818 -0.046851569 -0.043714582 -0.040577596 -0.037440609 -0.03264954 -0.029015874 -0.028570978 -0.019819422 -0.010932388 -0.0020453546 0.0064544369 0.0023522647 -0.0017499074 -0.0058520796 -0.011273454 -0.021241725 -0.023373894 -0.024671493 -0.025969092 -0.027277148 -0.029006579 -0.03178671 -0.035067742 -0.038348773
-0.051077637 -0.048054689 -0.045626208 -0.043197726 -0.040536426 -0.03730153 -0.034066634 -0.036574582 -0.042985034 -0.049395486 -0.042784261 -0.034759736 -0.026735212 -0.03286154 -0.039474108 -0.044891844 -0.037260663 -0.029629482 -0.024748684 -0.023387308 -0.022025933 -0.025363715 -0.031728777 -0.037958803 -0.032128975 -0.026299147 -0.026119985 -0.03251973 -0.038919476 -0.038796226 -0.03565924 -0.032522253 -0.027332134 -0.021928806 -0.01829514 -0.017850243 -0.017405347 -0.010140255 -0.0012532213 0.0072465702 0.0031443981 -0.00095777408 -0.0071516927 -0.017119963 -0.027088234 -0.029220403 -0.030518002 -0.031892511 -0.033621942 -0.035351372 -0.038131504 -0.041412535 -0.044447436
