P2_models/J1_p2_vp_slide_diff2_340.dat.tif
NCOLS 118
NROWS 92
XLLCORNER 139.62
YLLCORNER -39.07
DX 0.099491525
DY 0.099347826
NODATA_VALUE -9999
[rows 69 to 91 of 92, columns 53 to 105 of 118]
-0.035214553 -0.031163067 -0.022175252 -0.015418639 -0.010629898 -0.0058411579 -0.0010524176 0.0042267228 0.0098391108 0.015451499 0.021063887 0.010897734 -0.0074168791 0.013654788 0.027614792 0.022225608 0.016836423 0.011447239 0.0043875633 -0.0048096913 -0.0063627015 -0.0060811773 -0.0057996532 -0.005589487 -0.011752142 -0.017914798 -0.024077453 -0.027856379 -0.025683522 -0.023202125 -0.020939051 -0.022716007 -0.024492964 -0.02626992 -0.027750079 -0.028695436 -0.029640793 -0.03058615 -0.028274007 -0.024383299 -0.030901359 -0.032130817 -0.027817762 -0.023504707 -0.019191652 -0.018830633 -0.019408963 -0.021030483 -0.022652004 -0.024273524 -0.02773944 -0.031506564 -0.032366569
-0.028231064 -0.024179577 -0.018441858 -0.013653117 -0.008864377 -0.0040756367 0.00071310363 0.0059922441 0.011604632 0.01721702 0.022829408 0.028441796 0.024081459 0.030556267 0.025167083 0.019777898 0.014388713 0.0089995289 0.0019846463 0.0022661705 0.0025476946 0.0028292188 0.003110743 0.0033209091 -0.0028417461 -0.0090044014 -0.015167057 -0.021329712 -0.026576328 -0.025230702 -0.027007658 -0.028784614 -0.03056157 -0.032338526 -0.033818685 -0.034764043 -0.0357094 -0.036654757 -0.037600114 -0.036515655 -0.036318694 -0.032005639 -0.027692584 -0.023379529 -0.019066473 -0.019464213 -0.021085733 -0.022707254 -0.024328774 -0.025950295 -0.028456492 -0.029316497 -0.030176501
-0.021469089 -0.019579034 -0.017986976 -0.013198235 -0.0084094952 -0.0036207549 0.0011679855 -0.0029746706 -0.00076835838 0.0048440296 0.010456418 0.016068806 0.021681194 0.03012596 0.024736775 0.01934759 0.013958406 0.0085692213 0.0056676134 0.0059491376 0.0062306617 0.0065121859 0.0067937101 0.004715597 0.0056689737 -0.0004936816 -0.0066563369 -0.012818992 -0.018981647 -0.022144544 -0.0239215 -0.025698457 -0.027475413 -0.029552111 -0.033687872 -0.035900747 -0.036846104 -0.037791461 -0.038736818 -0.039525408 -0.035212353 -0.030899298 -0.026586243 -0.022273188 -0.0188262 -0.015011674 -0.016633195 -0.018254715 -0.019876236 -0.021497756 -0.027476815 -0.028672294 -0.029532299
-0.01483288 -0.012942825 -0.013603378 -0.013487473 -0.0086987328 -0.0039099925 0.0008787478 -0.0032639082 -0.013475825 -0.015556143 -0.0099437553 -0.0043313673 0.0012810208 0.012611974 0.024139424 0.020062669 0.014673484 0.0092842999 0.006382692 0.0066642161 0.0069457403 0.0071713601 0.0043922302 0.0016798436 0.004928148 0.0077901208 0.0016274655 -0.0045351898 -0.010697845 -0.013860742 -0.015637698 -0.017414654 -0.019981131 -0.024173103 -0.028308865 -0.03234334 -0.035182705 -0.036128062 -0.037073419 -0.03786201 -0.033548955 -0.029235899 -0.024922844 -0.02168821 -0.018724143 -0.013907635 -0.0088938359 -0.010322243 -0.011943763 -0.013565284 -0.019544342 -0.027600768 -0.029765767
-0.0081966707 -0.0063066164 -0.006967169 -0.0076277217 -0.0082882744 -0.0041992302 0.00058951016 -0.0035531459 -0.013765063 -0.023976979 -0.030343928 -0.02473154 -0.019119152 -0.0077881992 0.0037392507 0.015266701 0.015388563 0.0099993784 0.0070977705 0.0073792947 0.0069147366 0.0041356067 0.0013564767 -0.0013559099 0.0018923945 0.005140699 0.0083890034 0.0037486126 -0.0024140426 -0.0055769395 -0.0073538957 -0.010410151 -0.014602124 -0.018794096 -0.022929857 -0.026964333 -0.030998808 -0.034464664 -0.035410021 -0.036198611 -0.031885556 -0.027572501 -0.02455022 -0.021586152 -0.018622085 -0.013805577 -0.0087917786 -0.0037779797 -0.0040112909 -0.0056328115 -0.01161187 -0.019668296 -0.027724722
-0.0015604617 0.00032959261 -0.00033096005 -0.00099151272 -0.0016520654 -0.002312618 0.00030027251 -0.0038423835 -0.0140543 -0.024266217 -0.034478134 -0.044690051 -0.039519325 -0.028188372 -0.016660922 -0.0051334723 0.0063939776 0.010714457 0.0078128491 0.0066581131 0.0038789832 0.0010998532 -0.0016792767 -0.0043916634 -0.0011433589 0.0021049455 0.00535325 0.0086015544 0.0058697597 0.0027068629 -0.00083917189 -0.0050311441 -0.0092231162 -0.013415088 -0.01755085 -0.021585325 -0.0256198 -0.029654276 -0.033688751 -0.034535212 -0.030376297 -0.027412229 -0.024448162 -0.021484095 -0.018520028 -0.01370352 -0.0086897213 -0.0036759224 0.0013378765 0.0022996609 -0.0036793977 -0.011735823 -0.019792249
-0.00446475 0.0068197109 0.0064111294 0.0057505767 0.005090024 0.0044294714 0.0037689187 -0.0010765648 -0.011288482 -0.021500398 -0.031712315 -0.041924232 -0.052136149 -0.046113425 -0.034585975 -0.023058525 -0.011531075 -3.625046e-06 0.0052479402 0.0024688102 -0.0003103197 -0.0030894496 -0.0058685796 -0.010083567 -0.0036507954 -0.00040249098 0.0028458135 0.0060941179 0.0093424224 0.007501679 0.0033097068 -0.00088226536 -0.0050742375 -0.0092662097 -0.012772728 -0.016807203 -0.020841679 -0.024876154 -0.028910629 -0.03273646 -0.029772392 -0.026808325 -0.023844258 -0.020880191 -0.020089556 -0.012355905 -0.0073421062 -0.0023283073 0.0026854916 0.0076992905 0.0048717485 -0.0031846772 -0.011241103
-0.0050271942 0.0062572668 0.011659657 0.01289346 0.012232907 0.011572354 0.010911802 0.0079315802 0.0030417649 -0.0071701518 -0.017382069 -0.027593985 -0.037805902 -0.044726915 -0.043141855 -0.031614405 -0.020086955 -0.008559505 -0.0033079398 -0.0060870697 -0.0088661996 -0.01164533 -0.017597448 -0.02653218 -0.010030666 -0.00091006806 0.0023382364 0.0055865408 0.0088348453 0.0069941019 0.0028021297 -0.0013898424 -0.0055818146 -0.01176204 -0.015705931 -0.01478554 -0.018338113 -0.022372589 -0.026407064 -0.030232894 -0.027268827 -0.02430476 -0.021340693 -0.022899641 -0.034861449 -0.015526299 -0.0012796309 0.003734168 0.0087479669 0.013761766 0.012807525 0.0077083603 -0.00034806544
-0.0055896384 0.0056948226 0.011097212 0.016499602 0.01937579 0.018715237 0.018054685 0.015074463 0.010517929 0.0059613947 -0.0030518221 -0.013263739 -0.023475656 -0.030396669 -0.037204603 -0.040170285 -0.028642835 -0.017115385 -0.01186382 -0.01464295 -0.01742208 -0.024826513 -0.034046061 -0.042980793 -0.026479279 -0.0099777646 0.0018306593 0.0050789638 0.0083272682 0.0064865248 0.0022945527 -0.0019314038 -0.0085748096 -0.015218215 -0.019162106 -0.018241716 -0.017321325 -0.019869023 -0.023903499 -0.027729329 -0.024765262 -0.021801195 -0.025709726 -0.037671534 -0.049633342 -0.030298192 -0.0076298132 0.0097966433 0.014810442 0.019824241 0.01887 0.015070618 0.010544972
-0.0061520825 0.0051323784 0.010534768 0.015937158 0.021339548 0.02585812 0.025197567 0.022217346 0.017660812 0.013104278 0.0085477434 0.0010665077 -0.0091454091 -0.016066422 -0.022874356 -0.02968229 -0.036490224 -0.025671265 -0.0204197 -0.02319883 -0.032055578 -0.041275126 -0.050494674 -0.059429406 -0.042927892 -0.026426378 -0.0099248635 0.0045713867 0.0078196911 0.0059789478 0.0012558266 -0.0053875792 -0.012030985 -0.018674391 -0.022618282 -0.021697891 -0.020777501 -0.01985711 -0.021399933 -0.025225764 -0.022261697 -0.028519812 -0.040481619 -0.052443427 -0.064405234 -0.045070085 -0.022401706 0.00026667277 0.020872918 0.025886716 0.024932475 0.021133093 0.01733371
-0.0054184712 0.0045699343 0.0099723241 0.015374714 0.020777104 0.026179494 0.031581883 0.029360229 0.024803695 0.020247161 0.015690626 0.011134092 0.0051848375 -0.0017361758 -0.0085441095 -0.015352043 -0.022159977 -0.028967911 -0.030065095 -0.039284643 -0.048504191 -0.057723739 -0.066943287 -0.075878019 -0.059376505 -0.042874991 -0.026373477 -0.0098719624 0.0066295518 0.004443057 -0.0022003488 -0.0088437546 -0.01548716 -0.022130566 -0.026074457 -0.025154067 -0.024233676 -0.023313286 -0.022392895 -0.022722199 -0.031329897 -0.043291704 -0.055253512 -0.06721532 -0.079177127 -0.059841978 -0.037173599 -0.01450522 0.0081631587 0.030831537 0.03099495 0.027195568 0.023396186
-0.011491109 -0.0024269347 0.0022886007 0.0076909905 0.01309338 0.01849577 0.02389816 0.027775507 0.026318992 0.021762458 0.017205924 0.01264939 0.0080928554 0.0062248227 -0.00043433165 -0.0072422654 -0.014050199 -0.020858133 -0.028723972 -0.03794352 -0.047163068 -0.056382616 -0.065602164 -0.070739759 -0.06630247 -0.049800955 -0.033299441 -0.016797927 -0.00029641269 0.00037429166 -0.0062691142 -0.01291252 -0.019555926 -0.025077929 -0.026870664 -0.026159419 -0.025239029 -0.024318638 -0.023398248 -0.022861909 -0.034823717 -0.046785524 -0.058747332 -0.070709139 -0.074218103 -0.068889467 -0.046855523 -0.024187145 -0.0015187659 0.021149613 0.020568802 0.014971509 0.011172126
-0.02005235 -0.010988176 -0.0064547379 -0.0019212999 0.0034021155 0.0088045053 0.014206895 0.018084242 0.020925258 0.021691297 0.017134763 0.012578229 0.0080216946 0.006153662 0.0043780096 -0.00088608389 -0.0076940176 -0.014501951 -0.022367791 -0.031587339 -0.040806887 -0.049047009 -0.054241019 -0.059335553 -0.055546052 -0.051756551 -0.0375409 -0.021039386 -0.0045378717 -0.0038671674 -0.010510573 -0.017153979 -0.02185963 -0.024965642 -0.026758378 -0.026184706 -0.025553476 -0.024633086 -0.023712695 -0.023176357 -0.035138164 -0.047099972 -0.058939576 -0.060688091 -0.062436606 -0.05710797 -0.051025594 -0.032434169 -0.0097657907 0.012902588 0.012321777 0.00065739101 -0.006207043
-0.028613591 -0.019549417 -0.015015979 -0.010482541 -0.0059491031 -0.00088675963 0.0045156302 0.0083929772 0.011233993 0.014075009 0.016916025 0.012507068 0.0079505338 0.0060825012 0.0043068488 0.0025311964 -0.0013378361 -0.0081457699 -0.016011609 -0.025231157 -0.032448792 -0.037642802 -0.042836813 -0.047931346 -0.044141845 -0.040352345 -0.036562844 -0.025280845 -0.0087793308 -0.0081086264 -0.014752032 -0.018641331 -0.021747343 -0.024853356 -0.026646091 -0.02607242 -0.025498748 -0.024925076 -0.024027143 -0.023490804 -0.035452612 -0.045409565 -0.047158079 -0.048906594 -0.050655109 -0.045326473 -0.039244097 -0.03316172 -0.018012815 0.0046555633 0.0040747527 -0.0075896338 -0.01925402
-0.036431993 -0.028110658 -0.02357722 -0.019043782 -0.014510344 -0.0099769063 -0.0051756347 -0.0012982877 0.0015427283 0.0043837444 0.0072247604 0.010065776 0.007879373 0.0060113404 0.004235688 0.0024600357 0.00068438326 -0.0017895884 -0.0096554279 -0.015850575 -0.021044586 -0.026238596 -0.031432606 -0.03652714 -0.032737639 -0.028948138 -0.025158638 -0.021369137 -0.01302079 -0.012317019 -0.015423032 -0.018529045 -0.021635057 -0.02474107 -0.026533805 -0.025960133 -0.025386462 -0.02481279 -0.024239118 -0.023805251 -0.031879553 -0.033628068 -0.035376582 -0.037125097 -0.038873612 -0.033544976 -0.0274626 -0.021380223 -0.015297847 -0.0035914615 -0.0041722721 -0.015836659 -0.027501045
-0.027673976 -0.029819189 -0.025285752 -0.020752314 -0.016218876 -0.011685438 -0.0085036171 -0.0077182293 -0.0048772133 -0.0020361972 0.00080481881 0.0036458348 0.0064868509 0.0048645631 0.0030889107 0.0013132584 -0.00046239404 -0.002384053 -0.010847469 -0.01604148 -0.02123549 -0.0264295 -0.031623511 -0.02730561 -0.020685537 -0.016896036 -0.013106535 -0.0093170342 -0.0055275334 -0.0064544699 -0.0095604827 -0.012666495 -0.015772508 -0.018878521 -0.0248898 -0.02573113 -0.025157458 -0.024583786 -0.024010114 -0.023505673 -0.025254188 -0.027002702 -0.028751217 -0.030499732 -0.031130288 -0.025556481 -0.019474105 -0.013391729 -0.0073093524 -0.0015037843 -0.0078400706 -0.019504457 -0.031168844
-0.020402267 -0.023214869 -0.018681431 -0.014147994 -0.0096145556 -0.0086515525 -0.011503228 -0.010714561 -0.0074521276 -0.0044877781 -0.0016467621 0.001194254 0.00403527 0.0024129822 0.00063732985 -0.0011383225 -0.0056222819 -0.016640697 -0.025104113 -0.030298124 -0.035492134 -0.040686145 -0.032148943 -0.020859091 -0.011876508 -0.0040579862 -0.00026848545 0.0035210154 0.0073105162 0.0063835796 0.0032775668 0.00017155405 -0.0033698973 -0.0095036437 -0.015778218 -0.022306552 -0.024786868 -0.024213196 -0.023639524 -0.023135082 -0.024883597 -0.026632112 -0.028380627 -0.028541653 -0.02774299 -0.022169182 -0.016086806 -0.01000443 -0.0044567091 0.00038336233 -0.005952924 -0.01761731 -0.029281697
-0.013797947 -0.016610549 -0.012077111 -0.0075436735 -0.0087994879 -0.011651164 -0.01450284 -0.013714172 -0.010451739 -0.0071893051 -0.004098343 -0.0012573269 0.0015836891 -3.8598653e-05 -0.001814251 -0.0088605109 -0.019878926 -0.030897341 -0.039360758 -0.044554768 -0.048333799 -0.037018112 -0.025702425 -0.014412573 -0.0054299895 0.0035525935 0.012535176 0.016359065 0.020148566 0.019221629 0.016115616 0.011875431 0.0057416846 -0.00039206175 -0.0066666361 -0.01319497 -0.019723303 -0.023842605 -0.023268933 -0.022764492 -0.024513007 -0.026261521 -0.025953017 -0.025154354 -0.024355691 -0.018781883 -0.012699507 -0.0074096338 -0.0025695624 0.0022705089 -0.0040657774 -0.015730164 -0.02618975
-0.007193627 -0.010006229 -0.0060957474 -0.0089474232 -0.011799099 -0.014650775 -0.017502451 -0.016713784 -0.01345135 -0.010188916 -0.0069264826 -0.0037089078 -0.00086789178 -0.0024901795 -0.01209874 -0.023117155 -0.03413557 -0.045153985 -0.053617402 -0.053202967 -0.04188728 -0.030571593 -0.019255906 -0.0079660538 0.0010165292 0.0099991122 0.018981695 0.027964278 0.032986615 0.032059679 0.027120759 0.020987013 0.014853267 0.0087195201 0.0024449458 -0.0040833878 -0.010611721 -0.017140055 -0.022898343 -0.022393901 -0.024142416 -0.023364382 -0.022565719 -0.021767055 -0.020968392 -0.015394584 -0.010362559 -0.0055224872 -0.00068241583 0.0041576556 -0.0021786308 -0.012248836 -0.021496374
-0.00073901194 -0.0066862566 -0.0095379324 -0.012389608 -0.015241284 -0.01809296 -0.020944636 -0.01886878 -0.015606346 -0.012343912 -0.0090814788 -0.0058190451 -0.0025566113 -0.01229211 -0.023310525 -0.03432894 -0.045347355 -0.056365771 -0.057586858 -0.046271171 -0.034955484 -0.023639797 -0.01232411 -0.0025748547 0.0044862291 0.013468812 0.022451395 0.031433978 0.040416561 0.039059781 0.032926034 0.026792288 0.020658542 0.014524795 0.011527364 0.0049990301 -0.0015293035 -0.008057637 -0.014585971 -0.020895867 -0.020097204 -0.019298541 -0.018499877 -0.017701214 -0.01773 -0.013676449 -0.0088363779 -0.0039963065 0.00084376491 0.0056838363 1.2205198e-06 -0.0092463178 -0.018493856
0.0046544198 -0.0018750875 -0.01393346 -0.018968976 -0.021820652 -0.024672328 -0.027524003 -0.021968533 -0.011774293 -0.0085118589 -0.0052494252 -0.0019869915 0.0012754422 -0.0043184625 -0.012938843 -0.023957258 -0.034975673 -0.045994089 -0.047215176 -0.035899489 -0.024583802 -0.013268115 -0.0057184354 -0.0034444947 -0.0080807998 -0.0041626545 0.0048199285 0.013802511 0.022785094 0.021428314 0.015294568 0.0091608213 0.0030270749 0.0058794704 0.010767617 0.013630158 0.0073463851 0.00081805158 -0.005710282 -0.012020179 -0.011221515 -0.010422852 -0.0096241886 -0.01269318 -0.02838748 -0.018320464 -0.0098689021 -0.0050288307 -0.00018875935 0.004651312 -0.0046852235 -0.018229441 -0.027476979
0.010047852 0.0035183443 -0.0085400286 -0.020598401 -0.028400019 -0.031251695 -0.034103371 -0.0285479 -0.017279419 -0.006010938 -0.0014173716 0.0018450621 0.0051074958 -0.00048640887 -0.0063846283 -0.013585576 -0.024603991 -0.035622407 -0.036843494 -0.025527807 -0.01421212 -0.0089393918 -0.0065880754 -0.0043141347 -0.0089504398 -0.013586745 -0.012811538 -0.0038289552 0.0051536278 0.0037968475 -0.0023368989 -0.0084706453 -0.0028152125 0.0031970791 0.0080852261 0.010947766 0.013810306 0.0096937402 0.0031654066 -0.0031444901 -0.0023458267 -0.0015471634 -0.0076563596 -0.02335066 -0.03904496 -0.028977944 -0.016167262 -0.006061355 -0.0012212836 0.0036187878 -0.0057177477 -0.021812691 -0.036460102
0.015441283 0.008911776 -0.0031465968 -0.01520497 -0.027263343 -0.037831063 -0.040682738 -0.035127268 -0.023858787 -0.012590305 -0.0013218243 0.0056771157 0.0089395494 0.0033456447 -0.0025525747 -0.0084507941 -0.014349014 -0.025250725 -0.026471812 -0.015156125 -0.012160348 -0.0098090318 -0.0074577155 -0.0051837748 -0.0098200799 -0.014456385 -0.01909269 -0.021460422 -0.012477839 -0.013834619 -0.017522187 -0.011509895 -0.0054976038 0.00051468782 0.0054028348 0.0082653749 0.011127915 0.013990455 0.012041095 0.0057311985 0.0065298619 -0.0026195394 -0.01831384 -0.03400814 -0.049702441 -0.039635424 -0.026824742 -0.01401406 -0.0022538079 0.0025862635 -0.006750272 -0.022845215 -0.038940158
