P2_models/J1_p2_vp_slide_diff2_320.dat.tif
NCOLS 118
NROWS 92
XLLCORNER 139.62
YLLCORNER -39.07
DX 0.099491525
DY 0.099347826
NODATA_VALUE -9999
[rows 24 to 47 of 92, columns 0 to 53 of 118]
-9999 0.014381066 0.01535804 0.016335014 0.017311988 0.018288963 0.019265937 0.020267348 0.022293876 0.024320405 0.026346933 0.028373461 0.030399989 0.029729429 0.023657793 0.017586156 0.01151452 0.0054428841 -0.00062875211 -0.0026072885 0.0034689906 0.0095452697 0.015621549 0.021697828 0.027774107 0.029993003 0.021873146 0.013753288 0.0056334306 -0.0024864269 -0.010606284 -0.019243568 -0.029433861 -0.039624154 -0.049814447 -0.06000474 -0.070195033 -0.074747689 -0.066218349 -0.057689009 -0.049159669 -0.040630329 -0.032100989 -0.029592195 -0.031411493 -0.033230792 -0.03505009 -0.036869389 -0.038642263 -0.039676504 -0.04439791 -0.049119316 -0.053840722 -0.058562128
-9999 0.010270048 0.011247022 0.012223996 0.01320097 0.014177944 0.018429807 0.021270638 0.020875875 0.022902403 0.024928931 0.026955459 0.028981987 0.025149684 0.012084491 0.0060128546 -5.8781593e-05 -0.0061304178 -0.012202054 -0.014600343 -0.0085240635 -0.0024477844 0.0036284947 0.0097047738 0.012212675 0.013460056 0.024403779 0.016283922 0.0081640643 4.4206761e-05 -0.0080756508 -0.016902701 -0.027092994 -0.037283287 -0.04747358 -0.057663873 -0.068051911 -0.079365286 -0.083811459 -0.075282119 -0.066752779 -0.05822344 -0.0496941 -0.038843586 -0.0344332 -0.036252498 -0.038071797 -0.039891096 -0.041710394 -0.054415546 -0.060575046 -0.065296452 -0.070017858 -0.074739264
-9999 0.0056873651 0.0066643393 0.0076413134 0.0086182876 0.01462692 0.021538972 0.024379802 0.02252192 0.02097738 0.023003908 0.025030437 0.027056965 0.023224661 0.0076597094 -0.0079052423 -0.014085426 -0.020157063 -0.026228699 -0.028626987 -0.022550708 -0.016474429 -0.01039815 -0.010761568 -0.015135879 -0.013888498 0.002426426 0.01874135 0.011444656 0.0033247988 -0.0047950587 -0.013622109 -0.023812402 -0.034002695 -0.044192988 -0.054689223 -0.065306317 -0.076619693 -0.088929196 -0.098215402 -0.089686062 -0.081156723 -0.072627383 -0.061776869 -0.049257693 -0.041821684 -0.043640983 -0.045460281 -0.04727958 -0.059984732 -0.074571255 -0.082602843 -0.087324249 -0.092045655
-9999 0.0011046824 0.0020816566 0.0039119816 0.010824033 0.017736084 0.024648136 0.027488966 0.025631084 0.023773202 0.02191532 0.023105414 0.025131942 0.021299638 0.0057346867 -0.009830265 -0.025395217 -0.034183707 -0.040255343 -0.042653632 -0.036577353 -0.030501074 -0.033735811 -0.038110122 -0.042484433 -0.041237052 -0.024922128 -0.0086072042 0.0077077196 0.0066053908 -0.0015144667 -0.010341517 -0.02053181 -0.030722103 -0.041326534 -0.051943629 -0.062560724 -0.073874099 -0.086183602 -0.098493106 -0.11080261 -0.10409001 -0.095560666 -0.084710152 -0.072190977 -0.059671801 -0.049210168 -0.051029467 -0.052848765 -0.065553917 -0.080140441 -0.094726965 -0.10463064 -0.10935205
-9999 -0.0034780003 0.00010909439 0.0070211458 0.013933197 0.020845249 0.0277573 0.03059813 0.028740248 0.026882366 0.025024484 0.023166603 0.023206919 0.019374616 0.0038096641 -0.011755288 -0.027320239 -0.042885191 -0.054281988 -0.056680277 -0.052335744 -0.056710055 -0.061084365 -0.065458676 -0.069832987 -0.068585606 -0.052270682 -0.035955758 -0.019640834 -0.0033259106 0.0017661254 -0.0070609252 -0.017346751 -0.027963846 -0.038580941 -0.049198036 -0.059815131 -0.071128506 -0.083438009 -0.095747512 -0.10805702 -0.12036652 -0.11849395 -0.10764344 -0.09512426 -0.082605084 -0.070085908 -0.057566732 -0.058417951 -0.071123103 -0.085709626 -0.10029615 -0.11488267 -0.12665844
-9999 -0.0059698083 0.0009422431 0.0078542945 0.014766346 0.021678397 0.028590449 0.030995647 0.029137765 0.027279883 0.025422001 0.023564119 0.021706237 0.017663391 0.0020984393 -0.013466512 -0.029031464 -0.044596416 -0.060161368 -0.072342437 -0.076716748 -0.081091059 -0.085465369 -0.08983968 -0.094213991 -0.096321735 -0.080006811 -0.063691887 -0.047376963 -0.031062039 -0.014747115 -0.0076312881 -0.018248383 -0.028865478 -0.039482573 -0.050099667 -0.060716762 -0.069031289 -0.081340792 -0.093650296 -0.1059598 -0.1182693 -0.13057881 -0.12782015 -0.11530097 -0.1027818 -0.090262623 -0.077743447 -0.065224271 -0.074501536 -0.089088059 -0.10367458 -0.11826111 -0.13284763
-9999 -0.023873555 -0.016961503 -0.010049452 -0.0031374006 0.0037746508 0.0047480027 0.0056763802 0.0072121225 0.0053542406 0.0034963587 0.0016384768 -0.00021940513 -0.00090123513 0.00077204651 -0.013417684 -0.028982636 -0.044547587 -0.060112539 -0.072293609 -0.076667919 -0.08104223 -0.085416541 -0.089790852 -0.090120648 -0.092917523 -0.10732221 -0.094618654 -0.07830373 -0.061988806 -0.045673882 -0.038558055 -0.04917515 -0.059792245 -0.070409339 -0.081026434 -0.083208649 -0.083486715 -0.084581222 -0.096890726 -0.10920023 -0.12150973 -0.13381924 -0.12891861 -0.11278473 -0.10026555 -0.087746375 -0.075227199 -0.062708023 -0.064599988 -0.074431507 -0.08901803 -0.10360455 -0.11819108
-9999 -0.041777301 -0.03486525 -0.027953199 -0.022337538 -0.022019654 -0.021701771 -0.020773393 -0.019140427 -0.017507462 -0.018429284 -0.020287166 -0.022145048 -0.022826878 -0.021153596 -0.019480314 -0.028933807 -0.044498759 -0.060063711 -0.07224478 -0.076619091 -0.080993402 -0.085367713 -0.084074191 -0.082540198 -0.085337072 -0.099741759 -0.11414645 -0.1092305 -0.092915573 -0.076600649 -0.069484822 -0.080101917 -0.090719011 -0.10076514 -0.10084777 -0.1009304 -0.10120846 -0.10176613 -0.1023238 -0.11244066 -0.12475016 -0.13705967 -0.13215904 -0.11488626 -0.097749303 -0.085230127 -0.072710951 -0.060191775 -0.06208374 -0.066466342 -0.074361478 -0.088948002 -0.10353453
-9999 -0.059681048 -0.052768996 -0.049105195 -0.048787311 -0.048469428 -0.048151544 -0.047223167 -0.045590201 -0.043957235 -0.042324269 -0.042212808 -0.04407069 -0.04475252 -0.043079238 -0.041405957 -0.039732675 -0.044449931 -0.060014882 -0.072195952 -0.076570263 -0.079561728 -0.078027734 -0.076493741 -0.074959747 -0.077756622 -0.092161308 -0.10656599 -0.12097068 -0.12384234 -0.10752742 -0.10041159 -0.11102868 -0.11840426 -0.11848689 -0.11856952 -0.11865215 -0.11893021 -0.11948788 -0.12004555 -0.12060322 -0.12799059 -0.1403001 -0.13539947 -0.11812669 -0.10085391 -0.083581137 -0.070194703 -0.057675528 -0.059567493 -0.063950094 -0.068332696 -0.07429145 -0.088877973
-9999 -0.077584794 -0.075872852 -0.075554968 -0.075237085 -0.074919201 -0.074601317 -0.07367294 -0.072039974 -0.070407008 -0.068774042 -0.067141077 -0.065996333 -0.066678163 -0.065004881 -0.063331599 -0.061658318 -0.059985036 -0.059966054 -0.072147124 -0.073515271 -0.071981277 -0.070447284 -0.06891329 -0.067379297 -0.070176171 -0.084580858 -0.098985544 -0.11339023 -0.12779492 -0.13845418 -0.13133836 -0.13604338 -0.13612601 -0.13620864 -0.13629127 -0.1363739 -0.13665196 -0.13720963 -0.1377673 -0.13832497 -0.13888263 -0.14354053 -0.1386399 -0.12136712 -0.10409434 -0.086821567 -0.069548791 -0.05515928 -0.057051245 -0.061433846 -0.065816448 -0.07019905 -0.074581651
-9999 -0.087317955 -0.087000071 -0.086682188 -0.086364304 -0.086046421 -0.085728537 -0.082844717 -0.080421868 -0.078788902 -0.077155936 -0.07552297 -0.073890004 -0.082936633 -0.086354813 -0.084681532 -0.08300825 -0.081334968 -0.079661687 -0.078030524 -0.07649653 -0.074962537 -0.073428543 -0.07189455 -0.070360556 -0.06364932 -0.073174101 -0.087578788 -0.10198347 -0.11638816 -0.13079285 -0.14030559 -0.14038822 -0.14047084 -0.14055347 -0.1406361 -0.14071873 -0.14278864 -0.14359446 -0.14415213 -0.1447098 -0.14526746 -0.14582513 -0.14186534 -0.12459256 -0.10731979 -0.090047011 -0.072774235 -0.055501459 -0.061669186 -0.066051788 -0.070434389 -0.074816991 -0.079199593
-9999 -0.073174064 -0.07285618 -0.072538297 -0.072220413 -0.076714562 -0.093092335 -0.090808741 -0.066987534 -0.057371886 -0.05573892 -0.054105954 -0.052472989 -0.061519617 -0.091952748 -0.10508196 -0.10340868 -0.1017354 -0.10006211 -0.098430952 -0.096896958 -0.095362965 -0.093828971 -0.09186055 -0.083725791 -0.075452489 -0.066807856 -0.069861399 -0.084266085 -0.098670772 -0.11307546 -0.1225882 -0.12267083 -0.12275346 -0.12283608 -0.12298857 -0.12346899 -0.12558073 -0.13002629 -0.13183926 -0.13239693 -0.1329546 -0.13351226 -0.13099085 -0.12625593 -0.11052052 -0.093247739 -0.075974963 -0.058702187 -0.069140492 -0.082435972 -0.086818574 -0.091201175 -0.095583777
-9999 -0.059030173 -0.05871229 -0.058394406 -0.068300813 -0.084678586 -0.10105636 -0.098772766 -0.074951559 -0.051130352 -0.034321905 -0.032688939 -0.031055973 -0.040102602 -0.070535733 -0.10096886 -0.12380911 -0.12213582 -0.12046254 -0.11883138 -0.11729739 -0.11576339 -0.11179848 -0.10366372 -0.095528961 -0.087255659 -0.078611026 -0.069966393 -0.066548696 -0.080953383 -0.095358069 -0.10487081 -0.10495344 -0.10503607 -0.10530024 -0.10578066 -0.10626109 -0.10837282 -0.11281838 -0.11726393 -0.12008406 -0.12064173 -0.1211994 -0.11867798 -0.11394306 -0.10920814 -0.096448467 -0.079175691 -0.061902915 -0.07234122 -0.087568753 -0.10279629 -0.10758536 -0.11196796
-9999 -0.044886282 -0.044568399 -0.059887064 -0.076264837 -0.09264261 -0.10902038 -0.10673679 -0.082915583 -0.059094376 -0.035273169 -0.011451962 -0.0096389575 -0.018685586 -0.049118717 -0.079551848 -0.10998498 -0.14041811 -0.14086297 -0.13923181 -0.13769781 -0.13173641 -0.12360165 -0.11546689 -0.10733213 -0.099058829 -0.090414195 -0.081769562 -0.073124929 -0.064480296 -0.077640681 -0.087153421 -0.087236049 -0.087611902 -0.088092328 -0.088572754 -0.08905318 -0.091164916 -0.095610471 -0.10005603 -0.10450158 -0.10832886 -0.10888653 -0.10636512 -0.10163019 -0.09689527 -0.092160346 -0.082376419 -0.065103642 -0.075541948 -0.090769481 -0.10599701 -0.12122455 -0.12835215
-9999 -0.035095542 -0.051473315 -0.067851088 -0.084228861 -0.10060663 -0.11698441 -0.11470081 -0.090879607 -0.0670584 -0.043237193 -0.019415986 0.0044052212 0.0027314295 -0.027701702 -0.058134833 -0.088567964 -0.11900109 -0.14943423 -0.15963224 -0.15167434 -0.14353958 -0.13540482 -0.12727006 -0.1191353 -0.110862 -0.10221737 -0.093572732 -0.084928099 -0.076283466 -0.067638832 -0.069443142 -0.069923568 -0.070403994 -0.07088442 -0.071364846 -0.071845272 -0.073957008 -0.078402564 -0.08284812 -0.087293676 -0.091739231 -0.096184787 -0.094052251 -0.089317327 -0.084582403 -0.079847479 -0.075112555 -0.06830437 -0.078742676 -0.093970209 -0.10919774 -0.12442528 -0.13965281
-9999 -0.030735064 -0.047112837 -0.06349061 -0.079868383 -0.096246156 -0.11109227 -0.10700006 -0.083178852 -0.059357645 -0.035536438 -0.011715231 0.0082620328 0.011549394 -0.0083422396 -0.038775371 -0.069208502 -0.099641633 -0.13007476 -0.14884554 -0.14071078 -0.13257603 -0.12444127 -0.11630651 -0.10978081 -0.10862754 -0.10587763 -0.097232999 -0.088588366 -0.079943732 -0.071299099 -0.065771288 -0.066251714 -0.06673214 -0.067212566 -0.067692992 -0.07210702 -0.080502072 -0.084947628 -0.089393184 -0.093838739 -0.098284295 -0.095766642 -0.090281831 -0.086126189 -0.081391265 -0.076656341 -0.071921417 -0.067186494 -0.07947237 -0.094699903 -0.10992744 -0.12515497 -0.13907214
-9999 -0.022206269 -0.038584042 -0.054961815 -0.071339588 -0.085091394 -0.098093468 -0.094001259 -0.070180052 -0.046358845 -0.022537638 -0.0064235698 0.0054805097 0.008767871 -0.0052002417 -0.020111802 -0.050544933 -0.080978064 -0.11141119 -0.13018197 -0.12204722 -0.11391246 -0.1057777 -0.10123841 -0.09967109 -0.098517819 -0.098474312 -0.098139224 -0.08949459 -0.080849957 -0.072205324 -0.066677513 -0.067157939 -0.067638365 -0.068118791 -0.075529968 -0.086685666 -0.095080718 -0.099526273 -0.10397183 -0.10841738 -0.10244822 -0.093569975 -0.088085164 -0.085039851 -0.081285222 -0.076550298 -0.071815374 -0.067080451 -0.079366327 -0.09459386 -0.10982139 -0.12160477 -0.1269368
-9999 -0.013677474 -0.030055247 -0.046088446 -0.05909052 -0.072092594 -0.085094669 -0.08100246 -0.057181253 -0.033360046 -0.021109172 -0.0092050929 0.0026989865 0.0059863478 -0.0079817649 -0.021949878 -0.03591799 -0.062314495 -0.092747626 -0.11151841 -0.10338365 -0.095248888 -0.092696015 -0.091128692 -0.089561368 -0.088408098 -0.088364591 -0.088321085 -0.088277578 -0.081756182 -0.073111549 -0.067583738 -0.068064164 -0.06854459 -0.078952915 -0.090108613 -0.10126431 -0.10965936 -0.11410492 -0.11800805 -0.1091298 -0.10025155 -0.091373308 -0.085888497 -0.082843184 -0.079797871 -0.076444255 -0.071709331 -0.066974408 -0.079260284 -0.094487817 -0.1041374 -0.10946943 -0.11480147
-9999 -0.005148679 -0.020087572 -0.033089646 -0.046091721 -0.059093795 -0.07209587 -0.068003661 -0.047698854 -0.035794775 -0.023890696 -0.011986616 -8.2536631e-05 0.0032048247 -0.010763288 -0.024731401 -0.038699513 -0.052667626 -0.074084057 -0.092854836 -0.08572094 -0.084153617 -0.082586293 -0.08101897 -0.079451647 -0.078298376 -0.07825487 -0.078211363 -0.078167857 -0.078124351 -0.074017774 -0.068489963 -0.071220165 -0.082375863 -0.093531561 -0.10468726 -0.11584296 -0.12423801 -0.12468963 -0.11581138 -0.10693313 -0.098054888 -0.089176641 -0.083691831 -0.080646517 -0.077601204 -0.07455589 -0.071510577 -0.066868365 -0.079154241 -0.086670024 -0.092002059 -0.097334094 -0.10266613
-9999 0.0019907417 -0.011011333 -0.024013407 -0.037015482 -0.050017556 -0.063019631 -0.06416817 -0.052264091 -0.040360011 -0.028455932 -0.016551853 -0.0046477731 -0.00030691712 -0.01427503 -0.028243143 -0.042211255 -0.056179368 -0.070147481 -0.07941791 -0.077850587 -0.076283264 -0.074715941 -0.073148618 -0.071581295 -0.069623074 -0.069579568 -0.069536061 -0.069492555 -0.069449048 -0.069405542 -0.073187317 -0.084343015 -0.095498713 -0.10665441 -0.11781011 -0.12896581 -0.1329889 -0.12411066 -0.11523241 -0.10635416 -0.097475918 -0.088597672 -0.084264051 -0.081218738 -0.078173424 -0.075128111 -0.072082798 -0.069037484 -0.070229582 -0.075561617 -0.080893652 -0.086225687 -0.091557722
-9999 -0.018517186 -0.031519261 -0.044521335 -0.057523409 -0.070525484 -0.0696443 -0.069103196 -0.070282193 -0.058378114 -0.046474034 -0.034569955 -0.022665875 -0.017027378 -0.02393607 -0.037262234 -0.051230347 -0.06519846 -0.079166572 -0.088437002 -0.086869679 -0.085302356 -0.083735033 -0.082167709 -0.077407879 -0.072690164 -0.07182796 -0.071679226 -0.07163572 -0.071592213 -0.071548707 -0.075330482 -0.08648618 -0.097641879 -0.10879758 -0.11995327 -0.12975464 -0.13554892 -0.13573245 -0.1268542 -0.11797596 -0.10909771 -0.10021947 -0.099458687 -0.10267406 -0.09962875 -0.096583437 -0.093538123 -0.09049281 -0.076804284 -0.072198376 -0.077530411 -0.082862446 -0.088194481
-9999 -0.039025114 -0.052027188 -0.065029263 -0.074865692 -0.072643932 -0.070422172 -0.069881069 -0.071279659 -0.072678248 -0.064492136 -0.052588057 -0.040683978 -0.03504548 -0.041954172 -0.048862863 -0.060249438 -0.074217551 -0.088185664 -0.097456094 -0.09588877 -0.094321447 -0.092754124 -0.08673349 -0.080577286 -0.075859571 -0.074997367 -0.074135164 -0.073778885 -0.073735378 -0.073691872 -0.077473648 -0.088629346 -0.099785044 -0.110832 -0.1203191 -0.12980621 -0.1356005 -0.13611168 -0.13662286 -0.12959775 -0.1207195 -0.11184126 -0.11108048 -0.11615525 -0.12108408 -0.11803876 -0.11499345 -0.11194814 -0.09825961 -0.082731647 -0.07416717 -0.079499205 -0.08483124
-9999 -0.059533042 -0.072535116 -0.077865324 -0.075643564 -0.073421804 -0.071200045 -0.070658941 -0.072057531 -0.073456121 -0.074854711 -0.070606159 -0.05870208 -0.053063582 -0.059972274 -0.066880965 -0.073789657 -0.083236643 -0.097204755 -0.10647519 -0.10490786 -0.10221531 -0.096059101 -0.089902897 -0.083746693 -0.079028978 -0.078166775 -0.077304571 -0.076442367 -0.075878544 -0.075835037 -0.079616813 -0.090772511 -0.10139647 -0.11088357 -0.12037068 -0.12985779 -0.13565207 -0.13616325 -0.13667443 -0.13718562 -0.1323413 -0.12346305 -0.12270227 -0.12777704 -0.13285181 -0.13792657 -0.13644877 -0.13340346 -0.11971494 -0.10418697 -0.088659011 -0.076135964 -0.081467999
-9999 -0.08004097 -0.080864957 -0.078643197 -0.076421437 -0.074199677 -0.071977917 -0.071436813 -0.072835403 -0.074233993 -0.075632583 -0.077031173 -0.076720182 -0.071081685 -0.077990376 -0.084899068 -0.091807759 -0.098716451 -0.10622385 -0.11549428 -0.11154092 -0.10538471 -0.099228508 -0.093072304 -0.0869161 -0.082198385 -0.081336182 -0.080473978 -0.079611774 -0.078749571 -0.077978202 -0.081759978 -0.091960936 -0.10144804 -0.11093515 -0.12042226 -0.12990936 -0.13570365 -0.13621483 -0.13672601 -0.13723719 -0.13774837 -0.13508484 -0.13432407 -0.13939883 -0.1444736 -0.14954836 -0.15462313 -0.15485879 -0.14117026 -0.1256423 -0.11011434 -0.094586374 -0.079058412
