P2_models/J1_p2_tot_conduct_slide_46.19.dat.tif
NCOLS 118
NROWS 92
XLLCORNER 139.62
YLLCORNER -39.07
DX 0.099491525
DY 0.099347826
NODATA_VALUE -9999
[rows 50 to 74 of 92, columns 57 to 113 of 118]
-2.0905145 -2.0780435 -2.0816115 -2.1087898 -2.1465225 -2.2083111 -2.2723581 -2.3464819 -2.4318882 -2.5180291 -2.5939444 -2.6601517 -2.7211136 -2.7763867 -2.8243857 -2.8593206 -2.8716087 -2.8571759 -2.7987741 -2.7154361 -2.586871 -2.4365179 -2.2670685 -2.0839916 -1.9224955 -1.8327415 -1.7459648 -1.7571487 -1.7751552 -1.8881228 -2.0032142 -2.1391739 -2.2593708 -2.3549544 -2.3536298 -2.3657044 -2.2494109 -2.1319832 -1.9731177 -1.8085215 -1.6788947 -1.6221076 -1.557978 -1.6179347 -1.7270623 -1.8908102 -2.136199 -2.3501425 -2.5764161 -2.843021 -3.0118803 -3.1030269 -3.156081 -3.0942951 -2.953662 -2.7674283 -2.5229518
-2.1737391 -2.1635045 -2.1690318 -2.1930924 -2.2297472 -2.2794996 -2.3423363 -2.4091775 -2.4865598 -2.559087 -2.6325269 -2.6921589 -2.7517508 -2.8059664 -2.8491161 -2.8822771 -2.8792723 -2.8626904 -2.7917017 -2.6981638 -2.5418276 -2.3803163 -2.187141 -1.9948717 -1.8187807 -1.6930973 -1.6046604 -1.5984023 -1.6156412 -1.7209851 -1.8272761 -1.9640942 -2.0842911 -2.1896351 -2.2253617 -2.2402279 -2.1776645 -2.0846685 -1.9573489 -1.8768685 -1.7539672 -1.7166003 -1.6776447 -1.7340651 -1.8228687 -1.9664887 -2.1202444 -2.3309324 -2.5276704 -2.7256951 -2.875138 -2.9457713 -2.9984433 -2.9490901 -2.8487315 -2.6865368 -2.4927375
-2.2819964 -2.2760987 -2.281626 -2.3056866 -2.3423414 -2.3897678 -2.4421317 -2.5029407 -2.5660381 -2.632733 -2.6987588 -2.7511228 -2.8047363 -2.8544821 -2.8954784 -2.923115 -2.9169079 -2.8892714 -2.8038559 -2.6981638 -2.5323446 -2.3604467 -2.150409 -1.9485093 -1.7495263 -1.61483 -1.5053126 -1.4942391 -1.503047 -1.5978169 -1.7014355 -1.8230362 -1.938581 -2.0439249 -2.0840714 -2.1077642 -2.0667971 -2.0003147 -1.9242329 -1.8553197 -1.7870831 -1.7702583 -1.7637462 -1.828123 -1.9156718 -2.0327206 -2.169585 -2.3243092 -2.4815054 -2.638101 -2.7492974 -2.8185447 -2.8659795 -2.8338054 -2.7564526 -2.6335513 -2.4446979
-2.3866635 -2.3849007 -2.3935109 -2.411336 -2.4435877 -2.483833 -2.5327395 -2.5830718 -2.6418117 -2.6973172 -2.7606193 -2.8084892 -2.8588341 -2.9046306 -2.942253 -2.9669949 -2.9563593 -2.9268828 -2.8357717 -2.729896 -2.5483025 -2.3724409 -2.1581998 -1.9502049 -1.7482006 -1.6059266 -1.4938418 -1.4654944 -1.4701837 -1.5576004 -1.6382734 -1.7464878 -1.8431578 -1.9379322 -1.9688037 -1.9933803 -1.9627029 -1.9104596 -1.8526844 -1.8296386 -1.7808771 -1.814643 -1.8214078 -1.9096144 -1.9943153 -2.1045043 -2.2138113 -2.3519853 -2.4539597 -2.5934683 -2.6817019 -2.7328634 -2.7781772 -2.761627 -2.6956655 -2.5821568 -2.3998686
-2.4858007 -2.4791466 -2.4902012 -2.5053714 -2.5315533 -2.5636157 -2.6055068 -2.6502321 -2.6999779 -2.7518065 -2.8066211 -2.854554 -2.9037006 -2.9484398 -2.98459 -3.0066992 -2.995646 -2.9624822 -2.8703777 -2.7662548 -2.5869921 -2.3990119 -2.1839616 -1.9742402 -1.7694047 -1.6252813 -1.5092078 -1.4769074 -1.4660192 -1.5362485 -1.6006172 -1.7001087 -1.7753656 -1.8514474 -1.8694559 -1.8843221 -1.852148 -1.8191271 -1.77816 -1.7763098 -1.7646049 -1.8181145 -1.8703257 -1.9704273 -2.0685828 -2.1739268 -2.279973 -2.3911694 -2.4703337 -2.5553041 -2.6255334 -2.6587601 -2.6997272 -2.687736 -2.6400619 -2.5347179 -2.3507993
-2.5693931 -2.5568071 -2.5512798 -2.5605181 -2.5712925 -2.5974745 -2.6253764 -2.6647844 -2.7066011 -2.7510032 -2.7999979 -2.8523619 -2.9037006 -2.9589736 -2.9986306 -3.0262671 -3.0173644 -2.9889749 -2.8996579 -2.7993708 -2.6280242 -2.4453742 -2.2353366 -2.0278934 -1.8289103 -1.68489 -1.5688165 -1.5301065 -1.5123815 -1.5646512 -1.6184332 -1.6847609 -1.7444714 -1.7852155 -1.7881888 -1.7849743 -1.7440072 -1.7070648 -1.6895075 -1.7077926 -1.7381121 -1.8219055 -1.9034416 -2.0321953 -2.1429735 -2.2658748 -2.3610343 -2.4507781 -2.4904161 -2.552768 -2.5820302 -2.6036653 -2.6268722 -2.6233468 -2.5808787 -2.4872396 -2.2983363
-2.6129366 -2.5826405 -2.5639108 -2.5567283 -2.5542772 -2.5689382 -2.5803052 -2.5986346 -2.6355625 -2.6793769 -2.7202226 -2.7735249 -2.8305484 -2.8875956 -2.933848 -2.9699709 -2.9689587 -2.9529723 -2.8693753 -2.7885954 -2.6191102 -2.4575989 -2.2551609 -2.0754409 -1.8867727 -1.7444986 -1.6367946 -1.5994688 -1.5767157 -1.6201959 -1.6626868 -1.7123768 -1.718466 -1.7402093 -1.7365874 -1.6953801 -1.6526056 -1.6112097 -1.6014783 -1.626568 -1.6977296 -1.8344272 -1.9316807 -2.0706952 -2.2259445 -2.3548207 -2.4537589 -2.521616 -2.5305175 -2.5649274 -2.5743241 -2.5816871 -2.5810731 -2.569999 -2.5345164 -2.4381889 -2.2470972
-2.5970598 -2.5480819 -2.5149181 -2.4862645 -2.4757917 -2.4700905 -2.4753269 -2.4891563 -2.5112655 -2.5494058 -2.5910767 -2.6486771 -2.7111808 -2.772371 -2.8288974 -2.8731158 -2.8885414 -2.8774868 -2.8120254 -2.7402147 -2.5996102 -2.4514887 -2.2717768 -2.1010568 -1.9254835 -1.8056685 -1.7006497 -1.6648239 -1.6409192 -1.6701815 -1.6868635 -1.7145 -1.7115892 -1.6998843 -1.6534002 -1.6087552 -1.5547577 -1.519 -1.519 -1.5856795 -1.6676137 -1.8188776 -1.9694736 -2.1516735 -2.3114392 -2.4460454 -2.5330942 -2.5974711 -2.589 -2.5847827 -2.5730778 -2.5456864 -2.539834 -2.5247733 -2.4831949 -2.3837034 -2.1771196
-2.5130217 -2.4516756 -2.3908752 -2.3507174 -2.310212 -2.2961487 -2.2832545 -2.2887166 -2.2993235 -2.3374638 -2.3791347 -2.436735 -2.4992388 -2.5766211 -2.6386742 -2.6939473 -2.7176325 -2.7251535 -2.6703204 -2.6143741 -2.4983007 -2.3653873 -2.2216773 -2.0661063 -1.9254835 -1.8170716 -1.7337657 -1.7012751 -1.6806584 -1.6968421 -1.7043696 -1.7043696 -1.6881106 -1.6468988 -1.5847273 -1.5226538 -1.4641294 -1.426283 -1.4438403 -1.5294984 -1.6477441 -1.8304657 -2.0092127 -2.2257531 -2.3983035 -2.5446145 -2.6275158 -2.6835725 -2.6434457 -2.6228987 -2.5702268 -2.5251819 -2.4934717 -2.4696843 -2.4235862 -2.3240947 -2.1110189
-2.385971 -2.3003054 -2.2269549 -2.164942 -2.1165364 -2.0782358 -2.0579032 -2.050095 -2.0547077 -2.0828044 -2.1244753 -2.1820756 -2.2445793 -2.3219616 -2.3920699 -2.4496647 -2.4875413 -2.5023972 -2.4590451 -2.4225127 -2.3392354 -2.2242778 -2.1023512 -1.9783028 -1.8574303 -1.7790181 -1.7064646 -1.6916736 -1.6717822 -1.6844697 -1.6898428 -1.6815217 -1.6494679 -1.5995664 -1.5224668 -1.4509659 -1.3970134 -1.3629207 -1.3903907 -1.5102113 -1.6470999 -1.8675526 -2.0654043 -2.2987169 -2.4881585 -2.6373266 -2.7023017 -2.7510574 -2.6820834 -2.6352611 -2.5663441 -2.4899982 -2.444367 -2.4043365 -2.3544848 -2.2549932 -2.0492455
-2.2340072 -2.1345011 -2.0460642 -1.9701305 -1.9072937 -1.8610401 -1.8239923 -1.8064066 -1.8008793 -1.8274141 -1.8584028 -1.9160032 -1.9757677 -2.05315 -2.1205192 -2.1813196 -2.2198747 -2.2475112 -2.2252749 -2.1957301 -2.1183478 -2.0397488 -1.9292027 -1.8430999 -1.7494608 -1.6858441 -1.6401632 -1.6332517 -1.6360863 -1.6536437 -1.6603863 -1.6438043 -1.6083592 -1.5498348 -1.4708509 -1.3915819 -1.3389099 -1.321786 -1.3627531 -1.490791 -1.6645431 -1.8976066 -2.1304913 -2.3704414 -2.5778878 -2.7300513 -2.7895481 -2.8070323 -2.7189717 -2.6356308 -2.5478441 -2.4619112 -2.3875396 -2.3397827 -2.277521 -2.1780295 -1.9763904
-2.0436829 -1.9419704 -1.8424789 -1.7637011 -1.695628 -1.6459315 -1.5988039 -1.5753791 -1.5624445 -1.5856429 -1.6133448 -1.6628366 -1.7174634 -1.7850655 -1.8485511 -1.9038241 -1.9417008 -1.9693373 -1.9546809 -1.9374257 -1.8743685 -1.8079372 -1.7298423 -1.6632218 -1.6037506 -1.5507741 -1.5341922 -1.5414206 -1.5632313 -1.5850176 -1.5941544 -1.588558 -1.5572095 -1.5034725 -1.429749 -1.3584659 -1.3218727 -1.3151628 -1.3904772 -1.5317919 -1.730775 -1.9747157 -2.2165927 -2.4609414 -2.6696085 -2.7983622 -2.8460007 -2.8401482 -2.7195189 -2.6216744 -2.4929207 -2.3950773 -2.3014382 -2.2491874 -2.1847964 -2.1027178 -1.9118192
-1.8700742 -1.7710563 -1.6787035 -1.6010363 -1.5344613 -1.4807503 -1.4336228 -1.410198 -1.3936161 -1.4052081 -1.4296094 -1.4691554 -1.5155619 -1.568906 -1.6231104 -1.6718096 -1.6992484 -1.723475 -1.7148403 -1.6979524 -1.6517888 -1.5987474 -1.544393 -1.4892631 -1.4423278 -1.4313945 -1.4189893 -1.4547177 -1.4769122 -1.5045831 -1.5443746 -1.5494203 -1.5340988 -1.4884796 -1.4474085 -1.3778701 -1.3752567 -1.379823 -1.4676435 -1.6375039 -1.8385504 -2.0778751 -2.3235605 -2.5490501 -2.7496882 -2.8593557 -2.8520277 -2.8409526 -2.6880116 -2.5620657 -2.4178496 -2.2921168 -2.196873 -2.1492381 -2.0887172 -2.0189205 -1.8783124
-1.7056938 -1.6203461 -1.5374365 -1.4714348 -1.408598 -1.3614895 -1.3145601 -1.2946545 -1.2780726 -1.2882091 -1.3032978 -1.3399526 -1.3747648 -1.4189833 -1.4545814 -1.4932725 -1.5083716 -1.5184433 -1.5028548 -1.4822495 -1.438031 -1.3938126 -1.3495941 -1.3174443 -1.288182 -1.286496 -1.3002858 -1.3438122 -1.3935416 -1.4462136 -1.4934398 -1.5100217 -1.522048 -1.4986383 -1.4624072 -1.4349571 -1.4408095 -1.4860459 -1.5913899 -1.7649677 -1.974304 -2.2058146 -2.4464953 -2.6630357 -2.8162647 -2.9040513 -2.884332 -2.8211132 -2.6475733 -2.481131 -2.3172626 -2.1878125 -2.0833736 -2.0403696 -1.9937809 -1.941109 -1.8066964
-1.6083206 -1.5346393 -1.4738389 -1.4157464 -1.3738552 -1.3327321 -1.3013137 -1.2814081 -1.2648262 -1.2749627 -1.2900515 -1.3149346 -1.3416489 -1.3620689 -1.3869146 -1.3979692 -1.4036574 -1.3926028 -1.3698256 -1.3365393 -1.2923209 -1.2481024 -1.2083894 -1.1825932 -1.1755878 -1.1821164 -1.2208075 -1.275124 -1.3405561 -1.4178197 -1.4801934 -1.5289493 -1.5642708 -1.5781165 -1.5618839 -1.5674209 -1.5966087 -1.6582488 -1.7803751 -1.954147 -2.1531301 -2.3621037 -2.5855823 -2.7551735 -2.8812911 -2.9105533 -2.8660777 -2.7548813 -2.5526427 -2.37516 -2.1938213 -2.0636478 -1.9641562 -1.9350249 -1.8944331 -1.8701306 -1.7557278
-1.5760453 -1.5243328 -1.4770273 -1.4368388 -1.3990509 -1.378703 -1.3508644 -1.3438261 -1.3278335 -1.33797 -1.3489329 -1.3625578 -1.3783116 -1.3855472 -1.3851564 -1.383846 -1.3601078 -1.3430158 -1.3138256 -1.2624749 -1.2094078 -1.1663052 -1.1276141 -1.106414 -1.1049364 -1.140893 -1.1816988 -1.2669936 -1.3347287 -1.4261244 -1.536907 -1.6092681 -1.6670273 -1.699398 -1.7436882 -1.7511444 -1.8136667 -1.8809449 -2.0016288 -2.1473517 -2.3409272 -2.4960747 -2.6940004 -2.7989779 -2.9037187 -2.8992306 -2.777112 -2.6617364 -2.4415557 -2.244921 -2.0634952 -1.9430865 -1.8449388 -1.8337495 -1.8093664 -1.8020361 -1.7609693
-1.55425 -1.5299052 -1.5022687 -1.4810417 -1.4548597 -1.4427754 -1.4323026 -1.4343913 -1.4343913 -1.4472961 -1.4574339 -1.4676231 -1.4721739 -1.4721739 -1.4569318 -1.4348225 -1.3932527 -1.3490342 -1.295748 -1.2347478 -1.1763323 -1.1244067 -1.0857155 -1.0656242 -1.0714766 -1.1144582 -1.1697313 -1.2643943 -1.3598726 -1.4769215 -1.5998998 -1.6993913 -1.7885201 -1.852897 -1.9116503 -1.9623557 -2.0344535 -2.1197177 -2.2367665 -2.3669676 -2.530836 -2.6620732 -2.7916423 -2.8652462 -2.8974994 -2.8506799 -2.7097134 -2.5516975 -2.3238943 -2.1113485 -1.9299228 -1.8183836 -1.7305969 -1.7311304 -1.7370078 -1.7545651 -1.7268027
-1.5822681 -1.5686594 -1.5685006 -1.5573188 -1.5542075 -1.5495688 -1.55152 -1.5663302 -1.5801014 -1.6014762 -1.6163904 -1.6216268 -1.6237232 -1.6071412 -1.5828156 -1.5341704 -1.4807476 -1.4152661 -1.3506509 -1.2678638 -1.1960088 -1.137653 -1.0989619 -1.08006 -1.0913462 -1.1423435 -1.2094704 -1.3227661 -1.4327277 -1.5735856 -1.716814 -1.843942 -1.9510037 -2.0515926 -2.1315187 -2.2007905 -2.2827247 -2.3713988 -2.4665929 -2.5674005 -2.6897925 -2.770504 -2.8644974 -2.8586449 -2.8710067 -2.759919 -2.5932391 -2.4126105 -2.1848073 -1.9722615 -1.8079148 -1.7126905 -1.6444955 -1.6688022 -1.6840223 -1.7292969 -1.7248203
-1.5774765 -1.5930652 -1.5994214 -1.6061304 -1.6169673 -1.6271413 -1.6482877 -1.6896387 -1.7120119 -1.7341211 -1.7666368 -1.7722898 -1.7760565 -1.7569697 -1.7196345 -1.6606605 -1.5888055 -1.5001422 -1.4142524 -1.3184 -1.246545 -1.1726748 -1.1349818 -1.124033 -1.1398518 -1.1926986 -1.2755425 -1.3929907 -1.5296612 -1.6835988 -1.8381183 -1.9745217 -2.1150402 -2.2296857 -2.3171491 -2.4130948 -2.4946471 -2.5763669 -2.6595716 -2.7490382 -2.8126728 -2.8205837 -2.8850916 -2.8701089 -2.7804778 -2.6495554 -2.4677608 -2.266289 -2.0544305 -1.8482108 -1.6982395 -1.6152485 -1.5768294 -1.6218964 -1.6582527 -1.7115721 -1.7136609
-1.5856069 -1.6108395 -1.6274214 -1.6505145 -1.6714601 -1.704478 -1.7358964 -1.7821387 -1.8263572 -1.8681667 -1.9040615 -1.9148405 -1.9148888 -1.8872523 -1.8382619 -1.7664069 -1.6742207 -1.5747292 -1.4752377 -1.3740344 -1.2920419 -1.2221094 -1.1889456 -1.1819098 -1.2053196 -1.2751636 -1.3636005 -1.4965326 -1.6367838 -1.8065046 -1.9699093 -2.1246739 -2.2661706 -2.3949244 -2.4981485 -2.5967676 -2.6720456 -2.7443686 -2.8087455 -2.8441115 -2.8850786 -2.8742438 -2.8570657 -2.7771596 -2.6694627 -2.5114467 -2.3207476 -2.1159122 -1.9156137 -1.737957 -1.6092033 -1.5589757 -1.5297135 -1.5837484 -1.6425286 -1.7069055 -1.726336
-1.5267174 -1.555005 -1.5876823 -1.6193333 -1.6582137 -1.7042931 -1.755766 -1.8185624 -1.8793427 -1.9342485 -1.9769166 -1.9978622 -2.0005985 -1.9674347 -1.9148473 -1.8326388 -1.7329495 -1.6210915 -1.5173293 -1.4071504 -1.3297681 -1.2622612 -1.2456793 -1.2467979 -1.291421 -1.3668697 -1.4629483 -1.5997374 -1.7427548 -1.9124756 -2.0748859 -2.2241232 -2.3677456 -2.5008954 -2.6004603 -2.6961155 -2.7663448 -2.8370933 -2.8694706 -2.8736431 -2.8784554 -2.8274503 -2.7842106 -2.6554568 -2.5369989 -2.3618466 -2.174384 -1.9768252 -1.8017467 -1.631986 -1.5421702 -1.5192141 -1.5164671 -1.5851573 -1.6491518 -1.7189417 -1.7342109
-1.417001 -1.4451265 -1.4805804 -1.5345292 -1.5834636 -1.6576697 -1.7208852 -1.8109922 -1.8840338 -1.9534369 -2.0041258 -2.0287726 -2.034936 -1.9986158 -1.9412053 -1.8561939 -1.7524086 -1.6363352 -1.5247956 -1.4239143 -1.3643928 -1.3037478 -1.3008082 -1.3183148 -1.3740476 -1.4606746 -1.5609119 -1.685506 -1.830922 -1.9975921 -2.1370567 -2.2760792 -2.4044815 -2.5338036 -2.6252579 -2.7179911 -2.7751646 -2.8322384 -2.8524678 -2.8296463 -2.8132307 -2.7299974 -2.6616655 -2.5249656 -2.3781461 -2.2025728 -2.0349258 -1.8446116 -1.7015867 -1.5585795 -1.4882055 -1.4947758 -1.509332 -1.589413 -1.6625623 -1.7281157 -1.728016
-1.2742989 -1.2947631 -1.3334543 -1.3926685 -1.4607416 -1.5492349 -1.6403022 -1.750544 -1.8500355 -1.9228086 -1.9935243 -2.0197063 -2.0298082 -1.991117 -1.9306038 -1.8421669 -1.7348191 -1.6197878 -1.5193029 -1.4278735 -1.3726004 -1.3386883 -1.3442156 -1.3887802 -1.4590095 -1.5530343 -1.6564084 -1.7793839 -1.8986832 -2.0449942 -2.1708285 -2.2979565 -2.3906124 -2.5018088 -2.5892723 -2.6652225 -2.7178944 -2.7525026 -2.758355 -2.737048 -2.6951297 -2.6072177 -2.5088575 -2.3683989 -2.2159054 -2.0403321 -1.8802575 -1.7230394 -1.6014169 -1.5010147 -1.4541951 -1.4683379 -1.506994 -1.5920869 -1.6695912 -1.7281157 -1.721958
-1.1002826 -1.1166851 -1.1664309 -1.2321105 -1.3211292 -1.4205173 -1.5409544 -1.6622945 -1.7771804 -1.863879 -1.947162 -1.973344 -1.9834458 -1.9447547 -1.8836792 -1.7897149 -1.6850675 -1.5800487 -1.4929216 -1.4212503 -1.3883344 -1.3718042 -1.4060164 -1.4639861 -1.5517341 -1.6419224 -1.7358866 -1.8410248 -1.9384223 -2.0453676 -2.1499655 -2.2273478 -2.297607 -2.3693451 -2.4457079 -2.5062659 -2.5506087 -2.5803167 -2.5920216 -2.5697463 -2.5229268 -2.4384956 -2.3432778 -2.2073627 -2.0589284 -1.9126174 -1.7649209 -1.6303147 -1.5357388 -1.4492609 -1.4317036 -1.454322 -1.506994 -1.5920869 -1.669204 -1.7043187 -1.6846551
-0.93097826 -0.95557807 -1.0103729 -1.0990905 -1.1963249 -1.3248396 -1.4511283 -1.5896247 -1.7131126 -1.8127558 -1.8960388 -1.9222208 -1.9309526 -1.8888706 -1.8283574 -1.7367294 -1.6532031 -1.5545922 -1.4767767 -1.4345274 -1.4500155 -1.4468752 -1.5074367 -1.5677045 -1.6579539 -1.7310629 -1.8201258 -1.8664813 -1.9604242 -2.0411002 -2.0563367 -2.1002609 -2.1480824 -2.2015709 -2.2443971 -2.3041126 -2.3450797 -2.37665 -2.3933403 -2.3844918 -2.3412021 -2.2710536 -2.1810181 -2.0674496 -1.928327 -1.7963736 -1.687251 -1.5566336 -1.485862 -1.4198696 -1.4104783 -1.4448003 -1.4974723 -1.5730434 -1.6427113 -1.6701086 -1.6070578
