P2_models/J1_p2_vp_slide_diff2_10.dat.tif
NCOLS 118
NROWS 92
XLLCORNER 139.62
YLLCORNER -39.07
DX 0.099491525
DY 0.099347826
NODATA_VALUE -9999
[rows 25 to 49 of 92, columns 57 to 113 of 118]
0.15850171 0.16365395 0.16880619 0.17459312 0.17964465 0.18390858 0.1881725 0.19243642 0.19670034 0.2034876 0.21250231 0.221547 0.23059168 0.23963636 0.24584492 0.24842433 0.25100374 0.25358315 0.25616256 0.26132009 0.2566877 0.25556138 0.25443507 0.25330875 0.25218243 0.25555003 0.26099391 0.26643778 0.27188166 0.27590905 0.27773189 0.27792888 0.27304816 0.26816744 0.26328673 0.25840031 0.25332819 0.24825607 0.24318395 0.23811184 0.22399923 0.22174909 0.21519105 0.20849451 0.20179796 0.19510142 0.18525908 0.17219723 0.15866638 0.14513553 0.13160469 0.11988909 0.1127743 0.1068048 0.10083531 0.094865821 -9999
0.16336342 0.16851566 0.17366789 0.17945482 0.18567304 0.19109544 0.19535936 0.19962328 0.20388721 0.21067446 0.21754842 0.22619732 0.235242 0.24428669 0.25049524 0.25307465 0.25565406 0.25856817 0.26391124 0.26914109 0.26426037 0.25937966 0.2580285 0.25690218 0.25577586 0.25914346 0.26458734 0.27003122 0.27346715 0.27421803 0.27604086 0.27979526 0.28108054 0.27619982 0.2713191 0.26643268 0.26136057 0.25628845 0.25121633 0.2361748 0.21998304 0.2177329 0.21696758 0.21103105 0.2043345 0.19763796 0.18779562 0.17645358 0.16352808 0.14999724 0.13646639 0.12475079 0.11400571 0.10659343 0.10062393 0.094654443 -9999
0.16789694 0.17337736 0.1785296 0.18431652 0.19053474 0.19675296 0.20254623 0.20681015 0.21107407 0.21786133 0.22473529 0.23160925 0.23989233 0.24893701 0.25514557 0.25772498 0.26104611 0.26638917 0.27173224 0.27696209 0.27208137 0.26720066 0.26231994 0.26049561 0.25936929 0.2627369 0.26818077 0.27102524 0.27177612 0.272527 0.27434983 0.27810423 0.28185863 0.2842322 0.27935148 0.27446506 0.26939294 0.26432083 0.24835037 0.23215861 0.21596685 0.21371671 0.21295139 0.21218607 0.20687104 0.2001745 0.19033216 0.17899012 0.16764809 0.15485894 0.14132809 0.1296125 0.11886741 0.10812233 0.10041256 0.094443065 -9999
0.1702221 0.1775063 0.1833913 0.18917822 0.19539644 0.20161466 0.20783289 0.21399701 0.21826094 0.22504819 0.23192215 0.23879611 0.24567007 0.25358733 0.25979589 0.26352404 0.26886711 0.27421017 0.27955323 0.28478309 0.27990237 0.27502166 0.27014094 0.26526022 0.26296272 0.26633033 0.26858333 0.26933421 0.27008509 0.27083597 0.27265881 0.2764132 0.2801676 0.283922 0.28738386 0.28249744 0.2767177 0.26052594 0.24433418 0.22814242 0.21195067 0.20970052 0.2089352 0.20816988 0.20740456 0.20271104 0.1928687 0.18152666 0.17018463 0.1588426 0.14618979 0.1344742 0.12372911 0.11298403 0.10223894 0.094231686 -9999
0.17140249 0.17868669 0.18597089 0.19220829 0.19842651 0.20464473 0.21086295 0.21708117 0.22329939 0.23067816 0.23755212 0.24442608 0.25130004 0.258174 0.2643764 0.26971947 0.27506253 0.28040559 0.28574866 0.29065773 0.28760889 0.28272818 0.27784746 0.27296674 0.26808603 0.26705725 0.26780813 0.26855901 0.26930988 0.27006076 0.2708533 0.2746077 0.2783621 0.28211649 0.28587089 0.28903064 0.27283888 0.25664712 0.24045537 0.22426361 0.2082613 0.20650857 0.20574325 0.20497793 0.20421261 0.20344729 0.19588604 0.18454401 0.17320197 0.16185994 0.15051791 0.13851166 0.12776658 0.11702149 0.10627641 0.095531325 -9999
0.16315873 0.17044293 0.17772714 0.1824726 0.18637794 0.19259616 0.19881438 0.2050326 0.21125082 0.22212534 0.23036526 0.23723922 0.24411318 0.25098714 0.25718954 0.2625326 0.26787566 0.27321873 0.27741624 0.27882054 0.29045917 0.28949228 0.28461157 0.27973085 0.27485014 0.27382135 0.27457223 0.27532311 0.27607399 0.27455385 0.2722873 0.27185978 0.27561418 0.27936857 0.28312297 0.28628272 0.27009096 0.25389921 0.23770745 0.2224548 0.21523679 0.21108376 0.20933668 0.20857136 0.20780604 0.20704072 0.20126908 0.19151949 0.18017746 0.16883543 0.15749339 0.14057593 0.12501866 0.11427358 0.10352849 0.092783406 -9999
0.15491498 0.16219918 0.16948338 0.17422884 0.17724912 0.1805476 0.18676582 0.19298404 0.19920226 0.21007678 0.22111129 0.23005235 0.23692631 0.24380027 0.25000267 0.25534574 0.2606888 0.26428935 0.26557905 0.26698336 0.27862199 0.29026062 0.29137568 0.28649496 0.28161424 0.28058546 0.28133634 0.28208722 0.28009391 0.27709039 0.27482384 0.27388524 0.27294664 0.27662066 0.28037505 0.2835348 0.26734305 0.25115129 0.2366483 0.22943028 0.22221227 0.21805924 0.21423265 0.21216479 0.21139947 0.21063415 0.20486251 0.19670421 0.18715295 0.17581091 0.16446888 0.14755142 0.12765311 0.11152566 0.10078057 0.090035488 -9999
0.1481033 0.15395542 0.16123962 0.16598508 0.16900536 0.17202564 0.17504592 0.18093547 0.18715369 0.19802821 0.20906273 0.22009724 0.22973945 0.23661341 0.24281581 0.24815887 0.25116246 0.25245216 0.25374187 0.25514617 0.2667848 0.27842343 0.29006206 0.29325907 0.28837835 0.28734957 0.28810045 0.28563397 0.28263045 0.27962693 0.27736038 0.27642178 0.27548318 0.27454458 0.27762713 0.28078688 0.26459513 0.25084179 0.24362378 0.23640577 0.22918776 0.22503473 0.22120813 0.21738153 0.2149929 0.21422759 0.20845594 0.20029764 0.19213933 0.1827864 0.17144436 0.15452691 0.1346286 0.1147303 0.098032654 0.087287569 -9999
0.14345298 0.1477169 0.15299587 0.15774133 0.16076161 0.16378189 0.16680216 0.16982244 0.17510513 0.18597964 0.19701416 0.20804867 0.21908319 0.22942655 0.23562895 0.23803556 0.23932527 0.24061497 0.24190468 0.24330898 0.25494761 0.26658624 0.27822487 0.28986351 0.29514246 0.29411368 0.29117402 0.28817051 0.28516699 0.28216347 0.27989692 0.27895832 0.27801972 0.27708112 0.27614252 0.27803897 0.26503529 0.25781728 0.25059927 0.24338125 0.23616324 0.23201021 0.22818362 0.22435702 0.22053042 0.21782102 0.21204937 0.20389107 0.19573276 0.18757446 0.17841985 0.16150239 0.14160409 0.12170578 0.10180748 0.084539651 -9999
0.14218841 0.14645233 0.15071625 0.15163101 0.15465129 0.15767157 0.16069185 0.16371213 0.16673241 0.17073439 0.1817689 0.19280341 0.20383793 0.21487244 0.22163219 0.2229219 0.2242116 0.22550131 0.22679101 0.22731891 0.24285025 0.25448888 0.26612751 0.27776614 0.28940477 0.29102837 0.28802486 0.28502134 0.28201782 0.2790143 0.28190469 0.28127111 0.28033251 0.27939391 0.27845531 0.27732951 0.2701115 0.26289348 0.25567547 0.24845746 0.24023553 0.2355375 0.23171091 0.22788431 0.22405771 0.22023112 0.21485708 0.20669877 0.19854047 0.19038216 0.18222386 0.16242099 0.14252268 0.12262438 0.10272607 0.082827765 -9999
0.14650788 0.1507718 0.15503572 0.15517419 0.15250924 0.15507989 0.15810017 0.16112045 0.16414072 0.1603936 0.16125141 0.17228593 0.18332044 0.19435496 0.20111471 0.20240441 0.20369412 0.20498382 0.20489002 0.20420974 0.22504664 0.24196241 0.25360105 0.26523968 0.27687831 0.27850191 0.27549839 0.27249487 0.26949136 0.27461937 0.27931301 0.28231653 0.28227627 0.28133767 0.28039907 0.27927327 0.27205526 0.26483724 0.25761923 0.24906303 0.23872371 0.23375151 0.22955117 0.22572457 0.22189798 0.21807138 0.21360215 0.20821059 0.20005228 0.19189398 0.18373567 0.16157398 0.13345179 0.11355349 0.093655182 0.073756876 -9999
0.15082735 0.15509127 0.15935519 0.15949366 0.15682871 0.15416376 0.15550848 0.15852876 0.16154904 0.15780192 0.15382226 0.15176844 0.16280296 0.17383747 0.18059722 0.18188692 0.18317663 0.18270207 0.18178085 0.18110057 0.20193747 0.22277438 0.24107458 0.25271321 0.26435184 0.26597544 0.26297193 0.2607645 0.2663961 0.27202769 0.27672133 0.27972485 0.28272836 0.28328144 0.28234284 0.28121703 0.27399902 0.26678101 0.25789053 0.24755121 0.2372119 0.2322397 0.22783911 0.22356484 0.21973824 0.21591164 0.21144241 0.20666682 0.2015641 0.19340579 0.18524749 0.16308579 0.13343732 0.1044826 0.084584293 0.064685988 -9999
0.15414911 0.15941074 0.16367467 0.16381313 0.16114818 0.15848323 0.15581828 0.15593708 0.15895736 0.15521023 0.15123057 0.14725091 0.14327125 0.15331999 0.16007973 0.16136944 0.16051412 0.1595929 0.15867169 0.1579914 0.17882831 0.19966521 0.22050211 0.24018675 0.25182538 0.25344898 0.25254122 0.25817282 0.26380441 0.26943601 0.27412965 0.27713316 0.28013668 0.2831402 0.2842866 0.28316079 0.27594278 0.26671803 0.25637872 0.2460394 0.23570008 0.23072788 0.2263273 0.22192671 0.21757851 0.21375191 0.20928268 0.20450709 0.19973149 0.1949176 0.1867593 0.1645976 0.13494913 0.10530066 0.075652181 0.0556151 -9999
0.15709304 0.1624885 0.16788396 0.1681326 0.16546765 0.1628027 0.16013775 0.1574728 0.15636568 0.15261855 0.14863889 0.14465923 0.14067957 0.13669991 0.13924739 0.13832617 0.13740495 0.13648374 0.13556252 0.13488223 0.15571914 0.17655604 0.19739295 0.21822985 0.23906676 0.24431794 0.24994954 0.25558114 0.26121273 0.26684433 0.27153796 0.27454148 0.277545 0.28054852 0.28355203 0.28510456 0.27554553 0.26520622 0.2548669 0.24452759 0.23418827 0.22921607 0.22481548 0.22041489 0.21601431 0.21161372 0.20712294 0.20234735 0.19757176 0.19279616 0.18802057 0.16610942 0.13646095 0.10681247 0.077163996 0.047515521 -9999
0.15793117 0.16332663 0.16795385 0.16740427 0.16446127 0.16179632 0.15913137 0.15646642 0.15380147 0.14986548 0.14588582 0.14190616 0.1379265 0.13508396 0.13437522 0.13345401 0.13253279 0.13161157 0.13069035 0.1350706 0.14794196 0.16877887 0.18961577 0.21045268 0.23128958 0.24172626 0.24735786 0.25298945 0.25862105 0.26400864 0.26703998 0.26872201 0.27172553 0.27472905 0.27773256 0.2803383 0.26999898 0.25965967 0.24932035 0.23898104 0.23505928 0.23093204 0.22653145 0.22213087 0.21773028 0.21233347 0.20706127 0.20228568 0.19751008 0.19273449 0.18409207 0.16019732 0.13054885 0.10090037 0.071251898 0.040994545 -9999
0.15805708 0.16235549 0.16622606 0.16567648 0.16212321 0.15898867 0.15632371 0.15365876 0.15099381 0.14705782 0.14307816 0.1390985 0.13692248 0.1363798 0.13567107 0.13474985 0.13382863 0.13325672 0.1382313 0.14327759 0.1547285 0.16618719 0.18702409 0.20786099 0.2286979 0.23913458 0.24476618 0.25039777 0.25561584 0.26012112 0.26315246 0.2635279 0.26481438 0.26781789 0.27082141 0.27342714 0.26308783 0.25274851 0.2424092 0.23942759 0.23786693 0.2337397 0.22933911 0.22493852 0.21929527 0.21298139 0.20770919 0.2029336 0.198158 0.18880198 0.1756691 0.15177435 0.12212588 0.092477404 0.062101118 0.031059762 -9999
0.15675712 0.1606277 0.16449827 0.16394869 0.16039542 0.15684215 0.15351606 0.15085111 0.14818615 0.14425017 0.14027051 0.138761 0.13821832 0.13767564 0.13696691 0.13604569 0.13648914 0.14146372 0.14643829 0.15148459 0.1629355 0.17438641 0.18583732 0.20526931 0.22610622 0.2365429 0.24217449 0.24722304 0.25172832 0.2562336 0.25926494 0.25964038 0.26001582 0.26090674 0.26391026 0.26651599 0.25617668 0.24583736 0.24379589 0.24223524 0.24067459 0.23654735 0.23214677 0.22625708 0.21994319 0.21362931 0.20835711 0.20358152 0.19351189 0.18037901 0.16724613 0.14335139 0.11370291 0.083207691 0.052166335 0.021124979 -9999
0.15502933 0.15889991 0.16277049 0.1622209 0.15866763 0.15511436 0.1515611 0.14804345 0.1453785 0.14144251 0.14059953 0.14005684 0.13951416 0.13897148 0.13826275 0.13972156 0.14469614 0.14967071 0.15464529 0.15969158 0.17114249 0.1825934 0.19404431 0.20549523 0.22351453 0.23395121 0.23883024 0.24333552 0.2478408 0.25234607 0.25537741 0.25575285 0.25612829 0.25650373 0.2569991 0.25960484 0.24972485 0.2481642 0.24660355 0.2450429 0.24348225 0.23935501 0.23321888 0.226905 0.22059111 0.21427723 0.20900503 0.19822181 0.18508893 0.17195604 0.15882316 0.13492842 0.10431426 0.073272909 0.042231553 0.011190197 -9999
0.15278619 0.15665677 0.16052734 0.16099233 0.15743906 0.15388579 0.15033252 0.14677925 0.14322599 0.14221211 0.14166943 0.14112675 0.14058407 0.14004139 0.14191897 0.14689354 0.15186812 0.1568427 0.16181727 0.16706697 0.17749787 0.18894878 0.20039969 0.2118506 0.22330151 0.23000171 0.23450698 0.23901226 0.24351754 0.24802281 0.25120263 0.25157807 0.25195351 0.25232895 0.25270438 0.2530221 0.25146145 0.2499008 0.24834015 0.2467795 0.24558293 0.24077297 0.23445909 0.2281452 0.22183132 0.21551743 0.20238355 0.18925067 0.17611779 0.16298491 0.14985203 0.12539609 0.094354736 0.06331338 0.032272024 0.0012306685 -9999
0.14665622 0.1505268 0.15439737 0.1581848 0.1599756 0.15642233 0.15286906 0.1493158 0.14576253 0.14249657 0.14103529 0.14049261 0.13994993 0.13940725 0.14128483 0.14625941 0.15123398 0.15620856 0.16183018 0.16896937 0.17197289 0.18133916 0.19279007 0.20424098 0.21569189 0.22239209 0.22689736 0.23140264 0.23590792 0.23937458 0.24232437 0.24523672 0.24561215 0.24598759 0.24636303 0.24668075 0.2451201 0.24355945 0.2419988 0.24179635 0.25213566 0.24673303 0.2401663 0.23385242 0.22753853 0.22122465 0.19830075 0.17614521 0.16301233 0.14987945 0.13674657 0.11375945 0.084208575 0.053167219 0.022125864 -0.0089154924 -9999
0.14052625 0.14439682 0.1482674 0.15205483 0.15578576 0.15895887 0.1554056 0.15185234 0.14829907 0.14503311 0.14177702 0.13985848 0.1393158 0.13877312 0.1406507 0.14562527 0.15059985 0.15654709 0.16373259 0.17087178 0.1738753 0.17687882 0.18518045 0.19663136 0.20808227 0.21478246 0.21928774 0.22379302 0.22704676 0.22986255 0.23281235 0.23600358 0.23919482 0.23964624 0.24002168 0.2403394 0.23877875 0.2372181 0.23800976 0.24834908 0.25868839 0.25328576 0.24620655 0.23955963 0.23324575 0.22693186 0.20400797 0.1731656 0.14990687 0.13677399 0.12364111 0.10065399 0.072398399 0.043021058 0.011979703 -0.019061653 -9999
0.13696056 0.13826685 0.14213743 0.14592486 0.14965579 0.15338672 0.15711766 0.15438888 0.15083561 0.14756965 0.14431356 0.14105748 0.13868166 0.13813898 0.14001656 0.14499114 0.151264 0.15844949 0.16563499 0.17277418 0.1757777 0.17878122 0.18178474 0.18902174 0.20047265 0.20717284 0.21167812 0.21471893 0.21753473 0.22035053 0.22330032 0.22649156 0.2296828 0.23287403 0.23368033 0.23399805 0.2324374 0.23422317 0.24456249 0.2549018 0.26524112 0.25983848 0.25275928 0.24568008 0.23895296 0.23263908 0.20971518 0.17887281 0.14803044 0.12366853 0.11053565 0.087548534 0.059292941 0.031037348 0.0018335416 -0.029207814 -9999
0.1371267 0.13570539 0.13600745 0.13979489 0.14352582 0.14725675 0.15098768 0.15471862 0.15337215 0.15010619 0.1468501 0.14359402 0.14033793 0.13750485 0.13938243 0.1459809 0.1531664 0.1603519 0.1675374 0.17467659 0.17768011 0.18068363 0.18368714 0.18669066 0.19286303 0.19956322 0.20239111 0.20520691 0.20802271 0.2108385 0.2137883 0.21697953 0.22017077 0.22336201 0.22655325 0.2276567 0.23043659 0.2407759 0.25111522 0.26145453 0.27179385 0.26639121 0.25931201 0.2522328 0.2451536 0.23834629 0.2154224 0.18458003 0.15373765 0.12289528 0.097430195 0.074443076 0.046187483 0.01793189 -0.010323703 -0.039353975 -9999
0.14285621 0.1414349 0.13894295 0.13586187 0.1395928 0.14332373 0.14705466 0.1507856 0.15451653 0.15149255 0.14823646 0.14498038 0.14172429 0.1384682 0.14235051 0.14953601 0.15672151 0.16390701 0.17109251 0.17283497 0.17825092 0.18125443 0.18425795 0.18726147 0.19026499 0.19314011 0.19595591 0.1987717 0.2015875 0.2044033 0.20585496 0.20977694 0.21296818 0.21615941 0.21935065 0.22275499 0.23309431 0.24343362 0.25377294 0.26411225 0.277776 0.27331222 0.26623301 0.25915381 0.2520746 0.24353846 0.21653797 0.18569559 0.15485322 0.12401085 0.092690166 0.061453725 0.033198132 0.0049425385 -0.023313055 -0.051709814 -9999
0.15742723 0.15148651 0.13585212 0.13301723 0.13888012 0.14288219 0.14661312 0.15034405 0.15407498 0.151051 0.14779492 0.14453883 0.14199087 0.14416159 0.14853215 0.15571765 0.16290315 0.17008865 0.16934869 0.16488715 0.17333454 0.17970902 0.18271254 0.18571606 0.18871958 0.1915947 0.19441049 0.19722629 0.20004209 0.19377741 0.19349167 0.2041917 0.20943581 0.21262705 0.21581828 0.21922262 0.22956194 0.23990125 0.25024057 0.2651889 0.28528228 0.2808185 0.27373929 0.26666009 0.25629847 0.23735681 0.21035632 0.17951395 0.14867158 0.1166972 0.079885335 0.048648894 0.020393301 -0.0078622924 -0.03654232 -0.067384693 -9999
