P2_models/J1_p2_vp_slide_diff_40.dat.tif
NCOLS 118
NROWS 92
XLLCORNER 139.62
YLLCORNER -39.07
DX 0.099491525
DY 0.099347826
NODATA_VALUE -9999
[rows 54 to 80 of 92, columns 0 to 59 of 118]
-9999 7.5855952 7.6031402 7.6206853 7.6382304 7.6377426 7.6357458 7.6305365 7.6216198 7.6127031 7.6037864 7.5963633 7.5893335 7.5821558 7.5746818 7.5672078 7.5684423 7.5704879 7.5725334 7.5749462 7.5782064 7.5814666 7.5847267 7.5827484 7.5784162 7.5744824 7.5716162 7.56875 7.5566457 7.5434435 7.5302413 7.517686 7.5063775 7.495069 7.4837606 7.4737202 7.4640183 7.4494524 7.4279279 7.4064034 7.3848789 7.3733728 7.3627447 7.3504577 7.3369781 7.3249478 7.3165633 7.3081788 7.2997943 7.2909129 7.2819457 7.2729785 7.2683038 7.2682598 7.2663371 7.2579071 7.2494772 7.2410472 7.2374004 7.2345816
-9999 7.6124506 7.6299957 7.6427149 7.640718 7.6387212 7.6367243 7.6315151 7.6225984 7.6139001 7.6068703 7.5998405 7.5928107 7.585633 7.578159 7.570685 7.563211 7.5615662 7.5636117 7.5660246 7.5692848 7.5725449 7.5682702 7.563938 7.5596058 7.5556719 7.5528057 7.5499395 7.5470733 7.537871 7.5246688 7.5121134 7.500805 7.4896091 7.4799072 7.4702052 7.4605033 7.4459374 7.4244129 7.4048331 7.394205 7.3835769 7.3729488 7.3606618 7.3471823 7.3337027 7.3204631 7.3120786 7.3036941 7.2948128 7.2858455 7.283095 7.2830509 7.2830069 7.2810842 7.2726542 7.2646062 7.2617874 7.2589686 7.2561498
-9999 7.639306 7.6456903 7.6436934 7.6416966 7.6396998 7.6377029 7.6324937 7.6244071 7.6173773 7.6103475 7.6033177 7.5962879 7.5891101 7.5816362 7.5741622 7.5666882 7.5592142 7.5546901 7.5571029 7.5581241 7.5537919 7.5494597 7.5451275 7.5407953 7.5368615 7.5339953 7.5311291 7.5282629 7.5253967 7.5190962 7.5065409 7.4957961 7.4860942 7.4763922 7.4666903 7.4569883 7.4424224 7.4256652 7.4150372 7.4044091 7.393781 7.3831529 7.3708659 7.3573864 7.3439068 7.3304273 7.3169478 7.3075939 7.2987126 7.2978861 7.2978421 7.297798 7.297754 7.2958313 7.2889932 7.2861744 7.2833556 7.2805368 7.277718
-9999 7.6466036 7.6446068 7.6426099 7.6406131 7.6386163 7.6366194 7.637019 7.6299892 7.6229594 7.6159296 7.6088998 7.60187 7.593336 7.5858621 7.5783881 7.5709141 7.5634402 7.5559662 7.5494423 7.5451101 7.5407779 7.5364457 7.5321135 7.5277813 7.5199156 7.5170465 7.5141803 7.5113141 7.5084479 7.5055817 7.5003806 7.4906787 7.4809768 7.4712748 7.4615729 7.4518709 7.4440105 7.4333824 7.4227543 7.4121262 7.4014981 7.39087 7.3823642 7.3688847 7.3554051 7.3419256 7.3284461 7.3149665 7.3107245 7.3106804 7.3106364 7.3105923 7.3105482 7.3112473 7.3087782 7.3059594 7.3031406 7.3003217 7.2975029
-9999 7.6384772 7.6364804 7.6344835 7.6324867 7.6311791 7.6347241 7.6379544 7.6408216 7.6357309 7.6287011 7.6216713 7.6146415 7.6059658 7.5939941 7.5851714 7.5776974 7.5702234 7.5627495 7.5562255 7.5518933 7.5475611 7.5432289 7.5388967 7.5228646 7.5094799 7.5064955 7.5035898 7.5007236 7.4978574 7.4949912 7.4897902 7.4800882 7.4703863 7.4606843 7.4509055 7.436717 7.429008 7.4305688 7.4219774 7.4113493 7.4007212 7.3900931 7.3854854 7.3848033 7.3713237 7.3578442 7.3443647 7.3308851 7.322141 7.3168049 7.3167608 7.3167168 7.3166727 7.3173717 7.3206446 7.3196537 7.3168349 7.3140161 7.3111973
-9999 7.6303508 7.6283539 7.6263571 7.6270091 7.6305541 7.6340991 7.6373294 7.6401966 7.6430637 7.6414726 7.6344428 7.627413 7.6187373 7.6067656 7.594794 7.5844806 7.5770067 7.5695327 7.5630088 7.5586766 7.5543444 7.5469591 7.529694 7.5124289 7.4990442 7.4960598 7.4930754 7.4901331 7.4872669 7.4844007 7.4791997 7.4694977 7.4597958 7.4486296 7.4344411 7.4202526 7.4125436 7.4141044 7.4156652 7.4105724 7.3999443 7.3893162 7.3847085 7.3844287 7.3841489 7.3737628 7.3602833 7.3468038 7.3380596 7.3301339 7.3228853 7.3228412 7.3227972 7.3234962 7.3267691 7.330042 7.3305292 7.3277104 7.3248916
-9999 7.6222243 7.6202275 7.6228391 7.6263841 7.6299291 7.6334741 7.6367044 7.6395716 7.6424387 7.6453059 7.6472143 7.6401845 7.6315088 7.6195371 7.6075655 7.5955938 7.5837899 7.5763159 7.569792 7.5654598 7.5537885 7.5365234 7.5192583 7.5019932 7.4886085 7.4856241 7.4826397 7.4796552 7.4766765 7.4738103 7.4686092 7.4589073 7.4463538 7.4321653 7.4179768 7.4037883 7.3960793 7.3976401 7.3992009 7.4007617 7.3991674 7.3885393 7.3839316 7.3836518 7.383372 7.3830922 7.3762019 7.3627224 7.3539782 7.3460525 7.3381267 7.330201 7.3289216 7.3296206 7.3328936 7.3361665 7.3394394 7.3414047 7.3385859
-9999 7.6151241 7.6186691 7.6222141 7.6257591 7.6293041 7.6328491 7.6360794 7.6389466 7.6418137 7.6446809 7.647548 7.6504152 7.6442803 7.6323086 7.620337 7.6083653 7.5963937 7.584422 7.5765753 7.5606179 7.5433528 7.5260877 7.5088226 7.4915575 7.4781728 7.4751884 7.4722039 7.4692195 7.4662351 7.4632507 7.4580187 7.4440779 7.4298894 7.4157009 7.4015124 7.3873239 7.3796149 7.3811757 7.3827365 7.3842973 7.3858582 7.387419 7.3831547 7.3828749 7.3825951 7.3823153 7.3820355 7.378641 7.3698968 7.3619711 7.3540454 7.3461196 7.3381939 7.3357451 7.339018 7.3422909 7.3455638 7.3488368 7.3521097
-9999 7.6136038 7.6171488 7.6206938 7.6242388 7.6277838 7.6377801 7.6431893 7.6395526 7.6424198 7.6452869 7.6481541 7.6510212 7.6492012 7.6376848 7.6257131 7.6137415 7.6017698 7.5897982 7.5762259 7.5589608 7.5416957 7.5244306 7.5071655 7.4920415 7.4870463 7.4854253 7.4824409 7.4794565 7.4764721 7.4734877 7.4666763 7.4524878 7.4382993 7.4241108 7.4099223 7.3981053 7.3895219 7.3849638 7.3865246 7.3880854 7.3896462 7.3912071 7.3902076 7.3891604 7.3888806 7.3886008 7.388321 7.3880412 7.3820407 7.3741276 7.3662018 7.3582761 7.3503503 7.3453505 7.3498192 7.3530921 7.356365 7.3596379 7.3629109
-9999 7.6116941 7.6152391 7.6187841 7.6223291 7.6379221 7.6572949 7.6627041 7.6519975 7.6435612 7.6464283 7.6492955 7.6521626 7.6503426 7.6391362 7.6278734 7.6159017 7.6039301 7.5919584 7.5783861 7.561121 7.5438559 7.5265908 7.5150215 7.508482 7.5034868 7.5026303 7.5016673 7.4986829 7.4956985 7.4927141 7.4859027 7.4717142 7.4575257 7.4433372 7.4337847 7.4269191 7.4183357 7.4072947 7.3991195 7.4006803 7.4022411 7.4038019 7.4028024 7.3999624 7.3982371 7.3979573 7.3976775 7.3973978 7.3913973 7.3844082 7.3767223 7.3687966 7.3608708 7.355871 7.3610064 7.365927 7.3691999 7.3724728 7.3757457
-9999 7.6097844 7.6133294 7.6186913 7.6380641 7.6574369 7.6768097 7.6822189 7.6715123 7.6608057 7.6500991 7.6504369 7.653304 7.651484 7.6402776 7.6290712 7.6178648 7.6060903 7.5941187 7.5805464 7.5632813 7.5460162 7.5380014 7.531462 7.5249226 7.5199273 7.5190708 7.5182144 7.5173579 7.514925 7.5119406 7.5051292 7.4909407 7.4767522 7.469464 7.4625984 7.4557328 7.4471494 7.4361084 7.4250674 7.4140265 7.414836 7.4163968 7.4153973 7.4125573 7.4097172 7.4073139 7.4070341 7.4067543 7.4007539 7.3937648 7.3867757 7.3793171 7.3713913 7.3663915 7.3715269 7.3766623 7.3817976 7.3853077 7.3885806
-9999 7.6078747 7.6188333 7.6382061 7.6575789 7.6769517 7.6963245 7.7017336 7.6910271 7.6803205 7.6696139 7.6589073 7.6544454 7.6526254 7.641419 7.6302126 7.6190062 7.6077998 7.596279 7.5827067 7.5675207 7.5609813 7.5544419 7.5479025 7.5413631 7.5363678 7.5355114 7.5346549 7.5337984 7.532942 7.531167 7.5243557 7.5120089 7.5051433 7.4982777 7.4914121 7.4845466 7.4759632 7.4649222 7.4538812 7.4428402 7.4317992 7.4289917 7.4279922 7.4251522 7.4223121 7.4194721 7.416632 7.4161109 7.4101105 7.4031214 7.3961323 7.3891432 7.3819118 7.376912 7.3820474 7.3871827 7.3923181 7.3974535 7.4014154
-9999 7.6150394 7.6344122 7.653785 7.6731578 7.6925306 7.7119034 7.7157882 7.7050816 7.694375 7.6836684 7.6729618 7.6622552 7.6543299 7.6431235 7.6319171 7.6207107 7.6095043 7.5982979 7.5885028 7.5819633 7.5754239 7.5688845 7.5623451 7.5558057 7.551097 7.5502405 7.5493841 7.5485276 7.5476711 7.5468147 7.5439057 7.5370401 7.5301745 7.5233089 7.5164433 7.5095777 7.502958 7.491917 7.480876 7.469835 7.458794 7.447753 7.4416368 7.4387967 7.4359567 7.4331166 7.4302766 7.4274366 7.4210589 7.4140698 7.4070806 7.4000915 7.3931024 7.3876751 7.3928105 7.3979459 7.4030812 7.4082166 7.4133519
-9999 7.6110421 7.6304149 7.6497877 7.6691605 7.6882345 7.7008796 7.7026842 7.6919776 7.681271 7.6705644 7.6598578 7.6663285 7.6660364 7.6489333 7.6364224 7.625216 7.6140096 7.6028032 7.5930081 7.5864687 7.5799292 7.5733898 7.5668504 7.5638817 7.5611955 7.5572504 7.5556013 7.5547448 7.5538883 7.5530318 7.5501229 7.5432573 7.5363917 7.5295261 7.5226605 7.5242154 7.5209057 7.5098647 7.4988237 7.4877827 7.4784145 7.4872296 7.4779319 7.4576625 7.4548224 7.4519824 7.4491423 7.4463023 7.4399246 7.4329355 7.4259464 7.4189573 7.4082241 7.399645 7.4047804 7.4099157 7.4150511 7.420363 7.4293322
-9999 7.6070448 7.6264176 7.6457904 7.6624855 7.6751305 7.6877756 7.6895802 7.6788736 7.668167 7.6624794 7.670582 7.6786847 7.6783926 7.6612896 7.6441865 7.6297213 7.6185149 7.6073085 7.5975134 7.590974 7.5844346 7.5785756 7.5763591 7.5741426 7.5714564 7.5675113 7.5635662 7.560962 7.5601055 7.559249 7.55634 7.5494745 7.5426089 7.5379744 7.5400687 7.5421631 7.5388534 7.5278125 7.5167715 7.5131024 7.5219176 7.5307327 7.521435 7.4991163 7.4767975 7.4708481 7.468008 7.465168 7.4587903 7.4518012 7.4448121 7.4327324 7.420194 7.4116149 7.4167502 7.4218856 7.4281278 7.437097 7.4460661
-9999 7.6030475 7.6224203 7.6367365 7.6493815 7.6620266 7.6746716 7.6764762 7.6657697 7.6667329 7.6748356 7.6829383 7.691041 7.6907489 7.6736458 7.6565427 7.6394396 7.6230203 7.6118139 7.6020187 7.5954793 7.591053 7.5888365 7.58662 7.5844035 7.5817173 7.5777722 7.5738271 7.569882 7.5663227 7.5654662 7.5625572 7.5556916 7.5538277 7.5559221 7.5580165 7.5601109 7.5568012 7.5457602 7.5477904 7.5566055 7.5654207 7.5742358 7.5649381 7.5426194 7.5203006 7.4979819 7.4868737 7.4840337 7.477656 7.4697791 7.4572407 7.4447023 7.4321639 7.4235847 7.4287201 7.4358926 7.4448617 7.4538309 7.4628001
-9999 7.5983424 7.6109874 7.6236325 7.6362775 7.6489226 7.6615676 7.6633723 7.6709864 7.6790891 7.6871918 7.6952945 7.7033972 7.7031051 7.686002 7.6688989 7.6517958 7.6346927 7.6175896 7.606524 7.6035303 7.6013138 7.5990973 7.5968808 7.5946643 7.5919781 7.588033 7.5840879 7.5801428 7.5761978 7.5722527 7.5687744 7.5696811 7.5717755 7.5738698 7.5759642 7.5780586 7.5747489 7.5824784 7.5912935 7.6001086 7.6089237 7.6177389 7.6084412 7.5861224 7.5638037 7.541485 7.5191662 7.5028994 7.4942874 7.481749 7.4692106 7.4566722 7.4441337 7.4355546 7.4436573 7.4526265 7.4615957 7.4705648 7.479534
-9999 7.5918278 7.6044729 7.6171179 7.629763 7.642408 7.6525328 7.6584111 7.6658198 7.6739225 7.6820251 7.6901278 7.6982305 7.7031726 7.6944853 7.6773822 7.6602791 7.643176 7.6260729 7.6134713 7.6112548 7.6090383 7.6068218 7.6046053 7.6019752 7.5997362 7.6013525 7.5974074 7.5934623 7.5895172 7.5855721 7.5836899 7.5857843 7.5878786 7.589973 7.5920674 7.5947696 7.5918661 7.5911995 7.6000146 7.6088297 7.6176448 7.62646 7.6201721 7.5991123 7.5767936 7.5544749 7.5321561 7.5098374 7.4917717 7.4792333 7.4666949 7.4541564 7.441618 7.4357237 7.4494742 7.4584433 7.4674125 7.4763817 7.4853508
-9999 7.5890545 7.6016995 7.6143446 7.6269896 7.6343246 7.6397117 7.6455901 7.6520355 7.6588071 7.6669098 7.6750125 7.6831152 7.6880573 7.68667 7.6836666 7.6665635 7.6494604 7.6323574 7.6197557 7.6175392 7.6153227 7.6131062 7.6094096 7.6042441 7.6020052 7.6076099 7.6124633 7.6085182 7.6045731 7.600628 7.5987458 7.6008402 7.6029346 7.605029 7.6085072 7.6128911 7.6099876 7.5966585 7.5889881 7.5978032 7.6066184 7.6154335 7.6091456 7.5920005 7.5724596 7.5501408 7.5278221 7.5055033 7.487226 7.4696471 7.4559549 7.4434165 7.4308781 7.4249837 7.4421035 7.458062 7.4670311 7.4760003 7.4849695
-9999 7.5862811 7.5989261 7.6107295 7.6161165 7.6215036 7.6268906 7.632769 7.6392144 7.6456599 7.6521053 7.6598972 7.6679999 7.6729419 7.6715547 7.6701675 7.6687802 7.6557449 7.6386418 7.6260402 7.6238237 7.6216072 7.616844 7.6116785 7.6065131 7.6042741 7.6098789 7.6154836 7.6210884 7.6196291 7.615684 7.6138018 7.6158961 7.6179905 7.6222449 7.6266287 7.6310126 7.6281091 7.61478 7.6014509 7.5881217 7.5955919 7.604407 7.5981192 7.580974 7.5638288 7.5458068 7.523488 7.5011693 7.4828919 7.465313 7.4477341 7.4326765 7.4201381 7.4142437 7.4313636 7.4484834 7.4656032 7.4756189 7.4845881
-9999 7.5835077 7.5925213 7.5979084 7.6032955 7.6086825 7.6140696 7.6199479 7.6263934 7.6328388 7.6392842 7.6457296 7.6528846 7.6578266 7.6564394 7.6550521 7.6536649 7.6522777 7.6449262 7.6323246 7.6294438 7.6242784 7.6191129 7.6139475 7.6087821 7.6065431 7.6121479 7.6177526 7.6233573 7.6289621 7.6307399 7.6288577 7.6315986 7.6359825 7.6403664 7.6447502 7.6491341 7.6462306 7.6329015 7.6195724 7.6062432 7.5929141 7.5933805 7.5870927 7.5699475 7.5528023 7.5356571 7.5185119 7.4968352 7.4785579 7.460979 7.4434 7.4258211 7.4093982 7.4035038 7.4206236 7.4377435 7.4548633 7.4719831 7.4842067
-9999 7.5771839 7.5825709 7.587958 7.5933451 7.5987321 7.6041192 7.6111546 7.6176 7.6240454 7.6304908 7.6369363 7.6433817 7.6476314 7.6462442 7.6448569 7.6434697 7.6420824 7.6406952 7.6381655 7.633 7.6278346 7.6226692 7.6175037 7.6123383 7.6066262 7.612155 7.6177597 7.6233645 7.6289692 7.634574 7.6397617 7.6441456 7.6485294 7.6529133 7.6572972 7.661681 7.6611711 7.6478419 7.6345128 7.6211837 7.6078546 7.5945255 7.5857703 7.5686251 7.5514799 7.5343347 7.5171895 7.5000443 7.4854379 7.467859 7.4502801 7.4327012 7.4151223 7.397486 7.4131532 7.430273 7.4473928 7.4645127 7.4816325
-9999 7.5780999 7.583487 7.588874 7.5942611 7.6004138 7.6113543 7.6194867 7.6243783 7.6304983 7.6369437 7.6433891 7.6498346 7.6541546 7.6542187 7.6532859 7.6518987 7.6505114 7.6491242 7.6465945 7.641429 7.6362636 7.6310982 7.6259327 7.617804 7.6106595 7.606863 7.609205 7.6148097 7.6204145 7.6260192 7.6312069 7.6355908 7.6399747 7.6443585 7.6489685 7.6608416 7.6627918 7.6505461 7.637412 7.6240828 7.6107537 7.5974246 7.5964971 7.6040358 7.5868906 7.5697454 7.5526002 7.5354551 7.5272781 7.5171884 7.4996095 7.4820306 7.4644517 7.4468154 7.4289805 7.4351788 7.4522986 7.4694184 7.4865382
-9999 7.5790159 7.584403 7.5897901 7.5980773 7.6090178 7.6199583 7.6280907 7.6329823 7.6378738 7.6433966 7.649842 7.6562874 7.6606075 7.6606715 7.6607355 7.6603276 7.6589404 7.6575532 7.6550234 7.649858 7.6446926 7.6386245 7.6302309 7.6218373 7.6146928 7.6108963 7.6070998 7.606255 7.6118597 7.6174645 7.6226522 7.6270361 7.6314199 7.6385685 7.6504416 7.6623146 7.6642649 7.6520192 7.6397735 7.626982 7.6136529 7.6003238 7.5993962 7.607384 7.6153717 7.6051562 7.588011 7.5708658 7.5626888 7.5560618 7.5489388 7.5313599 7.513781 7.4961448 7.4783098 7.4604749 7.4572043 7.4743242 7.491444
-9999 7.579932 7.585319 7.5957408 7.6066813 7.6176218 7.6285623 7.6366947 7.6415862 7.6464778 7.6513694 7.6562949 7.6627403 7.6670604 7.6671244 7.6671884 7.6672524 7.6673164 7.6659821 7.6634524 7.658287 7.6510514 7.6426578 7.6342642 7.6258706 7.6187261 7.6149296 7.6111331 7.6073365 7.60354 7.6089097 7.6140974 7.6184813 7.6281685 7.6400416 7.6519146 7.6637877 7.665738 7.6534923 7.6412466 7.6290009 7.616552 7.6032229 7.6022954 7.6102831 7.6182709 7.6262587 7.6234217 7.6062765 7.5980995 7.5914725 7.5848455 7.5782185 7.5631104 7.5454741 7.5276392 7.5098043 7.4919693 7.4792299 7.4963497
-9999 7.5824638 7.5934043 7.6043448 7.6152853 7.6262258 7.6371662 7.6452987 7.6501902 7.6550818 7.6599733 7.6648649 7.6697565 7.6735133 7.6735773 7.6736413 7.6737053 7.6737693 7.6738333 7.6718719 7.6634783 7.6550847 7.6466911 7.6382975 7.6299039 7.6227594 7.6189629 7.6151664 7.6113698 7.6075733 7.6037768 7.6058955 7.6177686 7.6296416 7.6415146 7.6533877 7.6652607 7.667211 7.6549653 7.6427196 7.6304739 7.6182282 7.6059826 7.6051945 7.6131823 7.62117 7.6291578 7.6371456 7.6416872 7.6335103 7.6268832 7.6202562 7.6136292 7.6070022 7.5948035 7.5769686 7.5591336 7.5412987 7.5234638 7.5056289
-9999 7.534462 7.5454025 7.556343 7.5672834 7.5782239 7.6134508 7.6486358 7.6593178 7.6642093 7.6691009 7.6739925 7.678884 7.6825538 7.6834918 7.6835558 7.6836198 7.6836838 7.6837478 7.6812543 7.6728607 7.6644671 7.6560735 7.6476799 7.6440404 7.6489139 7.6520522 7.6482557 7.6444591 7.6406626 7.6368661 7.6384218 7.6502948 7.6621679 7.6740409 7.685914 7.6917708 7.691545 7.6873759 7.6751302 7.6628845 7.6506388 7.6383931 7.6286538 7.6294624 7.6374502 7.6454379 7.6534257 7.6614135 7.6514172 7.643742 7.6371149 7.6304879 7.6238609 7.6150887 7.598544 7.580709 7.5628741 7.5450392 7.5272043
