P2_models/J1_p2_vp_slide_diff_40.dat.tif
NCOLS 118
NROWS 92
XLLCORNER 139.62
YLLCORNER -39.07
DX 0.099491525
DY 0.099347826
NODATA_VALUE -9999
[rows 0 to 26 of 92, columns 0 to 59 of 118]
-9999 -9999 -9999 -9999 -9999 -9999 -9999 -9999 -9999 -9999 -9999 -9999 -9999 -9999 -9999 -9999 -9999 -9999 -9999 -9999 -9999 -9999 -9999 -9999 -9999 -9999 -9999 -9999 -9999 -9999 -9999 -9999 -9999 -9999 -9999 -9999 -9999 -9999 -9999 -9999 -9999 -9999 -9999 -9999 -9999 -9999 -9999 -9999 -9999 -9999 -9999 -9999 -9999 -9999 -9999 -9999 -9999 -9999 -9999 -9999
-9999 7.4922695 7.5058178 7.5193661 7.5329144 7.5464627 7.5617496 7.5721089 7.5637805 7.5488566 7.5339327 7.5190088 7.5040849 7.4883532 7.4794825 7.4803328 7.4811832 7.4820335 7.4828838 7.4840418 7.4859096 7.4877774 7.4896451 7.4915129 7.4937238 7.4989704 7.5101652 7.5262307 7.5422962 7.5583617 7.5744273 7.5854895 7.586907 7.5883245 7.589742 7.5911595 7.5920524 7.590335 7.5890604 7.5893396 7.5896189 7.5898982 7.5901774 7.5894348 7.588319 7.5873185 7.586318 7.5853175 7.584317 7.5654016 7.5595918 7.5537821 7.5479723 7.5421625 7.5422194 7.552657 7.5490617 7.5454663 7.5418709 7.5382755
-9999 7.5017591 7.5153074 7.5288557 7.542404 7.5590432 7.5776184 7.5879777 7.5888546 7.5847766 7.5698527 7.5549288 7.5400049 7.5242732 7.5069239 7.4935362 7.4943865 7.4952368 7.4960871 7.4972451 7.4991129 7.5009807 7.5028485 7.5056724 7.5100102 7.5152568 7.5229391 7.5322276 7.5482931 7.5643586 7.5804241 7.5914864 7.5929039 7.5943214 7.5957389 7.5961801 7.5956115 7.5938941 7.5905332 7.5885066 7.5887858 7.5890651 7.5893444 7.5886018 7.5871246 7.5859201 7.5849196 7.5839191 7.5829186 7.5632647 7.540387 7.5324999 7.5266901 7.5208803 7.5209372 7.5413156 7.5557084 7.5521131 7.5485177 7.5449223
-9999 7.5112487 7.524797 7.5383453 7.5563367 7.5749119 7.5934871 7.6038464 7.6047234 7.6056004 7.6057727 7.5908488 7.575925 7.5601933 7.5428439 7.5254946 7.5081453 7.5084401 7.5092904 7.5104484 7.5123162 7.514184 7.517621 7.5219588 7.5262967 7.5315432 7.5392255 7.5469078 7.55459 7.5703555 7.586421 7.5974833 7.5989008 7.6003183 7.6003079 7.5997393 7.5991707 7.5974532 7.5940923 7.5907314 7.5879528 7.588232 7.5885113 7.5877687 7.5862915 7.5848143 7.5835213 7.5825208 7.5815203 7.5618664 7.5389887 7.516111 7.505408 7.4995982 7.4996551 7.5200334 7.5404118 7.5587598 7.5551645 7.5515691
-9999 7.5207383 7.535055 7.5536302 7.5722054 7.5907806 7.6093559 7.6197151 7.6205921 7.6214691 7.6223461 7.6232231 7.611845 7.5961133 7.578764 7.5614146 7.5440653 7.526716 7.5224938 7.5236518 7.5255195 7.5295696 7.5339074 7.5382452 7.5425831 7.5478297 7.5555119 7.5631942 7.5708764 7.5785587 7.5924179 7.6034801 7.6048976 7.6044357 7.603867 7.6032984 7.6027298 7.6010124 7.5976515 7.5942905 7.5909296 7.5875687 7.5876782 7.5869356 7.5854584 7.5839812 7.5825041 7.5811225 7.580122 7.5604681 7.5375904 7.5147126 7.4918349 7.478316 7.4783729 7.4987513 7.5191296 7.539508 7.5598863 7.5582159
-9999 7.5323485 7.5509237 7.5694989 7.5880742 7.6066494 7.6252246 7.6355839 7.6364609 7.6373379 7.6382149 7.6390919 7.6399689 7.6320333 7.614684 7.5973347 7.5799853 7.562636 7.5452867 7.5371803 7.5415182 7.545856 7.5501938 7.5545317 7.5588695 7.5641161 7.5717983 7.5794806 7.5871629 7.5948451 7.6025274 7.609132 7.6085634 7.6079948 7.6074262 7.6068575 7.6062889 7.6045715 7.6012106 7.5978497 7.5944887 7.5911278 7.5877669 7.5861025 7.5846254 7.5831482 7.581671 7.5801938 7.5787237 7.5590698 7.536192 7.5133143 7.4904366 7.4675589 7.4570907 7.4774691 7.4978475 7.5182258 7.5386042 7.5589825
-9999 7.5525057 7.5710809 7.5896561 7.6082314 7.6268066 7.6481573 7.6610674 7.6619444 7.6628214 7.6636984 7.6645754 7.6606379 7.6502236 7.6372198 7.6198705 7.6025211 7.5851718 7.5678225 7.557031 7.5613688 7.5657067 7.5700445 7.5743823 7.5729804 7.5653971 7.5683166 7.5759988 7.5836811 7.5913634 7.5990456 7.6039097 7.603341 7.6027724 7.6022038 7.6016352 7.6076619 7.6138108 7.6104499 7.6070889 7.603728 7.6003671 7.5896497 7.5839821 7.5835916 7.5821144 7.5806372 7.57916 7.5776828 7.5579587 7.535081 7.5122033 7.4893255 7.4703573 7.4692527 7.4896311 7.5100094 7.5303878 7.5507661 7.5623843
-9999 7.5733423 7.5919175 7.6104928 7.629068 7.651828 7.6751641 7.6880741 7.6889511 7.6898281 7.6907051 7.6836135 7.6738345 7.6634202 7.6517337 7.6400473 7.6229365 7.6055871 7.5882378 7.5774464 7.5817842 7.586122 7.5904598 7.5848202 7.5737342 7.5661509 7.5679557 7.5697606 7.5770675 7.5847498 7.592432 7.5972961 7.5967274 7.5961588 7.5955902 7.605005 7.6178011 7.62395 7.6205891 7.6172281 7.6138672 7.6005029 7.5857456 7.5800779 7.5809447 7.5810489 7.5795717 7.5780945 7.5766173 7.5568931 7.5340154 7.5111377 7.4951244 7.4878178 7.4867132 7.5070916 7.5274699 7.5478483 7.5567957 7.5631005
-9999 7.5941789 7.6127541 7.6321624 7.6554986 7.6788347 7.7021709 7.7150809 7.7159579 7.7163682 7.7065891 7.6968101 7.687031 7.6766167 7.6649303 7.6532439 7.6415574 7.6260025 7.6086532 7.5978617 7.6021995 7.6065374 7.59666 7.585574 7.574488 7.5669047 7.5687095 7.5705143 7.5723192 7.5781362 7.5858184 7.5906824 7.5901138 7.5895519 7.602348 7.6151442 7.6279403 7.6340892 7.6307282 7.6261134 7.6113561 7.5965987 7.5818414 7.5761737 7.5770405 7.5779073 7.5785061 7.5770289 7.5755517 7.5558276 7.5329499 7.5198915 7.5125849 7.5052783 7.5041737 7.5245521 7.5449024 7.5512071 7.5575119 7.5638166
-9999 7.6150155 7.635833 7.6591692 7.6825053 7.7058415 7.7291776 7.7420877 7.7393438 7.7295647 7.7197857 7.7100066 7.7002276 7.6898133 7.6781269 7.6664404 7.654754 7.6430675 7.6290685 7.618277 7.6195858 7.6084998 7.5974137 7.5863277 7.5752417 7.5676584 7.5694633 7.5712681 7.573073 7.5748778 7.5792048 7.5840688 7.586895 7.5996911 7.6124872 7.6252833 7.6380795 7.6442284 7.6369666 7.6222093 7.6074519 7.5926946 7.5779372 7.5722696 7.5731364 7.5740032 7.57487 7.5757368 7.5744862 7.554762 7.5446585 7.537352 7.5300454 7.5227388 7.5216342 7.5393138 7.5456185 7.5519233 7.558228 7.5645328
-9999 7.6381974 7.6615335 7.6848697 7.7082058 7.731542 7.7548781 7.7611327 7.7513537 7.7415746 7.7317956 7.7220166 7.7122375 7.6999815 7.6882951 7.6766087 7.6649222 7.6532358 7.6415493 7.6300445 7.6189585 7.6078724 7.5967864 7.5857004 7.5746144 7.5689821 7.5707869 7.5725918 7.5743966 7.5762015 7.5780063 7.5835654 7.5963615 7.6091577 7.6219538 7.6347499 7.647546 7.6483258 7.6335684 7.6188111 7.6040538 7.5892964 7.5745391 7.5669733 7.5678401 7.5687069 7.5695737 7.5704405 7.5713073 7.5652051 7.5578985 7.5505919 7.5432853 7.5359788 7.5329567 7.5392615 7.5455662 7.551871 7.5581757 7.5644804
-9999 7.6553372 7.6786733 7.7020095 7.7253456 7.7486818 7.7628518 7.7653658 7.7555867 7.7458077 7.7360286 7.7262496 7.7159649 7.7016231 7.6794588 7.6669301 7.6552437 7.6435572 7.6318708 7.6203659 7.6092799 7.5981939 7.5871079 7.5760219 7.5727808 7.5736348 7.5758025 7.5776502 7.5794551 7.5812599 7.5830648 7.5886239 7.60142 7.6142161 7.6270122 7.6398084 7.6492486 7.6482438 7.6334865 7.6187291 7.6039718 7.5892145 7.5772718 7.5640537 7.5534199 7.5542867 7.5551535 7.5560203 7.5568871 7.550785 7.5434784 7.5361718 7.5288652 7.5259099 7.527868 7.5341728 7.5404775 7.5467823 7.553087 7.5543434
-9999 7.672477 7.6958131 7.7191492 7.7407541 7.7539195 7.7670848 7.7695988 7.7598198 7.7500407 7.7402361 7.7298004 7.7193647 7.7050228 7.6828586 7.6606944 7.6455651 7.6338787 7.6221922 7.6106874 7.5996014 7.5885153 7.5774293 7.57703 7.5773938 7.5782478 7.5804156 7.5825833 7.5845135 7.5863184 7.5881232 7.5936823 7.6064785 7.6192746 7.6319506 7.6405586 7.6491667 7.6481619 7.6334045 7.6186472 7.6043491 7.5925605 7.580772 7.5675539 7.5533081 7.5398666 7.5407334 7.5416002 7.542467 7.5363648 7.5290583 7.5217517 7.5201178 7.5208212 7.5227794 7.5290841 7.5353889 7.5412543 7.5420394 7.5428245
-9999 7.6896167 7.7129529 7.7318219 7.7449872 7.7581525 7.7713179 7.7738319 7.7640528 7.7540715 7.7436358 7.7332001 7.7227645 7.7084226 7.6862584 7.6640941 7.6419299 7.6242001 7.6125137 7.6010088 7.5899228 7.5809155 7.5812793 7.5816431 7.5820069 7.5828609 7.5850286 7.5871963 7.5893641 7.5913768 7.5931817 7.5987408 7.6115369 7.6232606 7.6318686 7.6404767 7.6490847 7.6480799 7.6333226 7.6196377 7.6078492 7.5960607 7.5842721 7.571054 7.5568082 7.5425624 7.5283166 7.5271801 7.5280469 7.5219447 7.5146381 7.5143258 7.5150291 7.5157325 7.5176907 7.5239954 7.5289502 7.5297353 7.5305204 7.5313055
-9999 7.7067565 7.7228896 7.7360549 7.7492202 7.7623856 7.7755509 7.7780649 7.767907 7.7574713 7.7470356 7.7365999 7.7261642 7.7118224 7.6896581 7.6674939 7.6453297 7.6231655 7.6028351 7.5913303 7.5851647 7.5855285 7.5858923 7.5862561 7.5866199 7.5874739 7.5896417 7.5918094 7.5939771 7.5961449 7.5982401 7.6037992 7.6145706 7.6231786 7.6317866 7.6403947 7.6490027 7.6479979 7.6349264 7.6231379 7.6113494 7.5995608 7.5877723 7.5745542 7.5603084 7.5460626 7.5318168 7.517571 7.5136267 7.5078303 7.5085337 7.5092371 7.5099405 7.5106438 7.512602 7.5166462 7.5174313 7.5182164 7.5190015 7.5197865
-9999 7.7093127 7.7224781 7.7356434 7.7488087 7.7619741 7.7751394 7.7783821 7.7679464 7.7575108 7.7470751 7.7366394 7.7262037 7.7108163 7.6884936 7.6663293 7.6441651 7.6220009 7.5998367 7.5844846 7.5848484 7.5852122 7.585576 7.5859398 7.5863036 7.5902446 7.5941899 7.5963576 7.5985253 7.6006931 7.6028608 7.6072283 7.6158364 7.6244444 7.6330525 7.6416605 7.6502685 7.6452931 7.6335046 7.621716 7.6099275 7.598139 7.5863504 7.5782169 7.5639711 7.5497253 7.5354795 7.5212337 7.5069879 7.5043928 7.5050962 7.5057995 7.5065029 7.5072063 7.5123547 7.5157868 7.5165719 7.517357 7.5181421 7.5189272
-9999 7.698109 7.7112744 7.7244397 7.7376051 7.7518 7.7718223 7.7757525 7.7611104 7.7497422 7.7393065 7.7288708 7.7184351 7.7030477 7.6777442 7.654559 7.6323947 7.6102305 7.5880663 7.5727142 7.573078 7.5734418 7.5738056 7.5741694 7.5709098 7.5735076 7.5925356 7.6007551 7.6029228 7.6050906 7.6072583 7.6116258 7.6202339 7.6288419 7.63745 7.6458937 7.6505956 7.6443865 7.6225676 7.6088573 7.5970687 7.5852802 7.5734916 7.568392 7.5680116 7.5537658 7.53952 7.5252742 7.5110284 7.5069193 7.5054952 7.5061986 7.506902 7.5076054 7.5127538 7.5332995 7.5404815 7.5412666 7.5420517 7.5428368
-9999 7.6869054 7.7000707 7.713236 7.7294606 7.7494829 7.7695051 7.7734354 7.7587933 7.7441513 7.7315379 7.7211022 7.7106666 7.6952792 7.6699756 7.6446721 7.6206243 7.5984601 7.5762959 7.5609438 7.5613076 7.5616714 7.5612374 7.5577052 7.5541729 7.5567707 7.5757987 7.5948267 7.6073204 7.6094881 7.6116558 7.6160234 7.6246314 7.6332394 7.6406929 7.6453948 7.6500967 7.6438876 7.6220688 7.60025 7.5842099 7.5724214 7.5606329 7.5555332 7.555242 7.5549509 7.5435605 7.5293147 7.5150689 7.5109598 7.5086026 7.5065977 7.5073011 7.5080044 7.5131529 7.5336986 7.5542443 7.5651763 7.5659614 7.5667464
-9999 7.6757017 7.688867 7.7071212 7.7271435 7.7471658 7.767188 7.7711182 7.7564762 7.7418341 7.7271921 7.7133337 7.702898 7.6875106 7.6622071 7.6369035 7.6116 7.5866897 7.5645255 7.5491734 7.5495372 7.5480328 7.5445005 7.5409682 7.5374359 7.5400338 7.5590618 7.5780898 7.5971178 7.6138856 7.6160533 7.6204209 7.6290289 7.6354922 7.6401941 7.644896 7.6495979 7.6433888 7.6215699 7.5997511 7.5779323 7.5595626 7.5477741 7.5426744 7.5423833 7.5420921 7.541801 7.5333552 7.5191094 7.5150003 7.5126431 7.5102858 7.5079286 7.5084035 7.513552 7.5340977 7.5546434 7.5751891 7.589871 7.5906561
-9999 7.6647596 7.6847818 7.7048041 7.7248264 7.7448486 7.7648709 7.7688011 7.7541591 7.739517 7.7248749 7.7102329 7.6955908 7.679742 7.6544385 7.629135 7.6038315 7.5785279 7.5532244 7.537403 7.5348281 7.5312958 7.5277636 7.5242313 7.520699 7.5232968 7.5423248 7.5613528 7.5803808 7.5994088 7.6184369 7.6248184 7.6302914 7.6349933 7.6396952 7.6443971 7.649099 7.6428899 7.6210711 7.5992523 7.5774334 7.5556146 7.5349153 7.5298156 7.5295245 7.5292333 7.5289422 7.528651 7.5231499 7.5190408 7.5166836 7.5143263 7.5119691 7.5096118 7.5139511 7.5344968 7.5550425 7.5755882 7.5961339 7.6145657
-9999 7.6498768 7.669899 7.6899213 7.7099435 7.7299658 7.7479723 7.7465818 7.7319397 7.7172976 7.7026556 7.6880135 7.6733516 7.6621605 7.6453495 7.6200459 7.5947424 7.5694389 7.5441354 7.5254152 7.5218829 7.5183506 7.5148183 7.5112861 7.5077538 7.5274097 7.547573 7.566601 7.585629 7.604657 7.6236851 7.6378197 7.6425216 7.6472235 7.6519254 7.6566273 7.6592164 7.6431326 7.6213137 7.5994949 7.5776761 7.5558572 7.5372481 7.5256609 7.5240608 7.5237696 7.5234785 7.5231874 7.5228962 7.5208434 7.5184862 7.516129 7.5137717 7.5114145 7.5086881 7.5292338 7.5497795 7.5703252 7.5908709 7.6058439
-9999 7.6255154 7.6455377 7.6655599 7.6855822 7.7006492 7.7107404 7.7093498 7.6947077 7.6800657 7.6654236 7.6506798 7.6357612 7.62457 7.6208436 7.6099609 7.5846574 7.5593538 7.5340503 7.5153301 7.5117978 7.5082655 7.5047333 7.5073505 7.5263348 7.5460277 7.5676197 7.588433 7.607461 7.6264891 7.6455171 7.6596517 7.6643536 7.6690555 7.6737574 7.6720934 7.6600183 7.6439345 7.6221157 7.6002969 7.578478 7.5624922 7.5519679 7.5403806 7.5280292 7.5238842 7.5235931 7.5233019 7.5230108 7.520958 7.5186008 7.5162435 7.5131403 7.5026735 7.4991541 7.5196998 7.5402455 7.5607912 7.5718989 7.572076
-9999 7.601154 7.6211763 7.6411986 7.653326 7.6634172 7.6735084 7.6721178 7.6574758 7.6428337 7.628008 7.6130894 7.5981707 7.5869796 7.5832531 7.5795267 7.5745723 7.5492688 7.5239653 7.505245 7.5017128 7.4981805 7.5069842 7.5259685 7.5449528 7.5646456 7.5862377 7.6078297 7.629293 7.6483211 7.6673491 7.6814837 7.6861856 7.6908875 7.6849704 7.6728954 7.6608203 7.6447365 7.6229177 7.6010988 7.5877363 7.577212 7.5666877 7.5551004 7.5427489 7.5303975 7.5237076 7.5234165 7.5231253 7.5210726 7.5187153 7.5140732 7.5036063 7.4931395 7.48962 7.5101658 7.5307115 7.5379538 7.538131 7.5383081
-9999 7.5767927 7.5959116 7.6060028 7.616094 7.6261852 7.6362764 7.6348858 7.6202438 7.6053362 7.5904176 7.5754989 7.5605802 7.5493891 7.5456627 7.5419362 7.5382097 7.5344833 7.5138802 7.49516 7.4916277 7.5066178 7.5256021 7.5445865 7.5635708 7.5832636 7.6048557 7.6264477 7.6480397 7.6696317 7.6891811 7.7033157 7.7080176 7.6978475 7.6857724 7.6736973 7.6616223 7.6455385 7.6237196 7.6129804 7.602456 7.5919317 7.5814074 7.5698201 7.5574687 7.5451173 7.5327658 7.5235311 7.5232399 7.5211871 7.515006 7.5045392 7.4940723 7.4836055 7.480086 7.5006317 7.5040088 7.5041859 7.504363 7.5045402
-9999 7.5485884 7.5586796 7.5687708 7.578862 7.5889532 7.5990445 7.5975831 7.5826644 7.5677458 7.5528271 7.5379084 7.5229897 7.5117986 7.5080722 7.5043457 7.5006193 7.4968928 7.4931664 7.4872672 7.5062515 7.5252358 7.5442201 7.5632044 7.5821888 7.6018816 7.6234737 7.6450657 7.6666577 7.6882497 7.7098417 7.7227996 7.7107245 7.6986494 7.6865744 7.6744993 7.6624242 7.6487487 7.6382244 7.6277001 7.6171758 7.6066515 7.5961272 7.5845399 7.5721884 7.559837 7.5474856 7.5351341 7.5233545 7.5159389 7.505472 7.4950052 7.4845383 7.4740714 7.4698866 7.4700638 7.4702409 7.470418 7.4705951 7.4707723
-9999 7.535069 7.5451602 7.5552515 7.5653427 7.5754339 7.5895017 7.6007659 7.5978272 7.5829085 7.5679899 7.5530712 7.5381525 7.5233662 7.5116874 7.5079609 7.5042345 7.500508 7.4967816 7.4999225 7.5189068 7.5378911 7.5568754 7.5758597 7.5989952 7.6196107 7.6184296 7.6400216 7.6616136 7.6832057 7.7047977 7.7148901 7.7028151 7.69074 7.6786649 7.6665899 7.6591436 7.6504631 7.6352109 7.6246866 7.6141623 7.603638 7.5931137 7.5839036 7.5733275 7.560976 7.5486246 7.5362732 7.5239217 7.520601 7.5114034 7.5009366 7.4904697 7.4800028 7.4714351 7.4699344 7.4701115 7.4702887 7.4704658 7.4706429
-9999 7.5260943 7.5361855 7.5462767 7.556368 7.572569 7.5898669 7.6011312 7.6054316 7.6081818 7.5932631 7.5783444 7.5634258 7.5486394 7.5341182 7.5195969 7.515747 7.5120205 7.5082941 7.511435 7.5304193 7.5494036 7.5683879 7.5948637 7.6260054 7.6466208 7.6390234 7.6314259 7.6520346 7.6736266 7.6952187 7.7053111 7.693236 7.681161 7.6690859 7.6641723 7.6620879 7.6534074 7.6352901 7.6182745 7.6077502 7.5972258 7.5867015 7.5774914 7.5692261 7.5595122 7.5471608 7.5348094 7.5224579 7.5191372 7.5173773 7.509832 7.4993651 7.4888983 7.4803305 7.478341 7.4764292 7.4766063 7.4767835 7.4769606
