P2_models/J1_p2_vp_slide_diff2_35.dat.tif
NCOLS 118
NROWS 92
XLLCORNER 139.62
YLLCORNER -39.07
DX 0.099491525
DY 0.099347826
NODATA_VALUE -9999
[rows 25 to 49 of 92, columns 0 to 56 of 118]
-9999 0.25497067 0.26168015 0.26838963 0.27509911 0.28180859 0.29381564 0.30754853 0.3099138 0.29838958 0.28686537 0.27534115 0.26381693 0.25154731 0.24111298 0.23998939 0.2388658 0.23774221 0.23661862 0.2409886 0.2580325 0.27507639 0.29212028 0.30916418 0.33055536 0.35241997 0.35827346 0.38255614 0.40683882 0.43112149 0.45540417 0.47379067 0.48081123 0.48783179 0.49485235 0.50187292 0.51149017 0.50915353 0.48929735 0.47585261 0.46240788 0.44896314 0.43551841 0.42450425 0.41193641 0.39683255 0.38172869 0.36662483 0.35152097 0.34146344 0.32294987 0.30284441 0.28273895 0.26263348 0.24402185 0.23117299 0.22034369
-9999 0.24239852 0.249108 0.25581748 0.26252696 0.27737581 0.29368606 0.30741896 0.31817725 0.3271381 0.31561388 0.30408966 0.29256544 0.28029582 0.26653349 0.25277116 0.25150306 0.25037947 0.24925587 0.25362586 0.27066975 0.28771365 0.30475754 0.3296468 0.35942246 0.38128707 0.3819481 0.38260913 0.40609603 0.43037871 0.45466139 0.47304789 0.48006845 0.48708901 0.49410957 0.50514762 0.51777276 0.51543611 0.49169452 0.46944679 0.45600206 0.44255732 0.42911258 0.41809842 0.40883157 0.39749543 0.38239157 0.36728771 0.35218385 0.34212633 0.33294095 0.31649966 0.2963942 0.27628874 0.2576771 0.24423988 0.23089612
-9999 0.22982637 0.23653585 0.24462574 0.26093599 0.27724624 0.29355649 0.30728938 0.31804768 0.32880598 0.33956427 0.33283817 0.32131396 0.30904434 0.295282 0.28151967 0.26775734 0.26301672 0.26189313 0.26626311 0.28330701 0.3003509 0.32873824 0.35851389 0.38828955 0.41015417 0.41081519 0.41147622 0.41213725 0.42963593 0.4539186 0.47230511 0.47932567 0.48634623 0.49880507 0.51143021 0.52405534 0.5217187 0.49797711 0.47423551 0.45049392 0.4361515 0.42270676 0.4116926 0.40242575 0.3931589 0.38305445 0.36795059 0.35284673 0.34278921 0.33360383 0.32441846 0.31004945 0.28994399 0.27133235 0.25789513 0.24445791
-9999 0.21725422 0.22818592 0.24449617 0.26080642 0.27711666 0.29342691 0.30715981 0.3179181 0.3286764 0.3394347 0.35019299 0.35006247 0.33779285 0.32403052 0.31026819 0.29650586 0.28274352 0.27453038 0.27890037 0.29805402 0.32782967 0.35760533 0.38738099 0.41715665 0.43902126 0.43968229 0.44034332 0.44100435 0.44166537 0.45317582 0.47156232 0.47983738 0.49246252 0.50508766 0.51771279 0.53033793 0.52800129 0.50425969 0.4805181 0.45677651 0.43303491 0.41630094 0.40528678 0.39601993 0.38675308 0.37748623 0.36821938 0.35350961 0.34345209 0.33426672 0.32508134 0.31589596 0.30359924 0.28498761 0.27155039 0.25811317
-9999 0.21304401 0.22935426 0.24566451 0.26197476 0.27828501 0.29459526 0.30617951 0.3169378 0.3276961 0.33845439 0.34921269 0.35997099 0.36780219 0.35403986 0.34027753 0.3265152 0.31275287 0.29899054 0.29839344 0.3281691 0.35794476 0.38772041 0.41749607 0.44727173 0.46697027 0.4676313 0.46829233 0.46895336 0.46961439 0.47027541 0.47502299 0.48764813 0.50027327 0.5128984 0.52552354 0.53814868 0.53300713 0.50926554 0.48552394 0.46178235 0.43804076 0.41429916 0.39804938 0.38878253 0.37951567 0.37024882 0.36098197 0.35171512 0.34062035 0.33143497 0.32224959 0.31306422 0.30387884 0.2955925 0.28215528 0.26871806
-9999 0.22489727 0.24120752 0.25751777 0.27382801 0.29013826 0.28946542 0.29474346 0.30895404 0.31971234 0.33047063 0.34122893 0.35198723 0.36721708 0.39140148 0.38066644 0.36690411 0.35314178 0.33937944 0.33878235 0.36855801 0.39833366 0.42810932 0.45788498 0.4632562 0.46467356 0.48563575 0.48868336 0.48934439 0.49000542 0.49066645 0.49541403 0.50803916 0.5206643 0.53328944 0.54591458 0.54252355 0.52813905 0.50376082 0.48001923 0.45627764 0.43253604 0.40879445 0.3893527 0.37469923 0.36543238 0.35616553 0.34689868 0.33763183 0.31588074 0.29983433 0.29064895 0.28146357 0.2722782 0.26535893 0.26628917 0.25421137
-9999 0.23675052 0.25306077 0.26937102 0.28197394 0.27942663 0.27687932 0.28215735 0.29646685 0.31077634 0.32248687 0.33324517 0.34400347 0.35923332 0.38341772 0.40760212 0.40729301 0.39353068 0.37976835 0.37917126 0.40894691 0.43872257 0.46849823 0.46407442 0.45819961 0.45961697 0.48057916 0.50154135 0.50973543 0.51039646 0.51105749 0.51580506 0.5284302 0.54105534 0.55259633 0.54521861 0.53784089 0.52345639 0.49904768 0.47463898 0.45077292 0.42703133 0.40328973 0.38384798 0.36749734 0.35134909 0.34208224 0.33281539 0.32354854 0.30179745 0.27788875 0.25904831 0.24986293 0.24067756 0.23375829 0.23468853 0.23561878
-9999 0.24860377 0.26491402 0.27193514 0.26938783 0.26684053 0.26429322 0.26957125 0.28388074 0.29819023 0.31249973 0.32526141 0.33601971 0.35124956 0.37543396 0.39961836 0.42380276 0.43391959 0.42015726 0.41956016 0.44933582 0.47076744 0.46489264 0.45901783 0.45314302 0.45456037 0.47552256 0.49648475 0.51744694 0.53078749 0.53144852 0.5361961 0.54882124 0.55529138 0.54791366 0.54053594 0.53315822 0.51877372 0.49436502 0.46995632 0.44554762 0.42152661 0.39778502 0.37834327 0.36199262 0.34564197 0.32929133 0.31873209 0.30946524 0.28771416 0.26380545 0.23989675 0.21826229 0.20907692 0.20215764 0.20308789 0.20401814
-9999 0.26045702 0.26189635 0.25934904 0.25680173 0.25425442 0.25170711 0.25698515 0.27129464 0.28560413 0.29991362 0.31422312 0.32803594 0.3432658 0.3674502 0.3916346 0.415819 0.4400034 0.46054617 0.45994907 0.47158566 0.46571085 0.45983604 0.45396123 0.44808642 0.44950378 0.47046597 0.49142816 0.51239035 0.53335254 0.55183956 0.55658713 0.55798643 0.55060871 0.543231 0.53585328 0.52847556 0.51409106 0.48968236 0.46527365 0.44086495 0.41645625 0.3922803 0.37283855 0.35648791 0.34013726 0.32378661 0.30743597 0.29538195 0.27363086 0.24972216 0.22581346 0.20190476 0.17799605 0.170557 0.17148725 0.17241749
-9999 0.25638961 0.2538423 0.25129499 0.24874768 0.24620037 0.24365306 0.25440546 0.26864785 0.28295734 0.29726683 0.31157632 0.32588581 0.34024866 0.3628925 0.3870769 0.4112613 0.4354457 0.4596301 0.47472505 0.46885024 0.46297543 0.45710062 0.45122581 0.445351 0.44837145 0.46616941 0.4871316 0.50809379 0.52905598 0.55001817 0.56130037 0.55392265 0.54654494 0.53916722 0.5317895 0.52441178 0.50601917 0.48168091 0.45727221 0.43286351 0.40845481 0.38404611 0.36038475 0.34403411 0.32768346 0.31133281 0.29498217 0.27863152 0.25667306 0.23276436 0.20885566 0.18494696 0.16103826 0.1447111 0.14775584 0.14868608
-9999 0.25581015 0.25326284 0.25071553 0.24816822 0.24928231 0.25943843 0.27064754 0.28307191 0.29670319 0.31101268 0.32532217 0.33963166 0.35399451 0.36846423 0.38816973 0.41235413 0.43653853 0.46072293 0.47581787 0.46994306 0.46406825 0.45819345 0.4530769 0.45872321 0.46447012 0.47048665 0.48408853 0.50505072 0.52601291 0.5469751 0.5582573 0.55087959 0.54350187 0.53612415 0.52712556 0.51051773 0.49115457 0.46784954 0.44379719 0.41938849 0.39497979 0.37057108 0.34594179 0.32115391 0.30376871 0.28741806 0.27106742 0.25471677 0.23347619 0.21106572 0.18715701 0.16324831 0.13933961 0.12301246 0.13294686 0.13793319
-9999 0.25523069 0.25268339 0.25013608 0.25536825 0.26552438 0.27568051 0.28688961 0.29931398 0.31173835 0.32475853 0.33906802 0.35337751 0.36774037 0.38221008 0.3966798 0.41344695 0.43763135 0.46181575 0.4769107 0.47103589 0.46516108 0.46352925 0.46917556 0.47482187 0.48056878 0.48658532 0.49260186 0.50200765 0.52296984 0.54393203 0.55521424 0.54783652 0.5404588 0.5288688 0.51226097 0.49565313 0.47628998 0.45298495 0.42967992 0.40591347 0.38150477 0.35709606 0.33246677 0.30767889 0.28289101 0.26350331 0.24715267 0.23080202 0.20956144 0.18747574 0.16539004 0.14154967 0.11764097 0.10131381 0.11124822 0.12118263
-9999 0.25465124 0.25210393 0.2614542 0.27161033 0.28176645 0.29192258 0.30313168 0.31555606 0.32798043 0.3404048 0.35282917 0.36712336 0.38148622 0.39595593 0.41042565 0.42489537 0.43936508 0.46290858 0.47800352 0.47212872 0.47398161 0.47962792 0.48527423 0.49092054 0.49666745 0.50268399 0.50870053 0.51471707 0.52073361 0.54088897 0.55217117 0.54479345 0.53061204 0.51400421 0.49739637 0.48078854 0.46142539 0.43812035 0.41481532 0.39151029 0.36802974 0.34362104 0.31899175 0.29420387 0.26941599 0.24462812 0.22323792 0.20688727 0.18564669 0.16356099 0.14147529 0.1193896 0.095942321 0.079615167 0.089549574 0.09948398
-9999 0.25738402 0.26754015 0.27769627 0.2878524 0.29800853 0.30816466 0.31937376 0.33179813 0.3442225 0.35664687 0.36907124 0.38149561 0.39523207 0.40970179 0.4241715 0.43864122 0.45311093 0.46758065 0.47909635 0.48443397 0.49008028 0.49572659 0.5013729 0.50701921 0.51276612 0.51878266 0.5247992 0.53081573 0.53683227 0.54284881 0.54896311 0.53235528 0.51574745 0.49913961 0.48253178 0.46592395 0.44656079 0.42325576 0.39995073 0.37664569 0.35334066 0.33003563 0.30551673 0.28072885 0.25594097 0.23115309 0.20636522 0.18297252 0.16173194 0.13964624 0.11756054 0.095474847 0.073389149 0.057916522 0.067850929 0.077785335
-9999 0.26484489 0.27500102 0.28515715 0.29531328 0.3054694 0.31255895 0.32014698 0.33257135 0.34499572 0.35742009 0.36984446 0.37995613 0.39049357 0.40921906 0.42368878 0.43815849 0.45262821 0.46709793 0.47889958 0.48454589 0.49019219 0.4958385 0.50148481 0.50910298 0.51883719 0.52012694 0.52614348 0.53216002 0.53817656 0.5441931 0.54248189 0.52587406 0.50926623 0.49265839 0.47605056 0.45679802 0.43321035 0.40990532 0.38660029 0.36329526 0.33999022 0.31698919 0.28453162 0.254715 0.22992712 0.20513925 0.18035137 0.15556349 0.1330796 0.11099391 0.088908208 0.066822511 0.045382914 0.034256512 0.044190918 0.054125325
-9999 0.26933585 0.27949197 0.2896481 0.29980423 0.30470284 0.30810039 0.31568842 0.32811279 0.34053716 0.35296154 0.36074892 0.36600338 0.37654082 0.39765773 0.41839375 0.43286347 0.44733319 0.4618029 0.47360455 0.47925086 0.48489717 0.49054348 0.50059594 0.51429045 0.52402465 0.52314424 0.52249763 0.52851417 0.53453071 0.54054725 0.53883604 0.52222821 0.50562038 0.48901254 0.4677449 0.44395968 0.42037202 0.39706699 0.37376196 0.35045692 0.32760657 0.30488322 0.27242566 0.23297028 0.19967247 0.17488459 0.15009672 0.12530884 0.10282495 0.080739253 0.058653556 0.038266069 0.021059543 0.0099331401 0.019867547 0.029801953
-9999 0.2738268 0.28398293 0.29344917 0.29684673 0.30024428 0.30364184 0.31122986 0.32365423 0.33607861 0.34154171 0.34679617 0.35205063 0.36258806 0.38370497 0.40482189 0.4259388 0.44203816 0.45650788 0.46830953 0.47395584 0.47960215 0.4920889 0.50578341 0.51947792 0.52921212 0.52833171 0.52745129 0.52657087 0.53088486 0.5369014 0.53519019 0.51858236 0.50197453 0.47869179 0.45490657 0.43112135 0.40753369 0.38422866 0.36094731 0.33822396 0.31550061 0.29277726 0.26031969 0.22086432 0.18140895 0.14462994 0.11984206 0.095054187 0.072570298 0.0504846 0.031149224 0.013942698 -0.0032638288 -0.014390231 -0.0044558249 0.0054785816
-9999 0.27831775 0.28559306 0.28899062 0.29238817 0.29578572 0.29918328 0.30677131 0.31708004 0.3223345 0.32758896 0.33284341 0.33809787 0.34863531 0.36975222 0.39086913 0.41198604 0.43310295 0.45121286 0.46301451 0.46988734 0.48358185 0.49727637 0.51097088 0.52466539 0.53439959 0.53351917 0.53263876 0.53175834 0.53087793 0.53325555 0.53154434 0.5134239 0.48963868 0.46585346 0.44206824 0.41828302 0.39469536 0.37156469 0.34884134 0.32611799 0.30339464 0.28067129 0.24821373 0.20875835 0.16930298 0.12984761 0.090392239 0.064799534 0.042315645 0.024032379 0.0068258524 -0.010380674 -0.0275872 -0.038713603 -0.027785062 -0.011253835
-9999 0.28034296 0.28374051 0.28713806 0.29053562 0.29393317 0.29733073 0.30150124 0.3067557 0.31201016 0.31726461 0.32251907 0.32777353 0.3374859 0.35860281 0.37971972 0.40083663 0.42195354 0.44307045 0.46194294 0.47563745 0.48933196 0.50302647 0.51672098 0.53041549 0.53521866 0.53433825 0.53345783 0.53257742 0.531697 0.53081659 0.52211264 0.49832742 0.4745422 0.45075698 0.42697176 0.40318654 0.38039194 0.35766859 0.33494524 0.31222189 0.28949855 0.2667752 0.23553024 0.19607487 0.15661949 0.11716412 0.07770875 0.038253379 0.019561218 0.0023546913 -0.014851835 -0.032058361 -0.049264888 -0.061526529 -0.044995302 -0.028464074
-9999 0.29814503 0.30154258 0.30494014 0.30833769 0.31173524 0.32161259 0.32610807 0.32379702 0.32905148 0.33430594 0.33956039 0.34481485 0.35351094 0.36909911 0.38971326 0.41083017 0.43194708 0.453064 0.47193648 0.48563099 0.49932551 0.51302002 0.52671453 0.52942261 0.52288912 0.50446548 0.50133022 0.50044981 0.49956939 0.49868898 0.48998503 0.46619981 0.44241459 0.41862937 0.39484415 0.38070819 0.36096105 0.33027121 0.30754786 0.28482451 0.26210116 0.23937781 0.21189632 0.17903566 0.13958028 0.10012491 0.060669541 0.02121417 0.01170477 0.00063090079 -0.016575626 -0.033782152 -0.050988678 -0.064840044 -0.067069543 -0.052508784
-9999 0.3159471 0.31934466 0.32274221 0.32761728 0.33812032 0.34862337 0.35311884 0.35068081 0.34824278 0.35134726 0.35660172 0.36185617 0.37055227 0.38614043 0.4017286 0.42082372 0.44194063 0.46305754 0.48193003 0.49562454 0.50931905 0.52301356 0.52138282 0.51928554 0.51275205 0.49432841 0.47590477 0.4683222 0.46744179 0.46656137 0.45785742 0.4340722 0.41028698 0.38727653 0.37537954 0.36348255 0.34373541 0.31275752 0.28177963 0.25742713 0.23470378 0.21198043 0.18449893 0.15359687 0.12254108 0.083085704 0.043630332 0.0041749606 -0.005334439 -0.0096683609 -0.018299416 -0.035505942 -0.052712469 -0.066563835 -0.068793333 -0.071022832
-9999 0.33374918 0.33714673 0.34412501 0.35462805 0.36513109 0.37563414 0.38012961 0.37769158 0.37525355 0.37281552 0.37364304 0.3788975 0.38759359 0.40318176 0.41876992 0.43435809 0.45193418 0.47305109 0.49192357 0.50561809 0.51544031 0.51334303 0.51124575 0.50914847 0.50261498 0.48419134 0.4657677 0.44734406 0.43531418 0.43443376 0.42572982 0.4019446 0.38194788 0.37005089 0.3581539 0.3462569 0.32650976 0.29553187 0.26455399 0.2335761 0.2073064 0.18458305 0.15710155 0.12619948 0.095297415 0.064395348 0.026591123 -0.012864248 -0.022373648 -0.02670757 -0.031041492 -0.037229733 -0.054436259 -0.068287625 -0.070517124 -0.072746622
-9999 0.35155125 0.36063274 0.37113578 0.38163882 0.39214187 0.40264491 0.40714038 0.40470235 0.40226432 0.39982629 0.39738826 0.39593882 0.40463491 0.42022308 0.43581124 0.45139941 0.46698758 0.48304463 0.50191712 0.50740052 0.50530324 0.50320596 0.50110868 0.49901139 0.49247791 0.47405427 0.45563063 0.43720699 0.41878335 0.40230616 0.39360221 0.37661923 0.36472224 0.35282525 0.34092825 0.32903126 0.30928412 0.27830623 0.24732834 0.21635045 0.18537257 0.15718567 0.12970417 0.098802101 0.067900033 0.036997965 0.0060958974 -0.029903457 -0.039412857 -0.043746779 -0.048080701 -0.052414623 -0.056748545 -0.070011416 -0.072240914 -0.074470413
-9999 0.36691042 0.37741347 0.38791651 0.39841955 0.4089226 0.41942564 0.42872703 0.426289 0.42385097 0.42141294 0.4189749 0.41653687 0.41262637 0.42603044 0.44161861 0.45720678 0.47279494 0.48838311 0.49862346 0.49652618 0.4944289 0.49233162 0.49023434 0.48813705 0.48360356 0.46555347 0.44712983 0.42870619 0.41028255 0.39185891 0.37566456 0.36376757 0.35187058 0.33997358 0.32807659 0.31617959 0.29544184 0.26446395 0.23348606 0.20250817 0.17153029 0.14074897 0.12032424 0.089422175 0.058520108 0.02761804 -0.0032840281 -0.034186096 -0.042435085 -0.046769007 -0.051102929 -0.055436851 -0.059770773 -0.063625928 -0.065855427 -0.068084925
-9999 0.36743321 0.37793626 0.3884393 0.39894234 0.41257654 0.4322726 0.44169347 0.43925544 0.4368174 0.43437937 0.43055495 0.42149698 0.41663208 0.42016403 0.42957258 0.44516074 0.46074891 0.47633707 0.48657743 0.48448015 0.48238286 0.48028558 0.47854566 0.47949398 0.47561246 0.45878574 0.44122945 0.42280581 0.40438218 0.38595854 0.36976419 0.35786719 0.3459702 0.3340732 0.32173292 0.30787678 0.28697652 0.25599863 0.22502074 0.19404286 0.16397718 0.13549259 0.11687534 0.1053516 0.077774158 0.04687209 0.015970022 -0.014932046 -0.023181035 -0.027514957 -0.031848879 -0.036182801 -0.04050226 -0.044352891 -0.04658239 -0.048811888
