P2_models/J1_p2__temp2_slide_300.dat.tif
NCOLS 118
NROWS 92
XLLCORNER 139.62
YLLCORNER -39.07
DX 0.099491525
DY 0.099347826
NODATA_VALUE -9999
[rows 27 to 53 of 92, columns 0 to 59 of 118]
-9999 1284.3653 1277.5448 1270.4594 1261.7971 1253.1348 1244.4726 1239.5777 1239.031 1238.4843 1237.9376 1239.0979 1240.7266 1248.0805 1266.8993 1285.7181 1304.5369 1314.7112 1321.4195 1325.2009 1322.2294 1319.2579 1315.1031 1310.8034 1306.5037 1301.3386 1293.8542 1286.3697 1278.8852 1283.0364 1291.8756 1298.2826 1300.0009 1301.7193 1311.1172 1320.75 1330.3828 1341.1852 1353.6607 1366.1363 1378.6118 1376.6718 1373.3549 1365.5833 1354.6092 1343.6352 1334.77 1338.4928 1342.2155 1358.3417 1376.6115 1394.8814 1406.0322 1409.3047 1408.099 1391.3808 1374.6627 1357.9446 1347.209 1337.5619
-9999 1289.071 1281.4405 1272.7782 1264.116 1255.4537 1246.7914 1241.8965 1241.3498 1240.8031 1240.2564 1239.7097 1240.226 1247.5799 1266.3987 1285.2176 1304.0364 1322.8552 1336.3568 1340.1381 1336.9466 1332.6469 1328.3472 1324.0475 1319.7478 1314.5827 1307.0983 1299.6138 1292.1294 1284.6449 1284.6579 1291.0649 1294.5547 1304.1875 1313.8203 1323.4531 1333.0859 1343.8883 1356.3638 1368.8394 1381.315 1393.7905 1395.5184 1387.7468 1376.7727 1365.7986 1354.8245 1343.8504 1346.5809 1362.7071 1380.9769 1399.2467 1417.5166 1431.5134 1430.3077 1413.5895 1396.8714 1380.1533 1363.4351 1351.3577
-9999 1293.6227 1284.9604 1276.2982 1267.6359 1258.9736 1250.3113 1246.3249 1245.7781 1245.2314 1244.6847 1244.138 1243.5913 1247.4758 1266.2946 1285.1134 1303.9323 1322.7511 1341.5699 1353.398 1349.0983 1344.7986 1340.499 1336.1993 1331.8996 1330.4748 1322.9903 1315.5059 1308.0214 1300.537 1293.0525 1291.4147 1301.0475 1310.6803 1320.3132 1329.946 1339.5788 1347.2944 1359.7699 1372.2455 1384.721 1397.1966 1409.6721 1406.9709 1395.9969 1385.0228 1374.0487 1363.0746 1352.1005 1364.8791 1383.1489 1401.4188 1419.6886 1437.9585 1449.3024 1432.5843 1415.8661 1399.148 1382.4299 1365.7118
-9999 1307.0305 1298.3682 1289.7059 1281.0436 1272.3813 1267.7109 1266.1373 1267.5725 1267.0258 1266.4791 1265.9324 1265.3857 1266.4199 1270.6201 1288.2727 1307.0915 1325.9103 1344.7292 1356.5573 1352.2576 1347.9579 1343.6582 1339.3585 1334.7662 1336.8933 1357.3916 1353.1968 1345.7123 1338.2278 1330.7434 1329.1056 1338.7384 1348.3712 1358.004 1367.6368 1365.9214 1364.7988 1368.9632 1381.4388 1393.9143 1406.3899 1418.8654 1410.8932 1391.024 1380.0499 1369.0758 1358.1017 1347.1276 1353.2685 1367.2647 1385.5346 1403.8044 1422.0742 1434.0916 1424.4512 1408.4028 1391.6847 1374.9665 1358.2484
-9999 1320.4382 1311.7759 1303.1136 1295.3227 1291.0929 1286.863 1285.2894 1286.7815 1288.2735 1288.2735 1287.7268 1287.18 1288.2143 1292.4145 1296.6147 1310.2508 1329.0696 1347.8884 1359.7166 1355.4169 1351.1172 1346.8175 1342.1077 1337.3805 1339.5076 1360.0059 1380.5042 1383.4032 1375.9187 1368.4343 1366.7965 1376.4293 1386.0621 1394.9267 1390.3865 1385.8464 1384.7237 1388.4903 1392.2569 1403.1076 1415.5831 1428.0587 1420.0865 1397.4146 1375.077 1364.1029 1353.1288 1342.1547 1348.2956 1357.3945 1369.6503 1387.9202 1406.19 1418.2074 1408.567 1398.9266 1384.2213 1367.5032 1350.7851
-9999 1333.8459 1325.1836 1318.7047 1314.4749 1310.245 1306.0152 1304.4416 1305.9336 1307.4256 1308.9177 1309.5211 1308.9744 1310.0087 1314.2089 1318.4091 1322.6093 1332.2289 1351.0477 1362.8758 1358.5761 1354.1764 1349.4492 1344.722 1339.9949 1342.122 1362.6203 1383.1185 1403.6168 1413.6096 1406.1251 1404.4874 1414.1202 1419.3919 1414.8517 1410.3115 1405.7713 1404.6486 1408.4153 1412.1819 1415.9485 1424.7764 1437.2519 1429.2797 1406.6079 1383.936 1361.2642 1348.1559 1337.1818 1343.3228 1352.4216 1361.5205 1372.0359 1390.3058 1402.3231 1392.6828 1383.0424 1373.402 1360.0398 1343.3217
-9999 1347.2536 1342.0867 1337.8569 1333.627 1329.3972 1325.1673 1323.5937 1325.0857 1326.5778 1328.0698 1329.5619 1330.7688 1331.803 1336.0032 1340.2034 1344.4036 1348.6038 1354.2069 1366.0351 1361.5179 1356.7907 1352.0635 1347.3364 1342.6092 1344.7363 1365.2346 1385.7329 1406.2312 1426.7294 1443.816 1442.1782 1443.857 1439.3168 1434.7766 1430.2364 1425.6962 1424.5736 1428.3402 1432.1068 1435.8734 1439.64 1446.4452 1438.473 1415.8011 1393.1293 1370.4574 1347.7856 1332.2089 1338.3499 1347.4487 1356.5476 1365.6464 1374.7453 1386.4389 1376.7985 1367.1582 1357.5178 1347.8774 1335.8584
-9999 1355.6858 1351.4559 1347.2261 1342.9962 1338.7664 1334.5365 1331.1022 1332.0771 1333.5692 1335.0612 1336.5533 1338.0453 1347.2816 1354.7397 1358.9399 1363.1401 1367.3403 1371.5405 1373.0412 1368.314 1363.5869 1358.8597 1354.1325 1349.4053 1343.9612 1358.8849 1379.3832 1399.8814 1420.3797 1440.878 1452.824 1448.2838 1443.7436 1439.2034 1434.6632 1430.1231 1428.5812 1431.8124 1435.579 1439.3456 1443.1122 1446.8788 1448.5838 1425.912 1403.2401 1380.5683 1357.8964 1335.2246 1341.8077 1350.9066 1360.0055 1369.1043 1378.2032 1382.5792 1372.3886 1362.7482 1353.1078 1343.4675 1333.8271
-9999 1348.9202 1344.6903 1340.4605 1336.2306 1334.8165 1340.3561 1337.273 1324.2383 1320.5041 1321.9961 1323.4882 1324.9802 1334.2165 1358.961 1372.6331 1376.8333 1381.0335 1385.2337 1386.7344 1382.0072 1377.28 1372.5528 1367.7699 1362.195 1356.5503 1350.718 1358.2493 1378.7476 1399.2459 1419.7442 1431.6901 1427.1499 1422.6097 1418.0696 1414.6305 1416.361 1415.4785 1410.8576 1411.9161 1415.6827 1419.4493 1423.2159 1428.1926 1434.0392 1414.8643 1392.1924 1369.5206 1346.8487 1355.2907 1368.2691 1377.368 1386.4669 1395.5657 1399.9417 1387.9583 1377.2625 1367.6221 1357.9817 1348.3414
-9999 1342.1546 1337.9248 1333.6949 1335.4478 1340.9873 1346.5269 1343.4438 1330.4091 1317.3744 1308.931 1310.423 1311.9151 1321.1514 1345.8959 1370.6404 1390.5264 1394.7266 1398.9268 1400.4275 1395.7003 1390.9732 1385.9338 1380.359 1374.7841 1369.1394 1363.3071 1357.4749 1357.6137 1378.112 1398.6103 1410.5562 1406.0161 1401.4759 1399.7974 1401.5279 1403.2583 1402.3758 1397.7549 1393.1341 1392.0198 1395.7864 1399.553 1404.5297 1410.3763 1416.2229 1403.8165 1381.1447 1358.4728 1366.9149 1380.7342 1394.5536 1403.8294 1412.9283 1417.3043 1405.3209 1393.3375 1382.1364 1372.496 1362.8556
-9999 1335.389 1331.1592 1336.079 1341.6186 1347.1581 1352.6977 1349.6146 1336.5799 1323.5452 1310.5105 1297.4758 1298.85 1308.0863 1332.8308 1357.5753 1382.3199 1407.0644 1412.62 1414.1207 1409.3935 1404.0978 1398.5229 1392.9481 1387.3732 1381.7285 1375.8962 1370.064 1364.2318 1358.3996 1377.4764 1389.4224 1384.8822 1384.9642 1386.6947 1388.4252 1390.1557 1389.2731 1384.6522 1380.0314 1375.4105 1372.1235 1375.8901 1380.8668 1386.7134 1392.56 1398.4066 1392.7688 1370.097 1378.539 1392.3584 1406.1777 1419.9971 1430.2908 1434.6668 1422.6834 1410.7 1398.7166 1387.0103 1377.3699
-9999 1331.1707 1336.7102 1342.2498 1347.7893 1353.3289 1358.8685 1355.7854 1342.7507 1329.716 1316.6813 1303.6466 1290.6119 1295.0212 1319.7657 1344.5102 1369.2548 1393.9993 1418.7439 1427.8138 1422.2617 1416.6869 1411.112 1405.5372 1399.9623 1394.3176 1388.4853 1382.6531 1376.8209 1370.9886 1365.1564 1368.4006 1370.1311 1371.8615 1373.592 1375.3225 1377.053 1376.1704 1371.5496 1366.9287 1362.3078 1357.687 1353.0661 1357.2038 1363.0505 1368.8971 1374.7437 1380.5903 1381.7211 1390.1631 1403.9825 1417.8019 1431.6212 1445.4406 1452.0293 1440.0459 1428.0625 1416.0792 1404.0958 1392.1124
-9999 1328.6681 1334.2076 1339.7472 1345.2868 1350.8263 1358.3733 1357.6606 1344.626 1331.5913 1318.5566 1305.5219 1293.3855 1290.2092 1306.1464 1330.8909 1355.6355 1380.38 1405.1245 1420.7009 1415.1261 1409.5513 1403.9764 1398.4016 1393.6732 1392.556 1391.7968 1385.9646 1380.1323 1374.3001 1368.4679 1365.2188 1366.9493 1368.6798 1370.4103 1372.1407 1374.8389 1375.5021 1370.8813 1366.2604 1361.6395 1357.0187 1353.7293 1352.9989 1356.9215 1362.7681 1368.6147 1374.4614 1380.308 1392.9525 1406.7719 1420.5912 1434.4106 1446.0301 1441.1781 1429.1947 1417.2113 1405.2279 1393.2445 1384.6504
-9999 1323.232 1328.7716 1334.3111 1339.8507 1348.8319 1358.7957 1358.0831 1345.0484 1332.0137 1318.979 1307.7455 1297.4959 1294.3196 1305.3078 1317.0842 1341.8287 1366.5732 1391.3178 1406.8942 1401.3194 1395.7445 1390.1697 1386.4863 1384.3665 1383.2493 1384.8192 1386.1382 1380.306 1374.4738 1368.6415 1365.3925 1367.123 1368.8534 1370.5839 1374.0194 1378.3761 1379.0394 1374.4185 1369.7976 1365.1768 1362.5473 1360.4741 1359.7437 1359.9787 1362.5694 1368.4161 1374.2627 1380.1093 1392.7538 1406.5732 1420.3925 1428.4298 1425.6366 1420.7846 1408.8012 1396.8178 1384.8344 1377.6909 1372.4349
-9999 1317.796 1323.3355 1329.3267 1339.2905 1349.2544 1359.2182 1358.5055 1345.4708 1332.4361 1322.1055 1311.8559 1301.6063 1298.43 1309.4182 1320.4063 1331.3945 1352.7665 1377.511 1393.0874 1387.5126 1381.9378 1379.2994 1377.1796 1375.0598 1373.9425 1375.5125 1377.0824 1378.6524 1374.6474 1368.8152 1365.5661 1367.2966 1369.0271 1373.1999 1377.5566 1381.9134 1382.5766 1377.9557 1373.4386 1371.3654 1369.2922 1367.219 1366.4886 1366.7235 1366.9585 1368.2174 1374.064 1379.9106 1392.5551 1406.3745 1410.8295 1408.0363 1405.2431 1400.3911 1388.4077 1376.4243 1370.7315 1365.4755 1360.2195
-9999 1312.3599 1319.7853 1329.7491 1339.713 1349.6768 1359.6406 1358.928 1346.7151 1336.4655 1326.2159 1315.9663 1305.7168 1302.5404 1313.5286 1324.5167 1335.5049 1346.4931 1363.7043 1379.2807 1374.2324 1372.1125 1369.9927 1367.8729 1365.753 1364.6358 1366.2057 1367.7757 1369.3456 1370.9156 1368.9888 1365.7398 1368.0237 1372.3804 1376.7371 1381.0939 1385.4506 1386.1138 1382.2566 1380.1834 1378.1102 1376.037 1373.9638 1373.2334 1373.4684 1373.7033 1373.9383 1374.1732 1379.7119 1392.3564 1393.2293 1390.436 1387.6428 1384.8496 1379.9976 1369.028 1363.772 1358.516 1353.26 1348.004
-9999 1312.6019 1322.5658 1332.5296 1342.4934 1352.4572 1362.4211 1361.7994 1351.5498 1341.3002 1331.0506 1320.8011 1310.5515 1307.1149 1318.1031 1329.0912 1340.0794 1351.0676 1362.0558 1369.0803 1366.9604 1364.8406 1362.7208 1360.6009 1358.4811 1356.8528 1358.4227 1359.9927 1361.5626 1363.1325 1364.7025 1367.2243 1371.581 1375.9377 1380.2944 1384.6512 1389.0079 1391.0031 1388.9299 1386.8567 1384.7835 1382.7103 1380.6371 1382.0112 1382.2461 1382.481 1382.716 1382.9509 1383.1859 1377.7292 1374.936 1372.1427 1369.3495 1366.5563 1364.2572 1359.0013 1353.7453 1348.4893 1343.2333 1337.9773
-9999 1333.1665 1343.1303 1353.0942 1363.058 1373.0218 1368.0951 1363.8294 1361.8473 1351.5977 1341.3481 1331.0986 1320.849 1317.0919 1326.3363 1337.1659 1348.1541 1359.1422 1370.1304 1377.1549 1375.0351 1372.9153 1370.7954 1368.6756 1361.7111 1356.5002 1361.669 1363.7015 1365.2714 1366.8414 1368.4113 1370.9331 1375.2899 1379.6466 1384.0033 1388.36 1398.1486 1401.8078 1395.0637 1392.9905 1390.9173 1388.8441 1386.7709 1394.6762 1406.3559 1406.5909 1406.8258 1407.0607 1407.2957 1385.9124 1372.4827 1369.6895 1366.8963 1364.103 1362.4403 1364.6934 1360.2261 1354.9701 1349.7141 1344.4581
-9999 1353.7311 1363.6949 1373.6587 1380.2272 1373.8627 1367.4982 1363.2325 1361.3892 1359.5458 1351.6457 1341.3961 1331.1465 1327.3894 1336.6338 1345.8782 1356.2287 1367.2169 1378.2051 1385.2296 1383.1097 1380.9899 1378.8701 1369.9922 1360.9087 1355.6978 1360.8666 1366.0354 1368.9803 1370.5502 1372.1202 1374.642 1378.9987 1383.3554 1388.1483 1399.1972 1410.2462 1413.9054 1406.9924 1400.0795 1397.0511 1394.9779 1392.9047 1400.81 1415.8887 1430.7007 1430.9356 1431.1706 1431.4055 1410.0222 1384.9027 1367.2362 1364.443 1361.6498 1359.987 1362.2402 1364.4933 1361.451 1356.195 1350.939
-9999 1374.2957 1384.2595 1385.9948 1379.6303 1373.2658 1366.9013 1362.6356 1360.7922 1358.9489 1357.1055 1351.6936 1341.444 1337.6869 1346.9313 1356.1757 1365.4201 1375.2915 1386.2797 1393.3042 1391.1844 1387.357 1378.2734 1369.1898 1360.1063 1354.8954 1360.0642 1365.233 1370.4019 1374.2591 1375.829 1378.3508 1382.7075 1389.1969 1400.2459 1411.2948 1422.3438 1426.003 1419.09 1412.1771 1405.2641 1401.1117 1399.0385 1406.9438 1422.0225 1437.1012 1452.18 1455.2804 1455.5153 1434.132 1409.0126 1383.8931 1361.9897 1359.1965 1357.5338 1359.7869 1362.04 1364.2932 1362.6759 1357.4199
-9999 1394.8602 1391.7624 1385.3979 1379.0334 1372.6689 1366.3043 1362.0387 1360.1953 1358.3519 1356.5086 1354.6652 1351.7415 1347.9844 1357.2288 1366.4732 1375.7176 1384.9621 1394.3544 1401.3789 1395.6382 1386.5546 1377.471 1368.3875 1359.3039 1354.093 1359.2618 1364.4307 1369.5995 1374.7683 1379.5379 1382.0597 1390.2456 1401.2945 1412.3435 1423.3924 1434.4414 1438.1006 1431.1876 1424.2747 1417.3617 1410.4488 1405.1722 1413.0776 1428.1563 1443.235 1458.3137 1473.3925 1479.6251 1458.2419 1433.1224 1408.0029 1382.8834 1357.7639 1355.0805 1357.3336 1359.5868 1361.8399 1364.093 1363.9007
-9999 1402.9862 1396.6216 1390.2571 1383.8926 1377.5281 1371.1635 1363.9884 1362.1451 1360.3017 1358.4583 1356.615 1354.7716 1350.4967 1360.8394 1370.0838 1379.3282 1388.5726 1397.817 1401.5193 1392.4358 1383.3522 1374.2686 1365.185 1356.1015 1353.386 1356.9859 1362.1547 1367.3236 1372.4924 1377.6613 1384.8385 1395.8875 1406.9365 1417.9854 1429.0344 1440.0833 1438.4613 1431.5484 1424.6354 1417.7225 1410.8095 1406.0722 1408.3627 1423.4414 1438.5202 1453.5989 1468.6776 1483.7563 1464.5604 1439.441 1414.3215 1389.202 1364.0825 1360.0483 1362.3014 1364.5545 1366.8077 1369.0608 1371.8081
-9999 1416.5164 1410.1519 1403.7874 1397.4229 1389.1628 1377.233 1369.9855 1368.1421 1366.2988 1364.4554 1359.3498 1341.9297 1335.4091 1350.7156 1363.0672 1372.3116 1381.556 1390.8004 1394.5027 1385.4192 1376.3356 1367.252 1359.1538 1358.4676 1357.5498 1356.0112 1357.5371 1362.7059 1367.8747 1373.0436 1380.2209 1391.2698 1402.3188 1413.3677 1422.0534 1422.6578 1420.1694 1413.2564 1406.3435 1399.4306 1402.614 1423.297 1422.6981 1406.8001 1416.5643 1431.643 1446.7217 1461.8005 1442.6046 1417.4851 1392.3656 1367.2461 1371.6199 1376.8098 1379.0629 1381.3161 1383.5692 1387.9083 1396.7214
-9999 1430.0467 1423.6822 1417.3177 1407.0897 1395.1599 1383.23 1375.9826 1374.1392 1372.2958 1361.6824 1344.2622 1326.8421 1320.3215 1335.6279 1350.9344 1365.295 1374.5394 1383.7838 1387.4861 1378.4026 1369.319 1364.0037 1363.3175 1362.6314 1361.7136 1360.175 1358.6364 1358.0882 1363.257 1368.4259 1375.6032 1386.6521 1397.7011 1403.1571 1403.7615 1404.3658 1401.8775 1394.9645 1388.0516 1399.1558 1419.8387 1440.5217 1439.9228 1424.0248 1408.1267 1409.6871 1424.7659 1439.8446 1420.6487 1395.5292 1376.306 1382.3437 1388.3814 1393.5713 1395.8245 1398.0776 1404.0084 1412.8216 1421.6348
-9999 1443.577 1436.9465 1425.0167 1413.0868 1401.157 1389.2271 1381.9797 1380.1363 1364.0149 1346.5948 1329.1746 1311.7545 1305.2339 1320.5403 1335.8468 1351.1532 1366.4596 1376.7672 1380.4695 1371.386 1368.8536 1368.1675 1367.4813 1366.7952 1365.8774 1364.3388 1362.8002 1361.2616 1359.7231 1363.8082 1370.9855 1382.0344 1384.2608 1384.8652 1385.4695 1386.0739 1383.5855 1376.6726 1395.6976 1416.3805 1437.0634 1457.7464 1457.1475 1441.2495 1425.3514 1409.4534 1402.81 1417.8887 1398.6928 1387.0298 1393.0675 1399.1053 1405.143 1410.3329 1412.586 1420.1086 1428.9218 1437.7349 1446.5481
-9999 1454.8734 1442.9436 1431.0137 1419.0839 1407.154 1395.2242 1383.7676 1366.3474 1348.9273 1331.5071 1314.087 1296.6668 1290.1462 1305.4527 1320.7591 1336.0656 1351.372 1366.6784 1374.3897 1373.7036 1373.0174 1372.3313 1371.6451 1370.9589 1370.0412 1368.5026 1366.964 1365.4254 1363.8868 1362.3483 1364.7601 1365.3645 1365.9689 1366.5732 1367.1776 1367.782 1371.5565 1392.2394 1412.9223 1433.6052 1454.2882 1474.9711 1474.3722 1458.4742 1442.5761 1426.6781 1410.78 1395.9329 1397.7536 1403.7914 1409.8291 1415.8668 1421.9045 1427.3956 1436.2088 1445.0219 1453.8351 1462.6483 1471.4615
-9999 1432.5138 1420.584 1408.6541 1396.7243 1384.7944 1373.9263 1360.3979 1342.9777 1325.5576 1308.1374 1290.7173 1289.8484 1302.0479 1305.8479 1321.1544 1336.4608 1351.7673 1367.0737 1377.5442 1376.8581 1376.1719 1375.4857 1374.7996 1375.0343 1374.1337 1367.3894 1365.8508 1364.3123 1362.7737 1361.2351 1360.4285 1361.0329 1361.6372 1362.2416 1362.846 1365.0526 1375.7718 1396.4547 1417.1377 1437.8206 1458.5035 1473.0361 1473.7876 1462.2014 1446.3034 1430.4053 1414.5073 1398.6092 1401.4145 1407.4522 1413.4899 1419.5276 1419.7961 1409.5889 1418.402 1427.2152 1436.0284 1444.8416 1466.736
