P2_models/J1_p2_vp_slide_diff_200.dat.tif
NCOLS 118
NROWS 92
XLLCORNER 139.62
YLLCORNER -39.07
DX 0.099491525
DY 0.099347826
NODATA_VALUE -9999
[rows 27 to 53 of 92, columns 0 to 59 of 118]
-9999 8.2504381 8.2603415 8.270732 8.2840221 8.2973122 8.3106023 8.3192796 8.3226331 8.3259866 8.3293401 8.3251478 8.3188848 8.3119182 8.303543 8.2951678 8.2867926 8.281105 8.2764949 8.2716267 8.2661629 8.2606992 8.2547157 8.2486686 8.2426215 8.2363295 8.2293811 8.2224328 8.2154844 8.2111279 8.2078156 8.2057599 8.2061264 8.2064928 8.1992267 8.1917272 8.1842278 8.179826 8.1798558 8.1798857 8.1799155 8.1795456 8.1791375 8.1818405 8.18678 8.1917195 8.1962397 8.1982577 8.2002756 8.2081738 8.2170882 8.2260027 8.2288231 8.2248996 8.2205705 8.2148368 8.2091031 8.2033693 8.2031982 8.204039
-9999 8.2408823 8.2522751 8.2655652 8.2788554 8.2921455 8.3054356 8.3141129 8.3174664 8.3208199 8.3241734 8.3275269 8.3261811 8.3192146 8.3108394 8.3024642 8.294089 8.2857138 8.2789917 8.2741235 8.2685631 8.262516 8.2564689 8.2504218 8.2443747 8.2380827 8.2311343 8.2241859 8.2172375 8.2102892 8.2050109 8.2029551 8.2015609 8.1940614 8.186562 8.1790625 8.171563 8.1671612 8.1671911 8.1672209 8.1672508 8.1672806 8.1670124 8.1697154 8.1746549 8.1795944 8.1845339 8.1894734 8.1916886 8.1995867 8.2085012 8.2174156 8.2263301 8.2315867 8.2272577 8.221524 8.2157902 8.2100565 8.2043228 8.2029039
-9999 8.2341795 8.2474696 8.2607597 8.2740499 8.28734 8.3006301 8.3078888 8.3112423 8.3145958 8.3179493 8.3213028 8.3246564 8.3244389 8.3160637 8.3076885 8.2993133 8.2909381 8.2825629 8.2748917 8.2688446 8.2627975 8.2567504 8.2507033 8.2446562 8.2385421 8.2315937 8.2246453 8.2176969 8.2107486 8.2038002 8.1966635 8.1891641 8.1816646 8.1741651 8.1666657 8.1591662 8.157663 8.1576929 8.1577227 8.1577526 8.1577824 8.1578123 8.1593314 8.1642709 8.1692104 8.1741499 8.1790894 8.1840289 8.1912894 8.2002039 8.2091183 8.2180327 8.2269472 8.2332764 8.2275427 8.2218089 8.2160752 8.2103415 8.2046077
-9999 8.2323477 8.2456378 8.2589279 8.2722181 8.2855082 8.2874911 8.2905787 8.2963135 8.299667 8.3030205 8.306374 8.3097275 8.3099836 8.3040366 8.2958551 8.2874799 8.2791047 8.2707295 8.2630583 8.2570112 8.2509641 8.244917 8.23887 8.2367627 8.2334278 8.2219364 8.2144539 8.2075055 8.2005572 8.1936088 8.1864721 8.1789727 8.1714732 8.1639737 8.1564743 8.1518611 8.1570072 8.1742626 8.1742925 8.1743223 8.1743522 8.174382 8.1712053 8.1682203 8.1731598 8.1780993 8.1830388 8.1879783 8.1892397 8.1942916 8.2032061 8.2121205 8.2210349 8.2278782 8.2275472 8.2223247 8.216591 8.2108572 8.2051235
-9999 8.2305159 8.243806 8.2570961 8.2679179 8.2686529 8.2693878 8.2724754 8.2782784 8.2840814 8.2880917 8.2914452 8.2947987 8.2950547 8.2891078 8.2831609 8.2756466 8.2672714 8.2588962 8.2512249 8.2451779 8.2391308 8.2330837 8.2325577 8.2322661 8.2289312 8.2174397 8.2059483 8.1973141 8.1903658 8.1834174 8.1762808 8.1687813 8.1612818 8.1539777 8.1500831 8.1461884 8.1513344 8.1694144 8.1874944 8.1908921 8.1909219 8.1909517 8.1877751 8.1822933 8.1771092 8.1820487 8.1869882 8.1919277 8.1931891 8.1938148 8.1972938 8.2062082 8.2151227 8.221966 8.221635 8.221304 8.2171067 8.211373 8.2056393
-9999 8.2286841 8.2419742 8.2490797 8.2498147 8.2505496 8.2512845 8.2543722 8.2601751 8.2659781 8.2717811 8.2765164 8.2798699 8.2801259 8.274179 8.2682321 8.2622851 8.255438 8.2470628 8.2393916 8.2333445 8.2286444 8.2283528 8.2280611 8.2277694 8.2244345 8.2129431 8.2014516 8.1899602 8.1801744 8.173226 8.1660894 8.1585899 8.1521996 8.148305 8.1444103 8.1405156 8.1456616 8.1637417 8.1818217 8.1999017 8.2074916 8.2075215 8.2043448 8.198863 8.1933812 8.1878994 8.1909376 8.1958771 8.1971385 8.1977642 8.1983899 8.200296 8.2092104 8.2160537 8.2157227 8.2153917 8.2150607 8.2118888 8.206155
-9999 8.2268523 8.2302415 8.2309764 8.2317114 8.2324463 8.2331812 8.2362689 8.2420718 8.2478748 8.2536778 8.2594807 8.2649411 8.2651971 8.2592502 8.2533032 8.2473563 8.2414094 8.2352294 8.2275582 8.2244395 8.2241478 8.2238561 8.2235644 8.2232728 8.2199379 8.2084464 8.196955 8.1854636 8.1739721 8.1630346 8.155898 8.1504215 8.1465269 8.1426322 8.1387375 8.1348429 8.1399889 8.1580689 8.1761489 8.1942289 8.2123089 8.2240912 8.2209145 8.2154327 8.2099509 8.2044691 8.1989873 8.1998265 8.2010879 8.2017136 8.2023393 8.2029651 8.2035908 8.2101415 8.2098105 8.2094795 8.2091485 8.2088175 8.2066708
-9999 8.2128859 8.2136208 8.2143558 8.2150907 8.2158256 8.2165606 8.2232576 8.228936 8.2347389 8.2405419 8.2463449 8.2521478 8.2573426 8.2529694 8.2470225 8.2410755 8.2351286 8.2291816 8.2249448 8.2246531 8.2243614 8.2240697 8.2237781 8.2234864 8.2153058 8.2033139 8.1918224 8.180331 8.1688395 8.1573481 8.1484515 8.1445568 8.1406621 8.1367675 8.1328728 8.1289781 8.1315943 8.1484779 8.1665579 8.1846379 8.2027179 8.2207979 8.2274318 8.22195 8.2164682 8.2109864 8.2055046 8.2000228 8.2013167 8.2019425 8.2025682 8.2031939 8.2038197 8.2043331 8.2041091 8.2037781 8.2034471 8.2031161 8.2027852
-9999 8.1987105 8.1994454 8.2001803 8.2009153 8.204668 8.2158736 8.222947 8.2252514 8.2297957 8.2355987 8.2414017 8.2472046 8.2523994 8.2563763 8.2550046 8.2490577 8.2431107 8.2371638 8.2329269 8.2326353 8.2323436 8.2320519 8.2311975 8.222356 8.2121522 8.1982967 8.185641 8.1741496 8.1626582 8.1511667 8.1422701 8.1383754 8.1344808 8.1305861 8.1285738 8.1353988 8.1391422 8.138477 8.1505046 8.1685846 8.1866646 8.2047446 8.211934 8.2112943 8.2064062 8.2009244 8.1954426 8.1899608 8.1926006 8.1960352 8.1966609 8.1972866 8.1979124 8.1984258 8.1985504 8.1984246 8.1980936 8.1977626 8.1974316
-9999 8.1845351 8.18527 8.1860049 8.193152 8.2043575 8.215563 8.2226364 8.2249409 8.2272453 8.2306555 8.2364585 8.2422614 8.2474562 8.2514331 8.2554099 8.2570398 8.2510929 8.245146 8.2409091 8.2406174 8.2403257 8.2368854 8.2280439 8.2192024 8.2089985 8.1951431 8.1812876 8.1679682 8.1564768 8.1449853 8.1360887 8.132194 8.1282994 8.1292967 8.1361217 8.1429466 8.14669 8.1460248 8.1453596 8.1525313 8.1706113 8.1886913 8.1958807 8.195241 8.1946013 8.1908624 8.1853806 8.1798988 8.1825386 8.186582 8.1906255 8.1913793 8.192005 8.1925185 8.192643 8.1927676 8.19274 8.192409 8.1920781
-9999 8.1703596 8.1710946 8.1816359 8.1928414 8.2040469 8.2152524 8.2223258 8.2246303 8.2269348 8.2292392 8.2315437 8.2373182 8.242513 8.2464899 8.2504667 8.2544435 8.2584204 8.2531281 8.2488913 8.2485996 8.2425732 8.2337317 8.2248902 8.2160488 8.2058449 8.1919894 8.1781339 8.1642785 8.150423 8.138804 8.1299073 8.1260127 8.1300196 8.1368446 8.1436695 8.1504945 8.1542379 8.1535726 8.1529074 8.1522422 8.154558 8.172638 8.1798274 8.1791877 8.178548 8.1779082 8.1753186 8.1698368 8.1724766 8.1765201 8.1805635 8.1846069 8.1860977 8.1866112 8.1867357 8.1868603 8.1869848 8.1870555 8.1867245
-9999 8.1589143 8.1701198 8.1813253 8.1925308 8.2037363 8.2149419 8.2220153 8.2243197 8.2266242 8.2289286 8.2312331 8.2335375 8.2375698 8.2415466 8.2455235 8.2495003 8.2534772 8.257454 8.2568734 8.248261 8.2394195 8.2305781 8.2217366 8.2128951 8.2026912 8.1888358 8.1749803 8.1611248 8.1472694 8.1334139 8.1239176 8.1307425 8.1375675 8.1443924 8.1512174 8.1580423 8.1617857 8.1611205 8.1604553 8.1597901 8.1591248 8.1584596 8.1637741 8.1631344 8.1624946 8.1618549 8.1612152 8.1597748 8.1624146 8.1664581 8.1705015 8.1745449 8.1785884 8.1807039 8.1808284 8.180953 8.1810775 8.1812021 8.1813266
-9999 8.1623971 8.1736027 8.1848082 8.1960137 8.2072192 8.2131725 8.214044 8.2163485 8.2186529 8.2209574 8.2232618 8.227668 8.2315352 8.2290914 8.2330683 8.2370451 8.2410219 8.2449988 8.2450996 8.2362581 8.2274166 8.2185751 8.2097336 8.2019508 8.1975392 8.1903561 8.1765007 8.1626452 8.1487897 8.1349343 8.1281426 8.1349675 8.1417925 8.1486174 8.1554424 8.1623137 8.1661311 8.1654659 8.1648007 8.1641354 8.1634702 8.1614278 8.1600432 8.1596202 8.1589805 8.1583408 8.1577011 8.1570613 8.1604147 8.1644581 8.1685016 8.172545 8.1748042 8.1675144 8.1676389 8.1677634 8.167888 8.1680125 8.169203
-9999 8.167163 8.1783686 8.1895741 8.2007796 8.2029804 8.2026103 8.2034818 8.2057863 8.2080908 8.2103952 8.2169137 8.225734 8.2296012 8.2235494 8.2180724 8.2220492 8.226026 8.2300029 8.2301036 8.2212622 8.2124207 8.2035792 8.1971033 8.1925827 8.1881711 8.1840515 8.1796018 8.1657464 8.1518909 8.1380354 8.1312437 8.1380687 8.1448936 8.1517186 8.1586252 8.165576 8.1693934 8.1687282 8.1680629 8.1673977 8.1646727 8.1613723 8.1599877 8.1599801 8.1597072 8.1590675 8.1584278 8.1577881 8.1611414 8.1651849 8.1692283 8.1685822 8.1591518 8.1518619 8.1519864 8.152111 8.1522355 8.1538822 8.1561226
-9999 8.1719289 8.1831344 8.1931584 8.1927883 8.1924182 8.1920482 8.1929197 8.1952241 8.1975286 8.2061593 8.2149796 8.2237999 8.2276671 8.2216154 8.2155637 8.2095119 8.2110301 8.215007 8.2151077 8.2062663 8.1974248 8.1922558 8.1877352 8.1832147 8.1788031 8.1746834 8.1705638 8.1664442 8.1549921 8.1411366 8.1343449 8.1411698 8.1479948 8.1549367 8.1618875 8.1688382 8.1726557 8.1719904 8.1712179 8.1679176 8.1646172 8.1613168 8.1599321 8.1599246 8.1599171 8.1597943 8.1591546 8.1585148 8.1618682 8.1659116 8.1623601 8.1529297 8.1434993 8.1362094 8.136334 8.1364585 8.1385615 8.1408018 8.1430421
-9999 8.1766948 8.1829663 8.1825962 8.1822261 8.181856 8.181486 8.1823575 8.1865846 8.1954049 8.2042252 8.2130456 8.2218659 8.2257331 8.2196814 8.2136296 8.2075779 8.2015261 8.2000111 8.2001118 8.1919289 8.1874083 8.1828877 8.1783672 8.1738466 8.169435 8.1653154 8.1611957 8.1570761 8.1529565 8.1442378 8.1374461 8.1442975 8.1512483 8.158199 8.1651498 8.1721005 8.1759179 8.1744628 8.1711624 8.1678621 8.1645617 8.1612613 8.1598766 8.1598691 8.1598616 8.1598541 8.1598466 8.1592416 8.1625949 8.156138 8.1467076 8.1372772 8.1278468 8.120557 8.1210004 8.1232407 8.125481 8.1277214 8.1299617
-9999 8.1749702 8.1746001 8.17423 8.1738599 8.1734899 8.1731198 8.1762025 8.1850229 8.1938432 8.2026635 8.2114839 8.2203042 8.2246999 8.2186482 8.2125964 8.2065447 8.200493 8.1944412 8.1888525 8.1843319 8.1798114 8.1752908 8.1707702 8.1662497 8.1628741 8.1587545 8.1546348 8.1505152 8.1463956 8.142276 8.1419376 8.1488884 8.1558391 8.1627899 8.1697406 8.1766914 8.1786842 8.1753838 8.1720834 8.1687831 8.1654827 8.1621823 8.1597442 8.1597367 8.1597292 8.1597217 8.1597142 8.1597067 8.1518933 8.1424629 8.1330325 8.1236021 8.1141718 8.1081416 8.1103819 8.1126222 8.1148626 8.1171029 8.1193432
-9999 8.1831664 8.1827963 8.1824262 8.1820561 8.1816861 8.181276 8.1826798 8.1862694 8.1950897 8.20391 8.2127304 8.2215507 8.2265974 8.2240872 8.2183576 8.2123058 8.2062541 8.2002023 8.1946136 8.190093 8.1855725 8.1810519 8.1765314 8.1658467 8.159349 8.1712998 8.1692457 8.1651261 8.1610065 8.1568869 8.1565485 8.1634993 8.17045 8.1774008 8.1843515 8.1880739 8.1880189 8.1836696 8.1803693 8.1770689 8.1737685 8.1704681 8.1647605 8.1590239 8.1590164 8.1590089 8.1590014 8.1589939 8.1523504 8.1437014 8.134271 8.1248406 8.1154102 8.109858 8.1177394 8.1205722 8.1228125 8.1250528 8.1272932
-9999 8.1913626 8.1909925 8.1906224 8.1902432 8.1898293 8.1894153 8.1908191 8.1943209 8.1978227 8.2051565 8.2139769 8.2227972 8.2278439 8.2253337 8.2228236 8.2180669 8.2120152 8.2059635 8.2003747 8.1958542 8.1913336 8.186813 8.173694 8.1603132 8.1538156 8.1657663 8.1777171 8.179737 8.1756174 8.1714977 8.1711594 8.1781102 8.1850609 8.1917524 8.1947257 8.197699 8.197644 8.1932568 8.1888696 8.1853547 8.1820543 8.178754 8.1730464 8.1656082 8.1583036 8.1582961 8.1582886 8.1582811 8.1516376 8.1438473 8.1355094 8.1260791 8.1166487 8.1110965 8.1189778 8.1268592 8.1307625 8.1330028 8.1352431
-9999 8.1995588 8.1991887 8.1987965 8.1983825 8.1979686 8.1975546 8.1989585 8.2024602 8.205962 8.2094638 8.2152234 8.2240437 8.2290904 8.2265802 8.2240701 8.2215599 8.2177763 8.2117246 8.2061358 8.2016153 8.1949221 8.1815413 8.1681606 8.1547798 8.1482821 8.1602329 8.1721837 8.1841345 8.1902283 8.1861086 8.1857703 8.192721 8.1984043 8.2013775 8.2043508 8.2073241 8.2072692 8.2028819 8.1984947 8.1941075 8.1903401 8.1870398 8.1813322 8.173894 8.1664559 8.1590178 8.1575759 8.1575684 8.1509249 8.1431345 8.1353441 8.1273175 8.1178872 8.112335 8.1202163 8.1280976 8.1359789 8.1409527 8.1431931
-9999 8.207755 8.2073498 8.2069358 8.2065219 8.2061079 8.205694 8.2070978 8.2105996 8.2141014 8.2176031 8.2211049 8.2252902 8.2303369 8.2278267 8.2253166 8.2228064 8.2202962 8.2174857 8.211897 8.2027694 8.1893886 8.1760079 8.1626271 8.1492463 8.1427486 8.1546994 8.1666502 8.178601 8.1905518 8.2007195 8.2003812 8.2050561 8.2080294 8.2110027 8.2139759 8.2169492 8.2168943 8.212507 8.2081198 8.2037326 8.1993453 8.1953256 8.189618 8.1821799 8.1747417 8.1673036 8.1598655 8.1568556 8.1502121 8.1424217 8.1346314 8.126841 8.1190506 8.1135734 8.1214548 8.1293361 8.1372174 8.1450987 8.151143
-9999 8.2105181 8.2101041 8.2096902 8.2092762 8.2088623 8.2084483 8.2103064 8.2138081 8.2173099 8.2208117 8.2243135 8.2278152 8.2253753 8.2220619 8.2195517 8.2170416 8.2145314 8.2120212 8.2062239 8.1928432 8.1794624 8.1660816 8.1527008 8.13932 8.1426094 8.152334 8.1642848 8.1762356 8.1881864 8.2001372 8.2090215 8.2119948 8.2149681 8.2179414 8.2209146 8.2238879 8.2169574 8.2125702 8.2081829 8.2037957 8.1994085 8.1950136 8.1990876 8.1916495 8.1842114 8.1767733 8.1693351 8.161897 8.1541586 8.1463682 8.1385778 8.1307875 8.1229971 8.1185531 8.1264345 8.1343158 8.1421971 8.1500784 8.1574529
-9999 8.2047144 8.2043004 8.2038865 8.2034725 8.2033545 8.2038094 8.2056787 8.2091805 8.2126823 8.2161841 8.2186992 8.21749 8.2143709 8.207427 8.2026443 8.2001341 8.1976239 8.1951138 8.1893165 8.1759357 8.1625549 8.1491742 8.1386167 8.149298 8.1577383 8.1601723 8.1669542 8.1789049 8.1908557 8.2028065 8.2116909 8.2146642 8.2176374 8.2206107 8.2205072 8.2098827 8.2018243 8.1974371 8.1930498 8.1886626 8.1842399 8.1797555 8.1857918 8.1993913 8.1955624 8.1881243 8.1806862 8.1732481 8.1655096 8.1577192 8.1499289 8.1421385 8.1340239 8.1294785 8.1373598 8.1452412 8.1531225 8.1588641 8.1600163
-9999 8.1989107 8.1984968 8.1980828 8.198272 8.1987269 8.1991818 8.2010511 8.2045529 8.2080547 8.208904 8.2076948 8.2064856 8.2033664 8.1964226 8.1894787 8.1832267 8.1807165 8.1782063 8.172409 8.1590283 8.1456475 8.1430644 8.1537456 8.1644269 8.1728672 8.1753012 8.1777352 8.1815743 8.1935251 8.2054759 8.2143603 8.2173335 8.2203068 8.2159986 8.2053741 8.1947496 8.1866912 8.182304 8.1779167 8.1734661 8.1689818 8.1644975 8.1705338 8.1841332 8.1977327 8.1994753 8.1920372 8.1845991 8.1768606 8.1690703 8.1612151 8.1530822 8.1449493 8.1404039 8.1482852 8.1561666 8.1602754 8.1614275 8.1625797
-9999 8.193107 8.1927346 8.1931895 8.1936444 8.1940993 8.1945542 8.1964235 8.1999253 8.1991088 8.1978996 8.1966904 8.1954811 8.192362 8.1854182 8.1784743 8.1715305 8.1645866 8.1612989 8.1555016 8.1421208 8.1475121 8.1581933 8.1688746 8.1795558 8.1879961 8.1904301 8.1928641 8.1952981 8.1977321 8.2081453 8.2170296 8.2200029 8.2114901 8.2008655 8.190241 8.1796165 8.1715581 8.1671709 8.1626924 8.1582081 8.1537237 8.1492394 8.1552757 8.1688752 8.1824746 8.196074 8.2033883 8.1959501 8.1882117 8.1802734 8.1721405 8.1640076 8.1558747 8.1513293 8.1592106 8.1616866 8.1628388 8.1639909 8.165143
-9999 8.1876521 8.188107 8.1885619 8.1890168 8.1894717 8.1899265 8.1905229 8.1893136 8.1881044 8.1868952 8.1856859 8.1844767 8.1813576 8.1744137 8.1674699 8.160526 8.1535822 8.1466384 8.1412785 8.1519597 8.162641 8.1733222 8.1840035 8.1946847 8.203125 8.205559 8.207993 8.210427 8.212861 8.215295 8.217606 8.2069815 8.196357 8.1857324 8.1751079 8.1644834 8.156403 8.1519186 8.1474343 8.14295 8.1384657 8.1339813 8.1400176 8.1536171 8.1672165 8.180816 8.1944154 8.2073012 8.1993317 8.1911988 8.1830659 8.174933 8.1668001 8.1619457 8.1630979 8.16425 8.1654021 8.1665543 8.1677064
-9999 8.1756949 8.1761498 8.1766047 8.1770596 8.1775145 8.1832862 8.1877273 8.1865181 8.1853088 8.1840996 8.1828904 8.1754398 8.1689556 8.1750327 8.1680888 8.161145 8.1542012 8.1472573 8.145643 8.1563243 8.1670055 8.1776868 8.188368 8.1968622 8.2006928 8.2016097 8.2040437 8.2064777 8.2089117 8.2113457 8.2093194 8.1986948 8.1880703 8.1774458 8.1668213 8.1567517 8.1492955 8.1448112 8.1403269 8.1358425 8.1313582 8.1347097 8.1361651 8.1419195 8.1555189 8.1691184 8.1827178 8.1963173 8.1913868 8.1832539 8.1751211 8.1669882 8.1609257 8.1609258 8.162078 8.1632301 8.1643823 8.1655344 8.1660724
