P2_models/J1_p2_vp_slide_diff2_25.dat.tif
NCOLS 118
NROWS 92
XLLCORNER 139.62
YLLCORNER -39.07
DX 0.099491525
DY 0.099347826
NODATA_VALUE -9999
[rows 0 to 25 of 92, columns 0 to 56 of 118]
-9999 -9999 -9999 -9999 -9999 -9999 -9999 -9999 -9999 -9999 -9999 -9999 -9999 -9999 -9999 -9999 -9999 -9999 -9999 -9999 -9999 -9999 -9999 -9999 -9999 -9999 -9999 -9999 -9999 -9999 -9999 -9999 -9999 -9999 -9999 -9999 -9999 -9999 -9999 -9999 -9999 -9999 -9999 -9999 -9999 -9999 -9999 -9999 -9999 -9999 -9999 -9999 -9999 -9999 -9999 -9999 -9999
-9999 0.36622458 0.36853376 0.37084295 0.37315213 0.37546131 0.37966457 0.38233046 0.37527956 0.36550035 0.35572115 0.34594195 0.33616275 0.32402225 0.31314634 0.3091418 0.30513727 0.30113274 0.2971282 0.29299842 0.28857966 0.28416091 0.27974216 0.27532341 0.27080707 0.26678764 0.26661641 0.26768602 0.26875564 0.26982526 0.27089488 0.27000633 0.26534304 0.26067975 0.25601647 0.25135318 0.24830041 0.24184579 0.22644863 0.2127965 0.19914438 0.18549226 0.17184013 0.16603619 0.16845997 0.1717095 0.17495903 0.17820857 0.1814581 0.17011331 0.16046139 0.15080947 0.14115755 0.13150562 0.12729706 0.13324701 0.12692024
-9999 0.3714836 0.37379278 0.37610196 0.37841115 0.38408755 0.39187317 0.39453906 0.39129613 0.38600347 0.37622427 0.36644507 0.35666586 0.34452537 0.32765625 0.31358741 0.30958288 0.30557834 0.30157381 0.29744402 0.29302527 0.28860652 0.28418777 0.27949706 0.27437573 0.2703563 0.26929022 0.26863335 0.26970297 0.27077258 0.2718422 0.27095365 0.26629036 0.26162708 0.25696379 0.25529745 0.25673131 0.2502767 0.2325365 0.21629479 0.20264267 0.18899054 0.17533842 0.16953448 0.1693725 0.17116247 0.174412 0.17766153 0.18091107 0.16937413 0.15528169 0.14508931 0.13543739 0.12578547 0.1215769 0.13622348 0.14563364
-9999 0.37674262 0.3790518 0.38136098 0.38851054 0.39629616 0.40408178 0.40674767 0.40350474 0.4002618 0.39672738 0.38694818 0.37716898 0.36502848 0.34815936 0.33129024 0.31442112 0.31002395 0.30601942 0.30188963 0.29747088 0.29305213 0.28818704 0.28306571 0.27794439 0.27392496 0.27285888 0.2717928 0.27072673 0.27171991 0.27278953 0.27190097 0.26723769 0.2625744 0.2622945 0.26372836 0.26516222 0.2587076 0.24096741 0.22322721 0.20614095 0.19248883 0.1788367 0.17303276 0.17287078 0.17270881 0.17386497 0.1771145 0.18036403 0.16882709 0.15473465 0.14064221 0.12971723 0.12006531 0.11585675 0.13050332 0.14514989
-9999 0.38200164 0.38514791 0.39293353 0.40071915 0.40850477 0.41629039 0.41895628 0.41571334 0.41247041 0.40922747 0.40598454 0.39767209 0.3855316 0.36866248 0.35179336 0.33492424 0.31805512 0.31046503 0.30633524 0.30191649 0.29687702 0.2917557 0.28663437 0.28151304 0.27749361 0.27642754 0.27536146 0.27429538 0.27322931 0.27373685 0.27284829 0.26818501 0.26929155 0.27072541 0.27215926 0.27359312 0.26713851 0.24939831 0.23165811 0.21391792 0.19617772 0.18233499 0.17653105 0.17636907 0.17620709 0.17604511 0.17656746 0.179817 0.16828006 0.15418762 0.14009518 0.12600274 0.11434515 0.11013659 0.12478316 0.13942974
-9999 0.38957089 0.39735651 0.40514213 0.41292775 0.42071337 0.42849899 0.43116488 0.42792195 0.42467901 0.42143608 0.41819314 0.41495021 0.40603471 0.38916559 0.37229647 0.35542735 0.33855823 0.32168911 0.31068833 0.30556701 0.30044568 0.29532435 0.29020303 0.2850817 0.28106227 0.27999619 0.27893012 0.27786404 0.27679796 0.27573189 0.27485474 0.27628859 0.27772245 0.27915631 0.28059017 0.28202403 0.27556941 0.25782922 0.24008902 0.22234882 0.20460863 0.18686843 0.18002933 0.17986736 0.17970538 0.1795434 0.17938142 0.17926996 0.16773303 0.15364058 0.13954814 0.1254557 0.11136326 0.10441643 0.119063 0.13370958
-9999 0.39883441 0.40662003 0.41440565 0.42219127 0.42997689 0.43683087 0.43864056 0.43539763 0.43215469 0.42891176 0.42566882 0.42195339 0.4132199 0.39576354 0.37889443 0.36202531 0.34515619 0.32828707 0.3149703 0.30984898 0.30472765 0.29960632 0.294485 0.28716245 0.27841454 0.27609402 0.27502794 0.27396187 0.27289579 0.27182971 0.27161753 0.27305139 0.27448525 0.27591911 0.27735297 0.28482704 0.28557661 0.26783641 0.25009621 0.23235602 0.21461582 0.20600306 0.21070325 0.21556194 0.21539996 0.21523798 0.215076 0.21491402 0.20287436 0.18878192 0.17468948 0.16059704 0.14635048 0.13821985 0.15286642 0.167513
-9999 0.40763134 0.41541696 0.42320258 0.4309882 0.43736916 0.44355672 0.44536641 0.44212347 0.43888054 0.4356376 0.43161262 0.42732388 0.41859039 0.40095601 0.38332163 0.36642028 0.34955116 0.33268204 0.31936528 0.31424396 0.30912263 0.3040013 0.29505357 0.28401714 0.27526923 0.27265514 0.27004104 0.2688761 0.26781003 0.26674395 0.26653177 0.26796563 0.26939949 0.27083334 0.28141028 0.29508396 0.29583353 0.27809333 0.26035314 0.24261294 0.23728434 0.23368412 0.2383843 0.24905154 0.25619534 0.25603337 0.25587139 0.25570941 0.24366975 0.22957731 0.21548487 0.20112183 0.18641556 0.17828492 0.1929315 0.20757807
-9999 0.41642828 0.4242139 0.4317199 0.43790745 0.44409501 0.45028257 0.45209226 0.44884932 0.44556058 0.44127184 0.43698311 0.43269437 0.42396088 0.4063265 0.38869212 0.37105775 0.35394614 0.33707702 0.32376026 0.31863893 0.31351761 0.30294469 0.29190826 0.28087183 0.27212392 0.26950983 0.26689573 0.26428163 0.26272426 0.26165819 0.26144601 0.26287986 0.26431985 0.27799353 0.29166721 0.30534088 0.30609045 0.28835026 0.27216583 0.26856561 0.26496539 0.26136517 0.26606535 0.27673259 0.28739983 0.29682875 0.29666677 0.2965048 0.28446514 0.2703727 0.25589317 0.2411869 0.22648063 0.21835 0.23299657 0.24759289
-9999 0.42522521 0.43225819 0.43844574 0.4446333 0.45082086 0.45700842 0.4588181 0.45521981 0.45093107 0.44664233 0.4423536 0.43806486 0.42933136 0.41169699 0.39406261 0.37642824 0.35879386 0.341472 0.32815524 0.32187224 0.31083581 0.29979938 0.28876295 0.27772652 0.26897861 0.26636452 0.26375042 0.26113632 0.25852222 0.25657242 0.25636024 0.2609031 0.27457678 0.28825045 0.30192413 0.31559781 0.31634738 0.30344711 0.29984688 0.29624666 0.29264644 0.28904622 0.2937464 0.30441364 0.31508088 0.32574811 0.33641535 0.33730018 0.32526053 0.31066451 0.29595825 0.28125198 0.26654571 0.25841508 0.26822141 0.25762681
-9999 0.4332476 0.43943515 0.44562271 0.45181027 0.45799783 0.46418538 0.4644955 0.46020676 0.45591802 0.45162928 0.44734055 0.44305181 0.43308261 0.41544824 0.39781386 0.38017949 0.36254511 0.34491074 0.32927148 0.31823505 0.30719862 0.29616219 0.28512577 0.27408934 0.26759708 0.26498298 0.26236889 0.25975479 0.25714069 0.25452659 0.25747587 0.27114954 0.28482322 0.2984969 0.31217057 0.32584425 0.33233339 0.32873317 0.32513295 0.32153272 0.3179325 0.31433228 0.3174915 0.32815873 0.33882597 0.34949321 0.36016044 0.37082768 0.35986044 0.34515417 0.3304479 0.31574163 0.30103536 0.2901183 0.27952369 0.26892909
-9999 0.44338107 0.44956863 0.45575619 0.46194375 0.4681313 0.46887877 0.46696884 0.46268011 0.45839137 0.45410263 0.44981389 0.44249531 0.42997929 0.40886702 0.39095307 0.37331869 0.35568432 0.33804994 0.32241069 0.31137426 0.30033783 0.2893014 0.27826497 0.27295812 0.27176165 0.27452532 0.27254666 0.26993256 0.26731846 0.26470436 0.26765364 0.28132731 0.29500099 0.30867467 0.32234834 0.33563827 0.34192335 0.33832313 0.33472291 0.33112269 0.32752247 0.32579855 0.32444401 0.32610865 0.33677589 0.34744312 0.35811036 0.3687776 0.35781035 0.34310409 0.32839782 0.31369155 0.30908756 0.30973308 0.29913847 0.28854387
-9999 0.45351455 0.45970211 0.46588967 0.47104973 0.47120093 0.47135212 0.46944219 0.46515345 0.46086472 0.45642236 0.44819898 0.4399756 0.42745958 0.40634731 0.38523505 0.3664579 0.34882352 0.33118915 0.31554989 0.30451346 0.29347703 0.2824406 0.27920927 0.27653527 0.27533879 0.27810246 0.28086614 0.28011033 0.27749623 0.27488213 0.27783141 0.29150508 0.30517876 0.3188387 0.33203347 0.34522824 0.35151331 0.34791309 0.34431287 0.34101877 0.33939757 0.33777638 0.33642184 0.33525901 0.3347258 0.34539304 0.35606028 0.36672751 0.35576027 0.341054 0.32634773 0.32481186 0.32870234 0.32934786 0.31875325 0.30815865
-9999 0.46364803 0.46983559 0.47337189 0.47352308 0.47367427 0.47382547 0.47191554 0.4676268 0.46212604 0.45390265 0.44567927 0.43745589 0.42493987 0.4038276 0.38271534 0.36160307 0.34196273 0.32432835 0.3086891 0.29765267 0.28813441 0.28546041 0.28278641 0.28011241 0.27891594 0.28167961 0.28444328 0.28720695 0.287674 0.28505991 0.28800918 0.30168286 0.3152339 0.32842866 0.34162343 0.3548182 0.36110328 0.35750305 0.3546178 0.3529966 0.3513754 0.3497542 0.34839967 0.34723684 0.34607402 0.34491119 0.35401019 0.36467743 0.35371019 0.33900392 0.34053617 0.34442664 0.34831711 0.34896264 0.33836803 0.32265294
-9999 0.47378151 0.47569404 0.47584523 0.47599643 0.47614762 0.47629882 0.47438888 0.46782971 0.45960633 0.45138295 0.44315956 0.43493618 0.42242016 0.4013079 0.38019563 0.35908336 0.33797109 0.31746756 0.3018283 0.29438555 0.29171155 0.28903755 0.28636355 0.28368955 0.28249308 0.28525675 0.28802042 0.29078409 0.29354777 0.29523768 0.29818695 0.31162909 0.32482386 0.33801863 0.35121339 0.36440816 0.37069324 0.36821682 0.36659563 0.36497443 0.36335323 0.36173203 0.3603775 0.35921467 0.35805184 0.35688902 0.35572619 0.36262735 0.35237 0.35626047 0.36015095 0.36404142 0.36793189 0.36857741 0.34940818 0.317877
-9999 0.47294726 0.47309845 0.47324965 0.47340084 0.47355204 0.47370323 0.47203414 0.46381075 0.45558737 0.44736399 0.43914061 0.43091722 0.42020715 0.39936867 0.37825641 0.35714414 0.33603187 0.3149196 0.29938279 0.29670879 0.29403479 0.29136079 0.28868679 0.28601279 0.28707357 0.29133593 0.2940996 0.29686327 0.29962694 0.30239061 0.30871721 0.32191198 0.33510675 0.34830151 0.36149628 0.37469105 0.37484231 0.37322112 0.37159992 0.36997872 0.36835752 0.36673633 0.3682754 0.36711257 0.36594974 0.36478691 0.36362408 0.36246126 0.36253222 0.36642269 0.37031316 0.37420364 0.37809411 0.37962642 0.35142998 0.31989881
-9999 0.45857332 0.45872451 0.45887571 0.4590269 0.46034341 0.46825527 0.46753534 0.45685321 0.44808471 0.43986133 0.43163794 0.42341456 0.41270449 0.39701467 0.37766603 0.35655376 0.33544149 0.31432922 0.29879241 0.29611841 0.29344441 0.29077041 0.28809641 0.28152989 0.28114779 0.29812661 0.30599259 0.30875626 0.31151993 0.31428361 0.3206102 0.33380497 0.34699974 0.36019451 0.37321501 0.38226739 0.3809522 0.36480472 0.36040025 0.35877905 0.35715785 0.35553666 0.35880228 0.36553019 0.36436736 0.36320454 0.36204171 0.36087888 0.3567008 0.35462059 0.35851107 0.36240154 0.36629201 0.36782432 0.36118824 0.3377161
-9999 0.44419938 0.44435057 0.44450177 0.44811542 0.45602728 0.46393913 0.4632192 0.45253708 0.44185495 0.43235866 0.42413528 0.4159119 0.40520182 0.38951201 0.3738222 0.35596338 0.33485111 0.31373884 0.29820203 0.29552803 0.29285403 0.289323 0.28246355 0.27560411 0.27522201 0.29220083 0.30917965 0.32064925 0.32341293 0.3261766 0.33250319 0.34569796 0.35889273 0.37086311 0.37991549 0.38896787 0.38765268 0.3715052 0.35535773 0.34757938 0.34595818 0.34433699 0.3476026 0.35438129 0.36115998 0.36162216 0.36045933 0.3592965 0.35511842 0.35041922 0.34670897 0.35059944 0.35448991 0.35602222 0.34938614 0.34275005
-9999 0.42982544 0.42997663 0.43588742 0.44379928 0.45171114 0.459623 0.45890307 0.44822094 0.43753881 0.42685669 0.41663262 0.40840923 0.39769916 0.38200935 0.36631953 0.35062972 0.33426073 0.31314846 0.29761165 0.29493765 0.29025666 0.28339721 0.27653777 0.26967833 0.26929623 0.28627505 0.30325387 0.32023269 0.33530592 0.33806959 0.34439618 0.35759095 0.36851121 0.37756359 0.38661597 0.39566835 0.39435316 0.37820569 0.36205821 0.34591074 0.33475851 0.33313731 0.33640293 0.34318162 0.34996031 0.356739 0.35887695 0.35771412 0.35353604 0.34883684 0.34413764 0.33943845 0.34268782 0.34422012 0.33758404 0.33094796
-9999 0.41574757 0.42365943 0.43157129 0.43948315 0.44739501 0.45530687 0.45458693 0.44390481 0.43322268 0.42254055 0.41185842 0.40117629 0.3901965 0.37450668 0.35881687 0.34312706 0.32743724 0.31174743 0.29702127 0.29119032 0.28433088 0.27747143 0.27061199 0.26375255 0.26337045 0.28034927 0.29732809 0.31430691 0.33128573 0.34826455 0.35628918 0.36615932 0.3752117 0.38426408 0.39331646 0.40236883 0.40105364 0.38490617 0.36875869 0.35261122 0.33646374 0.32193764 0.32520326 0.33198195 0.33876064 0.34553933 0.35231802 0.35613174 0.35195366 0.34725446 0.34255527 0.33785607 0.33315687 0.33241803 0.32578194 0.31914586
-9999 0.40152135 0.40943321 0.41734507 0.42525693 0.43316879 0.43961688 0.43503312 0.42435099 0.41366886 0.40298673 0.3923046 0.38163049 0.37674845 0.36979602 0.35410621 0.33841639 0.32272658 0.30703677 0.29401713 0.28715768 0.28029824 0.2734388 0.26657935 0.25971991 0.27269904 0.29188518 0.308864 0.32584282 0.34282164 0.35980046 0.37407187 0.38312425 0.39217663 0.401229 0.41028138 0.41821125 0.41164994 0.39550246 0.37935499 0.36320751 0.34706004 0.33276418 0.32066776 0.3252056 0.33198429 0.33876298 0.34554167 0.35232036 0.34931253 0.34461334 0.33991414 0.33521494 0.33051574 0.31655878 0.30992269 0.30328661
-9999 0.37981977 0.38773163 0.39564349 0.40355535 0.4078688 0.40856899 0.40398523 0.3933031 0.38262097 0.37193885 0.36129775 0.35072718 0.34584514 0.35235471 0.3515016 0.33581179 0.32012198 0.30443216 0.29141252 0.28455308 0.27769364 0.27083419 0.26848753 0.2781518 0.29115808 0.31312176 0.33357159 0.35055041 0.36752923 0.38450805 0.39877946 0.40783184 0.41688422 0.4259366 0.43160694 0.43174623 0.42518492 0.40903744 0.39288997 0.37674249 0.36395993 0.35432795 0.34223153 0.32836346 0.32854453 0.33532322 0.34210191 0.3488806 0.34587277 0.34117358 0.33647438 0.33057841 0.31286838 0.29763915 0.29100306 0.28436698
-9999 0.35811818 0.36603004 0.3739419 0.37612072 0.37682091 0.37752111 0.37293734 0.36225521 0.35157309 0.34096501 0.33039445 0.31982388 0.31494184 0.3214514 0.32796097 0.33320719 0.31751737 0.30182756 0.28880792 0.28194847 0.27508903 0.27728229 0.28694656 0.29661084 0.30961712 0.3315808 0.35354448 0.37525801 0.39223683 0.40921564 0.42348705 0.43253943 0.44159181 0.44500263 0.44514192 0.44528121 0.43871989 0.42257242 0.40642495 0.39515567 0.38552369 0.37589171 0.36379529 0.34992722 0.33605915 0.33188346 0.33866215 0.34544084 0.34243301 0.33773382 0.3293688 0.31165878 0.29394875 0.27871952 0.27208343 0.26544735
-9999 0.3364166 0.34367245 0.34437264 0.34507284 0.34577303 0.34647322 0.34188946 0.33120733 0.32063228 0.31006171 0.29949114 0.28892057 0.28403854 0.2905481 0.29705766 0.30356723 0.31007679 0.29922296 0.28620331 0.27934387 0.28607705 0.29574133 0.3054056 0.31506988 0.32807615 0.35003983 0.37200352 0.3939672 0.41593088 0.43392324 0.44819464 0.45724702 0.45839832 0.45853761 0.4586769 0.45881619 0.45225487 0.4361074 0.42635141 0.41671943 0.40708745 0.39745547 0.38535905 0.37149098 0.35762291 0.34375484 0.33522239 0.34200108 0.33899326 0.32815919 0.31044917 0.29273915 0.27502912 0.25979989 0.2531638 0.24823639
-9999 0.31192437 0.31262457 0.31332476 0.31402495 0.31472514 0.31542533 0.3108701 0.30029954 0.28972897 0.2791584 0.26858784 0.25801727 0.25313523 0.2596448 0.26615436 0.27266393 0.27917349 0.28568306 0.28520754 0.29487181 0.30453609 0.31420036 0.32386464 0.33352891 0.34653519 0.36849887 0.39046255 0.41242624 0.43438992 0.4563536 0.47165473 0.47179401 0.4719333 0.47207259 0.47221188 0.47235117 0.46717914 0.45754716 0.44791518 0.43828319 0.42865121 0.41901923 0.40692282 0.39305474 0.37918667 0.3653186 0.35145053 0.33856132 0.32694959 0.30923956 0.29152954 0.27381951 0.25610949 0.24094648 0.23633753 0.23172859
-9999 0.28963508 0.29033527 0.29103546 0.29173566 0.29243585 0.30158187 0.31704721 0.3223164 0.31174583 0.30117526 0.2906047 0.28003413 0.26889239 0.26155593 0.2680655 0.27457506 0.28108462 0.28759419 0.29505769 0.30472197 0.31438624 0.32405052 0.33371479 0.34909836 0.36786326 0.37133605 0.39329973 0.41526341 0.43722709 0.45919078 0.47369996 0.47383925 0.47397854 0.47411782 0.47425711 0.47698786 0.47393484 0.46057307 0.45094109 0.44130911 0.43167713 0.42204515 0.41333449 0.40199494 0.38812686 0.37425879 0.36039072 0.34652265 0.33736541 0.32102086 0.30331084 0.28560081 0.26789079 0.25107496 0.23941164 0.2348027
