P2_models/J1_p2__temp2_slide_30.dat.tif
NCOLS 118
NROWS 92
XLLCORNER 139.62
YLLCORNER -39.07
DX 0.099491525
DY 0.099347826
NODATA_VALUE -9999
[rows 0 to 26 of 92, columns 0 to 59 of 118]
-9999 -9999 -9999 -9999 -9999 -9999 -9999 -9999 -9999 -9999 -9999 -9999 -9999 -9999 -9999 -9999 -9999 -9999 -9999 -9999 -9999 -9999 -9999 -9999 -9999 -9999 -9999 -9999 -9999 -9999 -9999 -9999 -9999 -9999 -9999 -9999 -9999 -9999 -9999 -9999 -9999 -9999 -9999 -9999 -9999 -9999 -9999 -9999 -9999 -9999 -9999 -9999 -9999 -9999 -9999 -9999 -9999 -9999 -9999 -9999
-9999 369.47097 370.36966 371.26835 372.16703 373.06572 374.50086 374.20292 371.4412 369.18633 366.93146 364.67659 362.42172 359.77659 357.25724 355.77813 354.29902 352.81991 351.34081 349.37458 346.28454 343.19449 340.10445 337.01441 334.65865 337.15462 341.43596 347.07916 352.72235 358.36554 364.00873 366.30345 362.14335 357.98326 353.82316 349.66307 345.38026 340.00965 336.13148 334.15966 332.18784 330.21602 328.2442 329.44132 333.02304 336.63877 340.2545 343.87023 347.48596 350.99333 351.99357 352.99382 353.99406 354.99431 355.07795 352.93582 352.13367 351.33152 350.52937 349.72722
-9999 374.71157 375.61026 376.50894 377.40763 379.26001 381.70979 381.41185 377.94269 374.85433 372.59946 370.34459 368.08972 365.44459 362.01794 359.01521 357.5361 356.057 354.57789 352.61166 349.52162 346.43158 343.34154 342.29781 344.49408 346.99006 350.2893 354.03764 359.68084 365.32403 370.96722 373.26193 369.10184 364.94174 360.78165 356.3932 351.76853 346.39792 339.96013 335.15935 333.18753 331.21571 329.24389 330.441 333.91623 337.47184 341.08757 344.70331 348.31904 351.93983 355.5615 356.8808 357.88104 358.88129 358.96494 355.87359 353.35379 352.55164 351.74949 350.94734
-9999 379.95217 380.85086 381.74954 384.01916 386.46894 388.91871 388.62078 385.15162 381.68246 378.26746 376.01259 373.75772 371.11259 367.68594 364.25928 360.83263 359.29408 357.81497 355.84874 352.7587 349.66866 349.93697 352.13324 354.32952 356.82549 360.12473 363.42397 366.72321 372.28252 377.92571 380.22042 376.06033 371.90023 367.40614 362.78147 358.1568 352.78619 346.3484 339.91061 334.18721 332.2154 330.24358 331.44069 334.91591 338.39113 341.92065 345.53638 349.15211 352.7729 356.39457 360.01624 361.76803 362.76827 362.85192 359.76057 356.66923 353.77175 352.9696 352.16745
-9999 385.19277 386.32854 388.77832 391.22809 393.67787 396.12764 395.8297 392.36055 388.89139 385.42224 381.95308 379.42572 376.78059 373.35394 369.92728 366.50063 363.07397 361.05206 359.08583 355.99579 357.57613 359.7724 361.96868 364.16495 366.66093 369.96017 373.25941 376.55865 379.85789 384.8842 387.17891 383.01881 378.41908 373.79441 369.16974 364.54507 359.17446 352.73667 346.29889 339.8611 333.42331 331.24326 332.44038 335.9156 339.39082 342.86604 346.36945 349.98518 353.60598 357.22765 360.84932 364.47098 366.65526 366.7389 363.64756 360.55621 357.46487 354.37353 353.38757
-9999 391.08769 393.53747 395.98724 398.43702 400.88679 403.33657 403.03863 399.56947 396.10032 392.63116 389.16201 385.69285 382.44859 379.02194 375.59528 372.16863 368.74197 365.31532 363.01901 365.21529 367.41156 369.60784 371.80411 374.00039 376.49636 379.7956 383.09484 386.39408 389.69332 392.99256 394.05669 389.43202 384.80736 380.18269 375.55802 370.93335 365.56273 359.12495 352.68716 346.24937 339.81158 333.3738 333.44007 336.91529 340.39051 343.86573 347.34095 350.81826 354.43905 358.06072 361.68239 365.30406 368.92573 370.62589 367.53454 364.4432 361.35185 358.26051 355.16917
-9999 393.30618 395.75596 398.20573 400.65551 403.10528 405.34635 404.85659 401.38744 397.91828 394.44913 390.97997 387.79931 385.42544 383.50854 380.08189 376.65523 373.22858 369.80192 368.07556 370.27183 372.46811 374.66439 376.86066 379.30346 380.71025 379.3224 382.62164 385.92088 389.22012 392.51936 393.11205 388.48738 383.86271 379.23804 374.61337 371.16539 367.19822 360.76043 354.32264 347.88485 341.44706 335.04083 330.41659 330.72486 334.20008 337.67531 341.15053 344.62575 348.22584 351.84751 355.46918 359.09084 362.11657 362.39253 359.30119 356.20984 353.1185 350.02716 351.55837
-9999 394.73404 397.18382 399.63359 402.08337 404.21846 406.31023 405.82048 402.35132 398.88217 395.41301 392.42136 389.59074 387.21688 385.75767 384.29846 380.95467 377.52801 374.10136 372.37499 374.57127 376.76755 378.96382 381.58863 384.44735 385.85414 383.36938 380.88462 383.81449 387.11373 390.41297 391.00567 386.381 381.75633 377.13166 374.28814 372.04789 368.08072 361.64293 355.20515 348.76736 342.37248 335.98358 331.35934 328.00368 326.87054 330.34576 333.82098 337.2962 340.89629 344.51796 348.13963 350.71492 351.96301 352.23897 349.14763 346.05629 342.96494 345.90543 350.24042
-9999 396.1619 398.61168 400.99881 403.09058 405.18235 407.27412 406.78437 403.31521 399.87402 397.04341 394.21279 391.38218 389.00831 387.5491 386.08989 384.63068 381.82745 378.4008 376.67443 378.87071 381.06698 383.87379 386.73252 389.59124 390.99803 388.51327 386.02851 383.54375 385.00735 388.30659 388.89928 384.27461 379.65114 377.41089 375.17064 372.9304 368.96323 362.52544 356.09303 349.70413 343.31523 336.92633 332.30208 328.94643 325.59077 323.01622 326.49144 329.96666 333.56675 337.18842 339.31328 340.56136 341.80945 342.08541 338.99407 335.91751 340.2525 344.58749 348.92248
-9999 397.58976 399.87093 401.9627 404.05446 406.14623 408.238 407.74825 404.49607 401.66545 398.83484 396.00422 393.17361 390.79974 389.34053 387.88132 386.42211 384.9629 382.70023 380.97387 383.30024 386.15896 389.01769 391.87641 394.73513 396.14192 393.65716 391.17241 388.68765 386.20289 386.2002 386.7929 382.77389 380.53364 378.29339 376.05315 373.8129 369.84573 363.42468 357.03578 350.64688 344.25798 337.86908 333.24483 329.88917 326.53352 323.17786 319.8222 322.63712 326.2372 327.91163 329.15972 330.4078 331.65589 331.93185 330.26458 334.59957 338.93456 343.26955 347.60453
-9999 398.31746 400.40923 402.501 404.59277 406.68453 408.7763 408.33035 405.49973 402.66912 399.8385 397.00789 394.17727 392.17331 390.7141 389.25489 387.79568 386.33647 384.87726 384.72373 387.58245 390.44118 393.2999 396.15862 399.01735 400.77719 398.29243 395.80767 393.32291 390.83815 388.35339 385.95215 383.71191 381.47166 379.23142 376.99117 374.75093 370.55165 364.16275 357.77385 351.38495 344.99605 338.60715 333.7737 330.41804 327.06239 323.70673 320.35107 316.99541 317.56509 318.81318 320.06127 321.30935 322.55744 325.08232 329.41731 333.7523 338.08729 342.42228 346.75726
-9999 396.06661 398.15838 400.25015 402.34192 404.43369 405.17021 404.17119 401.34058 398.50996 395.67935 392.84873 390.38234 388.90933 389.2078 387.88989 386.43068 384.97147 383.51226 383.35873 386.21746 389.07618 391.9349 394.79362 397.52056 399.43081 399.31445 397.10954 394.62478 392.14002 389.65527 387.25402 385.01378 382.77353 380.53329 378.29304 374.809 369.94831 363.55941 357.17051 350.78161 344.39272 337.33702 332.05967 328.23446 324.8788 321.52315 318.16749 314.81183 315.38151 316.6296 317.87768 319.12577 322.43535 327.31972 331.65471 335.9897 340.32468 344.65967 349.91762
-9999 393.81576 395.90753 397.9993 399.8351 400.42308 401.01105 400.01204 397.18142 394.35081 391.53866 389.18103 386.82341 385.3504 385.64887 385.94735 385.06568 383.60647 382.14727 381.99373 384.85246 387.71118 390.5699 393.2491 395.91547 397.82572 397.70936 397.59301 395.92665 393.44189 390.95714 388.55589 386.31565 384.0754 381.79063 377.99815 374.20567 369.34498 362.95608 356.56718 350.0695 342.97729 335.88509 330.60774 326.63506 322.69522 319.33956 315.98391 312.62825 313.19793 314.44602 315.6941 319.62977 324.67274 329.55712 333.8921 338.22709 342.6424 347.98651 353.33063
-9999 391.56491 393.65668 395.08796 395.67594 396.26392 396.8519 395.85288 393.02227 390.33735 387.97973 385.62211 383.26448 381.79147 382.08995 382.38842 382.68689 382.24148 380.78227 380.62874 383.48746 386.31126 388.97764 391.64401 394.31038 396.22063 396.10427 395.98792 395.87157 394.74376 392.25901 389.85777 387.61752 384.97978 381.1873 377.39482 373.60234 368.74165 362.35275 355.70977 348.61757 341.52537 334.43316 329.15581 325.18313 321.21045 317.23778 313.80032 310.44467 311.01435 312.26243 316.82419 321.86716 326.91014 331.79451 336.1295 340.71129 346.05541 351.39952 356.74364
-9999 389.31406 390.34083 390.92881 391.51679 392.10477 392.69274 391.69373 389.13605 386.77842 384.4208 382.06318 379.70555 378.23254 378.53102 378.82949 379.12797 379.42644 379.41727 379.26374 382.0398 384.70617 387.37255 390.03892 392.70529 394.61554 394.49919 394.38283 394.26648 394.15012 393.56088 391.15964 388.16893 384.37645 380.58397 376.79149 372.99901 368.13832 361.35005 354.25784 347.16564 340.07344 332.98124 327.70389 323.73121 319.75853 315.78585 311.81317 308.26108 308.97563 314.0186 319.06158 324.10456 329.14753 334.03191 338.78019 344.1243 349.46842 354.81254 360.15665
-9999 385.58774 386.17572 386.7637 387.35168 387.93965 388.52763 387.64134 385.28372 382.9261 380.56848 378.21085 375.85323 374.59201 374.92259 375.22107 375.51954 375.81802 376.11649 377.13098 379.79736 382.46373 385.1301 387.79647 390.46285 393.53965 393.93415 393.8178 393.70144 393.58509 393.46873 392.09674 388.30425 384.51177 380.71929 376.92681 373.13432 369.96539 362.87318 355.78098 348.68878 341.59658 334.50438 328.77707 324.80439 320.83171 316.85903 312.88635 308.91367 313.51689 318.55987 323.60285 328.64582 333.6888 337.44822 341.9845 347.32862 352.67273 358.01685 363.36097
-9999 381.40879 381.99677 382.58475 383.17273 383.53319 382.60596 381.5909 380.47447 378.39203 376.03441 373.67679 371.31916 370.05794 370.99234 371.49764 371.79611 372.09459 372.39306 373.40755 376.07393 378.7403 381.40667 384.07305 386.37547 389.31736 394.04658 395.66947 395.55312 395.43676 395.32041 393.94841 390.15593 386.36345 382.57096 378.65281 371.87305 368.41329 369.70325 364.21709 357.12489 350.03269 342.94049 336.94469 331.74499 327.77231 323.79964 319.82696 315.85428 321.68569 328.45449 333.49747 338.54044 343.58342 347.34284 346.65617 350.048 355.39212 360.73623 366.08035
-9999 377.22984 377.81782 378.4058 378.31776 377.39053 376.4633 375.44824 374.33182 373.21539 371.50034 369.14272 366.7851 365.52388 366.45827 367.39266 368.07268 368.37116 368.66963 369.68412 372.3505 375.01687 377.60311 379.87815 382.15319 385.09508 389.8243 394.55352 397.40479 397.28844 397.17208 395.80008 392.0076 388.21512 383.53967 376.75992 369.98016 366.5204 367.81036 369.10031 365.561 358.4688 351.3766 345.38081 340.17321 334.96561 330.74024 326.76756 322.79489 328.6263 336.15212 343.39209 348.43506 353.47804 357.23746 356.55079 355.86412 358.1115 363.45562 368.79973
-9999 373.05089 373.63887 373.10233 372.1751 371.24788 370.32065 369.30559 368.18916 367.07274 365.95631 364.60866 362.25103 360.98981 361.9242 362.8586 363.79299 364.64773 364.9462 365.96069 368.62707 371.10579 373.38083 375.65587 377.93091 380.8728 385.60202 390.33124 395.06046 399.14011 399.02376 397.65176 393.85928 388.42654 381.64678 374.86702 368.08727 364.6275 365.91746 367.20742 368.49738 366.90491 359.81271 353.81692 348.60932 343.40172 338.19413 333.70817 329.73549 335.5669 343.09273 350.61855 358.14437 363.37266 367.13208 366.44541 365.75874 365.07207 366.175 371.51911
-9999 368.81414 367.88691 366.95968 366.03245 365.10522 364.17799 363.16293 362.04651 360.93008 359.81366 358.69723 357.58081 356.45575 357.39014 358.32453 359.25892 360.19331 361.1277 362.23726 364.60847 366.88351 369.15855 371.43359 373.70862 376.65052 381.37974 386.10896 390.83818 395.5674 400.29662 399.50343 393.3134 386.53364 379.75389 372.97413 366.19437 362.73461 364.02457 365.31453 366.60449 367.89445 368.24882 362.25303 357.04543 351.83783 346.63024 341.42264 336.6761 342.50751 350.03334 357.55916 365.08498 372.61081 377.0267 376.34003 375.65336 374.96669 374.28002 374.2385
-9999 366.01991 365.09268 364.16545 363.23822 362.31099 360.81767 358.30832 357.1919 356.07547 354.95904 353.84262 352.82936 353.43743 354.47004 355.40443 356.33882 357.27321 358.20761 359.54739 361.82243 364.09747 366.37251 368.64755 370.92259 373.21155 375.88809 380.61731 385.34653 390.07575 394.80497 395.6031 388.82334 382.04358 375.26383 368.48407 362.19861 361.04896 362.33892 363.62888 364.91884 366.2088 366.90012 366.88104 362.29879 357.09119 351.8836 346.676 341.4684 347.11784 354.64366 362.16948 369.69531 377.22113 381.70831 381.02164 380.33497 379.6483 378.96163 379.89482
-9999 365.75145 364.82423 363.897 362.96977 360.6509 356.93465 354.4253 353.30888 352.19245 351.07602 350.48809 350.80858 351.41665 352.6006 353.70178 354.63617 355.57056 356.50495 357.84474 360.11978 362.39482 364.66985 367.17291 370.28285 372.57319 372.66678 374.16815 378.89737 383.62659 388.35581 389.15394 382.37419 375.59443 368.81467 363.52419 360.66929 359.51964 360.8096 362.09956 363.38951 363.59159 362.77507 362.75599 363.31018 359.94374 354.73615 349.52855 344.32096 349.97039 357.49621 365.02204 372.38526 378.14333 382.45765 381.77098 381.08431 380.39764 382.45437 387.68834
-9999 365.483 364.55578 363.62855 360.48413 356.76788 353.05163 350.54228 349.42585 348.30943 348.14682 348.46731 348.78781 349.39587 350.57982 351.76377 352.93352 353.86791 354.8023 356.14208 358.41712 360.69216 363.42461 366.53455 369.64449 371.93482 372.02841 372.122 372.44822 377.17744 381.90666 382.70479 375.92503 369.14528 364.84976 361.99486 359.13996 357.99032 359.28027 360.57023 360.28306 359.46654 358.65003 358.63094 359.18513 359.73931 357.5887 352.3811 347.17351 352.82294 360.34876 367.37652 373.13459 378.89266 383.20698 382.52031 381.83364 385.01393 390.24789 395.48186
-9999 365.21455 364.03362 360.31737 356.60111 352.88486 349.16861 346.65926 345.54283 345.80555 346.12604 346.44654 346.76703 347.3751 348.55904 349.74299 350.92694 352.11089 353.09965 354.43943 356.71447 359.67631 362.78625 365.89619 369.00613 371.29646 371.39005 371.48364 371.57723 371.67082 375.45751 376.25564 369.47588 366.17534 363.32044 360.46554 357.61064 356.46099 357.75095 356.97453 356.15801 355.34149 354.52498 354.5059 355.06008 355.61427 356.16845 355.23365 350.02606 355.67549 362.36778 368.12586 373.88393 379.642 383.95632 383.26965 387.57348 392.80745 398.04141 403.27538
-9999 363.86685 360.1506 356.43435 352.71809 349.00184 345.28559 343.14379 343.46428 343.78477 344.10527 344.42576 344.74625 345.35432 346.53827 347.72222 348.90617 350.09011 351.27406 352.81807 355.92801 359.03795 362.14789 365.25782 368.36776 370.6581 370.75169 370.84528 370.93887 371.03246 371.12605 370.35582 367.50092 364.64602 361.79112 358.93622 356.08132 354.48251 353.66599 352.84948 352.03296 351.21644 350.39993 350.38085 350.93503 351.48922 352.0434 352.59759 352.87861 357.35905 363.11712 368.87519 374.63326 380.39134 384.89907 390.13304 395.367 400.60097 405.83493 411.0689
-9999 362.74833 359.03208 355.31583 351.59957 347.88332 343.73598 339.67535 337.57923 337.89973 338.22022 338.54071 338.86121 339.66229 341.27317 342.45712 343.64107 344.82502 346.00897 347.77531 350.88525 353.99519 357.10513 360.21507 363.23866 367.62461 374.26407 374.35766 374.45124 374.54483 374.63842 373.72491 370.87 368.0151 365.1602 362.3053 360.38131 358.68946 356.57414 355.75763 354.94111 354.12459 353.30808 354.32934 355.66046 356.21465 356.76883 357.32302 357.8772 357.61046 362.46957 368.22765 373.98572 379.74379 384.66128 387.39538 392.62935 397.86331 403.09728 408.33124
-9999 362.15964 358.44339 354.72714 351.01088 346.6323 342.13479 338.07416 334.51775 331.27407 331.59457 331.91506 332.23555 333.03663 334.80012 336.56361 337.75418 338.93813 340.12208 341.88842 344.99836 348.1083 351.21824 354.17236 357.02942 361.41538 369.89914 378.3829 378.75914 378.85273 378.94631 378.0328 375.1779 372.32299 369.46809 368.05345 367.20777 365.51593 362.61352 360.01373 359.19721 358.3807 357.56418 358.58544 360.92786 362.63632 363.19051 363.74469 364.29888 364.03213 363.6235 367.31238 373.07045 378.82852 383.74601 385.75183 387.87334 393.1073 398.34127 403.57523
