P2_models/J1_p2_vp_slide_diff2_220.dat.tif
NCOLS 118
NROWS 92
XLLCORNER 139.62
YLLCORNER -39.07
DX 0.099491525
DY 0.099347826
NODATA_VALUE -9999
[rows 48 to 71 of 92, columns 0 to 52 of 118]
-9999 -0.027767609 -0.027107214 -0.026446818 -0.025786423 -0.025126028 -0.024465632 -0.021840329 -0.015054518 -0.0082687067 -0.0014828953 0.005302916 0.012088727 0.011104788 0.0048392434 -0.00098432724 -0.0068078979 -0.012631468 -0.018455039 -0.026276187 -0.038705829 -0.051135471 -0.063565113 -0.075994755 -0.088424397 -0.085525539 -0.077432646 -0.066908804 -0.056384961 -0.045861119 -0.035337276 -0.027165291 -0.023526936 -0.019888582 -0.016250227 -0.012611873 -0.0089735184 -0.014531101 -0.018996727 -0.023462352 -0.027927978 -0.032393604 -0.036931637 -0.033328188 -0.040257336 -0.047186485 -0.054115633 -0.061044781 -0.06797393 -0.074861035 -0.081740874 -0.088620713 -0.095500552
-9999 -0.030716253 -0.030055857 -0.029395462 -0.028735066 -0.028647138 -0.029667497 -0.027064038 -0.020278227 -0.013492415 -0.006706604 -0.0010255168 0.00048528649 -0.0012591591 -0.0095224277 -0.016596507 -0.022420078 -0.028243648 -0.034067219 -0.041888366 -0.054318009 -0.066747651 -0.079177293 -0.088887974 -0.078145377 -0.070286025 -0.070154493 -0.065275084 -0.054751241 -0.044227399 -0.033703556 -0.025531571 -0.021893217 -0.018254862 -0.014616508 -0.013601292 -0.021555892 -0.02807508 -0.032540705 -0.037006331 -0.041471957 -0.046273599 -0.051657634 -0.046166489 -0.032857316 -0.0363143 -0.043243448 -0.050172597 -0.057101745 -0.06398885 -0.070868689 -0.077748528 -0.084628367
-9999 -0.033664896 -0.033004501 -0.032344105 -0.032850488 -0.033870847 -0.034891206 -0.032287747 -0.025501935 -0.018716124 -0.014900267 -0.013389464 -0.011878661 -0.013623106 -0.021886375 -0.030149644 -0.038032257 -0.043855828 -0.049679399 -0.057500546 -0.069930188 -0.08235983 -0.084391056 -0.073648459 -0.062905862 -0.05504651 -0.054914978 -0.054783447 -0.053117522 -0.042593679 -0.032069836 -0.023897851 -0.020259497 -0.016621142 -0.01919067 -0.027145271 -0.035099871 -0.041619058 -0.046084684 -0.05055031 -0.05561556 -0.060999596 -0.066383631 -0.060892486 -0.047583313 -0.03427414 -0.032371264 -0.039300412 -0.046229561 -0.053116666 -0.059996505 -0.066991834 -0.074481947
-9999 -0.036613539 -0.036033479 -0.037053838 -0.038074197 -0.039094556 -0.040114915 -0.037511455 -0.030725644 -0.028775018 -0.027264215 -0.025753411 -0.024242608 -0.025987054 -0.034250322 -0.042513591 -0.05077686 -0.059040128 -0.065291578 -0.073112726 -0.085542368 -0.079894139 -0.069151542 -0.058408944 -0.047666347 -0.039806995 -0.039675463 -0.039543932 -0.039412401 -0.03928087 -0.030436117 -0.022264132 -0.018625777 -0.024780049 -0.032734649 -0.040689249 -0.04864385 -0.055163037 -0.059628663 -0.064957522 -0.070341557 -0.075725593 -0.081109628 -0.075618483 -0.06230931 -0.049000137 -0.035690963 -0.028428228 -0.035357376 -0.042244481 -0.049387891 -0.056878004 -0.064368117
-9999 -0.040236829 -0.041257188 -0.042277547 -0.043297906 -0.044318265 -0.045338624 -0.044160572 -0.042649769 -0.041138965 -0.039628162 -0.038117359 -0.036606556 -0.038351001 -0.04661427 -0.054877538 -0.063140807 -0.071404076 -0.079667344 -0.086139819 -0.075397221 -0.064654624 -0.053912027 -0.043169429 -0.032426832 -0.02456748 -0.024435948 -0.024304417 -0.024172886 -0.024041355 -0.023909824 -0.022414826 -0.030369427 -0.038324027 -0.046278628 -0.054233228 -0.062187828 -0.068915449 -0.074299484 -0.079683519 -0.085067555 -0.09045159 -0.095835625 -0.09034448 -0.077035307 -0.063726134 -0.05041696 -0.037107787 -0.024485192 -0.031783949 -0.039274062 -0.046764175 -0.054254288
-9999 -0.050447389 -0.051467748 -0.052488107 -0.053508466 -0.054528825 -0.050113926 -0.045094512 -0.043583709 -0.042072905 -0.040562102 -0.039051299 -0.045240298 -0.052697084 -0.048565259 -0.056828527 -0.065091796 -0.073355065 -0.081618333 -0.084134513 -0.073391915 -0.062649318 -0.05190672 -0.041164123 -0.031649397 -0.026480802 -0.027513112 -0.02738158 -0.027250049 -0.027118518 -0.026986987 -0.029617414 -0.037572014 -0.045526615 -0.053481215 -0.061435815 -0.069152158 -0.075773467 -0.081157503 -0.086541538 -0.091925573 -0.097309609 -0.095247479 -0.093507595 -0.08715854 -0.073849366 -0.060540193 -0.04723102 -0.033921846 -0.038346988 -0.0458371 -0.053327213 -0.060817326
-9999 -0.061492275 -0.062512634 -0.063532993 -0.064553352 -0.057195032 -0.049135566 -0.044116152 -0.042605349 -0.041094545 -0.039583742 -0.05111267 -0.066074401 -0.073531187 -0.065958887 -0.058386587 -0.065300642 -0.073563911 -0.08182718 -0.084343359 -0.073600762 -0.062858164 -0.052115567 -0.04355924 -0.035985282 -0.030816687 -0.032095069 -0.03337345 -0.033391689 -0.033260158 -0.033128626 -0.035759053 -0.043713654 -0.051668254 -0.059622854 -0.067207676 -0.074693823 -0.081315132 -0.086699168 -0.092083203 -0.097467238 -0.092484124 -0.086592339 -0.084852456 -0.086097322 -0.083202532 -0.069893359 -0.056584185 -0.043275012 -0.047700153 -0.055190266 -0.062680379 -0.066791858
-9999 -0.072537162 -0.073557521 -0.072335603 -0.064276137 -0.056216672 -0.048157206 -0.043137792 -0.041626988 -0.04202331 -0.056985041 -0.071946773 -0.086908504 -0.09436529 -0.08679299 -0.07922069 -0.07164839 -0.073772757 -0.082036026 -0.084552206 -0.073809608 -0.063067011 -0.055469083 -0.047895125 -0.040321167 -0.035152572 -0.036430953 -0.037709335 -0.038987717 -0.039401797 -0.039270266 -0.041900693 -0.049855293 -0.057777047 -0.065263194 -0.072749341 -0.080235488 -0.086856797 -0.092240833 -0.095612555 -0.08972077 -0.083828985 -0.0779372 -0.076197316 -0.077442182 -0.078687048 -0.079246525 -0.065937351 -0.052628178 -0.057053319 -0.064543432 -0.067140436 -0.067607158
-9999 -0.083582049 -0.079416709 -0.071357243 -0.063297777 -0.055238311 -0.047178845 -0.042159432 -0.047895682 -0.062857413 -0.077819144 -0.092780876 -0.10774261 -0.11519939 -0.10762709 -0.10005479 -0.092482493 -0.084910193 -0.082244872 -0.084761052 -0.074952884 -0.067378926 -0.059804968 -0.052231009 -0.044657051 -0.039488456 -0.040766838 -0.04204522 -0.043323602 -0.044601983 -0.045411905 -0.048042332 -0.055832565 -0.063318712 -0.070804859 -0.078291006 -0.085777153 -0.092398462 -0.092849201 -0.086957416 -0.081065631 -0.075173846 -0.06928206 -0.067542177 -0.068787043 -0.070031909 -0.071276775 -0.072521641 -0.061981344 -0.066406485 -0.067489014 -0.067955736 -0.068422458
-9999 -0.084731341 -0.076671875 -0.068612409 -0.060552943 -0.052493477 -0.044434011 -0.044408158 -0.059369889 -0.07433162 -0.089293352 -0.10425508 -0.11921681 -0.12957595 -0.12200365 -0.11443135 -0.10685905 -0.09928675 -0.09171445 -0.084141649 -0.07656769 -0.068993732 -0.061419774 -0.053845816 -0.046271858 -0.042778814 -0.043969544 -0.045247926 -0.046526308 -0.04780469 -0.049083072 -0.052481823 -0.05996797 -0.067454117 -0.074940264 -0.082426411 -0.089912558 -0.094037437 -0.088145652 -0.082253867 -0.076362082 -0.070470296 -0.064578511 -0.059703078 -0.060947944 -0.06219281 -0.063437675 -0.064682541 -0.065927407 -0.068288146 -0.068754868 -0.06922159 -0.069688312
-9999 -0.075953188 -0.067893722 -0.059834256 -0.05177479 -0.043909448 -0.037410694 -0.036131841 -0.040877423 -0.053837489 -0.06879922 -0.083760951 -0.098722682 -0.10938517 -0.11143818 -0.10675243 -0.099180125 -0.091607825 -0.084035525 -0.076462724 -0.068888766 -0.061314808 -0.053740849 -0.046166891 -0.046502673 -0.046740805 -0.044483022 -0.044580309 -0.045858691 -0.047137072 -0.048415454 -0.051814206 -0.059300353 -0.0667865 -0.074272647 -0.081543963 -0.076495527 -0.079370124 -0.093579744 -0.091046812 -0.085155027 -0.079263241 -0.073371456 -0.065263507 -0.055895996 -0.057140862 -0.058385728 -0.059630594 -0.06087546 -0.066847676 -0.071559567 -0.072026289 -0.072493011
-9999 -0.067175035 -0.059115569 -0.051056103 -0.043742625 -0.037243871 -0.030745117 -0.029466264 -0.034211847 -0.038957429 -0.048305088 -0.063266819 -0.078228551 -0.088891039 -0.090944047 -0.092997054 -0.091501201 -0.083928901 -0.076356601 -0.068783799 -0.061209841 -0.053635883 -0.04812595 -0.049295307 -0.050464664 -0.050702796 -0.048445013 -0.04618723 -0.045191073 -0.046469455 -0.047747837 -0.051146588 -0.058632735 -0.066118882 -0.069514287 -0.064465851 -0.059417415 -0.062292012 -0.076501632 -0.090711252 -0.093947971 -0.088056186 -0.082164401 -0.074056451 -0.06435533 -0.054654208 -0.053333781 -0.054578647 -0.055823513 -0.061795729 -0.068584959 -0.074830989 -0.075297711
-9999 -0.058396882 -0.050337416 -0.043575802 -0.037077048 -0.030578294 -0.02407954 -0.022800687 -0.02754627 -0.032291852 -0.037037435 -0.042772687 -0.057734419 -0.068396907 -0.070449915 -0.072502923 -0.07455593 -0.076249976 -0.068677676 -0.061104875 -0.053530916 -0.050918584 -0.052087941 -0.053257298 -0.054426655 -0.054664788 -0.052407005 -0.050149221 -0.047891438 -0.045801838 -0.047080219 -0.050478971 -0.057965118 -0.057484611 -0.052436175 -0.047387739 -0.042339303 -0.0452139 -0.05942352 -0.073633139 -0.087842759 -0.096849131 -0.090957346 -0.082849396 -0.073148274 -0.063447153 -0.053746031 -0.049526699 -0.050771565 -0.056743781 -0.063533012 -0.070322243 -0.077111473
-9999 -0.049907733 -0.043408979 -0.036910225 -0.030411471 -0.023912717 -0.017413963 -0.01613511 -0.020880693 -0.025626276 -0.030371858 -0.035117441 -0.039863024 -0.047902775 -0.049955783 -0.052008791 -0.054061798 -0.056114806 -0.058167814 -0.05342595 -0.053711218 -0.054880575 -0.056049932 -0.05721929 -0.058388647 -0.058626779 -0.056368996 -0.054111213 -0.05185343 -0.049595647 -0.047337863 -0.049811353 -0.045454935 -0.040406499 -0.035358063 -0.030309627 -0.025261191 -0.028135788 -0.042345408 -0.056555027 -0.070764647 -0.084974267 -0.099183887 -0.091642341 -0.081941219 -0.072240097 -0.062538976 -0.052837854 -0.045719618 -0.051691834 -0.058481065 -0.065270295 -0.072059526
-9999 -0.04604034 -0.039541586 -0.033042832 -0.026544078 -0.020045324 -0.017110795 -0.020562602 -0.025355231 -0.030100813 -0.034846396 -0.039591979 -0.044337561 -0.044248881 -0.039269143 -0.041322151 -0.043375158 -0.045428166 -0.047481174 -0.049266979 -0.050436336 -0.051605693 -0.05277505 -0.053944407 -0.054635804 -0.053877158 -0.053380609 -0.051122826 -0.048865043 -0.04660726 -0.044349477 -0.041138498 -0.036090062 -0.031041626 -0.02599319 -0.020944754 -0.01726991 -0.02695708 -0.046260754 -0.060470374 -0.074679993 -0.088889613 -0.10309923 -0.10125066 -0.090443052 -0.08074193 -0.071040808 -0.061339687 -0.051638565 -0.052330836 -0.059062413 -0.065851644 -0.072640874
-9999 -0.04338974 -0.036890986 -0.030392232 -0.023893478 -0.02405098 -0.026296715 -0.029748523 -0.034592292 -0.039419639 -0.044165222 -0.048910805 -0.053656387 -0.053567707 -0.043798137 -0.034900307 -0.036953315 -0.039006323 -0.04105933 -0.042845135 -0.044014492 -0.045183849 -0.046353206 -0.046251126 -0.04502622 -0.044267574 -0.044758624 -0.045112062 -0.042854279 -0.040596496 -0.038338713 -0.035127734 -0.030079298 -0.025030862 -0.019982426 -0.017619088 -0.016812027 -0.026499197 -0.051199855 -0.073514743 -0.087724363 -0.10193398 -0.1161436 -0.11429503 -0.10090242 -0.089117173 -0.079416051 -0.069714929 -0.060013807 -0.060706078 -0.06319461 -0.068882635 -0.075671866
-9999 -0.04073914 -0.034240386 -0.028745429 -0.030991165 -0.0332369 -0.035482636 -0.038934444 -0.043778213 -0.048621982 -0.053465752 -0.058229631 -0.062975213 -0.062886533 -0.053116963 -0.043347392 -0.033577822 -0.032584479 -0.034637487 -0.036423292 -0.037592649 -0.038762006 -0.037866449 -0.036641542 -0.035416636 -0.03465799 -0.03514904 -0.035640089 -0.036131139 -0.034585732 -0.032327948 -0.02911697 -0.024068534 -0.019020097 -0.017968267 -0.017161205 -0.016354144 -0.026041314 -0.050741972 -0.07544263 -0.10014329 -0.11497835 -0.12918797 -0.1273394 -0.11394679 -0.10055418 -0.087791293 -0.078090172 -0.06838905 -0.069081321 -0.071569852 -0.074058384 -0.078702858
-9999 -0.03808854 -0.035685614 -0.03793135 -0.040177085 -0.042422821 -0.044668557 -0.048120364 -0.052964134 -0.057807903 -0.062651673 -0.067495442 -0.07229404 -0.072205359 -0.062435789 -0.052666218 -0.042896648 -0.033127078 -0.028215643 -0.030001448 -0.030706678 -0.029481771 -0.028256865 -0.027031958 -0.025807052 -0.025048406 -0.025539456 -0.026030505 -0.026521555 -0.027012605 -0.026317184 -0.023106205 -0.019124508 -0.018317446 -0.017510384 -0.016703322 -0.015896261 -0.025583431 -0.050284089 -0.074984747 -0.099685405 -0.12438606 -0.14223234 -0.14038377 -0.12699116 -0.11359855 -0.10020595 -0.08681334 -0.076764292 -0.077456563 -0.079945095 -0.082433627 -0.084922159
-9999 -0.040217416 -0.042463152 -0.044708888 -0.046954623 -0.049200359 -0.051446095 -0.056202024 -0.061045794 -0.065889563 -0.070733332 -0.075577102 -0.080420871 -0.080140016 -0.070370445 -0.060600875 -0.050831305 -0.041061734 -0.031292164 -0.024106372 -0.022881465 -0.021656559 -0.020431652 -0.019206746 -0.017981839 -0.01824822 -0.018739269 -0.019230319 -0.019721369 -0.020212418 -0.020703468 -0.020751125 -0.019944064 -0.019137002 -0.01832994 -0.017522878 -0.016715817 -0.026094068 -0.050794726 -0.075495384 -0.10019604 -0.1248967 -0.14959736 -0.15102304 -0.13763044 -0.12423783 -0.11084522 -0.097452616 -0.08406001 -0.084208306 -0.086696837 -0.089185369 -0.091673901
-9999 -0.035016006 -0.037261741 -0.039507477 -0.041753213 -0.044254547 -0.052255786 -0.058791249 -0.063635019 -0.068478788 -0.073322558 -0.078166327 -0.075592275 -0.07251699 -0.069849291 -0.061650871 -0.051881301 -0.04211173 -0.03234216 -0.025156368 -0.023931461 -0.022706555 -0.021481648 -0.020256742 -0.024388605 -0.027831831 -0.026404886 -0.026403674 -0.026894723 -0.027385773 -0.027876823 -0.02792448 -0.027117418 -0.026310356 -0.025503295 -0.024696233 -0.022564467 -0.031421981 -0.056122639 -0.080823297 -0.10552396 -0.12824214 -0.12940979 -0.13297844 -0.13630712 -0.12291452 -0.10952191 -0.096129303 -0.082736697 -0.082884993 -0.085373524 -0.087862056 -0.090350588
-9999 -0.029814595 -0.032060331 -0.034306066 -0.038842534 -0.046843773 -0.054845012 -0.061380475 -0.066224244 -0.071068013 -0.073744419 -0.070465603 -0.067186786 -0.064111502 -0.061443802 -0.058776103 -0.052931297 -0.043161727 -0.033392156 -0.026206364 -0.024981458 -0.023756551 -0.023552466 -0.028812749 -0.034073031 -0.037516257 -0.036089312 -0.034662368 -0.034068078 -0.034559128 -0.035050177 -0.035097835 -0.034290773 -0.033483711 -0.032325656 -0.030109018 -0.027892381 -0.036749895 -0.061450553 -0.086151211 -0.10211478 -0.10328243 -0.10445009 -0.10801873 -0.11331343 -0.11860812 -0.1081986 -0.09480599 -0.081413384 -0.08156168 -0.084050211 -0.086538743 -0.08514128
-9999 -0.024613184 -0.02685892 -0.03343052 -0.041431759 -0.049432998 -0.057434237 -0.0639697 -0.068813469 -0.068617748 -0.065338931 -0.062060114 -0.058781298 -0.055706013 -0.053038314 -0.050370615 -0.047702915 -0.044211723 -0.034442152 -0.02725636 -0.026031454 -0.027976609 -0.033236892 -0.038497175 -0.043757458 -0.047200683 -0.045773738 -0.044346794 -0.042919849 -0.041732482 -0.042223532 -0.042271189 -0.041464127 -0.039870207 -0.037653569 -0.035436932 -0.033220294 -0.042077808 -0.066778466 -0.07598742 -0.077155073 -0.078322726 -0.079490379 -0.083059028 -0.088353723 -0.093648417 -0.098943112 -0.093482677 -0.080090071 -0.080238367 -0.082049208 -0.080301532 -0.078553857
-9999 -0.020017267 -0.028018506 -0.036019745 -0.044020984 -0.052022223 -0.060023462 -0.066558925 -0.063491076 -0.060212259 -0.056933443 -0.053654626 -0.050375809 -0.047300525 -0.044632826 -0.041965126 -0.039297427 -0.036629727 -0.033962028 -0.028306356 -0.032400753 -0.037661035 -0.042921318 -0.048181601 -0.053441884 -0.056885109 -0.055458164 -0.05403122 -0.052604275 -0.051177331 -0.049750386 -0.049444544 -0.047414758 -0.04519812 -0.042981483 -0.040764845 -0.038548208 -0.047405722 -0.04986006 -0.051027713 -0.052195367 -0.05336302 -0.054530673 -0.058099322 -0.063394017 -0.068688711 -0.073983406 -0.0792781 -0.078766758 -0.07720946 -0.075461785 -0.073714109 -0.071966434
-9999 -0.025503867 -0.033505106 -0.041506345 -0.049507584 -0.057508823 -0.063744877 -0.066725973 -0.066099352 -0.062820536 -0.059541719 -0.056262902 -0.052984086 -0.049704907 -0.046709374 -0.044041674 -0.041373975 -0.038706275 -0.036038576 -0.03576818 -0.041028462 -0.046288745 -0.051549028 -0.056809311 -0.060332865 -0.057657856 -0.062444026 -0.061017082 -0.059590137 -0.058163193 -0.056736248 -0.05503957 -0.052822933 -0.050606295 -0.048389658 -0.04617302 -0.043612291 -0.043688398 -0.046587096 -0.047754749 -0.048922403 -0.050090056 -0.051257709 -0.051810333 -0.055843463 -0.061138158 -0.066432852 -0.071727547 -0.077022241 -0.074847481 -0.073099806 -0.07135213 -0.069604455
