P2_models/J1_p2_vp_slide_diff2_300.dat.tif
NCOLS 118
NROWS 92
XLLCORNER 139.62
YLLCORNER -39.07
DX 0.099491525
DY 0.099347826
NODATA_VALUE -9999
[rows 0 to 23 of 92, columns 55 to 109 of 118]
-9999 -9999 -9999 -9999 -9999 -9999 -9999 -9999 -9999 -9999 -9999 -9999 -9999 -9999 -9999 -9999 -9999 -9999 -9999 -9999 -9999 -9999 -9999 -9999 -9999 -9999 -9999 -9999 -9999 -9999 -9999 -9999 -9999 -9999 -9999 -9999 -9999 -9999 -9999 -9999 -9999 -9999 -9999 -9999 -9999 -9999 -9999 -9999 -9999 -9999 -9999 -9999 -9999 -9999 -9999
-0.16443892 -0.1562195 -0.14800007 -0.13978065 -0.13156123 -0.12969638 -0.12486606 -0.11805303 -0.11123999 -0.10442695 -0.097613914 -0.079278108 -0.087102484 -0.094926859 -0.10275123 -0.11057561 -0.11400337 -0.11180516 -0.10960695 -0.10740874 -0.10521053 -0.11067761 -0.12196986 -0.10509309 -0.088216328 -0.071339561 -0.054462795 -0.062060709 -0.080966351 -0.099871994 -0.11877764 -0.13508409 -0.12922609 -0.11764346 -0.1066091 -0.095574741 -0.08454038 -0.073787303 -0.072188026 -0.070588748 -0.068989471 -0.067390193 -0.073946609 -0.088192084 -0.11858426 -0.14897643 -0.17936861 -0.20976078 -0.21463743 -0.19830905 -0.1815499 -0.16479075 -0.1480316 -0.13480896 -0.13316592
-0.16415504 -0.15450471 -0.14628529 -0.13806587 -0.12984645 -0.1279816 -0.13043495 -0.12713342 -0.12032038 -0.11350734 -0.10669431 -0.082807688 -0.059228588 -0.067052964 -0.074877339 -0.082701714 -0.08612947 -0.08393126 -0.08173305 -0.07953484 -0.086028595 -0.093476159 -0.11391247 -0.12903199 -0.11215522 -0.095278455 -0.078401689 -0.085999602 -0.10490524 -0.12381089 -0.13794823 -0.13570667 -0.12984867 -0.11747417 -0.10575409 -0.094719728 -0.083685367 -0.072932291 -0.071333013 -0.069733736 -0.068134458 -0.07546674 -0.086593794 -0.09794505 -0.11065941 -0.14105158 -0.17144375 -0.20183593 -0.20671258 -0.19942522 -0.18347725 -0.1667181 -0.14995895 -0.1367363 -0.12540442
-0.16466192 -0.15453546 -0.1445705 -0.13635108 -0.12813166 -0.12626681 -0.12872017 -0.13117352 -0.12940077 -0.12258773 -0.1157747 -0.091888079 -0.067414792 -0.042941505 -0.047003444 -0.054827819 -0.058255575 -0.056057365 -0.05422289 -0.061525015 -0.06882714 -0.076274703 -0.096711014 -0.11714732 -0.13609411 -0.11921735 -0.10234058 -0.1099385 -0.12884414 -0.14081237 -0.13857081 -0.13632925 -0.13047125 -0.11809675 -0.10572226 -0.093864716 -0.082830355 -0.072077279 -0.070478001 -0.068878724 -0.076986871 -0.088113925 -0.099240979 -0.11059223 -0.12196737 -0.1333425 -0.1635189 -0.19391108 -0.19878772 -0.19150037 -0.18421301 -0.16864544 -0.1518863 -0.13866365 -0.12733177
-0.1651688 -0.15504234 -0.14491588 -0.13478942 -0.12641688 -0.12455203 -0.12700538 -0.12945874 -0.13191209 -0.13166813 -0.12485509 -0.10096847 -0.076495183 -0.052021896 -0.027548609 -0.026953924 -0.030381679 -0.029719309 -0.037021434 -0.04432356 -0.051625685 -0.059073248 -0.079509558 -0.099945869 -0.12038218 -0.14081849 -0.12627948 -0.13387739 -0.14367651 -0.14143495 -0.13919339 -0.13695183 -0.13109383 -0.11871933 -0.10634484 -0.093970346 -0.081975343 -0.071222266 -0.069622989 -0.078507002 -0.089634056 -0.10076111 -0.11188816 -0.12323942 -0.13461455 -0.14598969 -0.15736482 -0.18598622 -0.19086287 -0.18357552 -0.17628816 -0.1690008 -0.15381364 -0.140591 -0.12925911
-0.16567568 -0.15554922 -0.14542276 -0.1352963 -0.12516984 -0.12283724 -0.1252906 -0.12774395 -0.13019731 -0.13265066 -0.13393548 -0.11004886 -0.085575575 -0.061102287 -0.036629 -0.012155713 -0.0052157287 -0.012517854 -0.019819979 -0.027122104 -0.03442423 -0.041871793 -0.062308103 -0.082744413 -0.10318072 -0.12361703 -0.14405334 -0.14654066 -0.14429909 -0.14205753 -0.13981597 -0.13757441 -0.1317164 -0.11934191 -0.10696742 -0.094592925 -0.082218432 -0.070367254 -0.080027133 -0.091154187 -0.10228124 -0.1134083 -0.12453535 -0.13588661 -0.14726174 -0.15863687 -0.17001201 -0.18138714 -0.18293802 -0.17565066 -0.16836331 -0.16107595 -0.1537886 -0.14251835 -0.13118646
-0.1405658 -0.13043934 -0.12031288 -0.11018641 -0.10514056 -0.11698431 -0.12754132 -0.12999468 -0.13244803 -0.13490139 -0.13735474 -0.11377595 -0.089302663 -0.064829376 -0.040356088 -0.026460721 -0.029198388 -0.036500513 -0.043802638 -0.051104764 -0.058393455 -0.0563836 -0.053025581 -0.073461891 -0.093898201 -0.11433451 -0.13477082 -0.13969578 -0.13745421 -0.13521265 -0.13297109 -0.13272149 -0.13934596 -0.14177324 -0.12939874 -0.11702425 -0.10464976 -0.092975907 -0.10410296 -0.11523002 -0.12635707 -0.13748412 -0.13040672 -0.13966977 -0.1510449 -0.16242004 -0.17379517 -0.18327599 -0.18104404 -0.17375668 -0.16646933 -0.15918197 -0.15370193 -0.14488636 -0.13355447
-0.11139749 -0.10127103 -0.091144565 -0.08764764 -0.085683393 -0.097527146 -0.11875402 -0.13287365 -0.13532701 -0.13778036 -0.14023371 -0.11665492 -0.092181636 -0.067708349 -0.05779751 -0.056968113 -0.05970578 -0.067007905 -0.074310031 -0.080231101 -0.078247167 -0.076237312 -0.071912622 -0.067587932 -0.085870263 -0.10630657 -0.12674288 -0.13166784 -0.12942627 -0.12718471 -0.12769834 -0.13151262 -0.13813709 -0.14982528 -0.15528519 -0.1429107 -0.13053621 -0.11886236 -0.12998941 -0.14111647 -0.15224352 -0.14335372 -0.13278558 -0.14204862 -0.15342376 -0.16479889 -0.17396506 -0.18233747 -0.18010552 -0.17281816 -0.16553081 -0.16024875 -0.15613975 -0.14732419 -0.1359923
-0.082229176 -0.072118967 -0.07015472 -0.068190473 -0.066226226 -0.07806998 -0.099296852 -0.12052372 -0.13820598 -0.14065933 -0.14311269 -0.1195339 -0.095060609 -0.0891343 -0.088304903 -0.087475505 -0.090213172 -0.097515298 -0.10206875 -0.10008481 -0.098100878 -0.096091024 -0.091766334 -0.087441644 -0.083116954 -0.098278635 -0.11871494 -0.1236399 -0.12139834 -0.12267518 -0.12648946 -0.13030374 -0.13692822 -0.14861641 -0.1603046 -0.16879715 -0.15642266 -0.14474881 -0.15587586 -0.16686886 -0.15630072 -0.14573257 -0.13516443 -0.14442747 -0.15580261 -0.16465414 -0.17302654 -0.18139895 -0.179167 -0.17187964 -0.16679558 -0.16268658 -0.15857758 -0.14976201 -0.13843013
-0.054626048 -0.052661801 -0.050697554 -0.048733307 -0.04676906 -0.058612814 -0.079839686 -0.10106656 -0.12229343 -0.1435203 -0.14599166 -0.12241287 -0.12047109 -0.11964169 -0.11881229 -0.1179829 -0.12072056 -0.12390639 -0.12192246 -0.11993853 -0.11795459 -0.11594474 -0.11162005 -0.10729536 -0.10297067 -0.098645975 -0.11068701 -0.11561196 -0.11765203 -0.12146631 -0.12528059 -0.12909487 -0.13571934 -0.14740753 -0.15909572 -0.17078391 -0.18230911 -0.17063526 -0.17981586 -0.16924772 -0.15867957 -0.14811143 -0.13754328 -0.14680633 -0.15534322 -0.16371562 -0.17208802 -0.18046043 -0.17822848 -0.17334241 -0.16923341 -0.16512441 -0.16101541 -0.15219984 -0.15357173
-0.040582687 -0.03861844 -0.036654193 -0.034689946 -0.032725699 -0.041517435 -0.062744308 -0.08397118 -0.10519805 -0.12642492 -0.1476518 -0.1475551 -0.14672571 -0.14589631 -0.14506691 -0.14423751 -0.14070642 -0.13872248 -0.13673855 -0.13475461 -0.13277068 -0.13312118 -0.12827547 -0.12395078 -0.11962609 -0.1153014 -0.11097671 -0.11221896 -0.11603324 -0.11984752 -0.1236618 -0.12747608 -0.13192634 -0.14361452 -0.15530271 -0.1669909 -0.17867909 -0.18970376 -0.17913562 -0.16856747 -0.15799932 -0.14743118 -0.13764565 -0.14589909 -0.15427149 -0.16264389 -0.1710163 -0.1793887 -0.17868484 -0.17457584 -0.17046684 -0.16635784 -0.16224884 -0.16435676 -0.17042833
-0.062019878 -0.060055631 -0.058091384 -0.056127137 -0.035956588 -0.039815935 -0.061127422 -0.082354294 -0.10358117 -0.12480804 -0.14603491 -0.14593822 -0.14510882 -0.14427942 -0.14345002 -0.13197835 -0.12250735 -0.12052341 -0.11853948 -0.11655554 -0.11914727 -0.13307461 -0.12488739 -0.1196455 -0.11532081 -0.11099612 -0.10667143 -0.10791368 -0.11172796 -0.11554224 -0.11935652 -0.11708847 -0.11552149 -0.12288581 -0.134574 -0.14626219 -0.15795038 -0.16897505 -0.1584069 -0.14783875 -0.13727061 -0.12856444 -0.13570091 -0.14395435 -0.15232676 -0.16069916 -0.16907156 -0.17351178 -0.17202502 -0.16791602 -0.16380702 -0.15969802 -0.15307757 -0.15454761 -0.16061918
-0.083457069 -0.081492822 -0.077944251 -0.056073882 -0.034203513 -0.038062859 -0.059406634 -0.080737408 -0.10196428 -0.12319115 -0.14441802 -0.14432133 -0.14349193 -0.14266254 -0.12910134 -0.11377928 -0.10430827 -0.10232434 -0.1003404 -0.10492573 -0.1191007 -0.13302804 -0.12484082 -0.11665361 -0.11101553 -0.10669084 -0.10236615 -0.1036084 -0.10742268 -0.11123696 -0.10793845 -0.10170653 -0.10013955 -0.10697837 -0.11384528 -0.12553347 -0.13722166 -0.14824633 -0.13767818 -0.12711004 -0.11948324 -0.12661971 -0.13375618 -0.14200962 -0.15038202 -0.15875443 -0.16283823 -0.16685195 -0.16536519 -0.16125619 -0.15714719 -0.15040515 -0.14326842 -0.14473846 -0.15081003
-0.10489426 -0.098061545 -0.076191176 -0.054320807 -0.032450437 -0.036309784 -0.057653559 -0.078997334 -0.10034111 -0.12157427 -0.14280114 -0.14270445 -0.14154638 -0.12622432 -0.11090226 -0.095580206 -0.0861092 -0.084125265 -0.090704201 -0.10487916 -0.11905413 -0.13298147 -0.12479425 -0.11660704 -0.10841983 -0.10238556 -0.098060868 -0.099303122 -0.1031174 -0.098788438 -0.092556514 -0.08632459 -0.084757609 -0.091596431 -0.098435253 -0.10527408 -0.11649294 -0.12751761 -0.11694947 -0.11040204 -0.11753851 -0.12467498 -0.13181144 -0.14006489 -0.14815098 -0.15216469 -0.15617841 -0.16019213 -0.15870537 -0.15459637 -0.14773272 -0.140596 -0.13345927 -0.13492931 -0.14100088
-0.11817884 -0.09630847 -0.074438101 -0.052567731 -0.030697362 -0.034556709 -0.055900484 -0.077244259 -0.098588033 -0.11993181 -0.14118425 -0.13866936 -0.1233473 -0.10802525 -0.09270319 -0.077381133 -0.067910127 -0.076482669 -0.090657632 -0.10483259 -0.11900756 -0.1329349 -0.12474768 -0.11656047 -0.10837326 -0.10018604 -0.093755588 -0.094997843 -0.08963842 -0.083406497 -0.077174573 -0.070942649 -0.069375668 -0.07621449 -0.083053312 -0.089892134 -0.096730956 -0.10678889 -0.10132084 -0.10845731 -0.11559377 -0.12273024 -0.12986671 -0.13747744 -0.14149115 -0.14550487 -0.14951859 -0.15353231 -0.15204555 -0.1450603 -0.13792357 -0.13078685 -0.12365012 -0.12512017 -0.12844749
-0.12380234 -0.10193197 -0.080061598 -0.058191229 -0.036320859 -0.026877749 -0.048221524 -0.069565299 -0.090909073 -0.11225285 -0.13359662 -0.13056605 -0.115244 -0.099921939 -0.084599883 -0.069277826 -0.066895263 -0.081070226 -0.095245189 -0.10942015 -0.12359511 -0.13348736 -0.12722307 -0.11903586 -0.11084864 -0.10266143 -0.094474215 -0.087624393 -0.081392469 -0.075160545 -0.068928621 -0.062696697 -0.067528045 -0.074366867 -0.08120569 -0.088044512 -0.094883334 -0.10173103 -0.1088675 -0.11600397 -0.12314044 -0.1302769 -0.13483667 -0.13290451 -0.13691823 -0.14093195 -0.14494567 -0.14895938 -0.14698056 -0.13984383 -0.13270711 -0.12557038 -0.11843365 -0.11461484 -0.11771779
-0.1370205 -0.12469594 -0.10282557 -0.080955198 -0.059084828 -0.040818731 -0.026772962 -0.048116737 -0.069460512 -0.090804287 -0.11214806 -0.12849404 -0.13059958 -0.11527752 -0.099955463 -0.084633407 -0.082250843 -0.096425806 -0.11060077 -0.12477573 -0.13296977 -0.1352158 -0.13289615 -0.12737135 -0.11918414 -0.11099692 -0.10280971 -0.095959887 -0.089727963 -0.083496039 -0.077264115 -0.067793009 -0.071838089 -0.1015044 -0.1108069 -0.11764573 -0.12448455 -0.13133224 -0.13846871 -0.14560518 -0.15274165 -0.15636454 -0.15228617 -0.14147278 -0.1371945 -0.14120822 -0.14522194 -0.14923565 -0.14900001 -0.14529909 -0.13816236 -0.13102563 -0.12388891 -0.1165857 -0.1120241
-0.12470073 -0.13231823 -0.12558954 -0.10371917 -0.081848797 -0.0635827 -0.047765857 -0.031949014 -0.04801195 -0.069355725 -0.0906995 -0.10704548 -0.12321972 -0.1306331 -0.11531104 -0.099988987 -0.097606424 -0.11178139 -0.12595635 -0.13240107 -0.13469821 -0.13694424 -0.13462459 -0.13230493 -0.12751963 -0.11933242 -0.1111452 -0.10429538 -0.098063457 -0.091831533 -0.081863622 -0.071689769 -0.075734849 -0.10540116 -0.13506746 -0.14724694 -0.15408576 -0.16093346 -0.16806992 -0.17520639 -0.17789241 -0.17381403 -0.16973566 -0.15892228 -0.14739159 -0.14148449 -0.14549821 -0.14951193 -0.14927628 -0.14701484 -0.14361761 -0.13648089 -0.12934416 -0.12204095 -0.11464873
-0.11238097 -0.11999846 -0.12761596 -0.12648314 -0.10461277 -0.086346669 -0.070529826 -0.054712983 -0.03889614 -0.047907164 -0.069250939 -0.085596916 -0.10177116 -0.11794541 -0.13066662 -0.11534457 -0.112962 -0.12713697 -0.13183236 -0.13412951 -0.13642666 -0.13867268 -0.13635303 -0.13403337 -0.13171372 -0.12766791 -0.1194807 -0.11263087 -0.10610809 -0.095934235 -0.085760382 -0.075586529 -0.079631609 -0.10929792 -0.13896422 -0.16863053 -0.18368697 -0.19053467 -0.19767114 -0.19942027 -0.1953419 -0.19126353 -0.18718516 -0.17637177 -0.16484109 -0.1533104 -0.14577448 -0.1497882 -0.14955255 -0.14729111 -0.14502967 -0.14193614 -0.13479941 -0.1274962 -0.12010398
-0.1000612 -0.1076787 -0.1152962 -0.12291369 -0.12737674 -0.10911064 -0.093293795 -0.077476952 -0.061660109 -0.045843266 -0.047802377 -0.064148354 -0.080322601 -0.096496848 -0.11267109 -0.12884534 -0.12831758 -0.13126365 -0.1335608 -0.13585795 -0.1381551 -0.14040112 -0.13808147 -0.13576181 -0.13344216 -0.1311225 -0.12781619 -0.1201787 -0.11000485 -0.099830995 -0.089657142 -0.079483289 -0.083528369 -0.11319468 -0.14286098 -0.17252729 -0.2021936 -0.22013588 -0.22094814 -0.21686977 -0.2127914 -0.20871302 -0.20463465 -0.19382127 -0.18229058 -0.1707599 -0.15922921 -0.15006447 -0.14982882 -0.14756738 -0.14530594 -0.1430445 -0.14025466 -0.13295145 -0.12555923
-0.099890112 -0.10750761 -0.11512511 -0.1227426 -0.12450637 -0.12895638 -0.11584305 -0.10002621 -0.084209364 -0.068392521 -0.052575679 -0.067687189 -0.083861436 -0.10003568 -0.11620993 -0.13071623 -0.13186526 -0.13416241 -0.13645956 -0.13875671 -0.14105386 -0.13970189 -0.13919215 -0.1368725 -0.13455285 -0.13223319 -0.12991354 -0.12222172 -0.11204787 -0.10187401 -0.091700159 -0.081526306 -0.079026471 -0.10478131 -0.13444761 -0.16411392 -0.19378023 -0.22244052 -0.21836215 -0.21428378 -0.2102054 -0.20612703 -0.20352879 -0.19298865 -0.18145796 -0.16992728 -0.15839659 -0.14991337 -0.14786494 -0.1456035 -0.14334206 -0.14108061 -0.13996815 -0.13592003 -0.12852781
-0.10888299 -0.11650049 -0.12411799 -0.12182153 -0.10804338 -0.11249338 -0.12933019 -0.1224135 -0.10659666 -0.090779814 -0.074962971 -0.090074482 -0.10624873 -0.12242298 -0.13424598 -0.13449779 -0.13564682 -0.13794397 -0.14024112 -0.14253827 -0.14032675 -0.13711567 -0.13766532 -0.1375172 -0.13519755 -0.1328779 -0.13055824 -0.12286642 -0.11269257 -0.10251872 -0.09202484 -0.079286545 -0.076783535 -0.09272358 -0.11674848 -0.14641479 -0.1760811 -0.20474139 -0.20066302 -0.19658464 -0.19250627 -0.19014518 -0.18890564 -0.1783655 -0.16683481 -0.15530413 -0.14786132 -0.1462597 -0.14421126 -0.14194982 -0.13968838 -0.13885426 -0.14106098 -0.13701285 -0.12962063
-0.11787587 -0.12549337 -0.1191367 -0.10535854 -0.091580388 -0.096030393 -0.1128672 -0.12970401 -0.12898395 -0.11316711 -0.097350264 -0.11246177 -0.12863602 -0.13777574 -0.13802754 -0.13827934 -0.13942838 -0.14172553 -0.14402268 -0.14099373 -0.13774054 -0.13452946 -0.1350791 -0.13562875 -0.13584225 -0.1335226 -0.13120295 -0.12351113 -0.11333727 -0.1025202 -0.089781904 -0.07704361 -0.0745406 -0.090480644 -0.10642069 -0.12871566 -0.15838196 -0.18704226 -0.18296388 -0.17888551 -0.17676158 -0.17552203 -0.17428248 -0.16374234 -0.15221166 -0.14580927 -0.14420765 -0.14260602 -0.14055759 -0.13829615 -0.13774036 -0.13994708 -0.14215381 -0.13810568 -0.13071346
-0.12686875 -0.11645186 -0.10267371 -0.088895551 -0.075117396 -0.079567401 -0.09640421 -0.11324102 -0.13007783 -0.1355544 -0.11973756 -0.13484907 -0.14130549 -0.14155729 -0.1418091 -0.1420609 -0.14320994 -0.14491389 -0.1416607 -0.13840751 -0.13515432 -0.13194325 -0.13249289 -0.13304253 -0.13359218 -0.13414182 -0.13184765 -0.12415583 -0.11301556 -0.10027726 -0.087538968 -0.074800674 -0.072297664 -0.088237708 -0.10417775 -0.1201178 -0.14068283 -0.16934312 -0.16526475 -0.16337797 -0.16213842 -0.16089887 -0.15965933 -0.14911919 -0.14375722 -0.14215559 -0.14055397 -0.13895235 -0.13690392 -0.13662647 -0.13883319 -0.14103991 -0.14324663 -0.13919851 -0.12595245
