P2_models/J1_p2_vp_slide_diff_260.dat.tif
NCOLS 118
NROWS 92
XLLCORNER 139.62
YLLCORNER -39.07
DX 0.099491525
DY 0.099347826
NODATA_VALUE -9999
[rows 0 to 26 of 92, columns 0 to 59 of 118]
-9999 -9999 -9999 -9999 -9999 -9999 -9999 -9999 -9999 -9999 -9999 -9999 -9999 -9999 -9999 -9999 -9999 -9999 -9999 -9999 -9999 -9999 -9999 -9999 -9999 -9999 -9999 -9999 -9999 -9999 -9999 -9999 -9999 -9999 -9999 -9999 -9999 -9999 -9999 -9999 -9999 -9999 -9999 -9999 -9999 -9999 -9999 -9999 -9999 -9999 -9999 -9999 -9999 -9999 -9999 -9999 -9999 -9999 -9999 -9999
-9999 8.4317849 8.4329581 8.4341313 8.4353044 8.4364776 8.4370706 8.437325 8.4352648 8.430919 8.4265732 8.4222273 8.4178815 8.4154312 8.4166207 8.4176313 8.418642 8.4196527 8.4206633 8.4218643 8.4235042 8.4251442 8.4267842 8.4284241 8.4294918 8.4271983 8.425055 8.4224284 8.4198019 8.4171753 8.4145487 8.4138279 8.4167808 8.4197336 8.4226865 8.4256394 8.4270275 8.4254639 8.4268781 8.4290105 8.4311428 8.4332752 8.4354076 8.4336722 8.4287416 8.4236785 8.4186155 8.4135524 8.4084893 8.409725 8.4167072 8.4236894 8.4306715 8.4376537 8.443926 8.4422256 8.4327419 8.4232582 8.4137746 8.4042909
-9999 8.4336005 8.4347737 8.4359468 8.43712 8.4372618 8.4367575 8.4370118 8.4381418 8.4375546 8.4332088 8.428863 8.4245171 8.4220668 8.4234122 8.4246848 8.4256955 8.4267062 8.4277168 8.4289178 8.4305577 8.4321977 8.4338376 8.4338829 8.4314032 8.4291097 8.427315 8.4253609 8.4227343 8.4201077 8.4174811 8.4167603 8.4197132 8.4226661 8.4256189 8.42566 8.4226889 8.4211253 8.4215752 8.4226419 8.4247742 8.4269066 8.429039 8.4273036 8.4227877 8.4179588 8.4128957 8.4078326 8.4027696 8.4037929 8.4058682 8.4122532 8.4192354 8.4262175 8.4324898 8.436303 8.4367963 8.4273127 8.417829 8.4083453
-9999 8.435416 8.4365892 8.4377624 8.4374529 8.4369486 8.4364443 8.4366987 8.4378287 8.4389586 8.4398444 8.4354986 8.4311527 8.4287024 8.4300479 8.4313933 8.4327388 8.4337597 8.4347703 8.4359713 8.4376112 8.4392512 8.438274 8.4357943 8.4333147 8.4310211 8.4292264 8.4274317 8.4256369 8.4230401 8.4204135 8.4196927 8.4226456 8.4255985 8.4242925 8.4213214 8.4183503 8.4167867 8.4172366 8.4176866 8.4184056 8.420538 8.4226704 8.420935 8.4164191 8.4119033 8.407176 8.4021129 8.3970498 8.3980732 8.4001485 8.4022238 8.4077992 8.4147814 8.4210536 8.4248668 8.42868 8.4313671 8.4218834 8.4123997
-9999 8.4372316 8.4381484 8.4376441 8.4371398 8.4366355 8.4361312 8.4363855 8.4375155 8.4386455 8.4397754 8.4409054 8.4377883 8.435338 8.4366835 8.4380289 8.4393744 8.4407198 8.4418238 8.4430248 8.4446647 8.442665 8.4401854 8.4377057 8.4352261 8.4329325 8.4311378 8.4293431 8.4275483 8.4257536 8.423346 8.4226251 8.425578 8.422925 8.4199539 8.4169828 8.4140117 8.4124481 8.412898 8.413348 8.4137979 8.4142478 8.4163018 8.4145664 8.4100505 8.4055346 8.4010188 8.3963931 8.3913301 8.3923535 8.3944287 8.396504 8.3985793 8.4033452 8.4096174 8.4134306 8.4172438 8.421057 8.4248702 8.4164542
-9999 8.4383396 8.4378353 8.4373309 8.4368266 8.4363223 8.435818 8.4360724 8.4372023 8.4383323 8.4394623 8.4405922 8.4417222 8.4419736 8.4433191 8.4446645 8.44601 8.4473554 8.4487009 8.4495358 8.4470561 8.4445765 8.4420968 8.4396171 8.4371375 8.4348439 8.4330492 8.4312545 8.4294598 8.427665 8.4258703 8.4245285 8.4215574 8.4185864 8.4156153 8.4126442 8.4096731 8.4081095 8.4085594 8.4090093 8.4094593 8.4099092 8.4103592 8.4081978 8.4036819 8.399166 8.3946502 8.3901343 8.3856103 8.3866337 8.388709 8.3907843 8.3928596 8.3949349 8.3981813 8.4019945 8.4058076 8.4096208 8.413434 8.4172472
-9999 8.4389071 8.4384028 8.4378985 8.4373942 8.4368899 8.4362771 8.4364317 8.4375617 8.4386916 8.4398216 8.4409516 8.442002 8.4427178 8.443214 8.4445595 8.4459049 8.4472504 8.4485959 8.4487847 8.446305 8.4438253 8.4413457 8.438866 8.4361131 8.4340674 8.4346065 8.4328118 8.4310171 8.4292223 8.4274276 8.4252311 8.42226 8.4192889 8.4163178 8.4133467 8.4111949 8.4106084 8.4110584 8.4115083 8.4119583 8.4124082 8.4158159 8.4098928 8.4010733 8.3965574 8.3920415 8.3875257 8.3830098 8.3841138 8.3861891 8.3882644 8.3903397 8.392695 8.3960249 8.3998381 8.4036513 8.4074645 8.4112777 8.4145458
-9999 8.4396142 8.4391098 8.4386055 8.4381012 8.4374333 8.4367429 8.4368976 8.4380276 8.4391575 8.4402875 8.4412858 8.4422398 8.4429556 8.4431944 8.4434332 8.444732 8.4460775 8.4474229 8.4476117 8.4451321 8.4426524 8.4401727 8.4372181 8.4340042 8.4319585 8.4330438 8.4341291 8.4325183 8.4307235 8.4289288 8.4267323 8.4237612 8.4207901 8.417819 8.4160881 8.4147771 8.4141907 8.4146406 8.4150905 8.4155405 8.4200124 8.4250445 8.4191214 8.4053228 8.3945444 8.3900286 8.3855127 8.3809968 8.3821009 8.3841761 8.3862514 8.3888183 8.3920088 8.3953388 8.399152 8.4029652 8.4067784 8.4098803 8.4128178
-9999 8.4403212 8.4398169 8.43928 8.4385896 8.4378992 8.4372088 8.4373635 8.4384934 8.4396157 8.4405697 8.4415236 8.4424776 8.4431934 8.4434322 8.443671 8.4439097 8.4449045 8.44625 8.4464388 8.4439591 8.4414795 8.4383231 8.4351092 8.4318953 8.4298496 8.4309349 8.4320202 8.4331055 8.4322248 8.43043 8.4282335 8.4252624 8.4222922 8.4209812 8.4196703 8.4183594 8.4177729 8.4182228 8.4191769 8.424209 8.429241 8.434273 8.42835 8.4145514 8.4007527 8.3880156 8.3834998 8.3789839 8.3800879 8.3821632 8.3849417 8.3881322 8.3913227 8.3946527 8.3984659 8.4022773 8.4052148 8.4081523 8.4110898
-9999 8.4410283 8.4404363 8.4397459 8.4390555 8.4383651 8.4376747 8.4378294 8.4388995 8.4398535 8.4408075 8.4417614 8.4427154 8.4434312 8.44367 8.4439088 8.4441475 8.4443863 8.445077 8.4452658 8.442642 8.4394281 8.4362142 8.4330003 8.4297864 8.4277406 8.4288259 8.4299112 8.4309965 8.4320818 8.4319312 8.4297347 8.4271853 8.4258744 8.4245635 8.4232525 8.4219416 8.4213551 8.4233735 8.4284055 8.4334375 8.4384696 8.4435016 8.4375785 8.4237799 8.4099813 8.3961827 8.3823841 8.3769709 8.3780749 8.3810651 8.3842556 8.3874461 8.3906366 8.3939665 8.3976118 8.4005493 8.4034868 8.4064243 8.4093617
-9999 8.4413932 8.4407028 8.4400124 8.4393219 8.4386315 8.4379411 8.4381342 8.4390882 8.4400421 8.4409961 8.4419501 8.4429041 8.4434019 8.4436407 8.4438794 8.4441182 8.444357 8.4445958 8.4437905 8.4405766 8.4373627 8.4341488 8.4309349 8.427721 8.4253515 8.4264368 8.4275221 8.4286074 8.4296927 8.430778 8.4310448 8.4297339 8.428423 8.427112 8.4258011 8.4244902 8.4259761 8.4310081 8.4360402 8.4410722 8.4461043 8.4511363 8.4458604 8.4320618 8.4182632 8.4044645 8.3906659 8.3768673 8.3775543 8.3807448 8.3839353 8.3871258 8.3903162 8.3921491 8.3950866 8.3980241 8.4009615 8.403899 8.4068365
-9999 8.4403525 8.4396621 8.4389717 8.4382813 8.4375909 8.4375447 8.4380007 8.4389547 8.4399086 8.4408626 8.4418166 8.4432049 8.4436665 8.4420128 8.4420995 8.4423382 8.442577 8.4428158 8.4420105 8.4387966 8.4355827 8.4323688 8.4291549 8.4270244 8.4251519 8.4226366 8.4232965 8.4243818 8.4254671 8.4265524 8.4268192 8.4255083 8.4241974 8.4228864 8.4215755 8.421188 8.423165 8.428197 8.4332291 8.4382611 8.4432931 8.4435813 8.4409259 8.4341389 8.4203403 8.4065417 8.3927431 8.3789445 8.3796315 8.382822 8.3860125 8.389203 8.3878111 8.3843991 8.3873366 8.3902741 8.3932116 8.3961491 8.4060216
-9999 8.4393118 8.4386214 8.437931 8.4373623 8.4373868 8.4374112 8.4378672 8.4388212 8.4397751 8.4407511 8.4422691 8.4437871 8.4442487 8.442595 8.4409413 8.4405583 8.440797 8.4410358 8.4402306 8.4370166 8.4338027 8.4305888 8.4288508 8.4272181 8.4253456 8.4228304 8.4203151 8.4201562 8.4212415 8.4223268 8.4225936 8.4212827 8.4199718 8.4186939 8.4185354 8.4183769 8.4203538 8.4253859 8.4304179 8.434676 8.4347045 8.434733 8.4320775 8.4274927 8.4224175 8.4086189 8.3948203 8.3810217 8.3817087 8.3848992 8.3880897 8.3853061 8.3800611 8.3766492 8.3795866 8.3825241 8.3860651 8.3965851 8.4071051
-9999 8.4382712 8.4375808 8.4372043 8.4372288 8.4372533 8.4372777 8.4377337 8.4386877 8.4398154 8.4413334 8.4428513 8.4443693 8.444831 8.4431773 8.4415235 8.4398698 8.4390171 8.4392558 8.4384506 8.4352367 8.4323098 8.4306772 8.4290445 8.4274119 8.4255394 8.4230241 8.4205088 8.4179935 8.4170159 8.4181012 8.418368 8.4170571 8.4160413 8.4158828 8.4157243 8.4155658 8.4175427 8.4225748 8.4257992 8.4258276 8.4258561 8.4258846 8.4232292 8.4186444 8.4140595 8.4094747 8.3968975 8.3830989 8.3837859 8.3869764 8.3828011 8.3775561 8.3723111 8.3688992 8.3718367 8.3766286 8.3871486 8.3976686 8.4081886
-9999 8.4372305 8.4370464 8.4370708 8.4370953 8.4371198 8.4371442 8.4376002 8.4388796 8.4403976 8.4419156 8.4434336 8.4449515 8.4454132 8.4437595 8.4421058 8.440452 8.4387983 8.4374759 8.4366706 8.4341362 8.4325036 8.4308709 8.4292382 8.4276056 8.4257331 8.4232178 8.4207025 8.4181873 8.415672 8.4138756 8.4141424 8.4133887 8.4132302 8.4130717 8.4129131 8.4127546 8.4147316 8.4169223 8.4169508 8.4169793 8.4170077 8.4170362 8.4143808 8.409796 8.4052112 8.4006264 8.3960415 8.3851761 8.3855411 8.3802961 8.3750511 8.3698062 8.3645612 8.3611492 8.3671922 8.3777122 8.3882321 8.3987521 8.4092721
-9999 8.4363184 8.4363429 8.4363673 8.4363918 8.4364163 8.4364407 8.4374211 8.438939 8.440457 8.441975 8.443493 8.445011 8.4451069 8.4433977 8.441744 8.4400903 8.4384366 8.4367829 8.4351355 8.4335029 8.4318702 8.4302376 8.4286049 8.4269723 8.4242754 8.4213116 8.4187963 8.416281 8.4137657 8.4112504 8.4095402 8.4093816 8.4092231 8.4090646 8.4089061 8.4087476 8.411135 8.4111635 8.411192 8.4112205 8.4112489 8.4112774 8.407817 8.4032322 8.3986474 8.3940626 8.3894778 8.384893 8.3777922 8.3725472 8.3673023 8.3620573 8.3568123 8.3568387 8.3683989 8.3789189 8.3894388 8.3999588 8.4104788
-9999 8.4342904 8.4343149 8.4343394 8.4343638 8.4348579 8.4380098 8.4392639 8.4383277 8.4393016 8.4408196 8.4423376 8.4438556 8.4439515 8.4411997 8.4391889 8.4375352 8.4358815 8.4342277 8.4325804 8.4309477 8.4293151 8.4276824 8.4260498 8.425221 8.4228221 8.4160527 8.4120104 8.4094951 8.4069798 8.4044646 8.4027543 8.4025958 8.4024373 8.4022787 8.4024805 8.4108869 8.4150018 8.4129771 8.4126122 8.4126407 8.4126692 8.4126977 8.408757 8.4019771 8.3973922 8.3928074 8.3882226 8.3836378 8.3738382 8.3648009 8.3595559 8.3543109 8.3490659 8.3490923 8.3673779 8.3804118 8.3909318 8.4014518 8.4119718
-9999 8.4322625 8.4322869 8.4323114 8.4337312 8.4368831 8.440035 8.4412892 8.440353 8.4394168 8.4396642 8.4411822 8.4427002 8.4427961 8.4400443 8.4372926 8.43498 8.4333263 8.4316726 8.4300252 8.4283926 8.4267599 8.4253043 8.424536 8.4237678 8.4213689 8.4145994 8.40783 8.4027092 8.400194 8.3976787 8.3959684 8.3958099 8.3956514 8.3980244 8.4064308 8.4148371 8.418952 8.4169274 8.4149027 8.414061 8.4140894 8.4141179 8.4101772 8.4033832 8.3965891 8.3915523 8.3869675 8.3823826 8.372583 8.3618822 8.3518095 8.3465645 8.3413195 8.3413459 8.3596316 8.3779172 8.3924248 8.4029448 8.4134647
-9999 8.4302345 8.430259 8.4326045 8.4357564 8.4389083 8.4420603 8.4433144 8.4423782 8.441442 8.4405058 8.4400268 8.4415448 8.4416407 8.4388889 8.4361372 8.4333854 8.4307712 8.4291175 8.4274701 8.4258374 8.4246193 8.4238511 8.4230828 8.4223146 8.4199157 8.4131462 8.4063767 8.3996073 8.3934081 8.3908928 8.3891825 8.389024 8.3935683 8.4019747 8.410381 8.4187874 8.4229023 8.4208776 8.418853 8.4168283 8.4155097 8.4155382 8.4115975 8.4048034 8.3980094 8.3912153 8.3857123 8.3811275 8.3713279 8.360627 8.3499262 8.3392253 8.3335732 8.3335995 8.3518852 8.3701708 8.3884565 8.4044377 8.4149577
-9999 8.4283259 8.4314778 8.4346297 8.4377816 8.4409336 8.4440855 8.4453396 8.4444034 8.4434672 8.442531 8.4415948 8.4406586 8.4404853 8.4377335 8.4349818 8.43223 8.4294782 8.4267265 8.424915 8.4239343 8.4231661 8.4223978 8.4216296 8.4208613 8.4184625 8.411693 8.4049235 8.398154 8.3913846 8.3846151 8.3823966 8.3891122 8.3975185 8.4059249 8.4143313 8.4227376 8.4268525 8.4248279 8.4228032 8.4207786 8.4187539 8.4169584 8.4130177 8.4062237 8.3994296 8.3926356 8.3858415 8.3798723 8.3700727 8.3593719 8.348671 8.3379702 8.3272693 8.3258531 8.3441388 8.3624244 8.3807101 8.3989958 8.4164507
-9999 8.4273698 8.4305217 8.4336736 8.4368256 8.4399775 8.4434367 8.4455019 8.4445657 8.4436295 8.4426933 8.4417571 8.440674 8.4379307 8.435371 8.4326192 8.4298674 8.4271157 8.4243639 8.4222119 8.4214437 8.4206754 8.4199072 8.4191389 8.4183707 8.4161056 8.4077493 8.4009799 8.3942104 8.3874409 8.3806715 8.3790856 8.3874919 8.3958983 8.4043046 8.412711 8.4209095 8.4240528 8.4220281 8.4200035 8.4179788 8.4159542 8.4146845 8.4096805 8.4026409 8.3958469 8.3890528 8.3822588 8.3754647 8.3653396 8.3546388 8.3439379 8.3332371 8.3225362 8.333592 8.3518777 8.3701634 8.388449 8.4067347 8.4172403
-9999 8.4241649 8.4273168 8.4304687 8.4336206 8.437528 8.4421938 8.444259 8.4433228 8.4423866 8.4414504 8.4397615 8.4367787 8.4340354 8.4317716 8.429346 8.4265942 8.4238425 8.4210907 8.4189387 8.4181705 8.4174022 8.416634 8.416282 8.4170378 8.4147751 8.4044223 8.3951577 8.3883882 8.3816187 8.3748493 8.3732633 8.3816697 8.3900761 8.3984824 8.4062624 8.4130181 8.4161614 8.4141367 8.4121121 8.4100874 8.4094348 8.410067 8.4050629 8.3960071 8.3884903 8.3816962 8.3749022 8.3681081 8.357983 8.3472822 8.3365813 8.3279506 8.3397553 8.3530118 8.3712975 8.3895831 8.4078688 8.412978 8.4028272
-9999 8.4209599 8.4241119 8.4272638 8.4316192 8.436285 8.4409509 8.4430161 8.4420799 8.4411437 8.438849 8.4358662 8.4328834 8.4301401 8.4278763 8.4256126 8.423321 8.4205693 8.4178175 8.4156655 8.4148973 8.414129 8.4141958 8.4149516 8.4157074 8.4134447 8.4030919 8.392739 8.382566 8.3757965 8.369027 8.3674411 8.3758475 8.3842539 8.3916154 8.398371 8.4051267 8.40827 8.4062453 8.4042207 8.4041852 8.4048173 8.4054494 8.4004453 8.3913895 8.3823337 8.3743396 8.3675456 8.3607515 8.3506264 8.3399256 8.3355657 8.3473703 8.359175 8.3724315 8.3907172 8.4090029 8.4087158 8.398565 8.3884142
-9999 8.417755 8.4210447 8.4257105 8.4303763 8.4350421 8.439708 8.4417732 8.440837 8.4379365 8.4349537 8.4319709 8.4289881 8.4262448 8.4239811 8.4217173 8.4194535 8.4171898 8.4145443 8.4123923 8.4116241 8.4121095 8.4128653 8.4136211 8.414377 8.4121143 8.4017615 8.3914086 8.3810557 8.3707029 8.3632048 8.3616189 8.3700253 8.3769684 8.383724 8.3904797 8.3972353 8.4003786 8.3983539 8.3989355 8.3995676 8.4001997 8.4008318 8.3958278 8.386772 8.3777161 8.3686603 8.360189 8.3533949 8.3432698 8.3431807 8.3549854 8.3667901 8.3785948 8.3918513 8.410137 8.4044535 8.3943027 8.3841519 8.3740011
-9999 8.4151359 8.4198018 8.4244676 8.4291334 8.4337992 8.4384651 8.4400068 8.437024 8.4340412 8.4310584 8.4280756 8.4250929 8.4223495 8.4200858 8.417822 8.4155582 8.4132945 8.4110307 8.4092675 8.4100233 8.4107791 8.4115349 8.4122907 8.4130465 8.4107839 8.400431 8.3900782 8.3797253 8.3693725 8.3590196 8.3555657 8.3623213 8.369077 8.3758326 8.3825883 8.3893439 8.3930537 8.3936858 8.3943179 8.3949501 8.3955822 8.3962143 8.3912102 8.3821544 8.3730986 8.3640428 8.3549869 8.3460383 8.3507958 8.3626005 8.3744052 8.3862098 8.3980145 8.4103421 8.4001913 8.3900405 8.3798897 8.3697389 8.3595881
-9999 8.4131496 8.4178154 8.4224813 8.4271471 8.4318129 8.4352401 8.4371884 8.4369391 8.4339563 8.4309735 8.4279907 8.4250079 8.4220566 8.4193326 8.4170689 8.4148051 8.4125413 8.4102776 8.4089269 8.4096827 8.4104385 8.4111943 8.4119501 8.4119191 8.4109085 8.4089689 8.3986161 8.3882632 8.3779104 8.3675575 8.3630484 8.369804 8.3765596 8.3833153 8.3900709 8.3918953 8.3911905 8.3938255 8.3944576 8.3950897 8.3957218 8.3963539 8.389056 8.3782872 8.3692313 8.3601755 8.3511197 8.3420639 8.3450191 8.3558364 8.367641 8.3794457 8.3912504 8.4006228 8.3990666 8.3889158 8.378765 8.3686142 8.3584634
-9999 8.4110208 8.4156867 8.4203525 8.4250183 8.4277811 8.4302021 8.4321504 8.4335529 8.4346016 8.4316188 8.428636 8.4256533 8.4227019 8.4198135 8.4169251 8.4146542 8.4123904 8.4101267 8.408776 8.4095318 8.4102876 8.4110434 8.4103793 8.4088309 8.4078203 8.4082511 8.408682 8.3986924 8.3883396 8.3779867 8.3734776 8.3802332 8.3869888 8.3937445 8.3928707 8.3889829 8.3882781 8.3921269 8.395509 8.3961411 8.3967732 8.3974053 8.3901074 8.3771088 8.3655079 8.3564521 8.3473963 8.3383404 8.3412957 8.3463268 8.3558586 8.3676633 8.3794679 8.3888404 8.3897881 8.390338 8.3801872 8.3700364 8.3598856
