P2_models/J1_p2_vp_slide_diff2_160.dat.tif
NCOLS 118
NROWS 92
XLLCORNER 139.62
YLLCORNER -39.07
DX 0.099491525
DY 0.099347826
NODATA_VALUE -9999
[rows 24 to 47 of 92, columns 0 to 54 of 118]
-9999 0.18542455 0.19411065 0.20279675 0.21148285 0.22016895 0.22885505 0.23232066 0.22758111 0.22284157 0.21810202 0.21336247 0.20862292 0.20414391 0.20018663 0.19622936 0.19227208 0.18831481 0.18435753 0.18070734 0.17387078 0.16703422 0.16019766 0.1533611 0.14652454 0.13858141 0.12767242 0.11676343 0.10585443 0.094945442 0.084036449 0.075096081 0.07418919 0.0732823 0.072375409 0.071468519 0.070561628 0.068478522 0.065636838 0.062795154 0.059953471 0.057111787 0.054270103 0.053669989 0.054681312 0.055692635 0.056703957 0.05771528 0.058770982 0.057121066 0.055327376 0.053533686 0.051739996 0.049946306 0.050515717
-9999 0.17671668 0.18540278 0.19408888 0.20277498 0.21146108 0.22329464 0.23265629 0.23308893 0.22834938 0.22360984 0.21887029 0.21413074 0.20870482 0.20265306 0.19869578 0.19473851 0.19078123 0.18682396 0.18199603 0.17515947 0.16832291 0.16148635 0.15464979 0.14722478 0.13637008 0.12070486 0.10979587 0.098886878 0.087977885 0.077068892 0.06957629 0.0686694 0.067762509 0.066855619 0.065948728 0.065531394 0.065445286 0.064109293 0.061267609 0.058425925 0.055584242 0.052742558 0.050687693 0.050612592 0.051623914 0.052635237 0.053646559 0.054657882 0.057690996 0.056651873 0.054858183 0.053064493 0.051270803 0.049741506
-9999 0.1660573 0.1747434 0.1834295 0.1921156 0.20563756 0.22002778 0.22938944 0.23294749 0.23583619 0.23109665 0.2263571 0.22161755 0.21619163 0.20939122 0.20259081 0.19860102 0.19464375 0.19068647 0.18585855 0.17902199 0.17218543 0.16534887 0.15745036 0.14889044 0.13803574 0.12103045 0.10402516 0.092910789 0.082001796 0.071092803 0.063600202 0.062693311 0.061786421 0.06087953 0.060730059 0.060879802 0.060793694 0.060370169 0.059595818 0.056754134 0.05391245 0.051070766 0.049015901 0.04752667 0.046923917 0.047935239 0.048946562 0.049957884 0.052990998 0.056373532 0.056316694 0.054523004 0.052729314 0.051200017
-9999 0.15539791 0.16408401 0.17359025 0.18798048 0.2023707 0.21676093 0.22612259 0.22968063 0.23323868 0.23679672 0.23384391 0.22910436 0.22367844 0.21687803 0.21007762 0.20327721 0.19850627 0.19454899 0.18972106 0.1828845 0.17604794 0.16767594 0.15911603 0.15055611 0.1397014 0.12269611 0.10569082 0.088685523 0.076025707 0.065116715 0.057624113 0.056717222 0.055810332 0.055928723 0.056078467 0.05622821 0.056142102 0.055718577 0.055295052 0.054871527 0.052240659 0.049398975 0.04734411 0.045854879 0.044365648 0.043235241 0.044246564 0.045257887 0.048291 0.051673535 0.055056069 0.055981514 0.054187824 0.052658527
-9999 0.14473852 0.15593317 0.1703234 0.18471363 0.19910385 0.21349408 0.22285574 0.22641378 0.22997183 0.23352987 0.23708792 0.23659117 0.23116525 0.22436484 0.21756443 0.21076402 0.20396361 0.19841151 0.19358358 0.18646144 0.17790153 0.16934161 0.16078169 0.15222177 0.14136707 0.12436177 0.10735648 0.090351184 0.07334589 0.059140626 0.051648024 0.050977645 0.051127388 0.051277131 0.051426874 0.051576618 0.05149051 0.051066985 0.05064346 0.050219935 0.04979641 0.047727184 0.045672319 0.044183088 0.042693857 0.041204626 0.039715394 0.040557889 0.043591003 0.046973537 0.050356071 0.053738605 0.055646335 0.054117038
-9999 0.13732985 0.15172008 0.1661103 0.18050053 0.19489075 0.20928098 0.21843225 0.2219903 0.22554834 0.22910639 0.23266443 0.23622248 0.23566789 0.22886748 0.22206707 0.21526665 0.20846624 0.20166583 0.19433337 0.18577345 0.17721353 0.16865361 0.16009369 0.15153377 0.14281948 0.12581419 0.10880889 0.091803597 0.074798303 0.05779301 0.046647315 0.046797058 0.046946802 0.047096545 0.047246288 0.047396031 0.047325218 0.046901693 0.046478168 0.046054643 0.045631117 0.045207592 0.044426406 0.042937175 0.041447944 0.039958713 0.038469482 0.036980251 0.039186151 0.042568685 0.045951219 0.049333753 0.052716287 0.055170207
-9999 0.12532694 0.13971717 0.15410739 0.16849762 0.18288784 0.18869699 0.19668116 0.20804503 0.21160308 0.21516112 0.21871917 0.22227721 0.22078675 0.20918637 0.20200303 0.19520262 0.18840221 0.1816018 0.17426934 0.16570942 0.1571495 0.14858958 0.14002966 0.13217703 0.12607284 0.12378133 0.10850577 0.091500481 0.074495187 0.057489893 0.046344199 0.046493942 0.046643685 0.046793428 0.046943171 0.046659633 0.046528633 0.046739777 0.046316252 0.045892727 0.045469202 0.045045676 0.045165671 0.045197232 0.043708001 0.04221877 0.040729539 0.039240308 0.038869827 0.040593565 0.0439761 0.047358634 0.050741168 0.053170407
-9999 0.11332403 0.12771426 0.14210448 0.1546215 0.15948354 0.16434557 0.17232974 0.18391724 0.19550474 0.20121586 0.2047739 0.20833195 0.20684149 0.19524111 0.18364073 0.17513859 0.16833818 0.16153776 0.1542053 0.14564539 0.13708547 0.12852555 0.12095679 0.11343009 0.1073259 0.1050344 0.10274289 0.091197364 0.07419207 0.057186776 0.046041082 0.046190825 0.046340569 0.046460982 0.046069593 0.045678203 0.045547203 0.045788728 0.046030252 0.045730811 0.045307286 0.044883761 0.045003755 0.045514478 0.045968058 0.044478827 0.042989596 0.041500365 0.041129884 0.040952754 0.04200098 0.045383514 0.048766049 0.051195287
-9999 0.10132112 0.11571135 0.12540804 0.13027008 0.13513212 0.13999415 0.14797832 0.15956582 0.17115332 0.18274082 0.19082864 0.19438668 0.19289623 0.18129585 0.16969546 0.15809508 0.14827414 0.14147373 0.13414127 0.12558135 0.11726326 0.10973656 0.10220986 0.09468316 0.088578969 0.08628746 0.083995951 0.081704442 0.073888954 0.05688366 0.045737966 0.045887709 0.045870942 0.045479553 0.045088163 0.044696774 0.044565774 0.044807298 0.045048822 0.045290346 0.04514537 0.044721845 0.044841839 0.045352562 0.045863285 0.046374008 0.045249654 0.043760423 0.043389942 0.043212811 0.043035681 0.043408395 0.046790929 0.049220168
-9999 0.089318216 0.096194587 0.10105662 0.10591866 0.1107807 0.11564273 0.1236269 0.1352144 0.1468019 0.1583894 0.1699769 0.18044142 0.17895096 0.16735058 0.1557502 0.14414982 0.13254944 0.1214097 0.11407724 0.10604302 0.098516324 0.090989624 0.083462925 0.075936225 0.069832035 0.067540525 0.065249016 0.062957507 0.060665998 0.056580543 0.045434849 0.045280902 0.044889513 0.044498123 0.044106734 0.043715344 0.043584344 0.043825868 0.044067393 0.044308917 0.044550441 0.044559929 0.044679923 0.045190646 0.045701369 0.046212093 0.046722816 0.04602048 0.045649999 0.045472869 0.045295738 0.045118608 0.044941477 0.047245049
-9999 0.07386938 0.078731417 0.083593453 0.08845549 0.093317527 0.098179563 0.10417243 0.11561862 0.12720612 0.13879362 0.15038112 0.16196862 0.16577565 0.15414776 0.14254738 0.130947 0.11934662 0.10774624 0.09737768 0.08985098 0.082324281 0.074797581 0.067270881 0.059744182 0.057930632 0.056036553 0.053745044 0.051453535 0.049162026 0.046870516 0.045228026 0.044836637 0.044445247 0.044053857 0.043662468 0.043271078 0.042938669 0.043293559 0.043535083 0.043776608 0.044018132 0.044259656 0.044521488 0.045032212 0.045542935 0.046053658 0.046564381 0.047075104 0.0468442 0.046667069 0.046489939 0.046312808 0.046135678 0.045744701
-9999 0.067766832 0.072628869 0.077490905 0.082352942 0.087129281 0.091693985 0.097676158 0.10529427 0.1154537 0.12704121 0.13862871 0.15021621 0.15402323 0.1422494 0.13056906 0.11896868 0.1073683 0.095767916 0.085399356 0.077872656 0.070345957 0.062819257 0.055798664 0.05596183 0.05596808 0.055553757 0.054186709 0.0518952 0.049603691 0.047312182 0.045669692 0.045278302 0.044886913 0.044495523 0.043765545 0.041446043 0.040910894 0.042928513 0.043743498 0.043985022 0.044226546 0.044468071 0.044696422 0.044915303 0.045390241 0.045900965 0.046411688 0.046922411 0.04655837 0.046103378 0.045926248 0.045749117 0.045571987 0.04518101
-9999 0.061664284 0.06652632 0.071388357 0.076068309 0.080633013 0.085197717 0.09117989 0.098798005 0.10641612 0.11528879 0.12687629 0.13846379 0.14227082 0.13049699 0.11872316 0.10699035 0.095389972 0.083789592 0.073421032 0.065894332 0.058367632 0.053672946 0.053836112 0.053999278 0.054005529 0.053591206 0.053176882 0.052336866 0.050045357 0.047753848 0.046111358 0.045719968 0.045328579 0.044057271 0.041737769 0.039418268 0.038883118 0.040900738 0.042918357 0.044193437 0.044434961 0.044676485 0.044904836 0.045123718 0.045342599 0.045748271 0.046258995 0.046769718 0.046405677 0.045890453 0.045375229 0.045185426 0.045008296 0.044617319
-9999 0.055561735 0.060423772 0.065007338 0.069572041 0.074136745 0.078701449 0.084683622 0.092301737 0.099919852 0.10753797 0.11515608 0.12671137 0.1305184 0.11874457 0.10697075 0.095196918 0.083423091 0.071811268 0.061442708 0.053916008 0.051547229 0.051710395 0.051873561 0.052036727 0.052042977 0.051628654 0.051214331 0.050800008 0.050385685 0.048195514 0.046553024 0.046161634 0.044348997 0.042029495 0.039709994 0.037390492 0.036855343 0.038872962 0.040890582 0.042908201 0.044643375 0.0448849 0.045113251 0.045332132 0.045551014 0.045769895 0.046106301 0.046617024 0.046252983 0.045737759 0.045222535 0.044707312 0.044444605 0.044053628
-9999 0.049381662 0.053946366 0.05851107 0.063075773 0.067640477 0.072205181 0.078187354 0.085805469 0.093423584 0.1010417 0.10865981 0.11627793 0.11876598 0.10699216 0.095218329 0.083444502 0.071670675 0.059896848 0.049464383 0.049421511 0.049584677 0.049747843 0.049911009 0.050074175 0.050080426 0.049666103 0.049251779 0.048837456 0.048423133 0.04800881 0.046960224 0.044640723 0.042321221 0.04000172 0.037682218 0.035362717 0.034827567 0.036845187 0.038862806 0.040880426 0.042898045 0.044915665 0.045321665 0.045540547 0.045759428 0.045978309 0.046197191 0.046464331 0.04610029 0.045585066 0.045069842 0.044554618 0.044039394 0.043489937
-9999 0.050642738 0.055207441 0.059772145 0.064336849 0.068901553 0.071153779 0.074405333 0.082023448 0.089641564 0.097259679 0.10487779 0.1098191 0.10893401 0.10386939 0.092095567 0.08032174 0.068547912 0.056774085 0.048609826 0.048772992 0.048936158 0.049099324 0.04926249 0.049267822 0.049392186 0.050459114 0.050044791 0.049630468 0.049216144 0.048801821 0.047736751 0.04541725 0.043097748 0.040778247 0.038458745 0.036820506 0.037373568 0.039391187 0.041408807 0.043426426 0.045444046 0.046511578 0.046019116 0.045823523 0.046042404 0.046261286 0.046480167 0.046699048 0.046292002 0.045776778 0.045261554 0.04474633 0.042918908 0.034576119
-9999 0.054527454 0.059092157 0.063656861 0.068221565 0.068821626 0.068289754 0.071541308 0.079159423 0.086777538 0.094395654 0.096646745 0.095966126 0.095081036 0.093786486 0.091891472 0.080117645 0.068343817 0.05656999 0.048405731 0.048568897 0.048732063 0.048895229 0.048705711 0.04822467 0.048349034 0.050096038 0.051769771 0.051355448 0.050941125 0.050526802 0.049461732 0.04714223 0.044822729 0.042503227 0.041384066 0.040913421 0.041466482 0.043484102 0.045501721 0.047519341 0.048115936 0.048315605 0.047823142 0.046833114 0.046350599 0.04656948 0.046788361 0.047007243 0.046600196 0.046084972 0.045569748 0.041605542 0.031180962 0.022838174
-9999 0.05841217 0.062976873 0.067021344 0.066489472 0.065957601 0.065425729 0.068677283 0.076295398 0.083913513 0.083474391 0.082793771 0.082113151 0.081228062 0.079933511 0.078638961 0.07734441 0.068139722 0.056365895 0.048201636 0.048364802 0.048527968 0.0481436 0.047662559 0.047181517 0.047305882 0.049052885 0.050799889 0.052546893 0.052666106 0.052251782 0.051186713 0.048867211 0.046547709 0.045947626 0.045476981 0.045006335 0.045559397 0.047577016 0.049520625 0.049720294 0.049919963 0.050119632 0.049627169 0.048637141 0.047647113 0.046877674 0.047096556 0.047315437 0.04690839 0.046393166 0.040292176 0.029867596 0.019443016 0.011100228
-9999 0.062296886 0.064689191 0.064157319 0.063625447 0.063093575 0.062561704 0.065813258 0.070982656 0.070302036 0.069621416 0.068940797 0.068260177 0.067375087 0.066080537 0.064785986 0.063491436 0.062196885 0.0561618 0.047997541 0.048062531 0.04758149 0.047100448 0.046619407 0.046138365 0.04626273 0.048009733 0.049756737 0.051503741 0.053250744 0.053976763 0.052911693 0.050981832 0.050511186 0.050040541 0.049569895 0.04909925 0.049652311 0.051124982 0.051324652 0.051524321 0.05172399 0.051923659 0.051431196 0.050441168 0.04945114 0.048461112 0.047471085 0.047623631 0.047216585 0.03897881 0.02855423 0.018129651 0.0077050707 -0.00063771776
-9999 0.062600344 0.062068472 0.0615366 0.061004728 0.060472856 0.059940984 0.059446664 0.058766044 0.058085424 0.057404804 0.056724184 0.056043564 0.0554941 0.054199549 0.052904999 0.051610448 0.050315898 0.049021347 0.04797279 0.047491748 0.047010707 0.046529665 0.046048623 0.045567582 0.044869105 0.046616109 0.048363113 0.050110117 0.05185712 0.053604124 0.054593651 0.054123006 0.05365236 0.053181715 0.052711069 0.052240424 0.052269107 0.052468776 0.052668445 0.052868115 0.053067784 0.053267453 0.052806986 0.051816958 0.05082693 0.049836902 0.048846874 0.047856846 0.039255659 0.028831079 0.018406499 0.0079819194 -0.0024426605 -0.0091683177
-9999 0.061814651 0.061282779 0.060750907 0.060219035 0.059687163 0.058782255 0.058478244 0.058890969 0.058210349 0.057529729 0.056849109 0.056168489 0.05603243 0.056986885 0.055896848 0.054602298 0.053307747 0.052013196 0.050964639 0.050483597 0.050002556 0.049521514 0.049040473 0.046010986 0.042956182 0.04282111 0.044326209 0.046073213 0.047820216 0.04956722 0.050556748 0.050086102 0.049615457 0.049144811 0.048674165 0.050998013 0.052026264 0.050341464 0.050541134 0.050740803 0.050940472 0.051140141 0.050778977 0.049962959 0.048972931 0.047982903 0.046992875 0.046002847 0.039619945 0.030676835 0.020252255 0.0098276752 -0.00059690469 -0.0077605314
-9999 0.061028957 0.060497085 0.059965213 0.059348282 0.058407353 0.057466424 0.057162414 0.05759349 0.058024565 0.057654654 0.056974034 0.056293414 0.056157355 0.05711181 0.058066265 0.057594147 0.056299596 0.055005046 0.053956488 0.053475446 0.052994405 0.052513363 0.04847743 0.044333276 0.041278472 0.0411434 0.041008327 0.042036309 0.043783313 0.045530316 0.046519844 0.046049198 0.045578553 0.045332286 0.048304553 0.051276821 0.052305072 0.050552135 0.048799197 0.048613491 0.04881316 0.049012829 0.048651666 0.047887326 0.047118931 0.046128903 0.045138875 0.044148847 0.037765946 0.030451009 0.022098011 0.011673431 0.0012488511 -0.0059147756
-9999 0.060243264 0.059711392 0.058973381 0.058032452 0.057091523 0.056150594 0.055846584 0.056277659 0.056708735 0.057139811 0.057098958 0.056418338 0.056282279 0.057236735 0.05819119 0.059145645 0.059291445 0.057996895 0.056948337 0.056467296 0.055088027 0.050943873 0.04679972 0.042655566 0.039600762 0.03946569 0.039330617 0.039195545 0.039746409 0.041493413 0.04248294 0.042012294 0.042638827 0.045611094 0.048583362 0.051555629 0.052583881 0.050830943 0.049078005 0.047325067 0.046685848 0.046885518 0.046524354 0.045760015 0.044995675 0.044231336 0.043284876 0.042294848 0.035911946 0.028597009 0.021282073 0.013519187 0.0030946069 -0.0040690198
-9999 0.059457571 0.058598479 0.05765755 0.056716622 0.055775693 0.054834764 0.054530754 0.054961829 0.055392905 0.05582398 0.056255056 0.056543263 0.056407204 0.057361659 0.058316115 0.05927057 0.060225025 0.060988744 0.059940186 0.057554471 0.053410317 0.049266163 0.04512201 0.040977856 0.037923052 0.03778798 0.037652907 0.037517835 0.037382763 0.037456509 0.038446036 0.039945368 0.042917635 0.045889902 0.04886217 0.051834437 0.052862689 0.051109751 0.049356813 0.047603875 0.045850938 0.044758206 0.044397042 0.043632703 0.042868364 0.042104024 0.041339685 0.040440848 0.034057946 0.02674301 0.019428073 0.012113136 0.0047981995 -0.002223264
