P2_models/J1_p2_tot_conduct_slide_81.29.dat.tif
NCOLS 118
NROWS 92
XLLCORNER 139.62
YLLCORNER -39.07
DX 0.099491525
DY 0.099347826
NODATA_VALUE -9999
[rows 0 to 25 of 92, columns 57 to 113 of 118]
-2.9114167 -2.9230736 -2.9064916 -2.8921105 -2.8554557 -2.818591 -2.7609906 -2.6794617 -2.6057298 -2.5061955 -2.3919099 -2.2710227 -2.1436186 -1.9963364 -1.847502 -1.7037921 -1.567934 -1.4463333 -1.3529167 -1.2759017 -1.2530838 -1.2487241 -1.2939403 -1.3724124 -1.49428 -1.6180328 -1.7672701 -1.9221343 -2.0807416 -2.2237768 -2.3494327 -2.4488261 -2.5162638 -2.5561513 -2.5458702 -2.5276889 -2.4734803 -2.4153846 -2.3448705 -2.2793287 -2.2266567 -2.2016058 -2.1775435 -2.1775435 -2.1933511 -2.2343182 -2.287255 -2.3399269 -2.3777204 -2.4160869 -2.4394966 -2.4420468 -2.4303419 -2.3886305 -2.3203036 -2.2381816 -2.1314826
-3.0437088 -3.033882 -3.0069125 -2.9671975 -2.9172027 -2.8579565 -2.7783705 -2.6628957 -2.5743101 -2.4591548 -2.3156854 -2.1885102 -2.0412422 -1.8895824 -1.7365645 -1.5928546 -1.4630617 -1.3514223 -1.269073 -1.2096806 -1.198626 -1.2127869 -1.2673176 -1.3648722 -1.4897892 -1.630704 -1.7871848 -1.9474767 -2.1068516 -2.2531627 -2.3827639 -2.4786277 -2.5410654 -2.5820325 -2.5747153 -2.5615458 -2.515067 -2.4647031 -2.3985651 -2.3436249 -2.3022046 -2.2874713 -2.2674524 -2.2688917 -2.2918877 -2.3352794 -2.386062 -2.438734 -2.4722136 -2.5045149 -2.5233747 -2.5198253 -2.5041406 -2.4620952 -2.4057109 -2.3280275 -2.2358142
-3.1730566 -3.1510019 -3.1067834 -3.0499103 -2.9870736 -2.9000781 -2.805823 -2.6882558 -2.566655 -2.4167665 -2.2663725 -2.1197534 -1.9692222 -1.8089303 -1.6564355 -1.5127255 -1.3944167 -1.2893979 -1.2251841 -1.1723372 -1.1792502 -1.1998063 -1.2771885 -1.3752662 -1.5040199 -1.6538223 -1.8141142 -1.9733599 -2.1327348 -2.2790459 -2.4020862 -2.4905231 -2.5498222 -2.5907893 -2.5881096 -2.5761632 -2.5351961 -2.4885909 -2.4300665 -2.3879714 -2.3528568 -2.3410556 -2.3347684 -2.3464733 -2.3717275 -2.418547 -2.4698528 -2.5225248 -2.5548191 -2.5789252 -2.5906301 -2.582221 -2.5646637 -2.5194797 -2.4670136 -2.3967843 -2.3129452
-3.2910322 -3.2655509 -3.2123405 -3.1476834 -3.0740029 -2.9716702 -2.8617061 -2.729075 -2.5977012 -2.433351 -2.2778848 -2.1155566 -1.962166 -1.7965118 -1.6459186 -1.5065163 -1.3941198 -1.2956071 -1.2351921 -1.1971742 -1.2192834 -1.2438636 -1.3267733 -1.4267151 -1.5599031 -1.7064479 -1.8637881 -2.0144095 -2.1699902 -2.3073954 -2.4178147 -2.4967323 -2.5399377 -2.5597431 -2.5570634 -2.545117 -2.5041499 -2.4575447 -2.4034844 -2.3723179 -2.3466475 -2.348263 -2.3473381 -2.3883052 -2.4151922 -2.4668547 -2.5195267 -2.5721987 -2.6099922 -2.6348084 -2.6418198 -2.6286045 -2.6081284 -2.5309028 -2.4732229 -2.4029936 -2.3254362
-3.3942998 -3.3688186 -3.3135455 -3.2385326 -3.1599867 -3.0497748 -2.9293377 -2.7908413 -2.6471313 -2.4820466 -2.3167775 -2.1544492 -1.9926257 -1.828378 -1.6795315 -1.5423826 -1.4349758 -1.3410116 -1.2923864 -1.2603128 -1.2853024 -1.3196857 -1.4025953 -1.5035067 -1.6374694 -1.7770389 -1.9318035 -2.0699666 -2.2178604 -2.3466142 -2.4304894 -2.5020584 -2.5314391 -2.5372915 -2.520134 -2.5081876 -2.4672205 -2.4224947 -2.3711695 -2.3504225 -2.3328652 -2.3479369 -2.358475 -2.4066068 -2.4520903 -2.507919 -2.5692006 -2.6218726 -2.6567245 -2.6826997 -2.6876495 -2.6665121 -2.6431023 -2.5567181 -2.4794321 -2.4084497 -2.3287039
-3.4812292 -3.4557479 -3.4004749 -3.3251096 -3.2360909 -3.1236367 -2.9979632 -2.859143 -2.715433 -2.5503482 -2.3850791 -2.2227508 -2.0609273 -1.9006354 -1.7540424 -1.6269143 -1.5224429 -1.434006 -1.3928944 -1.3658699 -1.3935064 -1.431452 -1.5143616 -1.615273 -1.7440267 -1.8800789 -2.0187329 -2.1493214 -2.2799528 -2.381771 -2.4615356 -2.5057541 -2.5244384 -2.5127335 -2.4902094 -2.464723 -2.4237559 -2.3810904 -2.3401233 -2.3206617 -2.3142375 -2.337524 -2.3646842 -2.4232086 -2.4811544 -2.5513837 -2.6136868 -2.6715465 -2.7033178 -2.7249049 -2.7249049 -2.7020235 -2.6679393 -2.5727897 -2.4845314 -2.4084497 -2.3287039
-3.5221603 -3.4997969 -3.4476475 -3.3745186 -3.2966425 -3.1874275 -3.070128 -2.9413828 -2.7998148 -2.6368413 -2.4855411 -2.3274776 -2.1774694 -2.0262072 -1.8928739 -1.7723699 -1.6736929 -1.5983559 -1.5627721 -1.5357476 -1.5633841 -1.6021789 -1.6810821 -1.7660874 -1.8825933 -2.0177963 -2.1326392 -2.2565193 -2.3508461 -2.4391632 -2.4925818 -2.5225 -2.5107677 -2.4904441 -2.4653724 -2.4212583 -2.3789042 -2.333964 -2.2960888 -2.2788954 -2.2874332 -2.3335174 -2.3655334 -2.4311212 -2.5085389 -2.5857097 -2.6517914 -2.7154915 -2.7422716 -2.7621603 -2.755518 -2.7285589 -2.6833921 -2.5761864 -2.4845314 -2.4021064 -2.3179838
-3.5452921 -3.5314422 -3.4816964 -3.4226286 -3.3493191 -3.2551317 -3.139931 -3.0206015 -2.8879462 -2.7486755 -2.6048017 -2.4626475 -2.3249698 -2.1877833 -2.0655765 -1.949503 -1.8659717 -1.7941168 -1.758533 -1.7329554 -1.7575757 -1.7907913 -1.8612859 -1.9368754 -2.0422194 -2.1401365 -2.2506826 -2.3341688 -2.4258086 -2.484333 -2.5059181 -2.5225 -2.4997826 -2.464668 -2.4187765 -2.3744805 -2.327661 -2.2846002 -2.2494855 -2.2540299 -2.2657348 -2.3180962 -2.3730987 -2.4590967 -2.5410309 -2.6229651 -2.6992872 -2.763664 -2.785074 -2.7967677 -2.7850628 -2.7441994 -2.6973799 -2.5907369 -2.4868903 -2.3991037 -2.3066092
-3.528457 -3.5154827 -3.4878461 -3.4334833 -3.3741561 -3.2900749 -3.1958141 -3.0928034 -2.9810848 -2.8644605 -2.7351958 -2.619995 -2.4926193 -2.3820731 -2.2676936 -2.1730356 -2.0952343 -2.0362771 -2.0030057 -1.9813249 -1.9979068 -2.0267424 -2.0820155 -2.1498259 -2.2222873 -2.3047253 -2.3872859 -2.4446447 -2.5127379 -2.5431586 -2.546559 -2.5244497 -2.48833 -2.4212033 -2.3691755 -2.3185974 -2.2717779 -2.228717 -2.2156437 -2.2290286 -2.2533163 -2.3193817 -2.3855172 -2.4908612 -2.5783966 -2.6778881 -2.7575641 -2.8257564 -2.8338076 -2.8402324 -2.8227878 -2.774722 -2.7160076 -2.6136587 -2.5117273 -2.4127605 -2.3169329
-3.475192 -3.4644838 -3.4428991 -3.4161286 -3.3653435 -3.3113337 -3.2269565 -3.1638401 -3.0643486 -2.9871086 -2.8769487 -2.7857473 -2.6812907 -2.5909295 -2.5046301 -2.4234686 -2.3608179 -2.3070935 -2.2790238 -2.2614742 -2.2696713 -2.2884849 -2.3280689 -2.3754263 -2.4339225 -2.4712384 -2.5388362 -2.5573213 -2.6049559 -2.6185939 -2.5800484 -2.5442536 -2.4797621 -2.3994874 -2.3323571 -2.2773361 -2.2305165 -2.1949732 -2.1872391 -2.2194974 -2.2514371 -2.3362069 -2.4128883 -2.5293331 -2.6324188 -2.7342746 -2.8158399 -2.8860692 -2.8857976 -2.8834493 -2.8614625 -2.8016918 -2.7364348 -2.6245767 -2.5209485 -2.4173266 -2.3207863
-3.3835598 -3.3823751 -3.3713205 -3.3561911 -3.3300092 -3.2924505 -3.2400866 -3.1928633 -3.1375902 -3.0798499 -3.0181729 -2.939627 -2.8701376 -2.7982826 -2.7378117 -2.6825386 -2.6383342 -2.5941157 -2.5725668 -2.5560461 -2.559291 -2.5651715 -2.592808 -2.6176269 -2.6527416 -2.6723846 -2.6944939 -2.6955214 -2.6987669 -2.6695047 -2.6210951 -2.565822 -2.4846865 -2.3851949 -2.3127063 -2.2471346 -2.2009626 -2.169178 -2.169178 -2.2071903 -2.2598623 -2.351496 -2.4498562 -2.5735636 -2.6896902 -2.7950341 -2.8757774 -2.9460067 -2.9397318 -2.9252107 -2.8959485 -2.8328898 -2.756808 -2.6402404 -2.5244207 -2.4132243 -2.3175059
-3.259077 -3.2638477 -3.2719727 -3.2706178 -3.2679168 -3.2525064 -3.2276681 -3.2116484 -3.1810549 -3.1685314 -3.1237552 -3.0871004 -3.030301 -3.0081918 -2.9569391 -2.924699 -2.8937809 -2.8673223 -2.8457733 -2.8292526 -2.818198 -2.8182812 -2.8182812 -2.8308269 -2.8328095 -2.8287838 -2.8248879 -2.7938097 -2.779487 -2.727352 -2.6525971 -2.5720312 -2.486129 -2.3789857 -2.3026816 -2.2347162 -2.1937491 -2.1629688 -2.1772579 -2.2306577 -2.2971177 -2.397098 -2.4995302 -2.6399888 -2.7579918 -2.8633358 -2.940938 -3.0080991 -2.9862235 -2.9686754 -2.9294284 -2.8579529 -2.7754357 -2.6538268 -2.5368392 -2.4256428 -2.3327664
-3.1127523 -3.1234605 -3.1365234 -3.1485865 -3.1633907 -3.1677306 -3.1758647 -3.2089514 -3.2034241 -3.1925531 -3.2066288 -3.169974 -3.1758105 -3.1548041 -3.1550913 -3.1346096 -3.1262198 -3.1163791 -3.1027774 -3.0862567 -3.0752021 -3.0566576 -3.0566576 -3.0123489 -2.9998997 -2.9829279 -2.9455282 -2.9047608 -2.8477987 -2.7775694 -2.6866121 -2.6007405 -2.4795167 -2.3681798 -2.2899913 -2.2255382 -2.1845711 -2.1721191 -2.1945379 -2.2592786 -2.3433919 -2.4505559 -2.5589255 -2.6993842 -2.8295339 -2.9335267 -3.0092396 -3.0644483 -3.0321135 -3.0014417 -2.9580714 -2.8825181 -2.7918249 -2.6659735 -2.5460172 -2.4348207 -2.3419444
-2.9575213 -2.9716016 -2.9937109 -3.0211789 -3.0578337 -3.089536 -3.1261908 -3.1687148 -3.2096333 -3.2419031 -3.2720198 -3.2982018 -3.3189721 -3.3410813 -3.3526149 -3.3581422 -3.3585394 -3.3585394 -3.3449377 -3.328417 -3.3022477 -3.2756658 -3.2314474 -3.1862075 -3.139388 -3.0939399 -3.0386668 -2.9764747 -2.9098911 -2.8112317 -2.7119686 -2.6069497 -2.4857259 -2.3511197 -2.279538 -2.2193289 -2.1947918 -2.191183 -2.2380025 -2.3118452 -2.4054843 -2.5144031 -2.6272302 -2.7735413 -2.9023368 -3.0018284 -3.0673027 -3.1141223 -3.0734421 -3.0293711 -2.9766991 -2.8978825 -2.8042434 -2.6757692 -2.5522264 -2.44103 -2.3574948
-2.8022903 -2.8197075 -2.8452394 -2.8853623 -2.9296407 -2.9878388 -3.0369041 -3.1137407 -3.1689183 -3.2558863 -3.302045 -3.3668974 -3.4002902 -3.4481329 -3.4750915 -3.4967903 -3.5127555 -3.5214742 -3.5078725 -3.491107 -3.4579431 -3.4190779 -3.3430574 -3.2909233 -3.2340212 -3.1625165 -3.0978516 -3.008732 -2.9361104 -2.8309331 -2.7181778 -2.613159 -2.4919351 -2.357329 -2.2985592 -2.2426359 -2.2411641 -2.2403066 -2.3006893 -2.3888398 -2.4845536 -2.5984677 -2.7125057 -2.8537111 -2.9819564 -3.070139 -3.1203683 -3.1637962 -3.1061391 -3.0593168 -3.0030247 -2.9139918 -2.8166619 -2.6825287 -2.5584356 -2.4507098 -2.3746779
-2.6530417 -2.6653484 -2.6929849 -2.7373369 -2.7897009 -2.8588148 -2.9268879 -3.0207267 -3.1091636 -3.209557 -3.3005611 -3.3768074 -3.4499282 -3.5089374 -3.5604901 -3.5936539 -3.6238447 -3.6459539 -3.6363258 -3.6214306 -3.5844037 -3.53785 -3.4523096 -3.3687063 -3.3043295 -3.2212982 -3.1383886 -3.0418231 -2.9463448 -2.8292959 -2.720486 -2.6155072 -2.5022544 -2.3676483 -2.3148567 -2.2726544 -2.2799275 -2.3024799 -2.3727092 -2.4708235 -2.570315 -2.6808069 -2.7986326 -2.9376518 -3.0555282 -3.1371521 -3.1737424 -3.2088571 -3.1457558 -3.0848915 -3.0263671 -2.9333487 -2.8280047 -2.6910064 -2.5647358 -2.4593918 -2.3873454
-2.5125326 -2.5193947 -2.5415039 -2.5861286 -2.643729 -2.717898 -2.8010473 -2.9063677 -3.016439 -3.136938 -3.2475756 -3.3523035 -3.443305 -3.5317419 -3.5949017 -3.6446475 -3.6798032 -3.7121858 -3.7057076 -3.6942857 -3.6500673 -3.5974587 -3.4979672 -3.4072241 -3.3194374 -3.229181 -3.1317654 -3.0295149 -2.9264752 -2.8094264 -2.7006164 -2.6066522 -2.5004818 -2.3875178 -2.3426604 -2.3123936 -2.3358033 -2.3701977 -2.4579843 -2.5601079 -2.6696629 -2.7741497 -2.8847341 -3.0193402 -3.132384 -3.1967608 -3.2254697 -3.241973 -3.1708128 -3.1033119 -3.0330825 -2.9399719 -2.8346279 -2.693759 -2.5647358 -2.4593918 -2.3906879
-2.4201196 -2.4103584 -2.4244416 -2.4609733 -2.5153078 -2.589215 -2.676736 -2.7910377 -2.9077337 -3.0301724 -3.1677395 -3.2753872 -3.3878924 -3.4799474 -3.5576169 -3.6159536 -3.6614056 -3.6828146 -3.676727 -3.6653052 -3.6210867 -3.5657101 -3.4584445 -3.3467648 -3.2589782 -3.1631856 -3.0679136 -2.964279 -2.8633828 -2.7497779 -2.6522591 -2.5679416 -2.5001824 -2.4026364 -2.3615477 -2.3649031 -2.3920673 -2.4520423 -2.5424725 -2.6468643 -2.7537123 -2.8489391 -2.9567554 -3.0887266 -3.1890456 -3.2413331 -3.2624846 -3.2647351 -3.1187928 -3.0457557 -2.981272 -2.8922391 -2.7960505 -2.695143 -2.5647358 -2.4593918 -2.3906879
-2.33086 -2.3099062 -2.3154335 -2.3443637 -2.3967276 -2.4719835 -2.5610023 -2.6741831 -2.7957838 -2.9376384 -3.0785062 -3.1992391 -3.3167262 -3.4162178 -3.5022822 -3.5686099 -3.6047449 -3.6213268 -3.6152393 -3.6026353 -3.5573571 -3.4975172 -3.3703942 -3.2575936 -3.169807 -3.076674 -2.9827098 -2.8861522 -2.7866607 -2.6871692 -2.6076294 -2.5357745 -2.4758617 -2.4114848 -2.411363 -2.4188193 -2.4694246 -2.531279 -2.6249181 -2.7257257 -2.8310697 -2.9227664 -3.0178066 -3.1390051 -3.2302913 -3.2712584 -3.28 -3.28 -3.1162784 -2.9877923 -2.9292679 -2.8467412 -2.7531021 -2.658687 -2.561373 -2.4560291 -2.3862042
-2.289187 -2.2619798 -2.2471319 -2.2680747 -2.303589 -2.3739057 -2.4554452 -2.5654578 -2.6840175 -2.8216493 -2.9605306 -3.0862042 -3.2054582 -3.3160043 -3.4042381 -3.4754713 -3.5139647 -3.5343975 -3.5264459 -3.5094967 -3.4597509 -3.3981694 -3.2765686 -3.1632779 -3.0704592 -2.9746665 -2.8771528 -2.7880238 -2.6935221 -2.6082964 -2.5435867 -2.498519 -2.4531975 -2.4176941 -2.435155 -2.4560747 -2.526304 -2.5933714 -2.6920725 -2.791564 -2.893162 -2.9732357 -3.0612713 -3.1666152 -3.2551282 -3.2852137 -3.2867341 -3.28 -3.1113771 -2.9815831 -2.9177674 -2.8343227 -2.7406836 -2.6415261 -2.5427453 -2.4374013 -2.3650334
-2.2976096 -2.2503698 -2.2285756 -2.2316277 -2.2535783 -2.3090823 -2.3757966 -2.4634402 -2.5795136 -2.7169618 -2.8390157 -2.9646892 -3.0795343 -3.1896437 -3.2801145 -3.3504781 -3.3889715 -3.4085347 -3.3979133 -3.3774247 -3.3276789 -3.2563487 -3.1352955 -3.0324471 -2.9375668 -2.8399247 -2.7461278 -2.6576909 -2.5842219 -2.5081402 -2.4611274 -2.4241848 -2.4280956 -2.4066899 -2.4307461 -2.4827119 -2.5529412 -2.6431856 -2.7439483 -2.845708 -2.9392474 -3.0070129 -3.0870389 -3.1923829 -3.2648305 -3.2891425 -3.284995 -3.2699351 -3.1007589 -2.9661864 -2.9018095 -2.8183648 -2.7247258 -2.6291076 -2.527657 -2.4209621 -2.3464057
-2.3100281 -2.2548483 -2.2161571 -2.2048773 -2.2101137 -2.2489217 -2.3012857 -2.3859306 -2.4801658 -2.5972447 -2.7136833 -2.828884 -2.9418123 -3.0468312 -3.1351287 -3.2014563 -3.2367218 -3.2533037 -3.2383997 -3.2159845 -3.1555644 -3.0850834 -2.9800646 -2.8772162 -2.7777246 -2.685543 -2.5971061 -2.5270046 -2.4606996 -2.4138801 -2.3800382 -2.3745109 -2.3784216 -2.3901265 -2.4402582 -2.5013396 -2.5888956 -2.682069 -2.787413 -2.8825069 -2.9702936 -3.0336914 -3.0991554 -3.1986469 -3.2650192 -3.2767241 -3.2688647 -3.2513074 -3.0821312 -2.9475587 -2.8831818 -2.7997371 -2.706098 -2.6128039 -2.5135307 -2.4023343 -2.3209527
-2.3613714 -2.2984771 -2.2474298 -2.2224221 -2.2147092 -2.2307172 -2.266494 -2.3254045 -2.4069727 -2.4955933 -2.6015213 -2.6853037 -2.7907393 -2.875818 -2.9541655 -3.0047716 -3.0363064 -3.0500125 -3.0330792 -2.9995481 -2.9332205 -2.862727 -2.7577081 -2.6617541 -2.5744334 -2.4938449 -2.4131314 -2.3730467 -2.3171176 -2.2884376 -2.2945374 -2.3153043 -2.3448582 -2.3817606 -2.4532071 -2.5222058 -2.6275498 -2.7219589 -2.8273029 -2.9183099 -3.0033257 -3.0617283 -3.1148669 -3.1099273 -3.1755454 -3.1827846 -3.1688215 -3.1488722 -3.0218517 -2.8896089 -2.8295483 -2.7595831 -2.6735686 -2.5920011 -2.4937115 -2.3866817 -2.2886657
-2.4417658 -2.3628093 -2.3058689 -2.2601916 -2.2444824 -2.2399464 -2.260892 -2.2932193 -2.3540196 -2.4192015 -2.501954 -2.5739346 -2.6479102 -2.7208653 -2.7771036 -2.8198522 -2.8320265 -2.8430811 -2.8178645 -2.7815414 -2.7152137 -2.6444227 -2.5444328 -2.4530749 -2.3721287 -2.3110492 -2.2391942 -2.2123542 -2.1809816 -2.1751292 -2.2098178 -2.2423709 -2.2980932 -2.3566177 -2.4439779 -2.5275563 -2.6329003 -2.7382443 -2.8430643 -2.9262189 -3.0081531 -3.0604081 -3.1093485 -3.1012573 -3.0999213 -3.1048709 -3.0918106 -3.0684008 -2.9495722 -2.8449527 -2.7879347 -2.7248395 -2.6487577 -2.5765686 -2.4875279 -2.3815803 -2.2702074
-2.5349044 -2.4559479 -2.3840929 -2.3330743 -2.2911831 -2.279419 -2.2741826 -2.295159 -2.3229734 -2.3677427 -2.4212339 -2.4735979 -2.5299346 -2.5741531 -2.6156634 -2.6377726 -2.6430007 -2.631967 -2.6032152 -2.564218 -2.4978903 -2.4270993 -2.3386624 -2.2543793 -2.1841499 -2.1297144 -2.0839632 -2.0652956 -2.0505876 -2.0761611 -2.1166792 -2.1774796 -2.2438631 -2.3255715 -2.4184678 -2.5151379 -2.6204818 -2.7249451 -2.8244366 -2.9060069 -2.9771069 -3.0249555 -3.0658838 -3.0541789 -3.0489878 -3.0489878 -3.0370984 -3.0187269 -2.9095887 -2.8161265 -2.769307 -2.7072332 -2.6363393 -2.5733638 -2.4927767 -2.3815803 -2.2667198
-2.6384642 -2.5572713 -2.4824421 -2.4190743 -2.3709046 -2.332604 -2.3176472 -2.307896 -2.3244761 -2.3262753 -2.3651761 -2.3824566 -2.4245811 -2.4457564 -2.4681528 -2.4763324 -2.467128 -2.4508795 -2.4171554 -2.367737 -2.3014093 -2.2339658 -2.1578132 -2.0834203 -2.0219285 -1.9846126 -1.9461142 -1.9599183 -1.9537603 -1.98881 -2.0522738 -2.1260258 -2.2080173 -2.2959672 -2.3926322 -2.4921237 -2.5924316 -2.6958962 -2.7865605 -2.8541577 -2.9211343 -2.9528705 -2.9917089 -2.9846613 -2.9774728 -2.9774728 -2.9695466 -2.9532368 -2.8651254 -2.7766564 -2.7425237 -2.7038597 -2.6392186 -2.5922089 -2.5136191 -2.3994005 -2.2640316
