P2_models/J1_p2__temp2_slide_140.dat.tif
NCOLS 118
NROWS 92
XLLCORNER 139.62
YLLCORNER -39.07
DX 0.099491525
DY 0.099347826
NODATA_VALUE -9999
[rows 54 to 80 of 92, columns 0 to 59 of 118]
-9999 1194.5728 1196.6125 1198.6523 1200.692 1204.4608 1208.3742 1210.5732 1210.7933 1211.0135 1211.2337 1208.6287 1205.2799 1202.2377 1199.8094 1197.3812 1195.442 1193.5483 1191.6547 1187.7234 1179.0911 1170.4589 1161.8267 1162.5045 1167.3657 1169.7059 1165.2891 1160.8724 1153.9272 1146.6815 1139.4358 1138.6895 1150.472 1162.2545 1174.037 1179.6033 1183.5108 1186.5274 1188.2695 1190.0117 1191.7538 1189.5585 1187.018 1187.0697 1188.9848 1190.6861 1191.8497 1193.0132 1194.1767 1194.8787 1195.5008 1196.123 1195.7488 1194.2998 1193.3913 1194.3549 1195.3186 1196.2822 1205.6454 1216.4626
-9999 1193.4268 1195.4666 1197.969 1201.8825 1205.7959 1209.7094 1211.9083 1212.1285 1211.9355 1208.5867 1205.2379 1201.8891 1198.8469 1196.4186 1193.9904 1191.5621 1189.4612 1187.5676 1183.6363 1175.0041 1166.3719 1171.1309 1175.9921 1180.8532 1183.1934 1178.7767 1174.3599 1169.9432 1163.7922 1156.5465 1155.8003 1167.5828 1178.8131 1182.7206 1186.6281 1190.5355 1193.5522 1195.2943 1196.2722 1193.7317 1191.1912 1188.6508 1188.7024 1190.6176 1192.5327 1194.4124 1195.5759 1196.7395 1197.4414 1198.0636 1197.2428 1195.7938 1194.3447 1193.4362 1194.3999 1196.0342 1206.8514 1217.6686 1228.4859
-9999 1192.2809 1195.3907 1199.3042 1203.2176 1207.1311 1211.0445 1213.2434 1211.8935 1208.5447 1205.1959 1201.8471 1198.4983 1195.4561 1193.0279 1190.5996 1188.1714 1185.7431 1183.4805 1179.5492 1174.8962 1179.7573 1184.6185 1189.4796 1194.3408 1196.681 1192.2642 1187.8475 1183.4307 1179.014 1173.6573 1172.911 1181.9303 1185.8378 1189.7453 1193.6528 1197.5603 1200.5769 1200.4454 1197.9049 1195.3644 1192.824 1190.2835 1190.3352 1192.2503 1194.1654 1196.0806 1197.9957 1199.3022 1200.0042 1198.7367 1197.2877 1195.8387 1194.3897 1193.4811 1197.2402 1208.0575 1218.8747 1229.6919 1240.5091
-9999 1193.8425 1197.7559 1201.6693 1205.5828 1209.4962 1213.4097 1215.516 1212.1672 1208.8184 1205.4696 1202.1209 1198.7721 1196.178 1193.7497 1191.3215 1188.8932 1186.4649 1184.0367 1183.8126 1188.6738 1193.535 1198.3961 1203.2573 1208.1184 1209.7513 1205.1621 1200.7454 1196.3286 1191.9119 1187.4951 1185.9217 1189.8292 1193.7366 1197.6441 1201.5516 1205.4591 1207.0382 1204.4978 1201.9573 1199.4168 1196.8764 1194.3359 1194.1872 1196.1023 1198.0174 1199.9325 1201.8477 1203.7628 1203.8665 1202.4175 1200.9685 1199.5194 1198.0704 1197.3177 1207.6092 1218.4264 1229.2436 1240.0608 1250.8781
-9999 1199.7256 1203.6391 1207.5525 1211.4659 1215.3925 1219.4113 1222.3297 1223.978 1221.6083 1218.2595 1214.9107 1211.5619 1209.0146 1208.0724 1206.0898 1203.6616 1201.2333 1198.8051 1198.581 1203.4422 1208.3033 1213.1645 1218.0256 1226.4369 1229.7445 1218.3701 1211.6295 1207.2127 1202.796 1198.3792 1196.8058 1200.7133 1204.6208 1208.5282 1212.3399 1210.6577 1211.4196 1215.6781 1214.2738 1211.7333 1209.1928 1206.6524 1206.297 1207.5339 1209.449 1211.3642 1213.2793 1215.1944 1217.4435 1218.5162 1217.0672 1215.6182 1214.1692 1213.4165 1215.0759 1223.1452 1233.9624 1244.7796 1255.5969
-9999 1205.6088 1209.5222 1213.4357 1217.3995 1221.4183 1225.4371 1228.3554 1230.0037 1231.652 1231.0493 1227.7005 1224.3517 1221.8044 1220.8623 1219.9201 1218.43 1216.0017 1213.5735 1213.3494 1218.2106 1223.0717 1228.8593 1237.6447 1246.4301 1249.7377 1238.3633 1226.9889 1218.0968 1213.6801 1209.2633 1207.6899 1211.5974 1215.5049 1217.5881 1215.9058 1214.2236 1214.9855 1219.2441 1223.5026 1224.0498 1221.5093 1218.9689 1218.6135 1219.8291 1221.0446 1222.7958 1224.7109 1226.626 1228.8751 1231.1819 1233.166 1231.717 1230.2679 1229.5153 1231.1746 1232.834 1238.6812 1249.4984 1260.3157
-9999 1211.4919 1215.4054 1219.4064 1223.4252 1227.444 1231.4629 1234.3812 1236.0295 1237.6778 1239.3261 1240.4903 1237.1415 1234.5943 1233.6521 1232.7099 1231.7677 1230.7701 1228.3418 1228.1178 1232.979 1240.067 1248.8525 1257.6379 1266.4233 1269.7309 1258.3565 1246.9821 1235.6077 1224.5642 1220.1475 1218.574 1222.4815 1222.8363 1221.154 1219.4718 1217.7895 1218.5514 1222.81 1227.0686 1231.3272 1233.8258 1231.2853 1230.93 1232.1456 1233.3611 1234.5766 1236.1425 1238.0577 1240.3067 1242.6135 1244.9203 1247.2271 1246.3667 1245.614 1247.2734 1248.9328 1250.5922 1254.2172 1265.0345
-9999 1217.3946 1221.4134 1225.4322 1229.451 1233.4698 1237.4886 1240.407 1242.0553 1243.7036 1245.3519 1247.0002 1248.6485 1247.3841 1246.4419 1245.4997 1244.5575 1243.6153 1242.6732 1242.8862 1251.2748 1260.0602 1268.8457 1277.6311 1286.4165 1289.7241 1278.3497 1266.9753 1255.6009 1244.2265 1232.8521 1229.4581 1228.0844 1226.4022 1224.7199 1223.0377 1221.3554 1222.1173 1226.3759 1230.6345 1234.8931 1239.1517 1243.4102 1243.2465 1244.462 1245.6776 1246.8931 1248.1087 1249.4893 1251.7383 1254.0451 1256.3519 1258.6587 1260.9655 1261.7128 1263.3722 1265.0315 1266.6909 1268.3503 1270.0097
-9999 1220.7096 1224.7284 1228.7472 1232.766 1236.7848 1239.0597 1236.8693 1235.6106 1237.2589 1238.9072 1240.5555 1242.2038 1246.0588 1250.599 1249.6568 1248.7146 1247.7724 1246.8302 1248.8295 1257.615 1266.4004 1275.1858 1283.9713 1290.1393 1288.4569 1287.8318 1276.4574 1265.083 1253.7086 1242.3342 1234.2703 1232.588 1230.9058 1229.2235 1227.5413 1223.9327 1223.1753 1229.7729 1234.0315 1238.2901 1242.5486 1246.8072 1249.1519 1250.2934 1251.509 1252.7245 1253.9401 1255.1556 1247.2058 1249.3539 1251.6607 1253.9674 1256.2742 1261.3243 1271.2613 1272.9207 1274.5801 1276.2394 1277.8988
-9999 1222.8458 1226.8646 1230.8834 1234.9022 1235.6643 1235.4046 1233.2142 1228.7955 1225.3915 1227.0398 1228.6881 1230.3364 1234.1914 1242.4654 1250.0599 1249.1177 1248.1756 1247.2334 1249.2327 1258.0181 1266.8035 1275.589 1277.4118 1273.0859 1271.4035 1276.806 1281.3687 1269.9943 1258.6199 1247.2455 1239.1816 1237.4993 1235.8171 1234.1348 1228.6869 1221.0564 1220.2991 1229.3748 1237.355 1241.6136 1245.8722 1250.1307 1252.4754 1253.4441 1254.5203 1255.7359 1256.9514 1258.1669 1250.2172 1240.6834 1239.9584 1242.2652 1244.5719 1249.622 1264.1744 1277.2399 1278.8993 1280.5587 1282.218
-9999 1224.982 1229.0008 1232.5285 1232.2688 1232.0092 1231.7495 1229.5591 1225.1404 1220.7216 1216.3029 1216.8207 1218.469 1222.324 1230.598 1238.8721 1247.1461 1248.5787 1247.6365 1249.6358 1258.4212 1267.2067 1264.6843 1260.3585 1256.0326 1254.3501 1259.7526 1265.1552 1270.5578 1263.5312 1252.1568 1244.0929 1242.4107 1240.7284 1233.4412 1225.8107 1218.1802 1217.4229 1226.4985 1235.5742 1244.6499 1249.1957 1253.4543 1255.7989 1256.7676 1257.7364 1258.7472 1259.9627 1261.1783 1253.2285 1243.6947 1234.161 1230.5629 1232.8696 1237.9197 1252.4721 1267.0245 1281.5769 1284.8779 1286.5372
-9999 1227.1182 1229.133 1228.8734 1228.6137 1228.354 1228.0944 1225.904 1221.4853 1217.0665 1212.6478 1208.2291 1206.6015 1210.4565 1218.7306 1227.0046 1235.2787 1243.5527 1248.0396 1250.0389 1256.2827 1251.9568 1247.631 1243.3051 1238.9792 1237.2967 1242.6993 1248.1018 1253.5044 1258.9069 1257.0681 1249.0042 1245.8259 1238.1954 1230.565 1222.9345 1215.304 1214.5466 1223.6223 1232.698 1241.7737 1250.8494 1256.7778 1259.1224 1260.0911 1261.0599 1262.0286 1262.9973 1264.1896 1256.2399 1246.7061 1237.1723 1227.6385 1221.1674 1226.2174 1240.7698 1255.3222 1269.8746 1284.4271 1290.8564
-9999 1226.878 1226.6183 1226.3586 1226.099 1225.8393 1225.5797 1224.0172 1219.5985 1215.1798 1210.761 1206.3423 1201.9236 1200.737 1209.0111 1217.2851 1225.5592 1233.8332 1242.1073 1246.5713 1242.2454 1237.9195 1233.5936 1229.2677 1224.9418 1220.9272 1226.3298 1231.7324 1237.1349 1242.5375 1247.94 1248.8909 1241.2604 1233.6299 1225.9994 1218.3689 1210.7385 1212.4492 1221.5249 1230.6006 1239.6763 1248.752 1257.8276 1265.6172 1266.5859 1267.5546 1268.5234 1269.4921 1270.4608 1262.4747 1252.9409 1243.4071 1233.8734 1224.3396 1220.9136 1235.466 1250.0184 1264.5709 1279.1233 1293.6757
-9999 1230.0354 1229.7758 1229.5161 1229.2565 1229.1199 1231.6317 1230.9261 1226.5074 1222.0886 1217.6699 1213.2512 1211.3753 1210.6111 1211.5891 1218.249 1226.5231 1234.7971 1243.0711 1247.5352 1243.2093 1238.8834 1234.5575 1230.2316 1229.3008 1226.5846 1217.166 1218.7646 1224.1671 1229.5697 1234.9723 1235.9232 1228.2927 1220.6622 1213.0317 1205.4012 1208.3544 1214.2256 1223.3012 1232.3769 1241.4526 1251.774 1275.6372 1286.8525 1288.8539 1289.8227 1290.7914 1291.7601 1292.7289 1284.7427 1275.209 1265.6752 1256.1414 1248.917 1247.4351 1261.9875 1276.5399 1291.0923 1305.1999 1310.0945
-9999 1233.1929 1232.9333 1232.6736 1233.517 1236.0288 1238.5405 1237.835 1233.4162 1228.9975 1225.3218 1223.6875 1222.0532 1221.289 1222.267 1223.245 1227.4869 1235.761 1244.035 1248.4991 1244.1732 1239.8473 1236.1684 1235.9528 1235.7373 1233.021 1223.6024 1214.1837 1211.1994 1216.6019 1222.0045 1222.9554 1215.3249 1207.6944 1202.8682 1206.4994 1210.1307 1216.0019 1225.0776 1234.1533 1248.7191 1272.5823 1296.4455 1307.6608 1309.7836 1311.9065 1313.0594 1314.0282 1314.9969 1307.0108 1297.477 1287.9432 1281.5493 1275.4384 1273.9565 1288.5089 1303.0614 1314.8255 1319.7201 1324.6147
-9999 1236.3504 1236.0908 1237.9141 1240.4259 1242.9376 1245.4494 1244.7438 1240.3251 1237.6339 1235.9997 1234.3654 1232.7311 1231.9669 1232.9449 1233.9229 1234.9009 1236.7249 1244.9989 1249.463 1245.1371 1242.8204 1242.6048 1242.3892 1242.1737 1239.4574 1230.0388 1220.6201 1211.2015 1203.6342 1209.0367 1209.9876 1202.3571 1201.0132 1204.6445 1208.2758 1211.9071 1217.7782 1226.8539 1245.6642 1269.5274 1293.3906 1317.2538 1328.4691 1330.5919 1332.7148 1334.8376 1336.2962 1337.265 1329.2788 1320.2926 1314.1817 1308.0708 1301.9599 1300.478 1315.0304 1324.4511 1329.3457 1334.2403 1339.135
-9999 1239.7995 1242.3112 1244.823 1247.3348 1249.8465 1252.3583 1251.6527 1249.9461 1248.3118 1246.6776 1245.0433 1243.409 1242.6448 1243.6228 1244.6008 1245.5788 1246.5568 1247.5348 1250.4268 1249.4723 1249.2568 1249.0412 1248.8256 1248.6101 1245.8938 1236.4752 1227.0566 1217.6379 1208.2193 1198.8006 1197.0199 1199.1583 1202.7896 1206.4208 1210.0521 1213.6834 1219.5546 1242.6093 1266.4725 1290.3357 1314.1989 1338.0621 1349.2774 1351.4002 1353.5231 1355.6459 1357.7687 1359.533 1352.925 1346.8141 1340.7032 1334.5923 1328.4813 1326.9994 1334.0767 1338.9713 1343.866 1348.7606 1353.6552
-9999 1243.7403 1246.252 1248.7638 1251.2755 1253.7873 1257.9465 1254.4561 1246.8502 1245.2159 1243.5816 1241.9474 1240.3131 1244.0372 1252.2318 1253.2098 1254.1878 1255.1658 1256.1438 1256.7609 1256.5453 1256.3297 1256.1142 1255.8986 1256.7514 1259.5614 1250.0986 1240.6799 1231.2613 1221.8426 1212.424 1207.4628 1211.0941 1214.7253 1218.3566 1221.9879 1228.0724 1235.8312 1249.6667 1273.5299 1297.3931 1321.2564 1345.1196 1353.8368 1354.9148 1357.0376 1359.1604 1361.2833 1363.4061 1368.7764 1362.6655 1356.5546 1350.4437 1344.3327 1337.5022 1334.0562 1338.9508 1343.8454 1348.74 1353.6347
-9999 1245.9959 1248.5077 1251.0194 1253.5312 1259.5139 1266.7699 1263.2795 1247.3863 1234.2998 1232.6656 1231.0313 1229.397 1233.1211 1247.5756 1260.6442 1261.6222 1262.6002 1263.5782 1264.1953 1263.9797 1263.7641 1263.5486 1267.1559 1274.5568 1277.3668 1267.8723 1258.3837 1248.9651 1239.5464 1230.1278 1225.1666 1228.7978 1232.4291 1236.0604 1245.2772 1258.149 1265.9079 1266.3518 1272.7803 1296.6435 1320.5067 1344.37 1353.0872 1350.9162 1350.7335 1352.8564 1354.9792 1357.102 1363.0043 1369.5597 1366.348 1360.2371 1354.1262 1347.2956 1337.9722 1330.6747 1335.5693 1340.4639 1345.3585
-9999 1248.2516 1250.7633 1253.8253 1261.0813 1268.3373 1275.5934 1272.1029 1256.2097 1240.3165 1224.4233 1220.1152 1218.481 1222.205 1236.6595 1251.114 1265.5684 1270.0345 1271.0125 1271.6296 1271.4141 1271.1985 1277.5605 1284.9613 1292.3622 1295.1722 1285.6777 1276.1831 1266.6886 1257.2502 1247.8316 1242.8703 1246.5016 1250.1329 1262.482 1275.3538 1288.2257 1295.9845 1296.4284 1296.8724 1297.3163 1319.7571 1343.6203 1352.3376 1350.1666 1347.9955 1346.5523 1348.6751 1350.798 1356.7002 1363.2556 1369.811 1370.0305 1363.9196 1357.089 1347.7656 1338.4422 1329.1188 1332.1878 1337.0824
-9999 1250.5072 1255.3927 1262.6487 1269.9047 1277.1608 1284.4168 1280.9264 1265.0332 1249.14 1233.2468 1217.3536 1207.5649 1211.289 1225.7434 1240.1979 1254.6524 1269.1068 1278.4469 1279.064 1280.5642 1287.965 1295.3659 1302.7667 1310.1675 1312.9776 1303.483 1293.9885 1284.494 1274.9995 1265.5353 1260.5741 1266.815 1279.6868 1292.5586 1305.4305 1318.3023 1326.0612 1326.5051 1326.949 1327.393 1327.8369 1342.8707 1351.5879 1349.4169 1347.2459 1345.0749 1342.9039 1344.4939 1350.3961 1356.9515 1363.507 1370.0624 1373.7131 1366.8825 1357.5591 1348.2356 1338.9122 1329.5888 1328.8063
-9999 1254.3282 1261.5842 1268.8402 1276.0963 1283.3523 1290.6083 1290.8338 1274.9406 1259.0474 1243.1542 1227.261 1211.3678 1204.2527 1218.7072 1233.1617 1247.6161 1262.0706 1276.525 1288.8466 1296.2474 1303.6483 1311.0491 1318.45 1325.8508 1327.5208 1318.1271 1308.6326 1299.1381 1289.6435 1280.149 1278.2941 1291.1659 1304.0378 1316.9096 1329.7815 1342.6533 1345.0748 1345.5187 1345.9627 1346.4066 1346.8506 1347.2945 1347.554 1345.383 1343.212 1341.041 1338.87 1336.699 1345.9564 1352.5118 1359.0672 1365.6227 1372.1781 1370.4442 1360.2429 1350.9195 1341.5961 1332.2727 1322.9492
-9999 1250.557 1257.8131 1265.0691 1272.3251 1280.0433 1290.6514 1293.3637 1286.9633 1273.0582 1257.165 1241.2718 1225.3786 1218.0369 1227.8203 1240.8119 1255.2663 1269.7208 1284.1753 1296.4968 1303.8977 1311.2985 1318.6993 1326.1002 1318.8951 1313.5047 1316.4776 1311.31 1301.8155 1292.321 1282.8264 1280.9715 1293.8434 1306.7152 1319.5871 1332.282 1339.2957 1338.0751 1325.0743 1323.0991 1323.5431 1323.987 1324.431 1326.2308 1328.917 1326.746 1324.575 1322.404 1320.233 1338.3055 1355.1292 1361.6846 1368.24 1374.7954 1373.0616 1342.6147 1326.6913 1317.3679 1308.0444 1298.721
-9999 1246.7859 1254.0419 1261.2979 1270.3045 1280.9126 1291.5207 1294.233 1287.8326 1281.4322 1271.1757 1255.2825 1239.3893 1232.0477 1241.831 1251.6144 1262.9166 1277.371 1291.8255 1304.1471 1311.5479 1318.9487 1321.9006 1313.3898 1304.8789 1299.4885 1302.4614 1305.4344 1304.4929 1294.9984 1285.5039 1283.649 1296.5208 1309.3926 1320.1018 1327.1155 1334.1291 1332.9086 1319.9078 1306.907 1300.6795 1301.1235 1301.5674 1303.3673 1306.1418 1308.9164 1308.109 1305.938 1303.767 1321.8395 1343.4107 1364.302 1370.8574 1377.4128 1375.679 1345.2321 1314.7852 1293.1396 1283.8162 1274.4928
-9999 1243.0147 1250.2708 1260.5658 1271.1738 1281.7819 1292.39 1295.1023 1288.7019 1282.3015 1275.9011 1269.2933 1253.4001 1246.0584 1255.8418 1265.6251 1275.4084 1285.1918 1299.4757 1311.7973 1319.1981 1316.3953 1307.8844 1299.3736 1290.8628 1285.4723 1288.4453 1291.4182 1294.3911 1297.3641 1288.1813 1286.3264 1299.1982 1307.9217 1314.9353 1321.9489 1328.9626 1327.742 1314.7412 1301.7404 1288.7396 1278.2599 1278.7039 1280.5037 1283.2783 1286.0529 1288.8275 1289.472 1287.301 1305.3735 1326.9447 1348.5159 1370.0871 1380.0302 1378.2963 1347.8494 1317.4025 1286.9556 1259.588 1250.2646
-9999 1240.2189 1250.827 1261.435 1272.0431 1282.6512 1293.2593 1295.9716 1289.5712 1283.1708 1276.7704 1270.37 1263.9696 1260.0692 1269.8525 1279.6359 1289.4192 1299.2025 1308.9859 1319.4008 1310.8899 1302.3791 1293.8683 1285.3574 1276.8466 1271.4561 1274.4291 1277.402 1280.375 1283.3479 1286.3208 1288.7278 1295.7415 1302.7551 1309.7688 1316.7824 1323.7961 1322.5755 1309.5747 1296.5739 1283.5731 1270.5723 1257.5715 1257.6402 1260.4147 1263.1893 1265.9639 1268.7385 1270.835 1288.9075 1310.4787 1332.0499 1353.6211 1375.1923 1380.9137 1350.4668 1320.0199 1289.573 1259.1261 1228.6792
-9999 1249.2836 1259.8917 1270.4998 1281.1079 1291.7159 1295.6437 1294.5524 1291.5806 1285.1802 1278.7797 1272.3793 1265.9789 1265.9522 1277.9622 1287.7455 1297.5288 1307.3122 1317.0955 1321.3469 1312.8361 1304.3253 1295.8144 1287.3036 1276.8839 1268.4674 1273.9345 1276.9075 1279.8804 1282.8534 1285.8263 1290.1794 1297.1931 1304.2067 1311.2204 1318.234 1320.957 1319.2498 1313.6642 1300.6634 1287.6626 1274.6618 1261.661 1250.404 1247.4183 1250.1929 1252.9675 1255.7421 1258.5167 1268.3539 1288.2238 1309.795 1331.3661 1352.9373 1368.7166 1358.9506 1328.5037 1298.0568 1267.6099 1237.163
