P2_models/J1_p2_vp_slide_diff2_180.dat.tif
NCOLS 118
NROWS 92
XLLCORNER 139.62
YLLCORNER -39.07
DX 0.099491525
DY 0.099347826
NODATA_VALUE -9999
[rows 0 to 23 of 92, columns 54 to 107 of 118]
-9999 -9999 -9999 -9999 -9999 -9999 -9999 -9999 -9999 -9999 -9999 -9999 -9999 -9999 -9999 -9999 -9999 -9999 -9999 -9999 -9999 -9999 -9999 -9999 -9999 -9999 -9999 -9999 -9999 -9999 -9999 -9999 -9999 -9999 -9999 -9999 -9999 -9999 -9999 -9999 -9999 -9999 -9999 -9999 -9999 -9999 -9999 -9999 -9999 -9999 -9999 -9999 -9999 -9999
0.086892269 0.090690708 0.091527681 0.092364653 0.093201626 0.094038598 0.091547387 0.08912025 0.087326204 0.085532159 0.083738113 0.081944068 0.07980882 0.077360063 0.074911305 0.072462547 0.070013789 0.071303944 0.077378454 0.083452964 0.089527475 0.095601985 0.095982289 0.097361991 0.0944559 0.091549809 0.088643718 0.085737627 0.081607006 0.07691063 0.072214255 0.067517879 0.063562133 0.060348088 0.052731758 0.047735782 0.042739806 0.037743829 0.032804271 0.029700721 0.02659717 0.02349362 0.02039007 0.017393285 0.020114885 0.015647524 0.011180163 0.0067128022 0.0022454414 -5.1439882e-05 -0.0052877584 -0.010713429 -0.0161391 -0.021564771
0.077426077 0.083322371 0.087955506 0.088792478 0.089629451 0.090466423 0.087975212 0.08322236 0.080307073 0.078513028 0.076718983 0.074924937 0.072852769 0.070760883 0.068312125 0.065863368 0.06341461 0.064704764 0.070779275 0.076853785 0.082928296 0.082370555 0.081239692 0.084010625 0.085972631 0.08306654 0.080160449 0.077254357 0.073123736 0.068427361 0.063730985 0.060393317 0.061722749 0.058508704 0.047107727 0.038834424 0.033838447 0.028842471 0.023902913 0.020799362 0.017695812 0.014592262 0.011605634 0.008668683 0.012816224 0.01705847 0.012591109 0.0081237483 0.0036563875 0.0013595062 9.7356732e-05 -0.0049717458 -0.010397417 -0.015823088
0.067959885 0.073856179 0.079752473 0.085220303 0.086057275 0.086894248 0.084403037 0.079650184 0.074897332 0.071493897 0.069699852 0.067905806 0.065833638 0.063751914 0.061670189 0.059264188 0.056815431 0.058105585 0.064180095 0.069977064 0.068802512 0.067627959 0.066497096 0.069268028 0.072038961 0.07458327 0.071677179 0.068771088 0.064640467 0.059944091 0.057224502 0.058553934 0.059883366 0.056669321 0.045268343 0.033867365 0.024937089 0.019941113 0.015001555 0.011898004 0.0087944539 0.0058179827 0.0028810319 -5.5918888e-05 0.0040916217 0.0089936839 0.013895746 0.0095346944 0.0050673336 0.0027704523 0.0015083028 0.00024615335 -0.0046557333 -0.010081404
0.058493693 0.064389987 0.070286281 0.076182576 0.08207887 0.083322073 0.080830861 0.076078009 0.071325157 0.066572304 0.062680721 0.060886675 0.058814508 0.056732783 0.054651059 0.052569334 0.050216251 0.051506406 0.056409021 0.055234468 0.054059915 0.052885363 0.051754499 0.054525432 0.057296365 0.060067298 0.062838231 0.060287818 0.056157197 0.054055686 0.055385118 0.05671455 0.058043982 0.054829937 0.043428959 0.032027981 0.020627003 0.011039754 0.0061001963 0.002996646 3.0331653e-05 -0.0029066192 -0.00584357 -0.0087805208 -0.0046329802 0.00026908202 0.0051711443 0.010073207 0.0064782797 0.0041813984 0.0029192489 0.0016570995 0.00039494996 -0.0043397207
0.049027501 0.054923795 0.060820089 0.066716384 0.072612678 0.078508972 0.077258686 0.072505834 0.067752982 0.063000129 0.058247277 0.053867545 0.051795377 0.049713652 0.047631928 0.045550203 0.043468479 0.042840977 0.041666424 0.040491872 0.039317319 0.038142766 0.037011903 0.039782836 0.042553768 0.045324701 0.048095634 0.050866567 0.05088687 0.052216302 0.053545734 0.054875166 0.056204598 0.052990554 0.041589576 0.030188598 0.01878762 0.0073866419 -0.0028011619 -0.0057573194 -0.0086942702 -0.011631221 -0.014568172 -0.017505123 -0.013357582 -0.0084555199 -0.0035534576 0.0013486046 0.0062506669 0.0055923445 0.004330195 0.0030680456 0.0018058961 0.00054374657
0.054141417 0.060037711 0.065934005 0.0718303 0.077726594 0.081226128 0.07855949 0.073324877 0.068572025 0.063819173 0.05906632 0.054313468 0.052143009 0.050061285 0.04797956 0.045897836 0.043674 0.04181192 0.040637367 0.039462814 0.038288262 0.037117876 0.038851472 0.043017371 0.045788304 0.048559237 0.051330169 0.054101102 0.055886068 0.0572155 0.058544932 0.059874364 0.057207394 0.048016391 0.039780638 0.02837966 0.016978682 0.0055777042 -0.0055709391 -0.0085078899 -0.011444841 -0.014381791 -0.017318742 -0.022067119 -0.018127365 -0.013225303 -0.0083232404 -0.0034211781 0.00032659837 0.00046375444 -0.00079839506 -0.0020605445 -0.003322694 -0.0012564849
0.061565236 0.06746153 0.073357825 0.079254119 0.08202295 0.084068744 0.081402106 0.075533172 0.070086762 0.06533391 0.060581058 0.055828205 0.053657747 0.051576022 0.049494298 0.047216931 0.044817557 0.042955477 0.041780924 0.040606371 0.039860184 0.041565911 0.043299507 0.047522078 0.051744648 0.05464186 0.057412793 0.060183726 0.061968692 0.063298124 0.064627556 0.060429361 0.049609188 0.040418184 0.034162795 0.026575546 0.015174568 0.0037735899 -0.0073750533 -0.010312004 -0.013248955 -0.016185906 -0.021114624 -0.026210346 -0.022270592 -0.01736853 -0.012466467 -0.0089104148 -0.0058380399 -0.0057008839 -0.0069630334 -0.0082251828 -0.0057943535 -0.0012032175
0.068989055 0.07488535 0.080773977 0.082819771 0.084865566 0.08691136 0.084244723 0.078375789 0.072506855 0.066848647 0.062095795 0.057342943 0.055172484 0.05309076 0.050759861 0.048360488 0.045961114 0.044099034 0.042924481 0.042602491 0.044308218 0.046013945 0.047747542 0.051970112 0.056192683 0.060415253 0.063495416 0.066266349 0.068051315 0.069380747 0.063651327 0.052831154 0.042010982 0.032819978 0.026564589 0.0203092 0.013370454 0.0019694757 -0.0091791675 -0.012116118 -0.015066408 -0.02016213 -0.025257851 -0.030353573 -0.026413819 -0.021511757 -0.018147428 -0.015075053 -0.012002678 -0.011865522 -0.013127672 -0.010332222 -0.0057410861 -0.0011499502
0.076412874 0.081570798 0.083616593 0.085662387 0.087708182 0.089753976 0.087087339 0.081218405 0.075349471 0.069480537 0.063611603 0.05885768 0.056687221 0.054302792 0.051903418 0.049504044 0.047104671 0.045242591 0.045344799 0.047050526 0.048756253 0.05046198 0.052195577 0.056418147 0.060640718 0.064863288 0.069085859 0.072348973 0.074133939 0.066873293 0.056053121 0.045232948 0.034412775 0.025221772 0.018966383 0.012710994 0.0064556051 0.00016536143 -0.010983282 -0.014113913 -0.019209635 -0.024305357 -0.029401079 -0.0344968 -0.030557046 -0.027384441 -0.024312066 -0.021239691 -0.018167317 -0.01803016 -0.014870091 -0.010278955 -0.0056878188 -0.0010966828
0.081149013 0.083194807 0.085240602 0.087286396 0.089332191 0.091377985 0.08922494 0.083356006 0.077487072 0.071618138 0.065749204 0.05988027 0.057365638 0.054966264 0.05256689 0.050167517 0.047768143 0.046921256 0.048626983 0.05033271 0.052038437 0.053744164 0.055906832 0.058812066 0.063034637 0.067257207 0.071479778 0.075702348 0.069635888 0.058815715 0.047995542 0.03717537 0.026355197 0.018452312 0.012196923 0.0059415338 -0.00031385505 -0.0065692439 -0.01279006 -0.017885782 -0.022981504 -0.028077226 -0.033172947 -0.038374624 -0.036319159 -0.033246785 -0.03017441 -0.027102035 -0.02402966 -0.018882074 -0.014290938 -0.0096998021 -0.0051086662 -0.00051753024
0.074786612 0.076832407 0.078878201 0.080923996 0.08296979 0.087978634 0.086676618 0.080873138 0.075004204 0.06913527 0.063266336 0.057397402 0.05488277 0.052483397 0.050084023 0.047684649 0.044081532 0.042562785 0.044268511 0.045974238 0.047679965 0.050408569 0.055606304 0.050062937 0.051966461 0.056189032 0.060411602 0.064634173 0.058567712 0.047747539 0.036927366 0.026107194 0.021184664 0.017931192 0.010858832 0.0046034428 -0.0016519461 -0.007907335 -0.014128151 -0.019223873 -0.024319595 -0.029415317 -0.034763126 -0.042255813 -0.040200348 -0.037127973 -0.034055598 -0.030983223 -0.021316863 -0.014856417 -0.010265281 -0.0056741454 -0.0010830095 -0.0010626853
0.068424212 0.070470006 0.072515801 0.074819442 0.080104929 0.085390416 0.0840884 0.078309897 0.072521336 0.066652402 0.060783468 0.054914534 0.052399903 0.050000529 0.047601155 0.043761692 0.03972306 0.038204313 0.03991004 0.041615766 0.044790035 0.050108042 0.055305777 0.04976241 0.044219042 0.045120856 0.049343426 0.053565997 0.047499536 0.036679363 0.025859191 0.02193583 0.020856816 0.017603344 0.010431695 0.0032653518 -0.0029900371 -0.009245426 -0.015466242 -0.020561964 -0.025657686 -0.031151627 -0.038644314 -0.046137001 -0.044081536 -0.041009161 -0.037936787 -0.027672765 -0.017291207 -0.010830761 -0.0062396246 -0.0016484887 -0.0018494756 -0.0027687773
0.062061812 0.064107606 0.066945737 0.072231224 0.077516711 0.082802199 0.081500182 0.075721679 0.069943175 0.064164672 0.058300601 0.052431667 0.049917035 0.047480485 0.043441853 0.03940322 0.035364588 0.033845841 0.035551568 0.039171502 0.044489508 0.049807515 0.05500525 0.049461883 0.043918515 0.038375148 0.038275251 0.042497821 0.03643136 0.025611188 0.022686996 0.021607982 0.020528969 0.017275496 0.010103847 0.0029321973 -0.0042394522 -0.010583517 -0.016804333 -0.021900055 -0.027540128 -0.035032815 -0.042525502 -0.05001819 -0.047962725 -0.044410224 -0.034028666 -0.023647108 -0.01326555 -0.0068051039 -0.0022139679 -0.0026362658 -0.0035555675 -0.0044748692
0.055699411 0.059072032 0.064357519 0.069643006 0.074928493 0.080213981 0.078911964 0.073133461 0.067354958 0.061576454 0.055797951 0.049948799 0.047160646 0.043122013 0.039083381 0.035044748 0.031006116 0.029487369 0.033552969 0.038870975 0.044188981 0.049506987 0.054704723 0.049161355 0.043617988 0.038074621 0.032531253 0.031429645 0.025363185 0.023438162 0.022359148 0.021280135 0.020201121 0.016947648 0.009775999 0.0026043495 -0.0045673 -0.01173895 -0.018142424 -0.023928629 -0.031421316 -0.038914004 -0.046406691 -0.053899378 -0.050766125 -0.040384567 -0.030003009 -0.019621451 -0.0092398931 -0.0027794472 -0.0034230561 -0.0043423578 -0.0052616594 -0.0061809611
0.051805288 0.057476617 0.062762104 0.068047592 0.073333079 0.078618566 0.077494816 0.071716313 0.06593781 0.060159306 0.054380803 0.0486023 0.045463536 0.041424903 0.037386271 0.033347639 0.029309006 0.029374862 0.034692868 0.040010875 0.045328881 0.050646887 0.053947489 0.050215143 0.044671775 0.039128408 0.03358504 0.028041673 0.025551863 0.024472849 0.023393835 0.022314821 0.021235808 0.015507335 0.0083356858 0.0011640363 -0.0060076132 -0.013179263 -0.020360483 -0.02785317 -0.035345858 -0.042838545 -0.050331232 -0.055610005 -0.046204002 -0.035822444 -0.025440886 -0.015059328 -0.0046777696 -0.0055174146 -0.0064367163 -0.007356018 -0.0082753197 -0.0091946214
0.049089711 0.057255655 0.063473604 0.068759091 0.074044579 0.079330066 0.078324553 0.073020306 0.067241803 0.061463299 0.055684796 0.049906293 0.048443272 0.045911832 0.041873199 0.037834567 0.033795935 0.03386179 0.039179797 0.044497803 0.049815809 0.052277134 0.051925655 0.051908385 0.048872497 0.04332913 0.037785763 0.032242395 0.029752585 0.028673571 0.027594557 0.026515543 0.025613613 0.019814558 0.0051221002 -0.0028612416 -0.010032891 -0.017204541 -0.024385761 -0.031878448 -0.039371136 -0.046863823 -0.051337626 -0.049194461 -0.040102302 -0.030013767 -0.019632209 -0.0092506505 0.0011309075 -0.0037008804 -0.01248869 -0.013407992 -0.014327293 -0.015246595
0.046374133 0.054540078 0.062706022 0.069470591 0.074756078 0.080041565 0.079036053 0.07375554 0.068475027 0.062767293 0.056988789 0.051210286 0.049747265 0.04843253 0.046360128 0.042321495 0.038282863 0.038348719 0.043666725 0.048984731 0.050610522 0.0502553 0.049903821 0.049886551 0.049869281 0.047529852 0.041986485 0.036443117 0.033953307 0.032874293 0.031795279 0.030920509 0.030056998 0.024257942 0.0095654845 -0.0051269734 -0.014058169 -0.021229819 -0.028411039 -0.035903726 -0.043396414 -0.047065246 -0.044922081 -0.042778917 -0.033686758 -0.023854508 -0.013823531 -0.0034419734 0.0069395847 0.0021077967 -0.0099766429 -0.019459965 -0.020379267 -0.021298569
0.043658555 0.0518245 0.059990444 0.068156389 0.075467578 0.080753065 0.079747552 0.074467039 0.069186527 0.063906014 0.058292782 0.052514279 0.051051258 0.049736523 0.048421788 0.046808424 0.042769791 0.042835647 0.048153653 0.04894391 0.048588688 0.048233466 0.047881987 0.047864717 0.047847447 0.047830176 0.046187207 0.040643839 0.038154029 0.037090916 0.036227405 0.035363894 0.034500382 0.028701327 0.014008869 -0.00068358904 -0.015376047 -0.025255097 -0.032436317 -0.039929004 -0.042792866 -0.040649701 -0.038506537 -0.036363372 -0.027271213 -0.017438963 -0.0076067131 0.0023667038 0.012748262 0.0079164739 -0.0041679658 -0.016252405 -0.026431241 -0.027350542
0.040942978 0.049108922 0.057274867 0.065440811 0.073606756 0.081464564 0.080459052 0.075178539 0.069898026 0.064617514 0.059337001 0.053818272 0.052355251 0.051040516 0.049725781 0.048411046 0.04709631 0.047322575 0.047277297 0.046922076 0.046566854 0.046211632 0.045860153 0.045842883 0.045825613 0.045808342 0.045791072 0.044844561 0.042397812 0.041534301 0.040670789 0.039807278 0.038943767 0.033144711 0.018452253 0.0037597953 -0.010932663 -0.025625121 -0.036461595 -0.038520486 -0.036377321 -0.034234157 -0.032090992 -0.029947828 -0.020855669 -0.011023419 -0.0011911687 0.0086410813 0.018556939 0.013725151 0.0016407114 -0.010443728 -0.022528168 -0.033402516
0.040474664 0.048640609 0.056806553 0.064972498 0.073138443 0.079157919 0.080980406 0.076372482 0.071091969 0.065811456 0.060530943 0.055250431 0.053803953 0.052489218 0.051174483 0.049859747 0.048466145 0.047149707 0.046794486 0.046439264 0.046084043 0.045728821 0.047120528 0.038224637 0.038207366 0.038190096 0.038172826 0.038155556 0.037559468 0.036695957 0.035832445 0.034968934 0.034105423 0.03380728 0.021404811 0.0067123534 -0.0079801046 -0.022672563 -0.036863107 -0.034719942 -0.032576778 -0.030433613 -0.028290449 -0.022824718 -0.013119189 -0.0032869393 0.0065453107 0.016377561 0.021161748 0.010842984 -0.0012414554 -0.013325895 -0.025410335 -0.036577174
0.041701504 0.049867449 0.058033393 0.066199338 0.070729997 0.071050502 0.07287299 0.075716138 0.072649827 0.067369315 0.062088802 0.056808289 0.055361812 0.054047077 0.052732341 0.051211861 0.049144246 0.047827809 0.047472588 0.047117366 0.046762144 0.048765797 0.051130164 0.037037471 0.026367642 0.026350372 0.026333102 0.026315831 0.025719744 0.024856232 0.023992721 0.023641092 0.026879447 0.026586384 0.019930026 0.0085403534 -0.0061521046 -0.020844563 -0.035035107 -0.032891942 -0.030748778 -0.028605613 -0.022607527 -0.014091833 -0.004386304 0.005445946 0.015278196 0.018338955 0.011723916 0.0014051522 -0.010679287 -0.022763727 -0.033708282 -0.042224358
0.042928344 0.051094289 0.059260233 0.062302076 0.062622581 0.062943085 0.064765573 0.067608721 0.070451869 0.068927173 0.06364666 0.058366148 0.05691967 0.055604935 0.053957578 0.051889963 0.049822348 0.048505911 0.048150689 0.047795468 0.050226791 0.052775433 0.0551398 0.041047107 0.026954414 0.014510647 0.014493377 0.014476107 0.013880019 0.013016508 0.013181841 0.016420196 0.019658552 0.019365489 0.01270913 0.0060527715 -0.0043241046 -0.019016563 -0.033207107 -0.031063942 -0.028920778 -0.022390336 -0.013874642 -0.0053589474 0.0043465813 0.014178831 0.015516161 0.0089011227 0.0022860842 -0.0080326799 -0.02011712 -0.030839389 -0.039355466 -0.047871542
0.044155184 0.052321129 0.053874154 0.054194659 0.054515164 0.054835669 0.056658156 0.059501304 0.062344452 0.0651876 0.065204519 0.059924006 0.058477529 0.056703294 0.054635679 0.052568065 0.05050045 0.049184013 0.049139145 0.051687786 0.054236427 0.056785069 0.059149436 0.045056743 0.03096405 0.016871357 0.0027786643 0.0026363827 0.0020402951 0.0027225897 0.005960945 0.0091993003 0.012437656 0.012144593 0.0054882341 -0.0011681244 -0.0078244829 -0.017188563 -0.031379107 -0.029235942 -0.022173145 -0.013657451 -0.0051417564 0.0033739379 0.013079467 0.012693368 0.006078329 -0.00053670942 -0.0071517479 -0.017470512 -0.027970497 -0.036486573 -0.04500265 -0.053518726
