P2_models/J1_p2_vp_slide_diff2_180.dat.tif
NCOLS 118
NROWS 92
XLLCORNER 139.62
YLLCORNER -39.07
DX 0.099491525
DY 0.099347826
NODATA_VALUE -9999
[rows 48 to 71 of 92, columns 54 to 107 of 118]
-0.021091297 -0.015084674 -0.0090780506 -0.0030714274 0.0029351957 0.008478013 0.0076784851 0.0065695099 0.0054605348 0.0043515596 0.0032425844 0.0021336092 0.0047076191 0.0074081809 0.010108743 0.012809304 0.015509866 0.017323067 0.017186174 0.017049281 0.016912388 0.016775495 0.01668024 0.0082186095 0.00047122314 -0.0072761632 -0.015023549 -0.022770936 -0.031945207 -0.041778724 -0.051612241 -0.061445758 -0.071279276 -0.072251931 -0.062890966 -0.052961336 -0.043031707 -0.033102077 -0.023771832 -0.033947279 -0.044122726 -0.054298173 -0.06447362 -0.076101646 -0.065074497 -0.051335292 -0.037596086 -0.02385688 -0.009623536 -0.00014485797 0.005384682 0.010914222 0.016443762 0.021213124
-0.009959925 -0.0039533018 0.0020533214 0.0080599445 0.012108759 0.011958278 0.011139896 0.0098676485 0.0087379092 0.007628934 0.0065199588 0.0054109836 0.0079849935 0.010685555 0.013386117 0.016185604 0.019644291 0.021525701 0.021388808 0.021251915 0.021115022 0.021186915 0.021255097 0.011895948 0.0031505236 -0.0045968627 -0.012344249 -0.020091635 -0.029265907 -0.039099424 -0.048932941 -0.058766458 -0.060139192 -0.059493021 -0.055406735 -0.047074646 -0.037145017 -0.027215387 -0.017885142 -0.028060589 -0.038236036 -0.048411483 -0.060600791 -0.075038182 -0.064011034 -0.050271828 -0.036532623 -0.021680149 -0.0039176592 0.0055610188 0.011090559 0.016620099 0.02035054 0.016392767
0.001171447 0.0071780701 0.013184693 0.015739504 0.015589023 0.015438543 0.014620161 0.013347913 0.012075665 0.010906308 0.0097973332 0.008688358 0.011262368 0.01396293 0.01692955 0.020388238 0.023846925 0.025728335 0.025591442 0.025454549 0.02558803 0.025761772 0.025829954 0.016470805 0.0071116556 -0.0019175622 -0.0096649485 -0.017412335 -0.026586606 -0.036420123 -0.044854323 -0.046117303 -0.047380282 -0.046734111 -0.042647825 -0.038561539 -0.031258327 -0.021328697 -0.011998452 -0.022173899 -0.032349346 -0.045099937 -0.059537328 -0.073974719 -0.062947571 -0.049208365 -0.033736762 -0.015974272 0.0017882177 0.011266896 0.016796436 0.019487957 0.015530184 0.011572411
0.012302819 0.018309442 0.01937025 0.019219769 0.019069288 0.018918807 0.018100426 0.016828178 0.01555593 0.014283682 0.013074708 0.011965732 0.014539742 0.017673497 0.021132184 0.024590871 0.028049559 0.029930968 0.029815404 0.029989146 0.030162887 0.030336629 0.030404811 0.021045662 0.011686513 0.0023273636 -0.006985648 -0.014733034 -0.023907306 -0.030832434 -0.032095413 -0.033358392 -0.034621372 -0.033975201 -0.029888915 -0.025802629 -0.021716343 -0.015442007 -0.0061117624 -0.016287209 -0.029599083 -0.044036474 -0.058473865 -0.072911256 -0.061884107 -0.045793375 -0.028030885 -0.010268395 0.0074940945 0.016972772 0.018625373 0.0146676 0.010709827 0.0067520544
0.023151477 0.023000996 0.022850515 0.022700034 0.022549553 0.022399072 0.021580691 0.020308443 0.019036195 0.017763947 0.016491699 0.015243107 0.018417444 0.021876131 0.025334818 0.028793505 0.032252192 0.034216519 0.034390261 0.034564003 0.034737744 0.034911486 0.034979668 0.025620519 0.01626137 0.0069022206 -0.0024569285 -0.011816077 -0.016810545 -0.018073524 -0.019336503 -0.020599482 -0.021862461 -0.021216291 -0.017130005 -0.013043719 -0.008957433 -0.0048711471 -0.00022507254 -0.014098229 -0.02853562 -0.042973011 -0.057410402 -0.071847792 -0.057849988 -0.040087498 -0.022325009 -0.0045625186 0.013199971 0.017762789 0.013805017 0.0098472436 0.0058894707 0.0019316979
0.021841544 0.021691063 0.021540583 0.021390102 0.021239621 0.020326601 0.020931172 0.021087744 0.019815496 0.018543248 0.017271 0.015998752 0.019300279 0.022758966 0.026217654 0.029676341 0.030666247 0.029680955 0.029854697 0.030028438 0.03020218 0.030371009 0.030083137 0.017370145 0.0080109958 -0.0013481532 -0.010707302 -0.020066451 -0.023887931 -0.02515091 -0.026413889 -0.027676868 -0.027970518 -0.026950665 -0.025412234 -0.021325948 -0.017239662 -0.013153376 -0.0096193293 -0.02405672 -0.038494111 -0.052931502 -0.067368893 -0.063125847 -0.046352711 -0.028590222 -0.010827732 0.0069347582 0.017622814 0.017131668 0.013173895 0.0092161221 0.0052583492 0.0020515647
0.019730187 0.019579706 0.019429225 0.019278744 0.018107514 0.016759582 0.017364153 0.019295532 0.020142912 0.018870664 0.017598416 0.016326168 0.019627695 0.023086382 0.026545069 0.026497525 0.024606462 0.02362117 0.023794911 0.023968653 0.024082113 0.023934349 0.023646478 0.010845861 -0.0019547565 -0.011744255 -0.021103404 -0.030462553 -0.034284033 -0.035547012 -0.036809991 -0.036677689 -0.035110603 -0.034090751 -0.034056961 -0.03312847 -0.029042184 -0.024955898 -0.021421851 -0.035859242 -0.050296633 -0.064734024 -0.058143352 -0.050659639 -0.033886503 -0.016124013 0.0016384768 0.010912034 0.017692573 0.017201427 0.013243654 0.0092858816 0.0061893823 0.0035232084
0.01761883 0.017468349 0.017236361 0.015888428 0.014540496 0.013192563 0.013797134 0.015728513 0.017659892 0.01919808 0.017925832 0.016653584 0.019955111 0.023413798 0.022328802 0.020437739 0.018546677 0.017561384 0.017735126 0.017793217 0.017645454 0.01749769 0.017209819 0.0044092014 -0.0083914158 -0.021192033 -0.031499506 -0.040858655 -0.044680135 -0.045943114 -0.045384859 -0.043817774 -0.042250688 -0.041230836 -0.041197046 -0.041163256 -0.040844705 -0.03675842 -0.033224373 -0.047661764 -0.060644571 -0.053160857 -0.045677144 -0.03819343 -0.021420295 -0.0036578047 0.0042012551 0.010981794 0.017762333 0.017271187 0.013313414 0.0103272 0.007661026 0.0049948521
0.015507473 0.015017274 0.013669342 0.012321409 0.010973477 0.0096255441 0.010230115 0.012161494 0.014092873 0.016024253 0.017955632 0.016981 0.020051141 0.018160079 0.016269016 0.014377954 0.012486891 0.011501599 0.011504321 0.011356558 0.011208794 0.011061031 0.010773159 -0.0020274579 -0.014828075 -0.027628692 -0.040429309 -0.051254758 -0.055076237 -0.05409203 -0.052524944 -0.050957859 -0.049390774 -0.048370921 -0.048337131 -0.048303342 -0.048269552 -0.048235762 -0.045026895 -0.055662076 -0.048178363 -0.040694649 -0.033210936 -0.025727222 -0.009290063 -0.0025095243 0.0042710145 0.011051553 0.017832092 0.017340946 0.014465017 0.011798844 0.0091326696 0.0064664957
0.012146496 0.010705603 0.0093576706 0.008009738 0.0066618055 0.005313873 0.0050253939 0.0069567731 0.0088881523 0.010819532 0.012750911 0.01468229 0.015246858 0.013355796 0.011464733 0.0095736704 0.0076826079 0.0065562805 0.0064085171 0.0062607538 0.0061129905 0.0059652271 0.0039883746 -0.0077663117 -0.020566929 -0.033367546 -0.046168163 -0.058968781 -0.061942085 -0.060375 -0.058807914 -0.057240829 -0.055673743 -0.053077741 -0.053043951 -0.053010161 -0.052976372 -0.052942582 -0.052686691 -0.045202977 -0.037719264 -0.03023555 -0.022751837 -0.014450424 -0.0082424025 -0.0014618637 0.0053186751 0.012099214 0.018879753 0.016818842 0.014152668 0.011486494 0.0088203198 0.0061541459
0.0073036208 0.0043364637 0.0025026706 0.001154738 -0.00019319446 -0.001541127 -0.0028259083 -0.0038414525 -0.0019100733 2.1305964e-05 0.0019526852 0.0038840644 0.010264875 0.012839628 0.010948566 0.0090575033 0.0071664407 0.0060401133 0.00589235 0.0057445866 0.0055968233 0.0023768477 -0.0041857438 -0.012889187 -0.023922457 -0.036723074 -0.049523691 -0.062324309 -0.065297613 -0.063730528 -0.062163442 -0.060596357 -0.063033061 -0.061334819 -0.050374607 -0.049406264 -0.049372474 -0.049338685 -0.049082793 -0.04159908 -0.034115366 -0.026631653 -0.017657405 -0.005064704 -0.0016393311 0.0029257778 0.0097063166 0.016486855 0.023267394 0.017063432 0.0077471613 0.0050809874 0.0024148136 -0.00025136035
0.0024607454 -0.00050641165 -0.0034735687 -0.005700262 -0.0070481945 -0.008396127 -0.0096809083 -0.010922776 -0.012164643 -0.01077692 -0.0088455404 -0.0069141612 -0.00053335021 0.0060003487 0.010432399 0.0085413361 0.0066502736 0.0055239462 0.0053761828 0.0052284195 0.00074134929 -0.0057972706 -0.012359862 -0.021063306 -0.029766749 -0.040078602 -0.052879219 -0.065679837 -0.068653141 -0.067086056 -0.06551897 -0.06883763 -0.072279474 -0.070581231 -0.059621019 -0.048660808 -0.045768577 -0.045734787 -0.045478896 -0.037995182 -0.030511469 -0.020864385 -0.0082716846 0.0043210163 0.0077463891 0.010195411 0.014093958 0.020874497 0.027655036 0.021451074 0.0090570165 -0.0013245188 -0.0039906927 -0.0066568666
-0.0023821299 -0.005349287 -0.0083164441 -0.011283601 -0.013903194 -0.015251127 -0.016535908 -0.017777776 -0.019019643 -0.020261511 -0.019643766 -0.017712387 -0.011331576 -0.0047978769 0.001735822 0.008025169 0.0061341064 0.005007779 0.0048600157 -0.00089414917 -0.0074327691 -0.013971389 -0.020533981 -0.029237424 -0.037940868 -0.046644311 -0.056234747 -0.069035365 -0.072008669 -0.071200355 -0.074642199 -0.078084043 -0.081525886 -0.079827644 -0.068867432 -0.05790722 -0.046947009 -0.042130889 -0.041874998 -0.034391285 -0.024071366 -0.011478665 0.0011140357 0.013706737 0.017132109 0.019581132 0.022030154 0.025262138 0.032042677 0.025838715 0.013444658 0.0010506007 -0.010396199 -0.013062373
-0.0072250053 -0.010192162 -0.013159319 -0.016126477 -0.019093634 -0.022060791 -0.023390908 -0.024632776 -0.025874643 -0.027116511 -0.028358378 -0.028510612 -0.022129801 -0.015596102 -0.0090624036 -0.0025287046 0.0040049943 0.0040089723 -0.0025296476 -0.0090682675 -0.015606887 -0.022145507 -0.028708099 -0.037411542 -0.046114986 -0.05481843 -0.063521873 -0.072390893 -0.077004924 -0.080446768 -0.083888612 -0.087330455 -0.090772299 -0.089074056 -0.078113845 -0.067153633 -0.056193421 -0.045233209 -0.038271101 -0.027278347 -0.014685646 -0.0020929449 0.010499756 0.023092457 0.02651783 0.028966852 0.031415874 0.033864896 0.036430319 0.030226357 0.0178323 0.0054382423 -0.006955815 -0.019349872
-0.0067412319 -0.010418326 -0.013385483 -0.016352641 -0.019319798 -0.022286955 -0.020626728 -0.020232109 -0.021473976 -0.022715844 -0.023957711 -0.025199579 -0.023996333 -0.017462634 -0.010928935 -0.0043952363 0.0021384626 0.0029377116 -0.0036009083 -0.010139528 -0.016678148 -0.023216768 -0.030932603 -0.035233795 -0.043937239 -0.052640682 -0.061344126 -0.07004757 -0.07515215 -0.078593994 -0.082035838 -0.085477681 -0.08782511 -0.081503285 -0.06971705 -0.058756838 -0.047796626 -0.036836415 -0.025827534 -0.013234833 -0.00064213228 0.011950569 0.02454327 0.024851497 0.02603405 0.028483073 0.030932095 0.033381117 0.035830139 0.028977568 0.016689889 0.0042958314 -0.0080982259 -0.020492283
-0.0035857242 -0.0076586585 -0.011604067 -0.014571224 -0.017538381 -0.020505538 -0.018845311 -0.014040581 -0.012178773 -0.01342064 -0.014662508 -0.015904375 -0.015394044 -0.014823506 -0.008911512 -0.0023778131 0.0041558858 0.0049551348 -0.0015834851 -0.008122105 -0.014725325 -0.022717074 -0.030656416 -0.033915421 -0.037257974 -0.045961418 -0.054664861 -0.063368305 -0.068472886 -0.071914729 -0.075356573 -0.076612523 -0.073855481 -0.067533656 -0.054788417 -0.042687879 -0.031727667 -0.020767456 -0.0097585751 0.0028341258 0.015426827 0.028019528 0.025991445 0.020844027 0.021960308 0.023743693 0.026156555 0.028605577 0.0310546 0.024202028 0.012915113 0.00074867248 -0.011645385 -0.024039442
-0.00043021644 -0.0045031508 -0.0085760851 -0.012649019 -0.015756964 -0.018724121 -0.017063894 -0.012259164 -0.0074544337 -0.0041254369 -0.0053673044 -0.0066091718 -0.0060988408 -0.0055283021 -0.0049577635 -0.00036038992 0.006173309 0.006972558 0.00043393812 -0.0064573893 -0.014449138 -0.022440887 -0.030380229 -0.033639234 -0.036898238 -0.040157243 -0.047985597 -0.05668904 -0.061793621 -0.065235465 -0.065399935 -0.062642894 -0.059885852 -0.053564028 -0.040818788 -0.028073548 -0.015658708 -0.0046984967 0.0063103838 0.018903085 0.031495786 0.027131393 0.021983975 0.016836556 0.017952837 0.019736223 0.021519608 0.023830038 0.02627906 0.019426489 0.0081395732 -0.0031473424 -0.015192544 -0.027586601
0.0027252913 -0.001347643 -0.0054205774 -0.0094935117 -0.013566446 -0.016942704 -0.015282477 -0.010477747 -0.0056730168 -0.00086828677 0.003927899 0.0026860316 0.0031963626 0.0037669012 0.0043374399 0.0049079786 0.0081907322 0.0089899812 0.0018105466 -0.0061812023 -0.014172951 -0.0221647 -0.030104042 -0.033363047 -0.036622051 -0.039881056 -0.04314006 -0.050009775 -0.055114356 -0.054187348 -0.051430306 -0.048673265 -0.045916223 -0.039594399 -0.026849159 -0.014103919 -0.001358679 0.011370462 0.022379343 0.033418759 0.028271341 0.023123923 0.017976504 0.012829086 0.013945367 0.015728752 0.017512138 0.019295523 0.02150352 0.014650949 0.0033640336 -0.007922882 -0.019209798 -0.03113376
0.0037373208 -0.00033561357 -0.0044085479 -0.0084814822 -0.012554417 -0.016627351 -0.015710025 -0.010905295 -0.0061005651 -0.0012958351 0.0035088949 0.008313625 0.0090248225 0.0095953611 0.0101659 0.010736438 0.011306977 0.0089123564 0.00092060746 -0.0070711414 -0.01506289 -0.023054639 -0.029677398 -0.031975762 -0.035234766 -0.038493771 -0.041752775 -0.04501178 -0.044155891 -0.041398849 -0.038641808 -0.035884766 -0.033127724 -0.027279091 -0.014533851 -0.0017886116 0.010956628 0.023701868 0.035913681 0.030766263 0.025618844 0.020471426 0.015324008 0.0097272641 0.010379453 0.012162838 0.013946224 0.015729609 0.017512995 0.0088021922 -0.0024847234 -0.013771639 -0.025058555 -0.03634547
-0.0059120024 -0.0099849368 -0.014057871 -0.018130805 -0.022081217 -0.023494174 -0.023634693 -0.022319919 -0.017515189 -0.012710459 -0.0079057287 -0.0031009987 -0.0023898012 -0.0018192625 -0.0012487238 -0.00067818517 0.0032347903 0.0022222738 -0.0057694751 -0.013761224 -0.021752973 -0.027171095 -0.028844422 -0.026933058 -0.028321041 -0.031580045 -0.03483905 -0.038098054 -0.037242165 -0.034485124 -0.031728082 -0.02897104 -0.023449888 -0.01690198 -0.010347554 0.0022983372 0.015043577 0.027788817 0.04000063 0.034853212 0.029705793 0.024558375 0.01832664 0.0083575887 0.0090097773 0.010793163 0.012576548 0.014153919 0.0074294398 -0.0023845938 -0.013671509 -0.024958425 -0.036245341 -0.036438826
-0.015561326 -0.01963426 -0.023707194 -0.02701217 -0.028425128 -0.029838085 -0.029978604 -0.029254448 -0.028530292 -0.024125082 -0.019320352 -0.014515622 -0.013804425 -0.013233886 -0.012338619 -0.0078969558 -0.0034552923 -0.0044678089 -0.012459558 -0.020451307 -0.024624654 -0.026338119 -0.028011445 -0.026100082 -0.024188718 -0.02466632 -0.027925324 -0.031184329 -0.030328439 -0.027571398 -0.024814356 -0.018626358 -0.012082068 -0.0055341606 0.001020266 0.0075746926 0.019130526 0.031875766 0.044087579 0.03894016 0.033792742 0.026926015 0.016956964 0.0069879134 0.0076401019 0.0094234875 0.0096916121 0.002967133 -0.0037573462 -0.01357138 -0.024858295 -0.035484914 -0.035055708 -0.034626501
-0.025210649 -0.029283583 -0.031943124 -0.033356081 -0.034769038 -0.036181995 -0.036322515 -0.035598359 -0.034874202 -0.034150046 -0.030734976 -0.025930246 -0.025219049 -0.023470365 -0.019028702 -0.014587038 -0.010145375 -0.011157891 -0.01914964 -0.022078212 -0.023791677 -0.025505143 -0.027178469 -0.025267105 -0.023355742 -0.021444378 -0.021011598 -0.024270603 -0.023414714 -0.020347118 -0.013802828 -0.0072585381 -0.00071424839 0.0058336592 0.012388086 0.018942512 0.025496939 0.035962714 0.048174528 0.043027109 0.035525391 0.02555634 0.015587289 0.005618238 0.0062704266 0.0052293053 -0.0014951739 -0.008219653 -0.014944132 -0.024758166 -0.034101795 -0.033672589 -0.033243383 -0.032814176
-0.034859972 -0.036874077 -0.038287034 -0.039699991 -0.041112949 -0.042525906 -0.042666425 -0.041942269 -0.041218113 -0.040493957 -0.039769801 -0.03734487 -0.034602111 -0.030160448 -0.025718784 -0.021277121 -0.016835458 -0.017818306 -0.019531771 -0.021245236 -0.022958701 -0.024672166 -0.026345493 -0.024434129 -0.022522766 -0.020611402 -0.018700038 -0.017356877 -0.015523588 -0.0089792978 -0.0024350081 0.0041092817 0.010653571 0.017201479 0.023755906 0.030310332 0.036864759 0.043419185 0.052261476 0.044124766 0.034155715 0.024186664 0.014217614 0.0042485627 0.00076699842 -0.0059574807 -0.01268196 -0.019406439 -0.026130918 -0.032718677 -0.03228947 -0.031860264 -0.031431057 -0.031001851
-0.040402993 -0.037687633 -0.03910059 -0.040513547 -0.041926505 -0.043339462 -0.041883642 -0.040582393 -0.039858237 -0.039134081 -0.038409924 -0.037685768 -0.039510847 -0.035069183 -0.03062752 -0.026185856 -0.021744193 -0.020002607 -0.021716072 -0.023429537 -0.025143003 -0.026856468 -0.024576515 -0.020283346 -0.018371983 -0.016460619 -0.014549256 -0.012637892 -0.00755767 -0.0010133803 0.0055309095 0.012075199 0.018447193 0.019299533 0.020332296 0.026886723 0.033441149 0.039995576 0.046057394 0.036088344 0.026119293 0.016150242 0.006181191 0.0015498204 -0.0050365462 -0.011761025 -0.018485504 -0.025209984 -0.031934463 -0.032764862 -0.032263386 -0.03183418 -0.031404973 -0.030975767
