P2_models/J1_p2_tot_conduct_slide_257.29.dat.tif
NCOLS 118
NROWS 92
XLLCORNER 139.62
YLLCORNER -39.07
DX 0.099491525
DY 0.099347826
NODATA_VALUE -9999
[rows 26 to 51 of 92, columns 58 to 115 of 118]
-1.3436801 -1.360262 -1.391913 -1.4338042 -1.4838294 -1.530957 -1.5874343 -1.6427073 -1.6994949 -1.7534844 -1.7778766 -1.8032208 -1.8365291 -1.8630233 -1.8740779 -1.8981085 -1.9754908 -1.9939324 -2.0011579 -2.0191931 -2.048049 -2.0792736 -2.1137119 -2.1663839 -2.2185576 -2.279358 -2.2776481 -2.2489625 -2.2840772 -2.3084922 -2.3306014 -2.356835 -2.2924581 -2.2836087 -2.2834342 -2.2820942 -2.3140434 -2.4135349 -2.3707156 -2.3590107 -2.3418355 -2.3213126 -2.3372898 -2.3421252 -2.2894533 -2.2258261 -2.1614492 -2.0090428 -1.8791668 -1.8499046 -1.8305139 -1.8071041 -1.8279016 -1.8344342 -1.8168769 -1.801958 -1.7668433 -9999
-1.318631 -1.3462675 -1.3786667 -1.4205578 -1.4768112 -1.5375801 -1.5996066 -1.6625769 -1.7231936 -1.7799771 -1.8271047 -1.8628295 -1.9015207 -1.9310755 -1.9531847 -1.9402558 -1.9291285 -1.9502417 -1.9614187 -1.983528 -2.0149331 -2.0923154 -2.1386375 -2.1796303 -2.2227396 -2.2661116 -2.3075712 -2.3218176 -2.3438103 -2.3610195 -2.3776014 -2.4606876 -2.5640088 -2.5582824 -2.5616081 -2.5557557 -2.584759 -2.3974808 -2.3177301 -2.3060252 -2.2749268 -2.2418344 -2.130638 -2.0896523 -2.0252754 -1.9608985 -1.8965217 -1.8342703 -1.7469494 -1.7235396 -1.7115705 -1.7011331 -1.7349772 -1.7488168 -1.7605217 -1.7575705 -1.7403506 -9999
-1.3000281 -1.3298916 -1.3691331 -1.4123699 -1.4722138 -1.5359233 -1.605758 -1.6722599 -1.7421705 -1.8016415 -1.8524072 -1.8988137 -1.9405981 -1.9768646 -2.0030511 -1.9903675 -1.9617469 -1.9658477 -1.981488 -2.0035973 -2.0379805 -2.1187103 -2.1794952 -2.218297 -2.2501462 -2.2874719 -2.3172365 -2.3545415 -2.3713992 -2.382872 -2.3969633 -2.4781871 -2.6127933 -2.6346375 -2.639651 -2.6295098 -2.5653971 -2.3781189 -2.2876154 -2.2732734 -2.2243217 -2.1810133 -2.050267 -1.9571364 -1.8773157 -1.7817872 -1.7149093 -1.6615846 -1.6133724 -1.5972359 -1.6142648 -1.6123109 -1.6694736 -1.6982117 -1.7190161 -1.7321467 -1.7220405 -9999
-1.2827455 -1.3159094 -1.3580598 -1.4051873 -1.4673496 -1.5354228 -1.6077757 -1.6796307 -1.7521582 -1.8216143 -1.8739783 -1.9256683 -1.9698868 -2.0092559 -2.0424197 -2.0331596 -1.9999958 -2.007637 -2.0242189 -2.0457168 -2.0807726 -2.1636822 -2.2264789 -2.2615935 -2.2909207 -2.3185572 -2.3448486 -2.3714403 -2.3831451 -2.3939454 -2.405 -2.4837238 -2.61833 -2.6393274 -2.638804 -2.6266011 -2.5585153 -2.3712371 -2.2780434 -2.2487812 -2.1913039 -2.1257633 -1.9848278 -1.8601767 -1.7606852 -1.6631391 -1.5695001 -1.5203886 -1.4864579 -1.4806055 -1.5063776 -1.5356398 -1.6044968 -1.6617547 -1.6968694 -1.7113451 -1.7113451 -9999
-1.2765363 -1.3097001 -1.3542957 -1.4051873 -1.4702676 -1.541632 -1.621218 -1.6982584 -1.7754571 -1.8466039 -1.9042042 -1.9581095 -2.0133515 -2.0527206 -2.0858844 -2.0738176 -2.0372512 -2.0448925 -2.0614744 -2.0780563 -2.1122621 -2.200699 -2.2604832 -2.2864305 -2.3126496 -2.3371849 -2.355151 -2.3776495 -2.3893544 -2.3988545 -2.405 -2.4837238 -2.61833 -2.6353625 -2.6325948 -2.6150374 -2.5460968 -2.3542051 -2.2506806 -2.2115258 -2.1237893 -2.0450432 -1.8811748 -1.7546197 -1.6351583 -1.5360357 -1.4453153 -1.4122529 -1.3809008 -1.4089488 -1.4631312 -1.5108028 -1.600423 -1.6617547 -1.7062561 -1.7237636 -1.7237636 -9999
-1.2800123 -1.3131761 -1.3608895 -1.4134328 -1.4867531 -1.5600627 -1.6474159 -1.7303255 -1.8177827 -1.8912226 -1.946351 -2.0033745 -2.0586475 -2.1066466 -2.1406829 -2.1846667 -2.1459756 -2.1526234 -2.1725637 -2.1923815 -2.2056159 -2.2591523 -2.3220547 -2.3454645 -2.3613905 -2.3834998 -2.4238535 -2.4401155 -2.4518204 -2.4580234 -2.4635507 -2.3795054 -2.5095257 -2.5265582 -2.5206722 -2.5031149 -2.4291767 -2.2566242 -2.1885724 -2.1417529 -2.0424351 -1.9413082 -1.7746961 -1.6266352 -1.5065495 -1.427691 -1.3399044 -1.3432946 -1.3360578 -1.3787218 -1.4649202 -1.529297 -1.614327 -1.6920498 -1.7377607 -1.7464855 -1.7464855 -9999
-1.2932587 -1.3264225 -1.3741359 -1.4317362 -1.5072096 -1.5909919 -1.6825158 -1.77648 -1.8702848 -1.9574545 -2.0098184 -2.0629832 -2.1182562 -2.1662553 -2.2049465 -2.2539957 -2.3092688 -2.3359037 -2.3580129 -2.3801222 -2.3976884 -2.3976884 -2.4081562 -2.431566 -2.446525 -2.4575796 -2.5074754 -2.5590288 -2.5648812 -2.5706176 -2.5761449 -2.4920996 -2.3340836 -2.307993 -2.302107 -2.2845497 -2.2466045 -2.1705228 -2.1016095 -2.0372326 -1.9313695 -1.8154676 -1.6457468 -1.4985285 -1.3873321 -1.3118037 -1.2532792 -1.2871697 -1.3349852 -1.4052146 -1.4945117 -1.5940032 -1.6754264 -1.7431559 -1.784123 -1.792114 -1.7804091 -9999
-1.3240906 -1.3572545 -1.4049678 -1.4625682 -1.5453023 -1.6341726 -1.730145 -1.8259546 -1.9252625 -2.0134622 -2.0658261 -2.1175411 -2.1680497 -2.2136241 -2.2486054 -2.2977344 -2.3530075 -2.3804088 -2.3969295 -2.4079841 -2.4223064 -2.412269 -2.4168652 -2.4326022 -2.4437806 -2.4524813 -2.4973824 -2.5481148 -2.5539673 -2.557731 -2.5590965 -2.4750511 -2.3170352 -2.2823215 -2.2747641 -2.2513543 -2.2148957 -2.1310814 -2.0432947 -1.9687168 -1.8476287 -1.72973 -1.5767527 -1.4296141 -1.3396436 -1.3052667 -1.2641135 -1.3405582 -1.3905147 -1.4853178 -1.6021024 -1.7108777 -1.7751892 -1.841866 -1.874941 -1.8675631 -1.8484467 -9999
-1.3609181 -1.3940819 -1.4467953 -1.5043956 -1.5896298 -1.6838849 -1.7847034 -1.8841949 -1.9836864 -2.0741012 -2.1231155 -2.1734605 -2.2220763 -2.2621234 -2.2952119 -2.3372928 -2.3925659 -2.4161017 -2.4275612 -2.436177 -2.4405367 -2.4267137 -2.42 -2.4313011 -2.4362806 -2.4418079 -2.4810169 -2.5278838 -2.5337363 -2.5330273 -2.5325 -2.4509546 -2.2929387 -2.255725 -2.2437787 -2.2133923 -2.1693096 -2.0815229 -1.9887363 -1.9009497 -1.7826083 -1.6564332 -1.5159497 -1.3908848 -1.313836 -1.3145738 -1.3028689 -1.4007892 -1.4904561 -1.5976446 -1.7175847 -1.840486 -1.8886335 -1.9397956 -1.9681231 -1.95168 -1.9224177 -9999
-1.4072804 -1.4404442 -1.4943931 -1.5624662 -1.650329 -1.7498206 -1.8527244 -1.95705 -2.0565415 -2.1469563 -2.1888475 -2.2330691 -2.2772876 -2.3151089 -2.3427454 -2.3816966 -2.425915 -2.4419035 -2.4474308 -2.4529581 -2.4537831 -2.4316739 -2.42 -2.42 -2.4217536 -2.4219383 -2.456477 -2.4947679 -2.4952609 -2.4932882 -2.4877609 -2.4060031 -2.259692 -2.2204716 -2.2040395 -2.1630724 -2.1097009 -2.0219142 -1.9269591 -1.8280946 -1.7147438 -1.5968245 -1.4797757 -1.3820666 -1.3469519 -1.3593946 -1.3889703 -1.5150686 -1.6344705 -1.7632243 -1.8805373 -1.9928194 -2.0174234 -2.0425197 -2.0542246 -2.0366174 -2.001896 -9999
-1.4565159 -1.4896797 -1.5405109 -1.6063145 -1.7067026 -1.8115841 -1.9153647 -2.0203836 -2.1093713 -2.1980488 -2.2308158 -2.2705437 -2.3067278 -2.3388229 -2.3605343 -2.426443 -2.485925 -2.4984062 -2.4929754 -2.4825247 -2.4501141 -2.304134 -2.2884084 -2.2853193 -2.2815387 -2.2799321 -2.3282842 -2.3660938 -2.3644702 -2.3547884 -2.3424321 -2.2886459 -2.1619715 -2.1198672 -2.1018086 -2.0608415 -2.0048395 -1.9451241 -1.874167 -1.7764784 -1.6919728 -1.5859055 -1.5365311 -1.4510974 -1.4474638 -1.5125785 -1.5605102 -1.688084 -1.8180077 -1.9467614 -2.0411931 -2.1429475 -2.2099813 -2.2263095 -2.2316168 -2.2023048 -2.1637437 -9999
-1.5104471 -1.5436109 -1.5961449 -1.6589817 -1.7611297 -1.8763304 -1.9819272 -2.0869461 -2.172528 -2.2495045 -2.2782896 -2.3074005 -2.3398987 -2.3623827 -2.3789646 -2.4407772 -2.5292142 -2.5405748 -2.5330998 -2.5171201 -2.4703592 -2.287371 -2.1691874 -2.163335 -2.1525962 -2.1470689 -2.1862145 -2.2374785 -2.231626 -2.2151326 -2.1985507 -2.1431704 -2.0495313 -2.0142037 -1.9917068 -1.9522681 -1.9131804 -1.8780657 -1.8190289 -1.7253898 -1.6584764 -1.5867258 -1.5654059 -1.5506153 -1.5681726 -1.6588307 -1.7466174 -1.8724454 -2.0023691 -2.1311228 -2.2000111 -2.2760928 -2.33812 -2.3836232 -2.3836232 -2.3577169 -2.3108974 -9999
-1.5705892 -1.6092804 -1.6637916 -1.7318367 -1.83776 -1.9624318 -2.0654425 -2.1664243 -2.2447247 -2.3157363 -2.3314455 -2.3537628 -2.3758721 -2.3940551 -2.3995824 -2.4606468 -2.5490837 -2.5575844 -2.5463461 -2.5187096 -2.4637361 -2.2758076 -2.1541554 -2.1307456 -2.1132472 -2.0940834 -2.1175674 -2.151377 -2.1318374 -2.1088918 -2.0867826 -2.0335811 -1.9501835 -1.9119213 -1.8857357 -1.8506211 -1.814038 -1.7847758 -1.7375923 -1.6724043 -1.6384148 -1.5999722 -1.6350869 -1.6485987 -1.718828 -1.8247253 -1.9386898 -2.0558792 -2.1777171 -2.2596513 -2.311077 -2.3555711 -2.4009565 -2.4363235 -2.430471 -2.4099626 -2.3771293 -9999
-1.6274139 -1.6661051 -1.725408 -1.7950034 -1.9097536 -2.0375259 -2.1385937 -2.2377343 -2.3019312 -2.3671196 -2.3713844 -2.3859398 -2.4015093 -2.4163445 -2.4218718 -2.4795884 -2.5680253 -2.574852 -2.5541503 -2.5127775 -2.4505506 -2.2555739 -2.1207573 -2.0856383 -2.0404345 -2.0131692 -1.9974573 -2.0217459 -1.9948311 -1.954858 -1.9300815 -1.8880277 -1.8118317 -1.7847289 -1.7575722 -1.7403195 -1.7070842 -1.6896807 -1.693265 -1.6463532 -1.6621431 -1.645973 -1.7219537 -1.7706177 -1.8601013 -1.9752609 -2.0974853 -2.1786618 -2.2837606 -2.3448863 -2.3647467 -2.3965558 -2.4349633 -2.4619607 -2.4585598 -2.4439038 -2.4156175 -9999
-1.686524 -1.7252151 -1.7854239 -1.8587334 -1.9570136 -2.0931599 -2.1893274 -2.2832916 -2.3397589 -2.4050059 -2.4063768 -2.4082111 -2.4192657 -2.4269899 -2.4325172 -2.4721178 -2.5605547 -2.5583137 -2.5369266 -2.4935528 -2.4280551 -2.2290721 -2.0821069 -2.0294349 -1.9677375 -1.9124644 -1.8810741 -1.8625089 -1.8156894 -1.7729989 -1.7453623 -1.7080549 -1.6495304 -1.631631 -1.6164159 -1.6098302 -1.6018841 -1.6018841 -1.6190553 -1.6249077 -1.6576939 -1.6932309 -1.7879273 -1.8883411 -1.9995375 -2.0983926 -2.2154415 -2.2889983 -2.3454057 -2.3805203 -2.394946 -2.4066508 -2.4588033 -2.4836232 -2.4836232 -2.469873 -2.4464632 -9999
-1.7501243 -1.8046934 -1.8671141 -1.9448349 -1.9894201 -2.0467975 -2.1158988 -2.1839437 -2.2137837 -2.265919 -2.3549377 -2.3812541 -2.3867814 -2.3923551 -2.3927781 -2.3809089 -2.3883518 -2.3881737 -2.3713469 -2.3326558 -2.2714089 -2.1332262 -1.9876516 -1.9035943 -1.8188984 -1.7336383 -1.6590244 -1.6108278 -1.5527124 -1.5014481 -1.4738116 -1.4549008 -1.4309652 -1.4354559 -1.4375898 -1.466852 -1.4694203 -1.4957242 -1.5464919 -1.5917918 -1.6572939 -1.7131004 -1.8242968 -1.9280802 -2.0054387 -2.0617049 -2.1359632 -2.2299859 -2.2924202 -2.3000843 -2.3059367 -2.3139262 -2.4553145 -2.5101159 -2.5101159 -2.4991239 -2.4795791 -9999
-1.7931243 -1.8503132 -1.9216793 -2.0027316 -2.0506085 -2.0760686 -2.1110582 -2.160804 -2.189175 -2.222332 -2.3113507 -2.3796744 -2.3841522 -2.3841522 -2.3841522 -2.370235 -2.344967 -2.3263983 -2.3095716 -2.2708804 -2.199648 -2.0566935 -1.8951778 -1.7888505 -1.6930578 -1.5589655 -1.4718939 -1.3579951 -1.2924528 -1.2298974 -1.203913 -1.20994 -1.2048626 -1.2168907 -1.267068 -1.2983003 -1.3712664 -1.4212524 -1.4969702 -1.590058 -1.6906127 -1.7661874 -1.8773838 -1.9750308 -2.0420612 -2.0907701 -2.1217187 -2.208638 -2.270413 -2.2741522 -2.2779657 -2.28 -2.4207203 -2.52 -2.52 -2.509008 -2.4951193 -9999
-1.8267805 -1.8875809 -1.9627916 -2.046574 -2.0865429 -2.1074885 -2.1414773 -2.1801685 -2.2021017 -2.2340277 -2.3230464 -2.3907269 -2.3907269 -2.39 -2.39 -2.3733305 -2.3456939 -2.3271252 -2.3084162 -2.2504804 -2.1674137 -1.9960672 -1.8258286 -1.6795175 -1.5208823 -1.3661177 -1.2318946 -1.1077307 -1.0257965 -0.96739455 -0.94528533 -0.95567366 -0.98493587 -1.0472011 -1.1107252 -1.2098886 -1.3035277 -1.3971668 -1.5146428 -1.6258392 -1.7314527 -1.8359489 -1.9467982 -2.0354123 -2.0880843 -2.1165793 -2.1399891 -2.2243114 -2.28 -2.28 -2.28 -2.28 -2.4214472 -2.5207269 -2.5207269 -2.5133989 -2.501694 -9999
-1.8407084 -1.9062086 -1.9838102 -2.0714109 -2.1085162 -2.1261162 -2.1565429 -2.192587 -2.2099034 -2.2401386 -2.323921 -2.3913701 -2.3968974 -2.3945115 -2.39 -2.3760829 -2.3519032 -2.3303944 -2.302207 -2.2248247 -2.134034 -1.9295236 -1.7386725 -1.536705 -1.3505865 -1.167422 -1.0126574 -0.87798889 -0.79288226 -0.73642663 -0.7341712 -0.75943042 -0.81107718 -0.90853757 -0.99274971 -1.1449132 -1.2476445 -1.392631 -1.5470627 -1.6817224 -1.7873358 -1.8918321 -1.9913236 -2.078877 -2.1113618 -2.1287346 -2.1461984 -2.2252253 -2.28 -2.28 -2.28 -2.28 -2.4265837 -2.5269361 -2.5221884 -2.516336 -2.5079032 -9999
-1.8423624 -1.9098088 -1.986529 -2.0753104 -2.1442571 -2.1599663 -2.192575 -2.2257389 -2.2428717 -2.2584909 -2.3068544 -2.3698696 -2.3734119 -2.3765145 -2.3719176 -2.3593075 -2.3371983 -2.3105551 -2.2821841 -2.1949202 -2.098569 -1.9074942 -1.6614903 -1.4280384 -1.1928858 -0.98837546 -0.81731683 -0.66694517 -0.57915853 -0.53197605 -0.53612319 -0.5938201 -0.65924479 -0.79255388 -0.9060855 -1.090055 -1.2440978 -1.4118957 -1.6068716 -1.7590351 -1.8753019 -1.9792447 -2.0759345 -2.1483274 -2.1761238 -2.1916074 -2.2033123 -2.2551298 -2.3068406 -2.3068406 -2.3068406 -2.3068406 -2.3997431 -2.5012003 -2.4953479 -2.4894954 -2.483643 -9999
-1.829116 -1.900971 -1.9799058 -2.0636881 -2.13313 -2.1959668 -2.2398714 -2.2785625 -2.2958572 -2.3114764 -2.3219492 -2.3301304 -2.3301304 -2.3301522 -2.3301522 -2.3196926 -2.3031107 -2.2774392 -2.2490682 -2.155104 -2.0455835 -1.874237 -1.6482439 -1.3380644 -1.0702642 -0.82153537 -0.6406735 -0.47523482 -0.39330062 -0.34652677 -0.3631087 -0.42824039 -0.53358436 -0.68487812 -0.84647681 -1.0571647 -1.2674396 -1.4781276 -1.6744785 -1.8617567 -1.9845533 -2.0984621 -2.1921012 -2.2586851 -2.2820948 -2.2975784 -2.3092833 -2.3397634 -2.3598261 -2.3598261 -2.3598261 -2.3598261 -2.4125962 -2.4482148 -2.4423623 -2.4365099 -2.4306575 -9999
-1.8290725 -1.9009275 -1.979884 -2.0636664 -2.1366771 -2.2021121 -2.2419233 -2.2787147 -2.2960311 -2.3116503 -2.3221231 -2.33 -2.33 -2.33 -2.33 -2.3195621 -2.3029802 -2.2766078 -2.2424646 -2.1208639 -2.0004657 -1.7936079 -1.5585528 -1.2328103 -0.96088168 -0.70974461 -0.52870883 -0.36322667 -0.28856792 -0.26294866 -0.30061141 -0.38504063 -0.50828544 -0.69219372 -0.86589459 -1.1116972 -1.3233568 -1.5497273 -1.7479826 -1.9300515 -2.0280021 -2.1343266 -2.2110591 -2.2775995 -2.2924102 -2.300152 -2.3096311 -2.3401112 -2.36 -2.36 -2.36 -2.36 -2.4127701 -2.4480409 -2.4421884 -2.436336 -2.4304835 -9999
-1.8242782 -1.8958116 -1.9773261 -2.0611084 -2.1341191 -2.2021923 -2.2457345 -2.2788983 -2.2960311 -2.3116503 -2.3221231 -2.33 -2.33 -2.33 -2.33 -2.3170042 -2.3004223 -2.2702386 -2.2334151 -2.1068208 -1.9629037 -1.7470974 -1.4908423 -1.1575129 -0.88074445 -0.62648833 -0.45243437 -0.28810375 -0.22372688 -0.21623029 -0.26278986 -0.37250892 -0.51296755 -0.71531872 -0.91622101 -1.1691741 -1.411218 -1.6447361 -1.8231071 -1.9986804 -2.0801566 -2.1657653 -2.2358331 -2.2870744 -2.2981107 -2.3039631 -2.3098156 -2.3401112 -2.36 -2.36 -2.36 -2.36 -2.4127701 -2.4480409 -2.4421884 -2.433778 -2.4279256 -9999
-1.817655 -1.8839827 -1.9646395 -2.0536582 -2.1274959 -2.1955691 -2.2408424 -2.2788983 -2.2960311 -2.3116503 -2.3221231 -2.33 -2.33 -2.33 -2.33 -2.3160829 -2.2939736 -2.2599004 -2.2201688 -2.0875134 -1.936411 -1.7042641 -1.4378568 -1.11012 -0.83560477 -0.5867492 -0.41952698 -0.26823419 -0.22552712 -0.22285348 -0.28918116 -0.40886193 -0.57858277 -0.79194813 -1.0155688 -1.2789288 -1.5283143 -1.7507071 -1.9229205 -2.0649123 -2.1317645 -2.192258 -2.2507825 -2.2922582 -2.2981107 -2.3039631 -2.3098156 -2.3401112 -2.36 -2.36 -2.36 -2.36 -2.4127701 -2.4480409 -2.4421884 -2.432672 -2.4213024 -9999
-1.7994231 -1.8657508 -1.9455887 -2.0262905 -2.0976553 -2.1610972 -2.2051975 -2.2438886 -2.261205 -2.2768242 -2.305956 -2.3532174 -2.3559191 -2.3590217 -2.3552654 -2.3393003 -2.3412457 -2.3094871 -2.2533572 -2.1151304 -1.9447443 -1.6954651 -1.416073 -1.1093736 -0.83567723 -0.6125097 -0.45263784 -0.33116089 -0.29835634 -0.31073753 -0.39358696 -0.54186462 -0.72198132 -0.94032453 -1.1787645 -1.4439557 -1.6981331 -1.8993091 -2.0579132 -2.1721667 -2.2178366 -2.2709899 -2.3184637 -2.338693 -2.3445455 -2.3503979 -2.3562503 -2.3401112 -2.36 -2.36 -2.36 -2.36 -2.3140962 -2.349367 -2.3471304 -2.3398024 -2.3280975 -9999
-1.7801271 -1.8458812 -1.9170561 -1.9956021 -2.0658039 -2.1286407 -2.1751685 -2.2138596 -2.2336035 -2.2574743 -2.3203111 -2.3689425 -2.3744698 -2.3751478 -2.3696205 -2.3710517 -2.3765791 -2.3322335 -2.2734924 -2.1210941 -1.9495922 -1.6866245 -1.4233191 -1.131603 -0.90247155 -0.68137927 -0.55705089 -0.43710932 -0.419552 -0.45985241 -0.55518116 -0.71074144 -0.90387204 -1.1319477 -1.3693408 -1.6227818 -1.8656831 -2.0508898 -2.1402384 -2.2514348 -2.2873946 -2.3251942 -2.3544564 -2.3746858 -2.38 -2.3839631 -2.3898156 -2.3695057 -2.3575725 -2.3575725 -2.3575725 -2.3575725 -2.3130932 -2.28 -2.28 -2.2702444 -2.2585396 -9999
