P2_models/J1_p2_vp_slide_diff2_340.dat.tif
NCOLS 118
NROWS 92
XLLCORNER 139.62
YLLCORNER -39.07
DX 0.099491525
DY 0.099347826
NODATA_VALUE -9999
[rows 23 to 45 of 92, columns 53 to 105 of 118]
0.0094927174 0.012142761 0.014347919 0.022719884 0.032241223 0.041762562 0.051283901 0.039652451 0.013646787 -0.012358876 -0.038364539 -0.053023874 -0.04641586 -0.054960152 -0.058375972 -0.058184948 -0.057993924 -0.057802901 -0.060144348 -0.065259299 -0.066471069 -0.067682839 -0.068894609 -0.069959456 -0.05790296 -0.045846464 -0.033789969 -0.021733473 -0.01299504 -0.0080926934 -0.0034060434 0.0038318712 0.011069786 0.0183077 0.020214252 0.012514171 0.0048140903 -0.0028859906 -0.018064768 -0.046524259 -0.028245324 -0.020244064 -0.015278071 -0.010312079 -0.0053460861 0.0041137435 0.0078842989 0.0078950134 0.0079057278 0.0079164423 0.0059864343 0.0050205919 0.0064204376
0.010829897 0.013718946 0.023240285 0.032761624 0.042282963 0.051804302 0.061325641 0.049694191 0.023688527 -0.002317136 -0.028322799 -0.054328463 -0.075176844 -0.076512172 -0.076321148 -0.076130125 -0.075939101 -0.075748077 -0.076978811 -0.078190581 -0.079402351 -0.080614121 -0.081825891 -0.082890738 -0.070834242 -0.058777746 -0.046721251 -0.034664755 -0.022608259 -0.015195357 -0.0079574421 -0.00071952749 0.0065183871 0.013756302 0.015662853 0.0079627725 0.00026269157 -0.0074373893 -0.01513747 -0.026082703 -0.019193595 -0.014227602 -0.0092616094 -0.0042956167 0.00067037595 0.0029220465 0.002932761 0.0029434754 0.0029541899 0.0029649044 0.0031893229 0.0045891687 0.0059890144
-0.0012135615 0.0012292418 0.0043685733 0.013889912 0.023411251 0.03293259 0.042453929 0.046236656 0.030664573 0.0046589101 -0.021346753 -0.047352417 -0.07335808 -0.066712444 -0.066416811 -0.066225787 -0.066034763 -0.065843739 -0.066268081 -0.067479851 -0.068691621 -0.069903391 -0.071115161 -0.076497634 -0.068477675 -0.056421179 -0.044364683 -0.032308187 -0.020251692 -0.01149104 -0.0042531253 0.0029847893 0.010222704 0.015380428 0.011844449 0.0024797632 -0.0052203177 -0.012920399 -0.020620479 -0.027942952 -0.022976959 -0.018010966 -0.013044974 -0.008078981 -0.0011724555 -0.002529497 -0.0025723863 -0.0025616719 -0.0025509574 -0.0025402429 -0.0057987094 -0.0057309493 -0.0043311035
-0.015821497 -0.013378693 -0.012098628 -0.010523231 -0.0010018917 0.0085194473 0.018040786 0.021823513 0.02170661 0.011047398 -0.014958265 -0.040963929 -0.066969592 -0.060323956 -0.052556382 -0.050983928 -0.050792904 -0.05060188 -0.051026222 -0.052237992 -0.053449762 -0.055198639 -0.060845336 -0.066343864 -0.058609806 -0.050875747 -0.039078111 -0.027021615 -0.014965119 -0.0062044673 0.0010334473 0.008271362 0.012560488 0.012906456 0.0093704767 -0.0011604197 -0.010881875 -0.018581956 -0.026282037 -0.03360451 -0.028638517 -0.023672524 -0.018706531 -0.011600613 -0.0042477992 -0.0056048406 -0.0078895105 -0.0081729216 -0.0081622072 -0.0081514927 -0.011409959 -0.016226941 -0.016546447
-0.030429432 -0.027986629 -0.026706564 -0.025426499 -0.024146433 -0.015893696 -0.0063723566 -0.0025896299 -0.0027065325 -0.002823435 -0.0085697774 -0.034575441 -0.060581104 -0.053935468 -0.046167894 -0.038400319 -0.035551045 -0.035360022 -0.035784363 -0.036996133 -0.039398171 -0.045044868 -0.050691565 -0.056190093 -0.048456035 -0.040721977 -0.032987919 -0.021735042 -0.0096785466 -0.00091789465 0.00632002 0.0097405485 0.010086516 0.010432484 0.0068965044 -0.003634392 -0.014165288 -0.024243514 -0.031943595 -0.039266067 -0.034300075 -0.029334082 -0.022028771 -0.014675957 -0.0073231428 -0.0086801843 -0.010964854 -0.013249524 -0.013773457 -0.013762742 -0.017021209 -0.021838191 -0.026655172
-0.045037367 -0.042594564 -0.041314499 -0.040034434 -0.038754369 -0.037474304 -0.0307855 -0.027002773 -0.027119675 -0.027236578 -0.02735348 -0.028186953 -0.054192616 -0.047546981 -0.039779406 -0.032011831 -0.024244256 -0.020118163 -0.020542504 -0.023597704 -0.029244401 -0.034891098 -0.040537794 -0.046036323 -0.038302265 -0.030568206 -0.022834148 -0.01510009 -0.0043919739 0.004368678 0.0069206086 0.0072665763 0.007612544 0.0079585117 0.0044225322 -0.0061083642 -0.016639261 -0.027170157 -0.037605153 -0.044927625 -0.039809742 -0.032456928 -0.025104114 -0.0177513 -0.010398486 -0.011755528 -0.014040198 -0.016324868 -0.018609537 -0.019373992 -0.022632459 -0.02744944 -0.032266422
-0.046295409 -0.054431026 -0.053150961 -0.051870896 -0.050590831 -0.049310766 -0.0480307 -0.046422689 -0.046539592 -0.046656494 -0.046773397 -0.046890299 -0.047007202 -0.044208444 -0.036440869 -0.028673294 -0.020905719 -0.013138145 -0.011255025 -0.016901721 -0.022548418 -0.028195115 -0.033841812 -0.036920207 -0.028275518 -0.02054146 -0.012807402 -0.0050733434 0.0026607148 0.0053414198 0.0056873875 0.0060333552 0.0063793229 0.0067252906 0.0027768034 -0.0077540929 -0.018284989 -0.028815886 -0.039346782 -0.049344518 -0.041991705 -0.034638891 -0.027286077 -0.019933263 -0.012776517 -0.015768189 -0.018052859 -0.020337529 -0.022622199 -0.024906868 -0.027774351 -0.032591333 -0.037408315
-0.040231387 -0.047973917 -0.042562644 -0.040891693 -0.039611628 -0.038331562 -0.037051497 -0.031245175 -0.024853652 -0.024970555 -0.025087457 -0.02520436 -0.025321262 -0.053768701 -0.058210514 -0.050442939 -0.042675365 -0.03490779 -0.03302467 -0.038671367 -0.044318063 -0.04996476 -0.050314228 -0.03718591 -0.021240046 -0.011560416 -0.0038263581 0.0039077001 0.011641758 0.014322463 0.014668431 0.015014399 0.015360366 0.012892425 0.0068179835 -0.0025814533 -0.01311235 -0.023643246 -0.034174142 -0.044171879 -0.036819065 -0.029466251 -0.022113437 -0.015732539 -0.017666966 -0.025512037 -0.029781821 -0.032066491 -0.034351161 -0.036635831 -0.033973211 -0.033869327 -0.038686308
-0.034167364 -0.041909895 -0.036498622 -0.031087349 -0.028632424 -0.027352359 -0.026072294 -0.020265972 -0.011383866 -0.0032846154 -0.003401518 -0.0035184205 -0.003635323 -0.032082761 -0.061503672 -0.072212585 -0.06444501 -0.056677435 -0.054794315 -0.060441012 -0.066087709 -0.0636767 -0.050579931 -0.037451612 -0.021505749 -0.0055598853 0.0051546854 0.012888744 0.020622802 0.023303507 0.023649474 0.023995442 0.020941219 0.016635301 0.01056086 0.0012997008 -0.0079614585 -0.018470606 -0.029001503 -0.038999239 -0.031646425 -0.024293611 -0.018688561 -0.020622989 -0.022557416 -0.030402486 -0.03887706 -0.043795453 -0.046080123 -0.048364793 -0.045702173 -0.040681035 -0.039964302
-0.028103342 -0.035845872 -0.030434599 -0.025023326 -0.019612053 -0.016373156 -0.015093091 -0.0092867685 -0.00040466255 0.0084774434 0.017359549 0.018167519 0.018050616 -0.010396822 -0.039817732 -0.069238642 -0.086214655 -0.07844708 -0.07656396 -0.082210657 -0.077039172 -0.063942403 -0.050845633 -0.037717315 -0.021771451 -0.0058255879 0.010120276 0.021869787 0.029603845 0.03228455 0.032630518 0.028990014 0.024684096 0.020378178 0.014303737 0.0050425773 -0.004218582 -0.013479741 -0.023828863 -0.033826599 -0.026473786 -0.021644583 -0.023579011 -0.025513438 -0.027447866 -0.035292936 -0.043767509 -0.052242083 -0.057809085 -0.060093755 -0.057431135 -0.052409997 -0.047388859
-0.022309364 -0.02978185 -0.024370577 -0.018959304 -0.013548031 -0.0081367582 -0.0041138882 0.0016924346 0.010574541 0.019456646 0.028338752 0.037220858 0.039736556 0.011289118 -0.018131793 -0.047552703 -0.076973613 -0.10021673 -0.098333606 -0.090401645 -0.077304875 -0.064208105 -0.051111336 -0.037983017 -0.022037154 -0.0060912905 0.009854573 0.025800436 0.038584889 0.041265594 0.037038809 0.03273289 0.028426972 0.024121054 0.018046613 0.0087854538 -0.00047570547 -0.0097368647 -0.018998024 -0.02865396 -0.024600606 -0.026535033 -0.02846946 -0.030403888 -0.032338315 -0.040183385 -0.048657959 -0.057132532 -0.065607105 -0.071822717 -0.069160097 -0.064138959 -0.059117821
-0.027195939 -0.028917398 -0.023416633 -0.01800536 -0.012594087 -0.0071828135 -0.0017715405 0.0046748546 0.01355696 0.022439066 0.031321172 0.040203278 0.049085384 0.034536184 0.0051152741 -0.024305636 -0.053726547 -0.083147457 -0.093917085 -0.080820315 -0.067723546 -0.054626776 -0.041530007 -0.034752457 -0.03257376 -0.016627896 -0.00068203272 0.015263831 0.031209694 0.033303615 0.028997697 0.024691779 0.020385861 0.016079942 0.016203064 0.006385728 -0.0028754313 -0.012136591 -0.02139775 -0.03044048 -0.032374907 -0.034309335 -0.036243762 -0.03817819 -0.03715232 -0.040022606 -0.048497179 -0.056971753 -0.065446326 -0.073920899 -0.073594461 -0.068573323 -0.063552185
-0.035133183 -0.036854642 -0.03106228 -0.02547934 -0.020068067 -0.014656794 -0.0092455207 -0.0031060521 0.003528256 0.012232589 0.021114695 0.029996801 0.038878907 0.039904286 0.03093707 0.0015161596 -0.027904751 -0.057325661 -0.068095289 -0.05499852 -0.04190175 -0.02880498 -0.02418032 -0.02480126 -0.041386498 -0.044104049 -0.028158186 -0.012212322 0.0037335411 0.0058274619 0.0015215438 -0.0027843744 -0.0070902925 0.0076055997 0.011942554 -0.0045067742 -0.015406 -0.024667159 -0.033928318 -0.042971049 -0.044905476 -0.046839903 -0.048774331 -0.046762772 -0.039493257 -0.037779584 -0.040005532 -0.048480105 -0.056954678 -0.065429252 -0.065323427 -0.060976886 -0.055955748
-0.043070426 -0.044791885 -0.038999524 -0.033207163 -0.027542047 -0.022130774 -0.016719501 -0.010580032 -0.0039457242 0.0026885839 0.010908218 0.019790324 0.02867243 0.029697808 0.03045322 0.027337955 -0.0020829549 -0.031503865 -0.042273493 -0.029176724 -0.016079954 -0.013786938 -0.014229123 -0.014850064 -0.031435301 -0.048020538 -0.055634339 -0.039688476 -0.023742612 -0.021648691 -0.025954609 -0.028400216 -0.012527563 0.0033450897 0.007682044 -0.0087672841 -0.025216612 -0.037197728 -0.046458887 -0.055501617 -0.057436045 -0.059370472 -0.056373223 -0.049103709 -0.041834195 -0.040120521 -0.038998563 -0.039988458 -0.048463031 -0.056937604 -0.05683178 -0.052635426 -0.04835931
-0.051007669 -0.052729128 -0.046936767 -0.041144406 -0.035352045 -0.029604754 -0.024193481 -0.018054012 -0.011419704 -0.0047853962 0.0018489119 0.0095838463 0.018465952 0.019491331 0.020246743 0.021002155 0.021757567 -0.0056820693 -0.016451698 -0.003354928 -0.0033935573 -0.0038357419 -0.0042779264 -0.0048988671 -0.021484104 -0.038069342 -0.054654579 -0.067164629 -0.051218765 -0.049124844 -0.048533378 -0.032660726 -0.016788073 -0.00091542019 0.0034215341 -0.013027794 -0.029477122 -0.04592645 -0.058989455 -0.068032186 -0.069966613 -0.065983674 -0.05871416 -0.051444646 -0.044175132 -0.042461458 -0.0413395 -0.040217542 -0.039971384 -0.048445957 -0.048340133 -0.044143779 -0.039947425
-0.054497311 -0.060666372 -0.054874011 -0.04908165 -0.043289288 -0.037496927 -0.031704566 -0.025527993 -0.018893684 -0.012259376 -0.0056250683 0.0010092398 0.0082594749 0.0092848538 0.010040266 0.010795678 0.01155109 0.012306502 0.0074420084 0.0069998238 0.0065576393 0.0061154547 0.0056732702 0.0050523295 -0.011532908 -0.028118145 -0.044703382 -0.06128862 -0.077873857 -0.068666541 -0.052793888 -0.036921236 -0.021048583 -0.0051759301 -0.00083897584 -0.017288304 -0.033737632 -0.05018696 -0.066636288 -0.080562754 -0.075594125 -0.068324611 -0.061055097 -0.053785583 -0.046516069 -0.044802395 -0.043680437 -0.042558479 -0.04143652 -0.040314562 -0.039848485 -0.035652132 -0.031455778
-0.054473223 -0.06562356 -0.059831198 -0.054038837 -0.048246476 -0.042454115 -0.03382018 -0.033242771 -0.030813136 -0.024178828 -0.01754452 -0.010910212 -0.0042759036 -0.0033251961 -0.002569784 -0.001814372 -0.00105896 0.0011379051 0.0038135769 0.0033713924 0.0029292078 0.0024870233 0.0020448387 0.0047253331 -0.0040880888 -0.020673326 -0.037258563 -0.053843801 -0.070429038 -0.064813521 -0.048940868 -0.033068215 -0.017195563 -0.0036625859 0.0030541565 -0.00025670849 -0.016706037 -0.033155365 -0.049604693 -0.0653469 -0.058077386 -0.050807872 -0.043538358 -0.036268844 -0.040777404 -0.040614485 -0.039492527 -0.038370569 -0.03724861 -0.033557579 -0.028760889 -0.024564535 -0.020368182
-0.058422515 -0.069572852 -0.063780491 -0.057988129 -0.052195768 -0.042345603 -0.030912961 -0.030335551 -0.037134731 -0.037601799 -0.030967491 -0.024333183 -0.017698875 -0.016748167 -0.015992755 -0.015237343 -0.01219558 -0.0070833435 -0.0044076716 -0.0048498562 -0.0052920408 -0.005517783 -0.0023067861 0.00078640781 -0.0066411039 -0.014076198 -0.030661436 -0.047246673 -0.06383191 -0.058216393 -0.042343741 -0.026471088 -0.01456363 -0.0094910637 -0.0027743213 0.0069050778 0.0075268419 -0.0089224862 -0.025371814 -0.041114022 -0.033844508 -0.026574994 -0.01930548 -0.025539477 -0.034381347 -0.034218429 -0.033096471 -0.031974512 -0.02764797 -0.021591998 -0.016795307 -0.012598954 -0.0084026
-0.062371807 -0.073522144 -0.067729783 -0.061937421 -0.050871025 -0.039438383 -0.028005741 -0.027428332 -0.034227511 -0.041026691 -0.044390462 -0.037756154 -0.031121846 -0.030171138 -0.029415726 -0.025529065 -0.020416828 -0.015304592 -0.01262892 -0.013071105 -0.012667705 -0.0094567083 -0.0062457115 -0.0031525175 -0.010580029 -0.018007541 -0.025435053 -0.040649545 -0.057234783 -0.051619266 -0.035746613 -0.025464674 -0.020392108 -0.015319542 -0.0086027991 0.0010766 0.010755999 0.015310392 -0.0011389357 -0.016881143 -0.0096116292 -0.0023421151 -0.01030155 -0.019143421 -0.027985291 -0.027822373 -0.026700414 -0.021738361 -0.015682389 -0.0096264159 -0.0048297254 -0.00063337183 -0.0048191074
-0.066321099 -0.077471436 -0.07082909 -0.059396448 -0.047963805 -0.036531163 -0.025098521 -0.024521112 -0.031320292 -0.038119471 -0.044918651 -0.051179125 -0.044544817 -0.04359411 -0.03886255 -0.033750313 -0.028638077 -0.023525841 -0.020850169 -0.019817627 -0.016606631 -0.013395634 -0.010184637 -0.0070914428 -0.014518955 -0.021946466 -0.029373978 -0.03680149 -0.050637655 -0.045022138 -0.036365717 -0.031293151 -0.026220585 -0.021148019 -0.014431277 -0.0047518778 0.0049275213 0.01460692 0.023093943 0.0073517352 0.013778247 0.0049363762 -0.0039054942 -0.012747365 -0.021589235 -0.021426316 -0.015828752 -0.0097727794 -0.0037168068 0.0023391658 0.0071358564 0.0018202706 -0.0072155497
-0.068470853 -0.079016676 -0.067584034 -0.056151392 -0.04471875 -0.033286107 -0.021853465 -0.021723902 -0.028523082 -0.035322261 -0.042121441 -0.048920621 -0.055719801 -0.050701288 -0.045589052 -0.040476815 -0.035364579 -0.030252343 -0.025974125 -0.022763129 -0.019552132 -0.016341135 -0.013130138 -0.011565234 -0.016979219 -0.024406731 -0.031834242 -0.039261754 -0.046689266 -0.045566895 -0.040494329 -0.035421763 -0.030349197 -0.02527663 -0.020562995 -0.010883596 -0.0012041972 0.0084752019 0.018154601 0.027281833 0.018439962 0.009598092 0.00075622164 -0.0080856488 -0.016687265 -0.012090506 -0.0060345332 2.1439433e-05 0.0060774121 0.012133385 0.008510135 -0.00052568532 -0.0095615057
-0.05704839 -0.067995148 -0.061294038 -0.050358357 -0.038925714 -0.027493072 -0.01606043 -0.017397443 -0.026555572 -0.033354752 -0.040153931 -0.046953111 -0.053752291 -0.046901634 -0.041042092 -0.035929856 -0.030817619 -0.025705383 -0.021427166 -0.018216169 -0.015005172 -0.011794175 -0.012315668 -0.021650307 -0.012402475 -0.015714853 -0.023142365 -0.030569876 -0.037997388 -0.036875017 -0.031802451 -0.026729885 -0.021657319 -0.016557172 -0.015250872 -0.019302373 -0.0096229742 5.6424856e-05 0.009735824 0.018863056 0.010021185 0.001179315 -0.0076625554 -0.015608171 -0.016597429 -0.016677604 -0.012616855 -0.0065608825 -0.00050490987 0.0055510627 0.0043305465 -0.0024908699 -0.01152669
-0.045625926 -0.056572684 -0.049871575 -0.043170465 -0.033132679 -0.021700037 -0.010267395 -0.011604408 -0.02161894 -0.031387242 -0.038186422 -0.044985602 -0.051784781 -0.044934125 -0.037614443 -0.031382896 -0.02627066 -0.021158423 -0.016880206 -0.013669209 -0.010458212 -0.012858029 -0.02240074 -0.031735379 -0.022487548 -0.013239717 -0.014450487 -0.021877998 -0.02930551 -0.028183139 -0.023110573 -0.018038007 -0.012932205 -0.0078147744 -0.0065084746 -0.012069488 -0.017630501 -0.0083623522 0.0013170469 0.010444279 0.0016024083 -0.0072394621 -0.014529078 -0.015518335 -0.016507593 -0.016587768 -0.016571122 -0.013143204 -0.0070872318 -0.0010312592 -0.0022517754 -0.006941209 -0.013491875
