P2_models/J1_p2_vp_slide_diff2_100.dat.tif
NCOLS 118
NROWS 92
XLLCORNER 139.62
YLLCORNER -39.07
DX 0.099491525
DY 0.099347826
NODATA_VALUE -9999
[rows 24 to 47 of 92, columns 0 to 53 of 118]
-9999 0.11275276 0.1196865 0.12662025 0.13355399 0.14048774 0.14742148 0.15068607 0.14818345 0.14568083 0.14317821 0.14067559 0.13817297 0.13564564 0.13306881 0.13049197 0.12791514 0.12533831 0.12276148 0.12000033 0.11458136 0.10916239 0.10374342 0.098324443 0.092905472 0.08763905 0.082781503 0.077923956 0.073066409 0.068208861 0.063351314 0.060068067 0.061850483 0.063632899 0.065415315 0.067197731 0.068980146 0.068514033 0.067878659 0.067243286 0.066607912 0.065972539 0.065337165 0.064430982 0.063330117 0.062229252 0.061128387 0.060027522 0.059354138 0.05307374 0.045916213 0.038758686 0.031601159 0.024443632
-9999 0.11009274 0.11702649 0.12396023 0.13089398 0.13782772 0.14636727 0.15371776 0.15556312 0.1530605 0.15055788 0.14805526 0.14555264 0.14240705 0.13846268 0.13588585 0.13330902 0.13073219 0.12815536 0.12471911 0.11930014 0.11388117 0.10846219 0.10304322 0.097413456 0.08723281 0.069556135 0.064698588 0.059841041 0.054983494 0.050125946 0.047536393 0.049318809 0.051101225 0.052883641 0.054666057 0.054653773 0.056193834 0.060147735 0.059512361 0.058876988 0.058241615 0.057606241 0.054690661 0.052089157 0.050988292 0.049887427 0.048786562 0.047685697 0.052444401 0.047171596 0.040014069 0.032856542 0.025699015
-9999 0.10614525 0.113079 0.12001274 0.12694648 0.13634745 0.14619141 0.1535419 0.15801461 0.16192465 0.15942203 0.15691941 0.15441679 0.1512712 0.14683802 0.14240485 0.13980679 0.13722996 0.13465313 0.13121688 0.12579791 0.12037894 0.11495996 0.10916058 0.10312426 0.092943619 0.07165513 0.050366642 0.044955566 0.040098019 0.035240471 0.032650918 0.034433334 0.03621575 0.037998166 0.037003903 0.034912726 0.036452787 0.043187848 0.048853608 0.048218235 0.047582861 0.046947488 0.044031907 0.039477116 0.036146783 0.035045918 0.033945053 0.032844188 0.037602892 0.043374289 0.040554986 0.033397459 0.026239932
-9999 0.10219776 0.10913151 0.11648368 0.12632763 0.13617159 0.14601554 0.15336603 0.15783874 0.16231146 0.16678417 0.16578356 0.16328094 0.16013535 0.15570218 0.151269 0.14683582 0.14372773 0.1411509 0.13771465 0.13229568 0.12687671 0.12090771 0.11487139 0.10883507 0.098654428 0.077365939 0.056077451 0.034788963 0.025212544 0.020354996 0.017765443 0.019547859 0.021330275 0.019354032 0.017262855 0.015171678 0.016711739 0.023446801 0.030181863 0.036916924 0.036924108 0.036288734 0.033373154 0.028818362 0.02426357 0.02020441 0.019103545 0.01800268 0.022761384 0.028532781 0.034304178 0.033938377 0.02678085
-9999 0.098250271 0.10646386 0.11630782 0.12615177 0.13599572 0.14583967 0.15319016 0.15766288 0.16213559 0.16660831 0.17108102 0.17214509 0.1689995 0.16456633 0.16013315 0.15569997 0.1512668 0.14764867 0.14421242 0.13869115 0.13265483 0.12661852 0.1205822 0.11454588 0.10436524 0.083076748 0.06178826 0.040499772 0.019211283 0.0054695213 0.0028799683 0.0037953391 0.0017041621 -0.00038701482 -0.0024781918 -0.0045693687 -0.0030293078 0.0037057538 0.010440815 0.017175877 0.023910939 0.025629981 0.0227144 0.018159609 0.013604817 0.0090500249 0.004495233 0.0031611718 0.0079198758 0.013691273 0.019462669 0.025234066 0.027321767
-9999 0.095255952 0.1050999 0.11494386 0.12478781 0.13463176 0.14447571 0.15229714 0.15676986 0.16124257 0.16571529 0.170188 0.17466072 0.17585439 0.17142122 0.16698804 0.16255486 0.15812169 0.15368851 0.14877057 0.14273425 0.13669794 0.13066162 0.1246253 0.11858899 0.10912465 0.087836159 0.066547671 0.045259182 0.023970694 0.0026822057 -0.012049109 -0.014140286 -0.016231463 -0.01832264 -0.020413817 -0.022504994 -0.020730048 -0.013994987 -0.007259925 -0.00052486338 0.0062101983 0.01294526 0.013435854 0.0088810626 0.0043262707 -0.00022852114 -0.004783313 -0.0093381048 -0.0051654357 0.00060596107 0.0063773579 0.012148755 0.017920151
-9999 0.08411124 0.093955192 0.10379914 0.1136431 0.12348705 0.1314855 0.14024676 0.14997299 0.1544457 0.15891842 0.16339113 0.16786385 0.16861563 0.16191604 0.15730205 0.15286887 0.1484357 0.14400252 0.13908458 0.13304826 0.12701195 0.12097563 0.11493931 0.10313175 0.09057433 0.083135231 0.063474864 0.042186375 0.020897887 -0.00039060147 -0.015121916 -0.017213093 -0.01930427 -0.021395447 -0.023486624 -0.020818455 -0.017543436 -0.014899263 -0.0081642016 -0.00142914 0.0053059217 0.012040983 0.013643385 0.01096483 0.0064100385 0.0018552467 -0.0026995452 -0.007254337 -0.0035144937 0.0019782293 0.0077496261 0.013521023 0.01929242
-9999 0.072966527 0.08281048 0.092654432 0.10209552 0.10989027 0.11768503 0.12644629 0.13632302 0.14619976 0.15212154 0.15659426 0.16106697 0.16181876 0.15511917 0.14841957 0.14318288 0.13874971 0.13431653 0.12939859 0.12336227 0.11732596 0.11128964 0.097165713 0.082698651 0.07014123 0.062702131 0.055263032 0.039113568 0.01782508 -0.0034634086 -0.018194723 -0.0202859 -0.022377077 -0.02414609 -0.020293238 -0.016440387 -0.013165367 -0.010717018 -0.0082686687 -0.0023334166 0.0044016451 0.011136707 0.012739109 0.010651707 0.0084938063 0.0039390145 -0.00061577737 -0.0051705692 -0.0014307259 0.0037426557 0.0091218944 0.014893291 0.020664688
-9999 0.061821815 0.071665768 0.080500296 0.088295049 0.096089803 0.10388456 0.11264582 0.12252255 0.13239929 0.14227602 0.14979739 0.1542701 0.15502189 0.14832229 0.1416227 0.13492311 0.12906372 0.12463054 0.1197126 0.11367628 0.10566674 0.091199676 0.076732613 0.062265551 0.04970813 0.042269031 0.034829932 0.027390832 0.014752273 -0.0065362157 -0.02126753 -0.023358707 -0.023620873 -0.019768021 -0.01591517 -0.012062318 -0.0087872987 -0.0063389494 -0.0038906002 -0.001442251 0.0034973685 0.01023243 0.011834832 0.0097474299 0.0076600279 0.0055726259 0.0014679904 -0.0030868014 0.0006530419 0.0058264236 0.010999805 0.016265559 0.022036956
-9999 0.050677103 0.058905073 0.066699826 0.07449458 0.082289333 0.090084086 0.098845347 0.10872208 0.11859882 0.12847555 0.13835229 0.14747323 0.14822502 0.14152542 0.13482583 0.12812624 0.12142664 0.11494455 0.11002661 0.099700702 0.085233639 0.070766576 0.056299513 0.041832451 0.02927503 0.021835931 0.014396832 0.0069577323 -0.0004813671 -0.0096090228 -0.024340338 -0.023095656 -0.019242804 -0.015389953 -0.011537101 -0.0076842498 -0.0044092302 -0.001960881 0.00048746823 0.0029358174 0.0053841666 0.0093281536 0.010930555 0.0088431533 0.0067557513 0.0046683493 0.0025809473 -0.0010030336 0.0027368097 0.0079101914 0.013083573 0.018256955 0.023430336
-9999 0.039908673 0.047703426 0.055498179 0.063292932 0.071087686 0.078882439 0.087781929 0.097772827 0.10764956 0.1175263 0.12740303 0.13727977 0.13665389 0.12758218 0.12088259 0.11418299 0.1074834 0.10078381 0.091735448 0.077268385 0.062801322 0.04833426 0.033867197 0.019400134 0.015703029 0.0085406526 0.0011015533 -0.0063375461 -0.013776646 -0.021215745 -0.024797883 -0.020945032 -0.01709218 -0.013239329 -0.0093864773 -0.0055336259 -0.00056909922 0.0023046615 0.0047530107 0.0072013599 0.0096497091 0.012098058 0.014229619 0.012142217 0.010054815 0.0079674133 0.0058800113 0.0037926093 0.0024182741 0.0075916557 0.012765037 0.017938419 0.023111801
-9999 0.0329932 0.040787953 0.048582707 0.05637746 0.063393462 0.068486286 0.077288639 0.090372264 0.10140274 0.11127948 0.12115622 0.13103295 0.13040707 0.10874909 0.095153013 0.088453419 0.081753826 0.075054232 0.066005873 0.05153881 0.037071747 0.022604684 0.0092762119 0.012109067 0.012505973 0.0063739224 -0.00042149212 -0.0078605915 -0.015299691 -0.02273879 -0.026320929 -0.022468077 -0.018615226 -0.014762374 -0.011291849 -0.0096161761 -0.0048805789 0.0042326733 0.0088329667 0.011281316 0.013729665 0.016178014 0.018879933 0.02176414 0.020286346 0.018198944 0.016111542 0.01402414 0.007948824 0.0033110603 0.0084844419 0.013657824 0.018831205
-9999 0.026077727 0.033872481 0.041667234 0.047807347 0.052900171 0.057992996 0.066795349 0.079878973 0.092962598 0.10503266 0.1149094 0.12478613 0.12416025 0.10250227 0.080844294 0.062723844 0.056024251 0.049324657 0.040276297 0.025809235 0.011342172 0.0032463003 0.0060791557 0.008912011 0.0093089167 0.0031768661 -0.0029551844 -0.0093836369 -0.016822736 -0.024261836 -0.027843974 -0.023991123 -0.020138271 -0.017279003 -0.015603329 -0.013927656 -0.0091920586 -7.8806386e-05 0.0090344458 0.015361272 0.017809621 0.02025797 0.022959889 0.025844096 0.028728303 0.028430474 0.026343072 0.02425567 0.018180354 0.011415819 0.0046512834 0.0093772281 0.01455061
-9999 0.019162255 0.026957008 0.032221232 0.037314057 0.042406881 0.047499706 0.056302058 0.069385683 0.082469308 0.095552933 0.10863656 0.11853931 0.11791343 0.096255454 0.074597476 0.052939497 0.031281519 0.023595082 0.014546722 7.9659634e-05 -0.0027836113 4.9244077e-05 0.0028820994 0.0057149548 0.0061118604 -2.0190118e-05 -0.0061522407 -0.012284291 -0.018416342 -0.025784881 -0.029367019 -0.025514168 -0.023266156 -0.021590482 -0.019914809 -0.018239135 -0.013503538 -0.0043902861 0.0047229661 0.013836218 0.021889577 0.024337926 0.027039845 0.029924052 0.032808259 0.035692466 0.036574602 0.0344872 0.028411884 0.021647349 0.014882814 0.0081182782 0.010270014
-9999 0.011542293 0.016635118 0.021727942 0.026820767 0.031913591 0.037006415 0.045808768 0.058892393 0.071976018 0.085059643 0.098143268 0.11122689 0.11166661 0.090008636 0.068350657 0.046692679 0.0250347 0.0033767216 -0.011182853 -0.0088135229 -0.0059806675 -0.0031478122 -0.00031495679 0.0025178986 0.0029148042 -0.0032172464 -0.0093492969 -0.015481347 -0.021613398 -0.027745449 -0.030928982 -0.029253309 -0.027577635 -0.025901962 -0.024226288 -0.022550615 -0.017815018 -0.0087017657 0.00041148645 0.0095247386 0.018637991 0.027751243 0.031119801 0.034004008 0.036888215 0.039772422 0.042656629 0.04471873 0.038643415 0.031878879 0.025114344 0.018349808 0.011585273
-9999 0.0051536203 0.010246445 0.015339269 0.020432093 0.025524918 0.027151616 0.031861099 0.044944724 0.058028349 0.071111974 0.084195599 0.09512977 0.095404159 0.079908968 0.058250989 0.036593011 0.014935032 -0.0067229464 -0.020975264 -0.018142409 -0.015309553 -0.012476698 -0.0096438424 -0.0042683649 0.00072640064 -0.012871654 -0.019003705 -0.025135756 -0.031267806 -0.037399857 -0.040865044 -0.039189371 -0.037513697 -0.035838024 -0.034162351 -0.028659515 -0.017810622 -0.0086973697 0.00041588248 0.0095291347 0.018642387 0.028217235 0.031007682 0.032083667 0.034967874 0.037852081 0.040736288 0.043620495 0.038277793 0.031513258 0.024748722 0.017984187 0.0099687155
-9999 0.00015318502 0.0052460094 0.010338834 0.015431658 0.014581958 0.012035628 0.016745111 0.029828736 0.042912361 0.055995986 0.064769938 0.071189751 0.071464141 0.059431968 0.046848234 0.025190256 0.0035322774 -0.018125701 -0.032378019 -0.029545163 -0.026712308 -0.023879453 -0.015365067 -0.0021544159 0.0028403496 -0.014185517 -0.030842078 -0.036974129 -0.043106179 -0.04923823 -0.052703417 -0.051027744 -0.049352071 -0.047676397 -0.039257513 -0.02719543 -0.016346537 -0.0072332851 0.0018799671 0.010993219 0.020796871 0.030793368 0.033583814 0.031193923 0.03101815 0.033902357 0.036786564 0.039670771 0.034328069 0.027563534 0.020798998 0.010746502 -0.0054647533
-9999 -0.0048472502 0.00024557416 0.0045586321 0.0020123014 -0.00053402924 -0.0030803599 0.0016291236 0.014712748 0.027796373 0.034410107 0.04082992 0.047249733 0.047524123 0.035491949 0.023459776 0.011427602 -0.0078704773 -0.029528456 -0.043780773 -0.040947918 -0.038115063 -0.026461768 -0.013251118 -4.0466987e-05 0.0049542986 -0.012071568 -0.029097435 -0.046123302 -0.054944553 -0.061076603 -0.064541791 -0.062866117 -0.061190444 -0.049855511 -0.037793428 -0.025731345 -0.014882453 -0.0057692005 0.0033800096 0.013376506 0.023373003 0.0333695 0.036159946 0.033770055 0.031380164 0.029952633 0.03283684 0.035721047 0.030378345 0.02361381 0.011524289 -0.0046869663 -0.020898222
-9999 -0.0098476855 -0.008011025 -0.010557356 -0.013103686 -0.015650017 -0.018196348 -0.013486864 -0.0023695378 0.0040502752 0.010470088 0.016889901 0.023309714 0.023584104 0.011551931 -0.00048024275 -0.012512416 -0.02454459 -0.040931211 -0.055183528 -0.05076912 -0.03755847 -0.024347819 -0.011137169 0.002073482 0.0070682475 -0.0099576192 -0.026983486 -0.044009353 -0.061035219 -0.072914977 -0.076380164 -0.072515592 -0.060453509 -0.048391426 -0.036329344 -0.024267261 -0.013418368 -0.0040403549 0.0059561419 0.015952639 0.025949135 0.035945632 0.038736079 0.036346188 0.033956296 0.031566405 0.029176514 0.031771323 0.026428621 0.012302076 -0.0039091794 -0.020120435 -0.036331691
-9999 -0.021128586 -0.023674917 -0.026221248 -0.028767578 -0.031313909 -0.03386024 -0.030386957 -0.023967144 -0.017547331 -0.011127518 -0.0047077051 0.0017121079 0.0037425944 -0.008289579 -0.020321752 -0.032353926 -0.044386099 -0.056418273 -0.060817395 -0.047606744 -0.034396094 -0.021185443 -0.0079747924 0.0052358581 0.010620515 -0.0064053512 -0.023431218 -0.040457085 -0.057482951 -0.074508818 -0.081599193 -0.06953711 -0.057475027 -0.045412944 -0.033350862 -0.021288779 -0.013621117 -0.0036246205 0.0063718763 0.016368373 0.02636487 0.036361367 0.039406866 0.037016975 0.034627084 0.032237193 0.029847302 0.02745741 0.014298621 -0.0019126348 -0.018123891 -0.034335146 -0.050546402
-9999 -0.040924803 -0.043471134 -0.046017465 -0.048563795 -0.051110126 -0.031659509 -0.022634769 -0.027898147 -0.021478334 -0.015058521 -0.0086387084 -0.0022188954 0.0019746621 0.0017100146 -0.0092520795 -0.021284253 -0.033316426 -0.0453486 -0.049747722 -0.036537071 -0.023326421 -0.01011577 0.0030948806 0.0081077302 0.0084988711 0.0061130981 -0.0090310676 -0.026056934 -0.043082801 -0.060108668 -0.067199042 -0.05513696 -0.043074877 -0.031012794 -0.018950711 -0.005396873 -0.0039809983 -0.019502728 -0.0095062315 0.00049026533 0.010486762 0.020483259 0.024320343 0.023317544 0.020927653 0.018537762 0.01614787 0.013757979 0.0058015085 -0.0069354072 -0.023146663 -0.039357919 -0.055569174
-9999 -0.06072102 -0.063267351 -0.065813682 -0.063344292 -0.041769637 -0.020194981 -0.011170241 -0.016629716 -0.022089191 -0.018989525 -0.012569712 -0.0061498986 -0.0019563412 -0.0022209886 -0.0024856361 -0.01021458 -0.022246753 -0.034278927 -0.038678049 -0.025467398 -0.012256748 0.00095390299 0.0027292287 0.0041564346 0.0045475756 0.0021618025 -0.00022397056 -0.011656784 -0.028682651 -0.045708517 -0.052798892 -0.040736809 -0.028674727 -0.016492866 -0.0025928879 0.01130709 0.012722965 -0.0037214406 -0.020165846 -0.015387842 -0.0053913457 0.0046051511 0.0084422348 0.0078513947 0.0072282217 0.0048383305 0.0024484393 5.8548175e-05 -0.0078979226 -0.016816449 -0.028169435 -0.044380691 -0.060591947
-9999 -0.080517237 -0.083063568 -0.07345442 -0.051879765 -0.030305109 -0.0087304532 0.00029428654 -0.0051651886 -0.010624664 -0.016084139 -0.016500715 -0.010080902 -0.0058873444 -0.0061519919 -0.0064166393 -0.0066812868 -0.01117708 -0.023209254 -0.027608376 -0.014397725 -0.0040764787 -0.0026492728 -0.0012220669 0.00020513905 0.00059627999 -0.0017894931 -0.0041752661 -0.0065610392 -0.0142825 -0.031308367 -0.038398742 -0.026336659 -0.013688881 0.00021109719 0.014111075 0.028011053 0.029426928 0.012982522 -0.0034618829 -0.019906288 -0.021269453 -0.011272957 -0.007435873 -0.008026713 -0.0086175531 -0.0092083931 -0.011250992 -0.013640883 -0.021597354 -0.030515881 -0.039434408 -0.049403464 -0.065614719
-9999 -0.10031345 -0.083564548 -0.061989893 -0.040415237 -0.018840581 0.0027340745 0.011758814 0.0062993392 0.00083986403 -0.0046196111 -0.010079086 -0.014011905 -0.0098183477 -0.010082995 -0.010347643 -0.01061229 -0.010876937 -0.012139581 -0.016538703 -0.0094549802 -0.0080277743 -0.0066005684 -0.0051733624 -0.0037461565 -0.0033550156 -0.0057407886 -0.0081265617 -0.010512335 -0.012898108 -0.016908217 -0.023998591 -0.010884896 0.0030150823 0.01691506 0.030815038 0.044715016 0.046130891 0.029686485 0.01324208 -0.0032023253 -0.019646731 -0.027151064 -0.023313981 -0.023904821 -0.024495661 -0.025086501 -0.025677341 -0.027340314 -0.035296785 -0.044215312 -0.053133839 -0.062052366 -0.070970892
