P2_models/J1_p2_tot_conduct_slide_257.29.dat.tif
NCOLS 118
NROWS 92
XLLCORNER 139.62
YLLCORNER -39.07
DX 0.099491525
DY 0.099347826
NODATA_VALUE -9999
[rows 52 to 77 of 92, columns 0 to 57 of 118]
-1.8798007 -1.9271011 -1.9469994 -1.9266558 -1.8745412 -1.8235505 -1.7738047 -1.7217092 -1.6648569 -1.6210676 -1.6011692 -1.5725419 -1.5327453 -1.5062029 -1.5062029 -1.512334 -1.5372069 -1.5766813 -1.6513 -1.7270286 -1.8115964 -1.9043804 -2.0138211 -2.1106388 -2.1753083 -2.2374189 -2.2821901 -2.3093471 -2.2794996 -2.2629981 -2.2787073 -2.2907499 -2.2957245 -2.3225558 -2.3906289 -2.43 -2.43 -2.4309493 -2.4309493 -2.3705255 -2.2500884 -2.1980044 -2.1930298 -2.1848565 -2.1743837 -2.1955835 -2.2322383 -2.2130055 -2.1763507 -2.1263016 -2.0732872 -2.0058118 -1.937031 -1.8762306 -1.81989 -1.7832353 -1.7590507 -1.7590507
-1.9174121 -1.9608014 -1.9783422 -1.9561001 -1.9011561 -1.8500356 -1.803249 -1.7524036 -1.6986712 -1.6583988 -1.6456221 -1.6188933 -1.5810982 -1.5595304 -1.5631929 -1.5728285 -1.6014148 -1.6402834 -1.7111379 -1.7872607 -1.8680135 -1.9598482 -2.0640471 -2.1473437 -2.2041797 -2.260739 -2.297575 -2.3202318 -2.2823475 -2.2626316 -2.2743373 -2.2863799 -2.2913544 -2.3172365 -2.3853096 -2.4246807 -2.4246807 -2.4225264 -2.4193614 -2.3615648 -2.2438199 -2.1917358 -2.1867612 -2.1785879 -2.1681151 -2.1857958 -2.2206504 -2.2054096 -2.1700821 -2.1244978 -2.0729884 -2.0156869 -1.9486188 -1.8878184 -1.8312541 -1.7904531 -1.7620276 -1.7546807
-1.9683225 -2.0149725 -2.0298963 -2.0028182 -1.9459659 -1.9013672 -1.856596 -1.8051549 -1.7530403 -1.6930048 -1.6830556 -1.6645683 -1.6297463 -1.6130698 -1.6180444 -1.6342605 -1.664157 -1.7033349 -1.7728283 -1.8394639 -1.9185523 -2.0025057 -2.0970227 -2.1840359 -2.2383005 -2.2849106 -2.3191752 -2.3240777 -2.2816444 -2.2531636 -2.2633218 -2.2702861 -2.2752607 -2.3011427 -2.3692159 -2.4004348 -2.4004348 -2.3982805 -2.3930441 -2.350573 -2.2353722 -2.1854246 -2.1804501 -2.1722768 -2.161804 -2.1827455 -2.2141639 -2.1976786 -2.1662602 -2.123078 -2.0759504 -2.0222086 -1.964502 -1.9037016 -1.8471373 -1.8052461 -1.7487735 -1.7383007
-2.0605356 -2.11036 -2.1352329 -2.1149453 -2.0865192 -2.0456178 -1.9908975 -1.9364809 -1.8748909 -1.8104296 -1.7308364 -1.6910611 -1.6661107 -1.6528353 -1.6627845 -1.6806228 -1.7204194 -1.7629436 -1.8226385 -1.8858262 -1.9455211 -2.0223753 -2.1356186 -2.2303982 -2.2751694 -2.3180266 -2.3428995 -2.3439473 -2.2643541 -2.2200477 -2.2252841 -2.2304783 -2.2304783 -2.2547804 -2.3019532 -2.3271127 -2.3221381 -2.3188022 -2.3135658 -2.2820582 -2.2244579 -2.1788015 -2.1738269 -2.1656536 -2.1551808 -2.1798998 -2.2207871 -2.2043018 -2.1728834 -2.1325355 -2.0891968 -2.0420692 -1.9909947 -1.9301943 -1.87363 -1.8317388 -1.775035 -1.6860163
-2.1090066 -2.1640702 -2.1889431 -2.1826265 -2.1565872 -2.1181758 -2.0678786 -2.0196984 -1.9634633 -1.8955093 -1.8159161 -1.7551068 -1.7317929 -1.7218353 -1.7317845 -1.7497633 -1.786289 -1.8323059 -1.8891879 -1.9419422 -1.9975702 -2.0626888 -2.1757993 -2.2670069 -2.3080163 -2.3338087 -2.3516314 -2.3491864 -2.268441 -2.206439 -2.2116754 -2.2151232 -2.2135726 -2.2258619 -2.2692929 -2.2883953 -2.2834207 -2.2783384 -2.2708345 -2.2367176 -2.1818576 -2.1575478 -2.1525733 -2.1444 -2.1339272 -2.1586462 -2.2005374 -2.1865409 -2.1633329 -2.1245283 -2.091793 -2.045562 -2.002857 -1.9426444 -1.8903691 -1.8471917 -1.7868973 -1.6961195
-2.141912 -2.2038093 -2.2286822 -2.225138 -2.2014496 -2.1722585 -2.1274873 -2.0823071 -2.0301925 -1.9683644 -1.8887712 -1.8296695 -1.8097712 -1.8013136 -1.8112627 -1.8262415 -1.8610636 -1.8960508 -1.9457966 -1.9895381 -2.0343093 -2.0979746 -2.2074153 -2.2901102 -2.3197627 -2.3428517 -2.3574788 -2.3463856 -2.2618178 -2.1971842 -2.2020522 -2.2023008 -2.1973263 -2.2061454 -2.2428002 -2.2559025 -2.250928 -2.2436913 -2.2332186 -2.2032288 -2.1508649 -2.1265551 -2.1215805 -2.1164072 -2.1059344 -2.1306534 -2.1725446 -2.1680321 -2.1470865 -2.1202114 -2.088793 -2.0489996 -2.0070311 -1.9543908 -1.9021155 -1.8553149 -1.7903747 -1.6961195
-2.1683247 -2.2332258 -2.2680478 -2.2657727 -2.246822 -2.2203411 -2.1855191 -2.1433145 -2.1006753 -2.0412195 -1.9616263 -1.9025246 -1.8874317 -1.8807918 -1.890741 -1.9055079 -1.9303808 -1.9621175 -1.9969395 -2.0358877 -2.0657352 -2.1244673 -2.2293569 -2.3099797 -2.329878 -2.3494749 -2.3544495 -2.3397624 -2.2551946 -2.190561 -2.1853246 -2.1822321 -2.172283 -2.1796527 -2.2061181 -2.2149685 -2.2000448 -2.1907058 -2.180233 -2.1513704 -2.1042429 -2.0801928 -2.0752182 -2.0731377 -2.0728185 -2.0975375 -2.1394287 -2.1374081 -2.1205938 -2.0996482 -2.0755467 -2.0391907 -2.0004079 -1.9561894 -1.9087387 -1.8668475 -1.8033293 -1.6986014
-2.2005565 -2.2721732 -2.3087797 -2.312135 -2.2864149 -2.2595448 -2.2318814 -2.1978292 -2.160284 -2.0975479 -2.0060031 -1.948609 -1.9351139 -1.9317918 -1.941741 -1.9597198 -1.9908736 -2.0157464 -2.0441859 -2.0759994 -2.1026048 -2.1542531 -2.2387553 -2.254446 -2.2643128 -2.2788043 -2.2803842 -2.2905622 -2.2817961 -2.2158467 -2.2071797 -2.1952361 -2.1761453 -2.178168 -2.2163748 -2.2380352 -2.2125158 -2.1929603 -2.1747113 -2.1143233 -2.0417646 -2.0225362 -2.0193631 -2.020329 -2.022029 -2.0431441 -2.0825808 -2.0885443 -2.0743439 -2.0630995 -2.0427171 -2.0022125 -1.9656737 -1.9305807 -1.8880567 -1.8497388 -1.8144311 -1.7593116
-2.2271499 -2.306434 -2.3462307 -2.3460715 -2.3129076 -2.2874071 -2.2675088 -2.245561 -2.2123972 -2.155787 -2.0562955 -1.9861717 -1.9762225 -1.9729005 -1.9828497 -1.9980894 -2.0329114 -2.0646232 -2.0894961 -2.1129994 -2.1378723 -2.1585527 -2.178451 -2.1927721 -2.1977467 -2.1986483 -2.1986304 -2.2051347 -2.2300076 -2.2446293 -2.2341565 -2.2146564 -2.1897835 -2.1912337 -2.2540705 -2.2634048 -2.2285827 -2.1945762 -2.1683942 -2.0988088 -1.9888445 -1.9521957 -1.9521957 -1.9607203 -1.9659567 -1.988789 -2.0203325 -2.0250515 -2.0216089 -2.0142226 -2.0048206 -1.9650213 -1.9275287 -1.8943649 -1.8617886 -1.8251338 -1.7961557 -1.7752101
-2.2403963 -2.3215897 -2.3713354 -2.3733294 -2.3449032 -2.320876 -2.3059523 -2.2869598 -2.2632713 -2.2087725 -2.1045552 -2.032534 -2.0225849 -2.0192628 -2.0245879 -2.0375921 -2.0674396 -2.0977392 -2.1180897 -2.1394922 -2.1554219 -2.1717991 -2.1872767 -2.1993953 -2.2 -2.1986483 -2.1936737 -2.1985115 -2.2191162 -2.2313829 -2.2072753 -2.1815405 -2.1473346 -2.1448714 -2.1630303 -2.1572533 -2.1124821 -2.0752117 -2.0437933 -1.9766874 -1.8981415 -1.8679695 -1.8779187 -1.8912189 -1.906348 -1.9306922 -1.967347 -1.9780202 -1.988493 -1.9835642 -1.9783278 -1.9473195 -1.9209056 -1.8914454 -1.8617886 -1.8339382 -1.8094021 -1.7884565
-2.2432762 -2.3401583 -2.3932122 -2.3972134 -2.3709133 -2.3537434 -2.3410755 -2.3242823 -2.3030104 -2.2472507 -2.1370697 -2.0650485 -2.0563975 -2.0547365 -2.0597111 -2.0711094 -2.0979468 -2.1215739 -2.1353505 -2.1522404 -2.1640524 -2.1789761 -2.1928559 -2.2 -2.2 -2.1986483 -2.1936737 -2.1926017 -2.2058698 -2.2115576 -2.1787753 -2.1428456 -2.0963564 -2.0782776 -2.0860498 -2.0548233 -2.0024966 -1.9610646 -1.9271847 -1.8852578 -1.816656 -1.7934434 -1.8050636 -1.8244566 -1.8433049 -1.87661 -1.9143615 -1.9390403 -1.9507611 -1.9612339 -1.956451 -1.9406963 -1.9148332 -1.8960613 -1.8710968 -1.8518005 -1.8305561 -1.8155507
-2.22804 -2.3306728 -2.3903677 -2.3975511 -2.3738626 -2.3566927 -2.3467436 -2.336333 -2.3173823 -2.2646855 -2.1502703 -2.1056402 -2.1006656 -2.0977655 -2.1027401 -2.1091818 -2.1340547 -2.1542623 -2.1642115 -2.1741606 -2.1841098 -2.194059 -2.2040081 -2.2346957 -2.2346957 -2.2283874 -2.2234129 -2.2223408 -2.23229 -2.2119416 -2.1752869 -2.127505 -2.0727846 -2.027769 -2.0172962 -1.9650044 -1.9053095 -1.8550936 -1.8184389 -1.7739027 -1.7215388 -1.7065304 -1.7214541 -1.7416885 -1.7678704 -1.80461 -1.8465011 -1.8699461 -1.8913592 -1.9041469 -1.9146197 -1.9004047 -1.9069709 -1.890389 -1.87772 -1.8620108 -1.8504257 -1.8399529
-2.1485618 -2.248722 -2.2934932 -2.2982032 -2.2745148 -2.2575674 -2.2525928 -2.2455288 -2.2360534 -2.1852073 -2.1902716 -2.1983648 -2.1888457 -2.1838669 -2.1843478 -2.1875597 -2.1975088 -2.213871 -2.2238202 -2.2337693 -2.2437185 -2.2536676 -2.3451322 -2.4201449 -2.4159055 -2.4068758 -2.3869775 -2.3812973 -2.3291804 -2.2715503 -2.2172376 -2.1606209 -2.0877564 -2.0343922 -1.9417453 -1.8590334 -1.7993385 -1.7491226 -1.7124678 -1.6669528 -1.6041161 -1.5865058 -1.5964549 -1.6158479 -1.6420299 -1.6760064 -1.7074248 -1.7327135 -1.7588955 -1.7716832 -1.7821559 -1.8183387 -1.8937245 -1.8878623 -1.8843431 -1.8771775 -1.8702953 -1.8930344
-2.141465 -2.2256278 -2.270399 -2.275109 -2.249425 -2.2344855 -2.2316363 -2.2245723 -2.2150969 -2.2160049 -2.2336557 -2.2400413 -2.2300921 -2.2217997 -2.218971 -2.2221829 -2.232132 -2.2405261 -2.2475448 -2.2559897 -2.2629576 -2.3005212 -2.4059008 -2.483083 -2.4781084 -2.4690787 -2.4491804 -2.4162736 -2.3484195 -2.2842105 -2.2234405 -2.1600272 -2.0854086 -2.0025484 -1.9015999 -1.813762 -1.7516791 -1.6993089 -1.6603229 -1.6105325 -1.5476958 -1.5308927 -1.5423825 -1.5617754 -1.5879574 -1.6176586 -1.6490769 -1.6804953 -1.7071708 -1.728888 -1.7394023 -1.8230344 -1.8993382 -1.907942 -1.9091151 -1.9105036 -1.9200799 -1.9547808
-2.1527945 -2.2377655 -2.2825367 -2.2844743 -2.2560482 -2.2411087 -2.2411087 -2.2378187 -2.2283433 -2.2281426 -2.2480409 -2.2576934 -2.2477443 -2.2394519 -2.2344773 -2.2343206 -2.2442697 -2.2526638 -2.2576384 -2.2626129 -2.2675875 -2.3030833 -2.4125239 -2.4897062 -2.4847316 -2.4757019 -2.4558036 -2.4240055 -2.3543615 -2.2875366 -2.2246999 -2.1589475 -2.0843289 -1.9997336 -1.8950057 -1.8071678 -1.7424983 -1.6860915 -1.6442003 -1.590692 -1.5278552 -1.5088347 -1.5237585 -1.5463406 -1.5725226 -1.6022238 -1.6336421 -1.6650605 -1.6964789 -1.7200764 -1.741022 -1.8283732 -1.9151692 -1.928074 -1.9389339 -1.9441703 -1.9631451 -2.0050362
-2.1660408 -2.2491587 -2.2891599 -2.2910975 -2.2626714 -2.2477319 -2.2477319 -2.2455325 -2.2407948 -2.2407392 -2.2556629 -2.2643166 -2.2543675 -2.2460751 -2.2411005 -2.2409437 -2.2508929 -2.259287 -2.2642615 -2.2692361 -2.2742107 -2.3097065 -2.4191471 -2.4963293 -2.4913548 -2.4823251 -2.4624268 -2.4308209 -2.3661514 -2.3009901 -2.2433897 -2.1794075 -2.1097634 -2.0262264 -1.9214985 -1.8336606 -1.7689911 -1.7115386 -1.664411 -1.6090431 -1.5411016 -1.5184087 -1.5237585 -1.5482783 -1.5791458 -1.608847 -1.6402653 -1.6716837 -1.7031021 -1.7300557 -1.7542684 -1.8492773 -1.941662 -1.9637712 -1.9787374 -1.9892102 -2.0105817 -2.0629457
-2.1787659 -2.25805 -2.2955551 -2.2933656 -2.3115685 -2.3588768 -2.357187 -2.350123 -2.3432296 -2.3454421 -2.326634 -2.2317442 -2.221795 -2.2135026 -2.2095145 -2.220756 -2.2444509 -2.2528449 -2.2578195 -2.2627941 -2.2677687 -2.3032644 -2.3962613 -2.3984308 -2.3941884 -2.391485 -2.3775935 -2.3459875 -2.28384 -2.2358452 -2.1827811 -2.1383061 -2.0748348 -2.0135235 -1.9233873 -1.8688635 -1.8070482 -1.7554516 -1.7083241 -1.650688 -1.6003636 -1.5926261 -1.5976007 -1.6179595 -1.6493779 -1.6807962 -1.709104 -1.7392779 -1.7778632 -1.80636 -1.8365983 -1.9322049 -1.985575 -2.0077503 -2.0315418 -2.0427791 -2.0700092 -2.144645
-2.1930962 -2.2617113 -2.2965333 -2.3636538 -2.4536699 -2.4986181 -2.4936435 -2.4865796 -2.4771042 -2.421741 -2.2824528 -2.187563 -2.1776139 -2.17 -2.17 -2.1812415 -2.2160636 -2.2415551 -2.2465297 -2.2515042 -2.2564788 -2.2614534 -2.266428 -2.2709783 -2.2709783 -2.2692531 -2.259304 -2.2402489 -2.1954777 -2.1560183 -2.1245999 -2.0922763 -2.0524797 -2.010254 -1.9631265 -1.9176888 -1.8629685 -1.8123502 -1.7652226 -1.7286035 -1.7024216 -1.6937058 -1.6986804 -1.7170827 -1.748501 -1.7744437 -1.8006257 -1.8378053 -1.8796965 -1.9126581 -1.9440765 -1.9903076 -2.036604 -2.0634459 -2.0893887 -2.1050979 -2.1648882 -2.3115073
-2.2129658 -2.2776137 -2.3031565 -2.370277 -2.4602931 -2.5052413 -2.5002667 -2.4932027 -2.4837274 -2.4283642 -2.289076 -2.1941862 -2.184237 -2.1759447 -2.1709701 -2.1812415 -2.2160636 -2.2415551 -2.2465297 -2.2515042 -2.2564788 -2.2614534 -2.2704574 -2.2776014 -2.2776014 -2.2762498 -2.2712752 -2.2534953 -2.2087241 -2.1699397 -2.1489942 -2.1202109 -2.0903634 -2.0499932 -2.0211572 -1.9850399 -1.9352942 -1.8863813 -1.8444902 -1.8080818 -1.7818998 -1.7712174 -1.7715354 -1.7858015 -1.8081097 -1.8289706 -1.846988 -1.8811539 -1.9194356 -1.9523973 -1.9838157 -2.0300467 -2.0763432 -2.0984524 -2.1226995 -2.1436451 -2.2066301 -2.3689584
-2.2368817 -2.2909003 -2.3142086 -2.3772019 -2.4672181 -2.5145264 -2.511718 -2.5024547 -2.4906523 -2.4352891 -2.296001 -2.2011111 -2.191162 -2.1828696 -2.177895 -2.1857679 -2.22059 -2.2460815 -2.2510561 -2.2560306 -2.2610052 -2.2674332 -2.2773823 -2.2845264 -2.2845264 -2.2845264 -2.2827265 -2.268646 -2.2271004 -2.1896318 -2.1718968 -2.151309 -2.127116 -2.0984831 -2.0767947 -2.0560554 -2.0135964 -1.9713908 -1.9342438 -1.8976069 -1.8695256 -1.8558983 -1.8543168 -1.8604095 -1.8783951 -1.8887832 -1.9024779 -1.926171 -1.961757 -1.9894822 -2.0208389 -2.06707 -2.1131828 -2.1309493 -2.1516248 -2.169217 -2.241184 -2.4150345
-2.2513553 -2.2957895 -2.3156878 -2.3751031 -2.4651192 -2.4730507 -2.4730507 -2.4694816 -2.4552686 -2.3968424 -2.2575543 -2.2217297 -2.2117805 -2.2034881 -2.1985136 -2.1791256 -2.2139476 -2.2394391 -2.2444137 -2.2493883 -2.2543629 -2.2607908 -2.27074 -2.2778841 -2.2778841 -2.2778841 -2.2778841 -2.2674773 -2.2276807 -2.2075671 -2.1918579 -2.1777469 -2.1578486 -2.1441023 -2.1336296 -2.1144048 -2.0795827 -2.04919 -2.0177716 -1.9863532 -1.9549349 -1.9422 -1.9372254 -1.9382087 -1.9486815 -1.9556351 -1.9597912 -1.9760178 -2.0007141 -2.0253528 -2.0491035 -2.094438 -2.1541813 -2.1707632 -2.1871496 -2.2028588 -2.2712353 -2.4545091
-2.2251353 -2.2681972 -2.2831209 -2.3183251 -2.2851613 -2.2677319 -2.2677319 -2.2655325 -2.2607948 -2.20477 -2.2554404 -2.2879616 -2.2780124 -2.26972 -2.2599764 -2.2371798 -2.187434 -2.1864536 -2.1914282 -2.1964028 -2.2013774 -2.2078053 -2.2177545 -2.2248986 -2.2248986 -2.2248986 -2.2248986 -2.2144918 -2.2144131 -2.2141903 -2.2078609 -2.1976164 -2.1873409 -2.1772183 -2.1718546 -2.1546142 -2.1297413 -2.1021755 -2.0707571 -2.0408683 -2.0199228 -2.0084319 -2.0034573 -2.0013768 -2.001667 -2.0019932 -1.986284 -1.9982513 -2.0139605 -2.0333943 -2.0491035 -2.1221151 -2.21379 -2.2303719 -2.2467583 -2.2624675 -2.3308439 -2.3183406
-2.2317584 -2.2606846 -2.2738093 -2.2605932 -2.2297003 -2.2124007 -2.21 -2.21 -2.2078238 -2.2241041 -2.2788244 -2.3113456 -2.3013965 -2.2914473 -2.2814982 -2.2587015 -2.2089558 -2.176316 -2.1812905 -2.1862651 -2.1912397 -2.1976676 -2.206428 -2.2114025 -2.2147609 -2.2147609 -2.2147609 -2.2173626 -2.2257972 -2.2282059 -2.2229696 -2.2178226 -2.2109352 -2.2025476 -2.1990435 -2.1906536 -2.1684442 -2.1473414 -2.1237426 -2.0975785 -2.0766329 -2.0621971 -2.0554066 -2.0502797 -2.0485652 -2.0274501 -2.0080159 -2.0162585 -2.0319677 -2.0432121 -2.0586252 -2.1436369 -2.2353117 -2.2518936 -2.267107 -2.2792284 -2.2834166 -2.262471
-2.2423142 -2.2659237 -2.2758729 -2.2633656 -2.2349395 -2.2191227 -2.2141482 -2.21 -2.21 -2.2308261 -2.2855465 -2.3180677 -2.3081185 -2.2996523 -2.2897031 -2.2654236 -2.2156778 -2.183038 -2.1880126 -2.1929872 -2.1979617 -2.2029363 -2.2079109 -2.2128855 -2.21786 -2.2214829 -2.2214829 -2.2240846 -2.2340338 -2.2401671 -2.2349307 -2.2297838 -2.2248092 -2.2214829 -2.2214829 -2.2175418 -2.1976435 -2.1794687 -2.1637595 -2.1454232 -2.1244776 -2.1085589 -2.0986098 -2.0914024 -2.086166 -2.0618508 -2.0304324 -2.0319759 -2.0476851 -2.0589295 -2.0694023 -2.1539384 -2.2405508 -2.2571328 -2.2723461 -2.2828189 -2.2834166 -2.262471
-2.2499066 -2.2715411 -2.2765156 -2.2633656 -2.2349395 -2.22 -2.22 -2.2163798 -2.2116421 -2.2311017 -2.2907966 -2.3251639 -2.3152148 -2.3069224 -2.3019478 -2.2794931 -2.2247728 -2.1901343 -2.1951089 -2.2000834 -2.205058 -2.2100326 -2.2150072 -2.2199817 -2.2249563 -2.2285792 -2.2285792 -2.2311809 -2.24113 -2.2472634 -2.242027 -2.23688 -2.2319055 -2.2288934 -2.2341298 -2.2329635 -2.2230143 -2.2078538 -2.1921446 -2.1738083 -2.1528627 -2.135482 -2.1205583 -2.1126912 -2.1074548 -2.0811033 -2.0446249 -2.0411504 -2.0476851 -2.0589295 -2.0694023 -2.1539384 -2.2405508 -2.2571328 -2.2723461 -2.2828189 -2.2834166 -2.262471
-2.242154 -2.2653295 -2.2726393 -2.2580685 -2.2857862 -2.3182848 -2.3153478 -2.3131485 -2.3084108 -2.2983139 -2.3013908 -2.3371789 -2.3292091 -2.3242345 -2.3192599 -2.322315 -2.3229622 -2.2869029 -2.2918775 -2.2968521 -2.3018266 -2.3068012 -2.3152259 -2.3273446 -2.3323191 -2.335942 -2.335942 -2.3606581 -2.4385436 -2.444677 -2.4394406 -2.4325944 -2.4240219 -2.4224307 -2.4049816 -2.3693348 -2.3529864 -2.3363588 -2.3143641 -2.2461125 -2.1744372 -2.1570566 -2.1421328 -2.1328449 -2.1276085 -2.0836612 -2.0381168 -2.0294058 -2.0333371 -2.0430382 -2.053511 -2.1232345 -2.2085846 -2.2200531 -2.2352664 -2.2457392 -2.2644413 -2.2836594
