P2_models/J1_p2_vp_slide_diff2_200.dat.tif
NCOLS 118
NROWS 92
XLLCORNER 139.62
YLLCORNER -39.07
DX 0.099491525
DY 0.099347826
NODATA_VALUE -9999
[rows 46 to 68 of 92, columns 0 to 52 of 118]
-9999 0.012028755 0.011658679 0.011266493 0.010852543 0.010438593 0.010024643 0.01142847 0.014930246 0.018432021 0.021933797 0.027693362 0.036513694 0.041560408 0.039050237 0.036540066 0.034029895 0.030246313 0.024194576 0.018605842 0.014085279 0.0073921122 -0.0059886689 -0.01936945 -0.032750231 -0.039247903 -0.027297116 -0.015346329 -0.0033955415 0.002698268 -0.0014213556 -0.0017597025 0.0051910453 0.010874264 0.013847543 0.016820822 0.019794101 0.019739162 0.015351929 0.010964696 0.0065774625 0.002810147 -0.00049022701 -0.0061978282 -0.013635954 -0.02107408 -0.028512206 -0.029954134 -0.02996164 -0.036605126 -0.04439549 -0.052185854 -0.060212464
-9999 0.02022495 0.019819778 0.019405828 0.018991878 0.018577928 0.018163978 0.019567805 0.023069581 0.026571356 0.030073132 0.033574907 0.037760192 0.042806906 0.040296735 0.037786564 0.035276393 0.032766222 0.029955693 0.024366959 0.015239431 0.0018586496 -0.011522131 -0.024902913 -0.038283694 -0.044781365 -0.032830578 -0.020879791 -0.008929004 0.0030217831 0.013189539 0.012851192 0.017526098 0.020499377 0.023472656 0.026445935 0.029419214 0.029364275 0.024977042 0.020589809 0.016202576 0.011815343 0.0077955931 0.0020879919 -0.0053501342 -0.01278826 -0.020226386 -0.027664512 -0.030674407 -0.037317894 -0.045108258 -0.052898622 -0.060688986
-9999 0.022988069 0.022574119 0.022160169 0.021746219 0.021332269 0.020918319 0.022776357 0.026278132 0.029779908 0.033281683 0.036783459 0.040285234 0.037845288 0.034531915 0.032021743 0.029511572 0.027001401 0.02449123 0.018693949 0.0053131682 -0.0080676129 -0.021448394 -0.034829175 -0.048209956 -0.044920629 -0.03519599 -0.023245203 -0.011294416 0.00065637131 0.012607158 0.021491522 0.024464801 0.02743808 0.030411359 0.033384638 0.036357917 0.029427408 0.025040175 0.020652942 0.016265709 0.011878475 0.0074835877 0.011557645 0.0041195185 -0.0033186076 -0.010756734 -0.01819486 -0.025632986 -0.033371444 -0.041161808 -0.048952173 -0.056742537
-9999 0.01718439 0.01677044 0.01635649 0.01594254 0.015824518 0.016279406 0.018148735 0.021650511 0.025152286 0.028654062 0.03116923 0.02996 0.02684086 0.019897015 0.015114289 0.012604118 0.010093947 0.0075837753 0.0017864947 -0.011594286 -0.024975067 -0.038355849 -0.048913264 -0.03823202 -0.029791721 -0.02735772 -0.020575837 -0.0086250501 0.003325737 0.015276524 0.024160888 0.027134167 0.030107446 0.033080725 0.03297723 0.022352716 0.014294306 0.0099070727 0.0055198395 0.0011326063 -0.003290149 -0.0077744722 -0.0017381709 0.011861273 0.0080324335 0.00059430741 -0.0068438187 -0.014281945 -0.022020403 -0.029810767 -0.037601131 -0.045391496
-9999 0.011380711 0.010966761 0.010552811 0.010742008 0.011196896 0.011651784 0.013521113 0.017022889 0.020524664 0.021374032 0.020164802 0.018955573 0.015836433 0.0088925874 0.0019487422 -0.0043033369 -0.0068135081 -0.0093236793 -0.01512096 -0.028501741 -0.041882522 -0.044465601 -0.033784356 -0.023103112 -0.014662814 -0.012228812 -0.0097948113 -0.0059556844 0.0059951027 0.01794589 0.026830254 0.029803533 0.032776812 0.028468642 0.017844128 0.0072196133 -0.00083879656 -0.0052260298 -0.009613263 -0.014063886 -0.018548209 -0.023032532 -0.016996231 -0.0033967866 0.010202658 0.011945348 0.0045072224 -0.0029309037 -0.010669362 -0.018459726 -0.026314913 -0.034447812
-9999 0.0055770316 0.0052046094 0.0056594977 0.006114386 0.0065692743 0.0070241626 0.0088934917 0.012395267 0.011578834 0.010369605 0.0091603749 0.0079511451 0.004832005 -0.0021118401 -0.0090556853 -0.015999531 -0.022943376 -0.026231134 -0.032028415 -0.045409196 -0.040017937 -0.029336693 -0.018655449 -0.0079742042 0.00046609413 0.0029000953 0.0053340964 0.0077680976 0.010202099 0.020615256 0.02949962 0.032472898 0.023960054 0.01333554 0.0027110254 -0.0079134891 -0.015971899 -0.020359132 -0.024837622 -0.029321946 -0.033806269 -0.038290592 -0.032254291 -0.018654846 -0.0050554022 0.008544042 0.015858263 0.0084201374 0.00068167888 -0.0072566226 -0.015389522 -0.023522421
-9999 0.00012209935 0.00057698765 0.001031876 0.0014867643 0.0019416526 0.0023965409 0.0029928665 0.0017836367 0.0005744069 -0.00063482289 -0.0018440527 -0.0030532825 -0.0061724225 -0.013116268 -0.020060113 -0.027003958 -0.033947803 -0.040891648 -0.046251518 -0.035570274 -0.02488903 -0.014207785 -0.0035265409 0.0071547035 0.015595002 0.018029003 0.020463004 0.022897005 0.025331006 0.027765008 0.030075981 0.019451466 0.008826952 -0.0017975625 -0.012422077 -0.023046592 -0.031127036 -0.035611359 -0.040095682 -0.044580006 -0.049064329 -0.053548652 -0.047512351 -0.033912906 -0.020313462 -0.0067140179 0.0068854264 0.019771178 0.011801667 0.0036687682 -0.004464131 -0.01259703
-9999 -0.011835083 -0.011380195 -0.010925307 -0.010470418 -0.01001553 -0.0042438132 0.00019729598 -0.0010119338 -0.0022211636 -0.0034303934 -0.0046396232 -0.012090209 -0.018574424 -0.012497314 -0.01944116 -0.026385005 -0.03332885 -0.040272695 -0.041886977 -0.031205733 -0.020524489 -0.0098432444 0.00083799995 0.0093322206 0.013162845 0.014079719 0.016513721 0.018947722 0.021381723 0.023815724 0.021789363 0.011164849 0.0005403343 -0.01008418 -0.020708695 -0.030778304 -0.038234491 -0.042718814 -0.047203137 -0.051687461 -0.056171784 -0.052820268 -0.051364928 -0.045610495 -0.032011051 -0.018411607 -0.0048121627 0.0087872816 0.0038568487 -0.0042760506 -0.01240895 -0.020541849
-9999 -0.02501854 -0.024563651 -0.024108763 -0.023653875 -0.015002871 -0.0056659989 -0.0012248898 -0.0024341195 -0.0036433493 -0.0048525791 -0.01663164 -0.031193284 -0.037677499 -0.027986196 -0.018294892 -0.023821399 -0.030765244 -0.037709089 -0.039323372 -0.028642127 -0.017960883 -0.0072796385 -0.00049247057 0.0045449512 0.0083755759 0.0089716819 0.0095677879 0.011806557 0.014240558 0.016674559 0.014648198 0.0040236839 -0.0066008306 -0.017225345 -0.02698864 -0.036522121 -0.043978307 -0.04846263 -0.052946954 -0.057431277 -0.051005916 -0.043624331 -0.042168991 -0.044973954 -0.043112955 -0.02951351 -0.015914066 -0.002314622 -0.0072450549 -0.015377954 -0.023510853 -0.027891291
-9999 -0.038201996 -0.037747108 -0.0350988 -0.025761928 -0.016425057 -0.0070881847 -0.0026470755 -0.0038563053 -0.0066114249 -0.02117307 -0.035734715 -0.05029636 -0.056780574 -0.047089271 -0.037397967 -0.027706663 -0.028201638 -0.035145483 -0.036759766 -0.026078521 -0.015397277 -0.010317162 -0.0052797399 -0.00024231819 0.0035883065 0.0041844125 0.0047805185 0.0053766245 0.007099393 0.0095333941 0.0075070334 -0.0031174811 -0.013665496 -0.023198976 -0.032732456 -0.042265937 -0.049722123 -0.054206446 -0.056573149 -0.049191563 -0.041809978 -0.034428393 -0.032973054 -0.035778017 -0.03858298 -0.040615414 -0.02701597 -0.013416526 -0.018346959 -0.026479858 -0.029178252 -0.029510661
-9999 -0.051385453 -0.045857858 -0.036520986 -0.027184114 -0.017847242 -0.0085103704 -0.0040692612 -0.011152855 -0.0257145 -0.040276145 -0.05483779 -0.069399435 -0.07588365 -0.066192346 -0.056501042 -0.046809739 -0.037118435 -0.032581878 -0.03419616 -0.025179275 -0.020141853 -0.015104431 -0.010067009 -0.0050295876 -0.0011989629 -0.00060285685 -6.7508485e-06 0.00058935516 0.0011854612 0.0023922292 0.00036586851 -0.0098758316 -0.019409312 -0.028942792 -0.038476273 -0.048009753 -0.055465939 -0.054758796 -0.047377211 -0.039995626 -0.032614041 -0.025232456 -0.023777117 -0.02658208 -0.029387042 -0.032192005 -0.034996968 -0.024518429 -0.029448862 -0.030465214 -0.030797622 -0.03113003
-9999 -0.054316173 -0.044979301 -0.035642429 -0.026305558 -0.016968686 -0.0076318137 -0.0065307277 -0.021092373 -0.035654018 -0.050215662 -0.064777307 -0.079338952 -0.089657817 -0.079966513 -0.07027521 -0.060583906 -0.050892602 -0.041201299 -0.032917259 -0.027879837 -0.022842416 -0.017804994 -0.012767572 -0.0077301504 -0.0052306056 -0.0045443197 -0.0039482137 -0.0033521077 -0.0027560017 -0.0021598957 -0.0050237251 -0.014557205 -0.024090686 -0.033624166 -0.043157646 -0.052691127 -0.057594463 -0.050212878 -0.042831293 -0.035449708 -0.028068123 -0.020686538 -0.015550598 -0.018355561 -0.021160524 -0.023965487 -0.026770449 -0.029575412 -0.032058225 -0.032390633 -0.032723041 -0.03305545
-9999 -0.045579525 -0.036242654 -0.026905782 -0.01756891 -0.0085139418 -0.0014435195 0.00096555527 -0.0020051638 -0.01429578 -0.028857425 -0.04341907 -0.057980715 -0.068700377 -0.071726246 -0.065848712 -0.056157408 -0.046466105 -0.036774801 -0.028490762 -0.02345334 -0.018415918 -0.013378496 -0.0083410746 -0.010263078 -0.011046427 -0.0068121355 -0.0050008591 -0.0044047531 -0.0038086471 -0.0032125411 -0.0060763705 -0.015609851 -0.025143331 -0.034676811 -0.04399568 -0.041007393 -0.044739302 -0.058085404 -0.054167321 -0.046785736 -0.039404151 -0.032022566 -0.023092205 -0.013440051 -0.016245014 -0.019049977 -0.02185494 -0.024659903 -0.030767791 -0.035361354 -0.035693762 -0.03602617
-9999 -0.036842878 -0.027506006 -0.018169134 -0.0099155772 -0.0028451549 0.0042252675 0.0066343422 0.0036636231 0.00069290405 -0.0074991881 -0.022060833 -0.036622478 -0.047342139 -0.050368008 -0.053393877 -0.051730911 -0.042039607 -0.032348304 -0.024064264 -0.019026842 -0.013989421 -0.010768042 -0.013423471 -0.016078899 -0.016862249 -0.012627957 -0.0083936654 -0.0054573985 -0.0048612925 -0.0042651865 -0.0071290159 -0.016662496 -0.026195977 -0.031642897 -0.02865461 -0.025666323 -0.029398232 -0.042744334 -0.056090436 -0.058121765 -0.05074018 -0.043358595 -0.034428233 -0.024384477 -0.01434072 -0.014134467 -0.01693943 -0.019744393 -0.025852282 -0.032531005 -0.038664483 -0.038996891
-9999 -0.02810623 -0.018769358 -0.011317213 -0.0042467902 0.0028236321 0.0098940544 0.012303129 0.0093324101 0.006361691 0.0033909719 -0.00070259576 -0.015264241 -0.025983902 -0.029009771 -0.03203564 -0.035061509 -0.03761311 -0.027921806 -0.019637766 -0.014600345 -0.013928435 -0.016583864 -0.019239292 -0.021894721 -0.022678071 -0.018443779 -0.014209487 -0.0099751952 -0.0059139379 -0.0053178319 -0.0081816613 -0.017715142 -0.019290113 -0.016301826 -0.013313539 -0.010325252 -0.014057161 -0.027403263 -0.040749365 -0.054095467 -0.062076208 -0.054694623 -0.045764262 -0.035720505 -0.025676748 -0.015632992 -0.01202392 -0.014828883 -0.020936772 -0.027615496 -0.03429422 -0.040972944
-9999 -0.01978927 -0.012718848 -0.0056484256 0.0014219967 0.0084924191 0.015562841 0.017971916 0.015001197 0.012030478 0.0090597589 0.0060890398 0.0031183207 -0.004625665 -0.007651534 -0.010677403 -0.013703272 -0.016729141 -0.01975501 -0.015211269 -0.017088828 -0.019744256 -0.022399685 -0.025055114 -0.027710543 -0.028493893 -0.024259601 -0.020025309 -0.015791017 -0.011556725 -0.0073224332 -0.0092343067 -0.0069373298 -0.0039490428 -0.00096075582 0.0020275312 0.0050158181 0.0012839093 -0.012062193 -0.025408295 -0.038754397 -0.052100499 -0.065446601 -0.05710029 -0.047056534 -0.037012777 -0.02696902 -0.016925263 -0.0099133736 -0.016021262 -0.022699986 -0.02937871 -0.036057434
-9999 -0.014487451 -0.0074170284 -0.00034660606 0.0067238163 0.013794239 0.017142482 0.0135001 0.0093333842 0.0063626652 0.0033919461 0.00042122698 -0.0025494921 -0.0012602767 0.0033552994 0.00032943043 -0.0026964385 -0.0057223074 -0.0087481763 -0.01166203 -0.014317459 -0.016972887 -0.019628316 -0.022283745 -0.024390508 -0.024629022 -0.023829899 -0.019595607 -0.015361315 -0.011127023 -0.0068927315 -0.0030840342 -9.5747188e-05 0.0028925398 0.0058808268 0.0088691138 0.011950459 0.0039269847 -0.014683753 -0.028029855 -0.041375957 -0.054722059 -0.068068161 -0.065219509 -0.053842782 -0.043799025 -0.033755268 -0.023711512 -0.013667755 -0.015727114 -0.022371954 -0.029050678 -0.035729402
-9999 -0.0093452073 -0.0022747849 0.0047956374 0.01186606 0.011985243 0.0099236484 0.0062812658 0.00081445109 -0.0042348778 -0.0072055969 -0.010176316 -0.013147035 -0.01185782 -0.0020378403 0.0068349469 0.0038090779 0.000783209 -0.0022426599 -0.0051565133 -0.0078119421 -0.010467371 -0.0131228 -0.014318704 -0.01422568 -0.014464194 -0.015591315 -0.016450034 -0.012215742 -0.0079814505 -0.0037471586 6.1538773e-05 0.0030498258 0.0060381127 0.0090263997 0.012196597 0.015472229 0.0074487548 -0.016739694 -0.03846248 -0.051808582 -0.065154684 -0.078500786 -0.075652135 -0.061161282 -0.048606798 -0.038563041 -0.028519284 -0.018475527 -0.020534886 -0.024685993 -0.030717513 -0.037396237
-9999 -0.0042029638 0.0028674586 0.0088895992 0.0068280043 0.0047664094 0.0027048145 -0.00093756806 -0.0064043827 -0.011871197 -0.017338012 -0.020773859 -0.023744578 -0.022455363 -0.012635383 -0.0028154039 0.0070045754 0.0072887254 0.0042628565 0.0013490031 -0.0013064257 -0.0039618545 -0.0042469009 -0.0041538763 -0.0040608517 -0.0042993659 -0.0054264868 -0.0065536077 -0.0076807287 -0.0048358775 -0.00060158564 0.0032071117 0.0061953987 0.0091836857 0.012442735 0.015718367 0.018993999 0.010970525 -0.013217923 -0.037406372 -0.06159482 -0.07558731 -0.088933412 -0.086084761 -0.071593907 -0.057103054 -0.043370813 -0.033327057 -0.0232833 -0.025342659 -0.029493765 -0.033644871 -0.039063073
-9999 0.0009392797 0.0037323603 0.0016707654 -0.00039082949 -0.0024524244 -0.0045140193 -0.0081564019 -0.013623217 -0.019090031 -0.024556846 -0.030023661 -0.034342121 -0.033052906 -0.023232926 -0.013412947 -0.0035929675 0.0062270118 0.010768373 0.0078545195 0.005731878 0.0058249025 0.0059179271 0.0060109517 0.0061039763 0.0058654622 0.0047383412 0.0036112203 0.0024840993 0.0013569784 0.0025439873 0.0063526847 0.0094132411 0.012688873 0.015964505 0.019240137 0.022515769 0.014492295 -0.0096961534 -0.033884602 -0.05807305 -0.082261498 -0.099366038 -0.096517386 -0.082026533 -0.067535679 -0.053044826 -0.038553972 -0.028091072 -0.030150431 -0.034301537 -0.038452644 -0.04260375
-9999 0.00065618005 -0.0014054148 -0.0034670097 -0.0055286046 -0.0075901995 -0.0096517944 -0.015176484 -0.020643298 -0.026110113 -0.031576928 -0.037043742 -0.042510557 -0.042258777 -0.032438798 -0.022618818 -0.012798839 -0.0029788594 0.00684112 0.013719814 0.013812839 0.013905863 0.013998888 0.014091912 0.014184937 0.013757723 0.012630602 0.011503481 0.01037636 0.009249239 0.0081221181 0.0084988335 0.011774466 0.015050098 0.01832573 0.021601362 0.024876994 0.016690393 -0.0074980551 -0.031686503 -0.055874952 -0.0800634 -0.10425185 -0.1063161 -0.091825243 -0.07733439 -0.062843536 -0.048352683 -0.033861829 -0.035265867 -0.039416973 -0.043568079 -0.047719185
-9999 0.0058692916 0.0038076968 0.0017461019 -0.00031549302 -0.002746007 -0.013114818 -0.021208 -0.026674815 -0.03214163 -0.037608444 -0.043075259 -0.038253404 -0.033992242 -0.032811443 -0.024902714 -0.015082735 -0.0052627556 0.0045572238 0.011435918 0.011528942 0.011621967 0.011714992 0.011808016 0.0073344321 0.0043633008 0.0079974396 0.0080923181 0.0069651972 0.0058380762 0.0047109553 0.0050876707 0.0083633027 0.011638935 0.014914567 0.018190199 0.020766316 0.012304739 -0.01188371 -0.036072158 -0.060260606 -0.082945894 -0.089291052 -0.095116776 -0.09847095 -0.083980097 -0.069489244 -0.05499839 -0.040507537 -0.041911574 -0.04606268 -0.050213786 -0.054364893
-9999 0.011082403 0.0090208084 0.0069592135 0.0015912872 -0.0087775239 -0.019146335 -0.027239517 -0.032706332 -0.038173147 -0.040633784 -0.034834407 -0.02903503 -0.024773867 -0.023593069 -0.02241227 -0.017366631 -0.0075466517 0.0022733277 0.0091520217 0.0092450463 0.0093380709 0.0085608525 0.0031252988 -0.0023102548 -0.0052813861 -0.0016472474 0.0019868914 0.0035540344 0.0024269134 0.0012997925 0.0016765079 0.0049521399 0.0082277719 0.01131806 0.013849361 0.016380661 0.007919084 -0.016269364 -0.040457813 -0.058021589 -0.064366747 -0.070711905 -0.076537629 -0.081989939 -0.087442249 -0.076134951 -0.061644097 -0.047153244 -0.048557281 -0.052708387 -0.056859494 -0.054272203
