P2_models/J1_p2_tot_conduct_slide_300.dat.tif
NCOLS 118
NROWS 92
XLLCORNER 139.62
YLLCORNER -39.07
DX 0.099491525
DY 0.099347826
NODATA_VALUE -9999
[rows 26 to 51 of 92, columns 58 to 115 of 118]
-1.2764471 -1.3096109 -1.3494855 -1.3913767 -1.4306302 -1.4620486 -1.5049141 -1.5491325 -1.5948655 -1.6387172 -1.6624201 -1.6863943 -1.7087924 -1.7284769 -1.7450588 -1.7582846 -1.8080303 -1.8260388 -1.8370934 -1.848148 -1.8703608 -1.9007881 -1.9267649 -1.9501747 -1.9734465 -2.001083 -2.0093787 -2.0160789 -2.0394886 -2.0559181 -2.0725 -2.0861613 -2.0393417 -2.0349273 -2.0401154 -2.0387754 -2.0519309 -2.092898 -2.0597563 -2.0539039 -2.0368402 -2.0173994 -2.0292753 -2.032361 -2.0030988 -1.9668445 -1.9317299 -1.8644499 -1.8021958 -1.7729335 -1.7467003 -1.7174381 -1.6951491 -1.6611888 -1.5968119 -1.5277454 -1.4341064 -9999
-1.2837921 -1.3224833 -1.3643351 -1.4112462 -1.4567279 -1.5017877 -1.5474278 -1.5954948 -1.645057 -1.6917027 -1.7335939 -1.7658725 -1.7990364 -1.8212015 -1.8377835 -1.8195725 -1.794784 -1.8127924 -1.823847 -1.8349017 -1.8571145 -1.9234422 -1.9598808 -1.9832906 -2.0020302 -2.0209526 -2.0292483 -2.0359484 -2.0506103 -2.0620831 -2.0731377 -2.12167 -2.1784287 -2.1708913 -2.1725791 -2.1667267 -2.1772943 -2.054393 -1.9960081 -1.9810488 -1.9605043 -1.9379211 -1.8911016 -1.8730086 -1.837894 -1.7988162 -1.759527 -1.7283091 -1.6832247 -1.659815 -1.6364052 -1.6114671 -1.5804804 -1.5424554 -1.5073408 -1.450242 -1.3744977 -9999
-1.2968174 -1.3377355 -1.3845675 -1.4330406 -1.4837587 -1.531759 -1.5852073 -1.6351273 -1.6804098 -1.7305681 -1.7797356 -1.8180935 -1.8481641 -1.8764786 -1.8950991 -1.8734089 -1.8337338 -1.8358477 -1.8423778 -1.8490303 -1.8723589 -1.9420341 -1.9892109 -2.0104555 -2.0254145 -2.0413137 -2.0392985 -2.045231 -2.0562363 -2.0619727 -2.0705367 -2.1140013 -2.1888251 -2.1966101 -2.1960866 -2.1816565 -2.1382168 -2.0153155 -1.9497622 -1.9304467 -1.8953857 -1.8692801 -1.8107306 -1.7684276 -1.7281649 -1.6813454 -1.6398781 -1.612939 -1.5846156 -1.5660547 -1.5619769 -1.5411662 -1.5283667 -1.4959287 -1.4653638 -1.41997 -1.3513393 -9999
-1.3112535 -1.355472 -1.4045403 -1.4569043 -1.5092682 -1.5616322 -1.6162535 -1.6715266 -1.7167849 -1.7622869 -1.8146508 -1.8608856 -1.8885221 -1.9130615 -1.9351707 -1.9148559 -1.8706375 -1.8672241 -1.8720789 -1.8776062 -1.8965233 -1.9683783 -2.0175669 -2.0351242 -2.0475612 -2.0586158 -2.0544922 -2.0497113 -2.0555637 -2.059955 -2.0654823 -2.1057744 -2.1760037 -2.1813272 -2.1752668 -2.1572114 -2.1058255 -1.9829242 -1.9160258 -1.8867636 -1.8469623 -1.8052893 -1.7407932 -1.683191 -1.6363714 -1.5902245 -1.5434049 -1.519858 -1.4997297 -1.4880248 -1.4886549 -1.4886549 -1.4841367 -1.4721635 -1.4487537 -1.4060501 -1.3475257 -9999
-1.3376543 -1.3865182 -1.4355865 -1.4879504 -1.5403144 -1.5926784 -1.6472997 -1.7025728 -1.7525022 -1.7995423 -1.8519063 -1.898141 -1.9257776 -1.9485648 -1.9662169 -1.9430954 -1.8954744 -1.8906454 -1.8907066 -1.8962339 -1.915151 -1.987006 -2.0329435 -2.0413334 -2.0506624 -2.0586158 -2.0503296 -2.0435021 -2.0462364 -2.0462364 -2.0468546 -2.0846138 -2.1511667 -2.1485604 -2.1380113 -2.1146016 -2.0623608 -1.9394595 -1.8667377 -1.8308804 -1.7781109 -1.7307784 -1.6605491 -1.6024709 -1.5506589 -1.5098762 -1.4688941 -1.4613962 -1.4438465 -1.4515133 -1.4670317 -1.4762364 -1.4820998 -1.4721635 -1.4628338 -1.4276693 -1.3723627 -9999
-1.3699097 -1.4196555 -1.4709601 -1.5233241 -1.5822823 -1.6346462 -1.6958618 -1.7511349 -1.8043613 -1.8487436 -1.8838039 -1.9300387 -1.9576752 -1.9804624 -1.9970443 -2.0312227 -1.9814769 -1.9725362 -1.9725362 -1.9748276 -1.97366 -2.0062519 -2.0498913 -2.0547448 -2.0570777 -2.062605 -2.0668151 -2.0564855 -2.0564855 -2.0525401 -2.0498913 -2.0082213 -2.070397 -2.0668484 -2.050063 -2.0266532 -1.9712943 -1.8504508 -1.7822653 -1.7412982 -1.6906993 -1.6367788 -1.5802683 -1.5168137 -1.4669572 -1.4431416 -1.408027 -1.4272749 -1.4275144 -1.4442522 -1.4844117 -1.501969 -1.5088344 -1.5110119 -1.5051594 -1.4699949 -1.417323 -9999
-1.4096489 -1.4593946 -1.5106993 -1.5630632 -1.6226083 -1.685445 -1.7508312 -1.8171589 -1.8726398 -1.9215987 -1.9373078 -1.9565314 -1.984168 -2.0069552 -2.0235371 -2.0609947 -2.1107405 -2.1182464 -2.1182464 -2.1182464 -2.112747 -2.0851105 -2.0697609 -2.0697609 -2.0698406 -2.0698406 -2.0795907 -2.0896014 -2.0896014 -2.0856561 -2.0746014 -2.0280909 -1.9520091 -1.9277615 -1.910976 -1.8875662 -1.8358066 -1.7246102 -1.6564248 -1.6154577 -1.5665569 -1.5175614 -1.4765943 -1.4350692 -1.3941021 -1.3729506 -1.3612457 -1.4027137 -1.4422535 -1.4773681 -1.5201099 -1.5669295 -1.5750662 -1.5772438 -1.5713913 -1.5362268 -1.4835548 -9999
-1.4508323 -1.4966799 -1.5511023 -1.6064831 -1.6660281 -1.7288649 -1.7944105 -1.8607382 -1.9163785 -1.9645919 -1.9750647 -1.9922873 -2.0151594 -2.0355219 -2.048394 -2.0858516 -2.1355974 -2.1438696 -2.1383423 -2.132815 -2.1233425 -2.0806499 -2.0592693 -2.0515965 -2.0440353 -2.0393274 -2.0441627 -2.0531929 -2.0484513 -2.0350058 -2.0197894 -1.9731194 -1.8970377 -1.8662395 -1.847608 -1.8124934 -1.760678 -1.6572142 -1.5935652 -1.5525981 -1.5086926 -1.4620227 -1.4322179 -1.3912508 -1.3715096 -1.3796203 -1.3787724 -1.4506705 -1.4917281 -1.5432253 -1.6017497 -1.6532112 -1.6617465 -1.663924 -1.6580716 -1.6229071 -1.5702351 -9999
-1.4978908 -1.5421092 -1.5942953 -1.6518956 -1.7130865 -1.7759233 -1.8414689 -1.9077966 -1.9609369 -2.0075 -2.0146231 -2.0279802 -2.0500895 -2.0649247 -2.075904 -2.1113136 -2.1610593 -2.1654661 -2.1572552 -2.1444115 -2.1288418 -2.081855 -2.0458076 -2.0336989 -2.0149388 -2.0038842 -1.9998352 -2.0042323 -1.9925274 -1.9696092 -1.9525 -1.90583 -1.8297483 -1.7964501 -1.7739531 -1.7388385 -1.6830508 -1.5842547 -1.5299103 -1.4889432 -1.4550377 -1.415 -1.3954711 -1.3729835 -1.3649427 -1.3968893 -1.4144467 -1.5022669 -1.5710867 -1.6309945 -1.6956356 -1.75416 -1.7533633 -1.7555409 -1.7496884 -1.7170239 -1.6643519 -9999
-1.5508763 -1.5950947 -1.6472808 -1.7048811 -1.766072 -1.8289088 -1.8944544 -1.9607821 -2.0110787 -2.0538623 -2.0538623 -2.0610962 -2.0832054 -2.0980406 -2.1035679 -2.1378063 -2.1875521 -2.1883018 -2.1771247 -2.1550155 -2.1288418 -2.0735687 -2.0325612 -2.0091514 -1.9846042 -1.9575219 -1.9464672 -1.9380004 -1.9102171 -1.8835078 -1.8613986 -1.8138108 -1.7435814 -1.7082112 -1.6812285 -1.6461138 -1.5933339 -1.5113997 -1.4581394 -1.4227113 -1.3987869 -1.3752609 -1.3752609 -1.3746488 -1.3980586 -1.4373208 -1.4806785 -1.5896323 -1.6807533 -1.7568351 -1.8214762 -1.8800006 -1.8657505 -1.8548887 -1.8490363 -1.8175358 -1.770323 -9999
-1.5740525 -1.6182709 -1.6673392 -1.7226701 -1.8161759 -1.8951828 -1.9564394 -2.0216689 -2.0666218 -2.1093102 -2.1138723 -2.1166124 -2.1306873 -2.1430978 -2.1456626 -2.1685863 -2.2126082 -2.2124811 -2.1904072 -2.157646 -2.1121045 -1.9927603 -1.9454029 -1.9158149 -1.8781723 -1.8457159 -1.8422554 -1.8311106 -1.7986014 -1.7604193 -1.731481 -1.6830164 -1.6127871 -1.5782936 -1.5507831 -1.5260939 -1.4759444 -1.4314386 -1.4197337 -1.3918309 -1.3984417 -1.3846478 -1.4184851 -1.427518 -1.475413 -1.5477161 -1.6016562 -1.6953705 -1.7943829 -1.8671163 -1.9220914 -1.9774684 -2.0063162 -1.9919471 -1.9860947 -1.9509302 -1.9023874 -9999
-1.5998111 -1.6440295 -1.6913949 -1.7437589 -1.8390246 -1.9489889 -2.0191001 -2.0799005 -2.1229669 -2.1593922 -2.1628731 -2.1681817 -2.1789034 -2.1851087 -2.1851087 -2.2059844 -2.2391482 -2.2269731 -2.2028549 -2.164766 -2.10817 -1.9688131 -1.8642911 -1.8291764 -1.7810233 -1.7368048 -1.7193478 -1.7166609 -1.6756938 -1.6272943 -1.5941304 -1.5474774 -1.4772481 -1.4461604 -1.4191733 -1.4003488 -1.3806978 -1.3689929 -1.3777228 -1.3660179 -1.3868022 -1.4051117 -1.4552753 -1.5052753 -1.5696521 -1.6538755 -1.7299573 -1.8209859 -1.9059563 -1.9761856 -2.0192404 -2.0660599 -2.0963457 -2.1150699 -2.1092174 -2.0774587 -2.0247867 -9999
-1.6461734 -1.6903918 -1.7363424 -1.783498 -1.882539 -2.0019744 -2.0694995 -2.1262628 -2.1656884 -2.1991314 -2.193895 -2.1946744 -2.2002017 -2.2049783 -2.2049783 -2.225854 -2.2590178 -2.2439827 -2.2161013 -2.1663556 -2.1015468 -1.9523095 -1.8420407 -1.7835163 -1.7263502 -1.6639498 -1.6245665 -1.5974435 -1.5382269 -1.4810445 -1.4368261 -1.3945308 -1.3447843 -1.3195658 -1.299956 -1.2941035 -1.2823772 -1.2999345 -1.3246604 -1.3461484 -1.3899794 -1.4316044 -1.5193911 -1.5870908 -1.6748774 -1.7666272 -1.8557978 -1.9425071 -2.0238694 -2.0765414 -2.1101455 -2.138915 -2.1650403 -2.1810165 -2.1693117 -2.1429507 -2.104265 -9999
-1.6857304 -1.7299489 -1.7758994 -1.823027 -1.9240127 -2.0454992 -2.1110813 -2.1660035 -2.1959656 -2.2269095 -2.2178583 -2.2152899 -2.2208172 -2.2214952 -2.2192799 -2.2401556 -2.2733194 -2.2566104 -2.2239667 -2.1650634 -2.0930013 -1.9367158 -1.8093105 -1.736735 -1.6539702 -1.5833458 -1.5087146 -1.4683388 -1.4013332 -1.3328598 -1.2886413 -1.249409 -1.2054586 -1.2025587 -1.1873534 -1.2082937 -1.2099587 -1.2417466 -1.3087555 -1.3464633 -1.4267171 -1.4833797 -1.5956859 -1.6834726 -1.779511 -1.8729657 -1.9659279 -2.0299908 -2.1046574 -2.1443241 -2.1601067 -2.1818637 -2.2020132 -2.2146415 -2.2053882 -2.1885437 -2.1553809 -9999
-1.7296661 -1.7738846 -1.8216467 -1.8687743 -1.9462093 -2.0718828 -2.1359205 -2.1856663 -2.2113199 -2.2436782 -2.2342537 -2.2268411 -2.2323684 -2.2330463 -2.227519 -2.2400061 -2.27317 -2.251927 -2.2185184 -2.1585626 -2.0822065 -1.9219146 -1.7841723 -1.6905333 -1.591237 -1.4972728 -1.4123794 -1.3346986 -1.2527644 -1.1833851 -1.1391667 -1.1044633 -1.0693487 -1.0728621 -1.0801439 -1.113794 -1.1505737 -1.2032457 -1.2838416 -1.3599233 -1.4526058 -1.5431946 -1.665391 -1.7815176 -1.8868616 -1.9712583 -2.0590449 -2.1069538 -2.1511883 -2.1745981 -2.1867576 -2.1984624 -2.2303074 -2.2407583 -2.2349058 -2.2189672 -2.1955574 -9999
-1.8051823 -1.859986 -1.9121721 -1.9681221 -1.9757537 -1.9990277 -2.0529156 -2.0929417 -2.1052816 -2.131084 -2.1886843 -2.1998841 -2.1998841 -2.1999304 -2.1944031 -2.1888758 -2.1936917 -2.1724488 -2.1390401 -2.0837671 -2.0104015 -1.8777461 -1.738864 -1.6243014 -1.5077563 -1.3913018 -1.2828319 -1.1889884 -1.103289 -1.0310518 -0.98683333 -0.96362795 -0.9501313 -0.97230312 -0.99404243 -1.0584193 -1.1042114 -1.1937089 -1.3052692 -1.4129089 -1.5301283 -1.6359193 -1.7471157 -1.8609959 -1.9437812 -2.0058999 -2.0722913 -2.0690357 -2.0982028 -2.1051423 -2.1109947 -2.1189842 -2.2251924 -2.2606278 -2.2547754 -2.2415949 -2.2220501 -9999
-1.8489722 -1.9023294 -1.9567518 -2.0168585 -2.0294276 -2.0159757 -2.0298866 -2.0630505 -2.0748396 -2.0973811 -2.1547677 -2.1941522 -2.1941522 -2.1917275 -2.1883043 -2.1848251 -2.176139 -2.1469488 -2.1176923 -2.0624192 -1.9832203 -1.8481791 -1.7000908 -1.5737716 -1.4498287 -1.3054003 -1.1893174 -1.0678075 -0.97924392 -0.89947933 -0.85691304 -0.84582381 -0.84281174 -0.86969442 -0.92454968 -0.99000111 -1.0876133 -1.1963242 -1.3260301 -1.4668757 -1.6038747 -1.7244917 -1.8345722 -1.9272891 -2.0024347 -2.0588854 -2.0956865 -2.0822821 -2.080413 -2.0841522 -2.0879657 -2.0938182 -2.1955403 -2.2680409 -2.2641522 -2.2531601 -2.2392714 -9999
-1.8723078 -1.9220536 -1.9795937 -2.0424305 -2.0499553 -2.0342461 -2.0486101 -2.0707193 -2.086758 -2.1089785 -2.1613424 -2.2007269 -2.2007269 -2.2 -2.2 -2.1937683 -2.1827137 -2.1580574 -2.1299312 -2.0629379 -1.9784191 -1.8291818 -1.6781859 -1.5318749 -1.377601 -1.2228364 -1.0900672 -0.96475175 -0.86526022 -0.78892213 -0.75023098 -0.74204935 -0.75375424 -0.80955844 -0.87255916 -0.97536524 -1.0880123 -1.2284709 -1.3819133 -1.5340768 -1.6736051 -1.8059162 -1.9047135 -1.9906557 -2.0550326 -2.0912694 -2.1205316 -2.1019333 -2.09 -2.09 -2.0938136 -2.099666 -2.2004038 -2.2707269 -2.2707269 -2.2633989 -2.251694 -9999
-1.881536 -1.9406813 -1.9982214 -2.0610582 -2.0628557 -2.0404553 -2.0583815 -2.0831378 -2.0945597 -2.1151877 -2.1675517 -2.2069361 -2.2069361 -2.2045115 -2.2 -2.1965207 -2.188923 -2.1642666 -2.1361405 -2.0642855 -1.9776412 -1.8173493 -1.6594827 -1.4946194 -1.3311845 -1.1669533 -1.0218591 -0.89024088 -0.79392179 -0.72186629 -0.68813859 -0.68987089 -0.71649881 -0.7879453 -0.86014068 -0.99474686 -1.1128493 -1.2766476 -1.4463684 -1.6085876 -1.748116 -1.8804271 -1.9565089 -2.0403296 -2.0845192 -2.1096339 -2.13295 -2.1037611 -2.09 -2.0948973 -2.0969361 -2.099666 -2.2055403 -2.2769361 -2.2721884 -2.266336 -2.2579032 -9999
-1.8790084 -1.93869 -2.0007029 -2.0635396 -2.0921777 -2.0659957 -2.0815758 -2.1092124 -2.1208178 -2.1309556 -2.1605503 -2.1999348 -2.1999348 -2.1999348 -2.1953379 -2.1998758 -2.1943485 -2.1706856 -2.1425594 -2.0707044 -1.988807 -1.8441899 -1.6641088 -1.4869892 -1.3027361 -1.1313896 -0.98086408 -0.84043813 -0.74679905 -0.68204401 -0.65164493 -0.662288 -0.69770203 -0.78969258 -0.8748413 -1.0221699 -1.1680522 -1.3421206 -1.5276243 -1.6973452 -1.8318533 -1.9602911 -2.0167607 -2.0792931 -2.1173287 -2.1319545 -2.1495119 -2.1300192 -2.1122391 -2.1167754 -2.1167754 -2.1167754 -2.1686345 -2.2411351 -2.2352826 -2.2294302 -2.2235778 -9999
-1.8723852 -1.9276583 -1.9874565 -2.0502933 -2.0808151 -2.0965243 -2.121315 -2.1489515 -2.1605569 -2.1706947 -2.1759311 -2.1800652 -2.1800652 -2.1800652 -2.1800652 -2.187002 -2.1980567 -2.1773088 -2.1491826 -2.0773276 -1.9954302 -1.8738295 -1.7170943 -1.5064063 -1.3076572 -1.1142014 -0.95951437 -0.81430749 -0.72652085 -0.66217445 -0.64006522 -0.65566481 -0.70248435 -0.80272779 -0.91458043 -1.0725964 -1.2417146 -1.4348452 -1.6208073 -1.802233 -1.9345439 -2.0530157 -2.0881303 -2.1211824 -2.1504446 -2.1638544 -2.1697069 -2.1578903 -2.1498913 -2.1498913 -2.1498913 -2.1498913 -2.161618 -2.16828 -2.1624276 -2.1565751 -2.1507227 -9999
-1.868411 -1.9276365 -1.9842953 -2.0440609 -2.0781733 -2.0964808 -2.1214454 -2.1490819 -2.1606874 -2.1708252 -2.1760616 -2.18 -2.18 -2.18 -2.18 -2.1904379 -2.204202 -2.1835194 -2.1553932 -2.0835382 -2.0016408 -1.8800401 -1.7234571 -1.5127691 -1.3176484 -1.1266009 -0.97666209 -0.83280885 -0.74744736 -0.69475543 -0.68951087 -0.71477009 -0.77054006 -0.88010193 -0.99551498 -1.1652358 -1.3348518 -1.5319031 -1.7093807 -1.8829926 -1.9903704 -2.1000642 -2.1070013 -2.1398577 -2.1605209 -2.170152 -2.1760044 -2.1581221 -2.15 -2.15 -2.15 -2.15 -2.1617267 -2.1680409 -2.1621884 -2.156336 -2.1504835 -9999
-1.8594839 -1.9202842 -1.9817373 -2.0393377 -2.0743622 -2.0953078 -2.1214454 -2.1490819 -2.1606874 -2.1708252 -2.1760616 -2.18 -2.18 -2.18 -2.18 -2.1904379 -2.2070198 -2.1873305 -2.1592655 -2.0899073 -2.0091258 -1.8889672 -1.7369803 -1.5268121 -1.3393653 -1.1514369 -1.0098641 -0.87020583 -0.78827163 -0.74719901 -0.74836957 -0.78874473 -0.8531216 -0.97062593 -1.0938357 -1.2659401 -1.4450577 -1.6428817 -1.7984966 -1.962365 -2.0527051 -2.1416832 -2.1415217 -2.1518906 -2.1681107 -2.1739631 -2.1798156 -2.1619333 -2.15 -2.15 -2.15 -2.15 -2.1617267 -2.1680409 -2.1621884 -2.156336 -2.1504835 -9999
-1.8462375 -1.9070379 -1.9690507 -2.0318875 -2.0687716 -2.0949535 -2.1214454 -2.1490819 -2.1606874 -2.1708252 -2.1760616 -2.18 -2.18 -2.18 -2.18 -2.1904379 -2.2070198 -2.1873305 -2.1592655 -2.0929379 -2.015749 -1.8996755 -1.7502267 -1.5512437 -1.369526 -1.1977992 -1.0630581 -0.93643772 -0.87075587 -0.83330046 -0.84435507 -0.88938738 -0.96546914 -1.0873791 -1.2196763 -1.3952496 -1.5732794 -1.7488527 -1.8993362 -2.0352201 -2.1109363 -2.1747991 -2.1630942 -2.1622582 -2.1681107 -2.1739631 -2.1798156 -2.1619333 -2.15 -2.15 -2.15 -2.15 -2.1617267 -2.1680409 -2.1621884 -2.156336 -2.1504835 -9999
-1.7691433 -1.8263757 -1.8861522 -1.9365134 -1.9692788 -2.0510362 -2.0924236 -2.1200602 -2.1316656 -2.1418034 -2.1675647 -2.2148261 -2.2175278 -2.2206304 -2.2168741 -2.2252639 -2.227413 -2.2047436 -2.1766786 -2.108958 -2.0281765 -1.8974182 -1.7470319 -1.5760987 -1.3960187 -1.2553457 -1.1293918 -1.0270385 -0.97082422 -0.94842365 -0.9693913 -1.0331774 -1.1170561 -1.2406038 -1.3745386 -1.5446181 -1.7082722 -1.8484839 -1.9762855 -2.0637224 -2.1065757 -2.1614803 -2.1718767 -2.2028887 -2.2087411 -2.2145935 -2.220446 -2.1445202 -2.132587 -2.132587 -2.132587 -2.132587 -2.1791397 -2.1854539 -2.1832174 -2.1795534 -2.1683801 -9999
-1.7054632 -1.7603539 -1.8132047 -1.8603323 -1.9361842 -2.0252029 -2.0665903 -2.0942268 -2.1082598 -2.1282995 -2.1927386 -2.24 -2.2444698 -2.2475725 -2.242048 -2.2375725 -2.2375725 -2.214903 -2.1868992 -2.1197769 -2.0367637 -1.8927733 -1.7515794 -1.5999336 -1.471898 -1.3337153 -1.2366816 -1.1358638 -1.0948967 -1.0896422 -1.1181884 -1.1868296 -1.2804687 -1.3995603 -1.5320994 -1.67885 -1.8237104 -1.9394846 -2.0023171 -2.0842513 -2.1198221 -2.1581751 -2.2012463 -2.2322582 -2.2381107 -2.2439631 -2.2498156 -2.1717108 -2.12 -2.12 -2.12 -2.12 -2.1669068 -2.2 -2.2 -2.1902444 -2.1785396 -9999
