P2_models/J1_p2_tot_conduct_slide_61.34.dat.tif
NCOLS 118
NROWS 92
XLLCORNER 139.62
YLLCORNER -39.07
DX 0.099491525
DY 0.099347826
NODATA_VALUE -9999
[rows 26 to 51 of 92, columns 0 to 56 of 118]
-1.9061928 -1.9716675 -2.0263878 -2.0712661 -2.1091677 -2.1540263 -2.1938229 -2.2312253 -2.2691268 -2.3066717 -2.3564175 -2.4078709 -2.4625912 -2.5083669 -2.5680618 -2.6200928 -2.6748131 -2.7218798 -2.766651 -2.803901 -2.8287636 -2.8492763 -2.8592255 -2.8577304 -2.8426947 -2.8223642 -2.7875422 -2.7475168 -2.7023183 -2.650376 -2.5871419 -2.5191357 -2.4544662 -2.3904039 -2.3275672 -2.2668725 -2.2270759 -2.1956747 -2.1799655 -2.1826462 -2.2035917 -2.2474767 -2.3071716 -2.3884697 -2.4774885 -2.5831227 -2.6878506 -2.7946446 -2.8941361 -2.9774405 -3.0455136 -3.0896253 -3.1207345 -3.1092723 -3.0885968 -3.0288329 -2.965208
-1.9191119 -1.9907033 -2.065322 -2.1137355 -2.1658501 -2.2144807 -2.2592518 -2.2967723 -2.3299361 -2.3655485 -2.4003705 -2.44761 -2.4878707 -2.5276673 -2.5674639 -2.6131038 -2.6479259 -2.6886421 -2.7184896 -2.7509155 -2.7708138 -2.7896676 -2.7904855 -2.7848753 -2.764977 -2.742886 -2.7080639 -2.6680385 -2.6133182 -2.5576514 -2.4843419 -2.4126107 -2.3330174 -2.2645634 -2.1915083 -2.1260367 -2.0713163 -2.0360783 -2.0151328 -2.0170664 -2.038012 -2.081897 -2.1415919 -2.2274857 -2.3317783 -2.4454313 -2.5686332 -2.6853371 -2.8014114 -2.9053677 -2.9991513 -3.0672245 -3.1207345 -3.1428437 -3.1415823 -3.1258731 -3.0785904
-1.9116626 -2.0033136 -2.0824366 -2.1438863 -2.1979743 -2.2467346 -2.2894027 -2.3243867 -2.3530226 -2.3814972 -2.4082047 -2.4447344 -2.4799489 -2.4998472 -2.5284177 -2.5617906 -2.5880405 -2.6166422 -2.6377649 -2.6615954 -2.6755756 -2.6896603 -2.688769 -2.6809894 -2.6641519 -2.6388468 -2.6009131 -2.5621885 -2.5106307 -2.4512393 -2.3779297 -2.304173 -2.227344 -2.1498328 -2.0779581 -2.0176124 -1.9652579 -1.9265873 -1.9079507 -1.9106492 -1.933431 -1.9832057 -2.0459374 -2.1348777 -2.2410225 -2.3633463 -2.489964 -2.6196294 -2.7410092 -2.861442 -2.9661699 -3.0541882 -3.1218362 -3.1696236 -3.1902991 -3.1943314 -3.1753305
-1.9027508 -2.0039861 -2.0935285 -2.1639413 -2.2207936 -2.2675362 -2.3073329 -2.3383066 -2.361995 -2.382326 -2.4022243 -2.4221226 -2.4420209 -2.4572114 -2.4771097 -2.4949903 -2.5148886 -2.5318867 -2.5468105 -2.5588848 -2.568834 -2.574423 -2.5694484 -2.5616687 -2.546745 -2.5264079 -2.4866113 -2.4448855 -2.3951398 -2.3414906 -2.2681811 -2.1964421 -2.1218234 -2.0493736 -1.9813004 -1.9263352 -1.8765894 -1.843537 -1.8278278 -1.8351533 -1.8613352 -1.913919 -1.9835631 -2.0766643 -2.1866287 -2.3099971 -2.440907 -2.5718169 -2.7027269 -2.8240347 -2.9444718 -3.0359561 -3.1244047 -3.1811446 -3.2302447 -3.2459539 -3.2511865
-1.9089601 -2.0101954 -2.0997377 -2.1701506 -2.222611 -2.264161 -2.2949144 -2.3228345 -2.3371581 -2.3542313 -2.3592059 -2.378658 -2.3843003 -2.3859571 -2.3909316 -2.4052608 -2.4102354 -2.4245646 -2.4295392 -2.4392459 -2.4392459 -2.4440289 -2.4390544 -2.4312747 -2.416351 -2.3973722 -2.3675247 -2.3275383 -2.2827671 -2.231654 -2.1740537 -2.1063833 -2.0466884 -1.9748627 -1.9222026 -1.8823609 -1.8517525 -1.8246272 -1.8278278 -1.8410169 -1.879963 -1.9348191 -2.0084001 -2.1015013 -2.2114656 -2.3319875 -2.4595348 -2.5904447 -2.7213546 -2.8388702 -2.9568903 -3.0526396 -3.1430324 -3.2148874 -3.2695022 -3.306157 -3.3171721
-1.9044108 -2.0162754 -2.106153 -2.1737935 -2.2242937 -2.2561436 -2.2841172 -2.3001087 -2.3110285 -2.3167004 -2.3170591 -2.3203261 -2.3203261 -2.3071212 -2.3071748 -2.3089375 -2.3105298 -2.3139493 -2.3171818 -2.3206522 -2.3206522 -2.3191988 -2.3142242 -2.3031474 -2.2882237 -2.2719483 -2.2459916 -2.2161442 -2.1773618 -2.1346301 -2.0849549 -2.0368341 -1.9867268 -1.9311961 -1.8856798 -1.8765942 -1.8539446 -1.8493028 -1.860253 -1.8943877 -1.9389588 -2.0061143 -2.0814373 -2.1735727 -2.2832863 -2.3972139 -2.5228874 -2.6426616 -2.7735715 -2.8811958 -2.9963965 -3.0852528 -3.1785802 -3.2473217 -3.3124642 -3.351243 -3.3780227
-1.9044108 -2.0162754 -2.1107924 -2.1750313 -2.2176705 -2.2495204 -2.2694187 -2.2802391 -2.2802391 -2.2769613 -2.2670122 -2.2558336 -2.2409099 -2.227643 -2.2176938 -2.2095897 -2.2046151 -2.2013551 -2.2013551 -2.2014348 -2.2014348 -2.1986077 -2.1886586 -2.1773069 -2.1623831 -2.1461077 -2.1262094 -2.10355 -2.0737025 -2.0419054 -2.0052506 -1.9706022 -1.9407547 -1.9146354 -1.8989262 -1.8898406 -1.8898406 -1.9022883 -1.9337067 -1.9804892 -2.0433259 -2.1187085 -2.2032763 -2.2994133 -2.4041412 -2.5159872 -2.6311879 -2.746548 -2.8617487 -2.9637943 -3.0632858 -3.1482038 -3.2315657 -3.2978934 -3.3588265 -3.4007177 -3.4310082
-1.9166798 -2.0226207 -2.1107924 -2.1749516 -2.2139462 -2.2362257 -2.2448009 -2.2510632 -2.2431929 -2.2344006 -2.2113233 -2.1996665 -2.1819261 -2.1636846 -2.1492577 -2.1393085 -2.1298054 -2.1232757 -2.1141168 -2.1126126 -2.1079823 -2.1050756 -2.0976889 -2.0899092 -2.0749855 -2.0614135 -2.0510808 -2.0337842 -2.0232714 -1.9996081 -1.9918657 -1.9694301 -1.9706302 -1.9454674 -1.948394 -1.9721618 -2.0004212 -2.0262731 -2.0815726 -2.136635 -2.209994 -2.2886403 -2.3763977 -2.4696477 -2.5712875 -2.6724962 -2.7798509 -2.8750918 -2.9795798 -3.0590624 -3.1502052 -3.2151338 -3.2929977 -3.3427434 -3.401153 -3.4380827 -3.4684529
-1.9319108 -2.0303517 -2.1149195 -2.1721792 -2.2100605 -2.2226398 -2.2273347 -2.2212026 -2.2111259 -2.1962076 -2.1713347 -2.1481695 -2.1282712 -2.1058729 -2.0901059 -2.0751822 -2.064339 -2.0543898 -2.0444407 -2.0359958 -2.0310212 -2.0260466 -2.021072 -2.015 -2.0033686 -1.9925 -1.9848475 -1.9814025 -1.9774492 -1.9752632 -1.9759478 -1.9860932 -1.9966737 -2.0052052 -2.0209144 -2.0747669 -2.1120042 -2.1669692 -2.2311887 -2.3069068 -2.3854527 -2.4705085 -2.5600508 -2.6503814 -2.7498729 -2.8368644 -2.9363559 -3.0153635 -3.1043822 -3.1675067 -3.2408162 -3.2917507 -3.3536017 -3.3963983 -3.4396922 -3.4723662 -3.4975
-1.9528204 -2.0488357 -2.1184797 -2.168388 -2.1968142 -2.2093935 -2.2044189 -2.1947098 -2.1757591 -2.1564685 -2.1315956 -2.1075995 -2.0827267 -2.0595106 -2.0396123 -2.0221967 -2.007273 -1.9947811 -1.984832 -1.9763871 -1.9714125 -1.9658613 -1.9559122 -1.9487681 -1.9487681 -1.9461377 -1.9461377 -1.9482866 -1.9632103 -1.9752632 -1.9962087 -2.0192092 -2.0590058 -2.0906912 -2.1430551 -2.2006075 -2.265277 -2.3325489 -2.4163313 -2.4992335 -2.5882522 -2.6758273 -2.7653697 -2.8546074 -2.9436262 -3.023841 -3.0971505 -3.1668602 -3.2302228 -3.2835235 -3.3335409 -3.3722875 -3.4132104 -3.4463742 -3.4794314 -3.500377 -3.5173696
-1.9671021 -2.0563168 -2.1211102 -2.1666344 -2.1863686 -2.189118 -2.1811163 -2.1674543 -2.1453157 -2.122513 -2.0940114 -2.0691385 -2.0442656 -2.0210495 -2.0011512 -1.9828588 -1.9679351 -1.9545665 -1.9446173 -1.9361724 -1.9311978 -1.9247699 -1.9184511 -1.9212562 -1.9292255 -1.9346323 -1.9507745 -1.9598804 -1.9911496 -2.0167971 -2.0662427 -2.102123 -2.1603599 -2.2043207 -2.2708367 -2.3528528 -2.4273916 -2.504233 -2.5944812 -2.6782635 -2.7645221 -2.847961 -2.9326188 -3.009671 -3.0893263 -3.1537108 -3.2195482 -3.2649139 -3.3207744 -3.347893 -3.3904083 -3.4079105 -3.4419161 -3.4542655 -3.4823461 -3.4948634 -3.5092255
-1.9856981 -2.0604337 -2.1201286 -2.1532085 -2.1674216 -2.1650623 -2.1551131 -2.1387858 -2.1150974 -2.0892318 -2.0593843 -2.0312445 -2.0063716 -1.9848584 -1.9649601 -1.9482736 -1.9334469 -1.9216333 -1.911832 -1.9048913 -1.9001154 -1.8965942 -1.8965942 -1.9070127 -1.9178629 -1.9359223 -1.9572254 -1.9888313 -2.0260656 -2.0718745 -2.1310233 -2.199534 -2.2642222 -2.3352247 -2.419007 -2.5061318 -2.585725 -2.6679445 -2.7621997 -2.8460919 -2.9298742 -3.0026621 -3.0822553 -3.146632 -3.2147052 -3.2654092 -3.3177731 -3.3496467 -3.3863015 -3.4044533 -3.4253988 -3.4345953 -3.449599 -3.4560958 -3.465847 -3.4757899 -3.482971
-1.9932931 -2.062021 -2.1018176 -2.131142 -2.1358797 -2.1312891 -2.1163653 -2.0990467 -2.0753582 -2.0494926 -2.0196452 -1.9915391 -1.9716408 -1.9517424 -1.9318441 -1.9151577 -1.9052085 -1.8951406 -1.890166 -1.8850217 -1.8850217 -1.8833478 -1.8928559 -1.9070127 -1.9318856 -1.9557918 -1.9955884 -2.0351936 -2.0998631 -2.157976 -2.2365219 -2.3121282 -2.4016706 -2.4810571 -2.5753123 -2.6654829 -2.7500507 -2.8326214 -2.9164037 -2.9956525 -3.0637257 -3.1289158 -3.1836361 -3.2392624 -3.2811536 -3.3243759 -3.3575123 -3.3779405 -3.3929247 -3.4027909 -3.4121525 -3.4084103 -3.4098599 -3.4043326 -3.4062383 -3.4114747 -3.4167391
-1.9923827 -2.0455294 -2.0802918 -2.0995727 -2.1000103 -2.0880797 -2.0708762 -2.0518837 -2.0281952 -2.0058465 -1.981762 -1.9553298 -1.9354315 -1.9188468 -1.9049148 -1.8898343 -1.8829191 -1.8760802 -1.8741904 -1.8737286 -1.88 -1.8829068 -1.8971276 -1.9297801 -1.9643652 -2.0014033 -2.0609295 -2.1111329 -2.1858196 -2.2605549 -2.3557216 -2.4397228 -2.5322059 -2.6233098 -2.717565 -2.8014432 -2.8783835 -2.9497022 -3.0185709 -3.0813362 -3.1393453 -3.1788992 -3.2217544 -3.2507327 -3.2830625 -3.2968003 -3.3214941 -3.3289606 -3.3381374 -3.3307512 -3.335462 -3.3261834 -3.3209373 -3.31541 -3.3111209 -3.3128904 -3.3197727
-1.9904465 -2.0284687 -2.0533416 -2.060887 -2.0561493 -2.0424071 -2.0225088 -2.0017569 -1.9780684 -1.9566255 -1.9367272 -1.9168289 -1.8969306 -1.883969 -1.8740199 -1.8674883 -1.8625137 -1.8609058 -1.8609058 -1.8675375 -1.8774866 -1.8932493 -1.9230968 -1.9620899 -2.0018865 -2.0534165 -2.1230606 -2.1980237 -2.2776169 -2.3644317 -2.4691597 -2.569494 -2.664011 -2.7584412 -2.8526963 -2.9275166 -2.9971606 -3.0533549 -3.1057188 -3.1437706 -3.1856617 -3.2072869 -3.2271852 -3.2361652 -3.246638 -3.2473551 -3.2473551 -3.2455435 -3.2455435 -3.236614 -3.2261412 -3.2156684 -3.2055435 -3.2007384 -3.1982609 -3.1982609 -3.2033642
-1.9705769 -2.0003749 -2.0069793 -2.0142233 -2.0047479 -1.9879673 -1.9630944 -1.9434417 -1.9244909 -1.9044927 -1.889569 -1.8704666 -1.8589907 -1.8523551 -1.8523551 -1.849019 -1.8539936 -1.8555812 -1.8655303 -1.8765544 -1.9064019 -1.9263653 -1.9641266 -2.0109359 -2.0756054 -2.1346783 -2.2242207 -2.3051799 -2.3996968 -2.4906823 -2.6006466 -2.7011645 -2.7907068 -2.8842818 -2.9650356 -3.025146 -3.059968 -3.1042238 -3.119933 -3.1398037 -3.1326762 -3.1379885 -3.1212142 -3.1173507 -3.1009279 -3.0938048 -3.0817754 -3.0737914 -3.0667174 -3.0577879 -3.0473151 -3.0368423 -3.0267174 -3.0267174 -3.0265925 -3.0370653 -3.0458878
-1.943683 -1.9638966 -1.964694 -1.9570856 -1.945948 -1.9266774 -1.9047784 -1.8901845 -1.8731866 -1.8556594 -1.8425061 -1.8358239 -1.8283779 -1.8316957 -1.8332627 -1.8448178 -1.8548849 -1.8614145 -1.874091 -1.9039385 -1.9350479 -1.9748445 -2.0175418 -2.0822113 -2.1484687 -2.2334687 -2.328612 -2.4194552 -2.5148274 -2.6206751 -2.7292307 -2.8253239 -2.9115626 -2.9841563 -3.0537132 -3.0895952 -3.1146236 -3.1181586 -3.116896 -3.0907675 -3.0621535 -3.0268725 -2.9904009 -2.9380173 -2.9115428 -2.8941164 -2.8696839 -2.8542334 -2.8437607 -2.8332879 -2.8305217 -2.8206466 -2.8229783 -2.8229783 -2.8377809 -2.849377 -2.8703225
-1.9072442 -1.910496 -1.9055214 -1.8951407 -1.8809276 -1.8671043 -1.8521805 -1.8397674 -1.8255544 -1.8167877 -1.8118131 -1.8102538 -1.8152284 -1.8262212 -1.8361703 -1.850633 -1.8655567 -1.8865995 -1.916447 -1.9522105 -1.9920071 -2.0390707 -2.1037402 -2.1762518 -2.255845 -2.3415719 -2.4410635 -2.540402 -2.6448681 -2.7444497 -2.8439413 -2.9281495 -2.9977936 -3.0565068 -3.0931616 -3.0977259 -3.0927513 -3.0638659 -3.0219748 -2.9649332 -2.9073329 -2.8441311 -2.7844362 -2.729145 -2.6820175 -2.6461743 -2.6147559 -2.6014862 -2.5910134 -2.5923777 -2.5923777 -2.6009498 -2.6072975 -2.6260526 -2.6457928 -2.6667384 -2.6948022
-1.8637795 -1.8625614 -1.8496383 -1.8392575 -1.8250445 -1.8128544 -1.8025066 -1.7945109 -1.7945082 -1.7888362 -1.7987854 -1.7978353 -1.813665 -1.83522 -1.8600929 -1.8789861 -1.9138081 -1.9379298 -1.9777264 -2.0174123 -2.0771072 -2.126 -2.1973978 -2.2776266 -2.3721435 -2.4601723 -2.5646384 -2.6634389 -2.7579559 -2.8532716 -2.9265811 -3.0020639 -3.0368859 -3.0937623 -3.0952487 -3.0640221 -3.005822 -2.9598075 -2.8605345 -2.7844908 -2.6838003 -2.6072904 -2.5236482 -2.459079 -2.3963925 -2.3633416 -2.3353402 -2.3318656 -2.3302253 -2.3465411 -2.3564266 -2.386052 -2.4023926 -2.4410838 -2.4670633 -2.5037181 -2.5361188
-1.8212426 -1.8142738 -1.7993501 -1.7848422 -1.7714943 -1.7665145 -1.7585551 -1.7598227 -1.7632899 -1.7738407 -1.7901762 -1.8035407 -1.8235508 -1.8616864 -1.8933524 -1.926255 -1.9663244 -2.0089219 -2.0559184 -2.1047405 -2.1681371 -2.2321922 -2.3068108 -2.3937498 -2.4882667 -2.5827837 -2.683243 -2.779904 -2.8662041 -2.9474973 -3.0085712 -3.0534423 -3.073361 -3.0931748 -3.0787837 -2.9839476 -2.9079037 -2.8081383 -2.6914029 -2.563031 -2.447243 -2.3346438 -2.2430506 -2.1690448 -2.1012803 -2.0680708 -2.0418888 -2.056434 -2.0616704 -2.1037866 -2.1247322 -2.1756833 -2.2080777 -2.2594547 -2.303555 -2.3511198 -2.3960038
-1.7701522 -1.7612883 -1.7463646 -1.7346074 -1.725132 -1.7201522 -1.7201522 -1.7267068 -1.7409198 -1.7605943 -1.7904418 -1.8218447 -1.8566667 -1.8948023 -1.9395735 -1.9858637 -2.0356094 -2.0884001 -2.1480951 -2.2107115 -2.2803556 -2.3542728 -2.4388406 -2.5262135 -2.6207305 -2.7152474 -2.8097644 -2.8991214 -2.9737401 -3.040222 -3.0821131 -3.1064278 -3.0964786 -3.0659918 -2.9926823 -2.8978462 -2.7734818 -2.6359354 -2.4788435 -2.3245962 -2.1727407 -2.0432235 -1.9288082 -1.8445086 -1.7816718 -1.7504859 -1.7347768 -1.7549518 -1.7863702 -1.8400037 -1.8976041 -1.9599898 -2.0226285 -2.0834288 -2.1445985 -2.2074352 -2.2701633
-1.7204891 -1.7145654 -1.7028687 -1.6911332 -1.6890557 -1.6961362 -1.7076223 -1.7208184 -1.747 -1.7737736 -1.8213426 -1.8528977 -1.899204 -1.9572379 -2.0201374 -2.0713323 -2.1348268 -2.1907929 -2.2597554 -2.3254673 -2.4044806 -2.4784848 -2.5630526 -2.6490229 -2.7387536 -2.8278637 -2.903032 -2.9858414 -3.0360199 -3.0905728 -3.0886063 -3.0940999 -3.034764 -3.0038206 -2.8957476 -2.7445255 -2.5751557 -2.4179378 -2.2245351 -2.0569348 -1.8872706 -1.7546345 -1.6369753 -1.5586598 -1.502108 -1.4920589 -1.4923678 -1.5445221 -1.5935156 -1.6785111 -1.7481801 -1.8403434 -1.9115384 -1.9999753 -2.0671407 -2.1450249 -2.2127992
-1.6720942 -1.6712864 -1.6613373 -1.6572101 -1.6573463 -1.6741269 -1.6894463 -1.7194356 -1.7492962 -1.7905341 -1.8426783 -1.8941317 -1.9488521 -2.0220882 -2.0894613 -2.1589485 -2.2264741 -2.2958089 -2.3674587 -2.4416155 -2.5222625 -2.6033091 -2.6878769 -2.7696396 -2.8557157 -2.9357962 -3.0055897 -3.0632973 -3.1029861 -3.1283898 -3.1132159 -3.0706876 -2.9974299 -2.910812 -2.7799021 -2.5837626 -2.4009937 -2.2007966 -1.9945589 -1.7958012 -1.6177637 -1.4795612 -1.3601713 -1.2951231 -1.2427591 -1.2566083 -1.2723175 -1.3498441 -1.4231537 -1.534786 -1.6290412 -1.7386441 -1.8334404 -1.9313748 -2.019942 -2.1012578 -2.1798037
-1.6246339 -1.6257319 -1.6257319 -1.6280013 -1.6374767 -1.6542574 -1.6791303 -1.7128124 -1.7601893 -1.8104036 -1.8750731 -1.937426 -2.0120446 -2.0883201 -2.1679133 -2.24505 -2.3246432 -2.4017799 -2.4813731 -2.5608329 -2.6454007 -2.7291497 -2.8137175 -2.8954802 -2.9700988 -3.0417672 -3.0964875 -3.1427756 -3.1527248 -3.1548825 -3.107755 -3.0441949 -2.9297796 -2.8080089 -2.6194987 -2.4181829 -2.1993015 -1.9822314 -1.7518299 -1.5439126 -1.3501659 -1.2087843 -1.0993437 -1.0397492 -1.0188036 -1.0457327 -1.1033331 -1.1943024 -1.3039363 -1.430823 -1.5628093 -1.6866897 -1.8069477 -1.9174938 -2.019942 -2.1089607 -2.1930501
-1.5890614 -1.5909783 -1.594719 -1.6023274 -1.6151172 -1.6343878 -1.668678 -1.7163923 -1.7709792 -1.8244689 -1.8967506 -1.9746361 -2.0567144 -2.1429433 -2.2298436 -2.3243605 -2.416549 -2.4961422 -2.5780695 -2.6626373 -2.7449219 -2.8259685 -2.908304 -2.9864947 -3.0545689 -3.1061536 -3.1386107 -3.1816234 -3.179094 -3.1523535 -3.0887302 -2.9944847 -2.8577668 -2.688864 -2.4809231 -2.2584075 -2.0251443 -1.7868835 -1.550092 -1.3328618 -1.1501188 -1.0126901 -0.92186864 -0.89868555 -0.89980365 -0.93164575 -1.0257255 -1.133201 -1.283427 -1.4235029 -1.5910675 -1.7220994 -1.8675201 -1.9810968 -2.0953985 -2.1844173 -2.2701443
-1.5526224 -1.5681068 -1.5730814 -1.5834621 -1.5976752 -1.628814 -1.668678 -1.7185916 -1.7756721 -1.8440801 -1.9250114 -2.0080199 -2.0975623 -2.1977008 -2.2929885 -2.3891114 -2.48445 -2.5774118 -2.6628521 -2.7444114 -2.8230813 -2.9026745 -2.9822677 -3.0471881 -3.103808 -3.149986 -3.1755301 -3.1858648 -3.1603331 -3.1151716 -3.0236071 -2.9072725 -2.7451726 -2.5641244 -2.3389594 -2.0986739 -1.8549196 -1.6188132 -1.3787586 -1.1839751 -1.0059376 -0.90265383 -0.81808604 -0.81432323 -0.83526881 -0.92842238 -1.0279139 -1.1818904 -1.3337458 -1.5062782 -1.6738429 -1.8240849 -1.9696893 -2.0890461 -2.1998286 -2.2850839 -2.3642276
