P2_models/J1_p2_vp_slide_diff2_5.dat.tif
NCOLS 118
NROWS 92
XLLCORNER 139.62
YLLCORNER -39.07
DX 0.099491525
DY 0.099347826
NODATA_VALUE -9999
[rows 25 to 49 of 92, columns 57 to 113 of 118]
0.11310171 0.11825395 0.12340619 0.12919312 0.13424465 0.13850858 0.1427725 0.14703642 0.15130034 0.1580876 0.16710231 0.176147 0.18519168 0.19423636 0.20044492 0.20302433 0.20560374 0.20818315 0.21076256 0.21592009 0.2112877 0.21016138 0.20903507 0.20790875 0.20678243 0.21015003 0.21559391 0.22103778 0.22648166 0.23050905 0.23233189 0.23252888 0.22764816 0.22276744 0.21788673 0.21300031 0.20792819 0.20285607 0.19778395 0.19271184 0.17859923 0.17634909 0.16979105 0.16309451 0.15639796 0.14970142 0.13985908 0.12679723 0.11326638 0.099735533 0.086204686 0.074489092 0.067374296 0.061404804 0.055435313 0.049465821 -9999
0.11796342 0.12311566 0.12826789 0.13405482 0.14027304 0.14569544 0.14995936 0.15422328 0.15848721 0.16527446 0.17214842 0.18079732 0.189842 0.19888669 0.20509524 0.20767465 0.21025406 0.21316817 0.21851124 0.22374109 0.21886037 0.21397966 0.2126285 0.21150218 0.21037586 0.21374346 0.21918734 0.22463122 0.22806715 0.22881803 0.23064086 0.23439526 0.23568054 0.23079982 0.2259191 0.22103268 0.21596057 0.21088845 0.20581633 0.1907748 0.17458304 0.1723329 0.17156758 0.16563105 0.1589345 0.15223796 0.14239562 0.13105358 0.11812808 0.10459724 0.091066388 0.079350794 0.06860571 0.061193426 0.055223935 0.049254443 -9999
0.12249694 0.12797736 0.1331296 0.13891652 0.14513474 0.15135296 0.15714623 0.16141015 0.16567407 0.17246133 0.17933529 0.18620925 0.19449233 0.20353701 0.20974557 0.21232498 0.21564611 0.22098917 0.22633224 0.23156209 0.22668137 0.22180066 0.21691994 0.21509561 0.21396929 0.2173369 0.22278077 0.22562524 0.22637612 0.227127 0.22894983 0.23270423 0.23645863 0.2388322 0.23395148 0.22906506 0.22399294 0.21892083 0.20295037 0.18675861 0.17056685 0.16831671 0.16755139 0.16678607 0.16147104 0.1547745 0.14493216 0.13359012 0.12224809 0.10945894 0.09592809 0.084212497 0.073467412 0.062722327 0.055012556 0.049043065 -9999
0.1248221 0.1321063 0.1379913 0.14377822 0.14999644 0.15621466 0.16243289 0.16859701 0.17286094 0.17964819 0.18652215 0.19339611 0.20027007 0.20818733 0.21439589 0.21812404 0.22346711 0.22881017 0.23415323 0.23938309 0.23450237 0.22962166 0.22474094 0.21986022 0.21756272 0.22093033 0.22318333 0.22393421 0.22468509 0.22543597 0.22725881 0.2310132 0.2347676 0.238522 0.24198386 0.23709744 0.2313177 0.21512594 0.19893418 0.18274242 0.16655067 0.16430052 0.1635352 0.16276988 0.16200456 0.15731104 0.1474687 0.13612666 0.12478463 0.1134426 0.10078979 0.089074199 0.078329114 0.067584029 0.056838944 0.048831686 -9999
0.12600249 0.13328669 0.14057089 0.14680829 0.15302651 0.15924473 0.16546295 0.17168117 0.17789939 0.18527816 0.19215212 0.19902608 0.20590004 0.212774 0.2189764 0.22431947 0.22966253 0.23500559 0.24034866 0.24525773 0.24220889 0.23732818 0.23244746 0.22756674 0.22268603 0.22165725 0.22240813 0.22315901 0.22390988 0.22466076 0.2254533 0.2292077 0.2329621 0.23671649 0.24047089 0.24363064 0.22743888 0.21124712 0.19505537 0.17886361 0.1628613 0.16110857 0.16034325 0.15957793 0.15881261 0.15804729 0.15048604 0.13914401 0.12780197 0.11645994 0.10511791 0.093111664 0.082366579 0.071621495 0.06087641 0.050131325 -9999
0.11775873 0.12504293 0.13232714 0.1370726 0.14097794 0.14719616 0.15341438 0.1596326 0.16585082 0.17672534 0.18496526 0.19183922 0.19871318 0.20558714 0.21178954 0.2171326 0.22247566 0.22781873 0.23201624 0.23342054 0.24505917 0.24409228 0.23921157 0.23433085 0.22945014 0.22842135 0.22917223 0.22992311 0.23067399 0.22915385 0.2268873 0.22645978 0.23021418 0.23396857 0.23772297 0.24088272 0.22469096 0.20849921 0.19230745 0.1770548 0.16983679 0.16568376 0.16393668 0.16317136 0.16240604 0.16164072 0.15586908 0.14611949 0.13477746 0.12343543 0.11209339 0.095175934 0.079618661 0.068873576 0.058128491 0.047383406 -9999
0.10951498 0.11679918 0.12408338 0.12882884 0.13184912 0.1351476 0.14136582 0.14758404 0.15380226 0.16467678 0.17571129 0.18465235 0.19152631 0.19840027 0.20460267 0.20994574 0.2152888 0.21888935 0.22017905 0.22158336 0.23322199 0.24486062 0.24597568 0.24109496 0.23621424 0.23518546 0.23593634 0.23668722 0.23469391 0.23169039 0.22942384 0.22848524 0.22754664 0.23122066 0.23497505 0.2381348 0.22194305 0.20575129 0.1912483 0.18403028 0.17681227 0.17265924 0.16883265 0.16676479 0.16599947 0.16523415 0.15946251 0.15130421 0.14175295 0.13041091 0.11906888 0.10215142 0.082253115 0.066125657 0.055380573 0.044635488 -9999
0.1027033 0.10855542 0.11583962 0.12058508 0.12360536 0.12662564 0.12964592 0.13553547 0.14175369 0.15262821 0.16366273 0.17469724 0.18433945 0.19121341 0.19741581 0.20275887 0.20576246 0.20705216 0.20834187 0.20974617 0.2213848 0.23302343 0.24466206 0.24785907 0.24297835 0.24194957 0.24270045 0.24023397 0.23723045 0.23422693 0.23196038 0.23102178 0.23008318 0.22914458 0.23222713 0.23538688 0.21919513 0.20544179 0.19822378 0.19100577 0.18378776 0.17963473 0.17580813 0.17198153 0.1695929 0.16882759 0.16305594 0.15489764 0.14673933 0.1373864 0.12604436 0.10912691 0.089228601 0.069330296 0.052632654 0.041887569 -9999
0.098052978 0.1023169 0.10759587 0.11234133 0.11536161 0.11838189 0.12140216 0.12442244 0.12970513 0.14057964 0.15161416 0.16264867 0.17368319 0.18402655 0.19022895 0.19263556 0.19392527 0.19521497 0.19650468 0.19790898 0.20954761 0.22118624 0.23282487 0.24446351 0.24974246 0.24871368 0.24577402 0.24277051 0.23976699 0.23676347 0.23449692 0.23355832 0.23261972 0.23168112 0.23074252 0.23263897 0.21963529 0.21241728 0.20519927 0.19798125 0.19076324 0.18661021 0.18278362 0.17895702 0.17513042 0.17242102 0.16664937 0.15849107 0.15033276 0.14217446 0.13301985 0.11610239 0.096204086 0.076305781 0.056407476 0.039139651 -9999
0.096788408 0.10105233 0.10531625 0.10623101 0.10925129 0.11227157 0.11529185 0.11831213 0.12133241 0.12533439 0.1363689 0.14740341 0.15843793 0.16947244 0.17623219 0.1775219 0.1788116 0.18010131 0.18139101 0.18191891 0.19745025 0.20908888 0.22072751 0.23236614 0.24400477 0.24562837 0.24262486 0.23962134 0.23661782 0.2336143 0.23650469 0.23587111 0.23493251 0.23399391 0.23305531 0.23192951 0.2247115 0.21749348 0.21027547 0.20305746 0.19483553 0.1901375 0.18631091 0.18248431 0.17865771 0.17483112 0.16945708 0.16129877 0.15314047 0.14498216 0.13682386 0.11702099 0.09712268 0.077224375 0.05732607 0.037427765 -9999
0.10110788 0.1053718 0.10963572 0.10977419 0.10710924 0.10967989 0.11270017 0.11572045 0.11874072 0.1149936 0.11585141 0.12688593 0.13792044 0.14895496 0.15571471 0.15700441 0.15829412 0.15958382 0.15949002 0.15880974 0.17964664 0.19656241 0.20820105 0.21983968 0.23147831 0.23310191 0.23009839 0.22709487 0.22409136 0.22921937 0.23391301 0.23691653 0.23687627 0.23593767 0.23499907 0.23387327 0.22665526 0.21943724 0.21221923 0.20366303 0.19332371 0.18835151 0.18415117 0.18032457 0.17649798 0.17267138 0.16820215 0.16281059 0.15465228 0.14649398 0.13833567 0.11617398 0.088051792 0.068153487 0.048255182 0.028356876 -9999
0.10542735 0.10969127 0.11395519 0.11409366 0.11142871 0.10876376 0.11010848 0.11312876 0.11614904 0.11240192 0.10842226 0.10636844 0.11740296 0.12843747 0.13519722 0.13648692 0.13777663 0.13730207 0.13638085 0.13570057 0.15653747 0.17737438 0.19567458 0.20731321 0.21895184 0.22057544 0.21757193 0.2153645 0.2209961 0.22662769 0.23132133 0.23432485 0.23732836 0.23788144 0.23694284 0.23581703 0.22859902 0.22138101 0.21249053 0.20215121 0.1918119 0.1868397 0.18243911 0.17816484 0.17433824 0.17051164 0.16604241 0.16126682 0.1561641 0.14800579 0.13984749 0.11768579 0.088037316 0.059082598 0.039184293 0.019285988 -9999
0.10677044 0.11401074 0.11827467 0.11841313 0.11574818 0.11308323 0.11041828 0.11053708 0.11355736 0.10981023 0.10583057 0.10185091 0.097871251 0.10791999 0.11467973 0.11596944 0.11511412 0.1141929 0.11327169 0.1125914 0.13342831 0.15426521 0.17510211 0.19478675 0.20642538 0.20804898 0.20714122 0.21277282 0.21840441 0.22403601 0.22872965 0.23173316 0.23473668 0.2377402 0.2388866 0.23776079 0.23054278 0.22131803 0.21097872 0.2006394 0.19030008 0.18532788 0.1809273 0.17652671 0.17217851 0.16835191 0.16388268 0.15910709 0.15433149 0.1495176 0.1413593 0.1191976 0.08954913 0.059900656 0.030252181 0.0102151 -9999
0.10698641 0.11462594 0.12226547 0.1227326 0.12006765 0.1174027 0.11473775 0.1120728 0.11096568 0.10721855 0.10323889 0.09925923 0.095279569 0.091299908 0.093847389 0.092926171 0.092004954 0.091083736 0.090162518 0.089482233 0.11031914 0.13115604 0.15199295 0.17282985 0.19366676 0.19891794 0.20454954 0.21018114 0.21581273 0.22144433 0.22613796 0.22914148 0.232145 0.23514852 0.23815203 0.23970456 0.23014553 0.21980622 0.2094669 0.19912759 0.18878827 0.18381607 0.17941548 0.17501489 0.17061431 0.16621372 0.16172294 0.15694735 0.15217176 0.14739616 0.14262057 0.12070942 0.091060945 0.06141247 0.031763996 0.0021155213 -9999
0.10623405 0.11387357 0.12124458 0.12200427 0.11906127 0.11639632 0.11373137 0.11106642 0.10840147 0.10446548 0.10048582 0.096506158 0.092526497 0.089683959 0.088975225 0.088054007 0.087132789 0.086211571 0.085290353 0.089670597 0.10254196 0.12337887 0.14421577 0.16505268 0.18588958 0.19632626 0.20195786 0.20758945 0.21322105 0.21860864 0.22163998 0.22332201 0.22632553 0.22932905 0.23233256 0.2349383 0.22459898 0.21425967 0.20392035 0.19358104 0.18965928 0.18553204 0.18113145 0.17673087 0.17233028 0.16693347 0.16166127 0.15688568 0.15211008 0.14733449 0.13869207 0.11479732 0.085148847 0.055500372 0.025851898 -0.0044054554 -9999
0.10515418 0.11241026 0.11951679 0.12027648 0.11672321 0.11358867 0.11092371 0.10825876 0.10559381 0.10165782 0.097678163 0.093698502 0.091522481 0.0909798 0.090271066 0.089349848 0.08842863 0.087856724 0.092831301 0.097877591 0.1093285 0.12078719 0.14162409 0.16246099 0.1832979 0.19373458 0.19936618 0.20499777 0.21021584 0.21472112 0.21775246 0.2181279 0.21941438 0.22241789 0.22542141 0.22802714 0.21768783 0.20734851 0.1970092 0.19402759 0.19246693 0.1883397 0.18393911 0.17953852 0.17389527 0.16758139 0.16230919 0.1575336 0.152758 0.14340198 0.1302691 0.10637435 0.076725879 0.047077404 0.016701118 -0.014340238 -9999
0.10357593 0.11068247 0.11778901 0.11854869 0.11499542 0.11144215 0.10811606 0.10545111 0.10278615 0.098850168 0.094870507 0.093361003 0.092818322 0.092275641 0.091566907 0.090645689 0.091089142 0.096063719 0.10103829 0.10608459 0.1175355 0.12898641 0.14043732 0.15986931 0.18070622 0.1911429 0.19677449 0.20182304 0.20632832 0.2108336 0.21386494 0.21424038 0.21461582 0.21550674 0.21851026 0.22111599 0.21077668 0.20043736 0.19839589 0.19683524 0.19527459 0.19114735 0.18674677 0.18085708 0.17454319 0.16822931 0.16295711 0.15818152 0.14811189 0.13497901 0.12184613 0.097951386 0.068302911 0.037807691 0.0067663353 -0.024275021 -9999
0.10184814 0.10895468 0.11606122 0.1168209 0.11326763 0.10971436 0.1061611 0.10264345 0.099978499 0.096042512 0.095199526 0.094656845 0.094114164 0.093571483 0.092862748 0.09432156 0.099296137 0.10427071 0.10924529 0.11429158 0.12574249 0.1371934 0.14864431 0.16009523 0.17811453 0.18855121 0.19343024 0.19793552 0.2024408 0.20694607 0.20997741 0.21035285 0.21072829 0.21110373 0.2115991 0.21420484 0.20432485 0.2027642 0.20120355 0.1996429 0.19808225 0.19395501 0.18781888 0.181505 0.17519111 0.16887723 0.16360503 0.15282181 0.13968893 0.12655604 0.11342316 0.089528418 0.058914265 0.027872909 -0.0031684473 -0.034209803 -9999
0.099605 0.10671154 0.11381807 0.11559233 0.11203906 0.10848579 0.10493252 0.10137925 0.097825986 0.09681211 0.096269429 0.095726748 0.095184067 0.094641386 0.096518967 0.10149354 0.10646812 0.1114427 0.11641727 0.12166697 0.13209787 0.14354878 0.15499969 0.1664506 0.17790151 0.18460171 0.18910698 0.19361226 0.19811754 0.20262281 0.20580263 0.20617807 0.20655351 0.20692895 0.20730438 0.2076221 0.20606145 0.2045008 0.20294015 0.2013795 0.20018293 0.19537297 0.18905909 0.1827452 0.17643132 0.17011743 0.15698355 0.14385067 0.13071779 0.11758491 0.10445203 0.079996092 0.048954736 0.01791338 -0.013127976 -0.044169331 -9999
0.093475027 0.10058156 0.1076881 0.1127848 0.1145756 0.11102233 0.10746906 0.1039158 0.10036253 0.097096568 0.095635294 0.095092613 0.094549932 0.094007251 0.095884832 0.10085941 0.10583398 0.11080856 0.11643018 0.12356937 0.12657289 0.13593916 0.14739007 0.15884098 0.17029189 0.17699209 0.18149736 0.18600264 0.19050792 0.19397458 0.19692437 0.19983672 0.20021215 0.20058759 0.20096303 0.20128075 0.1997201 0.19815945 0.1965988 0.19639635 0.20673566 0.20133303 0.1947663 0.18845242 0.18213853 0.17582465 0.15290075 0.13074521 0.11761233 0.10447945 0.091346569 0.06835945 0.038808575 0.0077672194 -0.023274136 -0.054315492 -9999
0.087345055 0.094451593 0.10155813 0.10665483 0.11038576 0.11355887 0.1100056 0.10645234 0.10289907 0.099633108 0.096377022 0.094458478 0.093915797 0.093373116 0.095250696 0.10022527 0.10519985 0.11114709 0.11833259 0.12547178 0.1284753 0.13147882 0.13978045 0.15123136 0.16268227 0.16938246 0.17388774 0.17839302 0.18164676 0.18446255 0.18741235 0.19060358 0.19379482 0.19424624 0.19462168 0.1949394 0.19337875 0.1918181 0.19260976 0.20294908 0.21328839 0.20788576 0.20080655 0.19415963 0.18784575 0.18153186 0.15860797 0.1277656 0.10450687 0.091373992 0.078241111 0.055253992 0.026998399 -0.0023789415 -0.033420297 -0.064461653 -9999
0.085347408 0.08832162 0.095428158 0.10052486 0.10425579 0.10798672 0.11171766 0.10898888 0.10543561 0.10216965 0.098913562 0.095657476 0.093281662 0.09273898 0.094616561 0.099591138 0.105864 0.11304949 0.12023499 0.12737418 0.1303777 0.13338122 0.13638474 0.14362174 0.15507265 0.16177284 0.16627812 0.16931893 0.17213473 0.17495053 0.17790032 0.18109156 0.1842828 0.18747403 0.18828033 0.18859805 0.1870374 0.18882317 0.19916249 0.2095018 0.21984112 0.21443848 0.20735928 0.20028008 0.19355296 0.18723908 0.16431518 0.13347281 0.10263044 0.078268534 0.065135653 0.042148534 0.013892941 -0.014362652 -0.043566458 -0.074607814 -9999
0.089363597 0.087942289 0.089298186 0.094394887 0.098125819 0.10185675 0.10558768 0.10931862 0.10797215 0.10470619 0.1014501 0.098194016 0.094937929 0.092104845 0.093982426 0.1005809 0.1077664 0.1149519 0.1221374 0.12927659 0.13228011 0.13528363 0.13828714 0.14129066 0.14746303 0.15416322 0.15699111 0.15980691 0.16262271 0.1654385 0.1683883 0.17157953 0.17477077 0.17796201 0.18115325 0.1822567 0.18503659 0.1953759 0.20571522 0.21605453 0.22639385 0.22099121 0.21391201 0.2068328 0.1997536 0.19294629 0.1700224 0.13918003 0.10833765 0.077495282 0.052030195 0.029043076 0.00078748317 -0.02746811 -0.055723703 -0.084753975 -9999
0.097456212 0.096034904 0.093542946 0.090461867 0.094192799 0.097923731 0.10165466 0.1053856 0.10911653 0.10609255 0.10283646 0.099580376 0.09632429 0.093068204 0.096950511 0.10413601 0.11132151 0.11850701 0.12569251 0.12743497 0.13285092 0.13585443 0.13885795 0.14186147 0.14486499 0.14774011 0.15055591 0.1533717 0.1561875 0.1590033 0.16045496 0.16437694 0.16756818 0.17075941 0.17395065 0.17735499 0.18769431 0.19803362 0.20837294 0.21871225 0.232376 0.22791222 0.22083301 0.21375381 0.2066746 0.19813846 0.17113797 0.14029559 0.10945322 0.078610849 0.047290166 0.016053725 -0.012201868 -0.040457461 -0.068713055 -0.097109814 -9999
0.11202723 0.10608651 0.090452125 0.087617228 0.093480121 0.097482185 0.10121312 0.10494405 0.10867498 0.105651 0.10239492 0.09913883 0.096590868 0.098761592 0.10313215 0.11031765 0.11750315 0.12468865 0.12394869 0.11948715 0.12793454 0.13430902 0.13731254 0.14031606 0.14331958 0.1461947 0.14901049 0.15182629 0.15464209 0.14837741 0.14809167 0.1587917 0.16403581 0.16722705 0.17041828 0.17382262 0.18416194 0.19450125 0.20484057 0.2197889 0.23988228 0.2354185 0.22833929 0.22126009 0.21089847 0.19195681 0.16495632 0.13411395 0.10327158 0.071297199 0.034485335 0.003248894 -0.025006699 -0.053262292 -0.08194232 -0.11278469 -9999
