P2_models/J1_p2_vp_slide_diff2_260.dat.tif
NCOLS 118
NROWS 92
XLLCORNER 139.62
YLLCORNER -39.07
DX 0.099491525
DY 0.099347826
NODATA_VALUE -9999
[rows 24 to 47 of 92, columns 0 to 54 of 118]
-9999 -0.067964067 -0.063298241 -0.058632414 -0.053966588 -0.049300762 -0.044634935 -0.043093201 -0.046075989 -0.049058778 -0.052041566 -0.055024355 -0.058007144 -0.060750461 -0.063014225 -0.065277989 -0.067541753 -0.069805517 -0.072069281 -0.073832484 -0.07307668 -0.072320876 -0.071565072 -0.070809268 -0.070053464 -0.072316111 -0.082668963 -0.093021815 -0.10337467 -0.11372752 -0.12408037 -0.12753431 -0.12077867 -0.11402302 -0.10726738 -0.10051174 -0.093756093 -0.09004629 -0.089414176 -0.088782062 -0.088149947 -0.087517833 -0.086885719 -0.091889773 -0.1009456 -0.11000142 -0.11905724 -0.12811307 -0.13706166 -0.13230417 -0.1204995 -0.10869483 -0.09689016 -0.08508549 -0.072757915
-9999 -0.06995038 -0.065284554 -0.060618727 -0.055952901 -0.051287075 -0.047859873 -0.045911646 -0.046160926 -0.049143714 -0.052126503 -0.055109291 -0.05809208 -0.061043434 -0.06376736 -0.066031124 -0.068294888 -0.070558651 -0.072822415 -0.074173107 -0.073417303 -0.072661499 -0.071905695 -0.071149891 -0.07118087 -0.072191481 -0.074131082 -0.084483934 -0.094836786 -0.10518964 -0.11554249 -0.12005164 -0.113296 -0.10654035 -0.09978471 -0.093029067 -0.09120469 -0.091909529 -0.089274527 -0.088642413 -0.088010298 -0.087378184 -0.08674607 -0.094043952 -0.10481283 -0.11386865 -0.12292448 -0.1319803 -0.14103612 -0.13808089 -0.12726364 -0.11545897 -0.1036543 -0.091849635 -0.082477159
-9999 -0.072079171 -0.067413345 -0.062747519 -0.058081692 -0.055318933 -0.052897864 -0.050949638 -0.049547134 -0.048498376 -0.051481165 -0.054463953 -0.057446742 -0.060398096 -0.063286501 -0.066174906 -0.068445812 -0.070709575 -0.072973339 -0.074324031 -0.073568227 -0.072812423 -0.072056619 -0.072720688 -0.074269107 -0.075279719 -0.07484887 -0.074418021 -0.08440759 -0.094760442 -0.10511329 -0.10962244 -0.1028668 -0.096111157 -0.089355514 -0.090229303 -0.094117061 -0.0948219 -0.090973122 -0.087591017 -0.086958902 -0.086326788 -0.085694674 -0.092992556 -0.10599121 -0.11759208 -0.12664791 -0.13570373 -0.14475955 -0.14180432 -0.13677324 -0.12724142 -0.11543675 -0.10363208 -0.094259599
-9999 -0.074207963 -0.069542137 -0.065199063 -0.062777994 -0.060356925 -0.057935856 -0.05598763 -0.054585126 -0.053182621 -0.051780117 -0.053818615 -0.056801404 -0.059752758 -0.062641163 -0.065529567 -0.068417972 -0.0708605 -0.073124263 -0.074474955 -0.073719151 -0.072963347 -0.074260506 -0.075808925 -0.077357345 -0.078367957 -0.077937108 -0.077506259 -0.07707541 -0.084331245 -0.094684097 -0.099193247 -0.092437604 -0.085681961 -0.089253916 -0.093141674 -0.097029432 -0.097734271 -0.093885493 -0.090036714 -0.086187936 -0.085275392 -0.084643278 -0.09194116 -0.10493981 -0.11793847 -0.13037134 -0.13942716 -0.14848298 -0.14552775 -0.14049667 -0.1354656 -0.12721919 -0.11541452 -0.10604204
-9999 -0.076336754 -0.072658124 -0.070237055 -0.067815986 -0.065394917 -0.062973848 -0.061025622 -0.059623117 -0.058220613 -0.056818109 -0.055415604 -0.056156066 -0.05910742 -0.061995825 -0.064884229 -0.067772634 -0.070661039 -0.073275188 -0.074625879 -0.074251904 -0.075800324 -0.077348743 -0.078897163 -0.080445583 -0.081456195 -0.081025346 -0.080594497 -0.080163648 -0.079732799 -0.084254901 -0.08876405 -0.084390772 -0.088278529 -0.092166287 -0.096054045 -0.099941803 -0.10064664 -0.096797863 -0.092949085 -0.089100307 -0.085251529 -0.083591882 -0.090889764 -0.10388842 -0.11688707 -0.12988573 -0.14288438 -0.15220641 -0.14925118 -0.1442201 -0.13918903 -0.13415796 -0.12719696 -0.11782448
-9999 -0.080350833 -0.077929764 -0.075508695 -0.073087626 -0.070666557 -0.068245487 -0.065917723 -0.064515219 -0.063112715 -0.06171021 -0.060307706 -0.058905202 -0.058775269 -0.061663674 -0.064552078 -0.067440483 -0.070328888 -0.073217293 -0.075700506 -0.077248926 -0.078797346 -0.080345765 -0.081894185 -0.083442605 -0.084882415 -0.084451566 -0.084020717 -0.083589868 -0.08315902 -0.082728171 -0.083772417 -0.087660174 -0.091547932 -0.09543569 -0.099323448 -0.10321121 -0.10416213 -0.10031335 -0.096464569 -0.09261579 -0.088767012 -0.084918234 -0.088996089 -0.10199474 -0.1149934 -0.12799205 -0.14099071 -0.15398936 -0.15321574 -0.14818467 -0.1431536 -0.13812252 -0.13309145 -0.12838829
-9999 -0.087545941 -0.085124872 -0.082703803 -0.080282734 -0.077861664 -0.070430378 -0.066828967 -0.068206308 -0.066803803 -0.065401299 -0.063998795 -0.062596291 -0.062245346 -0.064000211 -0.066798185 -0.06968659 -0.072574994 -0.075463399 -0.077946613 -0.079495032 -0.081043452 -0.082591872 -0.084140292 -0.085806649 -0.087754071 -0.090309149 -0.090229322 -0.089798473 -0.089367625 -0.088936776 -0.089981022 -0.093868779 -0.097756537 -0.1016443 -0.10553205 -0.10229936 -0.10225023 -0.10879385 -0.10494507 -0.10109629 -0.097247512 -0.093398734 -0.091036507 -0.093167162 -0.10616582 -0.11916447 -0.13216313 -0.14516178 -0.15337759 -0.15413433 -0.14910326 -0.14407219 -0.13904112 -0.13390465
-9999 -0.094741049 -0.09231998 -0.089898911 -0.086384134 -0.078399858 -0.070415581 -0.066814171 -0.068271151 -0.069728131 -0.069092388 -0.067689884 -0.066287379 -0.065936435 -0.0676913 -0.069446164 -0.071932696 -0.074821101 -0.077709506 -0.080192719 -0.081741139 -0.083289558 -0.084837978 -0.086551672 -0.088272378 -0.0902198 -0.092774877 -0.095329954 -0.096007078 -0.09557623 -0.095145381 -0.096189627 -0.10007738 -0.10396514 -0.10737091 -0.10236581 -0.097360714 -0.097311583 -0.10435267 -0.11139375 -0.10957679 -0.10572801 -0.10187923 -0.099517006 -0.098223442 -0.097338234 -0.11033689 -0.12333554 -0.1363342 -0.14455001 -0.15193921 -0.15505293 -0.15002185 -0.14499078 -0.13985432
-9999 -0.10193616 -0.099515088 -0.094353614 -0.086369338 -0.078385061 -0.070400785 -0.066799374 -0.068256354 -0.069713334 -0.071170314 -0.071380972 -0.069978468 -0.069627524 -0.071382388 -0.073137253 -0.074892118 -0.077067207 -0.079955612 -0.082438825 -0.083987245 -0.085575989 -0.087296695 -0.089017401 -0.090738106 -0.092685528 -0.095240606 -0.097795683 -0.10035076 -0.10178483 -0.10135399 -0.10239823 -0.10628599 -0.10743736 -0.10243227 -0.097427168 -0.09242207 -0.092372939 -0.099414023 -0.10645511 -0.11349619 -0.11420851 -0.11035973 -0.10799751 -0.10670394 -0.10541038 -0.10411681 -0.11450796 -0.12750662 -0.13572242 -0.14311162 -0.15050082 -0.15597152 -0.15094045 -0.14580398
-9999 -0.10913126 -0.10232309 -0.094338818 -0.086354541 -0.078370265 -0.070385988 -0.066784578 -0.068241558 -0.069698538 -0.071155518 -0.072612498 -0.073669557 -0.073318613 -0.075073477 -0.076828342 -0.078583207 -0.080338071 -0.082201718 -0.084684932 -0.086321011 -0.088041717 -0.089762423 -0.091483129 -0.093203835 -0.095151257 -0.097706334 -0.10026141 -0.10281649 -0.10537157 -0.10756259 -0.10860684 -0.10750382 -0.10249872 -0.097493622 -0.092488524 -0.087483426 -0.087434295 -0.094475379 -0.10151646 -0.10855755 -0.11559863 -0.11884023 -0.11647801 -0.11518444 -0.11389088 -0.11259731 -0.11130375 -0.11867903 -0.12689484 -0.13428404 -0.14167324 -0.14906244 -0.15645164 -0.15175365
-9999 -0.11187291 -0.10388864 -0.095904362 -0.087920085 -0.079935809 -0.071951532 -0.065756226 -0.067214547 -0.068671527 -0.070128507 -0.071585487 -0.073042467 -0.072494271 -0.073247137 -0.075002001 -0.076756866 -0.078511731 -0.080266595 -0.082011131 -0.083731837 -0.085452543 -0.087173249 -0.088893955 -0.090614661 -0.098195748 -0.09851148 -0.10106656 -0.10362163 -0.10617671 -0.10873179 -0.10870456 -0.10369946 -0.098694362 -0.093689263 -0.088684165 -0.083679067 -0.081741989 -0.087795585 -0.094836669 -0.10187775 -0.10891884 -0.11595992 -0.12412043 -0.12282687 -0.1215333 -0.12023974 -0.11894617 -0.11765261 -0.11824843 -0.12563763 -0.13302683 -0.14041604 -0.14780524 -0.15472177
-9999 -0.11604488 -0.1080606 -0.10007632 -0.092092046 -0.082601929 -0.069393043 -0.063009907 -0.064504563 -0.065975098 -0.067432078 -0.068889058 -0.070346038 -0.069797842 -0.065234166 -0.0640759 -0.065830765 -0.067585629 -0.069340494 -0.07108503 -0.072805736 -0.074526442 -0.076247148 -0.079106782 -0.098132546 -0.10980886 -0.10178681 -0.099132947 -0.10168802 -0.1042431 -0.10679818 -0.10677095 -0.10176585 -0.09676075 -0.091755652 -0.088376812 -0.09263252 -0.091669213 -0.083239365 -0.08528524 -0.092326323 -0.099367407 -0.10640849 -0.11603501 -0.12752018 -0.12779351 -0.12649995 -0.12520638 -0.12391282 -0.11977667 -0.11729004 -0.12467924 -0.13206844 -0.13945764 -0.14637417
-9999 -0.12021684 -0.11223256 -0.10424828 -0.093064496 -0.07985561 -0.066646723 -0.060263587 -0.061758244 -0.0632529 -0.064735648 -0.066192628 -0.067649608 -0.067101412 -0.062537736 -0.05797406 -0.054904664 -0.056659528 -0.058414393 -0.060158929 -0.061879635 -0.06360034 -0.07169413 -0.090719895 -0.10974566 -0.12142197 -0.11339992 -0.10537787 -0.099754413 -0.10230949 -0.10486457 -0.10483734 -0.099832238 -0.094827139 -0.094048328 -0.098304036 -0.10255974 -0.10159644 -0.093166588 -0.08473674 -0.082774894 -0.089815978 -0.096857062 -0.10648358 -0.11796875 -0.12945391 -0.13276015 -0.13146659 -0.13017303 -0.12603688 -0.12140946 -0.11678204 -0.12372085 -0.13111005 -0.13802658
-9999 -0.1243888 -0.11640452 -0.10352706 -0.090318177 -0.07710929 -0.063900404 -0.057517268 -0.059011924 -0.06050658 -0.062001237 -0.063495893 -0.064953179 -0.064404983 -0.059841306 -0.05527763 -0.050713954 -0.046150278 -0.047488292 -0.049232827 -0.050953533 -0.064281479 -0.083307243 -0.10233301 -0.12135877 -0.13303509 -0.12501304 -0.11699098 -0.10896893 -0.10094688 -0.10293096 -0.10290372 -0.097898627 -0.099719844 -0.10397555 -0.10823126 -0.11248697 -0.11152366 -0.10309381 -0.094663963 -0.086234115 -0.080264548 -0.087305632 -0.096932155 -0.10841732 -0.11990248 -0.13138764 -0.1377268 -0.13643323 -0.13229709 -0.12766967 -0.12304224 -0.11841482 -0.12276246 -0.12967899
-9999 -0.12719852 -0.11398963 -0.10078074 -0.087571857 -0.074362971 -0.061154084 -0.054770948 -0.056265605 -0.057760261 -0.059254917 -0.060749573 -0.06224423 -0.061708553 -0.057144877 -0.052581201 -0.048017524 -0.043453848 -0.038890172 -0.038306726 -0.056868828 -0.075894592 -0.094920356 -0.11394612 -0.13297189 -0.1446482 -0.13662615 -0.1286041 -0.12058204 -0.11255999 -0.10453794 -0.10113565 -0.10539136 -0.10964707 -0.11390278 -0.11815848 -0.12241419 -0.12145088 -0.11302104 -0.10459119 -0.096161339 -0.08773149 -0.079301642 -0.087380725 -0.098865887 -0.11035105 -0.12183621 -0.13332137 -0.14269344 -0.1385573 -0.13392988 -0.12930245 -0.12467503 -0.12004761 -0.1213314
-9999 -0.12249729 -0.1092884 -0.096079514 -0.082870628 -0.069661741 -0.061443095 -0.06095253 -0.062447186 -0.063941842 -0.065436499 -0.066931155 -0.068568224 -0.069686697 -0.067712559 -0.063148883 -0.058585206 -0.05402153 -0.049457854 -0.052027271 -0.071053035 -0.0900788 -0.10910456 -0.12813033 -0.14285624 -0.14532268 -0.14630856 -0.13828651 -0.13026445 -0.1222424 -0.11422035 -0.11039198 -0.11464769 -0.11890339 -0.1231591 -0.12741481 -0.12853444 -0.12256173 -0.11413188 -0.10570203 -0.097272181 -0.088842333 -0.084475231 -0.087963077 -0.097727688 -0.10921285 -0.12069801 -0.13218317 -0.14366834 -0.14141526 -0.13678783 -0.13216041 -0.12753299 -0.12255218 -0.11807322
-9999 -0.11713488 -0.10392599 -0.090717107 -0.077508221 -0.072854884 -0.070644215 -0.07015365 -0.071648307 -0.073142963 -0.074637619 -0.076417815 -0.078353985 -0.079472458 -0.078953444 -0.07820267 -0.073638994 -0.069075318 -0.064511641 -0.067081058 -0.086106823 -0.10513259 -0.12415835 -0.13357603 -0.13505182 -0.13751826 -0.14263988 -0.14731593 -0.13929388 -0.13127182 -0.12324977 -0.1194214 -0.12367711 -0.12793282 -0.13218852 -0.13091866 -0.12666346 -0.12069075 -0.1122609 -0.10383105 -0.095401202 -0.093047914 -0.092391956 -0.095879803 -0.10234658 -0.11092012 -0.12240528 -0.13389044 -0.14537561 -0.14312253 -0.1384951 -0.13386768 -0.12831142 -0.12101531 -0.11653635
-9999 -0.11177247 -0.098563587 -0.086477343 -0.084266674 -0.082056005 -0.079845336 -0.079354771 -0.080849427 -0.082344083 -0.084267405 -0.086203576 -0.088139746 -0.089258219 -0.088739205 -0.08822019 -0.087701176 -0.084129105 -0.079565429 -0.082134846 -0.10116061 -0.12018637 -0.12429582 -0.12577161 -0.1272474 -0.12971384 -0.13483546 -0.13995709 -0.14507871 -0.14030125 -0.13227919 -0.12845082 -0.13270653 -0.13696224 -0.13330288 -0.12904768 -0.12479248 -0.11881977 -0.11038992 -0.10227656 -0.1016206 -0.10096464 -0.10030868 -0.10379653 -0.1102633 -0.11673008 -0.12411255 -0.13559772 -0.14708288 -0.1448298 -0.14020238 -0.13407065 -0.12677455 -0.11947845 -0.11499948
-9999 -0.10641007 -0.097889133 -0.095678463 -0.093467794 -0.091257125 -0.089046456 -0.088555891 -0.090180826 -0.092116996 -0.094053166 -0.095989337 -0.097925507 -0.09904398 -0.098524965 -0.098005951 -0.097486937 -0.096967923 -0.094619216 -0.097188633 -0.11353982 -0.11501561 -0.1164914 -0.11796719 -0.11944299 -0.12190942 -0.12703104 -0.13215267 -0.13727429 -0.14239591 -0.14130861 -0.13748024 -0.13994231 -0.13568711 -0.1314319 -0.1271767 -0.1229215 -0.11694879 -0.11084924 -0.11019328 -0.10953732 -0.10888137 -0.10822541 -0.11171325 -0.11818003 -0.1246468 -0.13111358 -0.13758035 -0.14879015 -0.14653707 -0.13982989 -0.13253379 -0.12523768 -0.11794158 -0.11346261
-9999 -0.10980979 -0.10759912 -0.10538845 -0.10317778 -0.10096711 -0.098756442 -0.095283481 -0.097219651 -0.099155821 -0.10109199 -0.10302816 -0.10496433 -0.10849008 -0.10797107 -0.10745205 -0.10693304 -0.10641403 -0.10589501 -0.1059792 -0.10745499 -0.10893078 -0.11040657 -0.11188236 -0.11335815 -0.1158284 -0.12095002 -0.12607164 -0.13119326 -0.13631489 -0.14143651 -0.14335531 -0.13910011 -0.13484491 -0.13058971 -0.1263345 -0.1220793 -0.11940928 -0.11875332 -0.11809737 -0.11744141 -0.11678545 -0.11612949 -0.11844808 -0.12491486 -0.13138163 -0.13784841 -0.14431518 -0.15078196 -0.14691479 -0.13961869 -0.13232258 -0.12502648 -0.11773037 -0.11163667
-9999 -0.12335766 -0.12114699 -0.11893632 -0.11672565 -0.11451498 -0.11027894 -0.1000819 -0.083540935 -0.085477105 -0.087413276 -0.089349446 -0.091285616 -0.097776528 -0.11338857 -0.11433644 -0.11381742 -0.11329841 -0.11277939 -0.11286358 -0.11433937 -0.11581516 -0.11729095 -0.11876674 -0.11879071 -0.12032105 -0.12759085 -0.13298858 -0.1381102 -0.14323182 -0.14835344 -0.15027225 -0.14601704 -0.14176184 -0.13750664 -0.13325144 -0.12733818 -0.12451407 -0.12656206 -0.12590611 -0.12525015 -0.12459419 -0.12393823 -0.12262792 -0.12273576 -0.12920253 -0.13566931 -0.14213608 -0.14860286 -0.1519103 -0.14940572 -0.14210961 -0.13481351 -0.1275174 -0.12119955
-9999 -0.13690553 -0.13469486 -0.13248419 -0.1298117 -0.12538009 -0.12094848 -0.11075143 -0.093900339 -0.077049247 -0.07373456 -0.07567073 -0.0776069 -0.084097812 -0.099709857 -0.1153219 -0.1207018 -0.12018279 -0.11966377 -0.11974796 -0.12122375 -0.12269954 -0.12417533 -0.12362594 -0.1230149 -0.12454524 -0.13181503 -0.13908483 -0.14502713 -0.15014875 -0.15527038 -0.15718918 -0.15293398 -0.14867878 -0.14429044 -0.13799246 -0.13169448 -0.12887037 -0.13101613 -0.13316189 -0.13305889 -0.13240293 -0.13174697 -0.13043666 -0.12865593 -0.12702343 -0.13349021 -0.13995698 -0.14642376 -0.1497312 -0.15249262 -0.15189664 -0.14460054 -0.13730443 -0.13098658
-9999 -0.15045341 -0.14824274 -0.14491285 -0.14048124 -0.13604962 -0.13161801 -0.12142096 -0.10456987 -0.087718781 -0.07086769 -0.061992014 -0.063928184 -0.070419096 -0.086031141 -0.10164319 -0.11725523 -0.12706717 -0.12654816 -0.12663234 -0.12810813 -0.12907221 -0.12846117 -0.12785013 -0.12723908 -0.12876942 -0.13603922 -0.14330901 -0.15057881 -0.15706569 -0.16218731 -0.16410611 -0.15985091 -0.15494472 -0.14864674 -0.14234876 -0.13605078 -0.13322667 -0.13537242 -0.13751818 -0.13966394 -0.14021167 -0.13955571 -0.13824539 -0.13646467 -0.13468395 -0.13290322 -0.13777788 -0.14424466 -0.1475521 -0.15031352 -0.15307495 -0.15438757 -0.14709146 -0.14077361
-9999 -0.16400128 -0.160014 -0.15558238 -0.15115077 -0.14671916 -0.14228754 -0.1320905 -0.11523941 -0.098388315 -0.081537223 -0.064686132 -0.050249468 -0.05674038 -0.072352425 -0.087964469 -0.10357651 -0.11918856 -0.13343254 -0.13351672 -0.13390744 -0.1332964 -0.13268535 -0.13207431 -0.13146327 -0.13299361 -0.1402634 -0.1475332 -0.15480299 -0.16207279 -0.16910424 -0.17102305 -0.165599 -0.15930102 -0.15300304 -0.14670505 -0.14040707 -0.13758296 -0.13972872 -0.14187448 -0.14402024 -0.14616599 -0.14736445 -0.14605413 -0.14427341 -0.14249269 -0.14071196 -0.13893124 -0.14206556 -0.145373 -0.14813442 -0.15089585 -0.15365727 -0.15641869 -0.15056064
