P2_models/J1_p2_vp_slide_diff_25.dat.tif
NCOLS 118
NROWS 92
XLLCORNER 139.62
YLLCORNER -39.07
DX 0.099491525
DY 0.099347826
NODATA_VALUE -9999
[rows 27 to 53 of 92, columns 0 to 59 of 118]
-9999 6.7890468 6.789747 6.7926479 6.8086545 6.824661 6.8406676 6.8561329 6.8709736 6.8858143 6.9006551 6.8955563 6.8849858 6.873844 6.8615585 6.8492729 6.8369874 6.838118 6.8446276 6.8520911 6.8617554 6.8714197 6.8960074 6.9224215 6.9488357 6.9676006 6.9658636 6.9641265 6.9623894 6.9775464 6.9995101 7.0140193 7.0141586 7.0142978 7.0198645 7.025597 7.0313296 7.0282766 7.0126545 6.9970325 6.9814104 6.9712562 6.9616242 6.9529136 6.9448652 6.9368169 6.9279334 6.9140653 6.9001973 6.89104 6.882697 6.8743539 6.8615644 6.8438544 6.8270386 6.8133201 6.7996017 6.7858832 6.779872 6.7752631
-9999 6.7684361 6.7758677 6.7918743 6.8078808 6.8238874 6.8398939 6.8553593 6.8702 6.8850407 6.8998814 6.9147221 6.9171451 6.9060033 6.8937178 6.8814322 6.8691467 6.8568612 6.8528278 6.8602913 6.8727312 6.8991454 6.9255595 6.9519737 6.9783879 6.9971528 6.9954157 6.9936787 6.9919416 6.9902046 6.9993532 7.0138624 7.0152537 7.0209863 7.0267188 7.0324514 7.038184 7.0351309 7.0195089 7.0038868 6.9882648 6.9726427 6.9610973 6.9523866 6.9443383 6.9362899 6.9282416 6.9201932 6.9067181 6.8975608 6.8892178 6.8808747 6.8725316 6.8615197 6.8447039 6.8309854 6.817267 6.8035485 6.7898301 6.7820902
-9999 6.7600819 6.7760885 6.792095 6.8081016 6.8241082 6.8401147 6.8535218 6.8683625 6.8832032 6.8980439 6.9128847 6.9277254 6.9375626 6.925277 6.9129915 6.9007059 6.8884204 6.8761348 6.8755515 6.9019657 6.9283798 6.954794 6.9812082 7.0076224 7.0246715 7.0229345 7.0211974 7.0194604 7.0177233 7.0159863 7.0168006 7.0225332 7.0282657 7.0339983 7.0397309 7.0454634 7.040811 7.025189 7.0095669 6.9939449 6.9783228 6.9627008 6.9513901 6.9433417 6.9352934 6.9272451 6.9191967 6.9111484 6.9015886 6.8932455 6.8849025 6.8765594 6.8682163 6.8593149 6.8455965 6.831878 6.8181596 6.8044411 6.7907226
-9999 6.7684891 6.7844956 6.8005022 6.8165087 6.8325153 6.8372435 6.8450062 6.8577674 6.8726081 6.8874488 6.9022895 6.9171302 6.9326594 6.9495671 6.9396106 6.927325 6.9150395 6.9027539 6.9021706 6.9285848 6.9549989 6.9814131 7.0078273 7.0129628 7.0142454 7.0314829 7.0319765 7.0302394 7.0285023 7.0267653 7.0275796 7.0333122 7.0390448 7.0447773 7.0505099 7.047411 7.0375522 7.0212022 7.0055801 6.9899581 6.974336 6.9587139 6.9470777 6.9384798 6.9304315 6.9223831 6.9143348 6.9062865 6.8896495 6.8767498 6.8684067 6.8600636 6.8517206 6.8432961 6.8345897 6.8213455 6.807627 6.7939085 6.7801901
-9999 6.7768962 6.7929028 6.8089093 6.8224539 6.8259372 6.8294206 6.8371833 6.8498849 6.8625866 6.8768537 6.8916944 6.9065351 6.9220642 6.938972 6.9558798 6.9539441 6.9416585 6.929373 6.9287897 6.9552038 6.981618 7.0080322 7.0046272 6.9999571 7.0012397 7.0184772 7.0357147 7.0410184 7.0392814 7.0375443 7.0383586 7.0440912 7.0498238 7.0549585 7.0496614 7.0443642 7.0345054 7.0181205 7.0017356 6.9859713 6.9703492 6.9547271 6.9430909 6.9343199 6.9255696 6.9175212 6.9094729 6.9014246 6.8847876 6.8666663 6.851911 6.8435679 6.8352248 6.8268003 6.8180939 6.8093875 6.7970944 6.783376 6.7696575
-9999 6.7853034 6.8013099 6.8111476 6.814631 6.8181143 6.8215977 6.8293604 6.842062 6.8547637 6.8674653 6.8810993 6.89594 6.9114691 6.9283769 6.9452846 6.9621924 6.9682776 6.9559921 6.9554088 6.9818229 7.0009618 6.9962917 6.9916215 6.9869514 6.988234 7.0054715 7.022709 7.0399465 7.0500604 7.0483233 7.0491377 7.0548702 7.0572089 7.0519117 7.0466146 7.0413174 7.0314586 7.0150737 6.9986888 6.9823039 6.9663624 6.9507403 6.939104 6.9303331 6.9215621 6.9127912 6.904611 6.8965626 6.8799257 6.8618044 6.843683 6.8270721 6.8187291 6.8103046 6.8015982 6.7928918 6.7841854 6.7728434 6.759125
-9999 6.7937105 6.7998414 6.8033247 6.8068081 6.8102914 6.8137748 6.8215375 6.8342391 6.8469408 6.8596424 6.872344 6.8853449 6.900874 6.9177817 6.9346895 6.9515973 6.968505 6.9826112 6.9820278 6.9926262 6.9879561 6.983286 6.9786158 6.9739457 6.9752283 6.9924658 7.0097033 7.0269408 7.0441783 7.0591024 7.0599167 7.0594593 7.0541621 7.0488649 7.0435678 7.0382706 7.0284118 7.0120269 6.995642 6.9792571 6.9628723 6.9467535 6.9351172 6.9263463 6.9175753 6.9088044 6.9000334 6.8917007 6.8750638 6.8569424 6.8388211 6.8206998 6.8025785 6.7938088 6.7851024 6.776396 6.7676896 6.7589832 6.7485924
-9999 6.7931692 6.7966526 6.8001359 6.8036192 6.8071026 6.8105859 6.8190128 6.8314973 6.8441989 6.8569006 6.8696022 6.8823038 6.8943093 6.9102186 6.9271264 6.9440341 6.9609419 6.9778496 6.9882326 6.9835624 6.9788923 6.9742222 6.969552 6.9648819 6.9668963 6.9812555 6.998493 7.0157305 7.032968 7.0502055 7.0597459 7.0544487 7.0491515 7.0438544 7.0385572 7.03326 7.0243211 7.0081467 6.9917618 6.975377 6.9589921 6.9426072 6.9257159 6.9169449 6.908174 6.899403 6.890632 6.8818611 6.8670443 6.848923 6.8308017 6.8126804 6.7945591 6.7803989 6.773634 6.7649276 6.7562212 6.7475148 6.7388084
-9999 6.7976232 6.8011066 6.8045899 6.8080733 6.8135725 6.8240503 6.8327286 6.8393301 6.8498371 6.8625388 6.8752404 6.887942 6.8999475 6.910559 6.9245638 6.9414716 6.9583794 6.9752871 6.98567 6.9809999 6.9763298 6.9716596 6.967582 6.9719142 6.976059 6.9797014 6.9902436 7.0074811 7.0247186 7.0419561 7.0514965 7.0461994 7.0409022 7.035605 7.0301491 7.0239475 7.0149135 7.0018271 6.9865072 6.9701223 6.9537374 6.9373526 6.9192488 6.8999094 6.8898426 6.8810716 6.8723006 6.8635297 6.8503664 6.8356959 6.8175746 6.7994533 6.781332 6.7671719 6.7667328 6.7617506 6.7530442 6.7443378 6.7356314
-9999 6.8020773 6.8055606 6.8090439 6.8168106 6.8272884 6.8377661 6.8464444 6.853046 6.8596475 6.868177 6.8808786 6.8935802 6.9055857 6.9161972 6.9268086 6.9389091 6.9558168 6.9727246 6.9831075 6.9784374 6.9737673 6.9724125 6.9767447 6.9810769 6.9852216 6.988864 6.9925064 6.9992318 7.0164693 7.0337068 7.0432472 7.03795 7.0326529 7.026943 7.0207415 7.0145399 7.0055059 6.9924195 6.9793331 6.9648677 6.9484828 6.9320979 6.9139942 6.8946548 6.8753154 6.8627402 6.8539692 6.8451983 6.832035 6.8181126 6.8041901 6.7862262 6.7681049 6.7539448 6.7535058 6.7530668 6.7498673 6.7411609 6.7324545
-9999 6.8065313 6.8100146 6.8200487 6.8305264 6.8410042 6.851482 6.8601603 6.8667618 6.8733633 6.8799648 6.8865663 6.8992185 6.911224 6.9218354 6.9324468 6.9430583 6.9536697 6.9701621 6.980545 6.9758749 6.977243 6.9815752 6.9859074 6.9902395 6.9943843 6.9980267 7.0016691 7.0053115 7.0089539 7.0254575 7.0349979 7.0297007 7.0237369 7.0175354 7.0113339 7.0051324 6.9960983 6.9830119 6.9699255 6.9568391 6.9432282 6.9268433 6.9087395 6.8894001 6.8700607 6.8507213 6.8356378 6.8268669 6.8137036 6.7997812 6.7858587 6.7719363 6.7548778 6.7407177 6.7402787 6.7398397 6.7394007 6.7379839 6.7292775
-9999 6.812809 6.8232868 6.8337645 6.8442423 6.85472 6.8651978 6.8738761 6.8804776 6.8870791 6.8936806 6.9002821 6.9068836 6.9168622 6.9274736 6.938085 6.9486965 6.9593079 6.9699193 6.9779825 6.9820735 6.9864056 6.9907378 6.99507 6.9994022 7.003547 7.0071894 7.0108318 7.0144742 7.0181166 7.021759 7.0267324 7.0205309 7.0143293 7.0081278 7.0019263 6.9957248 6.9866907 6.9736043 6.9605179 6.9474315 6.9343451 6.9212587 6.9034849 6.8841455 6.8648061 6.8454667 6.8261273 6.8085355 6.7953722 6.7814498 6.7675273 6.7536049 6.7396825 6.7274906 6.7270516 6.7266126 6.7261736 6.7257346 6.7252956
-9999 6.8240396 6.8345173 6.8449951 6.8554729 6.8659506 6.8729657 6.8775551 6.8841566 6.8907581 6.8973597 6.9039612 6.9098244 6.9155171 6.9247491 6.9353605 6.945972 6.9565834 6.9671948 6.9759075 6.9802397 6.9845719 6.9889041 6.9932363 6.9995005 7.0074047 7.006044 7.0096864 7.0133288 7.0169712 7.0206136 7.0208936 7.0146921 7.0084906 7.002289 6.9960875 6.9867236 6.9726382 6.9595518 6.9464654 6.933379 6.9202926 6.9104687 6.8879614 6.8636752 6.8443358 6.8249964 6.805657 6.7863176 6.7715969 6.7576745 6.7437521 6.7298297 6.7161349 6.7065667 6.7061277 6.7056887 6.7052497 6.7048107 6.7129673
-9999 6.8344296 6.8449074 6.8553852 6.8658629 6.870404 6.8732501 6.8778396 6.8844411 6.8910426 6.8976441 6.9027653 6.9070778 6.9127706 6.9212274 6.9298076 6.9404191 6.9510305 6.9616419 6.9703546 6.9746868 6.979019 6.9833512 6.9920006 7.0042185 7.0121226 7.0084649 7.0050546 7.008697 7.0123394 7.0159818 7.0162618 7.0100603 7.0038588 6.9976573 6.9858838 6.9711001 6.9570146 6.9439282 6.9308418 6.9177555 6.9095488 6.9027051 6.8801978 6.84643 6.8187194 6.79938 6.7800406 6.7607012 6.7459805 6.7320581 6.7181357 6.7048115 6.6926078 6.6830396 6.6826006 6.6821616 6.6817226 6.6935582 6.7101808
-9999 6.8448197 6.8552975 6.8649962 6.8678423 6.8706884 6.8735345 6.878124 6.8847255 6.891327 6.8957062 6.9000187 6.9043313 6.9100241 6.9184808 6.9269376 6.9353944 6.9454776 6.956089 6.9648017 6.9691339 6.9734661 6.9845006 6.9967185 7.0089364 7.0168406 7.0131828 7.0095251 7.0058673 7.0077076 7.01135 7.0116301 7.0054285 6.999227 6.9850441 6.9702603 6.9554766 6.9413911 6.9283047 6.9154725 6.9086288 6.9017852 6.8949415 6.8724342 6.8386664 6.8048987 6.7737636 6.7544242 6.7350848 6.7203641 6.7064417 6.6934881 6.6812844 6.6690807 6.6595125 6.6590735 6.6586345 6.6741492 6.6907717 6.7073943
-9999 6.8552097 6.8624345 6.8652807 6.8681268 6.8709729 6.873819 6.8784084 6.8843345 6.8886471 6.8929596 6.8972722 6.9015847 6.9072775 6.9157343 6.9241911 6.9326479 6.9411046 6.9505361 6.9592488 6.9647828 6.9770007 6.9892186 7.0014364 7.0136543 7.0215585 7.0179007 7.014243 7.0105853 7.0069275 7.0067183 7.0069983 6.9989881 6.9842043 6.9694206 6.9546368 6.939853 6.9257676 6.9145525 6.9077089 6.9008652 6.8940216 6.8871779 6.8646706 6.8309028 6.7971351 6.7633673 6.7295995 6.7094684 6.6947477 6.6821647 6.669961 6.6577573 6.6455536 6.6359855 6.6381176 6.6547402 6.6713627 6.6879853 6.7046078
-9999 6.8633503 6.8661964 6.8690425 6.8718886 6.8747347 6.8775808 6.8798139 6.8841264 6.888439 6.8927515 6.8970641 6.9013766 6.9071914 6.9156482 6.9241049 6.9325617 6.9410185 6.9494753 6.9590694 6.9712873 6.9835051 6.995723 7.0079409 7.0201588 7.0227686 7.0191109 7.0154531 7.0117954 7.0081376 7.0044799 6.9970218 6.9822381 6.9674543 6.9526705 6.9378868 6.923103 6.9115225 6.9046788 6.8978352 6.8909915 6.8841479 6.8773042 6.8562149 6.8224472 6.7886794 6.7549116 6.7211439 6.6873761 6.6735358 6.6613321 6.6491284 6.6369247 6.624721 6.6165 6.6331226 6.6497451 6.6663677 6.6829902 6.6996128
-9999 6.8933387 6.8961848 6.8990309 6.901877 6.9047232 6.9085431 6.9081875 6.9030629 6.9073755 6.911688 6.9160006 6.9203131 6.9262782 6.9355525 6.9440836 6.9525404 6.9609971 6.9694539 6.979048 6.9912659 7.0034838 7.0157017 7.0279196 7.0291454 7.0201054 6.9964367 6.9902069 6.9865492 6.9828914 6.9792337 6.9717756 6.9569919 6.9422081 6.9274243 6.9126406 6.9067664 6.8969353 6.8788907 6.872047 6.8652034 6.8583597 6.8515161 6.8348278 6.8087721 6.7750043 6.7412365 6.7074687 6.673701 6.6677535 6.660821 6.6486173 6.6364136 6.6242099 6.6144832 6.6133368 6.628093 6.6447155 6.6613381 6.6779606
-9999 6.9233272 6.9261733 6.9290194 6.9320875 6.9360015 6.9399154 6.9395599 6.9342769 6.9289939 6.9306246 6.9349371 6.9392497 6.9452147 6.954489 6.9637633 6.972519 6.9809758 6.9894326 6.9990266 7.0112445 7.0234624 7.0356803 7.0325651 7.028983 7.019943 6.9962743 6.9726057 6.961303 6.9576452 6.9539875 6.9465295 6.9317457 6.9169619 6.9028935 6.8990867 6.8952799 6.8854488 6.8669991 6.8485495 6.8394152 6.8325716 6.8257279 6.8090397 6.7852743 6.7613292 6.7275614 6.6937936 6.6600258 6.6540784 6.652939 6.6481062 6.6359025 6.6236988 6.6139721 6.6128256 6.6116792 6.6230634 6.639686 6.6563085
-9999 6.9533156 6.9561617 6.959546 6.9634599 6.9673738 6.9712878 6.9709323 6.9656493 6.9603663 6.9550833 6.9538737 6.9581862 6.9641513 6.9734255 6.9826998 6.9919741 7.0009544 7.0094112 7.0190053 7.0312232 7.0395668 7.0359847 7.0324027 7.0288207 7.0197807 6.996112 6.9724433 6.9487746 6.9323991 6.9287413 6.9212833 6.9064995 6.8952139 6.891407 6.8876002 6.8837934 6.8739623 6.8555126 6.837063 6.8186133 6.8067834 6.7999398 6.7832515 6.7594861 6.7357208 6.7119554 6.6801185 6.6463507 6.6404033 6.6392639 6.6381245 6.6353914 6.6231876 6.613461 6.6123145 6.6111681 6.6100216 6.6180339 6.6346564
-9999 6.9833041 6.9870044 6.9909183 6.9948323 6.9987462 7.0026601 7.0023046 6.9970216 6.9917386 6.9864556 6.9811726 6.9771228 6.9830878 6.9923621 7.0016364 7.0109106 7.0201849 7.0293898 7.0389839 7.0429865 7.0394044 7.0358224 7.0322404 7.0286584 7.0196184 6.9959497 6.972281 6.9486123 6.9249436 6.9034951 6.8960371 6.8875342 6.8837273 6.8799205 6.8761137 6.8723069 6.8624758 6.8440261 6.8255765 6.8071268 6.7886771 6.7741516 6.7574634 6.733698 6.7099326 6.6861672 6.6624018 6.6326756 6.6267281 6.6255888 6.6244494 6.6233101 6.6221707 6.6129499 6.6118034 6.610657 6.6095105 6.608364 6.6130043
-9999 7.0101402 7.0140541 7.017968 7.0218819 7.0257959 7.0297098 7.033323 7.02804 7.022757 7.017474 7.012191 7.006908 6.9945345 7.0006868 7.0099611 7.0192353 7.0285096 7.0377839 7.0431706 7.0395886 7.0360065 7.0324245 7.0288425 7.0252605 7.0189396 6.9960229 6.9723543 6.9486856 6.9250169 6.9013482 6.8844636 6.8806568 6.87685 6.8730432 6.8692364 6.8654296 6.8549174 6.8364678 6.8180181 6.7995684 6.7811188 6.7629006 6.7484278 6.7246625 6.7008971 6.6771317 6.6533663 6.6296009 6.6251274 6.623988 6.6228487 6.6217093 6.62057 6.6217379 6.6205915 6.619445 6.6182986 6.6171521 6.61443
-9999 7.0303201 7.0342341 7.038148 7.0420619 7.0485615 7.060067 7.0637788 7.0584958 7.0532128 7.0479298 7.0401634 7.023022 7.0089388 7.00098 7.0014211 7.0106954 7.0199697 7.0292439 7.0346307 7.0310486 7.0274666 7.0238846 7.0207237 7.0207306 7.015178 6.9947244 6.972802 6.9491333 6.9254646 6.9017959 6.8849114 6.8811045 6.8772977 6.8734909 6.8693793 6.8642257 6.8536019 6.8351522 6.8167025 6.7982528 6.7808778 6.7653654 6.7520078 6.7401994 6.7184854 6.69472 6.6709546 6.6471892 6.6427157 6.6415764 6.640437 6.6392977 6.6427123 6.6453046 6.6441581 6.6430116 6.6418652 6.6340675 6.6120037
-9999 7.0505001 7.054414 7.058328 7.0675119 7.0790174 7.0905228 7.0942347 7.0889517 7.0836687 7.0717091 7.0545677 7.0374263 7.0233431 7.0153843 7.0074255 7.0021555 7.0114297 7.020704 7.0260907 7.0225087 7.0189267 7.0169552 7.0169621 7.0169691 7.0114165 6.9909629 6.9705093 6.949581 6.9259123 6.9022436 6.8853591 6.8815523 6.8777455 6.8732174 6.8680638 6.8629101 6.8522863 6.8338366 6.8153869 6.798855 6.7833425 6.7678301 6.7544725 6.7426641 6.7308557 6.7123083 6.6885429 6.6647776 6.660304 6.6591647 6.6589358 6.6626074 6.6662789 6.6688712 6.6677247 6.6665783 6.6537051 6.6316412 6.6095774
-9999 7.0706801 7.0749569 7.0864623 7.0979678 7.1094732 7.1209787 7.1246905 7.1194075 7.1032549 7.0861135 7.068972 7.0518306 7.0377475 7.0297886 7.0218298 7.013871 7.0059122 7.0121641 7.0175508 7.0139688 7.0131867 7.0131937 7.0132006 7.0132076 7.007655 6.9872014 6.9667478 6.9462942 6.9258406 6.9026913 6.8858068 6.882 6.8770555 6.8719018 6.8667482 6.8615945 6.8509707 6.832521 6.8168321 6.8013197 6.7858072 6.7702948 6.7569372 6.7451288 6.7333204 6.721512 6.7061313 6.6823659 6.6778924 6.6788308 6.6825024 6.686174 6.6898456 6.6924378 6.6912914 6.6733426 6.6512788 6.6292149 6.6071511
-9999 7.0939072 7.1054127 7.1169182 7.1284236 7.1399291 7.1514345 7.151942 7.1348006 7.1176592 7.1005178 7.0833764 7.066235 7.0521518 7.044193 7.0362342 7.0282753 7.0203165 7.0123577 7.0094112 7.0094182 7.0094252 7.0094321 7.0094391 7.0094461 7.0038935 6.9834399 6.9629863 6.9425327 6.922079 6.9016254 6.8860472 6.8808936 6.8757399 6.8705863 6.8654326 6.8602789 6.8503217 6.8348093 6.8192968 6.8037844 6.7882719 6.7727595 6.7594019 6.7475935 6.7357851 6.7239767 6.7121682 6.6999542 6.6987258 6.7023974 6.706069 6.7097406 6.7134122 6.715044 6.6929802 6.6709163 6.6488525 6.6267886 6.6047248
-9999 7.1152105 7.1267159 7.1382214 7.1497268 7.1612323 7.1644681 7.1552734 7.1381319 7.1209905 7.1038491 7.0867077 7.0698869 7.0565384 7.0492313 7.0412725 7.0333137 7.0253548 7.017396 7.0118459 7.0118529 7.0118598 7.0118668 7.0118738 7.0106522 7.0061454 6.9958837 6.9754301 6.9549765 6.9345229 6.9140693 6.8988416 6.893688 6.8885343 6.8833807 6.878227 6.8703733 6.8578332 6.8423207 6.8268083 6.8112958 6.7957834 6.778202 6.7676429 6.7592118 6.7474034 6.735595 6.7237866 6.7119781 6.7133686 6.7170402 6.7207118 6.7243834 6.7246337 6.7125378 6.690474 6.6684101 6.6463463 6.6242824 6.6147187
