P2_models/J1_p2_vp_slide_diff2_25.dat.tif
NCOLS 118
NROWS 92
XLLCORNER 139.62
YLLCORNER -39.07
DX 0.099491525
DY 0.099347826
NODATA_VALUE -9999
[rows 52 to 77 of 92, columns 57 to 113 of 118]
0.10821946 0.08615562 0.064091775 0.058637643 0.064470511 0.07030338 0.076136248 0.081969116 0.088269871 0.090867973 0.094881823 0.098895673 0.10290952 0.10692337 0.10978267 0.10752053 0.10525839 0.10299625 0.1007341 0.098616929 0.10944649 0.12027605 0.13110561 0.14193516 0.15276472 0.1553387 0.1558707 0.15640269 0.15693469 0.15746669 0.16175327 0.17280528 0.18385729 0.19490929 0.2059613 0.21578788 0.24635536 0.27732824 0.30830113 0.33927401 0.37024689 0.39083391 0.40847395 0.42611399 0.44375403 0.46139407 0.46824945 0.46554885 0.46284826 0.46014766 0.45744706 0.44671607 0.43169186 0.41666764 0.40164343 0.38661921 -9999
0.10571328 0.083649438 0.074085688 0.074930868 0.07953317 0.085366038 0.091198906 0.097031775 0.10286464 0.10693892 0.11095277 0.11496662 0.11898047 0.1206844 0.11913541 0.11687327 0.11461113 0.11234899 0.11031209 0.12268168 0.12561773 0.13644729 0.14727685 0.15810641 0.16893596 0.17272213 0.17325413 0.17378613 0.17431813 0.17503517 0.17966357 0.19070566 0.20175766 0.21280967 0.22386168 0.23550758 0.26648046 0.29745334 0.32842623 0.35939911 0.37576764 0.39304143 0.41068147 0.42832151 0.44596155 0.45672682 0.45714753 0.45444693 0.45174634 0.44904574 0.44535165 0.43402549 0.41900127 0.40397706 0.38895284 0.37886757 -9999
0.10319374 0.097862753 0.095428409 0.096273589 0.099347344 0.10335469 0.10918756 0.11502043 0.12085329 0.12492757 0.12894142 0.13295527 0.13368851 0.13269685 0.13114786 0.12888572 0.12662358 0.12712511 0.13960264 0.15197222 0.15470205 0.15743187 0.16724857 0.17807813 0.18890769 0.19269385 0.19322585 0.19375785 0.19455621 0.19562846 0.20025686 0.2112931 0.22233282 0.23338482 0.24443683 0.25608273 0.28705561 0.31802849 0.34900138 0.36353454 0.37736951 0.39464331 0.41228335 0.42992339 0.43931408 0.44628213 0.44670284 0.44400224 0.44130164 0.43746165 0.43305239 0.42172623 0.40670201 0.3916778 0.38235117 0.37621174 -9999
0.12163982 0.11920547 0.11677113 0.11761631 0.12069006 0.12376382 0.12717621 0.13300908 0.13884195 0.14291622 0.14693007 0.14669261 0.14570095 0.14470929 0.14316031 0.14089817 0.14393813 0.15641566 0.16889318 0.18126277 0.18399259 0.18672241 0.18945224 0.19804985 0.20887941 0.21266557 0.21319757 0.21407724 0.2151495 0.21622175 0.22085015 0.23188639 0.24292263 0.25395997 0.26501198 0.27665788 0.30763076 0.33746645 0.35130143 0.36513641 0.37897139 0.39624518 0.41388522 0.42190135 0.42886939 0.43583743 0.43625814 0.43355754 0.42957166 0.42516239 0.42075313 0.40942697 0.39440275 0.38583476 0.37969534 0.37355592 -9999
0.14298254 0.14054819 0.13811385 0.13895903 0.14203279 0.14510654 0.1481803 0.15125405 0.1568306 0.16068838 0.15969672 0.15870506 0.1577134 0.15672174 0.15517276 0.16075115 0.17322867 0.1857062 0.19818373 0.21055332 0.21328314 0.21601296 0.21874278 0.22147261 0.22885113 0.23263729 0.23359828 0.23467054 0.23574279 0.23681505 0.24144344 0.25247968 0.26351592 0.27455216 0.2855884 0.29723303 0.32523335 0.33906833 0.35290331 0.36673829 0.38057327 0.39752057 0.40448861 0.41145665 0.41842469 0.42539273 0.42581344 0.42168166 0.4172724 0.41286313 0.40845387 0.39712771 0.38931836 0.38317894 0.37703951 0.37090009 -9999
0.16180752 0.15937318 0.15693883 0.15655761 0.15963137 0.16270513 0.16577888 0.16885264 0.17192639 0.17472248 0.17373082 0.17273917 0.17174751 0.17075585 0.17567273 0.18815026 0.20062779 0.21310531 0.22558284 0.23543165 0.23610795 0.23883777 0.24156759 0.24429742 0.24702724 0.24862331 0.24969556 0.25076782 0.25184008 0.25291233 0.25238148 0.26341772 0.27445395 0.28549019 0.29652643 0.30764611 0.32148109 0.33531607 0.34915104 0.36298602 0.37824284 0.3867511 0.39371915 0.40068719 0.40765523 0.41462327 0.41420272 0.40979345 0.40538419 0.40097492 0.39656566 0.39084704 0.38470762 0.37856819 0.37242877 0.36628935 -9999
0.17203329 0.16959894 0.1671646 0.16541518 0.16444201 0.16751577 0.17058952 0.17366328 0.17673703 0.18865643 0.19466981 0.19367815 0.1926865 0.19169484 0.19661172 0.20908925 0.22156678 0.2340443 0.24221434 0.24563357 0.24031922 0.23957913 0.24230895 0.24503877 0.24776859 0.24936466 0.25043692 0.25150918 0.25258143 0.23966916 0.23237728 0.24153895 0.25241485 0.26345109 0.27448733 0.28560701 0.29944199 0.31327696 0.32711194 0.3435387 0.36625729 0.37482505 0.38184046 0.3888085 0.39577654 0.40274458 0.40285928 0.39930917 0.3948999 0.39049064 0.38608137 0.38007287 0.37341994 0.36728051 0.36114109 0.35500167 -9999
0.18225905 0.1798247 0.17739036 0.17564094 0.17435697 0.173073 0.17540017 0.17847392 0.18154768 0.19346708 0.20569042 0.21461714 0.21362548 0.21263383 0.21755071 0.23002824 0.24250576 0.24889923 0.25241626 0.25583549 0.25052114 0.24520679 0.24305031 0.24578013 0.24850995 0.25010602 0.25117828 0.25225053 0.23625774 0.2198347 0.21254282 0.22170449 0.23086616 0.24141199 0.25244823 0.2635679 0.27740288 0.29123786 0.30883456 0.33155315 0.35427175 0.36283951 0.36990015 0.37692981 0.38389785 0.39086589 0.3909806 0.38782811 0.38441561 0.38000635 0.37559708 0.36958858 0.36272506 0.35599283 0.34985341 0.34371399 -9999
0.18948188 0.19005046 0.18761612 0.18586671 0.18458273 0.18329876 0.18201478 0.18328456 0.18635832 0.19827772 0.21050107 0.22272441 0.23456447 0.23357281 0.2384897 0.25096723 0.25558412 0.25910115 0.26261817 0.26603741 0.26072306 0.25540871 0.25009436 0.24652148 0.24925131 0.25084738 0.24926938 0.23284633 0.21642328 0.20000023 0.19270836 0.20187003 0.21103169 0.22019336 0.23040913 0.2415288 0.25536378 0.27413042 0.29684901 0.31956761 0.34228621 0.35085397 0.35791461 0.36497526 0.37201916 0.37898721 0.37910191 0.37594942 0.37279693 0.36952206 0.3651128 0.35910429 0.35224077 0.34537725 0.33856573 0.33242631 -9999
0.19495617 0.19634549 0.19773482 0.19609247 0.19480849 0.19352452 0.19224055 0.19095657 0.19116896 0.20308836 0.21531171 0.22753506 0.23975841 0.25198175 0.25875199 0.26226901 0.26578604 0.26930307 0.27282009 0.27623932 0.27092498 0.26561063 0.26029628 0.25498193 0.24999266 0.24585796 0.22943491 0.21301187 0.19658882 0.18016577 0.1728739 0.18203556 0.19119723 0.2003589 0.20952057 0.2194897 0.23942628 0.26214487 0.28486347 0.30758207 0.33030067 0.33886842 0.34592907 0.35298971 0.36005036 0.36710852 0.36722322 0.36407073 0.36091824 0.35776575 0.35461327 0.34862001 0.34175648 0.33489296 0.32802944 0.32116592 -9999
0.19625056 0.19763989 0.19902922 0.21086885 0.2150587 0.21377472 0.21249075 0.21120678 0.2099228 0.20657623 0.21879958 0.23102292 0.24324627 0.25546962 0.26387376 0.26739078 0.27090781 0.27442483 0.27794186 0.27752735 0.26782775 0.2625134 0.25719905 0.2518847 0.24657035 0.2336578 0.21723476 0.20081171 0.18438866 0.16798232 0.16181339 0.17235217 0.18151384 0.19067551 0.19983718 0.20940301 0.23212161 0.25484021 0.2775588 0.3002774 0.32180034 0.33117678 0.33823743 0.34529808 0.35235872 0.35941937 0.35883701 0.35558137 0.35242889 0.3492764 0.34612391 0.34231495 0.33578028 0.32891676 0.32205324 0.31518971 -9999
0.19572733 0.19711666 0.19850599 0.21034562 0.22928667 0.23838406 0.23710009 0.23581611 0.23453214 0.22911984 0.22356568 0.23393558 0.24615893 0.25838228 0.26678641 0.27030344 0.27382046 0.2771366 0.27613487 0.27502533 0.26428757 0.25363303 0.24831868 0.24300433 0.23768998 0.22477743 0.20835439 0.19193134 0.17554165 0.15921322 0.15304429 0.16518188 0.17624465 0.18540632 0.19456799 0.20413382 0.22685242 0.24957102 0.27228961 0.29358515 0.31457709 0.32407423 0.33234714 0.33947364 0.34653429 0.35359493 0.35301258 0.34878658 0.34541338 0.3422609 0.33910841 0.33529945 0.33113951 0.3249009 0.31803738 0.31117385 -9999
0.19592955 0.19659343 0.19798276 0.20982239 0.22876344 0.2477045 0.26170943 0.26042545 0.25914148 0.25372918 0.24817502 0.24262086 0.24907159 0.26129494 0.26969907 0.2732161 0.27563632 0.27463458 0.27363285 0.27252331 0.26178555 0.25104778 0.24031002 0.23412396 0.22880961 0.21589706 0.19947402 0.18310099 0.16677255 0.15044412 0.14427519 0.15641278 0.16855037 0.18013713 0.1892988 0.19886464 0.22158323 0.24430183 0.26536997 0.28636191 0.30735384 0.31685098 0.32512389 0.3333968 0.34070986 0.3477705 0.34718815 0.34296214 0.33873614 0.33524539 0.33209291 0.32828394 0.324124 0.31996406 0.31402152 0.30715799 -9999
0.20248672 0.19817821 0.19745952 0.20929916 0.22824021 0.24718126 0.26612232 0.28503479 0.28375082 0.27833852 0.27278436 0.2672302 0.26167604 0.26420759 0.27261173 0.27413603 0.2731343 0.27213256 0.27113083 0.27002129 0.25928353 0.24854576 0.237808 0.22707023 0.21992924 0.20701669 0.19066032 0.17433189 0.15800345 0.14167501 0.13550609 0.14764368 0.15978127 0.17191886 0.18402961 0.19359545 0.21616286 0.23715479 0.25814672 0.27913866 0.30013059 0.30962773 0.31790064 0.32617356 0.33444647 0.34194607 0.34136371 0.33713771 0.33291171 0.32868571 0.3250774 0.32126844 0.3171085 0.31294856 0.30878862 0.30314213 -9999
0.20860648 0.20429797 0.19998945 0.21034624 0.2292873 0.24822835 0.26716941 0.28611046 0.30505152 0.30031108 0.29475692 0.28920276 0.2836486 0.27809444 0.27320069 0.27219896 0.27119723 0.2701955 0.26919377 0.26810173 0.25674189 0.24600413 0.23526636 0.2245286 0.21379083 0.19922913 0.18290069 0.16657225 0.15024382 0.13391538 0.1290651 0.14120269 0.15334028 0.16547787 0.17761546 0.19001702 0.21100896 0.23200089 0.25299282 0.27398475 0.29472944 0.30397122 0.31224413 0.32051704 0.32878995 0.33706286 0.33470144 0.33047544 0.32624944 0.32202344 0.31779743 0.31482078 0.31066084 0.3065009 0.30234096 0.29818102 -9999
0.21255059 0.20898572 0.22082184 0.22962998 0.23814493 0.25708598 0.27602704 0.29496809 0.31390915 0.30916871 0.30361455 0.29806039 0.29250623 0.2813032 0.27407363 0.2730719 0.27207017 0.27106843 0.27017825 0.26930075 0.25521482 0.24326544 0.23252767 0.22178991 0.21105215 0.19649044 0.180162 0.16383356 0.14750513 0.14346935 0.14451137 0.1465042 0.15847899 0.17061658 0.18275417 0.19515574 0.21614767 0.2371396 0.25813153 0.27852682 0.29686564 0.30610742 0.31438033 0.32265324 0.33065406 0.32769036 0.32387187 0.31964586 0.31541986 0.31119386 0.31311766 0.31119745 0.30703751 0.30287757 0.29871763 0.29687342 -9999
0.2211558 0.23299191 0.24482803 0.25363617 0.26038667 0.26713717 0.28488467 0.30382572 0.32276678 0.31802634 0.31247218 0.30636922 0.29427268 0.28217614 0.27494657 0.27394484 0.2729431 0.27210688 0.27137727 0.27049977 0.25641383 0.2423279 0.22978898 0.21905122 0.20831346 0.19375175 0.17742331 0.16109488 0.16002472 0.16053907 0.16158109 0.16357393 0.16556676 0.17575529 0.18789288 0.20029445 0.22128638 0.24227831 0.26232419 0.28066301 0.29900184 0.30824362 0.31651653 0.32278818 0.31982449 0.31686079 0.31304229 0.30881629 0.30495633 0.30722534 0.30949434 0.30757413 0.30341419 0.29933167 0.29768529 0.2960389 -9999
0.24516198 0.2569981 0.26883422 0.27764236 0.28439286 0.29114336 0.29789386 0.31268336 0.33162441 0.32688398 0.3193387 0.30724215 0.29514561 0.28304907 0.2758195 0.27481777 0.2740355 0.27330589 0.27257629 0.27169879 0.25761285 0.24352692 0.22944098 0.21631253 0.20557477 0.19101306 0.17606573 0.17658009 0.17709444 0.17760879 0.17865081 0.18064365 0.18263648 0.18462932 0.1930316 0.20543316 0.22642509 0.24612156 0.26446039 0.28279921 0.30113804 0.31037981 0.31492231 0.31195861 0.30899491 0.30603121 0.30221272 0.299064 0.30133301 0.30360201 0.30587101 0.3039508 0.30014354 0.29849715 0.29685077 0.29520438 -9999
0.26916817 0.28100429 0.2928404 0.30164854 0.30839904 0.31514954 0.32190004 0.32865054 0.34048204 0.33230817 0.32021163 0.30811509 0.29601855 0.28392201 0.27669373 0.27596412 0.27523452 0.27450491 0.27377531 0.27289781 0.25881187 0.24472594 0.23064 0.21655406 0.20283608 0.19262111 0.19313546 0.19364981 0.19416416 0.19467851 0.19572054 0.19771337 0.1997062 0.20169904 0.20369187 0.21057187 0.22991894 0.24825776 0.26659659 0.28493541 0.30327424 0.30705643 0.30409273 0.30112903 0.29816533 0.29520164 0.29317167 0.29544068 0.29770968 0.29997868 0.30224769 0.3009554 0.29930902 0.29766263 0.29601624 0.29436986 -9999
0.27626871 0.28810483 0.29994094 0.30806955 0.31457439 0.32132489 0.32807539 0.33482589 0.34157639 0.34761308 0.33551654 0.32341999 0.31132345 0.29922691 0.29211672 0.29138711 0.29065751 0.2899279 0.2891983 0.29460709 0.29215794 0.278072 0.26398607 0.24990013 0.2358142 0.23171466 0.23222901 0.23274336 0.23325772 0.23328032 0.22781691 0.22525998 0.22725281 0.22924565 0.23123848 0.23371863 0.25205746 0.27039628 0.28873511 0.30707393 0.31452723 0.30264993 0.29968623 0.29672253 0.29375883 0.29079513 0.2886712 0.29075408 0.29302308 0.29529209 0.29756109 0.30336777 0.30239577 0.30074939 0.299103 0.29745662 -9999
0.27377102 0.28560713 0.29744325 0.30557185 0.31118104 0.31737671 0.32412721 0.33087771 0.33762821 0.34741654 0.35730926 0.34691869 0.33482215 0.32272561 0.31561541 0.31488581 0.31415621 0.31356951 0.32066381 0.32769398 0.3289977 0.32966965 0.31558371 0.30149778 0.28741184 0.28331231 0.28382666 0.28434101 0.2835601 0.28011243 0.27464903 0.26555344 0.26074771 0.26274054 0.26473338 0.26721353 0.28555235 0.30389118 0.32223 0.32701425 0.32839777 0.31464837 0.29928726 0.29596275 0.29299905 0.29003535 0.28791141 0.28618782 0.28773281 0.29000182 0.29227082 0.29807749 0.30577555 0.30606247 0.30441608 0.30276969 -9999
0.26967597 0.28310944 0.29494555 0.30307416 0.30868335 0.31429254 0.32017904 0.32692954 0.33368004 0.34346837 0.35336108 0.3632538 0.35832085 0.3462243 0.33911411 0.33838451 0.3395621 0.3466564 0.3537507 0.36078087 0.36208459 0.3633883 0.36469202 0.35309543 0.33900949 0.33490995 0.33542431 0.33383987 0.33039221 0.32694455 0.32148114 0.31238555 0.30328996 0.29623544 0.29822827 0.30070842 0.31904724 0.33738607 0.33950127 0.34088479 0.34226831 0.3285189 0.3131578 0.29779669 0.29223926 0.28927556 0.28715163 0.28542804 0.28370445 0.28471154 0.28698055 0.29278722 0.30048528 0.30818334 0.30972916 0.30808277 -9999
0.25136797 0.27564443 0.29244786 0.30057646 0.30618565 0.31179484 0.31740403 0.32301322 0.32973187 0.3395202 0.34941291 0.35930562 0.36919834 0.369723 0.36261281 0.36555469 0.37264899 0.37974329 0.38683759 0.39386776 0.39517148 0.39647519 0.39777891 0.39908262 0.39060714 0.3865076 0.38411965 0.38067199 0.37722432 0.37377666 0.36831325 0.35921766 0.35012207 0.34102648 0.33193089 0.33420331 0.35060477 0.35198829 0.35337181 0.35475533 0.35613884 0.34238944 0.32702833 0.31166722 0.29630611 0.28851578 0.28639184 0.28466825 0.28294466 0.28122107 0.28169028 0.28749695 0.29519501 0.30289307 0.31059112 0.31339585 -9999
0.23933183 0.26360829 0.28788476 0.30140169 0.30701088 0.31262007 0.31822926 0.32383845 0.32944764 0.33994436 0.34983707 0.35972979 0.3696225 0.37951521 0.38818034 0.39527464 0.40236894 0.40946324 0.41655754 0.42475373 0.42757708 0.4288808 0.43018451 0.43148823 0.43279194 0.43084578 0.42739811 0.42395045 0.42050279 0.41705513 0.40839648 0.39930089 0.3902053 0.38110971 0.37201412 0.36323094 0.36461446 0.36599797 0.36738149 0.36876501 0.36863183 0.3546771 0.33931599 0.32395489 0.30859378 0.29323267 0.28753055 0.28580695 0.28408336 0.28235977 0.28063618 0.28425705 0.29195511 0.29965317 0.30735122 0.31504928 -9999
0.25103681 0.27531327 0.29958974 0.31354749 0.32041448 0.32602367 0.33163286 0.33724205 0.34285124 0.3553678 0.366812 0.37670472 0.38659743 0.39649014 0.40515527 0.41224957 0.41934387 0.42643817 0.43564089 0.44697332 0.45460151 0.4587075 0.46001121 0.46131493 0.46261864 0.46067248 0.45722482 0.45377715 0.45032949 0.43477889 0.4205077 0.41362232 0.40474169 0.3956461 0.38655051 0.37776733 0.37915085 0.38053437 0.38191788 0.38014509 0.37111282 0.35928243 0.34561194 0.33025083 0.31488972 0.29952861 0.29461341 0.29413208 0.29240849 0.29068489 0.2889613 0.29119276 0.29647656 0.30417462 0.31187268 0.31957074 -9999
0.26274179 0.28701825 0.31129472 0.32525247 0.33219822 0.33914398 0.34503646 0.35064565 0.35625484 0.3687714 0.38152531 0.39367965 0.40357236 0.41346507 0.4221302 0.4292245 0.4363188 0.44648658 0.45786049 0.46919292 0.4768211 0.48444929 0.48983791 0.49114163 0.49244534 0.49049918 0.48705152 0.48339698 0.46502691 0.44665683 0.43238563 0.42550026 0.41861488 0.4101825 0.40108691 0.39230373 0.39368724 0.39507076 0.39165834 0.38262607 0.3735938 0.36176341 0.34963501 0.33654677 0.32118566 0.30582455 0.30090935 0.30097402 0.30073361 0.29901002 0.29728643 0.29951788 0.30386387 0.30869608 0.31639413 0.32409219 -9999
