P2_models/J1_p2_vp_slide_diff2_260.dat.tif
NCOLS 118
NROWS 92
XLLCORNER 139.62
YLLCORNER -39.07
DX 0.099491525
DY 0.099347826
NODATA_VALUE -9999
[rows 48 to 71 of 92, columns 0 to 54 of 118]
-9999 -0.16680625 -0.16237464 -0.15794302 -0.15351141 -0.1490798 -0.14464818 -0.14142135 -0.12457026 -0.10771917 -0.090868078 -0.074016987 -0.057165895 -0.048406325 -0.062365824 -0.077977869 -0.093589913 -0.10920196 -0.124814 -0.13552043 -0.13490938 -0.13429834 -0.1336873 -0.13307625 -0.13246521 -0.13420159 -0.14123815 -0.14850794 -0.15577774 -0.16304753 -0.17031733 -0.17295281 -0.16665483 -0.16035685 -0.15405887 -0.14776088 -0.1414629 -0.13688496 -0.13903072 -0.14117648 -0.14332224 -0.14546799 -0.14787305 -0.15120915 -0.14942842 -0.1476477 -0.14586698 -0.14408625 -0.14230553 -0.14439762 -0.14715905 -0.14992047 -0.15268189 -0.15544332 -0.15375631
-9999 -0.1559621 -0.15153049 -0.14709888 -0.14266726 -0.14277689 -0.15167828 -0.14862473 -0.13177364 -0.11492255 -0.098071458 -0.081347672 -0.065104457 -0.056432525 -0.062922523 -0.073858908 -0.089470952 -0.105083 -0.12069504 -0.13140147 -0.13079042 -0.13017938 -0.12956834 -0.12906613 -0.12938268 -0.13131764 -0.13759032 -0.14431855 -0.15158835 -0.15885814 -0.16612794 -0.16876343 -0.16246544 -0.15616746 -0.14986948 -0.14278667 -0.13302014 -0.1281545 -0.13030025 -0.13244601 -0.13459177 -0.13794082 -0.14337546 -0.14711237 -0.14962881 -0.14858532 -0.1468046 -0.14502388 -0.14324315 -0.14533525 -0.14809667 -0.15085809 -0.15361952 -0.15012145 -0.14647676
-9999 -0.14511796 -0.14068634 -0.13625473 -0.14107888 -0.14998027 -0.15888166 -0.15582811 -0.13897702 -0.12212593 -0.10561709 -0.089373872 -0.073130657 -0.064458725 -0.070948724 -0.077438722 -0.085351991 -0.10096404 -0.11657608 -0.12728251 -0.12667146 -0.12606042 -0.12586563 -0.12618218 -0.12649872 -0.12843368 -0.13470637 -0.14097905 -0.14739896 -0.15466876 -0.16193855 -0.16457404 -0.15827606 -0.15197807 -0.14382273 -0.1340562 -0.12428968 -0.11942403 -0.12156979 -0.12371555 -0.1280086 -0.13344324 -0.13887787 -0.14261479 -0.14513122 -0.14764766 -0.14774222 -0.1459615 -0.14418078 -0.14627287 -0.14903429 -0.15054432 -0.14669311 -0.1428419 -0.13919721
-9999 -0.13427381 -0.13047947 -0.13938087 -0.14828226 -0.15718365 -0.16608504 -0.16303149 -0.1461804 -0.1298865 -0.11364329 -0.097400073 -0.081156858 -0.072484926 -0.078974924 -0.085464922 -0.09195492 -0.098444918 -0.11245712 -0.12316354 -0.1225525 -0.12266512 -0.12298167 -0.12329822 -0.12361477 -0.12554972 -0.13182241 -0.1380951 -0.14436778 -0.15064047 -0.15774916 -0.16038465 -0.15408667 -0.14485879 -0.13509226 -0.12532574 -0.11555921 -0.11069356 -0.11283932 -0.11807637 -0.12351101 -0.12894565 -0.13438029 -0.1381172 -0.14063364 -0.14315007 -0.14566651 -0.14689912 -0.1451184 -0.14721049 -0.14711599 -0.14326478 -0.13941357 -0.13556236 -0.13191767
-9999 -0.12878146 -0.13768285 -0.14658425 -0.15548564 -0.16438703 -0.17328842 -0.17039913 -0.15415592 -0.1379127 -0.12166949 -0.10542627 -0.089183058 -0.080511126 -0.087001124 -0.093491122 -0.099981121 -0.10647112 -0.11296112 -0.11914807 -0.11946461 -0.11978116 -0.12009771 -0.12041426 -0.12073081 -0.12266576 -0.12893845 -0.13521114 -0.14148383 -0.14775652 -0.1540292 -0.15566138 -0.14589485 -0.13612832 -0.1263618 -0.11659527 -0.10682874 -0.10270951 -0.10814415 -0.11357879 -0.11901342 -0.12444806 -0.1298827 -0.13361961 -0.13613605 -0.13865249 -0.14116893 -0.14368536 -0.14605602 -0.14368765 -0.13983644 -0.13598523 -0.13213402 -0.12828281 -0.12485774
-9999 -0.12070652 -0.12960791 -0.13850931 -0.1474107 -0.15631209 -0.16398281 -0.16010996 -0.14386675 -0.12762353 -0.11138032 -0.095137103 -0.086610768 -0.087936946 -0.092047061 -0.098537059 -0.10502706 -0.11151706 -0.11800705 -0.12263029 -0.12294684 -0.12326339 -0.12357994 -0.12389649 -0.12148035 -0.11945292 -0.12929034 -0.13556303 -0.14183572 -0.14810841 -0.1543811 -0.15517531 -0.14540879 -0.13564226 -0.12587573 -0.11610921 -0.10703687 -0.10432767 -0.10976231 -0.11519695 -0.12063158 -0.12606622 -0.13245885 -0.13134315 -0.12937193 -0.13188837 -0.1344048 -0.13692124 -0.13943768 -0.1365248 -0.13267359 -0.12882238 -0.12497117 -0.12237034 -0.1234527
-9999 -0.11007544 -0.11897683 -0.12787823 -0.13677962 -0.14378388 -0.15062939 -0.14675653 -0.13051332 -0.1142701 -0.09802689 -0.094852327 -0.095118181 -0.096444359 -0.099893896 -0.10334343 -0.10957438 -0.11606438 -0.12255438 -0.12717762 -0.12749416 -0.12781071 -0.12812726 -0.12357816 -0.11684275 -0.11481532 -0.12540644 -0.13599757 -0.14272899 -0.14900167 -0.15527436 -0.15606858 -0.14630205 -0.13653553 -0.126769 -0.11807986 -0.10967822 -0.10696902 -0.11240366 -0.1178383 -0.12327294 -0.13004136 -0.13692669 -0.13581099 -0.12894346 -0.12474504 -0.12726148 -0.12977792 -0.13229435 -0.12938148 -0.12553027 -0.12167906 -0.12009406 -0.12095377 -0.12203613
-9999 -0.099444359 -0.10834575 -0.11673944 -0.12358495 -0.13043045 -0.13727596 -0.13340311 -0.11715989 -0.10282803 -0.10309389 -0.10335974 -0.10362559 -0.10495177 -0.10840131 -0.11185085 -0.11530038 -0.1206117 -0.1271017 -0.13172494 -0.13204149 -0.13235804 -0.12567597 -0.11894056 -0.11220515 -0.11017772 -0.12076884 -0.13135997 -0.14195109 -0.14989494 -0.15616763 -0.15696185 -0.14719532 -0.13752449 -0.12912286 -0.12072122 -0.11231958 -0.10961038 -0.11504502 -0.12073855 -0.12762388 -0.13450921 -0.14139454 -0.14027884 -0.1334113 -0.12654377 -0.12011815 -0.12263459 -0.12515103 -0.12223815 -0.11838694 -0.11781777 -0.11867749 -0.1195372 -0.12061956
-9999 -0.088813278 -0.096540506 -0.10338601 -0.11023152 -0.11707702 -0.12392253 -0.12004968 -0.11106959 -0.11133545 -0.1116013 -0.11186715 -0.11213301 -0.11345919 -0.11690872 -0.12035826 -0.1238078 -0.12725733 -0.13164902 -0.13627226 -0.13450919 -0.12777378 -0.12103837 -0.11430296 -0.10756755 -0.10554012 -0.11613124 -0.12672237 -0.13731349 -0.14790462 -0.1570609 -0.15785511 -0.14856749 -0.14016585 -0.13176421 -0.12336257 -0.11496094 -0.11225174 -0.11832107 -0.1252064 -0.13209172 -0.13897705 -0.14586238 -0.14474668 -0.13787915 -0.13101162 -0.12414408 -0.11727655 -0.1180077 -0.11509483 -0.11554149 -0.1164012 -0.11726092 -0.11812063 -0.11920299
-9999 -0.079026417 -0.085871923 -0.092717429 -0.099562936 -0.10640844 -0.11325395 -0.12003092 -0.12029677 -0.12056263 -0.12082848 -0.12109433 -0.12136019 -0.12009542 -0.12354495 -0.12699449 -0.13044403 -0.13389356 -0.1373431 -0.13771286 -0.13097745 -0.12424204 -0.11750663 -0.11077122 -0.10403581 -0.10075582 -0.11107565 -0.12166678 -0.1322579 -0.14284903 -0.15344016 -0.15754398 -0.14914234 -0.1407407 -0.13233906 -0.12393742 -0.11553579 -0.11449032 -0.12137565 -0.12826098 -0.1351463 -0.14203163 -0.14891696 -0.14994721 -0.14307968 -0.13621215 -0.12934461 -0.12247708 -0.11560955 -0.11491903 -0.11577874 -0.11663845 -0.11749817 -0.11835788 -0.11843325
-9999 -0.07752781 -0.084373316 -0.091218822 -0.098064329 -0.10494181 -0.11204436 -0.1203754 -0.13012426 -0.13224814 -0.13251399 -0.13277985 -0.1330457 -0.13151012 -0.12636707 -0.12723977 -0.13068931 -0.13413884 -0.13758838 -0.13795814 -0.13122273 -0.12448732 -0.11775191 -0.1110165 -0.10944579 -0.10860209 -0.10824814 -0.11518356 -0.12577469 -0.13636581 -0.14695694 -0.15106076 -0.14265912 -0.13425748 -0.12585584 -0.11740137 -0.10591701 -0.10478622 -0.11846768 -0.12648861 -0.13337394 -0.14025927 -0.1471446 -0.15038716 -0.15078267 -0.14391514 -0.1370476 -0.13018007 -0.12331253 -0.12178671 -0.12166455 -0.12252426 -0.12338397 -0.12424369 -0.12431906
-9999 -0.076029203 -0.082874709 -0.089720216 -0.096688585 -0.10379114 -0.11089369 -0.11922473 -0.12897359 -0.13872246 -0.1441995 -0.14446536 -0.14473121 -0.14319563 -0.13805259 -0.13290954 -0.13093458 -0.13438412 -0.13783366 -0.13820342 -0.13146801 -0.1247326 -0.1193449 -0.11831848 -0.11729206 -0.11644836 -0.11609441 -0.11574046 -0.11929147 -0.12988259 -0.14047372 -0.14457754 -0.1361759 -0.12777426 -0.11836656 -0.1068822 -0.095397845 -0.094267055 -0.10794851 -0.12162997 -0.13160157 -0.1384869 -0.14537223 -0.1486148 -0.14923863 -0.14986245 -0.14475059 -0.13788306 -0.13101552 -0.1294897 -0.12888706 -0.12841007 -0.12926978 -0.13012949 -0.13020486
-9999 -0.074530596 -0.081376103 -0.088435363 -0.095537916 -0.10264047 -0.10974302 -0.11807406 -0.12782292 -0.13757179 -0.14732065 -0.15615087 -0.15641672 -0.15488115 -0.1497381 -0.14459505 -0.139452 -0.1346294 -0.13807894 -0.1384487 -0.13171329 -0.1282176 -0.12719117 -0.12616475 -0.12513833 -0.12429464 -0.12394068 -0.12358673 -0.12323277 -0.12339938 -0.1339905 -0.13809432 -0.12969268 -0.11933175 -0.10784739 -0.096363034 -0.084878677 -0.083747887 -0.097429344 -0.1111108 -0.12479226 -0.13671454 -0.14359987 -0.14684243 -0.14746626 -0.14809009 -0.14871392 -0.14558605 -0.13871851 -0.13719269 -0.13659005 -0.13598742 -0.13538478 -0.1360153 -0.13609067
-9999 -0.073079588 -0.080182141 -0.087284695 -0.094387248 -0.1014898 -0.10859235 -0.11692339 -0.12667226 -0.13642112 -0.14616999 -0.15591885 -0.16566771 -0.16656666 -0.16142361 -0.15628056 -0.15113751 -0.14599446 -0.14085142 -0.13869398 -0.13709029 -0.13606387 -0.13503745 -0.13401102 -0.1329846 -0.13214091 -0.13178695 -0.131433 -0.13107904 -0.13072509 -0.13037114 -0.1316111 -0.12029694 -0.10881258 -0.097328223 -0.085843865 -0.074359508 -0.073228718 -0.086910175 -0.10059163 -0.11427309 -0.12795455 -0.141636 -0.14507007 -0.14569389 -0.14631772 -0.14694155 -0.14756538 -0.1464215 -0.14489568 -0.14429304 -0.14369041 -0.14308777 -0.14248514 -0.14197648
-9999 -0.083945294 -0.091047847 -0.0981504 -0.10525295 -0.11235551 -0.11728571 -0.1158897 -0.11854613 -0.12829499 -0.13804386 -0.14779272 -0.15754159 -0.16558358 -0.16625045 -0.1611074 -0.15596435 -0.1508213 -0.14567825 -0.14178001 -0.14075359 -0.13972717 -0.13870075 -0.13767433 -0.13459773 -0.12691099 -0.12805767 -0.12770372 -0.12734976 -0.12699581 -0.12664186 -0.12248612 -0.11100176 -0.099517405 -0.088033048 -0.076548691 -0.071402779 -0.079378394 -0.090211599 -0.10389306 -0.11757451 -0.13125597 -0.14493743 -0.15372884 -0.15574711 -0.15637094 -0.15699477 -0.1576186 -0.15824243 -0.14659957 -0.14582051 -0.14521788 -0.14461525 -0.14401261 -0.14299828
-9999 -0.10003633 -0.10713888 -0.11424144 -0.12134399 -0.12438965 -0.12616255 -0.12476654 -0.11971319 -0.11713558 -0.12688445 -0.13663331 -0.14638218 -0.15442417 -0.15904803 -0.16295174 -0.15780869 -0.15266564 -0.14752259 -0.14362435 -0.14259793 -0.14157151 -0.14054509 -0.13406493 -0.1227685 -0.11508176 -0.1170699 -0.1189408 -0.11858684 -0.11823289 -0.11787894 -0.1137232 -0.10223884 -0.090754486 -0.079270128 -0.08017617 -0.088263651 -0.096239265 -0.10405484 -0.11320438 -0.12688583 -0.14056729 -0.15424875 -0.16304016 -0.16831618 -0.17156652 -0.17219035 -0.17281418 -0.17343801 -0.16179515 -0.14803228 -0.14405993 -0.14345729 -0.14285466 -0.14184033
-9999 -0.11612737 -0.12322992 -0.12972067 -0.13149358 -0.13326649 -0.13503939 -0.13364338 -0.12859002 -0.12353667 -0.11848332 -0.1254739 -0.13522277 -0.14326476 -0.14788862 -0.15251249 -0.15713636 -0.15450998 -0.14936693 -0.14546869 -0.14444227 -0.14341584 -0.13353213 -0.1222357 -0.11093926 -0.10325252 -0.10524067 -0.10722881 -0.10921696 -0.10946997 -0.10911602 -0.10496028 -0.093475923 -0.081991566 -0.088949561 -0.097037042 -0.10512452 -0.11310014 -0.12091571 -0.12873128 -0.13654686 -0.14987861 -0.16356007 -0.17235148 -0.17762749 -0.18290351 -0.18738593 -0.18800976 -0.18863359 -0.17699073 -0.16322786 -0.14946498 -0.14229934 -0.1416967 -0.14068238
-9999 -0.1322184 -0.1368246 -0.13859751 -0.14037042 -0.14214332 -0.14391623 -0.14252022 -0.13746686 -0.13241351 -0.12736015 -0.1223068 -0.12406336 -0.13210535 -0.13672921 -0.14135308 -0.14597695 -0.15060082 -0.15121127 -0.14731302 -0.14429576 -0.13299933 -0.12170289 -0.11040646 -0.099110028 -0.091423288 -0.093411432 -0.095399576 -0.09738772 -0.099375864 -0.1003531 -0.096197361 -0.089635471 -0.097722952 -0.10581043 -0.11389791 -0.12198539 -0.12996101 -0.13777658 -0.14559216 -0.15340773 -0.1612233 -0.17287139 -0.1816628 -0.18693881 -0.19221483 -0.19749085 -0.20276687 -0.20382917 -0.19218631 -0.17842344 -0.16466056 -0.15089769 -0.14053875 -0.13952442
-9999 -0.1424726 -0.1442455 -0.14601841 -0.14779132 -0.14956422 -0.15133713 -0.14732829 -0.14227494 -0.13722158 -0.13216823 -0.12711487 -0.12206152 -0.12246418 -0.12708805 -0.13171192 -0.13633579 -0.14095966 -0.14558353 -0.14539333 -0.1340969 -0.12280047 -0.11150403 -0.1002076 -0.088911166 -0.083509115 -0.08549726 -0.087485404 -0.089473548 -0.091461692 -0.093449836 -0.097521314 -0.1056088 -0.11369628 -0.12178376 -0.12987124 -0.13795872 -0.1449055 -0.15272107 -0.16053665 -0.16835222 -0.1761678 -0.18398337 -0.18721719 -0.19249321 -0.19776923 -0.20304524 -0.20832126 -0.21359728 -0.20263997 -0.18887709 -0.17511421 -0.16135134 -0.14758846 -0.13877051
-9999 -0.14265187 -0.14442477 -0.14619768 -0.14797058 -0.1492314 -0.13947307 -0.13189891 -0.12684556 -0.1217922 -0.11673885 -0.11168549 -0.123174 -0.13062813 -0.12685591 -0.1296223 -0.13424617 -0.13887004 -0.14349391 -0.14330372 -0.13200728 -0.12071085 -0.10941442 -0.098117984 -0.093228992 -0.091880788 -0.096405123 -0.099044192 -0.10103234 -0.10302048 -0.10500862 -0.1090801 -0.11716758 -0.12525506 -0.13334254 -0.14143003 -0.14510568 -0.15031819 -0.15813376 -0.16594934 -0.17376491 -0.18067577 -0.17775192 -0.17742625 -0.17936119 -0.18463721 -0.18991323 -0.19518925 -0.20046526 -0.18950795 -0.17574507 -0.1619822 -0.14821932 -0.14226813 -0.14002627
-9999 -0.14283113 -0.14460404 -0.14637695 -0.14356034 -0.13380202 -0.12404369 -0.11646953 -0.11141618 -0.10636282 -0.10614272 -0.11920286 -0.132263 -0.13971713 -0.13594491 -0.13217269 -0.13215656 -0.13678043 -0.14140429 -0.1412141 -0.12991767 -0.11862124 -0.10854585 -0.1050066 -0.10146736 -0.10011915 -0.10464349 -0.10916782 -0.11259112 -0.11457927 -0.11656741 -0.12063889 -0.12872637 -0.13681385 -0.14373238 -0.14712537 -0.15051837 -0.15573088 -0.16354645 -0.17136203 -0.17519038 -0.17226653 -0.16934268 -0.169017 -0.17055912 -0.17210124 -0.17678121 -0.18205723 -0.18733325 -0.17637593 -0.16261306 -0.14885018 -0.14570844 -0.14352389 -0.14128203
-9999 -0.1430104 -0.14478331 -0.13788928 -0.12813096 -0.11837264 -0.10861431 -0.10104015 -0.095986797 -0.10217159 -0.11523172 -0.12829186 -0.141352 -0.14880613 -0.14503391 -0.14126169 -0.13748947 -0.13469081 -0.13931468 -0.13912449 -0.12782805 -0.12032345 -0.11678421 -0.11324496 -0.10970572 -0.10835751 -0.11288185 -0.11740618 -0.12193052 -0.12613806 -0.1281262 -0.13219768 -0.14028516 -0.14575207 -0.14914507 -0.15253806 -0.15593106 -0.16114357 -0.16895914 -0.16970499 -0.16678114 -0.16385729 -0.16093344 -0.16060776 -0.16214988 -0.163692 -0.16523412 -0.16892521 -0.17420123 -0.16324392 -0.15133329 -0.14914874 -0.14696419 -0.14477964 -0.14253778
-9999 -0.14197655 -0.13221823 -0.1224599 -0.11270158 -0.10294326 -0.093184931 -0.085610771 -0.098200448 -0.11126059 -0.12432073 -0.13738086 -0.150441 -0.15789513 -0.15412291 -0.15035069 -0.14657847 -0.14280625 -0.13903403 -0.13703487 -0.13210106 -0.12856182 -0.12502257 -0.12148333 -0.11794408 -0.11659588 -0.12112021 -0.12564455 -0.13016888 -0.13469322 -0.13921755 -0.14375647 -0.14777176 -0.15116476 -0.15455776 -0.15795075 -0.16134375 -0.16655626 -0.1642196 -0.16129575 -0.1583719 -0.15544805 -0.1525242 -0.15219852 -0.15374064 -0.15528276 -0.15682488 -0.158367 -0.16106922 -0.1547736 -0.15258905 -0.1504045 -0.14821995 -0.1460354 -0.14379354
-9999 -0.13713737 -0.12737905 -0.11762072 -0.1078624 -0.098104073 -0.092107932 -0.090151352 -0.095456748 -0.10851689 -0.12157703 -0.13463716 -0.1476973 -0.15839165 -0.15982926 -0.15605703 -0.15228481 -0.14851259 -0.14474037 -0.1410386 -0.13749935 -0.13396011 -0.13042086 -0.12688162 -0.12422335 -0.12479936 -0.1236444 -0.12816874 -0.13269307 -0.13721741 -0.14174174 -0.14587965 -0.14927265 -0.15266565 -0.15605865 -0.15945165 -0.16174947 -0.16196644 -0.16096886 -0.15804501 -0.15512116 -0.15219731 -0.14927346 -0.15057324 -0.15279526 -0.15433738 -0.1558795 -0.15742162 -0.15896374 -0.15241418 -0.15022963 -0.14804508 -0.14586053 -0.14367598 -0.14282378
