P2_models/J1_p2__temp2_slide_5.dat.tif
NCOLS 118
NROWS 92
XLLCORNER 139.62
YLLCORNER -39.07
DX 0.099491525
DY 0.099347826
NODATA_VALUE -9999
[rows 0 to 26 of 92, columns 0 to 59 of 118]
-9999 -9999 -9999 -9999 -9999 -9999 -9999 -9999 -9999 -9999 -9999 -9999 -9999 -9999 -9999 -9999 -9999 -9999 -9999 -9999 -9999 -9999 -9999 -9999 -9999 -9999 -9999 -9999 -9999 -9999 -9999 -9999 -9999 -9999 -9999 -9999 -9999 -9999 -9999 -9999 -9999 -9999 -9999 -9999 -9999 -9999 -9999 -9999 -9999 -9999 -9999 -9999 -9999 -9999 -9999 -9999 -9999 -9999 -9999 -9999
-9999 69.911963 70.06169 70.211417 70.361143 70.51087 70.750006 70.70032 70.240049 69.864264 69.48848 69.112696 68.736911 68.296083 67.87618 67.629607 67.383034 67.136461 66.889887 66.562186 66.047317 65.532448 65.01758 64.502711 64.110215 64.526232 65.239672 66.18012 67.120568 68.061016 69.001463 69.38384 68.690435 67.99703 67.303624 66.610219 65.896413 65.001394 64.355115 64.026621 63.698128 63.369634 63.041141 63.240686 63.837559 64.440094 65.042628 65.645163 66.247697 66.83217 66.998819 67.165467 67.332115 67.498764 67.512659 67.155674 67.022071 66.888468 66.754866 66.621263
-9999 70.785396 70.935123 71.08485 71.234576 71.543252 71.951494 71.901808 71.323616 70.808897 70.433112 70.057328 69.681544 69.240716 68.669634 68.16919 67.922617 67.676044 67.42947 67.101769 66.5869 66.072031 65.557163 65.383325 65.749454 66.165472 66.715204 67.339799 68.280247 69.220694 70.161142 70.543519 69.850114 69.156709 68.463303 67.731936 66.961298 66.066279 64.993314 64.193236 63.864742 63.536249 63.207755 63.4073 63.986446 64.578974 65.181508 65.784043 66.386577 66.989955 67.593477 67.813298 67.979946 68.146594 68.160489 67.645265 67.22532 67.091718 66.958115 66.824512
-9999 71.658829 71.808556 71.958283 72.336499 72.74474 73.152982 73.103296 72.525103 71.946911 71.377745 71.00196 70.626176 70.185348 69.614267 69.043185 68.472104 68.215626 67.969053 67.641352 67.126483 66.611614 66.656435 67.022564 67.388693 67.804711 68.354444 68.904176 69.453909 70.380373 71.320821 71.703198 71.009793 70.316388 69.567458 68.79682 68.026182 67.131163 66.058199 64.985234 64.031357 63.702863 63.37437 63.573915 64.15306 64.732206 65.320388 65.922923 66.525457 67.128835 67.732357 68.33588 68.627777 68.794425 68.80832 68.293096 67.777872 67.294967 67.161364 67.027761
-9999 72.532262 72.721504 73.129745 73.537986 73.946228 74.354469 74.304784 73.726591 73.148399 72.570206 71.992013 71.570808 71.12998 70.558899 69.987817 69.416736 68.845655 68.508636 68.180934 67.666066 67.929546 68.295674 68.661803 69.027932 69.44395 69.993683 70.543416 71.093148 71.642881 72.4805 72.862877 72.169472 71.40298 70.632342 69.861705 69.091067 68.196048 67.123083 66.050118 64.977154 63.904189 63.540984 63.740529 64.319675 64.89882 65.477966 66.061803 66.664337 67.267715 67.871237 68.47476 69.078283 69.442255 69.45615 68.940926 68.425702 67.910478 67.395255 67.23101
-9999 73.51475 73.922991 74.331233 74.739474 75.147716 75.555957 75.506271 74.928079 74.349886 73.771694 73.193501 72.615309 72.074612 71.503531 70.93245 70.361368 69.790287 69.219206 68.836527 69.202656 69.568785 69.934914 70.301042 70.667171 71.083189 71.632922 72.182655 72.732387 73.28212 73.831853 74.00914 73.238502 72.467865 71.697227 70.926589 70.155951 69.260932 68.187968 67.115003 66.042038 64.969074 63.896109 63.907144 64.486289 65.065435 65.64458 66.223726 66.803217 67.406594 68.010117 68.61364 69.217163 69.820685 70.103981 69.588757 69.073533 68.558309 68.043085 67.527861
-9999 73.884528 74.29277 74.701011 75.109253 75.517494 75.890935 75.809266 75.231073 74.652881 74.074688 73.496496 72.966422 72.570813 72.251293 71.680212 71.109131 70.538049 69.966968 69.679285 70.045414 70.411543 70.777671 71.1438 71.550964 71.785427 71.554206 72.103939 72.653672 73.203405 73.753138 73.851875 73.081238 72.3106 71.539962 70.769324 70.194662 69.533384 68.460419 67.387455 66.31449 65.241525 64.173876 63.403221 63.454582 64.033727 64.612873 65.192018 65.771164 66.371094 66.974617 67.57814 68.181662 68.68589 68.731907 68.216683 67.70146 67.186236 66.671012 66.926139
-9999 74.12254 74.530782 74.939023 75.347265 75.703036 76.051582 75.969913 75.391721 74.813528 74.235336 73.736788 73.2651 72.869491 72.626234 72.382978 71.825703 71.254622 70.683541 70.395858 70.761986 71.128115 71.494244 71.931705 72.408104 72.642566 72.22858 71.814594 72.302784 72.852517 73.40225 73.500987 72.730349 71.959712 71.189074 70.715085 70.34157 69.680292 68.607327 67.534363 66.461398 65.395661 64.33093 63.560275 63.001028 62.812172 63.391317 63.970463 64.549608 65.149539 65.753061 66.356584 66.785763 66.993807 67.039824 66.5246 66.009376 65.494152 65.984138 66.706517
-9999 74.360552 74.768794 75.16659 75.515137 75.863683 76.21223 76.130561 75.552368 74.978841 74.507153 74.035465 73.563778 73.168169 72.924912 72.681655 72.438398 71.971195 71.400113 71.11243 71.478559 71.844688 72.312446 72.788844 73.265243 73.499706 73.08572 72.671734 72.257748 72.501629 73.051362 73.150099 72.379461 71.609022 71.235508 70.861993 70.488478 69.8272 68.754235 67.682177 66.617446 65.552715 64.487984 63.717329 63.158082 62.598835 62.169762 62.748907 63.328053 63.927983 64.531506 64.885635 65.093679 65.301723 65.34774 64.832516 64.319756 65.042136 65.764515 66.486895
-9999 74.598564 74.978691 75.327238 75.675784 76.024331 76.372877 76.291208 75.749206 75.277518 74.805831 74.334143 73.862455 73.466846 73.22359 72.980333 72.737076 72.493819 72.116686 71.829003 72.216788 72.693186 73.169585 73.645983 74.122382 74.356845 73.942859 73.528873 73.114887 72.700901 72.700474 72.799211 72.129445 71.75593 71.382416 71.008901 70.635386 69.974108 68.903962 67.839231 66.7745 65.709769 64.645038 63.874383 63.315136 62.755889 62.196642 61.637395 62.106497 62.706428 62.985508 63.193551 63.401595 63.609639 63.655656 63.377755 64.100134 64.822514 65.544893 66.267273
-9999 74.719848 75.068394 75.416941 75.765487 76.114034 76.462581 76.388267 75.916579 75.444892 74.973204 74.501516 74.029829 73.69587 73.452614 73.209357 72.9661 72.722843 72.479587 72.453943 72.930341 73.40674 73.883139 74.359537 74.835936 75.129227 74.715241 74.301255 73.887269 73.473283 73.059297 72.659135 72.28562 71.912106 71.538591 71.165076 70.791561 70.091666 69.026935 67.962204 66.897473 65.832742 64.768011 63.962449 63.403202 62.843954 62.284707 61.72546 61.166213 61.261189 61.469233 61.677277 61.885321 62.093365 62.514176 63.236555 63.958935 64.681314 65.403694 66.126074
-9999 74.344603 74.693149 75.041696 75.390242 75.738789 75.86156 75.695109 75.223421 74.751734 74.280046 73.808358 73.397333 73.151849 73.201595 72.981892 72.738635 72.495378 72.252121 72.226478 72.702876 73.179275 73.655673 74.132072 74.586543 74.904918 74.885526 74.518165 74.104179 73.690193 73.276207 72.876045 72.50253 72.129015 71.7555 71.381985 70.801329 69.991283 68.926552 67.861821 66.79709 65.73236 64.556387 63.676749 63.039133 62.479886 61.920639 61.361392 60.802145 60.897121 61.105165 61.313209 61.521253 62.072879 62.886937 63.609317 64.331696 65.054076 65.776455 66.652878
-9999 73.969358 74.317904 74.666451 74.972354 75.070378 75.168401 75.001951 74.530263 74.058576 73.589963 73.197053 72.804143 72.55866 72.608405 72.658151 72.51117 72.267913 72.024656 71.999013 72.475411 72.95181 73.428208 73.874737 74.319132 74.637507 74.618115 74.598722 74.321088 73.907102 73.493116 73.092954 72.719439 72.345924 71.964994 71.33297 70.700946 69.8909 68.826169 67.761439 66.678559 65.496496 64.314434 63.434796 62.772566 62.115818 61.556571 60.997323 60.438076 60.533053 60.741097 60.94914 61.605114 62.44564 63.259698 63.982078 64.704458 65.440242 66.331046 67.221851
-9999 73.594113 73.942659 74.181173 74.279196 74.37722 74.475243 74.308793 73.837105 73.389684 72.996774 72.603864 72.210954 71.96547 72.015216 72.064962 72.114708 72.040448 71.797191 71.771547 72.247946 72.718535 73.16293 73.607325 74.051721 74.370096 74.350703 74.331311 74.311918 74.124012 73.710026 73.309863 72.936349 72.496636 71.864612 71.232587 70.600563 69.790518 68.725787 67.618668 66.436605 65.254543 64.072481 63.192842 62.530613 61.868383 61.206154 60.633255 60.074008 60.168984 60.377028 61.13735 61.977876 62.818401 63.63246 64.354839 65.118411 66.009215 66.90002 67.790824
-9999 73.218868 73.389991 73.488014 73.586038 73.684062 73.782085 73.615635 73.189405 72.796495 72.403585 72.010675 71.617765 71.372281 71.422027 71.471773 71.521518 71.571264 71.569726 71.544082 72.006728 72.451123 72.895519 73.339914 73.78431 74.102684 74.083292 74.0639 74.044507 74.025115 73.926935 73.526773 73.028277 72.396253 71.764229 71.132205 70.500181 69.690135 68.558776 67.376714 66.194652 65.01259 63.830527 62.950889 62.28866 61.62643 60.9642 60.301971 59.70994 59.82906 60.669585 61.510111 62.350637 63.191163 64.005221 64.79658 65.687384 66.578189 67.468993 68.359798
-9999 72.597806 72.69583 72.793853 72.891877 72.989901 73.087924 72.940237 72.547327 72.154417 71.761507 71.368597 70.975687 70.765492 70.820588 70.870334 70.92008 70.969826 71.019571 71.188653 71.633049 72.077444 72.52184 72.966235 73.410631 73.923444 73.989192 73.9698 73.950407 73.931015 73.911622 73.682975 73.050951 72.418927 71.786903 71.154879 70.522854 69.994677 68.812615 67.630552 66.44849 65.266428 64.084366 63.129808 62.467579 61.805349 61.14312 60.48089 59.81866 60.585862 61.426388 62.266913 63.107439 63.947965 64.574564 65.330718 66.221523 67.112327 68.003132 68.893936
-9999 71.901314 71.999338 72.097362 72.195385 72.255497 72.101041 71.931896 71.745798 71.398739 71.005829 70.612919 70.220009 70.009815 70.165519 70.249727 70.299473 70.349219 70.398965 70.568046 71.012442 71.456837 71.901233 72.345628 72.729418 73.219765 74.007941 74.278412 74.25902 74.239627 74.220235 73.991587 73.359563 72.727539 72.095515 71.442542 70.312554 69.735887 69.950823 69.03643 67.854368 66.672305 65.490243 64.490983 63.624452 62.962223 62.299993 61.637764 60.975534 61.947419 63.075562 63.916087 64.756613 65.597139 66.223738 66.109323 66.674718 67.565522 68.456327 69.347131
-9999 71.204823 71.302846 71.40087 71.386249 71.231792 71.077336 70.90819 70.722092 70.535994 70.250152 69.857242 69.464332 69.254137 69.409842 69.565546 69.678866 69.728612 69.778358 69.94744 70.391835 70.836231 71.267282 71.646511 72.025739 72.516087 73.304262 74.092437 74.567632 74.54824 74.528847 74.3002 73.668176 73.036152 72.256942 71.126954 69.996967 69.420299 69.635235 69.850171 69.260245 68.078183 66.89612 65.896861 65.029015 64.16117 63.456867 62.794637 62.132408 63.104292 64.358596 65.565261 66.405787 67.246313 67.872912 67.758497 67.644082 68.018717 68.909522 69.800326
-9999 70.508331 70.606355 70.517 70.362543 70.208087 70.05363 69.884485 69.698387 69.512289 69.326191 69.101564 68.708654 68.49846 68.654164 68.809868 68.965572 69.108005 69.157751 69.326833 69.771228 70.184375 70.563604 70.942832 71.322061 71.812408 72.600584 73.388759 74.176934 74.856852 74.83746 74.608812 73.976788 73.071342 71.941354 70.811366 69.681379 69.104711 69.319647 69.534583 69.749519 69.48406 68.301998 67.302738 66.434893 65.567047 64.699202 63.951511 63.289282 64.261166 65.51547 66.769774 68.024078 68.895487 69.522086 69.407671 69.293256 69.17884 69.362717 70.253522
-9999 69.802207 69.647751 69.493294 69.338838 69.184381 69.029925 68.86078 68.674681 68.488583 68.302485 68.116387 67.930289 67.742782 67.898486 68.054191 68.209895 68.365599 68.521303 68.706226 69.101468 69.480696 69.859925 70.239154 70.618382 71.10873 71.896905 72.68508 73.473256 74.261431 75.049606 74.917425 73.885741 72.755754 71.625766 70.495778 69.365791 68.789124 69.00406 69.218996 69.433932 69.648868 69.707875 68.708616 67.84077 66.972925 66.105079 65.237234 64.446155 65.41804 66.672344 67.926648 69.180952 70.435255 71.17126 71.056845 70.942429 70.828014 70.713599 70.706717
-9999 69.336613 69.182157 69.0277 68.873244 68.718787 68.469948 68.051667 67.865569 67.679471 67.493373 67.307275 67.138379 67.239778 67.411863 67.567568 67.723272 67.878976 68.03468 68.257975 68.637204 69.016432 69.395661 69.774889 70.154118 70.535534 70.981646 71.769821 72.557996 73.346171 74.134347 74.26734 73.137352 72.007365 70.877377 69.747389 68.699781 68.508116 68.723052 68.937988 69.152924 69.36786 69.483057 69.479884 68.716249 67.848404 66.980559 66.112713 65.244868 66.186453 67.440757 68.695061 69.949365 71.203668 71.951578 71.837163 71.722748 71.608333 71.493917 71.649469
-9999 69.292012 69.137556 68.983099 68.828643 68.442165 67.822708 67.404427 67.218329 67.032231 66.846133 66.748156 66.801653 66.903052 67.100377 67.283898 67.439602 67.595306 67.751011 67.974305 68.353534 68.732762 69.111991 69.52917 70.047355 70.428999 70.444682 70.694962 71.483137 72.271312 73.059488 73.192481 72.062493 70.932506 69.802518 68.920732 68.444859 68.253194 68.46813 68.683066 68.898002 68.931683 68.795654 68.792481 68.884816 68.323794 67.455949 66.588103 65.720258 66.661843 67.916147 69.170451 70.397659 71.357397 72.076503 71.962088 71.847673 71.733257 72.076062 72.948389
-9999 69.247411 69.092955 68.938498 68.414382 67.794924 67.175467 66.757186 66.571088 66.38499 66.357933 66.411431 66.464928 66.566326 66.763651 66.960976 67.155932 67.311637 67.467341 67.690636 68.069864 68.449093 68.90445 69.422635 69.94082 70.322465 70.338147 70.35383 70.408278 71.196453 71.984629 72.117622 70.987635 69.857647 69.141682 68.665809 68.189936 67.998272 68.213208 68.428144 68.38031 68.244281 68.108252 68.105079 68.197414 68.289749 67.931338 67.063493 66.195648 67.137233 68.391537 69.562846 70.522584 71.482322 72.201428 72.087012 71.972597 72.502654 73.374982 74.247309
-9999 69.202811 69.006055 68.386598 67.767141 67.147684 66.528227 66.109946 65.923848 65.967711 66.021208 66.074705 66.128202 66.229601 66.426926 66.62425 66.821575 67.0189 67.183671 67.406966 67.786194 68.27973 68.797915 69.3161 69.834285 70.21593 70.231613 70.247295 70.262978 70.27866 70.90977 71.042763 69.912776 69.362633 68.88676 68.410887 67.935014 67.74335 67.958286 67.828936 67.692907 67.556878 67.42085 67.417676 67.510011 67.602347 67.694682 67.538883 66.671038 67.612623 68.728033 69.687771 70.647509 71.607247 72.326352 72.211937 72.929247 73.801574 74.673902 75.546229
-9999 68.978272 68.358815 67.739358 67.119901 66.500443 65.880986 65.523991 65.577488 65.630985 65.684482 65.737979 65.791476 65.892875 66.0902 66.287525 66.48485 66.682174 66.879499 67.136826 67.655011 68.173196 68.691381 69.209566 69.727751 70.109395 70.125078 70.140761 70.156443 70.172126 70.187808 70.059457 69.583584 69.107711 68.631838 68.155965 67.680092 67.413592 67.277563 67.141534 67.005505 66.869476 66.733447 66.730274 66.822609 66.914944 67.007279 67.099614 67.146428 67.89322 68.852958 69.812695 70.772433 71.732171 72.483512 73.355839 74.228167 75.100494 75.972822 76.845149
-9999 68.791692 68.172235 67.552778 66.933321 66.313864 65.62268 64.945918 64.596511 64.650008 64.703505 64.757002 64.810499 64.944094 65.212636 65.409961 65.607286 65.804611 66.001936 66.296284 66.814469 67.332654 67.850839 68.369024 68.872884 69.603917 70.710511 70.726193 70.741876 70.757558 70.773241 70.621024 70.145151 69.669278 69.193405 68.717532 68.396823 68.114832 67.762301 67.626272 67.490243 67.354214 67.218185 67.388352 67.610138 67.702474 67.794809 67.887144 67.979479 67.935067 68.744979 69.704717 70.664455 71.624193 72.443834 72.899564 73.771891 74.644219 75.516546 76.388874
-9999 68.693401 68.073944 67.454487 66.83503 66.105369 65.35592 64.679159 64.086287 63.545556 63.599053 63.65255 63.706047 63.839643 64.13364 64.427637 64.626068 64.823393 65.020717 65.315066 65.833251 66.351436 66.869621 67.361955 67.838187 68.56922 69.98318 71.39714 71.459928 71.475611 71.491293 71.339076 70.863203 70.38733 69.911457 69.675647 69.534673 69.252682 68.768947 68.335658 68.199629 68.0636 67.927571 68.097737 68.488023 68.772682 68.865017 68.957352 69.049687 69.005276 68.937231 69.552102 70.51184 71.471578 72.291219 72.625582 72.979223 73.85155 74.723878 75.596205
