P2_models/J1_p2_vp_slide_diff_300.dat.tif
NCOLS 118
NROWS 92
XLLCORNER 139.62
YLLCORNER -39.07
DX 0.099491525
DY 0.099347826
NODATA_VALUE -9999
[rows 27 to 53 of 92, columns 0 to 59 of 118]
-9999 8.588338 8.5915023 8.5950814 8.60113 8.6071786 8.6132272 8.6166032 8.6168948 8.6171865 8.6174781 8.6169293 8.6161498 8.6097604 8.5921368 8.5745132 8.5568896 8.5496442 8.5465596 8.5448185 8.5461767 8.5475349 8.5461903 8.5445149 8.5428394 8.5460424 8.5623205 8.5785987 8.5948768 8.5945029 8.5874198 8.5794439 8.569747 8.5600502 8.5466552 8.5331471 8.519639 8.5071077 8.4959737 8.4848397 8.4737058 8.4800823 8.4881312 8.4962175 8.5043308 8.512444 8.5190279 8.516483 8.5139381 8.5034324 8.4915508 8.4796692 8.4713313 8.4669151 8.4665099 8.4799983 8.4934867 8.5069751 8.5207086 8.5344868
-9999 8.5834387 8.5878715 8.5939201 8.5999686 8.6060172 8.6120658 8.6154419 8.6157335 8.6160252 8.6163168 8.6166084 8.6163766 8.6099872 8.5923636 8.57474 8.5571164 8.5394928 8.5282528 8.5265116 8.5273672 8.5256917 8.5240163 8.5223409 8.5206654 8.5238683 8.5401465 8.5564247 8.5727028 8.588981 8.5945293 8.5865534 8.5760035 8.5624954 8.5489873 8.5354792 8.5219711 8.5094398 8.4983058 8.4871719 8.4760379 8.464904 8.4668251 8.4749114 8.4830247 8.4911379 8.4992512 8.5073645 8.5055392 8.4950334 8.4831518 8.4712703 8.4593887 8.4496341 8.4492289 8.4627173 8.4762057 8.4896941 8.5031824 8.516861
-9999 8.5791651 8.5852137 8.5912623 8.5973109 8.6033595 8.6094081 8.6120899 8.6123815 8.6126732 8.6129648 8.6132564 8.613548 8.6100232 8.5923996 8.574776 8.5571524 8.5395288 8.5219052 8.5091041 8.5074286 8.5057532 8.5040778 8.5024023 8.5007269 8.5002163 8.5164945 8.5327726 8.5490508 8.565329 8.5816071 8.5877113 8.5742032 8.5606951 8.547187 8.533679 8.5201709 8.5110136 8.4998796 8.4887457 8.4776117 8.4664777 8.4553438 8.456563 8.4646762 8.4727895 8.4809028 8.489016 8.4971293 8.4890577 8.4771761 8.4652945 8.4534129 8.4415313 8.4346319 8.4481203 8.4616087 8.4750971 8.4885855 8.5020738
-9999 8.5641881 8.5702367 8.5762853 8.5823339 8.5883825 8.5909228 8.5917243 8.5909951 8.5912867 8.5915784 8.59187 8.5921616 8.591673 8.589622 8.5732407 8.5556171 8.5379936 8.52037 8.5075688 8.5058934 8.504218 8.5025425 8.5008671 8.5019156 8.4994851 8.484366 8.4969531 8.5132313 8.5295094 8.5457876 8.5518917 8.5383837 8.5248756 8.5113675 8.4978594 8.4970203 8.4975802 8.4952103 8.4840763 8.4729423 8.4618084 8.4506744 8.4558635 8.4706762 8.4787895 8.4869028 8.495016 8.5031293 8.4999075 8.4911484 8.4792668 8.4673852 8.4555036 8.4480865 8.456134 8.4691075 8.4825959 8.4960843 8.5095727
-9999 8.5492111 8.5552597 8.5613083 8.566591 8.5687441 8.5708972 8.5716987 8.5709403 8.5701819 8.5701919 8.5704836 8.5707752 8.5702866 8.5682356 8.5661846 8.5540819 8.5364583 8.5188347 8.5060336 8.5043582 8.5026827 8.5010073 8.5031491 8.5054528 8.5030224 8.4879032 8.472784 8.4774117 8.4936899 8.509968 8.5160722 8.5025641 8.489056 8.4764055 8.47872 8.4810344 8.4815943 8.4796439 8.4776935 8.468273 8.457139 8.4460051 8.4511942 8.4681177 8.4847895 8.4929027 8.501016 8.5091293 8.5059074 8.5007266 8.4932391 8.4813575 8.4694759 8.4620588 8.4701063 8.4781537 8.4900948 8.5035832 8.5170716
-9999 8.5342341 8.5402827 8.5444124 8.5465655 8.5487186 8.5508717 8.5516732 8.5509147 8.5501563 8.5493979 8.5490972 8.5493888 8.5489002 8.5468492 8.5447982 8.5427471 8.5349231 8.5172995 8.5044984 8.5028229 8.5020788 8.5043825 8.5066863 8.50899 8.5065596 8.4914404 8.4763212 8.461202 8.4578703 8.4741485 8.4802527 8.4667446 8.4581052 8.4604196 8.4627341 8.4650485 8.4656083 8.463658 8.4617076 8.4597572 8.4524697 8.4413357 8.4465248 8.4634483 8.4803718 8.4972953 8.507016 8.5151292 8.5119074 8.5067266 8.5015457 8.4953298 8.4834483 8.4760312 8.4840786 8.4921261 8.5001735 8.511082 8.5245704
-9999 8.5192571 8.5222337 8.5243868 8.5265399 8.528693 8.5308461 8.5316476 8.5308892 8.5301308 8.5293723 8.5286139 8.5280024 8.5275138 8.5254628 8.5234117 8.5213607 8.5193097 8.5157642 8.5029631 8.5033123 8.505616 8.5079197 8.5102235 8.5125272 8.5100968 8.4949776 8.4798584 8.4647393 8.4496201 8.438329 8.4444331 8.4398048 8.4421193 8.4444337 8.4467482 8.4490626 8.4496224 8.4476721 8.4457217 8.4437713 8.4418209 8.4366664 8.4418555 8.458779 8.4757025 8.492626 8.5095495 8.5211292 8.5179074 8.5127265 8.5075457 8.5023649 8.497184 8.4900035 8.4980509 8.5060984 8.5141458 8.5221933 8.5320693
-9999 8.5100404 8.5121935 8.5143466 8.5164996 8.5186527 8.5208058 8.5251349 8.525106 8.5243476 8.5235891 8.5228307 8.5220723 8.5130116 8.5072124 8.5051614 8.5031104 8.5010594 8.4990084 8.4982741 8.5005779 8.5028816 8.5051853 8.507489 8.5097928 8.5137539 8.5035324 8.4884132 8.473294 8.4581749 8.4430557 8.4338913 8.4362057 8.4385202 8.4408346 8.4431491 8.4454635 8.4462471 8.4445732 8.4426228 8.4406724 8.438722 8.4367717 8.4364832 8.4534067 8.4703302 8.4872537 8.5041772 8.5211007 8.5160499 8.510869 8.5056882 8.5005074 8.4953265 8.4937891 8.5025494 8.5105968 8.5186443 8.5266917 8.5347392
-9999 8.5164686 8.5186217 8.5207748 8.5229279 8.5216292 8.5118059 8.5157044 8.5354394 8.5420539 8.5412955 8.5405371 8.5397787 8.530718 8.5050314 8.4920833 8.4900323 8.4879813 8.4859303 8.4851961 8.4874998 8.4898035 8.4921073 8.4944251 8.4969439 8.5009559 8.5089701 8.5052434 8.4901242 8.475005 8.4598859 8.4507215 8.4530359 8.4553503 8.4576648 8.4594132 8.4585045 8.4589491 8.4613301 8.4607782 8.4588278 8.4568774 8.454927 8.4523496 8.4493214 8.4637985 8.480722 8.4976455 8.514569 8.5068344 8.4960524 8.4908715 8.4856907 8.4805099 8.4789725 8.4900555 8.4994703 8.5075178 8.5155652 8.5236126
-9999 8.5228968 8.5250499 8.527203 8.5220219 8.5121987 8.5023754 8.5062739 8.5260089 8.545744 8.5590019 8.5582435 8.5574851 8.5484243 8.5227378 8.4970512 8.4769543 8.4749032 8.4728522 8.472118 8.4744217 8.4767255 8.4791084 8.4816272 8.484146 8.488158 8.4961721 8.5041862 8.5069544 8.4918352 8.476716 8.4675516 8.4698661 8.4721805 8.473024 8.4721153 8.4712065 8.4716512 8.4740321 8.4764131 8.4769832 8.4750328 8.4730824 8.470505 8.4674768 8.4644486 8.4741903 8.4911138 8.5080373 8.5003027 8.4883065 8.4763103 8.4708741 8.4656932 8.4641558 8.4752388 8.4863218 8.4963912 8.5044387 8.5124861
-9999 8.5293251 8.5314782 8.5224147 8.5125914 8.5027682 8.4929449 8.4968434 8.5165784 8.5363135 8.5560485 8.5757836 8.5751914 8.5661307 8.5404442 8.5147576 8.489071 8.4633845 8.4597742 8.45904 8.4613437 8.4637917 8.4663105 8.4688293 8.471348 8.47536 8.4833742 8.4913883 8.4994024 8.5074165 8.4935462 8.4843818 8.4866962 8.4866348 8.4857261 8.4848173 8.4839086 8.4843532 8.4867342 8.4891151 8.491496 8.4931882 8.4912378 8.4886604 8.4856322 8.482604 8.4795758 8.4845821 8.5015056 8.493771 8.4817748 8.4697787 8.4577825 8.4508766 8.4493392 8.4604222 8.4715052 8.4825882 8.4933122 8.5013596
-9999 8.5326307 8.5228074 8.5129842 8.5031609 8.4933377 8.4835145 8.4874129 8.507148 8.526883 8.546618 8.5663531 8.5860881 8.5838371 8.5581505 8.532464 8.5067774 8.4810909 8.4554043 8.4459619 8.4484749 8.4509937 8.4535125 8.4560313 8.4585501 8.4625621 8.4705762 8.4785903 8.4866045 8.4946186 8.5026327 8.5011543 8.5002456 8.4993369 8.4984281 8.4975194 8.4966106 8.4970553 8.4994362 8.5018172 8.5041981 8.506579 8.50896 8.5068158 8.5037876 8.5007594 8.4977311 8.4947029 8.4949739 8.4872393 8.4752432 8.463247 8.4512508 8.4392546 8.4345225 8.4456055 8.4566885 8.4677715 8.4788545 8.4899375
-9999 8.5375879 8.5277646 8.5179414 8.5081182 8.4982949 8.4872121 8.4896231 8.5093582 8.5290932 8.5488282 8.5685633 8.5861651 8.5903737 8.5723999 8.5467134 8.5210268 8.4953403 8.4696537 8.452496 8.4550148 8.4575336 8.4600524 8.4625712 8.4647236 8.4652396 8.4671834 8.4751975 8.4832117 8.4912258 8.4992399 8.5042063 8.5032975 8.5023888 8.50148 8.5005713 8.4973777 8.4941726 8.4965536 8.4989345 8.5013154 8.5036964 8.5080428 8.5104903 8.5084288 8.5054006 8.5023724 8.4993442 8.496316 8.4856413 8.4736451 8.461649 8.4496528 8.4394407 8.4430699 8.4541529 8.4652359 8.4763189 8.4874019 8.4926802
-9999 8.5474112 8.537588 8.5277647 8.5179415 8.5059587 8.4933593 8.4957704 8.5155054 8.5352405 8.5549755 8.5704334 8.5835548 8.5877635 8.5741237 8.5597936 8.534107 8.5084205 8.4827339 8.4655763 8.468095 8.4706138 8.4731326 8.4748326 8.4758557 8.4763717 8.4755285 8.4749857 8.4829998 8.4910139 8.499028 8.5039944 8.5030857 8.5021769 8.5012682 8.4963336 8.489224 8.486019 8.4883999 8.4907808 8.4931618 8.4984825 8.5046244 8.5070719 8.5068634 8.5054713 8.502443 8.4994148 8.4963866 8.485712 8.4737158 8.4617196 8.4544129 8.4558901 8.4595193 8.4706023 8.4816853 8.4927683 8.4955621 8.4951233
-9999 8.5572346 8.5474113 8.5373047 8.5247053 8.5121059 8.4995066 8.5019176 8.5216527 8.5413877 8.5547016 8.5678231 8.5809446 8.5851532 8.5715134 8.5578736 8.5442338 8.5215007 8.4958142 8.4786565 8.4811753 8.4836941 8.4849416 8.4859647 8.4869878 8.4875038 8.4866607 8.4858175 8.4849744 8.490802 8.4988162 8.5037825 8.5028738 8.501965 8.4952896 8.48818 8.4810704 8.4778653 8.4802463 8.4827803 8.4889222 8.4950641 8.501206 8.5036534 8.503445 8.5032366 8.5025137 8.4994855 8.4964573 8.4857826 8.4737864 8.469385 8.4708623 8.4723395 8.4759687 8.4870517 8.4981347 8.498444 8.4980052 8.4975664
-9999 8.5670579 8.5560513 8.543452 8.5308526 8.5182532 8.5056538 8.5080649 8.5258485 8.5389699 8.5520914 8.5652128 8.5783343 8.582543 8.5689032 8.5552634 8.5416236 8.5279838 8.5088944 8.4917367 8.4940276 8.4950507 8.4960738 8.4970969 8.49812 8.498636 8.4977928 8.4969497 8.4961065 8.4952634 8.4986043 8.5035707 8.5013551 8.4942455 8.4871359 8.4800263 8.4729167 8.4697117 8.47322 8.4793619 8.4855038 8.4916456 8.4977875 8.500235 8.5000266 8.4998182 8.4996098 8.4994014 8.4965279 8.4858532 8.4843571 8.4858344 8.4873117 8.488789 8.4924181 8.5017648 8.501326 8.5008871 8.5004483 8.5000095
-9999 8.5716989 8.5590996 8.5465002 8.5339008 8.5213014 8.508702 8.508612 8.5217335 8.534855 8.5479764 8.5610979 8.5742194 8.5790267 8.5653869 8.5517471 8.5381073 8.5244675 8.5108277 8.5016218 8.5026449 8.503668 8.5046911 8.5057142 8.5067373 8.5082388 8.5073957 8.5065525 8.5057094 8.5048662 8.5040231 8.5010395 8.4939299 8.4868203 8.4797107 8.4726011 8.4654915 8.4629567 8.4690986 8.4752405 8.4813824 8.4875243 8.4936662 8.4950844 8.494876 8.4946676 8.4944592 8.4942508 8.4940424 8.497112 8.4985893 8.5000666 8.5015438 8.5030211 8.5043987 8.5039598 8.503521 8.5030822 8.5026434 8.5022045
-9999 8.5513741 8.5387747 8.5261753 8.5135759 8.5009765 8.5027813 8.5049937 8.5062701 8.5193916 8.5325131 8.5456345 8.558756 8.5643007 8.5546726 8.5413976 8.5277578 8.514118 8.5004782 8.4912723 8.4922954 8.4933185 8.4943416 8.4953647 8.5022218 8.5083526 8.5056972 8.5046211 8.503778 8.5029348 8.5020917 8.4991081 8.4919985 8.4848889 8.4777793 8.4706697 8.4609606 8.4562569 8.4596758 8.4658177 8.4719596 8.4781015 8.4842434 8.4824672 8.4766613 8.4764529 8.4762445 8.4760361 8.4758277 8.4883252 8.4960988 8.4975761 8.4990534 8.5005307 8.5021087 8.5040358 8.5038455 8.5034067 8.5029678 8.502529
-9999 8.5310492 8.5184498 8.5058504 8.4965355 8.4997311 8.5029267 8.5051391 8.5062167 8.5072943 8.5170497 8.5301711 8.5432926 8.5488373 8.5392092 8.5295811 8.5174083 8.5037685 8.4901287 8.4809228 8.4819459 8.482969 8.4839921 8.4931532 8.5025622 8.5086929 8.5060375 8.5033821 8.5018466 8.5010035 8.5001603 8.4971768 8.4900672 8.4829576 8.4756392 8.4653269 8.4550145 8.4503108 8.4536313 8.4569517 8.4625368 8.4686786 8.4748205 8.4730444 8.4655761 8.4582382 8.4580298 8.4578214 8.457613 8.4701105 8.484804 8.4950857 8.4965629 8.4980402 8.4996182 8.5015454 8.5034725 8.5037311 8.5032923 8.5028535
-9999 8.5107243 8.4981249 8.4934853 8.4966809 8.4998765 8.5030722 8.5052846 8.5063622 8.5074398 8.5085174 8.5147078 8.5278292 8.5333739 8.5237458 8.5141177 8.5044896 8.493419 8.4797792 8.4705733 8.4715964 8.4746757 8.4840847 8.4934936 8.5029025 8.5090333 8.5063779 8.5037224 8.501067 8.4990721 8.498229 8.4952454 8.4881358 8.4800056 8.4696932 8.4593808 8.4490684 8.4443648 8.4476852 8.4510057 8.4543261 8.4592558 8.4653977 8.4636216 8.4561532 8.4486849 8.4412166 8.4396067 8.4393983 8.4518958 8.4665893 8.4812828 8.4940725 8.4955497 8.4971278 8.4990549 8.500982 8.5029091 8.5036168 8.5031779
-9999 8.4903994 8.4904351 8.4936307 8.4968263 8.500022 8.5032176 8.50543 8.5065076 8.5075852 8.5086628 8.5097404 8.5123658 8.5179106 8.5082824 8.4986543 8.4890262 8.4793981 8.4694297 8.4602237 8.4656071 8.4750161 8.484425 8.4938339 8.5032428 8.5093736 8.5067182 8.5040628 8.5014074 8.4987519 8.4962976 8.493314 8.4843719 8.4740595 8.4637471 8.4534347 8.4431223 8.4384187 8.4417391 8.4450596 8.44838 8.4517005 8.4559749 8.4541987 8.4467304 8.4392621 8.4317938 8.4243254 8.4211836 8.4336812 8.4483746 8.4630681 8.4777616 8.4924551 8.4946373 8.4965644 8.4984916 8.5004187 8.5023458 8.5035024
-9999 8.4822929 8.4854885 8.4886842 8.4918798 8.4950754 8.4982711 8.5043359 8.5054135 8.5064911 8.5075688 8.5086464 8.509724 8.5134973 8.5026815 8.4930534 8.4834252 8.4737971 8.464169 8.4602974 8.4697063 8.4791152 8.4885241 8.497933 8.5073419 8.5097131 8.5078386 8.5051832 8.5025278 8.4998724 8.497217 8.4919462 8.4816338 8.4713214 8.4610091 8.4506967 8.4403843 8.4408059 8.4441263 8.4474468 8.4507672 8.4540877 8.4559322 8.4551581 8.4476898 8.4402215 8.4327532 8.4252848 8.4178165 8.4292442 8.4439377 8.4586312 8.4733247 8.4880181 8.4888927 8.4908198 8.4927469 8.494674 8.4966011 8.4980509
-9999 8.469254 8.4724497 8.4756453 8.4788409 8.4845465 8.4951114 8.501272 8.5023497 8.5034273 8.5045049 8.5089655 8.5261968 8.532299 8.5161147 8.5031261 8.493498 8.4838699 8.4742417 8.4703701 8.479779 8.489188 8.4985969 8.5069409 8.5072742 8.5077025 8.5083856 8.5075435 8.5048881 8.5022327 8.4995773 8.4943065 8.4839941 8.4736817 8.4633693 8.4553505 8.4551743 8.4564366 8.4597571 8.4630775 8.4663979 8.4628694 8.44747 8.4486074 8.461633 8.4576806 8.4502123 8.442744 8.4352757 8.4467034 8.4613969 8.4760904 8.4907838 8.4838621 8.4779763 8.4799034 8.4818306 8.4837577 8.4836698 8.4792598
-9999 8.4562152 8.4594108 8.4626065 8.4709178 8.4814827 8.4920475 8.4982082 8.4992858 8.5003634 8.5105359 8.5277672 8.5449984 8.5511007 8.5349164 8.5187321 8.5035708 8.4939426 8.4843145 8.4804429 8.4898518 8.4992607 8.504597 8.5049303 8.5052636 8.5056919 8.5063751 8.5070582 8.5072484 8.504593 8.5019376 8.4966668 8.4863544 8.476042 8.4711574 8.4709812 8.470805 8.4720673 8.4753878 8.4787082 8.4698066 8.4544072 8.4390078 8.4401452 8.4531707 8.4661963 8.4676715 8.4602032 8.4527348 8.4641626 8.478856 8.4892282 8.481087 8.4729457 8.46706 8.4689871 8.4709142 8.4692886 8.4648787 8.4604687
-9999 8.4431763 8.4467242 8.4572891 8.4678539 8.4784188 8.4889836 8.4951443 8.4962219 8.5121063 8.5293376 8.5465689 8.5638001 8.5699024 8.5537181 8.5375338 8.5213495 8.5051652 8.4943873 8.4905157 8.4999246 8.5022531 8.5025864 8.5029197 8.503253 8.5036814 8.5043645 8.5050476 8.5057307 8.5064138 8.5042978 8.4990271 8.4887147 8.4869644 8.4867881 8.4866119 8.4864357 8.4876981 8.4910185 8.4767438 8.4613444 8.445945 8.4305455 8.431683 8.4447085 8.457734 8.4707596 8.4776623 8.470194 8.4816217 8.4864531 8.4783119 8.4701706 8.4620294 8.4561436 8.4580708 8.4549075 8.4504975 8.4460876 8.4416776
-9999 8.4330955 8.4436603 8.4542252 8.46479 8.4753549 8.4859197 8.4964454 8.5136767 8.530908 8.5481393 8.5653705 8.5826018 8.5887041 8.5725198 8.5563355 8.5401512 8.5239669 8.5077826 8.499576 8.4999092 8.5002425 8.5005758 8.5009091 8.5012424 8.5016708 8.5023539 8.503037 8.5037201 8.5044033 8.5050864 8.5029475 8.5027713 8.5025951 8.5024189 8.5022426 8.5020664 8.4990803 8.4836809 8.4682815 8.4528821 8.4374827 8.4220833 8.4232207 8.4362463 8.4492718 8.4622974 8.4753229 8.4876532 8.483678 8.4755368 8.4673955 8.4592543 8.451113 8.4449363 8.4405264 8.4361164 8.4317064 8.4272965 8.4228865
-9999 8.4496362 8.4602011 8.470766 8.4813308 8.4918957 8.5040495 8.5191313 8.5363626 8.5535939 8.5708251 8.5880564 8.5892276 8.5776899 8.5739033 8.557719 8.5415347 8.5253505 8.5091662 8.4979766 8.4983099 8.4986431 8.4989764 8.4993097 8.4973195 8.4950168 8.5006696 8.5013527 8.5020358 8.5027189 8.5034021 8.5037917 8.5036154 8.5034392 8.503263 8.5030868 8.5031449 8.4969768 8.4815774 8.466178 8.4507786 8.4353792 8.4230574 8.420564 8.4290027 8.4420283 8.4550538 8.4680793 8.4811049 8.4760827 8.4679415 8.4598003 8.451659 8.4507623 8.4646368 8.4602269 8.4558169 8.451407 8.446997 8.4287466
