P2_models/J1_p2__temp2_slide_180.dat.tif
NCOLS 118
NROWS 92
XLLCORNER 139.62
YLLCORNER -39.07
DX 0.099491525
DY 0.099347826
NODATA_VALUE -9999
[rows 0 to 26 of 92, columns 0 to 59 of 118]
-9999 -9999 -9999 -9999 -9999 -9999 -9999 -9999 -9999 -9999 -9999 -9999 -9999 -9999 -9999 -9999 -9999 -9999 -9999 -9999 -9999 -9999 -9999 -9999 -9999 -9999 -9999 -9999 -9999 -9999 -9999 -9999 -9999 -9999 -9999 -9999 -9999 -9999 -9999 -9999 -9999 -9999 -9999 -9999 -9999 -9999 -9999 -9999 -9999 -9999 -9999 -9999 -9999 -9999 -9999 -9999 -9999 -9999 -9999 -9999
-9999 1010.7633 1009.7987 1008.8341 1007.8695 1006.905 1007.1547 1006.6209 1009.2839 1016.7843 1024.2846 1031.785 1039.2853 1042.8537 1039.5937 1037.5326 1035.4714 1033.4103 1031.3492 1028.6813 1024.6138 1020.5462 1016.4787 1012.4111 1009.6908 1015.9281 1024.9911 1035.7196 1046.4482 1057.1768 1067.9053 1070.6605 1058.0457 1045.4308 1032.816 1020.2011 1014.3501 1018.7451 1011.6922 1005.2733 998.85439 992.43547 986.01655 993.48436 1010.1126 1026.478 1042.8435 1059.209 1075.5745 1085.7836 1104.967 1124.1504 1143.3338 1162.5172 1175.1969 1168.856 1167.4663 1166.0766 1164.687 1163.2973
-9999 1012.4381 1011.4735 1010.509 1009.5444 1010.7385 1013.2848 1012.7511 1008.6625 1008.2081 1015.7084 1023.2088 1030.7091 1034.2775 1029.9718 1026.1548 1024.0936 1022.0325 1019.9714 1017.3035 1013.236 1009.1684 1005.1009 1004.7877 1010.4189 1016.6562 1024.5181 1032.9292 1043.6578 1054.3863 1065.1149 1067.8701 1055.2552 1042.6404 1030.0255 1029.9973 1042.9892 1047.3842 1039.4801 1032.1204 1025.7015 1019.2826 1012.8636 1020.3315 1037.7823 1054.6121 1070.9776 1087.3431 1103.7085 1113.4601 1122.0686 1139.9649 1159.1483 1178.3317 1191.0114 1181.1632 1173.4268 1172.0371 1170.6474 1169.2577
-9999 1014.113 1013.1484 1012.1838 1014.3224 1016.8687 1019.415 1018.8812 1014.7926 1010.704 1007.1322 1014.6326 1022.1329 1025.7013 1021.3956 1017.09 1012.7843 1010.6547 1008.5935 1005.9257 1001.8582 997.79061 999.8846 1005.5158 1011.147 1017.3844 1025.2462 1033.1081 1040.9699 1051.5959 1062.3245 1065.0797 1052.4648 1039.85 1045.6444 1058.6364 1071.6283 1076.0233 1068.1192 1060.2151 1052.5486 1046.1297 1039.7107 1047.1786 1064.6294 1082.0802 1099.1116 1115.4771 1131.8426 1141.5942 1150.2027 1158.8112 1174.9628 1194.1462 1206.8259 1196.9777 1187.1295 1177.9976 1176.6079 1175.2182
-9999 1015.7878 1015.3599 1017.9062 1020.4525 1022.9989 1025.5452 1025.0114 1020.9228 1016.8342 1012.7456 1008.657 1013.5567 1017.1251 1012.8194 1008.5138 1004.2081 999.90245 997.21573 994.54789 990.48035 994.98152 1000.6127 1006.244 1011.8752 1018.1125 1025.9744 1033.8362 1041.6981 1049.5599 1059.534 1062.2892 1049.6744 1061.2916 1074.2835 1087.2754 1100.2673 1104.6623 1096.7583 1088.8542 1080.9501 1073.046 1066.5578 1074.0256 1091.4765 1108.9273 1126.3781 1143.6112 1159.9767 1169.7282 1178.3367 1186.9452 1195.5538 1209.9607 1222.6405 1212.7922 1202.944 1193.0957 1183.2475 1181.1786
-9999 1018.9437 1021.49 1024.0364 1026.5827 1029.129 1031.6754 1031.1416 1027.053 1022.9644 1018.8758 1014.7871 1010.6985 1008.5489 1004.2432 999.93757 995.63191 991.32625 987.02059 984.44722 990.07844 995.70966 1001.3409 1006.9721 1012.6033 1018.8406 1026.7025 1034.5644 1042.4262 1050.2881 1058.1499 1063.9469 1076.9388 1089.9307 1102.9226 1115.9145 1128.9064 1133.3014 1125.3973 1117.4933 1109.5892 1101.6851 1093.781 1100.8727 1118.3236 1135.7744 1153.2252 1170.676 1188.1107 1197.8623 1206.4708 1215.0793 1223.6878 1232.2963 1238.455 1228.6067 1218.7585 1208.9103 1199.062 1189.2138
-9999 1020.0587 1022.605 1025.1514 1027.6977 1030.244 1032.7493 1032.1778 1028.0891 1024.0005 1019.9119 1015.8233 1012.1154 1009.4262 1007.2168 1002.9111 998.60546 994.2998 989.99414 988.69324 994.32446 999.95568 1005.5869 1011.2181 1017.1078 1020.7478 1019.3555 1027.2173 1035.0792 1042.941 1050.8029 1060.417 1073.4089 1086.4008 1099.3927 1112.3846 1131.2325 1142.612 1134.7079 1126.8038 1118.8997 1110.9956 1108.4864 1108.7214 1118.1177 1135.5685 1153.0193 1170.4702 1187.921 1197.8325 1206.441 1215.0495 1223.658 1230.6402 1230.0878 1220.2396 1210.3913 1200.5431 1190.6949 1184.7453
-9999 1020.3792 1022.9255 1025.4718 1028.0182 1030.5026 1032.9784 1032.4069 1028.3183 1024.2297 1020.1411 1016.6825 1013.4365 1010.7473 1009.1734 1007.5994 1003.4088 999.10316 994.7975 993.49661 999.12783 1004.759 1010.3903 1016.4707 1022.7964 1026.4364 1022.8784 1019.3203 1026.4528 1034.3147 1042.1765 1051.7907 1064.7826 1077.7745 1090.7664 1112.6225 1137.4809 1148.8603 1140.9562 1133.0521 1125.148 1124.58 1125.0335 1125.2685 1125.3464 1131.0767 1148.5276 1165.9784 1183.4292 1193.3407 1201.9492 1210.5577 1216.3107 1218.442 1217.8896 1208.0414 1198.1931 1188.3449 1183.5839 1179.999
-9999 1020.6996 1023.2459 1025.7799 1028.2558 1030.7317 1033.2076 1032.636 1028.5474 1024.4957 1021.2497 1018.0036 1014.7576 1012.0685 1010.4945 1008.9205 1007.3466 1003.9065 999.60086 998.29997 1003.9312 1009.5624 1015.8337 1022.1593 1028.485 1032.1251 1028.567 1025.0089 1021.4508 1025.6883 1033.5502 1043.1643 1056.1562 1069.1541 1094.0124 1118.8708 1143.7292 1155.1086 1147.2046 1140.22 1140.6736 1141.1271 1141.5807 1141.8156 1141.8935 1141.9713 1144.0358 1161.4866 1178.9374 1188.8489 1197.4574 1201.9813 1204.1125 1206.2438 1205.6914 1195.8431 1186.0074 1182.4225 1178.8376 1175.2527
-9999 1021.0201 1023.5332 1026.0091 1028.4849 1030.9608 1033.4367 1032.8652 1029.0629 1025.8168 1022.5708 1019.3248 1016.0787 1013.3896 1011.8156 1010.2417 1008.6677 1007.0938 1004.4042 1003.1033 1008.8709 1015.1966 1021.5223 1027.8479 1034.1736 1037.8137 1034.2556 1030.6975 1027.1394 1023.5813 1024.9238 1034.538 1050.544 1075.4024 1100.2608 1125.1192 1149.9775 1161.357 1156.3136 1156.7672 1157.2207 1157.6742 1158.1278 1158.3628 1158.4406 1158.5185 1158.5963 1158.6742 1174.4456 1184.3571 1187.6518 1189.7831 1191.9143 1194.0456 1193.4932 1184.846 1181.2611 1177.6762 1174.0913 1170.5064
-9999 1021.1781 1023.654 1026.1298 1028.6057 1031.0816 1033.5575 1033.0352 1029.7891 1026.5431 1023.2971 1020.051 1016.805 1014.6652 1013.0913 1011.5173 1009.9434 1008.3694 1006.7955 1007.6102 1013.9359 1020.2616 1026.5872 1032.9129 1039.2386 1045.9553 1042.3972 1038.8391 1035.281 1031.7229 1028.1648 1034.3129 1059.1713 1084.0296 1108.888 1133.7464 1158.6048 1170.8538 1171.3073 1171.7609 1172.2144 1172.6679 1173.1215 1172.4881 1172.566 1172.6438 1172.7217 1172.7995 1172.8774 1174.706 1176.8373 1178.9685 1181.0998 1183.231 1185.7195 1182.1346 1178.5497 1174.9648 1171.3799 1167.795
-9999 1020.5886 1023.0645 1025.5404 1028.0162 1030.4921 1031.1339 1029.8631 1026.617 1023.371 1020.125 1016.8789 1013.3222 1011.6078 1013.7688 1012.4951 1010.9211 1009.3472 1007.7732 1008.588 1014.9136 1021.2393 1027.565 1033.8907 1039.4519 1047.7327 1064.2435 1063.0568 1059.4987 1055.9406 1052.3825 1058.5306 1083.3889 1108.2473 1133.1057 1157.9641 1170.1542 1175.6668 1176.1203 1176.5738 1177.0274 1177.4809 1172.7829 1170.744 1170.8199 1170.8978 1170.9756 1171.0535 1171.1313 1172.96 1175.0913 1177.2225 1179.3538 1187.2535 1196.3443 1192.7594 1189.1745 1185.5896 1182.0047 1173.4349
-9999 1019.9992 1022.475 1024.9509 1027.0804 1027.5211 1027.9618 1026.691 1023.445 1020.1989 1016.9371 1013.2876 1009.638 1007.9237 1010.0846 1012.2456 1011.8989 1010.3249 1008.751 1009.5657 1015.8914 1022.2171 1028.5427 1033.8271 1039.0372 1047.3179 1063.8288 1080.3396 1083.7164 1080.1583 1076.6002 1082.7482 1107.6066 1132.465 1156.8699 1165.9186 1174.9672 1180.4797 1180.9333 1181.3868 1180.9999 1176.0198 1171.0398 1169.0008 1169.0762 1169.1518 1169.2296 1169.3075 1169.3853 1171.214 1173.3452 1175.4765 1185.1282 1197.8784 1206.9692 1203.3843 1199.7994 1195.7807 1186.7454 1177.7102
-9999 1019.4097 1021.8856 1023.4676 1023.9083 1024.349 1024.7897 1023.5189 1020.2729 1016.9025 1013.253 1009.6034 1005.9539 1004.2395 1006.4005 1008.5614 1010.7224 1011.3027 1009.7287 1010.5435 1016.8691 1022.9923 1028.2023 1033.4124 1038.6224 1046.9031 1063.414 1079.9248 1096.4357 1104.376 1100.8179 1106.9659 1131.8243 1152.6342 1161.6829 1170.7315 1179.7802 1185.2927 1185.7463 1184.2368 1179.2567 1174.2767 1169.2966 1167.2577 1167.3331 1167.4085 1167.4839 1167.5614 1167.6393 1169.4679 1171.5992 1183.0028 1195.753 1208.5032 1217.594 1214.0091 1209.0912 1200.0559 1191.0207 1181.9854
-9999 1018.8202 1019.8548 1020.2955 1020.7362 1021.1769 1021.6176 1020.3468 1016.8679 1013.2184 1009.5688 1005.9193 1002.2697 1000.5554 1002.7163 1004.8773 1007.0383 1009.1992 1010.7064 1011.5212 1017.3675 1022.5775 1027.7875 1032.9976 1038.2076 1046.4883 1062.9992 1079.5101 1096.0209 1112.5318 1125.0356 1131.1836 1148.3985 1157.4472 1166.4959 1175.5445 1184.5932 1190.1057 1187.4737 1182.4937 1177.5136 1172.5335 1167.5535 1165.5145 1165.5899 1165.6653 1165.7408 1165.8162 1165.8932 1168.1272 1180.8774 1193.6276 1206.3778 1219.128 1228.2188 1222.4017 1213.3665 1204.3312 1195.296 1186.2607
-9999 1016.9597 1017.4004 1017.8411 1018.2818 1018.7225 1019.1632 1017.2542 1013.6046 1009.9551 1006.3055 1002.656 999.00644 998.71371 1001.0902 1003.2511 1005.4121 1007.5731 1009.734 1012.817 1018.027 1023.237 1028.4471 1033.6571 1038.8672 1049.4891 1067.2851 1083.796 1100.3069 1116.8177 1133.3286 1147.2906 1156.3393 1165.388 1174.4367 1183.4853 1192.534 1195.6475 1190.6674 1185.6873 1180.7073 1175.7272 1170.7471 1168.0963 1168.1717 1168.2471 1168.3225 1168.3979 1168.4733 1176.8038 1189.554 1202.3042 1215.0544 1227.8045 1234.6644 1225.0252 1215.99 1206.9547 1197.9195 1188.8842
-9999 1016.1729 1016.6136 1017.0543 1017.495 1017.1849 1012.6256 1010.2729 1010.467 1007.6697 1004.0201 1000.3706 996.72102 996.42828 1002.8578 1006.407 1008.568 1010.7289 1012.8899 1015.9728 1021.1829 1026.3929 1031.603 1036.813 1039.6682 1049.4172 1078.1183 1099.0047 1115.5155 1132.0264 1148.5373 1162.4993 1171.548 1180.5967 1189.6453 1198.2202 1196.0075 1197.1877 1203.222 1200.3523 1195.3723 1190.3922 1185.4121 1182.3961 1180.8028 1180.8782 1180.9536 1181.029 1181.1044 1185.9084 1193.7033 1206.4535 1219.2037 1231.9539 1238.8137 1225.2701 1214.7754 1205.7401 1196.7049 1187.6696
-9999 1015.3862 1015.8269 1016.2676 1014.4775 1009.9182 1005.3589 1003.0062 1003.2003 1003.3944 1001.7347 998.08514 994.43559 994.14286 1000.5723 1007.0018 1011.7239 1013.8848 1016.0458 1019.1287 1024.3388 1029.5488 1034.2404 1036.9183 1039.5963 1049.3453 1078.0464 1106.7475 1130.7242 1147.2351 1163.746 1177.708 1186.7567 1195.8053 1201.5254 1199.3126 1197.0999 1198.2801 1204.3144 1210.3488 1210.0373 1205.0572 1200.0772 1197.0611 1195.4571 1193.853 1193.5847 1193.6601 1193.7355 1198.5396 1204.1608 1210.6029 1223.3531 1236.1033 1242.9631 1229.4195 1215.8758 1204.5256 1195.4903 1186.4551
-9999 1014.5994 1015.0401 1011.7701 1007.2107 1002.6514 998.09209 995.73942 995.93351 996.1276 996.32169 995.79972 992.15017 991.85744 998.28691 1004.7164 1011.1459 1017.0407 1019.2016 1022.2846 1027.4946 1031.4905 1034.1685 1036.8465 1039.5245 1049.2735 1077.9746 1106.6757 1135.3768 1162.4438 1178.9546 1192.9167 1201.9653 1204.8306 1202.6178 1200.405 1198.1923 1199.3725 1205.4068 1211.4412 1217.4755 1219.7222 1214.7422 1211.7262 1210.1221 1208.518 1206.9139 1206.2913 1206.3667 1211.1707 1216.792 1222.4132 1228.0345 1240.2526 1247.1125 1233.5688 1220.0252 1206.4815 1194.2757 1185.2405
-9999 1013.6219 1009.0626 1004.5033 999.94396 995.38464 990.82532 988.47265 988.66674 988.86083 989.05492 989.24901 989.4431 989.57201 996.00149 1002.431 1008.8604 1015.2899 1021.7194 1025.4405 1028.7407 1031.4186 1034.0966 1036.7746 1039.4526 1049.2016 1077.9027 1106.6038 1135.3049 1164.006 1192.7072 1208.1253 1208.1357 1205.923 1203.7102 1201.4974 1199.2847 1200.4649 1206.4992 1212.5336 1218.5679 1224.6022 1229.4072 1226.3912 1224.7871 1223.183 1221.5789 1219.9748 1218.9978 1223.8018 1229.4231 1235.0444 1240.6656 1246.2869 1251.2618 1237.7182 1224.1745 1210.6309 1197.0873 1184.0259
-9999 1018.3611 1013.8017 1009.2424 1004.6831 1000.1238 993.14342 984.40008 984.59417 984.78826 984.98235 985.17644 986.05946 995.12188 1002.0145 1008.4439 1014.8734 1021.3029 1027.7324 1033.0274 1035.7054 1038.3834 1041.0614 1043.7394 1046.4173 1057.1456 1078.3159 1107.017 1135.7181 1164.4193 1193.1204 1211.2623 1209.0496 1206.8368 1204.624 1202.4113 1200.533 1203.2762 1209.3105 1215.3449 1221.3792 1227.4135 1232.4477 1232.0503 1230.35 1228.7459 1227.1418 1225.5378 1223.9337 1228.4902 1234.1115 1239.7328 1245.354 1250.9753 1251.8439 1238.3003 1224.7567 1211.213 1197.6694 1187.6664
-9999 1032.1565 1027.5971 1023.0378 1018.4785 1007.9675 991.4803 982.73696 982.93105 983.12514 983.31923 987.04251 996.83215 1005.8946 1013.5007 1020.7166 1027.146 1033.5755 1040.005 1045.3001 1047.9781 1050.656 1053.334 1058.1169 1068.5022 1079.2431 1090.9372 1107.7962 1136.4973 1165.1984 1193.8995 1212.0415 1209.8287 1207.6159 1205.4032 1204.1981 1204.6409 1207.3841 1213.4185 1219.4528 1225.4871 1229.7038 1232.2185 1231.8212 1229.3304 1227.443 1225.8389 1224.2348 1222.6307 1227.1873 1232.8086 1238.4298 1243.9888 1248.9328 1249.7352 1236.1916 1222.6479 1209.1043 1201.5572 1200.9549
-9999 1045.9519 1041.3925 1036.8332 1022.7916 1006.3044 989.81717 981.07383 981.26792 981.46201 988.02555 997.81519 1007.6048 1016.6673 1024.2734 1031.8795 1039.4187 1045.8481 1052.2776 1057.5727 1060.2507 1062.9287 1069.8292 1080.2144 1090.5997 1101.3406 1113.0347 1124.7288 1137.2764 1165.9775 1194.6787 1212.8206 1210.6078 1208.3951 1207.8632 1208.306 1208.7488 1211.4921 1217.5264 1223.5607 1226.9599 1229.4747 1231.9894 1231.5921 1229.1013 1226.6105 1224.536 1222.9319 1221.3278 1225.8843 1231.5056 1236.9361 1241.8801 1246.8241 1247.6265 1234.0829 1220.5392 1215.448 1214.8457 1214.2434
-9999 1059.7472 1054.1029 1037.6157 1021.1285 1004.6413 988.15405 979.41071 979.6048 989.0086 998.79824 1008.5879 1018.3775 1027.4399 1035.0461 1042.6522 1050.2583 1057.8645 1064.5503 1069.8453 1072.5233 1081.5414 1091.9267 1102.3119 1112.6972 1123.4381 1135.1322 1146.8263 1158.5205 1170.2146 1195.4578 1213.5997 1211.387 1211.5283 1211.9711 1212.4139 1212.8568 1215.6 1221.6343 1224.2161 1226.7308 1229.2455 1231.7603 1231.3629 1228.8721 1226.3814 1223.8906 1221.6289 1220.0249 1224.5814 1229.8833 1234.8274 1239.7714 1244.7154 1245.5178 1231.9742 1229.3388 1228.7365 1228.1342 1227.532
-9999 1068.927 1052.4398 1035.9526 1019.4653 1002.9781 986.49092 980.20201 989.99165 999.78129 1009.5709 1019.3606 1029.1502 1038.2126 1045.8188 1053.4249 1061.031 1068.6371 1076.2433 1082.8684 1093.2536 1103.6389 1114.0241 1124.4094 1134.7947 1145.5356 1157.2297 1168.9238 1180.618 1192.3121 1204.0062 1214.7506 1215.1934 1215.6362 1216.079 1216.5219 1216.9647 1218.9574 1221.4722 1223.9869 1226.5017 1229.0164 1231.5311 1231.1338 1228.643 1226.1522 1223.6614 1221.1707 1218.7219 1222.8306 1227.7746 1232.7187 1237.6627 1242.6067 1243.8319 1243.2296 1242.6273 1242.025 1241.4227 1240.8205
-9999 1083.0707 1066.5835 1050.0963 1033.6091 1017.1219 996.58518 980.91469 980.70136 990.491 1000.2806 1010.0703 1019.8599 1030.9046 1042.8954 1050.5015 1058.1077 1065.7138 1073.3199 1081.7664 1092.1517 1102.5369 1112.9222 1123.3075 1134.4087 1148.8875 1166.9292 1178.6234 1190.3175 1202.0116 1213.7058 1221.5568 1221.9997 1222.4425 1222.8853 1223.3281 1226.509 1230.3706 1231.505 1234.0197 1236.5344 1239.0492 1241.5639 1240.8536 1238.1291 1235.6383 1233.1475 1230.6568 1228.166 1218.8378 1221.529 1226.473 1231.4171 1236.3611 1241.4421 1245.6084 1245.0061 1244.4038 1243.8016 1243.1993
-9999 1100.244 1083.7567 1067.2695 1050.7823 1028.0733 1004.2472 988.57674 982.31888 977.35552 987.14516 996.9348 1006.7244 1017.7691 1031.3272 1044.8852 1052.5594 1060.1655 1067.7717 1076.2182 1086.6034 1096.9887 1107.3739 1119.0513 1131.5335 1146.0123 1165.8425 1185.6727 1197.6409 1209.3351 1221.0292 1228.8802 1229.3231 1229.7659 1230.2087 1234.8878 1241.2404 1245.102 1245.3998 1246.0192 1248.5339 1251.0487 1253.5634 1252.8531 1249.8244 1246.9864 1244.4956 1242.0048 1239.514 1230.1859 1219.676 1219.4346 1224.3786 1229.3226 1234.4036 1239.9591 1245.294 1244.6917 1244.0895 1243.4872
