P2_models/J1_p2__temp2_slide_40.dat.tif
NCOLS 118
NROWS 92
XLLCORNER 139.62
YLLCORNER -39.07
DX 0.099491525
DY 0.099347826
NODATA_VALUE -9999
[rows 0 to 26 of 92, columns 0 to 59 of 118]
-9999 -9999 -9999 -9999 -9999 -9999 -9999 -9999 -9999 -9999 -9999 -9999 -9999 -9999 -9999 -9999 -9999 -9999 -9999 -9999 -9999 -9999 -9999 -9999 -9999 -9999 -9999 -9999 -9999 -9999 -9999 -9999 -9999 -9999 -9999 -9999 -9999 -9999 -9999 -9999 -9999 -9999 -9999 -9999 -9999 -9999 -9999 -9999 -9999 -9999 -9999 -9999 -9999 -9999 -9999 -9999 -9999 -9999 -9999 -9999
-9999 489.2949 490.49304 491.69118 492.88932 494.08746 496.00087 495.60356 491.9213 488.91486 485.90842 482.90198 479.89554 476.36876 473.00967 471.03758 469.0655 467.09341 465.12132 462.4997 458.37959 454.25948 450.13937 446.01926 442.8782 446.20618 451.91466 459.43892 466.96318 474.48744 482.01169 485.07133 479.52459 473.97785 468.43112 462.88438 457.174 450.01315 444.84222 442.21307 439.58392 436.95478 434.32563 435.92179 440.69743 445.51841 450.33938 455.16036 459.98133 464.65782 465.99154 467.32526 468.65898 469.9927 470.10427 467.2481 466.17857 465.10903 464.0395 462.96996
-9999 496.28237 497.4805 498.67864 499.87678 502.34652 505.61278 505.21546 500.58992 496.47212 493.46568 490.45925 487.45281 483.92602 479.3572 475.35363 473.38154 471.40945 469.43736 466.81575 462.69564 458.57553 454.45542 453.06375 455.99211 459.32009 463.71914 468.71697 476.24123 483.76549 491.28975 494.34938 488.80264 483.25591 477.70917 471.8579 465.69162 458.53077 449.94706 443.54599 440.91684 438.28769 435.65854 437.25471 441.88839 446.62924 451.45022 456.27119 461.09217 465.91989 470.74878 472.5079 473.84162 475.17534 475.28691 471.16512 467.80539 466.73585 465.66632 464.59678
-9999 503.26983 504.46797 505.66611 508.69216 511.95842 515.22468 514.82737 510.20183 505.57629 501.02295 498.01651 495.01007 491.48329 486.91447 482.34565 477.77684 475.72549 473.75341 471.13179 467.01168 462.89157 463.24929 466.17766 469.10603 472.43401 476.83305 481.23209 485.63114 493.04354 500.5678 503.62743 498.08069 492.53396 486.54181 480.37553 474.20925 467.0484 458.46468 449.88097 442.24976 439.62061 436.99146 438.58762 443.22131 447.855 452.56105 457.38202 462.203 467.03072 471.85962 476.68851 479.02427 480.35798 480.46956 476.34777 472.22597 468.36267 467.29314 466.22361
-9999 510.25729 511.77155 515.03781 518.30406 521.57032 524.83658 524.43927 519.81373 515.18819 510.56265 505.93711 502.56734 499.04055 494.47173 489.90292 485.3341 480.76528 478.06945 475.44783 471.32772 473.43484 476.3632 479.29157 482.21994 485.54792 489.94696 494.34601 498.74505 503.14409 509.84585 512.90548 507.35875 501.22572 495.05944 488.89316 482.72688 475.56603 466.98231 458.39859 449.81488 441.23116 438.32438 439.92054 444.55423 449.18791 453.8216 458.49286 463.31383 468.14156 472.97045 477.79934 482.62823 485.54063 485.6522 481.53041 477.40862 473.28683 469.16504 467.85043
-9999 518.11719 521.38345 524.64971 527.91597 531.18222 534.44848 534.05117 529.42563 524.80009 520.17455 515.54901 510.92347 506.59782 502.029 497.46018 492.89137 488.32255 483.75373 480.69202 483.62038 486.54875 489.47712 492.40549 495.33385 498.66183 503.06088 507.45992 511.85896 516.258 520.65705 522.07592 515.90963 509.74335 503.57707 497.41079 491.2445 484.08366 475.49994 466.91622 458.3325 449.74879 441.16507 441.25346 445.88714 450.52083 455.15452 459.7882 464.42466 469.25239 474.08128 478.91017 483.73907 488.56796 490.83485 486.71306 482.59126 478.46947 474.34768 470.22589
-9999 521.07506 524.34131 527.60757 530.87383 534.14009 537.12813 536.47513 531.84959 527.22405 522.59851 517.97296 513.73208 510.56694 508.01113 503.44231 498.87349 494.30468 489.73586 487.43408 490.36245 493.29081 496.21918 499.14755 502.40463 504.28037 502.42988 506.82892 511.22796 515.62701 520.02605 520.81632 514.65004 508.48376 502.31747 496.15119 491.55388 486.26435 477.68063 469.09691 460.5132 451.92948 443.38784 437.22211 437.63312 442.26681 446.90049 451.53418 456.16787 460.96799 465.79689 470.62578 475.45467 479.48898 479.85698 475.73519 471.6134 467.49161 463.36982 465.41139
-9999 522.97873 526.24499 529.51124 532.7775 535.62428 538.41331 537.76031 533.13477 528.50923 523.88369 519.89481 516.12066 512.95552 511.00996 509.06441 504.60607 500.03726 495.46844 493.16666 496.09503 499.02339 501.95176 505.45154 509.26322 511.13897 507.8259 504.51283 508.41938 512.81842 517.21746 518.00774 511.84146 505.67517 499.50889 495.71756 492.73062 487.44109 478.85738 470.27366 461.68994 453.16344 444.64491 438.47918 434.00485 432.49394 437.12763 441.76131 446.395 451.19513 456.02402 460.85291 464.28666 465.95083 466.31883 462.19704 458.07525 453.95346 457.87407 463.65399
-9999 524.8824 528.14866 531.33141 534.12044 536.90946 539.69849 539.04549 534.41995 529.8317 526.05754 522.28339 518.50924 515.34409 513.39854 511.45298 509.50742 505.76984 501.20102 498.89924 501.82761 504.75598 508.49844 512.31013 516.12182 517.99756 514.68449 511.37142 508.05836 510.00984 514.40888 515.19915 509.03287 502.86818 499.88124 496.8943 493.90737 488.61784 480.03412 471.45757 462.93904 454.42051 445.90197 439.73625 435.26192 430.78759 427.35476 431.98845 436.62213 441.42226 446.25115 449.08434 450.74851 452.41268 452.78068 448.65889 444.55682 450.33674 456.11667 461.89659
-9999 526.78608 529.82757 532.61659 535.40562 538.19464 540.98367 540.33067 535.99443 532.22027 528.44612 524.67196 520.89781 517.73267 515.78711 513.84156 511.896 509.95044 506.9336 504.63182 507.73367 511.54535 515.35704 519.16872 522.98041 524.85615 521.54309 518.23002 514.91695 511.60388 511.6003 512.39057 507.03186 504.04492 501.05799 498.07105 495.08411 489.79458 481.23317 472.71464 464.19611 455.67757 447.15904 440.99331 436.51899 432.04466 427.57034 423.09601 426.84927 431.64939 433.88202 435.54619 437.21036 438.87454 439.24253 437.01949 442.79942 448.57934 454.35927 460.13919
-9999 527.75628 530.54531 533.33433 536.12336 538.91238 541.7014 541.10681 537.33265 533.5585 529.78434 526.01019 522.23604 519.5641 517.61855 515.67299 513.72743 511.78187 509.83632 509.63167 513.44335 517.25504 521.06672 524.87841 528.6901 531.03658 527.72351 524.41044 521.09737 517.78431 514.47124 511.26957 508.28263 505.29569 502.30875 499.32181 496.33488 490.73585 482.21732 473.69879 465.18025 456.66172 448.14319 441.69855 437.22422 432.7499 428.27557 423.80125 419.32692 420.08653 421.7507 423.41488 425.07905 426.74322 430.10974 435.88967 441.66959 447.44952 453.22944 459.00937
-9999 524.75515 527.54417 530.3332 533.12222 535.91125 536.89333 535.56133 531.78718 528.01303 524.23887 520.46472 517.17624 515.21226 515.61023 513.85306 511.9075 509.96195 508.01639 507.81174 511.62342 515.43511 519.2468 523.05848 526.69441 529.24141 529.08627 526.14634 522.83327 519.5202 516.20714 513.00546 510.01852 507.03159 504.04465 501.05771 496.41229 489.93134 481.41281 472.89427 464.37574 455.85721 446.44956 439.41313 434.31292 429.83859 425.36427 420.88994 416.41562 417.17522 418.8394 420.50357 422.16774 426.58048 433.09287 438.87279 444.65272 450.43264 456.21257 463.22321
-9999 521.75402 524.54304 527.33207 529.77981 530.56383 531.34786 530.01586 526.24171 522.46756 518.71803 515.57458 512.43114 510.46716 510.86513 511.26309 510.08758 508.14202 506.19646 505.99181 509.8035 513.61518 517.42687 520.99913 524.55429 527.10129 526.94615 526.79101 524.56917 521.2561 517.94303 514.74136 511.75442 508.76748 505.72117 500.66448 495.60778 489.12683 480.6083 472.08976 463.42617 453.96985 444.51352 437.47709 432.1803 426.92729 422.45296 417.97864 413.50431 414.26392 415.92809 417.59226 422.83975 429.5636 436.07599 441.85592 447.63584 453.52287 460.64841 467.77396
-9999 518.75288 521.54191 523.45031 524.23433 525.01836 525.80239 524.47039 520.69624 517.11637 513.97292 510.82948 507.68604 505.72206 506.12003 506.51799 506.91596 506.32209 504.37653 504.17188 507.98357 511.74868 515.30385 518.85901 522.41417 524.96117 524.80603 524.65089 524.49575 522.992 519.67893 516.47726 513.49032 509.97336 504.91666 499.85996 494.80327 488.32232 479.80379 470.94646 461.49013 452.0338 442.57748 435.54105 430.24426 424.94747 419.65069 415.06733 410.593 411.35261 413.01679 419.09903 425.82288 432.54673 439.05912 444.83904 450.94807 458.07362 465.19916 472.32471
-9999 515.75175 517.12081 517.90484 518.68886 519.47289 520.25691 518.92492 515.51471 512.37127 509.22782 506.08438 502.94094 500.97696 501.37493 501.77289 502.17086 502.56882 502.55661 502.35195 506.0534 509.60857 513.16373 516.71889 520.27406 522.82105 522.66592 522.51078 522.35564 522.2005 521.41482 518.21315 514.22555 509.16885 504.11215 499.05545 493.99876 487.51781 478.46674 469.01042 459.55409 450.09776 440.64144 433.60501 428.30822 423.01143 417.71464 412.41786 407.6817 408.63445 415.3583 422.08215 428.806 435.52985 442.04224 448.37327 455.49882 462.62437 469.74992 476.87546
-9999 510.78335 511.56738 512.3514 513.13543 513.91946 514.70348 513.52182 510.37838 507.23493 504.09149 500.94805 497.8046 496.123 496.56377 496.96174 497.3597 497.75767 498.15563 499.50829 503.06345 506.61862 510.17378 513.72895 517.28411 521.38652 521.91254 521.7574 521.60226 521.44712 521.29198 519.46263 514.40593 509.34923 504.29253 499.23583 494.17913 489.95387 480.49754 471.04121 461.58489 452.12856 442.67223 435.03582 429.73903 424.44224 419.14545 413.84866 408.55188 414.68947 421.41332 428.13717 434.86102 441.58487 446.59731 452.64572 459.77127 466.89682 474.02236 481.14791
-9999 505.21142 505.99544 506.77947 507.5635 508.04416 506.80785 505.45449 503.96603 501.18951 498.04607 494.90263 491.75918 490.07757 491.32337 491.99709 492.39506 492.79302 493.19099 494.54365 498.09881 501.65397 505.20914 508.7643 511.83415 515.75667 522.0624 524.2263 524.07116 523.91602 523.76088 521.93153 516.87483 511.81813 506.76143 501.53717 492.49744 487.88441 489.60441 482.2895 472.83318 463.37685 453.92052 445.92611 438.99318 433.69639 428.3996 423.10281 417.80602 425.58125 434.60628 441.33014 448.05399 454.77784 459.79028 458.8746 463.39704 470.52259 477.64814 484.77368
-9999 499.63949 500.42351 501.20754 501.09018 499.85388 498.61758 497.26421 495.77576 494.2873 492.00065 488.8572 485.71376 484.03215 485.27795 486.52375 487.43042 487.82838 488.22635 489.579 493.13417 496.68933 500.13764 503.17097 506.2043 510.12681 516.43255 522.73829 526.54006 526.38492 526.22978 524.40043 519.34373 514.28703 508.05304 499.01331 489.97358 485.36055 487.08055 488.80056 484.08146 474.62514 465.16881 457.1744 450.23094 443.28748 437.65374 432.35695 427.06016 434.83539 444.86983 454.5231 461.24695 467.9708 472.98324 472.06757 471.15189 474.14836 481.27391 488.39946
-9999 494.06755 494.85158 494.13621 492.89991 491.6636 490.4273 489.07394 487.58548 486.09702 484.60856 482.81178 479.66834 477.98673 479.23253 480.47833 481.72413 482.86374 483.2617 484.61436 488.16952 491.47446 494.50779 497.54112 500.57445 504.49696 510.8027 517.10844 523.41418 528.85382 528.69868 526.86933 521.81263 514.56892 505.52919 496.48945 487.44972 482.83669 484.5567 486.2767 487.9967 485.87342 476.4171 468.42269 461.47922 454.53576 447.5923 441.6111 436.31431 444.08954 454.12397 464.1584 474.19283 481.16377 486.17621 485.26054 484.34486 483.42918 484.89968 492.02523
-9999 488.41854 487.18224 485.94593 484.70963 483.47333 482.23702 480.88366 479.3952 477.90674 476.41829 474.92983 473.44137 471.94131 473.18711 474.43291 475.67871 476.92451 478.17031 479.64972 482.81128 485.84461 488.87794 491.91127 494.9446 498.86711 505.17285 511.47859 517.78433 524.09007 530.39581 529.33822 521.08479 512.04506 503.00533 493.9656 484.92586 480.31284 482.03284 483.75284 485.47284 487.19285 487.66539 479.67097 472.72751 465.78405 458.84059 451.89713 445.56845 453.34368 463.37811 473.41255 483.44698 493.48141 499.36918 498.4535 497.53783 496.62215 495.70647 495.651
-9999 484.69291 483.45661 482.2203 480.984 479.7477 477.7566 474.41085 472.92239 471.43394 469.94548 468.45702 467.10611 467.91686 469.29365 470.53945 471.78525 473.03105 474.27685 476.06317 479.0965 482.12983 485.16316 488.19649 491.22982 494.28181 497.85059 504.15633 510.46207 516.76781 523.07355 524.13778 515.09805 506.05831 497.01858 487.97885 479.59817 478.06526 479.78527 481.50527 483.22527 484.94527 485.86712 485.84169 479.73201 472.78855 465.84509 458.90163 451.95817 459.49074 469.52518 479.55961 489.59404 499.62847 505.61131 504.69563 503.77995 502.86427 501.9486 503.19276
-9999 484.33505 483.09875 481.86244 480.62614 477.53431 472.57931 469.23356 467.7451 466.25665 464.76819 463.98434 464.41167 465.22242 466.80102 468.26924 469.51504 470.76084 472.00664 473.79296 476.8263 479.85963 482.89296 486.23034 490.37698 493.4308 493.55559 495.55746 501.8632 508.16894 514.47468 515.53891 506.49917 497.45944 488.41971 481.36565 477.559 476.0261 477.7461 479.4661 481.1861 481.45563 480.36705 480.34162 481.08048 476.59188 469.64842 462.70496 455.7615 463.29408 473.32851 483.36294 493.18056 500.85793 506.61028 505.6946 504.77893 503.86325 506.6055 513.58412
-9999 483.97719 482.74088 481.50458 477.31203 472.35702 467.40202 464.05627 462.56781 461.07936 460.86258 461.2899 461.71723 462.52798 464.10658 465.68518 467.24484 468.49064 469.73644 471.52276 474.55609 477.58942 481.23269 485.37933 489.52597 492.57979 492.70458 492.82937 493.26433 499.57007 505.87581 506.94004 497.9003 488.86057 483.13313 479.32648 475.51984 473.98693 475.70693 477.42693 477.04413 475.95556 474.86699 474.84156 475.58041 476.31927 473.45175 466.50829 459.56483 467.09741 477.13184 486.50216 494.17953 501.8569 507.60925 506.69358 505.7779 510.01824 516.99686 523.97547
-9999 483.61932 482.04475 477.08974 472.13474 467.17973 462.22473 458.87898 457.39052 457.74081 458.16814 458.59546 459.02279 459.83354 461.41214 462.99074 464.56934 466.14794 467.46624 469.25256 472.28589 476.23504 480.38168 484.52832 488.67497 491.72879 491.85357 491.97836 492.10314 492.22793 497.27694 498.34116 489.30143 484.90061 481.09396 477.28732 473.48067 471.94776 473.66777 472.63264 471.54407 470.4555 469.36692 469.34149 470.08035 470.8192 471.55806 470.31162 463.36816 470.90074 479.82377 487.50114 495.17851 502.85588 508.60823 507.69255 513.43098 520.4096 527.38821 534.36683
-9999 481.82246 476.86746 471.91245 466.95745 462.00244 457.04744 454.19173 454.61905 455.04637 455.4737 455.90102 456.32835 457.1391 458.7177 460.2963 461.8749 463.4535 465.0321 467.09075 471.23739 475.38403 479.53067 483.67732 487.82396 490.87778 491.00256 491.12735 491.25213 491.37692 491.50171 490.47474 486.66809 482.86144 479.0548 475.24815 471.4415 469.30973 468.22115 467.13258 466.04401 464.95543 463.86686 463.84143 464.58028 465.31914 466.058 466.79685 467.17149 473.14537 480.82274 488.50011 496.17748 503.85485 509.8651 516.84372 523.82234 530.80095 537.77957 544.75819
-9999 480.33117 475.37617 470.42116 465.46616 460.51115 454.98134 449.56717 446.77237 447.19969 447.62702 448.05434 448.48167 449.54978 451.69762 453.27622 454.85482 456.43342 458.01202 460.36715 464.5138 468.66044 472.80708 476.95372 480.9852 486.83309 495.6857 495.81048 495.93527 496.06005 496.18484 494.96678 491.16013 487.35348 483.54684 479.74019 477.17478 474.91895 472.09857 471.00999 469.92142 468.83285 467.74427 469.10607 470.88092 471.61977 472.35863 473.09748 473.83634 473.48062 479.95938 487.63675 495.31412 502.99149 509.54809 513.19351 520.17213 527.15075 534.12937 541.10799
-9999 479.54632 474.59132 469.63631 464.68131 458.84315 452.84642 447.43224 442.69041 438.36556 438.79288 439.22021 439.64753 440.71564 443.06696 445.41827 447.00571 448.58431 450.16291 452.51804 456.66468 460.81132 464.95796 468.89677 472.70614 478.55404 489.86572 501.1774 501.67905 501.80384 501.92862 500.71056 496.90391 493.09727 489.29062 487.40436 486.27673 484.0209 480.15102 476.68466 475.59608 474.50751 473.41893 474.78073 477.90407 480.18207 480.92093 481.65978 482.39864 482.04292 481.49803 486.41646 494.09383 501.7712 508.3278 511.00217 513.83078 520.8094 527.78802 534.76664
