P2_models/J1_p2_tot_conduct_slide_195.49.dat.tif
NCOLS 118
NROWS 92
XLLCORNER 139.62
YLLCORNER -39.07
DX 0.099491525
DY 0.099347826
NODATA_VALUE -9999
[rows 52 to 77 of 92, columns 57 to 113 of 118]
-1.7889855 -1.8320898 -1.8984175 -1.9811032 -2.070122 -2.1835318 -2.3039689 -2.3886058 -2.4596952 -2.4939607 -2.5284998 -2.570391 -2.5995792 -2.5940519 -2.5846245 -2.5680426 -2.4923129 -2.3817667 -2.216077 -2.0322682 -1.722739 -1.4063483 -1.058128 -0.72294678 -0.41276731 -0.18335806 0.0055991157 0.080250716 0.13185717 0.052184678 -0.067578809 -0.25550725 -0.49377395 -0.78051524 -1.0733368 -1.3684401 -1.6493573 -1.8871452 -2.0041941 -2.0925689 -2.165114 -2.2002301 -2.2441483 -2.4138691 -2.5235672 -2.5352721 -2.5430138 -2.5496311 -2.4355773 -2.3609493 -2.3609493 -2.3609493 -2.3609493 -2.5133963 -2.617031 -2.6053261 -2.5606452
-1.8241255 -1.8500145 -1.8978445 -1.9683292 -2.0507433 -2.1541243 -2.2711039 -2.3581313 -2.4310165 -2.4761043 -2.5106434 -2.5525345 -2.5840421 -2.582464 -2.5696627 -2.5501862 -2.4709771 -2.358591 -2.1891042 -2.0055402 -1.7170433 -1.4063983 -1.0833988 -0.76390479 -0.47185246 -0.26419405 -0.083959063 -0.036251906 0.0076016651 -0.080554871 -0.22129127 -0.41925951 -0.66773409 -0.9587316 -1.2460469 -1.5415875 -1.7916359 -2.019931 -2.0942645 -2.1329634 -2.1945175 -2.2112678 -2.2513662 -2.421087 -2.5298357 -2.5381107 -2.54 -2.5444963 -2.4355773 -2.36 -2.36 -2.36 -2.36 -2.5071277 -2.6107625 -2.5990576 -2.5580406
-1.8583696 -1.8652659 -1.8984297 -1.9457137 -2.0190233 -2.1060536 -2.2160179 -2.2990688 -2.3764511 -2.4234017 -2.4565264 -2.4879489 -2.5194565 -2.5194565 -2.5113883 -2.489279 -2.4308481 -2.3147746 -2.1442944 -1.9743859 -1.7026582 -1.4185857 -1.1076462 -0.82296729 -0.54790249 -0.36438426 -0.20409236 -0.16962826 -0.15071362 -0.25605759 -0.4065766 -0.61108696 -0.85890936 -1.1573839 -1.4270183 -1.7098825 -1.9280219 -2.1061675 -2.1412821 -2.1848723 -2.2258394 -2.2397732 -2.2608494 -2.4208764 -2.5273669 -2.5332194 -2.5334783 -2.5334783 -2.4348604 -2.3632609 -2.3632609 -2.3632609 -2.3632609 -2.4837576 -2.5832557 -2.5715508 -2.5354251
-1.8599746 -1.8562191 -1.8672737 -1.9036739 -1.9461682 -2.0194778 -2.0968005 -2.1771928 -2.2506105 -2.3012744 -2.337309 -2.311127 -2.3141377 -2.3141377 -2.3068637 -2.2902817 -2.2580363 -2.2088036 -2.0606236 -1.9214004 -1.6892535 -1.4318321 -1.1609941 -0.89520822 -0.67281539 -0.50742619 -0.38291845 -0.36768304 -0.36927884 -0.49258246 -0.65231909 -0.86788406 -1.109339 -1.3825723 -1.6161222 -1.8555927 -1.9901989 -2.1269679 -2.2030497 -2.243289 -2.2655786 -2.2795123 -2.3005885 -2.4176374 -2.5069855 -2.5069855 -2.5069855 -2.5069855 -2.4347186 -2.3765072 -2.3765072 -2.3765072 -2.3765072 -2.4292774 -2.490531 -2.4788261 -2.4488012
-1.8714239 -1.8447191 -1.8425714 -1.8608043 -1.8930026 -1.9514995 -2.0211053 -2.1006912 -2.1737217 -2.2246429 -2.2717365 -2.2474313 -2.2356159 -2.2391643 -2.2380956 -2.2215136 -2.1910146 -2.1523234 -2.0320221 -1.9074294 -1.6785398 -1.4694625 -1.210784 -1.0088052 -0.81219945 -0.66252763 -0.57574724 -0.57089319 -0.61864032 -0.75073337 -0.92176112 -1.1349493 -1.3517539 -1.6075948 -1.8364338 -1.9866724 -2.1113375 -2.1834462 -2.2464849 -2.2753832 -2.288627 -2.2899906 -2.3110668 -2.4281157 -2.5 -2.5 -2.5 -2.5 -2.4228562 -2.3751232 -2.3751232 -2.3751232 -2.3751232 -2.4278933 -2.4612049 -2.4495001 -2.4194751
-1.8521775 -1.808291 -1.791709 -1.7975888 -1.8237707 -1.8771771 -1.9452502 -2.0248362 -2.1077458 -2.1737806 -2.2266503 -2.2143153 -2.2052401 -2.2162947 -2.216726 -2.2001441 -2.171145 -2.1324539 -2.0257542 -1.9082863 -1.7249021 -1.5347938 -1.3116318 -1.121653 -0.95778465 -0.86507156 -0.78768927 -0.82718173 -0.87809621 -1.0244073 -1.1874623 -1.3975 -1.5963046 -1.8186974 -1.9570744 -2.0973724 -2.158323 -2.2210349 -2.2678544 -2.2886685 -2.3003734 -2.3015 -2.3120135 -2.4281157 -2.5 -2.5 -2.4985 -2.4985 -2.4202108 -2.3685 -2.3685 -2.3685 -2.3685 -2.4212701 -2.4545818 -2.4428769 -2.42168
-1.8161612 -1.7656064 -1.7269153 -1.7281214 -1.7442925 -1.7956083 -1.8591488 -1.9387347 -2.0216443 -2.0992102 -2.1604184 -2.1708912 -2.1721242 -2.1831788 -2.1845347 -2.1734801 -2.1466315 -2.1125843 -2.0138559 -1.9082863 -1.7535217 -1.5811561 -1.4042823 -1.2340089 -1.1167412 -1.0422729 -0.99963129 -1.0624703 -1.1364006 -1.2870711 -1.4500264 -1.6324275 -1.8076516 -1.9710307 -2.071758 -2.1702275 -2.1994897 -2.2475225 -2.2826372 -2.2998306 -2.3069966 -2.3081232 -2.3186366 -2.4298331 -2.4996186 -2.4937661 -2.4918768 -2.4918768 -2.4135876 -2.3618768 -2.3618768 -2.3618768 -2.3618768 -2.4146469 -2.4480409 -2.4421884 -2.42168
-1.7393351 -1.6809136 -1.6397124 -1.6302935 -1.644374 -1.6816265 -1.7409957 -1.8151195 -1.8975718 -1.9703914 -2.0537331 -2.1426304 -2.1559875 -2.1737947 -2.1775753 -2.1688424 -2.1160364 -2.0727358 -1.9806313 -1.8992219 -1.7772535 -1.6291839 -1.4886156 -1.3536184 -1.2561557 -1.2229473 -1.1965438 -1.2364413 -1.3238931 -1.4711433 -1.5876623 -1.7312319 -1.9643849 -2.1489093 -2.2105056 -2.285451 -2.3055694 -2.336711 -2.3916511 -2.4234058 -2.4280961 -2.4286594 -2.4242327 -2.4222171 -2.488249 -2.4823966 -2.4765441 -2.4757609 -2.3832325 -2.3315217 -2.3315217 -2.3353353 -2.3362681 -2.3130962 -2.348367 -2.3450725 -2.3340804
-1.6624239 -1.5884136 -1.5441951 -1.5339094 -1.5443822 -1.5799888 -1.6273129 -1.7004601 -1.7778424 -1.849881 -1.929936 -2.0451368 -2.1372628 -2.1593721 -2.1707275 -2.1652002 -2.1144422 -2.0378122 -1.9624167 -1.8873451 -1.7712717 -1.6609302 -1.5393295 -1.4543358 -1.3841065 -1.3656936 -1.3746083 -1.4222778 -1.4740826 -1.5969839 -1.7093942 -1.814413 -2.00024 -2.2753048 -2.3566868 -2.3946321 -2.4121895 -2.4476806 -2.5296148 -2.5613696 -2.5613696 -2.56 -2.5555733 -2.5087537 -2.4777418 -2.4718893 -2.4646673 -2.4576298 -2.3622745 -2.2986304 -2.2986304 -2.302444 -2.3082964 -2.2689566 -2.24 -2.24 -2.2276384
-1.596192 -1.5224108 -1.4837196 -1.4743007 -1.4847735 -1.5219634 -1.5743274 -1.6503941 -1.7314801 -1.8068552 -1.8901969 -2.0053976 -2.0975237 -2.124523 -2.1376116 -2.1320843 -2.0842703 -2.0179426 -1.9476005 -1.8807219 -1.7825548 -1.687423 -1.5936375 -1.5261389 -1.4900775 -1.4805314 -1.5136953 -1.5557088 -1.5999231 -1.7101373 -1.8153652 -1.8819348 -2.0561771 -2.3216671 -2.3925282 -2.4145017 -2.4240197 -2.4543038 -2.536238 -2.5679928 -2.5679928 -2.5629975 -2.5555733 -2.5087537 -2.4774908 -2.4657859 -2.4560883 -2.4443834 -2.3536808 -2.2920072 -2.2920072 -2.2958208 -2.3016732 -2.2668272 -2.24 -2.2341957 -2.222672
-1.5345761 -1.4672748 -1.4333428 -1.4301594 -1.4436286 -1.4900068 -1.5444216 -1.6204883 -1.7033979 -1.7855798 -1.8680964 -1.9795063 -2.0730025 -2.100639 -2.1137275 -2.1082002 -2.06788 -2.002689 -1.9363613 -1.8745884 -1.7998157 -1.7169579 -1.6460216 -1.5877154 -1.5618721 -1.5848008 -1.6204706 -1.6538538 -1.6969165 -1.7979993 -1.8627091 -1.9184638 -2.0895007 -2.35145 -2.4031658 -2.4247904 -2.4306429 -2.460927 -2.5405135 -2.57 -2.57 -2.5650047 -2.5555733 -2.5087537 -2.4754835 -2.4610521 -2.4474578 -2.435753 -2.3450504 -2.2853841 -2.2879611 -2.29 -2.2950501 -2.2648199 -2.2380409 -2.2321884 -2.222672
-1.464375 -1.4188183 -1.3911817 -1.3974275 -1.4183731 -1.4717604 -1.5351258 -1.6278796 -1.7107892 -1.7936988 -1.88335 -1.9933143 -2.0605677 -2.0882042 -2.1000536 -2.0945263 -2.052967 -1.993641 -1.938801 -1.8778782 -1.8060233 -1.7388782 -1.6780778 -1.6390342 -1.6273293 -1.6576559 -1.7084957 -1.74512 -1.8009248 -1.8770066 -1.9441946 -1.988413 -2.1345804 -2.3920878 -2.4428184 -2.453718 -2.4595704 -2.4879752 -2.5640569 -2.5613261 -2.5606503 -2.5563308 -2.5468994 -2.5000798 -2.4695079 -2.4519506 -2.4395955 -2.4278906 -2.3409054 -2.2833478 -2.2892002 -2.29 -2.2909051 -2.268118 -2.2454757 -2.2396232 -2.2301068
-1.4455888 -1.4192129 -1.4136856 -1.4268605 -1.4635153 -1.5297457 -1.6344736 -1.7394272 -1.8366298 -1.9259514 -2.022437 -2.0617716 -2.0804372 -2.1033141 -2.113013 -2.1019584 -2.0676398 -2.0400033 -1.9851634 -1.9242406 -1.8592872 -1.7984869 -1.7286756 -1.6896324 -1.7001844 -1.7337968 -1.7945972 -1.874382 -1.9929973 -2.0772763 -2.1495134 -2.1990942 -2.3209611 -2.5179284 -2.568659 -2.5795585 -2.585411 -2.6138158 -2.5444503 -2.5135172 -2.5076648 -2.5071014 -2.500537 -2.4707899 -2.4497589 -2.438054 -2.4263491 -2.4146443 -2.3420084 -2.289971 -2.29 -2.2916759 -2.2975283 -2.2978623 -2.2852148 -2.2793623 -2.2683196
-1.4545598 -1.4479164 -1.4536349 -1.4825761 -1.5233341 -1.613847 -1.7203649 -1.8167404 -1.9213664 -2.0067268 -2.0850589 -2.0861267 -2.1006821 -2.1165605 -2.1241217 -2.1130671 -2.0880953 -2.0594526 -2.0046126 -1.9484202 -1.8964684 -1.8345522 -1.7660669 -1.73162 -1.7476996 -1.7967658 -1.8582711 -1.9677733 -2.0871563 -2.1734993 -2.2342637 -2.276471 -2.3951325 -2.5752781 -2.6137605 -2.6244855 -2.6260269 -2.6055683 -2.5294865 -2.4964158 -2.4905633 -2.49 -2.4877866 -2.4643769 -2.4454835 -2.4311825 -2.4175883 -2.4058834 -2.3377331 -2.29 -2.29 -2.2938136 -2.299666 -2.3 -2.2980409 -2.2921884 -2.27168
-1.4557518 -1.4722497 -1.494359 -1.5366993 -1.5890632 -1.6867311 -1.8019318 -1.8984361 -1.9924003 -2.0712423 -2.1369612 -2.1305906 -2.1271749 -2.1382295 -2.1384767 -2.1274221 -2.1024504 -2.0692865 -2.0179871 -1.9639451 -1.9152469 -1.864371 -1.7980434 -1.768062 -1.7914718 -1.8442368 -1.9105645 -2.0193004 -2.1327509 -2.2088327 -2.2629449 -2.2961087 -2.4072702 -2.5828435 -2.619275 -2.63 -2.63 -2.6055683 -2.5294865 -2.4964158 -2.4905633 -2.4888913 -2.4872313 -2.4643769 -2.4432253 -2.425668 -2.4120738 -2.4003689 -2.3337553 -2.29 -2.29 -2.2938136 -2.299666 -2.3 -2.2980409 -2.2921884 -2.2694626
-1.5044891 -1.5297458 -1.5738372 -1.6201956 -1.6817879 -1.7844194 -1.9079028 -1.9980463 -2.0851249 -2.147027 -2.2031931 -2.1770111 -2.1663913 -2.1663913 -2.1636535 -2.1472917 -2.1223199 -2.0891561 -2.0401225 -1.9904379 -1.9462194 -1.8975012 -1.8422282 -1.8156137 -1.8444573 -1.8972223 -1.96355 -2.0685594 -2.1791132 -2.2393223 -2.2810864 -2.3031957 -2.4138934 -2.5894667 -2.6223694 -2.63 -2.63 -2.6055683 -2.5294865 -2.4964158 -2.4905633 -2.4850047 -2.4806081 -2.4630508 -2.4432253 -2.425668 -2.4120738 -2.4003689 -2.3337553 -2.29 -2.29 -2.2938136 -2.299666 -2.3 -2.2980409 -2.286645 -2.2602841
-1.5728587 -1.621927 -1.6725016 -1.7345145 -1.8000604 -1.9076296 -1.9632988 -1.9999575 -2.0824052 -2.14394 -2.1649032 -2.1483036 -2.2191957 -2.2179432 -2.2075666 -2.1886776 -2.1596098 -2.086106 -2.0274196 -1.9864451 -1.9422267 -1.9044867 -1.8691776 -1.9188331 -1.9522093 -2.0068238 -2.0731514 -2.1781609 -2.3066865 -2.3599499 -2.4054777 -2.429442 -2.4611743 -2.6091551 -2.6420578 -2.6474203 -2.6474203 -2.6229886 -2.5114299 -2.4397998 -2.4339474 -2.4283888 -2.421724 -2.3996016 -2.3604789 -2.3453874 -2.3336825 -2.3261482 -2.3206901 -2.2769348 -2.2769348 -2.2807483 -2.2866008 -2.2433841 -2.2394658 -2.2277609 -2.2014
-1.6844747 -1.740252 -1.8010524 -1.8642264 -1.9322996 -1.9559854 -1.9664582 -2.0001822 -2.0444006 -2.0706315 -2.1087659 -2.203021 -2.272543 -2.2670157 -2.2542144 -2.2321051 -2.1622642 -2.0627727 -2.013154 -1.9756859 -1.9452733 -1.9319191 -1.9871921 -2.0368476 -2.0778147 -2.1331933 -2.199521 -2.32675 -2.459708 -2.5182325 -2.5598635 -2.5875 -2.6192323 -2.654347 -2.6646375 -2.67 -2.67 -2.6136191 -2.4380459 -2.3664158 -2.3605633 -2.3550047 -2.3444666 -2.2913697 -2.2545053 -2.2428004 -2.2360369 -2.2301844 -2.2480667 -2.26 -2.26 -2.2638136 -2.269666 -2.2113665 -2.1660818 -2.1543769 -2.1204389
-1.7875689 -1.846223 -1.9070234 -1.9659185 -2.0250242 -2.0356487 -2.0260669 -2.0498584 -2.0841398 -2.1016398 -2.1352586 -2.2295137 -2.2990357 -2.2935084 -2.2807071 -2.2585979 -2.191258 -2.0958886 -2.0484053 -2.0154251 -1.9988432 -1.9918029 -2.0581306 -2.1097027 -2.1506698 -2.1976414 -2.2525065 -2.3720216 -2.4994472 -2.5426206 -2.571121 -2.5877029 -2.6192323 -2.654347 -2.6646375 -2.67 -2.67 -2.6136191 -2.4327126 -2.3623986 -2.3605633 -2.3550047 -2.3444666 -2.2859422 -2.2478821 -2.2418893 -2.2360369 -2.2301844 -2.2480667 -2.26 -2.26 -2.2638136 -2.269666 -2.2113665 -2.1660818 -2.1489639 -2.1057585
-1.8751946 -1.9412066 -1.999717 -2.0492588 -2.1026332 -2.0956038 -2.0761512 -2.0897883 -2.1171875 -2.1250839 -2.1547308 -2.2526871 -2.3208391 -2.3121554 -2.3017788 -2.2817713 -2.2144314 -2.1204671 -2.0763758 -2.0570972 -2.0494456 -2.0518326 -2.1249815 -2.1790526 -2.2177914 -2.2572018 -2.305456 -2.4093156 -2.5304087 -2.563998 -2.5829982 -2.5970264 -2.6205533 -2.654347 -2.6601111 -2.6654736 -2.6654736 -2.6072134 -2.4280459 -2.3564158 -2.3554736 -2.3459519 -2.3359671 -2.2814158 -2.2432154 -2.2373629 -2.2315105 -2.225658 -2.2480667 -2.26 -2.26 -2.2638136 -2.269666 -2.2068401 -2.1595962 -2.1420389 -2.0841775
-1.9569529 -2.0153925 -2.0706655 -2.1134275 -2.1553187 -2.1403227 -2.1070823 -2.1247288 -2.146838 -2.1529162 -2.1747649 -2.2742564 -2.3175715 -2.3065169 -2.2960666 -2.2794846 -2.2157072 -2.1352912 -2.1306302 -2.1156852 -2.1101579 -2.1243968 -2.2017791 -2.2549915 -2.2901062 -2.3276671 -2.3647135 -2.4648782 -2.5454774 -2.5688872 -2.5863729 -2.5974275 -2.5957371 -2.6249993 -2.6297101 -2.6297101 -2.6297101 -2.5718148 -2.3962415 -2.3594447 -2.3526411 -2.3415239 -2.3265344 -2.2738624 -2.2225968 -2.2167444 -2.210892 -2.2063696 -2.250147 -2.266058 -2.266058 -2.271386 -2.2772385 -2.2115611 -2.1601806 -2.1426233 -2.0817329
-1.9782156 -2.0275167 -2.0662079 -2.1042935 -2.1357118 -2.1377354 -2.1534446 -2.1655419 -2.1799539 -2.1895135 -2.2145041 -2.2342101 -2.23147 -2.2304855 -2.2237738 -2.2127192 -2.1915165 -2.2412622 -2.2392728 -2.2282794 -2.2302045 -2.2502374 -2.3084965 -2.3535557 -2.3828308 -2.4165552 -2.4441917 -2.4967901 -2.5189847 -2.5380205 -2.5531466 -2.5586739 -2.5323255 -2.4925355 -2.4972464 -2.4972464 -2.4930818 -2.4331198 -2.3921527 -2.3709692 -2.3592643 -2.3481471 -2.3331576 -2.2305075 -2.156365 -2.1505125 -2.1467609 -2.1467609 -2.249139 -2.2927971 -2.2986495 -2.304502 -2.3103544 -2.2403282 -2.1864797 -2.1572175 -2.0841691
-2.0105054 -2.0497469 -2.0833891 -2.1115145 -2.1396466 -2.1567028 -2.1712417 -2.1790499 -2.1896328 -2.1959265 -2.2060643 -2.21 -2.21 -2.21 -2.2075753 -2.1988569 -2.2295537 -2.2805811 -2.2804539 -2.2791659 -2.2893929 -2.3060784 -2.3649965 -2.4077576 -2.4345571 -2.4551462 -2.4808222 -2.4988626 -2.5206733 -2.5362363 -2.5419727 -2.5475 -2.5179462 -2.4637187 -2.4552391 -2.4550647 -2.4492122 -2.4320836 -2.3886238 -2.3597255 -2.346844 -2.3309659 -2.3098897 -2.1928409 -2.1186983 -2.1157174 -2.1196805 -2.1204783 -2.2276173 -2.2973478 -2.3032002 -2.3090527 -2.3149051 -2.244879 -2.1854435 -2.1536089 -2.0525421
-2.0480238 -2.0826647 -2.1103012 -2.132471 -2.1534166 -2.1656982 -2.176171 -2.1828062 -2.1883335 -2.1938608 -2.1993422 -2.2045786 -2.2085171 -2.2085171 -2.2075753 -2.202048 -2.2362758 -2.2915488 -2.3014829 -2.3045712 -2.3156258 -2.3367228 -2.3975231 -2.4421583 -2.465568 -2.4828247 -2.4994066 -2.5145056 -2.5303838 -2.5362363 -2.5404898 -2.5460171 -2.5164632 -2.4579388 -2.4470342 -2.4466852 -2.4395243 -2.4205163 -2.3736968 -2.3388668 -2.3213095 -2.3031508 -2.2787299 -2.1644698 -2.0925854 -2.0925854 -2.0980314 -2.1038839 -2.2139517 -2.2876599 -2.2935124 -2.3008477 -2.3067002 -2.2381569 -2.1767623 -2.1416477 -2.0331663
-2.0639133 -2.0961038 -2.118213 -2.1379324 -2.1536416 -2.1635905 -2.1690747 -2.1757099 -2.1812372 -2.1867645 -2.192246 -2.1974824 -2.2014208 -2.2014208 -2.2014208 -2.2014208 -2.2382721 -2.2986451 -2.3148054 -2.32586 -2.3369146 -2.3580116 -2.418812 -2.4626319 -2.4801892 -2.4947196 -2.5065029 -2.5182496 -2.5303838 -2.5362363 -2.54 -2.54 -2.509367 -2.4508425 -2.4367833 -2.4324927 -2.4207878 -2.3983104 -2.339786 -2.2991828 -2.2716356 -2.2499645 -2.2219597 -2.1224682 -2.057104 -2.057104 -2.0650303 -2.0754988 -2.1901059 -2.267059 -2.2787638 -2.2866552 -2.2925076 -2.2283448 -2.1685894 -2.1217699 -2.0053342
-2.131741 -2.1625106 -2.1846198 -2.2060362 -2.2239248 -2.2073191 -2.2006095 -2.2060717 -2.211599 -2.2171263 -2.2275587 -2.2596268 -2.2635652 -2.2635652 -2.2635652 -2.2635652 -2.2635652 -2.3043696 -2.3243649 -2.3354195 -2.3464741 -2.3419073 -2.3065382 -2.3457619 -2.3573212 -2.3666502 -2.3761883 -2.4210894 -2.435036 -2.4408885 -2.4426795 -2.4393551 -2.4649981 -2.4441246 -2.4207905 -2.4132363 -2.3861636 -2.3594238 -2.3008993 -2.2495434 -2.2151426 -2.177359 -2.1547748 -2.1216959 -2.0605942 -2.0674097 -2.091004 -2.1067108 -2.0308067 -2.1106014 -2.1223063 -2.1301976 -2.1360501 -2.2202061 -2.1590299 -2.105993 -1.9778525
