P2_models/J1_p2__temp2_slide_5.dat.tif
NCOLS 118
NROWS 92
XLLCORNER 139.62
YLLCORNER -39.07
DX 0.099491525
DY 0.099347826
NODATA_VALUE -9999
[rows 27 to 53 of 92, columns 0 to 59 of 118]
-9999 68.595111 67.975653 67.337506 66.588058 65.838609 65.089161 64.412399 63.819527 63.226656 62.633784 62.548098 62.601595 62.735191 63.029188 63.323186 63.617183 63.842174 64.039499 64.333847 64.852032 65.370217 65.851025 66.327257 66.80349 67.534523 68.948483 70.362443 71.776403 72.193663 72.209345 72.057129 71.581256 71.105383 70.954471 70.813497 70.672523 70.390532 69.906797 69.423062 68.939328 68.772986 68.636957 68.807123 69.197409 69.587695 69.935226 70.027561 70.119896 70.075485 70.007439 69.939394 70.359225 71.318963 72.138604 72.472966 72.807329 73.141692 73.931209 74.803536
-9999 68.49682 67.820195 67.070747 66.321298 65.57185 64.822401 64.14564 63.552768 62.959896 62.367025 61.774153 61.497143 61.630739 61.924736 62.218734 62.512731 62.806729 63.058281 63.352629 63.863862 64.340095 64.816328 65.29256 65.768793 66.499826 67.913786 69.327746 70.741706 72.155666 72.927398 72.775181 72.37427 72.233296 72.092321 71.951347 71.810372 71.528381 71.044647 70.560912 70.077177 69.593443 69.346343 69.516509 69.906795 70.297081 70.687367 71.077653 71.190105 71.145693 71.077648 71.009603 70.941558 71.166348 71.985989 72.320351 72.654714 72.989076 73.323439 74.010867
-9999 68.398244 67.648795 66.899347 66.149898 65.40045 64.651001 63.921283 63.328411 62.735539 62.142668 61.549796 60.956924 60.67742 60.971417 61.265415 61.559412 61.85341 62.147407 62.49651 62.972743 63.448975 63.925208 64.401441 64.877674 65.558084 66.972044 68.386005 69.799965 71.213925 72.627885 73.51073 73.369756 73.228781 73.087807 72.946832 72.805858 72.531217 72.047482 71.563747 71.080013 70.596278 70.112543 70.111852 70.502138 70.892424 71.28271 71.672996 72.063283 72.031433 71.963388 71.895343 71.827298 71.759253 71.910714 72.245077 72.57944 72.913802 73.248165 73.582527
-9999 69.011875 68.262427 67.512978 66.76353 66.014081 65.291366 64.441599 63.453124 62.860253 62.267381 61.674509 61.081638 60.827545 61.251876 61.556271 61.850269 62.144266 62.438264 62.787366 63.263599 63.739832 64.216065 64.692298 65.585457 66.490445 66.912188 68.209504 69.623464 71.037424 72.451384 73.334229 73.193255 73.05228 72.911306 72.770331 72.433577 72.132653 71.938833 71.455099 70.971364 70.487629 70.003895 69.915823 70.158648 70.548935 70.939221 71.329507 71.719793 71.511907 71.330521 71.262476 71.194431 71.126386 71.37336 72.711521 73.140861 73.475223 73.809586 74.143948
-9999 69.625506 68.876058 68.126609 67.382997 66.663233 65.943469 65.093701 64.093893 63.094085 62.392094 61.799223 61.206351 60.952258 61.376589 61.800921 62.141125 62.435123 62.72912 63.078223 63.554456 64.030689 64.506921 65.567419 66.652706 67.557694 67.979437 68.40118 69.446963 70.860923 72.274883 73.157728 73.016754 72.875779 72.721552 72.336065 71.950577 71.649654 71.469712 71.289769 70.862716 70.378981 69.895246 69.807174 70.003539 70.205445 70.595731 70.986017 71.376303 71.168417 70.857151 70.629609 70.561564 70.493519 70.740493 72.078654 73.416815 74.036644 74.371007 74.705369
-9999 70.239138 69.489689 68.754863 68.035099 67.315335 66.595571 65.745803 64.745995 63.746187 62.746378 61.923936 61.331064 61.076971 61.501303 61.925634 62.349965 62.72598 63.019977 63.36908 63.845312 64.464095 65.549382 66.634668 67.719955 68.624943 69.046686 69.468429 69.890172 70.684422 72.098382 72.981227 72.840253 72.62404 72.238553 71.853065 71.467578 71.166654 70.986712 70.80677 70.626827 70.270332 69.786598 69.698526 69.894891 70.091256 70.28762 70.642527 71.032813 70.824927 70.513661 70.202394 69.928697 69.860652 70.107626 71.445787 72.783948 74.122109 74.932427 75.26679
-9999 70.852769 70.12673 69.406965 68.687201 67.967437 67.247673 66.397906 65.398097 64.398289 63.398481 62.398672 61.455777 61.201685 61.626016 62.050347 62.474679 62.89901 63.310834 63.659936 64.446058 65.531344 66.616631 67.701918 68.787204 69.692193 70.113936 70.535678 70.957421 71.379164 71.921881 72.804726 72.526528 72.141041 71.755553 71.370066 70.984578 70.683655 70.503712 70.32377 70.143828 69.963885 69.677949 69.589877 69.786242 69.982607 70.178972 70.375337 70.689323 70.481437 70.170171 69.858905 69.547638 69.236372 69.474759 70.81292 72.151081 73.489242 74.827403 75.828211
-9999 71.362996 70.643232 69.923467 69.203703 68.483939 67.764175 66.879943 65.870496 64.870688 63.87088 62.871071 61.871263 61.754215 62.37303 62.797361 63.221692 63.646024 64.070355 64.694549 65.779836 66.865123 67.95041 69.035696 70.120983 70.315128 70.720948 71.142691 71.564434 71.986176 72.407919 72.553939 72.168451 71.782964 71.397476 71.011989 70.626501 70.307663 70.093462 69.913519 69.733577 69.553634 69.373692 69.191261 69.387626 69.583991 69.780356 69.976721 70.173086 70.199286 69.88802 69.576754 69.265487 68.954221 68.819548 69.955485 71.293646 72.631807 73.969968 75.308129
-9999 71.655856 70.936092 70.216328 69.496563 68.829402 68.292148 67.414477 66.143922 65.046706 64.046898 63.04709 62.047281 61.930233 63.580964 64.57072 64.995051 65.419382 65.843714 66.467908 67.553195 68.638482 69.723768 70.71663 70.397594 70.259407 70.605941 70.990645 71.412388 71.834131 72.255874 72.401893 72.016406 71.630918 71.245431 70.933649 70.967881 70.693176 69.976494 69.623251 69.443308 69.263366 69.083423 68.846606 68.568903 68.707138 68.903503 69.099868 69.296233 69.547849 69.707034 69.395768 69.084502 68.773235 68.638563 69.115589 70.065837 71.403998 72.742159 74.08032
-9999 71.948716 71.228952 70.509188 69.901191 69.363937 68.826683 67.949012 66.678456 65.4079 64.222916 63.223108 62.2233 62.106252 63.756982 65.407712 66.76841 67.192741 67.617072 68.241267 69.326554 70.41184 70.979945 70.660909 70.341873 70.203685 70.55022 70.896754 71.260343 71.682086 72.103829 72.249848 71.864361 71.478873 71.28493 71.319162 71.353393 71.078689 70.362007 69.645325 69.15304 68.973097 68.793155 68.556338 68.278634 68.000931 68.026651 68.223016 68.41938 68.670997 68.932162 69.193327 68.903516 68.592249 68.457577 68.934603 69.411629 70.176188 71.514349 72.85251
-9999 72.241576 71.521812 70.97298 70.435726 69.898471 69.361217 68.483546 67.212991 65.942435 64.671879 63.401323 62.399318 62.28227 63.933 65.583731 67.234461 68.885191 69.390431 70.014626 71.099912 71.24326 70.924224 70.605187 70.286151 70.147964 70.494498 70.841032 71.187566 71.5341 71.951783 72.097803 71.712315 71.636211 71.670443 71.704674 71.738906 71.464202 70.74752 70.030837 69.314155 68.682829 68.502887 68.266069 67.988366 67.710662 67.432959 67.346163 67.542528 67.794144 68.055309 68.316475 68.57764 68.411264 68.276591 68.753617 69.230644 69.70767 70.28654 71.624701
-9999 72.582023 72.044769 71.507514 70.97026 70.433006 69.895752 69.018081 67.747525 66.476969 65.206414 63.935858 62.665302 62.458289 64.109019 65.759749 67.410479 69.06121 70.71194 71.787984 71.506575 71.187539 70.868502 70.549466 70.23043 70.092243 70.438777 70.785311 71.131845 71.478379 71.824913 71.95326 71.987492 72.021723 72.055955 72.090187 72.124419 71.849714 71.133032 70.41635 69.699668 68.982986 68.266304 67.975801 67.698097 67.420394 67.14269 66.864987 66.665675 66.917292 67.178457 67.439622 67.700787 67.961953 68.095605 68.572631 69.049658 69.526684 70.00371 70.480737
-9999 72.852847 72.315593 71.778339 71.241084 70.70383 70.448827 69.904444 68.633888 67.363333 66.092777 64.822221 63.730589 63.772885 65.365862 67.016592 68.667323 70.318053 71.968783 73.023886 72.704849 72.385813 72.066777 71.747741 71.055183 70.131431 71.297004 71.643538 71.990072 72.336606 72.68314 72.923002 72.957234 72.991466 73.025698 73.05993 72.715627 71.836272 71.11959 70.402908 69.686226 68.969544 68.322429 68.203672 68.095025 67.817322 67.539618 67.261915 66.984211 67.165969 67.427134 67.688299 67.949465 68.265305 68.895221 69.372248 69.849274 70.3263 70.803327 70.702228
-9999 73.034481 72.497227 71.959972 71.422718 71.369372 71.454184 70.909801 69.639245 68.36869 67.098134 66.186322 65.470472 65.512768 67.073292 68.638986 70.289716 71.940446 73.591176 74.646279 74.327243 74.008206 73.68917 72.535493 70.691915 69.768163 71.309776 72.810875 73.157409 73.503943 73.850477 74.090339 74.124571 74.158803 74.193035 73.560313 72.567253 71.687899 70.971217 70.254535 69.537852 68.92522 68.34165 68.222893 68.438284 68.446668 68.168965 67.891261 67.613558 67.795316 68.056481 68.317646 68.722519 69.396574 70.026491 70.503517 70.980543 71.45757 71.109026 70.438525
-9999 73.216115 72.67886 72.205104 72.289916 72.374728 72.459541 71.915158 70.644602 69.374046 68.642054 67.926205 67.210355 67.25265 68.813175 70.3737 71.934224 73.562839 75.21357 76.268672 75.949636 75.6306 74.015804 72.172226 70.328648 69.404896 70.946509 72.488122 74.029734 74.67128 75.017814 75.257676 75.291908 75.32614 74.405 73.41194 72.418879 71.539525 70.822843 70.11158 69.528011 68.944441 68.360872 68.242115 68.457505 68.672896 68.798312 68.520608 68.242905 68.424663 68.685828 69.179733 69.853788 70.527844 71.15776 71.634786 72.111813 71.515825 70.845323 70.174821
-9999 73.397748 73.125648 73.21046 73.295273 73.380085 73.464898 72.920515 71.813637 71.097787 70.381937 69.666088 68.950238 68.992533 70.553058 72.113582 73.674107 75.234632 76.835963 77.891065 77.339692 75.496114 73.652536 71.808958 69.96538 69.041629 70.583241 72.124854 73.666467 75.20808 76.185151 76.425013 76.242747 75.249686 74.256626 73.263566 72.270505 71.391151 70.714371 70.130802 69.547232 68.963663 68.380094 68.261337 68.476727 68.692118 68.907508 69.122898 68.872252 69.054009 69.636948 70.311003 70.985058 71.659113 72.28903 72.593125 71.922623 71.252121 70.581619 69.911117
-9999 74.155687 74.240499 74.325312 74.410124 74.494937 74.579749 74.090282 73.374432 72.658583 71.942733 71.226883 70.511034 70.302334 71.862859 73.423383 74.983908 76.544433 78.104957 78.636132 76.792554 74.948976 73.105398 71.26182 69.418242 68.55873 70.100343 71.641956 73.183568 74.725181 76.266794 76.942645 75.949585 74.956524 73.963464 72.970404 71.977343 71.489739 70.90617 70.322601 69.739031 69.155462 68.571893 68.470359 68.685749 68.90114 69.11653 69.33192 69.547311 70.12188 70.795935 71.46999 72.144046 72.818101 73.275478 72.604977 71.934475 71.263973 70.593471 69.922969
-9999 76.096351 76.181164 76.265976 76.350789 76.435601 74.421117 73.349651 73.584542 72.868693 72.152843 71.436993 70.721144 70.203282 70.081902 71.489483 73.050007 74.610532 76.171057 76.702232 74.858654 73.015076 71.171498 69.32792 68.597462 68.51578 68.868048 70.256793 71.798406 73.340019 74.881631 75.557483 74.564422 73.571362 72.578302 71.585241 70.757521 70.928637 72.399558 71.815989 71.232419 70.64885 70.065281 70.0172 70.326257 70.541647 70.757037 70.972428 71.187818 71.599023 72.163976 72.838031 73.512086 74.186141 74.694946 74.631342 74.024584 73.354082 72.68358 72.013079
-9999 78.037016 78.121829 78.206641 77.812774 75.595581 73.378388 72.306921 72.557771 72.80862 72.362953 71.647103 70.931254 70.413392 70.292012 70.170633 71.116107 72.676631 74.237156 74.768331 72.924753 71.081175 69.237597 68.94674 68.703152 68.621469 68.973737 69.326004 70.413244 71.954856 73.496469 74.17232 73.17926 72.1862 71.206415 70.417059 69.627704 69.79882 71.344026 72.889232 72.725808 72.142238 71.558669 71.510588 71.847463 72.182154 72.397545 72.612935 72.828326 73.23953 73.684577 74.206072 74.880127 75.554182 76.062986 75.999383 75.935779 75.444191 74.773689 74.103188
-9999 79.977681 80.062493 78.987238 76.770045 74.552852 72.335659 71.264192 71.515041 71.76589 72.016739 71.857213 71.141364 70.623502 70.502122 70.380743 70.259363 70.742731 72.303255 72.83443 70.990852 69.539606 69.296018 69.052429 68.808841 68.727159 69.079426 69.431694 69.783961 70.569694 72.111307 72.787158 71.794098 70.865953 70.076598 69.287242 68.497887 68.669002 70.214209 71.759415 73.304621 73.635626 73.052057 73.003976 73.340851 73.677726 74.014601 74.253443 74.468833 74.880038 75.325085 75.770132 76.248168 76.922223 77.431027 77.367424 77.30382 77.240217 76.863799 76.193297
-9999 81.918345 80.161702 77.944509 75.727315 73.510122 71.292929 70.221463 70.472312 70.723161 70.97401 71.224859 71.351474 70.833612 70.712232 70.590853 70.469473 70.348093 70.369355 70.90053 69.888884 69.645295 69.401707 69.158118 68.91453 68.832848 69.185115 69.537383 69.88965 70.241918 70.726144 71.401996 70.525492 69.736136 68.946781 68.157425 67.368069 67.539185 69.084391 70.629598 72.174804 73.72001 74.545445 74.497364 74.834239 75.171114 75.507989 75.844863 76.10934 76.520545 76.965592 77.410639 77.855686 78.300733 78.799068 78.735464 78.671861 78.608257 78.544654 78.283406
-9999 81.206739 78.989546 76.772353 74.55516 72.337967 70.120774 70.031909 70.282758 70.533607 70.784456 71.035306 71.286155 71.456023 71.167592 71.046212 70.924833 70.803453 70.682073 70.52374 70.280151 70.036563 69.792974 69.549386 69.305798 68.553506 68.796628 69.148896 69.501163 69.85343 70.205698 70.168024 69.378669 68.589313 67.799957 67.010602 66.221246 67.484018 69.029225 70.574431 72.119637 73.664844 75.117438 75.397357 75.734232 76.071107 76.407982 76.744857 77.081731 77.510838 77.955885 78.400932 78.845979 79.291026 79.370847 79.307243 79.24364 79.180036 79.116433 79.028686
-9999 79.828895 77.611702 75.394509 73.177316 71.600309 71.26269 71.198253 71.449102 71.699951 71.9508 72.3419 73.262441 73.52886 72.485359 71.891331 71.769952 71.648572 71.527192 71.368858 71.12527 70.881682 70.638093 70.27041 68.969226 67.990535 67.876204 67.975046 68.327313 68.679581 69.031848 68.994174 68.204819 67.415463 66.626108 66.325261 67.694872 69.136725 70.681931 72.227137 73.772344 74.88777 75.258291 75.524649 75.716126 76.028056 76.364931 76.701806 77.038681 77.467788 77.912834 78.357881 78.802928 78.752362 78.677178 78.613575 78.549971 78.486368 78.320851 77.936743
-9999 78.451051 76.233858 74.016665 73.104271 72.766652 72.429033 72.364596 72.615445 72.866294 73.494196 74.414737 75.335279 75.601697 74.558197 73.514696 72.61507 72.493691 72.372311 72.213977 71.970389 71.7268 71.008622 69.707439 68.406255 67.427564 67.313233 67.198902 67.153463 67.505731 67.857998 67.820325 67.030969 66.241613 66.608357 67.977968 69.347578 70.789431 72.334637 73.879844 74.658103 75.028624 75.399144 75.665502 75.85698 76.048457 76.32188 76.658755 76.99563 77.424737 77.869784 78.215748 78.137221 78.058694 77.983509 77.919906 77.856302 77.613017 77.228908 76.8448
-9999 77.073207 74.945852 74.608233 74.270614 73.932996 73.595377 73.53094 73.781789 74.646492 75.567033 76.487574 77.408116 77.674534 76.631034 75.587534 74.544033 73.500533 73.21743 73.059096 72.815508 71.746834 70.445651 69.144468 67.843284 66.864593 66.750262 66.635931 66.521601 66.40727 66.684149 66.646475 65.857119 66.891453 68.261063 69.630674 71.000284 72.442137 73.987344 74.428436 74.798957 75.169477 75.539997 75.806355 75.997833 76.18931 76.380788 76.615705 76.952579 77.381686 77.600607 77.522079 77.443552 77.365025 77.289841 77.226237 76.905182 76.521074 76.136965 75.752857
-9999 76.449814 76.112195 75.774577 75.436958 75.099339 74.76172 74.878247 75.798788 76.719329 77.63987 78.560412 79.480953 79.747371 78.703871 77.660371 76.61687 75.57337 74.52987 73.78623 72.485047 71.183863 69.88268 68.581497 67.280313 66.301622 66.187291 66.07296 65.95863 65.844299 65.729968 65.804938 67.174549 68.544159 69.91377 71.28338 72.652991 73.828249 74.198769 74.56929 74.93981 75.31033 75.68085 75.947208 76.138686 76.330163 76.521641 76.713119 76.909529 76.985465 76.906938 76.828411 76.749884 76.671356 76.581456 76.197347 75.813239 75.429131 75.045022 74.660914
-9999 76.297454 75.959835 75.622216 75.284598 74.946979 75.233336 76.038266 76.958808 77.879349 78.79989 79.720431 79.906489 79.873562 80.589535 79.546035 78.502534 77.459034 76.415534 75.294114 73.992931 72.691747 71.390564 70.089381 69.283548 68.845567 67.54568 67.431349 67.317018 67.202687 67.088356 67.480891 68.850502 70.220112 71.589723 72.959333 73.915895 74.396463 74.766983 75.137503 75.508024 75.878544 75.971195 76.076803 76.280801 76.472279 76.663756 76.855234 77.046711 77.007972 76.929445 76.850917 76.77239 76.555885 76.005514 75.621406 75.237297 74.853189 74.469081 75.149359
