P2_models/J1_p2_vp_slide_diff2_100.dat.tif
NCOLS 118
NROWS 92
XLLCORNER 139.62
YLLCORNER -39.07
DX 0.099491525
DY 0.099347826
NODATA_VALUE -9999
[rows 24 to 47 of 92, columns 54 to 107 of 118]
0.021048432 0.015689926 0.010331419 0.0049729116 -0.00038559535 -0.0057441023 -0.0016278166 0.0089269906 0.019481798 0.030036605 0.040591412 0.04858289 0.04638103 0.044611708 0.042842387 0.041073066 0.039303745 0.036353046 0.03111279 0.025872535 0.020632279 0.015392024 0.0099527967 -0.013256136 -0.036465068 -0.059674001 -0.082882933 -0.10609187 -0.10573899 -0.09437837 -0.083017752 -0.071657133 -0.060296515 -0.058151552 -0.072612364 -0.087073175 -0.10153399 -0.1159948 -0.130103 -0.12704214 -0.12366196 -0.12028179 -0.11690161 -0.11352143 -0.11624661 -0.12205596 -0.12786531 -0.13367465 -0.139484 -0.14833708 -0.15798915 -0.16764122 -0.17729329 -0.18694536
0.020207964 0.019216992 0.013858485 0.008499978 0.003141471 -0.0022170359 -0.0011572885 0.0073286025 0.01788341 0.028438217 0.038993024 0.049547831 0.045521802 0.043714404 0.041945083 0.040175762 0.038406441 0.035114521 0.029874265 0.02463401 0.019393754 0.014153499 0.011548833 -0.01359019 -0.036799122 -0.060008055 -0.083216987 -0.10642592 -0.10598975 -0.094629133 -0.083268514 -0.071907896 -0.066428345 -0.070596841 -0.074814152 -0.089274964 -0.10373578 -0.11819659 -0.13212551 -0.12874534 -0.12536516 -0.12198498 -0.11860481 -0.11775121 -0.12784477 -0.13377995 -0.1395893 -0.14539865 -0.15120799 -0.14539172 -0.15054183 -0.1601939 -0.16984597 -0.17949804
0.020748881 0.0210303 0.021109608 0.015751101 0.010392594 0.0050340871 0.0060938345 0.011515057 0.019026755 0.029581562 0.04013637 0.050691177 0.046665147 0.042138102 0.039865966 0.038096645 0.036327324 0.033035403 0.027795148 0.022554892 0.017674084 0.015401808 0.012874809 -0.012400919 -0.037676647 -0.061009354 -0.084218287 -0.10742722 -0.10699105 -0.095630432 -0.084269814 -0.081245943 -0.089370083 -0.093538579 -0.090579364 -0.092601213 -0.10706202 -0.12152284 -0.13545176 -0.13207159 -0.12869141 -0.12531123 -0.12471725 -0.12444472 -0.13453828 -0.14573586 -0.15223564 -0.15804499 -0.16385434 -0.15803807 -0.14667952 -0.1505208 -0.16017287 -0.16982494
0.021289799 0.021571218 0.021852636 0.022134055 0.017643717 0.01228521 0.013344958 0.01876618 0.024187402 0.030724908 0.041279715 0.051834522 0.047808493 0.043281447 0.038754402 0.036017527 0.034248206 0.030956286 0.02571603 0.021272337 0.019000061 0.016727785 0.014200786 -0.011074942 -0.03635067 -0.061626399 -0.085219586 -0.10842852 -0.10799235 -0.096631731 -0.096063541 -0.10418768 -0.11231182 -0.11648032 -0.1135211 -0.11056189 -0.11038827 -0.12484909 -0.13877801 -0.13539784 -0.13201766 -0.13168328 -0.13141075 -0.13113823 -0.14123178 -0.15242936 -0.16362694 -0.17069133 -0.17650068 -0.17068441 -0.15932586 -0.14796731 -0.15049978 -0.16015185
0.021830716 0.022112135 0.022393554 0.022674973 0.022956391 0.019536333 0.020596081 0.026017303 0.031438525 0.036859747 0.042423061 0.052977868 0.048951838 0.044424793 0.039897748 0.035370702 0.032169089 0.028877168 0.024870589 0.022598313 0.020326037 0.018053761 0.015526762 -0.0097489659 -0.035024694 -0.060300422 -0.08557615 -0.10942982 -0.10899365 -0.11088114 -0.11900528 -0.12712942 -0.13525356 -0.13942206 -0.13646284 -0.13350362 -0.13054441 -0.12817534 -0.14210426 -0.13892185 -0.13864932 -0.13837679 -0.13810426 -0.13783173 -0.14792529 -0.15912287 -0.17032045 -0.18151803 -0.18914703 -0.18333075 -0.1719722 -0.16061365 -0.14925511 -0.15047875
0.02076215 0.021043569 0.021324988 0.021606407 0.021887826 0.022169245 0.023694836 0.029116058 0.03453728 0.039958502 0.045379725 0.050800947 0.047844147 0.043317102 0.038790057 0.034263011 0.029735966 0.026198023 0.023925747 0.021653471 0.019381195 0.017108919 0.015003528 -0.0078664236 -0.033142152 -0.05841788 -0.083693608 -0.10896934 -0.12251361 -0.13063775 -0.13876189 -0.14688603 -0.15501017 -0.15977624 -0.15681702 -0.15385781 -0.15089859 -0.14793938 -0.14506026 -0.14478773 -0.1445152 -0.14424267 -0.14397014 -0.14405835 -0.15366614 -0.16486372 -0.1760613 -0.18725888 -0.19845646 -0.19426303 -0.18290448 -0.17154593 -0.16018738 -0.14882883
0.020879577 0.0079730391 0.0070066413 0.0072880602 0.0075694791 0.007850898 0.0028020187 -0.0019688198 0.0034524023 0.0088736245 0.014294847 0.019716069 0.02498932 0.02367815 0.019151105 0.01462406 0.010097014 0.0065590716 0.0042867957 0.0020145198 -0.00025775609 -0.00211753 -0.002960884 -0.0065420157 -0.026677779 -0.051953507 -0.077229235 -0.10250496 -0.11604924 -0.12417338 -0.13229752 -0.14042166 -0.15115327 -0.1583041 -0.15586963 -0.15291041 -0.14995119 -0.14699198 -0.14411286 -0.14384033 -0.1435678 -0.14329527 -0.14481091 -0.16162537 -0.15727394 -0.16276198 -0.17395956 -0.18515714 -0.19635472 -0.19159153 -0.17972598 -0.16836743 -0.15700888 -0.14565033
0.022251846 0.0093453074 -0.0035612307 -0.0070302867 -0.0067488678 -0.0064674489 -0.011516328 -0.02018737 -0.027632476 -0.022211253 -0.016790031 -0.011368809 -0.0060955579 -0.0008273912 -0.00048784636 -0.0050148917 -0.009541937 -0.01307988 -0.015352156 -0.017624432 -0.019269244 -0.020081942 -0.020925296 -0.024506428 -0.02808756 -0.045489134 -0.070764862 -0.096040591 -0.10958487 -0.11770901 -0.12583315 -0.13710803 -0.14954278 -0.1566936 -0.15432326 -0.15195293 -0.1490038 -0.14604458 -0.14316546 -0.14289293 -0.1426204 -0.14556347 -0.16237793 -0.17919239 -0.17484096 -0.1682353 -0.17185783 -0.18305541 -0.19425299 -0.18948979 -0.17711762 -0.16518894 -0.15383039 -0.14247184
0.023624114 0.010717576 -0.0021889625 -0.015095501 -0.021067215 -0.020785796 -0.025834675 -0.034505717 -0.043176759 -0.0518478 -0.047874909 -0.042453687 -0.037180436 -0.031912269 -0.026644102 -0.024653843 -0.029180888 -0.032718831 -0.034991107 -0.036420958 -0.037233656 -0.038046354 -0.038889708 -0.04247084 -0.046051972 -0.049633103 -0.06430049 -0.089576218 -0.10312049 -0.11124463 -0.12306279 -0.13549754 -0.14793229 -0.15508311 -0.15271277 -0.15034243 -0.1479721 -0.14509718 -0.14221806 -0.14194554 -0.14631603 -0.16313049 -0.17994495 -0.19675941 -0.19240798 -0.18580232 -0.17919666 -0.18095367 -0.19215125 -0.18738806 -0.17501589 -0.16264372 -0.15065189 -0.13929334
0.024996382 0.012089844 -0.00081669421 -0.013723232 -0.02662977 -0.035104143 -0.040153022 -0.048824064 -0.057495106 -0.066166147 -0.074837189 -0.073538565 -0.068265314 -0.062997147 -0.05772898 -0.052460814 -0.04881984 -0.052357783 -0.053572671 -0.05438537 -0.055198068 -0.056010766 -0.05685412 -0.060435252 -0.064016384 -0.067597516 -0.071178647 -0.083111845 -0.096656121 -0.10901754 -0.1214523 -0.13388705 -0.1463218 -0.15347262 -0.15110228 -0.14873194 -0.1463616 -0.14399127 -0.14127067 -0.1470686 -0.16388306 -0.18069751 -0.19751197 -0.21432643 -0.209975 -0.20336934 -0.19676368 -0.19015801 -0.19004952 -0.18528632 -0.17291415 -0.16054198 -0.14816982 -0.13611485
0.026896472 0.016779976 0.0038734377 -0.0090331004 -0.021939639 -0.034846177 -0.043843317 -0.052514359 -0.061185401 -0.069856443 -0.078527484 -0.087198526 -0.093417764 -0.088149598 -0.082881431 -0.077613264 -0.072345098 -0.069744431 -0.07055713 -0.071369828 -0.072182526 -0.072995225 -0.072244824 -0.074729085 -0.078310217 -0.081891349 -0.085472481 -0.089053612 -0.098690499 -0.11112525 -0.12356 -0.13599475 -0.1484295 -0.15334442 -0.15101575 -0.14864541 -0.14627507 -0.14390473 -0.14210634 -0.1589208 -0.17573526 -0.19254972 -0.20936417 -0.22388707 -0.22910661 -0.22250094 -0.21589528 -0.20928962 -0.20268395 -0.18429096 -0.17191879 -0.15954662 -0.14717445 -0.13480228
0.022615877 0.021590226 0.01403564 0.0011291023 -0.011777436 -0.024683974 -0.0332682 -0.038915232 -0.047347113 -0.056018154 -0.064689196 -0.073360238 -0.092205101 -0.10351784 -0.098249676 -0.092981509 -0.087713342 -0.085112676 -0.085925374 -0.086738073 -0.087550771 -0.086150096 -0.083466809 -0.084456093 -0.086550255 -0.090131387 -0.093712519 -0.097293651 -0.10693054 -0.11936529 -0.13180004 -0.14423479 -0.15140437 -0.15515168 -0.15331991 -0.1510723 -0.14870197 -0.14633163 -0.14453324 -0.1613477 -0.17816215 -0.19497661 -0.20873648 -0.21842618 -0.23514432 -0.24421298 -0.23760732 -0.23100165 -0.22439599 -0.20085671 -0.17274813 -0.16037596 -0.14800379 -0.13563162
0.018335281 0.01730963 0.016283979 0.011291305 -0.0016152331 -0.014521771 -0.023105997 -0.02875303 -0.034400062 -0.042179866 -0.050850908 -0.05952195 -0.078366812 -0.09756126 -0.11361792 -0.10834975 -0.10308159 -0.10048092 -0.10129362 -0.10210632 -0.10009649 -0.097372081 -0.094688794 -0.095678078 -0.096667361 -0.098371426 -0.10195256 -0.10553369 -0.11517058 -0.12760533 -0.13952461 -0.14636812 -0.15321164 -0.15695895 -0.15512718 -0.15329541 -0.15112886 -0.14875852 -0.14696013 -0.16377459 -0.18058905 -0.1935859 -0.20327559 -0.21296529 -0.22968343 -0.24715012 -0.25931935 -0.25271369 -0.24610803 -0.22256874 -0.1909567 -0.16120529 -0.14883313 -0.13646096
0.014054686 0.013029035 0.012003384 0.010977733 0.0085469697 -0.0043595685 -0.012943794 -0.018590827 -0.024237859 -0.029884892 -0.03701262 -0.045683661 -0.064528524 -0.083722972 -0.10291742 -0.12211187 -0.11844983 -0.11584917 -0.11666186 -0.11404288 -0.11131848 -0.10859407 -0.10591078 -0.10690006 -0.10788935 -0.10887863 -0.1101926 -0.11377373 -0.12341061 -0.13448836 -0.14133188 -0.14817539 -0.15501891 -0.15876622 -0.15693445 -0.15510267 -0.1532709 -0.15118542 -0.14938703 -0.16620148 -0.17843531 -0.18812501 -0.1978147 -0.2075044 -0.22422254 -0.24168923 -0.25915593 -0.27442572 -0.26782006 -0.24428078 -0.21266874 -0.1810567 -0.14966246 -0.13729029
0.0097740905 0.0087484395 0.0077227884 0.0066971374 0.0056714864 0.0046458353 -0.0027815917 -0.008428624 -0.014075656 -0.019722689 -0.025369721 -0.031845373 -0.050690236 -0.069884684 -0.089079131 -0.10827358 -0.12746803 -0.13071369 -0.12798928 -0.12526487 -0.12254046 -0.11981605 -0.11713276 -0.11812205 -0.11911133 -0.12010061 -0.1210899 -0.12207918 -0.12945211 -0.13629563 -0.14313914 -0.14998266 -0.15682617 -0.16057348 -0.15874171 -0.15690994 -0.15507817 -0.1532464 -0.15181392 -0.16328473 -0.17297442 -0.18266412 -0.19235381 -0.20204351 -0.21876165 -0.23622834 -0.25369503 -0.27116173 -0.28862842 -0.26599281 -0.23438077 -0.20276874 -0.1711567 -0.13954466
-0.0028406543 -0.0038663054 -0.0048919564 -0.0059176074 -0.0069432584 -0.0022581041 -0.0033485109 -0.0099941058 -0.015641138 -0.021288171 -0.026935203 -0.032582235 -0.051326641 -0.070521089 -0.089715537 -0.10890998 -0.12339016 -0.12497106 -0.12224665 -0.11952225 -0.11679784 -0.11407343 -0.12308613 -0.10381029 -0.10479957 -0.10578886 -0.10677814 -0.10776742 -0.11276092 -0.11960444 -0.12644795 -0.13329147 -0.14187039 -0.15792492 -0.16617453 -0.16434276 -0.16251099 -0.16067922 -0.15919093 -0.16888063 -0.17857032 -0.18826002 -0.19794971 -0.21612769 -0.23396344 -0.25143014 -0.26889683 -0.28636352 -0.28616849 -0.25945008 -0.22783804 -0.196226 -0.16461396 -0.14142462
-0.018274123 -0.019299774 -0.020325425 -0.021351076 -0.014221623 -0.0039118134 -0.0050022202 -0.013839555 -0.021173084 -0.026820117 -0.032467149 -0.038114182 -0.056858587 -0.076053035 -0.095247483 -0.10696442 -0.11190987 -0.11349078 -0.11076637 -0.10804196 -0.10612652 -0.11705622 -0.12761142 -0.1047218 -0.081851954 -0.082841238 -0.083830521 -0.084819805 -0.089813303 -0.096656818 -0.10350033 -0.11328496 -0.12813923 -0.14419375 -0.16241103 -0.17367821 -0.17184644 -0.17001467 -0.16852639 -0.17821608 -0.18790578 -0.19759547 -0.21701695 -0.2383179 -0.25615364 -0.27362034 -0.29108703 -0.28652302 -0.27006961 -0.2433512 -0.21173916 -0.18012712 -0.15849213 -0.14508386
-0.033707592 -0.034733243 -0.035758894 -0.026185141 -0.015875332 -0.0055655228 -0.0066559296 -0.015493264 -0.024330599 -0.032352063 -0.037999095 -0.043646128 -0.062390533 -0.081584981 -0.090538676 -0.095484129 -0.10042958 -0.10201049 -0.099286076 -0.099722116 -0.11065181 -0.12158151 -0.13213672 -0.1092471 -0.086357475 -0.063467854 -0.060882901 -0.061872185 -0.066865683 -0.073709198 -0.084699518 -0.09955379 -0.11440806 -0.13046259 -0.14867986 -0.16689714 -0.1811819 -0.17935013 -0.17786184 -0.18755154 -0.19724123 -0.21790622 -0.23920716 -0.2605081 -0.27834384 -0.29581054 -0.28687755 -0.27042414 -0.25397073 -0.22725232 -0.19564028 -0.17555964 -0.16215137 -0.1487431
-0.049141061 -0.048458469 -0.03814866 -0.027838851 -0.017529041 -0.0072192322 -0.0083096389 -0.017146974 -0.025984308 -0.034821643 -0.043531041 -0.049178074 -0.06792248 -0.074112935 -0.079058387 -0.084003839 -0.088949292 -0.090530197 -0.093317713 -0.10424741 -0.11517711 -0.1261068 -0.13666201 -0.11377239 -0.090882768 -0.067993147 -0.045103526 -0.038924565 -0.043918063 -0.05611408 -0.070968352 -0.085822625 -0.1006769 -0.11673142 -0.1349487 -0.15316597 -0.17138324 -0.18868559 -0.1871973 -0.19749453 -0.21879548 -0.24009642 -0.26139736 -0.2826983 -0.30053405 -0.28723208 -0.27077866 -0.25432525 -0.23787184 -0.21115343 -0.19262716 -0.17921888 -0.16581061 -0.15240234
-0.061756408 -0.051446599 -0.04113679 -0.03082698 -0.020517171 -0.010207362 -0.0088682449 -0.01770558 -0.026542914 -0.035380249 -0.044217584 -0.053054919 -0.05979041 -0.064735863 -0.069681315 -0.074626767 -0.07957222 -0.087142788 -0.098072485 -0.10900218 -0.11993188 -0.13086158 -0.14048328 -0.12030122 -0.097411602 -0.074521981 -0.05163236 -0.028742739 -0.031669427 -0.046523699 -0.061377972 -0.076232244 -0.091086516 -0.10399721 -0.12221449 -0.14043176 -0.15864903 -0.17686631 -0.19517551 -0.21647645 -0.23777739 -0.25907833 -0.28037928 -0.30176147 -0.28903785 -0.27258443 -0.25613102 -0.23967761 -0.2232242 -0.20845167 -0.19504339 -0.18163512 -0.16822684 -0.15481857
-0.067351061 -0.063790153 -0.054189192 -0.043879382 -0.033569573 -0.023259764 -0.013964605 -0.010004855 -0.01884219 -0.027679524 -0.036516859 -0.045354194 -0.062165953 -0.071221373 -0.076166826 -0.081112278 -0.086057731 -0.093628299 -0.104558 -0.11548769 -0.12641739 -0.13477195 -0.13687378 -0.1364073 -0.11905125 -0.096161628 -0.073272007 -0.050382386 -0.053309074 -0.068163347 -0.083017619 -0.097871892 -0.10651573 -0.11116724 -0.11699936 -0.13521663 -0.15343391 -0.17165118 -0.18996039 -0.21126133 -0.23256227 -0.25386321 -0.27546727 -0.29942405 -0.2857437 -0.26888214 -0.25242873 -0.23597532 -0.21952191 -0.20305482 -0.18808482 -0.17467654 -0.16126827 -0.14786
-0.072373834 -0.068812925 -0.065252017 -0.056931784 -0.046621975 -0.036312166 -0.027017006 -0.018411345 -0.011141465 -0.0199788 -0.028816134 -0.037653469 -0.054465228 -0.071550998 -0.082652336 -0.087597789 -0.092543241 -0.10011381 -0.11104351 -0.1219732 -0.12903186 -0.13116245 -0.13326429 -0.1327978 -0.13233132 -0.11780128 -0.094911655 -0.072022034 -0.074948722 -0.089802994 -0.10465727 -0.1120279 -0.11677984 -0.12143135 -0.1259019 -0.13037245 -0.14821878 -0.16643605 -0.18474526 -0.2060462 -0.22734714 -0.24917307 -0.27312985 -0.29708663 -0.28340628 -0.26571745 -0.24872644 -0.23227303 -0.21581962 -0.19935253 -0.18287892 -0.16771797 -0.15430969 -0.14090142
-0.077396606 -0.073835698 -0.07027479 -0.066713881 -0.059674377 -0.049364568 -0.040069408 -0.031463747 -0.022858085 -0.014252424 -0.02111541 -0.029952744 -0.046764503 -0.063850273 -0.080936044 -0.094083299 -0.099028752 -0.10659932 -0.11752902 -0.12329177 -0.12542236 -0.12755295 -0.12965479 -0.1291883 -0.12872182 -0.12825534 -0.1165513 -0.093661682 -0.096588369 -0.11144264 -0.11754007 -0.12229201 -0.12704395 -0.13169546 -0.13616601 -0.14063656 -0.14510711 -0.16122093 -0.17953013 -0.20083107 -0.22287887 -0.24683565 -0.27079243 -0.29474921 -0.28106886 -0.26338003 -0.2456912 -0.22857074 -0.21211733 -0.19565024 -0.17917663 -0.16270302 -0.14735112 -0.13394284
-0.082419379 -0.07885847 -0.075297562 -0.071736654 -0.068175745 -0.06241697 -0.05312181 -0.044516149 -0.035910487 -0.027304825 -0.018699164 -0.02225202 -0.039063779 -0.056149549 -0.073235319 -0.090321089 -0.10551426 -0.11308483 -0.11755168 -0.11968227 -0.12181286 -0.12394346 -0.12604529 -0.12557881 -0.12511232 -0.12464584 -0.12417936 -0.11530133 -0.11822802 -0.12305224 -0.12780418 -0.13255612 -0.13730806 -0.14195957 -0.14643012 -0.15090067 -0.15537122 -0.15984177 -0.17431501 -0.19658467 -0.22054145 -0.24449823 -0.26845501 -0.29241178 -0.27873144 -0.26104261 -0.24335378 -0.22566495 -0.20841503 -0.19194795 -0.17547434 -0.15900073 -0.14252712 -0.12698427
