P2_models/J1_p2_tot_conduct_slide_12.54.dat.tif
NCOLS 118
NROWS 92
XLLCORNER 139.62
YLLCORNER -39.07
DX 0.099491525
DY 0.099347826
NODATA_VALUE -9999
[rows 0 to 25 of 92, columns 0 to 56 of 118]
-1.2063118 -1.2044433 -1.3337822 -1.4438037 -1.5954098 -1.7125201 -1.8169862 -1.888352 -1.9215158 -1.9610678 -1.9725965 -1.9927915 -2.0046253 -2.0145744 -2.0106947 -1.984843 -1.915199 -1.8258055 -1.6775015 -1.5237515 -1.3462192 -1.1932955 -1.0773158 -1.0056124 -1.0248705 -1.0735866 -1.2128747 -1.3839469 -1.5574079 -1.7129908 -1.8191307 -1.8710954 -1.8446096 -1.7724564 -1.6444895 -1.4970531 -1.3677141 -1.2490308 -1.1652484 -1.117035 -1.0960894 -1.1007725 -1.0957979 -1.0723927 -1.0387831 -1.0143594 -0.94628622 -0.91434684 -0.87245567 -0.92061766 -0.96774522 -1.1336077 -1.2978881 -1.5189804 -1.7151777 -1.8558561 -1.9300577
-1.1344644 -1.209556 -1.338895 -1.4812643 -1.6292225 -1.7534834 -1.8546523 -1.9162889 -1.9452237 -1.9701814 -1.9822243 -1.9987074 -2.016625 -2.0481462 -2.0545142 -2.0931752 -2.0641501 -1.9696246 -1.8347272 -1.7354602 -1.5682656 -1.4594393 -1.3467259 -1.297353 -1.3122767 -1.3461242 -1.4528285 -1.5999217 -1.757861 -1.8400454 -1.9274524 -1.9189567 -1.8802576 -1.775417 -1.6446023 -1.5052691 -1.3787019 -1.2739615 -1.1969975 -1.1551777 -1.1385868 -1.1313689 -1.1286277 -1.1164422 -1.0835898 -1.02582 -0.97002455 -0.92688896 -0.90270892 -0.94057689 -0.9957345 -1.152086 -1.2947971 -1.5156663 -1.6814734 -1.8237526 -1.9043904
-1.06947 -1.1297462 -1.2590852 -1.3959097 -1.5380404 -1.6533962 -1.7479132 -1.8116422 -1.8353306 -1.861341 -1.8812393 -1.9113833 -1.9611291 -2.0240398 -2.0787601 -2.1252676 -2.1302422 -2.1218151 -2.0571457 -1.9893349 -1.8848688 -1.7891231 -1.7145044 -1.6787321 -1.6936558 -1.725934 -1.8105018 -1.8856676 -1.9602862 -2.0072622 -2.0072622 -1.967655 -1.873138 -1.7613572 -1.6147381 -1.4759382 -1.3565484 -1.2619945 -1.1991578 -1.1631153 -1.1526425 -1.1478465 -1.1478465 -1.136184 -1.1152384 -1.0793124 -1.0321849 -1.0126708 -0.99696164 -1.0453284 -1.1029288 -1.2330232 -1.3686863 -1.5369775 -1.6910383 -1.806239 -1.8885992
-0.92665746 -0.96254608 -1.0541803 -1.1910048 -1.3119234 -1.4119339 -1.4933344 -1.5637684 -1.6055888 -1.6402468 -1.6949621 -1.7251062 -1.8089973 -1.9134592 -2.0278744 -2.0918362 -2.1714294 -2.1817916 -2.1967153 -2.1488268 -2.1289285 -2.0374926 -2.0165991 -2.0405737 -2.1002686 -2.133258 -2.202902 -2.2667389 -2.2766881 -2.3042484 -2.2152297 -2.1560951 -1.9919341 -1.8793328 -1.7067872 -1.5504491 -1.4310592 -1.3413991 -1.2922964 -1.2583579 -1.2519904 -1.2447725 -1.2409851 -1.2318459 -1.2145863 -1.1936407 -1.1625789 -1.167347 -1.1708203 -1.2310121 -1.2954152 -1.4122662 -1.542545 -1.6641457 -1.8031642 -1.8712373 -1.9473234
-0.79009009 -0.77560994 -0.85520316 -0.95753004 -1.0746173 -1.1765988 -1.2585176 -1.3363514 -1.3841861 -1.4504392 -1.5181736 -1.5882626 -1.6877541 -1.8177774 -1.936047 -2.0408267 -2.1217555 -2.1857979 -2.2048811 -2.2258218 -2.2217342 -2.2105562 -2.2205054 -2.3096417 -2.3924222 -2.465634 -2.5479971 -2.6033319 -2.6149218 -2.5934236 -2.4962759 -2.3764936 -2.2086053 -2.0381113 -1.8548374 -1.7119282 -1.596759 -1.5114075 -1.4658544 -1.4292353 -1.4227411 -1.3970687 -1.3920941 -1.3602834 -1.3445742 -1.3253458 -1.3044003 -1.3212736 -1.3422192 -1.4195787 -1.4928882 -1.6076942 -1.7274355 -1.8380044 -1.9405755 -1.9980376 -2.0430688
-0.61662512 -0.58917046 -0.62896707 -0.71580931 -0.82003853 -0.92201997 -1.0215115 -1.1066095 -1.1824126 -1.264162 -1.3736027 -1.4762961 -1.6106097 -1.7432665 -1.8726055 -1.9849435 -2.0695113 -2.136124 -2.1659714 -2.1947756 -2.2295976 -2.2568747 -2.3414425 -2.4400358 -2.5743493 -2.6891666 -2.7986073 -2.8765384 -2.8914621 -2.8728393 -2.7576386 -2.6248631 -2.4457784 -2.268739 -2.0907015 -1.9478793 -1.8533623 -1.7784048 -1.74175 -1.7086511 -1.6824691 -1.6516241 -1.6118275 -1.5706638 -1.5182999 -1.4929953 -1.4720497 -1.4910238 -1.5222871 -1.6057394 -1.6977931 -1.8106031 -1.9261312 -2.0256227 -2.1144342 -2.151089 -2.1796721
-0.42981805 -0.39217318 -0.41548731 -0.48267073 -0.59264023 -0.69960149 -0.81795661 -0.95589911 -1.075952 -1.1636457 -1.2940174 -1.4446657 -1.5891906 -1.7384363 -1.8578183 -1.9381954 -1.9814678 -2.0489297 -2.05988 -2.0565283 -2.0876726 -2.1299862 -2.2306461 -2.3613877 -2.5200216 -2.7199242 -2.8934986 -2.9782232 -3.0111372 -3.0343339 -2.9325188 -2.8196321 -2.6547839 -2.49933 -2.3446077 -2.2320709 -2.1545785 -2.1043626 -2.0732094 -2.0470275 -2.0079512 -1.9651635 -1.8925714 -1.7941945 -1.7186939 -1.687445 -1.63769 -1.6479532 -1.6793716 -1.7643671 -1.8636834 -1.9782852 -2.0980266 -2.1975181 -2.2829329 -2.3231267 -2.3537957
-0.2457622 -0.1802375 -0.19516122 -0.26788943 -0.38159403 -0.52233871 -0.65665227 -0.81499558 -0.95712633 -1.1256869 -1.2848734 -1.4440598 -1.6032463 -1.7410695 -1.8455356 -1.9023734 -1.9322208 -1.9247462 -1.904649 -1.8847507 -1.9090381 -1.9644322 -2.0937711 -2.2581737 -2.4637988 -2.67857 -2.8699975 -3.0434212 -3.1162866 -3.1618518 -3.0858409 -3.0021104 -2.8578477 -2.7197445 -2.594071 -2.5244637 -2.4647687 -2.4235694 -2.3973874 -2.3544198 -2.3072922 -2.2240703 -2.134528 -2.0235967 -1.9188688 -1.8411056 -1.7835052 -1.7937684 -1.8251868 -1.9177857 -2.0172772 -2.1396575 -2.2597661 -2.3620289 -2.4533091 -2.5016253 -2.5434325
-0.059485023 0.0074322494 -0.0026748112 -0.075953949 -0.19439624 -0.34397029 -0.52802961 -0.69900158 -0.90272233 -1.0846816 -1.3085376 -1.4813153 -1.6583446 -1.802637 -1.8772557 -1.9266607 -1.8818896 -1.8564446 -1.7669022 -1.7295197 -1.7096214 -1.753318 -1.882657 -2.0470596 -2.3007629 -2.5295483 -2.7733025 -2.9627011 -3.0920401 -3.1556425 -3.1294605 -3.059422 -2.9698797 -2.8439293 -2.7610056 -2.7092851 -2.6943613 -2.6612756 -2.6508028 -2.6047673 -2.5370341 -2.4441828 -2.3208051 -2.1980571 -2.0554721 -1.9718592 -1.9014808 -1.9117439 -1.9431623 -2.0415522 -2.1476712 -2.2767881 -2.4025786 -2.5131247 -2.60854 -2.6713768 -2.717674
0.065212742 0.14972808 0.14494596 0.071508913 -0.046933379 -0.20830828 -0.40183487 -0.61701505 -0.84127849 -1.0697016 -1.318509 -1.5269963 -1.7126318 -1.8801488 -1.9547674 -1.9779963 -1.9120435 -1.8346156 -1.7126907 -1.6291653 -1.5817732 -1.6054765 -1.7320892 -1.880801 -2.1316533 -2.3867084 -2.6391684 -2.8569057 -2.995103 -3.091942 -3.0804492 -3.0411212 -2.9643511 -2.8784524 -2.808482 -2.7884485 -2.7843056 -2.7755217 -2.7692475 -2.7272493 -2.6575497 -2.5473177 -2.4190272 -2.2817157 -2.1350966 -2.0483035 -1.9771973 -2.003687 -2.0364137 -2.1560716 -2.2660359 -2.4085114 -2.5389284 -2.6535445 -2.7557489 -2.8247468 -2.8810001
0.1440103 0.23181367 0.24176283 0.17658002 0.058137726 -0.096661086 -0.30559329 -0.53656578 -0.78766344 -1.0532922 -1.3268939 -1.5800041 -1.7939108 -1.9696479 -2.0442665 -2.0674953 -1.9829276 -1.8748556 -1.7256183 -1.5955168 -1.5258727 -1.5085507 -1.6179913 -1.753551 -2.0022798 -2.247958 -2.5066359 -2.7312844 -2.8755471 -2.9810938 -2.9810938 -2.9590048 -2.8943353 -2.8372133 -2.7953221 -2.7777547 -2.7877039 -2.7935598 -2.7935598 -2.7567801 -2.6834706 -2.5727462 -2.433458 -2.294015 -2.1473959 -2.067179 -2.0095786 -2.0471997 -2.1048001 -2.235126 -2.3712723 -2.5197597 -2.6655477 -2.7822595 -2.887931 -2.9612405 -3.024675
0.088127144 0.18448994 0.21071663 0.14553382 0.054339563 -0.08737553 -0.28696557 -0.52207009 -0.78738083 -1.0607839 -1.3741822 -1.629678 -1.8695789 -2.0652908 -2.1548332 -2.1792617 -2.0946939 -1.9836896 -1.814554 -1.6783528 -1.5788612 -1.5582246 -1.6399915 -1.7489068 -1.957839 -2.1945763 -2.4184322 -2.6357516 -2.7551414 -2.8554276 -2.8397184 -2.8161923 -2.7515228 -2.6944008 -2.660515 -2.6486361 -2.6635191 -2.669375 -2.669375 -2.6325953 -2.5592858 -2.4528072 -2.3216917 -2.1933706 -2.0666758 -2.0080362 -1.9785324 -2.0446832 -2.129637 -2.2854622 -2.4395739 -2.600408 -2.752477 -2.8740778 -2.9807185 -3.0487917 -3.1116043
-0.054655967 0.037873089 0.070074406 0.033907336 -0.050854761 -0.17514048 -0.36952165 -0.56697685 -0.82708191 -1.1093912 -1.4227895 -1.7075077 -1.9562365 -2.1584294 -2.2479717 -2.3039327 -2.2259031 -2.1148989 -1.9457633 -1.8009275 -1.701436 -1.6416382 -1.7112823 -1.7910331 -1.9999653 -2.1597352 -2.3590368 -2.555575 -2.6749648 -2.7280024 -2.7122932 -2.6636583 -2.5989888 -2.538856 -2.5074376 -2.4955587 -2.5107949 -2.5225068 -2.523138 -2.4889676 -2.4156581 -2.3091795 -2.1810005 -2.0771992 -1.9579267 -1.9078732 -1.9081325 -1.994194 -2.1236105 -2.2940967 -2.4845477 -2.6492667 -2.8199635 -2.9415642 -3.0511737 -3.1192468 -3.1693693
-0.27619823 -0.18704557 -0.14724896 -0.16786116 -0.22471346 -0.33451999 -0.49370643 -0.69116164 -0.93278391 -1.2001134 -1.5035626 -1.7905425 -2.0492205 -2.2571005 -2.3715158 -2.4281174 -2.363448 -2.2649254 -2.1007644 -1.9532966 -1.8388813 -1.7701134 -1.7949863 -1.8623783 -2.0165901 -2.1721537 -2.3313401 -2.4797676 -2.5494116 -2.5937807 -2.5518896 -2.4999203 -2.4253017 -2.3649973 -2.3335789 -2.3232472 -2.3431455 -2.3564614 -2.3616978 -2.3275274 -2.2542179 -2.1501339 -2.0257695 -1.9219682 -1.8329495 -1.8136489 -1.8398309 -1.9603094 -2.1174013 -2.3113744 -2.5155939 -2.6934747 -2.8696374 -2.9912381 -3.0989792 -3.1513432 -3.1960331
-0.62147677 -0.53748706 -0.50038755 -0.51714784 -0.5549858 -0.61948883 -0.74238849 -0.91125209 -1.1078994 -1.3555507 -1.6238954 -1.911976 -2.1589481 -2.3529904 -2.4674057 -2.5288252 -2.4763148 -2.3836538 -2.2277005 -2.0740692 -1.9471897 -1.8734694 -1.8816468 -1.897579 -2.0007138 -2.140057 -2.2475562 -2.3729206 -2.4076997 -2.4453701 -2.3904494 -2.342477 -2.2797378 -2.2194334 -2.2037976 -2.2205772 -2.2547216 -2.2728964 -2.2851421 -2.2535988 -2.1833211 -2.0827324 -1.961082 -1.8633735 -1.7795799 -1.7785407 -1.811142 -1.9451072 -2.1055331 -2.3162021 -2.5240042 -2.7084734 -2.8849903 -2.9956403 -3.0993845 -3.1427766 -3.1753904
-0.96399296 -0.92078869 -0.88596665 -0.88815612 -0.91658227 -0.94920124 -1.0536673 -1.1653146 -1.3453469 -1.5268027 -1.7819665 -2.0321063 -2.2659114 -2.4337351 -2.5464705 -2.60789 -2.5581442 -2.4772967 -2.3235225 -2.1723191 -2.0415146 -1.9456036 -1.9306799 -1.9206301 -2.009245 -2.0943 -2.1886631 -2.2634385 -2.2898265 -2.3016476 -2.2460781 -2.1996564 -2.1420167 -2.1021014 -2.1021014 -2.1547507 -2.1945473 -2.240376 -2.2560852 -2.2377315 -2.1696584 -2.0751916 -1.9558018 -1.8541955 -1.7756496 -1.7720665 -1.8139576 -1.9416924 -2.109257 -2.3115056 -2.5314342 -2.7088289 -2.8893196 -2.9962474 -3.0867212 -3.1253336 -3.1458287
-1.3451705 -1.3183406 -1.3183406 -1.3197332 -1.3292086 -1.3554299 -1.4002011 -1.4935816 -1.6072862 -1.7652375 -1.9492968 -2.1682811 -2.357315 -2.5132133 -2.6027557 -2.6542523 -2.6045065 -2.5236591 -2.3744218 -2.2253047 -2.0810419 -1.9783035 -1.9335324 -1.9140069 -1.9587781 -2.021445 -2.0811399 -2.1375979 -2.1425725 -2.1426911 -2.1007999 -2.0605695 -2.0356966 -2.0125358 -2.0596634 -2.1225771 -2.2071449 -2.2681614 -2.3257617 -2.3197472 -2.2726197 -2.1830669 -2.0736263 -1.970252 -1.8759969 -1.866835 -1.8934359 -2.0111745 -2.1556194 -2.3455078 -2.5446806 -2.7102961 -2.8760732 -2.9755647 -3.0602285 -3.0811741 -3.0928432
-1.6082076 -1.6062908 -1.6319239 -1.6560407 -1.6582508 -1.6770024 -1.7015557 -1.7235492 -1.7992812 -1.9378557 -2.1005334 -2.24383 -2.418519 -2.5445571 -2.6279273 -2.659029 -2.6092832 -2.5284358 -2.3806398 -2.2363771 -2.0907239 -1.9720078 -1.9205384 -1.8831528 -1.9201911 -1.93917 -1.9775049 -2.0228905 -2.026678 -2.0161517 -1.9786521 -1.9529173 -1.9391423 -1.9614104 -2.0273693 -2.1205685 -2.2289409 -2.3375495 -2.4181739 -2.4493247 -2.4243987 -2.3574741 -2.2593581 -2.1640276 -2.0679072 -2.0545932 -2.0514371 -2.155487 -2.2554692 -2.4337832 -2.5767886 -2.7376227 -2.85857 -2.9543259 -3.0104871 -3.0301115 -3.0326539
-1.8072649 -1.8690753 -1.9138464 -1.9296461 -1.9249084 -1.914572 -1.914572 -1.9275982 -1.9749751 -2.0399615 -2.1593514 -2.2872793 -2.4315421 -2.5453484 -2.6149925 -2.649457 -2.5997112 -2.5249025 -2.3806398 -2.2382357 -2.0889984 -1.9630153 -1.8933712 -1.8430867 -1.8580104 -1.8736265 -1.9034739 -1.9221535 -1.9221535 -1.9155746 -1.8893926 -1.8777937 -1.8877428 -1.9273615 -2.026853 -2.15531 -2.2995727 -2.4398129 -2.5497772 -2.6142751 -2.6090387 -2.5606192 -2.4710769 -2.3779882 -2.2784967 -2.2285865 -2.2128773 -2.2646774 -2.3536961 -2.4694466 -2.6055929 -2.7145964 -2.8323179 -2.8939591 -2.9478262 -2.9635354 -2.9677947
-1.9066127 -1.9757868 -2.0380312 -2.0538309 -2.0490932 -2.0300821 -1.9952921 -1.9996908 -2.0091662 -2.0665449 -2.1511127 -2.2748609 -2.3990617 -2.5018838 -2.5715278 -2.6074473 -2.5726253 -2.5018022 -2.3774378 -2.2393856 -2.105072 -1.981643 -1.911999 -1.8605879 -1.8556134 -1.8667249 -1.8816487 -1.8967768 -1.8818531 -1.8721099 -1.8459279 -1.8354855 -1.8553838 -1.8963153 -2.0087117 -2.1487507 -2.3228609 -2.4739504 -2.6304973 -2.7115633 -2.7580604 -2.7205849 -2.657354 -2.5681163 -2.4771923 -2.4128926 -2.3743175 -2.3945361 -2.4468347 -2.5224591 -2.6242206 -2.6912412 -2.782644 -2.8213352 -2.867054 -2.8775268 -2.8824402
-1.9053856 -1.9937284 -2.0598738 -2.0859912 -2.0791545 -2.0551636 -2.0194674 -1.9981454 -2.0049407 -2.0409606 -2.1249835 -2.2149708 -2.3345823 -2.4407221 -2.5108784 -2.5649335 -2.5397788 -2.4769653 -2.3530843 -2.2500038 -2.1157995 -2.0215072 -1.9518631 -1.9075309 -1.9025563 -1.9002851 -1.9108334 -1.9179521 -1.9030283 -1.8746575 -1.8481091 -1.8238754 -1.8427081 -1.8775531 -1.9901995 -2.1150958 -2.2873717 -2.4456964 -2.6037184 -2.7108772 -2.7702557 -2.766964 -2.7189402 -2.6710152 -2.5839685 -2.5231032 -2.4759756 -2.4887276 -2.5007716 -2.5625067 -2.6034106 -2.6638566 -2.7011155 -2.7398066 -2.7580187 -2.7684915 -2.7778138
-1.8585899 -1.9529743 -2.0226183 -2.0436937 -2.0294806 -2.0033809 -1.9635843 -1.9422622 -1.9422622 -1.9696448 -2.0442634 -2.135707 -2.2600714 -2.3704275 -2.4549953 -2.5090504 -2.4991012 -2.4612544 -2.371712 -2.2761488 -2.1716827 -2.0797944 -2.0200995 -1.9758325 -1.9708579 -1.9685867 -1.9735613 -1.9706868 -1.9408393 -1.9076552 -1.8605276 -1.8290549 -1.8240803 -1.8515069 -1.9405256 -2.0598836 -2.21907 -2.3792977 -2.541626 -2.6606636 -2.7392095 -2.7574663 -2.737568 -2.6896429 -2.6215697 -2.5665679 -2.5194403 -2.506008 -2.5007716 -2.5203726 -2.5413182 -2.5689609 -2.5955584 -2.6124113 -2.6294681 -2.6504136 -2.6709942
-1.7482915 -1.8375061 -1.9003638 -1.9209364 -1.9144537 -1.8978028 -1.8659959 -1.8490726 -1.8573841 -1.8855197 -1.9647349 -2.0564298 -2.1777569 -2.2888629 -2.3828273 -2.4433061 -2.4523535 -2.4268535 -2.366111 -2.2795771 -2.1993652 -2.1079796 -2.0621999 -2.0385982 -2.0435287 -2.0426092 -2.0525583 -2.0471549 -2.0123329 -1.9728005 -1.9055158 -1.8591931 -1.8169712 -1.8431409 -1.8955679 -1.9556883 -2.0637833 -2.2070278 -2.3357501 -2.4534173 -2.5282353 -2.5573377 -2.5476699 -2.5119303 -2.4570919 -2.4101339 -2.3686781 -2.3534863 -2.3482499 -2.3564078 -2.3735728 -2.3846432 -2.4064374 -2.4285466 -2.4549616 -2.5121813 -2.5512313
-1.6587392 -1.7336606 -1.7933555 -1.8153458 -1.8121192 -1.824439 -1.7976152 -1.7948198 -1.8066662 -1.8374108 -1.9149367 -2.0081909 -2.1275808 -2.2147854 -2.3024903 -2.3648886 -2.3712792 -2.3594572 -2.2997623 -2.2400674 -2.1656257 -2.099113 -2.0642909 -2.0574679 -2.0680008 -2.0783821 -2.0926525 -2.0960975 -2.0672405 -2.025379 -1.9587822 -1.8918716 -1.8427286 -1.8232025 -1.8546208 -1.8595531 -1.950014 -2.0301166 -2.1422624 -2.2101572 -2.2816517 -2.2974491 -2.2924745 -2.2657687 -2.2186411 -2.1869282 -2.1502735 -2.1459469 -2.1407105 -2.162829 -2.1733018 -2.1977352 -2.2096962 -2.2474565 -2.2857278 -2.3546616 -2.4369498
-1.5800739 -1.6465615 -1.7012818 -1.731076 -1.7500268 -1.7623466 -1.7673212 -1.776192 -1.8046182 -1.84362 -1.9132641 -1.9984368 -2.0929537 -2.17753 -2.2421995 -2.2903778 -2.2854032 -2.2663186 -2.2066237 -2.1469288 -2.0872339 -2.0326303 -2.0177066 -2.0140032 -2.0388761 -2.0597544 -2.0846273 -2.0960975 -2.0811737 -2.050216 -1.9873792 -1.9229178 -1.8582483 -1.8220475 -1.801102 -1.80367 -1.838492 -1.8935134 -1.9458773 -1.9928338 -2.008543 -2.0112129 -1.98634 -1.955561 -1.9136698 -1.8848567 -1.8639111 -1.8639214 -1.8737132 -1.9041949 -1.9373507 -1.9725113 -2.0047913 -2.0600644 -2.1180784 -2.2123335 -2.312765
-1.5490277 -1.6065275 -1.6612479 -1.6950366 -1.7357529 -1.7892335 -1.8198619 -1.8423214 -1.8797812 -1.9157437 -1.9715793 -2.0497615 -2.1215648 -2.1431326 -2.1580487 -2.1857817 -2.1483651 -2.1216194 -2.0509579 -1.9927672 -1.9367787 -1.8901643 -1.8785177 -1.886166 -1.922463 -1.9540944 -1.9982618 -2.020533 -2.0290678 -2.0126309 -1.9809526 -1.9242864 -1.8736627 -1.823481 -1.7981713 -1.7758051 -1.7826089 -1.798796 -1.8144847 -1.8195605 -1.8068514 -1.7720321 -1.726768 -1.6798088 -1.6292608 -1.6014464 -1.5805008 -1.6034669 -1.6200328 -1.679618 -1.7207478 -1.796903 -1.8376459 -1.9281079 -2.0003251 -2.122843 -2.2434318
