P2_models/J1_p2__17.tif
NCOLS 207
NROWS 117
XLLCORNER 136.61533
YLLCORNER -40.071139
DX 0.099620926
DY 0.099781804
NODATA_VALUE -9999
[rows 84 to 111 of 117, columns 64 to 127 of 207]
-2.4644555 -2.5541004 -2.6636834 -2.7511035 -2.8140219 -2.8304164 -2.7884707 -2.6971185 -2.5576492 -2.3813512 -2.1611365 -1.9436653 -1.7234507 -1.551105 -1.399052 -1.33967 -1.3082107 -1.385054 -1.4794317 -1.6699572 -1.8686418 -2.0626404 -2.2479786 -2.384302 -2.4931441 -2.5484891 -2.5543777 -2.5281616 -2.4624243 -2.3890194 -2.2929539 -2.1988674 -2.0757463 -1.9534217 -1.8030986 -1.6607639 -1.4891945 -1.3453805 -1.2236216 -1.1585081 -1.1363701 -1.1895707 -1.2640982 -1.3576401 -1.4553182 -1.5272667 -1.5876414 -1.6169417 -1.6606035 -1.7048795 -1.8156199 -1.9386737 -2.1437756 -2.337965 -2.5095343 -2.625466 -2.6840666 -2.6365734 -2.5590905 -2.4307402 -2.32499 -2.2781095 -2.2974184 -2.3911793
-2.6495399 -2.6629159 -2.6828401 -2.7425045 -2.7267749 -2.7222551 -2.6288198 -2.530017 -2.3713898 -2.2009408 -1.9948335 -1.7895427 -1.5904083 -1.432675 -1.2992702 -1.2501149 -1.2283853 -1.3169145 -1.4195626 -1.6333663 -1.8433945 -2.084582 -2.2863406 -2.4646096 -2.5759707 -2.6150103 -2.5909836 -2.5015531 -2.3833514 -2.2293685 -2.0836099 -1.9394348 -1.8206955 -1.7006412 -1.6324795 -1.5247324 -1.485991 -1.3841642 -1.3500119 -1.2874662 -1.2694125 -1.3073638 -1.3239673 -1.3563342 -1.4275084 -1.4717844 -1.5348651 -1.5903332 -1.6603992 -1.7381401 -1.8688944 -2.0051949 -2.2102968 -2.4033243 -2.5694034 -2.6901238 -2.7572399 -2.7251683 -2.6588723 -2.530522 -2.4247718 -2.3354479 -2.2864546 -2.3113538
-2.7036263 -2.6441334 -2.6328207 -2.6295764 -2.5933451 -2.5488895 -2.4565881 -2.352438 -2.2084957 -2.0575967 -1.8726691 -1.7040013 -1.5214364 -1.3760345 -1.2508545 -1.1764664 -1.1593724 -1.2007613 -1.3108687 -1.4967136 -1.7221376 -1.9701815 -2.2054372 -2.4042987 -2.5504132 -2.6056918 -2.5628236 -2.4574321 -2.2785132 -2.0906818 -1.8823332 -1.7030967 -1.5959393 -1.4870553 -1.4889573 -1.4485026 -1.4822032 -1.478269 -1.4818065 -1.4665999 -1.4520198 -1.4605291 -1.4463476 -1.4434491 -1.478234 -1.5225099 -1.5833982 -1.6549642 -1.7533062 -1.8506209 -1.9860941 -2.1363905 -2.3409376 -2.4953596 -2.6468888 -2.7589681 -2.8269185 -2.8096252 -2.7542803 -2.6261757 -2.5055298 -2.3894762 -2.2548809 -2.2296073
-2.5968273 -2.5314758 -2.4916274 -2.4405979 -2.3829227 -2.3164515 -2.2273169 -2.1364174 -2.0218533 -1.9354332 -1.7938666 -1.6523 -1.5107334 -1.3971124 -1.2765186 -1.1999009 -1.13552 -1.1523396 -1.1789136 -1.3459653 -1.5155569 -1.7672308 -2.0047415 -2.219713 -2.4001943 -2.4776772 -2.4665966 -2.3460029 -2.1693443 -1.9386432 -1.7167893 -1.4954095 -1.3874327 -1.3109262 -1.3423855 -1.4003429 -1.4888948 -1.581566 -1.636911 -1.6696919 -1.6641574 -1.6453962 -1.616832 -1.6046429 -1.6049787 -1.6492547 -1.723032 -1.8167929 -1.9281711 -2.0497413 -2.1887232 -2.3188729 -2.4829544 -2.6186288 -2.7514567 -2.830602 -2.8892026 -2.8703432 -2.8382635 -2.7107118 -2.5782022 -2.4199807 -2.2795268 -2.1562214
-2.4029422 -2.3252601 -2.2637619 -2.2011216 -2.1573438 -2.0969315 -2.0538672 -1.9805297 -1.9456624 -1.9074223 -1.8654766 -1.7351769 -1.6565288 -1.546226 -1.4099026 -1.3008772 -1.1488242 -1.1112151 -1.032567 -1.142083 -1.2428199 -1.4756588 -1.698744 -1.9477428 -2.1474137 -2.2812613 -2.2915736 -2.2181687 -2.0515977 -1.831383 -1.6103554 -1.3889756 -1.2975253 -1.244405 -1.3249713 -1.4269514 -1.5762191 -1.7013042 -1.8107075 -1.8587723 -1.8698413 -1.8496026 -1.8163956 -1.8134415 -1.8244987 -1.8936585 -1.9864423 -2.1094862 -2.219558 -2.3357824 -2.4462602 -2.5250887 -2.628771 -2.7184106 -2.7853431 -2.842135 -2.8958547 -2.8903629 -2.8848284 -2.7717521 -2.6513755 -2.4664592 -2.3014542 -2.0963523
-2.1984027 -2.1249461 -2.0690452 -2.017363 -1.9870595 -1.9676842 -1.9524039 -1.9572892 -1.959585 -1.9663154 -1.9599667 -1.9329449 -1.8721911 -1.7449463 -1.6056086 -1.382218 -1.220316 -1.0060468 -0.92650405 -0.88724995 -0.97748759 -1.1651853 -1.4048796 -1.6815343 -1.925348 -2.101654 -2.1691488 -2.1208104 -1.987139 -1.7786607 -1.5846641 -1.367585 -1.3070955 -1.2614653 -1.3784356 -1.4990072 -1.6825294 -1.8321843 -1.9477312 -2.0116739 -2.0268213 -2.0044065 -1.9963752 -2.0419134 -2.065594 -2.179947 -2.2786325 -2.4092198 -2.486189 -2.5904918 -2.5763845 -2.6537561 -2.7134 -2.6556327 -2.6777961 -2.7404741 -2.7962805 -2.8554976 -2.8508258 -2.7912138 -2.6625619 -2.4750401 -2.2402659 -2.0230553
-2.0224932 -1.9550799 -1.9052694 -1.8652776 -1.8443047 -1.8425296 -1.8582592 -1.9037769 -1.9585684 -2.029157 -2.081589 -2.1073057 -2.0915761 -1.9868042 -1.8347512 -1.5929997 -1.3413258 -1.0889073 -0.86344938 -0.77620056 -0.74364295 -0.91107292 -1.1090124 -1.3973665 -1.6734807 -1.8893261 -2.0103307 -2.0103307 -1.9213699 -1.7483441 -1.5782807 -1.3956423 -1.343616 -1.3169417 -1.4352312 -1.561902 -1.7539982 -1.9150448 -2.0368037 -2.1055824 -2.1332549 -2.14 -2.1465005 -2.2155093 -2.2866336 -2.4219797 -2.5513872 -2.6920286 -2.7525512 -2.8023616 -2.7397454 -2.6949737 -2.618793 -2.5187224 -2.5021189 -2.5334793 -2.5979399 -2.6788895 -2.7397689 -2.7110059 -2.6244038 -2.4368821 -2.1984819 -1.9289194
-1.9486309 -1.8912509 -1.8464215 -1.8086162 -1.7928866 -1.7960114 -1.8327138 -1.8932192 -1.9928402 -2.0899764 -2.2158133 -2.2676122 -2.3043147 -2.2028848 -2.0556966 -1.7809579 -1.4767439 -1.1628538 -0.86344938 -0.70427839 -0.61535206 -0.73070261 -0.90232154 -1.1854547 -1.464676 -1.7303318 -1.8798569 -1.9480186 -1.8898741 -1.7839805 -1.6351403 -1.4882968 -1.4437144 -1.4238508 -1.5287149 -1.6474293 -1.8023951 -1.946487 -2.0405735 -2.1055824 -2.1332549 -2.1576499 -2.1963914 -2.3139498 -2.4220517 -2.5880866 -2.7257761 -2.8371172 -2.8518938 -2.8094889 -2.6499307 -2.4954101 -2.3163404 -2.1425837 -2.0651007 -2.0948674 -2.1916854 -2.3237615 -2.4475508 -2.4829966 -2.4319675 -2.2619989 -2.0144283 -1.7151012
-1.9926656 -1.9349359 -1.8722369 -1.8235721 -1.7795741 -1.77 -1.7853724 -1.8501227 -1.947056 -2.0741589 -2.2155997 -2.3145737 -2.3681899 -2.307699 -2.1722838 -1.9067459 -1.5944363 -1.2487358 -0.92038209 -0.70937739 -0.58419838 -0.65995754 -0.80733997 -1.07091 -1.3484672 -1.614123 -1.7947377 -1.8773803 -1.8694159 -1.7818954 -1.6806896 -1.5509892 -1.5210993 -1.5026978 -1.5842698 -1.6872285 -1.7968689 -1.910885 -1.9775078 -2.024847 -2.046572 -2.0826154 -2.1358138 -2.2746083 -2.4026789 -2.5687138 -2.6908135 -2.7614418 -2.691283 -2.6003752 -2.3174555 -2.0998995 -1.8641757 -1.6158283 -1.5349568 -1.5758491 -1.6970297 -1.9067525 -2.0673027 -2.1700182 -2.1472512 -1.985152 -1.7315353 -1.4199172
-2.1001566 -2.0371735 -1.9674389 -1.8837936 -1.8261183 -1.7647466 -1.7647466 -1.789549 -1.8841888 -1.9946752 -2.1519714 -2.264496 -2.3431441 -2.3090871 -2.2036349 -1.9599523 -1.6663175 -1.3310064 -0.994095 -0.78370605 -0.62061949 -0.68878117 -0.78914534 -1.0460625 -1.2865053 -1.5521611 -1.7135135 -1.8131344 -1.8088421 -1.7518318 -1.6852383 -1.5856174 -1.5599549 -1.5583599 -1.637008 -1.7148834 -1.8089698 -1.8706199 -1.9148958 -1.926464 -1.9351204 -1.9715791 -2.0239819 -2.1628382 -2.3046376 -2.4706725 -2.5507454 -2.5859057 -2.4875019 -2.2973401 -1.9760833 -1.6231519 -1.3008489 -1.0489993 -0.96598182 -1.0373904 -1.1956118 -1.4173038 -1.6738737 -1.7872961 -1.8346658 -1.6823043 -1.4304387 -1.100303
-2.2521634 -2.1835202 -2.0646919 -1.963619 -1.8277655 -1.7393292 -1.6764107 -1.684065 -1.7438376 -1.8475813 -1.9996343 -2.1212133 -2.2365639 -2.2213975 -2.1637222 -1.9460088 -1.6995781 -1.3927396 -1.0938768 -0.8943106 -0.74035765 -0.78244096 -0.86897078 -1.072727 -1.291299 -1.4960753 -1.6415486 -1.7149535 -1.7153609 -1.6786585 -1.6289486 -1.565661 -1.5533338 -1.565012 -1.6354861 -1.7082313 -1.7629878 -1.807145 -1.807145 -1.8042596 -1.7821216 -1.8134029 -1.8576788 -1.9855621 -2.1183782 -2.2371462 -2.294939 -2.2480586 -2.1095341 -1.8383438 -1.4816303 -1.0843302 -0.7533185 -0.49766969 -0.45339373 -0.54613218 -0.76987613 -1.0224486 -1.3213113 -1.4599232 -1.5220744 -1.375573 -1.1208844 -0.78100122
-2.3614247 -2.2507786 -2.1001024 -1.9583281 -1.7796436 -1.6515276 -1.5549631 -1.5369719 -1.5787139 -1.6799593 -1.8290942 -1.9662233 -2.0864372 -2.1219504 -2.0837277 -1.9469004 -1.7238113 -1.4951566 -1.209908 -1.0619711 -0.90362762 -0.92618056 -0.98305123 -1.1230719 -1.2940623 -1.436776 -1.5447249 -1.5880894 -1.5948839 -1.5581815 -1.5355026 -1.4910418 -1.5343082 -1.5508 -1.6338893 -1.697828 -1.7432005 -1.7643461 -1.7475013 -1.7194529 -1.6858151 -1.7139028 -1.7324966 -1.8068993 -1.9216893 -1.9814768 -2.0156627 -1.9273918 -1.7184726 -1.4356786 -1.0734584 -0.67857111 -0.35959112 -0.17847344 -0.17496257 -0.29418829 -0.54499123 -0.83829918 -1.1391867 -1.2819627 -1.3457107 -1.1962777 -0.94266103 -0.60686042
-2.3762315 -2.2679596 -2.1085661 -1.9404061 -1.7472162 -1.5880991 -1.4733931 -1.4283525 -1.4582388 -1.5414645 -1.6882742 -1.8255191 -1.951356 -1.9999098 -1.9946666 -1.8944367 -1.7318973 -1.5492677 -1.3238098 -1.2016192 -1.0838276 -1.1031262 -1.1324036 -1.2427995 -1.339084 -1.4412559 -1.4819409 -1.4976706 -1.4840551 -1.4473527 -1.4460411 -1.4294376 -1.5054213 -1.5662491 -1.6636753 -1.7425196 -1.7895868 -1.8051979 -1.7771988 -1.729938 -1.6801275 -1.6805427 -1.6824874 -1.7335625 -1.799211 -1.8331697 -1.8190447 -1.700216 -1.4770951 -1.1726978 -0.83781765 -0.45768252 -0.18812001 -0.058009328 -0.08058528 -0.22536736 -0.50664997 -0.791737 -1.1016688 -1.2251959 -1.2830838 -1.1307224 -0.898473 -0.57030994
-2.2818381 -2.1748299 -2.0154364 -1.8472765 -1.658521 -1.5016215 -1.3967574 -1.3551792 -1.3850655 -1.4681669 -1.6097335 -1.7463043 -1.8773844 -1.9311247 -1.9468543 -1.8637065 -1.7518537 -1.5982023 -1.4368959 -1.340177 -1.2567827 -1.2725124 -1.2987066 -1.3563819 -1.4189094 -1.4521164 -1.4658344 -1.4343752 -1.4116796 -1.3802203 -1.3929068 -1.4227855 -1.5294462 -1.6394224 -1.7600162 -1.8622578 -1.9176027 -1.9382403 -1.9050334 -1.8541012 -1.7876873 -1.7644945 -1.7423565 -1.7675087 -1.799211 -1.7936765 -1.7525234 -1.6118821 -1.3895072 -1.1127824 -0.80843146 -0.49094312 -0.29604112 -0.19105173 -0.25746568 -0.41714107 -0.68670358 -0.9551048 -1.2280591 -1.3242192 -1.3569385 -1.2104371 -0.9863067 -0.70335235
-1.9957436 -1.9346141 -1.8253686 -1.6791248 -1.553629 -1.4243773 -1.3719308 -1.351591 -1.4108583 -1.4964581 -1.6416103 -1.7622834 -1.8778676 -1.922168 -1.9300592 -1.8626791 -1.7589509 -1.6443996 -1.5038264 -1.4479168 -1.3801435 -1.4011164 -1.4217323 -1.4598171 -1.4990918 -1.5063891 -1.5091603 -1.4810996 -1.4750157 -1.466853 -1.5345753 -1.5988959 -1.7652282 -1.9022203 -2.0542733 -2.1667107 -2.2271612 -2.2415563 -2.1922034 -2.1247151 -2.0434636 -2.0086472 -1.9477678 -1.9289241 -1.9404929 -1.9031882 -1.854265 -1.7177405 -1.5332606 -1.2877536 -1.0656467 -0.78920873 -0.63196807 -0.57556546 -0.64197941 -0.77215902 -1.0008891 -1.1880695 -1.423487 -1.4670006 -1.490303 -1.3617971 -1.1939684 -0.94790029
-1.6303713 -1.6367533 -1.5641888 -1.4876864 -1.4052522 -1.3576128 -1.3417796 -1.3783061 -1.4552399 -1.5567038 -1.7020878 -1.8011411 -1.9041934 -1.9139437 -1.9139437 -1.8330731 -1.7386954 -1.6361753 -1.5208248 -1.4799497 -1.4423884 -1.4734064 -1.5014974 -1.5442745 -1.5833932 -1.5949576 -1.6164416 -1.5970603 -1.6533142 -1.664548 -1.7963293 -1.9070193 -2.1074966 -2.2875649 -2.4396179 -2.5677234 -2.6107408 -2.608148 -2.5411654 -2.4297237 -2.3345948 -2.2656212 -2.1754295 -2.1280955 -2.1067582 -2.0631722 -2.0059604 -1.8798872 -1.7393264 -1.5290155 -1.3636623 -1.1548891 -1.0435481 -0.98609639 -1.0375032 -1.1029361 -1.290417 -1.3978123 -1.5638472 -1.5837763 -1.5801099 -1.4687198 -1.3849952 -1.1798933
-1.2471229 -1.2633636 -1.2534015 -1.2489702 -1.2384837 -1.2606746 -1.3183499 -1.406725 -1.521289 -1.6446415 -1.7809649 -1.8755014 -1.9384198 -1.9287549 -1.8868093 -1.7908871 -1.6807798 -1.5782966 -1.4786821 -1.4473432 -1.4299124 -1.471858 -1.5177562 -1.5701883 -1.6228619 -1.6671378 -1.7143277 -1.7562733 -1.8460891 -1.9561965 -2.13987 -2.3391118 -2.5630065 -2.7845781 -2.9366311 -3.061893 -3.0784965 -3.0426364 -2.9319465 -2.7906374 -2.6356715 -2.5049486 -2.3882931 -2.321253 -2.2597397 -2.2099293 -2.149156 -2.0553951 -1.9335694 -1.795207 -1.6658195 -1.5372562 -1.4552154 -1.4022679 -1.4133369 -1.4407935 -1.5052541 -1.562461 -1.6134789 -1.6130489 -1.5922402 -1.5219196 -1.4452649 -1.3573641
-0.91125319 -0.97732246 -1.029896 -1.0826671 -1.1439385 -1.2207619 -1.3210686 -1.4333334 -1.5609789 -1.6737471 -1.7743128 -1.8688492 -1.8798071 -1.8520675 -1.7681761 -1.6607941 -1.5297139 -1.4281221 -1.3389875 -1.3141659 -1.3101742 -1.366676 -1.4312786 -1.5142896 -1.5962534 -1.6960171 -1.7741968 -1.9189751 -2.0485927 -2.2688074 -2.5323124 -2.7781518 -3.0077424 -3.2435744 -3.3717606 -3.4610202 -3.4184455 -3.3286776 -3.1360864 -2.9555874 -2.7120696 -2.5509751 -2.3683367 -2.2857388 -2.1932185 -2.1499912 -2.1124519 -2.0686993 -1.9531817 -1.8923023 -1.7889687 -1.7168635 -1.6377419 -1.5885273 -1.5448258 -1.4880339 -1.4719935 -1.5058737 -1.4671323 -1.458413 -1.4259372 -1.409415 -1.3646227 -1.3763428
-0.67128687 -0.82676277 -0.93470402 -1.0297421 -1.1373833 -1.2347253 -1.3448326 -1.4426294 -1.5589297 -1.6417175 -1.7195301 -1.7363037 -1.73785 -1.6719702 -1.5864485 -1.4746964 -1.3436162 -1.2636033 -1.1744688 -1.1703793 -1.1705873 -1.2419278 -1.3231395 -1.4362225 -1.5605634 -1.7000316 -1.8722042 -2.040963 -2.2786579 -2.5087687 -2.7954431 -3.0778056 -3.3022782 -3.5270956 -3.5769486 -3.6290252 -3.4906363 -3.3230637 -3.076127 -2.7972535 -2.5415389 -2.3440613 -2.1290341 -2.0226925 -1.9372729 -1.9201602 -1.9121296 -1.9056424 -1.9169837 -1.8632373 -1.8475579 -1.7755437 -1.699363 -1.6297422 -1.5515168 -1.4623515 -1.3993178 -1.3266867 -1.2879452 -1.274009 -1.261394 -1.276727 -1.347938 -1.3651978
-0.57125043 -0.73879901 -0.87826831 -1.0122147 -1.1432949 -1.2561071 -1.3662144 -1.4489203 -1.5335981 -1.5808448 -1.6123041 -1.5959401 -1.5539944 -1.4734127 -1.3685485 -1.258854 -1.1382602 -1.0671369 -0.99897524 -1.0011196 -1.0129147 -1.0850952 -1.1643274 -1.2901644 -1.4293392 -1.6064431 -1.8083133 -2.0337712 -2.2974459 -2.5910655 -2.8918797 -3.2073459 -3.4150466 -3.6010763 -3.6113052 -3.577688 -3.3835122 -3.1296338 -2.808633 -2.476369 -2.1442993 -1.8875681 -1.6558453 -1.5578321 -1.4850359 -1.4885094 -1.5263358 -1.5790763 -1.6451413 -1.6838828 -1.7134243 -1.7180534 -1.6653129 -1.6144816 -1.5093262 -1.3991273 -1.2819262 -1.1939389 -1.1109214 -1.1014281 -1.1112239 -1.1756845 -1.2509197 -1.3271004
-0.63122777 -0.81979409 -0.98416862 -1.1245729 -1.2399235 -1.3383037 -1.3959789 -1.4492227 -1.4591848 -1.4774099 -1.4459506 -1.4130132 -1.3401763 -1.2669899 -1.1761122 -1.0870785 -0.9957148 -0.9417813 -0.89206617 -0.89840876 -0.91313293 -0.965565 -1.0349547 -1.1293324 -1.2560058 -1.4165061 -1.615877 -1.8413349 -2.098512 -2.3772473 -2.6552174 -2.9365096 -3.0892672 -3.2304581 -3.15181 -3.0716517 -2.7838579 -2.4888952 -2.095946 -1.7459624 -1.3888085 -1.1343961 -0.90748173 -0.84345587 -0.79369057 -0.8822425 -0.96825055 -1.1381921 -1.2648595 -1.4059192 -1.4992786 -1.5683807 -1.5646534 -1.5545631 -1.4826146 -1.3796824 -1.2676716 -1.1864804 -1.1109214 -1.115795 -1.1326057 -1.2140117 -1.2960524 -1.3769913
-0.7695986 -0.95511477 -1.1127197 -1.2530647 -1.3483485 -1.4206101 -1.449705 -1.4553458 -1.4353254 -1.4080619 -1.359722 -1.3043845 -1.2309796 -1.1679883 -1.087486 -1.0379275 -0.96260682 -0.93204372 -0.89196157 -0.88022847 -0.89051974 -0.90506234 -0.95274894 -1.0024443 -1.0931977 -1.2096795 -1.3631678 -1.5552599 -1.7521705 -1.997039 -2.1852997 -2.433427 -2.4831553 -2.5920446 -2.4508262 -2.3293301 -2.017948 -1.6973943 -1.3130323 -0.96683038 -0.62322884 -0.36393801 -0.19721191 -0.21538472 -0.19475413 -0.35748281 -0.51270253 -0.74149705 -0.97863044 -1.169106 -1.3705699 -1.4811742 -1.5125303 -1.5894594 -1.5591025 -1.4968007 -1.4051283 -1.3471543 -1.2777349 -1.2925512 -1.3199271 -1.3922678 -1.4407428 -1.5120406
-0.91853853 -1.0830406 -1.2367105 -1.3653715 -1.4489383 -1.5020519 -1.5072951 -1.4892336 -1.4394232 -1.3858892 -1.3177275 -1.254949 -1.1815441 -1.1252471 -1.0675718 -1.025727 -0.98902453 -0.96230696 -0.94133414 -0.92130642 -0.90821534 -0.90761675 -0.91048722 -0.93853592 -0.97138188 -1.0543993 -1.1433131 -1.2901229 -1.4208189 -1.5990879 -1.7187436 -1.868175 -1.8724052 -1.8768218 -1.7161378 -1.5400858 -1.2232556 -0.90855729 -0.53221157 -0.22673536 0.083196406 0.27593487 0.40581673 0.3553336 0.292935 0.096800536 -0.13463844 -0.42178111 -0.71073641 -0.98746121 -1.2229568 -1.4317299 -1.5430709 -1.6534717 -1.6534717 -1.6386995 -1.5859591 -1.544975 -1.500699 -1.5108983 -1.5400639 -1.5986645 -1.6153413 -1.6563617
-0.99127093 -1.1400588 -1.269566 -1.3867533 -1.454915 -1.5020519 -1.5072951 -1.4907092 -1.4508608 -1.4026181 -1.350186 -1.2971413 -1.2499524 -1.2037102 -1.1670078 -1.1255088 -1.0888063 -1.0565479 -1.0268614 -0.98917989 -0.95810624 -0.93189021 -0.91761449 -0.91237128 -0.92778912 -0.9609961 -1.0202132 -1.0831317 -1.1684084 -1.2365701 -1.2978017 -1.3336296 -1.2759772 -1.2068583 -1.0181028 -0.82023139 -0.53243761 -0.23744897 0.050344822 0.30746115 0.50670301 0.64268991 0.69803487 0.60100029 0.49249861 0.25451529 -0.00098223873 -0.32328524 -0.62712646 -0.93044303 -1.1889619 -1.4317299 -1.5858386 -1.7180236 -1.7789031 -1.7901311 -1.7783954 -1.7456028 -1.7145172 -1.7082307 -1.7212696 -1.7271297 -1.7194891 -1.7062526
-0.8575135 -0.93742003 -1.0361059 -1.1582555 -1.256956 -1.3312733 -1.3946606 -1.4238904 -1.4508608 -1.4374951 -1.42965 -1.3921418 -1.3567263 -1.2887103 -1.2323524 -1.1442011 -1.0818818 -0.99629518 -0.94702659 -0.89831084 -0.86539353 -0.88100291 -0.87970056 -0.95506733 -0.99034256 -1.0901482 -1.1573716 -1.2429885 -1.302735 -1.3653843 -1.3628182 -1.3642906 -1.2631644 -1.165717 -0.98220479 -0.78890419 -0.56545559 -0.31656414 -0.10250247 0.088680329 0.24574749 0.33548536 0.35762335 0.29043539 0.18458817 0.039109842 -0.18193331 -0.41313599 -0.65103952 -0.90407862 -1.0901371 -1.3199149 -1.4652041 -1.550058 -1.5940671 -1.6096566 -1.5889812 -1.5381425 -1.5013257 -1.4314784 -1.4274642 -1.3954485 -1.3537238 -1.3310378
-9999 -9999 -9999 -9999 -9999 -9999 -9999 -9999 -9999 -9999 -9999 -9999 -9999 -9999 -9999 -9999 -9999 -9999 -9999 -9999 -9999 -9999 -9999 -9999 -9999 -9999 -9999 -9999 -9999 -9999 -9999 -9999 -9999 -9999 -9999 -9999 -9999 -9999 -9999 -9999 -9999 -9999 -9999 -9999 -9999 -9999 -9999 -9999 -9999 -9999 -9999 -9999 -9999 -9999 -9999 -9999 -9999 -9999 -9999 -9999 -9999 -9999 -9999 -9999
-9999 -9999 -9999 -9999 -9999 -9999 -9999 -9999 -9999 -9999 -9999 -9999 -9999 -9999 -9999 -9999 -9999 -9999 -9999 -9999 -9999 -9999 -9999 -9999 -9999 -9999 -9999 -9999 -9999 -9999 -9999 -9999 -9999 -9999 -9999 -9999 -9999 -9999 -9999 -9999 -9999 -9999 -9999 -9999 -9999 -9999 -9999 -9999 -9999 -9999 -9999 -9999 -9999 -9999 -9999 -9999 -9999 -9999 -9999 -9999 -9999 -9999 -9999 -9999
-9999 -9999 -9999 -9999 -9999 -9999 -9999 -9999 -9999 -9999 -9999 -9999 -9999 -9999 -9999 -9999 -9999 -9999 -9999 -9999 -9999 -9999 -9999 -9999 -9999 -9999 -9999 -9999 -9999 -9999 -9999 -9999 -9999 -9999 -9999 -9999 -9999 -9999 -9999 -9999 -9999 -9999 -9999 -9999 -9999 -9999 -9999 -9999 -9999 -9999 -9999 -9999 -9999 -9999 -9999 -9999 -9999 -9999 -9999 -9999 -9999 -9999 -9999 -9999
