P2_models/J1_p2_tot_conduct_slide_148.39.dat.tif
NCOLS 118
NROWS 92
XLLCORNER 139.62
YLLCORNER -39.07
DX 0.099491525
DY 0.099347826
NODATA_VALUE -9999
[rows 25 to 49 of 92, columns 57 to 113 of 118]
-1.7397015 -1.6736895 -1.6235226 -1.5869253 -1.5680811 -1.5683799 -1.5880817 -1.6111033 -1.6516357 -1.6804885 -1.7311774 -1.7599123 -1.7927899 -1.8033775 -1.808514 -1.7974149 -1.7710119 -1.7323207 -1.675494 -1.6199042 -1.558348 -1.4909563 -1.4311828 -1.3751747 -1.3516826 -1.3576394 -1.3565948 -1.4229036 -1.4710804 -1.549991 -1.6571916 -1.7608696 -1.8386288 -1.9145473 -1.97875 -2.0579422 -2.0971385 -2.1727915 -2.2605135 -2.29 -2.3111305 -2.2939658 -2.2960433 -2.2270092 -2.1829564 -2.1612877 -2.1359886 -2.1171838 -2.0274491 -1.9457853 -1.9462763 -1.9597559 -1.9594916 -2.0516657 -2.1154562 -2.1390578 -2.16832
-1.7743387 -1.70218 -1.6469069 -1.602808 -1.5713896 -1.5575326 -1.562769 -1.5765549 -1.5986641 -1.620059 -1.6449909 -1.6691049 -1.687427 -1.6926655 -1.6869796 -1.6703977 -1.6414131 -1.602722 -1.5504291 -1.4999444 -1.4464104 -1.3956524 -1.3486974 -1.3252744 -1.3194219 -1.3470769 -1.3747135 -1.4382945 -1.5175107 -1.6228547 -1.7164249 -1.826971 -1.9455491 -2.0099259 -2.0652441 -2.1247553 -2.1558499 -2.2041201 -2.2802019 -2.2748551 -2.2748551 -2.2457869 -2.2163613 -2.1413263 -2.0869045 -2.0576423 -2.0308287 -2.0074189 -1.9541741 -1.9005942 -1.9064466 -1.9471871 -1.9647444 -2.0489585 -2.1249405 -2.1542028 -2.1895229
-1.8074547 -1.7338522 -1.6675246 -1.619471 -1.5780128 -1.5537755 -1.5362762 -1.5417384 -1.5523018 -1.5583799 -1.5721358 -1.5826086 -1.5947024 -1.5891751 -1.5800984 -1.5579892 -1.5307837 -1.496751 -1.4524729 -1.4138429 -1.3806791 -1.3426669 -1.3316123 -1.3233528 -1.3525379 -1.3960556 -1.4541917 -1.5011691 -1.563873 -1.6604691 -1.7463334 -1.8181884 -1.9695023 -2.1423897 -2.185216 -2.2307263 -2.2482837 -2.2899489 -2.2723915 -2.2404972 -2.2086232 -2.1586703 -2.1103903 -2.0108988 -1.9470258 -1.9060587 -1.880944 -1.8617088 -1.9031267 -1.8959418 -1.9486138 -2.01654 -2.0773386 -2.1311107 -2.1915596 -2.2442316 -2.2822476
-1.8301562 -1.7543174 -1.6857628 -1.6277491 -1.5831668 -1.5484567 -1.5257656 -1.5082061 -1.5130365 -1.5141005 -1.5179316 -1.51749 -1.5239968 -1.5184695 -1.5080928 -1.4880223 -1.465913 -1.4347172 -1.3970195 -1.3766101 -1.3698589 -1.3467374 -1.3524203 -1.3709857 -1.4132392 -1.4867567 -1.5564979 -1.5993933 -1.6520179 -1.7442578 -1.8127313 -1.8721332 -2.0136162 -2.2080047 -2.2537055 -2.2907198 -2.2825441 -2.2888252 -2.2580972 -2.1803355 -2.1314568 -2.0418541 -1.9807403 -1.8695188 -1.7926095 -1.7464945 -1.7334536 -1.7178971 -1.7862794 -1.8331017 -1.9075936 -2.0243782 -2.105658 -2.1806234 -2.2354854 -2.2881573 -2.3188453
-1.8487839 -1.7716 -1.6997451 -1.6388225 -1.5864585 -1.5471116 -1.5156932 -1.4951151 -1.4785332 -1.4766372 -1.4758121 -1.4705757 -1.4659397 -1.4604124 -1.4513809 -1.434799 -1.417428 -1.3953187 -1.3777434 -1.3644026 -1.3680707 -1.3747809 -1.3913628 -1.4294028 -1.4937797 -1.579739 -1.6737032 -1.7146074 -1.7561347 -1.8380689 -1.901162 -1.9453804 -2.075036 -2.2740191 -2.3166026 -2.3312944 -2.3112467 -2.2824132 -2.2297412 -2.1418912 -2.0482521 -1.9432709 -1.8410127 -1.7237254 -1.631517 -1.578845 -1.570512 -1.5763645 -1.6608911 -1.750558 -1.855902 -1.982775 -2.1056763 -2.1902588 -2.2616674 -2.3143394 -2.3423371
-1.8674117 -1.7871002 -1.7059543 -1.6425865 -1.5864585 -1.5412756 -1.5032748 -1.4790801 -1.4599055 -1.4486672 -1.4447659 -1.4395295 -1.435591 -1.4355755 -1.4300482 -1.4223805 -1.4162364 -1.4077372 -1.3958247 -1.401658 -1.4348218 -1.4515081 -1.4957265 -1.5414621 -1.6241737 -1.7163491 -1.8165157 -1.8282812 -1.8554826 -1.9218263 -1.9655632 -1.9950543 -2.1272428 -2.3299022 -2.3526612 -2.3561314 -2.3093118 -2.2762039 -2.1912368 -2.0689237 -1.9489043 -1.8050184 -1.6857817 -1.5570279 -1.4638675 -1.416188 -1.4288151 -1.4521797 -1.5848535 -1.6822564 -1.8311866 -1.9892025 -2.1305132 -2.2254774 -2.2989229 -2.3469015 -2.364409
-1.8831811 -1.7997519 -1.7168423 -1.6458841 -1.5881044 -1.5412756 -1.4993845 -1.4695466 -1.4474374 -1.4393126 -1.4291748 -1.4239384 -1.4213701 -1.4232971 -1.4281464 -1.4252364 -1.4363768 -1.4363768 -1.4409107 -1.4634744 -1.5095818 -1.5505564 -1.6056812 -1.671604 -1.7613887 -1.8576648 -1.9626836 -1.9890217 -1.9924764 -2.0451484 -2.0816427 -2.1066304 -2.199265 -2.4031833 -2.4136961 -2.4005283 -2.3349731 -2.2731186 -2.1547858 -1.9681447 -1.8276861 -1.6726996 -1.5265057 -1.4032394 -1.3061009 -1.2635046 -1.3048795 -1.3458466 -1.4961126 -1.6405574 -1.8036062 -1.9565893 -2.1146052 -2.2478415 -2.3255643 -2.3679492 -2.3701087
-1.8958804 -1.8063751 -1.7234655 -1.6525073 -1.5896705 -1.5412756 -1.4993845 -1.4685546 -1.4409181 -1.434736 -1.4291748 -1.4239384 -1.4213701 -1.4268974 -1.4347696 -1.4458242 -1.4635983 -1.4857075 -1.5161672 -1.5495758 -1.6048489 -1.6631506 -1.7350056 -1.8173142 -1.9168057 -2.0161378 -2.1156293 -2.1475075 -2.1709983 -2.2178179 -2.2538456 -2.2704275 -2.3582216 -2.5045326 -2.5010592 -2.4667602 -2.384826 -2.2564197 -2.022322 -1.8348195 -1.6768036 -1.5169699 -1.360926 -1.2438771 -1.1603031 -1.1310409 -1.1770778 -1.2590119 -1.4236369 -1.5956877 -1.7771135 -1.9280307 -2.0626369 -2.2230847 -2.3379162 -2.361326 -2.3627517
-1.9206576 -1.8287565 -1.7419487 -1.6709905 -1.6081538 -1.5596792 -1.517788 -1.4912472 -1.4654561 -1.464538 -1.4614977 -1.4667341 -1.4670517 -1.482108 -1.4973339 -1.5195181 -1.5479691 -1.578044 -1.6112263 -1.6612169 -1.7330719 -1.7933304 -1.8651854 -1.9455944 -2.0412495 -2.1256187 -2.2156945 -2.2184817 -2.2344159 -2.2693814 -2.2846179 -2.297038 -2.387878 -2.5371182 -2.5189353 -2.478954 -2.3677576 -2.236422 -1.986859 -1.765194 -1.5893262 -1.4092722 -1.2490653 -1.1375977 -1.0544222 -1.050631 -1.1397088 -1.2390142 -1.4523751 -1.6260414 -1.8238497 -1.9752953 -2.1052596 -2.2595253 -2.3746436 -2.3901612 -2.379882
-1.9436195 -1.8539548 -1.7657815 -1.695087 -1.6322502 -1.5862756 -1.5443845 -1.5253437 -1.5032345 -1.5075 -1.5099755 -1.5185616 -1.5293503 -1.5481921 -1.5744727 -1.6022599 -1.641855 -1.6805461 -1.7283051 -1.7807345 -1.8501507 -1.919774 -1.9888606 -2.0623754 -2.1554088 -2.2279284 -2.3053107 -2.2903296 -2.2811515 -2.2987089 -2.3094727 -2.32 -2.40834 -2.5605035 -2.5382627 -2.485987 -2.3654885 -2.2073081 -1.9491052 -1.7106356 -1.5116525 -1.3276554 -1.1536466 -1.0482901 -0.98225823 -0.99238534 -1.1121884 -1.2409422 -1.4707786 -1.6838036 -1.888178 -2.0250847 -2.147986 -2.2965837 -2.4039182 -2.4153116 -2.400344
-1.96573 -1.8738244 -1.7909148 -1.7221975 -1.6645971 -1.6204821 -1.5838274 -1.5704501 -1.5628432 -1.5727961 -1.5828305 -1.5985397 -1.6154517 -1.6430883 -1.6738205 -1.7125117 -1.7564078 -1.8061535 -1.8578028 -1.9131982 -1.9795259 -2.0456146 -2.106415 -2.1749696 -2.2510513 -2.3155307 -2.3715426 -2.3425502 -2.3076443 -2.3198421 -2.3293423 -2.3348696 -2.4215864 -2.5737499 -2.5472341 -2.485987 -2.3513809 -2.1778077 -1.9027429 -1.6599363 -1.4387975 -1.2548003 -1.0807915 -0.98715241 -0.93894261 -0.98576216 -1.115807 -1.2806813 -1.5316512 -1.76205 -1.961033 -2.091372 -2.1877252 -2.3295961 -2.4293287 -2.4351811 -2.4190495
-1.985399 -1.8948528 -1.8150941 -1.7566069 -1.705815 -1.6733484 -1.6420837 -1.6424504 -1.6402176 -1.6667524 -1.6770208 -1.6836059 -1.7050116 -1.7406825 -1.7731683 -1.8118595 -1.8644678 -1.9180294 -1.9723091 -2.0221949 -2.0778706 -2.1531248 -2.2523679 -2.3168707 -2.3898634 -2.4517123 -2.5069853 -2.4994006 -2.4616101 -2.473315 -2.4808424 -2.4829552 -2.3989098 -2.4354356 -2.4228323 -2.3629532 -2.2544107 -2.0746999 -1.8339444 -1.616088 -1.3936952 -1.2224306 -1.0529177 -0.98828193 -0.94884026 -1.0166472 -1.1818067 -1.3600722 -1.6662056 -1.9009884 -2.1167132 -2.2648737 -2.3616601 -2.52341 -2.6205121 -2.6231658 -2.5901897
-1.9947047 -1.9155027 -1.8381204 -1.7869783 -1.7450871 -1.7260726 -1.705127 -1.7158245 -1.7268791 -1.7590735 -1.7831802 -1.7884166 -1.8005754 -1.8389337 -1.875922 -1.9146131 -1.9672214 -2.0280218 -2.0797544 -2.1225661 -2.1729141 -2.2359979 -2.3447828 -2.4343889 -2.5046182 -2.5595089 -2.614782 -2.6054944 -2.5907677 -2.6024726 -2.6065942 -2.6065942 -2.5200488 -2.3620329 -2.2977915 -2.2515762 -2.1447039 -2.0055314 -1.7948434 -1.5820957 -1.3597029 -1.1986557 -1.0463011 -0.99467406 -0.99034704 -1.0722812 -1.2527668 -1.4576023 -1.7711925 -2.0562963 -2.2845415 -2.4054557 -2.5107996 -2.6734191 -2.7851087 -2.7851087 -2.7487268
-1.9984402 -1.9237263 -1.8629259 -1.8177156 -1.7914494 -1.7818732 -1.7846053 -1.8056475 -1.8328502 -1.8759669 -1.9090208 -1.9142572 -1.926416 -1.9595798 -1.9944176 -2.0275814 -2.0798156 -2.140616 -2.1809086 -2.2086676 -2.2473587 -2.3022298 -2.396194 -2.4789656 -2.5316375 -2.5797686 -2.6214052 -2.6089852 -2.5907677 -2.5979102 -2.5997012 -2.5941739 -2.5068025 -2.3487865 -2.2816105 -2.2317067 -2.1205103 -1.9790386 -1.7683507 -1.561247 -1.3530797 -1.2117869 -1.0794171 -1.0560073 -1.066708 -1.1837568 -1.3721417 -1.5900661 -1.9036563 -2.1848472 -2.3604205 -2.4635361 -2.5372924 -2.6957514 -2.8046931 -2.7988406 -2.7600121
-1.9874864 -1.927302 -1.8785196 -1.8570376 -1.8399888 -1.8497122 -1.8591462 -1.9032101 -1.9377774 -1.9955484 -2.0311486 -2.0249406 -2.0357294 -2.0656233 -2.0915131 -2.1180312 -2.1651121 -2.2247519 -2.2583488 -2.2718819 -2.2876794 -2.3341813 -2.4175731 -2.4861305 -2.5294351 -2.5649832 -2.6019556 -2.5874594 -2.5671841 -2.5730366 -2.5748276 -2.5693003 -2.4834603 -2.3268789 -2.2550655 -2.2031363 -2.0830089 -1.9398634 -1.7386624 -1.5657212 -1.3682756 -1.2611524 -1.1426994 -1.1478959 -1.1786835 -1.3067348 -1.5066401 -1.7297098 -2.0160136 -2.2821393 -2.431702 -2.495361 -2.5556059 -2.7117269 -2.8173208 -2.8090168 -2.7643359
-1.9678134 -1.9183935 -1.8852297 -1.8803641 -1.8856005 -1.9097281 -1.9359101 -1.9873835 -2.0426566 -2.1041792 -2.1644753 -2.1550508 -2.1540242 -2.1816607 -2.2035421 -2.220124 -2.2402276 -2.2955007 -2.3145026 -2.3216892 -2.3293654 -2.3465635 -2.4239458 -2.4779036 -2.5071658 -2.5325987 -2.5602352 -2.5226157 -2.5023404 -2.5081928 -2.509078 -2.5035507 -2.4340151 -2.2818516 -2.2127919 -2.156724 -2.0389419 -1.8953677 -1.7080895 -1.5541701 -1.3903017 -1.2968554 -1.2173088 -1.2373333 -1.3023133 -1.442772 -1.6372425 -1.8654877 -2.1454938 -2.3666662 -2.4837151 -2.5392219 -2.5743366 -2.6979905 -2.8016252 -2.7899203 -2.7488626
-1.9408297 -1.9051767 -1.8984761 -1.9068822 -1.938586 -1.9761373 -2.0220115 -2.0836348 -2.1486276 -2.2145881 -2.2770695 -2.3346698 -2.3527198 -2.3803564 -2.4007189 -2.4121965 -2.3731099 -2.3352398 -2.3459902 -2.3349356 -2.3238809 -2.3316369 -2.3648008 -2.4047101 -2.407818 -2.4246264 -2.4410178 -2.3090922 -2.2241665 -2.2262536 -2.2242809 -2.2187536 -2.1906106 -2.1162719 -2.0546756 -2.0043907 -1.9224565 -1.7893967 -1.665248 -1.5517834 -1.4234176 -1.3626873 -1.3034102 -1.3619346 -1.4347771 -1.586515 -1.7584941 -1.9582124 -2.2484513 -2.4726372 -2.5567455 -2.5967305 -2.6206989 -2.5757961 -2.6227991 -2.6164348 -2.5849343
-1.8698859 -1.8770028 -1.8848863 -1.9201286 -1.9718213 -2.0291228 -2.0934033 -2.1738884 -2.2457434 -2.3122547 -2.3772072 -2.4345938 -2.4808285 -2.506366 -2.5205233 -2.5252654 -2.4779867 -2.3966554 -2.3716931 -2.3440298 -2.3329751 -2.305934 -2.3319402 -2.3080809 -2.2969565 -2.3045177 -2.2982719 -2.1608096 -2.0535652 -2.0539537 -2.0557447 -2.0518696 -2.0326373 -1.9877113 -1.9430741 -1.9018834 -1.8206656 -1.7433475 -1.6394865 -1.5418993 -1.4630027 -1.4456293 -1.4061204 -1.4679925 -1.5842139 -1.7295888 -1.8958999 -2.0455838 -2.3162629 -2.5327388 -2.6019933 -2.629745 -2.6434842 -2.5930932 -2.5580409 -2.5521884 -2.5206879
-1.8362853 -1.864145 -1.8973088 -1.9556191 -2.0236922 -2.0975366 -2.1708462 -2.2523321 -2.3352417 -2.4013933 -2.4640668 -2.5164307 -2.5591985 -2.5757804 -2.5812098 -2.5756825 -2.5150584 -2.4266214 -2.3835235 -2.3475669 -2.2980229 -2.2506607 -2.2340788 -2.2022236 -2.1671089 -2.1395821 -2.1230002 -2.03487 -1.937123 -1.9429754 -1.9503736 -1.9503736 -1.9355028 -1.9003881 -1.867361 -1.8291255 -1.7739156 -1.7097531 -1.6336713 -1.5814265 -1.5229021 -1.517362 -1.5223175 -1.6163037 -1.7257503 -1.8603565 -1.9862399 -2.120846 -2.3818642 -2.569777 -2.6165965 -2.6376271 -2.649332 -2.5972299 -2.5580409 -2.5521884 -2.5155701
-1.7988143 -1.8374557 -1.9035181 -1.9761734 -2.0671569 -2.1495922 -2.2329386 -2.3179866 -2.4035433 -2.4650782 -2.5259627 -2.5678538 -2.6082292 -2.6192839 -2.621279 -2.6067287 -2.535095 -2.4328307 -2.3853226 -2.3351484 -2.2467115 -2.1839013 -2.1009917 -2.0483371 -1.962204 -1.9133013 -1.8746306 -1.819367 -1.7384273 -1.7506246 -1.7678338 -1.7827242 -1.7827242 -1.7699941 -1.764341 -1.7421961 -1.7187863 -1.6600792 -1.6260089 -1.6133519 -1.5849945 -1.6093332 -1.6278745 -1.7332185 -1.8437259 -1.9581448 -2.0534888 -2.1643107 -2.4094428 -2.594614 -2.6267417 -2.6407497 -2.649332 -2.5972299 -2.5580409 -2.5521884 -2.5096959
-1.7547554 -1.8145976 -1.8909275 -1.9885905 -2.088794 -2.2113001 -2.3003189 -2.3955962 -2.4840332 -2.5423965 -2.5861895 -2.5850721 -2.6165797 -2.6236643 -2.6225956 -2.6060136 -2.5437042 -2.433158 -2.3724848 -2.3016905 -2.1869026 -2.0794968 -1.9562806 -1.8484749 -1.7405276 -1.6511505 -1.5958774 -1.5424793 -1.4868182 -1.5043755 -1.5334209 -1.5582971 -1.6266994 -1.6295435 -1.6630942 -1.66449 -1.6792474 -1.6558376 -1.631341 -1.6432563 -1.6374039 -1.6735225 -1.7190442 -1.8524055 -1.9600077 -2.0653412 -2.1363525 -2.2241391 -2.4510203 -2.6206738 -2.6473036 -2.6572338 -2.6630863 -2.6072951 -2.5681061 -2.5622537 -2.513051
-1.7127826 -1.7881048 -1.8820691 -1.9885905 -2.1037913 -2.2332889 -2.3694352 -2.4769425 -2.576434 -2.6331326 -2.672291 -2.6251634 -2.590087 -2.590087 -2.5828564 -2.5662745 -2.5044619 -2.416025 -2.3321654 -2.248705 -2.1160496 -1.9735258 -1.7911247 -1.6232865 -1.4769754 -1.3704234 -1.2819865 -1.2275265 -1.1821515 -1.1997089 -1.2287542 -1.2785 -1.3617719 -1.4729683 -1.5368313 -1.5916349 -1.6384545 -1.6606032 -1.631341 -1.6450897 -1.6860568 -1.7297884 -1.7852761 -1.9491445 -2.0835256 -2.1713122 -2.2392833 -2.2978077 -2.5105395 -2.6562391 -2.6737964 -2.6837266 -2.689579 -2.6312796 -2.5879757 -2.5821232 -2.5323027
-1.712587 -1.7969633 -1.9067375 -2.0164637 -2.1347356 -2.2714795 -2.4128225 -2.5119472 -2.6076392 -2.6590375 -2.6948536 -2.6320168 -2.5961889 -2.5961889 -2.5889148 -2.5723329 -2.5000825 -2.4035168 -2.316 -2.2045358 -2.0110801 -1.8506203 -1.6174888 -1.4262783 -1.2410597 -1.1116501 -1.0087637 -0.95417327 -0.90884176 -0.93609969 -0.99400874 -1.0732677 -1.1726969 -1.2988107 -1.4187364 -1.4942933 -1.6054897 -1.6296589 -1.6396033 -1.690371 -1.7417566 -1.7906574 -1.8479354 -2.0174394 -2.1519508 -2.2182398 -2.2609118 -2.3105333 -2.5171341 -2.6625149 -2.6759222 -2.68 -2.6834771 -2.631041 -2.5880409 -2.578188 -2.522515
-1.7160236 -1.8097531 -1.9258266 -2.0444982 -2.1649353 -2.3007671 -2.4473862 -2.5462991 -2.6347361 -2.6832092 -2.7143889 -2.6498193 -2.6011879 -2.6 -2.5903013 -2.5735861 -2.4962197 -2.3912009 -2.2816481 -2.154224 -1.9358006 -1.7244918 -1.4752804 -1.2367124 -1.0303178 -0.87218181 -0.75058106 -0.69439609 -0.65059998 -0.69156708 -0.76840093 -0.86093478 -0.99576979 -1.1362284 -1.2864448 -1.4096546 -1.5470694 -1.6319548 -1.6623761 -1.7273325 -1.7917094 -1.8428634 -1.9039527 -2.0736735 -2.2004881 -2.2570066 -2.2888946 -2.3240093 -2.5247564 -2.6642173 -2.6759222 -2.68 -2.68 -2.6272299 -2.5860818 -2.5740073 -2.5161459
-1.7445417 -1.8428691 -1.9589425 -2.0776141 -2.1980512 -2.3328505 -2.4742332 -2.5710608 -2.6546056 -2.700293 -2.7276353 -2.6595621 -2.6078111 -2.6022838 -2.5903013 -2.5681921 -2.4877539 -2.3716804 -2.2394882 -2.0946153 -1.8458865 -1.5986512 -1.3167585 -1.0578864 -0.81793621 -0.64872607 -0.50552309 -0.45161537 -0.4121652 -0.4639672 -0.54321252 -0.67034058 -0.82147559 -1.0029013 -1.1747761 -1.3434227 -1.518996 -1.6428201 -1.695492 -1.762501 -1.8380717 -1.8892257 -1.950315 -2.1200358 -2.2425322 -2.2834993 -2.3125771 -2.3372556 -2.5310742 -2.6642173 -2.6759222 -2.68 -2.68 -2.6272299 -2.5849415 -2.5673841 -2.5095227
