P2_models/J1_p2_vp_slide_diff2_15.dat.tif
NCOLS 118
NROWS 92
XLLCORNER 139.62
YLLCORNER -39.07
DX 0.099491525
DY 0.099347826
NODATA_VALUE -9999
[rows 25 to 49 of 92, columns 58 to 115 of 118]
0.2074848 0.20219789 0.2050871 0.21137365 0.21620289 0.22103214 0.22586139 0.23069064 0.2336723 0.24180071 0.25000207 0.25820343 0.26640479 0.27324407 0.27834043 0.28343679 0.28853315 0.29362952 0.30043822 0.29716109 0.29996243 0.30276378 0.30556512 0.30836646 0.31782036 0.33034784 0.34287533 0.35540281 0.36589215 0.36729072 0.35895229 0.34797124 0.33699019 0.32600914 0.31516279 0.30869974 0.30223669 0.29577364 0.2893106 0.27599438 0.27686971 0.27210217 0.26715955 0.26221692 0.2572743 0.24866489 0.24097267 0.23400727 0.22704187 0.22007647 0.22076132 0.22626011 0.23198724 0.23771437 0.2434415 -9999 -9999 -9999
0.2181761 0.21288919 0.21577841 0.22422364 0.23119638 0.23602563 0.24085488 0.24568413 0.24866579 0.25158397 0.25882204 0.2670234 0.27522476 0.28206404 0.2871604 0.29225677 0.29758079 0.30455699 0.31141488 0.30770723 0.30399957 0.30641111 0.30921245 0.3120138 0.32146769 0.33399517 0.34652266 0.35616095 0.36193578 0.36333435 0.35684732 0.34907527 0.33809422 0.32711317 0.31626682 0.30980377 0.30334072 0.29687767 0.28285729 0.26796496 0.26884029 0.27139493 0.26741299 0.26247037 0.25752774 0.24891834 0.23856087 0.23065735 0.22369194 0.21672654 0.2174114 0.2221864 0.22762587 0.233353 0.23908013 -9999 -9999 -9999
0.22886741 0.2235805 0.22646971 0.23491494 0.24336018 0.25101912 0.25584837 0.26067762 0.26365928 0.26657746 0.26949563 0.27584337 0.28404473 0.29088402 0.29598038 0.30158126 0.30855746 0.31553366 0.32239155 0.31868389 0.31497624 0.31126859 0.31285979 0.31566113 0.32511502 0.33764251 0.34642976 0.35220458 0.35797941 0.35937798 0.35289095 0.34640391 0.33919825 0.3282172 0.31737084 0.3109078 0.30444475 0.28972019 0.27482787 0.25993555 0.26081088 0.26336551 0.26592015 0.26272381 0.25778118 0.24917178 0.23881431 0.22845685 0.22034202 0.21337662 0.21406148 0.21883647 0.22361147 0.22899163 0.23471876 -9999 -9999 -9999
0.23853853 0.23427181 0.23716102 0.24560625 0.25405148 0.26249671 0.27084186 0.27567111 0.27865277 0.28157094 0.28448912 0.2874073 0.2928647 0.29970399 0.30558173 0.31255793 0.31953412 0.32651032 0.33336822 0.32966056 0.32595291 0.32224525 0.3185376 0.31930847 0.32876236 0.33669856 0.34247339 0.34824821 0.35402304 0.35542161 0.34893458 0.34244754 0.33596051 0.32932123 0.31847487 0.31147541 0.29658309 0.28169077 0.26679845 0.25190613 0.25278146 0.25533609 0.25789073 0.26044537 0.25803463 0.24942522 0.23906776 0.22871029 0.21835283 0.21002669 0.21071155 0.21548655 0.22026154 0.22503654 0.23035739 -9999 -9999 -9999
0.2445997 0.24228102 0.24492484 0.25337007 0.2618153 0.27026054 0.27870577 0.287151 0.29162447 0.29454265 0.29746083 0.300379 0.30329718 0.30799549 0.31497169 0.32194789 0.32892409 0.33590029 0.34196959 0.34028255 0.3365749 0.33286724 0.32915959 0.32545193 0.32823017 0.33400499 0.33977982 0.34555465 0.35132947 0.35106957 0.34458253 0.3380955 0.33160846 0.32512143 0.31838381 0.30349149 0.28859917 0.27370685 0.25881452 0.24419805 0.24606214 0.24861678 0.25117141 0.25372605 0.25628069 0.25045519 0.24009772 0.22974026 0.21938279 0.20902532 0.20775289 0.21252788 0.21730288 0.22207788 0.22685287 -9999 -9999 -9999
0.24161652 0.23929783 0.2367057 0.23703391 0.24547914 0.25392437 0.2623696 0.27081483 0.28439412 0.29087037 0.29378855 0.29670673 0.2996249 0.30432322 0.31129942 0.31827562 0.32525181 0.32997565 0.32915393 0.34366768 0.3442771 0.34056945 0.33686179 0.33315414 0.33593237 0.3417072 0.34748202 0.35325685 0.35336661 0.34723174 0.33697312 0.33048609 0.32399905 0.31751202 0.3107744 0.29588208 0.28098976 0.26609744 0.25257252 0.25074656 0.25084868 0.25268264 0.25523728 0.25779191 0.26034655 0.25629723 0.24752027 0.23716281 0.22680534 0.21644788 0.21155886 0.21279021 0.2175652 0.2223402 0.22711519 -9999 -9999 -9999
0.23863334 0.23631465 0.23372252 0.23094458 0.22914297 0.23758821 0.24603344 0.25447867 0.26805795 0.28181365 0.29011627 0.29303445 0.29595263 0.30065094 0.30762714 0.31460334 0.31815344 0.31716 0.31633827 0.33085202 0.34536577 0.34827165 0.344564 0.34085634 0.34363458 0.3494094 0.35518423 0.35411367 0.35052315 0.34438828 0.33366873 0.32294917 0.31638964 0.30990261 0.30316499 0.28827267 0.27338035 0.26094698 0.25912102 0.25729506 0.25739718 0.25770464 0.25930314 0.26185778 0.26441241 0.2603631 0.25316548 0.24458536 0.23422789 0.22387043 0.21898141 0.21701606 0.21782752 0.22260252 0.22737751 -9999 -9999 -9999
0.23565015 0.23333147 0.23073934 0.22796139 0.22518345 0.2224055 0.22969727 0.2381425 0.25172179 0.26547749 0.27923319 0.28936218 0.29228035 0.29697867 0.30395486 0.30633122 0.30533778 0.30434434 0.30352261 0.31803636 0.33255011 0.34706386 0.3522662 0.34855855 0.35133678 0.35711161 0.35486072 0.35127021 0.34767969 0.34154482 0.33082527 0.32010571 0.30938616 0.3022932 0.29555558 0.28066326 0.26932144 0.26749548 0.26566952 0.26384356 0.26394568 0.26425315 0.26456061 0.26592364 0.26847827 0.26442896 0.25723134 0.25003373 0.24165044 0.23129298 0.22640397 0.22443861 0.22247325 0.22286484 0.22763984 -9999 -9999 -9999
0.23454528 0.23034828 0.22775616 0.22497821 0.22220026 0.21942232 0.21664437 0.22180634 0.23538563 0.24914132 0.26289702 0.27665272 0.28860808 0.29330639 0.294509 0.29351556 0.29252212 0.29152868 0.29070695 0.3052207 0.31973445 0.3342482 0.34876195 0.35626075 0.35903899 0.35560778 0.35201726 0.34842675 0.34483623 0.33870136 0.32798181 0.31726225 0.3065427 0.29582314 0.28794617 0.27769591 0.27586995 0.27404398 0.27221802 0.27039206 0.27049418 0.27080165 0.27110911 0.27141658 0.27254414 0.26849482 0.26129721 0.25409959 0.24690198 0.23871553 0.23382652 0.23186116 0.2298958 0.22793045 0.22790216 -9999 -9999 -9999
0.23733245 0.23218466 0.22517477 0.22239683 0.21961888 0.21684093 0.21406299 0.21128504 0.21481259 0.22856828 0.24232398 0.25607968 0.26983538 0.27712105 0.27612761 0.27513417 0.27414073 0.27314729 0.27318661 0.29159219 0.30610594 0.32061969 0.33513344 0.34964719 0.35177786 0.34818735 0.34459683 0.34100631 0.33741579 0.3368642 0.32685248 0.31613293 0.30541337 0.29469382 0.28423941 0.28241344 0.28058748 0.27876152 0.27693556 0.27461705 0.27546761 0.27577508 0.27608255 0.27639001 0.27669748 0.27430494 0.26710733 0.25990971 0.2527121 0.24551448 0.23782182 0.23585647 0.23389111 0.23192576 0.2299604 -9999 -9999 -9999
0.24408508 0.23893728 0.2309534 0.22104226 0.21770017 0.21492223 0.21214428 0.20936633 0.20180911 0.20100747 0.21476317 0.22851887 0.24227456 0.24956024 0.2485668 0.24757336 0.24657992 0.24666019 0.24763715 0.27134711 0.29113681 0.30565056 0.32016431 0.33467806 0.33680874 0.33321822 0.3296277 0.32603718 0.32747355 0.32803671 0.32646549 0.3178307 0.30711114 0.29639159 0.28593717 0.28411121 0.28228525 0.28045929 0.27797678 0.27461942 0.2764743 0.27815079 0.27845825 0.27876572 0.27907319 0.27823596 0.27579422 0.2685966 0.26139899 0.25420137 0.24420308 0.2341993 0.23223395 0.23026859 0.22830323 -9999 -9999 -9999
0.25083771 0.24568991 0.23770602 0.22779489 0.21788376 0.21300352 0.21022557 0.20744763 0.1998904 0.19216895 0.18720235 0.20095805 0.21471375 0.22199942 0.22100598 0.22001254 0.22038831 0.22111073 0.2220877 0.24579766 0.26950761 0.29068144 0.30519519 0.31970893 0.32183961 0.31824909 0.31515072 0.31689839 0.31864606 0.31920922 0.31763801 0.31606679 0.30880891 0.29808936 0.28763494 0.28580898 0.28398302 0.2813365 0.27797915 0.2746218 0.27647667 0.27888666 0.28083396 0.28114143 0.2814489 0.28061167 0.27922874 0.27728349 0.27008587 0.26288826 0.25288997 0.24139432 0.23057678 0.22861143 0.22664607 -9999 -9999 -9999
0.25759034 0.25244254 0.24445865 0.23454752 0.22463639 0.21472525 0.20830686 0.20552892 0.19797169 0.19025025 0.1825288 0.17480735 0.18715293 0.19443861 0.19344517 0.19411644 0.19483886 0.19556128 0.19653825 0.2202482 0.24395816 0.26766812 0.29022606 0.30473981 0.30687049 0.30457556 0.30632323 0.3080709 0.30981857 0.31038174 0.30881052 0.30723931 0.30566809 0.29978712 0.28933271 0.28750675 0.28469623 0.28133888 0.27798153 0.27462418 0.27647905 0.27888904 0.28129903 0.28351714 0.28382461 0.28298738 0.28160445 0.28022152 0.27877276 0.27157515 0.26157685 0.2500812 0.23858556 0.22708991 0.2249889 -9999 -9999 -9999
0.25805155 0.25863695 0.25121128 0.24130015 0.23138902 0.22147788 0.21156675 0.20361021 0.19605298 0.18833154 0.18061009 0.17288864 0.1651672 0.16712215 0.16784457 0.16856699 0.16928941 0.17001183 0.17098879 0.19469875 0.21840871 0.24211866 0.26582862 0.28953858 0.2940004 0.29574807 0.29749574 0.29924342 0.30099109 0.30155425 0.29998304 0.29841182 0.29684061 0.29526939 0.29103048 0.28805596 0.28469861 0.28134125 0.2779839 0.27462655 0.27648142 0.27889141 0.28130141 0.2837114 0.28612139 0.28536309 0.28398016 0.28259723 0.2812143 0.27983136 0.27026374 0.25876809 0.24727244 0.23577679 0.22428115 -9999 -9999 -9999
0.25079474 0.25621235 0.25447115 0.24458226 0.23467113 0.22475999 0.21484886 0.20493773 0.19714354 0.18942209 0.18170065 0.1739792 0.16657573 0.16309785 0.16382027 0.16454269 0.16526511 0.16598753 0.17137606 0.18635292 0.21006288 0.23377284 0.25748279 0.28119275 0.2898808 0.29162848 0.29337615 0.29512382 0.29737999 0.29559812 0.28859624 0.28702502 0.28545381 0.28388259 0.28225813 0.27890077 0.27554342 0.27218607 0.26882872 0.27615147 0.27941253 0.28182252 0.28423251 0.28664251 0.28739388 0.28620705 0.28482412 0.28344119 0.28205826 0.27927544 0.27024883 0.25875319 0.24725754 0.23576189 0.2247135 -9999 -9999 -9999
0.24805738 0.25823429 0.25649309 0.24665303 0.23677946 0.22686833 0.2169572 0.20704606 0.19925187 0.19153043 0.18380898 0.17659189 0.16983153 0.16635365 0.16707607 0.16779849 0.168827 0.1747158 0.18068798 0.19410751 0.20753556 0.23124552 0.25495547 0.27866543 0.28735348 0.28910115 0.29084883 0.29345828 0.2975532 0.29577133 0.28340003 0.27477263 0.27320141 0.2716302 0.27000573 0.26664838 0.26329103 0.25993368 0.26882102 0.28007312 0.28333418 0.28574417 0.28815416 0.28849524 0.28771978 0.28653296 0.28515003 0.28376709 0.28072594 0.27631747 0.26729086 0.25579521 0.24429956 0.23333854 0.22286607 -9999 -9999 -9999
0.25007932 0.26025624 0.25851504 0.24867497 0.2388349 0.22897666 0.21906553 0.2091544 0.20136021 0.19363876 0.18660805 0.17984769 0.17308733 0.16960945 0.17033187 0.17225013 0.17813892 0.18402771 0.18999989 0.20341942 0.21683895 0.23025848 0.25242815 0.27613811 0.28482616 0.28657383 0.28953657 0.29363149 0.29772641 0.29594454 0.28357324 0.27120194 0.26094902 0.2593778 0.25775334 0.25439599 0.25103863 0.26149056 0.27274266 0.28399477 0.28725583 0.28966582 0.2895966 0.28882114 0.28804568 0.28685886 0.28547593 0.28217643 0.27776796 0.27335949 0.26433289 0.25283724 0.24196358 0.23149111 0.22101863 -9999 -9999 -9999
0.25210127 0.26227818 0.26053698 0.25069691 0.24085685 0.23101678 0.22117386 0.21126273 0.20346854 0.19662421 0.18986385 0.18310349 0.17634313 0.17286525 0.17567325 0.18156204 0.18745083 0.19333963 0.19931181 0.21273134 0.22615087 0.2395704 0.25298993 0.27361078 0.28229884 0.28561486 0.28970978 0.2938047 0.29789962 0.29611776 0.28374645 0.27137515 0.25900385 0.24712541 0.24550094 0.24290801 0.25416011 0.26541221 0.27666431 0.28791641 0.29117748 0.29069797 0.28992251 0.28914705 0.28837159 0.28718477 0.28362693 0.27921846 0.27480999 0.27040152 0.26137491 0.25058862 0.24011615 0.22964367 0.21917119 -9999 -9999 -9999
0.25233134 0.26250826 0.26269511 0.25285504 0.24301498 0.23317491 0.22333484 0.21349478 0.20649767 0.19973731 0.19297695 0.18621659 0.17945623 0.17824469 0.18413349 0.19002228 0.19591107 0.20179986 0.20694007 0.21896182 0.23238135 0.24580088 0.25922041 0.27263994 0.27968157 0.28377649 0.28787141 0.29196633 0.29606125 0.29544131 0.28307001 0.27069871 0.25832741 0.24595611 0.23428908 0.24554118 0.25679328 0.26804538 0.27929749 0.29096121 0.29297906 0.2922036 0.29142814 0.29065268 0.28987722 0.28520345 0.28079498 0.27638651 0.27197804 0.26756957 0.25928416 0.24881169 0.23833921 0.22786673 0.21739425 -9999 -9999 -9999
0.23904706 0.24922398 0.25572469 0.25604031 0.24620024 0.23636017 0.2265201 0.21668004 0.20886722 0.20177415 0.19501379 0.18825343 0.18149307 0.18028153 0.18617033 0.19205912 0.19794791 0.20230315 0.2029651 0.2048087 0.21537153 0.22879106 0.24221059 0.25563011 0.26267174 0.26676666 0.27086158 0.2749565 0.27689273 0.27725172 0.27598546 0.26361415 0.25124285 0.23887155 0.22720452 0.23845663 0.24970873 0.26096083 0.27374845 0.29845415 0.30251198 0.3026068 0.30183134 0.30105588 0.30028042 0.28921376 0.2789135 0.27450503 0.27009656 0.26568809 0.25771848 0.24756646 0.23709398 0.2266215 0.21614902 -9999 -9999 -9999
0.22576278 0.23593969 0.24244041 0.24644299 0.2493855 0.23954543 0.22970536 0.2198653 0.21205248 0.20430933 0.19705063 0.19029027 0.18352992 0.18231838 0.18820717 0.19409596 0.19767946 0.19832818 0.19899013 0.20083373 0.20267733 0.21178123 0.22520076 0.23862029 0.24566191 0.24975683 0.25385175 0.25534542 0.25592886 0.25628785 0.25624242 0.25619699 0.2441583 0.23178699 0.22011997 0.23137207 0.24262417 0.25653569 0.28124139 0.30594709 0.31000492 0.31186369 0.31223453 0.31145907 0.31068361 0.29961696 0.28364419 0.27262355 0.26821508 0.26380661 0.255837 0.24596346 0.23584875 0.22537627 0.21490379 -9999 -9999 -9999
0.21247849 0.22265541 0.22915612 0.2331587 0.23716128 0.24116386 0.23289062 0.22305056 0.21523774 0.20749459 0.19975144 0.19232712 0.18556676 0.18435522 0.19024401 0.19305577 0.19370449 0.19435321 0.19501516 0.19685876 0.19870236 0.20054595 0.20819093 0.22161046 0.22865208 0.23274701 0.23379812 0.23438155 0.23496499 0.23532398 0.23527855 0.23523312 0.23518769 0.22470244 0.21303541 0.22428751 0.23932294 0.26402863 0.28873433 0.31344003 0.31749786 0.31935663 0.3212154 0.32186227 0.32108681 0.31002016 0.29404739 0.27807462 0.2663336 0.26192513 0.25395552 0.24408198 0.23420845 0.22413104 0.21365856 -9999 -9999 -9999
0.20617357 0.20937112 0.21587184 0.21987442 0.223877 0.22787958 0.23188216 0.22623582 0.218423 0.21067985 0.2029367 0.19519354 0.1876036 0.18639206 0.18843208 0.1890808 0.18972952 0.19037824 0.19104019 0.19288379 0.19472739 0.19657098 0.19841458 0.20460063 0.21164226 0.21225081 0.21283425 0.21341768 0.21400111 0.21436011 0.21431468 0.21426925 0.21422382 0.2141784 0.20595085 0.22211018 0.24681588 0.27152157 0.29622727 0.32093297 0.3249908 0.32684957 0.32870834 0.33056711 0.33149001 0.32042336 0.30445059 0.28847782 0.27250505 0.26004365 0.25207404 0.24220051 0.23232697 0.22245343 0.21241333 -9999 -9999 -9999
0.21050786 0.20921659 0.20617918 0.21018176 0.21418434 0.21818692 0.2221895 0.22619207 0.21883911 0.21109596 0.2033528 0.19560965 0.18786649 0.18717687 0.18782559 0.18847432 0.18912304 0.18977176 0.18419555 0.18647114 0.18831474 0.19015833 0.19200193 0.19384553 0.19482719 0.19541062 0.19599406 0.19657749 0.19716092 0.19795632 0.19878801 0.19874258 0.19869715 0.19865172 0.19934419 0.22404989 0.24875558 0.27346128 0.29816698 0.32368204 0.32796845 0.32982722 0.33168599 0.33354476 0.33562052 0.32597462 0.31000185 0.29402908 0.27805632 0.26188666 0.24903221 0.23915867 0.22928513 0.21941159 0.2093592 -9999 -9999 -9999
0.21855205 0.20353434 0.20065466 0.2060233 0.2101996 0.21420218 0.21820476 0.22220734 0.21485438 0.20711123 0.19936807 0.19255846 0.19196965 0.19192371 0.19257243 0.19322116 0.19386988 0.18544296 0.17276239 0.17558081 0.17802804 0.17987164 0.18171524 0.18355883 0.1845405 0.18512393 0.18570736 0.1862908 0.18083163 0.18047089 0.18943826 0.19185689 0.19181146 0.19176603 0.1924585 0.2171642 0.24186989 0.26657559 0.2924034 0.31948382 0.32377023 0.325629 0.32748777 0.3298354 0.33346091 0.32381502 0.30784225 0.29186948 0.27543074 0.25700073 0.24414628 0.23427274 0.2243992 0.21398794 0.20083715 -9999 -9999 -9999
