P2_models/J1_p2_vp_slide_diff2_280.dat.tif
NCOLS 118
NROWS 92
XLLCORNER 139.62
YLLCORNER -39.07
DX 0.099491525
DY 0.099347826
NODATA_VALUE -9999
[rows 50 to 74 of 92, columns 55 to 109 of 118]
-0.16080153 -0.15837322 -0.15906207 -0.16219392 -0.16532577 -0.16415837 -0.16006945 -0.15598052 -0.15610385 -0.15869916 -0.16129447 -0.15947864 -0.15751124 -0.15516434 -0.15211555 -0.14906677 -0.14641665 -0.14427666 -0.14213667 -0.14003453 -0.13793802 -0.13592272 -0.14115992 -0.14639712 -0.14899263 -0.14132484 -0.13365705 -0.13117691 -0.13109356 -0.13105337 -0.13123433 -0.1314153 -0.12726536 -0.11531155 -0.10335774 -0.0999208 -0.10343736 -0.10705705 -0.11403316 -0.12100927 -0.1313821 -0.14397987 -0.15657764 -0.1588372 -0.1599957 -0.15913733 -0.15561189 -0.15208644 -0.15296251 -0.15593691 -0.15935059 -0.16379348 -0.16823638 -0.16909713 -0.16804271
-0.16261981 -0.16465781 -0.16778966 -0.17092152 -0.17405337 -0.17288597 -0.16879704 -0.16470812 -0.16061919 -0.15912062 -0.16171592 -0.1599001 -0.15731479 -0.15426601 -0.15121723 -0.14816845 -0.14551833 -0.14338132 -0.14128482 -0.13918831 -0.1370918 -0.1350765 -0.1403137 -0.14555089 -0.15078809 -0.15565588 -0.14798808 -0.14550795 -0.14551429 -0.14569525 -0.14587622 -0.14605718 -0.14190724 -0.12995343 -0.11799962 -0.10604581 -0.099884899 -0.10350459 -0.1104807 -0.12159388 -0.13419165 -0.14678943 -0.1593872 -0.16164675 -0.16006759 -0.15654214 -0.1530167 -0.14949126 -0.15036732 -0.15394181 -0.15838471 -0.1628276 -0.1672705 -0.16813124 -0.16707279
-0.17025356 -0.17338541 -0.17651726 -0.17964911 -0.18278096 -0.18161356 -0.17752464 -0.17343571 -0.16934679 -0.16525787 -0.16213738 -0.15946525 -0.15641647 -0.15336769 -0.1503189 -0.14727012 -0.14463161 -0.1425351 -0.14043859 -0.13834209 -0.13624558 -0.13423028 -0.13946747 -0.14470467 -0.14994187 -0.15517906 -0.16041626 -0.15997521 -0.16015617 -0.16033714 -0.1605181 -0.16069906 -0.15654913 -0.14459531 -0.1326415 -0.12068769 -0.10873388 -0.099952136 -0.11180566 -0.12440344 -0.13700121 -0.14959898 -0.16219675 -0.16099785 -0.1574724 -0.15394696 -0.15042151 -0.14689607 -0.14853304 -0.15297593 -0.15741883 -0.16186172 -0.16630461 -0.16716017 -0.16609521
-0.1597008 -0.16283265 -0.1659645 -0.16909635 -0.18383622 -0.18458243 -0.17640229 -0.17231337 -0.16822444 -0.16413552 -0.1600466 -0.15696326 -0.15391448 -0.1508657 -0.14781691 -0.14821619 -0.14977929 -0.14768278 -0.14558628 -0.14348977 -0.14139124 -0.13917977 -0.13864941 -0.1438866 -0.1491238 -0.154361 -0.15959819 -0.16137699 -0.16155796 -0.16173892 -0.16191988 -0.16075004 -0.16065301 -0.16030664 -0.14835283 -0.13639902 -0.1244452 -0.11322334 -0.12582111 -0.13841888 -0.15101666 -0.16361443 -0.1542332 -0.14977712 -0.14625168 -0.14272623 -0.13920079 -0.14400942 -0.15005644 -0.15449934 -0.15894223 -0.16338512 -0.16153688 -0.15862131 -0.15755635
-0.14592234 -0.14905419 -0.15218604 -0.1708566 -0.19221707 -0.19296329 -0.17970124 -0.16954308 -0.16545415 -0.16136523 -0.1572763 -0.15419297 -0.15114419 -0.1480954 -0.14994366 -0.15436669 -0.15592979 -0.15383328 -0.15173677 -0.14961549 -0.14738688 -0.14517541 -0.14449436 -0.14381331 -0.14831044 -0.15354764 -0.15878484 -0.16056364 -0.1607446 -0.16092556 -0.15916214 -0.1553993 -0.15530227 -0.1618107 -0.16424308 -0.15228927 -0.14033546 -0.12911359 -0.14171136 -0.15430914 -0.16690691 -0.15476351 -0.14156937 -0.13711329 -0.13358785 -0.13006241 -0.13653739 -0.14594929 -0.15199632 -0.15643921 -0.1608821 -0.15810999 -0.15173298 -0.1488174 -0.14775245
-0.13214387 -0.1365165 -0.15787697 -0.17923745 -0.20059792 -0.20134414 -0.1880821 -0.17482005 -0.16268386 -0.15859493 -0.15450601 -0.15142268 -0.14837389 -0.15167112 -0.15609415 -0.16051718 -0.16208028 -0.15998377 -0.15783974 -0.15561113 -0.15338252 -0.15117105 -0.15049 -0.14980896 -0.14912791 -0.15273428 -0.15797148 -0.15975028 -0.15993124 -0.15757424 -0.1538114 -0.15004856 -0.14995153 -0.15645996 -0.1629684 -0.16817952 -0.15622571 -0.14500384 -0.15760162 -0.16848796 -0.15529382 -0.14209968 -0.12890555 -0.12444947 -0.12092403 -0.12906537 -0.13847727 -0.14788916 -0.15393619 -0.15837909 -0.1546831 -0.14830609 -0.14192908 -0.1390135 -0.13794854
-0.12353688 -0.14489735 -0.16625783 -0.1876183 -0.20897878 -0.20972499 -0.19646295 -0.18320091 -0.16993886 -0.15667682 -0.15173572 -0.14897555 -0.15339858 -0.15782161 -0.16224465 -0.16666768 -0.16823077 -0.166064 -0.16383539 -0.16160678 -0.15937817 -0.15716669 -0.15648564 -0.1558046 -0.15512355 -0.1544425 -0.15715812 -0.15893693 -0.15598634 -0.1522235 -0.14846066 -0.14469781 -0.14460078 -0.15110922 -0.15761765 -0.16412609 -0.17063452 -0.1608941 -0.16901827 -0.15582413 -0.14263 -0.12943586 -0.11624172 -0.11218145 -0.12159334 -0.13100524 -0.14041714 -0.14982904 -0.15587607 -0.1512562 -0.14487919 -0.13850219 -0.13212518 -0.1292096 -0.13251451
-0.12601881 -0.14737928 -0.16873976 -0.19010023 -0.21146071 -0.21628223 -0.20302018 -0.18975814 -0.1764961 -0.16323405 -0.14997201 -0.1532138 -0.15763683 -0.16205986 -0.16648289 -0.17090593 -0.17241107 -0.17018246 -0.16795385 -0.16572524 -0.16349663 -0.16281699 -0.16107146 -0.16039041 -0.15970937 -0.15902832 -0.15834727 -0.15555832 -0.15179547 -0.14803263 -0.14426978 -0.14050694 -0.13858166 -0.14509009 -0.15159853 -0.15810696 -0.1646154 -0.17053645 -0.15734231 -0.14414817 -0.13095404 -0.1177599 -0.10634563 -0.11418173 -0.12359363 -0.13300553 -0.14241743 -0.15182933 -0.15138602 -0.14500901 -0.138632 -0.13225499 -0.12587798 -0.12463671 -0.12895305
-0.11502295 -0.12971369 -0.15107417 -0.17243464 -0.19379512 -0.20316311 -0.20334891 -0.19008687 -0.17682483 -0.16356279 -0.15030074 -0.15205953 -0.15534388 -0.15976691 -0.16418995 -0.16861298 -0.17011813 -0.16788951 -0.1656609 -0.16343229 -0.16399894 -0.16749163 -0.16264076 -0.16016103 -0.15947998 -0.15879893 -0.15811789 -0.15532893 -0.15156609 -0.14780324 -0.1440404 -0.14343656 -0.14202087 -0.13771326 -0.14329658 -0.14980502 -0.15631345 -0.1622345 -0.14904037 -0.13584623 -0.12265209 -0.11270237 -0.11062885 -0.11730882 -0.12580026 -0.13521216 -0.14462405 -0.15403595 -0.15501061 -0.15090961 -0.1445326 -0.13815559 -0.13177858 -0.12761813 -0.12676342
-0.12497915 -0.12411144 -0.13340858 -0.15476906 -0.17612953 -0.18549752 -0.18671612 -0.18793471 -0.17715356 -0.16389152 -0.15062947 -0.15238826 -0.15466318 -0.15747397 -0.161897 -0.16632003 -0.16782518 -0.16559657 -0.16336796 -0.16508747 -0.16867359 -0.17216628 -0.16731541 -0.16246454 -0.1592506 -0.15856955 -0.1578885 -0.15509955 -0.1513367 -0.14757386 -0.14766589 -0.14785511 -0.14643942 -0.14213181 -0.1378242 -0.14150307 -0.14801151 -0.15393256 -0.14073842 -0.12754428 -0.1190591 -0.11698558 -0.11491206 -0.12159204 -0.12920429 -0.13741878 -0.14683068 -0.15624258 -0.15721724 -0.15416961 -0.1504332 -0.14405619 -0.13767918 -0.13351873 -0.13054333
-0.13493535 -0.13406764 -0.13319993 -0.13710347 -0.15846394 -0.16783193 -0.16905053 -0.17026912 -0.17148771 -0.16422025 -0.1509582 -0.15271699 -0.15499191 -0.15726683 -0.15960405 -0.16402708 -0.16553223 -0.16330362 -0.166176 -0.16976212 -0.17334823 -0.17684092 -0.17199006 -0.16713919 -0.16228832 -0.15834017 -0.15765912 -0.15487017 -0.151706 -0.15189522 -0.15208444 -0.15227366 -0.15085797 -0.14655036 -0.14224275 -0.13793514 -0.13970956 -0.14563061 -0.13243647 -0.12541584 -0.12334232 -0.1212688 -0.11919528 -0.12587525 -0.1334875 -0.14109975 -0.1490373 -0.1584492 -0.15942386 -0.15637624 -0.15332861 -0.14995679 -0.14357978 -0.13941932 -0.13644393
-0.14489155 -0.14402384 -0.14315613 -0.14228842 -0.14142071 -0.15016635 -0.15138494 -0.15260353 -0.15382213 -0.15504072 -0.15128694 -0.15304572 -0.15532064 -0.15759556 -0.15987048 -0.1621454 -0.16367841 -0.16726453 -0.17085065 -0.17443676 -0.17802288 -0.18151557 -0.1766647 -0.17181383 -0.16696296 -0.1621121 -0.15742974 -0.15593532 -0.15612455 -0.15631377 -0.15650299 -0.15669221 -0.15527652 -0.15096891 -0.1466613 -0.14235369 -0.13804609 -0.13732866 -0.13177258 -0.12969906 -0.12762554 -0.12555201 -0.12347849 -0.13015847 -0.13777072 -0.14538297 -0.15299522 -0.16065583 -0.16163049 -0.15858286 -0.15553524 -0.15248761 -0.14943999 -0.14531992 -0.14234453
-0.14776458 -0.14689687 -0.14602917 -0.14516146 -0.14429375 -0.14899064 -0.15217404 -0.15339263 -0.15461123 -0.15582982 -0.15704841 -0.14533825 -0.14761317 -0.14988809 -0.15216301 -0.15443793 -0.15728803 -0.16087415 -0.16446026 -0.16804638 -0.1716325 -0.18254007 -0.17264368 -0.16779281 -0.16294194 -0.15809108 -0.15324021 -0.15183669 -0.15202591 -0.15221513 -0.15240436 -0.15314035 -0.15478783 -0.15186949 -0.14756189 -0.14325428 -0.13894667 -0.13470567 -0.13263215 -0.13055863 -0.12848511 -0.12641159 -0.13292802 -0.12749238 -0.13510463 -0.14271688 -0.15032913 -0.15794138 -0.16549343 -0.1634615 -0.16041388 -0.15736625 -0.15431863 -0.14793664 -0.14433004
-0.15185228 -0.14668979 -0.14582208 -0.14495437 -0.14408666 -0.14878356 -0.15726184 -0.16220677 -0.16342537 -0.16464396 -0.16586255 -0.15224666 -0.13812103 -0.13868607 -0.14096099 -0.14323591 -0.14608601 -0.14967213 -0.15325824 -0.15724276 -0.16979048 -0.18207645 -0.17098558 -0.15999048 -0.15513961 -0.15028874 -0.14543787 -0.14403435 -0.14422358 -0.1444128 -0.14569411 -0.14898033 -0.1506278 -0.1493224 -0.14693268 -0.14262508 -0.13831747 -0.13407647 -0.13200295 -0.12992942 -0.1278559 -0.13600602 -0.14633733 -0.1392539 -0.13031573 -0.13702889 -0.14464114 -0.15225339 -0.15980544 -0.16732879 -0.16645445 -0.16340682 -0.1603592 -0.15397721 -0.14581254
-0.15767781 -0.15195545 -0.14623309 -0.14474729 -0.14387958 -0.14857647 -0.15705475 -0.16553303 -0.17223951 -0.1734581 -0.17467669 -0.1610608 -0.14693517 -0.13280955 -0.12975897 -0.13203389 -0.13488399 -0.13847011 -0.14423141 -0.15677913 -0.16932686 -0.18161283 -0.17052196 -0.1594311 -0.14834023 -0.1424864 -0.13763553 -0.13623202 -0.13642124 -0.13824786 -0.14153408 -0.14482031 -0.14646778 -0.14516238 -0.14385697 -0.14199587 -0.13768827 -0.13344726 -0.13137374 -0.12930022 -0.13908401 -0.14941532 -0.15974664 -0.1526632 -0.14372504 -0.13478687 -0.13895314 -0.14656539 -0.15411744 -0.16164079 -0.16916414 -0.16944739 -0.16639977 -0.16001778 -0.15185311
-0.16350335 -0.15778099 -0.15205862 -0.14633626 -0.14367249 -0.14836939 -0.15684767 -0.16532594 -0.17380422 -0.18227224 -0.18349083 -0.16987494 -0.15574931 -0.14162369 -0.12749806 -0.12083187 -0.12368197 -0.13122006 -0.14376779 -0.15631551 -0.16886323 -0.1811492 -0.17005834 -0.15896747 -0.14787661 -0.13678574 -0.1298332 -0.12842968 -0.13080161 -0.13408783 -0.13737406 -0.14066028 -0.14230775 -0.14100235 -0.13969695 -0.13839154 -0.13705906 -0.13281806 -0.13183068 -0.142162 -0.15249331 -0.16282463 -0.17315595 -0.16607251 -0.15713434 -0.14819618 -0.13925801 -0.1408774 -0.14842945 -0.1559528 -0.16347615 -0.1709995 -0.17244034 -0.16605835 -0.15789368
-0.16748812 -0.16176575 -0.15604339 -0.15032103 -0.14459867 -0.14592825 -0.15440652 -0.1628848 -0.17136308 -0.17984135 -0.18831963 -0.1749449 -0.16081927 -0.14669365 -0.13256802 -0.1184424 -0.11903063 -0.13157835 -0.14412608 -0.1566738 -0.16922152 -0.17877546 -0.17091 -0.15981913 -0.14872827 -0.1376374 -0.12654654 -0.12528941 -0.12857563 -0.13186185 -0.13514808 -0.1384343 -0.14061661 -0.13931121 -0.1380058 -0.1367004 -0.135395 -0.13443651 -0.14476783 -0.15509915 -0.16543046 -0.17576178 -0.18452782 -0.17582767 -0.1668895 -0.15795134 -0.14901317 -0.140075 -0.14459922 -0.15212257 -0.15964592 -0.16716927 -0.17469262 -0.17067376 -0.16250909
-0.16231717 -0.15659481 -0.15087245 -0.14498987 -0.13578922 -0.1351694 -0.14085349 -0.14933177 -0.15781005 -0.16628832 -0.1747666 -0.16139187 -0.14726624 -0.13314062 -0.11901499 -0.11762327 -0.123477 -0.13602472 -0.14857244 -0.16112017 -0.16769174 -0.16575273 -0.17202163 -0.16721282 -0.15612195 -0.14503109 -0.13394022 -0.13268309 -0.13596932 -0.13925554 -0.14254176 -0.14702419 -0.15011033 -0.14988262 -0.14859451 -0.14728911 -0.14598371 -0.14502522 -0.15535654 -0.16568786 -0.17601918 -0.18257315 -0.17610776 -0.16740761 -0.15846944 -0.14953128 -0.14088334 -0.14393084 -0.15000926 -0.15753261 -0.16505596 -0.17257931 -0.1733752 -0.16820066 -0.16003599
-0.15714623 -0.15142387 -0.14469729 -0.13549664 -0.12629598 -0.12567616 -0.13088738 -0.13609861 -0.14425702 -0.15273529 -0.16121357 -0.14783884 -0.13371321 -0.12082473 -0.12144718 -0.12206964 -0.12792336 -0.14047109 -0.15301881 -0.15669992 -0.15466901 -0.15273 -0.1589989 -0.1652678 -0.16351564 -0.15242478 -0.14133391 -0.14007678 -0.143363 -0.14664923 -0.15142024 -0.15634545 -0.15943158 -0.15920388 -0.15897617 -0.15787782 -0.15657242 -0.15561394 -0.16594525 -0.17627657 -0.18061848 -0.17415309 -0.1676877 -0.15898755 -0.15004938 -0.14324588 -0.14629338 -0.14934088 -0.1554193 -0.16294265 -0.17006558 -0.17048384 -0.1709021 -0.16572757 -0.15756289
-0.15197528 -0.14440471 -0.13520405 -0.1260034 -0.11680274 -0.11618292 -0.12139415 -0.12660537 -0.1318166 -0.13918226 -0.14766054 -0.13428581 -0.12464864 -0.12527109 -0.12589355 -0.126516 -0.13236973 -0.14491745 -0.14570811 -0.14367719 -0.14164627 -0.13970726 -0.14597617 -0.15224507 -0.15851398 -0.15981846 -0.1487276 -0.14747046 -0.15089108 -0.15581629 -0.1607415 -0.1656667 -0.16875284 -0.16852513 -0.16829743 -0.16806972 -0.16716113 -0.16620265 -0.17653397 -0.17866381 -0.17219842 -0.16573303 -0.15926764 -0.15056749 -0.14560842 -0.14865592 -0.15170342 -0.15475092 -0.16082935 -0.16717422 -0.16759248 -0.16801074 -0.168429 -0.16325447 -0.15659672
-0.14411213 -0.13491147 -0.12571082 -0.11651016 -0.10730951 -0.10668969 -0.11190091 -0.11711214 -0.12232336 -0.12753458 -0.13410751 -0.12847255 -0.12909501 -0.12971746 -0.13033992 -0.13096237 -0.13674721 -0.13471629 -0.13268537 -0.13065446 -0.12862354 -0.12668453 -0.13295343 -0.13922234 -0.14549124 -0.15176015 -0.15612128 -0.15528713 -0.16021234 -0.16513755 -0.17006275 -0.17498796 -0.17807409 -0.17784639 -0.17761868 -0.17739098 -0.17716328 -0.17679136 -0.17670914 -0.17024375 -0.16377836 -0.15731297 -0.15084758 -0.14797096 -0.15101846 -0.15406596 -0.15711346 -0.16016097 -0.16428285 -0.16470112 -0.16511938 -0.16553764 -0.1659559 -0.16346438 -0.16603962
-0.1437063 -0.13450564 -0.12530499 -0.11610433 -0.10690367 -0.10882545 -0.11495549 -0.12016671 -0.12537794 -0.13058916 -0.13580038 -0.13330195 -0.13392441 -0.13454686 -0.13516932 -0.13579177 -0.13525027 -0.13321935 -0.13118844 -0.12915752 -0.1271266 -0.11936356 -0.12201803 -0.12828694 -0.13455584 -0.14082475 -0.14709365 -0.15244348 -0.15736869 -0.16229389 -0.1672191 -0.17277268 -0.18122827 -0.18343046 -0.18320275 -0.18297505 -0.18274735 -0.18233368 -0.17586829 -0.1694029 -0.16293751 -0.15647213 -0.14842602 -0.14581907 -0.14886657 -0.15191408 -0.15496158 -0.15800908 -0.16243565 -0.16307142 -0.16348968 -0.16390794 -0.16432621 -0.16341907 -0.16569185
-0.14300548 -0.13925921 -0.13005855 -0.1208579 -0.11165724 -0.11357902 -0.12305896 -0.13034535 -0.13555657 -0.1407678 -0.14597902 -0.14277914 -0.13929024 -0.13959373 -0.14021619 -0.14083864 -0.14029714 -0.13826622 -0.13623531 -0.13406954 -0.1246558 -0.11536278 -0.11685159 -0.11853662 -0.12480553 -0.13107443 -0.13734334 -0.14269317 -0.14761838 -0.15254358 -0.15912393 -0.16911194 -0.17756752 -0.18326182 -0.18666503 -0.18643732 -0.18620962 -0.18579595 -0.17933056 -0.17286517 -0.16639979 -0.1579661 -0.14903859 -0.14552853 -0.14259544 -0.14546889 -0.14851639 -0.15156389 -0.15599046 -0.16107448 -0.16233883 -0.16275709 -0.16317535 -0.16226822 -0.16065248
-0.1396753 -0.13683535 -0.1339954 -0.12561146 -0.11641081 -0.11833259 -0.12781253 -0.13729247 -0.14573521 -0.15094643 -0.15615766 -0.15295778 -0.14946888 -0.14597998 -0.14526306 -0.14588551 -0.14534401 -0.14331309 -0.1394825 -0.13006876 -0.12065501 -0.111362 -0.11285081 -0.11433961 -0.11582842 -0.12132412 -0.12759303 -0.13294286 -0.13786807 -0.14547518 -0.15546319 -0.1654512 -0.17390678 -0.17960108 -0.18529537 -0.18989959 -0.18967189 -0.18925822 -0.18279283 -0.17632745 -0.16750618 -0.15857867 -0.14965116 -0.1461411 -0.14320801 -0.14027493 -0.1420712 -0.1451187 -0.14954527 -0.15462929 -0.15971331 -0.16160624 -0.1620245 -0.16111737 -0.15950162
-0.13634511 -0.13350516 -0.13066521 -0.12782526 -0.12116438 -0.12308615 -0.1325661 -0.14204604 -0.15152598 -0.16100593 -0.16633629 -0.16313641 -0.15964752 -0.15615862 -0.15266972 -0.15093238 -0.15039088 -0.14489545 -0.13548171 -0.12606797 -0.11665423 -0.10736122 -0.10885002 -0.11033883 -0.11182764 -0.11331644 -0.11784271 -0.12319255 -0.13182642 -0.14181443 -0.15180245 -0.16179046 -0.17024604 -0.17594034 -0.18163463 -0.18732892 -0.19302322 -0.19272049 -0.18597378 -0.17704627 -0.16811875 -0.15919124 -0.15026373 -0.14675367 -0.14382058 -0.1408875 -0.13795441 -0.13867351 -0.14310008 -0.1481841 -0.15326812 -0.15835213 -0.16087364 -0.15996651 -0.15835077
