P2_models/J1_p2_tot_conduct_slide_61.34.dat.tif
NCOLS 118
NROWS 92
XLLCORNER 139.62
YLLCORNER -39.07
DX 0.099491525
DY 0.099347826
NODATA_VALUE -9999
[rows 52 to 77 of 92, columns 0 to 56 of 118]
-1.525162 -1.5426827 -1.5576064 -1.5720389 -1.5909896 -1.6221908 -1.666962 -1.7185916 -1.7801816 -1.8507033 -1.9402456 -2.0301645 -2.1346306 -2.2374399 -2.3369315 -2.4354737 -2.5349652 -2.6303973 -2.7199397 -2.8040201 -2.8786387 -2.9546518 -3.0242959 -3.0869272 -3.1316984 -3.1698556 -3.1798047 -3.1792416 -3.1344705 -3.0754325 -2.9549954 -2.8211711 -2.6420863 -2.4491728 -2.2082986 -1.9662101 -1.7224558 -1.4863495 -1.2611844 -1.0725784 -0.92595927 -0.83393779 -0.78916661 -0.79940447 -0.86224122 -0.97027146 -1.1116542 -1.2773784 -1.4595864 -1.6382305 -1.8195531 -1.9723051 -2.1220226 -2.238096 -2.3455388 -2.4188483 -2.4900681
-1.5150964 -1.5365282 -1.5538093 -1.5710896 -1.5900404 -1.6212415 -1.6660127 -1.720791 -1.7855009 -1.8569718 -1.9465142 -2.0411795 -2.1476471 -2.255431 -2.358585 -2.4564706 -2.5522488 -2.6486301 -2.7381725 -2.8216979 -2.8925015 -2.9656668 -3.030069 -3.0763741 -3.1054783 -3.1353808 -3.1294596 -3.119896 -3.0590511 -2.9926352 -2.864191 -2.7220227 -2.5393178 -2.3397593 -2.1011759 -1.8726032 -1.6449581 -1.423932 -1.2209218 -1.0588076 -0.93641806 -0.8824863 -0.86383327 -0.90603644 -0.98705644 -1.1273151 -1.2812986 -1.466593 -1.6538488 -1.8371227 -2.0203966 -2.1592324 -2.3080196 -2.4035503 -2.5030054 -2.5514375 -2.6082886
-1.5114732 -1.5351083 -1.5550066 -1.5743505 -1.5933012 -1.622872 -1.6676431 -1.720791 -1.7871186 -1.863283 -1.9528254 -2.0491982 -2.1586389 -2.2631619 -2.367628 -2.4672763 -2.5617688 -2.6500654 -2.7393817 -2.8198987 -2.8892903 -2.9545742 -3.0092946 -3.0434678 -3.0674291 -3.078785 -3.0679996 -3.0411395 -2.9758108 -2.8931808 -2.7619562 -2.6177835 -2.4337242 -2.2325746 -1.9969367 -1.7911901 -1.5723088 -1.3854877 -1.1969775 -1.0726934 -0.97320192 -0.95480287 -0.96475203 -1.0428843 -1.1476122 -1.3064999 -1.4845374 -1.6785427 -1.8775258 -2.0565928 -2.2398667 -2.3689199 -2.502196 -2.5845857 -2.6586731 -2.6973626 -2.7196269
-1.5310018 -1.5536465 -1.5685702 -1.5875968 -1.6065476 -1.6353886 -1.6751852 -1.7268452 -1.7884352 -1.863411 -1.957928 -2.0558214 -2.1553904 -2.2565387 -2.3610049 -2.4606532 -2.5501955 -2.636819 -2.7114377 -2.7867827 -2.8464776 -2.9082119 -2.9442059 -2.9706127 -2.9755873 -2.9794372 -2.9545643 -2.9219221 -2.8473034 -2.760717 -2.6245707 -2.4789027 -2.3097671 -2.1133572 -1.9090698 -1.715448 -1.5363633 -1.3652817 -1.2396082 -1.1376392 -1.1009844 -1.1004114 -1.1601064 -1.2529075 -1.3992933 -1.5638473 -1.7560881 -1.9500935 -2.1490765 -2.3168062 -2.4849246 -2.5941352 -2.7075149 -2.7572606 -2.8110064 -2.8162428 -2.8254746
-1.5620091 -1.5881465 -1.6058834 -1.6252273 -1.6417911 -1.6681422 -1.7035157 -1.7458995 -1.804812 -1.8780415 -1.9693387 -2.0590294 -2.1569619 -2.2547924 -2.3577503 -2.4508181 -2.5338187 -2.6186958 -2.6890951 -2.74879 -2.8030624 -2.8414056 -2.8710085 -2.8831272 -2.883086 -2.8587004 -2.816202 -2.7783206 -2.7013975 -2.6038692 -2.4691519 -2.3251853 -2.1622519 -1.9947965 -1.8072115 -1.6408466 -1.485148 -1.363173 -1.2669774 -1.2198855 -1.218855 -1.2670129 -1.3518745 -1.4991424 -1.656744 -1.8350357 -2.0324148 -2.2313978 -2.4180653 -2.5834801 -2.7137626 -2.8196859 -2.878696 -2.9231522 -2.9243252 -2.916699 -2.8778007
-1.6092482 -1.6368475 -1.6567458 -1.6733172 -1.6875303 -1.707661 -1.7375085 -1.7768923 -1.8337446 -1.8973941 -1.9819619 -2.0699449 -2.1644619 -2.2531356 -2.3526271 -2.4426949 -2.5222881 -2.591161 -2.6508559 -2.6970339 -2.7368305 -2.7693602 -2.7842839 -2.7762797 -2.7608686 -2.7297246 -2.6792373 -2.6177839 -2.5328178 -2.4379211 -2.3071954 -2.1790254 -2.0297881 -1.8779483 -1.7208564 -1.614161 -1.4947712 -1.4203024 -1.3627021 -1.3662627 -1.3976811 -1.4858432 -1.5903093 -1.7405772 -1.9186146 -2.1077288 -2.3067119 -2.483219 -2.6664929 -2.7871543 -2.9128278 -2.9608131 -3.0146638 -3.0015 -2.981558 -2.9318149 -2.8692498
-1.6820231 -1.7082407 -1.7231644 -1.7395491 -1.7537622 -1.7730327 -1.7979056 -1.8351022 -1.8824792 -1.9432394 -2.0178581 -2.1030609 -2.187967 -2.2725348 -2.3571026 -2.4424831 -2.5121271 -2.5777494 -2.6225206 -2.6638968 -2.6788205 -2.7031283 -2.6952962 -2.6769318 -2.6371352 -2.5972608 -2.5226422 -2.4522042 -2.3576872 -2.259095 -2.1334215 -2.0080174 -1.8886276 -1.7454845 -1.639339 -1.5556961 -1.5009757 -1.4486782 -1.459151 -1.484632 -1.5736508 -1.6776735 -1.8269108 -1.9821047 -2.1702958 -2.3553716 -2.5451466 -2.70421 -2.8585653 -2.9525439 -3.0452916 -3.0623389 -3.0875189 -3.0322458 -2.9881812 -2.8991624 -2.8218665
-1.7606173 -1.7935504 -1.8102586 -1.8247665 -1.8389795 -1.85589 -1.8783766 -1.9092977 -1.9515806 -2.0033118 -2.0689668 -2.1470007 -2.2287113 -2.3016732 -2.3769722 -2.4519044 -2.5121271 -2.5693305 -2.6045278 -2.6357609 -2.6409582 -2.648615 -2.6304454 -2.5800641 -2.5235483 -2.468883 -2.3806856 -2.2982619 -2.1968539 -2.0971396 -1.9783273 -1.8632958 -1.7591421 -1.6446104 -1.555343 -1.522029 -1.4964468 -1.4922454 -1.5312307 -1.6047544 -1.7128464 -1.8492938 -2.0057369 -2.1808685 -2.3710787 -2.5384739 -2.719621 -2.8402677 -2.9800972 -3.0284915 -3.1045029 -3.0713969 -3.0782167 -2.9864415 -2.9153973 -2.8013653 -2.7024715
-1.8461715 -1.8810214 -1.9009197 -1.9202302 -1.9344433 -1.9513537 -1.971252 -1.9953992 -2.0333007 -2.078906 -2.138601 -2.2006796 -2.2752983 -2.3441514 -2.4137955 -2.4731435 -2.5278639 -2.5748088 -2.6046562 -2.6213696 -2.6213696 -2.6028108 -2.5580396 -2.5035496 -2.4388801 -2.3565671 -2.2619965 -2.1648779 -2.0604118 -1.9505092 -1.8353084 -1.7285422 -1.6340252 -1.5585883 -1.5009879 -1.4772609 -1.4772609 -1.5162236 -1.5842968 -1.6947399 -1.8308862 -1.9920402 -2.1611758 -2.3391511 -2.5328978 -2.7020102 -2.8582261 -2.9626953 -3.0580013 -3.0940495 -3.116902 -3.0768039 -3.0220427 -2.9225512 -2.8103466 -2.6846731 -2.5551671
-1.9388961 -1.9756552 -2.0055027 -2.0262012 -2.0404143 -2.0569718 -2.0718955 -2.0930874 -2.1215136 -2.1650075 -2.2152508 -2.2735347 -2.3341285 -2.3971369 -2.4575328 -2.5124099 -2.5571811 -2.6013015 -2.6175817 -2.6279928 -2.6101065 -2.5829412 -2.5249079 -2.4638104 -2.3816614 -2.2903352 -2.1808945 -2.0787764 -1.9657739 -1.8511613 -1.7405056 -1.6358176 -1.564633 -1.4989796 -1.4761287 -1.4647362 -1.5045328 -1.5568452 -1.6563368 -1.7766976 -1.9337895 -2.0989488 -2.273059 -2.4433612 -2.612376 -2.7709049 -2.891342 -2.9819182 -3.0447549 -3.0611429 -3.0506701 -2.9871295 -2.9028254 -2.7848154 -2.6580132 -2.5147309 -2.3763411
-2.025088 -2.0737022 -2.1068578 -2.1275563 -2.1438954 -2.1585754 -2.1712434 -2.1902359 -2.2162455 -2.248691 -2.2927218 -2.3458828 -2.4016833 -2.4481113 -2.5018879 -2.5519472 -2.5876883 -2.6215739 -2.6334368 -2.6363266 -2.6133166 -2.5817912 -2.5200085 -2.4433517 -2.3523571 -2.2596791 -2.1469742 -2.0362327 -1.9218174 -1.8111522 -1.7077882 -1.6166934 -1.5557997 -1.5022917 -1.4861083 -1.5061517 -1.5535038 -1.6243227 -1.7311991 -1.8543347 -2.0074489 -2.1628359 -2.3302619 -2.4792394 -2.6358172 -2.747075 -2.8598348 -2.9044244 -2.9622694 -2.9313461 -2.9198151 -2.8263687 -2.7405956 -2.6001705 -2.4698491 -2.3266729 -2.1866372
-2.1067943 -2.1573254 -2.197122 -2.2259592 -2.2449099 -2.260829 -2.2707782 -2.2858663 -2.3095548 -2.3389374 -2.378734 -2.4165208 -2.461292 -2.5052417 -2.5549875 -2.593353 -2.6232004 -2.6468276 -2.6567767 -2.6549571 -2.6300842 -2.5933699 -2.5237259 -2.4495473 -2.3550304 -2.2588241 -2.1444088 -2.0299936 -1.9155783 -1.8061522 -1.7066606 -1.6249398 -1.5702194 -1.5343736 -1.5291372 -1.5504199 -1.6051402 -1.6835039 -1.7987046 -1.9259506 -2.0725697 -2.2162489 -2.3704608 -2.490051 -2.6209609 -2.7201982 -2.8039805 -2.8299461 -2.8480867 -2.8063606 -2.7554719 -2.6577734 -2.5555738 -2.4118638 -2.2711535 -2.1297708 -1.997043
-2.1796493 -2.2310046 -2.2757758 -2.3060721 -2.3297606 -2.3469305 -2.3568796 -2.3710076 -2.3899583 -2.4184156 -2.4444261 -2.4761295 -2.5118117 -2.551604 -2.5878688 -2.6194789 -2.6443518 -2.6666971 -2.6722543 -2.6682035 -2.6476717 -2.6132395 -2.552176 -2.4826633 -2.3923858 -2.2987883 -2.1943222 -2.0829791 -1.9727015 -1.8657609 -1.7750984 -1.6977948 -1.6521466 -1.6204751 -1.6200725 -1.6431445 -1.6929305 -1.7695554 -1.8690469 -1.9892459 -2.1044466 -2.2354765 -2.3449172 -2.442477 -2.5348594 -2.6230447 -2.6649359 -2.6797334 -2.6692607 -2.6182262 -2.550153 -2.4496547 -2.3436318 -2.2070683 -2.0724578 -1.9438905 -1.8182169
-2.2198408 -2.285008 -2.3328265 -2.3652605 -2.3909446 -2.4106044 -2.4205535 -2.4324821 -2.4491467 -2.466674 -2.4860928 -2.5143809 -2.5456998 -2.5672549 -2.5964195 -2.6264237 -2.648417 -2.6670696 -2.6720442 -2.6710018 -2.6540847 -2.6225593 -2.5665183 -2.5183064 -2.4410959 -2.3529052 -2.2609744 -2.1604108 -2.0637088 -1.9633471 -1.8838375 -1.8116314 -1.7696466 -1.7397101 -1.7382532 -1.7499068 -1.7924885 -1.8454657 -1.9263078 -2.0100366 -2.1085118 -2.1908535 -2.2848882 -2.3550305 -2.4310972 -2.463809 -2.4989359 -2.4809475 -2.468007 -2.4039571 -2.3358632 -2.2421982 -2.1374606 -2.0263147 -1.9022617 -1.7964629 -1.6888938
-2.2485219 -2.3147979 -2.3695182 -2.4088518 -2.4372779 -2.4591551 -2.4691043 -2.4788155 -2.4930285 -2.5052754 -2.5201992 -2.5368305 -2.5567288 -2.5727404 -2.5976133 -2.6186629 -2.6385612 -2.6537942 -2.6587688 -2.6599438 -2.6450201 -2.6228294 -2.5830328 -2.5447992 -2.4751551 -2.4081081 -2.3235403 -2.2454326 -2.1558902 -2.0748616 -2.001552 -1.9407981 -1.9010015 -1.8726562 -1.8674199 -1.8702039 -1.905026 -1.9403498 -1.9979501 -2.0497178 -2.1177909 -2.1698172 -2.2295122 -2.2688711 -2.3107623 -2.3224757 -2.3277121 -2.2987953 -2.2621406 -2.1953411 -2.1220316 -2.0334066 -1.9395284 -1.8382099 -1.7433632 -1.6491081 -1.5708431
-2.2551451 -2.3232743 -2.3827646 -2.4226024 -2.4557663 -2.4802762 -2.4951999 -2.5031269 -2.5078646 -2.5172222 -2.5221968 -2.5368305 -2.5434866 -2.5517747 -2.5666984 -2.5845524 -2.5945016 -2.6074319 -2.6124065 -2.6143726 -2.609398 -2.5897135 -2.5665563 -2.5396452 -2.494874 -2.4360589 -2.3813386 -2.3130095 -2.2582892 -2.1882841 -2.1359202 -2.0804755 -2.0456535 -2.0183664 -2.0037233 -1.9967351 -2.0017097 -2.0247094 -2.0404185 -2.0742727 -2.0912982 -2.1249623 -2.1367875 -2.1587072 -2.1584289 -2.1580899 -2.1422628 -2.1075795 -2.0634449 -2.0000016 -1.9299591 -1.8566496 -1.7739487 -1.6910391 -1.6047268 -1.5471264 -1.4818785
-2.2405143 -2.3124772 -2.3744636 -2.4206966 -2.4538605 -2.4783704 -2.4949839 -2.5078443 -2.512582 -2.5174034 -2.5202017 -2.5186424 -2.5215424 -2.523195 -2.5351594 -2.5335535 -2.5352552 -2.5436493 -2.5477391 -2.5462349 -2.5420942 -2.5362806 -2.5187315 -2.5025365 -2.4614263 -2.441528 -2.4078313 -2.353111 -2.3015431 -2.2660378 -2.2182101 -2.1890769 -2.1563125 -2.134476 -2.1161137 -2.1030685 -2.1009075 -2.0956586 -2.0974015 -2.0922364 -2.0901969 -2.0854043 -2.077157 -2.0433492 -2.0302607 -2.0144668 -1.9779679 -1.9308404 -1.8837128 -1.8187262 -1.7628217 -1.6907076 -1.6301443 -1.5476307 -1.4961253 -1.4423476 -1.4109292
-2.2157931 -2.2936129 -2.3582824 -2.4045155 -2.4376793 -2.4665059 -2.4864042 -2.4992646 -2.5040023 -2.506285 -2.5013104 -2.4963359 -2.4913613 -2.4821739 -2.4821739 -2.4776332 -2.4726586 -2.4663043 -2.4663043 -2.4653261 -2.4653261 -2.4638727 -2.4588981 -2.453629 -2.4337307 -2.4187237 -2.3988254 -2.3821949 -2.3523475 -2.3273341 -2.3011521 -2.2773738 -2.2525009 -2.2271943 -2.2010123 -2.1725884 -2.1526901 -2.1253153 -2.0991333 -2.0670818 -2.0408998 -2.0076566 -1.9778091 -1.9410666 -1.9044118 -1.8597404 -1.8126129 -1.7664636 -1.719336 -1.6687219 -1.616358 -1.5629695 -1.5063645 -1.4597973 -1.4170921 -1.3856737 -1.3670652
-2.1760539 -2.2558574 -2.3251665 -2.3717734 -2.4096749 -2.4413951 -2.4662679 -2.479395 -2.4841327 -2.4871957 -2.4871957 -2.4830895 -2.4695476 -2.4529671 -2.4330688 -2.4227647 -2.4028664 -2.3917188 -2.3767951 -2.3720755 -2.3671009 -2.3645249 -2.3595503 -2.3559783 -2.3559783 -2.3477358 -2.3527103 -2.3443913 -2.3443913 -2.3286842 -2.3234478 -2.3053083 -2.2903846 -2.2669334 -2.2361785 -2.2012276 -2.161431 -2.1260582 -2.0736942 -2.0306959 -1.9746679 -1.9315914 -1.8784613 -1.8355144 -1.7851944 -1.7379821 -1.6867723 -1.6436367 -1.6001186 -1.552991 -1.5037638 -1.4662125 -1.4202631 -1.3926265 -1.3580678 -1.3423586 -1.3293289
-2.1299778 -2.2097813 -2.2794254 -2.3304944 -2.3724689 -2.4138892 -2.4430945 -2.4630189 -2.4724106 -2.4754736 -2.4754736 -2.4703507 -2.4542184 -2.4310065 -2.405369 -2.379047 -2.3474668 -2.3229032 -2.2960942 -2.278162 -2.2610988 -2.2561242 -2.2501953 -2.2444538 -2.2475776 -2.2516327 -2.2629567 -2.2718338 -2.284736 -2.2886834 -2.2962894 -2.2911425 -2.2818732 -2.2614841 -2.2315635 -2.1954462 -2.1507917 -2.1015161 -2.044408 -1.9815356 -1.9182374 -1.8564521 -1.7985688 -1.742173 -1.688329 -1.6394842 -1.5881275 -1.5477394 -1.5063827 -1.4689563 -1.421952 -1.3892259 -1.3530544 -1.3297606 -1.3071422 -1.2981396 -1.2939514
-2.0810612 -2.1608647 -2.2305087 -2.288637 -2.3360139 -2.3789487 -2.4137708 -2.4465981 -2.4608111 -2.47 -2.47 -2.464684 -2.4447857 -2.4215738 -2.3917264 -2.3526091 -2.3128125 -2.2745709 -2.2397489 -2.2018774 -2.1770045 -2.1504338 -2.1404846 -2.1301996 -2.1351742 -2.1413377 -2.1562614 -2.172486 -2.1923843 -2.214259 -2.2299682 -2.2401269 -2.2351524 -2.2261798 -2.1999978 -2.165395 -2.1156492 -2.0620321 -1.9991954 -1.9295899 -1.8562804 -1.7880857 -1.7234162 -1.6658883 -1.6082879 -1.5577259 -1.5111385 -1.4744837 -1.4385718 -1.4026887 -1.3672496 -1.3358312 -1.3047221 -1.2826128 -1.262769 -1.2575326 -1.2590109
-2.0346989 -2.1156019 -2.1902205 -2.249808 -2.3019226 -2.3468285 -2.3915997 -2.4287831 -2.4572092 -2.47 -2.4748707 -2.4713072 -2.4514089 -2.428197 -2.3935805 -2.3523347 -2.2976144 -2.2547014 -2.20121 -2.155515 -2.1121762 -2.0775787 -2.0539326 -2.037475 -2.0379348 -2.0419899 -2.0569136 -2.0731382 -2.1018627 -2.1281575 -2.1485566 -2.1606487 -2.1652969 -2.1599479 -2.1388751 -2.1060214 -2.0612502 -2.0087546 -1.9406815 -1.8699812 -1.7966717 -1.7295596 -1.6698647 -1.6144347 -1.5619256 -1.5146773 -1.4780226 -1.4434974 -1.4120791 -1.3787984 -1.34738 -1.3159616 -1.2848525 -1.2588947 -1.2362762 -1.2264927 -1.225895
-1.9883365 -2.0711019 -2.1457205 -2.2071703 -2.2615558 -2.3197568 -2.3717301 -2.4155116 -2.4516223 -2.4770339 -2.4910157 -2.4874521 -2.471883 -2.455311 -2.4173849 -2.3761391 -2.3214188 -2.2620332 -2.1976955 -2.1399667 -2.0821689 -2.0432113 -2.0135831 -1.9772272 -1.9671522 -1.9712073 -1.986131 -2.0036564 -2.0300438 -2.0589703 -2.0833609 -2.1022496 -2.1133476 -2.1097337 -2.0887881 -2.0598943 -2.0177865 -1.9655829 -1.9001163 -1.8346702 -1.7656282 -1.7033233 -1.6454444 -1.5991536 -1.551933 -1.5136458 -1.4782327 -1.4495619 -1.4189124 -1.387494 -1.3560757 -1.3151355 -1.2832919 -1.2419236 -1.215786 -1.1981376 -1.1942482
-1.9412822 -2.0240475 -2.0986662 -2.1628883 -2.2197406 -2.2809074 -2.3406024 -2.3968284 -2.4394676 -2.4785168 -2.4984151 -2.5097753 -2.5048007 -2.4971262 -2.4573296 -2.4141981 -2.3594778 -2.2986092 -2.2289652 -2.1578595 -2.09319 -2.0343341 -1.9895629 -1.948919 -1.9338345 -1.9243175 -1.9389788 -1.9552034 -1.9798942 -2.005096 -2.031278 -2.0521316 -2.0670553 -2.0700939 -2.0491483 -2.0217374 -1.9819408 -1.9341481 -1.8713113 -1.8099575 -1.7471207 -1.6935376 -1.6388173 -1.5975728 -1.560918 -1.5307483 -1.4993299 -1.4719035 -1.4457215 -1.4135919 -1.3821735 -1.3364312 -1.2940955 -1.2472785 -1.2059275 -1.1843622 -1.1703259
-1.8916083 -1.9743736 -2.0489923 -2.114566 -2.176156 -2.239207 -2.3038765 -2.3634963 -2.4203486 -2.4651509 -2.499973 -2.517732 -2.5276812 -2.5260329 -2.50116 -2.463995 -2.4142493 -2.3553073 -2.2806886 -2.2074908 -2.1328721 -2.0697829 -2.0200371 -1.9773041 -1.9524312 -1.9385101 -1.9434847 -1.9552034 -1.9751017 -1.9979998 -2.0241817 -2.0448191 -2.0547683 -2.0562156 -2.0405064 -2.0146411 -1.9748445 -1.9277232 -1.8701229 -1.8111017 -1.7535013 -1.7050199 -1.6652233 -1.6290848 -1.6029029 -1.5773984 -1.5561001 -1.5286737 -1.5024917 -1.4673802 -1.4318474 -1.3757412 -1.3224806 -1.2672075 -1.22012 -1.1887017 -1.17
-1.8392858 -1.9190893 -1.9913727 -2.0583672 -2.1199572 -2.1877286 -2.258272 -2.3237113 -2.386759 -2.4428577 -2.4918343 -2.5181182 -2.5340052 -2.5489374 -2.5386258 -2.5073292 -2.4612746 -2.4068636 -2.339729 -2.2681188 -2.2010859 -2.1337342 -2.0839885 -2.0398529 -2.0110854 -1.9943227 -1.9992973 -2.0068736 -2.0227756 -2.0429371 -2.0651377 -2.084076 -2.0904272 -2.0918745 -2.0738968 -2.0450029 -2.0052063 -1.958085 -1.9004847 -1.8455114 -1.790581 -1.7494102 -1.714318 -1.6854884 -1.6615571 -1.6459327 -1.6285429 -1.6036054 -1.5774234 -1.5333823 -1.4950629 -1.4386579 -1.380584 -1.3099705 -1.2576952 -1.2180288 -1.1931938
