P2_models/J1_p2_vp_slide_diff2_5.dat.tif
NCOLS 118
NROWS 92
XLLCORNER 139.62
YLLCORNER -39.07
DX 0.099491525
DY 0.099347826
NODATA_VALUE -9999
[rows 50 to 74 of 92, columns 0 to 56 of 118]
-9999 0.1308676 0.11896124 0.10705487 0.10556516 0.10866408 0.111763 0.10948611 0.10100487 0.092523624 0.079818216 0.063834331 0.047850447 0.03685863 0.035863714 0.034868799 0.035969518 0.048405958 0.060842399 0.071724461 0.079020506 0.086316551 0.092942902 0.098746575 0.10455025 0.1091435 0.11049254 0.11184158 0.11204532 0.10563739 0.099229465 0.096565432 0.10111843 0.10567144 0.10896025 0.11115244 0.11334462 0.11583465 0.11875078 0.12166691 0.12122317 0.11899319 0.11676321 0.11836922 0.12273288 0.12709655 0.12772199 0.12545288 0.12318378 0.12163754 0.12021623 0.11983719 0.12392345 0.12800971 0.13086216 0.12944086 0.12801955
-9999 0.13947774 0.12828859 0.1313875 0.13448642 0.13758534 0.14068425 0.13840737 0.12992613 0.1145678 0.098583916 0.082600032 0.066616147 0.05562433 0.054629415 0.0536345 0.052639584 0.051644669 0.061725491 0.072607553 0.079903598 0.086035365 0.091839038 0.09764271 0.10344638 0.10803964 0.10938868 0.11073771 0.11208675 0.11343579 0.10828116 0.10561712 0.11017012 0.11272893 0.11492112 0.11711331 0.11930549 0.12179552 0.12471165 0.12279084 0.12056085 0.11833087 0.11610089 0.1177069 0.12207057 0.12643423 0.13079789 0.13317994 0.13091083 0.12936459 0.13032195 0.13440821 0.13849447 0.14258073 0.14543318 0.14401187 0.13117363
-9999 0.15411093 0.15720984 0.16030876 0.16340768 0.16650659 0.16960551 0.16530127 0.14931739 0.1333335 0.11734962 0.10136573 0.085381848 0.074390031 0.073395115 0.0724002 0.071405285 0.07041037 0.069415454 0.073324156 0.079127828 0.084931501 0.090735173 0.096538845 0.10234252 0.10693577 0.10828481 0.10963385 0.11098289 0.11233192 0.11368096 0.11430543 0.11649762 0.1186898 0.12088199 0.12307418 0.12526636 0.12658848 0.1243585 0.12212852 0.11989853 0.11766855 0.11543857 0.11704458 0.12140825 0.12577191 0.13013557 0.13449924 0.13863789 0.1408067 0.14489296 0.14897922 0.15306548 0.15715174 0.15935157 0.14371719 0.12808281
-9999 0.15844111 0.16154003 0.16463895 0.16773786 0.17083678 0.17559547 0.17132122 0.15533734 0.13935345 0.12336957 0.10738569 0.096509794 0.092916703 0.092181373 0.091186458 0.090191543 0.089196628 0.088201712 0.089262588 0.09506626 0.10086993 0.10667361 0.11247728 0.11686731 0.11848305 0.1188577 0.12020673 0.12155577 0.12290481 0.12425385 0.12589088 0.12808306 0.13027525 0.13246743 0.13465962 0.1343646 0.1318591 0.12962912 0.12739914 0.12516915 0.12293917 0.12104902 0.11951924 0.1211283 0.12549196 0.12985563 0.13421929 0.13858295 0.14271009 0.14679635 0.15088261 0.15496887 0.15782908 0.15391307 0.13827869 0.1226443
-9999 0.15865709 0.161756 0.16485492 0.16795384 0.17361136 0.17948299 0.17520875 0.15922486 0.14324098 0.12725709 0.11992367 0.11486754 0.11127445 0.11061118 0.1099479 0.10898124 0.10798633 0.10699141 0.10805229 0.11385596 0.11965963 0.1254633 0.12874994 0.13090559 0.13252133 0.13268996 0.13285859 0.13408224 0.13543127 0.13678031 0.13841734 0.14060953 0.14280171 0.1449939 0.14332591 0.14062783 0.13812233 0.13589235 0.13366237 0.13143239 0.12967555 0.12796017 0.12643039 0.12503402 0.12527599 0.12963965 0.13400332 0.13836698 0.14249412 0.14658038 0.15066664 0.15253078 0.15199779 0.14808178 0.1324474 0.11681302
-9999 0.15887306 0.16197198 0.16575562 0.17162725 0.17749888 0.18337051 0.17909627 0.16311239 0.14839367 0.14333755 0.13828142 0.13322529 0.1296322 0.12896893 0.12830565 0.12764237 0.12677602 0.12578111 0.12684198 0.13264566 0.13844933 0.14063257 0.14278822 0.14494387 0.14655961 0.14672824 0.14689687 0.1470655 0.14795774 0.14930678 0.15094381 0.15313599 0.15498529 0.15228721 0.14958914 0.14689106 0.14438557 0.14215558 0.14001744 0.13830207 0.1365867 0.13487133 0.13334154 0.13194517 0.1305488 0.12942368 0.13378734 0.13815101 0.14227814 0.1463644 0.14723249 0.1466995 0.14616651 0.1422505 0.12661611 0.11220313
-9999 0.15908904 0.16377151 0.16964314 0.17551478 0.18138641 0.18725804 0.18298379 0.17180755 0.16675143 0.1616953 0.15663917 0.15158304 0.14798995 0.14732668 0.1466634 0.14600012 0.14533685 0.14457081 0.14563168 0.15035955 0.1525152 0.15467085 0.1568265 0.15898215 0.16059789 0.16076652 0.16093515 0.16110378 0.16127241 0.16183324 0.16347027 0.1639466 0.16124852 0.15855045 0.15585237 0.1531543 0.1506488 0.14864397 0.14692859 0.14521322 0.14349785 0.14178248 0.14025269 0.13885632 0.13745995 0.13606358 0.13466721 0.13793503 0.14206217 0.14193419 0.1414012 0.14086821 0.14033522 0.13641921 0.12587555 0.12818518
-9999 0.15535697 0.1612286 0.16710023 0.17297186 0.1788435 0.18471513 0.19641382 0.19135769 0.18630157 0.18124544 0.17618931 0.17113319 0.1658401 0.16517682 0.16451354 0.16385027 0.16318699 0.16252371 0.16271284 0.16486849 0.16702414 0.16917979 0.17133544 0.17349108 0.1731274 0.17337545 0.17354408 0.17371271 0.17388134 0.17404997 0.17323943 0.17054135 0.16784328 0.1651452 0.16244712 0.15974905 0.15570527 0.1539899 0.15227453 0.15055916 0.14884379 0.14712842 0.14484863 0.14345226 0.14205589 0.14065951 0.13926314 0.13786677 0.13710655 0.13657356 0.13604057 0.13550758 0.13497459 0.13567541 0.13813803 0.14044765
-9999 0.13085117 0.13672281 0.14259444 0.14846607 0.15748214 0.1886344 0.2077479 0.21296713 0.20992427 0.20486815 0.19981202 0.19475589 0.18928512 0.18298399 0.18062997 0.17996669 0.17930341 0.17864014 0.17882926 0.18098491 0.18314056 0.18529621 0.18745186 0.18105693 0.17665977 0.18003236 0.18127113 0.18143976 0.18160839 0.18177702 0.18096648 0.1782684 0.17557033 0.17287225 0.17007591 0.16164443 0.15590547 0.15401856 0.15227453 0.15055916 0.14884379 0.14712842 0.14407544 0.14014066 0.13874429 0.13734792 0.13595155 0.13455517 0.13359199 0.13282042 0.13228743 0.13175444 0.13122145 0.13192227 0.13689684 0.14000611
-9999 0.10634538 0.11221701 0.11808864 0.13604388 0.16719615 0.19834841 0.21746191 0.22268114 0.22790037 0.22849085 0.22343472 0.2183786 0.21290782 0.20660669 0.20030556 0.19608312 0.19541984 0.19475656 0.19494569 0.19710134 0.19925699 0.19918138 0.19188534 0.18458929 0.18019214 0.18356473 0.18693733 0.18916682 0.18933545 0.18950407 0.18869353 0.18599546 0.18329738 0.17872817 0.17029669 0.1618652 0.15612625 0.15423934 0.15235243 0.15055916 0.14884379 0.14712842 0.14407544 0.14006087 0.1360463 0.13403632 0.13263995 0.13124358 0.1302804 0.12939208 0.12853429 0.1280013 0.12746831 0.12816913 0.1331437 0.13811828
-9999 0.08183958 0.087711211 0.11460563 0.14575789 0.17691016 0.20806242 0.22717592 0.23239515 0.23761438 0.24283361 0.24705743 0.2420013 0.23653053 0.2302294 0.22392827 0.21762714 0.21153626 0.21087299 0.21106211 0.21321776 0.2100098 0.20271375 0.19541771 0.18812166 0.1837245 0.1870971 0.19046969 0.19384229 0.1970625 0.19723113 0.19642059 0.19372251 0.18738043 0.17894894 0.17051746 0.16208597 0.15634702 0.15446011 0.1525732 0.15068629 0.14884379 0.14712842 0.14407544 0.14006087 0.1360463 0.13203173 0.12932836 0.12793199 0.1269688 0.12608048 0.12519217 0.12430385 0.12371517 0.12441599 0.12939056 0.13436514
-9999 0.062015108 0.093167372 0.12431964 0.1554719 0.18662417 0.21777643 0.23688993 0.24210916 0.24732839 0.25254762 0.25776684 0.26298607 0.26015323 0.2538521 0.24755097 0.24124984 0.23494871 0.22864758 0.22717854 0.22083821 0.21354216 0.20624612 0.19895007 0.19165403 0.18725687 0.19062947 0.19400206 0.19737465 0.20074725 0.20411984 0.20414764 0.19603269 0.1876012 0.17916972 0.17073823 0.16230675 0.15656779 0.15468088 0.15279397 0.15090707 0.14902016 0.14713325 0.14407544 0.14006087 0.1360463 0.13203173 0.12801716 0.12462039 0.12365721 0.12276889 0.12188057 0.12099226 0.12010394 0.12066285 0.12563742 0.130612
-9999 0.030339504 0.061491768 0.092644033 0.1237963 0.15494856 0.19919726 0.23711571 0.24397607 0.2491953 0.25441452 0.25963375 0.26485298 0.27021163 0.27101249 0.26471136 0.25841023 0.2521091 0.24580797 0.23920599 0.23190995 0.2246139 0.21731786 0.21002181 0.20547323 0.20816689 0.20462464 0.20799723 0.21136982 0.21474242 0.21811501 0.21745572 0.20902423 0.20059275 0.19216126 0.18372978 0.17365994 0.16028559 0.15290141 0.15101451 0.1491276 0.14724069 0.14535378 0.14375225 0.14052246 0.13650789 0.13249332 0.12847875 0.12446418 0.12084293 0.11991889 0.11903057 0.11814226 0.11725394 0.11720143 0.12080723 0.12578181
-9999 -0.019334409 0.011817855 0.04297012 0.074122384 0.12973248 0.19301562 0.23093407 0.23957841 0.24764989 0.25286911 0.25808834 0.26330757 0.26866622 0.27430407 0.2790616 0.27276047 0.26645934 0.26015821 0.25355623 0.24626019 0.23896414 0.2316681 0.23168068 0.23814763 0.24084129 0.23342158 0.22654216 0.22991475 0.23328734 0.23665994 0.23600065 0.22756916 0.21913768 0.21070619 0.19907206 0.18558168 0.17220733 0.15899897 0.14836523 0.14647832 0.14459141 0.14270451 0.14110298 0.13970661 0.13717021 0.13315564 0.12914107 0.1251265 0.12150525 0.11795198 0.1163813 0.11549298 0.11460466 0.11455215 0.11739477 0.12048325
-9999 -0.069008322 -0.037856058 -0.0030154295 0.060267705 0.12355084 0.18683397 0.22475242 0.23339677 0.24204111 0.25068546 0.25654293 0.26176216 0.26712081 0.27275866 0.27839652 0.28403437 0.28080958 0.27450845 0.26790648 0.26061043 0.25331439 0.25788813 0.26435508 0.27082203 0.27351569 0.26609598 0.25867627 0.25125656 0.25183227 0.25520487 0.25454557 0.24611409 0.2376826 0.22448417 0.2109938 0.19750342 0.18412907 0.17092071 0.15771236 0.144504 0.14194214 0.14005523 0.1384537 0.13705733 0.13566096 0.13381796 0.12980339 0.12578882 0.12216757 0.1186143 0.11506103 0.11284371 0.11195539 0.11190288 0.11474549 0.11758811
-9999 -0.11868224 -0.072480206 -0.009197072 0.054086062 0.1173692 0.18065233 0.21857078 0.22721513 0.23585947 0.24450382 0.25314816 0.26021675 0.2655754 0.27121325 0.2768511 0.28248896 0.28812681 0.2888587 0.28225672 0.27762863 0.28409558 0.29056253 0.29702947 0.30349642 0.30619008 0.29877037 0.29135067 0.28393096 0.27651125 0.27374979 0.2730905 0.26338667 0.24989629 0.23640591 0.22291554 0.20942516 0.19605081 0.18284245 0.16963409 0.15642574 0.14321738 0.13740596 0.13580443 0.13440805 0.13301168 0.13161531 0.13021894 0.12645114 0.12282989 0.11927662 0.11572335 0.11217008 0.10930611 0.1092536 0.11209622 0.11493883
-9999 -0.15070368 -0.087420544 -0.02413741 0.039145724 0.10242886 0.16571199 0.20810218 0.21674653 0.22539087 0.23403522 0.24267956 0.25132391 0.26524955 0.27088741 0.27652526 0.28216311 0.28780097 0.29343882 0.29932738 0.30579433 0.31226128 0.31872823 0.32519517 0.33166212 0.33335796 0.32593825 0.31851854 0.31109884 0.30367913 0.29625942 0.28676617 0.2732758 0.25978542 0.24629504 0.23280467 0.21931429 0.20616168 0.19295332 0.17974496 0.16653661 0.15332825 0.14011989 0.13256385 0.13116748 0.1297711 0.12837473 0.12697836 0.12558199 0.12234656 0.11879329 0.11524002 0.11168675 0.10813348 0.10653041 0.10937303 0.11221564
-9999 -0.20920851 -0.14592538 -0.082642241 -0.019359107 0.044800457 0.1278188 0.17631088 0.18495522 0.19359957 0.20224391 0.21088826 0.23770441 0.26126948 0.27486666 0.28226536 0.28790321 0.29354106 0.29917892 0.30506747 0.31153442 0.31800137 0.32446832 0.33093527 0.34425056 0.3494542 0.32905001 0.31829777 0.31087806 0.30345836 0.29603865 0.2865454 0.27305502 0.25956465 0.24607427 0.23258389 0.22004438 0.20726554 0.19405719 0.18084883 0.16764047 0.15503904 0.14903524 0.13809595 0.12498583 0.12358946 0.12219309 0.12079672 0.11940034 0.11616491 0.11261165 0.10905838 0.10550511 0.10362997 0.10343959 0.10628221 0.10912482
-9999 -0.26771334 -0.20443021 -0.14114707 -0.070009186 0.013009153 0.096027491 0.14451957 0.15316392 0.16180826 0.17576211 0.20430476 0.23284741 0.25641248 0.27000965 0.28360683 0.29364331 0.29928116 0.30491901 0.31080757 0.31727452 0.32374147 0.33151348 0.34627139 0.3610293 0.36623294 0.34582875 0.32542456 0.31065729 0.30323758 0.29581788 0.28632463 0.27283425 0.25934387 0.24610544 0.23362684 0.22114824 0.20836941 0.19516105 0.18195269 0.17141917 0.16541537 0.15941157 0.14847228 0.13398491 0.11949755 0.11601145 0.11461507 0.1132187 0.10998327 0.10643 0.10287673 0.10160513 0.10053915 0.10034877 0.10319139 0.106034
-9999 -0.32621817 -0.26293504 -0.18481883 -0.10180049 -0.018782151 0.064236187 0.11272827 0.12137261 0.14236245 0.1709051 0.19944775 0.2279904 0.25155547 0.26515265 0.27874982 0.292347 0.30502126 0.31065911 0.31654767 0.32301462 0.33353432 0.34829223 0.36305014 0.37780805 0.38301169 0.36260749 0.3422033 0.3217991 0.30301681 0.2955971 0.28610385 0.27261348 0.2596879 0.2472093 0.2347307 0.22225211 0.20947327 0.19626492 0.1877993 0.1817955 0.1757917 0.1697879 0.1588486 0.14436124 0.12987388 0.11538652 0.10843343 0.10703706 0.10380163 0.10064627 0.099580285 0.098514305 0.097448324 0.097257949 0.10010056 0.10568085
-9999 -0.38264681 -0.29962847 -0.21661013 -0.13359179 -0.050573456 0.032444883 0.080936964 0.1089628 0.13750545 0.1660481 0.19459075 0.2231334 0.24669847 0.26029564 0.27389282 0.28748999 0.30108717 0.31468434 0.32228776 0.33555515 0.35031306 0.36507097 0.37982888 0.39458679 0.39979043 0.37938624 0.35898204 0.33857785 0.31817365 0.29776946 0.28588308 0.27327036 0.26079176 0.24831317 0.23583457 0.22335597 0.21057714 0.20417942 0.19817563 0.19217183 0.18616803 0.18016423 0.16922493 0.15473757 0.14025021 0.12576285 0.11127548 0.10085542 0.098621425 0.097555445 0.096489464 0.095423483 0.094357503 0.094167128 0.10099759 0.10899244
-9999 -0.44067887 -0.35766054 -0.2746422 -0.19162386 -0.10860552 -0.023831456 0.047812751 0.086464729 0.11500738 0.14355003 0.17209268 0.20063533 0.23071707 0.25479214 0.26838932 0.28198649 0.29558367 0.30918084 0.32312901 0.33788692 0.35264482 0.36740273 0.38216064 0.39640685 0.40298589 0.39122344 0.37081924 0.35041505 0.33001085 0.30960666 0.29190959 0.27943099 0.26695239 0.25447379 0.2419952 0.22875553 0.21280737 0.20217628 0.19617249 0.19016869 0.18416489 0.17816109 0.16671406 0.15201432 0.13752696 0.1230396 0.10855223 0.094064872 0.081083623 0.080017643 0.078951662 0.077885682 0.076819701 0.078579537 0.088658822 0.096653677
-9999 -0.51360921 -0.43059087 -0.34757253 -0.2645542 -0.17783675 -0.089762286 -0.018118079 0.034563499 0.082493545 0.1110362 0.13957885 0.1681215 0.19820323 0.23136708 0.26251876 0.27611594 0.28971311 0.30331029 0.31725845 0.33201636 0.34677427 0.36153218 0.37445902 0.38556891 0.39214795 0.38658317 0.37985086 0.35944667 0.33904247 0.31863828 0.30094121 0.28846261 0.27598401 0.26350541 0.24929402 0.23394871 0.21800055 0.20118991 0.18714087 0.18113707 0.17513327 0.16912947 0.15768244 0.14232235 0.12736639 0.11287902 0.098391661 0.083904298 0.07040822 0.057083462 0.053211544 0.052145563 0.051079582 0.052839419 0.064387542 0.075429369
-9999 -0.58653955 -0.50352121 -0.41991651 -0.33184205 -0.24376758 -0.15569312 -0.084048909 -0.031367331 0.021314247 0.073995826 0.10706501 0.13560766 0.1656894 0.19885324 0.23201708 0.26518092 0.28384256 0.29743973 0.3113879 0.32614581 0.34090372 0.35251119 0.36362108 0.37473097 0.38131 0.37574522 0.37018044 0.36461566 0.34807409 0.3276699 0.30997283 0.29749423 0.28501563 0.2698325 0.2544872 0.23914189 0.22319373 0.2063831 0.18957246 0.17276182 0.16610165 0.16009785 0.14865082 0.13329073 0.11793063 0.10271845 0.088231088 0.073743725 0.060247647 0.046922889 0.033598131 0.026405444 0.025339464 0.0270993 0.038647424 0.050195547
-9999 -0.65946988 -0.57392181 -0.48584734 -0.39777288 -0.30969841 -0.22162395 -0.14997974 -0.097298161 -0.044616583 0.0080649956 0.060746574 0.10309383 0.13317557 0.16633941 0.19950325 0.23266709 0.26583093 0.29156918 0.30551735 0.31945347 0.33056336 0.34167325 0.35278313 0.36389302 0.37047206 0.36490728 0.3593425 0.35377772 0.34821294 0.33670152 0.31900445 0.30571629 0.29037099 0.27502568 0.25968038 0.24433508 0.22838691 0.21157628 0.19476564 0.177955 0.16114437 0.15106623 0.1396192 0.1242591 0.10889901 0.093538914 0.078178819 0.063583152 0.050087074 0.036762316 0.023437558 0.0101128 -0.00040065482 0.0013591817 0.012907305 0.024455429
