P2_models/J1_p2_vp_slide_diff2_300.dat.tif
NCOLS 118
NROWS 92
XLLCORNER 139.62
YLLCORNER -39.07
DX 0.099491525
DY 0.099347826
NODATA_VALUE -9999
[rows 24 to 47 of 92, columns 0 to 54 of 118]
-9999 -0.038234181 -0.035069861 -0.031905541 -0.028741221 -0.025576902 -0.022412582 -0.0209545 -0.021733959 -0.022513418 -0.023292877 -0.024072336 -0.024851795 -0.026398969 -0.029483538 -0.032568107 -0.035652676 -0.038737245 -0.041821814 -0.043340137 -0.041981912 -0.040623686 -0.039265461 -0.037907236 -0.036549011 -0.037484474 -0.044567596 -0.051650718 -0.05873384 -0.065816962 -0.072900084 -0.080834336 -0.090531219 -0.1002281 -0.10992498 -0.11962187 -0.12931875 -0.13354763 -0.12549876 -0.1174499 -0.10940103 -0.10135217 -0.093303303 -0.091417585 -0.093962473 -0.096507362 -0.09905225 -0.10159714 -0.10408665 -0.10544608 -0.10986226 -0.11427844 -0.11869462 -0.1231108 -0.12754518
-9999 -0.042399324 -0.039235004 -0.036070685 -0.032906365 -0.029742045 -0.024986224 -0.021610158 -0.021721972 -0.022501431 -0.02328089 -0.024060349 -0.024839808 -0.031229198 -0.04502441 -0.048108979 -0.051193548 -0.054278117 -0.057362686 -0.059103821 -0.057745595 -0.05638737 -0.055029145 -0.05367092 -0.053348546 -0.05014562 -0.039002684 -0.046085806 -0.053168929 -0.060252051 -0.067335173 -0.07531107 -0.085007952 -0.094704835 -0.10440172 -0.1140986 -0.12556128 -0.13809261 -0.14198812 -0.13393926 -0.12589039 -0.11784153 -0.10979266 -0.10170633 -0.099620531 -0.10216542 -0.10471031 -0.1072552 -0.10980009 -0.12030583 -0.12581029 -0.13022647 -0.13464265 -0.13905883 -0.13946402
-9999 -0.047298652 -0.044134332 -0.040970012 -0.037805692 -0.032196132 -0.026147537 -0.02277147 -0.022479846 -0.022274622 -0.023054081 -0.02383354 -0.024612999 -0.031002389 -0.048625986 -0.066249583 -0.069500393 -0.072584962 -0.075669531 -0.077410666 -0.076052441 -0.074694215 -0.07333599 -0.07384712 -0.075522558 -0.072319632 -0.056041469 -0.039763307 -0.046059429 -0.053142551 -0.060225673 -0.06820157 -0.077898453 -0.087595335 -0.097292218 -0.10972106 -0.12322914 -0.13576047 -0.14689443 -0.15524535 -0.14719649 -0.13914762 -0.13109876 -0.12301242 -0.11489915 -0.11056433 -0.11310922 -0.1156541 -0.11819899 -0.12870474 -0.14058634 -0.14750749 -0.15192367 -0.15633985 -0.15674504
-9999 -0.052197979 -0.049033659 -0.045454636 -0.03940604 -0.033357445 -0.027308849 -0.023932783 -0.023641159 -0.023349534 -0.02305791 -0.023606731 -0.02438619 -0.03077558 -0.048399177 -0.066022774 -0.083646371 -0.090891807 -0.093976376 -0.095717511 -0.094359286 -0.09300106 -0.094345695 -0.096021133 -0.09769657 -0.094493644 -0.078215481 -0.061937319 -0.045659156 -0.046033052 -0.053116174 -0.061092071 -0.070788953 -0.080485836 -0.093880836 -0.10738892 -0.120897 -0.13342834 -0.14456229 -0.15569625 -0.16683021 -0.16045371 -0.15240485 -0.14431851 -0.13620524 -0.12809197 -0.12150812 -0.12405301 -0.1265979 -0.13710365 -0.14898524 -0.16086684 -0.1692047 -0.17362088 -0.17402607
-9999 -0.057097307 -0.052664544 -0.046615948 -0.040567353 -0.034518757 -0.028470162 -0.025094096 -0.024802471 -0.024510847 -0.024219223 -0.023927598 -0.024159381 -0.030548771 -0.048172368 -0.065795965 -0.083419562 -0.10104316 -0.11228322 -0.11402436 -0.11316883 -0.11484427 -0.11651971 -0.11819514 -0.11987058 -0.11666766 -0.10038949 -0.084111331 -0.067833168 -0.051555006 -0.046006674 -0.053982571 -0.064532533 -0.078040616 -0.091548698 -0.10505678 -0.11856486 -0.1310962 -0.14223016 -0.15336412 -0.16449808 -0.17563204 -0.17371094 -0.16562461 -0.15751133 -0.14939806 -0.14128479 -0.13317152 -0.13499681 -0.14550255 -0.15738415 -0.16926575 -0.18114735 -0.1909019 -0.1913071
-9999 -0.0613709 -0.055322304 -0.049273709 -0.043225113 -0.037176518 -0.031127922 -0.028446093 -0.028154468 -0.027862844 -0.027571219 -0.027279595 -0.026987971 -0.030512818 -0.048136415 -0.065760013 -0.08338361 -0.10100721 -0.1186308 -0.13143192 -0.13310735 -0.13478279 -0.13645823 -0.13813367 -0.1398091 -0.14031968 -0.12404152 -0.10776336 -0.091485197 -0.075207034 -0.058928872 -0.052824716 -0.066332799 -0.079840881 -0.093348964 -0.10685705 -0.12036513 -0.12952243 -0.14065639 -0.15179035 -0.16292431 -0.17405826 -0.18519222 -0.18397304 -0.17585977 -0.1677465 -0.15963322 -0.15151995 -0.14340668 -0.15147832 -0.16335992 -0.17524151 -0.18712311 -0.19900471 -0.20590409
-9999 -0.076347901 -0.070299306 -0.064250711 -0.058202115 -0.05215352 -0.049613208 -0.04881171 -0.049540884 -0.04924926 -0.048957636 -0.048666011 -0.048374387 -0.048862978 -0.050913996 -0.067295254 -0.084918851 -0.10254245 -0.12016605 -0.13296716 -0.1346426 -0.13631803 -0.13799347 -0.13966891 -0.13862042 -0.14105085 -0.15617002 -0.1435829 -0.12730474 -0.11102658 -0.094748413 -0.088644258 -0.10215234 -0.11566042 -0.12916851 -0.14267659 -0.14351567 -0.14295584 -0.14532573 -0.15645969 -0.16759365 -0.17872761 -0.18986157 -0.18467249 -0.16985979 -0.16174652 -0.15363325 -0.14551998 -0.1374067 -0.14062853 -0.1493876 -0.16126919 -0.17315079 -0.18503239 -0.19244947
-9999 -0.091324903 -0.085276308 -0.079227712 -0.073944959 -0.071791865 -0.06963877 -0.068837273 -0.069595692 -0.070354111 -0.070344052 -0.070052428 -0.069760803 -0.070249395 -0.072300412 -0.07435143 -0.086454092 -0.10407769 -0.12170129 -0.1345024 -0.13617784 -0.13785327 -0.13952871 -0.13738694 -0.13508321 -0.13751365 -0.15263282 -0.16775199 -0.16312428 -0.14684612 -0.13056796 -0.1244638 -0.13797188 -0.15147996 -0.16413047 -0.16181603 -0.15950159 -0.15894175 -0.16089213 -0.1628425 -0.172263 -0.18339696 -0.19453092 -0.18934184 -0.17241833 -0.15574655 -0.14763327 -0.13952 -0.13140673 -0.13462856 -0.1398094 -0.14729687 -0.15917847 -0.17106007 -0.17847715
-9999 -0.10630191 -0.10025331 -0.096123616 -0.093970522 -0.091817427 -0.089664333 -0.088862835 -0.089621254 -0.090379673 -0.091138092 -0.091438844 -0.09114722 -0.091635811 -0.093686829 -0.095737846 -0.097788864 -0.10561293 -0.12323653 -0.13603764 -0.13771308 -0.13845719 -0.13615346 -0.13384973 -0.13154601 -0.13397644 -0.14909561 -0.16421478 -0.17933395 -0.18266566 -0.1663875 -0.16028334 -0.17379142 -0.18243082 -0.18011638 -0.17780194 -0.1754875 -0.17492766 -0.17687804 -0.17882841 -0.18077879 -0.18806631 -0.19920027 -0.19401119 -0.17708768 -0.16016417 -0.14324066 -0.13352003 -0.12540676 -0.12862859 -0.13380943 -0.13899027 -0.14520615 -0.15708775 -0.16450483
-9999 -0.12127891 -0.11830227 -0.11614918 -0.11399608 -0.11184299 -0.1096899 -0.1088884 -0.10964682 -0.11040524 -0.11116365 -0.11192207 -0.11253364 -0.11302223 -0.11507324 -0.11712426 -0.11917528 -0.1212263 -0.12477177 -0.13757288 -0.13722371 -0.13491998 -0.13261625 -0.13031253 -0.1280088 -0.13043924 -0.14555841 -0.16067758 -0.17579675 -0.19091592 -0.20220704 -0.19610288 -0.20073118 -0.19841674 -0.19610229 -0.19378785 -0.19147341 -0.19091357 -0.19286395 -0.19481432 -0.1967647 -0.19871508 -0.20386962 -0.19868053 -0.18175703 -0.16483352 -0.14791001 -0.1309865 -0.11940678 -0.12262861 -0.12780945 -0.1329903 -0.13817114 -0.14335199 -0.15053251
-9999 -0.13049563 -0.12834254 -0.12618944 -0.12403635 -0.12188326 -0.11973016 -0.11540115 -0.11543002 -0.11618844 -0.11694686 -0.11770527 -0.11846369 -0.12752441 -0.13332358 -0.13537459 -0.13742561 -0.13947663 -0.14152765 -0.14226186 -0.13995813 -0.1376544 -0.13535068 -0.13304695 -0.13074322 -0.12678213 -0.13700362 -0.15212279 -0.16724196 -0.18236113 -0.1974803 -0.20664472 -0.20433027 -0.20201583 -0.19970139 -0.19738695 -0.1950725 -0.19428891 -0.19596283 -0.1979132 -0.19986358 -0.20181396 -0.20376434 -0.20405284 -0.18712933 -0.17020583 -0.15328232 -0.13635881 -0.1194353 -0.12448611 -0.12966696 -0.1348478 -0.14002865 -0.14520949 -0.1467469
-9999 -0.1240674 -0.1219143 -0.11976121 -0.11760811 -0.11890685 -0.12873008 -0.12483163 -0.10509659 -0.098482062 -0.099240481 -0.0999989 -0.10075732 -0.10981804 -0.1355046 -0.14845265 -0.15050367 -0.15255469 -0.15460571 -0.15533992 -0.15303619 -0.15073246 -0.14842874 -0.14611086 -0.14359206 -0.13958007 -0.13156595 -0.13529262 -0.15041179 -0.16553096 -0.18065013 -0.18981455 -0.18750011 -0.18518566 -0.18287122 -0.18112279 -0.18203154 -0.18158686 -0.17920593 -0.17975782 -0.1817082 -0.18365857 -0.18560895 -0.18818638 -0.19121459 -0.17673751 -0.15981401 -0.1428905 -0.12596699 -0.13370159 -0.14448361 -0.14966445 -0.15484529 -0.16002614 -0.16156355
-9999 -0.11763916 -0.11548607 -0.11333297 -0.11851409 -0.12833733 -0.13816057 -0.13426212 -0.11452708 -0.094792036 -0.081534107 -0.082292526 -0.083050945 -0.092111665 -0.11779822 -0.14348478 -0.16358173 -0.16563275 -0.16768377 -0.16841798 -0.16611425 -0.16381053 -0.16142759 -0.1589088 -0.15639001 -0.15237802 -0.14436389 -0.13634976 -0.13358162 -0.14870079 -0.16381996 -0.17298438 -0.17066994 -0.16835549 -0.16751199 -0.16842074 -0.16932948 -0.16888481 -0.16650387 -0.16412294 -0.16355281 -0.16550319 -0.16745357 -0.170031 -0.17305921 -0.17608741 -0.16634569 -0.14942218 -0.13249868 -0.14023328 -0.15222947 -0.16422566 -0.16966194 -0.17484279 -0.1763802
-9999 -0.11121092 -0.10905783 -0.11812134 -0.12794458 -0.13776781 -0.14759105 -0.1436926 -0.12395756 -0.10422252 -0.08448748 -0.064752439 -0.065344571 -0.074405291 -0.10009185 -0.1257784 -0.15146496 -0.17715152 -0.18076183 -0.18149604 -0.17919231 -0.17674433 -0.17422554 -0.17170674 -0.16918795 -0.16517596 -0.15716183 -0.14914771 -0.14113358 -0.13311945 -0.14698979 -0.15615421 -0.15383977 -0.1539012 -0.15480994 -0.15571869 -0.15662743 -0.15618276 -0.15380182 -0.15142089 -0.14903995 -0.14734781 -0.14929819 -0.15187561 -0.15490382 -0.15793203 -0.16096024 -0.15595387 -0.13903036 -0.14676496 -0.15876115 -0.17075734 -0.18275354 -0.18965943 -0.19119684
-9999 -0.10790534 -0.11772858 -0.12755182 -0.13737506 -0.1471983 -0.15702154 -0.15312309 -0.13338805 -0.11365301 -0.093917964 -0.074182923 -0.054447882 -0.056698917 -0.082385473 -0.10807203 -0.13375859 -0.15944514 -0.1851317 -0.1945741 -0.19206107 -0.18954228 -0.18702348 -0.18450469 -0.18198589 -0.17797391 -0.16995978 -0.16194565 -0.15393153 -0.1459174 -0.13790327 -0.13938165 -0.1402904 -0.14119914 -0.14210789 -0.14301664 -0.14392538 -0.14348071 -0.14109977 -0.13871884 -0.1363379 -0.13395697 -0.13157603 -0.13372023 -0.13674844 -0.13977665 -0.14280485 -0.14583306 -0.14556205 -0.15329665 -0.16529284 -0.17728903 -0.18928522 -0.20128141 -0.20601349
-9999 -0.10294812 -0.11277136 -0.1225946 -0.13241784 -0.14224108 -0.15332394 -0.15091288 -0.13117784 -0.11144279 -0.091707753 -0.071972712 -0.054370921 -0.050162277 -0.06813606 -0.093822616 -0.11950917 -0.14519573 -0.17088228 -0.18803997 -0.18552117 -0.18300238 -0.18048358 -0.17796479 -0.17581245 -0.17529644 -0.17335259 -0.16533847 -0.15732434 -0.14931021 -0.14129609 -0.13632972 -0.13723847 -0.13814721 -0.13905596 -0.1399647 -0.14315833 -0.14636338 -0.14398245 -0.14160151 -0.13922058 -0.13683964 -0.13249318 -0.13004572 -0.13210716 -0.13513537 -0.13816357 -0.14119178 -0.14421999 -0.15489466 -0.16689085 -0.17888705 -0.19088324 -0.20109527 -0.19746612
-9999 -0.093124783 -0.10294802 -0.11277126 -0.1225945 -0.13457731 -0.14717668 -0.14476562 -0.12503058 -0.10529554 -0.085560498 -0.070102641 -0.056981177 -0.052772533 -0.066412323 -0.080742395 -0.10642895 -0.13211551 -0.15780206 -0.17495974 -0.17244095 -0.16992216 -0.16740336 -0.16570341 -0.16468031 -0.1641643 -0.16500745 -0.16555034 -0.15753621 -0.14952208 -0.14150796 -0.13654159 -0.13745034 -0.13835908 -0.13926783 -0.14420238 -0.15131197 -0.15451703 -0.1521361 -0.14975516 -0.14737423 -0.1420535 -0.13591161 -0.13346415 -0.13367256 -0.13506474 -0.13809295 -0.14112116 -0.14414937 -0.15482404 -0.16682023 -0.17881642 -0.18612313 -0.18464586 -0.18101671
-9999 -0.083301443 -0.093124682 -0.10323129 -0.11583067 -0.12843005 -0.14102943 -0.13861837 -0.11888333 -0.099148284 -0.085834362 -0.072712897 -0.059591433 -0.055382789 -0.06902258 -0.08266237 -0.096302161 -0.11903529 -0.14472184 -0.16187952 -0.15936073 -0.15684194 -0.15559438 -0.15457127 -0.15354817 -0.15303217 -0.15387531 -0.15471846 -0.15556161 -0.14973395 -0.14171983 -0.13675346 -0.13766221 -0.13857095 -0.14524643 -0.15235603 -0.15946562 -0.16267068 -0.16028975 -0.1577557 -0.15161381 -0.14547193 -0.13933004 -0.13688258 -0.13709098 -0.13729939 -0.13802233 -0.14105054 -0.14407874 -0.15475342 -0.16674961 -0.171151 -0.16967372 -0.16819645 -0.1645673
-9999 -0.073478103 -0.084484662 -0.09708404 -0.10968342 -0.1222828 -0.13488218 -0.13247111 -0.11468755 -0.10156608 -0.088444618 -0.075323154 -0.062201689 -0.057993045 -0.071632836 -0.085272626 -0.098912417 -0.11255221 -0.13164162 -0.1487993 -0.14650845 -0.14548534 -0.14446224 -0.14343913 -0.14241603 -0.14190003 -0.14274317 -0.14358632 -0.14442947 -0.14527262 -0.1419317 -0.13696533 -0.13918088 -0.14629048 -0.15340008 -0.16050967 -0.16761927 -0.17082433 -0.16731601 -0.16117413 -0.15503224 -0.14889036 -0.14274847 -0.14030101 -0.14050941 -0.14071782 -0.14092623 -0.14113464 -0.14400812 -0.15468279 -0.15617886 -0.15470159 -0.15322432 -0.15174704 -0.14811789
-9999 -0.068837063 -0.081436442 -0.09403582 -0.1066352 -0.11923458 -0.13183396 -0.13192395 -0.11880249 -0.10568103 -0.092559562 -0.079438098 -0.066316633 -0.061509319 -0.075149109 -0.0887889 -0.10242869 -0.11606848 -0.12970827 -0.13891422 -0.13789112 -0.13686801 -0.13584491 -0.1348218 -0.1337987 -0.1322972 -0.13314035 -0.1339835 -0.13482665 -0.1356698 -0.13651294 -0.13949651 -0.1466061 -0.1537157 -0.1608253 -0.16793489 -0.17504449 -0.17757925 -0.17143737 -0.16529548 -0.15915359 -0.15301171 -0.14686982 -0.1454516 -0.14566001 -0.14586842 -0.14607683 -0.14628523 -0.14649364 -0.14342397 -0.1419467 -0.14046943 -0.13899216 -0.13751489 -0.13613732
-9999 -0.089161937 -0.10176132 -0.11436069 -0.12696007 -0.13955945 -0.13775469 -0.13554229 -0.13426587 -0.12114441 -0.10802295 -0.094901481 -0.081780017 -0.07623529 -0.085863417 -0.099138407 -0.1127782 -0.12641799 -0.14005778 -0.14926373 -0.14824063 -0.14721752 -0.14619442 -0.14517131 -0.13831416 -0.13218337 -0.13483878 -0.13591486 -0.13675801 -0.13760116 -0.13844431 -0.14142787 -0.14853747 -0.15564706 -0.16275666 -0.16986626 -0.17957544 -0.18427909 -0.18086019 -0.1747183 -0.16857642 -0.16243453 -0.15629264 -0.15806879 -0.16387469 -0.1640831 -0.16429151 -0.16449992 -0.16470833 -0.15221078 -0.14443716 -0.14295989 -0.14148262 -0.14000534 -0.1384273
-9999 -0.10948681 -0.12208619 -0.13468557 -0.14400053 -0.1408049 -0.13760926 -0.13539687 -0.13431926 -0.13324165 -0.12348633 -0.11036486 -0.0972434 -0.091698673 -0.1013268 -0.11095493 -0.1231277 -0.1367675 -0.15040729 -0.15961324 -0.15859013 -0.15756703 -0.15654392 -0.14738275 -0.13797384 -0.13184305 -0.13449846 -0.13715388 -0.13868938 -0.13953252 -0.14037567 -0.14335923 -0.15046883 -0.15757843 -0.16489675 -0.17520914 -0.18552152 -0.19022516 -0.18690472 -0.18358428 -0.17799924 -0.17185735 -0.16571547 -0.16749162 -0.17495994 -0.18229779 -0.18250619 -0.1827146 -0.18292301 -0.17042547 -0.15573199 -0.14545035 -0.14397308 -0.1424958 -0.14091776
-9999 -0.12981169 -0.14241106 -0.14705074 -0.1438551 -0.14065947 -0.13746383 -0.13525144 -0.13417383 -0.13309622 -0.13201862 -0.12582825 -0.11270678 -0.10716206 -0.11679018 -0.12641831 -0.13604644 -0.147117 -0.16075679 -0.16996274 -0.16893964 -0.16586026 -0.15645135 -0.14704243 -0.13763352 -0.13150273 -0.13415814 -0.13681356 -0.13946897 -0.14146389 -0.14230704 -0.1452906 -0.1524002 -0.16053045 -0.17084283 -0.18115521 -0.19146759 -0.19617124 -0.19285079 -0.18953035 -0.1862099 -0.18128018 -0.17513829 -0.17691444 -0.18438276 -0.19185109 -0.19931941 -0.20092929 -0.20113769 -0.18864015 -0.17394667 -0.1592532 -0.14646354 -0.14498626 -0.14340822
-9999 -0.15013656 -0.15010094 -0.14690531 -0.14370967 -0.14051404 -0.1373184 -0.13510601 -0.1340284 -0.13295079 -0.13187319 -0.13079558 -0.12817017 -0.12262544 -0.13225357 -0.14188169 -0.15150982 -0.16113795 -0.1711063 -0.18031225 -0.17492886 -0.16551994 -0.15611103 -0.14670211 -0.1372932 -0.13116241 -0.13381783 -0.13647324 -0.13912865 -0.14178406 -0.1442384 -0.14722196 -0.15616414 -0.16647652 -0.1767889 -0.18710128 -0.19741366 -0.20211731 -0.19879687 -0.19547642 -0.19215598 -0.18883553 -0.18456112 -0.18633727 -0.19380559 -0.20127391 -0.20874223 -0.21621056 -0.21935238 -0.20685484 -0.19216136 -0.17746788 -0.1627744 -0.14808093 -0.14589868
