P2_models/J1_p2_vp_slide_diff2_40.dat.tif
NCOLS 118
NROWS 92
XLLCORNER 139.62
YLLCORNER -39.07
DX 0.099491525
DY 0.099347826
NODATA_VALUE -9999
[rows 0 to 24 of 92, columns 0 to 56 of 118]
-9999 -9999 -9999 -9999 -9999 -9999 -9999 -9999 -9999 -9999 -9999 -9999 -9999 -9999 -9999 -9999 -9999 -9999 -9999 -9999 -9999 -9999 -9999 -9999 -9999 -9999 -9999 -9999 -9999 -9999 -9999 -9999 -9999 -9999 -9999 -9999 -9999 -9999 -9999 -9999 -9999 -9999 -9999 -9999 -9999 -9999 -9999 -9999 -9999 -9999 -9999 -9999 -9999 -9999 -9999 -9999 -9999
-9999 0.29714753 0.31069583 0.32424413 0.33779243 0.35134073 0.36662764 0.37698691 0.36865845 0.35373456 0.33881067 0.32388678 0.30896288 0.2932312 0.28436051 0.28521083 0.28606115 0.28691147 0.28776179 0.28891978 0.29078757 0.29265536 0.29452314 0.29639093 0.29860181 0.30384839 0.31504318 0.3311087 0.34717422 0.36323974 0.37930526 0.3903675 0.391785 0.3932025 0.39462 0.3960375 0.39693039 0.39521297 0.39393838 0.39421764 0.3944969 0.39477617 0.39505543 0.39431284 0.39319696 0.39219645 0.39119595 0.39019545 0.38919495 0.3702796 0.36446983 0.35866006 0.35285029 0.34704051 0.34709742 0.35753503 0.35393965
-9999 0.30663711 0.32018541 0.33373371 0.34728201 0.36392115 0.38249638 0.39285565 0.39373265 0.38965459 0.3747307 0.35980681 0.34488292 0.32915123 0.3118019 0.29841416 0.29926448 0.3001148 0.30096512 0.30212311 0.30399089 0.30585868 0.30772647 0.3105504 0.31488823 0.32013481 0.32781708 0.33710558 0.3531711 0.36923662 0.38530214 0.39636438 0.39778188 0.39919938 0.40061688 0.40105814 0.40048952 0.39877211 0.39541118 0.39338457 0.39366383 0.39394309 0.39422236 0.39347977 0.39200258 0.39079813 0.38979763 0.38879713 0.38779663 0.36814273 0.345265 0.33737789 0.33156812 0.32575835 0.32581525 0.3461936 0.36058644
-9999 0.31612669 0.32967499 0.34322329 0.36121467 0.3797899 0.39836513 0.4087244 0.40960139 0.41047838 0.41065074 0.39572684 0.38080295 0.36507127 0.34772194 0.3303726 0.31302327 0.31331812 0.31416844 0.31532643 0.31719422 0.31906201 0.32249899 0.32683682 0.33117465 0.33642123 0.3441035 0.35178576 0.35946802 0.37523351 0.39129903 0.40236126 0.40377876 0.40519627 0.4051859 0.40461728 0.40404866 0.40233124 0.39897032 0.39560939 0.39283076 0.39311002 0.39338928 0.39264669 0.3911695 0.38969232 0.38839931 0.38739881 0.38639831 0.36674441 0.34386668 0.32098896 0.31028595 0.30447618 0.30453308 0.32491143 0.34528979
-9999 0.32561627 0.33993295 0.35850818 0.37708341 0.39565864 0.41423387 0.42459314 0.42547014 0.42634713 0.42722412 0.42810112 0.41672299 0.4009913 0.38364197 0.36629264 0.34894331 0.33159397 0.32737177 0.32852976 0.33039755 0.33444758 0.33878541 0.34312324 0.34746107 0.35270765 0.36038992 0.36807218 0.37575444 0.38343671 0.39729591 0.40835815 0.40977565 0.40931365 0.40874503 0.40817641 0.40760779 0.40589038 0.40252945 0.39916853 0.3958076 0.39244667 0.39255621 0.39181362 0.39033643 0.38885924 0.38738206 0.38600049 0.38499999 0.36534608 0.34246836 0.31959064 0.29671292 0.28319401 0.28325092 0.30362927 0.32400762
-9999 0.33722647 0.3558017 0.37437693 0.39295216 0.41152739 0.43010262 0.44046189 0.44133888 0.44221588 0.44309287 0.44396986 0.44484686 0.43691134 0.41956201 0.40221267 0.38486334 0.36751401 0.35016468 0.34205834 0.34639617 0.350734 0.35507183 0.35940966 0.36374749 0.36899407 0.37667634 0.3843586 0.39204086 0.39972313 0.40740539 0.41401003 0.41344141 0.41287279 0.41230417 0.41173555 0.41116693 0.40944952 0.40608859 0.40272766 0.39936674 0.39600581 0.39264488 0.39098055 0.38950336 0.38802617 0.38654898 0.3850718 0.38360167 0.36394776 0.34107004 0.31819232 0.2953146 0.27243688 0.26196875 0.2823471 0.30272545
-9999 0.35738367 0.3759589 0.39453413 0.41310937 0.4316846 0.45303535 0.46594539 0.46682239 0.46769938 0.46857637 0.46945337 0.46551592 0.45510162 0.44209779 0.42474846 0.40739913 0.3900498 0.37270047 0.36190901 0.36624684 0.37058467 0.3749225 0.37926033 0.3778584 0.3702751 0.37319457 0.38087684 0.3885591 0.39624136 0.40392363 0.40878766 0.40821904 0.40765042 0.4070818 0.40651318 0.41253991 0.4186888 0.41532788 0.41196695 0.40860602 0.4052451 0.39452772 0.38886006 0.3884696 0.38699241 0.38551522 0.38403803 0.38256085 0.3628367 0.33995898 0.31708125 0.29420353 0.27523533 0.27413073 0.29450908 0.31488743
-9999 0.37822029 0.39679552 0.41537076 0.43394599 0.45670596 0.4800421 0.49295215 0.49382914 0.49470614 0.49558313 0.48849152 0.47871248 0.46829818 0.45661174 0.4449253 0.42781447 0.41046514 0.39311581 0.38232435 0.38666218 0.39100001 0.39533784 0.38969818 0.37861217 0.37102888 0.37283372 0.37463856 0.38194549 0.38962776 0.39731002 0.40217405 0.40160543 0.40103681 0.40046819 0.40988297 0.4226791 0.42882799 0.42546706 0.42210614 0.41874521 0.4053809 0.39062356 0.3849559 0.3858227 0.38592685 0.38444966 0.38297248 0.38149529 0.36177114 0.33889342 0.3160157 0.3000024 0.29269581 0.29159122 0.31196957 0.33234792
-9999 0.39905692 0.41763215 0.43704042 0.46037657 0.48371271 0.50704886 0.5199589 0.5208359 0.52124615 0.51146712 0.50168808 0.49190904 0.48149474 0.4698083 0.45812186 0.44643542 0.43088049 0.41353115 0.40273969 0.40707752 0.41141536 0.40153797 0.39045196 0.37936595 0.37178265 0.3735875 0.37539234 0.37719718 0.38301415 0.39069642 0.39556045 0.39499183 0.3944299 0.40722603 0.42002216 0.43281828 0.43896717 0.43560625 0.43099141 0.41623408 0.40147674 0.3867194 0.38105174 0.38191854 0.38278534 0.3833841 0.38190692 0.38042973 0.36070558 0.33782786 0.32476947 0.31746288 0.3101563 0.3090517 0.32943006 0.34978038
-9999 0.41989354 0.44071103 0.46404718 0.48738332 0.51071947 0.53405561 0.54696566 0.54422176 0.53444272 0.52466368 0.51488464 0.5051056 0.4946913 0.48300486 0.47131842 0.45963198 0.44794554 0.4339465 0.42315504 0.42446376 0.41337775 0.40229174 0.39120573 0.38011973 0.37253643 0.37434127 0.37614611 0.37795096 0.3797558 0.38408281 0.38894684 0.39177296 0.40456909 0.41736521 0.43016134 0.44295747 0.44910636 0.44184459 0.42708726 0.41232992 0.39757258 0.38281524 0.37714758 0.37801438 0.37888118 0.37974798 0.38061478 0.37936417 0.35964002 0.34953654 0.34222996 0.33492337 0.32761678 0.32651219 0.34419179 0.35049653
-9999 0.4430754 0.46641155 0.48974769 0.51308384 0.53641998 0.55975613 0.56601072 0.55623168 0.54645264 0.5366736 0.52689457 0.51711553 0.50485954 0.4931731 0.48148666 0.46980022 0.45811378 0.44642734 0.43492246 0.42383645 0.41275044 0.40166443 0.39057843 0.37949242 0.37386008 0.37566492 0.37746977 0.37927461 0.38107945 0.3828843 0.3884434 0.40123953 0.41403566 0.42683179 0.43962791 0.45242404 0.45320377 0.43844644 0.4236891 0.40893176 0.39417442 0.37941709 0.37185127 0.37271807 0.37358486 0.37445166 0.37531846 0.37618526 0.3700831 0.36277651 0.35546992 0.34816334 0.34085675 0.33783473 0.34413947 0.35044421
-9999 0.46021518 0.48355132 0.50688747 0.53022361 0.55355976 0.56772978 0.57024376 0.56046473 0.55068569 0.54090665 0.53112761 0.52084293 0.50650106 0.48433684 0.47180811 0.46012167 0.44843523 0.43674879 0.42524391 0.4141579 0.4030719 0.39198589 0.38089988 0.3776588 0.37851277 0.3806805 0.38252823 0.38433307 0.38613791 0.38794276 0.39350186 0.40629799 0.41909412 0.43189025 0.44468638 0.45412662 0.45312181 0.43836447 0.42360714 0.4088498 0.39409246 0.38214982 0.36893172 0.35829794 0.35916473 0.36003153 0.36089833 0.36176513 0.35566297 0.34835638 0.34104979 0.33374321 0.33078786 0.33274605 0.33905079 0.34535553
-9999 0.47735495 0.5006911 0.52402724 0.54563215 0.55879748 0.57196282 0.57447681 0.56469777 0.55491873 0.54511406 0.53467838 0.52424269 0.50990083 0.4877366 0.46557238 0.45044313 0.43875668 0.42707024 0.41556537 0.40447936 0.39339335 0.38230734 0.38190804 0.38227185 0.38312582 0.38529355 0.38746129 0.38939153 0.39119637 0.39300122 0.39856032 0.41135645 0.42415258 0.43682857 0.44543661 0.45404465 0.45303985 0.43828251 0.42352517 0.40922706 0.39743851 0.38564997 0.37243187 0.35818608 0.3447446 0.3456114 0.3464782 0.347345 0.34124284 0.33393625 0.32662966 0.32499581 0.32569918 0.32765737 0.33396211 0.34026685
-9999 0.49449473 0.51783088 0.53669985 0.54986519 0.56303053 0.57619587 0.57870986 0.56893082 0.55894951 0.54851382 0.53807814 0.52764246 0.51330059 0.49113637 0.46897214 0.44680792 0.42907814 0.4173917 0.40588682 0.39480081 0.38579348 0.38615728 0.38652109 0.3868849 0.38773887 0.3899066 0.39207434 0.39424207 0.39625483 0.39805968 0.40361878 0.41641491 0.42813857 0.43674661 0.44535465 0.45396269 0.45295789 0.43820055 0.42451575 0.4127272 0.40093866 0.38915011 0.37593201 0.36168622 0.34744043 0.33319464 0.33205807 0.33292487 0.32682271 0.31951612 0.31920376 0.31990713 0.3206105 0.32256869 0.32887343 0.33382823
-9999 0.51163451 0.52776756 0.5409329 0.55409824 0.56726357 0.58042891 0.5829429 0.57278495 0.56234927 0.55191359 0.54147791 0.53104222 0.51670036 0.49453613 0.47237191 0.45020768 0.42804346 0.40771315 0.39620827 0.39004272 0.39040653 0.39077033 0.39113414 0.39149795 0.39235192 0.39451966 0.39668739 0.39885512 0.40102286 0.40311814 0.40867724 0.41944857 0.42805661 0.43666465 0.44527269 0.45388073 0.45287593 0.43980444 0.4280159 0.41622735 0.40443881 0.39265026 0.37943216 0.36518637 0.35094058 0.33669479 0.322449 0.31850474 0.31270834 0.31341171 0.31411508 0.31481845 0.31552182 0.31748001 0.32152417 0.32230926
-9999 0.51419073 0.52735607 0.54052141 0.55368675 0.56685209 0.58001743 0.58326012 0.57282444 0.56238876 0.55195308 0.54151739 0.53108171 0.51569431 0.49337157 0.47120735 0.44904312 0.4268789 0.40471468 0.38936259 0.3897264 0.3900902 0.39045401 0.39081782 0.39118163 0.39512257 0.39906786 0.40123559 0.40340333 0.40557106 0.4077388 0.41210633 0.42071437 0.42932241 0.43793045 0.44653849 0.45514653 0.45017114 0.43838259 0.42659405 0.4148055 0.40301696 0.39122841 0.38309489 0.3688491 0.35460331 0.34035752 0.32611173 0.31186594 0.3092708 0.30997416 0.31067753 0.3113809 0.31208427 0.31723273 0.32066479 0.32144989
-9999 0.50298705 0.51615239 0.52931772 0.54248306 0.55667801 0.57670027 0.5806305 0.56598844 0.55462018 0.5441845 0.53374882 0.52331313 0.50792573 0.48262222 0.45943696 0.43727273 0.41510851 0.39294428 0.3775922 0.37795601 0.37831981 0.37868362 0.37904743 0.37578782 0.37838563 0.39741364 0.40563311 0.40780084 0.40996858 0.41213631 0.41650384 0.42511188 0.43371992 0.44232797 0.45077168 0.45547358 0.44926448 0.42744565 0.41373527 0.40194672 0.39015818 0.37836963 0.37326995 0.3728896 0.3586438 0.34439801 0.33015222 0.31590643 0.31179731 0.31037325 0.31107662 0.31177999 0.31248336 0.31763182 0.33817753 0.34535953
-9999 0.49178336 0.5049487 0.51811404 0.53433862 0.55436088 0.57438314 0.57831337 0.56367131 0.54902926 0.53641592 0.52598024 0.51554456 0.50015715 0.47485364 0.44955012 0.42550234 0.40333812 0.38117389 0.36582181 0.36618561 0.36654942 0.36611544 0.36258316 0.35905088 0.36164869 0.3806767 0.39970471 0.41219836 0.41436609 0.41653383 0.42090136 0.4295094 0.43811744 0.44557092 0.45027283 0.45497473 0.44876563 0.42694679 0.40512796 0.38908795 0.3772994 0.36551086 0.36041117 0.36012003 0.35982889 0.34843851 0.33419272 0.31994693 0.3158378 0.31348056 0.3114757 0.31217907 0.31288244 0.3180309 0.33857661 0.35912232
-9999 0.48057967 0.49374501 0.51199923 0.53202149 0.55204375 0.57206601 0.57599624 0.56135419 0.54671213 0.53207008 0.51821166 0.50777598 0.49238858 0.46708506 0.44178155 0.41647803 0.39156772 0.3694035 0.35405141 0.35441522 0.35291078 0.3493785 0.34584622 0.34231394 0.34491176 0.36393976 0.38296777 0.40199578 0.41876361 0.42093134 0.42529887 0.43390691 0.44037017 0.44507207 0.44977397 0.45447587 0.44826678 0.42644794 0.40462911 0.38281027 0.36444062 0.35265208 0.34755239 0.34726125 0.34697011 0.34667896 0.33823322 0.32398743 0.3198783 0.31752106 0.31516382 0.31280658 0.31328152 0.31842998 0.33897569 0.3595214
-9999 0.46963758 0.48965984 0.5096821 0.52970436 0.54972662 0.56974889 0.57367911 0.55903706 0.544395 0.52975295 0.5151109 0.50046884 0.48462 0.45931648 0.43401297 0.40870946 0.38340594 0.35810243 0.34228102 0.33970613 0.33617385 0.33264157 0.32910929 0.325577 0.32817482 0.34720283 0.36623083 0.38525884 0.40428685 0.42331485 0.42969639 0.43516941 0.43987132 0.44457322 0.44927512 0.45397702 0.44776792 0.42594909 0.40413025 0.38231142 0.36049258 0.3397933 0.33469361 0.33440247 0.33411133 0.33382018 0.33352904 0.32802793 0.3239188 0.32156156 0.31920432 0.31684708 0.31448984 0.31882906 0.33937477 0.35992048
-9999 0.45475476 0.47477702 0.49479928 0.51482154 0.5348438 0.55285034 0.55145976 0.5368177 0.52217565 0.5075336 0.49289154 0.47822963 0.46703852 0.45022745 0.42492394 0.39962043 0.37431691 0.3490134 0.33029318 0.3267609 0.32322862 0.31969634 0.31616406 0.31263178 0.33228766 0.35245103 0.37147903 0.39050704 0.40953505 0.42856306 0.44269773 0.44739964 0.45210154 0.45680344 0.46150534 0.46409436 0.44801057 0.42619173 0.4043729 0.38255406 0.36073523 0.34212615 0.33053887 0.32893878 0.32864764 0.3283565 0.32806535 0.32777421 0.32572143 0.32336419 0.32100695 0.31864971 0.31629247 0.31356607 0.33411178 0.35465749
-9999 0.4303934 0.45041566 0.47043792 0.49046019 0.50552716 0.51561837 0.51422778 0.49958573 0.48494368 0.47030162 0.45555783 0.44063916 0.42944805 0.42572159 0.41483887 0.38953535 0.36423184 0.33892833 0.32020811 0.31667583 0.31314354 0.30961126 0.31222847 0.33121278 0.35090566 0.37249768 0.39331104 0.41233904 0.43136705 0.45039506 0.46452974 0.46923164 0.47393354 0.47863544 0.47697139 0.46489633 0.44881254 0.4269937 0.40517487 0.38335603 0.36737022 0.3568459 0.34525862 0.33290718 0.32876221 0.32847106 0.32817992 0.32788878 0.325836 0.32347876 0.32112152 0.31801833 0.30755147 0.30403206 0.32457777 0.34512348
-9999 0.40603205 0.42605431 0.44607657 0.45820397 0.46829518 0.4783864 0.47699581 0.46235376 0.44771171 0.43288603 0.41796736 0.40304869 0.39185758 0.38813112 0.38440467 0.37945028 0.35414677 0.32884325 0.31012303 0.30659075 0.30305847 0.31186215 0.33084646 0.34983077 0.36952365 0.39111567 0.41270769 0.43417105 0.45319905 0.47222706 0.48636174 0.49106364 0.49576554 0.48984843 0.47777336 0.46569829 0.44961451 0.42779567 0.40597684 0.39261429 0.38208997 0.37156566 0.35997837 0.34762694 0.3352755 0.32858563 0.32829449 0.32800334 0.32595056 0.32359332 0.31895119 0.30848432 0.29801746 0.29449805 0.31504376 0.33558947
-9999 0.38167069 0.40078957 0.41088078 0.420972 0.43106321 0.44115442 0.43976384 0.42512179 0.41021424 0.39529556 0.38037689 0.36545822 0.35426711 0.35054065 0.3468142 0.34308774 0.33936129 0.31875818 0.30003796 0.29650568 0.31149584 0.33048015 0.34946445 0.36844876 0.38814164 0.40973367 0.43132569 0.45291771 0.47450973 0.49405906 0.50819374 0.51289564 0.50272547 0.4906504 0.47857533 0.46650026 0.45041648 0.42859764 0.41785836 0.40733405 0.39680973 0.38628541 0.37469813 0.36234669 0.34999526 0.33764382 0.32840905 0.32811791 0.32606513 0.31988404 0.30941718 0.29895031 0.28848345 0.28496404 0.30550975 0.30888679
-9999 0.35346639 0.3635576 0.37364881 0.38374003 0.39383124 0.40392245 0.40246111 0.38754244 0.37262377 0.35770509 0.34278642 0.32786775 0.31667664 0.31295018 0.30922373 0.30549727 0.30177082 0.29804436 0.29214521 0.31112952 0.33011383 0.34909814 0.36808245 0.38706676 0.40675964 0.42835166 0.44994368 0.4715357 0.49312772 0.51471975 0.52767757 0.5156025 0.50352744 0.49145237 0.4793773 0.46730223 0.45362675 0.44310243 0.43257812 0.4220538 0.41152948 0.40100517 0.38941788 0.37706645 0.36471501 0.35236357 0.34001214 0.32823248 0.3208169 0.31035003 0.29988317 0.28941631 0.27894944 0.27476462 0.27494175 0.27511888
