P2_models/J1_p2_vp_slide_diff2_100.dat.tif
NCOLS 118
NROWS 92
XLLCORNER 139.62
YLLCORNER -39.07
DX 0.099491525
DY 0.099347826
NODATA_VALUE -9999
[rows 48 to 71 of 92, columns 54 to 107 of 118]
-0.082407395 -0.078846486 -0.075285578 -0.07172467 -0.068163761 -0.064767733 -0.06621937 -0.057613709 -0.049008047 -0.040402386 -0.031796724 -0.023191062 -0.039423369 -0.056509139 -0.073594909 -0.09068068 -0.10776645 -0.11300457 -0.11513517 -0.11726576 -0.11939635 -0.12152694 -0.12363035 -0.12631482 -0.12584834 -0.12538186 -0.12491537 -0.12444889 -0.12755173 -0.13230368 -0.13705562 -0.14180756 -0.1465595 -0.14971124 -0.15310832 -0.15757887 -0.16204942 -0.16651997 -0.17157145 -0.19552823 -0.21948501 -0.24344179 -0.26739857 -0.28246827 -0.26627813 -0.2485893 -0.23090047 -0.21321165 -0.1971881 -0.18469934 -0.16822573 -0.15175213 -0.13527852 -0.11983031
-0.074393999 -0.070833091 -0.067272182 -0.063711274 -0.060846355 -0.05947426 -0.06264154 -0.068893517 -0.062177374 -0.053571713 -0.044966051 -0.036360389 -0.052592696 -0.069678466 -0.086764236 -0.10238634 -0.10825507 -0.11248399 -0.11461458 -0.11674518 -0.11887577 -0.12089429 -0.12290997 -0.12955394 -0.13349039 -0.13302391 -0.13255743 -0.13209094 -0.13519379 -0.13994573 -0.14469767 -0.14944961 -0.15949807 -0.1636632 -0.15710333 -0.15855822 -0.16302877 -0.16749932 -0.1725508 -0.19650758 -0.22046436 -0.24442114 -0.25605683 -0.25393844 -0.2377483 -0.22005948 -0.20237065 -0.18843362 -0.18430357 -0.17181481 -0.1553412 -0.1388676 -0.12482078 -0.12114457
-0.066380603 -0.062819695 -0.059258787 -0.056924977 -0.055552882 -0.054180787 -0.057348067 -0.063600044 -0.06985202 -0.06674104 -0.058135378 -0.049529716 -0.065762023 -0.082847793 -0.095997022 -0.10186576 -0.10773449 -0.11196341 -0.114094 -0.11622459 -0.11821006 -0.12017391 -0.12218958 -0.12883355 -0.13547752 -0.14066597 -0.14019948 -0.139733 -0.14283585 -0.14758779 -0.15321571 -0.16333287 -0.17345003 -0.17761517 -0.1710553 -0.16449543 -0.16400812 -0.16847867 -0.17353015 -0.19748693 -0.22144371 -0.2296454 -0.22752701 -0.22540862 -0.20921848 -0.19152965 -0.17967914 -0.17554909 -0.17141904 -0.15893028 -0.14245667 -0.12981126 -0.12613505 -0.12245883
-0.058367208 -0.054806299 -0.053003599 -0.051631504 -0.050259409 -0.048887315 -0.052054594 -0.058306571 -0.064558547 -0.070810524 -0.071304705 -0.062699043 -0.07893135 -0.089607705 -0.095476439 -0.10134517 -0.10721391 -0.11144283 -0.11356197 -0.11552582 -0.11748967 -0.11945353 -0.1214692 -0.12811317 -0.13475714 -0.14140111 -0.14784154 -0.14737505 -0.1504779 -0.15705052 -0.16716768 -0.17728484 -0.187402 -0.19156714 -0.18500727 -0.1784474 -0.17188753 -0.16945802 -0.1745095 -0.19846628 -0.20323396 -0.20111557 -0.19899718 -0.19687879 -0.18068865 -0.17092465 -0.16679461 -0.16266456 -0.15853451 -0.14604575 -0.13480173 -0.13112552 -0.12744931 -0.1237731
-0.050454315 -0.049082221 -0.047710126 -0.046338031 -0.044965936 -0.043593842 -0.046761121 -0.053013098 -0.059265074 -0.065517051 -0.071769027 -0.075868371 -0.083218389 -0.089087123 -0.094955856 -0.10082459 -0.10669332 -0.11087773 -0.11284159 -0.11480544 -0.11676929 -0.11873314 -0.12074882 -0.12739279 -0.13403676 -0.14068073 -0.1473247 -0.15396866 -0.16088532 -0.17100248 -0.18111964 -0.19123681 -0.20135397 -0.20551911 -0.19895923 -0.19239936 -0.18583949 -0.17927962 -0.17548885 -0.17682252 -0.17470413 -0.17258574 -0.17046736 -0.16834897 -0.16217017 -0.15804012 -0.15391008 -0.14978003 -0.14564998 -0.1397922 -0.13611599 -0.13243978 -0.12876357 -0.12508736
-0.04546017 -0.044088075 -0.042715981 -0.041343886 -0.039971791 -0.04940433 -0.04913817 -0.047675927 -0.053927904 -0.06017988 -0.066431857 -0.072683833 -0.078565298 -0.084434032 -0.090302766 -0.096171499 -0.10010446 -0.1019056 -0.10386946 -0.10583331 -0.10779716 -0.10975111 -0.11122289 -0.12642883 -0.1330728 -0.13971677 -0.14636074 -0.15300471 -0.16202429 -0.17214145 -0.18225862 -0.19237578 -0.19952779 -0.20086139 -0.19912094 -0.19256107 -0.1860012 -0.17944133 -0.17301387 -0.17089548 -0.16877709 -0.1666587 -0.16454031 -0.17078572 -0.16779399 -0.16366394 -0.1595339 -0.15540385 -0.14368183 -0.13605447 -0.13237826 -0.12870205 -0.12502584 -0.13085389
-0.040516104 -0.039144009 -0.037771914 -0.03639982 -0.049491011 -0.065085952 -0.064819792 -0.053775344 -0.048583423 -0.054835399 -0.061087376 -0.067339352 -0.073220817 -0.079089551 -0.084958284 -0.088077778 -0.089751769 -0.091552913 -0.093516765 -0.095480617 -0.097322904 -0.098638403 -0.10011019 -0.11553983 -0.13096946 -0.13871206 -0.14535603 -0.152 -0.16101958 -0.17113675 -0.18125391 -0.18710295 -0.18856303 -0.18989663 -0.1910023 -0.19041559 -0.18385572 -0.17729584 -0.17086839 -0.16875 -0.16663161 -0.16451322 -0.17180973 -0.17950608 -0.17651435 -0.1723843 -0.16825426 -0.15501426 -0.13909887 -0.13147151 -0.1277953 -0.12411909 -0.13134288 -0.14401273
-0.035572038 -0.034199943 -0.033982751 -0.049577692 -0.065172633 -0.080767574 -0.080501414 -0.069456967 -0.058412519 -0.049490918 -0.055742894 -0.061994871 -0.067876336 -0.07374507 -0.076051097 -0.077725087 -0.079399077 -0.081200221 -0.083164074 -0.084894702 -0.086210202 -0.087525701 -0.088997489 -0.10442712 -0.11985676 -0.13528639 -0.14435132 -0.15099529 -0.16001488 -0.17013204 -0.1746781 -0.17613819 -0.17759827 -0.17893187 -0.18003754 -0.18114321 -0.18171023 -0.17515036 -0.16872291 -0.16660452 -0.16513739 -0.17283374 -0.18053009 -0.18822644 -0.18523471 -0.18110467 -0.1663467 -0.15043131 -0.13451592 -0.12688855 -0.12321234 -0.13183187 -0.14450171 -0.15717156
-0.030627972 -0.034069432 -0.049664373 -0.065259314 -0.080854256 -0.096449197 -0.096183037 -0.085138589 -0.074094142 -0.063049694 -0.052005246 -0.05665039 -0.062350425 -0.064024415 -0.065698406 -0.067372396 -0.069046386 -0.07084753 -0.072466501 -0.073782 -0.075097499 -0.076412998 -0.077884787 -0.093314421 -0.10874405 -0.12417369 -0.13960332 -0.14999058 -0.15901017 -0.16225326 -0.16371334 -0.16517343 -0.16663351 -0.16796711 -0.16907278 -0.17017845 -0.17128412 -0.17238979 -0.16657742 -0.1661614 -0.17385775 -0.1815541 -0.18925046 -0.19694681 -0.19359452 -0.17767913 -0.16176374 -0.14584835 -0.12993296 -0.1223056 -0.13232085 -0.1449907 -0.15766055 -0.1703304
-0.031888675 -0.046624277 -0.062219218 -0.07781416 -0.093409101 -0.10900404 -0.11062633 -0.099581884 -0.088537437 -0.077492989 -0.066448542 -0.055404094 -0.054508381 -0.056182371 -0.057856361 -0.059530351 -0.061204341 -0.062721072 -0.064036571 -0.06535207 -0.066667569 -0.067983068 -0.071606862 -0.08408919 -0.099518824 -0.11494846 -0.13037809 -0.14580773 -0.15168238 -0.15314246 -0.15460255 -0.15606263 -0.15752272 -0.15934466 -0.16045033 -0.161556 -0.16266167 -0.16376734 -0.1650695 -0.17276585 -0.1804622 -0.18815856 -0.19585491 -0.20266721 -0.1902183 -0.17430291 -0.15838752 -0.14247212 -0.12655673 -0.13071307 -0.14338291 -0.15605276 -0.16872261 -0.18139246
-0.052364483 -0.052991102 -0.064094684 -0.079689626 -0.095284567 -0.11087951 -0.11460859 -0.10979572 -0.098751276 -0.087706829 -0.076662381 -0.065617934 -0.059359183 -0.056915337 -0.058589327 -0.060263317 -0.061937307 -0.063454038 -0.064769537 -0.066085036 -0.067400535 -0.07275454 -0.082406412 -0.086290711 -0.096740176 -0.11216981 -0.12759944 -0.14302908 -0.14890373 -0.15036382 -0.1518239 -0.15328399 -0.15701133 -0.15981108 -0.15991376 -0.16093364 -0.16203931 -0.16314498 -0.16444714 -0.17214349 -0.17983984 -0.1875362 -0.19362107 -0.19579389 -0.18758661 -0.17504824 -0.15913285 -0.14321745 -0.12730206 -0.13266958 -0.14728353 -0.15995338 -0.17262323 -0.18529307
-0.072840291 -0.07346691 -0.074093529 -0.081565092 -0.097160033 -0.11275497 -0.11648405 -0.11214977 -0.1078155 -0.097920668 -0.086876221 -0.075831773 -0.069573023 -0.063478714 -0.059322293 -0.060996283 -0.062670274 -0.064187004 -0.065502503 -0.066818002 -0.073837637 -0.08355409 -0.093205962 -0.097090262 -0.10097456 -0.10939116 -0.12482079 -0.14025043 -0.14612508 -0.14758517 -0.14904525 -0.15327203 -0.15756856 -0.16036831 -0.16047099 -0.16057367 -0.16141696 -0.16252263 -0.16382478 -0.17152113 -0.17921749 -0.18457493 -0.18674775 -0.18892056 -0.18071329 -0.1714005 -0.15987817 -0.14396278 -0.12804739 -0.13341491 -0.14892863 -0.163854 -0.17652384 -0.18919369
-0.093316099 -0.093942718 -0.094569337 -0.095195955 -0.099035499 -0.11463044 -0.11835952 -0.11402524 -0.10969096 -0.10535669 -0.09709006 -0.086045613 -0.079786862 -0.073692554 -0.067598246 -0.06172925 -0.06340324 -0.06491997 -0.066235469 -0.074920735 -0.084637188 -0.094353641 -0.10400551 -0.10788981 -0.11177411 -0.11565841 -0.12204215 -0.13747178 -0.14334643 -0.14523619 -0.14953273 -0.15382926 -0.15812579 -0.16092554 -0.16102822 -0.16113091 -0.16123359 -0.16190027 -0.16320242 -0.17089877 -0.17552879 -0.17770161 -0.17987442 -0.18204724 -0.17383996 -0.16452717 -0.15521439 -0.14470811 -0.12879272 -0.13416024 -0.14967396 -0.16518767 -0.18042446 -0.19309431
-0.11379191 -0.11441853 -0.11504514 -0.11567176 -0.11629838 -0.116925 -0.12023498 -0.11590071 -0.11156643 -0.10723215 -0.10289788 -0.096259452 -0.090000702 -0.083906394 -0.077812085 -0.071717777 -0.065623469 -0.066287379 -0.076003832 -0.085720285 -0.095436738 -0.10515319 -0.11480506 -0.11868936 -0.12257366 -0.12645796 -0.13034226 -0.13469313 -0.14149689 -0.14579343 -0.15008996 -0.15438649 -0.15868302 -0.16148277 -0.16158545 -0.16168814 -0.16179082 -0.1618935 -0.16258006 -0.16648265 -0.16865546 -0.17082828 -0.1730011 -0.17517392 -0.16696664 -0.15765385 -0.14834106 -0.13902827 -0.12953805 -0.13490557 -0.15041928 -0.165933 -0.18144671 -0.19696043
-0.11453207 -0.12136562 -0.12199224 -0.12261886 -0.12324548 -0.1238721 -0.11859636 -0.11292174 -0.10858746 -0.10425319 -0.099918909 -0.095584632 -0.10225356 -0.096159249 -0.09006494 -0.083970632 -0.077876324 -0.078717742 -0.088434195 -0.098150648 -0.1078671 -0.11758355 -0.12110427 -0.12555367 -0.12943797 -0.13332227 -0.13720657 -0.14109087 -0.14525713 -0.14955366 -0.15385019 -0.15814672 -0.16378299 -0.16739356 -0.16222008 -0.16232276 -0.16242544 -0.16252813 -0.16269253 -0.16486534 -0.16703816 -0.16921098 -0.17138379 -0.15713656 -0.16661426 -0.15730147 -0.14798868 -0.13867589 -0.1293631 -0.1318578 -0.14666146 -0.16217517 -0.17768888 -0.1932026
-0.10358261 -0.11387697 -0.12305637 -0.12368299 -0.1243096 -0.12493622 -0.11966048 -0.11037384 -0.10349754 -0.099163266 -0.094828989 -0.090494712 -0.098899254 -0.10774152 -0.10320446 -0.097110155 -0.091015847 -0.091857264 -0.10157372 -0.11129017 -0.12067983 -0.12304533 -0.12543539 -0.13001857 -0.13459103 -0.13847533 -0.14235963 -0.14624393 -0.15041019 -0.15470672 -0.15900325 -0.16597565 -0.17786057 -0.18147115 -0.1701721 -0.16299104 -0.16309372 -0.16319641 -0.16336081 -0.16553362 -0.16770644 -0.16987926 -0.15250919 -0.13096967 -0.14291942 -0.15843589 -0.15047193 -0.14115914 -0.13184635 -0.13434106 -0.14246474 -0.15645914 -0.17197285 -0.18748656
-0.09263316 -0.10292751 -0.11322187 -0.12351622 -0.12537373 -0.12600035 -0.12072461 -0.11143796 -0.10215132 -0.094073346 -0.089739069 -0.085404792 -0.093809334 -0.1026516 -0.11149386 -0.11024968 -0.10415537 -0.10499679 -0.11471324 -0.12264545 -0.12501095 -0.12737646 -0.12976652 -0.1343497 -0.13893288 -0.14351606 -0.14751269 -0.15139699 -0.15556325 -0.15985978 -0.16816832 -0.18005324 -0.19193816 -0.19554873 -0.18424969 -0.17295064 -0.163762 -0.16386469 -0.16402909 -0.1662019 -0.16837472 -0.14788183 -0.1263423 -0.10480278 -0.11675253 -0.13226899 -0.14778546 -0.1436424 -0.13432961 -0.13682431 -0.14494799 -0.15307167 -0.16625682 -0.18177053
-0.081683705 -0.091978057 -0.10227241 -0.11256676 -0.12286112 -0.12706448 -0.12178873 -0.11250209 -0.10321544 -0.093928796 -0.084649149 -0.080314871 -0.088719414 -0.097561678 -0.10640394 -0.11524621 -0.11729489 -0.11813631 -0.12461107 -0.12697657 -0.12934208 -0.13170758 -0.13409764 -0.13868082 -0.143264 -0.14784718 -0.15243036 -0.15655005 -0.16071631 -0.17036099 -0.18224591 -0.19413083 -0.20601575 -0.20962632 -0.19832728 -0.18702823 -0.17572918 -0.16453297 -0.16469737 -0.16479398 -0.14325446 -0.12171493 -0.10017541 -0.078635883 -0.090585634 -0.1061021 -0.12161857 -0.13713504 -0.13681286 -0.13930756 -0.14743125 -0.15555493 -0.16367861 -0.1760545
-0.075421482 -0.085715835 -0.096010188 -0.10630454 -0.11659889 -0.12689325 -0.12485028 -0.11556364 -0.10627699 -0.096990348 -0.087703702 -0.078417057 -0.086657083 -0.095499347 -0.10434161 -0.11318388 -0.12202614 -0.12703092 -0.12939643 -0.13176193 -0.13412743 -0.13649294 -0.13830786 -0.14209088 -0.14667406 -0.15125724 -0.15584042 -0.1604236 -0.17000107 -0.18188599 -0.19377091 -0.20565583 -0.21754075 -0.22014622 -0.20884717 -0.19754812 -0.18624908 -0.17495003 -0.16334569 -0.14180616 -0.12026664 -0.098727114 -0.077187589 -0.057691842 -0.071752541 -0.087269009 -0.10278548 -0.11830195 -0.13381842 -0.14356898 -0.15169266 -0.15981634 -0.16794003 -0.17606371
-0.092472881 -0.10276723 -0.11306159 -0.12335594 -0.13310846 -0.13163972 -0.13057707 -0.1285601 -0.11927346 -0.10998681 -0.10070016 -0.091413519 -0.099653545 -0.10849581 -0.11733807 -0.12618034 -0.13081191 -0.13407557 -0.13644107 -0.13880657 -0.14117208 -0.14245967 -0.14220164 -0.14247815 -0.14550286 -0.15008604 -0.15466922 -0.1592524 -0.16882987 -0.18071479 -0.19259971 -0.20448463 -0.20572851 -0.2033442 -0.20151956 -0.19037256 -0.17907351 -0.16777447 -0.15617013 -0.1346306 -0.11309108 -0.091551552 -0.074944098 -0.075336016 -0.089396715 -0.10491318 -0.12042965 -0.13585088 -0.14743418 -0.15667472 -0.16479841 -0.17292209 -0.18104577 -0.18285931
-0.10952428 -0.11981863 -0.13011298 -0.13701123 -0.13554249 -0.13407374 -0.13301109 -0.1322244 -0.1314377 -0.12298327 -0.11369663 -0.10440998 -0.11265001 -0.12149227 -0.12992545 -0.133891 -0.13785656 -0.14112021 -0.14348571 -0.14585122 -0.14661747 -0.14635344 -0.14609541 -0.14637192 -0.14664843 -0.14891484 -0.15349802 -0.1580812 -0.16765867 -0.17954359 -0.19142851 -0.19010522 -0.18741031 -0.18502601 -0.18320137 -0.18137673 -0.17189795 -0.16059891 -0.14899457 -0.12745504 -0.10591551 -0.092196353 -0.092588271 -0.09298019 -0.10704089 -0.12255736 -0.13737332 -0.14895662 -0.16053993 -0.16978047 -0.17790415 -0.18565224 -0.18711159 -0.18857093
-0.12657568 -0.13687003 -0.14091399 -0.13944525 -0.13797651 -0.13650776 -0.13544511 -0.13465842 -0.13387173 -0.13308503 -0.12669309 -0.11740644 -0.12564647 -0.13300455 -0.1369701 -0.14093565 -0.1449012 -0.14816486 -0.15053036 -0.15077526 -0.15051124 -0.15024722 -0.14998918 -0.15026569 -0.1505422 -0.15081872 -0.15232682 -0.15691 -0.16648747 -0.17717684 -0.17448193 -0.17178703 -0.16909212 -0.16670781 -0.16488318 -0.16305854 -0.1612339 -0.15342334 -0.141819 -0.12027948 -0.10944861 -0.10984053 -0.11023245 -0.11062436 -0.12468506 -0.13889577 -0.15047907 -0.16206237 -0.17364567 -0.18288621 -0.18990452 -0.19136386 -0.1928232 -0.19428255
-0.14362708 -0.14481676 -0.14334802 -0.14187927 -0.14041053 -0.13894179 -0.13787913 -0.13709244 -0.13630575 -0.13551905 -0.13473236 -0.1304029 -0.13608364 -0.14004919 -0.14401474 -0.14798029 -0.15194584 -0.15519707 -0.15493305 -0.15466903 -0.15440501 -0.15414099 -0.15388295 -0.15415947 -0.15443598 -0.15471249 -0.154989 -0.1557388 -0.16155355 -0.15885865 -0.15616374 -0.15346883 -0.15077393 -0.14838962 -0.14656498 -0.14474035 -0.14291571 -0.14109107 -0.13464344 -0.12670086 -0.12709278 -0.1274847 -0.12787662 -0.12826854 -0.14041821 -0.15200151 -0.16358481 -0.17516811 -0.18675141 -0.1941568 -0.19561614 -0.19707548 -0.19853482 -0.19999416
-0.15174957 -0.14860891 -0.14714016 -0.14567142 -0.14420268 -0.14273393 -0.14178838 -0.14104402 -0.14025733 -0.13947063 -0.13868394 -0.13789725 -0.13991402 -0.14387957 -0.14784512 -0.15181067 -0.15577622 -0.15788638 -0.15762236 -0.15735834 -0.15709432 -0.1568303 -0.15503783 -0.15524408 -0.1555206 -0.15579711 -0.15607362 -0.15635013 -0.15459423 -0.15189933 -0.14920442 -0.14650951 -0.14392702 -0.14616875 -0.14899285 -0.14716822 -0.14534358 -0.14351894 -0.14176039 -0.14215231 -0.14254423 -0.14293614 -0.14332806 -0.14580255 -0.14236129 -0.15394459 -0.16552789 -0.17711119 -0.18869449 -0.19250047 -0.19389636 -0.19535571 -0.19681505 -0.19827439
