P2_models/J1_p2_vp_slide_diff2_5.dat.tif
NCOLS 118
NROWS 92
XLLCORNER 139.62
YLLCORNER -39.07
DX 0.099491525
DY 0.099347826
NODATA_VALUE -9999
[rows 25 to 49 of 92, columns 0 to 56 of 118]
-9999 0.095225886 0.090822162 0.086418439 0.082014716 0.077610993 0.076807136 0.077337422 0.073698113 0.066195473 0.058692833 0.051190194 0.043687554 0.036032817 0.030562294 0.032054667 0.03354704 0.035039413 0.036531785 0.036921051 0.034765401 0.032609752 0.030454102 0.028298452 0.031012066 0.036895253 0.028586496 0.029092385 0.029598274 0.030104163 0.030610052 0.027775235 0.018500601 0.0092259672 -4.8666537e-05 -0.0093233003 -0.014691486 -0.018575244 -0.024155184 -0.025355944 -0.026556704 -0.027757464 -0.028958224 -0.025804751 -0.018928811 -0.011597857 -0.0042669021 0.0030640524 0.010395007 0.024654318 0.039352215 0.053920617 0.068489019 0.083057421 0.095994013 0.10279723 0.10794947
-9999 0.087404887 0.083001163 0.07859744 0.074193717 0.07532096 0.077441271 0.077971557 0.076666751 0.074861986 0.067359346 0.059856706 0.052354067 0.044699329 0.036740007 0.028780685 0.030164986 0.031657359 0.033149732 0.033538997 0.031383348 0.029227698 0.027072048 0.033703748 0.045808551 0.051691738 0.040899437 0.030107136 0.030232409 0.030738298 0.031244187 0.02840937 0.019134736 0.0098601022 0.00058546852 -0.0026452845 -0.003488433 -0.0073721911 -0.015605973 -0.022819404 -0.024020164 -0.025220924 -0.026421683 -0.023268211 -0.016984535 -0.010329587 -0.002998632 0.0043323225 0.011663277 0.025922588 0.041379307 0.056245779 0.07081418 0.085382582 0.098319174 0.10560338 0.11281118
-9999 0.079583888 0.075180164 0.071714473 0.073834784 0.075955095 0.078075406 0.078605692 0.077300886 0.075996079 0.074691272 0.068523219 0.061020579 0.053365842 0.04540652 0.037447198 0.029487876 0.028275305 0.029767678 0.030156944 0.028001294 0.025845644 0.036395431 0.048500233 0.060605035 0.066488223 0.055695922 0.04490362 0.034111319 0.031372433 0.031878322 0.029043505 0.019768871 0.010494237 0.0094009168 0.0085577683 0.0077146197 0.0038308616 -0.0044029198 -0.012636701 -0.020870483 -0.022684383 -0.023885143 -0.02073167 -0.014447995 -0.0081643197 -0.0017303619 0.0056005926 0.012931547 0.027190858 0.042647577 0.058104296 0.073139342 0.087707744 0.10064434 0.10792854 0.11521274
-9999 0.071762888 0.070228297 0.072348608 0.074468919 0.07658923 0.078709541 0.079239828 0.077935021 0.076630214 0.075325407 0.0740206 0.069687092 0.062032354 0.054073032 0.04611371 0.038154388 0.030195066 0.026385624 0.02677489 0.026982311 0.039087113 0.051191915 0.063296718 0.07540152 0.081284707 0.070492406 0.059700105 0.048907804 0.038115503 0.032512457 0.02967764 0.022290267 0.021447118 0.02060397 0.019760821 0.018917672 0.015033914 0.0068001329 -0.0014336485 -0.0096674299 -0.017901211 -0.021348603 -0.01819513 -0.011911455 -0.0056277795 0.00065589582 0.0069395711 0.014199817 0.028459128 0.043915847 0.059372566 0.074829285 0.090032906 0.1029695 0.1102537 0.1175379
-9999 0.068146838 0.070267149 0.072387461 0.074507772 0.076628083 0.078748394 0.078111012 0.076806205 0.075501398 0.074196591 0.072891784 0.071586977 0.07037833 0.062419008 0.054459686 0.046500364 0.038541042 0.03058172 0.028689488 0.040794291 0.052899093 0.065003895 0.077108697 0.0892135 0.09624146 0.085449159 0.074656858 0.063864557 0.053072256 0.042279955 0.034885959 0.03404281 0.033199662 0.032356513 0.031513365 0.030670216 0.026488817 0.018255036 0.010021254 0.001787473 -0.0064463085 -0.01468009 -0.014857248 -0.0085735732 -0.0022898979 0.0039937774 0.010277453 0.016561128 0.029086325 0.044543044 0.059999763 0.075456483 0.090913202 0.10414989 0.11143409 0.11871829
-9999 0.063285136 0.065405447 0.067525759 0.06964607 0.071766381 0.067276713 0.063420364 0.061164207 0.0598594 0.058554593 0.057249786 0.055944979 0.058001715 0.066790133 0.060166902 0.05220758 0.044248258 0.036288936 0.034396704 0.046501506 0.058606308 0.070711111 0.082815913 0.087769515 0.091222331 0.099485186 0.090932991 0.08014069 0.069348389 0.058556088 0.051162092 0.050318944 0.049475795 0.048632647 0.047789498 0.043975894 0.038543722 0.03178325 0.023549469 0.015315688 0.0070819062 -0.0011518753 -0.002666097 0.0013612094 0.0076448847 0.01392856 0.020212235 0.026495911 0.030148564 0.039892721 0.05534944 0.070806159 0.086262878 0.099212182 0.1034761 0.11047453
-9999 0.058423434 0.060543745 0.062664056 0.06334144 0.058122212 0.052902984 0.049046636 0.046763223 0.044479811 0.042912595 0.041607788 0.040302981 0.042359717 0.051148135 0.059936553 0.057914795 0.049955473 0.041996151 0.040103919 0.052208722 0.064313524 0.076418326 0.078501703 0.080159895 0.08361271 0.091875565 0.10013842 0.096416824 0.085624522 0.074832221 0.067438225 0.066595077 0.065751928 0.064707707 0.060154705 0.055601703 0.050169532 0.043479584 0.036789637 0.028843902 0.020610121 0.012376339 0.010862118 0.014178502 0.017579667 0.023863343 0.030147018 0.036430693 0.040083347 0.043281289 0.050699116 0.066155835 0.081612554 0.094561858 0.098825781 0.1030897
-9999 0.053561732 0.055682043 0.054186939 0.048967712 0.043748484 0.038529256 0.034672907 0.032389495 0.030106083 0.027822671 0.02596579 0.024660983 0.026717718 0.035506136 0.044294555 0.053082973 0.055662689 0.047703367 0.045811135 0.057915937 0.067575698 0.06923389 0.070892082 0.072550274 0.076003089 0.084265945 0.0925288 0.10079166 0.10190066 0.091108355 0.083714359 0.08287121 0.080886518 0.076333516 0.071780514 0.067227512 0.061795341 0.055105394 0.048415446 0.041725499 0.034138335 0.025904554 0.024390332 0.027706716 0.031023101 0.034339485 0.040081801 0.046365476 0.05001813 0.053216072 0.056414013 0.061505511 0.07696223 0.089911534 0.094175457 0.098439379
-9999 0.04870003 0.045032439 0.039813211 0.034593984 0.029374756 0.024155528 0.020299179 0.018015767 0.015732355 0.013448943 0.011165531 0.0090189846 0.01107572 0.019864138 0.028652556 0.037440974 0.046229393 0.053410582 0.051518351 0.058307885 0.059966077 0.061624269 0.063282461 0.064940653 0.068393468 0.076656324 0.084919179 0.093182035 0.10144489 0.10738449 0.099990492 0.09706533 0.092512328 0.087959326 0.083406324 0.078853322 0.073421151 0.066731203 0.060041256 0.053351308 0.046661361 0.039432769 0.037918547 0.041234931 0.044551315 0.047867699 0.051184084 0.056300258 0.059952912 0.063150854 0.066348796 0.069546738 0.07274468 0.08526121 0.089525133 0.093789055
-9999 0.039102383 0.033883156 0.028663928 0.0234447 0.018225473 0.013006245 0.0071055785 0.0046653974 0.0023819853 9.8573239e-05 -0.0021848388 -0.0044682509 -0.0017939988 0.0075992216 0.01638764 0.025176058 0.033964476 0.042752894 0.049385239 0.051043431 0.052701623 0.054359815 0.056018007 0.057676199 0.064930753 0.072408174 0.08067103 0.088933885 0.097196741 0.1054596 0.10934497 0.10479197 0.10023897 0.095685968 0.091132966 0.086579964 0.084265134 0.077881758 0.071191811 0.064501863 0.057811916 0.051121969 0.047644726 0.050961111 0.054277495 0.057593879 0.060910263 0.064226647 0.066219217 0.069417159 0.0726151 0.075813042 0.079010984 0.083203932 0.088260563 0.092524486
-9999 0.033271098 0.02805187 0.022832643 0.017613415 0.012394187 0.0071749599 0.0012742931 -0.0054128423 -0.0092805856 -0.011563998 -0.01384741 -0.016130822 -0.01345657 -0.00085430977 0.0096924601 0.018480878 0.027269296 0.036057714 0.042690059 0.044348251 0.046006443 0.047664635 0.049966715 0.061408241 0.070978012 0.075531014 0.081966871 0.090229726 0.098492582 0.10675544 0.11064082 0.10608781 0.10153481 0.096981809 0.092843382 0.090651196 0.088584605 0.086697697 0.081558541 0.074868593 0.068178646 0.061488698 0.057370672 0.055101567 0.057733071 0.061049455 0.06436584 0.067682224 0.068625374 0.069633132 0.072831074 0.076029016 0.079226958 0.083419906 0.091059434 0.096843956
-9999 0.027439812 0.022220585 0.017001357 0.01178213 0.006562902 0.0013436745 -0.0045569924 -0.011244128 -0.017931263 -0.023226569 -0.025509981 -0.027793393 -0.025119141 -0.012516881 8.5379225e-05 0.011785699 0.020574117 0.029362535 0.035994879 0.037653071 0.039311264 0.044572449 0.056013974 0.0674555 0.077025271 0.081578273 0.086131275 0.091525568 0.099788423 0.10805128 0.11193666 0.10738365 0.10283065 0.099355039 0.097162852 0.094970666 0.092904076 0.091017168 0.089130259 0.085235323 0.078545375 0.071855428 0.067737402 0.065468297 0.063199192 0.064505032 0.067821416 0.0711378 0.07208095 0.07261394 0.073146931 0.076244989 0.079442931 0.083635879 0.091275407 0.098914935
-9999 0.021608527 0.016389299 0.011170072 0.0059508442 0.00073161659 -0.004487611 -0.010388278 -0.017075413 -0.023762548 -0.030449684 -0.037136819 -0.039455964 -0.036781711 -0.024179452 -0.011577192 0.0010250682 0.013627328 0.022667355 0.0292997 0.030957892 0.039178182 0.050619708 0.062061233 0.073502759 0.08307253 0.087625532 0.092178534 0.096731536 0.10128454 0.10934712 0.1132325 0.1086795 0.1058667 0.10367451 0.10148232 0.099290137 0.097223546 0.095336638 0.09344973 0.091562822 0.088912105 0.082222158 0.078104131 0.075835026 0.073565921 0.071296817 0.071276993 0.074593377 0.075536527 0.076069517 0.076602507 0.077135498 0.079658905 0.083851853 0.091491381 0.099130908
-9999 0.015777241 0.010558014 0.0053387863 0.00011955871 -0.0050996689 -0.010318896 -0.016219563 -0.022906699 -0.029593834 -0.036280969 -0.042968105 -0.04965524 -0.048444282 -0.035842022 -0.023239763 -0.010637503 0.0019647572 0.014567017 0.02260452 0.033783916 0.045225441 0.056666967 0.068108492 0.079550017 0.089119789 0.093672791 0.098225793 0.1027788 0.1073318 0.1118848 0.11457054 0.11237835 0.11018617 0.10799398 0.10580179 0.10360961 0.10154302 0.099656109 0.097769201 0.095882292 0.093995384 0.092108476 0.088470861 0.086201756 0.083932651 0.081663546 0.079394441 0.078048953 0.078992103 0.079525094 0.080058084 0.080591074 0.081124064 0.084067826 0.091707354 0.099346882
-9999 0.013496523 0.0082772955 0.0030580679 -0.0021611596 -0.0073803872 -0.015411768 -0.024633079 -0.031320215 -0.03800735 -0.044694485 -0.051381621 -0.05780571 -0.056861911 -0.04298569 -0.03038343 -0.01778117 -0.0051789101 0.0074233498 0.019674621 0.031116146 0.042557672 0.053999197 0.065440723 0.07846669 0.092562926 0.096653651 0.10120665 0.10575966 0.11031266 0.11486566 0.11711473 0.11492254 0.11273035 0.11053817 0.10834598 0.10708584 0.10650805 0.10462114 0.10273423 0.10084732 0.098960413 0.099852584 0.096616291 0.092372361 0.090103256 0.087834151 0.085565046 0.083295941 0.083416016 0.083949007 0.084481997 0.085014987 0.08491277 0.083315463 0.090954991 0.098594519
-9999 0.012416655 0.0071974278 0.0019782003 -0.0032410273 -0.01328157 -0.02469863 -0.033919941 -0.040607077 -0.047294212 -0.053981347 -0.060141073 -0.066012704 -0.065068905 -0.050476815 -0.035998742 -0.023396482 -0.010794222 0.0018080379 0.014059309 0.025500835 0.03694236 0.048383885 0.063365871 0.081274345 0.095370582 0.099249065 0.10315042 0.10770342 0.11225642 0.11680942 0.11905849 0.1168663 0.11467412 0.11248193 0.11193195 0.1122692 0.11169141 0.1098045 0.10791759 0.10603069 0.10830039 0.11173113 0.10849484 0.10046569 0.094854674 0.092585569 0.090316464 0.088047359 0.088167434 0.088700424 0.089233415 0.088096824 0.083832902 0.082235596 0.089875124 0.097514651
-9999 0.011336788 0.0061175601 0.00026568901 -0.011151371 -0.022568432 -0.033985492 -0.043206803 -0.049893939 -0.056581074 -0.062476437 -0.068348068 -0.074219699 -0.073275899 -0.058683809 -0.044091719 -0.029499628 -0.016409534 -0.003807274 0.0084439972 0.019885523 0.031327048 0.048265052 0.066173527 0.084082001 0.098178238 0.10205672 0.1059352 0.10981369 0.11420018 0.11875318 0.12100225 0.11881006 0.11661788 0.11677805 0.11711531 0.11745257 0.11687478 0.11498787 0.11331745 0.11674819 0.12017893 0.12360967 0.12037338 0.11234424 0.1043151 0.097336987 0.095067882 0.092798777 0.092918852 0.093451842 0.091280879 0.087016957 0.082753034 0.081155728 0.088795256 0.096434784
-9999 0.01025692 0.0023958873 -0.009021173 -0.020438233 -0.031855294 -0.043272354 -0.052493665 -0.058940169 -0.0648118 -0.070683431 -0.076555062 -0.082426693 -0.081482894 -0.066890803 -0.052298713 -0.037706623 -0.023114532 -0.0094225859 0.0028286853 0.015255759 0.033164234 0.051072708 0.068981183 0.086889657 0.10098589 0.10486438 0.10874286 0.11262134 0.11649983 0.12069694 0.12294601 0.1212869 0.12162416 0.12196142 0.12229867 0.12263593 0.12205814 0.12176525 0.12519599 0.12862673 0.13205748 0.13548822 0.13225192 0.12422278 0.11619364 0.1081645 0.10013536 0.097550194 0.09767027 0.094464934 0.090201012 0.085937089 0.081673167 0.08007586 0.087635067 0.094741605
-9999 0.008211567 -0.0032054933 -0.014622554 -0.026039614 -0.037456674 -0.048873734 -0.058186635 -0.064058266 -0.069929897 -0.075801528 -0.081673159 -0.08754479 -0.086922684 -0.072330593 -0.057738503 -0.043146413 -0.028554322 -0.013962232 0.0016326835 0.019541158 0.037449633 0.055358107 0.073266582 0.091175056 0.10217809 0.10605658 0.10993506 0.11381354 0.11769203 0.12157051 0.12423943 0.12457668 0.12491394 0.1252512 0.12558846 0.12592572 0.12808009 0.13151083 0.13494157 0.13837231 0.14180306 0.1452338 0.14281411 0.13478497 0.12675583 0.11872669 0.11069755 0.10266841 0.098245573 0.093981651 0.089717728 0.085453806 0.081189883 0.078285387 0.085391925 0.092498462
-9999 0.030406294 0.018989234 0.0075721735 -0.0038448867 -0.015261947 -0.027125223 -0.037441561 -0.045879728 -0.051751359 -0.05762299 -0.063494621 -0.069366252 -0.06914039 -0.05670395 -0.042307883 -0.027715793 -0.013123702 0.001468388 0.017063303 0.034971778 0.052880252 0.070788727 0.088697202 0.099222556 0.10279495 0.096387021 0.098943384 0.10282187 0.10670035 0.11057883 0.11324775 0.11358501 0.11392227 0.11425953 0.11459679 0.11835582 0.12223539 0.12516948 0.12860022 0.13203096 0.13546171 0.13889245 0.13900718 0.1354191 0.12738996 0.11936082 0.11133168 0.10330254 0.10090751 0.097997839 0.093733917 0.089469994 0.085206072 0.081578953 0.080157646 0.08636849
-9999 0.052601021 0.041183961 0.029766901 0.018248095 0.0063417319 -0.005564631 -0.015880969 -0.024362214 -0.032843458 -0.039444451 -0.045316082 -0.051187713 -0.050961852 -0.038525411 -0.026088971 -0.012285173 0.0023069174 0.016899008 0.032493923 0.050402398 0.068310872 0.086219347 0.093828916 0.10112496 0.10469735 0.098289426 0.091881497 0.091830193 0.095708676 0.09958716 0.10225608 0.10259334 0.1029306 0.1035426 0.1080956 0.1126486 0.11652817 0.11944431 0.12236044 0.12568961 0.12912035 0.1325511 0.13266583 0.13039672 0.1280241 0.11999496 0.11196582 0.10393668 0.10154164 0.10012034 0.097750106 0.093486183 0.089222261 0.085595142 0.084173834 0.082752527
-9999 0.074795748 0.063378688 0.05171505 0.039808687 0.027902324 0.015995961 0.0056796232 -0.0028016216 -0.011282866 -0.019764111 -0.027137544 -0.033009175 -0.032783314 -0.020346873 -0.0079104322 0.0045260085 0.017737537 0.032329628 0.047924543 0.065833017 0.081139231 0.088435276 0.095731321 0.10302737 0.10659976 0.10019183 0.093783902 0.087375973 0.084717002 0.088595485 0.091264402 0.091601662 0.093282383 0.097835385 0.10238839 0.10694139 0.11082096 0.11373709 0.11665322 0.11956935 0.122779 0.12620975 0.12632448 0.12405537 0.12178627 0.11951716 0.11259995 0.10457081 0.10217578 0.10075447 0.099333163 0.097502372 0.093238449 0.089611331 0.088190023 0.086768716
-9999 0.096990475 0.085182005 0.073275642 0.061369279 0.049462916 0.037556553 0.027240215 0.01875897 0.010277726 0.0017964808 -0.006684764 -0.014830637 -0.014604775 -0.0021683345 0.010268106 0.022704547 0.035140988 0.047760247 0.063355163 0.075745591 0.083041636 0.090337681 0.097633727 0.10492977 0.10850216 0.10209424 0.095686307 0.089278379 0.08287045 0.077603811 0.080272728 0.083022165 0.087575167 0.092128169 0.096681171 0.10123417 0.10511374 0.10802987 0.11094601 0.11386214 0.11677827 0.1198684 0.11998313 0.11771402 0.11544492 0.11317581 0.11090671 0.10520495 0.10280991 0.10138861 0.099967298 0.09854599 0.097124683 0.093627519 0.092206212 0.090784904
-9999 0.11364731 0.10174095 0.089834584 0.077928221 0.066021858 0.054115495 0.051643602 0.043162357 0.034681112 0.026199868 0.017718623 0.009237378 -0.00067277139 0.0093304526 0.021766893 0.034203334 0.046639775 0.059076215 0.069958277 0.077254323 0.084550368 0.091846413 0.099142458 0.1064385 0.11135123 0.1067578 0.10034987 0.093941941 0.087534012 0.081126084 0.07846205 0.083015052 0.087568054 0.092121056 0.096674058 0.10122706 0.10391291 0.10682904 0.10974517 0.1126613 0.11557743 0.11808784 0.1190752 0.11680609 0.11453699 0.11226788 0.10999878 0.10772967 0.10618344 0.10476213 0.10334082 0.10191951 0.10049821 0.10172013 0.10029883 0.098877519
-9999 0.12225745 0.11035109 0.098444729 0.086538366 0.079742824 0.08284174 0.080564858 0.072083613 0.063602368 0.055121124 0.045068631 0.029084746 0.018092929 0.017098014 0.022649985 0.035086426 0.047522866 0.059959307 0.070841369 0.078137414 0.08543346 0.092729505 0.09985044 0.10565411 0.11024737 0.11159641 0.10940156 0.10299363 0.096585703 0.090177774 0.087513741 0.092066743 0.096619745 0.10117275 0.10519157 0.10738375 0.10987378 0.11278991 0.11570604 0.11862217 0.11965551 0.11742553 0.11903154 0.1233952 0.12226404 0.11999494 0.11772583 0.11545673 0.11391049 0.11248918 0.11106787 0.10964657 0.1134387 0.11629115 0.11486984 0.11344853
