P2_models/J1_p2_vp_slide_diff2_320.dat.tif
NCOLS 118
NROWS 92
XLLCORNER 139.62
YLLCORNER -39.07
DX 0.099491525
DY 0.099347826
NODATA_VALUE -9999
[rows 24 to 47 of 92, columns 54 to 107 of 118]
-0.063348988 -0.047001642 -0.030654296 -0.01430695 0.0020403963 0.018387742 0.011572885 -0.010981666 -0.033536217 -0.056090768 -0.078645319 -0.094994725 -0.097068258 -0.096248448 -0.095428638 -0.094608827 -0.093789017 -0.09401679 -0.094282469 -0.094548148 -0.094813827 -0.095079507 -0.095305776 -0.092012419 -0.088719061 -0.085425704 -0.082132347 -0.07883899 -0.067954085 -0.052908901 -0.037863718 -0.022818534 -0.0077733506 -0.0036100406 -0.01905488 -0.034499719 -0.049944558 -0.065389397 -0.083440087 -0.080668433 -0.07885125 -0.077034066 -0.075216883 -0.073399699 -0.07085177 -0.070997372 -0.071142974 -0.071288576 -0.071434178 -0.070707642 -0.06881193 -0.066916219 -0.065020507 -0.063124796
-0.075824719 -0.063224138 -0.046876792 -0.030529446 -0.0141821 0.0021652457 0.003479543 -0.013572529 -0.03612708 -0.058681631 -0.081236182 -0.10379073 -0.090016013 -0.089000097 -0.088180287 -0.087360477 -0.086540667 -0.086197029 -0.086462709 -0.086728388 -0.086994067 -0.087259746 -0.099790432 -0.091182753 -0.087889396 -0.084596038 -0.081302681 -0.078009324 -0.066677878 -0.051632694 -0.036587511 -0.021542327 -0.011184002 -0.011929031 -0.019007575 -0.034452415 -0.049897254 -0.065342093 -0.080272306 -0.078455123 -0.076637939 -0.074820756 -0.073003572 -0.07249266 -0.073083996 -0.073242002 -0.073387604 -0.073533206 -0.073678808 -0.079295394 -0.079568206 -0.077672495 -0.075776783 -0.073881072
-0.09313111 -0.081622072 -0.06993965 -0.053592304 -0.037244958 -0.020897612 -0.019583315 -0.028484609 -0.042945723 -0.065500274 -0.088054825 -0.11060938 -0.096834656 -0.081811616 -0.078402136 -0.077582326 -0.076762515 -0.076418878 -0.076684557 -0.076950237 -0.078771654 -0.091883163 -0.10475 -0.095765918 -0.086781833 -0.083147674 -0.079854317 -0.076560959 -0.065229513 -0.05018433 -0.035139146 -0.026737852 -0.027220855 -0.027965884 -0.029183059 -0.034468479 -0.049913318 -0.065358158 -0.080288371 -0.078471187 -0.076654004 -0.07483682 -0.07446013 -0.074249637 -0.074840973 -0.075517707 -0.075731367 -0.075876969 -0.076022571 -0.081639157 -0.089863922 -0.090767173 -0.088871461 -0.086975749
-0.1104375 -0.098928464 -0.087419426 -0.075910389 -0.060307816 -0.04396047 -0.042646173 -0.051547467 -0.06044876 -0.072318917 -0.094873468 -0.11742802 -0.1036533 -0.088630259 -0.07360722 -0.067804174 -0.066984364 -0.066640727 -0.066906406 -0.070619715 -0.083731225 -0.096842734 -0.10970957 -0.10072549 -0.091741403 -0.082757318 -0.078405952 -0.075112595 -0.063781149 -0.048735965 -0.042291701 -0.042774705 -0.043257708 -0.044002737 -0.045219912 -0.046437088 -0.049929383 -0.065374222 -0.080304436 -0.078487252 -0.076670069 -0.076427599 -0.076217107 -0.076006614 -0.07659795 -0.077274684 -0.077951417 -0.078220732 -0.078366334 -0.08398292 -0.092207685 -0.10043245 -0.10196614 -0.10007043
-0.12774389 -0.11623485 -0.10472582 -0.09321678 -0.081707742 -0.067023328 -0.065709031 -0.074610325 -0.083511618 -0.092412912 -0.10169211 -0.12424666 -0.11047194 -0.095448902 -0.080425863 -0.065402823 -0.057206213 -0.056862576 -0.062467777 -0.075579286 -0.088690795 -0.1018023 -0.11466914 -0.10568506 -0.096700973 -0.087716889 -0.078732804 -0.07366423 -0.062332784 -0.057845551 -0.058328554 -0.058811558 -0.059294561 -0.06003959 -0.061256765 -0.062473941 -0.063691116 -0.065390287 -0.0803205 -0.078605562 -0.078395069 -0.078184576 -0.077974083 -0.077763591 -0.078354927 -0.079031661 -0.079708394 -0.080385128 -0.080710097 -0.086326683 -0.094551449 -0.10277621 -0.11100098 -0.1131651
-0.14209288 -0.13058384 -0.1190748 -0.10756576 -0.096056726 -0.084547689 -0.08289753 -0.091798824 -0.10070012 -0.10960141 -0.1185027 -0.127404 -0.11894707 -0.10392403 -0.088900992 -0.073877953 -0.058854914 -0.056173691 -0.0692852 -0.082396709 -0.095508218 -0.10861973 -0.11672556 -0.10813689 -0.099152803 -0.090168719 -0.081184634 -0.072200549 -0.069691823 -0.070174827 -0.07065783 -0.071140833 -0.071623836 -0.074253528 -0.075470704 -0.07668788 -0.077905055 -0.079122231 -0.080296844 -0.080086351 -0.079875858 -0.079665365 -0.079454872 -0.079603382 -0.080339897 -0.081016631 -0.081693364 -0.082370098 -0.083046832 -0.087841104 -0.096065869 -0.10429063 -0.1125154 -0.12074017
-0.12780894 -0.12021596 -0.10907745 -0.097568413 -0.086059376 -0.074550338 -0.064597549 -0.060627704 -0.069528997 -0.078430291 -0.087331584 -0.096232878 -0.12608842 -0.1260359 -0.11101286 -0.09598982 -0.08096678 -0.078285557 -0.091397066 -0.10450858 -0.11762008 -0.11981399 -0.094517725 -0.089099379 -0.080960103 -0.071976018 -0.062991933 -0.054007848 -0.051499123 -0.051982126 -0.052465129 -0.052948132 -0.060765968 -0.070496338 -0.074677824 -0.075894999 -0.077112175 -0.078329351 -0.079503964 -0.079293471 -0.079082978 -0.078872485 -0.080441582 -0.097236141 -0.088199252 -0.084878513 -0.085555247 -0.08623198 -0.086908714 -0.086848124 -0.090752874 -0.09897764 -0.10720241 -0.11542717
-0.11315239 -0.10555941 -0.097966427 -0.087571063 -0.076062025 -0.064552987 -0.054600198 -0.045704945 -0.038357877 -0.047259171 -0.056160464 -0.065061758 -0.094917299 -0.12549285 -0.13312473 -0.11810169 -0.10307865 -0.10039742 -0.11350893 -0.12662044 -0.12312499 -0.097606154 -0.072309893 -0.066891547 -0.061473201 -0.053783317 -0.044799232 -0.035815148 -0.033306422 -0.033789425 -0.034272428 -0.043618484 -0.056227252 -0.065957622 -0.070501381 -0.07504514 -0.076319295 -0.07753647 -0.078711083 -0.078500591 -0.078290098 -0.081279782 -0.098074341 -0.1148689 -0.10583201 -0.094043988 -0.089417129 -0.090093863 -0.090770597 -0.090710007 -0.090297913 -0.093664645 -0.10188941 -0.11011418
-0.098495835 -0.090902855 -0.083309875 -0.075716894 -0.066064674 -0.054555637 -0.044602847 -0.035707594 -0.026812341 -0.017917088 -0.024989344 -0.033890637 -0.063746178 -0.094321733 -0.12489729 -0.14021355 -0.12519051 -0.12250929 -0.1356208 -0.126436 -0.10091716 -0.075398321 -0.05010206 -0.044683714 -0.039265368 -0.033847022 -0.026606532 -0.017622447 -0.015113721 -0.015596724 -0.026471001 -0.039079768 -0.051688536 -0.061418906 -0.065962665 -0.070506424 -0.075050183 -0.07674359 -0.077918203 -0.07770771 -0.082117981 -0.098912541 -0.1157071 -0.13250166 -0.12346477 -0.11167675 -0.099888724 -0.093955745 -0.094632479 -0.094571889 -0.094159795 -0.093747701 -0.096576415 -0.10480118
-0.083839282 -0.076246302 -0.068653322 -0.061060342 -0.053467362 -0.044558286 -0.034605497 -0.025710244 -0.016814991 -0.0079197378 0.00097551521 -0.0027195172 -0.032575058 -0.063150613 -0.093726167 -0.12430172 -0.14730238 -0.14462116 -0.12974701 -0.10422817 -0.078709328 -0.053190489 -0.027894227 -0.022475881 -0.017057535 -0.011639189 -0.0062208434 0.00057025391 0.0030789795 -0.0093235172 -0.021932285 -0.034541052 -0.04714982 -0.05688019 -0.061423949 -0.065967708 -0.070511467 -0.075055227 -0.077125323 -0.082956181 -0.099750741 -0.1165453 -0.13333986 -0.15013442 -0.14109753 -0.12930951 -0.11752148 -0.10573346 -0.098494362 -0.098433772 -0.098021678 -0.097609584 -0.09719749 -0.099488186
-0.079901747 -0.071262934 -0.063669954 -0.056076974 -0.048483994 -0.040891014 -0.034967171 -0.026071918 -0.017176665 -0.0082814118 0.00061384118 0.0095090942 -0.0059568801 -0.036532435 -0.06710799 -0.097683544 -0.1282591 -0.13422766 -0.10870882 -0.083189979 -0.05767114 -0.032152301 -0.014200436 -0.017459894 -0.012041548 -0.0066232024 -0.0012048563 0.0042134897 -0.0026984643 -0.015307232 -0.027915999 -0.040524767 -0.053133534 -0.055419608 -0.0605203 -0.065064059 -0.069607818 -0.074151577 -0.079060565 -0.095855124 -0.11264968 -0.12944424 -0.1462388 -0.15925996 -0.15323881 -0.14145079 -0.12966276 -0.11787474 -0.10608672 -0.099050414 -0.09863832 -0.098226227 -0.097814133 -0.097402039
-0.096285931 -0.084239462 -0.07464033 -0.06704735 -0.05945437 -0.05186139 -0.046664981 -0.043097144 -0.034623223 -0.02572797 -0.016832717 -0.0079374639 -0.0076008679 -0.017423312 -0.047998867 -0.078574422 -0.10914998 -0.11511854 -0.089599696 -0.064080857 -0.038562018 -0.023108852 -0.013947099 -0.029033956 -0.035379649 -0.029961303 -0.024542957 -0.019124611 -0.026036564 -0.038645332 -0.051254099 -0.063862867 -0.054758841 -0.052229895 -0.063971585 -0.070155635 -0.074699394 -0.079243153 -0.084152141 -0.1009467 -0.11774126 -0.13453582 -0.14630054 -0.1513631 -0.14998879 -0.1445351 -0.13274708 -0.12095906 -0.10917103 -0.1002076 -0.093902669 -0.093490575 -0.093078481 -0.092666387
-0.11267012 -0.10062365 -0.088577177 -0.078017725 -0.070424745 -0.062831765 -0.057635357 -0.05406752 -0.050499682 -0.043174528 -0.034279275 -0.025384022 -0.025047426 -0.025004916 -0.028889745 -0.059465299 -0.090040854 -0.096009413 -0.070490574 -0.044971735 -0.032288785 -0.022855515 -0.013693762 -0.028780619 -0.043867476 -0.053299403 -0.047881057 -0.042462711 -0.049374665 -0.061983432 -0.072466478 -0.062017803 -0.051569127 -0.049040182 -0.060781872 -0.072523561 -0.07979097 -0.084334729 -0.089243717 -0.10603828 -0.12283284 -0.13334113 -0.13840369 -0.14346624 -0.14209193 -0.14003208 -0.1358314 -0.12404338 -0.11225535 -0.10329192 -0.095675043 -0.088754923 -0.088342829 -0.087930735
-0.1290543 -0.11700783 -0.10496136 -0.092914891 -0.081395121 -0.073802141 -0.068605732 -0.065037895 -0.061470058 -0.057902221 -0.051725833 -0.04283058 -0.042493984 -0.042451474 -0.042408964 -0.042366454 -0.070931732 -0.076900291 -0.051381451 -0.041468719 -0.032035448 -0.022602178 -0.013440425 -0.028527282 -0.043614139 -0.058700997 -0.071219157 -0.065800811 -0.072712765 -0.07972544 -0.069276764 -0.058828089 -0.048379414 -0.045850469 -0.057592158 -0.069333848 -0.081075537 -0.089426305 -0.094335293 -0.11112985 -0.12038171 -0.12544427 -0.13050683 -0.13556939 -0.13419508 -0.13213522 -0.13007536 -0.12712769 -0.11533967 -0.10637623 -0.098759361 -0.091142489 -0.083607178 -0.083195084
-0.14543848 -0.13339201 -0.12134555 -0.10929908 -0.097252606 -0.085206137 -0.079576108 -0.076008271 -0.072440434 -0.068872597 -0.065304759 -0.060277138 -0.059940542 -0.059898032 -0.059855522 -0.059813012 -0.059770502 -0.060081923 -0.050648652 -0.041215382 -0.031782111 -0.022348841 -0.013187088 -0.028273945 -0.043360803 -0.05844766 -0.073534517 -0.088621375 -0.086984402 -0.076535726 -0.066087051 -0.055638376 -0.045189701 -0.042660756 -0.054402445 -0.066144135 -0.077885824 -0.089627514 -0.099426869 -0.1074223 -0.11248486 -0.11754742 -0.12260997 -0.12767253 -0.12629822 -0.12423836 -0.12217851 -0.12011865 -0.11805879 -0.10946055 -0.10184368 -0.094226807 -0.086609935 -0.078993062
-0.14051103 -0.12846457 -0.1164181 -0.10437163 -0.092325157 -0.084635881 -0.089574024 -0.090441579 -0.086873742 -0.083305905 -0.079738068 -0.076170231 -0.07601061 -0.0759681 -0.07592559 -0.07588308 -0.072269525 -0.06204882 -0.05261555 -0.043182279 -0.033749009 -0.024315738 -0.021143162 -0.034425347 -0.049512204 -0.064599062 -0.079685919 -0.094772777 -0.092393678 -0.081945003 -0.071496328 -0.061047652 -0.050885393 -0.038034124 -0.034034766 -0.045776455 -0.057518145 -0.069259834 -0.080802401 -0.085864959 -0.090927517 -0.095990075 -0.10105263 -0.11429116 -0.11399334 -0.11193348 -0.10987362 -0.10781377 -0.10392075 -0.096961269 -0.089344397 -0.081727524 -0.074110652 -0.078144354
-0.1283757 -0.11632923 -0.10428276 -0.09223629 -0.086411949 -0.083014136 -0.087952278 -0.098555055 -0.10247826 -0.098910425 -0.095342588 -0.09177475 -0.09161513 -0.09157262 -0.09153011 -0.08582341 -0.074987336 -0.064766631 -0.055333361 -0.04590009 -0.036873506 -0.034304413 -0.031907283 -0.04486765 -0.057829777 -0.072916635 -0.088003492 -0.10309035 -0.10071125 -0.090262575 -0.0798139 -0.069850631 -0.060724067 -0.047872798 -0.028309948 -0.019598951 -0.03134064 -0.04308233 -0.054624897 -0.059687455 -0.064750013 -0.069812571 -0.084248843 -0.10049542 -0.1001976 -0.098137738 -0.096077881 -0.091731396 -0.086150878 -0.079191398 -0.071574526 -0.063957654 -0.0701414 -0.087704639
-0.11624036 -0.10419389 -0.092147422 -0.088188017 -0.084790204 -0.08139239 -0.086330533 -0.096933309 -0.10753609 -0.11451494 -0.11094711 -0.10737927 -0.10721965 -0.10717714 -0.099377295 -0.088541221 -0.077705147 -0.067484442 -0.058051172 -0.050206719 -0.047637627 -0.045068534 -0.042671404 -0.055631771 -0.068592137 -0.081552504 -0.096321065 -0.11140792 -0.10902882 -0.098580148 -0.08881587 -0.079689306 -0.070562742 -0.057711472 -0.038148623 -0.018585773 -0.0051631362 -0.016904826 -0.028447393 -0.033509951 -0.038572509 -0.054206526 -0.070453102 -0.086699678 -0.086401854 -0.084341997 -0.079542044 -0.073961526 -0.068381008 -0.061421528 -0.053804656 -0.062138446 -0.079701684 -0.097264923
-0.10410502 -0.093361898 -0.089964085 -0.086566272 -0.083168458 -0.079770645 -0.084708788 -0.095311564 -0.10591434 -0.11651712 -0.12655163 -0.12298379 -0.12282417 -0.11293118 -0.10209511 -0.091259032 -0.080422958 -0.070202253 -0.063539932 -0.06097084 -0.058401748 -0.055832655 -0.053435525 -0.066395892 -0.079356258 -0.092316625 -0.10527699 -0.11972549 -0.1173464 -0.10778111 -0.098654544 -0.08952798 -0.080401416 -0.067550147 -0.047987297 -0.028424447 -0.0088615978 0.0092726786 -0.0022698886 -0.0079176326 -0.024164209 -0.040410785 -0.05665736 -0.072903936 -0.072606112 -0.067352691 -0.061772173 -0.056191655 -0.050611137 -0.043651657 -0.054135491 -0.07169873 -0.089261969 -0.10682521
-0.094940552 -0.091542738 -0.088144925 -0.084747112 -0.081349299 -0.077951485 -0.083033202 -0.093635978 -0.10423875 -0.11484153 -0.12544431 -0.13604708 -0.12607017 -0.11523409 -0.10439802 -0.093561944 -0.08272587 -0.075516283 -0.07294719 -0.070378098 -0.067809006 -0.065239913 -0.062487791 -0.074229651 -0.087190018 -0.10015038 -0.11311075 -0.12607112 -0.12392433 -0.11479776 -0.1056712 -0.096544633 -0.087418069 -0.077412346 -0.057849497 -0.038286647 -0.018723797 0.00083905254 0.01933433 0.003087754 -0.013158822 -0.029405398 -0.045651974 -0.061667827 -0.058228271 -0.052647753 -0.047067235 -0.041486717 -0.0359062 -0.045351162 -0.062914401 -0.08047764 -0.098040879 -0.11560412
-0.09158124 -0.088229797 -0.084836854 -0.081439041 -0.078041227 -0.074643414 -0.080195297 -0.091554324 -0.1021571 -0.11275988 -0.12336265 -0.13396543 -0.12488019 -0.11440781 -0.10357174 -0.092735666 -0.081899592 -0.074690005 -0.072120912 -0.06955182 -0.066982728 -0.063883596 -0.059583663 -0.062452774 -0.072922824 -0.085883191 -0.098843558 -0.11180392 -0.10965713 -0.10053057 -0.091404004 -0.082277439 -0.068103226 -0.060606131 -0.067889123 -0.048326273 -0.028763423 -0.0092005737 0.0092947037 -0.0069518723 -0.023198448 -0.039445024 -0.054830904 -0.063536412 -0.064682814 -0.061058709 -0.055478191 -0.049897673 -0.044317156 -0.050886824 -0.065800138 -0.083363377 -0.10092662 -0.11848985
-0.088217999 -0.084866556 -0.081515113 -0.078130969 -0.074733156 -0.071335343 -0.076887226 -0.088520806 -0.10007545 -0.11067822 -0.121281 -0.13188378 -0.12279853 -0.11303679 -0.10274546 -0.091909388 -0.081073314 -0.073863727 -0.071294634 -0.068725542 -0.065359676 -0.060979469 -0.056679536 -0.059548646 -0.062417757 -0.071615998 -0.084576365 -0.097536731 -0.095389938 -0.086263374 -0.07713681 -0.061927774 -0.044590343 -0.037093249 -0.047327548 -0.057561847 -0.03880305 -0.0192402 -0.00074492262 -0.016991499 -0.033238074 -0.04799398 -0.056699488 -0.065404997 -0.066551399 -0.066892731 -0.063889147 -0.05830863 -0.052728112 -0.05929778 -0.071659801 -0.086249114 -0.10381235 -0.12137559
-0.084854758 -0.081503315 -0.078151872 -0.074800429 -0.071425085 -0.068027272 -0.073579155 -0.085212734 -0.096846314 -0.10847989 -0.11919935 -0.12980212 -0.12071688 -0.11095513 -0.10119339 -0.09108311 -0.080247036 -0.073037449 -0.070468356 -0.066835755 -0.062455548 -0.058075342 -0.053775409 -0.056644519 -0.05951363 -0.06238274 -0.070309171 -0.083269538 -0.081122745 -0.071996181 -0.055752322 -0.038414892 -0.021077461 -0.013580366 -0.023814665 -0.034048964 -0.044283263 -0.029279826 -0.010784549 -0.027031125 -0.041157056 -0.049862564 -0.058568073 -0.067273581 -0.068419984 -0.068761316 -0.069102649 -0.066719586 -0.061139068 -0.067708736 -0.080070757 -0.092432778 -0.10669809 -0.12426133
-0.081491517 -0.078140074 -0.074788631 -0.071437188 -0.068085745 -0.0647192 -0.070271084 -0.081904663 -0.093538243 -0.10517182 -0.1168054 -0.12772047 -0.11863523 -0.10887348 -0.099111732 -0.089349985 -0.079420758 -0.072211171 -0.068311834 -0.063931628 -0.059551421 -0.055171215 -0.050871282 -0.053740392 -0.056609502 -0.059478613 -0.062347723 -0.069002345 -0.066855552 -0.049576871 -0.03223944 -0.014902009 0.0024354217 0.0099325162 -0.00030178281 -0.010536082 -0.020770381 -0.03100468 -0.020824175 -0.034320132 -0.043025641 -0.051731149 -0.060436658 -0.069142166 -0.070288568 -0.070629901 -0.070971233 -0.071312566 -0.069550024 -0.076119692 -0.088481713 -0.10084373 -0.11320575 -0.12714707
