P2_models/J1_p2_vp_slide_diff2_100.dat.tif
NCOLS 118
NROWS 92
XLLCORNER 139.62
YLLCORNER -39.07
DX 0.099491525
DY 0.099347826
NODATA_VALUE -9999
[rows 48 to 71 of 92, columns 0 to 53 of 118]
-9999 -0.09256742 -0.070992764 -0.049418108 -0.027843452 -0.0062687967 0.015305859 0.012882911 0.007423436 0.0019639609 -0.0034955143 -0.0089549894 -0.014414465 -0.016719965 -0.016057166 -0.016321813 -0.016586461 -0.016851108 -0.017115756 -0.016868812 -0.015441606 -0.0140144 -0.012587194 -0.011159988 -0.0097327824 -0.00026667321 -0.0013728331 -0.0037586062 -0.0061443793 -0.0085301523 -0.010915925 -0.0077390186 0.0061609593 0.020060937 0.033960915 0.047860893 0.061760871 0.049020678 0.032576273 0.016131868 -0.00031253779 -0.016756943 -0.032076623 -0.033384937 -0.033975777 -0.034566617 -0.035157457 -0.035748297 -0.036339138 -0.044030501 -0.052949028 -0.061867555 -0.070786082 -0.079704609
-9999 -0.078235944 -0.056661288 -0.035086632 -0.013511977 0.00060426929 0.00028116649 -0.0024263681 -0.0078858432 -0.013345318 -0.018804794 -0.02437692 -0.030374302 -0.032757353 -0.027902498 -0.025543058 -0.025807705 -0.026072353 -0.026337 -0.026090057 -0.024662851 -0.023235645 -0.021808439 -0.018649604 -0.0024646539 0.010160654 0.013245228 0.013830595 0.011444822 0.0090590491 0.0066732761 0.0098501829 0.023750161 0.037650139 0.051550117 0.059115345 0.045018913 0.029956493 0.013512087 -0.002932318 -0.019376723 -0.030601705 -0.032780226 -0.034098749 -0.034799029 -0.035408645 -0.035999485 -0.036590326 -0.037181166 -0.044872529 -0.053791056 -0.062709583 -0.07162811 -0.073800951
-9999 -0.063904468 -0.042329812 -0.020755157 -0.014381907 -0.01470501 -0.015028113 -0.017735647 -0.023195122 -0.028654598 -0.034416927 -0.040414309 -0.04641169 -0.048794741 -0.043939887 -0.039085032 -0.03502895 -0.035293597 -0.035558245 -0.035311301 -0.033884095 -0.032456889 -0.024407226 -0.0082222766 0.0079626732 0.020587981 0.023672555 0.02675713 0.029034024 0.026648251 0.024262478 0.027439384 0.041339362 0.05523934 0.054147591 0.040051159 0.025954728 0.010892307 -0.0055520982 -0.021996503 -0.029126787 -0.031305308 -0.033483829 -0.034802352 -0.035502633 -0.036202913 -0.036841514 -0.037432354 -0.038023194 -0.045714557 -0.054633084 -0.062203018 -0.063995287 -0.065787556
-9999 -0.049572992 -0.029044981 -0.029368084 -0.029691186 -0.030014289 -0.030337392 -0.033044927 -0.038504402 -0.044456934 -0.050454315 -0.056451697 -0.062449079 -0.06483213 -0.059977275 -0.05512242 -0.050267565 -0.045412711 -0.044779489 -0.044532545 -0.04310534 -0.030164849 -0.013979899 0.0022050505 0.01839 0.031015308 0.034099882 0.037184457 0.040269032 0.043353606 0.041851679 0.045028586 0.058928564 0.049179837 0.035083405 0.020986974 0.0068905424 -0.0081718784 -0.024616284 -0.027651869 -0.02983039 -0.032008911 -0.034187433 -0.035505955 -0.036206236 -0.036906517 -0.037606798 -0.038274382 -0.038865222 -0.046556585 -0.052397354 -0.054189622 -0.055981891 -0.05777416
-9999 -0.044031157 -0.04435426 -0.044677363 -0.045000466 -0.045323568 -0.045646671 -0.048499558 -0.05449694 -0.060494322 -0.066491704 -0.072489086 -0.078486467 -0.080869518 -0.076014663 -0.071159809 -0.066304954 -0.061450099 -0.056595244 -0.052107421 -0.035922472 -0.019737522 -0.0035525722 0.012632378 0.028817327 0.041442635 0.04452721 0.047611784 0.050696359 0.053780933 0.056865508 0.058308514 0.044212083 0.030115651 0.01601922 0.0019227883 -0.012173643 -0.023998429 -0.026176951 -0.028355472 -0.030533993 -0.032712515 -0.034891036 -0.036209559 -0.03690984 -0.03761012 -0.038310401 -0.039010682 -0.03970725 -0.042591689 -0.044383958 -0.046176227 -0.047968496 -0.049760764
-9999 -0.043868235 -0.044191337 -0.04451444 -0.044837543 -0.045160646 -0.049348669 -0.055765151 -0.061762533 -0.067759915 -0.073757297 -0.079754678 -0.081175147 -0.081692294 -0.087800268 -0.082945413 -0.078090558 -0.073235704 -0.068380849 -0.060099943 -0.043914993 -0.027730044 -0.011545094 0.0046398557 0.014926665 0.018932947 0.02950878 0.032593354 0.035677929 0.038762504 0.041847078 0.039063183 0.024966751 0.01087032 -0.0032261115 -0.017322543 -0.026637788 -0.030297962 -0.032476484 -0.034655005 -0.036833526 -0.039012048 -0.037517328 -0.037321752 -0.038689731 -0.039390011 -0.040090292 -0.040790573 -0.041490854 -0.043122208 -0.044914476 -0.046706745 -0.048499014 -0.048783856
-9999 -0.041116732 -0.041439835 -0.041762937 -0.04208604 -0.048367081 -0.055146695 -0.061563177 -0.067560559 -0.07355794 -0.079555322 -0.077801632 -0.074007417 -0.074524564 -0.083675463 -0.092826362 -0.089164817 -0.084309963 -0.079455108 -0.071174202 -0.054989252 -0.038804303 -0.022619353 -0.016936259 -0.01597202 -0.011965739 0.00019398052 0.0123537 0.016402291 0.019486866 0.02257144 0.019787545 0.0056911135 -0.008405318 -0.02250175 -0.029177718 -0.033873549 -0.037533724 -0.039712245 -0.041890766 -0.044069288 -0.041133628 -0.037749716 -0.03755414 -0.039650618 -0.041349971 -0.042050252 -0.042750533 -0.043450813 -0.045082167 -0.046874436 -0.048666705 -0.047726888 -0.04383979
-9999 -0.038365229 -0.038688332 -0.04060588 -0.047385493 -0.054165107 -0.06094472 -0.067361202 -0.073358584 -0.078222333 -0.074428118 -0.070633903 -0.066839687 -0.067356835 -0.076507734 -0.085658632 -0.094809531 -0.095384222 -0.090529367 -0.082248461 -0.066063511 -0.049878562 -0.048799184 -0.047834945 -0.046870706 -0.042864425 -0.030704705 -0.018544986 -0.0063852665 0.00021122754 0.0032958021 0.00051190694 -0.013584525 -0.027021816 -0.031717648 -0.036413479 -0.04110931 -0.044769485 -0.046948006 -0.048133841 -0.044749929 -0.041366016 -0.037982103 -0.037786527 -0.039883006 -0.041979484 -0.044010212 -0.044710493 -0.045410773 -0.047042127 -0.048834396 -0.046669921 -0.042782822 -0.038895724
-9999 -0.035613726 -0.039624292 -0.046403905 -0.053183519 -0.059963132 -0.066742746 -0.073159228 -0.074848819 -0.071054604 -0.067260388 -0.063466173 -0.059671958 -0.060189105 -0.069340004 -0.078490903 -0.087641802 -0.0967927 -0.10160363 -0.09332272 -0.081626347 -0.080662108 -0.079697869 -0.078733631 -0.077769392 -0.07376311 -0.061603391 -0.049443672 -0.037283952 -0.025124233 -0.015979836 -0.018763731 -0.029561746 -0.034257577 -0.038953409 -0.04364924 -0.048345072 -0.052005246 -0.051750141 -0.048366229 -0.044982316 -0.041598403 -0.038214491 -0.038018915 -0.040115393 -0.042211872 -0.04430835 -0.046404829 -0.047370733 -0.049002087 -0.045612953 -0.041725854 -0.037838756 -0.033951658
-9999 -0.040548134 -0.047327748 -0.054107361 -0.060886975 -0.067666588 -0.074446202 -0.075925831 -0.072131616 -0.0683374 -0.064543185 -0.06074897 -0.056954754 -0.054330701 -0.0634816 -0.072632499 -0.081783398 -0.090934297 -0.1000852 -0.10617743 -0.10521319 -0.10424895 -0.10328471 -0.10232047 -0.10135624 -0.10159554 -0.089588234 -0.077428515 -0.065268796 -0.053109076 -0.040949357 -0.034546942 -0.039242774 -0.043938605 -0.048634437 -0.053330268 -0.058026099 -0.056232811 -0.052848898 -0.049464986 -0.046081073 -0.042697161 -0.039313248 -0.040055472 -0.04215195 -0.044248429 -0.046344907 -0.048441386 -0.050537864 -0.050313002 -0.046425904 -0.042538806 -0.038651707 -0.034764609
-9999 -0.05475951 -0.061539123 -0.068318737 -0.07509835 -0.081147257 -0.08205214 -0.082910156 -0.08371408 -0.080820786 -0.07702657 -0.073232355 -0.06943814 -0.066485769 -0.065219242 -0.071246045 -0.080396944 -0.089547843 -0.098698742 -0.10479097 -0.10382674 -0.1028625 -0.10189826 -0.10093402 -0.10769471 -0.11157801 -0.1055672 -0.095461249 -0.08330153 -0.071141811 -0.058982091 -0.052579677 -0.057275508 -0.061971339 -0.066667171 -0.071267095 -0.070367119 -0.066319847 -0.057769922 -0.053522793 -0.05013888 -0.046754967 -0.043371055 -0.04508008 -0.050350574 -0.052447053 -0.054543531 -0.05664001 -0.058736488 -0.064155099 -0.066901712 -0.063014613 -0.059127515 -0.055240417
-9999 -0.068970885 -0.075750498 -0.082530112 -0.086501728 -0.087406611 -0.088311495 -0.089169511 -0.089973435 -0.090777359 -0.089509956 -0.085715741 -0.081921525 -0.078969155 -0.077702628 -0.076436101 -0.07901049 -0.088161389 -0.097312288 -0.10340452 -0.10244028 -0.10147604 -0.1025276 -0.11010239 -0.11767718 -0.12156048 -0.11554967 -0.10953887 -0.10133426 -0.089174545 -0.077014826 -0.070612411 -0.075308242 -0.080004074 -0.082873677 -0.0819737 -0.081073723 -0.077026451 -0.068476527 -0.059926603 -0.054196687 -0.050812774 -0.047428861 -0.049137887 -0.05450816 -0.059878433 -0.062742156 -0.064838634 -0.066935112 -0.072353723 -0.078346489 -0.083490421 -0.079603323 -0.075716224
-9999 -0.08318226 -0.089961874 -0.091856199 -0.092761082 -0.093665966 -0.09457085 -0.095428865 -0.096232789 -0.097036714 -0.097840638 -0.098199126 -0.094404911 -0.09145254 -0.090186013 -0.088919486 -0.087652959 -0.086774935 -0.095925833 -0.10201807 -0.10105383 -0.10493529 -0.11251007 -0.12008486 -0.12765965 -0.13154295 -0.12553214 -0.11952134 -0.11351053 -0.10720728 -0.09504756 -0.088645145 -0.093340977 -0.094480258 -0.093580282 -0.092680305 -0.091780328 -0.087733056 -0.079183132 -0.070633208 -0.062083283 -0.054870581 -0.051486668 -0.053195693 -0.058565967 -0.06393624 -0.069306513 -0.073037258 -0.075133737 -0.080552347 -0.086545113 -0.092537878 -0.098530644 -0.096192032
-9999 -0.096305786 -0.09721067 -0.098115554 -0.099020437 -0.099925321 -0.1008302 -0.10168822 -0.10249214 -0.10329607 -0.10409999 -0.10490392 -0.10570784 -0.10393593 -0.1026694 -0.10140287 -0.10013634 -0.098869817 -0.09760329 -0.10063161 -0.10734297 -0.11491775 -0.12249254 -0.13006733 -0.13764212 -0.14152542 -0.13551461 -0.12950381 -0.123493 -0.1174822 -0.11147139 -0.10667788 -0.10608684 -0.10518686 -0.10428689 -0.10338691 -0.10248693 -0.098439661 -0.089889737 -0.081339812 -0.072789888 -0.064239964 -0.055690039 -0.0572535 -0.062623773 -0.067994047 -0.07336432 -0.078734593 -0.083332361 -0.088750971 -0.094743737 -0.1007365 -0.10672927 -0.11272203
-9999 -0.096672891 -0.097577775 -0.098482658 -0.099387542 -0.10029243 -0.099987185 -0.09640573 -0.094269288 -0.095073212 -0.095877137 -0.096681061 -0.097484985 -0.10086039 -0.10541838 -0.10415185 -0.10288532 -0.1016188 -0.10035227 -0.10175922 -0.10933401 -0.1169088 -0.12448359 -0.13205837 -0.13818395 -0.13884075 -0.1376886 -0.13167779 -0.12566699 -0.11965618 -0.11364538 -0.10938026 -0.10848029 -0.10758031 -0.10668033 -0.10578036 -0.10293271 -0.10268729 -0.10280215 -0.094252222 -0.085702298 -0.077152373 -0.068602449 -0.066473155 -0.070979022 -0.076349296 -0.081719569 -0.087089842 -0.092460115 -0.083833017 -0.089597365 -0.09559013 -0.1015829 -0.10757566
-9999 -0.094477746 -0.095382629 -0.096287513 -0.097192396 -0.095837351 -0.09377331 -0.090191855 -0.084859109 -0.080552755 -0.081356679 -0.082160603 -0.082964527 -0.086339928 -0.09486486 -0.10266782 -0.10140129 -0.10013476 -0.098868234 -0.10027519 -0.10784997 -0.11542476 -0.12299955 -0.12671926 -0.12703448 -0.12769128 -0.12926358 -0.13045626 -0.12444545 -0.11843465 -0.11242384 -0.10815873 -0.10725875 -0.10635877 -0.1054588 -0.10075151 -0.093837527 -0.093592107 -0.10288702 -0.10812383 -0.099573904 -0.091023979 -0.082474055 -0.080344761 -0.082831176 -0.086573291 -0.091943564 -0.097313837 -0.10268411 -0.094057012 -0.083010788 -0.084640675 -0.090633441 -0.096626206
-9999 -0.0922826 -0.093187484 -0.093751559 -0.091687517 -0.089623476 -0.087559435 -0.083977979 -0.078645233 -0.073312488 -0.067979742 -0.067640146 -0.06844407 -0.071819471 -0.080344402 -0.088869334 -0.097394265 -0.098650725 -0.097384198 -0.098791152 -0.10636594 -0.11394073 -0.11525456 -0.11556978 -0.115885 -0.1165418 -0.1181141 -0.11968641 -0.12125871 -0.11721311 -0.1112023 -0.10693719 -0.10603721 -0.10513724 -0.098570317 -0.091656331 -0.084742344 -0.084496924 -0.093791834 -0.10308674 -0.11238165 -0.10489559 -0.096345661 -0.094216367 -0.096702782 -0.099189198 -0.10216756 -0.10753783 -0.11290811 -0.10428101 -0.093234783 -0.082188559 -0.079683986 -0.085676751
-9999 -0.090087455 -0.089601725 -0.087537683 -0.085473642 -0.083409601 -0.081345559 -0.077764104 -0.072431358 -0.067098612 -0.061765867 -0.056433121 -0.053923612 -0.057299013 -0.065823945 -0.074348876 -0.082873807 -0.091398739 -0.095900162 -0.097307116 -0.10347464 -0.10378986 -0.10410508 -0.1044203 -0.10473553 -0.10539232 -0.10696463 -0.10853693 -0.11010923 -0.11168154 -0.10998077 -0.10571565 -0.10330311 -0.096389121 -0.089475134 -0.082561148 -0.075647161 -0.075401741 -0.084696651 -0.093991561 -0.10328647 -0.11258138 -0.11021727 -0.10808797 -0.11057439 -0.1130608 -0.11554722 -0.11803363 -0.1231321 -0.114505 -0.10345878 -0.092412554 -0.08136633 -0.074727296
-9999 -0.087221221 -0.08515718 -0.083093138 -0.081029097 -0.078965056 -0.076901014 -0.074369531 -0.069036785 -0.063704039 -0.058371293 -0.053038548 -0.047705802 -0.044458562 -0.052983494 -0.061508425 -0.070033357 -0.078558288 -0.087083219 -0.093125658 -0.09344088 -0.093756102 -0.094071325 -0.094386547 -0.094701769 -0.094159808 -0.095732111 -0.097304414 -0.098876718 -0.10044902 -0.10202132 -0.10069499 -0.093781002 -0.086867016 -0.079953029 -0.073039043 -0.066125056 -0.068114656 -0.077409566 -0.086704476 -0.095999386 -0.1052943 -0.11458921 -0.11932425 -0.12181066 -0.12429708 -0.12678349 -0.12926991 -0.13175632 -0.12270426 -0.11165804 -0.10061181 -0.089565588 -0.078519364
-9999 -0.091577071 -0.08951303 -0.087448989 -0.085384947 -0.083526693 -0.08609651 -0.084997761 -0.079665015 -0.07433227 -0.068999524 -0.063666778 -0.058474789 -0.054027559 -0.051044969 -0.057024085 -0.065549016 -0.074073948 -0.082598879 -0.088641318 -0.08895654 -0.089271762 -0.089586984 -0.089902207 -0.091995942 -0.0921396 -0.086052405 -0.085658862 -0.087231166 -0.088803469 -0.090375772 -0.089049437 -0.08213545 -0.075221464 -0.068307477 -0.061393491 -0.06406368 -0.069820789 -0.079115699 -0.088410609 -0.097705519 -0.10686322 -0.11452938 -0.11850074 -0.11993917 -0.12242558 -0.124912 -0.12739842 -0.12988483 -0.12083277 -0.10978654 -0.09874032 -0.087694096 -0.086921849
-9999 -0.095932922 -0.09386888 -0.091804839 -0.091585106 -0.094154923 -0.096724741 -0.095625992 -0.090293246 -0.0849605 -0.079668881 -0.074490266 -0.06931165 -0.06486442 -0.06188183 -0.058899239 -0.061064676 -0.069589608 -0.078114539 -0.084156977 -0.0844722 -0.084787422 -0.08544157 -0.087909954 -0.090378339 -0.090521996 -0.084434801 -0.078347606 -0.075585613 -0.077157917 -0.07873022 -0.077403884 -0.070489898 -0.063575911 -0.059201349 -0.062485581 -0.065769814 -0.071526922 -0.080821832 -0.090116742 -0.098806949 -0.10647311 -0.11413928 -0.11811064 -0.11942585 -0.12074105 -0.12304051 -0.12552692 -0.12801334 -0.11896128 -0.10791505 -0.096868828 -0.099791584 -0.10397325
-9999 -0.10028877 -0.098224731 -0.09964352 -0.10221334 -0.10478315 -0.10735297 -0.10625422 -0.10092148 -0.095684357 -0.090505742 -0.085327127 -0.080148511 -0.075701281 -0.07271869 -0.0697361 -0.06675351 -0.065105268 -0.073630199 -0.079672637 -0.07998786 -0.081355581 -0.083823966 -0.086292351 -0.088760736 -0.088904393 -0.082817198 -0.076730003 -0.070642808 -0.065512365 -0.067084668 -0.065758332 -0.058844346 -0.057623251 -0.060907483 -0.064191715 -0.067475947 -0.073233056 -0.082527966 -0.090750678 -0.098416843 -0.10608301 -0.11374917 -0.11772053 -0.11903574 -0.12035095 -0.12166616 -0.12365543 -0.12614185 -0.11708978 -0.10847965 -0.11266132 -0.11684298 -0.12102465
-9999 -0.10513212 -0.10770193 -0.11027175 -0.11284157 -0.11541138 -0.1179812 -0.11688245 -0.11169983 -0.10652122 -0.1013426 -0.096163987 -0.090985372 -0.086538141 -0.083555551 -0.080572961 -0.077590371 -0.074607781 -0.071625191 -0.075188297 -0.077269593 -0.079737978 -0.082206363 -0.084674748 -0.087143132 -0.08728679 -0.081199595 -0.0751124 -0.069025204 -0.062938009 -0.056850814 -0.05411278 -0.056045152 -0.059329384 -0.062613616 -0.065897848 -0.06918208 -0.074939189 -0.082694407 -0.090360572 -0.098026737 -0.1056929 -0.11335907 -0.11733043 -0.11864563 -0.11996084 -0.12127605 -0.12259126 -0.12427035 -0.12134939 -0.12553105 -0.12971272 -0.13389438 -0.13807605
-9999 -0.11105974 -0.11362955 -0.11619937 -0.11876919 -0.121339 -0.12430029 -0.12764417 -0.125864 -0.12068538 -0.11550677 -0.11032815 -0.10514954 -0.10082944 -0.098051256 -0.095068666 -0.092086075 -0.089103485 -0.086120895 -0.084786598 -0.087254983 -0.089723368 -0.092191752 -0.094660137 -0.096310502 -0.094365752 -0.092905324 -0.086818129 -0.080730934 -0.074643739 -0.068556544 -0.065670322 -0.068954554 -0.072238786 -0.075523018 -0.07880725 -0.081368334 -0.084363474 -0.091521078 -0.099187243 -0.10685341 -0.11451957 -0.12218574 -0.12516326 -0.12606276 -0.12737797 -0.12869318 -0.13000839 -0.1313236 -0.13274553 -0.1369272 -0.14110886 -0.14529053 -0.14947219
