P2_models/J1_p2_vp_slide_diff2_35.dat.tif
NCOLS 118
NROWS 92
XLLCORNER 139.62
YLLCORNER -39.07
DX 0.099491525
DY 0.099347826
NODATA_VALUE -9999
[rows 25 to 49 of 92, columns 57 to 113 of 118]
0.20951439 0.19868509 0.1878558 0.18653779 0.18868652 0.18881231 0.18893809 0.18906388 0.18918966 0.17932057 0.18189332 0.18464508 0.18739683 0.19014859 0.19093188 0.1891963 0.18746073 0.18572516 0.18398958 0.18842811 0.16718635 0.16414529 0.16110423 0.15806317 0.15502211 0.17261406 0.19973883 0.2268636 0.25398837 0.27050935 0.27238589 0.28597237 0.2908529 0.29573343 0.30061396 0.30520142 0.30025162 0.29530182 0.29035201 0.28540221 0.27838119 0.29942734 0.30118088 0.30240042 0.30361995 0.30483949 0.30961526 0.31139973 0.31190615 0.31241256 0.31291897 0.32393843 0.33881018 0.35312402 0.36743787 0.38175172 -9999
0.22006682 0.20923752 0.19840823 0.19709022 0.20223553 0.20533681 0.20546259 0.20558838 0.20571417 0.19584507 0.18563254 0.18602052 0.18877227 0.19152402 0.19230732 0.19057174 0.18883617 0.18790622 0.19282276 0.19743537 0.17490448 0.15237359 0.14816534 0.14512428 0.14208321 0.15967517 0.18679994 0.21392471 0.226018 0.218011 0.21988754 0.23957335 0.25502575 0.25990628 0.2647868 0.26937427 0.26442446 0.25947466 0.25452486 0.24729102 0.23979365 0.2608398 0.28492593 0.28907555 0.29029508 0.29151462 0.29629039 0.30276152 0.30491756 0.30542397 0.30593038 0.31694984 0.33358999 0.34860666 0.3629205 0.37723435 -9999
0.2310207 0.21978995 0.20896066 0.20764265 0.21278796 0.21793327 0.2219871 0.22211288 0.22223867 0.21236957 0.20215704 0.1919445 0.19014771 0.19289946 0.19368276 0.19194718 0.19199694 0.19691348 0.20183002 0.20644262 0.18391173 0.16138085 0.13884996 0.13218538 0.12914432 0.14673628 0.17386105 0.18152665 0.17351965 0.16551264 0.16738919 0.187075 0.2067608 0.22407913 0.22895965 0.23354711 0.22859731 0.22364751 0.21620085 0.20870348 0.20120611 0.22225226 0.24633839 0.27042453 0.27697022 0.27818975 0.28296552 0.28943665 0.29590778 0.29843538 0.29894179 0.30996124 0.3266014 0.34324156 0.35840314 0.37271698 -9999
0.24467595 0.23123873 0.21951309 0.21819508 0.22334039 0.2284857 0.23363101 0.23863739 0.23876317 0.22889407 0.21868154 0.20846901 0.19825647 0.1942749 0.1950582 0.19608765 0.20100419 0.20592073 0.21083727 0.21544988 0.19291899 0.1703881 0.14785721 0.12532632 0.11620543 0.13379739 0.1370353 0.1290283 0.1210213 0.11301429 0.11489084 0.13457665 0.15426245 0.17394826 0.1931325 0.19771996 0.19260804 0.18511067 0.1776133 0.17011593 0.16261857 0.18366472 0.20775085 0.23183699 0.25592312 0.26486488 0.26964065 0.27611178 0.28258291 0.28905403 0.2919532 0.30297265 0.31961281 0.33625297 0.35289312 0.36819962 -9999
0.25528084 0.24184362 0.2284064 0.22404899 0.2291943 0.23433961 0.23948492 0.24463023 0.24977555 0.24302488 0.23281235 0.22259981 0.21238728 0.20217474 0.1985989 0.20351544 0.20843198 0.21334852 0.21826506 0.22066571 0.20087111 0.17834022 0.15580933 0.13327844 0.11074755 0.098150803 0.0901438 0.082136797 0.074129795 0.066122792 0.062413508 0.082099314 0.10178512 0.12147093 0.14115673 0.16003214 0.15253477 0.1450374 0.13754003 0.13004266 0.12320657 0.14838097 0.1724671 0.19655324 0.22063937 0.2447255 0.25882016 0.26529129 0.27176241 0.27823354 0.28470467 0.29715258 0.31379273 0.33043289 0.34707305 0.3637132 -9999
0.24077415 0.22733693 0.21389972 0.20235904 0.19636851 0.20151382 0.20665913 0.21180444 0.21694976 0.22979351 0.22723745 0.21702492 0.20681239 0.19659985 0.19302401 0.19794055 0.20285709 0.20777363 0.20703818 0.19214675 0.19429089 0.1776061 0.15507521 0.13254432 0.11001343 0.097416686 0.089409683 0.08140268 0.073395678 0.05677855 0.038235943 0.029795009 0.049480815 0.069166622 0.088852428 0.10772783 0.10023046 0.092733094 0.085235725 0.081016354 0.10484223 0.13731143 0.16438125 0.18846738 0.21255351 0.23663965 0.26019661 0.27508761 0.28155874 0.28802987 0.294501 0.30391997 0.31759226 0.33423242 0.35087257 0.36751273 -9999
0.22626747 0.21283025 0.19939303 0.18785236 0.17760047 0.16868803 0.17383334 0.17897865 0.18412397 0.19696772 0.210076 0.21145003 0.20123749 0.19102496 0.18744911 0.19236565 0.19728219 0.1936014 0.17851922 0.1636278 0.16577193 0.16791607 0.15434109 0.13181021 0.10927932 0.096682569 0.088675566 0.080668563 0.062257507 0.040016458 0.021473851 0.0095955018 -0.0022828477 0.016862316 0.036548122 0.055423527 0.047926158 0.040428789 0.038826134 0.062652014 0.086477893 0.11894709 0.15233683 0.18038152 0.20446766 0.22855379 0.25211076 0.27541545 0.29135507 0.2978262 0.30429733 0.3137163 0.32471131 0.33803194 0.3546721 0.37131226 -9999
0.20494838 0.19832356 0.18488635 0.17334567 0.16309378 0.15284189 0.14259 0.14615286 0.15129818 0.16414193 0.17725021 0.19035849 0.1956626 0.18545007 0.18187422 0.18679076 0.18016462 0.16508245 0.15000027 0.13510884 0.13725298 0.13939711 0.14154125 0.13107609 0.1085452 0.095948452 0.087941449 0.067736464 0.045495415 0.023254366 0.0047117593 -0.0071665902 -0.01904494 -0.030923289 -0.015756183 0.0031192221 -0.0043781471 -0.0033640849 0.020461794 0.044287674 0.068113553 0.10058275 0.13397249 0.16736223 0.1963818 0.22046793 0.2440249 0.2673296 0.29063429 0.30762253 0.31409366 0.32351263 0.33450764 0.34550264 0.35847163 0.37511178 -9999
0.17334774 0.17427799 0.17037966 0.15883899 0.1485871 0.13833521 0.12808331 0.11783142 0.11847239 0.13131614 0.14442442 0.1575327 0.17064098 0.17987517 0.17629933 0.16672785 0.15164567 0.13656349 0.12148131 0.10658988 0.10873402 0.11087816 0.11302229 0.11516643 0.10781108 0.095214335 0.073215421 0.050974372 0.028733323 0.0064922741 -0.012050333 -0.023928682 -0.035807032 -0.047685381 -0.059563731 -0.049185083 -0.045554304 -0.021728425 0.0020974545 0.025923334 0.049749213 0.08221841 0.11560815 0.14899789 0.18238763 0.21238208 0.23593904 0.25924374 0.28254844 0.30585313 0.32388999 0.33330896 0.34430397 0.35529897 0.36629398 0.37891131 -9999
0.14961633 0.15054657 0.15147682 0.14553441 0.13528252 0.12503062 0.11477873 0.10452684 0.094274951 0.095529875 0.10863815 0.12174643 0.13485471 0.14796299 0.14870493 0.13362275 0.11854057 0.1034584 0.088376218 0.072758034 0.08195314 0.084097276 0.086241412 0.088385548 0.090529685 0.075994687 0.053753638 0.031512589 0.0092715397 -0.012969509 -0.023549834 -0.034758047 -0.046636397 -0.058514746 -0.070393096 -0.081207009 -0.05738113 -0.03355525 -0.009729371 0.014096508 0.035429602 0.069430688 0.10282043 0.13621016 0.1695999 0.20298964 0.22917148 0.25247618 0.27578088 0.29908557 0.32239027 0.33732736 0.34832237 0.35931737 0.37031238 0.38130739 -9999
0.13886344 0.13979368 0.14072393 0.13471759 0.12399756 0.11370864 0.10345675 0.093204862 0.082952971 0.071521584 0.067969258 0.081077538 0.094185818 0.1072941 0.10803604 0.092953857 0.077871678 0.0627895 0.046418589 0.029674985 0.048480197 0.060182958 0.062327095 0.064471231 0.066615367 0.052080369 0.02983932 0.0075982711 -0.014642778 -0.026321137 -0.034559085 -0.037776416 -0.047681061 -0.05955941 -0.07143776 -0.082251673 -0.058425794 -0.034599914 -0.010774035 0.009729036 0.025804526 0.062359292 0.099230082 0.13261982 0.16600956 0.1993993 0.22533397 0.24788286 0.27118755 0.29449225 0.31779694 0.33252949 0.34281137 0.35380638 0.36480138 0.37579639 -9999
0.12811055 0.12904079 0.12997104 0.1239647 0.11324467 0.10252463 0.092134772 0.081882881 0.07163099 0.060199603 0.048727688 0.040408641 0.053516921 0.066625201 0.067367139 0.05228496 0.037202782 0.020477193 0.0033355405 -0.013408064 0.0053971488 0.024202361 0.038412777 0.040556913 0.042701049 0.028166051 0.0059250024 -0.01528194 -0.026306164 -0.037330388 -0.045568336 -0.048785667 -0.052002998 -0.060604074 -0.072482424 -0.083296337 -0.059470458 -0.035644578 -0.01597153 0.00010395942 0.016179449 0.052734216 0.091470093 0.12902948 0.16241922 0.19580895 0.22174362 0.24412424 0.26659423 0.28989892 0.31320362 0.32793616 0.33808569 0.34829538 0.35929039 0.3702854 -9999
0.10941839 0.1182879 0.11921815 0.11321181 0.10249178 0.091771744 0.08105171 0.0705609 0.060309009 0.048877623 0.037405707 0.025933792 0.014461876 0.025956305 0.026698242 0.011616064 -0.0054642024 -0.022605855 -0.039747508 -0.056491112 -0.0376859 -0.018880688 -7.5475195e-05 0.016642596 0.018786732 0.0042517338 -0.015266967 -0.026291191 -0.037315415 -0.048339639 -0.056577587 -0.059794918 -0.063012248 -0.066229579 -0.073527088 -0.084341001 -0.060515122 -0.041672096 -0.025596607 -0.0095211171 0.0065543724 0.043109139 0.081845017 0.12058089 0.15882887 0.19221861 0.21815328 0.2405339 0.26291452 0.2853056 0.30861029 0.32334284 0.33349237 0.3436419 0.35379143 0.3647744 -9999
0.087719742 0.097654148 0.10758855 0.10245892 0.091738888 0.081018854 0.07029882 0.059578785 0.048987029 0.037555642 0.026083727 0.014611811 0.0031398954 -0.0083320201 -0.014263945 -0.031405598 -0.048547251 -0.065688904 -0.082830557 -0.099574161 -0.080768949 -0.061963736 -0.043158524 -0.024353312 -0.0055480992 -0.015251994 -0.026276218 -0.037300442 -0.048324666 -0.05934889 -0.067586838 -0.070804169 -0.074021499 -0.07723883 -0.080456161 -0.085385665 -0.067372662 -0.051297173 -0.035221683 -0.019146194 -0.0030707042 0.033484063 0.07221994 0.11095582 0.1496917 0.18842757 0.21456294 0.23694355 0.25932417 0.28170479 0.30408541 0.31874951 0.32889904 0.33904857 0.3491981 0.35934763 -9999
0.064059731 0.073994137 0.087252023 0.088621149 0.078460092 0.067740058 0.057020024 0.046299989 0.035579955 0.024133017 0.012661101 0.0011891857 -0.01028273 -0.016625263 -0.02188167 -0.039023323 -0.056164976 -0.073306629 -0.090448282 -0.093739172 -0.093591159 -0.074785947 -0.055980735 -0.037175522 -0.01837031 -0.019968026 -0.03099225 -0.042016474 -0.053040698 -0.063807624 -0.071811305 -0.075774712 -0.078992043 -0.082209373 -0.085426704 -0.088068865 -0.071993376 -0.055917886 -0.039842397 -0.023766907 -0.0036228283 0.033467628 0.072203505 0.11093938 0.14967526 0.18850349 0.2162213 0.23860192 0.26098254 0.28336315 0.30773307 0.32364153 0.33379106 0.34394059 0.35409011 0.35866293 -9999
0.03973636 0.054416737 0.070947965 0.072317091 0.06338293 0.053606966 0.042886931 0.032166897 0.021446863 0.0099999247 -0.0014719908 -0.012943906 -0.016279886 -0.012248127 -0.017504535 -0.034646188 -0.05178784 -0.068003118 -0.069509125 -0.071033658 -0.074212694 -0.077373526 -0.058568314 -0.039763101 -0.020957889 -0.022555605 -0.033579829 -0.044604053 -0.055192218 -0.065028739 -0.073032419 -0.077733487 -0.081920212 -0.085137543 -0.088354873 -0.090997035 -0.074921545 -0.058846056 -0.042770566 -0.022030456 -0.00038948849 0.036700967 0.075436845 0.11417272 0.15302379 0.19193704 0.21965485 0.24203546 0.26441608 0.28915312 0.31583316 0.33174162 0.34189115 0.35204067 0.35552417 0.3529163 -9999
0.021581451 0.038112679 0.054643906 0.056013033 0.047078871 0.03814471 0.028753839 0.018033805 0.0073137708 -0.0041331674 -0.015605083 -0.015934508 -0.01190275 -0.0078709915 -0.013127399 -0.030269052 -0.043791598 -0.045297605 -0.046803612 -0.048328144 -0.05150718 -0.054686216 -0.057865252 -0.04235068 -0.023545468 -0.025143184 -0.036167408 -0.046576812 -0.056413332 -0.066249853 -0.074253533 -0.078954602 -0.08365567 -0.088065712 -0.091283042 -0.093925204 -0.077849714 -0.061774225 -0.040438084 -0.018797116 0.0028438513 0.039934307 0.078670185 0.1175441 0.15645734 0.19537058 0.22308839 0.24546901 0.27057316 0.2972532 0.32393325 0.3398417 0.34999123 0.35238542 0.34977755 0.34716968 -9999
0.0052773931 0.021808621 0.038339848 0.039708975 0.030774813 0.021840652 0.012906491 0.0039007129 -0.0068193213 -0.01826626 -0.015589131 -0.011557373 -0.0075256143 -0.0034938559 -0.0087502634 -0.019580077 -0.021086084 -0.022592091 -0.024098098 -0.025622631 -0.028801666 -0.031980702 -0.035159738 -0.038338774 -0.026133047 -0.027730762 -0.037961406 -0.047797926 -0.057634447 -0.067470967 -0.075474648 -0.080175716 -0.084876785 -0.089577853 -0.094211212 -0.096853373 -0.080486679 -0.058845711 -0.037204744 -0.015563776 0.0060771911 0.043167647 0.082064409 0.12097765 0.15989089 0.19880413 0.22652194 0.2519932 0.27867324 0.30535329 0.33203334 0.34794179 0.34924667 0.3466388 0.34403093 0.34142305 -9999
-0.011932846 0.0045983812 0.021129609 0.026115479 0.017181317 0.008247156 -0.00068700529 -0.0096211666 -0.018555328 -0.015933552 -0.011901794 -0.0078700354 -0.003838277 0.00019348143 0.0017959816 0.00028997472 -0.0012160322 -0.0027220391 -0.004228046 -0.0054080476 -0.0089316888 -0.012110725 -0.01528976 -0.018468796 -0.021647832 -0.029380497 -0.039217017 -0.049053538 -0.058890059 -0.068726579 -0.074735096 -0.079436164 -0.084137233 -0.088838301 -0.093539369 -0.097455113 -0.075814146 -0.054173178 -0.032532211 -0.010891243 0.010804194 0.047931283 0.086844523 0.12575776 0.164671 0.20358424 0.23298573 0.25966577 0.28634582 0.31302586 0.33970591 0.34612315 0.34351528 0.3409074 0.33829953 0.33569166 -9999
-0.035977557 -0.019446329 -0.0029151017 0.01391464 0.024031033 0.015096872 0.0061627102 -0.0027714511 -0.011705612 -0.015025281 -0.013416954 -0.0093851954 -0.005353437 -0.0013216786 0.00028082159 -0.0012251853 -0.0027311922 -0.0042371991 -0.0049236134 -0.0037102566 -0.0097431975 -0.013626519 -0.016805555 -0.01998459 -0.023163626 -0.030896291 -0.040732812 -0.050569332 -0.060405853 -0.062822883 -0.061970605 -0.063909156 -0.068610224 -0.073311293 -0.078012361 -0.081928105 -0.060287137 -0.03864617 -0.017005203 0.0048389602 0.028260241 0.063620867 0.10178052 0.14069376 0.179607 0.21852024 0.24246395 0.26411402 0.29079406 0.31747411 0.34415416 0.34557585 0.33789874 0.33529087 0.332683 0.33007513 -9999
-0.060022267 -0.04349104 -0.026959812 -0.010130071 0.0069025229 0.021946587 0.013012426 0.0040782645 -0.0048558968 -0.0081755651 -0.011302312 -0.010900355 -0.006868597 -0.0028368386 -0.0012343384 -0.0027403454 -0.0042463523 -0.0045203177 -0.0032258224 -0.0020124657 -0.0080454065 -0.014078347 -0.018321349 -0.021500385 -0.02467942 -0.032412085 -0.042248606 -0.052085126 -0.052981081 -0.050748528 -0.049896251 -0.051531103 -0.053165955 -0.057784284 -0.062485353 -0.066401096 -0.044760129 -0.023119162 -0.0011262731 0.022295007 0.045716288 0.081076914 0.11770912 0.15562975 0.19454299 0.23345623 0.25739995 0.27420725 0.29524231 0.32192236 0.3486024 0.35002409 0.33794164 0.32967434 0.32706646 0.32445859 -9999
-0.074976121 -0.06753575 -0.051004523 -0.034174781 -0.017142188 -0.00010959371 0.016923 0.01092798 0.0019938187 -0.0013258495 -0.0044525968 -0.0075793441 -0.0083837571 -0.0043519987 -0.0027494985 -0.0042555054 -0.0041170221 -0.0028225268 -0.0015280315 -0.00031467478 -0.0063476156 -0.012380556 -0.018413497 -0.023016179 -0.026195215 -0.033927879 -0.0437644 -0.043139279 -0.040906726 -0.038674174 -0.037821897 -0.039456749 -0.041091601 -0.042726453 -0.046958344 -0.050874088 -0.029233121 -0.0070915064 0.016329774 0.039751055 0.063172335 0.098532961 0.13516517 0.17179737 0.20947899 0.24839223 0.27233594 0.28914325 0.30595055 0.3263706 0.35305065 0.35447234 0.34238989 0.33030744 0.32144993 0.31884206 -9999
-0.076699911 -0.078929409 -0.075049233 -0.058219492 -0.041186898 -0.024154304 -0.0071217103 0.0099108835 0.0088435342 0.005523866 0.0023971187 -0.00072962859 -0.0038563759 -0.0058671587 -0.0042646585 -0.0037137264 -0.0024192312 -0.0011247359 0.00016975943 0.0013831162 -0.0046498247 -0.010682766 -0.016715706 -0.022748647 -0.027711009 -0.035443673 -0.033297477 -0.031064924 -0.028832372 -0.02659982 -0.025747542 -0.027382394 -0.029017247 -0.030652099 -0.032286951 -0.03534708 -0.01305674 0.010364541 0.033785821 0.057207102 0.080628382 0.11598901 0.15262121 0.18925342 0.22588563 0.26332822 0.28727194 0.30407924 0.32088654 0.33769385 0.35749889 0.35892058 0.34683813 0.33475568 0.32267323 0.31322552 -9999
-0.070314424 -0.072543922 -0.07544413 -0.071607056 -0.054574463 -0.037541869 -0.020509275 -0.0034766811 0.013555913 0.011098854 0.0079721066 0.0048453593 0.001718612 -0.0014081353 0.0024115617 0.003706057 0.0050005523 0.0062950476 0.0075895428 0.0014356076 0.0032135962 -0.0028193447 -0.0088522855 -0.014885226 -0.020918167 -0.021297623 -0.019065071 -0.016832519 -0.014599966 -0.012367414 -0.0088134459 -0.0092814841 -0.010916336 -0.012551189 -0.014186041 -0.015073904 0.008347376 0.031768657 0.055189937 0.078611218 0.10313574 0.13880794 0.17544014 0.21207235 0.24870455 0.28196676 0.29631614 0.31312344 0.32993075 0.34673805 0.36243554 0.35559238 0.34350993 0.33142748 0.31934503 0.30731436 -9999
-0.051041387 -0.056102071 -0.06723535 -0.06383127 -0.050548441 -0.033992723 -0.016960129 7.2464764e-05 0.017105059 0.014648 0.011521252 0.0083945052 0.0066538398 0.014149531 0.018924937 0.020219432 0.021513927 0.022808422 0.013119597 -0.0016320325 0.0099611705 0.014842712 0.008809771 0.0027768302 -0.0032561106 -0.0036355668 -0.0014030146 0.00082953774 0.00306209 0.001866298 0.0047643111 0.015119126 0.016762189 0.015127337 0.013492484 0.012604621 0.036025901 0.059447182 0.082868462 0.10781929 0.13447756 0.17014975 0.20678195 0.24341416 0.27245393 0.28164752 0.2959969 0.31280421 0.32961151 0.34379225 0.34674874 0.33990558 0.32782313 0.31574068 0.3038139 0.2926802 -9999
