P2_models/J1_p2__temp2_slide_100.dat.tif
NCOLS 118
NROWS 92
XLLCORNER 139.62
YLLCORNER -39.07
DX 0.099491525
DY 0.099347826
NODATA_VALUE -9999
[rows 27 to 53 of 92, columns 0 to 59 of 118]
-9999 852.13398 841.68345 830.56589 815.47613 800.38636 785.2966 774.04258 767.2155 760.38843 753.56135 754.98797 758.6796 763.42974 770.29963 777.16952 784.03941 788.94185 793.05549 798.435 806.73492 815.03483 824.12987 833.32222 842.51458 857.62048 888.57617 919.53186 950.48756 964.55776 971.82469 975.80471 973.44861 971.09252 974.2575 977.59131 980.92512 978.99287 969.52676 960.06066 950.59456 950.58353 951.47552 955.33121 961.31745 967.3037 972.63066 974.02249 975.41433 968.8136 960.83153 952.84947 953.5252 963.78207 971.578 970.84958 970.12116 969.39274 975.17898 982.1505
-9999 858.56622 846.07546 830.98569 815.89593 800.80616 785.71639 774.46237 767.6353 760.80822 753.98115 747.15407 745.46718 750.21732 757.08721 763.9571 770.82699 777.69688 783.35661 788.73612 797.18392 806.37627 815.56862 824.76098 833.95333 849.05923 880.01493 910.97062 941.92631 972.882 992.95745 996.93747 995.85497 999.18878 1002.5226 1005.8564 1009.1902 1007.258 997.79185 988.32575 978.85965 969.39354 966.97674 970.83243 976.81867 982.80492 988.79117 994.77742 996.47945 989.87872 981.89666 973.91459 965.93253 963.14708 970.94302 970.2146 969.48618 968.75776 968.02934 972.35438
-9999 863.36436 848.2746 833.18483 818.09507 803.0053 787.91554 775.97726 769.15019 762.32311 755.49603 748.66896 741.84188 740.11851 746.9884 753.85829 760.72818 767.59807 774.46796 782.04013 791.23248 800.42483 809.61719 818.80954 828.00189 841.92763 872.88332 903.83901 934.7947 965.75039 996.70609 1018.227 1021.5609 1024.8947 1028.2285 1031.5623 1034.8961 1032.6228 1023.1567 1013.6906 1004.2245 994.75842 985.29231 984.35447 990.34072 996.32697 1002.3132 1008.2995 1014.2857 1008.4705 1000.4885 992.50641 984.52435 976.54228 972.48499 971.75657 971.02815 970.29973 969.57131 968.84289
-9999 880.21164 865.12188 850.03211 834.94234 819.85258 807.65945 794.37273 779.68021 772.85313 766.02606 759.19898 752.37191 751.4138 762.20863 769.39164 776.26153 783.13142 790.00131 797.57348 806.76583 815.95818 825.15054 834.34289 851.54822 869.58262 879.94222 908.47665 939.43234 970.38804 1001.3437 1022.8647 1026.1985 1029.5323 1032.8661 1036.1999 1032.6088 1028.1545 1024.6461 1015.18 1005.7139 996.24779 986.78169 984.25856 987.56955 993.5558 999.54204 1005.5283 1011.5145 1006.3089 998.71923 990.73717 982.75511 974.77305 972.4138 989.53132 990.49144 989.76302 989.0346 988.30618
-9999 897.05892 881.96915 866.87939 852.42194 840.54853 828.67511 815.38839 800.47053 785.55268 776.55608 769.72901 762.90193 761.94382 772.73865 783.53348 791.79488 798.66477 805.53466 813.10683 822.29918 831.49153 840.68389 861.10533 882.00319 900.03759 910.39719 920.75678 944.06998 975.02568 1005.9814 1027.5023 1030.8361 1034.1699 1037.035 1031.7201 1026.4053 1021.9509 1018.7278 1015.5046 1007.2033 997.73716 988.27106 985.74793 988.21602 990.78463 996.77087 1002.7571 1008.7434 1003.5377 996.39776 988.96793 980.98587 973.00381 970.64457 987.76208 1004.8796 1009.2263 1008.4979 1007.7695
-9999 913.9062 898.81643 885.31102 873.4376 861.56419 849.69077 836.40405 821.48619 806.56833 791.65048 780.25903 773.43196 772.47384 783.26868 794.06351 804.85834 814.19812 821.06801 828.64018 837.83253 849.76457 870.66243 891.5603 912.45816 930.49256 940.85216 951.21175 961.57135 979.66332 1010.619 1032.14 1035.4738 1036.1463 1030.8315 1025.5166 1020.2017 1015.7474 1012.5242 1009.301 1006.0779 999.22653 989.76043 987.2373 989.70539 992.17348 994.64156 999.98595 1005.9722 1000.7665 993.62659 986.48665 979.21664 971.23457 968.87533 985.99285 1003.1104 1020.2279 1027.9612 1027.2328
-9999 930.75347 918.20009 906.32668 894.45326 882.57985 870.70643 857.41971 842.50185 827.58399 812.66614 797.74828 783.96198 783.00387 793.7987 804.59353 815.38836 826.18319 836.60136 844.17352 859.32168 880.21954 901.11741 922.01527 942.91313 960.94753 971.30713 981.66673 992.02632 1002.3859 1015.2567 1036.7776 1035.2577 1029.9428 1024.6279 1019.3131 1013.9982 1009.5439 1006.3207 1003.0975 999.87433 996.65114 991.2498 988.72667 991.19476 993.66285 996.13094 998.59902 1003.201 997.99536 990.85542 983.71548 976.57554 969.43561 967.10609 984.22361 1001.3411 1018.4586 1035.5762 1046.6961
-9999 946.8001 934.92668 923.05326 911.17985 899.30643 887.43301 874.3274 859.24311 844.32525 829.40739 814.48954 799.57168 800.06997 814.12763 824.92246 835.71729 846.51212 857.30695 871.15679 892.05465 912.95251 933.85038 954.74824 975.6461 981.0602 990.98717 1001.3468 1011.7064 1022.066 1032.4256 1037.4313 1032.1164 1026.8015 1021.4867 1016.1718 1010.8569 1004.1205 1000.2948 997.07166 993.84848 990.6253 987.40211 984.07908 986.54717 989.01526 991.48335 993.95143 996.41952 998.55656 991.41662 984.27668 977.13674 969.9968 964.73918 978.13339 995.2509 1012.3684 1029.4859 1046.6035
-9999 956.45282 944.5794 932.70598 920.83257 910.31508 903.14614 890.20966 870.61668 854.01685 839.09899 824.18113 809.26328 809.76157 841.13158 861.41248 872.20731 883.00215 893.79698 907.64681 928.54468 949.44254 970.3404 989.62311 985.98006 985.58657 993.90272 1003.256 1013.6156 1023.9752 1034.3348 1039.3405 1034.0256 1028.7107 1023.3959 1018.6627 1016.6604 1010.2723 997.60979 991.33886 988.11568 984.89249 981.66931 977.50845 972.67352 974.24612 976.71421 979.1823 981.65039 990.53379 997.47381 990.33388 983.19394 976.054 970.79637 972.05885 982.03419 999.1517 1016.2692 1033.3867
-9999 966.10554 954.23212 942.35871 933.36628 926.19734 919.02841 906.09192 886.49894 866.90596 848.79059 833.87273 818.95487 819.45316 850.82317 882.19318 908.69734 919.49217 930.287 944.13684 965.0347 985.93256 997.79253 994.14948 990.50644 990.11295 998.42909 1006.7452 1015.5248 1025.8844 1036.244 1041.2497 1035.9348 1030.6199 1026.8168 1024.8145 1022.8122 1016.4241 1003.7616 991.09905 982.38287 979.15969 975.93651 971.77565 966.94071 962.10578 961.94508 964.41316 966.88125 975.76466 985.75681 995.74895 989.25113 982.11119 976.85357 978.11604 979.37852 985.93499 1003.0525 1020.17
-9999 975.75826 963.88484 956.41747 949.24854 942.0796 934.91067 921.97418 902.3812 882.78822 863.19524 843.60226 828.64647 829.14476 860.51477 891.88478 923.25479 954.6248 966.77703 980.62686 1001.5247 1005.962 1002.3189 998.67586 995.03281 994.63932 1002.9555 1011.2716 1019.5877 1027.9039 1038.1532 1043.1589 1037.844 1034.9709 1032.9686 1030.9663 1028.964 1022.5759 1009.9134 997.25084 984.58832 973.42689 970.20371 966.04285 961.20791 956.37297 951.53803 949.64403 952.11212 960.99552 970.98767 980.97982 990.97197 988.16839 982.91076 984.17324 985.43571 986.69819 989.83579 1006.9533
-9999 986.63761 979.46867 972.29974 965.1308 957.96187 950.79293 937.85644 918.26346 898.67048 879.0775 859.48452 839.89154 838.83636 870.20636 901.57637 932.94638 964.31639 995.6864 1017.1169 1014.1314 1010.4883 1006.8453 1003.2022 999.55918 999.16569 1007.4818 1015.798 1024.1141 1032.4303 1040.7464 1045.1273 1043.125 1041.1227 1039.1204 1037.1181 1035.1158 1028.7277 1016.0652 1003.4026 990.74011 978.07758 965.41505 960.31005 955.47511 950.64017 945.80523 940.97029 937.34298 946.22639 956.21854 966.21068 976.20283 986.19498 988.96795 990.23043 991.49291 992.75538 994.01786 995.28034
-9999 995.39323 988.2243 981.05536 973.88643 966.71749 964.42942 957.25635 937.66337 918.07039 898.47741 878.88443 862.85593 862.48301 884.00403 915.37404 946.74405 978.11406 1009.4841 1030.2667 1026.6236 1022.9806 1019.3375 1015.6945 1008.6858 1001.9835 1019.6203 1027.9364 1036.2526 1044.5687 1052.8849 1057.6766 1055.6743 1053.672 1051.6696 1049.6673 1042.6725 1028.3096 1015.6471 1002.9846 990.32206 977.65953 964.27606 960.56256 958.65778 953.82284 948.98791 944.15297 939.31803 947.12526 957.11741 967.10956 977.1017 988.66616 1005.9164 1007.1788 1008.4413 1009.7038 1010.9663 1004.5909
-9999 1001.7385 994.5696 987.40067 980.23173 981.43082 985.01904 977.84597 958.25299 938.66001 919.06703 906.62087 898.07862 897.70571 913.69234 930.56044 961.93044 993.30045 1024.6705 1045.4531 1041.81 1038.167 1034.5239 1023.3604 1005.9805 999.27822 1021.1943 1042.6494 1050.9656 1059.2817 1067.5979 1072.3896 1070.3872 1068.3849 1066.3826 1055.5838 1040.0324 1025.6696 1013.007 1000.3445 987.682 973.94116 959.89914 956.18564 959.8972 960.02085 955.18591 950.35097 945.51604 953.32327 963.31542 973.30757 987.43236 1009.2981 1026.5483 1027.8108 1029.0733 1030.3357 1020.6913 1006.7934
-9999 1008.0838 1000.9149 994.84401 998.43222 1002.0204 1005.6087 998.43559 978.84261 959.24963 950.3858 941.84356 933.30132 932.9284 948.91503 964.90166 980.88829 1008.4868 1039.8569 1060.6394 1056.9964 1053.3533 1038.0349 1020.6551 1003.2752 996.57293 1018.4891 1040.4052 1062.3213 1073.9947 1082.3108 1087.1025 1085.1002 1083.0979 1068.4951 1052.9437 1037.3924 1023.0295 1010.367 997.6483 983.60627 969.56424 955.52222 951.80872 955.52028 959.23184 961.38392 956.54898 951.71404 959.52128 969.51343 986.19856 1008.0643 1029.9301 1047.1803 1048.4427 1049.7052 1036.7917 1022.8938 1008.9959
-9999 1014.4291 1011.8454 1015.4336 1019.0218 1022.6101 1026.1983 1019.0252 1002.693 994.15074 985.6085 977.06625 968.52401 968.15109 984.13772 1000.1243 1016.111 1032.0976 1055.0433 1075.8258 1070.0893 1052.7095 1035.3296 1017.9498 1000.57 993.86765 1015.7838 1037.6999 1059.616 1081.5322 1097.0238 1101.8155 1096.9578 1081.4064 1065.855 1050.3037 1034.7523 1020.3895 1007.3134 993.27138 979.22935 965.18732 951.1453 947.4318 951.14336 954.85492 958.56647 962.27803 957.91205 965.71929 984.96476 1006.8305 1028.6963 1050.562 1067.8122 1066.79 1052.8921 1038.9942 1025.0963 1011.1984
-9999 1029.4038 1032.992 1036.5802 1040.1684 1043.7566 1047.3449 1042.926 1034.3838 1025.8415 1017.2993 1008.757 1000.2148 997.51978 1013.5064 1029.493 1045.4797 1061.4663 1077.4529 1083.35 1065.9702 1048.5904 1031.2105 1013.8307 996.45082 989.37589 1011.292 1033.2081 1055.1243 1077.0404 1098.9565 1108.075 1092.5236 1076.9722 1061.4209 1045.8695 1030.3181 1020.0853 1006.0433 992.00124 977.95921 963.91718 949.87515 945.72579 949.43735 953.1489 956.86046 960.57202 964.28358 981.99281 1003.8586 1025.7243 1047.5901 1069.4558 1084.5688 1070.6709 1056.773 1042.8751 1028.9772 1015.0793
-9999 1054.751 1058.3392 1061.9274 1065.5157 1069.1039 1043.902 1032.3306 1039.4365 1030.8943 1022.3521 1013.8098 1005.2676 999.71235 1000.1388 1014.7105 1030.6971 1046.6838 1062.6704 1068.5675 1051.1877 1033.8078 1016.428 999.04813 992.50648 992.15505 995.68919 1015.2427 1037.1588 1059.0749 1080.9911 1090.1095 1074.5581 1059.0068 1043.4554 1027.904 1008.7803 1006.4985 1028.2046 1014.1626 1000.1205 986.07851 972.03648 966.53435 967.87546 971.58702 975.29857 979.01013 982.72169 992.84417 1009.6431 1031.5089 1053.3746 1075.2404 1091.1193 1086.2606 1073.3121 1059.4142 1045.5163 1031.6184
-9999 1080.0982 1083.6864 1087.2747 1084.2982 1056.3163 1028.3344 1016.763 1024.1316 1031.5002 1027.4048 1018.8626 1010.3204 1004.7651 1005.1916 1005.6181 1015.9146 1031.9012 1047.8879 1053.785 1036.4051 1019.0253 1001.6454 999.38407 997.58294 997.23151 1000.7657 1004.2998 1019.1933 1041.1095 1063.0256 1072.144 1056.5927 1041.0413 1025.2031 1005.2505 985.2979 983.01605 1006.0147 1029.0134 1022.2819 1008.2398 994.19781 988.69568 989.33278 990.02513 993.73668 997.44824 1001.1598 1011.2823 1022.5127 1037.2935 1059.1592 1081.025 1096.9039 1092.0452 1087.1864 1075.9533 1062.0554 1048.1575
-9999 1105.4454 1109.0337 1096.7125 1068.7306 1040.7487 1012.7668 1001.1954 1008.564 1015.9326 1023.3011 1023.9154 1015.3731 1009.8179 1010.2444 1010.6709 1011.0974 1017.1187 1033.1053 1039.0024 1021.6226 1008.0628 1006.2617 1004.4605 1002.6594 1002.308 1005.8421 1009.3763 1012.9104 1023.144 1045.0601 1054.1786 1038.6272 1021.6733 1001.7207 981.76806 961.81545 959.5336 982.53227 1005.5309 1028.5296 1030.4012 1016.3591 1010.857 1011.4941 1012.1312 1012.7683 1015.8864 1019.5979 1029.7204 1040.9509 1052.1813 1064.9438 1086.8096 1102.6885 1097.8297 1092.971 1088.1123 1078.5944 1064.6965
-9999 1130.7927 1109.1268 1081.1449 1053.163 1025.1811 997.19918 985.62784 992.99641 1000.365 1007.7335 1015.1021 1020.4259 1014.8707 1015.2972 1015.7237 1016.1502 1016.5767 1018.3228 1024.2199 1014.9404 1013.1392 1011.3381 1009.537 1007.7359 1007.3844 1010.9186 1014.4527 1017.9869 1021.521 1027.0946 1036.2131 1018.1434 998.19082 978.23822 958.28561 938.33301 936.05116 959.04982 982.04849 1005.0472 1028.0458 1038.5205 1033.0183 1033.6554 1034.2925 1034.9296 1035.5667 1038.036 1048.1585 1059.389 1070.6194 1081.8499 1093.0803 1108.4731 1103.6143 1098.7556 1093.8968 1089.0381 1081.2356
-9999 1120.5894 1092.6075 1064.6256 1036.6437 1008.6618 980.67985 983.9531 991.32167 998.69024 1006.0588 1013.4274 1020.796 1023.798 1023.0435 1023.4699 1023.8964 1024.3229 1024.7494 1024.5023 1022.7012 1020.9 1019.0989 1017.2978 1015.4967 1002.7167 1004.2944 1007.8285 1011.3627 1014.8968 1018.4309 1013.9428 993.99017 974.03756 954.08496 934.13236 914.17975 932.10366 955.10232 978.10099 1001.0997 1024.0983 1045.491 1047.0396 1047.6767 1048.3138 1048.9509 1049.588 1050.2251 1059.8945 1071.125 1082.3555 1093.5859 1104.8164 1108.1295 1103.2707 1098.412 1093.5532 1088.6945 1084.0732
-9999 1102.5575 1074.5756 1046.5937 1018.6118 1000.3015 1000.7151 1004.3574 1011.7259 1019.0945 1026.4631 1033.8784 1041.4701 1044.5043 1038.4117 1035.4968 1035.9233 1036.3498 1036.7762 1036.5291 1034.728 1032.9269 1031.1257 1027.0072 1005.4556 988.44773 983.61784 982.60917 986.14332 989.67746 993.2116 988.72344 968.77083 948.81823 928.86562 917.95497 937.96322 959.20177 982.20044 1005.1991 1028.1978 1043.7435 1046.3714 1047.9352 1048.7339 1049.3987 1050.0358 1050.6729 1051.31 1060.9794 1072.2099 1083.4403 1094.6708 1097.3943 1098.0468 1093.188 1088.3293 1083.4705 1079.6142 1077.9079
-9999 1084.5257 1056.5438 1028.5619 1020.2921 1020.7057 1021.1194 1024.7617 1032.1302 1039.4988 1046.993 1054.5847 1062.1764 1065.2105 1059.118 1053.0255 1047.9501 1048.3766 1048.8031 1048.556 1046.7548 1044.9537 1034.2897 1012.7382 991.18664 974.17873 969.34884 964.51895 960.92398 964.45812 967.99226 963.5041 943.5515 923.59889 925.04483 945.05308 965.06133 986.29988 1009.2985 1032.2972 1041.9959 1044.6239 1047.2518 1048.8156 1049.6143 1050.4131 1051.1207 1051.7578 1052.3949 1062.0643 1073.2948 1082.8245 1085.068 1087.3116 1087.9641 1083.1053 1078.2466 1075.1552 1073.4489 1071.7426
-9999 1066.4938 1039.8692 1040.2828 1040.6964 1041.11 1041.5236 1045.1659 1052.5345 1060.1076 1067.6993 1075.291 1082.8827 1085.9168 1079.8243 1073.7318 1067.6393 1061.5467 1060.8299 1060.5828 1058.7817 1041.5722 1020.0207 998.46917 976.91765 959.90973 955.07984 950.24995 945.42006 940.59017 942.77293 938.28477 918.33216 932.13469 952.14294 972.15119 992.15944 1013.398 1036.3967 1040.2484 1042.8764 1045.5043 1048.1323 1049.696 1050.4948 1051.2935 1052.0922 1052.8427 1053.4797 1063.1492 1070.4983 1072.7418 1074.9853 1077.2289 1077.8814 1073.0226 1070.6962 1068.9899 1067.2836 1065.5773
-9999 1059.8598 1060.2734 1060.6871 1061.1007 1061.5143 1061.9279 1065.6305 1073.2222 1080.8139 1088.4056 1095.9973 1103.589 1106.6231 1100.5306 1094.4381 1088.3455 1082.253 1076.1605 1070.4063 1048.8547 1027.3032 1005.7517 984.20017 962.64865 945.64074 940.81085 935.98095 931.15106 926.32117 921.49128 919.2163 939.22455 959.2328 979.24105 999.24931 1019.2576 1035.873 1038.5009 1041.1289 1043.7568 1046.3848 1049.0127 1050.5765 1051.3752 1052.1739 1052.9727 1053.7714 1054.5646 1058.172 1060.4156 1062.6591 1064.9026 1067.1462 1067.9434 1066.2371 1064.5308 1062.8246 1061.1183 1059.412
-9999 1059.9542 1060.3678 1060.7815 1061.1951 1061.6087 1066.9604 1075.1261 1082.7178 1090.3095 1097.9012 1105.4929 1107.1884 1107.7197 1115.5168 1109.4243 1103.3318 1097.2392 1091.1467 1080.3796 1058.8281 1037.2766 1015.725 994.17351 980.30896 975.03084 961.94675 957.11685 952.28696 947.45707 942.62718 946.28118 966.28943 986.29769 1006.3059 1026.3142 1039.0601 1043.5135 1046.1415 1048.7694 1051.3974 1054.0253 1052.1775 1051.9261 1053.5629 1054.3616 1055.1603 1055.9591 1056.7578 1058.7884 1061.0319 1063.2755 1065.519 1065.9273 1061.9207 1060.2144 1058.5081 1056.8018 1055.0956 1066.9197
