P2_models/J1_p2_tot_conduct_slide_195.49.dat.tif
NCOLS 118
NROWS 92
XLLCORNER 139.62
YLLCORNER -39.07
DX 0.099491525
DY 0.099347826
NODATA_VALUE -9999
[rows 26 to 51 of 92, columns 0 to 56 of 118]
-1.8497834 -1.8228974 -1.7880754 -1.7653132 -1.7511002 -1.7459906 -1.7509652 -1.7668266 -1.7952527 -1.8364906 -1.9011601 -1.9743677 -2.0639101 -2.1552515 -2.2547431 -2.3463878 -2.4309556 -2.5109393 -2.5905325 -2.6611003 -2.7158104 -2.7472765 -2.7224036 -2.702917 -2.7127542 -2.7159449 -2.7106447 -2.6783524 -2.6117601 -2.5567616 -2.540655 -2.5187868 -2.493914 -2.4703424 -2.4493968 -2.4055924 -2.3807195 -2.3596167 -2.3439075 -2.3301147 -2.3091691 -2.2977623 -2.2878132 -2.2760101 -2.2550645 -2.2467251 -2.2310159 -2.1958983 -2.1487708 -2.0927924 -2.0299556 -1.9545471 -1.8657313 -1.7786252 -1.691231 -1.6123437 -1.5372208
-1.9027144 -1.8773303 -1.8474828 -1.8267421 -1.8220044 -1.8171543 -1.8121797 -1.8264353 -1.8548614 -1.8960993 -1.9607688 -2.0339764 -2.1186989 -2.208237 -2.3077286 -2.3991904 -2.4738091 -2.5505973 -2.6202413 -2.6875931 -2.7373389 -2.7671461 -2.7331419 -2.7095402 -2.7145148 -2.7159449 -2.7010212 -2.665106 -2.5556653 -2.4839066 -2.4577246 -2.4323161 -2.397494 -2.3709946 -2.2734119 -2.2074797 -2.1875814 -2.1675443 -2.1518351 -2.1413801 -2.1361437 -2.1284203 -2.1284203 -2.1216493 -2.1159776 -2.1196662 -2.1316681 -2.103983 -2.0692925 -2.022165 -1.970347 -1.9223229 -1.8591081 -1.7761985 -1.691231 -1.6074487 -1.5304662
-1.9603838 -1.9427857 -1.9159411 -1.9007874 -1.8960497 -1.8911996 -1.886225 -1.8945566 -1.9207187 -1.9566812 -2.0132362 -2.0847362 -2.1670129 -2.2449451 -2.3360171 -2.4226611 -2.4887076 -2.5571059 -2.6180253 -2.6771397 -2.7180082 -2.7430464 -2.7082243 -2.680415 -2.6762073 -2.67172 -2.6474614 -2.6104233 -2.5073075 -2.4135247 -2.3747527 -2.3439204 -2.3063342 -2.2500842 -2.1520274 -2.0870263 -2.0647621 -2.0508959 -2.0398047 -2.0319769 -2.0285767 -2.03233 -2.0353668 -2.0384132 -2.0360107 -2.0483702 -2.0650235 -2.0527889 -2.0223132 -1.9819639 -1.9348363 -1.8921721 -1.8438558 -1.7609462 -1.6790142 -1.5985221 -1.5180314
-2.0179699 -2.0048781 -1.9849798 -1.9739531 -1.9692155 -1.9657105 -1.9607359 -1.9677223 -1.9914108 -2.0229652 -2.0727109 -2.1309948 -2.2056135 -2.2781653 -2.3627331 -2.4359084 -2.4956033 -2.5517255 -2.6064458 -2.652459 -2.687281 -2.7017556 -2.6669336 -2.6357615 -2.6258123 -2.6091113 -2.5792638 -2.5318771 -2.4323855 -2.3453794 -2.2982518 -2.2529557 -2.2131591 -2.1553179 -2.0610627 -1.9994244 -1.9745515 -1.9591025 -1.9538661 -1.953947 -1.953947 -1.961182 -1.9711311 -1.9796836 -1.98492 -2.0020591 -2.0230046 -2.012687 -1.9917414 -1.9536093 -1.9117182 -1.869827 -1.8265732 -1.7436636 -1.661059 -1.5825131 -1.505613
-2.073853 -2.0630505 -2.0470722 -2.0360455 -2.0444835 -2.044743 -2.0352468 -2.0391796 -2.0535032 -2.0828857 -2.1226823 -2.1806688 -2.2410314 -2.2990653 -2.3637348 -2.4312415 -2.4660636 -2.5180317 -2.5578283 -2.5994584 -2.6143821 -2.6272447 -2.589113 -2.5521214 -2.522274 -2.502196 -2.4623993 -2.4145298 -2.3200129 -2.2329698 -2.1806059 -2.1339536 -2.0891824 -2.0311331 -1.9484377 -1.8967171 -1.8814129 -1.8689274 -1.873146 -1.8810452 -1.8980639 -1.9098435 -1.9276664 -1.9409666 -1.9538738 -1.9767061 -2.0043769 -1.9973787 -1.9793229 -1.9449831 -1.9055089 -1.8636178 -1.820364 -1.7374544 -1.6543493 -1.5705669 -1.4931945
-2.1159489 -2.1168207 -2.1025675 -2.1019216 -2.1089754 -2.1017652 -2.091816 -2.0886849 -2.1007024 -2.1222006 -2.1604586 -2.2053781 -2.2600984 -2.2917062 -2.3465337 -2.3887202 -2.4100128 -2.4370594 -2.466404 -2.4926624 -2.5004147 -2.4993511 -2.4595545 -2.4329463 -2.3993098 -2.3640555 -2.3203681 -2.2610588 -2.1585568 -2.0759477 -2.0255651 -1.980892 -1.9409147 -1.8849524 -1.8085549 -1.7894525 -1.7793274 -1.7813151 -1.7911226 -1.8489014 -1.8812367 -1.9133419 -1.934649 -1.9612493 -1.9777107 -1.9776006 -2.009019 -2.0078067 -1.9920975 -1.9552322 -1.9185774 -1.8637967 -1.8205429 -1.7376333 -1.6545281 -1.5707458 -1.4886093
-2.1501765 -2.1565599 -2.1515853 -2.1468291 -2.1420914 -2.1348811 -2.124932 -2.1218008 -2.1265385 -2.1420702 -2.1768922 -2.2104849 -2.2403324 -2.2718366 -2.3066586 -2.3291115 -2.3241369 -2.3244652 -2.3344144 -2.3403291 -2.3353545 -2.3260198 -2.3061215 -2.280613 -2.2408164 -2.1984758 -2.14873 -2.0822327 -1.9678174 -1.8706289 -1.8235013 -1.7821964 -1.7523489 -1.7193691 -1.6827143 -1.663612 -1.6685865 -1.6819673 -1.7081493 -1.7760463 -1.8860106 -1.9530811 -1.9928777 -2.0274812 -2.0588996 -2.0619254 -2.0514526 -2.0416175 -2.0311447 -1.9938036 -1.9519125 -1.8903508 -1.8271661 -1.7442564 -1.6611513 -1.577369 -1.4952325
-2.1810882 -2.1936344 -2.1950051 -2.1901692 -2.1890761 -2.1843557 -2.1744066 -2.1668767 -2.1637441 -2.173841 -2.1955349 -2.2286493 -2.2472299 -2.2555223 -2.2634779 -2.2790288 -2.2559399 -2.2494102 -2.2410417 -2.2404612 -2.2169655 -2.2076307 -2.1774825 -2.1362834 -2.0917548 -2.0492548 -1.999509 -1.9380556 -1.842975 -1.749415 -1.7167436 -1.682315 -1.670209 -1.638106 -1.620087 -1.6296432 -1.654803 -1.6771199 -1.7192226 -1.8005741 -1.9280754 -2.0023907 -2.0485665 -2.0865353 -2.1210418 -2.1243068 -2.113834 -2.0993692 -2.0867539 -2.0450277 -2.0014668 -1.9348879 -1.8698201 -1.7758559 -1.6895575 -1.5958522 -1.5137158
-2.1977482 -2.2254619 -2.2304364 -2.2325 -2.2325101 -2.2279195 -2.2178305 -2.2059019 -2.200563 -2.1992585 -2.2169322 -2.2334153 -2.2433644 -2.2308729 -2.2316314 -2.2205466 -2.1920975 -2.1641144 -2.1494407 -2.1289619 -2.1001059 -2.0708729 -2.0310763 -1.9859746 -1.9401059 -1.8966864 -1.8492373 -1.7968898 -1.7107669 -1.6386842 -1.6131869 -1.5992966 -1.5941525 -1.5857649 -1.5805285 -1.6176695 -1.6499322 -1.6933519 -1.7415165 -1.8483051 -1.9844514 -2.0719492 -2.1216949 -2.1613247 -2.1979795 -2.1954616 -2.1849888 -2.1680241 -2.1523149 -2.1073171 -2.0601896 -1.9908118 -1.9215113 -1.8229143 -1.7277119 -1.6321298 -1.5395205
-2.2078744 -2.2400938 -2.2599921 -2.2675115 -2.2722492 -2.2676586 -2.2527349 -2.2390179 -2.2248048 -2.219128 -2.2241026 -2.2292612 -2.2143374 -2.1977569 -2.1778586 -2.1543147 -2.1095435 -2.0713898 -2.0365677 -2.0031213 -1.9583501 -1.917963 -1.8731918 -1.8270181 -1.7772723 -1.7311067 -1.6913101 -1.6445565 -1.5848616 -1.5327132 -1.5274768 -1.5264415 -1.5463398 -1.5577985 -1.5839805 -1.6242927 -1.6839876 -1.7397142 -1.802551 -1.9152997 -2.0828644 -2.1783651 -2.2330854 -2.2733725 -2.3047909 -2.2983751 -2.2721931 -2.2526336 -2.2317932 -2.1848306 -2.1330446 -2.0612293 -1.9877432 -1.8827244 -1.7806974 -1.6812058 -1.5858828
-2.1261892 -2.161039 -2.1809373 -2.191964 -2.2430587 -2.2783067 -2.263383 -2.2465898 -2.2291889 -2.2129661 -2.1997969 -2.197941 -2.1726701 -2.1328735 -2.0980534 -2.0717313 -2.0307415 -1.9828601 -1.9327095 -1.8903663 -1.8339461 -1.7891749 -1.737143 -1.6794862 -1.6377098 -1.5974259 -1.577807 -1.5380103 -1.4946609 -1.4578608 -1.4811244 -1.4963673 -1.5420821 -1.5640625 -1.6279834 -1.7251422 -1.7979962 -1.8654467 -1.9379821 -1.9955647 -2.1024069 -2.1913889 -2.23634 -2.2683647 -2.2927606 -2.2960255 -2.2754477 -2.2532577 -2.2323121 -2.1935074 -2.1429884 -2.095562 -2.0234474 -1.9184286 -1.814648 -1.7151565 -1.6206025
-2.0555087 -2.0901446 -2.1100429 -2.1654279 -2.2459686 -2.2795137 -2.26459 -2.244391 -2.2254402 -2.2010458 -2.1811475 -2.1544187 -2.1146221 -2.0614329 -2.0214057 -1.9751853 -1.9350009 -1.8874288 -1.8324129 -1.7776925 -1.7181963 -1.657048 -1.5923785 -1.5468431 -1.5085483 -1.4822686 -1.4691009 -1.4580797 -1.4214995 -1.4088082 -1.4429363 -1.4908096 -1.5455487 -1.6185739 -1.7285382 -1.8359144 -1.9155076 -1.9895613 -2.0681072 -2.1284089 -2.1807728 -2.2159405 -2.2507625 -2.2710595 -2.2867686 -2.283179 -2.2727062 -2.2542495 -2.2333039 -2.1927964 -2.1509052 -2.1057794 -2.0565451 -1.950007 -1.8462264 -1.7467348 -1.6554726
-2.0415334 -2.0781571 -2.10303 -2.1588047 -2.2393454 -2.2722332 -2.2523349 -2.2301517 -2.2017256 -2.1743863 -2.1395643 -2.1079552 -2.0532349 -1.995201 -1.9305315 -1.8758375 -1.8161426 -1.7615882 -1.6969188 -1.6386056 -1.5838852 -1.5245842 -1.4741769 -1.4342489 -1.4193252 -1.4027903 -1.4127395 -1.4117174 -1.4117174 -1.4154314 -1.4835045 -1.5437951 -1.6233884 -1.7049811 -1.8411274 -1.9555263 -2.0400941 -2.1140476 -2.1768843 -2.2316072 -2.268262 -2.2970739 -2.3119976 -2.3279812 -2.3332176 -2.3277251 -2.3124454 -2.2939886 -2.2730431 -2.2297736 -2.1840212 -2.14213 -2.0962842 -1.9857381 -1.8793423 -1.7798508 -1.6885885
-2.0099641 -2.0575333 -2.0857624 -2.1432109 -2.2194516 -2.2473596 -2.2274613 -2.1992054 -2.1658981 -2.1281772 -2.0818292 -2.0401767 -1.9828121 -1.914829 -1.8441932 -1.7779178 -1.7121548 -1.6524599 -1.5908753 -1.5322227 -1.4837738 -1.4305069 -1.3850327 -1.3678082 -1.3723089 -1.3749572 -1.4112123 -1.4263649 -1.4463995 -1.4700837 -1.5547776 -1.6301839 -1.7156587 -1.8139906 -1.9533597 -2.0654259 -2.1398238 -2.2068338 -2.2597281 -2.2989208 -2.3275242 -2.3454245 -2.3569582 -2.3631997 -2.3668426 -2.3544831 -2.3376531 -2.317952 -2.2970064 -2.253737 -2.2066094 -2.1597794 -2.1156076 -2.0050614 -1.8981648 -1.8021402 -1.7141696
-1.9775185 -2.0298273 -2.0646493 -2.1206802 -2.1917455 -2.2051608 -2.1852625 -2.1561008 -2.1181993 -2.0788814 -2.0241611 -1.9660255 -1.901356 -1.8306556 -1.7560369 -1.6821184 -1.6124743 -1.5486578 -1.4889629 -1.4383097 -1.3935385 -1.3531275 -1.32328 -1.3178308 -1.3327545 -1.3625749 -1.4123207 -1.4650152 -1.4948627 -1.5436117 -1.6378669 -1.7296065 -1.8191489 -1.9276034 -2.0742225 -2.1826655 -2.247335 -2.2999158 -2.3418069 -2.3615045 -2.3772137 -2.3856623 -2.3906369 -2.3918116 -2.3918116 -2.3786407 -2.3576951 -2.3349379 -2.3139923 -2.2698171 -2.2226896 -2.1565403 -2.108224 -2.0012888 -1.8989212 -1.804666 -1.7266266
-1.9642721 -2.0186369 -2.0580261 -2.1095362 -2.1095362 -2.0977354 -2.0728625 -2.0422131 -1.9995738 -1.9639274 -1.93408 -1.879924 -1.8068322 -1.7305567 -1.6509635 -1.5754472 -1.5008286 -1.4380115 -1.3932403 -1.3485773 -1.3286789 -1.2935188 -1.29137 -1.3075649 -1.3523361 -1.3917431 -1.4713363 -1.5348026 -1.6094212 -1.6706823 -1.7806466 -1.8745233 -1.9590911 -2.0666903 -2.2133094 -2.3169858 -2.361757 -2.4087644 -2.4349464 -2.437016 -2.4037065 -2.4101159 -2.4105064 -2.4095406 -2.405058 -2.3945004 -2.3775647 -2.3486351 -2.3206155 -2.2728813 -2.2226896 -2.0718733 -1.9691371 -1.8862275 -1.7942865 -1.7262133 -1.6589519
-1.9245143 -1.9846297 -2.0223377 -2.0367826 -2.0351203 -2.0208296 -1.9944698 -1.9542854 -1.9077405 -1.8696231 -1.8371199 -1.782103 -1.7074843 -1.6312089 -1.5531828 -1.4883565 -1.4239228 -1.3586347 -1.3165908 -1.2932222 -1.2771098 -1.2856056 -1.2946411 -1.3358403 -1.3843165 -1.4693165 -1.5601116 -1.638404 -1.7138779 -1.8048272 -1.9126785 -2.0036247 -2.084063 -2.1725599 -2.3158081 -2.4103989 -2.4502732 -2.4756847 -2.497238 -2.4840667 -2.4433805 -2.4241522 -2.4241522 -2.4180594 -2.4117172 -2.3994425 -2.3808255 -2.351896 -2.3170971 -2.267048 -2.2031241 -2.0511125 -1.8923327 -1.8094231 -1.7339894 -1.6670395 -1.6193142
-1.8765743 -1.9349178 -1.9697399 -1.9814124 -1.9766747 -1.9571162 -1.9272687 -1.8863574 -1.8342428 -1.7832702 -1.738499 -1.6834821 -1.6088634 -1.5395361 -1.469892 -1.4087002 -1.3539799 -1.3136784 -1.2888055 -1.2795506 -1.2894997 -1.3081692 -1.3479658 -1.4062518 -1.485845 -1.5730257 -1.6725173 -1.7651986 -1.8497664 -1.932407 -2.0266622 -2.1054781 -2.1651731 -2.2484648 -2.3793747 -2.4619411 -2.486814 -2.5050356 -2.5155083 -2.4963559 -2.4492284 -2.4292731 -2.4292731 -2.4224534 -2.4119806 -2.3937426 -2.372797 -2.3369679 -2.3003131 -2.235416 -2.1673428 -2.0118475 -1.8523411 -1.7749588 -1.7041887 -1.6465884 -1.6076272
-1.8331096 -1.8892182 -1.920066 -1.9317385 -1.9181083 -1.8917572 -1.8527578 -1.8103741 -1.7535227 -1.7004869 -1.6457666 -1.5903435 -1.5229615 -1.4616056 -1.4068852 -1.351003 -1.3211555 -1.2884295 -1.2983786 -1.2974104 -1.3421816 -1.3640524 -1.4240336 -1.502093 -1.6015845 -1.6928757 -1.8072909 -1.8995061 -1.9641756 -2.04064 -2.1034768 -2.1751278 -2.2099498 -2.2919294 -2.4150241 -2.4888756 -2.4992325 -2.5160266 -2.5217176 -2.500665 -2.4492284 -2.4270551 -2.4230639 -2.4139247 -2.3995622 -2.3785318 -2.3541693 -2.3052799 -2.2568484 -2.1844756 -2.1114597 -1.9643856 -1.8088764 -1.7314941 -1.6620625 -1.6201714 -1.5855471
-1.8121413 -1.8584924 -1.8875534 -1.8916176 -1.874809 -1.8339077 -1.7911264 -1.7390134 -1.6798497 -1.620234 -1.5623205 -1.5041849 -1.43959 -1.3931535 -1.3469246 -1.3114755 -1.293872 -1.2873508 -1.3098999 -1.3409084 -1.3986354 -1.4506735 -1.5203176 -1.5997795 -1.7012235 -1.7980117 -1.90241 -2.0376388 -2.1557182 -2.2199272 -2.2827639 -2.3343326 -2.3674987 -2.4306889 -2.5478608 -2.5893293 -2.5980209 -2.6038768 -2.6079125 -2.5684878 -2.5117562 -2.4815566 -2.4757617 -2.4584492 -2.4421227 -2.3455635 -2.3193815 -2.2658927 -2.2082923 -2.1261227 -2.0475768 -1.9099703 -1.760956 -1.6899166 -1.6240043 -1.5886591 -1.5763933
-1.8074132 -1.8518692 -1.8717675 -1.8634961 -1.8350699 -1.7941686 -1.7394482 -1.6794047 -1.613077 -1.547379 -1.4827095 -1.4214552 -1.3667349 -1.3202985 -1.290451 -1.2717364 -1.2767109 -1.293974 -1.3387452 -1.3938939 -1.4734871 -1.5500214 -1.6196654 -1.6991273 -1.8035934 -1.9039827 -1.9935251 -2.1104939 -2.3045024 -2.4649851 -2.5278219 -2.5793906 -2.609238 -2.6519905 -2.7200637 -2.7615322 -2.7665068 -2.7694565 -2.7694565 -2.7274444 -2.643662 -2.6007739 -2.5858502 -2.5644202 -2.5382383 -2.4346778 -2.2932951 -2.2122703 -2.1494335 -2.0642947 -1.9752759 -1.8418627 -1.7079705 -1.6416428 -1.5842651 -1.5580832 -1.5565237
-1.7888467 -1.8243953 -1.8346126 -1.8262325 -1.7867095 -1.7336181 -1.6712404 -1.6111316 -1.5448039 -1.4808209 -1.4205818 -1.3593275 -1.3160914 -1.2912101 -1.284023 -1.2750527 -1.3075248 -1.3358256 -1.4130333 -1.4773595 -1.5850605 -1.6617469 -1.731391 -1.8080478 -1.9029412 -1.9979455 -2.0681392 -2.1823977 -2.3666301 -2.5210991 -2.5595705 -2.6077409 -2.6286089 -2.6711223 -2.7328749 -2.7661889 -2.767072 -2.7678457 -2.7638111 -2.7191501 -2.631806 -2.5828977 -2.5614861 -2.5278271 -2.4890752 -2.3854713 -2.2440886 -2.1546015 -2.087371 -2.0066752 -1.9193806 -1.8007365 -1.6710307 -1.6157576 -1.5628984 -1.5517639 -1.5552072
-1.7876387 -1.805288 -1.8102625 -1.7873745 -1.7445992 -1.6818076 -1.6167425 -1.5491039 -1.4824176 -1.4219515 -1.3638556 -1.3126988 -1.2778768 -1.27061 -1.2710426 -1.288551 -1.3290853 -1.3872336 -1.4728441 -1.5674797 -1.6811353 -1.7789489 -1.848593 -1.9094077 -1.9993029 -2.0803029 -2.1439156 -2.2434792 -2.4275385 -2.570611 -2.6035392 -2.6293731 -2.6466949 -2.6790856 -2.736686 -2.7653446 -2.7648841 -2.7584211 -2.7523774 -2.7025491 -2.6135304 -2.5573696 -2.5324967 -2.4921187 -2.4449912 -2.3370764 -2.1956937 -2.1113225 -2.038013 -1.9608899 -1.8771075 -1.7638782 -1.6459731 -1.5954487 -1.5513849 -1.542297 -1.5581579
-1.798654 -1.8102956 -1.7953718 -1.7635978 -1.7114832 -1.6486917 -1.574073 -1.5027416 -1.4316762 -1.368966 -1.3192202 -1.275626 -1.2557277 -1.2507404 -1.2756133 -1.3084206 -1.3730901 -1.4468423 -1.556283 -1.6668276 -1.7961665 -1.9022513 -1.9519971 -2.0087555 -2.0833742 -2.153158 -2.1979292 -2.2832183 -2.4672776 -2.6103501 -2.6312957 -2.6492426 -2.6542172 -2.6781694 -2.7305334 -2.7587214 -2.7537468 -2.7451747 -2.7294655 -2.6759872 -2.5817321 -2.5234798 -2.4886578 -2.445268 -2.3929041 -2.2850521 -2.1489058 -2.0678282 -2.0048971 -1.9315875 -1.857238 -1.7487679 -1.6393499 -1.5951315 -1.5580081 -1.5527717 -1.5714042
-1.8085525 -1.8169188 -1.7907727 -1.7478949 -1.6891515 -1.6213801 -1.5467614 -1.4737923 -1.4027269 -1.3391979 -1.2919895 -1.2557564 -1.2458043 -1.2540882 -1.2887039 -1.3431107 -1.416177 -1.4948423 -1.604283 -1.7197406 -1.8422301 -1.9377513 -2.0477695 -2.2009729 -2.2799545 -2.3537087 -2.3984799 -2.4796748 -2.6158994 -2.6733066 -2.6895392 -2.6981339 -2.7031085 -2.7237854 -2.654014 -2.548946 -2.5410951 -2.5287762 -2.5098719 -2.4521466 -2.3688951 -2.3162334 -2.2851352 -2.2543739 -2.2130417 -2.1043709 -2.1597414 -2.1317485 -2.0689118 -1.9971455 -1.9238359 -1.8174473 -1.7197919 -1.6755735 -1.6400878 -1.6326376 -1.6484984
-1.8306365 -1.8195114 -1.789664 -1.7412414 -1.6796515 -1.6047322 -1.5299788 -1.4614084 -1.3907994 -1.3307873 -1.2866852 -1.2572826 -1.2572826 -1.2861034 -1.3339576 -1.3915762 -1.4678381 -1.5548974 -1.6652105 -1.773147 -1.8857156 -2.0204783 -2.2045376 -2.3500809 -2.4305487 -2.5015995 -2.544219 -2.5915919 -2.6578559 -2.7113158 -2.7206768 -2.7241742 -2.7269636 -2.6712979 -2.4932604 -2.3843276 -2.3737183 -2.3570907 -2.3358719 -2.2836005 -2.2050545 -2.1601928 -2.1303454 -2.1044391 -2.0730207 -2.1263069 -2.2100892 -2.194234 -2.1313973 -2.0693411 -1.9960316 -1.9028893 -1.805234 -1.7610155 -1.7220107 -1.7090289 -1.7084312
