P2_models/J1_p2_tot_conduct_slide_29.85.dat.tif
NCOLS 118
NROWS 92
XLLCORNER 139.62
YLLCORNER -39.07
DX 0.099491525
DY 0.099347826
NODATA_VALUE -9999
[rows 0 to 24 of 92, columns 57 to 113 of 118]
-2.5256594 -2.4503545 -2.3508629 -2.2579475 -2.1898743 -2.1812716 -2.1969808 -2.2734143 -2.3875979 -2.5140508 -2.5982177 -2.6095799 -2.592456 -2.4699137 -2.3357887 -2.142333 -1.9842343 -1.8405243 -1.7556949 -1.7055207 -1.6670186 -1.6325318 -1.5654818 -1.4744604 -1.3271156 -1.1679692 -1.0132046 -0.97817522 -0.95622413 -1.1432626 -1.3804536 -1.7177174 -2.0881835 -2.4785926 -2.7198968 -2.9554989 -2.9838458 -2.9686464 -2.8451756 -2.7052715 -2.5414031 -2.4407105 -2.3725493 -2.3623551 -2.3643887 -2.3702411 -2.3624236 -2.3331614 -2.2720167 -2.2153697 -2.1685502 -2.1419005 -2.147753 -2.2008571 -2.2041557 -2.2326665 -2.1732336
-2.7077676 -2.5926873 -2.4848858 -2.3951554 -2.3377542 -2.3337132 -2.3745488 -2.4818121 -2.5759003 -2.6538334 -2.7243488 -2.7019016 -2.6361426 -2.4919038 -2.3139613 -2.1114422 -1.9411079 -1.7940775 -1.7264504 -1.6857607 -1.6747061 -1.6806081 -1.631077 -1.5716873 -1.435455 -1.2833619 -1.132219 -1.0796861 -1.0377926 -1.210065 -1.4207283 -1.7433832 -2.0714116 -2.4616183 -2.7297351 -2.9455127 -2.9906283 -2.963081 -2.8360883 -2.6835609 -2.515942 -2.4189999 -2.3317065 -2.3111753 -2.3134335 -2.3314086 -2.322929 -2.3101844 -2.2584053 -2.2017583 -2.1549388 -2.1424413 -2.1602333 -2.2359087 -2.2829342 -2.3206981 -2.2781059
-2.7107024 -2.582492 -2.4608912 -2.3852011 -2.3380735 -2.3679878 -2.4255882 -2.5386056 -2.6602064 -2.754976 -2.8275835 -2.7856924 -2.7167448 -2.5509256 -2.3658998 -2.1503348 -1.9780906 -1.8288533 -1.770294 -1.7322149 -1.7538622 -1.767568 -1.7454587 -1.6871153 -1.5700665 -1.4315243 -1.282287 -1.2098901 -1.1622898 -1.3027484 -1.4892606 -1.7822079 -2.103436 -2.460435 -2.6919689 -2.8997115 -2.913434 -2.8821279 -2.7475218 -2.5893177 -2.4195969 -2.327521 -2.2542459 -2.2542459 -2.2677953 -2.3029099 -2.321791 -2.3159385 -2.2686223 -2.2199309 -2.1731113 -2.1689159 -2.1923257 -2.2752255 -2.3507707 -2.4034427 -2.3624197
-2.543053 -2.4011365 -2.2435678 -2.1756617 -2.1393779 -2.1999666 -2.2889849 -2.4434281 -2.5919047 -2.7348803 -2.8240928 -2.8293292 -2.7723474 -2.6440642 -2.4685463 -2.2745196 -2.1111439 -1.9716658 -1.9131065 -1.8750274 -1.8916093 -1.904764 -1.888182 -1.8334778 -1.7252975 -1.5900128 -1.4437272 -1.3670182 -1.3175208 -1.437199 -1.5879806 -1.838091 -2.1244495 -2.4355981 -2.613645 -2.7941545 -2.7473349 -2.7082692 -2.5468782 -2.3843259 -2.2209012 -2.1646029 -2.1056173 -2.1816991 -2.1994936 -2.2975674 -2.3651696 -2.3842402 -2.3479222 -2.300651 -2.2444445 -2.2240557 -2.2357904 -2.3133499 -2.3880261 -2.4497859 -2.4152346
-2.4225221 -2.2231312 -2.0559015 -1.9818709 -1.9504526 -2.0336283 -2.1435926 -2.3332991 -2.5157002 -2.6812865 -2.8106021 -2.8348863 -2.821014 -2.7096011 -2.5776237 -2.3943474 -2.2559197 -2.1232644 -2.0676853 -2.0294226 -2.0373634 -2.0427871 -2.0189021 -1.9628694 -1.8562385 -1.7246527 -1.5809427 -1.5049258 -1.4494738 -1.5489653 -1.6751406 -1.910591 -2.136209 -2.4171262 -2.5388013 -2.6747374 -2.5947126 -2.5084265 -2.333992 -2.1585039 -2.0004879 -1.9776735 -1.9542361 -2.0709178 -2.1605489 -2.2885813 -2.4217117 -2.4685312 -2.442698 -2.3977448 -2.3347069 -2.2747079 -2.2747079 -2.3244572 -2.399784 -2.4634078 -2.4502006
-2.2651399 -2.0430633 -1.8661894 -1.7900892 -1.7796164 -1.8698727 -2.0112554 -2.213685 -2.4349801 -2.6173812 -2.7733467 -2.8257106 -2.8396417 -2.7677867 -2.6583438 -2.5201612 -2.3952115 -2.2901927 -2.2353347 -2.197072 -2.197072 -2.1918088 -2.1531177 -2.0870542 -1.9700053 -1.836419 -1.692709 -1.6166921 -1.5612401 -1.6445703 -1.7682792 -1.9672622 -2.1762441 -2.3810796 -2.4761073 -2.5443433 -2.4272945 -2.2963104 -2.0856224 -1.910777 -1.7583276 -1.7581041 -1.7803774 -1.9559507 -2.114792 -2.3196275 -2.4650163 -2.5740883 -2.5574971 -2.5156321 -2.4278455 -2.3591266 -2.3057541 -2.3292075 -2.3738372 -2.4323616 -2.4249339
-2.2052495 -1.9809165 -1.8196612 -1.7530444 -1.7648568 -1.8683849 -2.0181416 -2.2194343 -2.443912 -2.627782 -2.7896918 -2.844899 -2.8743496 -2.8160391 -2.7337039 -2.6187054 -2.5157346 -2.4281824 -2.381544 -2.3379212 -2.3322298 -2.2979501 -2.2492431 -2.1561042 -2.0298695 -1.8945848 -1.7602107 -1.6861638 -1.6450546 -1.7301815 -1.8614178 -2.0489606 -2.2123006 -2.397744 -2.4817323 -2.4568298 -2.3189763 -2.1122614 -1.8706549 -1.6731275 -1.5161673 -1.5609014 -1.5957986 -1.7996252 -2.0439971 -2.3147763 -2.4960625 -2.6855698 -2.6952145 -2.6516511 -2.5372951 -2.4522652 -2.3133239 -2.2476925 -2.2838304 -2.3328399 -2.3188469
-2.2088636 -2.0114053 -1.862168 -1.8236735 -1.844619 -1.9537589 -2.1056144 -2.2959221 -2.5114871 -2.679297 -2.8395564 -2.8994166 -2.9357175 -2.8968272 -2.8346032 -2.7351117 -2.6429194 -2.5600098 -2.5088375 -2.4580971 -2.4158847 -2.369331 -2.3002825 -2.2071436 -2.0725374 -1.947112 -1.8144566 -1.7668839 -1.7265424 -1.8201815 -1.9560813 -2.1329552 -2.2837408 -2.4359043 -2.4230194 -2.3928455 -2.1670877 -1.9415792 -1.6723669 -1.4445772 -1.2865613 -1.3407112 -1.4334147 -1.7158345 -2.0031126 -2.3191446 -2.6061316 -2.8051147 -2.8252546 -2.7807328 -2.6461267 -2.4592782 -2.3071147 -2.202548 -2.1707587 -2.2117258 -2.2631525
-2.3409207 -2.1608884 -2.0669241 -2.0378691 -2.0867794 -2.193898 -2.3415655 -2.5128347 -2.7039735 -2.8340394 -2.9699504 -3.0118416 -3.0412746 -2.9970561 -2.9356618 -2.846878 -2.7508658 -2.6593577 -2.5989356 -2.5326079 -2.4662802 -2.4065864 -2.3070949 -2.2071436 -2.0725374 -1.9581685 -1.8455028 -1.8240574 -1.8072625 -1.9290053 -2.0806695 -2.2630707 -2.4010461 -2.5166244 -2.4669213 -2.3990547 -2.1064326 -1.8546499 -1.5138031 -1.268868 -1.0940749 -1.1687807 -1.2781837 -1.6234779 -1.9292267 -2.3447501 -2.6730851 -2.9292995 -2.9717041 -2.9359638 -2.7554404 -2.5244384 -2.3009054 -2.1104577 -2.0403647 -2.036611 -2.1186947
-2.5397554 -2.4154532 -2.3477135 -2.3533442 -2.4102516 -2.5092927 -2.6525964 -2.7801563 -2.9570301 -3.0432745 -3.1503696 -3.164833 -3.1798999 -3.1241472 -3.0508327 -2.95508 -2.8422881 -2.7436778 -2.6723831 -2.5630295 -2.4631625 -2.3867924 -2.2778875 -2.1737998 -2.0470156 -1.9704528 -1.8701642 -1.9032228 -1.9068865 -2.0459019 -2.2353848 -2.4223478 -2.5497232 -2.6508742 -2.5425902 -2.4457978 -2.1001468 -1.7906104 -1.4294329 -1.1520151 -0.96791189 -1.0531254 -1.1819439 -1.5679412 -1.940334 -2.3889575 -2.7913005 -3.0815563 -3.1437422 -3.1022398 -2.9053109 -2.5875791 -2.3217104 -2.031671 -1.9014757 -1.8749713 -1.9937949
-2.7741123 -2.6921552 -2.6700459 -2.7047491 -2.7780586 -2.878751 -2.9991881 -3.1139521 -3.2355528 -3.3024843 -3.3597283 -3.3597283 -3.3408216 -3.2744939 -3.1846588 -3.0741126 -2.9457305 -2.8186025 -2.6960083 -2.5640538 -2.4458996 -2.3317716 -2.2156982 -2.1056499 -1.9944534 -1.9351526 -1.8854068 -1.9422295 -2.0113253 -2.1986034 -2.3954845 -2.5889402 -2.7172055 -2.7991397 -2.6783708 -2.5165302 -2.1452362 -1.7690148 -1.3769012 -1.1035935 -0.89875797 -0.98887531 -1.1354747 -1.546489 -1.9900334 -2.487491 -2.8964101 -3.2534091 -3.3248828 -3.2845307 -3.0621379 -2.7279659 -2.359262 -2.0151325 -1.7743396 -1.7099627 -1.8287863
-3.0458288 -2.9738477 -2.9805079 -3.015211 -3.0885206 -3.1726018 -3.2723946 -3.3594221 -3.4590855 -3.4898435 -3.5335744 -3.5126288 -3.4881992 -3.4052895 -3.3070395 -3.1734605 -3.0211629 -2.8620671 -2.7206912 -2.5330076 -2.3671884 -2.2377516 -2.1050962 -2.001264 -1.9137333 -1.8899356 -1.8791976 -1.9841787 -2.0796269 -2.2897779 -2.5095521 -2.713125 -2.8294735 -2.8922783 -2.752432 -2.5786226 -2.1865089 -1.8062703 -1.4141566 -1.1546601 -0.9670596 -1.0822166 -1.2410317 -1.6799649 -2.1266367 -2.6498039 -3.0734828 -3.4396863 -3.51116 -3.4708079 -3.2184609 -2.8351059 -2.4213544 -2.0016049 -1.7432934 -1.6304884 -1.7640676
-3.2315099 -3.2016874 -3.2117378 -3.2576227 -3.3213644 -3.3955705 -3.4659824 -3.50949 -3.5868723 -3.6161614 -3.6361423 -3.6151967 -3.5950945 -3.513012 -3.4244716 -3.2862889 -3.1237512 -2.9311478 -2.7382523 -2.5116829 -2.3458637 -2.1478535 -2.0151981 -1.8853148 -1.804323 -1.7897725 -1.8216448 -1.9390836 -2.0922867 -2.3205319 -2.5500277 -2.7530571 -2.8629948 -2.9155965 -2.7710394 -2.5888671 -2.1967535 -1.8370447 -1.4595155 -1.2340419 -1.0986263 -1.2509734 -1.427601 -1.8665342 -2.3361003 -2.8520109 -3.2605752 -3.6045711 -3.6553108 -3.6023067 -3.3399928 -2.9484823 -2.4920312 -2.0539758 -1.7315418 -1.6044323 -1.7292579
-3.4177871 -3.3862785 -3.3918058 -3.4222858 -3.4641769 -3.5110205 -3.5529117 -3.5880307 -3.6241277 -3.6534168 -3.6747722 -3.6800086 -3.6683149 -3.6185691 -3.5300286 -3.3918459 -3.2088052 -2.9932402 -2.7525412 -2.4992644 -2.2729863 -2.0575309 -1.8917116 -1.7611301 -1.6850483 -1.691179 -1.7409247 -1.8840732 -2.048822 -2.2941253 -2.5223459 -2.7158016 -2.8257393 -2.8667064 -2.7295399 -2.5516117 -2.2142645 -1.881818 -1.577491 -1.3975271 -1.3097404 -1.476126 -1.688386 -2.1214668 -2.5770155 -3.0569158 -3.4313517 -3.7473836 -3.7814327 -3.7016301 -3.4207129 -3.0226758 -2.5603329 -2.111786 -1.7693711 -1.6230601 -1.754113
-3.4908849 -3.4409352 -3.4190816 -3.4057292 -3.4145845 -3.4133892 -3.4304593 -3.4441328 -3.4704472 -3.5303295 -3.5678801 -3.6407898 -3.6556887 -3.6788544 -3.61941 -3.5200389 -3.3366255 -3.1232402 -2.874395 -2.5758593 -2.2718574 -2.0376787 -1.8127986 -1.6638322 -1.5608635 -1.5557237 -1.597956 -1.7299004 -1.8933295 -2.1296558 -2.3280938 -2.5031182 -2.6098505 -2.648364 -2.5575722 -2.3954422 -2.1825118 -1.8583194 -1.6455432 -1.6175123 -1.5774442 -1.7887874 -2.005339 -2.3873635 -2.8385101 -3.2354784 -3.4677316 -3.743063 -3.7092045 -3.6238991 -3.3502221 -3.0047385 -2.5663858 -2.1800876 -1.8332706 -1.7008416 -1.8161009
-3.5376703 -3.4544543 -3.4157631 -3.3526359 -3.3264539 -3.2739712 -3.2530256 -3.2406659 -3.2461932 -3.3171139 -3.3972138 -3.4991117 -3.6047703 -3.6651789 -3.7043126 -3.6324576 -3.5015191 -3.2914814 -3.0089014 -2.7076384 -2.3804579 -2.0708769 -1.8182948 -1.593805 -1.4709037 -1.4210769 -1.4487135 -1.5539765 -1.7024633 -1.9190036 -2.0837053 -2.2493841 -2.3476019 -2.3827165 -2.3148956 -2.2003634 -2.0391665 -1.8531246 -1.7068136 -1.7824059 -1.8292254 -2.059503 -2.3046104 -2.6518179 -3.0173413 -3.3649716 -3.4751977 -3.6507709 -3.5802278 -3.4514068 -3.1821944 -2.90845 -2.5221888 -2.1982778 -1.9048005 -1.7818992 -1.8792236
-3.5247355 -3.4316616 -3.3266428 -3.2352881 -3.1253238 -3.0446855 -2.9483589 -2.9222213 -2.9017874 -2.9928138 -3.0925471 -3.275821 -3.4325674 -3.6204959 -3.7142467 -3.7695198 -3.6746638 -3.5365394 -3.2508095 -2.9460732 -2.5757436 -2.2298335 -1.898195 -1.6352817 -1.4187413 -1.3346505 -1.2897569 -1.3609104 -1.4640285 -1.6320465 -1.7790386 -1.9061667 -1.9989981 -2.0449339 -2.0088497 -1.942059 -1.8776821 -1.7686359 -1.7978982 -1.9167665 -2.0742834 -2.3135686 -2.569538 -2.8328979 -3.1267066 -3.2788701 -3.3319559 -3.372597 -3.245641 -3.0877544 -2.8770665 -2.6511243 -2.389725 -2.1741907 -1.9629615 -1.8927322 -1.9617352
-3.5024148 -3.3882159 -3.2564437 -3.1261169 -2.9638992 -2.8347824 -2.6792115 -2.5792804 -2.5460404 -2.6369865 -2.7636495 -2.9634684 -3.2148496 -3.4534314 -3.6700415 -3.8112245 -3.8096426 -3.7631893 -3.511838 -3.2562185 -2.8828878 -2.4939 -2.1373846 -1.7512702 -1.4824582 -1.3762225 -1.2492163 -1.2982229 -1.3170419 -1.4635781 -1.5729331 -1.685591 -1.7505287 -1.795642 -1.7614421 -1.7456419 -1.6962827 -1.7255449 -1.8023899 -1.9620858 -2.1854912 -2.4138956 -2.6740171 -2.9057578 -3.0399503 -3.0863314 -3.0732906 -2.9420531 -2.7651057 -2.6016828 -2.4427053 -2.2534631 -2.1795844 -2.1514212 -1.9914022 -1.9538519 -2.0491161
-3.4561037 -3.3128158 -3.1525239 -2.9622247 -2.768478 -2.5720519 -2.3940145 -2.2828741 -2.2054918 -2.3095341 -2.4560008 -2.7303638 -3.0402832 -3.3829762 -3.7025914 -3.9236837 -4.028911 -4.0178564 -3.8118441 -3.5818842 -3.1836894 -2.7690378 -2.3489268 -1.9482403 -1.6146511 -1.393705 -1.2444677 -1.22277 -1.2344602 -1.3339517 -1.4225032 -1.5164674 -1.5746795 -1.6156466 -1.6096041 -1.599577 -1.6278927 -1.6909835 -1.8255897 -2.0213495 -2.2612997 -2.4746303 -2.6781633 -2.7874426 -2.8425972 -2.7899252 -2.6126334 -2.448765 -2.2640541 -2.1067653 -2.0014214 -2.0095463 -1.9802841 -2.0181052 -2.0222418 -2.0222418 -1.9894338
-3.4250575 -3.2750771 -3.0842223 -2.8759516 -2.6442933 -2.4182317 -2.1953188 -2.0524969 -1.9447038 -2.0276322 -2.1641665 -2.4731139 -2.796398 -3.2385826 -3.6011893 -3.9547299 -4.1236329 -4.216552 -4.0440929 -3.8923462 -3.5164893 -3.110546 -2.6517795 -2.2309804 -1.8319745 -1.5791122 -1.3872802 -1.3395825 -1.333808 -1.4190337 -1.493607 -1.5661413 -1.6118467 -1.6280651 -1.6114729 -1.5933677 -1.6167775 -1.678565 -1.8182331 -2.005287 -2.2302535 -2.3932174 -2.566397 -2.5488397 -2.5818091 -2.3931164 -2.1426129 -1.9147705 -1.7349609 -1.57898 -1.5900442 -1.7126065 -1.8064254 -1.9865192 -2.0346603 -2.060369 -1.9540629
-3.3815403 -3.2440309 -3.0557873 -2.843044 -2.6040633 -2.364835 -2.112129 -1.9068923 -1.7742369 -1.8553292 -1.9325021 -2.2414495 -2.5515678 -2.9946259 -3.411495 -3.8041953 -4.0591153 -4.2558558 -4.1811241 -4.1072443 -3.7313874 -3.3954237 -2.9377524 -2.5230019 -2.1158135 -1.8389084 -1.6290381 -1.5744194 -1.5590389 -1.6351207 -1.7167727 -1.7855095 -1.7848664 -1.7877127 -1.7654675 -1.6862618 -1.7096715 -1.7175775 -1.8415104 -1.9990777 -2.1769289 -2.2807649 -2.4192367 -2.4016794 -2.2681048 -2.049321 -1.7761455 -1.4910158 -1.3354636 -1.2285434 -1.280463 -1.4417641 -1.6910617 -1.9506972 -2.088729 -2.1152893 -2.0046064
-3.3504941 -3.2209246 -3.0495781 -2.8397012 -2.6040633 -2.348139 -2.0810828 -1.86685 -1.6686799 -1.6835718 -1.7410608 -2.0028806 -2.3116449 -2.7648841 -3.2143529 -3.667592 -3.9967543 -4.262065 -4.2815493 -4.2500568 -3.9595944 -3.6427708 -3.2171681 -2.8024177 -2.4044516 -2.1378011 -1.9332908 -1.8924237 -1.8821844 -1.969971 -2.0469076 -2.1021807 -2.1015376 -2.0547181 -1.9604638 -1.8539112 -1.7906876 -1.7709243 -1.8353012 -1.949541 -2.0899996 -2.1734531 -2.2414523 -2.1478132 -1.9894436 -1.7202313 -1.4359206 -1.1432984 -1.0076089 -0.9657889 -1.1003951 -1.3436268 -1.6538063 -1.9529488 -2.1536151 -2.1711725 -1.9615227
-3.2856866 -3.186195 -3.068392 -2.8930616 -2.6930344 -2.4502154 -2.1942174 -1.9456719 -1.7301609 -1.632708 -1.6479033 -1.7840496 -2.0643513 -2.4378302 -2.8886447 -3.3379535 -3.7181277 -4.0208236 -4.0653951 -4.1564215 -3.985075 -3.7070578 -3.381001 -3.0007221 -2.6636105 -2.4471134 -2.2760711 -2.2891455 -2.2961273 -2.3942794 -2.477626 -2.5153696 -2.4762619 -2.3916461 -2.2125221 -2.0710126 -1.9012918 -1.8723541 -1.8754279 -1.9165345 -2.0292849 -2.087762 -2.1416222 -2.0421814 -1.8807955 -1.6294461 -1.3836436 -1.1101571 -1.0346901 -1.002985 -1.1721207 -1.4603261 -1.7857546 -2.0731705 -2.2766237 -2.260848 -1.9567852
-3.1618917 -3.1347134 -3.04467 -2.9542546 -2.7762171 -2.585008 -2.3388974 -2.0838757 -1.8406742 -1.68591 -1.6034521 -1.6805895 -1.8336812 -2.1572437 -2.5196212 -2.9614539 -3.3451643 -3.6823301 -3.8200043 -3.9543201 -3.8457847 -3.6699749 -3.387946 -3.1174098 -2.8171106 -2.6730291 -2.5403738 -2.5847823 -2.6333937 -2.7445901 -2.81692 -2.8443478 -2.7589426 -2.6418937 -2.4207503 -2.2160558 -2.0280115 -1.9052747 -1.8808171 -1.9285558 -2.01049 -2.0884631 -2.1307387 -2.0581126 -1.9021654 -1.6680991 -1.4775711 -1.2317685 -1.1689455 -1.1905591 -1.3682187 -1.6043478 -1.9496419 -2.1999721 -2.3804625 -2.3439561 -1.9996715
-3.0163678 -3.0167378 -3.0112105 -2.9483488 -2.8750392 -2.7063554 -2.5230815 -2.2641651 -2.0021144 -1.7963188 -1.6407075 -1.6197619 -1.6846595 -1.8891698 -2.1905316 -2.5498065 -2.9181012 -3.266311 -3.4570141 -3.6314397 -3.5872212 -3.4899069 -3.2964512 -3.0801544 -2.8870238 -2.7757742 -2.7266509 -2.7874042 -2.8693448 -2.9857788 -3.0590803 -3.053553 -2.9522658 -2.7598693 -2.5184269 -2.2657297 -2.0550418 -1.9097225 -1.8746078 -1.9255151 -2.0291177 -2.1269193 -2.2052496 -2.1759874 -2.0675617 -1.8978409 -1.7201938 -1.529812 -1.4799095 -1.5078894 -1.6600529 -1.8808605 -2.1483376 -2.3556706 -2.4807031 -2.3812115 -2.0325675
