P2_models/J1_p2_vp_slide_diff2_60.dat.tif
NCOLS 118
NROWS 92
XLLCORNER 139.62
YLLCORNER -39.07
DX 0.099491525
DY 0.099347826
NODATA_VALUE -9999
[rows 48 to 71 of 92, columns 0 to 54 of 118]
-9999 -0.16800595 -0.14438601 -0.12076607 -0.09714613 -0.073526189 -0.049906249 -0.048962373 -0.05133549 -0.053708608 -0.056081725 -0.058454843 -0.06082796 -0.062514329 -0.059265728 -0.057814312 -0.056362897 -0.054911481 -0.053460066 -0.051711664 -0.049278101 -0.046844538 -0.044410975 -0.041977413 -0.03954385 -0.032239091 -0.034516664 -0.03788538 -0.041254095 -0.044622811 -0.047991526 -0.047682354 -0.040283389 -0.032884423 -0.025485458 -0.018086492 -0.010687527 -0.023118551 -0.038451224 -0.053783897 -0.06911657 -0.084449244 -0.098878471 -0.10187995 -0.10552745 -0.10917495 -0.11282245 -0.11646995 -0.12011744 -0.12500614 -0.13010934 -0.13521255 -0.14031575 -0.14541895 -0.14644201
-9999 -0.15213723 -0.12851729 -0.10489735 -0.081277412 -0.064569745 -0.061244119 -0.060563991 -0.062937109 -0.065310226 -0.067683344 -0.071615208 -0.08143127 -0.0841907 -0.072818819 -0.0662825 -0.064831085 -0.063379669 -0.061928254 -0.060179852 -0.057746289 -0.055312726 -0.052879163 -0.049263507 -0.036755598 -0.027294218 -0.025998299 -0.026833486 -0.030202202 -0.033570917 -0.036939633 -0.036630461 -0.029231495 -0.02183253 -0.014433564 -0.011723381 -0.025046477 -0.03919634 -0.054529014 -0.069861687 -0.08519436 -0.096334487 -0.10020797 -0.10306805 -0.10519961 -0.10858703 -0.11223453 -0.11588203 -0.11952953 -0.12441822 -0.12952142 -0.13462463 -0.13972783 -0.13918976 -0.13844848
-9999 -0.13626852 -0.11264858 -0.089028635 -0.07949699 -0.076171364 -0.072845737 -0.072165609 -0.074538727 -0.076911845 -0.083475517 -0.093291579 -0.10310764 -0.10586707 -0.09449519 -0.083123309 -0.073299273 -0.071847857 -0.070396442 -0.068648039 -0.066214477 -0.063780914 -0.056826544 -0.044318635 -0.031810726 -0.022349346 -0.021053427 -0.019757507 -0.019150308 -0.022519023 -0.025887739 -0.025578567 -0.018179601 -0.010780636 -0.014478075 -0.027801171 -0.041124266 -0.05527413 -0.070606804 -0.085939477 -0.093790502 -0.097663981 -0.10153746 -0.10439754 -0.1065291 -0.10866067 -0.11164661 -0.11529411 -0.11894161 -0.1238303 -0.1289335 -0.13290891 -0.13205257 -0.13119623 -0.13045496
-9999 -0.1203998 -0.097749862 -0.094424235 -0.091098609 -0.087772982 -0.084447356 -0.083767228 -0.086140345 -0.095335825 -0.10515189 -0.11496795 -0.12478401 -0.12754344 -0.11617156 -0.10479968 -0.093427798 -0.082055917 -0.078864629 -0.077116227 -0.074682665 -0.06438958 -0.051881671 -0.039373762 -0.026865854 -0.017404473 -0.016108554 -0.014812635 -0.013516716 -0.012220796 -0.014835845 -0.014526673 -0.0071277077 -0.017232769 -0.030555865 -0.043878961 -0.057202056 -0.07135192 -0.086684593 -0.091246517 -0.095119996 -0.098993476 -0.10286696 -0.10572704 -0.1078586 -0.10999016 -0.11212172 -0.11470619 -0.11835369 -0.12324238 -0.12577172 -0.12491538 -0.12405904 -0.12320271 -0.12246143
-9999 -0.11267711 -0.10935148 -0.10602585 -0.10270023 -0.099374601 -0.096048974 -0.097380072 -0.10719613 -0.1170122 -0.12682826 -0.13664432 -0.14646038 -0.14921981 -0.13784793 -0.12647605 -0.11510417 -0.10373229 -0.092360407 -0.084460525 -0.071952616 -0.059444707 -0.046936799 -0.03442889 -0.021920981 -0.012459601 -0.011163682 -0.0098677625 -0.0085718432 -0.0072759239 -0.0059800046 -0.0066643678 -0.019987463 -0.033310559 -0.046633655 -0.05995675 -0.073279846 -0.084829052 -0.088702532 -0.092576011 -0.096449491 -0.10032297 -0.10419645 -0.10705653 -0.10918809 -0.11131966 -0.11345122 -0.11558278 -0.11776577 -0.11863453 -0.11777819 -0.11692186 -0.11606552 -0.11520918 -0.11431405
-9999 -0.11088358 -0.10755796 -0.10423233 -0.1009067 -0.097581076 -0.10086387 -0.10955371 -0.11936977 -0.12918584 -0.1390019 -0.14881796 -0.1507915 -0.15057176 -0.1584971 -0.14712522 -0.13575334 -0.12438146 -0.11300958 -0.10129418 -0.088786269 -0.076278361 -0.063770452 -0.051262543 -0.043593254 -0.038966151 -0.024730456 -0.023434537 -0.022138618 -0.020842698 -0.019546779 -0.023244237 -0.036567333 -0.049890429 -0.063213524 -0.07653662 -0.08600883 -0.090987758 -0.094861238 -0.098734717 -0.1026082 -0.10648168 -0.10736532 -0.10842486 -0.11063289 -0.11276445 -0.11489601 -0.11702757 -0.11915914 -0.11874309 -0.11788676 -0.11703042 -0.11617408 -0.11385276 -0.10807785
-9999 -0.10684898 -0.10352335 -0.10019773 -0.096872101 -0.10373364 -0.11144766 -0.12013749 -0.12995356 -0.13976962 -0.14958568 -0.14612032 -0.13915852 -0.13893878 -0.1522204 -0.16550202 -0.15623065 -0.14485877 -0.13348689 -0.12177149 -0.10926358 -0.096755675 -0.084247767 -0.080355199 -0.080333808 -0.075706705 -0.058735137 -0.041763569 -0.038802488 -0.037506568 -0.036210649 -0.039908107 -0.053231203 -0.066554299 -0.079877394 -0.087223867 -0.092975489 -0.097954417 -0.1018279 -0.10570138 -0.10957486 -0.10928564 -0.10863157 -0.10969112 -0.11198256 -0.11422853 -0.1163601 -0.11849166 -0.12062322 -0.12020718 -0.11935084 -0.1184945 -0.114983 -0.10860719 -0.10283229
-9999 -0.10281438 -0.099488753 -0.098889383 -0.1066034 -0.11431742 -0.12203144 -0.13072128 -0.14053734 -0.14841093 -0.14144913 -0.13448733 -0.12752554 -0.1273058 -0.14058742 -0.15386904 -0.16715066 -0.16533609 -0.15396421 -0.14224881 -0.1297409 -0.11723299 -0.11711714 -0.11709575 -0.11707436 -0.11244726 -0.095475691 -0.078504123 -0.061532555 -0.054170439 -0.052874519 -0.056571977 -0.069895073 -0.082687281 -0.088438903 -0.094190525 -0.099942147 -0.10492108 -0.10879455 -0.11186004 -0.11120596 -0.11055189 -0.10989782 -0.11095737 -0.11324882 -0.11554026 -0.11782418 -0.11995574 -0.12208731 -0.12167126 -0.12081493 -0.11611324 -0.10973743 -0.10336163 -0.097586723
-9999 -0.098779778 -0.10175915 -0.10947317 -0.11718718 -0.1249012 -0.13261522 -0.14130506 -0.14373974 -0.13677795 -0.12981615 -0.12285435 -0.11589255 -0.11567282 -0.12895444 -0.14223606 -0.15551768 -0.1687993 -0.17444152 -0.16272612 -0.15390048 -0.15387909 -0.1538577 -0.15383631 -0.15381492 -0.14918781 -0.13221624 -0.11524468 -0.098273109 -0.081301541 -0.069538389 -0.073235847 -0.083902318 -0.08965394 -0.095405561 -0.10115718 -0.10690881 -0.11188773 -0.11378036 -0.11312629 -0.11247222 -0.11181815 -0.11116408 -0.11222362 -0.11451507 -0.11680652 -0.11909796 -0.12138941 -0.12355139 -0.12313535 -0.11724349 -0.11086768 -0.10449187 -0.098116062 -0.092341158
-9999 -0.10566608 -0.1133801 -0.12109412 -0.12880813 -0.13652215 -0.14423617 -0.14564981 -0.13868801 -0.13172622 -0.12476442 -0.11780262 -0.11084082 -0.10579589 -0.11907751 -0.13235913 -0.14564075 -0.15892237 -0.17220399 -0.18146298 -0.18144159 -0.1814202 -0.18139881 -0.18137742 -0.18135603 -0.1824527 -0.16557731 -0.14860574 -0.13163417 -0.1146626 -0.097691035 -0.088480966 -0.094232588 -0.09998421 -0.10573583 -0.11148745 -0.11723908 -0.11584756 -0.11519349 -0.11453941 -0.11388534 -0.11323127 -0.1125772 -0.1160707 -0.11836215 -0.12065359 -0.12294504 -0.12523649 -0.12752793 -0.12507028 -0.11869447 -0.11231866 -0.10594285 -0.099567047 -0.094514278
-9999 -0.12082943 -0.12854345 -0.13625746 -0.14397148 -0.15116405 -0.15468573 -0.15606299 -0.15496532 -0.14915249 -0.14219069 -0.13522889 -0.1282671 -0.12271783 -0.11999723 -0.12847993 -0.14176155 -0.15504317 -0.16832479 -0.17758378 -0.17756239 -0.177541 -0.17751961 -0.17749822 -0.19148613 -0.19919126 -0.18609986 -0.17042429 -0.15345272 -0.13648115 -0.11950958 -0.11029951 -0.11605114 -0.12180276 -0.12755438 -0.13321547 -0.13368476 -0.1295401 -0.1187945 -0.11645418 -0.11580011 -0.11514604 -0.11449196 -0.12049468 -0.13102392 -0.13331536 -0.13560681 -0.13789826 -0.1401897 -0.14309228 -0.14301725 -0.13664144 -0.13026563 -0.12388982 -0.11883705
-9999 -0.13599278 -0.14370679 -0.15142081 -0.15713098 -0.16065265 -0.16417433 -0.16555159 -0.16445392 -0.16335625 -0.15961696 -0.15265516 -0.14569337 -0.1401441 -0.1374235 -0.13470291 -0.13788235 -0.15116397 -0.16444559 -0.17370458 -0.17368319 -0.1736618 -0.1772961 -0.1927604 -0.2082247 -0.21592982 -0.20283843 -0.18974703 -0.17527127 -0.1582997 -0.14132813 -0.13211806 -0.13786969 -0.14362131 -0.14764901 -0.1481183 -0.1485876 -0.14444293 -0.13369733 -0.12295173 -0.11771487 -0.1170608 -0.11640673 -0.12240945 -0.13319764 -0.14398584 -0.14826858 -0.15056003 -0.15285147 -0.15575405 -0.15876225 -0.16096421 -0.15458841 -0.1482126 -0.14315983
-9999 -0.15115612 -0.15887014 -0.1630979 -0.16661958 -0.17014125 -0.17366293 -0.17504019 -0.17394252 -0.17284485 -0.17174718 -0.17008143 -0.16311964 -0.15757037 -0.15484977 -0.15212918 -0.14940858 -0.14728477 -0.16056639 -0.16982538 -0.16980399 -0.17857036 -0.19403466 -0.20949896 -0.22496326 -0.23266839 -0.21957699 -0.20648559 -0.19339419 -0.18011825 -0.16314668 -0.15393661 -0.15968823 -0.16208255 -0.16255184 -0.16302114 -0.16349044 -0.15934577 -0.14860017 -0.13785457 -0.12710897 -0.11897556 -0.11832149 -0.12432421 -0.13511241 -0.14590061 -0.1566888 -0.1632218 -0.16551324 -0.16841582 -0.17142402 -0.17443222 -0.17744041 -0.17253538 -0.16748261
-9999 -0.16554316 -0.16906483 -0.17258651 -0.17610818 -0.17962985 -0.18315153 -0.18452879 -0.18343112 -0.18233345 -0.18123578 -0.18013811 -0.17904044 -0.17499664 -0.17227605 -0.16955545 -0.16683485 -0.16411426 -0.16139366 -0.16594618 -0.17984462 -0.19530892 -0.21077322 -0.22623752 -0.24170182 -0.24940695 -0.23631555 -0.22322415 -0.21013275 -0.19704136 -0.18394996 -0.17575516 -0.17651609 -0.17698538 -0.17745468 -0.17792398 -0.17839327 -0.17424861 -0.16350301 -0.15275741 -0.14201181 -0.13126621 -0.12052061 -0.12623897 -0.13702717 -0.14781537 -0.15860357 -0.16939176 -0.17817501 -0.18107759 -0.18408579 -0.18709399 -0.19010218 -0.19311038 -0.19180538
-9999 -0.1682834 -0.17180508 -0.17532675 -0.17884843 -0.1823701 -0.18385458 -0.17963298 -0.17552039 -0.17442272 -0.17332505 -0.17222738 -0.17112971 -0.17340158 -0.17766471 -0.17494411 -0.17222352 -0.16950292 -0.16678233 -0.16956057 -0.18502487 -0.20048917 -0.21595347 -0.23141777 -0.24270082 -0.23990815 -0.23803199 -0.22494059 -0.2118492 -0.1987578 -0.1856664 -0.17720689 -0.17767619 -0.17814548 -0.17861478 -0.17908408 -0.177929 -0.1801052 -0.18030392 -0.16955832 -0.15881272 -0.14806712 -0.13732152 -0.13423941 -0.14252144 -0.15330964 -0.16409784 -0.17488604 -0.18567424 -0.17165971 -0.17438224 -0.17739044 -0.18039864 -0.18340683 -0.18849738
-9999 -0.16808912 -0.1716108 -0.17513247 -0.17865415 -0.17837132 -0.17689493 -0.17267333 -0.16528339 -0.15894587 -0.1578482 -0.15675053 -0.15565287 -0.15792474 -0.16694431 -0.17509821 -0.17237762 -0.16965702 -0.16693643 -0.16971467 -0.18517897 -0.20064327 -0.21610757 -0.22044919 -0.2149682 -0.21217554 -0.21658824 -0.22012465 -0.20703326 -0.19394186 -0.18085046 -0.17239095 -0.17286025 -0.17332954 -0.17379884 -0.17109282 -0.16654639 -0.16872259 -0.18051645 -0.18718461 -0.17643901 -0.16569341 -0.15494781 -0.1518657 -0.15429277 -0.16036047 -0.17114867 -0.18193686 -0.19272506 -0.17871053 -0.16040942 -0.15796132 -0.16096951 -0.16397771 -0.16906826
-9999 -0.16789484 -0.17141652 -0.17436445 -0.17288807 -0.17141168 -0.16993529 -0.16571368 -0.15832375 -0.15093381 -0.14354387 -0.14127369 -0.14017602 -0.14244789 -0.15146746 -0.16048703 -0.1695066 -0.16981112 -0.16709053 -0.16986877 -0.18533307 -0.20079737 -0.19819757 -0.19271658 -0.18723559 -0.18444292 -0.18885562 -0.19326832 -0.19768103 -0.18912592 -0.17603452 -0.16757501 -0.16804431 -0.1685136 -0.16425663 -0.15971021 -0.15516378 -0.15733998 -0.16913384 -0.1809277 -0.19272157 -0.1833197 -0.1725741 -0.16949199 -0.17191906 -0.17434613 -0.17819949 -0.18898769 -0.19977589 -0.18576136 -0.16746025 -0.14915914 -0.14154039 -0.14454859 -0.14963913
-9999 -0.16770056 -0.1688812 -0.16740481 -0.16592842 -0.16445203 -0.16297564 -0.15875404 -0.1513641 -0.14397416 -0.13658423 -0.12919429 -0.12469917 -0.12697105 -0.13599062 -0.14501019 -0.15402976 -0.16304933 -0.16724462 -0.17002287 -0.18142693 -0.17594594 -0.17046495 -0.16498396 -0.15950297 -0.15671031 -0.16112301 -0.16553571 -0.16994841 -0.17436111 -0.17121858 -0.16275907 -0.16196687 -0.15742045 -0.15287402 -0.1483276 -0.14378117 -0.14595737 -0.15775123 -0.16954509 -0.18133896 -0.19313282 -0.19020039 -0.18711828 -0.18954535 -0.19197242 -0.19439949 -0.19682656 -0.20682671 -0.19281219 -0.17451107 -0.15620996 -0.13790885 -0.12511946 -0.13021001
-9999 -0.16433146 -0.16285507 -0.16137868 -0.15990229 -0.15842591 -0.15694952 -0.15472079 -0.14733086 -0.13994092 -0.13255098 -0.12516104 -0.11777111 -0.1144172 -0.12343677 -0.13245634 -0.14147591 -0.15049548 -0.15951505 -0.16414987 -0.15866888 -0.15318789 -0.14770691 -0.14222592 -0.13674493 -0.13181614 -0.13622884 -0.14064154 -0.14505424 -0.14946695 -0.15387965 -0.1552322 -0.15068578 -0.14613935 -0.14159293 -0.1370465 -0.13250008 -0.1363432 -0.14813706 -0.15993092 -0.17172479 -0.18351865 -0.19531251 -0.20177604 -0.20420311 -0.20663018 -0.20905725 -0.21148432 -0.21391139 -0.19866477 -0.18036366 -0.16206255 -0.14376144 -0.12546033 -0.11871468
-9999 -0.16294854 -0.16147215 -0.15999576 -0.15851937 -0.15743357 -0.1647524 -0.16524305 -0.15785311 -0.15046318 -0.14307324 -0.1356833 -0.12536934 -0.12025762 -0.12611999 -0.13444109 -0.14346066 -0.15248023 -0.1614998 -0.16613462 -0.16065363 -0.15517264 -0.14969165 -0.14421067 -0.13725975 -0.13101435 -0.12748982 -0.12986539 -0.1342781 -0.1386908 -0.1431035 -0.14445606 -0.13990963 -0.13536321 -0.13081678 -0.12627035 -0.12887201 -0.13552501 -0.14731888 -0.15911274 -0.1709066 -0.18256616 -0.19276576 -0.19971427 -0.20409581 -0.20652288 -0.20894995 -0.21137702 -0.21380409 -0.19855747 -0.18025636 -0.16195525 -0.14365414 -0.14059523 -0.14668087
-9999 -0.16156562 -0.16008923 -0.15861284 -0.16063701 -0.16795583 -0.17527466 -0.17576531 -0.16837537 -0.16098544 -0.15274115 -0.14214938 -0.13155761 -0.12644588 -0.13230825 -0.13817063 -0.14544541 -0.15446498 -0.16348455 -0.16811937 -0.16263838 -0.15715739 -0.15139628 -0.14413572 -0.13687516 -0.13062976 -0.12710523 -0.1235807 -0.12350195 -0.12791465 -0.13232735 -0.13367991 -0.12913348 -0.12458706 -0.12193459 -0.1249942 -0.12805382 -0.13470683 -0.14650069 -0.15829456 -0.16949652 -0.17969611 -0.18989571 -0.19684422 -0.20145556 -0.20606691 -0.20884266 -0.21126973 -0.2136968 -0.19845018 -0.18014907 -0.16184796 -0.16427085 -0.16856142 -0.17464706
-9999 -0.1601827 -0.15870631 -0.16384044 -0.17115927 -0.17847809 -0.18579692 -0.18628757 -0.17889763 -0.16952119 -0.15892942 -0.14833765 -0.13774588 -0.13263415 -0.13849652 -0.14435889 -0.15022126 -0.15644973 -0.1654693 -0.17010412 -0.16462313 -0.15827226 -0.1510117 -0.14375114 -0.13649058 -0.13024518 -0.12672065 -0.12319612 -0.11967159 -0.1171385 -0.1215512 -0.12290376 -0.11835733 -0.11805679 -0.1211164 -0.12417602 -0.12723564 -0.13388865 -0.14568251 -0.15642687 -0.16662647 -0.17682606 -0.18702566 -0.19397417 -0.19858552 -0.20319686 -0.20780821 -0.21116243 -0.2135895 -0.19834288 -0.18365589 -0.18794647 -0.19223704 -0.19652761 -0.20261325
-9999 -0.15972505 -0.16704388 -0.1743627 -0.18168153 -0.18900035 -0.19631918 -0.19680983 -0.18630122 -0.17570945 -0.16511768 -0.15452591 -0.14393414 -0.13882241 -0.14468479 -0.15054716 -0.15640953 -0.1622719 -0.16813428 -0.17208887 -0.16514823 -0.15788767 -0.15062711 -0.14336655 -0.13610599 -0.12986059 -0.12633606 -0.12281153 -0.119287 -0.11576247 -0.11223794 -0.11212761 -0.11417898 -0.1172386 -0.12029822 -0.12335784 -0.12641745 -0.13307046 -0.14335723 -0.15355682 -0.16375642 -0.17395602 -0.18415561 -0.19110412 -0.19571547 -0.20032681 -0.20493816 -0.2095495 -0.2134822 -0.20733152 -0.21162209 -0.21591266 -0.22020323 -0.2244938 -0.23057945
-9999 -0.17041901 -0.17773783 -0.18505666 -0.19237548 -0.19969431 -0.2056713 -0.21253003 -0.21089185 -0.20030008 -0.18970831 -0.17911654 -0.16852477 -0.15950669 -0.15908818 -0.16495055 -0.17081292 -0.1766753 -0.18253767 -0.18443186 -0.1771713 -0.16991074 -0.16265018 -0.15538962 -0.14794081 -0.14268519 -0.14337685 -0.13985232 -0.13632779 -0.13280326 -0.12927873 -0.12800313 -0.13106275 -0.13412237 -0.13718198 -0.1402416 -0.14250237 -0.15018675 -0.16398564 -0.17418523 -0.18438483 -0.19458443 -0.20478402 -0.20858795 -0.21188396 -0.2164953 -0.22110665 -0.22571799 -0.23032934 -0.24058201 -0.24487258 -0.24916315 -0.25345372 -0.25774429 -0.25700149
