P2_models/J1_p2_vp_slide_diff2_80.dat.tif
NCOLS 118
NROWS 92
XLLCORNER 139.62
YLLCORNER -39.07
DX 0.099491525
DY 0.099347826
NODATA_VALUE -9999
[rows 0 to 23 of 92, columns 54 to 107 of 118]
-9999 -9999 -9999 -9999 -9999 -9999 -9999 -9999 -9999 -9999 -9999 -9999 -9999 -9999 -9999 -9999 -9999 -9999 -9999 -9999 -9999 -9999 -9999 -9999 -9999 -9999 -9999 -9999 -9999 -9999 -9999 -9999 -9999 -9999 -9999 -9999 -9999 -9999 -9999 -9999 -9999 -9999 -9999 -9999 -9999 -9999 -9999 -9999 -9999 -9999 -9999 -9999 -9999 -9999
0.02575432 0.030067972 0.031036415 0.032004859 0.032973302 0.033941746 0.027893215 0.023336261 0.020483342 0.017630422 0.014777503 0.011924583 0.0077986635 0.0046268736 0.0014550838 -0.001716706 -0.0048884959 -0.0032425302 0.0045682915 0.012379113 0.020189935 0.028000757 0.02879909 0.031021489 0.030196273 0.029371056 0.02854584 0.027720623 0.023611761 0.017985797 0.012359832 0.0067338681 0.002942841 -1.6232728e-05 -0.011352698 -0.013191226 -0.015029754 -0.016868283 -0.018827674 -0.024720304 -0.030612933 -0.036505563 -0.042398192 -0.052056747 -0.055242064 -0.07974721 -0.10425235 -0.1287575 -0.15326265 -0.16108358 -0.16672122 -0.1726338 -0.17854639 -0.18445897
0.016765618 0.023448962 0.028705467 0.02967391 0.030642354 0.031610797 0.025562266 0.014745406 0.0088745481 0.0060216286 0.0031687091 0.00031578961 -0.0040187071 -0.0083705127 -0.011542303 -0.014714092 -0.017885882 -0.016239917 -0.0084290948 -0.00061827309 0.0071925486 0.0068425586 0.0057814403 0.0089931394 0.011629613 0.010804396 0.0099791798 0.0091539633 0.0050451008 -0.00058086336 -0.0062068275 -0.0084665414 0.00083666707 -0.0021224066 -0.027177001 -0.040894781 -0.04273331 -0.044571838 -0.046531229 -0.052423859 -0.058316488 -0.064209118 -0.074225932 -0.085995 -0.085111275 -0.084762826 -0.10926797 -0.13377312 -0.15827826 -0.1660992 -0.16596628 -0.17136112 -0.1772737 -0.18318628
0.0077769168 0.01446026 0.021143603 0.027342962 0.028311405 0.029279849 0.023231318 0.012414457 0.0015975966 -0.0055871649 -0.0084400844 -0.011293004 -0.015627501 -0.020012906 -0.024398312 -0.027711479 -0.030883269 -0.029237303 -0.021426481 -0.013957167 -0.015066129 -0.016175091 -0.017236209 -0.01402451 -0.010812811 -0.0077622636 -0.0085874801 -0.0094126966 -0.013521559 -0.019147523 -0.019875924 -0.010572715 -0.0012695068 -0.0042285806 -0.029283175 -0.054337769 -0.070436865 -0.072275393 -0.074234785 -0.080127414 -0.086020044 -0.096395118 -0.10816418 -0.11993325 -0.11904953 -0.11681824 -0.11458695 -0.13878873 -0.16329388 -0.17111481 -0.17098189 -0.17084897 -0.17600101 -0.18191359
-0.0012117848 0.0054715585 0.012154902 0.018838245 0.025521588 0.0269489 0.02090037 0.010083509 -0.0007333518 -0.011550213 -0.020048878 -0.022901797 -0.027236294 -0.0316217 -0.036007105 -0.040392511 -0.043880655 -0.042234689 -0.035865854 -0.036974816 -0.038083778 -0.03919274 -0.040253859 -0.03704216 -0.03383046 -0.030618761 -0.027407062 -0.027979356 -0.032088219 -0.031285306 -0.021982098 -0.012678889 -0.0033756808 -0.0063347545 -0.031389349 -0.056443943 -0.081498537 -0.099978948 -0.10193834 -0.10783097 -0.1185643 -0.13033337 -0.14210244 -0.1538715 -0.15298778 -0.15075649 -0.1485252 -0.14629391 -0.16830949 -0.17613043 -0.17599751 -0.17586459 -0.17573167 -0.18064091
-0.010200486 -0.0035171431 0.0031662001 0.0098495434 0.016532887 0.02321623 0.018569421 0.0077525606 -0.0030643002 -0.013881161 -0.024698022 -0.034510591 -0.038845088 -0.043230493 -0.047615899 -0.052001304 -0.05638671 -0.057774542 -0.058883504 -0.059992466 -0.061101428 -0.06221039 -0.063271508 -0.060059809 -0.05684811 -0.053636411 -0.050424712 -0.047213013 -0.042694689 -0.03339148 -0.024088272 -0.014785063 -0.0054818547 -0.0084409284 -0.033495523 -0.058550117 -0.083604711 -0.10865931 -0.1296419 -0.14073349 -0.15250255 -0.16427162 -0.17604069 -0.18780976 -0.18692603 -0.18469474 -0.18246345 -0.18023217 -0.17800088 -0.18114605 -0.18101313 -0.18088021 -0.18074728 -0.18061436
0.0027251283 0.0094084715 0.016091815 0.022775158 0.029458501 0.029084933 0.020698455 0.0098358109 -0.00098104991 -0.011797911 -0.022614771 -0.033431632 -0.038030689 -0.042416095 -0.0468015 -0.051186906 -0.058198218 -0.064441037 -0.065549999 -0.066658962 -0.067767924 -0.068866551 -0.062852722 -0.05874069 -0.055528991 -0.052317292 -0.049105593 -0.045893894 -0.038515686 -0.029212477 -0.019909269 -0.01060606 -0.0044654814 -0.015355674 -0.043422723 -0.068477317 -0.093531911 -0.11858651 -0.14324502 -0.15501409 -0.16678316 -0.17855222 -0.19032129 -0.1903413 -0.18810985 -0.18587857 -0.18364728 -0.18141599 -0.17539099 -0.17263934 -0.17250642 -0.1723735 -0.17224057 -0.17761796
0.019122593 0.025805936 0.032489279 0.039172622 0.036647604 0.03199371 0.023607233 0.012684307 0.0018015347 -0.009015326 -0.019832187 -0.030649048 -0.035248105 -0.03963351 -0.044018916 -0.052019364 -0.062274227 -0.068517046 -0.069626008 -0.07073497 -0.0707815 -0.064746787 -0.058732958 -0.054584349 -0.05043574 -0.047142539 -0.04393084 -0.040719141 -0.033340932 -0.024037724 -0.014734515 -0.0098057008 -0.010117316 -0.021007508 -0.050959338 -0.07964359 -0.10469818 -0.12975278 -0.1544113 -0.16618036 -0.17794943 -0.1897185 -0.18856879 -0.18633589 -0.18410445 -0.18187316 -0.17964187 -0.17298675 -0.16474196 -0.16199031 -0.16185739 -0.16172447 -0.1677055 -0.17726305
0.035520057 0.0422034 0.048864169 0.044210275 0.039556381 0.034902488 0.02651601 0.015593084 0.0046701584 -0.0062327414 -0.017049602 -0.027866463 -0.03246552 -0.036850925 -0.04584051 -0.056095373 -0.066350236 -0.072593055 -0.073702017 -0.07269645 -0.066661736 -0.060627023 -0.054613194 -0.050464585 -0.046315976 -0.042167367 -0.038756086 -0.035544387 -0.028166179 -0.01886297 -0.01514592 -0.015457535 -0.01576915 -0.026659343 -0.056611173 -0.086563002 -0.11586446 -0.14091905 -0.16557757 -0.17734664 -0.18902919 -0.18679629 -0.18456338 -0.18233048 -0.18009904 -0.17786775 -0.17058251 -0.16233772 -0.15409293 -0.15134128 -0.15120836 -0.15779304 -0.16735059 -0.17690815
0.051917521 0.05642684 0.051772946 0.047119053 0.042465159 0.037811265 0.029424788 0.018501862 0.0075789359 -0.00334399 -0.014266916 -0.025083878 -0.029682935 -0.039661656 -0.049916519 -0.060171381 -0.070426244 -0.076669064 -0.0746114 -0.068576686 -0.062541972 -0.056507258 -0.05049343 -0.046344821 -0.042196212 -0.038047603 -0.033898994 -0.030369634 -0.022991425 -0.02048614 -0.020797755 -0.02110937 -0.021420985 -0.032311177 -0.062263007 -0.092214837 -0.12216667 -0.15208532 -0.17674384 -0.18725668 -0.18502378 -0.18279088 -0.18055798 -0.17832507 -0.17609363 -0.16817826 -0.15993348 -0.15168869 -0.1434439 -0.14069225 -0.14788058 -0.15743814 -0.16699569 -0.17655324
0.062860842 0.058206948 0.053553054 0.04889916 0.044245267 0.039591373 0.031974407 0.021051481 0.010128555 -0.00079437057 -0.011717296 -0.022640222 -0.032917278 -0.043172141 -0.053427004 -0.063681867 -0.073936729 -0.07566438 -0.069629666 -0.063594953 -0.057560239 -0.051525525 -0.046023939 -0.043575859 -0.03942725 -0.035278641 -0.031130032 -0.026981423 -0.025883547 -0.026195162 -0.026506777 -0.026818392 -0.027130007 -0.03925601 -0.06920784 -0.09915967 -0.1291115 -0.15906333 -0.18805565 -0.18582275 -0.18358984 -0.18135694 -0.17912404 -0.17648199 -0.16792494 -0.15968016 -0.15143537 -0.14319059 -0.1349458 -0.13839312 -0.14795068 -0.15750823 -0.16706579 -0.17662334
0.057243964 0.05259007 0.047936176 0.043282283 0.038628389 0.034524207 0.028993801 0.021247279 0.010324353 -0.00059857256 -0.011521498 -0.022444424 -0.03272148 -0.042976343 -0.053231206 -0.063486069 -0.067043831 -0.065033542 -0.058998828 -0.052964114 -0.0469294 -0.041604221 -0.038207955 -0.046666049 -0.045511062 -0.041362453 -0.037213845 -0.033065236 -0.031967359 -0.032278974 -0.032590589 -0.032902204 -0.029400558 -0.041509853 -0.084626623 -0.11457845 -0.14453028 -0.17448211 -0.20347443 -0.20124153 -0.19900863 -0.19677573 -0.19356937 -0.18208044 -0.1735234 -0.16527862 -0.15703383 -0.14878904 -0.13825668 -0.14124855 -0.1508061 -0.16036365 -0.16992121 -0.1790285
0.051627086 0.046973192 0.042319299 0.037713241 0.033660383 0.029607524 0.024077119 0.017542658 0.010520151 -0.00040277456 -0.0113257 -0.022248626 -0.032525682 -0.042780545 -0.053035408 -0.055278247 -0.056412993 -0.054402703 -0.04836799 -0.042333276 -0.037317239 -0.033788237 -0.030391972 -0.038850066 -0.04730816 -0.047446266 -0.043297657 -0.039149048 -0.038051172 -0.038362787 -0.038674402 -0.03452672 -0.028539958 -0.040649253 -0.085366 -0.12999724 -0.15994906 -0.18990089 -0.21889321 -0.21666031 -0.21442741 -0.21065676 -0.19916783 -0.1876789 -0.17912186 -0.17087707 -0.16263229 -0.15189258 -0.1411121 -0.14410397 -0.15366152 -0.16321908 -0.17230456 -0.18131929
0.046010208 0.041356315 0.036849417 0.032796559 0.0287437 0.024690842 0.019160436 0.012625975 0.0060915139 -0.0004429474 -0.011129902 -0.022052828 -0.032329884 -0.042377916 -0.043512662 -0.044647409 -0.045782155 -0.043771865 -0.037737151 -0.033030257 -0.029501255 -0.025972254 -0.022575989 -0.031034083 -0.039492176 -0.04795027 -0.04938147 -0.045232861 -0.044134984 -0.044446599 -0.039652881 -0.033666119 -0.027679357 -0.039788652 -0.0845054 -0.12922215 -0.1739389 -0.20531968 -0.234312 -0.23207909 -0.22774415 -0.21625522 -0.20476629 -0.19327736 -0.18472032 -0.17630896 -0.16552848 -0.154748 -0.14396752 -0.14695939 -0.15651694 -0.16558063 -0.17459536 -0.18361009
0.040393331 0.035985593 0.031932734 0.027879876 0.023827018 0.019774159 0.014243754 0.0077092926 0.0011748313 -0.0053596299 -0.011894091 -0.02185703 -0.030612332 -0.031747078 -0.032881824 -0.03401657 -0.035151316 -0.033141027 -0.028743275 -0.025214273 -0.021685272 -0.018156271 -0.014760006 -0.023218099 -0.031676193 -0.040134287 -0.048592381 -0.051316673 -0.050218797 -0.044779042 -0.03879228 -0.032805518 -0.026818757 -0.038928052 -0.083644799 -0.12836155 -0.17307829 -0.21779504 -0.24973078 -0.24483154 -0.2333426 -0.22185367 -0.21036474 -0.19887581 -0.18994487 -0.17916439 -0.16838391 -0.15760342 -0.14682294 -0.14981481 -0.1588567 -0.16787143 -0.17688615 -0.18590088
0.034066105 0.031448473 0.027395615 0.023342756 0.019289898 0.01523704 0.010437317 0.0039028561 -0.0026316052 -0.0091660664 -0.015700528 -0.022234989 -0.023924407 -0.025059153 -0.026193899 -0.027328645 -0.028463391 -0.027552286 -0.024023285 -0.020494283 -0.016965282 -0.013436281 -0.011700955 -0.021612147 -0.030070241 -0.038528335 -0.046986428 -0.055444522 -0.054022532 -0.04803577 -0.042049008 -0.036062246 -0.030075485 -0.035970695 -0.080687443 -0.12540419 -0.17012094 -0.21483769 -0.2578788 -0.24638987 -0.23490094 -0.22341201 -0.21192308 -0.20188179 -0.19172525 -0.18094477 -0.17016428 -0.1593838 -0.14860332 -0.15534955 -0.16436428 -0.17337901 -0.18239374 -0.19140846
0.017663145 0.024324813 0.02374046 0.019687602 0.015634743 0.011581885 0.0072667959 0.0026762275 -0.0038582338 -0.010392695 -0.016927156 -0.023461618 -0.025807734 -0.027533125 -0.028667872 -0.029802618 -0.030937364 -0.030026258 -0.026497257 -0.022968256 -0.019439254 -0.018261504 -0.0195321 -0.032424137 -0.042894143 -0.051352237 -0.05981033 -0.068268424 -0.066846433 -0.060859672 -0.05487291 -0.048886148 -0.046004831 -0.052649575 -0.075245414 -0.11757474 -0.16229148 -0.20700823 -0.25004934 -0.23856041 -0.22707148 -0.21558255 -0.20606762 -0.20087943 -0.19087014 -0.18022714 -0.16944666 -0.15866617 -0.14788569 -0.15924312 -0.1773465 -0.18636123 -0.19537596 -0.20439069
0.0012601843 0.0079218526 0.014583521 0.016032447 0.011979589 0.0079267305 0.0036116414 -0.00088164462 -0.0053749306 -0.011619324 -0.018153785 -0.024688246 -0.027034363 -0.029236562 -0.031141844 -0.03227659 -0.033411336 -0.03250023 -0.028971229 -0.025442228 -0.024952182 -0.026092649 -0.027363245 -0.040255282 -0.053147319 -0.064176139 -0.072634232 -0.081092326 -0.079670335 -0.073683574 -0.067696812 -0.065291787 -0.063084202 -0.069728946 -0.092324785 -0.11492062 -0.15446203 -0.19917878 -0.24221989 -0.23073096 -0.21924203 -0.21025346 -0.20506527 -0.19987708 -0.18986778 -0.17934502 -0.16872903 -0.15794855 -0.14716806 -0.15852549 -0.18043671 -0.19934346 -0.20835819 -0.21737291
-0.015142776 -0.0084811076 -0.0018194394 0.0048422289 0.0083244344 0.004271576 -4.3513091e-05 -0.0045367991 -0.0090300851 -0.013523371 -0.019380413 -0.025914875 -0.028260991 -0.030463191 -0.03266539 -0.034750562 -0.035885308 -0.034974203 -0.031445201 -0.031642859 -0.032783327 -0.033923795 -0.03519439 -0.048086427 -0.060978464 -0.073870501 -0.085458134 -0.093916228 -0.092494237 -0.086786329 -0.084578744 -0.082371158 -0.080163573 -0.086808317 -0.10940416 -0.132 -0.15459584 -0.19134932 -0.23439043 -0.2229015 -0.21443929 -0.2092511 -0.20406291 -0.19887472 -0.18886543 -0.17834267 -0.16781991 -0.15723092 -0.14645043 -0.15780786 -0.17971908 -0.20163029 -0.22134041 -0.23035514
-0.031545736 -0.024884068 -0.0182224 -0.011560731 -0.004899063 0.00061642156 -0.0036986676 -0.0081919536 -0.01268524 -0.017178526 -0.021671812 -0.027141503 -0.02948762 -0.031689819 -0.033892019 -0.036094219 -0.038296418 -0.037448175 -0.038333537 -0.039474005 -0.040614472 -0.04175494 -0.043025536 -0.055917572 -0.068809609 -0.081701646 -0.094593683 -0.10674013 -0.10607329 -0.1038657 -0.10165811 -0.099450529 -0.097242944 -0.10388769 -0.12648353 -0.14907937 -0.17167521 -0.19427105 -0.22656098 -0.21862513 -0.21343694 -0.20824875 -0.20306056 -0.19787237 -0.18786307 -0.17734031 -0.16681755 -0.15629479 -0.14573281 -0.15709023 -0.17900145 -0.20091266 -0.22282388 -0.24333736
-0.037649548 -0.03098788 -0.024326212 -0.017664543 -0.011002875 -0.008203722 -0.0044323534 -0.0076097057 -0.012102992 -0.016596278 -0.021089564 -0.02558285 -0.027861159 -0.030063358 -0.032265558 -0.034467758 -0.036542143 -0.037593699 -0.038734167 -0.039874634 -0.041015102 -0.04215557 -0.04468157 -0.066360104 -0.07925214 -0.092144177 -0.10503621 -0.11792825 -0.12049235 -0.11828477 -0.11607718 -0.1138696 -0.11166201 -0.1063275 -0.12816026 -0.1507561 -0.17335194 -0.19594778 -0.21771531 -0.21252712 -0.20733893 -0.20215074 -0.19696255 -0.19296857 -0.18317974 -0.17265698 -0.16213422 -0.15161146 -0.14680791 -0.16426411 -0.18617533 -0.20808655 -0.22999776 -0.25004032
-0.035984521 -0.029322853 -0.022661184 -0.015999516 -0.015879451 -0.023335453 -0.019564084 -0.0081632437 -0.0083243922 -0.012817678 -0.017310964 -0.02180425 -0.024082559 -0.026284759 -0.028486959 -0.030355725 -0.031337797 -0.032389353 -0.03352982 -0.034670288 -0.035810756 -0.038319014 -0.04140901 -0.068230424 -0.091664489 -0.10455653 -0.11744856 -0.1303406 -0.1329047 -0.13069711 -0.12848953 -0.12413872 -0.10475683 -0.099401058 -0.11931907 -0.14081434 -0.16341018 -0.18600602 -0.20777355 -0.20258536 -0.19739717 -0.19220898 -0.18840634 -0.18550861 -0.17571977 -0.16519701 -0.15467425 -0.15182327 -0.15993451 -0.17739071 -0.19930192 -0.22121314 -0.24080302 -0.25544738
-0.034319494 -0.027657825 -0.020996157 -0.023555181 -0.031011182 -0.038467184 -0.034695815 -0.023294974 -0.011894134 -0.0090390788 -0.013532365 -0.018025651 -0.02030396 -0.02250616 -0.024169307 -0.025151379 -0.026133451 -0.027185006 -0.028325474 -0.029465941 -0.032222185 -0.035046454 -0.03813645 -0.064957864 -0.091779277 -0.11696887 -0.12986091 -0.14275295 -0.14531705 -0.14310946 -0.13659416 -0.11721227 -0.097830384 -0.092474612 -0.11239263 -0.13231064 -0.15346843 -0.17606427 -0.19783179 -0.1926436 -0.18745541 -0.18384412 -0.18094638 -0.17804864 -0.16825981 -0.15773705 -0.15683863 -0.16494987 -0.1730611 -0.1905173 -0.21242852 -0.23156572 -0.24621008 -0.26085443
-0.032654466 -0.025992798 -0.03123091 -0.038686911 -0.046142913 -0.053598914 -0.049827546 -0.038426705 -0.027025865 -0.015625024 -0.0097537654 -0.014247051 -0.01652536 -0.017982889 -0.018964961 -0.019947032 -0.020929104 -0.02198066 -0.023301086 -0.026125355 -0.028949625 -0.031773895 -0.034863891 -0.061685304 -0.088506718 -0.11532813 -0.14214954 -0.1551653 -0.1577294 -0.1490496 -0.12966771 -0.11028583 -0.090903939 -0.085548166 -0.10546618 -0.1253842 -0.14530221 -0.16612251 -0.18789003 -0.18270184 -0.17928189 -0.17638415 -0.17348642 -0.17058868 -0.16079984 -0.16185399 -0.16996522 -0.17807646 -0.1861877 -0.2036439 -0.22232842 -0.23697278 -0.25161714 -0.26626149
