P2_models/J1_p2_vp_slide_diff2_140.dat.tif
NCOLS 118
NROWS 92
XLLCORNER 139.62
YLLCORNER -39.07
DX 0.099491525
DY 0.099347826
NODATA_VALUE -9999
[rows 24 to 47 of 92, columns 54 to 107 of 118]
0.074353185 0.072509393 0.070665602 0.068821811 0.06697802 0.065134229 0.06823051 0.074683779 0.081137048 0.087590317 0.094043586 0.0983523 0.09547685 0.092629402 0.089781955 0.086934507 0.08408706 0.081496161 0.07957229 0.077648418 0.075724547 0.073800676 0.071704076 0.054181554 0.036659031 0.019136509 0.0016139862 -0.015908536 -0.015857481 -0.0092185802 -0.0025796797 0.0040592209 0.010698121 0.011771772 0.002817347 -0.006137078 -0.015091503 -0.024045928 -0.033871369 -0.028419344 -0.022067688 -0.015716032 -0.0093643763 -0.0030127203 -0.0051194826 -0.011213721 -0.01730796 -0.023402198 -0.029496437 -0.039298294 -0.05023281 -0.061167327 -0.072101844 -0.08303636
0.073432885 0.073161241 0.07131745 0.069473659 0.067629868 0.065786077 0.067144273 0.072421063 0.078874332 0.085327601 0.09178087 0.098234139 0.094466921 0.091601925 0.088754478 0.08590703 0.083059583 0.080617282 0.07869341 0.076769539 0.074845668 0.072921797 0.071253339 0.055924914 0.038402391 0.020879869 0.0033573461 -0.014165176 -0.015161615 -0.0085227143 -0.0018838138 0.0047550867 0.0054803411 0.0020389299 0.0064054273 -0.0025489977 -0.011503423 -0.020457848 -0.028955959 -0.022604303 -0.016252647 -0.0099009905 -0.0035493344 -0.0021729603 -0.0081149365 -0.014220975 -0.020315214 -0.026409453 -0.032503691 -0.029833806 -0.036958045 -0.047892562 -0.058827079 -0.069761595
0.074405437 0.074591806 0.074705423 0.072861631 0.07101784 0.069174049 0.070532245 0.074066326 0.078789146 0.085242415 0.091695684 0.098148953 0.094381736 0.090263329 0.087184148 0.084336701 0.081489253 0.079046952 0.077123081 0.075199209 0.073325923 0.071819731 0.070162204 0.054989183 0.039816162 0.022434345 0.0049118225 -0.0126107 -0.013607138 -0.0069682379 -0.00032933739 -0.0020733673 -0.015027164 -0.018468575 -0.0047695308 0.0024520027 -0.0065024223 -0.015456847 -0.023954958 -0.017603302 -0.011251646 -0.00489999 -0.0040348343 -0.0038026874 -0.0097446636 -0.016344204 -0.022503191 -0.02859743 -0.034691668 -0.032021784 -0.025173782 -0.03119029 -0.042124807 -0.053059323
0.075377989 0.075564358 0.075750727 0.075937096 0.074405812 0.072562021 0.073920217 0.077454298 0.080988379 0.08515723 0.091610499 0.098063768 0.09429655 0.090178144 0.086059737 0.082766371 0.079918923 0.077476622 0.075552751 0.073740979 0.072234788 0.070728596 0.069071069 0.053898048 0.038725027 0.023552007 0.0064662989 -0.011056224 -0.012052662 -0.0054137615 -0.0096270758 -0.022580872 -0.035534669 -0.03897608 -0.025277036 -0.011577991 -0.0015014218 -0.010455847 -0.018953958 -0.012602302 -0.0062506456 -0.0058967083 -0.0056645614 -0.0054324145 -0.011374391 -0.017973931 -0.024573472 -0.030785407 -0.036879646 -0.034209761 -0.027361759 -0.020513757 -0.025422535 -0.036357051
0.076350541 0.07653691 0.076723279 0.076909648 0.077096016 0.075949994 0.077308189 0.080842271 0.084376352 0.087910433 0.091525313 0.097978583 0.094211365 0.090092958 0.085974552 0.081856145 0.078348594 0.075906292 0.074156035 0.072649844 0.071143653 0.069637461 0.067979934 0.052806913 0.037633892 0.022460872 0.0072878508 -0.0095017472 -0.010498186 -0.017180784 -0.030134581 -0.043088378 -0.056042174 -0.059483585 -0.045784541 -0.032085496 -0.018386452 -0.0054548463 -0.013952957 -0.0079907292 -0.0077585823 -0.0075264354 -0.0072942885 -0.0070621416 -0.013004118 -0.019603659 -0.026203199 -0.03280274 -0.039067623 -0.036397738 -0.029549737 -0.022701735 -0.015853733 -0.019654779
0.076356171 0.07654254 0.076728909 0.076915278 0.077101647 0.077288016 0.078602509 0.08213659 0.085670671 0.089204752 0.092738833 0.096272914 0.092501677 0.088383271 0.084264864 0.080146458 0.076028051 0.073055548 0.071549357 0.070043166 0.068536975 0.067030784 0.065819105 0.052011771 0.03683875 0.021665729 0.0064927083 -0.0086803124 -0.022335414 -0.035289211 -0.048243007 -0.061196804 -0.074150601 -0.077401361 -0.063702317 -0.050003272 -0.036304228 -0.022605183 -0.0093076223 -0.0090754755 -0.0088433286 -0.0086111817 -0.0083790348 -0.0084600065 -0.014698387 -0.021297928 -0.027897469 -0.034497009 -0.04109655 -0.039490453 -0.032642451 -0.025794449 -0.018946448 -0.012098446
0.074713043 0.069133701 0.06877453 0.068960899 0.069147268 0.069333637 0.067516305 0.06619528 0.069729361 0.073263442 0.076797523 0.080331604 0.077177442 0.073300157 0.06918175 0.065063344 0.060944937 0.057972435 0.056466243 0.054960052 0.053453861 0.052651506 0.053593193 0.050735533 0.038480314 0.023307293 0.0081342726 -0.0070387482 -0.02069385 -0.033647646 -0.046601443 -0.05955524 -0.068899702 -0.070075505 -0.060300605 -0.046601561 -0.032902516 -0.019203472 -0.0059059105 -0.0056737636 -0.0054416167 -0.0052094698 -0.0065294646 -0.021128968 -0.019955536 -0.023523531 -0.030123071 -0.036722612 -0.043322153 -0.046116022 -0.043183255 -0.036335254 -0.029487252 -0.02263925
0.073618526 0.068039184 0.062459841 0.06100652 0.061192889 0.061379258 0.059561926 0.056382994 0.053788051 0.057322132 0.060856213 0.064390294 0.061236132 0.057852154 0.054098637 0.04998023 0.045861824 0.042889321 0.04138313 0.039876938 0.039441364 0.040425593 0.04136728 0.038509621 0.035651961 0.024948858 0.0097758369 -0.0053971839 -0.019052286 -0.032006082 -0.044959879 -0.053552332 -0.060539265 -0.061715069 -0.052419744 -0.04312442 -0.029500804 -0.01580176 -0.0025041987 -0.0022720518 -0.0020399049 -0.0045989228 -0.019198426 -0.03379793 -0.032624497 -0.029771195 -0.032348674 -0.038948215 -0.045547756 -0.048341625 -0.049321219 -0.046876058 -0.040028056 -0.033180055
0.072524009 0.066944667 0.061365324 0.055785981 0.05323851 0.053424879 0.051607547 0.048428615 0.045249683 0.042070751 0.044914903 0.048448984 0.045294823 0.041910844 0.038526866 0.034897116 0.03077871 0.027806207 0.026300016 0.026231223 0.027215452 0.028199681 0.029141368 0.026283708 0.023426049 0.020568389 0.011417401 -0.0037556196 -0.017410721 -0.030364518 -0.038204962 -0.045191895 -0.052178828 -0.053354632 -0.044059308 -0.034763984 -0.025468659 -0.012400048 0.00089751318 0.0011296601 -0.0026683809 -0.017267884 -0.031867388 -0.046466891 -0.045293459 -0.042440157 -0.039586855 -0.041173818 -0.047773358 -0.050567228 -0.051546821 -0.052526415 -0.050568861 -0.043720859
0.071429492 0.065850149 0.060270807 0.054691464 0.049112122 0.045470501 0.043653168 0.040474236 0.037295304 0.034116373 0.030937441 0.032507675 0.029353513 0.025969535 0.022585556 0.019201578 0.015695596 0.012723093 0.013021081 0.01400531 0.014989539 0.015973768 0.016915455 0.014057796 0.011200136 0.0083424769 0.0054848175 -0.0021140553 -0.015769157 -0.022857592 -0.029844525 -0.036831459 -0.043818392 -0.044994195 -0.035698871 -0.026403547 -0.017108223 -0.0078128984 0.004299225 -0.000737839 -0.015337342 -0.029936846 -0.044536349 -0.059135853 -0.057962421 -0.055109118 -0.052255816 -0.049402514 -0.049998961 -0.05279283 -0.053772424 -0.054752018 -0.055731611 -0.054261663
0.070839907 0.066400646 0.060821303 0.05524196 0.049662618 0.044083275 0.040424143 0.037245211 0.034066279 0.030887348 0.027708416 0.024529484 0.016877562 0.013493584 0.010109606 0.0067256275 0.0033416493 0.001873878 0.0028581071 0.0038423362 0.0048265654 0.0058107945 0.0085184315 0.0087088437 0.0058511843 0.0029935249 0.00013586548 -0.0027217939 -0.0084038203 -0.015390753 -0.022377687 -0.02936462 -0.036351553 -0.042294041 -0.034354967 -0.025059643 -0.015764319 -0.0064689945 0.0021139627 -0.012485541 -0.027085044 -0.041684548 -0.056284051 -0.067715573 -0.068520149 -0.065666847 -0.062813545 -0.059960243 -0.057106941 -0.050561234 -0.051540827 -0.052520421 -0.053500015 -0.054479608
0.06820179 0.067477278 0.064084879 0.058505536 0.052926194 0.047346851 0.043833832 0.041724967 0.038630664 0.035451732 0.0322728 0.029093868 0.016546287 0.0067329641 0.003348986 -3.49921e-05 -0.0034189702 -0.0048867416 -0.0039025125 -0.0029182833 -0.0019340542 0.0014348723 0.0062250085 0.010569785 0.011844234 0.0089865745 0.0061289151 0.0032712557 -0.0024107707 -0.0093977039 -0.016384637 -0.02337157 -0.027129223 -0.032355587 -0.040588792 -0.035287934 -0.025992609 -0.016697285 -0.0081143279 -0.022713831 -0.037313335 -0.051912838 -0.062289517 -0.06703936 -0.071124277 -0.072742572 -0.06988927 -0.067035968 -0.064182666 -0.053531683 -0.041958082 -0.042937675 -0.043917269 -0.044896862
0.065563673 0.064839162 0.06411465 0.061769113 0.05618977 0.050610427 0.047097408 0.044988543 0.042879678 0.040016117 0.036837185 0.033658253 0.021110671 0.0082411712 -0.0034116335 -0.0067956117 -0.01017959 -0.011647361 -0.010663132 -0.0096789029 -0.0056536737 -0.00085855071 0.0039315855 0.0082763617 0.012621138 0.014979624 0.012121965 0.0092643053 0.0035822789 -0.0034046542 -0.010075435 -0.013633102 -0.017190768 -0.022417133 -0.030650338 -0.038883543 -0.0362209 -0.026925576 -0.018342619 -0.032942122 -0.047541626 -0.056863462 -0.061613304 -0.066363147 -0.070448064 -0.074462164 -0.076964995 -0.074111693 -0.071258391 -0.060607408 -0.046239041 -0.033354929 -0.034334523 -0.035314117
0.062925556 0.062201045 0.061476533 0.060752022 0.059453346 0.053874003 0.050360984 0.048252119 0.046143254 0.044034389 0.04140157 0.038222638 0.025675056 0.012805556 -6.3944237e-05 -0.012933444 -0.016940209 -0.018407981 -0.017423752 -0.01274222 -0.0079470967 -0.0031519737 0.0016381626 0.0059829387 0.010327715 0.014672491 0.018115014 0.015257355 0.0095753285 0.003420686 -0.00013698079 -0.0036946476 -0.0072523143 -0.012478678 -0.020711884 -0.028945089 -0.037178294 -0.037153866 -0.028570909 -0.043170413 -0.051437406 -0.056187249 -0.060937091 -0.065686934 -0.069771851 -0.073785951 -0.077800051 -0.081187418 -0.078334116 -0.067683133 -0.053314766 -0.038946399 -0.024751777 -0.025731371
0.06028744 0.059562928 0.058838417 0.058113905 0.057389394 0.056664882 0.05362456 0.051515695 0.04940683 0.047297965 0.0451891 0.042787023 0.030239441 0.017369941 0.0045004405 -0.0083690597 -0.02123856 -0.024625889 -0.019830766 -0.015035643 -0.01024052 -0.0054453966 -0.00065526041 0.0036895157 0.0080342919 0.012379068 0.016723844 0.02106862 0.016916807 0.01335914 0.0098014734 0.0062438066 0.0026861398 -0.0025402243 -0.01077343 -0.019006635 -0.02723984 -0.035473045 -0.0387992 -0.046011351 -0.050761193 -0.055511035 -0.060260878 -0.06501072 -0.069095638 -0.073109738 -0.077123838 -0.081137939 -0.085152039 -0.074758858 -0.060390491 -0.046022124 -0.031653757 -0.01728539
0.049412653 0.048688141 0.04796363 0.047239118 0.046514607 0.051231933 0.052484974 0.049551546 0.047442681 0.045333816 0.043224951 0.041116086 0.028604051 0.015734551 0.0028650508 -0.010004449 -0.018585799 -0.016430937 -0.011635813 -0.0068406905 -0.0020455674 0.0027495556 -0.0030059594 0.0054466443 0.0097914204 0.014136197 0.018480973 0.022825749 0.021765362 0.018207695 0.014650028 0.011092361 0.0044203999 -0.0086156858 -0.014826631 -0.023059836 -0.031293041 -0.039526247 -0.047655604 -0.052405446 -0.057155289 -0.061905131 -0.066654974 -0.073530882 -0.077895727 -0.081909827 -0.085923927 -0.089938028 -0.087245821 -0.074653884 -0.060285517 -0.04591715 -0.031548783 -0.017538005
0.035752111 0.035027599 0.034303088 0.033578576 0.040625079 0.05070215 0.051955191 0.047211932 0.043710442 0.041601577 0.039492712 0.037383847 0.024871812 0.012002312 -0.00086718786 -0.0069350657 -0.0068435335 -0.0046886714 0.00010645163 0.0049015747 0.0089797898 0.0016747167 -0.0054477562 0.0037373765 0.012918501 0.017263277 0.021608054 0.02595283 0.024892443 0.021334776 0.017777109 0.0089414527 -0.0089919886 -0.022028074 -0.026239569 -0.031845207 -0.040078413 -0.048311618 -0.056440975 -0.061190818 -0.06594066 -0.070690503 -0.077877871 -0.085535987 -0.089900832 -0.093914932 -0.097929032 -0.093577887 -0.084712235 -0.072120298 -0.057751931 -0.043383564 -0.029438778 -0.015843261
0.022091569 0.021367057 0.020642546 0.030018226 0.040095296 0.050172366 0.051425408 0.046682149 0.041938891 0.037869338 0.035760473 0.033651608 0.021139574 0.0082700736 0.0047156672 0.0048071994 0.0048987316 0.0070535937 0.011848717 0.013843066 0.006537993 -0.00076708008 -0.007889553 0.0012955797 0.010480712 0.019665845 0.024735134 0.02907991 0.028019523 0.024461857 0.013462506 -0.0044709357 -0.022404377 -0.035440463 -0.039651958 -0.043863453 -0.048863784 -0.057096989 -0.065226347 -0.069976189 -0.074726032 -0.082224859 -0.089882975 -0.097541092 -0.10190594 -0.10592004 -0.099909953 -0.091044301 -0.08217865 -0.069586713 -0.055218346 -0.04133955 -0.027744034 -0.014148517
0.0084310266 0.0093343025 0.019411373 0.029488443 0.039565513 0.049642583 0.050895625 0.046152366 0.041409108 0.036665849 0.032028235 0.02991937 0.017407335 0.0163664 0.016457932 0.016549465 0.016640997 0.018795859 0.018706343 0.011401269 0.0040961963 -0.0032088769 -0.01033135 -0.0011462171 0.0080389157 0.017224048 0.026409181 0.032206991 0.031146604 0.017983558 5.0117118e-05 -0.017883324 -0.035816766 -0.048852851 -0.053064346 -0.057275841 -0.061487336 -0.065882361 -0.074011718 -0.078913731 -0.086571848 -0.094229964 -0.10188808 -0.1095462 -0.11391104 -0.10624202 -0.097376367 -0.088510716 -0.079645064 -0.067053127 -0.053240323 -0.039644806 -0.026049289 -0.012453772
-0.0020222356 0.0080548346 0.018131905 0.028208975 0.038286045 0.048363115 0.051009508 0.046266249 0.041522991 0.036779732 0.032036474 0.027293215 0.026109471 0.026201003 0.026292536 0.026384068 0.0264756 0.023322454 0.016017381 0.0087123081 0.001407235 -0.0058978381 -0.012696157 -0.0051628543 0.0040222784 0.013207411 0.022392544 0.031577677 0.022214074 0.0042806329 -0.013652808 -0.03158625 -0.049519691 -0.059324223 -0.063535718 -0.067747213 -0.071958708 -0.076170204 -0.080484451 -0.088142568 -0.095800684 -0.1034588 -0.11111692 -0.11920852 -0.11245927 -0.10359361 -0.094727963 -0.085862311 -0.07699666 -0.065088773 -0.051493256 -0.037897739 -0.024302222 -0.010706705
-0.0024895541 0.0017358154 0.011198272 0.021275342 0.031352412 0.041429483 0.048638728 0.051234697 0.046491439 0.041748181 0.037004922 0.032261664 0.024314916 0.021647914 0.021739446 0.021830978 0.02192251 0.018769365 0.011464292 0.0041592184 -0.0031458547 -0.0094145206 -0.013186343 -0.017681107 -0.011871894 -0.0026867614 0.0064983713 0.015683504 0.0063199017 -0.01161354 -0.029546981 -0.047480422 -0.062561376 -0.065520251 -0.05182578 -0.056037275 -0.06024877 -0.064460266 -0.068774513 -0.07643263 -0.084090746 -0.091748862 -0.10102408 -0.12285057 -0.11108493 -0.10007924 -0.091213586 -0.082347935 -0.073482283 -0.062288738 -0.049351571 -0.035756054 -0.022160537 -0.00856502
-0.002461018 0.0017643515 0.0059897211 0.01434171 0.02441878 0.03449585 0.041705095 0.046965532 0.051459887 0.046716629 0.04197337 0.037230112 0.029283364 0.02122654 0.017186356 0.017277888 0.017369421 0.014216275 0.0069112018 -0.00039387135 -0.0061409795 -0.009904707 -0.01367653 -0.018171294 -0.022666058 -0.018580934 -0.0093958012 -0.00021066852 -0.0095742709 -0.027507712 -0.045441153 -0.059937317 -0.073230699 -0.076189573 -0.060526604 -0.044863634 -0.048538832 -0.052750327 -0.057064575 -0.064722692 -0.072380808 -0.082839639 -0.10466613 -0.12649262 -0.11472698 -0.099383661 -0.08769921 -0.078833558 -0.069967907 -0.058774361 -0.04647104 -0.033614368 -0.020018851 -0.0064233345
-0.002432482 0.0017928876 0.0060182572 0.010243627 0.017485147 0.027562217 0.034771462 0.040031899 0.045292336 0.050552772 0.046941818 0.04219856 0.034251812 0.026194988 0.018138165 0.012724799 0.012816331 0.0096631852 0.0023581121 -0.0028674383 -0.0066311659 -0.010394893 -0.014166716 -0.01866148 -0.023156245 -0.027651009 -0.025289974 -0.016104841 -0.025468443 -0.043401885 -0.057313257 -0.070606639 -0.083900021 -0.086858896 -0.071195926 -0.055532957 -0.039869987 -0.041040389 -0.045354637 -0.053012754 -0.064655198 -0.086481688 -0.10830818 -0.13013467 -0.11836903 -0.10302571 -0.087682395 -0.075319182 -0.06645353 -0.055259985 -0.042956664 -0.030653343 -0.017877166 -0.0042816491
-0.0024039459 0.0018214237 0.0060467932 0.010272163 0.014497532 0.020628584 0.027837829 0.033098266 0.038358703 0.04361914 0.048879576 0.047167008 0.03922026 0.031163437 0.023106613 0.015049789 0.0082632411 0.0051100955 0.00040610286 -0.0033576247 -0.0071213523 -0.01088508 -0.014656902 -0.019151667 -0.023646431 -0.028141195 -0.03263596 -0.031999014 -0.041362616 -0.054689198 -0.06798258 -0.081275962 -0.094569343 -0.097528218 -0.081865249 -0.066202279 -0.050539309 -0.03487634 -0.033644699 -0.046470757 -0.068297247 -0.090123737 -0.11195023 -0.13377672 -0.12201107 -0.10666776 -0.091324444 -0.075981129 -0.062939154 -0.051745608 -0.039442287 -0.027138966 -0.014835645 -0.0021399636
