P2_models/J1_p2__temp2_slide_15.dat.tif
NCOLS 118
NROWS 92
XLLCORNER 139.62
YLLCORNER -39.07
DX 0.099491525
DY 0.099347826
NODATA_VALUE -9999
[rows 54 to 80 of 92, columns 0 to 59 of 118]
-9999 207.7718 206.75895 205.74609 204.73324 206.60603 208.72031 211.13518 213.89696 216.65875 219.42054 218.45062 216.4983 216.39958 220.01278 223.62598 221.0702 217.93987 214.80953 211.44534 207.54162 203.63791 199.73419 198.47645 198.40763 197.09357 192.44192 187.79027 186.98973 186.64691 186.30408 187.48174 191.5904 195.69907 199.80773 201.99362 203.66643 205.10833 206.21989 207.33145 208.44301 208.3938 208.24285 208.5595 209.2123 209.84277 210.41702 210.99128 211.56554 211.44945 211.21404 210.97864 209.99302 208.19808 206.54715 205.395 204.24285 203.0907 206.21283 210.07488
-9999 206.65306 205.6402 205.3996 207.51388 209.62815 211.74243 214.1573 216.91908 219.13509 217.18277 215.23045 213.27814 213.17941 216.79261 220.40581 224.01901 223.50291 220.37258 217.00838 213.10467 209.20095 209.10313 209.03431 208.9655 207.65143 202.99978 198.34813 193.69648 191.68622 191.34339 192.52105 196.62971 200.56758 202.24039 203.9132 205.586 207.02791 208.13947 209.02571 208.87476 208.72381 208.57286 208.88951 209.54231 210.19512 210.84422 211.41848 211.99274 211.87664 211.64124 210.31933 208.5244 206.72946 205.07853 203.92638 203.11554 206.97758 210.83963 214.70168
-9999 205.53432 206.30744 208.42172 210.53599 212.65027 214.76455 217.17941 217.86724 215.91492 213.96261 212.01029 210.05797 209.95925 213.57245 217.18565 220.79885 224.41205 225.93562 222.57143 219.79862 219.72981 219.66099 219.59218 219.52336 218.2093 213.55765 208.906 204.25435 199.6027 196.3827 197.56036 200.81435 202.48716 204.15996 205.83277 207.50558 208.94748 209.50667 209.35572 209.20477 209.05382 208.90286 209.21951 209.87232 210.52512 211.17793 211.83073 212.41993 212.30384 210.64564 208.85071 207.05578 205.26084 203.60991 203.88029 207.74234 211.60438 215.46643 219.32848
-9999 207.46659 209.58087 211.69514 213.80942 215.9237 218.03797 218.38629 216.43397 214.48165 212.52933 210.57702 208.6247 207.24472 210.85792 214.47113 218.08433 221.69753 225.31073 227.81054 227.74173 227.67291 227.6041 227.53528 227.46647 227.69713 223.081 218.42935 213.7777 209.12605 204.4744 201.98298 203.65578 205.32859 207.0014 208.6742 210.34701 210.04965 209.89869 209.74774 209.59679 209.44584 209.29488 210.25388 210.90669 211.55949 212.2123 212.8651 213.5179 212.81582 211.02088 209.22595 207.43102 205.63608 204.19302 207.82048 211.68252 215.54457 219.40662 223.26867
-9999 211.59836 213.71263 215.82691 217.94119 219.89564 220.72501 221.04406 220.77413 219.15144 217.19912 215.24681 213.29449 211.7806 211.14468 213.48361 217.09681 220.71001 224.32321 226.82302 226.75421 226.68539 226.61658 226.54776 229.94539 231.81124 228.59243 224.41936 219.76771 215.11606 210.46441 207.97299 209.64579 211.3186 212.99141 214.63738 214.74446 213.67889 210.93566 210.35155 210.2006 210.04965 209.8987 211.51991 214.34677 214.99958 215.65238 216.30518 216.95799 217.74192 217.69375 215.89881 214.10388 212.30894 210.86588 210.64167 213.27761 217.13966 221.0017 224.86375
-9999 215.73012 217.8444 219.95868 221.45879 222.28816 223.11753 223.43657 223.16664 222.89671 221.86891 219.9166 217.96428 216.45039 215.81447 215.17855 216.10929 219.72249 223.33569 225.83551 225.76669 225.69788 226.53362 230.29655 234.05949 235.92534 232.70654 229.48773 225.75772 221.10607 216.45442 213.963 215.63581 217.30861 218.47043 218.57751 218.68459 217.61902 214.8758 212.13258 210.80442 210.65346 210.50251 212.12373 215.01893 217.91413 219.09246 219.74527 220.39807 221.182 221.98859 222.57167 220.77674 218.98181 217.53875 217.31454 217.09032 218.73474 222.59679 226.45884
-9999 219.86189 221.97616 223.02194 223.85131 224.68068 225.51004 225.82909 225.55916 225.28923 225.01929 224.58638 222.63407 221.12018 220.48426 219.84834 219.21243 218.73497 222.34817 224.84799 224.77917 226.88479 230.64772 234.41066 238.17359 240.03945 236.82064 233.60184 230.38303 227.09608 222.44443 219.95301 221.62582 222.30349 222.41057 222.51765 222.62473 221.55915 218.81593 216.07271 213.32949 211.25728 211.10632 212.72754 215.62274 218.51795 221.41315 223.18535 223.83816 224.62209 225.42868 226.23527 227.04186 225.65467 224.21161 223.9874 223.76319 223.53898 224.19187 228.05392
-9999 223.75572 224.58509 225.41446 226.24383 227.07319 227.90256 228.22161 227.95167 227.68174 227.41181 227.14188 226.87195 225.78997 225.15405 224.51813 223.88222 223.2463 222.61038 223.86047 227.23596 230.99889 234.76183 238.52476 242.2877 244.15355 240.93475 237.71594 234.49714 231.27833 228.05953 225.94302 226.13654 226.24362 226.3507 226.45778 226.56486 225.49929 222.75607 220.01285 217.26962 214.5264 211.78318 213.33135 216.22656 219.12176 222.01696 224.91217 227.27824 228.06217 228.86876 229.67535 230.48195 231.28854 230.88447 230.66026 230.43605 230.21184 229.98763 229.76342
-9999 224.3931 225.22247 226.05184 226.88121 227.71057 228.05152 226.90037 225.77564 225.50571 225.23578 224.96584 224.69591 225.34444 226.56668 225.93076 225.29484 224.65893 224.02301 224.71724 228.48017 232.24311 236.00605 239.76898 242.49596 241.79106 241.42226 238.20345 234.98465 231.76585 228.54704 226.46425 226.57133 226.67841 226.78549 226.89257 226.53791 227.0732 227.2098 224.46658 221.72336 218.98014 216.23692 215.48058 217.7094 220.6046 223.49981 226.39501 229.29021 225.63362 226.3652 227.1718 227.97839 228.78498 230.13333 232.12357 231.89936 231.67515 231.45094 231.22673
-9999 224.26726 225.09663 225.926 226.75537 226.67259 226.30366 225.15251 223.09858 221.34303 221.0731 220.80317 220.53324 221.18176 223.66955 225.92701 225.29109 224.65517 224.01926 224.71349 228.47642 232.23936 236.00229 237.00943 235.58289 234.878 236.10731 237.11394 233.89514 230.67633 227.45753 225.37474 225.48182 225.5889 225.69598 224.90044 223.58176 224.11706 227.30473 229.14366 226.40044 223.65721 220.91399 220.15765 220.82966 222.46969 225.3649 228.2601 231.1553 227.49871 222.7098 222.08364 222.89023 223.69683 225.04518 228.27013 231.09729 230.87308 230.64887 230.42466
-9999 224.14142 224.97079 225.6626 225.29367 224.92473 224.5558 223.40465 221.35072 219.29679 217.24286 216.6405 216.37056 217.01909 219.50687 221.99466 224.48244 224.65142 224.0155 224.70973 228.47267 232.2356 231.52291 230.09637 228.66983 227.96494 229.19425 230.42356 231.65287 229.58682 226.36801 224.28522 224.3923 224.49938 223.26298 221.9443 220.62561 221.16091 224.34858 227.53625 230.72393 228.33429 225.59107 224.83473 225.50673 226.17874 227.22999 230.12519 233.02039 229.3638 224.57489 219.78597 217.80208 218.60867 219.95703 223.18197 226.40692 229.63187 229.8468 229.62259
-9999 224.01558 224.28368 223.91474 223.54581 223.17687 222.80794 221.65679 219.60286 217.54893 215.495 213.44107 212.20789 212.85641 215.3442 217.83199 220.31977 222.80756 224.01175 224.70598 227.46294 226.03639 224.60985 223.18331 221.75677 221.05187 222.28118 223.51049 224.7398 225.96911 225.2785 223.19571 222.9442 221.62551 220.30683 218.98815 217.66946 218.20476 221.39243 224.5801 227.76778 230.95545 230.26814 229.5118 230.18381 230.85581 231.52781 232.19982 234.88548 231.22889 226.43998 221.65106 216.86214 213.52052 214.86887 218.09382 221.31876 224.54371 227.76866 228.82052
-9999 223.12095 222.75201 222.38308 222.01414 221.64521 221.27628 220.63232 218.57839 216.52446 214.47053 212.4166 210.36267 209.4896 211.97738 214.46517 216.95296 219.44074 221.92853 223.23268 221.80614 220.37959 218.95305 217.52651 216.09997 214.80247 216.03179 217.2611 218.49041 219.71972 220.94903 221.30803 219.98934 218.67066 217.35197 216.03329 214.7146 215.70753 218.89521 222.08288 225.27055 228.45823 231.6459 233.39476 234.06676 234.73876 235.41077 236.08277 236.75478 232.77058 227.98166 223.19274 218.40382 213.6149 211.81255 215.0375 218.26244 221.48739 224.71234 227.93728
-9999 222.66461 222.29568 221.92674 221.55781 221.28828 223.15774 223.20587 221.15194 219.09801 217.04408 214.99015 212.42845 211.20881 212.77331 215.05684 217.54463 220.03241 222.5202 223.82435 222.39781 220.97126 219.54472 218.11818 216.26704 214.5951 213.64318 214.31267 215.54198 216.77129 218.0006 218.3596 217.04092 215.72223 214.40355 213.08487 213.7286 215.49294 218.68061 221.86829 225.05596 228.20193 230.89455 232.77263 233.99987 234.67187 235.34387 236.01588 236.68788 232.70368 227.91476 223.12585 218.33693 217.4119 218.86227 222.08722 225.31216 228.53711 231.57022 230.63038
-9999 222.20827 221.83934 221.4704 221.99237 223.86183 225.73129 225.77942 223.72549 221.67156 219.46927 216.85933 214.24939 213.02975 214.59425 216.15875 218.1363 220.62408 223.11187 224.41602 222.98948 221.56294 220.05548 218.1149 216.17432 214.50237 213.55046 212.59854 212.59356 213.82287 215.05218 215.41118 214.0925 212.77381 211.97509 212.74455 213.514 215.27835 218.46602 221.6537 224.65757 227.35019 230.04281 231.92089 233.2134 234.50592 235.27698 235.94898 236.62099 232.63679 227.84787 223.05895 223.52356 224.46162 225.91199 229.13694 232.36189 234.38442 233.44458 232.50474
-9999 221.75193 221.383 222.69646 224.56592 226.43538 228.30484 228.35297 226.29904 223.90014 221.2902 218.68026 216.07032 214.85068 216.41518 217.97969 219.54419 221.21576 223.70354 225.00769 223.58115 221.90334 219.96275 218.02217 216.08159 214.40965 213.45773 212.50582 211.55391 210.87445 212.10376 212.46276 211.14407 210.99104 211.7605 212.52996 213.29941 215.06376 218.25143 221.11321 223.80583 226.49845 229.19107 231.06915 232.36166 233.65418 234.9467 235.88209 236.55409 232.56989 228.69715 229.63522 230.57328 231.51134 232.96171 236.18666 237.19863 236.25879 235.31895 234.37911
-9999 221.53108 223.40054 225.27001 227.13947 229.00893 230.87839 230.92652 228.33102 225.72108 223.11114 220.5012 217.89126 216.67162 218.23612 219.80062 221.36513 222.92963 224.49414 225.59936 223.75119 221.81061 219.87003 217.92945 215.98887 214.31692 213.36501 212.4131 211.46118 210.50927 209.55735 209.51434 210.00699 210.77645 211.54591 212.31536 213.08482 214.84917 217.56885 220.26147 222.95409 225.64671 228.33932 230.2174 231.50992 232.80244 234.09495 235.38747 236.4872 234.80881 235.74688 236.68494 237.623 238.56106 240.01144 240.01283 239.07299 238.13315 237.19331 236.25347
-9999 224.02744 225.8969 227.76637 229.63583 231.50529 233.03567 234.73085 234.31163 231.70169 229.09175 226.48181 223.87187 221.77717 221.93471 223.49921 225.06372 226.62822 228.19273 228.69734 226.75676 224.81618 222.8756 220.93501 218.97659 217.68434 217.74469 216.79277 215.84086 214.88894 213.93703 213.57308 214.34254 215.11199 215.88145 216.65091 217.19348 219.16329 222.80524 225.49785 228.19047 230.88309 233.57571 234.6602 235.62077 236.91329 238.20581 239.49833 240.79084 243.81588 244.75394 245.692 246.63007 247.56813 247.0298 243.32549 242.38565 241.44581 240.50597 239.56613
-9999 226.47998 228.34944 230.2189 232.08837 233.24342 234.1364 235.83158 238.45261 240.04397 237.43403 234.82409 232.21415 230.11945 229.05655 228.26384 229.82835 231.39285 232.95736 233.46198 231.52139 229.58081 227.64023 225.63581 223.56804 222.27579 223.06211 223.71167 222.75976 221.80784 220.85593 220.49198 221.26144 222.03089 222.80035 223.05323 222.96807 224.93788 229.84762 234.19079 236.88341 239.57602 242.26864 243.35314 243.28157 243.84167 245.13419 246.42671 247.71922 250.84967 254.29776 255.81035 256.74842 257.68648 257.14815 251.49579 246.5149 245.57506 244.63522 243.69539
-9999 228.93252 230.80198 232.5582 233.45117 234.34415 235.23713 236.93231 239.55334 242.17437 244.7954 243.16638 240.55644 238.46174 237.39884 236.33593 235.27303 236.15748 237.72199 238.22661 236.28602 234.34544 232.29502 230.22726 228.15949 226.86724 227.65356 228.43988 229.2262 228.72674 227.77483 227.41088 228.18033 228.94979 228.91298 228.82782 228.74266 230.71247 235.62221 240.53194 245.44168 248.26896 250.96158 252.04607 251.97451 251.90294 252.06257 253.35509 254.64761 257.77805 261.22615 264.67424 266.86677 267.80483 267.2665 261.61414 255.96178 250.30942 248.76448 247.82464
-9999 231.38505 232.76595 233.65893 234.5519 235.44488 236.33786 238.03304 240.65407 243.2751 245.89613 248.51716 248.89872 246.80402 245.74112 244.67822 243.61532 242.55241 242.48662 242.99124 241.02201 238.95424 236.88647 234.81871 232.75094 231.45869 232.24501 233.03133 233.81765 234.60397 234.69373 234.32978 234.85789 234.77273 234.68757 234.60241 234.51726 236.48707 241.3968 246.30654 251.21627 256.12601 259.65451 260.73901 260.66744 260.59588 260.52432 260.45275 261.57599 264.70644 268.15453 271.60262 275.05071 277.92318 277.38485 271.73249 266.08013 260.42777 254.7754 251.9539
-9999 232.62869 233.52167 234.41465 235.30762 236.2006 237.09358 237.88529 240.50632 243.12735 245.74838 248.36941 250.99044 253.25225 252.18935 251.12645 250.06355 249.00064 247.93774 246.57099 244.50322 242.43546 240.36769 238.29992 236.23216 236.07631 236.86076 237.64708 238.4334 239.21972 240.00604 240.49469 240.40954 240.32438 240.23922 240.15406 240.0689 241.33936 246.24909 251.15883 256.06856 260.9783 265.88803 266.72406 266.6525 266.58094 266.50937 266.43781 266.36624 267.97218 271.42027 274.86836 278.31645 281.76454 284.85698 279.51685 273.86448 268.21212 262.55976 256.9074
-9999 232.07844 232.97142 233.86439 234.75737 235.68487 236.82821 237.0915 236.33912 238.25366 240.87469 243.49572 246.11675 248.52646 250.51297 250.40505 249.34215 248.27924 247.21634 245.84959 243.78182 241.71405 239.64629 237.57852 239.37967 241.09406 241.64885 242.35481 243.14113 243.92746 244.71378 245.20243 245.11727 245.03211 244.94695 244.80674 242.89819 243.51185 247.73389 252.51989 257.42963 262.33936 267.2491 266.73053 262.38732 262.31575 262.24419 262.17263 262.10106 260.7814 260.82166 264.26975 267.71785 271.16594 274.25837 276.11887 272.81388 267.16152 261.50916 255.85679
-9999 231.52819 232.42117 233.31414 234.33787 235.48121 236.62454 236.88784 236.13545 235.38307 236.001 238.62203 241.24306 243.65277 245.63928 247.6258 248.62074 247.55784 246.49494 245.12819 243.06042 240.99265 240.10336 242.25039 244.39742 246.1118 246.66659 247.22138 247.84887 248.63519 249.42151 249.91016 249.825 249.73984 248.98155 247.073 245.16445 245.77811 250.00015 254.2222 258.79069 263.70043 268.61016 268.09159 263.67068 259.24976 257.97901 257.90744 257.83588 256.51622 254.98085 253.67115 257.11924 260.56733 263.65977 265.52026 267.38075 266.11092 260.45855 254.80619
-9999 230.97794 231.87091 232.99087 234.13421 235.27754 236.42088 236.68418 235.93179 235.17941 234.42702 233.74834 236.36937 238.77908 240.76559 242.75211 244.73862 246.72514 245.77354 244.40678 242.33902 242.97408 245.1211 247.26813 249.41516 251.12954 251.68433 252.23913 252.79392 253.34871 254.12924 254.61789 254.53273 253.15636 251.24781 249.33926 247.43071 248.04437 252.26641 256.48846 260.7105 265.06149 269.97123 269.45266 265.03174 260.61083 256.18991 253.64226 253.5707 252.25103 250.71567 249.1803 247.64493 249.96872 253.06116 254.92165 256.78214 258.64264 259.40795 253.75559
-9999 230.50053 231.64387 232.78721 233.93054 235.07388 236.21722 236.48051 235.72813 234.97574 234.22336 233.47098 232.71859 233.90539 235.89191 237.87842 239.86493 241.85145 243.83796 243.69776 245.84479 247.99182 250.13885 252.28587 254.4329 256.14728 256.70208 257.25687 257.81166 258.36645 258.92124 259.23972 257.33117 255.42262 253.51407 251.60552 249.69697 250.31063 254.53267 258.75471 262.97676 267.1988 271.42084 270.81372 266.39281 261.97189 257.55098 253.13006 249.30551 247.98585 246.45048 244.91512 243.37975 241.84438 242.46255 244.32305 246.18354 248.04403 249.90452 251.76501
-9999 228.00584 229.14918 230.29252 231.43585 232.57919 234.20208 235.46877 235.47842 234.72603 233.97365 233.22126 232.46888 232.19709 233.20668 235.19319 237.17971 239.16622 241.15274 243.18779 245.33481 247.48184 249.62887 251.7759 253.34601 253.88223 254.41753 254.97232 255.52711 256.0819 256.6367 256.35009 254.44154 252.53299 250.62444 248.71589 247.09344 247.18985 250.0633 254.28534 258.50739 262.72943 266.95147 267.40405 263.95854 259.53762 255.11671 250.69579 246.27488 246.77317 245.70446 244.1691 242.63373 241.09836 240.29042 242.03337 243.89386 245.75436 247.61485 249.47534
