P2_models/J1_p2_tot_conduct_slide_148.39.dat.tif
NCOLS 118
NROWS 92
XLLCORNER 139.62
YLLCORNER -39.07
DX 0.099491525
DY 0.099347826
NODATA_VALUE -9999
[rows 0 to 24 of 92, columns 0 to 56 of 118]
-1.5289628 -1.4812887 -1.4464667 -1.4176393 -1.4034263 -1.3898913 -1.3898913 -1.3964894 -1.4107024 -1.4118043 -1.4306496 -1.4488403 -1.4777454 -1.5042793 -1.5380064 -1.5744344 -1.614231 -1.646874 -1.6812294 -1.7175556 -1.7573522 -1.7971489 -1.8369455 -1.8767421 -1.9121833 -1.9456536 -1.9755011 -2.0106929 -2.0412612 -2.0715034 -2.1029218 -2.1355028 -2.1610208 -2.1915326 -2.2235244 -2.2583996 -2.2932216 -2.3308194 -2.3674742 -2.4107996 -2.4526907 -2.4983086 -2.5430798 -2.5922682 -2.6443277 -2.6829194 -2.7143378 -2.7437344 -2.7751528 -2.7931769 -2.8088861 -2.7752197 -2.7390481 -2.7169389 -2.6915712 -2.6505287 -2.6053458
-1.533547 -1.4878947 -1.4508223 -1.4259967 -1.4136075 -1.4086277 -1.4119249 -1.4282522 -1.4466943 -1.4629171 -1.487003 -1.5233843 -1.5552239 -1.5933638 -1.6310214 -1.6791613 -1.7216658 -1.7599073 -1.7964164 -1.8396834 -1.8802726 -1.9235904 -1.963387 -2.0017811 -2.0372941 -2.0743873 -2.1042348 -2.1340823 -2.1633404 -2.1898581 -2.2204104 -2.2461452 -2.2710181 -2.2980598 -2.3281929 -2.3580178 -2.390068 -2.4197882 -2.4547384 -2.491411 -2.5333021 -2.5768983 -2.6194361 -2.6634976 -2.7145941 -2.7528814 -2.7842998 -2.8157181 -2.8506787 -2.8694745 -2.8891987 -2.8558311 -2.8110318 -2.7889474 -2.7666957 -2.7248045 -2.6763299
-1.5508454 -1.4978744 -1.4580778 -1.4360245 -1.4265491 -1.4262896 -1.4362388 -1.4530892 -1.4767776 -1.5072064 -1.547003 -1.5867996 -1.6265962 -1.6723219 -1.7220676 -1.7712537 -1.8160248 -1.8618422 -1.9066134 -1.9519077 -1.9966789 -2.0399967 -2.0797933 -2.1195899 -2.1593865 -2.1970028 -2.2268503 -2.2548738 -2.2797467 -2.3049485 -2.3311305 -2.3563422 -2.3812151 -2.4065218 -2.4327037 -2.4551952 -2.480068 -2.5065876 -2.538006 -2.5752017 -2.6170929 -2.6566979 -2.6964945 -2.740033 -2.7871605 -2.8179765 -2.8493949 -2.8842821 -2.9209369 -2.9436743 -2.9646199 -2.920331 -2.8744018 -2.8581594 -2.838 -2.7961089 -2.7533118
-1.5756824 -1.5202726 -1.4767055 -1.4546522 -1.4409344 -1.4405452 -1.4548665 -1.4733931 -1.5016146 -1.5345141 -1.5842584 -1.624055 -1.6740953 -1.7304724 -1.7901673 -1.841721 -1.8964413 -1.9446263 -1.9993467 -2.0460274 -2.0957732 -2.1393445 -2.1791411 -2.2189377 -2.2587343 -2.2971793 -2.3320013 -2.3596531 -2.3795514 -2.4042963 -2.4304783 -2.454514 -2.4744123 -2.4996603 -2.5110272 -2.5203481 -2.5359512 -2.5592083 -2.5814707 -2.6207704 -2.6667668 -2.7015282 -2.73375 -2.7747651 -2.8182067 -2.8160658 -2.8121394 -2.8435578 -2.8774722 -2.8962679 -2.9149459 -2.8618282 -2.8123094 -2.8012548 -2.7847167 -2.7637711 -2.7379842
-1.5994946 -1.5362848 -1.4915136 -1.4646244 -1.4504113 -1.4500221 -1.4649458 -1.4905364 -1.520447 -1.5581679 -1.6090968 -1.6605502 -1.7152705 -1.7791876 -1.8401673 -1.9014682 -1.9588598 -2.0151352 -2.071242 -2.1259624 -2.1771455 -2.2239845 -2.2637811 -2.3065193 -2.3463159 -2.3834091 -2.4166412 -2.4488616 -2.4704006 -2.4905621 -2.5151183 -2.5357556 -2.5531691 -2.5682092 -2.5734456 -2.5777275 -2.5918071 -2.607054 -2.6272123 -2.6534122 -2.6995964 -2.7364942 -2.7663417 -2.8002542 -2.8421454 -2.8382873 -2.8121053 -2.8268934 -2.8583118 -2.8792774 -2.8949866 -2.84157 -2.7856995 -2.7774029 -2.7653055 -2.7461285 -2.7383497
-1.6202577 -1.5548719 -1.5001516 -1.4708336 -1.4566205 -1.4562313 -1.4711551 -1.4967456 -1.5346472 -1.5767957 -1.631516 -1.687104 -1.7517735 -1.816443 -1.8811125 -1.9449328 -2.0096023 -2.0710184 -2.1307133 -2.1880548 -2.2427751 -2.2928903 -2.3376615 -2.3810301 -2.4208267 -2.45792 -2.4877674 -2.5171632 -2.5420361 -2.5650729 -2.5860185 -2.6040573 -2.6140064 -2.6232065 -2.6232065 -2.6274014 -2.6373506 -2.6505187 -2.6662279 -2.6906676 -2.722086 -2.7551219 -2.7849694 -2.8187772 -2.8554319 -2.8507057 -2.8245238 -2.8382615 -2.864521 -2.8870099 -2.9074051 -2.8539885 -2.798118 -2.7925907 -2.7839333 -2.7682241 -2.7631867
-1.6245036 -1.5574195 -1.5026992 -1.4716828 -1.4574697 -1.4570805 -1.4720042 -1.4975948 -1.5354964 -1.5793432 -1.6382498 -1.7029193 -1.769631 -1.8376183 -1.9042792 -1.9739233 -2.0423469 -2.1054613 -2.1670459 -2.2287069 -2.2834273 -2.3352408 -2.380012 -2.4233807 -2.4631773 -2.5016222 -2.535478 -2.5640246 -2.5856265 -2.6020634 -2.623009 -2.6401986 -2.6481139 -2.6514402 -2.6491087 -2.6502751 -2.6553601 -2.661823 -2.6720307 -2.6904027 -2.7185975 -2.7469494 -2.7702377 -2.7968381 -2.8311792 -2.8256038 -2.7994219 -2.8131596 -2.84393 -2.8664188 -2.8924256 -2.8396067 -2.7837362 -2.7803509 -2.7811208 -2.7654116 -2.7612234
-1.6251988 -1.5542809 -1.4995606 -1.4685442 -1.4543311 -1.4555112 -1.4704349 -1.4975948 -1.5354964 -1.5828602 -1.6475297 -1.7139068 -1.7835508 -1.8563335 -1.9259776 -1.9956216 -2.0652657 -2.1333547 -2.1980242 -2.2596852 -2.3144055 -2.3662191 -2.4109903 -2.4543589 -2.4941555 -2.5298971 -2.5642839 -2.5965042 -2.6119649 -2.6257702 -2.6462087 -2.6616992 -2.6666737 -2.6682649 -2.6630285 -2.6505842 -2.6505842 -2.6496 -2.6548364 -2.6643041 -2.6904861 -2.7098096 -2.7297079 -2.7516003 -2.7830187 -2.7929883 -2.7668064 -2.7845361 -2.8159544 -2.8429081 -2.86909 -2.8366719 -2.7813523 -2.7882653 -2.7902082 -2.7748953 -2.7583058
-1.6127803 -1.5418624 -1.4871421 -1.4561257 -1.4419127 -1.4438836 -1.4637819 -1.4920157 -1.5346549 -1.5828602 -1.6475297 -1.7139068 -1.7835508 -1.8565085 -1.9361017 -2.0080401 -2.0776842 -2.1457732 -2.2104427 -2.2721037 -2.326824 -2.3786376 -2.4234088 -2.4667774 -2.506574 -2.5423155 -2.5671884 -2.5965042 -2.6213771 -2.6381886 -2.6486614 -2.6616992 -2.6666737 -2.6682649 -2.6392786 -2.6190099 -2.6140353 -2.6111745 -2.6059381 -2.6103989 -2.6159752 -2.6325474 -2.6427785 -2.6602397 -2.6774616 -2.70888 -2.7295509 -2.7472806 -2.778699 -2.8056526 -2.8318346 -2.8432039 -2.824817 -2.8358716 -2.8398821 -2.8294093 -2.8134234
-1.5913229 -1.5233669 -1.4699383 -1.4389219 -1.4247089 -1.4266798 -1.4465781 -1.4792327 -1.5239262 -1.5743529 -1.6390224 -1.7053995 -1.7769153 -1.8548517 -1.9318481 -2.0098354 -2.0821271 -2.1502161 -2.2148856 -2.2765466 -2.3312669 -2.3830805 -2.4271701 -2.4655642 -2.5025097 -2.5382512 -2.5631241 -2.5866961 -2.6086162 -2.6298707 -2.6403435 -2.6472391 -2.6496592 -2.6425752 -2.6111568 -2.5887906 -2.5816599 -2.5744232 -2.5670875 -2.559224 -2.5595809 -2.5617174 -2.5690491 -2.5793029 -2.5938049 -2.6095141 -2.6387291 -2.6621635 -2.6930586 -2.7200122 -2.7461942 -2.7575635 -2.7680556 -2.7791103 -2.7876884 -2.7833767 -2.7729039
-1.5603936 -1.4970933 -1.4473475 -1.4183948 -1.4041817 -1.4077967 -1.427695 -1.4603495 -1.5077264 -1.5620382 -1.6267077 -1.6965 -1.7760932 -1.8540297 -1.9286483 -2.003267 -2.0778856 -2.1493941 -2.2140636 -2.2749026 -2.3296229 -2.3799831 -2.4197797 -2.4581738 -2.4929958 -2.5242924 -2.5491653 -2.5727374 -2.5926357 -2.6093435 -2.6198163 -2.626712 -2.626712 -2.6163016 -2.5848832 -2.561695 -2.5517459 -2.5407593 -2.5302865 -2.5189917 -2.5085189 -2.5026019 -2.5026019 -2.5062286 -2.5167014 -2.5282274 -2.5439366 -2.5611717 -2.5821173 -2.6050616 -2.6312436 -2.6417909 -2.652283 -2.6633376 -2.6719158 -2.6719158 -2.6710901
-1.5293474 -1.468187 -1.4225106 -1.3935578 -1.3838861 -1.3907071 -1.4152765 -1.447931 -1.495308 -1.5505561 -1.6202002 -1.6902908 -1.7661706 -1.842446 -1.9220392 -1.9970577 -2.0716764 -2.1431849 -2.2078543 -2.2680111 -2.3177569 -2.3675646 -2.4073612 -2.4457553 -2.4805773 -2.5113443 -2.5312426 -2.5541096 -2.5740079 -2.590222 -2.5954584 -2.601875 -2.601875 -2.5914647 -2.5600463 -2.5355826 -2.5206997 -2.5083808 -2.4930311 -2.4799311 -2.4650542 -2.4548914 -2.4467188 -2.4436724 -2.4421906 -2.445625 -2.450798 -2.4585232 -2.470351 -2.482367 -2.5008495 -2.5072813 -2.5156797 -2.5267343 -2.5353125 -2.5353125 -2.5369584
-1.4944674 -1.4371408 -1.3947234 -1.3747337 -1.3660089 -1.3753199 -1.4001928 -1.4377119 -1.48613 -1.5413782 -1.6110222 -1.6791334 -1.7537521 -1.833268 -1.9128612 -1.9908485 -2.0654671 -2.1369756 -2.2016451 -2.2618019 -2.3115476 -2.3583866 -2.3981832 -2.4365773 -2.4713993 -2.5002775 -2.5220646 -2.5419629 -2.5618612 -2.5651133 -2.5703497 -2.577038 -2.577038 -2.5666277 -2.5354213 -2.5139862 -2.4990624 -2.4838156 -2.4681064 -2.4523972 -2.437792 -2.4276292 -2.4142001 -2.391612 -2.3857933 -2.3840761 -2.3780879 -2.3783466 -2.3737076 -2.3803222 -2.38197 -2.3866088 -2.3725955 -2.3836501 -2.3825068 -2.3825068 -2.3873931
-1.4606881 -1.4109178 -1.3760957 -1.3583281 -1.3535905 -1.3629014 -1.3877743 -1.4252934 -1.477408 -1.5339607 -1.5986302 -1.6678723 -1.7474655 -1.8270587 -1.906652 -1.9846393 -2.0592579 -2.1307664 -2.1954359 -2.2555926 -2.3053384 -2.3521774 -2.391974 -2.4295158 -2.4593633 -2.487859 -2.5127319 -2.5327514 -2.5327514 -2.5348327 -2.5453055 -2.5522011 -2.5522011 -2.5429755 -2.5167935 -2.4953584 -2.4804347 -2.4651878 -2.4494786 -2.4358463 -2.4253735 -2.4080268 -2.3831539 -2.3605658 -2.3396202 -2.3254955 -2.3097863 -2.2962782 -2.280569 -2.2754401 -2.2702037 -2.2485187 -2.2235738 -2.2191464 -2.2154801 -2.2207165 -2.2281441
-1.4455182 -1.4009109 -1.3687859 -1.3515686 -1.35 -1.364161 -1.3923327 -1.4276525 -1.4763075 -1.5346186 -1.6031886 -1.672981 -1.7525742 -1.8321674 -1.9117607 -1.989748 -2.0643666 -2.1358751 -2.2005446 -2.2622056 -2.3161061 -2.3629451 -2.4027417 -2.4397332 -2.4695806 -2.4980764 -2.5229493 -2.5413179 -2.5413179 -2.5439495 -2.5544223 -2.5613179 -2.5613179 -2.5526426 -2.5290911 -2.5106845 -2.4957608 -2.4805139 -2.4648047 -2.4490955 -2.4355909 -2.4136484 -2.3860615 -2.3573806 -2.3312099 -2.2997068 -2.2754384 -2.2477533 -2.2270432 -2.1934749 -2.1810733 -2.141274 -2.1132467 -2.0967687 -2.0901335 -2.0819122 -2.0904403
-1.4310856 -1.3962143 -1.3663669 -1.3539855 -1.3539855 -1.3701393 -1.3999867 -1.4379718 -1.4853487 -1.5405969 -1.610241 -1.6833003 -1.7628935 -1.8441435 -1.9240727 -2.0036659 -2.0786714 -2.1501799 -2.2148494 -2.2765104 -2.3312307 -2.3815909 -2.4213875 -2.4603718 -2.4902192 -2.518715 -2.5435879 -2.5619565 -2.5619565 -2.5645881 -2.5750609 -2.5819565 -2.5819565 -2.5750163 -2.5540707 -2.5376569 -2.5227332 -2.5074863 -2.4917771 -2.4780607 -2.4623515 -2.4362798 -2.4064323 -2.3716854 -2.3402671 -2.301344 -2.2646892 -2.2220627 -2.1906443 -2.1467901 -2.1101354 -2.0625648 -2.0205963 -1.9949687 -1.9762362 -1.9633043 -1.957769
-1.4294871 -1.3981525 -1.3782542 -1.3686202 -1.3733579 -1.3900088 -1.4198563 -1.4578414 -1.5052183 -1.5604665 -1.6301105 -1.7031699 -1.7827631 -1.8640131 -1.9485809 -2.0301587 -2.1097519 -2.1832958 -2.2479653 -2.3096263 -2.3643467 -2.4147762 -2.4595473 -2.5001109 -2.5299584 -2.5584541 -2.583327 -2.6016957 -2.6016957 -2.6043272 -2.6148 -2.6216957 -2.6216957 -2.6147554 -2.5938098 -2.5775007 -2.5675516 -2.5538486 -2.5381394 -2.5250574 -2.5145846 -2.4883131 -2.4534911 -2.4159405 -2.3740493 -2.3314071 -2.2845588 -2.2319361 -2.1773979 -2.1236557 -2.0703962 -2.0139912 -1.9609876 -1.9167691 -1.8835115 -1.8573295 -1.8451748
-1.4449817 -1.4177993 -1.4007491 -1.3973308 -1.4044903 -1.4236311 -1.4534786 -1.493663 -1.5437523 -1.5990004 -1.6686445 -1.7417038 -1.821297 -1.902547 -1.9871148 -2.0716826 -2.1545816 -2.2295096 -2.2956204 -2.3607518 -2.4168626 -2.4721974 -2.5169685 -2.5575321 -2.5873796 -2.6158753 -2.6407482 -2.6591168 -2.6448715 -2.6028082 -2.6118171 -2.6152649 -2.6168504 -2.6132364 -2.6054728 -2.6103635 -2.6023981 -2.5930071 -2.5796003 -2.5691276 -2.5364532 -2.4944739 -2.4653142 -2.433587 -2.3935611 -2.3481508 -2.3046905 -2.2508234 -2.189083 -2.130711 -2.0638849 -2.0056869 -1.9239726 -1.8778864 -1.8248412 -1.7946958 -1.7676173
-1.4693477 -1.4512027 -1.436279 -1.4356331 -1.4451085 -1.4642493 -1.4940968 -1.5342812 -1.5863958 -1.644707 -1.714351 -1.7874103 -1.8670036 -1.9504954 -2.0350632 -2.119631 -2.2041988 -2.2852223 -2.3548663 -2.4215019 -2.4811968 -2.5365316 -2.5813028 -2.6218663 -2.6517138 -2.6790886 -2.7039615 -2.7033572 -2.6436623 -2.5991623 -2.6043987 -2.6084247 -2.6133993 -2.6219307 -2.6376399 -2.645749 -2.6407744 -2.6335378 -2.623065 -2.5915753 -2.5392113 -2.5031219 -2.478249 -2.4476427 -2.4109879 -2.3719349 -2.3300437 -2.2710637 -2.208227 -2.1386836 -2.0706105 -1.9854828 -1.9017295 -1.8371798 -1.7761318 -1.7342407 -1.6999828
-1.5128124 -1.4983493 -1.4921621 -1.4915163 -1.5009916 -1.5201325 -1.5499799 -1.5901644 -1.642279 -1.7005901 -1.7702342 -1.8432935 -1.9268991 -2.0131237 -2.102666 -2.1879326 -2.2725004 -2.3539581 -2.4285767 -2.4960128 -2.5557077 -2.6110425 -2.6558137 -2.6963772 -2.7262247 -2.7533687 -2.773267 -2.7711191 -2.6965004 -2.6486413 -2.6486413 -2.6513111 -2.6513111 -2.6591862 -2.679197 -2.6892137 -2.6842391 -2.6770025 -2.6665297 -2.63504 -2.582676 -2.5465866 -2.5217137 -2.4930328 -2.4606618 -2.424007 -2.3859269 -2.3240758 -2.2579009 -2.1816699 -2.1078659 -2.015105 -1.9265664 -1.8436568 -1.7759233 -1.7130865 -1.6740959
-1.5611446 -1.5524322 -1.5489334 -1.5544782 -1.5639536 -1.5830944 -1.613816 -1.6544664 -1.7052409 -1.7635521 -1.8331961 -1.9079631 -1.9925309 -2.0787555 -2.1684686 -2.2597737 -2.3443415 -2.4257991 -2.5004868 -2.5740631 -2.633758 -2.6890927 -2.7338639 -2.7744275 -2.8042749 -2.8265279 -2.8442385 -2.8394207 -2.7648021 -2.687697 -2.687697 -2.687697 -2.6874839 -2.6910978 -2.7115326 -2.7185207 -2.7135462 -2.7063096 -2.6958368 -2.664347 -2.6119831 -2.5758936 -2.5539385 -2.5294187 -2.4980003 -2.4630628 -2.4309979 -2.3728802 -2.3075748 -2.2313438 -2.1527978 -2.0594392 -1.9584822 -1.8755726 -1.7900809 -1.7272441 -1.6704954
-1.619906 -1.6172351 -1.6172351 -1.6227798 -1.6322552 -1.6535049 -1.6883269 -1.7289772 -1.7763542 -1.8318537 -1.9014978 -1.9762647 -2.0608325 -2.1484625 -2.2429795 -2.3342845 -2.4188523 -2.5016137 -2.5812069 -2.6547832 -2.7144781 -2.7698128 -2.814584 -2.8539964 -2.8788693 -2.9010388 -2.9159625 -2.9014254 -2.7969593 -2.7187432 -2.7187432 -2.7172954 -2.7123208 -2.7144511 -2.7301603 -2.7371485 -2.7321739 -2.7249373 -2.7144645 -2.6829747 -2.6306108 -2.5999085 -2.5849847 -2.5604649 -2.5290465 -2.5006446 -2.4744626 -2.4200855 -2.3572487 -2.2810177 -2.2024717 -2.0997407 -1.9957376 -1.9019089 -1.8130744 -1.7397649 -1.6773359
-1.6918227 -1.6928677 -1.6962609 -1.7018057 -1.7151462 -1.736777 -1.7676041 -1.8082544 -1.8556313 -1.9108795 -1.9805236 -2.0552905 -2.1398583 -2.2277397 -2.3222566 -2.4119558 -2.4917744 -2.5747872 -2.6543804 -2.7264524 -2.7812965 -2.8366312 -2.8647042 -2.8796279 -2.8945957 -2.9140618 -2.9190364 -2.9091864 -2.8295932 -2.7491438 -2.7390652 -2.7339678 -2.7196813 -2.7215602 -2.7173103 -2.7040297 -2.6947975 -2.6897152 -2.6834432 -2.665089 -2.6313649 -2.6011653 -2.5862415 -2.5708608 -2.5493685 -2.5179501 -2.4889323 -2.4427904 -2.3846799 -2.3173784 -2.242613 -2.1492544 -2.0477191 -1.9537549 -1.8620716 -1.7783981 -1.7083802
-1.7596717 -1.7692594 -1.774234 -1.7846147 -1.7988278 -1.8204586 -1.850306 -1.8860917 -1.9328759 -1.9863656 -2.054976 -2.129743 -2.2143108 -2.3005353 -2.393917 -2.4836161 -2.5632093 -2.6396924 -2.7168115 -2.7873793 -2.8408118 -2.883905 -2.8988287 -2.902571 -2.9147156 -2.9228808 -2.9235342 -2.9050935 -2.824009 -2.7578368 -2.742935 -2.7292428 -2.7132261 -2.6980421 -2.6823329 -2.6634681 -2.653519 -2.6433544 -2.6374802 -2.6269896 -2.6011376 -2.5872047 -2.5722809 -2.5624845 -2.5467753 -2.5260928 -2.4946744 -2.4556645 -2.4033006 -2.3431266 -2.2750534 -2.1878767 -2.0936312 -1.999667 -1.9079838 -1.8242014 -1.7437108
-1.8314279 -1.84394 -1.8538892 -1.8653349 -1.8795479 -1.9011787 -1.9310261 -1.9668119 -2.0094511 -2.0608765 -2.125546 -2.1980446 -2.2826124 -2.368837 -2.4583794 -2.5457085 -2.6253017 -2.7017848 -2.7714288 -2.8370532 -2.886799 -2.9260054 -2.9260054 -2.927408 -2.9323826 -2.9352993 -2.9253502 -2.8988842 -2.8143164 -2.7454183 -2.7192364 -2.6981966 -2.6782983 -2.6593138 -2.6331319 -2.6137942 -2.6038451 -2.5936805 -2.5832077 -2.5711064 -2.5553972 -2.5440456 -2.539071 -2.5319468 -2.5267104 -2.5089192 -2.4879736 -2.4530548 -2.415719 -2.3588903 -2.2998904 -2.2170045 -2.1308867 -2.0369225 -1.9452392 -1.8614569 -1.7809662
