P2_models/J1_p2_tot_conduct_slide_102.59.dat.tif
NCOLS 118
NROWS 92
XLLCORNER 139.62
YLLCORNER -39.07
DX 0.099491525
DY 0.099347826
NODATA_VALUE -9999
[rows 0 to 25 of 92, columns 57 to 113 of 118]
-3.1236703 -3.1139108 -3.0752196 -3.0383261 -2.9754894 -2.9057144 -2.8062229 -2.6809969 -2.5667228 -2.4220371 -2.2608938 -2.1005086 -1.9347466 -1.7500766 -1.5722498 -1.4119579 -1.273435 -1.1573616 -1.0855862 -1.0363913 -1.0542252 -1.0919041 -1.2016361 -1.3433717 -1.5241083 -1.7116412 -1.9216788 -2.1228378 -2.3246825 -2.4927655 -2.6354488 -2.729413 -2.7815292 -2.7990865 -2.7627915 -2.7169252 -2.6214389 -2.518403 -2.4126319 -2.3175814 -2.2356472 -2.2027844 -2.170589 -2.1545 -2.1640414 -2.2167134 -2.2793333 -2.3437102 -2.3818726 -2.4182173 -2.4416271 -2.4477609 -2.4477609 -2.4184441 -2.3504915 -2.2681816 -2.1387397
-3.3044552 -3.2794475 -3.2303688 -3.1661196 -3.0872748 -2.9894291 -2.867952 -2.700202 -2.5673484 -2.4026308 -2.2063396 -2.0365224 -1.8402795 -1.6499286 -1.4679183 -1.3053605 -1.1708549 -1.0581019 -0.99742861 -0.96579516 -0.99343169 -1.0604906 -1.179435 -1.3381356 -1.5256086 -1.7266045 -1.9402639 -2.1461584 -2.3440732 -2.5126937 -2.6478496 -2.7381861 -2.7788915 -2.7942319 -2.7599586 -2.7099529 -2.6166546 -2.5232299 -2.4199316 -2.3311928 -2.2642608 -2.242279 -2.2155954 -2.200197 -2.220521 -2.2756175 -2.3381051 -2.4066114 -2.4363305 -2.4686317 -2.4920415 -2.500197 -2.4962172 -2.4751941 -2.4270832 -2.3493998 -2.2425304
-3.4798152 -3.4436258 -3.3772981 -3.2927731 -3.198518 -3.0718768 -2.9357305 -2.7669343 -2.5900605 -2.3848989 -2.1796903 -1.9807072 -1.7812011 -1.582218 -1.3983061 -1.2324869 -1.1025067 -0.99196056 -0.9494229 -0.92387305 -0.98006991 -1.0514875 -1.1841429 -1.3428435 -1.5418265 -1.7505821 -1.9661471 -2.1661602 -2.3624563 -2.5204723 -2.6469749 -2.7298845 -2.7616972 -2.7675497 -2.7267546 -2.6763981 -2.5896574 -2.498112 -2.3986205 -2.3278804 -2.2693559 -2.2513524 -2.2410462 -2.2410462 -2.2636284 -2.3221529 -2.3896497 -2.459879 -2.4872276 -2.5115733 -2.5349831 -2.5388019 -2.5329495 -2.5097945 -2.473875 -2.4036457 -2.3213759
-3.604 -3.5678106 -3.5014829 -3.4091739 -3.3040751 -3.1559618 -2.9978229 -2.8214947 -2.6397344 -2.420111 -2.2098303 -1.995138 -1.7927726 -1.5884273 -1.4064169 -1.2449054 -1.1208376 -1.0167975 -0.97679233 -0.96112849 -1.0274562 -1.1017542 -1.2399369 -1.3987266 -1.5977097 -1.7966927 -2.0034025 -2.1947914 -2.3872933 -2.5304661 -2.6349673 -2.6988383 -2.6850522 -2.6309464 -2.5901513 -2.5397949 -2.4695656 -2.3801364 -2.2940373 -2.2407771 -2.1948451 -2.1992025 -2.1978537 -2.2505257 -2.2760469 -2.3442574 -2.4144867 -2.484716 -2.5230628 -2.5488287 -2.567545 -2.5698481 -2.5639957 -2.4874382 -2.4428288 -2.3816873 -2.3121709
-3.6672391 -3.6706991 -3.6050766 -3.5186508 -3.4086865 -3.2497525 -3.0769515 -2.898295 -2.7103666 -2.4933176 -2.2732338 -2.0585416 -1.8477432 -1.6448043 -1.462116 -1.302341 -1.1862044 -1.0867129 -1.0552298 -1.0454491 -1.1117768 -1.1914943 -1.3278513 -1.4830144 -1.680067 -1.8643422 -2.0633252 -2.2320468 -2.4160941 -2.5448479 -2.6208323 -2.6748505 -2.6451812 -2.5515422 -2.4859054 -2.4353745 -2.3623781 -2.28839 -2.2078026 -2.1679035 -2.1327888 -2.1511659 -2.1683687 -2.2305936 -2.2900403 -2.3634263 -2.4422652 -2.5124945 -2.5508414 -2.5810339 -2.5967858 -2.589128 -2.5832756 -2.5037765 -2.4304088 -2.3718843 -2.3023679
-3.7304072 -3.74521 -3.6844096 -3.5997233 -3.5002318 -3.3415932 -3.1583193 -2.9817101 -2.8035052 -2.5888583 -2.3725816 -2.1578894 -1.947091 -1.748108 -1.5676731 -1.4129085 -1.2990461 -1.2106092 -1.186784 -1.1820524 -1.2483801 -1.3280976 -1.460753 -1.6134084 -1.7948341 -1.9719134 -2.1440453 -2.2995114 -2.4533496 -2.5551678 -2.6270416 -2.6491508 -2.6073982 -2.5020542 -2.4311438 -2.3670728 -2.2909911 -2.2159395 -2.1457102 -2.1077391 -2.0893242 -2.115916 -2.149741 -2.2258227 -2.3004766 -2.3882633 -2.4681237 -2.5435407 -2.5818876 -2.6095611 -2.6154136 -2.6060118 -2.5894848 -2.507064 -2.4304088 -2.3718843 -2.3023679
-3.7439538 -3.7661203 -3.714691 -3.637563 -3.5529283 -3.4025714 -3.2276716 -3.0731555 -2.9016366 -2.6908756 -2.4987297 -2.2911455 -2.1000394 -1.910086 -1.7429109 -1.6013944 -1.4965733 -1.4168697 -1.3984281 -1.3936964 -1.4590755 -1.5343816 -1.6590242 -1.7836143 -1.9466684 -2.1212 -2.2598708 -2.4054697 -2.510126 -2.5952504 -2.6332508 -2.6353397 -2.5573212 -2.4433586 -2.3707497 -2.2934112 -2.2145555 -2.1324069 -2.0714532 -2.0402867 -2.0419163 -2.0974278 -2.1364733 -2.2213843 -2.3199535 -2.4146816 -2.4983207 -2.5744025 -2.6075737 -2.6335489 -2.6360802 -2.6246395 -2.6020561 -2.5079131 -2.4304088 -2.3655411 -2.2916478
-3.7453873 -3.7805399 -3.7363215 -3.6779416 -3.5993957 -3.467205 -3.2944039 -3.1508729 -3.0016356 -2.8275468 -2.6444777 -2.4604322 -2.2857667 -2.1104868 -1.9608568 -1.8282015 -1.7366161 -1.6592338 -1.6407922 -1.6358157 -1.6920918 -1.7573555 -1.8656343 -1.97767 -2.1239811 -2.2452589 -2.3779143 -2.467562 -2.5687637 -2.6155833 -2.6130969 -2.5965149 -2.51065 -2.3818963 -2.2931052 -2.2155872 -2.1291954 -2.0526849 -2.0000129 -1.9988764 -2.0047288 -2.0696561 -2.1374347 -2.2478584 -2.3509442 -2.4504357 -2.5387827 -2.6148644 -2.6410963 -2.6609851 -2.6609851 -2.6410229 -2.6176132 -2.5256022 -2.4359063 -2.365677 -2.2802732
-3.7277853 -3.752162 -3.7300527 -3.6779262 -3.6180234 -3.4999814 -3.3564963 -3.2320038 -3.1071927 -2.9632991 -2.7997086 -2.6426167 -2.4782532 -2.3455978 -2.207294 -2.101408 -2.0174626 -1.9572773 -1.9388357 -1.9338592 -1.9780777 -2.0367713 -2.1196809 -2.2202091 -2.3226768 -2.4218415 -2.5145175 -2.5649742 -2.6308561 -2.6415422 -2.6160789 -2.5552785 -2.4590049 -2.3073854 -2.212458 -2.1286579 -2.0467237 -1.9719648 -1.9413342 -1.9550829 -1.9861011 -2.0715844 -2.1560624 -2.2906686 -2.4007284 -2.5177772 -2.6070843 -2.6831661 -2.6915861 -2.7044497 -2.6987101 -2.6737898 -2.6424501 -2.5590273 -2.4731617 -2.380572 -2.2905969
-3.6649275 -3.6671639 -3.655141 -3.6337246 -3.5840754 -3.5049318 -3.3747532 -3.3010083 -3.1904622 -3.0988974 -2.9588547 -2.8257621 -2.6884279 -2.5846082 -2.4834736 -2.3930863 -2.3332982 -2.2811225 -2.2666545 -2.261372 -2.2846284 -2.3299627 -2.3940454 -2.4604853 -2.5404216 -2.5907653 -2.6638904 -2.66489 -2.7006596 -2.689908 -2.6149715 -2.5404855 -2.416824 -2.2556633 -2.1432641 -2.05537 -1.9815941 -1.9165742 -1.8972391 -1.9366659 -1.9803105 -2.0904417 -2.1899086 -2.3356156 -2.4634471 -2.580496 -2.6618768 -2.7373776 -2.7372904 -2.7391594 -2.7310923 -2.696506 -2.6605112 -2.5679131 -2.478654 -2.3829498 -2.2944503
-3.5120467 -3.5316861 -3.5372134 -3.5335548 -3.5126092 -3.4548507 -3.365832 -3.3112193 -3.2559462 -3.1883405 -3.1091056 -2.9886685 -2.8871236 -2.8097413 -2.745387 -2.6845867 -2.6469368 -2.613773 -2.6032786 -2.5977513 -2.61129 -2.6296348 -2.6793805 -2.718281 -2.7592481 -2.7828772 -2.8105137 -2.7920704 -2.7723538 -2.7079769 -2.6231762 -2.529212 -2.3889064 -2.2133331 -2.0977779 -1.9943197 -1.9260329 -1.878356 -1.878356 -1.9260028 -1.9903797 -2.1097606 -2.234251 -2.3864145 -2.5250286 -2.6420775 -2.7193483 -2.7837252 -2.7772658 -2.7690707 -2.7573658 -2.7211355 -2.674316 -2.5770085 -2.4775169 -2.3780254 -2.2903479
-3.3191132 -3.3476857 -3.3819824 -3.3966898 -3.4070522 -3.382516 -3.3347858 -3.3148438 -3.2869924 -3.2691252 -3.2084723 -3.1194536 -3.0292073 -3.007098 -2.9553013 -2.926747 -2.907698 -2.899398 -2.8889036 -2.8833763 -2.877849 -2.88866 -2.9052419 -2.9285288 -2.9268976 -2.9209407 -2.9160708 -2.8615087 -2.8220277 -2.7380456 -2.6286906 -2.504375 -2.3593027 -2.1760777 -2.0643379 -1.9632735 -1.9106015 -1.8659375 -1.8897528 -1.9584417 -2.0400536 -2.1761276 -2.3087618 -2.4609253 -2.5995395 -2.7063045 -2.7720174 -2.8271898 -2.8051298 -2.7939077 -2.7772104 -2.7367717 -2.6867345 -2.5843856 -2.4837262 -2.3842346 -2.2993991
-3.0920421 -3.1357563 -3.178464 -3.2155349 -3.2476429 -3.2477946 -3.2505566 -3.293519 -3.293519 -3.2774879 -3.2851367 -3.196118 -3.1852535 -3.1641092 -3.1637184 -3.1475715 -3.1530988 -3.1608732 -3.1583262 -3.1495584 -3.1440311 -3.1332456 -3.1498275 -3.0725206 -3.0561038 -3.0335019 -2.9931233 -2.9281798 -2.8564365 -2.756945 -2.6281471 -2.499538 -2.3312604 -2.1439471 -2.030323 -1.9419487 -1.8892767 -1.8791183 -1.9142143 -1.9965124 -2.1008602 -2.2420039 -2.3865132 -2.5386767 -2.6760149 -2.7759542 -2.8341098 -2.8748172 -2.832392 -2.810155 -2.791396 -2.7489185 -2.6962465 -2.5935636 -2.4899354 -2.3904439 -2.3056084
-2.8623003 -2.9127588 -2.9735592 -3.0286023 -3.0862027 -3.1289182 -3.1760457 -3.229494 -3.2811005 -3.3177971 -3.3462427 -3.3567155 -3.3648507 -3.3814326 -3.3904138 -3.3959411 -3.4043974 -3.415452 -3.4089213 -3.3979279 -3.3772859 -3.3505454 -3.2455265 -3.1656592 -3.1246921 -3.0794426 -3.0241695 -2.9549411 -2.8812735 -2.7476658 -2.6128838 -2.4747011 -2.3064234 -2.1132928 -2.0115384 -1.9295303 -1.9042415 -1.9057205 -1.9700974 -2.0645314 -2.1815803 -2.3227241 -2.4672364 -2.6252523 -2.7561124 -2.8380466 -2.8893765 -2.9244911 -2.8653754 -2.821015 -2.7976053 -2.7551277 -2.7024557 -2.5997728 -2.4961446 -2.3966531 -2.3211588
-2.6382174 -2.6931133 -2.7573363 -2.8349379 -2.9077856 -2.9905197 -3.0562631 -3.1483131 -3.2159152 -3.3139378 -3.3625926 -3.4117359 -3.4305732 -3.4685997 -3.490031 -3.5084955 -3.5279399 -3.5455336 -3.5384526 -3.5271531 -3.4939893 -3.4460753 -3.3047113 -3.2179496 -3.1669 -3.1010254 -3.0382388 -2.9491193 -2.8698536 -2.7314569 -2.5860741 -2.4442052 -2.288749 -2.1054328 -2.0279663 -1.9528103 -1.956823 -1.9616037 -2.0429344 -2.1616632 -2.2849362 -2.4110942 -2.5525057 -2.6952048 -2.8238638 -2.8907195 -2.9215021 -2.9515292 -2.8810955 -2.8328832 -2.8094735 -2.7631823 -2.7086649 -2.6059821 -2.5023539 -2.4063329 -2.3420059
-2.4232826 -2.473068 -2.5393957 -2.6232192 -2.7122379 -2.814811 -2.9090661 -3.0276157 -3.1326345 -3.2482517 -3.3460929 -3.40663 -3.4624552 -3.5091644 -3.5500944 -3.5777309 -3.6093529 -3.6369895 -3.6328887 -3.6195353 -3.5844399 -3.5244964 -3.3726283 -3.2530334 -3.194509 -3.115115 -3.0377327 -2.9398665 -2.842469 -2.6961579 -2.558666 -2.4150362 -2.2670439 -2.097323 -2.0375745 -1.9851706 -2.0019327 -2.0359756 -2.1296147 -2.2543217 -2.3889279 -2.506812 -2.6335404 -2.7696808 -2.8785243 -2.936635 -2.9558748 -2.9734322 -2.8997258 -2.8435581 -2.8201483 -2.7718644 -2.71334 -2.6103231 -2.508654 -2.415015 -2.3566662
-2.2248986 -2.2675056 -2.328306 -2.4135271 -2.5130187 -2.6241043 -2.7434864 -2.8804065 -3.0200403 -3.162465 -3.2864842 -3.3755029 -3.4492088 -3.5155365 -3.5642046 -3.6028957 -3.6388188 -3.6767286 -3.669478 -3.6526513 -3.6139601 -3.5509892 -3.38517 -3.2587406 -3.1826588 -3.0947173 -2.9979936 -2.8916 -2.7828603 -2.6365492 -2.4990573 -2.3774565 -2.2399911 -2.097323 -2.0560876 -2.0315329 -2.0725 -2.1240583 -2.2411071 -2.3653245 -2.4948989 -2.5977703 -2.7063955 -2.8292968 -2.9280131 -2.9631278 -2.9784269 -2.9866785 -2.9089427 -2.8501812 -2.8267715 -2.7766668 -2.71334 -2.6103231 -2.5092291 -2.4214425 -2.3666319
-2.0999724 -2.1214544 -2.1715535 -2.2464452 -2.339405 -2.449967 -2.5741428 -2.7309685 -2.8820736 -3.0272441 -3.1856173 -3.278529 -3.3776771 -3.4494319 -3.5129442 -3.554499 -3.5952381 -3.5829917 -3.5634296 -3.5515145 -3.5128233 -3.4484684 -3.2717655 -3.122282 -3.0514274 -2.9593337 -2.8682813 -2.7605035 -2.6623467 -2.5217755 -2.4031021 -2.3007948 -2.2305356 -2.1122589 -2.0757343 -2.0903382 -2.1369369 -2.2261742 -2.3405796 -2.4625287 -2.5782373 -2.6493854 -2.7510902 -2.8687217 -2.9433727 -2.9724427 -2.9839631 -2.9850883 -2.8576823 -2.7975368 -2.774127 -2.7240223 -2.6688008 -2.6054114 -2.5057015 -2.4179148 -2.3631043
-1.9819085 -1.9888406 -2.0275317 -2.0917042 -2.180723 -2.2926337 -2.4183072 -2.5728911 -2.7387103 -2.9098732 -3.0748477 -3.185995 -3.293737 -3.3766466 -3.4448254 -3.4890438 -3.4867941 -3.4536303 -3.438602 -3.4248159 -3.3829456 -3.3141274 -3.1096323 -2.9556651 -2.8912883 -2.8070919 -2.718655 -2.6253828 -2.5299046 -2.4128557 -2.3245358 -2.2471535 -2.1858617 -2.1214848 -2.1340007 -2.1528799 -2.231801 -2.319159 -2.4303554 -2.5359472 -2.6471436 -2.7144272 -2.7827838 -2.8811402 -2.9512747 -2.9746845 -2.98 -2.98 -2.8414883 -2.7415653 -2.7181555 -2.6734361 -2.6207641 -2.5638671 -2.4972504 -2.4094637 -2.364223
-1.9225036 -1.9211711 -1.9343931 -1.9905783 -2.0627474 -2.1697189 -2.2879131 -2.4361607 -2.5958978 -2.7670607 -2.9320352 -3.0629451 -3.176758 -3.2817768 -3.3542943 -3.4083237 -3.4107907 -3.3853287 -3.3665723 -3.3440958 -3.2888228 -3.2147795 -3.0268511 -2.8702363 -2.7857312 -2.6935558 -2.5944702 -2.5011981 -2.4057198 -2.3065032 -2.2382114 -2.2036889 -2.1590727 -2.1276941 -2.1683424 -2.2087631 -2.3024022 -2.3936698 -2.5048662 -2.5981414 -2.6906082 -2.7462688 -2.8076208 -2.8954074 -2.9636932 -2.9762213 -2.98 -2.98 -2.8414883 -2.7415653 -2.7128643 -2.6645342 -2.6083457 -2.5467062 -2.4786227 -2.4011195 -2.3580138
-1.9344918 -1.9015515 -1.9060908 -1.9399126 -1.9947309 -2.0835979 -2.1846006 -2.3093061 -2.4640707 -2.6348664 -2.7856833 -2.9165932 -3.0410854 -3.1461043 -3.2293011 -3.2845741 -3.2911372 -3.271574 -3.2504582 -3.2209029 -3.1656298 -3.0694195 -2.8824037 -2.7413903 -2.6486385 -2.5490653 -2.4440465 -2.3486981 -2.2692966 -2.18151 -2.1415334 -2.1166848 -2.1409171 -2.1263659 -2.1745516 -2.254028 -2.3476671 -2.4575625 -2.5649453 -2.6514159 -2.7273979 -2.768497 -2.8218395 -2.9096261 -2.9645165 -2.9745713 -2.9764606 -2.9731056 -2.8344095 -2.7323778 -2.7016151 -2.6512462 -2.5927218 -2.5342877 -2.4674526 -2.3913708 -2.3482652
-1.9469103 -1.904045 -1.8874631 -1.9012201 -1.9326385 -2.0014704 -2.0852528 -2.2069596 -2.3398859 -2.4903123 -2.6366615 -2.7675714 -2.8920637 -2.9970825 -3.0802793 -3.1355524 -3.1453434 -3.1287615 -3.0990806 -3.0656719 -2.9890502 -2.8936739 -2.7333819 -2.5923686 -2.4811722 -2.3752066 -2.2701878 -2.1931748 -2.1213348 -2.0803677 -2.0559563 -2.0670109 -2.0912432 -2.1263578 -2.2026915 -2.2912835 -2.4022492 -2.5085616 -2.6022007 -2.6820055 -2.7522348 -2.7889663 -2.8277468 -2.909681 -2.9625096 -2.968362 -2.9665396 -2.9606872 -2.8219911 -2.718102 -2.6829874 -2.6326185 -2.5740941 -2.5179839 -2.4550341 -2.3789524 -2.3358467
-2.0173188 -1.9597787 -1.9184844 -1.9117754 -1.9237698 -1.9695504 -2.0367455 -2.1241397 -2.2402671 -2.3568914 -2.4930466 -2.5977745 -2.716689 -2.8067528 -2.8851003 -2.9325125 -2.9390756 -2.9196179 -2.8858784 -2.8301769 -2.7362127 -2.6431409 -2.4985667 -2.3598515 -2.252712 -2.1608634 -2.0661425 -2.0239815 -1.9647913 -1.9471465 -1.9744008 -2.0205145 -2.0703899 -2.130702 -2.2337421 -2.33162 -2.4486688 -2.5545553 -2.6645419 -2.7493325 -2.816791 -2.8535225 -2.8796773 -2.8397752 -2.8923524 -2.8937391 -2.8858129 -2.8775685 -2.7629614 -2.6601523 -2.6293538 -2.5848374 -2.5288545 -2.4961978 -2.4354662 -2.3677177 -2.3253249
-2.1173501 -2.0383935 -1.9864247 -1.9495448 -1.9495448 -1.9631133 -2.0154773 -2.0762883 -2.1647252 -2.2547515 -2.3624358 -2.4514281 -2.5425275 -2.62101 -2.6779262 -2.7203074 -2.7171902 -2.695081 -2.6457684 -2.5844826 -2.4905184 -2.3920909 -2.2567624 -2.1350121 -2.0311502 -1.9579037 -1.8749941 -1.8551463 -1.8249253 -1.8366302 -1.9000303 -1.9610394 -2.0476675 -2.1296017 -2.2429712 -2.3588993 -2.4733305 -2.5903794 -2.7063804 -2.7810504 -2.8454272 -2.8788033 -2.9049581 -2.863991 -2.8388315 -2.8379287 -2.8281132 -2.8164083 -2.7044089 -2.6182882 -2.5890259 -2.5500937 -2.4974217 -2.4734754 -2.4312418 -2.3674686 -2.3188878
-2.2271454 -2.1439506 -2.0720956 -2.0283112 -1.9968928 -2.0001906 -2.0106634 -2.0596003 -2.1150513 -2.1821134 -2.2568788 -2.3197155 -2.3872965 -2.4370423 -2.4792305 -2.4958125 -2.486074 -2.4529206 -2.3965375 -2.3299038 -2.2359396 -2.1375121 -2.0214386 -1.9114795 -1.8236929 -1.7589297 -1.7073447 -1.7017985 -1.7007405 -1.7543466 -1.8255195 -1.9194837 -2.0191009 -2.1358109 -2.2510258 -2.3713178 -2.4825142 -2.5948272 -2.7001711 -2.7732569 -2.8267995 -2.8579724 -2.8801212 -2.8391541 -2.812735 -2.8068825 -2.797067 -2.7853621 -2.6765928 -2.5934512 -2.564189 -2.5272996 -2.4850033 -2.4702706 -2.4384115 -2.3798871 -2.3286907
-2.3451209 -2.2554562 -2.1776527 -2.1142849 -2.0724023 -2.0445745 -2.0437069 -2.046053 -2.0875051 -2.1115971 -2.1707735 -2.1985267 -2.2485282 -2.2713901 -2.2944645 -2.2971168 -2.2719473 -2.2335895 -2.1732223 -2.1014392 -2.0126244 -1.919776 -1.8241764 -1.730701 -1.6574768 -1.6221738 -1.5824381 -1.6100558 -1.6213113 -1.6885171 -1.7941084 -1.9075 -2.0173131 -2.1363671 -2.2572351 -2.3780022 -2.4740903 -2.5834073 -2.6769817 -2.7338261 -2.7832454 -2.8033011 -2.824574 -2.7882641 -2.7608464 -2.7516727 -2.7399678 -2.7282629 -2.640336 -2.558193 -2.5352743 -2.5177169 -2.482338 -2.4839051 -2.4560406 -2.4035605 -2.3494129
