P2_models/J1_p2_tot_conduct_slide_257.29.dat.tif
NCOLS 118
NROWS 92
XLLCORNER 139.62
YLLCORNER -39.07
DX 0.099491525
DY 0.099347826
NODATA_VALUE -9999
[rows 0 to 25 of 92, columns 0 to 57 of 118]
-1.5368031 -1.5512662 -1.5562408 -1.555532 -1.5507943 -1.5415623 -1.5316131 -1.5240833 -1.5193456 -1.5031835 -1.5021304 -1.5004228 -1.5140901 -1.5240435 -1.5424819 -1.5655921 -1.5954396 -1.6125348 -1.6499982 -1.6852821 -1.7190691 -1.7509843 -1.7934821 -1.8312406 -1.8598497 -1.8896971 -1.9195446 -1.9427469 -1.9626452 -1.9814908 -2.0017305 -2.0240175 -2.0442384 -2.0679538 -2.0993722 -2.1280308 -2.1529036 -2.1802043 -2.2011498 -2.2293714 -2.2607898 -2.2864869 -2.3014106 -2.3137449 -2.3245223 -2.3181432 -2.2919613 -2.2737632 -2.258054 -2.2265075 -2.1898528 -2.1374912 -2.0792337 -1.9981622 -1.912711 -1.8140682 -1.7129308 -1.5887608
-1.4864494 -1.4970787 -1.499803 -1.4970306 -1.4922929 -1.4850827 -1.4767821 -1.4741168 -1.4714937 -1.4684307 -1.4705245 -1.4821813 -1.4990972 -1.5223133 -1.5459924 -1.587395 -1.6253662 -1.6583238 -1.700651 -1.7493544 -1.7865544 -1.8348468 -1.8803598 -1.9244954 -1.9557248 -1.9941697 -2.0269794 -2.0542251 -2.0741234 -2.0942849 -2.1152305 -2.1358183 -2.1547291 -2.1751182 -2.2078219 -2.239509 -2.262996 -2.2833252 -2.3025662 -2.3261567 -2.3575751 -2.3792288 -2.3919191 -2.4021729 -2.4126457 -2.3984843 -2.3661634 -2.3454765 -2.3262251 -2.2918852 -2.2552305 -2.1988255 -2.1403843 -2.05745 -1.9665366 -1.8655984 -1.7506966 -1.623827
-1.4566894 -1.4594769 -1.4594769 -1.4567045 -1.4519668 -1.4465936 -1.4416191 -1.4394769 -1.4394769 -1.4445631 -1.4545123 -1.4695843 -1.4944572 -1.5258697 -1.5656663 -1.6086382 -1.6534094 -1.7018138 -1.7565342 -1.8107964 -1.8605422 -1.910288 -1.9600337 -2.0074975 -2.0472941 -2.085739 -2.1205611 -2.1514806 -2.1713789 -2.1915403 -2.2124859 -2.2318977 -2.2468215 -2.2689457 -2.3056005 -2.3299591 -2.3498574 -2.3675092 -2.3832184 -2.4057627 -2.4371811 -2.4553667 -2.4653159 -2.4750466 -2.4855194 -2.4627503 -2.4260955 -2.4019397 -2.3809941 -2.3477005 -2.3110457 -2.2546407 -2.1963832 -2.1086252 -2.0164119 -1.9064476 -1.7919923 -1.6610824
-1.4628986 -1.4608086 -1.4532677 -1.4504953 -1.4415151 -1.4341752 -1.4292006 -1.4287347 -1.4332677 -1.44206 -1.4669308 -1.4820028 -1.5137048 -1.5518404 -1.5966116 -1.6429329 -1.7026278 -1.7525197 -1.8122146 -1.8686419 -1.9283368 -1.9785896 -2.0283354 -2.0766786 -2.1214498 -2.1602499 -2.1950719 -2.2259914 -2.2458897 -2.2660512 -2.2869968 -2.3075847 -2.327483 -2.3496658 -2.3529864 -2.3532217 -2.3684851 -2.3845057 -2.3956368 -2.4139731 -2.4371811 -2.4529449 -2.4591066 -2.4663141 -2.4731009 -2.4413435 -2.3950493 -2.3743624 -2.3561572 -2.3307468 -2.2986272 -2.2422222 -2.1839647 -2.1065824 -2.0177119 -1.9182203 -1.8089018 -1.6983378
-1.4847079 -1.4758426 -1.4658934 -1.4562215 -1.4462945 -1.4364646 -1.43149 -1.4332234 -1.4387034 -1.4488002 -1.47249 -1.5007781 -1.5356002 -1.5783341 -1.6243901 -1.6739791 -1.733674 -1.794924 -1.8560054 -1.9157003 -1.9753952 -2.0321834 -2.0819291 -2.1302723 -2.1750435 -2.2171113 -2.2519334 -2.281552 -2.2998096 -2.319971 -2.3409166 -2.3598053 -2.3784612 -2.3882962 -2.3778234 -2.3759612 -2.3900408 -2.4031334 -2.4136062 -2.4293332 -2.4502788 -2.4617696 -2.4667442 -2.4689295 -2.4741659 -2.4406914 -2.3883274 -2.3639072 -2.348198 -2.3235593 -2.2973774 -2.24157 -2.1834961 -2.1088718 -2.0265366 -1.9270451 -1.8259077 -1.7172391
-1.5168218 -1.5068685 -1.4919448 -1.4791353 -1.4649222 -1.4550923 -1.4501177 -1.4518512 -1.4613265 -1.4736372 -1.4935355 -1.5202643 -1.5600609 -1.6031711 -1.6529168 -1.7050253 -1.7647202 -1.8259702 -1.8906397 -1.9529557 -2.0126507 -2.0694388 -2.1191846 -2.1675278 -2.212299 -2.2543668 -2.2891888 -2.3188074 -2.3337312 -2.3510172 -2.3719628 -2.3908515 -2.4057753 -2.4131331 -2.4026604 -2.4007982 -2.4107473 -2.4217611 -2.4322339 -2.4479609 -2.4689065 -2.4803974 -2.4853719 -2.4874524 -2.4874524 -2.4531098 -2.4007459 -2.3763257 -2.3606165 -2.3359778 -2.3097958 -2.2539885 -2.1959146 -2.1240596 -2.0451643 -1.9456728 -1.8445354 -1.7398075
-1.5647973 -1.5539948 -1.5357746 -1.5192032 -1.5049901 -1.4951602 -1.4874908 -1.4843597 -1.4906744 -1.5038342 -1.5258256 -1.5558213 -1.5935757 -1.6333681 -1.6811224 -1.7307114 -1.7904063 -1.8516563 -1.9144361 -1.974131 -2.0338259 -2.0906141 -2.1367838 -2.1779829 -2.2227541 -2.2648219 -2.299644 -2.3292626 -2.3425508 -2.3552632 -2.3762087 -2.3950975 -2.4100212 -2.4165299 -2.4037256 -2.3988349 -2.408784 -2.4189486 -2.4294214 -2.4451484 -2.4628704 -2.4722248 -2.4771994 -2.4823263 -2.4846399 -2.4494482 -2.3970842 -2.372664 -2.3569548 -2.3323161 -2.3061341 -2.2503268 -2.1922529 -2.1203979 -2.0423518 -1.9446298 -1.847083 -1.7445973
-1.6198742 -1.6007069 -1.5808086 -1.5642372 -1.5500241 -1.5362647 -1.5263156 -1.5231844 -1.5279221 -1.5366388 -1.5615117 -1.5897999 -1.6246219 -1.6611882 -1.7059594 -1.7524098 -1.8121047 -1.8686894 -1.9283559 -1.9850424 -2.0446072 -2.0984885 -2.1382851 -2.1751099 -2.2195476 -2.2602637 -2.2948681 -2.3283893 -2.3394123 -2.3508088 -2.3715009 -2.3903896 -2.4053133 -2.4100869 -2.3943778 -2.389487 -2.3994362 -2.4096008 -2.4200736 -2.4378814 -2.4535905 -2.4629449 -2.4679195 -2.4714771 -2.4767135 -2.4259767 -2.3736127 -2.3507619 -2.3350527 -2.310414 -2.284232 -2.2441176 -2.1858601 -2.1126194 -2.0369194 -1.9430605 -1.8455902 -1.7460987
-1.6757574 -1.6551975 -1.6304825 -1.6133601 -1.5944094 -1.5797294 -1.5697802 -1.5666491 -1.5713868 -1.5797252 -1.5946489 -1.6208461 -1.6512074 -1.6860251 -1.7307963 -1.7771735 -1.8269192 -1.8811079 -1.9308537 -1.9850424 -2.0347881 -2.0860701 -2.1216602 -2.1564822 -2.1913042 -2.2292175 -2.259065 -2.2911339 -2.3209813 -2.3383903 -2.3540995 -2.3717619 -2.3866856 -2.3914592 -2.37575 -2.3708593 -2.3808085 -2.3909731 -2.4014458 -2.4224271 -2.4535905 -2.4629449 -2.4679195 -2.47 -2.4705043 -2.3983187 -2.2991019 -2.2786737 -2.266751 -2.2421123 -2.2159303 -2.2094986 -2.1796508 -2.1022685 -2.0245009 -1.9354822 -1.8393044 -1.7345765
-1.725526 -1.7079279 -1.6843468 -1.6629394 -1.6422249 -1.6226949 -1.6108522 -1.6055217 -1.6082052 -1.6147851 -1.6272136 -1.6472603 -1.6761719 -1.7043583 -1.7439358 -1.7871011 -1.8315515 -1.8781871 -1.9225357 -1.9707773 -2.0177736 -2.0631592 -2.0972997 -2.1271471 -2.1591181 -2.1912367 -2.2181823 -2.2467289 -2.2736236 -2.2999184 -2.3156276 -2.3310685 -2.3459922 -2.3507658 -2.3362817 -2.3344196 -2.3443687 -2.3545333 -2.3650061 -2.3833602 -2.4131521 -2.4289159 -2.4338905 -2.435971 -2.435971 -2.3691066 -2.2606112 -2.2225023 -2.2117679 -2.1879008 -2.1617188 -2.1510335 -2.143584 -2.0702717 -1.9902826 -1.9012639 -1.8105993 -1.7110869
-1.7698607 -1.7514406 -1.7315423 -1.7094261 -1.6857376 -1.6662075 -1.6512838 -1.642466 -1.642466 -1.645161 -1.6551101 -1.6701822 -1.695055 -1.7199534 -1.7547755 -1.7903814 -1.830178 -1.8691526 -1.9089492 -1.9486061 -1.9933773 -2.0337883 -2.0636357 -2.0918392 -2.1216866 -2.1493604 -2.1742333 -2.1982841 -2.223157 -2.2457273 -2.2614364 -2.2768773 -2.2918011 -2.2983098 -2.287837 -2.2867968 -2.296746 -2.3069106 -2.3173833 -2.3357375 -2.3619195 -2.3755468 -2.3805214 -2.3817799 -2.3817799 -2.3173815 -2.21789 -2.18227 -2.1665608 -2.1411001 -2.1149181 -2.1019048 -2.0895765 -2.0183599 -1.9443039 -1.8552852 -1.7662646 -1.6720095
-1.8009069 -1.7803469 -1.7563792 -1.734263 -1.7105746 -1.6910445 -1.6761208 -1.6659256 -1.661188 -1.6628522 -1.6678268 -1.6826006 -1.7000466 -1.7182839 -1.7431568 -1.777179 -1.8120011 -1.8497918 -1.8846139 -1.9224047 -1.9572267 -1.9965328 -2.0194619 -2.0421653 -2.0720127 -2.0991568 -2.1190551 -2.1419221 -2.1618204 -2.1836349 -2.1993441 -2.214785 -2.2297087 -2.2362174 -2.2297473 -2.2309137 -2.2408628 -2.2510274 -2.2615002 -2.2798543 -2.3060363 -2.3196637 -2.3246382 -2.3236724 -2.3196875 -2.2633806 -2.1744253 -2.1388053 -2.1230961 -2.0939927 -2.0652442 -2.0439998 -2.0274841 -1.9611564 -1.8891229 -1.8105769 -1.7244476 -1.6406653
-1.8189911 -1.7984312 -1.7735583 -1.7493785 -1.72569 -1.70616 -1.690661 -1.6756013 -1.6698225 -1.668518 -1.6734926 -1.6786419 -1.6935656 -1.7118029 -1.7366758 -1.7583082 -1.7898611 -1.8246831 -1.8595052 -1.8910867 -1.9259088 -1.9531301 -1.9730284 -1.9957318 -2.0255793 -2.0494829 -2.0693812 -2.0892795 -2.1091778 -2.118302 -2.1340112 -2.1494521 -2.1643758 -2.1726196 -2.1678071 -2.1750305 -2.1849797 -2.1951443 -2.205617 -2.2239712 -2.2468412 -2.254059 -2.2590336 -2.2580677 -2.2528313 -2.1948073 -2.1289895 -2.1083026 -2.0901246 -2.0602495 -2.0258894 -2.0040473 -1.9491893 -1.8828616 -1.8170373 -1.7384913 -1.6647805 -1.5817346
-1.8265669 -1.8046404 -1.7797675 -1.7555877 -1.7318993 -1.7105593 -1.690661 -1.6756013 -1.6661259 -1.6611005 -1.6611005 -1.6662234 -1.6811472 -1.6982779 -1.7181762 -1.7396805 -1.7645534 -1.7926321 -1.8224796 -1.8528773 -1.8827248 -1.9096655 -1.9295638 -1.9514149 -1.9762878 -1.999809 -2.0197073 -2.0373538 -2.0423284 -2.0500004 -2.0657095 -2.0811504 -2.0960742 -2.1066875 -2.1119239 -2.1191474 -2.1290965 -2.1392611 -2.1497339 -2.1618575 -2.1723303 -2.1795482 -2.1845228 -2.1835569 -2.1783205 -2.1470166 -2.1103618 -2.0862332 -2.0652876 -2.031498 -1.9948432 -1.9291283 -1.8560507 -1.7948837 -1.7313535 -1.6632803 -1.5968431 -1.5444792
-1.8220085 -1.7965698 -1.7689999 -1.7448201 -1.7179626 -1.6912223 -1.6680251 -1.6507661 -1.6378311 -1.6317052 -1.6317052 -1.636828 -1.6494106 -1.6626733 -1.6825716 -1.7040759 -1.7289487 -1.7553767 -1.7852242 -1.8150716 -1.8449191 -1.8718598 -1.893845 -1.9187179 -1.9435908 -1.9671119 -1.9870102 -2.003006 -2.0079806 -2.0169683 -2.0370207 -2.0507624 -2.0617263 -2.0734402 -2.081307 -2.091559 -2.1015082 -2.1095185 -2.1164866 -2.1269594 -2.1374322 -2.1417052 -2.1439657 -2.1399534 -2.1321044 -2.105753 -2.0690982 -2.0404274 -2.0178148 -1.9790102 -1.9411612 -1.8748811 -1.8027085 -1.7419081 -1.6818246 -1.6227233 -1.5628794 -1.5185417
-1.8096965 -1.782265 -1.7524176 -1.7234018 -1.6949757 -1.6642499 -1.639377 -1.6194527 -1.6052396 -1.5960507 -1.5960507 -1.599466 -1.6094151 -1.6243346 -1.6445689 -1.6676791 -1.6929388 -1.7209218 -1.751207 -1.7825586 -1.8128946 -1.8412887 -1.8661616 -1.8944297 -1.9198928 -1.9447657 -1.9653051 -1.9813008 -1.9862754 -1.9952632 -2.0162087 -2.0333983 -2.0433475 -2.0534701 -2.0639429 -2.0722022 -2.0821513 -2.0901616 -2.095398 -2.099276 -2.1097488 -2.112029 -2.112029 -2.1059362 -2.0954634 -2.065402 -2.0287472 -1.9980836 -1.9719016 -1.9323254 -1.8904342 -1.8218625 -1.7542146 -1.6952233 -1.6363129 -1.5795322 -1.5285153 -1.486971
-1.7842693 -1.7548032 -1.7199811 -1.6875092 -1.6496077 -1.6178876 -1.5930147 -1.5730903 -1.5588773 -1.5496884 -1.5496884 -1.5531037 -1.5630528 -1.5779723 -1.6028452 -1.6279399 -1.6577874 -1.6878059 -1.7226279 -1.7560659 -1.7908879 -1.8214885 -1.8513359 -1.8811834 -1.9110308 -1.9381425 -1.9630154 -1.9813008 -1.9862754 -1.9952632 -2.0162087 -2.0333983 -2.0433475 -2.0531191 -2.0583555 -2.065579 -2.0755281 -2.0835384 -2.0887748 -2.0913841 -2.0913841 -2.0912073 -2.0862327 -2.0794435 -2.0689707 -2.0373828 -1.9956313 -1.9629685 -1.9321625 -1.8925862 -1.8506951 -1.7791786 -1.7078522 -1.6525792 -1.5965738 -1.5442098 -1.4953993 -1.4587446
-1.7569428 -1.7247085 -1.6813421 -1.6385273 -1.6030476 -1.5738174 -1.5444516 -1.5191968 -1.5049837 -1.4957948 -1.4957948 -1.4992101 -1.512347 -1.5339021 -1.5618611 -1.598289 -1.634748 -1.6661505 -1.7038553 -1.745618 -1.783221 -1.823632 -1.8561588 -1.8931503 -1.9242866 -1.9564052 -1.9812781 -2.0009476 -2.0011737 -1.9952632 -2.013281 -2.0235749 -2.0335241 -2.0419117 -2.0622132 -2.093665 -2.1016305 -2.1067128 -2.1096467 -2.1096467 -2.1013211 -2.0919668 -2.0813298 -2.0629028 -2.0486994 -2.0171115 -1.9715531 -1.9364014 -1.900843 -1.8597235 -1.8132195 -1.7414041 -1.6686937 -1.6134207 -1.5587993 -1.5077565 -1.4639206 -1.4344416
-1.7266925 -1.6825349 -1.6327891 -1.5927468 -1.5595829 -1.5222696 -1.4874475 -1.4621927 -1.4479796 -1.4410326 -1.4410326 -1.4478631 -1.4677614 -1.4982347 -1.5330567 -1.5728475 -1.6126441 -1.6573585 -1.7021297 -1.7502637 -1.7950349 -1.8383527 -1.8781493 -1.9199061 -1.9547281 -1.9890886 -2.0139615 -2.0250648 -2.0101411 -2.001599 -2.0120718 -2.0212448 -2.0311939 -2.053462 -2.1005896 -2.1277021 -2.1326767 -2.1333628 -2.1333628 -2.1243605 -2.1086513 -2.0922862 -2.0773624 -2.0578145 -2.0368689 -1.9960855 -1.948958 -1.9086934 -1.8720387 -1.8264544 -1.7793268 -1.7063905 -1.6338638 -1.579528 -1.5272006 -1.480073 -1.4439415 -1.4282323
-1.6894371 -1.6434385 -1.5893245 -1.5489744 -1.5015975 -1.4601772 -1.4253551 -1.4001003 -1.3858872 -1.3802153 -1.3901645 -1.3981892 -1.4261122 -1.4625868 -1.5123326 -1.5556748 -1.6103951 -1.658661 -1.7183559 -1.7700413 -1.8297363 -1.8756081 -1.922921 -1.9698616 -2.0096583 -2.0454333 -2.0802554 -2.0928267 -2.0629793 -2.0512729 -2.0617457 -2.0703405 -2.075315 -2.0969267 -2.1440542 -2.1692137 -2.1642391 -2.1623422 -2.1519905 -2.141482 -2.1210698 -2.1028807 -2.0835717 -2.0620982 -2.0368689 -1.991289 -1.9365395 -1.8934039 -1.8534109 -1.8078266 -1.7606991 -1.6839462 -1.6090268 -1.559281 -1.508625 -1.4667339 -1.432048 -1.4215752
-1.6685505 -1.6168013 -1.5576534 -1.5010396 -1.4526132 -1.408703 -1.3730068 -1.3472861 -1.334413 -1.3287411 -1.3389627 -1.3590093 -1.3895216 -1.4359496 -1.4862076 -1.554089 -1.6165432 -1.6728186 -1.7327898 -1.8063661 -1.8660974 -1.9299279 -1.9796737 -2.0336932 -2.0734898 -2.1154741 -2.1502961 -2.1682071 -2.1383597 -2.1080256 -2.1184068 -2.1235538 -2.1283152 -2.1439307 -2.1910583 -2.2162178 -2.2100203 -2.1969278 -2.1845947 -2.1636491 -2.1398977 -2.1152991 -2.0924831 -2.0617217 -2.0350467 -1.9877496 -1.9278543 -1.8809854 -1.8363265 -1.7891989 -1.7420714 -1.6653185 -1.5877293 -1.5379835 -1.4935367 -1.4516455 -1.4231689 -1.4131178
-1.6532538 -1.5900421 -1.520398 -1.4612631 -1.4091485 -1.3631295 -1.3233329 -1.2976122 -1.2881368 -1.2867836 -1.3017073 -1.3261227 -1.3708939 -1.4215381 -1.4862076 -1.554089 -1.6287076 -1.7028705 -1.7824637 -1.8585457 -1.9281898 -1.9944244 -2.0541193 -2.1093552 -2.1541264 -2.1961942 -2.2310162 -2.2457788 -2.2010076 -2.1690536 -2.17429 -2.1779891 -2.1779891 -2.1936047 -2.2407322 -2.2621995 -2.2472757 -2.2303773 -2.2094317 -2.1837346 -2.1523162 -2.1223305 -2.0924831 -2.0617217 -2.0303033 -1.9782726 -1.9154358 -1.8648263 -1.8176988 -1.7705712 -1.7234436 -1.6466907 -1.5691015 -1.5248153 -1.4820399 -1.4453852 -1.4183541 -1.4131178
-1.6402923 -1.5699 -1.4934695 -1.4340833 -1.3781036 -1.3293433 -1.2895467 -1.2638259 -1.2543505 -1.2587755 -1.287489 -1.3126585 -1.3665415 -1.4328635 -1.5116279 -1.5843271 -1.6731931 -1.752477 -1.8416702 -1.9212634 -2.0006092 -2.0673465 -2.1242584 -2.1761736 -2.2209448 -2.2603092 -2.2851821 -2.2952304 -2.2355355 -2.2017754 -2.2019725 -2.202022 -2.1927101 -2.2083257 -2.2454737 -2.2552551 -2.2360738 -2.2165182 -2.1913719 -2.1677992 -2.1401088 -2.1096204 -2.0797729 -2.0429188 -2.004883 -1.9453112 -1.8768027 -1.8259418 -1.7788143 -1.7316867 -1.6845591 -1.6473067 -1.5810576 -1.5313118 -1.4881437 -1.4514889 -1.4197717 -1.4004076
-1.6443373 -1.5654023 -1.4858091 -1.4195234 -1.3620666 -1.3083265 -1.2685299 -1.2472079 -1.238918 -1.2468599 -1.2787747 -1.3188679 -1.3785628 -1.4570962 -1.5412308 -1.6272477 -1.7191625 -1.811815 -1.9038315 -1.9918696 -2.0727507 -2.145077 -2.1997973 -2.2461154 -2.2881074 -2.3261201 -2.3495526 -2.3471076 -2.2814476 -2.2354369 -2.2339606 -2.2305623 -2.2206131 -2.2243709 -2.2557893 -2.2606812 -2.2400882 -2.2132961 -2.1858385 -2.1544023 -2.1278903 -2.0939541 -2.0641067 -2.0244604 -1.9825693 -1.919563 -1.8462535 -1.7929038 -1.7457762 -1.6958565 -1.648729 -1.6114765 -1.5743869 -1.5246411 -1.4801741 -1.4467575 -1.4166861 -1.3968868
-1.6585922 -1.577651 -1.4930832 -1.4221851 -1.3558574 -1.3021173 -1.2623207 -1.2409986 -1.2409986 -1.2530692 -1.2928658 -1.3389136 -1.4085576 -1.4881424 -1.5876339 -1.6831309 -1.7826224 -1.8801166 -1.9796082 -2.0725897 -2.1571575 -2.2315516 -2.2812973 -2.3268355 -2.3616575 -2.3944217 -2.41432 -2.4092 -2.3296068 -2.2726924 -2.267456 -2.2616085 -2.2516593 -2.2546807 -2.2808627 -2.2855181 -2.2606453 -2.2319238 -2.195269 -2.1606115 -2.1239568 -2.0874393 -2.0476427 -2.0055784 -1.9584509 -1.8947261 -1.8214165 -1.7680668 -1.7209393 -1.6693469 -1.6176828 -1.5804303 -1.5433407 -1.4935949 -1.4491279 -1.4229459 -1.3980584 -1.3823492
-1.6886398 -1.6057013 -1.5211335 -1.4472394 -1.3809117 -1.3271716 -1.287375 -1.2682523 -1.2712636 -1.2870899 -1.3303386 -1.380381 -1.4557034 -1.5468984 -1.6499437 -1.7526471 -1.8593479 -1.9603946 -2.0635416 -2.1555119 -2.232667 -2.3070611 -2.3535297 -2.3905212 -2.4215352 -2.4495988 -2.4617793 -2.4530589 -2.3656462 -2.3034214 -2.2942902 -2.2857449 -2.2722843 -2.2743071 -2.298307 -2.295739 -2.2646398 -2.2306111 -2.1878437 -2.1485619 -2.1093236 -2.0649191 -2.0205911 -1.9734831 -1.9241914 -1.8594679 -1.7861584 -1.7328087 -1.6856811 -1.6340888 -1.5817248 -1.5441735 -1.5072675 -1.4625487 -1.4192548 -1.3971103 -1.3758659 -1.3637215
