P2_models/J1_p2__temp2_slide_30.dat.tif
NCOLS 118
NROWS 92
XLLCORNER 139.62
YLLCORNER -39.07
DX 0.099491525
DY 0.099347826
NODATA_VALUE -9999
[rows 54 to 80 of 92, columns 0 to 59 of 118]
-9999 405.54461 403.5189 401.49318 399.46747 403.21292 407.44131 412.27088 417.79429 423.3177 428.84111 426.90124 422.9966 422.79915 430.02556 437.25196 432.14056 425.88005 419.61955 412.89123 405.08363 397.27603 389.46843 386.95289 386.81526 384.18713 374.88383 365.58053 363.97961 363.29413 362.60865 364.96408 373.18141 381.39873 389.61606 393.98785 397.33346 400.21726 402.44038 404.66351 406.88663 406.7882 406.4863 407.1196 408.42521 409.68613 410.83465 411.98316 413.13168 412.8995 412.42869 411.95788 409.98672 406.39703 403.09529 400.791 398.4867 396.18241 402.42651 410.15043
-9999 403.30712 401.28141 400.80016 405.02855 409.25694 413.48533 418.3149 423.83831 428.27018 424.36554 420.46091 416.55627 416.35882 423.58522 430.81163 438.03803 437.00593 430.74542 424.0171 416.2095 408.40191 408.20626 408.06863 407.931 405.30286 395.99956 386.69626 377.39296 373.37254 372.68706 375.04249 383.25981 391.13555 394.48116 397.82678 401.17239 404.05619 406.27931 408.05181 407.74991 407.448 407.1461 407.7794 409.08501 410.39061 411.68882 412.83734 413.98586 413.75367 413.28286 410.63917 407.04948 403.45979 400.15805 397.85376 396.23206 403.95598 411.67989 419.40381
-9999 401.06964 402.61579 406.84418 411.07257 415.30096 419.52935 424.35892 425.73448 421.82985 417.92521 414.02058 410.11594 409.91849 417.14489 424.37129 431.5977 438.8241 441.8713 435.14298 429.59725 429.45962 429.32199 429.18436 429.04673 426.4186 417.1153 407.812 398.50869 389.20539 382.76546 385.12089 391.62887 394.97448 398.32009 401.66571 405.01132 407.89512 409.01352 408.71161 408.40971 408.1078 407.8059 408.4392 409.7448 411.05041 412.35602 413.66163 414.84003 414.60785 411.29162 407.70193 404.11224 400.52255 397.22081 397.76153 405.48544 413.20936 420.93328 428.6572
-9999 404.93408 409.16247 413.39086 417.61925 421.84764 426.07603 426.77262 422.86799 418.96335 415.05872 411.15408 407.24945 404.4895 411.7159 418.9423 426.1687 433.3951 440.6215 445.62113 445.4835 445.34587 445.20824 445.07061 444.93298 445.39432 436.16205 426.85875 417.55545 408.25215 398.94885 393.966 397.31162 400.65723 404.00284 407.34846 410.69407 410.09929 409.79739 409.49548 409.19358 408.89167 408.58977 410.50782 411.81342 413.11903 414.42464 415.73025 417.03586 415.63178 412.0421 408.45241 404.86272 401.27303 398.387 405.64173 413.36565 421.08957 428.81349 436.53741
-9999 413.19762 417.42601 421.6544 425.88279 429.79156 431.45029 432.08839 431.54852 428.30315 424.39852 420.49388 416.58925 413.56147 412.28963 416.96749 424.19389 431.42029 438.64669 443.64632 443.50869 443.37106 443.23343 443.0958 449.89089 453.62252 447.18508 438.83899 429.53569 420.23239 410.92909 405.94625 409.29186 412.63747 415.98309 419.27503 419.48919 417.35797 411.87136 410.70311 410.4012 410.0993 409.79739 413.03992 418.69381 419.99942 421.30503 422.61064 423.91625 425.4841 425.38782 421.79813 418.20844 414.61875 411.73273 411.28413 416.55582 424.27974 432.00366 439.72757
-9999 421.46115 425.68954 429.91793 432.91808 434.57681 436.23555 436.87364 436.33378 435.79391 433.73832 429.83368 425.92905 422.90127 421.62943 420.3576 422.21907 429.44548 436.67188 441.6715 441.53387 441.39624 443.06769 450.59339 458.1191 461.85073 455.41329 448.97585 441.51594 432.21264 422.90934 417.92649 421.2721 424.61772 426.94136 427.15552 427.36968 425.23846 419.75185 414.26523 411.60883 411.30693 411.00502 414.24755 420.03813 425.82872 428.18542 429.49103 430.79663 432.36449 433.97768 435.14385 431.55416 427.96448 425.07845 424.62985 424.18125 427.46991 435.19383 442.91774
-9999 429.72468 433.95307 436.04459 437.70333 439.36207 441.0208 441.65889 441.11903 440.57916 440.0393 439.17348 435.26885 432.24107 430.96923 429.6974 428.42557 427.47066 434.69706 439.69669 439.55906 443.77019 451.2959 458.8216 466.34731 470.07894 463.6415 457.20406 450.76662 444.19288 434.88958 429.90673 433.25235 434.60769 434.82185 435.03601 435.25017 433.11895 427.63234 422.14572 416.65911 412.51455 412.21265 415.45518 421.24576 427.03634 432.82692 436.37141 437.67702 439.24488 440.85807 442.47125 444.08443 441.3102 438.42418 437.97558 437.52698 437.07838 438.38399 446.10791
-9999 437.51238 439.17111 440.82985 442.48858 444.14732 445.80606 446.44415 445.90428 445.36442 444.82455 444.28469 443.74483 441.58086 440.30903 439.0372 437.76536 436.49353 435.2217 437.72188 444.4727 451.9984 459.52411 467.04981 474.57552 478.30715 471.86971 465.43227 458.99483 452.55739 446.11995 441.88698 442.27402 442.48818 442.70234 442.9165 443.13066 440.99944 435.51283 430.02621 424.5396 419.05298 413.56637 416.66281 422.45339 428.24397 434.03455 439.82513 444.55741 446.12527 447.73846 449.35164 450.96482 452.57801 451.7699 451.3213 450.8727 450.4241 449.9755 449.5269
-9999 438.78721 440.44594 442.10468 443.76341 445.42215 446.10397 443.80166 441.55228 441.01241 440.47255 439.93269 439.39282 440.68982 443.1342 441.86236 440.59053 439.3187 438.04686 439.43528 446.96098 454.48668 462.01239 469.53809 474.99194 473.58228 472.84473 466.40729 459.96985 453.53241 447.09498 442.92951 443.14366 443.35782 443.57198 443.78614 443.07682 444.14734 444.42036 438.93375 433.44714 427.96052 422.47391 420.96115 425.41892 431.2095 437.00009 442.79067 448.58125 441.26809 442.73126 444.34444 445.95762 447.57081 450.26755 454.24808 453.79948 453.35088 452.90228 452.45368
-9999 438.53552 440.19426 441.853 443.51173 443.34606 442.60803 440.30572 436.19802 432.68707 432.1472 431.60734 431.06748 432.36447 437.33987 441.85464 440.5828 439.31097 438.03914 439.42755 446.95325 454.47896 462.00466 464.01896 461.16604 459.75637 462.21499 464.22826 457.79082 451.35339 444.91595 440.75048 440.96464 441.1788 441.39296 439.80189 437.16452 438.23504 444.61022 448.2879 442.80129 437.31467 431.82806 430.3153 431.65931 434.93946 440.73004 446.52063 452.31121 444.99805 435.42022 434.16791 435.78109 437.39428 440.09102 446.5411 452.19556 451.74696 451.29836 450.84976
-9999 438.28384 439.94258 441.32619 440.58815 439.85012 439.11209 436.80978 432.70208 428.59439 424.48669 423.28199 422.74213 424.03912 429.01453 433.98993 438.96534 439.30324 438.03141 439.41982 446.94553 454.47123 453.04597 450.19305 447.34013 445.93047 448.38909 450.84771 453.30633 449.17436 442.73692 438.57145 438.78561 438.99977 436.52696 433.88959 431.25222 432.32274 438.69792 445.07309 451.44827 446.66882 441.18221 439.66945 441.01346 442.35747 444.46 450.25058 456.04117 448.72801 439.15018 429.57234 425.60457 427.21775 429.91449 436.36457 442.81464 449.26471 449.69445 449.24585
-9999 438.03216 438.56828 437.83025 437.09221 436.35418 435.61615 433.31384 429.20614 425.09845 420.99075 416.88306 414.41678 415.71377 420.68918 425.66458 430.63999 435.61539 438.02368 439.41209 444.9259 442.07298 439.22007 436.36715 433.51423 432.10456 434.56318 437.0218 439.48042 441.93905 440.55789 436.39242 435.8894 433.25203 430.61466 427.97729 425.33992 426.41044 432.78562 439.16079 445.53597 451.91115 450.53636 449.0236 450.36761 451.71162 453.05563 454.39964 459.77112 452.45797 442.88013 433.3023 423.72446 417.04122 419.73797 426.18804 432.63811 439.08818 445.53825 447.64193
-9999 436.24276 435.50473 434.7667 434.02867 433.29064 432.5526 431.26475 427.15705 423.04936 418.94166 414.83397 410.72627 408.98014 413.95555 418.93095 423.90636 428.88176 433.85717 436.46541 433.61249 430.75957 427.90665 425.05373 422.20081 419.60595 422.06457 424.52319 426.98181 429.44043 431.89905 432.61705 429.97968 427.34232 424.70495 422.06758 419.43021 421.41596 427.79113 434.16631 440.54149 446.91666 453.29184 456.78955 458.13356 459.47756 460.82157 462.16558 463.50959 455.54119 445.96335 436.38552 426.80768 417.22985 413.62518 420.07525 426.52532 432.97539 439.42546 445.87553
-9999 435.32986 434.59183 433.8538 433.11577 432.57657 436.31565 436.41207 432.30437 428.19668 424.08898 419.98129 414.85776 412.41836 415.54737 420.1143 425.0897 430.06511 435.04051 437.64875 434.79583 431.94291 429.08999 426.23707 422.53496 419.1912 417.28737 418.62635 421.08497 423.54359 426.00221 426.72021 424.08284 421.44547 418.8081 416.17073 417.45803 420.98655 427.36173 433.73691 440.11208 446.40388 451.78929 455.54552 457.99999 459.344 460.688 462.03201 463.37602 455.40762 445.82979 436.25195 426.67411 424.82406 427.72484 434.17491 440.62498 447.07505 453.14144 451.26176
-9999 434.41697 433.67894 432.94091 433.9848 437.72389 441.46297 441.55939 437.45169 433.344 428.93949 423.71945 418.49941 416.06001 419.18902 422.31803 426.27304 431.24845 436.22386 438.83209 435.97917 433.12625 430.11151 426.23051 422.34951 419.00575 417.10192 415.19809 415.18812 417.64674 420.10536 420.82336 418.18599 415.54862 413.95114 415.48988 417.02863 420.55715 426.93233 433.3075 439.31521 444.70062 450.08602 453.84225 456.42729 459.01232 460.55444 461.89845 463.24245 455.27405 445.69622 436.11838 437.0476 438.92372 441.8245 448.27458 454.72465 458.76985 456.89017 455.01049
-9999 433.50407 432.76604 435.39303 439.13212 442.87121 446.6103 446.70671 442.59902 437.80119 432.58114 427.3611 422.14106 419.70166 422.83067 425.95968 429.08869 432.43179 437.4072 440.01544 437.16252 433.80706 429.92606 426.04506 422.16406 418.8203 416.91647 415.01264 413.10881 411.7499 414.20852 414.92652 412.28915 411.98299 413.52173 415.06048 416.59922 420.12775 426.50292 432.22654 437.61195 442.99735 448.38276 452.13899 454.72402 457.30906 459.89409 461.76488 463.10889 455.14049 447.39501 449.27113 451.14726 453.02339 455.92417 462.37424 464.39825 462.51857 460.63889 458.75921
-9999 433.06218 436.80127 440.54035 444.27944 448.01853 451.75762 451.85403 446.66288 441.44284 436.22279 431.00275 425.78271 423.34331 426.47232 429.60133 432.73034 435.85935 438.98835 441.19878 437.50261 433.62161 429.74061 425.85961 421.97861 418.63485 416.73102 414.82719 412.92336 411.01953 409.1157 409.02967 410.01484 411.55358 413.09233 414.63108 416.16982 419.69834 425.13787 430.52327 435.90868 441.29409 446.6795 450.43573 453.02076 455.6058 458.19083 460.77586 462.97532 459.61855 461.49467 463.3708 465.24692 467.12305 470.02383 470.02665 468.14698 466.2673 464.38762 462.50794
-9999 438.05513 441.79421 445.5333 449.27239 453.01148 456.07234 459.46271 458.62417 453.40413 448.18408 442.96404 437.744 433.55449 433.86956 436.99857 440.12758 443.25659 446.38559 447.39488 443.51388 439.63288 435.75189 431.87089 427.95419 425.36964 425.49023 423.5864 421.68257 419.77875 417.87492 417.14696 418.6857 420.22445 421.7632 423.30194 424.38696 428.32665 435.61071 440.99612 446.38153 451.76694 457.15234 459.32141 461.24255 463.82758 466.41262 468.99765 471.58268 477.63261 479.50874 481.38486 483.26099 485.13711 484.06046 476.65183 474.77215 472.89247 471.01279 469.13311
-9999 442.96043 446.69951 450.4386 454.17769 456.48785 458.2738 461.66416 466.90623 470.08892 464.86887 459.64883 454.42879 450.23928 448.11348 446.52806 449.65707 452.78607 455.91508 456.92437 453.04337 449.16237 445.28137 441.27262 437.13709 434.55254 436.12501 437.42398 435.52015 433.61632 431.71249 430.98453 432.52328 434.06202 435.60077 436.10646 435.93614 439.87583 449.69548 458.38199 463.7674 469.15281 474.53821 476.70728 476.56415 477.68435 480.26938 482.85441 485.43945 491.70019 498.5962 501.62134 503.49746 505.37359 504.29693 492.99221 483.03044 481.15076 479.27108 477.3914
-9999 447.86572 451.60481 455.11739 456.90335 458.6893 460.47526 463.86562 469.10768 474.34975 479.59181 476.33362 471.11358 466.92407 464.79827 462.67246 460.54666 462.31556 465.44457 466.45386 462.57286 458.69186 454.59105 450.45552 446.31999 443.73544 445.30791 446.88038 448.45285 447.45389 445.55006 444.8221 446.36085 447.89959 447.82596 447.65564 447.48533 451.42502 461.24466 471.0643 480.88395 486.53868 491.92408 494.09315 493.95002 493.80689 494.12614 496.71118 499.29621 505.55696 512.45296 519.34897 523.73394 525.61006 524.53341 513.22868 501.92396 490.61923 487.52937 485.64969
-9999 452.77102 455.5329 457.31885 459.10481 460.89076 462.67671 466.06708 471.30914 476.5512 481.79326 487.03533 487.79837 483.60886 481.48306 479.35725 477.23145 475.10565 474.97406 475.98335 472.04501 467.90948 463.77395 459.63842 455.50289 452.91834 454.49081 456.06328 457.63575 459.20823 459.38763 458.65967 459.71578 459.54546 459.37514 459.20483 459.03451 462.9742 472.79385 482.61349 492.43313 502.25277 509.30995 511.47901 511.33589 511.19276 511.04963 510.9065 513.15298 519.41372 526.30973 533.20573 540.10174 545.84654 544.76988 533.46516 522.16043 510.85571 499.55099 493.90798
-9999 455.25834 457.04429 458.83025 460.6162 462.40215 464.18811 465.77157 471.01363 476.25569 481.49776 486.73982 491.98188 496.5055 494.3797 492.25389 490.12809 488.00229 485.87649 483.14297 479.00744 474.87191 470.73638 466.60085 462.46532 462.15358 463.72231 465.29478 466.86725 468.43973 470.0122 470.98939 470.81907 470.64876 470.47844 470.30813 470.13781 472.67874 482.49838 492.31802 502.13766 511.95731 521.77695 523.44913 523.306 523.16287 523.01974 522.87662 522.73349 525.9452 532.84121 539.73721 546.63322 553.52923 559.714 549.03374 537.72902 526.42429 515.11957 503.81484
-9999 454.15761 455.94356 457.72952 459.51547 461.37046 463.65714 464.18381 462.6792 466.50832 471.75038 476.99244 482.2345 487.05391 491.02694 490.81109 488.68529 486.55949 484.43369 481.70017 477.56464 473.42911 469.29358 465.15805 468.76019 472.18884 473.29842 474.71025 476.28272 477.85519 479.42766 480.40485 480.23454 480.06422 479.89391 479.61349 475.79655 477.0239 485.46782 495.03993 504.85957 514.67921 524.49885 523.46188 514.77563 514.63251 514.48938 514.34625 514.20312 511.56365 511.64399 518.54 525.43601 532.33201 538.51679 542.23795 535.62804 524.32331 513.01859 501.71386
-9999 453.05688 454.84283 456.62879 458.67624 460.96291 463.24959 463.77625 462.27165 460.76704 462.003 467.24506 472.48713 477.30654 481.27957 485.25259 487.24249 485.11669 482.99088 480.25737 476.12184 471.98631 470.20768 474.50156 478.79545 482.2241 483.33368 484.44327 485.69818 487.27065 488.84313 489.82032 489.65 489.47969 487.96316 484.14623 480.3293 481.55665 490.00056 498.44448 507.58147 517.40112 527.22076 526.18379 517.34213 508.50048 505.95901 505.81588 505.67276 503.03328 499.96237 497.34279 504.23879 511.1348 517.31957 521.04074 524.7619 522.22233 510.91761 499.61288
-9999 451.95615 453.74211 455.98201 458.26869 460.55536 462.84203 463.3687 461.8641 460.35949 458.85489 457.49769 462.73975 467.55916 471.53219 475.50522 479.47825 483.45127 481.54808 478.81457 474.67904 475.94905 480.24293 484.53682 488.83071 492.25936 493.36894 494.47853 495.58811 496.69769 498.25859 499.23578 499.06547 496.31284 492.49591 488.67898 484.86204 486.08939 494.53331 502.97722 511.42114 520.12302 529.94266 528.90569 520.06404 511.22238 502.38073 497.28552 497.14239 494.50291 491.432 488.36109 485.29018 489.93759 496.12236 499.84352 503.56468 507.28584 508.81662 497.5119
-9999 451.00111 453.28779 455.57446 457.86113 460.14781 462.43448 462.96115 461.45655 459.95194 458.44733 456.94273 455.43812 457.81178 461.78481 465.75784 469.73087 473.7039 477.67693 477.39653 481.69042 485.98431 490.27819 494.57208 498.86597 502.29462 503.4042 504.51378 505.62337 506.73295 507.84254 508.47945 504.66252 500.84559 497.02865 493.21172 489.39479 490.62214 499.06605 507.50997 515.95388 524.39779 532.84171 531.62759 522.78594 513.94428 505.10263 496.26098 488.61203 485.97255 482.90164 479.83072 476.75981 473.6889 474.92515 478.64631 482.36747 486.08863 489.80979 493.53095
-9999 446.01186 448.29854 450.58521 452.87189 455.15856 458.40435 460.93764 460.95689 459.45228 457.94768 456.44307 454.93847 454.395 456.41418 460.38721 464.36024 468.33326 472.30629 476.37634 480.67023 484.96412 489.25801 493.5519 496.69207 497.76463 498.83524 499.94482 501.0544 502.16399 503.27357 502.70042 498.88348 495.06655 491.24962 487.43268 484.18787 484.38071 490.12754 498.57145 507.01537 515.45928 523.9032 524.80819 517.91717 509.07551 500.23386 491.3922 482.55055 483.54716 481.4096 478.33869 475.26777 472.19686 470.58085 474.06678 477.78794 481.5091 485.23026 488.95143
