P2_models/J1_p2_vp_slide_diff2_10.dat.tif
NCOLS 118
NROWS 92
XLLCORNER 139.62
YLLCORNER -39.07
DX 0.099491525
DY 0.099347826
NODATA_VALUE -9999
[rows 50 to 74 of 92, columns 0 to 56 of 118]
-9999 0.1762676 0.16436124 0.15245487 0.15096516 0.15406408 0.157163 0.15488611 0.14640487 0.13792362 0.12521822 0.10923433 0.093250447 0.08225863 0.081263714 0.080268799 0.081369518 0.093805958 0.1062424 0.11712446 0.12442051 0.13171655 0.1383429 0.14414657 0.14995025 0.1545435 0.15589254 0.15724158 0.15744532 0.15103739 0.14462947 0.14196543 0.14651843 0.15107144 0.15436025 0.15655244 0.15874462 0.16123465 0.16415078 0.16706691 0.16662317 0.16439319 0.16216321 0.16376922 0.16813288 0.17249655 0.17312199 0.17085288 0.16858378 0.16703754 0.16561623 0.16523719 0.16932345 0.17340971 0.17626216 0.17484086 0.17341955
-9999 0.18487774 0.17368859 0.1767875 0.17988642 0.18298534 0.18608425 0.18380737 0.17532613 0.1599678 0.14398392 0.12800003 0.11201615 0.10102433 0.10002941 0.0990345 0.098039584 0.097044669 0.10712549 0.11800755 0.1253036 0.13143537 0.13723904 0.14304271 0.14884638 0.15343964 0.15478868 0.15613771 0.15748675 0.15883579 0.15368116 0.15101712 0.15557012 0.15812893 0.16032112 0.16251331 0.16470549 0.16719552 0.17011165 0.16819084 0.16596085 0.16373087 0.16150089 0.1631069 0.16747057 0.17183423 0.17619789 0.17857994 0.17631083 0.17476459 0.17572195 0.17980821 0.18389447 0.18798073 0.19083318 0.18941187 0.17657363
-9999 0.19951093 0.20260984 0.20570876 0.20880768 0.21190659 0.21500551 0.21070127 0.19471739 0.1787335 0.16274962 0.14676573 0.13078185 0.11979003 0.11879512 0.1178002 0.11680528 0.11581037 0.11481545 0.11872416 0.12452783 0.1303315 0.13613517 0.14193885 0.14774252 0.15233577 0.15368481 0.15503385 0.15638289 0.15773192 0.15908096 0.15970543 0.16189762 0.1640898 0.16628199 0.16847418 0.17066636 0.17198848 0.1697585 0.16752852 0.16529853 0.16306855 0.16083857 0.16244458 0.16680825 0.17117191 0.17553557 0.17989924 0.18403789 0.1862067 0.19029296 0.19437922 0.19846548 0.20255174 0.20475157 0.18911719 0.17348281
-9999 0.20384111 0.20694003 0.21003895 0.21313786 0.21623678 0.22099547 0.21672122 0.20073734 0.18475345 0.16876957 0.15278569 0.14190979 0.1383167 0.13758137 0.13658646 0.13559154 0.13459663 0.13360171 0.13466259 0.14046626 0.14626993 0.15207361 0.15787728 0.16226731 0.16388305 0.1642577 0.16560673 0.16695577 0.16830481 0.16965385 0.17129088 0.17348306 0.17567525 0.17786743 0.18005962 0.1797646 0.1772591 0.17502912 0.17279914 0.17056915 0.16833917 0.16644902 0.16491924 0.1665283 0.17089196 0.17525563 0.17961929 0.18398295 0.18811009 0.19219635 0.19628261 0.20036887 0.20322908 0.19931307 0.18367869 0.1680443
-9999 0.20405709 0.207156 0.21025492 0.21335384 0.21901136 0.22488299 0.22060875 0.20462486 0.18864098 0.17265709 0.16532367 0.16026754 0.15667445 0.15601118 0.1553479 0.15438124 0.15338633 0.15239141 0.15345229 0.15925596 0.16505963 0.1708633 0.17414994 0.17630559 0.17792133 0.17808996 0.17825859 0.17948224 0.18083127 0.18218031 0.18381734 0.18600953 0.18820171 0.1903939 0.18872591 0.18602783 0.18352233 0.18129235 0.17906237 0.17683239 0.17507555 0.17336017 0.17183039 0.17043402 0.17067599 0.17503965 0.17940332 0.18376698 0.18789412 0.19198038 0.19606664 0.19793078 0.19739779 0.19348178 0.1778474 0.16221302
-9999 0.20427306 0.20737198 0.21115562 0.21702725 0.22289888 0.22877051 0.22449627 0.20851239 0.19379367 0.18873755 0.18368142 0.17862529 0.1750322 0.17436893 0.17370565 0.17304237 0.17217602 0.17118111 0.17224198 0.17804566 0.18384933 0.18603257 0.18818822 0.19034387 0.19195961 0.19212824 0.19229687 0.1924655 0.19335774 0.19470678 0.19634381 0.19853599 0.20038529 0.19768721 0.19498914 0.19229106 0.18978557 0.18755558 0.18541744 0.18370207 0.1819867 0.18027133 0.17874154 0.17734517 0.1759488 0.17482368 0.17918734 0.18355101 0.18767814 0.1917644 0.19263249 0.1920995 0.19156651 0.1876505 0.17201611 0.15760313
-9999 0.20448904 0.20917151 0.21504314 0.22091478 0.22678641 0.23265804 0.22838379 0.21720755 0.21215143 0.2070953 0.20203917 0.19698304 0.19338995 0.19272668 0.1920634 0.19140012 0.19073685 0.18997081 0.19103168 0.19575955 0.1979152 0.20007085 0.2022265 0.20438215 0.20599789 0.20616652 0.20633515 0.20650378 0.20667241 0.20723324 0.20887027 0.2093466 0.20664852 0.20395045 0.20125237 0.1985543 0.1960488 0.19404397 0.19232859 0.19061322 0.18889785 0.18718248 0.18565269 0.18425632 0.18285995 0.18146358 0.18006721 0.18333503 0.18746217 0.18733419 0.1868012 0.18626821 0.18573522 0.18181921 0.17127555 0.17358518
-9999 0.20075697 0.2066286 0.21250023 0.21837186 0.2242435 0.23011513 0.24181382 0.23675769 0.23170157 0.22664544 0.22158931 0.21653319 0.2112401 0.21057682 0.20991354 0.20925027 0.20858699 0.20792371 0.20811284 0.21026849 0.21242414 0.21457979 0.21673544 0.21889108 0.2185274 0.21877545 0.21894408 0.21911271 0.21928134 0.21944997 0.21863943 0.21594135 0.21324328 0.2105452 0.20784712 0.20514905 0.20110527 0.1993899 0.19767453 0.19595916 0.19424379 0.19252842 0.19024863 0.18885226 0.18745589 0.18605951 0.18466314 0.18326677 0.18250655 0.18197356 0.18144057 0.18090758 0.18037459 0.18107541 0.18353803 0.18584765
-9999 0.17625117 0.18212281 0.18799444 0.19386607 0.20288214 0.2340344 0.2531479 0.25836713 0.25532427 0.25026815 0.24521202 0.24015589 0.23468512 0.22838399 0.22602997 0.22536669 0.22470341 0.22404014 0.22422926 0.22638491 0.22854056 0.23069621 0.23285186 0.22645693 0.22205977 0.22543236 0.22667113 0.22683976 0.22700839 0.22717702 0.22636648 0.2236684 0.22097033 0.21827225 0.21547591 0.20704443 0.20130547 0.19941856 0.19767453 0.19595916 0.19424379 0.19252842 0.18947544 0.18554066 0.18414429 0.18274792 0.18135155 0.17995517 0.17899199 0.17822042 0.17768743 0.17715444 0.17662145 0.17732227 0.18229684 0.18540611
-9999 0.15174538 0.15761701 0.16348864 0.18144388 0.21259615 0.24374841 0.26286191 0.26808114 0.27330037 0.27389085 0.26883472 0.2637786 0.25830782 0.25200669 0.24570556 0.24148312 0.24081984 0.24015656 0.24034569 0.24250134 0.24465699 0.24458138 0.23728534 0.22998929 0.22559214 0.22896473 0.23233733 0.23456682 0.23473545 0.23490407 0.23409353 0.23139546 0.22869738 0.22412817 0.21569669 0.2072652 0.20152625 0.19963934 0.19775243 0.19595916 0.19424379 0.19252842 0.18947544 0.18546087 0.1814463 0.17943632 0.17803995 0.17664358 0.1756804 0.17479208 0.17393429 0.1734013 0.17286831 0.17356913 0.1785437 0.18351828
-9999 0.12723958 0.13311121 0.16000563 0.19115789 0.22231016 0.25346242 0.27257592 0.27779515 0.28301438 0.28823361 0.29245743 0.2874013 0.28193053 0.2756294 0.26932827 0.26302714 0.25693626 0.25627299 0.25646211 0.25861776 0.2554098 0.24811375 0.24081771 0.23352166 0.2291245 0.2324971 0.23586969 0.23924229 0.2424625 0.24263113 0.24182059 0.23912251 0.23278043 0.22434894 0.21591746 0.20748597 0.20174702 0.19986011 0.1979732 0.19608629 0.19424379 0.19252842 0.18947544 0.18546087 0.1814463 0.17743173 0.17472836 0.17333199 0.1723688 0.17148048 0.17059217 0.16970385 0.16911517 0.16981599 0.17479056 0.17976514
-9999 0.10741511 0.13856737 0.16971964 0.2008719 0.23202417 0.26317643 0.28228993 0.28750916 0.29272839 0.29794762 0.30316684 0.30838607 0.30555323 0.2992521 0.29295097 0.28664984 0.28034871 0.27404758 0.27257854 0.26623821 0.25894216 0.25164612 0.24435007 0.23705403 0.23265687 0.23602947 0.23940206 0.24277465 0.24614725 0.24951984 0.24954764 0.24143269 0.2330012 0.22456972 0.21613823 0.20770675 0.20196779 0.20008088 0.19819397 0.19630707 0.19442016 0.19253325 0.18947544 0.18546087 0.1814463 0.17743173 0.17341716 0.17002039 0.16905721 0.16816889 0.16728057 0.16639226 0.16550394 0.16606285 0.17103742 0.176012
-9999 0.075739504 0.10689177 0.13804403 0.1691963 0.20034856 0.24459726 0.28251571 0.28937607 0.2945953 0.29981452 0.30503375 0.31025298 0.31561163 0.31641249 0.31011136 0.30381023 0.2975091 0.29120797 0.28460599 0.27730995 0.2700139 0.26271786 0.25542181 0.25087323 0.25356689 0.25002464 0.25339723 0.25676982 0.26014242 0.26351501 0.26285572 0.25442423 0.24599275 0.23756126 0.22912978 0.21905994 0.20568559 0.19830141 0.19641451 0.1945276 0.19264069 0.19075378 0.18915225 0.18592246 0.18190789 0.17789332 0.17387875 0.16986418 0.16624293 0.16531889 0.16443057 0.16354226 0.16265394 0.16260143 0.16620723 0.17118181
-9999 0.026065591 0.057217855 0.08837012 0.11952238 0.17513248 0.23841562 0.27633407 0.28497841 0.29304989 0.29826911 0.30348834 0.30870757 0.31406622 0.31970407 0.3244616 0.31816047 0.31185934 0.30555821 0.29895623 0.29166019 0.28436414 0.2770681 0.27708068 0.28354763 0.28624129 0.27882158 0.27194216 0.27531475 0.27868734 0.28205994 0.28140065 0.27296916 0.26453768 0.25610619 0.24447206 0.23098168 0.21760733 0.20439897 0.19376523 0.19187832 0.18999141 0.18810451 0.18650298 0.18510661 0.18257021 0.17855564 0.17454107 0.1705265 0.16690525 0.16335198 0.1617813 0.16089298 0.16000466 0.15995215 0.16279477 0.16588325
-9999 -0.023608322 0.0075439421 0.04238457 0.1056677 0.16895084 0.23223397 0.27015242 0.27879677 0.28744111 0.29608546 0.30194293 0.30716216 0.31252081 0.31815866 0.32379652 0.32943437 0.32620958 0.31990845 0.31330648 0.30601043 0.29871439 0.30328813 0.30975508 0.31622203 0.31891569 0.31149598 0.30407627 0.29665656 0.29723227 0.30060487 0.29994557 0.29151409 0.2830826 0.26988417 0.2563938 0.24290342 0.22952907 0.21632071 0.20311236 0.189904 0.18734214 0.18545523 0.1838537 0.18245733 0.18106096 0.17921796 0.17520339 0.17118882 0.16756757 0.1640143 0.16046103 0.15824371 0.15735539 0.15730288 0.16014549 0.16298811
-9999 -0.073282235 -0.027080206 0.036202928 0.099486062 0.1627692 0.22605233 0.26397078 0.27261513 0.28125947 0.28990382 0.29854816 0.30561675 0.3109754 0.31661325 0.3222511 0.32788896 0.33352681 0.3342587 0.32765672 0.32302863 0.32949558 0.33596253 0.34242947 0.34889642 0.35159008 0.34417037 0.33675067 0.32933096 0.32191125 0.31914979 0.3184905 0.30878667 0.29529629 0.28180591 0.26831554 0.25482516 0.24145081 0.22824245 0.21503409 0.20182574 0.18861738 0.18280596 0.18120443 0.17980805 0.17841168 0.17701531 0.17561894 0.17185114 0.16822989 0.16467662 0.16112335 0.15757008 0.15470611 0.1546536 0.15749622 0.16033883
-9999 -0.10530368 -0.042020544 0.02126259 0.084545724 0.14782886 0.21111199 0.25350218 0.26214653 0.27079087 0.27943522 0.28807956 0.29672391 0.31064955 0.31628741 0.32192526 0.32756311 0.33320097 0.33883882 0.34472738 0.35119433 0.35766128 0.36412823 0.37059517 0.37706212 0.37875796 0.37133825 0.36391854 0.35649884 0.34907913 0.34165942 0.33216617 0.3186758 0.30518542 0.29169504 0.27820467 0.26471429 0.25156168 0.23835332 0.22514496 0.21193661 0.19872825 0.18551989 0.17796385 0.17656748 0.1751711 0.17377473 0.17237836 0.17098199 0.16774656 0.16419329 0.16064002 0.15708675 0.15353348 0.15193041 0.15477303 0.15761564
-9999 -0.16380851 -0.10052538 -0.037242241 0.026040893 0.090200457 0.1732188 0.22171088 0.23035522 0.23899957 0.24764391 0.25628826 0.28310441 0.30666948 0.32026666 0.32766536 0.33330321 0.33894106 0.34457892 0.35046747 0.35693442 0.36340137 0.36986832 0.37633527 0.38965056 0.3948542 0.37445001 0.36369777 0.35627806 0.34885836 0.34143865 0.3319454 0.31845502 0.30496465 0.29147427 0.27798389 0.26544438 0.25266554 0.23945719 0.22624883 0.21304047 0.20043904 0.19443524 0.18349595 0.17038583 0.16898946 0.16759309 0.16619672 0.16480034 0.16156491 0.15801165 0.15445838 0.15090511 0.14902997 0.14883959 0.15168221 0.15452482
-9999 -0.22231334 -0.15903021 -0.095747072 -0.024609186 0.058409153 0.14142749 0.18991957 0.19856392 0.20720826 0.22116211 0.24970476 0.27824741 0.30181248 0.31540965 0.32900683 0.33904331 0.34468116 0.35031901 0.35620757 0.36267452 0.36914147 0.37691348 0.39167139 0.4064293 0.41163294 0.39122875 0.37082456 0.35605729 0.34863758 0.34121788 0.33172463 0.31823425 0.30474387 0.29150544 0.27902684 0.26654824 0.25376941 0.24056105 0.22735269 0.21681917 0.21081537 0.20481157 0.19387228 0.17938491 0.16489755 0.16141145 0.16001507 0.1586187 0.15538327 0.15183 0.14827673 0.14700513 0.14593915 0.14574877 0.14859139 0.151434
-9999 -0.28081817 -0.21753504 -0.13941883 -0.05640049 0.026617849 0.10963619 0.15812827 0.16677261 0.18776245 0.2163051 0.24484775 0.2733904 0.29695547 0.31055265 0.32414982 0.337747 0.35042126 0.35605911 0.36194767 0.36841462 0.37893432 0.39369223 0.40845014 0.42320805 0.42841169 0.40800749 0.3876033 0.3671991 0.34841681 0.3409971 0.33150385 0.31801348 0.3050879 0.2926093 0.2801307 0.26765211 0.25487327 0.24166492 0.2331993 0.2271955 0.2211917 0.2151879 0.2042486 0.18976124 0.17527388 0.16078652 0.15383343 0.15243706 0.14920163 0.14604627 0.14498029 0.1439143 0.14284832 0.14265795 0.14550056 0.15108085
-9999 -0.33724681 -0.25422847 -0.17121013 -0.088191794 -0.0051734558 0.077844883 0.12633696 0.1543628 0.18290545 0.2114481 0.23999075 0.2685334 0.29209847 0.30569564 0.31929282 0.33288999 0.34648717 0.36008434 0.36768776 0.38095515 0.39571306 0.41047097 0.42522888 0.43998679 0.44519043 0.42478624 0.40438204 0.38397785 0.36357365 0.34316946 0.33128308 0.31867036 0.30619176 0.29371317 0.28123457 0.26875597 0.25597714 0.24957942 0.24357563 0.23757183 0.23156803 0.22556423 0.21462493 0.20013757 0.18565021 0.17116285 0.15667548 0.14625542 0.14402143 0.14295544 0.14188946 0.14082348 0.1397575 0.13956713 0.14639759 0.15439244
-9999 -0.39527887 -0.31226054 -0.2292422 -0.14622386 -0.063205521 0.021568544 0.093212751 0.13186473 0.16040738 0.18895003 0.21749268 0.24603533 0.27611707 0.30019214 0.31378932 0.32738649 0.34098367 0.35458084 0.36852901 0.38328692 0.39804482 0.41280273 0.42756064 0.44180685 0.44838589 0.43662344 0.41621924 0.39581505 0.37541085 0.35500666 0.33730959 0.32483099 0.31235239 0.29987379 0.2873952 0.27415553 0.25820737 0.24757628 0.24157249 0.23556869 0.22956489 0.22356109 0.21211406 0.19741432 0.18292696 0.1684396 0.15395223 0.13946487 0.12648362 0.12541764 0.12435166 0.12328568 0.1222197 0.12397954 0.13405882 0.14205368
-9999 -0.46820921 -0.38519087 -0.30217253 -0.2191542 -0.13243675 -0.044362286 0.027281921 0.079963499 0.12789355 0.1564362 0.18497885 0.2135215 0.24360323 0.27676708 0.30791876 0.32151594 0.33511311 0.34871029 0.36265845 0.37741636 0.39217427 0.40693218 0.41985902 0.43096891 0.43754795 0.43198317 0.42525086 0.40484667 0.38444247 0.36403828 0.34634121 0.33386261 0.32138401 0.30890541 0.29469402 0.27934871 0.26340055 0.24658991 0.23254087 0.22653707 0.22053327 0.21452947 0.20308244 0.18772235 0.17276639 0.15827902 0.14379166 0.1293043 0.11580822 0.10248346 0.098611544 0.097545563 0.096479582 0.098239419 0.10978754 0.12082937
-9999 -0.54113955 -0.45812121 -0.37451651 -0.28644205 -0.19836758 -0.11029312 -0.038648909 0.014032669 0.066714247 0.11939583 0.15246501 0.18100766 0.2110894 0.24425324 0.27741708 0.31058092 0.32924256 0.34283973 0.3567879 0.37154581 0.38630372 0.39791119 0.40902108 0.42013097 0.42671 0.42114522 0.41558044 0.41001566 0.39347409 0.3730699 0.35537283 0.34289423 0.33041563 0.3152325 0.2998872 0.28454189 0.26859373 0.2517831 0.23497246 0.21816182 0.21150165 0.20549785 0.19405082 0.17869073 0.16333063 0.14811845 0.13363109 0.11914373 0.10564765 0.092322889 0.078998131 0.071805444 0.070739464 0.0724993 0.084047424 0.095595547
-9999 -0.61406988 -0.52852181 -0.44044734 -0.35237288 -0.26429841 -0.17622395 -0.10457974 -0.051898161 0.0007834174 0.053464996 0.10614657 0.14849383 0.17857557 0.21173941 0.24490325 0.27806709 0.31123093 0.33696918 0.35091735 0.36485347 0.37596336 0.38707325 0.39818313 0.40929302 0.41587206 0.41030728 0.4047425 0.39917772 0.39361294 0.38210152 0.36440445 0.35111629 0.33577099 0.32042568 0.30508038 0.28973508 0.27378691 0.25697628 0.24016564 0.223355 0.20654437 0.19646623 0.1850192 0.1696591 0.15429901 0.13893891 0.12357882 0.10898315 0.095487074 0.082162316 0.068837558 0.0555128 0.044999345 0.046759182 0.058307305 0.069855429
