P2_models/J1_p2_vp_slide_diff2_200.dat.tif
NCOLS 118
NROWS 92
XLLCORNER 139.62
YLLCORNER -39.07
DX 0.099491525
DY 0.099347826
NODATA_VALUE -9999
[rows 0 to 22 of 92, columns 53 to 105 of 118]
-9999 -9999 -9999 -9999 -9999 -9999 -9999 -9999 -9999 -9999 -9999 -9999 -9999 -9999 -9999 -9999 -9999 -9999 -9999 -9999 -9999 -9999 -9999 -9999 -9999 -9999 -9999 -9999 -9999 -9999 -9999 -9999 -9999 -9999 -9999 -9999 -9999 -9999 -9999 -9999 -9999 -9999 -9999 -9999 -9999 -9999 -9999 -9999 -9999 -9999 -9999 -9999 -9999
0.042707968 0.036180675 0.03893137 0.039530096 0.040128822 0.040727547 0.041326273 0.040825513 0.039896703 0.039054756 0.038212809 0.037370862 0.036528914 0.034486325 0.03425261 0.034018896 0.033785181 0.033551466 0.034339791 0.03643593 0.03853207 0.040628209 0.042724348 0.041532379 0.044269661 0.042844867 0.041420074 0.03999528 0.038570486 0.03737745 0.036291491 0.035205532 0.034119572 0.033291679 0.028330965 0.017969539 0.011322378 0.0046752181 -0.0019719422 -0.0085215713 -0.01189726 -0.015272949 -0.018648638 -0.022024327 -0.019378885 -0.0133774 -0.012702006 -0.012026611 -0.011351217 -0.010675823 -0.014643529 -0.022556742 -0.030552478
0.036648165 0.030120871 0.034395987 0.037753219 0.038351944 0.03895067 0.039549396 0.039048635 0.037800727 0.036804941 0.035962994 0.035121047 0.0342791 0.031849793 0.029428238 0.029194524 0.028960809 0.028727095 0.02951542 0.031611559 0.033707698 0.035803837 0.034019574 0.031943451 0.036031802 0.039334577 0.037909784 0.03648499 0.035060196 0.033867161 0.032781201 0.031695242 0.031082714 0.032096401 0.027135687 0.011409643 0.00011697837 -0.0065301818 -0.013177342 -0.019726971 -0.02310266 -0.026478349 -0.029854038 -0.026635795 -0.020615973 -0.013640119 -0.0070133079 -0.0063379135 -0.0056625191 -0.0049871247 -0.0089548309 -0.01513604 -0.022976378
0.030588361 0.024061068 0.028336183 0.032611298 0.036575067 0.037173793 0.037772519 0.037271758 0.03602385 0.034775942 0.03371318 0.032871233 0.032029286 0.029599978 0.027116127 0.024632276 0.024136437 0.023902723 0.024691048 0.026787187 0.028720942 0.026575794 0.024430646 0.022354523 0.026442874 0.030531225 0.034399494 0.0329747 0.031549906 0.030356871 0.029270911 0.028873748 0.029887435 0.030901122 0.025940408 0.010214365 -0.0055116787 -0.017735582 -0.024382742 -0.030932371 -0.03430806 -0.037683749 -0.033892705 -0.027872883 -0.02185306 -0.014877206 -0.0077995324 -0.0007218583 2.6178801e-05 0.0007015732 -0.003266133 -0.0094473425 -0.015628552
0.024528558 0.018001264 0.02227638 0.026551495 0.03082661 0.035101726 0.035995641 0.035494881 0.034246973 0.032999065 0.031751157 0.030621419 0.029779472 0.027350164 0.024866313 0.022382462 0.019898611 0.019078351 0.019866676 0.021277162 0.019132014 0.016986866 0.014841718 0.012765595 0.016853946 0.020942297 0.025030648 0.029118999 0.028039617 0.026846581 0.026664782 0.027678469 0.028692157 0.029705844 0.02474513 0.0090190862 -0.0067069573 -0.022433001 -0.035588142 -0.042137771 -0.04551346 -0.041149615 -0.035129792 -0.02910997 -0.023090147 -0.016114294 -0.0090366198 -0.0019589457 0.0051187283 0.0063902711 0.0024225649 -0.0037586446 -0.0099398541
0.015001055 0.011941461 0.016216576 0.020491692 0.024766807 0.029041922 0.033317038 0.033718004 0.032470096 0.031222188 0.02997428 0.028726372 0.027529657 0.02510035 0.022616499 0.020132647 0.017648796 0.015164945 0.013833381 0.011688234 0.0095430858 0.007397938 0.0052527901 0.0031766674 0.0072650182 0.011353369 0.01544172 0.019530071 0.023618421 0.024455816 0.025469504 0.026483191 0.027496878 0.028510565 0.023549851 0.0078238077 -0.0079022358 -0.023628279 -0.039354323 -0.053343171 -0.048406525 -0.042386702 -0.03636688 -0.030347057 -0.024327235 -0.017351381 -0.010273707 -0.0031960331 0.0038816409 0.010959315 0.0081112628 0.0019300533 -0.0042511561
0.015024914 0.015133803 0.019408919 0.023684034 0.027959149 0.032234264 0.034666331 0.035236233 0.034554674 0.033306766 0.032058858 0.03081095 0.029563042 0.027120248 0.024636397 0.022152546 0.019668695 0.017207908 0.014901576 0.012756428 0.01061128 0.0084661323 0.0063292698 0.0099547221 0.017337739 0.02142609 0.025514441 0.029602791 0.033691142 0.035676465 0.036690152 0.03770384 0.038717527 0.032445539 0.017920725 0.010261266 -0.0054647774 -0.021190821 -0.036916864 -0.051994607 -0.045974784 -0.039954962 -0.033935139 -0.027915317 -0.028992892 -0.022831172 -0.015753498 -0.008675824 -0.00159815 -0.0025490567 -0.0085583351 -0.014739545 -0.020920754
0.019683058 0.019791948 0.024067063 0.028342179 0.032617294 0.034487467 0.035801644 0.036371546 0.036435683 0.036003108 0.0347552 0.033507292 0.032259384 0.029816591 0.027332739 0.024848888 0.02239679 0.019964494 0.017658161 0.015513013 0.013367865 0.01207446 0.01565634 0.019281792 0.026798658 0.034315525 0.038702125 0.042790475 0.046878826 0.048864149 0.049877836 0.050891524 0.041828022 0.020692268 0.0061674547 0.0035549574 -0.0024517904 -0.018177834 -0.033903877 -0.04898162 -0.042961797 -0.036941975 -0.030922152 -0.03270633 -0.035144848 -0.028983128 -0.021905454 -0.01482778 -0.017112212 -0.022760843 -0.028770122 -0.034951331 -0.041132541
0.024341203 0.024450093 0.028725208 0.032994428 0.034308604 0.03562278 0.036936957 0.037506859 0.037570996 0.037635132 0.037451542 0.036203634 0.034955726 0.032512933 0.030029082 0.027585672 0.025153375 0.022721079 0.020414746 0.018269598 0.017819651 0.02140153 0.024983409 0.028608862 0.036125728 0.043642594 0.051159461 0.05597816 0.06006651 0.062051833 0.06306552 0.051210506 0.030074752 0.0089389975 -0.0055858159 -0.0081983132 -0.01081081 -0.015164847 -0.03089089 -0.045968633 -0.03994881 -0.03398125 -0.036419768 -0.038858286 -0.041296804 -0.035135083 -0.028057409 -0.031675368 -0.037323999 -0.04297263 -0.048981909 -0.055163118 -0.049107251
0.028999348 0.029108238 0.032815564 0.034129741 0.035443917 0.036758094 0.03807227 0.038642172 0.038706309 0.038770445 0.038834582 0.038898718 0.037652069 0.035209275 0.032774553 0.030342257 0.02790996 0.025477664 0.023171331 0.023564842 0.027146721 0.0307286 0.034310479 0.037935932 0.045452798 0.052969664 0.060486531 0.068003397 0.073254194 0.075239517 0.06059299 0.039457236 0.018321481 -0.0028142731 -0.017339087 -0.019951584 -0.022564081 -0.025176578 -0.027877903 -0.042955646 -0.037694688 -0.040133206 -0.042571724 -0.045010241 -0.047448759 -0.041287039 -0.046238523 -0.051887154 -0.057535786 -0.063184417 -0.069193695 -0.062038191 -0.050566819
0.033154015 0.031837726 0.033151903 0.034466079 0.035780256 0.037094432 0.038408608 0.038878198 0.038942334 0.039006471 0.039070607 0.039134744 0.03919888 0.036849515 0.034417218 0.031984922 0.029552626 0.027120329 0.026702756 0.030284635 0.033866514 0.037448393 0.041030272 0.045410949 0.050865895 0.058382761 0.065899628 0.073416494 0.08093336 0.068852225 0.04771647 0.026580716 0.0054449614 -0.015690793 -0.027832926 -0.030445423 -0.03305792 -0.035670418 -0.038282915 -0.040890225 -0.043328743 -0.045767261 -0.048205779 -0.050644296 -0.052998788 -0.058155476 -0.063804108 -0.069452739 -0.07510137 -0.080750002 -0.073454004 -0.061982631 -0.050511258
0.031325516 0.026937809 0.028251985 0.029566162 0.030880338 0.032194514 0.036401056 0.035980305 0.033284683 0.033348819 0.033412956 0.033477092 0.033541229 0.031191863 0.028759567 0.02632727 0.023894974 0.018439903 0.016335189 0.019917068 0.023498947 0.027080827 0.032422976 0.042026707 0.034257732 0.038144781 0.045661648 0.053178514 0.06069538 0.048614245 0.02747849 0.0063427357 -0.014793019 -0.025328767 -0.029016818 -0.032685302 -0.0352978 -0.037910297 -0.040522794 -0.043130105 -0.045568623 -0.04800714 -0.050445658 -0.052684262 -0.053221907 -0.058378595 -0.064027226 -0.069675858 -0.075324489 -0.07245973 -0.063468719 -0.051997346 -0.040525974
0.026425599 0.022037891 0.023352068 0.024666244 0.026232116 0.030708702 0.035185287 0.034764536 0.031015837 0.027691168 0.027755304 0.027819441 0.027883577 0.025534212 0.023101915 0.020669619 0.01462105 0.0080723365 0.0059676226 0.0095495017 0.013131381 0.019240477 0.029038734 0.038642464 0.03087349 0.023104516 0.025423668 0.032940534 0.0404574 0.028376264 0.0072405101 -0.013895244 -0.022635158 -0.026262844 -0.029950895 -0.033747717 -0.037537679 -0.040150177 -0.042762674 -0.045369984 -0.047808502 -0.05024702 -0.052369737 -0.052907381 -0.053445025 -0.058601713 -0.064250345 -0.069898976 -0.066262585 -0.062474445 -0.053483435 -0.042012062 -0.030540689
0.021525681 0.017137973 0.01845215 0.020539761 0.025016347 0.029492933 0.033969518 0.033548767 0.029800068 0.02605137 0.022302671 0.022161789 0.022225925 0.01987656 0.017350909 0.010802196 0.004253483 -0.0022952301 -0.004399944 -0.00081806486 0.0060579772 0.015856234 0.025654491 0.035258222 0.027489248 0.019720274 0.0119513 0.012702554 0.02021942 0.0081382844 -0.01299747 -0.019941548 -0.023569234 -0.027196921 -0.030884971 -0.034681793 -0.038478615 -0.042275437 -0.045002553 -0.047609864 -0.050048382 -0.052055211 -0.052592855 -0.0531305 -0.053668144 -0.058824832 -0.063853581 -0.060065441 -0.056277301 -0.052489161 -0.04349815 -0.032026778 -0.031202864
0.016625763 0.012238056 0.014847407 0.019323992 0.023800578 0.028277164 0.032753749 0.032332998 0.028584299 0.024835601 0.021086902 0.017338204 0.016568274 0.013532056 0.0069833426 0.00043462954 -0.0061140836 -0.012662797 -0.014767511 -0.0071245222 0.0026737349 0.012471992 0.022270249 0.03187398 0.024105006 0.016336031 0.0085670574 0.00079808326 -1.8559921e-05 -0.012099696 -0.017247938 -0.020875625 -0.024503311 -0.028130997 -0.031819048 -0.03561587 -0.039412692 -0.043209513 -0.047006335 -0.049849743 -0.051740685 -0.05227833 -0.052815974 -0.053353618 -0.053891263 -0.057656436 -0.053868296 -0.050080156 -0.046292016 -0.042503877 -0.033512866 -0.03315897 -0.033390586
0.013083788 0.0097565979 0.014443703 0.018920289 0.023396874 0.02787346 0.032350046 0.032243598 0.0284949 0.024746201 0.020997503 0.017248804 0.013500106 0.0088051333 0.0022564202 -0.0042922929 -0.010841006 -0.017389719 -0.016767487 -0.0069692299 0.0028290271 0.012627284 0.022425541 0.029084146 0.0258004 0.018031425 0.010262451 0.0024934773 -0.0052754968 -0.010211886 -0.013839573 -0.017467259 -0.021094945 -0.024722632 -0.032479843 -0.036276665 -0.040073487 -0.043870308 -0.04766713 -0.051366788 -0.051904432 -0.052442076 -0.052979721 -0.053517365 -0.053122677 -0.048386184 -0.044598045 -0.040809905 -0.037021765 -0.033233625 -0.034229861 -0.034461477 -0.034693093
0.012697177 0.0093699869 0.015418183 0.020403531 0.024880116 0.029356702 0.033833288 0.033935305 0.031022773 0.027274075 0.023525376 0.019776678 0.016027979 0.014413958 0.010636304 0.0040875906 -0.0024611225 -0.0090098356 -0.0083876036 0.0014106535 0.011208911 0.021007168 0.026288191 0.027171806 0.033088924 0.031530047 0.023761073 0.015992099 0.0082231248 0.0032867352 -0.00034095113 -0.0039686374 -0.0075963237 -0.014756275 -0.023961199 -0.035470116 -0.040099275 -0.043896097 -0.047692918 -0.051392576 -0.05193022 -0.052467865 -0.053005509 -0.052271829 -0.048751584 -0.042340707 -0.036989269 -0.03320113 -0.02941299 -0.02562485 -0.028928177 -0.033707068 -0.033938684
0.012310566 0.0089833759 0.015031572 0.021079769 0.026363358 0.030839944 0.03531653 0.035418547 0.032547861 0.029677176 0.02605325 0.022304552 0.018555853 0.016941831 0.01540116 0.012467474 0.0059187609 -0.00062995219 -7.7201182e-06 0.0097905369 0.019588794 0.023548597 0.024375851 0.025259466 0.031176584 0.037093701 0.037259695 0.029490721 0.021721746 0.016785357 0.013157671 0.0095299842 0.0018282766 -0.0060980067 -0.01530293 -0.026811847 -0.038320764 -0.043921885 -0.047718707 -0.051418364 -0.051956008 -0.052493653 -0.05142098 -0.047900736 -0.044380491 -0.037969614 -0.031250875 -0.025592354 -0.021804214 -0.018016075 -0.021319402 -0.028003442 -0.033184275
0.011923955 0.0085967649 0.014644961 0.020693158 0.026741354 0.032323186 0.036799772 0.036901789 0.034031103 0.031160418 0.028289732 0.024832425 0.021083727 0.019469705 0.017929034 0.016388362 0.014298644 0.0077499312 0.0083721633 0.01817042 0.020809004 0.021636257 0.022463511 0.023347126 0.029264244 0.035181361 0.041098479 0.042989342 0.035220368 0.030283978 0.026339112 0.018412829 0.010486545 0.002560262 -0.0066446614 -0.018153578 -0.029662495 -0.041171412 -0.047744495 -0.051444152 -0.051981796 -0.050570131 -0.047049887 -0.043529643 -0.040009398 -0.033598521 -0.026879782 -0.020161043 -0.014195439 -0.010407299 -0.013710627 -0.020394667 -0.027078706
0.010728385 0.0082101539 0.01425835 0.020306547 0.026354743 0.03240294 0.038283013 0.038385031 0.035514345 0.032643659 0.029772974 0.026902288 0.0236116 0.021997579 0.020456907 0.018916236 0.017375564 0.015834893 0.016752047 0.01806941 0.018896664 0.019723918 0.020551171 0.021434786 0.027351904 0.033269021 0.039186139 0.045103257 0.04871899 0.042923664 0.034997381 0.027071097 0.019144814 0.011218531 0.0020136074 -0.0094953095 -0.021004226 -0.032513143 -0.04402206 -0.05146994 -0.049719282 -0.046199038 -0.042678794 -0.03915855 -0.035638305 -0.029227428 -0.022508689 -0.01578995 -0.0090712103 -0.0027985242 -0.0061018518 -0.012785891 -0.019469931
0.010682988 0.0090861606 0.015134357 0.021182553 0.02723075 0.033278946 0.03790245 0.039246002 0.03675251 0.033881824 0.031011138 0.028140452 0.025269767 0.023684912 0.022144241 0.020603569 0.019062898 0.017596527 0.017492738 0.018319991 0.019147245 0.019974499 0.020801752 0.023551345 0.017378282 0.023295399 0.029212517 0.035129635 0.041046752 0.037495172 0.029568889 0.021642606 0.013716322 0.0057900391 0.0037638927 -0.0062351261 -0.017744043 -0.02925296 -0.040761877 -0.051822735 -0.048302491 -0.044782247 -0.041262002 -0.037741758 -0.031437519 -0.024512697 -0.017793958 -0.011075218 -0.004356479 -0.0015962432 -0.0081171177 -0.014801157 -0.021485197
0.012604235 0.010914583 0.01696278 0.023010976 0.029059173 0.032694493 0.033535374 0.034878925 0.036564063 0.034935122 0.032064437 0.029193751 0.026323065 0.024738211 0.023197539 0.021656868 0.020310027 0.01947864 0.019374851 0.020202104 0.021029358 0.021856612 0.025265291 0.029079312 0.015829669 0.007241002 0.01315812 0.019075237 0.024992355 0.021440775 0.013514492 0.0055882085 -0.001310023 -0.00099822028 -0.0030141656 -0.0092245017 -0.018555736 -0.030064653 -0.04157357 -0.052634428 -0.049114184 -0.045593939 -0.042073695 -0.035323393 -0.026463575 -0.019538753 -0.012820014 -0.0061012743 -0.0046924876 -0.010871103 -0.017391977 -0.024076017 -0.030760056
0.014432657 0.012743006 0.018791203 0.024839399 0.027486535 0.028327416 0.029168297 0.030511849 0.032196986 0.033882124 0.033117735 0.030247049 0.027376363 0.025791509 0.024250838 0.023023528 0.02219214 0.021360753 0.021256964 0.022084217 0.022911471 0.026788171 0.030793258 0.034607279 0.021357636 0.0081079925 -0.0028962776 0.0030208401 0.0089379578 0.0053863778 -0.0025399055 -0.0083998839 -0.0080880812 -0.0077762786 -0.0097922239 -0.01600256 -0.022212896 -0.030876346 -0.042385262 -0.053446121 -0.049925877 -0.046405632 -0.039209267 -0.030349449 -0.021489631 -0.014564809 -0.0078460695 -0.0077887319 -0.013967347 -0.020145962 -0.026666836 -0.033350876 -0.038849502
