P2_models/J1_p2_vp_slide_diff2_40.dat.tif
NCOLS 118
NROWS 92
XLLCORNER 139.62
YLLCORNER -39.07
DX 0.099491525
DY 0.099347826
NODATA_VALUE -9999
[rows 50 to 74 of 92, columns 57 to 113 of 118]
-0.00079596884 -0.0092259213 -0.017655874 -0.015404285 -0.0058941392 0.0036160069 0.017604985 0.034222379 0.050839773 0.047862806 0.044212553 0.046300182 0.058999823 0.071699464 0.080776361 0.085217552 0.089658743 0.078408575 0.064821902 0.051483396 0.060308106 0.069132817 0.074102912 0.064097255 0.054091599 0.050932372 0.050936314 0.050077697 0.044798639 0.039519581 0.036337936 0.036935636 0.037533336 0.035075534 0.030123109 0.025974488 0.047983964 0.069993441 0.098880851 0.13227352 0.1656662 0.19888572 0.23208681 0.25264629 0.25648877 0.26033125 0.27173693 0.28674821 0.29760666 0.29873529 0.29986392 0.29117319 0.27723264 0.26384072 0.25190552 0.23997032 -9999
0.0082276838 -0.00020226867 -0.0086322212 -0.0063806328 0.0031295134 0.01263966 0.022149806 0.034414231 0.051031625 0.048054658 0.053746735 0.066446376 0.079146017 0.091845658 0.10092255 0.10412592 0.090539251 0.076952578 0.063365905 0.050027398 0.058852109 0.067676819 0.07650153 0.084787213 0.074781557 0.071622329 0.0698335 0.064554442 0.059275384 0.053996326 0.05081468 0.05141238 0.05201008 0.05260778 0.051127226 0.046978606 0.068988082 0.099374618 0.13276729 0.16615996 0.19955264 0.23277216 0.24881375 0.25265623 0.2564987 0.26034118 0.27174686 0.28108507 0.2822137 0.28334234 0.28447097 0.27578024 0.26260792 0.25067272 0.23873752 0.22680231 -9999
0.017251336 0.008821384 0.00039143151 0.0026430199 0.012153166 0.021663312 0.031173458 0.040683605 0.051223477 0.061193288 0.073892929 0.08659257 0.099292211 0.11199185 0.1162566 0.10266993 0.089083253 0.07549658 0.061909907 0.048571401 0.057396111 0.066220822 0.075045532 0.083870243 0.092694954 0.089589302 0.084310244 0.079031186 0.073752128 0.06847307 0.065291424 0.065889124 0.066486824 0.067084524 0.067682225 0.067982723 0.099868386 0.13326106 0.16665373 0.2000464 0.23343908 0.24498121 0.24882368 0.25266616 0.25650864 0.26035112 0.26456349 0.26569212 0.26682075 0.26794938 0.26907802 0.26137512 0.24943992 0.23750472 0.22556951 0.21363431 -9999
0.031178122 0.022748169 0.017891402 0.023607312 0.034011897 0.043522043 0.053032189 0.062542335 0.072052481 0.084646168 0.097345809 0.11004545 0.12274509 0.12993735 0.12440689 0.11082021 0.09723354 0.083646867 0.070465124 0.083298548 0.089241584 0.098066294 0.10689101 0.11571572 0.12454043 0.12371835 0.11843929 0.11316024 0.10788118 0.10497658 0.10921041 0.11501747 0.11561517 0.11621287 0.11681057 0.11838598 0.15177865 0.18517132 0.21856399 0.25195666 0.25085281 0.25364318 0.25748566 0.26132814 0.26517061 0.26143529 0.2596425 0.26077113 0.26189976 0.26302839 0.25529036 0.24259373 0.23065852 0.21872332 0.20678812 0.19901536 -9999
0.045925227 0.042278407 0.039459599 0.045175509 0.05669112 0.067528149 0.077038295 0.086548442 0.096058588 0.10865227 0.12135192 0.13405156 0.13892946 0.13969482 0.13416435 0.12057768 0.10699101 0.098372701 0.11128412 0.12411755 0.12998529 0.13585304 0.14430799 0.1531327 0.16195741 0.16113533 0.15585628 0.15057722 0.14871603 0.15036946 0.15460329 0.16348676 0.17054091 0.17113861 0.17173631 0.17331172 0.20670439 0.24009706 0.27348973 0.2680506 0.26096232 0.26375269 0.26759516 0.27143764 0.26618718 0.25826631 0.25647352 0.25760215 0.25873078 0.24969065 0.23556982 0.22287318 0.21093798 0.19900278 0.19186939 0.18742212 -9999
0.066665412 0.063846604 0.061027796 0.066743706 0.078259317 0.089774928 0.1010444 0.11055455 0.12006469 0.13265838 0.14535802 0.14792156 0.14868693 0.14945229 0.14392182 0.13033515 0.12628028 0.1391917 0.15210312 0.16493654 0.17080429 0.17667204 0.18253979 0.19054968 0.19937439 0.19855232 0.19327326 0.19245548 0.19410891 0.19576235 0.19999618 0.20887965 0.21776311 0.22606435 0.22666205 0.22823746 0.26163013 0.29233667 0.28524839 0.27816011 0.27107182 0.27386219 0.27770467 0.27093906 0.2630182 0.25509733 0.25330454 0.25443317 0.24409094 0.22997011 0.21584928 0.20315264 0.19121744 0.18472342 0.18027615 0.17582888 -9999
0.088233609 0.085414801 0.082595993 0.088311903 0.099827514 0.11134312 0.12285874 0.13437435 0.1440708 0.15614831 0.15691367 0.15767903 0.15844439 0.15920975 0.15367929 0.15418786 0.16709928 0.1800107 0.19292212 0.20575554 0.21162329 0.21749104 0.22335878 0.22922653 0.23679138 0.2359693 0.23619492 0.23784836 0.2395018 0.24115523 0.24538906 0.25427253 0.263156 0.27203947 0.28092293 0.2831632 0.30953446 0.30244618 0.29535789 0.28826961 0.28118133 0.28361181 0.27569095 0.26777008 0.25984922 0.25192836 0.25013556 0.23849123 0.2243704 0.21024956 0.19612873 0.1834321 0.17757745 0.17313017 0.1686829 0.16423563 -9999
0.10801856 0.10519975 0.10238094 0.10639815 0.11791376 0.12942937 0.14094498 0.15246059 0.1639762 0.17091869 0.17168405 0.17244941 0.17321477 0.17398013 0.18007362 0.19298504 0.20589646 0.21880788 0.2317193 0.24149381 0.24775652 0.25362427 0.25949202 0.26535976 0.27122751 0.27421273 0.27586616 0.2775196 0.27917304 0.28082647 0.2809289 0.28981237 0.29869584 0.30757931 0.31646277 0.32487008 0.3177818 0.31069351 0.30360523 0.29651695 0.28925537 0.27935194 0.27143107 0.26351021 0.25558934 0.24766848 0.23468612 0.22056528 0.20644445 0.19232362 0.17820279 0.17144183 0.16699456 0.16254728 0.15810001 0.15365274 -9999
0.12171288 0.11889407 0.11607526 0.11819737 0.12410754 0.13562316 0.14713877 0.15865438 0.17016999 0.19164902 0.2035758 0.20434116 0.20510653 0.20587189 0.21196537 0.2248768 0.23778822 0.25069964 0.25816217 0.25980339 0.26721833 0.27375346 0.27962121 0.28548896 0.29135671 0.29434192 0.29599536 0.2976488 0.29930223 0.29456218 0.29097098 0.29234208 0.30058301 0.30946647 0.31834994 0.32675725 0.31966896 0.31258068 0.3054924 0.29808824 0.28991725 0.27519927 0.26344527 0.25552441 0.24760354 0.23968268 0.22523752 0.20876872 0.19464789 0.18052706 0.16640623 0.16132834 0.15986249 0.15541521 0.15096794 0.14652067 -9999
0.13540721 0.1325884 0.12976959 0.1318917 0.13737137 0.14285105 0.15333255 0.16484816 0.17636377 0.1978428 0.21966419 0.23623292 0.23699828 0.23776364 0.24385713 0.25676855 0.26967997 0.27489518 0.27647175 0.27811297 0.28552791 0.29294284 0.29975041 0.30561815 0.3114859 0.31447112 0.31612455 0.31777799 0.31162958 0.30528446 0.30169326 0.30306436 0.30443547 0.31135364 0.32023711 0.32864441 0.32155613 0.31446785 0.3069211 0.29875011 0.29057913 0.27586115 0.2604459 0.24753861 0.23961774 0.23169688 0.21725172 0.19969624 0.18285133 0.1687305 0.15460967 0.14953178 0.14928863 0.14828314 0.14383587 0.1393886 -9999
0.14431738 0.14628272 0.14346391 0.14558602 0.1510657 0.15654537 0.16202505 0.17104195 0.18255756 0.20403659 0.22585798 0.24767936 0.26889004 0.2696554 0.27574889 0.28866031 0.29162819 0.29320476 0.29478134 0.29642256 0.30383749 0.31125243 0.31866736 0.32574735 0.33161509 0.33460031 0.3350421 0.32869698 0.32235186 0.31600674 0.31241554 0.31378664 0.31515775 0.31652885 0.32212427 0.33053158 0.3234433 0.31575396 0.30758298 0.29941199 0.29124101 0.27652303 0.26110777 0.24569252 0.23163194 0.22371108 0.20926592 0.19171044 0.17415497 0.15693394 0.14281311 0.13773522 0.13749206 0.13724891 0.1367038 0.13225653 -9999
0.15044185 0.15371476 0.15698768 0.15928035 0.16476002 0.1702397 0.17571937 0.18119904 0.18875134 0.21023037 0.23205176 0.25387315 0.27569453 0.29751592 0.30678463 0.3083612 0.30993778 0.31151435 0.31309092 0.31473214 0.32214708 0.32956201 0.33697695 0.34439188 0.35174429 0.35210949 0.34576437 0.33941926 0.33307414 0.32672902 0.32313782 0.32450892 0.32588003 0.32725113 0.32862224 0.33241875 0.32458683 0.31641584 0.30824485 0.30007387 0.29190288 0.27718491 0.26176965 0.24635439 0.23093914 0.21572528 0.20128012 0.18372465 0.16616917 0.14861369 0.13105821 0.12593866 0.1256955 0.12545235 0.12520919 0.12496603 -9999
0.16124303 0.16451594 0.16778886 0.17967593 0.18847402 0.19395369 0.19943337 0.20491304 0.21039271 0.2170387 0.23886008 0.26068147 0.28250285 0.30432424 0.31726481 0.31884138 0.32041795 0.32199452 0.3235711 0.32878911 0.30274872 0.31016366 0.31757859 0.32499352 0.33240846 0.3304117 0.32406659 0.31772147 0.31137635 0.30701402 0.31213149 0.31542958 0.31680069 0.31817179 0.3195429 0.32062953 0.31245854 0.30428756 0.29611657 0.28794559 0.28125395 0.2756062 0.26019095 0.24477569 0.22936044 0.21394518 0.19887221 0.18157094 0.16401546 0.14645998 0.1289045 0.12113078 0.12060775 0.1203646 0.12012144 0.11987828 -9999
0.17407788 0.1773508 0.18062372 0.19251079 0.21025155 0.22202475 0.22750443 0.2329841 0.23846377 0.24311078 0.24772918 0.26775702 0.28957841 0.31139979 0.32434036 0.32591693 0.3274935 0.32928487 0.33569305 0.34165421 0.30769362 0.27436797 0.28178291 0.28919784 0.29661278 0.29461602 0.2882709 0.28192578 0.27954092 0.28442651 0.28954399 0.29507928 0.29911059 0.3004817 0.3018528 0.30293943 0.29476845 0.28659746 0.27842648 0.27201619 0.26598154 0.26143128 0.25703911 0.24222268 0.22680742 0.21139216 0.19631919 0.18140939 0.16439784 0.14684236 0.12928688 0.12151316 0.11896916 0.11819418 0.11795102 0.11770786 -9999
0.18667561 0.19018566 0.19345857 0.20534565 0.22308641 0.24082717 0.25557549 0.26105516 0.26653483 0.27118184 0.27580024 0.28041863 0.29665396 0.31847534 0.33141591 0.33299248 0.3357418 0.34214997 0.34855815 0.35451931 0.32055872 0.28659813 0.25263755 0.25340216 0.26081709 0.25882034 0.25247522 0.25206782 0.25695342 0.26183901 0.26695649 0.27249178 0.27802708 0.2827916 0.28416271 0.28524934 0.27707835 0.26890737 0.26277842 0.25674378 0.25070913 0.24615887 0.2417667 0.23737453 0.2242544 0.20883915 0.19376617 0.17885637 0.16394657 0.14722474 0.12966926 0.12189554 0.11935154 0.11680754 0.1157806 0.11553744 -9999
0.19719611 0.20233147 0.20629343 0.2181805 0.23592126 0.25366202 0.27140278 0.28912622 0.29460589 0.2992529 0.3038713 0.30848969 0.31310809 0.3255509 0.33849146 0.34219872 0.3486069 0.35501507 0.36142325 0.36738441 0.33342382 0.29946324 0.26550265 0.23154206 0.22502141 0.22302465 0.22459472 0.22948032 0.23436592 0.23925151 0.24436899 0.24990428 0.25543958 0.26097487 0.26647261 0.26755924 0.25957531 0.25354066 0.24750601 0.24147137 0.23543672 0.23088646 0.22649429 0.22210212 0.21770995 0.20628613 0.19121315 0.17630335 0.16139355 0.14648375 0.13005164 0.12227791 0.11973392 0.11718992 0.11464592 0.11336702 -9999
0.20795922 0.21309458 0.21822994 0.2288592 0.24659997 0.26434073 0.28208149 0.29982225 0.31756301 0.32261732 0.32723572 0.33185412 0.33647251 0.34109091 0.34642824 0.35283642 0.35924459 0.36565277 0.37206094 0.37751877 0.34763555 0.31367496 0.27971437 0.24575379 0.2117932 0.20440287 0.20928847 0.21417407 0.21905966 0.22394526 0.22287507 0.22841036 0.23394566 0.23948095 0.24501625 0.25020661 0.24417196 0.23813732 0.23210267 0.22606802 0.2205402 0.21651342 0.21212125 0.20772908 0.20333692 0.19894475 0.18652652 0.17161672 0.15670692 0.14179712 0.12688732 0.12215835 0.11961435 0.11707035 0.11452635 0.11198236 -9999
0.21992909 0.22524104 0.2342102 0.24036221 0.24655427 0.26429503 0.28203579 0.29977655 0.31751731 0.32257162 0.32719002 0.33180842 0.33642681 0.34076548 0.34598714 0.35239531 0.35880349 0.36521166 0.37009459 0.37261916 0.36060378 0.33458459 0.300624 0.26666341 0.23270282 0.2253125 0.23019809 0.23508369 0.23996929 0.24042861 0.23259297 0.21276281 0.21789105 0.22342634 0.22896164 0.234152 0.22811736 0.22208271 0.21604806 0.21123649 0.21064052 0.20661374 0.20222157 0.1978294 0.19332393 0.1842526 0.17122762 0.15631782 0.14140802 0.12649822 0.12241186 0.11954219 0.11699819 0.11445419 0.11191019 0.10888552 -9999
0.23300581 0.24197497 0.25094413 0.25709613 0.26133376 0.26557139 0.28199009 0.29973085 0.31747161 0.32252592 0.32714432 0.33173554 0.33602996 0.34032437 0.34554603 0.35195421 0.35836239 0.3625076 0.36519498 0.36771955 0.35570416 0.34368878 0.32153363 0.28757304 0.25361245 0.24622212 0.25110772 0.25599332 0.25538479 0.25420572 0.24637009 0.22653993 0.20670976 0.20737173 0.21290703 0.2180974 0.21206275 0.2060281 0.20193278 0.20133681 0.20074084 0.19671406 0.19232189 0.18709636 0.17802503 0.1689537 0.15592872 0.14101892 0.12675334 0.12327452 0.1197957 0.11692603 0.11438203 0.11182196 0.10875623 0.1056905 -9999
0.24973973 0.25870889 0.26767806 0.27383006 0.27806769 0.28230532 0.28654294 0.29968515 0.31742591 0.32248022 0.32700002 0.33129444 0.33558885 0.33988327 0.34510493 0.35151311 0.35492061 0.35760799 0.36029536 0.36281993 0.35080455 0.33878916 0.32677378 0.30848266 0.27452208 0.26713175 0.27152004 0.27034098 0.26916191 0.26798284 0.2601472 0.24031704 0.22048688 0.20065672 0.19685242 0.20204279 0.19600814 0.19262908 0.1920331 0.19143713 0.19084116 0.18681438 0.18086879 0.17179746 0.16272613 0.15365479 0.14062982 0.12761601 0.12413719 0.12065836 0.11717954 0.11430987 0.11169267 0.10862694 0.1055612 0.10249547 -9999
0.26647366 0.27544282 0.28441198 0.29056399 0.29480162 0.29903924 0.30327687 0.3075145 0.31738021 0.3222645 0.32655892 0.33085333 0.33514775 0.33944216 0.34464624 0.34733362 0.350021 0.35270837 0.35539575 0.35792032 0.34590493 0.33388955 0.32187416 0.30985878 0.2954317 0.28647623 0.28529716 0.28411809 0.28293902 0.28175995 0.27392432 0.25409416 0.23426399 0.21443383 0.19460367 0.18598818 0.18332537 0.1827294 0.18213343 0.18153745 0.18094148 0.17464122 0.16556988 0.15649855 0.14742722 0.13835589 0.12847867 0.12499985 0.12152103 0.11804221 0.11456338 0.11156337 0.10849764 0.10543191 0.10236618 0.099300446 -9999
0.27229051 0.28125967 0.29022883 0.29551078 0.29943388 0.30367151 0.30790914 0.31214677 0.3163844 0.32706631 0.33136072 0.33565514 0.33994955 0.34424397 0.34783342 0.3505208 0.35320818 0.35589555 0.35858293 0.36474474 0.36321143 0.35119604 0.33918066 0.32716527 0.31514989 0.3105464 0.30936733 0.30818826 0.30700919 0.30473584 0.28751536 0.26341434 0.24358418 0.22375401 0.20392385 0.18466711 0.18407114 0.18347516 0.18287919 0.18228322 0.17947379 0.170751 0.16167967 0.15260834 0.14353701 0.13446568 0.12862831 0.12511141 0.12163259 0.11815377 0.11467495 0.11213967 0.10914863 0.1060829 0.10301717 0.099951434 -9999
0.27190915 0.28087831 0.28984747 0.29512942 0.29790577 0.30143302 0.30567065 0.30990828 0.31414591 0.32619701 0.33851659 0.34343362 0.34772804 0.35202245 0.35561191 0.35829928 0.36098666 0.36375544 0.37089948 0.37798487 0.37983204 0.38111013 0.36909474 0.35707936 0.34506397 0.34046048 0.33928141 0.33810234 0.33404093 0.32404522 0.30682474 0.27658589 0.25037392 0.23054376 0.2107136 0.19145686 0.19086088 0.19026491 0.18966894 0.18631679 0.18227314 0.1735232 0.16427202 0.15519545 0.14612412 0.13705279 0.13121542 0.12691977 0.12329283 0.11981401 0.11633519 0.11379991 0.11176909 0.10891747 0.10585174 0.10278601 -9999
0.27048123 0.28049695 0.28946611 0.29474806 0.29752441 0.30030076 0.30343216 0.30766979 0.31190742 0.32395852 0.33627811 0.34859769 0.35550652 0.35980094 0.36339039 0.36607777 0.36985153 0.37699557 0.38413961 0.391225 0.39307217 0.39491933 0.39676649 0.38699344 0.37497805 0.37037456 0.36919549 0.36334601 0.3533503 0.3433546 0.32613412 0.29589527 0.26565641 0.23733351 0.21750334 0.1982466 0.19765063 0.19705466 0.19315979 0.18911614 0.18507249 0.17632255 0.16707137 0.15782019 0.14871123 0.1396399 0.13380252 0.12950688 0.12521123 0.12147424 0.11799542 0.11546015 0.11342933 0.1113985 0.10868631 0.10562058 -9999
0.25974128 0.2768611 0.28908475 0.2943667 0.29714305 0.2999194 0.30269574 0.30547209 0.30966893 0.32172004 0.33403962 0.3463592 0.35867879 0.36757942 0.37116887 0.37594761 0.38309166 0.3902357 0.39737974 0.40446513 0.4063123 0.40815946 0.41000662 0.41185379 0.40489214 0.40028864 0.3926511 0.38265539 0.37265968 0.36266398 0.3454435 0.31520465 0.28496579 0.25472694 0.22448809 0.20503635 0.20404643 0.20000279 0.19595914 0.19191549 0.18787184 0.1791219 0.16987072 0.16061954 0.15136835 0.142227 0.13638963 0.13209399 0.12779834 0.12350269 0.11965566 0.11712038 0.11508956 0.11305874 0.11102792 0.10845516 -9999
