P2_models/J1_p2_vp_slide_diff2_240.dat.tif
NCOLS 118
NROWS 92
XLLCORNER 139.62
YLLCORNER -39.07
DX 0.099491525
DY 0.099347826
NODATA_VALUE -9999
[rows 24 to 47 of 92, columns 54 to 107 of 118]
-0.046785238 -0.052435291 -0.058085343 -0.063735396 -0.069385449 -0.075035501 -0.07736816 -0.07744651 -0.077524859 -0.077603209 -0.077681559 -0.078594367 -0.081076256 -0.084639319 -0.088202382 -0.091765444 -0.095328507 -0.094662729 -0.083507518 -0.072352307 -0.061197096 -0.050041885 -0.039056356 -0.043224675 -0.047392994 -0.051561314 -0.055729633 -0.059897953 -0.065515151 -0.073237383 -0.080959615 -0.088681846 -0.096404078 -0.1027459 -0.10660035 -0.11045481 -0.11430926 -0.11816371 -0.12236132 -0.11578948 -0.10904083 -0.10229219 -0.095543539 -0.088794892 -0.086288211 -0.083329678 -0.080371144 -0.077412611 -0.074454077 -0.078708776 -0.090918177 -0.10312758 -0.11533698 -0.12754638
-0.050821094 -0.0538282 -0.059478253 -0.065128306 -0.070778358 -0.076428411 -0.077417018 -0.076585603 -0.076663953 -0.076742302 -0.076820652 -0.076899001 -0.079050934 -0.082595497 -0.08615856 -0.089721623 -0.093284685 -0.090391265 -0.079236054 -0.068080843 -0.056925633 -0.045770422 -0.050823688 -0.050735992 -0.054904311 -0.059072631 -0.06324095 -0.06740927 -0.074008417 -0.081730649 -0.089452881 -0.097175112 -0.10164006 -0.096942298 -0.094042627 -0.097897079 -0.10175153 -0.10560598 -0.10914433 -0.10239568 -0.095647035 -0.088898388 -0.082149741 -0.088058253 -0.095905143 -0.093196529 -0.090237995 -0.087279462 -0.084320928 -0.082022281 -0.091190435 -0.10339984 -0.11560924 -0.12781864
-0.0546927 -0.056929838 -0.059289281 -0.064939333 -0.070589386 -0.076239439 -0.077228046 -0.075049004 -0.073789207 -0.073867557 -0.073945906 -0.074024256 -0.076176188 -0.078399372 -0.081718135 -0.085281197 -0.08884426 -0.08595084 -0.074795629 -0.063640418 -0.054509127 -0.060065544 -0.065556125 -0.065166982 -0.064777838 -0.068673224 -0.072841544 -0.077009863 -0.08360901 -0.091331242 -0.099053474 -0.10215832 -0.09908872 -0.094390961 -0.086759398 -0.082412135 -0.086266586 -0.090121038 -0.093659384 -0.086910737 -0.080162091 -0.073413444 -0.0806225 -0.089441936 -0.097288826 -0.10503214 -0.10344491 -0.10048638 -0.097527848 -0.0952292 -0.09324514 -0.10152914 -0.11373854 -0.12594794
-0.058564306 -0.060801444 -0.063038582 -0.06527572 -0.070400414 -0.076050467 -0.077039074 -0.074860031 -0.072680989 -0.070992811 -0.071071161 -0.07114951 -0.073301443 -0.075524626 -0.077747809 -0.080840772 -0.084403835 -0.081510415 -0.070355204 -0.063685146 -0.069241564 -0.074797981 -0.080288562 -0.079899419 -0.079510276 -0.079121132 -0.082442137 -0.086610457 -0.093209604 -0.10093184 -0.10267657 -0.099606979 -0.096537383 -0.091839624 -0.084208061 -0.076576498 -0.070781642 -0.074636094 -0.07817444 -0.071425793 -0.064677147 -0.073186747 -0.082006183 -0.090825619 -0.098672509 -0.10641582 -0.11415913 -0.1136933 -0.11073477 -0.10843612 -0.10645206 -0.104468 -0.11186784 -0.12407724
-0.062435912 -0.06467305 -0.066910188 -0.069147326 -0.071384464 -0.075861494 -0.076850101 -0.074671059 -0.072492017 -0.070312975 -0.068196415 -0.068274764 -0.070426697 -0.07264988 -0.074873064 -0.077096247 -0.07996341 -0.07706999 -0.072861166 -0.078417584 -0.083974001 -0.089530418 -0.095020999 -0.094631856 -0.094242713 -0.093853569 -0.093464426 -0.09621105 -0.1028102 -0.10319483 -0.10012524 -0.097055642 -0.093986047 -0.089288287 -0.081656724 -0.074025161 -0.066393598 -0.05915115 -0.062689496 -0.056931557 -0.065750993 -0.074570429 -0.083389866 -0.092209302 -0.10005619 -0.1077995 -0.11554281 -0.12328612 -0.12394169 -0.12164304 -0.11965898 -0.11767492 -0.11569086 -0.12220654
-0.065870031 -0.068107169 -0.070344307 -0.072581445 -0.074818583 -0.077055722 -0.076649269 -0.074470227 -0.072291185 -0.070112143 -0.067933101 -0.065754059 -0.068140525 -0.070363709 -0.072586892 -0.074810075 -0.077033259 -0.080718636 -0.086275053 -0.091831471 -0.097387888 -0.10294431 -0.10733577 -0.10699624 -0.10660709 -0.10621795 -0.10582881 -0.10543966 -0.10321713 -0.10014753 -0.097077939 -0.094008343 -0.090938748 -0.088268749 -0.080637186 -0.073005623 -0.06537406 -0.057742496 -0.05060138 -0.059420816 -0.068240252 -0.077059688 -0.085879125 -0.094527916 -0.10178379 -0.1095271 -0.11727041 -0.12501372 -0.13275703 -0.13282387 -0.13083981 -0.12885575 -0.12687169 -0.12488763
-0.071679182 -0.068456367 -0.070176896 -0.072414034 -0.074651172 -0.07688831 -0.076430469 -0.074171761 -0.071992719 -0.069813677 -0.067634635 -0.065455593 -0.069896798 -0.072922866 -0.07514605 -0.077369233 -0.079592416 -0.083277794 -0.088834211 -0.094390628 -0.099947046 -0.10299252 -0.099701845 -0.099760039 -0.09947688 -0.099087737 -0.098698593 -0.09830945 -0.096086914 -0.093017319 -0.089947724 -0.086878129 -0.084200058 -0.085621212 -0.092227907 -0.084596343 -0.07696478 -0.069333217 -0.062192101 -0.071011537 -0.079830973 -0.088650409 -0.096623954 -0.097360386 -0.10584146 -0.11408589 -0.12182921 -0.12957252 -0.13731583 -0.13206083 -0.12534123 -0.12335717 -0.12137311 -0.11938905
-0.07800785 -0.074785035 -0.07156222 -0.072246622 -0.07448376 -0.076720898 -0.076263057 -0.073973864 -0.071694253 -0.069515211 -0.067336168 -0.065157126 -0.069598332 -0.074267017 -0.077705207 -0.079928391 -0.082151574 -0.085836951 -0.091393369 -0.096949786 -0.09868677 -0.095358594 -0.092067916 -0.092126109 -0.092184302 -0.091957522 -0.091568379 -0.091179235 -0.0889567 -0.085887104 -0.082817509 -0.080221013 -0.077798676 -0.07921983 -0.087566605 -0.095913381 -0.088555501 -0.080923938 -0.073782822 -0.082602258 -0.091421694 -0.098719991 -0.099456424 -0.10019286 -0.10867393 -0.11797983 -0.126388 -0.13413131 -0.14187462 -0.13661963 -0.12516795 -0.11785858 -0.11587452 -0.11389046
-0.084336518 -0.081113703 -0.077890888 -0.074668073 -0.074316349 -0.076553487 -0.076095645 -0.073806452 -0.071517258 -0.069228065 -0.067037702 -0.06485866 -0.069299865 -0.07396855 -0.078637235 -0.082487548 -0.084710732 -0.088396109 -0.093952526 -0.094381016 -0.09105284 -0.087724665 -0.084433987 -0.08449218 -0.084550373 -0.084608566 -0.084438164 -0.084049021 -0.081826485 -0.07875689 -0.076241968 -0.073819631 -0.071397294 -0.072818448 -0.081165223 -0.089511999 -0.097858775 -0.092514658 -0.085373542 -0.094192978 -0.10081603 -0.10155246 -0.10228889 -0.10302533 -0.1115064 -0.1208123 -0.1301182 -0.13869011 -0.14643342 -0.14117842 -0.12972675 -0.11827508 -0.11037593 -0.10839187
-0.090665185 -0.087442371 -0.084219556 -0.080996741 -0.077773926 -0.076386075 -0.075928234 -0.07363904 -0.071349847 -0.069060653 -0.06677146 -0.064560194 -0.069001399 -0.073670084 -0.078338769 -0.083007454 -0.087269889 -0.090955267 -0.090075263 -0.086747087 -0.083418911 -0.080090735 -0.076800058 -0.076858251 -0.076916444 -0.076974637 -0.07703283 -0.076918806 -0.07469627 -0.072262923 -0.069840586 -0.067418249 -0.064995912 -0.066417065 -0.074763841 -0.083110617 -0.091457393 -0.099804169 -0.096964263 -0.10291207 -0.1036485 -0.10438493 -0.10512136 -0.1058578 -0.11433887 -0.12364477 -0.13295067 -0.14225657 -0.15099222 -0.14573722 -0.13428555 -0.12283387 -0.1113822 -0.10289329
-0.095200319 -0.093436964 -0.09021415 -0.086991335 -0.08376852 -0.080545705 -0.076771622 -0.074482429 -0.072193235 -0.069904042 -0.067614849 -0.065325655 -0.06771725 -0.072385935 -0.07705462 -0.081723305 -0.08639199 -0.087552683 -0.084224507 -0.080896331 -0.077568155 -0.07423998 -0.070987694 -0.074887278 -0.074945471 -0.075003664 -0.075061857 -0.07512005 -0.073481595 -0.071059258 -0.068636921 -0.066214583 -0.063792246 -0.063516167 -0.071519116 -0.079865892 -0.088212668 -0.096559444 -0.10467934 -0.10541577 -0.1061522 -0.10688863 -0.10762506 -0.10741644 -0.11140107 -0.12070698 -0.13001288 -0.13931878 -0.14862468 -0.14798992 -0.13653825 -0.12508657 -0.1136349 -0.10218323
-0.093088962 -0.096080992 -0.095657762 -0.092434948 -0.089212133 -0.085989318 -0.081885772 -0.077183731 -0.074703712 -0.072414518 -0.070125325 -0.067836132 -0.067884603 -0.069476124 -0.074144809 -0.078813494 -0.083482179 -0.084642871 -0.081314696 -0.07798652 -0.074658344 -0.071242316 -0.067913311 -0.07704851 -0.082314272 -0.082372465 -0.082430658 -0.082488851 -0.080850396 -0.078428059 -0.076005722 -0.073583385 -0.070919753 -0.070590164 -0.074493236 -0.081827364 -0.09017414 -0.098520915 -0.10664081 -0.10737724 -0.10811367 -0.1088501 -0.1083268 -0.10612491 -0.10538576 -0.10825243 -0.11755833 -0.12686423 -0.13617014 -0.1382225 -0.13498756 -0.12353588 -0.11208421 -0.10063254
-0.090977605 -0.093969635 -0.096961665 -0.097878561 -0.094655746 -0.091432931 -0.087329385 -0.082627344 -0.077925304 -0.074924995 -0.072635801 -0.070346608 -0.070395079 -0.070523875 -0.071234997 -0.075903682 -0.080572367 -0.08173306 -0.078404884 -0.075076708 -0.071636502 -0.068167933 -0.064838928 -0.073974127 -0.083109326 -0.089741266 -0.089799459 -0.089857652 -0.088219197 -0.08579686 -0.083350899 -0.080672325 -0.07799375 -0.077664162 -0.081567233 -0.085470304 -0.092135611 -0.10048239 -0.10860228 -0.10933871 -0.11007514 -0.10923716 -0.10703528 -0.10483339 -0.10409424 -0.10351088 -0.10510379 -0.11440969 -0.12371559 -0.12576795 -0.12436233 -0.12198519 -0.11053352 -0.099081846
-0.088866248 -0.091858277 -0.094850307 -0.097842337 -0.10009936 -0.096876544 -0.092772998 -0.088070957 -0.083368917 -0.078666876 -0.075146278 -0.072857084 -0.072905556 -0.073034352 -0.073163148 -0.073291944 -0.077662556 -0.078823248 -0.075495073 -0.072030688 -0.068562119 -0.065093549 -0.061764545 -0.070899744 -0.080034943 -0.089170142 -0.09716826 -0.097226454 -0.095587998 -0.093103471 -0.090424897 -0.087746322 -0.085067747 -0.084738159 -0.08864123 -0.092544301 -0.096447373 -0.10244386 -0.11056375 -0.11130018 -0.11014752 -0.10794564 -0.10574375 -0.10354187 -0.10280272 -0.10221936 -0.10163599 -0.10195514 -0.11126104 -0.1133134 -0.11190779 -0.11050217 -0.10898283 -0.097531156
-0.08675489 -0.08974692 -0.09273895 -0.09573098 -0.09872301 -0.10171504 -0.098216611 -0.09351457 -0.08881253 -0.084110489 -0.079408448 -0.075367561 -0.075416032 -0.075544828 -0.075673625 -0.075802421 -0.075931217 -0.075893443 -0.072424874 -0.068956305 -0.065487735 -0.062019166 -0.058690161 -0.067825361 -0.07696056 -0.086095759 -0.095230958 -0.10436616 -0.10285604 -0.10017747 -0.097498894 -0.094820319 -0.092141744 -0.091812156 -0.095715227 -0.099618298 -0.10352137 -0.10742444 -0.11252522 -0.11105789 -0.108856 -0.10665412 -0.10445223 -0.10225035 -0.1015112 -0.10092783 -0.10034447 -0.099761104 -0.099177739 -0.10085886 -0.099453242 -0.098047626 -0.09664201 -0.095236393
-0.090503421 -0.093495451 -0.096487481 -0.099479511 -0.10247154 -0.10377449 -0.10480252 -0.10218936 -0.09748732 -0.092785279 -0.088083239 -0.083381198 -0.083349515 -0.083478312 -0.083607108 -0.083735904 -0.081956488 -0.077269696 -0.073801127 -0.070332557 -0.066863988 -0.063395419 -0.063078676 -0.070847785 -0.079982984 -0.089118184 -0.098253383 -0.10738858 -0.10844332 -0.10576475 -0.10308617 -0.1004076 -0.097998846 -0.098113225 -0.10151328 -0.10541635 -0.10931942 -0.11322249 -0.11694356 -0.11474168 -0.11253979 -0.11033791 -0.10813602 -0.11062281 -0.11050099 -0.10991762 -0.10933426 -0.1087509 -0.10695542 -0.10506373 -0.10365812 -0.1022525 -0.10084689 -0.096707605
-0.096233847 -0.099225877 -0.10221791 -0.10520994 -0.10578993 -0.10542928 -0.10645731 -0.10842902 -0.10725494 -0.1025529 -0.097850858 -0.093148817 -0.093117134 -0.093245931 -0.093374727 -0.090476825 -0.084838007 -0.080151215 -0.076682646 -0.073214076 -0.069950455 -0.069941058 -0.070015098 -0.077540599 -0.085067433 -0.094202633 -0.10333783 -0.11247303 -0.11352777 -0.1108492 -0.10817062 -0.10594933 -0.10451628 -0.10463066 -0.10753337 -0.11078286 -0.11468593 -0.118589 -0.12231007 -0.12010819 -0.1179063 -0.11570442 -0.11887807 -0.12308988 -0.12296806 -0.1223847 -0.12180133 -0.11970602 -0.11679474 -0.11490306 -0.11349744 -0.11209182 -0.10744806 -0.10013424
-0.10196427 -0.1049563 -0.10794833 -0.10780538 -0.10744472 -0.10708407 -0.1081121 -0.11008381 -0.11205552 -0.11232052 -0.10761848 -0.10291644 -0.10288475 -0.10301355 -0.098997162 -0.093358344 -0.087719526 -0.083032734 -0.079564164 -0.076896273 -0.076886877 -0.07687748 -0.07695152 -0.084477021 -0.092002523 -0.099528024 -0.10842228 -0.11755748 -0.11861222 -0.11593364 -0.11389982 -0.11246677 -0.11103371 -0.11114809 -0.1140508 -0.11695352 -0.12005244 -0.12395551 -0.12767658 -0.1254747 -0.12327281 -0.12713334 -0.13134515 -0.13555695 -0.13543513 -0.13485177 -0.13245661 -0.12954534 -0.12663406 -0.12474238 -0.12333676 -0.11818852 -0.1108747 -0.10356088
-0.1076947 -0.11018148 -0.10982083 -0.10946017 -0.10909951 -0.10873885 -0.10976689 -0.1117386 -0.11371031 -0.11568202 -0.1173861 -0.11268406 -0.11265237 -0.1075175 -0.10187868 -0.096239863 -0.090601045 -0.085914253 -0.083842092 -0.083832695 -0.083823299 -0.083813902 -0.083887942 -0.091413443 -0.098938945 -0.10646445 -0.11398995 -0.12264193 -0.12369667 -0.12185031 -0.12041725 -0.1189842 -0.11755115 -0.11766552 -0.12056824 -0.12347095 -0.12637366 -0.12932202 -0.13304309 -0.13117679 -0.1353886 -0.13960041 -0.14381222 -0.14802403 -0.14790221 -0.14520721 -0.14229594 -0.13938466 -0.13647339 -0.1345817 -0.12892898 -0.12161516 -0.11430133 -0.10698751
-0.11195386 -0.11159321 -0.11123255 -0.11087189 -0.11051124 -0.11015058 -0.11106842 -0.11304013 -0.11501184 -0.11698355 -0.11895526 -0.12092697 -0.11596879 -0.11032998 -0.10469116 -0.099052341 -0.093413523 -0.09024417 -0.090234773 -0.090225377 -0.090215981 -0.090206584 -0.090080318 -0.095695201 -0.1032207 -0.1107462 -0.11827171 -0.12579721 -0.12719518 -0.12576213 -0.12432907 -0.12289602 -0.12146297 -0.12299485 -0.12589756 -0.12880027 -0.13170298 -0.1346057 -0.13754744 -0.14175924 -0.14597105 -0.15018286 -0.15439467 -0.15856298 -0.15574359 -0.15283231 -0.14992104 -0.14700976 -0.14409849 -0.13891168 -0.13159785 -0.12428403 -0.11697021 -0.10965639
-0.11697408 -0.11168894 -0.11081106 -0.1104504 -0.11008975 -0.10972909 -0.11028608 -0.11167737 -0.11364908 -0.11562079 -0.1175925 -0.11956421 -0.11720179 -0.11262174 -0.10698292 -0.1013441 -0.095705287 -0.092535934 -0.092526538 -0.092517141 -0.092507745 -0.092443673 -0.092157745 -0.083860152 -0.087480836 -0.095006338 -0.10253184 -0.11005734 -0.11145531 -0.11002226 -0.10858921 -0.10715615 -0.11125301 -0.11777966 -0.12226608 -0.12516879 -0.1280715 -0.13097422 -0.13391596 -0.13812776 -0.14233957 -0.14655138 -0.15060094 -0.15339119 -0.14783601 -0.14375763 -0.14084635 -0.13793508 -0.1350238 -0.1329742 -0.12855168 -0.12123786 -0.11392404 -0.10661022
-0.12241157 -0.11712644 -0.11184131 -0.11002892 -0.10966826 -0.1093076 -0.10986459 -0.11104517 -0.11228633 -0.11425804 -0.11622974 -0.11820145 -0.11583903 -0.11332768 -0.10927469 -0.10363587 -0.097997051 -0.094827698 -0.094818302 -0.094808905 -0.094717319 -0.094521099 -0.094235171 -0.085937578 -0.077639985 -0.079266471 -0.086791973 -0.094317474 -0.095715446 -0.094282393 -0.092849339 -0.098079889 -0.10564218 -0.11216884 -0.11682936 -0.12148988 -0.12444002 -0.12734274 -0.13028448 -0.13449628 -0.13870809 -0.14263889 -0.14542914 -0.14821939 -0.14266422 -0.13622023 -0.13177167 -0.12886039 -0.12594912 -0.12389951 -0.12226069 -0.11819169 -0.11087787 -0.10356404
-0.12784907 -0.12256394 -0.1172788 -0.11199367 -0.10924677 -0.10888611 -0.10944311 -0.11062368 -0.11180425 -0.11298483 -0.11486699 -0.1168387 -0.11447628 -0.11196493 -0.10945358 -0.10592763 -0.10028881 -0.097119462 -0.097110066 -0.096990965 -0.096794745 -0.096598526 -0.096312598 -0.088015005 -0.079717411 -0.071419818 -0.071052107 -0.078577608 -0.07997558 -0.078542527 -0.084906767 -0.092469062 -0.10003136 -0.10655801 -0.11121853 -0.11587905 -0.12053957 -0.12371126 -0.126653 -0.1308648 -0.13467685 -0.1374671 -0.14025735 -0.1430476 -0.13749242 -0.13104844 -0.12460445 -0.11978571 -0.11687444 -0.11482483 -0.113186 -0.11154718 -0.10783169 -0.10051787
-0.13328657 -0.12800143 -0.1227163 -0.11743117 -0.11214604 -0.10846463 -0.10902162 -0.11020219 -0.11138276 -0.11256334 -0.11374391 -0.11547594 -0.11311352 -0.11060217 -0.10809083 -0.10557948 -0.10258058 -0.099411226 -0.09926461 -0.099068391 -0.098872172 -0.098675952 -0.098390024 -0.090092431 -0.081794838 -0.073497245 -0.065199651 -0.062837742 -0.064235714 -0.071733646 -0.07929594 -0.086858235 -0.094420529 -0.10094718 -0.1056077 -0.11026822 -0.11492874 -0.11958927 -0.12302152 -0.12671481 -0.12950506 -0.13229531 -0.13508556 -0.13787581 -0.13232063 -0.12587664 -0.11943265 -0.11298866 -0.10779975 -0.10575014 -0.10411132 -0.1024725 -0.10083367 -0.097471698
