P2_models/J1_p2_vp_slide_diff2_120.dat.tif
NCOLS 118
NROWS 92
XLLCORNER 139.62
YLLCORNER -39.07
DX 0.099491525
DY 0.099347826
NODATA_VALUE -9999
[rows 48 to 71 of 92, columns 0 to 52 of 118]
-9999 -0.025755779 -0.009093069 0.0075696412 0.024232351 0.040895062 0.057557772 0.054824061 0.049925164 0.045026266 0.040127369 0.035228471 0.030329574 0.028657172 0.028830595 0.028466787 0.02810298 0.027739173 0.027375365 0.027155313 0.027266909 0.027378506 0.027490102 0.027601698 0.027713295 0.035761679 0.035335467 0.033596389 0.03185731 0.030118232 0.028379154 0.031679474 0.044694146 0.057708818 0.07072349 0.083738162 0.096752834 0.086041576 0.072313117 0.058584659 0.044856201 0.031127743 0.018356204 0.01745159 0.017437452 0.017423314 0.017409175 0.017395037 0.017380899 0.0093971735 3.6086948e-05 -0.0093249996 -0.018686086
-9999 -0.015284298 0.0013784126 0.018041123 0.034703833 0.045250724 0.043957497 0.040990428 0.036091531 0.031192633 0.026293736 0.021686647 0.01818112 0.016709602 0.019311306 0.020467521 0.020103714 0.019739906 0.019376099 0.019156047 0.019267643 0.019379239 0.019490836 0.021180275 0.03473898 0.045665995 0.049539419 0.05084869 0.049109612 0.047370534 0.045631456 0.048931776 0.061946448 0.07496112 0.087975792 0.095296809 0.083148388 0.070349918 0.056621459 0.042893001 0.029164543 0.019876784 0.018285778 0.01733706 0.016850075 0.016754813 0.016740675 0.016726537 0.016712398 0.008728673 -0.00063241354 -0.0099935001 -0.019354587
-9999 -0.0048128159 0.011849894 0.028512604 0.032710318 0.031417091 0.030123864 0.027156795 0.022257898 0.017359001 0.013244604 0.009739077 0.0062335502 0.0047620327 0.0073637361 0.0099654395 0.012104448 0.01174064 0.011376833 0.011156781 0.011268377 0.011379973 0.017525886 0.031084591 0.044643296 0.055570311 0.059443735 0.06331716 0.066361914 0.064622836 0.062883758 0.066184078 0.07919875 0.092213422 0.091753572 0.079605151 0.06745673 0.05465826 0.040929801 0.027201343 0.021397365 0.019806358 0.018215351 0.017266633 0.016779648 0.016292663 0.016072174 0.016058036 0.016043898 0.0080601725 -0.001300914 -0.009237961 -0.011074113
-9999 0.0056586657 0.021463138 0.020169912 0.018876685 0.017583458 0.016290231 0.013323163 0.0084242651 0.004802561 0.0012970342 -0.0022084926 -0.0057140194 -0.0071855368 -0.0045838335 -0.0019821301 0.00061957332 0.0032212767 0.0033775668 0.0031575144 0.0032691107 0.013871497 0.027430202 0.040988907 0.054547612 0.065474627 0.069348051 0.073221476 0.0770949 0.080968324 0.08013606 0.08343638 0.096451052 0.088210336 0.076061914 0.063913493 0.051765072 0.038966602 0.025238143 0.022917945 0.021326938 0.019735931 0.018144925 0.017196207 0.016709222 0.016222237 0.015735252 0.015389536 0.015375397 0.0073916721 0.0012805283 -0.00055562335 -0.002391775
-9999 0.0089227322 0.0076295054 0.0063362787 0.005043052 0.0037498253 0.0024565985 -0.00013395491 -0.0036394817 -0.0071450085 -0.010650535 -0.014156062 -0.017661589 -0.019133106 -0.016531403 -0.0139297 -0.011327996 -0.0087262929 -0.0061245895 -0.0033415972 0.010217108 0.023775813 0.037334518 0.050893223 0.064451928 0.075378943 0.079252367 0.083125791 0.086999216 0.09087264 0.094746064 0.09681552 0.084667099 0.072518678 0.060370256 0.048221835 0.036073414 0.026029532 0.024438525 0.022847518 0.021256511 0.019665505 0.018074498 0.01712578 0.016638795 0.01615181 0.015664825 0.015177841 0.014706897 0.011799018 0.009962866 0.0081267143 0.0062905627
-9999 0.0085951915 0.0073019647 0.006008738 0.0047155113 0.0034222846 -0.00028639543 -0.0047685413 -0.0082740681 -0.011779595 -0.015285122 -0.018790649 -0.019372727 -0.019226497 -0.022626159 -0.020024455 -0.017422752 -0.014821048 -0.012219345 -0.0063044086 0.0072542965 0.020813002 0.034371707 0.047930412 0.056146086 0.058294427 0.066004725 0.069878149 0.073751574 0.077624998 0.081498422 0.079899308 0.067750887 0.055602466 0.043454045 0.031305624 0.023346091 0.020388757 0.018797751 0.017206744 0.015615737 0.01402473 0.015707096 0.016053043 0.014926157 0.014439172 0.013952188 0.013465203 0.012978218 0.011340879 0.0095047271 0.0076685754 0.0058324238
-9999 0.010527291 0.009234064 0.0079408373 0.0066476105 0.0016308606 -0.0036974814 -0.0081796273 -0.011685154 -0.015190681 -0.018696208 -0.01725083 -0.014502092 -0.014355862 -0.019421307 -0.024486752 -0.022538301 -0.019936598 -0.017334894 -0.011419958 0.0021387473 0.015697452 0.029256158 0.033301399 0.033071905 0.035220246 0.04374178 0.052263313 0.056630488 0.060503912 0.064377336 0.062778222 0.050629801 0.03848138 0.026332959 0.020685746 0.016773368 0.013816035 0.012225028 0.010634021 0.0090430146 0.012009459 0.015375361 0.015721308 0.01389625 0.012451784 0.011964799 0.011477814 0.010990829 0.0093534902 0.0075173386 0.005681187 0.0059668094
-9999 0.01245939 0.011166163 0.0088764587 0.0035481166 -0.0017802254 -0.0071085674 -0.011590713 -0.01509624 -0.017877673 -0.015128934 -0.012380195 -0.0096314564 -0.0094852269 -0.014550672 -0.019616117 -0.024681562 -0.025052147 -0.022450443 -0.016535507 -0.0029768018 0.010581903 0.010456712 0.010227219 0.0099977249 0.012146066 0.020667599 0.029189133 0.037710666 0.043382826 0.04725625 0.045657136 0.033508715 0.021937779 0.018025401 0.014113023 0.010200645 0.0072433121 0.0056523054 0.0049459215 0.0083118227 0.011677724 0.015043625 0.015389573 0.013564514 0.011739456 0.0099774106 0.0094904258 0.0090034409 0.0073661018 0.0055299501 0.006766659 0.0093411799
-9999 0.014391489 0.010793715 0.0054653727 0.00013703062 -0.0051913114 -0.010519653 -0.015001799 -0.015755776 -0.013007038 -0.010258299 -0.00750956 -0.0047608212 -0.0046145917 -0.0096800369 -0.014745482 -0.019810927 -0.024876372 -0.027565992 -0.021651056 -0.01215848 -0.012387974 -0.012617468 -0.012846962 -0.013076456 -0.010928115 -0.0024065814 0.006114952 0.014636485 0.023158019 0.030135164 0.02853605 0.019277434 0.015365056 0.011452678 0.0075403006 0.0036279228 0.00067058955 0.0012482849 0.0046141862 0.0079800874 0.011345989 0.01471189 0.015057837 0.013232779 0.01140772 0.0095826617 0.0077576031 0.0070160525 0.0053787133 0.0075665087 0.01014103 0.01271555
-9999 0.011010303 0.0056819613 0.00035361926 -0.0049747228 -0.010303065 -0.015631407 -0.017108417 -0.014359678 -0.011610939 -0.0088622006 -0.0061134618 -0.003364723 -0.0014564935 -0.0065219387 -0.011587384 -0.016652829 -0.021718274 -0.026783719 -0.030386845 -0.030616339 -0.030845833 -0.031075327 -0.031304821 -0.031534314 -0.031891787 -0.02344664 -0.014925107 -0.0064035733 0.0021179602 0.010639494 0.01491401 0.011001632 0.0070892542 0.0031768764 -0.00073550134 -0.0046478791 -0.0037021712 -0.00033626999 0.0030296312 0.0063955325 0.0097614337 0.013127335 0.013138233 0.011313174 0.0094881154 0.0076630568 0.0058379982 0.0040129396 0.0037623409 0.0063368618 0.0089113827 0.011485904
-9999 8.9990291e-05 -0.0052383517 -0.010566694 -0.015895036 -0.020691136 -0.021740364 -0.022858871 -0.024057336 -0.02208198 -0.019333241 -0.016584502 -0.013835763 -0.01174337 -0.010965346 -0.014278385 -0.019343831 -0.024409276 -0.029474721 -0.033077847 -0.033307341 -0.033536835 -0.033766328 -0.033995822 -0.039231007 -0.041949761 -0.036509936 -0.029017706 -0.020496173 -0.011974639 -0.0034531059 0.00082141021 -0.0030909676 -0.0070033453 -0.010915723 -0.014739954 -0.013509294 -0.010922036 -0.006393971 -0.0028338775 0.00053202377 0.003897925 0.0072638262 0.0069293125 0.0039702657 0.0021452072 0.00032014858 -0.00150491 -0.0033299686 -0.0079987334 -0.010617617 -0.0080430966 -0.0054685757
-9999 -0.010830323 -0.016158665 -0.021487007 -0.024770022 -0.02581925 -0.026868478 -0.027986985 -0.02918545 -0.030383916 -0.029804281 -0.027055542 -0.024306803 -0.02221441 -0.021436386 -0.020658362 -0.022034832 -0.027100277 -0.032165722 -0.035768848 -0.035998342 -0.036227836 -0.037763551 -0.043526266 -0.049288981 -0.052007735 -0.046567909 -0.041128084 -0.034588772 -0.026067239 -0.017545705 -0.013271189 -0.017183567 -0.021095945 -0.023329859 -0.022099199 -0.02086854 -0.018281282 -0.013753216 -0.0092251512 -0.0053314849 -0.0019655837 0.0014003175 0.0010658038 -0.0019288911 -0.004923586 -0.0070227596 -0.0088478182 -0.010672877 -0.015341642 -0.020501876 -0.024997576 -0.022423055
-9999 -0.021750636 -0.027078978 -0.028848908 -0.029898136 -0.030947364 -0.031996592 -0.033115099 -0.034313564 -0.03551203 -0.036710495 -0.037526582 -0.034777843 -0.03268545 -0.031907426 -0.031129402 -0.030351379 -0.029791279 -0.034856724 -0.03845985 -0.038689344 -0.04205881 -0.047821525 -0.05358424 -0.059346955 -0.062065709 -0.056625883 -0.051186058 -0.045746232 -0.040159838 -0.031638305 -0.027363789 -0.031276167 -0.031919764 -0.030689104 -0.029458445 -0.028227785 -0.025640527 -0.021112462 -0.016584397 -0.012056331 -0.0078290924 -0.0044631912 -0.0047977049 -0.0077923998 -0.010787095 -0.01378179 -0.016190726 -0.018015785 -0.02268455 -0.027844784 -0.033005019 -0.038165254
-9999 -0.031878567 -0.032927794 -0.033977022 -0.03502625 -0.036075478 -0.037124706 -0.038243213 -0.039441678 -0.040640144 -0.041838609 -0.043037074 -0.044235539 -0.04315649 -0.042378466 -0.041600443 -0.040822419 -0.040044395 -0.039266371 -0.041150851 -0.046354069 -0.052116784 -0.057879499 -0.063642214 -0.069404929 -0.072123683 -0.066683857 -0.061244032 -0.055804206 -0.05036438 -0.044924555 -0.041456388 -0.040509669 -0.039279009 -0.03804835 -0.03681769 -0.035587031 -0.032999772 -0.028471707 -0.023943642 -0.019415577 -0.014887512 -0.010359447 -0.010661214 -0.013655909 -0.016650603 -0.019645298 -0.022639993 -0.025358693 -0.030027458 -0.035187693 -0.040347927 -0.045508162
-9999 -0.032436436 -0.033485664 -0.034534892 -0.03558412 -0.036633348 -0.036603416 -0.033777604 -0.032369088 -0.033567554 -0.034766019 -0.035964484 -0.037162949 -0.040491892 -0.044694829 -0.043916806 -0.043138782 -0.042360758 -0.041582734 -0.042782532 -0.048545247 -0.054307962 -0.060070677 -0.065833392 -0.070502383 -0.071177457 -0.070327364 -0.064887539 -0.059447713 -0.054007887 -0.048568062 -0.04456595 -0.04333529 -0.04210463 -0.040873971 -0.039643311 -0.036590916 -0.035841692 -0.037390526 -0.03286246 -0.028334395 -0.02380633 -0.019278265 -0.018523544 -0.021207467 -0.024202162 -0.027196857 -0.030191552 -0.033186247 -0.026400742 -0.031378177 -0.036538412 -0.041698646
-9999 -0.031006932 -0.032056159 -0.033105387 -0.034154615 -0.033188493 -0.031590104 -0.028764292 -0.024521876 -0.021189477 -0.022387942 -0.023586407 -0.024784872 -0.028113816 -0.035709164 -0.0426871 -0.041909077 -0.041131053 -0.040353029 -0.041552827 -0.047315542 -0.053078257 -0.058840972 -0.061694236 -0.061978119 -0.062653192 -0.064376757 -0.065741709 -0.060301884 -0.054862058 -0.049422232 -0.04542012 -0.044189461 -0.042958801 -0.041728141 -0.036936352 -0.030080543 -0.029331318 -0.03731843 -0.04245946 -0.037931395 -0.03340333 -0.028875265 -0.028120544 -0.030078433 -0.032487771 -0.035482466 -0.038477161 -0.041471856 -0.03468635 -0.026210561 -0.027879255 -0.03303949
-9999 -0.029577427 -0.030626655 -0.031371958 -0.029773569 -0.028175181 -0.026576792 -0.02375098 -0.019508564 -0.015266147 -0.011023731 -0.01120833 -0.012406795 -0.015735739 -0.023331088 -0.030926436 -0.038521785 -0.039901348 -0.039123324 -0.040323121 -0.046085836 -0.051848551 -0.05288609 -0.053169972 -0.053453854 -0.054128928 -0.055852492 -0.057576057 -0.059299621 -0.055716228 -0.050276403 -0.046274291 -0.045043631 -0.043812971 -0.037281788 -0.030425979 -0.02357017 -0.022820945 -0.030808056 -0.038795167 -0.046782278 -0.04300033 -0.038472265 -0.037717544 -0.039675433 -0.041633321 -0.043768074 -0.046762769 -0.049757464 -0.042971959 -0.034496169 -0.02602038 -0.024380333
-9999 -0.028147922 -0.027957034 -0.026358645 -0.024760257 -0.023161869 -0.02156348 -0.018737668 -0.014495252 -0.010252835 -0.0060104186 -0.0017680021 -2.8718475e-05 -0.0033576619 -0.010953011 -0.01854836 -0.026143709 -0.033739057 -0.037893619 -0.039093416 -0.04379406 -0.044077943 -0.044361825 -0.044645708 -0.04492959 -0.045604664 -0.047328228 -0.049051792 -0.050775357 -0.052498921 -0.051130573 -0.047128461 -0.044483033 -0.037627224 -0.030771415 -0.023915605 -0.017059796 -0.016310572 -0.024297683 -0.032284794 -0.040271905 -0.048259016 -0.048069265 -0.047314544 -0.049272433 -0.051230321 -0.05318821 -0.055146098 -0.058043073 -0.051257568 -0.042781778 -0.034305988 -0.025830199
-9999 -0.026160769 -0.024562381 -0.022963992 -0.021365604 -0.019767215 -0.018168827 -0.016050067 -0.01180765 -0.0075652339 -0.0033228174 0.0009195991 0.0051620156 0.007628891 3.3542109e-05 -0.0075618068 -0.015157156 -0.022752505 -0.030347853 -0.035732324 -0.036016207 -0.036300089 -0.036583972 -0.036867854 -0.037151737 -0.036675874 -0.038399438 -0.040123002 -0.041846566 -0.04357013 -0.045293695 -0.044086825 -0.037231016 -0.030375207 -0.023519398 -0.016663588 -0.0098077792 -0.011226498 -0.019213609 -0.02720072 -0.035187831 -0.043174942 -0.051162053 -0.055889696 -0.057847585 -0.059805473 -0.061763362 -0.06372125 -0.065679139 -0.05874085 -0.050265061 -0.041789271 -0.033313481
-9999 -0.030817091 -0.029218703 -0.027620314 -0.026021926 -0.024562115 -0.026084172 -0.024930217 -0.020687801 -0.016445384 -0.012202968 -0.0079605511 -0.0048811304 -0.0017611397 0.0016613688 -0.0034964937 -0.011091843 -0.018687191 -0.02628254 -0.031667011 -0.031950894 -0.032234776 -0.032518659 -0.032802541 -0.035650305 -0.03630125 -0.0296166 -0.029182157 -0.030905721 -0.032629285 -0.03435285 -0.033145981 -0.026290171 -0.019434362 -0.012578553 -0.0057227435 -0.0081634757 -0.013236636 -0.021223747 -0.029210858 -0.037197969 -0.045373098 -0.055592078 -0.060365654 -0.061340213 -0.063298101 -0.06525599 -0.067213878 -0.069171767 -0.062233478 -0.053757689 -0.045281899 -0.036806109
-9999 -0.035473413 -0.033875025 -0.032276637 -0.031920208 -0.033442265 -0.034964322 -0.033810367 -0.029567951 -0.025325534 -0.021422926 -0.018454001 -0.015485076 -0.012365085 -0.0089425766 -0.0055200682 -0.0070265295 -0.014621878 -0.022217227 -0.027601698 -0.027885581 -0.028169463 -0.028941936 -0.032329788 -0.03571764 -0.036368586 -0.029683936 -0.022999286 -0.019964876 -0.021688441 -0.023412005 -0.022205136 -0.015349326 -0.0084935171 -0.0041009205 -0.0071372669 -0.010173613 -0.015246774 -0.023233885 -0.031220996 -0.040036732 -0.050255712 -0.060474693 -0.065248268 -0.066107212 -0.066966155 -0.068748618 -0.070706506 -0.072664395 -0.065726106 -0.057250317 -0.048774527 -0.049394742
-9999 -0.040129736 -0.038531347 -0.039278301 -0.040800358 -0.042322415 -0.043844472 -0.042690518 -0.038448101 -0.034995796 -0.032026871 -0.029057946 -0.026089021 -0.022969031 -0.019546522 -0.016124014 -0.012701505 -0.010556565 -0.018151914 -0.023536385 -0.023820268 -0.025621419 -0.029009271 -0.032397124 -0.035784976 -0.036435922 -0.029751272 -0.023066622 -0.016381971 -0.010747596 -0.01247116 -0.011264291 -0.0044084814 -0.0030747117 -0.0061110582 -0.0091474046 -0.012183751 -0.017256911 -0.025244022 -0.034700366 -0.044919346 -0.055138327 -0.065357307 -0.070130883 -0.070989826 -0.07184877 -0.072707713 -0.074199134 -0.076157023 -0.069218734 -0.062329225 -0.063769187 -0.065209149
-9999 -0.045114337 -0.046636394 -0.048158451 -0.049680508 -0.051202565 -0.052724623 -0.051570668 -0.048568667 -0.045599742 -0.042630817 -0.039661892 -0.036692967 -0.033572976 -0.030150467 -0.026727959 -0.023305451 -0.019882942 -0.016460434 -0.019471072 -0.022300903 -0.025688755 -0.029076607 -0.03246446 -0.035852312 -0.036503258 -0.029818607 -0.023133957 -0.016449307 -0.0097646571 -0.003080007 -0.00032344575 -0.0020485029 -0.0050848494 -0.0081211958 -0.011157542 -0.014193889 -0.019267049 -0.029364 -0.039582981 -0.049801961 -0.060020941 -0.070239922 -0.075013497 -0.075872441 -0.076731384 -0.077590328 -0.078449271 -0.079649651 -0.076703671 -0.078143633 -0.079583595 -0.081023557
-9999 -0.049261622 -0.050783679 -0.052305736 -0.053827794 -0.055349851 -0.05780352 -0.05876568 -0.055875718 -0.052906793 -0.049937868 -0.046968943 -0.044000018 -0.042653444 -0.042082345 -0.038659836 -0.035237328 -0.031814819 -0.028392311 -0.027029153 -0.030417005 -0.033804858 -0.03719271 -0.040580562 -0.043531424 -0.043409371 -0.039930707 -0.033246057 -0.026561407 -0.019876757 -0.013192107 -0.0098278313 -0.012864178 -0.015900524 -0.018936871 -0.021973217 -0.025102996 -0.028102174 -0.034991418 -0.045210399 -0.055429379 -0.06564836 -0.07586734 -0.079733701 -0.080213169 -0.081072112 -0.081931056 -0.082789999 -0.083648943 -0.084336466 -0.085776428 -0.08721639 -0.088656352
