P2_models/J1_p2__temp2_slide_60.dat.tif
NCOLS 118
NROWS 92
XLLCORNER 139.62
YLLCORNER -39.07
DX 0.099491525
DY 0.099347826
NODATA_VALUE -9999
[rows 54 to 80 of 92, columns 0 to 59 of 118]
-9999 801.08922 797.03779 792.98637 788.93494 796.42583 804.88261 814.54176 825.58858 836.6354 847.68222 843.80248 835.99321 835.59831 850.05111 864.50391 854.28111 841.7601 829.23909 815.78245 800.16726 784.55206 768.93687 763.90579 763.63053 758.37426 739.76766 721.16106 717.95923 716.58827 715.21731 719.92816 736.36281 752.79747 769.23212 777.97569 784.66692 790.43453 794.88077 799.32701 803.77325 803.57641 802.97259 804.2392 806.85041 809.37226 811.6693 813.96633 816.26336 815.79899 814.85737 813.91576 809.97344 802.79406 796.19059 791.582 786.97341 782.36482 794.85302 810.30085
-9999 796.61424 792.56282 791.60031 800.05709 808.51387 816.97065 826.62979 837.67662 846.54035 838.73108 830.92182 823.11255 822.71765 837.17045 851.62325 866.07605 864.01186 851.49085 838.0342 822.41901 806.80381 806.41251 806.13725 805.86199 800.60573 781.99913 763.39253 744.78592 736.74508 735.37412 740.08497 756.51962 772.2711 778.96232 785.65355 792.34478 798.11239 802.55863 806.10362 805.49981 804.896 804.29219 805.55879 808.17001 810.78123 813.37765 815.67468 817.97171 817.50734 816.56572 811.27834 804.09896 796.91958 790.31611 785.70752 782.46412 797.91195 813.35979 828.80763
-9999 792.13927 795.23157 803.68835 812.14513 820.60191 829.05869 838.71783 841.46896 833.65969 825.85042 818.04115 810.23188 809.83698 824.28979 838.74259 853.19539 867.64819 873.7426 860.28596 849.1945 848.91924 848.64398 848.36872 848.09346 842.83719 824.23059 805.62399 787.01739 768.41079 755.53093 760.24178 773.25773 779.94896 786.64018 793.33141 800.02264 805.79025 808.02703 807.42322 806.81941 806.2156 805.61179 806.87839 809.48961 812.10082 814.71204 817.32326 819.68006 819.21569 812.58324 805.40386 798.22448 791.0451 784.44163 785.52305 800.97089 816.41873 831.86656 847.3144
-9999 799.86817 808.32495 816.78173 825.23851 833.69529 842.15207 843.54524 835.73597 827.9267 820.11744 812.30817 804.4989 798.979 813.4318 827.8846 842.3374 856.79021 871.24301 881.24227 880.96701 880.69175 880.41649 880.14123 879.86597 880.78863 862.3241 843.7175 825.1109 806.5043 787.8977 777.932 784.62323 791.31446 798.00568 804.69691 811.38814 810.19858 809.59477 808.99096 808.38715 807.78334 807.17953 811.01563 813.62685 816.23806 818.84928 821.4605 824.07171 821.26357 814.08419 806.90481 799.72543 792.54605 786.77401 801.28347 816.7313 832.17914 847.62697 863.07481
-9999 816.39523 824.85201 833.30879 841.76557 849.58312 852.90059 854.17677 853.09704 846.6063 838.79703 830.98777 823.1785 817.12293 814.57927 823.93497 838.38778 852.84058 867.29338 877.29264 877.01738 876.74212 876.46686 876.1916 889.78178 897.24505 884.37017 867.67799 849.07139 830.46478 811.85818 801.89249 808.58372 815.27495 821.96617 828.55006 828.97838 824.71594 813.74271 811.40622 810.80241 810.1986 809.59479 816.07985 827.38763 829.99884 832.61006 835.22127 837.83249 840.96821 840.77564 833.59626 826.41688 819.2375 813.46546 812.56826 823.11164 838.55948 854.00731 869.45515
-9999 832.9223 841.37907 849.83585 855.83615 859.15362 862.4711 863.74728 862.66755 861.58782 857.47663 849.66736 841.85809 835.80253 833.25886 830.7152 834.43815 848.89095 863.34375 873.34301 873.06775 872.79249 876.13538 891.18679 906.2382 913.70146 900.82658 887.95171 873.03187 854.42527 835.81867 825.85298 832.54421 839.23543 843.88272 844.31104 844.73936 840.47692 829.50369 818.53046 813.21766 812.61385 812.01004 818.49511 830.07627 841.65743 846.37084 848.98205 851.59327 854.72899 857.95536 860.28771 853.10833 845.92895 840.15691 839.25971 838.36251 844.93982 860.38765 875.83549
-9999 849.44936 857.90614 862.08919 865.40666 868.72413 872.0416 873.31779 872.23806 871.15833 870.0786 868.34696 860.53769 854.48213 851.93846 849.3948 846.85113 844.94132 859.39412 869.39338 869.11812 877.54039 892.5918 907.64321 922.69462 930.15788 917.283 904.40812 891.53324 878.38576 859.77916 849.81347 856.50469 859.21538 859.6437 860.07202 860.50034 856.2379 845.26467 834.29144 823.31821 815.02911 814.4253 820.91036 832.49152 844.07269 855.65385 862.74283 865.35405 868.48977 871.71613 874.9425 878.16887 872.6204 866.84836 865.95116 865.05396 864.15676 866.76799 882.21583
-9999 865.02475 868.34222 871.6597 874.97717 878.29464 881.61211 882.88829 881.80856 880.72884 879.64911 878.56938 877.48965 873.16173 870.61806 868.0744 865.53073 862.98706 860.4434 865.44375 878.94539 893.9968 909.04821 924.09962 939.15103 946.61429 933.73941 920.86454 907.98966 895.11478 882.2399 873.77396 874.54804 874.97636 875.40468 875.833 876.26132 871.99888 861.02565 850.05242 839.0792 828.10597 817.13274 823.32562 834.90678 846.48794 858.06911 869.65027 879.11482 882.25054 885.47691 888.70328 891.92965 895.15602 893.53981 892.64261 891.74541 890.8482 889.951 889.0538
-9999 867.57441 870.89188 874.20936 877.52683 880.8443 882.20794 877.60332 873.10456 872.02483 870.9451 869.86537 868.78565 871.37963 876.2684 873.72473 871.18106 868.6374 866.09373 868.87055 883.92196 898.97337 914.02478 929.07619 939.98389 937.16456 935.68946 922.81458 909.93971 897.06483 884.18995 875.85901 876.28733 876.71565 877.14397 877.57229 876.15364 878.29468 878.84073 867.8675 856.89427 845.92104 834.94781 831.92231 840.83784 852.41901 864.00017 875.58133 887.1625 872.53619 875.46251 878.68888 881.91525 885.14161 890.53511 898.49615 897.59895 896.70175 895.80455 894.90735
-9999 867.07105 870.38852 873.70599 877.02346 876.69213 875.21606 870.61144 862.39605 855.37413 854.29441 853.21468 852.13495 854.72894 864.67975 873.70928 871.16561 868.62194 866.07828 868.8551 883.90651 898.95792 914.00932 918.03791 912.33208 909.51275 914.42999 918.45653 905.58165 892.70677 879.83189 871.50095 871.92927 872.35759 872.78591 869.60378 864.32904 866.47008 879.22043 886.5758 875.60257 864.62934 853.65611 850.63061 853.31863 859.87893 871.46009 883.04125 894.62241 879.9961 860.84043 858.33582 861.56219 864.78856 870.18205 883.08219 894.39112 893.49392 892.59672 891.69952
-9999 866.56769 869.88516 872.65237 871.17631 869.70025 868.22418 863.61956 855.40417 847.18878 838.97339 836.56398 835.48426 838.07824 848.02905 857.97986 867.93067 868.60649 866.06282 868.83964 883.89105 898.94246 896.09194 890.3861 884.68026 881.86093 886.77818 891.69542 896.61266 888.34871 875.47383 867.14289 867.57121 867.99953 863.05392 857.77918 852.50444 854.64548 867.39583 880.14619 892.89654 883.33764 872.36441 869.33891 872.02693 874.71494 878.92001 890.50117 902.08233 887.45602 868.30035 849.14468 841.20913 844.4355 849.82899 862.72913 875.62927 888.52942 889.38889 888.49169
-9999 866.06433 867.13656 865.66049 864.18443 862.70837 861.2323 856.62768 848.41229 840.1969 831.98151 823.76612 818.83356 821.42755 831.37836 841.32917 851.27998 861.23079 866.04737 868.82419 879.85181 874.14597 868.44013 862.73429 857.02845 854.20912 859.12637 864.04361 868.96085 873.87809 871.11578 862.78484 861.77879 856.50406 851.22932 845.95458 840.67984 842.82088 855.57123 868.32159 881.07194 893.8223 891.07271 888.04721 890.73522 893.42324 896.11126 898.79927 909.54225 894.91594 875.76027 856.6046 837.44892 824.08244 829.47593 842.37607 855.27622 868.17636 881.0765 885.28386
-9999 862.48552 861.00946 859.5334 858.05733 856.58127 855.10521 852.52949 844.3141 836.09871 827.88332 819.66793 811.45254 807.96029 817.9111 827.86191 837.81272 847.76353 857.71434 862.93081 857.22497 851.51914 845.8133 840.10746 834.40162 829.2119 834.12914 839.04638 843.96363 848.88087 853.79811 855.2341 849.95937 844.68463 839.40989 834.13516 828.86042 832.83191 845.58227 858.33262 871.08297 883.83333 896.58368 903.57909 906.26711 908.95513 911.64314 914.33116 917.01918 901.08238 881.92671 862.77104 843.61536 824.45969 817.25035 830.15049 843.05064 855.95078 868.85092 881.75106
-9999 860.65973 859.18367 857.7076 856.23154 855.15313 862.63131 862.82414 854.60875 846.39336 838.17797 829.96258 819.71552 814.83672 821.09474 830.22859 840.1794 850.13021 860.08103 865.2975 859.59166 853.88582 848.17998 842.47414 835.06992 828.3824 824.57474 827.25269 832.16993 837.08718 842.00442 843.44041 838.16568 832.89094 827.6162 822.34147 824.91606 831.97311 844.72346 857.47381 870.22417 882.80776 893.57857 901.09103 905.99998 908.68799 911.37601 914.06403 916.75204 900.81524 881.65957 862.5039 843.34823 839.64811 845.44968 858.34982 871.24997 884.15011 896.28289 892.52353
-9999 858.83394 857.35787 855.88181 857.9696 865.44777 872.92595 873.11878 864.90339 856.688 847.87899 837.4389 826.99882 822.12002 828.37804 834.63606 842.54609 852.4969 862.44771 867.66419 861.95835 856.25251 850.22301 842.46102 834.69902 828.0115 824.20384 820.39618 820.37624 825.29349 830.21073 831.64672 826.37199 821.09725 817.90227 820.97976 824.05726 831.1143 843.86465 856.61501 868.63042 879.40123 890.17205 897.68451 902.85458 908.02464 911.10887 913.79689 916.48491 900.54811 881.39244 862.23677 864.09519 867.84744 873.64901 886.54915 899.44929 907.53969 903.78034 900.02098
-9999 857.00814 855.53208 860.78607 868.26424 875.74242 883.22059 883.41342 875.19803 865.60237 855.16229 844.7222 834.28212 829.40332 835.66134 841.91936 848.17737 854.86359 864.8144 870.03087 864.32503 857.61411 849.85211 842.09012 834.32812 827.6406 823.83294 820.02528 816.21762 813.49979 818.41704 819.85303 814.5783 813.96597 817.04347 820.12096 823.19845 830.25549 843.00585 854.45308 865.22389 875.99471 886.76552 894.27798 899.44805 904.61812 909.78819 913.52976 916.21777 900.28097 884.79002 888.54227 892.29452 896.04677 901.84834 914.74848 918.7965 915.03714 911.27778 907.51843
-9999 856.12436 863.60253 871.08071 878.55888 886.03706 893.51523 893.70806 883.32576 872.88567 862.44559 852.0055 841.56542 836.68662 842.94464 849.20266 855.46067 861.71869 867.97671 872.39756 865.00521 857.24321 849.48122 841.71922 833.95722 827.2697 823.46204 819.65438 815.84672 812.03906 808.23141 808.05934 810.02967 813.10717 816.18466 819.26215 822.33964 829.39669 840.27573 851.04655 861.81736 872.58818 883.359 890.87145 896.04152 901.21159 906.38166 911.55173 915.95064 909.23709 912.98934 916.7416 920.49385 924.2461 930.04767 930.05331 926.29395 922.53459 918.77523 915.01588
-9999 866.11025 873.58843 881.0666 888.54478 896.02295 902.14468 908.92541 907.24834 896.80825 886.36817 875.92808 865.48799 857.10898 857.73912 863.99714 870.25515 876.51317 882.77119 884.78976 877.02777 869.26577 861.50377 853.74177 845.90837 840.73927 840.98047 837.17281 833.36515 829.55749 825.74983 824.29392 827.37141 830.4489 833.52639 836.60388 838.77392 846.6533 861.22143 871.99224 882.76306 893.53387 904.30469 908.64281 912.4851 917.65516 922.82523 927.9953 933.16537 945.26522 949.01747 952.76972 956.52197 960.27423 958.12092 943.30366 939.5443 935.78494 932.02558 928.26623
-9999 875.92085 883.39902 890.8772 898.35537 902.97569 906.5476 913.32833 923.81245 930.17783 919.73775 909.29766 898.85757 890.47856 886.22695 883.05611 889.31413 895.57215 901.83017 903.84874 896.08674 888.32475 880.56275 872.54523 864.27417 859.10507 862.25002 864.84795 861.04029 857.23263 853.42497 851.96906 855.04655 858.12404 861.20153 862.21292 861.87228 869.75167 889.39095 906.76398 917.5348 928.30561 939.07643 943.41455 943.12829 945.36869 950.53876 955.70883 960.8789 973.40039 987.1924 993.24267 996.99492 1000.7472 998.59387 975.98442 956.06088 952.30152 948.54216 944.7828
-9999 885.73145 893.20962 900.23479 903.8067 907.37861 910.95051 917.73124 928.21537 938.69949 949.18361 942.66724 932.22715 923.84814 919.59653 915.34493 911.09332 914.63113 920.88914 922.90772 915.14572 907.38372 899.1821 890.91104 882.63997 877.47088 880.61582 883.76076 886.90571 884.90778 881.10012 879.6442 882.72169 885.79919 885.65192 885.31129 884.97065 892.85004 912.48932 932.12861 951.76789 963.07735 973.84817 978.18629 977.90003 977.61378 978.25229 983.42236 988.59243 1001.1139 1014.9059 1028.6979 1037.4679 1041.2201 1039.0668 1016.4574 993.84792 971.23847 965.05874 961.29938
-9999 895.54205 901.06579 904.6377 908.20961 911.78152 915.35343 922.13416 932.61828 943.10241 953.58653 964.07065 965.59673 957.21772 952.96611 948.71451 944.46291 940.2113 939.94812 941.9667 934.09002 925.81896 917.5479 909.27684 901.00577 895.83668 898.98162 902.12656 905.27151 908.41645 908.77526 907.31935 909.43155 909.09092 908.75029 908.40966 908.06902 915.94841 935.58769 955.22698 974.86626 994.50554 1008.6199 1012.958 1012.6718 1012.3855 1012.0993 1011.813 1016.306 1028.8274 1042.6195 1056.4115 1070.2035 1081.6931 1079.5398 1056.9303 1034.3209 1011.7114 989.10197 977.81595
-9999 900.51667 904.08858 907.66049 911.2324 914.80431 918.37622 921.54314 932.02727 942.51139 952.99551 963.47964 973.96376 983.011 978.75939 974.50779 970.25618 966.00458 961.75297 956.28595 948.01488 939.74382 931.47276 923.2017 914.93064 914.30716 917.44462 920.58956 923.73451 926.87945 930.02439 931.97878 931.63815 931.29752 930.95688 930.61625 930.27562 935.35748 954.99676 974.63605 994.27533 1013.9146 1033.5539 1036.8983 1036.612 1036.3257 1036.0395 1035.7532 1035.467 1041.8904 1055.6824 1069.4744 1083.2664 1097.0585 1109.428 1088.0675 1065.458 1042.8486 1020.2391 997.62969
-9999 898.31522 901.88713 905.45903 909.03094 912.74093 917.31428 918.36761 915.3584 923.01664 933.50076 943.98488 954.46901 964.10783 972.05388 971.62218 967.37058 963.11898 958.86737 953.40034 945.12928 936.85822 928.58716 920.31609 927.52039 934.37768 936.59685 939.42049 942.56544 945.71038 948.85532 950.80971 950.46908 950.12844 949.78781 949.22697 941.59311 944.04781 960.93564 980.07985 999.71914 1019.3584 1038.9977 1036.9238 1019.5513 1019.265 1018.9788 1018.6925 1018.4062 1013.1273 1013.288 1027.08 1040.872 1054.664 1067.0336 1074.4759 1061.2561 1038.6466 1016.0372 993.42772
-9999 896.11376 899.68567 903.25758 907.35248 911.92582 916.49917 917.55251 914.5433 911.53409 914.00601 924.49013 934.97425 944.61307 952.55913 960.50519 964.48498 960.23337 955.98177 950.51474 942.24368 933.97262 930.41535 939.00313 947.5909 954.4482 956.66737 958.88653 961.39636 964.54131 967.68625 969.64064 969.30001 968.95937 965.92633 958.29246 950.65859 953.1133 970.00113 986.88895 1005.1629 1024.8022 1044.4415 1042.3676 1024.6843 1007.001 1001.918 1001.6318 1001.3455 996.06656 989.92474 984.68557 998.47758 1012.2696 1024.6391 1032.0815 1039.5238 1034.4447 1011.8352 989.22576
-9999 893.9123 897.48421 901.96402 906.53737 911.11072 915.68407 916.7374 913.72819 910.71898 907.70977 904.99538 915.4795 925.11832 933.06438 941.01043 948.95649 956.90255 953.09617 947.62914 939.35808 941.89809 950.48587 959.07365 967.66142 974.51872 976.73788 978.95705 981.17622 983.39538 986.51718 988.47157 988.13093 982.62568 974.99182 967.35795 959.72408 962.17879 979.06661 995.95444 1012.8423 1030.246 1049.8853 1047.8114 1030.1281 1012.4448 994.76145 984.57104 984.28478 979.00583 972.864 966.72218 960.58035 969.87517 982.24472 989.68704 997.12937 1004.5717 1007.6332 985.0238
-9999 892.00222 896.57557 901.14892 905.72227 910.29562 914.86897 915.9223 912.91309 909.90388 906.89467 903.88546 900.87625 905.62357 913.56963 921.51568 929.46174 937.40779 945.35385 944.79306 953.38083 961.96861 970.55639 979.14416 987.73194 994.58924 996.8084 999.02757 1001.2467 1003.4659 1005.6851 1006.9589 999.32504 991.69117 984.05731 976.42344 968.78957 971.24427 988.1321 1005.0199 1021.9078 1038.7956 1055.6834 1053.2552 1035.5719 1017.8886 1000.2053 982.52195 967.22405 961.9451 955.80327 949.66145 943.51962 937.3778 939.8503 947.29262 954.73494 962.17726 969.61958 977.0619
-9999 882.02373 886.59708 891.17043 895.74377 900.31712 906.80869 911.87527 911.91378 908.90457 905.89536 902.88615 899.87694 898.79001 902.82836 910.77441 918.72047 926.66653 934.61258 942.75269 951.34046 959.92824 968.51602 977.10379 983.38414 985.52927 987.67047 989.88964 992.10881 994.32797 996.54714 995.40083 987.76697 980.1331 972.49923 964.86537 958.37574 958.76141 970.25508 987.14291 1004.0307 1020.9186 1037.8064 1039.6164 1025.8343 1008.151 990.46771 972.7844 955.10109 957.09432 952.8192 946.67737 940.53555 934.39372 931.16169 938.13357 945.57589 953.01821 960.46053 967.90285
