P2_models/J1_p2_vp_slide_diff2_80.dat.tif
NCOLS 118
NROWS 92
XLLCORNER 139.62
YLLCORNER -39.07
DX 0.099491525
DY 0.099347826
NODATA_VALUE -9999
[rows 48 to 71 of 92, columns 0 to 53 of 118]
-9999 -0.13499473 -0.11239743 -0.089800132 -0.067202834 -0.044605536 -0.022008237 -0.022747769 -0.026664147 -0.030580524 -0.034496902 -0.03841328 -0.042329658 -0.044325592 -0.042369794 -0.041776327 -0.04118286 -0.040589393 -0.039995926 -0.03899822 -0.037067919 -0.035137617 -0.033207316 -0.031277015 -0.029346713 -0.020961362 -0.022653184 -0.025530344 -0.028407504 -0.031284664 -0.034161824 -0.032418729 -0.021769257 -0.011119786 -0.00047031402 0.010179158 0.020828629 0.0082430564 -0.0076453971 -0.023533851 -0.039422304 -0.055310758 -0.070185125 -0.072339986 -0.074459155 -0.076578325 -0.078697494 -0.080816664 -0.082935833 -0.089225937 -0.096236892 -0.10324785 -0.1102588 -0.11726976
-9999 -0.11989474 -0.097297444 -0.074700145 -0.052102847 -0.036690863 -0.03518952 -0.036203217 -0.040119595 -0.044035973 -0.047952351 -0.052704428 -0.060611232 -0.063182471 -0.055068937 -0.050620933 -0.050027466 -0.049433999 -0.048840532 -0.047842826 -0.045912525 -0.043982223 -0.042051922 -0.038664759 -0.024318413 -0.013275152 -0.01108499 -0.011209907 -0.014087067 -0.016964227 -0.019841387 -0.018098292 -0.0074488202 0.0032006515 0.013850123 0.018987829 0.0052780654 -0.0093280416 -0.025216495 -0.041104949 -0.056993402 -0.06817587 -0.071201785 -0.073291051 -0.074706973 -0.07670549 -0.07882466 -0.080943829 -0.083062999 -0.089353102 -0.096364057 -0.10337501 -0.11038597 -0.11120336
-9999 -0.10479476 -0.082197457 -0.059600159 -0.051647656 -0.050146312 -0.048644969 -0.049658666 -0.053575044 -0.057491422 -0.063654504 -0.071561308 -0.079468111 -0.082039351 -0.073925817 -0.065812283 -0.058872071 -0.058278604 -0.057685138 -0.056687432 -0.05475713 -0.052826829 -0.045324895 -0.030978549 -0.016632203 -0.005588942 -0.0033987794 -0.0012086168 0.00023337034 -0.0026437897 -0.0055209497 -0.0037778547 0.006871617 0.017521089 0.015126494 0.0014167309 -0.012293033 -0.02689914 -0.042787593 -0.058676047 -0.066166615 -0.06919253 -0.072218444 -0.07430771 -0.075723632 -0.077139553 -0.078951825 -0.081070994 -0.083190164 -0.089480268 -0.096491222 -0.10226396 -0.10273193 -0.10319989
-9999 -0.089694769 -0.068105791 -0.066604448 -0.065103104 -0.063601761 -0.062100417 -0.063114115 -0.067030493 -0.07460458 -0.082511384 -0.090418188 -0.098324991 -0.10089623 -0.092782697 -0.084669163 -0.076555629 -0.068442095 -0.066529743 -0.065532038 -0.063601736 -0.051985031 -0.037638685 -0.023292339 -0.0089459925 0.0020972681 0.0042874307 0.0064775933 0.0086677559 0.010857919 0.0087994875 0.010542582 0.021192054 0.01126516 -0.0024446036 -0.016154367 -0.029864131 -0.044470238 -0.060358691 -0.06415736 -0.067183274 -0.070209189 -0.073235104 -0.07532437 -0.076740291 -0.078156213 -0.079572134 -0.08119816 -0.083317329 -0.089607433 -0.093792537 -0.094260503 -0.094728468 -0.095196434
-9999 -0.083062583 -0.08156124 -0.080059897 -0.078558553 -0.07705721 -0.075555866 -0.077647853 -0.085554657 -0.09346146 -0.10136826 -0.10927507 -0.11718187 -0.11975311 -0.11163958 -0.10352604 -0.095412509 -0.087298975 -0.079185441 -0.072991514 -0.058645168 -0.044298821 -0.029952475 -0.015606129 -0.0012597824 0.0097834783 0.011973641 0.014163803 0.016353966 0.018544129 0.020734291 0.021113589 0.0074038255 -0.0063059381 -0.020015702 -0.033725465 -0.047435229 -0.05912219 -0.062148104 -0.065174019 -0.068199934 -0.071225848 -0.074251763 -0.076341029 -0.077756951 -0.079172872 -0.080588794 -0.082004715 -0.083444494 -0.085321111 -0.085789076 -0.086257042 -0.086725007 -0.087192973
-9999 -0.082084268 -0.080582924 -0.079081581 -0.077580237 -0.076078894 -0.07981432 -0.087367562 -0.095274365 -0.10318117 -0.11108797 -0.11899478 -0.12069179 -0.12084041 -0.12785696 -0.11974343 -0.1116299 -0.10351636 -0.095402829 -0.085404586 -0.071058239 -0.056711893 -0.042365547 -0.0280192 -0.019041266 -0.014724672 -0.0023188529 -0.00012869032 0.0020614723 0.0042516349 0.0064417975 0.0032010654 -0.010508698 -0.024218462 -0.037928225 -0.051637989 -0.061031759 -0.065351325 -0.06837724 -0.071403154 -0.074429069 -0.077454984 -0.077149302 -0.077581267 -0.079369309 -0.080785231 -0.082201152 -0.083617074 -0.085032995 -0.085640651 -0.086108617 -0.086576582 -0.087044548 -0.086026307
-9999 -0.078691107 -0.077189764 -0.075688421 -0.074187077 -0.080758434 -0.088005332 -0.095558574 -0.10346538 -0.11137218 -0.11927898 -0.11666941 -0.11129132 -0.11143994 -0.12265612 -0.1338723 -0.12740568 -0.11929215 -0.11117862 -0.10118037 -0.086834026 -0.07248768 -0.058141334 -0.053353643 -0.052860994 -0.048544399 -0.033978671 -0.019412944 -0.015908174 -0.013718011 -0.011527849 -0.014768581 -0.028478344 -0.042188108 -0.055897871 -0.062909158 -0.068132969 -0.072452535 -0.07547845 -0.078504364 -0.081530279 -0.079917677 -0.077898514 -0.078330479 -0.080524529 -0.082497253 -0.083913175 -0.085329096 -0.086745018 -0.087352673 -0.087820639 -0.088288604 -0.086062944 -0.080931491
-9999 -0.075297947 -0.073796604 -0.074455652 -0.081702549 -0.088949447 -0.096196344 -0.10374959 -0.11165639 -0.11802512 -0.11264703 -0.10726895 -0.10189086 -0.10203948 -0.11325566 -0.12447183 -0.13568801 -0.13506794 -0.1269544 -0.11695616 -0.10260981 -0.088263467 -0.087666019 -0.087173371 -0.086680722 -0.082364127 -0.067798399 -0.053232671 -0.038666943 -0.031687657 -0.029497495 -0.032738227 -0.04644799 -0.059562746 -0.064786557 -0.070010368 -0.075234179 -0.079553745 -0.082579659 -0.084705216 -0.082686053 -0.08066689 -0.078647726 -0.079079691 -0.081273741 -0.083467791 -0.085625197 -0.087041118 -0.08845704 -0.089064696 -0.089532661 -0.086099582 -0.080968128 -0.075836675
-9999 -0.071904787 -0.075399766 -0.082646664 -0.089893561 -0.097140459 -0.10438736 -0.1119406 -0.11400275 -0.10862466 -0.10324657 -0.097868482 -0.092490394 -0.092639016 -0.10385519 -0.11507137 -0.12628755 -0.13750372 -0.14273019 -0.13273195 -0.12247105 -0.1219784 -0.12148575 -0.1209931 -0.12050045 -0.11618385 -0.10161813 -0.087052399 -0.072486671 -0.057920943 -0.047467141 -0.050707873 -0.061440145 -0.066663956 -0.071887767 -0.077111578 -0.082335389 -0.086654955 -0.087473592 -0.085454428 -0.083435265 -0.081416102 -0.079396938 -0.079828903 -0.082022953 -0.084217003 -0.086411053 -0.088605103 -0.090169062 -0.090776718 -0.086136219 -0.081004766 -0.075873313 -0.07074186
-9999 -0.077815155 -0.085062053 -0.09230895 -0.099555848 -0.10680275 -0.11404964 -0.11549626 -0.11011817 -0.10474008 -0.099361994 -0.093983907 -0.088605819 -0.084771291 -0.095987468 -0.10720365 -0.11841982 -0.129636 -0.14085218 -0.14852778 -0.14803513 -0.14754248 -0.14704983 -0.14655718 -0.14606454 -0.1467326 -0.13229116 -0.11772544 -0.10315971 -0.08859398 -0.074028252 -0.066221983 -0.071445794 -0.076669605 -0.081893416 -0.087117227 -0.092341038 -0.090748638 -0.088729475 -0.086710311 -0.084691148 -0.082671985 -0.080652821 -0.082770636 -0.084964686 -0.087158736 -0.089352786 -0.091546836 -0.093740886 -0.092399665 -0.087268212 -0.082136759 -0.077005306 -0.071873853
-9999 -0.092502517 -0.099749415 -0.10699631 -0.11424321 -0.12086402 -0.1230773 -0.1241949 -0.12404794 -0.1196948 -0.11431671 -0.10893862 -0.10356054 -0.099309691 -0.097316213 -0.10457093 -0.11578711 -0.12700328 -0.13821946 -0.14589506 -0.14540241 -0.14490977 -0.14441712 -0.14392447 -0.15429886 -0.16009311 -0.15054193 -0.13765108 -0.12308535 -0.10851962 -0.093953893 -0.086147625 -0.091371435 -0.096595246 -0.10181906 -0.10694965 -0.10673431 -0.10263834 -0.092990574 -0.089696707 -0.087677544 -0.08565838 -0.083639217 -0.087495016 -0.095394883 -0.097588933 -0.099782983 -0.10197703 -0.10417108 -0.10833177 -0.10966761 -0.10453616 -0.099404708 -0.094273255
-9999 -0.10718988 -0.11443678 -0.12168367 -0.12652461 -0.12873789 -0.13095116 -0.13206876 -0.13192181 -0.13177486 -0.12927143 -0.12389334 -0.11851525 -0.11426441 -0.11227093 -0.11027745 -0.11315439 -0.12437056 -0.13558674 -0.14326235 -0.1427697 -0.14227705 -0.14462012 -0.15613975 -0.16765938 -0.17345363 -0.16390244 -0.15435126 -0.14301099 -0.12844526 -0.11387953 -0.10607327 -0.11129708 -0.11652089 -0.1199696 -0.11975426 -0.11953892 -0.11544295 -0.10579518 -0.096147423 -0.090663939 -0.088644776 -0.086625613 -0.090481412 -0.098560648 -0.10663988 -0.11021318 -0.11240723 -0.11460128 -0.11876196 -0.12326253 -0.12693556 -0.12180411 -0.11667266
-9999 -0.12187724 -0.12912414 -0.1321852 -0.13439847 -0.13661175 -0.13882503 -0.13994263 -0.13979568 -0.13964872 -0.13950177 -0.13884806 -0.13346997 -0.12921913 -0.12722565 -0.12523217 -0.12323869 -0.12173785 -0.13295402 -0.14062963 -0.14013698 -0.14646101 -0.15798064 -0.16950027 -0.18101989 -0.18681415 -0.17726296 -0.16771177 -0.15816059 -0.1483709 -0.13380518 -0.12599891 -0.13122272 -0.13298955 -0.13277421 -0.13255887 -0.13234353 -0.12824756 -0.11859979 -0.10895203 -0.099304271 -0.091631172 -0.089612008 -0.093467808 -0.10154704 -0.10962628 -0.11770551 -0.12283743 -0.12503148 -0.12919216 -0.13369273 -0.1381933 -0.14269387 -0.13907206
-9999 -0.13563251 -0.13784578 -0.14005906 -0.14227234 -0.14448562 -0.1466989 -0.1478165 -0.14766955 -0.14752259 -0.14737564 -0.14722868 -0.14708173 -0.14417384 -0.14218037 -0.14018689 -0.13819341 -0.13619993 -0.13420645 -0.13799691 -0.1483019 -0.15982153 -0.17134116 -0.18286078 -0.19438041 -0.20017466 -0.19062348 -0.18107229 -0.1715211 -0.16196992 -0.15241873 -0.14592455 -0.1460095 -0.14579416 -0.14557882 -0.14536348 -0.14514814 -0.14105217 -0.1314044 -0.12175664 -0.11210888 -0.10246112 -0.092813357 -0.096454203 -0.10453344 -0.11261267 -0.12069191 -0.12877115 -0.13546167 -0.13962236 -0.14412293 -0.1486235 -0.15312407 -0.15762464
-9999 -0.13718607 -0.13939935 -0.14161263 -0.14382591 -0.14603919 -0.14662884 -0.14272731 -0.13960272 -0.13945576 -0.13930881 -0.13916186 -0.1390149 -0.14183851 -0.14624915 -0.14425568 -0.1422622 -0.14026872 -0.13827524 -0.14036792 -0.15188755 -0.16340717 -0.1749268 -0.18644643 -0.19515079 -0.1940828 -0.19256861 -0.18301743 -0.17346624 -0.16391505 -0.15436387 -0.1480015 -0.14778616 -0.14757082 -0.14735548 -0.14714014 -0.14513884 -0.14610432 -0.14626111 -0.13661335 -0.12696559 -0.11731782 -0.10767006 -0.10506436 -0.11145831 -0.11953755 -0.12761678 -0.13569602 -0.14377525 -0.13245436 -0.13669789 -0.14119846 -0.14569903 -0.1501996
-9999 -0.13599125 -0.13820453 -0.14041781 -0.14263108 -0.14181221 -0.14004208 -0.13614055 -0.12977913 -0.12445711 -0.12431016 -0.1241632 -0.12401625 -0.12683986 -0.13561219 -0.14359071 -0.14159723 -0.13960375 -0.13761027 -0.13970295 -0.15122258 -0.16274221 -0.17426183 -0.17829249 -0.17570953 -0.17464153 -0.17763403 -0.17999858 -0.17044739 -0.1608962 -0.15134502 -0.14498265 -0.14476731 -0.14455197 -0.14433663 -0.14063009 -0.13490005 -0.13586554 -0.14640992 -0.15236241 -0.14271464 -0.13306688 -0.12341912 -0.12081342 -0.12327016 -0.12817507 -0.1362543 -0.14433354 -0.15241277 -0.14109189 -0.12641813 -0.12600906 -0.13050963 -0.1350102
-9999 -0.13479642 -0.1370097 -0.13876572 -0.13699558 -0.13522545 -0.13345532 -0.12955379 -0.12319237 -0.11683095 -0.11046952 -0.10916455 -0.1090176 -0.11184121 -0.12061354 -0.12938588 -0.13815821 -0.13893878 -0.1369453 -0.13903799 -0.15055761 -0.16207724 -0.16143419 -0.15885123 -0.15626826 -0.15520026 -0.15819277 -0.16118527 -0.16417777 -0.15787736 -0.14832617 -0.1419638 -0.14174846 -0.14153312 -0.13612134 -0.1303913 -0.12466126 -0.12562675 -0.13617114 -0.14671552 -0.15725991 -0.14881594 -0.13916818 -0.13656248 -0.13901922 -0.14147596 -0.14489182 -0.15297106 -0.16105029 -0.14972941 -0.13505565 -0.12038189 -0.11532023 -0.1198208
-9999 -0.1336016 -0.13394909 -0.13217896 -0.13040882 -0.12863869 -0.12686856 -0.12296703 -0.11660561 -0.11024419 -0.10388276 -0.097521341 -0.094018947 -0.096842557 -0.10561489 -0.11438722 -0.12315956 -0.13193189 -0.13628034 -0.13837302 -0.14715886 -0.14457589 -0.14199293 -0.13940996 -0.136827 -0.135759 -0.1387515 -0.141744 -0.14473651 -0.14772901 -0.14530732 -0.13894495 -0.13734262 -0.13161259 -0.12588255 -0.12015251 -0.11442247 -0.11538796 -0.12593235 -0.13647673 -0.14702112 -0.15756551 -0.15491724 -0.15231153 -0.15476828 -0.15722502 -0.15968176 -0.1621385 -0.16968781 -0.15836693 -0.14369317 -0.12901941 -0.11434566 -0.1046314
-9999 -0.13048389 -0.12871376 -0.12694362 -0.12517349 -0.12340336 -0.12163322 -0.11925312 -0.1128917 -0.10653028 -0.10016885 -0.093807432 -0.087446009 -0.08414541 -0.092917743 -0.10169008 -0.11046241 -0.11923474 -0.12800708 -0.13334574 -0.13076277 -0.12817981 -0.12559684 -0.12301388 -0.12043091 -0.11769547 -0.12068798 -0.12368048 -0.12667298 -0.12966548 -0.13265799 -0.13267115 -0.12694112 -0.12121108 -0.11548104 -0.10975101 -0.10402097 -0.10693743 -0.11748181 -0.1280262 -0.13857059 -0.14911497 -0.15965936 -0.16525862 -0.16771537 -0.17017211 -0.17262885 -0.17508559 -0.17754234 -0.16539292 -0.15071916 -0.13604541 -0.12137165 -0.1066979
-9999 -0.13197035 -0.13020022 -0.12843009 -0.12665995 -0.12518801 -0.13013241 -0.12982837 -0.12346695 -0.11710552 -0.1107441 -0.10438268 -0.096629621 -0.091850115 -0.093290089 -0.10044028 -0.10921261 -0.11798495 -0.12675728 -0.13209594 -0.12951298 -0.12693001 -0.12434705 -0.12176408 -0.11933548 -0.11628458 -0.11147863 -0.11246963 -0.11546213 -0.11845463 -0.12144714 -0.1214603 -0.11573027 -0.11000023 -0.10427019 -0.098540155 -0.10117624 -0.1073814 -0.11792579 -0.12847017 -0.13901456 -0.14942318 -0.15835598 -0.16381588 -0.16672586 -0.1691826 -0.17163935 -0.17409609 -0.17655283 -0.16440342 -0.14972966 -0.1350559 -0.12038215 -0.1184666
-9999 -0.13345682 -0.13168668 -0.12991655 -0.13081885 -0.13576325 -0.14070766 -0.14040361 -0.13404219 -0.12768077 -0.12091273 -0.11302746 -0.10514218 -0.10036268 -0.10180265 -0.10324263 -0.10796282 -0.11673515 -0.12550749 -0.13084615 -0.12826318 -0.12568022 -0.12312667 -0.12073058 -0.11833449 -0.1152836 -0.11047765 -0.1056717 -0.10425128 -0.10724378 -0.11023629 -0.11024945 -0.10451942 -0.098789379 -0.095276032 -0.098448125 -0.10162022 -0.10782538 -0.11836976 -0.12891415 -0.1388602 -0.147793 -0.15672579 -0.16218569 -0.16514897 -0.16811224 -0.17064984 -0.17310659 -0.17556333 -0.16341391 -0.14874016 -0.1340664 -0.1367393 -0.1409755
-9999 -0.13494328 -0.13317315 -0.13644969 -0.1413941 -0.1463385 -0.1512829 -0.15097886 -0.14461744 -0.13731057 -0.1294253 -0.12154002 -0.11365475 -0.10887524 -0.11031522 -0.11175519 -0.11319516 -0.11548536 -0.12425769 -0.12959635 -0.12701339 -0.12452177 -0.12212568 -0.11972959 -0.11733351 -0.11428261 -0.10947666 -0.10467072 -0.099864771 -0.096032933 -0.099025435 -0.099038604 -0.093308566 -0.092547913 -0.095720006 -0.0988921 -0.10206419 -0.10826935 -0.11881374 -0.12829722 -0.13723001 -0.14616281 -0.1550956 -0.1605555 -0.16351878 -0.16648205 -0.16944533 -0.17211708 -0.17457382 -0.16242441 -0.15077579 -0.155012 -0.1592482 -0.16348441
-9999 -0.13713613 -0.14208054 -0.14702494 -0.15196934 -0.15691374 -0.16185815 -0.1615541 -0.15370841 -0.14582313 -0.13793786 -0.13005259 -0.12216731 -0.11738781 -0.11882778 -0.12026775 -0.12170773 -0.1231477 -0.12458768 -0.12834656 -0.12591687 -0.12352078 -0.1211247 -0.11872861 -0.11633252 -0.11328163 -0.10847568 -0.10366973 -0.098863787 -0.09405784 -0.089251893 -0.087827754 -0.089819794 -0.092991887 -0.096163981 -0.099336074 -0.10250817 -0.10871332 -0.11773424 -0.12666703 -0.13559983 -0.14453262 -0.15346542 -0.15892531 -0.16188859 -0.16485187 -0.16781514 -0.17077842 -0.17358432 -0.16904849 -0.17328469 -0.1775209 -0.18175711 -0.18599332
-9999 -0.14544699 -0.15039139 -0.1553358 -0.1602802 -0.1652246 -0.16969383 -0.1747951 -0.1730858 -0.16520053 -0.15731526 -0.14942998 -0.14154471 -0.13487559 -0.13327733 -0.1347173 -0.13615728 -0.13759725 -0.13903722 -0.13931723 -0.13692114 -0.13452506 -0.13212897 -0.12973288 -0.12683365 -0.12323347 -0.12284905 -0.1180431 -0.11323716 -0.10843121 -0.10362526 -0.10154436 -0.10471645 -0.10788854 -0.11106064 -0.11423273 -0.11664376 -0.1219835 -0.13246174 -0.14139453 -0.15032733 -0.15926012 -0.16819292 -0.17158361 -0.17368136 -0.17664464 -0.17960791 -0.18257119 -0.18553447 -0.19137185 -0.19560805 -0.19984426 -0.20408047 -0.20831667
