P2_models/J1_p2_vp_slide_diff2_180.dat.tif
NCOLS 118
NROWS 92
XLLCORNER 139.62
YLLCORNER -39.07
DX 0.099491525
DY 0.099347826
NODATA_VALUE -9999
[rows 48 to 71 of 92, columns 0 to 53 of 118]
-9999 0.051950186 0.051272665 0.050595144 0.049917623 0.049240102 0.048562581 0.049187092 0.051153599 0.053120106 0.055086613 0.05705312 0.059019627 0.05853926 0.05728302 0.056505162 0.055727304 0.054949446 0.054171588 0.050979329 0.042216945 0.03345456 0.024692176 0.015929791 0.0071674067 0.0089200437 0.014343465 0.020251238 0.026159011 0.032066784 0.037974557 0.04287983 0.045852603 0.048825376 0.051798149 0.054770923 0.057743696 0.05313525 0.050065251 0.046995251 0.043925251 0.040855251 0.037813652 0.03935927 0.03525795 0.03115663 0.02705531 0.02295399 0.01885267 0.011808606 0.0042559558 -0.0032966946 -0.010849345 -0.018401995
-9999 0.047332499 0.046654978 0.045977457 0.045299936 0.044671024 0.044136216 0.044762581 0.046729088 0.048695595 0.050662102 0.05236686 0.053083525 0.052422966 0.049004438 0.046873059 0.046095201 0.045317343 0.044539485 0.041347226 0.032584842 0.023822457 0.015060073 0.0079158848 0.012944518 0.017649406 0.021486575 0.026269729 0.032177502 0.038085275 0.043993049 0.048898322 0.051871095 0.054843868 0.057816641 0.058509373 0.051405509 0.045961233 0.042891234 0.039821234 0.036751234 0.03381303 0.031103258 0.033615973 0.039883066 0.037560591 0.033459271 0.029357951 0.025256631 0.018212567 0.010659917 0.0031072662 -0.0044453842 -0.0083968937
-9999 0.042714812 0.042037291 0.041359771 0.040781321 0.040246513 0.039711706 0.04033807 0.042304577 0.044271085 0.045533901 0.046250566 0.046967231 0.046306673 0.042888144 0.039469615 0.036463098 0.03568524 0.034907382 0.031715123 0.022952739 0.014190354 0.011616614 0.016645247 0.02167388 0.026378768 0.030215937 0.034053106 0.038195994 0.044103767 0.05001154 0.054916813 0.057889586 0.060862359 0.058439219 0.051335356 0.044231492 0.038787216 0.035717217 0.032647217 0.029812408 0.027102637 0.024392865 0.026905579 0.033172673 0.039439766 0.039863232 0.035761912 0.031660592 0.024616528 0.017063878 0.010231165 0.0064828215 0.0027344783
-9999 0.038097126 0.037426426 0.036891618 0.03635681 0.035822003 0.035287195 0.03591356 0.037880067 0.038700942 0.039417607 0.040134272 0.040850938 0.040190379 0.03677185 0.033353321 0.029934792 0.026516264 0.025275279 0.02208302 0.013320636 0.015317343 0.020345976 0.025374609 0.030403243 0.035108131 0.0389453 0.042782468 0.046619637 0.050456806 0.056030031 0.060935304 0.063908077 0.058369066 0.051265202 0.044161339 0.037057475 0.0316132 0.0285432 0.025811786 0.023102015 0.020392243 0.017682471 0.020195186 0.026462279 0.032729372 0.038996466 0.042165873 0.038064553 0.031020489 0.02511088 0.021362537 0.017614193 0.01386585
-9999 0.033536723 0.033001915 0.032467107 0.0319323 0.031397492 0.030862684 0.031151318 0.031867983 0.032584648 0.033301314 0.034017979 0.034734644 0.034074085 0.030655556 0.027237028 0.023818499 0.02039997 0.016981441 0.013989438 0.019018072 0.024046705 0.029075338 0.034103972 0.039132605 0.043837493 0.047674662 0.051511831 0.055349 0.059186169 0.063023338 0.065402776 0.058298912 0.051195049 0.044091185 0.036987322 0.029883458 0.024520936 0.021811164 0.019101393 0.016391621 0.013681849 0.010972077 0.013484792 0.019751885 0.026018979 0.032286072 0.038553165 0.044468514 0.039990595 0.036242252 0.032493909 0.028745565 0.024997222
-9999 0.027228786 0.026693978 0.02615917 0.025624362 0.025089555 0.027532276 0.030243426 0.030960091 0.031676756 0.032393421 0.033110086 0.030493901 0.029020269 0.034867137 0.031448608 0.028030079 0.024611551 0.021193022 0.020328788 0.025357422 0.030386055 0.035414688 0.040443322 0.043347067 0.042931185 0.043343786 0.047180955 0.051018124 0.054855293 0.058692462 0.058792532 0.051688669 0.044584805 0.037480942 0.030377078 0.023995277 0.019534816 0.016825044 0.014115272 0.011405501 0.0086957288 0.010398785 0.010972588 0.01334852 0.019615613 0.025882707 0.0321498 0.038416894 0.03614442 0.032396076 0.028647733 0.02489939 0.022076949
-9999 0.020605741 0.020070933 0.019536126 0.019001318 0.023056498 0.027495777 0.030206926 0.030923591 0.031640256 0.032356922 0.027429355 0.021015903 0.01954227 0.027960912 0.036379553 0.033969568 0.030551039 0.02713251 0.026268276 0.03129691 0.036325543 0.041354176 0.042599368 0.042144526 0.041728644 0.041417185 0.041105726 0.044502203 0.048339372 0.052176541 0.052276611 0.045172747 0.038068884 0.03096502 0.024981807 0.019297637 0.014837176 0.012127404 0.009417632 0.0067078602 0.010141982 0.01411461 0.014688413 0.012818845 0.013263616 0.019530709 0.025797803 0.032064896 0.029792422 0.026044079 0.022295736 0.020225513 0.019965592
-9999 0.013982697 0.013447889 0.01414144 0.018580719 0.023019998 0.027459277 0.030170427 0.030887092 0.03077826 0.024364808 0.017951356 0.011537904 0.010064272 0.018482913 0.026901554 0.035320195 0.036490527 0.033071998 0.032207765 0.037236398 0.042265031 0.04185167 0.041396828 0.040941986 0.040526104 0.040214645 0.039903185 0.039591726 0.04182345 0.045660619 0.045760689 0.038656826 0.031652506 0.025968336 0.020284166 0.014599996 0.010139535 0.0074297634 0.0059125502 0.0098851782 0.013857806 0.017830434 0.018404238 0.01653467 0.014665102 0.013178712 0.019445805 0.025712898 0.023440424 0.019692081 0.018374078 0.018114156 0.017854234
-9999 0.0073596523 0.0096656608 0.01410494 0.018544219 0.022983499 0.027422778 0.030133927 0.027713714 0.021300262 0.014886809 0.0084733574 0.0020599054 0.00058627312 0.0090049144 0.017423556 0.025842197 0.034260838 0.039011486 0.038147253 0.041558813 0.041103971 0.040649129 0.040194287 0.039739445 0.039323563 0.039012104 0.038700645 0.038389186 0.038077727 0.039144698 0.039244768 0.032639036 0.026954866 0.021270696 0.015586526 0.0099023558 0.0054418948 0.0056557469 0.0096283749 0.013601003 0.017573631 0.021546259 0.022120062 0.020250495 0.018380927 0.016511359 0.014641791 0.019360901 0.017088427 0.016522642 0.01626272 0.016002799 0.015742877
-9999 0.0063337984 0.010773078 0.015212357 0.019651636 0.024090915 0.028530195 0.028380416 0.021966964 0.015553512 0.0091400598 0.0027266078 -0.0036868443 -0.0081132766 0.00030536469 0.0087240059 0.017142647 0.025561288 0.03397993 0.039715363 0.03926052 0.038805678 0.038350836 0.037895994 0.037441152 0.037847256 0.037722861 0.037411402 0.037099943 0.036788484 0.036477025 0.034330423 0.028646253 0.022962083 0.017277913 0.011593743 0.0059095731 0.0020345447 0.0060071726 0.0099798006 0.013952429 0.017925057 0.021897685 0.024601638 0.02273207 0.020862502 0.018992934 0.017123366 0.015253799 0.01405258 0.013792659 0.013532737 0.013272815 0.013012894
-9999 0.011348214 0.015787494 0.020226773 0.024666052 0.028728952 0.030142221 0.030006881 0.028084248 0.02255069 0.016137238 0.0097237855 0.0033103335 -0.0014247248 -0.0027987027 0.0026832166 0.011101858 0.019520499 0.02793914 0.033674573 0.033219731 0.032764889 0.032310047 0.031855205 0.027714161 0.026381413 0.033616808 0.035826031 0.035514572 0.035203113 0.034891654 0.032745053 0.027060883 0.021376713 0.015692543 0.010141551 0.012227838 0.0087840916 -0.0025711507 -0.0011597399 0.0028128881 0.0067855161 0.010758144 0.015658122 0.02099812 0.019128552 0.017258984 0.015389416 0.013519848 0.010889545 0.0089497833 0.0086898617 0.0084299401 0.0081700185
-9999 0.01636263 0.02080191 0.025241189 0.028234099 0.029647368 0.031060637 0.030925297 0.029002664 0.027080031 0.023134415 0.016720963 0.010307511 0.005572453 0.004198475 0.0028244971 0.0050610684 0.01347971 0.021898351 0.027633784 0.027178942 0.0267241 0.025307353 0.020777836 0.016248318 0.01491557 0.022150965 0.029386359 0.033929202 0.033617743 0.033306284 0.031159682 0.025475512 0.019791342 0.016643111 0.018729398 0.020815685 0.017371938 0.0060166962 -0.0053385461 -0.0083266525 -0.0043540245 -0.00038139653 0.0045185815 0.01008522 0.015651858 0.015525033 0.013655465 0.011785897 0.0091555945 0.0063938164 0.0038469864 0.0035870647 0.0033271431
-9999 0.021377046 0.025816325 0.027739245 0.029152514 0.030565783 0.031979052 0.031843712 0.029921079 0.027998446 0.026075813 0.023718141 0.017304689 0.012569631 0.011195653 0.0098216749 0.0084476969 0.0074389203 0.015857562 0.021592994 0.021138152 0.018371028 0.01384151 0.0093119928 0.0047824753 0.0034497269 0.010685122 0.017920516 0.025155911 0.032032372 0.031720913 0.029574312 0.023890142 0.023144671 0.025230958 0.027317245 0.029403531 0.025959785 0.014604543 0.0032493008 -0.0081059415 -0.015493565 -0.011520937 -0.0066209591 -0.001054321 0.0045123171 0.010078955 0.011921514 0.010051946 0.0074216438 0.0046598657 0.0018980875 -0.00086369064 -0.0015157322
-9999 0.025831123 0.027244392 0.028657661 0.03007093 0.031484199 0.032897467 0.032762128 0.030839495 0.028916862 0.026994229 0.025071596 0.023148963 0.019566809 0.018192831 0.016818853 0.015444875 0.014070897 0.012696919 0.015552205 0.011434702 0.0069051848 0.0023756673 -0.0021538502 -0.0066833677 -0.0080161161 -0.00078072138 0.0064546733 0.013690068 0.020925463 0.028160857 0.027988941 0.029646231 0.031732518 0.033818805 0.035905092 0.037991378 0.034547632 0.02319239 0.011837148 0.00048190538 -0.010873337 -0.022228579 -0.0177605 -0.012193862 -0.0066272234 -0.0010605853 0.0045060528 0.0083179956 0.0056876931 0.0029259149 0.00016413678 -0.0025976414 -0.0053594195
-9999 0.026635063 0.028048332 0.029461601 0.03087487 0.032288139 0.032531703 0.030932186 0.02908528 0.027162647 0.025240014 0.023317381 0.021394748 0.02101981 0.022083787 0.020709809 0.019335831 0.017961853 0.016587875 0.014259709 0.0097301919 0.0052006744 0.0006711569 -0.0038583606 -0.0069117596 -0.0056806215 -0.005097855 0.0021375398 0.0093729345 0.016608329 0.023843724 0.029320352 0.031406638 0.033492925 0.035579212 0.037665499 0.040295608 0.036455093 0.023465079 0.012109837 0.00075459427 -0.010600648 -0.02195589 -0.022427034 -0.016324863 -0.010758225 -0.0051915873 0.00037505087 0.005941689 0.0073156563 0.0045996065 0.0018378283 -0.00092394982 -0.003685728
-9999 0.027389223 0.028802492 0.030215761 0.03162903 0.030857854 0.029401364 0.027801847 0.026037258 0.024246236 0.022323603 0.02040097 0.018478337 0.018103399 0.020827809 0.023250023 0.021876045 0.020502067 0.019128089 0.016799923 0.012270405 0.0077408879 0.0032113704 0.0026085234 0.0054733819 0.00670452 0.003556878 0.00092902865 0.0081644234 0.015399818 0.022635213 0.028111841 0.030198127 0.032284414 0.034370701 0.037520053 0.041285554 0.037445038 0.022723037 0.0087666718 -0.0025885705 -0.013943813 -0.025299055 -0.025770198 -0.018416902 -0.011841558 -0.0062749201 -0.00070828198 0.0048583561 0.0062323234 0.0068816833 0.0049933361 0.0022315579 -0.00053022024
-9999 0.028143384 0.029556652 0.030640496 0.029184006 0.027727515 0.026271024 0.024671507 0.022906919 0.021142331 0.019377742 0.01748456 0.015561927 0.015186989 0.017911398 0.020635808 0.023360217 0.02304228 0.021668302 0.019340136 0.014810619 0.010281101 0.012128806 0.014993665 0.017858523 0.019089662 0.01594202 0.012794377 0.0096467354 0.014191307 0.021426702 0.02690333 0.028989616 0.031075903 0.034744497 0.038509999 0.0422755 0.038434984 0.023712983 0.008990982 -0.0057310192 -0.017286977 -0.02864222 -0.029113363 -0.021760067 -0.01440677 -0.007358253 -0.0017916148 0.0037750233 0.0051489906 0.0057983505 0.0064477103 0.0053870656 0.0026252875
-9999 0.028897544 0.028966647 0.027510157 0.026053666 0.024597175 0.023140685 0.021541167 0.019776579 0.018011991 0.016247403 0.014482814 0.012645516 0.012270578 0.014994988 0.017719397 0.020443807 0.023168216 0.024208516 0.02188035 0.018784231 0.02164909 0.024513948 0.027378807 0.030243665 0.031474803 0.028327161 0.025179519 0.022031877 0.018884235 0.020218191 0.025694818 0.028203441 0.031968942 0.035734443 0.039499944 0.043265446 0.03942493 0.024702929 0.0099809279 -0.0047410733 -0.019463074 -0.031985384 -0.032456528 -0.025103231 -0.017749935 -0.010396639 -0.0030433421 0.0026916904 0.0040656577 0.0047150176 0.0053643775 0.0060137373 0.0057807952
-9999 0.028243135 0.026786645 0.025330154 0.023873663 0.022417173 0.020960682 0.018280852 0.016516263 0.014751675 0.012987087 0.011222499 0.0094579106 0.0093097086 0.012034118 0.014758528 0.017482937 0.020207347 0.022931757 0.025698636 0.028563494 0.031428353 0.034293211 0.03715807 0.040022928 0.042108206 0.038960563 0.035812921 0.032665279 0.029517637 0.026369995 0.025583657 0.029349158 0.033114659 0.036880161 0.040645662 0.044411163 0.039823387 0.025101386 0.010379385 -0.0043426165 -0.019064618 -0.033786619 -0.038032125 -0.030678829 -0.023325532 -0.015972236 -0.0086189394 -0.001265643 0.00037160533 0.0010209652 0.0016703251 0.0023196849 0.0029690448
-9999 0.030789972 0.029333481 0.027876991 0.0264205 0.024752275 0.01852802 0.014374054 0.012609465 0.010844877 0.0090802889 0.0073157007 0.0096017874 0.010969971 0.0097293121 0.011576527 0.014300937 0.017025347 0.019749756 0.022516635 0.025381494 0.028246352 0.031111211 0.033976069 0.033329237 0.033697919 0.038771144 0.037733425 0.034585783 0.031438141 0.028290499 0.027504161 0.031269662 0.035035163 0.038800665 0.042566166 0.043127275 0.037279862 0.022557861 0.0078358595 -0.0068861417 -0.021602464 -0.036257051 -0.044649885 -0.047358225 -0.040004928 -0.032651632 -0.025298336 -0.017945039 -0.016307791 -0.015658431 -0.015009071 -0.014359711 -0.0098934496
-9999 0.033336809 0.031880318 0.030423827 0.027069732 0.020845477 0.014621222 0.010467256 0.0087026673 0.0069380791 0.0063570302 0.0090279699 0.01169891 0.013067094 0.011826434 0.010585775 0.011118936 0.013843346 0.016567756 0.019334635 0.022199493 0.025064352 0.02726 0.025873419 0.024486839 0.024855521 0.029928746 0.03500197 0.036506287 0.033358645 0.030211003 0.029424665 0.033190166 0.036955667 0.039872132 0.040227941 0.04058375 0.034736337 0.020014336 0.0052923344 -0.009404638 -0.024059225 -0.038713812 -0.047106647 -0.050997987 -0.054889328 -0.049331028 -0.041977732 -0.034624435 -0.032987187 -0.032337827 -0.031688467 -0.02584947 -0.019542773
-9999 0.035883646 0.034427155 0.029387189 0.023162934 0.016938679 0.010714424 0.0065604574 0.0047958692 0.0057832127 0.0084541524 0.011125092 0.013796032 0.015164216 0.013923556 0.012682897 0.011442238 0.010661346 0.013385755 0.016152634 0.019017493 0.019804182 0.018417601 0.017031021 0.015644441 0.016013123 0.021086348 0.026159572 0.031232797 0.035279149 0.032131507 0.031345168 0.03511067 0.036972799 0.037328607 0.037684416 0.038040225 0.032192812 0.01747081 0.0027931878 -0.011861399 -0.026515986 -0.041170573 -0.049563408 -0.053454749 -0.057346089 -0.061237429 -0.058657128 -0.051303831 -0.049666583 -0.048112186 -0.041805489 -0.035498793 -0.029192096
-9999 0.037928902 0.031704646 0.025480391 0.019256136 0.013031881 0.0068076262 0.0026536594 0.0052093952 0.0078803349 0.010551275 0.013222214 0.015893154 0.017261338 0.016020679 0.014780019 0.01353936 0.012298701 0.011058041 0.012970634 0.012348364 0.010961784 0.0095752034 0.0081886231 0.0068020429 0.0071707248 0.012243949 0.017317174 0.022390399 0.027463623 0.032536848 0.033265672 0.034073465 0.034429273 0.034785082 0.035140891 0.035496699 0.029649286 0.014991013 0.00033642641 -0.014318161 -0.028972748 -0.043627335 -0.052020169 -0.05591151 -0.05980285 -0.063694191 -0.067585531 -0.067983228 -0.064068206 -0.057761509 -0.051454813 -0.045148116 -0.038841419
-9999 0.033626297 0.027402041 0.021177786 0.014953531 0.0087292762 0.0029483705 0.0042919165 0.0094477015 0.012118641 0.014789581 0.017460521 0.02013146 0.019330478 0.014602099 0.01336144 0.01212078 0.010880121 0.0096394618 0.0083546782 0.0069680979 0.0055815177 0.0041949375 0.0028083573 0.001348232 0.00042887678 0.0035599689 0.0086331936 0.013706418 0.018779643 0.023852868 0.027314777 0.027670586 0.028026395 0.028382203 0.028738012 0.027185825 0.022546612 0.013523064 -0.0011315233 -0.01578611 -0.030440697 -0.045095285 -0.050190303 -0.05270221 -0.05659355 -0.060484891 -0.064376231 -0.068267571 -0.071783644 -0.065476947 -0.05917025 -0.052863554 -0.046556857
