P2_models/J1_p2__temp2_slide_40.dat.tif
NCOLS 118
NROWS 92
XLLCORNER 139.62
YLLCORNER -39.07
DX 0.099491525
DY 0.099347826
NODATA_VALUE -9999
[rows 27 to 53 of 92, columns 0 to 59 of 118]
-9999 478.76147 473.80647 468.70169 462.70496 456.70823 450.7115 445.29732 440.55549 435.81366 431.07183 430.38607 430.8134 431.88151 434.23282 436.58414 438.93545 440.73519 442.31379 444.66893 448.81557 452.96221 456.80835 460.61772 464.42708 470.27498 481.58666 492.89834 504.21002 507.54762 507.67241 506.45434 502.6477 498.84105 497.63393 496.50631 495.37868 493.12285 489.25298 485.3831 481.51322 480.18217 479.0936 480.45539 483.57873 486.70206 489.48323 490.22209 490.96094 490.60522 490.06033 489.51543 492.87355 500.55092 507.10751 509.78188 512.45625 515.13062 521.44667 528.42529
-9999 477.97663 472.56349 466.56676 460.57003 454.5733 448.57658 443.1624 438.42057 433.67874 428.93691 424.19508 421.97926 423.04737 425.39869 427.75 430.10132 432.45264 434.46468 436.81982 440.91057 444.71993 448.5293 452.33866 456.14803 461.99593 473.30761 484.61929 495.93097 507.24265 513.41619 512.19813 508.99114 507.86351 506.73589 505.60826 504.48063 502.22481 498.35493 494.48505 490.61517 486.7453 484.76826 486.13006 489.25339 492.37673 495.50006 498.6234 499.52325 499.16753 498.62263 498.07774 497.53284 499.33063 505.88722 508.56159 511.23596 513.91033 516.5847 522.08394
-9999 477.18818 471.19145 465.19472 459.19799 453.20126 447.20453 441.36679 436.62496 431.88313 427.1413 422.39947 417.65763 415.42209 417.77341 420.12472 422.47604 424.82736 427.17867 429.97088 433.78025 437.58961 441.39898 445.20834 449.01771 454.46068 465.77236 477.08404 488.39572 499.7074 511.01908 518.0819 516.95427 515.82664 514.69902 513.57139 512.44376 510.24671 506.37683 502.50695 498.63708 494.7672 490.89732 490.89227 494.0156 497.13894 500.26227 503.38561 506.50895 506.25399 505.70909 505.1642 504.61931 504.07441 505.28557 507.95994 510.63431 513.30868 515.98304 518.65741
-9999 482.09638 476.09965 470.10292 464.1062 458.10947 452.32822 445.53043 437.62267 432.88083 428.139 423.39717 418.65534 416.62303 420.01668 422.45115 424.80247 427.15379 429.5051 432.29731 436.10668 439.91604 443.72541 447.53477 454.67989 461.91975 465.29352 475.67203 486.98371 498.29539 509.60707 516.66989 515.54226 514.41464 513.28701 512.15938 509.46552 507.05816 505.50743 501.63756 497.76768 493.8978 490.02792 489.32335 491.2662 494.38954 497.51288 500.63621 503.75955 502.09707 500.64595 500.10105 499.55616 499.01127 500.98652 511.69128 515.12546 517.79983 520.4742 523.14857
-9999 487.00459 481.00786 475.01113 469.06144 463.30398 457.54652 450.74873 442.75026 434.7518 429.13671 424.39488 419.65305 417.62073 421.01439 424.40805 427.1289 429.48022 431.83153 434.62374 438.43311 442.24247 446.05184 454.5358 463.21809 470.45795 473.83173 477.2055 485.5717 496.88338 508.19506 515.25788 514.13026 513.00263 511.76898 508.68525 505.60152 503.19416 501.75445 500.31474 496.89828 493.0284 489.15852 488.45395 490.02487 491.64014 494.76348 497.88681 501.01015 499.34767 496.85807 495.03791 494.49301 493.94812 495.92338 506.62813 517.33289 522.29099 524.96536 527.63972
-9999 491.91279 485.91606 480.0372 474.27974 468.52228 462.76482 455.96703 447.96856 439.97009 431.97163 425.39258 420.65075 418.61844 422.0121 425.40575 428.79941 431.80665 434.15796 436.95017 440.75954 445.70942 454.39171 463.074 471.7563 478.99616 482.36993 485.74371 489.11748 495.47138 506.78306 513.84588 512.71825 510.98872 507.90499 504.82125 501.73752 499.33016 497.89045 496.45074 495.01103 492.159 488.28913 487.58455 489.15547 490.72639 492.29731 495.13742 498.26075 496.59827 494.10867 491.61908 489.42987 488.88497 490.86023 501.56499 512.26974 522.9745 529.45651 532.13088
-9999 496.821 491.01296 485.2555 479.49803 473.74057 467.98311 461.18532 453.18686 445.18839 437.18992 429.19146 421.64846 419.61615 423.0098 426.40346 429.79711 433.19077 436.48439 439.2766 445.56533 454.24762 462.92992 471.61221 480.2945 487.53436 490.90814 494.28191 497.65569 501.02946 505.37105 512.43387 510.20845 507.12472 504.04099 500.95726 497.87353 495.46617 494.02646 492.58675 491.14704 489.70732 487.41973 486.71515 488.28607 489.85699 491.42791 492.99883 495.51135 493.84887 491.35928 488.86968 486.38008 483.89048 485.79709 496.50184 507.2066 517.91135 528.61611 536.62204
-9999 500.90319 495.14573 489.38827 483.63081 477.87335 472.11589 465.04197 456.9664 448.96793 440.96947 432.971 424.97253 424.03654 428.9864 432.38006 435.77371 439.16737 442.56102 447.55388 456.23618 464.91847 473.60077 482.28306 490.96535 492.51835 495.76478 499.13855 502.51232 505.8861 509.25987 510.42798 507.34424 504.26051 501.17678 498.09305 495.00932 492.45859 490.74486 489.30515 487.86544 486.42572 484.98601 483.52609 485.09701 486.66793 488.23885 489.80977 491.38068 491.59107 489.10147 486.61188 484.12228 481.63268 480.55543 489.64223 500.34699 511.05174 521.7565 532.46125
-9999 503.24564 497.48818 491.73072 485.97326 480.63639 476.33819 469.31674 459.15229 450.37457 442.3761 434.37763 426.37917 425.44317 438.65017 446.56822 449.96188 453.35553 456.74919 461.74205 470.42434 479.10664 487.78893 495.7318 493.17918 492.07344 494.84572 497.92327 501.29704 504.67082 508.04459 509.21269 506.12896 503.04523 499.9615 497.46726 497.74044 495.54269 489.80992 486.98408 485.54437 484.10466 482.66495 480.76983 478.54733 479.65311 481.22403 482.79494 484.36586 486.37985 487.65445 485.16485 482.67526 480.18566 479.10841 482.92338 490.52451 501.22926 511.93402 522.63877
-9999 505.58809 499.83063 494.07317 489.20935 484.91115 480.61296 473.5915 463.42705 453.26261 443.78274 435.78427 427.7858 426.84981 440.05681 453.26381 464.15004 467.5437 470.93735 475.93022 484.61251 493.2948 497.83952 495.2869 492.73428 491.62854 494.40081 497.17308 500.08176 503.45553 506.82931 507.99741 504.91368 501.82995 500.27818 500.55136 500.82454 498.62679 492.89402 487.16125 483.2233 481.78359 480.34388 478.44876 476.22626 474.00376 474.20921 475.78012 477.35104 479.36503 481.4556 483.54617 481.22823 478.73864 477.66139 481.47636 485.29132 491.40679 502.11154 512.8163
-9999 507.93054 502.17308 497.78231 493.48411 489.18592 484.88772 477.86626 467.70182 457.53737 447.37293 437.20848 429.19244 428.25644 441.46344 454.67045 467.87745 481.08445 485.12552 490.11838 498.80067 499.94723 497.39461 494.84199 492.28937 491.18363 493.9559 496.72818 499.50045 502.27272 505.61402 506.78213 503.69839 503.08911 503.36229 503.63547 503.90865 501.71089 495.97812 490.24535 484.51258 479.46252 478.02281 476.12769 473.90519 471.68269 469.46019 468.7653 470.33622 472.35021 474.44078 476.53135 478.62191 477.29161 476.21437 480.02933 483.8443 487.65927 492.28907 502.99382
-9999 510.65347 506.35527 502.05707 497.75888 493.46068 489.16248 482.14103 471.97658 461.81214 451.64769 441.48325 431.3188 429.66308 442.87008 456.07708 469.28409 482.49109 495.69809 504.30655 502.05495 499.50233 496.94971 494.39709 491.84446 490.73873 493.511 496.28327 499.05554 501.82782 504.60009 505.62685 505.90003 506.17321 506.44639 506.71957 506.99275 504.795 499.06223 493.32946 487.59669 481.86392 476.13115 473.80663 471.58413 469.36163 467.13912 464.91662 463.3214 465.33539 467.42596 469.51652 471.60709 473.69766 474.76734 478.58231 482.39728 486.21225 490.02721 493.84218
-9999 512.82065 508.52245 504.22425 499.92606 495.62786 493.58775 489.23268 479.06824 468.90379 458.73935 448.5749 439.84174 440.17983 452.92396 466.13096 479.33797 492.54497 505.75197 514.1935 511.64088 509.08826 506.53564 503.98302 498.44218 491.05199 500.37703 503.14931 505.92158 508.69385 511.46612 513.38479 513.65797 513.93115 514.20433 514.47751 511.7226 504.68795 498.95518 493.22241 487.48964 481.75686 476.58054 475.63009 474.75998 472.53748 470.31498 468.09248 465.86998 467.32497 469.41554 471.5061 473.59667 476.12452 481.16385 484.97881 488.79378 492.60875 496.42372 495.61413
-9999 514.27501 509.97682 505.67862 501.38042 500.95361 501.63211 497.27705 487.1126 476.94816 466.78371 459.48901 453.76188 454.09997 466.584 479.10946 492.31646 505.52347 518.73047 527.172 524.61938 522.06676 519.51413 510.2843 495.53518 488.14498 500.47856 512.488 515.26027 518.03255 520.80482 522.72348 522.99666 523.26984 523.54302 518.48091 510.53626 503.5016 497.76883 492.03606 486.30329 481.40278 476.73474 475.78429 477.50637 477.57247 475.34997 473.12747 470.90497 472.35996 474.45053 476.54109 479.78101 485.17381 490.21314 494.02811 497.84307 501.65804 498.86909 493.50472
-9999 515.72938 511.43118 507.64098 508.31948 508.99798 509.67648 505.32142 495.15697 484.99252 479.13627 473.40915 467.68202 468.02012 480.50415 492.98818 505.47221 518.50196 531.70897 540.1505 537.59787 535.04525 522.12641 507.37729 492.62817 485.23798 497.57155 509.90513 522.23871 527.37124 530.14351 532.06218 532.33536 532.60854 525.23922 517.29456 509.34991 502.31526 496.58249 490.89307 486.22503 481.55699 476.88895 475.9385 477.66057 479.38265 480.38496 478.16246 475.93996 477.39495 479.48552 483.43751 488.8303 494.2231 499.26243 503.0774 506.89236 502.12404 496.75967 491.3953
-9999 517.18375 515.00685 515.68535 516.36385 517.04235 517.72085 513.36578 504.51066 498.78354 493.05641 487.32929 481.60217 481.94026 494.42429 506.90832 519.39235 531.87638 544.68746 553.12899 548.71765 533.96853 519.21941 504.47029 489.72117 482.33097 494.66455 506.99813 519.3317 531.66528 539.48221 541.40087 539.94218 531.99752 524.05287 516.10822 508.16357 501.12892 495.71531 491.04727 486.37923 481.71119 477.04315 476.0927 477.81478 479.53685 481.25893 482.98101 480.97495 482.42995 487.094 492.4868 497.87959 503.27239 508.31172 510.74337 505.379 500.01463 494.65026 489.28589
-9999 523.24844 523.92694 524.60544 525.28394 525.96244 526.64094 522.72498 516.99786 511.27073 505.54361 499.81649 494.08936 492.41959 504.90362 517.38766 529.87169 542.35572 554.83975 559.08888 544.33976 529.59064 514.84152 500.0924 485.34328 478.46697 490.80055 503.13413 515.4677 527.80128 540.13486 545.54205 537.5974 529.65275 521.7081 513.76345 505.8188 501.91795 497.24991 492.58187 487.91383 483.24579 478.57775 477.76541 479.48748 481.20956 482.93164 484.65371 486.37579 490.97244 496.36524 501.75804 507.15083 512.54363 516.20282 510.83845 505.47408 500.10971 494.74534 489.38097
-9999 538.77334 539.45184 540.13034 540.80884 541.48734 525.37132 516.7992 518.67768 512.95056 507.22343 501.49631 495.76919 491.62624 490.6557 501.91624 514.40027 526.8843 539.36833 543.61747 528.86834 514.11922 499.3701 484.62098 478.77694 478.12333 480.94181 492.05241 504.38598 516.71956 529.05314 534.46033 526.51568 518.57103 510.62638 502.68173 496.06007 497.42881 509.19554 504.5275 499.85946 495.19142 490.52338 490.13966 492.61281 494.33489 496.05696 497.77904 499.50112 502.7906 507.31041 512.70321 518.096 523.4888 527.55939 527.05003 522.19559 516.83122 511.46685 506.10248
-9999 554.29823 554.97673 555.65523 552.50426 534.76656 517.02885 508.45673 510.46287 512.46901 508.90326 503.17613 497.44901 493.30606 492.33552 491.36498 498.92885 511.41289 523.89692 528.14605 513.39693 498.64781 483.89869 481.57149 479.62245 478.96885 481.78732 484.6058 493.30426 505.63784 517.97141 523.37861 515.43396 507.48931 499.65088 493.33621 487.02153 488.39027 500.75124 513.1122 511.80508 507.13704 502.469 502.08528 504.7815 507.46022 509.18229 510.90437 512.62644 515.91593 519.4763 523.64838 529.04117 534.43397 538.50456 537.9952 537.48584 533.55273 528.18836 522.82399
-9999 569.82313 570.50163 561.8995 544.1618 526.42409 508.68638 500.11426 502.1204 504.12654 506.13268 504.85596 499.12883 494.98589 494.01535 493.04481 492.07427 495.94147 508.4255 512.67463 497.92551 486.31508 484.36605 482.41701 480.46797 479.81436 482.63284 485.45131 488.26979 494.55612 506.88969 512.29689 504.35224 496.92702 490.61235 484.29767 477.98299 479.35174 491.7127 504.07366 516.43463 519.08267 514.41463 514.03091 516.72713 519.42335 522.11957 524.0297 525.75177 529.04126 532.60163 536.16201 539.98635 545.37914 549.44973 548.94037 548.43101 547.92165 544.90986 539.5455
-9999 585.34802 571.29474 553.55703 535.81933 518.08162 500.34391 491.77179 493.77793 495.78407 497.79021 499.79635 500.80866 496.66571 495.69517 494.72463 493.75409 492.78355 492.95408 497.20322 489.10964 487.1606 485.21156 483.26252 481.31348 480.65987 483.47835 486.29683 489.1153 491.93378 495.80797 501.21517 494.20316 487.88848 481.57381 475.25913 468.94445 470.3132 482.67416 495.03513 507.39609 519.75706 526.36025 525.97653 528.67275 531.36897 534.06519 536.76141 538.8771 542.16658 545.72696 549.28733 552.84771 556.40809 560.3949 559.88554 559.37618 558.86682 558.35746 556.267
-9999 579.65439 561.91668 544.17897 526.44127 508.70356 490.96585 490.25463 492.26077 494.26691 496.27305 498.27919 500.28533 501.64449 499.33757 498.36703 497.39649 496.42595 495.45541 494.18899 492.23995 490.29091 488.34187 486.39283 484.44379 478.42523 480.37062 483.1891 486.00758 488.82605 491.64453 491.34342 485.02875 478.71407 472.39939 466.08472 459.77004 469.87178 482.23274 494.59371 506.95467 519.31564 530.93576 533.17497 535.87119 538.56741 541.26363 543.95985 546.65608 550.08911 553.64948 557.20986 560.77023 564.33061 564.96931 564.45995 563.95059 563.44123 562.93187 562.22943
-9999 568.63053 550.89283 533.15512 515.41741 502.80125 500.1003 499.58449 501.59063 503.59677 505.60292 508.73123 516.09573 518.2274 509.88007 505.12842 504.15788 503.18734 502.2168 500.95038 499.00134 497.0523 495.10326 492.16142 481.75129 473.92147 473.00749 473.79874 476.61722 479.4357 482.25417 481.95307 475.63839 469.32371 463.00904 460.60232 471.55887 483.09321 495.45417 507.81514 520.1761 529.09908 532.06324 534.1938 535.7251 538.22146 540.91768 543.6139 546.31012 549.74316 553.30353 556.86391 560.42428 560.02026 559.41908 558.90972 558.40036 557.891 556.56662 553.49411
-9999 557.60668 539.86897 522.13126 514.83206 512.13111 509.43016 508.91436 510.9205 512.92664 517.94966 525.31415 532.67865 534.81032 526.46298 518.11565 510.91927 509.94873 508.9782 507.71177 505.76273 503.81369 498.06779 487.65766 477.24753 469.4177 468.50373 467.58975 467.22686 470.04534 472.86382 472.56271 466.24803 459.93336 462.8672 473.82375 484.7803 496.31464 508.6756 521.03657 527.26241 530.22657 533.19073 535.32129 536.85259 538.38389 540.57173 543.26795 545.96417 549.39721 552.95758 555.7254 555.09771 554.47003 553.86885 553.35949 552.85013 550.90381 547.83129 544.75878
-9999 546.58282 529.56383 526.86288 524.16193 521.46097 518.76002 518.24422 520.25036 527.16808 534.53258 541.89707 549.26156 551.39324 543.0459 534.69856 526.35122 518.00389 515.73959 514.47316 512.52413 503.97415 493.56402 483.15389 472.74376 464.91393 463.99996 463.08598 462.17201 461.25804 463.47346 463.17235 456.85768 465.13209 476.08863 487.04518 498.00173 509.53607 521.89703 525.42573 528.3899 531.35406 534.31822 536.44878 537.98008 539.51137 541.04267 542.922 545.61822 549.05126 550.80285 550.17517 549.54748 548.9198 548.31862 547.80926 545.24099 542.16848 539.09597 536.02346
-9999 541.59464 538.89369 536.19274 533.49179 530.79084 528.08989 529.02202 536.38651 543.751 551.1155 558.47999 565.84448 567.97616 559.62882 551.28148 542.93414 534.5868 526.23946 520.29064 509.88051 499.47038 489.06025 478.65012 468.23999 460.41016 459.49619 458.58222 457.66824 456.75427 455.8403 456.44042 467.39697 478.35352 489.31006 500.26661 511.22315 520.6249 523.58906 526.55322 529.51738 532.48154 535.44571 537.57627 539.10756 540.63886 542.17016 543.70145 545.27227 545.8803 545.25262 544.62493 543.99725 543.36956 542.65069 539.57818 536.50567 533.43316 530.36065 527.28814
-9999 540.37619 537.67524 534.97429 532.27334 529.57239 531.86305 538.30239 545.66688 553.03138 560.39587 567.76036 569.24891 568.98566 574.71398 566.36664 558.0193 549.67196 541.32462 532.35353 521.9434 511.53327 501.12314 490.71301 484.26575 480.76153 470.36256 469.44858 468.53461 467.62064 466.70667 469.84727 480.80382 491.76037 502.71691 513.67346 521.32631 525.17145 528.13561 531.09977 534.06393 537.02809 537.76896 538.6133 540.24477 541.77606 543.30736 544.83866 546.36995 546.06042 545.43273 544.80505 544.17736 542.4459 538.04356 534.97105 531.89854 528.82603 525.75352 531.19576
