P2_models/J1_p2_vp_slide_diff2_35.dat.tif
NCOLS 118
NROWS 92
XLLCORNER 139.62
YLLCORNER -39.07
DX 0.099491525
DY 0.099347826
NODATA_VALUE -9999
[rows 50 to 74 of 92, columns 0 to 56 of 118]
-9999 0.36795601 0.37845905 0.38896209 0.40584692 0.42554298 0.44523904 0.4546599 0.45222187 0.44978384 0.44361863 0.43456066 0.42550269 0.42063778 0.42416973 0.42770168 0.43311471 0.44870287 0.46429104 0.47453139 0.47243411 0.47033683 0.46960625 0.47055457 0.47150289 0.46762136 0.45079465 0.43396793 0.41690544 0.3984818 0.38005816 0.36386381 0.35196681 0.34006982 0.32712373 0.3132676 0.29941146 0.2785112 0.24753331 0.21655543 0.1872054 0.1587208 0.13023621 0.11161896 0.10009522 0.088571485 0.06612614 0.035224072 0.0043220046 -0.0039269848 -0.0082609067 -0.012591937 -0.01691058 -0.021229223 -0.025079855 -0.027309353 -0.029538852
-9999 0.3684788 0.37942124 0.3991173 0.41881336 0.43850942 0.45820548 0.46762634 0.46518831 0.4566823 0.44762433 0.43856636 0.42950839 0.42464349 0.42817544 0.43170739 0.43523933 0.43877128 0.45224501 0.46248536 0.46038808 0.46066683 0.46161515 0.46256347 0.46351179 0.45963026 0.44280355 0.42597683 0.40915012 0.3923234 0.37415778 0.35796343 0.34606644 0.33251455 0.31865841 0.30480228 0.29094615 0.27004588 0.239068 0.21043361 0.18194901 0.15346442 0.12497982 0.10636258 0.094838839 0.083315102 0.071791365 0.054478123 0.023576055 0.015327065 0.010999742 0.0066810996 0.0023624567 -0.0019561862 -0.005806818 -0.0080363165 -0.017417952
-9999 0.37269161 0.39238767 0.41208373 0.43177979 0.45147585 0.47117191 0.47880394 0.46974597 0.460688 0.45163004 0.44257207 0.4335141 0.42864919 0.43218114 0.43571309 0.43924504 0.44277699 0.44630894 0.45077909 0.45172741 0.45267573 0.45362405 0.45457237 0.45552069 0.45163917 0.43481245 0.41798574 0.40115902 0.38433231 0.36750559 0.3517615 0.33790536 0.32404923 0.3101931 0.29633696 0.28248083 0.26214642 0.23366182 0.20517723 0.17669263 0.14820804 0.11972344 0.10110619 0.089582456 0.078058719 0.066534982 0.055011245 0.042830105 0.034591422 0.030272779 0.025954136 0.021635493 0.017316851 0.013057386 0.0019241066 -0.0092091728
-9999 0.39641335 0.41610941 0.43580547 0.45550153 0.47519759 0.48073631 0.47441271 0.46535474 0.45629677 0.4472388 0.43818084 0.4287066 0.42207161 0.42283936 0.42637131 0.42990326 0.43343521 0.43696716 0.43971785 0.44066617 0.44161449 0.44256281 0.44351113 0.44364038 0.44066524 0.43126853 0.41444182 0.3976151 0.38078839 0.36396167 0.34814961 0.33429348 0.32043734 0.30658121 0.29272508 0.279206 0.25972158 0.23123698 0.20275239 0.17426779 0.1457832 0.12388386 0.1083178 0.095873859 0.084350122 0.072826385 0.061302648 0.049778911 0.04439853 0.040079887 0.035761244 0.031442601 0.027854825 0.024146306 0.013013026 0.0018797469
-9999 0.42193452 0.44163058 0.46132664 0.4810227 0.4788946 0.47494022 0.46861663 0.45955866 0.45050069 0.44144272 0.43167981 0.42173131 0.41509631 0.41509681 0.41509731 0.41832837 0.42186032 0.42539227 0.42814297 0.42909129 0.43003961 0.43098793 0.43047786 0.42931248 0.42633734 0.41851157 0.4106858 0.39481522 0.37798851 0.36116179 0.34534973 0.3314936 0.31763746 0.30378133 0.29044832 0.2772549 0.25777047 0.22928588 0.20080128 0.17231669 0.15300062 0.13448816 0.1189221 0.10547416 0.09257353 0.081049793 0.069526057 0.05800232 0.052621938 0.048303295 0.043984652 0.040990644 0.039425607 0.035717088 0.024583808 0.013450529
-9999 0.44745568 0.46715174 0.48100728 0.4770529 0.47309852 0.46914414 0.46282055 0.45376258 0.44460151 0.43465301 0.42470451 0.41475601 0.40812102 0.40812151 0.40812201 0.40812251 0.41028544 0.41381738 0.41656808 0.4175164 0.41846472 0.41731534 0.41614996 0.41498458 0.41200944 0.40418367 0.3963579 0.38853214 0.37518863 0.35836191 0.34254985 0.32869372 0.31488405 0.30169063 0.28849721 0.27530379 0.25581937 0.22733477 0.20062983 0.18211738 0.16360492 0.14509246 0.1295264 0.11607846 0.10263052 0.089273202 0.077749465 0.066225728 0.060845346 0.056526704 0.054126463 0.052561426 0.050996389 0.04728787 0.036154591 0.025862676
-9999 0.47297684 0.47916558 0.4752112 0.47125682 0.46730244 0.46334806 0.45702447 0.44757471 0.43762621 0.42767771 0.41772921 0.40778071 0.40114572 0.40114622 0.40114671 0.40114721 0.40114771 0.4022425 0.4049932 0.40531819 0.40415281 0.40298744 0.40182206 0.40065668 0.39768154 0.38985577 0.38203 0.37420424 0.36637847 0.35556203 0.33974997 0.32612636 0.31293295 0.29973953 0.28654611 0.27335269 0.25386826 0.22974659 0.21123413 0.19272168 0.17420922 0.15569676 0.1401307 0.12668276 0.11323482 0.099786886 0.086338949 0.074449136 0.069068755 0.067262283 0.065697246 0.064132208 0.062567171 0.058858652 0.051232124 0.052459601
-9999 0.47657966 0.47262528 0.4686709 0.46471652 0.46076214 0.45680776 0.45553411 0.44558561 0.43563711 0.42568861 0.41574011 0.40579161 0.39620032 0.39620081 0.39620131 0.39620181 0.39620231 0.3962028 0.39585076 0.39468538 0.39352 0.39235463 0.39118925 0.39002387 0.38415216 0.37634576 0.36851999 0.36069423 0.35286846 0.34504269 0.33538351 0.32219009 0.30899667 0.29580325 0.28260983 0.26941641 0.25658762 0.23807516 0.2195627 0.20105025 0.18253779 0.16402533 0.15077962 0.13733168 0.12388374 0.11043581 0.096987869 0.083539931 0.079658236 0.078093199 0.076528161 0.074963124 0.073398087 0.073303708 0.074747757 0.075975233
-9999 0.4674975 0.46354312 0.45958874 0.45563436 0.45257034 0.4557743 0.45782268 0.45853739 0.45067815 0.44072965 0.43078115 0.42083265 0.41093236 0.40112863 0.39818893 0.39818943 0.39818992 0.39819042 0.39783838 0.396673 0.39550762 0.39434224 0.39317687 0.38268415 0.37241256 0.36536822 0.35780345 0.34997769 0.34215192 0.33432615 0.32466697 0.31147355 0.29828013 0.28508671 0.2718091 0.25370316 0.24108927 0.23633255 0.22011861 0.20160615 0.1830937 0.16458124 0.15372763 0.148133 0.13468506 0.12123712 0.10778919 0.094341247 0.089311576 0.086397131 0.084832094 0.083267057 0.08170202 0.081607641 0.086607446 0.088966838
-9999 0.45841535 0.45446097 0.45050658 0.44997374 0.45317769 0.45638164 0.45843003 0.45914474 0.45985944 0.45577069 0.44582219 0.43587369 0.4259734 0.41616967 0.40636595 0.40017705 0.40017754 0.40017804 0.399826 0.39866062 0.39749524 0.39389592 0.38242024 0.37094455 0.36067296 0.35362862 0.34658428 0.33926115 0.33143538 0.32360961 0.31395043 0.30075701 0.28756359 0.27276694 0.254661 0.23655506 0.22394117 0.21918445 0.21442772 0.20216206 0.1836496 0.16513715 0.15428354 0.14893578 0.14358803 0.13203844 0.1185905 0.10514256 0.10011289 0.096538126 0.093136027 0.09157099 0.090005953 0.089911574 0.094911379 0.099911183
-9999 0.44933319 0.44537881 0.44737713 0.45058108 0.45378504 0.45698899 0.45903737 0.45975208 0.46046679 0.4611815 0.46086323 0.45091473 0.44101444 0.43121072 0.42140699 0.41160326 0.40216516 0.40216566 0.40181361 0.40064824 0.393632 0.38215632 0.37068063 0.35920495 0.34893335 0.34188902 0.33484468 0.32780034 0.32071884 0.31289307 0.30323389 0.29004047 0.27372478 0.25561884 0.2375129 0.21940696 0.20679308 0.20203635 0.19727963 0.1925229 0.18420551 0.16569305 0.15483945 0.14949169 0.14414393 0.13879617 0.12939182 0.11594388 0.11091421 0.10733944 0.10376468 0.10018991 0.098309885 0.098215507 0.10321531 0.10821512
-9999 0.44157657 0.44478052 0.44798448 0.45118843 0.45439238 0.45759634 0.45964472 0.46035943 0.46107414 0.46178884 0.46250355 0.46321826 0.45605548 0.44625176 0.43644803 0.4266443 0.41684057 0.40703684 0.40380123 0.39336809 0.3818924 0.37041672 0.35894103 0.34746535 0.33719375 0.33014942 0.32310508 0.31606074 0.3090164 0.30197207 0.29251735 0.27468262 0.25657668 0.23847074 0.2203648 0.20225886 0.18964498 0.18488825 0.18013153 0.17537481 0.17061808 0.16586136 0.15539535 0.15004759 0.14469984 0.13935208 0.13400432 0.1267452 0.12171553 0.11814076 0.11456599 0.11099123 0.10741646 0.10651944 0.11151924 0.11651905
-9999 0.44350023 0.44670418 0.44990814 0.45311209 0.45631604 0.46444199 0.46791976 0.463432 0.4641467 0.46486141 0.46557612 0.46629083 0.46368865 0.45421763 0.4444139 0.43461017 0.42480645 0.41500272 0.40469341 0.39321773 0.38174205 0.37026636 0.35879068 0.34869131 0.3440518 0.33844823 0.3314039 0.32435956 0.31731522 0.31027088 0.29944827 0.28134233 0.26323639 0.24513045 0.22702451 0.20956626 0.19431005 0.18504548 0.18028875 0.17553203 0.17077531 0.16601858 0.1616593 0.15669347 0.15134571 0.14599795 0.1406502 0.13530244 0.13217489 0.12861127 0.1250365 0.12146173 0.11788697 0.11597526 0.12023615 0.12523595
-9999 0.44599629 0.44920024 0.4524042 0.45560815 0.46800403 0.48328364 0.48676141 0.47661833 0.46829127 0.46900598 0.46972069 0.4704354 0.46783322 0.4585888 0.44930314 0.43949941 0.42969568 0.41989195 0.40958265 0.39810697 0.38663128 0.3751556 0.3673411 0.36275984 0.35812033 0.35332467 0.34841644 0.3413721 0.33432776 0.32728343 0.31646081 0.29835487 0.28024893 0.26214299 0.24530316 0.22919717 0.21394096 0.19990047 0.18797121 0.18321449 0.17845776 0.17370104 0.16934176 0.16526819 0.16063981 0.15529205 0.1499443 0.14459654 0.14146899 0.13872516 0.13536315 0.13178839 0.12821362 0.12630191 0.13015081 0.13413244
-9999 0.44849235 0.4516963 0.45628644 0.47156606 0.48684567 0.50212529 0.50560305 0.49545998 0.4853169 0.47517382 0.47386526 0.47457997 0.47197779 0.46273337 0.45348895 0.44424453 0.43458492 0.42478119 0.41447189 0.4029962 0.39152052 0.38599089 0.38140963 0.37682838 0.37218887 0.36739321 0.36259755 0.35780189 0.35134031 0.34429597 0.33347335 0.31536741 0.29726147 0.28104006 0.26493407 0.24882808 0.23357187 0.21953138 0.2054909 0.19145041 0.18614022 0.1813835 0.17702421 0.17295065 0.16887708 0.16458615 0.1592384 0.15389064 0.15076309 0.14801926 0.14527542 0.14211504 0.13854028 0.13662856 0.14047747 0.14432637
-9999 0.45098841 0.45984847 0.47512809 0.4904077 0.50568732 0.52096693 0.5244447 0.51430162 0.50415854 0.49401546 0.48387238 0.47872454 0.47612237 0.46687794 0.45763352 0.4483891 0.43914468 0.42967043 0.41936113 0.40922193 0.40464067 0.40005942 0.39547817 0.39089691 0.3862574 0.38146174 0.37666608 0.37187042 0.36707476 0.36130851 0.35048589 0.33288296 0.31677696 0.30067097 0.28456498 0.26845899 0.25320278 0.23916229 0.22512181 0.21108132 0.19704084 0.18906595 0.18470667 0.1806331 0.17655954 0.17248597 0.1684124 0.16318474 0.16005719 0.15731336 0.15456952 0.15182569 0.14886693 0.14695522 0.15080412 0.15465302
-9999 0.4606456 0.47592522 0.49120483 0.50648445 0.52176406 0.53704368 0.53878652 0.52864344 0.51850036 0.50835728 0.4982142 0.48807112 0.48211162 0.4728672 0.46362278 0.45437836 0.44513394 0.43588952 0.42805517 0.42347391 0.41889266 0.41431141 0.40973015 0.4051489 0.3982247 0.39342904 0.38863338 0.38383772 0.37904206 0.3742464 0.3655875 0.34948151 0.33337552 0.31726953 0.30116353 0.28505754 0.27236851 0.25832803 0.24428755 0.23024706 0.21620658 0.20216609 0.1937417 0.18966813 0.18559456 0.181521 0.17744743 0.17337386 0.17043408 0.16769025 0.16494641 0.16220258 0.15945874 0.15773293 0.16158183 0.16543073
-9999 0.46297012 0.47824974 0.49352935 0.50880897 0.52374855 0.53137139 0.53074685 0.52060377 0.51046069 0.50031762 0.49017454 0.49528207 0.49672607 0.48793202 0.47878723 0.46954281 0.46029839 0.45105397 0.44321962 0.43863837 0.43405711 0.42947586 0.42489461 0.42030979 0.41283568 0.39761955 0.39014943 0.38535377 0.38055811 0.37576245 0.36710355 0.35099756 0.33489156 0.31878557 0.30267958 0.29758215 0.28922055 0.27518007 0.26113959 0.2470991 0.23457572 0.23854406 0.22667189 0.20543066 0.20135709 0.19728352 0.19320996 0.18913639 0.18619661 0.18345277 0.18070894 0.1779651 0.17373289 0.17075412 0.17460302 0.17845192
-9999 0.46529464 0.48057425 0.49585387 0.50808604 0.51570888 0.52333173 0.52270719 0.51256411 0.50242103 0.49673392 0.50329041 0.50984691 0.51129091 0.50249685 0.49370279 0.48470726 0.47546284 0.46621842 0.45838407 0.45380282 0.44922157 0.44463963 0.44005407 0.4354685 0.4279944 0.41277826 0.39756213 0.38686982 0.38207416 0.3772785 0.3686196 0.3525136 0.33640761 0.32321845 0.31882632 0.31443419 0.3060726 0.29203211 0.27799163 0.27063727 0.27460561 0.27857395 0.26670177 0.24344205 0.22018233 0.21304605 0.20897248 0.20489892 0.20195913 0.1992153 0.19647146 0.19170396 0.18675408 0.1837753 0.18762421 0.19147311
-9999 0.46761916 0.48289877 0.49242352 0.50004637 0.50766921 0.51529206 0.51466752 0.50452444 0.50474226 0.51129876 0.51785525 0.52441174 0.52585574 0.51706168 0.50826763 0.49947357 0.49062729 0.48138287 0.47354852 0.46896727 0.46438391 0.45979835 0.45521278 0.45062722 0.44315311 0.42793698 0.41272084 0.39750471 0.3835902 0.37879454 0.37013564 0.35402965 0.34446262 0.34007049 0.33567836 0.33128623 0.32292464 0.30888415 0.30669882 0.31066716 0.3146355 0.31860384 0.30673166 0.28347194 0.26021222 0.2369525 0.22473501 0.22066144 0.21772166 0.21462491 0.20967503 0.20472515 0.19977527 0.19679649 0.20064539 0.20872702
-9999 0.46913817 0.47676101 0.48438386 0.4920067 0.49962955 0.50725239 0.50662785 0.51275061 0.5193071 0.52586359 0.53242008 0.53897657 0.54042057 0.53162652 0.52283246 0.5140384 0.50524435 0.49645029 0.48871298 0.48412819 0.47954262 0.47495706 0.47037149 0.46578593 0.45831182 0.44309569 0.42787955 0.41266342 0.39744729 0.38223116 0.37165169 0.36570679 0.36131466 0.35692253 0.3525304 0.34813827 0.33977668 0.34276037 0.34672871 0.35069705 0.35466539 0.35863373 0.34676155 0.32350183 0.30024211 0.27698238 0.25372266 0.23642397 0.23259598 0.2276461 0.22269622 0.21774634 0.21279646 0.20981768 0.21983221 0.231647
-9999 0.46573611 0.47335895 0.4809818 0.48860464 0.49622749 0.5038415 0.50990642 0.51551632 0.52207281 0.5286293 0.53518579 0.54174229 0.54699412 0.54432253 0.53552847 0.52673442 0.51794036 0.50914631 0.50162483 0.49703927 0.49245371 0.48786814 0.48328258 0.47791981 0.4725319 0.4704353 0.45521917 0.44000304 0.4247869 0.40957077 0.39805176 0.39365963 0.3892675 0.38487537 0.38048325 0.37410482 0.35887064 0.3525584 0.35652674 0.36049508 0.36446342 0.36843176 0.35917938 0.33701548 0.31375576 0.29049604 0.26723631 0.24397659 0.23178513 0.22683525 0.22188537 0.21693549 0.2119856 0.21380364 0.23350644 0.24532123
-9999 0.46496706 0.47258991 0.48021275 0.4878356 0.49543983 0.50303723 0.50910215 0.51339839 0.51813954 0.52469603 0.53125252 0.53780901 0.54306085 0.54570003 0.54716346 0.5383694 0.52957535 0.52078129 0.51325982 0.50867426 0.50408869 0.49950313 0.49213642 0.48201001 0.47662209 0.48393455 0.48947452 0.47425839 0.45904226 0.44382613 0.43230712 0.42791499 0.42352286 0.41913073 0.4102162 0.3983423 0.38310813 0.36306659 0.34916055 0.35312889 0.35709723 0.36106557 0.35181319 0.33305659 0.31221474 0.28895502 0.26569529 0.24243557 0.23000873 0.2194541 0.21322133 0.20827145 0.20332157 0.2051396 0.23040086 0.25374615
-9999 0.46419802 0.47182087 0.47944076 0.48703816 0.49463556 0.50223296 0.50829788 0.51259412 0.51689036 0.5211866 0.52731925 0.53387574 0.53912758 0.54176676 0.54440593 0.54704511 0.54121033 0.53241628 0.5248948 0.52030924 0.51572368 0.50635303 0.49622662 0.4861002 0.48071229 0.48802475 0.49533721 0.50264967 0.49329761 0.47808148 0.46656247 0.46217035 0.45777822 0.44632757 0.43445368 0.42257979 0.40734561 0.38730407 0.36726253 0.34722099 0.34973104 0.35369938 0.344447 0.3256904 0.30693381 0.287414 0.26415427 0.24089455 0.22846771 0.21791308 0.20735845 0.19960742 0.19465754 0.19647557 0.22173682 0.24699808
-9999 0.46342898 0.47103909 0.47863649 0.4862339 0.4938313 0.5014287 0.50749362 0.51178986 0.5160861 0.52038234 0.52467858 0.52994247 0.53519431 0.53783348 0.54047266 0.54311184 0.54575102 0.54405126 0.53652979 0.53069605 0.52056964 0.51044322 0.50031681 0.4901904 0.48480248 0.49211494 0.4994274 0.50673986 0.51405232 0.51233684 0.50081783 0.49431284 0.48243894 0.47056505 0.45869116 0.44681727 0.43158309 0.41154155 0.39150002 0.37145848 0.35141694 0.34633319 0.33708081 0.31832421 0.29956762 0.28081102 0.26205442 0.23935353 0.22692669 0.21637206 0.20581743 0.1952628 0.1859935 0.18781153 0.21307279 0.23833404
