P2_models/J1_p2__temp2_slide_260.dat.tif
NCOLS 118
NROWS 92
XLLCORNER 139.62
YLLCORNER -39.07
DX 0.099491525
DY 0.099347826
NODATA_VALUE -9999
[rows 0 to 26 of 92, columns 0 to 59 of 118]
-9999 -9999 -9999 -9999 -9999 -9999 -9999 -9999 -9999 -9999 -9999 -9999 -9999 -9999 -9999 -9999 -9999 -9999 -9999 -9999 -9999 -9999 -9999 -9999 -9999 -9999 -9999 -9999 -9999 -9999 -9999 -9999 -9999 -9999 -9999 -9999 -9999 -9999 -9999 -9999 -9999 -9999 -9999 -9999 -9999 -9999 -9999 -9999 -9999 -9999 -9999 -9999 -9999 -9999 -9999 -9999 -9999 -9999 -9999 -9999
-9999 1197.3611 1194.8298 1192.2985 1189.7672 1187.2358 1185.9179 1185.4252 1189.4251 1197.8591 1206.293 1214.727 1223.1609 1227.9178 1225.6495 1223.7691 1221.8887 1220.0083 1218.1279 1215.8935 1212.8424 1209.7914 1206.7403 1203.6892 1201.7292 1206.2279 1210.4143 1215.3012 1220.1881 1225.075 1229.9619 1231.303 1225.809 1220.3151 1214.8211 1209.3272 1206.7445 1209.6536 1206.7844 1202.4016 1198.0188 1193.636 1189.2533 1192.6519 1202.2889 1212.1315 1221.9742 1231.8169 1241.6596 1239.3151 1225.7541 1212.193 1198.632 1185.0709 1172.8467 1176.1549 1194.8522 1213.5495 1232.2468 1250.9441
-9999 1193.5155 1190.9842 1188.4529 1185.9216 1185.5473 1186.5243 1186.0317 1183.8428 1184.9852 1193.4192 1201.8531 1210.2871 1215.044 1212.4373 1209.9887 1208.1083 1206.2279 1204.3475 1202.1131 1199.0621 1196.011 1192.9599 1192.9494 1197.7532 1202.252 1205.9332 1209.8454 1214.7322 1219.6191 1224.506 1225.8471 1220.3532 1214.8592 1209.3653 1209.2888 1214.8165 1217.7256 1216.8885 1214.7518 1210.369 1205.9862 1201.6034 1205.0021 1213.9947 1223.4737 1233.3164 1243.1591 1253.0018 1251.0726 1247.1089 1234.716 1221.1549 1207.5939 1195.3697 1187.7764 1186.747 1205.4443 1224.1416 1242.8389
-9999 1189.67 1187.1386 1184.6073 1185.1768 1186.1538 1187.1308 1186.6381 1184.4493 1182.2605 1180.5454 1188.9793 1197.4133 1202.1701 1199.5635 1196.9568 1194.3501 1192.4475 1190.5672 1188.3328 1185.2817 1182.2306 1184.1697 1188.9734 1193.7772 1198.276 1201.9572 1205.6384 1209.3195 1214.1633 1219.0502 1220.3913 1214.8973 1209.4034 1211.8332 1217.3608 1222.8885 1225.7976 1224.9605 1224.1234 1222.7192 1218.3364 1213.9536 1217.3523 1226.3449 1235.3376 1244.6586 1254.5013 1264.344 1262.4148 1258.4511 1254.4875 1243.6779 1230.1169 1217.8927 1210.2994 1202.706 1197.3392 1216.0365 1234.7338
-9999 1185.8244 1183.8293 1184.8063 1185.7832 1186.7602 1187.7372 1187.2445 1185.0557 1182.8669 1180.6781 1178.4893 1184.5394 1189.2963 1186.6896 1184.083 1181.4763 1178.8696 1176.7868 1174.5524 1171.5013 1175.3899 1180.1937 1184.9975 1189.8012 1194.3 1197.9812 1201.6624 1205.3436 1209.0247 1213.5943 1214.9354 1209.4415 1214.3775 1219.9052 1225.4329 1230.9605 1233.8697 1233.0326 1232.1955 1231.3584 1230.5212 1226.3038 1229.7025 1238.6951 1247.6877 1256.6804 1265.8435 1275.6862 1273.757 1269.7934 1265.8297 1261.866 1252.6398 1240.4157 1232.8223 1225.229 1217.6357 1210.0423 1226.6287
-9999 1183.4588 1184.4357 1185.4127 1186.3897 1187.3667 1188.3436 1187.851 1185.6621 1183.4733 1181.2845 1179.0957 1176.9069 1176.4225 1173.8158 1171.2091 1168.6025 1165.9958 1163.3891 1161.8064 1166.6101 1171.4139 1176.2177 1181.0215 1185.8253 1190.324 1194.0052 1197.6864 1201.3676 1205.0488 1208.7299 1211.3941 1216.9218 1222.4495 1227.9772 1233.5049 1239.0325 1241.9417 1241.1046 1240.2675 1239.4304 1238.5933 1237.7562 1242.0526 1251.0453 1260.0379 1269.0305 1278.0232 1287.0284 1285.0992 1281.1356 1277.1719 1273.2082 1269.2446 1262.9387 1255.3453 1247.752 1240.1587 1232.5653 1224.972
-9999 1182.3593 1183.3363 1184.3132 1185.2902 1186.2672 1187.4543 1187.1548 1184.9659 1182.7771 1180.5883 1178.3995 1176.3647 1174.9781 1174.0167 1171.41 1168.8034 1166.1967 1163.59 1163.2241 1168.0279 1172.8317 1177.6355 1182.4393 1187.8503 1191.9079 1190.7299 1194.4111 1198.0922 1201.7734 1205.4546 1209.7665 1215.2942 1220.8219 1226.3495 1231.8772 1236.0268 1237.2923 1236.4552 1235.6181 1234.781 1233.9439 1227.226 1238.7181 1256.0151 1265.0077 1274.0004 1282.993 1291.9857 1289.9312 1285.9676 1282.0039 1278.0402 1273.5511 1267.1503 1259.5569 1251.9636 1244.3702 1236.7769 1230.18
-9999 1180.9896 1181.9665 1182.9435 1183.9205 1185.2143 1186.5517 1186.2522 1184.0634 1181.8745 1179.6857 1177.7518 1175.9039 1174.5173 1174.0547 1173.5921 1171.0757 1168.469 1165.8623 1165.4965 1170.3002 1175.104 1179.9078 1185.7671 1192.2025 1196.2602 1193.9449 1191.6297 1194.9279 1198.6091 1202.2903 1206.6022 1212.1298 1217.6575 1223.1852 1226.6269 1229.3621 1230.6276 1229.7905 1228.9534 1228.1163 1219.2824 1209.335 1220.827 1247.7316 1268.8083 1277.801 1286.7936 1295.7862 1293.7318 1289.7681 1285.8045 1280.9182 1274.8616 1268.4608 1260.8675 1253.2741 1245.6808 1239.3876 1233.395
-9999 1179.6198 1180.5968 1181.6368 1182.9743 1184.3117 1185.6491 1185.3496 1183.1608 1180.9869 1179.139 1177.291 1175.4431 1174.0565 1173.5939 1173.1313 1172.6686 1170.7413 1168.1346 1167.7688 1172.5726 1177.3763 1183.6839 1190.1194 1196.5548 1200.6125 1198.2972 1195.9819 1193.6666 1195.4448 1199.1259 1203.4378 1208.9655 1214.4918 1217.227 1219.9621 1222.6973 1223.9628 1223.1257 1221.2862 1211.3388 1201.3914 1191.4439 1202.936 1229.8406 1256.7452 1281.6015 1290.5942 1299.5868 1297.5324 1293.5687 1288.2853 1282.2287 1276.1722 1269.7713 1262.178 1254.5879 1248.5953 1242.6027 1236.6101
-9999 1178.2501 1179.3968 1180.7343 1182.0717 1183.4091 1184.7465 1184.447 1182.374 1180.5261 1178.6781 1176.8302 1174.9823 1173.5957 1173.1331 1172.6704 1172.2078 1171.7452 1170.407 1170.0411 1175.1653 1181.6008 1188.0362 1194.4717 1200.9071 1204.9648 1202.6495 1200.3342 1198.0189 1195.7036 1195.9616 1200.2735 1205.0919 1207.827 1210.5622 1213.2974 1216.0326 1217.298 1213.3426 1203.3952 1193.4477 1183.5003 1173.5529 1185.0449 1211.9495 1238.8541 1265.7587 1292.6633 1303.3874 1301.333 1295.6523 1289.5958 1283.5393 1277.4827 1271.0819 1263.7955 1257.8029 1251.8103 1245.8177 1239.8252
-9999 1177.5432 1178.8806 1180.218 1181.5555 1182.8929 1184.2303 1183.8564 1182.0085 1180.1605 1178.3126 1176.4647 1174.6167 1173.6524 1173.1898 1172.7271 1172.2645 1171.8019 1171.3392 1172.9625 1179.3979 1185.8334 1192.2688 1198.7042 1205.1397 1209.8298 1207.5145 1205.1992 1202.8839 1200.5686 1198.2534 1197.6631 1200.3983 1203.1335 1205.8687 1208.6038 1211.339 1208.4599 1198.5125 1188.565 1178.6176 1168.6701 1158.7227 1169.0028 1195.9074 1222.812 1249.7166 1276.6212 1303.5258 1302.3264 1296.2699 1290.2133 1284.1568 1278.1002 1274.5268 1268.5342 1262.5416 1256.549 1250.5564 1244.5639
-9999 1179.5591 1180.8965 1182.234 1183.5714 1184.9088 1184.9983 1184.1151 1182.2672 1180.4192 1178.5713 1176.7234 1174.034 1173.1396 1176.3432 1176.1753 1175.7127 1175.2501 1174.7874 1176.4107 1182.8461 1189.2816 1195.717 1202.1524 1206.4974 1210.2337 1214.9132 1213.4244 1211.1091 1208.7938 1206.4785 1205.8883 1208.6235 1211.3587 1214.0938 1216.829 1217.609 1213.6901 1203.7427 1193.7953 1183.8478 1173.9004 1173.3336 1178.6152 1191.9832 1218.8878 1245.7924 1272.697 1299.6016 1298.4022 1292.3456 1286.2891 1280.2326 1282.8717 1289.251 1283.2584 1277.2658 1271.2732 1265.2806 1246.1456
-9999 1181.5751 1182.9125 1184.2499 1185.3516 1185.3043 1185.257 1184.3738 1182.5259 1180.678 1178.7874 1175.8467 1172.906 1172.0116 1175.2152 1178.4189 1179.1609 1178.6983 1178.2356 1179.8589 1186.2943 1192.7298 1199.1652 1202.7529 1206.1373 1209.8736 1214.553 1219.2325 1219.3343 1217.019 1214.7037 1214.1135 1216.8487 1219.5838 1222.249 1222.5441 1222.8392 1218.9204 1208.973 1199.0255 1190.6085 1190.5554 1190.5022 1195.7837 1204.9003 1214.9636 1241.8682 1268.7728 1295.6774 1294.478 1288.4214 1282.3649 1287.645 1297.5959 1303.9752 1297.9826 1291.99 1284.8537 1264.4917 1244.1297
-9999 1183.591 1184.9284 1185.6576 1185.6103 1185.563 1185.5157 1184.6325 1182.7846 1180.6001 1177.6594 1174.7186 1171.7779 1170.8836 1174.0872 1177.2909 1180.4945 1182.1465 1181.6838 1183.3071 1189.7425 1195.624 1199.0084 1202.3928 1205.7771 1209.5134 1214.1929 1218.8724 1223.5518 1225.2442 1222.9289 1222.3387 1225.0738 1227.1842 1227.4793 1227.7744 1228.0695 1224.1506 1214.2032 1207.8303 1207.7771 1207.7239 1207.6707 1212.9523 1222.0688 1231.1854 1240.302 1264.8485 1291.7531 1290.5537 1284.4972 1292.4182 1302.3691 1312.3201 1318.6993 1312.7067 1303.1998 1282.8378 1262.4758 1242.1138
-9999 1185.6069 1185.9637 1185.9164 1185.8691 1185.8218 1185.7745 1184.8913 1182.4128 1179.4721 1176.5313 1173.5906 1170.6499 1169.7556 1172.9592 1176.1628 1179.3665 1182.5701 1185.132 1186.7553 1191.8795 1195.2639 1198.6483 1202.0326 1205.417 1209.1533 1213.8328 1218.5122 1223.1917 1227.8712 1231.154 1230.5638 1232.1193 1232.4144 1232.7095 1233.0046 1233.2997 1229.3809 1225.052 1224.9988 1224.9456 1224.8925 1224.8393 1230.1208 1239.2374 1248.3539 1257.4705 1266.5871 1287.8289 1287.2405 1297.1915 1307.1424 1317.0933 1327.0442 1333.4235 1321.5459 1301.1839 1280.8219 1260.4599 1240.0978
-9999 1187.4625 1187.4152 1187.3679 1187.3206 1187.2733 1187.226 1185.2384 1182.2976 1179.3569 1176.4162 1173.4755 1170.5348 1170.4131 1173.7338 1176.9375 1180.1411 1183.3447 1186.5484 1189.8066 1193.191 1196.5754 1199.9597 1203.3441 1206.7285 1212.0311 1217.6093 1222.2888 1226.9683 1231.6477 1236.3272 1239.5091 1239.8042 1240.0993 1240.3944 1240.6895 1240.9846 1236.3131 1236.26 1236.2068 1236.1536 1236.1004 1236.0473 1242.8342 1251.9507 1261.0673 1270.1839 1279.3004 1288.417 1301.9598 1311.9107 1321.8616 1331.8125 1341.7635 1341.6314 1319.3008 1298.9388 1278.5768 1258.2148 1237.8528
-9999 1191.6859 1191.6386 1191.5913 1191.544 1190.5528 1184.2196 1181.6684 1183.4821 1181.5954 1178.6547 1175.714 1172.7733 1172.6516 1178.175 1182.1332 1185.3368 1188.5404 1191.744 1195.0023 1198.3867 1201.7711 1205.1554 1208.5398 1210.106 1214.7347 1227.9384 1235.6775 1240.357 1245.0364 1249.7159 1252.8978 1253.1929 1253.488 1253.7831 1253.3822 1237.1331 1229.1188 1232.8858 1233.5646 1233.5114 1233.4582 1233.405 1241.0901 1254.3118 1263.4284 1272.5449 1281.6615 1290.7781 1309.4542 1326.6184 1336.5693 1346.5202 1356.4712 1356.3391 1321.2808 1296.1613 1275.7993 1255.4373 1235.0753
-9999 1195.9092 1195.8619 1195.8146 1192.9628 1186.6296 1180.2964 1177.7452 1179.5589 1181.3726 1180.8932 1177.9525 1175.0118 1174.8901 1180.4135 1185.937 1190.5325 1193.7361 1196.9397 1200.198 1203.5824 1206.9667 1209.9508 1211.3801 1212.8095 1217.4382 1230.6419 1243.8456 1253.7457 1258.4251 1263.1046 1266.2865 1266.5816 1266.8767 1262.2818 1246.0326 1229.7835 1221.7692 1225.5362 1229.3031 1230.8692 1230.816 1230.7628 1238.4479 1251.696 1264.9441 1274.906 1284.0226 1293.1392 1311.8153 1332.1435 1351.277 1361.2279 1371.1789 1371.0468 1335.9885 1300.9302 1273.0218 1252.6598 1232.2978
-9999 1200.1326 1200.0853 1195.3729 1189.0397 1182.7064 1176.3732 1173.822 1175.6357 1177.4494 1179.2631 1180.191 1177.2503 1177.1286 1182.652 1188.1755 1193.6989 1198.9318 1202.1354 1205.3937 1208.778 1211.225 1212.6543 1214.0837 1215.513 1220.1417 1233.3454 1246.5491 1259.7528 1271.8139 1276.4933 1279.6752 1279.9703 1271.1813 1254.9321 1238.683 1222.4338 1214.4196 1218.1865 1221.9535 1225.7204 1228.1737 1228.1206 1235.8057 1249.0538 1262.3019 1275.5499 1286.3837 1295.5003 1314.1764 1334.5046 1354.8329 1375.1611 1385.8866 1385.7545 1350.6962 1315.6379 1280.5795 1249.8822 1229.5202
-9999 1204.1161 1197.7829 1191.4497 1185.1165 1178.7833 1172.4501 1169.8988 1171.7125 1173.5262 1175.3399 1177.1536 1178.9672 1179.3671 1184.8905 1190.4139 1195.9374 1201.4608 1206.9843 1210.5894 1212.4991 1213.9285 1215.3578 1216.7872 1218.2166 1222.8453 1236.049 1249.2527 1262.4564 1275.6601 1288.8638 1293.0639 1280.0808 1263.8317 1247.5825 1231.3334 1215.0842 1207.07 1210.8369 1214.6039 1218.3708 1222.1378 1225.4783 1233.1635 1246.4115 1259.6596 1272.9077 1286.1558 1297.8614 1316.5375 1336.8657 1357.194 1377.5222 1397.8505 1400.4622 1365.4039 1330.3456 1295.2872 1260.2289 1226.7427
-9999 1205.8282 1199.495 1193.1618 1186.8286 1180.4954 1173.6054 1169.5843 1171.398 1173.2117 1175.0254 1176.8391 1178.9494 1184.3171 1189.3243 1194.8478 1200.3712 1205.8947 1211.4181 1215.7035 1217.1329 1218.5623 1219.9916 1221.421 1222.8504 1227.2785 1243.5131 1256.7168 1269.9205 1283.1242 1296.3279 1299.4715 1283.2223 1266.9731 1250.724 1234.4748 1218.6536 1212.6393 1216.4063 1220.1732 1223.9402 1227.7071 1230.0604 1239.5556 1253.2314 1266.4795 1279.7276 1292.9757 1306.2237 1325.5087 1345.8369 1366.1652 1386.4934 1406.8217 1385.4872 1350.4288 1315.3705 1280.3122 1245.2538 1225.174
-9999 1211.7912 1205.458 1199.1248 1192.7916 1185.0895 1176.013 1171.9919 1173.8056 1175.6193 1177.433 1180.7662 1186.7112 1192.079 1196.2908 1200.9376 1206.461 1211.9845 1217.5079 1221.7934 1223.2227 1224.6521 1226.0814 1226.7364 1225.3302 1229.7537 1249.8021 1267.7719 1280.9756 1294.1793 1307.383 1310.5265 1294.2774 1278.0282 1261.7791 1246.8192 1233.968 1227.9537 1231.7206 1235.4876 1239.2545 1240.4524 1239.2448 1248.74 1265.9293 1280.4368 1293.6849 1306.933 1320.1811 1339.466 1359.7942 1380.1225 1396.4829 1373.6745 1348.1218 1313.0635 1278.0051 1242.9468 1233.2562 1252.9449
-9999 1217.7542 1211.421 1205.0878 1196.5737 1187.4971 1178.4206 1174.3995 1176.2132 1178.0269 1182.5829 1188.528 1194.473 1199.8408 1204.0526 1208.2644 1212.5508 1218.0743 1223.5977 1227.8832 1229.3125 1230.7419 1230.6178 1229.2116 1227.8055 1232.229 1252.2774 1272.3258 1292.0307 1305.2344 1318.4381 1321.5816 1305.3325 1289.0833 1274.9849 1262.1336 1249.2823 1243.268 1247.035 1250.8019 1250.8444 1249.6368 1248.4291 1257.9244 1275.1137 1292.303 1307.6422 1320.8903 1334.1384 1353.4233 1373.7515 1381.926 1359.1175 1336.3091 1310.7564 1275.6981 1240.6398 1241.3384 1261.0271 1280.7158
-9999 1223.7172 1217.1344 1208.0579 1198.9813 1189.9047 1180.8282 1176.8071 1178.6208 1184.3997 1190.3448 1196.2898 1202.2348 1207.6026 1211.8144 1216.0262 1220.238 1224.4498 1229.6875 1233.973 1235.4023 1234.4992 1233.093 1231.6869 1230.2807 1234.7042 1254.7526 1274.801 1294.8494 1314.8978 1329.4932 1332.6367 1316.3876 1303.1505 1290.2992 1277.448 1264.5967 1258.5824 1262.3493 1261.2364 1260.0288 1258.8212 1257.6135 1267.1087 1284.2981 1301.4874 1318.6768 1334.8476 1348.0957 1367.3806 1367.3691 1344.5606 1321.7522 1298.9438 1273.3911 1238.3328 1249.4207 1269.1093 1288.798 1308.4867
-9999 1228.6186 1219.542 1210.4655 1201.3889 1192.3123 1183.2358 1180.2715 1186.2165 1192.1615 1198.1066 1204.0516 1209.9966 1215.3644 1219.5762 1223.788 1227.9998 1232.2116 1236.4234 1239.7867 1238.3806 1236.9744 1235.5683 1234.1621 1232.756 1237.1795 1257.2278 1277.2762 1297.3246 1317.373 1337.4214 1344.1674 1331.3161 1318.4649 1305.6136 1292.7623 1279.911 1272.836 1271.6284 1270.4208 1269.2132 1268.0055 1266.7979 1276.2931 1293.4825 1310.6718 1327.8612 1345.0505 1362.053 1352.8121 1330.0037 1307.1953 1284.3868 1261.5784 1237.8142 1257.5029 1277.1916 1296.8802 1316.5689 1336.2575
-9999 1232.7716 1223.6951 1214.6185 1205.5419 1196.4654 1189.6873 1185.8447 1186.4573 1192.4024 1198.3474 1204.2924 1210.2374 1215.9923 1221.0605 1225.2723 1229.4841 1233.6959 1237.9077 1240.4207 1239.0146 1237.6084 1236.2023 1234.7961 1235.0042 1237.1995 1240.9644 1261.0128 1281.0612 1301.1096 1321.158 1329.9689 1317.1177 1304.2664 1291.4151 1278.5639 1275.0935 1276.4347 1271.4204 1270.2128 1269.0052 1267.7976 1266.5899 1280.3988 1300.8097 1317.999 1335.1884 1352.3777 1369.567 1364.0427 1343.1816 1320.3732 1297.5647 1274.7563 1256.6538 1259.7006 1279.3893 1299.0779 1318.7666 1338.4553
-9999 1237.2592 1228.1826 1219.1061 1210.0295 1204.4845 1199.5735 1195.7309 1193.1213 1191.2017 1197.1467 1203.0918 1209.0368 1214.7917 1220.1659 1225.5401 1229.7652 1233.977 1238.1888 1240.7019 1239.2957 1237.8896 1236.4834 1237.9904 1241.3117 1243.507 1242.6841 1241.8612 1261.2065 1281.2548 1301.3032 1310.1142 1297.2629 1284.4116 1271.5604 1273.2229 1280.619 1281.9602 1274.6389 1268.2047 1266.9971 1265.7895 1264.5818 1278.3907 1302.9948 1324.9703 1342.1596 1359.349 1376.5383 1371.0139 1361.564 1343.238 1320.4295 1297.6211 1279.5186 1277.7171 1276.6857 1296.3744 1316.0631 1335.7517
