P2_models/J1_p2__temp2_slide_60.dat.tif
NCOLS 118
NROWS 92
XLLCORNER 139.62
YLLCORNER -39.07
DX 0.099491525
DY 0.099347826
NODATA_VALUE -9999
[rows 27 to 53 of 92, columns 0 to 59 of 118]
-9999 713.14191 705.7094 698.05224 689.05723 680.06221 671.0672 662.94595 655.83312 648.72029 641.60746 640.57881 641.21979 642.82196 646.34893 649.87591 653.40288 656.10249 658.47039 662.00307 668.22295 674.44283 680.2121 685.92623 691.64036 700.41227 717.37979 734.34731 751.31484 756.32123 756.50841 754.68137 748.97157 743.26177 741.45118 739.75983 738.06847 734.68478 728.87996 723.07515 717.27033 715.2736 713.64057 715.68309 720.36792 725.05275 729.22436 730.33273 731.4411 730.90761 730.09036 729.27311 734.31036 745.82651 755.66149 759.67313 763.68477 767.69641 777.17051 787.63843
-9999 711.96453 703.84487 694.84986 685.85484 676.85983 667.86482 659.74356 652.63074 645.51791 638.40508 631.29225 627.96849 629.57065 633.09762 636.6246 640.15157 643.67855 646.69662 650.22929 656.36537 662.0795 667.79363 673.50776 679.22189 687.99379 704.96132 721.92884 738.89636 755.86388 765.12419 763.29716 758.48682 756.79547 755.10411 753.41275 751.7214 748.33771 742.53289 736.72808 730.92326 725.11844 722.15277 724.1953 728.88012 733.56495 738.24978 742.93461 744.28445 743.75096 742.93371 742.11645 741.2992 743.99597 753.83095 757.84259 761.85423 765.86587 769.87751 778.12641
-9999 710.78182 701.7868 692.79179 683.79678 674.80177 665.80675 657.05015 649.93732 642.82449 635.71166 628.59883 621.48601 618.13266 621.65964 625.18661 628.71358 632.24056 635.76753 639.95587 645.67 651.38413 657.09826 662.81239 668.52652 676.69101 693.65853 710.62605 727.59358 744.5611 761.52862 772.12288 770.43152 768.74016 767.04881 765.35745 763.6661 760.37055 754.56574 748.76092 742.9561 737.15129 731.34647 731.33881 736.02364 740.70847 745.3933 750.07813 754.76296 754.38054 753.56329 752.74604 751.92879 751.11154 752.92837 756.94001 760.95165 764.96329 768.97493 772.98657
-9999 718.14412 709.14911 700.1541 691.15909 682.16407 673.49222 663.29553 651.43388 644.32105 637.20822 630.09539 622.98256 619.9341 625.02475 628.67647 632.20344 635.73042 639.25739 643.44573 649.15986 654.87399 660.58812 666.30225 677.01995 687.87971 692.94029 708.50804 725.47556 742.44308 759.41061 770.00486 768.31351 766.62215 764.9308 763.23944 759.19872 755.5877 753.26153 747.45672 741.6519 735.84708 730.04227 728.9854 731.89965 736.58448 741.26931 745.95413 750.63896 748.14514 745.96847 745.15122 744.33396 743.51671 746.47969 762.53691 767.68828 771.69992 775.71156 779.7232
-9999 725.50643 716.51142 707.51641 698.59194 689.95575 681.31956 671.12287 659.12517 647.12747 638.70478 631.59195 624.47912 621.43066 626.5213 631.61195 635.6933 639.22027 642.74725 646.93558 652.64971 658.36384 664.07797 676.80392 689.82736 700.68713 705.74771 710.80828 723.35755 740.32507 757.29259 767.88685 766.1955 764.50414 762.65376 758.02824 753.40273 749.79171 747.63205 745.4724 740.3477 734.54288 728.73806 727.6812 730.03758 732.46049 737.14531 741.83014 746.51497 744.02115 740.28667 737.55639 736.73914 735.92189 738.88486 754.94208 770.99931 778.43655 782.44819 786.45983
-9999 732.86874 723.87373 715.05547 706.41928 697.78309 689.1469 678.95021 666.95251 654.95481 642.95711 633.08851 625.97568 622.92721 628.01786 633.10851 638.19916 642.71013 646.2371 650.42544 656.13957 663.56445 676.58789 689.61134 702.63478 713.49454 718.55512 723.6157 728.67628 738.20706 755.17458 765.76884 764.07749 761.48327 756.85776 752.23225 747.60674 743.99571 741.83606 739.67641 737.51676 733.23868 727.43386 726.377 728.73337 731.08975 733.44613 737.70615 742.39098 739.89716 736.16268 732.42819 729.14432 728.32706 731.29004 747.34726 763.40448 779.4617 789.18481 793.19645
-9999 740.23105 731.519 722.88281 714.24662 705.61043 696.97424 686.77755 674.77985 662.78215 650.78445 638.78675 627.47224 624.42377 629.51442 634.60507 639.69572 644.78637 649.72696 653.9153 663.34843 676.37187 689.39531 702.41875 715.44219 726.30196 731.36253 736.42311 741.48369 746.54427 753.05657 763.65083 760.31279 755.68728 751.06177 746.43625 741.81074 738.19972 736.04007 733.88041 731.72076 729.56111 726.12966 725.07279 727.42917 729.78555 732.14193 734.4983 738.26699 735.77317 732.03868 728.3042 724.56971 720.83523 723.69521 739.75244 755.80966 771.86688 787.9241 799.93308
-9999 746.35437 737.71818 729.08199 720.4458 711.80961 703.17341 692.5625 680.44914 668.45144 656.45374 644.45604 632.45834 631.05432 638.47924 643.56989 648.66054 653.75119 658.84184 666.33125 679.35469 692.37813 705.40157 718.42501 731.44845 733.77802 738.6476 743.70817 748.76875 753.82933 758.88991 760.64203 756.01652 751.39101 746.76549 742.13998 737.51447 733.68838 731.11771 728.95805 726.7984 724.63875 722.4791 720.28914 722.64551 725.00189 727.35827 729.71465 732.07103 732.38653 728.65205 724.91756 721.18308 717.44859 715.83267 729.46295 745.52018 761.5774 777.63462 793.69184
-9999 749.86826 741.23207 732.59588 723.95969 715.95436 709.50698 698.97475 683.72808 670.5615 658.5638 646.5661 634.5684 633.16438 652.9748 664.85192 669.94257 675.03322 680.12387 687.61328 700.63672 713.66016 726.6836 738.59792 734.76915 733.11066 737.26907 741.88536 746.94594 752.00651 757.06709 758.81922 754.1937 749.56819 744.94268 741.20139 741.61116 738.31454 729.71538 725.47656 723.31691 721.15726 718.9976 716.15484 712.821 714.47966 716.83604 719.19242 721.5488 724.56971 726.48151 722.74703 719.01254 715.27806 713.66214 719.38468 730.78646 746.84368 762.9009 778.95813
-9999 753.38215 744.74596 736.10977 728.81399 722.36661 715.91923 705.38701 690.14034 674.89367 660.67386 648.67616 636.67846 635.27444 655.08486 674.89528 691.2246 696.31525 701.4059 708.89531 721.91875 734.94219 741.75932 737.93056 734.10179 732.44331 736.60172 740.76012 745.12312 750.1837 755.24427 756.9964 752.37089 747.74537 745.41778 745.82755 746.23732 742.94069 734.34153 725.74238 719.83541 717.67576 715.51611 712.67335 709.33951 706.00567 706.31381 708.67019 711.02657 714.04748 717.18324 720.31899 716.84201 713.10752 711.4916 717.21414 722.93668 732.10997 748.16719 764.22441
-9999 756.89604 748.25985 741.67362 735.22624 728.77886 722.33149 711.79926 696.55259 681.30592 666.05925 650.81259 638.78852 637.3845 657.19492 677.00534 696.81576 716.62618 722.68794 730.17734 743.20078 744.92073 741.09197 737.2632 733.43443 731.77595 735.93436 740.09277 744.25117 748.40958 753.42146 755.17358 750.54807 749.63416 750.04393 750.4537 750.86347 747.56684 738.96769 730.36853 721.76938 714.19427 712.03462 709.19186 705.85802 702.52418 699.19034 698.14796 700.50433 703.52524 706.661 709.79676 712.93252 710.93699 709.32107 715.04361 720.76615 726.48869 733.43348 749.4907
-9999 760.98063 754.53325 748.08587 741.6385 735.19112 728.74374 718.21151 702.96485 687.71818 672.47151 657.22484 641.97817 639.49456 659.30498 679.1154 698.92582 718.73625 738.54667 751.45937 748.08214 744.25337 740.42461 736.59584 732.76708 731.10859 735.267 739.42541 743.58382 747.74222 751.90063 753.44077 753.85054 754.26031 754.67008 755.07985 755.48962 752.193 743.59384 734.99468 726.39553 717.79637 709.19722 705.71036 702.37652 699.04269 695.70885 692.37501 689.9821 693.00301 696.13877 699.27453 702.41029 705.54605 707.15054 712.87308 718.59561 724.31815 730.04069 735.76323
-9999 764.23126 757.78389 751.33651 744.88913 738.44175 735.38154 728.84894 713.60228 698.35561 683.10894 667.86227 654.76258 655.2698 674.38591 694.19633 714.00675 733.81717 753.6276 766.28988 762.46111 758.63235 754.80358 750.97482 742.66371 731.57848 745.56605 749.72446 753.88287 758.04128 762.19969 765.07768 765.48745 765.89722 766.30699 766.71676 762.58437 752.03234 743.43318 734.83403 726.23487 717.63572 709.87118 708.44557 707.14042 703.80658 700.47274 697.1389 693.80506 695.98746 699.12322 702.25898 705.39474 709.18641 716.74529 722.46783 728.19037 733.91291 739.63545 738.42121
-9999 766.4126 759.96522 753.51784 747.07046 746.43023 747.44798 740.91539 725.66872 710.42205 695.17538 684.23343 675.6429 676.15012 694.87608 713.66419 733.47461 753.28503 773.09545 785.75773 781.92897 778.1002 774.27144 760.4268 738.3032 727.21797 745.71834 763.7325 767.89091 772.04932 776.20773 779.08572 779.4955 779.90527 780.31504 772.72181 760.80475 750.25272 741.65356 733.05441 724.45525 717.10442 710.10227 708.67666 711.25995 711.35917 708.02533 704.69149 701.35765 703.54006 706.67582 709.81158 714.67133 722.76035 730.31923 736.04177 741.76431 747.48685 743.30357 735.25719
-9999 768.59393 762.14655 756.46118 757.47893 758.49668 759.51442 752.98183 737.73516 722.48849 713.70427 705.11375 696.52323 697.03044 715.75641 734.48237 753.20833 772.75288 792.5633 805.22559 801.39682 797.56806 778.1899 756.0663 733.9427 722.85747 741.35783 759.8582 778.35856 786.05736 790.21577 793.09377 793.50354 793.91331 782.85925 770.94218 759.02512 748.47309 739.87394 731.3398 724.33765 717.33551 710.33337 708.90775 711.49104 714.07433 715.57793 712.24409 708.91025 711.09265 714.22841 720.15625 728.24527 736.33429 743.89316 749.6157 755.33824 748.18594 740.13956 732.09318
-9999 770.77526 767.50987 768.52762 769.54537 770.56312 771.58087 765.04827 751.76564 743.17511 734.58459 725.99407 717.40355 717.91076 736.63673 755.36269 774.08865 792.81462 812.03116 824.69344 818.07659 795.95299 773.82939 751.70579 729.58219 718.49696 736.99733 755.49769 773.99806 792.49842 804.22382 807.10181 804.91375 792.99668 781.07962 769.16256 757.2455 746.69347 738.57304 731.57089 724.56875 717.5666 710.56446 709.13885 711.72213 714.30542 716.88871 719.472 716.46284 718.64525 725.64117 733.73019 741.81921 749.90822 757.4671 761.11468 753.0683 745.02192 736.97555 728.92917
-9999 779.87219 780.88994 781.90769 782.92544 783.94319 784.96094 779.08703 770.49651 761.90599 753.31547 744.72494 736.13442 733.62985 752.35581 771.08178 789.80774 808.5337 827.25967 833.63334 811.50974 789.38614 767.26254 745.13894 723.01534 712.70094 731.2013 749.70167 768.20203 786.7024 805.20276 813.31353 801.39647 789.4794 777.56234 765.64528 753.72822 747.8769 740.87476 733.87261 726.87047 719.86832 712.86618 711.64769 714.23098 716.81427 719.39756 721.98084 724.56413 731.45901 739.54803 747.63705 755.72606 763.81508 769.30376 761.25738 753.21101 745.16463 737.11825 729.07188
-9999 803.15974 804.17749 805.19524 806.21299 807.23074 783.05664 770.19841 773.01614 764.42562 755.8351 747.24457 738.65405 732.43971 730.98382 747.87455 766.60051 785.32647 804.05244 810.42611 788.30251 766.17891 744.05531 721.93171 713.16579 712.18546 716.413 733.07887 751.57924 770.0796 788.57997 796.69073 784.77367 772.85661 760.93955 749.02249 739.09006 741.14322 758.7933 751.79116 744.78901 737.78687 730.78472 730.20905 733.91876 736.50205 739.08534 741.66862 744.25191 749.18617 755.96579 764.0548 772.14382 780.23284 786.33861 785.57465 778.29316 770.24678 762.20041 754.15403
-9999 826.4473 827.46505 828.4828 823.75633 797.14968 770.54304 757.68481 760.69402 763.70324 758.35473 749.7642 741.17368 734.95934 733.50345 732.04756 743.39328 762.11925 780.84521 787.21888 765.09528 742.97168 720.84808 717.35745 714.43406 713.45373 717.68127 721.90882 734.95644 753.45681 771.95717 780.06794 768.15088 756.23382 744.47611 735.00418 725.53225 727.58541 746.12686 764.6683 762.70756 755.70541 748.70327 748.1276 752.17184 756.18983 758.77312 761.3564 763.93969 768.87395 774.21451 780.47256 788.56158 796.65059 802.75636 801.99241 801.22846 795.32894 787.28256 779.23619
-9999 849.73485 850.7526 837.84937 811.24273 784.63609 758.02944 745.17122 748.18043 751.18964 754.19885 752.28383 743.69331 737.47897 736.02308 734.56719 733.1113 738.91202 757.63798 764.01165 741.88805 724.47251 721.54912 718.62572 715.70233 714.722 718.94954 723.17709 727.40464 736.83401 755.33438 763.44515 751.52808 740.39023 730.9183 721.44637 711.97444 714.0276 732.56905 751.1105 769.65194 773.62395 766.62181 766.04614 770.09038 774.13463 778.17887 781.04418 783.62747 788.56173 793.90229 799.24285 804.97933 813.06835 819.17412 818.41017 817.64621 816.88226 812.36472 804.31834
-9999 873.0224 851.94242 825.33577 798.72913 772.12249 745.51584 732.65762 735.66683 738.67604 741.68525 744.69446 746.21294 739.9986 738.54271 737.08682 735.63093 734.17503 734.43075 740.80442 728.66417 725.74078 722.81739 719.89399 716.9706 715.99027 720.21781 724.44536 728.67291 732.90045 738.71159 746.82235 736.30435 726.83242 717.36049 707.88856 698.41663 700.4698 719.01124 737.55269 756.09414 774.63558 784.54035 783.96468 788.00893 792.05317 796.09741 800.14166 803.31525 808.24951 813.59007 818.93063 824.27119 829.61176 835.59188 834.82792 834.06397 833.30002 832.53607 829.4005
-9999 864.48199 837.87535 811.26871 784.66206 758.05542 731.44878 730.38194 733.39115 736.40037 739.40958 742.41879 745.428 747.46677 744.00633 742.55044 741.09454 739.63865 738.18276 736.28312 733.35972 730.43633 727.51294 724.58955 721.66615 712.63835 715.55631 719.78385 724.0114 728.23895 732.46649 732.01475 722.54282 713.07089 703.59896 694.12702 684.65509 699.80763 718.34907 736.89052 755.43197 773.97341 791.40359 794.76245 798.8067 802.85094 806.89518 810.93942 814.98367 820.13321 825.47377 830.81433 836.15489 841.49546 842.45349 841.68954 840.92558 840.16163 839.39768 838.34411
-9999 847.9461 821.33946 794.73281 768.12617 749.20187 745.15044 744.37674 747.38595 750.39516 753.40437 758.09687 769.14369 772.34126 759.82025 752.69275 751.23685 749.78096 748.32507 746.42543 743.50203 740.57864 737.65525 733.24264 717.62744 705.8827 704.51174 705.69854 709.92609 714.15363 718.38118 717.92943 708.4575 698.98557 689.51364 685.90359 702.33825 719.63966 738.18111 756.72255 775.264 788.64847 793.09471 796.2906 798.58764 802.33212 806.37637 810.42061 814.46485 819.61439 824.95495 830.29552 835.63608 835.02996 834.12814 833.36419 832.60024 831.83628 829.84983 825.24124
-9999 831.41021 804.80356 778.19692 767.24809 763.19667 759.14524 758.37154 761.38075 764.38996 771.92454 782.97136 794.01818 797.21575 784.69474 772.17373 761.37916 759.92327 758.46738 756.56773 753.64434 750.72095 742.10218 726.48698 710.87179 699.12705 697.75609 696.38513 695.84077 700.06832 704.29587 703.84412 694.37219 684.90026 689.30098 705.73563 722.17028 739.4717 758.01314 776.55459 785.89335 790.33959 794.78583 797.98173 800.27876 802.57579 805.85755 809.90179 813.94604 819.09557 824.43614 828.58784 827.64623 826.70461 825.80279 825.03884 824.27489 821.35554 816.74696 812.13837
-9999 814.87431 789.34574 785.29431 781.24289 777.19146 773.14004 772.36633 775.37555 785.7522 796.79902 807.84584 818.89267 822.09024 809.56923 797.04822 784.52721 772.0062 768.60969 766.71004 763.78665 750.96172 735.34653 719.73133 704.11614 692.3714 691.00044 689.62948 688.25852 686.88756 690.21055 689.7588 680.28687 692.69836 709.13301 725.56766 742.00231 759.30373 777.84518 783.13823 787.58447 792.03071 796.47695 799.67285 801.96988 804.26691 806.56394 809.38298 813.42722 818.57676 821.20411 820.26249 819.32088 818.37926 817.47745 816.71349 812.86126 808.25267 803.64408 799.03549
-9999 807.39196 803.34054 799.28911 795.23768 791.18626 787.13483 788.53305 799.57987 810.62669 821.67351 832.72033 843.76715 846.96472 834.44372 821.92271 809.4017 796.88069 784.35968 775.43646 759.82127 744.20607 728.59088 712.97568 697.36049 685.61574 684.24478 682.87382 681.50286 680.1319 678.76095 679.66109 696.09574 712.53039 728.96505 745.3997 761.83435 775.93686 780.38311 784.82935 789.27559 793.72183 798.16807 801.36397 803.661 805.95803 808.25506 810.5521 812.9084 813.82038 812.87876 811.93715 810.99553 810.05391 808.97556 804.36698 799.75839 795.1498 790.54121 785.93262
-9999 805.56419 801.51276 797.46134 793.40991 789.35849 792.79458 802.45372 813.50054 824.54736 835.59418 846.641 848.87387 848.47897 857.07137 844.55037 832.02936 819.50835 806.98734 793.5307 777.9155 762.30031 746.68511 731.06992 721.39906 716.1428 700.54434 699.17338 697.80242 696.43146 695.0605 699.77135 716.206 732.64066 749.07531 765.50996 776.98906 782.75667 787.20291 791.64915 796.09539 800.54164 801.653 802.9196 805.36688 807.66391 809.96095 812.25798 814.55501 814.09064 813.14902 812.20741 811.26579 808.66854 802.06507 797.45648 792.84789 788.2393 783.63071 791.79408
