P2_models/J1_p2__temp2_slide_40.dat.tif
NCOLS 118
NROWS 92
XLLCORNER 139.62
YLLCORNER -39.07
DX 0.099491525
DY 0.099347826
NODATA_VALUE -9999
[rows 54 to 80 of 92, columns 0 to 59 of 118]
-9999 537.39294 534.69199 531.99104 529.29009 534.28392 539.92167 546.36101 553.7255 561.09 568.45449 565.86798 560.66181 560.39856 570.03381 579.66907 572.85387 564.50654 556.1592 547.1881 536.77797 526.36784 515.95771 512.60362 512.42006 508.91584 496.51144 484.10704 481.97249 481.05851 480.14454 483.28515 494.24169 505.19824 516.15479 521.98395 526.44488 530.29002 533.25418 536.21834 539.1825 539.05122 538.64862 539.49296 541.23372 542.91489 544.44619 545.97749 547.50878 547.19924 546.57156 545.94387 543.31569 538.52944 534.1271 531.05459 527.98207 524.90956 533.23506 543.53368
-9999 534.4097 531.70875 531.06706 536.7048 542.34254 547.98029 554.41963 561.78413 567.69324 562.48706 557.28088 552.0747 551.81145 561.44671 571.08196 580.71722 579.34111 570.99377 562.02267 551.61254 541.20241 540.94149 540.75793 540.57437 537.07015 524.66575 512.26135 499.85695 494.49639 493.58241 496.72302 507.67957 518.18066 522.64159 527.10252 531.56345 535.40859 538.37275 540.73607 540.33348 539.93088 539.52828 540.37262 542.11338 543.85413 545.58502 547.11631 548.64761 548.33807 547.71039 544.18548 539.39923 534.61297 530.21063 527.13812 524.97575 535.27437 545.57298 555.8716
-9999 531.42646 533.48793 539.12568 544.76342 550.40116 556.03891 562.47825 564.31231 559.10613 553.89995 548.69377 543.48759 543.22434 552.8596 562.49486 572.13011 581.76537 585.82834 576.85725 569.46293 569.27936 569.0958 568.91224 568.72868 565.22446 552.82006 540.41566 528.01126 515.60686 507.02029 510.16089 518.8383 523.29923 527.76016 532.22109 536.68203 540.52716 542.01833 541.61573 541.21314 540.81054 540.40794 541.25228 542.99304 544.73379 546.47454 548.21529 549.78644 549.4769 545.05527 540.26902 535.48276 530.69651 526.29417 527.01505 537.31367 547.61229 557.9109 568.20952
-9999 536.57901 542.21676 547.8545 553.49225 559.12999 564.76774 565.69651 560.49033 555.28415 550.07797 544.87179 539.66561 535.98567 545.62092 555.25618 564.89144 574.52669 584.16195 590.82814 590.64458 590.46102 590.27746 590.0939 589.91033 590.52545 578.21577 565.81137 553.40697 541.00256 528.59816 521.95441 526.41534 530.87627 535.3372 539.79813 544.25906 543.46602 543.06342 542.66082 542.25822 541.85563 541.45303 544.01042 545.75117 547.49193 549.23268 550.97343 552.71418 550.84205 546.05579 541.26954 536.48329 531.69703 527.84903 537.52207 547.82068 558.1193 568.41792 578.71653
-9999 547.59691 553.23465 558.8724 564.51014 569.72174 571.93339 572.78421 572.06444 567.73729 562.53111 557.32493 552.11875 548.08169 546.38586 552.62302 562.25828 571.89353 581.52879 588.19498 588.01142 587.82786 587.6443 587.46074 596.52096 601.49654 592.91329 581.78517 569.38077 556.97637 544.57197 537.92821 542.38914 546.85007 551.311 555.70037 555.98586 553.14418 545.82864 544.27092 543.86832 543.46572 543.06312 547.38654 554.92517 556.66592 558.40668 560.14743 561.88818 563.97855 563.85009 559.06384 554.27759 549.49133 545.64333 545.04532 552.07432 562.37293 572.67155 582.97017
-9999 558.6148 564.25255 569.89029 573.89044 576.10208 578.31373 579.16454 578.44478 577.72502 574.98425 569.77807 564.57189 560.53483 558.839 557.14317 559.62512 569.26038 578.89563 585.56183 585.37826 585.1947 587.42328 597.45766 607.49205 612.46764 603.88438 595.30113 585.35458 572.95018 560.54577 553.90202 558.36295 562.82388 565.92213 566.20762 566.49311 563.65143 556.33588 549.02034 545.47842 545.07582 544.67322 548.99664 556.71753 564.43842 567.58068 569.32143 571.06218 573.15255 575.30335 576.85814 572.07189 567.28563 563.43763 562.83962 562.2416 566.62656 576.92518 587.2238
-9999 569.6327 575.27044 578.05913 580.27077 582.48242 584.69407 585.54488 584.82512 584.10535 583.38559 582.23121 577.02503 572.98797 571.29214 569.59631 567.90047 566.62722 576.26247 582.92867 582.7451 588.35999 598.39437 608.42875 618.46314 623.43873 614.85547 606.27222 597.68897 588.92398 576.51958 569.87583 574.33676 576.14388 576.42937 576.71487 577.00036 574.15867 566.84313 559.52759 552.21204 546.68592 546.28332 550.60674 558.32763 566.04852 573.76941 578.49543 580.23618 582.32655 584.47734 586.62814 588.77893 585.07993 581.23193 580.63392 580.0359 579.43789 581.17881 591.47743
-9999 580.01617 582.22782 584.43946 586.65111 588.86276 591.07441 591.92522 591.20546 590.48569 589.76593 589.04616 588.3264 585.44111 583.74528 582.04945 580.35361 578.65778 576.96195 580.29551 589.29669 599.33108 609.36546 619.39984 629.43423 634.40982 625.82656 617.24331 608.66006 600.07681 591.49356 585.84963 586.36564 586.65113 586.93662 587.22211 587.5076 584.66592 577.35038 570.03483 562.71929 555.40375 548.0882 552.21683 559.93773 567.65862 575.37951 583.1004 589.41018 591.50055 593.65134 595.80214 597.95293 600.10372 599.02623 598.42822 597.8302 597.23219 596.63417 596.03615
-9999 581.71594 583.92759 586.13924 588.35088 590.56253 591.47165 588.40193 585.40278 584.68302 583.96326 583.24349 582.52373 584.25311 587.51229 585.81646 584.12063 582.42479 580.72896 582.58017 592.61455 602.64894 612.68332 622.7177 629.98959 628.11004 627.12664 618.54339 609.96014 601.37689 592.79363 587.23965 587.52514 587.81063 588.09612 588.38161 587.43578 588.86311 589.22717 581.91163 574.59609 567.28054 559.965 557.94791 563.89164 571.61254 579.33343 587.05432 594.77521 585.02436 586.97512 589.12591 591.27671 593.4275 597.02308 602.33053 601.73251 601.1345 600.53648 599.93847
-9999 581.38037 583.59201 585.80366 588.01531 587.79446 586.81047 583.74075 578.26382 573.58256 572.86279 572.14303 571.42326 573.15264 579.78657 585.8063 584.11047 582.41464 580.71881 582.57001 592.6044 602.63878 612.67316 615.35894 611.55505 609.6755 612.95366 615.63802 607.05477 598.47151 589.88826 584.33428 584.61977 584.90526 585.19075 583.06924 579.55264 580.97998 589.48033 594.38398 587.06843 579.75289 572.43735 570.42025 572.21215 576.58567 584.30656 592.02745 599.74834 589.99749 577.22704 575.55721 577.708 579.8588 583.45438 592.05453 599.59389 598.99587 598.39786 597.79984
-9999 581.04479 583.25644 585.10125 584.11727 583.13328 582.14929 579.07957 573.60264 568.12572 562.64879 561.04256 560.3228 562.05218 568.68611 575.32004 581.95397 582.40448 580.70865 582.55986 592.59424 602.62863 600.72829 596.9244 593.12051 591.24096 594.51912 597.79728 601.07544 595.56614 586.98289 581.42891 581.7144 581.99989 578.7027 575.1861 571.6695 573.09684 581.59719 590.09754 598.59789 592.22524 584.9097 582.8926 584.6845 586.47639 589.27969 597.00058 604.72147 594.97062 582.20017 569.42972 564.1393 566.29009 569.88567 578.48583 587.08598 595.68614 596.25923 595.66121
-9999 580.70922 581.42406 580.44007 579.45609 578.4721 577.48811 574.41839 568.94146 563.46454 557.98761 552.51068 549.22234 550.95172 557.58565 564.21957 570.8535 577.48743 580.69849 582.5497 589.90154 586.09765 582.29375 578.48986 574.68597 572.80642 576.08458 579.36274 582.6409 585.91906 584.07752 578.52354 577.85277 574.33617 570.81956 567.30296 563.78636 565.2137 573.71405 582.2144 590.71475 599.2151 597.38204 595.36495 597.15684 598.94874 600.74063 602.53253 609.6946 599.94375 587.1733 574.40285 561.63241 552.72139 556.31697 564.91712 573.51728 582.11743 590.71758 593.52259
-9999 578.32339 577.3394 576.35542 575.37143 574.38744 573.40345 571.68634 566.20941 560.73249 555.25556 549.77863 544.30171 541.97352 548.60745 555.24138 561.8753 568.50923 575.14316 578.62085 574.81696 571.01307 567.20917 563.40528 559.60139 556.14157 559.41974 562.6979 565.97606 569.25422 572.53238 573.48967 569.97307 566.45647 562.93986 559.42326 555.90665 558.55433 567.05468 575.55503 584.05538 592.55573 601.05608 605.71969 607.51158 609.30348 611.09537 612.88727 614.67916 604.05461 591.28416 578.51372 565.74327 552.97282 548.16661 556.76676 565.36691 573.96707 582.56722 591.16738
-9999 577.10627 576.12228 575.1383 574.15431 573.43542 578.42093 578.54951 573.07258 567.59566 562.11873 556.6418 549.81033 546.55773 550.72974 556.81902 563.45295 570.08688 576.72081 580.19849 576.3946 572.59071 568.78682 564.98292 560.04686 555.58857 553.05001 554.83529 558.11345 561.39161 564.66977 565.62707 562.11046 558.59386 555.07725 551.56065 553.2771 557.98187 566.48222 574.98257 583.48292 591.87209 599.05263 604.06097 607.33364 609.12553 610.91743 612.70932 614.50122 603.87667 591.10622 578.33577 565.56532 563.09858 566.96631 575.56646 584.16661 592.76677 600.85534 598.34904
-9999 575.88915 574.90516 573.92117 575.31309 580.29859 585.2841 585.41268 579.93575 574.45883 568.58612 561.62596 554.66579 551.41319 555.5852 559.75721 565.03059 571.66452 578.29845 581.77614 577.97225 574.16835 570.14871 564.97415 559.7996 555.3413 552.80275 550.2642 550.25084 553.529 556.80717 557.76446 554.24785 550.73125 548.6012 550.65291 552.70463 557.40941 565.90976 574.41011 582.42045 589.601 596.78154 601.78988 605.23665 608.68342 610.73948 612.53138 614.32327 603.69873 590.92828 578.15783 579.39678 581.89828 585.76601 594.36616 602.96631 608.35994 605.85364 603.34734
-9999 574.67203 573.68804 577.19075 582.17626 587.16176 592.14726 592.27585 586.79892 580.40175 573.44158 566.48142 559.52125 556.26865 560.44066 564.61267 568.78468 573.24216 579.87609 583.35378 579.54989 575.076 569.90144 564.72689 559.55233 555.09403 552.55548 550.01693 547.47838 545.6664 548.94456 549.90185 546.38525 545.97701 548.02873 550.08045 552.13217 556.83694 565.33729 572.96882 580.14936 587.3299 594.51045 599.51879 602.96556 606.41233 609.8591 612.35344 614.14533 603.52078 593.19348 595.69498 598.19648 600.69798 604.5657 613.16586 615.86454 613.35824 610.85194 608.34564
-9999 574.08291 579.06842 584.05392 589.03942 594.02493 599.01043 599.13902 592.21737 585.25721 578.29704 571.33688 564.37671 561.12411 565.29612 569.46813 573.64014 577.81215 581.98416 584.93143 580.00328 574.82873 569.65418 564.47962 559.30507 554.84677 552.30822 549.76967 547.23111 544.69256 542.15401 542.03924 543.35283 545.40455 547.45627 549.50798 551.5597 556.26448 563.51718 570.69773 577.87827 585.05881 592.23936 597.2477 600.69447 604.14124 607.58801 611.03478 613.96739 609.49168 611.99318 614.49468 616.99618 619.49768 623.3654 623.36913 620.86284 618.35654 615.85024 613.34394
-9999 580.74025 585.72575 590.71126 595.69676 600.68226 604.76346 609.28392 608.16578 601.20562 594.24545 587.28528 580.32512 574.73905 575.15918 579.33119 583.5032 587.67521 591.84722 593.19297 588.01842 582.84386 577.66931 572.49475 567.27257 563.82645 563.98726 561.44871 558.91016 556.37161 553.83306 552.86239 554.91411 556.96583 559.01754 561.06926 562.51598 567.76889 577.481 584.66154 591.84209 599.02263 606.20317 609.09519 611.65673 615.1035 618.55027 621.99704 625.44381 633.51048 636.01198 638.51348 641.01498 643.51648 642.08095 632.20275 629.69645 627.19015 624.68385 622.17756
-9999 587.28072 592.26623 597.25173 602.23723 605.31746 607.69873 612.21919 619.20856 623.45208 616.49191 609.53174 602.57158 596.98551 594.15117 592.03732 596.20933 600.38135 604.55336 605.89911 600.72455 595.55 590.37544 585.03043 579.51628 576.07017 578.16691 579.89896 577.36041 574.82186 572.2833 571.31264 573.36436 575.41607 577.46779 578.14203 577.91489 583.1678 596.26072 607.84278 615.02332 622.20386 629.38441 632.27642 632.08547 633.57903 637.0258 640.47257 643.91934 652.26711 661.4619 665.49545 667.99695 670.49845 669.06291 653.98995 640.70758 638.20128 635.69498 633.18868
-9999 593.8212 598.8067 603.49019 605.87146 608.25274 610.63401 615.15447 622.14383 629.13319 636.12255 631.77821 624.81804 619.23198 616.39763 613.56328 610.72893 613.08748 617.25949 618.60524 613.43069 608.25613 602.7883 597.27415 591.76 588.31388 590.41063 592.50737 594.60411 593.2721 590.73355 589.76288 591.8146 593.86632 593.76809 593.54095 593.3138 598.56672 611.65963 624.75254 637.84546 645.3851 652.56564 655.45766 655.2667 655.07575 655.50134 658.94811 662.39488 670.74265 679.93744 689.13223 694.97892 697.48042 696.04488 680.97191 665.89895 650.82598 646.70611 644.19981
-9999 600.36167 604.0442 606.42547 608.80674 611.18801 613.56929 618.08975 625.07911 632.06847 639.05783 646.04719 647.0645 641.47844 638.64409 635.80974 632.97539 630.14105 629.96563 631.31138 626.06032 620.54617 615.03202 609.51787 604.00372 600.5576 602.65434 604.75108 606.84783 608.94457 609.1838 608.21313 609.62129 609.39415 609.167 608.93986 608.71272 613.96563 627.05854 640.15146 653.24437 666.33728 675.74688 678.63889 678.44794 678.25698 678.06603 677.87508 680.87041 689.21818 698.41297 707.60777 716.80256 724.46238 723.02684 707.95388 692.88091 677.80795 662.73498 655.21093
-9999 603.67812 606.05939 608.44066 610.82193 613.20321 615.58448 617.69574 624.6851 631.67446 638.66382 645.65318 652.64254 658.67402 655.83967 653.00532 650.17097 647.33663 644.50228 640.8576 635.34345 629.82929 624.31514 618.80099 613.28684 612.87114 614.96289 617.05963 619.15637 621.25311 623.34986 624.65283 624.42569 624.19855 623.9714 623.74426 623.51711 626.90499 639.99791 653.09082 666.18373 679.27665 692.36956 694.59912 694.40817 694.21721 694.02626 693.8353 693.64435 697.92667 707.12146 716.31626 725.51105 734.70584 742.95232 728.71197 713.63901 698.56604 683.49307 668.42011
-9999 602.21048 604.59175 606.97302 609.3543 611.82761 614.87646 615.57865 613.57251 618.67796 625.66732 632.65668 639.64604 646.0719 651.36933 651.08159 648.24724 645.41289 642.57854 638.93386 633.41971 627.90556 622.39141 616.87725 621.68 626.25148 627.73104 629.61358 631.71032 633.80707 635.90381 637.20679 636.97964 636.7525 636.52535 636.15141 631.06216 632.69861 643.9571 656.71995 669.81286 682.90578 695.99869 694.61608 683.03442 682.84347 682.65251 682.46156 682.2706 678.75124 678.85836 688.05315 697.24795 706.44274 714.68922 719.65082 710.83762 695.76466 680.69169 665.61872
-9999 600.74284 603.12411 605.50538 608.23529 611.28413 614.33298 615.03517 613.02903 611.02289 612.67082 619.66018 626.64954 633.0754 638.37283 643.67025 646.3235 643.48915 640.65481 637.01013 631.49597 625.98182 623.6102 629.33528 635.06035 639.63183 641.11139 642.59094 644.26428 646.36102 648.45776 649.76074 649.53359 649.30645 647.28439 642.19514 637.1059 638.74234 650.00084 661.25933 673.44199 686.53491 699.62782 698.24521 686.45634 674.66747 671.27877 671.08781 670.89686 667.37749 663.28288 659.79005 668.98485 678.17964 686.42611 691.38772 696.34933 692.96327 677.89031 662.81734
-9999 599.2752 601.65647 604.64297 607.69181 610.74066 613.7895 614.49169 612.48555 610.47941 608.47327 606.66368 613.65304 620.0789 625.37633 630.67375 635.97118 641.2686 638.73107 635.08639 629.57224 631.26547 636.99055 642.71562 648.4407 653.01218 654.49173 655.97129 657.45085 658.9304 661.01171 662.31469 662.08755 658.41736 653.32812 648.23888 643.14963 644.78607 656.04457 667.30307 678.56156 690.16404 703.25695 701.87434 690.08547 678.2966 666.50773 659.71407 659.52311 656.00374 651.90913 647.81453 643.71992 649.91654 658.16301 663.12462 668.08623 673.04783 675.08892 660.01596
-9999 598.0018 601.05064 604.09949 607.14833 610.19718 613.24602 613.94822 611.94208 609.93594 607.9298 605.92365 603.91751 607.0824 612.37982 617.67725 622.97468 628.2721 633.56953 633.19567 638.92075 644.64582 650.37089 656.09597 661.82104 666.39252 667.87208 669.35164 670.83119 672.31075 673.79031 674.63959 669.55034 664.4611 659.37185 654.28261 649.19337 650.82981 662.0883 673.3468 684.6053 695.86379 707.12229 705.50348 693.7146 681.92573 670.13686 658.34798 648.14937 644.63 640.53539 636.44078 632.34617 628.25156 629.89991 634.86152 639.82312 644.78473 649.74634 654.70794
-9999 591.34939 594.39824 597.44708 600.49593 603.54477 607.87249 611.25024 611.27591 609.26977 607.26363 605.25749 603.25135 602.52669 605.21886 610.51629 615.81371 621.11114 626.40856 631.8353 637.56038 643.28545 649.01053 654.7356 658.92243 660.35253 661.78007 663.25962 664.73918 666.21874 667.69829 666.93416 661.84492 656.75567 651.66643 646.57719 642.25077 642.50788 650.1703 661.4288 672.6873 683.94579 695.20429 696.41088 687.22283 675.43395 663.64508 651.85621 640.06734 641.39615 638.54602 634.45141 630.3568 626.26219 624.10749 628.75551 633.71712 638.67872 643.64033 648.60194
