P2_models/J1_p2_tot_conduct_slide_148.39.dat.tif
NCOLS 118
NROWS 92
XLLCORNER 139.62
YLLCORNER -39.07
DX 0.099491525
DY 0.099347826
NODATA_VALUE -9999
[rows 50 to 74 of 92, columns 0 to 56 of 118]
-1.7754962 -1.75668 -1.7106356 -1.6567312 -1.5932501 -1.5277091 -1.4630396 -1.4085971 -1.3648252 -1.3236448 -1.3014095 -1.2933163 -1.3082371 -1.3397371 -1.3942511 -1.4701621 -1.5657728 -1.6512771 -1.7653858 -1.8847756 -2.0041654 -2.1206485 -2.2323215 -2.339724 -2.422722 -2.4892305 -2.5360894 -2.5903521 -2.6297833 -2.6771098 -2.6781565 -2.6695617 -2.6472406 -2.6258356 -2.5804772 -2.4977653 -2.4265648 -2.3495568 -2.263467 -2.1639576 -2.0665654 -1.9809901 -1.9088445 -1.8462071 -1.7762146 -1.706509 -1.6664718 -1.6178412 -1.6007062 -1.5729483 -1.5677119 -1.5521142 -1.56279 -1.5824024 -1.6144054 -1.6615329 -1.7218273
-1.8059714 -1.767664 -1.7179182 -1.658469 -1.5921414 -1.5242402 -1.4595034 -1.4072602 -1.3648492 -1.3372826 -1.3243661 -1.3231034 -1.3479762 -1.3983563 -1.4653381 -1.5460669 -1.6480232 -1.7537351 -1.8731249 -1.9895063 -2.1070495 -2.2249859 -2.3394012 -2.4297033 -2.500222 -2.5613237 -2.6017915 -2.643961 -2.6980225 -2.7335069 -2.7174753 -2.6867916 -2.6426247 -2.5830484 -2.4835569 -2.3767827 -2.2958692 -2.2080895 -2.1135612 -2.0290162 -1.9347611 -1.8672132 -1.7975691 -1.7543521 -1.6967517 -1.6726484 -1.6359936 -1.6298719 -1.6141627 -1.6195207 -1.6142843 -1.6287157 -1.639575 -1.6649677 -1.6946245 -1.7392431 -1.7880165
-1.8410225 -1.7997113 -1.7400163 -1.6783386 -1.6120109 -1.5441098 -1.4744657 -1.4205066 -1.3826051 -1.3571522 -1.3571522 -1.3651175 -1.4049141 -1.457965 -1.5375582 -1.6255451 -1.7399604 -1.8530829 -1.9724727 -2.0888541 -2.1982948 -2.309575 -2.4090666 -2.4959352 -2.5506556 -2.6010628 -2.6259357 -2.6572074 -2.6920294 -2.7136373 -2.6769825 -2.6338061 -2.564162 -2.4879664 -2.3727657 -2.2641885 -2.164697 -2.0690026 -1.9695111 -1.8841044 -1.8107949 -1.7505827 -1.7058115 -1.6732014 -1.6574922 -1.6482656 -1.653502 -1.6591281 -1.6737714 -1.6893156 -1.707009 -1.7264604 -1.7455461 -1.7676553 -1.7939723 -1.8306271 -1.8741179
-1.8742639 -1.8310541 -1.7713592 -1.7077829 -1.6386258 -1.5729551 -1.5092293 -1.4565203 -1.4217387 -1.3989935 -1.4025543 -1.4162154 -1.460015 -1.523015 -1.6099332 -1.700768 -1.8151832 -1.9311536 -2.0505434 -2.162412 -2.2604075 -2.3669414 -2.4611912 -2.5317336 -2.5707869 -2.6106386 -2.6156735 -2.6366438 -2.6513736 -2.6603404 -2.5996646 -2.543246 -2.4555012 -2.3707621 -2.2486892 -2.1310264 -2.0315349 -1.9385063 -1.8485097 -1.7752894 -1.7154407 -1.6855299 -1.6621281 -1.6586355 -1.6611095 -1.6876305 -1.7072678 -1.74444 -1.7681131 -1.7972166 -1.8198712 -1.8457544 -1.8667531 -1.878591 -1.8980934 -1.914017 -1.9473801
-1.9112838 -1.8642402 -1.8045453 -1.7381967 -1.6671313 -1.603091 -1.5433961 -1.497648 -1.4644842 -1.4480628 -1.4530374 -1.4733806 -1.5231264 -1.5893873 -1.6789296 -1.7781076 -1.8925473 -2.0069626 -2.1262771 -2.2366415 -2.3310322 -2.4226424 -2.5072102 -2.5493163 -2.5832268 -2.6058836 -2.6053261 -2.5949193 -2.6015726 -2.5866533 -2.5173216 -2.4353248 -2.3408078 -2.2342322 -2.1033223 -1.9905508 -1.8910593 -1.8078134 -1.724031 -1.671682 -1.6245545 -1.6183696 -1.6183696 -1.6482754 -1.6744574 -1.7244987 -1.7716263 -1.8236451 -1.8707727 -1.9077668 -1.9391852 -1.9624052 -1.9873502 -1.9926175 -1.9976765 -2.0058624 -2.0065988
-1.9508525 -1.9039794 -1.8442845 -1.7789618 -1.7126341 -1.6494533 -1.5897584 -1.5445792 -1.5161531 -1.5013044 -1.5162281 -1.5396125 -1.5992299 -1.6688655 -1.7584079 -1.8575859 -1.9769757 -2.0930641 -2.2074793 -2.3161197 -2.4056621 -2.4954975 -2.514523 -2.5294468 -2.5443705 -2.5595212 -2.5495721 -2.5353106 -2.495514 -2.4608127 -2.371794 -2.2827853 -2.1733446 -2.0620293 -1.9415696 -1.8320613 -1.7375444 -1.6586234 -1.6062594 -1.5670613 -1.5618249 -1.5692767 -1.6090733 -1.6543958 -1.7274429 -1.7888167 -1.8643509 -1.9234544 -1.9833669 -2.0260297 -2.0650258 -2.0816315 -2.0999444 -2.0888897 -2.0837779 -2.0680687 -2.0594456
-1.9790916 -1.9339649 -1.8827097 -1.8253241 -1.7613833 -1.7006925 -1.6454207 -1.6077713 -1.5820227 -1.5689204 -1.5854539 -1.6190133 -1.6771492 -1.743467 -1.8330093 -1.9305814 -2.0467003 -2.1645351 -2.2733244 -2.3663371 -2.450457 -2.5041138 -2.5151232 -2.5193308 -2.5304928 -2.5210309 -2.4934562 -2.4757019 -2.4301441 -2.3593562 -2.2631925 -2.1499592 -2.0358669 -1.9128038 -1.7905184 -1.6779816 -1.5912601 -1.5257973 -1.4870386 -1.4739743 -1.4906605 -1.5291753 -1.5913423 -1.6855582 -1.7698503 -1.846679 -1.9397545 -2.0113022 -2.0823493 -2.1288703 -2.1661835 -2.183088 -2.1832777 -2.1704599 -2.1454953 -2.1233548 -2.088047
-2.0017506 -1.9723432 -1.927572 -1.8729588 -1.8113688 -1.7628983 -1.7131525 -1.6770032 -1.6533148 -1.6450339 -1.6649322 -1.6967839 -1.7515042 -1.814822 -1.9043644 -1.9974364 -2.1118517 -2.2155466 -2.3100636 -2.3925593 -2.4622034 -2.5115 -2.5115 -2.5013898 -2.501 -2.4861314 -2.4507161 -2.4002839 -2.3344195 -2.2517895 -2.1358519 -2.0145212 -1.8901568 -1.7653586 -1.6396851 -1.5430381 -1.4684195 -1.4248827 -1.4039371 -1.4208898 -1.4575446 -1.5286186 -1.6082119 -1.7099277 -1.8146557 -1.9188644 -2.0183559 -2.0978876 -2.1711971 -2.2102533 -2.2469081 -2.246 -2.2443475 -2.2114454 -2.1759233 -2.1327244 -2.0800415
-2.0281232 -2.0017597 -1.9669377 -1.9153847 -1.8680078 -1.8242273 -1.7844307 -1.7505577 -1.7316069 -1.7245122 -1.7444105 -1.7762622 -1.8309825 -1.8939867 -1.97358 -2.0633505 -2.1628421 -2.2617437 -2.3413369 -2.4190394 -2.4737597 -2.5181232 -2.5044697 -2.4881435 -2.4682451 -2.4463922 -2.3916719 -2.334052 -2.2395351 -2.1458185 -2.0096722 -1.8816591 -1.7473456 -1.6196485 -1.5041642 -1.4123667 -1.3526718 -1.3162145 -1.3266872 -1.3547975 -1.4228706 -1.5041722 -1.6136129 -1.7242829 -1.8543948 -1.9626419 -2.0713414 -2.1508731 -2.2241827 -2.2573093 -2.2866472 -2.278864 -2.2708402 -2.2210944 -2.1759233 -2.1130865 -2.0528195
-2.0394928 -2.0306072 -2.0029232 -1.9607543 -1.9178903 -1.88381 -1.8487858 -1.8208657 -1.804462 -1.7974856 -1.814396 -1.8462477 -1.8981108 -1.9478524 -2.0150872 -2.0898626 -2.167371 -2.2497566 -2.3070108 -2.3715617 -2.4100713 -2.4444442 -2.4189514 -2.3704768 -2.3505785 -2.3212183 -2.266498 -2.2091759 -2.1353322 -2.0277231 -1.8847156 -1.7491953 -1.6148818 -1.4869012 -1.3751361 -1.2977856 -1.2486863 -1.2264767 -1.2473177 -1.2971972 -1.3737474 -1.4721997 -1.5852433 -1.7102206 -1.8428305 -1.9526253 -2.0601352 -2.1341718 -2.2059725 -2.2301697 -2.2557884 -2.2331684 -2.2212073 -2.1668988 -2.1107012 -2.0371445 -1.9693702
-2.0464412 -2.0452231 -2.0302994 -2.0074078 -1.9695062 -1.9381651 -1.9083176 -1.8898367 -1.8756236 -1.8717102 -1.8866339 -1.9104339 -1.955205 -2.0022074 -2.0619024 -2.1163554 -2.1810249 -2.239474 -2.2842452 -2.3217646 -2.351612 -2.3511898 -2.2914948 -2.2416507 -2.2217524 -2.1842284 -2.1294545 -2.0721325 -2.007463 -1.9167231 -1.770104 -1.624949 -1.4906354 -1.3661249 -1.261397 -1.185416 -1.1456194 -1.1378607 -1.1692791 -1.2323349 -1.3213537 -1.431091 -1.5504808 -1.6809887 -1.817135 -1.928647 -2.0281385 -2.0996863 -2.1613272 -2.1824378 -2.1970762 -2.1729861 -2.1430986 -2.0878256 -2.0218606 -1.9433147 -1.8620296
-2.0663108 -2.0689111 -2.0738857 -2.0553004 -2.0268742 -1.9984796 -1.9785813 -1.9635216 -1.9540462 -1.9511885 -1.9613864 -1.9832889 -2.0187102 -2.0618161 -2.1122628 -2.1620086 -2.2117544 -2.2659668 -2.3016931 -2.3350109 -2.3514437 -2.3445666 -2.2804509 -2.2284043 -2.1953964 -2.1511125 -2.0814684 -2.019147 -1.9374048 -1.8372449 -1.6815359 -1.5322243 -1.3979108 -1.2734003 -1.1736366 -1.099495 -1.0696475 -1.0652998 -1.107191 -1.173966 -1.2734575 -1.3856664 -1.5100308 -1.6412495 -1.7773958 -1.8889079 -1.9883994 -2.0559777 -2.1083416 -2.1269947 -2.1374675 -2.1075168 -2.0702436 -2.0001558 -1.9225128 -1.8351624 -1.7494354
-2.076596 -2.1086571 -2.120248 -2.1056772 -2.0815031 -2.0668231 -2.0514364 -2.038576 -2.0315172 -2.0271498 -2.0342415 -2.0527288 -2.0849545 -2.1114842 -2.1493933 -2.1959272 -2.2396529 -2.2800682 -2.3057076 -2.3315042 -2.3402046 -2.331874 -2.2661606 -2.2035293 -2.1622805 -2.1152932 -2.0391206 -1.9616715 -1.8671584 -1.7643669 -1.607275 -1.4579635 -1.3236499 -1.2008745 -1.1045577 -1.0404877 -1.0106403 -1.0103071 -1.0521982 -1.1203606 -1.2178633 -1.3291345 -1.4518279 -1.5769539 -1.7099611 -1.8179539 -1.9163487 -1.9759205 -2.0276605 -2.0353768 -2.0455472 -2.0023502 -1.9639752 -1.8777282 -1.7977391 -1.7087204 -1.6229934
-2.0887981 -2.1285267 -2.1533996 -2.1551061 -2.1361553 -2.1289101 -2.1189609 -2.1114311 -2.1066934 -2.1053889 -2.1103635 -2.125886 -2.1507588 -2.1748102 -2.2046577 -2.2240866 -2.2638832 -2.2974595 -2.3173578 -2.3302651 -2.3352397 -2.3171743 -2.2475302 -2.2022467 -2.1574755 -2.0908511 -2.0112579 -1.9264613 -1.8269698 -1.7018524 -1.5447605 -1.3966881 -1.2623745 -1.1443084 -1.0552896 -0.99245873 -0.96261127 -0.96227809 -1.0041693 -1.0698534 -1.1641085 -1.2695258 -1.3889156 -1.5032872 -1.6289607 -1.7335191 -1.8277743 -1.8823843 -1.9290443 -1.9352174 -1.9333368 -1.8883011 -1.8410404 -1.7526035 -1.6652754 -1.5762566 -1.4930079
-2.1086677 -2.1500446 -2.1848667 -2.1920303 -2.2015057 -2.2017652 -2.191816 -2.1842862 -2.1795485 -2.178244 -2.1970047 -2.2186106 -2.2343944 -2.2542885 -2.2796423 -2.2932736 -2.2833245 -2.3040827 -2.315197 -2.3236419 -2.3242754 -2.3039279 -2.2943478 -2.2817249 -2.2157566 -2.1366506 -2.0321845 -1.9397077 -1.8029765 -1.6554901 -1.5028127 -1.356949 -1.2271715 -1.1111924 -1.0270075 -0.96596598 -0.93611852 -0.93575205 -0.96717042 -1.0286459 -1.1071919 -1.2074954 -1.3119615 -1.4165799 -1.5229897 -1.6234036 -1.7019496 -1.7546894 -1.7965806 -1.7980995 -1.7876267 -1.7453909 -1.7019535 -1.6170898 -1.5328116 -1.4523364 -1.3737905
-2.1279239 -2.1890843 -2.2269536 -2.2469433 -2.2584143 -2.2635239 -2.2557001 -2.2481702 -2.2434325 -2.245645 -2.2628163 -2.2810069 -2.2935952 -2.3018834 -2.3210988 -2.3299124 -2.3113245 -2.3060406 -2.3130593 -2.3169915 -2.311029 -2.311029 -2.309202 -2.2824224 -2.2127783 -2.1336724 -2.0292063 -1.9156342 -1.7745562 -1.6310172 -1.4855011 -1.3430357 -1.2164831 -1.1022391 -1.0169998 -0.95083229 -0.91859678 -0.90964629 -0.93640231 -0.98095628 -1.0520687 -1.1312346 -1.2279977 -1.3204306 -1.419402 -1.4959765 -1.5716235 -1.6142417 -1.6551458 -1.6523893 -1.6419165 -1.6018184 -1.5592991 -1.493597 -1.4163572 -1.3510611 -1.2856819
-2.1533724 -2.2244176 -2.2691888 -2.2960781 -2.3102911 -2.3165094 -2.3115348 -2.3055615 -2.3008238 -2.3019276 -2.3168513 -2.3283598 -2.3333344 -2.3371877 -2.3521115 -2.3519703 -2.3270975 -2.3104464 -2.315421 -2.3136654 -2.3037163 -2.2937671 -2.283818 -2.2570383 -2.1873943 -2.109397 -2.0049309 -1.8935763 -1.7542881 -1.6155824 -1.4741997 -1.3408473 -1.2164829 -1.1038301 -1.0148114 -0.94864388 -0.91382185 -0.89750861 -0.91845419 -0.95335483 -1.0109552 -1.0771404 -1.1567336 -1.2332205 -1.3170028 -1.3833823 -1.4462191 -1.4828866 -1.514305 -1.5100053 -1.4995325 -1.4627604 -1.4209756 -1.3638755 -1.3104442 -1.2528438 -1.208479
-2.1864883 -2.2612399 -2.3155512 -2.3424404 -2.3566535 -2.3641232 -2.3641232 -2.3574564 -2.347981 -2.3476401 -2.3575893 -2.3680989 -2.3686594 -2.3686594 -2.3686594 -2.3642222 -2.3294002 -2.31 -2.31 -2.3062512 -2.2863529 -2.2738976 -2.2639484 -2.2371688 -2.1675247 -2.0897704 -1.9902789 -1.8807142 -1.7513752 -1.6157895 -1.4796432 -1.3486514 -1.2342361 -1.1236997 -1.0393843 -0.97414788 -0.93435127 -0.91319565 -0.91319565 -0.94065795 -0.97783924 -1.0366796 -1.0971249 -1.1639233 -1.2242782 -1.2834262 -1.3336249 -1.3645259 -1.3884644 -1.3841647 -1.3736919 -1.3484064 -1.3150045 -1.2763134 -1.2313521 -1.2051701 -1.1719628
-2.2176874 -2.2943559 -2.3490762 -2.3800926 -2.386845 -2.3843551 -2.3843551 -2.3799564 -2.370481 -2.367872 -2.3745568 -2.3712899 -2.3692153 -2.3625797 -2.3615933 -2.350195 -2.3208712 -2.2969348 -2.2951653 -2.2822077 -2.2623094 -2.2453179 -2.2330196 -2.1955238 -2.1273441 -2.0595391 -1.9660543 -1.8587577 -1.7338322 -1.6288547 -1.4954302 -1.3770499 -1.2636635 -1.1627246 -1.0789422 -1.0137058 -0.97248213 -0.94613043 -0.94263884 -0.95581012 -0.98137196 -1.0209839 -1.0670314 -1.1038856 -1.1575599 -1.2081219 -1.2428069 -1.2649969 -1.282359 -1.2757444 -1.2693278 -1.2443412 -1.235164 -1.1967368 -1.1780043 -1.1556449 -1.1539991
-2.2498647 -2.3264936 -2.3812139 -2.4011406 -2.396403 -2.393913 -2.393913 -2.3895143 -2.380039 -2.3711763 -2.3662017 -2.3595195 -2.3495704 -2.3393215 -2.3343469 -2.3219703 -2.2970975 -2.2759116 -2.2659624 -2.2520265 -2.2321282 -2.2107765 -2.1859036 -2.151213 -2.0915181 -2.0266478 -1.9371054 -1.8491969 -1.75468 -1.6556064 -1.5351693 -1.4224013 -1.3129606 -1.2120217 -1.1282393 -1.0609055 -1.0161343 -0.98351743 -0.97304464 -0.97014554 -0.98061833 -1.0006043 -1.0304517 -1.0633928 -1.105284 -1.1356394 -1.1618214 -1.1790411 -1.1947503 -1.1935787 -1.1883423 -1.1850624 -1.1801836 -1.1667803 -1.1578261 -1.1578261 -1.1673443
-2.2896039 -2.3622655 -2.4077066 -2.4276334 -2.4228957 -2.4204058 -2.4204058 -2.4160071 -2.4065317 -2.3968888 -2.3869397 -2.3793891 -2.3651563 -2.3518893 -2.3419402 -2.3279659 -2.2981184 -2.2753347 -2.260411 -2.2448774 -2.2200045 -2.1975302 -2.1726573 -2.1379666 -2.0782717 -2.0145217 -1.939903 -1.8567879 -1.7771947 -1.6827742 -1.5728099 -1.4650239 -1.3754816 -1.2782536 -1.1990441 -1.1326414 -1.0828956 -1.0473972 -1.0264516 -1.0181845 -1.0137343 -1.0297869 -1.0503213 -1.0749899 -1.0986608 -1.1264753 -1.148575 -1.162781 -1.1748808 -1.1771957 -1.1750959 -1.1797347 -1.1801836 -1.1857109 -1.185098 -1.2060436 -1.2223326
-2.3221007 -2.3947624 -2.4395336 -2.4553332 -2.448559 -2.441219 -2.4390528 -2.4346541 -2.4251787 -2.4155358 -2.4055867 -2.3939299 -2.3790062 -2.3640825 -2.3512637 -2.3332849 -2.3005169 -2.2737797 -2.2558846 -2.2379524 -2.2130795 -2.1882067 -2.1633338 -2.1314482 -2.078001 -2.0169544 -1.9486851 -1.8766682 -1.8067516 -1.7234742 -1.6231417 -1.5235511 -1.4396633 -1.3537645 -1.2782143 -1.219966 -1.1726492 -1.1325979 -1.1092803 -1.0883347 -1.0774005 -1.0782089 -1.0933627 -1.1108239 -1.1302895 -1.1441967 -1.1631279 -1.1760895 -1.1865623 -1.1925704 -1.192632 -1.2066223 -1.2124192 -1.2309749 -1.2423023 -1.2699546 -1.2974836
-2.3478289 -2.4166568 -2.461428 -2.4729407 -2.4634653 -2.4424949 -2.4375203 -2.4304564 -2.420981 -2.4113381 -2.401389 -2.4306235 -2.4156998 -2.3977471 -2.3828233 -2.334215 -2.299393 -2.2692362 -2.2493379 -2.2294498 -2.2045769 -2.1797041 -2.1548312 -2.1062862 -2.0565404 -2.0140415 -1.950186 -1.8855165 -1.820847 -1.7623738 -1.6681186 -1.586444 -1.5068508 -1.4356182 -1.367545 -1.3062678 -1.2614966 -1.2274023 -1.2012203 -1.1776654 -1.1567199 -1.1541478 -1.1591224 -1.1657986 -1.1815078 -1.1936978 -1.2044406 -1.2161579 -1.2258878 -1.2311242 -1.2375762 -1.2529866 -1.2643649 -1.2864741 -1.3106688 -1.3420872 -1.3767973
-2.347938 -2.4155572 -2.4553538 -2.4581268 -2.4060122 -2.376263 -2.3712884 -2.3642245 -2.3547491 -2.3451062 -2.4666669 -2.5432177 -2.5186542 -2.4970949 -2.4726331 -2.4188534 -2.3044382 -2.2493666 -2.2341357 -2.2162035 -2.1913306 -2.1664577 -2.0913627 -2.0201847 -1.9839834 -1.9478096 -1.908013 -1.8524006 -1.827449 -1.7888665 -1.7180607 -1.6460527 -1.5808937 -1.5150964 -1.436805 -1.37297 -1.3381479 -1.3068805 -1.2806986 -1.2586733 -1.2482005 -1.2457899 -1.2457899 -1.2488362 -1.2543628 -1.2682097 -1.2839189 -1.2935065 -1.2987429 -1.3065817 -1.3170545 -1.3232391 -1.3239736 -1.3460828 -1.3702775 -1.4016959 -1.4364059
-2.3516626 -2.4107331 -2.4487307 -2.4347428 -2.3826282 -2.3552391 -2.3526653 -2.3456013 -2.3361259 -2.3722034 -2.4935654 -2.566701 -2.5432712 -2.5217161 -2.4968432 -2.4430636 -2.3286483 -2.2453347 -2.230411 -2.2139831 -2.1923668 -2.1515066 -2.0731022 -2.012509 -1.9844036 -1.9495816 -1.9131942 -1.8838043 -1.8777461 -1.8483741 -1.7871912 -1.725378 -1.6698937 -1.6006263 -1.5238127 -1.4667308 -1.4319088 -1.4006414 -1.3744594 -1.3561588 -1.345686 -1.3384681 -1.3366522 -1.3366522 -1.3401741 -1.3489297 -1.3633972 -1.3711224 -1.3763588 -1.3815952 -1.3917719 -1.3923696 -1.3929204 -1.4104524 -1.4346471 -1.4660654 -1.5090048
