P2_models/J1_p2_vp_slide_diff2_200.dat.tif
NCOLS 118
NROWS 92
XLLCORNER 139.62
YLLCORNER -39.07
DX 0.099491525
DY 0.099347826
NODATA_VALUE -9999
[rows 23 to 45 of 92, columns 0 to 52 of 118]
-9999 0.096163074 0.09953151 0.10943499 0.11933848 0.12924196 0.13914545 0.14430309 0.14398341 0.13795932 0.13169625 0.12543317 0.1191701 0.11345755 0.10884744 0.10423734 0.099627231 0.095017125 0.090915819 0.087745596 0.086396491 0.081662632 0.076198889 0.070735146 0.065271403 0.060392272 0.057080048 0.053767823 0.050455598 0.047143374 0.036241019 0.028015588 0.028684542 0.029085323 0.029451755 0.029818188 0.03018462 0.029378403 0.026894546 0.026446952 0.026038865 0.025630778 0.025222692 0.026225994 0.028243927 0.030261859 0.032279792 0.03381544 0.033967121 0.031453495 0.028031638 0.024108119 0.020184599
-9999 0.089981662 0.099885146 0.10978863 0.11969212 0.1295956 0.13949908 0.14313648 0.1368734 0.13061033 0.12434726 0.11808418 0.11182111 0.10610856 0.10149845 0.096888345 0.092278239 0.087668134 0.083058028 0.079166747 0.073703004 0.068239261 0.062775518 0.057311775 0.051848032 0.046968901 0.043656677 0.040344452 0.037032227 0.033720003 0.030407778 0.026492329 0.026858761 0.027225193 0.027591626 0.027958058 0.02832449 0.027960886 0.027552799 0.027144712 0.026736625 0.026328538 0.025920452 0.026923754 0.028941687 0.030959619 0.032977552 0.034995484 0.036924938 0.03378358 0.029860061 0.025936542 0.022013022
-9999 0.082019627 0.091923112 0.1018266 0.11173008 0.12163356 0.13340574 0.14208304 0.14181433 0.13555125 0.12928818 0.12302511 0.11676203 0.10979552 0.10241174 0.097801633 0.093191527 0.088581421 0.083971316 0.079103083 0.07363934 0.068175597 0.062711854 0.057248111 0.051585181 0.045293187 0.039144093 0.035831869 0.032519644 0.029207419 0.025895195 0.023839479 0.024205911 0.024572344 0.024938776 0.025305208 0.022027237 0.017625434 0.017490031 0.017081944 0.016673858 0.016265771 0.015857684 0.018560668 0.02184794 0.023865873 0.025883805 0.027901738 0.02991967 0.037817845 0.035765788 0.031842268 0.027918749
-9999 0.072463846 0.082367331 0.092270815 0.1021743 0.11494891 0.12823902 0.13691632 0.14026983 0.14284761 0.13658454 0.13032147 0.12405839 0.11709188 0.10871668 0.10034148 0.095688328 0.091078222 0.086468117 0.081599884 0.076136141 0.070672398 0.065208655 0.059385448 0.053338353 0.047046359 0.040097972 0.033149585 0.029714865 0.02640264 0.023090415 0.021034699 0.021401132 0.021767564 0.022133997 0.016861972 0.0093625028 0.0049606999 0.0049905473 0.0049568593 0.0045487726 0.0041406858 0.003732599 0.0064355825 0.011375075 0.015278838 0.017296771 0.019314703 0.021332636 0.029230811 0.038145251 0.038529434 0.034605914
-9999 0.062908065 0.072811549 0.083201966 0.096492076 0.10978219 0.1230723 0.13174959 0.13510311 0.13845663 0.14181014 0.13761782 0.13135475 0.12438824 0.11601304 0.10763784 0.099262646 0.093575024 0.088964918 0.084096685 0.078632942 0.073169199 0.067185715 0.06113862 0.055091525 0.048799531 0.041851144 0.034902757 0.02795437 0.02359786 0.020285636 0.01822992 0.018596352 0.018962785 0.011696706 0.0041972376 -0.0033022312 -0.0077040342 -0.0076741867 -0.0076443393 -0.0076144918 -0.0079843993 -0.0083924861 -0.0056895026 -0.00075001015 0.0041894823 0.0087097366 0.010727669 0.012745602 0.020643777 0.029558217 0.038472658 0.04129308
-9999 0.053352284 0.064745134 0.078035245 0.091325355 0.10461547 0.11790558 0.12658287 0.12993639 0.13328991 0.13664342 0.13999694 0.13865111 0.13168459 0.1233094 0.1149342 0.106559 0.098183807 0.091461719 0.086593486 0.081033077 0.074985982 0.068938887 0.062891792 0.056844698 0.050552703 0.043604316 0.036655929 0.029707542 0.022759155 0.017480856 0.015425141 0.01403091 0.0065314412 -0.00096802762 -0.0084674965 -0.015966965 -0.020368768 -0.020338921 -0.020309073 -0.020279226 -0.020249378 -0.020517571 -0.017814588 -0.012875095 -0.0079356028 -0.0029961104 0.001943382 0.0041585673 0.012056742 0.020971183 0.029885624 0.038800064
-9999 0.046649524 0.059939635 0.073229745 0.086519856 0.099809967 0.11310008 0.12035877 0.12371229 0.1270658 0.13041932 0.13377284 0.13712635 0.13690891 0.12853372 0.12015852 0.11178332 0.10340813 0.095032929 0.087361715 0.08131462 0.075267525 0.06922043 0.063173335 0.057126241 0.051012098 0.044063711 0.037115324 0.030166937 0.02321855 0.016270163 0.0091335447 0.0016340759 -0.005865393 -0.013364862 -0.020864331 -0.028363799 -0.029866968 -0.02983712 -0.029807273 -0.029777425 -0.029747578 -0.02971773 -0.028198564 -0.023259072 -0.018319579 -0.013380087 -0.0084405944 -0.003501102 0.0037594273 0.012673868 0.021588309 0.030502749
-9999 0.044817719 0.05810783 0.071397941 0.084688051 0.097978162 0.099961094 0.10304873 0.10878348 0.112137 0.11549051 0.11884403 0.12219755 0.12245355 0.11650661 0.10832514 0.099949939 0.091574742 0.083199546 0.075528332 0.069481237 0.063434142 0.057387047 0.051339952 0.049232715 0.045897832 0.034406392 0.026923928 0.019975541 0.013027154 0.0060787673 -0.0010578512 -0.0085573201 -0.016056789 -0.023556258 -0.031055727 -0.035668857 -0.030522837 -0.013267382 -0.013237535 -0.013207687 -0.01317784 -0.013147993 -0.016324671 -0.019309679 -0.014370186 -0.0094306937 -0.0044912013 0.00044829115 0.0017096954 0.0067616155 0.015676056 0.024590497
-9999 0.042985915 0.056276025 0.069566136 0.080387942 0.081122874 0.081857807 0.084945446 0.090748412 0.096551377 0.10056171 0.10391522 0.10726874 0.10752474 0.1015778 0.095630864 0.088116556 0.079741359 0.071366163 0.063694949 0.057647854 0.051600759 0.045553664 0.045027739 0.044736063 0.04140118 0.02990974 0.018418301 0.0097841452 0.0028357583 -0.0041126287 -0.011249247 -0.018748716 -0.026248185 -0.033552275 -0.037446946 -0.041341618 -0.036195598 -0.018115586 -3.5574639e-05 0.0033620503 0.0033918978 0.0034217452 0.0002450671 -0.0052367414 -0.010420793 -0.0054813005 -0.00054180811 0.0043976843 0.0056590885 0.0062848192 0.0097638036 0.018678244
-9999 0.04115411 0.05444422 0.061549722 0.062284654 0.063019586 0.063754519 0.066842158 0.072645124 0.07844809 0.084251055 0.088986415 0.092339932 0.092595937 0.086648997 0.080702057 0.074755117 0.067907976 0.05953278 0.051861566 0.045814471 0.041114439 0.040822763 0.040531087 0.040239411 0.036904529 0.025413089 0.013921649 0.0024302091 -0.0073556376 -0.014304025 -0.021440643 -0.028940112 -0.035330364 -0.039225036 -0.043119707 -0.047014379 -0.041868359 -0.023788347 -0.0057083355 0.012371676 0.019961635 0.019991483 0.016814805 0.011332996 0.0058511878 0.00036937933 0.003407585 0.0083470775 0.0096084817 0.010234212 0.010859943 0.012765992
-9999 0.039322305 0.042711501 0.043446434 0.044181366 0.044916299 0.045651231 0.048738871 0.054541836 0.060344802 0.066147767 0.071950733 0.077411124 0.07766713 0.071720189 0.065773249 0.059826309 0.053879369 0.047699397 0.040028183 0.036909463 0.036617787 0.036326111 0.036034435 0.035742759 0.032407877 0.020916437 0.0094249972 -0.0020664426 -0.013557882 -0.024495421 -0.031632039 -0.037108453 -0.041003125 -0.044897797 -0.048792468 -0.05268714 -0.04754112 -0.029461108 -0.011381096 0.0066989153 0.024778927 0.036561221 0.033384543 0.027902734 0.022420926 0.016939117 0.011457309 0.012296471 0.013557875 0.014183605 0.014809336 0.015435067
-9999 0.0253559 0.026090832 0.026825765 0.027560697 0.02829563 0.029030562 0.035727556 0.041405977 0.047208942 0.053011908 0.058814874 0.064617839 0.069812615 0.065439397 0.059492457 0.053545517 0.047598577 0.041651637 0.037414764 0.037123088 0.036831412 0.036539736 0.03624806 0.035956384 0.027775806 0.015783865 0.0042924256 -0.0071990142 -0.018690454 -0.030181894 -0.039078526 -0.042973198 -0.046867869 -0.050762541 -0.054657213 -0.058551884 -0.055935659 -0.03905213 -0.020972118 -0.0028921064 0.015187905 0.033267917 0.039901823 0.034420014 0.028938206 0.023456397 0.017974589 0.01249278 0.013786741 0.014412471 0.015038202 0.015663933
-9999 0.011180477 0.011915409 0.012650342 0.013385274 0.017138045 0.028343564 0.035416986 0.037721438 0.04226574 0.048068706 0.053871671 0.059674637 0.064869413 0.068846255 0.067474623 0.061527683 0.055580743 0.049633802 0.045396929 0.045105253 0.044813577 0.044521901 0.043667522 0.034826042 0.02462216 0.0107667 -0.0018889529 -0.013380393 -0.024871833 -0.036363272 -0.045259905 -0.049154576 -0.053049248 -0.05694392 -0.058956155 -0.052131205 -0.048387816 -0.049053037 -0.037025431 -0.018945419 -0.00086540759 0.017214604 0.024404009 0.023764296 0.018876215 0.013394406 0.0079125975 0.002430789 0.0050705954 0.0085051632 0.0091308938 0.0097566245
-9999 -0.0029949462 -0.0022600138 -0.0015250813 0.0056219568 0.016827475 0.028032994 0.035106416 0.037410868 0.03971532 0.043125503 0.048928469 0.054731435 0.059926211 0.063903053 0.067879895 0.069509849 0.063562908 0.057615968 0.053379095 0.053087419 0.052795743 0.049355357 0.040513876 0.031672396 0.021468514 0.0076130548 -0.0062424048 -0.019561771 -0.031053211 -0.042544651 -0.051441283 -0.055335955 -0.059230627 -0.058233262 -0.051408312 -0.044583362 -0.040839973 -0.041505194 -0.042170415 -0.034998732 -0.01691872 0.0011612912 0.0083506965 0.0077109834 0.0070712703 0.003332415 -0.0021493935 -0.007631202 -0.0049913956 -0.0009479534 0.0030954888 0.0038493163
-9999 -0.017170369 -0.016435437 -0.0058941316 0.0053113869 0.016516905 0.027722424 0.034795846 0.037100298 0.03940475 0.041709202 0.044013654 0.049788232 0.054983009 0.058959851 0.062936693 0.066913535 0.070890377 0.065598134 0.061361261 0.061069585 0.055043191 0.046201711 0.037360231 0.028518751 0.018314869 0.0044594093 -0.0093960504 -0.02325151 -0.03710697 -0.048726029 -0.057622662 -0.061517333 -0.057510369 -0.050685419 -0.043860469 -0.037035519 -0.03329213 -0.033957351 -0.034622572 -0.035287793 -0.032972033 -0.014892022 -0.0077026164 -0.0083423295 -0.0089820425 -0.0096217556 -0.012211385 -0.017693193 -0.015053387 -0.011009944 -0.0069665022 -0.00292306
-9999 -0.028615739 -0.01741022 -0.0062047016 0.0050008169 0.016206335 0.027411854 0.034485276 0.036789728 0.03909418 0.041398632 0.043703084 0.046007536 0.050039806 0.054016648 0.05799349 0.061970333 0.065947175 0.069924017 0.069343427 0.060731026 0.051889546 0.043048066 0.034206585 0.025365105 0.015161223 0.0013057637 -0.012549696 -0.026405156 -0.040260615 -0.054116075 -0.063612426 -0.056787476 -0.049962526 -0.043137576 -0.036312626 -0.029487676 -0.025744287 -0.026409508 -0.027074729 -0.02773995 -0.028405171 -0.029070392 -0.023755929 -0.024395642 -0.025035355 -0.025675068 -0.026314781 -0.027755184 -0.025115378 -0.021071935 -0.017028493 -0.012985051
-9999 -0.02513285 -0.013927332 -0.0027218133 0.0084837051 0.019689224 0.025642528 0.026514035 0.028818487 0.031122939 0.033427391 0.035731843 0.040138032 0.04400523 0.041561414 0.045538256 0.049515099 0.053491941 0.057468783 0.057569556 0.048728076 0.039886596 0.031045116 0.022203635 0.014420806 0.010009186 0.002826117 -0.011029343 -0.024884802 -0.038740262 -0.052595722 -0.05938743 -0.05256248 -0.04573753 -0.03891258 -0.03208763 -0.025216326 -0.021398894 -0.022064115 -0.022729336 -0.023394557 -0.024059778 -0.026102167 -0.027486844 -0.027909805 -0.028549518 -0.029189231 -0.029828944 -0.030468657 -0.027115322 -0.02307188 -0.019028437 -0.014984995
-9999 -0.020366962 -0.0091614438 0.0020440747 0.013249593 0.015450418 0.015080342 0.015951849 0.018256301 0.020560753 0.022865205 0.029383658 0.038203989 0.042071187 0.036019449 0.03054235 0.034519192 0.038496034 0.042472876 0.04257365 0.03373217 0.024890689 0.016049209 0.0095733011 0.0050527378 0.00064111806 -0.0034785056 -0.0079281787 -0.021783638 -0.035639098 -0.049494558 -0.056286266 -0.049461316 -0.042636366 -0.035811416 -0.028904793 -0.021954046 -0.018136614 -0.018801835 -0.019467056 -0.020132277 -0.022857298 -0.026157673 -0.027542349 -0.027549854 -0.027822767 -0.02846248 -0.029102193 -0.029741906 -0.026388571 -0.022345129 -0.018301687 -0.018947849
-9999 -0.015601074 -0.0043955558 0.0056283843 0.0052583084 0.0048882325 0.0045181567 0.0053896632 0.0076941153 0.0099985674 0.018629283 0.027449615 0.036269946 0.040137144 0.034085406 0.028033668 0.021981931 0.023500128 0.02747697 0.027577744 0.018736263 0.009894783 0.0047257963 0.000205233 -0.0043153303 -0.00872695 -0.012846574 -0.016966197 -0.021085821 -0.032537934 -0.046393394 -0.053185102 -0.046360152 -0.039535202 -0.032593261 -0.025642513 -0.018691765 -0.014874334 -0.015539555 -0.016312056 -0.01961243 -0.022912804 -0.026213178 -0.027597854 -0.027605359 -0.027612865 -0.027735729 -0.028375442 -0.029015155 -0.02566182 -0.021618378 -0.025169939 -0.034600315
-9999 -0.010835186 -0.0045637256 -0.0049338015 -0.0053038773 -0.0056739532 -0.006044029 -0.0051725225 -0.00094542248 0.007874909 0.01669524 0.025515572 0.034335903 0.038203101 0.032151363 0.026099625 0.020047888 0.01399615 0.012481063 0.012581837 0.0043988548 -0.0001217085 -0.0046422718 -0.0091628351 -0.013683398 -0.018095018 -0.022214642 -0.026334265 -0.030453889 -0.034573513 -0.04329223 -0.050083938 -0.043232476 -0.036281729 -0.029330981 -0.022380233 -0.015429485 -0.011612053 -0.013067187 -0.016367561 -0.019667935 -0.022968309 -0.026268683 -0.027653359 -0.027660865 -0.02766837 -0.027675876 -0.027683381 -0.028288404 -0.024935069 -0.03139203 -0.040822405 -0.050252781
-9999 -0.012559832 -0.012929908 -0.013299984 -0.01367006 -0.014040136 -0.014410212 -0.011327458 -0.0025071264 0.0063132051 0.015133537 0.023953868 0.032774199 0.037169914 0.031118176 0.025066438 0.0190147 0.012962962 0.0069112245 0.0013224909 -0.0031980724 -0.0077186356 -0.012239199 -0.016759762 -0.021280325 -0.024655921 -0.028775545 -0.032895168 -0.037014792 -0.041134416 -0.045254039 -0.045592386 -0.038641638 -0.031690891 -0.024740143 -0.017789395 -0.010838647 -0.008845817 -0.012146191 -0.015446565 -0.018746939 -0.022047313 -0.025347687 -0.027785809 -0.027793314 -0.02780082 -0.027808325 -0.027815831 -0.027823336 -0.035636736 -0.045067111 -0.054497486 -0.063927862
-9999 -0.0043636368 -0.0047337126 -0.0051037885 -0.0054738643 -0.0058439402 -0.0062540267 -0.0048501995 -0.0012606283 0.0075597032 0.016380035 0.025200366 0.034020698 0.039067412 0.036557241 0.030827555 0.024775817 0.018724079 0.012672342 0.0070836079 0.0025630447 -0.0019575186 -0.0064780819 -0.010998645 -0.021683306 -0.028180978 -0.016230191 -0.018284274 -0.022403897 -0.026523521 -0.030643145 -0.030981492 -0.024030744 -0.017079996 -0.010129248 -0.0031785005 0.00054387404 0.00048893546 -0.003860371 -0.007160745 -0.010461119 -0.013761493 -0.017061867 -0.022769468 -0.028506082 -0.028513587 -0.028521093 -0.028528598 -0.028536104 -0.03517959 -0.043828645 -0.053259021 -0.062689396
-9999 0.0038325589 0.003462483 0.0030924072 0.0027132081 0.0022992581 0.0018853082 0.0032891353 0.0067909108 0.010292686 0.017626533 0.026446864 0.035267196 0.04031391 0.037803739 0.035293568 0.030536934 0.024485196 0.018433459 0.012844725 0.0083241617 0.0038035984 -0.00071696486 -0.013835987 -0.027216769 -0.03371444 -0.021763653 -0.0098128661 -0.0077930028 -0.011912626 -0.01603225 -0.016370597 -0.0094198493 -0.0024691015 0.0042224295 0.0071957084 0.010168987 0.010114049 0.0057268156 0.0013395824 -0.002175299 -0.005475673 -0.0087760471 -0.014483648 -0.021921774 -0.029226355 -0.029233861 -0.029241366 -0.029248872 -0.035892358 -0.043682722 -0.052020555 -0.06145093
