P2_models/J1_p2_vp_slide_diff_260.dat.tif
NCOLS 118
NROWS 92
XLLCORNER 139.62
YLLCORNER -39.07
DX 0.099491525
DY 0.099347826
NODATA_VALUE -9999
[rows 27 to 53 of 92, columns 0 to 59 of 118]
-9999 8.408892 8.4135579 8.4179009 8.420322 8.4227431 8.4251641 8.4271124 8.4285149 8.4299174 8.4313199 8.4292814 8.4262986 8.4233472 8.4204588 8.4175704 8.414682 8.4122395 8.4099757 8.408625 8.4093808 8.4101367 8.4088395 8.4072911 8.4057427 8.404732 8.4051629 8.4055937 8.4060246 8.3987688 8.3884159 8.3839068 8.3906624 8.397418 8.3938461 8.3899583 8.3860706 8.3853657 8.3892145 8.3930633 8.3969121 8.3978246 8.3984567 8.3911588 8.3781602 8.3651615 8.3527287 8.3436728 8.334617 8.3375723 8.3426033 8.3476344 8.3558808 8.3676855 8.377058 8.3780056 8.3789533 8.3799009 8.3714585 8.3613077
-9999 8.4067632 8.4104419 8.4128629 8.415284 8.4177051 8.4201262 8.4220744 8.4234769 8.4248794 8.4262819 8.4276844 8.4269439 8.4239926 8.4211042 8.4182158 8.4153274 8.412439 8.4098248 8.4084741 8.4088481 8.4072997 8.4057513 8.4042028 8.4026544 8.4016438 8.4020747 8.4025055 8.4029364 8.4033672 8.3988451 8.3943359 8.3987092 8.3948215 8.3909337 8.387046 8.3831582 8.3824534 8.3863021 8.3901509 8.3939997 8.3978485 8.3995081 8.3922102 8.3792116 8.3662129 8.3532143 8.3402156 8.3308936 8.3338488 8.3388799 8.343911 8.348942 8.355903 8.3652755 8.3662232 8.3671708 8.3681185 8.3690661 8.3627299
-9999 8.4027492 8.4051702 8.4075913 8.4100124 8.4124334 8.4148545 8.4171823 8.4185848 8.4199873 8.4213898 8.4227923 8.4241948 8.4243247 8.4214363 8.4185479 8.4156595 8.4127711 8.4098827 8.4073995 8.4058511 8.4043027 8.4027542 8.4012058 8.3996574 8.3982176 8.3986484 8.3990793 8.3995101 8.399941 8.4003718 8.3993276 8.3954398 8.3915521 8.3876643 8.3837766 8.3798888 8.3789379 8.3827867 8.3866354 8.3904842 8.394333 8.3981818 8.3941039 8.3811053 8.3681066 8.3551079 8.3421093 8.3291106 8.3298843 8.3349153 8.3399464 8.3449775 8.3500086 8.3547117 8.3556594 8.356607 8.3575547 8.3585023 8.35945
-9999 8.3955541 8.3979751 8.4003962 8.4028173 8.4052383 8.4126696 8.416271 8.4148937 8.4162962 8.4176987 8.4191012 8.4205037 8.4208547 8.4190998 8.4163018 8.4134134 8.410525 8.4076366 8.4051534 8.403605 8.4020565 8.4005081 8.3989597 8.3972934 8.3953459 8.3927909 8.3928707 8.3933015 8.3937324 8.3941632 8.393119 8.3892312 8.3853435 8.3814557 8.3775679 8.3808006 8.3808498 8.3743062 8.3781549 8.3820037 8.3858525 8.3897013 8.3920635 8.3899328 8.3769342 8.3639355 8.3509369 8.3379382 8.3297224 8.3289657 8.3339967 8.3390278 8.3440589 8.3491953 8.3546969 8.3560754 8.3570231 8.3579707 8.3589184
-9999 8.388359 8.39078 8.3932011 8.3967159 8.4047001 8.4126844 8.4162858 8.4148288 8.4133719 8.4140076 8.4154101 8.4168126 8.4171636 8.4154087 8.4136538 8.4111673 8.4082789 8.4053905 8.4029073 8.4013589 8.3998104 8.398262 8.3965483 8.3948276 8.3928802 8.3903251 8.38777 8.3870929 8.3875238 8.3879546 8.3869104 8.3830226 8.3791349 8.3757291 8.3807342 8.3857393 8.3857884 8.3787473 8.3717062 8.3735232 8.377372 8.3812208 8.383583 8.3848766 8.3857618 8.3727631 8.3597645 8.3467658 8.33855 8.3311608 8.3280471 8.3330781 8.3381092 8.3432457 8.3487472 8.3542487 8.3564914 8.3574391 8.3583868
-9999 8.3811638 8.3835849 8.3887464 8.3967307 8.4047149 8.4126992 8.4163006 8.4148436 8.4133867 8.4119297 8.411719 8.4131215 8.4134725 8.4117176 8.4099627 8.4082079 8.4060328 8.4031444 8.4006612 8.3991128 8.397524 8.3958033 8.3940826 8.3923619 8.3904145 8.3878594 8.3853043 8.3827492 8.3813152 8.381746 8.3807018 8.376814 8.3756626 8.3806677 8.3856728 8.3906779 8.3907271 8.383686 8.3766449 8.3696038 8.3688915 8.3727403 8.3751025 8.3763961 8.3776896 8.3789832 8.368592 8.3555934 8.3473776 8.3399884 8.3325992 8.3271285 8.3321596 8.337296 8.3427975 8.3482991 8.3538006 8.3569075 8.3578551
-9999 8.3739687 8.3807769 8.3887612 8.3967455 8.4047297 8.412714 8.4163154 8.4148584 8.4134015 8.4119445 8.4104875 8.4094304 8.4097814 8.4080265 8.4062717 8.4045168 8.4027619 8.4008983 8.3984151 8.396779 8.3950583 8.3933376 8.3916169 8.3898962 8.3879487 8.3853937 8.3828386 8.3802835 8.3777284 8.3755374 8.3744932 8.3755962 8.3806013 8.3856064 8.3906115 8.3956166 8.3956657 8.3886246 8.3815835 8.3745425 8.3675014 8.3642598 8.366622 8.3679156 8.3692091 8.3705027 8.3717963 8.364421 8.3562052 8.348816 8.3414268 8.3340376 8.3266484 8.3313463 8.3368479 8.3423494 8.3478509 8.3533525 8.3573235
-9999 8.3712271 8.3792114 8.3871956 8.3951799 8.4031642 8.4111485 8.4173438 8.4158855 8.4144285 8.4129715 8.4115145 8.4100575 8.4106057 8.4098529 8.408098 8.4063431 8.4045883 8.4028334 8.4010889 8.3993682 8.3976475 8.3959268 8.394206 8.3924853 8.3849043 8.3845885 8.3820334 8.3794784 8.3769233 8.3743682 8.3743954 8.3794005 8.3844056 8.3894107 8.3944158 8.3994209 8.401358 8.3953044 8.3882633 8.3812222 8.3741812 8.3671401 8.3589796 8.3602731 8.3615667 8.3628603 8.3641538 8.3654474 8.3648516 8.3574624 8.3500732 8.342684 8.3352948 8.3283782 8.3313481 8.3368496 8.3423511 8.3478526 8.3533542
-9999 8.3670551 8.3750394 8.3830237 8.391008 8.4004981 8.413707 8.4200901 8.4185954 8.4171249 8.4156679 8.4142109 8.412754 8.4133022 8.4178658 8.4190241 8.4172692 8.4155144 8.4137595 8.412015 8.4102943 8.4085736 8.4068529 8.4039932 8.3849675 8.3732911 8.3813132 8.3839671 8.381412 8.3788569 8.3763018 8.3763291 8.3813342 8.3863392 8.3913443 8.3947232 8.3904675 8.3914308 8.3998606 8.3978148 8.3907737 8.3837326 8.3766915 8.367065 8.3555798 8.3553065 8.3566001 8.3578936 8.3591872 8.3633233 8.36581 8.3584208 8.3510316 8.3436424 8.3367258 8.3314466 8.3320917 8.3375932 8.3430947 8.3485963
-9999 8.3628832 8.3708674 8.3788517 8.3900355 8.4032444 8.4164533 8.4228364 8.4213418 8.4198471 8.4183644 8.4169074 8.4154504 8.4159986 8.4205623 8.4251259 8.4281953 8.4264405 8.4246856 8.4229411 8.4212204 8.4194997 8.4114059 8.3923801 8.3733543 8.361678 8.3697001 8.3777221 8.3833456 8.3807905 8.3782354 8.3782627 8.3832678 8.3882729 8.3890517 8.384796 8.3805403 8.3815036 8.3899334 8.3983633 8.4003251 8.393284 8.3862429 8.3766164 8.3651313 8.3536461 8.3503398 8.3516334 8.352927 8.3570631 8.3616905 8.366318 8.3593792 8.35199 8.3450734 8.3397941 8.3345149 8.3328353 8.3383368 8.3438384
-9999 8.3587112 8.3666955 8.3795729 8.3927818 8.4059907 8.4191996 8.4255827 8.4240881 8.4225934 8.4210988 8.4196041 8.4181468 8.418695 8.4232587 8.4278224 8.432386 8.4369497 8.4356117 8.4338672 8.4321465 8.4188185 8.3997928 8.380767 8.3617412 8.3500649 8.358087 8.366109 8.3741311 8.3821531 8.380169 8.3801963 8.3852014 8.3833802 8.3791244 8.3748687 8.370613 8.3715763 8.3800062 8.388436 8.3968659 8.4028355 8.3957944 8.3861678 8.3746827 8.3631975 8.3517124 8.3453732 8.3466668 8.3508029 8.3554303 8.3600578 8.3646852 8.3603375 8.353421 8.3481417 8.3428625 8.3375832 8.3335789 8.3390805
-9999 8.3559015 8.3691104 8.3823193 8.3955281 8.408737 8.4219459 8.4283291 8.4268344 8.4253397 8.4238451 8.4223504 8.4208558 8.4213914 8.4259551 8.4305188 8.4350825 8.4396462 8.4442098 8.4447933 8.4262312 8.4072054 8.3881796 8.3691539 8.3501281 8.3384518 8.3464739 8.3544959 8.362518 8.37054 8.3785621 8.3819643 8.3777086 8.3734529 8.3691972 8.3649415 8.3606858 8.3616491 8.370079 8.3785088 8.3869387 8.3953685 8.4037984 8.3957193 8.3842341 8.372749 8.3612638 8.3497786 8.3404066 8.3445427 8.3491701 8.3537975 8.358425 8.3630524 8.3617686 8.3564893 8.3512101 8.3459308 8.3406515 8.3353723
-9999 8.3606027 8.3738116 8.3870205 8.4002294 8.4134383 8.4216569 8.4221475 8.4206528 8.4191582 8.4176635 8.4161688 8.4145318 8.4134133 8.4153874 8.4199511 8.4245148 8.4290785 8.4336421 8.4310727 8.412047 8.3930212 8.3739954 8.3549697 8.3402438 8.3377773 8.3367914 8.3448135 8.3528355 8.3608576 8.3688796 8.372708 8.3684523 8.3641966 8.3599409 8.3556852 8.3545656 8.3605383 8.3689681 8.377398 8.3858278 8.3942577 8.3986248 8.3951369 8.3853723 8.3738872 8.362402 8.3509168 8.3394317 8.3416847 8.3463122 8.3509396 8.355567 8.3605478 8.3650268 8.3597475 8.3544682 8.349189 8.3439097 8.3414333
-9999 8.3659651 8.379174 8.3923829 8.4055918 8.4102451 8.4124558 8.4129463 8.4114517 8.409957 8.4084624 8.4066822 8.404746 8.4036275 8.4041466 8.4048973 8.409461 8.4140247 8.4185884 8.4160189 8.3969932 8.3779674 8.3589416 8.349524 8.3480482 8.3455817 8.3404601 8.3357841 8.3438061 8.3518282 8.3598502 8.3636786 8.3594229 8.3551672 8.3509115 8.3521813 8.3564365 8.3624093 8.3708391 8.3792689 8.3876988 8.3900521 8.390708 8.3872202 8.3807534 8.3721799 8.3606947 8.3492096 8.3377244 8.3399775 8.3446049 8.3492323 8.3547886 8.3620847 8.3665637 8.3612844 8.3560051 8.3507258 8.349449 8.3497331
-9999 8.3713275 8.3845364 8.3966227 8.3988333 8.401044 8.4032547 8.4037452 8.4022506 8.4007559 8.3988326 8.3968964 8.3949603 8.3938418 8.3943608 8.3948798 8.3953988 8.3989709 8.4035346 8.4009652 8.3819394 8.3629136 8.3588042 8.3573284 8.3558526 8.3533862 8.3482645 8.3431429 8.3380213 8.3427988 8.3508208 8.3546492 8.3503935 8.3461378 8.3497971 8.3540523 8.3583075 8.3642802 8.3727101 8.3808234 8.3814794 8.3821354 8.3827913 8.3793035 8.3728367 8.3663699 8.3589874 8.3475023 8.3360171 8.3382702 8.3428976 8.3490293 8.3563255 8.3636216 8.3681005 8.3628212 8.357542 8.3574648 8.3577489 8.358033
-9999 8.3766899 8.3852109 8.3874215 8.3896322 8.3918429 8.3940535 8.3945441 8.3929192 8.390983 8.3890468 8.3871107 8.3851745 8.384056 8.384575 8.385094 8.3856131 8.3861321 8.3884808 8.3859114 8.3695602 8.3680844 8.3666086 8.3651328 8.363657 8.3611906 8.356069 8.3509473 8.3458257 8.3407041 8.3417914 8.3456198 8.3431577 8.3474129 8.3516681 8.3559233 8.3601785 8.3661512 8.3722508 8.3729067 8.3735627 8.3742186 8.3748746 8.3713867 8.36492 8.3584532 8.3519864 8.3455196 8.3343099 8.3365629 8.3432701 8.3505662 8.3578623 8.3651584 8.3696374 8.3651965 8.3654806 8.3657647 8.3660488 8.3663328
-9999 8.3732902 8.3755009 8.3777116 8.3799222 8.3821329 8.3843436 8.3878165 8.3858803 8.3839442 8.382008 8.3800718 8.3781357 8.3746099 8.3751289 8.3756479 8.376167 8.376686 8.377205 8.3771208 8.375645 8.3741692 8.3726934 8.3712176 8.3697418 8.3672716 8.36215 8.3570284 8.3519067 8.3467851 8.3416635 8.3397447 8.3439999 8.3482551 8.3525103 8.3567655 8.3610207 8.3636907 8.3643467 8.3650026 8.3656586 8.3663145 8.3669705 8.3646519 8.3581851 8.3517184 8.3452516 8.3387848 8.332318 8.3361852 8.3434813 8.3507774 8.3580735 8.3653696 8.3714633 8.3717474 8.3720315 8.3723156 8.3725997 8.3728838
-9999 8.3597423 8.361953 8.3641637 8.3663743 8.368585 8.3728211 8.3830181 8.3995591 8.3976229 8.3956867 8.3937506 8.3918144 8.3853235 8.3697114 8.3687636 8.3692826 8.3698016 8.3703206 8.3702364 8.3687606 8.3672848 8.365809 8.3643333 8.3643093 8.3627789 8.3555092 8.3501114 8.3449898 8.3398682 8.3347466 8.3328278 8.337083 8.3413382 8.3455934 8.3498486 8.3557618 8.3585859 8.3565379 8.3571939 8.3578499 8.3585058 8.3591618 8.3604721 8.3603642 8.3538975 8.3474307 8.3409639 8.3344971 8.3311897 8.3336943 8.3409904 8.3482865 8.3555826 8.3619005 8.3648298 8.3653917 8.3656758 8.3659599 8.3662439
-9999 8.3461945 8.3484051 8.3506158 8.3532883 8.3577199 8.3621515 8.3723486 8.3891997 8.4060508 8.4093654 8.4074293 8.4054931 8.3990022 8.3833901 8.3677781 8.3623982 8.3629172 8.3634362 8.363352 8.3618762 8.3604005 8.3589247 8.3594741 8.3600851 8.3585548 8.351285 8.3440152 8.3380729 8.3329512 8.3278296 8.3259108 8.330166 8.3344212 8.3388096 8.3451075 8.3514055 8.3542296 8.3520839 8.3499381 8.3500411 8.3506971 8.351353 8.3526633 8.3544441 8.3560766 8.3496098 8.343143 8.3366762 8.3333688 8.3306074 8.3312034 8.3384995 8.3457956 8.3521134 8.3550427 8.3579721 8.3590359 8.35932 8.3596041
-9999 8.3326466 8.3348573 8.3381872 8.3426188 8.3470504 8.351482 8.361679 8.3785301 8.3953812 8.4122323 8.421108 8.4191718 8.4126809 8.3970689 8.3814568 8.3658448 8.3560328 8.3565518 8.3564677 8.3549919 8.3540278 8.3546388 8.3552499 8.3558609 8.3543306 8.3470608 8.339791 8.3325212 8.3260343 8.3209127 8.3189939 8.3232491 8.3281553 8.3344533 8.3407512 8.3470492 8.3498733 8.3477276 8.3455818 8.3434361 8.3428883 8.3435443 8.3448546 8.3466353 8.3484161 8.3501968 8.3453221 8.3388553 8.3355479 8.3327865 8.3300251 8.3287124 8.3360085 8.3423264 8.3452557 8.348185 8.3511143 8.3526802 8.3529643
-9999 8.3190987 8.323086 8.3275176 8.3319492 8.3363808 8.3408125 8.3510095 8.3678606 8.3847117 8.4015628 8.4184139 8.4328505 8.4263596 8.4107476 8.3951355 8.3795235 8.3639114 8.3496675 8.3495833 8.3491926 8.3498036 8.3504146 8.3510257 8.3516367 8.3501064 8.3428366 8.3355668 8.328297 8.3210272 8.3139958 8.312077 8.317501 8.323799 8.330097 8.3363949 8.3426929 8.345517 8.3433713 8.3412255 8.3390798 8.336934 8.3357356 8.3370459 8.3388266 8.3406073 8.342388 8.3441688 8.3410344 8.337727 8.3349656 8.3322042 8.3294427 8.3266813 8.3325394 8.3354687 8.338398 8.3413273 8.3442566 8.3463245
-9999 8.3162938 8.3207254 8.325157 8.3295886 8.3340202 8.3384518 8.3416786 8.3585297 8.3753808 8.3922319 8.409083 8.4259341 8.4346937 8.4207342 8.4051221 8.3895101 8.373898 8.358286 8.3475796 8.3481906 8.3488017 8.3494127 8.3500237 8.3506348 8.3488984 8.3418619 8.3345921 8.3273223 8.3200525 8.3127827 8.3101472 8.3164452 8.3227432 8.3290411 8.3353391 8.3416371 8.346215 8.3440693 8.3419235 8.3397778 8.337632 8.335227 8.3318909 8.3336716 8.3354523 8.337233 8.3390137 8.3407945 8.3387024 8.335941 8.3331795 8.3304181 8.3276567 8.3293437 8.332273 8.3352023 8.3381316 8.341061 8.34363
-9999 8.3271379 8.3315695 8.3360011 8.3404327 8.3403231 8.3314217 8.3344753 8.3513264 8.3681775 8.3850285 8.4017523 8.4179955 8.4266675 8.4201775 8.4092411 8.393629 8.378017 8.362405 8.3516985 8.3523096 8.3529206 8.3535317 8.3540339 8.3537173 8.3517824 8.3455097 8.3387814 8.3315117 8.3242419 8.3169721 8.3143366 8.3206346 8.3269325 8.3332305 8.3403133 8.3500799 8.3549455 8.3527997 8.350654 8.3485082 8.3451592 8.3397245 8.3359876 8.3334712 8.3345147 8.3362954 8.3380761 8.3398568 8.3377648 8.3350033 8.3322419 8.3294805 8.3329786 8.3366232 8.3395526 8.3424819 8.3454112 8.3468197 8.3449661
-9999 8.337982 8.3424137 8.3468453 8.3420211 8.3331197 8.3242183 8.3272719 8.344123 8.3609741 8.3774829 8.3937261 8.4099693 8.4186413 8.4121513 8.4056613 8.397748 8.382136 8.3665239 8.3558175 8.3564285 8.3570396 8.3572344 8.3569178 8.3566013 8.3546663 8.3483936 8.3421209 8.335701 8.3284312 8.3211614 8.318526 8.3248239 8.3311219 8.3392773 8.3490438 8.3588103 8.363676 8.3615302 8.3593845 8.3550914 8.3496568 8.3442221 8.3404852 8.3379688 8.3354523 8.3353578 8.3371385 8.3389192 8.3368271 8.3340657 8.3325557 8.3364069 8.3402581 8.3439028 8.3468321 8.3497614 8.3500093 8.3481558 8.3463022
-9999 8.3488262 8.3526205 8.3437191 8.3348177 8.3259163 8.317015 8.3200685 8.3369196 8.3532135 8.3694567 8.3856999 8.4019431 8.4106151 8.4041251 8.3976351 8.3911451 8.3846551 8.3706429 8.3599365 8.3605475 8.3604349 8.3601183 8.3598018 8.3594852 8.3575503 8.3512776 8.3450049 8.3387322 8.3324595 8.3253508 8.3227153 8.3290133 8.3382412 8.3480077 8.3577743 8.3675408 8.3724064 8.3702607 8.3650236 8.359589 8.3541544 8.3487197 8.3449828 8.3424664 8.3399499 8.3374335 8.3362009 8.3379816 8.3358895 8.335984 8.3398352 8.3436864 8.3475376 8.3511823 8.3541116 8.353199 8.3513455 8.3494919 8.3476383
-9999 8.3543185 8.3454171 8.3365158 8.3276144 8.318713 8.3098116 8.3127009 8.3289441 8.3451873 8.3614305 8.3776737 8.3939169 8.4025889 8.3960989 8.3896089 8.3831189 8.3766289 8.3701389 8.3639519 8.3636354 8.3633188 8.3630023 8.3626857 8.3623692 8.3604342 8.3541615 8.3478889 8.3416162 8.3353435 8.3290708 8.3274386 8.3372051 8.3469717 8.3567382 8.3665047 8.3762713 8.3803905 8.3749559 8.3695212 8.3640866 8.3586519 8.3532173 8.3494804 8.3469639 8.3444475 8.3419311 8.3394146 8.337044 8.3394123 8.3432636 8.3471148 8.350966 8.3548172 8.3582423 8.3563887 8.3545351 8.3526816 8.350828 8.3489745
-9999 8.3623935 8.3534921 8.3445907 8.3356893 8.3267879 8.3191172 8.32299 8.3392333 8.3554765 8.3717197 8.3879629 8.3964892 8.3951631 8.3910529 8.3845629 8.3780729 8.3715829 8.3650929 8.3604697 8.3601532 8.3598366 8.3595201 8.3592035 8.3616197 8.3636471 8.3538097 8.347537 8.3412643 8.3349916 8.3287189 8.3279247 8.3376912 8.3474577 8.3572243 8.3669908 8.3760631 8.3787723 8.3733377 8.3679031 8.3624684 8.3570338 8.3506412 8.3517569 8.3537281 8.3512116 8.3486952 8.3461788 8.3436623 8.3465752 8.3504264 8.3542776 8.3581288 8.3607297 8.3596473 8.3577937 8.3559402 8.3540866 8.3522331 8.3410039
