P2_models/J1_p2_vp_slide_diff2_40.dat.tif
NCOLS 118
NROWS 92
XLLCORNER 139.62
YLLCORNER -39.07
DX 0.099491525
DY 0.099347826
NODATA_VALUE -9999
[rows 50 to 74 of 92, columns 0 to 56 of 118]
-9999 0.33879734 0.34993794 0.36107855 0.37666514 0.39421023 0.41175531 0.41875588 0.41358673 0.40841757 0.40113844 0.39222172 0.383305 0.37803925 0.3800848 0.38213034 0.38581581 0.39837197 0.41092814 0.41932734 0.41813626 0.41694518 0.41775157 0.42101175 0.42427192 0.42305893 0.40985674 0.39665455 0.383126 0.36771342 0.35230083 0.3399227 0.33339403 0.32686536 0.31777717 0.30646869 0.29516022 0.27923398 0.25670138 0.23416878 0.21229437 0.1907699 0.16924542 0.1553654 0.14698088 0.13859637 0.11831476 0.08882111 0.059327458 0.048612639 0.041143313 0.033390524 0.024423317 0.01545611 0.0081135496 0.0063985644 0.0046835792
-9999 0.33786457 0.34931129 0.36685638 0.38440147 0.40194655 0.41949164 0.42649221 0.42132305 0.41271879 0.40380207 0.39488535 0.38596862 0.38070288 0.38274842 0.38479397 0.38683951 0.38888506 0.39959785 0.40799705 0.40680597 0.40908754 0.41234771 0.41560789 0.41886806 0.41765507 0.40445288 0.39125069 0.3780485 0.36484631 0.34979086 0.33741273 0.33088406 0.32031787 0.30900939 0.29770092 0.28639244 0.2704662 0.2479336 0.22634856 0.20482408 0.1832996 0.16177513 0.14789511 0.13951059 0.13112607 0.12274155 0.10805043 0.078556782 0.067841963 0.059725718 0.050758511 0.041791304 0.032824097 0.025481537 0.023766551 0.016657636
-9999 0.33950253 0.35704762 0.3745927 0.39213779 0.40968288 0.42722796 0.43321587 0.42429914 0.41538242 0.4064657 0.39754897 0.38863225 0.3833665 0.38541205 0.38745759 0.38950314 0.39154868 0.39359423 0.39716334 0.40042351 0.40368368 0.40694386 0.41020403 0.4134642 0.41225121 0.39904902 0.38584683 0.37264464 0.35944245 0.34624027 0.33416705 0.32285857 0.31155009 0.30024162 0.28893314 0.27762466 0.26192722 0.24040274 0.21887826 0.19735379 0.17582931 0.15430483 0.14042481 0.1320403 0.12365578 0.11527126 0.10688674 0.097786106 0.086060911 0.077093704 0.068126498 0.059159291 0.050192084 0.042541194 0.034111241 0.025681289
-9999 0.36361771 0.3811628 0.39870788 0.41625297 0.43379805 0.43964518 0.43443596 0.42551923 0.41660251 0.40768578 0.39876906 0.39073434 0.3835566 0.37815087 0.38019641 0.38224196 0.3842875 0.38633305 0.38874588 0.39200605 0.39526622 0.3985264 0.40178657 0.40210464 0.39817079 0.39350065 0.38029846 0.36709627 0.35389408 0.34069189 0.32813654 0.31682806 0.30551958 0.29421111 0.28290263 0.27241124 0.25784535 0.23632087 0.21479639 0.19327192 0.17174744 0.15741856 0.14513158 0.13431049 0.12592598 0.11754146 0.10915694 0.10077242 0.091891082 0.082923876 0.073956669 0.064989462 0.058390651 0.056467979 0.048038027 0.039608074
-9999 0.39047316 0.40801824 0.42556333 0.44310841 0.4426206 0.44062376 0.43541453 0.42649781 0.41758108 0.40866436 0.40124132 0.39421151 0.38703378 0.37955981 0.37208584 0.37332031 0.37536585 0.3774114 0.37982423 0.3830844 0.38634457 0.38960474 0.3876264 0.38329421 0.37936036 0.37649416 0.37362796 0.36152372 0.34832153 0.33511935 0.32256399 0.31125551 0.29994703 0.28863856 0.27859822 0.26889628 0.25433038 0.2328059 0.21128142 0.18975695 0.17825076 0.16762266 0.15533568 0.14185615 0.12982581 0.12144129 0.11305678 0.10467226 0.095790916 0.08682371 0.077856503 0.073181816 0.073137756 0.071215084 0.062785132 0.054355179
-9999 0.4173286 0.43487369 0.44759286 0.44559602 0.44359918 0.44160233 0.43639311 0.42747638 0.41877812 0.41174831 0.4047185 0.39768869 0.39051095 0.38303698 0.37556301 0.36808904 0.3664442 0.36848975 0.37090258 0.37416275 0.37742292 0.37314816 0.36881597 0.36448378 0.36054993 0.35768373 0.35481753 0.35195133 0.34274898 0.3295468 0.31699144 0.30568296 0.29448713 0.28478519 0.27508325 0.26538131 0.25081541 0.22929093 0.20971105 0.19908295 0.18845486 0.17782676 0.16553978 0.15206025 0.13858072 0.12534113 0.11695661 0.10857209 0.099690751 0.090723544 0.087972982 0.087928921 0.087884861 0.085962189 0.077532236 0.06948422
-9999 0.44418405 0.45056828 0.44857144 0.4465746 0.44457775 0.44258091 0.43737168 0.4292851 0.42225529 0.41522548 0.40819567 0.40116586 0.39398813 0.38651416 0.37904019 0.37156622 0.36409225 0.3595681 0.36198093 0.36300212 0.35866993 0.35433773 0.35000554 0.34567335 0.3417395 0.3388733 0.3360071 0.3331409 0.3302747 0.32397425 0.31141889 0.3006741 0.29097216 0.28127022 0.27156828 0.26186634 0.24730044 0.23054325 0.21991515 0.20928706 0.19865896 0.18803086 0.17574388 0.16226435 0.14878482 0.13530529 0.12182576 0.11247193 0.10359058 0.10276415 0.10272009 0.10267603 0.10263197 0.10070929 0.093871225 0.091052417
-9999 0.45148163 0.44948478 0.44748794 0.4454911 0.44349425 0.44149741 0.44189704 0.43486723 0.42783742 0.42080761 0.4137778 0.40674799 0.39821405 0.39074008 0.38326611 0.37579214 0.36831817 0.3608442 0.35432026 0.34998807 0.34565587 0.34132368 0.33699149 0.3326593 0.32479362 0.3219245 0.3190583 0.3161921 0.3133259 0.3104597 0.30525863 0.29555669 0.28585475 0.27615281 0.26645087 0.25674893 0.2488885 0.23826041 0.22763231 0.21700421 0.20637612 0.19574802 0.18724219 0.17376266 0.16028313 0.1468036 0.13332407 0.11984454 0.11560248 0.11555842 0.11551436 0.1154703 0.11542624 0.11612525 0.11365617 0.11083736
-9999 0.4433552 0.44135835 0.43936151 0.43736467 0.43605712 0.43960212 0.44283244 0.44569959 0.44060891 0.4335791 0.42654929 0.41951948 0.41084379 0.39887214 0.39004936 0.38257539 0.37510142 0.36762745 0.36110351 0.35677132 0.35243912 0.34810693 0.34377474 0.32774265 0.31435791 0.3113735 0.30846782 0.30560162 0.30273542 0.29986922 0.29466816 0.28496621 0.27526427 0.26556233 0.25578349 0.24159499 0.23388598 0.23544679 0.22685541 0.21622731 0.20559922 0.19497112 0.19036337 0.18968127 0.17620174 0.16272221 0.14924268 0.13576315 0.127019 0.12168288 0.12163882 0.12159476 0.1215507 0.12224971 0.12552263 0.12453169
-9999 0.43522877 0.43323192 0.43123508 0.43188712 0.43543212 0.43897711 0.44220744 0.44507459 0.44794174 0.44635059 0.43932078 0.43229097 0.42361529 0.41164364 0.39967199 0.38935864 0.38188467 0.3744107 0.36788676 0.36355456 0.35922237 0.35183712 0.33457203 0.31730693 0.30392219 0.30093778 0.29795337 0.29501114 0.29214494 0.28927874 0.28407768 0.27437574 0.26467379 0.25350763 0.23931913 0.22513063 0.21742162 0.21898243 0.22054325 0.21545041 0.20482232 0.19419422 0.18958647 0.18930667 0.18902688 0.17864082 0.16516129 0.15168176 0.14293761 0.13501187 0.12776329 0.12771923 0.12767516 0.12837417 0.13164709 0.13492001
-9999 0.42710233 0.42510549 0.42771711 0.43126211 0.43480711 0.4383521 0.44158243 0.44444958 0.44731673 0.45018388 0.45209228 0.44506247 0.43638678 0.42441513 0.41244348 0.40047183 0.38866792 0.38119395 0.37467001 0.37033781 0.3586665 0.34140141 0.32413631 0.30687121 0.29348648 0.29050207 0.28751766 0.28453325 0.28155446 0.27868826 0.2734872 0.26378526 0.25123177 0.23704327 0.22285477 0.20866626 0.20095725 0.20251807 0.20407888 0.2056397 0.20404542 0.19341732 0.18880957 0.18852977 0.18824998 0.18797018 0.1810799 0.16760037 0.15885623 0.15093048 0.14300474 0.135079 0.13379963 0.13449864 0.13777155 0.14104447
-9999 0.42000211 0.42354711 0.4270921 0.4306371 0.4341821 0.4377271 0.44095742 0.44382457 0.44669172 0.44955887 0.45242602 0.45529317 0.44915828 0.43718663 0.42521498 0.41324333 0.40127168 0.38930003 0.38145326 0.36549588 0.34823079 0.33096569 0.31370059 0.2964355 0.28305076 0.28006635 0.27708194 0.27409753 0.27111312 0.26812872 0.26289672 0.24895591 0.23476741 0.22057891 0.20639041 0.1922019 0.18449289 0.1860537 0.18761452 0.18917534 0.19073615 0.19229697 0.18803267 0.18775287 0.18747308 0.18719328 0.18691348 0.18351899 0.17477484 0.1668491 0.15892335 0.15099761 0.14307187 0.1406231 0.14389602 0.14716893
-9999 0.41848176 0.42202676 0.42557176 0.42911675 0.43266175 0.4426581 0.4480673 0.44443063 0.44729778 0.45016493 0.45303208 0.45589923 0.4540792 0.44256277 0.43059112 0.41861947 0.40664782 0.39467617 0.38110386 0.36383876 0.34657367 0.32930857 0.31204348 0.29691952 0.29192428 0.29030328 0.28731888 0.28433447 0.28135006 0.27836565 0.27155429 0.25736579 0.24317728 0.22898878 0.21480028 0.20298334 0.19439993 0.18984179 0.1914026 0.19296342 0.19452424 0.19608505 0.19508557 0.19403836 0.19375857 0.19347877 0.19319897 0.19291917 0.18691875 0.17900556 0.17107982 0.16315407 0.15522833 0.15022854 0.1546972 0.15797011
-9999 0.41657208 0.42011707 0.42366207 0.42720707 0.44280009 0.46217289 0.46758208 0.45687549 0.44843918 0.45130633 0.45417348 0.45704063 0.45522059 0.4440142 0.43275138 0.42077973 0.40880808 0.39683643 0.38326412 0.36599903 0.34873393 0.33146884 0.31989945 0.31336004 0.3083648 0.30750833 0.30654533 0.30356092 0.30057651 0.2975921 0.29078074 0.27659224 0.26240374 0.24821523 0.23866267 0.23179708 0.22321367 0.21217269 0.20399748 0.2055583 0.20711911 0.20867993 0.20768045 0.2048404 0.20311514 0.20283535 0.20255555 0.20227575 0.19627533 0.18928623 0.18160031 0.17367457 0.16574882 0.16074904 0.1658844 0.17080497
-9999 0.41466239 0.41820739 0.42356929 0.44294208 0.46231488 0.48168767 0.48709686 0.47639027 0.46568368 0.45497709 0.45531488 0.45818203 0.45636199 0.4451556 0.4339492 0.42274281 0.41096834 0.3989967 0.38542439 0.36815929 0.35089419 0.34287938 0.33633997 0.32980056 0.32480532 0.32394885 0.32309238 0.32223591 0.31980297 0.31681856 0.3100072 0.29581869 0.28163019 0.274342 0.26747641 0.26061082 0.25202741 0.24098643 0.22994544 0.21890445 0.21971399 0.2212748 0.22027532 0.21743528 0.21459523 0.21219192 0.21191213 0.21163233 0.20563191 0.1986428 0.1916537 0.18419506 0.17626932 0.17126953 0.17640489 0.18154025
-9999 0.4127527 0.42371128 0.44308407 0.46245687 0.48182966 0.50120245 0.50661165 0.49590506 0.48519846 0.47449187 0.46378528 0.45932342 0.45750339 0.44629699 0.4350906 0.4238842 0.41267781 0.40115696 0.38758465 0.37239873 0.36585931 0.3593199 0.35278049 0.34624108 0.34124584 0.34038937 0.3395329 0.33867643 0.33781996 0.33604501 0.32923365 0.31688692 0.31002133 0.30315574 0.29629015 0.28942456 0.28084115 0.26980016 0.25875918 0.24771819 0.23667721 0.23386968 0.2328702 0.23003015 0.2271901 0.22435006 0.22151001 0.22098891 0.21498848 0.20799938 0.20101028 0.19402118 0.18678981 0.18179002 0.18692538 0.19206075
-9999 0.41991743 0.43929023 0.45866302 0.47803582 0.49740861 0.5167814 0.52066618 0.50995959 0.49925299 0.4885464 0.47783981 0.46713321 0.45920789 0.4480015 0.4367951 0.42558871 0.41438231 0.40317592 0.39338075 0.38684134 0.38030193 0.37376252 0.3672231 0.36068369 0.35597501 0.35511854 0.35426207 0.3534056 0.35254913 0.35169266 0.34878367 0.34191808 0.33505249 0.3281869 0.32132131 0.31445572 0.30783596 0.29679498 0.28575399 0.27471301 0.26367202 0.25263103 0.24651479 0.24367474 0.24083469 0.23799465 0.2351546 0.23231455 0.22593685 0.21894775 0.21195865 0.20496955 0.19798045 0.19255313 0.1976885 0.20282386
-9999 0.41592012 0.43529291 0.45466571 0.4740385 0.49311252 0.50575757 0.5075622 0.49685561 0.48614901 0.47544242 0.46473583 0.47120651 0.47091443 0.45381134 0.44130041 0.43009402 0.41888763 0.40768123 0.39788607 0.39134665 0.38480724 0.37826783 0.37172842 0.36875973 0.36607353 0.36212844 0.36047926 0.35962279 0.35876632 0.35790985 0.35500086 0.34813527 0.34126968 0.33440409 0.3275385 0.32909339 0.3257837 0.31474271 0.30370173 0.29266074 0.28329248 0.2921076 0.28280992 0.26254045 0.2597004 0.25686036 0.25402031 0.25118026 0.24480256 0.23781346 0.23082436 0.22383526 0.21310213 0.204523 0.20965836 0.21479373
-9999 0.4119228 0.4312956 0.45066839 0.46736349 0.48000854 0.49265359 0.49445822 0.48375163 0.47304504 0.46735736 0.47546004 0.48356273 0.48327065 0.46616756 0.44906447 0.43459933 0.42339294 0.41218655 0.40239138 0.39585197 0.38931255 0.3834536 0.3812371 0.37902059 0.37633439 0.3723893 0.36844421 0.36583998 0.3649835 0.36412703 0.36121805 0.35435246 0.34748687 0.34285237 0.34494675 0.34704113 0.34373144 0.33269045 0.32164947 0.31798045 0.32679557 0.33561069 0.32631301 0.30399427 0.28167553 0.27572607 0.27288602 0.27004597 0.26366828 0.25667917 0.24969007 0.23761042 0.225072 0.21649287 0.22162823 0.22676359
-9999 0.40792549 0.42729828 0.44161447 0.45425952 0.46690456 0.47954961 0.48135424 0.47064765 0.47161089 0.47971358 0.48781626 0.49591895 0.49562687 0.47852378 0.46142069 0.4443176 0.42789825 0.41669186 0.40689669 0.40035728 0.39593097 0.39371447 0.39149796 0.38928146 0.38659526 0.38265017 0.37870507 0.37475998 0.37120069 0.37034422 0.36743523 0.36056964 0.35870572 0.36080011 0.36289449 0.36498887 0.36167917 0.35063819 0.35266842 0.36148354 0.37029866 0.37911378 0.3698161 0.34749736 0.32517861 0.30285987 0.29175173 0.28891169 0.28253399 0.27465713 0.26211871 0.24958029 0.23704187 0.22846274 0.2335981 0.24077057
-9999 0.4032204 0.41586544 0.42851049 0.44115554 0.45380058 0.46644563 0.46825027 0.47586442 0.48396711 0.4920698 0.50017248 0.50827517 0.50798309 0.49088 0.47377691 0.45667382 0.43957073 0.42246764 0.41140201 0.40840834 0.40619184 0.40397533 0.40175883 0.39954232 0.39685612 0.39291103 0.38896594 0.38502085 0.38107575 0.37713066 0.37365242 0.37455908 0.37665346 0.37874784 0.38084222 0.3829366 0.37962691 0.38735638 0.3961715 0.40498663 0.41380175 0.42261687 0.41331919 0.39100044 0.3686817 0.34636296 0.32404422 0.3077774 0.29916541 0.28662699 0.27408858 0.26155016 0.24901174 0.24043261 0.24853534 0.2575045
-9999 0.39670585 0.40935089 0.42199594 0.43464099 0.44728603 0.45741076 0.46328914 0.47069777 0.47880045 0.48690314 0.49500583 0.50310852 0.50805059 0.49936329 0.4822602 0.46515711 0.44805402 0.43095093 0.41834932 0.41613281 0.41391631 0.4116998 0.4094833 0.40685315 0.4046142 0.40623046 0.40228537 0.39834028 0.39439518 0.39045009 0.38856789 0.39066227 0.39275665 0.39485103 0.39694541 0.39964761 0.39674411 0.39607748 0.4048926 0.41370772 0.42252284 0.43133797 0.42505012 0.40399035 0.38167161 0.35935286 0.33703412 0.31471538 0.2966497 0.28411128 0.27157286 0.25903444 0.24649602 0.24060165 0.25435218 0.26332134
-9999 0.39393246 0.40657751 0.41922255 0.4318676 0.43920264 0.4445897 0.45046808 0.45691349 0.46368513 0.47178782 0.47989051 0.4879932 0.49293527 0.49154802 0.48854463 0.47144154 0.45433845 0.43723536 0.42463375 0.42241724 0.42020074 0.41798423 0.41428756 0.40912212 0.40688317 0.41248791 0.4173413 0.41339621 0.40945112 0.40550603 0.40362382 0.4057182 0.40781258 0.40990697 0.41338524 0.41776911 0.41486561 0.40153649 0.39386612 0.40268124 0.41149637 0.42031149 0.41402364 0.39687845 0.37733756 0.35501882 0.33270007 0.31038133 0.29210396 0.27452505 0.26083291 0.24829449 0.23575607 0.2298617 0.24698153 0.26293998
-9999 0.39115908 0.40380412 0.41560746 0.42099452 0.42638158 0.43176864 0.43764701 0.44409243 0.45053785 0.45698327 0.46477519 0.47287788 0.47781995 0.4764327 0.47504546 0.47365822 0.46062287 0.44351978 0.43091817 0.42870167 0.42648516 0.42172196 0.41655653 0.41139109 0.40915214 0.41475688 0.42036163 0.42596637 0.42450706 0.42056197 0.41867976 0.42077414 0.42286852 0.42712287 0.43150674 0.4358906 0.4329871 0.41965798 0.40632886 0.39299974 0.40046989 0.40928501 0.40299716 0.38585197 0.36870679 0.35068477 0.32836602 0.30604728 0.28776991 0.27019101 0.2526121 0.23755454 0.22501612 0.21912175 0.23624158 0.2533614
-9999 0.38838569 0.39739934 0.4027864 0.40817346 0.41356052 0.41894757 0.42482595 0.43127137 0.43771679 0.44416221 0.45060763 0.45776256 0.46270463 0.46131738 0.45993014 0.4585429 0.45715565 0.44980421 0.4372026 0.4343218 0.42915636 0.42399093 0.41882549 0.41366006 0.41142111 0.41702585 0.4226306 0.42823534 0.43384009 0.4356179 0.4337357 0.43647663 0.4408605 0.44524437 0.44962823 0.4540121 0.4511086 0.43777948 0.42445036 0.41112124 0.39779212 0.39825853 0.39197068 0.37482549 0.35768031 0.34053513 0.32338995 0.30171323 0.28343587 0.26585696 0.24827805 0.23069914 0.21427616 0.2083818 0.22550162 0.24262145
