P2_models/J1_p2__temp2_slide_100.dat.tif
NCOLS 118
NROWS 92
XLLCORNER 139.62
YLLCORNER -39.07
DX 0.099491525
DY 0.099347826
NODATA_VALUE -9999
[rows 54 to 80 of 92, columns 0 to 59 of 118]
-9999 1056.6507 1057.0643 1057.4779 1057.8916 1065.9175 1074.5804 1082.7461 1090.3378 1097.9295 1105.5211 1103.1276 1098.1054 1098.6367 1110.2892 1121.9416 1117.361 1111.2684 1105.1759 1094.4088 1072.8573 1051.3058 1029.7542 1021.8896 1020.1751 1014.897 1000.0677 985.23837 979.34629 974.51639 969.6865 973.34051 993.34876 1013.357 1033.3653 1042.1023 1047.8317 1052.2851 1054.913 1057.541 1060.1689 1056.5653 1052.4155 1052.1641 1054.7153 1056.768 1057.5667 1058.3654 1059.1642 1061.1948 1063.4383 1065.6819 1064.5992 1059.9285 1055.9218 1054.2155 1052.5092 1050.803 1067.2088 1086.75
-9999 1053.3472 1053.7608 1056.2116 1064.8745 1073.5375 1082.2004 1090.366 1097.9577 1104.089 1099.0668 1094.0446 1089.0224 1089.5537 1101.2062 1112.8586 1124.5111 1125.2976 1119.2051 1108.438 1086.8865 1065.335 1063.4703 1061.7558 1060.0412 1054.7631 1039.9338 1025.1045 1010.2752 1001.5757 996.74583 1000.3998 1020.4081 1039.4151 1045.1445 1050.8739 1056.6032 1061.0566 1063.6846 1065.1029 1060.9531 1056.8033 1052.6535 1052.4021 1054.9533 1057.5044 1059.9731 1060.7718 1061.5705 1063.6012 1065.8447 1063.2711 1058.6003 1053.9296 1049.9229 1048.2166 1047.9566 1067.4978 1087.039 1106.5802
-9999 1050.0436 1055.1686 1063.8316 1072.4945 1081.1574 1089.8204 1097.986 1100.0283 1095.0061 1089.9839 1084.9617 1079.9395 1080.4707 1092.1232 1103.7756 1115.4281 1127.0805 1133.2343 1122.4672 1106.7656 1105.051 1103.3365 1101.6219 1099.9073 1094.6292 1079.7999 1064.9706 1050.1413 1035.312 1023.8051 1027.4592 1042.4573 1048.1867 1053.9161 1059.6454 1065.3748 1069.8282 1069.4908 1065.341 1061.1911 1057.0413 1052.8915 1052.6401 1055.1913 1057.7424 1060.2936 1062.8448 1063.9769 1066.0075 1061.943 1057.2722 1052.6015 1047.9307 1043.924 1048.2457 1067.7869 1087.3281 1106.8693 1126.4105
-9999 1056.3593 1065.0223 1073.6852 1082.3481 1091.0111 1099.674 1101.6051 1096.5829 1091.5607 1086.5385 1081.5163 1076.4941 1072.9407 1084.5932 1096.2456 1107.8981 1119.5505 1131.203 1138.8134 1137.0989 1135.3843 1133.6697 1131.9552 1130.2406 1130.3806 1115.7574 1100.9281 1086.0988 1071.2695 1056.4402 1048.6331 1054.3624 1060.0918 1065.8212 1071.5505 1077.2799 1074.9649 1070.8151 1066.6653 1062.5154 1058.3656 1054.2158 1055.1707 1057.7219 1060.273 1062.8242 1065.3754 1067.9266 1067.7409 1063.0701 1058.3994 1053.7286 1049.0578 1045.5807 1064.0378 1083.579 1103.1202 1122.6614 1142.2026
-9999 1073.8419 1082.5048 1091.1678 1099.8307 1107.5275 1108.4233 1109.6037 1111.1127 1107.3702 1102.348 1097.3258 1092.3036 1088.3234 1086.4297 1094.0198 1105.6723 1117.3247 1128.9771 1136.5876 1134.873 1133.1585 1131.4439 1129.7293 1137.4939 1142.1054 1135.5886 1123.5357 1108.7064 1093.8771 1079.0478 1071.2407 1076.97 1082.6994 1088.4287 1094.0416 1092.9725 1087.8637 1076.9755 1071.6998 1067.5499 1063.4001 1059.2503 1061.4488 1068.0827 1070.6339 1073.1851 1075.7363 1078.2874 1085.0451 1088.5359 1083.8651 1079.1943 1074.5235 1071.0465 1071.7042 1085.5792 1105.1204 1124.6616 1144.2028
-9999 1091.3245 1099.9874 1108.6503 1113.6007 1114.4965 1115.3922 1116.5727 1118.0817 1119.5907 1118.1576 1113.1354 1108.1132 1104.1329 1102.2393 1100.3456 1103.4464 1115.0989 1126.7513 1134.3618 1132.6472 1130.9326 1131.6916 1140.4552 1149.2187 1153.8303 1147.3134 1140.7965 1131.314 1116.4847 1101.6554 1093.8482 1099.5776 1105.307 1108.8176 1107.7485 1106.6794 1101.5706 1090.6824 1079.7943 1072.5844 1068.4346 1064.2848 1066.4833 1073.2456 1080.0079 1083.546 1086.0971 1088.6483 1095.4059 1102.8905 1109.3308 1104.66 1099.9893 1096.5122 1097.1699 1097.8276 1107.1206 1126.6618 1146.203
-9999 1108.807 1117.47 1119.6739 1120.5696 1121.4654 1122.3611 1123.5416 1125.0506 1126.5596 1128.0686 1128.9449 1123.9227 1119.9425 1118.0488 1116.1552 1114.2615 1112.873 1124.5255 1132.1359 1130.4214 1134.6529 1143.4164 1152.18 1160.9435 1165.5551 1159.0382 1152.5213 1146.0045 1139.0923 1124.263 1116.4558 1122.1852 1123.5936 1122.5245 1121.4554 1120.3863 1115.2775 1104.3893 1093.5012 1082.6131 1073.4691 1069.3193 1071.5178 1078.2801 1085.0424 1091.8047 1096.458 1099.0092 1105.7668 1113.2514 1120.736 1128.2206 1125.455 1121.9779 1122.6356 1123.2933 1123.951 1128.662 1148.2032
-9999 1124.8513 1125.7471 1126.6428 1127.5386 1128.4343 1129.3301 1130.5105 1132.0195 1133.5285 1135.0375 1136.5465 1138.0555 1135.752 1133.8584 1131.9647 1130.0711 1128.1774 1126.2837 1129.9101 1137.6141 1146.3777 1155.1412 1163.9048 1172.6683 1177.2799 1170.763 1164.2461 1157.7293 1151.2124 1144.6956 1139.0634 1138.3697 1137.3005 1136.2314 1135.1623 1134.0932 1128.9844 1118.0963 1107.2081 1096.32 1085.4318 1074.5437 1076.5523 1083.3146 1090.0769 1096.8392 1103.6015 1109.3701 1116.1277 1123.6123 1131.0969 1138.5815 1146.0661 1147.4436 1148.1013 1148.759 1149.4167 1150.0745 1150.7322
-9999 1125.1514 1126.0472 1126.9429 1127.8387 1128.7344 1128.3092 1123.8356 1121.3011 1122.8101 1124.3191 1125.8281 1127.3371 1131.8781 1137.424 1135.5303 1133.6367 1131.743 1129.8494 1131.1783 1139.9418 1148.7054 1157.4689 1166.2325 1173.3453 1174.3414 1173.4997 1166.9828 1160.4659 1153.9491 1147.4322 1142.7761 1141.707 1140.6379 1139.5688 1138.4997 1135.0008 1134.5463 1134.3632 1123.475 1112.5869 1101.6987 1090.8106 1087.9222 1093.5156 1100.2779 1107.0402 1113.8024 1120.5647 1110.4878 1117.698 1125.1826 1132.6672 1140.1518 1148.7053 1156.8096 1157.4673 1158.1251 1158.7828 1159.4405
-9999 1122.5516 1123.4473 1124.3431 1125.2388 1123.6677 1121.3226 1116.8491 1109.9189 1104.4003 1105.9093 1107.4183 1108.9273 1113.4683 1124.081 1133.7716 1131.878 1129.9843 1128.0907 1129.4196 1138.1831 1146.9467 1155.7102 1160.0826 1160.5771 1161.5732 1163.9138 1165.8109 1159.2941 1152.7772 1146.2603 1141.6042 1140.5351 1139.466 1138.3969 1132.5781 1124.0063 1123.5518 1134.7103 1140.8551 1129.967 1119.0789 1108.1907 1105.3023 1108.1649 1112.7255 1119.4878 1126.2501 1133.0123 1122.9354 1109.9482 1112.191 1119.6756 1127.1602 1135.7137 1147.97 1158.8887 1159.5464 1160.2041 1160.8618
-9999 1119.9518 1120.8475 1121.3713 1119.0262 1116.6811 1114.3361 1109.8625 1102.9323 1096.0022 1089.072 1089.0085 1090.5175 1095.0585 1105.6712 1116.284 1126.8968 1128.2257 1126.332 1127.6609 1136.4245 1145.188 1146.82 1147.3144 1147.8089 1148.805 1151.1456 1153.4862 1155.8267 1151.6053 1145.0885 1140.4324 1139.3633 1138.2942 1130.1554 1121.5836 1113.0118 1112.5573 1123.7158 1134.8743 1146.0328 1136.459 1125.5708 1122.6825 1125.545 1128.4076 1131.9354 1138.6977 1145.46 1135.383 1122.3958 1109.4086 1106.684 1114.1686 1122.7221 1134.9784 1147.2347 1159.491 1161.6254 1162.2831
-9999 1117.352 1116.7297 1114.3847 1112.0396 1109.6945 1107.3495 1102.8759 1095.9457 1089.0156 1082.0854 1075.1553 1072.1076 1076.6487 1087.2614 1097.8742 1108.4869 1119.0997 1124.5733 1125.9022 1133.0628 1133.5573 1134.0518 1134.5463 1135.0407 1136.0368 1138.3774 1140.718 1143.0586 1145.3991 1143.9166 1139.2605 1136.3044 1127.7326 1119.1609 1110.5891 1102.0173 1101.5628 1112.7213 1123.8798 1135.0383 1146.1968 1142.951 1140.0626 1142.9252 1145.7877 1148.6503 1151.5128 1157.9076 1147.8307 1134.8435 1121.8563 1108.8691 1101.177 1109.7305 1121.9868 1134.2431 1146.4994 1158.7557 1163.7045
-9999 1114.2178 1111.8727 1109.5277 1107.1826 1104.8375 1102.4925 1099.1804 1092.2502 1085.3201 1078.3899 1071.4598 1064.5296 1060.4528 1071.0656 1081.6784 1092.2911 1102.9039 1113.5166 1121.0698 1121.5643 1122.0587 1122.5532 1123.0477 1123.5421 1122.8919 1125.2325 1127.5731 1129.9136 1132.2542 1134.5948 1133.2081 1124.6363 1116.0645 1107.4927 1098.9209 1090.3492 1092.7428 1103.9013 1115.0597 1126.2182 1137.3767 1148.5352 1154.1646 1157.0272 1159.8897 1162.7523 1165.6149 1168.4774 1157.8258 1144.8386 1131.8514 1118.8642 1105.877 1102.2058 1114.4621 1126.7184 1138.9747 1151.231 1163.4873
-9999 1119.953 1117.608 1115.2629 1112.9179 1110.8004 1113.5813 1111.8541 1104.9239 1097.9938 1091.0636 1084.1334 1077.8896 1072.5819 1069.0181 1076.4946 1087.1074 1097.7201 1108.3329 1115.886 1116.3805 1116.875 1117.3695 1117.8639 1120.4206 1120.5038 1112.7934 1112.5543 1114.8949 1117.2355 1119.5761 1118.1893 1109.6176 1101.0458 1092.474 1083.9022 1087.5436 1094.7381 1105.8966 1117.0551 1128.2136 1139.2109 1148.4557 1153.1893 1154.8243 1157.6869 1160.5494 1163.412 1166.2745 1155.623 1142.6358 1129.6486 1116.6614 1115.5481 1121.8727 1134.129 1146.3853 1158.6416 1170.2646 1168.7722
-9999 1125.6883 1123.3432 1120.9982 1120.6932 1123.4741 1126.255 1124.5278 1117.5976 1110.6674 1103.9378 1097.7592 1091.5807 1086.2729 1082.7091 1079.1454 1081.9236 1092.5364 1103.1491 1110.7023 1111.1968 1111.6912 1112.5787 1115.5697 1118.5608 1118.644 1110.9336 1103.2232 1099.8762 1102.2167 1104.5573 1103.1706 1094.5988 1086.027 1080.6912 1085.1151 1089.5389 1096.7335 1107.892 1119.0504 1129.4984 1138.7433 1147.9881 1152.7217 1154.2124 1155.703 1158.3466 1161.2091 1164.0717 1153.4201 1140.4329 1127.4457 1130.6029 1135.215 1141.5396 1153.7959 1166.0522 1174.3391 1172.8468 1171.3544
-9999 1131.4235 1129.0785 1130.5861 1133.3669 1136.1478 1138.9287 1137.2015 1130.2713 1123.8074 1117.6288 1111.4503 1105.2717 1099.9639 1096.4002 1092.8364 1089.2726 1087.3526 1097.9654 1105.5185 1106.013 1107.7278 1110.7189 1113.7099 1116.701 1116.7842 1109.0738 1101.3634 1093.6529 1087.198 1089.5386 1088.1519 1079.5801 1078.2628 1082.6866 1087.1104 1091.5342 1098.7288 1109.8873 1119.786 1129.0308 1138.2757 1147.5205 1152.2541 1153.7448 1155.2354 1156.726 1159.0062 1161.8688 1151.2172 1141.0455 1145.6576 1150.2698 1154.8819 1161.2065 1173.4628 1178.4137 1176.9213 1175.4289 1173.9365
-9999 1137.698 1140.4789 1143.2598 1146.0406 1148.8215 1151.6024 1149.8751 1143.677 1137.4984 1131.3199 1125.1413 1118.9627 1113.655 1110.0912 1106.5274 1102.9636 1099.3998 1095.836 1100.3348 1102.877 1105.8681 1108.8591 1111.8501 1114.8412 1114.9244 1107.214 1099.5036 1091.7932 1084.0827 1076.3723 1073.1331 1075.8343 1080.2581 1084.6819 1089.1058 1093.5296 1100.7242 1110.0736 1119.3184 1128.5632 1137.8081 1147.0529 1151.7865 1153.2772 1154.7678 1156.2584 1157.7491 1159.6659 1156.1002 1160.7124 1165.3245 1169.9367 1174.5488 1180.8734 1182.4882 1180.9958 1179.5034 1178.0111 1176.5187
-9999 1144.355 1147.1359 1149.9168 1152.6976 1155.4785 1158.7547 1162.6559 1160.5507 1154.3721 1148.1935 1142.0149 1135.8363 1130.6949 1127.3986 1123.8348 1120.271 1116.7072 1113.1434 1111.5617 1114.5528 1117.5438 1120.5349 1123.5259 1125.5976 1123.5255 1121.4257 1113.7153 1106.0049 1098.2944 1090.584 1087.0183 1091.4421 1095.8659 1100.2898 1104.7136 1108.1146 1111.5466 1120.0549 1129.2997 1138.5446 1147.7894 1157.0342 1160.7284 1161.7843 1163.2749 1164.7655 1166.2562 1167.7468 1169.554 1174.1661 1178.7783 1183.3904 1188.0026 1190.2593 1186.1802 1184.6878 1183.1954 1181.7031 1180.2107
-9999 1147.596 1150.3769 1153.1578 1155.9386 1159.7631 1163.9705 1167.8716 1171.4194 1173.0526 1166.874 1160.6954 1154.5169 1149.3755 1146.3111 1143.1954 1139.6316 1136.0679 1132.5041 1130.9224 1133.9134 1136.9045 1139.8955 1139.5968 1136.0337 1133.9615 1135.8856 1137.0516 1129.3412 1121.6308 1113.9204 1110.3546 1114.7784 1119.2023 1123.6261 1125.7213 1126.2926 1129.7246 1137.2492 1145.2135 1154.4583 1163.7031 1172.9479 1176.6421 1176.3461 1176.8774 1178.3681 1179.8587 1181.3493 1183.035 1184.7544 1188.7045 1193.3166 1197.9288 1200.1855 1194.2835 1189.0099 1187.5175 1186.0251 1184.5328
-9999 1150.837 1153.6179 1156.5642 1160.7715 1164.9789 1169.1862 1173.0874 1176.6352 1180.1829 1183.7307 1179.376 1173.1974 1168.056 1164.9917 1161.9273 1158.863 1155.4285 1151.8647 1150.283 1153.274 1156.2651 1153.596 1150.0328 1146.4697 1144.3976 1146.3216 1148.2457 1150.1698 1144.9671 1137.2567 1133.691 1138.1148 1142.5386 1143.3279 1143.8992 1144.4705 1147.9025 1155.4272 1162.9518 1170.4765 1179.6168 1188.8616 1192.5559 1192.2598 1191.9638 1191.9706 1193.4612 1194.9518 1196.6375 1198.357 1200.0764 1203.2428 1207.855 1210.1117 1204.2097 1198.3078 1192.4058 1190.3472 1188.8548
-9999 1154.078 1157.5726 1161.7799 1165.9873 1170.1946 1174.402 1178.3031 1181.8509 1185.3987 1188.9465 1192.4942 1191.878 1186.7366 1183.6722 1180.6079 1177.5436 1174.4792 1171.2253 1169.6436 1171.1582 1167.5951 1164.032 1160.4689 1156.9057 1154.8336 1156.7577 1158.6817 1160.6058 1162.5299 1160.5931 1157.0273 1160.3632 1160.9345 1161.5058 1162.0771 1162.6485 1166.0805 1173.6051 1181.1298 1188.6544 1196.1791 1204.7754 1208.4696 1208.1735 1207.8775 1207.5815 1207.2855 1208.5544 1210.2401 1211.9595 1213.6789 1215.3984 1217.7812 1220.0379 1214.1359 1208.234 1202.332 1196.43 1193.1769
-9999 1158.248 1162.4553 1166.6627 1170.87 1175.0774 1179.2847 1181.1363 1184.6841 1188.2319 1191.7796 1195.3274 1198.8752 1201.4981 1198.4338 1195.3695 1192.3051 1189.2408 1186.1764 1182.9613 1179.3982 1175.835 1172.2719 1168.7088 1165.1457 1164.6553 1166.5696 1168.4936 1170.4177 1172.3418 1174.2658 1175.7278 1176.2991 1176.8705 1177.4418 1178.0131 1178.5844 1179.7345 1187.2592 1194.7838 1202.3085 1209.8331 1217.3578 1219.7427 1219.4466 1219.1506 1218.8546 1218.5585 1218.2625 1218.611 1220.3305 1222.0499 1223.7693 1225.4888 1227.5618 1222.0421 1216.1401 1210.2382 1204.3362 1198.4342
-9999 1161.8701 1166.0775 1170.2848 1174.4922 1178.2331 1179.0577 1179.4279 1179.2736 1182.0461 1185.5939 1189.1416 1192.6894 1195.5301 1196.9548 1195.2963 1192.232 1189.1676 1186.1033 1182.8881 1179.325 1175.7619 1172.1988 1168.6356 1171.2362 1173.7253 1174.4389 1175.9429 1177.867 1179.791 1181.7151 1183.1771 1183.7484 1184.3197 1184.8911 1185.3417 1181.9169 1181.2562 1184.55 1191.3134 1198.8381 1206.3627 1213.8874 1215.5926 1213.1534 1212.8574 1212.5613 1212.2653 1211.9693 1209.944 1208.8982 1210.6177 1212.3371 1214.0565 1216.1295 1219.4273 1216.3998 1210.4978 1204.5958 1198.6939
-9999 1165.4922 1169.6996 1173.9069 1176.3477 1177.1723 1177.997 1178.3672 1178.2129 1178.0586 1179.4081 1182.9559 1186.5037 1189.3443 1190.7691 1192.1938 1192.1588 1189.0945 1186.0301 1182.815 1179.2518 1175.6887 1174.003 1177.1546 1180.3062 1182.7953 1183.5089 1184.2226 1185.3163 1187.2403 1189.1644 1190.6264 1191.1977 1191.769 1190.8651 1187.4402 1184.0154 1183.3547 1186.6485 1189.9424 1195.3677 1202.8923 1210.417 1212.1222 1209.644 1207.1658 1206.2681 1205.9721 1205.676 1203.6507 1201.3265 1199.1854 1200.9049 1202.6243 1204.6973 1207.9951 1211.2929 1210.7575 1204.8555 1198.9535
-9999 1169.1144 1173.3217 1174.4623 1175.2869 1176.1116 1176.9362 1177.3064 1177.1521 1176.9978 1176.8435 1176.7701 1180.3179 1183.1586 1184.5833 1186.008 1187.4327 1188.8575 1185.957 1182.7418 1179.1787 1179.9215 1183.0731 1186.2246 1189.3762 1191.8653 1192.5789 1193.2926 1194.0062 1194.7199 1196.6137 1198.0757 1198.647 1196.3885 1192.9636 1189.5387 1186.1138 1185.4532 1188.747 1192.0409 1195.3347 1199.4219 1206.9466 1208.6518 1206.1736 1203.6954 1201.2172 1199.6788 1199.3828 1197.3575 1195.0333 1192.7091 1190.3849 1191.1921 1193.2651 1196.5629 1199.8607 1203.1585 1205.1152 1199.2132
-9999 1171.7523 1172.5769 1173.4015 1174.2262 1175.0508 1175.8755 1176.2456 1176.0914 1175.9371 1175.7828 1175.6285 1175.4742 1176.9728 1178.3975 1179.8223 1181.247 1182.6717 1184.0964 1182.6884 1185.8399 1188.9915 1192.1431 1195.2946 1198.4462 1200.9353 1201.6489 1202.3626 1203.0762 1203.7899 1204.5035 1205.3367 1201.9118 1198.487 1195.0621 1191.6372 1188.2123 1187.5517 1190.8455 1194.1394 1197.4332 1200.7271 1204.0209 1205.1814 1202.7032 1200.225 1197.7468 1195.2686 1193.0896 1191.0643 1188.7401 1186.4159 1184.0917 1181.7675 1181.8329 1185.1306 1188.4284 1191.7262 1195.024 1198.3218
-9999 1171.7969 1172.6215 1173.4462 1174.2708 1175.0955 1175.0217 1174.7584 1174.8967 1174.7424 1174.5881 1174.4338 1174.2795 1174.4521 1175.4263 1176.851 1178.2757 1179.7005 1181.1252 1183.0721 1186.2236 1189.3752 1192.5267 1195.6783 1198.3608 1199.5812 1199.3674 1200.081 1200.7946 1201.5083 1202.2219 1201.522 1198.0971 1194.6722 1191.2474 1187.8225 1185.3857 1185.2368 1187.4439 1190.7377 1194.0316 1197.3255 1200.6193 1201.1916 1199.2066 1196.7284 1194.2502 1191.772 1189.2938 1189.8108 1188.0302 1185.706 1183.3818 1181.0576 1179.494 1181.0316 1184.3294 1187.6272 1190.925 1194.2228
