P2_models/J1_p2_tot_conduct_slide_46.19.dat.tif
NCOLS 118
NROWS 92
XLLCORNER 139.62
YLLCORNER -39.07
DX 0.099491525
DY 0.099347826
NODATA_VALUE -9999
[rows 0 to 24 of 92, columns 0 to 56 of 118]
-1.5443428 -1.574309 -1.6190801 -1.651224 -1.6986009 -1.7285676 -1.7733388 -1.8127216 -1.8458854 -1.8569541 -1.8901966 -1.9164805 -1.940411 -1.9619703 -1.9815037 -1.9981901 -2.0081393 -2.030374 -2.0421898 -2.0626686 -2.0851544 -2.113773 -2.1503001 -2.1893298 -2.2477863 -2.3088329 -2.3735024 -2.4137539 -2.4577325 -2.4844519 -2.4878652 -2.4641761 -2.4165017 -2.3431888 -2.2419772 -2.1258574 -1.9965184 -1.8681571 -1.721538 -1.600185 -1.4797479 -1.4046306 -1.330012 -1.2866188 -1.2687184 -1.3268683 -1.3739958 -1.4751953 -1.5746868 -1.7066108 -1.8322844 -1.9620013 -2.0869887 -2.1920075 -2.2840575 -2.3311851 -2.3651459
-1.5387819 -1.5807736 -1.6232945 -1.667527 -1.7185518 -1.7696722 -1.8226864 -1.8929903 -1.9430702 -1.9768202 -2.0189706 -2.073246 -2.1060874 -2.1558459 -2.1804702 -2.2188177 -2.2368906 -2.2468398 -2.2567889 -2.2697466 -2.2888522 -2.3095895 -2.3436697 -2.3819324 -2.4416273 -2.506729 -2.580285 -2.641052 -2.6925656 -2.7436166 -2.7584196 -2.767262 -2.7264411 -2.6768437 -2.5799228 -2.4739036 -2.3431787 -2.2038025 -2.0537742 -1.9150722 -1.7837482 -1.6797529 -1.5984342 -1.5396603 -1.5149123 -1.5397161 -1.5807048 -1.6652632 -1.7541281 -1.8736285 -1.995287 -2.1206617 -2.2327075 -2.3376024 -2.408207 -2.4524413 -2.4720399
-1.5046581 -1.5306175 -1.5704141 -1.6201913 -1.6770436 -1.7436266 -1.8132707 -1.8877593 -1.9588247 -2.0346186 -2.1042627 -2.1721992 -2.2368686 -2.3043268 -2.349098 -2.3900609 -2.4149338 -2.4361876 -2.4461368 -2.4570671 -2.4719908 -2.4912747 -2.5211221 -2.5593849 -2.6190798 -2.6841815 -2.7637747 -2.8405116 -2.9051811 -2.9633342 -2.9999889 -3.0166741 -2.9918012 -2.9456739 -2.8566551 -2.7480154 -2.6137018 -2.4689707 -2.3118789 -2.158995 -2.0123759 -1.8984997 -1.8089573 -1.7507065 -1.7140518 -1.7271886 -1.7638434 -1.8374721 -1.9212544 -2.0352439 -2.155681 -2.2646737 -2.3726376 -2.4483225 -2.5105732 -2.5367552 -2.5444628
-1.3680549 -1.3866979 -1.4151831 -1.4649603 -1.5302975 -1.6099995 -1.7015044 -1.7894031 -1.8967323 -1.98488 -2.1042627 -2.1721992 -2.271014 -2.3754886 -2.4600564 -2.5072414 -2.5569871 -2.5810641 -2.6009624 -2.6113169 -2.6212661 -2.6402964 -2.6701439 -2.7084066 -2.7681015 -2.8332032 -2.9127964 -2.9910888 -3.0657074 -3.1255671 -3.1674582 -3.1866756 -3.1717519 -3.1257418 -3.0367231 -2.926509 -2.7875605 -2.639567 -2.4733191 -2.3162272 -2.1613977 -2.0426778 -1.9455606 -1.8898331 -1.8568643 -1.8729972 -1.9128651 -1.9934316 -2.0826946 -2.1888008 -2.3047028 -2.4004521 -2.5030316 -2.5527774 -2.6053713 -2.5948985 -2.5924867
-1.213537 -1.2177373 -1.2426102 -1.2917415 -1.3585209 -1.4548738 -1.5528792 -1.6738984 -1.7895453 -1.9215398 -2.0539438 -2.171626 -2.2860412 -2.4348426 -2.5309735 -2.6123295 -2.6687535 -2.7122789 -2.7349502 -2.75184 -2.7617891 -2.7775519 -2.8073993 -2.8383763 -2.8965322 -2.9616339 -3.0412271 -3.1208204 -3.1970797 -3.2661063 -3.311249 -3.3354332 -3.3217519 -3.2822771 -3.1932584 -3.0859859 -2.9466977 -2.7936219 -2.62527 -2.4603324 -2.3029261 -2.1799332 -2.0804417 -2.0234948 -1.9920764 -2.0128681 -2.0547593 -2.1395117 -2.2337669 -2.3414163 -2.4513806 -2.5377075 -2.629566 -2.6655219 -2.6959122 -2.6765968 -2.6414363
-1.0180444 -1.0190214 -1.0389197 -1.0887599 -1.1598252 -1.2561782 -1.3805426 -1.5124581 -1.6640643 -1.8159828 -1.9900929 -2.142955 -2.307116 -2.4596795 -2.5890185 -2.6930496 -2.7676682 -2.8240452 -2.8538926 -2.8760248 -2.8859739 -2.9005282 -2.9204265 -2.9501426 -3.004863 -3.067191 -3.1467842 -3.2263774 -3.3059706 -3.3778726 -3.4302365 -3.459618 -3.4496688 -3.413557 -3.3297747 -3.2225891 -3.083301 -2.9302252 -2.7574241 -2.5907264 -2.4283982 -2.304118 -2.2046265 -2.1477844 -2.1216024 -2.1438397 -2.1909673 -2.2771654 -2.3765794 -2.4842288 -2.5941931 -2.6745321 -2.7537508 -2.77586 -2.7890508 -2.752396 -2.7035287
-0.82725639 -0.82568577 -0.84558408 -0.89542427 -0.97222993 -1.0735627 -1.2114011 -1.3771335 -1.5508645 -1.7104257 -1.9054669 -2.1088313 -2.2913727 -2.4737964 -2.6170752 -2.7587532 -2.8483883 -2.9090112 -2.9407484 -2.9680492 -2.9743207 -2.9801342 -2.9982445 -3.0243886 -3.0738974 -3.1245076 -3.2041008 -3.283694 -3.3665582 -3.4467584 -3.5048591 -3.5462824 -3.5424346 -3.5179999 -3.4412121 -3.3431122 -3.2086883 -3.0614684 -2.8914181 -2.7264805 -2.5641522 -2.4390229 -2.3362518 -2.2742828 -2.2457872 -2.2688737 -2.3201169 -2.4084086 -2.5033117 -2.6109611 -2.7209254 -2.8006692 -2.8672154 -2.8871827 -2.8875495 -2.8455861 -2.7817012
-0.65046292 -0.65046159 -0.67035989 -0.72574488 -0.80628564 -0.92098851 -1.0702258 -1.2422354 -1.4270054 -1.6334384 -1.8572944 -2.0760274 -2.2849596 -2.4946737 -2.6588347 -2.8052206 -2.8997375 -2.9771486 -3.0119848 -3.0347729 -3.0347079 -3.039068 -3.0539918 -3.0698178 -3.1094477 -3.1587061 -3.2380818 -3.3215775 -3.4113883 -3.4994833 -3.568317 -3.6242535 -3.6292281 -3.6099986 -3.5419254 -3.4637134 -3.3343744 -3.1940167 -3.026452 -2.8646531 -2.7023248 -2.5742505 -2.4697844 -2.4062461 -2.3748278 -2.3950084 -2.4473723 -2.5301028 -2.6243579 -2.7272994 -2.8372638 -2.904589 -2.970768 -2.9818227 -2.9786702 -2.9263063 -2.8622682
-0.52006889 -0.52146014 -0.54617511 -0.6015601 -0.68210086 -0.7975946 -0.95180647 -1.1267801 -1.3305009 -1.5412457 -1.7899746 -2.013935 -2.2496316 -2.4701867 -2.654246 -2.8053305 -2.9147712 -2.9957763 -3.0355729 -3.0596099 -3.0546353 -3.0576958 -3.06 -3.0698178 -3.1046398 -3.1524969 -3.2271155 -3.309159 -3.403676 -3.4932741 -3.5770564 -3.6374511 -3.6722732 -3.6596725 -3.6153493 -3.5470743 -3.4426082 -3.3075381 -3.1556826 -2.9971627 -2.8451373 -2.717063 -2.6125969 -2.5475815 -2.511431 -2.525762 -2.5653479 -2.6456556 -2.7361242 -2.8303793 -2.9304023 -2.9909911 -3.0514882 -3.0625428 -3.0593903 -3.0070264 -2.9431414
-0.45256985 -0.45483296 -0.47841409 -0.53586263 -0.60934855 -0.70544197 -0.85208002 -1.0226771 -1.220235 -1.4381073 -1.6843409 -1.9296545 -2.1703058 -2.4024668 -2.5943167 -2.7574989 -2.872235 -2.9599044 -2.9997011 -3.0244553 -3.0167313 -3.0132101 -3.011847 -3.0117156 -3.0408355 -3.0851194 -3.1568361 -3.237959 -3.3354287 -3.4325114 -3.5280451 -3.6036 -3.6511944 -3.6605978 -3.6297323 -3.6054939 -3.5182771 -3.4072403 -3.2679806 -3.1266336 -2.9812842 -2.8604278 -2.7572704 -2.6861622 -2.647093 -2.64563 -2.679347 -2.7399536 -2.8279257 -2.9043947 -2.9986499 -3.0498349 -3.1057054 -3.11269 -3.1130567 -3.0699344 -3.0142788
-0.4361639 -0.44006757 -0.45996587 -0.50426127 -0.56585126 -0.64632648 -0.78064004 -0.93317798 -1.1226856 -1.326437 -1.5701912 -1.8156531 -2.0643819 -2.2932549 -2.4922379 -2.6663481 -2.7857379 -2.8810684 -2.920865 -2.9464413 -2.9364921 -2.9265429 -2.9165938 -2.9131744 -2.9380473 -2.9734414 -3.0430855 -3.1213566 -3.2208481 -3.3241215 -3.4288494 -3.5239496 -3.5836445 -3.6252948 -3.6305312 -3.621911 -3.5572415 -3.4778486 -3.3574115 -3.2366522 -3.1057423 -2.9958979 -2.8964064 -2.8265567 -2.7794291 -2.7720657 -2.7877749 -2.8368277 -2.9049008 -2.9725067 -3.0458162 -3.0903279 -3.1357063 -3.1399568 -3.1368565 -3.1002017 -3.0594278
-0.52930249 -0.52250689 -0.52205826 -0.56635366 -0.58707161 -0.63715413 -0.72475689 -0.86489873 -1.0117672 -1.2090519 -1.4229587 -1.6666314 -1.9005064 -2.1193962 -2.3183792 -2.4932733 -2.6176377 -2.714152 -2.7589232 -2.7856833 -2.7807087 -2.771312 -2.7544444 -2.7443639 -2.7592876 -2.7923141 -2.852009 -2.929349 -3.0338151 -3.1393257 -3.2597628 -3.3624401 -3.4569571 -3.5011101 -3.5423708 -3.5663639 -3.5510323 -3.4849625 -3.4132946 -3.303366 -3.1988809 -3.0954052 -3.0081727 -2.9360986 -2.8849862 -2.8695312 -2.8747042 -2.8983974 -2.9421563 -2.9879056 -3.0458162 -3.0697502 -3.1046601 -3.0991328 -3.0937429 -3.0623245 -3.0262915
-0.66397418 -0.66101232 -0.64662231 -0.63913986 -0.64908369 -0.66928728 -0.74522656 -0.78794609 -0.92023864 -1.0908046 -1.3047114 -1.4880957 -1.7169262 -1.9163731 -2.1153561 -2.2821347 -2.4081336 -2.5076167 -2.5523879 -2.5885977 -2.5836231 -2.5742883 -2.55439 -2.54755 -2.5624737 -2.5771379 -2.6330552 -2.7044577 -2.8089238 -2.9141626 -3.0345997 -3.1559048 -3.2504218 -3.3536549 -3.4079264 -3.4591764 -3.4483154 -3.4495889 -3.388459 -3.3333252 -3.2448737 -3.1755818 -3.0968139 -3.041384 -2.98902 -2.9718478 -2.9598714 -2.9723647 -2.9837336 -3.0186801 -3.0340964 -3.0535478 -3.04769 -3.0421627 -3.0146328 -2.9832145 -2.9436693
-0.84540872 -0.82178751 -0.77701633 -0.74286838 -0.70496684 -0.69802197 -0.70797112 -0.75069065 -0.83123141 -0.95332961 -1.1125161 -1.2886651 -1.4876482 -1.6833117 -1.867371 -2.0337651 -2.1631041 -2.267466 -2.3221863 -2.3588558 -2.3538812 -2.3454496 -2.3305259 -2.3214606 -2.3214606 -2.3349775 -2.3847233 -2.4491284 -2.5486199 -2.6556711 -2.7918174 -2.9217867 -3.0511256 -3.1656224 -3.2651139 -3.3364773 -3.3862231 -3.4051411 -3.3946683 -3.3603029 -3.3131754 -3.2558567 -3.1961618 -3.1407318 -3.0883678 -3.0533822 -3.0219638 -3.0138069 -3.0085705 -3.0082866 -3.0030502 -2.9874033 -2.9669699 -2.9356394 -2.901621 -2.8597298 -2.8205801
-1.0543218 -1.0020532 -0.93570519 -0.89495398 -0.81585471 -0.7305242 -0.68769259 -0.69742181 -0.72606837 -0.81330808 -0.92568861 -1.0985361 -1.2787897 -1.4412897 -1.6133425 -1.7797366 -1.9090756 -2.0166434 -2.0754676 -2.1166498 -2.1241394 -2.116258 -2.0992474 -2.0835567 -2.0793003 -2.0887621 -2.1255861 -2.1857386 -2.2765139 -2.3865318 -2.5270212 -2.6693381 -2.8184762 -2.9379253 -3.0637211 -3.1955955 -3.2845179 -3.3374951 -3.3725827 -3.3673641 -3.3475232 -3.3135703 -3.2728737 -3.2204901 -3.1707387 -3.1254131 -3.0897152 -3.0503129 -3.0334075 -2.9879882 -2.972004 -2.9075169 -2.8778366 -2.7899192 -2.7477619 -2.6789553 -2.6354183
-1.2753452 -1.1994671 -1.1148993 -1.0215985 -0.92210698 -0.79293589 -0.72329182 -0.66646393 -0.67593931 -0.69789149 -0.79480594 -0.914789 -1.0739754 -1.2175558 -1.3856835 -1.5419716 -1.6713106 -1.7835437 -1.8445516 -1.8907084 -1.901146 -1.9023748 -1.8824765 -1.8639808 -1.8578258 -1.8596097 -1.8925085 -1.9390382 -2.0271968 -2.1284497 -2.2691554 -2.4183184 -2.5731175 -2.7265486 -2.8784041 -3.038177 -3.1426431 -3.2457628 -3.3033632 -3.3539855 -3.3539855 -3.3512175 -3.3263446 -3.2984883 -3.2513607 -3.2057596 -3.1638684 -3.1140063 -3.0721151 -3.0053524 -2.9529884 -2.867877 -2.7972912 -2.6907629 -2.5928112 -2.510485 -2.4305921
-1.4955089 -1.4102795 -1.2859151 -1.1732948 -1.0264264 -0.88787472 -0.75853574 -0.68385428 -0.63647737 -0.63828279 -0.68305398 -0.78006024 -0.90442465 -1.0387297 -1.1929416 -1.343276 -1.472615 -1.584848 -1.6594667 -1.7118823 -1.726806 -1.7301719 -1.7102736 -1.6917779 -1.6768542 -1.6741604 -1.6940587 -1.7337194 -1.8133126 -1.9098844 -2.0460307 -2.19313 -2.357291 -2.5163615 -2.694399 -2.8602933 -3.0095306 -3.1279996 -3.2327275 -3.3013548 -3.3589552 -3.3701768 -3.3751514 -3.356742 -3.3357964 -3.2903346 -3.2433467 -3.1854876 -3.1251006 -3.0385618 -2.9529884 -2.8413738 -2.7376825 -2.5939725 -2.4669706 -2.3360607 -2.2318964
-1.6583037 -1.5689221 -1.4388615 -1.2972011 -1.1406455 -0.99213423 -0.84931667 -0.72883886 -0.66518796 -0.6503847 -0.68528747 -0.73777899 -0.85576785 -0.97680175 -1.1263845 -1.2640667 -1.3967114 -1.5089445 -1.5850045 -1.6450426 -1.6627473 -1.6745397 -1.6546414 -1.6361456 -1.6186443 -1.6018816 -1.6110999 -1.6466084 -1.7202661 -1.7954469 -1.9257378 -2.0576617 -2.2170665 -2.3758466 -2.5557672 -2.72469 -2.8798785 -3.0195879 -3.1358278 -3.2299581 -3.3042096 -3.3434748 -3.3710988 -3.3928698 -3.3812507 -3.3427092 -3.3065834 -3.2512132 -3.1883764 -3.0987511 -2.9952703 -2.8806673 -2.7350494 -2.5857359 -2.4062917 -2.2621704 -2.106876
-1.7937407 -1.6968435 -1.56253 -1.40978 -1.2439608 -1.088014 -0.92882754 -0.80834973 -0.73254667 -0.68881483 -0.70373855 -0.74939957 -0.85386567 -0.96768738 -1.1069755 -1.2446577 -1.3789713 -1.4972998 -1.5768931 -1.6399397 -1.6648125 -1.6766049 -1.6567066 -1.6331639 -1.608291 -1.5870446 -1.5920192 -1.6032767 -1.6579971 -1.7189474 -1.8341481 -1.954249 -2.1034863 -2.2640015 -2.4472753 -2.6101604 -2.7743214 -2.9236815 -3.0545914 -3.1667262 -3.255745 -3.3241741 -3.3689453 -3.3974418 -3.4026782 -3.3922477 -3.3608293 -3.3121847 -3.2493479 -3.1541558 -3.0494279 -2.9051995 -2.7564737 -2.560206 -2.3600638 -2.17679 -1.9905361
-1.8744608 -1.7812455 -1.6556685 -1.5032262 -1.3516201 -1.203498 -1.0592216 -0.93874375 -0.86294069 -0.81920885 -0.83413258 -0.87979359 -0.98024733 -1.0913363 -1.2256499 -1.3626333 -1.4969468 -1.6157095 -1.7002773 -1.7641244 -1.7889973 -1.8007897 -1.7808914 -1.7567855 -1.7219634 -1.6978879 -1.6829641 -1.6891265 -1.7139994 -1.7670624 -1.8403719 -1.9507797 -2.0701695 -2.2267461 -2.3799086 -2.5255342 -2.6697969 -2.8170911 -2.9428251 -3.0579723 -3.1563971 -3.2339462 -3.3006436 -3.3406929 -3.371632 -3.3803875 -3.379457 -3.3480387 -3.3052311 -3.2200705 -3.1239388 -2.9797104 -2.8309846 -2.6209469 -2.4155299 -2.1903649 -1.9914961
-1.91787 -1.8265716 -1.7140139 -1.5902167 -1.448056 -1.3223431 -1.1859477 -1.1128485 -1.0464257 -1.0026939 -1.018435 -1.0721892 -1.1716808 -1.2827697 -1.4169125 -1.5446456 -1.6750922 -1.7938549 -1.8784227 -1.9449397 -1.9698125 -1.9816049 -1.9617066 -1.9376007 -1.9027786 -1.8644172 -1.8407427 -1.8362257 -1.8610986 -1.8733667 -1.945852 -2.0038707 -2.120703 -2.2091998 -2.3496886 -2.4589717 -2.5965086 -2.7009158 -2.8200784 -2.9143514 -3.0096342 -3.0850467 -3.1576086 -3.2365925 -3.2771914 -3.2962503 -3.3273779 -3.3171147 -3.3133741 -3.2405596 -3.1839465 -3.0436031 -2.919653 -2.7096154 -2.5068071 -2.281642 -2.0614146
-1.9298357 -1.8668834 -1.7823156 -1.6812077 -1.5722408 -1.4655072 -1.3660157 -1.2929164 -1.2502772 -1.2307479 -1.2605953 -1.3143496 -1.4138411 -1.5235246 -1.6528636 -1.7805967 -1.9049611 -2.0173875 -2.1019553 -2.1684723 -2.1933452 -2.2051375 -2.1852392 -2.1599821 -2.1201855 -2.0817406 -2.0469185 -2.0213657 -2.0114165 -2.0128086 -2.0389905 -2.0796358 -2.1393307 -2.2100232 -2.2938055 -2.3827814 -2.4723238 -2.5634102 -2.652429 -2.7395747 -2.823357 -2.9041567 -2.9837499 -3.0627339 -3.1412798 -3.2014759 -3.2590763 -3.2862192 -3.3071648 -3.2764844 -3.2398297 -3.1322896 -3.0190009 -2.8253419 -2.6247826 -2.3996176 -2.1710231
-1.9105191 -1.8861255 -1.8422762 -1.7434305 -1.6847107 -1.6385701 -1.5830225 -1.527518 -1.5181246 -1.5081427 -1.5563766 -1.6101308 -1.7096223 -1.815741 -1.9356834 -2.0569927 -2.1623605 -2.269619 -2.3397868 -2.4063038 -2.4311767 -2.442969 -2.4230707 -2.3975623 -2.3577657 -2.3152657 -2.2655199 -2.2306115 -2.1957894 -2.1826789 -2.1635073 -2.1790472 -2.1782152 -2.2458914 -2.2797758 -2.2869993 -2.3084198 -2.3740491 -2.4168597 -2.4848615 -2.5425481 -2.6209056 -2.6970887 -2.7913046 -2.8863939 -2.9895741 -3.0783693 -3.1599215 -3.2115874 -3.2459273 -3.2357368 -3.1892069 -3.095499 -2.9628437 -2.7764084 -2.5823354 -2.3571704
-1.8797068 -1.8947355 -1.8698626 -1.8318209 -1.7883727 -1.8029229 -1.7633351 -1.752544 -1.7519556 -1.7682359 -1.8190153 -1.8858373 -1.9853289 -2.0719951 -2.1857082 -2.2922506 -2.3907858 -2.478146 -2.5428419 -2.5959393 -2.6182365 -2.6300288 -2.6101305 -2.5916088 -2.5532018 -2.5120535 -2.4637482 -2.4127015 -2.3719144 -2.3313687 -2.3000888 -2.2642086 -2.2461184 -2.2445272 -2.2497636 -2.188533 -2.1887568 -2.1773782 -2.1998674 -2.2181502 -2.2639578 -2.3189835 -2.3936022 -2.4941139 -2.5988418 -2.732945 -2.8481458 -2.976892 -3.0659108 -3.1493716 -3.1860263 -3.1883541 -3.1411396 -3.0476118 -2.9165205 -2.7438216 -2.5533667
-1.852815 -1.8778052 -1.9026781 -1.8983444 -1.9125574 -1.9271077 -1.9420314 -1.9512396 -1.9796658 -2.0103962 -2.0651165 -2.1313709 -2.2109642 -2.2955277 -2.3900447 -2.484737 -2.5643303 -2.6395862 -2.6893319 -2.7325426 -2.7474663 -2.7551231 -2.745174 -2.7282121 -2.6933901 -2.654866 -2.6100948 -2.5617233 -2.5070029 -2.4555535 -2.3979531 -2.3449287 -2.2802592 -2.2404266 -2.1723534 -2.1078128 -2.0481179 -2.0097287 -1.9678375 -1.9635714 -1.9688078 -2.0142724 -2.0739673 -2.1719963 -2.2924334 -2.4345088 -2.5916007 -2.7367115 -2.8858428 -2.9927206 -3.0928877 -3.1295425 -3.1473488 -3.0976031 -3.0158683 -2.8901948 -2.7334346
