P2_models/J1_p2_vp_slide_diff2_160.dat.tif
NCOLS 118
NROWS 92
XLLCORNER 139.62
YLLCORNER -39.07
DX 0.099491525
DY 0.099347826
NODATA_VALUE -9999
[rows 24 to 47 of 92, columns 55 to 109 of 118]
0.050315846 0.050115975 0.049916103 0.049716232 0.04951636 0.051817678 0.055818658 0.059819639 0.06382062 0.0678216 0.069973831 0.066940702 0.063637041 0.06033338 0.057029718 0.053726057 0.051865481 0.052957861 0.054050242 0.055142622 0.056235002 0.057149898 0.042214155 0.027278413 0.01234267 -0.0025930732 -0.017528816 -0.016398785 -0.010233877 -0.0040689694 0.0020959385 0.0082608464 0.0096905987 0.0025880302 -0.0045145384 -0.011617107 -0.018719676 -0.027538707 -0.020436893 -0.012265322 -0.0040937516 0.004077819 0.01224939 0.010216541 0.0031652707 -0.0038859999 -0.01093727 -0.017988541 -0.030064118 -0.04351776 -0.056971402 -0.070425044 -0.083878686 -0.083951023 -0.074966142
0.049221344 0.049021473 0.048821601 0.04862173 0.048421859 0.049968853 0.053459245 0.057460226 0.061461206 0.065462187 0.069463168 0.066191779 0.062885113 0.059581452 0.05627779 0.052974129 0.051598884 0.052691265 0.053783645 0.054876025 0.055968405 0.055460485 0.046071691 0.031135948 0.016200206 0.0012644627 -0.01367128 -0.014174466 -0.0080095577 -0.0018446498 0.0043202581 0.0032940223 -0.00028074474 0.0096158558 0.0025132872 -0.0045892814 -0.01169185 -0.018339057 -0.010167486 -0.0019959155 0.0061756552 0.014347226 0.016113531 0.0095212239 0.0024635461 -0.0045877244 -0.011638995 -0.018690265 -0.015756263 -0.024678521 -0.038132163 -0.051585805 -0.065039447 -0.071307923 -0.065059892
0.050586545 0.049987895 0.049788023 0.049588152 0.04938828 0.050935274 0.053669337 0.056919309 0.060920289 0.06492127 0.06892225 0.065650862 0.062129585 0.058786246 0.055482585 0.052178924 0.050803679 0.051896059 0.052988439 0.053893565 0.053439773 0.052891392 0.043895481 0.03489957 0.020319547 0.005383804 -0.0095519389 -0.010055124 -0.0038902163 0.0022746916 -0.0017542567 -0.019414566 -0.022989333 -0.0011832306 0.012356754 0.0052541857 -0.0018483829 -0.0084955895 -0.00032401892 0.0078475517 0.016019122 0.017127276 0.017420484 0.010828176 0.0035025387 -0.0035838886 -0.010635159 -0.01768643 -0.014752428 -0.0070581511 -0.014663035 -0.028116677 -0.041570319 -0.047838796 -0.050265792
0.052045055 0.051431584 0.050818112 0.050554574 0.050354702 0.051901696 0.054635759 0.057369822 0.060379372 0.064380353 0.068381333 0.065109944 0.061588668 0.058067392 0.05468738 0.051383718 0.050008474 0.051100854 0.051778264 0.051324472 0.05087068 0.050322299 0.041326388 0.032330477 0.023334566 0.0095031454 -0.0054325975 -0.0059357829 0.00022912505 -0.0068025356 -0.024462845 -0.042123153 -0.045697921 -0.023891818 -0.0020857165 0.015097653 0.0079950843 0.0013478776 0.0095194482 0.017691019 0.018141021 0.018434229 0.018727436 0.012135129 0.0048094911 -0.0025161465 -0.0096313234 -0.016682594 -0.013748592 -0.0060543153 0.0016399613 -0.0046475502 -0.018101192 -0.024369669 -0.026796665
0.053503566 0.052890094 0.052276622 0.05166315 0.051321124 0.052868118 0.055602181 0.058336243 0.061070306 0.063839435 0.067840416 0.064569027 0.061047751 0.057526474 0.054005198 0.050588513 0.049213268 0.049662964 0.049209172 0.04875538 0.048301588 0.047753207 0.038757296 0.029761385 0.020765474 0.011769563 -0.0013132562 -0.0018164415 -0.011850815 -0.029511124 -0.047171432 -0.064831741 -0.068406508 -0.046600406 -0.024794304 -0.0029882023 0.017838551 0.011191345 0.018861559 0.019154766 0.019447974 0.019741181 0.020034388 0.013442081 0.0061164434 -0.0012091941 -0.0085348317 -0.015678758 -0.012744756 -0.0050504795 0.0026437971 0.010338074 0.005367935 -0.0009005418 -0.0033275381
0.054556735 0.053943263 0.053329792 0.05271632 0.052102848 0.053189208 0.055923271 0.058657334 0.061391396 0.064125459 0.066859522 0.062879055 0.059357779 0.055836502 0.052315226 0.04879395 0.04661829 0.046164498 0.045710706 0.045256915 0.044803123 0.044670856 0.036406031 0.02741012 0.018414209 0.0094182976 0.00042238648 -0.014499855 -0.032160164 -0.049820472 -0.067480781 -0.08514109 -0.08805443 -0.066248328 -0.044442226 -0.022636124 -0.00083002216 0.020334724 0.020627932 0.020921139 0.021214347 0.021507554 0.021443167 0.0143175 0.006991862 -0.00033377552 -0.0076594131 -0.014985051 -0.013921187 -0.0062269103 0.0014673663 0.0091616429 0.01685592 0.019541942 0.017114946
0.052297546 0.051659532 0.05104606 0.050432588 0.049819116 0.049843715 0.050931782 0.053665845 0.056399908 0.05913397 0.061868033 0.053459824 0.048208416 0.04468714 0.041165863 0.037644587 0.035468928 0.035015136 0.034561344 0.034107552 0.034434087 0.036689209 0.03428602 0.026852081 0.01785617 0.0088602587 -0.00013565238 -0.015057894 -0.032718202 -0.050378511 -0.06803882 -0.078507598 -0.076744281 -0.060699858 -0.038893756 -0.017087654 0.0047184482 0.025883195 0.026176402 0.02646961 0.026762817 0.025283417 0.0086382894 0.0087004573 0.0043147552 -0.0030108824 -0.01033652 -0.017662157 -0.025301701 -0.025352001 -0.017657724 -0.0099634478 -0.0022691711 0.0078170919 0.012641123
0.050322427 0.049449567 0.048762328 0.048148856 0.047535384 0.047559983 0.048018177 0.048674357 0.051408419 0.054142482 0.056876545 0.048468336 0.039677264 0.033537777 0.030016501 0.026495224 0.024319565 0.023865773 0.023411981 0.024145159 0.026452441 0.028707563 0.026304373 0.023901184 0.017298131 0.0083022199 -0.00069369123 -0.015615932 -0.033276241 -0.05093655 -0.059906965 -0.065678412 -0.063915095 -0.048574816 -0.033234536 -0.011539183 0.010266919 0.031431665 0.031724873 0.03201808 0.029123666 0.012478539 -0.0041665884 -0.0041044206 -0.0022628707 -0.0056879892 -0.013013627 -0.020339264 -0.027978808 -0.035767999 -0.036782815 -0.029088538 -0.021394262 -0.011307999 5.7117185e-05
0.048347308 0.047474447 0.046601587 0.045865125 0.045251653 0.045276251 0.045734445 0.046192639 0.046650833 0.049150994 0.051885056 0.043476847 0.034685776 0.025894705 0.018867138 0.015345862 0.013170202 0.01271641 0.01385623 0.016163512 0.018470794 0.020725916 0.018322727 0.015919537 0.013516347 0.007744181 -0.0012517301 -0.016173971 -0.03383428 -0.041306331 -0.047077779 -0.052849226 -0.051085908 -0.035745629 -0.02040535 -0.0050650709 0.015815389 0.036980136 0.037273343 0.032963916 0.016318788 -0.00032633905 -0.016971466 -0.016909299 -0.015067749 -0.013226199 -0.015690734 -0.023016371 -0.030655915 -0.038445106 -0.046234298 -0.048213629 -0.040519352 -0.030433089 -0.019067973
0.046372188 0.045499328 0.044626467 0.043753607 0.042967921 0.042992519 0.043450713 0.043908907 0.044367101 0.044825295 0.046893568 0.038485359 0.029694288 0.020903216 0.012112145 0.004196499 0.0020208397 0.0035673011 0.0058745833 0.0081818654 0.010489148 0.01274427 0.01034108 0.0079378903 0.0055347006 0.003131511 -0.0018097689 -0.01673201 -0.022705698 -0.028477145 -0.034248592 -0.040020039 -0.038256722 -0.022916443 -0.0075761636 0.0077641155 0.023104395 0.042528606 0.036804165 0.020159038 0.0035139103 -0.013131217 -0.029776344 -0.029714176 -0.027872627 -0.026031077 -0.024189527 -0.025693478 -0.033333021 -0.041122213 -0.048911404 -0.056700596 -0.059644443 -0.04955818 -0.038193064
0.044811052 0.043938192 0.043065331 0.042192471 0.04131961 0.040972928 0.041431122 0.041889316 0.04234751 0.042805704 0.043263898 0.034163129 0.025372058 0.016580987 0.0077899156 -0.0010011556 -0.0049236987 -0.0026164165 -0.00030913435 0.0019981478 0.00430543 0.0082827448 0.010732335 0.0083291455 0.0059259558 0.0035227662 0.0011195765 -0.0035874553 -0.0093589023 -0.015130349 -0.020901796 -0.026673244 -0.034130081 -0.020902799 -0.0055625201 0.009777759 0.025118038 0.039504749 0.022859622 0.0062144945 -0.010430633 -0.02707576 -0.039942525 -0.035487143 -0.033645594 -0.031804044 -0.029962494 -0.028120944 -0.02831109 -0.036100282 -0.043889473 -0.051678665 -0.059467856 -0.054629336 -0.04326422
0.044049294 0.043059827 0.042186967 0.041314106 0.040441246 0.040015309 0.039893077 0.040305367 0.040763561 0.041221755 0.041679949 0.03187261 0.02215362 0.013362549 0.004571478 -0.0042195932 -0.0081421363 -0.0058348541 -0.003527572 -0.0012202898 0.003343024 0.0092904774 0.018354155 0.022529621 0.020126432 0.017723242 0.015320052 0.010613021 0.0048415736 -0.00092987352 -0.0067013206 -0.011331347 -0.018535064 -0.030503707 -0.021386685 -0.0060464059 0.0092938733 0.023680584 0.0070354568 -0.0096096704 -0.026254798 -0.037863481 -0.042761195 -0.034648298 -0.027821003 -0.025979453 -0.024137904 -0.022296354 -0.01955508 -0.018380517 -0.026169709 -0.0339589 -0.041748092 -0.036823113 -0.025156567
0.043485603 0.042353887 0.041308602 0.040435742 0.039562881 0.039136945 0.039014713 0.03889248 0.039179611 0.039637805 0.040095999 0.03028866 0.020128586 0.010144112 0.0013530403 -0.0074380308 -0.011360574 -0.0090532918 -0.0067460096 -0.0015618038 0.0043507565 0.01029821 0.019361888 0.028425566 0.034326908 0.031923718 0.029520528 0.024813497 0.019042049 0.013382349 0.0088230096 0.0042636696 -0.0029400467 -0.01490869 -0.026877332 -0.021870571 -0.0065302916 0.0078564192 -0.0087887081 -0.025433835 -0.035784438 -0.040682152 -0.045579866 -0.037466968 -0.027968398 -0.020154863 -0.018313313 -0.016471763 -0.01373049 -0.010560292 -0.008449944 -0.016239136 -0.024028327 -0.019103348 -0.0073808588
0.042921912 0.041790196 0.04065848 0.039557378 0.038684517 0.038258581 0.038136348 0.038014116 0.037891883 0.038053855 0.038512049 0.028704711 0.018544636 0.0083845614 -0.0017755132 -0.010656468 -0.014579012 -0.012271729 -0.0064666315 -0.00055407127 0.005358489 0.011305942 0.02036962 0.029433298 0.038496976 0.046124194 0.043721004 0.039013972 0.033536706 0.028977367 0.024418027 0.019858687 0.01265497 0.0006863275 -0.011282315 -0.023250958 -0.022354457 -0.0079677457 -0.024612873 -0.033705394 -0.038603108 -0.043500822 -0.048398537 -0.040285639 -0.030787068 -0.021288498 -0.012488723 -0.010647173 -0.0079058999 -0.004735702 -0.001565504 0.0014806291 -0.0063085624 -0.0013835836 0.010338906
0.042358221 0.041226505 0.040094789 0.038963073 0.037831357 0.037380216 0.037257984 0.037135751 0.037013519 0.036891287 0.036928099 0.027120761 0.016960686 0.0068006115 -0.0033594631 -0.013519538 -0.01728402 -0.011371459 -0.005458899 0.00045366124 0.0063662215 0.012313675 0.021377353 0.030441031 0.039504709 0.048568387 0.057632065 0.053691063 0.049131723 0.044572384 0.040013044 0.035453704 0.028249987 0.016281345 0.0043127017 -0.0076559411 -0.019624584 -0.023791911 -0.03162635 -0.036524065 -0.041421779 -0.046319493 -0.051217207 -0.04310431 -0.033605739 -0.024107168 -0.014608597 -0.0051100266 -0.0020813097 0.0010888883 0.0042590863 0.0074292842 0.010599482 0.016336181 0.028058671
0.033444403 0.032312687 0.031180971 0.030049255 0.034173291 0.036629349 0.035858332 0.035736099 0.035613867 0.035491634 0.035369402 0.025542782 0.015382708 0.005222633 -0.0049374416 -0.01079578 -0.0066068017 -0.00069424142 0.0052183188 0.011130879 0.017043439 0.012113267 0.015191959 0.024255637 0.033319315 0.042382993 0.051446671 0.05119239 0.04663305 0.042073711 0.037514371 0.029707431 0.016676326 0.010080398 -0.0018882444 -0.013856887 -0.02582553 -0.03758337 -0.042481084 -0.047378798 -0.052276513 -0.057174227 -0.05489055 -0.045832118 -0.036333547 -0.026834976 -0.017336406 -0.011451751 -0.0084792239 -0.0053090259 -0.002138828 0.00103137 0.010243766 0.023536261 0.03525875
0.021706457 0.020574741 0.019443025 0.025816592 0.035117096 0.037573153 0.035378122 0.03416014 0.034037908 0.033915676 0.033793443 0.023966823 0.013806749 0.0036466741 0.00030977058 0.0031517912 0.0073407692 0.013253329 0.01916589 0.024347995 0.017931713 0.011608753 0.013620171 0.015637429 0.024701107 0.033764785 0.042828463 0.042574183 0.038014843 0.033455503 0.023392252 0.0038417921 -0.0091893122 -0.010473128 -0.015460885 -0.027429528 -0.039398171 -0.051156011 -0.056053725 -0.060951439 -0.065849153 -0.062513434 -0.057587628 -0.048529195 -0.039030625 -0.029532054 -0.024541374 -0.021983485 -0.019010957 -0.015840759 -0.012670561 -0.0023431139 0.013885944 0.027178439 0.038900928
0.0099685118 0.0088367957 0.017459893 0.026760397 0.0360609 0.038516958 0.036321926 0.034126894 0.032461949 0.032339717 0.032217484 0.022390864 0.01223079 0.011415321 0.014257341 0.017099362 0.02128834 0.0272009 0.030259763 0.023843481 0.017427199 0.011104239 0.013115657 0.015127076 0.017138494 0.025146577 0.034210255 0.033955975 0.029396635 0.017077074 -0.0024733862 -0.022023846 -0.035054951 -0.036338767 -0.037622583 -0.041002169 -0.052970812 -0.064728652 -0.069626366 -0.07452408 -0.070136317 -0.065210511 -0.060284705 -0.051226273 -0.041727702 -0.037630996 -0.035073107 -0.032515218 -0.029542691 -0.026372493 -0.014929994 0.0012990638 0.017528121 0.030820616 0.042543106
-0.00019730901 0.0091031943 0.018403698 0.027704201 0.037004704 0.039460762 0.03726573 0.035070699 0.032875667 0.030763758 0.030641525 0.020814905 0.022520871 0.025362892 0.028204912 0.031046933 0.035235911 0.036171531 0.029755249 0.023338967 0.016922685 0.010599725 0.012611143 0.014622561 0.01663398 0.018645398 0.025592047 0.025337767 0.010761896 -0.0087885645 -0.028339025 -0.047889485 -0.060920589 -0.062204405 -0.063488221 -0.064772037 -0.066543452 -0.078301292 -0.082685006 -0.077759201 -0.072833395 -0.067907589 -0.062981783 -0.05392335 -0.050720618 -0.048162729 -0.045604841 -0.043046952 -0.040074424 -0.027516874 -0.011287816 0.0049412414 0.021170299 0.034462794 0.035021625
0.00013218567 0.009432689 0.018733192 0.028033696 0.037334199 0.040665534 0.038470502 0.03627547 0.034080438 0.031885407 0.029690375 0.03146638 0.0343084 0.037150421 0.039992441 0.042834462 0.041615132 0.03519885 0.028782568 0.022366285 0.015950003 0.0097667669 0.010568065 0.012579484 0.014590902 0.01660232 0.018613739 0.0058771259 -0.013673334 -0.033223795 -0.052774255 -0.072324715 -0.081613021 -0.082896838 -0.084180654 -0.08546447 -0.086748286 -0.087846977 -0.082921171 -0.077995365 -0.073069559 -0.068143753 -0.063844711 -0.061993812 -0.059435923 -0.056878034 -0.054320145 -0.051762257 -0.040431995 -0.024202937 -0.0079738793 0.0082551784 0.024484236 0.02742839 0.023048574
-0.0036286128 0.0051290257 0.014429529 0.023730032 0.033030536 0.039228169 0.041643502 0.039448471 0.037253439 0.035058407 0.032863375 0.029186788 0.029804773 0.032646794 0.035488814 0.038330835 0.037111505 0.030695222 0.02427894 0.017862658 0.011992645 0.0074046138 -0.00060576807 -0.0010675255 0.00094389276 0.0029553111 0.0049667293 -0.0077698834 -0.027320344 -0.046870804 -0.066421264 -0.085804046 -0.088623705 -0.06457266 -0.065856476 -0.067140292 -0.068424108 -0.069522799 -0.064596993 -0.059671187 -0.054745381 -0.052157679 -0.067717373 -0.059658073 -0.054451622 -0.051893733 -0.049335844 -0.046777955 -0.037605236 -0.02336461 -0.0071355527 0.0090935049 0.025322563 0.028878163 0.025118813
-0.001782857 0.0023490616 0.010125866 0.019426369 0.028726872 0.034924505 0.039013607 0.042621471 0.040426439 0.038231407 0.036036376 0.032359788 0.028632293 0.028143166 0.030985187 0.033827208 0.032607877 0.026191595 0.019775313 0.014180203 0.0096304922 0.0050424607 -0.0029679212 -0.010978303 -0.012703116 -0.010691698 -0.0086802799 -0.021416893 -0.040967353 -0.060517813 -0.079866219 -0.099143923 -0.10196358 -0.075127339 -0.048291095 -0.048816114 -0.05009993 -0.051198621 -0.046272815 -0.041347009 -0.040470648 -0.056030342 -0.071590036 -0.063530736 -0.052955935 -0.046909431 -0.044351542 -0.041793653 -0.032620934 -0.02029473 -0.0062972262 0.0099318315 0.026160889 0.02971649 0.026496347
6.2898791e-05 0.0041948174 0.008326736 0.015122706 0.024423209 0.030620842 0.034709944 0.038799046 0.042888147 0.041404408 0.039209376 0.035532789 0.031805294 0.028077799 0.02648156 0.029323581 0.02810425 0.021687968 0.01636776 0.01181805 0.0072683391 0.0026803076 -0.0053300743 -0.013340456 -0.021350838 -0.024338707 -0.022327289 -0.035063902 -0.054614362 -0.073928393 -0.093206096 -0.1124838 -0.11530346 -0.088467215 -0.061630972 -0.034794728 -0.031775752 -0.032874443 -0.027948637 -0.028783616 -0.04434331 -0.059903005 -0.075462699 -0.067403399 -0.056828597 -0.046253796 -0.039367241 -0.036809352 -0.027636633 -0.015310429 -0.0029842247 0.010770158 0.026999216 0.030554816 0.027334674
0.0019086546 0.0060405732 0.010172492 0.01430441 0.020119546 0.026317179 0.030406281 0.034495382 0.038584484 0.042673586 0.042382377 0.038705789 0.034978294 0.031250799 0.027523304 0.024819953 0.023600623 0.018555318 0.014005607 0.0094558966 0.004906186 0.00031815447 -0.0076922274 -0.015702609 -0.023712991 -0.031723373 -0.035974298 -0.048710911 -0.067990566 -0.087268269 -0.10654597 -0.12582368 -0.12864333 -0.10180709 -0.074970848 -0.048134605 -0.021298361 -0.014550265 -0.017096585 -0.032656279 -0.048215973 -0.063775668 -0.079335362 -0.071276061 -0.06070126 -0.050126459 -0.039551658 -0.03182505 -0.022652331 -0.010326127 0.0020000768 0.014326281 0.027837542 0.031393143 0.028173
