P2_models/J1_p2_vp_slide_diff_300.dat.tif
NCOLS 118
NROWS 92
XLLCORNER 139.62
YLLCORNER -39.07
DX 0.099491525
DY 0.099347826
NODATA_VALUE -9999
[rows 0 to 26 of 92, columns 0 to 59 of 118]
-9999 -9999 -9999 -9999 -9999 -9999 -9999 -9999 -9999 -9999 -9999 -9999 -9999 -9999 -9999 -9999 -9999 -9999 -9999 -9999 -9999 -9999 -9999 -9999 -9999 -9999 -9999 -9999 -9999 -9999 -9999 -9999 -9999 -9999 -9999 -9999 -9999 -9999 -9999 -9999 -9999 -9999 -9999 -9999 -9999 -9999 -9999 -9999 -9999 -9999 -9999 -9999 -9999 -9999 -9999 -9999 -9999 -9999 -9999 -9999
-9999 8.6165135 8.6168814 8.6172494 8.6176173 8.6179853 8.6182316 8.6184245 8.6176983 8.6161672 8.6146362 8.6131052 8.6115741 8.6106425 8.6105541 8.6100563 8.6095585 8.6090607 8.6085629 8.6086624 8.6101396 8.6116169 8.6130942 8.6145715 8.6157835 8.6152188 8.6148301 8.6151783 8.6155265 8.6158747 8.6162229 8.6165657 8.6168979 8.6172301 8.6175623 8.6178945 8.6161222 8.6129291 8.6143334 8.6144284 8.6145234 8.6146185 8.6147135 8.6117834 8.6078025 8.6041805 8.6005585 8.5969364 8.5933144 8.5780864 8.554302 8.5305177 8.5067333 8.482949 8.4667614 8.4760971 8.4843165 8.4925359 8.5007553 8.5089748
-9999 8.6167875 8.6171555 8.6175234 8.6178914 8.618043 8.6180592 8.6182521 8.6186491 8.6184415 8.6169104 8.6153794 8.6138484 8.6129167 8.6131854 8.6132872 8.6127894 8.6122916 8.6117938 8.6118932 8.6133705 8.6148478 8.6163251 8.6170632 8.6166311 8.6160664 8.6151461 8.614469 8.6148172 8.6151654 8.6155136 8.6158564 8.6161886 8.6165208 8.616853 8.6132689 8.6056337 8.6024407 8.6056028 8.6076407 8.6077357 8.6078307 8.6079258 8.6049957 8.5998909 8.5956345 8.5920125 8.5883905 8.5847684 8.569839 8.5529553 8.5300108 8.5062265 8.4824421 8.4662545 8.476381 8.4860313 8.4942507 8.5024701 8.5106896
-9999 8.6170615 8.6174295 8.6177974 8.6178545 8.6178706 8.6178867 8.6180797 8.6184767 8.6188737 8.6191847 8.6176536 8.6161226 8.615191 8.6154596 8.6157282 8.6159968 8.6155224 8.6150247 8.6151241 8.6166014 8.6180787 8.6183429 8.6179108 8.6174787 8.6169139 8.6159937 8.6150735 8.6141533 8.6144561 8.6148043 8.6151471 8.6154793 8.6158115 8.6104157 8.6027805 8.5951453 8.5919522 8.5951143 8.5982765 8.600948 8.601043 8.601138 8.5982079 8.5931032 8.5879984 8.5834665 8.5798445 8.5762225 8.561293 8.5444093 8.5275256 8.5057196 8.4819352 8.4657476 8.4758741 8.4860005 8.4959655 8.5041849 8.5124043
-9999 8.6173356 8.6176497 8.6176659 8.617682 8.6176982 8.6177143 8.6179073 8.6183043 8.6187013 8.6190982 8.6194952 8.6183969 8.6174652 8.6177338 8.6180025 8.6182711 8.6185397 8.6182555 8.618355 8.6198323 8.6196226 8.6191905 8.6187584 8.6183262 8.6177615 8.6168413 8.6159211 8.6150008 8.6140806 8.614095 8.6144378 8.61477 8.6075625 8.5999273 8.5922921 8.5846568 8.5814638 8.5846259 8.587788 8.5909501 8.5941123 8.5943503 8.5914202 8.5863154 8.5812106 8.5761058 8.5712985 8.5676765 8.552747 8.5358633 8.5189796 8.5020959 8.4814284 8.4652407 8.4753672 8.4854937 8.4956201 8.5057466 8.5141191
-9999 8.6174612 8.6174773 8.6174935 8.6175096 8.6175258 8.6175419 8.6177349 8.6181319 8.6185288 8.6189258 8.6193228 8.6197198 8.6197394 8.6200081 8.6202767 8.6205453 8.6208139 8.6210826 8.6213344 8.6209023 8.6204702 8.620038 8.6196059 8.6191738 8.618609 8.6176888 8.6167686 8.6158484 8.6149282 8.614008 8.6123445 8.6047093 8.597074 8.5894388 8.5818036 8.5741684 8.5709754 8.5741375 8.5772996 8.5804617 8.5836238 8.5867859 8.5846325 8.5795277 8.5744229 8.5693181 8.5642133 8.5591305 8.544201 8.5273173 8.5104336 8.4935499 8.4766662 8.4647339 8.4748603 8.4849868 8.4951132 8.5052397 8.5153662
-9999 8.6177947 8.6178109 8.617827 8.6178431 8.6178593 8.6178084 8.6179397 8.6183367 8.6187337 8.6191307 8.6195277 8.6198284 8.6199802 8.62011 8.6203786 8.6206472 8.6209159 8.6211845 8.6212412 8.6208091 8.620377 8.6199448 8.6195127 8.6190028 8.6186009 8.61862 8.6176998 8.6167796 8.6158594 8.6149392 8.6117253 8.6040901 8.5964549 8.5888197 8.5811845 8.5768591 8.5776138 8.5807759 8.583938 8.5871001 8.5902622 8.576923 8.5634019 8.557355 8.5522502 8.5471454 8.5420406 8.5369358 8.5217878 8.5049041 8.4880204 8.4711367 8.4656017 8.4898437 8.4999702 8.5100967 8.5202231 8.5303496 8.5353954
-9999 8.6182084 8.6182245 8.6182407 8.6182568 8.6181719 8.6180731 8.6182044 8.6186014 8.6189984 8.6193954 8.6196329 8.6198167 8.6199686 8.6200563 8.620144 8.620405 8.6206736 8.6209423 8.620999 8.6205669 8.6201347 8.6197026 8.6191353 8.6184943 8.6180923 8.6183313 8.6185702 8.617724 8.6168038 8.6158836 8.6126698 8.6050346 8.5973993 8.5897641 8.5871391 8.5862109 8.5869656 8.5901277 8.5932898 8.5964519 8.5771753 8.5547739 8.5412529 8.5341158 8.52764 8.5225352 8.5174305 8.5123257 8.4971777 8.480294 8.4634103 8.466453 8.4947701 8.5190121 8.5291385 8.539265 8.5493914 8.5528884 8.5548526
-9999 8.618622 8.6186382 8.6186342 8.6185354 8.6184365 8.6183377 8.618469 8.618866 8.6192537 8.6194375 8.6196213 8.6198051 8.6199569 8.6200446 8.6201324 8.6202201 8.6204314 8.6207 8.6207567 8.6203246 8.6198925 8.6192678 8.6186268 8.6179857 8.6175838 8.6178227 8.6180616 8.6183006 8.6177483 8.6168281 8.6136142 8.605979 8.5983471 8.597419 8.5964909 8.5955627 8.5963174 8.5994795 8.5998289 8.5774276 8.5550262 8.5326248 8.5191038 8.5119668 8.5048297 8.4979251 8.4928203 8.4877155 8.4725675 8.4556838 8.4673042 8.4956213 8.5239384 8.5481804 8.5583068 8.568417 8.5703813 8.5723455 8.5743098
-9999 8.6190357 8.6189977 8.6188989 8.6188 8.6187012 8.6186023 8.6187337 8.6190582 8.619242 8.6194259 8.6196097 8.6197935 8.6199453 8.620033 8.6201207 8.6202085 8.6202962 8.6204578 8.6205145 8.6200413 8.6194003 8.6187592 8.6181182 8.6174771 8.6170752 8.6173141 8.6175531 8.617792 8.618031 8.6177725 8.6145587 8.6086271 8.6076989 8.6067708 8.6058427 8.6049145 8.6056692 8.6000812 8.5776799 8.5552785 8.5328771 8.5104758 8.4969547 8.4898177 8.4826807 8.4755436 8.4684066 8.4631054 8.4479574 8.4681555 8.4964725 8.5247896 8.5531067 8.5773487 8.58591 8.5878742 8.5898384 8.5918027 8.5937669
-9999 8.6192857 8.6191869 8.6190881 8.6189892 8.6188904 8.6187915 8.6188652 8.619049 8.6192328 8.6194166 8.6196004 8.6197842 8.6198669 8.6199546 8.6200423 8.62013 8.6202178 8.6203055 8.6201728 8.6195318 8.6188907 8.6182496 8.6176086 8.6169675 8.615967 8.616206 8.6164449 8.6166838 8.6169228 8.6171617 8.6170021 8.6160739 8.6151458 8.6142176 8.6132895 8.6123614 8.6011481 8.5787467 8.5563453 8.533944 8.5115426 8.4891412 8.4801177 8.4729806 8.4658436 8.4587066 8.4515695 8.4444325 8.4675251 8.4958421 8.5241592 8.5524763 8.5807933 8.5979891 8.5999533 8.6019176 8.6038818 8.6058461 8.6078103
-9999 8.6189804 8.6188816 8.6187828 8.6186839 8.6185851 8.6187075 8.6188714 8.6190552 8.619239 8.6194228 8.6196066 8.6199038 8.6199646 8.6194841 8.6195261 8.6196138 8.6197016 8.6197893 8.6196566 8.6190156 8.6183745 8.6177335 8.6170924 8.6166185 8.6153258 8.6116328 8.6114071 8.6116461 8.611885 8.612124 8.6119643 8.6110362 8.610108 8.6091799 8.6082517 8.6001694 8.5851519 8.5627505 8.5403491 8.5179477 8.4955464 8.4968761 8.4956738 8.490957 8.48382 8.4766829 8.4695459 8.4624089 8.4855014 8.5138185 8.5421356 8.5704526 8.5803913 8.5765519 8.5785161 8.5804804 8.5824446 8.5844089 8.6045794
-9999 8.6186752 8.6185763 8.6184775 8.6184204 8.6185671 8.6187137 8.6188776 8.6190614 8.6192452 8.6194348 8.6197659 8.620097 8.6201577 8.6196772 8.6191966 8.6190976 8.6191854 8.6192731 8.6191404 8.6184994 8.6178583 8.6172173 8.6168039 8.6164067 8.615114 8.611421 8.6077281 8.6066083 8.6068473 8.6070862 8.6069265 8.6059984 8.6050703 8.603886 8.5940296 8.5841732 8.5691556 8.5467542 8.5243529 8.5058232 8.5084522 8.5110812 8.5098789 8.5059222 8.5017963 8.4946593 8.4875223 8.4803852 8.5034778 8.5317949 8.5601119 8.5644689 8.5589541 8.5551147 8.5570789 8.5590432 8.5625917 8.5844621 8.6063325
-9999 8.6183699 8.618271 8.61828 8.6184266 8.6185733 8.6187199 8.6188838 8.6190676 8.6192968 8.6196279 8.619959 8.6202901 8.6203508 8.6198703 8.6193898 8.6189092 8.6186692 8.6187569 8.6186242 8.6179832 8.6173864 8.6169893 8.6165921 8.616195 8.6149023 8.6112093 8.6075163 8.6038233 8.6018095 8.6020485 8.6018888 8.6009606 8.5977462 8.5878898 8.5780334 8.568177 8.5531594 8.530758 8.5173993 8.5200283 8.5226573 8.5252863 8.5240839 8.5201273 8.5161707 8.5122141 8.5054987 8.4983616 8.5214542 8.5497713 8.5485466 8.5430317 8.5375169 8.5336775 8.5356417 8.5424745 8.5643448 8.5862152 8.6080856
-9999 8.6180646 8.6181396 8.6182862 8.6184328 8.6185795 8.6187261 8.61889 8.6191588 8.6194899 8.619821 8.6201521 8.6204832 8.6205439 8.6200634 8.6195829 8.6191023 8.6186218 8.6182407 8.618108 8.6175718 8.6171747 8.6167775 8.6163804 8.6159833 8.6146906 8.6109976 8.6073046 8.6036116 8.5999186 8.5970107 8.596851 8.5916063 8.5817499 8.5718935 8.5620371 8.5521807 8.5371631 8.5289755 8.5316044 8.5342334 8.5368624 8.5394914 8.538289 8.5343324 8.5303758 8.5264192 8.5224625 8.516338 8.5381391 8.5326242 8.5271094 8.5215945 8.5160797 8.5122403 8.5223572 8.5442275 8.5660979 8.5879683 8.6098386
-9999 8.6177159 8.6178625 8.6180091 8.6181558 8.6183024 8.618449 8.6189241 8.6192552 8.6195863 8.6199174 8.6202485 8.6205796 8.620478 8.6199729 8.6194923 8.6190118 8.6185313 8.6180507 8.6175954 8.6171983 8.6168011 8.616404 8.6160068 8.6156097 8.607575 8.6011582 8.5974652 8.5937722 8.5900792 8.5863862 8.580588 8.5707316 8.5608752 8.5510188 8.5411624 8.5313059 8.5337705 8.5363995 8.5390284 8.5416574 8.5442864 8.5469154 8.546653 8.5426964 8.5387398 8.5347832 8.5308265 8.5268699 8.5268585 8.5213437 8.5158288 8.510314 8.5047991 8.4988132 8.5167337 8.538604 8.5604744 8.5823448 8.6042151
-9999 8.6167805 8.6169272 8.6170738 8.6172204 8.6175376 8.6188199 8.6194225 8.6192406 8.619458 8.6197891 8.6201202 8.6204513 8.6203497 8.6193818 8.6187428 8.6182623 8.6177817 8.6173012 8.6168458 8.6164487 8.6160516 8.6156544 8.6152573 8.6155348 8.6077502 8.578221 8.5652545 8.5615615 8.5578685 8.5541755 8.5483773 8.5385209 8.5286645 8.5188081 8.5099114 8.5228672 8.5299994 8.5288002 8.5306957 8.5333247 8.5359536 8.5385826 8.5388811 8.5374878 8.5335312 8.5295746 8.525618 8.5216613 8.5289377 8.5336634 8.5281486 8.5226337 8.5171189 8.511133 8.5035155 8.5158401 8.5377104 8.5595808 8.5814512
-9999 8.6158452 8.6159918 8.6161384 8.6167917 8.618074 8.6193563 8.6199589 8.6197771 8.6195952 8.6196608 8.6199919 8.620323 8.6202214 8.6192535 8.6182857 8.6175127 8.6170322 8.6165516 8.6160963 8.6156992 8.615302 8.6150534 8.6153818 8.6157101 8.6079255 8.5783962 8.548867 8.5293508 8.5256578 8.5219648 8.5161666 8.5063102 8.4964538 8.4933401 8.5062959 8.5192518 8.526384 8.5251848 8.5239856 8.5249919 8.5276209 8.5302499 8.5305484 8.5291716 8.5277947 8.524366 8.5204094 8.5164528 8.5237291 8.5329468 8.5404684 8.5349535 8.5294387 8.5234528 8.5158353 8.5082178 8.5149465 8.5368168 8.5586872
-9999 8.6149098 8.6150565 8.6160459 8.6173282 8.6186105 8.6198928 8.6204954 8.6203136 8.6201317 8.6199499 8.6198636 8.6201947 8.6200931 8.6191252 8.6181573 8.6171895 8.6162826 8.6158021 8.6153467 8.6149496 8.6149003 8.6152287 8.615557 8.6158853 8.6081007 8.5785715 8.5490422 8.519513 8.4934471 8.4897542 8.4839559 8.4740995 8.4767689 8.4897247 8.5026805 8.5156364 8.5227686 8.5215694 8.5203702 8.5191709 8.5192882 8.5219171 8.5222156 8.5208388 8.519462 8.5180852 8.5152008 8.5112442 8.5185205 8.5277383 8.536956 8.5461737 8.5417584 8.5357725 8.528155 8.5205375 8.51292 8.5140529 8.5359232
-9999 8.6140178 8.6153001 8.6165824 8.6178647 8.619147 8.6204293 8.6210319 8.62085 8.6206682 8.6204863 8.6203045 8.6201226 8.6199648 8.6189969 8.618029 8.6170612 8.6160933 8.6151254 8.6145972 8.6147473 8.6150756 8.6154039 8.6157322 8.6160605 8.6082759 8.5787467 8.5492174 8.5196882 8.4901589 8.4606297 8.4517453 8.4601977 8.4731535 8.4861093 8.4990651 8.5120209 8.5191532 8.517954 8.5167547 8.5155555 8.5143563 8.5135844 8.5138829 8.5125061 8.5111293 8.5097524 8.5083756 8.5060356 8.513312 8.5225297 8.5317474 8.5409651 8.5501828 8.5480923 8.5404748 8.5328573 8.5252398 8.5176223 8.5131593
-9999 8.6126675 8.6139498 8.6152321 8.6165144 8.6177967 8.619461 8.621072 8.6208901 8.6207082 8.6205264 8.6203445 8.6201198 8.6185726 8.6167716 8.6158037 8.6148358 8.6138679 8.6129001 8.6123241 8.6126525 8.6129808 8.6133091 8.6136374 8.6139657 8.6130286 8.5934386 8.5639093 8.5343801 8.5048508 8.4753216 8.4603038 8.4732597 8.4862155 8.4991713 8.5121271 8.5222301 8.5160292 8.51483 8.5136308 8.5124316 8.5112324 8.5126613 8.5145471 8.5130435 8.5116666 8.5102898 8.508913 8.5075362 8.5151927 8.5244104 8.5336281 8.5428458 8.5520635 8.5482634 8.5406459 8.5330284 8.5254109 8.5177934 8.5160296
-9999 8.609894 8.6111763 8.6124586 8.6137409 8.6159623 8.6191266 8.6207376 8.6205557 8.6203738 8.620192 8.6197903 8.6190109 8.6174637 8.6143791 8.6119966 8.6110287 8.6100608 8.6090929 8.608517 8.6088453 8.6091736 8.609502 8.6101116 8.6114698 8.6105343 8.6034512 8.5895514 8.5600222 8.5304929 8.5009637 8.4859459 8.4989018 8.5118576 8.5248134 8.5291737 8.5194769 8.513276 8.5120768 8.5108776 8.5096784 8.5132553 8.5213042 8.5231899 8.520645 8.5188949 8.5175181 8.5161413 8.5147645 8.522421 8.5316387 8.5408564 8.54882 8.5444038 8.5392705 8.531653 8.5240355 8.516418 8.5187145 8.5324926
-9999 8.6071205 8.6084028 8.6096851 8.6124636 8.6156279 8.6187922 8.6204032 8.6202213 8.6200394 8.6194609 8.6186814 8.617902 8.6163548 8.6132702 8.6101857 8.6072216 8.6062537 8.6052858 8.6047099 8.6050382 8.6053665 8.6062591 8.6076173 8.6089755 8.6080401 8.6009569 8.5938738 8.5856643 8.556135 8.5266058 8.511588 8.5245439 8.5374997 8.5361174 8.5264205 8.5167237 8.5105228 8.5093236 8.5081244 8.5138493 8.5218982 8.529947 8.5318327 8.5292879 8.526743 8.5247464 8.5233696 8.5219928 8.5296493 8.538867 8.5442433 8.5398271 8.535411 8.5302776 8.5226601 8.5150426 8.5213993 8.5351775 8.5489556
-9999 8.604347 8.6058005 8.6089649 8.6121292 8.6152935 8.6184578 8.6200688 8.6198869 8.6191315 8.618352 8.6175726 8.6167931 8.6152459 8.6121614 8.6090768 8.6059922 8.6029076 8.6014787 8.6009027 8.601231 8.6024066 8.6037648 8.605123 8.6064813 8.6055458 8.5984627 8.5913795 8.5842964 8.5772133 8.5522479 8.5372301 8.550186 8.5430611 8.5333642 8.5236673 8.5139705 8.5077696 8.5065704 8.5144433 8.5224921 8.530541 8.5385899 8.5404756 8.5379307 8.5353858 8.5328409 8.5305979 8.5292211 8.5368776 8.5396666 8.5352504 8.5308343 8.5264181 8.5212847 8.5136672 8.5240841 8.5378623 8.5516404 8.5654186
-9999 8.6023018 8.6054661 8.6086305 8.6117948 8.6149591 8.6181234 8.6195815 8.618802 8.6180226 8.6172431 8.6164637 8.6156842 8.614137 8.6110525 8.6079679 8.6048833 8.6017988 8.5987142 8.5971959 8.5985541 8.5999123 8.6012705 8.6026288 8.603987 8.6030515 8.5959684 8.5888853 8.5818022 8.574719 8.5676359 8.5597017 8.5500048 8.5403079 8.530611 8.5209141 8.5112173 8.5069884 8.5150372 8.5230861 8.531135 8.5391838 8.5472327 8.5491184 8.5465735 8.5440286 8.5414837 8.5389389 8.5364494 8.5350899 8.5306737 8.5262576 8.5218414 8.5174252 8.5129908 8.526769 8.5405471 8.5543253 8.5681034 8.5818816
-9999 8.5981367 8.601301 8.6044653 8.6076296 8.610794 8.6155498 8.6189258 8.618814 8.6180346 8.6172551 8.6164757 8.6156962 8.6093068 8.5955116 8.592427 8.5893425 8.5862579 8.5831733 8.5814322 8.5827904 8.5841486 8.5855069 8.5868651 8.5871875 8.5903904 8.6015333 8.5944502 8.5873671 8.5802839 8.5732008 8.5652249 8.555528 8.5458312 8.5361343 8.5264374 8.5149747 8.5024434 8.4985479 8.5065967 8.5146456 8.5226945 8.5307433 8.5388297 8.5409155 8.5383706 8.5358257 8.5332808 8.5307359 8.5202302 8.5147257 8.5103095 8.5058934 8.5014772 8.501072 8.5146257 8.5284039 8.5421821 8.5559602 8.5697384
-9999 8.5932373 8.5964017 8.599566 8.6027303 8.6083399 8.6143885 8.6177645 8.6180562 8.6182614 8.6174819 8.6167025 8.615923 8.6095336 8.59191 8.5742864 8.5710356 8.567951 8.5648665 8.5631253 8.5644836 8.5658418 8.5672 8.5666889 8.5650134 8.5682164 8.5844945 8.6007727 8.5944766 8.5873934 8.5803103 8.5723344 8.5626375 8.5529407 8.5432438 8.5308149 8.5173069 8.5047755 8.4936416 8.4852907 8.4933395 8.5013884 8.5094372 8.5175236 8.5256369 8.5299717 8.5274268 8.5248819 8.522337 8.5118313 8.4999497 8.4930285 8.4886123 8.4841961 8.483791 8.4972793 8.5107781 8.5245563 8.5383344 8.5521126
