P2_models/J1_p2_vp_slide_diff_120.dat.tif
NCOLS 118
NROWS 92
XLLCORNER 139.62
YLLCORNER -39.07
DX 0.099491525
DY 0.099347826
NODATA_VALUE -9999
[rows 27 to 53 of 92, columns 0 to 59 of 118]
-9999 8.1246171 8.1320676 8.140059 8.151272 8.162485 8.1736981 8.1816082 8.1857064 8.1898047 8.1939029 8.1921888 8.1888797 8.184925 8.1796779 8.1744307 8.1691835 8.1655922 8.1626648 8.1588573 8.1530191 8.147181 8.1404624 8.1336362 8.1268099 8.1158762 8.0939338 8.0719914 8.0500489 8.0387346 8.0317024 8.0273052 8.0279875 8.0286698 8.0263122 8.0238617 8.0214111 8.0223444 8.0281187 8.033893 8.0396673 8.0388607 8.0374256 8.0344979 8.0304971 8.0264963 8.0229792 8.0223491 8.021719 8.0270717 8.0334583 8.039845 8.0405365 8.0349255 8.0307925 8.0317787 8.0327649 8.0337511 8.0309521 8.0274643
-9999 8.118385 8.1274902 8.1387032 8.1499162 8.1611293 8.1723423 8.1802524 8.1843507 8.1884489 8.1925471 8.1966454 8.1971238 8.1931692 8.187922 8.1826749 8.1774277 8.1721805 8.1679518 8.1641443 8.1581424 8.1513161 8.1444898 8.1376636 8.1308373 8.1199036 8.0979612 8.0760188 8.0540763 8.0321339 8.0170397 8.0126425 8.0126236 8.0101731 8.0077225 8.005272 8.0028215 8.0037547 8.009529 8.0153033 8.0210776 8.0268519 8.0277198 8.024792 8.0207912 8.0167905 8.0127897 8.0087889 8.0079312 8.0132839 8.0196705 8.0260572 8.0324438 8.0354121 8.031279 8.0322653 8.0332515 8.0342377 8.0352239 8.0332739
-9999 8.1137219 8.124935 8.136148 8.147361 8.158574 8.169787 8.1780344 8.1821326 8.1862309 8.1903291 8.1944273 8.1985256 8.1990917 8.1938445 8.1885974 8.1833502 8.178103 8.1728558 8.1671311 8.1603049 8.1534786 8.1466523 8.139826 8.1329997 8.1231114 8.1011689 8.0792265 8.0572841 8.0353416 8.0133992 7.9981145 7.995664 7.9932135 7.990763 7.9883124 7.9858619 7.9870549 7.9928292 7.9986034 8.0043777 8.010152 8.0159263 8.0163494 8.0123486 8.0083478 8.0043471 8.0003463 7.9963455 8.0009664 8.007353 8.0137397 8.0201263 8.0265129 8.0302371 8.0312233 8.0322096 8.0331958 8.034182 8.0351682
-9999 8.1012925 8.1125055 8.1237185 8.1349315 8.1461446 8.154038 8.1627996 8.1728164 8.1769146 8.1810128 8.1851111 8.1892093 8.1891829 8.1808968 8.1754071 8.17016 8.1649128 8.1596656 8.1539409 8.1471146 8.1402884 8.1334621 8.1266358 8.1150044 8.1029901 8.0958847 8.0756865 8.0537441 8.0318017 8.0098592 7.9945746 7.9921241 7.9896735 7.987223 7.9847725 7.9866618 7.9893174 7.9916867 7.9974609 8.0032352 8.0090095 8.0147838 8.0163601 8.0143054 8.0103046 8.0063038 8.002303 7.9983022 8.0016028 8.0071393 8.013526 8.0199126 8.0262992 8.0289509 8.0186649 8.0185845 8.0195707 8.0205569 8.0215432
-9999 8.088863 8.100076 8.111289 8.1217774 8.1293045 8.1368316 8.1455932 8.1557795 8.1659658 8.1716965 8.1757948 8.179893 8.1798666 8.1715805 8.1632943 8.1569697 8.1517226 8.1464754 8.1407507 8.1339244 8.1270981 8.1202719 8.1067118 8.0928661 8.0808518 8.0737465 8.0666411 8.0502041 8.0282617 8.0063193 7.9910346 7.9885841 7.9861336 7.9839768 7.9869464 7.989916 7.9925715 7.9947778 7.9969841 8.0020927 8.007867 8.0136413 8.0152176 8.013776 8.0122613 8.0082605 8.0042597 8.000259 8.0035595 8.0081219 8.0133122 8.0196989 8.0260855 8.0287372 8.0184512 8.0081652 8.0059457 8.0069319 8.0079181
-9999 8.0764335 8.0876465 8.0970439 8.104571 8.1120981 8.1196252 8.1283868 8.1385731 8.1487594 8.1589457 8.1664785 8.1705767 8.1705503 8.1622642 8.153978 8.1456919 8.1385323 8.1332852 8.1275605 8.1207342 8.112265 8.0984193 8.0845735 8.0707278 8.0587135 8.0516082 8.0445028 8.0373974 8.0247218 8.0027793 7.9874947 7.9850442 7.9842614 7.987231 7.9902006 7.9931701 7.9958257 7.998032 8.0002383 8.0024446 8.0067245 8.0124988 8.0140751 8.0126335 8.0111919 8.0097503 8.0062165 8.0022157 8.0055162 8.0100786 8.014641 8.0194852 8.0258718 8.0285235 8.0182375 8.0079515 7.9976655 7.9933069 7.9942931
-9999 8.0640041 8.0723104 8.0798375 8.0873646 8.0948917 8.1024188 8.1111804 8.1213667 8.131553 8.1417393 8.1519256 8.1612604 8.161234 8.1529479 8.1446617 8.1363756 8.1280894 8.1200949 8.1143703 8.1039725 8.0901267 8.076281 8.0624352 8.0485895 8.0365753 8.0294699 8.0223645 8.0152591 8.0081537 7.9992394 7.9839547 7.984546 7.9875156 7.9904852 7.9934547 7.9964243 7.9990799 8.0012862 8.0034925 8.0056988 8.0079051 8.0113563 8.0129326 8.011491 8.0100494 8.0086078 8.0071663 8.0041724 8.0074729 8.0120353 8.0165977 8.0211601 8.0257225 8.0283098 8.0180238 8.0077378 7.9974518 7.9871658 7.9806681
-9999 8.0512322 8.0587593 8.0662864 8.0738136 8.0813407 8.0888678 8.0972902 8.107546 8.1177323 8.1279186 8.1381049 8.1482912 8.1481234 8.1378365 8.1295503 8.1212642 8.112978 8.1046919 8.0947246 8.0808789 8.0670331 8.0531874 8.0393416 8.0254959 8.0218117 8.0150283 8.007923 8.0008176 7.9937122 7.9866068 7.9829427 7.9859123 7.9888819 7.9918514 7.994821 7.9977906 8.0020567 8.0046442 8.0068505 8.0090568 8.0112631 8.0134694 8.0154446 8.014003 8.0125615 8.0111199 8.0096783 8.0082367 8.0069124 8.0114748 8.0160372 8.0205996 8.025162 8.0286312 8.0206861 8.0104001 8.0001141 7.9898281 7.9795421
-9999 8.0437099 8.051237 8.0587641 8.0662912 8.0731 8.0781349 8.0864678 8.0986069 8.1094958 8.1196821 8.1298684 8.1400547 8.1398868 8.1189841 8.1048812 8.096595 8.0883089 8.0800227 8.0700555 8.0562097 8.042364 8.0285182 8.0157323 8.0179894 8.0181159 8.0125318 8.0061755 7.9990701 7.9919648 7.9848594 7.9811953 7.9841648 7.9871344 7.990104 7.9927661 7.9939852 7.9980672 8.0062453 8.0103797 8.012586 8.0147923 8.0169986 8.0194384 8.0220459 8.0211008 8.0196593 8.0182177 8.0167761 8.0111591 8.0067624 8.0113248 8.0158872 8.0204496 8.0239188 8.0236013 8.0178058 8.0075198 7.9972338 7.9869478
-9999 8.0361875 8.0437146 8.0512417 8.0572426 8.0622776 8.0673125 8.0756454 8.0877845 8.0999236 8.1114455 8.1216318 8.1318181 8.1316502 8.1107475 8.0898449 8.0719259 8.0636397 8.0553536 8.0453863 8.0315406 8.0176948 8.0097794 8.0120366 8.0142937 8.0144202 8.008836 8.0032518 7.9973227 7.9902173 7.9831119 7.9794478 7.9824174 7.985387 7.9875577 7.9887767 7.9899957 7.9940778 8.0022558 8.0104338 8.0161152 8.0183215 8.0205279 8.0229676 8.0255751 8.0281827 8.0281986 8.0267571 8.0253155 8.0196984 8.0133598 8.0070211 8.0111749 8.0157373 8.0192065 8.018889 8.0185715 8.0149256 8.0046396 7.9943536
-9999 8.0286652 8.0361923 8.0413853 8.0464202 8.0514551 8.0564901 8.0648229 8.076962 8.0891011 8.1012402 8.1133794 8.1235815 8.1234136 8.102511 8.0816083 8.0607056 8.0398029 8.0306845 8.0207172 8.0068714 8.0038266 8.0060837 8.0083408 8.010598 8.0107244 8.0051403 7.9995561 7.9939719 7.9883878 7.9813645 7.9777004 7.98067 7.9823492 7.9835682 7.9847872 7.9860062 7.9900883 7.9982663 8.0064444 8.0146224 8.0218508 8.0240571 8.0264968 8.0291044 8.0317119 8.0343195 8.0352964 8.0338549 8.0282378 8.0218991 8.0155605 8.0092218 8.011025 8.0144942 8.0141767 8.0138592 8.0135417 8.0120453 8.0017593
-9999 8.020493 8.0255279 8.0305629 8.0355978 8.0406327 8.0456676 8.0540005 8.0661396 8.0782787 8.0904178 8.1025569 8.114696 8.1151771 8.0942744 8.0733717 8.052469 8.0315664 8.0106637 7.996048 7.9978737 8.0001308 8.002388 8.0046451 8.0069022 8.0070287 8.0014445 7.9958604 7.9902762 7.984692 7.9791078 7.9759217 7.9771407 7.9783597 7.9795787 7.9807978 7.9820168 7.9860988 7.9942769 8.0024549 8.0106329 8.018811 8.026989 8.030026 8.0326336 8.0352411 8.0378487 8.0404562 8.0423942 8.0367772 8.0304385 8.0240998 8.0177612 8.0114225 8.0097818 8.0094644 8.0091469 8.0088294 8.0085119 8.0081944
-9999 8.0149248 8.0199597 8.0249946 8.0300295 8.0350645 8.0367215 8.0410656 8.0532047 8.0653438 8.0774829 8.0896221 8.0994024 8.0995921 8.0862489 8.0653462 8.0444436 8.0235409 8.0026382 7.9887387 7.9909958 7.993253 7.9955101 7.9977672 8.001748 8.0048339 7.9937919 7.9882077 7.9826235 7.9770393 7.9714552 7.9681947 7.9694138 7.9706328 7.9718518 7.9730708 7.9774888 7.9866807 7.9948588 8.0030368 8.0112148 8.0193929 8.0279373 8.0304498 8.0314556 8.0340631 8.0366707 8.0392782 8.0418858 8.0368654 8.0305267 8.0241881 8.0178494 8.0101149 7.996946 7.9966285 7.996311 7.9959935 7.995676 8.0009867
-9999 8.0111336 8.0161685 8.0212034 8.0262383 8.025482 8.0230722 8.0274163 8.0395554 8.0516945 8.0638336 8.0712434 8.0760697 8.0762594 8.067164 8.0573921 8.0364895 8.0155868 7.9946841 7.9807846 7.9830418 7.9852989 7.987556 7.9936645 8.0029565 8.0060425 7.9924946 7.9792167 7.9736325 7.9680484 7.9624642 7.9592038 7.9604228 7.9616418 7.9628608 7.9697162 7.9796168 7.9888087 7.9969867 8.0051648 8.0133428 8.0220688 8.0309479 8.0334605 8.0313961 8.031293 8.0339006 8.0365081 8.0391157 8.0340953 8.0277567 8.021418 8.0114107 7.9945316 7.9813626 7.9810451 7.9807277 7.9804102 7.9881297 7.9989835
-9999 8.0073424 8.0123773 8.0166523 8.0142425 8.0118327 8.0094228 8.013767 8.0259061 8.0380452 8.0430843 8.0479107 8.052737 8.0529267 8.0438313 8.034736 8.0256406 8.0076327 7.98673 7.9728305 7.9750877 7.9773448 7.9855811 7.9948731 8.0041651 8.0072511 7.9937032 7.9801553 7.9666074 7.9590574 7.9534732 7.9502128 7.9514318 7.9526508 7.9619436 7.9718442 7.9817448 7.9909367 7.9991147 8.0073213 8.0162004 8.0250795 8.0339586 8.0364711 8.0344068 8.0323424 8.0311305 8.0337381 8.0363456 8.0313253 8.0249866 8.0127064 7.9958273 7.9789482 7.9657793 7.9654618 7.9651443 7.9752727 7.9861265 7.9969804
-9999 8.0035512 8.0054128 8.003003 8.0005932 7.9981834 7.9957735 8.0001177 8.010099 8.0149253 8.0197516 8.024578 8.0294043 8.029594 8.0204986 8.0114033 8.0023079 7.9932126 7.9787759 7.9648764 7.9682057 7.9774977 7.9867897 7.9960817 8.0053737 8.0084597 7.9949118 7.9813639 7.967816 7.9542681 7.9444822 7.9412218 7.9442704 7.954171 7.9640716 7.9739722 7.9838728 7.9930647 8.0014529 8.010332 8.0192111 8.0280902 8.0369693 8.0394818 8.0374174 8.0353531 8.0332887 8.0312243 8.0335755 8.0285552 8.0140022 7.9971231 7.980244 7.9633649 7.9501959 7.9515619 7.9624158 7.9732696 7.9841234 7.9949772
-9999 7.9939443 7.9915344 7.9891246 7.9867148 7.984305 7.9818952 7.9842627 7.989089 7.9939154 7.9987417 8.003568 8.0083943 8.0098871 8.0007917 7.9916964 7.982601 7.9735057 7.9644103 7.960875 7.970167 7.979459 7.9887511 7.9980431 8.0073351 8.0107839 7.997236 7.9836881 7.9701403 7.9565924 7.9430445 7.9375058 7.9474064 7.957307 7.9672076 7.9771082 7.9870088 7.9936848 8.0025639 8.011443 8.0203221 8.0292012 8.0380803 8.0408835 8.0388191 8.0367547 8.0346904 8.032626 8.0305616 8.0169128 8.0000337 7.9831546 7.9662755 7.9493964 7.9378198 7.9486737 7.9595275 7.9703813 7.9812351 7.9920889
-9999 7.9783384 7.9759286 7.9735188 7.971109 7.9686991 7.9836824 7.9903356 7.9855973 7.9904236 7.9952499 8.0000762 8.0049026 8.0080003 8.0076365 7.9993351 7.9902398 7.9811444 7.9720491 7.9685138 7.9778058 7.9870978 7.9963898 8.0056819 8.008587 8.0081957 8.0064567 7.9944266 7.9808787 7.9673308 7.9537829 7.9482443 7.9581449 7.9680455 7.977946 7.9878466 8.0002748 8.002287 7.9893474 7.9982265 8.0071056 8.0159848 8.0248639 8.0285691 8.0280855 8.0260212 8.0239568 8.0218924 8.0198281 8.0115422 7.9982448 7.9813657 7.9644866 7.9476075 7.9354772 7.939796 7.9499634 7.9608173 7.9716711 7.9825249
-9999 7.9627325 7.9603227 7.9579129 7.959469 7.9761318 7.9927945 7.9994477 7.9945488 7.9896499 7.9917582 7.9965845 8.0014108 8.0045085 8.0041447 8.0037809 7.9978786 7.9887832 7.9796879 7.9761526 7.9854446 7.9947366 8.0040286 8.0044115 8.004523 8.0041318 8.0023927 8.0006536 7.9916171 7.9780693 7.9645214 7.9589827 7.9688833 7.9787839 7.9888874 8.0019021 8.0149168 8.016929 8.0032005 7.989472 7.9938892 8.0027683 8.0116474 8.0153527 8.0153386 8.0152876 8.0132232 8.0111588 8.0090945 8.0008086 7.9914476 7.9795768 7.9626977 7.9458186 7.9336883 7.9380071 7.9423259 7.9512532 7.962107 7.9729609
-9999 7.9471267 7.9447169 7.9519184 7.9685811 7.9852439 8.0019066 8.0085598 8.0036609 7.998762 7.9938631 7.9930927 7.997919 8.0010168 8.000653 8.0002892 7.9999254 7.996422 7.9873267 7.9837914 7.9930834 8.0001243 8.0002359 8.0003475 8.0004591 8.0000678 7.9983287 7.9965897 7.9948506 7.9888077 7.9752598 7.9697212 7.9796218 7.9905147 8.0035294 8.0165441 8.0295588 8.0315709 8.0178425 8.004114 7.9903856 7.9895519 7.998431 8.0021363 8.0021221 8.002108 8.0020938 8.0004253 7.9983609 7.9900751 7.980714 7.9713529 7.9609088 7.9440297 7.9318994 7.9362182 7.940537 7.9448559 7.952543 7.9633968
-9999 7.9315208 7.9443678 7.9610305 7.9776932 7.9943559 8.0110187 8.0176719 8.012773 8.0078741 8.0029752 7.9980763 7.9944273 7.997525 7.9971612 7.9967974 7.9964336 7.9960698 7.9949655 7.9914302 7.9959487 7.9960603 7.9961719 7.9962835 7.9963951 7.9960039 7.9942648 7.9925257 7.9907866 7.9890475 7.9859983 7.9804596 7.992142 8.0051567 8.0181714 8.031186 8.0442007 8.0462129 8.0324844 8.018756 8.0050275 7.9912991 7.9852146 7.9889198 7.9889057 7.9888916 7.9888774 7.9888633 7.9876273 7.9793415 7.9699804 7.9606193 7.9512582 7.9418971 7.9301105 7.9344293 7.9387481 7.943067 7.9473858 7.9538328
-9999 7.9373422 7.9540049 7.9706676 7.9873304 8.0039931 8.0206558 8.0179221 8.0130232 8.0081243 8.0032254 7.9983265 7.9934276 7.9917552 7.9919286 7.9915648 7.991201 7.9908372 7.9904734 7.9902533 7.9903649 7.9904765 7.9905881 7.9906997 7.9908113 7.9988597 7.9984335 7.9966944 7.9949553 7.9932162 7.9914772 7.9947775 8.0077921 8.0208068 8.0338215 8.0468362 8.0598508 8.0491396 8.0354111 8.0216827 8.0079542 7.9942257 7.9814542 7.9805496 7.9805355 7.9805213 7.9805072 7.980493 7.9804789 7.9724952 7.9631341 7.953773 7.9444119 7.9350508 7.9323657 7.9366846 7.9410034 7.9453222 7.949641 7.9536603
-9999 7.9478137 7.9644764 7.9811391 7.9978018 8.0083487 8.0070555 8.0040884 7.9991895 7.9942906 7.9893917 7.9847846 7.9812791 7.9798076 7.9824093 7.9835655 7.9832017 7.9828379 7.9824741 7.982254 7.9823656 7.9824772 7.9825888 7.9842783 7.997837 8.008764 8.0126374 8.0139467 8.0122076 8.0104685 8.0087295 8.0120298 8.0250444 8.0380591 8.0510738 8.0583948 8.0462464 8.0334479 8.0197195 8.005991 7.9922625 7.9829748 7.9813838 7.9804351 7.9799481 7.9798528 7.9798387 7.9798245 7.9798104 7.9718267 7.9624656 7.9531045 7.9437434 7.9415054 7.9410481 7.9453669 7.9496857 7.9540045 7.9570591 7.9574018
-9999 7.9582852 7.9749479 7.9916106 7.9958083 7.9945151 7.9932219 7.9902548 7.9853559 7.980457 7.9763426 7.9728371 7.9693316 7.96786 7.9704617 7.9730634 7.9752024 7.9748386 7.9744748 7.9742548 7.9743664 7.974478 7.9806239 7.9941826 8.0077413 8.0186683 8.0225417 8.0264152 8.0294599 8.0277208 8.0259818 8.0292821 8.0422968 8.0553114 8.0548516 8.0427032 8.0305547 8.0177563 8.0040278 7.9902993 7.9844954 7.9829044 7.9813134 7.9803646 7.9798776 7.9793907 7.9791702 7.979156 7.9791419 7.9711582 7.9617971 7.95386 7.9520239 7.9501877 7.9497304 7.9540492 7.9583681 7.9604578 7.9608005 7.9611432
-9999 7.9687567 7.9845611 7.9832679 7.9819747 7.9806815 7.9793882 7.9764212 7.9715223 7.9679006 7.964395 7.9608895 7.957384 7.9559125 7.9585142 7.9611159 7.9637176 7.9663193 7.9664756 7.9662555 7.9663671 7.9769695 7.9905282 8.0040869 8.0176456 8.0285726 8.0324461 8.0363195 8.0401929 8.0440663 8.0432341 8.0465344 8.0595491 8.0513083 8.0391599 8.0270115 8.0148631 8.0020646 7.9883361 7.9860159 7.9844249 7.9828339 7.9812429 7.9802942 7.9798072 7.9793202 7.9788333 7.9784875 7.9784734 7.9704897 7.9643785 7.9625424 7.9607062 7.9588701 7.9584128 7.9627316 7.9638565 7.9641992 7.9645419 7.9648847
-9999 7.9720207 7.9707275 7.9694343 7.9681411 7.9668478 7.9655546 7.962964 7.9594585 7.955953 7.9524475 7.9489419 7.9454364 7.9439649 7.9465666 7.9491683 7.95177 7.9543717 7.9569734 7.9597564 7.9733151 7.9868738 8.0004325 8.0139912 8.0275499 8.0384769 8.0423504 8.0462238 8.0500972 8.0539706 8.0578441 8.0599135 8.0477651 8.0356167 8.0234683 8.0113198 7.9991714 7.9891275 7.9875365 7.9859455 7.9843545 7.9827635 7.9811725 7.9802238 7.9797368 7.9792498 7.9787628 7.9782758 7.9778049 7.974897 7.9730609 7.9712247 7.9693886 7.9675524 7.9669125 7.9672552 7.967598 7.9679407 7.9682834 7.9686261
-9999 7.9716932 7.9704 7.9691067 7.9678135 7.9665203 7.9628116 7.9583295 7.9548239 7.9513184 7.9478129 7.9443074 7.9437253 7.9438715 7.9404718 7.9430735 7.9456752 7.948277 7.9508787 7.9567936 7.9703523 7.983911 7.9974697 8.0110284 8.0192441 8.0213924 8.0291027 8.0329761 8.0368496 8.040723 8.0445964 8.0429973 8.0308489 8.0187005 8.006552 7.9944036 7.9864441 7.9834868 7.9818958 7.9803047 7.9787137 7.9771227 7.9788051 7.979151 7.9780242 7.9775372 7.9770502 7.9765632 7.9760762 7.9744389 7.9726027 7.9707666 7.9689304 7.968265 7.9703395 7.9706822 7.9710249 7.9713676 7.9717104 7.963328
