P2_models/J1_p2_vp_slide_diff_15.dat.tif
NCOLS 118
NROWS 92
XLLCORNER 139.62
YLLCORNER -39.07
DX 0.099491525
DY 0.099347826
NODATA_VALUE -9999
[rows 27 to 53 of 92, columns 0 to 59 of 118]
-9999 6.277177 6.2739437 6.2714305 6.2732055 6.2749806 6.2767556 6.2802048 6.2855863 6.2909679 6.2963494 6.2940673 6.2896822 6.284192 6.2764888 6.2687857 6.2610826 6.2597722 6.2610248 6.2599415 6.2534695 6.2469974 6.257339 6.2697385 6.2821379 6.2901702 6.2864975 6.2828247 6.279152 6.2866733 6.2987049 6.3087273 6.3148767 6.3210262 6.333681 6.3465348 6.3593886 6.36346 6.3549669 6.3464737 6.3379806 6.3374213 6.3376198 6.337591 6.3373988 6.3372066 6.3370103 6.3367893 6.3365684 6.3386902 6.3412169 6.3437436 6.3448651 6.3444314 6.3435755 6.3412568 6.3389381 6.3366194 6.3317894 6.3265025
-9999 6.270983 6.2699522 6.2717273 6.2735023 6.2752773 6.2770524 6.2805016 6.2858831 6.2912646 6.2966461 6.3020277 6.3026365 6.2971463 6.2894432 6.28174 6.2740369 6.2663338 6.2625628 6.2614795 6.2581346 6.2705341 6.2829335 6.295333 6.3077325 6.3157648 6.312092 6.3084193 6.3047465 6.3010738 6.304614 6.3146364 6.3222865 6.3351403 6.3479941 6.3608479 6.3737017 6.3777731 6.3692799 6.3607868 6.3522936 6.3438005 6.3412225 6.3411937 6.3410015 6.3408093 6.3406172 6.340425 6.340206 6.3423278 6.3448545 6.3473812 6.349908 6.3515912 6.3507353 6.3484166 6.3460979 6.3437792 6.3414605 6.3371938
-9999 6.2683197 6.2700947 6.2718697 6.2736447 6.2754198 6.2771948 6.2795831 6.2849646 6.2903461 6.2957276 6.3011092 6.3064907 6.3104371 6.302734 6.2950308 6.2873277 6.2796246 6.2719214 6.270297 6.2826965 6.295096 6.3074954 6.3198949 6.3322943 6.341022 6.3373492 6.3336765 6.3300037 6.3263309 6.3226582 6.3246304 6.3374842 6.350338 6.3631918 6.3760456 6.3888994 6.3913593 6.3828661 6.374373 6.3658798 6.3573867 6.3488936 6.3452577 6.3450656 6.3448734 6.3446812 6.344489 6.3442968 6.3456129 6.3481396 6.3506663 6.353193 6.3557198 6.3567964 6.3544778 6.3521591 6.3498404 6.3475217 6.345203
-9999 6.2671915 6.2689666 6.2707416 6.2725166 6.2742916 6.2705335 6.2700347 6.2740416 6.2794232 6.2848047 6.2901862 6.2955677 6.3036413 6.317106 6.3110916 6.3033884 6.2956853 6.2879822 6.2863578 6.2987572 6.3111567 6.3235562 6.3359556 6.3403934 6.3445608 6.3578368 6.3561565 6.3524838 6.348811 6.3451383 6.3471105 6.3599643 6.3728181 6.3856719 6.3985257 6.4014036 6.3983888 6.3904688 6.3819756 6.3734825 6.3649893 6.3564962 6.3529567 6.3529271 6.352735 6.3525428 6.3523506 6.3521584 6.3489249 6.3485224 6.3510491 6.3535759 6.3561026 6.3569101 6.3517623 6.3491759 6.3468572 6.3445385 6.3422198
-9999 6.2660634 6.2678384 6.2696135 6.2701806 6.2658118 6.261443 6.2609441 6.2649117 6.2688793 6.2738817 6.2792632 6.2846447 6.2927183 6.306183 6.3196477 6.3194492 6.311746 6.3040429 6.3024185 6.314818 6.3272174 6.3396169 6.3408592 6.3416281 6.3457954 6.3590715 6.3723475 6.3749639 6.3712911 6.3676184 6.3695905 6.3824443 6.3952981 6.4074767 6.4078714 6.4082662 6.4052514 6.3973588 6.3894662 6.3810851 6.372592 6.3640988 6.3605594 6.360581 6.3605965 6.3604044 6.3602122 6.36002 6.3567865 6.3530273 6.3514319 6.3539587 6.3564854 6.3572929 6.3521451 6.3469973 6.343874 6.3415553 6.3392367
-9999 6.2649353 6.2667103 6.2654589 6.2610901 6.2567213 6.2523525 6.2518536 6.2558212 6.2597888 6.2637564 6.2683402 6.2737217 6.2817954 6.29526 6.3087247 6.3221894 6.3278068 6.3201037 6.3184792 6.3308787 6.340556 6.3413249 6.3420938 6.3428627 6.3470301 6.3603061 6.3735822 6.3868582 6.3937712 6.3900985 6.3920706 6.4049244 6.4139445 6.4143393 6.414734 6.4151288 6.412114 6.4042214 6.3963288 6.3884362 6.3801946 6.3717015 6.368162 6.3681837 6.3682053 6.3682269 6.3680738 6.3678816 6.364648 6.3608889 6.3571297 6.3543415 6.3568682 6.3576757 6.3525279 6.3473801 6.3422323 6.3385722 6.3362535
-9999 6.2638072 6.2607372 6.2563684 6.2519996 6.2476307 6.2432619 6.2427631 6.2467307 6.2506982 6.2546658 6.2586334 6.2627988 6.2708724 6.2843371 6.2978017 6.3112664 6.3247311 6.3361644 6.33454 6.3410218 6.3417907 6.3425596 6.3433285 6.3440974 6.3482648 6.3615408 6.3748168 6.3880929 6.4013689 6.4125785 6.4145507 6.4204124 6.4208071 6.4212019 6.4215966 6.4219914 6.4189766 6.411084 6.4031915 6.3952989 6.3874063 6.3793041 6.3757647 6.3757863 6.3758079 6.3758296 6.3758512 6.3757432 6.3725096 6.3687505 6.3649913 6.3612321 6.3574729 6.3580585 6.3529107 6.3477629 6.3426151 6.3374673 6.3332703
-9999 6.2585642 6.2541954 6.2498266 6.2454578 6.241089 6.2367202 6.236169 6.2400117 6.2439793 6.2479469 6.2519145 6.2558821 6.2640873 6.2780637 6.2915284 6.3049931 6.3184578 6.3319225 6.3415481 6.342317 6.3430859 6.3438548 6.3446238 6.3453927 6.351876 6.3632088 6.3764848 6.3897609 6.4030369 6.416313 6.4251892 6.4255839 6.4259787 6.4263735 6.4267682 6.427163 6.4245302 6.4168685 6.4089759 6.4010833 6.3931907 6.3852981 6.3792967 6.3793183 6.37934 6.3793616 6.3793833 6.3794049 6.3773219 6.3735627 6.3698036 6.3660444 6.3622852 6.3594993 6.3556978 6.3505501 6.3454023 6.3402545 6.3351067
-9999 6.2562261 6.2518573 6.2474885 6.2431197 6.2396596 6.2384437 6.2380059 6.2384661 6.2411719 6.2451395 6.2491071 6.2530747 6.2612799 6.2779713 6.2929236 6.3063883 6.319853 6.3333177 6.3429433 6.3437122 6.3444811 6.34525 6.3466628 6.3572154 6.366014 6.3701116 6.3788674 6.3921435 6.4054195 6.4186956 6.4275718 6.4279666 6.4283613 6.4287561 6.4287491 6.4268559 6.4239825 6.419707 6.4129822 6.4050896 6.397197 6.3893044 6.3826366 6.3768491 6.3761585 6.3761801 6.3762018 6.3762234 6.3751008 6.3733459 6.3695867 6.3658275 6.3620684 6.3592825 6.3598679 6.3573027 6.3521549 6.3470071 6.3418593
-9999 6.253888 6.2495192 6.2451504 6.2427123 6.2414964 6.2402805 6.2398427 6.240303 6.2407633 6.242332 6.2462996 6.2502672 6.2584725 6.2751638 6.2918552 6.3077835 6.3212482 6.3347128 6.3443385 6.3451074 6.3458763 6.3502483 6.3608009 6.3713535 6.3801521 6.3842496 6.3883471 6.3945261 6.4078022 6.4210782 6.4299544 6.4303492 6.430744 6.4300946 6.4282014 6.4263082 6.4234348 6.4191593 6.4148837 6.4090959 6.4012033 6.3933108 6.3866429 6.3808554 6.375068 6.3729986 6.3730203 6.3730419 6.3719193 6.3705989 6.3692785 6.3656107 6.3618515 6.3590656 6.359651 6.3602364 6.3589075 6.3537597 6.3486119
-9999 6.2515499 6.247181 6.2457651 6.2445492 6.2433333 6.2421174 6.2416796 6.2421398 6.2426001 6.2430604 6.2435207 6.2474598 6.255665 6.2723564 6.2890478 6.3057391 6.3224305 6.336108 6.3457337 6.3465026 6.3538338 6.3643864 6.374939 6.3854915 6.3942901 6.3983877 6.4024852 6.4065827 6.4106803 6.4234608 6.432337 6.4327318 6.4314401 6.4295469 6.4276537 6.4257604 6.4228871 6.4186115 6.414336 6.4100604 6.4052097 6.3973171 6.3906492 6.3848617 6.3790743 6.3732869 6.3698388 6.3698604 6.3687378 6.3674174 6.366097 6.3647766 6.3616347 6.3588488 6.3594342 6.3600196 6.360605 6.3605123 6.3553645
-9999 6.2500338 6.2488179 6.247602 6.2463861 6.2451701 6.2439542 6.2435164 6.2439767 6.244437 6.2448972 6.2453575 6.2458178 6.2528576 6.2695489 6.2862403 6.3029317 6.319623 6.3363144 6.3471289 6.3574193 6.3679719 6.3785245 6.389077 6.3996296 6.4084282 6.4125257 6.4166233 6.4207208 6.4248183 6.4289159 6.4346788 6.4327856 6.4308924 6.4289992 6.4271059 6.4252127 6.4223394 6.4180638 6.4137883 6.4095127 6.4052371 6.4009616 6.3946555 6.3888681 6.3830806 6.3772932 6.3715057 6.3666789 6.3655563 6.3642359 6.3629155 6.3615951 6.3602747 6.3586319 6.3592173 6.3598027 6.3603881 6.3609735 6.3615589
-9999 6.2537234 6.2525075 6.2512916 6.2500757 6.2488597 6.2453609 6.2422275 6.2426878 6.243148 6.2436083 6.2440686 6.2446187 6.2506183 6.2672095 6.2839009 6.3005923 6.3172836 6.333975 6.3488101 6.3593626 6.3699152 6.3804678 6.3910203 6.4030293 6.4151612 6.4167471 6.4208446 6.4249421 6.4290397 6.4331372 6.4351885 6.4332953 6.4314021 6.4295089 6.4276157 6.4245963 6.4199241 6.4156485 6.411373 6.4070974 6.4028218 6.4001113 6.3916474 6.383172 6.3773845 6.3715971 6.3658096 6.3600222 6.3580435 6.3567231 6.3554028 6.3540824 6.35269 6.3513751 6.3519605 6.3525459 6.3531313 6.3537167 6.3591344
-9999 6.2580396 6.2568237 6.2556078 6.2543919 6.2492621 6.2430148 6.2398814 6.2403416 6.2408019 6.2412622 6.2419025 6.2426412 6.2486408 6.2651758 6.2817198 6.2984111 6.3151025 6.3317939 6.346629 6.3571815 6.3677341 6.3782867 6.3920935 6.4085904 6.4207223 6.421155 6.4217119 6.4258095 6.429907 6.4340045 6.4360558 6.4341626 6.4322694 6.4303762 6.4264988 6.4215493 6.4168771 6.4126016 6.408326 6.4040504 6.4021157 6.4008349 6.3923709 6.3787432 6.3684069 6.3626195 6.3568321 6.3510446 6.349066 6.3477456 6.3464252 6.3449157 6.3430522 6.3417373 6.3423227 6.3429081 6.3434935 6.3509794 6.3611563
-9999 6.2623559 6.26114 6.2594105 6.2531632 6.246916 6.2406687 6.2375353 6.2379955 6.2384558 6.2391864 6.2399251 6.2406637 6.2466634 6.2631984 6.2797334 6.2962684 6.3129214 6.3296128 6.3444478 6.3550004 6.365553 6.3811578 6.3976546 6.4141515 6.4262834 6.4267161 6.4271488 6.4275815 6.4307744 6.4348719 6.4369232 6.43503 6.4331368 6.4284013 6.4234518 6.4185024 6.4138302 6.4095546 6.405401 6.4041201 6.4028392 6.4015584 6.3930945 6.3794667 6.365839 6.3536419 6.3478545 6.342067 6.3400884 6.338768 6.3371414 6.3352779 6.3334144 6.3320995 6.3326849 6.3332703 6.3428244 6.3530013 6.3631782
-9999 6.2666721 6.2633116 6.2570643 6.2508171 6.2445698 6.2383226 6.2351891 6.2357316 6.2364702 6.2372089 6.2379476 6.2386863 6.2446859 6.2612209 6.2777559 6.2942909 6.3108259 6.3274316 6.3422667 6.3537252 6.370222 6.3867189 6.4032157 6.4197126 6.4318445 6.4322772 6.4327099 6.4331426 6.4335753 6.4357392 6.4377905 6.4352532 6.4303038 6.4253543 6.4204049 6.4154554 6.4107832 6.4074054 6.4061245 6.4048436 6.4035628 6.4022819 6.393818 6.3801902 6.3665625 6.3529348 6.3393071 6.3330894 6.3311108 6.3293671 6.3275036 6.3256401 6.3237766 6.3224617 6.3244925 6.3346694 6.3448463 6.3550233 6.3652002
-9999 6.2707168 6.2644696 6.2582223 6.2519751 6.2457278 6.2394806 6.2356185 6.2363572 6.2370959 6.2378346 6.2385733 6.239312 6.2451866 6.2617216 6.2782566 6.2947916 6.3113266 6.3278616 6.3443851 6.3608819 6.3773788 6.3938756 6.4103725 6.4268694 6.4350435 6.4354762 6.4359089 6.4363416 6.4367743 6.437207 6.4358013 6.4308519 6.4259024 6.420953 6.4160035 6.4110541 6.4073674 6.4060866 6.4048057 6.4035248 6.402244 6.4009631 6.3929343 6.3793065 6.3656788 6.3520511 6.3384234 6.3247957 6.3226075 6.320744 6.3188805 6.317017 6.3151535 6.3145457 6.3247226 6.3348995 6.3450764 6.3552533 6.3654303
-9999 6.298303 6.2920557 6.2858085 6.2795612 6.273314 6.2670788 6.2614507 6.2566157 6.2573544 6.2580931 6.2588318 6.2595705 6.2652913 6.280989 6.2974479 6.3139829 6.3305179 6.3470529 6.3635763 6.3800732 6.39657 6.4130669 6.4295638 6.436768 6.4355348 6.4225806 6.4212927 6.4217254 6.4221581 6.4225908 6.4211852 6.4162357 6.4112863 6.4063368 6.4013874 6.4001817 6.396823 6.3893646 6.3880838 6.3868029 6.385522 6.3842412 6.3775626 6.3663011 6.3526733 6.3390456 6.3254179 6.3117902 6.3168181 6.3197738 6.3179103 6.3160467 6.3141832 6.3126984 6.3125254 6.3216152 6.3317921 6.3419691 6.352146
-9999 6.3258891 6.3196419 6.3133946 6.3071501 6.3009161 6.294682 6.289054 6.2841254 6.2791969 6.2783516 6.2790903 6.279829 6.2855498 6.3012475 6.3169453 6.3331741 6.3497091 6.3662441 6.3827676 6.3992644 6.4157613 6.4322582 6.4357925 6.4389323 6.4376991 6.4247449 6.4117908 6.4071092 6.4075419 6.4079747 6.406569 6.4016195 6.3966701 6.3920212 6.3916843 6.3913474 6.3879887 6.3803069 6.3726251 6.370081 6.3688001 6.3675192 6.3608407 6.3502819 6.3396679 6.3260401 6.3124124 6.2987847 6.3038126 6.3120647 6.31694 6.3150765 6.313213 6.3117282 6.3115552 6.3113821 6.3185079 6.3286848 6.3388617
-9999 6.3534753 6.347228 6.3409874 6.3347534 6.3285193 6.3222853 6.3166573 6.3117287 6.3068001 6.3018715 6.2993488 6.3000875 6.3058083 6.321506 6.3372038 6.3529016 6.3689004 6.3854354 6.4019588 6.4184557 6.4316773 6.4348171 6.4379569 6.4410966 6.4398634 6.4269092 6.4139551 6.401001 6.3929258 6.3933585 6.3919528 6.3870034 6.3835238 6.3831869 6.38285 6.382513 6.3791544 6.3714726 6.3637908 6.356109 6.3520782 6.3507973 6.3441188 6.3335599 6.3230011 6.3124422 6.2994069 6.2857792 6.2908071 6.2990592 6.3073114 6.3141063 6.3122428 6.310758 6.3105849 6.3104119 6.3102388 6.3154005 6.3255774
-9999 6.3810614 6.3748247 6.3685907 6.3623566 6.3561226 6.3498886 6.3442605 6.339332 6.3344034 6.3294748 6.3245462 6.320346 6.3260668 6.3417645 6.3574623 6.3731601 6.3888578 6.4046266 6.4211501 6.4307018 6.4338416 6.4369814 6.4401212 6.4432609 6.4420277 6.4290735 6.4161194 6.4031653 6.3902111 6.3787423 6.3773366 6.3750264 6.3746895 6.3743525 6.3740156 6.3736787 6.37032 6.3626382 6.3549565 6.3472747 6.3395929 6.3340754 6.3273968 6.316838 6.3062792 6.2957203 6.2851615 6.2727737 6.2778017 6.2860538 6.2943059 6.302558 6.3108101 6.3097877 6.3096147 6.3094417 6.3092686 6.3090956 6.3122931
-9999 6.4034896 6.3972556 6.3910216 6.3847875 6.3785535 6.3723194 6.3725934 6.3676648 6.3627363 6.3578077 6.3528791 6.3479505 6.3392247 6.3523104 6.3680081 6.3837059 6.3994037 6.4151014 6.4270019 6.4301417 6.4332814 6.4364212 6.439561 6.4427008 6.4444978 6.4328097 6.4198556 6.4069014 6.3939473 6.3809932 6.3723487 6.3720117 6.3716748 6.3713379 6.371001 6.370664 6.3662086 6.3585268 6.350845 6.3431632 6.3354815 6.3275742 6.3212089 6.3106501 6.3000913 6.2895324 6.2789736 6.2684147 6.2738949 6.282147 6.2903991 6.2986512 6.3069033 6.314122 6.313949 6.313776 6.3136029 6.3134299 6.3121386
-9999 6.4177003 6.4114663 6.4052323 6.3989982 6.3966095 6.4016651 6.4020858 6.3971572 6.3922287 6.3873001 6.3800222 6.3638757 6.3535326 6.3548112 6.3631182 6.378816 6.3945138 6.4102115 6.422112 6.4252518 6.4283915 6.4315313 6.435027 6.4412 6.4436463 6.4361043 6.4260897 6.4131356 6.4001815 6.3872273 6.3785828 6.3782459 6.377909 6.3775721 6.3767444 6.3742383 6.369603 6.3619212 6.3542394 6.3465576 6.3378293 6.3272869 6.3217211 6.3197329 6.3106444 6.3000856 6.2895267 6.2789679 6.284448 6.2927001 6.3009523 6.3092044 6.3191409 6.3268865 6.3267134 6.3265404 6.3263673 6.3214741 6.3064563
-9999 6.4319111 6.425677 6.419443 6.4210462 6.4261019 6.4311575 6.4315782 6.4266496 6.421721 6.4104765 6.39433 6.3781835 6.3678405 6.3691191 6.3703977 6.3739261 6.3896239 6.4053216 6.4172221 6.4203619 6.4235016 6.4280026 6.4341755 6.4403485 6.4427948 6.4352528 6.4277109 6.4193698 6.4064157 6.3934615 6.384817 6.3844801 6.3841432 6.3826447 6.3801387 6.3776327 6.3729973 6.3653156 6.3576338 6.3480844 6.337542 6.3269997 6.3214339 6.3194456 6.3174574 6.3106388 6.3000799 6.2895211 6.2950012 6.3032533 6.3118422 6.3218738 6.3319054 6.3396509 6.3394779 6.3393048 6.3308095 6.3157918 6.3007741
-9999 6.4461218 6.4404273 6.445483 6.4505386 6.4555943 6.4606499 6.4610706 6.456142 6.4409309 6.4247844 6.4086379 6.3924914 6.3821483 6.3834269 6.3847056 6.3859842 6.3872628 6.4004317 6.4123322 6.415472 6.4209781 6.427151 6.433324 6.4394969 6.4419433 6.4344013 6.4268593 6.4193174 6.4117754 6.3996957 6.3910512 6.3907143 6.3885451 6.3860391 6.3835331 6.3810271 6.3763917 6.3687099 6.3583395 6.3477971 6.3372548 6.3267125 6.3211467 6.3191584 6.3171702 6.3151819 6.3106331 6.3000742 6.3055544 6.314575 6.3246066 6.3346382 6.3446698 6.3524153 6.3522423 6.340145 6.3251273 6.3101095 6.2950918
-9999 6.4648641 6.4699197 6.4749754 6.480031 6.4850866 6.4901423 6.4875317 6.4713852 6.4552387 6.4390922 6.4229457 6.4067992 6.3964562 6.3977348 6.3990134 6.4002921 6.4015707 6.4028493 6.4077807 6.4139536 6.4201266 6.4262995 6.4324725 6.4386454 6.4410917 6.4335498 6.4260078 6.4184658 6.4109239 6.4033819 6.3969515 6.3944455 6.3919395 6.3894335 6.3869275 6.3844215 6.3791369 6.3685946 6.3580523 6.3475099 6.3369676 6.3264253 6.3208595 6.3188712 6.3168829 6.3148947 6.3129064 6.3106274 6.3173079 6.3273395 6.337371 6.3474026 6.3574342 6.3644981 6.3494804 6.3344627 6.319445 6.3044273 6.2894096
-9999 6.4678539 6.4729095 6.4779652 6.4830208 6.4880765 6.4900562 6.4825163 6.4663698 6.4502233 6.4340769 6.4179304 6.4065154 6.4039596 6.4076736 6.4089522 6.4102308 6.4115095 6.4127881 6.4155467 6.4217197 6.4278926 6.4340656 6.4402385 6.4457687 6.4482808 6.4446082 6.4370663 6.4295243 6.4219823 6.4144404 6.4086185 6.4061125 6.4036065 6.4011005 6.3985945 6.3937294 6.3851871 6.3746448 6.3641025 6.3535601 6.3430178 6.3328982 6.3257192 6.3221848 6.3201965 6.3182083 6.31622 6.3142318 6.3224921 6.3325237 6.3425553 6.3525869 6.3602609 6.3577883 6.3427706 6.3277529 6.3127351 6.2977174 6.2944347
