P2_models/J1_p2__temp2_slide_180.dat.tif
NCOLS 118
NROWS 92
XLLCORNER 139.62
YLLCORNER -39.07
DX 0.099491525
DY 0.099347826
NODATA_VALUE -9999
[rows 27 to 53 of 92, columns 0 to 59 of 118]
-9999 1117.4172 1100.93 1083.3876 1059.5615 1035.7354 1011.9093 996.23878 989.98092 983.72307 977.46522 983.79933 993.58897 1004.6337 1018.1917 1031.7498 1045.3078 1054.6173 1062.2234 1070.6699 1081.0552 1091.4404 1103.694 1116.1762 1128.6584 1143.1372 1162.9674 1182.7975 1202.6277 1216.6585 1228.3526 1236.2037 1236.6465 1237.0893 1243.2666 1249.6192 1255.9718 1259.8334 1260.1312 1260.429 1260.7268 1263.0482 1265.5629 1264.8526 1261.8239 1258.7952 1255.8436 1253.3529 1250.8621 1241.5339 1231.0241 1220.5142 1217.3401 1222.2841 1227.3651 1232.9207 1238.4762 1244.0317 1244.3773 1243.7751
-9999 1134.5904 1114.8757 1091.0496 1067.2235 1043.3974 1019.5713 1003.9008 997.64297 991.38511 985.12726 978.86941 980.4535 991.4982 1005.0562 1018.6143 1032.1723 1045.7304 1056.6752 1065.1216 1075.8544 1088.3366 1100.8188 1113.301 1125.7832 1140.262 1160.0922 1179.9224 1199.7525 1219.5827 1235.676 1243.5271 1245.2927 1251.6453 1257.998 1264.3506 1270.7032 1274.5648 1274.8626 1275.1603 1275.4581 1275.7559 1277.5625 1276.8522 1273.8234 1270.7947 1267.766 1264.7372 1262.2101 1252.882 1242.3721 1231.8623 1221.3524 1215.2456 1220.3267 1225.8822 1231.4377 1236.9933 1242.5488 1244.063
-9999 1146.7528 1122.9267 1099.1006 1075.2745 1051.4484 1027.6223 1013.5061 1007.2483 1000.9904 994.73258 988.47472 982.21687 982.70801 996.26605 1009.8241 1023.3821 1036.9402 1050.4982 1063.7309 1076.2132 1088.6954 1101.1776 1113.6598 1126.142 1138.6742 1158.5044 1178.3346 1198.1647 1217.9949 1237.8251 1253.0518 1259.4044 1265.757 1272.1096 1278.4623 1284.8149 1286.1437 1286.4415 1286.7392 1287.037 1287.3348 1287.6326 1286.982 1283.9532 1280.9245 1277.8958 1274.867 1271.8383 1263.7303 1253.2204 1242.7106 1232.2007 1221.6908 1214.187 1219.7425 1225.2981 1230.8536 1236.4092 1241.9647
-9999 1158.0062 1134.1801 1110.354 1086.5279 1062.7018 1056.2746 1047.1265 1032.8513 1026.5934 1020.3356 1014.0777 1007.8199 1008.5219 1023.1614 1036.8057 1050.3637 1063.9218 1077.4798 1090.7125 1103.1948 1115.677 1128.1592 1140.6414 1148.8435 1156.6009 1168.4526 1187.3448 1207.175 1227.0051 1246.8353 1262.062 1268.4146 1274.7672 1281.1199 1287.4725 1291.6062 1287.1894 1272.0682 1272.3659 1272.6637 1272.9615 1273.2593 1275.9987 1278.6908 1275.662 1272.6333 1269.6046 1266.5758 1265.7657 1259.9545 1249.4446 1238.9348 1228.4249 1220.4833 1221.4377 1226.5579 1232.1134 1237.669 1243.2245
-9999 1169.2596 1145.4335 1121.6074 1101.5794 1097.0726 1092.5658 1083.4176 1068.9127 1054.4078 1045.9386 1039.6807 1033.4229 1034.1249 1048.7644 1063.4039 1077.3453 1090.9034 1104.4614 1117.6941 1130.1764 1142.6586 1155.1408 1161.6251 1167.8549 1175.6123 1187.4639 1199.3156 1216.1852 1236.0154 1255.8455 1271.0722 1277.4248 1283.7775 1289.9799 1293.5612 1297.1426 1292.7258 1276.8665 1261.0072 1258.2904 1258.5882 1258.886 1261.6254 1266.1199 1270.3996 1267.3708 1264.3421 1261.3134 1260.5032 1260.0764 1256.1787 1245.6689 1235.159 1227.2174 1228.1718 1229.1262 1233.3732 1238.9288 1244.4843
-9999 1180.5129 1156.6868 1142.3773 1137.8705 1133.3637 1128.8569 1119.7087 1105.2038 1090.699 1076.1941 1065.2837 1059.0258 1059.7278 1074.3674 1089.0069 1103.6464 1117.885 1131.443 1144.6758 1157.158 1168.1768 1174.4066 1180.6364 1186.8663 1194.6237 1206.4753 1218.3269 1230.1786 1245.0256 1264.8557 1280.0824 1286.435 1291.9349 1295.5163 1299.0976 1302.679 1298.2622 1282.4029 1266.5436 1250.6843 1244.2149 1244.5127 1247.2521 1251.7466 1256.2412 1260.7358 1259.0796 1256.0509 1255.2407 1254.814 1254.3872 1252.403 1241.8931 1233.9515 1234.9059 1235.8603 1236.8147 1240.1886 1245.7441
-9999 1191.7663 1183.1752 1178.6684 1174.1616 1169.6548 1165.148 1155.9999 1141.495 1126.9901 1112.4852 1097.9803 1084.6288 1085.3308 1099.9704 1114.6099 1129.2494 1143.8889 1158.4246 1171.6574 1180.9583 1187.1882 1193.418 1199.6478 1205.8776 1213.635 1225.4867 1237.3383 1249.1899 1261.0416 1273.866 1289.0926 1293.89 1297.4714 1301.0527 1304.6341 1308.2154 1303.7986 1287.9393 1272.08 1256.2208 1240.3615 1230.1394 1232.8787 1237.3733 1241.8679 1246.3625 1250.857 1250.7884 1249.9782 1249.5515 1249.1247 1248.698 1248.2712 1240.6856 1241.64 1242.5944 1243.5488 1244.5032 1247.0039
-9999 1216.769 1212.2622 1207.7554 1203.2486 1198.7418 1194.235 1183.624 1169.3472 1154.8423 1140.3374 1125.8325 1111.3277 1103.5327 1116.7454 1131.385 1146.0245 1160.664 1175.3035 1187.4001 1193.6299 1199.8597 1206.0895 1212.3194 1218.5492 1227.2267 1239.1402 1250.9919 1262.8435 1274.6951 1286.5468 1295.5735 1299.1549 1302.7363 1306.3176 1309.899 1313.4803 1311.5352 1296.6353 1280.776 1264.9167 1249.0574 1233.1982 1227.2572 1231.7518 1236.2464 1240.7409 1245.2355 1249.7301 1248.7862 1248.3594 1247.9327 1247.5059 1247.0792 1246.9249 1247.8406 1248.795 1249.7494 1250.7038 1251.6582
-9999 1233.9743 1229.4675 1224.9607 1220.4539 1213.3882 1200.0032 1189.073 1180.976 1168.7765 1154.2716 1139.7667 1125.2618 1117.4669 1123.1091 1133.6004 1148.2399 1162.8794 1177.519 1189.6155 1195.8453 1202.0752 1208.305 1214.6474 1222.5871 1231.6693 1243.8133 1255.8089 1267.6606 1279.5122 1291.3638 1300.3906 1303.972 1307.5533 1311.1347 1313.3676 1309.2702 1306.5177 1305.6892 1294.683 1278.8237 1262.9644 1247.1051 1240.6919 1241.0692 1245.059 1249.5535 1254.0481 1258.5427 1256.5325 1253.8806 1253.4538 1253.0271 1252.6003 1252.446 1253.2356 1254.1157 1255.0701 1256.0245 1256.9789
-9999 1251.1796 1246.6728 1242.166 1232.2223 1218.8372 1205.4522 1194.522 1186.425 1178.328 1168.2058 1153.7009 1139.196 1131.4011 1137.0433 1142.6854 1150.4554 1165.0949 1179.7344 1191.831 1198.0608 1204.2906 1211.1502 1219.0899 1227.0297 1236.1118 1248.2559 1260.3999 1272.4776 1284.3293 1296.1809 1305.2077 1308.789 1312.3704 1312.4475 1308.3501 1304.2527 1301.5002 1300.6717 1299.8432 1292.7307 1276.8714 1261.0121 1254.5988 1254.9762 1255.3536 1258.3661 1262.8607 1267.3553 1265.3451 1262.2108 1259.0764 1258.5482 1258.1215 1257.9672 1258.7567 1259.5463 1260.3908 1261.3453 1262.2997
-9999 1268.3849 1263.8781 1251.0563 1237.6713 1224.2862 1210.9012 1199.971 1191.874 1183.7771 1175.6801 1167.5831 1153.1302 1145.3353 1150.9774 1156.6196 1162.2618 1167.9039 1181.9499 1194.0464 1200.2763 1207.653 1215.5928 1223.5325 1231.4723 1240.5544 1252.6985 1264.8425 1276.9865 1289.1306 1300.998 1310.0248 1313.6061 1311.5273 1307.43 1303.3326 1299.2352 1296.4827 1295.6542 1294.8257 1293.9972 1290.7783 1274.9191 1268.5058 1268.8832 1269.2605 1269.6379 1271.6733 1276.1678 1274.1577 1271.0234 1267.889 1264.7547 1263.6426 1263.4883 1264.2779 1265.0674 1265.8569 1266.666 1267.6204
-9999 1283.2754 1269.8904 1256.5053 1243.1203 1229.7352 1216.3502 1205.42 1197.323 1189.2261 1181.1291 1173.0321 1164.9351 1159.2695 1164.9116 1170.5538 1176.196 1181.8381 1187.4803 1196.2619 1204.1558 1212.0956 1220.0353 1227.9751 1235.9148 1244.997 1257.141 1269.2851 1281.4291 1293.5731 1305.7172 1314.7046 1310.6072 1306.5098 1302.4125 1298.3151 1294.2177 1291.4652 1290.6367 1289.8082 1288.9797 1288.1511 1287.3226 1282.4128 1282.7901 1283.1675 1283.5449 1283.9222 1284.9804 1282.9703 1279.8359 1276.7016 1273.5673 1270.4329 1269.0095 1269.799 1270.5886 1271.3781 1272.1676 1272.9572
-9999 1279.2909 1265.9058 1252.5208 1239.1358 1225.7507 1218.7626 1215.386 1207.289 1199.192 1191.0951 1182.9981 1175.1979 1172.5614 1178.7244 1184.3666 1190.0088 1195.6509 1201.2931 1207.63 1215.5698 1223.5095 1231.4493 1239.389 1246.378 1249.9732 1255.4066 1267.5506 1279.6947 1291.8387 1303.9827 1310.5792 1306.4819 1302.3845 1298.2871 1294.1898 1289.5144 1285.8387 1285.0101 1284.1816 1283.3531 1282.5246 1283.5654 1285.158 1285.6671 1286.0445 1286.4218 1286.7992 1287.1766 1284.5597 1281.4254 1278.291 1275.1567 1274.5168 1286.8785 1287.6681 1288.4576 1289.2471 1290.0367 1285.9749
-9999 1272.1158 1258.7308 1245.3457 1231.9607 1229.5429 1230.2563 1226.8797 1218.7827 1210.6857 1202.5887 1195.0869 1187.9101 1185.2736 1191.7293 1198.1384 1203.7805 1209.4227 1215.0649 1221.4018 1229.3415 1237.2813 1245.2211 1251.0362 1255.0951 1258.6903 1261.0427 1263.727 1275.8711 1288.0151 1300.1591 1306.7556 1302.6583 1298.5609 1294.4635 1289.3478 1283.6818 1280.0061 1279.1775 1278.349 1277.5205 1279.4879 1282.2363 1283.8289 1284.5906 1285.1909 1285.5683 1285.9457 1286.3231 1283.7062 1280.5719 1277.4375 1280.8594 1296.562 1308.9238 1309.7134 1310.5029 1311.2924 1305.1543 1296.3145
-9999 1264.9407 1251.5557 1239.6097 1240.3232 1241.0366 1241.75 1238.3734 1230.2764 1222.1794 1214.9759 1207.7991 1200.6223 1197.9858 1204.4415 1210.8972 1217.3529 1223.1945 1228.8366 1235.1736 1243.1133 1251.0531 1255.6944 1259.7533 1263.8122 1267.4074 1269.7598 1272.1122 1274.4646 1284.1915 1296.3355 1302.932 1298.8347 1294.7373 1289.1812 1283.5152 1277.8493 1274.1735 1273.345 1272.6621 1275.4104 1278.1588 1280.9072 1282.4998 1283.2615 1284.0232 1284.7148 1285.0922 1285.4695 1282.8527 1279.7183 1287.2021 1302.9047 1318.6073 1330.9691 1331.7586 1332.5482 1324.3336 1315.4938 1306.654
-9999 1257.7656 1250.39 1251.1034 1251.8168 1252.5302 1253.2436 1249.867 1242.0416 1234.8648 1227.6881 1220.5113 1213.3345 1210.698 1217.1537 1223.6094 1230.0651 1236.5207 1242.6084 1248.9453 1256.2937 1260.3526 1264.4115 1268.4704 1272.5293 1276.1246 1278.4769 1280.8293 1283.1817 1285.5341 1292.5119 1299.1084 1294.6805 1289.0146 1283.3486 1277.6826 1272.0167 1268.3409 1268.5846 1271.333 1274.0813 1276.8297 1279.5781 1281.1707 1281.9324 1282.6941 1283.4558 1284.2175 1284.616 1281.9991 1293.5448 1309.2474 1324.95 1340.6526 1353.0144 1352.3528 1343.513 1334.6731 1325.8333 1316.9935
-9999 1259.0488 1259.7622 1260.4756 1261.189 1261.9024 1262.6159 1260.3069 1253.1301 1245.9533 1238.7766 1231.5998 1224.423 1221.0337 1227.4894 1233.9451 1240.4008 1246.8564 1253.3121 1259.043 1263.102 1267.1609 1271.2198 1275.2787 1279.3377 1282.6781 1285.0305 1287.3829 1289.7352 1292.0876 1294.44 1294.0536 1288.3876 1282.7217 1277.0557 1271.3898 1265.7238 1264.0155 1266.7639 1269.5123 1272.2606 1275.009 1277.7574 1280.2337 1280.9954 1281.7572 1282.5189 1283.2806 1284.0423 1297.0251 1312.7277 1328.4303 1344.1329 1359.8355 1369.9194 1361.0796 1352.2398 1343.4 1334.5601 1325.7203
-9999 1252.4209 1253.1343 1253.8477 1254.5611 1255.2745 1256.3133 1255.349 1251.9726 1244.7958 1237.6191 1230.4423 1223.2655 1218.949 1220.3601 1226.357 1232.8127 1239.2684 1245.724 1251.455 1255.5139 1259.5728 1263.6317 1267.6907 1279.306 1287.3383 1276.9089 1277.6184 1279.9708 1282.3232 1284.6756 1284.2892 1278.6232 1272.9573 1267.2913 1261.6254 1256.6498 1256.0045 1261.2355 1263.9839 1266.7322 1269.4806 1272.229 1277.4482 1283.0162 1283.7779 1284.5397 1285.3014 1286.0631 1296.392 1310.3222 1326.0248 1341.7274 1357.43 1367.4405 1357.7344 1348.8036 1339.9638 1331.124 1322.2842
-9999 1245.7929 1246.5063 1247.2197 1248.0073 1249.0776 1250.1478 1249.1835 1245.8709 1242.5583 1236.4616 1229.2848 1222.108 1217.7915 1219.2026 1220.6137 1225.2246 1231.6803 1238.136 1243.8669 1247.9258 1251.9848 1256.0437 1270.6432 1285.5636 1293.596 1283.1666 1272.7372 1270.2064 1272.5588 1274.9112 1274.5248 1268.8588 1263.1929 1257.5823 1252.7669 1247.9516 1247.3063 1252.627 1257.9478 1261.2038 1263.9522 1266.7006 1271.9198 1278.9153 1285.7987 1286.5604 1287.3222 1288.0839 1298.4127 1310.3951 1323.6193 1339.3219 1355.0245 1365.0351 1355.3289 1345.6228 1336.5276 1327.6878 1318.848
-9999 1239.1649 1239.8783 1240.7715 1241.8418 1242.9121 1243.9823 1243.018 1239.7054 1236.3928 1233.0803 1228.1273 1220.9505 1216.6339 1218.0451 1219.4562 1220.8673 1224.0923 1230.5479 1236.2789 1240.3378 1247.06 1261.9804 1276.9009 1291.8213 1299.8536 1289.4242 1278.9948 1268.5654 1262.7944 1265.1468 1264.7604 1259.0944 1253.6995 1248.8841 1244.0687 1239.2533 1238.6081 1243.9288 1249.2496 1254.5703 1258.4238 1261.1722 1266.3914 1273.3869 1280.3824 1287.3778 1289.3429 1290.1047 1300.4335 1312.4159 1324.3982 1336.9164 1352.619 1362.6296 1352.9235 1343.2174 1333.5112 1324.2516 1315.4118
-9999 1232.5369 1233.5358 1234.6061 1235.6763 1236.7466 1237.8169 1236.8525 1233.5399 1230.2273 1226.9148 1223.6022 1219.793 1215.4764 1216.8876 1218.2987 1219.7098 1221.1209 1222.9599 1228.6908 1238.3973 1253.3177 1268.2381 1283.1585 1298.0789 1306.1113 1295.6819 1285.2524 1274.823 1264.3936 1255.3824 1254.9959 1249.8167 1245.0013 1240.1859 1235.3705 1230.5551 1229.9099 1235.2306 1240.5513 1245.8721 1251.1928 1255.6438 1260.863 1267.8585 1274.854 1281.8494 1288.8449 1292.1254 1302.4543 1314.4366 1326.419 1338.4013 1350.3836 1360.2241 1350.518 1340.8119 1331.1058 1321.3996 1311.9757
-9999 1231.7697 1232.84 1233.9103 1234.9805 1236.0508 1237.1211 1235.9879 1232.6753 1229.3627 1226.0502 1222.7376 1219.425 1220.3673 1222.5918 1224.0029 1225.414 1226.8252 1228.2363 1233.7324 1248.6528 1263.5732 1278.4937 1293.4141 1308.3345 1305.3141 1295.8377 1285.4083 1274.9789 1264.5495 1254.1201 1245.6082 1240.7928 1235.9774 1231.162 1226.3466 1221.5313 1229.4781 1234.7988 1240.1195 1245.4403 1250.761 1256.0163 1253.2379 1260.2333 1267.2288 1274.2243 1281.2198 1288.2152 1299.4627 1311.445 1323.4274 1335.4097 1347.392 1351.9259 1342.2198 1332.5136 1322.8075 1313.1014 1304.1259
-9999 1239.7666 1240.8368 1241.9071 1242.9774 1243.9376 1244.685 1243.5476 1240.235 1236.9224 1233.6099 1230.7725 1229.729 1230.9984 1236.8995 1240.6121 1242.0232 1243.4344 1244.8455 1250.3416 1265.262 1280.1824 1295.1028 1307.2485 1298.5215 1290.4389 1284.0835 1275.8669 1265.4375 1255.0081 1244.5787 1236.0668 1231.2515 1226.4361 1221.6207 1220.6502 1232.8273 1242.1836 1247.5043 1252.825 1258.1458 1263.1626 1267.6528 1263.2082 1252.3406 1256.2714 1263.2669 1270.2624 1277.2578 1288.5053 1300.4876 1312.47 1324.4523 1331.3265 1334.2627 1324.5566 1314.8505 1305.1444 1298.5223 1298.5152
-9999 1247.7634 1248.8337 1249.9039 1250.75 1251.4974 1252.2447 1251.1073 1247.7947 1244.4821 1242.4471 1241.4036 1240.3601 1241.6295 1247.5306 1253.4318 1258.6324 1260.0435 1261.4547 1266.9508 1281.8712 1296.7916 1301.1004 1292.3733 1283.6462 1275.5636 1269.2083 1262.853 1255.8961 1245.4667 1235.0373 1226.5255 1221.7101 1216.8947 1221.1786 1233.3557 1245.5327 1254.889 1260.2098 1265.5305 1270.309 1274.7991 1279.2893 1274.8447 1263.9771 1253.1095 1252.3095 1259.305 1266.3004 1277.5479 1289.5302 1300.4914 1307.0773 1313.6633 1316.5995 1306.8934 1297.1873 1292.9187 1292.9116 1292.9045
-9999 1255.7602 1256.8151 1257.5624 1258.3097 1259.0571 1259.8044 1258.667 1255.3544 1254.1217 1253.0782 1252.0347 1250.9912 1252.2606 1258.1617 1264.0629 1269.9641 1275.8653 1278.0639 1283.56 1298.4804 1294.9522 1286.2251 1277.4981 1268.771 1260.6884 1254.3331 1247.9777 1241.6224 1235.2671 1225.496 1216.9841 1212.1687 1221.707 1233.884 1246.0611 1258.2382 1267.5945 1272.9153 1277.4553 1281.9455 1286.4356 1290.9258 1286.4812 1275.6136 1264.746 1253.8784 1248.3476 1255.343 1266.5905 1276.2422 1282.8282 1289.4142 1296.0002 1298.9364 1289.2303 1287.3151 1287.308 1287.3009 1287.2938
-9999 1263.6275 1264.3748 1265.1221 1265.8694 1266.6168 1267.3641 1266.8399 1265.7963 1264.7528 1263.7093 1262.6658 1261.6223 1262.8917 1268.7928 1274.694 1280.5952 1286.4964 1292.3975 1297.5311 1288.804 1280.0769 1271.3499 1262.6228 1253.8958 1245.8131 1239.4578 1233.1025 1226.7472 1220.3919 1214.0366 1210.0583 1222.2354 1234.4124 1246.5895 1258.7666 1270.9437 1280.1115 1284.6017 1289.0918 1293.582 1298.0721 1302.5623 1298.1177 1287.2501 1276.3825 1265.5149 1254.6472 1244.3856 1251.9931 1258.5791 1265.165 1271.751 1278.337 1281.7186 1281.7115 1281.7044 1281.6973 1281.6901 1281.683
-9999 1274.2835 1275.0308 1275.7781 1276.5255 1277.2728 1273.024 1268.4683 1267.4248 1266.3813 1265.3377 1264.2942 1268.7885 1271.4945 1262.2016 1268.1028 1274.004 1279.9051 1285.8063 1287.2841 1278.5571 1269.83 1261.1029 1252.3759 1247.1519 1247.5009 1246.7592 1240.4039 1234.0486 1227.6932 1221.3379 1221.3127 1233.4898 1245.6668 1257.8439 1270.021 1280.8602 1288.3264 1292.8165 1297.3067 1301.7969 1306.287 1303.3206 1302.364 1298.2455 1287.3778 1276.5102 1265.6426 1254.775 1258.789 1265.375 1271.961 1278.547 1283.4962 1283.8199 1283.8128 1283.8057 1283.7986 1283.7915 1285.0251
