P2_models/J1_p2_vp_slide_diff2_180.dat.tif
NCOLS 118
NROWS 92
XLLCORNER 139.62
YLLCORNER -39.07
DX 0.099491525
DY 0.099347826
NODATA_VALUE -9999
[rows 24 to 47 of 92, columns 0 to 53 of 118]
-9999 0.14945609 0.15875088 0.16804567 0.17734046 0.18663526 0.19593005 0.19948157 0.19398034 0.18847911 0.18297789 0.17747666 0.17197543 0.16687967 0.1625959 0.15831212 0.15402835 0.14974458 0.1454608 0.14169003 0.13553997 0.1293899 0.12323983 0.11708976 0.11093969 0.10452858 0.0974178 0.090307023 0.083196245 0.076085468 0.068974691 0.062546734 0.062276589 0.062006444 0.061736299 0.061466154 0.06119601 0.059972722 0.058347923 0.056723123 0.055098324 0.053473524 0.051848724 0.052050304 0.053564844 0.055079385 0.056593925 0.058108465 0.05960096 0.057205323 0.054346718 0.051488114 0.048629509 0.045770904
-9999 0.14112124 0.15041604 0.15971083 0.16900562 0.17830041 0.19010323 0.19912266 0.19920466 0.19370343 0.1882022 0.18270097 0.17719974 0.17100355 0.1642857 0.16000193 0.15571815 0.15143438 0.14715061 0.14230249 0.13615242 0.13000236 0.12385229 0.11770222 0.1111583 0.10258498 0.091677853 0.084567075 0.077456298 0.070345521 0.063234743 0.058460502 0.058190357 0.057920213 0.057650068 0.057379923 0.055532276 0.053288307 0.052552695 0.050927895 0.049303095 0.047678296 0.046053496 0.046377642 0.047983716 0.049498257 0.051012797 0.052527337 0.054041878 0.059507433 0.05796183 0.055103226 0.052244621 0.049386016
-9999 0.13101377 0.14030856 0.14960335 0.15889814 0.17204636 0.18588644 0.19490588 0.19836166 0.20109491 0.19559368 0.19009245 0.18459122 0.17839503 0.17080715 0.16321926 0.15889771 0.15461393 0.15033016 0.14548205 0.13933198 0.13318191 0.12703184 0.12017102 0.11286751 0.10429419 0.092317429 0.080340673 0.073065969 0.065955192 0.058844415 0.054070174 0.053800029 0.053529884 0.053259739 0.050548955 0.046874008 0.044630038 0.044433285 0.044029351 0.042404552 0.040779752 0.039154952 0.039479098 0.041204316 0.042854846 0.044369387 0.045883927 0.047398467 0.052864023 0.059012422 0.059176064 0.056317459 0.053458854
-9999 0.12090629 0.13020108 0.1401494 0.15398948 0.16782957 0.18166966 0.19068909 0.19414487 0.19760065 0.20105643 0.19748393 0.1919827 0.18578651 0.17819862 0.17061074 0.16302285 0.15779349 0.15350971 0.1486616 0.14251153 0.13636146 0.12918373 0.12188022 0.11457672 0.10600339 0.094026634 0.082049878 0.070073122 0.061564864 0.054454086 0.049679845 0.049409701 0.049139556 0.045565633 0.041890686 0.038215739 0.035971769 0.035775016 0.035578263 0.03538151 0.033881208 0.032256409 0.032580554 0.034305772 0.03603099 0.037725976 0.039240517 0.040755057 0.046220613 0.052369011 0.05851741 0.060390297 0.057531692
-9999 0.11079881 0.12209252 0.13593261 0.1497727 0.16361278 0.17745287 0.1864723 0.18992809 0.19338387 0.19683965 0.20029543 0.19937418 0.19317799 0.1855901 0.17800222 0.17041433 0.16282644 0.15668927 0.15184115 0.14549995 0.13819644 0.13089294 0.12358943 0.11628592 0.1077126 0.09573584 0.083759084 0.071782328 0.059805571 0.050063758 0.045289517 0.044257259 0.040582311 0.036907364 0.033232417 0.02955747 0.027313501 0.027116747 0.026919994 0.026723241 0.026526488 0.025357865 0.02568201 0.027407228 0.029132446 0.030857664 0.032582882 0.034111647 0.039577203 0.045725601 0.051874 0.058022398 0.061604531
-9999 0.10374312 0.1175832 0.13142329 0.14526338 0.15910346 0.17294355 0.1811485 0.18460428 0.18806006 0.19151584 0.19497162 0.1984274 0.1980414 0.19045351 0.18286562 0.17527773 0.16768985 0.16010196 0.15260007 0.14529656 0.13799305 0.13068954 0.12338604 0.11608253 0.10866831 0.096691555 0.084714799 0.072738043 0.060761287 0.048784531 0.039643401 0.035968454 0.032293507 0.02861856 0.024943613 0.021268665 0.020481672 0.020284919 0.020088166 0.019891413 0.01969466 0.019497907 0.019866972 0.02159219 0.023317408 0.025042626 0.026767843 0.028493061 0.033226213 0.039374612 0.04552301 0.051671409 0.057819808
-9999 0.096825547 0.11066563 0.12450572 0.13834581 0.15218589 0.15608207 0.16161799 0.17016714 0.17362292 0.1770787 0.18053448 0.18399026 0.18337309 0.1745996 0.16691712 0.15932924 0.15174135 0.14415346 0.13665157 0.12934806 0.12204456 0.11474105 0.10743754 0.10245749 0.097737858 0.090846468 0.079467543 0.067490787 0.055514031 0.043537275 0.034396145 0.030721198 0.027046251 0.023371304 0.019696356 0.017247938 0.019755469 0.028488935 0.028292182 0.028095429 0.027898676 0.027701923 0.026173617 0.024696915 0.026422133 0.028147351 0.029872569 0.031597787 0.032043185 0.035430926 0.041579324 0.047727723 0.053876122
-9999 0.089907979 0.10374807 0.11758815 0.12925753 0.13205618 0.13485483 0.14039074 0.14908581 0.15778088 0.16264156 0.16609734 0.16955312 0.16893595 0.16016246 0.15138896 0.14338074 0.13579285 0.12820497 0.12070307 0.11339957 0.10609606 0.098792551 0.094745053 0.0908357 0.086116065 0.079224675 0.072333285 0.062243531 0.050266775 0.038290018 0.029148889 0.025473942 0.021798994 0.018207072 0.016063957 0.013920842 0.016428373 0.025589313 0.034750252 0.036299446 0.036102693 0.03590594 0.034377634 0.031892091 0.029526858 0.031252076 0.032977294 0.034702512 0.035147911 0.035372122 0.037635639 0.043784037 0.049932436
-9999 0.082990411 0.096830498 0.10523163 0.10803028 0.11082893 0.11362758 0.11916349 0.12785856 0.13655363 0.1452487 0.1516602 0.15511598 0.15449881 0.14572531 0.13695182 0.12817832 0.11984436 0.11225647 0.10475458 0.097451069 0.090941967 0.087032614 0.08312326 0.079213906 0.074494272 0.067602882 0.060711492 0.053820101 0.045019518 0.033042762 0.023901632 0.020226685 0.017023092 0.014879977 0.012736862 0.010593747 0.013101278 0.022262217 0.031423157 0.040584097 0.04430671 0.044109957 0.04258165 0.040096108 0.037610565 0.035125022 0.036082019 0.037807237 0.038252636 0.038476847 0.038701059 0.039840351 0.04598875
-9999 0.076072843 0.081205738 0.084004386 0.086803034 0.089601681 0.092400329 0.097936243 0.10663131 0.11532638 0.12402145 0.13271652 0.14067884 0.14006167 0.13128817 0.12251468 0.11374118 0.10496769 0.096307974 0.088806079 0.083229528 0.079320174 0.07541082 0.071501467 0.067592113 0.062872479 0.055981088 0.049089698 0.042198308 0.035306918 0.027795506 0.018654376 0.015839111 0.013695996 0.011552882 0.0094097666 0.0072666517 0.0097741827 0.018935122 0.028096062 0.037257001 0.046417941 0.052313973 0.050785667 0.048300124 0.045814582 0.043329039 0.040843496 0.040911962 0.041357361 0.041581573 0.041805784 0.042029995 0.042254206
-9999 0.061365278 0.064163925 0.066962573 0.069761221 0.072559868 0.075358516 0.081703488 0.090265641 0.098960711 0.10765578 0.11635085 0.12504592 0.12954669 0.12154626 0.11277277 0.10399927 0.095225776 0.086452282 0.079149631 0.075240277 0.071330924 0.06742157 0.063512216 0.059602863 0.054605759 0.047662816 0.040771426 0.033880036 0.026988646 0.020097256 0.014827721 0.012684606 0.010541491 0.0083983764 0.0062552615 0.0041121466 0.0052540457 0.013873416 0.023034356 0.032195295 0.041356235 0.050517174 0.053965074 0.051479531 0.048993989 0.046508446 0.044022903 0.041537361 0.042068894 0.042293106 0.042517317 0.042741528 0.042965739
-9999 0.0512264 0.054025048 0.056823695 0.059622343 0.063887014 0.071772126 0.078299961 0.083261326 0.090613118 0.099308188 0.10800326 0.11669833 0.12119909 0.11730052 0.11077458 0.10200108 0.093227589 0.084454095 0.077151444 0.07324209 0.069332736 0.065423383 0.061485742 0.057146585 0.052047769 0.044912877 0.03790157 0.03101018 0.02411879 0.017227399 0.011957865 0.0098147499 0.007671635 0.0055285201 0.0041573434 0.0064100676 0.0080141874 0.0086903867 0.015111798 0.024272738 0.033433677 0.042594617 0.046303516 0.046093013 0.04388643 0.041400888 0.038915345 0.036429802 0.037567761 0.039057606 0.039281817 0.039506029 0.03973024
-9999 0.041087523 0.04388617 0.046684818 0.052598376 0.060483487 0.068368599 0.074896434 0.079857799 0.084819164 0.090960595 0.099655665 0.10835073 0.1128515 0.10895292 0.10505435 0.1000029 0.091229402 0.082455908 0.075153257 0.071243903 0.067334549 0.063266908 0.058927751 0.054588594 0.049489778 0.042354887 0.035219996 0.028140323 0.021248933 0.014357543 0.0090880085 0.0069448936 0.0048017787 0.0046647609 0.0069174852 0.0091702094 0.010774329 0.011450529 0.012126728 0.016350181 0.02551112 0.03467206 0.038380959 0.038170456 0.037959953 0.03629333 0.033807787 0.031322244 0.032460203 0.034224401 0.035988599 0.036270529 0.03649474
-9999 0.030948645 0.033747293 0.041309738 0.049194849 0.057079961 0.064965072 0.071492907 0.076454272 0.081415637 0.086377002 0.091338368 0.10000314 0.10450391 0.10060533 0.096706755 0.092808179 0.088909604 0.080457721 0.073155069 0.069245716 0.065048075 0.060708918 0.056369761 0.052030604 0.046931788 0.039796896 0.032662005 0.025527114 0.018392222 0.011487687 0.0062181522 0.0040750373 0.0051721785 0.0074249027 0.0096776269 0.011930351 0.013534471 0.01421067 0.01488687 0.015563069 0.017588563 0.026749503 0.030458402 0.030247899 0.030037395 0.029826892 0.028700229 0.026214686 0.027352645 0.029116843 0.030881041 0.032645239 0.033259241
-9999 0.022135989 0.0300211 0.037906211 0.045791322 0.053676434 0.061561545 0.06808938 0.073050745 0.07801211 0.082973476 0.087934841 0.092896206 0.096156313 0.092257737 0.088359162 0.084460586 0.080562011 0.076663436 0.071156882 0.066829241 0.062490084 0.058150927 0.05381177 0.049472613 0.044373797 0.037238906 0.030104014 0.022969123 0.015834232 0.0086993402 0.0034268718 0.0056795961 0.0079323203 0.010185044 0.012437769 0.014690493 0.016294613 0.016970812 0.017647011 0.018323211 0.01899941 0.019675609 0.022535845 0.022325341 0.022114838 0.021904335 0.021693832 0.021107128 0.022245087 0.024009285 0.025773482 0.02753768 0.029301878
-9999 0.024507944 0.032393055 0.040278166 0.048163277 0.056048388 0.060151153 0.062212722 0.067174087 0.072135452 0.077096817 0.082058182 0.086731986 0.088223012 0.084468713 0.080570137 0.076671562 0.072772987 0.068874411 0.06484261 0.060503453 0.056164296 0.051825139 0.047485982 0.043597253 0.041453686 0.038395615 0.031260724 0.024125833 0.016990941 0.0098560498 0.0059276608 0.008180385 0.010433109 0.012685833 0.014938558 0.01755509 0.019740337 0.020416536 0.021092735 0.021768935 0.022445134 0.021957706 0.021019187 0.020709883 0.020499379 0.020288876 0.020078373 0.01986787 0.021341077 0.023105275 0.024869473 0.026633671 0.026849632
-9999 0.028833246 0.036718357 0.044603468 0.052488579 0.053889022 0.053438048 0.055499617 0.060460982 0.065422347 0.070383712 0.074768513 0.078838369 0.080329395 0.076656168 0.072970029 0.069071453 0.065172878 0.061274302 0.057242502 0.052903345 0.048564188 0.044225031 0.040892363 0.038391643 0.036248076 0.035061766 0.033673796 0.026538905 0.019404014 0.012269122 0.0083407331 0.010593457 0.012846182 0.015098906 0.017992636 0.021232687 0.023417934 0.024094133 0.024770333 0.025446532 0.024382319 0.022831966 0.021893448 0.021394768 0.021017068 0.020806565 0.020596062 0.020385559 0.021858766 0.023622964 0.025387162 0.023081973 0.013154318
-9999 0.033158548 0.041043659 0.048077864 0.04762689 0.047175917 0.046724943 0.048786511 0.053747876 0.058709241 0.062805041 0.066874896 0.070944752 0.072435779 0.068762552 0.065089325 0.061416097 0.057572769 0.053674194 0.049642393 0.045303236 0.040964079 0.038187472 0.035686753 0.033186033 0.031042466 0.029856156 0.028669846 0.027483536 0.021817086 0.014682194 0.010753805 0.01300653 0.015259254 0.018430183 0.021670234 0.024910285 0.027095531 0.027771731 0.028357285 0.026806932 0.02525658 0.023706227 0.022767708 0.022269029 0.02177035 0.021324253 0.02111375 0.020903247 0.022376454 0.024140652 0.019314315 0.0093866597 -0.00054099558
-9999 0.03748385 0.041815733 0.041364759 0.040913785 0.040462811 0.040011837 0.042073406 0.046771712 0.050841568 0.054911424 0.05898128 0.063051135 0.064542162 0.060868935 0.057195708 0.053522481 0.049849254 0.046074085 0.042042284 0.037983301 0.035482582 0.032981862 0.030481143 0.027980423 0.025836856 0.024650546 0.023464236 0.022277926 0.021091616 0.017095267 0.013166878 0.015627678 0.018867729 0.02210778 0.025347831 0.028587882 0.030773129 0.030781898 0.029231545 0.027681193 0.026130841 0.024580488 0.023641969 0.02314329 0.02264461 0.022145931 0.021647252 0.021420936 0.022894143 0.015546656 0.0056190012 -0.0043086541 -0.014236309
-9999 0.036773256 0.036322282 0.035871308 0.035420334 0.03496936 0.034518386 0.035812603 0.039882459 0.043952315 0.04802217 0.052092026 0.056161882 0.058084992 0.054411765 0.050738537 0.04706531 0.043392083 0.039718856 0.036400178 0.033899458 0.031398739 0.028898019 0.0263973 0.02389658 0.021859592 0.020673282 0.019486972 0.018300662 0.017114352 0.015928042 0.016253633 0.019493684 0.022733735 0.025973786 0.029213837 0.032453888 0.033464657 0.031914305 0.030363952 0.0288136 0.027263248 0.025712895 0.024263627 0.023764948 0.023266268 0.022767589 0.022268909 0.02177023 0.013562823 0.0036351673 -0.006292488 -0.016220143 -0.026147799
-9999 0.040478507 0.040027533 0.039576559 0.039125585 0.038674611 0.03801704 0.038566942 0.04056817 0.044638026 0.048707882 0.052777738 0.056847593 0.059302921 0.058525063 0.055115126 0.051441899 0.047768672 0.044095445 0.040776766 0.038276047 0.035775328 0.033274608 0.030773889 0.023916898 0.019140697 0.02504847 0.024773968 0.023587658 0.022401348 0.021215038 0.021540628 0.024780679 0.02802073 0.031260781 0.034500832 0.037523943 0.038010635 0.034993665 0.033443312 0.03189296 0.030342607 0.028792255 0.025757822 0.022481458 0.021982779 0.021484099 0.02098542 0.02048674 0.013973559 0.0051773837 -0.0047502715 -0.014677927 -0.024605582
-9999 0.044183758 0.043732784 0.04328181 0.042783728 0.042106207 0.041428686 0.041978589 0.043945096 0.045911603 0.049393593 0.053463449 0.057533305 0.059988632 0.059210774 0.058432917 0.055818488 0.052145261 0.048472034 0.045153355 0.042652636 0.040151916 0.037651197 0.029073801 0.020311417 0.015535217 0.02144299 0.027350763 0.028874653 0.027688343 0.026502033 0.026827623 0.030067674 0.033307726 0.036530358 0.039503131 0.042475904 0.042962596 0.039892596 0.036822596 0.03497232 0.033421967 0.031871615 0.028837182 0.024735862 0.020699289 0.02020061 0.019701931 0.019203251 0.01269007 0.0051374196 -0.0032080551 -0.01313571 -0.023063366
-9999 0.047889009 0.047438035 0.046872896 0.046195375 0.045517854 0.044840333 0.045390235 0.047356743 0.04932325 0.051289757 0.05414916 0.058219016 0.060674344 0.059896486 0.059118628 0.05834077 0.05652185 0.052848622 0.049529944 0.047029225 0.04299309 0.034230705 0.025468321 0.016705936 0.011929736 0.017837509 0.023745282 0.029653055 0.032975338 0.031789029 0.032114619 0.03535467 0.038509546 0.041482319 0.044455092 0.047427865 0.047914557 0.044844557 0.041774557 0.038704557 0.036501327 0.034950975 0.031916542 0.027815222 0.023713902 0.019612582 0.018418441 0.017919762 0.011406581 0.0038539302 -0.0036987202 -0.011593494 -0.021521149
-9999 0.05159426 0.050962063 0.050284542 0.049607021 0.0489295 0.048251979 0.048801882 0.050768389 0.052734896 0.054701403 0.05666791 0.058904728 0.061360055 0.060582197 0.059804339 0.059026481 0.058248624 0.057225211 0.053906533 0.048149994 0.039387609 0.030625225 0.02186284 0.013100456 0.0083242556 0.014232029 0.020139802 0.026047575 0.031955348 0.037076024 0.037401614 0.040488733 0.043461506 0.046434279 0.049407052 0.052379825 0.052866517 0.049796518 0.046726518 0.043656518 0.040586518 0.038030335 0.034995901 0.030894581 0.026793262 0.022691942 0.018590622 0.016636272 0.010123091 0.0025704408 -0.0049822096 -0.01253486 -0.02008751
