P2_models/J1_p2_vp_slide_diff2_60.dat.tif
NCOLS 118
NROWS 92
XLLCORNER 139.62
YLLCORNER -39.07
DX 0.099491525
DY 0.099347826
NODATA_VALUE -9999
[rows 24 to 47 of 92, columns 0 to 54 of 118]
-9999 -0.035764796 -0.029662214 -0.023559632 -0.01745705 -0.011354469 -0.0052518868 -0.0018881658 -0.002595208 -0.0033022502 -0.0040092925 -0.0047163347 -0.0054233769 -0.0066289478 -0.0088328509 -0.011036754 -0.013240657 -0.01544456 -0.017648463 -0.020176862 -0.024917799 -0.029658736 -0.034399673 -0.03914061 -0.043881547 -0.047344125 -0.04738038 -0.047416635 -0.047452891 -0.047489146 -0.047525402 -0.046199794 -0.041605984 -0.037012173 -0.032418363 -0.027824552 -0.023230742 -0.020773802 -0.019616441 -0.018459081 -0.01730172 -0.016144359 -0.014986998 -0.015283644 -0.016625558 -0.017967472 -0.019309386 -0.020651299 -0.021523272 -0.028934545 -0.038461925 -0.047989304 -0.057516684 -0.067044063 -0.074533714
-9999 -0.034088704 -0.027986122 -0.02188354 -0.015780958 -0.0096783763 -0.002779234 0.0037845453 0.0069029113 0.0061958691 0.0054888269 0.0047817846 0.0040747424 0.002693829 0.00010208041 -0.0021018227 -0.0043057258 -0.0065096289 -0.008713532 -0.011684596 -0.016425533 -0.02116647 -0.025907407 -0.030648344 -0.035344665 -0.042434558 -0.053159033 -0.053195288 -0.053231544 -0.053267799 -0.053304054 -0.051758831 -0.04716502 -0.04257121 -0.0379774 -0.033383589 -0.030016247 -0.027068253 -0.023903946 -0.022746585 -0.021589224 -0.020431863 -0.019274502 -0.021268392 -0.023877826 -0.02521974 -0.026561653 -0.027903567 -0.029245481 -0.029181916 -0.03727576 -0.04680314 -0.056330519 -0.065857899 -0.074177938
-9999 -0.033326262 -0.02722368 -0.021121098 -0.015018516 -0.00769207 -0.00014588245 0.0064178968 0.011847851 0.016782754 0.016075712 0.015368669 0.014661627 0.013280714 0.010550335 0.0078199557 0.0056100328 0.0034061296 0.0012022265 -0.0017688376 -0.0065097746 -0.011250712 -0.015991649 -0.020652069 -0.02526234 -0.032352234 -0.046088135 -0.059824036 -0.060321808 -0.060358063 -0.060394319 -0.058849095 -0.054255285 -0.049661474 -0.045067664 -0.04237139 -0.040424729 -0.037476735 -0.033096191 -0.029183267 -0.028025906 -0.026868545 -0.025711184 -0.027705074 -0.031964359 -0.0351894 -0.036531313 -0.037873227 -0.039215141 -0.039151576 -0.038845107 -0.045072796 -0.054600176 -0.064127556 -0.072447595
-9999 -0.03256382 -0.026461238 -0.020151094 -0.012604906 -0.0050587185 0.0024874691 0.0090512483 0.014481202 0.019911156 0.02534111 0.025955554 0.025248512 0.023867599 0.02113722 0.01840684 0.015676461 0.013321888 0.011117985 0.008146921 0.003405984 -0.001334953 -0.0059594728 -0.010569744 -0.015180016 -0.022269909 -0.03600581 -0.049741711 -0.063477612 -0.067448327 -0.067484583 -0.065939359 -0.061345549 -0.056751738 -0.054726533 -0.052779872 -0.05083321 -0.047885216 -0.043504673 -0.03912413 -0.034743586 -0.033305227 -0.032147866 -0.034141757 -0.038401041 -0.042660326 -0.046500973 -0.047842887 -0.049184801 -0.049121236 -0.048814767 -0.048508298 -0.052869833 -0.062397212 -0.070717252
-9999 -0.031801378 -0.02506393 -0.017517742 -0.0099715545 -0.0024253669 0.0051208206 0.0116846 0.017114554 0.022544508 0.027974461 0.033404415 0.035835397 0.034454484 0.031724104 0.028993725 0.026263346 0.023532967 0.021033744 0.01806268 0.013343395 0.0087331234 0.0041228519 -0.00048741956 -0.005097691 -0.012187584 -0.025923485 -0.039659387 -0.053395288 -0.067131189 -0.074574847 -0.073029623 -0.069028337 -0.067081676 -0.065135014 -0.063188353 -0.061241692 -0.058293698 -0.053913154 -0.049532611 -0.045152068 -0.040771525 -0.038584549 -0.040578439 -0.044837724 -0.049097008 -0.053356293 -0.057615577 -0.059154461 -0.059090896 -0.058784427 -0.058477958 -0.058171488 -0.060666869 -0.068986908
-9999 -0.03086614 -0.023319953 -0.015773765 -0.0082275774 -0.00068138984 0.0068647977 0.013886669 0.019316623 0.024746577 0.030176531 0.035606485 0.041036439 0.043619308 0.040888929 0.03815855 0.035428171 0.032697792 0.029967413 0.026668582 0.022058311 0.017448039 0.012837768 0.0082274963 0.0036172248 -0.0029771189 -0.01671302 -0.030448921 -0.044184822 -0.057920724 -0.071656625 -0.080035876 -0.078089214 -0.076142553 -0.074195892 -0.07224923 -0.070302569 -0.067463259 -0.063082716 -0.058702173 -0.05432163 -0.049941086 -0.045560543 -0.046004241 -0.050263525 -0.05452281 -0.058782094 -0.063041379 -0.067300663 -0.067335612 -0.067029143 -0.066722673 -0.066416204 -0.066109734 -0.06806679
-9999 -0.036443781 -0.028897593 -0.021351406 -0.013805218 -0.0062590305 7.4593061e-05 0.0080569525 0.017968241 0.023398195 0.028828149 0.034258102 0.039688056 0.042088355 0.038421595 0.035616514 0.032886135 0.030155756 0.027425376 0.024126546 0.019516275 0.014906003 0.010295732 0.0056854602 -0.0030485564 -0.011869306 -0.015829237 -0.028415884 -0.042151785 -0.055887687 -0.069623588 -0.078002839 -0.076056177 -0.074109516 -0.072162855 -0.070216193 -0.066605807 -0.063639422 -0.062053092 -0.057672549 -0.053292006 -0.048911463 -0.044530919 -0.04428013 -0.04736743 -0.051626715 -0.055885999 -0.060145284 -0.064404569 -0.06257834 -0.061073557 -0.060767088 -0.060460619 -0.060154149 -0.063047341
-9999 -0.042021421 -0.034475234 -0.026929046 -0.019647556 -0.013447766 -0.0072479759 0.00073438355 0.010774057 0.020813731 0.027479766 0.03290972 0.038339674 0.040739972 0.037073212 0.033406452 0.030344099 0.027613719 0.02488334 0.02158451 0.016974239 0.012363967 0.0077536956 -0.0026354391 -0.013269757 -0.022090506 -0.026050437 -0.030010369 -0.040118748 -0.05385465 -0.067590551 -0.075969802 -0.07402314 -0.072076479 -0.070017199 -0.065992682 -0.061968166 -0.059001781 -0.057549205 -0.056096629 -0.052262382 -0.047881839 -0.043501295 -0.043250506 -0.045968545 -0.04873062 -0.052989905 -0.057249189 -0.061508474 -0.059682246 -0.056804276 -0.054811503 -0.054505033 -0.054198564 -0.057091755
-9999 -0.047599062 -0.040052874 -0.033169915 -0.026970125 -0.020770335 -0.014570545 -0.0065881854 0.0034514882 0.013491162 0.023530835 0.031561337 0.036991291 0.03939159 0.03572483 0.03205807 0.028391309 0.025071683 0.022341304 0.019042474 0.014432202 0.0084119956 -0.0022223219 -0.012856639 -0.023490957 -0.032311706 -0.036271637 -0.040231569 -0.0441915 -0.051821613 -0.065557514 -0.073936765 -0.071990103 -0.069404074 -0.065379557 -0.061355041 -0.057330524 -0.05436414 -0.052911564 -0.051458988 -0.050006411 -0.046852215 -0.042471671 -0.042220882 -0.044938921 -0.04765696 -0.050374998 -0.054353094 -0.058612379 -0.056786151 -0.053908181 -0.051030211 -0.048549448 -0.048242979 -0.05113617
-9999 -0.053176702 -0.046692273 -0.040492484 -0.034292694 -0.028092904 -0.021893114 -0.013910754 -0.0038710808 0.0061685928 0.016208266 0.02624794 0.035642909 0.038043207 0.034376447 0.030709687 0.027042927 0.023376167 0.019799268 0.016500438 0.0088251129 -0.0018092046 -0.012443522 -0.02307784 -0.033712157 -0.042532906 -0.046492838 -0.050452769 -0.0544127 -0.058372632 -0.063524477 -0.071903728 -0.068790949 -0.064766433 -0.060741916 -0.0567174 -0.052692883 -0.049726499 -0.048273923 -0.046821346 -0.04536877 -0.043916194 -0.041442047 -0.041191258 -0.043909297 -0.046627336 -0.049345374 -0.052063413 -0.055716284 -0.053890056 -0.051012086 -0.048134116 -0.045256146 -0.042378176 -0.045180585
-9999 -0.058609067 -0.052409277 -0.046209487 -0.040009697 -0.033809907 -0.027610117 -0.019231862 -0.0091102853 0.0009293882 0.010969062 0.021008735 0.031048409 0.032565171 0.027013821 0.023347061 0.019680301 0.016013541 0.01234678 0.0065731353 -0.0040611822 -0.0146955 -0.025329817 -0.035964135 -0.046598452 -0.048476431 -0.052265709 -0.05622564 -0.060185572 -0.064145503 -0.068105434 -0.069338139 -0.065313623 -0.061289106 -0.05726459 -0.053240073 -0.049215557 -0.046055795 -0.044268661 -0.042816085 -0.041363509 -0.039910933 -0.038458356 -0.037414626 -0.040132665 -0.042850703 -0.045568742 -0.04828678 -0.051004819 -0.051485414 -0.048607444 -0.045729474 -0.042851504 -0.039973534 -0.038787034
-9999 -0.061678051 -0.055478261 -0.049278471 -0.043078681 -0.03726648 -0.032411457 -0.024081548 -0.011741173 -0.00087377485 0.0091658987 0.019205572 0.029245246 0.030762008 0.015211151 0.0060652905 0.0023985304 -0.0012682298 -0.00493499 -0.010708635 -0.021342953 -0.03197727 -0.042611588 -0.052345794 -0.049303674 -0.047945136 -0.051099018 -0.054661992 -0.058621923 -0.062581855 -0.066541786 -0.067774491 -0.063749974 -0.059725458 -0.055700941 -0.052389493 -0.05242558 -0.049692789 -0.042998725 -0.039853792 -0.038401216 -0.03694864 -0.035496063 -0.033956767 -0.032355128 -0.034543497 -0.037261536 -0.039979574 -0.042697613 -0.045352816 -0.047013343 -0.044135373 -0.041257403 -0.038379433 -0.037192934
-9999 -0.064747035 -0.058547245 -0.052347455 -0.04697119 -0.042116166 -0.037261143 -0.028931233 -0.016590859 -0.0042504849 0.0073627356 0.017402409 0.027442083 0.028958845 0.013407988 -0.0021428689 -0.01488324 -0.01855 -0.02221676 -0.027990405 -0.038624723 -0.04925904 -0.054856618 -0.051814499 -0.048772379 -0.047413841 -0.050567723 -0.053721604 -0.057058275 -0.061018206 -0.064978138 -0.066210843 -0.062186326 -0.05816181 -0.055990401 -0.056026488 -0.056062575 -0.053329783 -0.046635719 -0.039941655 -0.035438923 -0.033986347 -0.03253377 -0.030994474 -0.029392835 -0.027791196 -0.02895433 -0.031672368 -0.034390407 -0.037045609 -0.039689952 -0.042334295 -0.039663303 -0.036785333 -0.035598833
-9999 -0.067816019 -0.061616229 -0.056675899 -0.051820875 -0.046965852 -0.042110829 -0.033780919 -0.021440545 -0.0091001706 0.0032402036 0.015580578 0.02563892 0.027155682 0.011604825 -0.0039460319 -0.019496889 -0.035047746 -0.039498531 -0.045272176 -0.055906493 -0.057367442 -0.054325323 -0.051283204 -0.048241085 -0.046882546 -0.050036428 -0.053190309 -0.05634419 -0.059498072 -0.063414489 -0.064647194 -0.060622678 -0.059591309 -0.059627395 -0.059663482 -0.059699569 -0.056966778 -0.050272713 -0.043578649 -0.036884585 -0.031024054 -0.029571477 -0.028032181 -0.026430542 -0.024828902 -0.023227263 -0.023365162 -0.026083201 -0.028738403 -0.031382746 -0.034027089 -0.036671431 -0.035191232 -0.034004732
-9999 -0.071235631 -0.066380608 -0.061525584 -0.056670561 -0.051815538 -0.046960514 -0.038630605 -0.026290231 -0.013949856 -0.0016094821 0.010730892 0.023071266 0.025352519 0.0098016621 -0.005749195 -0.021300052 -0.036850909 -0.052401766 -0.062553946 -0.059878266 -0.056836147 -0.053794028 -0.050751909 -0.04770979 -0.046351252 -0.049505133 -0.052659014 -0.055812896 -0.058966777 -0.062120658 -0.063156129 -0.063192216 -0.063228303 -0.06326439 -0.063300476 -0.063336563 -0.060603772 -0.053909708 -0.047215643 -0.040521579 -0.033827515 -0.02713345 -0.025069888 -0.023468249 -0.021866609 -0.02026497 -0.018663331 -0.017775995 -0.020431197 -0.02307554 -0.025719883 -0.028364225 -0.031008568 -0.032410632
-9999 -0.074076341 -0.069221318 -0.064366295 -0.059511271 -0.054656248 -0.052555063 -0.047476938 -0.035136564 -0.02279619 -0.010455815 0.001884559 0.012594943 0.012133228 -0.0036917432 -0.0192426 -0.034793457 -0.050344314 -0.065895171 -0.075823791 -0.072781672 -0.069739553 -0.066697434 -0.063655314 -0.056675736 -0.047006972 -0.058720952 -0.061874833 -0.065028714 -0.068182596 -0.071336477 -0.073425422 -0.073461509 -0.073497595 -0.073533682 -0.073569769 -0.069783415 -0.060944872 -0.054250807 -0.047556743 -0.040862679 -0.034168614 -0.027948966 -0.027051865 -0.026896815 -0.025295176 -0.023693537 -0.022091898 -0.020490259 -0.022508916 -0.025153259 -0.027797601 -0.030441944 -0.033674371 -0.04021924
-9999 -0.076237588 -0.071382565 -0.066527542 -0.061672518 -0.061538831 -0.062753117 -0.057674992 -0.045334618 -0.032994244 -0.02065387 -0.01158164 -0.0042946199 -0.0047563345 -0.020735337 -0.036689806 -0.052240663 -0.06779152 -0.083342377 -0.093270997 -0.090228878 -0.087186759 -0.08414464 -0.072304205 -0.053191219 -0.043522455 -0.05916657 -0.07438726 -0.077541141 -0.080695022 -0.083848904 -0.085937849 -0.085973935 -0.086010022 -0.086046109 -0.079347305 -0.069009798 -0.060171254 -0.05347719 -0.046783126 -0.040089061 -0.034104571 -0.028318281 -0.02742118 -0.030038854 -0.030885219 -0.02928358 -0.027681941 -0.026080302 -0.028098959 -0.030743302 -0.033387644 -0.037577709 -0.044663105 -0.051207973
-9999 -0.078398836 -0.073543812 -0.069308314 -0.070522599 -0.071736885 -0.072951171 -0.067873047 -0.055532672 -0.043192298 -0.035758223 -0.028471203 -0.021184182 -0.021645897 -0.037624899 -0.053603901 -0.069582904 -0.085238726 -0.10078958 -0.1107182 -0.10767608 -0.10463396 -0.087932673 -0.068819688 -0.049706702 -0.040037938 -0.055682053 -0.071326167 -0.086970282 -0.093207449 -0.096361331 -0.098450275 -0.098486362 -0.098522449 -0.088911194 -0.078573688 -0.068236181 -0.059397637 -0.052703573 -0.046046465 -0.040260175 -0.034473885 -0.028687595 -0.027790494 -0.030408169 -0.033025843 -0.034873623 -0.033271984 -0.031670345 -0.033689002 -0.036333345 -0.041481047 -0.048566443 -0.055651838 -0.062196707
-9999 -0.080560083 -0.078292082 -0.079506368 -0.080720654 -0.08193494 -0.083149226 -0.078071101 -0.067221826 -0.059934805 -0.052647785 -0.045360765 -0.038073745 -0.038535459 -0.054514462 -0.070493464 -0.086472466 -0.10245147 -0.11823679 -0.12816541 -0.12267413 -0.10356114 -0.084448156 -0.065335171 -0.046222185 -0.036553421 -0.052197536 -0.06784165 -0.083485765 -0.09912988 -0.10887376 -0.1109627 -0.10881259 -0.098475084 -0.088137577 -0.07780007 -0.067462564 -0.05862402 -0.05220207 -0.04641578 -0.04062949 -0.0348432 -0.02905691 -0.028159809 -0.030777483 -0.033395158 -0.036012832 -0.038630507 -0.037260388 -0.039279045 -0.045384385 -0.05246978 -0.059555176 -0.066640572 -0.07318544
-9999 -0.0886268 -0.089841086 -0.091055371 -0.092269657 -0.093483943 -0.094698229 -0.08966379 -0.08237677 -0.075089749 -0.067802729 -0.060515709 -0.053228688 -0.051089219 -0.067068221 -0.083047224 -0.099026226 -0.11500523 -0.13098423 -0.13635194 -0.11723896 -0.098125971 -0.079012986 -0.059900001 -0.040787015 -0.031806005 -0.04745012 -0.063094235 -0.07873835 -0.094382465 -0.11002658 -0.11679622 -0.10645872 -0.096121209 -0.085783702 -0.075446196 -0.065108689 -0.060121413 -0.054335123 -0.048548833 -0.042762543 -0.036976254 -0.031189964 -0.030438862 -0.033056536 -0.03567421 -0.038291885 -0.040909559 -0.043527234 -0.049678182 -0.056763577 -0.063848973 -0.070934368 -0.078019764 -0.082912513
-9999 -0.11036474 -0.11157902 -0.11279331 -0.1140076 -0.11522188 -0.093788786 -0.08223547 -0.084449123 -0.077162103 -0.069875082 -0.062588062 -0.055301042 -0.049957566 -0.048506151 -0.062900119 -0.078879121 -0.094858123 -0.11083713 -0.11620484 -0.097091852 -0.077978866 -0.058865881 -0.039752896 -0.032243867 -0.031386903 -0.034755619 -0.048821969 -0.064466083 -0.080110198 -0.095754313 -0.10252396 -0.092186449 -0.081848943 -0.071511436 -0.061173929 -0.053221534 -0.055174682 -0.069770393 -0.063984103 -0.058197814 -0.052411524 -0.046625234 -0.046327256 -0.049738938 -0.052356613 -0.054974287 -0.057591962 -0.060209636 -0.064946574 -0.071087631 -0.078173027 -0.085258422 -0.092343818 -0.097765165
-9999 -0.13210268 -0.13331696 -0.13453125 -0.1305815 -0.10696156 -0.083341622 -0.071788306 -0.074161423 -0.076534541 -0.071947436 -0.064660415 -0.057373395 -0.05202992 -0.050578504 -0.049127089 -0.058732016 -0.074711018 -0.090690021 -0.096057732 -0.076944747 -0.057831761 -0.038718776 -0.035792451 -0.033358888 -0.032501924 -0.03587064 -0.039239355 -0.050193817 -0.065837932 -0.081482047 -0.08825169 -0.077914183 -0.067576676 -0.057430678 -0.050031712 -0.042632747 -0.044585895 -0.059918568 -0.075251242 -0.073633084 -0.067846794 -0.062060504 -0.061762526 -0.065410025 -0.069039015 -0.07165669 -0.074274364 -0.076892038 -0.081628977 -0.086732181 -0.092497081 -0.099582477 -0.10666787 -0.11208922
-9999 -0.15384062 -0.1550549 -0.14375428 -0.12013434 -0.096514399 -0.072894459 -0.061341142 -0.06371426 -0.066087377 -0.068460495 -0.066732769 -0.059445749 -0.054102273 -0.052650857 -0.051199442 -0.049748026 -0.054563913 -0.070542916 -0.075910627 -0.056797642 -0.041774597 -0.039341034 -0.036907472 -0.034473909 -0.033616945 -0.036985661 -0.040354376 -0.043723092 -0.051565666 -0.06720978 -0.073979423 -0.063641916 -0.054240856 -0.046841891 -0.039442925 -0.03204396 -0.033997108 -0.049329781 -0.064662454 -0.079995128 -0.083282064 -0.077495774 -0.077197796 -0.080845295 -0.084492794 -0.088140293 -0.090956766 -0.093574441 -0.098311379 -0.10341458 -0.10851779 -0.11390653 -0.12099193 -0.12641327
-9999 -0.17557855 -0.15692706 -0.13330712 -0.10968718 -0.086067235 -0.062447295 -0.050893978 -0.053267096 -0.055640213 -0.058013331 -0.060386449 -0.061518102 -0.056174626 -0.054723211 -0.053271795 -0.05182038 -0.050368964 -0.050395811 -0.055763522 -0.045323181 -0.042889618 -0.040456055 -0.038022493 -0.03558893 -0.034731966 -0.038100681 -0.041469397 -0.044838113 -0.048206828 -0.052937514 -0.059707157 -0.051051035 -0.043652069 -0.036253103 -0.028854138 -0.021455172 -0.023408321 -0.038740994 -0.054073667 -0.069406341 -0.084739014 -0.092931044 -0.092633066 -0.096280565 -0.099928064 -0.10357556 -0.10722306 -0.11025684 -0.11499378 -0.12009699 -0.12520019 -0.1303034 -0.1354066 -0.14073733
