P2_models/J1_p2_tot_conduct_slide_29.85.dat.tif
NCOLS 118
NROWS 92
XLLCORNER 139.62
YLLCORNER -39.07
DX 0.099491525
DY 0.099347826
NODATA_VALUE -9999
[rows 50 to 74 of 92, columns 57 to 113 of 118]
-1.4452409 -1.2017279 -1.0832002 -1.0893043 -1.1729336 -1.3409443 -1.4756944 -1.5553168 -1.7219453 -1.7950766 -1.7619519 -1.7564135 -1.7242228 -1.7634095 -1.8527315 -2.0464016 -2.3184496 -2.6575608 -2.9974112 -3.3607445 -3.5914986 -3.7779487 -3.7909004 -3.7071098 -3.5140053 -3.2694916 -2.9982385 -2.7344357 -2.5247392 -2.3566352 -2.2610891 -2.2255217 -2.2415487 -2.25129 -2.2768472 -2.2936327 -2.3042236 -2.2885456 -2.2662323 -2.2262173 -2.210844 -2.2147127 -2.2037192 -2.2497608 -2.3345564 -2.4279545 -2.6053723 -2.6989724 -2.8142796 -2.9888693 -3.0687165 -3.0209897 -3.0242885 -2.9527084 -2.6825351 -2.5204208 -2.4172652
-1.4840814 -1.3568585 -1.2854031 -1.3337989 -1.4228176 -1.5151223 -1.6407958 -1.6670124 -1.7333401 -1.6369606 -1.5749555 -1.4832759 -1.4277942 -1.4348588 -1.5217561 -1.7207277 -2.0028895 -2.3455826 -2.7064112 -3.0568112 -3.2550348 -3.4191685 -3.3952772 -3.2816112 -3.0750931 -2.8178302 -2.5469921 -2.3536168 -2.1508296 -2.0513381 -2.0841601 -2.0941667 -2.1417516 -2.1710138 -2.1799269 -2.1935718 -2.1512308 -2.1299148 -2.0992185 -2.0578677 -2.0461629 -2.0621692 -2.070494 -2.1056086 -2.1497562 -2.2034368 -2.2210771 -2.3088637 -2.3811903 -2.4823113 -2.5638568 -2.6441126 -2.6558175 -2.661379 -2.578434 -2.4849201 -2.4791616
-1.5054819 -1.4628295 -1.5567937 -1.6526811 -1.7993002 -1.8888002 -1.9673461 -1.9505947 -1.9121662 -1.7487151 -1.6014482 -1.4443563 -1.3350695 -1.3019057 -1.3694228 -1.5462966 -1.8209082 -2.1470193 -2.4897924 -2.8249996 -2.9852915 -3.1078787 -3.024969 -2.8775967 -2.5966795 -2.323655 -2.0370066 -1.8677081 -1.707076 -1.7238988 -1.7861166 -1.9077174 -1.9995302 -2.1047819 -2.1048553 -2.1008472 -2.018913 -1.9559643 -1.8740301 -1.8315226 -1.8143513 -1.8431964 -1.8717983 -1.906913 -1.93928 -1.9451324 -1.9351324 -1.931342 -1.9461532 -1.9976591 -2.0737409 -2.1803311 -2.2915421 -2.4036137 -2.4447237 -2.4915432 -2.4907307
-1.6964203 -1.7534073 -1.9336941 -2.0870688 -2.2535017 -2.3211289 -2.3841161 -2.2859069 -2.2131201 -1.9711594 -1.7946328 -1.5970937 -1.4679798 -1.4269174 -1.4810417 -1.6521263 -1.9090237 -2.2277748 -2.5629537 -2.8277859 -2.882916 -2.9662164 -2.77822 -2.5669995 -2.2196161 -1.896445 -1.5936382 -1.4609451 -1.322123 -1.3840525 -1.5765982 -1.7852106 -1.9491936 -2.0883602 -2.1053193 -2.0961022 -1.9524302 -1.870496 -1.7458464 -1.6464945 -1.6167918 -1.6550642 -1.6912739 -1.7454524 -1.7692759 -1.7648384 -1.7016131 -1.6677816 -1.6101219 -1.6454902 -1.7117307 -1.8655941 -2.0095757 -2.250337 -2.3446064 -2.4509123 -2.4806879
-1.8533605 -2.0580269 -2.3067557 -2.5194873 -2.7132339 -2.7793694 -2.8107877 -2.6840862 -2.5348489 -2.2829035 -2.0461394 -1.8467516 -1.6931522 -1.6510167 -1.7087184 -1.8745376 -2.1208172 -2.424819 -2.6970836 -2.9340819 -2.9461662 -2.908878 -2.6728619 -2.3353283 -1.9256573 -1.5389722 -1.1962792 -1.063187 -0.96987136 -1.1220349 -1.3863197 -1.6516304 -1.9083309 -2.1073139 -2.1426087 -2.1358041 -1.9647131 -1.8087909 -1.6449225 -1.5080706 -1.4495461 -1.4871362 -1.5360274 -1.6010143 -1.6324401 -1.6207352 -1.5493577 -1.461571 -1.3762553 -1.3535867 -1.4121112 -1.5643441 -1.7691796 -2.0515867 -2.2782224 -2.4362384 -2.466014
-2.1858606 -2.43862 -2.7757858 -2.9933822 -3.1768571 -3.2233914 -3.208179 -3.0522325 -2.8593852 -2.5925867 -2.3441829 -2.1713818 -2.0309348 -2.0309348 -2.1042519 -2.303235 -2.543929 -2.8288335 -3.0592853 -3.2387486 -3.155839 -3.0545882 -2.673204 -2.2716065 -1.709772 -1.2903046 -0.88498931 -0.76471624 -0.68507426 -0.92703606 -1.2422006 -1.6401667 -1.9417282 -2.2265313 -2.2678402 -2.2682679 -2.0400226 -1.8531585 -1.6015034 -1.4394546 -1.3435751 -1.3878949 -1.4433027 -1.5369418 -1.5799664 -1.574114 -1.4889993 -1.3754696 -1.2462357 -1.1990796 -1.2224894 -1.3831873 -1.6102231 -1.9561238 -2.2207412 -2.4372815 -2.4523015
-2.4429458 -2.7851345 -3.1223003 -3.3678387 -3.5220339 -3.5504639 -3.4850733 -3.2861631 -3.0737745 -2.8064998 -2.5837046 -2.4240407 -2.3492101 -2.3758228 -2.5096505 -2.7312638 -2.9988203 -3.2768296 -3.4761186 -3.5921834 -3.4999673 -3.2685737 -2.8491911 -2.2670647 -1.6536561 -1.1887829 -0.72267563 -0.5851003 -0.53475123 -0.82066014 -1.1922803 -1.633029 -2.0535574 -2.3687463 -2.4260721 -2.4104853 -2.1713952 -1.8879556 -1.5997799 -1.4059763 -1.2747513 -1.3404457 -1.3993462 -1.5083764 -1.6067563 -1.6248037 -1.5548037 -1.42721 -1.2576705 -1.1825724 -1.1832787 -1.3276656 -1.5526776 -1.9239644 -2.2322412 -2.4541583 -2.4735551
-2.7327284 -3.0614171 -3.3985829 -3.6010616 -3.7372079 -3.7135513 -3.629769 -3.4338588 -3.2017119 -2.987565 -2.7895245 -2.7008305 -2.6643616 -2.7489605 -2.9096855 -3.152887 -3.4124642 -3.6888296 -3.829178 -3.9236234 -3.7129021 -3.441339 -2.9175461 -2.3234197 -1.6445364 -1.0995876 -0.61871186 -0.50464218 -0.46091476 -0.81791376 -1.2460424 -1.7435 -2.1610284 -2.5180274 -2.552725 -2.5304845 -2.2121271 -1.9023764 -1.5687871 -1.3414781 -1.2010194 -1.2869247 -1.393007 -1.5748619 -1.6913076 -1.7322747 -1.6853116 -1.5565578 -1.3688549 -1.2450653 -1.2216555 -1.3374153 -1.5598081 -1.9315275 -2.2644058 -2.492651 -2.4537438
-2.8598099 -3.1806306 -3.4680506 -3.6511159 -3.7372079 -3.701008 -3.5900298 -3.3996978 -3.1752191 -3.0071965 -2.84251 -2.8268009 -2.8233181 -2.9780827 -3.1593668 -3.4302049 -3.6847003 -3.9471339 -4.0662256 -4.1289422 -3.8691588 -3.5671796 -2.9868123 -2.3700204 -1.6445364 -1.097307 -0.61208868 -0.5180303 -0.4940307 -0.88590554 -1.33498 -1.8656014 -2.2834582 -2.6306216 -2.637082 -2.5834701 -2.1972088 -1.8559885 -1.4638749 -1.2330524 -1.1016716 -1.2330156 -1.3797606 -1.6548254 -1.8092416 -1.9321429 -1.9004828 -1.7883694 -1.573533 -1.4352829 -1.3650536 -1.4626209 -1.6591559 -2.0177853 -2.3437194 -2.5602598 -2.4983356
-2.7786867 -3.0797398 -3.3470795 -3.4976648 -3.5733041 -3.5314173 -3.4196841 -3.2694936 -3.0534316 -2.9379864 -2.8024229 -2.8180835 -2.8473698 -3.008887 -3.204871 -3.4664223 -3.7059467 -3.9568605 -4.0579575 -4.1016886 -3.8419051 -3.5240991 -2.9655152 -2.3464632 -1.6403465 -1.1199081 -0.64412859 -0.58260276 -0.57293482 -0.9787187 -1.4254571 -1.9422101 -2.3296578 -2.654919 -2.5760204 -2.5014633 -2.0603393 -1.6721987 -1.2776069 -1.0839428 -0.96797253 -1.2001171 -1.3828807 -1.7459993 -1.9623503 -2.1309643 -2.1533122 -2.0526679 -1.8243301 -1.6598046 -1.5679153 -1.6186631 -1.7984787 -2.1313723 -2.4479223 -2.6567889 -2.5663153
-2.5934657 -2.8675949 -3.1107964 -3.2407518 -3.2983522 -3.255084 -3.1579505 -3.0417907 -2.8814988 -2.7746438 -2.7012562 -2.7274382 -2.7827539 -2.9485731 -3.1315884 -3.3803172 -3.5911062 -3.808813 -3.8758799 -3.9181016 -3.6583182 -3.3569469 -2.8097436 -2.2710937 -1.5922103 -1.0865675 -0.67315942 -0.63232609 -0.67053585 -1.0860593 -1.5273194 -2.0303043 -2.3573172 -2.6265296 -2.5353827 -2.3443473 -1.8878568 -1.4433121 -1.045346 -0.8626385 -0.81438673 -1.0993516 -1.3872141 -1.7851802 -2.139163 -2.3557034 -2.3931166 -2.3240724 -2.0863503 -1.8930222 -1.7759733 -1.8171341 -1.9503438 -2.2671642 -2.5571536 -2.7561367 -2.662924
-2.2131867 -2.4763686 -2.7085155 -2.8422898 -2.9260722 -2.903185 -2.8665303 -2.7854045 -2.6695567 -2.5893933 -2.5422997 -2.5522645 -2.5973046 -2.6946622 -2.8471532 -3.0129724 -3.2003361 -3.3716826 -3.4412761 -3.4875944 -3.2707861 -3.005918 -2.556068 -2.0805081 -1.5326016 -1.0588792 -0.73276812 -0.71455854 -0.78313005 -1.1817373 -1.6134209 -2.0285217 -2.3025671 -2.4808194 -2.3475889 -2.0926662 -1.6160773 -1.158515 -0.80634535 -0.66236692 -0.71503891 -1.0797697 -1.4335764 -1.9151147 -2.3141267 -2.5950439 -2.6401304 -2.5757536 -2.3147681 -2.1108774 -1.9528614 -1.9766928 -2.0761844 -2.3750297 -2.6565015 -2.8438759 -2.7473687
-1.8131867 -2.0768268 -2.3137329 -2.4824855 -2.5782533 -2.6261302 -2.6028056 -2.5688597 -2.478491 -2.411973 -2.3500266 -2.302192 -2.2979101 -2.3149375 -2.3864017 -2.5062042 -2.6372306 -2.7960739 -2.8676746 -2.9391536 -2.8459021 -2.6368249 -2.3071985 -1.9005817 -1.4258396 -1.1139583 -0.80622464 -0.83176869 -0.8988048 -1.2841006 -1.6166302 -1.9809565 -2.1940996 -2.3253149 -2.1097556 -1.8550073 -1.3959034 -0.95337597 -0.64448885 -0.6603363 -0.73570557 -1.1789074 -1.5918137 -2.133477 -2.5545687 -2.8300328 -2.845606 -2.7766593 -2.4741304 -2.2461528 -2.0700974 -2.0465381 -2.1420177 -2.4270152 -2.6965398 -2.8789629 -2.7870636
-1.450703 -1.7124645 -1.955666 -2.1301304 -2.2558039 -2.3218041 -2.3535529 -2.3419612 -2.3087973 -2.2435714 -2.1670556 -2.0989824 -2.0184971 -1.9853332 -1.9600394 -2.0097852 -2.0730205 -2.1813551 -2.2557572 -2.3414 -2.269545 -2.1847814 -1.9139433 -1.6802628 -1.3115589 -1.0551612 -0.86104458 -0.91627999 -1.0174297 -1.3627238 -1.681623 -1.9911522 -2.1245779 -2.1713974 -1.937786 -1.6479783 -1.1973403 -0.83230593 -0.58650334 -0.6308508 -0.82444128 -1.3052984 -1.8032847 -2.3592667 -2.7946827 -3.0638951 -3.0596423 -2.9374234 -2.6056041 -2.327066 -2.1280829 -2.0970888 -2.1655078 -2.4407078 -2.6939041 -2.8694774 -2.7750998
-1.2567519 -1.5204907 -1.7692195 -1.9486014 -2.0952205 -2.1701119 -2.2277123 -2.2191706 -2.18958 -2.0987059 -1.9948527 -1.8600737 -1.7337 -1.5910634 -1.5171692 -1.4563688 -1.4913518 -1.5521522 -1.645724 -1.7651826 -1.7692459 -1.7542741 -1.6231049 -1.4868437 -1.2850662 -1.0598839 -0.96039241 -1.0291155 -1.1498934 -1.4501028 -1.7412317 -1.9703261 -2.0632099 -2.0588032 -1.8301914 -1.5486305 -1.1602202 -0.83892912 -0.72179137 -0.81584551 -1.1026152 -1.6097654 -2.1278209 -2.6496582 -3.0643047 -3.239878 -3.1960151 -2.9970321 -2.6173816 -2.3204428 -2.0865191 -2.0473747 -2.1058992 -2.3672264 -2.6144259 -2.7786514 -2.6869542
-1.2844693 -1.5369277 -1.7721615 -1.9351521 -2.0708292 -2.1276847 -2.1781253 -2.135271 -2.106063 -1.9489305 -1.8194975 -1.6111607 -1.4327248 -1.2257011 -1.0775325 -0.98994129 -0.98480947 -1.0395725 -1.1502458 -1.2854254 -1.4015357 -1.447934 -1.429315 -1.3482084 -1.2075754 -1.1389823 -1.0507692 -1.1481227 -1.2646783 -1.540543 -1.7579812 -1.9619855 -2.051664 -2.0328265 -1.8474668 -1.5723615 -1.3058942 -1.0278284 -0.95876087 -1.163063 -1.4570427 -1.9283089 -2.4458346 -2.8763538 -3.2567975 -3.3726587 -3.1837654 -2.9759016 -2.5648526 -2.2338849 -1.9997872 -1.9563675 -2.0148919 -2.2582771 -2.4951453 -2.6498254 -2.5594515
-1.4537283 -1.6960001 -1.9115651 -2.0411811 -2.145909 -2.1685325 -2.1842417 -2.1164811 -2.0446261 -1.8677151 -1.6837621 -1.4522265 -1.2153262 -0.9721247 -0.77076443 -0.63810906 -0.59748338 -0.62511991 -0.74343441 -0.87724351 -1.0119939 -1.1378688 -1.1710327 -1.1904475 -1.1377755 -1.129091 -1.1180364 -1.2345143 -1.3690421 -1.6089923 -1.820887 -1.9977609 -2.0704828 -2.047073 -1.8790732 -1.6662708 -1.4499232 -1.291 -1.291 -1.5019543 -1.8355435 -2.2839553 -2.7476098 -3.1258396 -3.3824598 -3.4234268 -3.2034901 -2.9050155 -2.4822911 -2.1234791 -1.8893814 -1.8559399 -1.9144644 -2.1501209 -2.3626059 -2.5030645 -2.4049298
-1.8246269 -2.0533669 -2.2029854 -2.2964384 -2.3181119 -2.2935803 -2.230604 -2.1183181 -1.9982638 -1.7874729 -1.5844142 -1.3330672 -1.0887015 -0.82891812 -0.61715844 -0.45265979 -0.39306939 -0.38668513 -0.4959365 -0.61231597 -0.75602596 -0.88627315 -0.98576468 -1.039654 -1.08479 -1.1135122 -1.1577755 -1.2966126 -1.4485204 -1.6805342 -1.8845269 -2.0448188 -2.1273286 -2.1265513 -2.0114832 -1.8450969 -1.7221956 -1.5956667 -1.6557672 -1.8670982 -2.1799493 -2.5467425 -2.9529287 -3.1987313 -3.4221989 -3.3463149 -3.0879301 -2.7593053 -2.3464081 -1.9910154 -1.7910757 -1.7713299 -1.8416093 -2.0677565 -2.2765045 -2.3837024 -2.2765339
-2.2042356 -2.4329756 -2.5546694 -2.5922138 -2.5512114 -2.4657832 -2.3183606 -2.1045673 -1.9544721 -1.7411105 -1.519907 -1.2714764 -1.0456073 -0.79459097 -0.59774539 -0.42961914 -0.35569258 -0.30213236 -0.3834365 -0.43013482 -0.5738448 -0.67378764 -0.77627377 -0.89502834 -0.97238392 -1.0343962 -1.1520056 -1.3102213 -1.5011005 -1.7305285 -1.9420487 -2.1060507 -2.2123992 -2.2274491 -2.1170919 -2.0500534 -1.931736 -1.9166512 -1.9810281 -2.1923591 -2.4360179 -2.6777498 -3.0363055 -3.2638476 -3.2991865 -3.1984474 -2.9211692 -2.5967282 -2.2442487 -1.9060442 -1.7371716 -1.7439313 -1.8441395 -2.0602275 -2.2526845 -2.3450286 -2.2247295
-2.5560979 -2.7508741 -2.8282564 -2.7958026 -2.7067838 -2.5397621 -2.3512519 -2.1345239 -1.9134316 -1.7035526 -1.5005025 -1.2881068 -1.0835673 -0.86247503 -0.66222652 -0.49088 -0.36498567 -0.28760337 -0.29636514 -0.30437526 -0.391028 -0.49386699 -0.60994043 -0.73945587 -0.86235717 -1.0112305 -1.1549404 -1.3490152 -1.5455204 -1.7854705 -2.0019144 -2.1732609 -2.2884137 -2.3410857 -2.3195671 -2.2711299 -2.2248882 -2.2098034 -2.2741803 -2.3997938 -2.6104817 -2.8091548 -3.0137945 -3.111065 -3.1238217 -2.9892155 -2.7464268 -2.4303949 -2.1227775 -1.8676744 -1.7447731 -1.7939794 -1.9051758 -2.1138041 -2.2820964 -2.3523257 -2.2217638
-2.723116 -2.9101634 -2.9607201 -2.9047319 -2.7663925 -2.573248 -2.3446287 -2.1179682 -1.8869388 -1.7032524 -1.5137488 -1.3776025 -1.2008631 -1.0460985 -0.85285258 -0.67632928 -0.51542062 -0.38032801 -0.34638283 -0.26463613 -0.28674535 -0.36140322 -0.47747666 -0.6215104 -0.80274847 -0.98524986 -1.17481 -1.3958834 -1.6117523 -1.8517024 -2.0691407 -2.2460145 -2.3813129 -2.4735494 -2.4959414 -2.4830719 -2.4772195 -2.474731 -2.501775 -2.5610273 -2.6833368 -2.77355 -2.9078235 -2.901971 -2.8920101 -2.7516918 -2.5557496 -2.2979311 -2.1012814 -1.8809207 -1.8470205 -1.924538 -2.0508859 -2.244859 -2.407937 -2.4619273 -2.3277349
-2.6928225 -2.8862545 -2.9474505 -2.8958693 -2.7562935 -2.5594068 -2.322276 -2.1139084 -1.8778955 -1.7434486 -1.5798885 -1.4955596 -1.3684989 -1.2452977 -1.0784098 -0.89943424 -0.69124686 -0.52286979 -0.42704587 -0.27691356 -0.26330125 -0.30884269 -0.43855844 -0.60787134 -0.81966072 -1.0527509 -1.2687549 -1.493607 -1.7262657 -1.9616398 -2.1505777 -2.3197904 -2.4767196 -2.5899896 -2.675178 -2.6921379 -2.712397 -2.7159414 -2.7212855 -2.6835388 -2.7447456 -2.7048797 -2.7666456 -2.7051703 -2.6473787 -2.5201054 -2.408909 -2.1972186 -2.0985744 -1.9647206 -1.9677961 -2.0832597 -2.2200044 -2.3972079 -2.5472128 -2.5952089 -2.4712956
-2.4900363 -2.6834683 -2.7608506 -2.7401395 -2.6197024 -2.4613348 -2.247552 -2.0861947 -1.8872116 -1.7630402 -1.6688735 -1.6060367 -1.5462303 -1.4467388 -1.3154207 -1.1330195 -0.91824065 -0.68745239 -0.50275841 -0.33247257 -0.31036334 -0.32818534 -0.46636801 -0.68091275 -0.93256778 -1.1860019 -1.440258 -1.6703381 -1.8758405 -2.080676 -2.242353 -2.4026449 -2.5414727 -2.6819313 -2.7741056 -2.8751043 -2.9043665 -2.9303449 -2.9069351 -2.8616159 -2.7957727 -2.6882521 -2.6198956 -2.5321089 -2.4171155 -2.305919 -2.2038096 -2.1138939 -2.07735 -2.0544419 -2.1012614 -2.2273265 -2.377129 -2.5432607 -2.6728008 -2.7137679 -2.5913691
-2.1058914 -2.3041857 -2.453423 -2.4672047 -2.4514955 -2.3268632 -2.2011897 -2.0786765 -1.9335739 -1.851179 -1.7947141 -1.7654712 -1.7250564 -1.64067 -1.5124293 -1.3134462 -1.084131 -0.81329297 -0.61791268 -0.4318204 -0.42834214 -0.4606491 -0.65142066 -0.89406772 -1.2041185 -1.4575526 -1.7118088 -1.9032411 -2.0612898 -2.1873938 -2.3074812 -2.4125 -2.5465454 -2.7018009 -2.8300522 -2.9810753 -3.0478189 -3.0958394 -3.0431674 -2.9596411 -2.7957727 -2.6151554 -2.4808086 -2.3385004 -2.2009257 -2.1248439 -2.0585962 -2.0410388 -2.076619 -2.0892823 -2.1770689 -2.3029022 -2.4433609 -2.5920972 -2.7126367 -2.7594563 -2.6485416
-1.6550943 -1.9200893 -2.1172926 -2.2462645 -2.2716332 -2.2702862 -2.1738708 -2.1156939 -2.00117 -1.9817805 -1.9335671 -1.9204929 -1.8787081 -1.7822352 -1.6387088 -1.430381 -1.1896465 -0.92009007 -0.7172605 -0.57524015 -0.65126243 -0.71258069 -0.9662395 -1.218079 -1.5381095 -1.7608903 -2.002403 -2.0410817 -2.1922211 -2.2627949 -2.2235485 -2.2839565 -2.4244127 -2.5855396 -2.8057523 -2.9621668 -3.0991377 -3.1378466 -3.082682 -2.9130459 -2.7338814 -2.4675684 -2.2830461 -2.09137 -1.9649692 -1.897502 -1.9182398 -1.9110533 -1.9942422 -2.0497388 -2.1402474 -2.2453272 -2.3810493 -2.5250247 -2.6399773 -2.6970866 -2.6317476
