P2_models/J1_p2_vp_slide_diff2_320.dat.tif
NCOLS 118
NROWS 92
XLLCORNER 139.62
YLLCORNER -39.07
DX 0.099491525
DY 0.099347826
NODATA_VALUE -9999
[rows 0 to 23 of 92, columns 0 to 53 of 118]
-9999 -9999 -9999 -9999 -9999 -9999 -9999 -9999 -9999 -9999 -9999 -9999 -9999 -9999 -9999 -9999 -9999 -9999 -9999 -9999 -9999 -9999 -9999 -9999 -9999 -9999 -9999 -9999 -9999 -9999 -9999 -9999 -9999 -9999 -9999 -9999 -9999 -9999 -9999 -9999 -9999 -9999 -9999 -9999 -9999 -9999 -9999 -9999 -9999 -9999 -9999 -9999 -9999 -9999
-9999 0.028607138 0.030846839 0.03308654 0.035326241 0.037565942 0.039074909 0.039200893 0.038563664 0.037380367 0.036197071 0.035013774 0.033830477 0.032860135 0.029873375 0.024085787 0.018298199 0.012510611 0.0067230232 0.0032872101 0.0052770406 0.0072668711 0.0092567016 0.011246532 0.01257436 0.010407209 0.010152673 0.010286903 0.010421132 0.010555361 0.01068959 0.012531612 0.017665712 0.022799812 0.027933912 0.033068012 0.035812779 0.034697256 0.035827892 0.035652238 0.035476584 0.03530093 0.035125276 0.032035077 0.028709089 0.025976912 0.023244735 0.020512559 0.017780382 0.0018559526 -0.023229592 -0.048315136 -0.073400681 -0.098486225
-9999 0.030949884 0.033189585 0.035429286 0.037668987 0.038609613 0.038736505 0.038862489 0.038987424 0.038702107 0.037518811 0.036335514 0.035152217 0.034181876 0.033637989 0.031952686 0.026165098 0.02037751 0.014589922 0.011154109 0.01314394 0.01513377 0.017123601 0.017268539 0.014492394 0.012325243 0.01179035 0.011383661 0.01151789 0.01165212 0.011786349 0.01362837 0.01876247 0.02389657 0.02903067 0.029718539 0.025807004 0.024691481 0.027576049 0.02933889 0.029163236 0.028987582 0.028811928 0.025721729 0.020536301 0.016754536 0.01402236 0.011290183 0.0085580057 -0.0070527473 -0.024889268 -0.049092533 -0.074178078 -0.099263622
-9999 0.033292629 0.035532331 0.037772032 0.038144317 0.038271209 0.038398102 0.038524086 0.038649021 0.038773956 0.038840551 0.037657254 0.036473957 0.035503616 0.034959729 0.034415842 0.033871955 0.028244409 0.022456821 0.019021008 0.021010839 0.023000669 0.021962719 0.019186573 0.016410428 0.014243277 0.013708384 0.01317349 0.012638597 0.012748878 0.012883108 0.014725129 0.019859229 0.024993329 0.023624298 0.019712764 0.015801229 0.014685706 0.017570274 0.020454842 0.022849889 0.022674235 0.022498581 0.019408382 0.014222953 0.0090375249 0.0047999836 0.0020678067 -0.00066437023 -0.016275123 -0.034111644 -0.051948165 -0.074955474 -0.10004102
-9999 0.035635375 0.037552128 0.037679021 0.037805913 0.037932806 0.038059698 0.038185682 0.038310617 0.038435553 0.038560488 0.038685423 0.037795697 0.036825356 0.036281469 0.035737582 0.035193695 0.034649808 0.03032372 0.026887907 0.028877738 0.026656898 0.023880753 0.021104607 0.018328462 0.016161311 0.015626418 0.015091524 0.014556631 0.014021738 0.013979866 0.015821888 0.020955988 0.017530058 0.013618523 0.0097069888 0.0057954542 0.0046799312 0.0075644993 0.010449067 0.013333635 0.016218204 0.016185234 0.013095035 0.007909606 0.0027241775 -0.002461251 -0.0071545692 -0.0098867461 -0.025497499 -0.04333402 -0.061170541 -0.079007062 -0.10081842
-9999 0.037086832 0.037213725 0.037340617 0.03746751 0.037594402 0.037721295 0.037847279 0.037972214 0.038097149 0.038222084 0.03834702 0.038471955 0.038147096 0.037603209 0.037059322 0.036515435 0.035971548 0.035427661 0.034127222 0.031351077 0.028574932 0.025798787 0.023022641 0.020246496 0.018079345 0.017544452 0.017009558 0.016474665 0.015939772 0.015404878 0.015347352 0.011435818 0.0075242831 0.0036127485 -0.00029878608 -0.0042103207 -0.0053258437 -0.0024412756 0.00044329245 0.0033278605 0.0062124286 0.0090969967 0.0067816871 0.0015962586 -0.0035891698 -0.0087745983 -0.013960027 -0.019109122 -0.034719875 -0.052556396 -0.070392917 -0.088229438 -0.10606596
-9999 0.03319883 0.033325722 0.033452615 0.033579507 0.0337064 0.03392115 0.034127878 0.034252814 0.034377749 0.034502684 0.034627619 0.036236297 0.037700575 0.035709289 0.035165402 0.034621515 0.034077628 0.033533741 0.032314852 0.029538707 0.026762562 0.023986417 0.021210271 0.020436772 0.022154535 0.021517291 0.020982398 0.020447504 0.019912611 0.019377717 0.017689474 0.013777939 0.0098664046 0.00595487 0.0020433354 -0.0026753194 -0.0047534982 -0.0018689301 0.001015638 0.0039002061 0.0067847742 -0.0046861342 -0.015712285 -0.020829819 -0.026015247 -0.031200676 -0.036386104 -0.041571533 -0.057543796 -0.075380316 -0.093216837 -0.11105336 -0.1169954
-9999 0.02874847 0.028875362 0.029002255 0.029129147 0.029388506 0.029666104 0.029872832 0.029997767 0.030122703 0.030247638 0.032828383 0.036237354 0.037701632 0.035271552 0.032841471 0.032218143 0.031674256 0.031130369 0.02991148 0.027135335 0.02435919 0.021583045 0.022288122 0.024893474 0.026611236 0.025950039 0.025288842 0.024745883 0.02421099 0.023676096 0.021987853 0.018076318 0.014164783 0.010253249 0.0051199749 -0.00042709927 -0.002505278 0.00037929009 0.0032638582 0.0061484263 -0.01048774 -0.029842272 -0.040868423 -0.045907407 -0.050994039 -0.056179467 -0.061364896 -0.066550324 -0.082522587 -0.10035911 -0.11819563 -0.11514752 -0.085609734
-9999 0.02429811 0.024425003 0.024578265 0.024855862 0.02513346 0.025411058 0.025617786 0.025742721 0.026011498 0.029420469 0.03282944 0.036238411 0.037702689 0.035272609 0.032842528 0.030412448 0.029270884 0.028726997 0.027508108 0.024731963 0.021955818 0.024139472 0.026744823 0.029350175 0.031067938 0.030406741 0.029745544 0.029084346 0.028509369 0.027974475 0.026286231 0.022374697 0.018462343 0.012915269 0.007368195 0.0018211209 -0.00025705783 0.0026275103 0.0030651874 -0.016289345 -0.035643877 -0.05499841 -0.066024561 -0.071063545 -0.076102529 -0.081158259 -0.086343687 -0.091529116 -0.10750138 -0.1253379 -0.11329964 -0.083761855 -0.054224064
-9999 0.01984775 0.020045621 0.020323219 0.020600816 0.020878414 0.021156012 0.021362739 0.022603583 0.026012554 0.029421526 0.032830497 0.036239468 0.037703746 0.035273666 0.032843585 0.030413505 0.027983424 0.026323625 0.025104737 0.02338547 0.025990822 0.028596173 0.031201525 0.033806876 0.035524639 0.034863442 0.034202245 0.033541048 0.032879851 0.032272854 0.03058461 0.026257638 0.020710563 0.015163489 0.0096164152 0.0040693411 0.0019911623 -0.002736418 -0.02209095 -0.041445483 -0.060800015 -0.080154548 -0.091180699 -0.096219683 -0.10125867 -0.10629765 -0.11133663 -0.11650791 -0.13248017 -0.11145177 -0.081913976 -0.052376185 -0.022838395
-9999 0.016678953 0.01695655 0.017234148 0.017511746 0.017789343 0.018066941 0.01931157 0.022720541 0.026129512 0.029538483 0.032947454 0.036356425 0.037442853 0.035012772 0.032582692 0.030152611 0.027722531 0.02529245 0.024385009 0.02699036 0.029595712 0.032201063 0.034806414 0.037411766 0.038846154 0.038184957 0.03752376 0.036862563 0.036201366 0.035540169 0.033210116 0.027663042 0.022115968 0.016568894 0.011021819 0.0054747453 -0.0064541675 -0.0258087 -0.045163232 -0.064517765 -0.083872297 -0.10322683 -0.1109634 -0.11600239 -0.12104137 -0.12608035 -0.13111934 -0.13615832 -0.11171575 -0.082177957 -0.052640166 -0.023102376 0.006435414
-9999 0.02123136 0.021508958 0.021786555 0.022064153 0.022341751 0.020008813 0.020188107 0.023597078 0.02700605 0.030415021 0.033823992 0.034772938 0.034426683 0.032957857 0.030605049 0.028174968 0.025744888 0.023314807 0.022407366 0.025012717 0.027618069 0.03022342 0.032828772 0.036318027 0.03814497 0.034427866 0.033405586 0.032744389 0.032083191 0.031421994 0.029091942 0.023544867 0.017997793 0.012450719 0.0069036451 -0.0021016041 -0.015869444 -0.035223976 -0.054578509 -0.073933041 -0.093287574 -0.096711521 -0.098465913 -0.10056912 -0.1056081 -0.11064708 -0.11568607 -0.12072505 -0.096282476 -0.066744686 -0.037206896 -0.0076691054 0.0042875156
-9999 0.025783767 0.026061365 0.026338962 0.026123497 0.023504424 0.02088535 0.021064645 0.024473616 0.027882587 0.031166834 0.031381149 0.031595463 0.031249209 0.029780382 0.028311555 0.026197326 0.023767245 0.021337165 0.020429723 0.023035075 0.025640426 0.028245778 0.032055222 0.035950647 0.03777759 0.034060486 0.030343381 0.028626214 0.027965017 0.02730382 0.024973767 0.019426693 0.013879619 0.0082087479 -0.0016540663 -0.01151688 -0.02528472 -0.044639252 -0.063993785 -0.080749231 -0.083301017 -0.085852804 -0.087607196 -0.088788352 -0.090174829 -0.095213813 -0.1002528 -0.10529178 -0.080849205 -0.051311415 -0.021773625 -0.015156508 -0.017982955
-9999 0.030336174 0.030613772 0.029619109 0.027000035 0.024380961 0.021761888 0.021941182 0.025350154 0.027775045 0.027989359 0.028203674 0.028417989 0.028071734 0.026602907 0.025134081 0.023665254 0.021789603 0.019359522 0.018452081 0.021057432 0.023896992 0.027792417 0.031687842 0.035583267 0.03741021 0.033693106 0.029976001 0.026258897 0.023846843 0.023185646 0.020855593 0.015308519 0.0086562857 -0.0012065284 -0.011069343 -0.020932157 -0.034699996 -0.054054529 -0.067338728 -0.069890514 -0.0724423 -0.074994086 -0.076748479 -0.077929635 -0.079110791 -0.080291948 -0.084819526 -0.08985851 -0.065415934 -0.035878144 -0.034600531 -0.037426979 -0.040253426
-9999 0.034888581 0.03311472 0.030495646 0.027876573 0.025257499 0.022638425 0.02281772 0.024383256 0.02459757 0.024811885 0.025026199 0.025240514 0.024894259 0.023425433 0.021956606 0.02048778 0.019018953 0.017381879 0.016474438 0.019634187 0.023529612 0.027425037 0.031320462 0.035215887 0.03704283 0.033325726 0.029608621 0.025891517 0.022174412 0.019067471 0.016737418 0.0091038236 -0.00075899053 -0.010621805 -0.020484619 -0.030347433 -0.044115273 -0.053928224 -0.05648001 -0.059031797 -0.061583583 -0.064135369 -0.065889761 -0.067070918 -0.068252074 -0.06943323 -0.070614387 -0.074425239 -0.051218107 -0.054044555 -0.056871002 -0.05969745 -0.062523897
-9999 0.036060409 0.033441336 0.030822262 0.028203188 0.025584115 0.022965041 0.022137014 0.022351328 0.022565643 0.022779957 0.022994272 0.023208586 0.023497872 0.022125397 0.02065657 0.019187744 0.017718917 0.016250091 0.016403333 0.020298758 0.024194183 0.028089608 0.031985033 0.035880458 0.029771549 0.023315031 0.019597926 0.015880822 0.012163717 0.0084466126 0.0026303347 -0.0072324794 -0.017095294 -0.026958108 -0.036820922 -0.046683736 -0.044920583 -0.047472369 -0.050024155 -0.052575941 -0.055127727 -0.057679513 -0.059309634 -0.060490791 -0.061671947 -0.062853103 -0.06403426 -0.065215416 -0.06264997 -0.065476417 -0.068302865 -0.071129313 -0.07395576
-9999 0.035109207 0.032490133 0.029871059 0.027251986 0.024877378 0.023886377 0.023265473 0.023071709 0.02319555 0.023409865 0.023624179 0.023838494 0.02412778 0.024567201 0.02371902 0.022250193 0.020781367 0.01931254 0.019465783 0.023361208 0.027256633 0.031152058 0.035047482 0.036819841 0.029923952 0.00022320259 -0.012820326 -0.016537431 -0.020254535 -0.02397164 -0.029787918 -0.039650732 -0.049513546 -0.05937636 -0.068305466 -0.055973575 -0.049490509 -0.051375016 -0.05379895 -0.056350736 -0.058902522 -0.061454308 -0.063010279 -0.063852552 -0.065033708 -0.066214865 -0.067396021 -0.068577178 -0.058895896 -0.051723296 -0.054549744 -0.057376191 -0.060202639
-9999 0.034158004 0.031538931 0.028919857 0.027027155 0.026036154 0.025045153 0.024424249 0.024230486 0.024036722 0.024039772 0.024254087 0.024468401 0.024757687 0.025197108 0.025636529 0.025312643 0.023843817 0.02237499 0.022528233 0.026423657 0.030319082 0.033747061 0.035359653 0.036972245 0.030076356 0.00037560639 -0.029325143 -0.048955683 -0.052672788 -0.056389892 -0.06220617 -0.072068985 -0.081931799 -0.085234412 -0.072902522 -0.060570632 -0.054087566 -0.055972073 -0.057856579 -0.06012553 -0.062677316 -0.065229103 -0.066785074 -0.067625166 -0.068465259 -0.069576626 -0.070757783 -0.071938939 -0.062257658 -0.050699052 -0.040796623 -0.04362307 -0.046449518
-9999 0.033206802 0.030587728 0.029176932 0.028185931 0.02719493 0.026203929 0.025583025 0.025389262 0.025195498 0.025001734 0.024883994 0.025098309 0.025387595 0.025827016 0.026266437 0.026705858 0.026906266 0.02543744 0.025590682 0.029486107 0.032286873 0.033899465 0.035512057 0.037124649 0.03022876 0.00052801018 -0.02917274 -0.058873489 -0.08509104 -0.088808145 -0.094624423 -0.10448724 -0.10216336 -0.089831469 -0.077499578 -0.065167688 -0.058684622 -0.060569129 -0.062453636 -0.064338142 -0.066452111 -0.069003897 -0.070559868 -0.071399961 -0.072240053 -0.073080146 -0.074119544 -0.0753007 -0.065619419 -0.054060813 -0.042502208 -0.030943602 -0.032696397
-9999 0.032317709 0.031326709 0.030335708 0.029344707 0.028353706 0.027362705 0.026741802 0.026548038 0.026354274 0.02616051 0.025966746 0.025772983 0.026017502 0.026456923 0.026896344 0.027335765 0.027775186 0.028214607 0.028653132 0.030826685 0.032439277 0.034051869 0.035664461 0.037277052 0.030381164 0.00068041397 -0.029020336 -0.058721086 -0.088421835 -0.11812259 -0.12704268 -0.11909231 -0.10676042 -0.094428525 -0.082096635 -0.069764745 -0.063281679 -0.065166185 -0.067050692 -0.068935199 -0.070819706 -0.072778692 -0.074334663 -0.075174755 -0.076014848 -0.07685494 -0.077695033 -0.078662462 -0.06898118 -0.057422575 -0.045863969 -0.034305363 -0.022746758
-9999 0.030421575 0.029430574 0.028439573 0.027448572 0.026457571 0.025866014 0.026299503 0.026105739 0.025911975 0.025718211 0.025524448 0.025490093 0.024819532 0.022696285 0.023135706 0.023575127 0.024014548 0.024453969 0.025248139 0.026860731 0.028473323 0.030085915 0.031698506 0.033311098 0.035522661 0.015378044 -0.014322706 -0.044023456 -0.073724206 -0.10342496 -0.11876873 -0.10643684 -0.09410495 -0.081773059 -0.069441169 -0.059945719 -0.066718896 -0.068603402 -0.070487909 -0.072372416 -0.074256923 -0.07318195 -0.070673155 -0.071619523 -0.072459616 -0.073299708 -0.074139801 -0.074979893 -0.065248353 -0.053689748 -0.042131142 -0.030572536 -0.019013931
-9999 0.026221064 0.025230063 0.024239062 0.023248062 0.023239021 0.024215995 0.024649483 0.02445572 0.024261956 0.024068192 0.024691039 0.026717567 0.026047006 0.01997537 0.016063198 0.016502619 0.01694204 0.017381461 0.018175631 0.019788223 0.021400814 0.023013406 0.025845071 0.03192135 0.034140246 0.026020389 0.011346658 -0.018354091 -0.048054841 -0.077755591 -0.093099366 -0.080767475 -0.068435585 -0.056103695 -0.052317755 -0.062508048 -0.069281224 -0.071165731 -0.073050237 -0.074934744 -0.071441049 -0.06291171 -0.060402915 -0.062222213 -0.063375208 -0.064215301 -0.065055393 -0.065895486 -0.056163946 -0.04460534 -0.033046734 -0.022985612 -0.027707018
-9999 0.022020554 0.021029553 0.020038552 0.020612027 0.021589001 0.022565976 0.022999464 0.0228057 0.022611936 0.023891985 0.025918513 0.027945041 0.02727448 0.021202844 0.015131208 0.0094301104 0.0098695313 0.010308952 0.011103122 0.012715714 0.014328306 0.018386378 0.024462657 0.030538936 0.032757832 0.024637974 0.016518117 0.0073152731 -0.022385477 -0.052086226 -0.067430001 -0.055098111 -0.042766221 -0.04468979 -0.054880083 -0.065070376 -0.071843552 -0.073728059 -0.075612566 -0.069700149 -0.061170809 -0.052641469 -0.050132675 -0.051951973 -0.053771272 -0.055130893 -0.055970986 -0.056811078 -0.047079538 -0.035520933 -0.028549243 -0.033270649 -0.037992055
-9999 0.017820043 0.017008059 0.017985034 0.018962008 0.019938982 0.020915956 0.021349445 0.021155681 0.023092931 0.025119459 0.027145987 0.029172515 0.028501955 0.022430318 0.016358682 0.010287046 0.00421541 0.0032364439 0.0040306141 0.0056432059 0.010927684 0.017003963 0.023080242 0.029156521 0.031375418 0.02325556 0.015135703 0.007015845 -0.0011040125 -0.026416862 -0.041760637 -0.029428747 -0.037061825 -0.047252118 -0.057442411 -0.067632704 -0.074405881 -0.076290388 -0.067959249 -0.059429909 -0.050900569 -0.042371229 -0.039862435 -0.041681733 -0.043501032 -0.04532033 -0.046886578 -0.047726671 -0.037995131 -0.034112873 -0.038834279 -0.043555685 -0.048277091
