P2_models/J1_p2__temp2_slide_15.dat.tif
NCOLS 118
NROWS 92
XLLCORNER 139.62
YLLCORNER -39.07
DX 0.099491525
DY 0.099347826
NODATA_VALUE -9999
[rows 0 to 26 of 92, columns 0 to 59 of 118]
-9999 -9999 -9999 -9999 -9999 -9999 -9999 -9999 -9999 -9999 -9999 -9999 -9999 -9999 -9999 -9999 -9999 -9999 -9999 -9999 -9999 -9999 -9999 -9999 -9999 -9999 -9999 -9999 -9999 -9999 -9999 -9999 -9999 -9999 -9999 -9999 -9999 -9999 -9999 -9999 -9999 -9999 -9999 -9999 -9999 -9999 -9999 -9999 -9999 -9999 -9999 -9999 -9999 -9999 -9999 -9999 -9999 -9999 -9999 -9999
-9999 189.73499 190.18433 190.63367 191.08302 191.53236 192.24993 192.10096 190.72015 189.59279 188.46544 187.33809 186.21073 184.88825 183.62862 182.88906 182.14951 181.40996 180.6704 179.68726 178.14216 176.59706 175.05195 173.50685 172.32889 173.57683 175.71759 178.53927 181.36095 184.18263 187.00431 188.15172 186.07168 183.99163 181.91158 179.83153 177.69011 175.00475 173.06562 172.07962 171.09363 170.10763 169.12164 169.72016 171.51109 173.31904 175.12699 176.93494 178.7429 180.49666 180.99679 181.49691 181.99703 182.49715 182.53898 181.46788 181.06671 180.66555 180.26438 179.86322
-9999 192.35529 192.80463 193.25397 193.70331 194.62951 195.85439 195.70542 193.97085 192.42669 191.29934 190.17198 189.04463 187.72215 186.0089 184.50761 183.76805 183.0285 182.28894 181.3058 179.7607 178.2156 176.67049 176.14855 177.2466 178.49455 180.14426 182.01851 184.84019 187.66187 190.48356 191.63097 189.55092 187.47087 185.39082 183.19656 180.88414 178.19878 174.97989 172.57947 171.59347 170.60748 169.62148 170.22 171.95761 173.73547 175.54342 177.35138 179.15933 180.96982 182.78074 183.4404 183.94052 184.44064 184.48247 182.9368 181.67687 181.27571 180.87454 180.47338
-9999 194.97559 195.42493 195.87427 197.00908 198.23397 199.45886 199.30989 197.57531 195.84073 194.13323 193.00588 191.87853 190.55604 188.8428 187.12956 185.41631 184.64704 183.90749 182.92435 181.37924 179.83414 179.96821 181.06627 182.16432 183.41227 185.06197 186.71168 188.36138 191.14112 193.9628 195.11021 193.03016 190.95012 188.70301 186.39059 184.07817 181.39282 178.17392 174.95503 172.09331 171.10732 170.12132 170.71985 172.45746 174.19507 175.95986 177.76781 179.57576 181.38625 183.19717 185.0081 185.88401 186.38414 186.42596 184.88029 183.33462 181.88587 181.48471 181.08354
-9999 197.59588 198.16377 199.38866 200.61355 201.83843 203.06332 202.91435 201.17977 199.4452 197.71062 195.97604 194.71242 193.38994 191.6767 189.96345 188.25021 186.53696 185.52603 184.54289 182.99778 183.78787 184.88593 185.98398 187.08204 188.32999 189.97969 191.6294 193.2791 194.9288 197.44204 198.58945 196.50941 194.20946 191.89704 189.58462 187.2722 184.58685 181.36795 178.14906 174.93017 171.71127 170.62117 171.21969 172.9573 174.69491 176.43252 178.18424 179.9922 181.80268 183.61361 185.42453 187.23545 188.32763 188.36945 186.82378 185.27811 183.73244 182.18676 181.6937
-9999 200.54335 201.76823 202.99312 204.21801 205.4429 206.66778 206.51881 204.78424 203.04966 201.31508 199.5805 197.84593 196.22384 194.51059 192.79735 191.0841 189.37086 187.65762 186.50948 187.60754 188.70559 189.80365 190.9017 191.99975 193.2477 194.89741 196.54711 198.19682 199.84652 201.49623 202.02833 199.71591 197.40349 195.09108 192.77866 190.46624 187.78088 184.56199 181.34309 178.1242 174.90531 171.68641 171.71953 173.45714 175.19475 176.93237 178.66998 180.40863 182.21911 184.03004 185.84096 187.65189 189.46281 190.31294 188.76727 187.2216 185.67593 184.13026 182.58458
-9999 201.65268 202.87757 204.10246 205.32734 206.55223 207.67272 207.4278 205.69322 203.95864 202.22406 200.48949 198.89919 197.71231 196.75388 195.04064 193.32739 191.61415 189.9009 189.03775 190.13581 191.23386 192.33192 193.42997 194.65132 195.35469 194.66072 196.31042 197.96012 199.60983 201.25953 201.55591 199.24349 196.93107 194.61865 192.30623 190.58224 188.5987 185.37981 182.16091 178.94202 175.72312 172.51995 170.20785 170.36202 172.09963 173.83724 175.57485 177.31247 179.11259 180.92351 182.73443 184.54536 186.05826 186.19617 184.6505 183.10483 181.55916 180.01349 180.77909
-9999 202.36672 203.59161 204.81649 206.04138 207.10886 208.15466 207.90974 206.17516 204.44058 202.70601 201.21024 199.79501 198.60813 197.87853 197.14893 195.47711 193.76387 192.05062 191.18747 192.28553 193.38358 194.48164 195.79401 197.22337 197.92674 196.68428 195.44182 196.90683 198.55653 200.20623 200.50261 198.19019 195.87777 193.56535 192.14363 191.02359 189.04006 185.82116 182.60227 179.38338 176.18586 172.99133 170.67922 169.00148 168.43497 170.17258 171.91019 173.6478 175.44792 177.25884 179.06977 180.35742 180.98138 181.11929 179.57362 178.02795 176.48227 177.95252 180.12001
-9999 203.08075 204.30564 205.49919 206.545 207.5908 208.6366 208.39168 206.6571 204.93651 203.52129 202.10606 200.69084 199.50396 198.77435 198.04475 197.31514 195.91358 194.20034 193.33719 194.43525 195.5333 196.9367 198.36606 199.79542 200.49879 199.25633 198.01387 196.7714 197.50323 199.15294 199.44931 197.13689 194.82507 193.70503 192.58499 191.46495 189.48142 186.26252 183.04631 179.85177 176.65724 173.4627 171.15059 169.47285 167.79511 166.50791 168.24552 169.98313 171.78325 173.59418 174.65658 175.28054 175.90449 176.0424 174.49673 172.95845 175.12595 177.29344 179.46094
-9999 203.79479 204.93533 205.98114 207.02694 208.07274 209.11854 208.87363 207.24756 205.83234 204.41711 203.00188 201.58666 200.39978 199.67017 198.94057 198.21096 197.48136 196.35006 195.48691 196.65003 198.07939 199.50875 200.93811 202.36748 203.07085 201.82838 200.58592 199.34346 198.10099 198.09964 198.39601 196.38646 195.26643 194.14639 193.02635 191.90631 189.92277 186.71222 183.51768 180.32315 177.12861 173.93407 171.62197 169.94423 168.26648 166.58874 164.911 166.31847 168.11859 168.95574 169.5797 170.20365 170.82761 170.96552 170.13188 172.29938 174.46687 176.63436 178.80186
-9999 204.15867 205.20447 206.25027 207.29608 208.34188 209.38768 209.16473 207.7495 206.33427 204.91905 203.50382 202.08859 201.08664 200.35703 199.62743 198.89783 198.16822 197.43862 197.36185 198.79121 200.22057 201.64994 203.0793 204.50866 205.38857 204.14611 202.90364 201.66118 200.41872 199.17625 197.97561 196.85557 195.73553 194.61549 193.49545 192.37541 190.27577 187.08124 183.8867 180.69217 177.49763 174.3031 171.8864 170.20866 168.53092 166.85318 165.17544 163.49769 163.78247 164.40643 165.03038 165.65433 166.27829 167.54066 169.70816 171.87565 174.04314 176.21064 178.37813
-9999 203.03314 204.07894 205.12475 206.17055 207.21635 207.58468 207.08525 205.67003 204.2548 202.83957 201.42435 200.19111 199.45455 199.60378 198.94483 198.21522 197.48562 196.75601 196.67925 198.10861 199.53797 200.96733 202.3967 203.76016 204.71529 204.65711 203.55458 202.31212 201.06965 199.82719 198.62654 197.5065 196.38646 195.26643 194.14639 192.40438 189.974 186.77947 183.58493 180.3904 177.19586 173.66809 171.02945 169.11687 167.43913 165.76139 164.08364 162.4059 162.69068 163.31463 163.93859 164.56254 166.21724 168.65936 170.82685 172.99435 175.16184 177.32934 179.95831
-9999 201.90761 202.95341 203.99922 204.91706 205.21113 205.5052 205.00578 203.59055 202.17532 200.76933 199.59043 198.41154 197.67498 197.82422 197.97345 197.53262 196.80302 196.07341 195.99665 197.42601 198.85537 200.28473 201.62433 202.95751 203.91264 203.85446 203.79628 202.96305 201.72059 200.47812 199.27748 198.15744 197.0374 195.8951 193.99885 192.10261 189.67224 186.4777 183.28316 180.03426 176.48825 172.94223 170.30359 168.31725 166.34734 164.66959 162.99185 161.31411 161.59889 162.22284 162.8468 164.81454 167.33594 169.77806 171.94555 174.11305 176.3207 178.99276 181.66481
-9999 200.78208 201.82789 202.54352 202.83759 203.13166 203.42573 202.9263 201.51108 200.16865 198.98976 197.81086 196.63197 195.89541 196.04465 196.19389 196.34312 196.12041 195.39081 195.31404 196.74341 198.15531 199.48849 200.82168 202.15487 203.10999 203.05181 202.99364 202.93546 202.37152 201.12906 199.92841 198.80837 197.48957 195.59333 193.69709 191.80084 189.37047 186.17593 182.85442 179.3084 175.76239 172.21637 169.57773 167.59139 165.60505 163.61871 161.90006 160.22232 160.5071 161.13105 163.41184 165.93324 168.45464 170.89676 173.06425 175.35515 178.0272 180.69926 183.37132
-9999 199.65656 200.16997 200.46404 200.75811 201.05219 201.34626 200.84683 199.56798 198.38908 197.21019 196.0313 194.8524 194.11584 194.26508 194.41432 194.56356 194.71279 194.70821 194.63144 196.01947 197.35266 198.68585 200.01903 201.35222 202.30734 202.24917 202.19099 202.13281 202.07463 201.77999 200.57935 199.08404 197.1878 195.29156 193.39532 191.49908 189.0687 185.67457 182.12856 178.58254 175.03653 171.49051 168.85187 166.86553 164.87919 162.89285 160.90651 159.13053 159.48774 162.00914 164.53054 167.05194 169.57334 172.01545 174.38959 177.06165 179.73371 182.40577 185.07783
-9999 197.79342 198.08749 198.38156 198.67563 198.9697 199.26377 198.82063 197.64174 196.46285 195.28396 194.10506 192.92617 192.29553 192.46083 192.61007 192.7593 192.90854 193.05778 193.56502 194.89821 196.2314 197.56458 198.89777 200.23096 201.76933 201.96658 201.9084 201.85022 201.79204 201.73387 201.04787 199.15163 197.25539 195.35914 193.4629 191.56666 189.98223 186.43621 182.8902 179.34418 175.79817 172.25215 169.3885 167.40216 165.41582 163.42948 161.44314 159.4568 161.75837 164.27977 166.80117 169.32257 171.84397 173.72363 175.99178 178.66384 181.3359 184.00796 186.68002
-9999 195.70394 195.99801 196.29209 196.58616 196.76647 196.30294 195.79541 195.23712 194.19582 193.01692 191.83803 190.65914 190.0285 190.49578 190.74846 190.89769 191.04693 191.19617 191.70341 193.0366 194.36979 195.70297 197.03616 198.18737 199.6583 202.02282 202.83424 202.77606 202.71788 202.6597 201.9737 200.07746 198.18122 196.28498 194.32591 190.93611 189.20628 189.85126 187.10825 183.56224 180.01622 176.47021 173.4723 170.87236 168.88602 166.89968 164.91334 162.927 165.84271 169.22708 171.74848 174.26988 176.79128 178.67094 178.32769 180.02364 182.6957 185.36775 188.03981
-9999 193.61447 193.90854 194.20261 194.15867 193.69514 193.23161 192.72408 192.16579 191.6075 190.74989 189.571 188.3921 187.76147 188.22875 188.69602 189.03608 189.18532 189.33456 189.84181 191.17499 192.50818 193.8013 194.93882 196.07634 197.54726 199.91179 202.27631 203.7019 203.64372 203.58554 202.89954 201.0033 199.10706 196.76936 193.37957 189.98977 188.25994 188.90492 189.5499 187.78029 184.23428 180.68826 177.69035 175.08647 172.48258 170.36988 168.38354 166.3972 169.3129 173.07582 176.69579 179.21719 181.73859 183.61825 183.275 182.93176 184.05549 186.72755 189.39961
-9999 191.52499 191.81906 191.55088 191.08735 190.62381 190.16028 189.65276 189.09446 188.53617 187.97787 187.30396 186.12507 185.49443 185.96171 186.42899 186.89627 187.32371 187.47295 187.9802 189.31338 190.55274 191.69026 192.82778 193.9653 195.43623 197.80075 200.16528 202.5298 204.56956 204.51138 203.82538 201.92914 199.21282 195.82302 192.43323 189.04343 187.3136 187.95858 188.60356 189.24854 188.45233 184.90632 181.90841 179.30452 176.70064 174.09675 171.85374 169.8674 172.7831 176.54601 180.30893 184.07184 186.6859 188.56556 188.22231 187.87907 187.53582 188.08735 190.75941
-9999 189.40662 188.94308 188.47955 188.01602 187.55249 187.08895 186.58143 186.02314 185.46484 184.90655 184.34825 183.78996 183.2274 183.69468 184.16196 184.62924 185.09652 185.56379 186.11859 187.30419 188.44171 189.57923 190.71675 191.85427 193.32519 195.68972 198.05424 200.41877 202.78329 205.14782 204.75122 201.65627 198.26647 194.87668 191.48689 188.09709 186.36726 187.01224 187.65722 188.3022 188.94718 189.12437 186.12646 183.52258 180.91869 178.31481 175.71092 173.3376 176.2533 180.01621 183.77912 187.54204 191.30495 193.51287 193.16962 192.82638 192.48313 192.13989 192.1192
-9999 188.0095 187.54597 187.08244 186.6189 186.15537 185.40879 184.15412 183.59583 183.03753 182.47924 181.92095 181.41423 181.71821 182.23457 182.70185 183.16913 183.63641 184.10368 184.77363 185.91115 187.04867 188.18619 189.32371 190.46123 191.60575 192.94394 195.30846 197.67299 200.03751 202.40204 202.80108 199.41128 196.02149 192.63169 189.2419 186.09924 185.52442 186.1694 186.81438 187.45936 188.10434 188.45 188.44051 186.14932 183.54543 180.94155 178.33766 175.73378 178.55848 182.32139 186.0843 189.84721 193.61013 195.85374 195.51049 195.16724 194.824 194.48075 194.94741
-9999 187.87528 187.41174 186.94821 186.48468 185.32533 183.46728 182.21261 181.65432 181.09602 180.53773 180.24368 180.40385 180.70782 181.2998 181.85042 182.3177 182.78497 183.25225 183.9222 185.05972 186.19724 187.33476 188.58631 190.14137 191.28657 191.33328 192.08389 194.44841 196.81294 199.17746 199.5765 196.18671 192.79691 189.40712 186.76193 185.33448 184.75965 185.40463 186.04961 186.69459 186.79563 186.38737 186.37788 186.65506 184.97181 182.36793 179.76404 177.16016 179.98486 183.74777 187.51068 191.19229 194.07133 196.22851 195.88526 195.54202 195.19877 196.22719 198.84417
-9999 187.74105 187.27752 186.81399 185.24186 183.38382 181.52577 180.2711 179.71281 179.15451 179.07313 179.23329 179.39346 179.69744 180.28941 180.88139 181.46626 181.93354 182.40082 183.07077 184.20829 185.34581 186.71208 188.26713 189.82218 190.96739 191.0141 191.06081 191.22383 193.58836 195.95289 196.35192 192.96213 189.57234 187.42461 185.99716 184.56971 183.99489 184.63987 185.28485 185.14126 184.733 184.32474 184.31525 184.59243 184.86961 183.79431 181.19042 178.58654 181.41124 185.17415 188.68803 191.56707 194.4461 196.60328 196.26004 195.91679 197.50696 200.12395 202.74093
-9999 187.60683 187.01644 185.1584 183.30035 181.44231 179.58426 178.32959 177.7713 177.90257 178.06274 178.2229 178.38307 178.68705 179.27902 179.871 180.46297 181.05495 181.54939 182.21934 183.35686 184.83785 186.3929 187.94795 189.503 190.64821 190.69492 190.74163 190.78834 190.83505 192.72831 193.12735 189.73755 188.08729 186.65984 185.23239 183.80494 183.23012 183.8751 183.48689 183.07863 182.67037 182.26211 182.25262 182.5298 182.80698 183.08416 182.6168 180.01292 182.83762 186.18377 189.06281 191.94184 194.82088 196.97806 196.63481 198.78674 201.40372 204.02071 206.63769
-9999 186.93298 185.07493 183.21689 181.35884 179.5008 177.64275 176.57185 176.73202 176.89219 177.05235 177.21252 177.37268 177.67666 178.26863 178.86061 179.45258 180.04456 180.63653 181.40856 182.96361 184.51866 186.07372 187.62877 189.18382 190.32903 190.37574 190.42245 190.46916 190.51587 190.56258 190.17743 188.74998 187.32253 185.89508 184.46763 183.04018 182.24077 181.83251 181.42426 181.016 180.60774 180.19948 180.18999 180.46717 180.74435 181.02153 181.29871 181.4393 183.67951 186.55854 189.43758 192.31662 195.19565 197.44954 200.06652 202.6835 205.30048 207.91747 210.53445
-9999 186.3738 184.51576 182.65771 180.79967 178.94162 176.86795 174.83763 173.78959 173.94975 174.10992 174.27008 174.43025 174.83071 175.63609 176.22806 176.82004 177.41201 178.00398 178.88718 180.44223 181.99728 183.55234 185.10739 186.61924 188.81222 192.13193 192.17864 192.22535 192.27206 192.31877 191.86195 190.4345 189.00705 187.5796 186.15215 185.19019 184.34432 183.28666 182.8784 182.47014 182.06189 181.65363 182.16426 182.82987 183.10705 183.38423 183.66141 183.93859 183.80523 186.23479 189.11382 191.99286 194.87189 197.33064 198.69769 201.31467 203.93166 206.54864 209.16562
-9999 186.07956 184.22152 182.36347 180.50543 178.31608 176.06725 174.03693 172.2588 170.63703 170.79719 170.95736 171.11752 171.51798 172.39964 173.2813 173.87659 174.46857 175.06054 175.94374 177.49879 179.05384 180.60889 182.08598 183.51452 185.70749 189.94937 194.19125 194.37929 194.426 194.47271 194.0159 192.58845 191.161 189.73355 189.02629 188.60353 187.75766 186.30645 185.00656 184.5983 184.19004 183.78178 184.29242 185.46362 186.31789 186.59507 186.87225 187.14943 187.01607 186.81175 188.65619 191.53522 194.41426 196.87301 197.87592 198.93667 201.55365 204.17063 206.78762
