P2_models/J1_p2_vp_slide_diff2_25.dat.tif
NCOLS 118
NROWS 92
XLLCORNER 139.62
YLLCORNER -39.07
DX 0.099491525
DY 0.099347826
NODATA_VALUE -9999
[rows 52 to 77 of 92, columns 0 to 56 of 118]
-9999 0.55327424 0.5647797 0.57628516 0.58779062 0.59929608 0.61080154 0.61130901 0.5941676 0.57702619 0.55988478 0.54274337 0.52560196 0.5115188 0.50355998 0.49560115 0.48764233 0.4796835 0.47172468 0.46877823 0.4687852 0.46879216 0.46879912 0.46880609 0.46881305 0.46326046 0.44280686 0.42235325 0.40189965 0.38144605 0.36099245 0.34541424 0.34026057 0.33510691 0.32995325 0.32479959 0.31964593 0.30968871 0.29417626 0.27866382 0.26315137 0.24763893 0.23212649 0.21876894 0.20696051 0.19515209 0.18334367 0.17153525 0.15932119 0.15809284 0.16176443 0.16543602 0.16910761 0.17277921 0.174411 0.15234715 0.13028331
-9999 0.57457747 0.58608293 0.59758839 0.60909385 0.62059931 0.62383511 0.61464035 0.59749894 0.58035753 0.56321612 0.54607471 0.52925388 0.51590544 0.5085983 0.50063948 0.49268065 0.48472183 0.476763 0.47121291 0.47121988 0.47122684 0.47123381 0.47124077 0.47001916 0.46551244 0.45525069 0.43479709 0.41434349 0.39388989 0.37343628 0.35820864 0.35305498 0.34790132 0.34274766 0.337594 0.32974025 0.31720016 0.30168772 0.28617527 0.27066283 0.25515038 0.23756904 0.22700987 0.21857883 0.20677041 0.19496199 0.18315357 0.17134514 0.17273561 0.1764072 0.18007879 0.18375039 0.18400074 0.17190482 0.14984097 0.12777713
-9999 0.59434941 0.60585487 0.61736033 0.62886579 0.62762323 0.62531388 0.61611913 0.59897771 0.5818363 0.56469489 0.54809639 0.53164082 0.51829238 0.51116613 0.50403988 0.496152 0.48819317 0.48023435 0.47468426 0.47469122 0.47469819 0.47470515 0.47252459 0.46936109 0.46485437 0.4567475 0.44864063 0.42949857 0.40904496 0.38859136 0.37336372 0.36821006 0.3630564 0.35790274 0.34855852 0.33809606 0.32555596 0.31004352 0.29453107 0.27901863 0.2606257 0.2419803 0.23142113 0.22667503 0.21992018 0.20811175 0.19630333 0.18449491 0.18588537 0.18955697 0.19322856 0.19069944 0.18148119 0.16938527 0.14732143 0.12525758
-9999 0.61412136 0.62562682 0.63372069 0.63141135 0.629102 0.62679266 0.6175979 0.60045649 0.58339448 0.56693891 0.55048333 0.53402776 0.52067932 0.51355307 0.50642682 0.49930058 0.49166451 0.48370569 0.4781556 0.47816256 0.47816953 0.47503001 0.47186651 0.46870302 0.4641963 0.45608943 0.44798255 0.43987568 0.42420004 0.40374644 0.3885188 0.38336514 0.37783924 0.36737678 0.35691432 0.34645186 0.33391176 0.31839932 0.30232776 0.28368236 0.26503696 0.24639156 0.23583239 0.23108629 0.2263402 0.22126152 0.2094531 0.19764467 0.19903514 0.20270673 0.19739814 0.18817989 0.17896164 0.16686572 0.14480188 0.12407416
-9999 0.6338933 0.63750881 0.63519946 0.63289012 0.63058077 0.62827143 0.61907667 0.60223699 0.58578142 0.56932585 0.55287027 0.5364147 0.52306626 0.51594001 0.50881376 0.50168752 0.49456127 0.48717703 0.48162694 0.48069894 0.47753544 0.47437194 0.47120844 0.46804494 0.46353823 0.45543136 0.44732448 0.43921761 0.43111074 0.41890152 0.40367388 0.3966575 0.38619504 0.37573258 0.36527012 0.35480766 0.34226756 0.32538441 0.30673902 0.28809362 0.26944822 0.25080282 0.24024365 0.23549755 0.23075146 0.22600536 0.22125927 0.21079444 0.2121849 0.20409683 0.19487859 0.18566034 0.1764421 0.16434618 0.14785123 0.14541688
-9999 0.64001702 0.63770767 0.63539832 0.63308898 0.63077963 0.62847029 0.62497166 0.60851609 0.59206052 0.57560495 0.55914938 0.5426938 0.52759126 0.52046501 0.51333877 0.50621252 0.49908627 0.49196003 0.48603206 0.48286856 0.47970506 0.47654156 0.47337806 0.47021456 0.46120559 0.45313792 0.44503105 0.43692418 0.4288173 0.42071043 0.41179897 0.4013365 0.39087404 0.38041158 0.36994912 0.35948666 0.34847222 0.32982682 0.31118143 0.29253603 0.27389063 0.25524523 0.24375301 0.23900691 0.23426082 0.22951472 0.22476863 0.22002253 0.21260595 0.20338771 0.19416946 0.18495121 0.17573297 0.16889104 0.16667621 0.16424187
-9999 0.63584441 0.63353506 0.63122572 0.62891637 0.62633815 0.62186706 0.62097959 0.62422807 0.61163315 0.59517757 0.578722 0.56226643 0.54698055 0.53403703 0.52516623 0.51803999 0.51091374 0.5037875 0.49785952 0.49469603 0.49153253 0.48836903 0.48520553 0.46724502 0.45125602 0.44473072 0.4371521 0.42904523 0.42093836 0.41283149 0.40392002 0.39345756 0.3829951 0.37253264 0.3620138 0.34826188 0.33784605 0.332203 0.31573023 0.29708483 0.27843944 0.25979404 0.24733991 0.23943587 0.23468978 0.22994368 0.22519759 0.22045149 0.2153541 0.20886199 0.19964375 0.1904255 0.18120726 0.17436532 0.17575465 0.17446763
-9999 0.6316718 0.62936245 0.62705311 0.6237105 0.61923941 0.61476833 0.61388086 0.61712934 0.62037782 0.6147502 0.59829463 0.58183905 0.56655317 0.55360966 0.54066614 0.52986746 0.52274121 0.51561496 0.50968699 0.50652349 0.50336 0.49633526 0.47681535 0.45729545 0.44130644 0.43478115 0.42825585 0.42116629 0.41305941 0.40495254 0.39604108 0.38557861 0.37511615 0.36358015 0.34982823 0.33607631 0.32566049 0.32001744 0.31437438 0.30163364 0.28298824 0.26434284 0.25188871 0.24388541 0.2358821 0.23037265 0.22562655 0.22088046 0.21578307 0.21062496 0.20511803 0.19589979 0.18668154 0.17983961 0.18122894 0.18261827
-9999 0.62749919 0.62518984 0.62108285 0.61661176 0.61214068 0.6076696 0.60678213 0.61003061 0.61327908 0.61652756 0.61786725 0.60141168 0.5861258 0.57318228 0.56023876 0.54729525 0.53456868 0.52744243 0.52151446 0.51835096 0.50590559 0.48638568 0.46686578 0.44734587 0.43135687 0.42483157 0.41830628 0.41178098 0.40518047 0.3970736 0.38816213 0.37769967 0.36514651 0.35139459 0.33764267 0.32389075 0.31347493 0.30783187 0.30218882 0.29654576 0.28753705 0.26889165 0.25643752 0.24843421 0.2404309 0.2324276 0.22605551 0.22130942 0.21621203 0.21105393 0.20589582 0.20073772 0.19215583 0.1853139 0.18670322 0.18809255
-9999 0.62292628 0.6184552 0.61398411 0.60951303 0.60504195 0.60057086 0.59968339 0.60293187 0.60618035 0.60942883 0.61267731 0.61592579 0.60569842 0.59275491 0.57981139 0.56686787 0.55392436 0.54098084 0.53334193 0.51547592 0.49595601 0.47643611 0.4569162 0.4373963 0.4214073 0.414882 0.40835671 0.40183141 0.39530612 0.38878082 0.38028319 0.36671287 0.35296095 0.33920903 0.32545711 0.31170519 0.30128937 0.29564631 0.29000325 0.2843602 0.27871714 0.27307408 0.26098633 0.25298302 0.24497971 0.2369764 0.22897309 0.22173838 0.21664099 0.21148289 0.20632478 0.20116668 0.19600858 0.19078818 0.19217751 0.19356684
-9999 0.63121695 0.62674586 0.62227478 0.61780369 0.61333261 0.60265894 0.59527089 0.60022505 0.60347353 0.60672201 0.60997049 0.61321897 0.61441987 0.6074511 0.59450758 0.58156407 0.56862055 0.55567703 0.54074492 0.52122501 0.5017051 0.4821852 0.46266529 0.4460862 0.439639 0.43031503 0.42378973 0.41726444 0.41073914 0.40421385 0.39522018 0.38146825 0.36771633 0.35396441 0.34021249 0.32311348 0.30408732 0.29546158 0.28981852 0.28417547 0.27853241 0.27288936 0.26721754 0.25990688 0.25190357 0.24390026 0.23589696 0.22789365 0.22135603 0.21618283 0.21102472 0.20586662 0.20070852 0.19574074 0.19347191 0.19486123
-9999 0.6461997 0.64172862 0.63725753 0.63278645 0.61673191 0.59704336 0.58965531 0.59646363 0.60267654 0.60592502 0.6091735 0.61242198 0.61362288 0.61072336 0.60708325 0.59413973 0.58119622 0.5682527 0.55332058 0.53380068 0.51428077 0.49476087 0.48306392 0.47827556 0.47182836 0.46093505 0.45026041 0.44373512 0.43720982 0.43068453 0.42169085 0.40793893 0.39418701 0.38043509 0.36014027 0.3360532 0.31702705 0.30524125 0.29485237 0.28920931 0.28356626 0.2779232 0.27225139 0.2665589 0.25986023 0.25185692 0.24385361 0.23585031 0.22931268 0.22302837 0.2175819 0.2124238 0.2072657 0.20229792 0.1979894 0.194338
-9999 0.66118246 0.65671137 0.65049345 0.63080489 0.61111633 0.59142777 0.58403973 0.59084805 0.59765636 0.60446468 0.60837651 0.61162499 0.61282589 0.60992637 0.60702686 0.60412734 0.59377189 0.58082837 0.56589625 0.54637635 0.52685644 0.52004164 0.51525328 0.51046492 0.50401772 0.49312441 0.4822311 0.47133779 0.4636805 0.4571552 0.44816153 0.43440961 0.42065769 0.39716706 0.37307999 0.34899292 0.32996677 0.31818097 0.30639517 0.29460937 0.2886001 0.28295704 0.27728523 0.27159274 0.26590026 0.25981358 0.25181027 0.24380696 0.23726934 0.23098503 0.22470072 0.21898098 0.21382287 0.2088551 0.20454658 0.20023806
-9999 0.67616521 0.66456642 0.64487787 0.62518931 0.60550075 0.58581219 0.57842415 0.58523246 0.59204078 0.5988491 0.60565742 0.610828 0.6120289 0.60912938 0.60622987 0.60333035 0.60043084 0.59340404 0.57847192 0.56180772 0.55701936 0.552231 0.54744264 0.54265428 0.53620708 0.52531377 0.51442046 0.50352715 0.49263384 0.48362588 0.4746322 0.45828091 0.43419385 0.41010678 0.38601971 0.36193265 0.34290649 0.33112069 0.31933489 0.30754909 0.29576329 0.28799089 0.28231907 0.27662659 0.2709341 0.26524162 0.25954913 0.25176362 0.245226 0.23894169 0.23265738 0.22637306 0.22038005 0.21541227 0.21110376 0.20679524
-9999 0.67976037 0.66007181 0.64038325 0.62069469 0.60100614 0.58131758 0.57926424 0.58607256 0.59288088 0.5996892 0.60649752 0.61330584 0.61488602 0.6119865 0.60908699 0.60618747 0.60328796 0.60038844 0.59691777 0.59212941 0.58734105 0.58255269 0.57776433 0.57297596 0.56142595 0.55053264 0.53963933 0.52874602 0.51785271 0.5069594 0.49155954 0.46747247 0.4433854 0.41929834 0.39521127 0.3711242 0.35657005 0.34478425 0.33299845 0.32121264 0.30942684 0.29764104 0.28804323 0.28235074 0.27665826 0.27096577 0.26527328 0.2595808 0.2533837 0.24709939 0.24081508 0.23453076 0.22824645 0.22153203 0.21722352 0.212915
-9999 0.68084127 0.66115271 0.64146415 0.6217756 0.60313261 0.60698782 0.61221394 0.61902226 0.62583058 0.6326389 0.63944722 0.64444536 0.64438849 0.63455309 0.63011914 0.62721963 0.62432012 0.6214206 0.61794993 0.61316157 0.6083732 0.60358484 0.59879648 0.59252148 0.57893419 0.54658747 0.53018804 0.51929473 0.50840142 0.49750811 0.48210825 0.45802118 0.43393411 0.40984705 0.38575998 0.38084966 0.37383383 0.36204803 0.35026223 0.33847643 0.32765645 0.32733551 0.31337413 0.2915084 0.28581592 0.28012343 0.27443095 0.26873846 0.26254136 0.25625705 0.24997274 0.24368843 0.23457347 0.22547614 0.22116763 0.21685911
-9999 0.68192217 0.66223362 0.64254506 0.63222709 0.63608231 0.63993752 0.64516364 0.65197196 0.65878028 0.66505969 0.66988585 0.674712 0.67465514 0.66481974 0.65498433 0.64825179 0.64535227 0.64245276 0.63898208 0.63419372 0.62940536 0.6243337 0.61774553 0.61115737 0.59757008 0.56522336 0.53287664 0.50984344 0.49895013 0.48805682 0.47265696 0.44856989 0.42448282 0.40547683 0.40179514 0.39811345 0.39109761 0.37931181 0.36752601 0.35999676 0.35967582 0.35935487 0.3453935 0.32162619 0.29785889 0.28928109 0.28358861 0.27789612 0.27169902 0.26541471 0.2591304 0.24899742 0.23851758 0.22942025 0.22511173 0.22080322
-9999 0.68300308 0.66331452 0.66132158 0.66517679 0.66903201 0.67288722 0.67811334 0.68492166 0.69050019 0.69532634 0.7001525 0.70497865 0.70492178 0.69508638 0.68525098 0.67541558 0.66638443 0.66348491 0.66001424 0.65522588 0.64955774 0.64296958 0.63638142 0.62979326 0.61620596 0.58385924 0.55151252 0.51916581 0.48949884 0.47860553 0.46320567 0.4391186 0.42642231 0.42274061 0.41905892 0.41537723 0.40836139 0.39657559 0.39233707 0.39201612 0.39169518 0.39137423 0.37741286 0.35364555 0.32987825 0.30611095 0.29274627 0.28705378 0.28085668 0.27390119 0.26342136 0.25294152 0.24246169 0.23336436 0.22905584 0.23332587
-9999 0.68656085 0.69041606 0.69427128 0.69812649 0.70198171 0.70583692 0.71106304 0.71594068 0.72076683 0.72559299 0.73041914 0.7352453 0.73518843 0.72535303 0.71551763 0.70568223 0.69584683 0.68601143 0.68104639 0.67478179 0.66819363 0.66160547 0.6550173 0.64842914 0.63484185 0.60249513 0.57014841 0.53780169 0.50545497 0.47310826 0.45375438 0.44736778 0.44368609 0.44000439 0.4363227 0.43264101 0.42562517 0.42467738 0.42435643 0.42403549 0.42371454 0.4233936 0.40943222 0.38566492 0.36189761 0.33813031 0.31436301 0.29621145 0.28832513 0.2778453 0.26736547 0.25688563 0.2464058 0.23730847 0.24549594 0.25733206
-9999 0.69862978 0.702485 0.70634022 0.71019543 0.71405065 0.71889456 0.72432168 0.72878308 0.73360923 0.73843538 0.74326154 0.74808769 0.7494413 0.74187374 0.73203834 0.72220294 0.71236754 0.70253214 0.69367865 0.68709049 0.68050233 0.67391416 0.667326 0.6596572 0.64752572 0.63032404 0.59797732 0.5656306 0.53328389 0.50093717 0.47838148 0.47469979 0.4710181 0.46733641 0.46365471 0.45671395 0.44088375 0.43400006 0.43367912 0.43335817 0.43303722 0.43271628 0.42001702 0.39677765 0.37301034 0.34924304 0.32547574 0.30170843 0.27807561 0.26759578 0.25711594 0.24663611 0.23615628 0.23346257 0.25259648 0.2644326
-9999 0.69884361 0.70269882 0.70655404 0.71040925 0.71634754 0.72305001 0.72847713 0.73243232 0.73655896 0.74138511 0.74621127 0.75103742 0.75239102 0.74679065 0.74075476 0.73091936 0.72108396 0.71124856 0.70239507 0.69580691 0.68921874 0.68263058 0.67217545 0.65788316 0.64575168 0.63941171 0.6310256 0.59867888 0.56633217 0.53398545 0.51142976 0.50774807 0.50406638 0.50038469 0.48928273 0.47332514 0.45749493 0.44184697 0.43011569 0.42979474 0.4294738 0.42915285 0.4164536 0.39485573 0.37225327 0.34848596 0.32471866 0.30095136 0.27673856 0.25244877 0.23880795 0.22832811 0.21784828 0.21515457 0.23943103 0.2619349
-9999 0.69905743 0.70291265 0.70709806 0.71380052 0.72050299 0.72720546 0.73263257 0.73658777 0.74054297 0.74449816 0.74916099 0.75398715 0.75534075 0.74974037 0.74414 0.73853962 0.72980037 0.71996497 0.71111149 0.70452332 0.69793516 0.68469371 0.67040142 0.65610913 0.64397765 0.63763768 0.63129771 0.62495774 0.59938045 0.56703373 0.54447804 0.54079635 0.53711466 0.52185151 0.50589392 0.48993632 0.47410611 0.45845815 0.44281019 0.42716224 0.42591037 0.42558943 0.41289017 0.39129231 0.36969444 0.34772889 0.32396158 0.30019428 0.27598148 0.25169169 0.2274019 0.21002011 0.19954028 0.19684657 0.22112303 0.2453995
-9999 0.69927126 0.70455104 0.71125351 0.71795597 0.72465844 0.73136091 0.73678802 0.74074322 0.74469841 0.74865361 0.75260881 0.75693688 0.75829048 0.7526901 0.74708972 0.74148935 0.73588897 0.72868139 0.7198279 0.71150425 0.69721196 0.68291967 0.66862738 0.65433509 0.64220361 0.63586364 0.62952367 0.6231837 0.61684373 0.60008201 0.57752632 0.57037789 0.55442029 0.5384627 0.5225051 0.5065475 0.49071729 0.47506934 0.45942138 0.44377342 0.42812546 0.422026 0.40932674 0.38772888 0.36613101 0.34453315 0.32293529 0.29943721 0.27522441 0.25093462 0.22664483 0.20235504 0.18123228 0.17853857 0.20281504 0.2270915
-9999 0.69783212 0.70453459 0.71123706 0.71793953 0.72464199 0.73134446 0.74060417 0.74455937 0.74851456 0.75246976 0.75642496 0.76038015 0.75920187 0.75360149 0.74800111 0.74240073 0.73680035 0.73119998 0.7229713 0.70867901 0.69438672 0.68009443 0.66580214 0.65150985 0.63771622 0.63134148 0.62500151 0.61866154 0.61232157 0.6059816 0.59635656 0.58039896 0.56444136 0.54848377 0.53252617 0.51656857 0.50404722 0.48839926 0.4727513 0.45710334 0.44145539 0.42580743 0.41158811 0.38999025 0.36839238 0.34679452 0.32519665 0.30359879 0.28601656 0.26172677 0.23743698 0.21314719 0.1888574 0.16790219 0.1907789 0.21505536
-9999 0.68202363 0.68872609 0.69542856 0.70213103 0.71107182 0.73400837 0.74674718 0.74771649 0.75104635 0.75500155 0.75895674 0.76291194 0.76140112 0.74894428 0.74119669 0.73559631 0.72999593 0.72439555 0.71616687 0.70187458 0.68758229 0.67329 0.65899772 0.64311207 0.62854822 0.61790887 0.61007676 0.60373678 0.59739681 0.59105684 0.5814318 0.56547421 0.54951661 0.53355901 0.51806016 0.5172961 0.50899904 0.48992498 0.47366056 0.4580126 0.44236464 0.42671669 0.41813149 0.41430043 0.39270257 0.3711047 0.34950684 0.32790897 0.32427687 0.31623666 0.29194687 0.26765708 0.24336729 0.22241209 0.21300747 0.22676034
-9999 0.66621513 0.6729176 0.67962006 0.69480061 0.71773716 0.74067371 0.75341251 0.75438182 0.75535113 0.75753334 0.76148853 0.76544373 0.76393291 0.75147607 0.73901924 0.72879189 0.72319151 0.71759113 0.70936245 0.69507016 0.68077787 0.66600025 0.64997216 0.63394408 0.61938022 0.60874087 0.59810151 0.58881203 0.58247206 0.57613209 0.56650705 0.55054945 0.53459186 0.52424319 0.52347913 0.52271507 0.51441802 0.49534395 0.47626988 0.45892186 0.4432739 0.42762594 0.41904075 0.41553289 0.41202503 0.39541489 0.37381703 0.35221916 0.34858706 0.34805993 0.34645677 0.32216698 0.29787719 0.27692198 0.26751737 0.25811275
