P2_models/J1_p2_vp_slide_diff2_320.dat.tif
NCOLS 118
NROWS 92
XLLCORNER 139.62
YLLCORNER -39.07
DX 0.099491525
DY 0.099347826
NODATA_VALUE -9999
[rows 0 to 23 of 92, columns 54 to 107 of 118]
-9999 -9999 -9999 -9999 -9999 -9999 -9999 -9999 -9999 -9999 -9999 -9999 -9999 -9999 -9999 -9999 -9999 -9999 -9999 -9999 -9999 -9999 -9999 -9999 -9999 -9999 -9999 -9999 -9999 -9999 -9999 -9999 -9999 -9999 -9999 -9999 -9999 -9999 -9999 -9999 -9999 -9999 -9999 -9999 -9999 -9999 -9999 -9999 -9999 -9999 -9999 -9999 -9999 -9999
-0.11589207 -0.10870585 -0.10435629 -0.10000673 -0.095657176 -0.09130762 -0.090388749 -0.082780824 -0.072717434 -0.062654044 -0.052590654 -0.042527264 -0.028920522 -0.04002667 -0.051132819 -0.062238967 -0.073345116 -0.079009034 -0.077709012 -0.076408989 -0.075108967 -0.073808944 -0.075496778 -0.084293734 -0.063927818 -0.043561903 -0.023195988 -0.0028300725 -0.011738476 -0.034172126 -0.056605775 -0.079039425 -0.098706883 -0.092617733 -0.075035606 -0.057002673 -0.03896974 -0.020936807 -0.0034633566 -0.0041970578 -0.004930759 -0.0056644603 -0.0063981615 -0.016154558 -0.029987994 -0.055952986 -0.081917978 -0.10788297 -0.13384796 -0.13567885 -0.12029717 -0.10464357 -0.088989973 -0.073336374
-0.11666947 -0.10747379 -0.099488038 -0.095138482 -0.090788926 -0.08643937 -0.085520498 -0.086932923 -0.081218296 -0.071154906 -0.061091516 -0.051028126 -0.032230398 -0.01396877 -0.025074919 -0.036181067 -0.047287216 -0.052951134 -0.051651112 -0.050351089 -0.049051067 -0.050999658 -0.053427693 -0.071691333 -0.084450595 -0.06408468 -0.043718765 -0.02335285 -0.032261253 -0.054694903 -0.077128552 -0.094487536 -0.094415264 -0.088326114 -0.071395097 -0.053925995 -0.035893062 -0.017860129 -0.00038667857 -0.0011203798 -0.001854081 -0.0025877823 -0.013202524 -0.028015446 -0.039609599 -0.051897111 -0.077862103 -0.1038271 -0.12979209 -0.13162297 -0.12194842 -0.10680687 -0.091153272 -0.075499673
-0.11744687 -0.10825119 -0.099055504 -0.090270232 -0.085920675 -0.081571119 -0.080652248 -0.082064672 -0.083477097 -0.079655768 -0.069592378 -0.059528988 -0.04073126 -0.02163341 -0.0025355592 -0.010123168 -0.021229316 -0.026893234 -0.025593212 -0.024429135 -0.026679854 -0.028930574 -0.031358608 -0.049622249 -0.067885889 -0.084607457 -0.064241542 -0.043875627 -0.052784031 -0.07521768 -0.090268189 -0.090195917 -0.090123645 -0.084034495 -0.067103478 -0.05017246 -0.032816384 -0.014783451 0.0026899994 0.0019562982 0.001222597 -0.01025049 -0.025063412 -0.039876335 -0.051470488 -0.062721831 -0.073973175 -0.09977122 -0.12573621 -0.1275671 -0.11789254 -0.10821799 -0.093316571 -0.077662972
-0.11822426 -0.10902858 -0.099832901 -0.090637219 -0.081441537 -0.076702869 -0.075783998 -0.077196422 -0.078608846 -0.080021271 -0.078093241 -0.068029851 -0.049232123 -0.030134272 -0.011036422 0.008061429 0.0048285839 -0.00083533459 -0.00010933075 -0.0023600501 -0.0046107695 -0.0068614889 -0.0092895235 -0.027553164 -0.045816805 -0.064080445 -0.082344086 -0.064398404 -0.073306808 -0.086048842 -0.08597657 -0.085904298 -0.085832026 -0.079742876 -0.062811859 -0.045880841 -0.028949824 -0.011706773 0.0057666774 0.0050329762 -0.0072984556 -0.022111378 -0.036924301 -0.051737223 -0.063331376 -0.07458272 -0.085834064 -0.097085407 -0.12168034 -0.12351122 -0.11383667 -0.10416211 -0.094487556 -0.079826271
-0.11900166 -0.10980598 -0.1006103 -0.091414616 -0.082218934 -0.073023252 -0.070915747 -0.072328171 -0.073740596 -0.07515302 -0.076565444 -0.076530713 -0.057732985 -0.038635134 -0.019537284 -0.0004394333 0.018658417 0.024210473 0.021959754 0.019709035 0.017458315 0.015207596 0.012779561 -0.0054840793 -0.02374772 -0.04201136 -0.060275001 -0.078538642 -0.081829495 -0.081757223 -0.081684951 -0.081612679 -0.081540406 -0.075451257 -0.05852024 -0.041589222 -0.024658205 -0.0077271877 0.0088433554 -0.0043464216 -0.019159344 -0.033972267 -0.048785189 -0.063598112 -0.075192265 -0.086443609 -0.097694952 -0.1089463 -0.12019764 -0.11945535 -0.10978079 -0.10010624 -0.090431681 -0.080757125
-0.092014661 -0.082818979 -0.073623297 -0.064427615 -0.055231933 -0.052693832 -0.063469029 -0.071643588 -0.073056012 -0.074468437 -0.075880861 -0.077293285 -0.058876781 -0.039778931 -0.02068108 -0.0015832295 0.0095043394 0.0091867769 0.0069360575 0.0046853381 0.0024346187 0.00018829223 0.0010147269 0.0045833001 -0.01368034 -0.031943981 -0.050207622 -0.068471262 -0.074193388 -0.074121116 -0.074048844 -0.073976572 -0.075401731 -0.082537083 -0.083353198 -0.066422181 -0.049491163 -0.032560146 -0.016575499 -0.031388421 -0.046201344 -0.061014266 -0.075827189 -0.067101231 -0.07599527 -0.087246614 -0.098497957 -0.1097493 -0.12108936 -0.11821567 -0.10854111 -0.098866557 -0.089192001 -0.08095646
-0.060628992 -0.05143331 -0.042237628 -0.033041946 -0.03253355 -0.034033562 -0.044808759 -0.061886835 -0.07303424 -0.074446665 -0.075859089 -0.077271513 -0.058855009 -0.039757159 -0.020659308 -0.012589081 -0.011395907 -0.011713469 -0.013964189 -0.016214908 -0.018014026 -0.017228227 -0.016401793 -0.011946262 -0.0074907308 -0.023778012 -0.042041653 -0.060305294 -0.06602742 -0.065955148 -0.065882875 -0.067881777 -0.072361899 -0.079497251 -0.091417087 -0.095869299 -0.078938282 -0.062007265 -0.046022617 -0.060835539 -0.075648462 -0.090461385 -0.079391945 -0.066152354 -0.075046393 -0.086297736 -0.09754908 -0.10890388 -0.12029585 -0.11742215 -0.1077476 -0.098073043 -0.089995145 -0.082851256
-0.029243322 -0.02004764 -0.010873256 -0.012373268 -0.01387328 -0.015373293 -0.026148489 -0.043226565 -0.060304641 -0.074424893 -0.075837317 -0.077249741 -0.058833237 -0.039735387 -0.034682502 -0.033489328 -0.032296153 -0.032613715 -0.034864435 -0.036216344 -0.035430545 -0.034644747 -0.033818312 -0.029362781 -0.02490725 -0.020451719 -0.033875684 -0.052139325 -0.057861451 -0.057789179 -0.060361822 -0.064841945 -0.069322067 -0.076457419 -0.088377255 -0.10029709 -0.1083854 -0.091454383 -0.075469735 -0.090282658 -0.10492225 -0.091682658 -0.078443067 -0.065203476 -0.074097515 -0.085348859 -0.096718391 -0.10811036 -0.11950233 -0.11662864 -0.10695408 -0.09903383 -0.091889941 -0.084746051
0.0021423471 0.0092870265 0.0077870141 0.0062870017 0.0047869893 0.0032869769 -0.0074882197 -0.024566295 -0.041644371 -0.058722447 -0.075800522 -0.077227969 -0.058811465 -0.056775923 -0.055582748 -0.054389574 -0.053196399 -0.053513961 -0.054418662 -0.053632864 -0.052847065 -0.052061266 -0.051234831 -0.046779301 -0.04232377 -0.037868239 -0.033412708 -0.043973356 -0.049695483 -0.052841868 -0.05732199 -0.061802113 -0.066282235 -0.073417587 -0.085337422 -0.097257258 -0.10917709 -0.1209015 -0.10491685 -0.11721296 -0.10397337 -0.090733781 -0.07749419 -0.064254599 -0.073148638 -0.084532905 -0.095924876 -0.10731685 -0.11870882 -0.11583513 -0.10807252 -0.10092863 -0.093784736 -0.086640847
0.024028688 0.022528675 0.021028663 0.01952865 0.018028638 0.016528626 0.0089318984 -0.0081461773 -0.025224253 -0.042302329 -0.059380404 -0.07645848 -0.075872272 -0.074679097 -0.073485922 -0.072292748 -0.071099573 -0.068251032 -0.067465233 -0.066679434 -0.065893635 -0.065107836 -0.065932852 -0.0616803 -0.057224769 -0.052769238 -0.048313707 -0.043858176 -0.045514511 -0.049994633 -0.054474755 -0.058954877 -0.063434999 -0.067967262 -0.079887098 -0.091806933 -0.10372677 -0.1156466 -0.12681637 -0.11357678 -0.10033719 -0.087097599 -0.073858009 -0.061534201 -0.072549412 -0.083941383 -0.095333354 -0.10672532 -0.1181173 -0.11584457 -0.10870068 -0.10155679 -0.094412903 -0.087269013
0.0017582166 0.00025820415 -0.0012418083 -0.0027418207 -0.0042418331 0.015233328 0.012353089 -0.0064073834 -0.023485459 -0.040563535 -0.05764161 -0.074719686 -0.074133478 -0.072940303 -0.071747128 -0.070553954 -0.060469391 -0.052658183 -0.051872385 -0.051086586 -0.050300787 -0.052627703 -0.062688732 -0.059737963 -0.055639757 -0.051184226 -0.046728696 -0.042273165 -0.043929499 -0.048409621 -0.052889743 -0.057369865 -0.052721438 -0.049176688 -0.058639081 -0.070558917 -0.082478753 -0.094398588 -0.10556836 -0.092328765 -0.079089174 -0.065849583 -0.054788811 -0.062266477 -0.073281688 -0.084673659 -0.09606563 -0.1074576 -0.11183995 -0.10817161 -0.10102772 -0.093883829 -0.086739939 -0.080284155
-0.020512254 -0.022012267 -0.023512279 -0.023187019 -0.001753524 0.019679971 0.016799732 -0.002602714 -0.021746665 -0.038824741 -0.055902816 -0.072980892 -0.072394684 -0.071201509 -0.070008334 -0.058178017 -0.044876543 -0.037065335 -0.036279536 -0.035493737 -0.039176857 -0.049383582 -0.059444611 -0.056493843 -0.053543074 -0.049599215 -0.045143684 -0.040688153 -0.042344487 -0.046824609 -0.051304731 -0.04510976 -0.034512223 -0.030967473 -0.040131206 -0.049310901 -0.061230736 -0.073150572 -0.084320339 -0.071080749 -0.057841158 -0.048043422 -0.055521088 -0.062998754 -0.074013965 -0.085405936 -0.096797907 -0.10054492 -0.10416698 -0.10049864 -0.093354754 -0.086210865 -0.079788398 -0.073474069
-0.042782725 -0.044282738 -0.040173871 -0.018740376 0.0026931192 0.024126614 0.021246376 0.0018439291 -0.017558517 -0.036960964 -0.054164022 -0.071242098 -0.07065589 -0.069188117 -0.055886643 -0.042585169 -0.029283695 -0.021472487 -0.020686688 -0.025726012 -0.035932737 -0.046139462 -0.056200491 -0.053249722 -0.050298954 -0.047348185 -0.043558672 -0.039103141 -0.040759475 -0.045239597 -0.037498082 -0.026900545 -0.016303008 -0.012758258 -0.021921991 -0.031085724 -0.040249456 -0.051902556 -0.063072323 -0.049832732 -0.041298032 -0.048775698 -0.056253364 -0.06373103 -0.074746241 -0.085627822 -0.089249887 -0.092871953 -0.096494019 -0.09282568 -0.085681791 -0.079292641 -0.072978312 -0.066663982
-0.065053196 -0.057160722 -0.035727227 -0.014293733 0.0071397623 0.028573257 0.025693019 0.0062905722 -0.013111874 -0.032514321 -0.051916767 -0.069503304 -0.066896743 -0.053595269 -0.040293795 -0.026992321 -0.013690846 -0.0058796385 -0.012275166 -0.022481891 -0.032688616 -0.042895341 -0.05295637 -0.050005602 -0.047054833 -0.044104065 -0.041153296 -0.037518129 -0.039174463 -0.029886404 -0.019288868 -0.0086913306 0.0019062064 0.0054509563 -0.0037127764 -0.012876509 -0.022040242 -0.031203974 -0.041824307 -0.034552642 -0.042030308 -0.049507974 -0.05698564 -0.064463306 -0.074332793 -0.077954858 -0.081576924 -0.085198989 -0.088821055 -0.085152716 -0.078796883 -0.072482554 -0.066168225 -0.059853896
-0.078089129 -0.060686753 -0.039253258 -0.017819763 0.003613732 0.025047227 0.035085501 0.015683055 -0.0037193915 -0.023121838 -0.042524284 -0.061926731 -0.060498682 -0.047197207 -0.033895733 -0.020594259 -0.0072927845 -0.0043036804 -0.014510405 -0.024717131 -0.034923856 -0.045130581 -0.052794853 -0.04883196 -0.045881192 -0.042930423 -0.039979655 -0.037028886 -0.028847832 -0.018250296 -0.0076527586 0.0029447783 0.013542315 0.008494142 -0.0006695907 -0.0098333234 -0.018997056 -0.028160789 -0.037274255 -0.044751921 -0.052229587 -0.059707253 -0.067184919 -0.071008914 -0.067630385 -0.07125245 -0.074874516 -0.078496581 -0.082118647 -0.081378755 -0.075064426 -0.068750097 -0.062435768 -0.056121439
-0.064336007 -0.072996389 -0.061304882 -0.039871387 -0.018437892 0.0029956029 0.02160221 0.03656787 0.017165424 -0.0022370225 -0.021639469 -0.041041915 -0.058489182 -0.062164486 -0.048863011 -0.035561537 -0.022260063 -0.019270959 -0.029477684 -0.039684409 -0.049891134 -0.05665151 -0.059909849 -0.053870713 -0.04951859 -0.046567822 -0.043617054 -0.040666285 -0.032485231 -0.021887694 -0.011290157 -0.00069262039 0.0092772565 0.0035512817 -0.030211824 -0.042030474 -0.051194207 -0.060357939 -0.069471406 -0.076949072 -0.084426738 -0.091904404 -0.094399939 -0.085975347 -0.072556961 -0.066805261 -0.070427327 -0.074049392 -0.077671458 -0.079579168 -0.07848326 -0.07216893 -0.065854601 -0.059540272
-0.050582886 -0.059243268 -0.06790365 -0.061923011 -0.040489516 -0.019056021 -0.00044941418 0.016236203 0.03292182 0.018647793 -0.00075465347 -0.0201571 -0.037604366 -0.054984451 -0.06383029 -0.050528816 -0.037227341 -0.034238237 -0.044444962 -0.054651687 -0.06040406 -0.063766505 -0.067024844 -0.060985708 -0.054946573 -0.050205221 -0.047254452 -0.044303684 -0.03612263 -0.025525093 -0.014927556 -0.0050539456 0.0047797592 -0.00094621549 -0.034709322 -0.068472428 -0.083391358 -0.09255509 -0.10166856 -0.10914622 -0.11662389 -0.11779096 -0.10936637 -0.10094178 -0.087523394 -0.073573151 -0.065980137 -0.069602203 -0.073224268 -0.075131979 -0.076222406 -0.075587764 -0.069273435 -0.062959106
-0.036829765 -0.045490147 -0.054150529 -0.062810911 -0.06254114 -0.041107645 -0.022501038 -0.005815421 0.010870196 0.027555813 0.020130162 0.00072771555 -0.016719551 -0.034099635 -0.051479719 -0.065496094 -0.05219462 -0.049205516 -0.059412241 -0.06415661 -0.067519055 -0.0708815 -0.074139839 -0.068100704 -0.062061568 -0.056022433 -0.050891851 -0.047941082 -0.039760029 -0.029218852 -0.019385148 -0.0095514428 0.00028226202 -0.0054437127 -0.039206819 -0.072969925 -0.10673303 -0.12475224 -0.13386571 -0.14134337 -0.14118199 -0.1327574 -0.1243328 -0.11590821 -0.10248983 -0.088539584 -0.074589341 -0.065155014 -0.068777079 -0.07068479 -0.071775217 -0.072865644 -0.072692268 -0.066377939
-0.023076644 -0.031737026 -0.040397408 -0.04905779 -0.057718172 -0.063159269 -0.044552662 -0.027867045 -0.011181428 0.0055041893 0.022189806 0.021612531 0.0041652645 -0.01321482 -0.030594904 -0.047974988 -0.065355072 -0.064172794 -0.067909161 -0.071271606 -0.074634051 -0.077996496 -0.081254835 -0.075215699 -0.069176564 -0.063137428 -0.057098292 -0.051578481 -0.043550055 -0.03371635 -0.023882645 -0.01404894 -0.0042152352 -0.0099412099 -0.043704316 -0.077467422 -0.11123053 -0.14499363 -0.16606286 -0.16457301 -0.15614842 -0.14772383 -0.13929924 -0.13087465 -0.11745626 -0.10350602 -0.089555774 -0.075605532 -0.06432989 -0.066237601 -0.067328028 -0.068418455 -0.069508882 -0.069796773
-0.023025798 -0.03168618 -0.040346562 -0.049006944 -0.057667326 -0.059485734 -0.066300591 -0.052863813 -0.036178196 -0.019492579 -0.0028069616 0.013878656 -0.0023697741 -0.019749858 -0.037129942 -0.054510027 -0.069983587 -0.070998412 -0.074360857 -0.077723302 -0.081085747 -0.084448192 -0.085711735 -0.081404606 -0.075365471 -0.069326335 -0.063287199 -0.057248064 -0.048613495 -0.03877979 -0.028946085 -0.01911238 -0.0092786753 -0.0051218186 -0.033664901 -0.067428007 -0.10119111 -0.13495422 -0.1674596 -0.15903501 -0.15061042 -0.14218583 -0.13376124 -0.12878167 -0.11599926 -0.10204902 -0.088098779 -0.074148536 -0.064524642 -0.065310053 -0.066400481 -0.067490908 -0.068581335 -0.06890388
-0.033310835 -0.041971217 -0.050631599 -0.059291981 -0.056364711 -0.040017365 -0.046832222 -0.069386773 -0.063396541 -0.046710924 -0.030025307 -0.01333969 -0.029588119 -0.046968203 -0.064348287 -0.076754755 -0.075934945 -0.076949769 -0.080312214 -0.08367466 -0.087037105 -0.087883976 -0.088110245 -0.084816888 -0.080855812 -0.074816676 -0.068777541 -0.062738405 -0.054103836 -0.044270131 -0.034436426 -0.023952368 -0.0089071841 -0.0047438741 -0.020188713 -0.046423129 -0.080186235 -0.11394934 -0.14645472 -0.13803013 -0.12960554 -0.12118095 -0.11675336 -0.11493618 -0.10215377 -0.088203528 -0.074253285 -0.066106424 -0.066252026 -0.067037437 -0.068127864 -0.069218292 -0.06935482 -0.067459109
-0.043595872 -0.052256254 -0.060916635 -0.053243688 -0.036896342 -0.020548996 -0.027363853 -0.049918404 -0.072472955 -0.073929269 -0.057243652 -0.040558035 -0.056806464 -0.074186548 -0.083525922 -0.082706112 -0.081886302 -0.082901127 -0.086263572 -0.089626017 -0.090016807 -0.090282486 -0.090508755 -0.087215398 -0.083922041 -0.080307018 -0.074267882 -0.068228747 -0.059594177 -0.049760472 -0.038619607 -0.023574423 -0.0085292396 -0.0043659296 -0.019810769 -0.035255608 -0.059181357 -0.092944463 -0.12544984 -0.11702525 -0.10860066 -0.10472505 -0.10290787 -0.10109069 -0.088308277 -0.074358034 -0.067688206 -0.067833808 -0.06797941 -0.068764821 -0.069855248 -0.069805761 -0.067910049 -0.066014338
-0.053880908 -0.06254129 -0.050122665 -0.033775319 -0.017427973 -0.0010806269 -0.0078954837 -0.030450035 -0.053004586 -0.075559137 -0.084461997 -0.06777638 -0.084024809 -0.09029709 -0.08947728 -0.08865747 -0.08783766 -0.088852484 -0.091883959 -0.092149638 -0.092415317 -0.092680997 -0.092907266 -0.089613908 -0.086320551 -0.083027194 -0.079733837 -0.073719088 -0.065084519 -0.053286846 -0.038241662 -0.023196479 -0.0081512951 -0.0039879851 -0.019432824 -0.034877663 -0.050322503 -0.071939585 -0.10444497 -0.096020374 -0.092696743 -0.09087956 -0.089062376 -0.087245193 -0.074462783 -0.069269988 -0.06941559 -0.069561192 -0.069706794 -0.070492205 -0.070256701 -0.06836099 -0.066465278 -0.064569567
