P2_models/J1_p2_vp_slide_diff_120.dat.tif
NCOLS 118
NROWS 92
XLLCORNER 139.62
YLLCORNER -39.07
DX 0.099491525
DY 0.099347826
NODATA_VALUE -9999
[rows 0 to 26 of 92, columns 0 to 59 of 118]
-9999 -9999 -9999 -9999 -9999 -9999 -9999 -9999 -9999 -9999 -9999 -9999 -9999 -9999 -9999 -9999 -9999 -9999 -9999 -9999 -9999 -9999 -9999 -9999 -9999 -9999 -9999 -9999 -9999 -9999 -9999 -9999 -9999 -9999 -9999 -9999 -9999 -9999 -9999 -9999 -9999 -9999 -9999 -9999 -9999 -9999 -9999 -9999 -9999 -9999 -9999 -9999 -9999 -9999 -9999 -9999 -9999 -9999 -9999 -9999
-9999 8.1556299 8.1553462 8.1550626 8.154779 8.1544953 8.1534442 8.1538219 8.1548355 8.1539228 8.1530101 8.1520974 8.1511847 8.1516958 8.154252 8.155884 8.157516 8.159148 8.16078 8.1629261 8.1662586 8.1695911 8.1729236 8.176256 8.1787147 8.1752512 8.1695668 8.1626791 8.1557914 8.1489037 8.142016 8.1397047 8.1462149 8.1527252 8.1592355 8.1657458 8.1700994 8.1719918 8.1767756 8.1799332 8.1830909 8.1862485 8.1894062 8.18441 8.1761661 8.168757 8.1613478 8.1539386 8.1465295 8.1381574 8.1296084 8.1210594 8.1125104 8.1039614 8.099393 8.1051988 8.1061854 8.1071719 8.1081585 8.1091451
-9999 8.1519174 8.1516337 8.1513501 8.1510665 8.1494184 8.1469156 8.1472933 8.1509956 8.1532506 8.1523379 8.1514251 8.1505124 8.1510235 8.1543858 8.1573715 8.1590035 8.1606355 8.1622675 8.1644137 8.1677461 8.1710786 8.1744111 8.1753083 8.1723498 8.1688863 8.1640696 8.158856 8.1519684 8.1450807 8.138193 8.1358816 8.1423919 8.1489022 8.1554125 8.1579095 8.1562549 8.1581473 8.1651143 8.170685 8.1738426 8.1770003 8.1801579 8.1751618 8.1643039 8.1554193 8.1480101 8.140601 8.1331918 8.1248202 8.1162822 8.1077346 8.0991856 8.0906366 8.0860682 8.0952878 8.102452 8.1034385 8.1044251 8.1054116
-9999 8.1482049 8.1479212 8.1476376 8.1453926 8.1428898 8.140387 8.1407647 8.144467 8.1481692 8.1516656 8.1507529 8.1498402 8.1503513 8.1537136 8.1570759 8.1604382 8.162123 8.163755 8.1659012 8.1692337 8.1725661 8.171902 8.1689434 8.1659849 8.1625214 8.1577047 8.152888 8.1480712 8.1412577 8.13437 8.1320586 8.1385689 8.1450792 8.1457195 8.1440649 8.1424103 8.1443028 8.1512698 8.1582367 8.1645944 8.167752 8.1709097 8.1659135 8.1550557 8.1441978 8.1346725 8.1272633 8.1198542 8.1114826 8.1029446 8.0944066 8.0858608 8.0773118 8.0727434 8.081963 8.0911827 8.0997051 8.1006917 8.1016782
-9999 8.1444924 8.1438695 8.1413667 8.138864 8.1363612 8.1338584 8.1342361 8.1379384 8.1416406 8.1453428 8.149045 8.1491679 8.149679 8.1530413 8.1564036 8.159766 8.1631283 8.1652425 8.1673887 8.1707212 8.1684956 8.1655371 8.1625785 8.15962 8.1561565 8.1513398 8.1465231 8.1417063 8.1368896 8.1305469 8.1282356 8.1347459 8.1335296 8.131875 8.1302204 8.1285658 8.1304582 8.1374252 8.1443922 8.1513592 8.1583262 8.1616614 8.1566653 8.1458074 8.1349496 8.1240917 8.1139257 8.1065165 8.0981449 8.0896069 8.081069 8.072531 8.063987 8.0594185 8.0686382 8.0778579 8.0870775 8.0962972 8.0979448
-9999 8.1398437 8.1373409 8.1348381 8.1323354 8.1298326 8.1273298 8.1277075 8.1314098 8.135112 8.1388142 8.1425164 8.1462187 8.1490068 8.1523691 8.1557314 8.1590937 8.162456 8.1658183 8.1680479 8.1650893 8.1621308 8.1591722 8.1562137 8.1532551 8.1497917 8.1449749 8.1401582 8.1353414 8.1305247 8.125708 8.1229942 8.1213396 8.1196851 8.1180305 8.1163759 8.1147213 8.1166137 8.1235807 8.1305477 8.1375147 8.1444816 8.1514486 8.147417 8.1365592 8.1257013 8.1148435 8.1039857 8.0931789 8.0848073 8.0762693 8.0677313 8.0591933 8.0506554 8.0460937 8.0553134 8.064533 8.0737527 8.0829724 8.092192
-9999 8.1380212 8.1355184 8.1330156 8.1305128 8.12801 8.1258807 8.1266017 8.1303039 8.1340062 8.1377084 8.1414106 8.1446227 8.1468711 8.1488115 8.1521738 8.1555361 8.1588984 8.1622607 8.1637117 8.1607532 8.1577946 8.1548361 8.1518775 8.1485283 8.1463823 8.1477754 8.1429586 8.1381419 8.1333252 8.1285084 8.1247718 8.1231172 8.1214626 8.119808 8.1181534 8.1132454 8.1112574 8.1182244 8.1251914 8.1321583 8.1391253 8.143405 8.1457777 8.1409101 8.1300522 8.1191944 8.1083365 8.0974787 8.0885989 8.0800609 8.0715229 8.062985 8.0562169 8.0571273 8.066347 8.0755666 8.0847863 8.094006 8.0973855
-9999 8.1369442 8.1344414 8.1319386 8.1294358 8.1274962 8.1256341 8.126355 8.1300573 8.1337595 8.1374617 8.1403527 8.1429702 8.1452186 8.1467278 8.1482371 8.1515214 8.1548837 8.158246 8.159697 8.1567385 8.1537799 8.1508214 8.1471836 8.1431751 8.1410292 8.1438755 8.1467218 8.1423944 8.1375777 8.1327609 8.1290243 8.1273697 8.1257151 8.1240605 8.1174812 8.1092338 8.1072459 8.1142128 8.1211798 8.1281468 8.1314596 8.1342636 8.1366362 8.1386988 8.1365576 8.1256998 8.1148419 8.1039841 8.0951043 8.0865663 8.0780283 8.0725981 8.0711096 8.07202 8.0812396 8.0904593 8.099679 8.101278 8.1011153
-9999 8.1358672 8.1333644 8.1309737 8.1291116 8.1272495 8.1253874 8.1261084 8.1298106 8.1334653 8.1360827 8.1387002 8.1413176 8.143566 8.1450753 8.1465846 8.1480939 8.150869 8.1542313 8.1556823 8.1527238 8.1497652 8.145839 8.1418305 8.137822 8.135676 8.1385223 8.1413686 8.1442149 8.1418302 8.1370134 8.1332768 8.1316222 8.1299643 8.121717 8.1134696 8.1052223 8.1032343 8.1102013 8.1167102 8.1195142 8.1223181 8.1251221 8.1274947 8.1295574 8.13162 8.1322051 8.1213473 8.1104895 8.1016096 8.0930717 8.0889792 8.0874907 8.0860023 8.0869126 8.0961323 8.1053333 8.1051705 8.1050078 8.1048451
-9999 8.1347902 8.1325892 8.1307271 8.1288649 8.1270028 8.1251407 8.1258617 8.1291953 8.1318127 8.1344302 8.1370476 8.1396651 8.1419134 8.1434227 8.144932 8.1464413 8.1479506 8.1502166 8.1516676 8.1485029 8.1444943 8.1404858 8.1364773 8.1324688 8.1303229 8.1331692 8.1360155 8.1388618 8.1417081 8.141266 8.1375293 8.1342001 8.1259528 8.1177054 8.1094581 8.1012107 8.0992228 8.1047648 8.1075688 8.1103727 8.1131766 8.1159806 8.1183533 8.1204159 8.1224785 8.1245411 8.1266037 8.1169948 8.108115 8.1053603 8.1038719 8.1023834 8.1008949 8.1018053 8.1092258 8.1090631 8.1089003 8.1087376 8.1085748
-9999 8.1344657 8.1326036 8.1307415 8.1288793 8.1270172 8.1251551 8.1255938 8.1282113 8.1308287 8.1334462 8.1360636 8.138681 8.1405603 8.1420696 8.1435789 8.1450882 8.1465975 8.1481068 8.1479476 8.143939 8.1399305 8.135922 8.1319135 8.127905 8.1244725 8.1273188 8.1301651 8.1330114 8.1358577 8.138704 8.1377611 8.1295137 8.1212664 8.113019 8.1047717 8.0965244 8.0937618 8.0965657 8.0993697 8.1021736 8.1049776 8.1077815 8.1106884 8.1127511 8.1148137 8.1168763 8.1189389 8.1210015 8.1200363 8.1185479 8.1170594 8.115571 8.1140825 8.1114504 8.1112876 8.1111249 8.1109621 8.1107994 8.1106367
-9999 8.136191 8.1343289 8.1324668 8.1306047 8.1287426 8.1280678 8.1289911 8.1316086 8.134226 8.1368434 8.1394609 8.141991 8.1434583 8.1428492 8.1441882 8.1456975 8.1472068 8.1487161 8.1485569 8.1445484 8.1405399 8.1365313 8.1325228 8.1288471 8.1247692 8.1192036 8.1210559 8.1239022 8.1267485 8.1295948 8.1286519 8.1204046 8.1121572 8.1039099 8.0956625 8.0920414 8.0917388 8.0945427 8.0973467 8.1001506 8.1029546 8.1086641 8.1124844 8.1147639 8.1168265 8.1188891 8.1209517 8.1230144 8.1220492 8.1205607 8.1190722 8.1175838 8.1110209 8.1025809 8.1024181 8.1022554 8.1020927 8.1019299 8.1052185
-9999 8.1379164 8.1360543 8.1341921 8.1325543 8.1320097 8.1314651 8.1323884 8.1350058 8.1376233 8.1402363 8.1427404 8.1452445 8.1467117 8.1461027 8.1454936 8.1463069 8.1478161 8.1493254 8.1491662 8.1451577 8.1411492 8.1371407 8.1335855 8.1300627 8.1259848 8.1204191 8.1148535 8.1147931 8.1176394 8.1204857 8.1195427 8.1112954 8.1030481 8.0949663 8.0924924 8.0900184 8.0897158 8.0925198 8.0953237 8.0986017 8.1044703 8.110339 8.1141592 8.1165068 8.1188393 8.1209019 8.1229646 8.1250272 8.124062 8.1225735 8.1210851 8.1129811 8.1021514 8.0937114 8.0935486 8.0933859 8.0935235 8.0971343 8.1007452
-9999 8.1396417 8.1377796 8.1364962 8.1359516 8.135407 8.1348624 8.1357857 8.1384031 8.1409856 8.1434897 8.1459938 8.1484979 8.1499652 8.1493561 8.1487471 8.148138 8.1484255 8.1499348 8.1497756 8.145767 8.1418467 8.1383239 8.134801 8.1312782 8.1272003 8.1216347 8.1160691 8.1105034 8.1085302 8.1113765 8.1104336 8.1021862 8.0954173 8.0929434 8.0904694 8.0879954 8.0876929 8.0904968 8.0944079 8.1002766 8.1061452 8.1120138 8.115834 8.1181817 8.1205293 8.122877 8.1249774 8.12704 8.1260748 8.1245864 8.1149413 8.1041116 8.0932819 8.0848419 8.0846792 8.0854393 8.0890502 8.092661 8.0962718
-9999 8.1413671 8.140438 8.1398934 8.1393488 8.1388042 8.1382597 8.139183 8.141735 8.1442391 8.1467432 8.1492473 8.1517513 8.1532186 8.1526095 8.1520005 8.1513914 8.1507824 8.1505441 8.1503849 8.1465851 8.1430623 8.1395394 8.1360166 8.1324938 8.1284159 8.1228503 8.1172846 8.111719 8.1061534 8.1022673 8.1013244 8.0958683 8.0933943 8.0909204 8.0884464 8.0859725 8.0856699 8.0902141 8.0960828 8.1019514 8.10782 8.1136887 8.1175089 8.1198565 8.1222042 8.1245518 8.1268995 8.1290528 8.1277311 8.1169014 8.1060718 8.0952421 8.0844125 8.0759724 8.0773552 8.080966 8.0845768 8.0881877 8.0917985
-9999 8.1441709 8.1436263 8.1430817 8.1425371 8.1419925 8.141448 8.1426167 8.1451207 8.1476248 8.1501289 8.152633 8.1551371 8.1559232 8.1552109 8.1546019 8.1539928 8.1533838 8.1527747 8.1512846 8.1477618 8.1442389 8.1407161 8.1371933 8.1336704 8.1271043 8.1203618 8.1147962 8.1092305 8.1036649 8.0980993 8.0935897 8.0911157 8.0886418 8.0861678 8.0836938 8.0812199 8.0803431 8.0862118 8.0920804 8.097949 8.1038177 8.1096863 8.1150527 8.1174004 8.119748 8.1220957 8.1244433 8.126791 8.1173106 8.1064809 8.0956513 8.0848216 8.073992 8.068731 8.0737373 8.0773482 8.080959 8.0845698 8.0881807
-9999 8.1468736 8.146329 8.1457844 8.1452398 8.1450854 8.1471393 8.1485507 8.1492206 8.151318 8.1538221 8.1563262 8.1588303 8.1596164 8.1569623 8.1556882 8.1550791 8.15447 8.153861 8.1523709 8.148848 8.1453252 8.1418024 8.1382795 8.1360785 8.1300023 8.1132734 8.1037009 8.0981353 8.0925697 8.0870041 8.0824944 8.0800205 8.0775465 8.0750725 8.0729433 8.078663 8.0789787 8.0715629 8.0748862 8.0807549 8.0866235 8.0924921 8.0987811 8.1053452 8.1076929 8.1100405 8.1123882 8.1147358 8.1044366 8.0924564 8.0816267 8.0707971 8.0599674 8.0547065 8.068735 8.0757182 8.079329 8.0829399 8.0865507
-9999 8.1495763 8.1490317 8.1484871 8.1491018 8.1511558 8.1532097 8.1546211 8.155291 8.1559608 8.1575153 8.1600194 8.1625235 8.1633097 8.1606555 8.1580014 8.1561654 8.1555563 8.1549473 8.1534571 8.1499343 8.1464115 8.1431797 8.1410781 8.1389765 8.1329003 8.1161714 8.0994425 8.08704 8.0814744 8.0759088 8.0713992 8.0689252 8.0664513 8.0663991 8.0721189 8.0778386 8.0781543 8.0707386 8.0633228 8.0635607 8.0694294 8.075298 8.081587 8.0881782 8.0947694 8.0979854 8.1003331 8.1026807 8.0923815 8.0798966 8.0676022 8.0567725 8.0459429 8.040682 8.0547105 8.0687389 8.0776991 8.0813099 8.0849208
-9999 8.152279 8.1517344 8.1531183 8.1551722 8.1572261 8.1592801 8.1606915 8.1613613 8.1620312 8.162701 8.1637126 8.1662167 8.1670029 8.1643488 8.1616946 8.1590405 8.1566426 8.1560335 8.1545434 8.1510206 8.1481793 8.1460777 8.1439761 8.1418745 8.1357983 8.1190694 8.1023405 8.0856116 8.0703792 8.0648136 8.0603039 8.05783 8.059855 8.0655748 8.0712945 8.0770143 8.0773299 8.0699142 8.0624985 8.0550827 8.0522352 8.0581038 8.0643928 8.0709841 8.0775753 8.0841665 8.088278 8.0906256 8.0803264 8.0678414 8.0553565 8.0428716 8.0319184 8.0266574 8.0406859 8.0547144 8.0687429 8.07968 8.0832908
-9999 8.1550808 8.1571347 8.1591886 8.1612426 8.1632965 8.1653504 8.1667618 8.1674317 8.1681016 8.1687714 8.1694413 8.1701111 8.1706961 8.168042 8.1653879 8.1627337 8.1600796 8.1574255 8.1556297 8.1531788 8.1510772 8.1489757 8.1468741 8.1447725 8.1386963 8.1219674 8.1052385 8.0885096 8.0717807 8.0550518 8.0492087 8.0533109 8.0590306 8.0647504 8.0704701 8.0761899 8.0765055 8.0690898 8.0616741 8.0542584 8.0468426 8.0409097 8.0471987 8.0537899 8.0603811 8.0669724 8.0735636 8.0785705 8.0682713 8.0557863 8.0433014 8.0308164 8.0183315 8.0126329 8.0266614 8.0406899 8.0547184 8.0687468 8.0816609
-9999 8.1554506 8.1575046 8.1595585 8.1616124 8.1636664 8.1668156 8.1711183 8.1717882 8.1724581 8.1731279 8.1737978 8.1741819 8.1709999 8.1682383 8.1655842 8.1629301 8.160276 8.1576219 8.1551348 8.1530333 8.1509317 8.1488301 8.1467285 8.1446269 8.1384704 8.1260353 8.1093064 8.0925774 8.0758485 8.0591196 8.0500584 8.0557782 8.0614979 8.0672177 8.0729374 8.0780228 8.0753734 8.0679577 8.060542 8.0531263 8.0457105 8.0399944 8.0390277 8.0448351 8.0514264 8.0580176 8.0646088 8.0712 8.0615262 8.0490412 8.0365563 8.0240713 8.0115864 8.0097029 8.0237314 8.0377598 8.0517883 8.0658168 8.075053
-9999 8.1515205 8.1535744 8.1556283 8.1576823 8.1624289 8.1698793 8.1741821 8.1748519 8.1755218 8.1761916 8.175398 8.1720889 8.1689069 8.1659795 8.1631428 8.1604887 8.1578346 8.1551805 8.1526934 8.1505918 8.1484902 8.1463886 8.1432666 8.1374284 8.1312658 8.1242336 8.1142566 8.0975277 8.0807988 8.0640699 8.0550087 8.0607285 8.0664482 8.072168 8.0759763 8.0766585 8.0740092 8.0665935 8.0591777 8.051762 8.047435 8.0459999 8.0450331 8.044403 8.0486867 8.0552779 8.0618691 8.0684604 8.0587865 8.0463015 8.0338166 8.0219639 8.016353 8.0151416 8.0291701 8.0431986 8.0572271 8.0631392 8.0596515
-9999 8.1475903 8.1496442 8.1516982 8.1580422 8.1654926 8.1729431 8.1772458 8.1779156 8.1785855 8.1766141 8.173305 8.1699958 8.1668138 8.1638864 8.1609591 8.1580472 8.1553931 8.152739 8.150252 8.1481504 8.1460488 8.1419001 8.1360619 8.1302238 8.1240612 8.117029 8.1099968 8.102478 8.0857491 8.0690202 8.059959 8.0656787 8.0713985 8.0739298 8.074612 8.0752943 8.072645 8.0652292 8.0578135 8.0548755 8.0534405 8.0520054 8.0510386 8.0504085 8.0497784 8.0525382 8.0591295 8.0657207 8.0560468 8.0435619 8.0330137 8.0274027 8.0217917 8.0205804 8.0346089 8.0486374 8.0512255 8.0477378 8.0442501
-9999 8.1436602 8.146205 8.1536554 8.1611059 8.1685563 8.1760068 8.1803095 8.1809794 8.1778302 8.174521 8.1712119 8.1679027 8.1647207 8.1617934 8.158866 8.1559386 8.1530113 8.1502976 8.1478106 8.145709 8.1405337 8.1346955 8.1288573 8.1230192 8.1168566 8.1098244 8.1027922 8.09576 8.0887278 8.0739704 8.0649093 8.070629 8.0718832 8.0725655 8.0732478 8.0739301 8.0712807 8.063865 8.0623161 8.060881 8.0594459 8.0580109 8.0570441 8.056414 8.0557839 8.0551537 8.0563898 8.062981 8.0533071 8.0440634 8.0384524 8.0328415 8.0272305 8.0260192 8.0400477 8.0393117 8.035824 8.0323363 8.0288486
-9999 8.1418183 8.1492687 8.1567192 8.1641696 8.17162 8.1790705 8.1823554 8.1790463 8.1757371 8.172428 8.1691188 8.1658097 8.1626277 8.1597003 8.1567729 8.1538456 8.1509182 8.1479908 8.1450054 8.1391672 8.133329 8.1274909 8.1216527 8.1158145 8.1096519 8.1026197 8.0955875 8.0885553 8.0815232 8.074491 8.0691545 8.0698367 8.070519 8.0712013 8.0718836 8.0725658 8.0711917 8.0697566 8.0683216 8.0668865 8.0654514 8.0640163 8.0630495 8.0624194 8.0617893 8.0611592 8.0605291 8.0602413 8.0551131 8.0495022 8.0438912 8.0382802 8.0326693 8.0308857 8.027398 8.0239103 8.0204226 8.0169349 8.0134472
-9999 8.1370812 8.1445317 8.1519821 8.1594326 8.166883 8.1764096 8.1843198 8.1856279 8.1823188 8.1790096 8.1757005 8.1723913 8.1684367 8.1638003 8.160873 8.1579456 8.1550182 8.1520909 8.1482833 8.1424451 8.136607 8.1307688 8.1249307 8.1187551 8.1078214 8.0891566 8.0821244 8.0750922 8.06806 8.0610278 8.0566306 8.0573129 8.0579951 8.0586774 8.0593597 8.0585905 8.0595238 8.0625777 8.0611426 8.0597075 8.0582724 8.0568373 8.0539096 8.051815 8.0511849 8.0505548 8.0499247 8.0492946 8.0546472 8.0507852 8.0451743 8.0395633 8.0339523 8.0298193 8.0297961 8.0263084 8.0228207 8.019333 8.0158453
-9999 8.1308492 8.1382996 8.1457501 8.1532005 8.1638408 8.1750538 8.182964 8.1870622 8.1905629 8.1872538 8.1839446 8.1806355 8.1766809 8.1714337 8.1661865 8.1632326 8.1603052 8.1573779 8.1535703 8.1477321 8.141894 8.1360558 8.1296088 8.1227825 8.1118488 8.0899064 8.067964 8.0604295 8.0533973 8.0463651 8.0419679 8.0426502 8.0433325 8.0440147 8.0424513 8.0400008 8.0409341 8.0467084 8.0514367 8.0500016 8.0485666 8.0471315 8.0442037 8.040203 8.0373971 8.036767 8.0361369 8.0355068 8.0408594 8.0472461 8.0456609 8.0400499 8.0344389 8.0303059 8.0312921 8.032118 8.0286302 8.0251425 8.0216548
