P2_models/J1_p2_vp_slide_diff2_35.dat.tif
NCOLS 118
NROWS 92
XLLCORNER 139.62
YLLCORNER -39.07
DX 0.099491525
DY 0.099347826
NODATA_VALUE -9999
[rows 0 to 24 of 92, columns 0 to 56 of 118]
-9999 -9999 -9999 -9999 -9999 -9999 -9999 -9999 -9999 -9999 -9999 -9999 -9999 -9999 -9999 -9999 -9999 -9999 -9999 -9999 -9999 -9999 -9999 -9999 -9999 -9999 -9999 -9999 -9999 -9999 -9999 -9999 -9999 -9999 -9999 -9999 -9999 -9999 -9999 -9999 -9999 -9999 -9999 -9999 -9999 -9999 -9999 -9999 -9999 -9999 -9999 -9999 -9999 -9999 -9999 -9999 -9999
-9999 0.27208198 0.28308868 0.29409538 0.30510208 0.31610878 0.32854377 0.33737407 0.33114218 0.31933319 0.3075242 0.2957152 0.28390621 0.27034071 0.26354652 0.26854879 0.27355105 0.27855332 0.28355559 0.28734915 0.28835418 0.28935921 0.29036424 0.29136927 0.29199574 0.29230117 0.29711288 0.30064416 0.30417543 0.30770671 0.31123798 0.31153966 0.3056157 0.29969173 0.29376777 0.28784381 0.28276303 0.28046902 0.27506598 0.26688091 0.25869585 0.25051078 0.24232572 0.24240746 0.24244155 0.24056255 0.23868356 0.23680457 0.23492557 0.21734118 0.21829772 0.21925426 0.22021079 0.22116733 0.22406012 0.22840342 0.22532647
-9999 0.27861038 0.28961708 0.30062377 0.31163047 0.32517635 0.34031277 0.34914306 0.35069529 0.34805754 0.33624855 0.32443956 0.31263057 0.29906506 0.28198203 0.26970639 0.27470866 0.27971093 0.2847132 0.28850676 0.28951179 0.29051682 0.29152185 0.29147189 0.28975151 0.29005695 0.29579204 0.30110488 0.30463616 0.30816743 0.31169871 0.31200038 0.30607642 0.30015246 0.2942285 0.28987359 0.28714179 0.28484778 0.2831801 0.27912346 0.2709384 0.26275333 0.25456827 0.25465001 0.26067466 0.26217712 0.26029813 0.25841914 0.25654014 0.23798682 0.21655173 0.21478298 0.21573952 0.21669606 0.21958884 0.22918853 0.23562325
-9999 0.28513877 0.29614547 0.30715217 0.32180893 0.33694535 0.35208176 0.36091206 0.36246429 0.36401652 0.3649729 0.35316391 0.34135492 0.32778941 0.31070639 0.29362336 0.27654033 0.28086854 0.28587081 0.28966437 0.2906694 0.29167443 0.29094804 0.28922766 0.28750729 0.28781272 0.29354782 0.29928291 0.30501801 0.30862816 0.31215943 0.31246111 0.30653715 0.30061318 0.29698415 0.29425235 0.29152054 0.28922654 0.28755885 0.28589117 0.28318095 0.27499588 0.26681082 0.26689256 0.27291721 0.27894186 0.2819127 0.2800337 0.27815471 0.25960139 0.2381663 0.2167312 0.21126825 0.21222479 0.21511757 0.22471726 0.23431695
-9999 0.29166717 0.3033051 0.31844151 0.33357793 0.34871434 0.36385075 0.37268105 0.37423328 0.37578551 0.37733774 0.37888997 0.37007927 0.35651377 0.33943074 0.32234772 0.30526469 0.28818166 0.28702842 0.29082198 0.29182701 0.29042419 0.28870381 0.28698344 0.28526306 0.28556849 0.29130359 0.29703869 0.30277378 0.30850888 0.31262016 0.31292183 0.30699787 0.3040947 0.3013629 0.2986311 0.2958993 0.29360529 0.29193761 0.29026992 0.28860224 0.28693456 0.27905337 0.27913511 0.28515976 0.29118441 0.29720906 0.30164827 0.29976928 0.28121596 0.25978087 0.23834577 0.21691068 0.20775352 0.2106463 0.22024599 0.22984567
-9999 0.29993768 0.31507409 0.3302105 0.34534692 0.36048333 0.37561974 0.38445004 0.38600227 0.3875545 0.38910673 0.39065896 0.39221119 0.38523812 0.3681551 0.35107207 0.33398904 0.31690602 0.29982299 0.29162071 0.28990033 0.28817996 0.28645959 0.28473921 0.28301884 0.28332427 0.28905936 0.29479446 0.30052956 0.30626465 0.31199975 0.31393706 0.31120526 0.30847346 0.30574166 0.30300986 0.30027805 0.29798405 0.29631636 0.29464868 0.292981 0.29131331 0.28964563 0.29137766 0.29740231 0.30342696 0.30945161 0.31547625 0.32138385 0.30283053 0.28139544 0.25996034 0.23852525 0.21709015 0.20617502 0.21577471 0.2253744
-9999 0.3151874 0.33032381 0.34546022 0.36059664 0.37573305 0.39261797 0.4030552 0.40460743 0.40615966 0.40771189 0.40926412 0.40633204 0.39608552 0.38136974 0.36428672 0.34720369 0.33012066 0.31303764 0.30060004 0.29887967 0.2971593 0.29543892 0.29371855 0.28936025 0.2827497 0.28325535 0.28899045 0.29472554 0.30046064 0.30619574 0.30903882 0.30630702 0.30357521 0.30084341 0.29811161 0.30353065 0.31095819 0.3092905 0.30762282 0.30595513 0.30428745 0.30644332 0.3087179 0.31234364 0.31836829 0.32439294 0.33041759 0.33644224 0.31905359 0.2976185 0.27618341 0.25474831 0.23651241 0.23191729 0.24151698 0.25111667
-9999 0.33098857 0.34612498 0.36126139 0.3763978 0.3941705 0.41230617 0.4227434 0.42429563 0.42584786 0.42740009 0.42153013 0.41315702 0.40291051 0.38891238 0.37491425 0.35796116 0.34087813 0.3237951 0.31135751 0.30963714 0.30791676 0.30619639 0.29989048 0.2910815 0.28447096 0.28375276 0.28303457 0.28835756 0.29409266 0.29982775 0.30267083 0.29993903 0.29720723 0.29447543 0.30408157 0.31786654 0.32529408 0.32362639 0.32195871 0.32029102 0.32382266 0.32807832 0.33035289 0.33120328 0.33373719 0.33976184 0.34578648 0.35181113 0.33442249 0.3129874 0.2915523 0.27573444 0.26704137 0.26244625 0.27204594 0.28164562
-9999 0.34678973 0.36192614 0.37758735 0.39572303 0.4138587 0.43199438 0.4424316 0.44398383 0.44510133 0.43672823 0.42835512 0.41998201 0.40973549 0.39573736 0.38173924 0.36774111 0.3516356 0.33455257 0.32211498 0.3203946 0.31867423 0.31042072 0.30161174 0.29280276 0.28619221 0.28547402 0.28475582 0.28403763 0.28772467 0.29345977 0.29630285 0.29357105 0.29084752 0.30463249 0.31841746 0.33220243 0.33962997 0.33796228 0.33694633 0.34120199 0.34545765 0.34971332 0.35198789 0.35283828 0.35368867 0.35513073 0.36115538 0.36718003 0.34979139 0.32835629 0.31495646 0.30626339 0.29757032 0.2929752 0.30257489 0.31212588
-9999 0.3625909 0.37913988 0.39727556 0.41541123 0.43354691 0.45168258 0.46211981 0.46029943 0.45192632 0.44355321 0.4351801 0.42680699 0.41656047 0.40256235 0.38856422 0.3745661 0.36056797 0.34531004 0.33287245 0.32975993 0.32095095 0.31214197 0.30333299 0.29452401 0.28791347 0.28719527 0.28647708 0.28575888 0.28504069 0.28709178 0.28993486 0.29139844 0.30518341 0.31896838 0.33275335 0.34653833 0.35396586 0.35432566 0.35858132 0.36283699 0.36709265 0.37134832 0.37362289 0.37447328 0.37532367 0.37617406 0.37702445 0.38254893 0.36516029 0.35417849 0.34548542 0.33679234 0.32809927 0.32350415 0.32841367 0.31355479
-9999 0.38007139 0.39820706 0.41634274 0.43447841 0.45261409 0.47074976 0.47492337 0.46655027 0.45817716 0.44980405 0.44143094 0.43305783 0.42122382 0.40722569 0.39322757 0.37922944 0.36523131 0.35123319 0.33880418 0.3299952 0.32118622 0.31237724 0.30356826 0.29475928 0.29021883 0.28950064 0.28878245 0.28806425 0.28734606 0.28662786 0.29086348 0.30464845 0.31843342 0.3322184 0.34600337 0.35978834 0.37013049 0.37438616 0.37864182 0.38289749 0.38715315 0.39140881 0.38989734 0.39074773 0.39159812 0.39244851 0.3932989 0.39414929 0.38686254 0.37816947 0.3694764 0.36078333 0.35209025 0.34377858 0.3289197 0.31406082
-9999 0.39506856 0.41320424 0.43133991 0.44947559 0.46761126 0.47686318 0.47741142 0.46903831 0.4606652 0.45229209 0.44391898 0.43510227 0.42146697 0.39844745 0.38372412 0.36972599 0.35572787 0.34172974 0.32930073 0.32049175 0.31168277 0.3028738 0.29406482 0.29251771 0.29415905 0.29540236 0.29491593 0.29419774 0.29347955 0.29276135 0.29699696 0.31078194 0.32456691 0.33835188 0.35213685 0.36827741 0.37987217 0.38412783 0.3883835 0.39263916 0.39689482 0.39741936 0.38634655 0.37189069 0.37274108 0.37359147 0.37444186 0.37529225 0.3680055 0.35931242 0.35061935 0.34192628 0.33944181 0.33823621 0.32337733 0.30851845
-9999 0.41006574 0.42820141 0.44633709 0.46279485 0.47107303 0.47935122 0.47989946 0.47152635 0.46315324 0.45475764 0.44580846 0.43685928 0.42322398 0.40020446 0.37718494 0.36022254 0.34622442 0.33222629 0.31979729 0.31098831 0.30217933 0.29337035 0.29445381 0.29624366 0.29788501 0.29912832 0.30037162 0.30033123 0.29961303 0.29889484 0.30313045 0.31691542 0.3307004 0.34456969 0.36129439 0.37801908 0.38961384 0.39386951 0.39812517 0.4017721 0.40209236 0.40241262 0.39133982 0.37207669 0.35388403 0.35473442 0.35558481 0.3564352 0.34914845 0.34045538 0.33176231 0.33116343 0.33389945 0.33269385 0.31783496 0.30297608
-9999 0.42506292 0.44319859 0.45700471 0.46528289 0.47356108 0.48183926 0.4823875 0.47401439 0.46546383 0.45651465 0.44756547 0.43861629 0.42498099 0.40196147 0.37894195 0.35592243 0.33672097 0.32272285 0.31029384 0.30148486 0.29460006 0.29638992 0.29817977 0.29996962 0.30161097 0.30285427 0.30409758 0.30534089 0.30574652 0.30502832 0.30926394 0.32304891 0.33758668 0.35431137 0.37103606 0.38776076 0.39935552 0.40361118 0.4064451 0.40676536 0.40708562 0.40740588 0.39633308 0.37706995 0.35780682 0.33854369 0.33672777 0.33757816 0.33029141 0.32159833 0.32288505 0.32562106 0.32835708 0.32715148 0.3122926 0.2956848
-9999 0.44006009 0.45121457 0.45949275 0.46777093 0.47604912 0.4843273 0.48487554 0.47617002 0.46722084 0.45827166 0.44932248 0.44037329 0.426738 0.40371847 0.38069895 0.35767943 0.33465991 0.3132194 0.30079039 0.29653617 0.29832602 0.30011587 0.30190573 0.30369558 0.30533692 0.30658023 0.30782354 0.30906684 0.31031015 0.31116181 0.31539742 0.33060366 0.34732835 0.36405304 0.38077774 0.39750243 0.40909719 0.41111811 0.41143837 0.41175862 0.41207888 0.41239914 0.40132634 0.38206321 0.36280008 0.34353695 0.32427382 0.31872111 0.31187064 0.31460666 0.31734268 0.3200787 0.32281471 0.32160911 0.30382154 0.2818117
-9999 0.44070875 0.44898693 0.45726512 0.4655433 0.47382149 0.48209967 0.48467136 0.47572218 0.466773 0.45782382 0.44887464 0.43992546 0.42550971 0.40237187 0.37935235 0.35633283 0.33331331 0.31029379 0.29477625 0.2965661 0.29835595 0.30014581 0.30193566 0.30372551 0.30815526 0.31105837 0.31230168 0.31354498 0.31478829 0.3160316 0.32256284 0.33928753 0.35601223 0.37273692 0.38946162 0.40618631 0.41049784 0.4108181 0.41113836 0.41145862 0.41177888 0.41209914 0.4071318 0.38786867 0.36860554 0.34934241 0.33007928 0.31081615 0.30938642 0.31212244 0.31485845 0.31759447 0.32033049 0.3209003 0.30090994 0.2789001
-9999 0.4275236 0.43580179 0.44407997 0.45235815 0.46177226 0.47761539 0.48116482 0.47052576 0.46120191 0.45225273 0.44330355 0.43435437 0.41993862 0.39457574 0.37079406 0.34777454 0.32475502 0.3017355 0.28621796 0.28800781 0.28979767 0.29158752 0.29337737 0.29155568 0.2946467 0.31163345 0.31852761 0.31977092 0.32101423 0.32225753 0.32878878 0.34551347 0.36223817 0.37896286 0.39578486 0.41482265 0.41890646 0.40159648 0.39853873 0.39885899 0.39917925 0.39949951 0.39817515 0.39556136 0.37629823 0.3570351 0.33777197 0.31850884 0.31580233 0.31674423 0.31948024 0.32221626 0.32495228 0.32552209 0.31858841 0.30145903
-9999 0.41433845 0.42261664 0.43089482 0.44254814 0.45839127 0.47423439 0.47778383 0.46714476 0.45650569 0.44668165 0.43773246 0.42878328 0.41436753 0.38900465 0.36364178 0.33921625 0.31619673 0.29317721 0.27765967 0.27944953 0.28123938 0.28223406 0.28014059 0.27804713 0.28113815 0.29812489 0.31511163 0.32599686 0.32724017 0.32848347 0.33501472 0.35173941 0.3684641 0.38587249 0.40491028 0.42394807 0.42803187 0.41072189 0.39341191 0.38625936 0.38657962 0.38689988 0.38557552 0.38306886 0.38056219 0.36472779 0.34546466 0.32620153 0.32349502 0.32364994 0.32410203 0.32683805 0.32957406 0.33014387 0.3232102 0.31627653
-9999 0.40115331 0.40943149 0.42332401 0.43916714 0.45501027 0.4708534 0.47440283 0.46376376 0.45312469 0.44248562 0.43216138 0.4232122 0.40879644 0.38343357 0.35807069 0.33270781 0.30763845 0.28461893 0.26910139 0.27089124 0.27081897 0.2687255 0.26663204 0.26453857 0.26762959 0.28461633 0.30160308 0.31858982 0.3334661 0.33470941 0.34124065 0.35796535 0.37596012 0.39499791 0.41403569 0.43307348 0.43715729 0.41984731 0.40253732 0.38522734 0.37397999 0.37430025 0.37297589 0.37046923 0.36796256 0.3654559 0.35315735 0.33389422 0.33118771 0.33134263 0.33149756 0.33165248 0.33419585 0.33476566 0.32783199 0.32089832
-9999 0.38825676 0.40409989 0.41994302 0.43578614 0.45162927 0.4674724 0.47102183 0.46038276 0.4497437 0.43910463 0.42846556 0.41782649 0.40322535 0.37786248 0.3524996 0.32713672 0.30177385 0.27641097 0.2605431 0.25940388 0.25731042 0.25521695 0.25312348 0.25103001 0.25412103 0.27110778 0.28809452 0.30508127 0.32206801 0.33905476 0.34746659 0.36604774 0.38508553 0.40412332 0.42316111 0.4421989 0.4462827 0.42897272 0.41166274 0.39435276 0.37704278 0.36170062 0.36037626 0.3578696 0.35536293 0.35285627 0.35034961 0.34158691 0.3388804 0.33903533 0.33919025 0.33934517 0.33950009 0.33938745 0.33245378 0.32552011
-9999 0.37284493 0.38868806 0.40453118 0.42037431 0.43621744 0.45020669 0.44886255 0.43822348 0.42758441 0.41694534 0.40630627 0.39560365 0.38754336 0.37172075 0.34635787 0.32099499 0.29563212 0.27026924 0.25194268 0.24984922 0.24775575 0.24566228 0.24356881 0.24147535 0.26045472 0.28067215 0.29765889 0.31464564 0.33163238 0.34861912 0.36630644 0.38534423 0.40438201 0.4234198 0.44245759 0.45998193 0.45699257 0.43968258 0.4223726 0.40506262 0.38775264 0.37154111 0.35713114 0.35325727 0.35075061 0.34824394 0.34573728 0.34323062 0.34299333 0.34314825 0.34330317 0.3434581 0.34361302 0.32843948 0.32150581 0.31457214
-9999 0.34835801 0.36420114 0.38004427 0.3958874 0.40717311 0.41388259 0.41253844 0.40189938 0.39126031 0.38062124 0.36965662 0.3581324 0.3500721 0.34894851 0.33978569 0.31442282 0.28905994 0.26369706 0.24537051 0.24327704 0.24118357 0.2390901 0.24222322 0.25926712 0.27827794 0.30256061 0.3246276 0.34161434 0.35860109 0.37558783 0.39327515 0.41231293 0.43135072 0.45038851 0.46486641 0.47188697 0.46889761 0.45158762 0.43427764 0.41696766 0.40165387 0.38820914 0.37379917 0.35869531 0.35216325 0.34965658 0.34714992 0.34464326 0.34440597 0.34456089 0.34471582 0.34300713 0.32290167 0.30574696 0.29881329 0.29187962
-9999 0.3238711 0.33971423 0.35555736 0.36413953 0.37084901 0.37755849 0.37621434 0.36557527 0.3549362 0.34370958 0.33218536 0.32066115 0.31260085 0.31147726 0.31035367 0.30785064 0.28248776 0.25712489 0.23879833 0.23670486 0.2346114 0.24300254 0.26004643 0.27709033 0.29610115 0.32038382 0.3446665 0.36858305 0.38556979 0.40255654 0.42024385 0.43928164 0.45831943 0.46975089 0.47677145 0.48379201 0.48080265 0.46349266 0.44618268 0.43176664 0.4183219 0.40487717 0.3904672 0.37536334 0.36025948 0.35106923 0.34856256 0.3460559 0.34581861 0.34597354 0.34042007 0.32031461 0.30020915 0.28305443 0.27612076 0.26918709
-9999 0.29938419 0.31439647 0.32110595 0.32781543 0.33452491 0.34123439 0.33989024 0.32925117 0.31776255 0.30623833 0.29471411 0.28318989 0.2751296 0.27400601 0.27288242 0.27175883 0.27063523 0.25055271 0.23222616 0.23013269 0.24378186 0.26082575 0.27786965 0.29491354 0.31392436 0.33820704 0.36248971 0.38677239 0.41105507 0.42952525 0.44721256 0.46625035 0.47463537 0.48165593 0.48867649 0.49569705 0.49270769 0.4753977 0.4618794 0.44843467 0.43498993 0.4215452 0.40713523 0.39203137 0.37692751 0.36182365 0.3499752 0.34746854 0.34723125 0.337833 0.31772754 0.29762208 0.27751662 0.26036191 0.25342824 0.24321095
-9999 0.27136289 0.27807237 0.28478185 0.29149133 0.29820081 0.30491029 0.30333973 0.29181551 0.28029129 0.26876708 0.25724286 0.24571864 0.23765835 0.23653476 0.23541116 0.23428757 0.23316398 0.23204039 0.22751728 0.24456118 0.26160507 0.27864896 0.29569286 0.31273675 0.33174757 0.35603025 0.38031292 0.4045956 0.42887828 0.45316096 0.47249929 0.47951985 0.48654041 0.49356097 0.50058153 0.50760209 0.5054369 0.49199217 0.47854743 0.4651027 0.45165796 0.43821322 0.42380326 0.4086994 0.39359553 0.37849167 0.36338781 0.34888118 0.33524594 0.31514048 0.29503502 0.27492956 0.2548241 0.23754213 0.22671283 0.21588353
