P2_models/J1_p2_vp_slide_diff_100.dat.tif
NCOLS 118
NROWS 92
XLLCORNER 139.62
YLLCORNER -39.07
DX 0.099491525
DY 0.099347826
NODATA_VALUE -9999
[rows 54 to 80 of 92, columns 0 to 59 of 118]
-9999 7.9452113 7.9448882 7.9445651 7.944242 7.9379609 7.9311813 7.9247648 7.9187674 7.9127701 7.9067727 7.9085264 7.9123206 7.9118034 7.9026525 7.8935016 7.8971632 7.902018 7.9068729 7.9151538 7.9313387 7.9475237 7.9637086 7.9693917 7.970356 7.9743623 7.986522 7.9986817 8.0027303 8.0058149 8.0088994 8.0061155 7.9920191 7.9779227 7.9638263 7.9571503 7.9524545 7.9487943 7.9466158 7.9444372 7.9422587 7.9451944 7.9485783 7.9487739 7.9466774 7.944978 7.9442777 7.9435775 7.9428772 7.9412458 7.9394536 7.9376613 7.9386011 7.9424882 7.9458119 7.947184 7.9485561 7.9499282 7.936837 7.921242
-9999 7.9479628 7.9476397 7.9457221 7.9389425 7.9321629 7.9253833 7.9189668 7.9129694 7.9081057 7.9118999 7.9156941 7.9194883 7.9189712 7.9098203 7.9006694 7.8915185 7.8909438 7.8957986 7.9040795 7.9202645 7.9364494 7.9375288 7.9384931 7.9394573 7.9434636 7.9556233 7.967783 7.9799427 7.9865392 7.9896238 7.9868399 7.9727435 7.9593062 7.9546104 7.9499145 7.9452187 7.9415585 7.93938 7.9381942 7.9415781 7.944962 7.9483459 7.9485415 7.946445 7.9443485 7.9423178 7.9416175 7.9409172 7.9392859 7.9374936 7.9396581 7.9435452 7.9474323 7.950756 7.9521281 7.9523452 7.9367503 7.9211554 7.9055604
-9999 7.9507143 7.9467037 7.9399241 7.9331445 7.9263649 7.9195853 7.9131688 7.9114792 7.9152734 7.9190676 7.9228618 7.926656 7.9261389 7.916988 7.9078371 7.8986862 7.8895353 7.8847244 7.8930053 7.9047017 7.9056659 7.9066301 7.9075944 7.9085586 7.9125649 7.9247246 7.9368843 7.949044 7.9612038 7.9703482 7.9675643 7.9567663 7.9520704 7.9473746 7.9426788 7.9379829 7.9343228 7.9345779 7.9379618 7.9413457 7.9447296 7.9481135 7.9483091 7.9462126 7.9441161 7.9420196 7.9399232 7.9389573 7.9373259 7.940715 7.9446021 7.9484892 7.9523763 7.9557 7.9522586 7.9366636 7.9210687 7.9054737 7.8898788
-9999 7.9457799 7.9390003 7.9322206 7.925441 7.9186614 7.9118818 7.9104022 7.9141964 7.9179906 7.9217848 7.925579 7.9293732 7.9319973 7.9228464 7.9136955 7.9045446 7.8953937 7.8862428 7.8801506 7.8811148 7.882079 7.8830433 7.8840075 7.8849718 7.8847325 7.8967398 7.9088995 7.9210592 7.9332189 7.9453786 7.9517811 7.9470852 7.9423894 7.9376936 7.9329977 7.9283019 7.9300952 7.9334791 7.936863 7.9402469 7.9436308 7.9470148 7.9462725 7.944176 7.9420796 7.9399831 7.9378866 7.9357901 7.936015 7.9399021 7.9437892 7.9476763 7.9515634 7.9544393 7.9397037 7.9241088 7.9085138 7.8929189 7.877324
-9999 7.9315685 7.9247889 7.9180093 7.9112296 7.9051807 7.9042759 7.9034178 7.9026139 7.9055072 7.9093014 7.9130956 7.9168899 7.9198422 7.9211088 7.915082 7.9059311 7.8967802 7.8876293 7.881537 7.8825013 7.8834655 7.8844297 7.885394 7.8786333 7.87475 7.8807608 7.8908668 7.9030265 7.9151862 7.9273459 7.9337483 7.9290525 7.9243567 7.9196608 7.9150609 7.9159609 7.9200082 7.9285581 7.9328052 7.9361891 7.939573 7.9429569 7.9412479 7.9359774 7.9338809 7.9317845 7.929688 7.9275915 7.9221729 7.9194263 7.9233134 7.9272005 7.9310876 7.9339635 7.9333369 7.9222333 7.9066384 7.8910434 7.8754485
-9999 7.9173571 7.9105775 7.9037979 7.8998263 7.8989214 7.8980165 7.8971585 7.8963546 7.8955506 7.896818 7.9006123 7.9044065 7.9073588 7.9086254 7.9098919 7.9073175 7.8981666 7.8890157 7.8829235 7.8838877 7.884852 7.8838004 7.8762256 7.8686508 7.8647675 7.8707783 7.8767891 7.8849937 7.8971535 7.9093132 7.9157156 7.9110198 7.9063239 7.9034543 7.9043543 7.9052543 7.9093015 7.9178515 7.9264014 7.9321313 7.9355152 7.9388991 7.9371901 7.9318198 7.9264496 7.9235858 7.9214894 7.9193929 7.9139743 7.9079815 7.9028376 7.9067247 7.9106118 7.9134877 7.9128611 7.9122345 7.9047629 7.889168 7.873573
-9999 7.9031457 7.8963661 7.8944718 7.8935669 7.892662 7.8917572 7.8908991 7.8900952 7.8892913 7.8884874 7.8881289 7.8919231 7.8948755 7.896142 7.8974085 7.898675 7.8995531 7.8904022 7.8843099 7.8852742 7.8813927 7.8738179 7.8662431 7.8586684 7.8547851 7.8607959 7.8668067 7.8728175 7.8791207 7.8912804 7.8976829 7.892987 7.8918477 7.8927477 7.8936477 7.8945477 7.8985949 7.9071449 7.9156948 7.9242447 7.9314574 7.9348413 7.9331323 7.927762 7.9223918 7.9170215 7.9132907 7.9111943 7.9057757 7.8997829 7.8937901 7.8877974 7.890136 7.8930119 7.8923853 7.8917587 7.891132 7.8872925 7.8716976
-9999 7.8900222 7.8891173 7.8882124 7.8873076 7.8864027 7.8854978 7.8846398 7.8838359 7.8830319 7.882228 7.8814241 7.8806202 7.8823921 7.8836586 7.8849251 7.8861917 7.8874582 7.8887247 7.8856964 7.878985 7.8714102 7.8638355 7.8562607 7.8486859 7.8448026 7.8508134 7.8568242 7.862835 7.8688458 7.8748566 7.8796501 7.8802412 7.8811411 7.8820411 7.8829411 7.8838411 7.8878883 7.8964383 7.9049882 7.9135381 7.922088 7.930638 7.9290745 7.9237042 7.918334 7.9129637 7.9075934 7.9029956 7.897577 7.8915843 7.8855915 7.8795987 7.873606 7.8725361 7.8719095 7.8712829 7.8706562 7.8700296 7.869403
-9999 7.8896551 7.8887502 7.8878453 7.8869405 7.8860356 7.8863408 7.8899223 7.8920587 7.8912548 7.8904509 7.8896469 7.888843 7.8854676 7.8809096 7.8821761 7.8834427 7.8847092 7.8859757 7.8845688 7.876994 7.8694192 7.8618444 7.8542696 7.848144 7.8474872 7.8486394 7.8546502 7.860661 7.8666718 7.8726826 7.8769477 7.8778477 7.8787477 7.8796477 7.8805476 7.8833953 7.8836407 7.8835259 7.8920758 7.9006257 7.9091756 7.9177256 7.9198548 7.915349 7.9099787 7.9046084 7.8992382 7.8938679 7.902495 7.8967306 7.8907379 7.8847451 7.8787523 7.8717959 7.8649624 7.8643358 7.8637091 7.8630825 7.8624559
-9999 7.8918503 7.8909454 7.8900405 7.8891356 7.8904906 7.8925547 7.8961361 7.9014689 7.9057752 7.9049713 7.9041674 7.9033635 7.8999881 7.8914631 7.8836602 7.8849267 7.8861932 7.8874598 7.8860528 7.878478 7.8709032 7.8633285 7.8596087 7.8592935 7.8586367 7.8570644 7.8558717 7.8618825 7.8678934 7.8739042 7.8781693 7.8790692 7.8799692 7.8808692 7.8855765 7.8924905 7.8927359 7.883441 7.8782042 7.8867541 7.895304 7.9038539 7.9059832 7.9034968 7.8997547 7.8943844 7.8890142 7.8836439 7.892271 7.9033172 7.9016873 7.8956946 7.8897018 7.8827454 7.872451 7.8632716 7.862645 7.8620184 7.8613918
-9999 7.8940454 7.8931405 7.8925764 7.8946405 7.8967045 7.8987686 7.90235 7.9076828 7.9130155 7.9183483 7.9186879 7.9178839 7.9145085 7.9059836 7.8974587 7.8889337 7.8876773 7.8889438 7.8875368 7.8799621 7.8723873 7.8710734 7.8707582 7.870443 7.8697862 7.8682139 7.8666416 7.8650693 7.8691149 7.8751257 7.8793908 7.8802908 7.8811908 7.8877577 7.8946717 7.9015857 7.9018311 7.8925362 7.8832413 7.8739463 7.8814324 7.8899823 7.8921116 7.8896252 7.8871388 7.8841604 7.8787902 7.8734199 7.882047 7.8930932 7.9041394 7.906644 7.9006512 7.8936948 7.8834005 7.8731061 7.8628118 7.8609543 7.8603277
-9999 7.8962405 7.8967263 7.8987903 7.9008544 7.9029184 7.9049824 7.9085639 7.9138966 7.9192294 7.9245621 7.9298949 7.9324044 7.929029 7.9205041 7.9119791 7.9034542 7.8949293 7.8904278 7.8890209 7.8828534 7.8825381 7.8822229 7.8819077 7.8815925 7.8809357 7.8793634 7.8777911 7.8762188 7.8746465 7.8763472 7.8806123 7.8830249 7.8899389 7.8968529 7.9037669 7.9106808 7.9109263 7.9016313 7.8923364 7.8830415 7.8737466 7.8761107 7.87824 7.8757536 7.8732672 7.8707808 7.8682944 7.8631959 7.871823 7.8828692 7.8939154 7.9049617 7.9116007 7.9046443 7.8943499 7.8840556 7.8737612 7.8634669 7.8592635
-9999 7.8991068 7.9011708 7.9032349 7.9052989 7.9073629 7.909427 7.9119585 7.9172912 7.922624 7.9279567 7.9332895 7.9386222 7.9418694 7.9333445 7.9248196 7.9162946 7.9077697 7.8992448 7.8932023 7.8928871 7.8925719 7.8922567 7.8919415 7.8916262 7.8921682 7.8905959 7.8890236 7.8874513 7.885879 7.8843067 7.885633 7.892547 7.899461 7.906375 7.913289 7.9202029 7.9182133 7.9089184 7.8996235 7.8903286 7.8810337 7.8717388 7.8670038 7.8645173 7.8620309 7.8595445 7.8570581 7.8545717 7.8636237 7.87467 7.8857162 7.8967624 7.9078086 7.9109065 7.9006122 7.8903178 7.8800235 7.8697291 7.8594348
-9999 7.8947509 7.896815 7.898879 7.9009431 7.9028013 7.9002315 7.9013302 7.906663 7.9119957 7.9173285 7.9226612 7.9278532 7.9323004 7.935283 7.9293039 7.920779 7.9122541 7.9037291 7.8976867 7.8973715 7.8970562 7.896741 7.8964258 7.8943321 7.8941884 7.9002756 7.9006691 7.8990968 7.8975245 7.8959522 7.8972786 7.9041925 7.9111065 7.9180205 7.9249345 7.9222643 7.9165072 7.9072123 7.8979174 7.8886225 7.8794648 7.8717986 7.8678273 7.8663888 7.8639024 7.861416 7.8589296 7.8564432 7.8654952 7.8765415 7.8875877 7.8986339 7.8994062 7.8938551 7.8835608 7.8732664 7.8629721 7.8532195 7.8546883
-9999 7.8903951 7.8924591 7.8945232 7.8947429 7.8921731 7.8896033 7.890702 7.8960348 7.9013675 7.9066591 7.9118377 7.9170163 7.9214636 7.9244462 7.9274288 7.9252633 7.9167384 7.9082135 7.902171 7.9018558 7.9015406 7.9008864 7.898418 7.8959497 7.895806 7.9018932 7.9079804 7.9107424 7.9091701 7.9075978 7.9089241 7.9158381 7.9227521 7.9271267 7.9238424 7.9205582 7.9148011 7.9055062 7.8962113 7.8875211 7.8798549 7.8721887 7.8682174 7.8669022 7.8655869 7.8632875 7.8608011 7.8583147 7.8673667 7.8784129 7.8894592 7.8865364 7.8823548 7.8768037 7.8665094 7.856215 7.8493168 7.8507855 7.8522543
-9999 7.8860392 7.8881033 7.8866845 7.8841147 7.8815448 7.878975 7.8800738 7.8854065 7.8906436 7.8958223 7.9010009 7.9061795 7.9106267 7.9136093 7.9165919 7.9195745 7.9212227 7.9126978 7.9066554 7.9063401 7.9049724 7.902504 7.9000356 7.8975673 7.8974236 7.9035108 7.909598 7.9156852 7.9208156 7.9192433 7.9205697 7.9274837 7.9287047 7.9254205 7.9221363 7.9188521 7.9130949 7.9038 7.8955773 7.8879112 7.880245 7.8725788 7.8686075 7.8672923 7.8659771 7.8646618 7.8626726 7.8601862 7.8692382 7.8778483 7.8736667 7.869485 7.8653034 7.8597523 7.849458 7.845414 7.8468827 7.8483515 7.8498202
-9999 7.8811959 7.8786261 7.8760562 7.8734864 7.8709166 7.8683468 7.8694455 7.8746282 7.8798068 7.8849854 7.890164 7.8953426 7.8997899 7.9027724 7.905755 7.9087376 7.9117202 7.9147028 7.9111397 7.9090584 7.90659 7.9041216 7.9016533 7.8991849 7.8990412 7.9051284 7.9112156 7.9173028 7.92339 7.9294772 7.9322152 7.9302828 7.9269986 7.9237144 7.9204302 7.9171459 7.9113888 7.9036336 7.8959674 7.8883013 7.8806351 7.8729689 7.8689976 7.8676824 7.8663672 7.865052 7.8637367 7.8620576 7.8649786 7.8607969 7.8566153 7.8524336 7.848252 7.8427009 7.8415112 7.84298 7.8444487 7.8459175 7.8473862
-9999 7.8752683 7.8726984 7.8701286 7.8675588 7.864989 7.8620277 7.8586838 7.860464 7.8656426 7.8708212 7.8759998 7.8811785 7.8854986 7.8882767 7.8912593 7.8942419 7.8972245 7.9002071 7.9015414 7.899073 7.8966046 7.8941362 7.8916679 7.8900175 7.8919622 7.8934227 7.8995099 7.9055971 7.9116843 7.9177715 7.9206577 7.9173734 7.9140892 7.910805 7.9075207 7.9049597 7.9019645 7.8948069 7.8871408 7.8794746 7.8718084 7.8641423 7.8611647 7.8602652 7.85895 7.8576348 7.8563196 7.8550044 7.8535825 7.8494008 7.8452191 7.8410375 7.8368558 7.8345784 7.8377191 7.8391878 7.8406566 7.8421253 7.8435941
-9999 7.8720094 7.8694396 7.8668698 7.8643 7.8609054 7.8572082 7.8538643 7.8509282 7.8495894 7.854768 7.8599466 7.8651252 7.8694453 7.8720462 7.8746863 7.8776689 7.8806515 7.8836341 7.8849684 7.8825 7.8800316 7.8775632 7.878022 7.8813855 7.8833303 7.8814725 7.8802398 7.886327 7.8924142 7.8985014 7.9013876 7.8981034 7.8948191 7.8915349 7.8898971 7.8893368 7.8863416 7.8798632 7.8730812 7.8654151 7.8577489 7.8500827 7.8471052 7.8474983 7.8471003 7.8457851 7.8444699 7.8431547 7.8418538 7.8405555 7.8370338 7.8328521 7.8286705 7.8263931 7.8307119 7.8346246 7.8360934 7.8375621 7.8390308
-9999 7.8687506 7.8661808 7.8634802 7.8597831 7.8560859 7.8523887 7.8490448 7.8461087 7.8431725 7.8402364 7.8438933 7.849072 7.8533921 7.8559929 7.8585938 7.8611947 7.8640785 7.8670611 7.8683954 7.865927 7.8634586 7.8660266 7.8693901 7.8727536 7.8746983 7.8728405 7.8709827 7.8691249 7.8731441 7.8792313 7.8821175 7.8788333 7.875549 7.8748346 7.8742742 7.8737139 7.8707187 7.8642403 7.8577618 7.8512834 7.8436894 7.8360232 7.8330457 7.8334388 7.8338318 7.8339354 7.8326202 7.831305 7.8300041 7.8287058 7.8274074 7.8246668 7.8204851 7.8182077 7.8225265 7.8268454 7.8311642 7.8329989 7.8344676
-9999 7.8654918 7.8623579 7.8586607 7.8549636 7.8512664 7.8475692 7.8442253 7.8412892 7.838353 7.8354169 7.8324808 7.8330187 7.8373388 7.8399397 7.8425405 7.8451414 7.8477423 7.850488 7.8518223 7.8506677 7.8540312 7.8573946 7.8607581 7.8641216 7.8660663 7.8642085 7.8623507 7.860493 7.8586352 7.8599612 7.8628474 7.8603324 7.859772 7.8592117 7.8586513 7.858091 7.8550958 7.8486174 7.842139 7.8356605 7.8291821 7.8219637 7.8189862 7.8193792 7.8197723 7.8201654 7.8205585 7.8194553 7.8181544 7.8168561 7.8155577 7.8142593 7.8122997 7.8100224 7.8143412 7.81866 7.8229788 7.8272976 7.8299044
-9999 7.8616061 7.8579089 7.8542117 7.8505145 7.8468174 7.8431202 7.8415642 7.838628 7.8356919 7.8327557 7.8298196 7.8268835 7.8246637 7.8272645 7.8298654 7.8324663 7.8350672 7.837668 7.8404995 7.843863 7.8472265 7.8505899 7.8539534 7.8573169 7.8578909 7.8560436 7.8541858 7.8523281 7.8504703 7.8486125 7.8471978 7.8466375 7.8460771 7.8455168 7.8449564 7.8443961 7.8432634 7.836785 7.8303065 7.8238281 7.8173496 7.8108712 7.8089132 7.8093063 7.8096994 7.8100924 7.8104855 7.8108786 7.8107745 7.8094762 7.8081778 7.8068794 7.8055811 7.8039832 7.808013 7.8123318 7.8166506 7.8209694 7.8252883
-9999 7.8585595 7.8548623 7.8511651 7.847468 7.844173 7.8433929 7.8431266 7.8434535 7.8412007 7.8382646 7.8353284 7.8323923 7.8299803 7.8286179 7.8299776 7.8325785 7.8351794 7.8377803 7.8406117 7.8439752 7.8473387 7.8507022 7.8540656 7.8518623 7.8497453 7.8491935 7.847789 7.8459312 7.8440734 7.8422156 7.840801 7.8402406 7.8396803 7.8391199 7.8386543 7.8412316 7.8415558 7.8386567 7.8328223 7.8263438 7.8198654 7.8133869 7.8120313 7.8143238 7.8147169 7.81511 7.815503 7.8158961 7.8178811 7.819016 7.8177177 7.8164193 7.8151209 7.813523 7.8108876 7.8130335 7.8173524 7.8216712 7.82599
-9999 7.8555129 7.8518157 7.8481185 7.8459448 7.8451647 7.8443845 7.8441183 7.8444452 7.844772 7.8437734 7.8408373 7.8379011 7.8354891 7.8341268 7.8327644 7.8326907 7.8352916 7.8378925 7.840724 7.8440874 7.8474509 7.8491187 7.8464177 7.8437167 7.8415996 7.8410479 7.8404961 7.8395343 7.8376765 7.8358187 7.8344041 7.8338437 7.8332834 7.8338814 7.8364587 7.839036 7.8393603 7.8364611 7.833562 7.8288596 7.8223811 7.8159027 7.8145471 7.8168741 7.8192012 7.8201275 7.8205205 7.8209136 7.8228986 7.8251586 7.8272575 7.8259592 7.8246608 7.8230629 7.8204275 7.817792 7.8180541 7.8223729 7.8266918
-9999 7.8524663 7.8487691 7.8477165 7.8469364 7.8461563 7.8453762 7.84511 7.8454368 7.8457637 7.8460905 7.8463461 7.84341 7.840998 7.8396356 7.8382732 7.8369109 7.8355485 7.8380047 7.8408362 7.8441996 7.8436741 7.8409731 7.8382721 7.835571 7.833454 7.8329023 7.8323505 7.8317987 7.831247 7.8294219 7.8280072 7.8274469 7.8291084 7.8316858 7.8342631 7.8368404 7.8371647 7.8342655 7.8313664 7.8284672 7.8248969 7.8184185 7.8170628 7.8193899 7.8217169 7.824044 7.8255381 7.8259311 7.8279161 7.8301761 7.8324362 7.8346963 7.8342007 7.8326028 7.8299673 7.8273319 7.8246964 7.8230747 7.8273935
-9999 7.8502684 7.8494883 7.8487082 7.8479281 7.847148 7.8463679 7.8461017 7.8464285 7.8467554 7.8470822 7.8474091 7.8477359 7.8465068 7.8451444 7.8437821 7.8424197 7.8410573 7.8396949 7.8409306 7.8382295 7.8355285 7.8328275 7.8301265 7.8274254 7.8253084 7.8247566 7.8242049 7.8236531 7.8231014 7.8225496 7.8217582 7.8243355 7.8269128 7.8294902 7.8320675 7.8346449 7.8349691 7.8320699 7.8291708 7.8262716 7.8233725 7.8204733 7.8195786 7.8219056 7.8242327 7.8265597 7.8288868 7.8309487 7.8329336 7.8351937 7.8374537 7.8397138 7.8419738 7.8421427 7.8395072 7.8368717 7.8342363 7.8316008 7.8289654
-9999 7.8509919 7.8502118 7.8494317 7.8486516 7.8478714 7.8476534 7.8476437 7.8475943 7.8479211 7.848248 7.8485748 7.8489017 7.8489074 7.8480917 7.8467293 7.845367 7.8440046 7.8426422 7.8408751 7.838174 7.835473 7.832772 7.830071 7.8278515 7.8267593 7.8263452 7.8257935 7.8252417 7.82469 7.8241382 7.8246552 7.8272326 7.8298099 7.8323872 7.8349646 7.8370488 7.8372417 7.8350777 7.8321785 7.8292794 7.8263802 7.8234811 7.8232453 7.8252802 7.8276073 7.8299343 7.8322614 7.8345884 7.8339657 7.8356767 7.8379368 7.8401968 7.8424569 7.8439382 7.8424245 7.839789 7.8371536 7.8345181 7.8318826
