P2_models/J1_p2_vp_slide_diff2_120.dat.tif
NCOLS 118
NROWS 92
XLLCORNER 139.62
YLLCORNER -39.07
DX 0.099491525
DY 0.099347826
NODATA_VALUE -9999
[rows 24 to 47 of 92, columns 53 to 105 of 118]
0.069571271 0.06778772 0.064300009 0.060812298 0.057324587 0.053836876 0.050349165 0.054240516 0.063146251 0.072051986 0.080957722 0.089863457 0.096328775 0.093611031 0.091219797 0.088828564 0.08643733 0.084046097 0.08072484 0.075784718 0.070844595 0.065904472 0.060964349 0.055856255 0.035746952 0.01563765 -0.0044716521 -0.024580954 -0.044690257 -0.045718176 -0.038605283 -0.03149239 -0.024379497 -0.017266604 -0.016549055 -0.027355336 -0.038161617 -0.048967899 -0.05977418 -0.070606031 -0.066803963 -0.062272416 -0.05774087 -0.053209324 -0.048677777 -0.0508583 -0.055995315 -0.06113233 -0.066269346 -0.071406361 -0.078934436 -0.087349827 -0.095765218
0.070854329 0.066721265 0.066698139 0.063210428 0.059722717 0.056235006 0.052747295 0.053916693 0.060979986 0.069885721 0.078791457 0.087697192 0.096602927 0.092339886 0.08991656 0.087525327 0.085134093 0.08274286 0.079233502 0.074293379 0.069353256 0.064413134 0.059473011 0.056644016 0.035375959 0.015266657 -0.0048426456 -0.024951948 -0.04506125 -0.046550942 -0.039438048 -0.032325155 -0.025212262 -0.022735461 -0.026043462 -0.027207179 -0.03801346 -0.048819741 -0.059626023 -0.069975044 -0.065443497 -0.060911951 -0.056380405 -0.051848858 -0.050862293 -0.056153747 -0.061307955 -0.066444971 -0.071581986 -0.076719001 -0.074313306 -0.07963957 -0.088054962
0.071340922 0.067207858 0.068194067 0.069019951 0.06553224 0.062044529 0.058556818 0.059726215 0.064060315 0.070256056 0.079161791 0.088067527 0.096973262 0.092710221 0.087994684 0.085179661 0.082788428 0.080397194 0.076887836 0.071947713 0.067007591 0.062355892 0.059797301 0.057030627 0.035680497 0.014330366 -0.0058532455 -0.025962548 -0.04607185 -0.047561542 -0.040448648 -0.033335755 -0.032794786 -0.041041883 -0.044349885 -0.038758086 -0.037855138 -0.048661419 -0.0594677 -0.069816721 -0.065285175 -0.060753629 -0.056222082 -0.05559977 -0.055428489 -0.060719942 -0.066593194 -0.07182455 -0.076961565 -0.08209858 -0.079692885 -0.073691358 -0.078119545
0.071827515 0.067694451 0.06868066 0.06966687 0.07065308 0.067854051 0.06436634 0.065535738 0.069869838 0.074203937 0.079532126 0.088437862 0.097343597 0.093080556 0.088365019 0.083649483 0.080442762 0.078051528 0.074542171 0.069602048 0.065301093 0.062742503 0.060183912 0.057417238 0.036067108 0.014716977 -0.0066331531 -0.026973148 -0.04708245 -0.048572141 -0.041459248 -0.042854112 -0.051101209 -0.059348305 -0.062656307 -0.057064508 -0.051472709 -0.048503097 -0.059309378 -0.069658399 -0.065126852 -0.060595306 -0.060337247 -0.060165965 -0.059994684 -0.065286137 -0.07115939 -0.077032642 -0.082341144 -0.087478159 -0.085072465 -0.079070937 -0.073069409
0.072314108 0.068181044 0.069167253 0.070153463 0.071139673 0.072125883 0.070175863 0.071345261 0.07567936 0.08001346 0.084347559 0.088808196 0.097713932 0.09345089 0.088735354 0.084019817 0.079304281 0.075705863 0.072196505 0.068246294 0.065687704 0.063129114 0.060570523 0.057803849 0.036453719 0.015103588 -0.006246542 -0.027596673 -0.04809305 -0.049582741 -0.052913438 -0.061160534 -0.069407631 -0.077654728 -0.080962729 -0.07537093 -0.069779131 -0.064187332 -0.059151056 -0.069500076 -0.065246005 -0.065074723 -0.064903442 -0.06473216 -0.064560879 -0.069852332 -0.075725585 -0.081598837 -0.08747209 -0.092857738 -0.090452044 -0.084450516 -0.078448988
0.063414947 0.067139135 0.068125345 0.069111555 0.070097764 0.071083974 0.072070184 0.073612832 0.077946931 0.082281031 0.08661513 0.09094923 0.09528333 0.091721322 0.087005785 0.082290249 0.077574712 0.072859176 0.069089829 0.066531239 0.063972649 0.061414058 0.058855468 0.05656438 0.037214556 0.015864426 -0.0054857046 -0.026835835 -0.048185966 -0.060573799 -0.068820896 -0.077067993 -0.085315089 -0.093562186 -0.097150336 -0.091558537 -0.085966738 -0.080374939 -0.07478314 -0.06935294 -0.069181659 -0.069010377 -0.068839096 -0.068667814 -0.068765185 -0.074116147 -0.0799894 -0.085862652 -0.091735905 -0.097609157 -0.095460831 -0.089459303 -0.083457775
0.063201243 0.065852874 0.055566872 0.055486529 0.056472738 0.057458948 0.058445158 0.054786001 0.051056011 0.055390111 0.05972421 0.06405831 0.06839241 0.070492295 0.067989132 0.063273595 0.058558059 0.053842522 0.050073176 0.047514585 0.044955995 0.042397405 0.040466159 0.040094413 0.036782471 0.019706016 -0.0016441144 -0.022994245 -0.044344375 -0.056732209 -0.064979306 -0.073226402 -0.081473499 -0.089693684 -0.09380873 -0.090303373 -0.084711573 -0.079119774 -0.073527975 -0.068097776 -0.067926494 -0.067755213 -0.067583931 -0.068744366 -0.081298441 -0.079013763 -0.081763921 -0.087637173 -0.093510426 -0.099383679 -0.097331543 -0.091415609 -0.085414082
0.062987539 0.065639171 0.055353168 0.045067166 0.042847713 0.043833922 0.044820132 0.041160975 0.034345095 0.028499191 0.03283329 0.03716739 0.04150149 0.043601375 0.04562449 0.044256942 0.039541405 0.034825869 0.031056522 0.028497932 0.025939341 0.024335016 0.023996192 0.023624446 0.020312504 0.017000563 0.0021974758 -0.019152655 -0.040502785 -0.052890619 -0.061137716 -0.069384812 -0.07759939 -0.085801997 -0.089917043 -0.086666673 -0.083416304 -0.07786461 -0.07227281 -0.066842611 -0.06667133 -0.066500048 -0.068723548 -0.081277623 -0.093831698 -0.09154702 -0.087681965 -0.089411695 -0.095284947 -0.1011582 -0.099106064 -0.093275662 -0.087370388
0.062773836 0.065425467 0.055139465 0.044853462 0.03456746 0.030208896 0.031195106 0.027535949 0.020720069 0.013904189 0.0070883085 0.01027647 0.01461057 0.016710455 0.01873357 0.020756685 0.020524752 0.015809215 0.012039869 0.0094812783 0.0082038723 0.0078650484 0.0075262244 0.0071544784 0.003842537 0.00053059548 -0.002781346 -0.015311065 -0.036661195 -0.049049029 -0.057296125 -0.065505096 -0.073707703 -0.08191031 -0.086025356 -0.082774986 -0.079524617 -0.076274248 -0.071017646 -0.065587446 -0.065416165 -0.06870273 -0.081256805 -0.09381088 -0.10636495 -0.10408028 -0.10021522 -0.096350167 -0.097059469 -0.10293272 -0.10088059 -0.095050183 -0.089219781
0.062624534 0.065211764 0.054925761 0.044639759 0.034353757 0.024067754 0.01757008 0.013910923 0.0070950429 0.00027916272 -0.0065367174 -0.013352598 -0.01228035 -0.010180465 -0.0081573501 -0.0061342351 -0.0041111202 -0.0032074385 -0.0069767849 -0.007927271 -0.0082660949 -0.0086049188 -0.0089437427 -0.0093154887 -0.01262743 -0.015939372 -0.019251313 -0.022563255 -0.032819605 -0.045207439 -0.053410802 -0.061613409 -0.069816016 -0.078018623 -0.082133669 -0.0788833 -0.07563293 -0.072382561 -0.069132191 -0.064332282 -0.068681912 -0.081235987 -0.093790062 -0.10634414 -0.11889821 -0.11661353 -0.11274848 -0.10888342 -0.10501837 -0.10470724 -0.10265511 -0.096824705 -0.090994302
0.06206395 0.065533154 0.057588103 0.047302101 0.037016098 0.026730096 0.016444094 0.0094724639 0.0026565838 -0.0041592963 -0.010975176 -0.017791057 -0.024606937 -0.030810087 -0.028786972 -0.026763857 -0.024740742 -0.022717627 -0.021730627 -0.022069451 -0.022408275 -0.022747099 -0.023085923 -0.021647882 -0.023716539 -0.027028481 -0.030340422 -0.033652364 -0.036964305 -0.043621395 -0.051824002 -0.060026609 -0.068229216 -0.076431823 -0.080860068 -0.078209217 -0.074958847 -0.071708478 -0.068458109 -0.065678911 -0.078232986 -0.090787061 -0.10334114 -0.11589521 -0.1258915 -0.13195616 -0.1280911 -0.12422605 -0.12036099 -0.11649594 -0.10321411 -0.097383706 -0.091553303
0.057351624 0.060820828 0.060503343 0.054707833 0.044421831 0.034135828 0.023849826 0.017249652 0.013154155 0.0065534229 -0.00026245721 -0.0070783374 -0.013894218 -0.029182212 -0.03908999 -0.037066875 -0.03504376 -0.033020645 -0.032033644 -0.032372468 -0.032711292 -0.033050116 -0.030875462 -0.02724246 -0.027616586 -0.029243073 -0.032555015 -0.035866956 -0.039178898 -0.045835988 -0.054038595 -0.062241202 -0.070443809 -0.073329098 -0.076578177 -0.081076132 -0.07959148 -0.07634111 -0.073090741 -0.070311543 -0.082865618 -0.095419693 -0.10797377 -0.11711839 -0.12171997 -0.13800301 -0.14806714 -0.14420209 -0.14033703 -0.13647198 -0.11791102 -0.095937979 -0.090107576
0.052639297 0.056108501 0.055791016 0.055473532 0.051827563 0.041541561 0.031255559 0.024655385 0.020559887 0.01646439 0.010450262 0.0036343819 -0.0031814982 -0.018469493 -0.034048599 -0.047369892 -0.045346777 -0.043323662 -0.042336662 -0.042675486 -0.04301431 -0.04014791 -0.03647004 -0.032837039 -0.033211164 -0.03358529 -0.034769608 -0.038081549 -0.041393491 -0.048050581 -0.056253188 -0.063935219 -0.066491213 -0.069047207 -0.072296285 -0.076794241 -0.081292197 -0.080973743 -0.077723373 -0.074944176 -0.08749825 -0.10005233 -0.10834528 -0.11294686 -0.11754844 -0.13383148 -0.15135863 -0.16417813 -0.16031307 -0.15644802 -0.13788706 -0.11232012 -0.088661849
0.047926971 0.051396174 0.05107869 0.050761205 0.050443721 0.048947293 0.038661291 0.032061117 0.02796562 0.023870122 0.019774625 0.014347101 0.0075312211 -0.0077567733 -0.02333588 -0.038914987 -0.054494093 -0.05362668 -0.052639679 -0.052978503 -0.049420359 -0.045742489 -0.042064619 -0.038431617 -0.038805743 -0.039179869 -0.039553994 -0.040296142 -0.043608083 -0.050265173 -0.057097334 -0.059653328 -0.062209322 -0.064765315 -0.068014394 -0.07251235 -0.077010305 -0.081508261 -0.082356006 -0.079576808 -0.092130883 -0.099572167 -0.10417375 -0.10877533 -0.11337691 -0.12965995 -0.1471871 -0.16471426 -0.18028911 -0.17642406 -0.1578631 -0.13229616 -0.10672923
0.048324482 0.046683848 0.046366363 0.046048879 0.045731394 0.04541391 0.045096425 0.03946685 0.035371352 0.031275855 0.027180357 0.02308486 0.01824394 0.002955946 -0.012623161 -0.028202267 -0.043781374 -0.05936048 -0.062370677 -0.058692807 -0.055014937 -0.051337067 -0.047659197 -0.044026196 -0.044400321 -0.044774447 -0.045148573 -0.045522698 -0.045896824 -0.05025945 -0.052815443 -0.055371437 -0.05792743 -0.060483424 -0.063732503 -0.068230458 -0.072728414 -0.077226369 -0.081724325 -0.08420944 -0.090799058 -0.095400639 -0.10000222 -0.1046038 -0.10920538 -0.12548842 -0.14301557 -0.16054273 -0.17806988 -0.19559704 -0.17783914 -0.1522722 -0.12670527
0.047016939 0.033847985 0.033530501 0.033213016 0.032895531 0.032578047 0.037888663 0.037938655 0.032842759 0.028747262 0.024651764 0.020556267 0.016460769 0.0012631452 -0.014315961 -0.029895068 -0.045474175 -0.056778716 -0.056657991 -0.05298012 -0.04930225 -0.04562438 -0.04194651 -0.048527186 -0.034700671 -0.035074796 -0.035448922 -0.035823048 -0.036197173 -0.038063667 -0.040619661 -0.043175654 -0.045731648 -0.05126859 -0.064309537 -0.070135592 -0.074633547 -0.079131503 -0.083629458 -0.088130503 -0.092732084 -0.097333664 -0.10193524 -0.10653683 -0.12257221 -0.14036068 -0.15788784 -0.17541499 -0.19294214 -0.19344267 -0.17123111 -0.14566418 -0.12009724
0.031433585 0.018264631 0.017947146 0.017629662 0.017312177 0.025031694 0.035885509 0.0359355 0.028643837 0.022858743 0.018763246 0.014667748 0.010572251 -0.0046253732 -0.02020448 -0.035783586 -0.04458262 -0.047241757 -0.047121031 -0.043443161 -0.039765291 -0.036790782 -0.044984462 -0.052906265 -0.036547418 -0.020202427 -0.020576552 -0.020950678 -0.021324804 -0.023191297 -0.025747291 -0.028303285 -0.035911278 -0.052227513 -0.065268459 -0.072407633 -0.078631217 -0.083129173 -0.087627128 -0.092128173 -0.096729754 -0.10133133 -0.10593292 -0.12364331 -0.14388535 -0.16167381 -0.17920097 -0.19672812 -0.19301677 -0.17784355 -0.15563199 -0.13006506 -0.10449812
0.01585023 0.0026812763 0.0023637917 0.0020463072 0.012174725 0.02302854 0.033882354 0.033932346 0.026640683 0.01934902 0.012874727 0.0087792298 0.0046837322 -0.010513892 -0.026092998 -0.032386523 -0.03504566 -0.037704797 -0.037584072 -0.033906202 -0.032976182 -0.041169862 -0.049363541 -0.057285345 -0.040926498 -0.024567651 -0.0082088035 -0.0060783086 -0.0064524342 -0.0083189278 -0.010874921 -0.020553966 -0.0368702 -0.053186435 -0.066227382 -0.073366555 -0.080505729 -0.087126843 -0.091624799 -0.096125843 -0.10072742 -0.105329 -0.1247144 -0.14495644 -0.16519848 -0.18298695 -0.2005141 -0.19259087 -0.17741765 -0.16224443 -0.14003287 -0.11446594 -0.0981507
0.00026687571 -0.012902078 -0.011536059 -0.00068224449 0.01017157 0.021025385 0.0318792 0.031929191 0.024637528 0.017345865 0.010054203 0.0028907114 -0.0012047862 -0.01640241 -0.020190427 -0.022849564 -0.025508701 -0.028167838 -0.028047112 -0.029161581 -0.037355261 -0.045548941 -0.053742621 -0.061664424 -0.045305577 -0.02894673 -0.012587883 0.0037709643 0.0084199353 0.0065534417 -0.0051966534 -0.021512888 -0.037829123 -0.054145358 -0.067186304 -0.074325478 -0.081464652 -0.088603826 -0.095622469 -0.10012351 -0.10554346 -0.12578549 -0.14602753 -0.16626957 -0.18651161 -0.20430008 -0.19216497 -0.17699175 -0.16181853 -0.14664531 -0.12443375 -0.10936558 -0.098403605
-0.013701591 -0.025278163 -0.014424349 -0.0035705338 0.007283281 0.018137096 0.028990911 0.030952376 0.023660713 0.01636905 0.0090773876 0.0017857248 -0.0055059381 -0.0096496121 -0.012308749 -0.014967886 -0.017627023 -0.020286161 -0.025373142 -0.033566822 -0.041760502 -0.049954182 -0.058147862 -0.06556108 -0.051295774 -0.034936927 -0.01857808 -0.0022192327 0.014139614 0.0081491509 -0.0081670838 -0.024483319 -0.040799553 -0.057115788 -0.06743645 -0.074575624 -0.081714798 -0.088853972 -0.095993146 -0.10352295 -0.12376499 -0.14400703 -0.16424907 -0.1844911 -0.20497336 -0.19332592 -0.17815269 -0.16297947 -0.14780625 -0.13263303 -0.12014755 -0.10918558 -0.0982236
-0.015490486 -0.027620813 -0.023301992 -0.013134559 -0.002280744 0.0085730708 0.019426886 0.02764792 0.030424609 0.023132946 0.015841284 0.0085496207 0.0012579579 -0.010959132 -0.016911301 -0.019570439 -0.022229576 -0.024888713 -0.029975695 -0.038169374 -0.046363054 -0.054556734 -0.061223869 -0.0641793 -0.065158447 -0.053078263 -0.036719416 -0.020360568 -0.0040017213 -0.0099921849 -0.02630842 -0.042624654 -0.058940889 -0.069719942 -0.072818033 -0.069480137 -0.076619311 -0.083758485 -0.090897659 -0.098427464 -0.1186695 -0.13891154 -0.15915358 -0.18029172 -0.208385 -0.19291319 -0.17610845 -0.16093523 -0.14576201 -0.13058879 -0.11737434 -0.10574053 -0.094778555
-0.017279381 -0.029409708 -0.025090887 -0.020772067 -0.011844769 -0.00099095417 0.0098628606 0.018083895 0.024515845 0.029896842 0.022605179 0.015313517 0.0080218538 -0.0041952356 -0.016581569 -0.024172991 -0.026832128 -0.029491265 -0.034578247 -0.042771927 -0.050965607 -0.056864528 -0.059842088 -0.06279752 -0.063776667 -0.064755813 -0.054860751 -0.038501904 -0.022143057 -0.028133521 -0.044449755 -0.06076599 -0.070409862 -0.077718922 -0.080817012 -0.076327316 -0.071837621 -0.078662999 -0.085802173 -0.093331977 -0.11357402 -0.13381605 -0.15561008 -0.18370336 -0.21179665 -0.19632484 -0.1762132 -0.15889099 -0.14371777 -0.12854455 -0.1153301 -0.10304946 -0.091333511
-0.019068276 -0.031198603 -0.026879782 -0.022560962 -0.018242141 -0.010554979 0.00029883563 0.0085198703 0.01495182 0.021383769 0.027815719 0.022077413 0.01478575 0.0025686603 -0.0098176728 -0.022204006 -0.03143468 -0.034093817 -0.039180799 -0.047374479 -0.052505188 -0.055482748 -0.058460308 -0.061415739 -0.062394886 -0.063374033 -0.06435318 -0.05664324 -0.040284393 -0.046274856 -0.062591091 -0.071099781 -0.078408841 -0.085717902 -0.088815992 -0.084326296 -0.0798366 -0.075346904 -0.080706686 -0.088236491 -0.10847853 -0.13092844 -0.15902172 -0.18711501 -0.2152083 -0.19973648 -0.17962485 -0.15951321 -0.14167353 -0.12650031 -0.11328586 -0.10100522 -0.088724587
-0.021200871 -0.032987498 -0.028668677 -0.024349857 -0.020031036 -0.015712216 -0.0092651894 -0.0010441547 0.0053877948 0.011819744 0.018251694 0.024683643 0.021549646 0.0093325563 -0.0030537769 -0.01544011 -0.027826443 -0.03869637 -0.043783351 -0.048145847 -0.051123407 -0.054100968 -0.057078528 -0.060033959 -0.061013106 -0.061992253 -0.062971399 -0.063950546 -0.058425729 -0.064416192 -0.0717897 -0.07909876 -0.086407821 -0.093716881 -0.096814972 -0.092325276 -0.08783558 -0.083345884 -0.078856188 -0.083141004 -0.1062468 -0.13434009 -0.16243337 -0.19052666 -0.21861994 -0.20314813 -0.18303649 -0.16292485 -0.14281322 -0.12445607 -0.11124162 -0.098960984 -0.086680347
