P2_models/J1_p2_vp_slide_diff_15.dat.tif
NCOLS 118
NROWS 92
XLLCORNER 139.62
YLLCORNER -39.07
DX 0.099491525
DY 0.099347826
NODATA_VALUE -9999
[rows 0 to 26 of 92, columns 0 to 59 of 118]
-9999 -9999 -9999 -9999 -9999 -9999 -9999 -9999 -9999 -9999 -9999 -9999 -9999 -9999 -9999 -9999 -9999 -9999 -9999 -9999 -9999 -9999 -9999 -9999 -9999 -9999 -9999 -9999 -9999 -9999 -9999 -9999 -9999 -9999 -9999 -9999 -9999 -9999 -9999 -9999 -9999 -9999 -9999 -9999 -9999 -9999 -9999 -9999 -9999 -9999 -9999 -9999 -9999 -9999 -9999 -9999 -9999 -9999 -9999 -9999
-9999 6.2344262 6.2246174 6.2148087 6.205 6.1951913 6.1855394 6.1780792 6.1710209 6.1626837 6.1543465 6.1460093 6.137672 6.1297346 6.1288598 6.1351642 6.1414686 6.1477731 6.1540775 6.1598654 6.1644614 6.1690574 6.1736534 6.1782494 6.1816328 6.1785583 6.1775409 6.1754386 6.1733363 6.171234 6.1691317 6.170478 6.1784723 6.1864665 6.1944607 6.202455 6.2125201 6.2286679 6.2423833 6.2539531 6.2655229 6.2770928 6.2886626 6.303583 6.3177224 6.330843 6.3439637 6.3570844 6.370205 6.3741479 6.3877577 6.4013674 6.4149771 6.4285869 6.4371002 6.4282313 6.4197448 6.4112584 6.4027719 6.3942855
-9999 6.2449844 6.2351756 6.2253669 6.2155582 6.2060283 6.196673 6.1892127 6.1839397 6.1777057 6.1693685 6.1610313 6.152694 6.1447567 6.13762 6.1334091 6.1397135 6.1460179 6.1523224 6.1581102 6.1627062 6.1673023 6.1718983 6.1731149 6.1689809 6.1659063 6.1656714 6.1650787 6.1629764 6.1608741 6.1587718 6.1601181 6.1681124 6.1761066 6.1841008 6.1959488 6.2117833 6.2279311 6.2445271 6.2592808 6.2708507 6.2824205 6.2939903 6.3089108 6.3262399 6.3411611 6.3542818 6.3674025 6.3805231 6.3839531 6.3857082 6.3978751 6.4114849 6.4250946 6.4336079 6.424468 6.4154913 6.4070048 6.3985184 6.3900319
-9999 6.2555425 6.2457338 6.2359251 6.2265171 6.2171618 6.2078065 6.2003463 6.1950733 6.1898002 6.1843905 6.1760533 6.1677161 6.1597787 6.152642 6.1455053 6.1383686 6.1442628 6.1505672 6.1563551 6.1609511 6.1655471 6.164597 6.160463 6.1563289 6.1532544 6.1530195 6.1527846 6.1525497 6.1505142 6.1484119 6.1497582 6.1577524 6.1657467 6.1793775 6.195212 6.2110465 6.2271943 6.2437903 6.2603864 6.2761784 6.2877482 6.2993181 6.3142385 6.3315677 6.3488968 6.3645999 6.3777206 6.3908412 6.3942712 6.3960263 6.3977815 6.4079926 6.4216023 6.4301157 6.4209758 6.4118359 6.4027513 6.3942649 6.3857784
-9999 6.2661007 6.2563613 6.247006 6.2376507 6.2282954 6.2189401 6.2114799 6.2062068 6.2009338 6.1956607 6.1903877 6.1827381 6.1748007 6.167664 6.1605273 6.1533906 6.1462539 6.1488121 6.1545999 6.159196 6.1560791 6.1519451 6.147811 6.143677 6.1406024 6.1403675 6.1401326 6.1398977 6.1396628 6.138052 6.1393983 6.1473925 6.1628061 6.1786406 6.1944751 6.2103096 6.2264574 6.2430535 6.2596495 6.2762456 6.2928416 6.3046458 6.3195662 6.3368954 6.3542246 6.3715537 6.3880387 6.4011593 6.4045893 6.4063444 6.4080996 6.4098547 6.41811 6.4266234 6.4174835 6.4083436 6.3992037 6.3900638 6.3815249
-9999 6.2768502 6.2674949 6.2581396 6.2487843 6.239429 6.2300737 6.2226135 6.2173404 6.2120674 6.2067943 6.2015213 6.1962482 6.1898227 6.182686 6.1755493 6.1684126 6.1612759 6.1541392 6.1516952 6.1475612 6.1434272 6.1392931 6.1351591 6.131025 6.1279505 6.1277156 6.1274807 6.1272458 6.1270109 6.126776 6.1304003 6.1462348 6.1620693 6.1779038 6.1937383 6.2095728 6.2257206 6.2423167 6.2589127 6.2755087 6.2921048 6.3087008 6.324894 6.3422231 6.3595523 6.3768814 6.3942106 6.4114774 6.4149074 6.4166625 6.4184177 6.4201728 6.4219279 6.4231311 6.4139912 6.4048513 6.3957114 6.3865715 6.3774316
-9999 6.2890601 6.2797048 6.2703495 6.2609942 6.2516389 6.2435883 6.2373271 6.232054 6.226781 6.2215079 6.2162348 6.2099119 6.201454 6.1919799 6.1848432 6.1777065 6.1705699 6.1634332 6.1572044 6.1530704 6.1489363 6.1448023 6.1406683 6.1333623 6.1245059 6.1255408 6.1253059 6.125071 6.1248361 6.1246012 6.129855 6.1456895 6.161524 6.1773585 6.193193 6.2112204 6.2299836 6.2465797 6.2631757 6.2797717 6.2963678 6.3149456 6.3340852 6.3520782 6.3694073 6.3867365 6.4040656 6.4213948 6.4254449 6.4272001 6.4289552 6.4307103 6.4314065 6.4274482 6.4183083 6.4091684 6.4000286 6.3908887 6.3797807
-9999 6.3014405 6.2920852 6.2827299 6.2733746 6.2659864 6.258869 6.2526078 6.2473348 6.2420617 6.2367887 6.2297779 6.2221812 6.2137232 6.2035406 6.193358 6.186093 6.1789563 6.1718196 6.1655909 6.1614568 6.1573228 6.1531887 6.1435409 6.1308832 6.1220269 6.1233589 6.1246909 6.1245561 6.1243212 6.1240863 6.1293401 6.1451746 6.1610091 6.1768436 6.1959974 6.2162755 6.2350387 6.2516348 6.2682308 6.2848269 6.3041178 6.323784 6.3429236 6.3616845 6.3799796 6.3973088 6.4146379 6.4319671 6.4360172 6.4377724 6.4395275 6.4394234 6.4369609 6.4330026 6.4238627 6.4147228 6.4055829 6.393875 6.3815734
-9999 6.313821 6.3044657 6.2955019 6.2883846 6.2812672 6.2741498 6.2678886 6.2626155 6.2572407 6.2496439 6.2420472 6.2344504 6.2259925 6.2158098 6.2056272 6.1954446 6.1873427 6.180206 6.1739773 6.1698433 6.1657092 6.1537195 6.1410618 6.1284042 6.1195478 6.1208798 6.1222118 6.1235439 6.1238062 6.1235713 6.1288252 6.1446597 6.1604964 6.1807745 6.2010526 6.2213306 6.2400938 6.2566899 6.2736237 6.2932899 6.3129562 6.3326224 6.3517619 6.3705229 6.3892839 6.4078811 6.4252102 6.4425394 6.4465895 6.4483447 6.4474402 6.4449777 6.4425153 6.438557 6.4294171 6.4202709 6.4079693 6.3956677 6.3833661
-9999 6.3262014 6.3179001 6.3107827 6.3036653 6.2965479 6.2894305 6.2831693 6.2771067 6.2695099 6.2619132 6.2543164 6.2467197 6.2382617 6.2280791 6.2178965 6.2077138 6.1975312 6.1885925 6.1823637 6.1765557 6.1638981 6.1512404 6.1385828 6.1259252 6.1170688 6.1184008 6.1197328 6.1210648 6.1223968 6.1230564 6.1283103 6.1452735 6.1655515 6.1858296 6.2061077 6.2263857 6.245149 6.2627959 6.2824621 6.3021283 6.3217945 6.3414607 6.3606003 6.3793613 6.3981222 6.4168832 6.4356441 6.4531117 6.4571618 6.455457 6.4529945 6.4505321 6.4480697 6.4441114 6.4343652 6.4220636 6.409762 6.3974604 6.3851588
-9999 6.3392117 6.3320943 6.3249769 6.3178595 6.3107422 6.3036248 6.2960819 6.2884852 6.2808884 6.2732917 6.2656949 6.2580982 6.2496331 6.2394505 6.2292678 6.2190852 6.2089026 6.19872 6.1877889 6.1751313 6.1624736 6.149816 6.1371584 6.1245007 6.1160771 6.1174091 6.1187411 6.1200731 6.1214051 6.1227371 6.1305405 6.1508185 6.1710966 6.1913746 6.2116527 6.2319308 6.2512528 6.270919 6.2905852 6.3102514 6.3299177 6.3495839 6.3669335 6.3856945 6.4044554 6.4232164 6.4419774 6.4607383 6.4614034 6.4589409 6.4564785 6.4540161 6.4515537 6.4488548 6.4365532 6.4242516 6.41195 6.3996484 6.3873468
-9999 6.3462853 6.3391679 6.3320505 6.3249331 6.3178157 6.3096097 6.3016226 6.2940259 6.2864291 6.2788324 6.2712356 6.2651367 6.2573031 6.2451 6.2347549 6.2245723 6.2143897 6.2042071 6.193276 6.1806184 6.1679607 6.1553031 6.1426455 6.131426 6.124242 6.1261025 6.1274969 6.128829 6.130161 6.131493 6.1392963 6.1595744 6.1798524 6.2001305 6.2204086 6.2372134 6.2546886 6.2743548 6.294021 6.3136872 6.3333534 6.3500059 6.3630643 6.3756096 6.3943706 6.4131316 6.4318925 6.4506535 6.4513185 6.4488561 6.4463937 6.4439313 6.4483997 6.4536334 6.4413318 6.4290303 6.4167287 6.4044271 6.3797544
-9999 6.3533589 6.3462415 6.3391241 6.3318011 6.3234757 6.3151504 6.3071633 6.2995666 6.2919698 6.284449 6.2787974 6.2731458 6.2653122 6.2531091 6.240906 6.2300594 6.2198768 6.2096942 6.1987631 6.1861055 6.1734479 6.1607902 6.1500918 6.1395332 6.1323492 6.1342097 6.1360702 6.1375848 6.1389168 6.1402488 6.1480522 6.1683302 6.1886083 6.208762 6.2247056 6.2406492 6.2581244 6.2777906 6.2974568 6.3166313 6.3331188 6.3496062 6.3626646 6.3732578 6.3842858 6.4030467 6.4218077 6.4405686 6.4412337 6.4387713 6.4363089 6.4428822 6.4531783 6.4584121 6.4461105 6.4338089 6.4204308 6.3946031 6.3687755
-9999 6.3604324 6.353315 6.3456671 6.3373418 6.3290165 6.3206911 6.312704 6.3051073 6.2981097 6.2924581 6.2868065 6.2811549 6.2733213 6.2611182 6.248915 6.2367119 6.2253639 6.2151813 6.2042502 6.1915926 6.179316 6.1687575 6.158199 6.1476404 6.1404564 6.1423169 6.1441774 6.1460379 6.1476727 6.1490047 6.156808 6.1770861 6.1962542 6.2121978 6.2281414 6.244085 6.2615601 6.2812264 6.2997442 6.3162316 6.3327191 6.3492066 6.3622649 6.3728582 6.3834514 6.3940446 6.4117228 6.4304838 6.4311488 6.4286864 6.4373647 6.4476608 6.4579569 6.4631907 6.4508891 6.4352794 6.4094518 6.3836241 6.3577965
-9999 6.367506 6.3595331 6.3512078 6.3428825 6.3345572 6.3262319 6.3182448 6.3117704 6.3061188 6.3004672 6.2948156 6.289164 6.2813304 6.2691273 6.2569241 6.244721 6.2325179 6.2206684 6.2097373 6.1979818 6.1874232 6.1768647 6.1663062 6.1557476 6.1485636 6.1504241 6.1522846 6.1541451 6.1560056 6.1577605 6.1655639 6.1837464 6.19969 6.2156336 6.2315772 6.2475208 6.2649959 6.2828571 6.2993445 6.315832 6.3323194 6.3488069 6.3618653 6.3724585 6.3830517 6.3936449 6.4042382 6.420399 6.421551 6.4318472 6.4421433 6.4524394 6.4627356 6.4679693 6.4501281 6.4243005 6.3984728 6.3726452 6.3468175
-9999 6.3691372 6.3608119 6.3524866 6.3441613 6.3358359 6.3275106 6.3253048 6.3196532 6.3140015 6.3083499 6.3026983 6.2970467 6.2903851 6.2783596 6.2661565 6.2539534 6.2417502 6.2295471 6.2178413 6.2072827 6.1967242 6.1861656 6.1756071 6.1650486 6.1556609 6.1580864 6.1599469 6.1618074 6.1636679 6.1655284 6.1721992 6.1881428 6.2040864 6.22003 6.2359736 6.2519172 6.2608599 6.2773474 6.2938348 6.3103223 6.3268097 6.3432972 6.3581356 6.3687288 6.379322 6.3899152 6.4005085 6.4111017 6.4213465 6.4316426 6.4419387 6.4522349 6.462531 6.467438 6.4432267 6.4173991 6.3915715 6.3657438 6.3399162
-9999 6.3605128 6.3521874 6.3438621 6.3355368 6.3288511 6.3314454 6.3309503 6.3268896 6.3215907 6.3159391 6.3102874 6.3046358 6.2979742 6.2892899 6.2782313 6.2660281 6.253825 6.2416219 6.229916 6.2193575 6.208799 6.1982404 6.1876819 6.1682491 6.1555719 6.1627915 6.1665755 6.168436 6.1702965 6.172157 6.1788278 6.1947714 6.210715 6.2266586 6.2425074 6.2561971 6.2639642 6.2632581 6.2764513 6.2929387 6.3094262 6.3259137 6.3418141 6.3572613 6.3678545 6.3784478 6.389041 6.3996342 6.4097475 6.4198589 6.430155 6.4404511 6.4507473 6.4556543 6.4418939 6.4199726 6.394145 6.3683173 6.3424897
-9999 6.3518883 6.343563 6.3352377 6.3317842 6.3343785 6.3369728 6.3364776 6.3324169 6.3283562 6.3235282 6.3178766 6.312225 6.3055633 6.296879 6.2881947 6.2781029 6.2658998 6.2536966 6.2419908 6.2314323 6.2208737 6.2083613 6.1882607 6.1681601 6.1554829 6.1627025 6.169922 6.1750646 6.1769251 6.1787856 6.1854564 6.2014 6.2173436 6.232621 6.2463107 6.2600004 6.2677675 6.2670615 6.2663554 6.2755552 6.2920426 6.3085301 6.3244305 6.339909 6.3553874 6.3669803 6.3775735 6.3881667 6.39828 6.4083104 6.4183713 6.4286674 6.4389636 6.4438705 6.4301102 6.4163498 6.3967185 6.3708909 6.3450632
-9999 6.3432639 6.3349386 6.3347172 6.3373115 6.3399058 6.3425001 6.3420049 6.3379442 6.3338835 6.3298228 6.3254657 6.3198141 6.3131524 6.3044681 6.2957839 6.2870996 6.2779746 6.2657714 6.2540656 6.2435071 6.2283729 6.2082723 6.1881717 6.1680711 6.155394 6.1626135 6.169833 6.1770526 6.1835537 6.1854142 6.192085 6.2080286 6.2227347 6.2364244 6.2501141 6.2638038 6.2715708 6.2708648 6.2701587 6.2694527 6.2746591 6.2911466 6.307047 6.3225254 6.3380039 6.3534823 6.366106 6.3766992 6.3868125 6.3968429 6.4068732 6.4169036 6.4271799 6.4320868 6.4183264 6.4045661 6.3908057 6.3734644 6.3476368
-9999 6.335056 6.3376503 6.3402446 6.3428389 6.3454331 6.3480274 6.3475323 6.3434716 6.3394108 6.3353501 6.3312894 6.3272287 6.3207416 6.3120573 6.303373 6.2946887 6.2860044 6.2773201 6.2661404 6.2483845 6.2282839 6.2081833 6.1880827 6.1679821 6.155305 6.1625245 6.169744 6.1769636 6.1841831 6.1914027 6.1987137 6.2128483 6.226538 6.2402277 6.2539174 6.2676071 6.2753742 6.2746681 6.2739621 6.273256 6.27255 6.273763 6.2896635 6.3051419 6.3206203 6.3360988 6.3515772 6.3652318 6.375345 6.3853754 6.3954057 6.4054361 6.4154664 6.4203031 6.4065427 6.3927824 6.379022 6.3652616 6.3502103
-9999 6.3327094 6.3353037 6.337898 6.3404923 6.3430865 6.344498 6.3408806 6.3368199 6.3327591 6.3286984 6.3246377 6.3205537 6.3180462 6.3132729 6.3045886 6.2959044 6.2872201 6.2785358 6.2663994 6.2462988 6.2261982 6.2060976 6.185997 6.1658964 6.1644297 6.17378 6.1809996 6.1882191 6.1954387 6.2026582 6.2120877 6.2257774 6.2394671 6.2531568 6.2668465 6.2795866 6.2829156 6.2822095 6.2815035 6.2807975 6.2800914 6.2796424 6.2795969 6.2933714 6.3088498 6.3243283 6.3398067 6.3552851 6.3661183 6.3761487 6.386179 6.3962094 6.4062397 6.4038438 6.3900834 6.376323 6.3625626 6.3488022 6.3373601
-9999 6.3244234 6.3270177 6.329612 6.3322062 6.3318927 6.3286594 6.325042 6.3209813 6.3169206 6.3128598 6.3086798 6.3042947 6.3017872 6.3030398 6.3009967 6.2923124 6.2836281 6.2749438 6.2628074 6.2427068 6.2226062 6.2025056 6.1861271 6.179655 6.1782107 6.1902423 6.2008125 6.208032 6.2152516 6.2224711 6.2319007 6.2455904 6.2592801 6.2729698 6.2837983 6.2899477 6.2932767 6.2925707 6.2918646 6.2911586 6.2909197 6.2911181 6.2910726 6.2908516 6.3013133 6.3167918 6.3322702 6.3477487 6.3585818 6.3686122 6.3786425 6.3877104 6.3872767 6.3838575 6.3700972 6.3563368 6.3425764 6.3327423 6.3274554
-9999 6.3161374 6.3187316 6.3213259 6.3192875 6.3160541 6.3128208 6.3092034 6.3051427 6.301082 6.2968059 6.2924208 6.2880356 6.2855282 6.2867808 6.2880334 6.2887205 6.2800362 6.2713519 6.2592155 6.2391149 6.2190143 6.2063802 6.1999081 6.193436 6.1919918 6.2040233 6.2160549 6.227845 6.2350645 6.242284 6.2517136 6.2654033 6.279093 6.28801 6.2941595 6.3003089 6.3036379 6.3029318 6.3022258 6.3021969 6.3023954 6.3025939 6.3025483 6.3023273 6.3021064 6.3092553 6.3247337 6.3402122 6.3510454 6.3610757 6.3681578 6.3677241 6.3672904 6.3638713 6.3501109 6.3363505 6.3281244 6.3228375 6.3175506
-9999 6.3078513 6.3099155 6.3066822 6.3034489 6.3002156 6.2969823 6.2933648 6.2893041 6.284932 6.2805469 6.2761618 6.2717766 6.2692692 6.2705217 6.2717743 6.2730269 6.2742795 6.2677599 6.2556235 6.2355229 6.2266333 6.2201612 6.2136891 6.207217 6.2057728 6.2178043 6.2298359 6.2418675 6.253899 6.262097 6.2715265 6.2852162 6.2922218 6.2983712 6.3045206 6.31067 6.313999 6.3132929 6.3134742 6.3136727 6.3138711 6.3140696 6.3140241 6.3138031 6.3135821 6.3133611 6.3171973 6.3326757 6.3435089 6.3486052 6.3481715 6.3477379 6.3473042 6.3438851 6.3301247 6.3235066 6.3182197 6.3129328 6.3076458
-9999 6.2973102 6.2940769 6.2908436 6.2876103 6.284377 6.2811437 6.2774433 6.2730581 6.268673 6.2642879 6.2599028 6.2555176 6.2530101 6.2542627 6.2555153 6.2567679 6.2580205 6.2592731 6.2533585 6.2468864 6.2404143 6.2339422 6.2274702 6.2209981 6.2195538 6.2315854 6.2436169 6.2556485 6.26768 6.2797116 6.290284 6.2964335 6.3025829 6.3087323 6.3148817 6.3210311 6.324553 6.3247515 6.3249499 6.3251484 6.3253469 6.3255453 6.3254998 6.3252788 6.3250578 6.3248369 6.3246159 6.3251392 6.3290526 6.328619 6.3281853 6.3277516 6.3273179 6.3241756 6.3188887 6.3136018 6.3083149 6.303028 6.2977411
-9999 6.2895651 6.2863317 6.2830984 6.2798651 6.2766318 6.276162 6.2796113 6.281314 6.2769289 6.2725438 6.2681587 6.2637735 6.2582833 6.2529384 6.254191 6.2554436 6.2566962 6.2579488 6.2568656 6.2503935 6.2439214 6.2374493 6.2309772 6.2309489 6.2389812 6.2387605 6.2507921 6.2628236 6.2748552 6.2868867 6.2969092 6.3030586 6.309208 6.3153574 6.3215068 6.3307625 6.3348339 6.3296204 6.3298189 6.3300174 6.3302158 6.3304143 6.3303855 6.330177 6.3299561 6.3297351 6.3295141 6.3292931 6.331415 6.3314128 6.3309792 6.3305455 6.3301118 6.3292559 6.3262675 6.3209806 6.3156937 6.3104068 6.3051199
-9999 6.283371 6.2801377 6.2769044 6.2736711 6.2746838 6.2764588 6.2799081 6.2852896 6.2898832 6.2854981 6.281113 6.2767278 6.2712377 6.2635345 6.2558314 6.2569816 6.2582342 6.2594868 6.2584036 6.2519315 6.2454594 6.2389873 6.2441439 6.2565434 6.2645757 6.2609029 6.2572302 6.2687327 6.2807643 6.2927958 6.3028182 6.3089677 6.3151171 6.3212665 6.3322218 6.3450756 6.3491469 6.3406538 6.3334216 6.3336201 6.3338186 6.334017 6.3339882 6.3337961 6.3335937 6.3333727 6.3331517 6.3329307 6.3350526 6.3375793 6.338139 6.3377053 6.3372716 6.3364157 6.334097 6.3316719 6.326385 6.3210981 6.3158112
