P2_models/J1_p2_vp_slide_diff2_20.dat.tif
NCOLS 118
NROWS 92
XLLCORNER 139.62
YLLCORNER -39.07
DX 0.099491525
DY 0.099347826
NODATA_VALUE -9999
[rows 50 to 74 of 92, columns 0 to 57 of 118]
-9999 0.40690933 0.40669811 0.4064869 0.41212089 0.42032976 0.42853863 0.43099652 0.42681706 0.42263761 0.41123069 0.39421438 0.37719807 0.3645759 0.36075327 0.35693064 0.35536607 0.36601581 0.37666555 0.38168382 0.37371007 0.36573633 0.36171057 0.3625347 0.36335882 0.35979088 0.34445115 0.32911141 0.31378514 0.29853663 0.28328812 0.27374732 0.27520917 0.27667102 0.27622305 0.27411838 0.27201371 0.26543194 0.25244504 0.23945814 0.22640762 0.21332328 0.20023895 0.1907534 0.18385497 0.17695654 0.16427351 0.1471114 0.12994928 0.12907599 0.13101785 0.1338907 0.14075206 0.14761342 0.15258089 0.15098813 0.14939538 0.13733703
-9999 0.42644575 0.42663698 0.43484585 0.44305472 0.45126358 0.45947245 0.46193035 0.45775089 0.44180489 0.42478858 0.40777227 0.39075595 0.37813379 0.37431116 0.37048853 0.3666659 0.36284327 0.37095481 0.37597309 0.36799934 0.36688927 0.36771339 0.36853751 0.36936163 0.3657937 0.35045396 0.33511422 0.31977449 0.30443475 0.2891715 0.2796307 0.28109255 0.27954175 0.27743708 0.27533241 0.27322775 0.26664597 0.25365907 0.24058059 0.22749625 0.21441192 0.20132758 0.19184203 0.1849436 0.17804517 0.17114674 0.16118192 0.14401981 0.14314652 0.14721306 0.15407442 0.16093578 0.16779714 0.17276461 0.17117186 0.15458382 0.13432326
-9999 0.44936194 0.45757081 0.46577967 0.47398854 0.48219741 0.49040627 0.48939541 0.47237909 0.45536278 0.43834647 0.42133015 0.40431384 0.39169168 0.38786905 0.38404642 0.38022379 0.37640116 0.37257853 0.37124384 0.37206796 0.37289209 0.37371621 0.37454033 0.37536445 0.37179652 0.35645678 0.34111704 0.3257773 0.31043756 0.29509783 0.28496511 0.28286044 0.28075578 0.27865111 0.27654644 0.27444178 0.26783789 0.25475356 0.24166922 0.22858488 0.21550055 0.20241621 0.19293066 0.18603223 0.1791338 0.17223538 0.16533695 0.15809033 0.16053542 0.16739678 0.17425815 0.18111951 0.18798087 0.19209117 0.17183061 0.15157005 0.13130949
-9999 0.45923826 0.46744713 0.475656 0.48386486 0.49207373 0.49422873 0.48530902 0.46829271 0.4512764 0.43426008 0.41724377 0.40292753 0.39546601 0.39471765 0.39089502 0.38707239 0.38324976 0.37942713 0.37700961 0.37783373 0.37865785 0.37948197 0.38030609 0.38115129 0.3801308 0.37240969 0.35706995 0.34173021 0.32639047 0.31105073 0.30023166 0.29812699 0.29602233 0.29391766 0.29181299 0.28607683 0.2752524 0.26216806 0.24908373 0.23599939 0.22291505 0.20861967 0.19948099 0.19349817 0.18659975 0.17970132 0.17280289 0.16590446 0.17073819 0.17759955 0.18446091 0.19132227 0.19529162 0.18762211 0.16736155 0.14710099 0.12684043
-9999 0.46559156 0.47380042 0.48200929 0.49021816 0.48909473 0.48719037 0.47827066 0.46125435 0.44423804 0.42722172 0.41477802 0.40353809 0.39607656 0.39618153 0.39628649 0.3927985 0.38897587 0.38515324 0.38273571 0.38355984 0.38438396 0.38520808 0.38606973 0.38694824 0.38592774 0.37981745 0.37370715 0.35934782 0.34400808 0.32866834 0.31784927 0.3157446 0.31363994 0.31153527 0.30379447 0.29454969 0.28372526 0.27064092 0.25755658 0.24447225 0.22970179 0.21478355 0.20564487 0.20066105 0.19513264 0.18823422 0.18133579 0.17443736 0.17927109 0.18613245 0.19299381 0.19461364 0.19057908 0.18290957 0.162649 0.14238844 0.12212788
-9999 0.47194485 0.48015372 0.4858651 0.48396074 0.48205637 0.48015201 0.4712323 0.45421599 0.43786844 0.42662851 0.41538858 0.40414864 0.39668712 0.39679208 0.39689705 0.39700201 0.39470197 0.39087934 0.38846182 0.38928594 0.39011006 0.39098816 0.39186667 0.39274518 0.39172469 0.38561439 0.3795041 0.3733938 0.36162569 0.34628595 0.33546688 0.33336221 0.3307569 0.32151212 0.31226733 0.30302254 0.29219811 0.27911378 0.26570216 0.25078392 0.23586568 0.22094744 0.21180876 0.20682493 0.2018411 0.19676711 0.18986869 0.18297026 0.18780398 0.19466535 0.19393566 0.1899011 0.18586654 0.17819702 0.15793646 0.13904201 0.13885138
-9999 0.47829814 0.48073111 0.47882674 0.47692238 0.47501801 0.47311365 0.46419394 0.44971893 0.438479 0.42723907 0.41599913 0.4047592 0.39729768 0.39740264 0.39750761 0.39761257 0.39771753 0.39660545 0.39418793 0.39502809 0.3959066 0.39678511 0.39766362 0.39854213 0.39752164 0.39141134 0.38530104 0.37919074 0.37308045 0.36390356 0.35308449 0.34847455 0.33922976 0.32998497 0.32074019 0.3114954 0.30067097 0.28678428 0.27186604 0.2569478 0.24202956 0.22711132 0.21797264 0.21298882 0.20800499 0.20302116 0.19803733 0.19150316 0.19633688 0.19325767 0.18922311 0.18518855 0.181154 0.17348448 0.15891777 0.15872713 0.1585365
-9999 0.47354769 0.47164332 0.46973896 0.46783459 0.46593023 0.46402586 0.46501734 0.45377741 0.44253748 0.43129755 0.42005761 0.40881768 0.39996031 0.40006527 0.40017024 0.4002752 0.40038016 0.40048513 0.400824 0.40170251 0.40258102 0.40345953 0.40433804 0.40521655 0.40097706 0.39493016 0.38881986 0.38270956 0.37659927 0.37048897 0.36330803 0.35406325 0.34481846 0.33557367 0.32632889 0.3170841 0.30708458 0.29216634 0.2772481 0.26232986 0.24741162 0.23249338 0.2224083 0.21742447 0.21244065 0.20745682 0.20247299 0.19748916 0.19401882 0.18998426 0.1859497 0.18191514 0.17788059 0.17549742 0.17550931 0.17531868 0.17512805
-9999 0.45746019 0.45555582 0.45365145 0.45174709 0.45066525 0.45537381 0.46055672 0.46628711 0.4583722 0.44713226 0.43589233 0.4246524 0.41564913 0.41112492 0.40984164 0.4099466 0.41005156 0.41015653 0.4104954 0.41137391 0.41225242 0.41313093 0.41400944 0.4031453 0.39336658 0.38981389 0.38455784 0.37844754 0.37233725 0.36622695 0.35904601 0.34980123 0.34055644 0.33131165 0.32201652 0.30983403 0.29998472 0.29347334 0.27995985 0.26504161 0.25012337 0.23520513 0.22414439 0.21595744 0.21097361 0.20598978 0.20100596 0.19602213 0.19398087 0.19162615 0.18759159 0.18355703 0.17952247 0.17713931 0.18047636 0.18134423 0.1811536
-9999 0.44137268 0.43946832 0.43756395 0.43882042 0.44352898 0.44823754 0.45342046 0.45915084 0.46488123 0.46296698 0.45172705 0.44048712 0.43148385 0.42695964 0.42243543 0.419618 0.41972296 0.41982793 0.4201668 0.42104531 0.42192382 0.41973812 0.40763647 0.39553481 0.38575609 0.3822034 0.37865071 0.37418552 0.36807522 0.36196493 0.35478399 0.3455392 0.33629442 0.32609089 0.31390841 0.30172593 0.29187661 0.28536524 0.27885386 0.26775337 0.25283513 0.23791689 0.22685614 0.2185685 0.21028085 0.20452275 0.19953892 0.19455509 0.19251383 0.19098113 0.18923348 0.18519892 0.18116436 0.17878119 0.18211825 0.1854553 0.18717916
-9999 0.42528518 0.42338081 0.4269756 0.43168416 0.43639272 0.44110128 0.44628419 0.45201458 0.45774496 0.46347535 0.46756177 0.45632184 0.44731857 0.44279436 0.43827015 0.43374594 0.42939436 0.42949933 0.4298382 0.43071671 0.42422928 0.41212763 0.40002598 0.38792433 0.37814561 0.37459292 0.37104022 0.36748753 0.3638132 0.3577029 0.35052197 0.34127718 0.33016527 0.31798279 0.3058003 0.29361782 0.28376851 0.27725713 0.27074575 0.26423437 0.25554688 0.24062864 0.2295679 0.22128025 0.21299261 0.20470496 0.19807188 0.19308806 0.1910468 0.18951409 0.18798139 0.18644869 0.18280625 0.18042308 0.18376014 0.18709719 0.19043424
-9999 0.41042222 0.41513078 0.41983934 0.42454789 0.42925645 0.43396501 0.43914793 0.44487831 0.4506087 0.45633909 0.46206947 0.46779986 0.46315329 0.45862908 0.45410487 0.44958066 0.44505644 0.44053223 0.4395096 0.42872045 0.4166188 0.40451715 0.3924155 0.38031384 0.37053512 0.36698243 0.36342974 0.35987705 0.35632436 0.35277167 0.34625995 0.33423965 0.32205716 0.30987468 0.2976922 0.28550971 0.2756604 0.26914902 0.26263764 0.25612627 0.24961489 0.24310351 0.23227965 0.22399201 0.21570436 0.20741672 0.19912907 0.19162102 0.18957976 0.18804706 0.18651436 0.18498165 0.18344895 0.18206497 0.18540202 0.18873908 0.19207613
-9999 0.40138049 0.40608905 0.41079761 0.41550617 0.42021473 0.4241494 0.4312423 0.43999401 0.4457244 0.45145479 0.45718517 0.46291556 0.46970622 0.4731758 0.46865158 0.46412737 0.45960316 0.45507895 0.44826343 0.43616178 0.42406013 0.41195848 0.39985683 0.39068219 0.38914429 0.37984396 0.37629127 0.37273857 0.36918588 0.36563319 0.35913285 0.34695036 0.33476788 0.32258539 0.31040291 0.29499113 0.27625178 0.26617492 0.25966354 0.25315216 0.24664079 0.24012941 0.23418817 0.22672669 0.21843904 0.2101514 0.20186375 0.19357611 0.19151851 0.1899932 0.1884605 0.1869278 0.1853951 0.18381658 0.18389584 0.18723289 0.19056994
-9999 0.39151018 0.39621873 0.40092729 0.40563585 0.40889916 0.41170907 0.41880196 0.43083799 0.44181937 0.44754975 0.45328014 0.45901052 0.46580119 0.47471514 0.48263821 0.478114 0.47358979 0.46906558 0.46225006 0.45014841 0.43804676 0.42594511 0.4216297 0.42419044 0.42265255 0.41012926 0.39805506 0.39450237 0.39094968 0.38739699 0.38089664 0.36871416 0.35653168 0.34434919 0.32585408 0.30370018 0.28496083 0.27110646 0.25892197 0.25241059 0.24589921 0.23938783 0.23344659 0.22791521 0.22118369 0.21289605 0.2046084 0.19632076 0.19426316 0.19328228 0.19189087 0.19035817 0.18882547 0.18724695 0.18550976 0.18435777 0.18769482
-9999 0.38163986 0.38634842 0.39083903 0.39364893 0.39645883 0.39926873 0.40636163 0.41839766 0.43043369 0.44246971 0.44937511 0.45510549 0.46189616 0.4708101 0.47972405 0.48863799 0.48757642 0.48305221 0.47623669 0.46413504 0.45203339 0.45257721 0.45513795 0.4576987 0.4561608 0.44363752 0.43111423 0.41859095 0.41271348 0.40916079 0.40266044 0.39047796 0.37829547 0.35671702 0.33456313 0.31240923 0.29366988 0.27981551 0.26596115 0.25210678 0.24515764 0.23864626 0.23270502 0.22717364 0.22164226 0.2156407 0.20735305 0.19906541 0.19700781 0.19602693 0.19504605 0.19378854 0.19225584 0.19067732 0.18894013 0.18720294 0.18546574
-9999 0.37176954 0.37558879 0.37839869 0.38120859 0.38401849 0.3868284 0.3939213 0.40595732 0.41799335 0.43002938 0.44206541 0.45120046 0.45799113 0.46690507 0.47581901 0.48473296 0.4936469 0.49703884 0.49022332 0.48096397 0.48352472 0.48608546 0.48864621 0.49120696 0.48966906 0.47714577 0.46462249 0.4520992 0.43957592 0.43092458 0.42442424 0.40973387 0.38757997 0.36542608 0.34327218 0.32111828 0.30237893 0.28852456 0.2746702 0.26081583 0.24696146 0.23790468 0.23196344 0.22643206 0.22090068 0.2153693 0.20983792 0.20181006 0.19975246 0.19877158 0.1977907 0.19680982 0.19568621 0.19410769 0.1923705 0.19063331 0.18889611
-9999 0.36710744 0.36991734 0.37272724 0.37553714 0.37834704 0.38115694 0.38683031 0.39886633 0.41090236 0.42293839 0.43497442 0.44701045 0.45900072 0.46791467 0.47682861 0.48574255 0.4946565 0.50357044 0.51056327 0.51312402 0.51568476 0.51824551 0.52080625 0.523367 0.51640792 0.50388463 0.49136135 0.47883806 0.46631478 0.45379149 0.4379787 0.41582481 0.39367091 0.37151702 0.34936312 0.32720922 0.31124723 0.29739286 0.28353849 0.26968413 0.25582976 0.24197539 0.23189972 0.22636834 0.22083696 0.21530558 0.2097742 0.20424282 0.20259138 0.2016105 0.20062962 0.19964874 0.19866786 0.19709374 0.19535654 0.19361935 0.19188216
-9999 0.39510343 0.39791333 0.40072324 0.40353314 0.40606482 0.40260985 0.40634619 0.41838222 0.43041825 0.44245428 0.45449031 0.46790814 0.48088665 0.49272249 0.50228285 0.51119679 0.52011073 0.52902468 0.53601751 0.53857825 0.541139 0.54369975 0.54626049 0.54584029 0.53594994 0.50236025 0.48443018 0.47190689 0.45938361 0.44686032 0.43104754 0.40889364 0.38673975 0.36458585 0.34243195 0.33218787 0.32090759 0.30705322 0.29319886 0.27934449 0.26628013 0.26180352 0.24823996 0.22967618 0.2241448 0.21861342 0.21308204 0.20755066 0.20589922 0.20491834 0.20393746 0.20295658 0.20060108 0.19786975 0.19613256 0.19439537 0.19265817
-9999 0.42309943 0.42590933 0.42871923 0.42903567 0.42558071 0.42212574 0.42586208 0.43789811 0.44993414 0.4623739 0.47592302 0.48947213 0.50245064 0.51428649 0.52612233 0.53665103 0.54556497 0.55447891 0.56147175 0.56403249 0.56659324 0.56858592 0.56753777 0.56648963 0.55659928 0.52300959 0.4894199 0.46497573 0.45245244 0.43992916 0.42411637 0.40196247 0.37980858 0.36081031 0.35132927 0.34184824 0.33056795 0.31671358 0.30285922 0.29248653 0.28800993 0.28353332 0.26996976 0.24987369 0.22977762 0.22192126 0.21638988 0.2108585 0.20920706 0.20822618 0.2072453 0.20439542 0.20137709 0.19864577 0.19690858 0.19517138 0.19703434
-9999 0.45109543 0.45390533 0.45200652 0.44855156 0.44509659 0.44164163 0.44537797 0.457414 0.47038879 0.4839379 0.49748702 0.51103613 0.52401464 0.53585049 0.54768633 0.55952217 0.57101921 0.57993315 0.58692598 0.58948673 0.59028339 0.58923525 0.58818711 0.58713896 0.57724861 0.54365892 0.51006924 0.47647955 0.44552128 0.43299799 0.4171852 0.39503131 0.37995171 0.37047067 0.36098963 0.3515086 0.34022831 0.32637395 0.31869293 0.31421633 0.30973972 0.30526312 0.29169955 0.27160349 0.25150742 0.23141135 0.21969772 0.21416634 0.2125149 0.21120808 0.20818976 0.20517143 0.20215311 0.19942179 0.19768459 0.20257332 0.21330597
-9999 0.47843234 0.47497738 0.47152241 0.46806745 0.46461248 0.46115752 0.46489385 0.47840367 0.49195278 0.5055019 0.51905101 0.53260013 0.54557864 0.55741448 0.56925033 0.58108617 0.59292201 0.60475786 0.61238022 0.61198087 0.61093273 0.60988459 0.60883644 0.6077883 0.59789795 0.56430826 0.53071857 0.49712888 0.4635392 0.42994951 0.41025404 0.39909311 0.38961207 0.38013103 0.37065 0.36116896 0.34988867 0.34489933 0.34042273 0.33594613 0.33146952 0.32699292 0.31342935 0.29333329 0.27323722 0.25314115 0.23304509 0.21747418 0.21500242 0.2119841 0.20896578 0.20594745 0.20292913 0.2001978 0.2081123 0.21884495 0.2295776
-9999 0.49117365 0.48771868 0.48426372 0.48080875 0.47735379 0.47622312 0.47793689 0.48579241 0.49934152 0.51289064 0.52643975 0.53998887 0.55377257 0.56690306 0.5787389 0.59057474 0.60241059 0.61424643 0.62218635 0.62113821 0.62009006 0.61904192 0.61799378 0.61593589 0.60797331 0.58975129 0.5561616 0.52257191 0.48898222 0.45539253 0.43003757 0.42055654 0.4110755 0.40159446 0.39211343 0.37971871 0.36010073 0.34965419 0.34517758 0.34070098 0.33622438 0.33174777 0.31897048 0.2992033 0.27910723 0.25901117 0.2389151 0.21881904 0.20187978 0.19886146 0.19584313 0.19282481 0.18980649 0.19208159 0.20860906 0.21934171 0.23007436
-9999 0.50006867 0.4966137 0.49315873 0.48970377 0.49114582 0.49438435 0.49609813 0.49605213 0.49868221 0.51223133 0.52578044 0.53932956 0.55311326 0.56736675 0.58137162 0.59320746 0.60504331 0.61687915 0.62481907 0.62377092 0.62272278 0.62167464 0.61701322 0.60876636 0.60080378 0.59360313 0.58432625 0.55073657 0.51714688 0.48355719 0.45820223 0.44872119 0.43924016 0.42975912 0.41364421 0.39318824 0.37357026 0.35515112 0.34029486 0.33581826 0.33134166 0.32686505 0.31408776 0.29534321 0.27597281 0.25587674 0.23578068 0.21568461 0.19815454 0.18106793 0.17482949 0.17181117 0.16879284 0.17106795 0.19167886 0.21088224 0.22161489
-9999 0.50896368 0.50550872 0.50283 0.50606853 0.50930706 0.51254559 0.51425936 0.51421337 0.51416737 0.51412138 0.52512114 0.53867025 0.55245396 0.56670744 0.58096093 0.59521442 0.60767602 0.61951187 0.62745179 0.62640364 0.6253555 0.61809054 0.60984369 0.60159684 0.59363426 0.5864336 0.57923294 0.57203229 0.54531154 0.51172185 0.48636689 0.47688585 0.46740481 0.4475697 0.42711374 0.40665778 0.38703979 0.36862065 0.35020151 0.33178237 0.32645894 0.32198233 0.30920504 0.29046049 0.27171593 0.25274232 0.23264625 0.21255019 0.19502011 0.17793351 0.1608469 0.15079752 0.1477792 0.1500543 0.17066522 0.19127613 0.21188704
-9999 0.5178587 0.5177527 0.52099123 0.52422976 0.52746829 0.53070682 0.5324206 0.5323746 0.53232861 0.53228261 0.53223662 0.53801094 0.55179465 0.56604813 0.58030162 0.59455511 0.6088086 0.62214458 0.6300845 0.62741472 0.61916787 0.61092102 0.60267416 0.59442731 0.58646473 0.57926408 0.57206342 0.56486276 0.5576621 0.5398865 0.51453154 0.50195116 0.4814952 0.46103924 0.44058327 0.42012731 0.40050932 0.38209018 0.36367104 0.3452519 0.32683276 0.31709961 0.30432232 0.28557777 0.26683321 0.24808866 0.22934411 0.20941576 0.19188569 0.17479908 0.15771248 0.14062588 0.12676555 0.12904066 0.14965157 0.17026248 0.1908734
