P2_models/J1_p2__17.tif
NCOLS 207
NROWS 117
XLLCORNER 136.61533
YLLCORNER -40.071139
DX 0.099620926
DY 0.099781804
NODATA_VALUE -9999
[rows 56 to 83 of 117, columns 0 to 63 of 207]
-9999 -9999 -9999 -9999 -9999 -9999 -9999 -9999 -9999 -9999 -9999 -9999 -9999 -9999 -9999 -9999 -9999 -9999 -9999 -9999 -9999 -9999 -9999 -9999 -9999 -9999 -9999 -9999 -9999 -1.7005605 -1.9053886 -2.0506273 -2.0722739 -2.050799 -1.9667923 -1.8848567 -1.7987519 -1.7145058 -1.6860427 -1.6573534 -1.6822586 -1.7007224 -1.7306087 -1.7539006 -1.7489196 -1.7413201 -1.7014718 -1.6681785 -1.6233491 -1.593396 -1.593396 -1.6050109 -1.6548214 -1.7076419 -1.7773766 -1.8508219 -1.9205566 -1.9906183 -2.0354478 -2.09475 -2.1366957 -2.2011347 -2.2609072 -2.3310103
-9999 -9999 -9999 -9999 -9999 -9999 -9999 -9999 -9999 -9999 -9999 -9999 -9999 -9999 -9999 -9999 -9999 -9999 -9999 -9999 -9999 -9999 -9999 -9999 -9999 -9999 -9999 -9999 -9999 -1.6466776 -1.836094 -1.9545562 -1.9742964 -1.9454838 -1.8648383 -1.8005513 -1.7158736 -1.6752927 -1.6555882 -1.6380308 -1.662936 -1.6976456 -1.7275319 -1.7508238 -1.7458427 -1.7336285 -1.6917428 -1.6510282 -1.6061988 -1.5776487 -1.5776487 -1.5884944 -1.6383049 -1.6911255 -1.7608601 -1.822651 -1.8767978 -1.9431489 -1.9879783 -2.0118477 -2.0537934 -2.0790889 -2.1388614 -2.1908963
-9999 -9999 -9999 -9999 -9999 -9999 -9999 -9999 -9999 -9999 -9999 -9999 -9999 -9999 -9999 -9999 -9999 -9999 -9999 -9999 -9999 -9999 -9999 -9999 -9999 -9999 -9999 -9999 -9999 -1.6400255 -1.7681095 -1.8512482 -1.8612103 -1.8421397 -1.7899573 -1.7345016 -1.6797101 -1.6420321 -1.6420321 -1.6465173 -1.6863656 -1.7242541 -1.7541404 -1.7774322 -1.7724512 -1.760237 -1.7154075 -1.672364 -1.6424777 -1.6179834 -1.6229644 -1.6350593 -1.6848698 -1.7373442 -1.8020978 -1.8625637 -1.8974311 -1.9346048 -1.9445669 -1.9567688 -1.962012 -1.9765292 -2.0163776 -2.064506
-9999 -9999 -9999 -9999 -9999 -9999 -9999 -9999 -9999 -9999 -9999 -9999 -9999 -9999 -9999 -9999 -9999 -9999 -9999 -9999 -9999 -9999 -9999 -9999 -9999 -9999 -9999 -9999 -9999 -1.6112557 -1.7032944 -1.7799303 -1.7898924 -1.7732603 -1.7368536 -1.7191296 -1.7069546 -1.6781669 -1.7044087 -1.7145874 -1.7641107 -1.8019992 -1.8318855 -1.8532932 -1.8384856 -1.8280797 -1.7931526 -1.7517882 -1.726883 -1.7052881 -1.7252123 -1.737445 -1.7856287 -1.8289531 -1.8638204 -1.919268 -1.924249 -1.9493611 -1.9194748 -1.923889 -1.9032176 -1.9150082 -1.9501021 -1.9982306
-9999 -9999 -9999 -9999 -9999 -9999 -9999 -9999 -9999 -9999 -9999 -9999 -9999 -9999 -9999 -9999 -9999 -9999 -9999 -9999 -9999 -9999 -9999 -9999 -9999 -9999 -9999 -9999 -9999 -1.5934066 -1.6693082 -1.7229983 -1.7331454 -1.7286938 -1.7049745 -1.7194429 -1.720199 -1.7330724 -1.7652828 -1.7991261 -1.8501498 -1.8960404 -1.9259267 -1.9419301 -1.9256979 -1.9080423 -1.874502 -1.8430996 -1.8209242 -1.8026457 -1.821167 -1.8450434 -1.8898728 -1.9175263 -1.9435218 -1.9683846 -1.9612334 -1.9594474 -1.9248978 -1.8961546 -1.8751818 -1.8687523 -1.9058801 -1.9512094
-9999 -9999 -9999 -9999 -9999 -9999 -9999 -9999 -9999 -9999 -9999 -9999 -9999 -9999 -9999 -9999 -9999 -9999 -9999 -9999 -9999 -9999 -9999 -9999 -9999 -9999 -9999 -9999 -9999 -1.5780183 -1.6254568 -1.6697814 -1.6946866 -1.7027401 -1.7169716 -1.7393993 -1.7792477 -1.8128979 -1.8650802 -1.9122121 -1.9670037 -2.0157786 -2.0359763 -2.0483641 -2.0284399 -2.0078241 -1.9779378 -1.9495336 -1.9345904 -1.9223838 -1.937327 -1.9581294 -1.9796851 -1.9973517 -2.0023328 -2.0082973 -1.97343 -1.9461431 -1.9013137 -1.862894 -1.8419212 -1.8354917 -1.8803211 -1.9312553
-9999 -9999 -9999 -9999 -9999 -9999 -9999 -9999 -9999 -9999 -9999 -9999 -9999 -9999 -9999 -9999 -9999 -9999 -9999 -9999 -9999 -9999 -9999 -9999 -9999 -9999 -9999 -9999 -9999 -1.5576381 -1.6024657 -1.6465983 -1.6805633 -1.7009008 -1.728876 -1.7834482 -1.844871 -1.8944985 -1.9615118 -2.0132095 -2.0638295 -2.1117613 -2.130535 -2.1388837 -2.1189596 -2.0981312 -2.0725302 -2.0469752 -2.0406784 -2.0282203 -2.0300801 -2.0458137 -2.0590116 -2.0395533 -2.0001653 -1.9944271 -1.9282361 -1.8913387 -1.8419965 -1.8035887 -1.8052009 -1.8053768 -1.8747374 -1.9290218
-9999 -9999 -9999 -9999 -9999 -9999 -9999 -9999 -9999 -9999 -9999 -9999 -9999 -9999 -9999 -9999 -9999 -9999 -9999 -9999 -9999 -9999 -9999 -9999 -9999 -9999 -9999 -9999 -9999 -1.5416855 -1.5843802 -1.627356 -1.6672044 -1.7103009 -1.7577394 -1.8244783 -1.894213 -1.9658738 -2.0370708 -2.1038663 -2.1536768 -2.1966275 -2.2115706 -2.2202826 -2.201516 -2.1834001 -2.160345 -2.1397709 -2.1354445 -2.1288068 -2.1267293 -2.124358 -2.1094148 -2.0702647 -2.017752 -1.9650619 -1.8904898 -1.8248154 -1.7766932 -1.7393225 -1.7513531 -1.7796571 -1.8573124 -1.9362241
-9999 -9999 -9999 -9999 -9999 -9999 -9999 -9999 -9999 -9999 -9999 -9999 -9999 -9999 -9999 -9999 -9999 -9999 -9999 -9999 -9999 -9999 -9999 -9999 -9999 -9999 -9999 -9999 -9999 -1.51825 -1.5751762 -1.6213525 -1.666182 -1.7111131 -1.777527 -1.8513782 -1.941037 -2.0190908 -2.0949925 -2.1637354 -2.2135458 -2.2564966 -2.2673057 -2.2734996 -2.2635375 -2.2499213 -2.2399592 -2.2262485 -2.2262485 -2.2219365 -2.2069933 -2.1975313 -2.1510327 -2.090221 -1.9955811 -1.918497 -1.8188761 -1.7383379 -1.6984895 -1.6661492 -1.713338 -1.7597007 -1.8692837 -1.9628326
-9999 -9999 -9999 -9999 -9999 -9999 -9999 -9999 -9999 -9999 -9999 -9999 -9999 -9999 -9999 -9999 -9999 -9999 -9999 -9999 -9999 -9999 -9999 -9999 -9999 -9999 -9999 -9999 -9999 -1.5160988 -1.5775182 -1.6291757 -1.6740051 -1.7280714 -1.7928863 -1.8635114 -1.9545701 -2.0433573 -2.1192589 -2.1898289 -2.2396393 -2.2816101 -2.2923583 -2.3025911 -2.2933772 -2.2911086 -2.2968303 -2.2886007 -2.289273 -2.2909407 -2.2753631 -2.249906 -2.1915351 -2.1053523 -2.0068019 -1.8808677 -1.7771363 -1.6856359 -1.6486845 -1.6460518 -1.7013884 -1.8072955 -1.9223206 -2.0532861
-9999 -9999 -9999 -9999 -9999 -9999 -9999 -9999 -9999 -9999 -9999 -9999 -9999 -9999 -9999 -9999 -9999 -9999 -9999 -9999 -9999 -9999 -9999 -9999 -9999 -9999 -9999 -9999 -9999 -1.5234848 -1.5898987 -1.6424799 -1.6873093 -1.7393456 -1.8010157 -1.8658484 -1.9604883 -2.0507527 -2.1266544 -2.1962064 -2.2455576 -2.2885083 -2.3034514 -2.3140912 -2.3096453 -2.3082808 -2.318816 -2.3305106 -2.3373245 -2.3381639 -2.3182397 -2.2880399 -2.2033622 -2.1148939 -1.9868361 -1.8659042 -1.7666404 -1.6823396 -1.681183 -1.6940158 -1.8085374 -1.9276552 -2.0693823 -2.1981099
-9999 -9999 -9999 -9999 -9999 -9999 -9999 -9999 -9999 -9999 -9999 -9999 -9999 -9999 -9999 -9999 -9999 -9999 -9999 -9999 -9999 -9999 -9999 -9999 -9999 -9999 -9999 -9999 -9999 -1.5400929 -1.6207384 -1.6736636 -1.7035499 -1.7521716 -1.7996101 -1.8589633 -1.9436411 -2.0308008 -2.1114463 -2.1829022 -2.2277316 -2.2685519 -2.2794047 -2.2874827 -2.2874827 -2.2883245 -2.3032676 -2.3172063 -2.3371305 -2.344816 -2.3248918 -2.2946921 -2.2139151 -2.1281982 -2.0086531 -1.8925127 -1.8227781 -1.7555129 -1.8003423 -1.8403625 -2.0081451 -2.1538272 -2.3231828 -2.4641947
-9999 -9999 -9999 -9999 -9999 -9999 -9999 -9999 -9999 -9999 -9999 -9999 -9999 -9999 -9999 -9999 -9999 -9999 -9999 -9999 -9999 -9999 -9999 -9999 -9999 -9999 -9999 -9999 -9999 -1.5669216 -1.6513754 -1.6990651 -1.7173859 -1.7547835 -1.7959393 -1.8343812 -1.9103922 -1.9923289 -2.0699735 -2.1433 -2.1881294 -2.2260991 -2.235174 -2.2323478 -2.2217262 -2.2244386 -2.2393817 -2.2560574 -2.2795979 -2.2962088 -2.2909017 -2.2614923 -2.1833201 -2.1320046 -2.0572204 -1.9562553 -1.9468085 -1.9048187 -2.0181543 -2.0881658 -2.309291 -2.4818248 -2.6647072 -2.8102296
-9999 -9999 -9999 -9999 -9999 -9999 -9999 -9999 -9999 -9999 -9999 -9999 -9999 -9999 -9999 -9999 -9999 -9999 -9999 -9999 -9999 -9999 -9999 -9999 -9999 -9999 -9999 -9999 -9999 -1.5920588 -1.682192 -1.7306357 -1.7356168 -1.7486167 -1.7723359 -1.8031088 -1.8728435 -1.9437374 -2.0196391 -2.0884243 -2.1332537 -2.1692634 -2.1692634 -2.1633697 -2.1484265 -2.1358407 -2.1507839 -2.1682264 -2.1931316 -2.2177296 -2.2177296 -2.2098254 -2.1600149 -2.1291756 -2.0696331 -2.0341573 -2.0451651 -2.0855789 -2.221871 -2.3787844 -2.6212002 -2.852449 -3.0417288 -3.1928531
-9999 -9999 -9999 -9999 -9999 -9999 -9999 -9999 -9999 -9999 -9999 -9999 -9999 -9999 -9999 -9999 -9999 -9999 -9999 -9999 -9999 -9999 -9999 -9999 -9999 -9999 -9999 -9999 -9999 -1.6041457 -1.7085104 -1.7488286 -1.7239233 -1.7353124 -1.729681 -1.7407594 -1.7955509 -1.8631972 -1.934355 -2.0016957 -2.0415441 -2.0761338 -2.0693737 -2.0565854 -2.0316802 -2.0155535 -2.0105725 -2.0219791 -2.0518653 -2.0783423 -2.1032475 -2.1033915 -2.0886764 -2.095915 -2.1158392 -2.1073307 -2.2169137 -2.2917947 -2.5259038 -2.7180426 -3.0273918 -3.2788527 -3.4780946 -3.631893
-9999 -9999 -9999 -9999 -9999 -9999 -9999 -9999 -9999 -9999 -9999 -9999 -9999 -9999 -9999 -9999 -9999 -9999 -9999 -9999 -9999 -9999 -9999 -9999 -9999 -9999 -9999 -9999 -9999 -1.5996702 -1.7070203 -1.7550814 -1.722846 -1.6874419 -1.6728837 -1.6646058 -1.7174597 -1.7670872 -1.838245 -1.9030048 -1.9429232 -1.976973 -1.9670109 -1.9542227 -1.9293174 -1.8989824 -1.8908343 -1.891917 -1.9218033 -1.9427189 -1.9676242 -2.0015811 -2.0065621 -2.0463698 -2.066294 -2.167511 -2.3307984 -2.457299 -2.6914082 -2.9921625 -3.3015117 -3.6109522 -3.8101941 -3.9602031
-9999 -9999 -9999 -9999 -9999 -9999 -9999 -9999 -9999 -9999 -9999 -9999 -9999 -9999 -9999 -9999 -9999 -9999 -9999 -9999 -9999 -9999 -9999 -9999 -9999 -9999 -9999 -9999 -9999 -1.5804371 -1.6942896 -1.7332425 -1.678451 -1.6308663 -1.5929154 -1.5755169 -1.6153653 -1.6649928 -1.7361506 -1.8033748 -1.8482042 -1.882254 -1.8722919 -1.8605126 -1.8256452 -1.7945754 -1.7846133 -1.7791254 -1.7990496 -1.8208406 -1.860689 -1.9013278 -1.9461572 -1.9992058 -2.0888646 -2.1942449 -2.383542 -2.5890627 -2.892953 -3.200865 -3.5416226 -3.8475263 -4.0467681 -4.1900635
-9999 -9999 -9999 -9999 -9999 -9999 -9999 -9999 -9999 -9999 -9999 -9999 -9999 -9999 -9999 -9999 -9999 -9999 -9999 -9999 -9999 -9999 -9999 -9999 -9999 -9999 -9999 -9999 -9999 -1.5575391 -1.6808793 -1.7170457 -1.6522921 -1.6042578 -1.5497097 -1.5205591 -1.5504454 -1.5984716 -1.6696294 -1.7374428 -1.7922343 -1.829037 -1.8257477 -1.8210374 -1.7961322 -1.767786 -1.7528429 -1.7457218 -1.760665 -1.7807177 -1.810604 -1.8481108 -1.8929402 -1.9460474 -2.0456683 -2.1543322 -2.3535741 -2.5624542 -2.8712791 -3.1809086 -3.5164739 -3.8190296 -3.9933663 -4.1301944
-9999 -9999 -9999 -9999 -9999 -9999 -9999 -9999 -9999 -9999 -9999 -9999 -9999 -9999 -9999 -9999 -9999 -9999 -9999 -9999 -9999 -9999 -9999 -9999 -9999 -9999 -9999 -9999 -9999 -1.5481701 -1.6744083 -1.7223325 -1.6631529 -1.6017489 -1.5464256 -1.5237271 -1.5536134 -1.5978721 -1.6715757 -1.7393891 -1.7941806 -1.8381925 -1.8381925 -1.8474488 -1.8287145 -1.8074258 -1.7987294 -1.7872512 -1.7958718 -1.80833 -1.8190213 -1.8512788 -1.8961082 -1.8951301 -1.9521763 -2.0560849 -2.2089464 -2.4136019 -2.6755156 -2.9797008 -3.2750051 -3.5694318 -3.7291354 -3.8517215
-9999 -9999 -9999 -9999 -9999 -9999 -9999 -9999 -9999 -9999 -9999 -9999 -9999 -9999 -9999 -9999 -9999 -9999 -9999 -9999 -9999 -9999 -9999 -9999 -9999 -9999 -9999 -9999 -9999 -1.5483141 -1.681142 -1.7344216 -1.6846111 -1.6412526 -1.5938141 -1.575873 -1.6057592 -1.6513772 -1.7272788 -1.7988667 -1.8536582 -1.8985711 -1.9135143 -1.9221254 -1.9071823 -1.8960863 -1.8911053 -1.8878567 -1.8928378 -1.8963108 -1.8963108 -1.8886134 -1.8786513 -1.8639084 -1.8987757 -1.9139194 -2.0434266 -2.1878213 -2.4269115 -2.6539944 -2.9266411 -3.1605018 -3.3099332 -3.4146863
-9999 -9999 -9999 -9999 -9999 -9999 -9999 -9999 -9999 -9999 -9999 -9999 -9999 -9999 -9999 -9999 -9999 -9999 -9999 -9999 -9999 -9999 -9999 -9999 -9999 -9999 -9999 -9999 -9999 -1.5939234 -1.7409829 -1.7942906 -1.7803385 -1.7543387 -1.7356399 -1.7355238 -1.781036 -1.8360324 -1.9024464 -1.9718218 -2.0166213 -2.0515699 -2.0632203 -2.0684721 -2.0567838 -2.0495341 -2.0545152 -2.0541597 -2.0559617 -2.0559617 -2.0276917 -1.9883952 -1.9256785 -1.8506042 -1.8149695 -1.7467065 -1.7467065 -1.8485632 -2.0159056 -2.1550853 -2.3725269 -2.5485067 -2.6842834 -2.7760827
-9999 -9999 -9999 -9999 -9999 -9999 -9999 -9999 -9999 -9999 -9999 -9999 -9999 -9999 -9999 -9999 -9999 -9999 -9999 -9999 -9999 -9999 -9999 -9999 -9999 -9999 -9999 -9999 -9999 -1.6589124 -1.8087826 -1.9156547 -1.9292792 -1.9174901 -1.9123521 -1.9636982 -2.0230694 -2.0706573 -2.1245605 -2.1784207 -2.1975071 -2.2314757 -2.2414378 -2.2148187 -2.2018148 -2.1954693 -2.2035301 -2.2067787 -2.203661 -2.1904077 -2.1234896 -2.0707559 -1.976116 -1.8146356 -1.660618 -1.5737752 -1.4887748 -1.4880981 -1.5249643 -1.6419542 -1.7724834 -1.9429588 -2.069583 -2.1736905
-9999 -9999 -9999 -9999 -9999 -9999 -9999 -9999 -9999 -9999 -9999 -9999 -9999 -9999 -9999 -9999 -9999 -9999 -9999 -9999 -9999 -9999 -9999 -9999 -9999 -9999 -9999 -9999 -9999 -1.7327217 -1.8892689 -2.0014963 -2.0562878 -2.1135343 -2.156229 -2.2158428 -2.2855775 -2.3455945 -2.3882892 -2.4232771 -2.4282582 -2.4187477 -2.3888615 -2.3554416 -2.3404984 -2.3275321 -2.3374942 -2.3448576 -2.3398765 -2.3237424 -2.2440457 -2.1517021 -1.9923086 -1.8238316 -1.6295708 -1.4267926 -1.2972854 -1.1846958 -1.1797147 -1.1773368 -1.2769577 -1.3757233 -1.5002494 -1.6184948
-9999 -9999 -9999 -9999 -9999 -9999 -9999 -9999 -9999 -9999 -9999 -9999 -9999 -9999 -9999 -9999 -9999 -9999 -9999 -9999 -9999 -9999 -9999 -9999 -9999 -9999 -9999 -9999 -9999 -1.8031279 -1.9690943 -2.0813217 -2.189377 -2.2731852 -2.3686864 -2.4619713 -2.5432944 -2.6074508 -2.6264262 -2.6561014 -2.6216382 -2.5717465 -2.5093691 -2.4419191 -2.4141312 -2.3874012 -2.3973633 -2.4047267 -2.4060164 -2.3969157 -2.317219 -2.2248754 -2.0471245 -1.8570922 -1.6295931 -1.3855431 -1.1713581 -1.031697 -0.97663649 -0.91125196 -0.97883564 -1.0431173 -1.1743835 -1.299193
-9999 -9999 -9999 -9999 -9999 -9999 -9999 -9999 -9999 -9999 -9999 -9999 -9999 -9999 -9999 -9999 -9999 -9999 -9999 -9999 -9999 -9999 -9999 -9999 -9999 -9999 -9999 -9999 -9999 -1.8422126 -2.0041623 -2.169474 -2.3017452 -2.4119446 -2.523451 -2.6585586 -2.7502759 -2.8055421 -2.8097664 -2.8045068 -2.7234141 -2.6637228 -2.584026 -2.481458 -2.4345981 -2.4087722 -2.4217704 -2.4351975 -2.4555484 -2.4522461 -2.3943325 -2.2972464 -2.1079667 -1.9308628 -1.6881859 -1.4434212 -1.2260106 -1.024683 -0.91544312 -0.83997231 -0.87082216 -0.93730557 -1.0717938 -1.2133873
-9999 -9999 -9999 -9999 -9999 -9999 -9999 -9999 -9999 -9999 -9999 -9999 -9999 -9999 -9999 -9999 -9999 -9999 -9999 -9999 -9999 -9999 -9999 -9999 -9999 -9999 -9999 -9999 -9999 -1.8683651 -2.0201684 -2.1798165 -2.344191 -2.5031858 -2.6549891 -2.7924661 -2.892087 -2.9570366 -2.9475489 -2.9178656 -2.8182446 -2.7156838 -2.6011197 -2.4984527 -2.4436612 -2.4033048 -2.4182479 -2.4393438 -2.4692301 -2.4920224 -2.447193 -2.3833934 -2.2190188 -2.0605344 -1.8214441 -1.5911358 -1.3719697 -1.1675225 -1.0479774 -0.94467604 -0.96564887 -1.0087487 -1.1432369 -1.2937818
-9999 -9999 -9999 -9999 -9999 -9999 -9999 -9999 -9999 -9999 -9999 -9999 -9999 -9999 -9999 -9999 -9999 -9999 -9999 -9999 -9999 -9999 -9999 -9999 -9999 -9999 -9999 -9999 -9999 -1.8404642 -1.9736036 -2.1395603 -2.323859 -2.4832295 -2.6511064 -2.7991182 -2.8987391 -2.9627994 -2.9485678 -2.916589 -2.8020249 -2.6957274 -2.5811634 -2.4788461 -2.4290356 -2.390936 -2.4208223 -2.4476394 -2.5074119 -2.5407112 -2.5407112 -2.4898273 -2.3706918 -2.2689926 -2.099637 -1.8917039 -1.7223483 -1.5335578 -1.4239748 -1.3236067 -1.3288499 -1.3654204 -1.4750035 -1.6197357
-9999 -9999 -9999 -9999 -9999 -9999 -9999 -9999 -9999 -9999 -9999 -9999 -9999 -9999 -9999 -9999 -9999 -9999 -9999 -9999 -9999 -9999 -9999 -9999 -9999 -9999 -9999 -9999 -9999 -1.7946653 -1.9182665 -2.0735126 -2.2525756 -2.4168413 -2.586279 -2.7278387 -2.8274596 -2.8944833 -2.8850815 -2.8503471 -2.735783 -2.648495 -2.533931 -2.4588897 -2.4090792 -2.3968347 -2.4386907 -2.4737744 -2.5335469 -2.5950692 -2.5950692 -2.6198073 -2.5301485 -2.4907947 -2.3214391 -2.2400197 -2.1152117 -1.9539766 -1.8443935 -1.7768126 -1.7820558 -1.7908768 -1.9004598 -1.9840763
