P2_models/J1_p2_tot_conduct_slide_257.29.dat.tif
NCOLS 118
NROWS 92
XLLCORNER 139.62
YLLCORNER -39.07
DX 0.099491525
DY 0.099347826
NODATA_VALUE -9999
[rows 52 to 77 of 92, columns 58 to 115 of 118]
-1.7801271 -1.8298729 -1.8964964 -1.9698059 -2.0404742 -2.1085473 -2.1571604 -2.2006132 -2.2232733 -2.2508511 -2.3136879 -2.3623193 -2.3678466 -2.3685246 -2.3629973 -2.3644286 -2.3699559 -2.3220257 -2.260246 -2.1110087 -1.942969 -1.7052948 -1.4564351 -1.20478 -0.99006821 -0.80059666 -0.69071436 -0.59606585 -0.6049436 -0.65192488 -0.76247101 -0.92501701 -1.1356836 -1.3615494 -1.5945292 -1.8227745 -2.032418 -2.1436144 -2.2225526 -2.2845507 -2.3102395 -2.3318174 -2.3610796 -2.38 -2.38 -2.3839631 -2.3898156 -2.365911 -2.3509493 -2.3509493 -2.3509493 -2.3509493 -2.3099058 -2.28 -2.28 -2.269008 -2.2519164 -9999
-1.7703351 -1.813915 -1.8745729 -1.9456809 -2.0153999 -2.083473 -2.1373245 -2.1825732 -2.2107362 -2.2400884 -2.3074193 -2.3560508 -2.3615781 -2.362256 -2.3567287 -2.3546807 -2.358368 -2.3094885 -2.2532118 -2.1197488 -1.9604691 -1.7522192 -1.529738 -1.3052737 -1.1274516 -0.9518327 -0.87994946 -0.79630438 -0.81578719 -0.88750509 -1.008091 -1.1734849 -1.3841728 -1.5850402 -1.8107117 -1.9720743 -2.1627323 -2.2312134 -2.2604756 -2.3103248 -2.3209532 -2.3375327 -2.3620289 -2.38 -2.38 -2.38 -2.3844963 -2.365911 -2.35 -2.35 -2.35 -2.35 -2.3089566 -2.28 -2.2768691 -2.2636887 -2.2461314 -9999
-1.7411979 -1.7798891 -1.8279221 -1.8959952 -1.9901553 -2.0582285 -2.1153408 -2.1650866 -2.1967185 -2.2216503 -2.2808654 -2.3334353 -2.3389626 -2.341271 -2.3357437 -2.3173913 -2.3173913 -2.2720523 -2.2214869 -2.1060931 -1.9801326 -1.7904127 -1.6061035 -1.4071205 -1.2622478 -1.1185378 -1.0652348 -1.0162739 -1.057241 -1.1371111 -1.2642391 -1.4175677 -1.6282557 -1.8014057 -1.9962013 -2.1250695 -2.2377664 -2.2670286 -2.3435734 -2.3728356 -2.3822779 -2.3701291 -2.3558405 -2.3702174 -2.3702174 -2.3702174 -2.3702174 -2.3880202 -2.376087 -2.376087 -2.376087 -2.376087 -2.3236305 -2.2927148 -2.2868623 -2.270421 -2.2528637 -9999
-1.6659192 -1.6825011 -1.7211377 -1.7635315 -1.8890533 -2.0317357 -2.0941654 -2.1518402 -2.1908986 -2.2216503 -2.2321231 -2.2605802 -2.2661075 -2.2692101 -2.2692101 -2.2326709 -2.1849275 -2.1479511 -2.1088927 -2.0370377 -1.9403935 -1.840902 -1.6915908 -1.5452798 -1.4228364 -1.3238567 -1.2961919 -1.2745782 -1.3379949 -1.4285314 -1.5556594 -1.6900886 -1.8401977 -1.962228 -2.0955491 -2.1540735 -2.2352657 -2.4459537 -2.5383614 -2.5582849 -2.571092 -2.5622015 -2.3807758 -2.3304783 -2.3304783 -2.3304783 -2.3304783 -2.4449009 -2.482058 -2.482058 -2.482058 -2.482058 -2.3999711 -2.3523235 -2.346471 -2.3259626 -2.299226 -9999
-1.646709 -1.65801 -1.6851884 -1.7206176 -1.8346185 -1.9753628 -2.0573312 -2.1187194 -2.158586 -2.2021431 -2.2135542 -2.2267396 -2.2340411 -2.2402464 -2.2374176 -2.2005767 -2.1491871 -2.1085091 -2.0792043 -2.0087453 -1.9445457 -1.8587336 -1.7940502 -1.6735261 -1.5668002 -1.5160258 -1.5015107 -1.5250482 -1.5963906 -1.6906908 -1.8083116 -1.8910708 -2.0098009 -2.1205251 -2.1705129 -2.2236149 -2.3071643 -2.5178522 -2.61026 -2.6191903 -2.6199906 -2.6128465 -2.4314207 -2.32 -2.32 -2.32 -2.32 -2.4344227 -2.51 -2.51 -2.51 -2.5054572 -2.4230363 -2.3631641 -2.3573116 -2.3368031 -2.3119342 -9999
-1.6407363 -1.6462637 -1.6642065 -1.6956249 -1.7958541 -1.9320004 -2.0124689 -2.0787966 -2.1305932 -2.1758006 -2.1921847 -2.2067401 -2.2177947 -2.2245753 -2.219048 -2.1856864 -2.1359407 -2.1043305 -2.0781328 -2.0286149 -1.9833842 -1.9367119 -1.8840284 -1.7962418 -1.7525358 -1.7138446 -1.7313409 -1.75699 -1.8330718 -1.9044812 -2.0095 -2.0787592 -2.1431361 -2.1830998 -2.2261745 -2.2456077 -2.329157 -2.539845 -2.6250842 -2.6309367 -2.6315 -2.6137931 -2.4314207 -2.32 -2.32 -2.32 -2.32 -2.4344227 -2.51 -2.51 -2.5061864 -2.500334 -2.4179131 -2.3580409 -2.3521884 -2.333844 -2.3104342 -9999
-1.64 -1.64 -1.6543478 -1.6757553 -1.7718035 -1.8988845 -1.9765639 -2.0390575 -2.0946978 -2.1426847 -2.1636303 -2.1802474 -2.191302 -2.1999319 -2.2054592 -2.1724401 -2.1226943 -2.0937412 -2.0715096 -2.0383457 -2.0032537 -1.9977264 -1.9632683 -1.9220824 -1.8943406 -1.8860475 -1.9102142 -1.9424393 -2.0141616 -2.079053 -2.1343261 -2.1826282 -2.2027448 -2.2270211 -2.2526672 -2.2585197 -2.3357802 -2.5464682 -2.6317074 -2.6375599 -2.6381232 -2.6204163 -2.4331381 -2.32 -2.32 -2.32 -2.32 -2.4344227 -2.5097681 -2.5039157 -2.5018768 -2.500334 -2.4179131 -2.3579586 -2.3462537 -2.3272208 -2.303811 -9999
-1.6947202 -1.6922101 -1.7046812 -1.7256267 -1.7824778 -1.8965929 -1.9762153 -2.037473 -2.097676 -2.1442391 -2.1494998 -2.1707338 -2.1885411 -2.1947464 -2.197952 -2.1652072 -2.1141943 -2.087118 -2.0698164 -2.0507081 -2.0208917 -2.0081033 -2.0047464 -1.9809172 -1.9755322 -1.9774638 -2.0539388 -2.0895337 -2.1548497 -2.1930318 -2.2372101 -2.2974694 -2.3230432 -2.329565 -2.3456093 -2.3514617 -2.4230918 -2.6015634 -2.6573161 -2.6631686 -2.6637319 -2.6465783 -2.4634932 -2.3484783 -2.3484783 -2.3484783 -2.3484783 -2.4059444 -2.4794131 -2.4735606 -2.4715217 -2.4715217 -2.4131668 -2.3513354 -2.3421884 -2.325344 -2.3019342 -9999
-1.7605028 -1.7549755 -1.7652101 -1.7861557 -1.8430067 -1.9159233 -1.9787298 -2.0450575 -2.1060415 -2.1558913 -2.1558913 -2.1613715 -2.1834808 -2.1958913 -2.1958913 -2.162468 -2.1075711 -2.0850287 -2.0698164 -2.0532345 -2.0393917 -2.0228098 -2.019587 -2.019587 -2.0271482 -2.0395577 -2.1196896 -2.205013 -2.2459801 -2.2800535 -2.3132174 -2.3566288 -2.4210057 -2.436007 -2.441544 -2.4473965 -2.4932253 -2.6278315 -2.6849538 -2.69 -2.69 -2.6728465 -2.4914207 -2.38 -2.38 -2.38 -2.38 -2.4207862 -2.4465218 -2.4406693 -2.44 -2.44 -2.3872299 -2.3480409 -2.3421884 -2.325344 -2.3019342 -9999
-1.7737492 -1.7682219 -1.7784565 -1.7994021 -1.8530865 -1.9159233 -1.9728908 -2.0318111 -2.0894587 -2.1360217 -2.1360217 -2.141502 -2.1636112 -2.1764392 -2.1819665 -2.1506937 -2.1009479 -2.0809322 -2.0698164 -2.060397 -2.052638 -2.0545996 -2.0602546 -2.0659493 -2.0770572 -2.0991664 -2.1792982 -2.2646217 -2.2929017 -2.3197927 -2.3364783 -2.3728267 -2.4276288 -2.4426302 -2.4481672 -2.45 -2.4932253 -2.6335561 -2.69 -2.69 -2.69 -2.6728465 -2.4914207 -2.38 -2.38 -2.38 -2.38 -2.4161335 -2.44 -2.44 -2.44 -2.44 -2.3872299 -2.3480409 -2.3421884 -2.325344 -2.3019342 -9999
-1.8030797 -1.799932 -1.8070489 -1.8264963 -1.8725757 -1.9343871 -1.9870655 -2.0420117 -2.0880529 -2.1337908 -2.13 -2.1341102 -2.1529735 -2.1678087 -2.173336 -2.1475498 -2.0989407 -2.0809322 -2.0746159 -2.0736434 -2.0725793 -2.0851069 -2.09306 -2.1012303 -2.1182021 -2.1403113 -2.2158272 -2.2999992 -2.3217045 -2.3331773 -2.3471159 -2.3834644 -2.4361364 -2.4446375 -2.45 -2.45 -2.4951047 -2.6355633 -2.69 -2.69 -2.69 -2.6728465 -2.4914207 -2.38 -2.38 -2.38 -2.38 -2.4161335 -2.44 -2.44 -2.44 -2.44 -2.3872299 -2.3480409 -2.3421884 -2.32168 -2.2973183 -9999
-1.8423913 -1.8423913 -1.8529837 -1.8686929 -1.9131264 -1.9699339 -2.002406 -2.0521518 -2.0965539 -2.1292618 -2.1240254 -2.1526971 -2.169279 -2.1810116 -2.1865389 -2.1619918 -2.1167905 -2.1003357 -2.0961087 -2.0961087 -2.0994562 -2.1160381 -2.1443353 -2.1560402 -2.1748615 -2.1975178 -2.2735065 -2.3418329 -2.3535378 -2.3650106 -2.3760652 -2.3950441 -2.4477161 -2.4561957 -2.4561957 -2.4561957 -2.5013003 -2.641759 -2.6342391 -2.6342391 -2.6342391 -2.6170856 -2.4356599 -2.38 -2.38 -2.3787609 -2.3787609 -2.4037422 -2.4276087 -2.4276087 -2.4276087 -2.4267036 -2.3921864 -2.3529974 -2.347145 -2.3253974 -2.2961351 -9999
-1.9087219 -1.9142492 -1.9258388 -1.941548 -1.9685471 -1.9633107 -1.9835831 -2.0190359 -2.0538199 -2.0762763 -2.1612889 -2.252045 -2.2686269 -2.2806464 -2.2917011 -2.2625964 -2.1962687 -2.1822101 -2.1822101 -2.1822101 -2.1855576 -2.2426885 -2.2921634 -2.3149967 -2.335461 -2.3630975 -2.4175059 -2.4544271 -2.466132 -2.4776048 -2.4832971 -2.4793863 -2.480832 -2.4893116 -2.4893116 -2.4893116 -2.5344163 -2.3951687 -2.3361957 -2.3361957 -2.3361957 -2.3190421 -2.329681 -2.3798795 -2.374027 -2.3721377 -2.3721377 -2.3540709 -2.3613768 -2.3613768 -2.3597009 -2.3538485 -2.3886946 -2.3794902 -2.3679638 -2.3452669 -2.3160047 -9999
-1.9748423 -1.9826187 -1.9942083 -2.0099175 -2.0040834 -1.9970571 -2.0130404 -2.0404805 -2.059146 -2.100581 -2.2157817 -2.3051676 -2.3186341 -2.3303667 -2.3393605 -2.2982258 -2.2308919 -2.218971 -2.2190322 -2.2234565 -2.2379622 -2.3076595 -2.3571345 -2.3805442 -2.4030644 -2.4299961 -2.458332 -2.4952532 -2.5069581 -2.5164582 -2.5219855 -2.5148694 -2.5018843 -2.5 -2.5 -2.5 -2.4511366 -2.2989731 -2.24 -2.24 -2.24 -2.2471934 -2.3251954 -2.3732563 -2.37 -2.37 -2.37 -2.3519333 -2.34 -2.34 -2.34 -2.3348195 -2.3651801 -2.3860818 -2.3743769 -2.3443519 -2.3134467 -9999
-2.034451 -2.0455056 -2.0593315 -2.0750407 -2.0669892 -2.05128 -2.0638085 -2.0859177 -2.1004659 -2.1342385 -2.2500063 -2.3382836 -2.3493382 -2.3568595 -2.3623868 -2.3180954 -2.2462404 -2.2333261 -2.2334485 -2.2400233 -2.2578317 -2.3296867 -2.3825185 -2.4059283 -2.4262311 -2.4483403 -2.4752848 -2.5018764 -2.5135813 -2.5219727 -2.5275 -2.5203838 -2.5028265 -2.5 -2.5 -2.5 -2.4511366 -2.2989731 -2.24 -2.24 -2.2388913 -2.2466381 -2.3232752 -2.37 -2.37 -2.37 -2.37 -2.3519333 -2.34 -2.34 -2.34 -2.34 -2.3693167 -2.3860818 -2.3743769 -2.3410259 -2.3000588 -9999
-2.0940596 -2.1051143 -2.1189402 -2.1346494 -2.1216342 -2.0976424 -2.1069904 -2.1256568 -2.131735 -2.1607313 -2.2864048 -2.3777614 -2.3832887 -2.3886594 -2.3888795 -2.3422176 -2.26611 -2.2531957 -2.2533181 -2.2643727 -2.2843174 -2.3506451 -2.4023881 -2.4257978 -2.4407569 -2.4549635 -2.481908 -2.5084996 -2.5162363 -2.5219727 -2.5275 -2.5203838 -2.5028265 -2.5 -2.5 -2.5 -2.4511366 -2.2989731 -2.24 -2.24 -2.2350047 -2.2400149 -2.3219491 -2.37 -2.37 -2.37 -2.37 -2.3519333 -2.34 -2.34 -2.34 -2.34 -2.3693167 -2.3860818 -2.3688334 -2.329292 -2.2801892 -9999
-2.2364147 -2.2517068 -2.2700054 -2.2884238 -2.2770545 -2.1904143 -2.1665499 -2.1829999 -2.1888944 -2.2133545 -2.3340285 -2.3826599 -2.3881872 -2.3912899 -2.3912899 -2.3425799 -2.3122609 -2.3122609 -2.3167384 -2.327793 -2.3500058 -2.4063515 -2.4199595 -2.4413123 -2.4562714 -2.467326 -2.4928862 -2.4276375 -2.4328986 -2.4348712 -2.4403986 -2.4428986 -2.4287903 -2.4259638 -2.4259638 -2.4259638 -2.3771004 -2.272935 -2.2661304 -2.2661304 -2.2654902 -2.2682323 -2.3326668 -2.3003188 -2.3003188 -2.3003188 -2.3003188 -2.3432231 -2.3312899 -2.3312899 -2.3312899 -2.3312899 -2.2996356 -2.3144415 -2.2968841 -2.2573428 -2.2007993 -9999
-2.4077497 -2.429859 -2.4512754 -2.4722209 -2.38774 -2.2620665 -2.2372239 -2.2427512 -2.2482785 -2.2628367 -2.3256734 -2.3743048 -2.3798321 -2.3829348 -2.3829348 -2.3829348 -2.3829348 -2.3874687 -2.392996 -2.4031335 -2.4151664 -2.426221 -2.4378726 -2.4554299 -2.4675612 -2.4786158 -2.4026365 -2.32 -2.32 -2.3219727 -2.3275 -2.33 -2.33 -2.33 -2.3298255 -2.3290217 -2.3233837 -2.3058263 -2.3 -2.3 -2.2990217 -2.294595 -2.242348 -2.21 -2.21 -2.2090217 -2.2090217 -2.2762447 -2.32 -2.32 -2.32 -2.32 -2.2662516 -2.2231444 -2.205587 -2.1584686 -2.0999442 -9999
-2.4673584 -2.4894677 -2.5108841 -2.5318296 -2.4342873 -2.2885592 -2.2604058 -2.2626207 -2.268148 -2.2827062 -2.345543 -2.3941744 -2.3997017 -2.4028043 -2.4028043 -2.4028043 -2.4028043 -2.4073382 -2.4128656 -2.4183929 -2.4285504 -2.4451323 -2.4551025 -2.4620531 -2.4713821 -2.4786158 -2.4026365 -2.32 -2.32 -2.3219727 -2.3275 -2.33 -2.33 -2.33 -2.3298255 -2.3239731 -2.3167605 -2.3045364 -2.3 -2.3 -2.2950047 -2.2879718 -2.2411523 -2.21 -2.2042879 -2.2023986 -2.2023986 -2.2746655 -2.32 -2.32 -2.32 -2.32 -2.2613665 -2.2165212 -2.1989639 -2.1411024 -2.0668282 -9999
-2.5183938 -2.538213 -2.5533939 -2.5715222 -2.4667987 -2.3130715 -2.2790528 -2.2790528 -2.2843965 -2.2989547 -2.3617914 -2.4104229 -2.4159502 -2.4190528 -2.4190528 -2.4225321 -2.4235792 -2.4281131 -2.429114 -2.4346413 -2.4412844 -2.4544558 -2.4668245 -2.4726769 -2.478307 -2.4838343 -2.4026365 -2.32 -2.3207627 -2.3245264 -2.3275 -2.33 -2.33 -2.3254736 -2.3254736 -2.3239731 -2.3162413 -2.3022782 -2.2954736 -2.2954736 -2.2904783 -2.2810469 -2.2342273 -2.2032154 -2.2 -2.2 -2.2 -2.2722669 -2.32 -2.32 -2.3161864 -2.3154736 -2.2613665 -2.2141226 -2.1918894 -2.1113311 -2.0250849 -9999
-2.5112743 -2.5278562 -2.5377717 -2.5482445 -2.4387149 -2.2862881 -2.2854565 -2.2854565 -2.2908002 -2.3038439 -2.3666807 -2.3895657 -2.395093 -2.3966812 -2.3966812 -2.4016749 -2.4285667 -2.4702899 -2.4718656 -2.4773929 -2.484036 -2.4950906 -2.4950155 -2.5008679 -2.506498 -2.5120253 -2.4305187 -2.3264418 -2.3322943 -2.3345435 -2.3345435 -2.3057681 -2.3057681 -2.3011306 -2.2972826 -2.2972826 -2.2916445 -2.2740872 -2.2915145 -2.2915145 -2.2865192 -2.2770878 -2.2302682 -2.2212029 -2.2212029 -2.2227174 -2.2227174 -2.26318 -2.310913 -2.310913 -2.3070995 -2.3024275 -2.2632878 -2.2162624 -2.1870001 -2.1049273 -1.9854834 -9999
-2.3118305 -2.3173579 -2.3245743 -2.3298107 -2.2702682 -2.2597954 -2.2617384 -2.265587 -2.2674493 -2.2773511 -2.2688009 -2.2504788 -2.250971 -2.2515334 -2.2570607 -2.3288836 -2.5610305 -2.6054252 -2.6109525 -2.6164798 -2.6231229 -2.6054927 -2.5943633 -2.6002158 -2.6058458 -2.6113731 -2.4971647 -2.3529346 -2.354413 -2.354413 -2.354413 -2.2935108 -2.1997971 -2.1979348 -2.1979348 -2.1979348 -2.1925694 -2.2686511 -2.2981377 -2.2981377 -2.2931424 -2.283711 -2.2959564 -2.3143234 -2.3201759 -2.3220652 -2.3220652 -2.267865 -2.2711739 -2.2711739 -2.2693116 -2.2693116 -2.2693116 -2.2426583 -2.2075437 -2.1103834 -1.9523674 -9999
-2.2522363 -2.2577637 -2.2631178 -2.2683541 -2.2664095 -2.257107 -2.2547609 -2.2598164 -2.26 -2.2558742 -2.2296922 -2.2113701 -2.2147609 -2.2147609 -2.217952 -2.3696092 -2.6030377 -2.6492948 -2.6548221 -2.6603494 -2.6602976 -2.6381884 -2.6247609 -2.6281505 -2.6337806 -2.6393079 -2.5046139 -2.36 -2.36 -2.36 -2.36 -2.2990977 -2.1879013 -2.17 -2.1698255 -2.1652391 -2.1896708 -2.2657526 -2.2880706 -2.2857174 -2.2807221 -2.2784841 -2.3077463 -2.3279756 -2.3338281 -2.3436436 -2.3452391 -2.2910389 -2.2552391 -2.2579611 -2.2561864 -2.2552391 -2.2552391 -2.2434844 -2.2057973 -2.07323 -1.9097297 -9999
-2.2522363 -2.2577637 -2.2631178 -2.2683541 -2.2649265 -2.2596901 -2.26 -2.26 -2.26 -2.2558742 -2.2296922 -2.2113701 -2.2168974 -2.22 -2.22 -2.3710921 -2.6087663 -2.6560168 -2.6615441 -2.6670714 -2.6659038 -2.6434275 -2.6314829 -2.6314829 -2.6337806 -2.6393079 -2.5046139 -2.36 -2.36 -2.3585171 -2.3585171 -2.2990977 -2.1879013 -2.1685171 -2.1683426 -2.1624902 -2.1829488 -2.2590305 -2.2768998 -2.2651949 -2.259073 -2.256835 -2.2860972 -2.3063265 -2.312179 -2.3234775 -2.3351823 -2.2843169 -2.2506258 -2.2564782 -2.2561864 -2.250334 -2.2485171 -2.2348032 -2.1938361 -2.0568201 -1.8695419 -9999
-2.2522363 -2.2577637 -2.2631178 -2.2683541 -2.2628189 -2.2525939 -2.2557099 -2.26 -2.26 -2.2558742 -2.2296922 -2.2113701 -2.2168974 -2.22 -2.22 -2.3730885 -2.6158626 -2.6631131 -2.6686404 -2.6741677 -2.6730001 -2.6453636 -2.6322981 -2.6381505 -2.6385792 -2.6393079 -2.5046139 -2.36 -2.36 -2.3580273 -2.3525 -2.2937239 -2.1879013 -2.1653625 -2.1612463 -2.1553939 -2.1749354 -2.2393123 -2.2535097 -2.2368098 -2.2306879 -2.2284499 -2.2577121 -2.2787789 -2.2904838 -2.3021886 -2.3138935 -2.2721067 -2.2435295 -2.2493819 -2.2514208 -2.250334 -2.2441367 -2.2271686 -2.1803491 -2.0382653 -1.8411568 -9999
-2.2756611 -2.2842492 -2.2896033 -2.2948397 -2.3216193 -2.3265055 -2.3284485 -2.3339758 -2.3394565 -2.3534842 -2.425685 -2.4073628 -2.4128901 -2.4184174 -2.4212899 -2.3551835 -2.4838625 -2.5321064 -2.5375725 -2.5378639 -2.5545494 -2.5938134 -2.577029 -2.5798824 -2.5817319 -2.5817319 -2.5575558 -2.4235652 -2.4235652 -2.4215925 -2.4160652 -2.3430468 -2.2293359 -2.2031019 -2.1967308 -2.1857557 -2.2024556 -2.2335145 -2.2191775 -2.1999073 -2.1882268 -2.1967538 -2.3208912 -2.3433788 -2.365307 -2.4024954 -2.4208702 -2.2837356 -2.258 -2.2671106 -2.2711884 -2.2711884 -2.3924555 -2.3726459 -2.300957 -2.1010617 -1.8841146 -9999
