P2_models/J1_p2__temp2_slide_300.dat.tif
NCOLS 118
NROWS 92
XLLCORNER 139.62
YLLCORNER -39.07
DX 0.099491525
DY 0.099347826
NODATA_VALUE -9999
[rows 54 to 80 of 92, columns 0 to 59 of 118]
-9999 1405.41 1393.4802 1381.5503 1369.6205 1359.3272 1349.1709 1335.6426 1318.2224 1300.8023 1283.3821 1293.9918 1311.9805 1324.18 1324.7862 1325.3925 1339.4464 1354.7529 1370.0593 1380.5298 1379.8437 1379.1575 1378.4714 1379.4249 1381.1153 1380.2147 1372.3697 1364.5247 1362.3162 1360.7777 1359.2391 1358.4325 1359.0368 1359.6412 1360.2456 1363.3367 1367.0914 1377.8106 1398.4935 1419.1764 1439.8594 1451.9794 1463.3488 1464.1003 1457.2187 1447.7724 1431.8744 1415.9763 1400.0783 1402.8836 1408.9213 1414.959 1410.5405 1394.8421 1384.6349 1393.448 1402.2612 1411.0744 1437.3984 1466.7537
-9999 1378.3062 1366.3764 1354.8845 1344.7282 1334.5719 1324.4156 1310.8873 1293.4671 1280.1465 1298.1352 1316.1239 1334.1126 1346.3121 1346.9183 1347.5246 1348.1308 1357.7385 1373.0449 1383.5155 1382.8293 1382.1431 1383.8155 1385.5059 1387.1962 1386.2956 1378.4507 1370.6057 1362.7607 1358.7816 1357.2431 1356.4364 1357.0408 1357.8661 1361.6208 1365.3755 1369.1302 1379.8494 1400.5323 1419.5531 1430.9226 1442.2921 1453.6616 1454.413 1447.5314 1440.6497 1433.3434 1417.4454 1401.5473 1404.3526 1410.3903 1401.2848 1385.5865 1369.8881 1359.6808 1368.494 1378.7054 1408.0608 1437.4161 1466.7714
-9999 1351.2024 1340.2855 1330.1292 1319.9729 1309.8166 1299.6603 1286.1319 1284.2898 1302.2786 1320.2673 1338.256 1356.2447 1368.4442 1369.0505 1369.6567 1370.2629 1370.8692 1376.0306 1386.5011 1386.5157 1388.2061 1389.8965 1391.5868 1393.2772 1392.3766 1384.5316 1376.6866 1368.8416 1360.9966 1355.247 1354.4404 1356.1501 1359.9049 1363.6596 1367.4143 1371.169 1381.8882 1398.4964 1409.8659 1421.2353 1432.6048 1443.9743 1444.7258 1437.8441 1430.9624 1424.0808 1417.1991 1403.0164 1405.8217 1392.0291 1376.3308 1360.6324 1344.9341 1334.7268 1349.3678 1378.7232 1408.0785 1437.4338 1466.7891
-9999 1332.4098 1322.2536 1312.0973 1301.941 1291.7847 1281.6284 1283.8457 1301.8344 1319.8232 1337.8119 1355.8006 1373.7893 1389.1535 1389.7597 1390.366 1390.9722 1391.5784 1392.1847 1393.1187 1394.8091 1396.4995 1398.1898 1399.8802 1401.5705 1397.8385 1389.7962 1381.9512 1374.1062 1366.2612 1358.4162 1354.5333 1358.288 1362.0427 1365.7974 1369.5521 1373.3068 1376.1509 1387.5203 1398.8898 1410.2593 1421.6288 1432.9983 1434.9627 1428.0811 1421.1994 1414.3177 1407.4361 1400.5544 1391.3182 1375.6198 1359.9215 1344.2231 1328.5248 1316.7738 1344.5542 1373.9096 1403.2649 1432.6202 1461.9755
-9999 1337.3415 1327.1852 1317.0289 1306.8726 1297.9661 1297.8582 1300.4385 1306.1216 1321.6993 1339.688 1357.6767 1375.6654 1391.3604 1402.462 1406.2157 1406.8219 1407.4282 1408.0344 1408.9685 1410.6588 1412.3492 1414.0396 1415.7299 1415.4161 1410.7387 1394.9317 1384.4274 1376.5824 1368.7374 1360.8924 1357.0095 1360.7642 1364.5189 1368.2736 1371.8351 1364.3159 1363.5787 1372.5443 1383.5121 1394.8816 1406.2511 1417.6205 1420.8355 1418.0593 1411.1776 1404.296 1397.4143 1390.5326 1391.7753 1388.3946 1372.6963 1356.9979 1341.2996 1329.5486 1331.471 1352.5948 1381.9501 1411.3055 1440.6608
-9999 1342.2731 1332.1168 1321.9605 1316.6071 1316.4991 1316.3912 1318.9715 1324.6546 1330.3377 1341.5641 1359.5528 1377.5416 1393.2365 1404.3381 1415.4397 1422.6717 1423.2779 1423.8841 1424.8182 1426.5086 1428.1989 1429.3663 1428.8413 1428.3163 1423.6389 1407.8319 1392.0249 1379.0586 1371.2136 1363.3686 1359.4857 1363.2404 1366.9951 1367.0705 1359.5513 1352.0321 1351.2949 1360.2605 1369.2261 1379.5039 1390.8733 1402.2428 1405.4578 1402.8106 1400.1635 1394.2742 1387.3925 1380.5108 1381.7536 1384.4004 1385.4711 1369.7727 1354.0744 1342.3235 1344.2458 1346.1681 1360.6354 1389.9907 1419.3461
-9999 1347.2047 1337.0484 1335.2481 1335.1401 1335.0321 1334.9242 1337.5045 1343.1876 1348.8707 1354.5538 1361.429 1379.4177 1395.1127 1406.2143 1417.3159 1428.4175 1439.1276 1439.7339 1440.6679 1442.3583 1442.7915 1442.2665 1441.7415 1441.2165 1436.5391 1420.7321 1404.9251 1389.1181 1373.6898 1365.8448 1361.9619 1365.7166 1362.3059 1354.7867 1347.2675 1339.7483 1339.0111 1347.9767 1356.9423 1365.9078 1375.4956 1386.8651 1390.0801 1387.4329 1384.7857 1382.1386 1377.3707 1370.4891 1371.7318 1374.3786 1377.0255 1379.6723 1366.8492 1355.0983 1357.0206 1358.9429 1360.8652 1368.676 1398.0313
-9999 1353.997 1353.8891 1353.7811 1353.6731 1353.5651 1353.4572 1356.0376 1361.7206 1367.4037 1373.0868 1378.7699 1384.453 1396.9888 1408.0904 1419.192 1430.2936 1441.3952 1452.4968 1456.5177 1456.2167 1455.6917 1455.1667 1454.6417 1454.1168 1449.4393 1433.6323 1417.8253 1402.0183 1386.2113 1370.4043 1364.438 1357.5413 1350.0221 1342.5029 1334.9837 1327.4645 1326.7273 1335.6929 1344.6584 1353.624 1362.5896 1371.5551 1374.7024 1372.0552 1369.408 1366.7609 1364.1137 1360.4673 1361.71 1364.3569 1367.0037 1369.6505 1372.2973 1367.8731 1369.7954 1371.7177 1373.64 1375.5623 1377.4847
-9999 1355.8997 1355.7918 1355.6838 1355.5758 1355.4678 1357.9113 1361.1802 1364.1123 1369.7954 1375.4785 1381.1616 1386.8447 1388.8252 1390.0906 1401.1922 1412.2938 1423.3954 1434.497 1442.0829 1441.5579 1441.0329 1440.5079 1439.9829 1438.4904 1439.7048 1446.1137 1430.3067 1414.4997 1398.6927 1382.8857 1369.9095 1362.3903 1354.8711 1347.3519 1339.8327 1333.5805 1334.6598 1343.0515 1352.017 1360.9826 1369.9481 1378.9137 1385.2954 1384.7978 1382.1506 1379.5035 1376.8563 1374.2091 1367.7288 1370.2444 1372.8912 1375.5381 1378.1849 1378.5463 1374.384 1376.3063 1378.2286 1380.1509 1382.0732
-9999 1350.5707 1350.4627 1350.3548 1350.2468 1354.9037 1361.0556 1364.3245 1364.2661 1365.168 1370.8511 1376.5342 1382.2173 1384.1978 1378.7639 1374.5493 1385.6509 1396.7525 1407.8541 1415.44 1414.915 1414.39 1413.865 1410.7663 1405.3948 1406.6092 1425.4755 1442.606 1426.7989 1410.9919 1395.1849 1382.2088 1374.6896 1367.1704 1359.6512 1354.6087 1351.0017 1352.081 1359.8646 1367.9171 1376.8826 1385.8482 1394.8138 1401.1955 1405.7197 1407.1214 1404.4742 1401.827 1399.1799 1392.6995 1385.5568 1385.6969 1388.3438 1390.9906 1391.352 1383.7971 1377.3351 1379.2574 1381.1797 1383.102
-9999 1345.2417 1345.1337 1345.7443 1351.8962 1358.048 1364.1998 1367.4687 1367.4103 1367.352 1367.2936 1371.9068 1377.5899 1379.5704 1374.1365 1368.7026 1363.2688 1370.1096 1381.2112 1388.7971 1388.2721 1387.7471 1383.0423 1377.6707 1372.2992 1373.5135 1392.3798 1411.2461 1430.1124 1423.2912 1407.4842 1394.508 1386.9888 1379.4696 1375.6369 1372.0299 1368.4229 1369.5022 1377.2858 1385.0695 1392.8532 1401.7483 1410.7138 1417.0956 1421.6198 1426.144 1429.4449 1426.7978 1424.1506 1417.6703 1410.5275 1403.3847 1401.1495 1403.7963 1404.1577 1396.6028 1389.0478 1381.4929 1382.2085 1384.1308
-9999 1339.9127 1342.7367 1348.8886 1355.0404 1361.1922 1367.3441 1370.613 1370.5546 1370.4962 1370.4378 1370.3794 1372.9625 1374.943 1369.5091 1364.0752 1358.6414 1353.2075 1354.5683 1362.1542 1360.6897 1355.3182 1349.9466 1344.5751 1339.2035 1340.4179 1359.2842 1378.1505 1397.0168 1415.8831 1419.7834 1406.8073 1400.272 1396.665 1393.058 1389.4511 1385.8441 1386.9234 1394.707 1402.4907 1410.2744 1418.058 1426.6139 1432.9956 1437.5199 1442.0441 1446.5684 1451.0926 1449.1213 1442.641 1435.4983 1428.3555 1421.2127 1416.602 1416.9634 1409.4085 1401.8535 1394.2986 1386.7436 1385.1596
-9999 1342.4795 1348.6314 1354.7832 1360.935 1367.0869 1373.2387 1372.0724 1372.014 1371.9556 1371.8972 1371.8388 1371.7804 1374.4698 1369.0359 1363.6021 1358.1682 1352.7343 1347.3004 1341.8853 1336.5138 1331.1422 1325.7707 1320.3991 1315.0276 1314.1881 1333.0544 1351.9206 1370.7869 1389.6532 1408.5195 1419.7097 1416.1027 1412.4957 1408.8887 1405.2817 1401.6747 1396.295 1404.0786 1411.8623 1419.646 1427.4296 1435.2133 1443.0908 1447.615 1452.1393 1456.6635 1461.1878 1465.712 1460.2885 1453.1457 1446.0029 1438.8601 1431.7174 1425.8937 1418.3387 1410.7838 1403.2288 1395.6738 1388.1189
-9999 1362.0541 1368.206 1374.3578 1380.5096 1385.7922 1372.37 1365.1516 1365.0932 1365.0348 1364.9764 1364.918 1373.0659 1380.9492 1386.7416 1383.7913 1378.3574 1372.9235 1367.4896 1362.0746 1356.703 1351.3315 1345.9599 1340.5884 1344.1049 1347.6359 1346.1877 1359.8402 1378.7065 1397.5728 1416.4391 1427.6292 1424.0223 1420.4153 1416.8083 1413.2013 1381.8967 1365.6292 1373.4128 1381.1965 1388.9802 1397.9445 1419.7427 1428.6632 1428.8374 1433.3616 1437.8859 1442.4101 1446.9344 1441.5109 1434.3681 1427.2253 1420.0825 1417.5177 1415.5478 1407.9929 1400.4379 1392.8829 1385.4517 1380.5838
-9999 1381.6287 1387.7806 1393.9324 1392.2936 1378.8714 1365.4492 1358.2308 1358.1724 1358.114 1360.4533 1369.3808 1378.3083 1386.1917 1391.9841 1397.7765 1398.5466 1393.1128 1387.6789 1382.2638 1376.8923 1371.5207 1367.8429 1373.2317 1378.6205 1382.1516 1380.7034 1379.2552 1386.6261 1405.4924 1424.3587 1435.5488 1431.9418 1428.3348 1417.3891 1384.31 1351.2309 1334.9634 1342.747 1350.5307 1363.5176 1385.3158 1407.1141 1416.0345 1415.6973 1415.3601 1419.1083 1423.6325 1428.1568 1422.7332 1415.5905 1408.4477 1407.5293 1407.1718 1405.202 1397.647 1390.092 1383.3128 1378.4449 1373.5769
-9999 1401.2034 1407.3552 1398.7951 1385.3729 1371.9506 1358.5284 1351.31 1351.2516 1356.7683 1365.6958 1374.6233 1383.5508 1391.4341 1397.2265 1403.0189 1408.8113 1413.302 1407.8681 1402.4531 1397.0815 1396.9698 1402.3586 1407.7474 1413.1362 1416.6672 1415.219 1413.7708 1412.3226 1413.4119 1432.2782 1443.4684 1439.8614 1419.8024 1386.7233 1353.6442 1320.5651 1304.2976 1312.0812 1329.0907 1350.8889 1372.6872 1394.4854 1403.4059 1403.0686 1402.7314 1402.3942 1404.8549 1409.3791 1403.9556 1397.8983 1397.5409 1397.1834 1396.8259 1394.8561 1387.3011 1381.1739 1376.3059 1371.438 1366.57
-9999 1418.7187 1405.2965 1391.8743 1378.4521 1365.0298 1351.6076 1344.3892 1353.0833 1362.0108 1370.9383 1379.8658 1388.7933 1396.6766 1402.469 1408.2614 1414.0538 1419.8462 1425.6386 1422.6423 1426.0966 1431.4854 1436.8742 1442.263 1447.6518 1451.1828 1449.7347 1448.2865 1446.8383 1445.3901 1443.9419 1451.3879 1422.2156 1389.1366 1356.0575 1322.9784 1289.8993 1273.6318 1294.6638 1316.462 1338.2603 1360.0585 1381.8568 1390.7772 1390.44 1390.1028 1389.7655 1389.4283 1390.6015 1387.9099 1387.5525 1387.195 1386.8375 1386.4801 1384.5102 1379.035 1374.167 1369.299 1364.4311 1359.5631
-9999 1415.8786 1402.4563 1389.0341 1375.6119 1362.1897 1354.903 1351.5094 1351.5838 1360.5113 1369.4388 1378.3663 1387.2938 1395.261 1401.1884 1406.9808 1412.7732 1418.5656 1424.358 1430.0284 1435.4171 1440.8059 1446.1947 1451.5835 1456.275 1456.6352 1456.1505 1454.7023 1453.2542 1451.806 1450.3578 1438.1055 1405.0264 1371.9473 1338.8683 1305.7892 1282.7079 1275.8624 1278.3972 1300.1955 1321.9937 1343.792 1365.5902 1378.7415 1380.174 1379.8368 1379.4995 1379.1623 1378.8251 1381.3297 1380.9723 1380.6148 1380.2574 1379.8999 1378.0939 1372.0786 1367.2106 1362.3427 1357.4747 1352.6067
-9999 1415.3552 1401.933 1388.5107 1375.0885 1374.5931 1378.8399 1375.4463 1363.2346 1355.184 1364.1115 1373.039 1381.9665 1389.9337 1395.9782 1401.9967 1407.7891 1413.5815 1419.3739 1425.0443 1430.433 1435.8218 1441.2106 1444.1042 1444.5217 1444.8819 1445.0883 1445.1645 1443.7163 1442.2681 1440.8199 1428.5677 1395.4886 1362.4095 1329.3304 1319.0144 1323.5941 1316.7486 1293.5578 1281.8635 1303.6618 1325.46 1347.2583 1360.4096 1367.3447 1370.9122 1370.5749 1370.2377 1369.9005 1372.5533 1375.7228 1376.1726 1375.8152 1375.4577 1373.6517 1366.828 1360.2829 1355.415 1350.547 1345.679
-9999 1414.8318 1401.4096 1390.0364 1394.2833 1398.5301 1402.7769 1399.3833 1387.1716 1374.9599 1362.7482 1367.7117 1376.6392 1384.6064 1390.6509 1396.6953 1402.7398 1408.5974 1414.3898 1420.0602 1425.4489 1430.8377 1431.9333 1432.3509 1432.7684 1433.1286 1433.335 1433.5414 1433.7478 1432.7303 1431.2821 1419.0298 1385.9507 1352.8717 1355.3209 1359.9006 1364.4802 1357.6347 1334.4439 1311.2532 1288.0624 1307.1281 1328.9264 1342.0776 1349.0127 1355.9478 1361.6503 1361.3131 1360.9759 1363.6287 1366.7982 1369.9677 1371.373 1371.0155 1369.2095 1362.3858 1355.5621 1348.7384 1343.6193 1338.7513
-9999 1414.3084 1409.7266 1413.9734 1418.2202 1422.467 1426.7138 1423.3202 1411.1085 1398.8968 1386.6852 1374.4735 1371.3119 1379.2791 1385.3236 1391.368 1397.4125 1403.4569 1409.4057 1415.0761 1419.345 1419.7625 1420.18 1420.5976 1421.0151 1421.3753 1421.5817 1421.7881 1421.9945 1422.2009 1421.7442 1409.492 1387.0478 1391.6274 1396.2071 1400.7867 1405.3664 1398.5209 1375.3301 1352.1393 1328.9485 1305.7577 1310.5944 1323.7457 1330.6808 1337.6159 1344.551 1351.486 1352.0513 1354.7041 1357.8736 1361.0431 1364.2126 1366.5733 1364.7673 1357.9436 1351.1199 1344.2962 1337.4725 1331.8236
-9999 1419.7162 1423.963 1428.2098 1432.4566 1436.7035 1440.9503 1447.8708 1435.6592 1423.4475 1411.2358 1399.0241 1386.8124 1373.7539 1379.7983 1385.8427 1391.8872 1397.9316 1403.9761 1408.319 1408.7366 1409.1541 1409.5716 1409.9891 1410.4067 1408.885 1409.0852 1409.2916 1409.498 1409.7044 1409.9108 1411.611 1416.1907 1420.7703 1425.3499 1429.9296 1434.5092 1434.4881 1411.2973 1388.1065 1364.9158 1341.725 1318.5342 1311.9448 1318.8799 1325.8149 1332.75 1339.6851 1346.6202 1348.1664 1351.3359 1354.5054 1357.675 1360.8445 1361.3814 1354.4847 1347.661 1340.8373 1334.0136 1327.1899
-9999 1397.2329 1401.4797 1405.7265 1409.9733 1414.8882 1423.9801 1437.4842 1456.0806 1450.3211 1438.1094 1425.8977 1413.686 1399.4468 1381.1473 1379.568 1385.6125 1391.6569 1397.7014 1402.0443 1402.4618 1402.8794 1403.2969 1403.7144 1398.7303 1394.5974 1394.0406 1393.9821 1394.1885 1394.3949 1394.6013 1396.3015 1400.8812 1405.4608 1410.0404 1414.1927 1404.6169 1405.5711 1421.5899 1405.454 1382.2632 1359.0724 1335.8817 1328.2265 1331.8009 1338.736 1345.6711 1352.6062 1359.5413 1356.2726 1353.8336 1357.0031 1360.1726 1363.3422 1363.8791 1355.2973 1347.9242 1341.1005 1334.2769 1327.4532
-9999 1374.7496 1378.9964 1383.2432 1390.0203 1399.1122 1408.2041 1421.7082 1440.3047 1458.9011 1464.983 1452.7713 1440.5596 1426.3204 1408.0209 1389.7214 1379.3377 1385.3822 1391.4266 1395.7696 1396.1871 1396.6046 1395.3768 1389.9098 1384.4427 1380.3099 1379.753 1379.1962 1378.879 1379.0854 1379.2918 1380.992 1385.5717 1390.1513 1389.5052 1379.9294 1370.3536 1371.3078 1387.3266 1403.3454 1399.6107 1376.4199 1353.2291 1345.574 1349.0873 1352.6006 1358.5922 1365.5273 1372.4624 1369.1937 1364.1616 1359.5008 1362.6703 1365.8399 1366.3768 1357.795 1349.2131 1341.3638 1334.5401 1327.7164
-9999 1352.2662 1356.5131 1365.1524 1374.2443 1383.3362 1392.4281 1405.9322 1424.5287 1443.1251 1461.7215 1479.6449 1467.4332 1453.1939 1434.8945 1416.595 1398.2955 1379.996 1385.1519 1389.4949 1389.9124 1386.5563 1381.0893 1375.6222 1370.1551 1366.0223 1365.4655 1364.9087 1364.3518 1363.795 1363.9823 1365.6825 1370.2622 1364.8178 1355.242 1345.6662 1336.0904 1337.0445 1353.0634 1369.0822 1385.101 1393.7674 1370.5766 1362.9215 1366.4348 1369.9481 1373.4613 1378.4484 1385.3835 1382.1148 1377.0827 1372.0505 1367.0184 1368.3376 1368.8745 1360.2927 1351.7108 1343.129 1334.8034 1327.9797
-9999 1331.1927 1340.2845 1349.3764 1358.4683 1367.5602 1376.6521 1390.1563 1408.7527 1427.3491 1445.9456 1464.542 1483.1384 1480.0675 1461.7681 1443.4686 1425.1691 1406.8696 1388.5702 1383.2029 1377.7358 1372.2687 1366.8017 1361.3346 1355.8676 1351.7347 1351.1779 1350.6211 1350.0643 1349.5075 1348.9506 1349.7061 1340.1303 1330.5545 1320.9787 1311.4029 1301.8271 1302.7813 1318.8001 1334.8189 1350.8378 1366.8566 1382.8754 1380.269 1383.7823 1387.2955 1390.8088 1394.3221 1398.3045 1395.0359 1390.0037 1384.9716 1379.9395 1374.9073 1371.3722 1362.7904 1354.2085 1345.6267 1337.0448 1328.4629
-9999 1345.9744 1355.0663 1364.1582 1373.2501 1382.342 1378.6919 1373.1863 1382.0961 1400.6925 1419.289 1437.8854 1456.4818 1470.1538 1468.5225 1450.223 1431.9235 1413.624 1395.3246 1380.9054 1375.4384 1369.9713 1364.5042 1359.0372 1359.2289 1359.3467 1337.5503 1336.9935 1336.4367 1335.8799 1335.3231 1331.6856 1322.1098 1312.534 1302.9582 1293.3824 1290.3988 1297.7425 1311.1347 1327.1535 1343.1723 1359.1912 1375.21 1383.901 1387.3737 1390.887 1394.4003 1397.9135 1401.4268 1390.0728 1383.6018 1378.5697 1373.5376 1368.5054 1367.3123 1375.0821 1366.5003 1357.9184 1349.3366 1340.7547
