P2_models/J1_p2_vp_slide_diff2_140.dat.tif
NCOLS 118
NROWS 92
XLLCORNER 139.62
YLLCORNER -39.07
DX 0.099491525
DY 0.099347826
NODATA_VALUE -9999
[rows 48 to 71 of 92, columns 0 to 53 of 118]
-9999 0.031025902 0.038886874 0.046747846 0.054608819 0.062469791 0.070330763 0.068659401 0.066425572 0.064191742 0.061957913 0.059724083 0.057490254 0.057393702 0.057880724 0.058175882 0.05847104 0.058766199 0.059061357 0.058657596 0.0566414 0.054625205 0.052609009 0.050592813 0.048576617 0.05270874 0.053056801 0.052119725 0.05118265 0.050245575 0.0493085 0.051421777 0.059415163 0.067408548 0.075401933 0.083395318 0.091388704 0.084889834 0.077149222 0.06940861 0.061667997 0.053927385 0.046697467 0.045753751 0.045364512 0.044975274 0.044586035 0.044196796 0.043807557 0.036640948 0.028303025 0.019965103 0.01162718 0.0032892569
-9999 0.034545906 0.042406878 0.05026785 0.058128822 0.062832474 0.061423609 0.059631775 0.057397945 0.055164116 0.052930286 0.051073932 0.05064253 0.050805837 0.052160083 0.052998094 0.053293252 0.053588411 0.053883569 0.053479808 0.051463612 0.049447417 0.047431221 0.046410451 0.052877732 0.058825917 0.063382798 0.065429685 0.06449261 0.063555534 0.062618459 0.064731737 0.072725122 0.080718507 0.088711893 0.093116796 0.085250895 0.077436539 0.069695927 0.061955315 0.054214703 0.048844028 0.047581001 0.046601191 0.045824982 0.045369353 0.044980115 0.044590876 0.044201637 0.037035028 0.028697105 0.020359182 0.012021259 0.01100805
-9999 0.03806591 0.045926882 0.053787854 0.055213713 0.053804847 0.052395982 0.050604148 0.048370319 0.046136489 0.044917469 0.044486067 0.044054666 0.044217973 0.045572218 0.046926464 0.048115465 0.048410623 0.048705781 0.04830202 0.046285825 0.044269629 0.046060347 0.052527628 0.058994908 0.064943094 0.069499975 0.074056855 0.077802569 0.076865494 0.075928418 0.078041696 0.086035082 0.094028467 0.093529402 0.085663501 0.0777976 0.069983245 0.062242632 0.05450202 0.050990589 0.049727562 0.048464534 0.047484724 0.046708515 0.045932307 0.045374194 0.044984955 0.044595717 0.037429108 0.029091185 0.022217614 0.021617644 0.021017675
-9999 0.041585913 0.049003816 0.047594951 0.046186086 0.044777221 0.043368355 0.041576521 0.039342692 0.038761006 0.038329605 0.037898203 0.037466801 0.037630108 0.038984353 0.040338599 0.041692844 0.04304709 0.043527993 0.043124232 0.041108037 0.045710243 0.052177524 0.058644804 0.065112085 0.071060271 0.075617151 0.080174032 0.084730912 0.089287793 0.089238378 0.091351656 0.099345041 0.093942009 0.086076108 0.078210207 0.070344305 0.06252995 0.054789338 0.053137151 0.051874123 0.050611095 0.049348067 0.048368257 0.047592049 0.04681584 0.046039632 0.045379035 0.044989796 0.037823187 0.032827208 0.032227238 0.031627269 0.0310273
-9999 0.041385055 0.03997619 0.038567325 0.037158459 0.035749594 0.034340729 0.033035945 0.032604543 0.032173142 0.03174174 0.031310338 0.030878936 0.031042243 0.032396489 0.033750734 0.03510498 0.036459225 0.037813471 0.038892858 0.045360139 0.05182742 0.0582947 0.064761981 0.071229262 0.077177448 0.081734328 0.086291209 0.090848089 0.09540497 0.09996185 0.10222052 0.094354615 0.086488714 0.078622813 0.070756912 0.062891011 0.056546739 0.055283712 0.054020684 0.052757656 0.051494628 0.050231601 0.049251791 0.048475582 0.047699374 0.046923165 0.046146957 0.045383876 0.043436802 0.042836832 0.042236863 0.041636894 0.041036924
-9999 0.040892108 0.039483243 0.038074378 0.036665512 0.035256647 0.032959122 0.031208637 0.030777236 0.030345834 0.029914432 0.02948303 0.030301104 0.032142612 0.03325103 0.034605275 0.035959521 0.037313766 0.038668012 0.041568363 0.048035643 0.054502924 0.060970205 0.067437486 0.070201939 0.068944999 0.072754382 0.077311262 0.081868143 0.086425023 0.090981904 0.091295568 0.083429667 0.075563766 0.067697865 0.059831964 0.054505159 0.05229416 0.051031133 0.049768105 0.048505077 0.047242049 0.048110559 0.048129667 0.047064893 0.046288685 0.045512476 0.044736268 0.04396006 0.04333412 0.04273415 0.042134181 0.041534211 0.041410279
-9999 0.041827057 0.040418192 0.039009327 0.037600462 0.034821689 0.03192828 0.030177796 0.029746394 0.029314992 0.02888359 0.030568195 0.032809853 0.034651361 0.035691545 0.036731729 0.038059216 0.039413461 0.040767707 0.043668057 0.050135338 0.056602619 0.0630699 0.06294416 0.059855943 0.058599002 0.062250341 0.06590168 0.070362369 0.074919249 0.07947613 0.079789794 0.071923893 0.064057992 0.056192091 0.052266901 0.049393282 0.047182283 0.045919255 0.044656227 0.043393199 0.045097869 0.047062656 0.047081763 0.045702147 0.044494161 0.043717952 0.042941744 0.042165535 0.041539596 0.040939626 0.040339657 0.040602465 0.041796008
-9999 0.042762007 0.041353142 0.039577666 0.036684257 0.033790847 0.030897438 0.029146954 0.028715552 0.028593627 0.030835285 0.033076943 0.035318601 0.037160109 0.038200293 0.039240477 0.040280661 0.041513156 0.042867401 0.045767752 0.052235033 0.058702314 0.055686381 0.052598164 0.049509947 0.048253006 0.051904345 0.055555684 0.059207023 0.063413475 0.067970356 0.06828402 0.060418119 0.052902261 0.050028642 0.047155023 0.044281404 0.042070405 0.040807377 0.040120394 0.04208518 0.044049966 0.046014752 0.04603386 0.044654244 0.043274628 0.041923428 0.04114722 0.040371011 0.039745071 0.039145102 0.03979465 0.040988193 0.042181736
-9999 0.043696956 0.041440234 0.038546824 0.035653415 0.032760006 0.029866596 0.028116112 0.028860717 0.031102375 0.033344034 0.035585692 0.03782735 0.039668858 0.040709042 0.041749226 0.04278941 0.043829594 0.044967096 0.047867447 0.051516818 0.048428601 0.045340384 0.042252167 0.039163951 0.03790701 0.041558349 0.045209688 0.048861027 0.052512366 0.056464581 0.056778246 0.050664002 0.047790383 0.044916764 0.042043145 0.039169527 0.036958528 0.037107704 0.03907249 0.041037276 0.043002062 0.044966848 0.044985956 0.04360634 0.042226724 0.040847109 0.039467493 0.038576487 0.037950547 0.038986836 0.040180379 0.041373922 0.042567465
-9999 0.042445913 0.039552504 0.036659095 0.033765685 0.030872276 0.027978867 0.026540034 0.028781692 0.03102335 0.033265008 0.035506666 0.037748325 0.039435383 0.040475567 0.04151575 0.042555934 0.043596118 0.044636302 0.044428119 0.041339903 0.038251686 0.035163469 0.032075252 0.028987035 0.027964663 0.031719783 0.035371122 0.039022461 0.0426738 0.046325139 0.047747766 0.044874147 0.042000528 0.039126909 0.036253291 0.033379672 0.03242919 0.034393977 0.036358763 0.038323549 0.040288335 0.042253121 0.042394529 0.041014913 0.039635297 0.038255681 0.036876065 0.035496449 0.035411313 0.036604856 0.037798399 0.038991942 0.040185485
-9999 0.037631517 0.034738108 0.031844699 0.02895129 0.026088594 0.02344212 0.021543033 0.020506527 0.022105889 0.024347547 0.026589206 0.028830864 0.030501779 0.031029747 0.031916322 0.032956506 0.03399669 0.035036874 0.034828691 0.031740474 0.028652257 0.02556404 0.022475823 0.016678121 0.014377634 0.022215879 0.027265664 0.030917003 0.034568342 0.038219681 0.039642308 0.036768689 0.03389507 0.031021451 0.028217777 0.029425166 0.029141024 0.026723037 0.027955482 0.029920268 0.031885054 0.03384984 0.03411733 0.033151643 0.031772027 0.030392411 0.029012795 0.027633179 0.025722363 0.024769881 0.025963424 0.027156967 0.02835051
-9999 0.032817122 0.029923713 0.027030303 0.024254924 0.021608449 0.018961974 0.017062887 0.016026381 0.014989875 0.015430086 0.017671745 0.019913403 0.021584318 0.022112286 0.022640255 0.023357077 0.024397261 0.025437445 0.025229262 0.022141046 0.019052829 0.015257579 0.0091743354 0.0030910919 0.00079060405 0.00862885 0.016467096 0.022811545 0.026462884 0.030114223 0.03153685 0.028663231 0.025789612 0.024247857 0.025455245 0.026662634 0.026378493 0.023960505 0.021542518 0.021516987 0.023481773 0.02544656 0.025714049 0.024761374 0.023808699 0.022529141 0.021149525 0.019769909 0.017859093 0.015856471 0.014128448 0.015321991 0.016515534
-9999 0.028002726 0.025109317 0.022421253 0.019774778 0.017128304 0.014481829 0.012582742 0.011546236 0.01050973 0.009473224 0.0087542839 0.010995942 0.012666857 0.013194825 0.013722794 0.014250762 0.014797833 0.015838017 0.015629834 0.012541617 0.007753793 0.0016705494 -0.0044126941 -0.010495938 -0.012796425 -0.0049581795 0.0028800664 0.010718312 0.018357426 0.022008765 0.023431392 0.020557773 0.020277936 0.021485325 0.022692714 0.023900102 0.023615961 0.021197974 0.018779986 0.016361999 0.015078493 0.017043279 0.017310769 0.016358094 0.015405419 0.014452744 0.013286255 0.011906639 0.0099958229 0.0079932006 0.0059905784 0.0039879561 0.004680559
-9999 0.023234056 0.020587582 0.017941107 0.015294633 0.012648158 0.010001684 0.0081025965 0.0070660905 0.0060295846 0.0049930786 0.0039565726 0.0029200666 0.0037493961 0.0042773644 0.0048053328 0.0053333012 0.0058612695 0.0063892379 0.0060304055 0.00025000698 -0.0058332365 -0.01191648 -0.017999724 -0.024082967 -0.026383455 -0.018545209 -0.010706963 -0.0028687172 0.0049695287 0.012807775 0.015325934 0.016308016 0.017515404 0.018722793 0.019930182 0.02113757 0.020853429 0.018435442 0.016017454 0.013599467 0.01118148 0.0087634931 0.0089074879 0.0079548129 0.0070021379 0.0060494629 0.005096788 0.0040433692 0.0021325529 0.00012993058 -0.0018726917 -0.003875314 -0.0058779362
-9999 0.021108195 0.018461721 0.015815246 0.013168772 0.010522297 0.0091067541 0.010741296 0.011681967 0.010645461 0.0096089547 0.0085724487 0.0075359427 0.0048519251 0.0015066458 0.0020346142 0.0025625826 0.0030905509 0.0036185193 0.0021473563 -0.0039358872 -0.010019131 -0.016102374 -0.022185618 -0.026520181 -0.025507285 -0.024899057 -0.017060811 -0.0092225655 -0.0013843196 0.0064539263 0.012027288 0.013234677 0.014442066 0.015649454 0.016856843 0.019472448 0.020018331 0.015559358 0.01314137 0.010723383 0.0083053961 0.005887409 0.0043694227 0.0034412327 0.0024885577 0.0015358828 0.00058320776 -0.00036946723 0.0054267679 0.0035443301 0.0015417078 -0.00046091445 -0.0024635367
-9999 0.020006097 0.017359622 0.014713148 0.012066673 0.011718986 0.012092487 0.01372703 0.016816976 0.01921675 0.018180244 0.017143738 0.016107232 0.013423214 0.0074399595 0.0019368118 0.0024647801 0.0029927485 0.0035207169 0.0020495539 -0.0040336896 -0.010116933 -0.016200177 -0.017631698 -0.014955211 -0.013942315 -0.017388263 -0.020269305 -0.012431059 -0.0045928128 0.0032454331 0.0088187951 0.010026184 0.011233572 0.012440961 0.016401131 0.021956806 0.022502689 0.015881357 0.010215908 0.007797921 0.0053799338 0.0029619467 0.0014439604 0.00057297314 -0.00033358283 -0.0012862578 -0.0022389328 -0.0031916078 0.0026046273 0.0095672574 0.0098602117 0.0078575894 0.0058549671
-9999 0.018903998 0.016257524 0.013957718 0.014331219 0.01470472 0.015078221 0.016712763 0.019802709 0.022892655 0.0259826 0.025715026 0.02467852 0.021994503 0.016011248 0.010027994 0.0040447393 0.0028949461 0.0034229144 0.0019517515 -0.004131492 -0.010214736 -0.0087432163 -0.0060667284 -0.0033902406 -0.0023773448 -0.0058232928 -0.0092692408 -0.012715189 -0.007801306 3.693986e-05 0.0056103018 0.0068176905 0.0080250792 0.013329815 0.018885489 0.024441164 0.024987047 0.018365715 0.011744382 0.0051230494 0.0024544715 3.648437e-05 -0.001481502 -0.0023524892 -0.0032234764 -0.0041083984 -0.0050610734 -0.0060137484 -0.0002175133 0.0067451169 0.013707747 0.016176093 0.014173471
-9999 0.0178019 0.01656995 0.016943451 0.017316952 0.017690453 0.018063954 0.019698496 0.022788442 0.025878388 0.028968334 0.03205828 0.033249809 0.030565792 0.024582537 0.018599283 0.012616028 0.0066327737 0.003325112 0.001853949 -0.002531222 0.00014526589 0.0028217537 0.0054982416 0.0081747295 0.0091876253 0.0057416773 0.0022957293 -0.0011502187 -0.0045961667 -0.0031715534 0.0024018086 0.0047028246 0.010258499 0.015814173 0.021369847 0.026925522 0.027471405 0.020850073 0.01422874 0.0076074074 0.00098607484 -0.0028889779 -0.0044069643 -0.0052779515 -0.0061489387 -0.0070199259 -0.0078909131 -0.008835889 -0.0030396539 0.0039229763 0.010885606 0.017848237 0.022491975
-9999 0.018282661 0.018656162 0.019029663 0.019403164 0.019776665 0.020150166 0.021292004 0.024381949 0.027471895 0.030561841 0.033651787 0.036741733 0.037701061 0.031717807 0.025734552 0.019751298 0.013768043 0.0077847885 0.0044201102 0.0070965981 0.0097730859 0.012449574 0.015126062 0.01780255 0.020339384 0.016893436 0.013447488 0.01000154 0.0065555924 0.0031096444 0.0027383562 0.0082940304 0.013849705 0.019405379 0.024961053 0.030516727 0.029312941 0.022691609 0.016070276 0.0094489436 0.0028276111 -0.0037937215 -0.0093709114 -0.010241899 -0.011112886 -0.011983873 -0.01285486 -0.013725847 -0.0079175749 -0.00095494474 0.0060076854 0.012970316 0.019932946
-9999 0.015894781 0.016268282 0.016641783 0.017015284 0.017292218 0.015491258 0.015960778 0.019050724 0.02214067 0.025230616 0.028320562 0.029735573 0.030533253 0.030413365 0.025727267 0.019744012 0.013760757 0.007777503 0.0044128247 0.0070893126 0.0097658004 0.012442288 0.015118776 0.015284937 0.016813727 0.023412038 0.022543996 0.019098048 0.0156521 0.012206152 0.011834864 0.017390538 0.022946212 0.028501887 0.034057561 0.032110329 0.027957175 0.021335842 0.01471451 0.008093177 0.00063194174 -0.015959471 -0.023826297 -0.025344976 -0.026215963 -0.02708695 -0.027957938 -0.028828925 -0.023020652 -0.016058022 -0.0090953919 -0.0021327617 0.0028240262
-9999 0.0135069 0.013880401 0.014253902 0.013761953 0.011960993 0.010160033 0.010629553 0.013719499 0.016809445 0.019410003 0.02066588 0.021921756 0.022719436 0.022599548 0.022479661 0.019736727 0.013753472 0.0077702175 0.0044055392 0.0070820271 0.0097585149 0.011956618 0.011593972 0.011231325 0.012760114 0.019358426 0.025956738 0.028194556 0.024748608 0.02130266 0.020931372 0.026487046 0.03204272 0.035610424 0.033182493 0.030754563 0.026601408 0.019980075 0.013358743 0.0030358225 -0.01355559 -0.030147003 -0.038013829 -0.03960866 -0.041203492 -0.042190028 -0.043061015 -0.043932002 -0.038123729 -0.031161099 -0.024198469 -0.019963076 -0.015973466
-9999 0.01111902 0.011492521 0.010231687 0.0084307274 0.0066297677 0.004828808 0.0052983283 0.0083882741 0.01034031 0.011596186 0.012852063 0.014107939 0.014905619 0.014785731 0.014665844 0.014545957 0.013746186 0.007762932 0.0043982537 0.0070747416 0.008265653 0.0079030063 0.0075403597 0.0071777131 0.0087065024 0.015304814 0.021903126 0.028501437 0.033845116 0.030399168 0.030027879 0.035583554 0.036682587 0.034254657 0.031826726 0.029398796 0.025245641 0.018624309 0.0054397032 -0.011151709 -0.027743122 -0.044334535 -0.052201361 -0.053796192 -0.055391024 -0.056985856 -0.058164092 -0.059035079 -0.053226807 -0.046739788 -0.042750178 -0.038760568 -0.034770957
-9999 0.0085023814 0.0067014217 0.004900462 0.0030995023 0.0012985426 -0.00050241715 -3.2896867e-05 0.001270616 0.0025264926 0.0037823693 0.0050382459 0.0062941225 0.0070918018 0.0069719145 0.0068520272 0.0067321399 0.0066122527 0.0064923654 0.0043909682 0.0045746875 0.0042120409 0.0038493943 0.0034867477 0.003124101 0.0046528903 0.011251202 0.017849514 0.024447825 0.031046137 0.037644449 0.039124387 0.037754751 0.035326821 0.03289889 0.03047096 0.028043029 0.023889875 0.007843584 -0.0087478287 -0.025339241 -0.041930654 -0.058522067 -0.066388892 -0.067983724 -0.069578556 -0.071173388 -0.072768219 -0.074138157 -0.06952689 -0.06553728 -0.06154767 -0.057558059 -0.053568449
-9999 0.0055324471 0.0037314874 0.0019305277 0.00012956797 -0.0016713917 -0.0046176518 -0.0025738391 0.0024645651 0.0037204418 0.0049763184 0.006232195 0.0074880717 0.0052363928 0.00021355932 9.3672034e-05 -2.6215254e-05 -0.00014610254 -0.00026598983 -0.0004592839 -0.00082193051 -0.0011845771 -0.0015472237 -0.0019098703 -0.0029123728 -0.0047800402 0.0016590867 0.0082573984 0.01485571 0.021454022 0.028052333 0.031567576 0.029139646 0.026711715 0.024283785 0.021855854 0.017739071 0.012387041 0.0027137137 -0.013877699 -0.030469112 -0.047060524 -0.063651937 -0.069709006 -0.070546839 -0.072141671 -0.073736502 -0.075331334 -0.076926166 -0.080560327 -0.076570716 -0.072581106 -0.068591496 -0.064601886
