P2_models/J1_p2_vp_slide_diff_100.dat.tif
NCOLS 118
NROWS 92
XLLCORNER 139.62
YLLCORNER -39.07
DX 0.099491525
DY 0.099347826
NODATA_VALUE -9999
[rows 0 to 26 of 92, columns 0 to 59 of 118]
-9999 -9999 -9999 -9999 -9999 -9999 -9999 -9999 -9999 -9999 -9999 -9999 -9999 -9999 -9999 -9999 -9999 -9999 -9999 -9999 -9999 -9999 -9999 -9999 -9999 -9999 -9999 -9999 -9999 -9999 -9999 -9999 -9999 -9999 -9999 -9999 -9999 -9999 -9999 -9999 -9999 -9999 -9999 -9999 -9999 -9999 -9999 -9999 -9999 -9999 -9999 -9999 -9999 -9999 -9999 -9999 -9999 -9999 -9999 -9999
-9999 8.1045294 8.1038865 8.1032436 8.1026006 8.1019577 8.1005197 8.1009897 8.1030898 8.1035369 8.103984 8.104431 8.1048781 8.1064842 8.109439 8.111279 8.1131189 8.1149588 8.1167988 8.1192535 8.1231265 8.1269996 8.1308726 8.1347456 8.1376556 8.1340546 8.1279851 8.1205023 8.1130195 8.1055367 8.098054 8.0953535 8.1018719 8.1083903 8.1149087 8.1214271 8.1265776 8.1305926 8.135739 8.1388777 8.1420165 8.1451553 8.1482941 8.1442511 8.1367909 8.1298883 8.1229857 8.1160831 8.1091805 8.1010934 8.0947919 8.0884903 8.0821888 8.0758873 8.0729369 8.0784053 8.0793711 8.0803368 8.0813026 8.0822684
-9999 8.0993841 8.0987411 8.0980982 8.0974552 8.095399 8.0924575 8.0929274 8.0973348 8.1005002 8.1009472 8.1013943 8.1018413 8.1034475 8.1073747 8.1108476 8.1126876 8.1145275 8.1163674 8.1188221 8.1226952 8.1265682 8.1304413 8.1316305 8.1285703 8.1249693 8.1199188 8.1144023 8.1069196 8.0994368 8.091954 8.0892536 8.095772 8.1022903 8.1088087 8.1127817 8.1141216 8.1181366 8.1259786 8.1320966 8.1352354 8.1383742 8.141513 8.13747 8.128264 8.120376 8.1134734 8.1065707 8.0996681 8.0914904 8.0830922 8.0765355 8.0702339 8.0639324 8.0609821 8.06964 8.0763774 8.0773432 8.0783089 8.0792747
-9999 8.0942387 8.0935957 8.0929528 8.0902782 8.0873367 8.0843952 8.0848652 8.0892725 8.0936798 8.0979105 8.0983575 8.0988046 8.1004107 8.104338 8.1082653 8.1121925 8.1140962 8.1159361 8.1183908 8.1222638 8.1261369 8.1256053 8.1225451 8.1194849 8.1158839 8.1108335 8.105783 8.1007326 8.0933368 8.0858541 8.0831536 8.089672 8.0961904 8.0989858 8.1003258 8.1016657 8.1056807 8.1135227 8.1213647 8.1284543 8.1315931 8.1347319 8.1306889 8.1214829 8.112277 8.103961 8.0970584 8.0901558 8.081978 8.0735799 8.0651817 8.0582791 8.0519775 8.0490272 8.0576851 8.066343 8.0743495 8.0753153 8.076281
-9999 8.0890933 8.088099 8.0851575 8.0822159 8.0792744 8.0763329 8.0768029 8.0812102 8.0856175 8.0900248 8.0944321 8.0957679 8.097374 8.1013013 8.1052285 8.1091558 8.1130831 8.1155048 8.1179595 8.1218325 8.1195801 8.1165199 8.1134598 8.1103996 8.1067986 8.1017481 8.0966977 8.0916472 8.0865967 8.0797541 8.0770537 8.083572 8.08519 8.0865299 8.0878698 8.0892098 8.0932247 8.1010667 8.1089087 8.1167507 8.1245927 8.1279508 8.1239078 8.1147018 8.1054959 8.09629 8.0875461 8.0806434 8.0724657 8.0640675 8.0556694 8.0472712 8.0400227 8.0370724 8.0457303 8.0543882 8.063046 8.0717039 8.0732873
-9999 8.0829782 8.0800367 8.0770952 8.0741537 8.0712121 8.0682706 8.0687406 8.0731479 8.0775552 8.0819625 8.0863698 8.0907772 8.0943373 8.0982645 8.1021918 8.1061191 8.1100463 8.1139736 8.1166152 8.113555 8.1104948 8.1074346 8.1043744 8.1013142 8.0977132 8.0926628 8.0876123 8.0825618 8.0775114 8.0724609 8.0700542 8.0713941 8.072734 8.074074 8.0754139 8.0767538 8.0807688 8.0886108 8.0964528 8.1042948 8.1121368 8.1199788 8.1171266 8.1079207 8.0987148 8.0895088 8.0803029 8.0711311 8.0629533 8.0545552 8.046157 8.0377589 8.0293607 8.0251175 8.0337754 8.0424333 8.0510912 8.0597491 8.068407
-9999 8.0806425 8.077701 8.0747594 8.0718179 8.0688764 8.0663518 8.067205 8.0716123 8.0760196 8.0804269 8.0848342 8.0887046 8.0914599 8.0937752 8.0977025 8.1016298 8.105557 8.1094843 8.1112986 8.1082384 8.1051783 8.1021181 8.0990579 8.0955338 8.0932878 8.0949861 8.0899356 8.0848851 8.0798347 8.0747842 8.0719165 8.0732564 8.0745964 8.0759363 8.0772762 8.0757187 8.0762779 8.0841199 8.0919619 8.0998039 8.1076459 8.1136623 8.1175123 8.1139715 8.1047656 8.0955596 8.0863537 8.0771478 8.0686306 8.0602324 8.0518343 8.0434361 8.0367461 8.0374481 8.046106 8.0547639 8.0634217 8.0720796 8.0740103
-9999 8.079214 8.0762725 8.0733309 8.0703894 8.0680765 8.0658502 8.0667034 8.0711107 8.075518 8.0799253 8.083444 8.0866629 8.0894182 8.0912449 8.0930715 8.0969103 8.1008376 8.1047648 8.1065792 8.103519 8.1004588 8.0973986 8.093532 8.0892252 8.0869792 8.0902569 8.0935345 8.0890159 8.0839654 8.078915 8.0760473 8.0773872 8.0787271 8.0800671 8.0770211 8.0724897 8.0730489 8.0808909 8.0887329 8.0965748 8.1019344 8.1069483 8.1107983 8.1138117 8.1128493 8.1036434 8.0944375 8.0852315 8.0767143 8.0683162 8.059918 8.0545191 8.0529242 8.0536261 8.062284 8.0709419 8.0795998 8.0794795 8.0773298
-9999 8.0777855 8.074844 8.0720276 8.0698013 8.0675749 8.0653486 8.0662018 8.0706091 8.0749644 8.0781833 8.0814023 8.0846212 8.0873765 8.0892031 8.0910298 8.0928565 8.0961181 8.1000454 8.1018597 8.0987996 8.0957394 8.0915302 8.0872234 8.0829166 8.0806706 8.0839483 8.0872259 8.0905036 8.0880962 8.0830457 8.080178 8.0815179 8.0828549 8.0783235 8.0737921 8.0692607 8.0698199 8.0776619 8.0851927 8.0902065 8.0952204 8.1002342 8.1040843 8.1070977 8.110111 8.1117271 8.1025212 8.0933153 8.0847981 8.0763999 8.072292 8.0706971 8.0691022 8.0698042 8.0784621 8.0870984 8.0849487 8.082799 8.0806493
-9999 8.076357 8.0737523 8.071526 8.0692997 8.0670733 8.064847 8.0657002 8.0697037 8.0729227 8.0761416 8.0793606 8.0825795 8.0853348 8.0871614 8.0889881 8.0908148 8.0926414 8.0953259 8.0971403 8.0938353 8.0895285 8.0852216 8.0809148 8.076608 8.074362 8.0776397 8.0809173 8.084195 8.0874727 8.0871765 8.0843088 8.0841573 8.0796259 8.0750945 8.0705631 8.0660317 8.0665908 8.0734648 8.0784787 8.0834925 8.0885064 8.0935202 8.0973703 8.1003836 8.103397 8.1064104 8.1094238 8.101399 8.0928818 8.0900649 8.08847 8.0868752 8.0852803 8.0859822 8.0925677 8.0904179 8.0882682 8.0861185 8.0839687
-9999 8.0758767 8.0736504 8.0714241 8.0691978 8.0669714 8.0647451 8.0653023 8.0685212 8.0717402 8.0749591 8.0781781 8.0813971 8.0837117 8.0855384 8.087365 8.0891917 8.0910184 8.092845 8.092817 8.0885102 8.0842034 8.0798966 8.0755897 8.0712829 8.0679848 8.0712624 8.0745401 8.0778177 8.0810954 8.084373 8.0849834 8.0804519 8.0759205 8.0713891 8.0668577 8.0623263 8.0624696 8.0674835 8.0724974 8.0775112 8.0825251 8.0875389 8.0918667 8.0948801 8.0978934 8.1009068 8.1039202 8.1069335 8.1060177 8.1044229 8.102828 8.1012331 8.0996382 8.0965437 8.094394 8.0922443 8.0900946 8.0879448 8.0857951
-9999 8.0783944 8.0761681 8.0739417 8.0717154 8.0694891 8.0686342 8.069751 8.0729699 8.0761889 8.0794079 8.0826268 8.0855664 8.0873146 8.0868436 8.0884856 8.0903123 8.0921389 8.0939656 8.0939376 8.0896308 8.0853239 8.0810171 8.0767103 8.0727533 8.0689785 8.0652614 8.0677126 8.0709902 8.0742679 8.0775456 8.0781559 8.0736245 8.0690931 8.0645616 8.0600302 8.0591861 8.0612903 8.0663042 8.071318 8.0763319 8.0813457 8.0887231 8.0939105 8.0973093 8.1003227 8.1033361 8.1063494 8.1093628 8.108447 8.1068521 8.1052572 8.1036623 8.0972233 8.0885845 8.0864348 8.0842851 8.0821353 8.0799856 8.0803896
-9999 8.080912 8.0786857 8.0764594 8.0744921 8.0737875 8.0730829 8.0741997 8.0774186 8.0806376 8.0838424 8.0866986 8.0895548 8.091303 8.090832 8.0903611 8.0914328 8.0932595 8.0950862 8.0950581 8.0907513 8.0864445 8.0821377 8.0783074 8.0745111 8.0707364 8.0670193 8.0633022 8.0641628 8.0674404 8.0707181 8.0713284 8.066797 8.0622656 8.0578662 8.0579365 8.0580068 8.060111 8.0651248 8.0701387 8.0755382 8.083045 8.0905518 8.0957391 8.099259 8.102752 8.1057653 8.1087787 8.1117921 8.1108763 8.1092814 8.1076865 8.0997763 8.0892641 8.0806253 8.0784756 8.0763259 8.0743984 8.0750408 8.0756832
-9999 8.0834297 8.0812033 8.0796454 8.0789408 8.0782362 8.0775316 8.0786484 8.0818674 8.0849746 8.0878308 8.090687 8.0935432 8.0952914 8.0948204 8.0943495 8.0938786 8.0943801 8.0962067 8.0961787 8.0918719 8.0876578 8.0838615 8.0800652 8.076269 8.0724942 8.0687771 8.06506 8.0613429 8.060613 8.0638906 8.0645009 8.0599695 8.0566165 8.0566868 8.0567571 8.0568275 8.0589316 8.0639455 8.06986 8.0773668 8.0848736 8.0923804 8.0975677 8.1010876 8.1046075 8.1081274 8.111208 8.1142213 8.1133055 8.1117106 8.1023293 8.0918171 8.0813049 8.0726661 8.0705164 8.0690495 8.069692 8.0703344 8.0709768
-9999 8.0859473 8.0847987 8.0840941 8.0833895 8.0826849 8.0819803 8.0830971 8.0861068 8.088963 8.0918192 8.0946754 8.0975317 8.0992798 8.0988088 8.0983379 8.097867 8.0973961 8.0973273 8.0972993 8.0932119 8.0894156 8.0856193 8.0818231 8.0780268 8.074252 8.0705349 8.0668178 8.0631007 8.0593836 8.0570631 8.0576735 8.0553668 8.0554372 8.0555075 8.0555778 8.0556481 8.0577523 8.0641818 8.0716886 8.0791954 8.0867022 8.094209 8.0993963 8.1029163 8.1064362 8.1099561 8.113476 8.1166506 8.1153944 8.1048822 8.09437 8.0838579 8.0733457 8.0647069 8.0637007 8.0643431 8.0649856 8.065628 8.0662704
-9999 8.0897815 8.0890769 8.0883723 8.0876677 8.0869631 8.0862585 8.0874558 8.0903121 8.0931683 8.0960245 8.0988807 8.101737 8.1029032 8.102344 8.1018731 8.1014022 8.1009312 8.1004603 8.0989838 8.0951876 8.0913913 8.087595 8.0837988 8.0800025 8.0739094 8.0690976 8.0653805 8.0616634 8.0579463 8.0542292 8.0518057 8.051876 8.0519464 8.0520167 8.052087 8.0521573 8.0527567 8.0602635 8.0677703 8.0752771 8.0827839 8.0902907 8.0970798 8.1005997 8.1041196 8.1076395 8.1111594 8.1146793 8.1049214 8.0944092 8.083897 8.0733849 8.0628727 8.0574479 8.0596381 8.0602805 8.0609229 8.0615654 8.0622078
-9999 8.0936634 8.0929588 8.0922542 8.0915496 8.0912331 8.0931125 8.0945421 8.0954527 8.0978776 8.1007338 8.10359 8.1064463 8.1076125 8.1053943 8.1043551 8.1038842 8.1034132 8.1029423 8.1014658 8.0976696 8.0938733 8.090077 8.0862808 8.0837042 8.0780632 8.0639627 8.0565186 8.0528015 8.0490844 8.0453673 8.0429439 8.0430142 8.0430845 8.0431548 8.0435413 8.0511257 8.0527256 8.0457638 8.0504984 8.0580052 8.065512 8.0730188 8.0807636 8.0886513 8.0921712 8.0956912 8.0992111 8.102731 8.0911578 8.078095 8.0675828 8.0570707 8.0465585 8.0411337 8.0533308 8.0577137 8.0583562 8.0589986 8.059641
-9999 8.0975454 8.0968408 8.0961362 8.0965845 8.0984639 8.1003433 8.101773 8.1026836 8.1035941 8.1054431 8.1082993 8.1111555 8.1123218 8.1101036 8.1078854 8.1063662 8.1058952 8.1054243 8.1039478 8.1001516 8.0963553 8.0928276 8.0903428 8.087858 8.082217 8.0681165 8.054016 8.0439397 8.0402226 8.0365055 8.0340821 8.0341524 8.0342227 8.036514 8.0440985 8.0516829 8.0532828 8.046321 8.0393592 8.0407333 8.0482401 8.0557469 8.0634917 8.0714075 8.0793234 8.0837428 8.0872627 8.0907826 8.0792095 8.0650278 8.0512687 8.0407565 8.0302443 8.0248195 8.0370166 8.0492138 8.0557894 8.0564318 8.0570743
-9999 8.1014274 8.1007228 8.1019359 8.1038153 8.1056947 8.1075741 8.1090038 8.1099144 8.110825 8.1117356 8.1130086 8.1158648 8.117031 8.1148129 8.1125947 8.1103766 8.1083772 8.1079063 8.1064299 8.1026336 8.0994662 8.0969814 8.0944966 8.0920118 8.0863708 8.0722703 8.0581698 8.0440693 8.0313608 8.0276437 8.0252202 8.0252906 8.0294867 8.0370712 8.0446557 8.0522401 8.05384 8.0468782 8.0399164 8.0329545 8.0309681 8.0384749 8.0462197 8.0541356 8.0620514 8.0699673 8.0753143 8.0788342 8.0672611 8.0530795 8.0388978 8.0247162 8.0139301 8.0085053 8.0207025 8.0328996 8.0450967 8.0538651 8.0545075
-9999 8.1054079 8.1072873 8.1091667 8.1110461 8.1129255 8.114805 8.1162346 8.1171452 8.1180558 8.1189664 8.119877 8.1207876 8.1217403 8.1195222 8.117304 8.1150859 8.1128677 8.1106495 8.1089119 8.1061048 8.10362 8.1011352 8.0986504 8.0961656 8.0905246 8.0764241 8.0623236 8.0482231 8.0341227 8.0200222 8.0163584 8.0224595 8.0300439 8.0376284 8.0452129 8.0527973 8.0543972 8.0474354 8.0404736 8.0335117 8.0265499 8.021203 8.0289478 8.0368636 8.0447795 8.0526954 8.0606112 8.0668858 8.0553127 8.0411311 8.0269495 8.0127678 7.9985862 7.9921911 8.0043883 8.0165854 8.0287825 8.0409797 8.0519407
-9999 8.1070961 8.1089755 8.1108549 8.1127343 8.1146137 8.117519 8.1216567 8.1225672 8.1234778 8.1243884 8.125299 8.1259646 8.1234372 8.1210779 8.1188597 8.1166416 8.1144234 8.1122052 8.1099064 8.1074216 8.1049368 8.102452 8.0999672 8.0974824 8.0922208 8.0822132 8.0681127 8.0540122 8.0399117 8.0258113 8.0191177 8.0267021 8.0342866 8.041871 8.0494555 8.0563092 8.0544941 8.0475323 8.0405705 8.0336086 8.0266468 8.0214829 8.0205767 8.0275139 8.0354298 8.0433457 8.0512615 8.0591774 8.048252 8.0340704 8.0198888 8.0057071 7.9915255 7.988017 8.0002141 8.0124112 8.0246083 8.0368055 8.0441995
-9999 8.1046033 8.1064827 8.1083621 8.1102415 8.1146429 8.1215766 8.1257143 8.1266249 8.1275355 8.128446 8.1281013 8.1255987 8.1230713 8.1204945 8.1180366 8.1158185 8.1136003 8.1113821 8.1090833 8.1065985 8.1041137 8.1016289 8.0983428 8.0929238 8.0876574 8.0827998 8.0751353 8.0610348 8.0469344 8.0328339 8.0261403 8.0337247 8.0413092 8.0488936 8.0542765 8.056059 8.0542439 8.047282 8.0403202 8.0333584 8.0296638 8.0290284 8.0281223 8.0270214 8.032056 8.0399718 8.0478877 8.0558036 8.0448782 8.0306966 8.016515 8.0029794 7.9958219 7.9930002 8.0051973 8.0173945 8.0295916 8.0336541 8.0282956
-9999 8.1021105 8.1039899 8.1058693 8.1117668 8.1187005 8.1256342 8.1297719 8.1306825 8.1315931 8.130238 8.1277354 8.1252328 8.1227054 8.1201286 8.1175518 8.1149953 8.1127772 8.110559 8.1082602 8.1057754 8.1032906 8.0991983 8.0937793 8.0883604 8.0830939 8.0782364 8.0733789 8.0680575 8.053957 8.0398565 8.0331629 8.0407474 8.0483318 8.0522439 8.0540263 8.0558087 8.0539936 8.0470318 8.0400699 8.0378448 8.0372094 8.036574 8.0356678 8.034567 8.0334661 8.036598 8.0445139 8.0524298 8.0415044 8.0273228 8.0151202 8.0079627 8.0008051 7.9979835 8.0101806 8.0223777 8.0231087 8.0177502 8.0123917
-9999 8.0996177 8.1019569 8.1088906 8.1158244 8.1227581 8.1296919 8.1338295 8.1347401 8.1323747 8.1298721 8.1273695 8.1248669 8.1223395 8.1197627 8.1171859 8.114609 8.1120322 8.1097359 8.1074371 8.1049523 8.1000538 8.0946349 8.0892159 8.0837969 8.0785305 8.073673 8.0688154 8.0639579 8.0591003 8.0468791 8.0401855 8.04777 8.0502112 8.0519936 8.053776 8.0555584 8.0537433 8.0467815 8.0460257 8.0453903 8.044755 8.0441196 8.0432134 8.0421125 8.0410117 8.0399108 8.0411401 8.0490559 8.0381306 8.027261 8.0201034 8.0129459 8.0057884 8.0029667 8.0151638 8.0125633 8.0072048 8.0018463 7.9964878
-9999 8.0990808 8.1060145 8.1129482 8.119882 8.1268157 8.1337495 8.1370141 8.1345114 8.1320088 8.1295062 8.1270036 8.124501 8.1219736 8.1193968 8.11682 8.1142431 8.1116663 8.1090895 8.1063283 8.1009094 8.0954904 8.0900714 8.0846524 8.0792335 8.0739671 8.0691095 8.064252 8.0593944 8.0545369 8.0496793 8.0463961 8.0481785 8.0499609 8.0517433 8.0535257 8.0553081 8.054842 8.0542067 8.0535713 8.0529359 8.0523005 8.0516652 8.050759 8.0496581 8.0485573 8.0474564 8.0463555 8.0456821 8.0394017 8.0322442 8.0250867 8.0179292 8.0107716 8.0073764 8.0020179 7.9966594 7.9913009 7.9859424 7.9805839
-9999 8.0964207 8.1033545 8.1102882 8.117222 8.1241557 8.1326953 8.1400458 8.1418911 8.1393885 8.1368859 8.1343833 8.1318806 8.128735 8.1247907 8.1222139 8.119637 8.1170602 8.1144834 8.1110471 8.1056281 8.1002092 8.0947902 8.0893712 8.0837415 8.0735608 8.0558841 8.0510266 8.046169 8.0413115 8.0364539 8.0338644 8.0356468 8.0374292 8.0392116 8.0409941 8.0409818 8.0425218 8.0464757 8.0458404 8.045205 8.0445696 8.0439342 8.0410187 8.0384172 8.0373163 8.0362154 8.0351146 8.0340137 8.0387724 8.0334996 8.0263421 8.0191845 8.012027 8.006536 8.005545 8.0001865 7.994828 7.9894695 7.984111
-9999 8.0924733 8.099407 8.1063407 8.1132745 8.1226755 8.1325194 8.1398699 8.1443426 8.1482527 8.14575 8.1432474 8.1407448 8.1375992 8.133166 8.1287328 8.1261348 8.123558 8.1209811 8.1175449 8.1121259 8.1067069 8.101288 8.0954886 8.0894523 8.0792716 8.0579831 8.0366946 8.0312836 8.026426 8.0215685 8.0189789 8.0207613 8.0225438 8.0243262 8.0233319 8.0212407 8.0227808 8.0295158 8.0351816 8.0345462 8.0339109 8.0332755 8.0303599 8.0258051 8.0224748 8.0213739 8.0202731 8.0191722 8.0239309 8.0297023 8.026883 8.0197255 8.0125679 8.0070769 8.0073583 8.0074376 8.0020791 7.9967206 7.9913621
