P2_models/J1_p2_vp_slide_diff2_160.dat.tif
NCOLS 118
NROWS 92
XLLCORNER 139.62
YLLCORNER -39.07
DX 0.099491525
DY 0.099347826
NODATA_VALUE -9999
[rows 48 to 71 of 92, columns 55 to 109 of 118]
0.0074202023 0.011552121 0.015684039 0.019815958 0.023527151 0.020389512 0.024478614 0.028567716 0.032656818 0.036745919 0.040835021 0.037367191 0.033639696 0.029912201 0.026184706 0.02245721 0.022846079 0.018296368 0.013746658 0.0091969472 0.0046472365 0.0039261147 -0.0065435253 -0.014553907 -0.022564289 -0.030574671 -0.038585053 -0.054302129 -0.073579832 -0.092857535 -0.11213524 -0.13141294 -0.13549301 -0.11102262 -0.084186379 -0.057350136 -0.030513892 -0.0049415825 -0.020501277 -0.036060971 -0.051620665 -0.06718036 -0.084459452 -0.076885724 -0.066310923 -0.055736122 -0.045161321 -0.03254821 -0.015429771 -0.0031035666 0.0092226375 0.021548842 0.032841737 0.030544894 0.027324751
0.018757555 0.022889474 0.027021393 0.029377352 0.027924065 0.023587192 0.017290799 0.020059126 0.024148228 0.02823733 0.032326432 0.028858602 0.025131107 0.021403611 0.018915498 0.024686188 0.025929615 0.021379904 0.016830194 0.012280483 0.01343611 0.017181102 0.0036211576 -0.0078256308 -0.015836013 -0.023846395 -0.031856776 -0.047573852 -0.066851556 -0.086129259 -0.10540696 -0.10856681 -0.10956301 -0.10703724 -0.086847356 -0.060011112 -0.033174869 -0.0076025589 -0.023162253 -0.038721947 -0.054281642 -0.072225116 -0.092829616 -0.085255889 -0.074681088 -0.064106287 -0.048939282 -0.021768529 -0.0046500899 0.0076761141 0.020002318 0.02988301 0.029313123 0.02701628 0.023796137
0.030094909 0.034226827 0.035227553 0.033774266 0.032320979 0.027984106 0.021687713 0.015391321 0.015639639 0.01972874 0.023817842 0.020350012 0.016622517 0.016228345 0.021999034 0.027769723 0.02901315 0.02446344 0.019913729 0.022752338 0.026691097 0.030436089 0.016876145 0.0033162005 -0.0091077364 -0.017118118 -0.0251285 -0.040845576 -0.060123279 -0.076735274 -0.079686042 -0.082636811 -0.083633005 -0.081107234 -0.078581464 -0.062672089 -0.035835845 -0.010263535 -0.025823229 -0.041382924 -0.059990781 -0.080595281 -0.10119978 -0.093626054 -0.083051253 -0.065330354 -0.038159601 -0.010988848 0.0061295907 0.018455795 0.026924284 0.026354396 0.025784509 0.023487666 0.020267523
0.041432262 0.041077754 0.039624467 0.03817118 0.036717893 0.03238102 0.026084627 0.019788235 0.013491843 0.011220151 0.015309253 0.011841423 0.013541191 0.01931188 0.02508257 0.030853259 0.032096686 0.028129807 0.032068566 0.036007325 0.039946084 0.043691076 0.030131132 0.016571187 0.0030112435 -0.010389842 -0.018400224 -0.0341173 -0.047854502 -0.05080527 -0.053756039 -0.056706807 -0.057703002 -0.055177231 -0.05265146 -0.05012569 -0.038496821 -0.012924512 -0.028484206 -0.047756446 -0.068360946 -0.088965446 -0.10956995 -0.10199622 -0.081721427 -0.054550674 -0.027379921 -0.00020916778 0.016909271 0.023965557 0.02339567 0.022825782 0.022255895 0.019959052 0.018595457
0.046927955 0.045474668 0.044021381 0.042568094 0.041114807 0.036777934 0.030481541 0.024185149 0.017888757 0.011592365 0.0068006634 0.010854037 0.016624727 0.022395416 0.028166106 0.033936795 0.037446035 0.041384794 0.045323553 0.049262312 0.053201071 0.056946063 0.043386118 0.029826174 0.01626623 0.0027062864 -0.010853658 -0.01897373 -0.021924499 -0.024875267 -0.027826036 -0.030776804 -0.031772998 -0.029247228 -0.026721457 -0.024195686 -0.021669916 -0.015585488 -0.035522111 -0.056126611 -0.076731111 -0.097335611 -0.11794011 -0.098112499 -0.070941746 -0.043770993 -0.01660024 0.010570513 0.02100683 0.020436943 0.019867055 0.019297168 0.018727281 0.018817679 0.020443768
0.045328114 0.043874827 0.04242154 0.040968253 0.038604219 0.039739568 0.03797575 0.031679358 0.025382965 0.019086573 0.012790181 0.018160005 0.023930694 0.029701383 0.035472073 0.038638246 0.040437247 0.044376006 0.048314765 0.052253523 0.056105052 0.054163819 0.036977999 0.023418055 0.0098581114 -0.0037018327 -0.017261777 -0.023565189 -0.026515958 -0.029466726 -0.032417495 -0.035904815 -0.038684669 -0.037526299 -0.035000528 -0.032474757 -0.029948986 -0.028112789 -0.048717289 -0.069321789 -0.089926289 -0.11053079 -0.10104733 -0.075076619 -0.047905866 -0.020735113 0.0064356397 0.020454388 0.022248962 0.021679074 0.021109187 0.020539299 0.020086034 0.021016962 0.022643052
0.042724985 0.041271698 0.039818411 0.037145981 0.034262503 0.035397852 0.039264164 0.03969176 0.033395368 0.027098975 0.020802583 0.026172407 0.031943096 0.037713786 0.039785468 0.039912274 0.041711275 0.045650033 0.049588792 0.052457263 0.050687788 0.048746555 0.031466003 0.014185451 0.00016025172 -0.013399692 -0.026959636 -0.033263049 -0.036213817 -0.039164586 -0.042887683 -0.047404973 -0.050184828 -0.049833979 -0.049002956 -0.046477185 -0.043951415 -0.042115218 -0.062719717 -0.083324217 -0.10392872 -0.090664019 -0.075960927 -0.049990213 -0.02281946 0.0043512927 0.015740364 0.02249469 0.024289264 0.023719376 0.023149489 0.02271335 0.022344038 0.023274966 0.024901055
0.040121856 0.03857122 0.035687742 0.032804265 0.029920787 0.031056136 0.034922448 0.03878876 0.04140777 0.035111378 0.028814985 0.034184809 0.039955498 0.040932689 0.041059496 0.041186302 0.042985302 0.046924061 0.048809474 0.047039999 0.045270524 0.043329291 0.026048739 0.0087681873 -0.0085123644 -0.023097552 -0.036657496 -0.042960909 -0.045911677 -0.049870551 -0.054387842 -0.058905132 -0.061684987 -0.061334138 -0.06098329 -0.060479614 -0.057953843 -0.056117646 -0.076722146 -0.094983796 -0.080280705 -0.065577613 -0.050874521 -0.024903807 0.0022669457 0.011026339 0.017780666 0.024534992 0.026329566 0.025759678 0.025340666 0.024971353 0.024602041 0.025532969 0.027159059
0.037112982 0.034229504 0.031346026 0.028462549 0.025579071 0.02671442 0.030580732 0.034447044 0.038313356 0.042179667 0.036827387 0.041953104 0.042079911 0.042206717 0.042333524 0.04246033 0.04425933 0.045161685 0.04339221 0.041622735 0.03985326 0.037912026 0.020631475 0.0033509231 -0.013929629 -0.03121018 -0.046355356 -0.052658768 -0.056853419 -0.06137071 -0.065888 -0.070405291 -0.073185145 -0.072834297 -0.072483448 -0.0721326 -0.071781752 -0.070120074 -0.084600482 -0.06989739 -0.055194299 -0.040491207 -0.025788115 -0.00044201218 0.0063123144 0.013066641 0.019820968 0.026575294 0.028369868 0.027967982 0.027598669 0.027229357 0.026860044 0.027790972 0.025627281
0.032681164 0.029797687 0.026914209 0.024030732 0.021147254 0.020795853 0.024662165 0.028528477 0.032394789 0.0362611 0.040127412 0.041892544 0.04201935 0.042146157 0.042272963 0.04239977 0.041694732 0.039925257 0.038155782 0.036386307 0.034616831 0.030481478 0.013963546 -0.0033170052 -0.020597557 -0.037878109 -0.05515866 -0.063709315 -0.068226606 -0.072743897 -0.077261187 -0.081778478 -0.082067882 -0.081717034 -0.081366186 -0.081015337 -0.080664489 -0.079885763 -0.065182671 -0.050479579 -0.035776487 -0.021073396 -0.0051147959 0.0035352583 0.010289585 0.017043911 0.023798238 0.030552565 0.027402162 0.027032849 0.026663537 0.026294224 0.025924912 0.02514362 0.022102761
0.027464546 0.025058133 0.022174656 0.019291178 0.0164077 0.014397655 0.013357928 0.01722424 0.021090551 0.024956863 0.028823175 0.034370057 0.03740056 0.037527366 0.037654173 0.037780979 0.037075941 0.035306466 0.033536991 0.031767516 0.026052798 0.016028577 0.0017353992 -0.014256526 -0.031537077 -0.048817629 -0.06609818 -0.074648836 -0.079166126 -0.083683417 -0.088200708 -0.089662526 -0.088011306 -0.082132859 -0.081309226 -0.080958378 -0.080607529 -0.079828803 -0.065125711 -0.05042262 -0.035719528 -0.018727846 0.0038196645 0.013393048 0.020882492 0.027636818 0.034391145 0.041145471 0.029383543 0.015191692 0.01482238 0.014453067 0.014083755 0.015419614 0.016129087
0.020749295 0.019455728 0.017435102 0.014551624 0.011668147 0.0096581019 0.0082415913 0.0068250807 0.0097863142 0.013652626 0.017518938 0.02306582 0.028670449 0.032908575 0.033035382 0.033162188 0.032457151 0.030687675 0.0289182 0.021576318 0.011599897 0.0015756761 -0.012717502 -0.02701068 -0.042476597 -0.059757149 -0.077037701 -0.085588356 -0.090105647 -0.094622937 -0.095411695 -0.096106447 -0.094455227 -0.088576779 -0.082698332 -0.080901418 -0.08055057 -0.079771844 -0.065068752 -0.05036566 -0.032340897 -0.009793386 0.012754125 0.022327509 0.030519105 0.038229725 0.044984052 0.051738378 0.03997645 0.019387276 0.0029812228 0.0026119102 0.0022425977 0.0035784572 0.0058259707
0.014034045 0.012740477 0.01144691 0.0098120708 0.0069285932 0.0049185482 0.0035020376 0.0020855271 0.00066901646 0.0023483887 0.0062147005 0.011761583 0.017366212 0.022970841 0.028416591 0.028543397 0.02783836 0.026068885 0.017099837 0.0071234168 -0.0028530037 -0.012877225 -0.027170403 -0.04146358 -0.055756758 -0.070696669 -0.087977221 -0.096527876 -0.10046611 -0.10116087 -0.10185562 -0.10255037 -0.10089915 -0.0950207 -0.089142253 -0.083263805 -0.08049361 -0.079714884 -0.065011793 -0.045953947 -0.023406436 -0.00085892557 0.021688585 0.031261969 0.039453566 0.047645162 0.055576958 0.062331285 0.050569357 0.029980182 0.0093910083 -0.0092292468 -0.0095985593 -0.0082626998 -0.0060151863
0.007318794 0.0060252266 0.0047316591 0.0034380916 0.0021445241 0.00017899462 -0.001237516 -0.0026540266 -0.0040705372 -0.0054870478 -0.0050895367 0.00045734574 0.0060619747 0.011666604 0.017271233 0.022875862 0.022599778 0.012623357 0.0026469365 -0.0073294841 -0.017305905 -0.027330126 -0.041623304 -0.055916481 -0.070209659 -0.084502837 -0.098916741 -0.10621528 -0.10691003 -0.10760479 -0.10829954 -0.10899429 -0.10734307 -0.10146462 -0.095586173 -0.089707726 -0.083829279 -0.079657925 -0.059566998 -0.037019487 -0.014471976 0.0080755348 0.030623046 0.040196429 0.048388026 0.056579622 0.064771219 0.072924192 0.061162263 0.040573089 0.019983915 -0.00060525922 -0.021194433 -0.020103857 -0.017856343
0.002806117 0.0015125495 0.000218982 -0.0010745855 -0.002368153 -0.0019478588 -0.0025520406 -0.0039685512 -0.0053850618 -0.0068015724 -0.008218083 -0.0010187816 0.0045858474 0.010190476 0.015795105 0.021399734 0.020169405 0.010192985 0.00021656425 -0.0097598563 -0.019736277 -0.03575705 -0.038588862 -0.05288204 -0.067175218 -0.081468396 -0.095761573 -0.10075361 -0.10144836 -0.10214312 -0.10283787 -0.10299025 -0.095535722 -0.084694354 -0.078815906 -0.072937459 -0.067059011 -0.060683616 -0.038136105 -0.015588594 0.0069589165 0.029506427 0.032152543 0.0362838 0.044475396 0.052666993 0.060858589 0.069050186 0.058630252 0.038165657 0.017576483 -0.0030126916 -0.023601866 -0.029472829 -0.027255667
0.0074616865 -0.0020423365 -0.003335904 -0.0046294715 -0.005923039 -0.0055027448 -0.0039178093 -0.003793699 -0.0052102096 -0.0066267202 -0.0080432308 -0.00059421531 0.0071594306 0.012988111 0.01859274 0.024197369 0.02296704 0.01299062 0.003014199 -0.0072897933 -0.024634667 -0.041788788 -0.041907239 -0.042243212 -0.05653639 -0.070829568 -0.085122746 -0.090114785 -0.090809536 -0.091504288 -0.091115756 -0.088738472 -0.081283945 -0.064680686 -0.051950929 -0.046072482 -0.040194035 -0.033818639 -0.011271128 0.011276383 0.033823893 0.032685083 0.026492808 0.03029278 0.035156959 0.043167795 0.051359392 0.059550988 0.049131054 0.029838454 0.0095158416 -0.011073333 -0.031662507 -0.03753347 -0.035535481
0.015439538 0.0048651875 -0.0057091627 -0.0081843575 -0.009477925 -0.0090576308 -0.0074726952 -0.0058877597 -0.0050353575 -0.006451868 -0.0078683786 -0.00041936313 0.0073342828 0.015087929 0.021390375 0.026995004 0.025764675 0.015788254 0.0040233426 -0.013321531 -0.030666404 -0.047820525 -0.047938977 -0.048057428 -0.048175879 -0.06019074 -0.074483918 -0.079475958 -0.080170709 -0.079241264 -0.076863979 -0.074486695 -0.067032168 -0.050428909 -0.033825651 -0.019207505 -0.013329058 -0.0069536623 0.015593849 0.038141359 0.033217622 0.027025347 0.020833073 0.024633045 0.029497223 0.034361402 0.041860194 0.050051791 0.039631857 0.020339256 0.0010466554 -0.019133974 -0.039723148 -0.045594111 -0.043596122
0.023417389 0.012843039 0.0022686885 -0.0083056617 -0.013032811 -0.012612517 -0.011027581 -0.0094426457 -0.0078577102 -0.0062770159 -0.0076935265 -0.00024451096 0.007509135 0.015262781 0.023016427 0.029792639 0.02856231 0.015336478 -0.0020083951 -0.019353269 -0.036698142 -0.053852263 -0.053970714 -0.054089166 -0.054207617 -0.054326068 -0.063845091 -0.06883713 -0.067366771 -0.064989487 -0.062612203 -0.060234918 -0.052780391 -0.036177133 -0.019573874 -0.0029706159 0.013535919 0.019911315 0.039942436 0.033750161 0.027557887 0.021365612 0.015173337 0.018973309 0.023837488 0.028701667 0.033565846 0.040552593 0.030132659 0.010840058 -0.0084525422 -0.027745143 -0.047783789 -0.053654752 -0.051656763
0.026413723 0.015839373 0.0052650223 -0.0053093279 -0.015883678 -0.016974459 -0.015389524 -0.013804588 -0.012219653 -0.010634717 -0.0090497816 -0.0015010588 0.0062525871 0.014006233 0.021759879 0.029513525 0.024928956 0.007584082 -0.0097607915 -0.027105665 -0.044450539 -0.05755714 -0.058026498 -0.058144949 -0.0582634 -0.058381851 -0.058500303 -0.056911705 -0.05453442 -0.052157136 -0.049779852 -0.047402568 -0.039678553 -0.023075295 -0.0064720366 0.010131222 0.02673448 0.042658144 0.03646587 0.030273595 0.024081321 0.017889046 0.011344725 0.01478108 0.019645259 0.024509438 0.029373617 0.034237796 0.019540435 0.0002478348 -0.019044766 -0.038337367 -0.057629967 -0.059508424 -0.057510435
0.0046327053 -0.0059416449 -0.016515995 -0.026882444 -0.032943255 -0.030716346 -0.023765649 -0.022180714 -0.020595778 -0.019010843 -0.017425907 -0.0098771844 -0.0021235385 0.0056301074 0.013383753 0.01552398 0.0086182502 -0.0087266233 -0.026071497 -0.04341637 -0.052446804 -0.049563614 -0.051570715 -0.052372619 -0.052491071 -0.052609522 -0.052727973 -0.051139375 -0.048762091 -0.046384807 -0.044007522 -0.037756373 -0.028294211 -0.015629878 0.0009101692 0.017513428 0.034116686 0.05004035 0.043848076 0.037655801 0.031463527 0.024421689 0.014451663 0.017888018 0.022752197 0.027616376 0.032078986 0.020359458 0.0035116572 -0.015780943 -0.035073544 -0.054366145 -0.055607429 -0.054384946 -0.052386957
-0.017148312 -0.027722662 -0.036993914 -0.043054725 -0.049115536 -0.046888626 -0.039029862 -0.031171097 -0.028971904 -0.027386968 -0.025802033 -0.01825331 -0.010499664 -0.0032913796 -0.0020390526 -0.00078672563 -0.0076924551 -0.025037329 -0.042382202 -0.047391226 -0.044453278 -0.041570088 -0.043577189 -0.04558429 -0.046718741 -0.046837192 -0.046955644 -0.045367046 -0.042989761 -0.040612477 -0.033426752 -0.025741688 -0.016279526 -0.0036151936 0.009049139 0.024895633 0.041498892 0.057422556 0.051230281 0.045038007 0.037498653 0.027528627 0.017558601 0.020994956 0.025859135 0.027769736 0.016050208 0.0043306801 -0.012517121 -0.031809722 -0.050027882 -0.050255917 -0.050483951 -0.049261468 -0.047263479
-0.038929329 -0.047105385 -0.053166195 -0.059227006 -0.065287816 -0.063060907 -0.055202143 -0.047343378 -0.039484613 -0.035763094 -0.034178158 -0.026629436 -0.020854412 -0.019602085 -0.018349758 -0.017097431 -0.02400316 -0.041348034 -0.042335648 -0.0393977 -0.036459752 -0.033576562 -0.035583663 -0.037590764 -0.039597864 -0.041064863 -0.041183314 -0.039594716 -0.036782194 -0.02909713 -0.021412067 -0.013727004 -0.0042648417 0.0083994909 0.021063823 0.033728156 0.048881098 0.064804762 0.058612487 0.050575617 0.040605591 0.030635565 0.020665538 0.024101894 0.023460485 0.011740957 2.1429546e-05 -0.011698098 -0.028545899 -0.04467637 -0.044904404 -0.045132439 -0.045360474 -0.04413799 -0.043498812
-0.057216855 -0.063277665 -0.069338476 -0.075399286 -0.081460097 -0.079233188 -0.071374423 -0.063515659 -0.055656894 -0.04779813 -0.042554284 -0.038417444 -0.037165117 -0.03591279 -0.034660463 -0.033408136 -0.040218018 -0.03728007 -0.034342122 -0.031404174 -0.028466226 -0.025583036 -0.027590137 -0.029597237 -0.031604338 -0.033611439 -0.035410985 -0.032452572 -0.024767509 -0.017082446 -0.0093973824 -0.0017123191 0.0077498429 0.020414175 0.033078508 0.045742841 0.058407173 0.072186968 0.063652581 0.053682555 0.043712529 0.033742502 0.023772476 0.019151234 0.0074317067 -0.004287821 -0.016007349 -0.027726876 -0.039324858 -0.039552892 -0.039780927 -0.040008961 -0.040236996 -0.041433816 -0.049120133
-0.056564638 -0.062625448 -0.068686259 -0.074747069 -0.08080788 -0.078614715 -0.070768149 -0.062909384 -0.05505062 -0.047191855 -0.039333091 -0.044966324 -0.043713997 -0.04246167 -0.041209343 -0.039957016 -0.037965256 -0.035027308 -0.03208936 -0.029151412 -0.026213464 -0.023947878 -0.019220916 -0.021228016 -0.023235117 -0.025242218 -0.027249318 -0.022627111 -0.014942048 -0.0072569845 0.00042807886 0.0085297283 0.011407757 0.014020917 0.026685249 0.039349582 0.052013914 0.064003458 0.054033431 0.044063405 0.034093379 0.024123353 0.020102451 0.012627113 0.0009075855 -0.010811942 -0.02253147 -0.034250998 -0.040407261 -0.040788016 -0.04101605 -0.041244085 -0.041472119 -0.04564146 -0.053226032
