P2_models/J1_p2__temp2_slide_5.dat.tif
NCOLS 118
NROWS 92
XLLCORNER 139.62
YLLCORNER -39.07
DX 0.099491525
DY 0.099347826
NODATA_VALUE -9999
[rows 54 to 80 of 92, columns 0 to 59 of 118]
-9999 75.924468 75.586849 75.24923 74.911611 75.535878 76.240636 77.045567 77.966108 78.886649 79.807191 79.483873 78.833101 78.800174 80.004519 81.208864 80.356883 79.313383 78.269883 77.148463 75.847279 74.546096 73.244913 72.82572 72.802837 72.364855 70.814305 69.263755 68.99686 68.882529 68.768198 69.160733 70.530344 71.899954 73.269565 73.998119 74.555609 75.036177 75.406697 75.777217 76.147737 76.131386 76.081125 76.186733 76.404393 76.614605 76.806083 76.99756 77.189038 77.150299 77.071771 76.993244 76.664644 76.066273 75.515902 75.131794 74.747685 74.363577 75.404277 76.691626
-9999 75.551481 75.213863 75.133661 75.838419 76.543178 77.247937 78.052867 78.973409 79.712029 79.061257 78.410485 77.759712 77.726785 78.93113 80.135475 81.33982 81.167732 80.124231 79.002812 77.701628 76.400445 76.367892 76.345009 76.322126 75.884144 74.333594 72.783044 71.232494 70.562372 70.448041 70.840575 72.210186 73.522853 74.080343 74.637833 75.195323 75.67589 76.046411 76.341837 76.291577 76.241316 76.191056 76.296664 76.514323 76.731983 76.948409 77.139887 77.331365 77.292625 77.214098 76.773402 76.175032 75.576661 75.02629 74.642182 74.371845 75.659194 76.946544 78.233893
-9999 75.178495 75.436202 76.140961 76.84572 77.550479 78.255238 79.060168 79.289413 78.638641 77.987869 77.337096 76.686324 76.653397 77.857742 79.062087 80.266432 81.470777 81.97858 80.85716 79.932947 79.910064 79.887181 79.864298 79.841415 79.403433 77.852883 76.302333 74.751782 73.201232 72.127883 72.520418 73.605077 74.162567 74.720057 75.277546 75.835036 76.315604 76.502028 76.451768 76.401507 76.351247 76.300987 76.406594 76.624254 76.841913 77.059573 77.277232 77.473691 77.434952 76.882161 76.28379 75.68542 75.087049 74.536678 74.626763 75.914112 77.201461 78.488811 79.77616
-9999 75.822514 76.527272 77.232031 77.93679 78.641549 79.346308 79.462445 78.811673 78.1609 77.510128 76.859356 76.208583 75.748556 76.952901 78.157246 79.361591 80.565936 81.770281 82.603531 82.580647 82.557764 82.534881 82.511998 82.489115 82.566042 81.027333 79.476783 77.926233 76.375683 74.825133 73.99462 74.55211 75.1096 75.66709 76.224579 76.782069 76.682922 76.632662 76.582401 76.532141 76.481881 76.43162 76.751328 76.968988 77.186647 77.404307 77.621966 77.839626 77.605555 77.007185 76.408814 75.810444 75.212073 74.730994 75.940142 77.227491 78.51484 79.80219 81.089539
-9999 77.199695 77.904454 78.609213 79.313972 79.965458 80.241914 80.348313 80.258444 79.71757 79.066798 78.416026 77.765253 77.260586 77.048503 77.828074 79.032419 80.236764 81.441108 82.274358 82.251475 82.228592 82.205709 82.182826 83.315322 83.937263 82.864441 81.473454 79.922904 78.372354 76.821803 75.991291 76.548781 77.10627 77.66376 78.212308 78.248057 77.892876 76.978411 76.783746 76.733486 76.683226 76.632965 77.173394 78.115682 78.333342 78.551001 78.768661 78.98632 79.247589 79.231472 78.633102 78.034731 77.436361 76.955282 76.880485 77.759112 79.046462 80.333811 81.62116
-9999 78.576877 79.281636 79.986395 80.486434 80.76289 81.039346 81.145745 81.055876 80.966007 80.623468 79.972696 79.321923 78.817256 78.605173 78.393091 78.703246 79.907591 81.111936 81.945186 81.922303 81.899419 82.178029 83.432286 84.686542 85.308484 84.235661 83.162839 81.919574 80.369024 78.818474 77.987961 78.545451 79.102941 79.490157 79.525907 79.561656 79.206475 78.29201 77.377546 76.934831 76.884571 76.83431 77.374739 78.339807 79.304875 79.697696 79.915356 80.133015 80.394283 80.663088 80.857389 80.259019 79.660648 79.179569 79.104773 79.029976 79.578083 80.865432 82.152781
-9999 79.954059 80.658817 81.00741 81.283866 81.560321 81.836777 81.943176 81.853308 81.763439 81.673571 81.529366 80.878593 80.373926 80.161843 79.949761 79.737678 79.578419 80.782764 81.616013 81.59313 82.294994 83.54925 84.803507 86.057763 86.679704 85.606882 84.53406 83.461238 82.365695 80.815145 79.984632 80.542122 80.768007 80.803756 80.839506 80.875255 80.520074 79.605609 78.691145 77.776681 77.085915 77.035655 77.576084 78.541152 79.50622 80.471287 81.06205 81.27971 81.540978 81.809783 82.078587 82.347392 81.884936 81.403856 81.32906 81.254264 81.179467 81.397053 82.684403
-9999 81.25193 81.528385 81.804841 82.081297 82.357753 82.634209 82.740608 82.65074 82.560871 82.471003 82.381134 82.291265 81.930596 81.718513 81.506431 81.294348 81.082265 80.870182 81.286841 82.411958 83.666214 84.920471 86.174727 87.428984 88.050925 86.978103 85.905281 84.832459 83.759636 82.686814 81.981302 82.045856 82.081606 82.117355 82.153105 82.188854 81.833673 80.919208 80.004744 79.09028 78.175815 77.261351 77.777429 78.742497 79.707564 80.672632 81.6377 82.426405 82.687673 82.956477 83.225282 83.494087 83.762892 83.628144 83.553348 83.478551 83.403755 83.328959 83.254162
-9999 81.464368 81.740824 82.01728 82.293736 82.570192 82.68384 82.300173 81.925372 81.835504 81.745635 81.655767 81.565898 81.78209 82.18936 81.977277 81.765194 81.553112 81.341029 81.572345 82.826602 84.080858 85.335115 86.589371 87.49834 87.263457 87.140562 86.06774 84.994918 83.922096 82.849274 82.155103 82.190853 82.226602 82.262352 82.298101 82.179901 82.358276 82.403751 81.489287 80.574822 79.660358 78.745894 78.493824 79.2368 80.201868 81.166936 82.132003 83.097071 81.878208 82.12201 82.390815 82.659619 82.928424 83.377842 84.041271 83.966475 83.891679 83.816883 83.742086
-9999 81.422421 81.698877 81.975333 82.251789 82.224198 82.10122 81.717553 81.033019 80.447946 80.358077 80.268209 80.17834 80.394532 81.223628 81.975953 81.76387 81.551787 81.339704 81.571021 82.825277 84.079534 85.33379 85.669537 85.194133 84.95925 85.36902 85.704569 84.631747 83.558924 82.486102 81.791932 81.827681 81.863431 81.89918 81.633988 81.19437 81.372745 82.435246 83.048165 82.1337 81.219236 80.304772 80.052702 80.27682 80.823564 81.788632 82.7537 83.718768 82.499904 80.903599 80.694837 80.963642 81.232446 81.681865 82.756906 83.69934 83.624544 83.549747 83.474951
-9999 81.380474 81.65693 81.887534 81.764556 81.641578 81.5186 81.134933 80.450399 79.765865 79.081331 78.880651 78.790782 79.006974 79.83607 80.665166 81.494262 81.550462 81.33838 81.569696 82.823952 84.078209 83.840733 83.36533 82.889926 82.655042 83.064812 83.474583 83.884353 83.195753 82.122931 81.42876 81.46451 81.500259 81.088075 80.648457 80.20884 80.387215 81.449716 82.512216 83.574717 82.778114 81.863649 81.61158 81.835698 82.059815 82.410329 83.375397 84.340464 83.121601 81.525295 79.928989 79.267664 79.536469 79.985887 81.060928 82.13597 83.211011 83.282612 83.207816
-9999 81.338527 81.427892 81.304914 81.181936 81.058958 80.93598 80.552314 79.867779 79.183245 78.498711 77.814176 77.403224 77.619416 78.448512 79.277608 80.106704 80.9358 81.337055 81.568371 82.487333 82.01193 81.536526 81.061122 80.585719 80.350835 80.760605 81.170375 81.580146 81.989916 81.759759 81.065589 80.98178 80.542162 80.102545 79.662927 79.223309 79.401684 80.464185 81.526686 82.589187 83.651688 83.422527 83.170458 83.394575 83.618693 83.842811 84.066929 84.962161 83.743298 82.146992 80.550686 78.95438 77.840491 78.289909 79.364951 80.439992 81.515033 82.590075 82.94068
-9999 81.040316 80.917338 80.79436 80.671382 80.548404 80.425426 80.210835 79.526301 78.841767 78.157232 77.472698 76.788164 76.497169 77.326265 78.155361 78.984457 79.813553 80.642649 81.077284 80.601881 80.126477 79.651073 79.175669 78.700266 78.267813 78.677583 79.087353 79.497123 79.906893 80.316663 80.436311 79.996693 79.557075 79.117458 78.67784 78.238222 78.569154 79.631655 80.694156 81.756656 82.819157 83.881658 84.464653 84.688771 84.912888 85.137006 85.361124 85.585242 84.257192 82.660886 81.06458 79.468274 77.871968 77.271196 78.346238 79.421279 80.496321 81.571362 82.646404
-9999 80.888203 80.765225 80.642247 80.519269 80.429429 81.052637 81.068759 80.384225 79.69969 79.015156 78.330622 77.476732 77.070184 77.591685 78.352732 79.181828 80.010924 80.84002 81.274655 80.799252 80.323848 79.848444 79.373041 78.756013 78.198684 77.881323 78.104472 78.514242 78.924012 79.333782 79.453429 79.013812 78.574194 78.134576 77.694959 77.909532 78.497623 79.560124 80.622625 81.685126 82.73374 83.631393 84.257434 84.666472 84.89059 85.114708 85.338826 85.562943 84.234894 82.638588 81.042282 79.445976 79.137633 79.621104 80.696145 81.771187 82.846228 83.857324 83.544103
-9999 80.736091 80.613113 80.490135 80.664144 81.287352 81.910561 81.926683 81.242148 80.557614 79.823597 78.953617 78.083637 77.677089 78.19859 78.720092 79.379199 80.208295 81.037391 81.472026 80.996623 80.521219 80.018826 79.371966 78.725105 78.167776 77.850415 77.533054 77.531361 77.941131 78.350901 78.470548 78.030931 77.591313 77.32503 77.581515 77.838001 78.426093 79.488594 80.551095 81.552393 82.450047 83.3477 83.973741 84.404521 84.835302 85.09241 85.316528 85.540645 84.212596 82.61629 81.019984 81.174853 81.48754 81.971011 83.046052 84.121094 84.795332 84.482111 84.168891
-9999 80.583978 80.461 80.898859 81.522068 82.145276 82.768485 82.784606 82.100072 81.300482 80.430502 79.560522 78.690542 78.283994 78.805495 79.326997 79.848498 80.405666 81.234762 81.669397 81.193994 80.634779 79.987918 79.341058 78.694197 78.136868 77.819507 77.502146 77.184785 76.95825 77.36802 77.487667 77.048049 76.997013 77.253499 77.509985 77.766471 78.354562 79.417063 80.371046 81.2687 82.166353 83.064007 83.690047 84.120828 84.551609 84.98239 85.29423 85.518347 84.190298 82.899385 83.212072 83.52476 83.837448 84.320918 85.39596 85.73334 85.42012 85.106899 84.793678
-9999 80.510366 81.133575 81.756783 82.379991 83.0032 83.626408 83.64253 82.777366 81.907386 81.037406 80.167426 79.297446 78.890899 79.4124 79.933901 80.455403 80.976904 81.498406 81.866768 81.250732 80.603871 79.95701 79.310149 78.663289 78.10596 77.788599 77.471237 77.153876 76.836515 76.519154 76.504786 76.668997 76.925483 77.181969 77.438455 77.69494 78.283032 79.189699 80.087353 80.985006 81.88266 82.780314 83.406354 83.837135 84.267916 84.698697 85.129477 85.496049 84.936604 85.249292 85.56198 85.874667 86.187355 86.670825 86.671348 86.358128 86.044907 85.731686 85.418466
-9999 81.342561 81.96577 82.588978 83.212186 83.835395 84.345557 84.910643 84.770925 83.900945 83.030965 82.160985 81.291005 80.592754 80.645236 81.166737 81.688239 82.20974 82.731242 82.899448 82.252587 81.605726 80.958866 80.312005 79.65919 79.228384 79.248443 78.931082 78.613721 78.29636 77.978999 77.857645 78.114131 78.370617 78.627103 78.883588 79.06446 79.72112 80.935192 81.832846 82.730499 83.628153 84.525807 84.887319 85.207451 85.638232 86.069013 86.499794 86.930575 87.938863 88.251551 88.564238 88.876926 89.189613 89.010171 87.775424 87.462203 87.148983 86.835762 86.522541
-9999 82.160149 82.783357 83.406565 84.029774 84.414808 84.712467 85.277553 86.151284 86.681781 85.811801 84.941821 84.071841 83.37359 83.019234 82.754948 83.276449 83.797951 84.319452 84.487658 83.840798 83.193937 82.547076 81.878908 81.189598 80.758792 81.020843 81.237307 80.919945 80.602584 80.285223 80.16387 80.420355 80.676841 80.933327 81.017654 80.989324 81.645984 83.28262 84.730415 85.628069 86.525723 87.423376 87.784889 87.760976 87.947618 88.378398 88.809179 89.23996 90.283384 91.432688 91.936871 92.249559 92.562246 92.382804 90.498683 88.838397 88.525176 88.211955 87.898735
-9999 82.977736 83.600944 84.186399 84.484058 84.781717 85.079376 85.644462 86.518194 87.391925 88.265656 87.722657 86.852677 86.154426 85.80007 85.445714 85.091359 85.386161 85.907663 86.075869 85.429008 84.782147 84.098627 83.409317 82.720006 82.2892 82.551251 82.813301 83.075352 82.908809 82.591448 82.470094 82.72658 82.983065 82.970848 82.942518 82.914188 83.570848 85.207484 86.84412 88.480755 89.423292 90.320946 90.682458 90.658546 90.634633 90.687784 91.118565 91.549345 92.592769 93.742074 94.891379 95.622192 95.934879 95.755437 93.871316 91.987195 90.103075 89.588148 89.274928
-9999 83.795324 84.255649 84.553309 84.850968 85.148627 85.446286 86.011372 86.885103 87.758835 88.632566 89.506297 89.633513 88.935262 88.580906 88.22655 87.872195 87.517839 87.495873 87.664079 87.007656 86.318346 85.629035 84.939725 84.250414 83.819608 84.081659 84.343709 84.60576 84.86781 84.897672 84.776318 84.952371 84.924042 84.895712 84.867382 84.839052 85.495712 87.132348 88.768984 90.405619 92.042255 93.218516 93.580028 93.556115 93.532202 93.50829 93.484377 93.858731 94.902154 96.051459 97.200764 98.350069 99.307512 99.12807 97.243949 95.359828 93.475708 91.591587 90.651121
-9999 84.209866 84.507525 84.805184 85.102843 85.400502 85.698161 85.96212 86.835852 87.709583 88.583314 89.457046 90.330777 91.084731 90.730376 90.37602 90.021664 89.667309 89.312953 88.857312 88.168002 87.478691 86.789381 86.10007 85.41076 85.358756 85.620182 85.882233 86.144284 86.406334 86.668385 86.831251 86.802921 86.774591 86.746261 86.717932 86.689602 87.113127 88.749763 90.386398 92.023034 93.659669 95.296305 95.575019 95.551106 95.527193 95.50328 95.479367 95.455455 95.990706 97.140011 98.289316 99.438621 100.58793 101.6187 99.838663 97.954542 96.070421 94.1863 92.30218
-9999 84.026298 84.323957 84.621616 84.919275 85.228448 85.609615 85.69746 85.446774 86.08502 86.958752 87.832483 88.706214 89.509467 90.171583 90.135553 89.781197 89.426842 89.072486 88.616845 87.927535 87.238224 86.548914 85.859603 86.459982 87.031413 87.216231 87.451477 87.713528 87.975578 88.237629 88.400495 88.372165 88.343835 88.315506 88.268826 87.632755 87.837351 89.244641 90.840011 92.476647 94.113283 95.749918 95.577152 94.129529 94.105616 94.081703 94.05779 94.033878 93.593931 93.607293 94.756597 95.905902 97.055207 98.085987 98.70621 97.604567 95.720446 93.836325 91.952204
-9999 83.842731 84.14039 84.438049 84.779319 85.160485 85.541652 85.629497 85.378811 85.128125 85.334189 86.20792 87.081651 87.884904 88.547021 89.209137 89.540731 89.186375 88.832019 88.376378 87.687068 86.997757 86.701287 87.416962 88.132638 88.704069 88.888887 89.073705 89.282772 89.544822 89.806873 89.969739 89.941409 89.913079 89.660392 89.024321 88.38825 88.592846 90.000137 91.407427 92.93026 94.566896 96.203531 96.030765 94.557243 93.083721 92.660126 92.636213 92.6123 92.172354 91.660506 91.223879 92.373184 93.522489 94.553268 95.173491 95.793714 95.370471 93.48635 91.602229
-9999 83.659163 83.956822 84.330189 84.711356 85.092522 85.473689 85.561534 85.310848 85.060162 84.809476 84.583357 85.457089 86.260342 86.922458 87.584574 88.24669 88.908806 88.591552 88.135911 87.446601 87.658267 88.373943 89.089618 89.805294 90.376725 90.561543 90.746361 90.931179 91.115997 91.376117 91.538983 91.510653 91.051959 90.415887 89.779816 89.143745 89.348341 90.755632 92.162922 93.570213 95.020509 96.657144 96.484378 95.010856 93.537335 92.063813 91.214636 91.190723 90.750777 90.238929 89.72708 89.215232 89.98977 91.02055 91.640773 92.260996 92.881219 93.136375 91.252254
-9999 83.499893 83.881059 84.262226 84.643393 85.02456 85.405726 85.493571 85.242885 84.992199 84.741513 84.490827 84.240141 84.635779 85.297895 85.960011 86.622127 87.284243 87.946359 87.899572 88.615247 89.330923 90.046599 90.762274 91.47795 92.049381 92.234199 92.419017 92.603835 92.788654 92.973472 93.079596 92.443525 91.807454 91.171382 90.535311 89.89924 90.103836 91.511127 92.918417 94.325708 95.732998 97.140289 96.937991 95.46447 93.990948 92.517426 91.043904 89.769146 89.3292 88.817351 88.305503 87.793655 87.281806 87.487831 88.108055 88.728278 89.348501 89.968724 90.588947
-9999 82.668493 83.04966 83.430827 83.811993 84.19316 84.734117 85.156265 85.159451 84.908765 84.658079 84.407393 84.156707 84.066221 84.40282 85.064936 85.727052 86.389168 87.051284 87.729596 88.445271 89.160947 89.876623 90.592298 91.115649 91.294379 91.47288 91.657698 91.842516 92.027335 92.212153 92.116582 91.480511 90.844439 90.208368 89.572297 89.031539 89.063678 90.021473 91.428763 92.836054 94.243344 95.650635 95.801438 94.652969 93.179447 91.705925 90.232403 88.758882 88.924996 88.568712 88.056863 87.545015 87.033166 86.763781 87.344683 87.964906 88.585129 89.205352 89.825575
