P2_models/J1_p2_vp_slide_diff2_240.dat.tif
NCOLS 118
NROWS 92
XLLCORNER 139.62
YLLCORNER -39.07
DX 0.099491525
DY 0.099347826
NODATA_VALUE -9999
[rows 0 to 23 of 92, columns 54 to 107 of 118]
-9999 -9999 -9999 -9999 -9999 -9999 -9999 -9999 -9999 -9999 -9999 -9999 -9999 -9999 -9999 -9999 -9999 -9999 -9999 -9999 -9999 -9999 -9999 -9999 -9999 -9999 -9999 -9999 -9999 -9999 -9999 -9999 -9999 -9999 -9999 -9999 -9999 -9999 -9999 -9999 -9999 -9999 -9999 -9999 -9999 -9999 -9999 -9999 -9999 -9999 -9999 -9999 -9999 -9999
-0.023017012 -0.023146566 -0.028645071 -0.034143577 -0.039642083 -0.045140589 -0.049814532 -0.052573696 -0.054964157 -0.057354619 -0.059745081 -0.062135542 -0.042876811 -0.040306674 -0.037736537 -0.035166399 -0.032596262 -0.03019833 -0.028020755 -0.025843181 -0.023665606 -0.021488031 -0.039718432 -0.043191796 -0.037718448 -0.0322451 -0.026771752 -0.021298404 -0.023827451 -0.030053743 -0.036280035 -0.042506328 -0.04732997 -0.047864289 -0.058982757 -0.070293066 -0.081603375 -0.092913684 -0.10399061 -0.10747242 -0.11095423 -0.11443605 -0.11791786 -0.11069686 -0.11164363 -0.11114158 -0.11063953 -0.11013748 -0.10963543 -0.11411211 -0.11272432 -0.11094402 -0.10916371 -0.10738341
-0.031621569 -0.027947844 -0.026564148 -0.032062654 -0.03756116 -0.043059666 -0.047733609 -0.051847229 -0.054890681 -0.057281143 -0.059671605 -0.062062066 -0.039159563 -0.015974943 -0.013404805 -0.010834668 -0.0082645302 -0.0058665988 -0.0036890241 -0.0015114494 0.00066612535 -0.020968852 -0.044624973 -0.051002567 -0.055691505 -0.050218157 -0.044744809 -0.039271461 -0.041800507 -0.0480268 -0.054253092 -0.057906179 -0.052720418 -0.053254737 -0.064096122 -0.075166491 -0.0864768 -0.097787109 -0.10886403 -0.11234584 -0.11582766 -0.11930947 -0.11107029 -0.097851182 -0.099339214 -0.10214315 -0.1016411 -0.10113905 -0.100637 -0.10511368 -0.11196387 -0.1109227 -0.1091424 -0.10736209
-0.040226125 -0.036552401 -0.032878676 -0.029981731 -0.035480237 -0.040978743 -0.045652686 -0.049766306 -0.053879925 -0.057207667 -0.059598129 -0.06198859 -0.039086087 -0.015314486 0.0084571143 0.013497064 0.016067201 0.018465133 0.020642707 0.021823793 -0.0020258001 -0.025875393 -0.049531513 -0.055909108 -0.062286702 -0.068191213 -0.062717865 -0.057244517 -0.059773564 -0.065999856 -0.068482387 -0.063296626 -0.058110865 -0.058645184 -0.069486569 -0.080327954 -0.091350225 -0.10266053 -0.11373746 -0.11721927 -0.12070108 -0.11144372 -0.098224616 -0.085005509 -0.08649354 -0.089547929 -0.092602319 -0.092140622 -0.091638573 -0.096115255 -0.10296545 -0.10981564 -0.10912108 -0.10734078
-0.048830682 -0.045156957 -0.041483233 -0.037809508 -0.034135784 -0.03889782 -0.043571763 -0.047685383 -0.051799002 -0.055912621 -0.059524653 -0.061915114 -0.039012611 -0.01524101 0.0085305903 0.032302191 0.040398933 0.042796864 0.040766844 0.016917252 -0.0069323408 -0.030781933 -0.054438054 -0.060815649 -0.067193243 -0.073570838 -0.079948432 -0.075217574 -0.07774662 -0.079058596 -0.073872835 -0.068687074 -0.063501313 -0.064035632 -0.074877017 -0.085718402 -0.096559787 -0.10753396 -0.11861088 -0.12209269 -0.11181716 -0.098598049 -0.085378942 -0.072159835 -0.073647866 -0.076702256 -0.079756645 -0.082811035 -0.082640144 -0.087116826 -0.093967016 -0.10081721 -0.1076674 -0.10731946
-0.057435239 -0.053761514 -0.050087789 -0.046414065 -0.04274034 -0.039066616 -0.04149084 -0.04560446 -0.049718079 -0.053831698 -0.057945317 -0.061841638 -0.038939135 -0.015167534 0.0086040663 0.032375667 0.056147267 0.059709896 0.035860304 0.012010711 -0.011838882 -0.035688474 -0.059344595 -0.065722189 -0.072099784 -0.078477378 -0.084854973 -0.091232567 -0.089634804 -0.084449043 -0.079263282 -0.074077521 -0.06889176 -0.069426079 -0.080267464 -0.091108849 -0.10195023 -0.11279162 -0.12348431 -0.11219059 -0.098971483 -0.085752375 -0.072533268 -0.059314161 -0.060802192 -0.063856582 -0.066910971 -0.069965361 -0.073019751 -0.078118396 -0.084968587 -0.091818777 -0.098668968 -0.10551916
-0.057836513 -0.054162789 -0.050489064 -0.04681534 -0.043141615 -0.040421375 -0.043398095 -0.048522399 -0.052636019 -0.056749638 -0.060863257 -0.064976876 -0.042131616 -0.018360016 0.0054115851 0.029183186 0.042742586 0.032811007 0.0089614142 -0.014888178 -0.038737771 -0.062553305 -0.062813761 -0.059275428 -0.065653022 -0.072030617 -0.078408211 -0.084785806 -0.083254223 -0.078068462 -0.072882701 -0.06769694 -0.065366492 -0.068658741 -0.074631907 -0.085473292 -0.096314677 -0.10715606 -0.11728014 -0.10406103 -0.090841927 -0.077622819 -0.064403712 -0.065688453 -0.068840202 -0.071894592 -0.074948982 -0.078003371 -0.080117241 -0.085260756 -0.092110946 -0.098961137 -0.10581133 -0.11124208
-0.056938155 -0.053264431 -0.049590706 -0.045916982 -0.043487431 -0.041345521 -0.044322241 -0.050777287 -0.05634592 -0.060459539 -0.064573159 -0.068686778 -0.045841518 -0.022069917 0.0017016836 0.011414314 0.012359484 0.0024279051 -0.021421688 -0.04527128 -0.065619613 -0.065927115 -0.066187571 -0.062246392 -0.058305214 -0.06378517 -0.070162765 -0.076540359 -0.075008776 -0.069823015 -0.064637254 -0.063400823 -0.066895603 -0.070187852 -0.073115155 -0.078090903 -0.088932288 -0.099773673 -0.10989775 -0.096678645 -0.083459538 -0.07024043 -0.072969145 -0.077035032 -0.080186781 -0.08324117 -0.08629556 -0.088253212 -0.08981676 -0.094960274 -0.10181046 -0.10866066 -0.11393591 -0.11828985
-0.056039797 -0.052366073 -0.048695398 -0.046553488 -0.044411578 -0.042269667 -0.045246387 -0.051701433 -0.058156479 -0.064169441 -0.06828306 -0.072396679 -0.049551419 -0.025779818 -0.019913957 -0.018968787 -0.018023618 -0.027955197 -0.051804789 -0.06868592 -0.068993422 -0.069300925 -0.069561381 -0.065620202 -0.061679024 -0.057737845 -0.061917318 -0.068294912 -0.066763329 -0.061577568 -0.061435153 -0.064929934 -0.068424714 -0.071716963 -0.074644266 -0.07757157 -0.081549899 -0.092391284 -0.10251536 -0.089296256 -0.07618395 -0.080249837 -0.084315724 -0.088381611 -0.091533359 -0.094587749 -0.096389183 -0.09795273 -0.099516278 -0.10465979 -0.11150998 -0.11662974 -0.12098368 -0.12533763
-0.055141439 -0.051761455 -0.049619544 -0.047477634 -0.045335724 -0.043193813 -0.046170533 -0.052625579 -0.059080625 -0.065535671 -0.071990716 -0.076106581 -0.053261321 -0.051242228 -0.050297059 -0.049351889 -0.04840672 -0.058338298 -0.071752227 -0.07205973 -0.072367232 -0.072674735 -0.072935191 -0.068994012 -0.065052834 -0.061111655 -0.057170477 -0.060049466 -0.058517882 -0.059469483 -0.062964264 -0.066459045 -0.069953825 -0.073246074 -0.076173377 -0.079100681 -0.082027984 -0.085008895 -0.095132974 -0.083464641 -0.087530528 -0.091596415 -0.095662302 -0.099728189 -0.10287994 -0.10452515 -0.1060887 -0.10765225 -0.1092158 -0.11435931 -0.11932356 -0.12367751 -0.12803146 -0.13238541
-0.055541482 -0.053399572 -0.051257661 -0.049115751 -0.04697384 -0.04483193 -0.046792672 -0.053247718 -0.059702764 -0.066157809 -0.072612855 -0.079067901 -0.078368565 -0.077423395 -0.076478226 -0.075533056 -0.074587887 -0.074998374 -0.075305877 -0.075613379 -0.075920882 -0.076228384 -0.076011145 -0.072183155 -0.068241976 -0.064300798 -0.060359619 -0.056418441 -0.057563357 -0.061058138 -0.064552918 -0.068047699 -0.07154248 -0.075344895 -0.078272199 -0.081199502 -0.084126806 -0.087054109 -0.090015357 -0.094081244 -0.098147131 -0.10221302 -0.1062789 -0.11002674 -0.11113859 -0.11270214 -0.11426568 -0.11582923 -0.11739278 -0.12083456 -0.12518851 -0.12954246 -0.13389641 -0.13825036
-0.061858762 -0.059716852 -0.057574941 -0.055433031 -0.05329112 -0.045845457 -0.046006369 -0.051890585 -0.058345631 -0.064800677 -0.071255722 -0.077710768 -0.077011432 -0.076066262 -0.075121093 -0.074175923 -0.077138868 -0.079730642 -0.080038145 -0.080345648 -0.08065315 -0.080033407 -0.077064853 -0.073962782 -0.070220861 -0.066279682 -0.062338504 -0.058397325 -0.059542242 -0.063037022 -0.066531803 -0.070026584 -0.07749692 -0.08391591 -0.084104744 -0.087032048 -0.089959351 -0.092886655 -0.095847902 -0.099913789 -0.10397968 -0.10804556 -0.11135474 -0.10822544 -0.10933729 -0.11090083 -0.11246438 -0.11402793 -0.11552002 -0.11894758 -0.12330152 -0.12765547 -0.13200942 -0.1302092
-0.068176042 -0.066034132 -0.063892221 -0.061288775 -0.05334793 -0.045407085 -0.045567997 -0.051234394 -0.056988498 -0.063443544 -0.06989859 -0.076353635 -0.075654299 -0.07470913 -0.07376396 -0.077494233 -0.081871136 -0.084462911 -0.084770413 -0.085077916 -0.084054173 -0.081087114 -0.078118561 -0.07501649 -0.07191442 -0.068258567 -0.064317388 -0.06037621 -0.061521126 -0.065015907 -0.068510687 -0.076654556 -0.086715778 -0.093134767 -0.092990786 -0.092864593 -0.095791896 -0.0987192 -0.10168045 -0.10574633 -0.10981222 -0.11268274 -0.10955344 -0.10642414 -0.10753599 -0.10909953 -0.11066308 -0.11214869 -0.11363303 -0.11706059 -0.12141454 -0.12576848 -0.12367029 -0.12060496
-0.074493322 -0.072351411 -0.068791247 -0.060850402 -0.052909557 -0.044968712 -0.045129624 -0.050796022 -0.05646242 -0.062128817 -0.068541457 -0.074996503 -0.074297167 -0.073472694 -0.077849597 -0.082226501 -0.086603404 -0.089195179 -0.089502681 -0.088074939 -0.085107881 -0.082140822 -0.079172269 -0.076070198 -0.072968128 -0.069866057 -0.066296273 -0.062355094 -0.063500011 -0.066994791 -0.075812192 -0.085873414 -0.095934635 -0.10235362 -0.10220964 -0.10206566 -0.10192168 -0.10455175 -0.10751299 -0.11157888 -0.11401074 -0.11088144 -0.10775214 -0.10462284 -0.10573469 -0.10729303 -0.10877737 -0.11026171 -0.11174604 -0.1151736 -0.11952755 -0.11713138 -0.11406605 -0.11100071
-0.080810602 -0.07629372 -0.068352875 -0.06041203 -0.052471185 -0.04453034 -0.044691252 -0.05035765 -0.056024047 -0.061690445 -0.067356843 -0.07363937 -0.073828058 -0.078204962 -0.082581865 -0.086958769 -0.091335672 -0.093927447 -0.092095705 -0.089128647 -0.086161589 -0.08319453 -0.080225977 -0.077123906 -0.074021835 -0.070919765 -0.067817694 -0.064333979 -0.065478895 -0.074969828 -0.08503105 -0.095092271 -0.10515349 -0.11157248 -0.1114285 -0.11128452 -0.11114054 -0.11099656 -0.11334554 -0.11533874 -0.11220944 -0.10908014 -0.10595084 -0.10282154 -0.10392171 -0.10540604 -0.10689038 -0.10837472 -0.10985905 -0.11328661 -0.11059247 -0.10752714 -0.1044618 -0.10139647
-0.084106887 -0.075492765 -0.06755192 -0.059611075 -0.05167023 -0.043729385 -0.043778936 -0.049445333 -0.055111731 -0.060778129 -0.066444526 -0.072110924 -0.07411055 -0.078487453 -0.082864357 -0.087241261 -0.091618164 -0.092773483 -0.089806425 -0.086839366 -0.083872308 -0.080905249 -0.079320575 -0.077490182 -0.074388111 -0.07128604 -0.06818397 -0.065081899 -0.07098334 -0.081044562 -0.091105783 -0.101167 -0.11122823 -0.11868603 -0.11854205 -0.11839807 -0.11825409 -0.11811011 -0.11787713 -0.11474783 -0.11161853 -0.10848922 -0.10535992 -0.10168026 -0.1025409 -0.10402524 -0.10550958 -0.10699391 -0.10847825 -0.10604288 -0.10297754 -0.099912209 -0.096846876 -0.093781542
-0.088443525 -0.075476404 -0.065908453 -0.057967608 -0.050026763 -0.042085918 -0.042061608 -0.047431743 -0.053098141 -0.058764539 -0.064430936 -0.070097334 -0.067862197 -0.068430283 -0.072807186 -0.07718409 -0.081560993 -0.082716312 -0.079749254 -0.076782195 -0.073815137 -0.072804115 -0.073720106 -0.074498392 -0.073157043 -0.070054973 -0.066952902 -0.063850831 -0.069752273 -0.079813494 -0.089874716 -0.099935937 -0.10640535 -0.11266767 -0.11996096 -0.12061966 -0.12047568 -0.1203317 -0.12009871 -0.11696941 -0.11384011 -0.11071081 -0.10683104 -0.10130633 -0.10225454 -0.10382063 -0.10530496 -0.1067893 -0.10827364 -0.1048999 -0.09998506 -0.096919726 -0.093854392 -0.090789058
-0.092780164 -0.079813042 -0.066845921 -0.056324141 -0.048383296 -0.040442451 -0.040418141 -0.04577345 -0.051128759 -0.056750948 -0.062417346 -0.068083744 -0.065848606 -0.063341963 -0.062750016 -0.067126919 -0.071503823 -0.072659142 -0.069692083 -0.066725025 -0.066286112 -0.067203645 -0.068119636 -0.068897923 -0.06967621 -0.068823905 -0.065721834 -0.062619764 -0.068521205 -0.078582427 -0.088643648 -0.094562174 -0.10025234 -0.10651466 -0.11380795 -0.12110124 -0.12269726 -0.12255328 -0.1223203 -0.119191 -0.1160617 -0.11198181 -0.10645711 -0.1009324 -0.10188061 -0.1035182 -0.10510035 -0.10658469 -0.10806902 -0.10469529 -0.099005566 -0.093927243 -0.090861909 -0.087796575
-0.097116802 -0.08414968 -0.071182559 -0.058215438 -0.04673983 -0.038798985 -0.038774674 -0.044129983 -0.049485292 -0.054840601 -0.060403756 -0.066070154 -0.063835016 -0.061328373 -0.058821729 -0.057069748 -0.061446652 -0.062601971 -0.059634913 -0.05976811 -0.060685643 -0.061603176 -0.062519167 -0.063297453 -0.06407574 -0.064854027 -0.064490767 -0.061388696 -0.067290138 -0.077028832 -0.082718997 -0.088409161 -0.094099326 -0.10036165 -0.10765494 -0.11494823 -0.12224152 -0.12477487 -0.12454189 -0.12141259 -0.11713259 -0.11160789 -0.10608318 -0.10055847 -0.10150668 -0.10314427 -0.10478186 -0.10638007 -0.10786441 -0.10449067 -0.098800952 -0.093111231 -0.087869426 -0.084804092
-0.10145344 -0.088486319 -0.075519197 -0.062552076 -0.049584955 -0.037155518 -0.037131208 -0.042486517 -0.047841826 -0.053197135 -0.058552444 -0.064056563 -0.061821426 -0.059314782 -0.056808139 -0.054301495 -0.051794851 -0.0525448 -0.053250108 -0.054167641 -0.055085173 -0.056002706 -0.056918697 -0.057696984 -0.058475271 -0.059253557 -0.060031844 -0.060157629 -0.065185656 -0.07087582 -0.076565984 -0.082256149 -0.087946313 -0.094208633 -0.10150192 -0.10879522 -0.11608851 -0.1233818 -0.12676347 -0.12228337 -0.11675866 -0.11123396 -0.10570925 -0.10018455 -0.10113275 -0.10277034 -0.10440794 -0.10604553 -0.10765979 -0.10428606 -0.098596338 -0.092906617 -0.087216895 -0.081811608
-0.096190858 -0.083223737 -0.070256616 -0.057289494 -0.044322373 -0.036448806 -0.038781465 -0.043699875 -0.049055184 -0.054410493 -0.059765802 -0.065121111 -0.062875639 -0.060368995 -0.057862352 -0.055355708 -0.053484894 -0.055887439 -0.056804972 -0.057722505 -0.058640038 -0.059557571 -0.052615854 -0.055532536 -0.056310823 -0.057089109 -0.057867396 -0.058645682 -0.062783626 -0.068473791 -0.074163955 -0.079854119 -0.085544284 -0.091883591 -0.098196941 -0.10549023 -0.11278353 -0.12007682 -0.12698797 -0.12146327 -0.11593856 -0.11041385 -0.10488915 -0.098726293 -0.099556692 -0.10119428 -0.10283188 -0.10446947 -0.1046964 -0.099888383 -0.094198662 -0.08850894 -0.082819219 -0.081732236
-0.083687406 -0.070720285 -0.057753163 -0.044786042 -0.040445427 -0.04609548 -0.048428138 -0.048506488 -0.052423498 -0.057778807 -0.063134116 -0.068489425 -0.066243953 -0.063737309 -0.061230666 -0.060382734 -0.063945797 -0.066348342 -0.067265875 -0.068183408 -0.069100941 -0.060211509 -0.049225979 -0.053394299 -0.05673823 -0.057516516 -0.058294803 -0.059073089 -0.063211033 -0.068901198 -0.074591362 -0.080535113 -0.088257345 -0.094599168 -0.09845362 -0.10433357 -0.11162686 -0.11892015 -0.12583131 -0.1203066 -0.1147819 -0.10925719 -0.10299209 -0.096243443 -0.097073841 -0.098711434 -0.10034903 -0.10009435 -0.09713582 -0.092327802 -0.086638081 -0.080948359 -0.080976371 -0.093185772
-0.071183954 -0.058216832 -0.045249711 -0.044442048 -0.050092101 -0.055742154 -0.058074812 -0.058153162 -0.058231512 -0.061147121 -0.06650243 -0.071857739 -0.069612267 -0.067105623 -0.067280575 -0.070843638 -0.074406701 -0.076809246 -0.077726779 -0.078644312 -0.067976845 -0.056821634 -0.045836105 -0.050004424 -0.054172744 -0.057943923 -0.05872221 -0.059500496 -0.06363844 -0.069328605 -0.075528459 -0.083250691 -0.090972923 -0.097314746 -0.1011692 -0.10502365 -0.1104702 -0.11776349 -0.12467465 -0.11914994 -0.11362523 -0.10725789 -0.10050924 -0.093760592 -0.094590991 -0.096228584 -0.095492306 -0.092533772 -0.089575239 -0.084767221 -0.0790775 -0.080220506 -0.092429907 -0.10463931
-0.058680501 -0.04571338 -0.04843867 -0.054088722 -0.059738775 -0.065388828 -0.067721486 -0.067799836 -0.067878185 -0.067956535 -0.069870744 -0.075226053 -0.072980581 -0.074178415 -0.077741478 -0.081304541 -0.084867604 -0.087270149 -0.086897393 -0.075742182 -0.064586971 -0.05343176 -0.04244623 -0.04661455 -0.050782869 -0.054951189 -0.059119508 -0.059927903 -0.064065847 -0.070521805 -0.078244037 -0.085966269 -0.093688501 -0.10003032 -0.10388478 -0.10773923 -0.11159368 -0.11660683 -0.12351798 -0.11799328 -0.11152368 -0.10477504 -0.098026389 -0.091277742 -0.092108141 -0.090890259 -0.087931725 -0.084973191 -0.082014658 -0.07720664 -0.079464641 -0.091674042 -0.10388344 -0.11609284
