P2_models/J1_p2_vp_slide_diff2_280.dat.tif
NCOLS 118
NROWS 92
XLLCORNER 139.62
YLLCORNER -39.07
DX 0.099491525
DY 0.099347826
NODATA_VALUE -9999
[rows 25 to 49 of 92, columns 55 to 109 of 118]
-0.11186479 -0.11005102 -0.10823726 -0.10642349 -0.10460973 -0.10626441 -0.11316603 -0.12201865 -0.13087126 -0.13972388 -0.14857649 -0.14405443 -0.14696789 -0.14999189 -0.15301589 -0.15603989 -0.15363796 -0.14429294 -0.13494792 -0.12560291 -0.11625789 -0.12510039 -0.11532214 -0.11479465 -0.11426716 -0.11373966 -0.11321217 -0.1128281 -0.11251029 -0.11219248 -0.11187467 -0.11223603 -0.11160645 -0.1123061 -0.12149236 -0.13067862 -0.13986487 -0.14868088 -0.1454478 -0.14221471 -0.13898163 -0.13574854 -0.14246206 -0.14445237 -0.13935093 -0.13409778 -0.12884463 -0.12359148 -0.12519527 -0.13481012 -0.14571817 -0.15662622 -0.16753427 -0.17018486 -0.15926887
-0.12517721 -0.11815294 -0.11633918 -0.11452541 -0.11271165 -0.11436633 -0.11837797 -0.12436093 -0.13321354 -0.14206616 -0.15091877 -0.14639671 -0.14141508 -0.14297942 -0.14600342 -0.14902742 -0.14662548 -0.13728047 -0.12793545 -0.12087981 -0.13043837 -0.13977555 -0.12934208 -0.11890861 -0.11778787 -0.11726038 -0.11673289 -0.11634882 -0.11603101 -0.1157132 -0.11635816 -0.11829054 -0.11766096 -0.11241494 -0.11129568 -0.12048193 -0.12966819 -0.1384842 -0.13525112 -0.13201803 -0.12878495 -0.13652049 -0.14552155 -0.14751186 -0.1487555 -0.14433484 -0.13908168 -0.13382853 -0.13543232 -0.14030502 -0.14954391 -0.16045196 -0.17136001 -0.1740106 -0.17224642
-0.13970884 -0.13249091 -0.12527298 -0.12262733 -0.12081357 -0.12246825 -0.12647989 -0.13049153 -0.13555583 -0.14440844 -0.15326106 -0.148739 -0.14375736 -0.13877573 -0.13899094 -0.14201494 -0.13961301 -0.13026799 -0.12599641 -0.13555497 -0.14511352 -0.1544507 -0.14401723 -0.13358376 -0.12315029 -0.1207811 -0.12025361 -0.11986953 -0.11955172 -0.12048028 -0.12241267 -0.12434505 -0.12371547 -0.11846945 -0.11322343 -0.11028525 -0.11947151 -0.12828752 -0.12505444 -0.12182135 -0.13057892 -0.13957998 -0.14858104 -0.15057135 -0.15181499 -0.15305864 -0.14931874 -0.14406558 -0.14566937 -0.15054207 -0.15541477 -0.16427769 -0.17518575 -0.17783634 -0.17607215
-0.15424047 -0.14702254 -0.13980461 -0.13258667 -0.12891549 -0.13057017 -0.13458181 -0.13859345 -0.14260509 -0.14675073 -0.15560334 -0.15108128 -0.14609965 -0.14111802 -0.13613639 -0.13500246 -0.13260053 -0.13111301 -0.14067156 -0.15023012 -0.15978868 -0.16912585 -0.15869238 -0.14825892 -0.13782545 -0.12739198 -0.12377432 -0.12339025 -0.1246024 -0.12653479 -0.12846718 -0.13039956 -0.12976998 -0.12452396 -0.11927794 -0.11403193 -0.10927483 -0.11809084 -0.1156363 -0.12463736 -0.13363841 -0.14263947 -0.15164053 -0.15363084 -0.15487448 -0.15611813 -0.15736177 -0.15430264 -0.15590643 -0.16077913 -0.16565182 -0.17052452 -0.17901148 -0.18166207 -0.17989789
-0.16682079 -0.15960285 -0.15238492 -0.14516699 -0.13794906 -0.13593036 -0.139942 -0.14395364 -0.14796528 -0.15197692 -0.15598856 -0.15327509 -0.14829345 -0.14331182 -0.13833019 -0.13334856 -0.13474529 -0.14430385 -0.1538624 -0.16342096 -0.17297952 -0.17993266 -0.17093959 -0.16050612 -0.15007265 -0.13963918 -0.12920571 -0.12723032 -0.12916271 -0.13109509 -0.13302748 -0.13495987 -0.13602432 -0.13077831 -0.12553229 -0.12028627 -0.11504025 -0.11021897 -0.11922003 -0.12822109 -0.13722214 -0.1462232 -0.15524598 -0.15670507 -0.15794872 -0.15919236 -0.16043601 -0.16167965 -0.16441348 -0.16928617 -0.17415887 -0.17903157 -0.18390427 -0.18522247 -0.18345829
-0.16329531 -0.15611934 -0.14890141 -0.14168347 -0.13446554 -0.12706418 -0.12273136 -0.126743 -0.13075464 -0.13476629 -0.13877793 -0.14913808 -0.14926495 -0.14428332 -0.13930169 -0.13432006 -0.13571679 -0.14527534 -0.1548339 -0.16439245 -0.16820197 -0.15756608 -0.1601217 -0.15276565 -0.14233219 -0.13189872 -0.12146525 -0.11948985 -0.12142224 -0.12335463 -0.12528702 -0.12836491 -0.13323443 -0.13867773 -0.13343171 -0.12818569 -0.12293967 -0.11811839 -0.12711945 -0.13612051 -0.14512156 -0.15423029 -0.16426021 -0.16158975 -0.16114434 -0.16238798 -0.16363162 -0.16487527 -0.16288353 -0.16355127 -0.16842397 -0.17329666 -0.17816936 -0.18307927 -0.18483436
-0.1592842 -0.15250971 -0.14541789 -0.13819996 -0.13098203 -0.12358067 -0.11605467 -0.10953237 -0.11354401 -0.11755565 -0.12156729 -0.13192745 -0.14250575 -0.14525481 -0.14027318 -0.13529155 -0.13668828 -0.14624684 -0.15580539 -0.15661898 -0.14583539 -0.13519951 -0.13775512 -0.14031074 -0.13459172 -0.12415825 -0.11372478 -0.11174939 -0.11368178 -0.11561417 -0.11893073 -0.12275683 -0.12762635 -0.13437601 -0.14112566 -0.13608511 -0.13083909 -0.12601781 -0.13501887 -0.14401993 -0.1532146 -0.16324452 -0.17327444 -0.17060398 -0.16658088 -0.1655836 -0.16682724 -0.16807089 -0.16607915 -0.16254501 -0.16268906 -0.16756176 -0.17243445 -0.17734436 -0.18227417
-0.15527308 -0.1484986 -0.14172411 -0.13471644 -0.12749851 -0.12009715 -0.11257115 -0.10504515 -0.097519151 -0.10034501 -0.10435665 -0.11471681 -0.12529511 -0.13587341 -0.14124468 -0.13626305 -0.13765978 -0.14721833 -0.14503599 -0.1342524 -0.12346881 -0.11283293 -0.11538855 -0.11794416 -0.12049978 -0.11641779 -0.10598432 -0.10400893 -0.10594131 -0.10949654 -0.11332265 -0.11714875 -0.12201827 -0.12876793 -0.13551758 -0.14226724 -0.13873851 -0.13391723 -0.14291829 -0.15219892 -0.16222883 -0.17225875 -0.18228867 -0.17961821 -0.17559511 -0.17157202 -0.17002286 -0.1712665 -0.16927477 -0.16574063 -0.16220649 -0.16182685 -0.16669955 -0.17160946 -0.17653926
-0.15126197 -0.14448748 -0.137713 -0.13093851 -0.12401499 -0.11661364 -0.10908764 -0.10156164 -0.094035635 -0.086509635 -0.087146015 -0.097506173 -0.10808447 -0.11866277 -0.12924107 -0.13723454 -0.13863127 -0.13345301 -0.12266942 -0.11188582 -0.10110223 -0.09046635 -0.093021968 -0.095577586 -0.098133205 -0.10068882 -0.098243854 -0.096268462 -0.10006235 -0.10388846 -0.10771457 -0.11154067 -0.11641019 -0.12315985 -0.1299095 -0.13665916 -0.14340881 -0.14181665 -0.15118323 -0.16121315 -0.17124306 -0.18127298 -0.1913029 -0.18863244 -0.18460934 -0.18058625 -0.17656316 -0.17446212 -0.17247039 -0.16893625 -0.16540211 -0.16186797 -0.16096464 -0.16587455 -0.17080436
-0.15176277 -0.14498829 -0.1382138 -0.13143932 -0.12466483 -0.11788132 -0.11035532 -0.10282932 -0.095303318 -0.087777317 -0.080251316 -0.08666105 -0.097239351 -0.10781765 -0.11839595 -0.12897425 -0.13018171 -0.11939811 -0.10861452 -0.097830931 -0.08704734 -0.07688328 -0.084986885 -0.087542503 -0.090098121 -0.092653739 -0.095209357 -0.098633972 -0.10246008 -0.10628618 -0.11011229 -0.1139384 -0.11451191 -0.12145018 -0.12819984 -0.13494949 -0.14169915 -0.14854659 -0.15857651 -0.16860643 -0.17863634 -0.18866626 -0.1955846 -0.19095343 -0.18693034 -0.18290725 -0.17888415 -0.17486106 -0.17225608 -0.16872195 -0.16518781 -0.16165367 -0.15811953 -0.15768574 -0.16261554
-0.15796045 -0.1529305 -0.14615601 -0.13938153 -0.13260705 -0.125954 -0.11938347 -0.11193304 -0.10440703 -0.096881034 -0.089355033 -0.091679495 -0.096892713 -0.10747101 -0.11804931 -0.12862762 -0.12983507 -0.11905148 -0.10826789 -0.097484294 -0.087162677 -0.077402049 -0.093067271 -0.103144 -0.10569962 -0.10825524 -0.11081085 -0.11423547 -0.11806157 -0.12188768 -0.12571379 -0.11833782 -0.11642716 -0.12561455 -0.13291972 -0.13966938 -0.14641903 -0.15326648 -0.1632964 -0.17332631 -0.18335623 -0.18923851 -0.18959414 -0.18380878 -0.17821235 -0.17418926 -0.17016617 -0.16614307 -0.16424779 -0.16288375 -0.15934961 -0.15581547 -0.15228134 -0.15042151 -0.15037956
-0.16119487 -0.1582931 -0.15409823 -0.14732374 -0.14054926 -0.13389621 -0.12732568 -0.12075515 -0.11351075 -0.10598475 -0.098458749 -0.10078321 -0.10344615 -0.10712438 -0.11770268 -0.12828098 -0.12948843 -0.11870484 -0.10792125 -0.097726773 -0.087681445 -0.077920817 -0.093586039 -0.10925126 -0.12130111 -0.12385673 -0.12641235 -0.12983696 -0.13366307 -0.13639247 -0.12832277 -0.12025307 -0.11834241 -0.1275298 -0.13671719 -0.14438926 -0.15113892 -0.15798637 -0.16801628 -0.1780462 -0.18289242 -0.18324805 -0.18360369 -0.17781832 -0.17137893 -0.16547127 -0.16144818 -0.15742508 -0.1555298 -0.1546489 -0.15351142 -0.14997728 -0.14644314 -0.14458331 -0.14361864
-0.16442929 -0.16152752 -0.15862574 -0.15526595 -0.14849147 -0.14183842 -0.13526789 -0.12869736 -0.12212684 -0.11508847 -0.10756247 -0.10988693 -0.11254986 -0.1152128 -0.11787574 -0.12793434 -0.12914179 -0.1183582 -0.10829087 -0.098245541 -0.088200214 -0.078439585 -0.094104808 -0.10977003 -0.12543525 -0.13945823 -0.14201385 -0.14543846 -0.14637743 -0.13830773 -0.13023803 -0.12216832 -0.12025767 -0.12944505 -0.13863244 -0.14781982 -0.1558588 -0.16270625 -0.17273617 -0.17654633 -0.17690196 -0.17725759 -0.17761323 -0.17182787 -0.16538847 -0.15894907 -0.15273019 -0.1487071 -0.14681181 -0.14593091 -0.14505001 -0.14413908 -0.14060494 -0.13874512 -0.13778045
-0.16766371 -0.16476194 -0.16186016 -0.15895838 -0.15605661 -0.14978063 -0.1432101 -0.13663958 -0.13006905 -0.12349852 -0.11666618 -0.11899064 -0.12165358 -0.12431652 -0.12697945 -0.12964239 -0.12890029 -0.11885497 -0.10880964 -0.09876431 -0.088718982 -0.078958354 -0.094623576 -0.1102888 -0.12595402 -0.14161924 -0.15728447 -0.15636238 -0.14829268 -0.14022298 -0.13215328 -0.12408358 -0.12217292 -0.13136031 -0.14054769 -0.14973508 -0.15892246 -0.16742614 -0.17020024 -0.17055587 -0.1709115 -0.17126714 -0.17162277 -0.16583741 -0.15939801 -0.15295861 -0.14651921 -0.14007982 -0.13809382 -0.13721293 -0.13633203 -0.13545113 -0.13457023 -0.13290692 -0.13194225
-0.16176091 -0.15885913 -0.15595736 -0.15305558 -0.15165465 -0.15658992 -0.15465398 -0.14808345 -0.14151293 -0.1349424 -0.12837187 -0.13072807 -0.13339101 -0.13605395 -0.13871688 -0.13832802 -0.13023844 -0.12019311 -0.11014778 -0.10010245 -0.090057125 -0.090517391 -0.098670156 -0.11433538 -0.1300006 -0.14566582 -0.16133104 -0.1607619 -0.1526922 -0.1446225 -0.1365528 -0.12909119 -0.12215494 -0.12171846 -0.13090585 -0.14009323 -0.14928062 -0.15820471 -0.15856034 -0.15891597 -0.15927161 -0.15962724 -0.16841954 -0.16374499 -0.15730559 -0.15086619 -0.1444268 -0.13983809 -0.13831019 -0.13742929 -0.1365484 -0.1356675 -0.13760929 -0.13879915 -0.13783448
-0.15276777 -0.149866 -0.14696422 -0.14620568 -0.14628296 -0.15121823 -0.15945471 -0.16071164 -0.15414111 -0.14757059 -0.14100006 -0.14335626 -0.1460192 -0.14868213 -0.14650448 -0.13994329 -0.1318537 -0.12180837 -0.11176305 -0.10241567 -0.1041505 -0.10594157 -0.11275468 -0.11957511 -0.13524033 -0.15090556 -0.16657078 -0.16600164 -0.15793194 -0.14986223 -0.1428231 -0.13756037 -0.13062413 -0.12067234 -0.11735524 -0.12654262 -0.13573001 -0.1446541 -0.14500973 -0.14536536 -0.145721 -0.15574923 -0.16764549 -0.16297094 -0.15653154 -0.15009214 -0.14596124 -0.14307618 -0.14154828 -0.14066739 -0.13978649 -0.14224919 -0.14746892 -0.14865878 -0.14769411
-0.14377463 -0.14087286 -0.1407567 -0.14083398 -0.14091127 -0.14584654 -0.15408301 -0.16231949 -0.1667693 -0.16019878 -0.15362825 -0.15598445 -0.15864739 -0.15468094 -0.14811975 -0.14155855 -0.13346897 -0.12342364 -0.11610501 -0.11783985 -0.11957468 -0.12136575 -0.12817886 -0.13499196 -0.14180507 -0.15614529 -0.17181051 -0.17124137 -0.16317167 -0.15655501 -0.15129229 -0.14602956 -0.13909331 -0.12914153 -0.11918975 -0.11299201 -0.1221794 -0.13110348 -0.13145912 -0.13181475 -0.14307892 -0.15497518 -0.16687144 -0.16219689 -0.15575749 -0.1520844 -0.14919934 -0.14631427 -0.14478637 -0.14390548 -0.14688909 -0.15210882 -0.15732854 -0.1585184 -0.15755373
-0.13523044 -0.13530772 -0.13538501 -0.13546229 -0.13553957 -0.14047484 -0.14871132 -0.1569478 -0.16518427 -0.17282696 -0.16625644 -0.16861264 -0.1628574 -0.15629621 -0.14973501 -0.14317382 -0.13508423 -0.12979435 -0.13152919 -0.13326403 -0.13499887 -0.13678994 -0.14360304 -0.15041615 -0.15722925 -0.16404236 -0.17705025 -0.1764811 -0.17028692 -0.1650242 -0.15976147 -0.15449875 -0.1475625 -0.13761072 -0.12765894 -0.11770716 -0.10862879 -0.11755287 -0.11851235 -0.13040861 -0.14230487 -0.15420113 -0.16609739 -0.16142284 -0.15820755 -0.15532249 -0.15243743 -0.14955236 -0.14802447 -0.151529 -0.15674872 -0.16196844 -0.16718817 -0.16837802 -0.16131054
-0.13085727 -0.13093455 -0.13101184 -0.13108912 -0.13116641 -0.13531595 -0.14355243 -0.15178891 -0.16002538 -0.16826186 -0.17649834 -0.17105713 -0.16449594 -0.15793474 -0.15137355 -0.14481235 -0.14189039 -0.14362523 -0.14536006 -0.1470949 -0.14882974 -0.14994003 -0.15500459 -0.16181769 -0.1686308 -0.1754439 -0.18225701 -0.18081041 -0.17554768 -0.17028496 -0.16502223 -0.1597595 -0.15528143 -0.14532965 -0.13537787 -0.12542609 -0.11547431 -0.10617388 -0.11807014 -0.1299664 -0.14186266 -0.15375892 -0.16550465 -0.16409172 -0.16120665 -0.15832159 -0.15543653 -0.15255146 -0.15487551 -0.16009523 -0.16531495 -0.17053468 -0.1757544 -0.17229185 -0.16252457
-0.13427822 -0.13409234 -0.13416962 -0.1342469 -0.13432419 -0.1359007 -0.13999853 -0.148235 -0.15647148 -0.16470796 -0.17294443 -0.171316 -0.16630999 -0.15974879 -0.1531876 -0.1466264 -0.14370444 -0.14543928 -0.14717411 -0.14890895 -0.14950979 -0.14730859 -0.13964079 -0.14288031 -0.14969341 -0.15650652 -0.16331962 -0.16187302 -0.1566103 -0.15134757 -0.14608484 -0.14400615 -0.14520761 -0.14739017 -0.13743839 -0.12748661 -0.11753483 -0.10823439 -0.12013066 -0.13202692 -0.14392318 -0.15525788 -0.16223399 -0.16395245 -0.16240327 -0.1595182 -0.15663314 -0.15374808 -0.15483088 -0.15890665 -0.16412637 -0.1693461 -0.17456582 -0.1756972 -0.17059161
-0.14041707 -0.13798876 -0.1373274 -0.13740468 -0.13748197 -0.13905848 -0.14165379 -0.1446811 -0.15291758 -0.16115405 -0.16939053 -0.1677621 -0.1657947 -0.16156284 -0.15500165 -0.14844045 -0.14551849 -0.14725333 -0.14898816 -0.14901833 -0.14687834 -0.14467714 -0.13700934 -0.12934155 -0.13075602 -0.13756913 -0.14438223 -0.14293563 -0.13767291 -0.13241018 -0.13098425 -0.13090091 -0.13210236 -0.13561892 -0.13913547 -0.12954713 -0.11959534 -0.11029491 -0.12219117 -0.13408743 -0.14501111 -0.15198722 -0.15896333 -0.16068179 -0.16184029 -0.16071482 -0.15782975 -0.15494469 -0.15602749 -0.15900189 -0.16293779 -0.16815752 -0.17337724 -0.17450862 -0.17345421
-0.14655592 -0.14412761 -0.14169931 -0.14056247 -0.14063975 -0.14221627 -0.14481157 -0.14740688 -0.15000219 -0.15760015 -0.16583663 -0.1642082 -0.1622408 -0.1602734 -0.1568157 -0.1502545 -0.14733254 -0.14906737 -0.14852686 -0.14638688 -0.14424689 -0.14204569 -0.13437789 -0.1267101 -0.11904231 -0.11863174 -0.12544485 -0.12399825 -0.11873552 -0.11796235 -0.11787901 -0.11779566 -0.11899711 -0.12251367 -0.12603023 -0.12954678 -0.12165586 -0.11235543 -0.12425169 -0.13476434 -0.14174045 -0.14871656 -0.15569267 -0.15741113 -0.15856964 -0.15972814 -0.15902637 -0.1561413 -0.1572241 -0.1601985 -0.1631729 -0.16696894 -0.17218866 -0.17332004 -0.17226563
-0.15269477 -0.15026646 -0.14783816 -0.14540986 -0.14379753 -0.14537405 -0.14796935 -0.15056466 -0.15315997 -0.15575528 -0.16228272 -0.16065429 -0.15868689 -0.15671949 -0.15475209 -0.15206855 -0.14914659 -0.1480354 -0.14589542 -0.14375543 -0.14161544 -0.13941424 -0.13174644 -0.12407865 -0.11641086 -0.10874307 -0.10650746 -0.10506086 -0.10494045 -0.10485711 -0.10477376 -0.10469041 -0.10589187 -0.10940842 -0.11292498 -0.11644154 -0.11995809 -0.11441594 -0.12451757 -0.13149368 -0.13846979 -0.1454459 -0.15242202 -0.15414048 -0.15529898 -0.15645748 -0.15761598 -0.15733792 -0.15842072 -0.16139511 -0.16436951 -0.16734391 -0.17100008 -0.17213146 -0.17107705
-0.15716495 -0.15473665 -0.15230835 -0.14988004 -0.14787058 -0.14747502 -0.15007033 -0.15266563 -0.15526094 -0.15785625 -0.16045156 -0.15863573 -0.15666833 -0.15470093 -0.15273353 -0.15076613 -0.1482133 -0.14607331 -0.14393332 -0.14179334 -0.13965335 -0.13761517 -0.13566615 -0.12799836 -0.12033057 -0.11266277 -0.10499498 -0.10251484 -0.1024315 -0.10234815 -0.1022648 -0.10218145 -0.097981597 -0.099992603 -0.10350916 -0.10702572 -0.11054227 -0.11416197 -0.12113808 -0.12811419 -0.1350903 -0.14206641 -0.15095853 -0.15321809 -0.15437659 -0.15553509 -0.15669359 -0.15727681 -0.15815288 -0.16112728 -0.16410168 -0.16707608 -0.17016814 -0.17102889 -0.16997448
-0.15898324 -0.15655494 -0.15412663 -0.15346632 -0.15659817 -0.15543077 -0.15134185 -0.15308709 -0.1556824 -0.1582777 -0.16087301 -0.15905718 -0.15708978 -0.15512239 -0.15301388 -0.1499651 -0.14731498 -0.14517499 -0.143035 -0.14089501 -0.13878425 -0.13676895 -0.14200614 -0.14232939 -0.1346616 -0.12699381 -0.11932601 -0.11684588 -0.11676253 -0.11667918 -0.11659584 -0.11677341 -0.11262348 -0.10066967 -0.099956701 -0.10347326 -0.10698981 -0.11060951 -0.11758562 -0.12456173 -0.13153784 -0.14117031 -0.15376809 -0.15602764 -0.15718614 -0.15834465 -0.15820707 -0.15468163 -0.1555577 -0.15853209 -0.16150649 -0.16475936 -0.16920226 -0.17006301 -0.1690086
