P2_models/J1_p2_tot_conduct_slide_148.39.dat.tif
NCOLS 118
NROWS 92
XLLCORNER 139.62
YLLCORNER -39.07
DX 0.099491525
DY 0.099347826
NODATA_VALUE -9999
[rows 0 to 24 of 92, columns 57 to 113 of 118]
-2.5432609 -2.4757023 -2.3762108 -2.2785707 -2.1686064 -2.0564103 -1.9255004 -1.7846579 -1.6501385 -1.5207773 -1.3870413 -1.2689973 -1.1564921 -1.0680552 -0.99577806 -0.96261422 -0.95761381 -0.98525035 -1.0526511 -1.1414552 -1.2844566 -1.440337 -1.6283572 -1.8331758 -2.0548795 -2.2367184 -2.4135922 -2.5123109 -2.5940049 -2.6499527 -2.6877715 -2.6933478 -2.6573832 -2.5882335 -2.5103292 -2.4264018 -2.3093529 -2.1885453 -2.0597916 -1.9576901 -1.8757559 -1.8528837 -1.8338261 -1.8382101 -1.8711613 -1.947243 -2.031251 -2.1190376 -2.1579378 -2.1964781 -2.2315928 -2.2456179 -2.2514703 -2.263531 -2.2186576 -2.1419497 -1.9772972
-2.6122971 -2.5315121 -2.429943 -2.3219797 -2.2013433 -2.0704334 -1.9238195 -1.7599554 -1.6161463 -1.47778 -1.3294521 -1.2086396 -1.0921959 -1.003759 -0.93956883 -0.90867082 -0.91582713 -0.95342501 -1.0339147 -1.1446553 -1.2994199 -1.4792507 -1.6746204 -1.8861527 -2.1085456 -2.299804 -2.4766778 -2.571353 -2.6350239 -2.6865956 -2.7149143 -2.715 -2.66833 -2.5969922 -2.516124 -2.4235689 -2.3061793 -2.1813986 -2.0526449 -1.9525651 -1.878132 -1.8650141 -1.8505533 -1.8585647 -1.9022985 -1.9832293 -2.071016 -2.1588026 -2.1933889 -2.2299075 -2.2627472 -2.2767551 -2.2826076 -2.3076098 -2.2904146 -2.2207091 -2.0889045
-2.6852387 -2.6022173 -2.4971985 -2.3767641 -2.2458542 -2.0959454 -1.9388535 -1.7749894 -1.6091702 -1.4529921 -1.3028117 -1.1771382 -1.0612177 -0.97278077 -0.91206143 -0.8844249 -0.90306525 -0.94728371 -1.0504428 -1.1676514 -1.3440634 -1.5259932 -1.7305035 -1.9388973 -2.1612901 -2.3473176 -2.5241914 -2.6021412 -2.6616407 -2.7026078 -2.7223929 -2.7113383 -2.6578681 -2.5817863 -2.4917471 -2.3970947 -2.274542 -2.1497614 -2.0210076 -1.9296657 -1.8594364 -1.8492506 -1.8506441 -1.8740538 -1.9223041 -2.0100907 -2.0984005 -2.1861871 -2.2237729 -2.2542051 -2.2834673 -2.2974752 -2.3033277 -2.3277474 -2.3288395 -2.2703151 -2.1709611
-2.7411218 -2.6581004 -2.5530816 -2.4326472 -2.3017373 -2.1456936 -1.9823182 -1.818454 -1.6526348 -1.4868156 -1.3338579 -1.2081844 -1.0931108 -1.0100362 -0.95312001 -0.93409881 -0.95865154 -1.0093761 -1.1138015 -1.2359531 -1.4072996 -1.5874929 -1.7864759 -1.9841304 -2.1799178 -2.3333703 -2.4807267 -2.5802371 -2.6492223 -2.6812835 -2.6884475 -2.6678736 -2.5795337 -2.4576015 -2.3757911 -2.2853284 -2.1682795 -2.0442043 -1.9109864 -1.830144 -1.772507 -1.7757379 -1.7825844 -1.8528137 -1.9036764 -2.001149 -2.0887512 -2.1737686 -2.2608468 -2.2976697 -2.3269319 -2.3409399 -2.3467924 -2.3178096 -2.3102118 -2.2607751 -2.1773155
-2.7474733 -2.7125731 -2.6089648 -2.4944135 -2.3635036 -2.2104015 -2.0428368 -1.8795682 -1.713749 -1.5538129 -1.3951451 -1.271588 -1.1592545 -1.0794879 -1.028099 -1.012034 -1.0436244 -1.0988974 -1.2085773 -1.3306677 -1.4991338 -1.6715962 -1.8632762 -2.0438744 -2.2272917 -2.3549396 -2.4765403 -2.560305 -2.644477 -2.6678867 -2.6553937 -2.629409 -2.5301858 -2.3780223 -2.2721974 -2.1880955 -2.0682795 -1.9455926 -1.8123332 -1.7448518 -1.6980323 -1.7152827 -1.7341456 -1.8139278 -1.8954483 -1.995992 -2.0884251 -2.1703593 -2.257253 -2.3234849 -2.3527472 -2.3638136 -2.369666 -2.3377417 -2.3013854 -2.2538128 -2.1711063
-2.7841323 -2.7560378 -2.6620736 -2.550649 -2.4302119 -2.2793521 -2.1170238 -1.9554265 -1.7944691 -1.6393372 -1.4882836 -1.3678465 -1.2586023 -1.1867473 -1.1398653 -1.1288107 -1.1621376 -1.222938 -1.3327621 -1.4548525 -1.6206717 -1.7895717 -1.9664455 -2.137013 -2.2891765 -2.4066276 -2.5013773 -2.5794611 -2.6506862 -2.6525476 -2.636766 -2.5925476 -2.4861935 -2.3223252 -2.2095306 -2.1073754 -1.9844741 -1.8607236 -1.7378223 -1.672269 -1.6421491 -1.6676144 -1.7030994 -1.7967384 -1.8906481 -1.995992 -2.0894467 -2.1765686 -2.2634623 -2.3296942 -2.3589564 -2.3691508 -2.369666 -2.3348199 -2.2940663 -2.2413943 -2.1594102
-2.7866535 -2.7673422 -2.6858728 -2.585092 -2.4757975 -2.3315736 -2.1818063 -2.0460227 -1.8910857 -1.7396562 -1.6135826 -1.4988319 -1.4061906 -1.3411079 -1.3052322 -1.3008016 -1.3390738 -1.3998741 -1.5105474 -1.6219177 -1.7829941 -1.9289875 -2.0938422 -2.2247849 -2.3555148 -2.4678708 -2.5338272 -2.6033217 -2.6446399 -2.6382546 -2.6074182 -2.5488995 -2.4202379 -2.2520602 -2.1375673 -2.0105751 -1.8862869 -1.7594125 -1.6519705 -1.5977581 -1.5828861 -1.6367077 -1.6774132 -1.7781157 -1.8906481 -2.0029335 -2.1001668 -2.1879534 -2.2696715 -2.3359034 -2.3618445 -2.37 -2.3649739 -2.3240998 -2.2816478 -2.2258042 -2.1416317
-2.7897242 -2.7824968 -2.7106418 -2.6270607 -2.5223328 -2.3935884 -2.2469693 -2.1221708 -1.9895155 -1.8716196 -1.7529723 -1.6572014 -1.5755206 -1.5212438 -1.493356 -1.493356 -1.5316281 -1.5924285 -1.6940339 -1.7997498 -1.9273758 -2.0577478 -2.19783 -2.3177876 -2.4289841 -2.4962945 -2.5570949 -2.5861274 -2.6259103 -2.6025005 -2.5492463 -2.4773913 -2.3440219 -2.1684486 -2.0335215 -1.9066939 -1.7807298 -1.6632522 -1.5696131 -1.5434157 -1.5317109 -1.5933789 -1.6633709 -1.7875314 -1.9045803 -2.0216291 -2.1282782 -2.2160648 -2.2845664 -2.3447119 -2.3681216 -2.369325 -2.3634726 -2.3377881 -2.2892403 -2.2307159 -2.1256171
-2.7924778 -2.7776217 -2.7168213 -2.6410123 -2.5595882 -2.4369076 -2.3028525 -2.1970925 -2.0888633 -1.9936138 -1.8895755 -1.816266 -1.7431701 -1.7155336 -1.6937624 -1.7044701 -1.7427422 -1.8035426 -1.8982108 -1.9922362 -2.0917277 -2.2067695 -2.3062611 -2.4120338 -2.4848672 -2.5389098 -2.5757226 -2.5688299 -2.5762363 -2.5367673 -2.4731218 -2.3791576 -2.2397658 -2.0504731 -1.9155459 -1.7887183 -1.6716695 -1.5576952 -1.4971181 -1.4851889 -1.4944554 -1.5732535 -1.6571616 -1.8151776 -1.9419827 -2.0824414 -2.1951582 -2.2905757 -2.3234536 -2.3695488 -2.3872189 -2.3857085 -2.3758911 -2.3931471 -2.3637512 -2.2716862 -2.152399
-2.7571739 -2.7290485 -2.6763172 -2.6236576 -2.5519269 -2.4661999 -2.3405946 -2.2681292 -2.1741649 -2.1184833 -2.0327248 -1.9799861 -1.9248478 -1.9116291 -1.9058146 -1.9205271 -1.959416 -2.0194421 -2.1074458 -2.1755823 -2.2499193 -2.3404843 -2.4148734 -2.4867876 -2.5433283 -2.5655217 -2.5907932 -2.5627335 -2.5441683 -2.4944093 -2.3983181 -2.2929493 -2.1446716 -1.951541 -1.8095337 -1.683404 -1.5826718 -1.4844165 -1.4338338 -1.4560671 -1.4783101 -1.5769392 -1.6736147 -1.8427315 -1.9939728 -2.1344314 -2.239222 -2.3381325 -2.3628721 -2.3890869 -2.4022147 -2.3928129 -2.380668 -2.3890828 -2.3701468 -2.2744425 -2.1529669
-2.6606173 -2.6428374 -2.6041463 -2.5653641 -2.5182366 -2.4489607 -2.359942 -2.3036853 -2.2484122 -2.2104026 -2.171483 -2.1295918 -2.1005503 -2.1005503 -2.111893 -2.1340022 -2.1753431 -2.2306162 -2.2904232 -2.3468074 -2.4085703 -2.4685563 -2.5238294 -2.5647786 -2.5940408 -2.599178 -2.599178 -2.5612214 -2.5196941 -2.4377599 -2.3350926 -2.2134918 -2.0535362 -1.8604056 -1.7196584 -1.5890386 -1.4986372 -1.4237918 -1.3886771 -1.4199525 -1.478477 -1.5864819 -1.7048363 -1.8812156 -2.0432395 -2.1836982 -2.2835567 -2.3713434 -2.3897108 -2.4037527 -2.4096051 -2.3985593 -2.381002 -2.3850413 -2.3558729 -2.2563814 -2.1365498
-2.5421947 -2.5319336 -2.5172169 -2.4922092 -2.4685627 -2.4214351 -2.359942 -2.3314218 -2.2980862 -2.29625 -2.2708497 -2.2603769 -2.2387977 -2.2553796 -2.2703293 -2.3016517 -2.337678 -2.3858472 -2.4378284 -2.4709922 -2.5041561 -2.5540166 -2.5816531 -2.6132812 -2.6188777 -2.609222 -2.5929688 -2.5349462 -2.4824386 -2.3841667 -2.2633389 -2.1265625 -1.9689902 -1.7796855 -1.6465693 -1.520737 -1.4563601 -1.3865363 -1.38 -1.4337637 -1.5095231 -1.630048 -1.7545102 -1.9476408 -2.1115412 -2.236574 -2.3238073 -2.4023896 -2.4051562 -2.4161712 -2.4170312 -2.401777 -2.381002 -2.38 -2.3496637 -2.2453293 -2.1326573
-2.392875 -2.3977556 -2.3907175 -2.385837 -2.3796956 -2.3523183 -2.325865 -2.3411433 -2.3300887 -2.3297215 -2.3507546 -2.3402818 -2.3591985 -2.3763318 -2.4125983 -2.4457621 -2.4858845 -2.5278559 -2.5620132 -2.588696 -2.6218599 -2.6409459 -2.6685825 -2.6266247 -2.6237976 -2.6048945 -2.5670644 -2.502813 -2.4335425 -2.3223461 -2.1885563 -2.0496332 -1.8884716 -1.7012637 -1.5690896 -1.4686378 -1.404261 -1.38 -1.3848615 -1.4499662 -1.5457843 -1.6675751 -1.8009436 -1.9940743 -2.1698276 -2.2873243 -2.3670003 -2.4250054 -2.42 -2.42 -2.4187984 -2.4015053 -2.3780955 -2.3281522 -2.292888 -2.1938563 -2.0943149
-2.2438533 -2.2554781 -2.2665327 -2.2770571 -2.2927662 -2.2957916 -2.301028 -2.3236465 -2.3487164 -2.3819031 -2.4147712 -2.4409531 -2.4680347 -2.5067258 -2.5429923 -2.5761562 -2.6133496 -2.6520407 -2.6782307 -2.7004623 -2.7134732 -2.7188265 -2.6580262 -2.6142062 -2.5966489 -2.560927 -2.5111813 -2.4469298 -2.3776593 -2.2437188 -2.1064138 -1.9627038 -1.8015423 -1.625969 -1.519102 -1.4313824 -1.3998654 -1.3866455 -1.4159077 -1.4901143 -1.5954582 -1.7154942 -1.8444175 -2.0551055 -2.2250882 -2.3245797 -2.3906043 -2.4374239 -2.426855 -2.4184416 -2.4125892 -2.395296 -2.3718863 -2.2826001 -2.2019932 -2.1317639 -2.0540187
-2.1061495 -2.1244481 -2.142348 -2.1717627 -2.2001779 -2.2338398 -2.2535552 -2.3019081 -2.337764 -2.4028064 -2.4444033 -2.4899205 -2.5219433 -2.5692123 -2.6054787 -2.6386426 -2.6683271 -2.7026589 -2.7273626 -2.7382336 -2.7327063 -2.7256965 -2.6512666 -2.5982543 -2.5672535 -2.5163379 -2.4609571 -2.3725296 -2.2976049 -2.1611035 -2.0214571 -1.8814334 -1.7395042 -1.5786524 -1.5040125 -1.42469 -1.4338192 -1.4233506 -1.4661759 -1.5618589 -1.673427 -1.7834724 -1.9121689 -2.1228568 -2.2906385 -2.3712818 -2.4177325 -2.4611603 -2.4392734 -2.4292093 -2.4197367 -2.4004047 -2.376995 -2.2877088 -2.2021495 -2.1388612 -2.0803368
-1.9727844 -1.9930758 -2.015185 -2.053058 -2.0949491 -2.1448113 -2.1867025 -2.2552233 -2.3160237 -2.3901388 -2.4559164 -2.5065467 -2.5556933 -2.6060618 -2.6485335 -2.6816974 -2.7093892 -2.7370257 -2.7510606 -2.7577624 -2.7464405 -2.7241759 -2.6450397 -2.5739857 -2.5330186 -2.4667342 -2.4004065 -2.3039245 -2.2069108 -2.0664522 -1.9386621 -1.8005797 -1.6770925 -1.5366339 -1.483589 -1.4313596 -1.4539741 -1.4788345 -1.5315065 -1.6291822 -1.7520835 -1.8558479 -1.9758623 -2.1865502 -2.3430407 -2.4128564 -2.4457714 -2.4808861 -2.4579038 -2.4377754 -2.4260705 -2.4047458 -2.381336 -2.2940425 -2.2124015 -2.1538771 -2.1073092
-1.8504112 -1.8674788 -1.8951154 -1.9360906 -1.9884545 -2.0452315 -2.1072242 -2.189523 -2.2762846 -2.3638034 -2.44267 -2.5055067 -2.5623165 -2.6175896 -2.6617799 -2.6949437 -2.721149 -2.7436489 -2.7513841 -2.7511392 -2.72903 -2.6976831 -2.6092462 -2.5330252 -2.4686483 -2.3933509 -2.3076819 -2.2026725 -2.0943166 -1.9587102 -1.8326911 -1.7221449 -1.6139385 -1.5167643 -1.4848772 -1.4644755 -1.5112951 -1.5531755 -1.6234048 -1.7187239 -1.8315618 -1.923316 -2.0288478 -2.2395357 -2.3925296 -2.4393491 -2.4663531 -2.4875093 -2.464527 -2.4443986 -2.4326937 -2.4095481 -2.381336 -2.2979131 -2.2195998 -2.1669278 -2.1289118
-1.7674719 -1.7724181 -1.7973793 -1.8375022 -1.893132 -1.9543229 -2.0246369 -2.1225522 -2.2177617 -2.306893 -2.4006084 -2.4663649 -2.5391421 -2.5944152 -2.6399896 -2.6731534 -2.6993587 -2.6979583 -2.6959715 -2.6859033 -2.6622935 -2.6135599 -2.517349 -2.4169792 -2.3473752 -2.2665416 -2.1738851 -2.0654152 -1.9729378 -1.8440715 -1.7368709 -1.6432065 -1.5850635 -1.5050748 -1.480725 -1.5008659 -1.5523785 -1.6265809 -1.7153146 -1.826511 -1.9377074 -2.0185116 -2.1185072 -2.3212903 -2.4471827 -2.4879575 -2.5111828 -2.5240129 -2.3529423 -2.3328139 -2.3239818 -2.3028751 -2.2827683 -2.2586197 -2.1830744 -2.1412954 -2.1120332
-1.68951 -1.6888571 -1.7109663 -1.7508442 -1.8084445 -1.8768165 -1.9501261 -2.0480414 -2.1530602 -2.2538563 -2.3500472 -2.4285931 -2.5024913 -2.5577644 -2.6022179 -2.6353817 -2.6395903 -2.6285357 -2.6174811 -2.603695 -2.5618247 -2.5063963 -2.3903177 -2.2865852 -2.2105035 -2.1221904 -2.0282261 -1.941339 -1.8517932 -1.7464492 -1.6709922 -1.5991372 -1.5499615 -1.503142 -1.5208801 -1.5451218 -1.6240429 -1.7114008 -1.8225972 -1.9270681 -2.0382645 -2.1144178 -2.1999772 -2.3744153 -2.4957912 -2.5309059 -2.5468053 -2.5585102 -2.3541227 -2.2167704 -2.210918 -2.1963175 -2.1787601 -2.1671524 -2.1490835 -2.1198212 -2.1071557
-1.6531504 -1.6482554 -1.6550831 -1.6889705 -1.7339337 -1.8023057 -1.8756152 -1.9735305 -2.0785493 -2.1835682 -2.2817455 -2.3602915 -2.4344388 -2.4952392 -2.5388217 -2.5670801 -2.5689304 -2.5540249 -2.5392421 -2.5167657 -2.4614926 -2.4008392 -2.2792385 -2.1712874 -2.0801094 -1.9917963 -1.8978321 -1.8183735 -1.7338176 -1.6534388 -1.6041473 -1.5805095 -1.5480095 -1.5341882 -1.5730256 -1.6134234 -1.7070625 -1.7983302 -1.9044646 -1.9954716 -2.0879384 -2.1485942 -2.2248142 -2.3886826 -2.5082097 -2.5324427 -2.5439631 -2.5523009 -2.3479135 -2.2105612 -2.1994174 -2.183899 -2.1663417 -2.1594763 -2.1428742 -2.1238955 -2.1209942
-1.6478632 -1.6251575 -1.6267757 -1.647245 -1.6834555 -1.7419524 -1.8105293 -1.8954802 -2.0004991 -2.1055179 -2.2028257 -2.2813717 -2.3519796 -2.4123432 -2.4554929 -2.4816381 -2.4793923 -2.4602644 -2.4381552 -2.4015211 -2.346248 -2.2669669 -2.1455487 -2.0382847 -1.9446456 -1.8507841 -1.7653618 -1.6879795 -1.6326866 -1.5683098 -1.5473334 -1.5345788 -1.5663111 -1.5683152 -1.61469 -1.6852645 -1.7789035 -1.8763013 -1.9778317 -2.0620341 -2.1320639 -2.1770317 -2.2425723 -2.4064407 -2.5090329 -2.5291425 -2.5368843 -2.5393818 -2.3381648 -2.1987038 -2.186999 -2.1714805 -2.1539232 -2.1505973 -2.1405832 -2.1243769 -2.123664
-1.6354447 -1.6067841 -1.5957295 -1.6075996 -1.6337816 -1.6856001 -1.7484369 -1.8311388 -1.919779 -2.0197055 -2.1153226 -2.1886321 -2.2577223 -2.3129954 -2.3539718 -2.376081 -2.3706073 -2.3484981 -2.3092587 -2.2649178 -2.1936333 -2.1126004 -1.996527 -1.8892629 -1.7956238 -1.7123501 -1.6349678 -1.5850886 -1.540608 -1.5230506 -1.5193607 -1.5469973 -1.5787296 -1.6138442 -1.6819084 -1.7597753 -1.8534144 -1.9459282 -2.0337148 -2.1045857 -2.1631101 -2.2037102 -2.2543868 -2.4065503 -2.5050192 -2.5167241 -2.5207541 -2.5207541 -2.32202 -2.1862854 -2.1745805 -2.159062 -2.1415047 -2.1405027 -2.1360818 -2.1243769 -2.1304893
-1.6476522 -1.6092921 -1.5817625 -1.5835254 -1.5999954 -1.6405395 -1.6950827 -1.7649174 -1.8471563 -1.9249059 -2.0137506 -2.071351 -2.1365691 -2.1818722 -2.2153232 -2.2256412 -2.2164369 -2.1914519 -2.1494291 -2.09385 -2.0109404 -1.9297416 -1.8189074 -1.7185377 -1.6370695 -1.5772334 -1.515298 -1.5056087 -1.4752977 -1.4784713 -1.5209622 -1.5792754 -1.6334454 -1.6906078 -1.7704605 -1.8515882 -1.9393748 -2.0308064 -2.1431143 -2.2230046 -2.2787582 -2.3143631 -2.3425028 -2.285804 -2.3837701 -2.3910092 -2.3849723 -2.3801884 -2.2416768 -2.1095218 -2.0978169 -2.0822985 -2.0647411 -2.1340993 -2.1360818 -2.1368768 -2.1537212
-1.6785815 -1.6232777 -1.5890023 -1.5706513 -1.5811241 -1.6055622 -1.6526897 -1.7050447 -1.7768997 -1.8429299 -1.9147195 -1.9664189 -2.0152221 -2.0537523 -2.0761487 -2.0809411 -2.0600085 -2.0323719 -1.9820659 -1.9238171 -1.8463693 -1.7623439 -1.658503 -1.5752787 -1.5021611 -1.4646261 -1.4204076 -1.4372079 -1.4391271 -1.4683893 -1.5402885 -1.6107133 -1.6851754 -1.7612572 -1.8449129 -1.9326326 -2.0099486 -2.1090114 -2.229817 -2.2894661 -2.3421381 -2.3660112 -2.3899527 -2.3291895 -2.2955055 -2.2986496 -2.2841526 -2.2724477 -2.1419435 -2.0462378 -2.0352862 -2.0273908 -2.0098335 -2.0847759 -2.1363749 -2.1434347 -2.1674482
-1.7076567 -1.6481147 -1.6038962 -1.5817672 -1.5712944 -1.58995 -1.616132 -1.6603045 -1.708598 -1.764422 -1.8215809 -1.863472 -1.9034558 -1.925565 -1.9395454 -1.9340181 -1.9096124 -1.8709317 -1.8170904 -1.7561676 -1.6843127 -1.6071129 -1.518676 -1.4448847 -1.4039176 -1.3774184 -1.3645245 -1.3976695 -1.4329179 -1.4988436 -1.5775439 -1.6715082 -1.7538903 -1.835768 -1.9175785 -2.0009342 -2.0653111 -2.1489532 -2.2484448 -2.3049253 -2.3359289 -2.3509892 -2.3589065 -2.2945296 -2.2544713 -2.2427664 -2.2270984 -2.2103553 -2.0895415 -2.0038832 -1.9980307 -1.9921783 -1.9849966 -2.0660814 -2.1258774 -2.1434347 -2.16832
