P2_models/J1_p2__temp2_slide_80.dat.tif
NCOLS 118
NROWS 92
XLLCORNER 139.62
YLLCORNER -39.07
DX 0.099491525
DY 0.099347826
NODATA_VALUE -9999
[rows 54 to 80 of 92, columns 0 to 59 of 118]
-9999 928.86995 927.05105 925.23215 923.41325 931.17166 939.73152 948.64391 957.96317 967.28243 976.60168 973.46505 967.04932 967.11751 980.17013 993.22276 985.82104 976.51427 967.2075 955.09563 936.51227 917.92891 899.34555 892.89772 891.9028 886.63562 869.91767 853.19972 848.65276 845.55233 842.45191 846.63434 864.85579 883.07724 901.29869 910.03901 916.2493 921.3598 924.8969 928.43399 931.97109 930.07085 927.69403 928.20164 930.78284 933.07012 934.618 936.16588 937.71376 938.49689 939.14785 939.79881 937.28633 931.36126 926.05619 922.89876 919.74132 916.58389 931.03089 948.52541
-9999 924.9807 923.1618 923.90595 932.46581 941.02567 949.58553 958.49792 967.81718 975.3147 968.89896 962.48323 956.06749 956.13568 969.18831 982.24093 995.29356 994.65475 985.34798 973.23611 954.65275 936.06939 934.94143 933.94651 932.9516 927.68441 910.96646 894.24851 877.53056 869.1604 866.05997 870.2424 888.46385 905.84312 912.05342 918.26371 924.47401 929.58451 933.1216 935.60329 933.22647 930.84965 928.47283 928.98045 931.56164 934.14283 936.67537 938.22324 939.77112 940.55425 941.20521 937.27473 931.34965 925.42458 920.11951 916.96207 915.21037 932.70488 950.1994 967.69392
-9999 921.09145 925.2001 933.75996 942.31982 950.87968 959.43954 968.35193 970.74861 964.33288 957.91714 951.50141 945.08567 945.15386 958.20649 971.25911 984.31174 997.36436 1003.4885 991.37659 977.98005 976.98514 975.99022 974.99531 974.00039 968.7332 952.01525 935.29731 918.57936 901.86141 889.66804 893.85047 907.85753 914.06783 920.27812 926.48841 932.69871 937.80921 938.75891 936.38209 934.00527 931.62845 929.25163 929.75925 932.34044 934.92163 937.50283 940.08402 941.82849 942.61162 937.26312 931.33805 925.41297 919.4879 914.18283 916.88436 934.37888 951.8734 969.36792 986.86244
-9999 928.11374 936.6736 945.23346 953.79332 962.35318 970.91304 972.57516 966.15942 959.74369 953.32795 946.91221 940.49648 935.95987 949.01249 962.06512 975.11774 988.17037 1001.223 1010.0279 1009.0329 1008.038 1007.0431 1006.0482 1005.0533 1005.5846 989.04074 972.32279 955.60484 938.88689 922.16894 913.28253 919.49283 925.70312 931.91342 938.12371 944.33401 942.58174 940.20493 937.82811 935.45129 933.07447 930.69765 933.09317 935.67436 938.25555 940.83675 943.41794 945.99914 944.50224 938.57716 932.65209 926.72701 920.80194 916.17737 932.66065 950.15517 967.64969 985.1442 1002.6387
-9999 945.11856 953.67842 962.23828 970.79814 978.55533 980.66194 981.89025 982.1049 976.98826 970.57252 964.15679 957.74105 952.72315 950.50449 958.97739 972.03001 985.08264 998.13526 1006.9401 1005.9452 1004.9503 1003.9554 1002.9605 1013.6378 1019.6752 1009.9794 995.60683 978.88888 962.17093 945.45298 936.56657 942.77687 948.98716 955.19746 961.29582 960.97543 956.28981 945.35912 941.55299 939.17617 936.79935 934.42253 938.76433 947.73519 950.31638 952.89757 955.47877 958.05996 963.00663 964.65575 958.73067 952.8056 946.88052 942.25596 942.13621 954.34544 971.83996 989.33448 1006.829
-9999 962.12337 970.68323 979.24309 984.71844 986.82505 988.93166 990.15997 990.37461 990.58925 987.8171 981.40136 974.98563 969.96773 967.74907 965.5304 968.94228 981.99491 995.04753 1003.8524 1002.8575 1001.8626 1003.9135 1015.821 1027.7285 1033.7659 1024.07 1014.3741 1002.1729 985.45497 968.73702 959.85061 966.06091 972.2712 976.35016 976.02977 975.70937 971.02375 960.09306 949.16238 942.90105 940.52423 938.14741 942.48921 951.66093 960.83266 964.9584 967.53959 970.12079 975.06746 980.42294 984.80926 978.88418 972.9591 968.33454 968.2148 968.09505 976.03023 993.52475 1011.0193
-9999 979.12819 987.68805 990.88154 992.98815 995.09476 997.20137 998.42968 998.64432 998.85896 999.0736 998.64594 992.2302 987.2123 984.99364 982.77498 980.55632 978.90718 991.9598 1000.7647 999.76975 1006.0966 1018.0041 1029.9116 1041.8191 1047.8565 1038.1606 1028.4647 1018.7689 1008.739 992.02106 983.13465 989.34495 991.4045 991.08411 990.76371 990.44332 985.7577 974.82701 963.89632 952.96563 944.24911 941.8723 946.21409 955.38581 964.55754 973.72926 979.60042 982.18161 987.12828 992.48377 997.83926 1003.1947 999.03769 994.41313 994.29338 994.17364 994.05389 997.71502 1015.2095
-9999 994.93803 997.04464 999.15125 1001.2579 1003.3645 1005.4711 1006.6994 1006.914 1007.1287 1007.3433 1007.558 1007.7726 1004.4569 1002.2382 1000.0196 997.80089 995.58223 993.36357 997.67693 1008.2798 1020.1872 1032.0947 1044.0022 1055.9097 1061.9471 1052.2512 1042.5553 1032.8595 1023.1636 1013.4677 1006.4187 1006.4588 1006.1384 1005.8181 1005.4977 1005.1773 1000.4916 989.56095 978.63027 967.69958 956.76889 945.8382 949.93897 959.1107 968.28242 977.45414 986.62586 994.24244 999.18911 1004.5446 1009.9001 1015.2556 1020.6111 1020.4917 1020.372 1020.2522 1020.1325 1020.0127 1019.893
-9999 996.36292 998.46953 1000.5761 1002.6827 1004.7894 1005.2586 1000.7195 997.20281 997.41745 997.63209 997.84673 998.06137 1001.6289 1006.8462 1004.6275 1002.4089 1000.1902 997.97154 1000.0244 1011.9319 1023.8394 1035.7468 1047.6543 1056.6646 1055.753 1054.5946 1044.8987 1035.2028 1025.5069 1015.8111 1009.3176 1008.9972 1008.6768 1008.3564 1008.036 1005.5772 1006.4205 1006.6019 995.67126 984.74057 973.80988 962.8792 959.92226 967.17672 976.34844 985.52016 994.69188 1003.8636 991.51199 996.58023 1001.9357 1007.2912 1012.6467 1019.6202 1027.6529 1027.5331 1027.4134 1027.2937 1027.1739
-9999 994.81132 996.91793 999.02454 1001.1312 1000.1799 998.26935 993.73025 986.15748 979.88719 980.10183 980.31647 980.53111 984.09861 994.3804 1003.7405 1001.5218 999.30314 997.08448 999.13735 1011.0448 1022.9523 1034.8598 1039.0603 1036.4546 1035.543 1039.1719 1042.1337 1032.4379 1022.742 1013.0461 1006.5526 1006.2322 1005.9118 1005.5914 1001.0909 994.16766 995.01094 1006.9654 1013.7155 1002.7848 991.8541 980.92341 977.96647 980.74176 986.30221 995.47393 1004.6457 1013.8174 1001.4658 985.39432 985.26339 990.61888 995.97436 1002.9479 1015.5261 1026.6399 1026.5202 1026.4004 1026.2807
-9999 993.25973 995.36634 997.01181 995.10125 993.19069 991.28012 986.74102 979.16825 971.59547 964.0227 962.78622 963.00086 966.56836 976.85014 987.13193 997.41371 998.41607 996.19741 998.25028 1010.1578 1022.0652 1021.456 1018.8503 1016.2446 1015.333 1018.9619 1022.5908 1026.2197 1019.977 1010.2812 1003.7876 1003.4672 1003.1468 996.60464 989.68137 982.75811 983.60139 995.55582 1007.5102 1019.4647 1009.8983 998.96762 996.01069 998.78598 1001.5613 1005.4277 1014.5994 1023.7711 1011.4195 995.34809 979.27666 973.94655 979.30203 986.27556 998.85377 1011.432 1024.0102 1025.5072 1025.3874
-9999 991.70814 991.93315 990.02258 988.11202 986.20146 984.29089 979.75179 972.17902 964.60624 957.03347 949.4607 945.4706 949.0381 959.31989 969.60167 979.88346 990.16525 995.31035 997.36322 1006.4573 1003.8516 1001.246 998.64027 996.03459 995.12297 998.75188 1002.3808 1006.0097 1009.6386 1007.5162 1001.0227 999.04161 992.11835 985.19509 978.27183 971.34857 972.19185 984.14627 996.10069 1008.0551 1020.0095 1017.0118 1014.0549 1016.8302 1019.6055 1022.3808 1025.1561 1033.7249 1021.3733 1005.3019 989.23043 973.15899 962.6297 969.60323 982.18144 994.75966 1007.3379 1019.9161 1024.4942
-9999 988.35166 986.4411 984.53054 982.61997 980.70941 978.79885 975.85493 968.28216 960.70939 953.13662 945.56384 937.99107 934.20656 944.48835 954.77013 965.05192 975.3337 985.61549 992.0003 989.39461 986.78893 984.18325 981.57757 978.97188 976.0519 979.68081 983.30972 986.93864 990.56755 994.19646 994.22109 987.29783 980.37457 973.45131 966.52805 959.60479 962.78734 974.74176 986.69618 998.65061 1010.605 1022.5594 1028.8719 1031.6471 1034.4224 1037.1977 1039.973 1042.7483 1029.4541 1013.3827 997.31124 981.2398 965.16837 959.72809 972.3063 984.88452 997.46273 1010.041 1022.6192
-9999 990.30639 988.39582 986.48526 984.5747 982.97678 988.1063 987.3391 979.76633 972.19356 964.62078 957.04801 948.80258 943.70932 945.05644 953.3616 963.64339 973.92517 984.20696 990.59177 987.98608 985.3804 982.77472 980.16903 977.74524 974.4431 968.68406 969.90351 973.53242 977.16133 980.79024 980.81488 973.89162 966.96835 960.04509 953.12183 956.22981 963.35561 975.31003 987.26445 999.21888 1011.0093 1021.0171 1027.1402 1030.4121 1033.1874 1035.9627 1038.738 1041.5133 1028.2191 1012.1477 996.07624 980.0048 977.59812 983.6612 996.23941 1008.8176 1021.3958 1033.2737 1030.6479
-9999 992.26111 990.35055 988.43998 989.33142 994.46095 999.59047 998.82327 991.2505 983.67772 975.90841 967.59908 959.28974 954.19648 955.54359 956.89071 962.23485 972.51664 982.79843 989.18324 986.57755 983.97187 981.40085 979.01537 976.6299 973.32776 967.56871 961.80967 960.1262 963.75511 967.38403 967.40866 960.4854 953.56214 949.29675 953.04742 956.79808 963.92388 975.8783 987.83272 999.06443 1009.0722 1019.0801 1025.2031 1028.5335 1031.8638 1034.7277 1037.503 1040.2783 1026.9841 1010.9127 994.84123 997.34904 1001.5312 1007.5943 1020.1725 1032.7507 1040.9394 1038.3135 1035.6877
-9999 994.21583 992.30527 995.68607 1000.8156 1005.9451 1011.0746 1010.3074 1002.7347 994.7049 986.39557 978.08623 969.7769 964.68363 966.03075 967.37786 968.72498 971.10811 981.3899 987.7747 985.16902 982.67098 980.2855 977.90003 975.51455 972.21241 966.45337 960.69433 954.93529 950.3489 953.97781 954.00244 947.07918 946.11436 949.86502 953.61569 957.36635 964.49215 976.44657 987.11955 997.12737 1007.1352 1017.143 1023.2661 1026.5964 1029.9268 1033.2571 1036.268 1039.0433 1025.7491 1012.9178 1017.1 1021.2821 1025.4643 1031.5274 1044.1056 1048.6051 1045.9792 1043.3533 1040.7275
-9999 996.91119 1002.0407 1007.1702 1012.2998 1017.4293 1022.5588 1021.7916 1013.5014 1005.1921 996.88272 988.57339 980.26405 975.17079 976.51791 977.86502 979.21214 980.55925 981.90637 986.36617 983.94111 981.55563 979.17016 976.78468 974.39921 971.09707 965.33802 959.57898 953.81994 948.0609 942.30186 940.59623 942.93197 946.68263 950.43329 954.18396 957.93462 965.06042 975.17467 985.18249 995.19031 1005.1981 1015.2059 1021.329 1024.6593 1027.9897 1031.32 1034.6504 1037.8083 1032.6687 1036.8509 1041.0331 1045.2153 1049.3975 1055.4605 1056.2707 1053.6449 1051.019 1048.3932 1045.7673
-9999 1005.2326 1010.3622 1015.4917 1020.6212 1025.7507 1030.4497 1035.7906 1033.8995 1025.5902 1017.2808 1008.9715 1000.6622 993.90195 992.56885 993.91597 995.26308 996.6102 997.95731 998.17575 995.79027 993.4048 991.01932 988.63385 985.753 982.13238 981.20309 975.44405 969.68501 963.92597 958.16693 955.65609 959.40675 963.15741 966.90807 970.65873 973.44427 979.09997 990.63817 1000.646 1010.6538 1020.6616 1030.6694 1034.6856 1037.1347 1040.465 1043.7954 1047.1257 1050.4561 1057.4096 1061.5918 1065.774 1069.9562 1074.1384 1074.1901 1064.7419 1062.116 1059.4902 1056.8643 1054.2385
-9999 1011.7584 1016.888 1022.0175 1027.147 1031.3694 1035.259 1040.6 1047.6159 1051.6152 1043.3059 1034.9966 1026.6872 1019.927 1016.269 1013.1258 1014.4729 1015.82 1017.1671 1017.3856 1015.0001 1012.6146 1010.2291 1006.071 1000.1539 996.5333 999.06781 1000.9498 995.19076 989.43171 983.67267 981.16184 984.9125 988.66316 992.41382 993.96709 994.08243 999.73813 1013.3201 1025.9887 1035.9965 1046.0044 1056.0122 1060.0283 1059.7372 1061.1231 1064.4534 1067.7838 1071.1141 1078.2177 1085.9734 1090.9736 1095.1558 1099.338 1099.3897 1085.134 1072.5354 1069.9095 1067.2836 1064.6578
-9999 1018.2842 1023.4138 1028.3995 1032.2891 1036.1787 1040.0684 1045.4093 1052.4253 1059.4412 1066.4572 1061.0216 1052.7123 1045.9521 1042.2941 1038.6361 1034.9782 1035.0298 1036.3769 1036.5954 1034.2099 1031.8244 1026.389 1020.4719 1014.5548 1010.9342 1013.4687 1016.0032 1018.5377 1014.9375 1009.1784 1006.6676 1010.4182 1014.1689 1014.4899 1014.6052 1014.7206 1020.3763 1033.9583 1047.5402 1061.1222 1071.3471 1081.3549 1085.3711 1085.0799 1084.7888 1085.1114 1088.4418 1091.7721 1098.8757 1106.6314 1114.3872 1120.3553 1124.5375 1124.5893 1110.3336 1096.0778 1081.8221 1077.703 1075.0771
-9999 1024.81 1029.3192 1033.2088 1037.0985 1040.9881 1044.8777 1050.2187 1057.2346 1064.2505 1071.2665 1078.2824 1078.7373 1071.9771 1068.3192 1064.6612 1061.0032 1057.3453 1055.5867 1055.8052 1052.6241 1046.707 1040.7899 1034.8729 1028.9558 1025.3351 1027.8696 1030.4041 1032.9387 1035.4732 1034.6842 1032.1733 1034.8974 1035.0127 1035.1281 1035.2434 1035.3587 1041.0144 1054.5964 1068.1784 1081.7603 1095.3423 1106.6976 1110.7138 1110.4227 1110.1315 1109.8404 1109.5492 1112.4302 1119.5338 1127.2895 1135.0452 1142.8009 1149.7371 1149.7888 1135.5331 1121.2774 1107.0217 1092.766 1085.4964
-9999 1029.3823 1033.272 1037.1616 1041.0512 1044.9408 1048.8305 1051.3397 1058.3557 1065.3716 1072.3876 1079.4035 1086.4195 1092.2546 1088.5966 1084.9386 1081.2807 1077.6227 1073.9647 1069.6236 1063.7065 1057.7894 1051.8723 1045.9552 1040.0381 1039.4812 1042.0071 1044.5416 1047.0761 1049.6106 1052.1451 1053.8533 1053.9686 1054.084 1054.1993 1054.3147 1054.43 1057.546 1071.128 1084.7099 1098.2919 1111.8739 1125.4558 1128.3205 1128.0293 1127.7382 1127.447 1127.1559 1126.8647 1130.2507 1138.0064 1145.7622 1153.5179 1161.2736 1168.4949 1155.0548 1140.7991 1126.5434 1112.2877 1098.0319
-9999 1030.0927 1033.9823 1037.8719 1041.7616 1045.487 1048.186 1048.8978 1047.316 1052.5314 1059.5473 1066.5633 1073.5792 1079.819 1084.5044 1083.4592 1079.8013 1076.1433 1072.4853 1068.1442 1062.2271 1056.31 1050.393 1044.4759 1049.3783 1054.0515 1055.5179 1057.6817 1060.2162 1062.7507 1065.2852 1066.9934 1067.1088 1067.2241 1067.3394 1067.2843 1061.755 1062.652 1072.7428 1085.6966 1099.2786 1112.8606 1126.4425 1126.2582 1116.3523 1116.0612 1115.7701 1115.4789 1115.1878 1111.5356 1111.0931 1118.8488 1126.6046 1134.3603 1141.5816 1146.9516 1138.8279 1124.5722 1110.3165 1096.0608
-9999 1030.803 1034.6926 1038.5823 1041.8501 1044.5491 1047.2481 1047.9598 1046.3781 1044.7963 1046.7071 1053.723 1060.739 1066.9787 1071.6641 1076.3495 1078.3219 1074.6639 1071.0059 1066.6649 1060.7478 1054.8307 1052.2092 1058.0789 1063.9485 1068.6217 1070.0882 1071.5546 1073.3563 1075.8908 1078.4253 1080.1335 1080.2489 1080.3642 1078.3957 1072.8663 1067.337 1068.234 1078.3248 1088.4157 1100.2653 1113.8473 1127.4292 1127.2449 1117.1641 1107.0834 1104.0931 1103.8019 1103.5108 1099.8586 1095.6256 1091.9355 1099.6912 1107.4469 1114.6682 1120.0383 1125.4083 1122.6011 1108.3454 1094.0896
-9999 1031.5133 1035.403 1038.2132 1040.9122 1043.6112 1046.3101 1047.0219 1045.4402 1043.8584 1042.2767 1040.8828 1047.8987 1054.1385 1058.8238 1063.5092 1068.1946 1072.88 1069.5266 1065.1855 1059.2684 1060.9098 1066.7795 1072.6491 1078.5188 1083.192 1084.6584 1086.1248 1087.5912 1089.0576 1091.5654 1093.2736 1093.389 1089.5071 1083.9777 1078.4483 1072.919 1073.816 1083.9068 1093.9977 1104.0885 1114.834 1128.4159 1128.2316 1118.1508 1108.0701 1097.9893 1092.1249 1091.8338 1088.1817 1083.9487 1079.7156 1075.4826 1080.5336 1087.7549 1093.125 1098.495 1103.8651 1106.3742 1092.1185
-9999 1031.8772 1034.5762 1037.2752 1039.9742 1042.6732 1045.3722 1046.084 1044.5022 1042.9205 1041.3387 1039.757 1038.1752 1041.2982 1045.9836 1050.669 1055.3544 1060.0397 1064.7251 1063.7407 1069.6104 1075.4801 1081.3497 1087.2194 1093.0891 1097.7623 1099.2287 1100.6951 1102.1615 1103.6279 1105.0943 1106.1478 1100.6184 1095.0891 1089.5597 1084.0303 1078.501 1079.398 1089.4888 1099.5796 1109.6705 1119.7613 1129.8522 1129.2183 1119.1375 1109.0568 1098.976 1088.8953 1080.1568 1076.5047 1072.2717 1068.0387 1063.8057 1059.5726 1060.8416 1066.2116 1071.5817 1076.9517 1082.3218 1087.6919
-9999 1026.9103 1029.6093 1032.3083 1035.0073 1037.7063 1040.9152 1043.3168 1043.4052 1041.8235 1040.2417 1038.66 1037.0782 1036.6211 1039.1273 1043.8127 1048.4981 1053.1835 1057.8689 1062.9124 1068.782 1074.6517 1080.5214 1086.391 1090.8725 1092.5552 1093.5189 1094.9853 1096.4517 1097.9181 1099.3845 1098.4614 1092.932 1087.4027 1081.8733 1076.3439 1071.8807 1071.9991 1078.8495 1088.9403 1099.0312 1109.122 1119.2129 1120.404 1112.5205 1102.4397 1092.359 1082.2782 1072.1974 1073.4526 1070.4247 1066.1917 1061.9587 1057.7257 1055.3278 1059.5826 1064.9526 1070.3227 1075.6927 1081.0628
