P2_models/J1_p2__temp2_slide_120.dat.tif
NCOLS 118
NROWS 92
XLLCORNER 139.62
YLLCORNER -39.07
DX 0.099491525
DY 0.099347826
NODATA_VALUE -9999
[rows 0 to 26 of 92, columns 0 to 59 of 118]
-9999 -9999 -9999 -9999 -9999 -9999 -9999 -9999 -9999 -9999 -9999 -9999 -9999 -9999 -9999 -9999 -9999 -9999 -9999 -9999 -9999 -9999 -9999 -9999 -9999 -9999 -9999 -9999 -9999 -9999 -9999 -9999 -9999 -9999 -9999 -9999 -9999 -9999 -9999 -9999 -9999 -9999 -9999 -9999 -9999 -9999 -9999 -9999 -9999 -9999 -9999 -9999 -9999 -9999 -9999 -9999 -9999 -9999 -9999 -9999
-9999 869.85281 870.27003 870.68724 871.10445 871.52166 873.0823 872.51765 871.08724 872.58222 874.07721 875.57219 877.06717 876.2059 872.05613 869.54596 867.03579 864.52562 862.01545 858.71505 853.59157 848.46809 843.3446 838.22112 834.50544 840.11986 848.93236 859.93949 870.94663 881.95376 892.9609 896.63311 886.16592 875.69874 865.23156 854.76438 847.92524 845.12477 837.25312 832.07064 826.88816 821.70568 816.5232 824.52885 837.70475 849.5041 861.30344 873.10279 884.90214 897.93802 912.04805 926.15808 940.26811 954.37814 962.1394 952.95275 950.88582 948.81888 946.75194 944.68501
-9999 875.93042 876.34763 876.76484 877.18205 879.63201 883.35528 882.79063 877.27717 873.9615 875.45649 876.95147 878.44645 877.58518 872.00536 867.09372 864.58355 862.07338 859.56321 856.26281 851.13933 846.01585 840.89237 839.69219 844.70391 850.31833 857.54816 865.50173 876.50886 887.516 898.52313 902.19534 891.72816 881.26098 870.79379 867.07793 870.34598 867.5455 856.06315 846.89002 841.70754 836.52507 831.34259 839.34823 856.83465 871.06713 882.86648 894.66582 906.46517 919.46183 932.66542 946.66513 960.77516 974.88519 982.64644 968.41631 957.22296 955.15603 953.08909 951.02216
-9999 882.00802 882.42523 882.84244 886.18173 889.90499 893.62826 893.06361 887.55015 882.03668 876.83577 878.33075 879.82573 878.96446 873.38464 867.80482 862.22501 859.62115 857.11098 853.81058 848.6871 843.56361 844.87893 849.89065 854.90237 860.5168 867.74663 874.97646 882.20629 893.07823 904.08537 907.75758 897.2904 886.82321 886.23063 889.49867 892.76671 889.96624 878.48389 867.00154 856.52693 851.34445 846.16197 854.16762 871.65404 889.14046 904.42951 916.22885 928.0282 941.02486 954.22845 967.43204 981.28221 995.39224 1003.1535 988.92336 974.69323 961.49318 959.42624 957.3593
-9999 888.08562 889.00817 892.73144 896.45471 900.17797 903.90124 903.33659 897.82313 892.30966 886.7962 881.28274 881.20501 880.34373 874.76392 869.1841 863.60429 858.02447 854.65874 851.35834 846.23486 850.06568 855.0774 860.08912 865.10084 870.71527 877.9451 885.17493 892.40476 899.63459 909.64761 913.31982 902.85263 905.38332 908.65136 911.9194 915.18745 912.38697 900.90462 889.42227 877.93992 866.45757 860.98135 868.987 886.47342 903.95984 921.44626 937.79189 949.59123 962.58789 975.79148 988.99508 1002.1987 1015.8993 1023.6605 1009.4304 995.20028 980.97015 966.74002 963.69645
-9999 895.55789 899.28115 903.00442 906.72769 910.45095 914.17422 913.60957 908.0961 902.58264 897.06918 891.55572 886.04226 881.72301 876.1432 870.56338 864.98356 859.40375 853.82393 850.24071 855.25243 860.26415 865.27587 870.28759 875.29931 880.91374 888.14357 895.3734 902.60323 909.83306 917.06289 921.26796 924.53601 927.80405 931.07209 934.34014 937.60818 934.80771 923.32536 911.843 900.36065 888.8783 877.39595 883.80638 901.29281 918.77923 936.26565 953.75207 971.15426 984.15093 997.35452 1010.5581 1023.7617 1036.9653 1044.1676 1029.9375 1015.7073 1001.4772 987.24706 973.01693
-9999 898.33355 902.05681 905.78008 909.50335 913.22661 916.72054 915.94511 910.43165 904.91819 899.40473 893.89126 888.85664 885.13831 882.11686 876.53704 870.95722 865.37741 859.79759 857.4205 862.43222 867.44394 872.45566 877.46737 882.85502 886.08212 883.99817 891.228 898.45783 905.68766 912.91749 918.7941 922.06215 925.33019 928.59824 931.86628 940.04162 943.0941 931.61175 920.1294 908.64705 897.1647 890.10948 886.42394 894.40733 911.89375 929.38017 946.86659 964.35301 978.18772 991.39131 1004.5949 1017.7985 1028.2426 1026.772 1012.5419 998.31175 984.08162 969.85149 964.92949
-9999 899.92142 903.64469 907.36796 911.09122 914.4687 917.79857 917.02314 911.50968 905.99622 900.48276 895.76184 891.30821 887.58987 885.34402 883.09816 877.65876 872.07895 866.49913 864.12204 869.13375 874.14547 879.15719 884.82238 890.84427 894.07137 889.80774 885.54411 892.03996 899.26979 906.49962 912.37624 915.64428 918.91232 922.18037 932.8766 946.08873 949.14121 937.65886 926.17651 914.69416 909.23188 904.60792 900.92238 897.91145 901.56961 919.05603 936.54245 954.02887 967.86358 981.06717 994.27076 1002.6292 1004.8422 1003.3716 989.14145 974.91132 960.68119 958.59698 959.32078
-9999 901.5093 905.23256 908.88699 912.21686 915.54673 918.8766 918.10117 912.58771 907.12067 902.66704 898.2134 893.75977 890.04144 887.79558 885.54973 883.30387 878.78049 873.20067 870.82357 875.83529 880.84701 886.78975 892.81164 898.83353 902.06063 897.797 893.53336 889.26973 892.85192 900.08175 905.95837 909.22641 912.49943 925.71157 938.92371 952.13584 955.18832 943.70597 932.97823 928.35427 923.73032 919.10636 915.42082 912.4099 909.39897 908.73189 926.21831 943.70473 957.53944 970.74303 977.01581 979.22879 981.44177 979.97115 965.74102 951.54066 952.26447 952.98827 953.71207
-9999 903.09717 906.63516 909.96502 913.29489 916.62476 919.95463 919.1792 914.02587 909.57223 905.1186 900.66497 896.21134 892.493 890.24715 888.00129 885.75544 883.50958 879.90221 877.52511 882.73522 888.75711 894.779 900.80089 906.82278 910.04989 905.78625 901.52262 897.25898 892.99535 893.66388 899.5405 905.33441 918.54654 931.75868 944.97082 958.18296 961.23544 952.10062 947.47667 942.85271 938.22876 933.60481 929.91926 926.90834 923.89741 920.88648 917.87555 933.38059 947.2153 951.40241 953.61539 955.82836 958.04134 956.57072 945.20815 945.93195 946.65575 947.37955 948.10335
-9999 903.90369 907.23356 910.56342 913.89329 917.22316 920.55303 919.84593 915.3923 910.93867 906.48504 902.03141 897.57777 894.50395 892.2581 890.01224 887.76639 885.52053 883.27467 883.52886 889.55075 895.57264 901.59453 907.61642 913.63831 918.90587 914.64223 910.3786 906.11496 901.85133 897.5877 899.29322 912.50535 925.71749 938.92963 952.14177 965.3539 969.71065 965.08669 960.46274 955.83878 951.21483 946.59087 942.10431 939.09338 936.08245 933.07153 930.0606 927.04967 928.49286 930.70583 932.91881 935.13178 937.34476 941.48417 942.20797 942.93177 943.65557 944.37937 945.10317
-9999 901.35873 904.6886 908.01846 911.34833 914.6782 915.73531 914.10073 909.6471 905.19347 900.73984 896.2862 892.04131 889.71101 891.08996 889.1355 886.88964 884.64379 882.39793 882.65212 888.67401 894.6959 900.71779 906.73968 912.24713 918.54703 927.60447 924.91484 920.65121 916.38757 912.12394 913.82946 927.0416 940.25373 953.46587 966.67801 972.40736 972.78505 968.16109 963.53714 958.91318 954.28923 945.28654 939.43485 936.11709 933.10616 930.09523 927.0843 924.07338 925.51656 927.72954 929.94251 932.15549 942.32895 955.57955 956.30335 957.02715 957.75095 958.47476 953.34915
-9999 898.81377 902.14364 905.4735 908.37411 909.18211 909.99011 908.35553 903.9019 899.44827 895.00522 890.82266 886.6401 884.3098 885.68875 887.0677 886.0129 883.76704 881.52119 881.77537 887.79726 893.81915 899.84104 905.16215 910.43321 916.7331 925.79054 934.84798 935.18745 930.92382 926.66018 928.3657 941.57784 954.78998 967.73424 971.608 975.48177 975.85945 971.23549 966.61154 961.27319 952.03077 942.78835 936.93667 933.52254 930.12986 927.11894 924.10801 921.09708 922.54027 924.75324 926.96622 939.55733 956.42434 969.67494 970.39874 971.12254 971.33732 965.6656 959.99387
-9999 896.26881 899.59868 901.8209 902.6289 903.43691 904.24491 902.61033 898.1567 893.78657 889.60401 885.42145 881.23889 878.90859 880.28754 881.66649 883.04545 882.8903 880.64444 880.89863 886.92052 892.8061 898.07716 903.34822 908.61928 914.91918 923.97662 933.03406 942.09149 945.46006 941.19643 942.90194 956.11408 966.93488 970.80864 974.68241 978.55617 978.93385 974.30989 968.01743 958.77501 949.53259 940.29017 934.43848 931.02435 927.61022 924.19609 921.13171 918.12079 919.56397 921.77695 936.7857 953.65271 970.51972 983.77033 984.49413 983.65376 977.98204 972.31031 966.63858
-9999 893.72385 895.2677 896.0757 896.8837 897.6917 898.49971 896.86513 892.56791 888.38535 884.2028 880.02024 875.83768 873.50738 874.88633 876.26528 877.64424 879.02319 879.7677 880.02188 885.72111 890.99217 896.26323 901.53429 906.80536 913.10525 922.16269 931.22013 940.27757 949.33501 955.73267 957.43819 966.13552 970.00928 973.88304 977.75681 981.63057 982.00825 974.76166 965.51924 956.27682 947.0344 937.79198 931.9403 928.52617 925.11204 921.69791 918.28378 915.14449 917.14706 934.01408 950.88109 967.7481 984.61511 997.86571 995.97021 990.29848 984.62675 978.95502 973.2833
-9999 889.06719 889.8752 890.6832 891.4912 892.2992 893.1072 891.26686 887.0843 882.90174 878.71918 874.53663 870.35407 868.94637 870.4652 871.84415 873.2231 874.60205 875.98101 878.53687 883.80793 889.079 894.35006 899.62112 904.89218 915.24885 926.12704 935.18447 944.24191 953.29935 962.35679 969.64365 973.51742 977.39118 981.26494 985.1387 989.01246 990.31382 981.0714 971.82898 962.58656 953.34414 944.10172 935.79271 932.37858 928.96445 925.55032 922.13619 918.72206 933.15313 950.02014 966.88715 983.75416 1000.6212 1009.035 1001.3279 995.65614 989.98441 984.31268 978.64096
-9999 884.49423 885.30224 886.11024 886.91824 887.12338 883.91649 881.7257 880.70763 877.22666 873.0441 868.86154 864.67898 863.27129 867.42041 869.70035 871.0793 872.45825 873.83721 876.39307 881.66414 886.9352 892.20626 897.47732 901.20655 910.99169 937.31917 952.57542 961.63286 970.69029 979.74773 987.0346 990.90836 994.78212 998.65588 1001.9893 993.01993 992.44659 1003.885 998.60512 989.3627 980.12028 970.87786 961.10263 950.98749 947.57336 944.15923 940.7451 937.33097 952.52575 970.46592 987.33293 1004.1999 1021.067 1029.4808 1008.6139 998.02315 992.35143 986.6797 981.00797
-9999 879.92128 880.72928 881.53728 880.55402 877.34713 874.14024 871.94945 870.93138 869.9133 867.36901 863.18645 859.00389 857.5962 861.74533 865.89446 868.9355 870.31445 871.69341 874.24928 879.52034 884.7914 889.72299 893.33619 896.94939 906.73453 933.06201 959.38949 979.0238 988.08124 997.13868 1004.4255 1008.2993 1012.1731 1012.2507 1003.2813 994.31187 993.73854 1005.177 1016.6154 1016.1388 1006.8964 997.654 987.87877 977.72051 967.56226 962.76813 959.354 955.93987 971.13465 989.54556 1007.7787 1024.6457 1041.5127 1049.9266 1029.0597 1008.1927 994.71844 989.04671 983.37498
-9999 875.34832 876.15632 873.98466 870.77777 867.57088 864.36399 862.17321 861.15513 860.13705 859.11898 857.51137 853.32881 851.92111 856.07024 860.21937 864.3685 868.17066 869.54961 872.10548 877.37654 881.85262 885.46583 889.07903 892.69223 902.47737 928.80485 955.13233 981.45981 1005.4722 1014.5296 1021.8165 1025.6902 1022.5121 1013.5426 1004.5732 995.60382 995.03048 1006.4689 1017.9074 1029.3458 1033.6726 1024.4301 1014.6549 1004.4967 994.3384 984.18014 977.96291 974.54878 989.74356 1008.1545 1026.5654 1044.9763 1061.9585 1070.3724 1049.5054 1028.6385 1007.7716 991.41373 985.742
-9999 870.62219 867.4153 864.20841 861.00152 857.79463 854.58774 852.39696 851.37888 850.36081 849.34273 848.32465 847.30658 846.24603 850.39516 854.54428 858.69341 862.84254 866.99167 869.96168 873.98226 877.59546 881.20867 884.82187 888.43507 898.2202 924.54769 950.87517 977.20265 1003.5301 1029.8576 1039.2074 1032.7734 1023.804 1014.8346 1005.8652 996.89576 996.32243 1007.7609 1019.1993 1030.6377 1042.0762 1051.2063 1041.4311 1031.2728 1021.1145 1010.9563 1000.798 993.15768 1008.3525 1026.7634 1045.1743 1063.5852 1081.9961 1090.8181 1069.9512 1049.0843 1028.2174 1007.3504 988.10901
-9999 870.19719 866.9903 863.78341 860.57653 857.36964 852.38621 845.50597 844.48789 843.46982 842.45174 841.43367 840.8632 846.00307 850.48192 854.63104 858.78017 862.9293 867.07843 871.0655 874.6787 878.2919 881.9051 885.5183 889.1315 898.86051 918.31521 944.64269 970.97017 997.29765 1023.6251 1037.8963 1028.9269 1019.9575 1010.9881 1002.0187 994.06416 998.23393 1009.6724 1021.1108 1032.5492 1043.9877 1052.7729 1054.15 1045.1871 1035.0288 1024.8706 1014.7123 1004.554 1018.755 1037.1659 1055.5768 1073.9877 1092.3986 1095.2968 1074.4299 1053.5629 1032.696 1011.8291 998.02282
-9999 876.82602 873.61913 870.41224 867.20535 859.63116 847.67162 840.79139 839.77331 838.75523 837.73716 839.01205 844.22834 849.36822 854.35506 859.06407 863.2132 867.36233 871.51146 875.49853 879.11173 882.72493 886.33813 891.51535 900.85528 910.5937 921.40017 936.92019 963.24767 989.57516 1015.9026 1030.1739 1021.2044 1012.235 1003.2656 997.35395 996.44301 1000.6128 1012.0512 1023.4897 1034.9281 1041.5449 1043.6473 1045.0243 1045.88 1039.2412 1029.0829 1018.9247 1008.7664 1022.9674 1041.3783 1059.7892 1077.2895 1085.801 1087.7311 1066.8642 1045.9973 1025.1304 1016.2215 1021.1616
-9999 883.45484 880.24795 877.04106 866.87611 854.91657 842.95704 836.0768 835.05873 834.04065 837.1609 842.37719 847.59348 852.73336 857.72021 862.70705 867.64623 871.79535 875.94448 879.93155 883.54475 887.15795 893.90861 903.24854 912.58847 922.32689 933.13336 943.93983 955.52518 981.85266 1008.1801 1022.4514 1013.4819 1004.5125 1000.6437 999.7328 998.82187 1002.9916 1014.4301 1025.8685 1030.317 1032.4193 1034.5217 1035.8987 1036.7543 1037.61 1033.2953 1023.137 1012.9787 1027.1797 1045.5906 1061.2124 1069.7239 1078.2354 1080.1655 1059.2986 1038.4316 1034.4201 1039.3602 1044.3003
-9999 890.08367 886.08059 874.12106 862.16152 850.20199 838.24246 831.36222 830.34414 835.30975 840.52604 845.74233 850.95863 856.0985 861.08535 866.0722 871.05904 876.04589 880.37751 884.36458 887.97778 896.30186 905.6418 914.98173 924.32166 934.06008 944.86655 955.67302 966.47948 977.28595 1000.4576 1014.7289 1005.7594 1003.9335 1003.0226 1002.1117 1001.2007 1005.3705 1016.8089 1019.089 1021.1913 1023.2937 1025.396 1026.7731 1027.6287 1028.4843 1029.34 1027.3493 1017.1911 1031.3921 1045.1352 1053.6467 1062.1582 1070.6697 1072.5998 1051.7329 1052.6187 1057.5588 1062.4989 1067.4391
-9999 893.32554 881.36601 869.40648 857.44694 845.48741 833.52787 828.24231 833.4586 838.67489 843.89119 849.10748 854.32377 859.46365 864.45049 869.43734 874.42419 879.41103 884.39788 889.35519 898.69512 908.03505 917.37499 926.71492 936.05485 945.79327 956.59974 967.4062 978.21267 989.01914 999.8256 1008.1343 1007.2233 1006.3124 1005.4014 1004.4905 1003.5796 1005.7586 1007.861 1009.9633 1012.0657 1014.1681 1016.2704 1017.6475 1018.5031 1019.3587 1020.2143 1021.07 1021.4034 1029.058 1037.5695 1046.081 1054.5925 1063.104 1065.8772 1070.8174 1075.7575 1080.6976 1085.6377 1090.5778
-9999 901.15755 889.19801 877.23848 865.27895 853.31941 837.95116 825.13061 822.9287 828.14499 833.36128 838.57758 843.79387 850.11768 857.72331 862.71015 867.697 872.68385 877.67069 883.97385 893.31378 902.65371 911.99365 921.33358 931.21694 948.16821 976.35663 987.16309 997.96956 1008.776 1019.5825 1026.3867 1025.4757 1024.5648 1023.6539 1022.7429 1023.9338 1022.7051 1018.4092 1020.5115 1022.6139 1024.7162 1026.8186 1030.9083 1033.7899 1034.6455 1035.5011 1036.3567 1037.2124 1029.7697 1035.7465 1044.258 1052.7695 1061.281 1067.5855 1067.6624 1072.6025 1077.5426 1082.4827 1087.4228
-9999 911.39418 899.43464 887.47511 875.51558 858.31877 840.18163 827.36108 820.67655 814.95202 820.16832 825.38461 830.6009 836.92471 845.46639 854.00807 859.03556 864.02241 869.00925 875.31241 884.65234 893.99227 903.33221 913.65285 924.58431 941.53558 974.6214 1007.7072 1019.2642 1030.0707 1040.8772 1047.6814 1046.7704 1045.8595 1044.9485 1047.2895 1050.915 1049.6863 1041.5129 1034.8303 1036.9326 1039.035 1041.1374 1045.2271 1050.7456 1054.611 1055.4666 1056.3223 1057.1779 1049.7353 1040.8585 1043.5355 1052.047 1060.5585 1066.863 1065.5231 1064.4082 1069.3483 1074.2884 1079.2285
