P2_models/J1_p2_vp_slide_diff2_60.dat.tif
NCOLS 118
NROWS 92
XLLCORNER 139.62
YLLCORNER -39.07
DX 0.099491525
DY 0.099347826
NODATA_VALUE -9999
[rows 0 to 23 of 92, columns 0 to 54 of 118]
-9999 -9999 -9999 -9999 -9999 -9999 -9999 -9999 -9999 -9999 -9999 -9999 -9999 -9999 -9999 -9999 -9999 -9999 -9999 -9999 -9999 -9999 -9999 -9999 -9999 -9999 -9999 -9999 -9999 -9999 -9999 -9999 -9999 -9999 -9999 -9999 -9999 -9999 -9999 -9999 -9999 -9999 -9999 -9999 -9999 -9999 -9999 -9999 -9999 -9999 -9999 -9999 -9999 -9999 -9999
-9999 -0.050075012 -0.051573582 -0.053072153 -0.054570724 -0.056069295 -0.058409727 -0.057626476 -0.052962383 -0.049417386 -0.045872389 -0.042327391 -0.038782394 -0.034569256 -0.030510517 -0.028162849 -0.02581518 -0.023467512 -0.021119844 -0.017873995 -0.012556007 -0.0072380194 -0.0019200316 0.0033979563 0.007470872 0.0032765462 -0.0039312568 -0.013278739 -0.02262622 -0.031973702 -0.041321184 -0.045075228 -0.038046911 -0.031018593 -0.023990276 -0.016961959 -0.0096713766 -0.00055274541 0.0058502724 0.0090614472 0.012272622 0.015483797 0.018694971 0.016390028 0.010344128 0.0043699233 -0.001604281 -0.0075784853 -0.01355269 -0.018968293 -0.020595335 -0.022222377 -0.023849419 -0.02547646 -0.025684186
-9999 -0.05909952 -0.060598091 -0.062096661 -0.063595232 -0.066590436 -0.070523124 -0.069739874 -0.063513825 -0.058128534 -0.054583537 -0.05103854 -0.047493543 -0.043280404 -0.037729275 -0.032875454 -0.030527786 -0.028180117 -0.025832449 -0.022586601 -0.017268613 -0.011950625 -0.0066326371 -0.0047844603 -0.0084301615 -0.012624487 -0.018289265 -0.024659653 -0.034007135 -0.043354617 -0.052702098 -0.056456143 -0.049427825 -0.042399508 -0.03537119 -0.027854833 -0.019833624 -0.010714993 -2.634411e-05 0.0079214309 0.011132606 0.01434378 0.017554955 0.015250012 0.0089796024 0.002878671 -0.0030955333 -0.0090697376 -0.015043942 -0.020627846 -0.026144296 -0.028244718 -0.02987176 -0.031498801 -0.031706527
-9999 -0.068124028 -0.069622599 -0.071121169 -0.074771146 -0.078703834 -0.082636522 -0.081853272 -0.075627222 -0.069401173 -0.063294686 -0.059749688 -0.056204691 -0.051991553 -0.046440423 -0.040889294 -0.035338164 -0.032892723 -0.030545055 -0.027299206 -0.021981218 -0.01666323 -0.017039793 -0.020685494 -0.024331195 -0.028525521 -0.034190298 -0.039855076 -0.045519854 -0.054735531 -0.064083013 -0.067837057 -0.06080874 -0.053780422 -0.04603829 -0.038017081 -0.029995872 -0.020877241 -0.010188592 0.00050005719 0.0099925893 0.013203764 0.016414939 0.014109996 0.0078395861 0.0015691764 -0.0045867855 -0.01056099 -0.016535194 -0.022119098 -0.027635548 -0.033151998 -0.035894101 -0.037521142 -0.037728868
-9999 -0.077148536 -0.079019168 -0.082951856 -0.086884544 -0.090817232 -0.09474992 -0.093966669 -0.08774062 -0.081514571 -0.075288522 -0.069062472 -0.06491584 -0.060702701 -0.055151572 -0.049600442 -0.044049312 -0.038498183 -0.03525766 -0.032011812 -0.026693824 -0.029295125 -0.032940826 -0.036586527 -0.040232228 -0.044426554 -0.050091332 -0.05575611 -0.061420887 -0.067085665 -0.075463927 -0.079217971 -0.072189654 -0.064221747 -0.056200538 -0.048179329 -0.04015812 -0.031039489 -0.02035084 -0.0096621905 0.0010264585 0.011715108 0.015274923 0.01296998 0.0066995698 0.00042916005 -0.0058412497 -0.012052242 -0.018026446 -0.023610351 -0.0291268 -0.03464325 -0.0401597 -0.043543483 -0.043751209
-9999 -0.087199877 -0.091132565 -0.095065253 -0.098997941 -0.10293063 -0.10686332 -0.10608007 -0.099854018 -0.093627968 -0.087401919 -0.08117587 -0.074949821 -0.06941385 -0.06386272 -0.058311591 -0.052760461 -0.047209331 -0.041658202 -0.037904756 -0.041550457 -0.045196159 -0.04884186 -0.052487561 -0.056133262 -0.060327588 -0.065992366 -0.071657143 -0.077321921 -0.082986698 -0.088651476 -0.090426413 -0.082405204 -0.074383995 -0.066362786 -0.058341577 -0.050320368 -0.041201736 -0.030513087 -0.019824438 -0.0091357892 0.0015528598 0.012241509 0.011829963 0.0055595535 -0.00071085625 -0.006981266 -0.013251676 -0.019517699 -0.025101603 -0.030618053 -0.036134502 -0.041650952 -0.047167402 -0.04977355
-9999 -0.090753299 -0.094685987 -0.098618675 -0.10255136 -0.10648405 -0.11013795 -0.10909849 -0.10287244 -0.096646388 -0.090420339 -0.08419429 -0.078446708 -0.074117763 -0.070792384 -0.065241255 -0.059690125 -0.054138995 -0.048587866 -0.04581772 -0.049463421 -0.053109122 -0.056754823 -0.060400524 -0.064594001 -0.067140773 -0.064694977 -0.070359754 -0.076024532 -0.08168931 -0.087354087 -0.088344179 -0.08032297 -0.072301761 -0.064280552 -0.056259343 -0.050388457 -0.043834526 -0.033145877 -0.022457228 -0.011768579 -0.0010799295 0.0095684144 0.016929613 0.01589092 0.0096205105 0.0033501007 -0.002920309 -0.0091907188 -0.014818272 -0.020334721 -0.025851171 -0.031367621 -0.035941263 -0.036253213
-9999 -0.092950577 -0.096883265 -0.10081595 -0.10474864 -0.10826099 -0.11171547 -0.110676 -0.10444995 -0.098223905 -0.091997855 -0.086563739 -0.081396704 -0.077067759 -0.074417139 -0.071766519 -0.066337552 -0.060786422 -0.055235292 -0.052465146 -0.056110847 -0.059756549 -0.06340225 -0.068000154 -0.073117833 -0.075664605 -0.071320704 -0.066976802 -0.072002425 -0.077667202 -0.08333198 -0.084322072 -0.076300863 -0.068279654 -0.060258445 -0.055492184 -0.051828366 -0.045274435 -0.034585786 -0.023897137 -0.013208488 -0.0025746462 0.0080515634 0.015412762 0.020426786 0.02176927 0.01549886 0.0092284505 0.0029580407 -0.0026695122 -0.0081859619 -0.013702412 -0.017563455 -0.01932481 -0.01963676
-9999 -0.095147855 -0.099080543 -0.10292956 -0.10638403 -0.10983851 -0.11329298 -0.11225352 -0.10602747 -0.099847806 -0.094680771 -0.089513736 -0.0843467 -0.080017756 -0.077367136 -0.074716515 -0.072065895 -0.067433848 -0.061882719 -0.059112573 -0.062758274 -0.066403975 -0.071406308 -0.076523987 -0.081641665 -0.084188437 -0.079844536 -0.075500634 -0.071156733 -0.073645095 -0.079309873 -0.080299965 -0.072278756 -0.064259728 -0.060595911 -0.056932093 -0.053268276 -0.046714344 -0.036025695 -0.025343916 -0.014717707 -0.0040914972 0.0065347123 0.013895911 0.018909935 0.023923958 0.02764762 0.02137721 0.0151068 0.0094792473 0.0039627975 0.00081435271 -0.00094700262 -0.0027083579 -0.0030203079
-9999 -0.097345133 -0.1010526 -0.10450707 -0.10796155 -0.11141602 -0.1148705 -0.11383104 -0.10796484 -0.1027978 -0.097630767 -0.092463732 -0.087296697 -0.082967752 -0.080317132 -0.077666512 -0.075015892 -0.072365272 -0.068530145 -0.065759999 -0.069694784 -0.074812462 -0.07993014 -0.085047819 -0.090165497 -0.092712269 -0.088368368 -0.084024467 -0.079680565 -0.075336664 -0.075287765 -0.076277857 -0.069363455 -0.065699638 -0.06203582 -0.058372003 -0.054708185 -0.048154254 -0.037486977 -0.026860767 -0.016234558 -0.0056083483 0.0050178612 0.01237906 0.017393084 0.022407107 0.027421131 0.032435155 0.02725556 0.021628007 0.01919216 0.017430805 0.01566945 0.013908094 0.013596145
-9999 -0.098345027 -0.1017995 -0.10525398 -0.10870846 -0.11216293 -0.11561741 -0.11467963 -0.10951259 -0.10434556 -0.099178524 -0.094011489 -0.088844454 -0.085217123 -0.082566503 -0.079915883 -0.077265263 -0.074614642 -0.071964022 -0.071662419 -0.076780098 -0.081897776 -0.087015454 -0.092133132 -0.097250811 -0.10036825 -0.096024349 -0.091680448 -0.087336546 -0.082992645 -0.078648744 -0.074537137 -0.07087332 -0.067209502 -0.063545684 -0.059881867 -0.056218049 -0.04928883 -0.03866262 -0.02803641 -0.017410201 -0.0067839914 0.0038422181 0.011503423 0.016517447 0.021531471 0.026545495 0.031559518 0.036573542 0.035810603 0.034049248 0.032287892 0.030526537 0.028765182 0.024921014
-9999 -0.093648359 -0.097102835 -0.10055731 -0.10401179 -0.10746626 -0.10882893 -0.10703751 -0.10187047 -0.096703435 -0.0915364 -0.086369364 -0.082081744 -0.079541902 -0.079976183 -0.077573551 -0.074922931 -0.07227231 -0.06962169 -0.069320087 -0.074437766 -0.079555444 -0.084673122 -0.0897908 -0.094458688 -0.097663059 -0.097498813 -0.093648776 -0.089304875 -0.084960974 -0.080617073 -0.076505466 -0.072841648 -0.069177831 -0.065514013 -0.061850196 -0.056209004 -0.048228291 -0.037602082 -0.026975872 -0.016349663 -0.0057234534 0.0059292977 0.0142142 0.01984415 0.024858174 0.029872198 0.034886222 0.039900246 0.039137306 0.037375951 0.035614596 0.03385324 0.029013834 0.021646676
-9999 -0.08895169 -0.092406167 -0.095860643 -0.098920031 -0.10005342 -0.10118681 -0.099395381 -0.094228346 -0.08906131 -0.083938862 -0.079913859 -0.075888856 -0.073349014 -0.073783295 -0.074217575 -0.072580599 -0.069929978 -0.067279358 -0.066977755 -0.072095434 -0.077213112 -0.08233079 -0.086835743 -0.091296943 -0.094501314 -0.094337069 -0.094172823 -0.091273204 -0.086929303 -0.082585402 -0.078473795 -0.074809977 -0.07114616 -0.067411555 -0.061280011 -0.055148466 -0.047167753 -0.036541544 -0.025915334 -0.015121644 -0.0034126921 0.0082962597 0.016581162 0.022404558 0.028184878 0.033198901 0.038212925 0.043226949 0.04246401 0.040702654 0.038941299 0.033167071 0.025739495 0.018372337
-9999 -0.084255022 -0.087709498 -0.090144518 -0.091277906 -0.092411294 -0.093544682 -0.091753256 -0.086586221 -0.081770977 -0.077745974 -0.073720971 -0.069695968 -0.067156126 -0.067590407 -0.068024687 -0.068458968 -0.067587647 -0.064937026 -0.064635423 -0.069753102 -0.074751598 -0.079212798 -0.083673998 -0.088135198 -0.09133957 -0.091175324 -0.091011079 -0.090846834 -0.088897632 -0.08455373 -0.080442124 -0.076778306 -0.072482562 -0.066351017 -0.060219473 -0.054087928 -0.046107215 -0.035481006 -0.024463634 -0.012754682 -0.0010457301 0.010663222 0.018948124 0.02477152 0.030594916 0.036418312 0.041539628 0.046553652 0.045790713 0.044029358 0.037320307 0.029892732 0.022465157 0.015097998
-9999 -0.079558353 -0.081369006 -0.082502394 -0.083635781 -0.084769169 -0.085902557 -0.084111132 -0.079603092 -0.075578089 -0.071553086 -0.067528082 -0.063503079 -0.060963238 -0.061397519 -0.061831799 -0.06226608 -0.06270036 -0.062594694 -0.062293091 -0.067128654 -0.071589854 -0.076051054 -0.080512254 -0.084973454 -0.088177825 -0.08801358 -0.087849334 -0.087685089 -0.087520844 -0.086522059 -0.082410452 -0.077553569 -0.071422024 -0.065290479 -0.059158935 -0.05302739 -0.045046677 -0.033805624 -0.022096672 -0.01038772 0.0013212318 0.013030184 0.021315086 0.027138482 0.032961878 0.038785274 0.04460867 0.049880356 0.048901119 0.041473544 0.034045969 0.026618393 0.019190818 0.011823659
-9999 -0.072754319 -0.073887707 -0.075021095 -0.076154483 -0.077287871 -0.078421259 -0.077190266 -0.073165263 -0.06914026 -0.065115257 -0.061090254 -0.057065251 -0.054747473 -0.05521542 -0.0556497 -0.056083981 -0.056518261 -0.056952542 -0.058604502 -0.063065702 -0.067526902 -0.071988102 -0.076449302 -0.080910502 -0.086019525 -0.08670985 -0.086545605 -0.086381359 -0.086217114 -0.086052869 -0.083850389 -0.077718844 -0.0715873 -0.065455755 -0.05932421 -0.053192666 -0.048040613 -0.036331661 -0.02462271 -0.012913758 -0.001204806 0.010504146 0.019789961 0.025613357 0.031436753 0.037260149 0.043083545 0.048906942 0.041649992 0.034222416 0.026794841 0.019367265 0.01193969 0.0064283372
-9999 -0.065646722 -0.06678011 -0.067913498 -0.069046886 -0.069785632 -0.068290812 -0.066877539 -0.065558379 -0.062133279 -0.058108276 -0.054083273 -0.05005827 -0.047740492 -0.048841532 -0.049492672 -0.049926952 -0.050361233 -0.050795513 -0.052447474 -0.056908674 -0.061369874 -0.065831074 -0.070292274 -0.074031289 -0.078872612 -0.086814059 -0.089559226 -0.08939498 -0.089230735 -0.08906649 -0.08686401 -0.080732466 -0.074600921 -0.068469376 -0.062115787 -0.050706132 -0.045015427 -0.047506489 -0.0385183 -0.026809348 -0.015100396 -0.0033914445 0.0064915922 0.01504444 0.020867836 0.026691232 0.032514628 0.038338024 0.028618549 0.017730677 0.010303102 0.0028755264 -0.004552049 -0.010063402
-9999 -0.058539125 -0.059672513 -0.060805901 -0.060766703 -0.059271884 -0.057777064 -0.056363791 -0.055044631 -0.053725471 -0.051101295 -0.047076292 -0.043051289 -0.040733511 -0.041834551 -0.04293559 -0.043769923 -0.044204204 -0.044638484 -0.046290445 -0.050751645 -0.055212845 -0.059515038 -0.063199707 -0.066884375 -0.071725698 -0.079667146 -0.087608593 -0.092408602 -0.092244356 -0.092080111 -0.089877631 -0.083746087 -0.077614542 -0.06992292 -0.058513265 -0.047103611 -0.041412906 -0.043903968 -0.046395029 -0.040704938 -0.028995986 -0.017287035 -0.007403998 0.0011664114 0.0097368209 0.016122314 0.02194571 0.027769106 0.018049632 0.0056439268 -0.0061886374 -0.013616213 -0.021043788 -0.026555141
-9999 -0.051431528 -0.052564916 -0.051747775 -0.050252955 -0.048758136 -0.047263317 -0.045850043 -0.044530883 -0.043211723 -0.041892563 -0.040069311 -0.036044308 -0.03372653 -0.03482757 -0.035928609 -0.037029649 -0.038047175 -0.038481456 -0.040133416 -0.044594616 -0.048683456 -0.052368124 -0.056052793 -0.059737462 -0.064578785 -0.072520232 -0.080461679 -0.088403127 -0.095257977 -0.095093732 -0.092891253 -0.086759708 -0.077730053 -0.066320399 -0.054910744 -0.04350109 -0.037810384 -0.040301446 -0.042792508 -0.04528357 -0.042891577 -0.031182625 -0.021299588 -0.012729179 -0.0041587693 0.0044116401 0.011376792 0.017200189 0.007480714 -0.0049249909 -0.017330696 -0.029736401 -0.037535527 -0.04304688
-9999 -0.044223666 -0.042728846 -0.041234027 -0.039739207 -0.038244388 -0.036749569 -0.035336295 -0.034017135 -0.032697975 -0.031378815 -0.030059656 -0.028740496 -0.026719549 -0.027820589 -0.028921628 -0.030022668 -0.031123707 -0.032224747 -0.033976388 -0.037851874 -0.041536542 -0.045221211 -0.04890588 -0.052590548 -0.057431871 -0.065373319 -0.073314766 -0.081256213 -0.08919766 -0.097139108 -0.095904874 -0.085537186 -0.074127532 -0.062717877 -0.051308223 -0.039898569 -0.034207863 -0.036698925 -0.039189987 -0.041681049 -0.044172111 -0.045078215 -0.035195178 -0.026624769 -0.01805436 -0.0094839501 -0.0009135406 0.0066312709 -0.0030882037 -0.015493909 -0.027899613 -0.040305318 -0.052711023 -0.059538619
-9999 -0.03943417 -0.037939351 -0.036444531 -0.034949712 -0.033454893 -0.031024827 -0.027142828 -0.025823669 -0.024504509 -0.023185349 -0.021866189 -0.020692504 -0.021898075 -0.023433187 -0.024534226 -0.025635266 -0.026736306 -0.027837345 -0.029719635 -0.033404304 -0.037088973 -0.040773641 -0.04445831 -0.048142979 -0.051603821 -0.056044808 -0.063986255 -0.071927703 -0.07986915 -0.087810597 -0.089142341 -0.077732687 -0.066323032 -0.054913378 -0.043503723 -0.032952455 -0.03127346 -0.033764522 -0.036255584 -0.038746646 -0.041237708 -0.042691936 -0.042988582 -0.035493986 -0.026923577 -0.018353167 -0.009782758 -0.0012123485 -0.010527025 -0.02293273 -0.035338434 -0.047744139 -0.060149844 -0.067572061
-9999 -0.038962585 -0.037467766 -0.035972946 -0.034478127 -0.030684173 -0.024581592 -0.020699593 -0.019380434 -0.018061274 -0.016742114 -0.01616818 -0.016875222 -0.018080793 -0.020284696 -0.022122822 -0.023223862 -0.024324901 -0.025425941 -0.027308231 -0.0309929 -0.034677568 -0.038362237 -0.042335382 -0.047076319 -0.050538897 -0.050575153 -0.053012125 -0.060953573 -0.06889502 -0.076836467 -0.078168211 -0.066758557 -0.055348902 -0.043939248 -0.035115837 -0.030522027 -0.028843032 -0.031334094 -0.033825156 -0.036316218 -0.036923062 -0.035765701 -0.036062348 -0.037404262 -0.032001308 -0.023430898 -0.014860489 -0.0062900793 -0.015604755 -0.02801046 -0.040416165 -0.052557113 -0.062084493 -0.069225251
-9999 -0.038491 -0.036996181 -0.035501361 -0.03034352 -0.024240939 -0.018138357 -0.014256358 -0.012937199 -0.011618039 -0.011643856 -0.012350898 -0.01305794 -0.014263511 -0.016467414 -0.018671317 -0.020812458 -0.021913497 -0.023014537 -0.024896827 -0.028581496 -0.032266164 -0.036529521 -0.041270458 -0.046011395 -0.049473973 -0.049510228 -0.049546484 -0.049979443 -0.05792089 -0.065862337 -0.067194081 -0.055784427 -0.044374772 -0.037279219 -0.032685409 -0.028091599 -0.026412604 -0.028903666 -0.031394728 -0.031154189 -0.029996828 -0.028839467 -0.029136113 -0.030478027 -0.031819941 -0.028508629 -0.01993822 -0.01136781 -0.020682486 -0.033088191 -0.044682924 -0.054210303 -0.063737683 -0.070878441
-9999 -0.038019415 -0.036105449 -0.030002867 -0.023900285 -0.017797704 -0.011695122 -0.0078131234 -0.0064939636 -0.0071195319 -0.0078265742 -0.0085336164 -0.0092406586 -0.010446229 -0.012650133 -0.014854036 -0.017057939 -0.019261842 -0.020603132 -0.022485423 -0.026170091 -0.03072366 -0.035464597 -0.040205534 -0.044946471 -0.048409049 -0.048445304 -0.04848156 -0.048517815 -0.04855407 -0.054888207 -0.056219951 -0.044810297 -0.039442602 -0.034848791 -0.030254981 -0.02566117 -0.023982175 -0.026473237 -0.025385315 -0.024227954 -0.023070593 -0.021913232 -0.022209879 -0.023551793 -0.024893706 -0.02623562 -0.02501595 -0.016445541 -0.025760217 -0.036808734 -0.046336114 -0.055863494 -0.065390873 -0.072531631
