P2_models/J1_p2_vp_slide_diff_100.dat.tif
NCOLS 118
NROWS 92
XLLCORNER 139.62
YLLCORNER -39.07
DX 0.099491525
DY 0.099347826
NODATA_VALUE -9999
[rows 27 to 53 of 92, columns 0 to 59 of 118]
-9999 8.0885258 8.0954595 8.1028117 8.1126556 8.1224996 8.1323435 8.139694 8.1441667 8.1486395 8.1531122 8.1521116 8.1496089 8.1464634 8.1420302 8.137597 8.1331638 8.1300557 8.1274789 8.1240426 8.1186237 8.1132047 8.1072357 8.1011994 8.0951631 8.0849824 8.0636939 8.0424055 8.021117 8.0115405 8.006683 8.0040934 8.0058759 8.0076583 8.005682 8.0035909 8.0014997 8.0030397 8.0097748 8.0165099 8.0232449 8.0232521 8.0226167 8.0197012 8.0151464 8.0105916 8.0065324 8.0054315 8.0043307 8.0090894 8.0148608 8.0206322 8.0202664 8.0131088 8.0076178 8.0078992 8.0081806 8.0084621 8.0039717 7.9986132
-9999 8.0845783 8.0927919 8.1026358 8.1124798 8.1223237 8.1321677 8.1395182 8.1439909 8.1484636 8.1529363 8.157409 8.1584731 8.1553275 8.1508943 8.1464612 8.142028 8.1375948 8.1339767 8.1305404 8.1250191 8.1189828 8.1129465 8.1069102 8.1008739 8.0906932 8.0694047 8.0481163 8.0268278 8.0055393 7.9917975 7.989208 7.9901233 7.9880322 7.985941 7.9838498 7.9817586 7.9832987 7.9900338 7.9967688 8.0035039 8.0102389 8.011958 8.0090424 8.0044876 7.9999328 7.995378 7.9908232 7.9894892 7.9942479 8.0000193 8.0057907 8.0115621 8.0136498 8.0081587 8.0084401 8.0087216 8.009003 8.0092844 8.0058643
-9999 8.081584 8.0914279 8.1012719 8.1111158 8.1209598 8.1308037 8.1386251 8.1430979 8.1475706 8.1520433 8.156516 8.1609887 8.1621824 8.1577492 8.153316 8.1488829 8.1444497 8.1400165 8.1350986 8.1290623 8.1230259 8.1169896 8.1109533 8.104917 8.0954526 8.0741642 8.0528757 8.0315872 8.0102987 7.9890102 7.9742789 7.9721877 7.9700965 7.9680054 7.9659142 7.963823 7.965598 7.972333 7.9790681 7.9858031 7.9925382 7.9992733 7.9997639 7.9952091 7.9906543 7.9860995 7.9815447 7.9769899 7.9811626 7.986934 7.9927054 7.9984768 8.0042482 8.0070902 8.0073716 8.007653 8.0079344 8.0082158 8.0084972
-9999 8.0704392 8.0802832 8.0901271 8.0999711 8.109815 8.1178135 8.1265748 8.136301 8.1407737 8.1452464 8.1497191 8.1541918 8.1549436 8.148244 8.1436301 8.1391969 8.1347637 8.1303305 8.1254126 8.1193763 8.1133399 8.1073036 8.1012673 8.0894598 8.0769023 8.0694632 8.0498029 8.0285144 8.0072259 7.9859374 7.9712061 7.9691149 7.9670237 7.9649326 7.9628414 7.9655095 7.9687846 7.9714287 7.9781638 7.9848989 7.9916339 7.998369 7.9999714 7.9972928 7.992738 7.9881832 7.9836285 7.9790737 7.9828135 7.9883062 7.9940776 7.999849 8.0056204 8.0072076 7.994301 7.9933346 7.9936161 7.9938975 7.9941789
-9999 8.0592945 8.0691385 8.0789824 8.0884235 8.0962183 8.104013 8.1127743 8.122651 8.1325278 8.1384495 8.1429223 8.147395 8.1481468 8.1414472 8.1347476 8.1295109 8.1250777 8.1206445 8.1157266 8.1096903 8.103654 8.0976176 8.0834937 8.0690267 8.0564692 8.0490301 8.041591 8.0254416 8.0041531 7.9828646 7.9681333 7.9660421 7.9639509 7.9621819 7.9660348 7.9698876 7.9731626 7.975611 7.9780593 7.9839946 7.9907296 7.9974647 7.9990671 7.9969797 7.9948218 7.990267 7.9857122 7.9811574 7.9848973 7.9900707 7.9954499 8.0012213 8.0069927 8.0085798 7.9956733 7.9827668 7.9792977 7.9795791 7.9798606
-9999 8.0481498 8.0579938 8.0668283 8.074623 8.0824178 8.0902126 8.0989738 8.1088506 8.1187273 8.128604 8.1361254 8.1405981 8.1413499 8.1346503 8.1279507 8.1212511 8.1153917 8.1109585 8.1060406 8.1000043 8.0919947 8.0775277 8.0630606 8.0485936 8.0360361 8.028597 8.0211579 8.0137188 8.0010803 7.9797918 7.9650605 7.9629693 7.9627071 7.96656 7.9704128 7.9742657 7.9775407 7.9799891 7.9824374 7.9848857 7.9898254 7.9965604 7.9981628 7.9960754 7.993988 7.9919006 7.987796 7.9832412 7.986981 7.9921544 7.9973278 8.0025936 8.008365 8.0099521 7.9970456 7.984139 7.9712325 7.9652608 7.9655422
-9999 8.0370051 8.0452331 8.0530278 8.0608226 8.0686173 8.0764121 8.0851733 8.0950501 8.1049268 8.1148036 8.1246803 8.1338012 8.134553 8.1278534 8.1211538 8.1144542 8.1077546 8.1012726 8.0963546 8.0860287 8.0715616 8.0570946 8.0426275 8.0281605 8.015603 8.0081639 8.0007248 7.9932857 7.9858466 7.976719 7.9619877 7.9632323 7.9670852 7.970938 7.9747909 7.9786438 7.9819188 7.9843671 7.9868155 7.9892638 7.9917122 7.9956562 7.9972586 7.9951712 7.9930838 7.9909963 7.9889089 7.985325 7.9890648 7.9942382 7.9994116 8.004585 8.0097583 8.0113244 7.9984178 7.9855113 7.9726048 7.9596982 7.9512239
-9999 8.0262367 8.0340314 8.0418262 8.0496209 8.0574157 8.0652104 8.0741099 8.0841008 8.0939776 8.1038543 8.113731 8.1236078 8.1229819 8.1139102 8.1072106 8.100511 8.0938114 8.0871118 8.0780634 8.0635964 8.0491293 8.0346623 8.0201952 8.0057281 8.002031 7.9948687 7.9874296 7.9799905 7.9725514 7.9651123 7.9615301 7.965383 7.9692358 7.9730887 7.9769415 7.9807944 7.9857589 7.9886327 7.991081 7.9935294 7.9959777 7.9984261 8.0005576 7.9984702 7.9963828 7.9942954 7.992208 7.9901206 7.9887463 7.9939197 7.999093 8.0042664 8.0094398 8.0132245 8.003108 7.9902014 7.9772949 7.9643884 7.9514818
-9999 8.0193212 8.027116 8.0349107 8.0427055 8.0497215 8.0548143 8.0636166 8.0767003 8.0877307 8.0976075 8.1074842 8.117361 8.1167351 8.0950771 8.081481 8.0747814 8.0680818 8.0613822 8.0523339 8.0378668 8.0233997 8.0089327 7.9956042 7.9984371 7.998834 7.9927019 7.9859065 7.9784674 7.9710283 7.9635892 7.9600071 7.9638599 7.9677128 7.9715656 7.9750362 7.9767118 7.9814474 7.9905607 7.995161 7.9976093 8.0000577 8.002506 8.0052079 8.0080921 8.0066143 8.0045269 8.0024395 8.0003521 7.9942768 7.9896391 7.9948124 7.9999858 8.0051592 8.0089439 8.0079182 8.0003636 7.9874571 7.9745506 7.961644
-9999 8.0124057 8.0202005 8.0279952 8.0341353 8.0392282 8.044321 8.0531233 8.066207 8.0792906 8.0913607 8.1012374 8.1111141 8.1104883 8.0888303 8.0671723 8.0490518 8.0423523 8.0356527 8.0266043 8.0121372 7.9976702 7.9895743 7.9924072 7.99524 7.9956369 7.9895049 7.9833728 7.9769444 7.9695053 7.9620662 7.958484 7.9623369 7.9661897 7.969049 7.9707247 7.9724003 7.9771359 7.9862492 7.9953624 8.0016893 8.0041376 8.006586 8.0092879 8.0121721 8.0150563 8.0147585 8.0126711 8.0105837 8.0045084 7.9977438 7.9909793 7.9957052 8.0008786 8.0046633 8.0036376 8.002612 7.9976193 7.9847128 7.9718062
-9999 8.0054903 8.013285 8.0185492 8.0236421 8.0287349 8.0338277 8.0426301 8.0557137 8.0687973 8.0818809 8.0949646 8.1048673 8.1042414 8.0825835 8.0609255 8.0392675 8.0176095 8.0099231 8.0008747 7.9864077 7.9835444 7.9863772 7.9892101 7.992043 7.9924399 7.9863078 7.9801758 7.9740437 7.9679117 7.9605431 7.956961 7.9608138 7.9630618 7.9647375 7.9664132 7.9680889 7.9728245 7.9819377 7.991051 8.0001642 8.0082176 8.0106659 8.0133678 8.0162521 8.0191363 8.0220205 8.0229026 8.0208152 8.0147399 8.0079753 8.0012108 7.9944463 7.996598 8.0003827 7.999357 7.9983314 7.9973057 7.994875 7.9819684
-9999 7.9978703 8.0029631 8.0080559 8.0131488 8.0182416 8.0233344 8.0321368 8.0452204 8.058304 8.0713876 8.0844713 8.0975549 8.0979946 8.0763366 8.0546787 8.0330207 8.0113627 7.9897047 7.9751451 7.9775145 7.9803473 7.9831802 7.986013 7.9888459 7.9892428 7.9831108 7.9769787 7.9708467 7.9647146 7.9585826 7.955399 7.9570747 7.9587504 7.960426 7.9621017 7.9637774 7.968513 7.9776262 7.9867395 7.9958527 8.004966 8.0140792 8.0174478 8.020332 8.0232162 8.0261004 8.0289846 8.0310467 8.0249714 8.0182069 8.0114423 8.0046778 7.9979133 7.9961021 7.9950764 7.9940508 7.9930251 7.9919995 7.9909738
-9999 7.9914816 7.9965744 8.0016673 8.0067601 8.0118529 8.0134796 8.0181891 8.0312727 8.0443563 8.05744 8.0705236 8.0814578 8.0817322 8.066237 8.044579 8.022921 8.001263 7.9796051 7.9653527 7.9681856 7.9710184 7.9738513 7.9766842 7.9820596 7.9870544 7.9734563 7.9673243 7.9611922 7.9550602 7.9489281 7.945463 7.9471386 7.9488143 7.95049 7.9521656 7.9576685 7.9685174 7.9776306 7.9867439 7.9958571 8.0049704 8.0145452 8.0173357 8.0184117 8.0212959 8.0241801 8.0270643 8.0299485 8.0246058 8.0178413 8.0110767 8.0043122 7.9962967 7.9834873 7.9824617 7.981436 7.9804104 7.9793847 7.9840699
-9999 7.9864812 7.991574 7.9966668 8.0017597 8.00091 7.9983636 8.0030731 8.0161567 8.0292404 8.042324 8.0510979 8.0575178 8.0577921 8.04576 8.0331762 8.0115183 7.9898603 7.9682023 7.95395 7.9567828 7.9596157 7.9624485 7.9709629 7.9841736 7.9891683 7.9721425 7.9554859 7.9493539 7.9432218 7.9370898 7.9336246 7.9353003 7.9369759 7.9386516 7.9470705 7.9591326 7.9699815 7.9790947 7.988208 7.9973212 8.0071249 8.0171214 8.0199118 8.0175219 8.0173462 8.0202304 8.0231146 8.0259988 8.0206561 8.0138915 8.007127 7.9970745 7.9808632 7.9680539 7.9670282 7.9660026 7.9649769 7.9721064 7.9824162
-9999 7.9814807 7.9865736 7.9908866 7.9883403 7.985794 7.9832476 7.9879571 8.0010407 8.0141244 8.0207381 8.0271579 8.0335777 8.0338521 8.0218199 8.0097878 7.9977556 7.9784575 7.9567995 7.9425472 7.9453801 7.9482129 7.9598662 7.9730769 7.9862875 7.9912823 7.9742564 7.9572306 7.9402047 7.9313834 7.9252514 7.9217862 7.9234619 7.9251376 7.9364725 7.9485346 7.9605967 7.9714455 7.9805588 7.989708 7.9997045 8.009701 8.0196975 8.0224879 8.0200981 8.0177082 8.0162806 8.0191648 8.022049 8.0167063 8.0099418 7.9978523 7.981641 7.9654298 7.9526204 7.9515948 7.9505691 7.9601429 7.9704527 7.9807625
-9999 7.9764803 7.978317 7.9757706 7.9732243 7.970678 7.9681317 7.9728411 7.9839585 7.9903783 7.9967981 8.0032179 8.0096377 8.0099121 7.9978799 7.9858478 7.9738156 7.9617834 7.9453968 7.9311445 7.9355589 7.9487695 7.9619802 7.9751908 7.9884015 7.9933962 7.9763704 7.9593445 7.9423186 7.9252928 7.913413 7.9099478 7.9138124 7.9258745 7.9379366 7.9499987 7.9620607 7.9729096 7.9822876 7.9922841 8.0022806 8.0122771 8.0222736 8.0250641 8.0226742 8.0202843 8.0178944 8.0155045 8.0180993 8.0127566 7.9986301 7.9824188 7.9662076 7.9499963 7.9371869 7.9378695 7.9481793 7.9584891 7.968799 7.9791088
-9999 7.9651994 7.9626531 7.9601068 7.9575604 7.9550141 7.9524678 7.955941 7.9623609 7.9687807 7.9752005 7.9816203 7.9880401 7.9900706 7.9780384 7.9660062 7.9539741 7.9419419 7.9299097 7.9255106 7.9387213 7.9519319 7.9651426 7.9783532 7.9915639 7.9969485 7.9799226 7.9628968 7.9458709 7.928845 7.9118192 7.9047288 7.9167909 7.928853 7.9409151 7.9529771 7.9650392 7.9727069 7.9827034 7.9926999 8.0026964 8.0126929 8.0226894 8.0257349 8.023345 8.0209551 8.0185652 8.0161753 8.0137854 8.0006266 7.9844154 7.9682041 7.9519929 7.9357816 7.9245716 7.9348814 7.9451912 7.955501 7.9658108 7.9761206
-9999 7.9454032 7.9428569 7.9403105 7.9377642 7.9352179 7.9546685 7.9636932 7.9584299 7.9648497 7.9712695 7.9776893 7.9841091 7.9883027 7.988038 7.9770759 7.9650437 7.9530116 7.9409794 7.9365803 7.9497909 7.9630016 7.9762122 7.9894229 7.9944357 7.9948269 7.9924411 7.9772969 7.9602711 7.9432452 7.9262193 7.919129 7.931191 7.9432531 7.9553152 7.9673773 7.9809311 7.982347 7.9668253 7.9768218 7.9868183 7.9968148 8.0068113 8.0106483 8.0096455 8.0072557 8.0048658 8.0024759 8.000086 7.9921295 7.9793926 7.9631813 7.9469701 7.9307588 7.9189769 7.9225378 7.9321388 7.9424486 7.9527584 7.9630682
-9999 7.925607 7.9230606 7.9205143 7.9229837 7.9445584 7.966133 7.9751578 7.9696983 7.9642388 7.9673385 7.9737583 7.9801781 7.9843717 7.984107 7.9838424 7.9761134 7.9640812 7.9520491 7.94765 7.9608606 7.9740713 7.9872819 7.9890572 7.9904844 7.9908756 7.9884898 7.986104 7.9746712 7.9576453 7.9406195 7.9335291 7.9455912 7.9576533 7.9698351 7.9837351 7.9976351 7.999051 7.9826066 7.9661622 7.9709402 7.9809367 7.9909332 7.9947702 7.9941794 7.9935562 7.9911663 7.9887764 7.9863865 7.9784301 7.9695116 7.9581586 7.9419473 7.9257361 7.9139542 7.9175151 7.921076 7.9293962 7.939706 7.9500158
-9999 7.9058108 7.9032644 7.9128736 7.9344482 7.9560229 7.9775975 7.9866223 7.9811628 7.9757033 7.9702439 7.9698273 7.9762471 7.9804407 7.980176 7.9799114 7.9796467 7.9751509 7.9631187 7.9587196 7.9719303 7.9822515 7.9836787 7.9851059 7.9865331 7.9869243 7.9845385 7.9821527 7.979767 7.9720455 7.9550196 7.9479293 7.9599913 7.9726391 7.9865391 8.0004391 8.0143391 8.0157549 7.9993105 7.9828661 7.9664217 7.9650585 7.975055 7.9788921 7.9783013 7.9777104 7.9771196 7.975077 7.9726871 7.9647306 7.9558121 7.9468936 7.9369245 7.9207133 7.9089314 7.9124923 7.9160532 7.9196141 7.9266536 7.9369634
-9999 7.8860145 7.9027635 7.9243381 7.9459128 7.9674874 7.9890621 7.9980868 7.9926273 7.9871679 7.9817084 7.9762489 7.9723161 7.9765097 7.976245 7.9759804 7.9757157 7.9754511 7.9741884 7.9697893 7.976873 7.9783002 7.9797274 7.9811546 7.9825818 7.982973 7.9805872 7.9782014 7.9758157 7.9734299 7.9694198 7.9623294 7.9754431 7.9893431 8.0032431 8.017143 8.031043 8.0324589 8.0160145 7.9995701 7.9831257 7.9666813 7.9591769 7.963014 7.9624232 7.9618323 7.9612415 7.9606507 7.9589877 7.9510312 7.9421127 7.9331942 7.9242756 7.9153571 7.9039086 7.9074695 7.9110304 7.9145913 7.9181523 7.923911
-9999 7.8937606 7.9153352 7.9369099 7.9584845 7.9800592 8.0016339 7.9992109 7.9937514 7.988292 7.9828325 7.977373 7.9719135 7.969608 7.9702708 7.9700062 7.9697415 7.9694769 7.9692122 7.9694592 7.9708864 7.9723136 7.9737408 7.975168 7.9765952 7.9860613 7.9849552 7.9825694 7.9801836 7.9777978 7.9754121 7.978589 7.992489 8.0063889 8.0202889 8.0341889 8.0480889 8.0353487 8.0189043 8.0024599 7.9860155 7.9695711 7.9542514 7.9529431 7.9523522 7.9517614 7.9511705 7.9505797 7.9499889 7.9422975 7.933379 7.9244604 7.9155419 7.9066234 7.9039206 7.9074815 7.9110424 7.9146033 7.9181642 7.9215603
-9999 7.9080921 7.9296667 7.9512414 7.972816 7.9869323 7.9866092 7.9839016 7.9784422 7.9729827 7.9675232 7.9619511 7.9559537 7.9535706 7.9584255 7.9607849 7.9605203 7.9602556 7.959991 7.9602379 7.9616651 7.9630924 7.9645196 7.9676784 7.9838633 7.9964887 7.9995732 8.0001586 7.9977728 7.995387 7.9930013 7.9961782 8.0100782 8.0239781 8.0378781 8.0454433 8.0313469 8.0162845 7.9998401 7.9833957 7.9669513 7.9557263 7.9535478 7.9522293 7.951529 7.9509194 7.9503285 7.9497377 7.9491468 7.9414555 7.9325369 7.9236184 7.9146999 7.912527 7.911934 7.9154949 7.9190558 7.9226167 7.9254816 7.9268537
-9999 7.9224235 7.9439982 7.9655728 7.9719461 7.971623 7.9712999 7.9685924 7.9631329 7.9576734 7.9519111 7.9459137 7.9399163 7.9375333 7.9423881 7.947243 7.9512991 7.9510344 7.9507698 7.9510167 7.9524439 7.9538711 7.9619208 7.9781057 7.9942907 8.006916 8.0100006 8.0130851 8.015362 8.0129763 8.0105905 8.0137674 8.0276674 8.0415673 8.0404756 8.0263792 8.0122827 7.9972203 7.9807759 7.9643315 7.9572012 7.9550227 7.9528442 7.9515256 7.9508254 7.9501251 7.9494865 7.9488956 7.9483048 7.9406134 7.9316949 7.924125 7.9223327 7.9205404 7.9199474 7.9235083 7.9270692 7.929403 7.9307751 7.9321472
-9999 7.936755 7.957283 7.9569599 7.9566368 7.9563137 7.9559906 7.9532831 7.9478236 7.9418711 7.9358737 7.9298763 7.9238789 7.9214959 7.9263507 7.9312056 7.9360604 7.9409153 7.9415485 7.9417955 7.9432227 7.9561632 7.9723481 7.9885331 8.004718 8.0173433 8.0204279 8.0235125 8.026597 8.0296816 8.0281797 8.0313566 8.0452566 8.0355078 8.0214114 8.007315 7.9932185 7.9781561 7.9617117 7.9586761 7.9564976 7.9543191 7.9521406 7.950822 7.9501218 7.9494215 7.9487212 7.9480536 7.9474628 7.9397714 7.9339306 7.9321384 7.9303461 7.9285538 7.9279608 7.9315217 7.9333244 7.9346965 7.9360686 7.9374407
-9999 7.9422968 7.9419737 7.9416506 7.9413275 7.9410044 7.9406813 7.9378284 7.9318311 7.9258337 7.9198363 7.9138389 7.9078415 7.9054585 7.9103133 7.9151682 7.920023 7.9248779 7.9297328 7.9342206 7.9504055 7.9665905 7.9827754 7.9989604 8.0151453 8.0277706 8.0308552 8.0339398 8.0370244 8.0401089 8.0431935 8.0446365 8.0305401 8.0164437 8.0023472 7.9882508 7.9741544 7.9623296 7.960151 7.9579725 7.955794 7.9536155 7.951437 7.9501184 7.9494182 7.9487179 7.9480176 7.9473173 7.9466208 7.9437363 7.941944 7.9401518 7.9383595 7.9365672 7.9358737 7.9372458 7.9386179 7.93999 7.9413621 7.9427342
-9999 7.9424598 7.9421367 7.9418136 7.9414905 7.9411674 7.9369793 7.9305628 7.9245655 7.9185681 7.9125707 7.9065733 7.9051529 7.9046357 7.8985277 7.9033826 7.9082374 7.9130923 7.9179472 7.9262281 7.942413 7.958598 7.9747829 7.9909679 8.0012547 8.0052609 8.0158368 8.0189214 8.0220059 8.0250905 8.0281751 8.0253912 8.0112948 7.9971983 7.9831019 7.9690055 7.9596902 7.95603 7.9538515 7.951673 7.9494945 7.947316 7.9488107 7.9490062 7.9476383 7.946938 7.9462377 7.9455374 7.9448371 7.9432058 7.9414135 7.9396213 7.937829 7.9375441 7.9408678 7.9422399 7.943612 7.9449841 7.9463562 7.9369237
