P2_models/J1_p2_vp_slide_diff2_120.dat.tif
NCOLS 118
NROWS 92
XLLCORNER 139.62
YLLCORNER -39.07
DX 0.099491525
DY 0.099347826
NODATA_VALUE -9999
[rows 0 to 23 of 92, columns 53 to 105 of 118]
-9999 -9999 -9999 -9999 -9999 -9999 -9999 -9999 -9999 -9999 -9999 -9999 -9999 -9999 -9999 -9999 -9999 -9999 -9999 -9999 -9999 -9999 -9999 -9999 -9999 -9999 -9999 -9999 -9999 -9999 -9999 -9999 -9999 -9999 -9999 -9999 -9999 -9999 -9999 -9999 -9999 -9999 -9999 -9999 -9999 -9999 -9999 -9999 -9999 -9999 -9999 -9999 -9999
0.14086344 0.136295 0.1421008 0.14308736 0.14407393 0.14506049 0.14604706 0.13991161 0.13564407 0.13320244 0.13076081 0.12831918 0.12587756 0.12176007 0.11793707 0.11411406 0.11029105 0.10646805 0.10804605 0.11653526 0.12502447 0.13351367 0.14200288 0.14236401 0.14337657 0.14085118 0.13832578 0.13580039 0.13327499 0.12686633 0.11866354 0.11046074 0.10225795 0.096042853 0.09197522 0.079159523 0.075303944 0.071448366 0.067592788 0.063612796 0.055584025 0.047555254 0.039526483 0.031497712 0.024374949 0.021402131 0.00086229699 -0.019677537 -0.040217371 -0.060757205 -0.067690542 -0.071309339 -0.075079271
0.12753862 0.12297018 0.13218984 0.13935395 0.14034052 0.14132708 0.14231365 0.1361782 0.12520304 0.11952763 0.117086 0.11464437 0.11220274 0.10801167 0.10377234 0.099949337 0.09612633 0.092303322 0.093881329 0.10237054 0.11085974 0.11934895 0.11839202 0.11660084 0.11876187 0.12025513 0.11772973 0.11520434 0.11267894 0.10627028 0.09806749 0.089864695 0.0853084 0.093277671 0.089210039 0.063452997 0.048390825 0.044535247 0.040679669 0.036699677 0.028670906 0.020642135 0.012613364 0.0055767905 -0.0010382254 -0.00072511845 -0.001194617 -0.021734451 -0.042274285 -0.062814119 -0.069747456 -0.070194173 -0.073679502
0.1142138 0.10964536 0.11886502 0.12808469 0.13660711 0.13759367 0.13858024 0.13244479 0.12146963 0.11049447 0.10341118 0.10096956 0.098527927 0.094336857 0.090085675 0.085834493 0.081961606 0.078138599 0.079716606 0.088205812 0.096299724 0.09446429 0.092628855 0.090837675 0.092998706 0.095159737 0.097133688 0.094608293 0.092082898 0.085674239 0.077471444 0.074573948 0.082543219 0.09051249 0.086444858 0.060687816 0.034930774 0.017622128 0.01376655 0.0097865578 0.0017577868 -0.0062709842 -0.013221367 -0.019836383 -0.026451399 -0.026138292 -0.025087317 -0.024036343 -0.044331199 -0.064871033 -0.07180437 -0.072251087 -0.072697804
0.10088898 0.096320536 0.1055402 0.11475987 0.12397954 0.1331992 0.13484683 0.12871138 0.11773622 0.10676106 0.095785905 0.087294741 0.084853113 0.080662043 0.076410861 0.072159678 0.067908496 0.063973876 0.065551882 0.072371991 0.070536556 0.068701122 0.066865687 0.065074507 0.067235538 0.069396569 0.0715576 0.073718631 0.071486851 0.065078192 0.063839496 0.071808767 0.079778038 0.087747309 0.083679676 0.057922634 0.032165593 0.0064085507 -0.013146569 -0.017126561 -0.025155332 -0.032019525 -0.038634541 -0.045249557 -0.051864573 -0.051551466 -0.050500491 -0.049449516 -0.048398542 -0.066927947 -0.073861284 -0.074308001 -0.074754718
0.087557369 0.082995716 0.092215382 0.10143505 0.11065472 0.11987438 0.12909405 0.12497797 0.11400281 0.10302766 0.092052496 0.081077338 0.071178298 0.066987229 0.062736046 0.058484864 0.054233681 0.049982499 0.048444257 0.046608823 0.044773388 0.042937954 0.041102519 0.039311339 0.04147237 0.043633401 0.045794432 0.047955463 0.050116494 0.053105043 0.061074314 0.069043586 0.077012857 0.084982128 0.080914495 0.055157453 0.029400411 0.0036433695 -0.022113672 -0.04403968 -0.050817683 -0.057432699 -0.064047715 -0.070662731 -0.077277747 -0.07696464 -0.075913665 -0.07486269 -0.073811715 -0.072760741 -0.075918198 -0.076364915 -0.076811632
0.093118937 0.094029313 0.10324898 0.11246865 0.12168831 0.13090798 0.13428753 0.12721306 0.11589426 0.1049191 0.093943944 0.082968785 0.071993626 0.067519075 0.063267893 0.05901671 0.054765528 0.047748431 0.041086607 0.039251173 0.037415738 0.035580304 0.033754199 0.038348976 0.041229588 0.043390619 0.04555165 0.047712681 0.049873712 0.0560075 0.063976771 0.071946042 0.079915313 0.084696083 0.074607084 0.049216322 0.02345928 -0.0022977617 -0.028054804 -0.053241172 -0.059856188 -0.066471204 -0.07308622 -0.079701236 -0.080004088 -0.078966921 -0.077915947 -0.076864972 -0.075813997 -0.073426112 -0.072705205 -0.073151922 -0.073598639
0.1080116 0.10892197 0.11814164 0.12736131 0.13658097 0.13818004 0.1380173 0.13094284 0.11917157 0.10770169 0.096726529 0.08575137 0.074776211 0.07030166 0.066050477 0.061799295 0.053740324 0.043306738 0.036644914 0.034809479 0.032974045 0.032097739 0.036711382 0.041306159 0.044216005 0.04712585 0.049352021 0.051513052 0.053674083 0.059807871 0.067777142 0.075746414 0.079305506 0.077581299 0.0674923 0.042330706 0.017014988 -0.0087420535 -0.034499095 -0.059685464 -0.06630048 -0.072915496 -0.079530511 -0.079204938 -0.07829742 -0.077260253 -0.076209278 -0.075158303 -0.072548361 -0.069378216 -0.06865731 -0.069104026 -0.069550743
0.12290426 0.12381464 0.1330343 0.14223529 0.14207255 0.14190981 0.14174707 0.13467261 0.12290134 0.11113007 0.099509113 0.088533955 0.077558796 0.073084244 0.068833062 0.059732216 0.049298631 0.038865045 0.03220322 0.030367786 0.030441279 0.035054923 0.039668566 0.044263342 0.047173188 0.050083033 0.052992879 0.055313424 0.057474455 0.063608243 0.071577514 0.073914929 0.072190722 0.070466515 0.060377516 0.035215922 0.010054327 -0.015186345 -0.040943387 -0.066129756 -0.072744771 -0.079313307 -0.078405788 -0.077498269 -0.076590751 -0.075553584 -0.074502609 -0.07167061 -0.068500465 -0.065330321 -0.064609414 -0.065056131 -0.066625529
0.13779692 0.1387073 0.1461278 0.14596506 0.14580232 0.14563958 0.14547684 0.13840238 0.12663111 0.11485984 0.10308857 0.091317303 0.08034138 0.075866829 0.065724109 0.055290523 0.044856937 0.034423351 0.027761527 0.028784819 0.033398463 0.038012106 0.042625749 0.047220525 0.050130371 0.053040216 0.055950062 0.058859907 0.061274826 0.067408614 0.068524352 0.066800145 0.065075938 0.063351731 0.053262732 0.028101138 0.0029395432 -0.022222051 -0.047387679 -0.072574047 -0.078514157 -0.077606638 -0.076699119 -0.075791601 -0.074884082 -0.073846915 -0.070792859 -0.067622714 -0.06445257 -0.061282426 -0.060561519 -0.062231802 -0.064298042
0.15098449 0.14835236 0.14818962 0.14802688 0.14786414 0.1477014 0.14753866 0.14175681 0.12998554 0.11821427 0.106443 0.094671732 0.082900463 0.07242244 0.061988854 0.051555268 0.041121682 0.030688096 0.028121276 0.032734919 0.037348562 0.041962205 0.046575848 0.050543336 0.051646935 0.05455678 0.057466626 0.060376471 0.063286317 0.063026534 0.061302327 0.05957812 0.057853913 0.056129706 0.046651078 0.021489483 -0.0036721112 -0.028833706 -0.0539953 -0.078379707 -0.077472188 -0.076564669 -0.07565715 -0.074749631 -0.073806395 -0.070776258 -0.067606114 -0.06443597 -0.061265825 -0.058095681 -0.057903871 -0.059970111 -0.062036351
0.14792292 0.13948287 0.13932013 0.13915739 0.13899465 0.13883191 0.14212051 0.13931626 0.13088008 0.11910881 0.10733755 0.095566276 0.083795007 0.073316984 0.062883398 0.052449813 0.042016227 0.037719978 0.038578669 0.043192312 0.047805956 0.052419599 0.056121178 0.057382399 0.046901811 0.046631928 0.049541774 0.052451619 0.055361465 0.055101682 0.053377475 0.051653268 0.049929061 0.052296449 0.045634054 0.018175198 -0.0069863961 -0.032147991 -0.057309585 -0.081693991 -0.080786473 -0.079878954 -0.078971435 -0.077978937 -0.076263391 -0.073233254 -0.07006311 -0.066892966 -0.063722821 -0.056977094 -0.056073388 -0.058139628 -0.060205868
0.13905343 0.13061339 0.13045065 0.13028791 0.13042551 0.13403634 0.13764717 0.13484292 0.12767935 0.12000336 0.10823209 0.096460821 0.084689552 0.074211529 0.063777943 0.053344357 0.050253126 0.048177371 0.049036063 0.053649706 0.058263349 0.061567544 0.062960241 0.064221462 0.053740874 0.043260287 0.041616922 0.044526767 0.047436613 0.04717683 0.045452623 0.043728416 0.046788995 0.051822891 0.045160496 0.017422447 -0.010300681 -0.035462275 -0.06062387 -0.085008276 -0.084100757 -0.083193239 -0.082151479 -0.080435933 -0.078720387 -0.07569025 -0.072520106 -0.069349962 -0.062280153 -0.055146611 -0.054242904 -0.056309144 -0.058375384
0.13018395 0.1217439 0.12158116 0.12234133 0.12595216 0.12956299 0.13317383 0.13036958 0.12320601 0.11604244 0.10887887 0.097355365 0.085584096 0.075106073 0.06486203 0.062786275 0.06071052 0.058634765 0.059493456 0.0641071 0.067013909 0.068406606 0.069799304 0.071060525 0.060579937 0.05009935 0.039618762 0.036601915 0.039511761 0.039251978 0.037527771 0.041281542 0.046315437 0.051349333 0.044686938 0.016948889 -0.010789161 -0.03852721 -0.063938155 -0.088322561 -0.087415042 -0.086324021 -0.084608474 -0.082892928 -0.081177382 -0.078147246 -0.074716754 -0.067583212 -0.060449669 -0.053316127 -0.05241242 -0.05447866 -0.059028354
0.12131446 0.11287442 0.11425716 0.11786799 0.12147882 0.12508965 0.12870048 0.12589623 0.11873267 0.1115691 0.10440553 0.097241964 0.086478641 0.077395179 0.075319424 0.073243669 0.071167914 0.069092159 0.06995085 0.072460275 0.073852972 0.075245669 0.076638367 0.077899588 0.067419 0.056938413 0.046457825 0.035977238 0.031586909 0.031327126 0.035774088 0.040807984 0.045841879 0.050875775 0.04421338 0.016475331 -0.011262719 -0.039000768 -0.066738818 -0.091636846 -0.090496562 -0.088781016 -0.08706547 -0.085349924 -0.083634378 -0.080019813 -0.07288627 -0.065752728 -0.058619186 -0.051485643 -0.050581936 -0.055241259 -0.060037148
0.11089395 0.10563303 0.11063932 0.11425016 0.11786099 0.12147182 0.12508265 0.12250627 0.11534271 0.10817914 0.10101557 0.093852005 0.086688437 0.083978952 0.081903197 0.079827442 0.077751687 0.075675932 0.075121687 0.076514384 0.077907081 0.079299778 0.080692476 0.080079639 0.06841701 0.057936422 0.047455835 0.036975247 0.02649466 0.026625767 0.031659663 0.036693559 0.041727455 0.04676135 0.044741775 0.017003725 -0.010734324 -0.038472374 -0.066210424 -0.093070385 -0.091354839 -0.089639293 -0.087923747 -0.086208201 -0.085005906 -0.078897737 -0.071764195 -0.064630652 -0.05749711 -0.050363568 -0.052785124 -0.057581014 -0.062376903
0.096869423 0.091608501 0.10563698 0.11262022 0.11623105 0.11984188 0.12345271 0.12102748 0.11447014 0.10730657 0.100143 0.092979435 0.085815867 0.082293216 0.079486086 0.077410331 0.075334576 0.073258821 0.072704576 0.074097273 0.07548997 0.076882667 0.07559987 0.071566588 0.057479151 0.045361947 0.034881359 0.024400772 0.013920184 0.014051292 0.019085188 0.024119083 0.029152979 0.033042155 0.030871986 0.018230931 -0.0078777574 -0.035615807 -0.063353857 -0.090213818 -0.088498272 -0.086782726 -0.08506718 -0.084051501 -0.084569832 -0.078958174 -0.072288202 -0.065154659 -0.058021117 -0.050887574 -0.054961241 -0.063013438 -0.067809327
0.082844892 0.07758397 0.091612453 0.10564094 0.11460111 0.11821194 0.12182277 0.11939754 0.11287054 0.10634354 0.099270433 0.092106865 0.084943298 0.081420646 0.078023101 0.074993219 0.072917464 0.070841709 0.070287464 0.071680161 0.073072858 0.071007521 0.067086818 0.063053536 0.048966099 0.034878662 0.022306884 0.011826296 0.0013457088 0.0014768164 0.0065107121 0.011544608 0.015258214 0.018899041 0.016728872 0.0040878166 -0.0085532387 -0.03275924 -0.060497289 -0.087357251 -0.085641705 -0.083926159 -0.083097096 -0.083615427 -0.084133759 -0.078522101 -0.072257578 -0.065678666 -0.058545124 -0.051411581 -0.055485248 -0.064901723 -0.073241751
0.068820361 0.063559439 0.077587922 0.091616405 0.10564489 0.116582 0.12019284 0.1177676 0.1112406 0.1047136 0.098186601 0.091234295 0.084070728 0.080548076 0.077150531 0.073752986 0.070500353 0.068424598 0.067870353 0.06926305 0.066415172 0.062494469 0.058573766 0.054540484 0.040453047 0.02636561 0.012278174 -0.00074817927 -0.011228767 -0.011097659 -0.0061665536 -0.0025257269 0.0011150997 0.0047559264 0.0025857577 -0.010055298 -0.022696353 -0.035337408 -0.057640722 -0.084500684 -0.082785137 -0.082142691 -0.082661022 -0.083179354 -0.083697685 -0.078086027 -0.071821505 -0.065556983 -0.059069131 -0.051935588 -0.056009255 -0.06542573 -0.074842205
0.055233498 0.049534908 0.063563391 0.077591874 0.091620357 0.10564884 0.1185629 0.11613766 0.10961066 0.10308366 0.096556662 0.090029663 0.083198158 0.079675506 0.076277961 0.072880416 0.069482871 0.066085326 0.065453241 0.061822823 0.05790212 0.053981417 0.050060714 0.046027432 0.031939995 0.017852559 0.0037651217 -0.010322315 -0.023803242 -0.023950495 -0.020309668 -0.016668841 -0.013028015 -0.0093871878 -0.011557357 -0.024198412 -0.036839467 -0.049480523 -0.062121578 -0.081644116 -0.081188286 -0.081706618 -0.082224949 -0.08274328 -0.083261612 -0.077649954 -0.071385431 -0.065120909 -0.058856387 -0.052459595 -0.056533262 -0.065949737 -0.075366212
0.048488386 0.046604882 0.060633365 0.074661847 0.08869033 0.10271881 0.11195496 0.11584631 0.11059705 0.10407005 0.09754305 0.09101605 0.084489051 0.080987546 0.077590001 0.074192456 0.070794911 0.067502781 0.064440613 0.06051991 0.056599207 0.052678504 0.048757801 0.043991165 0.026105202 0.012017765 -0.002069672 -0.016157109 -0.030244546 -0.032206092 -0.028565265 -0.024924439 -0.021283612 -0.017642785 -0.016929536 -0.029047749 -0.041688804 -0.054329859 -0.066970915 -0.07925056 -0.079768891 -0.080287223 -0.080805554 -0.081323885 -0.079209267 -0.073111547 -0.066847025 -0.060582503 -0.054317981 -0.05155286 -0.059587806 -0.069004281 -0.078420756
0.053254976 0.052043647 0.06607213 0.080100613 0.094129095 0.10004122 0.096553514 0.10044486 0.1093506 0.10702998 0.10050298 0.093975981 0.087448982 0.083947477 0.080549932 0.077152387 0.074029844 0.07163861 0.068576442 0.064655739 0.060735036 0.056814333 0.052065532 0.046957437 0.026848135 0.0082032311 -0.0058842058 -0.019971643 -0.034059079 -0.036020626 -0.032379799 -0.028738972 -0.024664858 -0.017551964 -0.016834415 -0.027640697 -0.039527672 -0.052168727 -0.064809783 -0.077089428 -0.077607759 -0.078126091 -0.078644422 -0.076107941 -0.071576394 -0.065478675 -0.059214153 -0.052949631 -0.05137922 -0.056516235 -0.064551181 -0.073967656 -0.083384131
0.058693741 0.057482412 0.071510895 0.085539378 0.088127486 0.084639775 0.081152064 0.085043415 0.09394915 0.10285489 0.10346291 0.096935912 0.090408913 0.086907408 0.083509863 0.080556906 0.078165673 0.075774439 0.072712271 0.068791568 0.064870865 0.059971927 0.055031805 0.04992371 0.029814407 0.0097051052 -0.0096987395 -0.023786176 -0.037873613 -0.039835159 -0.036194333 -0.03168263 -0.024569737 -0.017456844 -0.016739295 -0.027545577 -0.038351858 -0.050007595 -0.06264865 -0.074928296 -0.075446627 -0.075964958 -0.073006615 -0.068475068 -0.063943522 -0.057845802 -0.05158128 -0.05120558 -0.056342595 -0.061479611 -0.069514556 -0.078931031 -0.087965357
0.064132506 0.062921177 0.07694966 0.076213748 0.072726037 0.069238326 0.065750615 0.069641966 0.078547701 0.087453436 0.096359171 0.099895843 0.093368844 0.089867339 0.087083969 0.084692735 0.082301501 0.079910268 0.0768481 0.072818445 0.067878322 0.0629382 0.057998077 0.052889982 0.03278068 0.012671378 -0.0074379245 -0.027547227 -0.041688147 -0.043649693 -0.038700403 -0.03158751 -0.024474617 -0.017361724 -0.016644175 -0.027450456 -0.038256738 -0.049063019 -0.060487518 -0.072767163 -0.073285495 -0.069905289 -0.065373742 -0.060842196 -0.05631065 -0.05021293 -0.05103194 -0.056168955 -0.06130597 -0.066442986 -0.074477931 -0.083449897 -0.091865288
