P2_models/J1_p2_vp_slide_diff_120.dat.tif
NCOLS 118
NROWS 92
XLLCORNER 139.62
YLLCORNER -39.07
DX 0.099491525
DY 0.099347826
NODATA_VALUE -9999
[rows 54 to 80 of 92, columns 0 to 59 of 118]
-9999 7.9736253 7.9723321 7.9710388 7.9697456 7.9647289 7.9594005 7.9549184 7.9514128 7.9479073 7.9444018 7.9458472 7.9485959 7.9487421 7.9436767 7.9386112 7.9405597 7.9431614 7.9457631 7.951678 7.9652367 7.9787955 7.9923542 7.9963994 7.9961699 7.9983182 8.0068398 8.0153613 8.0197285 8.0236019 8.0274753 8.0258762 8.0137278 8.0015794 7.989431 7.9837837 7.9798714 7.976914 7.975323 7.973732 7.972141 7.9751075 7.9784734 7.9788193 7.9769942 7.9755498 7.9750628 7.9745758 7.9740888 7.9724515 7.9706153 7.9687792 7.9690648 7.9716393 7.9737139 7.9740566 7.9743993 7.974742 7.9634052 7.9500465
-9999 7.9755574 7.9742642 7.9719745 7.9666461 7.9613178 7.9559894 7.9515073 7.9480018 7.9452203 7.9479691 7.9507178 7.9534665 7.9536128 7.9485473 7.9434819 7.9384164 7.9380459 7.9406476 7.9465625 7.9601212 7.9736799 7.9735547 7.9733252 7.9730957 7.9752441 7.9837656 7.9922871 8.0008087 8.0064808 8.0103543 8.0087551 7.9966067 7.9850358 7.9811234 7.977211 7.9732986 7.9703413 7.9687503 7.9680439 7.9714098 7.9747757 7.9781416 7.9784876 7.9766625 7.9748375 7.9730754 7.9725884 7.9721014 7.9704641 7.968628 7.9698647 7.9724392 7.9750137 7.9770883 7.977431 7.9768411 7.9634824 7.9501237 7.936765
-9999 7.9774895 7.9738917 7.9685634 7.963235 7.9579067 7.9525783 7.9480962 7.9473422 7.950091 7.9528397 7.9555884 7.9583372 7.9584834 7.953418 7.9483525 7.9432871 7.9382216 7.935532 7.9414469 7.9509395 7.95071 7.9504805 7.950251 7.9500215 7.9521699 7.9606914 7.969213 7.9777345 7.986256 7.9932332 7.9916341 7.9823754 7.9784631 7.9745507 7.9706383 7.9667259 7.9637686 7.9643463 7.9677122 7.9710781 7.974444 7.9778099 7.9781558 7.9763308 7.9745057 7.9726807 7.9708556 7.9701141 7.9684767 7.9706645 7.973239 7.9758136 7.9783881 7.9804626 7.9769182 7.9635595 7.9502009 7.9368422 7.9234835
-9999 7.9741083 7.96878 7.9634516 7.9581233 7.9527949 7.9474666 7.9459896 7.9487383 7.9514871 7.9542358 7.9569845 7.9597333 7.9616415 7.9565761 7.9515106 7.9464452 7.9413797 7.9363143 7.9327112 7.9324817 7.9322522 7.9320227 7.9317932 7.9315637 7.9312062 7.9396514 7.9481729 7.9566944 7.965216 7.9737375 7.978012 7.9740996 7.9701873 7.9662749 7.9623625 7.9584501 7.9593958 7.9627617 7.9661276 7.9694935 7.9728594 7.9762253 7.9762362 7.9744112 7.9725861 7.9707611 7.968936 7.9671109 7.9668603 7.9694349 7.9720094 7.9745839 7.9771584 7.9789368 7.9662888 7.9529301 7.9395715 7.9262128 7.9128541
-9999 7.963188 7.9578596 7.9525313 7.947203 7.9424069 7.9413576 7.9402391 7.9390407 7.941016 7.9437648 7.9465135 7.9492622 7.9513546 7.9521327 7.9488196 7.9437542 7.9386887 7.9336233 7.9300202 7.9297907 7.9295612 7.9293317 7.9291022 7.923867 7.9211482 7.9265881 7.9340803 7.9426018 7.9511234 7.9596449 7.9639194 7.960007 7.9560947 7.9521823 7.948358 7.9495887 7.952176 7.956704 7.9602641 7.96363 7.9669959 7.9703618 7.9700273 7.9670683 7.9652432 7.9634181 7.9615931 7.959768 7.9550993 7.9524804 7.9550549 7.9576294 7.9602039 7.9619823 7.9610031 7.9513589 7.9380002 7.9246415 7.9112828
-9999 7.9522677 7.9469393 7.941611 7.938328 7.9372788 7.9362295 7.935111 7.9339125 7.9327141 7.9332937 7.9360425 7.9387912 7.9408836 7.9416616 7.9424396 7.9410632 7.9359977 7.9309323 7.9273292 7.9270997 7.9268702 7.9253344 7.9195717 7.913809 7.9110903 7.9165301 7.9219699 7.9285092 7.9370308 7.9455523 7.9498268 7.9459144 7.9420021 7.9397681 7.9409988 7.9422295 7.9448167 7.9493448 7.9538728 7.9577665 7.9611324 7.9644983 7.9641638 7.9611691 7.9581744 7.9560752 7.9542502 7.9524251 7.9477564 7.9425961 7.9381004 7.9406749 7.9432495 7.9450279 7.9440486 7.9430693 7.936429 7.9230703 7.9097116
-9999 7.9413474 7.936019 7.9342491 7.9331999 7.9321506 7.9311014 7.9299829 7.9287844 7.927586 7.9263875 7.9255714 7.9283202 7.9304126 7.9311906 7.9319686 7.9327466 7.9333067 7.9282413 7.9246382 7.9244087 7.9210392 7.9152765 7.9095138 7.903751 7.9010323 7.9064721 7.9119119 7.9173518 7.9229382 7.9314597 7.9357342 7.9318218 7.9311782 7.9324089 7.9336396 7.9348702 7.9374575 7.9419855 7.9465136 7.9510417 7.9552689 7.9586348 7.9583003 7.9553056 7.9523109 7.9493162 7.9469073 7.9450822 7.9404135 7.9352532 7.930093 7.9249327 7.926295 7.9280734 7.9270941 7.9261148 7.9251355 7.921499 7.9081403
-9999 7.9312194 7.9301702 7.929121 7.9280717 7.9270225 7.9259733 7.9248548 7.9236563 7.9224579 7.9212594 7.9200609 7.9188625 7.9199415 7.9207195 7.9214976 7.9222756 7.9230536 7.9238316 7.9219471 7.9167439 7.9109812 7.9052185 7.8994558 7.8936931 7.8909743 7.8964141 7.901854 7.9072938 7.9127336 7.9181734 7.9216416 7.9225883 7.923819 7.9250497 7.9262803 7.927511 7.9300982 7.9346263 7.9391544 7.9436824 7.9482105 7.9527386 7.9524368 7.9494421 7.9464474 7.9434527 7.940458 7.9377393 7.9330705 7.9279103 7.9227501 7.9175898 7.9124296 7.9111189 7.9101396 7.9091603 7.9081811 7.9072018 7.9062225
-9999 7.9306616 7.9296123 7.9285631 7.9275139 7.9264647 7.9264946 7.9293204 7.9307289 7.9295304 7.928332 7.9271335 7.9259351 7.9226061 7.9184032 7.9191812 7.9199592 7.9207372 7.9215153 7.9203155 7.9145528 7.90879 7.9030273 7.8972646 7.8925956 7.8919205 7.8927706 7.8982105 7.9036503 7.9090901 7.9145299 7.9185321 7.9197627 7.9209934 7.922224 7.9234547 7.9265071 7.9272563 7.9257075 7.9302355 7.9347636 7.9392917 7.9438197 7.9445745 7.9418905 7.9388958 7.9359011 7.9329064 7.9299118 7.9366973 7.9317198 7.9265596 7.9213994 7.9162391 7.9100062 7.9032685 7.9022892 7.90131 7.9003307 7.8993514
-9999 7.9320911 7.9310418 7.9299926 7.9289434 7.9299095 7.9315079 7.9343337 7.9385761 7.9419085 7.9407101 7.9395116 7.9383131 7.9349842 7.9273888 7.9204109 7.9211889 7.9219669 7.922745 7.9215452 7.9157825 7.9100197 7.904257 7.9014038 7.9011199 7.9004448 7.8987212 7.8973563 7.9027961 7.9082359 7.9136758 7.9176779 7.9189085 7.9201392 7.9213699 7.9261616 7.9330175 7.9337667 7.9257796 7.9206385 7.9251666 7.9296947 7.9342227 7.9349775 7.9330196 7.9306102 7.9276155 7.9246208 7.9216261 7.9284116 7.9368874 7.9352187 7.9300585 7.9248983 7.9186654 7.9087169 7.8998029 7.8988236 7.8978443 7.896865
-9999 7.9335206 7.9324713 7.931726 7.9333244 7.9349228 7.9365212 7.939347 7.9435894 7.9478319 7.9520743 7.9518897 7.9506912 7.9473623 7.9397669 7.9321716 7.9245762 7.9231967 7.9239747 7.9227749 7.9170122 7.9112494 7.9102119 7.909928 7.9096441 7.9089691 7.9072455 7.9055219 7.9037984 7.9073818 7.9128216 7.9168237 7.9180544 7.919285 7.9258162 7.932672 7.9395278 7.9402771 7.9322899 7.9243028 7.9163157 7.9200977 7.9246257 7.9253805 7.9234226 7.9214647 7.9193299 7.9163352 7.9133405 7.920126 7.9286018 7.9370776 7.9387177 7.9335574 7.9273245 7.9173761 7.9074277 7.8974792 7.895358 7.8943787
-9999 7.9349501 7.935141 7.9367394 7.9383377 7.9399361 7.9415345 7.9443603 7.9486027 7.9528452 7.9570876 7.96133 7.9630693 7.9597403 7.952145 7.9445496 7.9369543 7.9293589 7.9252044 7.9240046 7.9193039 7.9190201 7.9187362 7.9184523 7.9181684 7.9174933 7.9157698 7.9140462 7.9123226 7.9105991 7.9119674 7.9159695 7.918615 7.9254708 7.9323266 7.9391824 7.9460382 7.9467874 7.9388003 7.9308132 7.9228261 7.914839 7.9150287 7.9157835 7.9138256 7.9118677 7.9099098 7.9079519 7.9050549 7.9118404 7.9203162 7.928792 7.9372678 7.9422166 7.9359837 7.9260353 7.9160868 7.9061384 7.8961899 7.8918924
-9999 7.9369372 7.9385356 7.940134 7.9417324 7.9433308 7.9449292 7.9470479 7.9512903 7.9555328 7.9597752 7.9640176 7.96826 7.9707269 7.9631315 7.9555362 7.9479408 7.9403455 7.9327501 7.9273657 7.9270818 7.9267979 7.926514 7.9262301 7.9259463 7.9264221 7.9246986 7.922975 7.9212514 7.9195279 7.9178043 7.9190112 7.925867 7.9327228 7.9395786 7.9464344 7.9532902 7.9518715 7.9438844 7.9358973 7.9279102 7.9199231 7.9119359 7.9072083 7.9052504 7.9032925 7.9013346 7.8993767 7.8974189 7.9043571 7.9128329 7.9213087 7.9297845 7.9382603 7.9405461 7.9305976 7.9206492 7.9107008 7.9007523 7.8908039
-9999 7.9322809 7.9338793 7.9354777 7.9370761 7.9385359 7.9370138 7.9381678 7.9424102 7.9466526 7.950895 7.9551374 7.9582169 7.9613369 7.9647594 7.9596015 7.9520062 7.9444108 7.9368155 7.931431 7.9311471 7.9308632 7.9305793 7.9302955 7.9274477 7.9267967 7.9334814 7.9339158 7.9321923 7.9304687 7.9287452 7.929952 7.9368078 7.9436636 7.9505194 7.9573753 7.9549345 7.9498614 7.9418743 7.9338871 7.9259 7.9177249 7.9075059 7.9027323 7.9017578 7.8997999 7.897842 7.8958841 7.8939262 7.9008645 7.9093403 7.9178161 7.9262919 7.9280777 7.9247317 7.9147832 7.9048348 7.8948863 7.8853697 7.8847949
-9999 7.9276246 7.929223 7.9308214 7.9311778 7.9296557 7.9281337 7.9292876 7.93353 7.9377725 7.9416751 7.944644 7.9476129 7.9507329 7.9541554 7.9575779 7.9560715 7.9484761 7.9408808 7.9354963 7.9352124 7.9349285 7.9341561 7.9307682 7.9273804 7.9267294 7.9334141 7.9400987 7.9431331 7.9414096 7.939686 7.9408929 7.9477487 7.9546045 7.9589971 7.9559607 7.9529244 7.9478512 7.9398641 7.931877 7.9230613 7.9128423 7.9026233 7.8978497 7.8969908 7.8961318 7.8943494 7.8923915 7.8904336 7.8973719 7.9058477 7.9143235 7.9137033 7.9122633 7.9089173 7.8989688 7.8890204 7.8817782 7.8812035 7.8806287
-9999 7.9229683 7.9245667 7.9238197 7.9222976 7.9207756 7.9192535 7.9204075 7.9246499 7.9281022 7.9310711 7.9340401 7.937009 7.940129 7.9435515 7.946974 7.9503965 7.9525414 7.9449461 7.9395616 7.9392777 7.9374766 7.9340887 7.9307009 7.927313 7.9266621 7.9333467 7.9400314 7.946716 7.9523504 7.9506268 7.9518337 7.9586895 7.9600233 7.9569869 7.9539506 7.9509142 7.9458411 7.937854 7.9283976 7.9181787 7.9079597 7.8977407 7.8929671 7.8921082 7.8912492 7.8903903 7.8888989 7.886941 7.8938793 7.9007688 7.8993288 7.8978889 7.8964489 7.8931029 7.8831544 7.8781867 7.877612 7.8770373 7.8764625
-9999 7.9179837 7.9164616 7.9149395 7.9134175 7.9118954 7.9103734 7.9115273 7.9145293 7.9174983 7.9204672 7.9234361 7.926405 7.929525 7.9329475 7.93637 7.9397925 7.9432151 7.9466376 7.9436269 7.9407971 7.9374092 7.9340214 7.9306335 7.9272457 7.9265947 7.9332794 7.939964 7.9466487 7.9533333 7.960018 7.9627746 7.9610495 7.9580132 7.9549768 7.9519405 7.9489041 7.943831 7.933734 7.923515 7.913296 7.9030771 7.8928581 7.8880845 7.8872256 7.8863666 7.8855077 7.8846487 7.8834483 7.8863943 7.8849544 7.8835144 7.8820744 7.8806345 7.8772884 7.8745953 7.8740205 7.8734458 7.872871 7.8722963
-9999 7.9138364 7.9123143 7.9107923 7.9092702 7.9077481 7.9052945 7.9043323 7.9072223 7.9101912 7.9131601 7.9161291 7.919098 7.9204446 7.9210157 7.9244382 7.9278607 7.9312832 7.9347057 7.9360688 7.932681 7.9292931 7.9259053 7.9225174 7.9195666 7.9196886 7.9231673 7.9298519 7.9365366 7.9432212 7.9499059 7.9532702 7.9502338 7.9471975 7.9441611 7.9411248 7.937995 7.9349958 7.9281066 7.9178876 7.9076686 7.8974496 7.8872307 7.8833643 7.8828848 7.8820259 7.8811669 7.880308 7.8794491 7.8787615 7.8773216 7.8758816 7.8744416 7.8730017 7.8724874 7.8738289 7.8732542 7.8726795 7.8721047 7.87153
-9999 7.9123762 7.9108541 7.9093321 7.90781 7.9043252 7.9001203 7.8991581 7.9019385 7.904756 7.9077249 7.9106938 7.9136628 7.9150093 7.913107 7.9117523 7.9151749 7.9185974 7.9220199 7.923383 7.9199952 7.9166073 7.9132195 7.9113954 7.9111229 7.911245 7.9124244 7.9140369 7.9207215 7.9274062 7.9340908 7.9374551 7.9344188 7.9313824 7.9283461 7.925097 7.9217087 7.9187096 7.916267 7.9118373 7.9016183 7.8913994 7.8811804 7.877314 7.8780145 7.8779928 7.8771339 7.8762749 7.875416 7.874763 7.8741456 7.8728939 7.871454 7.870014 7.8694997 7.8721917 7.8744181 7.8738434 7.8732687 7.8726939
-9999 7.910916 7.9093939 7.9075608 7.9033559 7.899151 7.894946 7.8939839 7.8967643 7.8995446 7.902325 7.9052586 7.9082275 7.9095741 7.9076718 7.9057695 7.9038673 7.9059116 7.9093341 7.9106972 7.9073094 7.9039215 7.9032241 7.9029517 7.9026793 7.9028013 7.9039807 7.9051601 7.9063395 7.9115912 7.9182758 7.9216401 7.9186037 7.9155674 7.912199 7.9088107 7.9054225 7.9024233 7.8999808 7.8975383 7.8950957 7.8853491 7.8751301 7.8712637 7.8719642 7.8726646 7.8731008 7.8722419 7.8713829 7.8707299 7.8701126 7.8694952 7.8684663 7.8670264 7.866512 7.869204 7.871896 7.8745879 7.8744326 7.8738579
-9999 7.9094558 7.9065914 7.9023865 7.8981816 7.8939767 7.8897718 7.8888097 7.8915901 7.8943704 7.8971508 7.8999312 7.9027923 7.9041389 7.9022366 7.9003343 7.898432 7.8965298 7.8966482 7.8980114 7.8953254 7.8950529 7.8947805 7.894508 7.8942356 7.8943576 7.895537 7.8967164 7.8978958 7.8990752 7.9024608 7.905825 7.9026893 7.899301 7.8959127 7.8925245 7.8891362 7.886137 7.8836945 7.881252 7.8788095 7.8763669 7.8690798 7.8652135 7.8659139 7.8666144 7.8673148 7.8680153 7.8673498 7.8666969 7.8660795 7.8654621 7.8648447 7.8640387 7.8635244 7.8662163 7.8689083 7.8716002 7.8742922 7.8750218
-9999 7.9062359 7.902031 7.897826 7.8936211 7.8894162 7.8852113 7.8843196 7.8871 7.8898804 7.8926608 7.8954411 7.8982215 7.8994024 7.8975002 7.8955979 7.8936956 7.8917933 7.889891 7.8884816 7.8882092 7.8879367 7.8876643 7.8873918 7.8871194 7.8871386 7.8883013 7.8894807 7.8906601 7.8918395 7.8930189 7.8926381 7.8892498 7.8858615 7.8824733 7.879085 7.8756967 7.8749471 7.8725046 7.8700621 7.8676196 7.865177 7.8627345 7.8615498 7.8622503 7.8629507 7.8636512 7.8643516 7.8650521 7.8636862 7.8630688 7.8624514 7.861834 7.8612167 7.8621045 7.8649381 7.8676301 7.8703221 7.873014 7.875706
-9999 7.9039985 7.8997936 7.8955887 7.8913838 7.8874503 7.8852137 7.8845054 7.885561 7.8879801 7.8907605 7.8935409 7.8963213 7.8974954 7.8954528 7.8935066 7.8916043 7.889702 7.8877998 7.8863903 7.8861179 7.8858454 7.885573 7.8853006 7.886504 7.8872366 7.8863536 7.8868173 7.8879966 7.889176 7.8903554 7.8899747 7.8865864 7.8831981 7.8798098 7.8765037 7.8758366 7.876665 7.8796327 7.8781637 7.8757212 7.8732786 7.8708361 7.8689939 7.8676209 7.8683214 7.8690218 7.8697223 7.8704227 7.8669729 7.8639282 7.8633108 7.8626934 7.862076 7.8629638 7.8690655 7.8728228 7.8755148 7.8782067 7.8808987
-9999 7.9017611 7.8975562 7.8933513 7.8901744 7.8879378 7.8857011 7.8849929 7.8860485 7.887104 7.8888603 7.8916406 7.894421 7.8955951 7.8935526 7.89151 7.8895131 7.8876108 7.8857085 7.8842991 7.8840266 7.8837542 7.8839313 7.8852666 7.886602 7.8873345 7.8864516 7.8855687 7.8853332 7.8865126 7.887692 7.8873112 7.883923 7.8805347 7.878151 7.8774839 7.8768168 7.8776451 7.8806129 7.8835806 7.8838227 7.8813802 7.8789377 7.8770955 7.8756848 7.8742741 7.8743925 7.8750929 7.8757934 7.8723436 7.8681765 7.8641701 7.8635528 7.8629354 7.8638232 7.8699249 7.8760265 7.8807075 7.8833995 7.8860914
-9999 7.8995238 7.8953189 7.8928984 7.8906618 7.8884252 7.8861886 7.8854803 7.8865359 7.8875915 7.8886471 7.8897404 7.8925208 7.8936949 7.8916523 7.8896097 7.8875672 7.8855246 7.8836172 7.8822078 7.8819353 7.8826939 7.8840293 7.8853646 7.8867 7.8874325 7.8865496 7.8856667 7.8847837 7.8839008 7.8850286 7.8846478 7.8812595 7.8797982 7.8791311 7.878464 7.8777969 7.8786253 7.881593 7.8845608 7.8875286 7.8894818 7.8870393 7.8851971 7.8837864 7.8823757 7.880965 7.8804636 7.8811641 7.8777142 7.8735471 7.86938 7.865213 7.8637947 7.8646826 7.8707842 7.8768859 7.8829876 7.8885922 7.8912842
-9999 7.8978591 7.8956225 7.8933859 7.8911493 7.8889127 7.8866761 7.8859678 7.8870234 7.888079 7.8891346 7.8901902 7.8912458 7.8917946 7.8897521 7.8877095 7.8856669 7.8836244 7.8815818 7.8801212 7.8814566 7.8827919 7.8841273 7.8854626 7.8867979 7.8875305 7.8866476 7.8857646 7.8848817 7.8839988 7.8831158 7.8821126 7.8814455 7.8807784 7.8801113 7.8794442 7.8787771 7.8796054 7.8825732 7.885541 7.8885087 7.8914765 7.8944442 7.8932987 7.891888 7.8904773 7.8890666 7.8876559 7.8865347 7.8830849 7.8789178 7.8747507 7.8705836 7.8664165 7.8655419 7.8716436 7.8777453 7.8838469 7.8899486 7.8960503
-9999 7.8948696 7.892633 7.8903964 7.8881598 7.8859232 7.8858352 7.886779 7.8873235 7.8883791 7.8894346 7.8904902 7.8915458 7.8912244 7.8884004 7.8863578 7.8843153 7.8822727 7.8802301 7.879209 7.8805443 7.8818797 7.883215 7.8845504 7.8863479 7.8879206 7.8867495 7.8858666 7.8849836 7.8841007 7.8832177 7.8824085 7.8817414 7.8810743 7.8804072 7.8797401 7.8797074 7.8802467 7.8815572 7.884525 7.8874927 7.8904605 7.8934283 7.8957474 7.8958079 7.8943972 7.8929865 7.8915758 7.8901652 7.8879407 7.8840652 7.8798982 7.8757311 7.871564 7.8685898 7.8707838 7.8768855 7.8829871 7.8890888 7.8951905
