P2_models/J1_p2_tot_conduct_slide_300.dat.tif
NCOLS 118
NROWS 92
XLLCORNER 139.62
YLLCORNER -39.07
DX 0.099491525
DY 0.099347826
NODATA_VALUE -9999
[rows 52 to 77 of 92, columns 0 to 57 of 118]
-1.7968979 -1.8578852 -1.8927073 -1.9237866 -1.9522127 -1.9600717 -1.9451479 -1.923956 -1.8955299 -1.8701183 -1.85022 -1.8208343 -1.7760631 -1.7329487 -1.6931521 -1.6604358 -1.6455121 -1.6321435 -1.6221943 -1.6197663 -1.6346901 -1.6481604 -1.6581096 -1.6736689 -1.7035163 -1.7356648 -1.7704868 -1.7997539 -1.809703 -1.8229981 -1.8387073 -1.8550975 -1.8700212 -1.895779 -1.9376702 -1.963996 -1.9689706 -1.9728478 -1.9728478 -1.9317632 -1.8479809 -1.8060087 -1.7960596 -1.7867551 -1.7762823 -1.7834054 -1.7991146 -1.7838372 -1.7576553 -1.7314733 -1.7046409 -1.6830976 -1.6615313 -1.6504767 -1.6442447 -1.6547175 -1.6651903 -1.675663
-1.8210229 -1.8790484 -1.911513 -1.9425923 -1.9710184 -1.9788774 -1.9639536 -1.9449611 -1.9196549 -1.8977602 -1.8849836 -1.8565471 -1.8117759 -1.7703183 -1.7341842 -1.7040232 -1.6928128 -1.6794442 -1.669495 -1.6655628 -1.6766715 -1.6901418 -1.6983437 -1.7089285 -1.7348592 -1.7620032 -1.7849225 -1.8119394 -1.8178701 -1.8279509 -1.8396566 -1.8533983 -1.8647019 -1.8885612 -1.9281616 -1.9493614 -1.9511142 -1.9518878 -1.9487228 -1.9066889 -1.8229066 -1.7857779 -1.7782031 -1.764903 -1.7521573 -1.7592804 -1.7749896 -1.7627549 -1.7379003 -1.7117183 -1.6855363 -1.6692295 -1.6489942 -1.6379396 -1.6317075 -1.6421803 -1.6526531 -1.6631259
-1.8772458 -1.9417929 -1.9716404 -2.0006561 -2.0290823 -2.0190064 -2.0040827 -1.9834598 -1.9597713 -1.9197439 -1.9097948 -1.8878922 -1.843121 -1.8065547 -1.7717327 -1.7417284 -1.7317303 -1.7233362 -1.7134624 -1.708026 -1.7178489 -1.7263447 -1.7313193 -1.7439902 -1.7684073 -1.7905768 -1.8101964 -1.8235905 -1.8279059 -1.8329462 -1.8431044 -1.8501374 -1.8600866 -1.8788845 -1.9155393 -1.928587 -1.928587 -1.9264326 -1.9211962 -1.8847052 -1.8009229 -1.7621638 -1.7571892 -1.7476 -1.7318908 -1.7372967 -1.7530059 -1.7407712 -1.7198257 -1.6960457 -1.6698638 -1.6600786 -1.6447077 -1.6350999 -1.6288679 -1.6393407 -1.6351395 -1.6456123
-2.0283857 -2.099452 -2.1491977 -2.168196 -2.1445075 -2.1249775 -2.1100537 -2.0888618 -2.0604357 -2.0174272 -1.9428086 -1.9011386 -1.8662391 -1.8330738 -1.8032264 -1.7748444 -1.7549461 -1.7432058 -1.7382312 -1.7345187 -1.7394933 -1.7462143 -1.7652336 -1.7837294 -1.7986531 -1.8170696 -1.8319933 -1.84346 -1.8384854 -1.8395694 -1.8448058 -1.85 -1.85 -1.8656382 -1.8813926 -1.8883808 -1.8834062 -1.8800703 -1.8748339 -1.8433263 -1.785726 -1.7476029 -1.7376538 -1.7291464 -1.7186444 -1.7240503 -1.7397595 -1.7275249 -1.7065793 -1.6856337 -1.6632406 -1.6666839 -1.6645773 -1.6590499 -1.6553606 -1.6658334 -1.6614935 -1.6248388
-2.0807117 -2.1640027 -2.2109352 -2.2156453 -2.1943437 -2.1773035 -2.1623798 -2.1433873 -2.1176386 -2.0728838 -1.9982651 -1.9373075 -1.9040445 -1.874197 -1.8458577 -1.8225908 -1.8026925 -1.7874594 -1.7810784 -1.7756419 -1.7792609 -1.7850744 -1.803668 -1.8185917 -1.8322615 -1.8408589 -1.8487324 -1.8584528 -1.8511737 -1.8413158 -1.8436942 -1.8402464 -1.8386958 -1.8405747 -1.8525874 -1.8535185 -1.8465951 -1.8385848 -1.8310809 -1.796964 -1.742104 -1.7148493 -1.7076965 -1.6995232 -1.6890504 -1.6961735 -1.7118827 -1.6996481 -1.6869128 -1.6675105 -1.6557209 -1.6600607 -1.6698164 -1.6642891 -1.6623461 -1.6728189 -1.668479 -1.6318243
-2.1108277 -2.1911568 -2.235928 -2.2434104 -2.2244596 -2.2089195 -2.1939958 -2.1765032 -2.1528148 -2.1126229 -2.0380042 -1.9787542 -1.9489068 -1.9222161 -1.8973432 -1.8725763 -1.852678 -1.8373898 -1.8274407 -1.819 -1.819 -1.8233602 -1.8382839 -1.8475 -1.8572542 -1.8631483 -1.8678263 -1.8662966 -1.8511737 -1.8360526 -1.8304478 -1.8223008 -1.8173263 -1.8157351 -1.8209715 -1.8153051 -1.8053559 -1.7936913 -1.7832186 -1.7532288 -1.7008649 -1.6765551 -1.6715805 -1.6649072 -1.6544344 -1.6630575 -1.6787667 -1.6775161 -1.6670433 -1.6580705 -1.6475977 -1.6598751 -1.6701836 -1.6672891 -1.6653461 -1.6758189 -1.668479 -1.6318243
-2.1306972 -2.2110263 -2.2557975 -2.26328 -2.2443292 -2.2296492 -2.2197001 -2.2036953 -2.1847446 -2.1459973 -2.0763532 -2.0184934 -1.9934513 -1.9685784 -1.9437055 -1.9188327 -1.8939598 -1.877184 -1.8722095 -1.8653581 -1.8603835 -1.8630993 -1.8734719 -1.8806159 -1.8806159 -1.8830179 -1.8780433 -1.8729198 -1.8530215 -1.8360526 -1.8203434 -1.8086562 -1.7937324 -1.7892423 -1.7842894 -1.7749685 -1.7600448 -1.7466747 -1.7309655 -1.7013704 -1.6542429 -1.6301928 -1.6252182 -1.6200913 -1.6146953 -1.6253376 -1.6456508 -1.6493841 -1.6471737 -1.6411657 -1.6343513 -1.6535038 -1.6701836 -1.6757109 -1.6785925 -1.6890653 -1.6814337 -1.6343061
-2.1315813 -2.2059867 -2.2471888 -2.2546713 -2.2515158 -2.2566253 -2.2490624 -2.2371338 -2.2207301 -2.1680333 -2.0714982 -2.0172227 -1.9937784 -1.9755369 -1.9568432 -1.9335763 -1.9118438 -1.8916362 -1.8834703 -1.8769915 -1.8687748 -1.8681604 -1.8757609 -1.8729558 -1.8662681 -1.8635647 -1.8551955 -1.858026 -1.8691374 -1.848976 -1.8298362 -1.810997 -1.7899788 -1.7782649 -1.7730285 -1.7595127 -1.7392911 -1.7197356 -1.6988423 -1.6699975 -1.6249892 -1.602816 -1.5978414 -1.5988073 -1.5969708 -1.602292 -1.6207832 -1.6337448 -1.6352536 -1.6441832 -1.6397916 -1.6402575 -1.6606909 -1.6662182 -1.6740264 -1.6880725 -1.6985453 -1.6855235
-2.1296141 -2.2021026 -2.2369246 -2.2610563 -2.2752694 -2.2790094 -2.2740348 -2.2675106 -2.2532976 -2.2036638 -2.0892485 -2.0059086 -1.9860103 -1.9691384 -1.9542146 -1.937685 -1.9177867 -1.9009985 -1.8910494 -1.8811002 -1.8711511 -1.8641087 -1.8641087 -1.859934 -1.8499849 -1.8373145 -1.8273475 -1.8265042 -1.8513771 -1.8633673 -1.8424217 -1.8173955 -1.7925227 -1.7714171 -1.7661807 -1.7499258 -1.7250529 -1.6969023 -1.6707203 -1.636657 -1.5947658 -1.5760986 -1.571124 -1.574829 -1.5800654 -1.588821 -1.5996692 -1.6138752 -1.6255439 -1.63756 -1.6491035 -1.65 -1.6529227 -1.6584501 -1.6676279 -1.6833371 -1.6974004 -1.7078732
-2.1362373 -2.2096804 -2.249477 -2.2735375 -2.2830129 -2.2859855 -2.2859855 -2.2815868 -2.2721114 -2.2235333 -2.1043923 -2.019155 -2.0039317 -1.9890079 -1.9740842 -1.9575545 -1.9376562 -1.9208681 -1.9109189 -1.9009698 -1.8910206 -1.8839783 -1.8795575 -1.8731804 -1.8588614 -1.8439377 -1.8290139 -1.8265042 -1.8471089 -1.8567441 -1.8267086 -1.797526 -1.7633201 -1.7383012 -1.7231364 -1.703383 -1.668561 -1.6372936 -1.6111116 -1.5776681 -1.5410134 -1.5240507 -1.5240507 -1.5301435 -1.5403263 -1.5536176 -1.5797996 -1.5979751 -1.6189207 -1.6333943 -1.6491035 -1.6558606 -1.6661691 -1.6754001 -1.6874974 -1.7032066 -1.71727 -1.7277428
-2.1428605 -2.2183109 -2.2581075 -2.2801607 -2.2896361 -2.2946159 -2.2946159 -2.2902172 -2.2807419 -2.2324126 -2.1130227 -2.0294931 -2.0158675 -2.0042615 -1.9893378 -1.9728082 -1.9529099 -1.9345666 -1.9215566 -1.9116075 -1.9016583 -1.8931626 -1.888188 -1.8804083 -1.8654846 -1.8492092 -1.8310212 -1.8252034 -1.8451017 -1.8494737 -1.811455 -1.7771749 -1.7394361 -1.710947 -1.692063 -1.6601406 -1.6228001 -1.5893784 -1.5607348 -1.5319257 -1.4972597 -1.4881942 -1.4915362 -1.5006754 -1.5127177 -1.5372672 -1.564546 -1.5947199 -1.6169135 -1.6423238 -1.6583354 -1.6737229 -1.6843987 -1.6998856 -1.7119829 -1.7276921 -1.7417555 -1.7522283
-2.1383315 -2.2137819 -2.2535785 -2.2731535 -2.2826289 -2.281413 -2.281413 -2.2782535 -2.2687781 -2.2204488 -2.101059 -2.0539326 -2.0439834 -2.0311384 -2.0162146 -1.9934893 -1.973591 -1.9552478 -1.9403241 -1.9281437 -1.9181945 -1.9084597 -1.9034851 -1.9043793 -1.8894556 -1.871941 -1.8520427 -1.8425512 -1.8624495 -1.8469954 -1.8051043 -1.7639285 -1.7241319 -1.6888464 -1.6626645 -1.6220682 -1.5822716 -1.5459219 -1.5145035 -1.4843242 -1.4529059 -1.448455 -1.4584042 -1.4717044 -1.4874136 -1.5136803 -1.5450987 -1.5740388 -1.6054572 -1.6324108 -1.6585928 -1.6748996 -1.7030291 -1.719611 -1.7372366 -1.7529458 -1.7670091 -1.7774819
-2.085346 -2.159148 -2.1889955 -2.203748 -2.189535 -2.1820652 -2.1820652 -2.1798659 -2.1751282 -2.1277241 -2.1370047 -2.1466572 -2.1321635 -2.1172398 -2.0978224 -2.0715004 -2.0317038 -2.0082333 -1.9977015 -1.9877524 -1.9734621 -1.9614452 -1.9865026 -2.0037272 -1.9888034 -1.9711763 -1.9463034 -1.9352759 -1.8889703 -1.833749 -1.7918579 -1.7506821 -1.7108855 -1.6756001 -1.6155817 -1.5624595 -1.5226629 -1.4863298 -1.4601478 -1.4323176 -1.411372 -1.4079087 -1.4128833 -1.4271493 -1.4476744 -1.4711782 -1.4921238 -1.5210533 -1.5524717 -1.5794253 -1.6056072 -1.6499129 -1.7162755 -1.7364306 -1.7571061 -1.7728153 -1.7868787 -1.8210743
-2.0739952 -2.1377712 -2.1676186 -2.1716828 -2.1574697 -2.15 -2.15 -2.1478006 -2.143063 -2.1470339 -2.1669322 -2.1748771 -2.1599534 -2.1433729 -2.1234746 -2.0971525 -2.0573559 -2.0268898 -2.0169407 -2.0054873 -1.9905636 -1.9887203 -2.0185678 -2.0357924 -2.0208686 -2.0032415 -1.9783686 -1.9443898 -1.8846949 -1.8307895 -1.792068 -1.7491931 -1.7066102 -1.6591793 -1.5963426 -1.5453178 -1.5079092 -1.4737139 -1.4475319 -1.423977 -1.4030314 -1.3974304 -1.402405 -1.4197174 -1.4421021 -1.4630477 -1.4839933 -1.5129228 -1.5443412 -1.5757596 -1.6019623 -1.6721303 -1.7386765 -1.7607857 -1.7826343 -1.8016559 -1.8239485 -1.8606033
-2.0770207 -2.1377712 -2.1676186 -2.1716828 -2.1574697 -2.15 -2.15 -2.1478006 -2.143063 -2.1470339 -2.1669322 -2.1748771 -2.1599534 -2.1433729 -2.1234746 -2.0971525 -2.0573559 -2.0257811 -2.015832 -2.0043786 -1.9894549 -1.9876116 -2.0174591 -2.0357924 -2.0208686 -2.0043502 -1.9794773 -1.9466072 -1.8869123 -1.8330069 -1.7963521 -1.7580337 -1.7132625 -1.6625054 -1.5996686 -1.5497526 -1.5149305 -1.4836632 -1.4574812 -1.4339263 -1.4129807 -1.4073797 -1.4123543 -1.4296667 -1.4558487 -1.4774028 -1.4983484 -1.5283866 -1.559805 -1.5901147 -1.621533 -1.6935606 -1.7651692 -1.7872785 -1.809127 -1.8300726 -1.8559557 -1.8926105
-2.0836439 -2.1425412 -2.1676186 -2.1716828 -2.1574697 -2.15 -2.15 -2.1478006 -2.143063 -2.1470339 -2.1669322 -2.1748771 -2.1599534 -2.1433729 -2.1234746 -2.0971525 -2.0573559 -2.0253347 -2.010411 -1.9977554 -1.9828317 -1.9809885 -2.0149958 -2.0357924 -2.0208686 -2.0045932 -1.9846949 -1.9534226 -1.8987022 -1.8462532 -1.8095985 -1.7718705 -1.7320739 -1.682375 -1.6242415 -1.5762453 -1.5414233 -1.5101559 -1.4839739 -1.4604191 -1.4394735 -1.4338725 -1.438847 -1.4561595 -1.4823415 -1.5014851 -1.518218 -1.5511395 -1.5862977 -1.6132514 -1.6414026 -1.717259 -1.791662 -1.8137712 -1.8356198 -1.8565654 -1.8824485 -1.9191033
-2.0554265 -2.1143238 -2.1369052 -2.1368422 -2.1767188 -2.2414565 -2.2397667 -2.2327027 -2.2258093 -2.2297803 -2.2148586 -2.1182612 -2.1043747 -2.091112 -2.0712137 -2.0545273 -2.0312255 -1.9992043 -1.9842806 -1.9693569 -1.955267 -1.9583984 -1.9861731 -1.9748214 -1.9606298 -1.949329 -1.932434 -1.9034298 -1.8512315 -1.8159489 -1.7811086 -1.7502763 -1.7135661 -1.6778491 -1.6374936 -1.6288685 -1.5940465 -1.5627791 -1.5383429 -1.5173973 -1.4942332 -1.4864956 -1.4937448 -1.5100913 -1.5349646 -1.5541083 -1.5791494 -1.6145597 -1.6512145 -1.6789398 -1.7132342 -1.7893894 -1.8268649 -1.8489741 -1.8708227 -1.8910037 -1.9132963 -1.961087
-2.0235795 -2.0718475 -2.0917458 -2.1720823 -2.2952623 -2.3576398 -2.3526653 -2.3456013 -2.3361259 -2.2807627 -2.1414746 -2.0465847 -2.0366356 -2.0233729 -2.0034746 -1.9858099 -1.9758607 -1.9643565 -1.9494328 -1.9360133 -1.9260641 -1.916115 -1.9061658 -1.8971949 -1.8872458 -1.8769232 -1.8619994 -1.8428506 -1.8080286 -1.7773341 -1.7511521 -1.7263955 -1.7015227 -1.6883614 -1.6988342 -1.6941221 -1.6593001 -1.630187 -1.6092415 -1.5856688 -1.5594868 -1.5537159 -1.5636651 -1.5790334 -1.599979 -1.6269846 -1.658403 -1.6918568 -1.7285116 -1.7641881 -1.8008429 -1.8325601 -1.8636692 -1.8857785 -1.906454 -1.9221632 -1.9592684 -2.0430508
-2.0235795 -2.0718475 -2.0917458 -2.1720823 -2.2952623 -2.3576398 -2.3526653 -2.3456013 -2.3361259 -2.2807627 -2.1414746 -2.0465847 -2.0323519 -2.0174282 -2.0025045 -1.9851822 -1.9702585 -1.9577333 -1.9428096 -1.9293901 -1.9194409 -1.9094918 -1.8995426 -1.890996 -1.8860214 -1.8772966 -1.8673475 -1.8497964 -1.8199489 -1.7912555 -1.7755463 -1.7536092 -1.7337109 -1.7214774 -1.741096 -1.7427229 -1.71785 -1.6897957 -1.6688502 -1.6452775 -1.6190955 -1.611358 -1.6166506 -1.6299508 -1.6463413 -1.670806 -1.6981421 -1.7255686 -1.7550044 -1.7871944 -1.8207125 -1.8524297 -1.8835388 -1.905648 -1.9263235 -1.9420327 -1.979138 -2.0629203
-2.0319396 -2.073412 -2.0917458 -2.1720823 -2.2952623 -2.3576398 -2.3526653 -2.3456013 -2.3361259 -2.2807627 -2.1414746 -2.0448771 -2.0299534 -2.0133729 -1.9955795 -1.9822617 -1.9702585 -1.9537797 -1.9358846 -1.9224651 -1.912516 -1.9025668 -1.893572 -1.8885975 -1.8836229 -1.8786483 -1.8718739 -1.8580222 -1.8314003 -1.8064212 -1.7939226 -1.7784817 -1.7614107 -1.7550458 -1.7819828 -1.7957239 -1.770851 -1.7497482 -1.7311747 -1.7023477 -1.6723672 -1.6646297 -1.6696043 -1.6777776 -1.6920067 -1.7077159 -1.7318835 -1.7580654 -1.7842474 -1.8104294 -1.8417862 -1.8641517 -1.8952609 -1.9173701 -1.9380456 -1.9537548 -1.9925059 -2.0791688
-2.0363011 -2.0758566 -2.0907803 -2.1690533 -2.2922333 -2.3106906 -2.305716 -2.3001665 -2.2906911 -2.2353279 -2.0960398 -2.069109 -2.0541853 -2.0345758 -2.0146775 -1.9767881 -1.966839 -1.9537797 -1.9338814 -1.9169915 -1.9070424 -1.8985466 -1.893572 -1.884054 -1.8790794 -1.8756193 -1.8706447 -1.8604668 -1.8355939 -1.8264554 -1.8159826 -1.805504 -1.7905803 -1.7959964 -1.8378876 -1.8349692 -1.8100964 -1.7920225 -1.7763133 -1.7516102 -1.7149554 -1.7196043 -1.7245789 -1.7297232 -1.740196 -1.754188 -1.769087 -1.7890468 -1.8144859 -1.8398963 -1.8648626 -1.8858082 -1.9128504 -1.9349596 -1.9556351 -1.9713443 -2.0100954 -2.0991142
-2.0232184 -2.0626102 -2.077534 -2.1294147 -2.1152016 -2.1053717 -2.1003971 -2.0955325 -2.0907948 -2.0366323 -2.1213978 -2.17508 -2.1505165 -2.1273004 -2.1026331 -2.0617009 -1.9870822 -1.9537797 -1.9338814 -1.9169915 -1.9070424 -1.8985466 -1.8798751 -1.8641844 -1.8637246 -1.8623729 -1.8573984 -1.8472204 -1.8576524 -1.8661945 -1.8604116 -1.8518663 -1.841754 -1.8489819 -1.8346726 -1.8155699 -1.8006462 -1.7856913 -1.7752186 -1.760023 -1.7809686 -1.7902942 -1.7853196 -1.7893319 -1.7998047 -1.8088261 -1.8088261 -1.8266563 -1.8476019 -1.8704098 -1.8913554 -1.9246019 -1.9658359 -1.9879451 -2.0086206 -2.0243298 -2.0630809 -2.0667609
-2.0298416 -2.0606846 -2.0738093 -2.0716828 -2.0574697 -2.05 -2.0474261 -2.0425615 -2.0378238 -2.0646549 -2.1511949 -2.2014619 -2.1780321 -2.156477 -2.1316041 -2.089066 -2.0112924 -1.9553347 -1.9386422 -1.9217524 -1.9118032 -1.8989473 -1.879049 -1.8647609 -1.8647609 -1.8647609 -1.8631955 -1.8647251 -1.8831089 -1.8929668 -1.8877304 -1.8825835 -1.875696 -1.8638383 -1.8481291 -1.8348486 -1.8225882 -1.8073414 -1.794262 -1.8021791 -1.8252584 -1.8308594 -1.8258849 -1.8238043 -1.8308482 -1.8307634 -1.8295217 -1.8414977 -1.8616743 -1.8781552 -1.8988046 -1.9347396 -1.97579 -1.993322 -2.0139974 -2.0297066 -2.0421241 -2.0452391
-2.0369976 -2.0674066 -2.0773558 -2.0731657 -2.0589527 -2.05 -2.05 -2.0478006 -2.043063 -2.071377 -2.1559448 -2.2046524 -2.1847541 -2.1646819 -2.1398091 -2.0972709 -2.0176777 -1.9583006 -1.9433769 -1.9299574 -1.9200082 -1.9071523 -1.887254 -1.8729658 -1.8729658 -1.8729658 -1.8729658 -1.8781692 -1.8980675 -1.91165 -1.9064137 -1.9012667 -1.8962921 -1.8877607 -1.8720515 -1.8602538 -1.8503047 -1.8379858 -1.8222766 -1.8275844 -1.8537663 -1.8600209 -1.8550463 -1.8514829 -1.8514829 -1.8464808 -1.8412444 -1.850493 -1.8662022 -1.8804285 -1.8961376 -1.9315971 -1.967585 -1.9841669 -2.0005533 -2.0162625 -2.02868 -2.0339164
-2.0374936 -2.0688856 -2.0838093 -2.0789104 -2.0599596 -2.05 -2.05 -2.0478006 -2.043063 -2.0716525 -2.1611949 -2.2120355 -2.1971118 -2.1788745 -2.1540016 -2.1114635 -2.0318702 -1.9724931 -1.9575694 -1.9441499 -1.9342008 -1.9213448 -1.9014465 -1.8871584 -1.8871584 -1.8871584 -1.8871584 -1.8923618 -1.9122601 -1.9258426 -1.9206062 -1.9154592 -1.9104847 -1.9022675 -1.8917947 -1.8815427 -1.8715935 -1.8592746 -1.8435654 -1.8488732 -1.8750552 -1.8798477 -1.8698986 -1.864112 -1.8588756 -1.8515408 -1.8412444 -1.8479839 -1.8591059 -1.8703503 -1.8819451 -1.9174045 -1.9533925 -1.9699744 -1.9863608 -2.00207 -2.0144875 -2.0197239
-2.0971826 -2.1271537 -2.1420774 -2.1371785 -2.1378781 -2.1453478 -2.1453478 -2.1431485 -2.1384108 -2.1019368 -2.06055 -2.1142322 -2.1012878 -2.0913386 -2.0773867 -2.071785 -2.0770887 -2.0192666 -2.0080849 -1.9946654 -1.9847163 -1.9718604 -1.9674877 -1.9853478 -1.9853478 -1.9839961 -1.9800507 -1.9878558 -2.0157466 -2.0293291 -2.0240927 -2.0189458 -2.0139712 -2.0071748 -1.9989706 -1.9875522 -1.9712038 -1.9567305 -1.9378786 -1.8853897 -1.8528321 -1.8546797 -1.8423784 -1.835171 -1.8299346 -1.8176599 -1.8054091 -1.8029203 -1.8107828 -1.8212556 -1.8317284 -1.8767641 -1.9134711 -1.9300531 -1.9464395 -1.9621487 -1.9795037 -1.9956938
