P2_models/J1_p2_vp_slide_diff_5.dat.tif
NCOLS 118
NROWS 92
XLLCORNER 139.62
YLLCORNER -39.07
DX 0.099491525
DY 0.099347826
NODATA_VALUE -9999
[rows 27 to 53 of 92, columns 0 to 59 of 118]
-9999 6.1901729 6.1857692 6.1823035 6.1844238 6.1865441 6.1886644 6.1891947 6.1878899 6.1865851 6.1852803 6.1791122 6.1716096 6.1639548 6.1559955 6.1480362 6.1400769 6.1388643 6.1403567 6.1407459 6.1385903 6.1364346 6.1469844 6.1590892 6.171194 6.1770772 6.1662849 6.1554926 6.1447003 6.1419614 6.1424673 6.1396325 6.1303579 6.1210832 6.1199899 6.1191468 6.1183036 6.1144199 6.1061861 6.0979523 6.0897185 6.0879046 6.0867039 6.0898573 6.096141 6.1024247 6.1088586 6.1161896 6.1235205 6.1377799 6.1532366 6.1686933 6.1837283 6.1982967 6.2112333 6.2185175 6.2258017 6.2330859 6.2385664 6.2437186
-9999 6.1823519 6.1808173 6.1829376 6.1850579 6.1871782 6.1892985 6.1898288 6.188524 6.1872192 6.1859144 6.1846096 6.1802761 6.1726214 6.164662 6.1567027 6.1487434 6.1407841 6.1369746 6.1373639 6.1375713 6.1496761 6.1617809 6.1738857 6.1859905 6.1918737 6.1810814 6.1702891 6.1594968 6.1487045 6.1431015 6.1402666 6.1328793 6.1320361 6.131193 6.1303498 6.1295067 6.1256229 6.1173891 6.1091554 6.1009216 6.0926878 6.0892404 6.0923939 6.0986775 6.1049612 6.1112449 6.1175286 6.1247888 6.1390481 6.1545048 6.1699616 6.1854183 6.2006219 6.2135585 6.2208427 6.2281269 6.2354111 6.2426953 6.2485803
-9999 6.1787358 6.1808561 6.1829765 6.1850968 6.1872171 6.1893374 6.1887 6.1873952 6.1860904 6.1847856 6.1834808 6.182176 6.1809673 6.173008 6.1650487 6.1570894 6.14913 6.1411707 6.1392785 6.1513833 6.1634881 6.1755929 6.1876977 6.1998025 6.2068305 6.1960382 6.1852459 6.1744536 6.1636613 6.152869 6.145475 6.1446318 6.1437887 6.1429455 6.1421024 6.1412592 6.1370778 6.128844 6.1206103 6.1123765 6.1041427 6.0959089 6.0957318 6.1020154 6.1082991 6.1145828 6.1208665 6.1271501 6.1396753 6.155132 6.1705888 6.1860455 6.2015022 6.2147389 6.2220231 6.2293073 6.2365915 6.2438757 6.2511599
-9999 6.1738741 6.1759944 6.1781148 6.1802351 6.1823554 6.1778657 6.1740094 6.1717532 6.1704484 6.1691436 6.1678388 6.166534 6.1685907 6.1773791 6.1707559 6.1627966 6.1548373 6.1468779 6.1449857 6.1570905 6.1691953 6.1813001 6.1934049 6.1983585 6.2018113 6.2100742 6.201522 6.1907297 6.1799374 6.1691451 6.1617511 6.1609079 6.1600648 6.1592216 6.1583785 6.1545649 6.1491327 6.1423723 6.1341385 6.1259047 6.1176709 6.1094371 6.1079229 6.1119502 6.1182339 6.1245176 6.1308012 6.1370849 6.1407376 6.1504817 6.1659384 6.1813952 6.1968519 6.2098012 6.2140651 6.2210635 6.2283477 6.2356319 6.2429161
-9999 6.1690124 6.1711327 6.1732531 6.1739304 6.1687112 6.163492 6.1596356 6.1573522 6.1550688 6.1535016 6.1521968 6.150892 6.1529487 6.1617371 6.1705256 6.1685038 6.1605445 6.1525852 6.1506929 6.1627977 6.1749025 6.1870073 6.1890907 6.1907489 6.1942017 6.2024646 6.2107274 6.2070058 6.1962135 6.1854212 6.1780272 6.1771841 6.1763409 6.1752967 6.1707437 6.1661907 6.1607585 6.1540686 6.1473786 6.1394329 6.1311991 6.1229653 6.1214511 6.1247675 6.1281687 6.1344523 6.140736 6.1470197 6.1506723 6.1538703 6.1612881 6.1767448 6.1922016 6.2051509 6.2094148 6.2136787 6.220104 6.2273882 6.2346724
-9999 6.1641507 6.166271 6.1647759 6.1595567 6.1543375 6.1491183 6.1452619 6.1429785 6.1406951 6.1384117 6.1365548 6.13525 6.1373067 6.1460951 6.1548836 6.163672 6.1662517 6.1582924 6.1564001 6.1685049 6.1781647 6.1798229 6.1814811 6.1831393 6.1865921 6.1948549 6.2031178 6.2113807 6.2124897 6.2016974 6.1943034 6.1934602 6.1914755 6.1869225 6.1823695 6.1778165 6.1723843 6.1656944 6.1590044 6.1523145 6.1447273 6.1364936 6.1349793 6.1382957 6.1416121 6.1449285 6.1506708 6.1569545 6.1606071 6.1638051 6.167003 6.1720945 6.1875512 6.2005005 6.2047645 6.2090284 6.2132923 6.2191444 6.2264286
-9999 6.159289 6.1556214 6.1504022 6.145183 6.1399638 6.1347445 6.1308882 6.1286048 6.1263214 6.1240379 6.1217545 6.119608 6.1216647 6.1304531 6.1392416 6.14803 6.1568184 6.1639996 6.1621074 6.1688969 6.1705551 6.1722133 6.1738715 6.1755297 6.1789825 6.1872453 6.1955082 6.203771 6.2120339 6.2179735 6.2105795 6.2076543 6.2031013 6.1985483 6.1939953 6.1894423 6.1840102 6.1773202 6.1706303 6.1639403 6.1572504 6.1500218 6.1485075 6.1518239 6.1551403 6.1584567 6.1617731 6.1668893 6.1705419 6.1737399 6.1769378 6.1801357 6.1833337 6.1958502 6.2001141 6.2043781 6.208642 6.2129059 6.2181849
-9999 6.1496914 6.1444722 6.1392529 6.1340337 6.1288145 6.1235952 6.1176946 6.1152544 6.112971 6.1106876 6.1084042 6.1061207 6.108795 6.1181882 6.1269766 6.1357651 6.1445535 6.1533419 6.1599742 6.1616324 6.1632906 6.1649488 6.166607 6.1682652 6.1755198 6.1829972 6.19126 6.1995229 6.2077857 6.2160486 6.219934 6.215381 6.210828 6.206275 6.201722 6.197169 6.1948541 6.1884708 6.1817808 6.1750909 6.1684009 6.161711 6.1582337 6.1615501 6.1648665 6.1681829 6.1714993 6.1748156 6.1768082 6.1800062 6.1832041 6.186402 6.1896 6.1937929 6.1988496 6.2031135 6.2073774 6.2116413 6.2159053
-9999 6.1438601 6.1386409 6.1334216 6.1282024 6.1229832 6.117764 6.1118633 6.1051762 6.1013084 6.099025 6.0967416 6.0944582 6.0971324 6.1097347 6.1202815 6.1290699 6.1378583 6.1466467 6.1532791 6.1549373 6.1565954 6.1582536 6.1605557 6.1719972 6.181567 6.18612 6.1925559 6.2008187 6.2090816 6.2173444 6.2212298 6.2166768 6.2121238 6.2075708 6.2034324 6.2012402 6.1991736 6.1972867 6.1921475 6.1854576 6.1787676 6.1720777 6.1679597 6.1656906 6.1683221 6.1716385 6.1749548 6.1782712 6.1792144 6.1802221 6.1834201 6.186618 6.189816 6.1940089 6.2016484 6.207433 6.2116969 6.2159608 6.2202247
-9999 6.1380288 6.1328096 6.1275904 6.1223711 6.1171519 6.1119327 6.106032 6.0993449 6.0926577 6.0873624 6.085079 6.0827956 6.0854699 6.0980721 6.1106744 6.1223747 6.1311631 6.1399515 6.1465839 6.1482421 6.1499003 6.1551614 6.166603 6.1780445 6.1876143 6.1921673 6.1967203 6.2021146 6.2103774 6.2186403 6.2225257 6.2179727 6.2134197 6.209944 6.2077519 6.2055597 6.2034931 6.2016062 6.1997193 6.1958243 6.1891344 6.1824444 6.1783264 6.1760573 6.1737882 6.175094 6.1784104 6.1817268 6.18267 6.1832029 6.1837359 6.186834 6.1900319 6.1942249 6.2018644 6.2095039 6.2160163 6.2202803 6.2245442
-9999 6.1321975 6.1269783 6.1217591 6.1165398 6.1113206 6.1061014 6.1002007 6.0935136 6.0868265 6.0801393 6.0734522 6.071133 6.0738073 6.0864095 6.0990118 6.1116141 6.1242163 6.1332564 6.1398887 6.1415469 6.1497672 6.1612087 6.1726502 6.1840918 6.1936615 6.1982145 6.2027675 6.2073205 6.2118735 6.2199361 6.2238215 6.2192685 6.2164557 6.2142635 6.2120713 6.2098791 6.2078125 6.2059256 6.2040387 6.2021518 6.1995011 6.1928112 6.1886931 6.186424 6.1841549 6.1818858 6.181866 6.1851824 6.1861255 6.1866585 6.1871915 6.1877245 6.1902479 6.1944409 6.2020804 6.2097199 6.2173594 6.2245997 6.2288637
-9999 6.1263662 6.121147 6.1159278 6.1107086 6.1054893 6.1002701 6.0943694 6.0876823 6.0809952 6.074308 6.0676209 6.0609338 6.0621447 6.074747 6.0873492 6.0999515 6.1125538 6.125156 6.1331935 6.1443729 6.1558144 6.167256 6.1786975 6.190139 6.1997088 6.2042618 6.2088148 6.2133678 6.2179208 6.2224738 6.2251595 6.2229674 6.2207752 6.218583 6.2163908 6.2141986 6.212132 6.2102451 6.2083582 6.2064713 6.2045844 6.2026975 6.1990599 6.1967908 6.1945217 6.1922525 6.1899834 6.188638 6.1895811 6.1901141 6.1906471 6.1911801 6.1917131 6.1946568 6.2022964 6.2099359 6.2175754 6.2252149 6.2328545
-9999 6.1240855 6.1188663 6.1136471 6.1084278 6.1032086 6.0951772 6.0859559 6.0792688 6.0725817 6.0658945 6.0592074 6.0527833 6.0537271 6.0676033 6.0802056 6.0928078 6.1054101 6.1180123 6.1302636 6.1417051 6.1531467 6.1645882 6.1760297 6.1890557 6.2031519 6.2072427 6.2117957 6.2163487 6.2209017 6.2254547 6.2277037 6.2255115 6.2233194 6.2211272 6.218935 6.2176748 6.217097 6.2152101 6.2133232 6.2114363 6.2095494 6.2104416 6.2072053 6.2029614 6.2006923 6.1984232 6.196154 6.1938849 6.194005 6.194538 6.195071 6.195604 6.1955018 6.1939045 6.201544 6.2091835 6.216823 6.2244626 6.2318336
-9999 6.1230057 6.1177864 6.1125672 6.107348 6.0973074 6.0858904 6.0766691 6.0699819 6.0632948 6.0566077 6.0504479 6.0445763 6.0455201 6.0601122 6.0745903 6.0871925 6.0997948 6.112397 6.1246483 6.1360898 6.1475314 6.1589729 6.1739549 6.1918633 6.2059596 6.2098381 6.2137394 6.2182924 6.2228454 6.2273984 6.2296475 6.2274553 6.2252631 6.2230709 6.2225209 6.2228582 6.2222804 6.2203935 6.2185066 6.2166197 6.2188894 6.2223201 6.2190838 6.2110547 6.2054437 6.2031746 6.2009055 6.1986364 6.1987564 6.1992894 6.1998224 6.1986858 6.1944219 6.1928246 6.2004641 6.2081037 6.2157432 6.2229993 6.2301058
-9999 6.1219258 6.1167066 6.1108547 6.0994376 6.0880206 6.0766035 6.0673822 6.0606951 6.0540079 6.0481126 6.0422409 6.0363693 6.0373131 6.0519052 6.0664973 6.0810894 6.0941795 6.1067817 6.119033 6.1304745 6.141916 6.1588541 6.1767625 6.194671 6.2087672 6.2126457 6.2165242 6.2204027 6.2247892 6.2293422 6.2315912 6.2293991 6.2272069 6.2273671 6.2277043 6.2280416 6.2274638 6.2255769 6.2239064 6.2273372 6.2307679 6.2341987 6.2309624 6.2229332 6.2149041 6.207926 6.2056569 6.2033878 6.2035079 6.2040408 6.2018699 6.197606 6.193342 6.1917447 6.1993843 6.2070238 6.2141649 6.2212715 6.228378
-9999 6.1208459 6.1129849 6.1015678 6.0901508 6.0787337 6.0673166 6.0580953 6.0516488 6.0457772 6.0399056 6.0340339 6.0281623 6.0291061 6.0436982 6.0582903 6.0728824 6.0874745 6.1011664 6.1134177 6.1258448 6.1437532 6.1616617 6.1795702 6.1974787 6.2115749 6.2154534 6.2193319 6.2232103 6.2270888 6.2312859 6.233535 6.2318759 6.2322132 6.2325504 6.2328877 6.2332249 6.2326471 6.2323542 6.235785 6.2392157 6.2426465 6.2460772 6.2428409 6.2348118 6.2267826 6.2187535 6.2107244 6.2081392 6.2082593 6.2050539 6.20079 6.1965261 6.1922622 6.1906649 6.1982241 6.2053306 6.2124371 6.2195437 6.2266502
-9999 6.1188006 6.1073835 6.0959664 6.0845494 6.0731323 6.0617153 6.0524024 6.0465307 6.0406591 6.0347875 6.0289158 6.0230442 6.0236663 6.0382584 6.0528505 6.0674426 6.0820347 6.0966268 6.1122217 6.1301302 6.1480386 6.1659471 6.1838556 6.2017641 6.2127671 6.2166456 6.2205241 6.2244025 6.228281 6.2321595 6.2348284 6.2351657 6.2355029 6.2358402 6.2361775 6.2365147 6.2386691 6.2420998 6.2455306 6.2489613 6.2523921 6.2558228 6.2534031 6.245374 6.2373448 6.2293157 6.2212865 6.2132574 6.2088346 6.2045707 6.2003067 6.1960428 6.1917789 6.1888744 6.1959809 6.2030875 6.210194 6.2173005 6.2244071
-9999 6.1409953 6.1295782 6.1181612 6.1067441 6.0953271 6.0834638 6.0731474 6.0647093 6.0588376 6.052966 6.0470944 6.0412227 6.0414486 6.0538851 6.0682811 6.0828732 6.0974653 6.1120574 6.1276523 6.1455608 6.1634693 6.1813777 6.1992862 6.2098116 6.2133839 6.206976 6.2095324 6.2134109 6.2172894 6.2211678 6.2238368 6.224174 6.2245113 6.2248485 6.2251858 6.2289448 6.2328244 6.2357585 6.2391892 6.24262 6.2460507 6.2494814 6.2495962 6.2460081 6.237979 6.2299498 6.2219207 6.2138915 6.2114965 6.2085868 6.2043229 6.200059 6.1957951 6.192168 6.1907466 6.1969575 6.204064 6.2111706 6.2182771
-9999 6.16319 6.151773 6.1403559 6.1288371 6.1169307 6.1050244 6.094708 6.0862268 6.0777455 6.0711445 6.0652729 6.0594013 6.0596271 6.0720636 6.0845 6.0983038 6.1128959 6.127488 6.1430829 6.1609914 6.1788999 6.1968083 6.2044179 6.211714 6.2152864 6.2088784 6.2024705 6.2024192 6.2062977 6.2101762 6.2128451 6.2131823 6.2135196 6.2141316 6.2186846 6.2232376 6.2271172 6.2300333 6.2329494 6.2362786 6.2397094 6.2431401 6.2432548 6.2409857 6.2386131 6.230584 6.2225548 6.2145257 6.2121306 6.2107093 6.2083391 6.2040752 6.1998113 6.1961841 6.1947628 6.1933415 6.1979341 6.2050406 6.2121471
-9999 6.1853847 6.1739677 6.162304 6.1503977 6.1384913 6.126585 6.1162686 6.1077874 6.0993061 6.0908249 6.0834515 6.0775798 6.0778057 6.0902421 6.1026786 6.115115 6.1283265 6.1429186 6.1585135 6.176422 6.1917282 6.1990243 6.2063203 6.2136164 6.2171888 6.2107808 6.2043729 6.197965 6.195306 6.1991845 6.2018534 6.2021907 6.2038714 6.2084244 6.2129774 6.2175304 6.22141 6.2243261 6.2272422 6.2301584 6.233368 6.2367987 6.2369135 6.2346444 6.2323753 6.2301062 6.223189 6.2151598 6.2127648 6.2113435 6.2099222 6.2080914 6.2038274 6.2002003 6.198779 6.1973577 6.1959364 6.1989106 6.2060172
-9999 6.2075795 6.195771 6.1838646 6.1719583 6.1600519 6.1481456 6.1378292 6.129348 6.1208667 6.1123855 6.1039042 6.0957584 6.0959842 6.1084207 6.1208571 6.1332935 6.14573 6.1583492 6.1739442 6.1863346 6.1936306 6.2009267 6.2082227 6.2155188 6.2190912 6.2126832 6.2062753 6.1998674 6.1934594 6.1881928 6.1908617 6.1936112 6.1981642 6.2027172 6.2072702 6.2118232 6.2157027 6.2186189 6.221535 6.2244511 6.2273673 6.2304574 6.2305721 6.228303 6.2260339 6.2237648 6.2214957 6.2157939 6.2133989 6.2119776 6.2105563 6.209135 6.2077137 6.2042165 6.2027952 6.2013739 6.1999526 6.1985313 6.1998872
-9999 6.2242363 6.2123299 6.2004236 6.1885172 6.1766109 6.1647045 6.1622326 6.1537514 6.1452701 6.1367889 6.1283076 6.1198264 6.1099162 6.1199195 6.1323559 6.1447923 6.1572288 6.1696652 6.1805473 6.1878433 6.1951394 6.2024354 6.2097315 6.2170275 6.2219402 6.2173468 6.2109389 6.2045309 6.198123 6.1917151 6.1890511 6.1936041 6.1981571 6.2027101 6.2072631 6.2118161 6.2145019 6.217418 6.2203342 6.2232503 6.2261664 6.2286768 6.2296642 6.2273951 6.225126 6.2228569 6.2205878 6.2183187 6.2167724 6.2153511 6.2139298 6.2125085 6.2110872 6.2123091 6.2108878 6.2094665 6.2080452 6.2066239 6.2041319
-9999 6.2328465 6.2209401 6.2090337 6.1971274 6.1903318 6.1934307 6.1911539 6.1826726 6.1741914 6.1657101 6.1556576 6.1396737 6.1286819 6.127687 6.133239 6.1456754 6.1581119 6.1705483 6.1814304 6.1887264 6.1960225 6.2033185 6.2104394 6.2162431 6.2208364 6.2221854 6.2199906 6.2135826 6.2071747 6.2007668 6.1981027 6.2026557 6.2072087 6.2117617 6.2157806 6.2179728 6.2204628 6.2233789 6.226295 6.2292112 6.2302445 6.2280145 6.2296205 6.2339842 6.232853 6.2305839 6.2283148 6.2260457 6.2244995 6.2230782 6.2216569 6.2202356 6.2240277 6.2268801 6.2254588 6.2240375 6.2226162 6.2166755 6.2010411
-9999 6.2414566 6.2295502 6.2176439 6.2161542 6.2192531 6.222352 6.2200751 6.2115939 6.2031126 6.1904072 6.1744233 6.1584394 6.1474476 6.1464527 6.1454578 6.1465585 6.158995 6.1714314 6.1823135 6.1896095 6.1969056 6.2035319 6.2093356 6.2151392 6.2197325 6.2210815 6.2224306 6.2226343 6.2162264 6.2098185 6.2071544 6.2117074 6.2162604 6.2195493 6.2217414 6.2239336 6.2264237 6.2293398 6.2322559 6.2318122 6.2295822 6.2273522 6.2289582 6.2333219 6.2376855 6.238311 6.2360419 6.2337728 6.2322265 6.2308052 6.2304262 6.2345125 6.2385987 6.2414512 6.2400299 6.2386085 6.2292191 6.2135847 6.1979503
-9999 6.2500667 6.2388776 6.2419765 6.2450754 6.2481743 6.2512733 6.2489964 6.2405151 6.2251568 6.2091729 6.193189 6.1772051 6.1662133 6.1652184 6.1642235 6.1632286 6.1622337 6.1723145 6.1831966 6.1904926 6.1966244 6.202428 6.2082317 6.2140354 6.2186286 6.2199777 6.2213267 6.2226758 6.2240248 6.2188702 6.2162061 6.2207591 6.2233179 6.2255101 6.2277023 6.2298945 6.2323845 6.2353007 6.2333798 6.2311499 6.2289199 6.2266899 6.2282959 6.2326596 6.2370232 6.2413869 6.2437689 6.2414998 6.2399536 6.2409109 6.2449972 6.2490835 6.2531697 6.2560222 6.2546009 6.2417626 6.2261282 6.2104939 6.1948595
-9999 6.2646999 6.2677988 6.2708978 6.2739967 6.2770956 6.2801945 6.2758903 6.2599064 6.2439225 6.2279386 6.2119547 6.1959708 6.184979 6.1839841 6.1829892 6.1819943 6.1809994 6.1800045 6.1839132 6.1897168 6.1955205 6.2013242 6.2071278 6.2129315 6.2175248 6.2188738 6.2202228 6.2215719 6.2229209 6.22427 6.2248944 6.2270866 6.2292788 6.231471 6.2336632 6.2358554 6.2371775 6.2349475 6.2327175 6.2304875 6.2282576 6.2260276 6.2276336 6.2319972 6.2363609 6.2407246 6.2450882 6.2492269 6.2513957 6.255482 6.2595682 6.2636545 6.2677407 6.2699406 6.2543062 6.2386718 6.2230374 6.207403 6.1917687
-9999 6.2690301 6.272129 6.2752279 6.2783269 6.2814258 6.2861845 6.2819102 6.2659263 6.2499425 6.2339586 6.2179747 6.2070988 6.2035057 6.2027704 6.2017755 6.2007805 6.1997856 6.1987907 6.1998516 6.2056553 6.2114589 6.2172626 6.2230663 6.2274563 6.229072 6.2294467 6.2307957 6.2321448 6.2334938 6.2348428 6.2364799 6.2386721 6.2408642 6.2430564 6.2452486 6.2449536 6.2424481 6.2402181 6.2379881 6.2357582 6.2335282 6.231638 6.2301082 6.2317173 6.236081 6.2404446 6.2448083 6.249172 6.2532991 6.2573854 6.2614716 6.2655579 6.2684181 6.2645021 6.2488677 6.2332333 6.2175989 6.2019645 6.1977569
