P2_models/J1_p2_vp_slide_diff2_15.dat.tif
NCOLS 118
NROWS 92
XLLCORNER 139.62
YLLCORNER -39.07
DX 0.099491525
DY 0.099347826
NODATA_VALUE -9999
[rows 50 to 74 of 92, columns 0 to 57 of 118]
-9999 0.32898906 0.32275502 0.31652098 0.31812422 0.32317986 0.3282355 0.32865621 0.32372763 0.31879905 0.30755451 0.29140802 0.27526152 0.26491845 0.26619709 0.26747572 0.2710041 0.28670188 0.30239965 0.31430007 0.31743986 0.32057965 0.32508055 0.3312535 0.33742645 0.33987278 0.33233082 0.32478885 0.3164478 0.30349367 0.29053953 0.28189502 0.2815581 0.28122118 0.27972274 0.27721673 0.27471073 0.27007534 0.26239356 0.25471179 0.24516237 0.23462005 0.22407772 0.2185119 0.21652365 0.21453539 0.20771675 0.19715791 0.18659907 0.19207921 0.20033132 0.20892018 0.21895177 0.22898336 0.2367289 0.23655586 0.23638281 0.22788751
-9999 0.34319977 0.33750534 0.34256098 0.34761662 0.35267225 0.35772789 0.35814861 0.35322002 0.33800886 0.32186237 0.30571587 0.28956937 0.27922631 0.28050494 0.28178357 0.2830622 0.28434083 0.29750975 0.30941017 0.31254996 0.31805608 0.32422903 0.33040198 0.33657493 0.33902126 0.3314793 0.32393733 0.31639537 0.30885341 0.29677372 0.28812921 0.28779229 0.28562313 0.28311712 0.28061112 0.27810511 0.27346972 0.26578795 0.25541748 0.24487515 0.23433282 0.22379049 0.21822468 0.21623642 0.21424816 0.2122599 0.20771108 0.19715223 0.20263237 0.21165302 0.22168461 0.2317162 0.24174779 0.24949333 0.24932029 0.23722297 0.22220526
-9999 0.3619421 0.36699774 0.37205337 0.37710901 0.38216465 0.38722029 0.38460971 0.36846321 0.35231672 0.33617022 0.32002372 0.30387723 0.29353416 0.29481279 0.29609142 0.29737006 0.29864869 0.29992732 0.30485865 0.3110316 0.31720456 0.32337751 0.32955046 0.33572341 0.33816974 0.33062777 0.32308581 0.31554385 0.30800188 0.30045992 0.29402953 0.29152352 0.28901751 0.28651151 0.2840055 0.2814995 0.27621491 0.26567258 0.25513025 0.24458792 0.23404559 0.22350327 0.21793745 0.21594919 0.21396093 0.21197267 0.20998442 0.2077054 0.21438586 0.22441745 0.23444904 0.24448063 0.25451222 0.26157614 0.24655843 0.23154071 0.216523
-9999 0.36493191 0.36998754 0.37504318 0.38009882 0.38515446 0.38713425 0.37959434 0.36344784 0.34730135 0.33115485 0.31500835 0.30359338 0.30103764 0.30475158 0.30603021 0.30730884 0.30858747 0.3098661 0.3126247 0.31879766 0.32497061 0.33114356 0.33731651 0.34284671 0.34535875 0.34168624 0.33414427 0.32660231 0.31906035 0.31151838 0.30569654 0.30319053 0.30068453 0.29817852 0.29567251 0.29080743 0.28226512 0.27172279 0.26118046 0.25063813 0.2400958 0.22997623 0.22279721 0.21926279 0.21727453 0.21528627 0.21329801 0.21130975 0.2195701 0.22960169 0.23963328 0.24966487 0.25733886 0.25486628 0.23984857 0.22483086 0.20981314
-9999 0.36348769 0.36854333 0.37359897 0.3786546 0.37896869 0.378886 0.37134609 0.3551996 0.3390531 0.3229066 0.31477302 0.30874889 0.30619314 0.31058304 0.31497294 0.31651665 0.31779529 0.31907392 0.32183252 0.32800547 0.33417842 0.34035137 0.34537988 0.34989414 0.35240619 0.34955179 0.3466974 0.33965337 0.33211141 0.32456945 0.3187476 0.3162416 0.31373559 0.31122958 0.30506226 0.29791793 0.28937561 0.27883329 0.26829096 0.25774863 0.24779489 0.23789274 0.23071372 0.22549234 0.22119056 0.2192023 0.21721404 0.21522578 0.22348613 0.23351772 0.24354931 0.24930795 0.25045708 0.2479845 0.23296679 0.21794908 0.20293136
-9999 0.36204348 0.36709911 0.37088583 0.37080314 0.37072045 0.37063776 0.36309785 0.34695135 0.33197678 0.32595265 0.31992852 0.31390439 0.31134865 0.31573855 0.32012844 0.32451834 0.3270031 0.32828173 0.33104034 0.33721329 0.34338624 0.34791305 0.35242731 0.35694157 0.35945362 0.35659922 0.35374483 0.35089043 0.34516248 0.33762051 0.33179867 0.32929266 0.32646143 0.3193171 0.31217276 0.30502843 0.29648611 0.28594378 0.2755157 0.26561355 0.2557114 0.24580925 0.23863023 0.23340885 0.22818746 0.22311834 0.22113008 0.21914182 0.22740217 0.23743375 0.24127704 0.24242617 0.2435753 0.24110272 0.22608501 0.21232164 0.21573189
-9999 0.36059926 0.36272028 0.36263759 0.3625549 0.3624722 0.36238951 0.3548496 0.34315642 0.33713229 0.33110816 0.32508403 0.3190599 0.31650415 0.32089405 0.32528395 0.32967385 0.33406374 0.33748955 0.34024815 0.34593196 0.35044622 0.35496048 0.35947474 0.36398901 0.36650105 0.36364666 0.36079226 0.35793787 0.35508347 0.35067158 0.34484973 0.34071626 0.33357193 0.32642759 0.31928326 0.31213892 0.30359661 0.29333436 0.28343221 0.27353006 0.26362791 0.25372576 0.24654674 0.24132536 0.23610397 0.23088259 0.2256612 0.22305785 0.2313182 0.23324613 0.23439526 0.23554439 0.23669352 0.23422094 0.22443125 0.2278415 0.23125175
-9999 0.35051517 0.35043247 0.35034978 0.35026709 0.3501844 0.3501017 0.35590805 0.34988392 0.34385979 0.33783566 0.33181153 0.3257874 0.3228473 0.3272372 0.3316271 0.336017 0.34040689 0.34479679 0.3492243 0.35373856 0.35825282 0.36276708 0.36728134 0.37179561 0.37210788 0.36933656 0.36648216 0.36362777 0.36077337 0.35791898 0.35359928 0.34645494 0.33931061 0.33216627 0.32502194 0.31787761 0.30955822 0.29965607 0.28975391 0.27985176 0.26994961 0.26004746 0.2519086 0.24668721 0.24146583 0.23624444 0.23102306 0.22580167 0.22627764 0.22742677 0.2285759 0.22972502 0.23087415 0.23299317 0.23652217 0.23993242 0.24334266
-9999 0.3244304 0.32434771 0.32426502 0.32418232 0.32583737 0.33972573 0.35097905 0.35919118 0.35595638 0.34993225 0.34390812 0.33788399 0.33490372 0.33801897 0.34202661 0.34641651 0.3508064 0.3551963 0.3596238 0.36413807 0.36865233 0.37316659 0.37768085 0.37286313 0.36877332 0.36927044 0.36753547 0.36468107 0.36182668 0.35897228 0.35465259 0.34750825 0.34036392 0.33321958 0.32601725 0.3154892 0.30657766 0.2999788 0.29062862 0.28072646 0.27082431 0.26092216 0.25179377 0.24332373 0.23810235 0.23288096 0.22765958 0.22243819 0.22345324 0.22523604 0.22638517 0.22753429 0.22868342 0.23080244 0.23628105 0.24031192 0.24372217
-9999 0.29834563 0.29826294 0.29818025 0.30477543 0.31866379 0.33255216 0.34380547 0.3520176 0.36022973 0.36202884 0.35600471 0.34998058 0.34700031 0.35011556 0.3532308 0.35681602 0.36120591 0.36559581 0.37002331 0.37453758 0.37905184 0.38113094 0.37532976 0.36952857 0.36543877 0.36593589 0.36643301 0.36573438 0.36287999 0.36002559 0.35570589 0.34856156 0.34141723 0.33316859 0.32264053 0.31211247 0.30320094 0.29660208 0.29000322 0.28160117 0.27169902 0.26179686 0.25266847 0.24409631 0.23552416 0.22951749 0.2242961 0.21907472 0.22008977 0.22218264 0.22419444 0.22534356 0.22649269 0.22861171 0.23409032 0.23956893 0.24410168
-9999 0.27226087 0.27217818 0.28371349 0.29760185 0.31149022 0.32537858 0.3366319 0.34484403 0.35305615 0.36126828 0.3681013 0.36207717 0.3590969 0.36221215 0.3653274 0.36844264 0.37160542 0.37599532 0.38042282 0.38493709 0.38359757 0.37779639 0.3719952 0.36619402 0.36210421 0.36260133 0.36309845 0.36359558 0.3639333 0.3610789 0.3567592 0.34961487 0.34031993 0.32979187 0.31926381 0.30873575 0.29982422 0.29322536 0.2866265 0.28002764 0.27257372 0.26267157 0.25354317 0.24497102 0.23639886 0.22782671 0.22093263 0.21571124 0.21672629 0.21881917 0.22091204 0.22300492 0.22430196 0.22642098 0.23189959 0.2373782 0.2428568
-9999 0.24876319 0.26265155 0.27653991 0.29042828 0.30431664 0.31820501 0.32945832 0.33767045 0.34588258 0.35409471 0.36230684 0.37051896 0.3711935 0.37430874 0.37742399 0.38053923 0.38365448 0.38676972 0.39082233 0.38606421 0.38026302 0.37446184 0.36866065 0.36285947 0.35876966 0.35926678 0.3597639 0.36026102 0.36075814 0.36125526 0.35781251 0.34747126 0.3369432 0.32641515 0.31588709 0.30535903 0.2964475 0.28984864 0.28324978 0.27665091 0.27005205 0.26345319 0.25441787 0.24584572 0.23727356 0.22870141 0.22012925 0.21234777 0.21336282 0.21545569 0.21754857 0.21964144 0.22173432 0.22423025 0.22970886 0.23518747 0.24066607
-9999 0.22238914 0.2362775 0.25016587 0.26405423 0.2779426 0.29648578 0.31805971 0.33060889 0.33882102 0.34703315 0.35524527 0.3634574 0.37539963 0.38820909 0.39132433 0.39443958 0.39755483 0.40067007 0.40108912 0.39528794 0.38948675 0.38368557 0.37788438 0.37476668 0.37721823 0.37005532 0.37055244 0.37104956 0.37154668 0.3720438 0.36877508 0.35824702 0.34771896 0.3371909 0.32666284 0.31330323 0.29540954 0.28428334 0.27768448 0.27108562 0.26448676 0.2578879 0.25200369 0.24439122 0.23581906 0.22724691 0.21867475 0.2101026 0.21252953 0.21465237 0.21674525 0.21883812 0.220931 0.22274073 0.22523416 0.23071277 0.23619137
-9999 0.18766575 0.20155411 0.21544248 0.22933084 0.25191217 0.27722069 0.29879462 0.31605836 0.33180817 0.34002029 0.34823242 0.35644455 0.36838677 0.38779873 0.40600905 0.40912429 0.41223954 0.41535478 0.41577383 0.40997265 0.40417146 0.39837028 0.39970751 0.40734879 0.40980034 0.39834212 0.38748241 0.38797953 0.38847665 0.38897377 0.38570505 0.37517699 0.36464893 0.35412088 0.33805768 0.31878634 0.30089266 0.28496989 0.27116748 0.26456862 0.25796976 0.2513709 0.2454867 0.24011625 0.2333517 0.22477955 0.21620739 0.20763524 0.21006218 0.21439006 0.21705521 0.21914809 0.22124096 0.2230507 0.22387968 0.22524488 0.23072349
-9999 0.15294236 0.16683072 0.18203003 0.20733855 0.23264708 0.2579556 0.27952953 0.29679327 0.31405701 0.33132074 0.34121957 0.3494317 0.36137392 0.38078588 0.40019784 0.41960979 0.42692425 0.4300395 0.43045855 0.42465736 0.41885618 0.42464834 0.43228962 0.4399309 0.44238246 0.43092424 0.41946602 0.4080078 0.40540662 0.40590374 0.40263502 0.39210697 0.38157891 0.36281214 0.3435408 0.32426946 0.30637577 0.29045301 0.27453025 0.25860749 0.25145277 0.2448539 0.2389697 0.23359925 0.2282288 0.22231219 0.21374003 0.20516788 0.20759482 0.2119227 0.21625058 0.21945805 0.22155093 0.22336066 0.22418964 0.22501862 0.2258476
-9999 0.11821897 0.13745642 0.16276494 0.18807346 0.21338199 0.23869051 0.26026444 0.27752818 0.29479192 0.31205566 0.32931939 0.34241884 0.35436107 0.37377303 0.39318498 0.41259694 0.4320089 0.44472421 0.44514326 0.44194789 0.44958917 0.45723046 0.46487174 0.47251302 0.47496457 0.46350635 0.45204813 0.44058991 0.42913169 0.42283372 0.419565 0.40683794 0.3875666 0.36829526 0.34902392 0.32975258 0.31185889 0.29593613 0.28001337 0.26409061 0.24816785 0.23833691 0.2324527 0.22708225 0.22171181 0.21634136 0.21097091 0.20270052 0.20512746 0.20945534 0.21378322 0.2181111 0.22186089 0.22367063 0.22449961 0.22532858 0.22615756
-9999 0.095566549 0.12087507 0.1461836 0.17149212 0.19680064 0.22210917 0.24524237 0.26250611 0.27976985 0.29703358 0.31429732 0.33156106 0.35173632 0.37114828 0.39056024 0.4099722 0.42938415 0.44879611 0.46464879 0.47229007 0.47993135 0.48757263 0.49521391 0.5028552 0.50152728 0.49006906 0.47861084 0.46715262 0.4556944 0.44423618 0.43010925 0.41083791 0.39156657 0.37229523 0.35302389 0.33375255 0.31676851 0.30084575 0.28492299 0.26900023 0.25307747 0.23715471 0.22660118 0.22123073 0.21586029 0.21048984 0.20511939 0.19974894 0.20264768 0.20697556 0.21130345 0.21563133 0.21995921 0.22352721 0.22435619 0.22518517 0.22601415
-9999 0.092333771 0.11764229 0.14295082 0.16825934 0.19387347 0.22606355 0.25132445 0.26858818 0.28585192 0.30311566 0.32037939 0.34221691 0.3651223 0.38929592 0.4097613 0.42917326 0.44858522 0.46799717 0.48384986 0.49149114 0.49913242 0.5067737 0.51441498 0.52255989 0.52060107 0.49127737 0.4752339 0.46377568 0.45231746 0.44085924 0.42673231 0.40746097 0.38818963 0.36891829 0.34964695 0.33427635 0.31882568 0.30290292 0.28698015 0.27105739 0.25574882 0.24711673 0.23395104 0.2186892 0.21331875 0.2079483 0.20257785 0.1972074 0.20010615 0.20443403 0.20876191 0.21308979 0.21749534 0.22112873 0.22195771 0.22278669 0.22361567
-9999 0.089100993 0.11440952 0.13971804 0.16776547 0.19995555 0.23214562 0.25740652 0.27467026 0.29193399 0.31053411 0.33280619 0.35507826 0.37798365 0.40215727 0.42633089 0.44837432 0.46778628 0.48719824 0.50305092 0.5106922 0.51833348 0.52607074 0.53432174 0.54257273 0.54061391 0.51129022 0.48196653 0.46039873 0.44894051 0.43748229 0.42335537 0.40408403 0.38481269 0.36657489 0.3514542 0.33633351 0.32088284 0.30496008 0.28903732 0.27582136 0.26718927 0.25855718 0.24539149 0.22896667 0.21254184 0.20540676 0.20003631 0.19466587 0.19756461 0.20189249 0.20622037 0.21065386 0.21509687 0.21873026 0.21955924 0.22038821 0.22376348
-9999 0.085868215 0.11117674 0.14165747 0.17384754 0.20603762 0.2382277 0.26348859 0.28075233 0.30112339 0.32339546 0.34566754 0.36793961 0.390845 0.41501862 0.43919224 0.46336586 0.48698735 0.5063993 0.52225199 0.52989327 0.53783259 0.54608358 0.55433458 0.56258558 0.56062676 0.53130307 0.50197937 0.47265568 0.44556357 0.43410535 0.41997842 0.40070708 0.38375274 0.36863205 0.35351136 0.33839067 0.32294 0.30701724 0.29589391 0.28726181 0.27862972 0.26999763 0.25683195 0.24040712 0.22398229 0.20755746 0.19749478 0.19212433 0.19502307 0.19936937 0.20381238 0.20825538 0.21269839 0.21633178 0.21716076 0.22267606 0.23232461
-9999 0.083359393 0.11554947 0.14773954 0.17992962 0.21211969 0.24430977 0.26957067 0.29171266 0.31398474 0.33625681 0.35852889 0.38080096 0.40370634 0.42787997 0.45205359 0.47622721 0.50040083 0.52457445 0.54145305 0.54959444 0.55784543 0.56609643 0.57434743 0.58259843 0.58063961 0.55131591 0.52199222 0.49266853 0.46334483 0.43402114 0.41660148 0.40093059 0.3858099 0.37068921 0.35556852 0.34044784 0.32499716 0.31596645 0.30733436 0.29870227 0.29007018 0.28143809 0.2682724 0.25184757 0.23542274 0.21899792 0.20257309 0.18958279 0.19252788 0.19697089 0.2014139 0.20585691 0.21029991 0.2139333 0.22158865 0.2312372 0.24088574
-9999 0.067925944 0.10011602 0.13230609 0.16449617 0.19668624 0.23258764 0.26631511 0.28896185 0.31123392 0.333506 0.35577807 0.37805015 0.40295388 0.43034058 0.4545142 0.47868782 0.50286145 0.52703507 0.54639393 0.55464492 0.56289592 0.57114692 0.57939792 0.58687416 0.58720991 0.57142517 0.54210148 0.51277778 0.48345409 0.4541304 0.42965798 0.4145373 0.39941661 0.38429592 0.36917523 0.35210433 0.33016271 0.31615327 0.30752118 0.29888909 0.290257 0.28162491 0.26876975 0.25247481 0.23604998 0.21962515 0.20320032 0.1867755 0.1765298 0.18097281 0.18541582 0.18985883 0.19430183 0.20156071 0.21552923 0.22517778 0.23482633
-9999 0.040276992 0.072467067 0.10465714 0.13684722 0.17685661 0.21973452 0.25346199 0.27662867 0.29961926 0.32189133 0.34416341 0.36643548 0.39133922 0.42151301 0.45106977 0.47524339 0.49941701 0.52359063 0.54294949 0.55120049 0.55945149 0.56770249 0.57318108 0.57590864 0.5762444 0.57016951 0.56226547 0.53294178 0.50361809 0.47429439 0.44982198 0.43470129 0.4195806 0.40445992 0.38489898 0.36243244 0.34049082 0.31930015 0.30131871 0.29268662 0.28405453 0.27542244 0.26256728 0.24667622 0.23053798 0.21411316 0.19768833 0.1812635 0.17041614 0.16053272 0.16169653 0.16613953 0.17058254 0.17784141 0.19485411 0.2108175 0.22046605
-9999 0.012628041 0.044818116 0.078247659 0.12112557 0.16400348 0.20688139 0.24060886 0.26377555 0.28694223 0.31010891 0.33254874 0.35482082 0.37972456 0.40989835 0.44007214 0.47024593 0.49597258 0.5201462 0.53950506 0.54775606 0.55600705 0.55948801 0.56221557 0.56494313 0.56527888 0.559204 0.55312911 0.54705422 0.52378208 0.49445839 0.46998598 0.45486529 0.4397446 0.41769362 0.39522709 0.37276055 0.35081893 0.32962826 0.30843759 0.28724693 0.27785207 0.26921998 0.25636482 0.24047375 0.22458269 0.20860116 0.19217633 0.1757515 0.16490414 0.15502073 0.14513731 0.14242024 0.14686325 0.15412212 0.17113482 0.18814751 0.20516021
-9999 -0.015020911 0.022516622 0.065394534 0.10827245 0.15115036 0.19402827 0.22775574 0.25092242 0.2740891 0.29725579 0.32042247 0.34320616 0.36810989 0.39828368 0.42845747 0.45863126 0.48880505 0.51670176 0.53606062 0.54306737 0.54579493 0.54852249 0.55125005 0.55397761 0.55431336 0.54823848 0.54216359 0.53608871 0.53001382 0.51462238 0.49014997 0.4729548 0.45048827 0.42802173 0.4055552 0.38308866 0.36114704 0.33995637 0.3187657 0.29757504 0.27638437 0.26301751 0.25016235 0.23427129 0.21838022 0.20248916 0.18659809 0.1702395 0.15939215 0.14950873 0.13962531 0.12974189 0.12314395 0.13040283 0.14741552 0.16442822 0.18144091
