P2_models/J1_p2_vp_slide_diff2_40.dat.tif
NCOLS 118
NROWS 92
XLLCORNER 139.62
YLLCORNER -39.07
DX 0.099491525
DY 0.099347826
NODATA_VALUE -9999
[rows 0 to 24 of 92, columns 57 to 113 of 118]
-9999 -9999 -9999 -9999 -9999 -9999 -9999 -9999 -9999 -9999 -9999 -9999 -9999 -9999 -9999 -9999 -9999 -9999 -9999 -9999 -9999 -9999 -9999 -9999 -9999 -9999 -9999 -9999 -9999 -9999 -9999 -9999 -9999 -9999 -9999 -9999 -9999 -9999 -9999 -9999 -9999 -9999 -9999 -9999 -9999 -9999 -9999 -9999 -9999 -9999 -9999 -9999 -9999 -9999 -9999 -9999 -9999
0.35034428 0.3467489 0.34315353 0.33766753 0.33551944 0.3346297 0.33373996 0.33285023 0.33196049 0.32956876 0.33285162 0.33613448 0.33941733 0.34270019 0.34407031 0.34299285 0.34191539 0.34083794 0.33976048 0.33472048 0.33954698 0.33467227 0.32979756 0.32492285 0.32004814 0.31745327 0.31591171 0.31437016 0.3128286 0.31263266 0.3184208 0.31796781 0.31770782 0.31744783 0.31718784 0.31711077 0.32298662 0.32886248 0.33473833 0.34061418 0.33152384 0.33274102 0.32633759 0.31993417 0.31353074 0.30712731 0.30957584 0.31317503 0.31662799 0.32008094 0.32353389 0.30849848 0.29831773 0.289264 0.28021027 0.27115654 -9999
0.35699106 0.35339569 0.34980031 0.34431432 0.33754356 0.33442521 0.33353547 0.33264573 0.331756 0.32816737 0.32467881 0.32796167 0.33124453 0.33452738 0.3358975 0.33482004 0.33374259 0.33266513 0.32682499 0.32069981 0.32867546 0.33482005 0.32994534 0.32507063 0.32019592 0.31760105 0.31605949 0.31451794 0.31544495 0.32485141 0.33063955 0.32990782 0.32940644 0.32914645 0.32888646 0.32880939 0.33468524 0.3405611 0.34643695 0.33592285 0.31844512 0.32142132 0.325762 0.31935857 0.31295514 0.30655171 0.30900024 0.31566876 0.3193971 0.32285005 0.32630301 0.31126759 0.28634755 0.27552958 0.26647585 0.25742212 -9999
0.36363785 0.36004247 0.3564471 0.3509611 0.34419035 0.33741959 0.33333098 0.33244124 0.33155151 0.32796288 0.32428151 0.32060014 0.32307172 0.32635458 0.32772469 0.32664723 0.32537047 0.3190874 0.31280433 0.30667914 0.3146548 0.32263045 0.33009312 0.32521841 0.3203437 0.31774883 0.31620727 0.31825725 0.3276637 0.33707015 0.3428583 0.34212656 0.34139483 0.34084507 0.34058508 0.34050801 0.34638387 0.35225972 0.34032186 0.32284412 0.30536639 0.3083426 0.31349721 0.31865183 0.31237955 0.30597612 0.30842465 0.31509317 0.32176169 0.32561917 0.32907212 0.31403671 0.28911667 0.26419663 0.25274142 0.24368769 -9999
0.34438597 0.36476432 0.36309388 0.35760788 0.35083713 0.34406638 0.33729562 0.33223675 0.33134701 0.32775838 0.32407702 0.32039565 0.31671428 0.31818177 0.31955188 0.31763288 0.3113498 0.30506673 0.29878366 0.29265847 0.30063413 0.30860978 0.31658543 0.32456109 0.32049148 0.31789661 0.32106954 0.33047599 0.33988245 0.3492889 0.35507704 0.35434531 0.35361358 0.35288185 0.3522837 0.35220663 0.35808249 0.34472087 0.32724313 0.3097654 0.29228766 0.29526387 0.30041849 0.3055731 0.31072772 0.30540052 0.30784905 0.31451757 0.32118609 0.32785461 0.33184123 0.31680582 0.29188578 0.26696574 0.2420457 0.22995327 -9999
0.3231038 0.34348215 0.36386051 0.36425467 0.35748391 0.35071316 0.34394241 0.33717165 0.33114252 0.32755389 0.32387253 0.32019116 0.31650979 0.31282842 0.30989528 0.30361221 0.29732914 0.29104606 0.28476299 0.2786378 0.28661346 0.29458911 0.30256476 0.31054042 0.31851607 0.32388183 0.33328829 0.34269474 0.3521012 0.36150765 0.36729579 0.36656406 0.36583233 0.3651006 0.36436886 0.36390525 0.34911987 0.33164214 0.3141644 0.29668667 0.27920894 0.28218514 0.28733976 0.29249438 0.29764899 0.30280361 0.30727345 0.31394197 0.32061049 0.32727901 0.33394753 0.31957494 0.29465489 0.26973485 0.24481481 0.21989477 -9999
0.33526579 0.35564414 0.36726231 0.3608468 0.35049819 0.34372744 0.33695669 0.33018593 0.32341518 0.31963118 0.31594982 0.31226845 0.30858708 0.3089936 0.30929997 0.3030169 0.29673383 0.29045075 0.28418559 0.29026228 0.29441779 0.30239344 0.31036909 0.31834475 0.3263204 0.3352747 0.34468116 0.35408761 0.36349407 0.37208237 0.37085938 0.36080056 0.36006883 0.35933709 0.35860536 0.35737439 0.33989665 0.32241892 0.30494118 0.28746345 0.28803892 0.29308598 0.2982406 0.30339522 0.30854983 0.31077812 0.31546044 0.32212896 0.32879748 0.335466 0.3308023 0.30994425 0.28502421 0.26010417 0.23518413 0.2266777 -9999
0.35272627 0.36167372 0.36797846 0.36156295 0.34650348 0.33458194 0.32781119 0.32104044 0.31426968 0.31048569 0.30680432 0.30312295 0.30506932 0.31052525 0.31083162 0.30454855 0.29826547 0.29382404 0.29992398 0.30600066 0.31000097 0.31400129 0.32163112 0.32960677 0.33758243 0.34653673 0.35594318 0.36534964 0.37362447 0.38054363 0.37932064 0.36342621 0.35145643 0.35072469 0.34999296 0.34876199 0.33128425 0.31380652 0.29632878 0.29870159 0.3027388 0.30778587 0.31294048 0.3180951 0.31983733 0.32035335 0.32503567 0.33170419 0.33837271 0.33246757 0.31920714 0.2983491 0.27342906 0.24850901 0.24188529 0.24718859 -9999
0.35608513 0.36238987 0.36869461 0.3622791 0.34721963 0.33216017 0.31866569 0.31189494 0.30512419 0.30134019 0.29765882 0.30114503 0.30660096 0.3120569 0.31236327 0.30608019 0.30346249 0.30956243 0.31566237 0.32173905 0.32573936 0.32973967 0.33373998 0.3408688 0.34884446 0.35779876 0.36720521 0.37516657 0.38208573 0.3890049 0.3877819 0.37188748 0.35599305 0.34211229 0.34138056 0.34014959 0.32267185 0.30532706 0.30936427 0.31340148 0.31743869 0.32248575 0.32764037 0.32889654 0.32941256 0.32992858 0.3346109 0.34127942 0.33413284 0.32087241 0.30761198 0.28675394 0.2618339 0.25709288 0.26239618 0.26769947 -9999
0.35680128 0.36310602 0.36941076 0.36299525 0.34793578 0.33287632 0.31781686 0.30275739 0.29597869 0.2921947 0.29722074 0.30267668 0.30813261 0.31358855 0.31389492 0.31310094 0.31920088 0.32530082 0.33140075 0.33747744 0.34147775 0.34547806 0.34947837 0.35347868 0.36010648 0.36906078 0.37670866 0.38362783 0.390547 0.39746616 0.39624317 0.38034874 0.36445431 0.34855988 0.33276816 0.33153719 0.31598973 0.32002694 0.32406415 0.32810136 0.33213857 0.33718564 0.33795576 0.33847177 0.33898779 0.33950381 0.34418612 0.33579811 0.32253768 0.30927725 0.29601682 0.27515878 0.27230047 0.27760377 0.28290706 0.28821036 -9999
0.35674895 0.3630537 0.36935844 0.36520598 0.35014651 0.33508705 0.32002758 0.30496812 0.28990866 0.29468307 0.30013901 0.30559494 0.31105088 0.31650681 0.31986194 0.32596188 0.33206181 0.33816175 0.34426168 0.35206954 0.35596054 0.35996085 0.36396116 0.36796147 0.37196178 0.37795854 0.38487771 0.39179688 0.39871604 0.40563521 0.4048173 0.38892287 0.37302845 0.35713402 0.34123959 0.32593938 0.32997659 0.3340138 0.33805101 0.34208822 0.34608035 0.34683714 0.34735316 0.34786918 0.34838519 0.34890121 0.33963741 0.32637698 0.31311655 0.29985612 0.28659569 0.28516614 0.29046943 0.29577273 0.30107603 0.30637932 -9999
0.35166027 0.35796502 0.35922144 0.36259574 0.36215228 0.34709282 0.33203336 0.31697389 0.30191443 0.30668885 0.31214478 0.31760071 0.32305665 0.31695853 0.31386485 0.31996479 0.32606472 0.33216466 0.34157791 0.35921699 0.36240692 0.36621479 0.3702151 0.37421541 0.37821572 0.38421249 0.39113166 0.39805082 0.40496999 0.40915536 0.40763054 0.39823673 0.38234231 0.36644788 0.35055345 0.33525323 0.33929044 0.34332765 0.34736486 0.35129483 0.35431235 0.35506915 0.35558516 0.35610118 0.3566172 0.35429346 0.34446427 0.33120384 0.31794341 0.30468298 0.28982269 0.28798679 0.29329008 0.29859338 0.30389668 0.30221928 -9999
0.34613229 0.34691738 0.34770248 0.35107677 0.35621053 0.35909859 0.34403913 0.32897966 0.3139202 0.31869462 0.32415055 0.32960649 0.32123982 0.31096144 0.30786776 0.3139677 0.32006763 0.33092449 0.34872536 0.36636445 0.36955437 0.3727443 0.37646905 0.38046936 0.38446967 0.39046644 0.3973856 0.40430477 0.40802699 0.41043074 0.40890592 0.40030215 0.39165616 0.37576174 0.35986731 0.34456709 0.3486043 0.35264151 0.35650932 0.35952684 0.36254436 0.36330115 0.36381716 0.36433318 0.36175206 0.35912031 0.34929112 0.33603069 0.32277026 0.30783251 0.29264334 0.29080744 0.29611073 0.30141403 0.2993879 0.29600797 -9999
0.33461332 0.33539842 0.33618351 0.3395578 0.34469157 0.34982533 0.35495909 0.34098543 0.32592597 0.33070039 0.33579949 0.32552111 0.31524273 0.30496435 0.30187067 0.30797061 0.32027107 0.33807194 0.35587282 0.37351191 0.37670183 0.37989175 0.38308168 0.3867233 0.39072361 0.39672038 0.40363955 0.40689861 0.40930237 0.41170612 0.4101813 0.40157753 0.39297377 0.38437 0.36918117 0.35388095 0.35791816 0.3617238 0.36474132 0.36775884 0.37077636 0.37153315 0.3718424 0.36921065 0.36657891 0.36394717 0.35411798 0.34085755 0.32584234 0.31065316 0.29546399 0.29362809 0.29893138 0.29655651 0.29317659 0.28979666 -9999
0.32309436 0.32387945 0.32466455 0.32803884 0.3331726 0.33830636 0.34344013 0.34857389 0.33793174 0.34008078 0.3298024 0.31952402 0.30924564 0.29896726 0.29587358 0.30961765 0.32741852 0.3452194 0.36302027 0.38065936 0.38384928 0.38703921 0.39022913 0.39341905 0.39697756 0.40297433 0.40577024 0.40817399 0.41057774 0.4129815 0.41145667 0.40285291 0.39424914 0.38564538 0.37704162 0.36319481 0.36693828 0.3699558 0.37297332 0.37599084 0.37900836 0.37930099 0.37666925 0.37403751 0.37140577 0.36877403 0.35894483 0.34385216 0.32866299 0.31347381 0.29828464 0.29644874 0.29372513 0.29034521 0.28696528 0.28358535 -9999
0.32223498 0.32302008 0.32380517 0.32274455 0.32787831 0.33301207 0.33814584 0.3432796 0.34841336 0.33615391 0.32587553 0.31559715 0.30531877 0.29504039 0.29707957 0.31488045 0.33268133 0.3504822 0.36828308 0.38236223 0.38660033 0.38979025 0.39298018 0.3961701 0.39936002 0.40201222 0.40441597 0.40681972 0.40922347 0.41162723 0.41084072 0.40223695 0.39363319 0.38502943 0.37642566 0.36816836 0.37118588 0.3742034 0.37722092 0.38023843 0.38237996 0.37927464 0.3766429 0.37401115 0.37137941 0.36874767 0.35872727 0.3435381 0.32834892 0.31315975 0.29797058 0.29373856 0.29035863 0.28697871 0.28359878 0.28021886 -9999
0.34614462 0.34692972 0.34771481 0.34371269 0.3370479 0.34218167 0.34731543 0.35244919 0.35758295 0.34096109 0.32675909 0.31648071 0.30620233 0.29592395 0.29796314 0.31576401 0.33356489 0.35136576 0.36392197 0.37129615 0.37768444 0.38232564 0.38551556 0.38870548 0.39189541 0.3945476 0.39695135 0.39935511 0.40175886 0.39991044 0.39768239 0.39643255 0.38862247 0.3800187 0.37141494 0.36315763 0.36617515 0.36919267 0.37221019 0.37403321 0.37323806 0.36901488 0.36533944 0.3627077 0.36007595 0.35744421 0.34867102 0.3359401 0.32075093 0.30556176 0.29037258 0.28952898 0.29360245 0.29022252 0.28684259 0.28346267 -9999
0.37005426 0.37083935 0.37162445 0.36762233 0.36036708 0.35311184 0.35648502 0.36161878 0.36675255 0.35013069 0.33276127 0.31736427 0.30708589 0.29680751 0.2988467 0.31664757 0.33444845 0.34547067 0.35285589 0.36023007 0.36661836 0.37300666 0.37805095 0.38124087 0.38443079 0.38708299 0.38948674 0.39189049 0.3893899 0.38661897 0.38439092 0.38314108 0.38189124 0.37500798 0.36640421 0.35814691 0.36116443 0.36418195 0.36568646 0.36489131 0.36409616 0.35987297 0.35528469 0.35140424 0.3487725 0.34614075 0.33736756 0.32566657 0.31315293 0.29796376 0.28277459 0.28193098 0.2887571 0.29346633 0.29008641 0.28670648 -9999
0.38006711 0.39474899 0.39553409 0.39153196 0.38427672 0.37702148 0.36976624 0.37078838 0.37592214 0.35930028 0.34193087 0.32456146 0.30796946 0.29769108 0.29973026 0.31753113 0.32701937 0.33440459 0.34178981 0.34916399 0.35555229 0.36194058 0.36832887 0.37377625 0.37696618 0.37961837 0.3816403 0.37886937 0.37609843 0.3733275 0.37109945 0.36984961 0.36859977 0.36734993 0.36139349 0.35313619 0.35615371 0.35733971 0.35654456 0.35574941 0.35495426 0.35073107 0.34614279 0.34155451 0.33746904 0.3348373 0.32606411 0.31436311 0.30266211 0.29036577 0.27517659 0.27433299 0.2811591 0.28798521 0.29333022 0.28995029 -9999
0.38046619 0.40101191 0.41944373 0.4154416 0.40818636 0.40093112 0.39367588 0.38642064 0.38509173 0.36846987 0.35110046 0.33373105 0.31636164 0.29899223 0.30061382 0.30856807 0.31595329 0.32333851 0.33072373 0.33809791 0.34448621 0.3508745 0.35726279 0.36365109 0.36950156 0.37111976 0.36834883 0.3655779 0.36280696 0.36003603 0.35780797 0.35655814 0.3553083 0.35405846 0.35280862 0.34812546 0.34899296 0.34819781 0.34740266 0.3466075 0.34581235 0.34158917 0.33700089 0.33241261 0.32782432 0.32353384 0.31476065 0.30305965 0.29135865 0.27965765 0.2675786 0.26673499 0.27356111 0.28038722 0.28721333 0.29319411 -9999
0.3752032 0.39574891 0.41072189 0.4143863 0.40823133 0.40097609 0.39372085 0.38646561 0.37921037 0.36217695 0.34480754 0.32743812 0.31006871 0.2947614 0.29930091 0.30668613 0.31407134 0.32145656 0.32884178 0.32340855 0.31489462 0.32128292 0.32767121 0.33405951 0.3404478 0.34057131 0.33780038 0.33502944 0.33225851 0.32948758 0.351413 0.35610165 0.35485181 0.35360197 0.35235214 0.35111585 0.3503207 0.34952555 0.3487304 0.34793524 0.34485083 0.34020503 0.33561675 0.33102847 0.32644019 0.32335059 0.31552213 0.30382113 0.29212013 0.28041913 0.26995272 0.27199693 0.27882304 0.28564915 0.29247527 0.29757864 -9999
0.36566919 0.37677686 0.37695399 0.38061839 0.38665256 0.3830195 0.37576426 0.36850902 0.36125378 0.34422036 0.32685094 0.30948153 0.29749159 0.29980721 0.30434672 0.31173194 0.31911716 0.32650238 0.318304 0.30644501 0.28920858 0.27771721 0.2841055 0.29049379 0.29688209 0.2970056 0.29423466 0.29146373 0.29194274 0.31521456 0.33717223 0.35676192 0.364077 0.36282716 0.36157732 0.36034104 0.35954589 0.35875073 0.35795558 0.35450437 0.34931852 0.34467273 0.34008444 0.33549616 0.33291823 0.33321287 0.32538441 0.31368341 0.30198241 0.29181507 0.28491513 0.28695934 0.29378546 0.30061157 0.30525157 0.3046391 -9999
0.34283182 0.34300895 0.34318608 0.34685049 0.35288465 0.35891881 0.35780767 0.35055243 0.34329719 0.32626376 0.30889435 0.30022178 0.3025374 0.30485302 0.30939253 0.31677775 0.32416297 0.31313924 0.30134047 0.28948148 0.27224504 0.2550086 0.24053979 0.24692808 0.25331638 0.25343988 0.25066895 0.25443015 0.27770197 0.30097379 0.32293146 0.34252115 0.36211085 0.37205235 0.37080251 0.36956622 0.36877107 0.36797592 0.36415792 0.35897207 0.35378622 0.34914042 0.34455214 0.34248586 0.34278051 0.34307515 0.33524669 0.32354569 0.31367742 0.30677749 0.29987755 0.30192176 0.30874787 0.3129245 0.31231203 0.31169956 -9999
0.30906392 0.30924105 0.30941818 0.31308259 0.31911675 0.32515091 0.33118507 0.33259584 0.32534059 0.30830717 0.30295198 0.3052676 0.30758322 0.30989884 0.31443834 0.31977325 0.30797448 0.2961757 0.28437693 0.27251794 0.25528151 0.23804507 0.22080863 0.20357219 0.20975066 0.20987417 0.21691756 0.24018938 0.2634612 0.28673302 0.30869069 0.32828038 0.34787007 0.36745977 0.38002769 0.37879141 0.37799626 0.37381146 0.36862561 0.36343976 0.35825391 0.35360811 0.35205349 0.35234814 0.35264279 0.35293743 0.34510896 0.33553977 0.32863984 0.3217399 0.31483997 0.31688418 0.32059743 0.31998496 0.31937249 0.31876002 -9999
0.27529602 0.27547315 0.27565028 0.27931468 0.28534885 0.29138301 0.29741717 0.30345133 0.307384 0.30568217 0.30799779 0.31031341 0.31262903 0.31494465 0.31460849 0.30280972 0.29101094 0.27921217 0.26741339 0.25555441 0.23831797 0.22108153 0.2038451 0.18660866 0.16937222 0.17940497 0.20267679 0.22594861 0.24922043 0.27249225 0.29444992 0.31403961 0.3336293 0.353219 0.37280869 0.38801659 0.383465 0.37827915 0.3730933 0.36790745 0.3627216 0.36162112 0.36191577 0.36221042 0.36250507 0.36279971 0.35740213 0.35050219 0.34360226 0.33670232 0.32980238 0.32827036 0.32765789 0.32704542 0.32643295 0.32582048 -9999
