P2_models/J1_p2_vp_slide_diff2_260.dat.tif
NCOLS 118
NROWS 92
XLLCORNER 139.62
YLLCORNER -39.07
DX 0.099491525
DY 0.099347826
NODATA_VALUE -9999
[rows 0 to 23 of 92, columns 55 to 109 of 118]
-9999 -9999 -9999 -9999 -9999 -9999 -9999 -9999 -9999 -9999 -9999 -9999 -9999 -9999 -9999 -9999 -9999 -9999 -9999 -9999 -9999 -9999 -9999 -9999 -9999 -9999 -9999 -9999 -9999 -9999 -9999 -9999 -9999 -9999 -9999 -9999 -9999 -9999 -9999 -9999 -9999 -9999 -9999 -9999 -9999 -9999 -9999 -9999 -9999 -9999 -9999 -9999 -9999 -9999 -9999
-0.040874405 -0.05035808 -0.059841754 -0.069325428 -0.078809103 -0.086928627 -0.091407633 -0.095147982 -0.09888833 -0.10262868 -0.10636903 -0.07294041 -0.069239145 -0.065537879 -0.061836613 -0.058135348 -0.05449696 -0.050939033 -0.047381105 -0.043823178 -0.04026525 -0.069330195 -0.077396642 -0.067818236 -0.05823983 -0.048661424 -0.039083018 -0.043482 -0.054338778 -0.065195556 -0.076052334 -0.084582522 -0.08158363 -0.092291821 -0.10616056 -0.12002931 -0.13389805 -0.14745654 -0.15091845 -0.15438037 -0.15784228 -0.1613042 -0.15291363 -0.15958592 -0.16091337 -0.16224082 -0.16356826 -0.16489571 -0.16915467 -0.16067402 -0.15151981 -0.14236559 -0.13321138 -0.12559637 -0.12959206
-0.046797019 -0.046303653 -0.055787328 -0.065271002 -0.074754676 -0.082874201 -0.090066727 -0.09511528 -0.098855628 -0.10259598 -0.10633632 -0.066427082 -0.026061959 -0.022360693 -0.018659427 -0.014958162 -0.011319774 -0.0077618468 -0.0042039193 -0.0006459918 -0.03510555 -0.072832826 -0.086627045 -0.097090866 -0.08751246 -0.077934054 -0.068355648 -0.07275463 -0.083611408 -0.094468186 -0.10105676 -0.092984244 -0.089985351 -0.096128672 -0.10604445 -0.1199132 -0.13378194 -0.14734043 -0.15080234 -0.15426426 -0.15772617 -0.14820805 -0.13317508 -0.14124859 -0.15113465 -0.15246209 -0.15378954 -0.15511699 -0.15937594 -0.16503243 -0.15714662 -0.14799241 -0.13883819 -0.13122318 -0.12443109
-0.058233195 -0.054420005 -0.051732902 -0.061216576 -0.07070025 -0.078819775 -0.086012301 -0.093204828 -0.098822926 -0.10256327 -0.10630362 -0.06639438 -0.024985284 0.016423813 0.024517759 0.028219025 0.031857412 0.035415339 0.03738234 -0.00061292079 -0.038608182 -0.076335458 -0.090129677 -0.10392389 -0.11678509 -0.10720668 -0.097628278 -0.10202726 -0.11288404 -0.117531 -0.10945848 -0.10138597 -0.098387073 -0.10453039 -0.11067371 -0.11979708 -0.13366583 -0.14722431 -0.15068623 -0.15414814 -0.14350248 -0.1284695 -0.11343653 -0.12151004 -0.13204447 -0.1425789 -0.14401082 -0.14533826 -0.14959722 -0.15525371 -0.1609102 -0.15361922 -0.144465 -0.13684999 -0.13005791
-0.069669372 -0.065856181 -0.062042991 -0.058229801 -0.066645824 -0.074765348 -0.081957875 -0.089150402 -0.096342928 -0.10253057 -0.10627092 -0.066361678 -0.024952582 0.016456515 0.057865611 0.071396211 0.075034598 0.071874969 0.033879708 -0.0041155526 -0.042110813 -0.07983809 -0.093632308 -0.10742653 -0.12122075 -0.13501496 -0.12690091 -0.13129989 -0.13400524 -0.12593272 -0.1178602 -0.10978769 -0.10678879 -0.11293211 -0.11907543 -0.12521875 -0.13354971 -0.1471082 -0.15057012 -0.1387969 -0.12376393 -0.10873095 -0.09369798 -0.10177149 -0.11230592 -0.12284035 -0.13337478 -0.13555954 -0.13981849 -0.14547499 -0.15113148 -0.15678797 -0.15009182 -0.14247681 -0.13568472
-0.081105548 -0.077292358 -0.073479168 -0.069665977 -0.065852787 -0.070710922 -0.077903449 -0.085095975 -0.092288502 -0.099481029 -0.10623822 -0.066328976 -0.02491988 0.016489217 0.057898313 0.09930741 0.1063676 0.068372337 0.030377076 -0.0076181844 -0.045613445 -0.083340722 -0.09713494 -0.11092916 -0.12472338 -0.1385176 -0.15231181 -0.15047948 -0.14240696 -0.13433444 -0.12626193 -0.11818941 -0.11519052 -0.12133384 -0.12747716 -0.13362048 -0.1397638 -0.14699209 -0.13409133 -0.11905835 -0.10402538 -0.088992404 -0.073959429 -0.082032943 -0.092567373 -0.1031018 -0.11363623 -0.12417066 -0.13003977 -0.13569626 -0.14135275 -0.14700924 -0.15266574 -0.14810362 -0.14131153
-0.083261874 -0.079448684 -0.075635494 -0.071822303 -0.068554198 -0.074974192 -0.084578053 -0.09177058 -0.098963107 -0.10615563 -0.11334816 -0.073553598 -0.032144501 0.0092645952 0.050673692 0.074992099 0.060125296 0.022130035 -0.015865226 -0.053860487 -0.091805881 -0.095287623 -0.095384913 -0.10917913 -0.12297335 -0.13676757 -0.15056179 -0.14939946 -0.14132694 -0.13325442 -0.1251819 -0.11591476 -0.10994063 -0.11498153 -0.12112485 -0.12726817 -0.13341149 -0.13892349 -0.12389051 -0.10885754 -0.093824566 -0.078791591 -0.081438436 -0.091539978 -0.10207441 -0.11260884 -0.12314327 -0.12446611 -0.12698355 -0.13264004 -0.13829653 -0.14395302 -0.15617209 -0.15773754 -0.15094545
-0.083948009 -0.080134818 -0.076321628 -0.073219703 -0.070282216 -0.076702211 -0.089481009 -0.10014497 -0.10733749 -0.11453002 -0.12172255 -0.081927985 -0.040518889 0.00089020756 0.018770832 0.021978619 0.007111816 -0.030883445 -0.068878706 -0.10174756 -0.10527343 -0.10875517 -0.10829601 -0.10783685 -0.12039115 -0.13418537 -0.14797959 -0.14681726 -0.13874474 -0.13067222 -0.12094736 -0.10924303 -0.10326889 -0.10762005 -0.11243508 -0.11857841 -0.12472173 -0.13023372 -0.11520075 -0.10016778 -0.085134801 -0.089541812 -0.095578802 -0.10568034 -0.11621477 -0.12674921 -0.12654202 -0.12247492 -0.12499237 -0.13064886 -0.13630535 -0.14924335 -0.16644085 -0.1680063 -0.16121421
-0.084634143 -0.080822696 -0.077885209 -0.074947721 -0.072010234 -0.078430229 -0.091209027 -0.10398782 -0.11571188 -0.12290441 -0.13009694 -0.090302373 -0.048893276 -0.037450436 -0.034242648 -0.03103486 -0.045901664 -0.083896924 -0.11168924 -0.11521511 -0.11874098 -0.12222272 -0.12176356 -0.1213044 -0.12084523 -0.13160317 -0.14539739 -0.14423506 -0.13616254 -0.12597996 -0.11427563 -0.10257129 -0.096597158 -0.10094832 -0.10529948 -0.10988864 -0.11603196 -0.12154396 -0.10651099 -0.091608199 -0.097645189 -0.10368218 -0.10971917 -0.11982071 -0.13035514 -0.12861794 -0.12455084 -0.12048374 -0.12300118 -0.12865767 -0.1423146 -0.15951211 -0.17670961 -0.17827506 -0.17148297
-0.085488201 -0.082550714 -0.079613227 -0.076675739 -0.073738252 -0.080158247 -0.092937045 -0.10571584 -0.11849464 -0.13127344 -0.13847132 -0.098676761 -0.093671703 -0.090463915 -0.087256127 -0.08404834 -0.098915143 -0.12163092 -0.12515679 -0.12868266 -0.13220853 -0.13569027 -0.13523111 -0.13477194 -0.13431278 -0.13385362 -0.14281519 -0.14165286 -0.13101256 -0.11930823 -0.10760389 -0.095899559 -0.089925423 -0.094276581 -0.09862774 -0.1029789 -0.1073422 -0.1128542 -0.099711576 -0.10574857 -0.11178556 -0.11782254 -0.12385953 -0.13396108 -0.13069385 -0.12662675 -0.12255965 -0.11849255 -0.12101 -0.13538585 -0.15258336 -0.16978087 -0.18697838 -0.18854382 -0.18282919
-0.088013435 -0.085075947 -0.08213846 -0.079200973 -0.076263486 -0.080718655 -0.093497453 -0.10627625 -0.11905505 -0.13183385 -0.14461265 -0.14193593 -0.13872814 -0.13552035 -0.13231257 -0.12910478 -0.12965365 -0.13317952 -0.13670539 -0.14023126 -0.14375713 -0.14705494 -0.14516158 -0.14470242 -0.14424326 -0.14378409 -0.14332493 -0.13517422 -0.12346989 -0.11176556 -0.10006122 -0.088356891 -0.08518636 -0.089537519 -0.093888677 -0.098239836 -0.10259099 -0.10699241 -0.1130294 -0.11906639 -0.12510338 -0.13114037 -0.1367666 -0.13277761 -0.12871051 -0.12464342 -0.12057632 -0.11650922 -0.12782559 -0.1450231 -0.16222061 -0.17941811 -0.19661562 -0.19608156 -0.19076553
-0.095763393 -0.092825906 -0.089888418 -0.086950931 -0.077078429 -0.077359835 -0.086405674 -0.099184472 -0.11196327 -0.12474207 -0.13752087 -0.13484415 -0.13163636 -0.12842857 -0.12522079 -0.12590491 -0.12862603 -0.13215189 -0.13567776 -0.13920363 -0.14260346 -0.14552726 -0.13443583 -0.1314519 -0.13099274 -0.13053358 -0.13007441 -0.12192371 -0.11021937 -0.098515042 -0.086810708 -0.090366464 -0.098461212 -0.097464647 -0.10181581 -0.10616696 -0.11051812 -0.11491954 -0.12095653 -0.12699352 -0.13303051 -0.13809021 -0.13483469 -0.13084571 -0.12677861 -0.12271151 -0.11864442 -0.12077396 -0.13332408 -0.15052159 -0.16771909 -0.1849166 -0.1836734 -0.1784556 -0.17313957
-0.10351335 -0.10057586 -0.097034887 -0.086514902 -0.075994917 -0.076276322 -0.083897729 -0.092092693 -0.10487149 -0.11765029 -0.13042909 -0.12775237 -0.12454458 -0.12133679 -0.12278506 -0.12487728 -0.1275984 -0.13112427 -0.13465013 -0.13799504 -0.14107578 -0.14399958 -0.13290815 -0.12181672 -0.11774222 -0.11728306 -0.1168239 -0.10867319 -0.096968859 -0.085264525 -0.09140562 -0.10490643 -0.11300118 -0.11135469 -0.10974293 -0.11409409 -0.11844525 -0.12284667 -0.12888366 -0.13492065 -0.13941383 -0.13615831 -0.13290279 -0.12891381 -0.12484671 -0.12077961 -0.1234708 -0.12627245 -0.13882257 -0.15602007 -0.17321758 -0.17108152 -0.16604744 -0.16082964 -0.15551361
-0.11126331 -0.10647136 -0.095951375 -0.08543139 -0.074911405 -0.07519281 -0.082814216 -0.090435623 -0.098057029 -0.11055851 -0.12333731 -0.12066059 -0.117573 -0.11966522 -0.12175743 -0.12384965 -0.12657077 -0.13009664 -0.13338662 -0.13646736 -0.1395481 -0.1424719 -0.13138047 -0.12028904 -0.10919762 -0.10403254 -0.10357338 -0.095422675 -0.083718342 -0.092444777 -0.10594559 -0.1194464 -0.12754115 -0.12589466 -0.12424817 -0.12260168 -0.12637238 -0.1307738 -0.13681079 -0.14073745 -0.13748193 -0.13422641 -0.13097089 -0.12698191 -0.123366 -0.12616765 -0.12896929 -0.13177093 -0.14432105 -0.16151856 -0.15848963 -0.15345556 -0.14842148 -0.14320368 -0.13788765
-0.11590783 -0.10538785 -0.094867863 -0.084347878 -0.073827893 -0.074109298 -0.081730704 -0.08935211 -0.096973517 -0.10459492 -0.11624553 -0.11445315 -0.11654537 -0.11863759 -0.1207298 -0.12282202 -0.12554314 -0.12877821 -0.13185894 -0.13493968 -0.13802042 -0.14094422 -0.12985279 -0.11876136 -0.10766994 -0.096578509 -0.090322865 -0.082172159 -0.093483933 -0.10698474 -0.12048556 -0.13398637 -0.14208112 -0.14043463 -0.13878814 -0.13714164 -0.13549515 -0.13870093 -0.14206107 -0.13880555 -0.13555003 -0.13229451 -0.12903899 -0.12606285 -0.12886449 -0.13166614 -0.13446778 -0.13726942 -0.14981954 -0.14589774 -0.14086367 -0.13582959 -0.13079552 -0.12557772 -0.1128028
-0.11470113 -0.10418114 -0.093661156 -0.083141171 -0.072621186 -0.072971787 -0.080593193 -0.088214599 -0.095836005 -0.10345741 -0.11107882 -0.11076275 -0.11285497 -0.11494719 -0.1170394 -0.11913162 -0.12165747 -0.12473821 -0.12781894 -0.13089968 -0.13398042 -0.13689788 -0.13180753 -0.1207161 -0.10962467 -0.098533244 -0.087441816 -0.093171146 -0.10667196 -0.12017277 -0.13367358 -0.14717439 -0.15375645 -0.15210996 -0.15046347 -0.14881698 -0.14717049 -0.14547603 -0.14222051 -0.13896499 -0.13570947 -0.13245395 -0.12847546 -0.13151106 -0.1343127 -0.13711435 -0.13991599 -0.14271763 -0.13794243 -0.13290836 -0.12787428 -0.12284021 -0.11780614 -0.11176849 -0.098383693
-0.11572206 -0.10268818 -0.092168191 -0.081648206 -0.071128221 -0.071524716 -0.079330207 -0.086951613 -0.09457302 -0.10219443 -0.10981583 -0.10496431 -0.10297726 -0.10506948 -0.10716169 -0.10925391 -0.11177976 -0.1148605 -0.11794123 -0.12102197 -0.12379767 -0.12632516 -0.13354524 -0.1307627 -0.11967127 -0.10857985 -0.097488418 -0.10321775 -0.11671856 -0.13021937 -0.14372018 -0.14764351 -0.15080896 -0.15635289 -0.15548244 -0.15383595 -0.15218946 -0.150495 -0.14723948 -0.14398396 -0.14072844 -0.13648708 -0.1300849 -0.13504532 -0.13964409 -0.14244573 -0.14524737 -0.14804902 -0.14073357 -0.13069269 -0.12565861 -0.12062454 -0.11559047 -0.11416266 -0.11091801
-0.12346845 -0.10518279 -0.090675226 -0.080155241 -0.069635255 -0.07003175 -0.077846454 -0.085661158 -0.093310034 -0.10093144 -0.10855285 -0.10370133 -0.09842122 -0.095191766 -0.097283983 -0.099376199 -0.10190205 -0.10498279 -0.10806352 -0.11075 -0.11322495 -0.11575243 -0.12297252 -0.1301926 -0.12971788 -0.11862645 -0.10753502 -0.11326435 -0.12676516 -0.14026597 -0.14272037 -0.14456584 -0.14773129 -0.15327522 -0.15881916 -0.15885491 -0.15720842 -0.15551396 -0.15225844 -0.14900293 -0.1444987 -0.13809651 -0.13169433 -0.13665476 -0.14282534 -0.14777712 -0.15057876 -0.1533804 -0.14606496 -0.13392639 -0.12344295 -0.11840887 -0.1133748 -0.11194699 -0.11244724
-0.13121483 -0.11292917 -0.09464352 -0.078662275 -0.06814229 -0.068538785 -0.076353489 -0.084168193 -0.091982897 -0.099668454 -0.10728986 -0.10243834 -0.097158234 -0.091878129 -0.087406272 -0.089498489 -0.09202434 -0.095105077 -0.097702336 -0.10017728 -0.10265222 -0.10517971 -0.11239979 -0.11961987 -0.12683996 -0.12867305 -0.11758162 -0.12331095 -0.13595175 -0.13779723 -0.1396427 -0.14148817 -0.14465363 -0.15019756 -0.15574149 -0.16128542 -0.16222739 -0.16053293 -0.15727741 -0.15251031 -0.14610813 -0.13970595 -0.13330377 -0.13826419 -0.14443477 -0.15060535 -0.15591014 -0.15871179 -0.15139634 -0.13925778 -0.12711921 -0.11619321 -0.11115913 -0.10973132 -0.11023157
-0.13896121 -0.12067556 -0.1023899 -0.084104248 -0.066649325 -0.06704582 -0.074860524 -0.082675228 -0.090489932 -0.098304636 -0.10602687 -0.10117535 -0.095895249 -0.090615143 -0.085335037 -0.080054932 -0.08214663 -0.08465467 -0.087129614 -0.089604557 -0.092079501 -0.094606989 -0.10182707 -0.10904715 -0.11626723 -0.12348731 -0.12762822 -0.13102861 -0.13287408 -0.13471956 -0.13656503 -0.13841051 -0.14157596 -0.14711989 -0.15266382 -0.15820775 -0.16375168 -0.1655519 -0.16052193 -0.15411975 -0.14771757 -0.14131538 -0.1349132 -0.13987363 -0.14604421 -0.15221478 -0.15838536 -0.16404317 -0.15672773 -0.14458916 -0.1324506 -0.12031204 -0.10894347 -0.10751566 -0.1080159
-0.1312223 -0.11293665 -0.094650994 -0.07636534 -0.06585974 -0.070483596 -0.077723162 -0.085537866 -0.09335257 -0.10116727 -0.10898198 -0.10413688 -0.098856773 -0.093576667 -0.088296562 -0.08417675 -0.088516008 -0.090990952 -0.093465895 -0.095940839 -0.098415783 -0.089131849 -0.0907854 -0.098005481 -0.10522556 -0.11244564 -0.11966572 -0.12320965 -0.12505512 -0.1269006 -0.12874607 -0.13059154 -0.13923023 -0.14388751 -0.14943144 -0.15497537 -0.1605193 -0.16570709 -0.1593049 -0.15290272 -0.14650054 -0.14009836 -0.1343091 -0.13938267 -0.14555325 -0.15172383 -0.15789441 -0.15943809 -0.14834358 -0.13620502 -0.12406645 -0.11192789 -0.10795327 -0.11511079 -0.11561103
-0.11180255 -0.093516896 -0.075231242 -0.070121984 -0.080272785 -0.08489664 -0.085764704 -0.091686017 -0.099500721 -0.10731542 -0.11513013 -0.11028503 -0.10500492 -0.099724818 -0.097471613 -0.10326781 -0.10760707 -0.11008201 -0.11255695 -0.1150319 -0.10295684 -0.087673338 -0.086068709 -0.086610074 -0.093830155 -0.10105024 -0.10827032 -0.11181424 -0.11365971 -0.11550519 -0.11863068 -0.13073336 -0.13938474 -0.14181722 -0.14608236 -0.15162629 -0.15717022 -0.16235801 -0.15595583 -0.14955364 -0.14315146 -0.13746041 -0.13223379 -0.13730736 -0.14347794 -0.14964852 -0.14961256 -0.14070807 -0.12961356 -0.11747499 -0.10533643 -0.1033395 -0.12294888 -0.13010639 -0.13060664
-0.092382798 -0.074097144 -0.074384228 -0.084535029 -0.094685829 -0.099309685 -0.10017775 -0.10104581 -0.10564887 -0.11346358 -0.12127828 -0.11643318 -0.11115307 -0.11076648 -0.11656267 -0.12235887 -0.12669813 -0.12917307 -0.13164801 -0.11693499 -0.10149832 -0.086214827 -0.084610198 -0.083005569 -0.082434748 -0.089654829 -0.096874911 -0.10041883 -0.10226431 -0.10668253 -0.1187852 -0.13088788 -0.13953926 -0.14197174 -0.14440421 -0.14827721 -0.15382114 -0.15900893 -0.15260675 -0.14620456 -0.14061172 -0.1353851 -0.13015847 -0.13523205 -0.14140263 -0.13978703 -0.13088254 -0.12197805 -0.11088353 -0.098744968 -0.098725717 -0.1183351 -0.13794448 -0.145102 -0.14560224
-0.072963046 -0.078646472 -0.088797272 -0.098948073 -0.10909887 -0.11372273 -0.11459079 -0.11545886 -0.11632692 -0.11961173 -0.12742643 -0.12258133 -0.12406134 -0.12985754 -0.13565373 -0.14144993 -0.14578918 -0.1463498 -0.13091314 -0.11547648 -0.10003981 -0.084756317 -0.083151687 -0.081547058 -0.079942429 -0.078337799 -0.085479503 -0.089023427 -0.09473437 -0.10683705 -0.11893972 -0.13104239 -0.13969378 -0.14212625 -0.14455873 -0.1469912 -0.15047206 -0.15565985 -0.14925767 -0.14376303 -0.1385364 -0.13330978 -0.12808316 -0.13315674 -0.1299615 -0.121057 -0.11215251 -0.10324802 -0.092153507 -0.094111938 -0.11372132 -0.1333307 -0.15294008 -0.1600976 -0.15778309
