P2_models/J1_p2_tot_conduct_slide_12.54.dat.tif
NCOLS 118
NROWS 92
XLLCORNER 139.62
YLLCORNER -39.07
DX 0.099491525
DY 0.099347826
NODATA_VALUE -9999
[rows 26 to 51 of 92, columns 57 to 113 of 118]
-2.3700544 -2.5580809 -2.757064 -2.9200597 -3.0509696 -3.10025 -3.1054864 -3.0193634 -2.9088172 -2.7479491 -2.5985939 -2.5236274 -2.4710575 -2.5301246 -2.618514 -2.7732786 -2.9061033 -3.0332313 -3.0560797 -3.0529739 -2.8929678 -2.7182221 -2.4825412 -2.2753105 -2.0997372 -2.0472826 -2.0472826 -2.1750962 -2.3319933 -2.5192715 -2.646723 -2.7130507 -2.6996898 -2.6177556 -2.5053817 -2.3773791 -2.3376149 -2.3335919 -2.4447883 -2.6534161 -2.8816613 -3.0749849 -3.2490183 -3.2899854 -3.2609475 -3.1204889 -2.9117233 -2.6659207 -2.4052039 -2.1830731 -2.0192047 -1.8563941 -1.7569026 -1.6568272 -1.5697456 -1.4702541 -1.3236194
-2.3940363 -2.5852955 -2.7898059 -2.9579855 -3.1039552 -3.1594636 -3.1783414 -3.0894439 -2.9750491 -2.795035 -2.6317098 -2.5112727 -2.4379415 -2.4324142 -2.4977282 -2.602747 -2.728006 -2.8411588 -2.8613357 -2.8542782 -2.7105682 -2.5460192 -2.3359815 -2.1393579 -1.987143 -1.9392206 -1.9479348 -2.0591448 -2.1995295 -2.3605639 -2.4722291 -2.5109203 -2.4960619 -2.41906 -2.3316699 -2.2316689 -2.2550787 -2.2807939 -2.4563672 -2.6857042 -2.94127 -3.1380743 -3.3152502 -3.3562173 -3.3275753 -3.1929691 -2.987027 -2.7453989 -2.4666511 -2.2331023 -1.9990046 -1.7954154 -1.631062 -1.4788004 -1.3642332 -1.2530368 -1.1308483
-2.4423941 -2.6284326 -2.8240351 -2.9816059 -3.1228428 -3.1761077 -3.1953078 -3.1056403 -2.9893926 -2.7958049 -2.6182172 -2.4759511 -2.3771465 -2.3561529 -2.384571 -2.477358 -2.5719389 -2.6785489 -2.6938832 -2.6869482 -2.5520424 -2.4005217 -2.2072215 -2.0314001 -1.8900626 -1.8419769 -1.8516661 -1.9374804 -2.0662504 -2.2093191 -2.2562746 -2.2750408 -2.2540762 -2.1792523 -2.1463642 -2.0642279 -2.1605479 -2.2328211 -2.4369309 -2.7065072 -2.9725043 -3.1459086 -3.32052 -3.3302073 -3.3034277 -3.1533776 -2.9321363 -2.691686 -2.4131226 -2.1497767 -1.915679 -1.7006491 -1.5114216 -1.3496867 -1.2090471 -1.0955758 -0.97119889
-2.5252106 -2.6871622 -2.8695633 -3.0141535 -3.139827 -3.1844909 -3.1949637 -3.1009324 -2.9793317 -2.7822467 -2.5900175 -2.438162 -2.3143816 -2.2812177 -2.2941226 -2.3659776 -2.4475979 -2.5360348 -2.5473954 -2.5405828 -2.4091502 -2.2691426 -2.0867415 -1.9303947 -1.8074934 -1.7686549 -1.7686549 -1.8454731 -1.9382645 -2.0143462 -2.0491958 -2.0436685 -2.004049 -1.9338197 -1.9113618 -1.8958439 -2.0252202 -2.1894675 -2.4411225 -2.7140615 -2.9949788 -3.159483 -3.2974261 -3.2901431 -3.2210604 -3.0513395 -2.8260629 -2.5802603 -2.3062204 -2.0428745 -1.8087768 -1.607198 -1.4023625 -1.2429334 -1.096198 -0.97914913 -0.84871927
-2.6059308 -2.755372 -2.9006095 -3.0305285 -3.1336178 -3.1695277 -3.1701267 -3.0652459 -2.935867 -2.7341109 -2.540191 -2.3830991 -2.2571034 -2.2129161 -2.225821 -2.297676 -2.3764895 -2.4615239 -2.4728846 -2.466072 -2.3444712 -2.2088233 -2.0485314 -1.8996414 -1.7950749 -1.7562364 -1.7562364 -1.7997534 -1.8761721 -1.921073 -1.9146099 -1.8698098 -1.8352559 -1.7723795 -1.7935357 -1.8027053 -2.0016884 -2.177049 -2.4656128 -2.7425819 -3.0136065 -3.1305606 -3.2477522 -3.1716705 -3.0968756 -2.8972 -2.6646227 -2.4188201 -2.182228 -1.924899 -1.7343874 -1.5796566 -1.4085717 -1.2854782 -1.1458719 -1.0382098 -0.87790567
-2.7043805 -2.8154616 -2.9472797 -3.0468369 -3.1403747 -3.1565182 -3.1512818 -3.0362876 -2.8981049 -2.6892037 -2.4921656 -2.3350737 -2.2087 -2.1683356 -2.1798845 -2.2534844 -2.3388922 -2.4218018 -2.432169 -2.4321342 -2.3202411 -2.1952929 -2.0437262 -1.9119052 -1.8144117 -1.7862681 -1.7862681 -1.8198938 -1.8675284 -1.8850857 -1.8509492 -1.7959058 -1.7509681 -1.6927188 -1.7388391 -1.7831814 -1.9977776 -2.2287098 -2.5261554 -2.7711824 -3.0345424 -3.1102413 -3.1887059 -3.0906741 -2.9649114 -2.7572604 -2.540687 -2.2948844 -2.0945605 -1.8780369 -1.712968 -1.6341992 -1.4937406 -1.4237776 -1.309917 -1.2090077 -1.0112979
-2.7888406 -2.8816935 -2.9867123 -3.0733297 -3.1466392 -3.1556378 -3.1346922 -3.014434 -2.8651968 -2.6519946 -2.4458033 -2.2887114 -2.1623376 -2.1291738 -2.1467686 -2.2296782 -2.319387 -2.4133512 -2.4344542 -2.4387574 -2.3337386 -2.2217857 -2.083603 -1.9648907 -1.8771041 -1.8529835 -1.8585108 -1.8881345 -1.918689 -1.9011317 -1.8641956 -1.7923406 -1.7377217 -1.6967546 -1.754845 -1.8361669 -2.0644122 -2.3130116 -2.6056337 -2.8480764 -3.0587643 -3.1097326 -3.1290973 -3.006196 -2.8479602 -2.6314198 -2.4188425 -2.2081546 -2.0384356 -1.8911671 -1.7858231 -1.7148012 -1.6621292 -1.6344741 -1.5889853 -1.5070511 -1.3042047
-2.790116 -2.8780179 -2.9752404 -3.0644973 -3.1408236 -3.1495033 -3.1285577 -3.0080604 -2.8588231 -2.6401178 -2.4321511 -2.2698229 -2.1447462 -2.1163468 -2.141375 -2.2354142 -2.3357202 -2.4376501 -2.4610772 -2.4819011 -2.3879369 -2.2795468 -2.1514015 -2.0422005 -1.9697594 -1.9533595 -1.9635946 -1.993298 -2.0231351 -2.0079486 -1.9787216 -1.9151902 -1.8666633 -1.8315545 -1.8991589 -1.9835094 -2.1941974 -2.4427928 -2.7006181 -2.8796361 -3.0597208 -3.0700094 -3.0793038 -2.9564025 -2.7973696 -2.6147906 -2.4569591 -2.2679852 -2.1469224 -2.0024651 -1.9298861 -1.9171244 -1.8899829 -1.9338837 -1.8931633 -1.854636 -1.6538782
-2.7707047 -2.8474906 -2.9419821 -3.0392663 -3.1178122 -3.1431378 -3.1221922 -3.0091949 -2.8599576 -2.6387524 -2.4252698 -2.2595919 -2.1279096 -2.0980132 -2.1237194 -2.2231356 -2.3345857 -2.4451318 -2.4831356 -2.5090819 -2.4199953 -2.3226836 -2.1997081 -2.101817 -2.037844 -2.0363418 -2.0529237 -2.0965113 -2.1267323 -2.1150274 -2.1056638 -2.0475 -2.0139731 -1.9847109 -2.0466996 -2.1370364 -2.3244691 -2.5445538 -2.7810269 -2.8960219 -3.0364806 -3.0400094 -3.0239133 -2.9204786 -2.7795115 -2.620172 -2.5244591 -2.3722956 -2.2580773 -2.1614133 -2.1005833 -2.0701271 -2.081832 -2.1444068 -2.1716226 -2.1581157 -2.0133076
-2.6847029 -2.7547659 -2.8597848 -2.9628768 -3.0676047 -3.1033188 -3.1137916 -3.007939 -2.873204 -2.649155 -2.431893 -2.259092 -2.1212864 -2.0825953 -2.1038498 -2.1978141 -2.3100515 -2.4316523 -2.4772034 -2.5090819 -2.4261723 -2.33593 -2.2253839 -2.134933 -2.082261 -2.0865459 -2.1191556 -2.1744193 -2.2260801 -2.2358132 -2.2315044 -2.1983406 -2.1757511 -2.1698987 -2.2257365 -2.3026161 -2.4547796 -2.6288634 -2.7810269 -2.883011 -2.9570023 -2.9605312 -2.944435 -2.8800581 -2.7897491 -2.7195198 -2.6413643 -2.5511217 -2.4439479 -2.3473264 -2.2595398 -2.225143 -2.220919 -2.3036738 -2.3645188 -2.4230432 -2.2910392
-2.5457645 -2.6176698 -2.7289904 -2.8556603 -2.9762745 -3.0558687 -3.086105 -3.0155368 -2.8905685 -2.6777577 -2.4564054 -2.265356 -2.1162064 -2.0493951 -2.0567727 -2.1359241 -2.2368469 -2.3527238 -2.4017822 -2.4283959 -2.3561383 -2.2709971 -2.1732652 -2.0946372 -2.0543217 -2.0792633 -2.1204602 -2.2019762 -2.2623166 -2.2870097 -2.3266194 -2.3173573 -2.3023573 -2.2986867 -2.3302069 -2.3973404 -2.4713127 -2.6234762 -2.7194971 -2.7483954 -2.8023979 -2.8191482 -2.8145799 -2.837213 -2.7705779 -2.7773023 -2.7882694 -2.7234246 -2.5969153 -2.4976634 -2.3529549 -2.215253 -2.1810745 -2.2358912 -2.3133956 -2.4135043 -2.4052142
-2.4032536 -2.4626879 -2.5787614 -2.7218242 -2.8632069 -2.9730539 -3.041127 -3.0004915 -2.9065273 -2.7018134 -2.4872111 -2.2908313 -2.1163375 -2.0366253 -2.0052555 -2.0715831 -2.1469397 -2.2519586 -2.2935028 -2.3149902 -2.2447769 -2.1729219 -2.081306 -2.0212631 -1.9920009 -2.0345576 -2.095358 -2.1922548 -2.2787298 -2.3372542 -2.3972988 -2.4028261 -2.407029 -2.407029 -2.4258681 -2.4627079 -2.5041584 -2.5628972 -2.6097168 -2.589231 -2.6067883 -2.6252804 -2.6496767 -2.7124854 -2.7602272 -2.8187516 -2.892726 -2.8810211 -2.7473734 -2.596363 -2.4090848 -2.1896438 -2.0784474 -2.0993281 -2.1816178 -2.316224 -2.3692382
-2.2382699 -2.290485 -2.4065585 -2.5595253 -2.7373663 -2.8679774 -2.9881415 -2.9733678 -2.9197736 -2.729623 -2.5269503 -2.3174944 -2.1362071 -2.0201336 -1.971545 -1.9825996 -2.0382276 -2.0996252 -2.1325895 -2.1427873 -2.0764596 -2.0073422 -1.9354872 -1.8851522 -1.8851522 -1.9410529 -2.0291261 -2.1479491 -2.2588602 -2.3447589 -2.4187871 -2.4574783 -2.4681402 -2.4732609 -2.4686234 -2.4759543 -2.4525445 -2.4730977 -2.4145733 -2.3632173 -2.3286144 -2.3602761 -2.3979955 -2.550159 -2.6478258 -2.8409564 -2.9508617 -3.0002385 -2.8493134 -2.6795229 -2.363491 -2.0817811 -1.853259 -1.811733 -1.8587928 -2.0285137 -2.1432744
-2.1242387 -2.1636115 -2.2748778 -2.4403156 -2.6244419 -2.7917077 -2.924727 -2.9657477 -2.9305652 -2.7747303 -2.5795784 -2.3739374 -2.1780379 -2.0390752 -1.9520978 -1.9387844 -1.9463597 -1.9911868 -2.0101887 -1.9925468 -1.9262191 -1.8632389 -1.8054804 -1.7756297 -1.7896807 -1.872854 -1.9711149 -2.1126502 -2.2375818 -2.3364783 -2.4390068 -2.4856997 -2.5096105 -2.5168975 -2.4807399 -2.4722195 -2.3862931 -2.3516072 -2.252763 -2.123421 -2.0649888 -2.0904541 -2.1420626 -2.347352 -2.5153231 -2.7607153 -2.9699277 -3.0509864 -2.9119235 -2.6986112 -2.3487655 -1.9452112 -1.6611916 -1.5135427 -1.5455374 -1.7054522 -1.8993953
-2.0464946 -2.0697732 -2.174792 -2.3330398 -2.5320228 -2.7085895 -2.8709178 -2.9255846 -2.9421665 -2.8012462 -2.6419891 -2.4380922 -2.2452254 -2.0904608 -1.9763301 -1.9265844 -1.9052909 -1.9108182 -1.893676 -1.8665481 -1.8002205 -1.7399576 -1.6902119 -1.6756002 -1.7107149 -1.8058906 -1.9274914 -2.074174 -2.2220679 -2.3508216 -2.4542559 -2.509529 -2.540034 -2.5517388 -2.5147118 -2.4674497 -2.3569865 -2.2347282 -2.0767123 -1.9274428 -1.8162464 -1.8300804 -1.8827956 -2.1117458 -2.369348 -2.673675 -2.9082497 -3.0721181 -2.9496405 -2.716871 -2.3247574 -1.9121451 -1.5024741 -1.3026679 -1.2399563 -1.3862674 -1.5747758
-2.0537645 -2.0710742 -2.1549225 -2.3065344 -2.4922837 -2.6769046 -2.8510482 -2.9260147 -2.9620361 -2.8610568 -2.7214674 -2.5381935 -2.3507321 -2.1904402 -2.0665647 -1.9861931 -1.9468852 -1.9240646 -1.896608 -1.8466786 -1.7803509 -1.7207181 -1.6875543 -1.6783848 -1.7239613 -1.8220118 -1.947361 -2.097973 -2.2485606 -2.3735491 -2.4762593 -2.542587 -2.5708503 -2.5782316 -2.5337412 -2.4806961 -2.334385 -2.2016123 -1.9909884 -1.7959536 -1.6374203 -1.6267174 -1.6642304 -1.9041806 -2.1640292 -2.536032 -2.8313261 -3.0522485 -2.9911683 -2.7764797 -2.3953463 -1.950107 -1.4958509 -1.1968937 -1.1008694 -1.1724127 -1.3650299
-2.1303279 -2.1482843 -2.2235306 -2.3572518 -2.520475 -2.6869915 -2.8471543 -2.926906 -2.9766518 -2.8767742 -2.7843369 -2.6029866 -2.4608553 -2.3068606 -2.1991299 -2.1225328 -2.0770808 -2.0407582 -1.9929993 -1.9472221 -1.8808944 -1.8212616 -1.7880978 -1.7817452 -1.8248566 -1.926606 -2.0364337 -2.1842774 -2.3078869 -2.4284574 -2.5085854 -2.5699565 -2.5988673 -2.6056665 -2.5602339 -2.5105511 -2.3645982 -2.203681 -1.9833727 -1.7838014 -1.5772536 -1.5143261 -1.537013 -1.7730575 -2.0397873 -2.4143436 -2.7096377 -3.0187257 -3.0501901 -2.869371 -2.5227748 -2.1101577 -1.6417119 -1.2816183 -1.108746 -1.1338481 -1.2826965
-2.255942 -2.2605917 -2.321392 -2.4221752 -2.5635579 -2.7012621 -2.8478812 -2.9249991 -2.9857995 -2.9212589 -2.8465419 -2.7103956 -2.5852075 -2.4580794 -2.3641648 -2.2978371 -2.2547211 -2.2160299 -2.1728049 -2.1321598 -2.0678292 -2.0067426 -1.9735787 -1.9621378 -1.9972525 -2.0684041 -2.1678956 -2.27317 -2.3873882 -2.4751748 -2.5370273 -2.5867731 -2.614957 -2.6266618 -2.5958078 -2.5504649 -2.4208306 -2.2561546 -2.0279093 -1.8105174 -1.5881245 -1.5102237 -1.4712434 -1.6677966 -1.9345264 -2.3090828 -2.6522628 -2.985852 -3.0703991 -3.0068516 -2.7200819 -2.3472546 -1.8849117 -1.497954 -1.2279861 -1.1753141 -1.2752831
-2.4296929 -2.4253937 -2.4579953 -2.5324791 -2.6318596 -2.7409273 -2.8540905 -2.9169597 -2.9671718 -2.9210984 -2.8537336 -2.7699513 -2.6612269 -2.6004266 -2.5222572 -2.4965328 -2.4754358 -2.4643995 -2.4285247 -2.4115755 -2.3618297 -2.3040082 -2.2597898 -2.2367644 -2.2394128 -2.2769737 -2.3417543 -2.3977289 -2.486736 -2.5427983 -2.5655622 -2.5805639 -2.6062692 -2.6142434 -2.6068528 -2.5753019 -2.4933677 -2.3368747 -2.145973 -1.9466261 -1.730937 -1.6146207 -1.5581728 -1.6752216 -1.9345264 -2.2636615 -2.6093245 -2.9548058 -3.1399644 -3.093781 -2.9294427 -2.6326282 -2.2140013 -1.8064979 -1.5322388 -1.3893604 -1.4086924
-2.5865199 -2.579403 -2.6025646 -2.6324529 -2.713862 -2.7645646 -2.8588197 -2.8864728 -2.925164 -2.8817111 -2.8332031 -2.7696601 -2.708015 -2.6710348 -2.6611525 -2.6566658 -2.6909068 -2.6964341 -2.6838258 -2.6973784 -2.6641019 -2.6143562 -2.5678985 -2.5226586 -2.5094074 -2.4937613 -2.5324525 -2.530488 -2.5788903 -2.6081525 -2.5675735 -2.5648043 -2.5633936 -2.568797 -2.5772395 -2.5659911 -2.5190434 -2.4051601 -2.2411244 -2.1082642 -1.8975763 -1.7756764 -1.683907 -1.7617316 -1.9578183 -2.2577166 -2.5582642 -2.9152632 -3.1347103 -3.199457 -3.0879546 -2.9030969 -2.5226881 -2.1265708 -1.802833 -1.6226316 -1.5509343
-2.7326612 -2.7317363 -2.7372637 -2.7582935 -2.7897118 -2.8213476 -2.852766 -2.8600652 -2.8600652 -2.8174679 -2.7735944 -2.7317032 -2.7013918 -2.7069191 -2.7340076 -2.7892806 -2.8512297 -2.9175574 -2.9562469 -2.9887987 -2.9666894 -2.9388924 -2.8891466 -2.8405717 -2.7937521 -2.7602057 -2.7325691 -2.7003583 -2.6669075 -2.6200879 -2.5741967 -2.5299783 -2.5037849 -2.49208 -2.5041733 -2.5196287 -2.5020714 -2.4613748 -2.3735881 -2.2427905 -2.0847746 -1.9644684 -1.8627331 -1.8978477 -2.0103725 -2.2444702 -2.5419777 -2.8697145 -3.1150198 -3.2652392 -3.2535343 -3.0778464 -2.8144864 -2.4296308 -2.0869995 -1.8411969 -1.7639386
-2.7702509 -2.7693695 -2.7748968 -2.7833687 -2.8025026 -2.8087872 -2.8220173 -2.8033212 -2.7919226 -2.7384856 -2.6954191 -2.6692371 -2.6463318 -2.6759531 -2.7202751 -2.8018975 -2.8954427 -2.9861565 -3.0317856 -3.1139608 -3.1305427 -3.1092885 -3.0696888 -3.0118996 -2.9495171 -2.8855736 -2.838671 -2.7530119 -2.7040624 -2.6305662 -2.5235472 -2.4371671 -2.3851133 -2.3495406 -2.3569312 -2.3726887 -2.4136558 -2.3751655 -2.3501095 -2.312951 -2.1966088 -2.1114654 -2.0136148 -2.0036453 -2.1155396 -2.2722458 -2.4762987 -2.7706492 -3.0098236 -3.1605721 -3.2028168 -3.1222785 -2.9016739 -2.5758866 -2.2362495 -1.9664443 -1.8210954
-2.7459547 -2.7691996 -2.7772999 -2.7960036 -2.8064764 -2.8061776 -2.8009412 -2.7663597 -2.7331959 -2.6709834 -2.6169939 -2.5838806 -2.5682986 -2.5978987 -2.6577339 -2.7516981 -2.8621374 -2.9782109 -3.0670809 -3.1624132 -3.1939757 -3.2038627 -3.1709401 -3.1221629 -3.0521934 -2.9757362 -2.9038812 -2.8024535 -2.7073591 -2.5961626 -2.4580143 -2.3538406 -2.256323 -2.1977985 -2.1823039 -2.1945993 -2.2403334 -2.2700243 -2.279354 -2.3180153 -2.2536384 -2.2107616 -2.1390356 -2.1253261 -2.1678186 -2.2865428 -2.4110962 -2.6510464 -2.8593164 -3.0336664 -3.1001196 -3.0635484 -2.9055324 -2.6215687 -2.3082882 -2.02811 -1.8590003
-2.6261902 -2.6632286 -2.7129743 -2.7452572 -2.7766756 -2.7796848 -2.7744484 -2.7346737 -2.6868336 -2.6162639 -2.550762 -2.5036344 -2.4755739 -2.4921559 -2.5451397 -2.6391039 -2.7504645 -2.8720653 -2.9796852 -3.0895581 -3.1393039 -3.1707467 -3.1541648 -3.1155397 -3.0511628 -2.973291 -2.8906349 -2.7800981 -2.6676199 -2.5239188 -2.3785361 -2.2348261 -2.1186799 -2.0133359 -1.9843776 -1.9694109 -2.0220829 -2.0708085 -2.1468903 -2.2050508 -2.2470153 -2.2358235 -2.2185139 -2.2009566 -2.2190829 -2.26005 -2.3565007 -2.4920899 -2.6622528 -2.8070142 -2.8948008 -2.8758078 -2.7929382 -2.5552497 -2.2906992 -2.0214868 -1.8402107
-2.3912591 -2.464388 -2.5640858 -2.6342283 -2.7155486 -2.7415834 -2.7641347 -2.7313983 -2.6816525 -2.6070879 -2.5251606 -2.4668376 -2.411871 -2.4068393 -2.4325455 -2.4927028 -2.5856312 -2.6879882 -2.7962093 -2.9006161 -2.9545404 -3.0041308 -2.9973388 -2.9823108 -2.9284527 -2.8513997 -2.7684901 -2.6578483 -2.5501212 -2.4078914 -2.2700361 -2.1230217 -1.9785925 -1.8576548 -1.8186112 -1.7558312 -1.8030093 -1.8512795 -1.9521144 -2.0261522 -2.1515873 -2.2394729 -2.245753 -2.2370362 -2.256438 -2.2543399 -2.3300079 -2.3405112 -2.398818 -2.5378475 -2.6068068 -2.5776194 -2.5617115 -2.4194381 -2.1679891 -1.9313199 -1.7697397
-2.1841721 -2.3221551 -2.452151 -2.5839819 -2.678237 -2.7355252 -2.7617072 -2.7338258 -2.6840801 -2.5945009 -2.5059723 -2.4242216 -2.3500743 -2.3160929 -2.3005797 -2.3447752 -2.4067938 -2.5062853 -2.6103107 -2.7051298 -2.7690911 -2.8231448 -2.8286721 -2.811346 -2.7643971 -2.6953199 -2.6124103 -2.5174425 -2.4104831 -2.2758769 -2.1712507 -2.0256522 -1.886078 -1.7456194 -1.6576474 -1.5932971 -1.6148934 -1.6763191 -1.793368 -1.9430174 -2.0776236 -2.1946395 -2.2741369 -2.2931087 -2.28767 -2.2604928 -2.1975501 -2.2034025 -2.2092364 -2.266123 -2.3211495 -2.3301265 -2.3184216 -2.2158739 -2.0441067 -1.8299573 -1.6439566
