P2_models/J1_p2__temp2_slide_80.dat.tif
NCOLS 118
NROWS 92
XLLCORNER 139.62
YLLCORNER -39.07
DX 0.099491525
DY 0.099347826
NODATA_VALUE -9999
[rows 27 to 53 of 92, columns 0 to 59 of 118]
-9999 782.63794 773.69643 764.30907 752.26668 740.22429 728.1819 718.49426 711.52431 704.55436 697.5844 697.78339 699.9497 703.12585 708.32428 713.52271 718.72115 722.52217 725.76294 730.21904 737.47893 744.73883 752.17099 759.62423 767.07747 779.01638 802.97798 826.93959 850.9012 860.4395 864.16655 865.24304 861.21009 857.17715 857.85434 858.67557 859.4968 856.83882 849.20336 841.5679 833.93244 832.92856 832.55804 835.50715 840.84269 846.17822 850.92751 852.17761 853.42772 849.8606 845.46095 841.06129 843.91778 854.80429 863.61974 865.26136 866.90297 868.54458 876.17474 884.89447
-9999 785.26538 774.96016 762.91777 750.87538 738.833 726.79061 717.10297 710.13302 703.16306 696.19311 689.22316 686.71783 689.89399 695.09242 700.29085 705.48928 710.68772 715.02661 719.48271 726.77464 734.22788 741.68113 749.13437 756.58761 768.52651 792.48812 816.44973 840.41133 864.37294 879.04082 880.11731 877.1709 877.99213 878.81335 879.63458 880.45581 877.79783 870.16237 862.52691 854.89145 847.25599 844.56476 847.51386 852.8494 858.18494 863.52048 868.85601 870.38195 866.81484 862.41518 858.01552 853.61587 853.57153 862.38699 864.0286 865.67021 867.31182 868.95343 875.24039
-9999 787.07309 775.0307 762.98831 750.94592 738.90353 726.86114 716.51371 709.54375 702.5738 695.60385 688.6339 681.66394 679.12558 684.32402 689.52245 694.72088 699.91931 705.11775 710.998 718.45124 725.90448 733.35772 740.81097 748.26421 759.30932 783.27093 807.23253 831.19414 855.15575 879.11735 895.17496 895.99619 896.81741 897.63864 898.45987 899.28109 896.49669 888.86123 881.22577 873.59031 865.95485 858.31939 857.84664 863.18218 868.51772 873.85326 879.18879 884.52433 881.42554 877.02588 872.62622 868.22657 863.82691 862.70668 864.34829 865.9899 867.63151 869.27312 870.91473
-9999 799.17788 787.13549 775.0931 763.05072 751.00833 740.57583 728.83413 715.55704 708.58709 701.61714 694.64719 687.67724 685.67395 693.61669 699.03405 704.23248 709.43092 714.62935 720.5096 727.96284 735.41609 742.86933 750.32257 764.28408 778.73117 786.44125 808.49235 832.45395 856.41556 880.37717 896.43478 897.256 898.07723 898.89846 899.71968 895.90376 891.87109 888.95382 881.31836 873.6829 866.04744 858.41198 856.62198 859.7346 865.07014 870.40567 875.74121 881.07675 877.22701 872.34385 867.94419 863.54454 859.14488 859.44674 876.03411 879.08986 880.73147 882.37308 884.01469
-9999 811.28267 799.24029 787.1979 775.50694 765.25214 754.99733 743.25563 729.79785 716.34007 707.63043 700.66048 693.69053 691.68724 699.62998 707.57272 713.74409 718.94252 724.14095 730.02121 737.47445 744.92769 752.38093 768.95462 785.91528 800.36236 808.07245 815.78253 833.71377 857.67538 881.63698 897.69459 898.51582 899.33704 899.84438 894.87419 889.90399 885.87132 883.1799 880.48849 873.77548 866.14002 858.50456 856.71456 859.1268 861.62256 866.95809 872.29363 877.62917 873.77943 868.34221 863.26216 858.86251 854.46285 854.76471 871.35208 887.93945 893.83143 895.47304 897.11465
-9999 823.38747 811.34508 800.18324 789.92844 779.67364 769.41883 757.67713 744.21935 730.76157 717.30379 706.67377 699.70382 697.70053 705.64327 713.58601 721.52875 728.45412 733.65256 739.53281 746.98605 756.66451 773.62516 790.58582 807.54647 821.99355 829.70364 837.41373 845.12381 858.93519 882.8968 898.95441 899.77563 898.81481 893.84461 888.87442 883.90423 879.87156 877.18014 874.48872 871.79731 866.2326 858.59714 856.80715 859.21938 861.63161 864.04385 868.84605 874.18159 870.33184 864.89463 859.45742 854.18048 849.78082 850.08268 866.67005 883.25742 899.84479 908.573 910.21461
-9999 835.49226 824.85955 814.60474 804.34994 794.09514 783.84033 772.09863 758.64085 745.18307 731.72529 718.26752 705.71711 703.71382 711.65656 719.5993 727.54204 735.48478 743.16416 749.04441 761.33505 778.29571 795.25636 812.21701 829.17766 843.62474 851.33483 859.04492 866.75501 874.46509 884.15661 900.21422 897.78524 892.81504 887.84485 882.87466 877.90447 873.8718 871.18038 868.48896 865.79754 863.10613 858.68973 856.89973 859.31197 861.7242 864.13643 866.54866 870.73401 866.88426 861.44705 856.00984 850.57263 845.13542 845.40065 861.98802 878.57539 895.16276 911.75013 923.31458
-9999 846.57723 836.32243 826.06763 815.81282 805.55802 795.30321 783.44495 769.84612 756.38835 742.93057 729.47279 716.01501 715.56214 726.30343 734.24617 742.18891 750.13165 758.07439 768.74402 785.70467 802.66532 819.62597 836.58662 853.54728 857.41911 864.81738 872.52747 880.23756 887.94764 895.65773 899.03665 894.06646 889.09627 884.12607 879.15588 874.18569 868.90445 865.70627 863.01486 860.32344 857.63202 854.94061 852.18411 854.59634 857.00857 859.42081 861.83304 864.24527 865.47155 860.03433 854.59712 849.15991 843.7227 840.28593 853.79817 870.38554 886.97291 903.56028 920.14765
-9999 853.16054 842.90573 832.65093 822.39613 813.13472 806.32656 794.59221 777.17238 762.28917 748.8314 735.37362 721.91584 721.46297 747.05319 763.1322 771.07494 779.01768 786.96042 797.63004 814.5907 831.55135 848.512 864.11051 860.37461 859.34862 865.58589 872.57066 880.28075 887.99084 895.70093 899.07984 894.10965 889.13946 884.16927 879.93204 879.13578 874.29343 863.66258 858.40771 855.71629 853.02487 850.33346 846.83165 842.74726 844.36289 846.77513 849.18736 851.59959 857.55175 861.97766 856.54045 851.10324 845.66603 842.22926 845.72176 856.41032 872.99769 889.58506 906.17243
-9999 859.74384 849.48904 839.23424 831.09013 824.28198 817.47382 805.73946 788.31964 770.89981 754.73222 741.27445 727.81667 727.3638 752.95402 778.54423 799.96097 807.90371 815.84645 826.51607 843.47673 860.43738 869.77593 866.04002 862.30411 861.27813 867.5154 873.75268 880.32395 888.03403 895.74412 899.12304 894.15285 889.18265 886.11729 885.32102 884.52475 879.6824 869.05156 858.42072 851.10914 848.41773 845.72631 842.2245 838.14011 834.05572 834.12944 836.54168 838.95391 844.90607 851.47002 858.03397 853.04657 847.60936 844.17259 847.66509 851.1576 859.02248 875.60985 892.19722
-9999 866.32715 856.07234 849.04555 842.23739 835.42923 828.62108 816.88672 799.4669 782.04707 764.62725 747.20742 733.7175 733.26463 758.85484 784.44506 810.03528 835.62549 844.73248 855.4021 872.36275 875.44134 871.70544 867.96953 864.23362 863.20763 869.44491 875.68219 881.91946 888.15674 895.78731 899.16623 894.19604 892.30253 891.50626 890.70999 889.91372 885.07137 874.44053 863.80969 853.17885 843.81058 841.11916 837.61735 833.53296 829.44858 825.36419 823.89599 826.30823 832.26038 838.82434 845.38829 851.95224 849.55269 846.11592 849.60842 853.10093 856.59344 861.63463 878.222
-9999 873.80912 867.00096 860.1928 853.38465 846.57649 839.76834 828.03398 810.61416 793.19433 775.77451 758.35468 740.93486 739.16546 764.75567 790.34589 815.9361 841.52632 867.11653 884.28813 881.10676 877.37085 873.63494 869.89904 866.16313 865.13714 871.37442 877.61169 883.84897 890.08624 896.32352 899.28404 898.48777 897.6915 896.89523 896.09896 895.30269 890.46034 879.8295 869.19866 858.56782 847.93698 837.30614 833.01021 828.92582 824.84143 820.75704 816.67265 813.66254 819.6147 826.17866 832.74261 839.30656 845.87052 848.05925 851.55175 855.04426 858.53677 862.02928 865.52178
-9999 879.81225 873.00409 866.19594 859.38778 852.57962 849.90548 843.05265 825.63282 808.213 790.79317 773.37335 758.80926 758.87641 779.19497 804.78519 830.3754 855.96562 881.55583 898.27827 894.54236 890.80645 887.07055 883.33464 875.67476 866.78099 882.59318 888.83045 895.06773 901.305 907.54228 911.37713 910.58086 909.78459 908.98832 908.19205 902.62843 890.17099 879.54015 868.9093 858.27846 847.64762 837.07362 834.50407 832.8991 828.81471 824.73032 820.64593 816.56154 821.55636 828.12032 834.68427 841.24822 848.92628 861.33082 864.82333 868.31584 871.80834 875.30085 871.50607
-9999 884.07557 877.26741 870.45925 863.6511 863.93053 866.23351 859.38068 841.96085 824.54103 807.1212 795.42715 786.86076 786.92791 804.28421 822.11231 847.70253 873.29274 898.88296 915.60539 911.86949 908.13358 904.39767 891.89359 872.14187 863.24809 883.45634 903.19096 909.42824 915.66552 921.90279 925.73764 924.94137 924.1451 923.34883 914.1528 900.41859 887.96115 877.3303 866.69946 856.06862 845.52279 835.0007 832.43115 835.57858 835.69001 831.60562 827.52123 823.43685 828.43166 834.99562 841.55957 851.05185 866.02923 878.43377 881.92627 885.41878 888.91129 881.99745 871.02531
-9999 888.33888 881.53073 875.65259 877.95557 880.25856 882.56154 875.70871 858.28888 840.86906 832.04504 823.47865 814.91227 814.97942 832.33572 849.69201 867.04831 890.61987 916.21008 932.93252 929.19661 925.4607 908.11241 888.36069 868.60897 859.7152 879.92345 900.13169 920.33994 930.02603 936.2633 940.09815 939.30188 938.50561 925.67718 911.94296 898.20875 885.7513 875.12046 864.49405 853.97196 843.44988 832.92779 830.35824 833.50566 836.65308 838.48092 834.39654 830.31215 835.30697 841.87092 853.17741 868.15479 883.13217 895.53671 899.02922 902.52173 892.48883 881.5167 870.54456
-9999 892.6022 889.67764 891.98062 894.28361 896.58659 898.88957 892.03674 877.22931 868.66293 860.09654 851.53016 842.96378 843.03093 860.38722 877.74352 895.09982 912.45611 933.53721 950.25964 944.08296 924.33124 904.57952 884.8278 865.07608 856.1823 876.39055 896.5988 916.80704 937.01529 950.62382 954.45866 950.93577 937.20155 923.46734 909.73312 895.99891 883.54146 872.94322 862.42114 851.89905 841.37696 830.85488 828.28532 831.43275 834.58017 837.72759 840.87502 837.18745 842.18227 855.30297 870.28035 885.25773 900.23512 912.63965 913.95235 902.98022 892.00808 881.03594 870.0638
-9999 904.63798 906.94097 909.24395 911.54693 913.84992 916.1529 911.00652 902.44013 893.87375 885.30736 876.74098 868.1746 865.57481 882.93111 900.28741 917.6437 935 952.3563 958.49169 938.73997 918.98824 899.23652 879.4848 859.73308 851.03841 871.24666 891.4549 911.66315 931.8714 952.07964 960.69425 946.96004 933.22583 919.49161 905.7574 892.02318 883.9811 873.45901 862.93693 852.41484 841.89275 831.37067 828.68674 831.83416 834.98159 838.12901 841.27643 844.42386 856.72591 871.7033 886.68068 901.65806 916.63545 926.93627 915.96413 904.99199 894.01986 883.04772 872.07558
-9999 928.95537 931.25835 933.56134 935.86432 938.16731 913.4793 901.26451 906.22634 897.65996 889.09357 880.52719 871.96081 866.07603 865.56133 881.29253 898.64882 916.00512 933.36142 939.4968 919.74508 899.99336 880.24164 860.48992 852.83613 852.17025 856.0511 874.16077 894.36902 914.57727 934.78551 943.40012 929.66591 915.93169 902.19748 888.46326 873.9352 873.82085 893.49895 882.97686 872.45478 861.93269 851.4106 848.3717 850.89711 854.04453 857.19195 860.33938 863.4868 871.01517 882.80447 897.78185 912.75923 927.73661 938.72896 935.91761 925.80262 914.83048 903.85834 892.8862
-9999 953.27276 955.57574 957.87873 954.02725 926.73298 899.4387 887.22392 892.41281 897.6017 892.87978 884.3134 875.74702 869.86224 869.34754 868.83283 879.65394 897.01024 914.36653 920.50192 900.7502 880.99848 861.24676 858.37076 856.0085 855.34262 859.22346 863.10431 877.07489 897.28313 917.49138 926.10599 912.37178 898.63756 884.83961 870.12734 855.41507 855.30073 876.07079 896.84084 892.49471 881.97262 871.45054 868.41164 870.75231 873.10748 876.2549 879.40232 882.54975 890.07811 898.36362 908.88302 923.8604 938.83778 949.83013 947.01878 944.20743 935.6411 924.66896 913.69682
-9999 977.59015 979.89313 967.28094 939.98666 912.69238 885.39811 873.18332 878.37221 883.5611 888.75 888.09961 879.53323 873.64845 873.13375 872.61904 872.10434 878.01536 895.37165 901.50704 881.75532 866.26765 863.90539 861.54313 859.18087 858.51499 862.39583 866.27667 870.15752 879.989 900.19725 908.81186 895.07765 881.03175 866.31948 851.60721 836.89495 836.7806 857.55066 878.32072 899.09077 902.01256 891.49047 888.45158 890.79224 893.13291 895.47358 898.46527 901.61269 909.14106 917.42657 925.71208 934.96157 949.93895 960.9313 958.11995 955.3086 952.49726 945.47958 934.50744
-9999 1001.9075 980.53462 953.24034 925.94606 898.65179 871.35751 859.14273 864.33162 869.52051 874.7094 879.89829 883.31943 877.43466 876.91996 876.40525 875.89055 875.37585 876.37677 882.51216 871.80227 869.44001 867.07775 864.71549 862.35323 861.68735 865.5682 869.44904 873.32988 877.21073 882.90312 891.51773 877.22389 862.51162 847.79936 833.08709 818.37482 818.26048 839.03053 859.80059 880.57065 901.3407 911.53041 908.49151 910.83218 913.17285 915.51352 917.85419 920.67564 928.204 936.48952 944.77503 953.06054 961.34605 972.03246 969.22112 966.40977 963.59843 960.78708 955.31806
-9999 992.5357 965.24142 937.94714 910.65287 883.35859 856.06431 857.16752 862.35641 867.5453 872.73419 877.92309 883.11198 885.63236 883.5249 883.01019 882.49549 881.98079 881.46608 880.39271 878.03045 875.66819 873.30593 870.94367 868.58141 857.67754 859.92534 863.80618 867.68703 871.56787 875.44871 872.97876 858.26649 843.55422 828.84196 814.12969 799.41742 815.95564 836.7257 857.49576 878.26581 899.03587 918.44727 920.90105 923.24171 925.58238 927.92305 930.26372 932.60439 940.01387 948.29939 956.5849 964.87041 973.15592 975.29147 972.48013 969.66878 966.85744 964.04609 961.20867
-9999 975.25182 947.95755 920.66327 893.36899 874.75167 872.93277 874.36706 879.55595 884.74484 889.93373 895.98763 905.30689 908.42276 899.11599 894.09476 893.58006 893.06536 892.55065 891.47728 889.11502 886.75276 884.39049 880.1249 861.54154 847.16521 844.06479 844.15386 848.0347 851.91555 855.79639 853.32643 838.61417 823.9019 809.18963 801.92928 820.15073 839.42072 860.19077 880.96083 901.73089 916.19596 919.73306 922.11288 923.66076 925.86541 928.20608 930.54675 932.88742 940.29691 948.58242 956.86793 965.15344 966.21212 966.08745 963.2761 960.46476 957.65341 954.73202 951.57458
-9999 957.96795 930.67368 903.3794 893.77011 891.95121 890.13231 891.5666 896.75549 901.94438 909.45876 918.77802 928.09728 931.21315 921.90638 912.59961 904.66463 904.14992 903.63522 902.56184 900.19958 897.83732 888.19593 869.61258 851.02922 836.65289 833.55246 830.45204 828.38238 832.26322 836.14406 833.67411 818.96184 804.24958 807.1729 825.39435 843.61581 862.88579 883.65585 904.4259 913.94465 917.48174 921.01884 923.39866 924.94654 926.49442 928.48911 930.82978 933.17045 940.57994 948.86545 955.70618 956.35714 957.00809 956.88343 954.07208 951.26073 948.25536 945.09793 941.94049
-9999 940.68408 914.60745 912.78855 910.96964 909.15074 907.33184 908.76613 913.95502 922.9299 932.24915 941.56841 950.88767 954.00354 944.69677 935.39 926.08323 916.77646 914.71979 913.64641 911.28415 896.26697 877.68361 859.10025 840.51689 826.14056 823.04014 819.93971 816.83929 813.73886 816.49174 814.02179 799.30952 812.41652 830.63798 848.85943 867.08088 886.35086 907.12092 911.69333 915.23043 918.76752 922.30462 924.68444 926.23232 927.7802 929.32808 931.11281 933.45348 940.86297 945.85119 946.50215 947.15311 947.80407 947.6794 944.86806 941.77871 938.62127 935.46384 932.3064
-9999 933.62588 931.80698 929.98808 928.16918 926.35028 924.53138 927.08177 936.40103 945.72029 955.03955 964.3588 973.67806 976.79393 967.48716 958.18039 948.87362 939.56685 930.26009 922.92136 904.338 885.75464 867.17128 848.58793 830.00457 815.62824 812.52781 809.42739 806.32696 803.22654 800.12611 799.4387 817.66015 835.8816 854.10305 872.3245 890.54595 905.90492 909.44202 912.97911 916.51621 920.05331 923.5904 925.97023 927.5181 929.06598 930.61386 932.16174 933.73651 935.99621 936.64717 937.29813 937.94909 938.60005 938.45949 935.30205 932.14462 928.98718 925.82975 922.67231
-9999 932.75921 930.9403 929.1214 927.3025 925.4836 929.87751 938.7899 948.10916 957.42842 966.74767 976.06693 978.03114 978.09933 986.2941 976.98733 967.68056 958.37379 949.06702 936.95515 918.37179 899.78843 881.20507 862.62171 850.85401 845.58682 831.24554 828.14512 825.04469 821.94426 818.84384 823.02627 841.24772 859.46917 877.69062 895.91207 908.0246 913.1351 916.6722 920.20929 923.74639 927.28348 926.91523 927.42284 929.46488 931.01276 932.56064 934.10852 935.6564 936.43952 937.09048 937.74144 938.3924 937.29794 931.99287 928.83544 925.678 922.52057 919.36313 929.35689
