P2_models/J1_p2__temp2_slide_180.dat.tif
NCOLS 118
NROWS 92
XLLCORNER 139.62
YLLCORNER -39.07
DX 0.099491525
DY 0.099347826
NODATA_VALUE -9999
[rows 54 to 80 of 92, columns 0 to 59 of 118]
-9999 1285.4575 1286.2048 1286.9522 1287.6995 1280.7451 1273.1462 1268.5905 1267.547 1266.5035 1265.46 1273.7948 1284.5986 1287.3047 1273.7944 1260.2841 1264.5314 1270.4326 1276.3337 1277.8115 1269.0845 1260.3574 1251.6303 1249.1407 1249.4538 1249.8027 1250.2479 1250.6931 1245.0602 1238.7049 1232.3495 1232.3243 1244.5014 1256.6785 1268.8556 1278.9561 1288.5026 1295.9688 1300.459 1304.9491 1309.4393 1303.5478 1296.7463 1295.7897 1299.0349 1298.2659 1287.3983 1276.5307 1265.6631 1269.6771 1276.2631 1282.8491 1286.4685 1286.8878 1287.2116 1287.2045 1287.1974 1287.1903 1288.8439 1290.7851
-9999 1296.6315 1297.3789 1296.0651 1288.4662 1280.8674 1273.2685 1268.7128 1267.6693 1267.9974 1278.8012 1289.605 1300.4088 1303.1148 1289.6045 1276.0942 1262.5839 1260.96 1266.8611 1268.3389 1259.6119 1250.8848 1251.1295 1251.4426 1251.7556 1252.1046 1252.5498 1252.995 1253.4401 1249.7165 1243.3612 1243.3359 1255.513 1267.5056 1277.0521 1286.5986 1296.145 1303.6113 1308.1014 1310.5765 1303.775 1296.9736 1290.1721 1289.2155 1292.4607 1295.7058 1298.2864 1287.4188 1276.5512 1280.5652 1287.1512 1289.4409 1289.8602 1290.2795 1290.6032 1290.5961 1290.7216 1292.6628 1294.6039 1296.5451
-9999 1307.8056 1303.7862 1296.1873 1288.5885 1280.9896 1273.3907 1268.835 1273.0037 1283.8075 1294.6113 1305.4151 1316.2189 1318.9249 1305.4146 1291.9043 1278.3941 1264.8838 1257.3885 1258.8663 1252.8052 1253.1183 1253.4313 1253.7444 1254.0575 1254.4064 1254.8516 1255.2968 1255.742 1256.1872 1254.3728 1254.3475 1265.6016 1275.1481 1284.6946 1294.241 1303.7875 1311.2537 1310.8037 1304.0022 1297.2008 1290.3993 1283.5979 1282.6413 1285.8864 1289.1316 1292.3768 1295.6219 1287.4393 1291.4533 1292.4133 1292.8326 1293.2518 1293.6711 1293.9949 1294.5405 1296.4817 1298.4228 1300.364 1302.3051
-9999 1309.5456 1301.9468 1294.3479 1286.749 1279.1502 1271.5513 1271.6424 1282.4462 1293.25 1304.0538 1314.8576 1325.6614 1333.1451 1319.6348 1306.1245 1292.6142 1279.104 1265.5937 1256.2634 1256.5764 1256.8895 1257.2026 1257.5156 1257.8287 1257.0408 1257.1971 1257.6423 1258.0875 1258.5327 1258.9779 1262.5318 1272.0782 1281.6247 1291.1712 1300.7176 1310.2641 1316.5852 1309.7837 1302.9823 1296.1809 1289.3794 1282.578 1278.0151 1281.2603 1284.5055 1287.7507 1290.9958 1294.241 1296.2979 1296.7172 1297.1365 1297.5558 1297.975 1299.3962 1301.5067 1303.4479 1305.389 1307.3302 1309.2713
-9999 1301.0061 1293.4073 1285.8084 1278.2095 1271.1821 1268.1778 1268.159 1271.5857 1280.9441 1291.7479 1302.5517 1313.3555 1321.3386 1323.673 1314.9144 1301.4041 1287.8938 1274.3835 1265.0532 1265.3663 1265.6794 1265.9924 1266.3055 1272.7057 1274.7891 1263.5834 1260.1371 1260.5822 1261.0274 1261.4726 1265.0265 1274.573 1284.1194 1293.6659 1302.9897 1299.5429 1305.0944 1323.5192 1320.9329 1314.1315 1307.33 1300.5286 1292.248 1283.2879 1286.5331 1289.7782 1293.0234 1296.2686 1300.8041 1304.1369 1304.5562 1304.9755 1305.3948 1306.8159 1311.7073 1314.5338 1316.4749 1318.4161 1320.3572
-9999 1292.4666 1284.8678 1277.2689 1271.8661 1268.8618 1265.8575 1265.8386 1269.2654 1272.6921 1279.442 1290.2458 1301.0496 1309.0327 1311.3671 1313.7015 1310.194 1296.6837 1283.1734 1273.8431 1274.1561 1274.4692 1276.3707 1283.4124 1290.454 1292.5375 1281.3317 1270.126 1263.077 1263.5222 1263.9673 1267.5212 1277.0677 1286.6142 1291.9202 1288.4734 1285.0266 1290.5781 1309.0029 1327.4277 1332.0821 1325.2806 1318.4792 1310.1986 1300.8548 1291.511 1291.8058 1295.051 1298.2962 1302.8317 1307.5902 1311.9759 1312.3952 1312.8145 1314.2357 1319.1271 1324.0185 1327.5608 1329.5019 1331.4431
-9999 1283.9271 1276.3283 1272.5501 1269.5458 1266.5415 1263.5372 1263.5183 1266.9451 1270.3718 1273.7986 1277.9399 1288.7437 1296.7268 1299.0612 1301.3956 1303.73 1305.4735 1291.9632 1282.6329 1282.946 1287.0774 1294.1191 1301.1607 1308.2024 1310.2859 1299.0801 1287.8743 1276.6686 1266.0169 1266.4621 1270.016 1279.5624 1280.8507 1277.4039 1273.9571 1270.5103 1276.0618 1294.4866 1312.9114 1331.3362 1343.2312 1336.4298 1328.1492 1318.8054 1309.4616 1300.1178 1297.0786 1300.3237 1304.8593 1309.6178 1314.3763 1319.1349 1320.2343 1321.6554 1326.5468 1331.4383 1336.3297 1340.5878 1342.529
-9999 1276.2384 1273.2341 1270.2298 1267.2255 1264.2212 1261.2168 1261.198 1264.6247 1268.0515 1271.4782 1274.905 1278.3317 1284.4209 1286.7553 1289.0897 1291.4241 1293.7585 1296.0929 1291.4228 1297.7841 1304.8258 1311.8674 1318.9091 1325.9508 1328.0343 1316.8285 1305.6227 1294.4169 1283.2111 1272.0054 1272.5107 1269.7812 1266.3345 1262.8877 1259.4409 1255.9941 1261.5456 1279.9704 1298.3952 1316.82 1335.2448 1353.6696 1346.0999 1336.756 1327.4122 1318.0684 1308.7246 1302.3513 1306.8868 1311.6454 1316.4039 1321.1624 1325.921 1329.0751 1333.9666 1338.858 1343.7494 1348.6408 1353.5323
-9999 1274.5357 1271.5314 1268.5271 1265.5228 1262.5185 1261.6808 1264.4448 1267.8042 1271.2309 1274.6577 1278.0844 1281.5112 1281.9798 1279.6805 1282.015 1284.3494 1286.6838 1289.0182 1292.776 1299.8176 1306.8593 1313.901 1320.9427 1325.7718 1324.1344 1323.1887 1311.9829 1300.7772 1289.5714 1278.3656 1269.81 1266.3632 1262.9165 1259.4697 1256.0229 1251.6954 1258.1134 1279.45 1297.8748 1316.2996 1334.7244 1353.1492 1353.7152 1343.4936 1334.1498 1324.8059 1315.4621 1306.1183 1304.4617 1309.1521 1313.9106 1318.6692 1323.4277 1328.4293 1333.9319 1338.8233 1343.7147 1348.6061 1353.4976
-9999 1273.1016 1270.0973 1267.0929 1264.0886 1265.1307 1267.4421 1270.2061 1273.4922 1276.8019 1280.2286 1283.6554 1287.0821 1287.5508 1282.0957 1277.2149 1279.5493 1281.8837 1284.2181 1287.9759 1295.0176 1302.0593 1309.101 1310.2568 1306.2148 1304.5774 1309.3851 1313.391 1302.1853 1290.9795 1279.7737 1271.2181 1267.7713 1264.3245 1260.8778 1255.7094 1249.5433 1255.9613 1280.3827 1303.4404 1321.8652 1340.29 1358.7148 1359.2809 1347.0085 1336.0113 1326.6675 1317.3237 1307.9798 1306.3233 1305.9953 1309.4515 1314.21 1318.9685 1323.9701 1329.8134 1335.547 1340.4384 1345.3299 1350.2213
-9999 1271.6674 1268.6631 1266.269 1268.5805 1270.8919 1273.2034 1275.9674 1279.2535 1282.5397 1285.8258 1289.2264 1292.6531 1293.1218 1287.6666 1282.2115 1276.7564 1277.0837 1279.4181 1283.1759 1290.2176 1297.2592 1294.7419 1290.6999 1286.6579 1285.0205 1289.8281 1294.6357 1299.4434 1292.3876 1281.1818 1272.6262 1269.1794 1265.7326 1259.7235 1253.5573 1247.3912 1253.8092 1278.2306 1302.652 1327.0734 1345.8557 1364.2805 1364.8466 1352.5742 1340.3019 1328.5291 1319.1852 1309.8414 1308.1849 1307.8569 1307.5289 1309.7508 1314.5094 1319.5109 1325.3543 1331.1976 1337.041 1342.0536 1346.945
-9999 1270.2333 1269.7188 1272.0303 1274.3418 1276.6532 1278.9647 1281.7286 1285.0148 1288.301 1291.5871 1294.8733 1298.2241 1298.6928 1293.2376 1287.7825 1282.3274 1276.8723 1274.618 1278.3758 1283.2689 1279.2269 1275.1849 1271.1429 1267.1009 1265.4635 1270.2712 1275.0788 1279.8864 1284.6941 1282.5899 1274.0343 1269.9036 1263.7375 1257.5714 1251.4052 1245.2391 1251.6571 1276.0785 1300.4999 1324.9213 1349.3427 1369.8462 1370.4123 1358.1399 1345.8675 1333.5952 1321.3228 1311.703 1310.0464 1309.7185 1309.3905 1309.0625 1310.0502 1315.0518 1320.8951 1326.7385 1332.5818 1338.4252 1343.6688
-9999 1271.4089 1273.7203 1276.0318 1278.3433 1280.6547 1282.9662 1287.6201 1290.9062 1294.1924 1297.4786 1300.7647 1304.0509 1304.2252 1298.77 1293.3149 1287.8598 1282.4047 1276.9496 1271.9217 1267.8797 1263.8377 1259.7957 1255.7537 1251.7117 1248.764 1253.5716 1258.3792 1263.1869 1267.9945 1272.8021 1273.8615 1267.6954 1261.5293 1255.3632 1249.1971 1243.0309 1250.6446 1275.066 1299.4874 1323.9088 1348.3302 1372.7515 1379.1733 1366.9009 1354.6286 1342.3562 1330.0838 1317.8115 1315.7234 1315.3954 1315.0674 1314.7395 1314.4115 1313.597 1319.4404 1325.2837 1331.1271 1336.9704 1342.8138
-9999 1266.6574 1268.9689 1271.2803 1273.5918 1276.2737 1286.9261 1294.1589 1297.4451 1300.7313 1304.0174 1307.3036 1303.3788 1300.8612 1302.5337 1298.6554 1293.2003 1287.7452 1282.29 1277.2622 1273.2202 1269.1782 1265.1362 1261.0942 1262.4898 1262.203 1254.3371 1255.892 1260.6997 1265.5073 1270.3149 1271.3743 1265.2082 1259.042 1252.8759 1246.7098 1245.6707 1255.2998 1279.7212 1304.1426 1328.564 1352.7719 1374.659 1387.372 1391.5551 1379.2827 1367.0103 1354.738 1342.4656 1340.3775 1340.0496 1339.7216 1339.3936 1333.0035 1327.0858 1332.9291 1338.7725 1344.6158 1350.2649 1351.8913
-9999 1261.9059 1264.2174 1266.5288 1272.1601 1282.8125 1293.465 1300.6978 1303.984 1307.2701 1308.4494 1303.8395 1299.2296 1296.712 1298.3845 1300.0569 1298.5408 1293.0857 1287.6305 1282.6027 1278.5607 1274.5187 1271.5129 1274.0539 1276.595 1276.3082 1268.4423 1260.5764 1258.2124 1263.0201 1267.8277 1268.887 1262.7209 1256.5548 1251.7472 1251.0366 1250.326 1259.955 1284.3764 1308.7978 1332.2783 1354.1654 1376.0525 1388.7655 1394.8834 1401.0012 1391.6645 1379.3921 1367.1198 1365.0317 1364.7037 1364.3758 1355.8054 1346.4923 1340.5746 1346.4179 1352.2613 1356.8871 1358.5135 1360.1398
-9999 1257.1544 1259.4659 1268.0465 1278.6989 1289.3514 1300.0038 1307.2367 1310.5228 1308.91 1304.3001 1299.6903 1295.0804 1292.5628 1294.2353 1295.9077 1297.5802 1298.4262 1292.971 1287.9432 1283.9012 1283.0771 1285.6181 1288.1591 1290.7001 1290.4134 1282.5475 1274.6816 1266.8157 1260.5328 1265.3405 1266.3998 1260.2337 1257.113 1256.4024 1255.6918 1254.9812 1264.6102 1289.0316 1311.7847 1333.6718 1355.5589 1377.446 1390.159 1396.2769 1402.3947 1408.5126 1404.0463 1391.7739 1389.6858 1387.9205 1378.6073 1369.2942 1359.9811 1354.0634 1359.9067 1363.5093 1365.1357 1366.762 1368.3883
-9999 1253.2805 1263.9329 1274.5853 1285.2378 1295.8902 1306.5427 1313.7755 1309.3707 1304.7608 1300.1509 1295.5411 1290.9312 1288.4136 1290.0861 1291.7585 1293.431 1295.1034 1296.7759 1293.2837 1294.6413 1297.1823 1299.7233 1302.2643 1304.8053 1304.5186 1296.6527 1288.7868 1280.9209 1273.055 1265.1891 1263.9126 1262.4788 1261.7682 1261.0576 1260.347 1259.6364 1269.2654 1291.2911 1313.1782 1335.0653 1356.9524 1378.8395 1391.5525 1397.6704 1403.7883 1409.9061 1416.024 1416.4281 1410.7224 1401.4093 1392.0961 1382.783 1373.4699 1367.5521 1370.1315 1371.7578 1373.3842 1375.0105 1376.6368
-9999 1260.648 1271.3005 1281.9529 1292.6054 1303.2578 1312.8978 1311.0267 1302.9198 1298.3099 1293.7 1289.0901 1284.4803 1285.2791 1292.284 1293.9564 1295.6289 1297.3013 1298.9738 1300.9089 1303.4499 1305.9909 1308.5319 1311.0729 1313.487 1314.3899 1310.4856 1302.6197 1294.7538 1286.8879 1279.022 1273.6001 1272.8895 1272.1789 1271.4683 1270.7577 1272.7797 1279.6202 1293.3852 1315.2723 1337.1594 1359.0465 1380.9336 1388.5193 1392.4925 1398.6104 1404.7282 1410.8461 1416.964 1421.8955 1412.5824 1403.2693 1393.9562 1384.6431 1375.6354 1371.6442 1373.2705 1374.8968 1376.5232 1378.1495
-9999 1268.4861 1279.1386 1289.791 1300.4435 1308.9628 1316.6997 1314.8285 1301.8686 1290.5522 1285.9423 1281.3324 1276.7226 1277.5214 1289.1517 1299.7579 1301.4303 1303.1028 1304.7752 1306.7103 1309.2513 1311.7923 1314.3334 1316.4203 1318.0566 1318.9594 1317.8964 1316.2981 1308.4322 1300.5663 1292.7004 1287.2785 1286.5679 1285.8573 1285.1467 1290.6577 1300.2399 1307.0804 1309.9986 1317.7641 1339.6512 1361.5383 1383.4254 1391.0112 1388.3158 1389.7016 1395.8195 1401.9373 1408.0552 1413.6069 1419.0608 1413.1278 1403.8146 1394.5015 1385.4938 1377.5441 1370.9589 1372.5852 1374.2115 1375.8378
-9999 1276.3242 1286.9767 1297.291 1305.0278 1312.7647 1320.5015 1318.6304 1305.6704 1292.7104 1279.7504 1273.5747 1268.9648 1269.7637 1281.3939 1293.0242 1304.6544 1308.9042 1310.5767 1312.5118 1315.0528 1317.5938 1319.3535 1320.9898 1322.6261 1323.529 1322.4659 1321.4029 1320.3398 1314.2447 1306.3788 1300.9569 1300.2463 1299.5357 1308.5356 1318.1178 1327.7001 1334.5406 1337.4588 1340.377 1343.2952 1364.0302 1385.9173 1393.503 1390.8076 1388.1123 1386.9107 1393.0285 1399.1464 1404.6981 1410.152 1415.6059 1413.6731 1404.36 1395.3523 1387.4026 1379.4528 1371.5031 1371.8999 1373.5262
-9999 1284.1623 1293.356 1301.0928 1308.8297 1316.5666 1324.3034 1322.4323 1309.4723 1296.5123 1283.5523 1270.5923 1261.2071 1262.006 1273.6362 1285.2665 1296.8967 1308.5269 1316.3782 1318.3132 1320.6505 1322.2868 1323.9231 1325.5594 1327.1957 1328.0985 1327.0355 1325.9724 1324.9094 1323.8463 1320.0572 1314.6353 1316.8314 1326.4136 1335.9958 1345.578 1355.1603 1362.0008 1364.919 1367.8372 1370.7554 1373.6735 1388.4091 1395.9948 1393.2995 1390.6041 1387.9088 1385.2134 1390.2376 1395.7893 1401.2432 1406.6972 1412.1511 1414.2185 1405.2108 1397.261 1389.3113 1381.3616 1373.4119 1371.2146
-9999 1288.9301 1296.667 1304.4038 1312.1407 1319.8775 1327.6144 1327.4829 1314.5229 1301.5629 1288.6029 1275.6429 1262.6829 1256.6118 1268.2421 1279.8723 1291.5025 1303.1327 1314.763 1323.3712 1325.0075 1326.6438 1328.2801 1329.9164 1331.5527 1330.7497 1329.6963 1328.6333 1327.5703 1326.5072 1325.4442 1328.0172 1337.5994 1347.1816 1356.7638 1366.3461 1375.9283 1376.89 1379.8082 1382.7264 1385.6446 1388.5628 1391.4809 1394.8825 1392.1871 1389.4918 1386.7964 1384.1011 1381.4057 1388.4912 1393.9451 1399.399 1404.8529 1410.3069 1408.2131 1399.4202 1391.4704 1383.5207 1375.571 1367.6212
-9999 1290.3828 1298.1197 1305.8565 1313.5934 1321.4619 1330.1539 1331.1427 1323.2412 1311.3405 1298.3805 1285.4205 1272.4606 1266.1677 1273.2263 1283.4249 1295.0551 1306.6853 1318.3156 1326.9238 1328.5601 1330.1964 1331.8327 1333.469 1328.552 1324.5811 1324.7163 1324.0692 1323.0061 1321.9431 1320.88 1323.4531 1333.0353 1342.6175 1352.1997 1361.8866 1374.9352 1373.5723 1351.5919 1350.0301 1352.9483 1355.8665 1358.7847 1366.5057 1377.4317 1374.7364 1372.041 1369.3457 1366.6503 1379.9969 1392.7439 1398.1978 1403.6517 1409.1057 1407.0118 1378.7737 1364.4848 1356.5351 1348.5854 1340.6357
-9999 1291.8356 1299.5724 1307.3093 1315.5449 1324.2369 1332.9289 1333.9177 1326.0161 1318.1145 1308.1582 1295.1982 1282.2382 1275.9454 1283.004 1290.0626 1298.6077 1310.2379 1321.8681 1330.4764 1332.1127 1333.749 1333.3891 1327.8863 1322.3834 1318.4125 1318.5477 1318.683 1318.442 1317.379 1316.3159 1318.8889 1328.4712 1338.0534 1348.9152 1361.9638 1375.0124 1373.6495 1351.6691 1329.6887 1320.252 1323.1702 1326.0884 1333.8094 1344.9832 1356.157 1357.2856 1354.5903 1351.8949 1365.2415 1381.3605 1396.9966 1402.4505 1407.9044 1405.8106 1377.5725 1349.3343 1329.5495 1321.5998 1313.6501
-9999 1293.2883 1301.0252 1309.6279 1318.3199 1327.0119 1335.7038 1336.6927 1328.7911 1320.8895 1312.9879 1304.9758 1292.0158 1285.723 1292.7816 1299.8402 1306.8988 1313.9574 1325.4207 1334.0289 1335.6653 1332.7234 1327.2205 1321.7177 1316.2148 1312.2439 1312.3791 1312.5144 1312.6496 1312.7849 1311.7518 1314.3248 1323.907 1335.9439 1348.9925 1362.041 1375.0896 1373.7267 1351.7463 1329.7659 1307.7855 1290.4739 1293.3921 1301.1132 1312.2869 1323.4607 1334.6345 1339.8348 1337.1395 1350.4861 1366.6051 1382.7242 1398.8432 1406.7032 1404.6094 1376.3713 1348.1331 1319.8949 1294.6142 1286.6645
-9999 1295.019 1303.7109 1312.4029 1321.0949 1329.7868 1338.4788 1339.4676 1331.5661 1323.6645 1315.7629 1307.8613 1299.9597 1295.5006 1302.5592 1309.6178 1316.6764 1323.735 1330.7936 1337.5606 1332.0577 1326.5548 1321.0519 1315.5491 1310.0462 1306.0753 1306.2105 1306.3458 1306.481 1306.6163 1306.7515 1309.924 1322.9725 1336.0211 1349.0697 1362.1182 1375.1668 1373.804 1351.8235 1329.8431 1307.8627 1285.8823 1263.9019 1268.4169 1279.5907 1290.7644 1301.9382 1313.112 1322.3841 1335.7307 1351.8497 1367.9687 1384.0878 1400.2068 1403.4082 1375.17 1346.9319 1318.6937 1290.4555 1262.2173
-9999 1300.6645 1309.3565 1318.0485 1326.7405 1335.4324 1338.361 1342.3057 1345.972 1338.0704 1330.1689 1322.2673 1314.3657 1310.2955 1314.7484 1321.807 1328.8656 1335.9242 1342.9828 1346.243 1340.7401 1335.2372 1329.7343 1324.2315 1315.3251 1305.8825 1310.2404 1310.3757 1310.5109 1310.6461 1310.7814 1315.3274 1328.376 1341.4245 1354.4731 1367.5217 1373.296 1372.7873 1365.9877 1344.0073 1322.0269 1300.0464 1278.066 1262.9784 1264.5473 1275.721 1286.8948 1298.0686 1309.2423 1321.5006 1337.0252 1353.1443 1369.2633 1385.3824 1395.1493 1379.5599 1351.3217 1323.0835 1294.8453 1266.6071
