P2_models/J1_p2_vp_slide_diff2_140.dat.tif
NCOLS 118
NROWS 92
XLLCORNER 139.62
YLLCORNER -39.07
DX 0.099491525
DY 0.099347826
NODATA_VALUE -9999
[rows 48 to 71 of 92, columns 54 to 107 of 118]
0.0014794308 0.0057048003 0.0099301699 0.014155539 0.018380909 0.022246165 0.019682354 0.02494279 0.030203227 0.035463664 0.040724101 0.045984537 0.03837011 0.030313286 0.022256462 0.014199639 0.006142815 0.0045904794 0.00082675188 -0.0029369757 -0.0067007032 -0.010464431 -0.011907914 -0.01862111 -0.023115874 -0.027610639 -0.032105403 -0.036600167 -0.047113066 -0.060406448 -0.07369983 -0.086993212 -0.10028659 -0.10398507 -0.0894667 -0.073803731 -0.058140761 -0.042477791 -0.02793248 -0.04975897 -0.07158546 -0.09341195 -0.11523844 -0.1335407 -0.12077978 -0.10543646 -0.090093148 -0.074749833 -0.059253304 -0.04556587 -0.033262549 -0.020959227 -0.0086559065 0.002631229
0.011489055 0.015714425 0.019939794 0.024165164 0.02687043 0.026315231 0.022435023 0.01629533 0.020105956 0.025366392 0.030626829 0.035887266 0.028272838 0.020216015 0.012159191 0.0053816641 0.0071289161 0.0064586601 0.0026949326 -0.001068795 -0.0048325226 -0.0051341878 -0.0038675841 -0.013368462 -0.020963117 -0.025457882 -0.029952646 -0.03444741 -0.044960309 -0.058253691 -0.071547073 -0.084840455 -0.090618164 -0.092878646 -0.088977076 -0.076529614 -0.060866644 -0.045203675 -0.030658364 -0.052484854 -0.074311343 -0.096137833 -0.11307831 -0.12456451 -0.11180359 -0.096460277 -0.081116962 -0.065428464 -0.048837678 -0.035150243 -0.022846922 -0.010543601 -0.00064526674 -0.0010243294
0.02149868 0.02572405 0.029949419 0.031494694 0.030939496 0.030384298 0.026504089 0.020364396 0.014224703 0.015269121 0.020529558 0.025789994 0.018175567 0.010118743 0.0055025927 0.0072498447 0.0089970968 0.0083268408 0.0045631132 0.00079938567 0.0015189723 0.0029061421 0.0041727458 -0.0053281317 -0.014829009 -0.023305125 -0.027799889 -0.032294653 -0.042807552 -0.056100934 -0.068151309 -0.073831525 -0.07951174 -0.081772221 -0.077870651 -0.073969082 -0.063592528 -0.047929558 -0.033384247 -0.055210737 -0.077037227 -0.092615925 -0.10410212 -0.11558832 -0.10282741 -0.087484091 -0.071603624 -0.055012838 -0.038422052 -0.024734617 -0.012431296 -0.0039217625 -0.0043008252 -0.0046798879
0.031508305 0.035733674 0.036118958 0.03556376 0.035008562 0.034453364 0.030573155 0.024433462 0.018293769 0.012154076 0.010432286 0.015692723 0.0080782955 0.0056235212 0.0073707733 0.0091180254 0.010865277 0.010195021 0.0067849627 0.0081721325 0.0095593023 0.010946472 0.012213076 0.0027121983 -0.0067886793 -0.016289557 -0.025647132 -0.030141896 -0.040654795 -0.05136467 -0.057044885 -0.0627251 -0.068405315 -0.070665796 -0.066764227 -0.062862657 -0.058961088 -0.050655442 -0.036110131 -0.057936621 -0.072153539 -0.083639738 -0.095125938 -0.10661214 -0.093851219 -0.077778783 -0.061187997 -0.044597212 -0.028006426 -0.014318991 -0.0071982582 -0.0075773209 -0.0079563836 -0.0083354464
0.041298421 0.040743223 0.040188025 0.039632826 0.039077628 0.03852243 0.034642221 0.028502528 0.022362835 0.016223142 0.010083449 0.0055954515 0.0057444498 0.0074917019 0.009238954 0.010986206 0.012733458 0.013438123 0.014825293 0.016212462 0.017599632 0.018986802 0.020253406 0.010752528 0.0012516507 -0.0082492268 -0.017750104 -0.027250982 -0.03457803 -0.040258245 -0.04593846 -0.051618675 -0.057298891 -0.059559372 -0.055657802 -0.051756233 -0.047854663 -0.043953093 -0.038836014 -0.051691154 -0.063177353 -0.074663552 -0.086149751 -0.09763595 -0.083953943 -0.067363157 -0.050772371 -0.034181585 -0.0175908 -0.010474754 -0.010853817 -0.011232879 -0.011611942 -0.011991005
0.042212068 0.04165687 0.041101672 0.040546473 0.039991275 0.034618053 0.035252256 0.034787274 0.028647581 0.022507888 0.016368195 0.010228502 0.011713751 0.013461003 0.015208255 0.016955508 0.017750275 0.018180988 0.019568158 0.020955328 0.022342498 0.023683617 0.021906077 0.0067704573 -0.0027304203 -0.012231298 -0.021732175 -0.031233053 -0.038120649 -0.043800865 -0.04948108 -0.055161295 -0.060007075 -0.062002503 -0.060393979 -0.056492409 -0.05259084 -0.04868927 -0.04524645 -0.056732649 -0.068218848 -0.079705047 -0.091191246 -0.087964871 -0.072414771 -0.055823985 -0.039233199 -0.022642414 -0.011994606 -0.0098735907 -0.010252653 -0.010631716 -0.011010779 -0.011988804
0.042597797 0.042042598 0.0414874 0.040932202 0.033927506 0.025806333 0.026440536 0.033024388 0.035303021 0.029163328 0.023023635 0.016883942 0.018369192 0.020116444 0.021863696 0.022258202 0.021941457 0.022372171 0.023759341 0.02514651 0.025968654 0.024342336 0.022564796 0.0072819593 -0.0080008776 -0.018224779 -0.027725657 -0.037226534 -0.044114131 -0.049794346 -0.055474561 -0.059953665 -0.063197652 -0.06519308 -0.06493872 -0.063879136 -0.059977567 -0.056075997 -0.052633177 -0.064119376 -0.075605575 -0.087091774 -0.082016426 -0.076237724 -0.060687624 -0.044096838 -0.027506052 -0.018046514 -0.010681271 -0.0085602557 -0.0089393184 -0.0093183811 -0.010384366 -0.011793564
0.042983525 0.042428327 0.041358133 0.033236959 0.025115786 0.016994612 0.017628816 0.024212668 0.030796519 0.035818769 0.029679076 0.023539383 0.025024632 0.026771884 0.026766129 0.026449385 0.02613264 0.026563353 0.027950523 0.028253691 0.026627373 0.025001056 0.023223515 0.0079406786 -0.0073421583 -0.022624995 -0.033719138 -0.043220016 -0.050107613 -0.055787828 -0.059900255 -0.063144242 -0.066388229 -0.068383657 -0.068129297 -0.067874936 -0.067364293 -0.063462724 -0.060019904 -0.071506103 -0.081846683 -0.076067981 -0.070289279 -0.064510577 -0.048960477 -0.032369691 -0.024098422 -0.016733179 -0.0093679361 -0.0072469206 -0.0076259833 -0.0087799282 -0.010189126 -0.011598324
0.043369254 0.040667586 0.032546412 0.024425239 0.016304065 0.0081828921 0.0088170956 0.015400947 0.021984799 0.028568651 0.035152502 0.030194823 0.031590801 0.031274057 0.030957312 0.030640567 0.030323822 0.030754536 0.030538729 0.028912411 0.027286093 0.025659775 0.023882235 0.0085993979 -0.006683439 -0.021966276 -0.037249113 -0.049213498 -0.056101094 -0.059846845 -0.063090832 -0.066334819 -0.069578806 -0.071574234 -0.071319874 -0.071065513 -0.070811153 -0.070556793 -0.067406631 -0.075898238 -0.070119536 -0.064340834 -0.058562132 -0.05278343 -0.037515572 -0.030150329 -0.022785087 -0.015419844 -0.008054601 -0.0059335855 -0.0071754901 -0.0085846881 -0.0099938861 -0.011403084
0.040857088 0.033136918 0.025015744 0.016894571 0.0087733974 0.000652224 -0.00044952246 0.0061343292 0.012718181 0.019302033 0.025885884 0.032469736 0.034079527 0.033762783 0.033446038 0.033129293 0.032812548 0.031921331 0.030295013 0.028668695 0.027042377 0.025416059 0.021454052 0.0076969824 -0.0075858545 -0.022868691 -0.038151528 -0.053434365 -0.060482793 -0.06372678 -0.066970767 -0.070214753 -0.07345874 -0.074003869 -0.073749508 -0.073495148 -0.073240788 -0.072986427 -0.072567372 -0.06678867 -0.061009968 -0.055231266 -0.049452564 -0.042488669 -0.035121327 -0.027756085 -0.020390842 -0.013025599 -0.0056603562 -0.0078909195 -0.0093001175 -0.010709315 -0.012118513 -0.013527711
0.029022112 0.027885777 0.021860457 0.013739284 0.0056181105 -0.002503063 -0.0055414655 -0.0046859737 0.001897878 0.0084817297 0.015065581 0.021649433 0.027498552 0.030436838 0.030120093 0.029803348 0.029486604 0.028595387 0.026969069 0.025342751 0.023716433 0.018103333 0.0081904549 -0.0011155694 -0.013820262 -0.029103099 -0.044385936 -0.059668773 -0.0667172 -0.069961187 -0.073205174 -0.076449161 -0.077977323 -0.077415081 -0.073862295 -0.073325815 -0.073071455 -0.072817094 -0.072398039 -0.066619337 -0.060840635 -0.055061933 -0.047122813 -0.033939015 -0.027943271 -0.021670037 -0.014304794 -0.0069395512 0.00042569167 -0.007998092 -0.019348157 -0.020757355 -0.022166553 -0.02357575
0.017187137 0.016050802 0.014914466 0.010583997 0.0024628235 -0.0056583499 -0.0086967525 -0.0082811977 -0.0078656429 -0.0023385732 0.0042452785 0.01082913 0.016678249 0.022502121 0.026794149 0.026477404 0.026160659 0.025269442 0.023643124 0.022016806 0.01475941 0.0048397363 -0.0050731422 -0.014379166 -0.023685191 -0.035337506 -0.050620343 -0.06590318 -0.072951607 -0.076195594 -0.079439581 -0.080589782 -0.081687192 -0.08112495 -0.077572164 -0.074019378 -0.072902122 -0.072647762 -0.072228706 -0.066450004 -0.060671302 -0.051756958 -0.03857316 -0.025389362 -0.019393618 -0.014163425 -0.0082187462 -0.00085350334 0.0065117395 -0.0019120442 -0.017862924 -0.030805394 -0.032214592 -0.03362379
0.0053521616 0.0042158262 0.0030794909 0.0019431555 -0.00069246344 -0.0088136369 -0.011852039 -0.011436485 -0.01102093 -0.010605375 -0.0065750244 8.8273213e-06 0.0058579458 0.011681818 0.01750569 0.02315146 0.022834715 0.021943498 0.02031718 0.011415486 0.0014958128 -0.0084238608 -0.018336739 -0.027642764 -0.036948788 -0.046254812 -0.05685475 -0.072137587 -0.079186015 -0.08210483 -0.08320224 -0.08429965 -0.085397061 -0.084834818 -0.081282032 -0.077729246 -0.07417646 -0.072478429 -0.072059373 -0.066280671 -0.056391102 -0.043207304 -0.030023507 -0.016839709 -0.010843965 -0.0056137719 -0.00038357891 0.0052325445 0.012597787 0.0041740036 -0.011776876 -0.027727755 -0.042262631 -0.043671829
-0.0064828138 -0.0076191491 -0.0087554845 -0.0098918199 -0.011028155 -0.012164491 -0.015007326 -0.014591772 -0.014176217 -0.013760662 -0.013345107 -0.010811476 -0.0049623571 0.00086151499 0.0066853871 0.012509259 0.018333131 0.017991236 0.0080715628 -0.0018481108 -0.011767784 -0.021687458 -0.031600336 -0.040906361 -0.050212385 -0.059518409 -0.068824434 -0.078371994 -0.084717288 -0.085814698 -0.086912109 -0.088009519 -0.089106929 -0.088544687 -0.084991901 -0.081439115 -0.077886329 -0.074333543 -0.07189004 -0.061025246 -0.047841449 -0.034657651 -0.021473854 -0.008290056 -0.0022943117 0.0029358813 0.0081660742 0.013396267 0.018683835 0.010260051 -0.0056908278 -0.021641707 -0.037592586 -0.053543466
-0.0063162733 -0.013311075 -0.01444741 -0.015583746 -0.016720081 -0.017856416 -0.015678214 -0.014176012 -0.013760457 -0.013344902 -0.012929348 -0.012513793 -0.010303998 -0.0044801263 0.0013437458 0.0071676179 0.01299149 0.011909122 0.0019894483 -0.0079302252 -0.017849899 -0.027769572 -0.0386252 -0.041079146 -0.05038517 -0.059691195 -0.068997219 -0.078303243 -0.081994688 -0.083092098 -0.084189508 -0.085286918 -0.086779978 -0.083698389 -0.075010424 -0.071457638 -0.067904852 -0.064352066 -0.060512154 -0.047328356 -0.034144559 -0.020960761 -0.0077769635 -0.0003293963 -0.0035389182 0.0016912747 0.0069214677 0.012151661 0.017381854 0.010360879 -0.0052931592 -0.021244039 -0.037194918 -0.053145797
0.0020022306 -0.0082590766 -0.017468026 -0.018604361 -0.019740697 -0.020877032 -0.018698829 -0.014268259 -0.011791825 -0.01137627 -0.010960715 -0.01054516 -0.0088045469 -0.0070184026 -0.0016154948 0.0042083773 0.010032249 0.0089498813 -0.00096979225 -0.010889466 -0.02086432 -0.032025243 -0.043071788 -0.043903575 -0.044865405 -0.05417143 -0.063477454 -0.072783478 -0.076474922 -0.077572333 -0.078669743 -0.08055739 -0.0838958 -0.080814211 -0.066164365 -0.055522467 -0.051969681 -0.048416895 -0.044576983 -0.031393186 -0.018209388 -0.0050255906 0.0013310374 0.0062310926 0.0019806263 -0.0032444008 0.0014178189 0.0066480119 0.011878205 0.0048572301 -0.0080042383 -0.023319967 -0.039270846 -0.055221725
0.010320734 5.9427265e-05 -0.01020188 -0.020463187 -0.022761312 -0.023897647 -0.021719445 -0.017288874 -0.012858303 -0.0094076376 -0.0089920828 -0.0085765281 -0.0068359145 -0.0050497703 -0.003263626 0.0012491367 0.0070730089 0.0059906407 -0.0039290328 -0.014149986 -0.025310908 -0.036471831 -0.047518376 -0.048350163 -0.049181949 -0.050013736 -0.057957689 -0.067263713 -0.070955157 -0.072052567 -0.074334802 -0.077673212 -0.081011622 -0.077930033 -0.063280188 -0.048630342 -0.036034511 -0.032481725 -0.028641813 -0.015458015 -0.0022742177 0.0029914711 0.0078915263 0.012791581 0.0085411151 0.0033160881 -0.001908939 0.0011443631 0.006374556 -0.00064641866 -0.013507887 -0.026369356 -0.041346774 -0.057297653
0.018639238 0.0083779311 -0.0018833761 -0.012144683 -0.02240599 -0.026918263 -0.02474006 -0.020309489 -0.015878919 -0.011448348 -0.0070234505 -0.0066078957 -0.0048672821 -0.0030811379 -0.0012949937 0.00049115054 0.0041137683 0.0030314002 -0.0074356512 -0.018596574 -0.029757496 -0.040918419 -0.051964964 -0.052796751 -0.053628537 -0.054460324 -0.055292111 -0.061743948 -0.065435392 -0.068112215 -0.071450625 -0.074789035 -0.078127445 -0.075045855 -0.06039601 -0.045746164 -0.031096319 -0.016546554 -0.012706642 -0.0002481503 0.0046519049 0.00955196 0.014452015 0.01935207 0.015101604 0.009876577 0.0046515499 -0.00057347712 0.00087090725 -0.0061500675 -0.019011536 -0.031873004 -0.044734473 -0.059373581
0.022418631 0.012157324 0.0018960169 -0.0083652903 -0.018626597 -0.028887905 -0.028927393 -0.024496822 -0.020066251 -0.015635681 -0.01120511 -0.006774539 -0.0049005476 -0.0031144034 -0.0013282591 0.00045788508 0.0022440293 -0.0019232906 -0.013084213 -0.024245136 -0.035406058 -0.04656698 -0.055039569 -0.055858799 -0.056690586 -0.057522373 -0.05835416 -0.059185946 -0.061732229 -0.065070639 -0.068409049 -0.071747459 -0.075085869 -0.071820199 -0.057170354 -0.042520508 -0.027870663 -0.013220817 0.0011383617 0.0060384168 0.010938472 0.015838527 0.020738582 0.024619039 0.019315465 0.014090438 0.0088654106 0.0036403835 -0.0015846435 -0.013014197 -0.025875665 -0.038737134 -0.051598602 -0.064460071
0.0036211395 -0.0066401677 -0.016901475 -0.027162782 -0.037104263 -0.040422128 -0.039040889 -0.03448724 -0.030056669 -0.025626098 -0.021195527 -0.016764956 -0.014890965 -0.013104821 -0.011318677 -0.0095325323 -0.0089042145 -0.013550298 -0.02471122 -0.035872143 -0.047033065 -0.052935258 -0.051294597 -0.052058805 -0.052866136 -0.053697923 -0.05452971 -0.055361496 -0.057907779 -0.061246189 -0.064584599 -0.067923009 -0.065142973 -0.059328392 -0.052126708 -0.037596388 -0.022946543 -0.0082966974 0.0060624815 0.010962537 0.015862592 0.020762647 0.023202195 0.017161108 0.011857534 0.0066325067 0.0014074796 -0.0039470904 -0.014521892 -0.02664516 -0.039506628 -0.052368097 -0.065229565 -0.066917719
-0.015176352 -0.025437659 -0.035698967 -0.043955642 -0.047273507 -0.050591371 -0.049210132 -0.044635654 -0.040061176 -0.035616515 -0.031185945 -0.026755374 -0.024881382 -0.023095238 -0.02142158 -0.020976401 -0.020531222 -0.025177305 -0.036338228 -0.04749915 -0.050857875 -0.049190286 -0.047549626 -0.048313833 -0.049078041 -0.049873473 -0.05070526 -0.051537047 -0.05408333 -0.05742174 -0.06076015 -0.056504028 -0.051459245 -0.045644664 -0.03844298 -0.031241295 -0.018022423 -0.0033725776 0.010986601 0.015886656 0.020786712 0.02178535 0.015744264 0.0097031773 0.0043996028 -0.00082542422 -0.0070032525 -0.017578054 -0.028152855 -0.040276123 -0.053137592 -0.065334009 -0.066394986 -0.067455964
-0.033973844 -0.044235151 -0.050807021 -0.054124885 -0.05744275 -0.060760615 -0.059379376 -0.054804898 -0.050230419 -0.045655941 -0.041176362 -0.036745791 -0.0348718 -0.033493767 -0.033048588 -0.032603408 -0.032158229 -0.036804312 -0.047965235 -0.048780492 -0.047112903 -0.045445315 -0.043804654 -0.044568862 -0.045333069 -0.046097277 -0.04688081 -0.047712597 -0.05025888 -0.052909867 -0.047865084 -0.0428203 -0.037775517 -0.031960936 -0.024759252 -0.017557567 -0.010355882 0.0015515422 0.015910721 0.020810776 0.020368506 0.014327419 0.0082863328 0.0022452464 -0.0030583281 -0.010059415 -0.020634216 -0.031209017 -0.041783818 -0.053907087 -0.064811275 -0.065872253 -0.066933231 -0.067994208
-0.052771336 -0.057658399 -0.060976264 -0.064294129 -0.067611994 -0.070929858 -0.069548619 -0.064974141 -0.060399663 -0.055825185 -0.051250707 -0.046736209 -0.045565954 -0.045120774 -0.044675595 -0.044230416 -0.043785236 -0.048370697 -0.046703109 -0.04503552 -0.043367932 -0.041700343 -0.040059683 -0.04082389 -0.041588098 -0.042352305 -0.043116513 -0.043888147 -0.044270923 -0.039226139 -0.034181356 -0.029136572 -0.024091789 -0.018277208 -0.011075523 -0.0038738388 0.0033278459 0.010529531 0.020834841 0.018951661 0.012910575 0.0068694883 0.00082840191 -0.0052126845 -0.013115577 -0.023690378 -0.034265179 -0.04483998 -0.055414781 -0.064288542 -0.06534952 -0.066410497 -0.067471475 -0.068532453
-0.06007947 -0.057715387 -0.061033252 -0.064351116 -0.067668981 -0.070986846 -0.069555784 -0.064963294 -0.060388816 -0.055814338 -0.05123986 -0.046665382 -0.05078433 -0.05033915 -0.049893971 -0.049448791 -0.049003612 -0.048022197 -0.046354609 -0.04468702 -0.043019432 -0.041351843 -0.039267873 -0.036313882 -0.037078089 -0.037842297 -0.038606504 -0.039370712 -0.036161649 -0.031116865 -0.026072082 -0.021027298 -0.015778788 -0.014544071 -0.013821312 -0.0066196275 0.00058205717 0.0077837419 0.014590625 0.0085495386 0.0025084522 -0.0035326342 -0.0095737206 -0.014047244 -0.017295984 -0.027870785 -0.038445586 -0.049020387 -0.059595189 -0.064734045 -0.065864314 -0.066925292 -0.06798627 -0.069047247
