P2_models/J1_p2_vp_slide_diff2_300.dat.tif
NCOLS 118
NROWS 92
XLLCORNER 139.62
YLLCORNER -39.07
DX 0.099491525
DY 0.099347826
NODATA_VALUE -9999
[rows 48 to 71 of 92, columns 55 to 109 of 118]
-0.14971622 -0.1477891 -0.14586199 -0.14393487 -0.14248512 -0.13889618 -0.14805668 -0.15721719 -0.16637769 -0.1755382 -0.1846987 -0.17729043 -0.16931284 -0.16133525 -0.15335765 -0.14538006 -0.14026102 -0.13198627 -0.12371153 -0.11543678 -0.10716203 -0.10245865 -0.10902645 -0.11242249 -0.11581853 -0.11921457 -0.12261061 -0.11297286 -0.097313267 -0.081653676 -0.065994086 -0.050334495 -0.037336866 -0.044246169 -0.053799045 -0.063351921 -0.072904797 -0.082491907 -0.093193098 -0.10389429 -0.11459548 -0.12529667 -0.1409282 -0.14401302 -0.144746 -0.14547899 -0.14621197 -0.14596526 -0.15161086 -0.1634012 -0.17519155 -0.18698189 -0.19880871 -0.20325029 -0.20351951
-0.16063256 -0.15870544 -0.15677833 -0.15686625 -0.16127621 -0.15508217 -0.14168226 -0.14797364 -0.15713415 -0.16629465 -0.17545516 -0.16804689 -0.1600693 -0.1520917 -0.14494153 -0.14330499 -0.13875645 -0.13048171 -0.12220696 -0.11393221 -0.11054153 -0.10966137 -0.12021479 -0.12804284 -0.13143888 -0.13483492 -0.13823096 -0.12859321 -0.11293362 -0.097274024 -0.081614434 -0.073254252 -0.06165324 -0.044041926 -0.046168249 -0.055721124 -0.065274 -0.074861111 -0.085562302 -0.096263493 -0.10696468 -0.12450132 -0.14966838 -0.1527532 -0.15348618 -0.15421917 -0.15274494 -0.14550119 -0.1511468 -0.16293714 -0.17472748 -0.18660416 -0.19884978 -0.20329135 -0.20356058
-0.1715489 -0.16962178 -0.17124738 -0.17565734 -0.1800673 -0.17387326 -0.16047335 -0.14707344 -0.14789061 -0.15705111 -0.16621162 -0.15880335 -0.15082575 -0.14507351 -0.14343696 -0.14180042 -0.13725189 -0.12897714 -0.12070239 -0.11875243 -0.11774425 -0.11686409 -0.12741751 -0.13797093 -0.14705923 -0.15045527 -0.15385131 -0.14421355 -0.12855396 -0.11410161 -0.10583612 -0.097570625 -0.085969614 -0.0683583 -0.050746986 -0.048090328 -0.057643204 -0.067230314 -0.077931506 -0.088632697 -0.10807443 -0.1332415 -0.15840856 -0.16149338 -0.16222636 -0.15952462 -0.15228087 -0.14503713 -0.15068273 -0.16247308 -0.17439961 -0.18664522 -0.19889084 -0.20333242 -0.20360164
-0.18246524 -0.1856285 -0.19003847 -0.19444843 -0.19885839 -0.19266435 -0.17926444 -0.16586453 -0.15246462 -0.14780757 -0.15696807 -0.1495598 -0.14520549 -0.14356894 -0.1419324 -0.14029585 -0.13574732 -0.1279715 -0.12696332 -0.12595514 -0.12494696 -0.12406681 -0.13462023 -0.14517365 -0.15572707 -0.16607561 -0.16947165 -0.1598339 -0.14668348 -0.13841799 -0.13015249 -0.121887 -0.11028599 -0.092674674 -0.075063359 -0.057452045 -0.050012408 -0.059599518 -0.07030071 -0.091647548 -0.11681461 -0.14198168 -0.16714874 -0.17023356 -0.16630431 -0.15906056 -0.15181681 -0.14457306 -0.15021867 -0.16219506 -0.17444067 -0.18668629 -0.1989319 -0.20337348 -0.19931399
-0.20000963 -0.20441959 -0.20882955 -0.21323952 -0.21764948 -0.21145544 -0.19805553 -0.18465562 -0.17125571 -0.1578558 -0.14772453 -0.14533746 -0.14370092 -0.14206437 -0.14042783 -0.13879128 -0.1361824 -0.13517422 -0.13416604 -0.13315786 -0.13214968 -0.13126952 -0.14182295 -0.15237637 -0.16292979 -0.17348321 -0.18403664 -0.17926535 -0.17099985 -0.16273436 -0.15446887 -0.14620337 -0.13460236 -0.11699105 -0.099379733 -0.081768419 -0.064157105 -0.051968722 -0.075220665 -0.10038773 -0.12555479 -0.15072186 -0.17588892 -0.17308399 -0.16584024 -0.15859649 -0.15135275 -0.144109 -0.1499905 -0.16223612 -0.17448174 -0.18672735 -0.19897297 -0.19784847 -0.18681824
-0.18030912 -0.18471908 -0.18912904 -0.19353901 -0.21178939 -0.21415959 -0.20058781 -0.1871879 -0.17378799 -0.16038808 -0.14698818 -0.14496085 -0.14332431 -0.14168776 -0.14005122 -0.14456375 -0.15068245 -0.14967427 -0.14866609 -0.14765791 -0.14649881 -0.13582222 -0.14372228 -0.1542757 -0.16482913 -0.17538255 -0.18593597 -0.18361751 -0.17535202 -0.16708653 -0.15882103 -0.14843737 -0.1437672 -0.14537125 -0.12775994 -0.11014862 -0.092537308 -0.076201329 -0.10136839 -0.12653546 -0.15170252 -0.17686959 -0.171958 -0.16443649 -0.15719274 -0.14994899 -0.14270524 -0.1422596 -0.1516203 -0.16386592 -0.17611153 -0.18835715 -0.19230024 -0.18440427 -0.17337404
-0.15416876 -0.15857873 -0.16298869 -0.1859257 -0.21206994 -0.21444014 -0.20065488 -0.18700001 -0.1736001 -0.16020019 -0.14680028 -0.14477296 -0.14313641 -0.14149987 -0.14859642 -0.16028468 -0.16640338 -0.1653952 -0.16438702 -0.16152717 -0.15064335 -0.13996676 -0.14779749 -0.15562822 -0.16584118 -0.1763946 -0.18694803 -0.18462957 -0.17636407 -0.16809858 -0.15678412 -0.14233439 -0.13766422 -0.15061595 -0.15682004 -0.13920873 -0.12159741 -0.10526143 -0.1304285 -0.15559556 -0.18076262 -0.17207097 -0.16194137 -0.15441985 -0.1471761 -0.13993235 -0.14084595 -0.1441552 -0.1535159 -0.16576152 -0.17800713 -0.18073097 -0.17869736 -0.17080139 -0.15977117
-0.12802841 -0.13391777 -0.16006201 -0.18620625 -0.21235049 -0.21472069 -0.20093543 -0.18715017 -0.1734122 -0.16001229 -0.14661238 -0.14458506 -0.14294851 -0.15262908 -0.16431735 -0.17600561 -0.18212431 -0.18111613 -0.17655552 -0.1656717 -0.15478788 -0.14411129 -0.15194202 -0.15977276 -0.16760349 -0.17740665 -0.18796008 -0.18564162 -0.17737612 -0.16513088 -0.15068114 -0.13623141 -0.13156124 -0.14451297 -0.15746471 -0.16826883 -0.15065751 -0.13432154 -0.1594886 -0.18231354 -0.17218394 -0.16205433 -0.15192473 -0.14440321 -0.13715946 -0.13943231 -0.14274155 -0.14605079 -0.1554115 -0.16765712 -0.1691617 -0.16712809 -0.16509449 -0.15719852 -0.14616829
-0.10805407 -0.13419831 -0.16034256 -0.1864868 -0.21263104 -0.21500124 -0.20121598 -0.18743072 -0.17364545 -0.15986019 -0.14642448 -0.14497348 -0.15666175 -0.16835001 -0.18003828 -0.19172654 -0.19784524 -0.19158387 -0.18070005 -0.16981623 -0.15893241 -0.14825582 -0.15608655 -0.16391729 -0.17174802 -0.17957876 -0.18897213 -0.18665367 -0.17347764 -0.1590279 -0.14457816 -0.13012843 -0.12545826 -0.13840999 -0.15136173 -0.16431346 -0.17726519 -0.16338164 -0.18242651 -0.1722969 -0.1621673 -0.1520377 -0.14190809 -0.13470943 -0.13801867 -0.14132791 -0.14463715 -0.14794639 -0.1573071 -0.15759243 -0.15555882 -0.15352522 -0.15149161 -0.14359564 -0.14075673
-0.10434494 -0.13048918 -0.15663342 -0.18277766 -0.2089219 -0.21839075 -0.20460549 -0.19082023 -0.17703497 -0.1632497 -0.14946444 -0.15584573 -0.167534 -0.17922226 -0.19091053 -0.20259879 -0.20438533 -0.19350151 -0.18261769 -0.17173387 -0.16085005 -0.15361969 -0.156807 -0.16463773 -0.17246846 -0.1802992 -0.18812993 -0.18072113 -0.16627139 -0.15182166 -0.13737192 -0.12292218 -0.11802867 -0.1309804 -0.14393213 -0.15688386 -0.16983559 -0.18209921 -0.17196961 -0.16184 -0.1517104 -0.1415808 -0.13430613 -0.13868717 -0.14199641 -0.14530565 -0.14861489 -0.15192413 -0.151148 -0.14911439 -0.14708078 -0.14504718 -0.14301357 -0.13937059 -0.13842761
-0.094582136 -0.11315342 -0.13929766 -0.1654419 -0.19158614 -0.20897437 -0.21861353 -0.20482827 -0.19104301 -0.17725775 -0.16347249 -0.15871221 -0.16184578 -0.17353405 -0.18522231 -0.19691058 -0.19869712 -0.1878133 -0.17692948 -0.16604566 -0.16162325 -0.16403753 -0.15367877 -0.15366333 -0.16149406 -0.1693248 -0.17715553 -0.16974672 -0.15529699 -0.14084725 -0.12639752 -0.13203215 -0.13425394 -0.12124063 -0.13197153 -0.14492327 -0.157875 -0.17013861 -0.16000901 -0.14987941 -0.13974981 -0.1348243 -0.14253235 -0.14850734 -0.15308562 -0.15639486 -0.1597041 -0.16301334 -0.16144508 -0.15814003 -0.15610642 -0.15407282 -0.15203921 -0.14469988 -0.13720916
-0.10860872 -0.10951463 -0.12196191 -0.14810615 -0.17425039 -0.19163862 -0.20307677 -0.21451492 -0.20505105 -0.19126579 -0.17748053 -0.17272025 -0.16827009 -0.16784583 -0.1795341 -0.19122236 -0.1930089 -0.18212508 -0.17124126 -0.16948378 -0.17204108 -0.17445536 -0.16409661 -0.15373785 -0.15051966 -0.15835039 -0.16618113 -0.15877232 -0.14432259 -0.12987285 -0.13993167 -0.15060843 -0.15283021 -0.13981691 -0.12680361 -0.13296267 -0.1459144 -0.15817802 -0.14804842 -0.13791881 -0.13534246 -0.14305052 -0.15075857 -0.15673356 -0.16252397 -0.16748406 -0.1707933 -0.17410254 -0.17253429 -0.16864079 -0.16513206 -0.16309846 -0.16106485 -0.15372551 -0.14354952
-0.12263531 -0.12354122 -0.12444712 -0.1307704 -0.15691464 -0.17430287 -0.18574102 -0.19717917 -0.20861732 -0.20527384 -0.19148857 -0.1867283 -0.18227813 -0.17782797 -0.17384588 -0.18553415 -0.18732069 -0.17643687 -0.17734432 -0.17990162 -0.18245892 -0.1848732 -0.17451444 -0.16415568 -0.15379692 -0.14737599 -0.15520672 -0.14779792 -0.13715444 -0.1478312 -0.15850795 -0.16918471 -0.17140649 -0.15839319 -0.14537988 -0.13236658 -0.13395381 -0.14621742 -0.13608782 -0.13586062 -0.14356868 -0.15127674 -0.1589848 -0.16495978 -0.17075019 -0.17654059 -0.18188251 -0.18519175 -0.18362349 -0.17972999 -0.17583649 -0.1721241 -0.17009049 -0.16275115 -0.15257516
-0.1366619 -0.13756781 -0.13847371 -0.13937962 -0.14028552 -0.15696711 -0.16840526 -0.17984341 -0.19128156 -0.20271971 -0.20549662 -0.20073634 -0.19628618 -0.19183601 -0.18738585 -0.18293568 -0.18264755 -0.18520485 -0.18776215 -0.19031945 -0.19287675 -0.19529103 -0.18493227 -0.17457352 -0.16421476 -0.153856 -0.14423232 -0.14505396 -0.15573072 -0.16640747 -0.17708423 -0.18776098 -0.18998277 -0.17696946 -0.16395616 -0.15094286 -0.13792955 -0.13425683 -0.13637879 -0.14408684 -0.1517949 -0.15950296 -0.16721102 -0.173186 -0.17897641 -0.18476681 -0.19055722 -0.19628095 -0.1947127 -0.1908192 -0.18692569 -0.18303219 -0.17913869 -0.17177679 -0.1616008
-0.1412572 -0.1421631 -0.14306901 -0.14397491 -0.14488082 -0.15160288 -0.16283431 -0.17427246 -0.18571061 -0.19714876 -0.20858691 -0.19624 -0.19178983 -0.18733967 -0.1828895 -0.17843933 -0.17706314 -0.17962044 -0.18217774 -0.18473505 -0.18729235 -0.20313563 -0.18658613 -0.17622737 -0.16586861 -0.15550985 -0.1451511 -0.14918034 -0.1598571 -0.17053385 -0.18121061 -0.19131772 -0.1939343 -0.18412328 -0.17110998 -0.15809668 -0.14508337 -0.13268783 -0.14039588 -0.14810394 -0.155812 -0.16352006 -0.17331265 -0.16478775 -0.17057816 -0.17636857 -0.18215897 -0.18794938 -0.20152095 -0.19966197 -0.19576847 -0.19187497 -0.18798147 -0.17590221 -0.16496237
-0.15051877 -0.14265719 -0.1435631 -0.144469 -0.14537491 -0.15209697 -0.16277134 -0.17381745 -0.1852556 -0.19669375 -0.2081319 -0.19463409 -0.18027945 -0.17479667 -0.17034651 -0.16589634 -0.16452015 -0.16707745 -0.16963475 -0.17291143 -0.19165066 -0.2099829 -0.1919678 -0.1740702 -0.16371144 -0.15335268 -0.14299392 -0.14702317 -0.15769992 -0.16837668 -0.17791567 -0.1853659 -0.18798248 -0.18188928 -0.17329674 -0.16028343 -0.14727013 -0.13487458 -0.14258264 -0.1502907 -0.15799875 -0.1681878 -0.17890616 -0.16855023 -0.15594982 -0.16074115 -0.16653156 -0.17232197 -0.18589354 -0.20317462 -0.20363439 -0.19974089 -0.19584739 -0.18376813 -0.16731243
-0.16332801 -0.1543235 -0.14531898 -0.14496309 -0.145869 -0.15259106 -0.16326543 -0.1739398 -0.18480059 -0.19623874 -0.20767689 -0.19417908 -0.17982444 -0.1654698 -0.15780351 -0.15335335 -0.15197715 -0.15453446 -0.16101948 -0.17975871 -0.19849794 -0.21683017 -0.19881508 -0.18079998 -0.16278488 -0.15119551 -0.14083675 -0.144866 -0.15554275 -0.16451363 -0.17196386 -0.17941408 -0.18203067 -0.17593747 -0.16984427 -0.16247019 -0.14945689 -0.13706134 -0.1447694 -0.15247745 -0.16306294 -0.1737813 -0.18449966 -0.17414373 -0.16154332 -0.14894291 -0.15090415 -0.15669455 -0.17026612 -0.1875472 -0.20482829 -0.20760681 -0.20371331 -0.19163405 -0.17517835
-0.17613726 -0.16713274 -0.15812823 -0.14912371 -0.14636309 -0.15308515 -0.16375952 -0.17443389 -0.18510827 -0.19578372 -0.20722187 -0.19372407 -0.17936943 -0.16501479 -0.15066015 -0.14081035 -0.13943416 -0.14912752 -0.16786675 -0.18660598 -0.20534521 -0.22367745 -0.20566235 -0.18764725 -0.16963215 -0.15161705 -0.13867958 -0.14270883 -0.15111159 -0.15856181 -0.16601204 -0.17346226 -0.17607885 -0.16998565 -0.16389245 -0.15779925 -0.15164364 -0.1392481 -0.14721973 -0.15793809 -0.16865645 -0.1793748 -0.19009316 -0.17973723 -0.16713682 -0.15453641 -0.141936 -0.14106714 -0.15463871 -0.17191979 -0.18920087 -0.20648195 -0.21157923 -0.19949997 -0.18304427
-0.18486081 -0.1758563 -0.16685178 -0.15784727 -0.14884275 -0.14990672 -0.16058109 -0.17125547 -0.18192984 -0.19260422 -0.20327859 -0.18975541 -0.17540077 -0.16104614 -0.1466915 -0.13233686 -0.13660254 -0.15534177 -0.174081 -0.19282022 -0.21155945 -0.22610364 -0.21386452 -0.19584942 -0.17783432 -0.15981922 -0.14180412 -0.14120696 -0.14865719 -0.15610741 -0.16355764 -0.17100786 -0.17359152 -0.16749832 -0.16140512 -0.15531192 -0.14921872 -0.14362672 -0.15434508 -0.16506344 -0.1757818 -0.18650015 -0.194947 -0.1822449 -0.16964449 -0.15704408 -0.14444367 -0.13184326 -0.14241522 -0.1596963 -0.17697738 -0.19425846 -0.21153954 -0.20482295 -0.18836725
-0.17326273 -0.16425821 -0.1552537 -0.14654516 -0.14396637 -0.1407346 -0.13913609 -0.14981047 -0.16048484 -0.17115922 -0.18183359 -0.16831041 -0.15395577 -0.13960114 -0.1252465 -0.12823224 -0.13966819 -0.15840742 -0.17714665 -0.19588588 -0.20618016 -0.20448357 -0.217556 -0.21079067 -0.19277557 -0.17476047 -0.15674537 -0.15614821 -0.16359844 -0.17104866 -0.17849889 -0.18095933 -0.18155953 -0.18213583 -0.17614966 -0.17005646 -0.16396327 -0.15837126 -0.16908962 -0.17980798 -0.19052634 -0.19576305 -0.18210618 -0.16940409 -0.15680368 -0.14420327 -0.1319711 -0.13457836 -0.14712232 -0.1644034 -0.18168448 -0.19896556 -0.20597825 -0.1974977 -0.181042
-0.16166464 -0.15266013 -0.14551077 -0.14293199 -0.1403532 -0.13712143 -0.13344593 -0.12977043 -0.13903984 -0.14971421 -0.16038859 -0.14686541 -0.13251077 -0.11984081 -0.12556935 -0.13129789 -0.14273384 -0.16147307 -0.1802123 -0.18642205 -0.18456008 -0.18286349 -0.19593593 -0.20900836 -0.20771682 -0.18970172 -0.17168662 -0.17108946 -0.17853969 -0.18598991 -0.18724656 -0.18786003 -0.18846023 -0.18903653 -0.18961283 -0.18480101 -0.17870781 -0.1731158 -0.18383416 -0.19455252 -0.19657911 -0.18292224 -0.16926537 -0.15656327 -0.14396286 -0.13407095 -0.1366782 -0.13928546 -0.15182942 -0.1691105 -0.18578039 -0.19221669 -0.198653 -0.19017245 -0.17371675
-0.15006656 -0.14447639 -0.1418976 -0.13931882 -0.13674003 -0.13350826 -0.12983276 -0.12615726 -0.12248176 -0.12826921 -0.13894359 -0.12542041 -0.11717792 -0.12290646 -0.128635 -0.13436354 -0.1457995 -0.16453873 -0.16666394 -0.16480198 -0.16294001 -0.16124342 -0.17431585 -0.18738829 -0.20046072 -0.20464298 -0.18662788 -0.18603071 -0.19292032 -0.19353379 -0.19414726 -0.19476073 -0.19536093 -0.19593723 -0.19651353 -0.19708983 -0.19345235 -0.18786035 -0.19857871 -0.19739516 -0.18373829 -0.17008142 -0.15642455 -0.14372245 -0.1361708 -0.13877805 -0.1413853 -0.14399256 -0.15653652 -0.17201884 -0.17845514 -0.18489145 -0.19132775 -0.18284721 -0.1690321
-0.143442 -0.14086322 -0.13828443 -0.13570565 -0.13312686 -0.12989509 -0.12621959 -0.12254409 -0.11886859 -0.11519309 -0.11749859 -0.11451503 -0.12024357 -0.12597211 -0.13170065 -0.1374292 -0.1487678 -0.14690583 -0.14504387 -0.1431819 -0.14131994 -0.13962334 -0.15269578 -0.16576821 -0.17884065 -0.19191309 -0.20156913 -0.19920755 -0.19982102 -0.20043449 -0.20104796 -0.20166143 -0.20226163 -0.20283793 -0.20341423 -0.20399053 -0.20456683 -0.20260489 -0.19821121 -0.18455434 -0.17089747 -0.1572406 -0.14358373 -0.13827065 -0.1408779 -0.14348515 -0.1460924 -0.14869966 -0.15825728 -0.16469359 -0.1711299 -0.1775662 -0.18400251 -0.18022342 -0.18258734
-0.13513535 -0.13255657 -0.12997778 -0.127399 -0.12482022 -0.13710565 -0.13903978 -0.13536428 -0.13168878 -0.12801328 -0.12433778 -0.11479135 -0.1205199 -0.12624844 -0.13197698 -0.13770552 -0.14010432 -0.13824236 -0.13638039 -0.13451843 -0.13265646 -0.13175682 -0.1347838 -0.14785624 -0.16092868 -0.17400111 -0.18707355 -0.19162422 -0.19223769 -0.19285116 -0.19346462 -0.19526019 -0.20304983 -0.2048499 -0.2054262 -0.2060025 -0.2065788 -0.20673077 -0.1930739 -0.17941703 -0.16576016 -0.15210329 -0.13982587 -0.13826864 -0.14087589 -0.14348314 -0.1460904 -0.14869765 -0.15129265 -0.15754962 -0.16398592 -0.17042223 -0.17685854 -0.17808584 -0.18016674
