P2_models/J1_p2_tot_conduct_slide_300.dat.tif
NCOLS 118
NROWS 92
XLLCORNER 139.62
YLLCORNER -39.07
DX 0.099491525
DY 0.099347826
NODATA_VALUE -9999
[rows 26 to 51 of 92, columns 0 to 57 of 118]
-1.7920894 -1.7320972 -1.6674277 -1.6128775 -1.5655006 -1.5208744 -1.4761032 -1.4441482 -1.4204597 -1.4086619 -1.418611 -1.4370983 -1.4719204 -1.5163985 -1.5711188 -1.6273537 -1.682074 -1.7368755 -1.801545 -1.8601976 -1.9148974 -1.9681643 -2.0179101 -2.0577261 -2.082487 -2.1019531 -2.1117395 -2.1151844 -2.0859779 -2.0596831 -2.0490116 -2.0338048 -2.0139065 -1.9953963 -1.9796871 -1.9477638 -1.9079672 -1.86364 -1.8165125 -1.7595872 -1.7019868 -1.6490364 -1.5992906 -1.5495535 -1.502426 -1.4532937 -1.4009298 -1.3590272 -1.3223724 -1.2901824 -1.2587641 -1.2391294 -1.2237584 -1.2140347 -1.2078026 -1.2182754 -1.236452 -1.2521612
-1.831774 -1.7732837 -1.7135888 -1.6592398 -1.6118629 -1.5680824 -1.5282858 -1.4985034 -1.4842903 -1.4748938 -1.4848429 -1.5033302 -1.5429721 -1.5893958 -1.6490908 -1.7069234 -1.7666183 -1.8228958 -1.8776161 -1.9330526 -1.9778238 -2.027773 -2.0729531 -2.1107116 -2.1306099 -2.1483155 -2.15329 -2.1549235 -2.1399998 -2.1192918 -2.1035826 -2.0866057 -2.0617328 -2.0417586 -2.0056129 -1.9676334 -1.9278368 -1.8828698 -1.8305058 -1.7694957 -1.6961862 -1.6424132 -1.5926674 -1.5413984 -1.4891796 -1.442052 -1.3943066 -1.3499265 -1.3091261 -1.2769361 -1.2455177 -1.2190369 -1.1972657 -1.1917384 -1.1879331 -1.1984059 -1.2171079 -1.2537627
-1.8678654 -1.8141994 -1.7560059 -1.7035192 -1.6600891 -1.6260088 -1.5904185 -1.5646978 -1.5527486 -1.5488352 -1.5614892 -1.5816841 -1.6214807 -1.6662477 -1.7231361 -1.781225 -1.8380626 -1.8946473 -1.9464594 -1.9951628 -2.0340158 -2.078787 -2.1226669 -2.1540483 -2.1678251 -2.1836683 -2.1886428 -2.1871132 -2.169027 -2.1525901 -2.1337334 -2.1148942 -2.0900213 -2.0612445 -2.023155 -1.982147 -1.9423504 -1.895229 -1.8405561 -1.7776837 -1.7043741 -1.6450142 -1.5952684 -1.5439994 -1.4916355 -1.4427907 -1.3956631 -1.3565195 -1.3150997 -1.282138 -1.2507197 -1.2242389 -1.198743 -1.1932157 -1.1912727 -1.2017455 -1.2204476 -1.2571024
-1.903204 -1.8534725 -1.7987521 -1.7538738 -1.7159723 -1.6839096 -1.6540622 -1.6350171 -1.6255417 -1.6240186 -1.6389424 -1.6624042 -1.7022008 -1.7456227 -1.800343 -1.8537182 -1.9084386 -1.9595862 -2.0093319 -2.0538924 -2.0887145 -2.1249899 -2.1647865 -2.1948227 -2.2047719 -2.2126968 -2.2176714 -2.2154692 -2.1955709 -2.1754094 -2.1544638 -2.1315042 -2.1066314 -2.0761195 -2.0342284 -1.9938929 -1.9540963 -1.9076475 -1.8500472 -1.785238 -1.7119285 -1.6525685 -1.6028227 -1.5515538 -1.4991898 -1.4510176 -1.40389 -1.3640739 -1.3274191 -1.2959016 -1.2644833 -1.2373299 -1.2120177 -1.2069793 -1.2050363 -1.2155091 -1.2342112 -1.270866
-1.9404594 -1.8975958 -1.8546353 -1.809757 -1.7806392 -1.7538989 -1.728573 -1.7125815 -1.712471 -1.7098621 -1.7198112 -1.7431243 -1.7829209 -1.8243743 -1.8691455 -1.9201531 -1.9649243 -2.0128217 -2.0476438 -2.0903162 -2.1201636 -2.1560361 -2.1892132 -2.2134505 -2.2233996 -2.2306454 -2.2306454 -2.2272593 -2.2023865 -2.1816186 -2.1606731 -2.1366869 -2.1068394 -2.0761195 -2.0380816 -2.0001021 -1.9603055 -1.9153385 -1.8624656 -1.799611 -1.7305562 -1.6711962 -1.6214505 -1.5701815 -1.5178175 -1.4724919 -1.428727 -1.3855914 -1.3460468 -1.3183216 -1.2893202 -1.2579018 -1.2306454 -1.2306454 -1.2298733 -1.2403461 -1.2590481 -1.2957029
-1.9553349 -1.9251907 -1.8863998 -1.8532569 -1.8280595 -1.8159992 -1.7930002 -1.7796739 -1.7796739 -1.7884663 -1.8030313 -1.8232262 -1.8630228 -1.8945685 -1.936059 -1.9744065 -2.012413 -2.0509638 -2.0823018 -2.1126112 -2.1388729 -2.1687203 -2.1985678 -2.2167029 -2.2228629 -2.2301087 -2.2301087 -2.2040917 -2.1492751 -2.1280206 -2.1110376 -2.0904498 -2.0637982 -2.0316952 -1.9966517 -1.978941 -1.940344 -1.90184 -1.8529044 -1.7952862 -1.727883 -1.6794943 -1.6308051 -1.5856289 -1.5337664 -1.5049263 -1.4630351 -1.424441 -1.3825499 -1.3507559 -1.3245739 -1.2934544 -1.2628961 -1.2597826 -1.2621287 -1.2726015 -1.2913036 -1.3279583
-1.9479863 -1.9251907 -1.9003178 -1.8838972 -1.8744219 -1.8623615 -1.8474378 -1.8392826 -1.8392826 -1.848075 -1.8729479 -1.8994487 -1.9292961 -1.9608004 -1.9956224 -2.027392 -2.0522649 -2.0774566 -2.1023295 -2.1258575 -2.1457558 -2.1673467 -2.1922195 -2.2100797 -2.2100797 -2.2102391 -2.2102391 -2.1842222 -2.0847307 -2.0088032 -1.9983304 -1.9844788 -1.9645804 -1.9489026 -1.9436662 -1.9259555 -1.8911334 -1.8554777 -1.8188229 -1.7687934 -1.7059567 -1.6596247 -1.6248027 -1.5856289 -1.5437377 -1.519283 -1.5035739 -1.4714982 -1.4348435 -1.4025737 -1.3711554 -1.3398167 -1.3092584 -1.3037311 -1.3018679 -1.3123407 -1.3310427 -1.3676975
-1.9722055 -1.9556525 -1.9371249 -1.9212623 -1.9227207 -1.9204903 -1.9093409 -1.9013451 -1.9013451 -1.908379 -1.9288759 -1.9554564 -1.9796704 -2.0012255 -2.027092 -2.0554904 -2.0713061 -2.0946239 -2.1149173 -2.1352775 -2.1459153 -2.1672669 -2.1895774 -2.2038655 -2.2038655 -2.2025138 -2.197731 -2.1730149 -2.078357 -2.0012339 -1.9907611 -1.9770689 -1.9571706 -1.9421304 -1.936894 -1.9233782 -1.8966303 -1.8632086 -1.830534 -1.7859978 -1.7301759 -1.6868686 -1.6552361 -1.6193478 -1.5805448 -1.5632879 -1.5528094 -1.5211323 -1.4844775 -1.4522875 -1.4208691 -1.3894508 -1.3587089 -1.3476542 -1.3452877 -1.3557605 -1.3744625 -1.4111173
-1.9869169 -1.9811144 -1.9661907 -1.9627724 -1.9675404 -1.9727797 -1.9628305 -1.9575 -1.9575 -1.9627754 -1.9819322 -2.0018305 -2.0217288 -2.0374703 -2.0606568 -2.0791059 -2.0922415 -2.1056102 -2.1236186 -2.1390042 -2.1479576 -2.1608136 -2.1807119 -2.1935975 -2.1925 -2.1911483 -2.1861737 -2.1590847 -2.0657669 -1.9923684 -1.9818956 -1.9699025 -1.9508051 -1.9357649 -1.9305285 -1.9216102 -1.8971398 -1.8738827 -1.8431557 -1.8037288 -1.7513649 -1.7148305 -1.6849831 -1.6561753 -1.6195205 -1.6089808 -1.6037444 -1.5770562 -1.5404014 -1.5082114 -1.476793 -1.4403747 -1.4096328 -1.3985782 -1.3911731 -1.4003189 -1.4206668 -1.4581757
-1.9980831 -1.9952845 -1.9903099 -1.9949519 -2.0139027 -2.019142 -2.0091928 -2.0038623 -2.0038623 -2.0091377 -2.0240615 -2.0407388 -2.0556626 -2.0705863 -2.08551 -2.0989755 -2.1039501 -2.1122334 -2.1221825 -2.132381 -2.1373556 -2.1475672 -2.1674655 -2.1803511 -2.1753765 -2.1712787 -2.1663042 -2.1392152 -2.0496728 -1.979122 -1.9686493 -1.9566562 -1.9417324 -1.93 -1.93 -1.9216102 -1.9017119 -1.8805059 -1.8595603 -1.8237255 -1.7765979 -1.7417682 -1.7168953 -1.690384 -1.664202 -1.6573815 -1.6626179 -1.6381569 -1.6066333 -1.5744433 -1.5430249 -1.5017314 -1.4626183 -1.4515637 -1.4441586 -1.449395 -1.4670291 -1.5089203
-2.0034704 -2.0053872 -2.002838 -2.011864 -2.0366094 -2.0491887 -2.0422666 -2.0369361 -2.0369361 -2.04397 -2.0625225 -2.0774463 -2.0882311 -2.0932057 -2.1006685 -2.1011389 -2.0796444 -2.0846189 -2.090736 -2.0976766 -2.0987682 -2.108103 -2.1062189 -2.0762401 -2.0712655 -2.066291 -2.0613164 -2.071952 -2.1009147 -2.0312407 -2.0207679 -2.0087748 -1.9938511 -1.9838723 -1.9744376 -1.9581285 -1.9448097 -1.9266348 -1.9089222 -1.8879766 -1.8546496 -1.8236415 -1.801211 -1.7755765 -1.7493945 -1.7196933 -1.7118534 -1.689146 -1.6577276 -1.6263092 -1.5948909 -1.5486598 -1.5073434 -1.4962888 -1.4888837 -1.4941201 -1.504294 -1.5312197
-2.0025465 -2.0134058 -2.0134058 -2.0300402 -2.0584663 -2.0727485 -2.0677739 -2.0634058 -2.0634058 -2.0687368 -2.0886351 -2.1034105 -2.1083851 -2.1082971 -2.1132256 -2.1037467 -2.0737054 -2.0531884 -2.0580152 -2.0599813 -2.0597826 -2.0481555 -2.0083589 -1.980083 -1.9751084 -1.9701338 -1.9651592 -1.974494 -2.0288123 -2.0697826 -2.060084 -2.0514893 -2.036573 -2.019654 -1.9987084 -1.9892109 -1.9792617 -1.9703486 -1.9546394 -1.9397089 -1.9187633 -1.9001406 -1.8802423 -1.8600942 -1.8339122 -1.8025081 -1.7710897 -1.7396714 -1.708253 -1.6785375 -1.6471191 -1.5991852 -1.5530723 -1.5404984 -1.5330933 -1.5383297 -1.5485037 -1.5694493
-1.9954374 -2.0105595 -2.0254832 -2.0432866 -2.0717127 -2.0866522 -2.0866522 -2.0827789 -2.0780412 -2.0819276 -2.0968513 -2.1099663 -2.1049917 -2.1016739 -2.1016739 -2.0905004 -2.0507038 -2.0266957 -2.0266957 -2.0268653 -2.0218908 -2.0084164 -1.9733738 -1.946967 -1.9419924 -1.9370179 -1.9320433 -1.941378 -1.9911238 -2.0300435 -2.0300435 -2.0249965 -2.0200219 -2.0065299 -1.9960571 -1.99 -1.99 -1.9844978 -1.9792615 -1.9680501 -1.9575773 -1.9411218 -1.926198 -1.9091434 -1.8934343 -1.8603005 -1.8240752 -1.7926569 -1.7612385 -1.7342849 -1.7067278 -1.6555592 -1.6060578 -1.5894759 -1.5794557 -1.5846921 -1.594866 -1.6158116
-1.9857757 -2.0042456 -2.0191694 -2.0419944 -2.0725706 -2.09 -2.09 -2.0878006 -2.083063 -2.0835169 -2.0955592 -2.1036524 -2.0960336 -2.0827666 -2.0768003 -2.0623469 -2.0195163 -1.9890502 -1.9828804 -1.9813762 -1.9764016 -1.9627067 -1.9289526 -1.9075204 -1.9057832 -1.9021603 -1.900474 -1.9098087 -1.9595545 -1.9981161 -2.0014402 -2.0048385 -2.0086863 -2.0018899 -1.9930285 -1.9941949 -1.9992799 -1.9992799 -1.9965291 -1.9939198 -1.9874727 -1.9802548 -1.9687211 -1.9502941 -1.9329913 -1.9032054 -1.8665506 -1.8378798 -1.8071094 -1.775691 -1.7493339 -1.6984641 -1.6472888 -1.6307069 -1.6178397 -1.6196092 -1.631429 -1.6553687
-1.973654 -2.0025088 -2.0174325 -2.04303 -2.0761938 -2.0927174 -2.0927174 -2.0896122 -2.0848745 -2.0762706 -2.0862197 -2.0876307 -2.072707 -2.0567227 -2.0467735 -2.0283002 -1.983529 -1.9487377 -1.9387885 -1.9294378 -1.9244632 -1.9122217 -1.8823742 -1.8672826 -1.8672826 -1.8690942 -1.8690942 -1.8730447 -1.9227905 -1.9631636 -1.9684 -1.9761519 -1.9861011 -1.9910186 -1.9857822 -1.9887601 -1.9987093 -2.005471 -2.005471 -2.01 -2.01 -2.0070551 -2.0020805 -1.9887202 -1.9677747 -1.9389889 -1.9023342 -1.8736633 -1.8474814 -1.8168346 -1.7854162 -1.736965 -1.6857897 -1.6692078 -1.6563406 -1.6563406 -1.668193 -1.694375
-1.9802772 -2.0153002 -2.0439253 -2.0692213 -2.0976475 -2.112587 -2.112587 -2.1081882 -2.0987129 -2.0809902 -2.0411936 -2.0346452 -2.0155103 -1.995612 -1.9757137 -1.9575456 -1.9276981 -1.8951029 -1.8801791 -1.8692307 -1.8592815 -1.8459898 -1.843841 -1.847413 -1.847413 -1.8501164 -1.8600656 -1.862471 -1.862471 -1.8911285 -1.9068377 -1.9173366 -1.9322603 -1.9380331 -1.9417975 -1.949021 -1.9589702 -1.9669804 -1.9722168 -1.9854907 -2.01 -2.0070551 -2.0020805 -1.9908608 -1.9743979 -1.9534523 -1.9288269 -1.9001561 -1.8739741 -1.8433274 -1.811909 -1.7755531 -1.7321521 -1.7155701 -1.7027029 -1.7027029 -1.7175156 -1.7646431
-1.958472 -2.0011625 -2.0351872 -2.06833 -2.0984184 -2.1158478 -2.1143609 -2.1028982 -2.0895172 -2.0693235 -2.0286417 -1.9924086 -1.9716759 -1.9484598 -1.9269945 -1.8955411 -1.8631474 -1.8379652 -1.8223596 -1.8054698 -1.7955206 -1.7899317 -1.7954864 -1.8026304 -1.803689 -1.8149899 -1.8277395 -1.835087 -1.8363697 -1.8514908 -1.8686088 -1.8909453 -1.9066949 -1.9217351 -1.9280951 -1.9383471 -1.9495204 -1.9604587 -1.9656951 -1.9814399 -2.0076219 -2.0153594 -2.0103849 -2.0022116 -1.9876082 -1.9683798 -1.9445265 -1.9183445 -1.8921625 -1.8615158 -1.8300974 -1.7937415 -1.7577535 -1.7411716 -1.7283043 -1.728866 -1.7472692 -1.7954312
-1.9271494 -1.9815142 -2.0213108 -2.0572261 -2.0903899 -2.1054591 -2.1004845 -2.088295 -2.0693442 -2.0405392 -1.995768 -1.9578274 -1.9329545 -1.9035172 -1.8736697 -1.8422164 -1.8073943 -1.7772375 -1.7573392 -1.7404494 -1.7305003 -1.7263647 -1.7363138 -1.7484437 -1.7583928 -1.7711475 -1.7860712 -1.8024487 -1.8173725 -1.835852 -1.862034 -1.8867966 -1.9066949 -1.9234701 -1.9339429 -1.9470193 -1.961943 -1.9728812 -1.9781176 -1.9938625 -2.0200445 -2.027782 -2.0228074 -2.0146341 -2.0041613 -1.983131 -1.956949 -1.930767 -1.9045851 -1.8739383 -1.8425199 -1.806164 -1.7701761 -1.7535941 -1.7419 -1.7471364 -1.7671854 -1.8195494
-1.9085217 -1.9628865 -2.0026831 -2.0385984 -2.0717622 -2.0868314 -2.0818568 -2.0681948 -2.0445073 -2.0146707 -1.9649249 -1.9267812 -1.8910532 -1.8529134 -1.8180914 -1.7863332 -1.7515112 -1.7213544 -1.7014561 -1.6845663 -1.6746171 -1.6704815 -1.6837948 -1.700121 -1.7200193 -1.7351416 -1.7600145 -1.7787597 -1.8036326 -1.8240225 -1.8554408 -1.8815596 -1.9064325 -1.9234701 -1.9378505 -1.9532285 -1.9681522 -1.9790905 -1.9843269 -2.0000717 -2.0262537 -2.0339912 -2.0290166 -2.0208434 -2.0103706 -1.9893402 -1.9631583 -1.9369763 -1.9107943 -1.8801476 -1.8487292 -1.8123733 -1.7763853 -1.7598034 -1.7481092 -1.7533456 -1.7733947 -1.8257586
-1.8499636 -1.9071171 -1.9465205 -1.9824358 -2.0225209 -2.0551492 -2.0491797 -2.0355177 -2.0118293 -1.9842052 -1.9392492 -1.8929187 -1.8530848 -1.8083136 -1.770095 -1.7288492 -1.6870306 -1.6584289 -1.6403306 -1.624945 -1.6168467 -1.6141645 -1.6290882 -1.6549297 -1.6787331 -1.7026865 -1.7315661 -1.7538373 -1.7746018 -1.8011194 -1.8325378 -1.8617204 -1.8865933 -1.9084298 -1.924139 -1.9374196 -1.9510857 -1.9641782 -1.9706154 -1.9784789 -2.002477 -2.0131594 -2.008595 -2.0004217 -1.9899489 -1.9454331 -1.9192511 -1.8964242 -1.8702422 -1.8429505 -1.8115322 -1.8187922 -1.7829878 -1.7695774 -1.7590563 -1.7664747 -1.7799403 -1.8254674
-1.7657572 -1.8210157 -1.8558377 -1.9117164 -1.9827818 -2.0154101 -2.0054609 -1.9891554 -1.9654669 -1.9378429 -1.9030208 -1.8647401 -1.8199689 -1.7751977 -1.7304265 -1.6824869 -1.6277666 -1.5855739 -1.5706501 -1.5587132 -1.5537386 -1.5574191 -1.582292 -1.6085674 -1.6384149 -1.6695706 -1.7043926 -1.7339678 -1.7488915 -1.7680034 -1.7994218 -1.8286045 -1.8534773 -1.8753139 -1.8910231 -1.9043036 -1.9142528 -1.9244391 -1.9349119 -1.9453629 -1.9558357 -1.9601739 -1.9601739 -1.9540594 -1.9435866 -1.897922 -1.8350853 -1.8043365 -1.7833909 -1.7579588 -1.7317768 -1.7598862 -1.789611 -1.7785564 -1.7723026 -1.7827754 -1.7998099 -1.8312283
-1.7593075 -1.8175061 -1.8555551 -1.911586 -1.9789524 -2.0067306 -1.9929528 -1.9744262 -1.9467482 -1.9156072 -1.8719244 -1.8336871 -1.7860448 -1.7379558 -1.6931846 -1.6468075 -1.5966701 -1.5543905 -1.5394667 -1.5305599 -1.5349546 -1.5387004 -1.5661901 -1.5974401 -1.6320739 -1.6646247 -1.7042839 -1.7339025 -1.7488263 -1.7678947 -1.7993131 -1.8267966 -1.8471798 -1.8690163 -1.8847255 -1.9001035 -1.9141441 -1.9221543 -1.9285926 -1.9390654 -1.9495382 -1.9508662 -1.9476223 -1.9415295 -1.9310567 -1.8889113 -1.8287442 -1.7978433 -1.7768977 -1.7514873 -1.7253053 -1.7484989 -1.7772551 -1.7662004 -1.7599684 -1.7704412 -1.7891432 -1.8251046
-1.7561375 -1.8136949 -1.8534915 -1.9088136 -1.9751412 -2.0029195 -1.9879958 -1.9646045 -1.9358198 -1.8998573 -1.8542866 -1.8078078 -1.758062 -1.709973 -1.6652019 -1.6188247 -1.569079 -1.5317739 -1.517853 -1.5104505 -1.5164788 -1.5287203 -1.5585678 -1.5923758 -1.6271978 -1.6647232 -1.7057261 -1.7364168 -1.7488263 -1.7678947 -1.7993131 -1.8267966 -1.8466949 -1.8652052 -1.8809144 -1.8916369 -1.9061002 -1.9170384 -1.9222748 -1.9301383 -1.9406111 -1.9419391 -1.9369646 -1.9287913 -1.9183185 -1.8761731 -1.8185727 -1.7889162 -1.7679706 -1.7400023 -1.7138203 -1.7370139 -1.7619589 -1.7509042 -1.7458453 -1.757703 -1.776405 -1.8130598
-1.7605646 -1.8199142 -1.8547362 -1.9088136 -1.9751412 -2.0029195 -1.9879958 -1.9646045 -1.9314407 -1.8932341 -1.8434883 -1.7945614 -1.7448156 -1.6967267 -1.6519555 -1.6055784 -1.5558326 -1.5185275 -1.5085784 -1.5038273 -1.5137765 -1.5293549 -1.5641769 -1.598999 -1.633821 -1.6713464 -1.7161176 -1.7496632 -1.7546377 -1.7678947 -1.7993131 -1.8267966 -1.8466949 -1.864289 -1.8747617 -1.8850138 -1.8949629 -1.903792 -1.9090284 -1.9168919 -1.9273647 -1.9286928 -1.9237182 -1.9155449 -1.9050721 -1.8629267 -1.8053264 -1.7756698 -1.7547242 -1.7248491 -1.6939507 -1.7171443 -1.7420893 -1.7310347 -1.7259757 -1.7416849 -1.7631586 -1.7998134
-1.7655501 -1.8265374 -1.8613594 -1.9146179 -1.9544301 -1.9622891 -1.9473653 -1.9261734 -1.8966146 -1.8575892 -1.8230678 -1.7929237 -1.743178 -1.695089 -1.6503178 -1.6151822 -1.5948254 -1.5575203 -1.5475711 -1.5436389 -1.5535881 -1.5708042 -1.5966969 -1.6172308 -1.6520529 -1.6882266 -1.7285451 -1.7629095 -1.7741234 -1.7969165 -1.8236218 -1.8442097 -1.864108 -1.8808832 -1.9107866 -1.9422384 -1.9521875 -1.9601978 -1.9654342 -1.9732977 -1.9104133 -1.8690116 -1.864037 -1.8558637 -1.845391 -1.8032455 -1.814044 -1.8030539 -1.7770756 -1.7464288 -1.7150104 -1.7304861 -1.7048067 -1.6937521 -1.6886931 -1.7021885 -1.7208905 -1.7414257
-1.7770284 -1.8380157 -1.8728377 -1.903917 -1.9323431 -1.9402021 -1.9252784 -1.9040865 -1.8756603 -1.8502487 -1.8303504 -1.8002063 -1.7504606 -1.7064559 -1.6624555 -1.6273199 -1.6123962 -1.5990275 -1.5890784 -1.5866504 -1.5975228 -1.6089254 -1.6238491 -1.6405529 -1.67435 -1.709172 -1.7478928 -1.7798843 -1.7975292 -1.8163749 -1.8362087 -1.8550975 -1.8742674 -1.903188 -1.9503156 -1.9772424 -1.9868615 -1.9927174 -1.9976806 -1.9578568 -1.8636017 -1.8197725 -1.8147979 -1.8066246 -1.7961518 -1.8043666 -1.8253122 -1.81033 -1.784148 -1.7559288 -1.7245104 -1.7004571 -1.6747777 -1.6637231 -1.657491 -1.6679638 -1.6784366 -1.6844547
