P2_models/J1_p2__temp2_slide_80.dat.tif
NCOLS 118
NROWS 92
XLLCORNER 139.62
YLLCORNER -39.07
DX 0.099491525
DY 0.099347826
NODATA_VALUE -9999
[rows 0 to 26 of 92, columns 0 to 59 of 118]
-9999 -9999 -9999 -9999 -9999 -9999 -9999 -9999 -9999 -9999 -9999 -9999 -9999 -9999 -9999 -9999 -9999 -9999 -9999 -9999 -9999 -9999 -9999 -9999 -9999 -9999 -9999 -9999 -9999 -9999 -9999 -9999 -9999 -9999 -9999 -9999 -9999 -9999 -9999 -9999 -9999 -9999 -9999 -9999 -9999 -9999 -9999 -9999 -9999 -9999 -9999 -9999 -9999 -9999 -9999 -9999 -9999 -9999 -9999 -9999
-9999 775.9123 777.24973 778.58716 779.92458 781.26201 783.69582 783.11035 778.95125 776.44308 773.93492 771.42675 768.91859 765.10466 760.36221 757.55323 754.74426 751.93528 749.1263 745.40445 739.57657 733.74869 727.92081 722.09292 717.71333 722.91269 731.55864 742.75194 753.94524 765.13855 776.33185 780.61553 771.57968 762.54383 753.50797 744.47212 736.48203 728.38783 720.59304 716.23634 711.87964 707.52294 703.16624 707.45033 716.62609 725.3803 734.13451 742.88871 751.64292 761.25478 767.35219 773.4496 779.54701 785.64442 788.21967 781.83141 780.01249 778.19358 776.37466 774.55574
-9999 784.92563 786.26306 787.60049 788.93791 792.22446 796.73191 796.14644 789.68308 784.46004 781.95187 779.44371 776.93554 773.12161 766.6928 761.05193 758.24295 755.43398 752.625 748.90315 743.07527 737.24739 731.4195 729.62776 734.22659 739.42595 746.23488 753.88387 765.07717 776.27047 787.46377 791.74746 782.7116 773.67575 764.6399 757.55007 752.4733 744.37911 731.96805 722.50933 718.15263 713.79593 709.43923 713.72331 724.21915 733.71848 742.47269 751.2269 759.9811 769.75992 779.71583 786.28286 792.38026 798.47767 801.05292 791.42783 783.7517 781.93278 780.11386 778.29494
-9999 793.93896 795.27639 796.61382 800.75309 805.26055 809.768 809.18253 802.71917 796.25581 789.96883 787.46067 784.9525 781.13857 774.70976 768.28094 761.85213 758.93268 756.1237 752.40185 746.57397 740.74609 741.5422 746.14103 750.73986 755.93922 762.74815 769.55708 776.36601 787.40239 798.5957 802.87938 793.84353 784.80767 778.61811 773.54134 768.46457 760.37038 747.95933 735.54827 724.42562 720.06892 715.71222 719.9963 730.49213 740.98797 750.81087 759.56508 768.31928 778.0981 788.05401 798.00991 805.21352 811.31093 813.88618 804.26108 794.63599 785.67198 783.85307 782.03415
-9999 802.9523 804.77427 809.28173 813.78918 818.29664 822.80409 822.21862 815.75526 809.2919 802.82854 796.36518 792.96946 789.15552 782.72671 776.2979 769.86909 763.44028 759.6224 755.90055 750.07267 753.45663 758.05546 762.65429 767.25312 772.45248 779.26141 786.07034 792.87927 799.6882 809.72762 814.01131 804.97545 799.68615 794.60938 789.53261 784.45585 776.36165 763.9506 751.53955 739.12849 726.71744 721.9852 726.26929 736.76512 747.26095 757.75678 767.90326 776.65746 786.43629 796.39219 806.34809 816.304 824.14418 826.71943 817.09434 807.46924 797.84415 788.21905 785.77335
-9999 813.30291 817.81036 822.31782 826.82527 831.33273 835.84018 835.25471 828.79135 822.32799 815.86463 809.40127 802.93791 797.17248 790.74367 784.31486 777.88605 771.45723 765.02842 760.77224 765.37107 769.9699 774.56873 779.16756 783.76639 788.96575 795.77468 802.58361 809.39254 816.20147 823.0104 825.83095 820.75419 815.67742 810.60065 805.52389 800.44712 792.35293 779.94188 767.53082 755.11977 742.70872 730.29766 732.54228 743.03811 753.53394 764.02977 774.5256 784.99564 794.77447 804.73037 814.68627 824.64218 834.59808 839.55269 829.92759 820.3025 810.6774 801.05231 791.42721
-9999 817.18597 821.69342 826.20088 830.70834 835.21579 839.36858 838.45716 831.9938 825.53044 819.06708 812.60372 806.68463 802.28003 798.717 792.28819 785.85938 779.43057 773.00176 769.90754 774.50637 779.1052 783.70403 788.30286 793.35574 796.30719 793.76217 800.5711 807.38003 814.18896 820.99789 823.74705 818.67029 813.59352 808.51675 803.43999 801.56774 797.29558 784.88453 772.47347 760.06242 747.65137 736.76549 729.36937 732.45405 742.94988 753.44572 763.94155 774.43738 784.47285 794.42875 804.38465 814.34056 822.39978 822.1072 812.48211 802.85701 793.23192 783.60682 783.72094
-9999 819.61893 824.12639 828.63385 833.1413 837.11402 841.0131 840.10169 833.63833 827.17496 820.7116 815.14909 809.89039 805.48579 802.79156 800.09733 793.82581 787.397 780.96819 777.87397 782.4728 787.07163 791.67046 797.05856 802.87748 805.82893 801.09482 796.36071 802.4325 809.24143 816.05036 818.79953 813.72276 808.646 803.56923 803.34315 804.75997 800.48782 788.07676 775.66571 763.25466 752.91755 742.86925 735.47313 729.98365 729.69519 740.19102 750.68686 761.18269 771.21816 781.17406 791.12996 797.75563 800.15729 799.8647 790.23961 780.61451 770.98942 774.07274 780.09411
-9999 822.0519 826.55935 830.96036 834.85945 838.75854 842.65763 841.74621 835.28285 828.87225 823.61355 818.35486 813.09616 808.69156 805.99732 803.30309 800.60886 795.36343 788.93462 785.8404 790.43923 795.03806 800.76138 806.58031 812.39923 815.35068 810.61657 805.88246 801.14835 804.29391 811.10284 813.85201 808.77524 803.70173 805.11855 806.53538 807.95221 803.68005 791.269 779.11791 769.06961 759.02131 748.97301 741.5769 736.08741 730.59792 726.93633 737.43217 747.928 757.96347 767.91937 773.11148 775.51313 777.91479 777.6222 767.99711 758.40317 764.42454 770.44591 776.46728
-9999 824.48486 828.7058 832.60488 836.50397 840.40306 844.30215 843.39073 837.33671 832.07802 826.81932 821.56062 816.30192 811.89732 809.20309 806.50886 803.81463 801.1204 796.90104 793.80683 798.64527 804.4642 810.28313 816.10206 821.92098 824.87243 820.13832 815.40421 810.6701 805.93599 806.15532 808.90449 805.47714 806.89396 808.31079 809.72762 811.14444 806.87229 795.26997 785.22167 775.17337 765.12507 755.07677 747.68066 742.19117 736.70168 731.21219 725.7227 734.67331 744.70877 748.46732 750.86898 753.27063 755.67229 755.3797 748.75497 754.77634 760.79771 766.81908 772.84045
-9999 825.72393 829.62302 833.52211 837.42119 841.32028 845.21937 844.38911 839.13041 833.87171 828.61301 823.35432 818.09562 814.39904 811.70481 809.01058 806.31635 803.62212 800.92789 800.80791 806.62684 812.44576 818.26469 824.08362 829.90255 834.00487 829.27076 824.53665 819.80254 815.06843 810.33431 807.70116 809.11799 810.53482 811.95164 813.36847 814.7853 810.65175 800.60345 790.55514 780.50684 770.45854 760.41024 752.4596 746.97011 741.48062 735.99113 730.50165 725.01216 726.25098 728.65263 731.05429 733.45594 735.85759 740.70682 746.72819 752.74956 758.77093 764.79229 770.81366
-9999 821.87461 825.7737 829.67279 833.57188 837.47097 838.80538 836.9285 831.6698 826.4111 821.15241 815.89371 811.19014 808.44929 809.3069 806.8982 804.20397 801.50973 798.8155 798.69553 804.51445 810.33338 816.15231 821.97124 827.44296 832.08993 834.95394 831.11761 826.3835 821.64939 816.91528 814.28213 815.69896 817.11578 818.53261 819.94944 817.25612 810.93696 800.88866 790.84036 780.79205 770.74375 758.32751 749.31026 743.06657 737.57708 732.08759 726.5981 721.10862 722.34744 724.74909 727.15074 729.5524 737.7189 749.16628 755.18765 761.20902 767.23039 773.25176 777.94329
-9999 818.0253 821.92439 825.82348 829.23817 830.29147 831.34478 829.46789 824.20919 818.9505 813.71994 809.18215 804.64436 801.90351 802.76112 803.61874 802.09158 799.39735 796.70312 796.58314 802.40207 808.221 814.03993 819.38588 824.69807 829.34503 832.20904 835.07304 832.96447 828.23036 823.49625 820.86309 822.27992 823.69675 824.96644 821.25389 817.54134 811.22217 801.17387 791.12557 780.69093 768.14505 755.59917 746.58192 740.10136 733.67354 728.18405 722.69456 717.20507 718.44389 720.84555 723.2472 733.16452 746.17836 757.62575 763.64712 769.66849 775.57414 780.14151 784.70888
-9999 814.17598 818.07507 820.72425 821.77756 822.83086 823.88417 822.00728 816.74859 811.71196 807.17416 802.63637 798.09858 795.35773 796.21534 797.07296 797.93058 797.28497 794.59074 794.47076 800.28969 806.01662 811.3288 816.64099 821.95317 826.60013 829.46414 832.32815 835.19215 834.81132 830.07721 827.44406 828.86089 828.9642 825.25165 821.5391 817.82655 811.50738 801.45908 790.50848 777.96259 765.41671 752.87083 743.85358 737.37302 730.89245 724.41189 718.79102 713.30153 714.54035 716.94201 728.61014 741.62398 754.63783 766.08522 772.10659 777.77235 782.33972 786.9071 791.47447
-9999 810.32667 812.21034 813.26364 814.31695 815.37026 816.42356 814.54668 809.70397 805.16618 800.62838 796.09059 791.5528 788.81195 789.66956 790.52718 791.3848 792.24241 792.47835 792.35838 797.95953 803.27172 808.5839 813.89609 819.20827 823.85524 826.71924 829.58325 832.44726 835.31126 836.65818 834.02503 832.96196 829.24941 825.53686 821.82431 818.11176 811.79259 800.32602 787.78014 775.23425 762.68837 750.14249 741.12524 734.64468 728.16411 721.68355 715.20299 709.39799 711.04191 724.05576 737.0696 750.08345 763.0973 774.54469 779.97057 784.53794 789.10531 793.67268 798.24005
-9999 803.80601 804.85931 805.91262 806.96592 808.01923 809.07254 807.27745 802.73965 798.20186 793.66407 789.12628 784.58849 782.43756 783.38461 784.24222 785.09984 785.95746 786.81508 789.01969 794.33187 799.64406 804.95624 810.26842 815.58061 823.2066 827.38639 830.25039 833.1144 835.97841 838.84241 839.46008 835.74753 832.03498 828.32243 824.60988 820.89733 817.38154 804.83566 792.28978 779.7439 767.19801 754.65213 743.9789 737.49834 731.01778 724.53721 718.05665 711.57608 723.36839 736.38224 749.39608 762.40993 775.42378 783.36803 786.03549 790.60286 795.17023 799.7376 804.30498
-9999 796.70961 797.76292 798.81623 799.86953 800.41853 798.11326 796.02969 794.20198 790.26503 785.72724 781.18944 776.65165 774.50072 777.12962 778.56333 779.42095 780.27857 781.13618 783.3408 788.65298 793.96516 799.27735 804.58953 808.90241 816.15798 831.50227 838.84588 841.70989 844.5739 847.4379 848.05557 844.34302 840.63047 836.91792 832.84463 820.55726 816.00318 822.51267 813.61785 801.07197 788.52609 775.98021 764.3189 753.32255 746.84198 740.36142 733.88085 727.40029 741.47426 757.69425 770.7081 783.72194 796.73579 804.68004 795.06383 795.03969 799.60706 804.17444 808.74181
-9999 789.61322 790.66653 791.71983 791.2747 788.96943 786.66416 784.58059 782.75288 780.92517 777.7904 773.25261 768.71482 766.56389 769.19278 771.82168 773.74206 774.59968 775.45729 777.66191 782.97409 788.28627 793.37844 797.61611 801.85379 809.10936 824.45365 839.79794 850.30538 853.16939 856.03339 856.65106 852.93851 849.22596 842.97891 830.69153 818.40416 813.85008 820.35957 826.86906 822.40005 809.85417 797.30828 785.64697 774.62157 763.59616 756.18562 749.70506 743.2245 757.29846 774.92481 792.02011 805.03395 818.0478 825.99205 816.37584 806.75963 804.0439 808.61127 813.17864
-9999 782.51683 783.57013 782.13087 779.8256 777.52033 775.21506 773.13149 771.30378 769.47607 767.64837 765.31577 760.77798 758.62705 761.25595 763.88485 766.51375 768.92079 769.7784 771.98301 777.2952 782.09214 786.32981 790.56749 794.80516 802.06074 817.40503 832.74932 848.09361 861.76488 864.62888 865.24655 861.534 853.11318 840.82581 828.53843 816.25106 811.69698 818.20647 824.71596 831.22545 831.18224 818.63636 806.97505 795.94964 784.92424 773.89883 765.52927 759.0487 773.12267 790.74901 808.37536 826.0017 839.35981 847.30406 837.68785 828.07164 818.45543 813.0481 817.61547
-9999 775.2923 772.98704 770.68177 768.3765 766.07123 763.76597 761.68239 759.85469 758.02698 756.19927 754.37156 752.54385 750.69022 753.31912 755.94801 758.57691 761.20581 763.83471 766.30412 770.80584 775.04351 779.28119 783.51887 787.75654 795.01211 810.35641 825.7007 841.04499 856.38928 871.73357 873.84204 863.24745 850.96008 838.67271 826.38533 814.09796 809.54388 816.05337 822.56286 829.07235 835.58184 839.96444 828.30312 817.27772 806.25231 795.2269 784.2015 774.87291 788.94687 806.57322 824.19956 841.82591 859.45225 868.61607 858.99986 849.38365 839.76744 830.15123 822.0523
-9999 771.42494 769.11967 766.8144 764.50914 762.20387 758.55163 752.91252 751.08481 749.2571 747.42939 745.60169 744.06073 746.58489 749.45461 752.08351 754.71241 757.34131 759.9702 763.08557 767.32325 771.56092 775.7986 780.03627 784.27395 790.56893 800.76905 816.11334 831.45763 846.80193 862.14622 868.05244 855.76506 843.47769 831.19032 818.90295 807.65514 807.9595 814.46899 820.97848 827.48797 833.99746 838.55174 839.12405 829.43094 818.40553 807.38013 796.35472 785.32931 798.73355 816.3599 833.98624 851.61259 869.23893 876.19147 866.57526 856.95905 847.34284 837.72662 833.12702
-9999 773.27661 770.97134 768.66608 766.36081 760.74426 751.80274 746.16363 744.33592 742.50821 740.68051 740.32177 742.48808 745.01223 748.253 751.29084 753.91974 756.54864 759.17753 762.2929 766.53058 770.76825 775.00593 780.069 787.3289 793.62885 797.3559 804.61098 819.95527 835.29956 850.64385 856.55007 844.2627 831.97533 819.68796 810.53269 806.49974 806.8041 813.31359 819.82308 826.33257 829.2889 828.91838 829.49069 830.7408 823.63799 812.61259 801.58718 790.56177 803.96601 821.59236 839.2187 856.2251 867.1116 873.40508 863.78887 854.17266 844.55645 843.43642 852.15615
-9999 775.12829 772.82302 770.51775 762.93688 753.99537 745.05385 739.41474 737.58703 735.75933 736.58281 738.74912 740.91542 743.43958 746.68035 749.92112 753.12707 755.75597 758.38487 761.50023 765.73791 769.97558 775.86902 783.12891 790.38881 796.68876 800.41581 804.14287 808.45291 823.7972 839.14149 845.04771 832.76034 820.47296 813.41024 809.3773 805.34435 805.64871 812.1582 818.66769 820.02606 819.65554 819.28502 819.85734 821.10744 822.35754 817.84505 806.81964 795.79423 809.19847 826.82482 842.5522 853.43871 864.32521 870.61869 861.00248 851.38627 853.74583 862.46555 871.18527
-9999 776.97996 774.07103 765.12951 756.18799 747.24648 738.30496 732.66585 730.83815 732.84385 735.01016 737.17646 739.34277 741.86692 745.10769 748.34847 751.58924 754.83001 757.5922 760.70756 764.94524 771.66903 778.92893 786.18883 793.44872 799.74867 803.47573 807.20278 810.92984 814.65689 827.63912 833.54534 821.25797 816.2878 812.25485 808.2219 804.18895 804.49331 811.0028 810.76323 810.39271 810.02219 809.65167 810.22398 811.47408 812.72418 813.97429 812.0521 801.02669 814.43093 828.87931 839.76581 850.65232 861.53882 867.8323 858.21609 864.05523 872.77495 881.49467 890.2144
-9999 776.26365 767.32214 758.38062 749.43911 740.49759 731.55608 726.93859 729.10489 731.2712 733.4375 735.60381 737.77011 740.29427 743.53504 746.77581 750.01658 753.25735 756.49812 760.20915 767.46905 774.72895 781.98884 789.24874 796.50864 802.80859 806.53564 810.26269 813.98975 817.7168 821.44386 823.1983 819.16535 815.1324 811.09946 807.06651 803.03356 801.87091 801.50039 801.12987 800.75935 800.38883 800.01831 800.59062 801.84072 803.09083 804.34093 805.59103 806.25915 815.20641 826.09292 836.97942 847.86593 858.75243 865.64491 874.36463 883.08436 891.80408 900.5238 909.24352
-9999 777.38308 768.44156 759.50005 750.55853 741.61702 730.96448 721.27685 717.7482 719.9145 722.08081 724.24711 726.41342 729.58957 734.27252 737.51329 740.75406 743.99483 747.2356 751.69169 758.95159 766.21149 773.47138 780.73128 788.0572 799.9961 819.50979 823.23685 826.9639 830.69095 834.41801 835.4945 831.46155 827.4286 823.39565 819.36271 817.57878 814.92081 810.0267 809.65618 809.28566 808.91514 808.54462 811.49372 814.51884 815.76894 817.01904 818.26914 819.51925 815.95213 824.61029 835.49679 846.3833 857.2698 866.08526 869.32372 878.04345 886.76317 895.48289 904.20261
-9999 780.01051 771.069 762.12748 753.18596 741.61558 729.57319 719.88555 712.9156 706.68264 708.84895 711.01525 713.18156 716.35771 721.55614 726.75458 730.01773 733.2585 736.49927 740.95537 748.21526 755.47516 762.73506 770.11409 777.56733 789.50624 813.46784 837.42945 841.83817 845.56522 849.29228 850.36877 846.33582 842.30287 838.26993 837.71656 838.53779 835.87981 828.24435 821.66289 821.29237 820.92185 820.55133 823.50043 828.83597 832.72317 833.97328 835.22338 836.47348 832.90637 828.50671 834.26403 845.15054 856.03704 864.8525 866.49411 868.38937 877.1091 885.82882 894.54854
