P2_models/J1_p2_vp_slide_diff2_20.dat.tif
NCOLS 118
NROWS 92
XLLCORNER 139.62
YLLCORNER -39.07
DX 0.099491525
DY 0.099347826
NODATA_VALUE -9999
[rows 25 to 49 of 92, columns 0 to 57 of 118]
-9999 0.21271621 0.21144973 0.21018325 0.20891677 0.20765029 0.21198845 0.22144574 0.22493172 0.21745387 0.20997602 0.20249817 0.19502033 0.18670434 0.1803636 0.18424477 0.18812593 0.1920071 0.19588826 0.19907843 0.20067444 0.20227045 0.20386646 0.20546247 0.21314007 0.22653878 0.22816479 0.2451625 0.2621602 0.27915791 0.29615561 0.30922638 0.31472725 0.32022812 0.32572899 0.33122986 0.3389974 0.34022045 0.3306908 0.3250661 0.31944139 0.31381669 0.30819199 0.30328742 0.2964767 0.28780383 0.27913096 0.27045809 0.26178523 0.25721926 0.24887843 0.23977229 0.23066615 0.22156001 0.21267357 0.20529866 0.20049997 0.19570128
-9999 0.19931397 0.1980475 0.19678102 0.19551454 0.20285922 0.21175001 0.22120731 0.23131842 0.24001069 0.23253284 0.22505499 0.21757714 0.20926115 0.19926673 0.18927231 0.19299482 0.19687598 0.20075715 0.20394732 0.20554333 0.20713934 0.20873535 0.22130655 0.24071353 0.25411224 0.25140725 0.24870226 0.26503622 0.28203392 0.29903163 0.31210239 0.31760326 0.32310413 0.328605 0.33761277 0.34800593 0.34922897 0.33733287 0.32634663 0.32072192 0.31509722 0.30947252 0.30456795 0.30018107 0.29427476 0.28560189 0.27692902 0.26825615 0.26369018 0.259834 0.25248945 0.24338331 0.23427717 0.22539073 0.21726529 0.20925907 0.20446038
-9999 0.18591174 0.18464526 0.18483921 0.19373 0.20262079 0.21151158 0.22096887 0.23107998 0.2411911 0.25130221 0.24761181 0.24013396 0.23181797 0.22182355 0.21182913 0.20183471 0.20174487 0.20562604 0.20881621 0.21041222 0.21200823 0.22947303 0.24888001 0.268287 0.2816857 0.27898071 0.27627572 0.27357073 0.28490994 0.30190764 0.31497841 0.32047927 0.32598014 0.33622814 0.34662129 0.35701445 0.35823749 0.34634139 0.33444529 0.3225492 0.31637775 0.31075305 0.30584848 0.3014616 0.29707472 0.29207281 0.28339995 0.27472708 0.27016111 0.26630492 0.26244874 0.25610047 0.24699433 0.23810788 0.22998245 0.22185701 0.21373157
-9999 0.17250951 0.17570998 0.18460077 0.19349156 0.20238235 0.21127314 0.22073044 0.23084155 0.24095266 0.25106377 0.26117489 0.26269078 0.25437479 0.24438037 0.23438595 0.22439153 0.21439711 0.21049493 0.21368509 0.21823252 0.23763951 0.25704649 0.27645347 0.29586046 0.30925916 0.30655417 0.30384918 0.30114419 0.2984392 0.30478366 0.31785442 0.32445035 0.33484351 0.34523666 0.35562982 0.36602297 0.36724602 0.35534992 0.34345382 0.33155772 0.31966162 0.31203358 0.30712901 0.30274213 0.29835525 0.29396837 0.2895815 0.281198 0.27663203 0.27277585 0.26891966 0.26506348 0.25971148 0.25082504 0.2426996 0.23457417 0.22644873
-9999 0.16700079 0.17589159 0.18478238 0.19367317 0.20256396 0.21145475 0.21935247 0.22946358 0.2395747 0.24968581 0.25979692 0.26990803 0.27686127 0.26686685 0.25687243 0.24687801 0.23688359 0.22688917 0.22578529 0.24519227 0.26459926 0.28400624 0.30341322 0.3228202 0.33578753 0.33308255 0.33037756 0.32767257 0.32496758 0.32226259 0.3240315 0.33442465 0.34481781 0.35521096 0.36560412 0.37599727 0.37520911 0.36331301 0.35141691 0.33952081 0.32762471 0.31572861 0.30830722 0.30392034 0.29953346 0.29514659 0.29075971 0.28637283 0.28143468 0.2775785 0.27372231 0.26986613 0.26600994 0.26137523 0.25324979 0.24512436 0.23699892
-9999 0.17064031 0.1795311 0.18842189 0.19731268 0.20620347 0.20668857 0.21032054 0.21870464 0.22881575 0.23892686 0.24903797 0.25914908 0.27109869 0.28672996 0.27877989 0.26878547 0.25879105 0.24879663 0.24769275 0.26709974 0.28650672 0.3059137 0.32532068 0.33010142 0.33298026 0.34882656 0.34830244 0.34559745 0.34289246 0.34018747 0.34195638 0.35234954 0.36274269 0.37313585 0.383529 0.38282642 0.37549325 0.36266978 0.35077369 0.33887759 0.32698149 0.31508539 0.30802831 0.30425622 0.29986934 0.29548247 0.29109559 0.28670871 0.27613315 0.26864734 0.26479115 0.26093497 0.25707878 0.25257541 0.24583024 0.2378354 0.22970996
-9999 0.17427982 0.18317061 0.1920614 0.19911727 0.19867461 0.19823196 0.20186393 0.21019855 0.21853316 0.22816791 0.23827903 0.24839014 0.26033974 0.27597102 0.2916023 0.29069294 0.28069852 0.2707041 0.26960022 0.2890072 0.30841418 0.32782117 0.32673147 0.32477215 0.32765098 0.34349729 0.35934359 0.36352234 0.36081735 0.35811236 0.35988127 0.37027442 0.38066758 0.39030965 0.38684515 0.38338065 0.37604748 0.36317963 0.35031177 0.33823436 0.32633826 0.31444217 0.30738508 0.3038067 0.30020522 0.29581835 0.29143147 0.28704459 0.27646903 0.26482391 0.25585999 0.25200381 0.24814763 0.24364425 0.23689908 0.23015391 0.222421
-9999 0.17791933 0.18681012 0.19110331 0.19066066 0.190218 0.18977534 0.19340732 0.20174193 0.21007655 0.21841117 0.22752008 0.23763119 0.24958079 0.26521207 0.28084335 0.29647463 0.30260598 0.29261156 0.29150768 0.31091466 0.32532084 0.32336152 0.3214022 0.31944288 0.32232171 0.33816802 0.35401432 0.36986062 0.37874223 0.37603724 0.37780615 0.3881993 0.39432838 0.39086388 0.38739939 0.38393489 0.37660172 0.36373386 0.35086601 0.33799815 0.32569504 0.31379894 0.30674186 0.30316348 0.2995851 0.29600672 0.29176735 0.28738047 0.27680491 0.26515979 0.25351466 0.24307265 0.23921647 0.23471309 0.22796792 0.22122275 0.21447758
-9999 0.18155884 0.18308935 0.1826467 0.18220404 0.18176139 0.18131873 0.1849507 0.19328532 0.20161994 0.20995455 0.21828917 0.22687224 0.23882184 0.25445312 0.2700844 0.28571568 0.30134696 0.31451902 0.31341515 0.32195089 0.31999157 0.31803225 0.31607293 0.31411361 0.31699244 0.33283874 0.34868505 0.36453135 0.38037765 0.39396213 0.39573103 0.39834711 0.39488261 0.39141812 0.38795362 0.38448912 0.37715595 0.3642881 0.35142024 0.33855238 0.32568453 0.31315572 0.30609863 0.30252025 0.29894188 0.2953635 0.29178512 0.28771635 0.27714079 0.26549567 0.25385054 0.24220541 0.23056028 0.22578193 0.21903676 0.21229159 0.20554642
-9999 0.17866682 0.17822416 0.17778151 0.17733885 0.17689619 0.17645354 0.18075327 0.18894464 0.19727926 0.20561387 0.21394849 0.22228311 0.23254791 0.24794114 0.26357242 0.2792037 0.29483498 0.31046625 0.3207784 0.31881908 0.31685976 0.31490044 0.31294112 0.3109818 0.31453861 0.32775824 0.34360454 0.35945085 0.37529715 0.39114345 0.40039381 0.39692932 0.39346482 0.39000032 0.38653583 0.38307133 0.37771848 0.36515479 0.35228693 0.33941907 0.32655122 0.31368336 0.3011894 0.29761102 0.29403264 0.29045426 0.28687588 0.2832975 0.27334424 0.26169911 0.25005398 0.23840886 0.22676373 0.217788 0.21269042 0.20594525 0.19920008
-9999 0.17972487 0.17928222 0.17883956 0.1783969 0.17941651 0.18404727 0.1885294 0.19283999 0.19972688 0.2080615 0.21639612 0.22473074 0.23499554 0.24912566 0.26406484 0.27969612 0.2953274 0.31095867 0.32127082 0.3193115 0.31735218 0.31539286 0.3139756 0.32025235 0.32575822 0.32919793 0.33893433 0.35478063 0.37062694 0.38647324 0.3957236 0.39225911 0.38879461 0.38533011 0.38187281 0.37844929 0.37310075 0.36499819 0.35366894 0.34080109 0.32793323 0.31506537 0.30133576 0.28698664 0.28208757 0.2785092 0.27493082 0.27135244 0.26183098 0.25108704 0.23944191 0.22779678 0.21615165 0.20717593 0.20744669 0.20386196 0.19711679
-9999 0.18078293 0.18034027 0.17989761 0.18256188 0.18719264 0.1918234 0.19630553 0.20061612 0.20492671 0.21050913 0.21884375 0.22717836 0.23744317 0.25157329 0.26570341 0.28018854 0.29581981 0.31145109 0.32176324 0.31980392 0.3178446 0.31891845 0.32519521 0.33147196 0.33697783 0.34041754 0.34385725 0.35011042 0.36595673 0.38180303 0.39105339 0.38758889 0.3841244 0.3806786 0.37725508 0.37383156 0.36848302 0.36038046 0.35227791 0.3421831 0.32931524 0.31644739 0.30271777 0.28836865 0.27401953 0.26656413 0.26298575 0.25940738 0.24988591 0.23933732 0.22878873 0.21718471 0.20553958 0.19656385 0.19683461 0.19710537 0.19503351
-9999 0.18184098 0.18139832 0.18570725 0.19033801 0.19496877 0.19959953 0.20408166 0.20839225 0.21270284 0.21701343 0.22132403 0.22962599 0.2398908 0.25402092 0.26815103 0.28228115 0.29641127 0.31194351 0.32225566 0.32029634 0.32386131 0.33013806 0.33641481 0.34269157 0.34819744 0.35163715 0.35507686 0.35851657 0.36195627 0.37713282 0.38638318 0.38291868 0.37948439 0.37606087 0.37263735 0.36921383 0.36386529 0.35576273 0.34766018 0.33955762 0.33069726 0.3178294 0.30409979 0.28975067 0.27540155 0.26105242 0.25104069 0.24746231 0.23794085 0.22739226 0.21684367 0.20629508 0.1949275 0.18595178 0.18622254 0.18649329 0.18676405
-9999 0.18422185 0.18885261 0.19348337 0.19811413 0.20274489 0.20737565 0.21185778 0.21616838 0.22047897 0.22478956 0.22910015 0.23341075 0.24233843 0.25646854 0.27059866 0.28472878 0.2988589 0.31298902 0.32274808 0.32880416 0.33508092 0.34135767 0.34763442 0.35391118 0.35941705 0.36285676 0.36629647 0.36973618 0.37317588 0.37661559 0.3817137 0.37829018 0.37486666 0.37144314 0.36801962 0.3645961 0.35924756 0.351145 0.34304245 0.33493989 0.32683734 0.31873478 0.3054818 0.29113268 0.27678356 0.26243444 0.24808532 0.23551725 0.22599578 0.21544719 0.20489861 0.19435002 0.18380143 0.1753397 0.17561046 0.17588122 0.17615198
-9999 0.19172491 0.19635567 0.20098643 0.20561719 0.21024795 0.21232831 0.21379888 0.21810947 0.22242006 0.22673065 0.23104125 0.23529623 0.24140411 0.25292346 0.26705358 0.2811837 0.29531381 0.30944393 0.32119931 0.32747607 0.33375282 0.34002957 0.34630633 0.35357693 0.3610606 0.36203752 0.36547723 0.36891694 0.37235665 0.37579636 0.37689181 0.37346829 0.37004477 0.36662125 0.36319773 0.35816904 0.3502565 0.34215394 0.33405139 0.32594883 0.31784628 0.3123687 0.29671856 0.27882516 0.26447604 0.25012692 0.2357778 0.22142868 0.21032004 0.19977145 0.18922286 0.17867427 0.16816982 0.16030362 0.16057438 0.16084514 0.1611159
-9999 0.19913561 0.20376637 0.20839713 0.21302789 0.2132861 0.21229591 0.21376648 0.21807707 0.22238767 0.22669826 0.23089736 0.23503555 0.24114343 0.25119572 0.26148168 0.27561179 0.28974191 0.30387203 0.31562741 0.32190416 0.32818092 0.33445767 0.3429552 0.35328839 0.36077206 0.36061826 0.3605863 0.364026 0.36746571 0.37090542 0.37200088 0.36857736 0.36515384 0.36173032 0.35547859 0.34769886 0.33978632 0.33168376 0.32358121 0.31547865 0.31130221 0.30822244 0.2925723 0.26788548 0.24753853 0.23318941 0.21884029 0.20449117 0.19338253 0.18283394 0.17228536 0.16185277 0.15163748 0.14377128 0.14404204 0.14431279 0.14458355
-9999 0.20654631 0.21117707 0.21523407 0.21424389 0.2132537 0.21226352 0.21373408 0.21804468 0.22235527 0.22649848 0.23063668 0.23477487 0.24088275 0.25093504 0.26098734 0.27103963 0.28417001 0.29830013 0.31005551 0.31633226 0.32260902 0.33233347 0.34266666 0.35299985 0.36048351 0.36032972 0.36017593 0.36002214 0.36257478 0.36601449 0.36710994 0.36368642 0.3602629 0.35278814 0.34500841 0.33722868 0.32931614 0.32121358 0.31331551 0.31023573 0.30715595 0.30407618 0.28842604 0.26373922 0.23905241 0.2162519 0.20190278 0.18755366 0.17644502 0.16589644 0.15553572 0.14532043 0.13510514 0.12723893 0.12750969 0.12778045 0.14073734
-9999 0.21395701 0.21619186 0.21520168 0.21421149 0.21322131 0.21223112 0.21370169 0.21796141 0.22209961 0.2262378 0.230376 0.23451419 0.24062207 0.25067436 0.26072666 0.27077895 0.28083124 0.29272823 0.30448361 0.31137855 0.32171174 0.33204493 0.34237812 0.35271131 0.36019497 0.36004118 0.35988739 0.3597336 0.35957981 0.36112355 0.362219 0.35787743 0.3500977 0.34231796 0.33453823 0.3267585 0.31884596 0.31224903 0.30916925 0.30608947 0.30300969 0.29992992 0.28427978 0.25959296 0.23490615 0.21021933 0.18553252 0.17061615 0.15950752 0.14921867 0.13900338 0.12878809 0.11857279 0.11070659 0.1130219 0.12685975 0.1406976
-9999 0.220684 0.21969381 0.21870363 0.21771344 0.21672326 0.21573307 0.21597984 0.22011804 0.22425623 0.22839443 0.23253262 0.23667082 0.24286786 0.25292015 0.26297244 0.27302473 0.28307702 0.29312932 0.30326655 0.31359974 0.32393293 0.33426612 0.34459931 0.3549325 0.35746909 0.3573153 0.35716151 0.35700772 0.35685393 0.35670014 0.35394158 0.34616185 0.33838211 0.33060238 0.32282265 0.31504292 0.30912379 0.30604401 0.30296424 0.29988446 0.29680468 0.2937249 0.27914155 0.25445473 0.22976792 0.2050811 0.18039429 0.15570747 0.14505296 0.13483767 0.12462237 0.11440708 0.10419179 0.097215661 0.11105351 0.12489136 0.13872921
-9999 0.25084219 0.24985201 0.24886182 0.24787164 0.24688145 0.24660164 0.24454827 0.24050611 0.24464431 0.2487825 0.2529207 0.25705889 0.26336575 0.27401549 0.28412211 0.29417441 0.3042267 0.31427899 0.32441622 0.33474941 0.3450826 0.35541579 0.36574898 0.36334594 0.35339549 0.33814698 0.33605306 0.33589927 0.33574548 0.33559169 0.33283312 0.32505339 0.31727366 0.30949393 0.3017142 0.30143554 0.29695297 0.28431178 0.28123201 0.27815223 0.27507245 0.27199267 0.26072019 0.24183502 0.21714821 0.19246139 0.16777458 0.14308776 0.14110564 0.13668215 0.12646686 0.11625157 0.10603628 0.097752608 0.096159856 0.108377 0.12221485
-9999 0.28100039 0.2800102 0.27902002 0.27819181 0.2779806 0.27776938 0.27571601 0.27153655 0.26735709 0.26917058 0.27330877 0.27744697 0.28375383 0.29440357 0.30505331 0.31532408 0.32537637 0.33542866 0.34556589 0.35589908 0.36623227 0.37656546 0.36913256 0.36115881 0.35120836 0.33595985 0.32071134 0.31479081 0.31463702 0.31448323 0.31172467 0.30394494 0.29616521 0.28898776 0.29044961 0.29191146 0.28742889 0.27444199 0.26145509 0.25642 0.25334022 0.25026044 0.23898796 0.22182585 0.2045285 0.17984168 0.15515487 0.13046805 0.12848593 0.13042779 0.12831135 0.11809606 0.10788076 0.099597096 0.098004343 0.096411591 0.1057005
-9999 0.31115858 0.3101684 0.30957077 0.30935955 0.30914833 0.30893712 0.30688375 0.30270429 0.29852483 0.29434537 0.29369685 0.29783505 0.30414191 0.31479164 0.32544138 0.33609112 0.34652604 0.35657833 0.36671557 0.37704876 0.38289292 0.37491917 0.36694543 0.35897168 0.34902123 0.33377272 0.31852421 0.3032757 0.29352857 0.29337478 0.29061622 0.28283648 0.27800184 0.27946369 0.28092554 0.28238739 0.27790482 0.26491792 0.25193101 0.23894411 0.23160799 0.22852821 0.21725573 0.20009362 0.1829315 0.16576939 0.14253516 0.11784834 0.11586622 0.11780808 0.11974994 0.11994054 0.10972525 0.10144158 0.099848831 0.098256078 0.096663325
-9999 0.34131678 0.34094972 0.3407385 0.34052729 0.34031607 0.34010486 0.33805148 0.33387202 0.32969256 0.3255131 0.32133365 0.31822312 0.32452998 0.33517972 0.34582946 0.3564792 0.36712894 0.37772801 0.38786524 0.38867954 0.38070579 0.37273204 0.36475829 0.35678455 0.3468341 0.33158559 0.31633708 0.30108857 0.28584006 0.27226632 0.26950776 0.26701591 0.26847776 0.26993961 0.27140146 0.27286331 0.26838075 0.25539384 0.24240694 0.22942004 0.21643313 0.20679598 0.1955235 0.17836138 0.16119927 0.14403716 0.12687504 0.10522863 0.10324651 0.10518837 0.10713023 0.10907209 0.11101395 0.10328607 0.10169332 0.10010057 0.098507813
-9999 0.36783649 0.36762527 0.36741406 0.36720284 0.36699163 0.36678041 0.36912888 0.36494942 0.36076996 0.3565905 0.35241104 0.34823158 0.33746013 0.34548806 0.3561378 0.36678754 0.37743728 0.38808701 0.39310529 0.38513154 0.37715779 0.36918405 0.3612103 0.35323655 0.34778525 0.3325154 0.31726689 0.30201838 0.28676987 0.27152136 0.26198057 0.26344242 0.26490427 0.26636612 0.26782797 0.26928982 0.26300388 0.25001698 0.23703008 0.22404317 0.21105627 0.19806168 0.18761881 0.17045669 0.15329458 0.13613247 0.11897035 0.10180824 0.10093495 0.10287681 0.10481867 0.10676053 0.10870239 0.11221344 0.11062068 0.10902793 0.10743518
-9999 0.38737291 0.38716169 0.38695048 0.38673926 0.38939594 0.3976048 0.4000627 0.39588324 0.39170378 0.38752432 0.38065649 0.36364018 0.35101801 0.34719538 0.35042706 0.3610768 0.37172654 0.38237628 0.38739456 0.37942081 0.37144706 0.36347331 0.35653188 0.357356 0.35378807 0.33844833 0.32315027 0.30790176 0.29265325 0.27740474 0.26786394 0.2693258 0.27078765 0.2722495 0.27290435 0.27079968 0.26421791 0.25123101 0.23824411 0.2252572 0.21223465 0.19915032 0.18966477 0.18276634 0.1673651 0.15020299 0.13304087 0.11587876 0.11500547 0.11694733 0.11888919 0.12083105 0.12742969 0.13239716 0.13080441 0.12921166 0.1276189
