P2_models/J1_p2__temp2_slide_100.dat.tif
NCOLS 118
NROWS 92
XLLCORNER 139.62
YLLCORNER -39.07
DX 0.099491525
DY 0.099347826
NODATA_VALUE -9999
[rows 0 to 26 of 92, columns 0 to 59 of 118]
-9999 -9999 -9999 -9999 -9999 -9999 -9999 -9999 -9999 -9999 -9999 -9999 -9999 -9999 -9999 -9999 -9999 -9999 -9999 -9999 -9999 -9999 -9999 -9999 -9999 -9999 -9999 -9999 -9999 -9999 -9999 -9999 -9999 -9999 -9999 -9999 -9999 -9999 -9999 -9999 -9999 -9999 -9999 -9999 -9999 -9999 -9999 -9999 -9999 -9999 -9999 -9999 -9999 -9999 -9999 -9999 -9999 -9999 -9999 -9999
-9999 822.88265 823.76014 824.63762 825.5151 826.39259 828.38992 827.81486 825.0201 824.51351 824.00692 823.50033 822.99374 820.65613 816.20995 813.55021 810.89047 808.23073 805.57099 802.05975 796.58407 791.10839 785.6327 780.15702 776.10936 781.51613 790.24535 801.34557 812.44579 823.54601 834.64623 838.62418 828.87266 819.12114 809.36962 799.6181 792.20354 786.75637 778.92313 774.15336 769.3836 764.61384 759.84408 766.01802 777.20611 787.48306 797.76001 808.03697 818.31392 830.52291 840.71724 850.91157 861.1059 871.30023 876.28343 867.79118 865.75764 863.7241 861.69057 859.65703
-9999 830.42812 831.3056 832.18309 833.06057 835.92888 840.04425 839.46918 833.48077 829.21142 828.70483 828.19824 827.69165 825.35404 819.34973 814.07344 811.4137 808.75396 806.09422 802.58298 797.1073 791.63162 786.15594 784.65991 789.46502 794.87179 801.89117 809.69245 820.79266 831.89288 842.9931 846.97105 837.21953 827.46801 817.71649 812.31373 811.40954 805.96238 794.01584 784.69996 779.9302 775.16044 770.39068 776.56462 790.60584 802.49328 812.77023 823.04718 833.32413 845.64019 858.30866 868.80411 878.99844 889.19277 894.17597 881.10847 870.79582 868.76228 866.72875 864.69521
-9999 837.97359 838.85107 839.72855 843.46785 847.58321 851.69857 851.12351 845.1351 839.14669 833.40274 832.89615 832.38956 830.05195 824.04764 818.04333 812.03901 809.27719 806.61745 803.10621 797.63053 792.15485 793.21046 798.01557 802.82068 808.22745 815.24683 822.26621 829.28559 840.23976 851.33998 855.31792 845.5664 835.81489 832.42393 831.51974 830.61554 825.16838 813.22185 801.27532 790.4768 785.70704 780.93728 787.11122 801.15244 815.19366 827.78044 838.05739 848.33435 860.6504 873.31887 885.98734 896.89098 907.08531 912.06851 899.00101 885.93351 873.80046 871.76692 869.73339
-9999 845.51906 846.89146 851.00682 855.12218 859.23754 863.3529 862.77784 856.78943 850.80102 844.81261 838.82419 837.08747 834.74986 828.74555 822.74124 816.73692 810.73261 807.14068 803.62945 798.15376 801.76101 806.56612 811.37123 816.17634 821.58311 828.60249 835.62187 842.64125 849.66063 859.68685 863.6648 853.91328 852.53413 851.62993 850.72574 849.82155 844.37438 832.42785 820.48132 808.53479 796.58826 791.48388 797.65782 811.69904 825.74026 839.78148 853.06761 863.34456 875.66062 888.32909 900.99755 913.66602 924.97786 929.96106 916.89356 903.82606 890.75855 877.69105 874.77156
-9999 854.43042 858.54579 862.66115 866.77651 870.89187 875.00723 874.43217 868.44376 862.45534 856.46693 850.47852 844.49011 839.44777 833.44346 827.43915 821.43483 815.43052 809.42621 805.50645 810.31156 815.11667 819.92178 824.72689 829.532 834.93877 841.95815 848.97753 855.99691 863.01629 870.03567 873.54852 872.64432 871.74013 870.83594 869.93175 869.02755 863.58039 851.63386 839.68733 827.7408 815.79427 803.84774 808.20442 822.24564 836.28686 850.32808 864.3693 878.35477 890.67083 903.3393 916.00777 928.67624 941.34471 947.8536 934.7861 921.7186 908.6511 895.5836 882.5161
-9999 857.75958 861.87494 865.9903 870.10566 874.22102 878.04447 877.20114 871.21273 865.22431 859.2359 853.24749 847.77063 843.70917 840.41693 834.41262 828.4083 822.40399 816.39968 813.66397 818.46908 823.27419 828.0793 832.88441 838.10456 841.19388 838.87953 845.89891 852.91829 859.93767 866.95705 871.27 870.36581 869.46162 868.55742 867.65323 870.80469 870.19473 858.2482 846.30167 834.35514 822.40861 813.4493 807.90557 813.45838 827.4996 841.54082 855.58204 869.62326 882.49402 895.16249 907.83096 920.49943 930.56643 929.42934 916.36184 903.29433 890.22683 877.15933 874.32514
-9999 859.76978 863.88515 868.00051 872.11587 875.79111 879.40575 878.56241 872.574 866.58559 860.59718 855.45547 850.5993 846.53783 844.06779 841.59775 835.74229 829.73797 823.73366 820.99795 825.80306 830.60817 835.41328 840.93986 846.86027 849.94959 845.45089 840.95219 847.23602 854.2554 861.27478 865.58773 864.68354 863.77934 862.87515 868.11001 875.42416 874.81419 862.86766 850.92113 838.9746 831.09013 823.77133 818.22759 813.95993 815.64931 829.69053 843.73175 857.77297 870.64373 883.3122 895.98067 904.08142 906.38855 905.25146 892.18396 879.11646 866.04895 866.33461 869.70737
-9999 861.77999 865.89535 869.9231 873.53774 877.15238 880.76702 879.92369 873.93528 867.99646 863.1403 858.28413 853.42797 849.3665 846.89645 844.42641 841.95637 837.07196 831.06764 828.33194 833.13705 837.94215 843.77517 849.69558 855.61599 858.70531 854.2066 849.7079 845.2092 848.57313 855.59251 859.90545 859.00126 858.10119 865.41533 872.72947 880.04362 879.43365 867.48712 856.04976 848.73096 841.41216 834.09336 828.54962 824.28196 820.0143 817.84023 831.88146 845.92268 858.79343 871.4619 877.5964 879.90354 882.21067 881.07358 868.00608 854.97131 858.34407 861.71684 865.0896
-9999 863.7902 867.66974 871.28438 874.89902 878.51366 882.1283 881.28497 875.68129 870.82513 865.96896 861.1128 856.25663 852.19516 849.72512 847.25508 844.78503 842.31499 838.40163 835.66592 840.69006 846.61047 852.53088 858.45129 864.3717 867.46102 862.96232 858.46362 853.96491 849.46621 849.91024 854.22318 855.4065 862.72065 870.03479 877.34894 884.66308 884.05312 873.6906 866.37179 859.05299 851.73419 844.41539 838.87165 834.60399 830.33632 826.06866 821.801 834.07238 846.94314 851.11138 853.41852 855.72566 858.0328 856.8957 846.98078 850.35354 853.7263 857.09907 860.47183
-9999 864.81293 868.42757 872.04222 875.65686 879.2715 882.88614 882.11752 877.26136 872.40519 867.54903 862.69286 857.8367 854.45147 851.98143 849.51138 847.04134 844.5713 842.10125 842.16836 848.08877 854.00918 859.92958 865.84999 871.7704 876.45536 871.95665 867.45795 862.95925 858.46054 853.96184 853.49802 860.81216 868.12631 875.44045 882.7546 890.06874 890.2002 882.8814 875.5626 868.24379 860.92499 853.60619 847.3718 843.10414 838.83647 834.56881 830.30115 826.03349 827.37176 829.6789 831.98604 834.29318 836.60031 841.24899 844.62175 847.99451 851.36728 854.74004 858.1128
-9999 861.616 865.23064 868.84528 872.45993 876.07457 877.27035 875.51462 870.65845 865.80229 860.94612 856.08996 851.6156 849.07991 850.1982 848.01661 845.54657 843.07653 840.60648 840.67359 846.594 852.5144 858.43481 864.35522 869.84481 875.31824 881.27897 878.01614 873.51744 869.01873 864.52003 864.05621 871.37035 878.6845 885.99864 893.31279 894.89425 891.97729 884.65848 877.33968 870.02088 862.70208 851.98098 844.50119 839.66422 835.39656 831.12889 826.86123 822.59357 823.93185 826.23898 828.54612 830.85326 840.5671 853.69313 857.06589 860.43866 863.81142 867.18418 866.05135
-9999 858.41907 862.03371 865.64835 868.80614 869.73679 870.66744 868.91171 864.05555 859.19938 854.36257 850.00224 845.6419 843.10621 844.2245 845.34278 844.0518 841.58175 839.11171 839.17882 845.09922 851.01963 856.94004 862.27357 867.5652 873.03863 878.99935 884.96007 884.07563 879.57692 875.07822 874.6144 881.92855 889.24269 896.35161 896.51148 896.67134 893.75437 886.43557 879.11677 871.24288 860.33552 849.42816 841.94836 836.93259 831.95664 827.68898 823.42131 819.15365 820.49193 822.79907 825.1062 837.0695 853.01124 866.13727 869.51004 872.8828 875.86348 874.30999 872.7565
-9999 855.22214 858.83678 861.27258 862.20323 863.13388 864.06454 862.30881 857.45264 852.74921 848.38887 844.02853 839.6682 837.13251 838.25079 839.36908 840.48736 840.08698 837.61694 837.68405 843.60445 849.41071 854.70233 859.99395 865.28558 870.75901 876.71973 882.68045 888.64118 890.13511 885.63641 885.17259 892.48674 897.96884 898.1287 898.28856 898.44842 895.53145 888.21265 879.59741 868.69005 857.78269 846.87533 839.39554 834.37977 829.364 824.34823 819.98139 815.71373 817.05201 819.35915 833.5719 849.51364 865.45538 878.58142 881.95418 884.12212 882.56863 881.01514 879.46165
-9999 852.02521 853.73902 854.66967 855.60033 856.53098 857.46163 855.7059 851.13585 846.77551 842.41517 838.05483 833.69449 831.15881 832.27709 833.39538 834.51366 835.63195 836.12217 836.18927 841.83947 847.13109 852.42271 857.71434 863.00596 868.47939 874.44011 880.40083 886.36156 892.32228 896.1946 895.73078 899.58606 899.74592 899.90578 900.06564 900.2255 897.30854 887.95194 877.04459 866.13723 855.22987 844.32251 836.84271 831.82694 826.81117 821.7954 816.77963 812.27381 814.13257 830.07431 846.01605 861.95779 877.89953 891.02556 892.38076 890.82727 889.27378 887.72029 886.1668
-9999 846.43654 847.36719 848.29784 849.2285 850.15915 851.08981 849.2722 844.91187 840.55153 836.19119 831.83085 827.47051 825.69109 826.92403 828.04231 829.1606 830.27888 831.39717 833.77741 839.06903 844.36065 849.65228 854.9439 860.23552 869.33392 876.90447 882.86519 888.82591 894.78664 900.74736 904.7267 904.88656 905.04642 905.20628 905.36614 905.526 904.83231 893.92495 883.01759 872.11023 861.20287 850.29551 840.40368 835.38791 830.37214 825.35637 820.3406 815.32483 829.703 845.64474 861.58648 877.52822 893.46996 901.83962 898.10197 896.54848 894.995 893.44151 891.88802
-9999 840.60165 841.5323 842.46296 843.39361 843.77068 841.0146 838.87757 837.45501 833.74599 829.38565 825.02531 820.66497 818.88555 822.27457 824.13139 825.24968 826.36796 827.48625 829.86649 835.15811 840.44973 845.74135 851.03298 855.05387 863.68124 884.91138 896.35282 902.31354 908.27427 914.23499 918.21433 918.37419 918.53405 918.69391 918.38365 907.36842 905.17978 915.61885 908.80152 897.89416 886.9868 876.07944 864.7484 853.1551 848.13933 843.12357 838.1078 833.09203 849.57713 868.47952 884.42126 900.363 916.30474 924.6744 906.81532 899.98338 898.42989 896.8764 895.32292
-9999 834.76676 835.69742 836.62807 835.91387 833.15779 830.40172 828.26469 826.84212 825.41955 822.58011 818.21978 813.85944 812.08002 815.46903 818.85804 821.33875 822.45704 823.57532 825.95556 831.24719 836.53881 841.55065 845.47592 849.40119 858.02856 879.2587 900.48884 915.80117 921.7619 927.72262 931.70196 931.86182 932.02168 928.87846 917.86323 906.848 904.65937 915.09843 925.53749 923.67809 912.77074 901.86338 890.53234 878.89671 867.26109 860.89076 855.87499 850.85922 867.34433 887.54537 907.25604 923.19778 939.13952 947.50918 929.6501 911.79101 901.86479 900.3113 898.75781
-9999 828.93187 829.86253 828.05707 825.30099 822.54491 819.78883 817.6518 816.22924 814.80667 813.3841 811.41424 807.0539 805.27448 808.66349 812.0525 815.44152 818.54612 819.6644 822.04464 827.33626 831.9727 835.89797 839.82324 843.74851 852.37588 873.60602 894.83616 916.0663 935.24953 941.21025 945.18959 945.34945 939.37328 928.35805 917.34282 906.32759 904.13896 914.57802 925.01708 935.45614 938.55467 927.64731 916.31627 904.68065 893.04502 881.4094 873.64219 868.62642 885.11153 905.31257 925.51361 945.71466 961.9743 970.34396 952.48488 934.62579 916.76671 903.7462 902.19271
-9999 822.95634 820.20026 817.44418 814.6881 811.93202 809.17595 807.03892 805.61635 804.19379 802.77122 801.34865 799.92609 798.46894 801.85795 805.24697 808.63598 812.02499 815.41401 818.13372 822.39474 826.32002 830.24529 834.17056 838.09583 846.7232 867.95334 889.18348 910.41362 931.64377 952.87391 958.67722 949.86809 938.85287 927.83764 916.82241 905.80718 903.61854 914.05761 924.49667 934.93573 945.37479 953.43124 942.1002 930.46458 918.82896 907.19333 895.55771 886.39362 902.87872 923.07977 943.28081 963.48185 983.6829 993.17874 975.31966 957.46058 939.60149 921.74241 905.62761
-9999 820.81007 818.05399 815.29791 812.54183 809.78575 805.46792 799.20839 797.78583 796.36326 794.9407 793.51813 792.46275 796.29493 799.96914 803.35816 806.74717 810.13618 813.5252 817.07636 821.00164 824.92691 828.85218 832.77745 836.70273 844.71477 859.76193 880.99207 902.22221 923.45236 944.6825 954.89868 943.88345 932.86822 921.85299 910.83776 900.91306 903.82107 914.26013 924.6992 935.13826 945.57732 953.30323 954.48602 944.2643 932.62868 920.99306 909.35744 897.72182 913.23143 933.43247 953.63352 973.83456 994.0356 998.96632 981.10723 963.24815 945.38907 927.52998 916.46441
-9999 825.05031 822.29424 819.53816 816.78208 810.18671 799.73618 793.47666 792.05409 790.63153 789.20896 789.66737 793.35899 797.19117 801.30481 805.17812 808.56714 811.95615 815.34516 818.89633 822.8216 826.74688 830.67215 835.79218 844.09209 852.11132 859.37825 870.88565 892.11579 913.34593 934.57608 944.79225 933.77702 922.7618 911.74657 904.01701 901.66092 904.56893 915.00799 925.44705 935.88612 941.39462 942.28661 943.4694 944.86123 937.3885 925.75288 914.11726 902.48164 917.99125 938.19229 958.39333 977.67968 987.93655 991.89487 974.03578 956.1767 938.31761 931.96411 938.93562
-9999 829.29056 826.53449 823.77841 814.90549 804.45497 794.00445 787.74492 786.32236 784.89979 786.87199 790.56361 794.25524 798.08741 802.20106 806.3147 810.3871 813.77612 817.16513 820.7163 824.64157 828.56684 834.88881 843.18873 851.48864 859.50787 866.7748 874.04173 882.00937 903.23951 924.46965 934.68583 923.6706 912.65537 907.12096 904.76487 902.40877 905.31678 915.75585 926.19491 929.48601 930.378 931.27 932.45278 933.84462 935.23645 930.5127 918.87708 907.24145 922.75106 942.95211 960.35137 970.60823 980.8651 984.82342 966.96433 949.10525 947.4638 954.43532 961.40683
-9999 833.53081 830.07481 819.62428 809.17376 798.72323 788.27271 782.01319 780.59062 784.07661 787.76823 791.45986 795.15148 798.98366 803.0973 807.21094 811.32459 815.43823 818.9851 822.53627 826.46154 833.98545 842.28536 850.58528 858.88519 866.90442 874.17135 881.43828 888.70521 895.97214 914.36323 924.57941 913.56418 910.22491 907.86882 905.51272 903.15663 906.06464 916.5037 917.5774 918.46939 919.36139 920.25338 921.43617 922.828 924.21983 925.61167 923.63689 912.00127 927.51088 943.02305 953.27991 963.53678 973.79365 977.75196 959.89288 962.9635 969.93501 976.90653 983.87804
-9999 834.7936 824.34307 813.89255 803.44202 792.9915 782.54097 777.5896 781.28122 784.97285 788.66447 792.3561 796.04772 799.8799 803.99354 808.10719 812.22083 816.33447 820.44812 824.78217 833.08209 841.382 849.68192 857.98183 866.28174 874.30098 881.5679 888.83483 896.10176 903.36869 910.63562 915.68496 913.32886 910.97277 908.61667 906.26058 903.90449 904.7768 905.66879 906.56078 907.45278 908.34477 909.23676 910.41955 911.81138 913.20322 914.59505 915.98689 916.76109 925.69473 935.9516 946.20846 956.46533 966.72219 971.49168 978.4632 985.43471 992.40622 999.37774 1006.3492
-9999 839.26949 828.81897 818.36844 807.91792 797.46739 784.457 773.20298 770.33793 774.02955 777.72118 781.4128 785.10443 789.85457 795.99869 800.11233 804.22598 808.33962 812.45326 817.83277 826.13269 834.4326 842.73252 851.03243 859.63707 874.74297 900.49145 907.75838 915.02531 922.29224 929.55916 933.53918 931.18309 928.827 926.4709 924.11481 924.39494 922.46269 916.90511 917.7971 918.68909 919.58109 920.47308 924.32877 927.71675 929.10858 930.50042 931.89225 933.28409 926.68336 934.28143 944.5383 954.79516 965.05203 972.84796 973.85668 980.82819 987.79971 994.77122 1001.7427
-9999 845.70173 835.25121 824.80068 814.35016 799.96656 784.8768 773.62278 766.7957 760.81714 764.50876 768.20039 771.89201 776.64215 783.51204 790.38193 794.52709 798.64074 802.75438 808.13389 816.4338 824.73372 833.03363 841.88347 851.07582 866.18173 897.13742 928.09311 936.15807 943.425 950.69193 954.67195 952.31585 949.95976 947.60366 949.32622 952.66003 950.72778 941.26167 933.29832 934.19031 935.08231 935.9743 939.82999 945.81623 950.1737 951.56554 952.95737 954.34921 947.74848 939.76641 943.90331 954.16018 964.41705 972.21298 971.48456 971.03208 978.00359 984.9751 991.94662
