P2_models/J1_p2_vp_slide_diff2_20.dat.tif
NCOLS 118
NROWS 92
XLLCORNER 139.62
YLLCORNER -39.07
DX 0.099491525
DY 0.099347826
NODATA_VALUE -9999
[rows 25 to 49 of 92, columns 58 to 115 of 118]
0.1909026 0.18610391 0.18642395 0.18677845 0.18480798 0.18283752 0.18086705 0.17889659 0.17588887 0.18246838 0.18918261 0.19589684 0.20261107 0.20715174 0.20891108 0.21067042 0.21242976 0.2141891 0.22067281 0.21289426 0.21456422 0.21623417 0.21790413 0.21957408 0.23370941 0.25360397 0.27349852 0.29339307 0.30915358 0.31418404 0.31572494 0.31528774 0.31485054 0.31441334 0.31393971 0.31228054 0.31062137 0.30896221 0.30730304 0.30094694 0.31374198 0.31182802 0.30951083 0.30719363 0.30487643 0.29994196 0.29673988 0.2943505 0.29196111 0.28957172 0.29254226 0.29717544 0.3014291 0.30568276 0.30993643 -9999 -9999 -9999
0.19966169 0.194863 0.19518305 0.19898149 0.20043075 0.19846028 0.19648982 0.19451935 0.19151164 0.18846828 0.19340342 0.20011765 0.20683188 0.21137254 0.21313188 0.21489122 0.21725908 0.22404292 0.23065811 0.22221034 0.21376257 0.2148266 0.21649656 0.21816652 0.23230185 0.2521964 0.27209095 0.28612527 0.29232322 0.29735367 0.30028041 0.30224527 0.30180807 0.30137087 0.30089724 0.29923807 0.29757891 0.29591974 0.28908102 0.28164472 0.29443976 0.30938951 0.30928486 0.30696767 0.30465047 0.299716 0.29353379 0.29009545 0.28770606 0.28531667 0.28828721 0.29412338 0.29885515 0.30310881 0.30736247 -9999 -9999 -9999
0.20842079 0.2036221 0.20394214 0.20774059 0.21153903 0.21408304 0.21211258 0.21014211 0.2071344 0.20409104 0.20104769 0.20433845 0.21105268 0.21559334 0.21735269 0.22046053 0.22724438 0.23402823 0.24064341 0.23219564 0.22374787 0.2153001 0.21508899 0.21675895 0.23089428 0.25078883 0.26309696 0.2692949 0.27549285 0.2805233 0.28345004 0.28637678 0.2887656 0.2883284 0.28785477 0.28619561 0.28453644 0.27721511 0.2697788 0.26234249 0.27513753 0.29008728 0.30503703 0.3067417 0.30442451 0.29949004 0.29330783 0.28712563 0.28345101 0.28106163 0.28403216 0.28986834 0.29570451 0.30053486 0.30478852 -9999 -9999 -9999
0.21832329 0.21238119 0.21270124 0.21649969 0.22029813 0.22409657 0.22773534 0.22576488 0.22275716 0.21971381 0.21667045 0.2136271 0.21527348 0.21981415 0.22366198 0.23044583 0.23722968 0.24401353 0.25062871 0.24218094 0.23373317 0.22528541 0.21683764 0.21535138 0.22948671 0.24006864 0.24626659 0.25246454 0.25866248 0.26369294 0.26661968 0.26954642 0.27247316 0.27528594 0.27481231 0.2727855 0.26534919 0.25791288 0.25047657 0.24304026 0.25583531 0.27078506 0.28573481 0.30068456 0.30419854 0.29926407 0.29308187 0.28689966 0.28071746 0.27680658 0.27977712 0.28561329 0.29144946 0.29728564 0.30221456 -9999 -9999 -9999
0.22887348 0.22074804 0.21835839 0.22215684 0.22595528 0.22975372 0.23355217 0.23735061 0.2363711 0.23332774 0.23028439 0.22724103 0.22419768 0.22546523 0.23224908 0.23903293 0.24581678 0.25260063 0.25784309 0.2521589 0.24371113 0.23526336 0.22681559 0.21836782 0.21993752 0.22613547 0.23233341 0.23853136 0.24472931 0.24665553 0.24958227 0.25250901 0.25543575 0.25836249 0.26098028 0.25354397 0.24610766 0.23867135 0.23123504 0.22415693 0.23837152 0.25332127 0.26827102 0.28322077 0.29817052 0.3000048 0.2938226 0.28764039 0.28145819 0.27527598 0.27712743 0.28296361 0.28879978 0.29463595 0.30047212 -9999 -9999 -9999
0.22158452 0.21345909 0.20613261 0.20227776 0.2060762 0.20987465 0.21367309 0.21747154 0.22868382 0.23040438 0.22736103 0.22431767 0.22127432 0.22254187 0.22932572 0.23610957 0.24289342 0.24592772 0.23969858 0.25617194 0.25362858 0.24518081 0.23673304 0.22828527 0.22985497 0.23605292 0.24225086 0.24844881 0.24610919 0.23801651 0.2308404 0.23376714 0.23669388 0.23962063 0.24223842 0.23480211 0.2273658 0.21992949 0.21426875 0.22379906 0.23661458 0.25099209 0.26594184 0.28089159 0.29584134 0.30351108 0.30252145 0.29633925 0.29015704 0.28397484 0.28676945 0.29352978 0.29936595 0.30520212 0.31103829 -9999 -9999 -9999
0.21429556 0.20617013 0.19884365 0.19206011 0.18619712 0.18999557 0.19379401 0.19759246 0.20880474 0.22027177 0.22443766 0.22139431 0.21835095 0.21961851 0.22640236 0.23318621 0.23426656 0.22778322 0.22155408 0.23802743 0.25450079 0.25509826 0.24665049 0.23820272 0.23977242 0.24597037 0.25216831 0.24804988 0.24013374 0.23204105 0.22363026 0.21521948 0.21795202 0.22087876 0.22349655 0.21606025 0.20862394 0.20438057 0.21391089 0.2234412 0.23625672 0.24942213 0.26361266 0.27856241 0.29351216 0.3011819 0.30538104 0.3050381 0.29885589 0.29267369 0.29546831 0.3030623 0.30993212 0.31576829 0.32160446 -9999 -9999 -9999
0.2070066 0.19888117 0.19155469 0.18477115 0.1779876 0.17120405 0.17391494 0.17771338 0.18892566 0.20039269 0.21185973 0.21847095 0.21542759 0.21669515 0.22347899 0.22260541 0.21612206 0.20963871 0.20340957 0.21988293 0.23635628 0.25282964 0.25656794 0.24812017 0.24968987 0.25588782 0.24999057 0.24207443 0.23415828 0.2260656 0.21765481 0.20924402 0.20083323 0.2021369 0.20475469 0.19731838 0.1944924 0.20402271 0.21355302 0.22308333 0.23589886 0.24906426 0.26222967 0.27623323 0.29118298 0.29885272 0.30305186 0.307251 0.30755475 0.30137254 0.30416716 0.31176115 0.31935514 0.32633446 0.33217063 -9999 -9999 -9999
0.19880125 0.19159221 0.18426573 0.17748219 0.17069864 0.1639151 0.15713155 0.1578343 0.16904659 0.18051362 0.19198065 0.20344768 0.21250423 0.21377178 0.21094425 0.2044609 0.19797755 0.19149421 0.18526506 0.20173842 0.21821178 0.23468513 0.25115849 0.25803762 0.25960732 0.25193127 0.24401512 0.23609897 0.22818283 0.22009014 0.21167936 0.20326857 0.19485778 0.18644699 0.18601283 0.18460422 0.19413453 0.20366485 0.21319516 0.22272547 0.23554099 0.2487064 0.26187181 0.27503721 0.28885381 0.29652354 0.30072268 0.30492182 0.30912096 0.3100714 0.31286601 0.32046 0.32805399 0.33564798 0.3427368 -9999 -9999 -9999
0.1924549 0.18570973 0.1781375 0.17135396 0.16457041 0.15778687 0.15100332 0.14421978 0.14532743 0.15679446 0.16826149 0.17972853 0.19119556 0.19478827 0.18830493 0.18182158 0.17533823 0.16885489 0.16381499 0.18497429 0.20144765 0.217921 0.23439436 0.25086772 0.25065899 0.24274284 0.23482669 0.22691055 0.2189944 0.2171134 0.20916707 0.20075628 0.19234549 0.1839347 0.17605879 0.1855891 0.19511941 0.20464972 0.21418004 0.22175692 0.23567136 0.24883677 0.26200218 0.27516758 0.28833299 0.29822272 0.30242186 0.306621 0.31082014 0.31501928 0.31869739 0.32629138 0.33388537 0.34147936 0.34907335 -9999 -9999 -9999
0.19037162 0.18362645 0.17581491 0.16727871 0.16035655 0.15357301 0.14678946 0.14000592 0.12994384 0.12674196 0.13820899 0.14967602 0.16114306 0.16473577 0.15825243 0.15176908 0.14528573 0.14031086 0.13658828 0.16413429 0.18696014 0.2034335 0.21990686 0.23638021 0.23617148 0.22825533 0.22033919 0.21242304 0.21333085 0.21340665 0.21099858 0.20395571 0.19554492 0.18713414 0.17925822 0.18878853 0.19831884 0.20784916 0.2147756 0.21823245 0.23403423 0.24977237 0.26293777 0.27610318 0.28926859 0.3009838 0.31076492 0.31496406 0.3191632 0.32336234 0.32542648 0.32739349 0.33498748 0.34258147 0.35017546 -9999 -9999 -9999
0.18828834 0.18154317 0.17373163 0.16519543 0.15665924 0.14935915 0.1425756 0.13579206 0.12572999 0.11555526 0.10815649 0.11962352 0.13109055 0.13468327 0.12819992 0.12171658 0.11715686 0.11308416 0.10936158 0.13690759 0.1644536 0.18894599 0.20541935 0.22189271 0.22168398 0.21376783 0.20671556 0.20816983 0.2096241 0.2096999 0.20729183 0.20488376 0.19874436 0.19033357 0.18245765 0.19198796 0.20151828 0.20779429 0.21125113 0.21470797 0.23050976 0.24762632 0.26387337 0.27703878 0.29020419 0.3019194 0.31294326 0.32330712 0.32750626 0.3317054 0.33376954 0.33469222 0.33608959 0.34368358 0.35127757 -9999 -9999 -9999
0.18620506 0.17945989 0.17164835 0.16311215 0.15457596 0.14603976 0.13836174 0.1315782 0.12151613 0.1113414 0.10116667 0.090991945 0.10103805 0.10463077 0.098147423 0.094002865 0.089930161 0.085857457 0.082134875 0.10968089 0.1372269 0.16477291 0.19093185 0.2074052 0.20719647 0.20155454 0.20300881 0.20446308 0.20591734 0.20599314 0.20358507 0.201177 0.19876893 0.193533 0.18565708 0.1951874 0.20081297 0.20426982 0.20772666 0.2111835 0.22698529 0.24410185 0.26121841 0.27797438 0.29113978 0.30285499 0.31387885 0.32490271 0.33584932 0.34004845 0.3421126 0.34303528 0.34395796 0.34488065 0.35237968 -9999 -9999 -9999
0.17642274 0.1766935 0.16956506 0.16102887 0.15249267 0.14395648 0.13542028 0.12736434 0.11730227 0.10712754 0.096952812 0.086778085 0.076603358 0.074921569 0.070848865 0.066776161 0.062703457 0.058630753 0.054908171 0.082454183 0.1100002 0.13754621 0.16509222 0.19263823 0.19639353 0.19784779 0.19930206 0.20075632 0.20221059 0.20228639 0.19987832 0.19747025 0.19506218 0.19265411 0.18885651 0.19383166 0.1972885 0.20074534 0.20420219 0.20765903 0.22346081 0.24057737 0.25769393 0.27481049 0.29192705 0.30379059 0.31481445 0.32583831 0.33686217 0.34788603 0.35045565 0.35137834 0.35230102 0.35322371 0.35414639 -9999 -9999 -9999
0.16138666 0.16849252 0.16895935 0.16039713 0.15186093 0.14332473 0.13478854 0.12625234 0.11613205 0.10595732 0.095782595 0.085607868 0.076854665 0.071768517 0.067695813 0.063623109 0.059550405 0.055477701 0.059742738 0.076228761 0.10377477 0.13132079 0.1588668 0.18641281 0.19611242 0.19756669 0.19902095 0.20047522 0.20222794 0.19994867 0.19297428 0.19056621 0.18815814 0.18575007 0.18351685 0.18697369 0.19043053 0.19388737 0.19734422 0.21004962 0.22706911 0.24418567 0.26130223 0.27841879 0.29216172 0.30306081 0.31408467 0.32510853 0.33613239 0.34703887 0.35139223 0.35231491 0.3532376 0.35416028 0.35541846 -9999 -9999 -9999
0.15461493 0.16845278 0.16891961 0.16030026 0.15172012 0.14318392 0.13464772 0.12611153 0.11599123 0.10581651 0.09564178 0.087721794 0.081843653 0.076757506 0.072684802 0.068612098 0.065089418 0.070300195 0.075613985 0.090127734 0.10465227 0.13219829 0.1597443 0.18729031 0.19698992 0.19844419 0.19989846 0.20185853 0.20469047 0.2024112 0.19092199 0.1825808 0.18017273 0.17776466 0.17553144 0.17898828 0.18244513 0.18590197 0.19996224 0.21607031 0.2330898 0.25020636 0.26732292 0.28023132 0.29086869 0.30176778 0.31279164 0.3238155 0.33470031 0.34547047 0.34982383 0.35074651 0.3516692 0.35299291 0.35468307 -9999 -9999 -9999
0.15457519 0.16841304 0.16887987 0.16026053 0.15164118 0.14304311 0.13450691 0.12597071 0.11585042 0.10567569 0.098588923 0.092710782 0.086832642 0.081746495 0.077673791 0.075749889 0.080960665 0.086171442 0.091485233 0.10599898 0.12051273 0.13502648 0.1606218 0.18816781 0.19786742 0.19932169 0.20148912 0.20432106 0.207153 0.20487373 0.19338452 0.18189532 0.17218733 0.16977926 0.16754603 0.17100288 0.17445972 0.18987487 0.20598294 0.22209101 0.2391105 0.25622706 0.26830092 0.27893829 0.28957566 0.30047474 0.3114986 0.32236175 0.33313191 0.34390207 0.34825543 0.34917811 0.35056735 0.35225752 0.35394768 -9999 -9999 -9999
0.15453545 0.1683733 0.16884013 0.16022079 0.15160144 0.1429821 0.1343661 0.1258299 0.1157096 0.10945605 0.10357791 0.097699771 0.091821631 0.086735483 0.08641036 0.091621136 0.096831913 0.10204269 0.10735648 0.12187023 0.13638398 0.15089773 0.16541147 0.18904531 0.19874492 0.2011197 0.20395165 0.20678359 0.20961553 0.20733626 0.19584705 0.18435785 0.17286864 0.16179385 0.15956063 0.16367943 0.1797875 0.19589556 0.21200363 0.2281117 0.24513119 0.25637052 0.26700789 0.27764526 0.28828262 0.29918171 0.3100232 0.32079335 0.33156351 0.34233367 0.34668703 0.3481418 0.34983196 0.35152213 0.35321229 -9999 -9999 -9999
0.15256706 0.16640491 0.16899707 0.16037773 0.15175838 0.14313904 0.1345197 0.12590036 0.12019727 0.11431913 0.10844099 0.10256285 0.096684709 0.095670958 0.10088173 0.10609251 0.11130329 0.11651406 0.12149961 0.13439145 0.1489052 0.16341895 0.1779327 0.19244645 0.19897 0.20180194 0.20463388 0.20746582 0.21029777 0.20950172 0.19801252 0.18652331 0.1750341 0.1635449 0.15287844 0.16898651 0.18509458 0.20120264 0.21731071 0.23373086 0.24641329 0.25705066 0.26768803 0.27832539 0.28896276 0.29870463 0.30947478 0.32024494 0.3310151 0.34178525 0.34580593 0.34749609 0.34918625 0.35087641 0.35256658 -9999 -9999 -9999
0.1360527 0.14989055 0.15944259 0.16201802 0.15339868 0.14477934 0.13616 0.12754065 0.12345216 0.11823259 0.11235445 0.10647631 0.10059817 0.099584417 0.10479519 0.11000597 0.11521675 0.12003638 0.12387973 0.12496137 0.13616035 0.1506741 0.16518785 0.1797016 0.18622515 0.18905709 0.19188904 0.19472098 0.19717486 0.19873533 0.19793748 0.18644827 0.17495907 0.16346986 0.1528034 0.16891147 0.18501954 0.2011276 0.21839987 0.24470816 0.26060422 0.27261254 0.28324991 0.29388728 0.30452464 0.30988609 0.31661916 0.32738932 0.33815947 0.34892963 0.34941948 0.34752674 0.3492169 0.35090706 0.35259723 -9999 -9999 -9999
0.11953835 0.1333762 0.14292823 0.14956787 0.15503898 0.14641963 0.13780029 0.12918095 0.12509246 0.12115965 0.11626791 0.11038977 0.10451163 0.10349788 0.10870865 0.11391943 0.11854223 0.1224165 0.12625985 0.1273415 0.12842314 0.13792926 0.152443 0.16695675 0.17348031 0.17631225 0.17914419 0.18152057 0.18373754 0.18529801 0.18567551 0.18605302 0.17488403 0.16339482 0.15272836 0.16883643 0.1849445 0.20306888 0.22937717 0.25568546 0.27158152 0.28636864 0.2988118 0.30944916 0.32008653 0.32544797 0.32829422 0.33453369 0.34530385 0.35607401 0.35656386 0.35155745 0.34924755 0.35093771 0.35262788 -9999 -9999 -9999
0.10302399 0.11686184 0.12641387 0.13305351 0.13969315 0.14633279 0.13944059 0.13082125 0.12673275 0.12279994 0.11886713 0.11430323 0.10842509 0.10741133 0.11262211 0.11704808 0.12092235 0.12479662 0.12863997 0.12972162 0.13080326 0.1318849 0.13969816 0.15421191 0.16073546 0.1635674 0.16586628 0.16808325 0.17030022 0.17186069 0.17223819 0.1726157 0.1729932 0.16331978 0.15265332 0.16876139 0.18773789 0.21404618 0.24035447 0.26666276 0.28255882 0.29734594 0.31213306 0.32501105 0.33564841 0.34100986 0.34385611 0.34670236 0.35244823 0.36321838 0.36370824 0.35870182 0.35369541 0.35096836 0.35265853 -9999 -9999 -9999
0.09691506 0.10034748 0.10989952 0.11653915 0.12317879 0.12981843 0.13645807 0.13246154 0.12837305 0.12444024 0.12050743 0.11657462 0.11233854 0.11132479 0.11555392 0.1194282 0.12330247 0.12717674 0.13102009 0.13210174 0.13318338 0.13426502 0.13534666 0.14146706 0.14799061 0.15021198 0.15242896 0.15464593 0.1568629 0.15842337 0.15880087 0.15917837 0.15955588 0.15993338 0.15257828 0.1724069 0.19871519 0.22502348 0.25133177 0.27764006 0.29353612 0.30832324 0.32311036 0.33789748 0.3512103 0.35657174 0.359418 0.36226425 0.3651105 0.37036276 0.37085261 0.3658462 0.36083979 0.35583337 0.35268918 -9999 -9999 -9999
0.10584243 0.10284345 0.09788177 0.10452141 0.11116105 0.11780068 0.12444032 0.13107996 0.12749836 0.12356555 0.11963275 0.11569994 0.11176713 0.11495968 0.11883395 0.12270822 0.1265825 0.13045677 0.12907297 0.1326993 0.13378095 0.13486259 0.13594423 0.13702587 0.13888406 0.14110103 0.14331801 0.14553498 0.14775195 0.14982763 0.1509302 0.1513077 0.1516852 0.15206271 0.15321328 0.17952157 0.20582986 0.23213815 0.25844644 0.28645398 0.30282992 0.31761704 0.33240416 0.34719128 0.3615471 0.36711453 0.36996079 0.37280704 0.37565329 0.37789689 0.3730059 0.36799949 0.36299307 0.35798666 0.35277437 -9999 -9999 -9999
0.12009024 0.099829682 0.094695363 0.099839963 0.10628947 0.11292911 0.11956875 0.12620838 0.12262679 0.11869398 0.11476117 0.1118528 0.11577096 0.11966987 0.12354414 0.12741841 0.13129269 0.12748298 0.1200842 0.12690819 0.13154562 0.13262726 0.1337089 0.13479055 0.13664874 0.13886571 0.14108268 0.14329965 0.14085723 0.14204141 0.14986933 0.15228374 0.15266124 0.15303875 0.15418932 0.18049761 0.2068059 0.23311419 0.26177833 0.29307231 0.30944825 0.32423537 0.33902249 0.35283791 0.36411336 0.3696808 0.37252705 0.3753733 0.37679327 0.37211816 0.36722717 0.36222075 0.35721434 0.35158894 0.34281 -9999 -9999 -9999
