P2_models/J1_p2_vp_slide_diff_80.dat.tif
NCOLS 118
NROWS 92
XLLCORNER 139.62
YLLCORNER -39.07
DX 0.099491525
DY 0.099347826
NODATA_VALUE -9999
[rows 27 to 53 of 92, columns 0 to 59 of 118]
-9999 8.0446309 8.051149 8.0579802 8.0666755 8.0753707 8.0840659 8.0910231 8.0959744 8.1009256 8.1058769 8.1056837 8.1040788 8.1018154 8.0982336 8.0946517 8.0910699 8.0883386 8.0859483 8.0827447 8.0776646 8.0725846 8.0672878 8.0619645 8.0566412 8.048006 8.030494 8.012982 7.9954699 7.9886965 7.9862497 7.9857275 7.9889157 7.9921038 7.9921282 7.9920558 7.9919835 7.9942275 7.9997853 8.0053431 8.0109009 8.0116236 8.0118845 8.0094296 8.0050225 8.0006154 7.9966654 7.9954441 7.9942228 7.9966341 7.9996732 8.0027123 8.0003487 7.9920062 7.9851006 7.9831722 7.9812438 7.9793155 7.9727104 7.9652544
-9999 8.0430381 8.0505137 8.059209 8.0679042 8.0765994 8.0852947 8.0922518 8.0972031 8.1021543 8.1071056 8.1120569 8.1138043 8.111541 8.1079591 8.1043772 8.1007954 8.0972135 8.0941548 8.0909512 8.0858309 8.0805076 8.0751843 8.069861 8.0645377 8.0559025 8.0383904 8.0208784 8.0033664 7.9858544 7.9752618 7.9747397 7.977198 7.9771256 7.9770533 7.976981 7.9769086 7.9791526 7.9847104 7.9902682 7.995826 8.0013838 8.0033368 8.0008819 7.9964748 7.9920677 7.9876606 7.9832534 7.981817 7.9842283 7.9872674 7.9903066 7.9933457 7.9931419 7.9862363 7.9843079 7.9823796 7.9804512 7.9785229 7.9729667
-9999 8.0420085 8.0507037 8.059399 8.0680942 8.0767894 8.0854847 8.0929064 8.0978576 8.1028089 8.1077601 8.1127114 8.1176626 8.1195508 8.115969 8.1123871 8.1088053 8.1052234 8.1016415 8.0975331 8.0922098 8.0868865 8.0815632 8.0762399 8.0709166 8.0628873 8.0453753 8.0278632 8.0103512 7.9928392 7.9753272 7.963772 7.9636996 7.9636273 7.9635549 7.9634826 7.9634103 7.9657173 7.9712751 7.9768329 7.9823907 7.9879485 7.9935063 7.9935298 7.9891226 7.9847155 7.9803084 7.9759013 7.9714941 7.9735631 7.9766022 7.9796413 7.9826804 7.9857196 7.9861622 7.9842338 7.9823054 7.9803771 7.9784487 7.9765204
-9999 8.0336474 8.0423427 8.0510379 8.0597331 8.0684284 8.0755944 8.0839662 8.093785 8.0987362 8.1036875 8.1086388 8.11359 8.115166 8.1099828 8.1062732 8.1026913 8.0991095 8.0955276 8.0914192 8.0860959 8.0807726 8.0754493 8.070126 8.0598552 8.0491661 8.0434666 8.0273433 8.0098312 7.9923192 7.9748072 7.963252 7.9631796 7.9631073 7.963035 7.9629626 7.9661019 7.9692225 7.9713377 7.9768955 7.9824533 7.9880111 7.9935689 7.9944956 7.9916127 7.9872056 7.9827984 7.9783913 7.9739842 7.9767672 7.980266 7.9833052 7.9863443 7.9893834 7.9887305 7.975289 7.9722713 7.970343 7.9684146 7.9664862
-9999 8.0252864 8.0339816 8.0426768 8.0510382 8.0580354 8.0650326 8.0734044 8.0833627 8.093321 8.0996149 8.1045661 8.1095174 8.1110934 8.1059102 8.100727 8.0965774 8.0929956 8.0894137 8.0853053 8.079982 8.0746587 8.0693354 8.0570789 8.0445282 8.0338391 8.0281396 8.0224401 8.0093112 7.9917992 7.9742872 7.962732 7.9626596 7.9625873 7.9627324 7.966671 7.9706097 7.9737304 7.9756808 7.9776311 7.9825159 7.9880737 7.9936315 7.9945581 7.9921555 7.9896956 7.9852885 7.9808813 7.9764742 7.9792572 7.9832829 7.986969 7.9900081 7.9930472 7.9923943 7.9789528 7.9655114 7.9603088 7.9583805 7.9564521
-9999 8.0169253 8.0256205 8.0334793 8.0404765 8.0474737 8.0544709 8.0628427 8.072801 8.0827593 8.0927176 8.1004935 8.1054448 8.1070207 8.1018376 8.0966544 8.0914712 8.0868817 8.0832998 8.0791914 8.0738681 8.0668532 8.0543025 8.0417518 8.0292011 8.018512 8.0128125 8.007113 8.0014135 7.9912792 7.9737672 7.962212 7.9621397 7.9633015 7.9672402 7.9711789 7.9751176 7.9782382 7.9801886 7.982139 7.9840894 7.9881362 7.9936941 7.9946207 7.9922181 7.9898154 7.9874128 7.9833714 7.9789643 7.9817473 7.9857729 7.9897986 7.9936719 7.996711 7.9960581 7.9826167 7.9691752 7.9557337 7.9483463 7.946418
-9999 8.0085642 8.0159204 8.0229176 8.0299148 8.036912 8.0439092 8.052281 8.0622393 8.0721975 8.0821558 8.0921141 8.1013721 8.1029481 8.0977649 8.0925818 8.0873986 8.0822154 8.0771859 8.0730775 8.0640768 8.0515262 8.0389755 8.0264248 8.0138741 8.003185 7.9974855 7.991786 7.9860865 7.9803869 7.9732472 7.961692 7.9638707 7.9678094 7.9717481 7.9756867 7.9796254 7.9827461 7.9846965 7.9866469 7.9885972 7.9905476 7.9937566 7.9946833 7.9922806 7.989878 7.9874754 7.9850727 7.9814543 7.9842373 7.988263 7.9922887 7.9963143 8.00034 7.999722 7.9862805 7.972839 7.9593975 7.945956 7.9363838
-9999 8.0004638 8.0074609 8.0144581 8.0214553 8.0284525 8.0354497 8.0440885 8.0541448 8.0641031 8.0740614 8.0840197 8.093978 8.0944235 8.087112 8.0819288 8.0767456 8.0715624 8.0663793 8.0589683 8.0464176 8.0338669 8.0213162 8.0087655 7.9962148 7.9934273 7.9879515 7.982252 7.9765524 7.9708529 7.9651534 7.962746 7.9666847 7.9706234 7.974562 7.9785007 7.9824394 7.9865015 7.9888319 7.9907823 7.9927327 7.9946831 7.9966334 7.998221 7.9958184 7.9934158 7.9910131 7.9886105 7.9862079 7.9852805 7.9893061 7.9933318 7.9973575 8.0013832 8.0038687 7.9929147 7.9794732 7.9660317 7.9525902 7.9391488
-9999 7.9954715 8.0024687 8.0094659 8.0164631 8.0228771 8.0278511 8.0364172 8.0491291 8.060078 8.0700363 8.0799946 8.0899529 8.0903984 8.071794 8.060423 8.0552398 8.0500566 8.0448735 8.0374625 8.0249118 8.0123611 7.9998104 7.9882791 7.9912165 7.9920943 7.9874514 7.9822723 7.9765727 7.9708732 7.9651737 7.9627663 7.966705 7.9706437 7.9745823 7.9779733 7.978793 7.9825272 7.9904309 7.9943035 7.9962539 7.9982043 8.0001547 8.0022752 8.0045182 8.0026851 8.0002825 7.9978799 7.9954773 7.9911121 7.987963 7.9919887 7.9960144 8.00004 8.0025256 7.9996764 7.9910064 7.9775649 7.9641234 7.950682
-9999 7.9904793 7.9974765 8.0044737 8.0102318 8.0152058 8.0201797 8.0287458 8.0414577 8.0541696 8.0660112 8.0759695 8.0859278 8.0863733 8.0677689 8.0491645 8.033734 8.0285509 8.0233677 8.0159567 8.003406 7.9908553 7.9840086 7.9869461 7.9898836 7.9907613 7.9861184 7.9814755 7.976593 7.9708935 7.965194 7.9627866 7.9667253 7.970664 7.9731793 7.973999 7.9748187 7.9785529 7.9864566 7.9943603 7.9997751 8.0017255 8.0036759 8.0057965 8.0080394 8.0102823 8.0095519 8.0071493 8.0047466 8.0003814 7.9956771 7.9909727 7.9946712 7.9986969 8.0011825 7.9983333 7.9954841 7.9890981 7.9756566 7.9622152
-9999 7.9854871 7.9924843 7.9975865 8.0025605 8.0075344 8.0125083 8.0210744 8.0337863 8.0464982 8.0592102 8.0719221 8.0819027 8.0823482 8.0637438 8.0451394 8.0265349 8.0079305 8.0018619 7.9944509 7.9819002 7.9797381 7.9826756 7.9856131 7.9885506 7.9894283 7.9847854 7.9801426 7.9754997 7.9708568 7.9652143 7.9628069 7.9667456 7.9683852 7.9692049 7.9700246 7.9708443 7.9745785 7.9824823 7.990386 7.9982897 8.0052467 8.0071971 8.0093177 8.0115606 8.0138035 8.0160465 8.0164186 8.014016 8.0096508 8.0049465 8.0002421 7.9955378 7.9973538 7.9998393 7.9969901 7.9941409 7.9912918 7.9871899 7.9737484
-9999 7.9799673 7.9849412 7.9899152 7.9948891 7.999863 8.0048369 8.013403 8.0261149 8.0388269 8.0515388 8.0642507 8.0769626 8.0783231 8.0597187 8.0411143 8.0225098 8.0039054 7.985301 7.9729451 7.9754676 7.9784051 7.9813426 7.9842801 7.9872176 7.9880953 7.9834524 7.9788096 7.9741667 7.9695238 7.9648809 7.9627714 7.9635912 7.9644109 7.9652306 7.9660503 7.96687 7.9706042 7.9785079 7.9864117 7.9943154 8.0022191 8.0101229 8.0128389 8.0150819 8.0173248 8.0195677 8.0218106 8.0232854 8.0189202 8.0142158 8.0095115 8.0048071 8.0001028 7.9984962 7.995647 7.9927978 7.9899486 7.9870994 7.9842502
-9999 7.9753526 7.9803266 7.9853005 7.9902744 7.9952483 7.9971122 8.002006 8.0147179 8.0274298 8.0401417 8.0528536 8.0636759 8.0635823 8.0479222 8.0293178 8.0107134 7.9921089 7.9735045 7.9614141 7.9643515 7.967289 7.9702265 7.973164 7.9793416 7.9866733 7.9740172 7.9693743 7.9647315 7.9600886 7.9554457 7.9526687 7.9534884 7.9543081 7.9551278 7.9559475 7.9605921 7.9704359 7.9783396 7.9862434 7.9941471 8.0020508 8.0099481 8.011792 8.0124075 8.0146504 8.0168934 8.0191363 8.0213792 8.0176986 8.0129942 8.0082899 8.0035855 7.9979617 7.9882845 7.9854353 7.9825862 7.979737 7.9768878 7.9797287
-9999 7.9717718 7.9767457 7.9817196 7.9866936 7.9863355 7.9844551 7.9893488 8.0020608 8.0147727 8.0274846 8.0364077 8.0432612 8.0431676 8.029162 8.0148929 7.9962885 7.9776841 7.9590796 7.9469892 7.9499267 7.9528642 7.9558016 7.9659791 7.982141 7.9894728 7.9731376 7.9571988 7.952556 7.9479131 7.9432702 7.9404931 7.9413129 7.9421326 7.9429523 7.9505111 7.961711 7.9715548 7.9794586 7.9873623 7.9952661 8.0031602 8.0110515 8.0128954 8.0103917 8.0098807 8.0121236 8.0143665 8.0166094 8.0129288 8.0082245 8.0035201 7.9963989 7.9847506 7.9750734 7.9722242 7.9693751 7.9665259 7.9718023 7.9802475
-9999 7.968191 7.9731649 7.9774392 7.9755588 7.9736784 7.971798 7.9766917 7.9894036 8.0021155 8.0091395 8.015993 8.0228465 8.0227529 8.0087473 7.9947417 7.9807361 7.9632592 7.9446548 7.9325643 7.9355018 7.9384393 7.9526166 7.9687785 7.9849404 7.9922722 7.9759371 7.9596019 7.9432667 7.9357376 7.9310947 7.9283176 7.9291374 7.9299571 7.9404302 7.9516301 7.96283 7.9726738 7.9805775 7.9884808 7.9963722 8.0042636 8.012155 8.0139988 8.0114951 8.0089914 8.0073538 8.0095967 8.0118396 8.008159 8.0034547 7.9948361 7.9831878 7.9715395 7.9618623 7.9590131 7.956164 7.9638758 7.972321 7.9807663
-9999 7.9646101 7.9666624 7.964782 7.9629016 7.9610212 7.9591409 7.9640346 7.9750178 7.9818713 7.9887248 7.9955783 8.0024318 8.0023382 7.9883326 7.9743271 7.9603215 7.9463159 7.9302299 7.9181394 7.9230923 7.9392542 7.9554161 7.971578 7.9877399 7.9950717 7.9787365 7.9624014 7.9460662 7.929731 7.9189192 7.9161421 7.9191494 7.9303493 7.9415492 7.9527491 7.9639489 7.9737927 7.9816928 7.9895842 7.9974756 8.005367 8.0132584 8.0151022 8.0125985 8.0100948 8.0075911 8.0050874 8.0070699 8.0033893 7.9932733 7.981625 7.9699767 7.9583284 7.9486512 7.9475041 7.9559493 7.9643946 7.9728398 7.981285
-9999 7.9549363 7.9530559 7.9511755 7.9492951 7.9474147 7.9455343 7.9497882 7.9566417 7.9634951 7.9703486 7.9772021 7.9840556 7.9861407 7.9721351 7.9581295 7.9441239 7.9301183 7.9161127 7.9112294 7.9273913 7.9435532 7.9597151 7.975877 7.9920389 7.9992217 7.9828866 7.9665514 7.9502162 7.9338811 7.9175459 7.9106158 7.9218157 7.9330156 7.9442155 7.9554153 7.9666152 7.9729427 7.9808341 7.9887255 7.9966169 8.0045083 8.0123997 8.0142981 8.0117944 8.0092907 8.006787 8.0042833 8.0017796 7.9921247 7.9804764 7.9688281 7.9571797 7.9455314 7.93748 7.9459253 7.9543705 7.9628157 7.9712609 7.9797062
-9999 7.9341692 7.9322888 7.9304084 7.928528 7.9266476 7.9470895 7.9573785 7.9536399 7.9604934 7.9673469 7.9742004 7.9810539 7.9858225 7.9864159 7.9737379 7.9597323 7.9457267 7.9317211 7.9268377 7.9429996 7.9591615 7.9753234 7.9914853 7.9977463 7.9983703 7.9954931 7.9808877 7.9645526 7.9482174 7.9318822 7.9249521 7.936152 7.9473519 7.9585518 7.9697517 7.9805048 7.9802362 7.9651776 7.973069 7.9809603 7.9888517 7.9967431 7.9988107 7.9966034 7.9940997 7.991596 7.9890924 7.9865887 7.9802419 7.9708029 7.9591545 7.9475062 7.9358579 7.9272563 7.9292081 7.9369713 7.9454165 7.9538618 7.962307
-9999 7.9134021 7.9115217 7.9096413 7.9128508 7.9354481 7.9580454 7.9683344 7.964418 7.9605017 7.9643451 7.9711986 7.9780521 7.9828207 7.9834141 7.9840076 7.9753407 7.9613351 7.9473295 7.9424461 7.958608 7.9747699 7.9909318 7.9932826 7.9952129 7.9958369 7.9929597 7.9900826 7.9788889 7.9625537 7.9462186 7.9392885 7.9504883 7.9616882 7.9728522 7.9835017 7.9941512 7.9938826 7.9779941 7.9621057 7.9653038 7.9731952 7.9810865 7.9831541 7.9810349 7.9789088 7.9764051 7.9739014 7.9713977 7.965051 7.95804 7.949481 7.9378327 7.9261844 7.9175827 7.9195346 7.9214864 7.9280173 7.9364626 7.9449078
-9999 7.892635 7.8907546 7.9012095 7.9238068 7.9464041 7.9690014 7.9792904 7.975374 7.9714576 7.9675412 7.9681968 7.9750503 7.9798189 7.9804124 7.9810058 7.9815993 7.9769435 7.9629379 7.9580545 7.9742164 7.9868886 7.9888189 7.9907492 7.9926795 7.9933035 7.9904264 7.9875492 7.9846721 7.97689 7.9605549 7.9536248 7.9648247 7.9758491 7.9864986 7.9971481 8.0077975 8.0075289 7.9916405 7.975752 7.9598636 7.9575386 7.96543 7.9674975 7.9653783 7.9632592 7.96114 7.9587105 7.9562068 7.9498601 7.9428491 7.9358381 7.9281592 7.9165108 7.9079092 7.909861 7.9118129 7.9137647 7.9190634 7.9275086
-9999 7.8718679 7.8895681 7.9121654 7.9347627 7.95736 7.9799573 7.9902463 7.9863299 7.9824136 7.9784972 7.9745808 7.9720485 7.9768171 7.9774106 7.978004 7.9785975 7.979191 7.9785463 7.9736629 7.9824249 7.9843552 7.9862855 7.9882158 7.9901461 7.9907702 7.987893 7.9850158 7.9821387 7.9792615 7.9748912 7.9679611 7.978846 7.9894955 8.000145 8.0107945 8.0214439 8.0211753 8.0052869 7.9893984 7.97351 7.9576215 7.9497734 7.9518409 7.9497217 7.9476026 7.9454834 7.9433642 7.9410159 7.9346691 7.9276582 7.9206472 7.9136363 7.9066253 7.8982357 7.9001875 7.9021393 7.9040911 7.906043 7.9101094
-9999 7.8795273 7.9021246 7.9247219 7.9473192 7.9699165 7.9925138 7.9917742 7.9878579 7.9839415 7.9800251 7.9761087 7.9721923 7.9701964 7.9721522 7.9727457 7.9733391 7.9739326 7.9745261 7.9755238 7.9774541 7.9793844 7.9813147 7.983245 7.9851753 7.9935606 7.9918688 7.9889917 7.9861145 7.9832373 7.9803602 7.9821033 7.9927527 8.0034022 8.0140517 8.0247012 8.0353506 8.0227651 8.0068766 7.9909881 7.9750997 7.9592112 7.9443369 7.942182 7.9400628 7.9379437 7.9358245 7.9337053 7.9315862 7.9252961 7.9182851 7.9112742 7.9042632 7.8972522 7.8953893 7.8973411 7.8992929 7.9012447 7.9031965 7.9051921
-9999 7.8946273 7.9172246 7.9398219 7.9624192 7.9778311 7.9793325 7.9783188 7.9744024 7.970486 7.9665696 7.9618176 7.9539108 7.9513395 7.9594531 7.9639011 7.9644945 7.965088 7.9656815 7.9666792 7.9686095 7.9705398 7.9724701 7.9758572 7.9902036 8.0012468 8.003437 8.0033121 8.0004349 7.9975578 7.9946806 7.9964237 8.0070732 8.0177227 8.0283721 8.0335098 8.0198001 8.005194 7.9893055 7.9734171 7.9575286 7.9463461 7.9433202 7.9412309 7.939815 7.9378165 7.9356973 7.9335782 7.931459 7.9251689 7.9181579 7.911147 7.904136 7.9033186 7.9033928 7.9053446 7.9072964 7.9092482 7.9113847 7.9139175
-9999 7.9097272 7.9323245 7.9549218 7.9628743 7.9643757 7.965877 7.9648633 7.960947 7.9570306 7.9508675 7.9429607 7.9350539 7.9324826 7.9405962 7.9487097 7.9556499 7.9562434 7.9568369 7.9578346 7.9597649 7.9616952 7.9691971 7.9835435 7.9978898 8.0089331 8.0111232 8.0133134 8.0147554 8.0118782 8.0090011 8.0107441 8.0213936 8.0320431 8.0296485 8.0159387 8.002229 7.9876229 7.9717344 7.955846 7.9483554 7.9453295 7.9423036 7.9402143 7.9387984 7.9373824 7.9355702 7.933451 7.9313318 7.9250417 7.9180308 7.912258 7.9117901 7.9113221 7.9113962 7.913348 7.9152998 7.9175774 7.9201101 7.9226429
-9999 7.9248272 7.9464162 7.9479176 7.9494189 7.9509202 7.9524216 7.9514079 7.9474915 7.9399174 7.9320106 7.9241038 7.916197 7.9136258 7.9217393 7.9298528 7.9379664 7.9460799 7.9479923 7.94899 7.9509203 7.962537 7.9768833 7.9912297 8.005576 8.0166193 8.0188094 8.0209996 8.0231898 8.0253799 8.0233215 8.0250646 8.0357141 8.0257872 8.0120774 7.9983676 7.9846579 7.9700518 7.9541633 7.9503646 7.9473387 7.9443128 7.9412869 7.9391976 7.9377817 7.9363658 7.9349499 7.9333238 7.9312047 7.9249146 7.9207295 7.9202615 7.9197935 7.9193256 7.9193997 7.9213515 7.92377 7.9263027 7.9288355 7.9313683
-9999 7.9314594 7.9329608 7.9344621 7.9359634 7.9374648 7.9389661 7.9368741 7.9289673 7.9210605 7.9131537 7.9052469 7.8973401 7.8947689 7.9028824 7.910996 7.9191095 7.927223 7.9353366 7.9415305 7.9558768 7.9702232 7.9845695 7.9989159 8.0132622 8.0243055 8.0264956 8.0286858 8.030876 8.0330661 8.0352563 8.0356356 8.0219258 8.0082161 7.9945063 7.9807965 7.9670868 7.9553998 7.9523739 7.949348 7.9463221 7.9432962 7.9402702 7.938181 7.936765 7.9353491 7.9339332 7.9325173 7.9310775 7.9292009 7.9287329 7.928265 7.927797 7.927329 7.9274298 7.9299626 7.9324954 7.9350281 7.9375609 7.9400937
-9999 7.9324377 7.9339391 7.9354404 7.9369418 7.9384431 7.9347077 7.9271544 7.9192476 7.9113408 7.903434 7.8955272 7.8938302 7.8936816 7.886665 7.8947786 7.9028921 7.9110056 7.9191192 7.9291174 7.9434638 7.9578101 7.9721565 7.9865028 7.9954807 7.9997973 8.0122031 8.0143933 8.0165835 8.0187736 8.0209638 8.0177231 8.0040133 7.9903035 7.9765938 7.962884 7.9534902 7.9491707 7.9461448 7.9431188 7.9400929 7.937067 7.9373727 7.9369407 7.9351527 7.9337368 7.9323208 7.9309049 7.929489 7.9288813 7.9284134 7.9279454 7.9274775 7.9284957 7.933045 7.9355778 7.9381105 7.9406433 7.9431761 7.9346524
