P2_models/J1_p2__temp2_slide_220.dat.tif
NCOLS 118
NROWS 92
XLLCORNER 139.62
YLLCORNER -39.07
DX 0.099491525
DY 0.099347826
NODATA_VALUE -9999
[rows 54 to 80 of 92, columns 0 to 59 of 118]
-9999 1340.1784 1342.1591 1344.1398 1346.1205 1333.9311 1320.5558 1311.8671 1308.5871 1305.3071 1302.0272 1321.091 1346.0369 1358.6462 1346.5507 1334.4552 1346.6624 1361.1331 1375.6039 1380.1054 1361.6076 1343.1098 1324.612 1309.6952 1296.3876 1287.4143 1290.058 1292.7018 1292.6493 1292.2763 1291.9033 1296.366 1310.1504 1323.9349 1337.7194 1350.4659 1362.9353 1374.1007 1383.4005 1392.7002 1401.9999 1393.6007 1383.6501 1380.7077 1382.8033 1377.8232 1355.0425 1332.2617 1309.4809 1317.1289 1330.0358 1342.9427 1350.0393 1350.8679 1351.0581 1349.0366 1347.0152 1344.9937 1348.8229 1353.665
-9999 1358.2684 1360.2491 1358.4376 1345.0623 1331.6871 1318.3118 1309.6231 1306.3431 1306.3311 1331.277 1356.223 1381.1689 1393.7782 1381.6827 1369.5872 1357.4917 1361.6636 1376.1343 1380.6358 1362.138 1343.6402 1330.2933 1316.9856 1303.678 1294.7047 1297.3484 1299.9922 1302.636 1303.4304 1303.0574 1307.5201 1321.3046 1334.9969 1347.4664 1359.9359 1372.4054 1383.5708 1392.8705 1398.7347 1388.7842 1378.8337 1368.8832 1365.9407 1368.0363 1370.1319 1371.0561 1348.2753 1325.4945 1333.1425 1346.0494 1350.5415 1351.3701 1352.1988 1352.3889 1350.3674 1348.8132 1353.6552 1358.4972 1363.3393
-9999 1376.3583 1369.5689 1356.1936 1342.8184 1329.4431 1316.0679 1307.3791 1316.5171 1341.463 1366.409 1391.3549 1416.3009 1428.9102 1416.8147 1404.7192 1392.6237 1380.5281 1376.6647 1381.1662 1364.199 1350.8914 1337.5837 1324.2761 1310.9684 1301.9951 1304.6389 1307.2826 1309.9264 1312.5702 1314.2116 1318.6743 1331.9974 1344.4669 1356.9364 1369.4059 1381.8754 1393.0408 1393.9183 1383.9678 1374.0172 1364.0667 1354.1162 1351.1738 1353.2694 1355.365 1357.4606 1359.5562 1341.5081 1349.1561 1351.0437 1351.8723 1352.701 1353.5296 1353.7197 1353.6454 1358.4875 1363.3295 1368.1716 1373.0136
-9999 1377.7601 1364.3848 1351.0096 1337.6343 1324.2591 1310.8838 1311.113 1336.059 1361.0049 1385.9509 1410.8968 1435.8428 1453.0732 1440.9777 1428.8822 1416.7866 1404.6911 1392.5956 1380.1336 1366.8259 1353.5183 1340.2106 1326.9029 1313.5953 1307.4681 1309.9537 1312.5975 1315.2413 1317.8851 1320.5289 1326.5288 1338.9983 1351.4678 1363.9372 1376.4067 1388.8762 1395.8787 1385.9282 1375.9777 1366.0271 1356.0766 1346.1261 1337.8743 1339.9699 1342.0655 1344.1611 1346.2567 1348.3523 1352.3757 1353.2043 1354.033 1354.8616 1355.6902 1357.7461 1362.6723 1367.5143 1372.3563 1377.1984 1382.0404
-9999 1362.5342 1349.159 1335.7837 1322.4085 1309.3228 1298.2753 1296.5186 1305.4846 1327.2995 1352.2455 1377.1914 1402.1374 1419.8508 1423.0806 1415.581 1403.4855 1391.39 1379.2945 1366.8324 1353.5248 1340.2171 1326.9095 1313.6018 1314.0351 1314.3898 1310.6526 1311.1651 1313.8089 1316.4527 1319.0965 1325.0964 1337.5659 1350.0354 1362.5049 1374.6044 1365.4893 1370.3665 1395.2617 1391.1337 1381.1832 1371.2327 1361.2822 1347.5567 1331.6825 1333.7781 1335.8737 1337.9693 1340.0649 1350.1938 1358.1991 1359.0277 1359.8564 1360.685 1362.7409 1369.0479 1374.3296 1379.1716 1384.0136 1388.8557
-9999 1347.3084 1333.9332 1320.5579 1308.2953 1297.2478 1286.2004 1284.4436 1293.4096 1302.3756 1318.5401 1343.486 1368.432 1386.1454 1389.3752 1392.605 1390.1844 1378.0889 1365.9934 1353.5313 1340.2237 1326.916 1317.194 1319.0754 1320.9568 1321.3115 1317.5743 1313.8371 1312.3765 1315.0203 1317.6641 1323.664 1336.1335 1348.603 1354.0282 1344.9131 1335.798 1340.6752 1365.5704 1390.4656 1396.3393 1386.3887 1376.4382 1362.7128 1346.2737 1329.8345 1327.5863 1329.6819 1331.7775 1341.9064 1353.4236 1364.0225 1364.8511 1365.6797 1367.7356 1374.0427 1380.3497 1385.9869 1390.8289 1395.6709
-9999 1332.0826 1318.7073 1307.2678 1296.2203 1285.1729 1274.1254 1272.3687 1281.3346 1290.3006 1299.2666 1309.7806 1334.7266 1352.44 1355.6698 1358.8996 1362.1295 1364.7877 1352.6922 1340.2302 1326.9225 1322.2343 1324.1157 1325.9971 1327.8784 1328.2332 1324.496 1320.7588 1317.0216 1313.5879 1316.2317 1322.2316 1334.7011 1333.452 1324.3369 1315.2218 1306.1067 1310.9839 1335.8791 1360.7743 1385.6694 1401.5448 1391.5943 1377.8689 1361.4297 1344.9906 1328.5514 1321.3946 1323.4902 1333.619 1345.1362 1356.6534 1368.1706 1370.6745 1372.7304 1379.0375 1385.3445 1391.6516 1397.6442 1402.4862
-9999 1317.2878 1306.2403 1295.1929 1284.1454 1273.0979 1262.0504 1260.2937 1269.2597 1278.2257 1287.1917 1296.1576 1305.1236 1318.7346 1321.9644 1325.1942 1328.424 1331.6539 1334.8837 1326.9291 1327.2746 1329.156 1331.0374 1332.9187 1334.8001 1335.1548 1331.4177 1327.6805 1323.9433 1320.2061 1316.469 1320.7993 1312.8758 1303.7607 1294.6456 1285.5305 1276.4154 1281.2926 1306.1878 1331.0829 1355.9781 1380.8733 1405.7685 1393.0249 1376.5858 1360.1466 1343.7075 1327.2684 1315.2028 1325.3316 1336.8489 1348.3661 1359.8833 1371.4005 1377.7252 1384.0322 1390.3393 1396.6463 1402.9534 1409.2604
-9999 1311.2302 1300.1827 1289.1352 1278.0878 1267.0403 1262.0268 1267.8542 1276.4618 1285.4278 1294.3938 1303.3598 1312.3258 1312.6133 1303.7547 1306.9845 1310.2144 1313.4442 1316.674 1319.4961 1321.3775 1323.2589 1325.1402 1327.0216 1328.1124 1326.8501 1326.1012 1322.3641 1318.6269 1314.8897 1311.1525 1305.5785 1296.4633 1287.3482 1278.2331 1269.118 1262.4622 1278.9558 1312.286 1337.1812 1362.0764 1386.9715 1411.8667 1409.357 1391.1879 1374.7488 1358.3096 1341.8705 1325.4314 1326.496 1337.9137 1349.4309 1360.9481 1372.4653 1379.4613 1376.1559 1382.463 1388.77 1395.0771 1401.3841
-9999 1307.7892 1296.7418 1285.6943 1274.6468 1274.8678 1278.624 1284.4515 1292.6695 1301.0126 1309.9786 1318.9446 1327.9106 1328.1981 1311.1064 1295.5132 1298.743 1301.9728 1305.2027 1308.0247 1309.9061 1311.7875 1313.6689 1313.4471 1311.3681 1310.1058 1311.0326 1311.7259 1307.9887 1304.2516 1300.5144 1294.9403 1285.8252 1276.7101 1267.595 1263.2872 1261.7659 1278.2595 1320.5263 1358.8425 1383.7377 1408.6329 1433.5281 1431.0184 1408.8077 1389.1101 1372.6709 1356.2318 1339.7926 1340.8573 1344.9471 1354.5625 1366.0797 1377.597 1384.5929 1375.9279 1368.9896 1375.2967 1381.6037 1387.9108
-9999 1304.3483 1293.3008 1283.9527 1287.7089 1291.4651 1295.2213 1301.0488 1309.2668 1317.4848 1325.7028 1334.5294 1343.4954 1343.7829 1326.6912 1309.5996 1292.5079 1290.5015 1293.7313 1296.5534 1298.4348 1300.3161 1298.7819 1296.7028 1294.6238 1293.3615 1294.2883 1295.2151 1296.1419 1293.6134 1289.8762 1284.3021 1275.187 1266.0719 1264.1123 1262.5909 1261.0695 1277.5632 1319.8299 1362.0967 1404.3634 1430.2943 1455.1894 1452.6798 1430.4691 1408.2584 1387.0322 1370.5931 1354.1539 1355.2186 1359.3084 1363.3982 1371.2114 1382.7286 1389.7246 1381.0596 1372.3946 1363.7296 1368.1304 1374.4374
-9999 1300.9073 1296.7937 1300.5499 1304.3061 1308.0624 1311.8186 1317.646 1325.864 1334.082 1342.3 1350.518 1359.0802 1359.3677 1342.276 1325.1844 1308.0927 1291.0011 1282.2599 1285.082 1286.1957 1284.1166 1282.0376 1279.9585 1277.8795 1276.6172 1277.544 1278.4708 1279.3976 1280.3244 1279.2381 1273.664 1266.4587 1264.9373 1263.416 1261.8946 1260.3732 1276.8669 1319.1336 1361.4004 1403.6671 1445.9339 1476.8508 1474.3411 1452.1304 1429.9197 1407.709 1385.4983 1368.5152 1369.5799 1373.6697 1377.7595 1381.8493 1387.8603 1394.8562 1386.1912 1377.5262 1368.8612 1360.1962 1360.9641
-9999 1305.241 1308.9972 1312.7534 1316.5096 1320.2659 1324.0221 1332.1395 1340.3575 1348.5755 1356.7935 1365.0115 1373.2295 1372.7309 1355.6393 1338.5476 1321.456 1304.3643 1287.2727 1274.7206 1272.6416 1270.5626 1268.4835 1266.4045 1264.3254 1264.7983 1265.7251 1266.6519 1267.5787 1268.5055 1269.4323 1269.5228 1268.0015 1266.4801 1264.9587 1263.4373 1261.9159 1277.9585 1320.2253 1362.492 1404.7588 1447.0255 1489.2922 1491.9898 1469.7791 1447.5684 1425.3577 1403.147 1380.9363 1381.1505 1385.2403 1389.3301 1393.4199 1397.5098 1397.1924 1388.5274 1379.8624 1371.1974 1362.5324 1353.8674
-9999 1295.5906 1299.3468 1303.103 1306.8592 1311.0643 1324.9268 1336.1691 1344.3871 1352.6051 1360.8231 1369.0411 1365.1224 1360.1181 1355.249 1340.8613 1323.7697 1306.678 1289.5864 1277.0343 1274.9553 1272.8763 1270.7972 1268.7182 1275.5557 1281.3235 1279.19 1279.3313 1280.2581 1281.1849 1282.1117 1282.2023 1280.6809 1279.1595 1277.6381 1276.1168 1272.661 1287.9432 1330.2099 1372.4767 1414.7434 1453.6195 1455.6375 1461.7314 1467.4694 1445.2587 1423.048 1400.8373 1378.6266 1378.8408 1382.9306 1387.0204 1391.1102 1390.1733 1385.6244 1376.9594 1368.2944 1359.6294 1350.7492 1337.4131
-9999 1285.9402 1289.6964 1293.4526 1301.2312 1315.0938 1328.9564 1340.1986 1348.4166 1356.6346 1361.3065 1356.2347 1351.1629 1346.1586 1341.2895 1336.4204 1326.0834 1308.9917 1291.9001 1279.348 1277.269 1275.19 1274.8101 1283.5259 1292.2417 1298.0095 1295.876 1293.7425 1292.9375 1293.8643 1294.7911 1294.8817 1293.3603 1291.8389 1289.805 1286.2254 1282.6457 1297.9279 1340.1946 1382.4614 1409.785 1411.8029 1413.8209 1419.9148 1428.9389 1437.9629 1420.7383 1398.5276 1376.3169 1376.531 1380.6209 1384.7107 1381.9659 1378.6053 1374.0563 1365.3913 1356.7263 1346.7127 1333.3766 1320.0404
-9999 1276.2897 1280.0459 1291.3982 1305.2608 1319.1233 1332.9859 1344.2282 1352.4462 1352.4188 1347.347 1342.2752 1337.2034 1332.1992 1327.33 1322.4609 1317.5918 1311.3054 1294.2138 1281.6617 1279.5827 1282.7803 1291.4961 1300.2119 1308.9277 1314.6955 1312.562 1310.4285 1308.295 1306.5438 1307.4706 1307.5611 1306.0398 1303.3694 1299.7897 1296.21 1292.6304 1307.9126 1350.1793 1365.9504 1367.9684 1369.9863 1372.0043 1378.0982 1387.1223 1396.1463 1405.1704 1396.2178 1374.0071 1374.2213 1377.1192 1373.7586 1370.3979 1367.0372 1362.4882 1353.8232 1342.6762 1329.3401 1316.0039 1302.6678
-9999 1267.7025 1281.5651 1295.4277 1309.2903 1323.1529 1337.0155 1348.2577 1343.5311 1338.4593 1333.3875 1328.3158 1323.244 1318.2397 1313.3706 1308.5015 1303.6323 1298.7632 1293.8941 1283.9754 1290.7506 1299.4664 1308.1821 1316.8979 1325.6137 1331.3815 1329.248 1327.1145 1324.981 1322.8475 1320.714 1320.2406 1316.9337 1313.3541 1309.7744 1306.1947 1302.615 1317.8972 1322.1158 1324.1338 1326.1518 1328.1697 1330.1877 1336.2816 1345.3056 1354.3297 1363.3538 1372.3778 1371.6974 1368.9119 1365.5512 1362.1905 1358.8298 1355.4691 1350.9202 1338.6397 1325.3036 1311.9674 1298.6313 1285.2952
-9999 1277.3794 1291.242 1305.1046 1318.9672 1332.8298 1343.5654 1348.6101 1347.8657 1342.7939 1337.7221 1332.6503 1327.5786 1322.3247 1317.0542 1312.1851 1307.3159 1302.4468 1297.5777 1296.8165 1305.5323 1314.2481 1322.9638 1331.6796 1337.4334 1332.8012 1341.3383 1339.2048 1337.0712 1334.9377 1332.8042 1330.1768 1326.5971 1323.0174 1319.4378 1315.8581 1311.579 1311.6798 1316.7452 1318.7632 1320.7811 1322.7991 1324.8171 1325.8645 1332.7777 1341.8018 1350.8258 1359.8499 1368.8739 1364.9124 1361.5517 1358.191 1354.8303 1351.4696 1349.4859 1345.6072 1332.2711 1318.935 1305.5989 1292.2627
-9999 1290.2625 1304.1251 1317.9877 1331.8503 1339.1247 1343.9822 1349.027 1354.2879 1357.515 1352.4432 1347.3714 1342.2996 1337.0457 1331.4271 1325.8856 1321.0165 1316.1474 1311.2782 1310.517 1319.2328 1327.9486 1336.6644 1334.7809 1322.38 1317.7477 1333.9375 1348.6857 1346.5522 1344.4187 1342.2852 1339.6577 1336.078 1332.4984 1328.9187 1323.7467 1317.5327 1317.6335 1326.7685 1334.0849 1336.1028 1338.1208 1340.1388 1341.1862 1341.536 1345.9026 1354.9266 1363.9507 1372.9748 1368.8875 1362.5343 1358.4886 1355.1279 1351.7672 1349.7835 1352.5692 1353.0578 1339.7217 1326.3856 1313.0494
-9999 1303.1457 1317.0083 1329.8266 1334.684 1339.5415 1344.399 1349.4438 1354.7047 1359.9657 1365.2267 1362.0925 1357.0207 1351.7668 1346.1482 1340.5296 1334.911 1329.8479 1324.9788 1324.2175 1332.9333 1341.6491 1332.1284 1319.7275 1307.3265 1302.6943 1318.8841 1335.0739 1351.2637 1353.8996 1351.7661 1349.1387 1345.559 1341.9793 1335.9143 1329.7003 1323.4863 1323.5871 1332.7222 1341.8572 1350.9922 1353.4425 1355.4604 1356.5079 1356.8577 1357.2075 1359.0274 1368.0515 1377.0756 1372.9883 1366.6351 1360.2818 1355.4255 1352.0648 1350.0811 1352.8668 1355.6526 1358.4384 1347.1723 1333.8362
-9999 1316.0289 1325.3859 1330.2434 1335.1008 1339.9583 1344.8158 1349.8606 1355.1216 1360.3825 1365.6435 1370.9045 1371.7418 1366.4879 1360.8693 1355.2507 1349.6321 1344.0134 1338.6793 1337.918 1341.8769 1329.4759 1317.075 1304.674 1292.2731 1287.6408 1303.8306 1320.0204 1336.2102 1352.4 1361.2471 1358.6196 1354.296 1348.082 1341.868 1335.654 1329.44 1329.5408 1338.6758 1347.8109 1356.9459 1366.0809 1370.7821 1371.8296 1372.1794 1372.5292 1372.879 1373.2288 1381.1764 1377.0891 1370.7359 1364.3826 1358.0294 1352.3624 1350.3787 1353.1644 1355.9502 1358.736 1361.5217 1354.6229
-9999 1323.9998 1328.8573 1333.7148 1338.5722 1343.4297 1348.2872 1347.7211 1352.982 1358.243 1363.504 1368.765 1374.026 1375.9205 1370.3018 1364.6832 1359.0646 1353.446 1347.8274 1340.1579 1327.7569 1315.356 1302.955 1290.5541 1278.1531 1272.3708 1288.3654 1304.5552 1320.745 1336.9348 1353.1246 1361.662 1355.448 1349.234 1343.02 1336.806 1330.592 1329.3378 1338.4728 1347.6079 1356.7429 1365.8779 1375.013 1384.0594 1384.4092 1384.759 1385.1088 1385.4586 1385.8084 1378.5776 1372.2244 1365.8711 1359.5179 1353.1647 1349.3739 1352.2552 1355.041 1357.8268 1360.6125 1363.3983
-9999 1339.0339 1343.8913 1348.7488 1353.6063 1356.9281 1350.6481 1345.8922 1342.8954 1346.4269 1351.6879 1356.9489 1362.2099 1364.1482 1359.4326 1354.0968 1348.4782 1342.8596 1337.241 1329.5715 1317.1705 1304.7696 1292.3686 1279.9676 1285.0101 1287.66 1279.7172 1287.5315 1303.7213 1319.9111 1336.1009 1344.6383 1338.4243 1332.2103 1325.9963 1320.2947 1331.0502 1332.0105 1318.9572 1324.0999 1333.2349 1342.37 1351.505 1366.338 1384.9353 1385.2851 1385.6349 1385.9847 1386.3345 1374.9806 1363.8245 1357.4713 1351.118 1344.7648 1340.9741 1346.0595 1349.5638 1352.3495 1355.1353 1357.9211
-9999 1354.0679 1358.9254 1363.7828 1362.8239 1356.5438 1350.2638 1345.5079 1342.5111 1339.5143 1339.8719 1345.1328 1350.3938 1352.3321 1347.6166 1342.901 1337.8918 1332.2732 1326.6545 1318.985 1306.5841 1294.1831 1287.0955 1293.6974 1300.2993 1302.9491 1295.0063 1287.0635 1286.6976 1302.8874 1319.0772 1327.6146 1321.4006 1315.1866 1315.2372 1325.9927 1336.7483 1337.7085 1324.6552 1311.6019 1309.727 1318.862 1327.9971 1342.8301 1361.7593 1380.6885 1386.161 1386.5108 1386.8606 1375.5067 1362.13 1349.0714 1342.7182 1336.3649 1332.5742 1337.6596 1342.7451 1346.8723 1349.6581 1352.4438
-9999 1369.1019 1373.9594 1368.7196 1362.4396 1356.1595 1349.8795 1345.1236 1342.1268 1339.13 1336.1332 1333.3168 1338.5778 1340.5161 1335.8005 1331.0849 1326.3694 1321.6538 1316.0681 1308.3986 1295.9977 1295.7827 1302.3846 1308.9866 1315.5885 1318.2383 1310.2955 1302.3527 1294.4099 1286.4671 1302.0535 1310.5909 1304.3769 1310.1797 1320.9352 1331.6908 1342.4463 1343.4066 1330.3533 1317.3 1304.2467 1295.3541 1304.4891 1319.3221 1338.2514 1357.1806 1376.1098 1387.0369 1387.3867 1376.0328 1362.6561 1349.2795 1335.9028 1327.9651 1324.1743 1329.2598 1334.3452 1339.4306 1344.1809 1346.9666
-9999 1380.8954 1374.6153 1368.3353 1362.0553 1355.7752 1349.4952 1344.7393 1341.7425 1338.7457 1335.7489 1332.7521 1329.7552 1328.7 1323.9844 1319.2689 1314.5533 1309.8377 1305.1222 1297.868 1304.47 1311.0719 1317.6738 1324.2757 1330.8777 1333.5275 1325.5847 1317.6419 1309.6991 1301.7563 1293.8135 1294.3667 1305.1222 1315.8777 1326.6333 1337.3888 1348.1444 1349.1046 1336.0513 1322.998 1309.9448 1296.8915 1283.8382 1295.8142 1314.7434 1333.6726 1352.6018 1371.5311 1387.9128 1376.5588 1363.1822 1349.8056 1336.4289 1323.0523 1315.7745 1320.8599 1325.9454 1331.0308 1336.1162 1341.2017
-9999 1375.2064 1368.9263 1362.6463 1356.3662 1350.0862 1344.1378 1351.0502 1363.7293 1360.7325 1357.7356 1354.7388 1351.742 1343.8202 1329.2523 1324.5368 1319.8212 1315.1056 1310.3901 1309.0968 1315.6987 1322.3006 1328.9025 1335.5045 1339.0911 1336.7466 1332.1144 1324.1716 1316.2288 1308.286 1300.3432 1298.7871 1309.5427 1320.2982 1331.0538 1341.8093 1348.3233 1353.8386 1355.9412 1342.8879 1329.8346 1316.7813 1303.728 1299.4008 1310.6738 1329.6031 1348.5323 1367.4615 1386.3907 1385.9199 1374.0891 1360.7125 1347.3359 1333.9592 1320.6607 1311.4285 1316.5139 1321.5994 1326.6848 1331.7702
