P2_models/J1_p2__temp2_slide_200.dat.tif
NCOLS 118
NROWS 92
XLLCORNER 139.62
YLLCORNER -39.07
DX 0.099491525
DY 0.099347826
NODATA_VALUE -9999
[rows 54 to 80 of 92, columns 0 to 59 of 118]
-9999 1326.9877 1326.1027 1325.2178 1324.3328 1309.5826 1293.6721 1286.0906 1288.1218 1290.1531 1292.1844 1311.8478 1336.1531 1347.144 1331.4721 1315.8002 1325.4134 1337.3816 1349.3498 1352.1277 1333.7036 1315.2794 1296.8552 1285.0309 1276.1722 1269.4475 1268.4425 1267.4374 1263.3704 1258.9395 1254.5086 1257.9617 1276.6129 1295.264 1313.9151 1330.6628 1346.9025 1359.5571 1367.0828 1374.6085 1382.1341 1371.0398 1358.3135 1355.8936 1360.8828 1357.7996 1334.4079 1311.0162 1287.6245 1296.2523 1310.4138 1324.5754 1332.1928 1332.7507 1332.6741 1330.4 1328.1259 1325.8518 1325.144 1324.7073
-9999 1349.2386 1348.3536 1343.7581 1327.8476 1311.9371 1296.0266 1288.4451 1290.4764 1295.0864 1319.3917 1343.697 1368.0023 1378.9932 1363.3213 1347.6494 1331.9775 1333.2306 1345.1987 1347.9767 1329.5525 1311.1284 1302.1973 1293.3386 1284.4798 1277.7551 1276.7501 1275.7451 1274.74 1271.6349 1267.204 1270.6571 1289.3082 1307.7903 1324.03 1340.2697 1356.5094 1369.164 1376.6897 1380.6012 1367.8748 1355.1485 1342.4222 1340.0022 1344.9915 1349.9807 1353.6334 1330.2417 1306.8501 1315.4778 1329.6393 1334.3234 1334.8812 1335.4391 1335.3625 1333.0885 1330.9394 1330.5027 1330.066 1329.6293
-9999 1371.4895 1362.0231 1346.1126 1330.2021 1314.2916 1298.3812 1290.7997 1302.6303 1326.9356 1351.2409 1375.5462 1399.8515 1410.8424 1395.1705 1379.4986 1363.8267 1348.1548 1341.0477 1343.8257 1328.2224 1319.3637 1310.5049 1301.6462 1292.7875 1286.0628 1285.0577 1284.0527 1283.0477 1282.0426 1279.8993 1283.3525 1301.1575 1317.3972 1333.6369 1349.8766 1366.1163 1378.771 1377.4362 1364.7098 1351.9835 1339.2572 1326.5308 1324.1109 1329.1001 1334.0894 1339.0786 1344.0679 1326.0756 1334.7033 1336.454 1337.0118 1337.5697 1338.1275 1338.051 1336.2982 1335.8615 1335.4248 1334.9881 1334.5514
-9999 1376.3419 1360.4314 1344.5209 1328.6104 1312.6999 1296.7894 1294.8381 1319.1434 1343.4487 1367.754 1392.0593 1416.3646 1433.6144 1417.9425 1402.2706 1386.5987 1370.9268 1355.2549 1341.6432 1332.7844 1323.9257 1315.067 1306.2083 1297.3495 1293.015 1291.8679 1290.8628 1289.8578 1288.8528 1287.8477 1292.733 1308.9727 1325.2124 1341.4521 1357.6918 1373.9315 1382.211 1369.4847 1356.7583 1344.032 1331.3057 1318.5793 1309.858 1314.8472 1319.8365 1324.8257 1329.815 1334.8042 1339.0585 1339.6163 1340.1742 1340.732 1341.2899 1343.4511 1343.4824 1343.0457 1342.609 1342.1723 1341.7356
-9999 1361.2719 1345.3614 1329.451 1313.5405 1298.0525 1285.5394 1281.4088 1286.9526 1307.5819 1331.8872 1356.1925 1380.4978 1398.4018 1403.4868 1394.0397 1378.3678 1362.6959 1347.024 1333.4123 1324.5536 1315.6948 1306.8361 1297.9774 1300.9644 1302.2177 1295.4786 1292.5584 1291.5533 1290.5483 1289.5433 1294.4285 1310.6682 1326.9079 1343.1476 1359.0224 1353.9703 1360.2565 1382.7639 1375.925 1363.1986 1350.4723 1337.7459 1322.5284 1306.1903 1311.1795 1316.1688 1321.158 1326.1472 1336.5786 1344.3974 1344.9552 1345.5131 1346.071 1348.2321 1355.947 1357.9562 1357.5195 1357.0828 1356.6462
-9999 1346.202 1330.2915 1314.381 1300.0944 1287.5813 1275.0682 1270.9375 1276.4813 1282.0251 1296.0204 1320.3257 1344.631 1362.535 1367.62 1372.705 1370.137 1354.465 1338.7931 1325.1814 1316.3227 1307.464 1301.6964 1305.9317 1310.1671 1311.4204 1304.6813 1297.9422 1293.2489 1292.2439 1291.2388 1296.124 1312.3637 1328.6035 1337.8944 1332.8423 1327.7901 1334.0764 1356.5838 1379.0911 1382.3652 1369.6389 1356.9126 1341.695 1324.6865 1307.678 1307.5118 1312.5011 1317.4903 1327.9216 1339.2935 1349.7363 1350.2942 1350.852 1353.0132 1360.7281 1368.4429 1372.4301 1371.9934 1371.5567
-9999 1331.132 1315.2215 1302.1362 1289.6231 1277.11 1264.5969 1260.4663 1266.0101 1271.5539 1277.0977 1284.459 1308.7643 1326.6682 1331.7533 1336.8383 1341.9233 1346.2342 1330.5623 1316.9506 1308.0919 1306.6637 1310.8991 1315.1344 1319.3698 1320.6231 1313.884 1307.1449 1300.4058 1293.9394 1292.9344 1297.8196 1314.0593 1316.7664 1311.7143 1306.6622 1301.61 1307.8962 1330.4036 1352.911 1375.4184 1388.8055 1376.0792 1360.8616 1343.8531 1326.8446 1309.8361 1303.8441 1308.8333 1319.2647 1330.6366 1342.0084 1353.3803 1355.6331 1357.7943 1365.5091 1373.224 1380.9388 1386.904 1386.4673
-9999 1316.6912 1304.1781 1291.665 1279.1519 1266.6388 1254.1257 1249.995 1255.5388 1261.0826 1266.6264 1272.1702 1277.714 1290.8015 1295.8865 1300.9715 1306.0565 1311.1415 1316.2265 1308.7197 1311.6311 1315.8664 1320.1018 1324.3371 1328.5725 1329.8258 1323.0867 1316.3476 1309.6085 1302.8694 1296.1303 1299.5151 1295.6384 1290.5863 1285.5342 1280.482 1275.4299 1281.7161 1304.2235 1326.7309 1349.2382 1371.7456 1394.253 1380.0282 1363.0197 1346.0112 1329.0027 1311.9942 1300.1764 1310.6077 1321.9796 1333.3515 1344.7234 1356.0953 1362.5753 1370.2902 1378.005 1385.7199 1393.4348 1401.1496
-9999 1307.5859 1295.0728 1282.5597 1270.0466 1257.5335 1251.4851 1257.7031 1265.1574 1270.7012 1276.245 1281.7888 1287.3326 1285.1967 1276.838 1281.9231 1287.0081 1292.0931 1297.1781 1302.0062 1306.2415 1310.4769 1314.7122 1318.9476 1322.435 1323.2644 1321.9593 1315.2201 1308.481 1301.7419 1295.0028 1288.8399 1283.7877 1278.7356 1273.6834 1268.6313 1263.3114 1276.6741 1308.1076 1330.615 1353.1224 1375.6297 1398.1371 1393.4588 1374.2882 1357.2796 1340.2711 1323.2626 1306.2541 1310.2309 1321.5523 1332.9242 1344.296 1355.6679 1363.4833 1363.3535 1371.0684 1378.7832 1386.4981 1394.2129
-9999 1299.0747 1286.5616 1274.0485 1261.5354 1261.0953 1264.4427 1270.6607 1280.1917 1289.0558 1294.5996 1300.1434 1305.6872 1303.5513 1286.0365 1270.1881 1275.2731 1280.3581 1285.4431 1290.2712 1294.5066 1298.7419 1302.9773 1305.2231 1305.7119 1306.5413 1308.2832 1309.6006 1302.8615 1296.1223 1289.3832 1283.2203 1278.1682 1273.116 1268.0639 1262.4884 1256.6097 1269.9724 1310.8627 1347.5725 1370.0799 1392.5873 1415.0947 1410.4163 1386.1945 1365.1135 1348.105 1331.0965 1314.088 1318.0648 1325.6685 1336.0755 1347.4473 1358.8192 1366.6346 1362.1309 1359.0362 1366.7511 1374.466 1382.1808
-9999 1290.5634 1278.0503 1267.3579 1270.7054 1274.0529 1277.4003 1283.6184 1293.1493 1302.6803 1312.2112 1318.498 1324.0418 1321.9059 1304.3911 1286.8763 1269.3615 1268.6232 1273.7082 1278.5363 1282.7716 1287.007 1288.0112 1288.5 1288.9888 1289.8182 1291.5601 1293.302 1295.044 1290.5028 1283.7637 1277.6008 1272.5486 1267.4965 1261.6654 1255.7866 1249.9079 1263.2706 1304.1609 1345.0512 1385.9416 1409.5449 1432.0523 1427.3739 1403.1521 1378.9303 1355.9389 1338.9304 1321.9219 1325.8987 1333.5024 1341.106 1350.5987 1361.9705 1369.786 1365.2822 1360.7784 1356.2747 1362.4338 1370.1487
-9999 1282.0522 1276.968 1280.3155 1283.663 1287.0105 1290.3579 1296.576 1306.1069 1315.6379 1325.1688 1334.6998 1342.3964 1340.2606 1322.7457 1305.2309 1287.7161 1270.2013 1261.9732 1266.8013 1270.3104 1270.7992 1271.288 1271.7769 1272.2657 1273.095 1274.837 1276.5789 1278.3209 1280.0628 1278.1441 1271.9812 1266.7212 1260.8424 1254.9636 1249.0849 1243.2061 1256.5688 1297.4591 1338.3494 1379.2398 1420.1301 1449.0098 1444.3315 1420.1097 1395.8878 1371.666 1347.4442 1329.7558 1333.7326 1341.3363 1348.9399 1356.5435 1365.1219 1372.9373 1368.4335 1363.9297 1359.426 1354.9222 1358.1166
-9999 1282.7884 1286.1359 1289.4834 1292.8308 1296.1783 1299.5258 1309.1069 1318.6378 1328.1688 1337.6997 1347.2307 1356.7617 1356.2726 1338.7578 1321.243 1303.7281 1286.2133 1268.6985 1256.6277 1257.1165 1257.6054 1258.0942 1258.583 1259.0719 1260.1905 1261.9325 1263.6744 1265.4163 1267.1583 1268.9002 1268.0392 1262.1604 1256.2817 1250.4029 1244.5241 1238.6453 1252.3541 1293.2444 1334.1348 1375.0251 1415.9154 1456.8058 1460.192 1435.9701 1411.7483 1387.5265 1363.3047 1339.0829 1341.9967 1349.6004 1357.204 1364.8076 1372.4113 1374.6344 1370.1306 1365.6269 1361.1231 1356.6193 1352.1156
-9999 1273.1066 1276.4541 1279.8016 1283.1491 1287.1557 1305.3453 1319.5154 1329.0464 1338.5773 1348.1083 1357.6393 1349.4208 1342.0495 1339.7516 1325.6032 1308.0884 1290.5736 1273.0588 1260.988 1261.4768 1261.9656 1262.4545 1262.9433 1270.6503 1275.7878 1269.963 1269.7629 1271.5048 1273.2468 1274.9887 1274.1277 1268.2489 1262.3701 1256.4914 1250.6126 1246.2178 1260.5099 1301.4002 1342.2906 1383.1809 1421.4615 1431.3725 1440.799 1446.3738 1422.152 1397.9302 1373.7084 1349.4866 1352.4004 1360.0041 1367.6077 1375.2113 1374.1609 1369.0988 1364.595 1360.0912 1355.5875 1351.0368 1345.5146
-9999 1263.4248 1266.7723 1270.1198 1279.3746 1297.5642 1315.7539 1329.924 1339.4549 1348.9859 1353.3308 1343.426 1333.5212 1326.1499 1323.852 1321.554 1312.4487 1294.9338 1277.419 1265.3482 1265.8371 1266.3259 1268.1903 1277.4178 1286.6453 1291.7828 1285.958 1280.1332 1277.5933 1279.3352 1281.0772 1280.2161 1274.3374 1268.4586 1262.973 1258.6733 1254.3736 1268.6657 1309.556 1350.4464 1379.835 1389.7461 1399.6572 1409.0837 1418.1618 1427.24 1408.3339 1384.1121 1359.8903 1362.8041 1370.4078 1378.0114 1373.8485 1368.6252 1363.5631 1359.0593 1354.5556 1349.7578 1344.2356 1338.7135
-9999 1253.7431 1257.0906 1271.5935 1289.7831 1307.9728 1326.1625 1340.3325 1349.8635 1347.336 1337.4312 1327.5264 1317.6216 1310.2503 1307.9523 1305.6544 1303.3565 1299.2941 1281.7793 1269.7085 1270.1973 1274.9578 1284.1853 1293.4128 1302.6403 1307.7778 1301.953 1296.1282 1290.3034 1285.4237 1287.1657 1286.3046 1280.4259 1275.4285 1271.1288 1266.8291 1262.5294 1276.8215 1317.7118 1338.2086 1348.1197 1358.0307 1367.9418 1377.3683 1386.4465 1395.5246 1404.6028 1394.5158 1370.294 1373.2078 1378.7595 1373.5362 1368.3129 1363.0895 1358.0274 1353.5237 1348.4788 1342.9566 1337.4345 1331.9124
-9999 1245.6227 1263.8124 1282.002 1300.1917 1318.3814 1336.571 1350.7411 1341.3411 1331.4363 1321.5315 1311.6268 1301.722 1294.3506 1292.0527 1289.7548 1287.4569 1285.1589 1282.861 1274.0688 1281.7253 1290.9528 1300.1803 1309.4078 1318.6353 1323.7728 1317.948 1312.1232 1306.2984 1300.4736 1294.6487 1292.3931 1287.8841 1283.5843 1279.2846 1274.9849 1270.6852 1284.9773 1296.5822 1306.4932 1316.4043 1326.3154 1336.2264 1345.653 1354.7311 1363.8093 1372.8875 1381.9656 1380.6977 1378.4471 1373.2238 1368.0005 1362.7772 1357.5539 1352.4918 1347.1998 1341.6777 1336.1555 1330.6334 1325.1112
-9999 1257.6731 1275.8628 1294.0524 1312.2421 1330.4317 1344.4897 1348.6856 1343.6734 1333.7686 1323.8639 1313.9591 1304.0543 1296.5573 1294.0572 1291.7593 1289.4614 1287.1635 1284.8655 1286.0527 1295.2803 1304.5078 1313.7353 1322.9628 1329.4017 1325.6587 1331.8316 1326.0068 1320.182 1314.3572 1308.5324 1303.2285 1298.9288 1294.6291 1290.3293 1286.0296 1282.4053 1284.7018 1293.8347 1303.7458 1313.6569 1323.5679 1333.479 1336.4772 1342.8665 1351.9447 1361.0229 1370.101 1379.1792 1379.5812 1374.3579 1369.1346 1363.9113 1358.688 1354.2964 1351.1276 1345.6055 1340.0833 1334.5612 1329.0391
-9999 1270.6556 1288.8453 1307.0349 1325.2246 1334.7092 1341.0003 1345.1962 1346.974 1346.4522 1336.5474 1326.6426 1316.7378 1309.2408 1306.5655 1303.929 1301.6311 1299.3331 1297.0352 1298.2224 1307.4499 1316.6774 1325.9049 1325.1538 1314.5009 1310.7579 1325.5353 1338.6917 1332.8669 1327.0421 1321.2173 1315.9134 1311.6137 1307.314 1303.0142 1300.2522 1298.4965 1300.7929 1308.8868 1317.4449 1327.356 1337.2671 1347.1782 1350.1764 1348.2051 1351.3504 1360.4286 1369.5067 1378.5849 1379.1692 1378.2855 1374.0555 1368.8322 1363.6089 1359.2173 1357.7068 1355.6247 1350.1026 1344.5804 1339.0583
-9999 1283.6381 1301.8278 1318.6375 1324.9287 1331.2198 1337.5109 1341.7069 1343.4847 1345.2625 1347.0403 1339.3262 1329.4214 1321.9244 1319.249 1316.5737 1313.8984 1311.5028 1309.2049 1310.3921 1319.6196 1328.8471 1320.9058 1310.253 1299.6001 1295.8571 1310.6345 1325.4118 1340.1892 1339.727 1333.9022 1328.5983 1324.2986 1319.9989 1318.0992 1316.3434 1314.5876 1316.8841 1324.9779 1333.0717 1341.1656 1350.9662 1360.8773 1363.8755 1361.9042 1359.9329 1359.8343 1368.9125 1377.9906 1378.5749 1377.6912 1376.8075 1373.753 1368.5297 1364.1382 1362.6277 1361.1172 1359.6067 1354.5997 1349.0775
-9999 1296.6206 1308.8571 1315.1482 1321.4393 1327.7304 1334.0216 1338.2175 1339.9953 1341.7731 1343.5509 1345.3287 1342.105 1334.6079 1331.9326 1329.2573 1326.5819 1323.9066 1321.3745 1322.5617 1327.3108 1316.6579 1306.005 1295.3521 1284.6993 1280.9563 1295.7336 1310.511 1325.2884 1340.0657 1346.5871 1341.2832 1337.7019 1335.9462 1334.1904 1332.4346 1330.6788 1332.9753 1341.0691 1349.1629 1357.2567 1365.3505 1374.5765 1377.5747 1375.6034 1373.6321 1371.6607 1369.6894 1377.3963 1377.9806 1377.0969 1376.2132 1375.3295 1373.4506 1369.0591 1367.5486 1366.0381 1364.5276 1363.0171 1359.0968
-9999 1302.4338 1308.7249 1315.016 1321.3072 1327.5983 1333.8894 1334.2658 1336.0436 1337.8214 1339.5992 1341.377 1343.1548 1343.5491 1340.8737 1338.1984 1335.5231 1332.8477 1330.1724 1325.0848 1314.4319 1303.779 1293.1261 1282.4732 1271.8204 1267.1262 1281.748 1296.5254 1311.3027 1326.0801 1340.8574 1349.9876 1348.2318 1346.4761 1344.7203 1342.9645 1341.2088 1339.2078 1347.3016 1355.3954 1363.4893 1371.5831 1379.6769 1387.4774 1385.506 1383.5347 1381.5634 1379.5921 1377.6207 1375.5826 1374.6989 1373.8152 1372.9315 1372.0478 1370.4159 1368.7926 1367.2821 1365.7716 1364.2611 1362.7506
-9999 1315.0099 1321.301 1327.5921 1333.8832 1339.2558 1338.8846 1336.4746 1331.7118 1332.1198 1333.8975 1335.6753 1337.4531 1337.8644 1335.5389 1332.9732 1330.2978 1327.6225 1324.9472 1319.8596 1309.2067 1298.5538 1287.9009 1277.248 1280.3888 1282.3625 1277.903 1286.004 1300.7813 1315.5587 1330.336 1339.4662 1337.7105 1335.9547 1334.1989 1332.8834 1345.7094 1344.0583 1321.6957 1324.3095 1332.4033 1340.4971 1348.5909 1362.8 1381.0376 1379.0663 1377.095 1375.1237 1373.1523 1368.9166 1365.4731 1364.5894 1363.7057 1362.822 1361.1901 1356.9663 1354.608 1353.0975 1351.587 1350.0766
-9999 1327.5859 1333.8771 1340.1682 1342.98 1342.6088 1342.2375 1339.8276 1335.0647 1330.3019 1328.1959 1329.9737 1331.7515 1332.1627 1329.8373 1327.5118 1325.0726 1322.3973 1319.7219 1314.6343 1303.9814 1293.3285 1286.8772 1291.2512 1295.6252 1297.5989 1293.1393 1288.6797 1290.2599 1305.0373 1319.8147 1328.9448 1327.1891 1325.4333 1329.0606 1341.8866 1354.7126 1353.0615 1330.6989 1308.3362 1301.3174 1309.4112 1317.505 1331.7141 1350.3193 1368.9246 1372.6266 1370.6553 1368.6839 1364.4482 1359.8212 1355.3636 1354.4799 1353.5962 1351.9643 1347.7405 1343.5167 1340.4235 1338.913 1337.4025
-9999 1340.162 1346.4531 1346.7042 1346.333 1345.9618 1345.5905 1343.1806 1338.4177 1333.6549 1328.892 1324.272 1326.0498 1326.461 1324.1356 1321.8101 1319.4847 1317.1592 1314.4967 1309.4091 1298.7562 1297.7396 1302.1136 1306.4875 1310.8615 1312.8352 1308.3757 1303.9161 1299.4565 1294.9969 1309.2933 1318.4235 1316.6677 1325.2378 1338.0638 1350.8898 1363.7157 1362.0646 1339.702 1317.3394 1294.9768 1278.3253 1286.4191 1300.6281 1319.2334 1337.8387 1356.4439 1366.1869 1364.2155 1359.9798 1355.3528 1350.7257 1346.0986 1344.3704 1342.7385 1338.5147 1334.2909 1330.0671 1326.2389 1324.7284
-9999 1350.7996 1350.4284 1350.0572 1349.686 1349.3147 1348.9435 1346.5336 1341.7707 1337.0078 1332.245 1327.4821 1322.7192 1320.7594 1318.4339 1316.1085 1313.783 1311.4576 1309.1321 1304.228 1308.6019 1312.9759 1317.3499 1321.7239 1326.0979 1328.0716 1323.612 1319.1524 1314.6928 1310.2333 1305.7737 1308.589 1321.415 1334.241 1347.0669 1359.8929 1372.7189 1371.0678 1348.7052 1326.3426 1303.98 1281.6174 1259.2548 1269.5422 1288.1475 1306.7527 1325.358 1343.9633 1359.7471 1355.5114 1350.8844 1346.2573 1341.6302 1337.0032 1333.5127 1329.2889 1325.0651 1320.8413 1316.6176 1312.3938
-9999 1348.6832 1348.312 1347.9407 1347.5695 1347.1983 1345.3659 1354.0101 1366.4048 1361.6419 1356.879 1352.1161 1347.3533 1339.5823 1328.6104 1326.285 1323.9595 1321.6341 1319.3086 1319.009 1323.383 1327.7569 1332.1309 1336.5049 1337.247 1333.0487 1332.1177 1327.6581 1323.1985 1318.7389 1314.2793 1315.7239 1328.5499 1341.3759 1354.2019 1367.0278 1373.0891 1374.7287 1370.3625 1347.9999 1325.6373 1303.2747 1280.9121 1269.6737 1278.4304 1297.0357 1315.641 1334.2462 1352.8515 1361.0714 1358.2328 1353.6057 1348.9786 1344.3516 1336.8223 1322.0394 1317.8156 1313.5919 1309.3681 1305.1443
