P2_models/J1_p2_vp_slide_diff2_220.dat.tif
NCOLS 118
NROWS 92
XLLCORNER 139.62
YLLCORNER -39.07
DX 0.099491525
DY 0.099347826
NODATA_VALUE -9999
[rows 0 to 23 of 92, columns 0 to 52 of 118]
-9999 -9999 -9999 -9999 -9999 -9999 -9999 -9999 -9999 -9999 -9999 -9999 -9999 -9999 -9999 -9999 -9999 -9999 -9999 -9999 -9999 -9999 -9999 -9999 -9999 -9999 -9999 -9999 -9999 -9999 -9999 -9999 -9999 -9999 -9999 -9999 -9999 -9999 -9999 -9999 -9999 -9999 -9999 -9999 -9999 -9999 -9999 -9999 -9999 -9999 -9999 -9999 -9999
-9999 0.069814255 0.070757467 0.07170068 0.072643892 0.073587104 0.073879403 0.074152269 0.071618597 0.066072189 0.060525781 0.054979373 0.049432965 0.046299907 0.047687476 0.048717047 0.049746618 0.05077619 0.051805761 0.053105243 0.055027419 0.056949596 0.058871772 0.060793948 0.062046429 0.058838721 0.054342288 0.04920549 0.044068692 0.038931894 0.033795096 0.032665245 0.03925951 0.045853774 0.052448039 0.059042303 0.061976357 0.058526763 0.061279172 0.06458778 0.067896388 0.071204996 0.074513604 0.073318793 0.065423382 0.056422017 0.047420652 0.038419287 0.029417922 0.025932371 0.020255846 0.014579322 0.0089027971
-9999 0.070402477 0.071345689 0.072288902 0.073232114 0.073018153 0.072079344 0.07235221 0.074023505 0.073431379 0.067884971 0.062338563 0.056792156 0.053659097 0.05535891 0.056912829 0.0579424 0.058971972 0.060001543 0.061301025 0.063223201 0.065145377 0.067067554 0.067123399 0.064224216 0.061016508 0.056981874 0.052736063 0.047599265 0.042462467 0.037325669 0.036195819 0.042790083 0.049384348 0.055978612 0.055761709 0.048498997 0.045049402 0.047055014 0.04953824 0.052846848 0.056155456 0.059464064 0.058269253 0.053836993 0.046790452 0.037789087 0.028787722 0.019786358 0.016444136 0.014079969 0.008806592 0.0031300674
-9999 0.070990699 0.071933911 0.072877124 0.072156903 0.071218094 0.070279286 0.070552152 0.072223447 0.073894741 0.075244162 0.069697754 0.064151346 0.061018287 0.0627181 0.064417913 0.066117726 0.067167753 0.068197325 0.069496807 0.071418983 0.073341159 0.07220037 0.069301187 0.066402004 0.063194295 0.059159661 0.055125026 0.051090392 0.045993041 0.040856243 0.039726392 0.046320656 0.052914921 0.049547062 0.042284349 0.035021636 0.031572042 0.033577654 0.035583265 0.037797308 0.041105916 0.044414524 0.043219714 0.038787453 0.034355193 0.028157523 0.019156158 0.010154793 0.0068125717 0.0044484043 0.002084237 -0.0026426622
-9999 0.071578921 0.072234462 0.071295653 0.070356844 0.069418036 0.068479227 0.068752094 0.070423388 0.072094683 0.073765977 0.075437272 0.071510536 0.068377478 0.07007729 0.071777103 0.073476916 0.075176728 0.076393107 0.077692588 0.079614765 0.07727734 0.074378157 0.071478974 0.068579791 0.065372082 0.061337448 0.057302814 0.053268179 0.049233545 0.044386816 0.043256965 0.04985123 0.043332414 0.036069701 0.028806988 0.021544276 0.018094681 0.020100293 0.022105905 0.024111517 0.026117129 0.029364984 0.028170174 0.023737914 0.019305653 0.014873393 0.009524593 0.00052322811 -0.0028189931 -0.0051831604 -0.0075473278 -0.0099114952
-9999 0.071373212 0.070434403 0.069495595 0.068556786 0.067617978 0.066679169 0.066952035 0.06862333 0.070294624 0.071965919 0.073637213 0.075308508 0.075736668 0.077436481 0.079136293 0.080836106 0.082535919 0.084235731 0.085253493 0.08235431 0.079455127 0.076555944 0.073656761 0.070757578 0.067549869 0.063515235 0.059480601 0.055445966 0.051411332 0.047376698 0.044380479 0.037117766 0.029855053 0.022592341 0.015329628 0.0080669151 0.0046173206 0.0066229326 0.0086285445 0.010634156 0.012639768 0.01464538 0.013120634 0.0086883736 0.0042561135 -0.00017614672 -0.0046084069 -0.0091083367 -0.012450558 -0.014814725 -0.017178893 -0.01954306
-9999 0.071365339 0.07042653 0.069487722 0.068548913 0.067610105 0.066626511 0.066858219 0.068529513 0.070200808 0.071872102 0.073543397 0.075056774 0.076130847 0.076969855 0.078669667 0.08036948 0.082069293 0.083769105 0.084078251 0.081179068 0.078279885 0.075380702 0.072481519 0.06936346 0.067275257 0.067856789 0.063822154 0.05978752 0.055752886 0.051718251 0.046581011 0.039318298 0.032055586 0.024792873 0.01753016 0.0082865537 0.0024743387 0.0044799506 0.0064855625 0.0084911744 0.010496786 0.011830388 0.010399867 0.0065610201 0.0021287599 -0.0023035003 -0.0067357605 -0.011168021 -0.013836941 -0.016201108 -0.018565276 -0.020929443
-9999 0.071641399 0.07070259 0.069763782 0.068824973 0.067818641 0.066803012 0.06703472 0.068706014 0.070377309 0.072048603 0.073458522 0.074780292 0.075854364 0.07643241 0.077010456 0.078663023 0.080362835 0.082062648 0.082371793 0.07947261 0.076573427 0.073674244 0.070394587 0.066907243 0.064819041 0.066480886 0.068142732 0.064471876 0.060437241 0.056402607 0.051265367 0.044002654 0.036739941 0.029477229 0.019216033 0.007939259 0.002127044 0.0041326559 0.0061382679 0.0081438798 0.0092356854 0.010200239 0.0087697169 0.0056174065 0.0020486475 -0.0023836127 -0.0068158729 -0.011248133 -0.013917053 -0.016281221 -0.018645388 -0.020059827
-9999 0.071917459 0.070978651 0.0700264 0.069010771 0.067995142 0.066979513 0.067211221 0.068882515 0.070538501 0.07186027 0.073182039 0.074503809 0.075577881 0.076155927 0.076733973 0.077312019 0.078656378 0.08035619 0.080665336 0.077766153 0.07486697 0.071425715 0.067938371 0.064451027 0.062362824 0.06402467 0.065686516 0.067348361 0.065121597 0.061086963 0.055949722 0.04868701 0.041422287 0.030145513 0.018868739 0.0075919644 0.0017797494 0.0037853613 0.0056764292 0.0066409823 0.0076055355 0.0085700887 0.0071395671 0.0039872566 0.0008349462 -0.0024637251 -0.0068959853 -0.011328245 -0.013997166 -0.016361333 -0.017366945 -0.017576766
-9999 0.072193519 0.07121853 0.070202901 0.069187272 0.068171643 0.067156014 0.067387722 0.068940248 0.070262018 0.071583787 0.072905556 0.074227326 0.075301398 0.075879444 0.07645749 0.077035536 0.077613582 0.078649733 0.078958878 0.075944186 0.072456842 0.068969498 0.065482154 0.061994811 0.059906608 0.061568453 0.063230299 0.064892145 0.066553991 0.065771318 0.060634078 0.052351767 0.041074992 0.029798218 0.018521444 0.0072446698 0.0014324548 0.0030817261 0.0040462793 0.0050108325 0.0059753857 0.0069399389 0.0055094172 0.0023571068 -0.00079520367 -0.0039475141 -0.0070998245 -0.011408358 -0.014077278 -0.014674063 -0.014883884 -0.015093704
-9999 0.072337699 0.07132207 0.070306441 0.069290812 0.068275183 0.067259554 0.067481925 0.068803694 0.070125464 0.071447233 0.072769003 0.074090772 0.074906487 0.075484532 0.076062578 0.076640624 0.07721867 0.077796715 0.077145448 0.073658104 0.070170761 0.066683417 0.063196073 0.059708729 0.056087065 0.057748911 0.059410757 0.061072602 0.062734448 0.064396294 0.06163873 0.050361956 0.039085182 0.027808408 0.016531633 0.0052548592 0.00040887957 0.0013734328 0.0023379859 0.0033025391 0.0042670923 0.0052316455 0.0042303505 0.0010780401 -0.0020742704 -0.0052265808 -0.0083788912 -0.011531202 -0.012174626 -0.012384446 -0.012594267 -0.012804087
-9999 0.071963075 0.070947446 0.069931817 0.068916188 0.067900559 0.067705279 0.068262426 0.069584196 0.070905965 0.072227734 0.073549504 0.075202718 0.075897394 0.074474334 0.074891516 0.075469561 0.076047607 0.076625653 0.075974386 0.072487042 0.068999698 0.065512354 0.062025011 0.059131177 0.054870149 0.046213712 0.046656359 0.048318204 0.04998005 0.051641896 0.048884332 0.037607558 0.026330784 0.01505401 0.0037772353 -0.00062250916 -0.0018115443 -0.00084699116 0.00011756203 0.0010821152 0.0020466684 0.0035173365 0.0035847849 0.0020998739 -0.0010524366 -0.004204747 -0.0073570574 -0.010509368 -0.011152792 -0.011362613 -0.011572433 -0.011782254
-9999 0.071588451 0.070572822 0.069557193 0.068696507 0.068591144 0.06848578 0.069042928 0.070364697 0.071686466 0.07302504 0.074777233 0.076529425 0.077224102 0.075801041 0.074377981 0.074298499 0.074876545 0.07545459 0.074803323 0.071315979 0.067828636 0.064341292 0.061662455 0.05904135 0.054780322 0.046123885 0.037467447 0.035563806 0.037225652 0.038887498 0.036129934 0.02485316 0.013576386 0.0025457978 -0.00014856766 -0.0028429331 -0.0040319683 -0.0030674151 -0.0021028619 -0.0010557357 0.00044264098 0.0019410177 0.002008466 0.0010472383 -3.060278e-05 -0.0031829132 -0.0063352237 -0.0094875341 -0.010130958 -0.010340779 -0.010550599 -0.014351157
-9999 0.071213827 0.070198198 0.069582371 0.069477008 0.069371645 0.069266282 0.069823429 0.071145198 0.072599555 0.074351748 0.07610394 0.077856133 0.078550809 0.077127749 0.075704688 0.074281628 0.073705482 0.074283528 0.073632261 0.070144917 0.066814836 0.064193732 0.061572628 0.058951523 0.054690495 0.046034058 0.03737762 0.028721183 0.024471254 0.0261331 0.023375536 0.012098762 0.0030197393 0.00032537384 -0.0023689916 -0.005063357 -0.0062523922 -0.005287839 -0.0041304312 -0.0026320545 -0.0011336779 0.00036469882 0.00043214718 -0.00052908059 -0.0014903084 -0.0024515361 -0.0053133899 -0.0084657003 -0.0091091245 -0.0093189451 -0.013955985 -0.019235965
-9999 0.070839203 0.070468236 0.070362873 0.070257509 0.070152146 0.070046783 0.07060393 0.07217407 0.073926263 0.075678455 0.077430648 0.07918284 0.079877517 0.078454456 0.077031396 0.075608335 0.074185275 0.073112465 0.072461198 0.069346113 0.066725009 0.064103905 0.061482801 0.058861696 0.054600668 0.045944231 0.037287793 0.028631356 0.019974919 0.013378701 0.010621138 0.0034936808 0.00079931534 -0.0018950501 -0.0045894155 -0.0072837809 -0.0084728161 -0.0072051267 -0.0057067501 -0.0042083734 -0.0027099967 -0.00121162 -0.0011441717 -0.0021053994 -0.0030666272 -0.004027855 -0.0049890827 -0.0074438665 -0.0082808344 -0.013560814 -0.018840794 -0.024120774
-9999 0.070854824 0.070749461 0.070644098 0.070538735 0.070433371 0.070328008 0.071355835 0.073108027 0.07486022 0.076612412 0.078364605 0.080116798 0.080001916 0.078456123 0.077033062 0.075610002 0.074186942 0.072763881 0.07097855 0.068357446 0.065736342 0.063115237 0.060494133 0.057873029 0.053817902 0.045022278 0.036365841 0.027709403 0.019052966 0.010396529 0.0037765405 0.0010821751 -0.0016121903 -0.0043065557 -0.0070009211 -0.0096952866 -0.010193116 -0.0086947396 -0.0071963629 -0.0056979862 -0.0041996096 -0.0027012329 -0.0028652831 -0.0038265109 -0.0047877387 -0.0057489664 -0.0067101942 -0.007671422 -0.011974868 -0.017254848 -0.022534827 -0.027814807
-9999 0.069975913 0.06987055 0.069765187 0.069659823 0.070001463 0.072873017 0.074165449 0.073635371 0.074881569 0.076633762 0.078385954 0.080138147 0.080023265 0.076169461 0.073955816 0.072532756 0.071109695 0.069686635 0.067901304 0.0652802 0.062659096 0.060037991 0.057416887 0.056164896 0.052617273 0.042640634 0.033510331 0.024853893 0.016197456 0.0075410188 0.00092103032 -0.0017733351 -0.0044677005 -0.0071620659 -0.0096617626 -0.0077287604 -0.0073878593 -0.0093246848 -0.0084845026 -0.0069861259 -0.0054877492 -0.0039893726 -0.0042915525 -0.0058840678 -0.0068452956 -0.0078065233 -0.0087677511 -0.0097289789 -0.013562418 -0.018181953 -0.023461933 -0.028741913
-9999 0.069097002 0.068991639 0.068886275 0.070109076 0.07298063 0.075852183 0.077144615 0.076614537 0.07608446 0.076655111 0.078407303 0.080159496 0.080044615 0.07619081 0.072337006 0.06945551 0.068032449 0.066609389 0.064824058 0.062202954 0.05958185 0.05726219 0.056113228 0.054964267 0.051416644 0.041440005 0.031463365 0.021998383 0.013341946 0.0046855087 -0.0019344799 -0.0046288453 -0.0073232107 -0.0086498417 -0.0067168394 -0.0047838371 -0.0044429361 -0.0063797616 -0.0083165871 -0.0082742656 -0.0067758889 -0.0052775123 -0.0055796922 -0.0071762694 -0.0087728465 -0.0098640802 -0.010825308 -0.011786536 -0.015619975 -0.019949811 -0.024389038 -0.029669018
-9999 0.068218091 0.068112727 0.070216689 0.073088242 0.075959796 0.07883135 0.080123782 0.079593704 0.079063626 0.078533548 0.078428653 0.080180845 0.080065964 0.07621216 0.072358355 0.068504551 0.064955203 0.063532143 0.061746812 0.059125708 0.057210522 0.056061561 0.054912599 0.053763638 0.050216015 0.040239376 0.030262736 0.020286097 0.010486436 0.0018299985 -0.00478999 -0.0074843554 -0.0076379208 -0.0057049185 -0.0037719162 -0.0018389139 -0.0014980128 -0.0034348384 -0.0053716639 -0.0073084895 -0.0080640286 -0.0065656519 -0.0068678319 -0.008464409 -0.010060986 -0.011657563 -0.012882865 -0.013844093 -0.017677532 -0.022007368 -0.026337203 -0.030667039
-9999 0.067452748 0.070324301 0.073195855 0.076067409 0.078938963 0.081810517 0.083102948 0.08257287 0.082042793 0.081512715 0.080982637 0.080452559 0.080087313 0.076233509 0.072379705 0.0685259 0.064672096 0.060818292 0.058669566 0.057158854 0.056009893 0.054860932 0.05371197 0.052563009 0.049015386 0.039038747 0.029062107 0.019085468 0.009108829 -0.00086781022 -0.0076455002 -0.0066259999 -0.0046929976 -0.0027599953 -0.00082699299 0.0011060093 0.0014469104 -0.00048991517 -0.0024267407 -0.0043635662 -0.0063003918 -0.0078537916 -0.0081559716 -0.0097525487 -0.011349126 -0.012945703 -0.01454228 -0.01590165 -0.019735089 -0.024064925 -0.02839476 -0.032724596
-9999 0.064024602 0.066896156 0.06976771 0.072639264 0.075510817 0.079646515 0.084275845 0.083745767 0.083215689 0.082685612 0.082155534 0.08123907 0.075873601 0.071855396 0.068001592 0.064147788 0.060293984 0.056440179 0.053404279 0.052255318 0.051106356 0.049957395 0.048808434 0.047659473 0.043921001 0.036944682 0.026968043 0.016991404 0.0070147644 -0.0029618747 -0.0088705699 -0.0069375676 -0.0050045653 -0.0030715631 -0.0011385608 0.00079015163 0.0011110036 -0.00082582197 -0.0027626475 -0.004699473 -0.0066362986 -0.0079412446 -0.007818724 -0.0092415275 -0.010838105 -0.012434682 -0.014031259 -0.015627836 -0.0195549 -0.023884736 -0.028214572 -0.032544407
-9999 0.055763302 0.058634856 0.06150641 0.064377963 0.070357185 0.079456908 0.084086239 0.083556161 0.083026083 0.082496005 0.079986578 0.074074824 0.068709355 0.064437852 0.060304883 0.056451079 0.052597275 0.048743471 0.04570757 0.044558609 0.043409648 0.042260687 0.04034801 0.036402674 0.032659608 0.029458679 0.024200043 0.014223404 0.0042467649 -0.0057298743 -0.011638569 -0.0097055672 -0.0077725649 -0.0058395626 -0.0039194854 -0.0020205463 -0.0016996944 -0.0036365199 -0.0055733455 -0.007510171 -0.0082986948 -0.0080120563 -0.0078895358 -0.0078849976 -0.0089699427 -0.01056652 -0.012163097 -0.013759674 -0.017686738 -0.022016574 -0.02634641 -0.030388708
-9999 0.047502002 0.050373556 0.053245109 0.061067856 0.070167579 0.079267302 0.083896632 0.083366554 0.082836477 0.078734085 0.072822331 0.066910577 0.061545108 0.057273605 0.053002103 0.048754371 0.044900566 0.041046762 0.038010862 0.036861901 0.035712939 0.033031953 0.029086617 0.02514128 0.021398215 0.018197286 0.014996357 0.011455405 0.0014787654 -0.0084978738 -0.014406569 -0.012473567 -0.010540564 -0.0086291225 -0.0067301834 -0.0048312443 -0.0045103924 -0.0064472179 -0.0083840434 -0.0086561451 -0.0083695066 -0.0080828681 -0.0079603475 -0.0079558093 -0.0079512711 -0.008698358 -0.010294935 -0.011891512 -0.015818577 -0.020148412 -0.023597496 -0.024801344
-9999 0.039240702 0.042678803 0.051778526 0.060878249 0.069977972 0.079077696 0.083707026 0.083176948 0.077481592 0.071569838 0.065658085 0.059746331 0.054380862 0.050109359 0.045837856 0.041566353 0.03729485 0.033350053 0.030314153 0.029165192 0.025715897 0.02177056 0.017825224 0.013879887 0.010136822 0.0069358926 0.0037349635 0.00053403449 -0.0026668946 -0.011265873 -0.017174569 -0.015241566 -0.01333876 -0.01143982 -0.0095408814 -0.0076419423 -0.0073210903 -0.0092579159 -0.0090135954 -0.0087269569 -0.0084403183 -0.0081536798 -0.0080311593 -0.0080266211 -0.0080220829 -0.0080175447 -0.0084267733 -0.01002335 -0.013950415 -0.016806285 -0.018010132 -0.01921398
