P2_models/J1_p2_vp_slide_diff2_140.dat.tif
NCOLS 118
NROWS 92
XLLCORNER 139.62
YLLCORNER -39.07
DX 0.099491525
DY 0.099347826
NODATA_VALUE -9999
[rows 0 to 23 of 92, columns 0 to 53 of 118]
-9999 -9999 -9999 -9999 -9999 -9999 -9999 -9999 -9999 -9999 -9999 -9999 -9999 -9999 -9999 -9999 -9999 -9999 -9999 -9999 -9999 -9999 -9999 -9999 -9999 -9999 -9999 -9999 -9999 -9999 -9999 -9999 -9999 -9999 -9999 -9999 -9999 -9999 -9999 -9999 -9999 -9999 -9999 -9999 -9999 -9999 -9999 -9999 -9999 -9999 -9999 -9999 -9999 -9999
-9999 0.21793089 0.21793822 0.21794556 0.2179529 0.21796024 0.21723149 0.21758127 0.21770394 0.21562081 0.21353769 0.21145456 0.20937144 0.20899594 0.21130671 0.2127767 0.21424669 0.21571667 0.21718666 0.21911138 0.22208518 0.22505898 0.22803278 0.23100659 0.23314398 0.22965909 0.2241756 0.21754542 0.21091524 0.20428506 0.19765487 0.19559466 0.2023439 0.20909313 0.21584237 0.2225916 0.22642141 0.22662058 0.23130722 0.23453864 0.23777006 0.24100147 0.24423289 0.23819961 0.22909529 0.22113719 0.21317909 0.20522099 0.19726289 0.18965596 0.1789496 0.16824325 0.15753689 0.14683054
-9999 0.21514501 0.21515235 0.21515969 0.21516703 0.21386576 0.2117448 0.21209458 0.21529593 0.2168401 0.21475697 0.21267385 0.21059073 0.21021522 0.21325933 0.2159608 0.21743078 0.21890077 0.22037076 0.22229548 0.22526928 0.22824308 0.23121688 0.23185976 0.228812 0.22532711 0.22067057 0.21563587 0.20900569 0.20237551 0.19574533 0.19368511 0.20043435 0.20718359 0.21393282 0.21524938 0.21094612 0.2111453 0.21778584 0.22317677 0.22640818 0.2296396 0.23287102 0.22683774 0.21414419 0.2041601 0.196202 0.1882439 0.1802858 0.17282291 0.16544562 0.15514444 0.14443809 0.13373174
-9999 0.21235913 0.21236647 0.21237381 0.21050004 0.20837907 0.20625811 0.20660789 0.20980924 0.21301058 0.21597626 0.21389314 0.21181001 0.21143451 0.21447862 0.21752273 0.22056684 0.22208487 0.22355486 0.22547958 0.22845338 0.23142718 0.23057554 0.22752778 0.22448002 0.22099513 0.21633859 0.21168205 0.20702551 0.20046596 0.19383578 0.19177557 0.1985248 0.20527404 0.20407736 0.1997741 0.19547084 0.19567001 0.20231055 0.2089511 0.21504631 0.21827773 0.22150914 0.21547586 0.20278232 0.19008877 0.1792249 0.1712668 0.1633087 0.15584582 0.14846852 0.14109123 0.13133929 0.12063293
-9999 0.20957325 0.20925527 0.20713431 0.20501335 0.20289238 0.20077142 0.2011212 0.20432255 0.20752389 0.21072523 0.21392658 0.2130293 0.2126538 0.21569791 0.21874202 0.22178613 0.22483024 0.22673896 0.22866367 0.23163747 0.22929132 0.22624356 0.2231958 0.22014805 0.21666315 0.21200661 0.20735007 0.20269353 0.19803699 0.19192623 0.18986602 0.19661525 0.19290533 0.18860207 0.18429881 0.17999555 0.18019472 0.18683527 0.19347581 0.20011636 0.2067569 0.21014727 0.20411399 0.19142044 0.1787269 0.16603335 0.15428971 0.14633161 0.13886873 0.13149143 0.12411413 0.11673684 0.10753413
-9999 0.20588955 0.20376858 0.20164762 0.19952665 0.19740569 0.19528473 0.19563451 0.19883586 0.2020372 0.20523854 0.20843989 0.21164123 0.21387309 0.2169172 0.21996131 0.22300541 0.22604952 0.22909363 0.23105485 0.22800709 0.22495934 0.22191158 0.21886382 0.21581607 0.21233117 0.20767463 0.20301809 0.19836155 0.19370501 0.18904847 0.18603657 0.18173331 0.17743005 0.17312679 0.16882352 0.16452026 0.16471944 0.17135998 0.17800053 0.18464107 0.19128161 0.19792216 0.19275212 0.18005857 0.16736502 0.15467148 0.14197793 0.12935451 0.12189163 0.11451433 0.10713704 0.099759741 0.092382444
-9999 0.20448429 0.20236333 0.20024237 0.1981214 0.19600044 0.19409712 0.19464693 0.19784828 0.20104962 0.20425096 0.20745231 0.21028631 0.21230767 0.21400313 0.21704723 0.22009134 0.22313545 0.22617956 0.22738158 0.22433382 0.22128607 0.21823831 0.21519055 0.21185635 0.20975997 0.21091624 0.2062597 0.20160316 0.19694662 0.19229008 0.1877542 0.18345094 0.17914768 0.17484442 0.17054116 0.16264626 0.15856167 0.16520221 0.17184276 0.1784833 0.18512385 0.18824644 0.18941989 0.18314966 0.17045611 0.15776256 0.14506902 0.13237547 0.12421477 0.11683748 0.10946018 0.10208288 0.096216639
-9999 0.20372566 0.20160469 0.19948373 0.19736277 0.19556996 0.19382233 0.19437214 0.19757348 0.20077483 0.20397617 0.20656951 0.20895779 0.21097916 0.21226575 0.21355234 0.21652243 0.21956654 0.22261065 0.22381267 0.22076491 0.21771716 0.2146694 0.21112371 0.20730622 0.20520984 0.20772647 0.2102431 0.20604464 0.2013881 0.19673156 0.19219569 0.18789243 0.18358916 0.1792859 0.16954597 0.15796465 0.15388006 0.16052061 0.16716115 0.1738017 0.1756585 0.17684914 0.17802258 0.17918366 0.17583696 0.16314341 0.15044986 0.13775632 0.12959562 0.12221832 0.11484103 0.11011688 0.10875793
-9999 0.20296702 0.20084606 0.19879042 0.19704279 0.19529517 0.19354754 0.19409735 0.19729869 0.20046442 0.20285271 0.205241 0.20762928 0.20965065 0.21093724 0.21222383 0.21351042 0.21599763 0.21904174 0.22024376 0.217196 0.21414824 0.21039107 0.20657358 0.20275609 0.20065971 0.20317634 0.20569297 0.2082096 0.20582958 0.20117304 0.19663717 0.19233391 0.188027 0.17644568 0.16486436 0.15328304 0.14919845 0.155839 0.16187991 0.16307055 0.16426119 0.16545183 0.16662527 0.16778635 0.16894744 0.16852426 0.15583071 0.14313716 0.13497647 0.12759917 0.12401711 0.12265817 0.12129922
-9999 0.20220838 0.20026325 0.19851563 0.196768 0.19502037 0.19327275 0.19382256 0.19674763 0.19913591 0.2015242 0.20391248 0.20630077 0.20832214 0.20960873 0.21089532 0.21218191 0.2134685 0.21547283 0.21667485 0.21347592 0.20965843 0.20584094 0.20202345 0.19820596 0.19610958 0.19862621 0.20114284 0.20365947 0.2061761 0.20561452 0.20107865 0.19492671 0.18334539 0.17176407 0.16018275 0.14860144 0.14451685 0.14929196 0.1504826 0.15167324 0.15286388 0.15405452 0.15522796 0.15638904 0.15755013 0.15871121 0.1598723 0.14851801 0.14035731 0.13791735 0.1365584 0.13519945 0.13384051
-9999 0.20193533 0.20018771 0.19844008 0.19669245 0.19494483 0.1931972 0.19358943 0.19597772 0.198366 0.20075429 0.20314257 0.20553086 0.20719572 0.20848231 0.2097689 0.21105549 0.21234209 0.21362868 0.21337187 0.20955438 0.20573689 0.2019194 0.19810191 0.19428442 0.19067346 0.19319009 0.19570672 0.19822335 0.20073998 0.20325661 0.20095784 0.18937652 0.1777952 0.16621388 0.15463256 0.14305124 0.13786993 0.13906057 0.14025121 0.14144185 0.14263249 0.14382313 0.14555507 0.14671616 0.14787724 0.14903832 0.15019941 0.15136049 0.15037289 0.14901394 0.147655 0.14629605 0.1449371
-9999 0.20316559 0.20141796 0.19967034 0.19792271 0.19617509 0.1956069 0.19648045 0.19886874 0.20125702 0.20364531 0.2060336 0.20841874 0.20972022 0.20885349 0.20996698 0.21125357 0.21254016 0.21382675 0.21356995 0.20975246 0.20593497 0.20211748 0.19829999 0.19483094 0.19043166 0.18310993 0.18446406 0.18698069 0.18949732 0.19201395 0.18971518 0.17813387 0.16655255 0.15497123 0.14338991 0.13745722 0.13527964 0.13647028 0.13766092 0.13885156 0.1400422 0.14455365 0.14718833 0.14834463 0.14950572 0.1506668 0.15182788 0.15298897 0.15200137 0.15064242 0.14928347 0.14792453 0.1419139
-9999 0.20439585 0.20264822 0.20090059 0.19937573 0.19893683 0.19849793 0.19937147 0.20175976 0.20414805 0.20653617 0.20892038 0.21130459 0.21260607 0.21173933 0.2108726 0.21145164 0.21273824 0.21402483 0.21376802 0.20995053 0.20613304 0.20231555 0.19897273 0.19566381 0.19126453 0.18394279 0.17662106 0.17573804 0.17825467 0.1807713 0.17847253 0.16689121 0.15530989 0.14393078 0.13939886 0.13486694 0.13268935 0.13387999 0.13507063 0.13680306 0.14149632 0.14618958 0.14882426 0.14997906 0.15113419 0.15229528 0.15345636 0.15461744 0.15362985 0.1522709 0.15091195 0.14348859 0.13356662
-9999 0.2056261 0.20387848 0.20270566 0.20226676 0.20182785 0.20138895 0.2022625 0.20465078 0.20703781 0.20942202 0.21180623 0.21419044 0.21549192 0.21462518 0.21375845 0.21289171 0.21293631 0.2142229 0.21396609 0.2101486 0.20642344 0.20311452 0.1998056 0.19649668 0.19209739 0.18477566 0.17745392 0.17013219 0.16701201 0.16952864 0.16722987 0.15564855 0.14587242 0.1413405 0.13680857 0.13227665 0.13009907 0.13128971 0.13374574 0.13843899 0.14313225 0.1478255 0.15046018 0.15161498 0.15276978 0.15392458 0.15508484 0.15624592 0.15525832 0.15389937 0.14506327 0.1351413 0.12521933
-9999 0.20685636 0.20603559 0.20559668 0.20515778 0.20471887 0.20427997 0.20515352 0.20753945 0.20992366 0.21230787 0.21469208 0.21707628 0.21837777 0.21751103 0.21664429 0.21577756 0.21491082 0.21442098 0.21416417 0.21056523 0.20725631 0.20394739 0.20063847 0.19732954 0.19293026 0.18560852 0.17828679 0.17096506 0.16364332 0.15828599 0.15598722 0.14781405 0.14328213 0.13875021 0.13421828 0.12968636 0.12750878 0.13068841 0.13538166 0.14007492 0.14476818 0.14946143 0.15209611 0.15325091 0.15440571 0.15556051 0.15671531 0.1578744 0.15655992 0.14663795 0.13671598 0.12679401 0.11687204
-9999 0.2090846 0.20864569 0.20820679 0.20776789 0.20732898 0.20689008 0.20801816 0.21040237 0.21278658 0.21517079 0.21755499 0.2199392 0.22054114 0.21956835 0.21870161 0.21783487 0.21696813 0.2161014 0.21449618 0.21118726 0.20787834 0.20456941 0.20126049 0.19795157 0.19093136 0.18238831 0.17506658 0.16774484 0.16042311 0.15310138 0.14673255 0.14220063 0.1376687 0.13313678 0.12860486 0.12407293 0.12252041 0.12721367 0.13190692 0.13660018 0.14129343 0.14598669 0.14975622 0.15091102 0.15206582 0.15322062 0.15437542 0.15553022 0.14785539 0.13793342 0.12801145 0.11808948 0.10816751
-9999 0.21104196 0.21060306 0.21016415 0.20972525 0.2096841 0.21189411 0.21326058 0.21365349 0.21559622 0.21798043 0.22036464 0.22274884 0.22335078 0.22038361 0.21883372 0.21796698 0.21710025 0.21623351 0.21462829 0.21131937 0.20801045 0.20470153 0.2013926 0.19936104 0.19281432 0.17390823 0.16242848 0.15510674 0.14778501 0.14046328 0.13409445 0.12956253 0.1250306 0.12049868 0.11632161 0.12022471 0.12001733 0.1139293 0.11655684 0.12125009 0.12594335 0.1306366 0.13508328 0.13933277 0.14048757 0.14164237 0.14279717 0.14395197 0.13712681 0.12839877 0.1184768 0.10855483 0.098632864
-9999 0.21299933 0.21256042 0.21212152 0.21286444 0.21507446 0.21728447 0.21865094 0.21904385 0.21943676 0.22079007 0.22317428 0.22555848 0.22616042 0.22319325 0.22022608 0.21809909 0.21723236 0.21636562 0.2147604 0.21145148 0.20814256 0.20511488 0.20317944 0.20124399 0.19469728 0.17579119 0.1568851 0.14246864 0.13514691 0.12782518 0.12145635 0.11692443 0.1123925 0.11035376 0.11425687 0.11815997 0.11795258 0.11186456 0.10577654 0.10590001 0.11059326 0.11528652 0.11973319 0.1240026 0.12827201 0.13006412 0.13121892 0.13237372 0.12554856 0.11734424 0.10894216 0.099020191 0.089098221
-9999 0.21495669 0.21451778 0.21604478 0.2182548 0.22046482 0.22267483 0.2240413 0.22443421 0.22482712 0.22522003 0.22598392 0.22836813 0.22897006 0.22600289 0.22303572 0.22006855 0.21736447 0.21649773 0.21489251 0.21158359 0.20893328 0.20699784 0.20506239 0.20312695 0.19658024 0.17767415 0.15876806 0.13986197 0.12250881 0.11518708 0.10881825 0.10428633 0.10438592 0.10828902 0.11219212 0.11609523 0.11588784 0.10979982 0.10371179 0.097623769 0.095243178 0.099936433 0.10438311 0.10865251 0.11292192 0.11719133 0.11964067 0.12079547 0.11397031 0.10576599 0.097561668 0.089357348 0.079563577
-9999 0.21701511 0.21922512 0.22143514 0.22364516 0.22585517 0.22806519 0.22943166 0.22982457 0.23021748 0.23061039 0.2310033 0.23139621 0.2317797 0.22881253 0.22584536 0.2228782 0.21991103 0.21694386 0.21502463 0.21275168 0.21081624 0.2088808 0.20694535 0.20500991 0.1984632 0.17955711 0.16065102 0.14174493 0.12283884 0.10393276 0.09618015 0.09841807 0.10232117 0.10622428 0.11012738 0.11403048 0.1138231 0.10773507 0.10164705 0.095559026 0.089471002 0.084586348 0.089033022 0.09330243 0.097571838 0.10184125 0.10611065 0.10921722 0.10239206 0.094187738 0.085983418 0.077779098 0.069574778
-9999 0.21629866 0.21850867 0.22071869 0.22292871 0.22513872 0.2285378 0.23304298 0.23343589 0.2338288 0.23422171 0.23461462 0.23469038 0.23085979 0.22770564 0.22473847 0.2217713 0.21880413 0.21583696 0.21318177 0.21124633 0.20931089 0.20737545 0.20544 0.20350456 0.19645894 0.18195227 0.16304618 0.14414009 0.12523401 0.10632792 0.095212704 0.099115807 0.10301891 0.10692201 0.11082512 0.11422254 0.11165184 0.10556382 0.099475792 0.093387768 0.087299745 0.082334158 0.081550715 0.085377439 0.089646847 0.093916255 0.098185663 0.10245507 0.096088873 0.087884554 0.079680234 0.071475914 0.063271594
-9999 0.21097573 0.21318575 0.21539576 0.21760578 0.22273889 0.23080716 0.23531234 0.23570525 0.23609816 0.23649107 0.23525928 0.23123476 0.22740418 0.22396193 0.22067726 0.21771009 0.21474292 0.21177575 0.20912056 0.20718512 0.20524968 0.20331423 0.20017661 0.19383933 0.18678648 0.17781572 0.16582771 0.14692162 0.12801553 0.10910945 0.097994232 0.10189733 0.10580044 0.10970354 0.11208308 0.11197094 0.10940024 0.10331221 0.09722419 0.091136166 0.087087924 0.084949542 0.084166099 0.084356704 0.087322742 0.09159215 0.095861558 0.10013097 0.093764768 0.085560449 0.077356129 0.069565915 0.065863587
-9999 0.2056528 0.20786282 0.21007283 0.21693997 0.22500825 0.23307652 0.2375817 0.23797461 0.23836752 0.23582818 0.23180366 0.22777915 0.22394856 0.22050632 0.21706408 0.21364887 0.21068171 0.20771454 0.20505935 0.20312391 0.20118846 0.19684143 0.19050415 0.18416687 0.17711402 0.16814326 0.15917249 0.14970315 0.13079706 0.11189097 0.10077576 0.10467886 0.10858197 0.10994361 0.10983148 0.10971934 0.10714864 0.10106061 0.094972588 0.09184169 0.089703308 0.087564927 0.086781484 0.086972088 0.087162693 0.089268045 0.093537453 0.097806862 0.091440664 0.083236344 0.076300466 0.072598138 0.068895809
-9999 0.20032987 0.20307278 0.21114106 0.21920933 0.2272776 0.23534588 0.23985106 0.24024397 0.23639708 0.23237256 0.22834805 0.22432354 0.22049295 0.21705071 0.21360847 0.21016623 0.20672398 0.20365332 0.20099813 0.19906269 0.19350624 0.18716897 0.18083169 0.17449441 0.16744156 0.15847079 0.14950003 0.14052927 0.13155851 0.1146725 0.10355729 0.10746039 0.10780415 0.10769201 0.10757987 0.10746773 0.10489703 0.098809009 0.096595456 0.094457074 0.092318693 0.090180311 0.089396868 0.089587473 0.089778078 0.089968682 0.091213348 0.095482757 0.089116559 0.083035017 0.079332689 0.07563036 0.071928032
