P2_models/J1_p2_tot_conduct_slide_2.19.dat.tif
NCOLS 118
NROWS 92
XLLCORNER 139.62
YLLCORNER -39.07
DX 0.099491525
DY 0.099347826
NODATA_VALUE -9999
[rows 0 to 24 of 92, columns 0 to 56 of 118]
-1.0783259 -1.0762476 -1.2055866 -1.3032473 -1.4406404 -1.531738 -1.6013821 -1.6320976 -1.6178845 -1.6167826 -1.5602469 -1.5244587 -1.4691614 -1.4310046 -1.3668349 -1.2811315 -1.1617417 -1.0686345 -0.89514959 -0.72809875 -0.54869694 -0.40242576 -0.30364315 -0.25527874 -0.30624189 -0.38750884 -0.56659359 -0.78670929 -1.0113578 -1.2173444 -1.3758482 -1.4741852 -1.4918254 -1.4496086 -1.3513399 -1.2141393 -1.0947494 -0.96143951 -0.86718439 -0.78404311 -0.71596996 -0.66920597 -0.5995619 -0.50646065 -0.40167321 -0.34725965 -0.21634975 -0.17180805 -0.098498507 -0.18297145 -0.2615174 -0.50234218 -0.74006743 -1.0496096 -1.3245865 -1.5265486 -1.639198
-1.0484307 -1.1254392 -1.2547782 -1.3888302 -1.5298712 -1.6401008 -1.7080963 -1.7295484 -1.7089919 -1.6787013 -1.6169126 -1.5506837 -1.4909888 -1.4279804 -1.3621171 -1.3043417 -1.2093232 -1.0712724 -0.90399691 -0.77199268 -0.59982344 -0.49183615 -0.3947883 -0.36811881 -0.41288999 -0.47523321 -0.61284766 -0.80233919 -1.0070778 -1.121043 -1.2564838 -1.2805194 -1.2856039 -1.2177839 -1.1235288 -1.018676 -0.91453095 -0.83768951 -0.76729852 -0.72270887 -0.6807642 -0.6373989 -0.57668824 -0.47972347 -0.36468927 -0.24064823 -0.088252294 0.0074568938 0.10556202 0.05479485 0.016399093 -0.20728512 -0.39810876 -0.71301657 -0.97985496 -1.1952705 -1.3559485
-1.0191224 -1.0828848 -1.2122238 -1.3518207 -1.4986891 -1.6039431 -1.6686126 -1.6911109 -1.6626848 -1.6217808 -1.5521367 -1.4859079 -1.426213 -1.377155 -1.3274093 -1.2769572 -1.2023386 -1.1267732 -1.0173325 -0.91992308 -0.81048241 -0.71702902 -0.66230868 -0.65185522 -0.6966264 -0.75530794 -0.86474862 -0.96060255 -1.0600941 -1.127564 -1.153746 -1.1423555 -1.0876352 -1.0198152 -0.92556002 -0.84691783 -0.78224834 -0.74393704 -0.72299146 -0.7167275 -0.7114911 -0.68304405 -0.63329829 -0.53633353 -0.40542363 -0.24831018 -0.080745501 0.046046074 0.15601039 0.15355254 0.12737056 -0.037815754 -0.21746711 -0.49596494 -0.7624071 -0.98233573 -1.1643332
-0.8949376 -0.94162868 -1.0445744 -1.1841712 -1.31407 -1.4096196 -1.4699169 -1.4957678 -1.4764076 -1.4404451 -1.3906965 -1.3244677 -1.2818455 -1.2569641 -1.2519896 -1.217606 -1.2126314 -1.1587994 -1.1438757 -1.0728833 -1.0778579 -0.99023554 -1.0018816 -1.0642502 -1.1587672 -1.2152007 -1.2898193 -1.3664981 -1.3615235 -1.3987883 -1.2888239 -1.2504045 -1.1011672 -1.0322336 -0.92316334 -0.85024295 -0.83192225 -0.81971061 -0.8720132 -0.89310151 -0.94123295 -0.92731681 -0.90029557 -0.80333081 -0.67242091 -0.50631921 -0.32911507 -0.18151025 -0.055103738 -0.029969929 -0.040278896 -0.17014955 -0.33544265 -0.56206224 -0.81634036 -1.0205598 -1.2049569
-0.76229007 -0.76449553 -0.85901248 -0.97307483 -1.1005408 -1.2054014 -1.2680034 -1.3065845 -1.2928293 -1.2770605 -1.2367795 -1.1921567 -1.1573346 -1.1534163 -1.1510113 -1.1524605 -1.1528285 -1.1602946 -1.1592357 -1.1774052 -1.2082519 -1.226307 -1.2760528 -1.4269793 -1.5476598 -1.6435285 -1.7260965 -1.768194 -1.7484528 -1.6960441 -1.5600671 -1.4162986 -1.2521523 -1.1141929 -0.99899214 -0.94914379 -0.94350537 -0.99288828 -1.0675338 -1.1592688 -1.2255646 -1.2453059 -1.2254076 -1.1321012 -1.0011913 -0.82038171 -0.63710785 -0.47106188 -0.32967919 -0.28814928 -0.27767648 -0.38486422 -0.52309794 -0.73592773 -0.95401004 -1.1529239 -1.3291639
-0.57640662 -0.56567815 -0.63034764 -0.73520053 -0.85838051 -0.96324109 -1.0478089 -1.0954703 -1.1096834 -1.109411 -1.0994619 -1.0793318 -1.0743572 -1.0726962 -1.0776708 -1.0841588 -1.0990826 -1.1168299 -1.1516519 -1.196033 -1.2905499 -1.3699935 -1.52918 -1.6939766 -1.8730613 -2.0160828 -2.1155743 -2.1717945 -2.1220488 -2.0437614 -1.8500148 -1.6646682 -1.455736 -1.2880516 -1.1728508 -1.1230025 -1.1627991 -1.2350486 -1.3764313 -1.4945678 -1.6150049 -1.6489132 -1.638964 -1.5478058 -1.4011867 -1.214885 -1.0054292 -0.83215501 -0.6649781 -0.61735544 -0.58813844 -0.68135432 -0.79009522 -0.98907827 -1.1899611 -1.3784714 -1.5464873
-0.3503808 -0.32946212 -0.38094563 -0.47159999 -0.6033904 -0.71572071 -0.82454171 -0.92902798 -0.98433016 -0.99000207 -1.0030771 -1.030772 -1.0360087 -1.0509367 -1.049937 -1.0351701 -1.0200608 -1.0412049 -1.0722475 -1.1181797 -1.221891 -1.3529079 -1.5389147 -1.7572918 -1.9659085 -2.1998237 -2.3434072 -2.4038733 -2.355763 -2.2735576 -2.072162 -1.8594372 -1.6464375 -1.4619102 -1.3560356 -1.3183014 -1.3824189 -1.4932891 -1.6649303 -1.8245066 -1.9610616 -2.0149933 -2.0050442 -1.9033988 -1.747525 -1.5586758 -1.336873 -1.1556197 -0.98346659 -0.93121414 -0.88967333 -0.98109617 -1.0838928 -1.2807339 -1.4687927 -1.6555334 -1.8174112
-0.12320785 -0.072315747 -0.11708693 -0.21605848 -0.35345154 -0.5058549 -0.63519388 -0.76478885 -0.84059192 -0.92739556 -0.97216675 -1.0083998 -1.0282981 -1.0429636 -1.0330145 -1.0025546 -0.9776817 -0.94969865 -0.97440102 -1.0218375 -1.1409671 -1.2937849 -1.52759 -1.7887103 -2.0538636 -2.3012959 -2.4576837 -2.5663659 -2.5229369 -2.4381 -2.2239147 -2.0077916 -1.7889103 -1.6113233 -1.5170682 -1.5128629 -1.6024053 -1.7432503 -1.9422333 -2.1165145 -2.2631336 -2.315496 -2.3055469 -2.2039015 -2.0363368 -1.834769 -1.609604 -1.4337745 -1.2609734 -1.2092072 -1.167316 -1.2634467 -1.3660597 -1.5553738 -1.7434326 -1.9271027 -2.0922722
0.11274324 0.16781305 0.13749187 0.037418462 -0.10944998 -0.27160333 -0.45068808 -0.59480189 -0.74640803 -0.84932399 -0.96373925 -1.014609 -1.0612718 -1.0861658 -1.0612929 -1.0270251 -0.9524065 -0.91244321 -0.87762118 -0.91007116 -1.0095627 -1.1571816 -1.4078127 -1.676944 -1.9853678 -2.2454127 -2.4493703 -2.5725751 -2.5526768 -2.4753554 -2.271136 -2.0574655 -1.8385842 -1.6609972 -1.580992 -1.5838054 -1.6982206 -1.8449382 -2.0648669 -2.2417571 -2.3935276 -2.4445144 -2.4297317 -2.3280863 -2.1605216 -1.9648035 -1.7524165 -1.591123 -1.4410413 -1.4066479 -1.3846394 -1.4908749 -1.6020108 -1.7954665 -1.9855929 -2.1741032 -2.3406418
0.29157848 0.37504882 0.35424367 0.25591801 0.11081328 -0.063011177 -0.25345664 -0.4505761 -0.63094199 -0.7992955 -0.95612829 -1.0483444 -1.1083842 -1.1730876 -1.1534084 -1.1012347 -1.0080822 -0.92724324 -0.86003875 -0.85078875 -0.92278642 -1.067333 -1.3169469 -1.5660486 -1.8773234 -2.1600649 -2.3698264 -2.5178476 -2.5038548 -2.4376407 -2.2334213 -2.0224947 -1.8010588 -1.628677 -1.5476809 -1.5360473 -1.6418379 -1.7867369 -1.9940698 -2.1667103 -2.3104332 -2.3635566 -2.3486328 -2.2601389 -2.0986104 -1.9451224 -1.7444799 -1.6507912 -1.5135949 -1.5391284 -1.5286557 -1.6707132 -1.7888807 -1.9904765 -2.1816513 -2.367081 -2.5309035
0.41935802 0.51707192 0.5220465 0.44093814 0.29880739 0.129915 -0.079017202 -0.29952628 -0.51746009 -0.74020311 -0.93918616 -1.1057243 -1.2101904 -1.2938 -1.2788763 -1.2326179 -1.1231772 -1.0110037 -0.91648671 -0.8549065 -0.90465227 -1.0052667 -1.2291226 -1.4609621 -1.7743604 -2.0566147 -2.2705215 -2.4258902 -2.415941 -2.356354 -2.1521346 -1.9387419 -1.714886 -1.5357078 -1.4466891 -1.4194373 -1.5139542 -1.6356332 -1.8241435 -1.9729082 -2.0985817 -2.1377345 -2.1228108 -2.0417149 -1.9003322 -1.7694046 -1.6227855 -1.5612921 -1.5036918 -1.5591124 -1.6167128 -1.7763468 -1.9355647 -2.1419903 -2.3384552 -2.5217291 -2.6778509
0.4007303 0.51556303 0.55309269 0.47198434 0.3661843 0.20755879 -0.010715572 -0.24362074 -0.50419378 -0.74089513 -1.0095222 -1.1802352 -1.3404031 -1.4681276 -1.4930005 -1.4491573 -1.3347421 -1.2155201 -1.076232 -1.0012685 -0.98634481 -1.0797775 -1.2655821 -1.461366 -1.7250185 -1.9980832 -2.1871171 -2.3389608 -2.3290117 -2.2689309 -2.0594751 -1.8429719 -1.6041923 -1.4239415 -1.3029011 -1.2439672 -1.2842124 -1.3872389 -1.5074723 -1.6381859 -1.7198181 -1.7504793 -1.7192103 -1.6581338 -1.5526149 -1.467539 -1.3806251 -1.385701 -1.3919255 -1.5129156 -1.6167128 -1.8175022 -1.9976571 -2.2187494 -2.4177711 -2.5800994 -2.7296149
0.26425848 0.38675868 0.44094531 0.41503308 0.31755906 0.18134276 -0.034087187 -0.26073004 -0.52338536 -0.78680545 -1.0554326 -1.3224868 -1.5015716 -1.6649415 -1.6898144 -1.7020974 -1.5909513 -1.4687606 -1.3294725 -1.2083473 -1.1934236 -1.1901489 -1.3592845 -1.5032206 -1.7668732 -1.9554216 -2.1312339 -2.2682339 -2.2582848 -2.191723 -1.9822672 -1.7692763 -1.5304966 -1.3306996 -1.19873 -1.1246533 -1.1603871 -1.1931425 -1.2982438 -1.3506791 -1.4074286 -1.3846777 -1.3417358 -1.2730057 -1.179721 -1.1101002 -1.0824408 -1.1273382 -1.2266104 -1.3784659 -1.5803294 -1.7915783 -2.0305851 -2.2516774 -2.4596053 -2.6219336 -2.7466122
0.037249826 0.17630958 0.26087737 0.25496427 0.19337428 0.068017364 -0.12101653 -0.34765939 -0.61770782 -0.8970271 -1.2104254 -1.4904487 -1.7242538 -1.8984327 -1.9680768 -1.9815132 -1.8770471 -1.754566 -1.5854304 -1.4505246 -1.3709314 -1.3495578 -1.4391001 -1.5657997 -1.7598082 -1.9430031 -2.097215 -2.2108496 -2.1909513 -2.1249524 -1.9259694 -1.714542 -1.4807369 -1.2751018 -1.1180099 -1.0238198 -0.9989469 -1.0060374 -1.0374557 -1.0587384 -1.053502 -1.0139886 -0.94434451 -0.87561436 -0.80754121 -0.78828867 -0.80923426 -0.91952397 -1.0713795 -1.2897813 -1.5306555 -1.78139 -2.0367944 -2.2578866 -2.4633234 -2.6047061 -2.7203154
-0.3272067 -0.17892159 -0.088959585 -0.089920238 -0.12298872 -0.19903312 -0.35507903 -0.57072512 -0.82347548 -1.1088478 -1.4222461 -1.7083223 -1.9538333 -2.1561807 -2.2418335 -2.2568759 -2.1564629 -2.0208951 -1.8230323 -1.6599136 -1.5221542 -1.4919762 -1.5460407 -1.5860789 -1.7247538 -1.8998386 -2.0282068 -2.1394907 -2.1283086 -2.0739366 -1.909699 -1.7141143 -1.5159475 -1.307561 -1.15573 -1.0478587 -1.0016167 -0.97620527 -0.9690726 -0.9479486 -0.90329817 -0.83637355 -0.74501706 -0.67324053 -0.6025548 -0.61542277 -0.64920708 -0.8058797 -0.97273815 -1.2362127 -1.4866406 -1.7571401 -2.0145251 -2.2301421 -2.4263394 -2.5408067 -2.6459806
-0.70428685 -0.58122458 -0.48670763 -0.45858959 -0.47754036 -0.51970793 -0.65899607 -0.82606932 -1.0724293 -1.3301775 -1.6419358 -1.9365502 -2.1952282 -2.3919334 -2.4811398 -2.5048389 -2.4041869 -2.261153 -2.0541317 -1.8471656 -1.6915776 -1.5873954 -1.59237 -1.5856863 -1.7079428 -1.8305233 -1.9523234 -2.0493701 -2.0435723 -2.0150706 -1.8674562 -1.7232421 -1.5383186 -1.3633387 -1.2167196 -1.1447178 -1.0899975 -1.0430327 -1.0168507 -0.95905367 -0.88574413 -0.78307418 -0.67363351 -0.57524913 -0.50193959 -0.50711208 -0.55947604 -0.71564419 -0.91462724 -1.1750827 -1.4578481 -1.7207746 -1.9900811 -2.1947912 -2.3808342 -2.4867 -2.5637473
-1.1262691 -1.0156083 -0.94098962 -0.90725955 -0.89778417 -0.93292723 -1.017495 -1.1682025 -1.3624479 -1.6017282 -1.8803045 -2.1610915 -2.4098203 -2.6038754 -2.6884432 -2.7101578 -2.5957425 -2.4466023 -2.2078226 -1.9862526 -1.7723458 -1.6393409 -1.5696969 -1.539324 -1.6089681 -1.7046827 -1.8091488 -1.8970367 -1.916935 -1.9024764 -1.818694 -1.7033725 -1.5839827 -1.4404057 -1.3566234 -1.2976794 -1.2728065 -1.234782 -1.1981273 -1.1353423 -1.0410872 -0.93159887 -0.80225989 -0.69582154 -0.59633002 -0.59525744 -0.63233112 -0.78050239 -0.96098956 -1.209085 -1.4710945 -1.719297 -1.9702115 -2.1526126 -2.3212255 -2.4050078 -2.4710227
-1.4347605 -1.3462446 -1.2915628 -1.2695096 -1.2479253 -1.2706188 -1.3327223 -1.412961 -1.5719461 -1.7960018 -2.0581307 -2.2937917 -2.5313633 -2.7021938 -2.7821325 -2.7891452 -2.6681184 -2.514826 -2.2688397 -2.0202295 -1.7951987 -1.5952707 -1.5108905 -1.4412253 -1.4992701 -1.541715 -1.6355012 -1.7178528 -1.7448738 -1.7610669 -1.6933872 -1.6353684 -1.5413452 -1.4869741 -1.4314389 -1.417923 -1.4168548 -1.4222703 -1.410942 -1.3740909 -1.3020374 -1.2041048 -1.0832593 -0.97447987 -0.87312304 -0.86513018 -0.87244687 -1.0069295 -1.1270062 -1.3612123 -1.5393773 -1.7810053 -1.9513243 -2.1274993 -2.2449171 -2.3220937 -2.3632355
-1.66929 -1.64657 -1.6067734 -1.5708582 -1.5376943 -1.5222141 -1.5570362 -1.6249447 -1.7576001 -1.9130434 -2.1418739 -2.3655815 -2.5794883 -2.7386229 -2.808267 -2.8152797 -2.6909153 -2.5241294 -2.2604769 -1.997591 -1.7438876 -1.5279723 -1.4036079 -1.3112315 -1.3361043 -1.3751865 -1.4647289 -1.5438645 -1.5936102 -1.6310026 -1.6048206 -1.5807138 -1.5409172 -1.512572 -1.5073356 -1.5447705 -1.5795926 -1.6266404 -1.647586 -1.6496867 -1.5973227 -1.5227968 -1.4083816 -1.3040858 -1.1993579 -1.152527 -1.1472906 -1.2068299 -1.3115578 -1.4474444 -1.6150091 -1.7601553 -1.9241733 -2.0400537 -2.1482433 -2.2058437 -2.2531151
-1.799684 -1.7880097 -1.7744229 -1.7383025 -1.6956633 -1.6638134 -1.6439655 -1.7000113 -1.7805521 -1.9252956 -2.1043803 -2.3221168 -2.5119494 -2.6579028 -2.7275469 -2.7345596 -2.6101952 -2.4438435 -2.1851655 -1.9223135 -1.6586609 -1.441043 -1.301646 -1.1980571 -1.1980571 -1.2316817 -1.3063003 -1.3824242 -1.43217 -1.4707316 -1.4759679 -1.4599984 -1.4500493 -1.4256427 -1.4634224 -1.5326285 -1.63212 -1.699058 -1.802817 -1.8290168 -1.8519015 -1.8010875 -1.7436805 -1.6470866 -1.5594938 -1.4934768 -1.4577526 -1.4684841 -1.5164627 -1.5854725 -1.6957292 -1.7645428 -1.8807086 -1.941509 -2.0301114 -2.0720025 -2.1186115
-1.8125456 -1.8334581 -1.8308881 -1.8121272 -1.7663395 -1.7270199 -1.7018767 -1.692819 -1.7612993 -1.8766746 -2.0535798 -2.2082366 -2.3914095 -2.5240917 -2.5937357 -2.610384 -2.4976204 -2.3312687 -2.0730052 -1.833645 -1.5701017 -1.3624577 -1.218195 -1.1216848 -1.1216848 -1.1343657 -1.2024212 -1.2705356 -1.3202814 -1.3482248 -1.3530948 -1.3393531 -1.3287645 -1.3277487 -1.3748762 -1.4440823 -1.5460196 -1.6593773 -1.7743366 -1.8709869 -1.9262549 -1.9459449 -1.9180825 -1.904114 -1.8242757 -1.7651277 -1.7111152 -1.708158 -1.6906539 -1.7372864 -1.741793 -1.7992507 -1.8053893 -1.8661897 -1.8908994 -1.9327906 -1.9713901
-1.7789283 -1.8283829 -1.8433066 -1.8169826 -1.7601303 -1.7081578 -1.6584121 -1.6493543 -1.6872559 -1.7652699 -1.904558 -2.0533897 -2.2175508 -2.350233 -2.419877 -2.4365253 -2.3420084 -2.2024878 -1.9736573 -1.7418144 -1.5080093 -1.3027693 -1.1684558 -1.0708597 -1.0658851 -1.0784826 -1.1381775 -1.1928763 -1.2276983 -1.2508284 -1.2351193 -1.2170341 -1.1921612 -1.1911454 -1.238273 -1.3148634 -1.4342533 -1.5685436 -1.7308719 -1.8679101 -1.9883473 -2.0484406 -2.0733135 -2.0593449 -2.0174538 -1.9602291 -1.8973923 -1.8495478 -1.8024202 -1.7732114 -1.741793 -1.7242715 -1.7060415 -1.7177058 -1.7356684 -1.7775596 -1.8287095
-1.6996512 -1.7585485 -1.7802586 -1.7531805 -1.7001934 -1.6421221 -1.5803917 -1.5603372 -1.5774601 -1.6406502 -1.7523588 -1.900185 -2.0491597 -2.1635961 -2.2285419 -2.2516139 -2.1760935 -2.0535851 -1.8679544 -1.6511578 -1.4610103 -1.256273 -1.1414407 -1.0742076 -1.0890432 -1.1002889 -1.1550093 -1.2042686 -1.2241669 -1.2381579 -1.192213 -1.1580814 -1.0913053 -1.0902894 -1.1041517 -1.1388774 -1.2327216 -1.3697769 -1.5321052 -1.6891792 -1.831984 -1.9252969 -1.9842714 -1.9946739 -1.9792522 -1.9303227 -1.8731577 -1.7983451 -1.7370389 -1.6675875 -1.6210467 -1.5649405 -1.5347681 -1.5347681 -1.5584808 -1.6314641 -1.7013347
-1.6297413 -1.7008487 -1.7257216 -1.705543 -1.6546373 -1.6136062 -1.5502325 -1.5177836 -1.5308111 -1.5663771 -1.6685823 -1.7882687 -1.9275569 -2.0024746 -2.0591968 -2.0789001 -2.0042815 -1.9063366 -1.7309365 -1.5604153 -1.3842602 -1.2213874 -1.1218958 -1.0909992 -1.1142604 -1.1454045 -1.2058865 -1.2528018 -1.2741914 -1.2733002 -1.2217436 -1.1550311 -1.0777363 -1.0294334 -1.024197 -1.0009425 -1.0814542 -1.1793985 -1.3353488 -1.4766601 -1.6275256 -1.7308653 -1.8054839 -1.8366916 -1.8366916 -1.8042919 -1.7519279 -1.6851884 -1.6066424 -1.5353534 -1.4620438 -1.4175075 -1.3629223 -1.3785734 -1.4043807 -1.4906427 -1.600161
-1.5809856 -1.651684 -1.6914807 -1.6815919 -1.648428 -1.6073969 -1.5576512 -1.5302021 -1.5349398 -1.5663771 -1.6409958 -1.7377142 -1.8272566 -1.8969176 -1.926765 -1.9298784 -1.8552598 -1.7573148 -1.6080776 -1.4548583 -1.3155701 -1.1824702 -1.1327244 -1.109627 -1.1543981 -1.2012877 -1.2759063 -1.3335219 -1.3583948 -1.3602295 -1.2973928 -1.2233327 -1.1188666 -1.0461698 -0.98333304 -0.95747778 -0.98235066 -1.0552137 -1.165178 -1.290383 -1.4108201 -1.5071799 -1.576824 -1.6069497 -1.6069497 -1.5752771 -1.5281495 -1.4640555 -1.3955283 -1.3259119 -1.2571389 -1.2233298 -1.1890637 -1.2222275 -1.2677774 -1.3829781 -1.5132316
