P2_models/J1_p2_vp_slide_diff2_30.dat.tif
NCOLS 118
NROWS 92
XLLCORNER 139.62
YLLCORNER -39.07
DX 0.099491525
DY 0.099347826
NODATA_VALUE -9999
[rows 50 to 74 of 92, columns 58 to 115 of 118]
0.10029129 0.083692732 0.082667653 0.092225413 0.10178317 0.11391746 0.12756379 0.14121012 0.13721718 0.13261814 0.13150701 0.13684662 0.14218624 0.14688266 0.15075601 0.15462936 0.14780046 0.13937795 0.13120773 0.14556943 0.15993112 0.17093118 0.16887077 0.16681035 0.16921061 0.17367177 0.1778615 0.18066022 0.18345893 0.19072261 0.20603172 0.22134084 0.22914824 0.23083096 0.2331235 0.25526134 0.27739918 0.30121493 0.32612975 0.35104457 0.38194288 0.41347844 0.43415735 0.44047965 0.44680196 0.45998443 0.47643734 0.48809439 0.48851504 0.48893569 0.48244243 0.4722527 0.46316281 0.45699314 0.45082347 -9999 -9999 -9999
0.10329646 0.086697893 0.085672814 0.095230574 0.10478833 0.11434609 0.1254883 0.13913463 0.1351417 0.13622161 0.14156123 0.14690085 0.15224047 0.15693688 0.15996597 0.15154346 0.14312095 0.13469844 0.12652823 0.14088992 0.15525162 0.16961332 0.18350492 0.18144451 0.18384476 0.18774178 0.19054049 0.19333921 0.19613792 0.2034016 0.21871071 0.23401983 0.24932895 0.25953564 0.26182818 0.28396602 0.30814748 0.33306231 0.35797713 0.38289196 0.41379026 0.43058919 0.43691149 0.4432338 0.4495561 0.46273857 0.47263999 0.47306064 0.47348129 0.47390194 0.46740867 0.458759 0.45258933 0.44641966 0.44024999 -9999 -9999 -9999
0.10630162 0.089703055 0.088677976 0.098235736 0.1077935 0.11735126 0.12690902 0.13705914 0.14093621 0.14627583 0.15161545 0.15695507 0.16229469 0.16370898 0.15528647 0.14686396 0.13844145 0.13001894 0.12184873 0.13621042 0.15057212 0.16493381 0.17929551 0.1936572 0.19762205 0.20042077 0.20321948 0.2060182 0.20881692 0.21608059 0.2313897 0.24669882 0.26200794 0.27731706 0.29053286 0.31508004 0.33999486 0.36490969 0.38982451 0.41473934 0.42702103 0.43334333 0.43966564 0.44598794 0.45231024 0.45718558 0.45760623 0.45802688 0.45844753 0.45886818 0.45435519 0.44818552 0.44201585 0.43584618 0.42967651 -9999 -9999 -9999
0.11052393 0.1041633 0.1080525 0.11641883 0.12597659 0.13553435 0.14509211 0.15464987 0.16012962 0.16546924 0.17080886 0.17614848 0.17804446 0.17315827 0.16473576 0.15631325 0.14789074 0.13976822 0.15100784 0.16499085 0.17935255 0.19371424 0.20807594 0.22243763 0.22889041 0.23168912 0.23448784 0.23728655 0.24217779 0.25414735 0.27082516 0.28613428 0.3014434 0.31675252 0.332348 0.35726283 0.38217765 0.40709248 0.4320073 0.43003848 0.43511385 0.44143615 0.44775846 0.45408076 0.45036552 0.44766118 0.44808183 0.44850248 0.44892313 0.4492621 0.44533943 0.43916977 0.4330001 0.42683043 0.42554783 -9999 -9999 -9999
0.12865456 0.12813312 0.13202232 0.13890873 0.14669904 0.1562568 0.16581456 0.17537232 0.18085206 0.18619168 0.1915313 0.19198017 0.18985756 0.18497137 0.17654886 0.16812635 0.16338473 0.17459374 0.18583336 0.19980647 0.21377959 0.22809269 0.24245439 0.25681608 0.26326886 0.26606757 0.26886629 0.27467704 0.2835851 0.29555466 0.31304076 0.33004624 0.34535535 0.36066447 0.37625996 0.40117478 0.42608961 0.45100443 0.44565706 0.43902449 0.44409986 0.45042216 0.45674447 0.45102227 0.44176286 0.43905852 0.43947917 0.43989982 0.44022679 0.44050696 0.4365843 0.43041463 0.42424496 0.42371303 0.42633483 -9999 -9999 -9999
0.15262439 0.15210294 0.15599214 0.16287855 0.16976497 0.17697924 0.186537 0.19609476 0.20157451 0.20691413 0.20591588 0.20379327 0.20167067 0.19678448 0.18836196 0.18700124 0.19821025 0.20941926 0.22065887 0.23463199 0.24860511 0.26257822 0.27683284 0.29119454 0.29764731 0.30044603 0.30717629 0.31608435 0.32499241 0.33696197 0.35444807 0.37193418 0.38926731 0.40457643 0.42017191 0.44508674 0.46790822 0.46127565 0.45464308 0.4480105 0.45308587 0.45940818 0.45167902 0.44241962 0.43316021 0.43045586 0.43087651 0.43119149 0.43147166 0.43175183 0.42782916 0.4216595 0.42187824 0.42450004 0.42712184 -9999 -9999 -9999
0.17659421 0.17607277 0.17996196 0.18684838 0.19373479 0.2006212 0.20750761 0.21681721 0.2219742 0.21985159 0.21772899 0.21560638 0.21348377 0.20859758 0.21061774 0.22182675 0.23303576 0.24424477 0.25548439 0.26945751 0.28343062 0.29740374 0.31137685 0.32557299 0.33202576 0.33967554 0.3485836 0.35749166 0.36639972 0.37836928 0.39585538 0.41334149 0.43082759 0.4483137 0.46408387 0.48352681 0.47689423 0.47026166 0.46362909 0.45699651 0.46159518 0.45233577 0.44307637 0.43381696 0.42455755 0.42185321 0.42215619 0.42243636 0.42271652 0.42299669 0.41907403 0.42004345 0.42266525 0.42528705 0.42790885 -9999 -9999 -9999
0.19776452 0.19724308 0.19963062 0.20651703 0.21340345 0.22028986 0.22717627 0.23406269 0.23693301 0.2348104 0.23268779 0.23056519 0.22844258 0.23216817 0.24337718 0.25458619 0.2657952 0.27700421 0.28533737 0.29768729 0.31166041 0.32563352 0.33960664 0.35357976 0.36408844 0.3729965 0.38190456 0.39081262 0.39972067 0.40639913 0.42388524 0.44137134 0.45885745 0.47634355 0.49311062 0.48647804 0.47984547 0.4732129 0.46658032 0.462258 0.45236948 0.44311007 0.43385066 0.42459125 0.41533185 0.41188442 0.41216459 0.41244476 0.41272493 0.41300509 0.41556481 0.41818661 0.42080841 0.42343022 0.42605202 -9999 -9999 -9999
0.2093732 0.20885176 0.20956404 0.21149524 0.21838166 0.22526807 0.23215448 0.23904089 0.25363449 0.26051323 0.25839062 0.25626801 0.25414541 0.257871 0.26908001 0.28028902 0.29149803 0.29768328 0.29851773 0.3061324 0.31736275 0.33133587 0.34530898 0.3592821 0.36979078 0.37869884 0.3876069 0.39651496 0.39089261 0.39056977 0.40636921 0.42371105 0.44119716 0.45868326 0.47545033 0.46881775 0.46218518 0.45555261 0.45313125 0.46093314 0.44546113 0.43175638 0.42249697 0.41323756 0.40397816 0.39943251 0.3979499 0.39823007 0.39851024 0.39879041 0.40255094 0.40729986 0.40992166 0.41254346 0.41516526 -9999 -9999 -9999
0.22098188 0.22046044 0.22117272 0.22272337 0.22427401 0.23024628 0.23713269 0.2440191 0.2586127 0.27347113 0.28409345 0.28197084 0.27984824 0.28357383 0.29478284 0.30599185 0.31010512 0.31086365 0.3116981 0.31931277 0.32692744 0.33703821 0.35101133 0.36498444 0.37549313 0.38440119 0.39330925 0.38448613 0.37521596 0.37489312 0.39069256 0.40649201 0.42353687 0.44102297 0.45779004 0.45115746 0.44452489 0.4440045 0.45180639 0.45960828 0.44413627 0.42618551 0.41114328 0.40188387 0.39262447 0.38807882 0.38578037 0.38401538 0.38429555 0.38457572 0.38833625 0.39395752 0.3990349 0.4016567 0.40427851 -9999 -9999 -9999
0.23259057 0.23206912 0.2327814 0.23433205 0.2358827 0.23743334 0.2421109 0.24899731 0.26359091 0.27844934 0.29330776 0.30767367 0.30555106 0.30927665 0.32048566 0.32252695 0.32328548 0.32404402 0.32487847 0.33249313 0.3401078 0.34772247 0.35671367 0.37068679 0.38119547 0.38734982 0.37807965 0.36880948 0.35953931 0.35921648 0.37501592 0.39081536 0.4066148 0.42336268 0.44012974 0.43349717 0.43487775 0.44267964 0.45048153 0.45828343 0.44281141 0.42486066 0.4069099 0.39053018 0.38127077 0.37672513 0.37442668 0.37212822 0.37008087 0.37036103 0.37412156 0.37974283 0.38536411 0.39076995 0.39339175 -9999 -9999 -9999
0.24032751 0.24357236 0.24439009 0.24594073 0.24749138 0.24904203 0.25059267 0.25397552 0.26856912 0.28342755 0.29828597 0.3131444 0.32800282 0.33419026 0.33494879 0.33570732 0.33646585 0.33722438 0.33805883 0.3456735 0.35328817 0.36090284 0.36851751 0.37638913 0.38094335 0.37167318 0.36240301 0.35313284 0.34386267 0.34353983 0.35933927 0.37513872 0.39093816 0.4067376 0.42246945 0.425751 0.43355289 0.44135478 0.44915668 0.45695857 0.44148656 0.4235358 0.40558504 0.38763428 0.36991708 0.36537144 0.36307299 0.36077453 0.35847608 0.35617763 0.35990688 0.36552815 0.37114942 0.37677069 0.38239196 -9999 -9999 -9999
0.24523609 0.24848094 0.26112949 0.26741322 0.26896387 0.27051452 0.27206516 0.27361581 0.27208608 0.2869445 0.30180293 0.31666135 0.33151978 0.34019299 0.34095152 0.34171005 0.34246858 0.34322711 0.34586564 0.34867279 0.35628746 0.36390213 0.3715168 0.37913146 0.37519713 0.36592696 0.35665679 0.34738662 0.33646611 0.33068268 0.34719644 0.36299588 0.37879532 0.39459476 0.41015578 0.41795767 0.42575956 0.43356145 0.44136334 0.44898381 0.43843887 0.42048812 0.40253736 0.3845866 0.36663584 0.36082925 0.35874999 0.35645154 0.35415309 0.35185463 0.35172372 0.35678627 0.36240755 0.36802882 0.37365009 -9999 -9999 -9999
0.2492663 0.25251115 0.2651597 0.28419847 0.29472564 0.29627629 0.29782694 0.29937758 0.29566943 0.29178058 0.30468446 0.31954288 0.33440131 0.34307452 0.34383305 0.34459158 0.34544965 0.34844729 0.35143022 0.35309924 0.3548595 0.36247417 0.37008884 0.3777035 0.37376917 0.364499 0.35522883 0.34266241 0.32404455 0.31826112 0.33560418 0.35238973 0.36818917 0.38398861 0.39954963 0.40735152 0.41515341 0.4229553 0.43054126 0.43808116 0.42814934 0.41635673 0.3987405 0.38078975 0.36283899 0.35703239 0.35701528 0.35518585 0.35288739 0.35058894 0.35045803 0.35148598 0.35604553 0.3616668 0.36728807 -9999 -9999 -9999
0.25329651 0.25654136 0.26918991 0.28822868 0.30726745 0.32203807 0.32358871 0.32513936 0.32143121 0.31754235 0.3136535 0.32242441 0.33728284 0.34595605 0.34671458 0.34801659 0.35101423 0.35401188 0.35699481 0.35866382 0.36033284 0.36200186 0.36866088 0.37627555 0.37234121 0.36307104 0.34885871 0.33024084 0.31162298 0.30583955 0.32318261 0.34052567 0.35758302 0.37338246 0.38894347 0.39674536 0.40454726 0.41209872 0.41963861 0.42717851 0.41724669 0.40545407 0.39366146 0.37699289 0.35904213 0.35323554 0.35321843 0.35320131 0.3516217 0.34932325 0.34919234 0.35022029 0.35124823 0.35530479 0.36092606 -9999 -9999 -9999
0.2586588 0.26057157 0.27322012 0.29225889 0.31129766 0.33033643 0.34935049 0.35090113 0.34719298 0.34330413 0.33941527 0.33552642 0.34016437 0.34883757 0.35058353 0.35358117 0.35657882 0.35957646 0.36255939 0.36422841 0.36589742 0.36756644 0.36923546 0.37484759 0.37091325 0.35505501 0.33643714 0.31781928 0.29920141 0.29341798 0.31076104 0.3281041 0.34544716 0.36277631 0.37833732 0.38611627 0.39365617 0.40119607 0.40873596 0.41627586 0.40634404 0.39455142 0.38275881 0.37096619 0.35524528 0.34943869 0.34942157 0.34940446 0.34938735 0.34805756 0.34792665 0.34895459 0.34998254 0.35101049 0.35456405 -9999 -9999 -9999
0.26715388 0.2667982 0.27772201 0.29676078 0.31579955 0.33483832 0.35387708 0.37291585 0.36978865 0.3658998 0.36201095 0.35812209 0.35423324 0.35267916 0.35567681 0.35867445 0.36167209 0.36466973 0.36773863 0.36858481 0.37025382 0.37192284 0.37359186 0.37526087 0.36305394 0.34443607 0.3258182 0.30720033 0.28858247 0.28360539 0.30094845 0.31829152 0.33563458 0.35297764 0.37002844 0.37756834 0.38510824 0.39264814 0.40018803 0.40681054 0.39593117 0.38413856 0.37234594 0.36055333 0.34876071 0.34454548 0.34452837 0.34451126 0.34449414 0.34447703 0.34644066 0.34746861 0.34849655 0.3495245 0.35055245 -9999 -9999 -9999
0.27616498 0.2880178 0.29611317 0.30360871 0.32264748 0.34168625 0.36072502 0.37976379 0.37663659 0.37274773 0.36885888 0.36497003 0.35818138 0.35542823 0.35842587 0.36142351 0.36442116 0.36769469 0.37129417 0.3685345 0.3686009 0.37026991 0.37193893 0.37360795 0.36140101 0.34278314 0.32416528 0.30554741 0.30107795 0.30230447 0.30435794 0.32145563 0.3387987 0.35614176 0.37319256 0.38073246 0.38827236 0.39581225 0.40113829 0.39883379 0.38795443 0.37616181 0.36436919 0.35252685 0.33868069 0.33419918 0.33418207 0.33416495 0.33414784 0.34075702 0.34385894 0.34488689 0.34591483 0.34694278 0.34557965 -9999 -9999 -9999
0.2997846 0.31163741 0.31973279 0.32527482 0.33081685 0.34853419 0.36757296 0.38661172 0.38348452 0.37959567 0.37542509 0.36817777 0.36093044 0.35817729 0.36117493 0.36417258 0.36757956 0.37125024 0.37484972 0.37209005 0.36933038 0.36861699 0.370286 0.37195502 0.35974808 0.34113022 0.32251235 0.32145622 0.3222238 0.32345032 0.32550379 0.32755726 0.34196281 0.35930588 0.37635668 0.38389658 0.39143647 0.39546604 0.39316154 0.39085704 0.37997768 0.36818506 0.35602671 0.34218055 0.32833439 0.32385287 0.32383576 0.32421306 0.33119418 0.3381753 0.34127722 0.34230517 0.34325317 0.34168578 0.34011839 -9999 -9999 -9999
0.32340421 0.33525703 0.3433524 0.34889444 0.35443647 0.3599785 0.37442089 0.39345966 0.39033246 0.38542148 0.37817416 0.37092683 0.36367951 0.36092636 0.363924 0.36746442 0.37113511 0.37480579 0.37840527 0.3756456 0.37288593 0.37012626 0.36863308 0.37030209 0.35809516 0.3410669 0.34183449 0.34260207 0.34336966 0.34459617 0.34664964 0.34870311 0.35075658 0.36246999 0.3795208 0.3870607 0.38979379 0.38748929 0.38518479 0.38288029 0.37200093 0.35952656 0.3456804 0.33183425 0.31798809 0.31350657 0.31465022 0.32163134 0.32861246 0.33559358 0.3386955 0.3393593 0.33779191 0.33622452 0.33465713 -9999 -9999 -9999
0.34702383 0.35887664 0.36697202 0.37251405 0.37805608 0.38359812 0.38914015 0.4003076 0.39541787 0.38817055 0.38092322 0.3736759 0.36642857 0.3636786 0.36734929 0.37101997 0.37469066 0.37836134 0.38196082 0.37920115 0.37644148 0.37368181 0.37092214 0.36864917 0.36144517 0.36221275 0.36298034 0.36374793 0.36451551 0.36574203 0.3677955 0.36984896 0.37190243 0.3739559 0.38268492 0.38412153 0.38181704 0.37951254 0.37720804 0.37490355 0.36302642 0.34918026 0.3353341 0.32148794 0.30764178 0.30508738 0.3120685 0.31904962 0.32603074 0.33301186 0.33546543 0.33389804 0.33233065 0.33076326 0.32919587 -9999 -9999 -9999
0.35746782 0.36932064 0.3765795 0.38181912 0.38736116 0.39290319 0.39844522 0.40398726 0.41077326 0.40352594 0.39627861 0.38903129 0.38178396 0.37932606 0.38299674 0.38666742 0.39033811 0.39400879 0.39921852 0.40678138 0.40402171 0.40126204 0.39850237 0.3957427 0.39539563 0.39616321 0.3969308 0.39769839 0.39871586 0.39224256 0.38395524 0.38600871 0.38806218 0.39011564 0.39203919 0.38973469 0.38743019 0.3851257 0.3828212 0.37294078 0.36250032 0.34865416 0.334808 0.32096184 0.30711569 0.3072007 0.31416995 0.32115107 0.32813219 0.33511332 0.33516263 0.33344445 0.33187706 0.33030967 0.32874228 -9999 -9999 -9999
0.36043132 0.37228414 0.379543 0.38368007 0.38853911 0.39408114 0.39962317 0.40516521 0.4148674 0.42471253 0.41879128 0.41154396 0.40429663 0.40183872 0.40550941 0.40918009 0.41288487 0.41842213 0.42401868 0.43491056 0.44524203 0.44248236 0.43972269 0.43696302 0.43661594 0.43738353 0.43815112 0.43957689 0.44235777 0.43588448 0.41273599 0.39933757 0.40139104 0.40344451 0.40536805 0.40306356 0.40075906 0.39845456 0.38671658 0.3726118 0.36285956 0.35357088 0.33985736 0.3260112 0.31216504 0.31225006 0.31897648 0.32591141 0.33289254 0.33987366 0.33992297 0.33626626 0.3342666 0.33269921 0.33113183 -9999 -9999 -9999
0.36339482 0.37524764 0.3825065 0.38664357 0.39078064 0.39525909 0.40080112 0.40634315 0.41604535 0.42589048 0.43573562 0.43405663 0.4268093 0.42435139 0.42802208 0.43214777 0.43768502 0.44322228 0.44881883 0.45971071 0.47060259 0.48149447 0.480943 0.47818333 0.47783626 0.47860385 0.48043793 0.48321881 0.48599969 0.4795264 0.45637791 0.43322942 0.41471991 0.41677337 0.41869692 0.41639242 0.41408793 0.40049238 0.3863876 0.37228282 0.36253058 0.3532419 0.34395322 0.33106055 0.31721439 0.31729941 0.32402583 0.33075226 0.33765288 0.344634 0.34468331 0.3410266 0.33736989 0.33508876 0.33352137 -9999 -9999 -9999
0.36119891 0.37821114 0.38547 0.38960707 0.39374414 0.39788121 0.40201828 0.4075211 0.41722329 0.42706843 0.43691357 0.44675871 0.44932197 0.44686406 0.45141066 0.45694792 0.46248518 0.46802243 0.47361898 0.48451086 0.49540275 0.50629463 0.51718651 0.51940365 0.51905658 0.52129897 0.52407985 0.52686073 0.52964161 0.52316832 0.50001983 0.47687134 0.45372286 0.43057437 0.43202579 0.42837295 0.41426818 0.4001634 0.38605862 0.37195384 0.3622016 0.35291292 0.34362424 0.33433556 0.32226374 0.32234876 0.32907519 0.33580161 0.34252803 0.34939434 0.34944365 0.34578694 0.34213023 0.33847352 0.33591091 -9999 -9999 -9999
