P2_models/J1_p2_tot_conduct_slide_102.59.dat.tif
NCOLS 118
NROWS 92
XLLCORNER 139.62
YLLCORNER -39.07
DX 0.099491525
DY 0.099347826
NODATA_VALUE -9999
[rows 52 to 77 of 92, columns 57 to 113 of 118]
-2.5401812 -2.6283568 -2.7112664 -2.7941558 -2.8674653 -2.9141556 -2.9403376 -2.9833633 -3.0283475 -3.0567185 -3.0709233 -3.0133229 -2.9672599 -2.9562053 -2.9315519 -2.8873335 -2.7988336 -2.6827601 -2.5043739 -2.3047176 -2.0449341 -1.7889478 -1.5291644 -1.2970528 -1.0980698 -0.97754659 -0.88962405 -0.89927565 -0.92817718 -1.0552346 -1.2011624 -1.3780362 -1.5696329 -1.7802854 -1.9532545 -2.1166863 -2.24544 -2.3524948 -2.4402814 -2.5029783 -2.5490259 -2.5823775 -2.6173859 -2.6700578 -2.7197523 -2.7548669 -2.7860185 -2.8168103 -2.8723017 -2.9142173 -2.9259222 -2.93 -2.9306153 -2.7491855 -2.6150719 -2.5975146 -2.5469812
-2.6239475 -2.6917223 -2.7530513 -2.8146562 -2.8769581 -2.9071811 -2.9281768 -2.9683547 -3.0125732 -3.0354413 -3.0512964 -3.0026843 -2.9552512 -2.9402474 -2.9146448 -2.8704263 -2.7740186 -2.6542651 -2.4701832 -2.2650852 -1.9947856 -1.7338863 -1.4698994 -1.2316927 -1.0296884 -0.90631742 -0.81788051 -0.82614793 -0.85525173 -0.98400547 -1.1358513 -1.3227649 -1.5277749 -1.7448046 -1.9410345 -2.1141874 -2.2532308 -2.368829 -2.4627179 -2.5335354 -2.58209 -2.6165682 -2.6510232 -2.6989292 -2.7448265 -2.7730813 -2.796491 -2.8243971 -2.8742002 -2.9142173 -2.9259222 -2.93 -2.93 -2.7482362 -2.6141226 -2.5965653 -2.5423679
-2.6936449 -2.7250647 -2.7692831 -2.8054511 -2.8525786 -2.9022898 -2.9127626 -2.9510517 -2.9952702 -3.0230052 -3.0408053 -3.0001199 -2.9605637 -2.9439818 -2.9071244 -2.8629059 -2.7599765 -2.6328484 -2.4422458 -2.2304792 -1.9596412 -1.6899189 -1.4246082 -1.184675 -0.9798395 -0.85624949 -0.76781258 -0.77608 -0.8051838 -0.93393754 -1.0890443 -1.2825 -1.4982708 -1.7265161 -1.927203 -2.1194277 -2.2627982 -2.3901013 -2.4895929 -2.5375843 -2.5902563 -2.622037 -2.6670054 -2.7342897 -2.7720764 -2.7954862 -2.8156351 -2.8390448 -2.8471997 -2.8832391 -2.894944 -2.8973913 -2.8973913 -2.7775841 -2.6434705 -2.6259131 -2.5603027
-2.6801956 -2.674461 -2.6799883 -2.7038025 -2.7201149 -2.8031479 -2.892893 -2.9338408 -2.9820238 -3.0208986 -3.0474285 -3.0421921 -3.0201724 -3.0035905 -2.9627619 -2.8909069 -2.7790738 -2.6328484 -2.4310957 -2.2039864 -1.9331484 -1.6634262 -1.3981155 -1.1588499 -0.95986686 -0.83853009 -0.7545662 -0.76283362 -0.79193742 -0.92967099 -1.0890443 -1.2825 -1.5014207 -1.7397625 -1.9434564 -2.1392973 -2.2914608 -2.4217544 -2.4568691 -2.4919837 -2.5306476 -2.5556986 -2.5941503 -2.7521663 -2.82455 -2.8421074 -2.8596647 -2.878784 -2.7771436 -2.7570362 -2.7628887 -2.7649275 -2.7649275 -2.805971 -2.7622624 -2.7330001 -2.6561058
-2.7219547 -2.6524827 -2.6421672 -2.6403388 -2.6431241 -2.7096986 -2.7943751 -2.8505727 -2.9003185 -2.9395974 -2.9760227 -2.9736014 -2.9773681 -2.9625603 -2.9248344 -2.8558082 -2.7372912 -2.5880539 -2.3753421 -2.1579864 -1.8885444 -1.6320566 -1.3728256 -1.1515838 -0.95775817 -0.83816777 -0.76362761 -0.7739713 -0.81359642 -0.95294194 -1.1085515 -1.3043841 -1.5258048 -1.7657549 -1.9713332 -2.1640436 -2.3162071 -2.4307834 -2.4580722 -2.4863823 -2.521497 -2.544858 -2.579817 -2.7365503 -2.8367747 -2.854332 -2.8718893 -2.8894467 -2.7876218 -2.7221087 -2.7279611 -2.73 -2.73 -2.7661666 -2.7853276 -2.7560654 -2.679171
-2.6967083 -2.6048183 -2.5771817 -2.5583822 -2.5531459 -2.5963582 -2.6749041 -2.7326017 -2.7823475 -2.8312495 -2.8734509 -2.8866231 -2.8931299 -2.8822053 -2.848404 -2.7820763 -2.6665593 -2.517322 -2.313678 -2.1023682 -1.8524284 -1.6059831 -1.3647024 -1.1494606 -0.96218245 -0.85685217 -0.78499718 -0.8095113 -0.84932851 -0.9839347 -1.1445169 -1.3435 -1.5619207 -1.8018709 -2.0013117 -2.193013 -2.3411999 -2.4501381 -2.4676954 -2.4930055 -2.5281201 -2.5499812 -2.5838335 -2.7350503 -2.8352747 -2.852832 -2.8688893 -2.8864467 -2.7861218 -2.7206087 -2.7264611 -2.7285 -2.7285 -2.7621801 -2.7772044 -2.7479422 -2.6577198
-2.6354402 -2.5341683 -2.4733679 -2.447558 -2.4273053 -2.4579743 -2.5093244 -2.5698111 -2.6233909 -2.6838241 -2.734364 -2.7657824 -2.7805357 -2.7750084 -2.7433576 -2.6825572 -2.5711701 -2.4312206 -2.2355478 -2.0361363 -1.7984621 -1.5596207 -1.3440558 -1.1394067 -0.97542883 -0.87465975 -0.81148993 -0.8460097 -0.89569083 -1.039016 -1.2041256 -1.4031087 -1.6181187 -1.8482332 -2.0445365 -2.2327521 -2.3673583 -2.4700051 -2.48171 -2.5041676 -2.5347433 -2.5531091 -2.5838335 -2.7301446 -2.8286515 -2.8462088 -2.859803 -2.8732003 -2.7773977 -2.7137536 -2.7137536 -2.7175672 -2.7218768 -2.7511935 -2.7638757 -2.728761 -2.6313583
-2.5245054 -2.4067809 -2.3359404 -2.2895163 -2.2636849 -2.2750542 -2.3175584 -2.3795849 -2.4357725 -2.5058821 -2.5678285 -2.6266954 -2.6516961 -2.6529215 -2.6255721 -2.5670935 -2.4575831 -2.3194004 -2.1313449 -1.9512249 -1.7369766 -1.5082289 -1.3071862 -1.1234117 -0.97178465 -0.89353578 -0.8365985 -0.88674159 -0.94282085 -1.0910973 -1.2637343 -1.4627174 -1.6777274 -1.9059726 -2.0911166 -2.2768886 -2.402351 -2.4974906 -2.5240646 -2.5601314 -2.5893936 -2.6024496 -2.6246572 -2.7206518 -2.8172819 -2.8291252 -2.8389407 -2.8506456 -2.7261803 -2.6625362 -2.6625362 -2.6625362 -2.6674559 -2.7255849 -2.7345134 -2.6968408 -2.5899215
-2.3594855 -2.258107 -2.1751974 -2.1170888 -2.080434 -2.0882353 -2.1148103 -2.1772298 -2.2435575 -2.3152289 -2.3905966 -2.4586697 -2.5126092 -2.5181365 -2.4997316 -2.4444585 -2.3383657 -2.2009354 -2.0330022 -1.8571307 -1.6470931 -1.4458811 -1.2524254 -1.0944044 -0.95979826 -0.89079665 -0.85549288 -0.91213129 -0.98995086 -1.1479668 -1.3247126 -1.5236957 -1.7387056 -1.9669509 -2.1520949 -2.3246205 -2.4475218 -2.5405132 -2.5873327 -2.6206604 -2.6491163 -2.6599906 -2.6771934 -2.7532752 -2.7995191 -2.8053715 -2.8138175 -2.8243373 -2.6934019 -2.6058913 -2.6058913 -2.6072609 -2.6072609 -2.6690186 -2.7008079 -2.6598408 -2.5501824
-2.1810289 -2.0721995 -1.9782353 -1.9195036 -1.8880853 -1.8993295 -1.9359842 -2.0042427 -2.0779778 -2.1596585 -2.2448864 -2.3170139 -2.3735222 -2.3888298 -2.3743084 -2.3245626 -2.2220924 -2.0949643 -1.9295578 -1.7577829 -1.5620703 -1.373026 -1.1981138 -1.0526848 -0.94655188 -0.88641706 -0.87536244 -0.94331274 -1.0363132 -1.2070163 -1.3909445 -1.600913 -1.8145122 -2.0331828 -2.2130663 -2.377606 -2.4844286 -2.5670059 -2.6023763 -2.6323297 -2.6557395 -2.662988 -2.6771934 -2.7444781 -2.7860217 -2.7860217 -2.7919921 -2.7978445 -2.6715618 -2.5861232 -2.5919756 -2.5940145 -2.5940145 -2.6467846 -2.6743151 -2.6217394 -2.5071298
-1.9863478 -1.8757402 -1.7841556 -1.7399022 -1.7144766 -1.7405069 -1.7802379 -1.8613636 -1.9397265 -2.037028 -2.1239063 -2.2010067 -2.2616252 -2.281453 -2.2689388 -2.2191931 -2.1207373 -1.9936093 -1.83021 -1.6634182 -1.4845993 -1.3055974 -1.1517515 -1.017813 -0.92405825 -0.90210992 -0.89523201 -0.98967506 -1.083827 -1.2628093 -1.4677104 -1.6803913 -1.8939905 -2.1105309 -2.2660518 -2.4295447 -2.5201533 -2.5989718 -2.6246955 -2.6399846 -2.6623627 -2.6603793 -2.6709175 -2.7312317 -2.7707681 -2.7653149 -2.7575731 -2.7621199 -2.6450691 -2.5636449 -2.5694973 -2.5715362 -2.5715362 -2.6196904 -2.6392882 -2.5817612 -2.4514322
-1.7876521 -1.6795228 -1.5910859 -1.5565036 -1.5460308 -1.5848402 -1.6374685 -1.7317621 -1.8257264 -1.9250343 -2.0224643 -2.1010102 -2.1618498 -2.183959 -2.1720693 -2.1223235 -2.0226286 -1.8957463 -1.7378744 -1.574411 -1.3975372 -1.2310757 -1.0873657 -0.98012463 -0.90404287 -0.89134181 -0.91120597 -1.0141391 -1.1354422 -1.3344252 -1.5418046 -1.7573696 -1.9734688 -2.1900091 -2.345444 -2.4825302 -2.5703168 -2.6287152 -2.6404201 -2.6978397 -2.7140454 -2.7071351 -2.7076638 -2.7661883 -2.7492879 -2.737583 -2.727363 -2.7204558 -2.6180556 -2.5445869 -2.5504394 -2.5524783 -2.5524783 -2.5919503 -2.6034931 -2.5391163 -2.4075481
-1.5984456 -1.4946655 -1.4393925 -1.4156938 -1.431403 -1.4780575 -1.551367 -1.6578605 -1.7661177 -1.8686316 -1.9694788 -2.0362531 -2.0889947 -2.1015846 -2.0856808 -2.0304078 -1.9312456 -1.8096448 -1.6565653 -1.5015559 -1.3350346 -1.1780901 -1.0524019 -0.95786777 -0.90404287 -0.90119934 -0.9509451 -1.0646684 -1.201674 -1.4088543 -1.6212829 -1.8314855 -2.0482901 -2.2694874 -2.414923 -2.5355157 -2.6077454 -2.655208 -2.8571131 -2.9466277 -2.9524802 -2.9380576 -2.9328522 -2.8249207 -2.7159309 -2.6925211 -2.6791752 -2.6674703 -2.6129012 -2.5578333 -2.5636858 -2.5657246 -2.5657246 -2.5774513 -2.5770004 -2.5069496 -2.3729058
-1.4533659 -1.3780663 -1.3385374 -1.3442337 -1.3681494 -1.4377168 -1.5146061 -1.6296778 -1.7461441 -1.8560156 -1.9527371 -2.0082531 -2.0555145 -2.0603382 -2.0374474 -1.9780527 -1.8775489 -1.7549419 -1.6061378 -1.4514956 -1.3044766 -1.1564587 -1.0483367 -0.96759119 -0.92804362 -0.96432699 -1.0175973 -1.1578133 -1.2955867 -1.5077182 -1.7197834 -1.9222826 -2.1358818 -2.3569945 -2.4679085 -2.5872799 -2.6387236 -2.7500846 -2.9629898 -3.0397445 -3.0428932 -3.0105286 -2.9789143 -2.8052613 -2.6919961 -2.6607978 -2.6277569 -2.6144848 -2.5599157 -2.5262246 -2.5320771 -2.5341159 -2.5341159 -2.5458426 -2.5306065 -2.4626742 -2.3360092
-1.3136703 -1.2710736 -1.2544916 -1.2813859 -1.3285134 -1.4123907 -1.5066458 -1.6275183 -1.7546464 -1.8646347 -1.963537 -2.0150503 -2.0522174 -2.0522174 -2.0220127 -1.955685 -1.8510852 -1.7239571 -1.5741595 -1.4208097 -1.2802422 -1.1510022 -1.0515107 -0.98973612 -0.97217879 -1.0239937 -1.101376 -1.2497774 -1.4089775 -1.6313704 -1.8356747 -2.0291304 -2.2319036 -2.4484439 -2.5519605 -2.6384588 -2.6815414 -2.7828625 -2.9994029 -3.0750489 -3.063344 -3.0239243 -2.9711844 -2.7945004 -2.6708663 -2.6298992 -2.5913149 -2.5620527 -2.5069302 -2.4732391 -2.4790916 -2.4811304 -2.4811304 -2.4928571 -2.4795801 -2.4152032 -2.292973
-1.2472645 -1.2193584 -1.2412453 -1.2781848 -1.348383 -1.4421876 -1.5530081 -1.677061 -1.8076319 -1.9133852 -2.0098993 -2.0465541 -2.0781874 -2.0671328 -2.0339431 -1.9623082 -1.8577083 -1.7305803 -1.5830485 -1.434056 -1.306928 -1.1841538 -1.1122988 -1.0619151 -1.0715266 -1.1340291 -1.2272165 -1.3867975 -1.5546877 -1.7691442 -1.9638185 -2.1296377 -2.3249613 -2.5279222 -2.6137948 -2.6848211 -2.7082309 -2.802732 -3.0247361 -3.0965905 -3.0765904 -3.0255108 -2.9645612 -2.7772831 -2.6509968 -2.5983446 -2.5496357 -2.5090672 -2.4539447 -2.4202536 -2.420413 -2.4242266 -2.4281449 -2.4398716 -2.4265946 -2.3677612 -2.2542766
-1.1856449 -1.1945903 -1.2294119 -1.2954239 -1.3822795 -1.4925427 -1.6109254 -1.7365546 -1.8691439 -1.9750809 -2.0562616 -2.0924997 -2.1133903 -2.1010833 -2.0602546 -1.9883997 -1.8817518 -1.7613471 -1.6180703 -1.482143 -1.3550149 -1.2564654 -1.1896014 -1.1788331 -1.2008228 -1.2725726 -1.386716 -1.5518337 -1.7344707 -1.94575 -2.144188 -2.3100072 -2.4427042 -2.6232922 -2.7063383 -2.7529588 -2.7759866 -2.8593215 -3.0003262 -2.983721 -2.9603112 -2.9211703 -2.8534163 -2.672225 -2.5656397 -2.5129678 -2.4642589 -2.4174393 -2.3835389 -2.3477391 -2.3477391 -2.3515527 -2.3614262 -2.3607557 -2.3494378 -2.2974132 -2.190494
-1.1858696 -1.2131243 -1.2683974 -1.3509764 -1.4504679 -1.5652999 -1.685737 -1.8094096 -1.9365377 -2.0252817 -2.1030832 -2.1341954 -2.1537159 -2.137134 -2.0972836 -2.0254286 -1.9286742 -1.8126007 -1.6829256 -1.5567518 -1.4563183 -1.3684648 -1.3242463 -1.3173911 -1.3583582 -1.4554559 -1.5770566 -1.74891 -1.9335502 -2.1500906 -2.3318982 -2.4977174 -2.6245447 -2.7298887 -2.7800346 -2.8231093 -2.839059 -2.8490989 -2.8432465 -2.8246848 -2.801275 -2.7620982 -2.7132317 -2.5723482 -2.4657629 -2.4130909 -2.3624255 -2.315606 -2.2890632 -2.2731522 -2.2731522 -2.2827358 -2.2944407 -2.2902236 -2.2723731 -2.231406 -2.1494056
-1.2220127 -1.2591539 -1.3412525 -1.425971 -1.5299462 -1.6473905 -1.7718385 -1.8888895 -2.0093928 -2.0937713 -2.1693151 -2.1902607 -2.2067014 -2.1901195 -2.1517155 -2.0850373 -1.9957859 -1.892079 -1.7752159 -1.6759692 -1.5985869 -1.5214859 -1.504904 -1.5081197 -1.5703002 -1.6702002 -1.7956218 -1.9559043 -2.1322459 -2.3219221 -2.4742872 -2.5848333 -2.6972834 -2.776251 -2.8117601 -2.8429788 -2.8488313 -2.8557221 -2.8445364 -2.8220788 -2.7946518 -2.7474409 -2.6933622 -2.5470511 -2.4392702 -2.375174 -2.3226864 -2.2758669 -2.2442801 -2.2267899 -2.2323524 -2.245832 -2.2613248 -2.2619928 -2.2458803 -2.2157393 -2.138845
-1.2696752 -1.3210455 -1.4062452 -1.5052632 -1.6113997 -1.7233087 -1.8471105 -1.9610455 -2.0768816 -2.1518401 -2.2241603 -2.2414046 -2.2544183 -2.2409927 -2.2122874 -2.1543666 -2.0845597 -1.9903037 -1.8908122 -1.8191523 -1.7730264 -1.7134972 -1.7139681 -1.7337729 -1.8026063 -1.8985624 -2.023453 -2.1572692 -2.3237282 -2.4916746 -2.5886484 -2.6762112 -2.7486489 -2.8122731 -2.8330763 -2.8545264 -2.8560269 -2.8562413 -2.84002 -2.8094417 -2.7792374 -2.7224104 -2.6629812 -2.512697 -2.3980011 -2.3309872 -2.2766103 -2.2297908 -2.2072568 -2.1894767 -2.1978166 -2.2171486 -2.2354188 -2.2454736 -2.235678 -2.2064158 -2.1331855
-1.3255707 -1.389412 -1.4778489 -1.5775887 -1.6875531 -1.7995934 -1.9141113 -2.020325 -2.1308712 -2.2040115 -2.2655045 -2.2812136 -2.2918034 -2.2807488 -2.2581751 -2.2139566 -2.1583997 -2.0901923 -2.0298251 -1.9744049 -1.9357137 -1.9161519 -1.9272065 -1.9683391 -2.0444209 -2.1440758 -2.2505099 -2.3769365 -2.4949378 -2.6119867 -2.6938156 -2.7546159 -2.7651768 -2.8061439 -2.8220141 -2.8297101 -2.8297101 -2.8206782 -2.7972684 -2.7560887 -2.7209741 -2.665675 -2.5962363 -2.4440728 -2.3553288 -2.2850995 -2.2292082 -2.1837187 -2.1673898 -2.1596739 -2.1713788 -2.1952542 -2.221025 -2.2392992 -2.2377769 -2.2085146 -2.1352843
-1.3851794 -1.4486466 -1.5315563 -1.6293188 -1.7340467 -1.8424993 -1.9472272 -2.0478918 -2.1507407 -2.2203997 -2.2787508 -2.2986593 -2.3116729 -2.3106884 -2.2935404 -2.2714312 -2.2293272 -2.1961634 -2.1544972 -2.1267382 -2.1104042 -2.1082244 -2.1384022 -2.1861207 -2.2563629 -2.3464264 -2.429336 -2.5290065 -2.6141552 -2.6874644 -2.7462492 -2.779413 -2.7495377 -2.6869265 -2.6972464 -2.6972464 -2.6930818 -2.6814719 -2.6170951 -2.5706394 -2.5355248 -2.4871873 -2.4240335 -2.3672827 -2.321817 -2.2457352 -2.1915698 -2.1506027 -2.1432893 -2.1405434 -2.1698056 -2.1991567 -2.2342714 -2.2655921 -2.2708928 -2.2416306 -2.1665986
-1.4447881 -1.5019203 -1.5797809 -1.6663279 -1.7661264 -1.8636733 -1.9660605 -2.058147 -2.1566949 -2.2241243 -2.2849509 -2.3137679 -2.3336319 -2.3438043 -2.3438043 -2.3310399 -2.3228478 -2.2973735 -2.2687436 -2.2702231 -2.2881941 -2.2915933 -2.3284022 -2.3692264 -2.4320674 -2.4845057 -2.5605534 -2.6148978 -2.696208 -2.7487495 -2.7677497 -2.7897609 -2.7566801 -2.6731904 -2.6553625 -2.6547157 -2.6396905 -2.6150444 -2.5456822 -2.4839374 -2.4452929 -2.3826728 -2.3332037 -2.2913189 -2.2439909 -2.1736522 -2.1370171 -2.0984433 -2.1054125 -2.1119782 -2.1466843 -2.191465 -2.2284743 -2.259795 -2.2706826 -2.2414204 -2.1645261
-1.5054384 -1.5550042 -1.6268592 -1.7044847 -1.7935034 -1.8831469 -1.977402 -2.0671423 -2.1555792 -2.2226414 -2.2842932 -2.3163693 -2.3482203 -2.3651408 -2.3803804 -2.3803804 -2.387795 -2.387795 -2.3923289 -2.402611 -2.4275637 -2.4519045 -2.4902286 -2.5299609 -2.5826329 -2.6235911 -2.6678096 -2.7109315 -2.75895 -2.7823598 -2.7939454 -2.805 -2.7589534 -2.6711668 -2.6494308 -2.6430215 -2.6215388 -2.5851879 -2.5091061 -2.4384638 -2.3857918 -2.3163298 -2.2512932 -2.2035441 -2.1499499 -2.085573 -2.0578354 -2.0344257 -2.0516641 -2.0743803 -2.1153474 -2.1645768 -2.2113963 -2.244868 -2.2557556 -2.2264934 -2.1466333
-1.5585062 -1.6024178 -1.6576909 -1.7279653 -1.8012748 -1.8860279 -1.9703057 -2.060046 -2.148483 -2.2155451 -2.2771969 -2.3138517 -2.3482203 -2.3813842 -2.4054363 -2.4275455 -2.4474508 -2.4729503 -2.4868235 -2.5090551 -2.542219 -2.5725412 -2.605705 -2.6410557 -2.6761704 -2.7066519 -2.731676 -2.7613888 -2.7944314 -2.8033947 -2.8071584 -2.8071584 -2.7555085 -2.6569742 -2.6289292 -2.6146364 -2.5795217 -2.5341383 -2.4404992 -2.3611971 -2.2935403 -2.2135411 -2.1377529 -2.0850809 -2.0318255 -1.985006 -1.9659282 -1.9563667 -1.9917624 -2.0260821 -2.0787541 -2.1314261 -2.1830112 -2.2208633 -2.2344668 -2.2052046 -2.1209823
-1.597779 -1.6321399 -1.6782307 -1.7380072 -1.8069581 -1.8838582 -1.9659339 -2.0490391 -2.1364679 -2.2088272 -2.2721293 -2.317728 -2.3548875 -2.3919784 -2.4275669 -2.4582934 -2.4804026 -2.5062214 -2.529324 -2.5567915 -2.5847195 -2.6033777 -2.5821848 -2.6069223 -2.630041 -2.6486989 -2.6677751 -2.5690039 -2.5832027 -2.5859883 -2.5802519 -2.5769275 -2.6282137 -2.5977488 -2.553907 -2.5342703 -2.4837878 -2.4298795 -2.3665295 -2.2884038 -2.2078974 -2.1162177 -2.0344567 -1.9722972 -1.9218835 -1.8852872 -1.8877299 -1.8872134 -1.9284596 -1.9713042 -2.0304926 -2.0910559 -2.1452114 -2.1886946 -2.2037189 -2.171348 -2.0776092
