P2_models/J1_p2_vp_slide_diff2_30.dat.tif
NCOLS 118
NROWS 92
XLLCORNER 139.62
YLLCORNER -39.07
DX 0.099491525
DY 0.099347826
NODATA_VALUE -9999
[rows 25 to 49 of 92, columns 58 to 115 of 118]
0.28954933 0.28148536 0.27994183 0.27732119 0.27098216 0.26464313 0.2583041 0.25196507 0.24211748 0.24568228 0.24943655 0.25319082 0.25694508 0.25911567 0.25925974 0.25940382 0.2595479 0.25969198 0.26599684 0.25228545 0.25335301 0.25442058 0.25548814 0.2565557 0.27543204 0.30253635 0.32964066 0.35674497 0.3766834 0.38144049 0.38847995 0.39519112 0.40190229 0.40861347 0.41516175 0.4164091 0.41765645 0.4189038 0.42015115 0.41907938 0.44516647 0.44667871 0.44753281 0.4483869 0.449241 0.4511361 0.45176623 0.45191607 0.4520659 0.45221573 0.45607919 0.46147098 0.46671856 0.47196615 0.47721373 -9999 -9999 -9999
0.298111 0.29004703 0.2885035 0.29139089 0.29052113 0.2841821 0.27784307 0.27150404 0.26165645 0.2516883 0.25294057 0.25669484 0.2604491 0.26261968 0.26276376 0.26290784 0.26384766 0.27056223 0.27703903 0.26228087 0.24752271 0.24764252 0.24871008 0.24977764 0.26865399 0.29575829 0.3228626 0.33980887 0.34317169 0.34792878 0.35519823 0.36230805 0.36901922 0.37573039 0.38227867 0.38352602 0.38477338 0.38602073 0.38471066 0.38310553 0.40919263 0.43822904 0.44269436 0.44354845 0.44440255 0.44629765 0.44868903 0.44945879 0.44960863 0.44975846 0.45362192 0.45947082 0.46490008 0.47014766 0.47539524 -9999 -9999 -9999
0.30667266 0.2986087 0.29706517 0.29995256 0.30283994 0.30372107 0.29738204 0.29104301 0.28119542 0.27122727 0.26125913 0.26019885 0.26395312 0.2661237 0.26626778 0.26817528 0.27488986 0.28160443 0.28808123 0.27332307 0.25856491 0.24380675 0.24193202 0.24299959 0.26187593 0.28898023 0.30293435 0.30629716 0.30965997 0.31441706 0.32168652 0.32895597 0.33613615 0.34284732 0.3493956 0.35064295 0.3518903 0.35034194 0.34873681 0.34713168 0.37321878 0.40225519 0.4312916 0.43871 0.4395641 0.4414592 0.44385058 0.44624195 0.44715135 0.44730119 0.45116464 0.45701355 0.46286246 0.46832917 0.47357675 -9999 -9999 -9999
0.31728495 0.30717037 0.30562684 0.30851423 0.31140161 0.314289 0.31692101 0.31058198 0.30073439 0.29076624 0.2807981 0.27082995 0.26745714 0.26962772 0.2725029 0.27921748 0.28593205 0.29264662 0.29912342 0.28436526 0.2696071 0.25484894 0.24009078 0.23622153 0.25509787 0.26605982 0.26942263 0.27278545 0.27614826 0.28090535 0.2881748 0.29544425 0.30271371 0.30996425 0.31651253 0.31757835 0.31597322 0.31436809 0.31276296 0.31115783 0.33724493 0.36628134 0.39531775 0.42435416 0.43472565 0.43662075 0.43901213 0.4414035 0.44379488 0.44484391 0.44870737 0.45455628 0.46040519 0.46625409 0.47175826 -9999 -9999 -9999
0.32995114 0.31592088 0.31011872 0.31300611 0.3158935 0.31878088 0.32166827 0.32455566 0.31790107 0.30793292 0.29796477 0.28799663 0.27802848 0.27537856 0.28209314 0.28880771 0.29552228 0.30223685 0.30658486 0.29455888 0.27980072 0.26504256 0.2502844 0.23552624 0.23316258 0.23652539 0.23988821 0.24325102 0.24661383 0.2465534 0.25382285 0.2610923 0.26836175 0.2756312 0.28263608 0.28103095 0.27942582 0.27782069 0.27621556 0.27515195 0.30397861 0.33301502 0.36205143 0.39108784 0.42012425 0.43340886 0.43580024 0.43819162 0.44058299 0.44297437 0.44788623 0.45373514 0.45958404 0.46543295 0.47128186 -9999 -9999 -9999
0.31796979 0.30393953 0.29145938 0.28399422 0.28688161 0.28976899 0.29265638 0.29554377 0.30805088 0.30557013 0.29560199 0.28563384 0.27566569 0.27301578 0.27973035 0.28644492 0.29315949 0.29441214 0.28204954 0.29192942 0.2830086 0.26825044 0.25349228 0.23873412 0.23637046 0.23973327 0.24309609 0.2464589 0.23808416 0.22319061 0.21255376 0.21982321 0.22709267 0.23436212 0.24136699 0.23976186 0.23815673 0.2365516 0.23763079 0.26167594 0.29227612 0.32203793 0.35107434 0.38011075 0.40914716 0.4336262 0.44597874 0.44837012 0.4507615 0.45315288 0.45931207 0.46638317 0.47223208 0.47808099 0.4839299 -9999 -9999 -9999
0.30598844 0.29195818 0.27947804 0.26805126 0.25786972 0.2607571 0.26364449 0.26653188 0.27903899 0.29187666 0.2932392 0.28327105 0.27330291 0.27065299 0.27736756 0.28408213 0.28248848 0.26987682 0.25751422 0.2673941 0.27727399 0.27145832 0.25670016 0.241942 0.23957834 0.24294115 0.24630396 0.2354837 0.21944228 0.20454873 0.19172352 0.17889832 0.18582358 0.19309303 0.20009791 0.19849278 0.19688765 0.20010964 0.22415479 0.24819994 0.27880012 0.31009843 0.34009725 0.36913366 0.39817007 0.42264911 0.4449555 0.45854862 0.46094 0.46333138 0.46949057 0.4776642 0.48488012 0.49072902 0.49657793 -9999 -9999 -9999
0.29400709 0.27997683 0.26749669 0.25606991 0.24464313 0.23321635 0.2346326 0.23751998 0.2500271 0.26286476 0.27570243 0.28090827 0.27094012 0.2682902 0.27500477 0.27056481 0.25795316 0.2453415 0.2329789 0.24285878 0.25273867 0.26261855 0.25990803 0.24514987 0.24278621 0.24614903 0.23288323 0.21684182 0.2008004 0.18590685 0.17308164 0.16025644 0.14743123 0.15182394 0.15882882 0.15722369 0.16258848 0.18663363 0.21067878 0.23472394 0.26532412 0.29662243 0.32792074 0.35815657 0.38719298 0.41167202 0.43397842 0.45628481 0.4711185 0.47350988 0.47966908 0.4878427 0.49601633 0.50337706 0.50922597 -9999 -9999 -9999
0.27676909 0.26799549 0.25551534 0.24408856 0.23266178 0.221235 0.20980822 0.20850809 0.22101521 0.23385287 0.24669054 0.2595282 0.26857733 0.26592742 0.25864115 0.24602949 0.23341784 0.22080618 0.20844358 0.21832346 0.22820335 0.23808323 0.24796311 0.24835775 0.24599409 0.23028276 0.21424135 0.19819994 0.18215852 0.16726497 0.15443977 0.14161456 0.12878935 0.11596414 0.11755973 0.12506733 0.14911248 0.17315763 0.19720278 0.22124793 0.25184811 0.28314642 0.31444474 0.34574305 0.37621589 0.40069493 0.42300133 0.44530772 0.46761412 0.48368838 0.48984758 0.49802121 0.50619483 0.51436846 0.521874 -9999 -9999 -9999
0.26181121 0.25569852 0.24494073 0.23351395 0.22208717 0.21066039 0.19923361 0.18780683 0.18801444 0.20085211 0.21368977 0.22652743 0.23936509 0.24103887 0.22842722 0.21581556 0.20320391 0.19059225 0.17924105 0.19531344 0.20519333 0.21507321 0.2249531 0.23483298 0.22698305 0.21094164 0.19490022 0.17885881 0.1628174 0.15594886 0.14385905 0.13103384 0.11820863 0.10538342 0.093657414 0.11770256 0.14174772 0.16579287 0.18983802 0.21047368 0.24198275 0.27328106 0.30457937 0.33587769 0.367176 0.39336505 0.41567144 0.43797784 0.46028424 0.48259064 0.4946805 0.50285413 0.51102775 0.51920138 0.52737501 -9999 -9999 -9999
0.2574805 0.25136782 0.24016929 0.22551472 0.21383266 0.20240588 0.1909791 0.17955233 0.16621852 0.16127258 0.17411024 0.18694791 0.19978557 0.20145935 0.18884769 0.17623604 0.16362438 0.15221395 0.14191175 0.16642421 0.18469895 0.19457884 0.20445872 0.2143386 0.20648867 0.19044726 0.17440585 0.15836443 0.15236901 0.14772826 0.14440749 0.13374819 0.12092298 0.10809778 0.096371769 0.12041692 0.14446207 0.16850722 0.18800763 0.20145225 0.23512412 0.26937065 0.30066896 0.33196727 0.36326558 0.39009433 0.41435681 0.43666321 0.45896961 0.48127601 0.49277101 0.49887071 0.50704434 0.51521796 0.52339159 -9999 -9999 -9999
0.2531498 0.24703712 0.23583859 0.22118402 0.20652945 0.19415138 0.1827246 0.17129782 0.15796401 0.14456467 0.13453072 0.14736838 0.16020604 0.16187982 0.14926817 0.13665651 0.12557667 0.11488465 0.10458246 0.12909492 0.15360738 0.17408446 0.18396434 0.19384423 0.1859943 0.16995288 0.15489499 0.1495217 0.1441484 0.13950766 0.13618689 0.13286613 0.12363734 0.11081213 0.099086125 0.12313128 0.14717643 0.16554158 0.1789862 0.19243082 0.22610269 0.26192882 0.29675854 0.32805685 0.35935516 0.38618391 0.41088189 0.43534858 0.45765498 0.47996138 0.49145638 0.49717117 0.50306092 0.51123455 0.51940817 -9999 -9999 -9999
0.2488191 0.24270641 0.23150789 0.21685332 0.20219875 0.18754418 0.17447009 0.16304331 0.1497095 0.13631016 0.12291082 0.10951149 0.12062652 0.1223003 0.10968864 0.098939399 0.088247376 0.077555353 0.067253159 0.091765618 0.11627808 0.14079054 0.16346997 0.17334985 0.16549992 0.15204768 0.14667439 0.1413011 0.1359278 0.13128706 0.12796629 0.12464553 0.12132476 0.11352649 0.10180048 0.12584563 0.14307553 0.15652015 0.16996477 0.18340939 0.21708126 0.25290739 0.28873352 0.32414644 0.35544475 0.3822735 0.40697147 0.43166945 0.45634035 0.47864675 0.49014175 0.49585654 0.50157134 0.50728613 0.51542476 -9999 -9999 -9999
0.23198842 0.23726662 0.22717719 0.21252262 0.19786805 0.18321348 0.16855891 0.1547888 0.14145499 0.12805565 0.11465631 0.10125698 0.087857639 0.082994146 0.072302124 0.061610101 0.050918078 0.040226056 0.029923861 0.054436321 0.07894878 0.10346124 0.1279737 0.15248616 0.14920038 0.14382708 0.13845379 0.1330805 0.1277072 0.12306646 0.11974569 0.11642493 0.11310416 0.1097834 0.10451484 0.12060947 0.1340541 0.14749872 0.16094334 0.17438796 0.20805982 0.24388596 0.27971209 0.31553822 0.35136436 0.37836308 0.40306105 0.42775903 0.452457 0.47715498 0.48882712 0.49454191 0.5002567 0.5059715 0.51168629 -9999 -9999 -9999
0.2072254 0.21904548 0.21989881 0.20639517 0.1917406 0.17708603 0.16243146 0.14777689 0.13433586 0.12093652 0.10753718 0.094137843 0.084371314 0.078323126 0.067631103 0.056939081 0.046247058 0.035555036 0.036213401 0.045212021 0.06972448 0.094236939 0.1187494 0.14326186 0.14733287 0.14195958 0.13658628 0.13121299 0.12606027 0.12130453 0.1168992 0.11357843 0.11025767 0.1069369 0.10411596 0.11756058 0.1310052 0.14444982 0.15789445 0.17590623 0.21017943 0.24600556 0.28183169 0.31765783 0.35073098 0.37731458 0.40201256 0.42671053 0.45140851 0.47679883 0.48964831 0.49536311 0.5010779 0.50679269 0.5094631 -9999 -9999 -9999
0.18957707 0.20784034 0.20869367 0.1977162 0.18500546 0.1703509 0.15569633 0.14104176 0.12760072 0.11420138 0.10080205 0.093164864 0.090745773 0.084697585 0.074005562 0.06331354 0.053376555 0.055428291 0.057526318 0.063758429 0.070005678 0.094518137 0.1190306 0.14354306 0.14761407 0.14224077 0.13686748 0.13186801 0.12751291 0.12275717 0.1172795 0.11254954 0.10922877 0.10590801 0.10308706 0.11653168 0.12997631 0.14342093 0.16210178 0.18179388 0.21606708 0.25189322 0.28771935 0.3201115 0.35065043 0.37723402 0.401932 0.42662997 0.45214806 0.47834239 0.49119188 0.49690667 0.50262146 0.5046972 0.50344758 -9999 -9999 -9999
0.17837194 0.1966352 0.19748853 0.18651106 0.17553359 0.16361576 0.14896119 0.13430662 0.12086559 0.10746625 0.10195841 0.099539323 0.097120232 0.091072044 0.080380021 0.072637735 0.074689471 0.076741207 0.078839234 0.085071346 0.091303457 0.097535569 0.11931179 0.14382425 0.14789526 0.14252197 0.13767575 0.13332065 0.12896555 0.12420981 0.11873214 0.11325447 0.10819987 0.10487911 0.10205816 0.11550279 0.12894741 0.14829733 0.16798943 0.18768154 0.22195474 0.25778087 0.28949202 0.32003094 0.35056987 0.37715346 0.40185144 0.4274973 0.45369163 0.47988595 0.49273544 0.49845023 0.4999313 0.49868169 0.49743207 -9999 -9999 -9999
0.1671668 0.18543007 0.18628339 0.17530592 0.16432845 0.15335098 0.14222606 0.12757149 0.11413045 0.11075196 0.10833287 0.10591378 0.10349469 0.097446503 0.091898915 0.093950651 0.096002387 0.098054124 0.10015215 0.10638426 0.11261637 0.11884849 0.1250806 0.14410545 0.14817646 0.14348349 0.13912839 0.13477329 0.13041819 0.12566244 0.12018478 0.11470711 0.10922945 0.10385021 0.10102927 0.11480078 0.13449288 0.15418499 0.17387709 0.19356919 0.22784239 0.25887254 0.28941146 0.31995039 0.35048931 0.37707291 0.40284653 0.42904086 0.45523519 0.48142952 0.494279 0.4951654 0.49391579 0.49266618 0.49141656 -9999 -9999 -9999
0.1544742 0.17273746 0.17702048 0.16604301 0.15506554 0.14408807 0.13311061 0.12213314 0.11913153 0.11671244 0.11429335 0.11187426 0.10945516 0.1089973 0.11104903 0.11310077 0.11515251 0.11720424 0.1194551 0.1246859 0.13091801 0.13715013 0.14338224 0.14961435 0.14860495 0.14424985 0.13989475 0.13553965 0.13118455 0.12853488 0.12305721 0.11757955 0.11210188 0.10662422 0.10189693 0.12158903 0.14128114 0.16097324 0.18066534 0.20043228 0.23029148 0.2608304 0.29136933 0.32190825 0.35244717 0.37883261 0.40502694 0.43122127 0.4574156 0.48360992 0.49080948 0.48955987 0.48831025 0.48706064 0.48581102 -9999 -9999 -9999
0.13056308 0.14882635 0.16434069 0.17142851 0.16045104 0.14947357 0.1384961 0.12751864 0.1227077 0.11955062 0.11713152 0.11471243 0.11229334 0.11183547 0.11388721 0.11593895 0.11799068 0.12057553 0.12438318 0.12232277 0.12650845 0.13274056 0.13897267 0.14520479 0.14419539 0.13984029 0.13548519 0.13113009 0.1321948 0.13566434 0.13663785 0.13116019 0.12568252 0.12020485 0.11547757 0.13516967 0.15486177 0.17455388 0.19452512 0.21666296 0.24729397 0.27816216 0.30870108 0.33924001 0.36977893 0.3907792 0.41201046 0.43820479 0.46439911 0.49059344 0.49307925 0.48704637 0.48579675 0.48454714 0.48329752 -9999 -9999 -9999
0.10665196 0.12491523 0.14042957 0.1540759 0.16583654 0.15485907 0.1438816 0.13290413 0.1280932 0.12349416 0.1199697 0.11755061 0.11513152 0.11467365 0.11672539 0.11877712 0.12163025 0.12550361 0.12931125 0.12725084 0.12519043 0.128331 0.13456311 0.14079522 0.13978582 0.13543072 0.13107562 0.13325146 0.13771262 0.14118216 0.14286488 0.1445476 0.13926316 0.13378549 0.1290582 0.14875031 0.16844241 0.18861797 0.21075581 0.23289365 0.26352466 0.29506022 0.32603284 0.35657176 0.38711069 0.40811096 0.42456387 0.4451883 0.47138263 0.49757696 0.50006277 0.48987305 0.48328325 0.48203364 0.48078402 -9999 -9999 -9999
0.082740838 0.10100411 0.11651845 0.13016478 0.14381111 0.15745743 0.1492671 0.13828963 0.1334787 0.12887966 0.12428062 0.12038879 0.1179697 0.11751183 0.11956356 0.12268498 0.12655833 0.13043168 0.13423933 0.13217892 0.1301185 0.12805809 0.13015355 0.13638566 0.13537626 0.13102116 0.13430812 0.13876928 0.14323045 0.14669998 0.1483827 0.15006542 0.15174815 0.14736613 0.14263884 0.16233094 0.18271082 0.20484866 0.2269865 0.24912434 0.27975535 0.31129091 0.34282647 0.37390352 0.40444244 0.42544271 0.44189563 0.45834854 0.47836615 0.50456048 0.50704629 0.49685657 0.48666684 0.47952014 0.47827052 -9999 -9999 -9999
0.072384579 0.077092988 0.092607328 0.10625366 0.11989999 0.13354631 0.14719264 0.14367513 0.1388642 0.13426516 0.12966612 0.12506707 0.12080787 0.12035001 0.1237397 0.12761305 0.1314864 0.13535976 0.1391674 0.13710699 0.13504658 0.13298616 0.13092575 0.13197609 0.1309667 0.13536478 0.13982594 0.1442871 0.14874827 0.1522178 0.15390052 0.15558325 0.15726597 0.15894869 0.15621947 0.17680367 0.19894151 0.22107934 0.24321718 0.26535502 0.29598603 0.3275216 0.35905716 0.39059272 0.4217742 0.44277447 0.45922738 0.4756803 0.49213321 0.511544 0.51402981 0.50384008 0.49365036 0.48346064 0.47575702 -9999 -9999 -9999
0.080632071 0.077682409 0.077129446 0.090775775 0.1044221 0.11806843 0.13171476 0.14536109 0.14136816 0.13676911 0.13217007 0.12757103 0.12297199 0.12677421 0.13064757 0.13452092 0.13839427 0.14226762 0.14056674 0.14578369 0.14372328 0.14166287 0.13960245 0.13754204 0.1399423 0.14440346 0.14886462 0.15332578 0.15778695 0.16536463 0.16837344 0.17005616 0.17173889 0.17342161 0.17571415 0.19785199 0.21998983 0.24212767 0.26426551 0.28734981 0.31824811 0.34978368 0.38131924 0.4128548 0.44129367 0.45447614 0.47092906 0.48738197 0.50383488 0.5190032 0.51250994 0.50232021 0.49213049 0.48194077 0.47197043 -9999 -9999 -9999
0.097286133 0.080687571 0.079662492 0.089220252 0.10234662 0.11599295 0.12963927 0.1432856 0.13929267 0.13469363 0.13009459 0.1267924 0.13213202 0.13682843 0.14070179 0.14457514 0.14844849 0.14405745 0.13588724 0.15024893 0.15835744 0.15629702 0.15423661 0.1521762 0.15457645 0.15903761 0.16349878 0.16795994 0.17077994 0.17804362 0.19335273 0.19876084 0.20044356 0.20212628 0.20441883 0.22655667 0.24869451 0.27083235 0.29428237 0.31919719 0.3500955 0.38163106 0.41316662 0.43772551 0.44404782 0.45723029 0.4736832 0.49013611 0.5035488 0.50396945 0.49747618 0.48728646 0.47709674 0.46756662 0.46139695 -9999 -9999 -9999
