P2_models/J1_p2_vp_slide_diff_80.dat.tif
NCOLS 118
NROWS 92
XLLCORNER 139.62
YLLCORNER -39.07
DX 0.099491525
DY 0.099347826
NODATA_VALUE -9999
[rows 0 to 26 of 92, columns 0 to 59 of 118]
-9999 -9999 -9999 -9999 -9999 -9999 -9999 -9999 -9999 -9999 -9999 -9999 -9999 -9999 -9999 -9999 -9999 -9999 -9999 -9999 -9999 -9999 -9999 -9999 -9999 -9999 -9999 -9999 -9999 -9999 -9999 -9999 -9999 -9999 -9999 -9999 -9999 -9999 -9999 -9999 -9999 -9999 -9999 -9999 -9999 -9999 -9999 -9999 -9999 -9999 -9999 -9999 -9999 -9999 -9999 -9999 -9999 -9999 -9999 -9999
-9999 8.0438772 8.0428065 8.0417357 8.0406649 8.0395942 8.037705 8.0383316 8.0417137 8.0437098 8.0457058 8.0477018 8.0496978 8.0526075 8.0561143 8.0582081 8.0603019 8.0623957 8.0644895 8.0673398 8.0719353 8.0765308 8.0811264 8.0857219 8.0892133 8.0853156 8.0786768 8.0702617 8.0618466 8.0534314 8.0450163 8.0417891 8.0485624 8.0553358 8.0621091 8.0688825 8.0751031 8.0816699 8.0874445 8.0906195 8.0937945 8.0969695 8.1001445 8.0969706 8.0902175 8.083779 8.0773405 8.070902 8.0644636 8.0577121 8.0537479 8.0497837 8.0458195 8.0418553 8.0402763 8.04459 8.0455584 8.0465269 8.0474953 8.0484637
-9999 8.0367923 8.0357215 8.0346508 8.03358 8.0310542 8.027617 8.0282436 8.0335604 8.0378358 8.0398318 8.0418279 8.0438239 8.0467336 8.0514728 8.0556363 8.0577301 8.0598239 8.0619177 8.0647679 8.0693635 8.073959 8.0785545 8.0800731 8.0767201 8.0728224 8.0674647 8.0615212 8.053106 8.0446909 8.0362758 8.0330485 8.0398219 8.0465952 8.0533686 8.0591133 8.063794 8.0703608 8.079626 8.0866589 8.0898338 8.0930088 8.0961838 8.0930099 8.0852719 8.0782775 8.071839 8.0654005 8.058962 8.052081 8.0451235 8.040795 8.0368308 8.0328666 8.0312876 8.037971 8.0432275 8.0441959 8.0451644 8.0461328
-9999 8.0297073 8.0286366 8.0275658 8.0244035 8.0209663 8.0175291 8.0181557 8.0234725 8.0287892 8.0339579 8.0359539 8.03795 8.0408596 8.0455989 8.0503382 8.0550775 8.057252 8.0593458 8.0621961 8.0667916 8.0713871 8.070933 8.06758 8.0642269 8.0603292 8.0549715 8.0496138 8.0442561 8.0359504 8.0275352 8.024308 8.0310814 8.0378547 8.0431236 8.0478042 8.0524849 8.0590517 8.0683169 8.0775822 8.0858732 8.0890482 8.0922231 8.0890493 8.0813113 8.0735733 8.0663374 8.0598989 8.0534604 8.0465794 8.0396219 8.0326644 8.0278421 8.0238779 8.0222989 8.0289823 8.0356656 8.041865 8.0428334 8.0438018
-9999 8.0226224 8.0211899 8.0177527 8.0143155 8.0108783 8.0074411 8.0080678 8.0133845 8.0187013 8.024018 8.0293348 8.032076 8.0349857 8.039725 8.0444642 8.0492035 8.0539428 8.0567739 8.0596242 8.0642197 8.0617928 8.0584398 8.0550868 8.0517337 8.047836 8.0424783 8.0371206 8.0317629 8.0264052 8.0187947 8.0155675 8.0223408 8.0271338 8.0318145 8.0364951 8.0411758 8.0477426 8.0570078 8.0662731 8.0755383 8.0848035 8.0882625 8.0850886 8.0773506 8.0696126 8.0618746 8.0543973 8.0479588 8.0410778 8.0341203 8.0271628 8.0202053 8.0148892 8.0133102 8.0199936 8.0266769 8.0333602 8.0400436 8.0414709
-9999 8.0145391 8.011102 8.0076648 8.0042276 8.0007904 7.9973532 7.9979798 8.0032966 8.0086133 8.0139301 8.0192469 8.0245636 8.0291117 8.033851 8.0385903 8.0433296 8.0480689 8.0528081 8.0560057 8.0526527 8.0492996 8.0459466 8.0425936 8.0392405 8.0353428 8.0299851 8.0246274 8.0192697 8.013912 8.0085543 8.0064634 8.0111441 8.0158247 8.0205054 8.025186 8.0298667 8.0364335 8.0456987 8.054964 8.0642292 8.0734944 8.0827597 8.0811279 8.0733899 8.0656519 8.0579139 8.0501759 8.0424572 8.0355762 8.0286187 8.0216612 8.0147037 8.0077463 8.0043215 8.0110049 8.0176882 8.0243715 8.0310549 8.0377382
-9999 8.0115945 8.0081573 8.0047201 8.0012829 7.9978457 7.9947564 7.9957028 8.0010195 8.0063363 8.0116531 8.0169698 8.0217789 8.025321 8.0281414 8.0328807 8.03762 8.0423593 8.0470986 8.0493908 8.0460378 8.0426848 8.0393318 8.0359787 8.0321199 8.0297235 8.0317956 8.0264379 8.0210802 8.0157225 8.0103648 8.0084359 8.0131165 8.0177972 8.0224778 8.0271585 8.0293152 8.0328716 8.0421369 8.0514021 8.0606674 8.0699326 8.0782649 8.0838705 8.0815809 8.0738429 8.0661049 8.0583669 8.0506289 8.0435564 8.0365989 8.0296415 8.022684 8.017052 8.0172471 8.0239305 8.0306138 8.0372972 8.0439805 8.0436069
-9999 8.0097815 8.0063443 8.0029071 7.9994699 7.9965573 7.9937169 7.9946632 7.99998 8.0052968 8.0106135 8.0150899 8.0192829 8.022825 8.0250638 8.0273025 8.0319365 8.0366757 8.041415 8.0437073 8.0403543 8.0370012 8.0336482 8.0294159 8.0247037 8.0223073 8.0261182 8.029929 8.0251569 8.0197991 8.0144414 8.0125125 8.0171932 8.0218738 8.0265545 8.0274146 8.0269807 8.0305372 8.0398024 8.0490677 8.0583329 8.0663296 8.0741496 8.0797552 8.0837689 8.083959 8.0762211 8.0684831 8.0607451 8.0536726 8.0467151 8.0397576 8.0351275 8.0334495 8.0336446 8.0403279 8.0470113 8.0536946 8.0511696 8.0465157
-9999 8.0079685 8.0045313 8.0011985 7.9983581 7.9955177 7.9926773 7.9936237 7.9989404 8.004208 8.008401 8.012594 8.016787 8.0203291 8.0225678 8.0248065 8.0270453 8.0309922 8.0357315 8.0380238 8.0346707 8.0313177 8.026712 8.0219997 8.0172875 8.0148911 8.018702 8.0225128 8.0263237 8.0238758 8.0185181 8.0165892 8.0212698 8.0259479 8.025514 8.0250801 8.0246463 8.0282027 8.037468 8.0465742 8.0543942 8.0622142 8.0700343 8.0756399 8.0796536 8.0836673 8.0863372 8.0785992 8.0708612 8.0637887 8.0568312 8.053203 8.051525 8.049847 8.0500421 8.0567254 8.0633862 8.0587323 8.0540784 8.0494245
-9999 8.0061555 8.0029994 8.000159 7.9973186 7.9944782 7.9916378 7.9925841 7.997519 8.001712 8.005905 8.010098 8.014291 8.0178331 8.0200719 8.0223106 8.0245493 8.026788 8.0300479 8.0323402 8.0287202 8.024008 8.0192957 8.0145835 8.0098712 8.0074749 8.0112858 8.0150966 8.0189075 8.0227184 8.0225947 8.0206658 8.0240473 8.0236134 8.0231796 8.0227457 8.0223118 8.0258683 8.0346388 8.0424589 8.0502789 8.0580989 8.065919 8.0715246 8.0755383 8.079552 8.0835657 8.0875794 8.0809773 8.0739049 8.0712785 8.0696005 8.0679225 8.0662444 8.0664395 8.0709488 8.0662949 8.0616411 8.0569872 8.0523333
-9999 8.0054154 8.002575 7.9997346 7.9968942 7.9940538 7.9912134 7.9919608 7.9961538 8.0003468 8.0045398 8.0087328 8.0129258 8.0158968 8.0181355 8.0203743 8.022613 8.0248517 8.0270904 8.0272273 8.022515 8.0178028 8.0130905 8.0083783 8.003666 8.0004583 8.0042691 8.00808 8.0118908 8.0157017 8.0195126 8.0218736 8.0214397 8.0210058 8.0205719 8.020138 8.0197041 8.0232404 8.0310604 8.0388805 8.0467005 8.0545205 8.0623406 8.0683351 8.0723488 8.0763625 8.0803762 8.0843898 8.0884035 8.0875642 8.0858862 8.0842082 8.0825302 8.0808521 8.0773828 8.0727289 8.0680751 8.0634212 8.0587673 8.0541134
-9999 8.0090227 8.0061823 8.0033419 8.0005015 7.9976611 7.9965523 7.9980064 8.0021993 8.0063923 8.0105853 8.0147783 8.018392 8.0205359 8.0200832 8.0221056 8.0243443 8.0265831 8.0288218 8.0289586 8.0242464 8.0195341 8.0148219 8.0101096 8.0057973 8.0023078 8.0005313 8.003682 8.0074928 8.0113037 8.0151146 8.0174756 8.0170417 8.0166078 8.0161739 8.01574 8.0181386 8.023181 8.031001 8.0388211 8.0466411 8.0544611 8.0639763 8.0707124 8.0752267 8.0792404 8.0832541 8.0872678 8.0912815 8.0904422 8.0887642 8.0870862 8.0854081 8.079769 8.071766 8.0671121 8.0624582 8.0578043 8.0531504 8.0490462
-9999 8.0126301 8.0097897 8.0069493 8.0044359 8.0035169 8.0025978 8.0040519 8.0082449 8.0124379 8.0166015 8.0200421 8.0234827 8.0256267 8.025174 8.0247213 8.0260757 8.0283144 8.0305531 8.03069 8.0259777 8.0212655 8.0165532 8.0123858 8.0082572 8.0047677 8.0029912 8.0012147 8.0030948 8.0069057 8.0107166 8.0130776 8.0126437 8.0122098 8.0118773 8.0149782 8.0180792 8.0231216 8.0309416 8.0387617 8.0468583 8.0564662 8.0660742 8.0728103 8.0774819 8.0821184 8.0861321 8.0901458 8.0941595 8.0933202 8.0916422 8.0899641 8.083122 8.0741521 8.0661491 8.0614952 8.0568413 8.0522352 8.0481824 8.0441295
-9999 8.0162375 8.0133971 8.0114005 8.0104815 8.0095624 8.0086433 8.0100974 8.0142904 8.0182516 8.0216922 8.0251329 8.0285735 8.0307174 8.0302647 8.029812 8.0293594 8.0300457 8.0322845 8.0324213 8.0277091 8.0231028 8.0189742 8.0148457 8.0107171 8.0072276 8.0054511 8.0036746 8.0018981 8.0025077 8.0063186 8.0086796 8.0082457 8.008717 8.0118179 8.0149188 8.0180198 8.0230622 8.0308822 8.0393482 8.0489562 8.0585641 8.0681721 8.0749082 8.0795798 8.0842513 8.0889229 8.0930238 8.0970375 8.0961982 8.0945202 8.086475 8.0775051 8.0685352 8.0605322 8.0558783 8.0513714 8.0473186 8.0432657 8.0392128
-9999 8.0198448 8.0183651 8.0174461 8.016527 8.0156079 8.0146888 8.0161429 8.0199018 8.0233424 8.026783 8.0302236 8.0336642 8.0358082 8.0353555 8.0349028 8.0344501 8.0339974 8.0340158 8.0341527 8.0296912 8.0255627 8.0214341 8.0173055 8.013177 8.0096875 8.007911 8.0061345 8.004358 8.0025815 8.0019206 8.0042816 8.0055566 8.0086576 8.0117585 8.0148594 8.0179604 8.0230028 8.0318381 8.0414461 8.0510541 8.060662 8.07027 8.0770061 8.0816777 8.0863492 8.0910208 8.0956923 8.0999155 8.0987978 8.089828 8.0808581 8.0718882 8.0629183 8.0549153 8.0505076 8.0464547 8.0424019 8.038349 8.0342962
-9999 8.025164 8.024245 8.0233259 8.0224068 8.0214877 8.0205687 8.0217828 8.0252234 8.028664 8.0321046 8.0355452 8.0389859 8.0407278 8.0402142 8.0397615 8.0393088 8.0388561 8.0384034 8.0368392 8.0327107 8.0285821 8.0244535 8.020325 8.0161964 8.0105954 8.0078443 8.0060678 8.0042913 8.0025147 8.0007382 8.0006277 8.0037286 8.0068296 8.0099305 8.0130314 8.0161324 8.0190081 8.028616 8.038224 8.0478319 8.0574399 8.0670479 8.0750853 8.0797569 8.0844285 8.0891 8.0937716 8.0984432 8.0899357 8.0809658 8.0719959 8.0630261 8.0540562 8.0485881 8.0459705 8.0419176 8.0378648 8.0338119 8.029759
-9999 8.0306588 8.0297397 8.0288207 8.0279016 8.0273738 8.029061 8.0304824 8.0315972 8.0345222 8.0379628 8.0414034 8.044844 8.046586 8.0449263 8.044081 8.0436283 8.0431756 8.042723 8.0411587 8.0370302 8.0329016 8.028773 8.0246445 8.0214867 8.0162456 8.0052248 8.0001302 7.9983536 7.9965771 7.9948006 7.9946901 7.997791 8.0008919 8.0039929 8.0073629 8.0168599 8.0205052 8.0157787 8.0226401 8.0322481 8.041856 8.051464 8.060278 8.0684983 8.0731698 8.0778414 8.0825129 8.0871845 8.0765382 8.0645628 8.055593 8.0466231 8.0376532 8.0321851 8.0388468 8.0382625 8.0342096 8.0301567 8.0261039
-9999 8.0361536 8.0352345 8.0343154 8.0345591 8.0362462 8.0379334 8.0393548 8.0404696 8.0415844 8.0438209 8.0472615 8.0507021 8.0524441 8.0507844 8.0491247 8.0479478 8.0474952 8.0470425 8.0454783 8.0413497 8.0372211 8.0333063 8.0302216 8.0271368 8.0218957 8.0108749 7.9998541 7.992416 7.9906395 7.988863 7.9887525 7.9918534 7.9949543 7.9999458 8.0094428 8.0189399 8.0225852 8.0178586 8.0131321 8.0166642 8.0262722 8.0358801 8.0446941 8.0529372 8.0611804 8.0665827 8.0712543 8.0759259 8.0652795 8.0519859 8.03919 8.0302201 8.0212503 8.0157822 8.0224439 8.0291055 8.0305544 8.0265016 8.0224487
-9999 8.0416484 8.0407293 8.0417444 8.0434315 8.0451186 8.0468058 8.0482272 8.049342 8.0504568 8.0515716 8.0531197 8.0565603 8.0583022 8.0566425 8.0549829 8.0533232 8.0518147 8.051362 8.0497978 8.0456692 8.0420412 8.0389564 8.0358717 8.032787 8.0275458 8.016525 8.0055043 7.9944835 7.9847019 7.9829254 7.9828148 7.9859158 7.9925287 8.0020258 8.0115228 8.0210199 8.0246651 8.0199386 8.0152121 8.0104855 8.0106883 8.0202963 8.0291102 8.0373533 8.0455965 8.0538396 8.0599957 8.0646672 8.0540209 8.0407272 8.0274336 8.0141399 8.0048473 7.9993792 8.0060409 8.0127026 8.0193642 8.0228464 8.0187936
-9999 8.0472426 8.0489297 8.0506168 8.0523039 8.053991 8.0556781 8.0570996 8.0582144 8.0593292 8.060444 8.0615588 8.0626736 8.0641604 8.0625007 8.060841 8.0591813 8.0575216 8.0558619 8.0541173 8.050776 8.0476913 8.0446066 8.0415218 8.0384371 8.033196 8.0221752 8.0111544 8.0001336 7.9891128 7.978092 7.9768772 7.9851116 7.9946087 8.0041057 8.0136028 8.0230998 8.0267451 8.0220186 8.017292 8.0125655 8.007839 8.0047124 8.0135263 8.0217695 8.0300126 8.0382557 8.0464989 8.0534086 8.0427623 8.0294686 8.0161749 8.0028813 7.9895876 7.9829763 7.9896379 7.9962996 8.0029613 8.0096229 8.0151384
-9999 8.0504814 8.0521686 8.0538557 8.0555428 8.0572299 8.0598976 8.0639074 8.0650222 8.066137 8.0672518 8.0683666 8.0692861 8.0674196 8.0654724 8.0638127 8.062153 8.0604933 8.0588336 8.056743 8.0536583 8.0505736 8.0474888 8.0444041 8.0413194 8.0369581 8.0297339 8.0187131 8.0076923 7.9966715 7.9856507 7.9816382 7.9911352 8.0006323 8.0101293 8.0196264 8.0283289 8.0282608 8.0235343 8.0188077 8.0140812 8.0093547 8.0060455 8.0054441 8.01266 8.0209032 8.0291463 8.0373894 8.0456326 8.0355126 8.0222189 8.0089252 7.9956316 7.9823379 7.9768725 7.9835341 7.9901958 7.9968575 8.0035191 8.0063183
-9999 8.0494708 8.051158 8.0528451 8.0545322 8.0586299 8.065148 8.0691578 8.0702726 8.0713874 8.0725022 8.0726167 8.0710118 8.0691453 8.066755 8.064607 8.0629474 8.0612877 8.059628 8.0575374 8.0544527 8.0513679 8.0482832 8.0446535 8.0395735 8.0352089 8.0327621 8.0277115 8.0166907 8.0056699 7.9946491 7.9906365 8.0001336 8.0096306 8.0191277 8.0262309 8.029419 8.0293509 8.0246244 8.0198978 8.0151713 8.0130205 8.0132814 8.01268 8.0114587 8.0166775 8.0249206 8.0331638 8.0414069 8.0312869 8.0179932 8.0046996 7.9918613 7.9835188 7.9785375 7.9851991 7.9918608 7.9985225 7.9986425 7.9911865
-9999 8.0484602 8.0501474 8.0518345 8.0573621 8.0638803 8.0703984 8.0744082 8.075523 8.0766378 8.0759473 8.0743424 8.0727375 8.070871 8.0684807 8.0660904 8.0637417 8.062082 8.0604223 8.0583317 8.055247 8.0521623 8.0479844 8.0429044 8.0378243 8.0334598 8.031013 8.0285661 8.0256891 8.0146683 8.0036475 7.9996349 8.009132 8.018629 8.0241328 8.0273209 8.030509 8.030441 8.0257144 8.0209879 8.0199955 8.0202564 8.0205173 8.0199159 8.0186946 8.0174733 8.020695 8.0289381 8.0371812 8.0270612 8.0137676 8.0018689 7.9935263 7.9851838 7.9802025 7.9868642 7.9935258 7.9909668 7.9835108 7.9760548
-9999 8.0474496 8.0495762 8.0560944 8.0626125 8.0691307 8.0756489 8.0796587 8.0807734 8.0792779 8.077673 8.0760681 8.0744632 8.0725967 8.0702064 8.0678161 8.0654258 8.0630355 8.0612167 8.0591261 8.0560414 8.0513153 8.0462352 8.0411552 8.0360752 8.0317106 8.0292638 8.026817 8.0243702 8.0219234 8.0126459 8.0086333 8.0181303 8.0220348 8.0252229 8.028411 8.0315991 8.031531 8.0268045 8.0269705 8.0272314 8.0274923 8.0277532 8.0271518 8.0259305 8.0247092 8.0234879 8.0247124 8.0329556 8.0228356 8.0118765 8.0035339 7.9951914 7.9868488 7.9818675 7.9885292 7.9832911 7.9758351 7.9683791 7.9609231
-9999 8.0483085 8.0548266 8.0613448 8.067863 8.0743811 8.0808993 8.0842134 8.0826085 8.0810036 8.0793987 8.0777938 8.0761889 8.0743224 8.0719321 8.0695418 8.0671515 8.0647612 8.062371 8.0597262 8.0546462 8.0495661 8.0444861 8.039406 8.034326 8.0299615 8.0275147 8.0250678 8.022621 8.0201742 8.0177274 8.0167486 8.0199367 8.0231249 8.026313 8.0295011 8.0326892 8.0336846 8.0339455 8.0342064 8.0344673 8.0347282 8.0349891 8.0343877 8.0331664 8.0319451 8.0307238 8.0295025 8.0287299 8.021884 8.0135415 8.0051989 7.9968564 7.9885139 7.9830714 7.9756154 7.9681594 7.9607034 7.9532474 7.9457914
-9999 8.0478163 8.0543345 8.0608527 8.0673708 8.073889 8.0816084 8.0885656 8.0910474 8.0894425 8.0878376 8.0862327 8.0846277 8.0823644 8.0790963 8.076706 8.0743157 8.0719255 8.0695352 8.0663316 8.0612515 8.0561715 8.0510914 8.0460114 8.0408483 8.0322131 8.0180127 8.0155658 8.013119 8.0106722 8.0082254 8.0077033 8.0108914 8.0140795 8.0172676 8.0204557 8.0221332 8.0243772 8.0279363 8.0281972 8.0284581 8.028719 8.0289799 8.0265251 8.0239196 8.0226983 8.021477 8.0202557 8.0190344 8.0214457 8.0147623 8.0064198 7.9980773 7.9897347 7.9828291 7.9796537 7.9721977 7.9647417 7.9572857 7.9498297
-9999 8.0462236 8.0527418 8.0592599 8.0657781 8.0741419 8.0828372 8.0897944 8.0947456 8.099168 8.0975631 8.0959582 8.0943533 8.0920899 8.0885081 8.0849262 8.0825223 8.080132 8.0777417 8.0745381 8.0694581 8.064378 8.059298 8.0540681 8.0487448 8.0401095 8.0225975 8.0050855 8.0021312 7.9996843 7.9972375 7.9967154 7.9999035 8.0030916 8.0062798 8.0071307 8.0070584 8.0093023 8.0148601 8.0196495 8.0199104 8.0201713 8.0204322 8.0179774 8.0135702 8.0102925 8.0090712 8.0078499 8.0066286 8.0090399 8.012079 8.0075555 7.999213 7.9908705 7.9839648 7.9820365 7.97991 7.972454 7.964998 7.957542
