P2_models/J1_p2_tot_conduct_slide_195.49.dat.tif
NCOLS 118
NROWS 92
XLLCORNER 139.62
YLLCORNER -39.07
DX 0.099491525
DY 0.099347826
NODATA_VALUE -9999
[rows 0 to 25 of 92, columns 57 to 113 of 118]
-1.9702246 -1.8624988 -1.7353708 -1.6140779 -1.483168 -1.3603451 -1.2294352 -1.1014599 -0.98168435 -0.88937464 -0.80196583 -0.74556206 -0.69812896 -0.69617391 -0.71273659 -0.77353697 -0.86395832 -0.99108638 -1.1539352 -1.3419248 -1.5532144 -1.7709592 -1.9847124 -2.1914679 -2.3847708 -2.5293294 -2.6398756 -2.6755183 -2.6869994 -2.7003421 -2.7019515 -2.6853696 -2.6009404 -2.4637204 -2.3836476 -2.3104453 -2.1893912 -2.0608518 -1.9203932 -1.8157771 -1.7338429 -1.7159659 -1.7063398 -1.7619274 -1.8367324 -1.9479288 -2.0551621 -2.160506 -2.1517816 -2.1603477 -2.1837575 -2.1937049 -2.1995573 -2.1881646 -2.1365401 -2.0775148 -1.9129829
-2.0298075 -1.9160165 -1.7847334 -1.6508809 -1.511967 -1.3761195 -1.2357872 -1.0957146 -0.96853702 -0.87347111 -0.77229557 -0.71507062 -0.67568614 -0.67689736 -0.70667137 -0.77426926 -0.88296512 -1.023375 -1.2043496 -1.4055868 -1.6266791 -1.8595971 -2.0751621 -2.2750233 -2.4621067 -2.5987506 -2.6911879 -2.7112397 -2.7137093 -2.724864 -2.7227096 -2.7025 -2.6130708 -2.4726122 -2.3897128 -2.3033944 -2.1798116 -2.043326 -1.9008217 -1.7939374 -1.7157537 -1.7070678 -1.7025918 -1.7639948 -1.8572201 -1.9708411 -2.0799637 -2.1935665 -2.1765832 -2.1770624 -2.2004722 -2.2124413 -2.2182937 -2.206901 -2.1790365 -2.1290138 -2.0096269
-2.097586 -1.9793223 -1.8411396 -1.6979339 -1.5513148 -1.4041726 -1.2575536 -1.1164348 -0.97825208 -0.86731096 -0.76593322 -0.71356926 -0.67607794 -0.68160524 -0.71969946 -0.79708176 -0.91969475 -1.068932 -1.2635083 -1.4681411 -1.7039677 -1.9366555 -2.1522205 -2.3473739 -2.5229472 -2.6320012 -2.7149108 -2.7284307 -2.7288146 -2.734667 -2.727521 -2.6998845 -2.5994702 -2.4590116 -2.363246 -2.2739561 -2.1403958 -2.0020309 -1.8557198 -1.7581738 -1.6820921 -1.6768614 -1.6882699 -1.7702041 -1.8656876 -1.9827365 -2.1044932 -2.221542 -2.2048037 -2.1973274 -2.2207371 -2.2332293 -2.2390818 -2.2276891 -2.207661 -2.1725464 -2.0798561
-2.1596784 -2.0414147 -1.903232 -1.7600263 -1.6134072 -1.4631976 -1.3134367 -1.1647859 -1.0217168 -0.91559623 -0.81560713 -0.76324317 -0.72659881 -0.7374884 -0.77938576 -0.86538339 -0.98799638 -1.1372337 -1.3318099 -1.5364427 -1.7520077 -1.9795275 -2.1895652 -2.3686542 -2.5043194 -2.5938284 -2.6590276 -2.6984203 -2.7101868 -2.710102 -2.6964749 -2.6688383 -2.512096 -2.2975714 -2.2100346 -2.1249344 -2.0078855 -1.8716369 -1.7655031 -1.6897852 -1.6199997 -1.6326578 -1.6512261 -1.7741274 -1.8718968 -2.0131607 -2.1555087 -2.2836344 -2.3053901 -2.3028844 -2.3309876 -2.3449956 -2.3508481 -2.3394554 -2.3194273 -2.2752249 -2.1697812
-2.1880041 -2.1013914 -1.9653244 -1.8250603 -1.6784412 -1.5311731 -1.3793176 -1.235377 -1.0861397 -0.97965193 -0.88375566 -0.83350812 -0.79960387 -0.81380152 -0.86122619 -0.95018001 -1.076889 -1.2261263 -1.4207026 -1.6192074 -1.8232509 -2.0321209 -2.2330298 -2.3996588 -2.5199862 -2.586967 -2.6367128 -2.6660697 -2.6966746 -2.6908221 -2.6653937 -2.6348505 -2.4751667 -2.2118068 -2.092718 -2.0134552 -1.885338 -1.7758066 -1.6821675 -1.6182159 -1.5538391 -1.5823317 -1.616184 -1.7486383 -1.8805725 -2.0300403 -2.1780562 -2.3185149 -2.3380667 -2.3605434 -2.3898056 -2.4038136 -2.409666 -2.3953317 -2.3713854 -2.3238128 -2.2161807
-2.2269316 -2.1448561 -2.0232553 -1.8873288 -1.7459462 -1.6001237 -1.4535046 -1.3125829 -1.173069 -1.0665813 -0.97068501 -0.92355744 -0.89274245 -0.91485168 -0.96678326 -1.0607475 -1.1886554 -1.3378926 -1.5250995 -1.7185552 -1.912011 -2.1066318 -2.2890329 -2.4431235 -2.542615 -2.6039167 -2.642922 -2.6684917 -2.6904653 -2.6738387 -2.646766 -2.6025476 -2.4376475 -2.1684351 -2.0424697 -1.9451536 -1.804695 -1.682668 -1.5890289 -1.527648 -1.4855374 -1.5242987 -1.5789286 -1.7252397 -1.8723811 -2.0362495 -2.1842655 -2.3247241 -2.3411953 -2.3605434 -2.3898056 -2.4038136 -2.409666 -2.39241 -2.3640663 -2.3113943 -2.2037622
-2.2379044 -2.1668805 -2.0515272 -1.922621 -1.7960951 -1.6577053 -1.5236471 -1.40425 -1.2703513 -1.166342 -1.0844146 -1.0415519 -1.0234014 -1.0477681 -1.1045006 -1.1984649 -1.3272219 -1.4720926 -1.6566076 -1.8286232 -2.0163875 -2.1811427 -2.3515247 -2.4697376 -2.5539194 -2.6118243 -2.6411795 -2.6635903 -2.6727683 -2.6520183 -2.6174182 -2.5560394 -2.3767971 -2.1097394 -1.9829249 -1.8500517 -1.7068191 -1.5734492 -1.4890857 -1.4345095 -1.4223228 -1.4916936 -1.5523933 -1.7075335 -1.8785904 -2.0494002 -2.2011948 -2.3416534 -2.3474045 -2.3659034 -2.3918445 -2.4038136 -2.4046399 -2.3870499 -2.3570078 -2.2979926 -2.1859836
-2.2471164 -2.1868424 -2.0762962 -1.9677075 -1.8472704 -1.7274986 -1.5965887 -1.4850381 -1.3689646 -1.2890254 -1.212049 -1.182863 -1.1701928 -1.198427 -1.2551596 -1.3491238 -1.4728323 -1.6165423 -1.7829218 -1.9507625 -2.105022 -2.2653139 -2.4154582 -2.5321017 -2.602331 -2.6418582 -2.6694947 -2.6041609 -2.6125712 -2.583309 -2.5353035 -2.4579212 -2.3053569 -2.041997 -1.8820226 -1.7491346 -1.5997607 -1.4720289 -1.3959471 -1.3754307 -1.3695783 -1.4467955 -1.5279282 -1.693342 -1.8689152 -2.0444885 -2.1664666 -2.3069252 -2.3584307 -2.3668654 -2.3902752 -2.3952921 -2.3952921 -2.3651477 -2.3311874 -2.2668106 -2.1422403
-2.2320738 -2.1708829 -2.0824459 -1.981659 -1.8845258 -1.7748603 -1.6648904 -1.5669386 -1.4683125 -1.4110196 -1.3486522 -1.3329431 -1.3254238 -1.3696422 -1.4290183 -1.5229825 -1.644781 -1.7841918 -1.9459464 -2.1059934 -2.2441761 -2.3957079 -2.5559998 -2.6741854 -2.7389343 -2.7762501 -2.7998887 -2.5712588 -2.4325033 -2.3992263 -2.3490263 -2.271644 -2.1468933 -1.9612769 -1.7890297 -1.6435775 -1.5031189 -1.3788903 -1.3083189 -1.302606 -1.3261136 -1.4204608 -1.5155097 -1.6325586 -1.7941103 -1.922864 -2.0159498 -2.1144388 -2.2995329 -2.3606562 -2.3725866 -2.3766644 -2.3766644 -2.3121676 -2.2628858 -2.1929188 -2.0677294
-2.2002663 -2.1391349 -2.0587671 -1.9824547 -1.893879 -1.8175765 -1.7174902 -1.6509255 -1.5624886 -1.5316356 -1.4867228 -1.4881559 -1.4900411 -1.5400267 -1.6036426 -1.6957778 -1.8071385 -1.9429981 -2.0993164 -2.2290985 -2.3337418 -2.4696928 -2.6111579 -2.7222959 -2.7768952 -2.7934585 -2.8132027 -2.5966415 -2.3464288 -2.3093545 -2.2302908 -2.136942 -2.0057805 -1.8398156 -1.6878391 -1.5343734 -1.4143105 -1.2964042 -1.2400729 -1.2717429 -1.3108738 -1.4304323 -1.5376952 -1.6621446 -1.7837099 -1.9077351 -1.9851528 -2.0603631 -2.2391746 -2.3627246 -2.3722147 -2.3704401 -2.37 -2.2969959 -2.2279833 -2.1536236 -2.0240573
-2.1334339 -2.0857657 -2.0194381 -1.9570032 -1.88893 -1.826611 -1.7585378 -1.7069734 -1.6517003 -1.6334214 -1.6197346 -1.6302073 -1.6526068 -1.7078799 -1.776879 -1.8653159 -1.9713405 -2.0929412 -2.214542 -2.3296542 -2.4182928 -2.5148418 -2.6419699 -2.7288566 -2.7639712 -2.7671773 -2.76165 -2.5458392 -2.3095854 -2.251061 -2.1637773 -2.0477038 -1.8998643 -1.724291 -1.574102 -1.4272201 -1.3205565 -1.2356711 -1.2064089 -1.2495871 -1.3198164 -1.4497511 -1.5803776 -1.7083253 -1.8325626 -1.9496115 -2.0220971 -2.0806216 -2.2554671 -2.3729307 -2.3787831 -2.3761864 -2.370334 -2.2937765 -2.2125723 -2.1306381 -2.0002498
-2.0462065 -2.0059081 -1.9635549 -1.9148945 -1.8703023 -1.827363 -1.7833748 -1.7595468 -1.7262112 -1.7350624 -1.7315134 -1.7629318 -1.7897581 -1.8505585 -1.9180888 -2.0019191 -2.0973146 -2.2047075 -2.3153522 -2.3979558 -2.4532289 -2.5382097 -2.6377013 -2.7152669 -2.7267158 -2.7151289 -2.6933483 -2.4895772 -2.2599115 -2.1817818 -2.0722452 -1.9359375 -1.7904814 -1.618734 -1.4838068 -1.3465 -1.2762707 -1.1984157 -1.2072579 -1.278579 -1.3694903 -1.5161182 -1.6548885 -1.7660849 -1.8884458 -1.9849269 -2.0468611 -2.0992493 -2.2636944 -2.3791399 -2.3849924 -2.3794041 -2.370334 -2.2937765 -2.2125723 -2.1257953 -1.9940405
-1.9376282 -1.9157382 -1.8800595 -1.8492899 -1.8206083 -1.7957733 -1.7767595 -1.7876243 -1.7765697 -1.7868898 -1.8173558 -1.8487742 -1.8874755 -1.948138 -2.0155345 -2.0924817 -2.1755891 -2.2840689 -2.3739324 -2.437093 -2.4923661 -2.5403633 -2.6398548 -2.5952272 -2.5982525 -2.5774183 -2.541706 -2.3337823 -2.1884916 -2.0948525 -1.9755944 -1.8374117 -1.6915717 -1.5219562 -1.3879712 -1.2852229 -1.2149935 -1.1988786 -1.2242143 -1.3136809 -1.4324107 -1.585235 -1.7358803 -1.8470767 -1.9871438 -2.0807829 -2.1427171 -2.1834246 -2.2628792 -2.3723872 -2.377038 -2.3694109 -2.357706 -2.3488648 -2.2657015 -2.1747587 -2.0364386
-1.8444896 -1.8276579 -1.8055486 -1.7876164 -1.7771436 -1.7705503 -1.7705503 -1.7877066 -1.8076159 -1.8419031 -1.8794482 -1.9108666 -1.9487481 -2.0040212 -2.0620456 -2.1173187 -2.2121421 -2.3337428 -2.3997045 -2.4495115 -2.4795934 -2.5042036 -2.4323486 -2.384113 -2.3724081 -2.3444461 -2.305755 -2.2006699 -2.1015622 -1.9908651 -1.8700373 -1.7318546 -1.5860146 -1.4338511 -1.3296523 -1.2417582 -1.2153421 -1.2157205 -1.2800974 -1.3847339 -1.5193401 -1.6721644 -1.8228434 -1.9984167 -2.1423748 -2.2360139 -2.2911224 -2.3262371 -2.333366 -2.3522011 -2.3522011 -2.344574 -2.3328691 -2.3791079 -2.367032 -2.261688 -2.1140268
-1.751351 -1.7428791 -1.7310378 -1.7314456 -1.7336789 -1.7483399 -1.7586821 -1.7972838 -1.8262424 -1.8857575 -1.9253889 -1.9616411 -1.9989723 -2.0542454 -2.1046691 -2.1534736 -2.2435395 -2.3607809 -2.4226695 -2.4500612 -2.4555885 -2.4617427 -2.3853445 -2.3279165 -2.3027682 -2.2574827 -2.2112781 -2.1097291 -2.0078224 -1.8928354 -1.7703983 -1.6432745 -1.5198722 -1.3848837 -1.3232874 -1.2463569 -1.266823 -1.2716037 -1.3563252 -1.4844907 -1.6232463 -1.7610847 -1.9136124 -2.0687632 -2.2127213 -2.2837425 -2.3184883 -2.3502113 -2.3516812 -2.355659 -2.355659 -2.3442183 -2.330668 -2.3825657 -2.3803948 -2.2785213 -2.1570458
-1.6623225 -1.6578361 -1.6523088 -1.6634112 -1.6791204 -1.7099817 -1.7361637 -1.7886017 -1.8383475 -1.9047589 -1.9617544 -1.9984091 -2.0396788 -2.0949519 -2.1413901 -2.1856086 -2.2675929 -2.3781391 -2.4206767 -2.4419066 -2.4416392 -2.4270818 -2.3470687 -2.2803056 -2.2451909 -2.1865293 -2.1257289 -2.0194189 -1.9080624 -1.7851611 -1.6785456 -1.5570652 -1.4590977 -1.3479013 -1.3088422 -1.2680357 -1.3059917 -1.3538332 -1.4533247 -1.583483 -1.7297941 -1.8568026 -1.9940938 -2.1404996 -2.2565315 -2.3146423 -2.3378452 -2.361255 -2.36 -2.36 -2.36 -2.3485593 -2.331002 -2.3827701 -2.3866949 -2.2872034 -2.1836626
-1.5845779 -1.578845 -1.5843723 -1.5994293 -1.6256113 -1.6633874 -1.7096709 -1.7712942 -1.8383475 -1.9148117 -1.9816239 -2.0182787 -2.0595484 -2.1148215 -2.1603958 -2.1935597 -2.2712431 -2.3715159 -2.404604 -2.4154138 -2.4043592 -2.3807195 -2.2867553 -2.2131576 -2.1604856 -2.0950643 -2.0197579 -1.9106054 -1.7954682 -1.6822713 -1.5791978 -1.4907609 -1.4104027 -1.3479013 -1.33 -1.3210213 -1.3912506 -1.4612901 -1.578339 -1.7061406 -1.8423883 -1.9513816 -2.0669488 -2.1957026 -2.2993972 -2.3345118 -2.353774 -2.3678782 -2.3625937 -2.36 -2.36 -2.3485593 -2.331002 -2.3827701 -2.3884201 -2.3064859 -2.2135597
-1.5380892 -1.5278546 -1.5307065 -1.5462953 -1.5790089 -1.6228448 -1.6774496 -1.7546894 -1.8277896 -1.9054991 -1.9857761 -2.0282703 -2.0931707 -2.1484437 -2.1940181 -2.2300456 -2.3070089 -2.3477263 -2.3597743 -2.3509374 -2.3383822 -2.2973558 -2.2189397 -2.1632681 -2.0975282 -2.0279547 -1.9379136 -1.8246085 -1.7137667 -1.6094581 -1.5289668 -1.4598234 -1.4237965 -1.3738035 -1.3643818 -1.405769 -1.4797527 -1.5809092 -1.7085321 -1.8454064 -1.9669675 -2.0534975 -2.1607604 -2.2934666 -2.3968714 -2.4289637 -2.4463365 -2.4580414 -2.3590661 -2.3550883 -2.3522155 -2.338736 -2.3211786 -2.2354196 -2.2452217 -2.1850735 -2.1096548
-1.4979873 -1.4855163 -1.4855163 -1.5062196 -1.5428744 -1.5938914 -1.6514917 -1.7287315 -1.8116411 -1.8998944 -1.9851224 -2.0531956 -2.116975 -2.1722481 -2.2180053 -2.2566965 -2.2792286 -2.2958105 -2.289723 -2.2748771 -2.2430017 -2.2097861 -2.1710796 -2.1142871 -2.0323529 -1.9455531 -1.8515889 -1.7509655 -1.6426798 -1.5665981 -1.520944 -1.4767255 -1.4485451 -1.4192829 -1.4572764 -1.5031427 -1.5977283 -1.7064022 -1.8468609 -1.9640151 -2.081064 -2.1594131 -2.2472105 -2.3923864 -2.493533 -2.5227952 -2.5368053 -2.5485102 -2.4284342 -2.3467704 -2.340918 -2.3263175 -2.3087601 -2.1974755 -2.1071243 -2.0720097 -2.0424996
-1.4740462 -1.4606793 -1.4606793 -1.4793859 -1.5118282 -1.5628452 -1.6204455 -1.6976853 -1.7805949 -1.8688482 -1.9540762 -2.0221494 -2.0856797 -2.1354255 -2.1781424 -2.2070225 -2.224838 -2.2337181 -2.2220384 -2.194157 -2.1444113 -2.104229 -2.048956 -1.9889252 -1.9019589 -1.8231381 -1.7398226 -1.6651992 -1.5743782 -1.5268281 -1.5099822 -1.513981 -1.5003917 -1.500003 -1.5555793 -1.614909 -1.7144006 -1.8243778 -1.9547125 -2.0547922 -2.1493656 -2.2005941 -2.2720475 -2.4066537 -2.5059515 -2.524332 -2.5339631 -2.5423009 -2.4222249 -2.3405612 -2.3294174 -2.313899 -2.2963417 -2.1897994 -2.1009151 -2.0760839 -2.0563381
-1.474942 -1.45 -1.4460908 -1.4580883 -1.4876131 -1.5353384 -1.5905724 -1.6630997 -1.7460093 -1.8342626 -1.9159512 -1.9840244 -2.0404759 -2.0902217 -2.1302687 -2.1534311 -2.1610065 -2.1614418 -2.1377789 -2.0992793 -2.0495336 -1.9915932 -1.9361376 -1.8716347 -1.7875719 -1.7069017 -1.643756 -1.5746694 -1.5339231 -1.5046609 -1.5161303 -1.5299728 -1.5749105 -1.5882855 -1.650457 -1.7266753 -1.8261669 -1.924437 -2.0481059 -2.1391129 -2.2061666 -2.2370411 -2.2898056 -2.4244118 -2.5067747 -2.5210319 -2.5268843 -2.5293818 -2.4089369 -2.3251644 -2.3134596 -2.2979411 -2.2771784 -2.1773809 -2.0950847 -2.0730259 -2.0554686
-1.474942 -1.444045 -1.4274631 -1.4365942 -1.4627762 -1.5071622 -1.5595262 -1.6313039 -1.7087539 -1.7919149 -1.8713389 -1.9289393 -1.9845927 -2.0343385 -2.0678656 -2.0789203 -2.0800397 -2.0745124 -2.0380019 -1.9937223 -1.9333022 -1.8727532 -1.8119528 -1.7474499 -1.6772206 -1.6189909 -1.5692451 -1.5368294 -1.5101461 -1.5277034 -1.5547379 -1.6044837 -1.6494214 -1.6903885 -1.7604002 -1.8384416 -1.9206065 -2.0110636 -2.1164075 -2.1907501 -2.2434221 -2.268473 -2.3016201 -2.4245214 -2.5027609 -2.5086134 -2.5107541 -2.5107541 -2.3903092 -2.3065367 -2.2948318 -2.2757512 -2.2523414 -2.1571919 -2.084374 -2.0668167 -2.0594973
-1.474942 -1.4410546 -1.420354 -1.4198804 -1.4363505 -1.4768946 -1.526494 -1.5896936 -1.6629439 -1.7349825 -1.8118811 -1.8694814 -1.9210247 -1.9558154 -1.9861638 -1.993288 -1.9904255 -1.9820224 -1.9438688 -1.8939394 -1.8276118 -1.7615816 -1.6798242 -1.6268118 -1.5768673 -1.5471127 -1.5153882 -1.5285003 -1.5175066 -1.5557949 -1.6248134 -1.696471 -1.7478195 -1.7950859 -1.8619684 -1.9368964 -1.9895684 -2.0773792 -2.2113313 -2.2859575 -2.3275462 -2.3476018 -2.3579608 -2.2719997 -2.3497365 -2.3511232 -2.343197 -2.338413 -2.2661461 -2.1850363 -2.1690152 -2.1552714 -2.1369447 -2.123882 -2.0587023 -2.0536449 -2.064637
-1.4811775 -1.4365819 -1.4133611 -1.4078591 -1.4183319 -1.4483543 -1.4954819 -1.5519241 -1.6182518 -1.6843389 -1.7522973 -1.8059638 -1.8547669 -1.8850866 -1.9037024 -1.9088623 -1.9011596 -1.890105 -1.8473131 -1.7975674 -1.7394324 -1.6753364 -1.6008083 -1.545859 -1.5073619 -1.5063994 -1.4953448 -1.5328463 -1.5577278 -1.6221046 -1.7082097 -1.7880503 -1.8407302 -1.8934022 -1.9510005 -2.0215857 -2.0637871 -2.1465289 -2.2917921 -2.3507134 -2.3799756 -2.3866095 -2.3922169 -2.2999527 -2.2460394 -2.243331 -2.2213605 -2.2096556 -2.1398119 -2.0857528 -2.0681955 -2.0600359 -2.048331 -2.0443127 -2.0360394 -2.0378505 -2.060992
-1.4854157 -1.4365819 -1.4034181 -1.395115 -1.4003514 -1.4281297 -1.4647845 -1.517884 -1.5747871 -1.6357711 -1.6964142 -1.7435417 -1.7864653 -1.8085745 -1.8229823 -1.8229823 -1.8135431 -1.7969664 -1.7541745 -1.7044288 -1.654683 -1.6008255 -1.5455524 -1.5023943 -1.4906894 -1.5009003 -1.526391 -1.5781942 -1.6322386 -1.7175661 -1.8075575 -1.9015217 -1.9570527 -1.9865408 -2.0367577 -2.0898873 -2.1191495 -2.1882321 -2.3228383 -2.378591 -2.3861848 -2.3840061 -2.3735891 -2.2740976 -2.2112145 -2.1936571 -2.1681736 -2.1413539 -2.0747404 -2.0236604 -2.0061031 -1.9999864 -1.9986571 -2.0038525 -2.0078747 -2.025432 -2.0503173
-1.4822024 -1.429135 -1.3929969 -1.3795788 -1.3827224 -1.4023209 -1.4357356 -1.4782596 -1.5316897 -1.5818852 -1.6388807 -1.6772374 -1.7181636 -1.7402729 -1.7526834 -1.7526834 -1.7422456 -1.7256636 -1.6818783 -1.6480092 -1.618861 -1.5724627 -1.5335687 -1.5114905 -1.5201731 -1.5580608 -1.5942773 -1.670266 -1.7343379 -1.8264652 -1.9238024 -2.0112908 -2.04738 -2.0626057 -2.090504 -2.1368231 -2.150977 -2.2140677 -2.3427891 -2.3796685 -2.3790155 -2.3446118 -2.3278018 -2.2189957 -2.1511193 -2.1136344 -2.0609624 -2.0267103 -1.9699645 -1.9198832 -1.911841 -1.9270953 -1.9326834 -1.9645998 -1.9746138 -2.0042598 -2.0415629
