P2_models/J1_p2__temp2_slide_220.dat.tif
NCOLS 118
NROWS 92
XLLCORNER 139.62
YLLCORNER -39.07
DX 0.099491525
DY 0.099347826
NODATA_VALUE -9999
[rows 0 to 26 of 92, columns 0 to 59 of 118]
-9999 -9999 -9999 -9999 -9999 -9999 -9999 -9999 -9999 -9999 -9999 -9999 -9999 -9999 -9999 -9999 -9999 -9999 -9999 -9999 -9999 -9999 -9999 -9999 -9999 -9999 -9999 -9999 -9999 -9999 -9999 -9999 -9999 -9999 -9999 -9999 -9999 -9999 -9999 -9999 -9999 -9999 -9999 -9999 -9999 -9999 -9999 -9999 -9999 -9999 -9999 -9999 -9999 -9999 -9999 -9999 -9999 -9999 -9999 -9999
-9999 1104.4475 1102.6169 1100.7862 1098.9556 1097.1249 1096.5365 1096.0231 1100.5911 1110.6809 1120.7706 1130.8604 1140.9501 1146.5286 1143.8228 1141.9769 1140.131 1138.2851 1136.4392 1134.1106 1130.6682 1127.2258 1123.7833 1120.3409 1118.1702 1124.3083 1132.4967 1141.946 1151.3954 1160.8447 1170.294 1172.3998 1160.3495 1148.2993 1136.249 1124.1987 1118.8062 1125.1874 1120.0458 1113.5401 1107.0344 1100.5287 1094.0229 1095.775 1110.4357 1127.3231 1144.2105 1161.0979 1177.9853 1184.5557 1194.3154 1204.0752 1213.835 1223.5947 1229.6403 1226.9276 1230.0132 1233.0989 1236.1845 1239.2702
-9999 1103.2578 1101.4272 1099.5965 1097.7659 1098.1437 1099.9048 1099.3914 1096.2526 1097.2623 1107.352 1117.4418 1127.5315 1133.11 1129.6543 1126.549 1124.7031 1122.8572 1121.0113 1118.6827 1115.2403 1111.7979 1108.3555 1108.4569 1114.1693 1120.3075 1127.5866 1135.2815 1144.7308 1154.1801 1163.6295 1165.7352 1153.6849 1141.6347 1129.5844 1129.9234 1143.0786 1149.4597 1146.1497 1141.6684 1135.1626 1128.6569 1122.1512 1123.9032 1131.5917 1144.5434 1161.4308 1178.3182 1195.2055 1201.5493 1206.0708 1215.1931 1224.9528 1234.7126 1240.7581 1233.938 1229.591 1232.6767 1235.7623 1238.848
-9999 1102.0681 1100.2375 1098.4068 1099.7508 1101.512 1103.2731 1102.7597 1099.621 1096.4822 1093.9335 1104.0232 1114.1129 1119.6914 1116.2357 1112.7801 1109.3244 1107.4293 1105.5834 1103.2548 1099.8124 1096.37 1098.7436 1104.4561 1110.1685 1116.3067 1123.5857 1130.8648 1138.1439 1147.5155 1156.9649 1159.0706 1147.0204 1134.9701 1141.0406 1154.1957 1167.3509 1173.732 1170.4221 1167.1121 1163.2909 1156.7852 1150.2795 1152.0315 1159.7199 1167.4084 1178.6511 1195.5385 1212.4258 1218.7696 1223.2911 1227.8127 1236.0707 1245.8304 1251.876 1245.0558 1238.2357 1232.2544 1235.3401 1238.4257
-9999 1100.8784 1099.5968 1101.358 1103.1191 1104.8803 1106.6415 1106.128 1102.9893 1099.8505 1096.7118 1093.5731 1100.6944 1106.2728 1102.8171 1099.3615 1095.9058 1092.4501 1090.1556 1087.8269 1084.3845 1089.0303 1094.7428 1100.4552 1106.1677 1112.3059 1119.5849 1126.864 1134.1431 1141.4221 1150.3003 1152.4061 1140.3558 1152.1578 1165.3129 1178.4681 1191.6232 1198.0044 1194.6944 1191.3844 1188.0744 1184.7645 1178.4077 1180.1598 1187.8482 1195.5366 1203.2251 1212.7587 1229.6461 1235.9899 1240.5114 1245.033 1249.5545 1256.9483 1262.9938 1256.1737 1249.3535 1242.5334 1235.7132 1238.0035
-9999 1101.2039 1102.9651 1104.7263 1106.4874 1108.2486 1110.0098 1109.4963 1106.3576 1103.2189 1100.0801 1096.9414 1093.8027 1092.8542 1089.3986 1085.9429 1082.4872 1079.0315 1075.5759 1073.6045 1079.317 1085.0295 1090.7419 1096.4544 1102.1669 1108.305 1115.5841 1122.8632 1130.1422 1137.4213 1144.7004 1150.1198 1163.275 1176.4301 1189.5853 1202.7404 1215.8955 1222.2767 1218.9667 1215.6567 1212.3468 1209.0368 1205.7268 1208.288 1215.9765 1223.6649 1231.3533 1239.0417 1246.8664 1253.2102 1257.7317 1262.2532 1266.7748 1271.2963 1274.1117 1267.2915 1260.4714 1253.6512 1246.8311 1240.0109
-9999 1101.2106 1102.9718 1104.7329 1106.4941 1108.2553 1110.1018 1109.6668 1106.5281 1103.3894 1100.2507 1097.112 1094.2693 1092.2522 1090.6169 1087.1612 1083.7055 1080.2499 1076.7942 1076.1108 1081.8233 1087.5358 1093.2482 1098.9607 1104.9546 1108.8432 1107.7714 1115.0504 1122.3295 1129.6086 1136.8876 1146.1738 1159.3289 1172.4841 1185.6392 1198.7943 1215.4519 1226.0104 1222.7005 1219.3905 1216.0805 1212.7705 1210.359 1213.0764 1220.0051 1227.6935 1235.3819 1243.0704 1250.7588 1255.747 1260.2685 1264.7901 1269.3116 1272.8537 1271.8076 1264.9874 1258.1673 1251.3471 1244.527 1240.1603
-9999 1100.6847 1102.4459 1104.207 1105.9682 1107.8581 1109.7657 1109.3307 1106.192 1103.0533 1099.9146 1097.2659 1094.7826 1092.7654 1091.682 1090.5985 1087.2427 1083.7871 1080.3314 1079.648 1085.3605 1091.073 1096.7854 1102.987 1109.4557 1113.3443 1110.3181 1107.2919 1113.9128 1121.1919 1128.471 1137.7571 1150.9123 1164.0674 1177.2225 1195.6793 1215.9317 1226.4903 1223.1803 1219.8703 1216.5603 1214.4721 1212.5539 1215.2713 1221.3211 1227.904 1235.5925 1243.2809 1250.9693 1255.9575 1260.4791 1265.0006 1267.8025 1268.4232 1267.3771 1260.5569 1253.7368 1246.9167 1243.298 1240.4195
-9999 1100.1588 1101.92 1103.7067 1105.6144 1107.522 1109.4296 1108.9946 1105.8559 1102.7459 1100.2625 1097.7792 1095.2958 1093.2786 1092.1952 1091.1117 1090.0283 1087.3243 1083.8686 1083.1852 1088.8977 1094.6102 1101.0195 1107.4881 1113.9567 1117.8454 1114.8192 1111.793 1108.7667 1112.7752 1120.0543 1129.3405 1142.4956 1155.6543 1175.9067 1196.1591 1216.4116 1226.9701 1223.6601 1220.5033 1218.5851 1216.667 1214.7489 1217.4663 1223.516 1229.5658 1235.803 1243.4914 1251.1798 1256.168 1260.6896 1262.7512 1263.372 1263.9928 1262.9466 1256.1265 1249.3142 1246.4357 1243.5572 1240.6786
-9999 1099.6329 1101.463 1103.3707 1105.2783 1107.1859 1109.0935 1108.6585 1105.7425 1103.2591 1100.7758 1098.2924 1095.809 1093.7919 1092.7084 1091.6249 1090.5415 1089.458 1087.4058 1086.7224 1092.5834 1099.052 1105.5206 1111.9892 1118.4578 1122.3465 1119.3203 1116.294 1113.2678 1110.2416 1111.6376 1120.9238 1135.8817 1156.1341 1176.3865 1196.639 1216.8914 1227.4499 1224.6164 1222.6982 1220.7801 1218.862 1216.9438 1219.6612 1225.711 1231.7608 1237.8106 1243.8604 1251.3904 1256.3786 1257.7 1258.3208 1258.9415 1259.5623 1258.5161 1252.4518 1249.5733 1246.6948 1243.8163 1240.9378
-9999 1099.3584 1101.266 1103.1736 1105.0813 1106.9889 1108.8965 1108.4783 1105.9949 1103.5116 1101.0282 1098.5448 1096.0614 1094.5301 1093.4467 1092.3632 1091.2797 1090.1963 1089.1128 1090.313 1096.7816 1103.2502 1109.7188 1116.1874 1122.656 1129.3082 1126.2819 1123.2557 1120.2295 1117.2033 1114.177 1119.102 1139.3544 1159.6069 1179.8593 1200.1117 1220.3642 1229.0129 1227.0948 1225.1766 1223.2585 1221.3404 1219.4223 1221.3249 1227.3747 1233.4245 1239.4743 1245.524 1251.5738 1252.9946 1253.6154 1254.2361 1254.8569 1255.4776 1256.7357 1253.8572 1250.9787 1248.1002 1245.2217 1242.3432
-9999 1100.0729 1101.9805 1103.8881 1105.7957 1107.7034 1108.0691 1107.0216 1104.5383 1102.0549 1099.5715 1097.0881 1093.9793 1092.6746 1095.3569 1094.5762 1093.4927 1092.4092 1091.3258 1092.5259 1098.9946 1105.4632 1111.9318 1118.4004 1123.7401 1131.5054 1147.162 1146.3433 1143.3171 1140.2909 1137.2646 1142.1896 1162.4421 1182.6945 1202.9469 1223.1993 1231.21 1233.349 1231.4309 1229.5128 1227.5946 1225.6765 1222.7904 1222.6658 1225.5566 1231.6064 1237.6562 1243.706 1249.7558 1251.1765 1251.7973 1252.418 1253.0388 1258.6654 1265.653 1262.7745 1259.896 1257.0175 1254.139 1244.5099
-9999 1100.7873 1102.695 1104.6026 1106.219 1106.4157 1106.6124 1105.5649 1103.0816 1100.5982 1098.0831 1094.7875 1091.4919 1090.1872 1092.8695 1095.5518 1095.7057 1094.6222 1093.5388 1094.7389 1101.2075 1107.6761 1114.1447 1119.0756 1123.8966 1131.6619 1147.3185 1162.9751 1166.4047 1163.3785 1160.3522 1165.2772 1185.5297 1205.7821 1225.5963 1230.5712 1235.5461 1237.6851 1235.767 1233.8489 1231.7728 1228.8337 1225.8946 1225.77 1227.6687 1229.7883 1235.8381 1241.8879 1247.9377 1249.3585 1249.9792 1250.6 1257.7469 1267.5827 1274.5703 1271.6918 1268.8133 1265.3473 1255.088 1244.8286
-9999 1101.5018 1103.4094 1104.5656 1104.7623 1104.959 1105.1557 1104.1082 1101.6249 1098.8913 1095.5957 1092.3001 1089.0045 1087.6998 1090.3821 1093.0644 1095.7466 1096.8352 1095.7517 1096.9519 1103.4205 1109.59 1114.411 1119.2321 1124.0531 1131.8184 1147.4749 1163.1315 1178.7881 1186.4661 1183.4398 1188.3648 1208.6173 1224.9575 1229.9324 1234.9073 1239.8822 1242.0212 1240.1031 1237.8161 1234.877 1231.9379 1228.9988 1228.8742 1230.7729 1232.6716 1234.5703 1240.0698 1246.1196 1247.5404 1248.1612 1256.8284 1266.6642 1276.5 1283.4876 1280.6091 1275.9254 1265.6661 1255.4067 1245.1474
-9999 1102.2163 1102.9122 1103.1089 1103.3056 1103.5023 1103.699 1102.6516 1099.6995 1096.4039 1093.1083 1089.8126 1086.517 1085.2124 1087.8946 1090.5769 1093.2592 1095.9415 1097.9647 1099.1649 1104.9254 1109.7465 1114.5675 1119.3885 1124.2096 1131.9748 1147.6314 1163.288 1178.9446 1194.6012 1206.5275 1211.4524 1224.3187 1229.2936 1234.2685 1239.2434 1244.2183 1246.3574 1243.8595 1240.9203 1237.9812 1235.0421 1232.103 1231.9784 1233.8771 1235.7758 1237.6745 1239.5733 1244.3016 1246.0741 1255.9099 1265.7457 1275.5815 1285.4173 1292.4049 1286.5035 1276.2441 1265.9848 1255.7254 1245.4661
-9999 1102.2174 1102.4141 1102.6108 1102.8074 1103.0041 1103.2008 1101.2488 1097.9532 1094.6576 1091.362 1088.0664 1084.7708 1084.9575 1087.8659 1090.5482 1093.2305 1095.9128 1098.5951 1101.9241 1106.7451 1111.5662 1116.3872 1121.2082 1126.0292 1133.3996 1149.3147 1164.9713 1180.6279 1196.2845 1211.9411 1223.9492 1228.9241 1233.899 1238.8739 1243.8489 1248.8238 1249.7516 1246.8125 1243.8733 1240.9342 1237.9951 1235.056 1235.3602 1237.2589 1239.1576 1241.0563 1242.955 1244.8538 1252.8582 1262.694 1272.5298 1282.3656 1292.2014 1296.607 1285.7925 1275.5331 1265.2738 1255.0144 1244.7551
-9999 1103.9464 1104.1431 1104.3398 1104.5365 1103.8846 1098.4295 1095.9726 1096.976 1094.6335 1091.3379 1088.0423 1084.7467 1084.9334 1092.0938 1096.2326 1098.9149 1101.5972 1104.2795 1107.6085 1112.4295 1117.2505 1122.0716 1126.8926 1129.1404 1135.557 1153.6658 1170.2025 1185.8591 1201.5157 1217.1723 1229.1804 1234.1553 1239.1302 1244.1051 1248.716 1245.0372 1244.4064 1248.1363 1246.475 1243.5359 1240.5968 1237.6576 1238.2177 1241.2856 1243.1844 1245.0831 1246.9818 1248.8805 1255.9704 1264.5211 1274.3569 1284.1927 1294.0285 1298.4341 1284.0302 1272.4292 1262.1699 1251.9105 1241.6512
-9999 1105.6755 1105.8722 1106.0689 1103.744 1098.289 1092.8339 1090.377 1091.3804 1092.3838 1091.3138 1088.0182 1084.7226 1084.9093 1092.0697 1099.2301 1104.5993 1107.2816 1109.9639 1113.2929 1118.1139 1122.9349 1127.1894 1129.2436 1131.2977 1137.7143 1155.8231 1173.9319 1191.0903 1206.7469 1222.4035 1234.4116 1239.3865 1244.3614 1246.7785 1243.0997 1239.4208 1238.7901 1242.52 1246.2499 1246.1375 1243.1984 1240.2593 1240.8193 1243.8948 1246.9703 1249.1098 1251.0086 1252.9073 1259.9971 1267.9842 1276.1841 1286.0199 1295.8557 1300.2613 1285.8574 1271.4535 1259.066 1248.8066 1238.5473
-9999 1107.4046 1107.6013 1103.6035 1098.1484 1092.6934 1087.2383 1084.7814 1085.7848 1086.7882 1087.7916 1087.9941 1084.6985 1084.8852 1092.0456 1099.206 1106.3664 1112.966 1115.6482 1118.9773 1123.7983 1127.2926 1129.3467 1131.4009 1133.4551 1139.8716 1157.9804 1176.0892 1194.198 1211.9781 1227.6347 1239.6428 1244.6177 1244.841 1241.1622 1237.4833 1233.8045 1233.1738 1236.9037 1240.6336 1244.3635 1245.8 1242.8609 1243.4209 1246.4965 1249.572 1252.6475 1255.0353 1256.934 1264.0239 1272.0109 1279.998 1287.985 1297.6828 1302.0884 1287.6846 1273.2807 1258.8768 1245.7028 1235.4434
-9999 1108.918 1103.463 1098.0079 1092.5528 1087.0978 1081.6427 1079.1858 1080.1892 1081.1926 1082.196 1083.1994 1084.2028 1084.8611 1092.0215 1099.1819 1106.3423 1113.5028 1120.6632 1124.6616 1127.3957 1129.4499 1131.5041 1133.5582 1135.6124 1142.0289 1160.1377 1178.2465 1196.3554 1214.4642 1232.573 1244.874 1242.9035 1239.2247 1235.5459 1231.867 1228.1882 1227.5574 1231.2873 1235.0172 1238.7471 1242.477 1245.4626 1246.0226 1249.0981 1252.1736 1255.2491 1258.3246 1260.9608 1268.0507 1276.0377 1284.0247 1292.0118 1299.9988 1303.9156 1289.5117 1275.1078 1260.7039 1246.3001 1232.3395
-9999 1115.1172 1109.6622 1104.2071 1098.752 1093.2969 1085.5358 1076.9916 1077.995 1078.9984 1080.0018 1081.0052 1082.7156 1092.6085 1100.0891 1107.2495 1114.4099 1121.5703 1128.7307 1134.3471 1136.4012 1138.4554 1140.5096 1142.5637 1144.6179 1151.1647 1163.8834 1181.9922 1200.101 1218.2098 1236.3186 1246.9855 1243.3066 1239.6278 1235.949 1232.2702 1228.6134 1228.0856 1231.8155 1235.5454 1239.2753 1243.0052 1245.5289 1245.5135 1248.2925 1251.368 1254.4435 1257.5191 1260.5946 1267.8578 1275.8449 1283.8319 1291.819 1299.806 1298.7025 1284.2986 1269.8947 1255.4908 1241.087 1231.2696
-9999 1130.2134 1124.7584 1119.3033 1113.8482 1102.7241 1085.9074 1077.3632 1078.3666 1079.37 1080.3734 1084.9987 1095.8498 1105.7427 1113.7166 1121.4207 1128.5811 1135.7415 1142.9019 1148.5183 1150.5725 1152.6266 1154.6808 1158.0271 1164.8124 1171.367 1177.3031 1186.9359 1205.0447 1223.1535 1241.2623 1251.9292 1248.2504 1244.5715 1240.8927 1237.2803 1233.7765 1233.2488 1236.9787 1240.7086 1244.4385 1245.9763 1245.4617 1245.4463 1245.7898 1247.9923 1251.0678 1254.1433 1257.2189 1264.4821 1272.4692 1280.4562 1287.8906 1289.8698 1288.1788 1273.7749 1259.3711 1244.9672 1238.3311 1240.6912
-9999 1145.3097 1139.8546 1134.3995 1119.9123 1103.0957 1086.279 1077.7348 1078.7382 1079.7416 1087.2818 1098.1329 1108.984 1118.8769 1126.8508 1134.8247 1142.7523 1149.9128 1157.0732 1162.6895 1164.7437 1166.7979 1171.444 1178.2294 1185.0147 1191.5692 1197.5054 1203.4415 1209.9884 1228.0972 1246.206 1256.8729 1253.1941 1249.5152 1245.9472 1242.4434 1238.9396 1238.4119 1242.1418 1245.8717 1246.4237 1245.9091 1245.3945 1245.3791 1245.7226 1246.0661 1247.6921 1250.7676 1253.8431 1261.1064 1269.0935 1275.3878 1277.3669 1279.3461 1277.6551 1263.2513 1248.8474 1245.3926 1247.7526 1250.1127
-9999 1160.4059 1153.9173 1137.1006 1120.2839 1103.4673 1086.6506 1078.1064 1079.1098 1089.565 1100.4161 1111.2672 1122.1183 1132.0111 1139.985 1147.9589 1155.9329 1163.9068 1171.2444 1176.8607 1178.9149 1184.861 1191.6463 1198.4316 1205.217 1211.7715 1217.7076 1223.6437 1229.5798 1235.5159 1251.1497 1261.8166 1258.1378 1254.6141 1251.1103 1247.6065 1244.1028 1243.575 1247.3049 1246.8711 1246.3565 1245.8419 1245.3273 1245.3119 1245.6554 1245.9989 1246.3424 1247.3919 1250.4674 1257.7307 1262.8849 1264.8641 1266.8433 1268.8224 1267.1315 1252.7276 1252.454 1254.8141 1257.1742 1259.5343
-9999 1171.1056 1154.2889 1137.4722 1120.6555 1103.8389 1087.0222 1080.997 1091.8481 1102.6992 1113.5503 1124.4014 1135.2525 1145.1453 1153.1192 1161.0931 1169.0671 1177.041 1185.0149 1191.4926 1198.2779 1205.0633 1211.8486 1218.6339 1225.4192 1231.9738 1237.9099 1243.846 1249.7821 1255.7182 1261.6543 1266.7848 1263.281 1259.7773 1256.2735 1252.7697 1249.2659 1247.8331 1247.3185 1246.8039 1246.2893 1245.7746 1245.26 1245.2447 1245.5882 1245.9317 1246.2752 1246.6187 1247.0917 1250.3821 1252.3612 1254.3404 1256.3196 1258.2987 1257.1554 1259.5155 1261.8756 1264.2357 1266.5957 1268.9558
-9999 1182.7715 1165.9548 1149.1381 1132.3214 1115.5047 1097.1765 1084.2117 1084.9594 1095.8105 1106.6616 1117.5127 1128.3638 1140.2396 1152.5996 1160.5735 1168.5475 1176.5214 1184.4953 1192.1098 1198.8951 1205.6804 1212.4658 1219.2511 1226.5662 1234.3645 1240.6266 1246.5627 1252.4988 1258.4349 1264.371 1267.0827 1263.5789 1260.0751 1256.5714 1253.0676 1257.8884 1265.719 1264.4917 1263.9771 1263.4625 1262.9479 1262.4333 1259.9191 1258.3964 1258.7399 1259.0834 1259.4269 1259.7704 1245.7007 1244.9772 1246.9564 1248.9356 1250.9147 1254.6024 1262.5737 1264.9337 1267.2938 1269.6539 1272.014
-9999 1196.6019 1179.7853 1162.9686 1146.1519 1127.0128 1107.4567 1094.4919 1089.1343 1085.0843 1095.9354 1106.7865 1117.6376 1129.5134 1143.4412 1157.369 1165.411 1173.3849 1181.3589 1188.9734 1195.7587 1202.544 1209.3293 1217.0708 1225.4079 1233.2061 1239.5601 1245.914 1251.8642 1257.8003 1263.7364 1266.4482 1262.9444 1259.4406 1255.9368 1265.3125 1279.7762 1287.6068 1285.9477 1284.4546 1283.94 1283.4254 1282.9108 1280.3965 1276.4448 1274.0158 1274.3593 1274.7028 1275.0463 1260.9766 1244.4159 1240.1741 1242.1533 1244.1324 1247.8202 1257.4261 1266.7723 1269.1324 1271.4925 1273.8526
