P2_models/J1_p2_tot_conduct_slide_81.29.dat.tif
NCOLS 118
NROWS 92
XLLCORNER 139.62
YLLCORNER -39.07
DX 0.099491525
DY 0.099347826
NODATA_VALUE -9999
[rows 26 to 51 of 92, columns 57 to 113 of 118]
-2.7440271 -2.665952 -2.5885697 -2.5199366 -2.4623363 -2.4115256 -2.3748708 -2.3474798 -2.3364252 -2.326971 -2.3228452 -2.3284927 -2.3308893 -2.3410773 -2.3372855 -2.3317582 -2.3077702 -2.2801337 -2.2343616 -2.1829789 -2.1181045 -2.0540085 -1.9833495 -1.9250852 -1.8724132 -1.8467037 -1.8245944 -1.8441959 -1.8683097 -1.9209817 -1.9920179 -2.0749275 -2.1684336 -2.2679251 -2.3659021 -2.4646957 -2.5588272 -2.6526806 -2.7346148 -2.7870671 -2.8455915 -2.8731721 -2.8926623 -2.8781594 -2.8745652 -2.8745652 -2.8742115 -2.8625066 -2.820232 -2.7561088 -2.732699 -2.7061509 -2.6593314 -2.606529 -2.53839 -2.4213412 -2.2814288
-2.8607337 -2.7851694 -2.7077871 -2.6359475 -2.5683073 -2.5071164 -2.4477259 -2.4009128 -2.362918 -2.3304886 -2.3095989 -2.2834169 -2.2712806 -2.2491714 -2.2333868 -2.2002229 -2.1694121 -2.1278004 -2.0793567 -2.0240224 -1.963222 -1.9016751 -1.8464021 -1.7957558 -1.7664422 -1.7497971 -1.7451162 -1.7713591 -1.8020778 -1.8722457 -1.952737 -2.0411739 -2.1370085 -2.2414323 -2.3362864 -2.4315798 -2.5076615 -2.5929867 -2.6456587 -2.6839937 -2.719751 -2.7403699 -2.7535753 -2.6950509 -2.6762655 -2.6821179 -2.6919335 -2.6969269 -2.7808694 -2.7769638 -2.7769638 -2.7617095 -2.7321865 -2.653291 -2.5716996 -2.4663556 -2.3170435
-2.9619438 -2.8923405 -2.8171852 -2.7391101 -2.6683458 -2.5930916 -2.5276365 -2.4578018 -2.4073591 -2.3468645 -2.3098499 -2.261839 -2.2298162 -2.1922407 -2.1555835 -2.114265 -2.0671841 -2.0209975 -1.9677113 -1.9124994 -1.8605033 -1.8041662 -1.7589356 -1.7230687 -1.7024674 -1.7083425 -1.7110734 -1.7534746 -1.7894533 -1.8662347 -1.9504897 -2.0389266 -2.1302128 -2.2330409 -2.3065205 -2.3990792 -2.4537168 -2.5222811 -2.5617824 -2.5721712 -2.5979171 -2.6023296 -2.6145771 -2.5756025 -2.5419186 -2.552919 -2.5863287 -2.6005346 -2.7030682 -2.7587568 -2.7757278 -2.7976271 -2.7781159 -2.7184096 -2.6293689 -2.524025 -2.3563929
-3.053711 -2.9903433 -2.9184883 -2.8419769 -2.763431 -2.6835399 -2.604994 -2.5296224 -2.4577674 -2.3885659 -2.3209233 -2.2633229 -2.2049793 -2.1552335 -2.101718 -2.0464449 -1.9904993 -1.9352262 -1.8799531 -1.8262088 -1.7776857 -1.7328618 -1.6941707 -1.6703921 -1.6645397 -1.6805028 -1.7026121 -1.7502425 -1.8020994 -1.8840336 -1.966271 -2.0547079 -2.1433038 -2.2369429 -2.3036321 -2.3681568 -2.4114898 -2.4489125 -2.4664699 -2.4687881 -2.4746405 -2.4725136 -2.4714069 -2.4425023 -2.4313059 -2.4488633 -2.4896711 -2.5306382 -2.6436925 -2.7300528 -2.7710199 -2.8030076 -2.8147124 -2.7639554 -2.6914613 -2.5861174 -2.4178127
-3.1406404 -3.0772726 -3.0054176 -2.9264611 -2.8441511 -2.7584241 -2.6732956 -2.5870745 -2.5074414 -2.4195553 -2.3451498 -2.2666039 -2.2021893 -2.1303966 -2.0733768 -2.0091895 -1.9504371 -1.8917615 -1.8393198 -1.7951626 -1.7564714 -1.7160072 -1.6994252 -1.681478 -1.6893766 -1.717772 -1.752286 -1.8082417 -1.8641918 -1.946126 -2.0244629 -2.0981726 -2.1766372 -2.2555706 -2.2984702 -2.3495291 -2.3553815 -2.3868202 -2.3720823 -2.3486725 -2.3380372 -2.3186194 -2.3099667 -2.2982618 -2.2884934 -2.3310131 -2.3976482 -2.4561274 -2.5959301 -2.6865882 -2.7662985 -2.8312038 -2.8643864 -2.8240109 -2.7535537 -2.6529031 -2.4801314
-3.1978424 -3.1429465 -3.0721522 -2.9963134 -2.9127104 -2.8187434 -2.7297246 -2.6378603 -2.5494234 -2.4543922 -2.3666888 -2.2856709 -2.2074134 -2.1336314 -2.0617764 -1.9945763 -1.935025 -1.8742246 -1.8270259 -1.7864106 -1.760663 -1.7308984 -1.7230416 -1.7267596 -1.7424605 -1.7829984 -1.8272169 -1.8892381 -1.9514246 -2.0333588 -2.1024806 -2.1703623 -2.2220946 -2.2917736 -2.3045278 -2.3354816 -2.316353 -2.3128086 -2.2760231 -2.2066413 -2.1832315 -2.1544029 -2.1365974 -2.1413551 -2.1522325 -2.2060909 -2.3085494 -2.3846312 -2.5486203 -2.6717388 -2.7708494 -2.8705901 -2.9232621 -2.895116 -2.8328543 -2.7344715 -2.5506998
-3.2497337 -3.1826856 -3.1163579 -3.0426757 -2.9641298 -2.871142 -2.7716505 -2.6766074 -2.5826432 -2.483415 -2.3865584 -2.302776 -2.2206598 -2.1432775 -2.0683996 -1.9965446 -1.9352072 -1.8799341 -1.8381033 -1.799657 -1.783075 -1.7706376 -1.7761649 -1.7929915 -1.8281062 -1.8766901 -1.9319632 -1.9967472 -2.0637147 -2.1397964 -2.2084516 -2.2637246 -2.3081961 -2.3433107 -2.3401671 -2.3288584 -2.2878913 -2.2298045 -2.1303129 -2.0594954 -2.0068234 -1.9721804 -1.944525 -1.9679347 -2.0107917 -2.0868735 -2.1946601 -2.3175614 -2.5014645 -2.6701299 -2.8105885 -2.9129116 -2.9948458 -2.9756698 -2.9274584 -2.8338193 -2.64858
-3.2873378 -3.2222073 -3.1597777 -3.0861753 -3.0076294 -2.9111307 -2.8090952 -2.7138928 -2.6199285 -2.5206206 -2.4227794 -2.3337607 -2.2501217 -2.167975 -2.095442 -2.0272968 -1.9728383 -1.9228757 -1.8825411 -1.8552106 -1.8552106 -1.8491932 -1.8747953 -1.8988351 -1.945459 -2.0057035 -2.0680383 -2.1281466 -2.1938148 -2.2627841 -2.3122574 -2.3508832 -2.3758832 -2.393423 -2.3573388 -2.3333429 -2.2397038 -2.1789748 -2.0601517 -1.9529034 -1.8823796 -1.8323522 -1.8016729 -1.8306639 -1.8743977 -1.9717053 -2.1166804 -2.2547815 -2.4935225 -2.6644737 -2.8295061 -2.9593166 -3.0505346 -3.0376206 -2.9899991 -2.9042522 -2.7197258
-3.3186485 -3.2504002 -3.1895998 -3.1207337 -3.0421878 -2.9506891 -2.8459612 -2.7495857 -2.6556215 -2.5588136 -2.4626227 -2.3769536 -2.2908192 -2.2090395 -2.1358286 -2.0695763 -2.0196657 -1.9754473 -1.9448305 -1.9251836 -1.9325 -1.9403107 -1.9707156 -2.0150773 -2.0683549 -2.1366478 -2.2085028 -2.2656874 -2.3263385 -2.3848629 -2.4214454 -2.4525 -2.455 -2.455 -2.3957627 -2.343487 -2.2335693 -2.128654 -1.9980459 -1.860152 -1.766513 -1.7075424 -1.66582 -1.6970289 -1.7556481 -1.8634347 -2.0359671 -2.1998355 -2.4548676 -2.6732602 -2.8516002 -2.9986441 -3.103988 -3.09241 -3.0525723 -2.9712612 -2.7911117
-3.3318949 -3.2636466 -3.2028462 -3.1345978 -3.0612883 -2.9727398 -2.8784846 -2.7827016 -2.6887374 -2.5947732 -2.5023618 -2.4238158 -2.3438047 -2.2664224 -2.1954373 -2.1346369 -2.0868769 -2.0481857 -2.0286568 -2.0179083 -2.0344902 -2.0529049 -2.0915961 -2.1409178 -2.2111472 -2.2836386 -2.3608362 -2.4133503 -2.4654254 -2.5132309 -2.547286 -2.5583406 -2.5508209 -2.5215587 -2.4470323 -2.3633566 -2.2287504 -2.0941409 -1.9185676 -1.7752525 -1.6539188 -1.5899576 -1.5399795 -1.5750941 -1.6419563 -1.7707101 -1.9549473 -2.1600964 -2.4362619 -2.6806514 -2.8913393 -3.0410103 -3.1569735 -3.1453955 -3.1077224 -3.0374931 -2.8573435
-3.344423 -3.2761746 -3.2153743 -3.1502437 -3.0792036 -3.0023035 -2.9134384 -2.8279872 -2.7362193 -2.6475988 -2.5536322 -2.4614001 -2.3872527 -2.321922 -2.256663 -2.2017878 -2.1618631 -2.1269878 -2.1109662 -2.1110532 -2.1329612 -2.1573538 -2.2088592 -2.2599346 -2.3301639 -2.4052858 -2.4826681 -2.5165334 -2.5638792 -2.6058282 -2.622674 -2.6234851 -2.6124581 -2.5831959 -2.481098 -2.3863146 -2.2152192 -2.0674575 -1.8825271 -1.7144862 -1.58257 -1.510797 -1.4586733 -1.493788 -1.5650342 -1.7077795 -1.9154266 -2.131811 -2.45255 -2.7074612 -2.9281941 -3.0877953 -3.2064179 -3.1416355 -3.1057161 -3.0418843 -2.8844317
-3.3244366 -3.2768857 -3.2160853 -3.1560634 -3.0879903 -3.0178447 -2.9392988 -2.8641783 -2.7812687 -2.699827 -2.6121236 -2.5196239 -2.4364014 -2.3762667 -2.3237214 -2.2739757 -2.23985 -2.2122134 -2.2072464 -2.2075524 -2.2313033 -2.2589916 -2.3136776 -2.3748236 -2.445053 -2.5184719 -2.5958542 -2.622908 -2.6506511 -2.6799133 -2.6916505 -2.6861232 -2.6658934 -2.6366312 -2.5294246 -2.4108794 -2.2291924 -2.0479811 -1.8548504 -1.6782951 -1.5261316 -1.4498391 -1.3942093 -1.4316231 -1.5119023 -1.6640658 -1.8802273 -2.114325 -2.4476935 -2.7407528 -2.968998 -3.1303021 -3.2532034 -3.1788852 -3.1055175 -3.046993 -2.8929462
-3.2700072 -3.2255005 -3.1812821 -3.127192 -3.0747439 -3.0102613 -2.945922 -2.8811462 -2.8143847 -2.7475061 -2.6717323 -2.5879499 -2.5092564 -2.4595107 -2.4112664 -2.3725753 -2.3409742 -2.3181844 -2.3132174 -2.3135234 -2.34116 -2.3715859 -2.4213316 -2.4807947 -2.551024 -2.6223652 -2.695202 -2.7097265 -2.7235062 -2.748206 -2.7573428 -2.7407609 -2.7173764 -2.6829935 -2.5669832 -2.4373721 -2.2383891 -2.0473647 -1.8366768 -1.6546628 -1.4930156 -1.4134308 -1.3544702 -1.4012897 -1.4871624 -1.6568833 -1.8781246 -2.1209482 -2.4715941 -2.7743035 -3.0084012 -3.1700413 -3.2929426 -3.206143 -3.1256722 -3.0730003 -2.9214001
-3.1992627 -3.1631389 -3.1261313 -3.0926517 -3.0478987 -3.0063064 -2.9487167 -2.9089055 -2.8498594 -2.8022752 -2.7356724 -2.6633345 -2.5893588 -2.542883 -2.5004112 -2.4639353 -2.4391613 -2.4182128 -2.4142391 -2.4097828 -2.4282619 -2.45813 -2.5008275 -2.5563186 -2.624206 -2.6879861 -2.7581224 -2.7580349 -2.7647351 -2.7872687 -2.7926417 -2.7760598 -2.7461221 -2.7095729 -2.5879829 -2.4533477 -2.2543646 -2.0516229 -1.8385632 -1.654281 -1.4904126 -1.4143411 -1.35426 -1.4051661 -1.4994084 -1.6718798 -1.9029367 -2.1500929 -2.5057476 -2.8168266 -3.0483232 -3.1964837 -3.3169059 -3.2254663 -3.1416478 -3.0889758 -2.9373756
-3.111096 -3.0897603 -3.0621238 -3.0398823 -3.0137003 -2.9848662 -2.9482114 -2.9187945 -2.8856307 -2.8472142 -2.8041877 -2.7365984 -2.6771555 -2.632937 -2.5926621 -2.5594983 -2.5313375 -2.5147556 -2.5072415 -2.499058 -2.5131061 -2.5368687 -2.5755599 -2.6216197 -2.6859966 -2.7479272 -2.8087276 -2.8121049 -2.8029269 -2.8204842 -2.8258573 -2.8092754 -2.7575985 -2.7166314 -2.5995341 -2.4604112 -2.2650847 -2.0604636 -1.8439232 -1.6641701 -1.5003017 -1.4263971 -1.3724273 -1.4258042 -1.5258989 -1.7014722 -1.932529 -2.1900365 -2.5429134 -2.8558615 -3.0841067 -3.2223035 -3.3276475 -3.2475695 -3.1596143 -3.1069423 -2.9508131
-3.0012446 -2.9917726 -2.9958919 -2.9847101 -2.9805843 -2.965174 -2.9482114 -2.9357109 -2.9187466 -2.9069575 -2.8770427 -2.840388 -2.7911425 -2.7635059 -2.723607 -2.6853389 -2.6417372 -2.600857 -2.5871543 -2.5652899 -2.5652899 -2.5838611 -2.6391342 -2.6836747 -2.7323589 -2.7942895 -2.8550899 -2.8820438 -2.8890284 -2.910351 -2.917515 -2.8954058 -2.7885099 -2.6437764 -2.5490691 -2.4272953 -2.2575744 -2.0604636 -1.849184 -1.6815071 -1.5334176 -1.467692 -1.4187896 -1.4831665 -1.5855076 -1.7667206 -1.9957036 -2.2496452 -2.5769399 -2.8823542 -3.0721688 -3.1908029 -3.2812851 -3.2755704 -3.2125998 -3.1545872 -2.9861426
-2.8607065 -2.8816494 -2.8967558 -2.9101739 -2.9277182 -2.932058 -2.9394599 -2.9647761 -2.9592488 -2.9483778 -2.9498978 -2.9138842 -2.8912802 -2.8646932 -2.8353099 -2.7966188 -2.750969 -2.6885882 -2.6575383 -2.6232174 -2.6232174 -2.6136147 -2.6649113 -2.6908881 -2.7302913 -2.7866736 -2.8336336 -2.8578191 -2.8800137 -2.9034234 -2.9105875 -2.8901304 -2.7992905 -2.6225987 -2.5052793 -2.4066358 -2.2376314 -2.0706473 -1.8693793 -1.7130433 -1.5833513 -1.5340253 -1.490065 -1.5555578 -1.6722876 -1.8491876 -2.074392 -2.3141439 -2.6282442 -2.9065428 -3.0853678 -3.1958464 -3.2701442 -3.2582733 -3.2304088 -3.1699206 -2.9992875
-2.7496631 -2.786876 -2.8200398 -2.8589167 -2.8955714 -2.925816 -2.9467616 -2.9765337 -3.0041702 -3.0186833 -3.0254222 -3.0044766 -2.9839695 -2.9618603 -2.9317501 -2.893059 -2.8305845 -2.7587295 -2.7140779 -2.6722956 -2.6413305 -2.6197639 -2.6474004 -2.6690158 -2.6924256 -2.72338 -2.7620711 -2.7862566 -2.8084512 -2.8318609 -2.8431784 -2.8265965 -2.7408448 -2.5886813 -2.4889822 -2.3943298 -2.2507808 -2.0931936 -1.9117679 -1.7741805 -1.6512792 -1.6066634 -1.5793772 -1.6556325 -1.7678459 -1.9375667 -2.1457934 -2.3798912 -2.6854737 -2.9434043 -3.1072727 -3.2050358 -3.2752651 -3.2616831 -3.2277227 -3.1633459 -2.9919859
-2.6500458 -2.6980942 -2.7641566 -2.8149878 -2.8707345 -2.9181609 -2.95918 -3.0067631 -3.0476349 -3.0806151 -3.0938221 -3.0781129 -3.0591235 -3.0425416 -3.0107725 -2.9675699 -2.8940859 -2.8084034 -2.7578717 -2.6971325 -2.6418594 -2.6108322 -2.5997776 -2.6099147 -2.6054962 -2.6242358 -2.6503048 -2.6744903 -2.6966849 -2.7200946 -2.7351495 -2.7334579 -2.6650556 -2.5390074 -2.4588612 -2.375702 -2.2586532 -2.1056121 -1.952194 -1.8381412 -1.7319993 -1.7001887 -1.678725 -1.7606592 -1.8734029 -2.038077 -2.225724 -2.4419835 -2.7263847 -2.9806597 -3.1249391 -3.2081943 -3.2690559 -3.2554738 -3.2215135 -3.1523889 -2.9795674
-2.5454439 -2.617757 -2.6940869 -2.7761612 -2.8401846 -2.9226808 -2.9750448 -3.0430864 -3.0983595 -3.142323 -3.1611842 -3.1252356 -3.1093101 -3.0927282 -3.0640229 -3.0198045 -2.9543377 -2.8603735 -2.7936126 -2.7156697 -2.6373395 -2.5776032 -2.5396775 -2.5145789 -2.4965322 -2.4907549 -2.5073368 -2.5253988 -2.5475934 -2.5710031 -2.5986862 -2.6028333 -2.5900118 -2.4810607 -2.42093 -2.3543115 -2.2595268 -2.1330812 -1.9954651 -1.9196883 -1.8260492 -1.8071203 -1.7948482 -1.8767824 -1.9903318 -2.1498029 -2.3217168 -2.5206998 -2.8006392 -3.0342241 -3.1733666 -3.261293 -3.313965 -3.2893158 -3.2533963 -3.1773338 -2.9767948
-2.4504855 -2.5382788 -2.632243 -2.7231757 -2.8121944 -2.904695 -2.9989501 -3.0799384 -3.1573207 -3.2078976 -3.2406624 -3.1830621 -3.1358029 -3.119221 -3.0905157 -3.0462972 -2.9812031 -2.9038208 -2.8174141 -2.728916 -2.6349518 -2.5444872 -2.4671049 -2.4019847 -2.3551652 -2.3367194 -2.3311921 -2.3450926 -2.3628683 -2.397983 -2.4264833 -2.4430652 -2.4376785 -2.4142687 -2.3730741 -2.3278188 -2.251737 -2.1678117 -2.0683202 -1.9939184 -1.935394 -1.9246351 -1.927312 -2.0092462 -2.1160861 -2.2623971 -2.4324869 -2.6139126 -2.8906967 -3.1182386 -3.2528448 -3.3416883 -3.4060652 -3.3745156 -3.3165645 -3.217073 -3.0149892
-2.4253605 -2.5199715 -2.6257933 -2.7230484 -2.8182094 -2.9251808 -3.0298292 -3.1195695 -3.2007514 -3.2621026 -3.2949727 -3.2268995 -3.1792118 -3.1626299 -3.1315 -3.0835173 -3.0079853 -2.9224743 -2.8316877 -2.7100257 -2.5828976 -2.4808681 -2.3679745 -2.2888048 -2.2186407 -2.1811615 -2.1635929 -2.1725712 -2.189015 -2.22898 -2.2748712 -2.312534 -2.3296501 -2.3271247 -2.3187185 -2.2858056 -2.2565434 -2.1742397 -2.1021928 -2.0651739 -2.0222771 -2.0316299 -2.0391462 -2.1210804 -2.2278551 -2.3612676 -2.5019106 -2.6699819 -2.9226118 -3.1494438 -3.2674501 -3.3366973 -3.3939483 -3.3565789 -3.2981283 -3.1986368 -2.9965531
-2.4027609 -2.5120792 -2.622947 -2.7320271 -2.8315187 -2.9417818 -3.0569825 -3.1514151 -3.239852 -3.3015705 -3.3412377 -3.2714317 -3.2147517 -3.1969818 -3.1634272 -3.1135481 -3.0282942 -2.93433 -2.8176963 -2.687932 -2.5433265 -2.4117352 -2.2870088 -2.1705524 -2.087059 -2.0308091 -1.9976453 -2.0006052 -2.0140056 -2.0608251 -2.1171651 -2.1637246 -2.2112466 -2.2288039 -2.2474567 -2.2426176 -2.2324234 -2.1937644 -2.1372684 -2.1289166 -2.1055069 -2.1233554 -2.1466697 -2.2306085 -2.3306085 -2.4566877 -2.5769836 -2.7232946 -2.967144 -3.1702967 -3.2794167 -3.3353925 -3.3822121 -3.3438406 -3.281579 -3.1813484 -2.9800037
-2.4137084 -2.5253256 -2.641399 -2.7530163 -2.8629806 -2.9748978 -3.0900985 -3.184531 -3.2729679 -3.3346864 -3.3743536 -3.3010441 -3.2412444 -3.2191352 -3.1832968 -3.1280237 -3.0387766 -2.9282305 -2.7999279 -2.6614392 -2.49562 -2.3388801 -2.1896428 -2.0579582 -1.9409093 -1.8748079 -1.8254424 -1.8261251 -1.8351795 -1.8874165 -1.9449622 -2.0112899 -2.0700683 -2.1285928 -2.1647449 -2.1962553 -2.2138126 -2.2078112 -2.1902539 -2.1870335 -2.1916083 -2.2143315 -2.2460175 -2.3338041 -2.430822 -2.5361659 -2.6494361 -2.7696569 -3.0031135 -3.1916301 -3.2794167 -3.3328814 -3.3689657 -3.3305942 -3.266052 -3.1548556 -2.955723
-2.4756884 -2.5850068 -2.6939442 -2.8019076 -2.9035549 -3.0138181 -3.0965998 -3.1742427 -3.2596491 -3.3179234 -3.3436217 -3.2852394 -3.2561285 -3.2340192 -3.197362 -3.1383326 -3.0462187 -2.9260506 -2.789157 -2.6233378 -2.4519471 -2.2718294 -2.1079073 -1.944274 -1.8167064 -1.745692 -1.6806094 -1.6758604 -1.6741503 -1.7268223 -1.784368 -1.863913 -1.9584046 -2.0351217 -2.0800986 -2.1556973 -2.1860735 -2.2201663 -2.2379705 -2.2574321 -2.2894897 -2.3328319 -2.3685827 -2.4585795 -2.556735 -2.658164 -2.7695448 -2.8809738 -3.0378671 -3.2206518 -3.3009076 -3.3502944 -3.3799387 -3.236087 -3.1699071 -3.0731743 -2.8827955
-2.5443479 -2.6424844 -2.7469297 -2.8389474 -2.938439 -3.0162857 -3.0948316 -3.1676195 -3.2450018 -3.290322 -3.3217964 -3.2887756 -3.2596647 -3.2375555 -3.1960489 -3.1352456 -3.0361731 -2.9145724 -2.7567004 -2.5855977 -2.3905703 -2.2004102 -2.0140739 -1.8435464 -1.7085519 -1.6157922 -1.5494645 -1.5338967 -1.5321865 -1.5848585 -1.6566679 -1.7460145 -1.8502162 -1.9497077 -2.042787 -2.1206539 -2.1926967 -2.2455831 -2.2873469 -2.3433533 -2.378468 -2.4266652 -2.4755563 -2.5691954 -2.6650927 -2.7635078 -2.8598643 -2.9710607 -3.1178388 -3.2446954 -3.3196112 -3.3542127 -3.3834749 -3.2385612 -3.1057581 -3.0177323 -2.8434851
