P2_models/J1_p2_vp_slide_diff2_80.dat.tif
NCOLS 118
NROWS 92
XLLCORNER 139.62
YLLCORNER -39.07
DX 0.099491525
DY 0.099347826
NODATA_VALUE -9999
[rows 48 to 71 of 92, columns 54 to 107 of 118]
-0.1191327 -0.11718089 -0.11522908 -0.11327727 -0.11132546 -0.10932989 -0.11027877 -0.09849737 -0.086715975 -0.074934579 -0.063153184 -0.051371788 -0.072399559 -0.094554694 -0.11670983 -0.13886496 -0.1610201 -0.16780605 -0.1690285 -0.17025096 -0.17147341 -0.17269587 -0.17395222 -0.17984847 -0.18000616 -0.18016384 -0.18032153 -0.18047921 -0.18437456 -0.18999677 -0.19561898 -0.20124119 -0.2068634 -0.21006666 -0.21943834 -0.23065573 -0.24187312 -0.2530905 -0.26425423 -0.27367159 -0.28308895 -0.29250631 -0.30192367 -0.30745869 -0.29997141 -0.29189691 -0.2838224 -0.2757479 -0.26732037 -0.24693595 -0.22205332 -0.19717069 -0.17228806 -0.14850068
-0.11112924 -0.10917743 -0.10722562 -0.10527381 -0.10313727 -0.1006045 -0.10371598 -0.11066298 -0.10126337 -0.089481971 -0.077700575 -0.06591918 -0.086946951 -0.10910209 -0.13125722 -0.15169971 -0.16072974 -0.16633481 -0.16755727 -0.16877973 -0.17000218 -0.17108272 -0.17222798 -0.18533533 -0.19351172 -0.19366941 -0.19382709 -0.19398478 -0.19788012 -0.20350233 -0.20912454 -0.21474675 -0.22548294 -0.22966468 -0.22191635 -0.22794861 -0.239166 -0.25038339 -0.26154711 -0.27096447 -0.28038183 -0.28979919 -0.29383406 -0.29186042 -0.28437314 -0.27629863 -0.26822413 -0.25935428 -0.24840543 -0.22802101 -0.20313838 -0.17825575 -0.15596522 -0.14475173
-0.10312578 -0.10117397 -0.09922216 -0.09694465 -0.09441188 -0.09187911 -0.094990596 -0.10193759 -0.10888459 -0.10402936 -0.092247967 -0.080466572 -0.10149434 -0.12364948 -0.14119845 -0.15022848 -0.15925851 -0.16486358 -0.16608604 -0.1673085 -0.16834717 -0.16935849 -0.17050374 -0.18361109 -0.19671845 -0.20717497 -0.20733266 -0.20749034 -0.21138569 -0.2170079 -0.2234759 -0.23427843 -0.24508095 -0.24926269 -0.24151437 -0.23376604 -0.23645888 -0.24767627 -0.25883999 -0.26825735 -0.27767471 -0.28020942 -0.27823579 -0.27626215 -0.26877487 -0.26070036 -0.25138819 -0.24043934 -0.22949048 -0.20910607 -0.18422344 -0.16342977 -0.15221628 -0.14100279
-0.09512232 -0.093170509 -0.090752032 -0.088219262 -0.085686492 -0.083153722 -0.086265207 -0.093212203 -0.1001592 -0.10710619 -0.10679536 -0.095013963 -0.11604173 -0.13069718 -0.13972722 -0.14875725 -0.15778728 -0.16339235 -0.16460031 -0.16561162 -0.16662294 -0.16763425 -0.16877951 -0.18188686 -0.19499421 -0.20810156 -0.22083822 -0.22099591 -0.22489125 -0.23227139 -0.24307392 -0.25387644 -0.26467897 -0.26886071 -0.26111238 -0.25336406 -0.24561573 -0.24496915 -0.25613287 -0.26555024 -0.26658479 -0.26461115 -0.26263752 -0.26066388 -0.25317659 -0.2434221 -0.23247324 -0.22152439 -0.21057554 -0.19019112 -0.17089431 -0.15968082 -0.14846733 -0.13725384
-0.087092183 -0.084559413 -0.082026643 -0.079493873 -0.076961103 -0.074428333 -0.077539819 -0.084486815 -0.091433811 -0.098380806 -0.1053278 -0.10956136 -0.12019592 -0.12922595 -0.13825599 -0.14728602 -0.15631605 -0.16186476 -0.16287607 -0.16388739 -0.1648987 -0.16591001 -0.16705527 -0.18016262 -0.19326997 -0.20637732 -0.21948467 -0.23259203 -0.24106688 -0.2518694 -0.26267193 -0.27347446 -0.28427698 -0.28845872 -0.2807104 -0.27296207 -0.26521375 -0.25746542 -0.25342576 -0.25296016 -0.25098652 -0.24901288 -0.24703924 -0.24506561 -0.235456 -0.22450715 -0.2135583 -0.20260945 -0.1916606 -0.17835886 -0.16714537 -0.15593188 -0.14471839 -0.1335049
-0.081477012 -0.078944242 -0.076411472 -0.073878702 -0.071345932 -0.079869637 -0.078835847 -0.077415545 -0.08436254 -0.091309536 -0.098256532 -0.10520353 -0.11416436 -0.12319439 -0.13222443 -0.14125446 -0.14752871 -0.1496891 -0.15070041 -0.15171172 -0.15272303 -0.15373606 -0.15508724 -0.17658497 -0.18969232 -0.20279967 -0.21590702 -0.22901437 -0.24054526 -0.25134778 -0.26215031 -0.27295284 -0.2806415 -0.28300437 -0.28235128 -0.27460295 -0.26685463 -0.2591063 -0.25153014 -0.2495565 -0.24758286 -0.24560922 -0.24363558 -0.25005267 -0.24091543 -0.22996658 -0.21901773 -0.20806888 -0.18408585 -0.16642585 -0.15521236 -0.14399887 -0.13278538 -0.1467392
-0.076382196 -0.073849426 -0.071316656 -0.068783886 -0.081051522 -0.095881267 -0.094847477 -0.083033747 -0.077568013 -0.084515009 -0.091462005 -0.098409 -0.10736983 -0.11639987 -0.1254299 -0.1305461 -0.13360446 -0.13576485 -0.13677616 -0.13778748 -0.13881976 -0.13994291 -0.1412941 -0.16301103 -0.18472797 -0.19891193 -0.21201928 -0.22512663 -0.23665752 -0.24746004 -0.25826257 -0.26458291 -0.26629416 -0.26865703 -0.27219405 -0.27323951 -0.26549119 -0.25774286 -0.2501667 -0.24819306 -0.24621942 -0.24424578 -0.25171736 -0.25959006 -0.25045283 -0.23950397 -0.22855512 -0.20196598 -0.17078361 -0.15312361 -0.14191012 -0.13069663 -0.14834635 -0.18041725
-0.07128738 -0.06875461 -0.067403662 -0.082233407 -0.097063152 -0.1118929 -0.11085911 -0.099045377 -0.087231647 -0.077720481 -0.084667477 -0.091614473 -0.10057531 -0.10960534 -0.11356348 -0.11662185 -0.11968022 -0.1218406 -0.12285192 -0.12390346 -0.12502661 -0.12614976 -0.12750095 -0.14921788 -0.17093482 -0.19265175 -0.20813154 -0.22123889 -0.23276978 -0.2435723 -0.24852432 -0.25023557 -0.25194682 -0.25430969 -0.25784671 -0.26138373 -0.26412775 -0.25637942 -0.24880325 -0.24682962 -0.24550934 -0.25338204 -0.26125475 -0.26912745 -0.25999022 -0.24904137 -0.2198461 -0.18866374 -0.15748137 -0.13982137 -0.12860788 -0.14995351 -0.1820244 -0.2140953
-0.066192565 -0.068585547 -0.083415292 -0.098245037 -0.11307478 -0.12790453 -0.12687074 -0.11505701 -0.10324328 -0.091429546 -0.079615816 -0.084819946 -0.093522495 -0.096580865 -0.099639234 -0.1026976 -0.10575597 -0.10791636 -0.10898716 -0.11011031 -0.11123346 -0.11235661 -0.1137078 -0.13542473 -0.15714167 -0.1788586 -0.20057554 -0.21735115 -0.22888204 -0.23246572 -0.23417698 -0.23588823 -0.23759949 -0.23996236 -0.24349937 -0.24703639 -0.25057341 -0.25411043 -0.24743981 -0.24717402 -0.25504673 -0.26291943 -0.27079214 -0.27866484 -0.26890859 -0.23772623 -0.20654386 -0.17536149 -0.14417913 -0.12651913 -0.15156066 -0.18363156 -0.21570245 -0.24777335
-0.067909462 -0.081892311 -0.096722056 -0.1115518 -0.12638155 -0.14121129 -0.14162345 -0.12980972 -0.11799599 -0.10618226 -0.09436853 -0.082554799 -0.082621671 -0.085680041 -0.08873841 -0.09179678 -0.094855149 -0.097064593 -0.098187742 -0.099310891 -0.10043404 -0.10155719 -0.10502455 -0.12324016 -0.1449571 -0.16667403 -0.18839097 -0.2101079 -0.21814122 -0.21985248 -0.22156373 -0.22327499 -0.22498624 -0.22859471 -0.23213173 -0.23566874 -0.23920576 -0.24274278 -0.24640906 -0.25428176 -0.26215447 -0.27002717 -0.27789988 -0.28527982 -0.2588198 -0.22763744 -0.19645507 -0.1652727 -0.13409034 -0.14485771 -0.17692861 -0.2089995 -0.2410704 -0.27314129
-0.090308865 -0.090387036 -0.10079046 -0.1156202 -0.13044995 -0.14527969 -0.14730498 -0.14026266 -0.12844893 -0.1166352 -0.10482147 -0.093007736 -0.086836755 -0.085105589 -0.088163959 -0.091222328 -0.094280698 -0.096490142 -0.097613291 -0.098736439 -0.099859588 -0.10500034 -0.11446458 -0.12246595 -0.13826657 -0.15998351 -0.18170044 -0.20341738 -0.2114507 -0.21316195 -0.21487321 -0.21658446 -0.22451125 -0.23076862 -0.2312062 -0.23447812 -0.23801513 -0.24155215 -0.24521843 -0.25309113 -0.26096384 -0.26883655 -0.27581103 -0.28060496 -0.25724126 -0.22852406 -0.1973417 -0.16615933 -0.13497696 -0.14424671 -0.17391373 -0.20598463 -0.23805552 -0.27012642
-0.11270827 -0.11278644 -0.11286461 -0.11968861 -0.13451835 -0.1493481 -0.15137339 -0.1446975 -0.13802162 -0.12708813 -0.1152744 -0.10346067 -0.097289692 -0.091312603 -0.087589508 -0.090647877 -0.093706247 -0.095915691 -0.097038839 -0.098161988 -0.10495975 -0.11444037 -0.12390461 -0.13190598 -0.13990735 -0.15329298 -0.17500992 -0.19672685 -0.20476018 -0.20647143 -0.20818268 -0.21747863 -0.2269658 -0.23322318 -0.23366075 -0.23409833 -0.23682451 -0.24036152 -0.2440278 -0.2519005 -0.25977321 -0.26634223 -0.27113616 -0.27593009 -0.25256639 -0.22620382 -0.19822832 -0.16704595 -0.13586359 -0.14513333 -0.1736878 -0.20296975 -0.23504065 -0.26711154
-0.13510767 -0.13518584 -0.13526401 -0.13534219 -0.13858676 -0.1534165 -0.15544179 -0.14876591 -0.14209003 -0.13541415 -0.12572734 -0.11391361 -0.10774263 -0.10176554 -0.09578845 -0.090073426 -0.093131796 -0.095341239 -0.096464388 -0.10491916 -0.11439978 -0.1238804 -0.13334464 -0.14134601 -0.14934739 -0.15734876 -0.16831939 -0.19003633 -0.19806965 -0.20095883 -0.21044601 -0.21993318 -0.22942035 -0.23567773 -0.23611531 -0.23655288 -0.23699046 -0.23917089 -0.24283717 -0.25070988 -0.25687343 -0.26166736 -0.26646129 -0.27125522 -0.24789153 -0.22152895 -0.19516638 -0.16793258 -0.13675021 -0.14601996 -0.17457442 -0.20312889 -0.23202577 -0.26409666
-0.15750707 -0.15758524 -0.15766342 -0.15774159 -0.15781976 -0.15789793 -0.15951019 -0.15283431 -0.14615843 -0.13948255 -0.13280667 -0.12436655 -0.11819557 -0.11221848 -0.10624139 -0.1002643 -0.094287209 -0.095397947 -0.10487857 -0.11435919 -0.12383981 -0.13332043 -0.14278467 -0.15078604 -0.15878742 -0.16678879 -0.17479016 -0.18334581 -0.19392621 -0.20341339 -0.21290056 -0.22238773 -0.23187491 -0.23813228 -0.23856986 -0.23900743 -0.23944501 -0.23988258 -0.24164654 -0.24740463 -0.25219856 -0.25699249 -0.26178642 -0.26658036 -0.24321666 -0.21685408 -0.19049151 -0.16412893 -0.13763684 -0.14690658 -0.17546105 -0.20401551 -0.23256998 -0.26112445
-0.15622317 -0.16350543 -0.1635836 -0.16366177 -0.16373994 -0.16381811 -0.15762073 -0.14992018 -0.1432443 -0.13656842 -0.12989254 -0.12321666 -0.13267483 -0.12669775 -0.12072066 -0.11474357 -0.10876648 -0.10957024 -0.11905086 -0.12853148 -0.1380121 -0.14749273 -0.1518382 -0.16141253 -0.1694139 -0.17741527 -0.18541664 -0.19341801 -0.20243565 -0.21192282 -0.22141 -0.23089717 -0.24079806 -0.24467404 -0.24006999 -0.24050757 -0.24094514 -0.24138272 -0.24195016 -0.2467441 -0.25153803 -0.25633196 -0.26112589 -0.24768352 -0.24767536 -0.22131278 -0.19495021 -0.16858763 -0.14222505 -0.14586383 -0.17339855 -0.20195301 -0.23050748 -0.25906194
-0.14103377 -0.15233281 -0.16233778 -0.16241595 -0.16249412 -0.16257229 -0.15637491 -0.14591302 -0.13729381 -0.13061792 -0.12394204 -0.11726616 -0.12883615 -0.14103309 -0.13695078 -0.13097369 -0.1249966 -0.12580036 -0.13528099 -0.14476161 -0.15396859 -0.157294 -0.16069274 -0.17063945 -0.18055631 -0.18855768 -0.19655905 -0.20456042 -0.21357806 -0.22306524 -0.23255241 -0.2428659 -0.25469638 -0.25857236 -0.24811505 -0.24159266 -0.24203024 -0.24246781 -0.24303526 -0.24782919 -0.25262313 -0.25741706 -0.24050643 -0.21896515 -0.22216235 -0.22799427 -0.20338064 -0.17701807 -0.15065549 -0.15429427 -0.17223557 -0.19860808 -0.22716255 -0.25571701
-0.12584437 -0.13714341 -0.14844245 -0.15974149 -0.1612483 -0.16132647 -0.15512909 -0.1446672 -0.13420531 -0.12466743 -0.11799155 -0.11131567 -0.12288566 -0.13508259 -0.14727953 -0.14720381 -0.14122672 -0.14203049 -0.15151111 -0.15949772 -0.16282313 -0.16614855 -0.16954728 -0.17949399 -0.1894407 -0.19938741 -0.20770146 -0.21570283 -0.22472047 -0.23420765 -0.24493373 -0.25676422 -0.2685947 -0.27247068 -0.26201337 -0.25155606 -0.24311534 -0.24355291 -0.24412036 -0.24891429 -0.25370822 -0.23332935 -0.21178807 -0.19024678 -0.19344398 -0.19927591 -0.20510783 -0.1854485 -0.15908593 -0.1627247 -0.18066601 -0.19860732 -0.22381762 -0.25237208
-0.11065497 -0.12195401 -0.13325305 -0.14455209 -0.15585113 -0.16008065 -0.15388326 -0.14342137 -0.13295949 -0.1224976 -0.11204106 -0.10536518 -0.11693516 -0.1291321 -0.14132904 -0.15352597 -0.15745685 -0.15826061 -0.16502685 -0.16835226 -0.17167767 -0.17500309 -0.17840182 -0.18834853 -0.19829524 -0.20824195 -0.21818867 -0.22684524 -0.23586288 -0.24700157 -0.25883205 -0.27066254 -0.28249302 -0.286369 -0.27591169 -0.26545438 -0.25499707 -0.24463801 -0.24520546 -0.24769354 -0.22615226 -0.20461098 -0.1830697 -0.16152842 -0.16472561 -0.17055754 -0.17638947 -0.18222139 -0.16751636 -0.17115514 -0.18909644 -0.20703775 -0.22497906 -0.24902715
-0.10177612 -0.11307516 -0.1243742 -0.13567324 -0.14697228 -0.15827131 -0.15521734 -0.14475545 -0.13429356 -0.12383167 -0.11336978 -0.10290789 -0.11435211 -0.12654905 -0.13874599 -0.15094292 -0.16313986 -0.17107082 -0.17439623 -0.17772164 -0.18104706 -0.18437247 -0.18677331 -0.19543481 -0.20538152 -0.21532824 -0.22527495 -0.23522166 -0.24645684 -0.25828733 -0.27011781 -0.28194829 -0.29377877 -0.29475144 -0.28429413 -0.27383682 -0.26337951 -0.2529222 -0.24213445 -0.22059317 -0.19905189 -0.17751061 -0.15596933 -0.13651751 -0.14187284 -0.14770477 -0.15353669 -0.15936862 -0.16520054 -0.1813963 -0.1993376 -0.21727891 -0.23522022 -0.25316152
-0.12428502 -0.13558406 -0.1468831 -0.15818214 -0.16883115 -0.16601803 -0.16305586 -0.15892157 -0.14845968 -0.13799779 -0.1275359 -0.11707401 -0.12851823 -0.14071516 -0.1529121 -0.16510904 -0.1757241 -0.18300095 -0.18632636 -0.18965177 -0.19297718 -0.19441981 -0.19319979 -0.19622922 -0.20367274 -0.21361945 -0.22356617 -0.23351288 -0.24474806 -0.25657854 -0.26840902 -0.2802395 -0.27911751 -0.27265103 -0.26519329 -0.25478412 -0.24432681 -0.2338695 -0.22308175 -0.20154046 -0.17999918 -0.1584579 -0.14195894 -0.14283934 -0.14819467 -0.1540266 -0.15985852 -0.1659617 -0.18299541 -0.20064372 -0.21858503 -0.23652634 -0.25446764 -0.25519265
-0.14679393 -0.15809297 -0.16939201 -0.17661674 -0.17380362 -0.1709905 -0.16802833 -0.16496488 -0.16190143 -0.15216391 -0.14170202 -0.13124013 -0.14268434 -0.15488128 -0.16692453 -0.17728938 -0.18765423 -0.19493108 -0.19825649 -0.2015819 -0.20211388 -0.20084629 -0.19962627 -0.2026557 -0.20568512 -0.21191067 -0.22185738 -0.23180409 -0.24303928 -0.25486976 -0.26670024 -0.26245344 -0.25653707 -0.25007059 -0.24261286 -0.23515512 -0.2252741 -0.21481679 -0.20402904 -0.18248776 -0.16094648 -0.14740037 -0.14828077 -0.14916118 -0.15451651 -0.16034843 -0.16817541 -0.18520912 -0.20224284 -0.21989115 -0.23783246 -0.25474902 -0.25450766 -0.25426629
-0.16930284 -0.18060187 -0.18440234 -0.18158921 -0.17877609 -0.17596297 -0.1730008 -0.16993735 -0.1668739 -0.16381045 -0.15586813 -0.14540624 -0.15685046 -0.16848982 -0.17885466 -0.18921951 -0.19958436 -0.2068612 -0.21018662 -0.20980796 -0.20854036 -0.20727277 -0.20605275 -0.20908218 -0.2121116 -0.21514102 -0.2201486 -0.23009531 -0.2413305 -0.25170573 -0.24578937 -0.239873 -0.23395663 -0.22749015 -0.22003242 -0.21257468 -0.20511695 -0.19576409 -0.18497633 -0.16343505 -0.1528418 -0.1537222 -0.15460261 -0.15548301 -0.16083834 -0.17038912 -0.18742284 -0.20445655 -0.22149027 -0.23913858 -0.25406403 -0.25382266 -0.25358129 -0.25333993
-0.19181174 -0.19218793 -0.18937481 -0.18656168 -0.18374856 -0.18093544 -0.17797327 -0.17490982 -0.17184637 -0.16878292 -0.16571947 -0.15957236 -0.1700551 -0.18041995 -0.19078479 -0.20114964 -0.21151448 -0.21876963 -0.21750203 -0.21623444 -0.21496684 -0.21369925 -0.21247923 -0.21550865 -0.21853808 -0.2215675 -0.22459692 -0.22838653 -0.23504166 -0.2291253 -0.22320893 -0.21729256 -0.2113762 -0.20490972 -0.19745198 -0.18999425 -0.18253651 -0.17507878 -0.16592363 -0.15828323 -0.15916364 -0.16004404 -0.16092444 -0.16180484 -0.17260283 -0.18963655 -0.20667026 -0.22370398 -0.24073769 -0.25337903 -0.25313766 -0.2528963 -0.25265493 -0.25241356
-0.20908401 -0.20132256 -0.19850943 -0.19569631 -0.19288319 -0.19007006 -0.18780901 -0.18499902 -0.18193557 -0.17887212 -0.17580867 -0.17274522 -0.17510097 -0.18546581 -0.19583066 -0.2061955 -0.21656035 -0.22182238 -0.22055478 -0.21928719 -0.21801959 -0.216752 -0.21499763 -0.21620535 -0.21923478 -0.2222642 -0.22529362 -0.22832305 -0.22523367 -0.2193173 -0.21340094 -0.20748457 -0.20167438 -0.20593918 -0.21018642 -0.20272868 -0.19527095 -0.18781321 -0.18060406 -0.18148446 -0.18236486 -0.18324527 -0.18412567 -0.18124397 -0.1771022 -0.19413592 -0.21116963 -0.22820335 -0.24523706 -0.24942885 -0.24910875 -0.24886738 -0.24862602 -0.24838465
