P2_models/J1_p2_vp_slide_diff_25.dat.tif
NCOLS 118
NROWS 92
XLLCORNER 139.62
YLLCORNER -39.07
DX 0.099491525
DY 0.099347826
NODATA_VALUE -9999
[rows 0 to 26 of 92, columns 0 to 59 of 118]
-9999 -9999 -9999 -9999 -9999 -9999 -9999 -9999 -9999 -9999 -9999 -9999 -9999 -9999 -9999 -9999 -9999 -9999 -9999 -9999 -9999 -9999 -9999 -9999 -9999 -9999 -9999 -9999 -9999 -9999 -9999 -9999 -9999 -9999 -9999 -9999 -9999 -9999 -9999 -9999 -9999 -9999 -9999 -9999 -9999 -9999 -9999 -9999 -9999 -9999 -9999 -9999 -9999 -9999 -9999 -9999 -9999 -9999 -9999 -9999
-9999 6.9068576 6.9091668 6.9114759 6.9137851 6.9160943 6.9202976 6.9229635 6.9159126 6.9061334 6.8963542 6.886575 6.8767957 6.8646553 6.8537793 6.8497748 6.8457703 6.8417657 6.8377612 6.8336314 6.8292127 6.8247939 6.8203752 6.8159564 6.8114401 6.8074206 6.8072494 6.808319 6.8093886 6.8104583 6.8115279 6.8106393 6.805976 6.8013128 6.7966495 6.7919862 6.7889334 6.7824788 6.7670816 6.7534295 6.7397774 6.7261253 6.7124731 6.7066692 6.709093 6.7123425 6.715592 6.7188416 6.7220911 6.7107463 6.7010944 6.6914425 6.6817905 6.6721386 6.6679301 6.67388 6.6675532 6.6612265 6.6548997 6.6485729
-9999 6.9121166 6.9144258 6.916735 6.9190441 6.9247206 6.9325062 6.9351721 6.9319291 6.9266365 6.9168573 6.9070781 6.8972989 6.8851584 6.8682892 6.8542204 6.8502159 6.8462113 6.8422068 6.838077 6.8336583 6.8292395 6.8248208 6.8201301 6.8150087 6.8109893 6.8099232 6.8092663 6.810336 6.8114056 6.8124752 6.8115866 6.8069234 6.8022601 6.7975968 6.7959305 6.7973643 6.7909097 6.7731695 6.7569278 6.7432757 6.7296235 6.7159714 6.7101675 6.7100055 6.7117955 6.715045 6.7182945 6.7215441 6.7100071 6.6959147 6.6857223 6.6760704 6.6664185 6.6622099 6.6768565 6.6862666 6.6799399 6.6736131 6.6672863
-9999 6.9173756 6.9196848 6.921994 6.9291435 6.9369292 6.9447148 6.9473807 6.9441377 6.9408948 6.9373604 6.9275812 6.917802 6.9056615 6.8887924 6.8719232 6.8550541 6.850657 6.8466524 6.8425226 6.8381039 6.8336851 6.82882 6.8236987 6.8185774 6.814558 6.8134919 6.8124258 6.8113597 6.8123529 6.8134225 6.812534 6.8078707 6.8032074 6.8029275 6.8043614 6.8057952 6.7993406 6.7816004 6.7638602 6.746774 6.7331218 6.7194697 6.7136658 6.7135038 6.7133418 6.714498 6.7177475 6.720997 6.7094601 6.6953677 6.6812752 6.6703502 6.6606983 6.6564897 6.6711363 6.6857829 6.6986533 6.6923265 6.6859997
-9999 6.9226346 6.9257809 6.9335665 6.9413521 6.9491378 6.9569234 6.9595893 6.9563463 6.9531034 6.9498605 6.9466175 6.9383051 6.9261646 6.9092955 6.8924264 6.8755572 6.8586881 6.851098 6.8469682 6.8425495 6.83751 6.8323887 6.8272674 6.822146 6.8181266 6.8170605 6.8159945 6.8149284 6.8138623 6.8143698 6.8134813 6.808818 6.8099245 6.8113584 6.8127923 6.8142261 6.8077715 6.7900313 6.7722911 6.7545509 6.7368107 6.722968 6.717164 6.7170021 6.7168401 6.7166781 6.7172005 6.72045 6.7089131 6.6948206 6.6807282 6.6666357 6.6549781 6.6507696 6.6654162 6.6800627 6.6947093 6.7093559 6.7047131
-9999 6.9302039 6.9379895 6.9457751 6.9535608 6.9613464 6.969132 6.9717979 6.9685549 6.965312 6.9620691 6.9588261 6.9555832 6.9466677 6.9297986 6.9129295 6.8960604 6.8791912 6.8623221 6.8513213 6.8462 6.8410787 6.8359574 6.830836 6.8257147 6.8216953 6.8206292 6.8195631 6.818497 6.817431 6.8163649 6.8154877 6.8169216 6.8183555 6.8197893 6.8212232 6.822657 6.8162024 6.7984622 6.780722 6.7629818 6.7452416 6.7275014 6.7206623 6.7205004 6.7203384 6.7201764 6.7200144 6.719903 6.708366 6.6942736 6.6801811 6.6660887 6.6519963 6.6450494 6.659696 6.6743426 6.6889892 6.7036357 6.7182823
-9999 6.9394674 6.947253 6.9550387 6.9628243 6.9706099 6.9774639 6.9792736 6.9760306 6.9727877 6.9695448 6.9663018 6.9625864 6.9538529 6.9363965 6.9195274 6.9026583 6.8857892 6.8689201 6.8556033 6.850482 6.8453607 6.8402393 6.835118 6.8277955 6.8190475 6.816727 6.8156609 6.8145949 6.8135288 6.8124627 6.8122505 6.8136844 6.8151182 6.8165521 6.817986 6.82546 6.8262096 6.8084694 6.7907292 6.772989 6.7552488 6.7466361 6.7513362 6.7561949 6.756033 6.755871 6.755709 6.755547 6.7435074 6.7294149 6.7153225 6.70123 6.6869835 6.6788528 6.6934994 6.708146 6.7227926 6.7374391 6.7363742
-9999 6.9482643 6.95605 6.9638356 6.9716212 6.9780022 6.9841897 6.9859994 6.9827565 6.9795135 6.9762706 6.9722456 6.9679569 6.9592234 6.941589 6.9239546 6.9070533 6.8901842 6.873315 6.8599983 6.854877 6.8497556 6.8446343 6.8356866 6.8246501 6.8159022 6.8132881 6.810674 6.8095091 6.808443 6.807377 6.8071648 6.8085986 6.8100325 6.8114663 6.8220433 6.835717 6.8364665 6.8187263 6.8009861 6.7832459 6.7779173 6.7743171 6.7790173 6.7896845 6.7968283 6.7966664 6.7965044 6.7963424 6.7843028 6.7702103 6.7561179 6.7417548 6.7270486 6.7189179 6.7335645 6.7482111 6.7628576 6.7570028 6.7464082
-9999 6.9570613 6.9648469 6.9723529 6.9785405 6.984728 6.9909156 6.9927253 6.9894823 6.9861936 6.9819048 6.9776161 6.9733274 6.9645939 6.9469595 6.9293251 6.9116907 6.8945791 6.87771 6.8643933 6.8592719 6.8541506 6.8435777 6.8325413 6.8215048 6.8127569 6.8101428 6.8075287 6.8049146 6.8033573 6.8022912 6.802079 6.8035129 6.8049529 6.8186265 6.8323002 6.8459739 6.8467235 6.8289833 6.8127988 6.8091986 6.8055984 6.8019982 6.8066984 6.8173656 6.8280328 6.8374618 6.8372998 6.8371378 6.8250981 6.8110057 6.7965262 6.7818199 6.7671136 6.758983 6.7736296 6.7882259 6.7776313 6.7670367 6.7564421
-9999 6.9658582 6.9728912 6.9790787 6.9852663 6.9914539 6.9976414 6.9994511 6.9958528 6.9915641 6.9872753 6.9829866 6.9786979 6.9699644 6.95233 6.9346956 6.9170612 6.8994269 6.882105 6.8687882 6.8625052 6.8514688 6.8404324 6.829396 6.8183595 6.8096116 6.8069975 6.8043834 6.8017693 6.7991552 6.7972054 6.7969932 6.8015361 6.8152098 6.8288835 6.8425571 6.8562308 6.8569804 6.8440801 6.8404799 6.8368797 6.8332794 6.8296792 6.8343794 6.8450466 6.8557139 6.8663811 6.8770484 6.8779332 6.8658935 6.8512975 6.8365912 6.821885 6.8071787 6.7990481 6.8088544 6.7982598 6.7876652 6.7770706 6.766476
-9999 6.9738806 6.9800682 6.9862557 6.9924433 6.9986308 7.0048184 7.0051285 7.0008398 6.996551 6.9922623 6.9879735 6.9836848 6.9737156 6.9560812 6.9384469 6.9208125 6.9031781 6.8855437 6.8699045 6.8588681 6.8478316 6.8367952 6.8257588 6.8147223 6.8082301 6.805616 6.8030019 6.8003878 6.7977737 6.7951596 6.7981089 6.8117825 6.8254562 6.8391299 6.8528036 6.8664773 6.8729664 6.8693662 6.8657659 6.8621657 6.8585655 6.8549653 6.8581245 6.8687917 6.879459 6.8901262 6.9007934 6.9114607 6.9004934 6.8857872 6.8710809 6.8563746 6.8416684 6.8307513 6.8201567 6.8095621 6.7989675 6.7883729 6.7777783
-9999 6.9840141 6.9902016 6.9963892 7.0025767 7.0087643 7.0095118 7.0076018 7.0033131 6.9990244 6.9947356 6.9904469 6.9831283 6.9706123 6.9495 6.9315861 6.9139517 6.8963173 6.8786829 6.8630437 6.8520073 6.8409708 6.8299344 6.818898 6.8135911 6.8123946 6.8151583 6.8131797 6.8105656 6.8079515 6.8053374 6.8082866 6.8219603 6.835634 6.8493077 6.8629813 6.8762713 6.8825564 6.8789561 6.8753559 6.8717557 6.8681555 6.8664315 6.865077 6.8667416 6.8774089 6.8880761 6.8987434 6.9094106 6.8984434 6.8837371 6.8690308 6.8543245 6.8497206 6.8503661 6.8397715 6.8291769 6.8185823 6.8079877 6.7782443
-9999 6.9941476 7.0003351 7.0065227 7.0116827 7.0118339 7.0119851 7.0100752 7.0057865 7.0014977 6.9970554 6.988832 6.9806086 6.9680926 6.9469803 6.925868 6.9070909 6.8894565 6.8718221 6.8561829 6.8451465 6.83411 6.8230736 6.8198423 6.8171683 6.8159718 6.8187355 6.8214991 6.8207433 6.8181292 6.8155151 6.8184644 6.8321381 6.8458118 6.8594717 6.8726665 6.8858612 6.8921463 6.8885461 6.8849459 6.8816518 6.8800306 6.8784094 6.8770548 6.875892 6.8753588 6.886026 6.8966933 6.9073605 6.8963933 6.881687 6.8669807 6.8654449 6.8693353 6.8699809 6.8593863 6.8487916 6.8365307 6.8049995 6.7734684
-9999 7.004281 7.0104686 7.0140049 7.0141561 7.0143073 7.0144585 7.0125485 7.0082598 7.002759 6.9945357 6.9863123 6.9780889 6.9655729 6.9444606 6.9233483 6.9022361 6.8825957 6.8649614 6.8493221 6.8382857 6.8287674 6.8260934 6.8234194 6.8207454 6.8195489 6.8223126 6.8250763 6.82784 6.828307 6.8256929 6.8286422 6.8423159 6.8558669 6.8690617 6.8822564 6.8954512 6.9017363 6.8981361 6.8952508 6.8936296 6.8920084 6.8903872 6.8890327 6.8878698 6.886707 6.8855442 6.8946432 6.9053104 6.8943432 6.8796369 6.8811692 6.8850596 6.8889501 6.8895956 6.879001 6.8632859 6.8317548 6.8002236 6.7686924
-9999 7.0144145 7.016327 7.0164782 7.0166294 7.0167806 7.0169318 7.0150219 7.0084627 7.0002393 6.9920159 6.9837926 6.9755692 6.9630532 6.9419409 6.9208286 6.8997164 6.8786041 6.8581006 6.8424613 6.8350186 6.8323446 6.8296706 6.8269966 6.8243226 6.8231261 6.8258898 6.8286534 6.8314171 6.8341808 6.8358707 6.8388199 6.8522621 6.8654569 6.8786516 6.8918464 6.9050412 6.9113262 6.9088498 6.9072286 6.9056074 6.9039862 6.902365 6.9010105 6.8998477 6.8986848 6.897522 6.8963592 6.9032603 6.893003 6.8968935 6.9007839 6.9046744 6.9085649 6.9092104 6.8900412 6.85851 6.8269788 6.7954477 6.7639165
-9999 7.0135803 7.0137315 7.0138826 7.0140338 7.014185 7.0143362 7.0126671 7.0044438 6.9962204 6.987997 6.9797736 6.9715502 6.9608402 6.9400017 6.9188894 6.8977771 6.8766649 6.8555526 6.8400158 6.8373418 6.8346678 6.8319938 6.8293198 6.8266458 6.8277066 6.8319689 6.8347326 6.8374963 6.8402599 6.8430236 6.8493502 6.862545 6.8757397 6.8889345 6.9021293 6.9153241 6.9154753 6.9138541 6.9122329 6.9106117 6.9089905 6.9073693 6.9089084 6.9077456 6.9065827 6.9054199 6.9042571 6.9030943 6.9031652 6.9070557 6.9109462 6.9148366 6.9187271 6.9202594 6.892063 6.8605318 6.8290006 6.7974695 6.7659383
-9999 6.9992063 6.9993575 6.9995087 6.9996599 7.0009764 7.0088883 7.0081683 6.9974862 6.9887177 6.9804943 6.9722709 6.9640476 6.9533375 6.9376477 6.918299 6.8971868 6.8760745 6.8549622 6.8394254 6.8367514 6.8340774 6.8314034 6.8287294 6.8221629 6.8217808 6.8387596 6.8466256 6.8493893 6.8521529 6.8549166 6.8612432 6.874438 6.8876327 6.9008275 6.913848 6.9229004 6.9215852 6.9054377 6.9010332 6.8994121 6.8977909 6.8961697 6.8994353 6.9061632 6.9050004 6.9038375 6.9026747 6.9015119 6.8973338 6.8952536 6.8991441 6.9030345 6.906925 6.9084573 6.9018212 6.8783491 6.8468179 6.8152868 6.7837556
-9999 6.9848324 6.9849836 6.9851348 6.9887484 6.9966603 7.0045721 7.0038522 6.9931701 6.9824879 6.9729917 6.9647683 6.9565449 6.9458348 6.930145 6.9144552 6.8965964 6.8754841 6.8543718 6.838835 6.836161 6.833487 6.829956 6.8230966 6.8162371 6.815855 6.8328338 6.8498127 6.8612823 6.8640459 6.8668096 6.8731362 6.886331 6.8995257 6.9114961 6.9205485 6.9296009 6.9282857 6.9121382 6.8959907 6.8882124 6.8865912 6.88497 6.8882356 6.8950143 6.901793 6.9022552 6.9010923 6.8999295 6.8957514 6.8910522 6.887342 6.8912324 6.8951229 6.8966552 6.8900191 6.8833831 6.8646352 6.833104 6.8015729
-9999 6.9704584 6.9706096 6.9765204 6.9844323 6.9923441 7.000256 6.9995361 6.9888539 6.9781718 6.9674897 6.9572656 6.9490422 6.9383322 6.9226423 6.9069525 6.8912627 6.8748937 6.8537815 6.8382447 6.8355707 6.8308897 6.8240302 6.8171708 6.8103113 6.8099292 6.8269081 6.8438869 6.8608657 6.8759389 6.8787026 6.8850292 6.898224 6.9091442 6.9181966 6.927249 6.9363014 6.9349862 6.9188387 6.9026912 6.8865437 6.8753915 6.8737703 6.8770359 6.8838146 6.8905933 6.897372 6.8995099 6.8983471 6.894169 6.8894698 6.8847706 6.8800714 6.8833208 6.8848531 6.878217 6.871581 6.8649449 6.8509213 6.8193902
-9999 6.9563806 6.9642924 6.9722043 6.9801161 6.988028 6.9959399 6.9952199 6.9845378 6.9738557 6.9631736 6.9524914 6.9418093 6.9308295 6.9151397 6.8994499 6.8837601 6.8680702 6.8523804 6.8376543 6.8318233 6.8249639 6.8181044 6.811245 6.8043855 6.8040035 6.8209823 6.8379611 6.8549399 6.8719187 6.8888975 6.8969222 6.9067923 6.9158447 6.9248971 6.9339495 6.9430018 6.9416866 6.9255392 6.9093917 6.8932442 6.8770967 6.8625706 6.8658363 6.872615 6.8793936 6.8861723 6.892951 6.8967647 6.8925867 6.8878875 6.8831883 6.8784891 6.8737899 6.873051 6.8664149 6.8597789 6.8531428 6.8465067 6.8372075
-9999 6.9421543 6.9500662 6.9579781 6.9658899 6.9738018 6.9802499 6.9756661 6.964984 6.9543019 6.9436197 6.9329376 6.9222635 6.9173814 6.910429 6.8947392 6.8790494 6.8633596 6.8476698 6.8346501 6.8277907 6.8209312 6.8140718 6.8072124 6.8003529 6.813332 6.8325182 6.849497 6.8664758 6.8834546 6.9004335 6.9147049 6.9237572 6.9328096 6.941862 6.9509144 6.9588443 6.9522829 6.9361355 6.919988 6.9038405 6.887693 6.8733972 6.8613008 6.8658386 6.8726173 6.879396 6.8861747 6.8929534 6.8899455 6.8852463 6.8805471 6.8758479 6.8711487 6.8571918 6.8505557 6.8439196 6.8372835 6.8306474 6.824566
-9999 6.9204528 6.9283646 6.9362765 6.9441883 6.9485018 6.949202 6.9446182 6.9339361 6.923254 6.9125718 6.9019307 6.8913602 6.8864781 6.8929877 6.8921346 6.8764448 6.860755 6.8450652 6.8320455 6.8251861 6.8183266 6.8114672 6.8091205 6.8187848 6.8317911 6.8537548 6.8742046 6.8911834 6.9081622 6.9251411 6.9394125 6.9484648 6.9575172 6.9665696 6.9722399 6.9723792 6.9658179 6.9496704 6.933523 6.9173755 6.9045929 6.8949609 6.8828645 6.8689965 6.8691775 6.8759562 6.8827349 6.8895136 6.8865058 6.8818066 6.8771074 6.8712114 6.8535014 6.8382721 6.8316361 6.825 6.8183639 6.8126671 6.8080582
-9999 6.8987512 6.906663 6.9145749 6.9167537 6.9174539 6.9181541 6.9135703 6.9028882 6.8922061 6.881598 6.8710274 6.8604569 6.8555748 6.8620844 6.868594 6.8738402 6.8581504 6.8424606 6.8294409 6.8225815 6.815722 6.8179153 6.8275796 6.8372438 6.8502501 6.8722138 6.8941775 6.915891 6.9328698 6.9498486 6.9641201 6.9731724 6.9822248 6.9856356 6.9857749 6.9859142 6.9793529 6.9632054 6.9470579 6.9357887 6.9261567 6.9165247 6.9044283 6.8905602 6.8766921 6.8725165 6.8792951 6.8860738 6.883066 6.8783668 6.8700018 6.8522918 6.8345818 6.8193525 6.8127164 6.8060803 6.8007683 6.7961593 6.7915504
-9999 6.8770496 6.8843055 6.8850056 6.8857058 6.886406 6.8871062 6.8825225 6.8718403 6.8612653 6.8506947 6.8401241 6.8295536 6.8246715 6.8311811 6.8376907 6.8442002 6.8507098 6.839856 6.8268363 6.8199769 6.82671 6.8363743 6.8460386 6.8557029 6.8687092 6.8906728 6.9126365 6.9346002 6.9565639 6.9745562 6.9888276 6.99788 6.9990313 6.9991706 6.9993099 6.9994492 6.9928879 6.9767404 6.9669844 6.9573524 6.9477205 6.9380885 6.9259921 6.912124 6.8982559 6.8843878 6.8758554 6.8826341 6.8796263 6.8687922 6.8510822 6.8333721 6.8156621 6.8004329 6.7937968 6.7888694 6.7842604 6.7796515 6.7750426
-9999 6.8525574 6.8532576 6.8539578 6.8546579 6.8553581 6.8560583 6.8515031 6.8409325 6.830362 6.8197914 6.8092208 6.7986503 6.7937682 6.8002778 6.8067874 6.8132969 6.8198065 6.8263161 6.8258405 6.8355048 6.8451691 6.8548334 6.8644976 6.8741619 6.8871682 6.9091319 6.9310956 6.9530592 6.9750229 6.9969866 7.0122877 7.012427 7.0125663 7.0127056 7.0128449 7.0129842 7.0078121 6.9981802 6.9885482 6.9789162 6.9692842 6.9596522 6.9475558 6.9336877 6.9198197 6.9059516 6.8920835 6.8791943 6.8675826 6.8498726 6.8321625 6.8144525 6.7967425 6.7815795 6.7769705 6.7723616 6.7677526 6.7631437 6.7585348
-9999 6.8302681 6.8309683 6.8316685 6.8323687 6.8330688 6.8422149 6.8576802 6.8629494 6.8523788 6.8418083 6.8312377 6.8206671 6.8095254 6.8021889 6.8086985 6.8152081 6.8217176 6.8282272 6.8356907 6.845355 6.8550192 6.8646835 6.8743478 6.8897314 6.9084963 6.911969 6.9339327 6.9558964 6.9778601 6.9998238 7.014333 7.0144722 7.0146115 7.0147508 7.0148901 7.0176209 7.0145678 7.0012061 6.9915741 6.9819421 6.9723101 6.9626782 6.9539675 6.9426279 6.9287599 6.9148918 6.9010237 6.8871557 6.8779984 6.8616539 6.8439438 6.8262338 6.8085238 6.791708 6.7800446 6.7754357 6.7708268 6.7662178 6.7616089
-9999 6.8096574 6.8103576 6.8110578 6.811758 6.8254347 6.8414412 6.8569066 6.8717473 6.8845381 6.8739676 6.863397 6.8528264 6.8416847 6.8293992 6.8171136 6.8234083 6.8299178 6.8364274 6.8438909 6.8535552 6.8632195 6.8728837 6.8928694 6.9192835 6.9380484 6.9363114 6.9345743 6.9557396 6.9777033 6.9996669 7.0141761 7.0143154 7.0144547 7.014594 7.0187427 7.0244752 7.0214222 7.0058001 6.9910471 6.9814151 6.9717832 6.9621512 6.9534405 6.9453922 6.9352807 6.9214126 6.9075445 6.8936765 6.8845192 6.8761762 6.8616092 6.8438991 6.8261891 6.8093733 6.7956548 6.7822628 6.7776539 6.7730449 6.768436
