P2_models/J1_p2__temp2_slide_140.dat.tif
NCOLS 118
NROWS 92
XLLCORNER 139.62
YLLCORNER -39.07
DX 0.099491525
DY 0.099347826
NODATA_VALUE -9999
[rows 27 to 53 of 92, columns 0 to 59 of 118]
-9999 991.12844 977.6599 963.08195 941.89743 920.71291 899.52839 885.14115 878.59885 872.05655 865.51425 869.39439 876.1347 884.03185 894.24565 904.45945 914.67325 921.77952 927.6399 934.86694 945.24689 955.62684 968.04764 980.71821 993.38879 1010.8638 1041.2158 1071.5678 1101.9198 1120.8624 1135.208 1144.757 1145.0595 1145.3621 1147.0171 1148.7135 1150.4099 1149.8626 1146.1053 1142.3479 1138.5906 1141.2393 1144.4999 1148.1512 1152.0834 1156.0156 1159.332 1158.9735 1158.615 1152.5222 1145.4384 1138.3546 1137.3156 1142.966 1147.3074 1147.1145 1146.9215 1146.7286 1148.9202 1151.5457
-9999 1005.169 988.30717 967.12265 945.93814 924.75362 903.5691 889.18186 882.63956 876.09726 869.55496 863.01265 862.96118 870.85833 881.07213 891.28593 901.49973 911.71353 920.01591 927.24294 938.00247 950.67305 963.34362 976.0142 988.68478 1006.1598 1036.5118 1066.8638 1097.2158 1127.5678 1150.568 1160.117 1160.7316 1162.428 1164.1244 1165.8208 1167.5172 1166.9699 1163.2125 1159.4552 1155.6978 1151.9405 1152.9592 1156.6105 1160.5427 1164.4749 1168.4071 1172.3393 1172.2705 1166.1777 1159.0939 1152.0101 1144.9263 1141.4707 1145.8121 1145.6192 1145.4262 1145.2333 1145.0403 1146.6971
-9999 1015.1988 994.01426 972.82974 951.64522 930.4607 909.27619 894.9042 888.3619 881.81959 875.27729 868.73499 862.19269 862.09622 872.31002 882.52382 892.73762 902.95142 913.16522 924.12191 936.79249 949.46306 962.13364 974.80422 987.4748 1002.27 1032.622 1062.974 1093.326 1123.678 1154.03 1174.5942 1176.2906 1177.987 1179.6834 1181.3798 1183.0763 1182.3353 1178.578 1174.8206 1171.0633 1167.3059 1163.5486 1163.8174 1167.7496 1171.6818 1175.614 1179.5462 1183.4784 1178.5401 1171.4563 1164.3725 1157.2887 1150.2049 1145.6907 1145.4977 1145.3048 1145.1119 1144.9189 1144.726
-9999 1034.624 1013.4395 992.25499 971.07047 949.88595 938.9704 925.44944 907.92792 901.38562 894.84332 888.30102 881.75871 882.88401 899.36412 910.07783 920.29163 930.50543 940.71923 951.67592 964.3465 977.01708 989.68765 1002.3582 1017.5889 1031.3912 1038.2028 1065.7874 1096.1394 1126.4914 1156.8434 1177.4076 1179.104 1180.8005 1182.4969 1184.1933 1183.0664 1181.3226 1179.604 1175.8466 1172.0893 1168.3319 1164.5746 1163.3068 1164.6457 1168.5779 1172.5101 1176.4423 1180.3745 1178.3693 1173.174 1166.0902 1159.0064 1151.9226 1148.1658 1155.9332 1156.4935 1156.3005 1156.1076 1155.9146
-9999 1054.0493 1032.8648 1011.6802 992.73739 982.95525 973.17311 959.65215 941.81609 923.98003 914.40934 907.86704 901.32474 902.45004 918.93015 935.41025 947.84564 958.05944 968.27324 979.22994 991.90051 1004.5711 1017.2417 1033.4999 1049.9104 1063.7126 1070.5243 1077.3359 1098.9529 1129.3049 1159.6569 1180.2211 1181.9175 1183.6139 1185.1192 1183.2896 1181.4599 1179.7161 1178.0951 1176.4741 1173.1153 1169.358 1165.6006 1164.3328 1164.8547 1165.474 1169.4062 1173.3384 1177.2706 1175.2654 1172.2341 1167.8078 1160.724 1153.6403 1149.8834 1157.6509 1165.4183 1167.4892 1167.2963 1167.1033
-9999 1073.4745 1052.29 1036.7222 1026.9401 1017.158 1007.3758 993.85485 976.0188 958.18274 940.34668 927.43307 920.89077 922.01606 938.49617 954.97628 971.45639 985.61346 995.82726 1006.784 1019.4545 1033.0004 1049.4109 1065.8214 1082.2318 1096.0341 1102.8457 1109.6573 1116.469 1132.1183 1162.4703 1183.0345 1184.7309 1185.3424 1183.5127 1181.6831 1179.8535 1178.1097 1176.4886 1174.8676 1173.2466 1170.384 1166.6267 1165.3588 1165.8807 1166.4026 1166.9245 1170.2345 1174.1667 1172.1616 1169.1303 1166.099 1162.4417 1155.3579 1151.6011 1159.3685 1167.136 1174.9034 1178.4849 1178.292
-9999 1092.8998 1080.7071 1070.9249 1061.1428 1051.3607 1041.5785 1028.0576 1010.2215 992.38545 974.54939 956.71333 940.45679 941.58209 958.0622 974.54231 991.02241 1007.5025 1023.3813 1034.338 1048.9114 1065.3219 1081.7323 1098.1428 1114.5533 1128.3555 1135.1672 1141.9788 1148.7904 1155.602 1165.2838 1185.848 1185.5655 1183.7359 1181.9063 1180.0766 1178.247 1176.5032 1174.8822 1173.2611 1171.6401 1170.0191 1167.6527 1166.3849 1166.9068 1167.4287 1167.9506 1168.4725 1171.0628 1169.0577 1166.0264 1162.9951 1159.9638 1156.9325 1153.3188 1161.0862 1168.8536 1176.6211 1184.3885 1189.4807
-9999 1115.6475 1105.8653 1096.0832 1086.3011 1076.5189 1066.7368 1055.4703 1037.7101 1019.8741 1002.038 984.20197 966.36591 962.82064 980.6634 997.1435 1013.6236 1030.1037 1046.5838 1063.0429 1079.4533 1095.8638 1112.2743 1128.6847 1145.0952 1149.3185 1155.5621 1162.3737 1169.1853 1175.997 1182.8086 1186.6686 1184.839 1183.0094 1181.1797 1179.3501 1177.5205 1174.8451 1172.8581 1171.2371 1169.6161 1167.9951 1166.374 1164.6872 1165.2091 1165.731 1166.2529 1166.7748 1167.2967 1168.5491 1165.5178 1162.4865 1159.4552 1156.4239 1154.3266 1160.5371 1168.3046 1176.072 1183.8395 1191.6069
-9999 1125.8889 1116.1068 1106.3247 1096.5425 1087.4895 1080.2371 1069.0615 1053.3581 1036.2894 1018.4533 1000.6173 982.7812 979.23593 1004.3088 1024.7505 1041.2306 1057.7108 1074.1909 1090.6499 1107.0604 1123.4708 1139.8813 1155.107 1153.5161 1153.4794 1157.6081 1163.0985 1169.9101 1176.7218 1183.5334 1187.3935 1185.5638 1183.7342 1181.9046 1180.5933 1181.7153 1179.3503 1171.9965 1168.5245 1166.9035 1165.2824 1163.6614 1161.6522 1159.3639 1159.5412 1160.0631 1160.585 1161.1069 1165.5862 1169.2896 1166.2583 1163.227 1160.1957 1158.0983 1159.2361 1164.0171 1171.7845 1179.552 1187.3194
-9999 1136.1304 1126.3483 1116.5661 1108.3332 1101.0807 1093.8283 1082.6527 1066.9494 1051.246 1034.8686 1017.0325 999.19648 995.65121 1020.7241 1045.7969 1068.8377 1085.3178 1101.7979 1118.2569 1134.6674 1151.0779 1160.8588 1159.268 1157.6771 1157.6404 1161.7691 1165.8978 1170.6349 1177.4466 1184.2582 1188.1183 1186.2886 1184.459 1183.9764 1185.0985 1186.2205 1183.8555 1176.5017 1169.1479 1164.1908 1162.5698 1160.9488 1158.9396 1156.6513 1154.363 1153.8733 1154.3952 1154.9171 1159.3964 1164.5596 1169.7229 1166.9987 1163.9674 1161.8701 1163.0079 1164.1456 1167.497 1175.2645 1183.0319
-9999 1146.3719 1136.5897 1129.1768 1121.9244 1114.6719 1107.4195 1096.2439 1080.5406 1064.8372 1049.1339 1033.4305 1015.6118 1012.0665 1037.1394 1062.2122 1087.2851 1112.3579 1129.4049 1145.864 1162.2744 1166.6106 1165.0198 1163.4289 1161.838 1161.8013 1165.93 1170.0588 1174.1875 1178.3162 1184.983 1188.8431 1187.0134 1187.3596 1188.4816 1189.6037 1190.7257 1188.3607 1181.0069 1173.6531 1166.2993 1159.8572 1158.2362 1156.2269 1153.9386 1151.6503 1149.362 1148.2054 1148.7273 1153.2066 1158.3698 1163.5331 1168.6963 1167.7392 1165.6419 1166.7796 1167.9174 1169.0551 1170.977 1178.7444
-9999 1157.2729 1150.0205 1142.768 1135.5156 1128.2631 1121.0107 1109.8351 1094.1318 1078.4284 1062.7251 1047.0217 1031.3184 1028.4818 1053.5546 1078.6275 1103.7004 1128.7732 1153.8461 1173.471 1172.3625 1170.7716 1169.1807 1167.5898 1165.999 1165.9622 1170.091 1174.2197 1178.3484 1182.4772 1186.6059 1189.6206 1190.7427 1191.8648 1192.9868 1194.1089 1195.2309 1192.8659 1185.5121 1178.1583 1170.8045 1163.4507 1156.0969 1153.5143 1151.226 1148.9377 1146.6494 1144.3611 1142.5375 1147.0168 1152.18 1157.3433 1162.5065 1167.6698 1169.4136 1170.5514 1171.6891 1172.8269 1173.9647 1175.1024
-9999 1160.2073 1152.9548 1145.7024 1138.4499 1131.1975 1128.2287 1122.1113 1106.408 1090.7046 1075.0013 1059.2979 1047.7641 1048.3528 1062.0651 1087.1379 1112.2108 1137.2836 1162.3565 1179.3667 1177.7758 1176.1849 1174.594 1173.0032 1170.325 1167.9662 1174.3904 1178.5191 1182.6479 1186.7766 1190.9053 1194.0071 1195.1291 1196.2512 1197.3732 1198.4953 1196.9397 1190.2974 1182.9436 1175.5898 1168.236 1160.8822 1153.971 1152.7162 1152.0769 1149.7885 1147.5002 1145.2119 1142.9236 1146.9888 1152.1521 1157.3153 1162.4786 1169.5678 1185.115 1186.2527 1187.3905 1188.5282 1189.666 1182.8355
-9999 1159.5373 1152.2849 1145.0324 1137.78 1137.8717 1140.0602 1133.9428 1118.2395 1102.5361 1086.8328 1079.4893 1076.7123 1077.301 1084.6295 1092.9748 1118.0477 1143.1205 1168.1934 1185.2036 1183.6127 1182.0218 1180.4309 1176.4104 1170.3816 1168.0228 1175.5009 1182.8654 1186.9941 1191.1228 1195.2516 1198.3533 1199.4754 1200.5974 1201.7195 1198.1236 1191.9788 1185.3365 1177.9827 1170.6289 1163.2751 1156.5832 1150.0761 1148.8214 1151.3425 1151.8446 1149.5563 1147.268 1144.9797 1149.0449 1154.2082 1159.3714 1169.5967 1189.3038 1204.8511 1205.9888 1207.1266 1208.2643 1198.0233 1183.3448
-9999 1158.8674 1151.6149 1145.3262 1147.5146 1149.7031 1151.8916 1145.7743 1130.0709 1114.3676 1111.2145 1108.4375 1105.6605 1106.2492 1113.5778 1120.9063 1128.2349 1148.9574 1174.0303 1191.0405 1189.4496 1187.8587 1182.4959 1176.467 1170.4381 1168.0794 1175.5574 1183.0355 1190.5136 1195.4691 1199.5978 1202.6996 1203.8216 1204.9437 1199.3076 1193.1627 1187.0178 1180.3756 1173.0218 1165.7025 1159.1954 1152.6883 1146.1812 1144.9265 1147.4477 1149.9688 1151.6124 1149.3241 1147.0358 1151.101 1156.2642 1169.6257 1189.3328 1209.0399 1224.5872 1225.7249 1226.8627 1213.2111 1198.5326 1183.854
-9999 1158.1974 1154.9691 1157.1576 1159.3461 1161.5346 1163.7231 1157.6057 1145.7166 1142.9396 1140.1627 1137.3857 1134.6088 1135.1974 1142.526 1149.8545 1157.1831 1164.5116 1179.8672 1196.8774 1194.6101 1188.5813 1182.5524 1176.5236 1170.4947 1168.136 1175.614 1183.0921 1190.5701 1198.0482 1203.9441 1207.0458 1206.6364 1200.4915 1194.3467 1188.2018 1182.0569 1175.4147 1168.3147 1161.8076 1155.3005 1148.7934 1142.2864 1141.0316 1143.5528 1146.0739 1148.5951 1151.1162 1149.0918 1153.157 1169.6546 1189.3618 1209.0689 1228.776 1244.3232 1243.0775 1228.399 1213.7204 1199.0418 1184.3633
-9999 1164.5239 1166.7124 1168.9009 1171.0894 1173.2778 1175.4663 1174.3055 1171.5285 1168.7516 1165.9746 1163.1977 1160.4207 1159.8364 1167.1649 1174.4935 1181.822 1189.1506 1196.4791 1199.7686 1193.7397 1187.7109 1181.682 1175.6532 1169.6243 1167.7721 1175.2502 1182.7283 1190.2063 1197.6844 1205.1624 1207.9873 1201.8425 1195.6976 1189.5527 1183.4079 1177.263 1172.7027 1166.1956 1159.6885 1153.1814 1146.6743 1140.1672 1138.644 1141.1652 1143.6863 1146.2075 1148.7286 1151.2498 1167.3197 1187.0268 1206.7339 1226.4411 1246.1482 1259.3398 1244.6613 1229.9827 1215.3042 1200.6256 1185.9471
-9999 1175.6018 1177.7903 1179.9788 1182.1673 1184.3558 1175.0164 1170.8002 1173.6863 1170.9093 1168.1324 1165.3554 1162.5784 1160.5493 1160.0177 1166.6315 1173.96 1181.2886 1188.6171 1191.9066 1185.8777 1179.8489 1173.82 1167.7912 1168.2371 1171.0226 1172.4883 1179.1936 1186.6716 1194.1497 1201.6277 1204.4526 1198.3078 1192.1629 1186.0181 1179.8732 1169.124 1166.8093 1177.4692 1170.9622 1164.4551 1157.948 1151.4409 1149.0844 1150.1454 1152.6665 1155.1877 1157.7088 1160.23 1170.6418 1186.5702 1206.2774 1225.9845 1245.6916 1259.6058 1253.4536 1239.6706 1224.9921 1210.3135 1195.635
-9999 1186.6797 1188.8682 1191.0567 1190.6166 1180.1641 1169.7117 1165.4954 1168.4766 1171.4577 1170.2901 1167.5132 1164.7362 1162.707 1162.1754 1161.6438 1166.098 1173.4265 1180.7551 1184.0446 1178.0157 1171.9869 1165.958 1168.961 1172.2389 1175.0244 1176.4901 1177.9558 1183.137 1190.615 1198.0931 1200.918 1194.7731 1188.6282 1182.1137 1170.2961 1158.4785 1156.1639 1167.4445 1178.7251 1175.7287 1169.2216 1162.7145 1160.358 1160.9854 1161.6467 1164.1679 1166.689 1169.2102 1179.622 1191.3975 1205.8208 1225.5279 1245.2351 1259.1492 1252.9971 1246.8449 1234.68 1220.0014 1205.3229
-9999 1197.7576 1199.9461 1195.7644 1185.3119 1174.8594 1164.4069 1160.1907 1163.1718 1166.153 1169.1341 1169.6709 1166.8939 1164.8648 1164.3332 1163.8016 1163.27 1165.5645 1172.8931 1176.1826 1170.1537 1166.4069 1169.6849 1172.9628 1176.2407 1179.0262 1180.4919 1181.9577 1183.4234 1187.0804 1194.5584 1197.3833 1191.2384 1183.2858 1171.4682 1159.6507 1147.8331 1145.5185 1156.7991 1168.0797 1179.3603 1180.4953 1173.9882 1171.6317 1172.259 1172.8863 1173.5137 1175.6692 1178.1904 1188.6022 1200.3777 1212.1532 1225.0713 1244.7785 1258.6926 1252.5405 1246.3884 1240.2362 1229.6893 1215.0108
-9999 1208.8356 1200.9121 1190.4596 1180.0071 1169.5546 1159.1022 1154.8859 1157.8671 1160.8482 1163.8294 1166.8105 1169.0517 1167.0225 1166.4909 1165.9593 1165.4277 1164.8961 1165.0311 1168.3206 1167.1308 1170.4088 1173.6867 1176.9646 1180.2425 1183.028 1184.4937 1185.9595 1187.4252 1188.8909 1191.0237 1193.8486 1184.458 1172.6404 1160.8228 1149.0052 1137.1877 1134.873 1146.1536 1157.4343 1168.7149 1179.9955 1185.2618 1182.9054 1183.5327 1184.16 1184.7873 1185.4146 1187.1706 1197.5824 1209.3579 1221.1334 1232.909 1244.6845 1258.236 1252.0839 1245.9318 1239.7796 1233.6275 1224.6986
-9999 1206.5017 1196.0492 1185.5967 1175.1442 1164.6917 1154.2393 1156.5537 1159.5348 1162.516 1165.4972 1168.4783 1171.4595 1171.3737 1170.5953 1170.0637 1169.5321 1169.0005 1168.4689 1169.0892 1172.3671 1175.645 1178.9229 1182.2009 1185.4788 1179.7729 1179.2009 1180.6666 1182.1323 1183.5981 1185.0638 1181.9924 1170.1748 1158.3572 1146.5397 1134.7221 1122.9045 1132.523 1143.8036 1155.0842 1166.3649 1177.6455 1188.1741 1189.5296 1190.1569 1190.7842 1191.4116 1192.0389 1192.6662 1202.7989 1214.5745 1226.35 1238.1255 1249.9011 1252.3076 1246.1555 1240.0034 1233.8512 1227.6991 1222.083
-9999 1202.341 1191.8885 1181.436 1170.9835 1164.7859 1166.8257 1169.3024 1172.2836 1175.2648 1178.2459 1180.6488 1180.869 1180.3852 1178.4915 1177.2618 1176.7302 1176.1986 1175.6669 1176.2873 1179.5652 1182.8431 1186.121 1188.0014 1179.3692 1171.1138 1163.8681 1160.6023 1162.0681 1163.5338 1164.9995 1161.9281 1150.1105 1138.293 1126.4754 1119.9978 1131.7803 1143.3563 1154.6369 1165.9176 1177.1982 1184.989 1186.7311 1188.1366 1189.3002 1190.0195 1190.6468 1191.2741 1191.9014 1202.0342 1213.8097 1225.5852 1237.3608 1238.5786 1237.6832 1231.5311 1225.3789 1219.2268 1215.3373 1216.301
-9999 1198.1803 1187.7278 1177.2753 1175.4949 1177.5347 1179.5744 1182.0512 1185.0323 1188.0135 1189.4402 1189.6604 1189.8805 1189.3967 1187.5031 1185.6094 1183.9283 1183.3966 1182.865 1183.4854 1186.7633 1190.0412 1187.9745 1179.3423 1170.7101 1162.4546 1155.2089 1147.9632 1142.0038 1143.4695 1144.9352 1141.8638 1130.0462 1118.2287 1119.0486 1130.8311 1142.6136 1154.1897 1165.4703 1176.7509 1181.8039 1183.546 1185.2882 1186.6937 1187.8572 1189.0207 1189.882 1190.5094 1191.1367 1201.2694 1213.045 1222.7098 1223.332 1223.9541 1223.0587 1216.9066 1210.7545 1208.5916 1209.5553 1210.5189
-9999 1194.0196 1184.1642 1186.204 1188.2437 1190.2834 1192.3232 1194.7999 1197.7811 1198.2315 1198.4517 1198.6719 1198.8921 1198.4082 1196.5146 1194.6209 1192.7273 1190.8336 1190.0631 1190.6834 1193.9614 1187.9476 1179.3153 1170.6831 1162.0509 1153.7954 1146.5498 1139.3041 1132.0584 1124.8127 1124.8709 1121.7995 1109.982 1118.0995 1129.882 1141.6645 1153.447 1165.023 1176.3036 1178.6188 1180.3609 1182.103 1183.8452 1185.2507 1186.4142 1187.5777 1188.7413 1189.7446 1190.3719 1200.5047 1207.4632 1208.0854 1208.7075 1209.3297 1208.4343 1202.2822 1201.8459 1202.8096 1203.7732 1204.7369
-9999 1194.8732 1196.913 1198.9527 1200.9925 1203.0322 1205.0719 1206.8026 1207.0228 1207.243 1207.4632 1207.6834 1207.9036 1207.4197 1205.5261 1203.6324 1201.7388 1199.8451 1197.9515 1196.5528 1187.9206 1179.2884 1170.6562 1162.024 1153.3917 1145.1363 1137.8906 1130.6449 1123.3992 1116.1536 1108.9079 1105.3678 1117.1503 1128.9328 1140.7153 1152.4978 1164.2803 1173.6916 1175.4337 1177.1758 1178.9179 1180.6601 1182.4022 1183.8077 1184.9712 1186.1348 1187.2983 1188.4618 1189.6072 1192.2166 1192.8387 1193.4609 1194.0831 1194.7053 1194.1366 1195.1002 1196.0639 1197.0275 1197.9912 1198.9548
-9999 1195.7188 1197.7585 1199.7982 1201.838 1203.8777 1207.0391 1209.238 1209.4582 1209.6784 1209.8986 1210.1187 1208.6707 1205.6285 1203.3164 1201.4227 1199.5291 1197.6354 1195.7417 1191.8104 1183.1782 1174.546 1165.9138 1157.2816 1153.8782 1156.2183 1151.3078 1144.0621 1136.8165 1129.5708 1122.3251 1121.5788 1133.3613 1145.1438 1156.9263 1168.7088 1176.486 1179.5027 1181.2448 1182.9869 1184.7291 1186.4712 1185.3852 1185.4369 1186.9599 1188.1234 1189.2869 1190.4505 1191.614 1192.3159 1192.9381 1193.5603 1194.1825 1194.2549 1193.3464 1194.31 1195.2737 1196.2373 1197.2009 1204.4394
