P2_models/J1_p2_vp_slide_diff2_30.dat.tif
NCOLS 118
NROWS 92
XLLCORNER 139.62
YLLCORNER -39.07
DX 0.099491525
DY 0.099347826
NODATA_VALUE -9999
[rows 50 to 74 of 92, columns 0 to 57 of 118]
-9999 0.5178895 0.52509791 0.53230631 0.54534069 0.56094145 0.57654221 0.5831086 0.57924816 0.57538773 0.56632533 0.55322556 0.54012578 0.53132283 0.53112451 0.53092619 0.53367501 0.55236548 0.57105596 0.5858636 0.59171337 0.59756314 0.60293468 0.60771873 0.61250278 0.60992247 0.58760382 0.56528517 0.54181931 0.51173072 0.48164212 0.45704489 0.44303328 0.42902167 0.41595071 0.40369571 0.39144072 0.37406978 0.34937975 0.32468973 0.30195493 0.2802596 0.25856427 0.24245311 0.23035634 0.21825957 0.19711069 0.16895267 0.14079465 0.13505594 0.13319189 0.13164291 0.13144375 0.13124459 0.13067835 0.1288406 0.12700285 0.11688986
-9999 0.52824088 0.53585042 0.55145118 0.56705194 0.5826527 0.59825346 0.60481985 0.60095942 0.58863001 0.57553023 0.56243046 0.54933069 0.54052774 0.54032942 0.5401311 0.53993278 0.53973446 0.55511218 0.56991982 0.57576959 0.58078794 0.58557199 0.59035604 0.59514009 0.59255978 0.57024113 0.54792248 0.52560384 0.50328519 0.47445198 0.44985476 0.43584315 0.42331536 0.41106036 0.39880537 0.38655037 0.36917943 0.34448941 0.32261417 0.30091884 0.27922351 0.25752819 0.24141703 0.22932025 0.21722348 0.20512671 0.18823144 0.16007342 0.15433471 0.15318971 0.15299055 0.15279139 0.15259223 0.15202599 0.15018824 0.13649358 0.11989502
-9999 0.54196091 0.55756167 0.57316243 0.58876319 0.60436395 0.61996471 0.62403446 0.61093469 0.59783491 0.58473514 0.57163537 0.5585356 0.54973265 0.54953433 0.54933601 0.54913769 0.54893937 0.54874105 0.55385715 0.5586412 0.56342525 0.5682093 0.57299335 0.5777774 0.57519709 0.55287844 0.53055979 0.50824115 0.4859225 0.46360385 0.44293501 0.43068001 0.41842502 0.40617002 0.39391503 0.38166003 0.36496874 0.34327341 0.32157808 0.29988275 0.27818743 0.2564921 0.24038094 0.22828416 0.21618739 0.20409062 0.19199385 0.1793522 0.17473651 0.17453735 0.17433819 0.17413903 0.17393987 0.17269586 0.1560973 0.13949874 0.12290018
-9999 0.56447341 0.58007417 0.59567493 0.61127569 0.62687645 0.63249038 0.62582907 0.6127293 0.59962953 0.58652976 0.57342999 0.5597338 0.54866282 0.54513414 0.54493582 0.5447375 0.54453918 0.54434086 0.54564914 0.55043319 0.55521724 0.56000129 0.56478534 0.56738827 0.56439562 0.55327732 0.53095867 0.50864003 0.48632138 0.46400273 0.4451215 0.4328665 0.42061151 0.40835651 0.39610152 0.3837798 0.3675637 0.34586837 0.32417304 0.30247772 0.28078239 0.26115528 0.2485424 0.23824454 0.22614777 0.214051 0.20195422 0.18985745 0.18790507 0.1877059 0.18750674 0.18730758 0.18549834 0.17691818 0.16031961 0.14372105 0.12712249
-9999 0.58711996 0.60272072 0.61832148 0.63392224 0.63412788 0.63304521 0.62638391 0.61328414 0.60018437 0.58708459 0.57297478 0.55859907 0.54752809 0.54307502 0.53862194 0.53806111 0.53786279 0.53766447 0.53897275 0.5437568 0.54854085 0.5533249 0.5542254 0.55338088 0.55038822 0.54163803 0.53288783 0.51201051 0.48969186 0.46737322 0.44849198 0.43623699 0.42398199 0.411727 0.39936844 0.38698225 0.37076615 0.34907083 0.3273755 0.30568017 0.28686438 0.26830098 0.2556881 0.24735298 0.23794792 0.22585114 0.21375437 0.2016576 0.19970521 0.19950605 0.19930689 0.19618958 0.18992428 0.18134412 0.16474556 0.148147 0.13154843
-9999 0.60976652 0.62536728 0.63684804 0.63576538 0.63468271 0.63360005 0.62693875 0.61383897 0.60059148 0.58621577 0.57184006 0.55746435 0.54639337 0.54194029 0.53748722 0.53303414 0.5311864 0.53098808 0.53229636 0.53708041 0.54186446 0.54106252 0.540218 0.53937348 0.53638083 0.52763063 0.51888044 0.51013024 0.49306235 0.4707437 0.45186247 0.43960747 0.42734328 0.41495709 0.4025709 0.39018471 0.37396861 0.35227328 0.33113689 0.31257348 0.29401008 0.27544668 0.2628338 0.25449868 0.24616356 0.23765129 0.22555452 0.21345774 0.21150536 0.2113062 0.20688083 0.20061553 0.19435023 0.18577007 0.1691715 0.15366727 0.15314583
-9999 0.63241307 0.63848554 0.63740288 0.63632021 0.63523755 0.63415489 0.62749358 0.61383246 0.59945675 0.58508104 0.57070533 0.55632962 0.54525864 0.54080557 0.53635249 0.53189942 0.52744634 0.52431169 0.52561997 0.52874416 0.52789964 0.52705512 0.5262106 0.52536609 0.52237343 0.51362324 0.50487304 0.49612285 0.48737265 0.47411418 0.45523295 0.44293192 0.43054573 0.41815954 0.40577335 0.39338716 0.37717107 0.35684599 0.33828259 0.31971918 0.30115578 0.28259238 0.2699795 0.26164438 0.25330926 0.24497414 0.23663902 0.22525789 0.2233055 0.21757208 0.21130678 0.20504148 0.19877617 0.19019601 0.17815854 0.17763709 0.17711565
-9999 0.63917718 0.63809452 0.63701185 0.63592919 0.63484653 0.63376386 0.63317879 0.61880308 0.60442737 0.59005166 0.57567595 0.56130024 0.54594531 0.54149223 0.53703916 0.53258608 0.52813301 0.52367993 0.52031803 0.51947351 0.518629 0.51778448 0.51693996 0.51609544 0.50921838 0.5005169 0.4917667 0.48301651 0.47426631 0.46551611 0.45552398 0.44313779 0.4307516 0.41836542 0.40597923 0.39359304 0.38153751 0.3629741 0.3444107 0.3258473 0.30728389 0.28872049 0.27668221 0.26834709 0.26001197 0.25167685 0.24334173 0.23500661 0.2288301 0.2225648 0.2162995 0.2100342 0.2037689 0.19963406 0.19932884 0.1988074 0.19828596
-9999 0.63555562 0.63447296 0.6333903 0.63230763 0.6323214 0.64005385 0.6435292 0.6420913 0.63025052 0.61587481 0.6014991 0.58712339 0.5713207 0.5526604 0.5439467 0.53949363 0.53504055 0.53058748 0.52722557 0.52638106 0.52553654 0.52469202 0.52384751 0.50974673 0.49661644 0.48983162 0.48173787 0.47298767 0.46423748 0.45548728 0.44549515 0.43310896 0.42072277 0.40833658 0.39588968 0.37996092 0.36848459 0.3633781 0.34706329 0.32849988 0.30993648 0.29137308 0.27992717 0.2735368 0.26520168 0.25686656 0.24853144 0.24019632 0.23481909 0.22949332 0.22322802 0.21696271 0.21069741 0.20656258 0.20980742 0.21041608 0.20989464
-9999 0.63193406 0.6308514 0.62976874 0.63289951 0.64063196 0.64836441 0.65183975 0.65040186 0.64896396 0.64169796 0.62732225 0.61294654 0.59714385 0.57848355 0.55982325 0.54640117 0.54194809 0.53749502 0.53413312 0.5332886 0.53244408 0.52814038 0.51264259 0.49714479 0.48401449 0.47722968 0.47044486 0.46295884 0.45420865 0.44545845 0.43546632 0.42308013 0.41069394 0.39715161 0.38122285 0.36529409 0.35381776 0.34871127 0.34360478 0.33115247 0.31258907 0.29402566 0.28257976 0.27625052 0.26992129 0.26205627 0.25372115 0.24538603 0.2400088 0.23514278 0.23015653 0.22389123 0.21762593 0.2134911 0.21673594 0.21998079 0.22150333
-9999 0.6283125 0.62722984 0.63347762 0.64121007 0.64894252 0.65667496 0.66015031 0.65871241 0.65727452 0.65583662 0.6531454 0.63876969 0.622967 0.6043067 0.5856464 0.5669861 0.54885564 0.54440256 0.54104066 0.54019615 0.53103624 0.51553844 0.50004065 0.48454285 0.47141255 0.46462774 0.45784292 0.45105811 0.44417981 0.43542962 0.42543749 0.4130513 0.39841354 0.38248478 0.36655602 0.35062726 0.33915093 0.33404444 0.32893795 0.32383146 0.31524165 0.29667825 0.28523234 0.27890311 0.27257388 0.26624465 0.25891086 0.25057574 0.24519851 0.24033249 0.23546646 0.23060044 0.22455445 0.22041961 0.22366446 0.2269093 0.23015415
-9999 0.62632328 0.63405573 0.64178817 0.64952062 0.65725307 0.66498552 0.66846087 0.66702297 0.66558507 0.66414717 0.66270928 0.66127138 0.64879015 0.63012985 0.61146955 0.59280925 0.57414895 0.55548865 0.54794821 0.53393209 0.5184343 0.5029365 0.48743871 0.47194091 0.45881061 0.4520258 0.44524098 0.43845616 0.43167135 0.42488653 0.41540866 0.39967547 0.38374671 0.36781795 0.35188919 0.33596043 0.3244841 0.31937761 0.31427112 0.30916463 0.30405815 0.29895166 0.28788493 0.2815557 0.27522647 0.26889723 0.262568 0.25576545 0.25038822 0.2455222 0.24065617 0.23579015 0.23092412 0.22734813 0.23059298 0.23383782 0.23708267
-9999 0.63400376 0.64173621 0.64946865 0.6572011 0.66493355 0.67590667 0.6798623 0.67452343 0.67308553 0.67164763 0.67020974 0.66877184 0.66199439 0.64404202 0.62538172 0.60672142 0.58806112 0.56940082 0.55169682 0.53619902 0.52070123 0.50520343 0.48970564 0.47636639 0.47082298 0.46335921 0.45657439 0.44978958 0.44300476 0.43621994 0.42631185 0.41038309 0.39445433 0.37852557 0.36259681 0.34539756 0.32879205 0.32035713 0.31525064 0.31014416 0.30503767 0.29993118 0.29535809 0.28967018 0.28334094 0.27701171 0.27068248 0.26435325 0.25790947 0.25302203 0.24815601 0.24328998 0.23842396 0.23456834 0.23550156 0.2387464 0.24199125
-9999 0.64141025 0.6491427 0.65687515 0.66460759 0.67839205 0.69407518 0.69803081 0.68845141 0.68023372 0.67879582 0.67735792 0.67592003 0.66914257 0.65167236 0.63411439 0.6154541 0.5967938 0.5781335 0.56042949 0.5449317 0.5294339 0.51393611 0.50418034 0.49949545 0.49395203 0.48610755 0.47831611 0.4715313 0.46474648 0.45796166 0.44805357 0.43212481 0.41619605 0.40026729 0.38185498 0.36200322 0.34539771 0.33343643 0.32303399 0.31792751 0.31282102 0.30771453 0.30314144 0.2989518 0.29383053 0.2875013 0.28117206 0.27484283 0.26839906 0.26193548 0.2566604 0.25179438 0.24692835 0.24307274 0.24271706 0.24277661 0.24602146
-9999 0.64881674 0.65654919 0.66519431 0.68087744 0.69656056 0.71224369 0.71619932 0.70661992 0.69704051 0.68746111 0.68450611 0.68306821 0.67629076 0.65882055 0.64135033 0.62388012 0.60552647 0.58686617 0.56916217 0.55366437 0.53816658 0.53199429 0.5273094 0.52262451 0.51708109 0.50923661 0.50139212 0.49354764 0.4864882 0.47970338 0.46979529 0.45386653 0.43793777 0.4183124 0.39846064 0.37860888 0.36200337 0.35004208 0.3380808 0.32611952 0.32060437 0.31549788 0.31092479 0.30673515 0.30254551 0.29799088 0.29166165 0.28533242 0.27888864 0.27242507 0.26596149 0.26029877 0.25543275 0.25157713 0.25122145 0.25086577 0.25051009
-9999 0.65622323 0.66767969 0.68336282 0.69904595 0.71472907 0.7304122 0.73436783 0.72478843 0.71520902 0.70562962 0.69605022 0.6902164 0.68343895 0.66596873 0.64849852 0.6310283 0.61355809 0.59559885 0.57789484 0.56449313 0.55980824 0.55512335 0.55043846 0.54575356 0.54021015 0.53236566 0.52452118 0.51667669 0.50883221 0.5014451 0.49153701 0.47462159 0.45476982 0.43491806 0.4150663 0.39521453 0.37860902 0.36664774 0.35468646 0.34272518 0.33076389 0.32328123 0.31870814 0.3145185 0.31032886 0.30613922 0.30194958 0.295822 0.28937823 0.28291465 0.27645108 0.2699875 0.26393714 0.26008153 0.25972585 0.25937016 0.25901448
-9999 0.66750398 0.68318711 0.69887024 0.71455336 0.73023649 0.74591962 0.74811446 0.73853505 0.72895565 0.71937625 0.70979684 0.70021744 0.69247713 0.67500691 0.6575367 0.64006648 0.62259627 0.60512606 0.59152193 0.58683704 0.58215215 0.57746726 0.57278237 0.56809748 0.55880331 0.55095882 0.54311434 0.53526985 0.52742537 0.51958088 0.5076351 0.48778334 0.46793158 0.44807981 0.42822805 0.40837629 0.39547593 0.38351465 0.37155336 0.35959208 0.3476308 0.33566951 0.32730764 0.323118 0.31892835 0.31473871 0.31054907 0.30635943 0.30023095 0.29376737 0.2873038 0.28084022 0.27437665 0.26857661 0.26822093 0.26786524 0.26750956
-9999 0.66977552 0.68545864 0.70114177 0.7168249 0.73216292 0.74007511 0.73986726 0.73028786 0.72070846 0.71112905 0.70154965 0.70693592 0.70678479 0.69269729 0.67597543 0.65850522 0.64103501 0.62356479 0.60996067 0.60527578 0.60059089 0.595906 0.59122111 0.58568374 0.57502354 0.55111421 0.53914661 0.53130212 0.52345764 0.51561315 0.50366737 0.48381561 0.46396385 0.44411208 0.42426032 0.42029692 0.41364223 0.40168095 0.38971966 0.37775838 0.36709335 0.37051929 0.35787263 0.3357769 0.33158725 0.32739761 0.32320797 0.31901833 0.31288985 0.30642627 0.2999627 0.29349912 0.2847497 0.27702537 0.27666969 0.276314 0.27595832
-9999 0.67204705 0.68773018 0.7034133 0.71600354 0.72391573 0.73182791 0.73162007 0.72204066 0.71246126 0.70725458 0.71406273 0.72087089 0.72071976 0.70663226 0.69254475 0.67694396 0.65947374 0.64200353 0.6283994 0.62371451 0.61902962 0.61418228 0.60846533 0.60274838 0.59208819 0.56817885 0.54426952 0.52733439 0.51948991 0.51164542 0.49969964 0.47984788 0.45999612 0.44435414 0.44140868 0.43846322 0.43180853 0.41984725 0.40788597 0.40163749 0.40506343 0.40848937 0.39584271 0.37164166 0.3474406 0.34005651 0.33586687 0.33167723 0.32554875 0.31908517 0.3126216 0.30305008 0.29319846 0.28547413 0.28511845 0.28476276 0.28793178
-9999 0.67431858 0.69000171 0.69984416 0.70775635 0.71566853 0.72358072 0.72337287 0.71379347 0.71438139 0.72118955 0.7279977 0.73480586 0.73465473 0.72056722 0.70647972 0.69239222 0.67791248 0.66044226 0.64683814 0.64215325 0.63696387 0.63124692 0.62552997 0.61981303 0.60915283 0.5852435 0.56133417 0.53742484 0.51552217 0.50767769 0.49573191 0.47588015 0.46546589 0.46252044 0.45957498 0.45662953 0.44997483 0.43801355 0.43618163 0.43960757 0.44303351 0.44645945 0.43381278 0.40961173 0.38541068 0.36120963 0.34852577 0.34433613 0.33820765 0.33120207 0.32135045 0.31149884 0.30164722 0.29392289 0.29356721 0.29969858 0.3115514
-9999 0.67577259 0.68368478 0.69159697 0.69950915 0.70742134 0.71533352 0.71512568 0.7215082 0.72831636 0.73512451 0.74193267 0.74874083 0.74858969 0.73450219 0.72041469 0.70632719 0.69223968 0.67815218 0.66527687 0.65974547 0.65402852 0.64831157 0.64259462 0.63687767 0.62621748 0.60230814 0.57839881 0.55448948 0.53058015 0.50667082 0.49176418 0.48657765 0.48363219 0.48068674 0.47774128 0.47479583 0.46814114 0.47072577 0.47415171 0.47757765 0.48100358 0.48442952 0.47178286 0.44758181 0.42338076 0.39917971 0.37497865 0.35699503 0.34950244 0.33965083 0.32979921 0.3199476 0.31009598 0.30237165 0.31146538 0.32331819 0.33517101
-9999 0.67513866 0.68305084 0.69096303 0.69887521 0.7067874 0.71338579 0.71681681 0.72187339 0.72868155 0.7354897 0.74229786 0.74910601 0.7531536 0.74581707 0.73172956 0.71764206 0.70355456 0.68946706 0.67791068 0.67219373 0.66647678 0.66075984 0.65504289 0.64841528 0.63965562 0.62995301 0.60604368 0.58213435 0.55822502 0.53431569 0.51756693 0.51462147 0.51167602 0.50873056 0.50578511 0.50003064 0.48560687 0.48084001 0.48426595 0.48769189 0.49111783 0.49454377 0.483722 0.46028427 0.43608322 0.41188217 0.38768112 0.36348006 0.3439777 0.33412608 0.32427447 0.31442285 0.30457124 0.30247653 0.32190937 0.33376219 0.34561501
-9999 0.67882717 0.68673936 0.69465154 0.70256373 0.70770791 0.71183664 0.71526766 0.71789342 0.72134245 0.72815061 0.73495876 0.74176692 0.74581451 0.74433391 0.74155687 0.72746937 0.71338186 0.69929436 0.68773799 0.68202104 0.67630409 0.67058714 0.66161148 0.64940221 0.64064255 0.64112871 0.6396955 0.61578617 0.59187684 0.5679675 0.55121875 0.54827329 0.54532784 0.54238238 0.53304136 0.51951524 0.50509146 0.48938346 0.47856497 0.48199091 0.48541685 0.48884279 0.47802101 0.45695673 0.43443992 0.41023886 0.38603781 0.36183676 0.34194397 0.32279576 0.31081622 0.30096461 0.29111299 0.28901829 0.31379256 0.33672569 0.34857851
-9999 0.68251568 0.69042787 0.69790129 0.70203003 0.70615876 0.7102875 0.71371851 0.71634427 0.71897003 0.7215958 0.72761967 0.73442782 0.73847541 0.73699482 0.73551422 0.73403362 0.72320917 0.70912167 0.6975653 0.69184835 0.6861314 0.67480767 0.66259841 0.65038914 0.64162948 0.64211564 0.6426018 0.64308796 0.62552865 0.60161932 0.58487057 0.58192511 0.57897966 0.56605208 0.55252596 0.53899983 0.52457605 0.50886806 0.49316006 0.47745206 0.47971586 0.4831418 0.47232003 0.45125575 0.43019147 0.40859556 0.38439451 0.36019346 0.34030066 0.32115245 0.30200424 0.28750636 0.27765475 0.27556004 0.30033432 0.3251086 0.34988288
-9999 0.6862042 0.69222341 0.69635214 0.70048088 0.70460961 0.70873835 0.71216936 0.71479512 0.71742089 0.72004665 0.72267241 0.72708873 0.73113632 0.72965572 0.72817512 0.72669452 0.72521392 0.71894897 0.7073926 0.70021314 0.68800387 0.67579461 0.66358534 0.65137607 0.64261641 0.64310257 0.64358873 0.64407489 0.64456105 0.63527114 0.61852238 0.61258893 0.5990628 0.58553667 0.57201055 0.55848442 0.54406064 0.52835265 0.51264465 0.49693665 0.48122866 0.47744082 0.46661904 0.44555477 0.42449049 0.40342621 0.38236194 0.35855015 0.33865736 0.31950915 0.30036094 0.28121273 0.26419651 0.2621018 0.28687608 0.31165035 0.33642463
