P2_models/J1_p2_vp_slide_diff2_340.dat.tif
NCOLS 118
NROWS 92
XLLCORNER 139.62
YLLCORNER -39.07
DX 0.099491525
DY 0.099347826
NODATA_VALUE -9999
[rows 46 to 68 of 92, columns 53 to 105 of 118]
-0.034203463 -0.045150221 -0.038449111 -0.031748002 -0.025046892 -0.015907002 -0.0044743596 -0.0058113726 -0.015825905 -0.025840438 -0.035854971 -0.043018092 -0.049817272 -0.042966615 -0.035646933 -0.028327251 -0.0217237 -0.016611463 -0.012333246 -0.0091222493 -0.013400391 -0.022943102 -0.032485813 -0.041820452 -0.032572621 -0.02332479 -0.014076958 -0.01318612 -0.020613632 -0.019491261 -0.014418695 -0.0093072392 -0.0041898082 0.00092762292 0.0022339227 -0.0033270904 -0.0088881035 -0.014449117 -0.0071017302 0.0020255016 -0.0068163688 -0.013449984 -0.014439242 -0.0154285 -0.016417758 -0.016497932 -0.016481287 -0.016464641 -0.013669554 -0.0076135811 -0.0088340973 -0.013523531 -0.018212964
-0.023901565 -0.033727758 -0.027026648 -0.020325538 -0.013624429 -0.0069233193 0.0013186755 -1.8337488e-05 -0.01003287 -0.020047403 -0.030061936 -0.040076468 -0.047849762 -0.040999105 -0.033679423 -0.026359741 -0.019040059 -0.012064504 -0.0077862864 -0.013942752 -0.023485463 -0.033028174 -0.042570886 -0.051905524 -0.042657693 -0.033409862 -0.024162031 -0.0149142 -0.011921754 -0.010799383 -0.005682273 -0.00056484193 0.0045525892 0.0096700202 0.01097632 0.0054153069 -0.00014570618 -0.0057067193 -0.011267732 -0.0063932754 -0.01237089 -0.013360148 -0.014349406 -0.015338664 -0.016327922 -0.016408096 -0.016391451 -0.016374805 -0.016358159 -0.014195903 -0.015416419 -0.020105853 -0.024795286
-0.030035405 -0.028831233 -0.022130124 -0.015429014 -0.0087279046 -0.0020267951 0.0041036309 0.004681439 -0.0053330937 -0.015347626 -0.025362159 -0.035376692 -0.045391224 -0.038647381 -0.031327699 -0.024008017 -0.016688335 -0.0093686531 -0.00954629 -0.019089001 -0.028631712 -0.038174424 -0.047717135 -0.052110979 -0.052667072 -0.043419241 -0.034171409 -0.024923578 -0.015675747 -0.0092530534 -0.0041356223 0.00098180876 0.0060992398 0.011216671 0.019652351 0.014460053 0.0088990397 0.0033380266 -0.0022229865 -0.0076477037 -0.0086369616 -0.0096262195 -0.010615477 -0.011604735 -0.014945698 -0.015690016 -0.01567337 -0.015656724 -0.015640079 -0.014902481 -0.016177661 -0.020867094 -0.025556528
-0.031272826 -0.034305961 -0.027604851 -0.020903742 -0.014202632 -0.0099104818 -0.010785297 -0.0085486728 -0.0041976952 -0.012385295 -0.022399828 -0.03241436 -0.042428893 -0.03568505 -0.028365368 -0.021045686 -0.013753762 -0.0066468111 -0.0068435876 -0.016386299 -0.02592901 -0.035471721 -0.037482896 -0.035981086 -0.048856791 -0.053308323 -0.044060492 -0.034812661 -0.02556483 -0.019142136 -0.014024705 -0.0089072738 -0.0037898428 0.013883668 0.02472174 0.022949476 0.018424288 0.012863275 0.0073022623 0.0018775451 0.00088828719 -0.0001009707 -0.0010902286 -0.005339901 -0.013229189 -0.013973506 -0.01395686 -0.013940215 -0.012299303 -0.0064126575 -0.0076878372 -0.012377271 -0.017066704
-0.036747553 -0.039780688 -0.033079579 -0.026378469 -0.023924595 -0.024799409 -0.025674224 -0.0234376 -0.019086623 -0.014735645 -0.019437496 -0.029452029 -0.039466562 -0.032722718 -0.025403036 -0.018158011 -0.01105106 -0.0039441087 -0.0041408851 -0.013683596 -0.023226308 -0.023015802 -0.021353004 -0.019851194 -0.032726899 -0.045602604 -0.053949575 -0.044701744 -0.035453912 -0.029031219 -0.023913788 -0.016719724 0.0011166661 0.018953056 0.029791128 0.028018865 0.026246602 0.022388524 0.016827511 0.011402794 0.010413536 0.0094242781 0.0042658965 -0.0036233913 -0.011512679 -0.012256996 -0.012240351 -0.0096961252 -0.0038094795 0.0020771662 0.00080198647 -0.0038874471 -0.0093279477
-0.042222281 -0.045255416 -0.038554306 -0.037938707 -0.038813522 -0.039688337 -0.040563152 -0.038326528 -0.03397555 -0.029624573 -0.025273595 -0.026489698 -0.03650423 -0.029760387 -0.022562259 -0.015455308 -0.0083483573 -0.0012414063 -0.0014381827 -0.010211506 -0.0085487078 -0.0068859096 -0.0052231114 -0.0037213018 -0.016597007 -0.029472712 -0.042348417 -0.054590826 -0.045342995 -0.038920301 -0.029486726 -0.011650336 0.0061860545 0.024022445 0.034860516 0.033088253 0.03131599 0.029543727 0.02635276 0.020928043 0.019938785 0.013871694 0.0059824062 -0.0019068816 -0.0097961694 -0.010540487 -0.0070929473 -0.0012063016 0.0046803441 0.01056699 0.0092918101 0.0035763647 -0.003623837
-0.047697008 -0.051078005 -0.05195282 -0.052827635 -0.05370245 -0.054577264 -0.055452079 -0.053215455 -0.048864478 -0.0445135 -0.040162523 -0.035811545 -0.033541899 -0.026966508 -0.019859557 -0.012752606 -0.0056456548 0.0014612962 0.0042555881 0.0059183863 0.0075811845 0.0092439827 0.010906781 0.01240859 -0.00046711468 -0.01334282 -0.026218525 -0.03909423 -0.051969935 -0.042253728 -0.024417337 -0.0065809473 0.011255443 0.029091833 0.039929905 0.038157642 0.036385378 0.034613115 0.032840852 0.030453291 0.023477491 0.015588204 0.0076989158 -0.00019037198 -0.0080796598 -0.0044897693 0.0013968764 0.0072835221 0.013170168 0.019056814 0.016480677 0.0092804753 0.0020802736
-0.048345048 -0.041624427 -0.042499242 -0.043374057 -0.044248872 -0.045123687 -0.053321703 -0.051429088 -0.043850429 -0.039499451 -0.035148473 -0.030797496 -0.026446518 -0.01943112 -0.012324169 -0.0052172179 0.0018897331 0.00015226591 -0.0058871258 -0.0042243276 -0.0025615294 -0.00089873127 0.00095321594 0.014718023 0.00381295 -0.0090627552 -0.02193846 -0.034814165 -0.047689871 -0.039558921 -0.021722531 -0.0038861408 0.013950249 0.030468247 0.03723228 0.032643899 0.030871636 0.029099373 0.02732711 0.025372482 0.017483194 0.0095939066 0.0017046188 -0.006184669 -0.0040793275 0.0016102474 0.0074968931 0.013383539 0.019270185 0.020030398 0.014485937 0.0072857355 8.5533852e-05
-0.034818841 -0.028098221 -0.028973036 -0.02984785 -0.030722665 -0.041400456 -0.053775248 -0.051882633 -0.040294712 -0.031155529 -0.026804552 -0.022453574 -0.018102597 -0.011087198 -0.0039802473 0.0031267037 -0.0023274388 -0.014385993 -0.020425384 -0.018762586 -0.017099788 -0.01311619 0.00092427549 0.014689082 0.0038354957 -0.0070180912 -0.019640934 -0.032516639 -0.045392344 -0.037261395 -0.019425005 -0.0015886144 0.014350041 0.028337236 0.035101269 0.028849823 0.023587281 0.021815018 0.020042754 0.018088127 0.010198839 0.0023095512 -0.0055797366 -0.0022183404 0.001620862 0.0073104369 0.013197083 0.019083728 0.018818937 0.0167476 0.01120314 0.0040029378 -0.0031972639
-0.021292635 -0.014572014 -0.015446829 -0.017104418 -0.029479209 -0.041854001 -0.054228792 -0.052336177 -0.040748257 -0.029160337 -0.01846063 -0.014109653 -0.009758675 -0.0027432768 0.0043636742 -0.0048071436 -0.016865697 -0.028924251 -0.034963643 -0.033300845 -0.027185595 -0.01314513 0.00089533503 0.014660142 0.0038065552 -0.0070470316 -0.017900618 -0.030219113 -0.043094818 -0.034963868 -0.017127478 -0.001768164 0.01221903 0.026206225 0.032970259 0.026718812 0.020467365 0.014530662 0.012758399 0.010803771 0.0029144836 -0.0041965556 -0.00035735325 0.0034818491 0.0073210515 0.013010626 0.018897272 0.017607477 0.01553614 0.013464803 0.0079203418 0.00072014008 -0.0014703444
-0.0077664281 -0.0010458079 -0.0051831707 -0.017557962 -0.029932754 -0.042307545 -0.054682337 -0.052789721 -0.041201801 -0.029613881 -0.018025961 -0.006438041 -0.0014147535 0.0047717055 -0.0072868483 -0.019345402 -0.031403956 -0.04346251 -0.049501901 -0.041255001 -0.027214536 -0.013174071 0.00086639458 0.014631202 0.0037776148 -0.0070759721 -0.017929559 -0.028783146 -0.040797291 -0.032666342 -0.017886369 -0.0038991749 0.01008802 0.024075214 0.030839248 0.024587801 0.018336354 0.012084907 0.0058334607 0.003519416 -0.0023355685 0.0015036339 0.0053428363 0.0091820386 0.013021241 0.018467353 0.016396016 0.014324679 0.012253342 0.010182005 0.004637544 0.0030157311 0.0024754921
-0.0016205965 0.0049893391 -0.0067535977 -0.019128389 -0.031503181 -0.043877972 -0.056252764 -0.058625948 -0.047038028 -0.035450108 -0.023862188 -0.012274268 -0.00068634794 -0.0041604715 -0.016219025 -0.028277579 -0.040336133 -0.052394687 -0.053004352 -0.038963887 -0.024923422 -0.010882957 0.0031575085 0.013163597 0.0047901787 -0.0060634082 -0.016916995 -0.027770582 -0.038624169 -0.032487 -0.018499805 -0.0045126108 0.0094745837 0.023461778 0.028535212 0.022283765 0.016032318 0.0097808716 0.0035294248 -0.0024211934 0.001418009 0.0052572114 0.0090964138 0.012935616 0.016419095 0.012855834 0.010784497 0.0087131595 0.0066418225 0.0045704855 0.0038875153 0.0033472763 0.0028070373
-0.020682133 -0.014072197 -0.015441094 -0.024513483 -0.036888274 -0.049263066 -0.061637857 -0.068770043 -0.071258587 -0.059670667 -0.048082747 -0.036494826 -0.024906906 -0.0089018051 -0.006003861 -0.018062415 -0.030120969 -0.042179522 -0.042789188 -0.028748723 -0.014708258 -0.00066779243 0.0065239432 0.0063072724 0.0051691269 -0.0014936289 -0.012347216 -0.023200803 -0.034054389 -0.02791722 -0.013930026 5.7168466e-05 0.014044363 0.015296196 0.015235015 0.01856892 0.013137323 0.0068858759 0.00063442918 -0.005316189 -0.0014769866 0.0023622158 0.0062014182 0.0093921934 0.011008833 0.0029053762 -0.0027806764 -0.0048520134 -0.0069233505 -0.0089946875 -0.0090818102 -0.0086656421 -0.0092058811
-0.039743669 -0.033133733 -0.03450263 -0.035871527 -0.042273368 -0.05464816 -0.067022951 -0.074155137 -0.077724751 -0.081294364 -0.072303305 -0.060715385 -0.049127465 -0.033122364 -0.016965483 -0.0078472505 -0.019905804 -0.031964358 -0.032574024 -0.018533559 -0.0044930933 -0.00012602869 -0.00033238148 -0.00054905225 -0.0016871978 -0.0028253433 -0.0077774365 -0.018631023 -0.02948461 -0.023347441 -0.0093602467 0.0046269477 0.0030734329 0.001128092 0.0010669112 0.0044008159 0.0077347206 0.0039908803 -0.0022605665 -0.0082111847 -0.0043719823 -0.00053277989 0.0023652918 0.0039819316 0.0055985713 -0.0025048856 -0.011643565 -0.018417186 -0.020488523 -0.02255986 -0.022646983 -0.021788172 -0.021218799
-0.058805205 -0.05219527 -0.053564166 -0.054933063 -0.05630196 -0.060033253 -0.072408045 -0.07954023 -0.083109844 -0.086679458 -0.090249072 -0.084935943 -0.073348023 -0.057342922 -0.041186041 -0.02502916 -0.0096906401 -0.021749194 -0.022358859 -0.0083183943 -0.0067760005 -0.0069823533 -0.0071887061 -0.0074053769 -0.0085435224 -0.0096816679 -0.010819813 -0.014061244 -0.024914831 -0.018777662 -0.0072039892 -0.0091493301 -0.011094671 -0.013040012 -0.013101193 -0.009767288 -0.0064333833 -0.0030994786 -0.0051555621 -0.01110618 -0.0072669779 -0.0046616098 -0.00304497 -0.0014283303 0.00018830947 -0.0079151474 -0.017053827 -0.026192506 -0.034053696 -0.036125033 -0.036212156 -0.035353345 -0.034494534
-0.069226766 -0.071256806 -0.072625703 -0.073994599 -0.075363496 -0.076732393 -0.07810129 -0.084925324 -0.088494938 -0.092064552 -0.095634166 -0.099203779 -0.097568582 -0.081563481 -0.065406599 -0.049249718 -0.033092837 -0.016935956 -0.01321962 -0.013425972 -0.013632325 -0.013838678 -0.014045031 -0.014261702 -0.015399847 -0.016537993 -0.017676138 -0.018814284 -0.020345052 -0.019426752 -0.021372093 -0.023317434 -0.025262775 -0.027208116 -0.027269297 -0.023935392 -0.020601487 -0.017267582 -0.013933678 -0.014001176 -0.011688511 -0.010071872 -0.0084552319 -0.0068385921 -0.0052219524 -0.013325409 -0.022464089 -0.031602768 -0.040741447 -0.049690206 -0.049777329 -0.048918518 -0.048059707
-0.063558934 -0.07141607 -0.066135692 -0.067504589 -0.068873485 -0.070242382 -0.071611279 -0.083069661 -0.090629947 -0.094199561 -0.097769174 -0.10133879 -0.1049084 -0.084075264 -0.067918383 -0.051761501 -0.03560462 -0.019447739 -0.010468938 -0.010675291 -0.010881644 -0.011087996 -0.011294349 -0.018982801 -0.017443744 -0.01858189 -0.019720035 -0.020858181 -0.021996326 -0.023686583 -0.025631923 -0.027577264 -0.029522605 -0.030661237 -0.027471029 -0.023731453 -0.020397548 -0.017063643 -0.013729738 -0.01044703 -0.0088303901 -0.0072137503 -0.0055971106 -0.0039804709 -0.0079968544 -0.0095822581 -0.018720937 -0.027859617 -0.036998296 -0.046136975 -0.052029639 -0.051670847 -0.050812036
-0.058827549 -0.066684685 -0.05769687 -0.049903465 -0.051272362 -0.052641259 -0.054010156 -0.065468538 -0.083783151 -0.094921267 -0.098490881 -0.1020605 -0.10563011 -0.084068617 -0.061643589 -0.044833205 -0.028676324 -0.012519443 -0.0035406413 -0.0037469941 -0.0039533469 -0.0045593989 -0.013756653 -0.022828004 -0.020655147 -0.018533099 -0.019671245 -0.02080939 -0.021947536 -0.023637792 -0.025583133 -0.027528474 -0.02786256 -0.025238612 -0.022048404 -0.017837847 -0.013943913 -0.010610008 -0.0072761036 -0.0039933951 -0.0023767553 -0.00076011556 0.00085652418 -0.0042311703 -0.010749231 -0.01143073 -0.011490616 -0.020136096 -0.029274775 -0.038413454 -0.044306119 -0.048651311 -0.04886239
-0.054096164 -0.0619533 -0.052965485 -0.043977669 -0.034989853 -0.035040136 -0.036409033 -0.047867415 -0.066182028 -0.084496641 -0.099212588 -0.1027822 -0.10635182 -0.084790323 -0.062365295 -0.039940267 -0.021748027 -0.0055911462 0.0033876553 0.0031813025 0.00079265321 -0.0084046013 -0.017601856 -0.026673206 -0.024500349 -0.022327492 -0.020154634 -0.020760599 -0.021898745 -0.023589001 -0.025534342 -0.025063883 -0.022439935 -0.019815987 -0.016625779 -0.012415222 -0.0082046658 -0.0041563735 -0.00082246883 0.0024602397 0.0040768795 0.0056935192 -0.00046548613 -0.0069835466 -0.013501607 -0.014183106 -0.014242993 -0.014302879 -0.021551254 -0.030689934 -0.036582598 -0.040927791 -0.045272984
-0.049364779 -0.057221915 -0.0482341 -0.039246284 -0.030258468 -0.021270653 -0.018807909 -0.030266291 -0.048580905 -0.066895518 -0.085210131 -0.10350391 -0.10707352 -0.08551203 -0.063087002 -0.040661974 -0.018236946 0.0013371505 0.010315952 0.0061447053 -0.0030525492 -0.012249804 -0.021447058 -0.030518409 -0.028345551 -0.026172694 -0.023999837 -0.021826979 -0.021849954 -0.02354021 -0.022265206 -0.019641258 -0.01701731 -0.014393361 -0.011203154 -0.0069925971 -0.0027820407 0.0014285157 0.0056311659 0.0089138745 0.0098182585 0.003300198 -0.0032178625 -0.0097359229 -0.016253983 -0.016935483 -0.016995369 -0.017055255 -0.017115141 -0.022966413 -0.028859077 -0.03320427 -0.037549463
-0.054095528 -0.052113537 -0.043125721 -0.034137905 -0.02515009 -0.016162274 -0.0071744585 -0.010338829 -0.028653442 -0.046968056 -0.065282669 -0.083597282 -0.1019119 -0.080840228 -0.0584152 -0.035990172 -0.013565144 0.008859884 0.011730692 0.0025334377 -0.0066638168 -0.015861071 -0.025058326 -0.032320675 -0.031696534 -0.029523677 -0.027350819 -0.025177962 -0.023005105 -0.020523707 -0.017899759 -0.015275811 -0.012651863 -0.010027915 -0.0087191633 -0.0045086068 -0.00029805036 0.0039125061 0.0081230625 0.012013771 0.0054957104 -0.00102235 -0.0075404105 -0.014058471 -0.019567186 -0.019206168 -0.019266054 -0.01932594 -0.019385826 -0.019445713 -0.022709128 -0.027054321 -0.031399514
-0.049181533 -0.045130047 -0.036142231 -0.027154416 -0.0181666 -0.0093722005 -0.0045834601 0.0006956803 0.0028448963 -0.015469717 -0.03378433 -0.052098943 -0.070413556 -0.04934189 -0.026916862 -0.0044918335 0.017933195 0.016342658 0.0092829826 8.5728052e-05 -0.0091115265 -0.018308781 -0.023620445 -0.023410279 -0.029572935 -0.030416483 -0.028243625 -0.026070768 -0.023897911 -0.021416513 -0.018792565 -0.016168617 -0.013544669 -0.014132706 -0.015612865 -0.016558222 -0.012430407 -0.0082198504 -0.004009294 -0.00011858559 -0.0066366461 -0.013154707 -0.019672767 -0.023755063 -0.019442008 -0.019080989 -0.019140876 -0.019200762 -0.019298463 -0.020919983 -0.024385899 -0.028731091 -0.033076284
-0.042198043 -0.038146557 -0.029158741 -0.020170926 -0.01239542 -0.0076066792 -0.0028179389 0.0024612016 0.0080735896 0.013685978 -0.0022859914 -0.020600605 -0.038915218 -0.017843551 0.0045814771 0.024673317 0.019284133 0.013894948 0.0068352729 -0.0023619816 -0.011559236 -0.014991573 -0.014710049 -0.014499883 -0.020662538 -0.026825194 -0.029136431 -0.026963574 -0.024790716 -0.022309319 -0.019685371 -0.017061423 -0.018424357 -0.020201313 -0.021681472 -0.022626829 -0.023572186 -0.020352207 -0.016141651 -0.012250942 -0.018769003 -0.025287063 -0.02794294 -0.023629885 -0.01931683 -0.018955811 -0.019015697 -0.019353713 -0.020975233 -0.022596754 -0.026062669 -0.030407862 -0.034556637
