P2_models/J1_p2_vp_slide_diff2_220.dat.tif
NCOLS 118
NROWS 92
XLLCORNER 139.62
YLLCORNER -39.07
DX 0.099491525
DY 0.099347826
NODATA_VALUE -9999
[rows 24 to 47 of 92, columns 53 to 105 of 118]
-0.014830463 -0.014338561 -0.015487866 -0.016637171 -0.017786476 -0.01893578 -0.020085085 -0.020126547 -0.019415182 -0.018703818 -0.017992454 -0.017281089 -0.017140125 -0.018322308 -0.019652239 -0.020982169 -0.022312099 -0.02364203 -0.022523422 -0.015649479 -0.0087755355 -0.0019015923 0.0049723509 0.011660091 0.0017184471 -0.0082231967 -0.01816484 -0.028106484 -0.038048128 -0.041770994 -0.045112595 -0.048454196 -0.051795798 -0.055137399 -0.059169539 -0.064445969 -0.069722399 -0.074998829 -0.080275259 -0.0859379 -0.078190456 -0.069919589 -0.061648722 -0.053377855 -0.045106988 -0.045965494 -0.048952918 -0.051940342 -0.054927767 -0.057915191 -0.061444661 -0.066254479 -0.071064298
-0.010542423 -0.012691128 -0.017148863 -0.018298167 -0.019447472 -0.020596777 -0.021746082 -0.020912207 -0.019608342 -0.018896978 -0.018185614 -0.017474249 -0.016762885 -0.017043727 -0.018359644 -0.019689574 -0.021019504 -0.022349435 -0.020080562 -0.013206619 -0.0063326754 0.00054126777 0.007415211 0.0013095489 -0.0088778702 -0.018819514 -0.028761158 -0.038702801 -0.048644445 -0.05407175 -0.057413351 -0.060754952 -0.064096553 -0.063784989 -0.055005008 -0.051996607 -0.057273037 -0.062549467 -0.067825897 -0.072698446 -0.064427579 -0.056156712 -0.047885845 -0.039614978 -0.042034408 -0.054549978 -0.057778908 -0.060766332 -0.063753756 -0.066741181 -0.06400104 -0.066608054 -0.071417872
-0.0065034051 -0.0086521103 -0.014073688 -0.019342165 -0.02049147 -0.021640775 -0.022790079 -0.021956204 -0.019774675 -0.01819182 -0.017480455 -0.016769091 -0.016057727 -0.016338569 -0.016653505 -0.017798372 -0.019128302 -0.020458232 -0.01818936 -0.011315416 -0.0044414733 0.00082351385 -0.0055877937 -0.012041108 -0.022245935 -0.032450762 -0.042408167 -0.052349811 -0.062291454 -0.067718759 -0.07106036 -0.074401962 -0.072564992 -0.063803167 -0.055023187 -0.04621049 -0.041426425 -0.046702854 -0.051979284 -0.056851834 -0.048580967 -0.0403101 -0.032039233 -0.035557109 -0.04043512 -0.052950689 -0.066279684 -0.070592255 -0.073579679 -0.076567103 -0.073826962 -0.068356321 -0.070322932
-0.0024643875 -0.0046130928 -0.01003467 -0.015456248 -0.020877825 -0.022684772 -0.023834077 -0.023000202 -0.020818673 -0.018637143 -0.016775297 -0.016063933 -0.015352568 -0.015633411 -0.015948347 -0.016263283 -0.0172371 -0.01856703 -0.016298158 -0.0094242143 -0.0061158354 -0.012527143 -0.018938451 -0.025391765 -0.035596592 -0.045801419 -0.056006246 -0.06599682 -0.075938464 -0.081365768 -0.08470737 -0.081344995 -0.07258317 -0.063821346 -0.055041365 -0.046228669 -0.037415972 -0.030856242 -0.036132672 -0.041005221 -0.032734354 -0.024463487 -0.029079809 -0.03395782 -0.038835831 -0.0513514 -0.064680395 -0.078009389 -0.083405602 -0.086393026 -0.083652885 -0.078182244 -0.072711603
0.00157463 -0.00057407518 -0.0059956527 -0.01141723 -0.016838808 -0.022260385 -0.024878075 -0.0240442 -0.02186267 -0.019681141 -0.017499612 -0.015358775 -0.01464741 -0.014928253 -0.015243189 -0.015558125 -0.01587306 -0.016675828 -0.014406955 -0.013055185 -0.019466492 -0.0258778 -0.032289107 -0.038742422 -0.048947249 -0.059152076 -0.069356903 -0.07956173 -0.089585473 -0.095012778 -0.090124998 -0.081363173 -0.072601349 -0.063839524 -0.055059544 -0.046246847 -0.037434151 -0.028621454 -0.020286059 -0.025158609 -0.017724499 -0.02260251 -0.027480521 -0.032358532 -0.037236543 -0.049752112 -0.063081106 -0.076410101 -0.089739095 -0.096218949 -0.093478808 -0.088008167 -0.082537526
-0.0036577939 0.0031212814 -0.002300296 -0.0077218735 -0.013143451 -0.018565028 -0.023986606 -0.025424097 -0.023242567 -0.021061038 -0.018879509 -0.016697979 -0.01451645 -0.016287579 -0.016602515 -0.016917451 -0.017232387 -0.017547322 -0.020536561 -0.026947869 -0.033359176 -0.039770484 -0.046181791 -0.050455936 -0.059058265 -0.069263092 -0.079467919 -0.089672746 -0.099877573 -0.097109469 -0.088347645 -0.07958582 -0.070823996 -0.062062172 -0.056261509 -0.047448813 -0.038636116 -0.02982342 -0.021010723 -0.012606182 -0.017484193 -0.022362204 -0.027240215 -0.032118226 -0.036912381 -0.048731552 -0.062060546 -0.075389541 -0.088718535 -0.10204753 -0.10146295 -0.095992309 -0.090521668
-0.01036504 -0.0029802839 -0.0020363581 -0.006855645 -0.012277223 -0.0176988 -0.023120377 -0.026522915 -0.027387697 -0.025206168 -0.023024638 -0.020843109 -0.01866158 -0.030650015 -0.034957343 -0.035272279 -0.035587214 -0.03590215 -0.038891389 -0.045302697 -0.051714004 -0.058125312 -0.059944528 -0.050169307 -0.045923272 -0.052704346 -0.062909173 -0.073114 -0.083318827 -0.080550723 -0.071788899 -0.063027074 -0.05426525 -0.050774467 -0.053206564 -0.058396098 -0.049583401 -0.040770705 -0.031958008 -0.023553467 -0.028431478 -0.033309489 -0.0381875 -0.042649833 -0.043555792 -0.053317009 -0.065804268 -0.079133263 -0.092462257 -0.10579125 -0.09942748 -0.088814323 -0.083343682
-0.017072287 -0.0096875304 -0.0087436046 -0.0077996787 -0.011410994 -0.016832572 -0.022254149 -0.025656687 -0.027687202 -0.029351297 -0.027169768 -0.024988238 -0.022806709 -0.034795144 -0.047270477 -0.053627106 -0.053942042 -0.054256978 -0.057246217 -0.063657525 -0.070068832 -0.069495031 -0.059657899 -0.049882678 -0.045636643 -0.041390607 -0.046350427 -0.056555254 -0.066760081 -0.063991977 -0.055230153 -0.046468328 -0.044075772 -0.044027904 -0.046460001 -0.053360771 -0.06026154 -0.05171799 -0.042905293 -0.034500752 -0.039378763 -0.044256774 -0.048387286 -0.049293244 -0.050199202 -0.059960419 -0.07066475 -0.082876985 -0.096205979 -0.10953497 -0.1031712 -0.087419305 -0.076165696
-0.023779533 -0.016394777 -0.015450851 -0.014506925 -0.013562999 -0.015966343 -0.02138792 -0.024790458 -0.026820974 -0.028851489 -0.030882005 -0.029133368 -0.026951839 -0.038940274 -0.051415607 -0.06389094 -0.07229687 -0.072611806 -0.075601045 -0.082012352 -0.079045535 -0.069208402 -0.05937127 -0.049596049 -0.045350014 -0.041103978 -0.036857943 -0.039996508 -0.050201335 -0.047433231 -0.038671407 -0.037377078 -0.03732921 -0.037281341 -0.039713438 -0.046614208 -0.053514977 -0.060415747 -0.053852578 -0.045448037 -0.050326048 -0.054124738 -0.055030696 -0.055936654 -0.056842612 -0.066603829 -0.077308161 -0.088012492 -0.099949701 -0.1132787 -0.10691492 -0.091163027 -0.075411131
-0.030131599 -0.023102024 -0.022158098 -0.021214172 -0.020270246 -0.01932632 -0.020521692 -0.02392423 -0.025954745 -0.027985261 -0.030015776 -0.032046292 -0.031096968 -0.043085403 -0.055560736 -0.068036069 -0.080511402 -0.090966634 -0.093955873 -0.088596038 -0.078758906 -0.068921773 -0.059084641 -0.04930942 -0.045063385 -0.040817349 -0.036571314 -0.032325278 -0.033642589 -0.030874485 -0.030678384 -0.030630515 -0.030582647 -0.030534778 -0.032966875 -0.039867645 -0.046768414 -0.053669184 -0.060569954 -0.056395322 -0.05986219 -0.060768148 -0.061674106 -0.062580064 -0.063486022 -0.073247239 -0.083951571 -0.094655902 -0.10536023 -0.11702242 -0.11065865 -0.094906749 -0.079154853
-0.028412308 -0.029203953 -0.028647202 -0.027703277 -0.026759351 -0.025815425 -0.024871499 -0.024854236 -0.026884751 -0.028915267 -0.030945782 -0.032976298 -0.035006813 -0.039723215 -0.052198548 -0.064673881 -0.077149213 -0.089624546 -0.092312043 -0.082474911 -0.072637778 -0.062800646 -0.052963513 -0.047706179 -0.045985083 -0.041739047 -0.037493012 -0.033246976 -0.029000941 -0.027626394 -0.027578526 -0.027530657 -0.027482789 -0.02743492 -0.028254023 -0.034524309 -0.041425078 -0.048325848 -0.055226618 -0.061948667 -0.062854625 -0.063760583 -0.064666541 -0.065572499 -0.066987693 -0.075697881 -0.086402212 -0.097106544 -0.10781088 -0.11851521 -0.1146598 -0.098907903 -0.083156007
-0.032537403 -0.033329047 -0.034033838 -0.033832605 -0.03288868 -0.031944754 -0.031000828 -0.030732313 -0.030922768 -0.032807758 -0.034838273 -0.036868789 -0.038899304 -0.035127169 -0.036454725 -0.048930058 -0.061405391 -0.073880724 -0.07656822 -0.066731088 -0.056893955 -0.047056823 -0.043515665 -0.043756455 -0.04547672 -0.04465361 -0.040407575 -0.036161539 -0.031915504 -0.030540957 -0.030493089 -0.03044522 -0.030397352 -0.033158045 -0.034599974 -0.0333522 -0.038396049 -0.045296819 -0.052197589 -0.058919638 -0.059825596 -0.060731554 -0.061637512 -0.063222267 -0.065711506 -0.073072561 -0.081937823 -0.092642155 -0.10334649 -0.11405082 -0.11238627 -0.10333363 -0.087581737
-0.036662497 -0.037454142 -0.038158933 -0.038863724 -0.039018009 -0.038074083 -0.037130157 -0.036861642 -0.037052097 -0.037242552 -0.038730764 -0.04076128 -0.042791795 -0.039019661 -0.03504814 -0.033186235 -0.045661568 -0.058136901 -0.060824397 -0.050987265 -0.041150133 -0.039341716 -0.039565941 -0.039806731 -0.041526996 -0.043247261 -0.043322138 -0.039076102 -0.034830067 -0.03345552 -0.033407652 -0.033634746 -0.036569371 -0.039503995 -0.040945924 -0.03969815 -0.038450376 -0.04226779 -0.04916856 -0.055890609 -0.056796567 -0.057702525 -0.05945684 -0.061946079 -0.064435318 -0.071796374 -0.079676294 -0.088177766 -0.098882097 -0.10958643 -0.10792188 -0.10036073 -0.092007466
-0.040787592 -0.041579236 -0.042284027 -0.042988818 -0.043693609 -0.044203412 -0.043259486 -0.042990971 -0.043181426 -0.043371881 -0.043562336 -0.044653771 -0.046684286 -0.042912152 -0.038940631 -0.03496911 -0.030997589 -0.042393078 -0.045080575 -0.035243442 -0.035167768 -0.035391992 -0.035616217 -0.035857007 -0.037577272 -0.039297537 -0.041017802 -0.041990665 -0.03774463 -0.036370083 -0.037046072 -0.039980697 -0.042915321 -0.045849946 -0.047291875 -0.046044101 -0.044796327 -0.043548553 -0.046139531 -0.05286158 -0.053767538 -0.055691414 -0.058180653 -0.060669892 -0.063159131 -0.070520186 -0.078400106 -0.086280027 -0.094417709 -0.10512204 -0.10345749 -0.095896336 -0.088335179
-0.047672971 -0.045704331 -0.046409122 -0.047113913 -0.047818703 -0.048523494 -0.049228285 -0.0491203 -0.049310755 -0.04950121 -0.049691665 -0.049882121 -0.050576777 -0.046804643 -0.042833122 -0.038861601 -0.03489008 -0.030918559 -0.030769595 -0.03099382 -0.031218044 -0.031442268 -0.031666493 -0.031907283 -0.033627548 -0.035347813 -0.037068078 -0.038788342 -0.040508607 -0.040457398 -0.043392023 -0.046326647 -0.049261272 -0.052195896 -0.053637825 -0.052390051 -0.051142277 -0.049894503 -0.048646729 -0.049832551 -0.051925987 -0.054415226 -0.056904465 -0.059393704 -0.061882943 -0.069243999 -0.077123919 -0.085003839 -0.092883759 -0.10076368 -0.098993104 -0.091431947 -0.08387079
-0.051733893 -0.056459464 -0.057164255 -0.057869046 -0.058573836 -0.059278627 -0.059408068 -0.058369474 -0.05804733 -0.058237785 -0.05842824 -0.058618695 -0.058809151 -0.05497589 -0.051004369 -0.047032848 -0.043061327 -0.037269093 -0.03204905 -0.032273274 -0.032497498 -0.032721723 -0.032945947 -0.029266254 -0.041561088 -0.043281353 -0.045001618 -0.046721882 -0.048442147 -0.050993018 -0.053927642 -0.056862267 -0.059796891 -0.061764259 -0.062941186 -0.065365556 -0.064117782 -0.062870008 -0.061622234 -0.06048587 -0.062975109 -0.065464348 -0.067953587 -0.070442826 -0.072498095 -0.079802013 -0.087681933 -0.095561853 -0.10344177 -0.10483605 -0.098238574 -0.090677417 -0.08311626
-0.064731396 -0.069456967 -0.070161758 -0.070866549 -0.07157134 -0.071454523 -0.071017294 -0.0699787 -0.068531453 -0.067856166 -0.068046622 -0.068237077 -0.068427532 -0.064594271 -0.06062275 -0.05665123 -0.049791796 -0.040317127 -0.035097084 -0.035321309 -0.035545533 -0.035495253 -0.031086304 -0.026883202 -0.041063748 -0.055233976 -0.056954241 -0.058674506 -0.060394771 -0.062945641 -0.065880265 -0.06881489 -0.070110244 -0.068579952 -0.069756879 -0.075811971 -0.079335493 -0.078087719 -0.076839945 -0.075703581 -0.07819282 -0.080682059 -0.083171298 -0.085162993 -0.087058599 -0.094362516 -0.10224244 -0.11012236 -0.10991228 -0.10533624 -0.098738768 -0.091177611 -0.083616454
-0.0777289 -0.082454471 -0.083159261 -0.083864052 -0.083500978 -0.083063749 -0.082626519 -0.081587925 -0.080140679 -0.078693432 -0.077665003 -0.077855458 -0.078045913 -0.074212652 -0.070241132 -0.062314499 -0.05283983 -0.043365162 -0.038145119 -0.038369343 -0.037521149 -0.033112201 -0.028703252 -0.02450015 -0.038680696 -0.052861242 -0.067041788 -0.070627129 -0.072347394 -0.074898264 -0.077832889 -0.078456229 -0.076925937 -0.075395645 -0.076572572 -0.082627664 -0.088682755 -0.09330543 -0.092057657 -0.090921293 -0.093410532 -0.095899771 -0.097827891 -0.099723497 -0.1016191 -0.10892302 -0.11680294 -0.11498851 -0.11041248 -0.10583644 -0.099238963 -0.091677806 -0.08334725
-0.090726403 -0.095451974 -0.095984663 -0.095547434 -0.095110204 -0.094672974 -0.094235744 -0.09319715 -0.091749904 -0.090302658 -0.088855411 -0.08747384 -0.087664295 -0.083831034 -0.074837202 -0.065362533 -0.055887865 -0.046413196 -0.041193153 -0.039547046 -0.035138097 -0.030729149 -0.0263202 -0.022117098 -0.036297644 -0.05047819 -0.064658736 -0.078839282 -0.084300017 -0.086850888 -0.086802214 -0.085271922 -0.08374163 -0.082211337 -0.083388265 -0.089443357 -0.095498448 -0.10155354 -0.10727537 -0.106139 -0.10859718 -0.11049279 -0.11238839 -0.114284 -0.11617961 -0.12348352 -0.12006474 -0.11548871 -0.11091267 -0.10633663 -0.099739158 -0.091304892 -0.082529142
-0.10232971 -0.10579608 -0.10535885 -0.10492162 -0.10448439 -0.10404716 -0.10360993 -0.1036547 -0.10220746 -0.10076021 -0.099312963 -0.097865716 -0.09641847 -0.08726647 -0.077791802 -0.068317133 -0.058842465 -0.049367796 -0.042115313 -0.037706365 -0.033297416 -0.028888468 -0.024479519 -0.02014599 -0.03287218 -0.047052726 -0.061233272 -0.075413818 -0.089594364 -0.09302891 -0.091498618 -0.089968326 -0.088438033 -0.086907741 -0.089000528 -0.09505562 -0.10111071 -0.1071658 -0.1132209 -0.11915198 -0.12104759 -0.12294319 -0.1248388 -0.12673441 -0.12864329 -0.12345205 -0.11887602 -0.11429998 -0.10972394 -0.10514791 -0.099138146 -0.090362396 -0.081586647
-0.10341788 -0.10627384 -0.098632888 -0.09743904 -0.09700181 -0.096564581 -0.096127351 -0.099719844 -0.10397902 -0.10253177 -0.10108452 -0.099637278 -0.098190032 -0.089377796 -0.080041713 -0.070567044 -0.061092376 -0.051617708 -0.044365225 -0.039956276 -0.035547328 -0.031138379 -0.026735847 -0.022421055 -0.02455712 -0.035765333 -0.049945879 -0.064126425 -0.078306971 -0.081741518 -0.080211225 -0.078680933 -0.077150641 -0.076334913 -0.08032414 -0.091591551 -0.097646643 -0.10370174 -0.10975683 -0.11568791 -0.11758352 -0.11947913 -0.12137473 -0.12331986 -0.12564932 -0.11279467 -0.10494935 -0.10037332 -0.095797281 -0.091221245 -0.091480172 -0.088481763 -0.079706014
-0.10450606 -0.10736201 -0.099721064 -0.092080115 -0.089519228 -0.089081998 -0.088644769 -0.092237261 -0.09856812 -0.10430333 -0.10285609 -0.10140884 -0.099961594 -0.091149358 -0.082084052 -0.072816956 -0.063342287 -0.053867619 -0.046615136 -0.042206187 -0.037797239 -0.033397936 -0.029010912 -0.024696121 -0.026832185 -0.028968249 -0.038658486 -0.052839032 -0.067019578 -0.070454125 -0.068923833 -0.06739354 -0.066724306 -0.066356375 -0.070345602 -0.082186032 -0.094026462 -0.10023767 -0.10629276 -0.11222385 -0.11411945 -0.11601506 -0.11799643 -0.12032589 -0.12265536 -0.10980071 -0.095328904 -0.086446655 -0.081870619 -0.077294582 -0.077553509 -0.080117406 -0.077825381
-0.10559423 -0.10845019 -0.10080924 -0.093168291 -0.085527341 -0.081599416 -0.081162186 -0.084754679 -0.091085538 -0.097416397 -0.10374726 -0.1031804 -0.10173316 -0.09292092 -0.083855614 -0.074790308 -0.065592198 -0.05611753 -0.048865047 -0.044456099 -0.040060025 -0.035673001 -0.031285978 -0.026971186 -0.02910725 -0.031243314 -0.033379379 -0.04155164 -0.055732186 -0.059166732 -0.05763644 -0.057113699 -0.056745768 -0.056377837 -0.060367064 -0.072207494 -0.084047924 -0.095888354 -0.10282869 -0.10875978 -0.11065538 -0.112673 -0.11500246 -0.11733193 -0.1196614 -0.10680675 -0.092334941 -0.077863133 -0.067943956 -0.06336792 -0.063626846 -0.066190743 -0.06875464
-0.10663699 -0.10953836 -0.10189742 -0.094256466 -0.086615517 -0.078974568 -0.073679604 -0.077272097 -0.083602956 -0.089933814 -0.096264673 -0.10259553 -0.10350472 -0.094692482 -0.085627176 -0.07656187 -0.067496564 -0.058367441 -0.051114958 -0.046722113 -0.04233509 -0.037948066 -0.033561043 -0.029246251 -0.031382315 -0.03351838 -0.035654444 -0.037790508 -0.044444793 -0.04787934 -0.047503092 -0.047135161 -0.04676723 -0.046399299 -0.050388526 -0.062228956 -0.074069386 -0.085909816 -0.097750246 -0.10529571 -0.10734957 -0.10967903 -0.1120085 -0.11433797 -0.11666744 -0.10381279 -0.089340978 -0.07486917 -0.060397363 -0.049441257 -0.049700184 -0.05226408 -0.054827977
