P2_models/J1_p2_tot_conduct_slide_81.29.dat.tif
NCOLS 118
NROWS 92
XLLCORNER 139.62
YLLCORNER -39.07
DX 0.099491525
DY 0.099347826
NODATA_VALUE -9999
[rows 52 to 77 of 92, columns 57 to 113 of 118]
-2.6258768 -2.7153395 -2.8037764 -2.8891721 -2.967718 -3.0392894 -3.1021262 -3.1705197 -3.2383787 -3.2836988 -3.3151732 -3.2785184 -3.2464183 -3.2243091 -3.1828025 -3.1164748 -3.0163036 -2.8947028 -2.7296616 -2.5524818 -2.3479714 -2.1474247 -1.9484417 -1.7706913 -1.6185278 -1.5203614 -1.4434935 -1.425518 -1.4195923 -1.4775513 -1.5506969 -1.6501884 -1.7606029 -1.8834758 -1.9876048 -2.087538 -2.1811771 -2.2568567 -2.327086 -2.3865626 -2.4380767 -2.4914094 -2.5484114 -2.6420505 -2.7353299 -2.8231165 -2.9148663 -3.0107999 -3.1467938 -3.2610867 -3.3196112 -3.3514407 -3.3702286 -3.2253149 -3.0915019 -2.9978628 -2.8236155
-2.6986282 -2.7686393 -2.8354956 -2.9055724 -2.9753122 -3.0287244 -3.0846461 -3.1459027 -3.2112001 -3.2508338 -3.2839585 -3.256292 -3.2232426 -3.2011334 -3.1572021 -3.0879798 -2.98338 -2.8599392 -2.6929995 -2.5157584 -2.30599 -2.1025955 -1.9036124 -1.718418 -1.5602121 -1.4554173 -1.3764963 -1.3571366 -1.3506455 -1.4107256 -1.4896075 -1.5924457 -1.7143749 -1.8436179 -1.965428 -2.0726765 -2.18175 -2.2678716 -2.3503053 -2.4296074 -2.4874846 -2.5425073 -2.6019611 -2.7003662 -2.791747 -2.8726737 -2.9487555 -3.038326 -3.163128 -3.2717253 -3.3236889 -3.3438136 -3.3583594 -3.2127777 -3.0780155 -2.9781147 -2.7921625
-2.7704529 -2.8103445 -2.8600903 -2.9047301 -2.9623304 -3.0156809 -3.057572 -3.1125059 -3.1733063 -3.2143624 -3.2477817 -3.2264314 -3.2012589 -3.1791497 -3.1352184 -3.0633634 -2.9534547 -2.8263267 -2.6583935 -2.479522 -2.2694844 -2.0616783 -1.8626953 -1.6791313 -1.5152629 -1.4067692 -1.3238596 -1.3054383 -1.299331 -1.3637079 -1.4442203 -1.5492391 -1.6736683 -1.814127 -1.9436549 -2.0652944 -2.1794028 -2.2849611 -2.3786002 -2.453011 -2.5232403 -2.5799529 -2.6454935 -2.7568331 -2.8472917 -2.9233735 -2.9978248 -3.0739065 -3.128271 -3.2246955 -3.271515 -3.281857 -3.2877095 -3.1903728 -3.0516923 -2.9463483 -2.7603962
-2.7935326 -2.8127263 -2.8237809 -2.856067 -2.8828522 -2.9440431 -3.0045865 -3.0568618 -3.1136976 -3.1584669 -3.1947962 -3.2000326 -3.1880125 -3.1659033 -3.121972 -3.050117 -2.9365106 -2.7998339 -2.6291132 -2.4464061 -2.2363684 -2.0285624 -1.8295793 -1.646683 -1.4886671 -1.3802765 -1.2973669 -1.2821503 -1.2794615 -1.3438383 -1.424693 -1.5352391 -1.660422 -1.8008806 -1.9394297 -2.0719176 -2.1948189 -2.3044317 -2.3805135 -2.453011 -2.5232403 -2.5799529 -2.6454935 -2.8093619 -2.9201468 -2.9962285 -3.0683472 -3.1401384 -3.0100468 -3.010942 -3.0284993 -3.0346159 -3.0360283 -3.0656791 -2.9987068 -2.8933628 -2.7074107
-2.8265471 -2.7998423 -2.7976945 -2.8065743 -2.8166014 -2.859688 -2.9077097 -2.9514068 -3.0055044 -3.0503106 -3.0930425 -3.1001557 -3.1064908 -3.0879299 -3.0502039 -2.9783489 -2.8647425 -2.7382101 -2.5667364 -2.3937829 -2.1851412 -1.9905696 -1.7946265 -1.6230401 -1.4701816 -1.3635373 -1.2848125 -1.270288 -1.2742223 -1.3397123 -1.4243307 -1.5348768 -1.6650114 -1.8071415 -1.9456905 -2.0882944 -2.2111957 -2.3190621 -2.3977525 -2.4725182 -2.5427475 -2.5945834 -2.660124 -2.8239923 -2.9539874 -3.0270816 -3.097311 -3.1628479 -3.0275106 -2.946326 -2.9610454 -2.9651232 -2.9651232 -2.9846863 -2.9701054 -2.8593846 -2.6690556
-2.7946775 -2.749291 -2.732709 -2.72 -2.72 -2.7442244 -2.7861155 -2.8298126 -2.8740311 -2.9235932 -2.9696258 -2.9866847 -2.9985 -2.9877053 -2.9544793 -2.8826243 -2.7824557 -2.660855 -2.4984492 -2.3300414 -2.1409021 -1.9530254 -1.7666337 -1.5995474 -1.4532363 -1.3570716 -1.2796893 -1.273 -1.2776062 -1.3478355 -1.4369539 -1.5475 -1.6776346 -1.8239457 -1.9665744 -2.1098385 -2.2340653 -2.3438111 -2.4257453 -2.497511 -2.5677403 -2.6194576 -2.6799935 -2.8438619 -2.9715987 -3.041828 -3.1005942 -3.1649711 -3.0284883 -2.9412173 -2.9529222 -2.9555 -2.9555 -2.97009 -2.9433175 -2.8262687 -2.6137836
-2.7292681 -2.6727542 -2.6285357 -2.607558 -2.5875362 -2.605489 -2.6337822 -2.6774793 -2.7216977 -2.7712599 -2.8172924 -2.8434744 -2.859413 -2.859413 -2.8314127 -2.7761396 -2.6804433 -2.5681304 -2.4110387 -2.2505632 -2.0736893 -1.8934167 -1.7275975 -1.5688257 -1.4399899 -1.3483864 -1.2796893 -1.2796704 -1.2908526 -1.3654413 -1.4577688 -1.5793696 -1.7107505 -1.8570616 -1.9965529 -2.1363312 -2.265085 -2.3769245 -2.4530062 -2.5219195 -2.5876098 -2.6393272 -2.6998631 -2.8637315 -2.990324 -3.042996 -3.095668 -3.1517247 -3.015242 -2.927971 -2.9396759 -2.9399401 -2.9356304 -2.9414938 -2.910037 -2.7812832 -2.5609293
-2.6297029 -2.5529827 -2.4987241 -2.4621268 -2.437924 -2.4421122 -2.4659825 -2.5061604 -2.5503789 -2.6046874 -2.6540206 -2.6958875 -2.7169498 -2.7203261 -2.7009287 -2.6502991 -2.5637124 -2.4544334 -2.3030822 -2.161837 -2.0037038 -1.8324091 -1.6774816 -1.5354095 -1.4164488 -1.345516 -1.2830515 -1.2939096 -1.3092292 -1.3872763 -1.4891038 -1.6134783 -1.7518182 -1.8996703 -2.0391615 -2.1768886 -2.3010705 -2.41291 -2.4914699 -2.5626514 -2.6270282 -2.6734359 -2.7306517 -2.8693619 -2.990324 -3.0372819 -3.078249 -3.1293545 -3.0114883 -2.9242173 -2.9359222 -2.9323729 -2.9255876 -2.9216242 -2.8826602 -2.7462326 -2.5083213
-2.5011232 -2.4202943 -2.3539666 -2.3056848 -2.2742664 -2.2751629 -2.2910686 -2.3314431 -2.3756615 -2.4305673 -2.487296 -2.5344235 -2.5712396 -2.5767669 -2.5632113 -2.5189929 -2.4378719 -2.3336053 -2.2033699 -2.0677428 -1.9129782 -1.7634381 -1.6142008 -1.4931558 -1.3878119 -1.3242769 -1.2827684 -1.2993409 -1.331236 -1.4190226 -1.5249589 -1.652087 -1.7956661 -1.9478296 -2.088263 -2.2259901 -2.3488914 -2.4572676 -2.5392018 -2.6076441 -2.6704085 -2.7127015 -2.7649126 -2.8936663 -2.9858076 -3.0267747 -3.0636331 -3.1022299 -2.9900991 -2.9187391 -2.930444 -2.9255251 -2.9127846 -2.9031801 -2.8500654 -2.7037543 -2.4644735
-2.3474112 -2.2608796 -2.1834973 -2.1334819 -2.1020635 -2.1045433 -2.1254889 -2.1687829 -2.216705 -2.2782837 -2.3415858 -2.3887134 -2.4255295 -2.440837 -2.431165 -2.3924738 -2.3149754 -2.2210111 -2.095829 -1.9683949 -1.8243742 -1.6839598 -1.5532661 -1.4438845 -1.3613191 -1.3048776 -1.2827684 -1.3106527 -1.3577287 -1.4582025 -1.5713212 -1.703942 -1.8504874 -2.0074383 -2.1478717 -2.2855988 -2.4044804 -2.5102531 -2.5807382 -2.6442292 -2.6969012 -2.7319428 -2.778159 -2.8981157 -2.9850546 -3.0084644 -3.0398518 -3.069114 -2.9616358 -2.8921449 -2.8979973 -2.8906028 -2.8730455 -2.8544534 -2.7970799 -2.6449645 -2.4032081
-2.1746069 -2.0885334 -2.0159103 -1.9752482 -1.9483244 -1.956402 -1.978373 -2.0302451 -2.0806446 -2.1510373 -2.2151646 -2.266083 -2.3056392 -2.3222211 -2.3145563 -2.2758651 -2.2058604 -2.1130329 -1.9918653 -1.8740303 -1.7495118 -1.6180241 -1.5048965 -1.4024092 -1.3274286 -1.3053168 -1.2873843 -1.3417614 -1.389989 -1.4978896 -1.6301902 -1.7707754 -1.9205261 -2.0799526 -2.2167123 -2.3540904 -2.4666978 -2.5687118 -2.6295501 -2.6727854 -2.723394 -2.7445877 -2.7845761 -2.8934997 -2.974417 -2.9896469 -2.9994625 -3.0267662 -2.9239039 -2.854413 -2.8576884 -2.8462477 -2.8286904 -2.8008665 -2.7375193 -2.5853558 -2.3489201
-1.9970199 -1.9134247 -1.847097 -1.814625 -1.7989158 -1.8168875 -1.8432677 -1.9023103 -1.9631107 -2.0345984 -2.1046211 -2.1569851 -2.1992406 -2.2158225 -2.2069186 -2.1682275 -2.0982228 -2.0100316 -1.8999186 -1.785023 -1.6634223 -1.5476473 -1.4426284 -1.3634817 -1.2991048 -1.2825415 -1.290804 -1.3529791 -1.4267347 -1.549636 -1.6868931 -1.8361304 -1.9970986 -2.160967 -2.2986473 -2.4281846 -2.539381 -2.6261871 -2.6730066 -2.7335897 -2.7732052 -2.7885294 -2.8135036 -2.9188476 -2.9560626 -2.961915 -2.9680132 -2.9754993 -2.8814262 -2.8138043 -2.8138043 -2.8011245 -2.7826621 -2.7495311 -2.6779106 -2.5257471 -2.2905506
-1.8343061 -1.7547642 -1.7050184 -1.6794583 -1.6846947 -1.7086519 -1.7505431 -1.8156855 -1.8836324 -1.9583262 -2.0317661 -2.0802061 -2.1197623 -2.1315846 -2.1208172 -2.082126 -2.0134629 -1.9305533 -1.8228365 -1.712168 -1.5974689 -1.4880386 -1.3965361 -1.3290375 -1.2924816 -1.2841329 -1.3172967 -1.3875645 -1.473097 -1.6123928 -1.7597482 -1.9143478 -2.0805093 -2.2536916 -2.3863723 -2.5076629 -2.6071916 -2.6857958 -2.810933 -2.8830299 -2.9122921 -2.920104 -2.9393442 -2.9422537 -2.922585 -2.9108801 -2.907726 -2.8960211 -2.8354297 -2.7806884 -2.774865 -2.7597095 -2.7362998 -2.6939203 -2.6183019 -2.4718123 -2.242144
-1.7022627 -1.6403155 -1.6018155 -1.5941594 -1.6034991 -1.6482315 -1.6937025 -1.7674231 -1.839671 -1.9168696 -1.9886592 -2.0321264 -2.0689425 -2.0768817 -2.0636896 -2.0229376 -1.9564122 -1.8735026 -1.7679235 -1.6619853 -1.5602877 -1.4586681 -1.38371 -1.3254038 -1.2990387 -1.3257481 -1.3617315 -1.4608398 -1.5479078 -1.6956625 -1.852518 -2.0072826 -2.1734441 -2.3490174 -2.4748216 -2.5948908 -2.6712858 -2.776201 -2.9027375 -2.9575381 -2.9840965 -2.9739663 -2.9734376 -2.9225943 -2.8965125 -2.8744229 -2.8432714 -2.8299993 -2.769408 -2.7275218 -2.7192227 -2.6998907 -2.6764809 -2.6341015 -2.5561669 -2.4144499 -2.2138916
-1.5741087 -1.5332937 -1.5111845 -1.5191449 -1.5400905 -1.5930865 -1.6559233 -1.7354449 -1.8183545 -1.8959204 -1.9677099 -2.0096011 -2.0402614 -2.0457887 -2.0294939 -1.9852755 -1.916702 -1.8337924 -1.7327472 -1.6290819 -1.5327329 -1.444371 -1.3780434 -1.3375994 -1.3258946 -1.3644365 -1.4197095 -1.5255522 -1.6392117 -1.7972277 -1.9540832 -2.1088478 -2.2739006 -2.4494739 -2.5706914 -2.6848746 -2.7523013 -2.8394449 -2.9623462 -3.0116033 -3.0233082 -3.0050141 -2.9822532 -2.9215074 -2.8720159 -2.8369012 -2.7990975 -2.7698353 -2.7086906 -2.6646957 -2.6529908 -2.6336588 -2.610249 -2.5689783 -2.4949619 -2.3603557 -2.168667
-1.4903822 -1.4594537 -1.4648222 -1.4808188 -1.5202209 -1.5806625 -1.6559233 -1.7386252 -1.8249776 -1.9025436 -1.9743331 -2.0162243 -2.0463618 -2.0408345 -2.0228708 -1.9786523 -1.9100789 -1.8271692 -1.7283898 -1.6290819 -1.5461723 -1.4642691 -1.4200506 -1.3887194 -1.3987496 -1.4479792 -1.5190574 -1.632353 -1.7518059 -1.9137901 -2.0724366 -2.2216739 -2.3843982 -2.5554449 -2.6625472 -2.7643529 -2.8170249 -2.8990536 -3.0164912 -3.0546866 -3.0498009 -3.0159605 -2.9822532 -2.900319 -2.8455231 -2.7928808 -2.7441719 -2.7036034 -2.6424587 -2.5984638 -2.5810659 -2.5635086 -2.5440172 -2.5075011 -2.4353532 -2.3173774 -2.1417044
-1.4101051 -1.4061059 -1.4201081 -1.4562319 -1.5116691 -1.5869234 -1.6686513 -1.7603346 -1.8488375 -1.926587 -1.9983766 -2.0394345 -2.0616952 -2.0561679 -2.0336679 -1.9894494 -1.920876 -1.841328 -1.7458101 -1.6595674 -1.5766578 -1.5146242 -1.4743985 -1.4747596 -1.4946924 -1.5513197 -1.636028 -1.7534762 -1.8909144 -2.0553742 -2.2177845 -2.3688768 -2.5190114 -2.6841335 -2.7902936 -2.8786717 -2.9305797 -2.9959785 -3.0733767 -3.0684764 -3.0453963 -2.9945474 -2.9517677 -2.8645075 -2.768705 -2.7135672 -2.662969 -2.6161495 -2.5762268 -2.5301233 -2.5125659 -2.4950086 -2.4774513 -2.4412692 -2.3772668 -2.2667179 -2.0976102
-1.3752572 -1.3841165 -1.4117531 -1.4644438 -1.532517 -1.6133183 -1.6971006 -1.7887839 -1.8827481 -1.9606812 -2.0299953 -2.0612606 -2.0844995 -2.0789722 -2.0574505 -2.013232 -1.9500944 -1.8727121 -1.7907959 -1.7122277 -1.6495683 -1.5960802 -1.573971 -1.5772669 -1.6123816 -1.6849462 -1.7733831 -1.9053369 -2.0455881 -2.215309 -2.3718658 -2.5266304 -2.672852 -2.8191631 -2.9110474 -2.9975457 -3.0361015 -3.0657924 -3.0716448 -3.049144 -3.0198818 -2.9641775 -2.9025103 -2.779609 -2.6815482 -2.6230238 -2.5685125 -2.521693 -2.4901062 -2.4638914 -2.446334 -2.429755 -2.4121976 -2.3779721 -2.3198471 -2.2203556 -2.0744592
-1.3657572 -1.3825257 -1.4316226 -1.4864529 -1.5590097 -1.6450356 -1.7368397 -1.828523 -1.9224872 -2.0004204 -2.0697345 -2.0959165 -2.1180072 -2.1180072 -2.098636 -2.0595943 -2.0014587 -1.9323208 -1.858946 -1.7983292 -1.7541107 -1.7092246 -1.7092246 -1.7203134 -1.7713381 -1.846705 -1.9389628 -2.0709166 -2.2111678 -2.3693755 -2.5126038 -2.6397319 -2.7765377 -2.9052645 -2.9751936 -3.0439081 -3.0673178 -3.0922852 -3.0768046 -3.041326 -3.0000122 -2.9322569 -2.8627712 -2.7398699 -2.6418091 -2.5661483 -2.505919 -2.4554611 -2.4238743 -2.3976595 -2.3801022 -2.3663584 -2.352589 -2.3281336 -2.2734848 -2.1848193 -2.0494005
-1.3628173 -1.3936526 -1.4479785 -1.5148719 -1.5895901 -1.6772618 -1.7715169 -1.8655463 -1.9595105 -2.0374437 -2.1075829 -2.1374661 -2.1571584 -2.1571584 -2.1474597 -2.1150737 -2.0729033 -2.0107641 -1.9489703 -1.9067651 -1.8848726 -1.8529282 -1.8631599 -1.8884391 -1.9455677 -2.026483 -2.1204472 -2.239514 -2.3786136 -2.5269637 -2.6395373 -2.7513432 -2.8569239 -2.9718991 -3.019954 -3.0735792 -3.0795813 -3.0898355 -3.0655036 -3.0124677 -2.9628217 -2.8843236 -2.8070889 -2.6802146 -2.5753791 -2.4992973 -2.4351049 -2.3818696 -2.3546248 -2.32841 -2.3158277 -2.3099753 -2.2989832 -2.2748618 -2.2289284 -2.1458177 -2.0184398
-1.370558 -1.4106578 -1.4714582 -1.5413098 -1.6198557 -1.7106878 -1.8046015 -1.8959433 -1.9899075 -2.0678407 -2.1379799 -2.1693983 -2.196058 -2.196058 -2.1909028 -2.1687935 -2.1373107 -2.0956976 -2.0609801 -2.0301062 -2.0135243 -2.0096953 -2.0262772 -2.067685 -2.1320618 -2.216676 -2.3081731 -2.4242371 -2.5398652 -2.6627665 -2.7647387 -2.8587029 -2.8962764 -2.984063 -3.0260205 -3.0506232 -3.0506232 -3.0348035 -2.9996889 -2.9511965 -2.8877708 -2.8102373 -2.7229932 -2.5942394 -2.5024692 -2.4263874 -2.362195 -2.3063306 -2.2822806 -2.2642609 -2.2584084 -2.2540705 -2.250579 -2.2289741 -2.1869589 -2.1108772 -1.9834993
-1.3938442 -1.4367765 -1.4920496 -1.5624348 -1.6462171 -1.7354523 -1.824471 -1.9130383 -2.0031539 -2.081087 -2.1512263 -2.1910431 -2.2225507 -2.2376559 -2.2389521 -2.2334248 -2.2116274 -2.1950454 -2.1736858 -2.16257 -2.1608929 -2.1686518 -2.204357 -2.2531342 -2.3175111 -2.3963705 -2.4737528 -2.5779252 -2.6789521 -2.7712356 -2.8568011 -2.9176014 -2.9002261 -2.8449761 -2.8730578 -2.8784203 -2.8659265 -2.8427822 -2.8252249 -2.7807155 -2.7221911 -2.6516192 -2.5706599 -2.4918842 -2.4229909 -2.3469091 -2.2869183 -2.2400988 -2.2205565 -2.2048986 -2.2048986 -2.2049875 -2.2108399 -2.1935839 -2.153843 -2.0777612 -1.9503834
-1.420337 -1.4614069 -1.51668 -1.582692 -1.6631881 -1.7469704 -1.8348189 -1.9276752 -2.0165839 -2.0895725 -2.1630124 -2.212775 -2.2525029 -2.2792573 -2.2958392 -2.2996567 -2.3045673 -2.2943933 -2.2823452 -2.2955234 -2.3198494 -2.3331874 -2.3755236 -2.4220028 -2.4839169 -2.5458475 -2.620289 -2.6884469 -2.7867869 -2.8627382 -2.9027113 -2.9467826 -2.9133803 -2.8236687 -2.8012033 -2.8051488 -2.7738323 -2.756275 -2.7287469 -2.6698586 -2.6089809 -2.5288873 -2.4577393 -2.3933625 -2.3244692 -2.2541305 -2.2095692 -2.1643451 -2.1590854 -2.1471522 -2.1525961 -2.1604875 -2.1663399 -2.1538447 -2.1159662 -2.037312 -1.9077457
-1.4518258 -1.4868122 -1.5420853 -1.6066144 -1.6799239 -1.7589316 -1.842714 -1.9329143 -2.0268785 -2.1009509 -2.1713848 -2.2250643 -2.2754092 -2.3087988 -2.3406203 -2.3572022 -2.3762365 -2.3872911 -2.4028796 -2.4256381 -2.456118 -2.4882178 -2.5328034 -2.5796736 -2.638198 -2.6923475 -2.7531479 -2.8113689 -2.8764171 -2.9232366 -2.9454147 -2.9730512 -2.9216831 -2.8104867 -2.7773788 -2.7650834 -2.7260435 -2.6890494 -2.6480823 -2.5802965 -2.5100672 -2.4283781 -2.3477741 -2.2843268 -2.2199499 -2.155573 -2.1184263 -2.0833116 -2.0851708 -2.0893882 -2.101093 -2.1134331 -2.1192856 -2.10641 -2.0707089 -1.9887747 -1.8577255
-1.4907011 -1.5207867 -1.5650052 -1.6262684 -1.6943415 -1.7710165 -1.8498102 -1.9372044 -2.0268785 -2.1048117 -2.1784811 -2.2413178 -2.296698 -2.3409165 -2.3798687 -2.4185598 -2.4480884 -2.4795427 -2.5075836 -2.5462747 -2.5849659 -2.623047 -2.6727928 -2.7199687 -2.7667882 -2.8108897 -2.8524957 -2.8939552 -2.9402835 -2.9630256 -2.9703714 -2.9593168 -2.8969494 -2.7750053 -2.7292792 -2.701217 -2.648545 -2.6020599 -2.5376831 -2.4625535 -2.3823343 -2.3006452 -2.2200411 -2.1615167 -2.1009881 -2.0483161 -2.0194228 -1.9981564 -2.0090942 -2.0198012 -2.0432109 -2.0589936 -2.0696117 -2.0523556 -2.0139387 -1.9320045 -1.7987742
-1.5324294 -1.5552007 -1.5932976 -1.6454837 -1.7091981 -1.7844524 -1.8629983 -1.9449304 -2.0323592 -2.1154059 -2.1904961 -2.2533328 -2.3142948 -2.3663673 -2.4154351 -2.4627436 -2.4979554 -2.5311193 -2.568817 -2.6128052 -2.6514964 -2.6913034 -2.7368678 -2.7808683 -2.8216899 -2.8478273 -2.8804525 -2.8417802 -2.871695 -2.8815854 -2.8661672 -2.8484638 -2.8306422 -2.7433001 -2.6725023 -2.6347608 -2.5615983 -2.5051676 -2.4347329 -2.3478984 -2.2625385 -2.1847181 -2.1044159 -2.0458914 -1.9896252 -1.9505843 -1.9371746 -1.9222852 -1.9443706 -1.9607608 -1.9874288 -2.0090639 -2.0222523 -2.0053302 -1.9654926 -1.8804497 -1.7340389
