P2_models/J1_p2_vp_slide_diff2_240.dat.tif
NCOLS 118
NROWS 92
XLLCORNER 139.62
YLLCORNER -39.07
DX 0.099491525
DY 0.099347826
NODATA_VALUE -9999
[rows 24 to 47 of 92, columns 0 to 53 of 118]
-9999 -0.020523863 -0.013641169 -0.0067584761 0.00012421711 0.0070069104 0.013889604 0.016286843 0.011839572 0.0073923009 0.0029450297 -0.0015022414 -0.0059495126 -0.010003906 -0.013271539 -0.016539173 -0.019806806 -0.023074439 -0.026342073 -0.028980663 -0.030575346 -0.032170029 -0.033764713 -0.035359396 -0.036954079 -0.039956921 -0.04673398 -0.053511039 -0.060288098 -0.067065158 -0.073842217 -0.076978294 -0.072650918 -0.068323543 -0.063996167 -0.059668792 -0.055341416 -0.053088987 -0.052629611 -0.052170234 -0.051710858 -0.051251482 -0.050792105 -0.053232872 -0.057758514 -0.062284157 -0.0668098 -0.071335442 -0.075845428 -0.074396604 -0.069096193 -0.063795782 -0.058495371 -0.05319496
-9999 -0.024825791 -0.017943097 -0.011060404 -0.004177711 0.0027049823 0.0094640201 0.01403544 0.013708308 0.0092610373 0.0048137661 0.00036649491 -0.0040807763 -0.0087923038 -0.013513472 -0.016781106 -0.020048739 -0.023316372 -0.026584006 -0.029345764 -0.030940447 -0.032535131 -0.034129814 -0.035724497 -0.037832039 -0.040498976 -0.043170778 -0.049947838 -0.056724897 -0.063501956 -0.070279015 -0.073263163 -0.068935787 -0.064608412 -0.060281036 -0.055953661 -0.056456218 -0.059071389 -0.057424507 -0.056965131 -0.056505754 -0.056046378 -0.055587002 -0.05840877 -0.063218948 -0.067744591 -0.072270234 -0.076795876 -0.081321519 -0.075902432 -0.070334173 -0.065033762 -0.059733351 -0.05443294
-9999 -0.029814954 -0.022932261 -0.016049567 -0.0091668742 -0.0024741697 0.004184423 0.0087558428 0.010918397 0.012547759 0.0081004881 0.0036532169 -0.00079405426 -0.0055055818 -0.010746298 -0.015987014 -0.019277208 -0.022544841 -0.025812475 -0.028574233 -0.030168916 -0.0317636 -0.033358283 -0.035878499 -0.038975173 -0.04164211 -0.043157248 -0.044672386 -0.051272181 -0.05804924 -0.064826299 -0.067810447 -0.063483071 -0.059155696 -0.05482832 -0.057973599 -0.064070912 -0.066686083 -0.064319557 -0.06222972 -0.061770344 -0.061310967 -0.060851591 -0.063673359 -0.0688539 -0.073802272 -0.078327914 -0.082853557 -0.0873792 -0.081960113 -0.074822306 -0.068905368 -0.063604957 -0.058304546
-9999 -0.034804117 -0.027921424 -0.021070952 -0.014412359 -0.0077537668 -0.0010951742 0.0034762457 0.0056388 0.0078013543 0.0099639086 0.0069399389 0.0024926678 -0.0022188598 -0.0074595759 -0.012700292 -0.017941008 -0.02177331 -0.025040944 -0.027802702 -0.029397385 -0.030992069 -0.033924959 -0.037021633 -0.040118307 -0.042785245 -0.044300383 -0.04581552 -0.047330658 -0.052596524 -0.059373583 -0.062357731 -0.058030355 -0.05370298 -0.05949098 -0.065588293 -0.071685606 -0.074300777 -0.071934251 -0.069567725 -0.067201199 -0.066575557 -0.06611618 -0.068937948 -0.07411849 -0.079299031 -0.084385595 -0.088911238 -0.09343688 -0.088017794 -0.080879987 -0.073742181 -0.067476563 -0.062176152
-9999 -0.039793281 -0.033009142 -0.026350549 -0.019691957 -0.013033364 -0.0063747713 -0.0018033514 0.00035920287 0.0025217572 0.0046843115 0.0068468658 0.0057793898 0.0010678622 -0.0041728539 -0.00941357 -0.014654286 -0.019895002 -0.024269413 -0.027031171 -0.028874746 -0.03197142 -0.035068093 -0.038164767 -0.041261441 -0.043928379 -0.045443517 -0.046958655 -0.048473792 -0.04998893 -0.053920867 -0.056905015 -0.054911048 -0.061008361 -0.067105674 -0.073202987 -0.079300299 -0.081915471 -0.079548945 -0.077182419 -0.074815893 -0.072449367 -0.071380769 -0.074202538 -0.079383079 -0.08456362 -0.089744161 -0.094924702 -0.099494561 -0.094075474 -0.086937668 -0.079799862 -0.072662056 -0.066047758
-9999 -0.044812271 -0.038153679 -0.031495086 -0.024836493 -0.018177901 -0.011519308 -0.0074084534 -0.0052458991 -0.0030833448 -0.00092079047 0.0012417638 0.0034043182 0.0034290808 -0.0018116353 -0.0070523514 -0.012293068 -0.017533784 -0.0227745 -0.02736689 -0.030463563 -0.033560237 -0.036656911 -0.039753584 -0.042850258 -0.045899825 -0.047414963 -0.048930101 -0.050445239 -0.051960377 -0.053475515 -0.056555774 -0.062653086 -0.068750399 -0.074847712 -0.080945025 -0.087042338 -0.088357367 -0.085990841 -0.083624315 -0.081257789 -0.078891263 -0.076524737 -0.078133786 -0.083314328 -0.088494869 -0.09367541 -0.098855951 -0.10403649 -0.10016251 -0.093024701 -0.085886895 -0.078749088 -0.071611282
-9999 -0.048844948 -0.042186355 -0.035527762 -0.02886917 -0.022210577 -0.017341379 -0.014435215 -0.013530662 -0.011368108 -0.0092055537 -0.0070429993 -0.004880445 -0.0043927093 -0.0072588944 -0.012310177 -0.017550893 -0.022791609 -0.028032325 -0.032624715 -0.035721388 -0.038818062 -0.041914736 -0.04501141 -0.046279646 -0.048505156 -0.055554721 -0.057720481 -0.059235619 -0.060750757 -0.062265895 -0.065346154 -0.071443467 -0.077540779 -0.083638092 -0.089735405 -0.090074084 -0.087458494 -0.08277789 -0.080411364 -0.078044838 -0.075678312 -0.073311786 -0.073494897 -0.076269087 -0.081449628 -0.086630169 -0.091810711 -0.096991252 -0.101253 -0.099353369 -0.092215563 -0.085077756 -0.07793995
-9999 -0.052877624 -0.046219031 -0.039560439 -0.033292462 -0.028620765 -0.023949067 -0.021042902 -0.02017439 -0.019305878 -0.017490317 -0.015327763 -0.013165208 -0.012677473 -0.015543658 -0.018409843 -0.022808718 -0.028049434 -0.03329015 -0.03788254 -0.040979214 -0.044075887 -0.047172561 -0.047706931 -0.048132589 -0.050358099 -0.057407664 -0.064457229 -0.068025999 -0.069541137 -0.071056275 -0.074136534 -0.080233847 -0.08633116 -0.092038665 -0.090943921 -0.089849177 -0.087233588 -0.082442213 -0.077650838 -0.074831887 -0.072465361 -0.070098835 -0.070281946 -0.072297958 -0.074404388 -0.079584929 -0.08476547 -0.089946011 -0.094207763 -0.098310722 -0.09854423 -0.091406424 -0.084268618
-9999 -0.0569103 -0.050251707 -0.044571848 -0.03990015 -0.035228452 -0.030556754 -0.027650589 -0.026782077 -0.025913565 -0.025045053 -0.023612526 -0.021449971 -0.020962236 -0.023828421 -0.026694606 -0.029560791 -0.033307259 -0.038547975 -0.043140365 -0.046237039 -0.048708558 -0.049134216 -0.049559874 -0.049985532 -0.052211042 -0.059260606 -0.066310171 -0.073359736 -0.078331517 -0.079846655 -0.082926914 -0.089024227 -0.092908503 -0.091813759 -0.090719015 -0.089624271 -0.087008681 -0.082217306 -0.077425932 -0.072634557 -0.06925241 -0.066885884 -0.067068995 -0.069085008 -0.07110102 -0.073117033 -0.07772023 -0.082900771 -0.087162522 -0.091265482 -0.095368441 -0.097735092 -0.090597286
-9999 -0.060942976 -0.055851233 -0.051179535 -0.046507837 -0.041836139 -0.037164441 -0.034258277 -0.033389765 -0.032521253 -0.03165274 -0.030784228 -0.029734735 -0.029246999 -0.032113184 -0.034979369 -0.037845554 -0.040711739 -0.0438058 -0.04839819 -0.050135843 -0.050561501 -0.050987159 -0.051412816 -0.051838474 -0.054063984 -0.061113549 -0.068163114 -0.075212679 -0.082262243 -0.088637035 -0.091717294 -0.09377834 -0.092683596 -0.091588852 -0.090494108 -0.089399364 -0.086783774 -0.0819924 -0.077201025 -0.072409651 -0.067618276 -0.063672933 -0.063856044 -0.065872057 -0.067888069 -0.069904082 -0.071920094 -0.07585553 -0.080117282 -0.084220241 -0.0883232 -0.09242616 -0.096529119
-9999 -0.068026306 -0.063354608 -0.05868291 -0.054011212 -0.049339515 -0.044667817 -0.038201407 -0.037381836 -0.036513324 -0.035644811 -0.034776299 -0.033907787 -0.031362267 -0.032837696 -0.035703881 -0.038570066 -0.041436251 -0.044302436 -0.046430642 -0.0468563 -0.047281958 -0.047707616 -0.048133274 -0.048558931 -0.057016454 -0.06301243 -0.070061995 -0.07711156 -0.084161124 -0.091210689 -0.095478425 -0.09438368 -0.093288936 -0.092194192 -0.091099448 -0.090004704 -0.087501143 -0.082726871 -0.077935496 -0.073144121 -0.068352747 -0.063561372 -0.065166864 -0.067182877 -0.069198889 -0.071214902 -0.073230914 -0.075246927 -0.074934393 -0.079037352 -0.083140312 -0.087243271 -0.091346231
-9999 -0.077006918 -0.07233522 -0.067663522 -0.062991824 -0.055899114 -0.042827559 -0.036059165 -0.03656543 -0.036191523 -0.035323011 -0.034454499 -0.033585987 -0.031040466 -0.025136639 -0.023959456 -0.026825641 -0.029691826 -0.032558011 -0.034686217 -0.035111875 -0.035537533 -0.035963191 -0.037404151 -0.053256467 -0.065364695 -0.067437829 -0.072036641 -0.079086206 -0.08613577 -0.093185335 -0.097453071 -0.096358326 -0.095263582 -0.094168838 -0.093074746 -0.091983712 -0.08948054 -0.084957107 -0.080252244 -0.075460869 -0.070669495 -0.06587812 -0.068082105 -0.075314964 -0.077970655 -0.079986667 -0.08200268 -0.084018692 -0.080180738 -0.076925995 -0.081028955 -0.085131914 -0.089234874
-9999 -0.085987529 -0.081315831 -0.076644134 -0.066828428 -0.053756873 -0.040685317 -0.033916924 -0.034423189 -0.034929454 -0.03500121 -0.034132698 -0.033264186 -0.030718665 -0.024814838 -0.018911011 -0.015081216 -0.017947401 -0.020813586 -0.022941792 -0.02336745 -0.023793108 -0.029900075 -0.045752392 -0.061604708 -0.073712936 -0.07578607 -0.077859204 -0.081060852 -0.088110417 -0.095159981 -0.099427717 -0.098332973 -0.097238228 -0.096145177 -0.095054143 -0.093963109 -0.091459938 -0.086936504 -0.082413071 -0.077777618 -0.072986243 -0.068194868 -0.070398853 -0.077631712 -0.084864572 -0.088758432 -0.090774445 -0.092790457 -0.088952503 -0.084102824 -0.079253145 -0.083020557 -0.087123516
-9999 -0.094968141 -0.090296443 -0.077757742 -0.064686187 -0.051614631 -0.038543076 -0.031774682 -0.032280947 -0.032787212 -0.033293477 -0.033799743 -0.032942386 -0.030396865 -0.024493038 -0.018589211 -0.012685383 -0.0067815563 -0.0090691611 -0.011197367 -0.011623025 -0.022396 -0.038248316 -0.054100633 -0.069952949 -0.082061177 -0.084134311 -0.086207445 -0.088280578 -0.090353712 -0.097134627 -0.10140236 -0.10030762 -0.099215609 -0.098124575 -0.097033541 -0.095942507 -0.093439335 -0.088915902 -0.084392468 -0.079869034 -0.075302991 -0.070511616 -0.072715601 -0.07994846 -0.08718132 -0.094414179 -0.09954621 -0.10156222 -0.097724268 -0.092874589 -0.08802491 -0.083175231 -0.085012159
-9999 -0.10175861 -0.088687056 -0.0756155 -0.062543945 -0.04947239 -0.036400834 -0.029632441 -0.030138706 -0.030644971 -0.031151236 -0.031657501 -0.032163766 -0.030075064 -0.024171237 -0.01826741 -0.012363583 -0.0064597558 -0.00055592865 0.00054705751 -0.014891925 -0.030744241 -0.046596557 -0.062448874 -0.07830119 -0.090409419 -0.092482552 -0.094555686 -0.096628819 -0.098701953 -0.10077509 -0.10337707 -0.10228604 -0.10119501 -0.10010397 -0.099012938 -0.097921904 -0.095418733 -0.090895299 -0.086371865 -0.081848432 -0.077324998 -0.072801564 -0.075032349 -0.082265209 -0.089498068 -0.096730927 -0.10396379 -0.11033399 -0.10649603 -0.10164635 -0.096796675 -0.091946996 -0.087097318
-9999 -0.097322542 -0.084250987 -0.071179431 -0.058107876 -0.04503632 -0.037353738 -0.036948749 -0.037455014 -0.037961279 -0.038467544 -0.038973809 -0.03824702 -0.036896001 -0.036426998 -0.030523171 -0.024619344 -0.018715516 -0.012811689 -0.013486594 -0.02933891 -0.045191227 -0.061043543 -0.076895859 -0.08962321 -0.093321368 -0.097611236 -0.099684369 -0.1017575 -0.10383064 -0.10590377 -0.10689613 -0.10580509 -0.10471406 -0.10362302 -0.10253199 -0.099604269 -0.094167276 -0.089643842 -0.085120408 -0.080596975 -0.076073541 -0.074581187 -0.077316945 -0.083367663 -0.090600522 -0.097833381 -0.10506624 -0.1122991 -0.1092299 -0.10438022 -0.09953054 -0.094680861 -0.090380049
-9999 -0.092110669 -0.079039113 -0.065967558 -0.052896002 -0.049063609 -0.047869058 -0.047464068 -0.047970333 -0.048476598 -0.048982863 -0.047016844 -0.043700351 -0.042349332 -0.044934288 -0.047032836 -0.041129008 -0.035225181 -0.029321354 -0.029996259 -0.045848575 -0.061700892 -0.077553208 -0.086422738 -0.089520407 -0.093218565 -0.098526185 -0.10372415 -0.10579729 -0.10787042 -0.10994356 -0.11093591 -0.10984488 -0.10875384 -0.10766281 -0.10333565 -0.097260092 -0.091823099 -0.087299665 -0.082776231 -0.078252798 -0.078262884 -0.079539291 -0.08227505 -0.086059917 -0.091292285 -0.098525145 -0.105758 -0.11299086 -0.10992166 -0.10507198 -0.1002223 -0.096815265 -0.096110474
-9999 -0.086898795 -0.07382724 -0.061968029 -0.060773479 -0.059578928 -0.058384377 -0.057979388 -0.058485653 -0.058991918 -0.055786669 -0.052470176 -0.049153683 -0.047802664 -0.05038762 -0.052972575 -0.055557531 -0.051734846 -0.045831019 -0.046505924 -0.06235824 -0.078210556 -0.083222266 -0.086319935 -0.089417604 -0.093115762 -0.098423382 -0.103731 -0.10903862 -0.11191021 -0.11398334 -0.1149757 -0.11388466 -0.11279363 -0.10706703 -0.10099147 -0.094915915 -0.089478922 -0.084955488 -0.080668173 -0.081944581 -0.083220988 -0.084497396 -0.087233154 -0.091018021 -0.094802888 -0.099216908 -0.10644977 -0.11368263 -0.11061342 -0.10576375 -0.10325048 -0.10254569 -0.1018409
-9999 -0.081686922 -0.0736779 -0.072483349 -0.071288798 -0.070094247 -0.068899697 -0.068494707 -0.067872987 -0.064556494 -0.061240001 -0.057923508 -0.054607015 -0.053255996 -0.055840952 -0.058425907 -0.061010863 -0.063595819 -0.062340684 -0.063015589 -0.076924126 -0.080021794 -0.083119463 -0.086217132 -0.0893148 -0.093012958 -0.098320578 -0.1036282 -0.10893582 -0.11424344 -0.11802312 -0.11901548 -0.11687398 -0.11079842 -0.10472286 -0.098647298 -0.092571739 -0.087134745 -0.08434987 -0.085626277 -0.086902685 -0.088179093 -0.0894555 -0.092191259 -0.095976126 -0.099760993 -0.10354586 -0.10733073 -0.11437439 -0.11130519 -0.1096857 -0.10898091 -0.10827612 -0.10757133
-9999 -0.084619408 -0.083424857 -0.082230307 -0.081035756 -0.079841205 -0.078646654 -0.074972089 -0.071655596 -0.068339103 -0.06502261 -0.061706117 -0.058389624 -0.058252303 -0.060837259 -0.063422215 -0.06600717 -0.068592126 -0.071177081 -0.073917074 -0.077014742 -0.080112411 -0.08321008 -0.086307748 -0.089405417 -0.092505523 -0.097813143 -0.10312076 -0.10842838 -0.113736 -0.11904362 -0.12046312 -0.11438756 -0.108312 -0.10223644 -0.096160883 -0.090085323 -0.087489735 -0.088766143 -0.09004255 -0.091318958 -0.092595366 -0.093871773 -0.096435896 -0.10022076 -0.10400563 -0.1077905 -0.11157536 -0.11536023 -0.11608662 -0.11538183 -0.11467704 -0.11397225 -0.11326746
-9999 -0.088571338 -0.087376787 -0.086182236 -0.084987686 -0.083793135 -0.081366136 -0.074515631 -0.062837525 -0.059521032 -0.05620454 -0.052888047 -0.049571554 -0.050929204 -0.061647094 -0.064971618 -0.067556574 -0.070141529 -0.072726485 -0.075466477 -0.078564146 -0.081661814 -0.084759483 -0.087857152 -0.092910886 -0.096772388 -0.09514528 -0.099561574 -0.10486919 -0.11017681 -0.11548443 -0.11690393 -0.11082837 -0.10475281 -0.098677254 -0.092601694 -0.087424965 -0.085860849 -0.089095893 -0.090372301 -0.091648708 -0.092925116 -0.094201524 -0.096232957 -0.099084393 -0.10286926 -0.10665413 -0.11043899 -0.11422386 -0.11889179 -0.12081933 -0.12011454 -0.11940975 -0.11870496
-9999 -0.092523267 -0.091328717 -0.090134166 -0.088658594 -0.086112589 -0.083566585 -0.07671608 -0.064897628 -0.053079177 -0.047386469 -0.044069976 -0.040753483 -0.042111133 -0.052829023 -0.063546914 -0.069105977 -0.071690932 -0.074275888 -0.077015881 -0.080113549 -0.083211218 -0.086308886 -0.092135121 -0.09804442 -0.10190592 -0.10027881 -0.098651706 -0.10131001 -0.10661763 -0.11192525 -0.11334474 -0.10726918 -0.10119362 -0.095190235 -0.090222067 -0.085253898 -0.083689782 -0.086995645 -0.090301509 -0.091978459 -0.093254866 -0.094531274 -0.096562708 -0.09913692 -0.10173289 -0.10551776 -0.10930262 -0.11308749 -0.11775542 -0.12257596 -0.12555203 -0.12484724 -0.12414245
-9999 -0.096475197 -0.095280646 -0.093405047 -0.090859042 -0.088313038 -0.085767034 -0.078916529 -0.067098077 -0.055279626 -0.043461174 -0.035251905 -0.031935412 -0.033293062 -0.044010953 -0.054728843 -0.065446733 -0.073240336 -0.075825291 -0.078565284 -0.081662952 -0.085450058 -0.091359357 -0.097268656 -0.10317796 -0.10703946 -0.10541235 -0.10378524 -0.10215813 -0.10305844 -0.10836606 -0.10978555 -0.10371 -0.097987336 -0.093019168 -0.088051 -0.083082831 -0.081518715 -0.084824578 -0.088130441 -0.091436305 -0.093584616 -0.094861024 -0.096892458 -0.09946667 -0.10204088 -0.10461509 -0.10816625 -0.11195112 -0.11661905 -0.12143959 -0.12626013 -0.13028474 -0.12957995
-9999 -0.10042713 -0.0981515 -0.095605496 -0.093059491 -0.090513487 -0.087967482 -0.081116977 -0.069298526 -0.057480074 -0.045661623 -0.033843171 -0.023117341 -0.024474991 -0.035192882 -0.045910772 -0.056628663 -0.067346553 -0.077374695 -0.080114687 -0.084674293 -0.090583592 -0.096492891 -0.10240219 -0.10831149 -0.11217299 -0.11054588 -0.10891878 -0.10729167 -0.10566456 -0.10480687 -0.10622637 -0.10078444 -0.095816269 -0.090848101 -0.085879932 -0.080911764 -0.079347648 -0.082653511 -0.085959374 -0.089265238 -0.092571101 -0.095190774 -0.097222208 -0.09979642 -0.10237063 -0.10494484 -0.10751906 -0.11081475 -0.11548268 -0.12030322 -0.12512376 -0.1299443 -0.13476485
