P2_models/J1_p2_tot_conduct_slide_2.19.dat.tif
NCOLS 118
NROWS 92
XLLCORNER 139.62
YLLCORNER -39.07
DX 0.099491525
DY 0.099347826
NODATA_VALUE -9999
[rows 50 to 74 of 92, columns 57 to 113 of 118]
-2.4863823 -2.6972972 -2.8766872 -2.9384891 -2.9819237 -2.8939576 -2.8294915 -2.7234012 -2.5295838 -2.3608218 -2.2569686 -2.1907614 -2.1503503 -2.1563731 -2.1834353 -2.21 -2.2482721 -2.2513412 -2.2580626 -2.2467632 -2.2219565 -2.2163774 -2.2107682 -2.2471767 -2.2869315 -2.3095334 -2.3422822 -2.3342061 -2.2963081 -2.1705578 -2.0059931 -1.7972174 -1.5518859 -1.3457796 -1.2579467 -1.1363535 -1.1930466 -1.2682709 -1.4371422 -1.5787773 -1.7941831 -1.9510251 -1.9874388 -1.9817101 -1.9938287 -1.9605712 -2.0009401 -1.9704762 -1.9915764 -2.104391 -2.1444966 -2.1030759 -2.0324645 -1.8111587 -1.5294491 -1.2120378 -0.97808967
-2.0821577 -2.3355631 -2.5362669 -2.6857464 -2.7485831 -2.7712685 -2.7189045 -2.6540823 -2.5324816 -2.4579812 -2.3607293 -2.3091092 -2.2522574 -2.2314456 -2.1954663 -2.1954348 -2.1676801 -2.1621528 -2.1520916 -2.1317553 -2.143587 -2.1580926 -2.1920073 -2.2445026 -2.303933 -2.3523938 -2.3855576 -2.3558438 -2.3141073 -2.1502389 -1.949711 -1.7102174 -1.4527482 -1.2010932 -1.0393525 -0.91723583 -0.96540169 -1.0650577 -1.2649968 -1.5367784 -1.7650237 -1.9655613 -2.1089885 -2.1530144 -2.1493255 -2.0987385 -1.9956416 -1.960527 -1.9167986 -1.9371666 -1.9543579 -1.8792735 -1.8090442 -1.6026576 -1.3418497 -1.0204436 -0.70188124
-1.6317809 -1.8851863 -2.1339151 -2.303951 -2.4348609 -2.4852099 -2.5166283 -2.4870329 -2.4463801 -2.4156221 -2.3739757 -2.3477937 -2.3118661 -2.273175 -2.2285822 -2.1677819 -2.1174235 -2.0566231 -2.0317821 -1.9992915 -2.0269281 -2.0587448 -2.1305998 -2.2047634 -2.304255 -2.3630761 -2.4120504 -2.3775212 -2.3273537 -2.1581983 -1.9563342 -1.6965507 -1.4289894 -1.1481077 -0.97310739 -0.82451119 -0.86547829 -0.96466723 -1.1987649 -1.4902106 -1.811386 -2.0581432 -2.2745682 -2.3623549 -2.3785976 -2.290811 -2.155467 -2.0135125 -1.8799164 -1.806022 -1.7357927 -1.6579363 -1.5772326 -1.3914609 -1.1517969 -0.84161747 -0.50945396
-1.3012655 -1.5501982 -1.7927611 -1.9682228 -2.0969311 -2.1739829 -2.2123163 -2.2450891 -2.2287849 -2.2756185 -2.258113 -2.2858607 -2.2634284 -2.2444834 -2.1936689 -2.1299739 -2.062215 -1.9977346 -1.9596037 -1.9381189 -1.997304 -2.0416778 -2.1429571 -2.2302605 -2.3357944 -2.4012605 -2.4510062 -2.4185533 -2.3661034 -2.202605 -2.0296045 -1.7932473 -1.5379158 -1.2675681 -1.0924944 -0.93836095 -0.9638936 -1.0668796 -1.3070795 -1.6281513 -1.9680334 -2.2843104 -2.5250305 -2.6414128 -2.6614527 -2.5565163 -2.3364265 -2.1526431 -1.876872 -1.7640573 -1.6282198 -1.4828908 -1.3904165 -1.2252539 -0.99318416 -0.69552814 -0.33914229
-1.0491523 -1.2705107 -1.5081849 -1.649826 -1.7754996 -1.8313402 -1.8837042 -1.9227997 -1.9559635 -2.0230932 -2.0839786 -2.1335178 -2.1775276 -2.1701183 -2.1511213 -2.0847937 -2.0280302 -1.9561752 -1.9251253 -1.9173448 -1.9875606 -2.0617508 -2.1738408 -2.2830118 -2.3942082 -2.4568515 -2.5065973 -2.4741444 -2.4232299 -2.2769188 -2.1365271 -1.9154348 -1.6987989 -1.4471439 -1.2833028 -1.1333267 -1.1523685 -1.2471941 -1.4929967 -1.7993945 -2.1680984 -2.4932099 -2.7928651 -2.9211519 -2.9514659 -2.8344171 -2.5833491 -2.3141367 -1.9823452 -1.7239355 -1.5366573 -1.3391544 -1.2162531 -1.0509287 -0.84324212 -0.55647243 -0.20008659
-0.97127905 -1.1753206 -1.3300852 -1.4376051 -1.4708329 -1.5031522 -1.4995593 -1.5413134 -1.5784418 -1.6864173 -1.7793119 -1.899749 -1.978832 -2.0451597 -2.0530927 -2.0420381 -2.0030818 -1.9694216 -1.9606718 -1.9835767 -2.0775409 -2.1677218 -2.2948499 -2.4081847 -2.5135287 -2.5674682 -2.5993219 -2.566869 -2.5159545 -2.4010728 -2.2800634 -2.1308261 -1.9444617 -1.7584337 -1.6066209 -1.4711093 -1.4769617 -1.5640432 -1.7630263 -2.0623683 -2.4264028 -2.7616088 -3.071039 -3.2232025 -3.2612202 -3.1266141 -2.8374466 -2.499586 -2.0755665 -1.7626896 -1.4525101 -1.2224154 -1.0506734 -0.88534904 -0.67872614 -0.42121866 -0.057454954
-1.1232645 -1.2794148 -1.3681678 -1.3935833 -1.3345348 -1.291145 -1.2028934 -1.175913 -1.2104901 -1.3201927 -1.4648916 -1.5984658 -1.7606291 -1.8553436 -1.9373681 -1.9659165 -1.9730963 -1.995944 -2.0220269 -2.0936999 -2.1913867 -2.3273378 -2.4559858 -2.5664261 -2.6588765 -2.7110697 -2.7135979 -2.6742241 -2.6259965 -2.5295574 -2.4386576 -2.3250725 -2.2309648 -2.0721058 -1.9325411 -1.8186455 -1.8154606 -1.8436012 -2.0086722 -2.2785277 -2.5896171 -2.9077465 -3.2224158 -3.3797097 -3.435597 -3.3009909 -3.0118234 -2.6208177 -2.1098346 -1.7236098 -1.3651856 -1.1004299 -0.86318075 -0.68563165 -0.48774063 -0.23829829 0.11890012
-1.3269674 -1.388209 -1.404791 -1.3054095 -1.1902087 -1.0459175 -0.92548037 -0.888 -0.888 -1.0367797 -1.1988069 -1.3972774 -1.590952 -1.7466262 -1.873096 -1.9394237 -2.0038343 -2.0480527 -2.1194746 -2.2128362 -2.3582128 -2.4963955 -2.629435 -2.7338754 -2.8099571 -2.8227194 -2.8171921 -2.7763183 -2.7311615 -2.6726371 -2.6368277 -2.5705 -2.4868923 -2.3698435 -2.244613 -2.1276381 -2.0537577 -2.0574666 -2.1803679 -2.3577124 -2.6503345 -2.9607269 -3.2698136 -3.4491735 -3.5050608 -3.3704546 -3.0665085 -2.6685424 -2.1275869 -1.6378928 -1.2282218 -0.89301695 -0.64136191 -0.46132627 -0.26517597 -0.025225823 0.30064457
-1.6556305 -1.6803539 -1.5532258 -1.4040526 -1.163716 -0.98388548 -0.78639342 -0.7293895 -0.70255072 -0.86286146 -1.0332272 -1.2636286 -1.4717346 -1.6651903 -1.8067137 -1.9117325 -1.9931758 -2.0745455 -2.1725382 -2.3055608 -2.47138 -2.6222361 -2.7604187 -2.8631467 -2.9159281 -2.9172874 -2.8900472 -2.8458381 -2.7973934 -2.7737448 -2.7602993 -2.7437174 -2.6776561 -2.5950319 -2.4509765 -2.3130874 -2.1667763 -2.1368939 -2.1427463 -2.2776316 -2.5112475 -2.8041635 -3.0976107 -3.2965937 -3.3616392 -3.2621476 -2.9605375 -2.5625714 -1.9899601 -1.483009 -1.0089611 -0.64932007 -0.363188 -0.17878901 0.018962641 0.21209325 0.5151441
-1.9647174 -1.9273839 -1.7600954 -1.5278298 -1.2638043 -1.0356464 -0.82387891 -0.75551114 -0.71773459 -0.87201363 -1.043884 -1.2546793 -1.4649625 -1.6314077 -1.7715207 -1.8626093 -1.9502317 -2.0361344 -2.1608425 -2.3132179 -2.5071481 -2.6696199 -2.8150637 -2.9127741 -2.9581013 -2.940721 -2.9046598 -2.8569903 -2.8097395 -2.8019653 -2.8134381 -2.8107246 -2.7551439 -2.6759801 -2.4921453 -2.3387656 -2.1101604 -2.0127127 -1.9714797 -2.0130899 -2.2133604 -2.4799679 -2.7662443 -2.9819995 -3.0658131 -2.9891779 -2.7185348 -2.3237018 -1.7558369 -1.2151032 -0.73293287 -0.35954802 -0.059207811 0.10887766 0.29349163 0.46104281 0.68358519
-2.2624909 -2.1660651 -1.9505001 -1.6797139 -1.3760029 -1.1434363 -0.92645522 -0.88977201 -0.86213547 -1.0161844 -1.1806593 -1.3848788 -1.5521872 -1.7014245 -1.7852164 -1.8570714 -1.9063839 -1.9803808 -2.112297 -2.2675512 -2.4665343 -2.6609532 -2.8101905 -2.9173539 -2.9524685 -2.9295398 -2.8784391 -2.8273091 -2.7815938 -2.7932987 -2.806141 -2.8171957 -2.7700062 -2.6822196 -2.4965003 -2.2782584 -2.0266033 -1.804128 -1.698784 -1.7225899 -1.8499397 -2.0998563 -2.3661139 -2.5885067 -2.7061325 -2.6534605 -2.3882957 -2.019665 -1.4574751 -0.91439312 -0.42278794 -0.053511791 0.25045427 0.4031489 0.55162504 0.68623122 0.89096924
-2.3908188 -2.2782011 -2.0515815 -1.7901667 -1.5388197 -1.3327655 -1.1913828 -1.1897337 -1.2065413 -1.3539173 -1.5118188 -1.647115 -1.7707524 -1.807517 -1.8435172 -1.8103534 -1.8335269 -1.8611634 -1.9930796 -2.1483338 -2.3616419 -2.5682286 -2.7267376 -2.8378756 -2.8729902 -2.8465148 -2.7857144 -2.7345845 -2.6888691 -2.7048031 -2.7200396 -2.7310942 -2.6783973 -2.5762485 -2.3668572 -2.1126787 -1.8087679 -1.5524468 -1.3726836 -1.3706142 -1.4525484 -1.6952135 -1.9554762 -2.1822676 -2.3031219 -2.2738597 -2.0205533 -1.6752592 -1.1223747 -0.58353799 -0.10949013 0.24694019 0.52200499 0.64324315 0.77681344 0.83596348 1.0002345
-2.3880145 -2.2937457 -2.0909221 -1.9244058 -1.7090154 -1.6300145 -1.5163175 -1.5832937 -1.6272147 -1.7543159 -1.8808614 -1.9164556 -1.96748 -1.8922126 -1.8318831 -1.7461287 -1.7094856 -1.7234822 -1.8553984 -2.0111423 -2.2504535 -2.4637351 -2.6380275 -2.7445692 -2.7750482 -2.7369971 -2.674526 -2.6141642 -2.5688327 -2.58639 -2.6035992 -2.6172971 -2.5646002 -2.4592562 -2.2197413 -1.9631201 -1.6309418 -1.3501891 -1.1640678 -1.1322284 -1.2120992 -1.4363005 -1.6908886 -1.9028835 -2.0317668 -1.9915982 -1.7288813 -1.3816287 -0.83797614 -0.30917567 0.15198689 0.45567084 0.72431659 0.79939533 0.8934463 0.92526814 0.97437582
-2.3438224 -2.2283689 -2.0570224 -1.9302174 -1.8045439 -1.7960217 -1.7976735 -1.9405183 -2.0676464 -2.1947745 -2.2952599 -2.3004963 -2.2427916 -2.0990816 -1.9159338 -1.7501146 -1.6432537 -1.6033339 -1.7183622 -1.8765843 -2.1197858 -2.3556699 -2.538071 -2.6543229 -2.6777326 -2.6359826 -2.5619394 -2.4969865 -2.4388472 -2.4564045 -2.4736137 -2.4901957 -2.4511509 -2.3458069 -2.106249 -1.8500548 -1.5164656 -1.2378941 -1.0447635 -1.0215979 -1.0925031 -1.308428 -1.5429973 -1.7478328 -1.8421542 -1.7894822 -1.5118958 -1.1406069 -0.59525976 -0.084958169 0.35982747 0.65731577 0.88013024 0.92814591 0.95928001 0.95342757 0.99510046
-2.2283623 -2.1105328 -2.0165686 -1.9282264 -1.9334628 -1.9714303 -2.1023402 -2.2817844 -2.4517913 -2.5596833 -2.6396657 -2.5625008 -2.4481104 -2.1901681 -1.9574173 -1.6976339 -1.5703138 -1.5039861 -1.6238068 -1.7904829 -2.0474877 -2.2960612 -2.4739568 -2.585973 -2.5982544 -2.5499327 -2.4559684 -2.3856204 -2.3196298 -2.3371871 -2.3543963 -2.3924275 -2.3682575 -2.2861983 -2.0691384 -1.8500548 -1.5475795 -1.2908796 -1.1369079 -1.1223923 -1.1984741 -1.3956182 -1.6158524 -1.782275 -1.8539541 -1.7310528 -1.4310605 -1.0213895 -0.46647614 0.047505599 0.46317406 0.74660833 0.93973894 0.95076087 0.9659032 0.92600745 0.95130023
-2.1270869 -2.0637848 -1.9945614 -2.0064275 -2.0321802 -2.1630857 -2.3038402 -2.4875734 -2.6812256 -2.7426109 -2.7953631 -2.646711 -2.4884788 -2.1871898 -1.9156738 -1.6538295 -1.5227796 -1.4584644 -1.5825604 -1.7628766 -2.0237631 -2.2667574 -2.4301525 -2.5306781 -2.531446 -2.4519717 -2.3544829 -2.2798596 -2.2138689 -2.2328699 -2.2773334 -2.3311014 -2.3389853 -2.2757048 -2.1319355 -1.9165159 -1.6857897 -1.4422453 -1.3100376 -1.3216577 -1.3986407 -1.5688718 -1.7656908 -1.862804 -1.9088309 -1.7547755 -1.3833049 -0.96945474 -0.40557035 0.10214339 0.51277357 0.76023618 0.95000705 0.95205797 0.93834411 0.89507994 0.89955651
-2.0454492 -1.9865819 -1.9534181 -1.9887753 -2.0725577 -2.22039 -2.4089003 -2.5922329 -2.7912159 -2.835941 -2.8530931 -2.6860955 -2.4939063 -2.1733225 -1.8925071 -1.6271964 -1.5074028 -1.4521297 -1.5918143 -1.7745827 -2.0259862 -2.2534821 -2.4082467 -2.4853666 -2.4678092 -2.3779789 -2.2563782 -2.1794031 -2.1141801 -2.1434423 -2.2001015 -2.2719565 -2.3037099 -2.2861526 -2.163455 -2.008419 -1.8052048 -1.6302248 -1.5307332 -1.5445708 -1.626505 -1.7842624 -1.9460731 -2.0113042 -1.9799133 -1.7867827 -1.4064426 -0.94995206 -0.383736 0.1277159 0.53153444 0.77345357 0.93732197 0.93494722 0.91100093 0.86418139 0.87641883
-2.015558 -1.9645998 -1.9534181 -1.9867663 -2.0659345 -2.1963939 -2.3559148 -2.5010828 -2.6587521 -2.6653623 -2.6610207 -2.5039288 -2.3182165 -2.0639604 -1.8115829 -1.6205732 -1.5292267 -1.5249848 -1.6646694 -1.8474377 -2.0630027 -2.2732804 -2.3727719 -2.4282995 -2.3618382 -2.269336 -2.143784 -2.0705354 -2.0082091 -2.0612804 -2.1381896 -2.2376812 -2.2873675 -2.3060222 -2.2150836 -2.0878973 -1.9240289 -1.7626885 -1.6850518 -1.6985762 -1.7722151 -1.8949932 -2.0321745 -2.0497318 -2.0064061 -1.7723776 -1.3837186 -0.9234593 -0.36707035 0.14096227 0.52770181 0.76142066 0.9174524 0.91507765 0.89113137 0.86094217 0.88664008
-1.9550507 -1.938107 -1.9312899 -1.9780561 -2.0268007 -2.1375098 -2.216179 -2.2360846 -2.3673541 -2.3717609 -2.3208758 -2.1696166 -2.0435789 -1.8243909 -1.6861047 -1.5650807 -1.5617991 -1.6199171 -1.7854302 -1.9551334 -2.1706984 -2.297505 -2.3820236 -2.3484302 -2.2638021 -2.1546548 -2.0238638 -1.949231 -1.9176064 -1.9843487 -2.0763128 -2.1832246 -2.2574569 -2.2878688 -2.2044677 -2.1064045 -1.9421541 -1.8025031 -1.7159869 -1.7181704 -1.7618574 -1.8490801 -1.9658484 -1.9811232 -1.8907942 -1.6665594 -1.2854577 -0.85647977 -0.33622252 0.16094784 0.53562812 0.75915254 0.91533713 0.92569359 0.90762468 0.88269574 0.91277051
-1.9217101 -1.9121739 -1.9121739 -1.9089927 -1.9299383 -1.931652 -1.9630703 -1.9604759 -1.9770578 -1.9426118 -1.9196248 -1.8392108 -1.7887085 -1.689217 -1.6535288 -1.6258923 -1.6869729 -1.7754098 -1.9273213 -2.0859244 -2.2039069 -2.2974779 -2.3140598 -2.2755751 -2.1643787 -2.0414394 -1.9087841 -1.8670757 -1.8418447 -1.9296313 -2.0275297 -2.1491304 -2.2194497 -2.2545644 -2.176489 -2.0790449 -1.9036976 -1.7546497 -1.6493058 -1.6068343 -1.6360965 -1.7129681 -1.7958102 -1.7979348 -1.7166387 -1.5059507 -1.182967 -0.76744354 -0.27128454 0.18352042 0.54051942 0.76687915 0.9248951 0.94173291 0.9399922 0.92243487 0.95690288
-1.8387862 -1.8430931 -1.8591884 -1.8217754 -1.7709818 -1.7021638 -1.6252877 -1.5465445 -1.4869419 -1.4393995 -1.4096393 -1.4410577 -1.4393214 -1.5498676 -1.5886661 -1.7318633 -1.8329603 -1.9873518 -2.1264512 -2.2581273 -2.3023458 -2.3615088 -2.2896539 -2.2292368 -2.0915236 -1.9769914 -1.8557986 -1.829518 -1.8153519 -1.9069763 -2.0046768 -2.1096957 -2.1708021 -2.1883325 -2.091961 -1.9796971 -1.7690092 -1.6089396 -1.4502631 -1.3688324 -1.3579226 -1.410692 -1.4778971 -1.5071593 -1.4318416 -1.289699 -1.0224209 -0.66147252 -0.22079736 0.21663636 0.55694766 0.78579612 0.95138785 0.97799584 0.97973133 0.95676099 0.98464733
-1.6792417 -1.7350191 -1.7699214 -1.7111576 -1.6356431 -1.4579089 -1.32642 -1.1259335 -1.0104037 -0.95863815 -0.94066089 -1.0572078 -1.1561916 -1.3772097 -1.5847426 -1.8067625 -2.0171957 -2.2066348 -2.3472375 -2.4600735 -2.4507097 -2.4625693 -2.3634297 -2.2600396 -2.1151244 -1.9989061 -1.8843243 -1.8601199 -1.8559319 -1.9457576 -2.008858 -2.0934472 -2.1249203 -2.1273781 -2.004606 -1.8793024 -1.642503 -1.4468499 -1.2626577 -1.1213865 -1.0817606 -1.1107914 -1.1663719 -1.2154994 -1.1792731 -1.0783704 -0.90680514 -0.58864423 -0.19599974 0.2087239 0.54816557 0.79608182 0.96936685 1.0011692 1.0057427 0.97531904 0.98198405
-1.4467555 -1.5827955 -1.6435958 -1.6208968 -1.5109325 -1.3138421 -1.0786607 -0.81659711 -0.58997752 -0.53435606 -0.51486431 -0.6667198 -0.87900528 -1.1830072 -1.5369947 -1.8686331 -2.1748929 -2.4227841 -2.5661127 -2.672161 -2.6500517 -2.6014011 -2.4853277 -2.3550826 -2.2029191 -2.0830019 -1.9779831 -1.9551629 -1.9369397 -2.0013166 -2.0462431 -2.1070435 -2.0988282 -2.0695659 -1.9396432 -1.790556 -1.5447534 -1.3098622 -1.0933218 -0.94750712 -0.84720975 -0.8581674 -0.89372905 -0.95225348 -0.9739296 -0.92125761 -0.76786622 -0.55691156 -0.19384591 0.17110019 0.51054187 0.76451609 0.97058211 1.0119389 1.0147716 0.97380455 0.97289709
-1.2788099 -1.4481968 -1.5753249 -1.5575218 -1.4318483 -1.2101687 -0.90645776 -0.6110992 -0.33829636 -0.27919352 -0.25655996 -0.47140395 -0.72004876 -1.1499268 -1.5548649 -1.9970495 -2.3285325 -2.6214798 -2.7594652 -2.8576103 -2.8168701 -2.7537345 -2.6328802 -2.5015763 -2.3552524 -2.2353352 -2.1303164 -2.0837131 -2.0362876 -2.0481768 -2.0650089 -2.0705362 -2.0473932 -2.0033341 -1.8789616 -1.7375705 -1.4959325 -1.2634487 -1.029351 -0.86922173 -0.73461555 -0.73165 -0.7546421 -0.83134038 -0.86608627 -0.8836436 -0.76206057 -0.60989706 -0.27387793 0.079360975 0.44221242 0.70999165 0.94408936 0.99849271 1.0076644 0.93743513 0.92775289
-1.2016142 -1.4201852 -1.5776075 -1.5666884 -1.4475874 -1.1854732 -0.87708094 -0.55169885 -0.25544903 -0.18275874 -0.17580315 -0.42194743 -0.71306399 -1.1755934 -1.625052 -2.0742451 -2.4190097 -2.7106754 -2.8449363 -2.9380756 -2.8930295 -2.8332413 -2.7262208 -2.5995131 -2.4581276 -2.3211568 -2.2112367 -2.0878435 -2.0358118 -2.015002 -1.9429465 -1.9289565 -1.9218404 -1.8827983 -1.8196112 -1.6820924 -1.4971789 -1.2591081 -1.0324884 -0.85179054 -0.71247787 -0.67618624 -0.69449575 -0.78063748 -0.8377312 -0.87538929 -0.82690973 -0.68192605 -0.3649504 -0.015436126 0.35285929 0.65877155 0.89855312 0.96247821 0.96792531 0.89255113 0.87656908
