P2_models/J1_p2_tot_conduct_slide_102.59.dat.tif
NCOLS 118
NROWS 92
XLLCORNER 139.62
YLLCORNER -39.07
DX 0.099491525
DY 0.099347826
NODATA_VALUE -9999
[rows 52 to 77 of 92, columns 0 to 56 of 118]
-1.909621 -1.8665843 -1.8168385 -1.7740237 -1.7361222 -1.7091224 -1.6941987 -1.6909024 -1.7051155 -1.7309398 -1.7806856 -1.8376384 -1.9222062 -2.0150578 -2.1244985 -2.2343032 -2.3536931 -2.4690235 -2.5784641 -2.6828371 -2.7723795 -2.8802529 -3.019541 -3.1293758 -3.1641978 -3.1911985 -3.1762748 -3.1562884 -3.0965935 -3.0249157 -2.883533 -2.737816 -2.5587313 -2.37482 -2.149655 -1.9355292 -1.7365462 -1.5514384 -1.3838737 -1.2404609 -1.1304966 -1.061316 -1.0314686 -1.0369102 -1.0840378 -1.1549659 -1.2544574 -1.3724 -1.5071251 -1.6460279 -1.7887444 -1.9187577 -2.0482255 -2.1642989 -2.2762101 -2.3652289 -2.4563988
-1.9400145 -1.8999397 -1.8525514 -1.8097366 -1.7746644 -1.7501545 -1.7352308 -1.7382318 -1.7586848 -1.7889753 -1.8458427 -1.9075419 -1.9941112 -2.0902807 -2.1997214 -2.3139798 -2.437083 -2.5486974 -2.6468455 -2.7442523 -2.8185344 -2.9226107 -3.0584043 -3.1512772 -3.158682 -3.1718769 -3.1331475 -3.0948086 -2.9989476 -2.9108317 -2.7454279 -2.5843709 -2.3908055 -2.1964523 -1.973578 -1.7708706 -1.5847749 -1.4137981 -1.2683882 -1.1586201 -1.0782697 -1.0540179 -1.0550374 -1.1034821 -1.1756116 -1.2931228 -1.4106154 -1.5620026 -1.7061128 -1.8556534 -2.003127 -2.1201208 -2.2482909 -2.3335503 -2.4353515 -2.4953466 -2.5695527
-1.976748 -1.9363867 -1.8916155 -1.8536367 -1.8204729 -1.7975934 -1.7826697 -1.7873011 -1.8109896 -1.8490365 -1.9087314 -1.9786721 -2.0682144 -2.1660144 -2.275455 -2.3720483 -2.4961431 -2.6034016 -2.6975418 -2.7755122 -2.844399 -2.9314838 -3.0608228 -3.1152489 -3.1145652 -3.1010483 -3.0559983 -3.0073246 -2.9058248 -2.7815561 -2.6081257 -2.4263817 -2.2273987 -2.0214754 -1.8015468 -1.6184046 -1.4393198 -1.2979897 -1.1670798 -1.0967723 -1.0444083 -1.0632231 -1.0980451 -1.1914712 -1.2961991 -1.4423823 -1.5942378 -1.76133 -1.9288947 -2.0781738 -2.2300293 -2.3408001 -2.4536428 -2.5264247 -2.593107 -2.6418119 -2.6517538
-2.0227693 -1.9840804 -1.9442838 -1.9055962 -1.8676947 -1.8454152 -1.8404406 -1.8474787 -1.8759049 -1.9153964 -1.9800659 -2.0515271 -2.1460053 -2.2454926 -2.3549333 -2.4515265 -2.5211706 -2.6100248 -2.6796689 -2.7490194 -2.788816 -2.8652519 -2.8962775 -2.9099301 -2.8950063 -2.8758599 -2.8261141 -2.775513 -2.7158181 -2.6093532 -2.4260793 -2.2409324 -2.0419494 -1.8360261 -1.6422229 -1.4693404 -1.3250777 -1.1977815 -1.1244719 -1.0766132 -1.0923224 -1.1319824 -1.2264993 -1.3395105 -1.501518 -1.6590336 -1.8392957 -2.0111111 -2.1871991 -2.3279752 -2.4684641 -2.5660064 -2.6655849 -2.7098033 -2.7586867 -2.7691595 -2.763978
-2.0656389 -2.0304428 -1.9962727 -1.9617121 -1.9261975 -1.9064079 -1.9036449 -1.9146417 -1.9403904 -1.9816283 -2.0479076 -2.1260898 -2.2190478 -2.3152173 -2.4231498 -2.5099506 -2.5665112 -2.6361552 -2.7015799 -2.7517875 -2.7875173 -2.8123901 -2.8346535 -2.8411619 -2.8212225 -2.7755869 -2.7082155 -2.6558681 -2.5858031 -2.4615343 -2.2739735 -2.0749904 -1.8791085 -1.688513 -1.5040077 -1.3462679 -1.2214937 -1.1357017 -1.0896026 -1.0922654 -1.1381182 -1.2239824 -1.3492587 -1.5274366 -1.7025779 -1.8789829 -2.0731539 -2.2561691 -2.4259962 -2.5667723 -2.6708728 -2.7654267 -2.823882 -2.8633986 -2.8657447 -2.8659273 -2.8180504
-2.1115843 -2.0872288 -2.0573814 -2.0255932 -1.9924294 -1.978 -1.978 -1.9889968 -2.0126852 -2.0511186 -2.1207627 -2.1972373 -2.2867797 -2.3752924 -2.4797585 -2.5605593 -2.6103051 -2.6571059 -2.7118263 -2.7545212 -2.7793941 -2.8013602 -2.8162839 -2.807072 -2.7718602 -2.7194661 -2.6441059 -2.5538771 -2.4482161 -2.32 -2.1210169 -1.9299322 -1.7408983 -1.5589781 -1.3914135 -1.2801483 -1.1856314 -1.1391913 -1.1287186 -1.1767797 -1.2500892 -1.3788475 -1.5280847 -1.7107627 -1.9097458 -2.1057288 -2.3047119 -2.4692431 -2.6368078 -2.7358305 -2.835322 -2.8878131 -2.9422147 -2.933 -2.9165772 -2.8825433 -2.8171454
-2.1644897 -2.143138 -2.1232397 -2.0936163 -2.0699278 -2.0574783 -2.0574783 -2.068475 -2.0921635 -2.1303384 -2.1950079 -2.2700924 -2.3548293 -2.4410539 -2.5305963 -2.6064979 -2.6363454 -2.6768102 -2.7166069 -2.7545127 -2.7694364 -2.7881138 -2.7893841 -2.7739561 -2.7192358 -2.6598574 -2.5603659 -2.4611525 -2.3268389 -2.1875362 -1.9885532 -1.7980659 -1.6239557 -1.4463839 -1.3144818 -1.219891 -1.1751198 -1.1450803 -1.1817351 -1.2487867 -1.3796966 -1.5214256 -1.705485 -1.894228 -2.1084414 -2.3003861 -2.4901611 -2.6372486 -2.7758947 -2.8541641 -2.9280467 -2.96335 -3.0018234 -2.9631322 -2.9298235 -2.856514 -2.7768229
-2.2042289 -2.1925545 -2.1762253 -2.154109 -2.13719 -2.1322101 -2.1322101 -2.1432069 -2.1668954 -2.1980364 -2.2507543 -2.3222543 -2.4011078 -2.4657773 -2.5398717 -2.6197784 -2.6684686 -2.698316 -2.73173 -2.760997 -2.7694364 -2.78 -2.7623849 -2.6919738 -2.6339097 -2.5656724 -2.4627862 -2.351587 -2.2103824 -2.0637662 -1.8750749 -1.6947825 -1.5389557 -1.3791598 -1.2585569 -1.1968196 -1.1705908 -1.176554 -1.2339452 -1.3336508 -1.4772763 -1.648485 -1.8379487 -2.036783 -2.2497753 -2.415199 -2.5926645 -2.7013353 -2.8254556 -2.8670702 -2.9279357 -2.8709659 -2.899688 -2.8518714 -2.8042519 -2.7273691 -2.6441844
-2.2376701 -2.2336632 -2.2237141 -2.2181509 -2.2086755 -2.2064348 -2.2064348 -2.2188011 -2.2424896 -2.2736306 -2.3184018 -2.3672644 -2.4319339 -2.4924947 -2.5571641 -2.6120103 -2.6717052 -2.7220696 -2.7519171 -2.7715042 -2.7764788 -2.7540905 -2.6794718 -2.6076912 -2.5479963 -2.4693419 -2.3648222 -2.2499493 -2.1056866 -1.9502517 -1.7669779 -1.6011376 -1.4568749 -1.3315556 -1.2320641 -1.1785442 -1.1685951 -1.2019019 -1.2804478 -1.4065059 -1.5688342 -1.7542314 -1.9532144 -2.1514424 -2.3608983 -2.5246048 -2.6653618 -2.7566107 -2.8374033 -2.8682151 -2.8901142 -2.8262248 -2.7560214 -2.7062756 -2.6404911 -2.5619451 -2.4642134
-2.2840324 -2.2828894 -2.287864 -2.285913 -2.285913 -2.286266 -2.2912405 -2.3049026 -2.328591 -2.3597321 -2.3950516 -2.4401194 -2.4907641 -2.5454802 -2.5916532 -2.6380303 -2.6877761 -2.735316 -2.7561186 -2.7715042 -2.7630641 -2.7342209 -2.6551815 -2.5811985 -2.5127638 -2.4296028 -2.310213 -2.1903406 -2.0418098 -1.8840198 -1.7143808 -1.5547753 -1.424512 -1.3050629 -1.2353566 -1.1922416 -1.2071654 -1.2488525 -1.348344 -1.4799808 -1.6475455 -1.832772 -2.0267805 -2.2175902 -2.4072606 -2.5634075 -2.6786082 -2.7599334 -2.8175338 -2.8385155 -2.8437519 -2.7740019 -2.6964127 -2.6207412 -2.53452 -2.4207564 -2.3052569
-2.3246441 -2.3441591 -2.3540959 -2.3561594 -2.3582855 -2.3654957 -2.3727261 -2.3841887 -2.4054606 -2.4295677 -2.4586748 -2.4986197 -2.5444711 -2.5792931 -2.618146 -2.6597053 -2.700421 -2.7377261 -2.7515027 -2.7608713 -2.7478105 -2.7175139 -2.6368768 -2.5537115 -2.4776406 -2.3944796 -2.2750898 -2.1491957 -2.0032735 -1.8520625 -1.6910982 -1.5433868 -1.4257149 -1.3166761 -1.2533652 -1.233567 -1.2535277 -1.3053981 -1.4073513 -1.5357411 -1.6993281 -1.8707677 -2.0580921 -2.2306235 -2.4097164 -2.5313623 -2.6410792 -2.7003923 -2.7561207 -2.7512144 -2.7558461 -2.6636178 -2.5836416 -2.4686107 -2.3683129 -2.2341043 -2.1120213
-2.363339 -2.3905214 -2.4104197 -2.4239246 -2.4286623 -2.440829 -2.4507782 -2.4649061 -2.4838569 -2.5049011 -2.5297739 -2.5630186 -2.5978406 -2.6314235 -2.6662456 -2.6837198 -2.7185418 -2.7455884 -2.7555376 -2.7554873 -2.7405636 -2.7040532 -2.6194854 -2.5425158 -2.4629226 -2.3687985 -2.2494086 -2.1235146 -1.9792518 -1.8305263 -1.6734344 -1.536336 -1.4268954 -1.3400842 -1.2877202 -1.2704003 -1.2952732 -1.3529996 -1.4577275 -1.5850092 -1.7421011 -1.9018329 -2.0759431 -2.2203264 -2.3774183 -2.4887608 -2.5777796 -2.6234358 -2.6629895 -2.6519101 -2.6324397 -2.5365343 -2.4425039 -2.3209032 -2.1899143 -2.0485316 -1.9133256
-2.4097013 -2.4385321 -2.4683795 -2.4860721 -2.5097606 -2.527153 -2.5420767 -2.5566705 -2.5708836 -2.5910025 -2.6342569 -2.6756128 -2.7058903 -2.7373946 -2.7677229 -2.7782992 -2.7484517 -2.7588348 -2.76 -2.7554873 -2.7362224 -2.6974301 -2.6343137 -2.5690086 -2.4809365 -2.3819323 -2.2575679 -2.1301377 -1.9817373 -1.8305263 -1.6866779 -1.5562056 -1.4603731 -1.3798233 -1.3371269 -1.3233858 -1.3482587 -1.4059351 -1.4949539 -1.6151885 -1.740862 -1.8887518 -2.0230654 -2.1462596 -2.2648241 -2.3678776 -2.425478 -2.461831 -2.4775402 -2.4571525 -2.4204977 -2.3385916 -2.2636778 -2.1277841 -1.9845955 -1.8474846 -1.71463
-2.441342 -2.4890843 -2.5235027 -2.549746 -2.5754301 -2.5974501 -2.6123738 -2.6247683 -2.6366952 -2.6599519 -2.701996 -2.7416443 -2.7691563 -2.7873979 -2.8087592 -2.8161236 -2.7805169 -2.7568898 -2.751029 -2.7420036 -2.7161427 -2.6846173 -2.6258359 -2.5612977 -2.4717553 -2.3754545 -2.2573577 -2.1316925 -1.9951938 -1.8518776 -1.720004 -1.5980275 -1.5090832 -1.4320036 -1.3915694 -1.3766619 -1.3967587 -1.4372505 -1.5146133 -1.6062592 -1.7207823 -1.8280114 -1.9500002 -2.0549161 -2.1614821 -2.2238951 -2.2776302 -2.2833349 -2.2965764 -2.2497789 -2.2130412 -2.128367 -2.0532696 -1.9224653 -1.785142 -1.6622455 -1.5458494
-2.4675986 -2.5222003 -2.5669714 -2.6021779 -2.630604 -2.6548414 -2.6697651 -2.6810509 -2.6905263 -2.7096113 -2.7494079 -2.782374 -2.8022723 -2.8149703 -2.8298941 -2.8249352 -2.7851385 -2.7535637 -2.7436146 -2.7265398 -2.6966923 -2.6595779 -2.6048576 -2.5403195 -2.4507771 -2.3578023 -2.2433871 -2.1283954 -1.9990564 -1.8750732 -1.7493997 -1.639984 -1.5554162 -1.4867242 -1.4500694 -1.4318359 -1.4467596 -1.4769606 -1.5397974 -1.6095273 -1.7037824 -1.7915403 -1.8860573 -1.9654596 -2.0492419 -2.0969169 -2.1335716 -2.1309726 -2.1204998 -2.0687354 -2.0111351 -1.9250181 -1.8354678 -1.7120401 -1.5953449 -1.4801441 -1.3869798
-2.4940914 -2.5505462 -2.6000874 -2.6363024 -2.6742039 -2.7012037 -2.7161274 -2.7263225 -2.7310602 -2.7487006 -2.7835227 -2.8154899 -2.8265601 -2.8331957 -2.8331957 -2.8239407 -2.7741949 -2.739871 -2.7249472 -2.7062747 -2.6714527 -2.6330852 -2.574205 -2.5074974 -2.4229296 -2.3320386 -2.232547 -2.1223486 -2.0079334 -1.889148 -1.7844201 -1.680904 -1.6062854 -1.5397097 -1.5030549 -1.4818551 -1.4818551 -1.505894 -1.5477852 -1.6040031 -1.6574201 -1.7341607 -1.7999558 -1.8638566 -1.910155 -1.948188 -1.9679919 -1.956743 -1.9350505 -1.8799301 -1.8190626 -1.7367745 -1.6500185 -1.5449997 -1.4368389 -1.3582929 -1.2786829
-2.4993301 -2.5596186 -2.6093644 -2.6521792 -2.6807549 -2.6953051 -2.7085391 -2.7160689 -2.7208066 -2.7361789 -2.7710009 -2.7972848 -2.8051594 -2.8051594 -2.8031866 -2.7980552 -2.77855 -2.7396898 -2.7229966 -2.6951153 -2.6586255 -2.6094941 -2.5482331 -2.4743814 -2.3905458 -2.3082492 -2.2147644 -2.1113704 -2.0001076 -1.9067494 -1.8047433 -1.7206431 -1.6480821 -1.5926952 -1.5547139 -1.5304855 -1.5276313 -1.53901 -1.5721722 -1.6062712 -1.6475422 -1.6965085 -1.7429815 -1.7655696 -1.802226 -1.8265213 -1.8266773 -1.8042285 -1.7744631 -1.7162562 -1.6534194 -1.5708324 -1.4950548 -1.3904319 -1.317078 -1.2446483 -1.2096394
-2.4993698 -2.5615752 -2.6113209 -2.6402737 -2.6544868 -2.6666769 -2.676626 -2.6841559 -2.6888936 -2.7042658 -2.7390879 -2.7619565 -2.7619565 -2.7557082 -2.745759 -2.7386711 -2.7436457 -2.7373333 -2.7124604 -2.6805923 -2.6358211 -2.583783 -2.5141389 -2.442668 -2.3630748 -2.2827347 -2.1931923 -2.107563 -2.0180206 -1.9315446 -1.8425259 -1.7637806 -1.6991111 -1.6419891 -1.6000979 -1.5706964 -1.5607472 -1.5574412 -1.5731504 -1.5902008 -1.6163828 -1.6378768 -1.6627496 -1.6804464 -1.701392 -1.699266 -1.6887932 -1.6613743 -1.6299559 -1.5737054 -1.5108687 -1.4420699 -1.3697267 -1.301845 -1.2427668 -1.2061121 -1.1858696
-2.5126161 -2.5748215 -2.6245673 -2.6535201 -2.6677332 -2.6799232 -2.6898724 -2.6974023 -2.7021399 -2.7175122 -2.7523343 -2.7752029 -2.7666356 -2.7550297 -2.7401059 -2.7307926 -2.725818 -2.7163101 -2.681488 -2.6469504 -2.5972046 -2.5440438 -2.4703704 -2.3971543 -2.3275102 -2.2503656 -2.1707724 -2.0889838 -2.0193397 -1.9391804 -1.8658709 -1.7917151 -1.7369948 -1.6817282 -1.6398371 -1.6093163 -1.5943926 -1.5858529 -1.5806165 -1.5902286 -1.5965132 -1.6101406 -1.6163873 -1.6237435 -1.6219137 -1.6147059 -1.5960686 -1.5656359 -1.5306081 -1.4813306 -1.4247672 -1.3718056 -1.310118 -1.2658996 -1.2172481 -1.2067753 -1.1958307
-2.5135795 -2.5796186 -2.6293644 -2.6583172 -2.6725303 -2.6870805 -2.6991959 -2.7067258 -2.7114634 -2.7268357 -2.7616578 -2.7811111 -2.7699534 -2.7550297 -2.7401059 -2.7251822 -2.7143667 -2.6969514 -2.6561868 -2.6153478 -2.5625799 -2.5055672 -2.4309485 -2.359135 -2.2926147 -2.2229707 -2.1497269 -2.0766379 -2.0166705 -1.9500527 -1.886375 -1.8228132 -1.7737474 -1.7232779 -1.6828846 -1.653295 -1.6359423 -1.6206954 -1.6107149 -1.6028514 -1.6023899 -1.5986366 -1.5988667 -1.591808 -1.5836116 -1.5642985 -1.5423457 -1.5094242 -1.4727694 -1.4316499 -1.3794092 -1.336098 -1.2847391 -1.2578918 -1.2247523 -1.2243395 -1.2319711
-2.5075215 -2.5735607 -2.6233064 -2.6537737 -2.6679868 -2.679508 -2.6944318 -2.7046269 -2.7093646 -2.7247369 -2.7595589 -2.7591307 -2.744207 -2.7323123 -2.7173885 -2.7039793 -2.6890556 -2.6648013 -2.6200302 -2.5752795 -2.5205591 -2.4615397 -2.3869211 -2.3241945 -2.259525 -2.1990734 -2.1299177 -2.0641762 -2.0094558 -1.9555263 -1.897926 -1.8492511 -1.8044799 -1.7669416 -1.7302868 -1.7037261 -1.6838278 -1.665653 -1.6499438 -1.6353472 -1.6248744 -1.6116826 -1.6017335 -1.5854043 -1.5696951 -1.5469476 -1.5207656 -1.4865997 -1.4506878 -1.4103399 -1.3696643 -1.328072 -1.289867 -1.2677578 -1.253289 -1.2585254 -1.2784431
-2.4810833 -2.5481675 -2.6028878 -2.632084 -2.6368217 -2.6458943 -2.6558434 -2.6655726 -2.675048 -2.6916209 -2.6679942 -2.6465365 -2.6412526 -2.6329644 -2.6180407 -2.6047229 -2.5947738 -2.5720767 -2.5366402 -2.4958012 -2.4456974 -2.3886847 -2.3414599 -2.2910785 -2.2309239 -2.1725806 -2.1178603 -2.057553 -2.0072458 -1.9555263 -1.9119956 -1.8691207 -1.8387837 -1.8066807 -1.7802442 -1.7567116 -1.7368133 -1.7183465 -1.6974009 -1.6801799 -1.6592343 -1.643716 -1.6287923 -1.6103652 -1.5895647 -1.5668171 -1.5406352 -1.5085989 -1.4771805 -1.4394351 -1.4027803 -1.3673384 -1.3362293 -1.3179687 -1.3062745 -1.316058 -1.3380518
-2.4564529 -2.523537 -2.5782574 -2.6037289 -2.6107376 -2.6227979 -2.6351478 -2.644877 -2.6543524 -2.6534444 -2.6315739 -2.6135315 -2.6085569 -2.6019256 -2.5901059 -2.5767881 -2.566839 -2.5491144 -2.5142924 -2.4764619 -2.4299727 -2.3816804 -2.338098 -2.2940938 -2.2377572 -2.1821174 -2.1342154 -2.0833976 -2.0405718 -1.9954314 -1.9604303 -1.9260512 -1.9023272 -1.8736943 -1.8492446 -1.8287406 -1.8088423 -1.7906675 -1.7723284 -1.7487557 -1.7256764 -1.7053508 -1.6886111 -1.670184 -1.6492384 -1.6247737 -1.5985917 -1.5644258 -1.5322385 -1.5008201 -1.4644614 -1.4327442 -1.4018187 -1.3852368 -1.3735426 -1.3804276 -1.4007755
-2.4231991 -2.4922001 -2.5469204 -2.5751644 -2.5846397 -2.5996659 -2.6145896 -2.628467 -2.6379424 -2.6400003 -2.620102 -2.6053265 -2.600352 -2.5952035 -2.5852544 -2.5782711 -2.5683219 -2.5520802 -2.5172582 -2.4809106 -2.4361394 -2.3928216 -2.353025 -2.3147113 -2.2602321 -2.2109186 -2.1664098 -2.1255412 -2.0861087 -2.051049 -2.0199648 -1.9939643 -1.974066 -1.9538206 -1.9328751 -1.9153369 -1.8954386 -1.8757808 -1.8600716 -1.8391082 -1.8129262 -1.7904641 -1.7705658 -1.7500582 -1.7291127 -1.703165 -1.676983 -1.6443 -1.6076452 -1.5739723 -1.5425539 -1.5096526 -1.4783599 -1.4591793 -1.4451391 -1.4497557 -1.4635473
-2.3735252 -2.4425262 -2.4972465 -2.526842 -2.5410551 -2.5579655 -2.5778638 -2.5937021 -2.6079152 -2.6121663 -2.6022171 -2.5914208 -2.5914208 -2.5881072 -2.5781581 -2.5714208 -2.5714208 -2.5592487 -2.5294012 -2.4951245 -2.4553279 -2.414143 -2.379321 -2.3430964 -2.3032998 -2.2605925 -2.2257704 -2.1894076 -2.1595602 -2.129108 -2.1081624 -2.086432 -2.0715083 -2.0534827 -2.0377735 -2.0223955 -2.0074718 -1.9886498 -1.9677042 -1.9455523 -1.9193703 -1.8969082 -1.8770099 -1.8565023 -1.8355568 -1.8075728 -1.7763308 -1.7461569 -1.7140893 -1.6774345 -1.6419017 -1.6055458 -1.5706114 -1.5429749 -1.5231981 -1.5179617 -1.5270878
-2.3053114 -2.3713505 -2.4237356 -2.454752 -2.4801938 -2.509424 -2.5322593 -2.5517177 -2.5690285 -2.5834928 -2.5912368 -2.5847029 -2.5886615 -2.5936403 -2.5873315 -2.5757764 -2.5647029 -2.5584826 -2.5361191 -2.5062717 -2.4740608 -2.4357176 -2.3991705 -2.3635815 -2.3354686 -2.299727 -2.2727958 -2.2431772 -2.2253185 -2.2003394 -2.1873565 -2.1701669 -2.1588411 -2.1436571 -2.1347536 -2.1284613 -2.1135375 -2.0982906 -2.0804878 -2.0595423 -2.0360303 -2.0135682 -1.9936699 -1.9701159 -1.9469196 -1.9189356 -1.8875173 -1.8521069 -1.8193834 -1.7790355 -1.7415484 -1.6999561 -1.6628741 -1.6250106 -1.600046 -1.5865616 -1.5846169
