P2_models/J1_p2_vp_slide_diff2_60.dat.tif
NCOLS 118
NROWS 92
XLLCORNER 139.62
YLLCORNER -39.07
DX 0.099491525
DY 0.099347826
NODATA_VALUE -9999
[rows 0 to 23 of 92, columns 55 to 109 of 118]
-9999 -9999 -9999 -9999 -9999 -9999 -9999 -9999 -9999 -9999 -9999 -9999 -9999 -9999 -9999 -9999 -9999 -9999 -9999 -9999 -9999 -9999 -9999 -9999 -9999 -9999 -9999 -9999 -9999 -9999 -9999 -9999 -9999 -9999 -9999 -9999 -9999 -9999 -9999 -9999 -9999 -9999 -9999 -9999 -9999 -9999 -9999 -9999 -9999 -9999 -9999 -9999 -9999 -9999 -9999
-0.02252526 -0.021553974 -0.020582688 -0.019611402 -0.018640116 -0.024355027 -0.029048059 -0.032226103 -0.035404147 -0.03858219 -0.041760234 -0.045576962 -0.048454799 -0.051332637 -0.054210474 -0.057088312 -0.055361317 -0.047741924 -0.040122532 -0.032503139 -0.024883746 -0.023528589 -0.020664719 -0.020666784 -0.020668849 -0.020670914 -0.020672979 -0.023358815 -0.0272846 -0.031210386 -0.035136171 -0.037456246 -0.039242942 -0.048269019 -0.048677498 -0.049085976 -0.049494455 -0.049998151 -0.053600525 -0.057202898 -0.060805272 -0.064407646 -0.076009314 -0.078934141 -0.10426105 -0.12958796 -0.15491486 -0.18024177 -0.18760293 -0.19440991 -0.20159857 -0.20878723 -0.2159759 -0.23301659 -0.2374839
-0.026997913 -0.023222396 -0.02225111 -0.021279824 -0.020308538 -0.02602345 -0.036281914 -0.042143086 -0.045321129 -0.048499173 -0.051677216 -0.05569478 -0.059708838 -0.062586676 -0.065464513 -0.068342351 -0.066615356 -0.058995963 -0.051376571 -0.043757178 -0.043431491 -0.043738214 -0.03994402 -0.03669076 -0.036692825 -0.03669489 -0.036696955 -0.039382792 -0.043308577 -0.047234362 -0.04821442 -0.039076029 -0.040862725 -0.062335437 -0.073522112 -0.073930591 -0.074339069 -0.074842766 -0.078445139 -0.082047513 -0.085649887 -0.098012543 -0.1140972 -0.11266573 -0.11138449 -0.1367114 -0.16203831 -0.18736522 -0.19472637 -0.19352272 -0.19999266 -0.20718132 -0.21436998 -0.23141067 -0.25371866
-0.033020254 -0.02831164 -0.023919533 -0.022948247 -0.021976961 -0.027691872 -0.037950337 -0.048208801 -0.055238112 -0.058416156 -0.061594199 -0.065611763 -0.069658174 -0.073704585 -0.076718552 -0.07959639 -0.077869395 -0.070250002 -0.062935831 -0.063288473 -0.063641115 -0.063947839 -0.060153645 -0.056359451 -0.052716802 -0.052718867 -0.052720932 -0.055406768 -0.059332553 -0.058972593 -0.049834203 -0.040695813 -0.042482509 -0.06395522 -0.085427932 -0.098775205 -0.099183684 -0.099687381 -0.10328975 -0.10689213 -0.12001577 -0.13610043 -0.15218509 -0.15075362 -0.14745662 -0.14415963 -0.16916175 -0.19448866 -0.20184982 -0.20064617 -0.19944252 -0.2055754 -0.21276406 -0.22980476 -0.25211275
-0.039042595 -0.034333981 -0.029625367 -0.024916752 -0.023645383 -0.029360295 -0.039618759 -0.049877224 -0.060135689 -0.068333138 -0.071511182 -0.075528746 -0.079575157 -0.083621567 -0.087667978 -0.090850429 -0.089123434 -0.082792813 -0.083145455 -0.083498098 -0.08385074 -0.084157463 -0.080363269 -0.076569075 -0.072774882 -0.068980688 -0.068744908 -0.071430744 -0.069730767 -0.060592377 -0.051453987 -0.042315596 -0.044102292 -0.065575004 -0.087047715 -0.10852043 -0.1240283 -0.124532 -0.12813437 -0.142019 -0.15810366 -0.17418832 -0.19027297 -0.1888415 -0.18554451 -0.18224751 -0.17895052 -0.20161211 -0.20897326 -0.20776962 -0.20656597 -0.20536232 -0.21115815 -0.22819884 -0.25050683
-0.045064936 -0.040356322 -0.035647708 -0.030939093 -0.026230479 -0.031028717 -0.041287182 -0.051545647 -0.061804111 -0.072062576 -0.081428165 -0.085445729 -0.089492139 -0.09353855 -0.097584961 -0.10163137 -0.1026498 -0.10300244 -0.10335508 -0.10370772 -0.10406036 -0.10436709 -0.10057289 -0.0967787 -0.092984506 -0.089190312 -0.085396119 -0.080488941 -0.071350551 -0.062212161 -0.05307377 -0.04393538 -0.045722076 -0.067194787 -0.088667499 -0.11014021 -0.13161292 -0.14937661 -0.16402223 -0.18010689 -0.19619154 -0.2122762 -0.22836086 -0.22692939 -0.22363239 -0.2203354 -0.2170384 -0.21374141 -0.21609671 -0.21489306 -0.21368941 -0.21248576 -0.21128212 -0.22659292 -0.24890091
-0.031544598 -0.026835984 -0.02212737 -0.017418756 -0.020096494 -0.029162451 -0.039465856 -0.04972432 -0.059982785 -0.070241249 -0.080499714 -0.084752488 -0.088798898 -0.092845309 -0.09689172 -0.10306082 -0.1081502 -0.10850284 -0.10885548 -0.10920812 -0.10955131 -0.10338368 -0.098772489 -0.094978295 -0.091184102 -0.087389908 -0.083595714 -0.076146163 -0.067007772 -0.057869382 -0.048730991 -0.042324482 -0.05271025 -0.079798174 -0.10127089 -0.1227436 -0.14421631 -0.16552839 -0.18161305 -0.1976977 -0.21378236 -0.22986702 -0.2310512 -0.22791052 -0.22461352 -0.22131653 -0.21801953 -0.20856027 -0.20352746 -0.20232381 -0.20112016 -0.19991651 -0.20769296 -0.22731174 -0.24961973
-0.014928146 -0.010219532 -0.0055109179 -0.010440542 -0.017598424 -0.026664382 -0.037026957 -0.047350119 -0.057608583 -0.067867048 -0.078125512 -0.082378286 -0.086424697 -0.090471108 -0.09743979 -0.10623086 -0.11132024 -0.11167288 -0.11202552 -0.11140591 -0.10522122 -0.099053589 -0.094409212 -0.089764835 -0.085896683 -0.08210249 -0.078308296 -0.070858744 -0.061720354 -0.052581963 -0.047222177 -0.046389076 -0.056774845 -0.087375997 -0.11561439 -0.1370871 -0.15855981 -0.17987189 -0.19595655 -0.21204121 -0.22812586 -0.22782659 -0.22615357 -0.22301288 -0.21971589 -0.21641889 -0.20593609 -0.19287113 -0.18783832 -0.18663467 -0.18543102 -0.19419124 -0.20878008 -0.22839886 -0.25070685
0.0016883062 0.006373292 -0.00078459029 -0.0079424726 -0.015100355 -0.024166312 -0.034528888 -0.044891463 -0.055234381 -0.065492846 -0.075751311 -0.080004084 -0.084050495 -0.09181876 -0.10060983 -0.1094009 -0.11449028 -0.11484292 -0.11326051 -0.10707582 -0.10089114 -0.094723504 -0.090079127 -0.08543475 -0.080790373 -0.076815072 -0.073020878 -0.065571326 -0.056432936 -0.052119872 -0.051286771 -0.050453671 -0.060839439 -0.091440592 -0.12204174 -0.1514306 -0.17290331 -0.19421539 -0.21030005 -0.22627499 -0.22460197 -0.22292895 -0.22125593 -0.21811525 -0.21481825 -0.20331192 -0.19024696 -0.177182 -0.17214919 -0.17094554 -0.18068952 -0.19527836 -0.2098672 -0.22948598 -0.25179397
0.016029244 0.0088713614 0.0017134791 -0.0054444032 -0.012602285 -0.021668243 -0.032030818 -0.042393394 -0.052755969 -0.063118545 -0.073377109 -0.077629883 -0.08619773 -0.094988801 -0.10377987 -0.11257094 -0.11766032 -0.11511511 -0.10893043 -0.10274574 -0.09656105 -0.090393418 -0.085749041 -0.081104664 -0.076460287 -0.07181591 -0.06773346 -0.060283908 -0.057017567 -0.056184466 -0.055351366 -0.054518265 -0.064904033 -0.095505186 -0.12610634 -0.15670749 -0.18724681 -0.20855889 -0.22305037 -0.22137735 -0.21970433 -0.21803131 -0.21635829 -0.21321761 -0.20068774 -0.18762278 -0.17455782 -0.16149286 -0.15646005 -0.16718779 -0.18177664 -0.19636548 -0.21095432 -0.2305731 -0.23770416
0.017763132 0.01060525 0.0034473675 -0.0037105147 -0.010868397 -0.019541105 -0.02990368 -0.040266255 -0.050628831 -0.060991406 -0.071353981 -0.080197258 -0.088988329 -0.0977794 -0.10657047 -0.11536154 -0.11631462 -0.11012994 -0.10394525 -0.097760561 -0.091575873 -0.085722023 -0.082502143 -0.077857766 -0.073213389 -0.068569012 -0.063924635 -0.061887119 -0.061054018 -0.060220917 -0.059387816 -0.058554716 -0.071476579 -0.10207773 -0.13267889 -0.16328004 -0.19388119 -0.22352017 -0.22184715 -0.22017413 -0.21850111 -0.21682809 -0.21455224 -0.20127114 -0.18820618 -0.17514122 -0.16207626 -0.1490113 -0.1544168 -0.16900564 -0.18359448 -0.19818332 -0.21277216 -0.21838932 -0.21990577
0.014488793 0.007330911 0.00017302875 -0.0069848535 -0.015597043 -0.022841444 -0.030207519 -0.040570094 -0.050932669 -0.061295245 -0.07165782 -0.080501096 -0.089292168 -0.098083239 -0.10687431 -0.10951556 -0.10703616 -0.10085147 -0.094666783 -0.088482095 -0.082672207 -0.077930462 -0.083846454 -0.081709771 -0.077065394 -0.072421017 -0.06777664 -0.065739124 -0.064906023 -0.064072922 -0.063239821 -0.059261735 -0.074361861 -0.12508669 -0.15568784 -0.18628899 -0.21689015 -0.24652912 -0.2448561 -0.24318309 -0.24151007 -0.2384028 -0.22309222 -0.20981112 -0.19674616 -0.1836812 -0.17061624 -0.15593912 -0.16102364 -0.17561248 -0.19020132 -0.20479016 -0.21664737 -0.22157072 -0.22308717
0.011214455 0.0040565722 -0.0032278648 -0.011975835 -0.020723805 -0.027968206 -0.034190867 -0.040873933 -0.051236508 -0.061599084 -0.071961659 -0.080804935 -0.089596006 -0.098387078 -0.099820855 -0.10023709 -0.097757693 -0.091573005 -0.085388317 -0.079741729 -0.074880647 -0.070138902 -0.076054894 -0.081970885 -0.080917399 -0.076273022 -0.071628645 -0.069591129 -0.068758028 -0.067924927 -0.063414023 -0.057386338 -0.072486464 -0.12565699 -0.1786968 -0.20929795 -0.2398991 -0.26953808 -0.26786506 -0.26619204 -0.26225335 -0.24694278 -0.2316322 -0.2183511 -0.20528614 -0.19222118 -0.17739794 -0.16254596 -0.16763048 -0.18221932 -0.19680816 -0.20853311 -0.21982878 -0.22475213 -0.22626858
0.0079401157 0.0003933435 -0.0083546265 -0.017102597 -0.025850567 -0.033094967 -0.039317629 -0.045540291 -0.051762953 -0.061902922 -0.072265498 -0.081108774 -0.089709917 -0.090126153 -0.090542389 -0.090958626 -0.088479226 -0.082294538 -0.076811251 -0.071950169 -0.067089087 -0.062347342 -0.068263333 -0.074179325 -0.080095316 -0.080125027 -0.07548065 -0.073443134 -0.072610033 -0.06756631 -0.061538626 -0.055510941 -0.070611067 -0.12378159 -0.17695211 -0.23012264 -0.26290806 -0.29254704 -0.29087402 -0.28610391 -0.27079333 -0.25548276 -0.24017218 -0.22689108 -0.21370873 -0.19885675 -0.18400477 -0.16915279 -0.17423731 -0.18882615 -0.20041885 -0.21171452 -0.22301019 -0.22793354 -0.22944999
0.0040145518 -0.0047334183 -0.013481388 -0.022229358 -0.030977328 -0.038221729 -0.044444391 -0.050667053 -0.056889715 -0.063112377 -0.072569337 -0.080015214 -0.08043145 -0.080847687 -0.081263923 -0.08168016 -0.07920076 -0.073880773 -0.069019691 -0.064158609 -0.059297527 -0.054555782 -0.060471773 -0.066387764 -0.072303756 -0.078219747 -0.079332655 -0.077295139 -0.071718598 -0.065690913 -0.059663228 -0.053635544 -0.068735669 -0.12190619 -0.17507672 -0.22824724 -0.28141776 -0.31555599 -0.30995447 -0.29464389 -0.27933331 -0.26402274 -0.24871216 -0.23516755 -0.22031557 -0.20546359 -0.19061161 -0.17575963 -0.18084415 -0.19230458 -0.20360025 -0.21489592 -0.2261916 -0.23111495 -0.23748124
-0.00099697214 -0.0097449422 -0.018492912 -0.027240882 -0.035988852 -0.042198251 -0.048420913 -0.054643575 -0.060866236 -0.067088898 -0.07331156 -0.07413304 -0.074549277 -0.074965513 -0.075381749 -0.075797986 -0.073899214 -0.069038132 -0.06417705 -0.059315968 -0.054454885 -0.051061352 -0.058558034 -0.064474026 -0.070390017 -0.076306009 -0.082222 -0.07996868 -0.073940995 -0.06791331 -0.061885626 -0.055857941 -0.06461704 -0.11778756 -0.17095809 -0.22412861 -0.27729914 -0.32842806 -0.31311748 -0.29780691 -0.28249633 -0.26718576 -0.2532776 -0.23909422 -0.22424224 -0.20939026 -0.19453828 -0.1796863 -0.18902586 -0.20032153 -0.2116172 -0.22291287 -0.23420854 -0.23488596 -0.24164879
-0.0089371934 -0.014488695 -0.023236665 -0.031984635 -0.040732605 -0.046255528 -0.049724694 -0.055947356 -0.062170018 -0.06839268 -0.074615342 -0.075808406 -0.076558851 -0.076975087 -0.077391323 -0.07780756 -0.075908788 -0.071047706 -0.066186624 -0.061325542 -0.058353235 -0.057374378 -0.068113643 -0.076218207 -0.082134198 -0.08805019 -0.093966181 -0.091712861 -0.085685176 -0.079657492 -0.073629807 -0.071175882 -0.080840842 -0.11094585 -0.161627 -0.21479753 -0.26796805 -0.31909697 -0.3037864 -0.28847582 -0.27316525 -0.25976701 -0.25056033 -0.23659219 -0.22194118 -0.2070892 -0.19223722 -0.17738524 -0.19397961 -0.2195745 -0.23087017 -0.24216584 -0.25346151 -0.24617741 -0.23542751
-0.025428933 -0.024302724 -0.027980418 -0.036728388 -0.045476358 -0.050999281 -0.054330648 -0.057662015 -0.0634738 -0.069696462 -0.075919124 -0.077112187 -0.078132428 -0.078984661 -0.079400897 -0.079817134 -0.077918362 -0.07305728 -0.068196198 -0.065776328 -0.064666261 -0.063687404 -0.074426669 -0.085165935 -0.09387838 -0.099794371 -0.10571036 -0.10345704 -0.097429358 -0.091401673 -0.089495868 -0.087817277 -0.097482237 -0.12758725 -0.15769226 -0.20546644 -0.25863696 -0.30976589 -0.29445531 -0.27914474 -0.26625641 -0.25704974 -0.24784307 -0.23387493 -0.21939967 -0.20478813 -0.18993615 -0.17508417 -0.19167854 -0.22326431 -0.25012315 -0.26141882 -0.27271449 -0.26543038 -0.24821278
-0.041920672 -0.040794463 -0.039668255 -0.041472141 -0.050220111 -0.055743034 -0.059074401 -0.062405768 -0.065737136 -0.071000243 -0.077222905 -0.078415969 -0.079436209 -0.08045645 -0.081410471 -0.081826708 -0.079927936 -0.075066854 -0.073199421 -0.072089354 -0.070979287 -0.07000043 -0.080739695 -0.091478961 -0.10221823 -0.11153855 -0.11745454 -0.11520122 -0.10949444 -0.10781585 -0.10613726 -0.10445867 -0.11412363 -0.14422864 -0.17433365 -0.20443866 -0.24930588 -0.3004348 -0.28512423 -0.27274581 -0.26353914 -0.25433247 -0.2451258 -0.23115766 -0.21668241 -0.20220715 -0.18763509 -0.17278311 -0.18937748 -0.22096325 -0.25254902 -0.28067179 -0.29196746 -0.28468336 -0.26746575
-0.058412411 -0.057286202 -0.056159994 -0.055033785 -0.054963864 -0.060486787 -0.063818154 -0.067149521 -0.070480889 -0.073812256 -0.078526687 -0.079719751 -0.080739991 -0.081760231 -0.082780472 -0.083800712 -0.08193751 -0.080622515 -0.079512447 -0.07840238 -0.077292312 -0.076313456 -0.087052721 -0.097791986 -0.10853125 -0.11927052 -0.12919873 -0.12781443 -0.12613584 -0.12445725 -0.12277866 -0.12110007 -0.13076503 -0.16087004 -0.19097505 -0.22108005 -0.25118506 -0.29110371 -0.27923522 -0.27002855 -0.26082187 -0.2516152 -0.24240853 -0.22844039 -0.21396514 -0.19948989 -0.18501463 -0.17048204 -0.18707641 -0.21866218 -0.25024796 -0.28183373 -0.31122044 -0.30393633 -0.28671873
-0.066445852 -0.065319644 -0.064193435 -0.063067227 -0.064862974 -0.061436489 -0.063478061 -0.066809428 -0.070140795 -0.073472162 -0.076803529 -0.077900545 -0.078920785 -0.079941025 -0.080961266 -0.08189504 -0.081517445 -0.080407377 -0.07929731 -0.078187242 -0.077077175 -0.077309364 -0.1004719 -0.11121117 -0.12195043 -0.1326897 -0.14342896 -0.14567459 -0.14399599 -0.1423174 -0.14063881 -0.13896022 -0.13042525 -0.15918245 -0.18928746 -0.21939247 -0.24949748 -0.2784305 -0.26922383 -0.26001716 -0.25081048 -0.24160381 -0.23593829 -0.22262387 -0.20814862 -0.19367337 -0.17919811 -0.17236164 -0.19711223 -0.228698 -0.26028377 -0.29186955 -0.32038262 -0.31600435 -0.29878675
-0.068099042 -0.066972834 -0.065846625 -0.069669077 -0.079222751 -0.075796266 -0.063549214 -0.062634494 -0.065965861 -0.069297228 -0.072628595 -0.073725611 -0.074745851 -0.075766091 -0.076560764 -0.076755586 -0.076377991 -0.075267924 -0.074157856 -0.073047789 -0.073171113 -0.07391188 -0.10434596 -0.12999066 -0.14072992 -0.15146919 -0.16220845 -0.16445407 -0.16277548 -0.16109689 -0.15620802 -0.12880448 -0.12023766 -0.14561288 -0.17377398 -0.20387899 -0.233984 -0.26291702 -0.25371035 -0.24450368 -0.235297 -0.23019886 -0.22778394 -0.21446953 -0.19999427 -0.18551902 -0.18129045 -0.19170339 -0.21645398 -0.24803975 -0.27962553 -0.30739425 -0.32703089 -0.32265262 -0.30543502
-0.069752232 -0.068626024 -0.074475181 -0.084028854 -0.093582528 -0.090156043 -0.077908991 -0.06566194 -0.061790927 -0.065122294 -0.068453661 -0.069550677 -0.070570917 -0.071226488 -0.071421311 -0.071616133 -0.071238538 -0.07012847 -0.069018403 -0.069365345 -0.069773628 -0.070514395 -0.10094848 -0.13138256 -0.15950941 -0.17024867 -0.18098794 -0.18323356 -0.18155497 -0.17342396 -0.14602043 -0.11861689 -0.11005007 -0.13542529 -0.16080051 -0.18836551 -0.21847052 -0.24740354 -0.23819687 -0.2289902 -0.22445943 -0.22204451 -0.2196296 -0.20631518 -0.19183993 -0.19021927 -0.20063221 -0.21104514 -0.23579573 -0.26738151 -0.29440587 -0.31404252 -0.33367916 -0.3293009 -0.31208329
-0.071405423 -0.079281284 -0.088834958 -0.098388631 -0.10794231 -0.10451582 -0.092268768 -0.080021717 -0.067774665 -0.06094736 -0.064278728 -0.065375743 -0.065892212 -0.066087035 -0.066281857 -0.06647668 -0.066099085 -0.065151293 -0.065559577 -0.06596786 -0.066376144 -0.067116911 -0.097550993 -0.12798508 -0.15841916 -0.18885324 -0.19976743 -0.20201305 -0.1906399 -0.16323637 -0.13583284 -0.1084293 -0.09986248 -0.1252377 -0.15061292 -0.17598814 -0.20295704 -0.23189006 -0.22268339 -0.21872 -0.21630508 -0.21389017 -0.21147526 -0.19816084 -0.19914809 -0.20956102 -0.21997396 -0.2303869 -0.25513749 -0.2814175 -0.30105415 -0.32069079 -0.34032743 -0.33594917 -0.31987502
