P2_models/J1_p2_vp_slide_diff2_220.dat.tif
NCOLS 118
NROWS 92
XLLCORNER 139.62
YLLCORNER -39.07
DX 0.099491525
DY 0.099347826
NODATA_VALUE -9999
[rows 48 to 71 of 92, columns 53 to 105 of 118]
-0.10238039 -0.10630016 -0.098659215 -0.091018266 -0.083377317 -0.075736368 -0.068590233 -0.066983732 -0.073314591 -0.07964545 -0.085976309 -0.092307168 -0.098638027 -0.090084178 -0.081018872 -0.071953566 -0.06288826 -0.053822954 -0.050665676 -0.046278652 -0.041891629 -0.037504605 -0.033117582 -0.032568228 -0.034834729 -0.036970794 -0.039106858 -0.041242922 -0.043378986 -0.043802352 -0.043434421 -0.04306649 -0.042698559 -0.042330628 -0.040299328 -0.050364528 -0.062204958 -0.074045388 -0.085885818 -0.097442702 -0.099772169 -0.10210164 -0.1044311 -0.10676057 -0.10971231 -0.09703339 -0.082561583 -0.068089775 -0.053617967 -0.040569663 -0.041375595 -0.043939492 -0.046503389
-0.092085889 -0.096186335 -0.088545386 -0.080904436 -0.073263487 -0.067711241 -0.066639042 -0.063843461 -0.059876769 -0.064898038 -0.071228897 -0.077559756 -0.083890615 -0.075336766 -0.06627146 -0.057206154 -0.04920825 -0.048323137 -0.045901837 -0.041514814 -0.03712779 -0.032740767 -0.033817726 -0.037545554 -0.039975963 -0.042294292 -0.044430356 -0.04656642 -0.048702484 -0.04912585 -0.048757919 -0.048389988 -0.048022057 -0.048718766 -0.046891167 -0.040490108 -0.047343406 -0.059183836 -0.071024266 -0.08258115 -0.084910617 -0.087240084 -0.089569552 -0.092761734 -0.096916968 -0.084238053 -0.069766245 -0.055294437 -0.044029707 -0.041148088 -0.04195402 -0.044517917 -0.047081814
-0.08197206 -0.086072505 -0.078431556 -0.070790607 -0.066832248 -0.065760049 -0.06468785 -0.06189227 -0.057925578 -0.053958886 -0.056481485 -0.062812344 -0.069143203 -0.060589354 -0.051524048 -0.045329524 -0.044444412 -0.043559299 -0.041137998 -0.036750975 -0.032363951 -0.035052697 -0.038795052 -0.04252288 -0.044953289 -0.047383698 -0.049753854 -0.051889918 -0.054025983 -0.054449348 -0.054081417 -0.053889566 -0.054600085 -0.055310605 -0.053483006 -0.047081946 -0.040680887 -0.044322285 -0.056162715 -0.067719598 -0.070049065 -0.072378533 -0.075811162 -0.079966396 -0.08412163 -0.071442715 -0.056970907 -0.047489751 -0.044608132 -0.041726513 -0.042532446 -0.045096342 -0.048855529
-0.07185823 -0.075958676 -0.068317727 -0.065953256 -0.064881057 -0.063808858 -0.062736659 -0.059941078 -0.055974387 -0.052007695 -0.048041004 -0.048064932 -0.054395791 -0.045841942 -0.041450798 -0.040565686 -0.039680573 -0.03879546 -0.03637416 -0.032545312 -0.036287668 -0.040030023 -0.043772378 -0.047500206 -0.049930615 -0.052361024 -0.054791433 -0.057213416 -0.059349481 -0.059772846 -0.059770885 -0.060481404 -0.061191924 -0.061902444 -0.060074844 -0.053673785 -0.047272725 -0.040871666 -0.041301163 -0.052858047 -0.055187514 -0.05886059 -0.063015824 -0.067171058 -0.071326293 -0.058647377 -0.050949796 -0.048068177 -0.045186558 -0.042304939 -0.043110871 -0.047307621 -0.053867296
-0.061744401 -0.066146462 -0.065074263 -0.064002064 -0.062929866 -0.061857667 -0.060785468 -0.057989887 -0.054023195 -0.050056504 -0.046089812 -0.042123121 -0.039648379 -0.037572073 -0.03668696 -0.035801847 -0.034916734 -0.034031621 -0.033780283 -0.037522638 -0.041264994 -0.045007349 -0.048749704 -0.052477532 -0.054907941 -0.05733835 -0.059768759 -0.062199168 -0.064629577 -0.065652204 -0.066362723 -0.067073243 -0.067783763 -0.068494282 -0.066666683 -0.060265624 -0.053864564 -0.047463505 -0.041062445 -0.037996495 -0.041910018 -0.046065252 -0.050220486 -0.054375721 -0.058530955 -0.05440984 -0.051528221 -0.048646602 -0.045764983 -0.042883364 -0.045759712 -0.052319387 -0.058879063
-0.06644328 -0.066565252 -0.065493053 -0.064420854 -0.063348655 -0.062276457 -0.06351156 -0.063489298 -0.060501909 -0.056535218 -0.052568526 -0.048601835 -0.044635143 -0.043647661 -0.042762548 -0.041877435 -0.040992323 -0.042069111 -0.045600348 -0.049342704 -0.053085059 -0.056827414 -0.060504286 -0.060001023 -0.063011902 -0.065442311 -0.06787272 -0.070303129 -0.072733538 -0.073987566 -0.074698086 -0.075408605 -0.076119125 -0.074130491 -0.069650131 -0.067503639 -0.061102579 -0.05470152 -0.04830046 -0.042214111 -0.046369346 -0.05052458 -0.054679814 -0.058835049 -0.058959083 -0.056299453 -0.053417834 -0.050536215 -0.047654596 -0.045113523 -0.048795946 -0.055355621 -0.061915296
-0.06725858 -0.067380552 -0.066308353 -0.065236154 -0.064163955 -0.066180355 -0.068731424 -0.068709163 -0.066938213 -0.064424299 -0.060457608 -0.056490916 -0.052524224 -0.051536742 -0.050651629 -0.049766517 -0.051667752 -0.055034003 -0.05856524 -0.062307595 -0.06604995 -0.068988847 -0.068446065 -0.067942802 -0.070968846 -0.07399489 -0.076499783 -0.078930192 -0.081360601 -0.082614629 -0.083325148 -0.084035668 -0.080860945 -0.073690985 -0.069210625 -0.069576679 -0.068448703 -0.062047644 -0.055646584 -0.049560235 -0.053715469 -0.057870704 -0.062025938 -0.06164336 -0.061068065 -0.058408434 -0.055526815 -0.052645196 -0.050172214 -0.047819239 -0.051501662 -0.058061337 -0.064621013
-0.06807388 -0.068195852 -0.067123653 -0.066298081 -0.06884915 -0.07140022 -0.073951289 -0.073929027 -0.072158078 -0.070387129 -0.068346689 -0.064379997 -0.060413306 -0.059425824 -0.058540711 -0.061266393 -0.064632644 -0.067998894 -0.071530131 -0.075272486 -0.077473407 -0.076930626 -0.076387844 -0.075884581 -0.078910625 -0.081936669 -0.084962713 -0.087557254 -0.089987663 -0.091241692 -0.091952211 -0.087591399 -0.080421439 -0.073251479 -0.068771119 -0.069137172 -0.069503226 -0.069393767 -0.062992708 -0.056906359 -0.061061593 -0.064902931 -0.064327636 -0.063752341 -0.063177046 -0.060517416 -0.057635797 -0.055230905 -0.05287793 -0.050524956 -0.054207379 -0.060767054 -0.064457405
-0.06888918 -0.069011152 -0.068966876 -0.071517945 -0.074069015 -0.076620084 -0.079171153 -0.079148891 -0.077377942 -0.075606993 -0.073836044 -0.072065095 -0.068302387 -0.067498783 -0.070865034 -0.074231284 -0.077597535 -0.080963785 -0.084495022 -0.085957967 -0.085415186 -0.084872404 -0.084329623 -0.08382636 -0.086852404 -0.089878448 -0.092904492 -0.095930536 -0.098614726 -0.099868754 -0.094321853 -0.087151893 -0.079981933 -0.072811973 -0.068331612 -0.068697666 -0.06906372 -0.069429774 -0.069795827 -0.064252483 -0.067587208 -0.067011913 -0.066436618 -0.065861323 -0.065286028 -0.06264257 -0.060289596 -0.057936621 -0.055583647 -0.053230672 -0.056913095 -0.060277738 -0.063022909
-0.070155033 -0.071380547 -0.074006411 -0.07655748 -0.07910855 -0.081659619 -0.084210688 -0.084400776 -0.082629827 -0.080858878 -0.079087929 -0.07731698 -0.075546031 -0.076555824 -0.079922075 -0.083288326 -0.086654576 -0.090020827 -0.091672297 -0.091129516 -0.090586734 -0.090043953 -0.089501171 -0.08966643 -0.092018652 -0.095044696 -0.098070741 -0.10109678 -0.10412283 -0.10017495 -0.093004985 -0.085835025 -0.078665065 -0.071495105 -0.066164394 -0.066530448 -0.066896502 -0.067262556 -0.067628609 -0.067966599 -0.067391304 -0.066816009 -0.066240714 -0.065665418 -0.065102363 -0.065324554 -0.06297158 -0.060618605 -0.058265631 -0.055912656 -0.056232003 -0.058977173 -0.061722343
-0.072959733 -0.074185246 -0.078039122 -0.080981108 -0.083532177 -0.086083246 -0.088634316 -0.089061305 -0.087991077 -0.086220128 -0.084449179 -0.08267823 -0.080907281 -0.076457627 -0.075632015 -0.078998266 -0.082364516 -0.085730767 -0.087382237 -0.086839456 -0.086296674 -0.085753893 -0.086447099 -0.088457257 -0.088843772 -0.090731235 -0.093757279 -0.096783323 -0.099809367 -0.095861483 -0.088691523 -0.081521563 -0.074351603 -0.076102578 -0.073676947 -0.05968994 -0.058828354 -0.059194408 -0.059560462 -0.059898452 -0.059323156 -0.058747861 -0.058172566 -0.057619582 -0.057120758 -0.063234707 -0.065572506 -0.063219531 -0.060866557 -0.058513582 -0.057510895 -0.058134041 -0.060879211
-0.075764432 -0.076989946 -0.080843821 -0.084697696 -0.087955805 -0.090506874 -0.093057943 -0.093484933 -0.09246852 -0.091452108 -0.089810429 -0.08803948 -0.086268531 -0.081818877 -0.077277179 -0.074708206 -0.078074456 -0.081440707 -0.083092178 -0.082549396 -0.082006614 -0.083209589 -0.085237926 -0.087248083 -0.087634598 -0.088021114 -0.089443817 -0.092469861 -0.095495905 -0.091548021 -0.084378061 -0.077208101 -0.080924182 -0.08491473 -0.082489099 -0.068502092 -0.054515085 -0.051126261 -0.051492315 -0.051830304 -0.051255009 -0.050679714 -0.0501368 -0.049637977 -0.049139154 -0.055253103 -0.062071334 -0.065820457 -0.063467483 -0.061114508 -0.060111821 -0.059752855 -0.060036079
-0.078569132 -0.079794645 -0.083648521 -0.087502396 -0.091356271 -0.094930502 -0.097481571 -0.09790856 -0.096892148 -0.095875735 -0.094859323 -0.09340073 -0.091629781 -0.087180127 -0.082638429 -0.078096732 -0.073784396 -0.077150647 -0.078802118 -0.078259336 -0.079972078 -0.082000415 -0.084028753 -0.08603891 -0.086425425 -0.08681194 -0.087198455 -0.088156399 -0.091182443 -0.08723456 -0.081755236 -0.085745785 -0.089736334 -0.093726883 -0.091301251 -0.077314244 -0.063327238 -0.049340231 -0.043424167 -0.043762157 -0.043186862 -0.042654019 -0.042155196 -0.041656373 -0.04115755 -0.047271498 -0.054089729 -0.06090796 -0.066068409 -0.063715434 -0.062712747 -0.062353781 -0.061994816
-0.078848756 -0.082599345 -0.08645322 -0.090307096 -0.094160971 -0.098014846 -0.10186872 -0.10233219 -0.10131578 -0.10029936 -0.09928295 -0.098266538 -0.096991031 -0.092541377 -0.08799968 -0.083457982 -0.078916284 -0.074374587 -0.07470623 -0.076734567 -0.078762904 -0.080791242 -0.082819579 -0.084829736 -0.085216251 -0.085602767 -0.085989282 -0.086375797 -0.086868981 -0.08657684 -0.090567388 -0.094557937 -0.098548486 -0.10253903 -0.1001134 -0.086126396 -0.07213939 -0.058152383 -0.044165376 -0.03569401 -0.035171238 -0.034672415 -0.034173592 -0.033674769 -0.033175945 -0.039289894 -0.046108125 -0.052926356 -0.059744586 -0.06631636 -0.065313673 -0.064954708 -0.064595742
-0.079430105 -0.083571266 -0.081720548 -0.085574423 -0.089428299 -0.093282174 -0.097136049 -0.094854317 -0.092367019 -0.091350606 -0.090334194 -0.089317781 -0.088301369 -0.092319338 -0.08777764 -0.083235943 -0.078694245 -0.074152547 -0.072492935 -0.074521272 -0.07654961 -0.078577947 -0.080606284 -0.078007283 -0.082563057 -0.082949573 -0.083336088 -0.083722603 -0.084109118 -0.086960743 -0.090951292 -0.094941841 -0.09893239 -0.10171753 -0.098154942 -0.088386834 -0.074399828 -0.060412821 -0.046425814 -0.032840925 -0.032342102 -0.031843279 -0.031344456 -0.030845633 -0.034052536 -0.036175801 -0.042994031 -0.049812262 -0.056630493 -0.063448724 -0.064956168 -0.064533269 -0.064174303
-0.082461097 -0.086602258 -0.081570829 -0.077564118 -0.081417994 -0.085271869 -0.089125744 -0.086844012 -0.080392875 -0.076586857 -0.075570444 -0.074554032 -0.073537619 -0.07870894 -0.084092879 -0.080586005 -0.076044307 -0.07150261 -0.069842997 -0.071871335 -0.073899672 -0.075679609 -0.072120392 -0.068661964 -0.074204768 -0.079668445 -0.08005496 -0.080441476 -0.080827991 -0.083679616 -0.087670165 -0.091660713 -0.093243681 -0.09040667 -0.086844081 -0.081974065 -0.073811247 -0.05982424 -0.045837234 -0.032252345 -0.031753522 -0.031254698 -0.030755875 -0.034667548 -0.039520199 -0.041085626 -0.042300953 -0.04881481 -0.055633041 -0.062451272 -0.063958716 -0.062934351 -0.062438586
-0.085492088 -0.08963325 -0.084601821 -0.079570393 -0.074538964 -0.077261564 -0.08111544 -0.078833707 -0.07238257 -0.065931433 -0.060806695 -0.059790283 -0.05877387 -0.063945191 -0.069329129 -0.074713068 -0.07339437 -0.068852672 -0.067193059 -0.069221397 -0.069893508 -0.06633429 -0.062775073 -0.059316645 -0.064859449 -0.070402254 -0.075945058 -0.077160348 -0.077546863 -0.080398488 -0.084389037 -0.08476983 -0.08193282 -0.07909581 -0.075533221 -0.070663205 -0.065793188 -0.05923566 -0.045248653 -0.031663764 -0.031164941 -0.030666118 -0.035282561 -0.040135211 -0.044987862 -0.046553289 -0.047768616 -0.048983944 -0.054635589 -0.061453819 -0.062961264 -0.061936899 -0.060912534
-0.08852308 -0.092664241 -0.087632813 -0.082601384 -0.077569956 -0.072538527 -0.073105135 -0.070823402 -0.064372265 -0.057921128 -0.051469991 -0.045026533 -0.044010121 -0.049181441 -0.05456538 -0.059949319 -0.065333257 -0.066202734 -0.064543122 -0.064107406 -0.060548189 -0.056988972 -0.053429754 -0.049971326 -0.05551413 -0.061056935 -0.066599739 -0.072142543 -0.074265736 -0.077117361 -0.07629598 -0.07345897 -0.07062196 -0.06778495 -0.064222361 -0.059352344 -0.054482328 -0.049612312 -0.044660072 -0.031075183 -0.031044923 -0.035897573 -0.040750224 -0.045602874 -0.050455524 -0.052020952 -0.053236279 -0.054451606 -0.055666934 -0.060456367 -0.061963811 -0.060939447 -0.059915082
-0.094162433 -0.094085148 -0.08905372 -0.084022291 -0.078990863 -0.073959434 -0.068928006 -0.066103447 -0.05965231 -0.053201173 -0.046750036 -0.040298899 -0.033847762 -0.038838542 -0.044222481 -0.049606419 -0.054990358 -0.060374297 -0.0590441 -0.055484883 -0.051925666 -0.048366448 -0.044807231 -0.043237507 -0.046572857 -0.052115662 -0.057658466 -0.06320127 -0.068744074 -0.0685552 -0.06571819 -0.062881179 -0.060044169 -0.057207159 -0.055134841 -0.050264825 -0.045394809 -0.040524793 -0.035654776 -0.031074618 -0.035927268 -0.040779919 -0.045632569 -0.05048522 -0.055642304 -0.057522171 -0.058737498 -0.059952826 -0.061168153 -0.06238348 -0.061863442 -0.060839077 -0.059814712
-0.089981028 -0.087497725 -0.082466297 -0.077434868 -0.07240344 -0.067253163 -0.059641528 -0.06299334 -0.071298083 -0.064846946 -0.058395809 -0.051944672 -0.045493535 -0.050484315 -0.055868254 -0.061252192 -0.066636131 -0.060224391 -0.054016658 -0.050457441 -0.046898224 -0.043339007 -0.043908498 -0.050278839 -0.043940666 -0.045184053 -0.050726858 -0.056269662 -0.061812466 -0.061623592 -0.058786581 -0.055949571 -0.053112561 -0.050872626 -0.050245832 -0.052127536 -0.04736587 -0.042495853 -0.037625837 -0.033045679 -0.037898329 -0.04275098 -0.04760363 -0.053190945 -0.061310429 -0.063190296 -0.064405623 -0.06562095 -0.06680886 -0.066891897 -0.066225032 -0.065200667 -0.064176303
-0.083393605 -0.080910302 -0.075878873 -0.070847445 -0.065071089 -0.057459454 -0.049847819 -0.053199631 -0.064001568 -0.074803505 -0.070041582 -0.063590445 -0.057139308 -0.062130088 -0.067514027 -0.071751978 -0.063474464 -0.05519695 -0.048989217 -0.04543 -0.041870782 -0.044437189 -0.050949831 -0.057320172 -0.050981999 -0.044643825 -0.043795249 -0.049338054 -0.054880858 -0.054691983 -0.051854973 -0.049017963 -0.046922073 -0.044903146 -0.044276352 -0.046158056 -0.04803976 -0.044466914 -0.039596898 -0.03501674 -0.03986939 -0.04472204 -0.050739586 -0.05885907 -0.066978553 -0.06885842 -0.070073748 -0.071087413 -0.07117045 -0.071253487 -0.070586623 -0.069562258 -0.068468712
-0.076806182 -0.074322879 -0.06929145 -0.062889015 -0.05527738 -0.047665745 -0.04005411 -0.043405923 -0.05420786 -0.065009797 -0.075811734 -0.075236218 -0.068785081 -0.073775861 -0.07500205 -0.066724536 -0.058447022 -0.050169508 -0.043961775 -0.040402558 -0.04496588 -0.051478521 -0.057991163 -0.064361504 -0.058023331 -0.051685158 -0.045346984 -0.042406445 -0.04794925 -0.047760375 -0.044990448 -0.042971521 -0.040952594 -0.038933667 -0.038306873 -0.040188576 -0.04207028 -0.043951984 -0.041567959 -0.036987801 -0.041840451 -0.048288226 -0.05640771 -0.064527194 -0.072646678 -0.074526545 -0.075365966 -0.075449003 -0.07553204 -0.075615077 -0.074948213 -0.073720245 -0.071468354
-0.070218759 -0.067735456 -0.06070694 -0.053095306 -0.045483671 -0.037872036 -0.030260402 -0.033612214 -0.044414151 -0.055216088 -0.066018025 -0.076819962 -0.080430854 -0.078252123 -0.069974609 -0.061697095 -0.053419581 -0.045142067 -0.038981929 -0.045494571 -0.052007212 -0.058519854 -0.065032495 -0.071402837 -0.065064663 -0.05872649 -0.052388317 -0.046050143 -0.041017642 -0.041039895 -0.039020968 -0.037002041 -0.034983114 -0.032964187 -0.032337393 -0.034219097 -0.036100801 -0.037982505 -0.039864208 -0.038958861 -0.045836867 -0.053956351 -0.062075835 -0.070195319 -0.078314803 -0.079644519 -0.079727556 -0.079810593 -0.079893631 -0.079976668 -0.078971779 -0.076719887 -0.074467996
-0.06785678 -0.06684923 -0.064615633 -0.057003998 -0.049392364 -0.041780729 -0.034169094 -0.032200763 -0.041079414 -0.051881351 -0.062683288 -0.073485225 -0.084287162 -0.082087629 -0.073810115 -0.065532601 -0.057255087 -0.048977573 -0.047188074 -0.053700716 -0.060213357 -0.066725999 -0.07323864 -0.068472011 -0.066014561 -0.059676388 -0.053338214 -0.047000041 -0.040661868 -0.037278 -0.035259073 -0.033240146 -0.031221219 -0.030061652 -0.033634748 -0.035225761 -0.037107465 -0.038989169 -0.040870873 -0.042938541 -0.051058025 -0.059177509 -0.067296993 -0.075416477 -0.079091275 -0.082562151 -0.082645188 -0.082728225 -0.082811262 -0.082894299 -0.078419385 -0.075962569 -0.073710678
