P2_models/J1_p2_vp_slide_diff_300.dat.tif
NCOLS 118
NROWS 92
XLLCORNER 139.62
YLLCORNER -39.07
DX 0.099491525
DY 0.099347826
NODATA_VALUE -9999
[rows 54 to 80 of 92, columns 0 to 59 of 118]
-9999 8.469457 8.4800219 8.4905867 8.5011516 8.5141659 8.5273852 8.542467 8.5596983 8.5769296 8.5941609 8.5841942 8.5670675 8.5555297 8.5551843 8.5548389 8.5400041 8.5238199 8.5076356 8.496446 8.4967792 8.4971125 8.4974458 8.4936419 8.487979 8.4856764 8.4923799 8.4990834 8.5004061 8.5010892 8.5017723 8.5021619 8.5019857 8.5018095 8.5016333 8.5018207 8.5021052 8.4959371 8.4805377 8.4651383 8.4497389 8.4386244 8.4278855 8.4253921 8.4288263 8.4349886 8.4480141 8.4610397 8.4740652 8.4690431 8.4609018 8.4527606 8.4577495 8.4769026 8.4907772 8.4863672 8.4819573 8.4775473 8.4546103 8.4284661
-9999 8.4892778 8.4998426 8.511063 8.5242823 8.5375016 8.550721 8.5658027 8.583034 8.5962875 8.5791607 8.562034 8.5449073 8.5333696 8.5330242 8.5326788 8.5323333 8.5222892 8.506105 8.4949153 8.4952486 8.4955819 8.4899644 8.4843015 8.4786386 8.4763359 8.4830395 8.489743 8.4964466 8.4994595 8.5001426 8.5005322 8.500356 8.5002121 8.5004965 8.500781 8.5010655 8.4948974 8.479498 8.4649303 8.4541914 8.4434525 8.4327136 8.4302202 8.4336544 8.4370886 8.4409745 8.454 8.4670256 8.4620034 8.4538622 8.4647366 8.4838898 8.503043 8.5169176 8.5125076 8.5066182 8.480474 8.4543298 8.4281855
-9999 8.5090985 8.5211794 8.5343987 8.547618 8.5608374 8.5740567 8.5891385 8.591254 8.5741273 8.5570006 8.5398738 8.5227471 8.5112094 8.510864 8.5105186 8.5101732 8.5098278 8.5045744 8.4933847 8.4919498 8.4862869 8.480624 8.4749611 8.4692982 8.4669955 8.4736991 8.4804026 8.4871061 8.4938097 8.4985129 8.4989024 8.4988879 8.4991724 8.4994568 8.4997413 8.5000258 8.4938577 8.4804973 8.4697584 8.4590195 8.4482806 8.4375417 8.4350483 8.4384825 8.4419167 8.4453509 8.4487851 8.4599859 8.4549638 8.4717238 8.490877 8.5100302 8.5291834 8.5430579 8.5324819 8.5063377 8.4801934 8.4540492 8.427905
-9999 8.5254673 8.5386867 8.551906 8.5651253 8.5783446 8.591564 8.5909925 8.5738658 8.5567391 8.5396123 8.5224856 8.5053589 8.4908223 8.4904769 8.4901315 8.4897861 8.4894407 8.4890953 8.4871419 8.481479 8.4758161 8.4701533 8.4644904 8.4588275 8.4599632 8.4668171 8.4735206 8.4802241 8.4869277 8.4936312 8.4981422 8.4984267 8.4987112 8.4989957 8.4992801 8.4995646 8.4981618 8.4874229 8.4766839 8.465945 8.4552061 8.4444672 8.4398003 8.4432345 8.4466687 8.4501029 8.4535371 8.4569713 8.4696141 8.4887673 8.5079205 8.5270736 8.5462268 8.5608864 8.5361911 8.5100468 8.4839026 8.4577583 8.4316141
-9999 8.5230678 8.5362871 8.5495064 8.5627257 8.5742999 8.5742929 8.5729277 8.569995 8.5556493 8.5385226 8.5213959 8.5042691 8.4894191 8.4791282 8.4758002 8.4754548 8.4751094 8.474764 8.4728107 8.4671478 8.4614849 8.455822 8.4501591 8.4498682 8.4535381 8.4663062 8.4750353 8.4817389 8.4884424 8.4951459 8.4996569 8.4999414 8.5002259 8.5005104 8.5007961 8.5011505 8.5009313 8.4998915 8.4907732 8.4800343 8.4692954 8.4585565 8.4516489 8.4477268 8.451161 8.4545952 8.4580294 8.4614636 8.4655938 8.4747407 8.4938939 8.513047 8.5322002 8.5468598 8.5459539 8.5273826 8.5012383 8.4750941 8.4489499
-9999 8.5206682 8.5338875 8.5471068 8.5540042 8.5539972 8.5539902 8.552625 8.5496923 8.5467596 8.5374329 8.5203061 8.5031794 8.4883293 8.4780384 8.4677475 8.4611235 8.4607781 8.4604327 8.4584794 8.4528165 8.4471536 8.4428926 8.4431678 8.4434431 8.4471129 8.459881 8.4726492 8.4832536 8.4899571 8.4966607 8.5011717 8.5014561 8.5017406 8.5020479 8.5024024 8.5027569 8.5025377 8.5014978 8.500458 8.4941236 8.4833847 8.4726458 8.4657382 8.4615848 8.4574315 8.4590875 8.4625217 8.4659559 8.4700861 8.4743365 8.4798673 8.4990205 8.5181736 8.5328332 8.5319273 8.5310214 8.5185741 8.4924299 8.4662856
-9999 8.5182686 8.5314879 8.5337085 8.5337015 8.5336945 8.5336875 8.5323223 8.5293896 8.5264569 8.5235241 8.5192164 8.5020897 8.4872396 8.4769487 8.4666578 8.4563669 8.4464469 8.4461015 8.4441482 8.4384853 8.4361921 8.4364674 8.4367427 8.4370179 8.4406878 8.4534559 8.466224 8.4789922 8.4914719 8.4981754 8.5026864 8.5029709 8.5032998 8.5036543 8.5040087 8.5043632 8.504144 8.5031042 8.5020643 8.5010244 8.497474 8.4867351 8.4798275 8.4756741 8.4715208 8.4673675 8.467014 8.4704482 8.4745783 8.4788288 8.4830792 8.4873296 8.5041471 8.5188066 8.5179007 8.5169948 8.5160889 8.5097656 8.4836214
-9999 8.5134198 8.5134128 8.5134058 8.5133988 8.5133918 8.5133848 8.5120196 8.5090869 8.5061541 8.5032214 8.5002887 8.497356 8.4861499 8.475859 8.4655681 8.4552772 8.4449863 8.4346953 8.4298169 8.4294917 8.429767 8.4300422 8.4303175 8.4305928 8.4342626 8.4470307 8.4597989 8.472567 8.4853351 8.4981033 8.5042011 8.5045517 8.5049062 8.5052606 8.5056151 8.5059695 8.5057504 8.5047105 8.5036706 8.5026308 8.5015909 8.5005511 8.4939168 8.4897634 8.4856101 8.4814568 8.4773034 8.4749405 8.4790706 8.4833211 8.4875715 8.4918219 8.4960723 8.50478 8.5038741 8.5029682 8.5020623 8.5011564 8.5002505
-9999 8.5101067 8.5100997 8.5100927 8.5100857 8.5100787 8.5083408 8.5061097 8.5046314 8.5016987 8.498766 8.4958333 8.4929006 8.4920251 8.4897857 8.4794948 8.4692039 8.4589129 8.448622 8.4415262 8.4418014 8.4420767 8.442352 8.4426272 8.4438587 8.442867 8.4364175 8.4491857 8.4619538 8.4747219 8.4874901 8.4960181 8.4963726 8.496727 8.4970815 8.4974359 8.498194 8.4975336 8.4951073 8.4940675 8.4930276 8.4919878 8.4909479 8.4891762 8.485579 8.4814256 8.4772723 8.473119 8.4689656 8.4715122 8.4757553 8.4800057 8.4842561 8.4885065 8.493822 8.4992788 8.4983729 8.497467 8.4965611 8.4956552
-9999 8.5141815 8.5141745 8.5141675 8.5141605 8.5109212 8.5066678 8.5044367 8.5045394 8.5041345 8.5012018 8.4982691 8.4953364 8.4944609 8.4977051 8.4999514 8.4896605 8.4793695 8.4690786 8.4619828 8.462258 8.4625333 8.4628086 8.4656274 8.4706925 8.4697008 8.4524753 8.4367513 8.4495194 8.4622876 8.4750557 8.4835837 8.4839382 8.4842926 8.4846471 8.4857905 8.4873911 8.4867307 8.4828356 8.4795899 8.47855 8.4775101 8.4764703 8.4746985 8.4724006 8.4692948 8.4651415 8.4609882 8.4568348 8.4593814 8.4630858 8.4671964 8.4714469 8.4756973 8.4810127 8.4900172 8.4978788 8.4969729 8.496067 8.4951611
-9999 8.5182563 8.5182493 8.5177548 8.5135015 8.5092482 8.5049948 8.5027637 8.5028664 8.5029692 8.5030719 8.5007049 8.4977721 8.4968967 8.5001409 8.5033852 8.5066294 8.4998261 8.4895352 8.4824394 8.4827146 8.4829899 8.4873961 8.4924613 8.4975264 8.4965347 8.4793091 8.4620836 8.4448581 8.4498532 8.4626213 8.4711494 8.4715038 8.4718583 8.473387 8.4749876 8.4765883 8.4759279 8.4720328 8.4681377 8.4642426 8.4630325 8.4619927 8.4602209 8.457923 8.4556251 8.4530107 8.4488573 8.444704 8.4472505 8.450955 8.4546595 8.4586376 8.462888 8.4682035 8.477208 8.4862125 8.495217 8.4955729 8.494667
-9999 8.5223311 8.5203352 8.5160818 8.5118285 8.5075751 8.5033218 8.5010907 8.5011934 8.5012962 8.5013989 8.5015017 8.5002079 8.4993324 8.5025767 8.505821 8.5090652 8.5123095 8.5099918 8.502896 8.5040998 8.5091649 8.51423 8.5192951 8.5243602 8.5233685 8.506143 8.4889175 8.4716919 8.4544664 8.450187 8.458715 8.4593829 8.4609835 8.4625841 8.4641848 8.4657854 8.465125 8.4612299 8.4573348 8.4534397 8.4495446 8.447515 8.4457433 8.4434454 8.4411475 8.4388496 8.4365517 8.4325732 8.4351197 8.4388242 8.4425287 8.4462331 8.4500788 8.4553942 8.4643987 8.4734033 8.4824078 8.4914123 8.4941729
-9999 8.5202169 8.5159636 8.5117102 8.5074569 8.5032036 8.4989502 8.5003028 8.5004056 8.5005083 8.5006111 8.5007138 8.5008166 8.4984691 8.5017133 8.5049576 8.5082019 8.5114461 8.5146904 8.5184852 8.5235503 8.5286154 8.5336806 8.5387457 8.5438108 8.5450281 8.5278026 8.5105771 8.4933516 8.476126 8.4589005 8.4481054 8.449706 8.4513067 8.4529073 8.4545079 8.4561086 8.4615643 8.4576692 8.4537741 8.449879 8.4459839 8.4420888 8.4363574 8.4340595 8.4317616 8.4294637 8.4271658 8.4248679 8.4276878 8.4313923 8.4350968 8.4388012 8.4425057 8.4466707 8.4556752 8.4646797 8.4736842 8.4826887 8.4916932
-9999 8.5024231 8.4981697 8.4939164 8.489663 8.4861121 8.497675 8.5039178 8.5040205 8.5041233 8.504226 8.5043288 8.500175 8.4945686 8.486863 8.4876848 8.490929 8.4941733 8.4974175 8.5012124 8.5062775 8.5113426 8.5164077 8.5214728 8.520191 8.5184655 8.5191339 8.506501 8.4892754 8.4720499 8.4548244 8.4440293 8.4456299 8.4472305 8.4488312 8.4504318 8.4782595 8.494025 8.4901299 8.4862348 8.4823397 8.4771613 8.4580325 8.4501146 8.4499993 8.4477014 8.4454035 8.4431056 8.4408077 8.4436276 8.4473321 8.4510366 8.454741 8.4560882 8.4582688 8.4672733 8.4762778 8.4852823 8.4939908 8.4965696
-9999 8.4846292 8.4803759 8.4761225 8.4781642 8.489727 8.5012899 8.5075327 8.5076355 8.5077382 8.5065973 8.5020391 8.4974809 8.4918745 8.4841689 8.4764632 8.4736562 8.4769004 8.4801447 8.4839395 8.4890047 8.4940698 8.4979254 8.4953066 8.4926878 8.4909622 8.4916307 8.4922991 8.4851993 8.4679738 8.4507483 8.4399531 8.4415538 8.4431544 8.4517042 8.4812122 8.5107202 8.5264857 8.5225906 8.5186955 8.5091446 8.4900158 8.470887 8.4629691 8.4631104 8.4632518 8.4613433 8.4590454 8.4567475 8.4595674 8.4632719 8.4669764 8.4674757 8.4676863 8.4698668 8.4788714 8.4878759 8.4950252 8.497604 8.5001828
-9999 8.4668354 8.462582 8.4702162 8.4817791 8.493342 8.5049048 8.5111476 8.5112504 8.5084614 8.5039032 8.499345 8.4947868 8.4891804 8.4814748 8.4737692 8.4660635 8.4596276 8.4628719 8.4666667 8.4717318 8.4730409 8.4704221 8.4678034 8.4651846 8.463459 8.4641275 8.4647959 8.4654643 8.4638977 8.4466721 8.435877 8.4374776 8.4546568 8.4841648 8.5136728 8.5431809 8.5589464 8.5550513 8.5411279 8.5219991 8.5028703 8.4837415 8.4758236 8.4759649 8.4761063 8.4762477 8.4749852 8.4726873 8.4755073 8.4786528 8.4788633 8.4790738 8.4792844 8.4814649 8.4904694 8.4960596 8.4986384 8.5012172 8.503796
-9999 8.4507054 8.4622683 8.4738312 8.485394 8.4969569 8.5085198 8.5147626 8.5103255 8.5057673 8.5012091 8.4966509 8.4920927 8.4864863 8.4787807 8.4710751 8.4633694 8.4556638 8.4479582 8.4493939 8.4481565 8.4455377 8.4429189 8.4403001 8.4376813 8.4359558 8.4366242 8.4372927 8.4379611 8.4386296 8.439298 8.4318009 8.4576095 8.4871175 8.5166255 8.5461335 8.5756415 8.591407 8.5731112 8.5539824 8.5348536 8.5157248 8.496596 8.4886781 8.4888194 8.4889608 8.4891022 8.4892436 8.4886271 8.4900403 8.4902509 8.4904614 8.4906719 8.4908824 8.493063 8.497094 8.4996728 8.5022516 8.5048304 8.5074091
-9999 8.4521622 8.463725 8.4752879 8.4868508 8.4984137 8.5052406 8.5091853 8.5110979 8.5065398 8.5019816 8.4974234 8.4928652 8.4871613 8.479299 8.4715933 8.4638877 8.4561821 8.4484765 8.4423091 8.4396903 8.4370715 8.4344527 8.4318339 8.4295476 8.4293648 8.4296397 8.4303082 8.4309766 8.4316451 8.4323135 8.4428326 8.4723406 8.5018486 8.5313566 8.5608646 8.5819547 8.5910605 8.5909465 8.5718177 8.5526889 8.5335601 8.5144314 8.5003483 8.4979109 8.4980523 8.4981937 8.4983351 8.4984765 8.4956747 8.4958852 8.4960957 8.4963063 8.4965168 8.4987955 8.5054006 8.5079794 8.5105582 8.513137 8.5157158
-9999 8.4523936 8.4639565 8.4755193 8.4870822 8.488667 8.4865914 8.4905361 8.5014289 8.5092804 8.5047222 8.500164 8.4956059 8.489902 8.4819037 8.4739355 8.4662299 8.4585242 8.4508186 8.4446512 8.4420324 8.4394136 8.4367948 8.4353658 8.4351174 8.4349346 8.4349273 8.4349732 8.4356417 8.4363101 8.4369786 8.4474977 8.4770057 8.5065137 8.5360217 8.5463638 8.5441642 8.5532699 8.5785495 8.5924809 8.5733521 8.5542234 8.5350946 8.5210115 8.5105559 8.5050073 8.5051487 8.5052901 8.5054315 8.5024742 8.4989813 8.4983442 8.4985547 8.4987652 8.5010439 8.5104864 8.5189508 8.5215296 8.5241084 8.5266872
-9999 8.452625 8.4641879 8.4741691 8.4720935 8.4700179 8.4679423 8.4718869 8.4827798 8.4936726 8.5045655 8.5029047 8.4983465 8.4926426 8.4846443 8.476646 8.4686477 8.4608664 8.4531607 8.4469933 8.4443745 8.4417557 8.441184 8.4409356 8.4406872 8.4405044 8.4404971 8.4404899 8.4404826 8.4409752 8.4416436 8.4521627 8.4816707 8.5111787 8.5107728 8.5085732 8.5063736 8.5154793 8.5407589 8.5660385 8.5913181 8.5748866 8.5557578 8.5416748 8.5312191 8.5207634 8.5121038 8.5122451 8.5123865 8.5094292 8.5059363 8.5024435 8.5008031 8.5010136 8.5032923 8.5127348 8.5221772 8.5316197 8.5350798 8.5376586
-9999 8.4528565 8.4575956 8.45552 8.4534443 8.4513687 8.4492931 8.4532378 8.4641306 8.4750235 8.4859163 8.4968092 8.5010872 8.4953832 8.487385 8.4793867 8.4713884 8.4633901 8.4555029 8.4493354 8.4472506 8.4470022 8.4467538 8.4465054 8.446257 8.4460742 8.4460669 8.4460597 8.4460524 8.4460452 8.4463087 8.4568278 8.4773815 8.4751819 8.4729823 8.4707827 8.4685831 8.4776888 8.5029684 8.528248 8.5535276 8.5788072 8.576421 8.562338 8.5518823 8.5414266 8.5309709 8.5205152 8.5193415 8.5163842 8.5128914 8.5093985 8.5059056 8.5032621 8.5055407 8.5149832 8.5244257 8.5338681 8.5433106 8.5486299
-9999 8.4507222 8.4486465 8.4465709 8.4444953 8.4424197 8.4403441 8.4342853 8.4451782 8.456071 8.4669639 8.4778568 8.4887496 8.4996249 8.4916267 8.4836284 8.4756301 8.4676318 8.4596335 8.4539787 8.4537303 8.4534819 8.4532335 8.4529851 8.4527367 8.4534876 8.453483 8.4534758 8.4534685 8.4534613 8.453454 8.4526979 8.4504983 8.4482987 8.4460991 8.4438995 8.4416999 8.4435732 8.4688528 8.4941324 8.519412 8.5446916 8.5699712 8.5768102 8.5663545 8.5558988 8.5454431 8.5349874 8.5245317 8.5216111 8.5181183 8.5146254 8.5111325 8.5076397 8.5067743 8.5161666 8.5256091 8.5350515 8.544494 8.5539365
-9999 8.4784915 8.4764158 8.4743402 8.4722646 8.4688714 8.4572393 8.4444479 8.4303183 8.4359707 8.4468636 8.4577564 8.4686493 8.480594 8.4946452 8.4935521 8.4855538 8.4775555 8.4695572 8.4639024 8.463654 8.4634056 8.4631572 8.4629088 8.4653829 8.4674498 8.4677732 8.4678807 8.4678735 8.4678662 8.467859 8.4671029 8.4649033 8.4627037 8.4605041 8.4587782 8.472267 8.4732236 8.4562508 8.473928 8.4992076 8.5244872 8.5497668 8.5593123 8.5573915 8.5469358 8.5364801 8.5260244 8.5155688 8.5161812 8.5168037 8.5133109 8.509818 8.5063251 8.5054598 8.5136957 8.5227612 8.5322036 8.5416461 8.5510886
-9999 8.5062608 8.5041851 8.5021095 8.4950432 8.4834111 8.4717791 8.4589877 8.4448581 8.4307285 8.4267633 8.4376561 8.448549 8.4604937 8.4745449 8.4885961 8.4954775 8.4874792 8.4794809 8.4738261 8.4735777 8.4733293 8.4739102 8.4766276 8.4793451 8.481412 8.4817354 8.4820589 8.4822785 8.4822712 8.482264 8.4815079 8.4793083 8.4771087 8.4807007 8.4941896 8.5076784 8.508635 8.4916622 8.4746895 8.4790032 8.5042828 8.5295624 8.5391079 8.5373423 8.5355768 8.5275171 8.5170615 8.5066058 8.5072182 8.5097435 8.5119963 8.5085034 8.5050106 8.5041452 8.5123812 8.5206171 8.5293558 8.5387982 8.5482407
-9999 8.5340301 8.5319544 8.521215 8.5095829 8.4979509 8.4863189 8.4735274 8.4593978 8.4452683 8.4311387 8.4175558 8.4284486 8.4403934 8.4544446 8.4684958 8.4825469 8.4965981 8.4894047 8.4837498 8.4835014 8.4851549 8.4878724 8.4905898 8.4933073 8.4953742 8.4956976 8.4960211 8.4963445 8.4966679 8.496669 8.4959129 8.4937133 8.5026233 8.5161121 8.529601 8.5430898 8.5440464 8.5270736 8.5101009 8.4931281 8.4840784 8.509358 8.5189035 8.5171379 8.5153724 8.5136069 8.5080985 8.4976428 8.4982552 8.5007805 8.5033058 8.5058312 8.503696 8.5028307 8.5110666 8.5193025 8.5275385 8.5359503 8.5453928
-9999 8.5590188 8.5473868 8.5357548 8.5241227 8.5124907 8.5008587 8.4880672 8.4739376 8.459808 8.4456784 8.4315489 8.4174193 8.4202931 8.4343442 8.4483954 8.4624466 8.4764978 8.490549 8.4936823 8.4963997 8.4991171 8.5018346 8.504552 8.5072695 8.5093364 8.5096599 8.5099833 8.5103067 8.5106301 8.5109536 8.5110569 8.5245458 8.5380347 8.5515235 8.5650124 8.5785012 8.5794578 8.562485 8.5455123 8.5285395 8.5115668 8.4945941 8.4986991 8.4969335 8.495168 8.4934024 8.4916369 8.4886798 8.4892923 8.4918176 8.4943429 8.4968682 8.4993935 8.5015161 8.5097521 8.517988 8.5262239 8.5344599 8.5426958
-9999 8.5398902 8.5282581 8.5166261 8.5049941 8.4933621 8.4948842 8.5002526 8.4941009 8.4799713 8.4658418 8.4517122 8.4375826 8.4258878 8.4242057 8.4382569 8.4523081 8.4663593 8.4804104 8.4910345 8.4937519 8.4964694 8.4991868 8.5019043 8.5018461 8.5050688 8.525317 8.5256405 8.5259639 8.5262873 8.5266108 8.5314311 8.5449199 8.5584088 8.5718976 8.5853865 8.5898321 8.5826769 8.5703225 8.5533498 8.5363771 8.5194043 8.5024316 8.4943048 8.4925384 8.4907729 8.4890074 8.4872418 8.4854763 8.4908978 8.4940928 8.4966181 8.4991434 8.5016687 8.5023666 8.4996408 8.5078768 8.5161127 8.5243487 8.5325846
