P2_models/J1_p2_tot_conduct_slide_102.59.dat.tif
NCOLS 118
NROWS 92
XLLCORNER 139.62
YLLCORNER -39.07
DX 0.099491525
DY 0.099347826
NODATA_VALUE -9999
[rows 26 to 51 of 92, columns 57 to 113 of 118]
-2.4648949 -2.3737157 -2.2908061 -2.2169076 -2.1593073 -2.1141632 -2.0879812 -2.0715145 -2.0715145 -2.0807733 -2.0960979 -2.1115288 -2.1218024 -2.1319904 -2.1257738 -2.1147192 -2.0777951 -2.0280494 -1.960168 -1.888313 -1.804236 -1.7213782 -1.6349346 -1.5673305 -1.5088061 -1.4918373 -1.4807827 -1.5208175 -1.5631126 -1.6567517 -1.7653719 -1.8925 -2.020342 -2.1432433 -2.257481 -2.3775502 -2.4658293 -2.5557096 -2.6376438 -2.6763144 -2.7172815 -2.7301525 -2.7390799 -2.6991595 -2.6730778 -2.6613729 -2.6542115 -2.6425066 -2.5972031 -2.5351885 -2.5176311 -2.5137042 -2.4961469 -2.4919213 -2.480385 -2.4335654 -2.3794179
-2.5882246 -2.4988344 -2.4103975 -2.329712 -2.2520319 -2.1944316 -2.1409667 -2.1050779 -2.0781377 -2.0567629 -2.0497356 -2.02879 -2.0224546 -2.0003453 -1.982136 -1.9434449 -1.9036274 -1.8492233 -1.7813419 -1.7094869 -1.6376319 -1.5624216 -1.5016213 -1.4461916 -1.4227047 -1.4193326 -1.4344204 -1.4910588 -1.5498662 -1.6566272 -1.7715369 -1.8931377 -2.0237238 -2.1564897 -2.2551125 -2.3576807 -2.42791 -2.509211 -2.5443256 -2.5686875 -2.5914409 -2.5903888 -2.5867466 -2.5223697 -2.4880244 -2.4821719 -2.4802826 -2.4769269 -2.5488249 -2.5430434 -2.5547483 -2.5626396 -2.5623788 -2.5320601 -2.5070714 -2.4719567 -2.414858
-2.6912971 -2.6033952 -2.5127313 -2.4239479 -2.3427109 -2.2641649 -2.2030735 -2.1344118 -2.0946753 -2.040772 -2.0147203 -1.975584 -1.9474997 -1.9099241 -1.8732669 -1.8284598 -1.7793308 -1.7240577 -1.655183 -1.5924994 -1.5382529 -1.4753244 -1.434609 -1.3999815 -1.3873978 -1.417806 -1.4440115 -1.5226558 -1.5919263 -1.7038223 -1.820523 -1.9396332 -2.0555354 -2.1851099 -2.2588371 -2.3508724 -2.3910798 -2.450033 -2.4719769 -2.4576399 -2.4690438 -2.4478851 -2.4379004 -2.3813435 -2.3395488 -2.3388444 -2.3645124 -2.3675136 -2.4620971 -2.5140475 -2.5451479 -2.5922316 -2.6019826 -2.5819265 -2.5494885 -2.5211985 -2.463337
-2.7817192 -2.7000528 -2.6060885 -2.5137238 -2.424705 -2.3408497 -2.2623038 -2.1862597 -2.1144047 -2.0505468 -1.9892108 -1.9420833 -1.8929616 -1.8432158 -1.7903729 -1.7350998 -1.6798267 -1.6245537 -1.5647467 -1.507065 -1.4603759 -1.4191288 -1.3914922 -1.3810413 -1.3868938 -1.429912 -1.4851851 -1.570142 -1.6604555 -1.7775044 -1.8915149 -2.0075883 -2.1162827 -2.2274791 -2.2910122 -2.3494766 -2.3747542 -2.3946196 -2.3946196 -2.3688492 -2.3454394 -2.3141744 -2.2852774 -2.2328439 -2.2027541 -2.2086066 -2.2430178 -2.2781325 -2.3869977 -2.4757063 -2.5342307 -2.5907302 -2.6316973 -2.6177904 -2.5995031 -2.5819457 -2.5247569
-2.85623 -2.7745636 -2.6805994 -2.5833442 -2.4867974 -2.3941881 -2.3057685 -2.2152582 -2.1330324 -2.05049 -1.9823912 -1.914318 -1.8605204 -1.7997512 -1.7451561 -1.6854259 -1.6301528 -1.5748797 -1.5207355 -1.482228 -1.4601188 -1.4279976 -1.4335249 -1.4342593 -1.4676139 -1.5261724 -1.5969514 -1.686071 -1.778431 -1.8954799 -2.0042899 -2.1007269 -2.1916915 -2.2771531 -2.3089668 -2.3494766 -2.3319192 -2.3449457 -2.3034233 -2.2399985 -2.1902084 -2.133007 -2.092791 -2.0518239 -2.0226862 -2.053501 -2.1203205 -2.1787846 -2.3304474 -2.4260324 -2.528143 -2.6126445 -2.6689528 -2.6654274 -2.649177 -2.6316197 -2.5774222
-2.8969456 -2.8197519 -2.7279092 -2.6337718 -2.5344596 -2.4253702 -2.3311151 -2.2370857 -2.1431215 -2.0565475 -1.9751507 -1.9046056 -1.8369651 -1.7742377 -1.715862 -1.655934 -1.6118014 -1.5565283 -1.5148569 -1.4898438 -1.4839141 -1.4740789 -1.4926939 -1.5282242 -1.5761843 -1.6557308 -1.7386404 -1.8312204 -1.9266987 -2.0437476 -2.127533 -2.2135507 -2.2720776 -2.3416649 -2.3438037 -2.3576231 -2.3088395 -2.280006 -2.2098426 -2.0847789 -2.0145496 -1.9396532 -1.8829414 -1.8529494 -1.8413392 -1.8834927 -1.996027 -2.0779612 -2.2706648 -2.4101735 -2.5326939 -2.6487337 -2.718963 -2.7204048 -2.7103907 -2.6939421 -2.6419331
-2.9278732 -2.8263751 -2.7434655 -2.6536413 -2.5593862 -2.4506892 -2.3354885 -2.2370857 -2.1431215 -2.0545009 -1.9685275 -1.895218 -1.8237187 -1.7573911 -1.6959924 -1.6407194 -1.5992837 -1.5661199 -1.54592 -1.5295829 -1.5351103 -1.5469339 -1.5856251 -1.6408184 -1.7227526 -1.8161378 -1.9156293 -2.0100465 -2.1043082 -2.1979473 -2.2798663 -2.3406667 -2.3846718 -2.4139341 -2.400653 -2.3774927 -2.3014109 -2.2030496 -2.0508861 -1.9238123 -1.8126159 -1.7275416 -1.6511298 -1.6335725 -1.6469129 -1.7112898 -1.8311502 -1.9774613 -2.2040187 -2.4085646 -2.572433 -2.6905387 -2.7841778 -2.7892029 -2.7851252 -2.7734203 -2.7214114
-2.9531286 -2.8509928 -2.7680832 -2.6784185 -2.5841634 -2.4755461 -2.3603454 -2.2573347 -2.161525 -2.0729045 -1.9868513 -1.9135418 -1.8433329 -1.7817697 -1.7251407 -1.6772873 -1.6463692 -1.621171 -1.6042825 -1.6101771 -1.6488682 -1.6710614 -1.7398647 -1.8024306 -1.895874 -1.9973784 -2.1015777 -2.1768931 -2.2656389 -2.3497947 -2.4048227 -2.4406522 -2.4649468 -2.4766342 -2.4303329 -2.394565 -2.2658113 -2.1643295 -1.9773692 -1.7976234 -1.6634746 -1.5528659 -1.4709925 -1.4590163 -1.4730742 -1.5671673 -1.735921 -1.9017747 -2.1894314 -2.3967738 -2.5893116 -2.7255031 -2.8214631 -2.8209437 -2.8167543 -2.8050494 -2.7603685
-2.979826 -2.8714548 -2.7885452 -2.7013805 -2.6071253 -2.498508 -2.3833073 -2.2852966 -2.1858051 -2.0995009 -2.0150981 -1.9451383 -1.8762994 -1.816629 -1.7703766 -1.7263842 -1.7070621 -1.6904802 -1.6920339 -1.7081733 -1.7566196 -1.8053531 -1.8813606 -1.9709621 -2.0710593 -2.1781121 -2.2886582 -2.3453578 -2.4171062 -2.4873355 -2.5219727 -2.5475 -2.5492946 -2.5434422 -2.4789878 -2.4147657 -2.2674078 -2.1142223 -1.9075324 -1.6921411 -1.5282727 -1.4050942 -1.305 -1.2971884 -1.3306481 -1.4390454 -1.6422458 -1.8412288 -2.1505456 -2.4113036 -2.6175224 -2.7548305 -2.854322 -2.8491367 -2.8410818 -2.8296884 -2.7896959
-2.9953134 -2.8847012 -2.8017916 -2.7152446 -2.6262259 -2.5183776 -2.4031769 -2.3087443 -2.218921 -2.1354606 -2.0548373 -1.9920005 -1.9292849 -1.8740119 -1.8299853 -1.8023488 -1.7894783 -1.7894783 -1.8060101 -1.8340138 -1.8948142 -1.9576864 -2.0461234 -2.143165 -2.2602139 -2.3701845 -2.4807307 -2.5187485 -2.5561931 -2.5996251 -2.6279437 -2.633471 -2.6266567 -2.603247 -2.5279091 -2.4412585 -2.2656852 -2.0797092 -1.8280541 -1.6050731 -1.4024321 -1.2717677 -1.1592899 -1.1592899 -1.2050914 -1.3396975 -1.557529 -1.8081129 -2.1456076 -2.4348687 -2.6572616 -2.7919425 -2.8808148 -2.8689027 -2.8554104 -2.849558 -2.8107295
-3.0248799 -2.9111546 -2.8250941 -2.7385471 -2.6495284 -2.5569191 -2.4489051 -2.3587617 -2.2714229 -2.1990171 -2.1177073 -2.0457464 -1.9902647 -1.9510603 -1.91276 -1.8910485 -1.887767 -1.8915829 -1.9142524 -1.958479 -2.0246054 -2.0909849 -2.1794218 -2.2721996 -2.3799811 -2.4736791 -2.5761922 -2.6045396 -2.6319465 -2.668043 -2.6830978 -2.6852106 -2.6684783 -2.6407048 -2.5534616 -2.460055 -2.258418 -2.058413 -1.7974008 -1.5461097 -1.3304563 -1.1908535 -1.0747999 -1.069966 -1.1219052 -1.2740009 -1.5092053 -1.769561 -2.1681597 -2.4670658 -2.6827619 -2.8019244 -2.88499 -2.850861 -2.836492 -2.8306395 -2.799139
-3.0065489 -2.9291098 -2.8406728 -2.7587011 -2.6696824 -2.5838847 -2.4896296 -2.4126928 -2.3297832 -2.2643726 -2.1931136 -2.1206817 -2.0600633 -2.0275651 -2.0050811 -1.9884991 -1.9927194 -2.0037741 -2.0420321 -2.0830895 -2.1494172 -2.2168607 -2.3035364 -2.3912055 -2.490697 -2.573738 -2.6566476 -2.674723 -2.6917528 -2.7151626 -2.7251087 -2.7251087 -2.7058764 -2.6707617 -2.5816341 -2.4786531 -2.2707607 -2.0452523 -1.7760399 -1.5179372 -1.277987 -1.1350043 -1.015998 -1.0135942 -1.0732303 -1.2370987 -1.4825205 -1.7517328 -2.1627943 -2.5012384 -2.7119263 -2.8174656 -2.8876949 -2.8506595 -2.8197438 -2.8138913 -2.7806879
-2.9653659 -2.890971 -2.819116 -2.744491 -2.6763056 -2.5980585 -2.5227455 -2.4587397 -2.3960151 -2.3451676 -2.2858382 -2.217765 -2.1594111 -2.1373019 -2.1191188 -2.1135915 -2.1221128 -2.142861 -2.175399 -2.2089301 -2.2752578 -2.3427013 -2.4145563 -2.4953909 -2.5773251 -2.6536064 -2.7228795 -2.7284257 -2.7314919 -2.7457769 -2.7513317 -2.7458043 -2.725746 -2.6906313 -2.6015037 -2.4985226 -2.2819822 -2.0512591 -1.7644894 -1.5028094 -1.2581175 -1.1151347 -0.99612842 -1.0078333 -1.0749832 -1.256409 -1.5091707 -1.791472 -2.2154915 -2.559108 -2.7463862 -2.8421389 -2.8943181 -2.8572827 -2.826367 -2.8205145 -2.78535
-2.9072491 -2.8434734 -2.7812328 -2.7272183 -2.6667561 -2.6166357 -2.5496226 -2.5160434 -2.4628756 -2.4361459 -2.3851624 -2.3247188 -2.2707789 -2.2552095 -2.2403742 -2.2348469 -2.2432368 -2.2641853 -2.2953624 -2.3193687 -2.3673814 -2.4303617 -2.4881202 -2.5570387 -2.6319474 -2.6918651 -2.7556148 -2.7544447 -2.7500476 -2.7608762 -2.7626673 -2.7571399 -2.7354076 -2.700293 -2.6111654 -2.5085333 -2.3009238 -2.0618311 -1.7774332 -1.5216056 -1.2768588 -1.1425926 -1.0252463 -1.049211 -1.1264044 -1.3105808 -1.5573056 -1.8427216 -2.2672945 -2.6092371 -2.7809089 -2.8568012 -2.901968 -2.8589566 -2.8280409 -2.8221884 -2.7870239
-2.8307083 -2.7817207 -2.7319749 -2.6941522 -2.652261 -2.6148988 -2.5730077 -2.5519017 -2.5297924 -2.513118 -2.4920173 -2.4350621 -2.3899048 -2.3788502 -2.3693145 -2.3637872 -2.3613074 -2.3778893 -2.3990052 -2.41743 -2.4574255 -2.5154409 -2.5651867 -2.6215835 -2.6859604 -2.743953 -2.7936987 -2.7811991 -2.7712534 -2.7771059 -2.7798027 -2.7742754 -2.7308039 -2.6956893 -2.6101848 -2.5087741 -2.3090578 -2.0797906 -1.7988734 -1.5521038 -1.3121537 -1.1836905 -1.078567 -1.1092391 -1.1994734 -1.3867515 -1.6370995 -1.9121643 -2.3209697 -2.6502603 -2.8024238 -2.8692582 -2.9043728 -2.8667164 -2.8316641 -2.8258116 -2.7879297
-2.7242464 -2.6903562 -2.6723662 -2.6522391 -2.6456378 -2.6216994 -2.5995004 -2.5986941 -2.5960243 -2.6059772 -2.5979883 -2.5822791 -2.5493256 -2.5437983 -2.5333753 -2.5227437 -2.4893821 -2.4573676 -2.4702319 -2.4704155 -2.4869974 -2.5382508 -2.6653789 -2.73557 -2.8051778 -2.8746696 -2.9394089 -2.8876151 -2.8507317 -2.8641147 -2.8714604 -2.8604058 -2.7617153 -2.6228342 -2.5522565 -2.4624118 -2.2985434 -2.0797906 -1.8041342 -1.5828331 -1.3783856 -1.2703699 -1.1779148 -1.2305868 -1.3253139 -1.5238714 -1.7823011 -2.0644977 -2.3863234 -2.6899994 -2.7982421 -2.8501963 -2.8778801 -2.8798841 -2.8581568 -2.8523044 -2.8061478
-2.5821286 -2.5910084 -2.5878372 -2.5967826 -2.6168332 -2.6192284 -2.624373 -2.6625564 -2.673611 -2.6846656 -2.7039593 -2.6884639 -2.6792169 -2.6747391 -2.6698898 -2.656731 -2.6192734 -2.550575 -2.5356739 -2.5150967 -2.5316786 -2.549816 -2.671377 -2.7388756 -2.7979805 -2.8693217 -2.9273364 -2.8755426 -2.8396298 -2.8575756 -2.868685 -2.8609348 -2.7743894 -2.6016565 -2.5084666 -2.4368103 -2.2738374 -2.0941265 -1.8303656 -1.6226737 -1.4605175 -1.3822757 -1.3021757 -1.3570795 -1.480584 -1.6727785 -1.9255402 -2.1766004 -2.4680698 -2.7128692 -2.8076467 -2.8494064 -2.868998 -2.87 -2.8680409 -2.8602247 -2.8118797
-2.4835077 -2.514584 -2.5366932 -2.5756689 -2.6175601 -2.6494505 -2.6703961 -2.7123085 -2.756527 -2.7868951 -2.8077994 -2.7973266 -2.7887228 -2.7887228 -2.7807219 -2.76414 -2.7021721 -2.6192625 -2.5816919 -2.550903 -2.5351885 -2.5362227 -2.6246596 -2.686343 -2.7214576 -2.7643991 -2.8141448 -2.7957238 -2.7662704 -2.7896802 -2.8090965 -2.8090965 -2.7276394 -2.5696235 -2.4914427 -2.4241263 -2.2928347 -2.1244 -1.8844498 -1.7134781 -1.567167 -1.4967752 -1.4455722 -1.5221746 -1.6389044 -1.8203302 -2.0272473 -2.261345 -2.5346356 -2.7410473 -2.817129 -2.8514407 -2.868998 -2.87 -2.8660818 -2.8543769 -2.7957963
-2.3900458 -2.4350304 -2.4994378 -2.5551494 -2.6237693 -2.6728416 -2.7138608 -2.7700219 -2.8248286 -2.8690471 -2.8946305 -2.8789213 -2.8687998 -2.8632725 -2.853535 -2.8324416 -2.7567119 -2.656518 -2.6130672 -2.5633214 -2.5135757 -2.5008984 -2.5285349 -2.5744255 -2.5724359 -2.6062162 -2.6464954 -2.6527242 -2.6358764 -2.6688035 -2.7010675 -2.7159579 -2.6518502 -2.5199496 -2.4574111 -2.3992893 -2.2997978 -2.1368184 -1.9295439 -1.7950773 -1.6789333 -1.6298835 -1.5883847 -1.6820238 -1.8003447 -1.9615831 -2.1314884 -2.3358558 -2.572079 -2.7720935 -2.8285862 -2.8545633 -2.868998 -2.87 -2.8660818 -2.8496292 -2.7807757
-2.2887989 -2.3655848 -2.4441521 -2.5324619 -2.6119571 -2.7195214 -2.7718853 -2.8485052 -2.9148328 -2.969851 -2.9881229 -2.9218153 -2.9086299 -2.9031026 -2.8903013 -2.8681921 -2.8105447 -2.6999986 -2.6393254 -2.5722534 -2.4928628 -2.4353063 -2.4159185 -2.4120199 -2.3929163 -2.3917706 -2.4249344 -2.4458623 -2.4485493 -2.4895164 -2.5450642 -2.568558 -2.5792634 -2.465358 -2.422835 -2.3783645 -2.3043177 -2.1728771 -1.9793284 -1.8830433 -1.7894043 -1.7621996 -1.7382335 -1.8430795 -1.961559 -2.1107805 -2.2391542 -2.4147275 -2.6491062 -2.8192389 -2.8705947 -2.8945329 -2.9062378 -2.8767101 -2.8708328 -2.8532754 -2.7743568
-2.2004638 -2.2927297 -2.3977485 -2.499346 -2.5988375 -2.7161948 -2.8418683 -2.9383426 -3.0267795 -3.088411 -3.1205866 -3.0001495 -2.9086299 -2.9031026 -2.8903013 -2.8681921 -2.81129 -2.7339077 -2.6565037 -2.5788766 -2.479385 -2.3823208 -2.2938839 -2.2199475 -2.1672755 -2.1507826 -2.1507826 -2.1750891 -2.2049397 -2.2693166 -2.3264989 -2.3707174 -2.3938141 -2.3996665 -2.3816023 -2.3584949 -2.3058229 -2.2152811 -2.0455603 -1.9511086 -1.9042891 -1.8896181 -1.8905668 -2.0076157 -2.1269662 -2.2498675 -2.3727688 -2.4956701 -2.7285845 -2.8966303 -2.9434498 -2.967388 -2.9790929 -2.9269907 -2.8840792 -2.8665218 -2.7866764
-2.1939271 -2.2952471 -2.416076 -2.5271571 -2.635862 -2.7640778 -2.8975463 -2.998614 -3.0889507 -3.1453255 -3.1725954 -3.0259763 -2.9333854 -2.9278581 -2.9126321 -2.8867587 -2.822898 -2.7400966 -2.6583777 -2.5474032 -2.3981659 -2.2843447 -2.1451774 -2.0501015 -1.9624127 -1.923084 -1.9086345 -1.9376458 -1.9690457 -2.040698 -2.124953 -2.2029008 -2.25816 -2.2938472 -2.3226143 -2.316678 -2.316678 -2.2278762 -2.0816794 -2.0187581 -1.9849616 -1.9904457 -1.9979374 -2.1318928 -2.2511999 -2.348304 -2.4281645 -2.5332598 -2.7479118 -2.915436 -2.9498056 -2.9676271 -2.979332 -2.9272299 -2.8841226 -2.8625649 -2.776867
-2.192433 -2.3093418 -2.4364698 -2.5564963 -2.6716971 -2.8048505 -2.9462332 -3.0482621 -3.1422264 -3.1962268 -3.21721 -3.0653925 -2.9537459 -2.9482186 -2.9305679 -2.9027981 -2.8317735 -2.7433366 -2.6367641 -2.5098908 -2.3381826 -2.178903 -2.0207715 -1.8760401 -1.7688771 -1.7026715 -1.6695076 -1.6918084 -1.728171 -1.8101052 -1.9178156 -2.0109348 -2.1092157 -2.1735926 -2.2373611 -2.2711065 -2.292558 -2.2493326 -2.1158856 -2.074827 -2.0572696 -2.0681283 -2.0925245 -2.2331446 -2.349685 -2.4341284 -2.4891944 -2.5652761 -2.7758945 -2.9256593 -2.9544024 -2.9676271 -2.979332 -2.9272299 -2.8821635 -2.8583842 -2.7704979
-2.2341975 -2.3557041 -2.4828321 -2.6028587 -2.7180594 -2.8512128 -2.9925955 -3.0928934 -3.1819655 -3.2331802 -3.250326 -3.0879977 -2.9669923 -2.961465 -2.9438143 -2.9106505 -2.836554 -2.7370625 -2.6078505 -2.4635285 -2.2645454 -2.072932 -1.8739489 -1.7038372 -1.5575261 -1.4792157 -1.4244496 -1.4444732 -1.4764898 -1.5746764 -1.6860041 -1.8186594 -1.9362164 -2.0532652 -2.1389388 -2.218121 -2.270793 -2.2601979 -2.1490015 -2.1130743 -2.1235015 -2.1367975 -2.1653796 -2.3175431 -2.4352127 -2.4937371 -2.5403722 -2.5851457 -2.7922998 -2.9376159 -2.9610256 -2.9729947 -2.979332 -2.9272299 -2.8810232 -2.851761 -2.7638747
-2.3257881 -2.4426968 -2.5626889 -2.6782427 -2.7851264 -2.9149882 -2.9683764 -3.0163626 -3.0941926 -3.1406315 -3.1383332 -3.0133229 -2.9686299 -2.9631026 -2.945452 -2.9085318 -2.8315685 -2.7224551 -2.5830144 -2.4113618 -2.2026288 -1.9727653 -1.7566499 -1.5410631 -1.3737146 -1.2896722 -1.2139501 -1.228437 -1.2607863 -1.3643591 -1.4832142 -1.629087 -1.7984539 -1.9440913 -2.040669 -2.1709399 -2.238262 -2.2700965 -2.2649846 -2.2971033 -2.3297723 -2.3631239 -2.3949521 -2.5139636 -2.5760823 -2.6267766 -2.6696331 -2.7106002 -2.7773433 -2.9210217 -2.940666 -2.9505962 -2.9564486 -2.7705125 -2.723487 -2.7050725 -2.6237515
-2.4233678 -2.5223858 -2.6373121 -2.7320652 -2.8367931 -2.8911519 -2.9330431 -2.9786017 -3.0283475 -3.0567185 -3.0709233 -3.0133229 -2.9672599 -2.9606751 -2.9381751 -2.8994811 -2.8131317 -2.7025856 -2.5421665 -2.3577031 -2.1105635 -1.8684261 -1.625505 -1.4030238 -1.2212098 -1.1060933 -1.028711 -1.0407703 -1.0738873 -1.1850837 -1.327003 -1.483587 -1.6650915 -1.8465173 -2.0040168 -2.1365559 -2.2473127 -2.3355281 -2.4005423 -2.4609258 -2.4960404 -2.529392 -2.5644003 -2.6250288 -2.682631 -2.7283742 -2.7625968 -2.8035639 -2.86265 -2.9087536 -2.9259222 -2.931386 -2.9372385 -2.7523729 -2.6160818 -2.6041378 -2.5523679
