mean_models/J1_mean_vp_slide_diff2_60.dat.tif
NCOLS 118
NROWS 92
XLLCORNER 139.62
YLLCORNER -39.07
DX 0.099491525
DY 0.099347826
NODATA_VALUE -9999
[rows 48 to 71 of 92, columns 54 to 107 of 118]
-0.091730957 -0.086769883 -0.081808809 -0.076847735 -0.071886662 -0.067052955 -0.067981579 -0.062209293 -0.056437008 -0.050664723 -0.044892438 -0.039120153 -0.056593126 -0.074864835 -0.093136544 -0.11140825 -0.12967996 -0.13694177 -0.14154915 -0.14615653 -0.15076391 -0.15537128 -0.16042428 -0.16691659 -0.16709492 -0.16727326 -0.16745159 -0.16762992 -0.17282759 -0.18034427 -0.18786094 -0.19537762 -0.2028943 -0.20694106 -0.2200502 -0.23566812 -0.25128604 -0.26690395 -0.28190394 -0.27679476 -0.27168558 -0.2665764 -0.26146721 -0.25810369 -0.26039343 -0.26292568 -0.26545793 -0.26799018 -0.2679677 -0.24310847 -0.21510718 -0.18710589 -0.15910459 -0.13264048
-0.086333279 -0.081372205 -0.076411131 -0.071450058 -0.067026624 -0.063756373 -0.066053687 -0.072134396 -0.067869515 -0.062097229 -0.056324944 -0.050552659 -0.068025633 -0.086297342 -0.10456905 -0.12145225 -0.12908288 -0.13538731 -0.13999469 -0.14460206 -0.14920944 -0.15430609 -0.15974209 -0.17416855 -0.18316962 -0.18334796 -0.18352629 -0.18370462 -0.18890229 -0.19641896 -0.20393564 -0.21145232 -0.22513983 -0.23036727 -0.22020619 -0.22877625 -0.24439417 -0.26001209 -0.27501207 -0.26990289 -0.26479371 -0.25968453 -0.25699554 -0.25700822 -0.25929795 -0.2618302 -0.26436245 -0.26113904 -0.24287068 -0.21801145 -0.19001015 -0.16200886 -0.13764557 -0.12882883
-0.080935601 -0.075974528 -0.071013454 -0.067000293 -0.063730043 -0.060459792 -0.062757105 -0.068837814 -0.074918523 -0.073529736 -0.067757451 -0.061985166 -0.079458139 -0.097729848 -0.11226715 -0.11989778 -0.12752842 -0.13383284 -0.13844022 -0.1430476 -0.14828858 -0.15362391 -0.1590599 -0.17348636 -0.18791282 -0.19942266 -0.19960099 -0.19977932 -0.20497698 -0.21249366 -0.22103093 -0.23479849 -0.24856605 -0.25379349 -0.2436324 -0.23347131 -0.2375023 -0.25312022 -0.2681202 -0.26301102 -0.25790184 -0.25588738 -0.25590006 -0.25591274 -0.25820248 -0.26073473 -0.25431038 -0.23604202 -0.21777365 -0.19291442 -0.16491313 -0.14265067 -0.13383393 -0.12501719
-0.075537924 -0.07057685 -0.066973963 -0.063703712 -0.060433461 -0.05716321 -0.059460524 -0.065541233 -0.071621941 -0.07770265 -0.079189957 -0.073417672 -0.090890645 -0.10308205 -0.11071268 -0.11834332 -0.12597396 -0.13227838 -0.13693574 -0.14227107 -0.14760639 -0.15294172 -0.15837771 -0.17280417 -0.18723063 -0.20165709 -0.21567569 -0.21585402 -0.22105168 -0.23068958 -0.24445714 -0.25822471 -0.27199227 -0.27721971 -0.26705862 -0.25689753 -0.24673644 -0.24622835 -0.26122834 -0.25611915 -0.25477922 -0.2547919 -0.25480458 -0.25481727 -0.257107 -0.24748172 -0.22921336 -0.21094499 -0.19267662 -0.16781739 -0.14765576 -0.13883902 -0.13002228 -0.12120554
-0.070217883 -0.066947632 -0.063677381 -0.06040713 -0.057136879 -0.053866628 -0.056163942 -0.062244651 -0.06832536 -0.074406069 -0.080486777 -0.084850178 -0.093896945 -0.10152758 -0.10915822 -0.11678886 -0.1244195 -0.13091823 -0.13625355 -0.14158888 -0.1469242 -0.15225953 -0.15769552 -0.17212198 -0.18654844 -0.2009749 -0.21540136 -0.22982782 -0.24034824 -0.2541158 -0.26788336 -0.28165092 -0.29541849 -0.30064593 -0.29048484 -0.28032375 -0.27016266 -0.26000157 -0.25433647 -0.25367107 -0.25368375 -0.25369643 -0.25370911 -0.25372179 -0.24065306 -0.22238469 -0.20411633 -0.18584796 -0.1675796 -0.15266086 -0.14384412 -0.13502738 -0.12621064 -0.1173939
-0.067826011 -0.06455576 -0.061285509 -0.058015258 -0.054745007 -0.060761666 -0.059314009 -0.058169477 -0.064250186 -0.070330895 -0.076411603 -0.082492312 -0.090071462 -0.0977021 -0.10533274 -0.11296338 -0.11809017 -0.12166831 -0.12700363 -0.13233896 -0.13767428 -0.14297342 -0.14617163 -0.16977364 -0.1842001 -0.19862655 -0.21305301 -0.22747947 -0.24145525 -0.25522282 -0.26899038 -0.28275794 -0.29234657 -0.29470553 -0.29331346 -0.28315237 -0.27299128 -0.26283019 -0.25297241 -0.25298509 -0.25299777 -0.25301045 -0.25302313 -0.25978407 -0.24403751 -0.22576914 -0.20750077 -0.18923241 -0.15933026 -0.14163212 -0.13281538 -0.12399864 -0.1151819 -0.13600427
-0.065585501 -0.06231525 -0.059045 -0.055774749 -0.06493613 -0.07624956 -0.074801903 -0.064682549 -0.060044749 -0.066125458 -0.072206167 -0.078286876 -0.085866025 -0.093496664 -0.1011273 -0.10520191 -0.10740683 -0.11098496 -0.11632029 -0.12165561 -0.12654689 -0.12951395 -0.13271216 -0.15655389 -0.18039563 -0.19599945 -0.21042591 -0.22485237 -0.23882815 -0.25259572 -0.26636328 -0.27411556 -0.27568227 -0.27804122 -0.28182772 -0.2825349 -0.27237381 -0.26221272 -0.25235494 -0.25236762 -0.2523803 -0.25239298 -0.26000199 -0.26793361 -0.25218705 -0.23391869 -0.21565032 -0.18342205 -0.14709406 -0.12939592 -0.12057918 -0.11176244 -0.13693742 -0.17909595
-0.063344992 -0.060074741 -0.057797164 -0.069110594 -0.080424024 -0.091737454 -0.090289797 -0.080170443 -0.070051089 -0.061920021 -0.06800073 -0.074081439 -0.081660589 -0.089291227 -0.092313654 -0.094518567 -0.09672348 -0.10030161 -0.10563694 -0.11012036 -0.11308742 -0.11605448 -0.11925269 -0.14309442 -0.16693616 -0.19077789 -0.20779881 -0.22222527 -0.23620105 -0.24996861 -0.25588455 -0.25745126 -0.25901797 -0.26137692 -0.26516342 -0.26894992 -0.27175634 -0.26159525 -0.25173747 -0.25175015 -0.2522883 -0.26021992 -0.26815154 -0.27608316 -0.2603366 -0.24206823 -0.20751385 -0.17118586 -0.13485787 -0.11715973 -0.10834299 -0.13787056 -0.1800291 -0.22218764
-0.061104482 -0.061971628 -0.073285058 -0.084598488 -0.095911918 -0.10722535 -0.10577769 -0.095658337 -0.085538983 -0.075419629 -0.065300275 -0.069876002 -0.077220481 -0.079425394 -0.081630307 -0.08383522 -0.086040133 -0.089618268 -0.093693831 -0.09666089 -0.099627948 -0.10259501 -0.10579322 -0.12963495 -0.15347669 -0.17731842 -0.20116016 -0.21959817 -0.23357395 -0.23765354 -0.23922025 -0.24078696 -0.24235367 -0.24471262 -0.24849912 -0.25228561 -0.25607211 -0.25985861 -0.25112 -0.25250622 -0.26043784 -0.26836946 -0.27630108 -0.2842327 -0.26793363 -0.23160564 -0.19527765 -0.15894966 -0.12262167 -0.10492353 -0.13880371 -0.18096225 -0.22312079 -0.26527933
-0.063996411 -0.07471697 -0.0860304 -0.09734383 -0.10865726 -0.11997069 -0.11948868 -0.10936933 -0.099249975 -0.089130621 -0.079011267 -0.068891913 -0.068869116 -0.07107403 -0.073278943 -0.075483856 -0.077688769 -0.080228013 -0.083195071 -0.08616213 -0.089129188 -0.092096247 -0.097013337 -0.11693319 -0.14077493 -0.16461666 -0.1884584 -0.21230014 -0.22090606 -0.22247277 -0.22403948 -0.22560619 -0.2271729 -0.23185575 -0.23564225 -0.23942874 -0.24321524 -0.24700174 -0.25091181 -0.25884343 -0.26677505 -0.27470667 -0.28263829 -0.28973982 -0.25885431 -0.22252631 -0.18619832 -0.14987033 -0.11354234 -0.12723378 -0.16939232 -0.21155086 -0.2537094 -0.29586794
-0.080207327 -0.081193892 -0.089408667 -0.1007221 -0.11203553 -0.12334896 -0.12394425 -0.11701138 -0.10689203 -0.096772676 -0.086653322 -0.076533968 -0.071969625 -0.070687456 -0.072892369 -0.075097282 -0.077302195 -0.07984144 -0.082808498 -0.085775556 -0.088742615 -0.095055831 -0.10496757 -0.11344631 -0.1306611 -0.15450283 -0.17834457 -0.20218631 -0.21079223 -0.21235894 -0.21392565 -0.21549236 -0.22750842 -0.23672266 -0.23616137 -0.239576 -0.2433625 -0.24714899 -0.25105907 -0.25899069 -0.26692231 -0.27485393 -0.28127242 -0.28401761 -0.25726593 -0.22422914 -0.18790114 -0.15157315 -0.11524516 -0.12363245 -0.15727719 -0.19943573 -0.24159427 -0.2837528
-0.096418243 -0.097404808 -0.098391373 -0.10410037 -0.1154138 -0.12672723 -0.12732251 -0.12063437 -0.11394623 -0.10441473 -0.094295378 -0.084176024 -0.07961168 -0.075238213 -0.072505796 -0.074710709 -0.076915622 -0.079454866 -0.082421925 -0.085388983 -0.093082279 -0.10301006 -0.11292179 -0.12140054 -0.12987928 -0.14438901 -0.16823074 -0.19207248 -0.2006784 -0.20224511 -0.20381182 -0.21812966 -0.23276899 -0.24198323 -0.24142195 -0.24086067 -0.24350975 -0.24729625 -0.25120632 -0.25913794 -0.26706956 -0.27280502 -0.27555021 -0.27829539 -0.25154372 -0.22165053 -0.18960397 -0.15327598 -0.11694798 -0.12533528 -0.15503966 -0.18732059 -0.22947913 -0.27163767
-0.11262916 -0.11361572 -0.11460229 -0.11558885 -0.11879206 -0.13010549 -0.13070078 -0.12401264 -0.1173245 -0.11063636 -0.10193743 -0.091818079 -0.087253736 -0.082880269 -0.078506802 -0.074324135 -0.076529049 -0.079068293 -0.082035351 -0.091108727 -0.10103651 -0.11096429 -0.12087602 -0.12935477 -0.13783351 -0.14631225 -0.15811691 -0.18195865 -0.19056457 -0.19411157 -0.2087509 -0.22339024 -0.23802957 -0.24724381 -0.24668253 -0.24612125 -0.24555996 -0.2474435 -0.25135358 -0.2592852 -0.26433762 -0.26708281 -0.26982799 -0.27257318 -0.24582151 -0.21592832 -0.18603513 -0.1549788 -0.11865081 -0.1270381 -0.15674249 -0.18644688 -0.21736399 -0.25952253
-0.12884007 -0.12982664 -0.1308132 -0.13179977 -0.13278633 -0.1337729 -0.13407905 -0.12739091 -0.12070277 -0.11401463 -0.10732649 -0.099460135 -0.094895791 -0.090522325 -0.086148858 -0.081775391 -0.077401925 -0.079207395 -0.089135176 -0.099062956 -0.10899074 -0.11891852 -0.12883025 -0.13730899 -0.14578774 -0.15426648 -0.16274522 -0.17184482 -0.18473282 -0.19937215 -0.21401148 -0.22865082 -0.24329015 -0.25250439 -0.25194311 -0.25138182 -0.25082054 -0.25025926 -0.25150083 -0.25587022 -0.25861541 -0.26136059 -0.26410578 -0.26685096 -0.24009929 -0.21020611 -0.18031292 -0.15041973 -0.12035363 -0.12874092 -0.15844531 -0.1881497 -0.21785409 -0.24755847
-0.12667717 -0.13325278 -0.13423935 -0.13522591 -0.13621248 -0.13719904 -0.13116874 -0.12336813 -0.11667999 -0.10999185 -0.10330371 -0.096615569 -0.10792311 -0.10354965 -0.099176179 -0.094802713 -0.090429246 -0.092329325 -0.10225711 -0.11218489 -0.12211267 -0.13204045 -0.13764853 -0.14961744 -0.15809618 -0.16657493 -0.17505367 -0.18353241 -0.19622492 -0.21086425 -0.22550358 -0.24014291 -0.25480783 -0.26103052 -0.2564696 -0.25590831 -0.25534703 -0.25478575 -0.25432304 -0.25706823 -0.25981341 -0.2625586 -0.26530378 -0.24399795 -0.24445506 -0.21456188 -0.18466869 -0.15477551 -0.12488232 -0.12878038 -0.15755305 -0.18725744 -0.21696182 -0.24666621
-0.11372619 -0.12341808 -0.13210602 -0.13309258 -0.13407915 -0.13506571 -0.12903541 -0.11823685 -0.10943886 -0.10275072 -0.096062577 -0.089374437 -0.10283469 -0.11698727 -0.11454529 -0.11017182 -0.10579835 -0.10769843 -0.11762621 -0.12755399 -0.13725013 -0.14196732 -0.14677396 -0.15956913 -0.17229807 -0.18077681 -0.18925555 -0.19773429 -0.2104268 -0.22506613 -0.23970546 -0.2543959 -0.26918015 -0.27540284 -0.26619838 -0.26011558 -0.2595543 -0.25899302 -0.25853031 -0.2612755 -0.26402068 -0.26676587 -0.24088592 -0.20889881 -0.21313839 -0.22123623 -0.19340689 -0.1635137 -0.13362051 -0.13751858 -0.15752592 -0.1852367 -0.21494109 -0.24464548
-0.1007752 -0.1104671 -0.120159 -0.12985089 -0.13194582 -0.13293238 -0.12690208 -0.11610352 -0.10530496 -0.095509585 -0.088821445 -0.082133305 -0.095593561 -0.10974614 -0.12389872 -0.12554093 -0.12116746 -0.12306754 -0.13299532 -0.14165837 -0.14637556 -0.15109275 -0.15589939 -0.16869456 -0.18148973 -0.19428491 -0.20345743 -0.21193618 -0.22462868 -0.23926801 -0.25398397 -0.26876822 -0.28355247 -0.28977516 -0.28057069 -0.27136623 -0.26376157 -0.26320029 -0.26273758 -0.26548277 -0.26822795 -0.23777388 -0.20578677 -0.17379966 -0.17803924 -0.18613709 -0.19423493 -0.17225189 -0.14235871 -0.14625677 -0.16626412 -0.18627147 -0.21292036 -0.24262474
-0.087824222 -0.097516118 -0.10720801 -0.11689991 -0.12659181 -0.13079905 -0.12476875 -0.11397019 -0.10317163 -0.092373067 -0.081580313 -0.074892173 -0.088352429 -0.10250501 -0.11665759 -0.13081017 -0.13653657 -0.13843665 -0.14606661 -0.1507838 -0.15550099 -0.16021818 -0.16502482 -0.17781999 -0.19061516 -0.20341034 -0.21620551 -0.22613806 -0.23883056 -0.25357203 -0.26835628 -0.28314054 -0.29792479 -0.30414748 -0.29494301 -0.28573855 -0.27653408 -0.26740756 -0.26694485 -0.26664896 -0.23466185 -0.20267474 -0.17068762 -0.13870051 -0.1429401 -0.15103794 -0.15913579 -0.16723363 -0.1510969 -0.15499496 -0.17500231 -0.19500966 -0.21501701 -0.24060401
-0.080916555 -0.09060845 -0.10030035 -0.10999224 -0.11968414 -0.12937603 -0.12569295 -0.11489438 -0.10409582 -0.093297262 -0.0824987 -0.071700139 -0.085023847 -0.099176426 -0.113329 -0.12748158 -0.14163416 -0.15182462 -0.15654181 -0.16125899 -0.16597618 -0.17069337 -0.17386427 -0.18522572 -0.19802089 -0.21081607 -0.22361124 -0.23640641 -0.25056209 -0.26534634 -0.2801306 -0.29491485 -0.3096991 -0.31213549 -0.30293102 -0.29372655 -0.28452208 -0.27531762 -0.26543394 -0.23344683 -0.20145972 -0.16947261 -0.13748549 -0.10819792 -0.11522575 -0.1233236 -0.13142144 -0.13951929 -0.14761713 -0.16557012 -0.18557746 -0.20558481 -0.22559216 -0.24559951
-0.10406747 -0.11375936 -0.12345126 -0.13314316 -0.14220147 -0.13813831 -0.13489156 -0.13102626 -0.1202277 -0.10942914 -0.098630579 -0.087832018 -0.10115573 -0.11530831 -0.12946088 -0.14361346 -0.15851372 -0.16901334 -0.17373053 -0.17844771 -0.1831649 -0.18471385 -0.18179179 -0.18687036 -0.1968731 -0.20966827 -0.22246344 -0.23525862 -0.24941429 -0.26419854 -0.2789828 -0.29376705 -0.29292733 -0.2861592 -0.27912947 -0.2699599 -0.26075543 -0.25155097 -0.24166729 -0.20968018 -0.17769307 -0.14570596 -0.12023339 -0.1172145 -0.12424234 -0.13234018 -0.14043803 -0.14876032 -0.16612714 -0.18528205 -0.2052894 -0.22529675 -0.24530409 -0.24142194
-0.12721838 -0.13691028 -0.14660217 -0.15232286 -0.1482597 -0.14419654 -0.14094979 -0.13825784 -0.13556588 -0.12556102 -0.11476246 -0.1039639 -0.11728761 -0.13144018 -0.1456654 -0.16068392 -0.17570244 -0.18620206 -0.19091925 -0.19563643 -0.19565301 -0.19264136 -0.1897193 -0.19479787 -0.19987645 -0.20852047 -0.22131564 -0.23411082 -0.24826649 -0.26305075 -0.277835 -0.27322597 -0.26660303 -0.2598349 -0.25280517 -0.24577543 -0.23698878 -0.22778432 -0.21790064 -0.18591353 -0.15392642 -0.13226886 -0.12924998 -0.12623109 -0.13325893 -0.14135677 -0.15110543 -0.16847225 -0.18583907 -0.20499398 -0.22500133 -0.24358674 -0.23836364 -0.23314053
-0.1503693 -0.16006119 -0.16244426 -0.1583811 -0.15431793 -0.15025477 -0.14700802 -0.14431607 -0.14162411 -0.13893215 -0.13089434 -0.12009578 -0.13341948 -0.1478356 -0.16285412 -0.17787264 -0.19289116 -0.20339078 -0.20810796 -0.20659217 -0.20358052 -0.20056888 -0.19764682 -0.20272539 -0.20780396 -0.21288254 -0.22016784 -0.23296302 -0.24711869 -0.26014756 -0.25352461 -0.24690167 -0.24027872 -0.2335106 -0.22648086 -0.21945113 -0.2124214 -0.20401767 -0.19413399 -0.16214688 -0.14430433 -0.14128545 -0.13826656 -0.13524768 -0.14227552 -0.15345055 -0.17081737 -0.18818419 -0.20555101 -0.22470592 -0.24052843 -0.23530533 -0.23008222 -0.22485912
-0.17352021 -0.17256565 -0.16850249 -0.16443933 -0.16037616 -0.156313 -0.15306625 -0.1503743 -0.14768234 -0.14499038 -0.14229843 -0.13622766 -0.15000581 -0.16502432 -0.18004284 -0.19506136 -0.21007988 -0.22054297 -0.21753133 -0.21451968 -0.21150804 -0.20849639 -0.20557433 -0.2106529 -0.21573148 -0.22081005 -0.22588862 -0.23181522 -0.2404462 -0.23382325 -0.22720031 -0.22057736 -0.21395442 -0.20718629 -0.20015656 -0.19312682 -0.18609709 -0.17906736 -0.17036734 -0.15633981 -0.15332092 -0.15030204 -0.14728315 -0.14426427 -0.15579566 -0.17316248 -0.1905293 -0.20789612 -0.22526294 -0.23747013 -0.23224702 -0.22702391 -0.22180081 -0.2165777
-0.19629497 -0.18241018 -0.17834702 -0.17428386 -0.1702207 -0.16615753 -0.16361053 -0.16117153 -0.15847958 -0.15578762 -0.15309567 -0.15040371 -0.15473019 -0.1697487 -0.18476722 -0.19978574 -0.21480426 -0.22191346 -0.21890181 -0.21589017 -0.21287852 -0.20986688 -0.20822773 -0.21017646 -0.21525503 -0.2203336 -0.22541218 -0.23049075 -0.22756564 -0.2209427 -0.21431975 -0.20769681 -0.20114605 -0.20776088 -0.21568717 -0.20865744 -0.20162771 -0.19459797 -0.18768781 -0.18466893 -0.18165004 -0.17863116 -0.17561227 -0.16612976 -0.16002916 -0.17739598 -0.1947628 -0.21212962 -0.22949644 -0.2318712 -0.2266691 -0.22144599 -0.21622289 -0.21099978
