mean_models/J1_mean_vp_slide_diff2_340.dat.tif
NCOLS 118
NROWS 92
XLLCORNER 139.62
YLLCORNER -39.07
DX 0.099491525
DY 0.099347826
NODATA_VALUE -9999
[rows 0 to 23 of 92, columns 0 to 53 of 118]
-9999 -9999 -9999 -9999 -9999 -9999 -9999 -9999 -9999 -9999 -9999 -9999 -9999 -9999 -9999 -9999 -9999 -9999 -9999 -9999 -9999 -9999 -9999 -9999 -9999 -9999 -9999 -9999 -9999 -9999 -9999 -9999 -9999 -9999 -9999 -9999 -9999 -9999 -9999 -9999 -9999 -9999 -9999 -9999 -9999 -9999 -9999 -9999 -9999 -9999 -9999 -9999 -9999 -9999
-9999 0.021352538 0.03367334 0.045994142 0.058314944 0.070635747 0.078707811 0.078950193 0.078249128 0.076701627 0.075154126 0.073606625 0.072059124 0.070564279 0.066414432 0.059099649 0.051784866 0.044470083 0.0371553 0.03235134 0.033339955 0.034328569 0.035317183 0.036305797 0.036838458 0.035334887 0.035972462 0.036641584 0.037310707 0.03797983 0.038648952 0.041515627 0.048618478 0.05572133 0.062824182 0.069927034 0.075364764 0.075667133 0.075634018 0.075880174 0.076126329 0.076372485 0.076618641 0.075985888 0.074935884 0.073954409 0.072972934 0.071991459 0.071009984 0.063584354 0.055723636 0.047862917 0.040002198 0.032141479
-9999 0.035790468 0.04811127 0.060432072 0.072752874 0.07752041 0.077556618 0.077799 0.078279332 0.07812375 0.076576249 0.075028748 0.073481247 0.071986402 0.070597002 0.067917803 0.06060302 0.053288238 0.045973455 0.041169495 0.042158109 0.043146723 0.044135337 0.043853286 0.041559343 0.040055772 0.040670596 0.041295823 0.041964946 0.042634068 0.043303191 0.046169865 0.053272717 0.060375569 0.06747842 0.071482702 0.07228167 0.072584039 0.072175952 0.072007678 0.072253834 0.07249999 0.072746145 0.072113392 0.070848803 0.069746201 0.068764726 0.067783251 0.066801775 0.05934521 0.050769574 0.042821842 0.034961124 0.027100405
-9999 0.050228397 0.0625492 0.074870002 0.076333008 0.076369217 0.076405425 0.076647807 0.077128139 0.077608471 0.077998372 0.076450871 0.07490337 0.073408524 0.072019125 0.070629726 0.069240327 0.062106392 0.054791609 0.049987649 0.050976263 0.051964878 0.050868113 0.04857417 0.046280227 0.044776656 0.04539148 0.046006304 0.046621128 0.047288307 0.04795743 0.050824104 0.057926956 0.065029807 0.067600641 0.068399608 0.069198576 0.069500944 0.069092858 0.068684771 0.068381338 0.068627494 0.06887365 0.068240897 0.066976307 0.065711717 0.064556517 0.063575042 0.062593567 0.055137002 0.046561366 0.037985729 0.029920049 0.02205933
-9999 0.064666327 0.075109399 0.075145607 0.075181815 0.075218024 0.075254232 0.075496614 0.075976946 0.076457278 0.07693761 0.077417942 0.076325492 0.074830647 0.073441248 0.072051849 0.07066245 0.06927305 0.063609764 0.058805804 0.059794418 0.05788294 0.055588998 0.053295055 0.051001112 0.049497541 0.050112365 0.050727188 0.051342012 0.051956836 0.052611668 0.055478343 0.062581194 0.063718579 0.064517547 0.065316514 0.066115482 0.06641785 0.066009763 0.065601677 0.06519359 0.064785503 0.065001154 0.064368401 0.063103812 0.061839222 0.060574632 0.059366834 0.058385359 0.050928794 0.042353157 0.033777521 0.025201884 0.017018256
-9999 0.073921997 0.073958206 0.073994414 0.074030623 0.074066831 0.074103039 0.074345421 0.074825753 0.075306085 0.075786417 0.076266749 0.076747081 0.07625277 0.074863371 0.073473972 0.072084572 0.070695173 0.069305774 0.067191711 0.064897768 0.062603825 0.060309882 0.058015939 0.055721996 0.054218425 0.054833249 0.055448073 0.056062897 0.056677721 0.057292545 0.05903755 0.059836517 0.060635485 0.061434452 0.06223342 0.063032387 0.063334756 0.062926669 0.062518582 0.062110496 0.061702409 0.061294322 0.060495906 0.059231316 0.057966726 0.056702137 0.055437547 0.05417715 0.046720585 0.038144949 0.029569312 0.020993676 0.012418039
-9999 0.063141341 0.06317755 0.063213758 0.063249967 0.063286175 0.064570653 0.06596023 0.066440562 0.066920894 0.067401226 0.067881558 0.071657442 0.071958869 0.060383083 0.058993684 0.057604284 0.056214885 0.054825486 0.053162566 0.050868624 0.048574681 0.046280738 0.043986795 0.048365809 0.059085591 0.057207787 0.057822611 0.058437435 0.059052259 0.059667082 0.060344804 0.061143771 0.061942739 0.062741706 0.063540674 0.060556354 0.056346379 0.055938293 0.055530206 0.055122119 0.054714032 0.052924943 0.042933085 0.03514119 0.0338766 0.032612011 0.031347421 0.030082831 0.022584547 0.01400891 0.0054332736 -0.0031423629 -0.0028358163
-9999 0.050835105 0.050871313 0.050907522 0.05094373 0.052861995 0.055039392 0.056428969 0.056909301 0.057389633 0.057869965 0.063804915 0.071579443 0.07188087 0.05721698 0.04255309 0.040604603 0.039215204 0.037825805 0.036162885 0.033868942 0.031574999 0.029281056 0.038586791 0.054224372 0.064944154 0.062483003 0.060021853 0.060440245 0.061055068 0.061669892 0.062347614 0.063146581 0.063945549 0.064744516 0.059816715 0.05294927 0.048739295 0.048331208 0.047923122 0.047515035 0.045229045 0.042681547 0.03268969 0.017346177 0.0065834272 0.0053188375 0.0040542479 0.0027896582 -0.0047086264 -0.013284263 -0.021859899 -0.014839971 0.011961091
-9999 0.038528869 0.038565077 0.038975941 0.041153338 0.043330734 0.045508131 0.046897708 0.04737804 0.048177859 0.055952387 0.063726916 0.071501445 0.071802872 0.057138981 0.042475091 0.027811201 0.022215523 0.020826123 0.019163204 0.016869261 0.014575318 0.028807773 0.044445354 0.060082934 0.070802716 0.068341566 0.065880415 0.063419265 0.063057878 0.063672702 0.064350424 0.065149391 0.06594452 0.059077075 0.05220963 0.045342186 0.041132211 0.040724124 0.040080645 0.037533148 0.03498565 0.032438152 0.022446295 0.0071027816 -0.0082407316 -0.021974335 -0.023238925 -0.024503515 -0.032001799 -0.040577436 -0.026844127 -4.3063983e-05 0.026757999
-9999 0.026222632 0.027267283 0.02944468 0.031622076 0.033799473 0.035976869 0.037366446 0.040325331 0.04809986 0.055874389 0.063648917 0.071423446 0.071724873 0.057060983 0.042397093 0.027733203 0.013069312 0.0038264421 0.0021635225 0.0033911745 0.019028755 0.034666335 0.050303916 0.065941497 0.076661279 0.074200128 0.071738978 0.069277827 0.066816677 0.065675512 0.066353234 0.06520488 0.058337436 0.051469991 0.044602546 0.037735101 0.033525127 0.032384748 0.02983725 0.027289753 0.024742255 0.022194757 0.0122029 -0.0031406134 -0.018484127 -0.03382764 -0.049171153 -0.051796688 -0.059294972 -0.038848282 -0.012047219 0.014753844 0.041554906
-9999 0.018426166 0.020603563 0.022780959 0.024958356 0.027135752 0.029313149 0.032992037 0.040766565 0.048541094 0.056315623 0.064090152 0.07186468 0.073640795 0.058976904 0.044313014 0.029649124 0.014985234 0.00032134401 -0.0051798357 0.010457745 0.026095325 0.041732906 0.057370486 0.073008067 0.08176897 0.079307819 0.076846669 0.074385518 0.071924368 0.069463217 0.065497021 0.058629576 0.051762131 0.044894687 0.038027242 0.031159797 0.026917324 0.024369826 0.021822329 0.019274831 0.016727333 0.014179836 0.0060914264 -0.0092520868 -0.0245956 -0.039939113 -0.055282627 -0.07062614 -0.050035479 -0.023234416 0.0035666465 0.030367709 0.057168772
-9999 0.030555501 0.032732897 0.034910294 0.03708769 0.039265087 0.035558489 0.036836176 0.044610705 0.052385234 0.060159763 0.067934292 0.070867016 0.072076136 0.072729132 0.059296529 0.044632639 0.029968749 0.015304859 0.0098036793 0.02544126 0.04107884 0.056716421 0.072354001 0.078959291 0.080445337 0.07933491 0.07703336 0.074572209 0.072111059 0.069649908 0.065683712 0.058816267 0.051948822 0.045081378 0.038213933 0.035526755 0.033507189 0.030959692 0.028412194 0.025864697 0.023317199 0.016210276 0.014108203 0.011715893 -0.0036276204 -0.018971134 -0.034314647 -0.04965816 -0.029067499 -0.0022664366 0.024534626 0.051335689 0.056251349
-9999 0.042684835 0.044862232 0.047039628 0.048105691 0.04375416 0.039402629 0.040680316 0.048454845 0.056229374 0.063758422 0.065245249 0.066732076 0.067941197 0.068594193 0.069247189 0.059616154 0.044952264 0.030288374 0.024787194 0.040424775 0.056062355 0.071699936 0.075033328 0.077488116 0.078974161 0.077863734 0.076753308 0.0747589 0.07229775 0.069836599 0.065870403 0.059002958 0.052135513 0.045417715 0.043767168 0.04211662 0.040097055 0.037549557 0.03500206 0.031710689 0.024354148 0.016997607 0.014895535 0.016570832 0.017340359 0.001996846 -0.013346667 -0.028690181 -0.0080995196 0.018701543 0.045502606 0.043771541 0.030284932
-9999 0.05481417 0.056991567 0.056301362 0.051949831 0.0475983 0.043246769 0.044524456 0.052298985 0.058136655 0.059623482 0.06111031 0.062597137 0.063806258 0.064459254 0.06511225 0.065765246 0.059935779 0.045271889 0.039770709 0.05540829 0.068652577 0.071107365 0.073562152 0.07601694 0.077502985 0.076392559 0.075282132 0.074171705 0.072484441 0.070023291 0.066057094 0.059189649 0.053658128 0.052007581 0.050357033 0.048706486 0.04668692 0.044139423 0.039854561 0.03249802 0.025141479 0.017784939 0.015682866 0.017358164 0.019033462 0.020708759 0.0076213123 -0.0077222009 0.01286846 0.039669523 0.031291733 0.017805124 0.0043185145
-9999 0.066943505 0.064497033 0.060145502 0.055793971 0.05144244 0.047090909 0.048368596 0.052514888 0.054001716 0.055488543 0.05697537 0.058462198 0.059671318 0.060324314 0.06097731 0.061630306 0.062283302 0.060255404 0.054754224 0.064726614 0.067181401 0.069636189 0.072090977 0.074545764 0.07603181 0.074921383 0.073810956 0.07270053 0.071590103 0.070209982 0.066243785 0.061898541 0.060247994 0.058597446 0.056946899 0.055296351 0.053276786 0.047998433 0.040641892 0.033285352 0.025928811 0.01857227 0.016470198 0.018145496 0.019820793 0.021496091 0.023171388 0.013245779 0.032298534 0.018811925 0.0053253159 -0.0081612934 -0.021647903
-9999 0.071173458 0.066821927 0.062470396 0.058118865 0.053767334 0.049415803 0.044476046 0.045962874 0.047449701 0.048936529 0.050423356 0.051910184 0.056558226 0.05773258 0.058385576 0.059038572 0.059691568 0.060344564 0.061542395 0.063997182 0.06645197 0.068906758 0.071361545 0.073816333 0.071094962 0.068436095 0.067325668 0.066215241 0.065104815 0.063994388 0.062699474 0.061048926 0.059398379 0.057747831 0.056097284 0.054446736 0.055693697 0.048337156 0.040980616 0.033624075 0.026267534 0.018910994 0.015458025 0.017133323 0.01880862 0.020483918 0.022159216 0.023834513 0.020981102 0.007494493 -0.0059921163 -0.019478726 -0.032965335
-9999 0.069968179 0.065616648 0.061265117 0.056913586 0.052448027 0.047337098 0.04171456 0.035501559 0.035281284 0.036768111 0.038254938 0.039741766 0.044389809 0.055368367 0.059379688 0.060032684 0.06068568 0.061338676 0.062536507 0.064991295 0.067446082 0.06990087 0.072355657 0.074285192 0.07136912 0.055571552 0.049189405 0.048078979 0.046968552 0.045858125 0.044563211 0.042912664 0.041262116 0.039611569 0.038286327 0.044368463 0.047505762 0.046430053 0.040276937 0.032920397 0.025563856 0.018207315 0.013948299 0.011939757 0.013615054 0.015290352 0.01696565 0.018640947 0.027393743 0.030215975 0.016729366 0.0032427564 -0.010243853
-9999 0.068762899 0.064411368 0.060059838 0.055369498 0.05025857 0.045147641 0.039525103 0.033312102 0.027099101 0.024599693 0.026086521 0.027573348 0.032221391 0.043199949 0.054178507 0.061026797 0.061679793 0.062332789 0.06353062 0.065985407 0.068440195 0.070779335 0.072669342 0.074559349 0.071643278 0.05584571 0.040048142 0.029942716 0.028832289 0.027721863 0.026426949 0.024776401 0.023125853 0.023760894 0.02984303 0.035925166 0.039062465 0.037986756 0.036911047 0.032216718 0.024860177 0.017503637 0.013244621 0.011212375 0.00918013 0.010096786 0.011772083 0.013447381 0.022200177 0.032176157 0.039450848 0.025964238 0.012477629
-9999 0.06755762 0.063206089 0.05829097 0.053180041 0.048069113 0.042958184 0.037335646 0.031122645 0.024909644 0.018696643 0.013918103 0.015404931 0.020052973 0.031031531 0.04201009 0.052988648 0.062673905 0.063326901 0.064524732 0.06697952 0.069163485 0.071053492 0.0729435 0.074833507 0.071917436 0.056119868 0.0403223 0.024524732 0.010696027 0.0095856 0.0082906858 0.0066401382 0.009235461 0.015317597 0.021399733 0.027481869 0.030619168 0.029543459 0.02846775 0.02739204 0.024156499 0.016799958 0.012540942 0.010508697 0.0084764514 0.0064442061 0.0065785173 0.008253815 0.017006611 0.02698259 0.03695857 0.04693455 0.035199111
-9999 0.06632337 0.061212441 0.056101513 0.050990584 0.045879656 0.040768727 0.035146189 0.028933188 0.022720187 0.016507186 0.010294185 0.0040811834 0.0078845556 0.018863114 0.029841672 0.04082023 0.051798788 0.062777347 0.065518844 0.067547635 0.069437643 0.07132765 0.073217657 0.075107665 0.072191593 0.056394025 0.040596457 0.02479889 0.0090013216 -0.0067962464 -0.0098455769 -0.0052899721 0.00079216404 0.0068743002 0.012956436 0.019038573 0.022175871 0.021100162 0.020024453 0.018948743 0.017873034 0.01609628 0.011837264 0.0098050182 0.0077727729 0.0057405276 0.0037082823 0.0030602488 0.011813045 0.021789024 0.031765004 0.041740984 0.051716963
-9999 0.059265021 0.054154092 0.049043164 0.043932235 0.038821307 0.036099757 0.036784347 0.030571346 0.024358345 0.018145344 0.011932342 0.0062885327 0.0065314016 0.01212435 0.023102908 0.034081466 0.045060024 0.056038583 0.064268899 0.066158907 0.068048914 0.069938921 0.071828929 0.073718936 0.074927168 0.06153816 0.045740592 0.029943024 0.014145456 -0.0016521122 -0.0099762889 -0.0038941527 0.0021879834 0.0082701196 0.014352256 0.020091305 0.02162517 0.020549461 0.019473751 0.018398042 0.017322333 0.01678281 0.011192618 0.0082747763 0.006242531 0.0042102857 0.0021780403 0.00014579503 0.0083522493 0.018328229 0.028304209 0.038280188 0.048256168
-9999 0.048533976 0.043423048 0.038312119 0.03320119 0.033964117 0.040625157 0.041309746 0.035096745 0.028883744 0.022670743 0.019373557 0.0210884 0.021331268 0.018626425 0.020459833 0.031438391 0.04241695 0.053395508 0.061625824 0.063515832 0.065405839 0.067295846 0.070180486 0.075712381 0.076926596 0.066568348 0.05455824 0.038760672 0.022963104 0.0071655358 -0.0011586409 0.0049234953 0.011005631 0.017087768 0.022136212 0.025494136 0.027028001 0.025952291 0.024876582 0.023800873 0.023699564 0.024510591 0.018920399 0.0087284524 0.0040887969 0.0020565516 2.4306304e-05 -0.002007939 0.0061985152 0.016174495 0.026150475 0.035806135 0.042299733
-9999 0.037802931 0.032692003 0.027581074 0.031828477 0.038489517 0.045150556 0.045835145 0.039622144 0.033409143 0.032458581 0.034173424 0.035888266 0.036131135 0.033426292 0.030721449 0.028795316 0.039773875 0.050752433 0.058982749 0.060872757 0.062762764 0.066648019 0.072179914 0.077711808 0.078926024 0.068567776 0.058209527 0.04757832 0.031780752 0.015983184 0.0076590071 0.013741143 0.019823279 0.02418112 0.027539043 0.030896966 0.032430831 0.031355122 0.030279413 0.030616317 0.031427345 0.032238372 0.02664818 0.016456234 0.0062642869 -9.7182422e-05 -0.0021294277 -0.0041616731 0.0040447812 0.014020761 0.023015575 0.029509174 0.036002772
-9999 0.027071886 0.023031798 0.029692837 0.036353877 0.043014916 0.049675955 0.050360544 0.044147543 0.045543606 0.047258448 0.048973291 0.050688133 0.050931002 0.048226159 0.045521316 0.042816473 0.04011163 0.048109358 0.056339675 0.058229682 0.063115552 0.068647447 0.074179342 0.079711236 0.080925452 0.070567203 0.060208955 0.049850707 0.039492459 0.024800832 0.016476655 0.022558791 0.026226027 0.029583951 0.032941874 0.036299797 0.037833662 0.036757953 0.037533071 0.038344098 0.039155126 0.039966153 0.034375962 0.024184015 0.013992068 0.0038001213 -0.0042831618 -0.0063154071 0.0018910471 0.010225015 0.016718614 0.023212212 0.029705811
