mean_models/J1_mean_vp_slide_diff_60.dat.tif
NCOLS 118
NROWS 92
XLLCORNER 139.62
YLLCORNER -39.07
DX 0.099491525
DY 0.099347826
NODATA_VALUE -9999
[rows 0 to 26 of 92, columns 0 to 59 of 118]
-9999 -9999 -9999 -9999 -9999 -9999 -9999 -9999 -9999 -9999 -9999 -9999 -9999 -9999 -9999 -9999 -9999 -9999 -9999 -9999 -9999 -9999 -9999 -9999 -9999 -9999 -9999 -9999 -9999 -9999 -9999 -9999 -9999 -9999 -9999 -9999 -9999 -9999 -9999 -9999 -9999 -9999 -9999 -9999 -9999 -9999 -9999 -9999 -9999 -9999 -9999 -9999 -9999 -9999 -9999 -9999 -9999 -9999 -9999 -9999
-9999 7.9903383 7.9885319 7.9867256 7.9849192 7.9831129 7.9805495 7.9812691 7.9866167 7.9913814 7.9961461 8.0009107 8.0056754 8.0106607 8.014959 8.0179632 8.0209673 8.0239715 8.0269756 8.0305387 8.0353912 8.0402437 8.0450963 8.0499488 8.0537094 8.0502694 8.0438564 8.0349231 8.0259898 8.0170565 8.0081231 8.0043532 8.0105367 8.0167202 8.0229037 8.0290871 8.0361233 8.0457281 8.051176 8.0533222 8.0554685 8.0576148 8.0597611 8.0581641 8.0541077 8.0501253 8.0461428 8.0421603 8.0381779 8.0334286 8.0331531 8.0328775 8.0326019 8.0323264 8.0329506 8.0351791 8.0352728 8.0353664 8.03546 8.0355537
-9999 7.9807042 7.9788979 7.9770915 7.9752852 7.9721329 7.9681376 7.9688573 7.9750186 7.9807419 7.9855065 7.9902712 7.9950359 8.0000212 8.0054483 8.0103479 8.0133521 8.0163562 8.0193604 8.0229235 8.027776 8.0326285 8.0374811 8.0392904 8.0362815 8.0328415 8.0282461 8.0228197 8.0138863 8.004953 7.9960197 7.9922498 7.9984332 8.0046167 8.0108002 8.0185705 8.0279822 8.0375869 8.0474678 8.0545136 8.0566599 8.0588061 8.0609524 8.0593554 8.0550675 8.0509544 8.0469719 8.0429895 8.039007 8.0340478 8.0289197 8.0280535 8.027778 8.0275024 8.0281266 8.0318675 8.0346978 8.0347914 8.0348851 8.0349787
-9999 7.9710702 7.9692638 7.9674575 7.9637164 7.9597211 7.9557258 7.9564454 7.9626067 7.968768 7.974867 7.9796317 7.9843963 7.9893816 7.9948087 8.0002358 8.0056629 8.008741 8.0117452 8.0153082 8.0201608 8.0250133 8.0248715 8.0218625 8.0188536 8.0154136 8.0108183 8.0062229 8.0016276 7.9928495 7.9839162 7.9801463 7.9863298 7.9925133 8.0010176 8.0104293 8.0198411 8.0294458 8.0393267 8.0492076 8.0578512 8.0599975 8.0621437 8.0605468 8.0562589 8.051971 8.0478011 8.0438186 8.0398362 8.0348769 8.0297488 8.0246208 8.022954 8.0226785 8.0233027 8.0270436 8.0307844 8.0342164 8.0343101 8.0344037
-9999 7.9614361 7.9592952 7.9552999 7.9513045 7.9473092 7.9433139 7.9440335 7.9501948 7.9563561 7.9625174 7.9686787 7.9737568 7.9787421 7.9841692 7.9895963 7.9950234 8.0004505 8.0041299 8.007693 8.0125456 8.0104526 8.0074436 8.0044347 8.0014257 7.9979857 7.9933904 7.988795 7.9841997 7.9796044 7.9718127 7.9680428 7.9742263 7.9834647 7.9928765 8.0022882 8.0116999 8.0213047 8.0311855 8.0410664 8.0509473 8.0608282 8.0633351 8.0617381 8.0574502 8.0531623 8.0488744 8.0446478 8.0406653 8.0357061 8.030578 8.0254499 8.0203218 8.0178545 8.0184787 8.0222196 8.0259605 8.0297014 8.0334422 8.0338287
-9999 7.9508786 7.9468833 7.942888 7.9388927 7.9348974 7.9309021 7.9316217 7.937783 7.9439443 7.9501056 7.9562669 7.9624282 7.9681026 7.9735297 7.9789568 7.9843839 7.989811 7.9952381 7.9990426 7.9960336 7.9930247 7.9900157 7.9870068 7.9839978 7.9805578 7.9759625 7.9713672 7.9667718 7.9621765 7.9575812 7.9565001 7.9659119 7.9753236 7.9847353 7.9941471 8.0035588 8.0131635 8.0230444 8.0329253 8.0428062 8.052687 8.0625679 8.0629295 8.0586416 8.0543537 8.0500658 8.0457778 8.0414945 8.0365352 8.0314071 8.026279 8.021151 8.0160229 8.0136548 8.0173956 8.0211365 8.0248774 8.0286183 8.0323592
-9999 7.947083 7.9430876 7.9390923 7.935097 7.9311017 7.927462 7.9285084 7.9346697 7.940831 7.9469923 7.9531536 7.9588583 7.9631817 7.9664908 7.9719179 7.977345 7.9827721 7.9881992 7.9910754 7.9880664 7.9850575 7.9820485 7.9790396 7.9754796 7.9733298 7.975798 7.9712027 7.9666074 7.9620121 7.9574167 7.9576058 7.9670175 7.9764292 7.9858409 7.9952527 8.0030395 8.0107062 8.0205871 8.030468 8.0403489 8.0502298 8.0601269 8.0672007 8.0672363 8.0629483 8.0586604 8.0543725 8.0500846 8.0450803 8.0399523 8.0348242 8.0296961 8.0255287 8.0253565 8.0290973 8.0328382 8.0365791 8.04032 8.0374472
-9999 7.9446523 7.940657 7.9366617 7.9326664 7.9292072 7.9258219 7.9268684 7.9330297 7.939191 7.9453523 7.9507577 7.9559083 7.9602317 7.9628987 7.9655658 7.9708766 7.9763037 7.9817308 7.984607 7.981598 7.9785891 7.9755801 7.9716134 7.9671238 7.964974 7.9690953 7.9732166 7.969178 7.9645826 7.9599873 7.9601763 7.9695881 7.9789998 7.9884115 7.9953636 8.0014827 8.0091494 8.0190303 8.0289112 8.0387921 8.0486951 8.0586012 8.0656749 8.0707125 8.0727159 8.068428 8.0641401 8.0598522 8.0548479 8.0497199 8.0445918 8.0411504 8.0398485 8.0396763 8.0434172 8.047158 8.0508989 8.0460098 8.0391255
-9999 7.9422217 7.9382264 7.9343378 7.9309525 7.9275671 7.9241818 7.9252283 7.9313896 7.9375066 7.9426572 7.9478077 7.9529583 7.9572817 7.9599487 7.9626158 7.9652828 7.9698353 7.9752624 7.9781386 7.9751296 7.9721207 7.9677472 7.9632576 7.958768 7.9566182 7.9607395 7.9648609 7.9689822 7.9671532 7.9625579 7.9627469 7.9721586 7.9815687 7.9876878 7.9938068 7.9999259 8.0075926 8.0174735 8.0273572 8.0372633 8.0471694 8.0570755 8.0641492 8.0691868 8.0742244 8.0781956 8.0739077 8.0696198 8.0646155 8.0594874 8.0567722 8.0554703 8.0541683 8.0539961 8.057737 8.0614567 8.0545724 8.0476882 8.0408039
-9999 7.939791 7.936083 7.9326977 7.9293124 7.9259271 7.9225417 7.9235882 7.929406 7.9345566 7.9397072 7.9448577 7.9500083 7.9543317 7.9569988 7.9596658 7.9623328 7.9649999 7.968794 7.9716702 7.9683705 7.9638809 7.9593914 7.9549018 7.9504123 7.9482624 7.9523838 7.9565051 7.9606264 7.9647477 7.9651284 7.9653175 7.9738928 7.9800119 7.986131 7.99225 7.9983691 8.0060358 8.0159253 8.0258314 8.0357375 8.0456436 8.0555497 8.0626235 8.0676611 8.0726986 8.0777362 8.0827738 8.0793874 8.0743831 8.0723939 8.071092 8.0697901 8.0684882 8.0683159 8.0700193 8.0631351 8.0562508 8.0493665 8.0424822
-9999 7.9387186 7.9353332 7.9319479 7.9285626 7.9251773 7.9217919 7.9227387 7.9278892 7.9330398 7.9381903 7.9433409 7.9484915 7.9521282 7.9547953 7.9574623 7.9601293 7.9627964 7.9654634 7.9659664 7.9614769 7.9569873 7.9524977 7.9480082 7.9435186 7.9411885 7.9453098 7.9494311 7.9535524 7.9576737 7.961795 7.9665987 7.9727178 7.9788368 7.9849559 7.991075 7.997194 8.0049181 8.0148242 8.0247303 8.0346364 8.0445425 8.0544486 8.0618481 8.0668857 8.0719233 8.0769609 8.0819985 8.0870361 8.0866683 8.0853664 8.0840645 8.0827626 8.0814607 8.0782997 8.0714154 8.0645311 8.0576468 8.0507625 8.0438783
-9999 7.9438035 7.9404182 7.9370329 7.9336475 7.9302622 7.9288589 7.9306145 7.935765 7.9409156 7.9460661 7.9512167 7.9553054 7.957792 7.9577056 7.9601513 7.9628184 7.9654854 7.9681524 7.9686554 7.9641659 7.9596763 7.9551868 7.9506972 7.9464579 7.9441716 7.9468115 7.9507578 7.9548791 7.9590004 7.9631217 7.9679254 7.9740445 7.9801635 7.9862826 7.9924017 7.9987525 8.0065998 8.0165059 8.026412 8.0363181 8.0462242 8.0570666 8.065176 8.0710281 8.0760657 8.0811033 8.0861409 8.0911784 8.0908107 8.0895088 8.0882069 8.086905 8.0834597 8.0778456 8.0709613 8.064077 8.0571927 8.0503084 8.0396054
-9999 7.9488885 7.9455031 7.9421178 7.9391068 7.9379208 7.9367347 7.9384903 7.9436408 7.9487914 7.9538881 7.9576596 7.9614312 7.9639179 7.9638315 7.9637451 7.9655074 7.9681744 7.9708415 7.9713444 7.9668549 7.9623653 7.9578758 7.9537272 7.9496029 7.9473166 7.9499565 7.9525964 7.9562058 7.9603271 7.9644484 7.9692521 7.9753712 7.9814903 7.9876176 7.9940259 8.0004341 8.0082815 8.0181876 8.0280937 8.0381525 8.0490462 8.0599398 8.0680492 8.0741571 8.0802081 8.0852457 8.0902832 8.0953208 8.0949531 8.0936512 8.0923493 8.0882531 8.0830056 8.0773915 8.0705072 8.0636229 8.0564063 8.0453468 8.0342872
-9999 7.9539734 7.9505881 7.9481687 7.9469826 7.9457966 7.9446105 7.9463661 7.9515166 7.9562424 7.9600139 7.9637855 7.967557 7.9700437 7.9699573 7.9698709 7.9697845 7.9708634 7.9735305 7.9740335 7.9695439 7.9651207 7.9609964 7.9568722 7.9527479 7.9504616 7.9531015 7.9557414 7.9583813 7.9616538 7.9657752 7.9705788 7.9766979 7.982891 7.9892993 7.9957076 8.0021158 8.0099631 8.0198692 8.0301321 8.0410257 8.0519194 8.062813 8.0709224 8.0770304 8.0831383 8.0892462 8.0944256 8.0994632 8.0990955 8.0977936 8.0930464 8.087799 8.0825515 8.0769374 8.0700531 8.0621476 8.0510881 8.0400285 8.028969
-9999 7.9590584 7.9572306 7.9560445 7.9548584 7.9536724 7.9524863 7.9542419 7.9585967 7.9623682 7.9661398 7.9699113 7.9736828 7.9761695 7.9760831 7.9759967 7.9759103 7.9758239 7.9762195 7.9767225 7.9723899 7.9682656 7.9641414 7.9600171 7.9558929 7.9536066 7.9562465 7.9588864 7.9615263 7.9641662 7.9671019 7.9719055 7.9781644 7.9845727 7.990981 7.9973892 8.0037975 8.0116448 8.0221117 8.0330053 8.043899 8.0547926 8.0656862 8.0737957 8.0799036 8.0860115 8.0921194 8.0982273 8.1036056 8.1030873 8.0978398 8.0925923 8.0873449 8.0820974 8.0764833 8.067889 8.0568294 8.0457699 8.0347103 8.0236508
-9999 7.9662761 7.9650901 7.963904 7.9627179 7.9615319 7.9603458 7.961417 7.9651885 7.9689601 7.9727316 7.9765032 7.9802747 7.9826352 7.9825297 7.9824433 7.9823569 7.9822705 7.9821841 7.9808768 7.9767525 7.9726283 7.968504 7.9643797 7.9602555 7.9562067 7.9580599 7.9606998 7.9633397 7.9659796 7.9686195 7.9725466 7.9789548 7.9853631 7.9917714 7.9981796 8.0045879 8.00999 8.0208836 8.0317773 8.0426709 8.0535646 8.0644582 8.0729267 8.0790346 8.0851425 8.0912504 8.0973583 8.1034662 8.0981438 8.0928963 8.0876488 8.0824014 8.0771539 8.0727972 8.0630488 8.0519893 8.0409297 8.0298702 8.0188106
-9999 7.9740978 7.9729117 7.9717256 7.9705396 7.9696393 7.9703564 7.9715554 7.9733103 7.9766348 7.9804063 7.9841779 7.9879494 7.99031 7.9898448 7.9896353 7.9895489 7.9894625 7.9893761 7.9880687 7.9839444 7.9798202 7.9756959 7.9715717 7.9680899 7.9642792 7.9594576 7.9594193 7.9620592 7.9646991 7.967339 7.971266 7.9776743 7.9840826 7.9904908 7.997085 8.0079112 8.013752 8.0124605 8.0210194 8.031913 8.0428067 8.0537003 8.0623831 8.0694702 8.0755781 8.081686 8.0877939 8.0939018 8.0861634 8.0775211 8.0722736 8.0670261 8.0617787 8.057422 8.0561508 8.0482599 8.0372004 8.0261408 8.0150813
-9999 7.9819194 7.9807333 7.9795473 7.9792103 7.9799275 7.9806446 7.9818436 7.9835985 7.9853535 7.9880811 7.9918526 7.9956242 7.9979847 7.9975196 7.9970544 7.9967408 7.9966544 7.996568 7.9952606 7.9911364 7.9870121 7.9830293 7.9795959 7.9761624 7.9723518 7.9675301 7.9627085 7.9607787 7.9634186 7.9660585 7.9699855 7.9763938 7.982802 7.9905161 8.0013423 8.0121685 8.0180093 8.0167178 8.0154263 8.0211551 8.0320488 8.0429424 8.0516252 8.0587186 8.065812 8.0721215 8.0782294 8.0843373 8.0765989 8.0664675 8.0568984 8.0516509 8.0464034 8.0420467 8.0407755 8.0395044 8.033471 8.0224115 8.0113519
-9999 7.989741 7.988555 7.9887814 7.9894985 7.9902157 7.9909329 7.9921318 7.9938868 7.9956417 7.9973967 7.9995273 8.0032989 8.0056594 8.0051943 8.0047292 8.004264 8.0038463 8.00376 8.0024526 7.9983283 7.9945353 7.9911019 7.9876684 7.984235 7.9804243 7.9756027 7.9707811 7.9659594 7.962138 7.9647779 7.968705 7.9751133 7.9839473 7.9947735 8.0055997 8.0164259 8.0222667 8.0209752 8.0196837 8.0183922 8.0212909 8.0321845 8.0408673 8.0479607 8.0550541 8.0621475 8.068665 8.0747729 8.0670345 8.056903 8.0467716 8.0366402 8.0310282 8.0266715 8.0254003 8.0241291 8.0228579 8.0186821 8.0076226
-9999 7.9976353 7.9983524 7.9990696 7.9997868 8.0005039 8.0012211 8.00242 8.004175 8.0059299 8.0076849 8.0094399 8.0111948 8.0133341 8.012869 8.0124039 8.0119388 8.0114736 8.0110085 8.0096445 8.0060413 8.0026079 7.9991744 7.9957409 7.9923075 7.9884968 7.9836752 7.9788536 7.974032 7.9692103 7.9643887 7.9674245 7.9773785 7.9882047 7.9990309 8.0098571 8.0206833 8.0265241 8.0252326 8.0239411 8.0226496 8.0213581 8.0214266 8.0301094 8.0372028 8.0442962 8.0513896 8.058483 8.0652084 8.05747 8.0473386 8.0372072 8.0270757 8.0169443 8.0112962 8.0100251 8.0087539 8.0074827 8.0062115 8.0038932
-9999 8.0030385 8.0037556 8.0044728 8.0051899 8.0059071 8.0074676 8.0108927 8.0126476 8.0144026 8.0161575 8.0179125 8.0196254 8.0201248 8.0195115 8.0190464 8.0185812 8.0181161 8.017651 8.0162883 8.0128548 8.0094214 8.0059879 8.0025545 7.999121 7.9947303 7.9924195 7.9875979 7.9827762 7.9779546 7.973133 7.9736561 7.9844823 7.9953085 8.0061347 8.0169609 8.0270123 8.0292322 8.0279407 8.0266492 8.0253577 8.0240662 8.023139 8.0236594 8.0300808 8.0371742 8.0442676 8.051361 8.0584544 8.0508612 8.0407298 8.0305983 8.0204669 8.0103355 8.0019824 8.0007112 7.99944 7.9981688 7.9968977 7.9934282
-9999 8.0047568 8.0054739 8.0061911 8.0069082 8.0096986 8.0145707 8.0179958 8.0197508 8.0215057 8.0232607 8.0248001 8.0259691 8.0264684 8.0256269 8.0249102 8.0244451 8.02398 8.0235148 8.0221521 8.0187187 8.0152852 8.0118518 8.0076212 8.001269 7.9968734 7.9977221 7.9968488 7.9920272 7.9872056 7.9823839 7.9829071 7.9937333 8.0045595 8.0153857 8.0238776 8.0285518 8.0307717 8.0294802 8.0281887 8.0268971 8.0262677 8.0262581 8.0267785 8.0276801 8.0327949 8.0398883 8.0469817 8.0540751 8.0464819 8.0363504 8.026219 8.0160596 8.0056236 7.9972408 7.9959696 7.9946984 7.9934272 7.988433 7.979127
-9999 8.006475 8.0071922 8.0079094 8.0119296 8.0168017 8.0216739 8.025099 8.0268539 8.0286089 8.0299749 8.0311438 8.0323128 8.0328121 8.0319706 8.031129 8.0303089 8.0298438 8.0293787 8.028016 8.0245825 8.0211491 8.0161166 8.0097644 8.0034122 7.9990166 7.9998653 8.000714 8.0012782 7.9964566 7.9916349 7.9921581 8.0029843 8.0138105 8.0207428 8.025417 8.0300913 8.0323111 8.0310196 8.0297281 8.0293964 8.0293868 8.0293772 8.0298976 8.0307992 8.0317007 8.0355089 8.0426023 8.0496957 8.0421025 8.0319711 8.0217539 8.0113179 8.000882 7.9924991 7.9912279 7.9899567 7.9834378 7.9741318 7.9648257
-9999 8.0081933 8.0092885 8.0141606 8.0190328 8.0239049 8.0287771 8.0322021 8.0339571 8.0351496 8.0363185 8.0374875 8.0386564 8.0391558 8.0383143 8.0374727 8.0366312 8.0357897 8.0352425 8.0338798 8.0304464 8.0246119 8.0182597 8.0119075 8.0055553 8.0011598 8.0020085 8.0028572 8.0037059 8.0045546 8.0008859 8.0014091 8.0122352 8.017608 8.0222822 8.0269565 8.0316307 8.0338506 8.0325591 8.0325251 8.0325155 8.0325059 8.0324963 8.0330167 8.0339183 8.0348198 8.0357213 8.038223 8.0453164 8.0377232 8.0274482 8.0170122 8.0065763 7.9961403 7.9877575 7.9864863 7.9784426 7.9691365 7.9598305 7.9505245
-9999 8.0115195 8.0163916 8.0212638 8.0261359 8.0310081 8.0358802 8.0391554 8.0403243 8.0414933 8.0426622 8.0438312 8.0450001 8.0454995 8.0446579 8.0438164 8.0429749 8.0421333 8.0412918 8.0394595 8.0331073 8.0267551 8.0204029 8.0140507 8.0076985 8.0033029 8.0041516 8.0050004 8.0058491 8.0066978 8.0075465 8.009799 8.0144732 8.0191475 8.0238217 8.028496 8.0331702 8.0356634 8.0356538 8.0356442 8.0356346 8.035625 8.0356154 8.0361358 8.0370374 8.0379389 8.0388404 8.039742 8.0409371 8.0331425 8.0227065 8.0122706 8.0018346 7.9913987 7.9827534 7.9734473 7.9641413 7.9548353 7.9455293 7.9362233
-9999 8.0140148 8.0188869 8.0237591 8.0286312 8.0335034 8.0394851 8.0452348 8.0484438 8.0496127 8.0507817 8.0519506 8.0531196 8.0533663 8.0519659 8.0511243 8.0502828 8.0494413 8.0485997 8.0460919 8.0397396 8.0333874 8.0270352 8.020683 8.0154892 8.0099736 8.0005123 8.001361 8.0022098 8.0030585 8.0039072 8.0060626 8.0107368 8.0154111 8.0200853 8.0247596 8.0287672 8.0313527 8.0323799 8.0323703 8.0323607 8.032351 8.0323414 8.0300337 8.0288232 8.0297247 8.0306262 8.0315278 8.0324293 8.0328435 8.0239769 8.013541 8.003105 7.9926691 7.9835222 7.9777973 7.9684913 7.9591853 7.9498793 7.9405733
-9999 8.015627 8.0204991 8.0253713 8.0302434 8.0368203 8.0437034 8.0494531 8.0538948 8.0580725 8.0592415 8.0604104 8.0615793 8.061826 8.0602259 8.0586257 8.0577755 8.056934 8.0560925 8.0535846 8.0472324 8.0408802 8.034528 8.0302662 8.0273065 8.0217909 8.0094248 7.9970587 7.9974622 7.9983109 7.9991596 8.001315 8.0059893 8.0106635 8.0153378 8.0189807 8.0222162 8.0248016 8.0264571 8.0278711 8.0278615 8.0278519 8.0278423 8.0255346 8.0215748 8.0193384 8.02024 8.0211415 8.022043 8.0224572 8.0227871 8.0159636 8.0055276 7.9950917 7.9859448 7.9812632 7.9764159 7.9671099 7.9578038 7.9484978
