mean_models/J1_mean__temp2_slide_180.dat.tif
NCOLS 118
NROWS 92
XLLCORNER 139.62
YLLCORNER -39.07
DX 0.099491525
DY 0.099347826
NODATA_VALUE -9999
[rows 0 to 26 of 92, columns 0 to 59 of 118]
-9999 -9999 -9999 -9999 -9999 -9999 -9999 -9999 -9999 -9999 -9999 -9999 -9999 -9999 -9999 -9999 -9999 -9999 -9999 -9999 -9999 -9999 -9999 -9999 -9999 -9999 -9999 -9999 -9999 -9999 -9999 -9999 -9999 -9999 -9999 -9999 -9999 -9999 -9999 -9999 -9999 -9999 -9999 -9999 -9999 -9999 -9999 -9999 -9999 -9999 -9999 -9999 -9999 -9999 -9999 -9999 -9999 -9999 -9999 -9999
-9999 987.76752 987.81221 987.8569 987.90159 987.94628 988.82888 988.46133 988.71301 991.75256 994.7921 997.83165 1000.8712 1001.532 997.90333 994.8181 991.73287 988.64764 985.5624 982.11926 977.85041 973.58156 969.31271 965.04386 961.86386 965.85828 972.9309 982.69489 992.45889 1002.2229 1011.9869 1015.4826 1006.8949 998.30729 989.71966 981.13202 977.02987 979.14202 973.98722 970.11322 966.23923 962.36524 958.49124 967.51754 980.18368 991.0506 1001.9175 1012.7844 1023.6514 1033.9791 1053.3064 1072.6337 1091.9609 1111.2882 1123.9367 1117.4403 1116.5765 1115.7127 1114.8489 1113.9851
-9999 991.75012 991.79481 991.8395 991.88419 993.4185 995.88589 995.51834 991.8789 990.33395 993.3735 996.41305 999.45259 1000.1134 996.01072 992.1295 989.04427 985.95904 982.8738 979.43066 975.16181 970.89296 966.62411 965.38969 968.95978 972.9542 978.08593 984.10522 993.86922 1003.6332 1013.3972 1016.8929 1008.3053 999.71762 991.12998 990.88925 999.28296 1001.3951 994.52058 988.74591 984.87191 980.99792 977.12393 986.15023 1004.4504 1018.4975 1029.3644 1040.2313 1051.0983 1061.0115 1070.7599 1088.9213 1108.2486 1127.5759 1140.2243 1129.7379 1121.654 1120.7902 1119.9264 1119.0626
-9999 995.73273 995.77742 995.82211 998.00811 1000.4755 1002.9429 1002.5753 998.93591 995.29648 991.9549 994.99444 998.03399 998.69482 994.59212 990.48942 986.38672 983.27043 980.1852 976.74206 972.47321 968.20436 968.91552 972.48561 976.05569 980.05011 985.18185 990.31359 995.44533 1005.0435 1014.8075 1018.3032 1009.7156 1001.1279 1004.7486 1013.1423 1021.536 1023.6482 1016.7737 1009.8991 1003.5046 999.6306 995.75661 1004.7829 1023.0831 1041.3832 1056.8113 1067.6782 1078.5452 1088.4584 1098.2068 1107.9552 1124.5363 1143.8636 1156.512 1146.0256 1135.5392 1125.8677 1125.0039 1124.1401
-9999 999.71534 1000.1303 1002.5977 1005.0651 1007.5325 1009.9999 1009.6324 1005.9929 1002.3535 998.71405 995.07462 996.61539 997.27621 993.17351 989.07082 984.96812 980.86542 977.4966 974.05346 969.78461 972.44135 976.01144 979.58152 983.15161 987.14603 992.27777 997.40951 1002.5412 1007.673 1016.2179 1019.7135 1011.1259 1018.608 1027.0017 1035.3954 1043.7891 1045.9013 1039.0268 1032.1522 1025.2777 1018.4032 1014.3893 1023.4156 1041.7158 1060.0159 1078.3161 1095.1252 1105.9921 1115.9053 1125.6537 1135.4021 1145.1505 1160.1512 1172.7996 1162.3132 1151.8268 1141.3404 1130.854 1129.2176
-9999 1004.72 1007.1873 1009.6547 1012.1221 1014.5895 1017.0569 1016.6894 1013.0499 1009.4105 1005.7711 1002.1316 998.49219 995.85761 991.75491 987.65221 983.54951 979.44681 975.34411 972.39709 975.96718 979.53727 983.10736 986.67744 990.24753 994.24195 999.37369 1004.5054 1009.6372 1014.7689 1019.9006 1024.0737 1032.4674 1040.8611 1049.2548 1057.6485 1066.0422 1068.1544 1061.2798 1054.4053 1047.5308 1040.6563 1033.7818 1042.0483 1060.3484 1078.6486 1096.9488 1115.2489 1133.439 1143.3522 1153.1006 1162.849 1172.5974 1182.3458 1189.0873 1178.6009 1168.1145 1157.6281 1147.1417 1136.6553
-9999 1006.5617 1009.0291 1011.4964 1013.9638 1016.4312 1018.7984 1018.3387 1014.6993 1011.0599 1007.4204 1003.781 1000.3301 997.64201 995.44568 991.34299 987.24029 983.13759 979.03489 977.25233 980.82241 984.3925 987.96259 991.53268 995.44981 997.93887 996.5557 1001.6874 1006.8192 1011.9509 1017.0827 1023.3286 1031.7223 1040.116 1048.5097 1056.9034 1070.7324 1079.3271 1072.4526 1065.5781 1058.7036 1051.829 1050.2668 1050.4402 1059.9425 1078.2426 1096.5428 1114.843 1133.1431 1144.1517 1153.9001 1163.6485 1173.3969 1181.2329 1180.5378 1170.0514 1159.565 1149.0786 1138.5922 1132.6626
-9999 1007.5771 1010.0445 1012.5119 1014.9793 1017.2956 1019.5911 1019.1314 1015.492 1011.8526 1008.2131 1004.8857 1001.6635 998.97539 997.35699 995.7386 991.74053 987.63783 983.53513 981.75257 985.32266 988.89275 992.46283 996.63619 1001.1388 1003.6279 1000.7201 997.81221 1002.4305 1007.5623 1012.694 1018.9399 1027.3337 1035.7274 1044.1211 1060.7421 1080.1497 1088.7445 1081.8699 1074.9954 1068.1209 1068.4701 1069.8252 1069.9986 1069.3224 1074.8204 1093.1206 1111.4207 1129.7209 1140.7295 1150.4779 1160.2263 1166.6168 1168.7484 1168.0534 1157.567 1147.0805 1136.5941 1132.0539 1128.8882
-9999 1008.5926 1011.06 1013.4973 1015.7928 1018.0883 1020.3837 1019.9241 1016.2847 1012.6635 1009.4413 1006.2191 1002.9968 1000.3088 998.69037 997.07197 995.45358 992.13808 988.03538 986.25282 989.8229 993.39299 997.82257 1002.3252 1006.8279 1009.3169 1006.4091 1003.5012 1000.5934 1003.1736 1008.3054 1014.5513 1022.945 1031.3442 1050.7518 1070.1594 1089.567 1098.1618 1091.2873 1085.3182 1086.6734 1088.0285 1089.3837 1089.557 1088.8808 1088.2046 1089.6984 1107.9985 1126.2987 1137.3073 1147.0556 1152.0008 1154.1324 1156.264 1155.5689 1145.0825 1134.6107 1131.4451 1128.2795 1125.1139
-9999 1009.6081 1011.9945 1014.29 1016.5854 1018.8809 1021.1764 1020.7168 1017.2191 1013.9969 1010.7746 1007.5524 1004.3302 1001.6421 1000.0237 998.40535 996.78695 995.16856 992.53562 990.75306 994.5063 999.00895 1003.5116 1008.0143 1012.5169 1015.006 1012.0981 1009.1903 1006.2824 1003.3746 1003.9167 1010.1627 1021.354 1040.7616 1060.1692 1079.5768 1098.9843 1107.5791 1103.5215 1104.8766 1106.2318 1107.5869 1108.9421 1109.1154 1108.4392 1107.7631 1107.0869 1106.4107 1122.8765 1133.885 1137.3848 1139.5164 1141.648 1143.7796 1143.0845 1134.0019 1130.8363 1127.6707 1124.5051 1121.3395
-9999 1010.1583 1012.4538 1014.7493 1017.0448 1019.3402 1021.6357 1021.0834 1017.8612 1014.639 1011.4168 1008.1945 1004.9723 1002.7456 1001.1272 999.50877 997.89038 996.27198 994.65359 994.8861 999.38876 1003.8914 1008.3941 1012.8967 1017.3994 1021.9363 1019.0284 1016.1206 1013.2127 1010.3049 1007.397 1012.1114 1031.519 1050.9266 1070.3342 1089.7418 1109.1494 1119.5536 1120.9087 1122.2639 1123.619 1124.9742 1126.3293 1125.5307 1124.8545 1124.1784 1123.5022 1122.826 1122.1498 1123.8676 1125.9992 1128.1308 1130.2624 1132.394 1134.8976 1131.732 1128.5664 1125.4008 1122.2352 1119.0696
-9999 1008.433 1010.7285 1013.0239 1015.3194 1017.6149 1018.3743 1017.1952 1013.973 1010.7508 1007.5285 1004.3063 1001.1846 999.46913 1000.5098 999.10517 997.48678 995.86838 994.24999 994.4825 998.98516 1003.4878 1007.9905 1012.4931 1017.0185 1022.9471 1032.6085 1031.1859 1028.278 1025.3702 1022.4623 1027.1767 1046.5843 1065.9919 1085.3995 1104.8071 1116.4411 1122.7116 1124.0668 1125.4219 1126.777 1128.1322 1124.5745 1122.0462 1120.6708 1119.9946 1119.3184 1118.6422 1117.966 1119.6838 1121.8154 1123.947 1126.0787 1133.7002 1142.4874 1139.3218 1136.1562 1132.9905 1129.8249 1123.9324
-9999 1006.7076 1009.0031 1011.2986 1013.304 1013.895 1014.4861 1013.307 1010.0848 1006.8625 1003.6454 1000.5537 997.46192 995.74648 996.78717 997.82785 997.08318 995.46478 993.84639 994.0789 998.58156 1003.0842 1007.5869 1012.1205 1016.6563 1022.5849 1032.2463 1041.9078 1043.3433 1040.4354 1037.5276 1042.242 1061.6495 1081.0571 1100.1865 1109.8928 1119.5991 1125.8696 1127.2248 1128.5799 1129.1335 1125.3069 1121.4802 1118.9519 1117.3569 1115.8108 1115.1346 1114.4584 1113.7822 1115.5001 1117.6317 1119.7633 1129.0522 1141.29 1150.0771 1146.9115 1143.7459 1140.343 1134.1959 1128.0487
-9999 1004.9823 1007.2778 1008.8247 1009.4157 1010.0068 1010.5979 1009.4187 1006.1965 1003.0145 999.92276 996.83102 993.73928 992.02384 993.06452 994.1052 995.14588 995.06118 993.44278 993.6753 998.17796 1002.6866 1007.2225 1011.7583 1016.2941 1022.2227 1031.8841 1041.5456 1051.2071 1055.5007 1052.5929 1057.3072 1076.7148 1093.6381 1103.3445 1113.0508 1122.7571 1129.0277 1130.3828 1129.8659 1126.0393 1122.2126 1118.386 1115.8576 1114.2626 1112.6676 1111.0726 1110.2746 1109.5984 1111.3163 1113.4479 1124.4041 1136.6419 1148.8798 1157.6669 1154.5013 1150.6065 1144.4593 1138.3122 1132.165
-9999 1003.257 1004.3454 1004.9364 1005.5275 1006.1186 1006.7097 1005.5305 1002.3836 999.29185 996.20011 993.10837 990.01663 988.30119 989.34187 990.38255 991.42324 992.46392 993.03918 993.2717 997.78861 1002.3244 1006.8602 1011.3961 1015.9319 1021.8604 1031.5219 1041.1834 1050.8449 1060.5063 1067.6581 1072.3725 1087.0898 1096.7962 1106.5025 1116.2088 1125.9151 1132.1857 1130.5983 1126.7716 1122.945 1119.1183 1115.2917 1112.7634 1111.1683 1109.5733 1107.9783 1106.3833 1105.4146 1107.5183 1119.7561 1131.9939 1144.2317 1156.4695 1165.2567 1160.8699 1154.7228 1148.5756 1142.4285 1136.2813
-9999 999.99724 1000.5883 1001.1794 1001.7705 1002.3615 1002.9526 1001.643 998.55126 995.45952 992.36778 989.27604 986.1843 985.13367 986.27514 987.31582 988.3565 989.39718 990.43786 992.53542 997.07124 1001.6071 1006.1429 1010.6787 1015.2145 1024.7744 1036.0798 1045.7413 1055.4027 1065.0642 1074.7257 1084.4025 1094.1088 1103.8151 1113.5214 1123.2278 1132.9341 1136.9349 1133.1082 1129.2816 1125.4549 1121.6283 1117.8016 1115.0349 1113.4399 1111.8449 1110.2499 1108.6549 1107.0599 1112.3134 1124.5512 1136.789 1149.0268 1161.2646 1169.0061 1162.6331 1156.486 1150.3388 1144.1917 1138.0445
-9999 996.54501 997.13608 997.72716 998.31824 998.51257 996.46141 994.92633 993.98687 991.3723 988.28056 985.18882 982.09708 981.04646 984.08327 985.77318 986.81386 987.85454 988.89522 990.99278 995.5286 1000.0644 1004.6002 1009.1361 1012.2034 1021.219 1046.4733 1061.7316 1071.3931 1081.0546 1090.716 1100.3928 1110.0991 1119.8055 1129.5118 1138.7097 1136.33 1138.2601 1146.3559 1144.8137 1140.987 1137.1604 1133.3337 1130.4248 1128.1798 1126.5847 1124.9897 1123.3947 1121.7997 1120.2186 1122.8526 1135.0904 1147.3282 1159.566 1167.3075 1159.4743 1152.7814 1146.6342 1140.487 1134.3399
-9999 993.09277 993.68385 994.27493 993.68716 991.63601 989.58485 988.04977 987.11031 986.17085 984.19335 981.10161 978.00987 976.95924 979.99606 983.03287 985.27122 986.3119 987.35258 989.45014 993.98596 998.52178 1002.7343 1005.6912 1008.6481 1017.6636 1042.9179 1068.1723 1087.3834 1097.0449 1106.7064 1116.3832 1126.0895 1135.7958 1141.9298 1139.5501 1137.1704 1139.1005 1147.1964 1155.2922 1156.5191 1152.6924 1148.8658 1145.9569 1143.7077 1141.4584 1139.7296 1138.1346 1136.5396 1134.9584 1133.3797 1133.3917 1145.6295 1157.8674 1165.6089 1157.7757 1149.9425 1142.9296 1136.7824 1130.6353
-9999 989.64054 990.23162 988.86176 986.8106 984.75945 982.70829 981.17321 980.23375 979.29429 978.35483 977.0144 973.92266 972.87203 975.90885 978.94566 981.98247 984.76926 985.80995 987.9075 992.44332 996.22202 999.1789 1002.1358 1005.0927 1014.1082 1039.3626 1064.6169 1089.8712 1113.0353 1122.6967 1132.3735 1142.0798 1145.15 1142.7703 1140.3906 1138.0108 1139.9409 1148.0368 1156.1327 1164.2285 1168.2245 1164.3979 1161.4889 1159.2397 1156.9905 1154.7413 1152.8744 1151.2794 1149.6983 1148.1196 1146.5408 1144.9621 1156.1687 1163.9102 1156.077 1148.2439 1140.4107 1133.0778 1126.9307
-9999 986.08751 984.03635 981.9852 979.93404 977.88289 975.83173 974.29665 973.35719 972.41773 971.47827 970.53881 969.59934 968.78482 971.82163 974.85845 977.89526 980.93207 983.96889 986.36486 989.70974 992.66663 995.62352 998.58041 1001.5373 1010.5529 1035.8072 1061.0615 1086.3158 1111.5701 1136.8245 1148.3639 1148.3701 1145.9904 1143.6107 1141.231 1138.8513 1140.7814 1148.8772 1156.9731 1165.069 1173.1648 1179.93 1177.021 1174.7718 1172.5226 1170.2734 1168.0242 1166.0192 1164.4381 1162.8594 1161.2807 1159.702 1158.1232 1162.2116 1154.3784 1146.5452 1138.712 1130.8789 1123.226
-9999 987.70094 985.64978 983.59862 981.54747 979.49631 975.65696 969.40167 968.46221 967.52275 966.58329 965.64383 965.07026 968.9709 972.14581 975.18262 978.21944 981.25625 984.29306 987.30571 990.2626 993.21949 996.17637 999.13326 1002.0901 1016.4706 1035.4301 1060.6844 1085.9387 1111.1931 1136.4474 1152.2628 1149.8831 1147.5034 1145.1237 1142.744 1140.8327 1144.9519 1153.0478 1161.1437 1169.2395 1177.3354 1184.1786 1182.3495 1179.7154 1177.4662 1175.217 1172.9678 1170.7186 1169.0411 1167.4624 1165.8837 1164.305 1162.7262 1163.7635 1155.9304 1148.0972 1140.264 1132.4308 1127.5158
-9999 995.71852 993.66736 991.61621 989.56505 983.11794 972.25673 966.00144 965.06198 964.12252 963.18306 964.11797 968.27476 972.1754 975.56308 978.8344 981.87121 984.90802 987.94484 990.95748 993.91437 996.87126 999.82815 1006.2533 1021.9093 1036.3106 1047.3491 1062.7048 1087.9591 1113.2134 1138.4677 1154.2832 1151.9035 1149.5238 1147.1441 1146.1756 1147.5152 1151.6344 1159.7303 1167.8262 1175.922 1181.7415 1185.4296 1183.6005 1177.8052 1174.4228 1172.1736 1169.9244 1167.6752 1165.9977 1164.419 1162.8402 1161.8064 1166.1509 1167.7675 1159.9343 1152.1011 1144.2679 1141.3771 1144.2101
-9999 1003.7361 1001.6849 999.63379 990.57892 979.71771 968.8565 962.60121 961.66175 960.72229 963.16567 967.32246 971.47925 975.37989 978.76758 982.15526 985.52298 988.5598 991.59661 994.60925 997.56614 1000.523 1010.4373 1026.0932 1041.7492 1056.1506 1067.1891 1078.2276 1089.9794 1115.2338 1140.4881 1156.3035 1153.9238 1151.5441 1151.5186 1152.8581 1154.1977 1158.317 1166.4128 1174.5087 1179.3044 1182.9924 1186.6805 1184.8514 1179.0561 1173.2608 1169.1302 1166.881 1164.6318 1162.9543 1161.3755 1161.4657 1165.8103 1170.1549 1171.7714 1163.9382 1156.105 1155.2383 1158.0713 1160.9043
-9999 1011.7537 1008.9011 998.0399 987.17869 976.31748 965.45626 959.20098 958.26151 962.21338 966.37017 970.52696 974.68375 978.58439 981.97207 985.35976 988.74745 992.13513 995.24838 998.26103 1001.2179 1014.6212 1030.2772 1045.9332 1061.5892 1075.9905 1087.029 1098.0675 1109.106 1120.1445 1142.5084 1158.3239 1155.9442 1156.8615 1158.2011 1159.5407 1160.8803 1164.9995 1173.0953 1176.8673 1180.5553 1184.2434 1187.9314 1186.1023 1180.307 1174.5117 1168.7165 1163.8376 1161.5883 1159.9108 1161.1251 1165.4696 1169.8142 1174.1588 1175.7753 1167.9421 1169.0995 1171.9325 1174.7655 1177.5986
-9999 1016.3621 1005.5009 994.63967 983.77846 972.91724 962.05603 957.1043 961.26109 965.41788 969.57467 973.73145 977.88824 981.78888 985.17657 988.56426 991.95194 995.33963 998.72732 1003.1492 1018.8052 1034.4612 1050.1172 1065.7732 1081.4292 1095.8305 1106.869 1117.9075 1128.946 1139.9845 1151.023 1160.8648 1162.2044 1163.544 1164.8836 1166.2232 1167.5628 1170.7421 1174.4302 1178.1182 1181.8063 1185.4943 1189.1824 1187.3533 1181.558 1175.7627 1169.9674 1164.1721 1158.5449 1160.7844 1165.129 1169.4736 1173.8182 1178.1627 1180.1277 1182.9607 1185.7937 1188.6268 1191.4598 1194.2928
-9999 1029.8816 1019.0204 1008.1592 997.29799 986.43678 969.16132 955.57458 955.07321 959.22999 963.38678 967.54357 971.70036 977.60703 985.43191 988.8196 992.20728 995.59497 998.98266 1006.0801 1021.7361 1037.3921 1053.0481 1068.704 1082.6604 1097.1594 1118.8868 1129.9253 1140.9638 1152.0023 1163.0408 1170.7664 1172.106 1173.4456 1174.7852 1176.1248 1179.8286 1183.5162 1184.7499 1188.438 1192.126 1195.8141 1199.5021 1200.7363 1197.2287 1191.4334 1185.6381 1179.8428 1174.0475 1162.0292 1163.8317 1168.1763 1172.5208 1176.8654 1181.4593 1186.3247 1189.1577 1191.9907 1194.8238 1197.6568
-9999 1046.6439 1035.7827 1024.9215 1014.0603 993.344 970.85827 957.27152 953.95535 951.24201 955.39879 959.55558 963.71237 969.61904 979.02994 988.44085 991.8974 995.28509 998.67278 1005.7702 1021.4262 1037.0822 1052.7382 1065.327 1076.0054 1090.5044 1115.2434 1139.9823 1151.4824 1162.5209 1173.5594 1181.2851 1182.6247 1183.9642 1185.3038 1190.3012 1196.7435 1200.4311 1200.1775 1200.4959 1204.1839 1207.872 1211.56 1212.7942 1212.2642 1209.8677 1204.0724 1198.2771 1192.4818 1180.4635 1167.3697 1165.8629 1170.2075 1174.5521 1179.146 1184.6035 1189.9669 1192.7999 1195.6329 1198.4659
