mean_models/J1_mean__temp2_slide_220.dat.tif
NCOLS 118
NROWS 92
XLLCORNER 139.62
YLLCORNER -39.07
DX 0.099491525
DY 0.099347826
NODATA_VALUE -9999
[rows 27 to 53 of 92, columns 0 to 59 of 118]
-9999 1158.2028 1146.7525 1134.0401 1113.8124 1093.5846 1073.3568 1061.4116 1059.0254 1056.6392 1054.2531 1057.8999 1063.2023 1070.2381 1080.7451 1091.252 1101.759 1107.3032 1110.8577 1117.265 1130.254 1143.2429 1152.5975 1161.5073 1170.4171 1179.3373 1188.2851 1197.2329 1206.1808 1212.4241 1217.5777 1220.8654 1220.5562 1220.2469 1234.7445 1249.6949 1264.6453 1272.1138 1268.8786 1265.6435 1262.4083 1261.0868 1259.9482 1259.2256 1258.8021 1258.3787 1257.6673 1255.2377 1252.808 1236.2452 1217.2398 1198.2344 1186.6478 1183.2712 1183.4244 1195.8051 1208.1858 1220.5664 1229.4664 1237.733
-9999 1173.3743 1158.0638 1137.8361 1117.6083 1097.3805 1077.1528 1065.2075 1062.8213 1060.4352 1058.049 1055.6628 1057.0339 1064.0696 1074.5766 1085.0836 1095.5906 1106.0975 1113.5519 1119.9593 1132.2723 1141.1821 1150.0919 1159.0017 1167.9115 1176.8316 1185.7794 1194.7272 1203.6751 1212.6229 1219.8281 1223.1158 1226.2221 1241.1725 1256.1229 1271.0733 1286.0236 1293.4922 1290.257 1287.0218 1283.7866 1280.5515 1278.7431 1278.0205 1277.5971 1277.1736 1276.7502 1276.3267 1274.0325 1257.4697 1238.4643 1219.4589 1200.4536 1185.9011 1186.0544 1198.4351 1210.8157 1223.1964 1235.577 1245.2577
-9999 1182.4797 1162.252 1142.0242 1121.7964 1101.5687 1081.3409 1070.8053 1068.4191 1066.0329 1063.6468 1061.2606 1058.8744 1060.6207 1071.1277 1081.6346 1092.1416 1102.6486 1113.1555 1123.1795 1132.0893 1140.9991 1149.9089 1158.8187 1167.7285 1175.444 1184.3919 1193.3397 1202.2875 1211.2353 1220.1832 1231.1813 1246.1317 1261.082 1276.0324 1290.9828 1305.9331 1310.133 1306.8978 1303.6626 1300.4275 1297.1923 1293.9571 1293.3561 1292.9326 1292.5092 1292.0857 1291.6623 1291.2388 1277.8902 1258.8849 1239.8795 1220.8741 1201.8688 1188.2194 1200.6 1212.9807 1225.3613 1237.742 1250.1226
-9999 1189.8966 1169.6688 1149.441 1129.2133 1108.9855 1101.0617 1094.7556 1088.8501 1086.4639 1084.0778 1081.6916 1079.3054 1080.8234 1090.1597 1100.5733 1111.0802 1121.5872 1132.0942 1142.1182 1151.028 1159.9378 1168.8476 1177.7574 1179.9569 1182.0359 1192.0802 1201.1569 1210.1047 1219.0525 1228.0004 1238.9985 1253.9488 1268.8992 1283.8496 1298.8 1313.3215 1310.6236 1284.5374 1281.3022 1278.067 1274.8318 1271.5966 1274.4253 1279.7895 1279.3661 1278.9426 1278.5192 1278.0957 1281.1387 1272.687 1253.6817 1234.6763 1215.6709 1200.7847 1200.1668 1211.3176 1223.6982 1236.0789 1248.4595
-9999 1197.3134 1177.0857 1156.8579 1139.316 1132.7502 1126.1844 1119.8784 1113.872 1107.8656 1104.5087 1102.1226 1099.7364 1101.2544 1110.5907 1119.927 1130.0189 1140.5259 1151.0328 1161.0568 1169.9666 1178.8764 1187.7862 1187.2924 1186.3997 1188.4787 1198.523 1208.5672 1217.9219 1226.8697 1235.8176 1246.8157 1261.766 1276.7164 1291.6378 1306.0526 1320.4674 1317.7695 1290.5894 1263.4094 1255.7066 1252.4714 1249.2362 1252.0648 1259.2526 1266.223 1265.7995 1265.3761 1264.9526 1267.9956 1271.6377 1267.4838 1248.4785 1229.4731 1214.5869 1213.969 1213.3511 1222.0351 1234.4157 1246.7964
-9999 1204.7303 1184.5025 1171.0045 1164.4388 1157.873 1151.3072 1145.0011 1138.9947 1132.9884 1126.982 1122.5536 1120.1674 1121.6854 1131.0217 1140.358 1149.6942 1159.4645 1169.9715 1179.9955 1188.9053 1195.5208 1194.628 1193.7352 1192.8425 1194.9215 1204.9658 1215.01 1225.0543 1234.6869 1243.6348 1254.6329 1269.5832 1284.3688 1298.7836 1313.1984 1327.6132 1324.9153 1297.7353 1270.5552 1243.3752 1230.1109 1226.8757 1229.7044 1236.8922 1244.08 1251.2678 1252.233 1251.8096 1254.8526 1258.4947 1262.1368 1262.2806 1243.2752 1228.389 1227.7711 1227.1532 1226.5353 1232.7526 1245.1333
-9999 1212.1471 1202.6931 1196.1273 1189.5615 1182.9957 1176.4299 1170.1238 1164.1175 1158.1111 1152.1048 1146.0984 1140.5984 1142.1164 1151.4527 1160.7889 1170.1252 1179.4615 1188.9101 1198.9342 1202.8564 1201.9636 1201.0708 1200.1781 1199.2853 1201.3643 1211.4086 1221.4529 1231.4971 1241.5414 1251.452 1262.4501 1277.0999 1291.5147 1305.9295 1320.3443 1334.7591 1332.0612 1304.8811 1277.7011 1250.521 1223.341 1204.5153 1207.3439 1214.5317 1221.7196 1228.9074 1236.0952 1238.6665 1241.7095 1245.3516 1248.9937 1252.6358 1256.2779 1242.1912 1241.5733 1240.9554 1240.3375 1239.7195 1243.4702
-9999 1232.52 1225.9542 1219.3885 1212.8227 1206.2569 1199.6911 1185.817 1179.8335 1173.8271 1167.8208 1161.8144 1155.8081 1149.3156 1155.9874 1165.3237 1174.66 1183.9963 1193.3326 1199.5757 1198.683 1197.7902 1196.8974 1196.0047 1195.1119 1211.7718 1223.7001 1233.7444 1243.7887 1253.8329 1263.8772 1275.4143 1289.8291 1304.2439 1318.6587 1333.0735 1347.4883 1344.6108 1319.2344 1292.0544 1264.8743 1237.6943 1210.5142 1202.8603 1210.0481 1217.236 1224.4238 1231.6116 1238.7994 1236.8587 1240.5008 1244.1429 1247.785 1251.4271 1254.5257 1254.3384 1253.7205 1253.1026 1252.4847 1251.8668
-9999 1252.711 1246.1452 1239.5794 1233.0136 1221.9116 1199.6073 1185.1673 1179.8039 1174.0289 1168.0225 1162.0162 1156.0098 1149.5174 1142.0515 1143.6413 1152.9776 1162.3138 1171.6501 1177.8933 1177.0005 1176.1078 1175.215 1175.9505 1199.7976 1222.3122 1241.2554 1255.6821 1265.7264 1275.7707 1285.8149 1297.352 1311.7668 1326.1816 1340.5964 1350.723 1340.7182 1335.273 1336.3509 1318.2947 1291.1147 1263.9346 1236.7545 1228.9857 1235.1713 1242.2362 1249.424 1256.6118 1263.7997 1256.6194 1249.3263 1252.9685 1256.6106 1260.2527 1263.3512 1264.5672 1264.7753 1264.1574 1263.5395 1262.9216
-9999 1272.9019 1266.3361 1259.7703 1243.5663 1221.262 1198.9576 1184.5177 1179.1542 1173.7908 1168.2242 1162.2179 1156.2115 1149.7191 1142.2532 1134.7874 1131.2951 1140.6314 1149.9677 1156.2109 1155.3181 1154.4253 1162.6437 1186.4908 1210.338 1232.8526 1251.7958 1270.739 1287.6641 1297.7084 1307.7526 1319.2897 1333.7045 1348.1193 1351.3899 1341.3851 1331.3803 1325.9351 1327.0131 1328.091 1317.355 1290.175 1262.9949 1255.226 1261.4116 1267.5972 1274.4242 1281.6121 1288.7999 1281.6196 1271.9562 1262.2927 1265.4361 1269.0782 1272.1768 1273.3927 1274.6086 1275.2122 1274.5943 1273.9764
-9999 1293.0928 1286.527 1265.2211 1242.9167 1220.6123 1198.308 1183.868 1178.5046 1173.1412 1167.7778 1162.4144 1156.4132 1149.9208 1142.455 1134.9891 1127.5233 1120.0574 1128.2852 1134.5284 1133.6356 1149.337 1173.1841 1197.0312 1220.8783 1243.393 1262.3361 1281.2793 1300.2225 1319.1657 1329.6904 1341.2275 1355.6423 1352.0569 1342.0521 1332.0473 1322.0425 1316.5973 1317.6752 1318.7532 1319.8311 1316.4153 1289.2353 1281.4664 1287.652 1293.8375 1300.0231 1306.6123 1313.8001 1306.6199 1296.9564 1287.2929 1277.6295 1277.9037 1281.0023 1282.2183 1283.4342 1284.6501 1285.6492 1285.0312
-9999 1309.1802 1286.8758 1264.5714 1242.2671 1219.9627 1197.6583 1183.2184 1177.855 1172.4915 1167.1281 1161.7647 1156.4013 1150.1225 1142.6567 1135.1908 1127.725 1120.2591 1112.7933 1112.846 1136.0302 1159.8773 1183.7245 1207.5716 1231.4187 1253.9333 1272.8765 1291.8197 1310.7629 1329.7061 1348.6493 1362.7287 1352.7239 1342.7191 1332.7143 1322.7095 1312.7047 1307.2595 1308.3374 1309.4154 1310.4933 1311.5712 1312.6492 1307.7067 1313.8923 1320.0779 1326.2635 1332.4491 1338.8004 1331.6201 1321.9566 1312.2932 1302.6297 1292.9662 1289.8279 1291.0438 1292.2597 1293.4757 1294.6916 1295.9075
-9999 1301.0036 1278.6993 1256.3949 1234.0905 1211.7862 1200.5189 1199.1118 1193.7484 1188.385 1183.0215 1177.6581 1168.3591 1159.6174 1162.6467 1155.1808 1147.715 1140.2491 1132.7833 1134.786 1158.6332 1182.4803 1206.3274 1230.1745 1250.8326 1262.5346 1278.1149 1297.0581 1316.0013 1334.9445 1353.8877 1362.9432 1352.9384 1342.9336 1332.9288 1322.924 1311.0886 1302.7194 1303.7974 1304.8753 1305.9532 1307.0312 1309.9733 1313.7007 1318.8173 1325.0029 1331.1885 1337.3741 1343.5596 1336.2317 1326.5682 1316.9047 1307.2413 1300.0651 1307.4146 1308.6305 1309.8465 1311.0624 1312.2783 1310.0582
-9999 1290.2814 1267.977 1245.6727 1223.3683 1219.9866 1222.0074 1220.6003 1215.2369 1209.8735 1204.5101 1191.2558 1173.6911 1164.9494 1173.8761 1181.8635 1174.3977 1166.9318 1159.466 1161.4687 1185.3158 1209.1629 1233.0101 1249.7312 1260.5622 1272.2642 1286.3006 1300.5033 1319.4465 1338.3897 1357.3329 1366.3884 1356.3836 1346.3788 1336.374 1323.1439 1308.1713 1299.8021 1300.88 1301.9579 1303.0359 1306.902 1311.5468 1315.2742 1318.3421 1322.7188 1328.9043 1335.0899 1341.2755 1333.9475 1324.2841 1314.6206 1311.4948 1320.615 1327.9645 1329.1804 1330.3963 1331.6123 1327.9216 1322.3173
-9999 1279.5592 1257.2548 1237.4334 1239.4543 1241.4751 1243.4959 1242.0888 1236.7254 1231.362 1214.1524 1196.5877 1179.0231 1170.2813 1179.208 1188.1347 1197.0615 1193.6145 1186.1486 1188.1514 1211.9985 1235.8456 1248.6299 1259.4609 1270.2918 1281.9938 1296.0302 1310.0666 1324.103 1341.8349 1360.7781 1369.8336 1359.8288 1349.824 1335.1992 1320.2265 1305.2539 1296.8847 1297.9626 1299.1858 1303.8307 1308.4755 1313.1204 1316.8478 1319.9157 1322.9835 1326.6202 1332.8058 1338.9914 1331.6634 1321.9999 1322.9245 1332.0447 1341.1649 1348.5144 1349.7303 1350.9462 1345.7849 1340.1806 1334.5764
-9999 1268.837 1256.9011 1258.9219 1260.9428 1262.9636 1264.9844 1263.5773 1254.6136 1237.049 1219.4843 1201.9197 1184.355 1175.6133 1184.54 1193.4667 1202.3934 1211.3201 1212.8313 1214.834 1236.6975 1247.5285 1258.3595 1269.1905 1280.0214 1291.7234 1305.7598 1319.7962 1333.8326 1347.869 1364.2233 1373.2788 1362.227 1347.2544 1332.2818 1317.3092 1302.3365 1293.9673 1296.1145 1300.7594 1305.4042 1310.0491 1314.694 1318.4214 1321.4892 1324.5571 1327.6249 1330.6927 1336.7072 1329.3793 1334.3543 1343.4744 1352.5946 1361.7148 1369.0642 1369.2524 1363.6482 1358.0439 1352.4397 1346.8355
-9999 1273.158 1275.1789 1277.1997 1279.2205 1281.2413 1283.2621 1276.0108 1258.4461 1240.8815 1223.3168 1205.7522 1188.1875 1180.4678 1189.3945 1198.3212 1207.248 1216.1747 1225.1014 1234.6039 1245.4349 1256.2659 1267.0969 1277.9278 1288.7588 1297.2931 1311.3295 1325.3659 1339.4023 1353.4387 1367.4751 1371.6029 1356.6303 1341.6577 1326.6851 1311.7124 1296.7398 1291.1821 1295.8269 1300.4718 1305.1167 1309.7616 1314.4065 1319.3932 1322.461 1325.5288 1328.5967 1331.6645 1334.7323 1343.711 1352.8311 1361.9513 1371.0715 1380.1917 1384.8855 1379.2813 1373.6771 1368.0729 1362.4687 1356.8644
-9999 1267.22 1269.2408 1271.2616 1273.2825 1275.3033 1274.7518 1266.9277 1250.9697 1233.405 1215.8404 1198.2757 1180.7111 1174.2503 1190.0257 1199.5751 1208.5019 1217.4286 1226.3553 1235.8578 1246.6888 1257.5198 1268.3508 1279.1817 1295.0196 1304.1088 1289.24 1299.5612 1313.5976 1327.634 1341.6704 1345.7983 1330.8257 1315.853 1300.8804 1285.9078 1278.0418 1276.4621 1281.5027 1286.1476 1290.7924 1295.4373 1300.0822 1308.9773 1318.8938 1321.9616 1325.0294 1328.0973 1331.1651 1343.9867 1355.6733 1364.7935 1373.9137 1383.0339 1387.0416 1373.3406 1366.8859 1361.2817 1355.6775 1350.0733
-9999 1261.282 1263.3028 1265.3236 1266.7579 1265.958 1265.1582 1257.3341 1241.403 1225.472 1208.3639 1190.7993 1173.2346 1166.7738 1182.5492 1198.3246 1209.7558 1218.6825 1227.6092 1237.1117 1247.9427 1258.7737 1269.6046 1287.4199 1305.4478 1314.5369 1299.6682 1284.7994 1287.793 1301.8294 1315.8658 1319.9937 1305.021 1290.0484 1275.6464 1269.4293 1263.2123 1261.6327 1266.6875 1271.7424 1276.4682 1281.1131 1285.7579 1294.653 1306.6035 1318.3944 1321.4622 1324.53 1327.5979 1340.4195 1354.9267 1367.6357 1376.7559 1385.876 1389.8838 1376.1828 1362.4817 1354.4905 1348.8863 1343.2821
-9999 1255.3439 1257.3647 1257.9641 1257.1643 1256.3644 1255.5646 1247.7405 1231.8094 1215.8784 1199.9473 1183.3228 1165.7581 1159.2974 1175.0727 1190.8481 1206.6235 1219.9364 1228.8631 1238.3656 1249.1966 1261.7923 1279.8202 1297.848 1315.8759 1324.9651 1310.0963 1295.2276 1280.3588 1276.0247 1290.0611 1294.189 1279.2164 1267.034 1260.8169 1254.5999 1248.3828 1246.8032 1251.8581 1256.9129 1261.9678 1266.7888 1271.4337 1280.3288 1292.2793 1304.2298 1316.1803 1320.9628 1324.0307 1336.8522 1351.3595 1365.8668 1379.5981 1388.7182 1392.726 1379.0249 1365.3239 1351.6228 1342.0952 1336.4909
-9999 1249.4059 1249.1703 1248.3705 1247.5707 1246.7708 1245.971 1238.1468 1222.2158 1206.2848 1190.3537 1174.4227 1158.2817 1151.8209 1167.5963 1183.3717 1199.147 1214.9224 1230.117 1239.6195 1254.1926 1272.2204 1290.2483 1308.2762 1326.304 1335.3932 1320.5245 1305.6557 1290.7869 1275.9182 1264.2565 1268.3844 1258.4215 1252.2045 1245.9875 1239.7704 1233.5534 1231.9737 1237.0286 1242.0835 1247.1383 1252.1932 1257.1094 1266.0045 1277.955 1289.9055 1301.856 1313.8065 1320.4634 1333.285 1347.7923 1362.2996 1376.8069 1391.3142 1395.5682 1381.8671 1368.1661 1354.465 1340.764 1329.6998
-9999 1245.7325 1244.9327 1244.1328 1243.333 1242.5331 1241.7333 1236.5572 1220.6261 1204.6951 1188.7641 1172.833 1156.902 1153.1601 1167.4998 1183.2752 1199.0506 1214.826 1230.6013 1247.0578 1265.0857 1283.1136 1301.1414 1319.1693 1337.1972 1337.8708 1326.5068 1311.638 1296.7693 1281.9005 1267.0318 1255.1181 1248.9011 1242.6841 1236.467 1230.25 1224.0329 1230.8499 1235.9048 1240.9597 1246.0145 1251.0694 1256.0313 1251.715 1263.6655 1275.6161 1287.5666 1299.5171 1311.4676 1325.5981 1340.1054 1354.6127 1369.1199 1383.6272 1390.5255 1376.8245 1363.1234 1349.4224 1335.7213 1322.9449
-9999 1250.0067 1249.2068 1248.407 1247.6071 1248.5325 1252.7979 1247.6877 1231.7566 1215.8256 1199.8945 1185.6735 1177.9076 1175.3429 1183.1938 1194.9073 1210.6827 1226.458 1242.2334 1258.6899 1276.7178 1294.7456 1312.7735 1327.9521 1321.6967 1317.172 1317.286 1310.5549 1295.6862 1280.8174 1265.9486 1254.035 1247.818 1241.601 1235.3839 1232.9243 1243.3133 1251.5077 1256.5625 1261.6174 1266.6722 1271.2957 1275.1714 1268.394 1253.9583 1261.3819 1273.3324 1285.2829 1297.2334 1311.364 1325.8712 1340.3785 1354.8858 1366.8493 1372.952 1359.251 1345.5499 1331.8489 1322.0506 1320.6232
-9999 1254.2808 1253.481 1252.6812 1255.3976 1259.663 1263.9284 1258.8181 1242.8871 1226.9561 1215.6222 1207.8563 1200.0904 1197.5257 1205.3766 1213.2275 1222.3148 1238.0901 1253.8655 1270.322 1288.3499 1306.3777 1313.5086 1307.2533 1300.9979 1296.4732 1296.5872 1296.7012 1294.603 1279.7343 1264.8655 1252.9519 1246.7349 1240.5178 1243.1931 1253.582 1263.971 1272.1654 1277.2203 1282.2751 1286.5601 1290.4358 1294.3115 1287.5342 1273.0985 1258.6628 1259.0983 1271.0488 1282.9993 1297.1298 1311.6371 1325.6359 1337.4558 1349.2758 1355.3785 1341.6774 1327.9764 1321.1562 1319.7289 1318.3016
-9999 1258.555 1257.9973 1262.2627 1266.5281 1270.7935 1275.0589 1269.9486 1254.0176 1245.5709 1237.805 1230.0391 1222.2733 1219.7085 1227.5594 1235.4103 1243.2612 1251.112 1265.4976 1281.9541 1299.982 1299.0652 1292.8098 1286.5545 1280.2991 1275.7744 1275.8884 1276.0024 1276.1164 1276.2304 1263.7824 1251.8688 1245.6518 1253.4619 1263.8508 1274.2398 1284.6287 1292.8231 1297.878 1301.8245 1305.7002 1309.5759 1313.4517 1306.6743 1292.2386 1277.8029 1263.3672 1256.8147 1268.7652 1282.8957 1296.2424 1308.0623 1319.8823 1331.7022 1337.805 1324.1039 1320.2619 1318.8346 1317.4073 1315.9799
-9999 1264.8623 1269.1278 1273.3932 1277.6586 1281.924 1286.1894 1283.2855 1275.5196 1267.7537 1259.9879 1252.222 1244.4561 1241.8914 1249.7422 1257.5931 1265.444 1273.2949 1281.1457 1290.8771 1284.6218 1278.3664 1272.1111 1265.8557 1259.6003 1255.0756 1255.1896 1255.3036 1255.4176 1255.5316 1255.6456 1253.3417 1263.7307 1274.1196 1284.5085 1294.8975 1305.2864 1313.2132 1317.089 1320.9647 1324.8404 1328.7161 1332.5918 1325.8144 1311.3787 1296.943 1282.5074 1268.0717 1254.5311 1266.8489 1278.6689 1290.4888 1302.3088 1314.1287 1320.795 1319.3676 1317.9403 1316.513 1315.0856 1313.6583
-9999 1282.1517 1286.4171 1290.6825 1294.9479 1299.2133 1292.8345 1281.9878 1274.2219 1266.456 1258.6901 1250.9243 1256.7211 1268.8126 1265.628 1273.4788 1281.3297 1289.1806 1297.0315 1300.6168 1294.3615 1288.1061 1281.8507 1275.5954 1266.8652 1258.005 1259.0775 1259.1915 1259.3055 1259.4195 1259.5335 1263.1571 1273.546 1283.935 1294.3239 1304.7129 1313.3803 1319.0974 1322.9731 1326.8488 1330.7245 1334.6002 1334.5649 1333.5381 1325.8655 1311.4298 1296.9941 1282.5585 1268.1228 1276.0737 1287.8936 1299.7136 1311.5335 1319.0374 1315.2714 1313.844 1312.4167 1310.9893 1309.562 1315.879
