mean_models/J1_mean__temp2_slide_180.dat.tif
NCOLS 118
NROWS 92
XLLCORNER 139.62
YLLCORNER -39.07
DX 0.099491525
DY 0.099347826
NODATA_VALUE -9999
[rows 54 to 80 of 92, columns 0 to 59 of 118]
-9999 1252.5267 1255.5483 1258.5699 1261.5915 1254.3025 1246.1507 1239.5988 1234.8934 1230.1879 1225.4824 1229.6632 1236.1833 1236.9618 1226.2422 1215.5227 1214.1667 1213.6829 1213.199 1212.8875 1212.9738 1213.06 1213.1462 1215.7984 1219.6036 1221.3744 1217.6922 1214.01 1209.0401 1203.9171 1198.7941 1199.0821 1209.8005 1220.5189 1231.2374 1239.7941 1247.774 1253.2692 1255.2096 1257.15 1259.0905 1258.6463 1257.9931 1257.9496 1258.3444 1257.2253 1252.2975 1247.3697 1242.4419 1245.418 1249.7601 1254.1022 1256.2791 1256.1202 1256.1162 1256.6485 1257.1808 1257.7131 1259.1837 1260.8168
-9999 1265.6704 1268.692 1268.9543 1260.8025 1252.6507 1244.499 1237.9471 1233.2416 1229.8358 1236.3559 1242.876 1249.3961 1250.1746 1239.4551 1228.7355 1218.016 1213.5641 1213.0802 1212.7687 1212.855 1212.9412 1216.7183 1220.5235 1224.3287 1226.0995 1222.4173 1218.7351 1215.0529 1210.4874 1205.3645 1205.6524 1216.3708 1226.8973 1234.8772 1242.8571 1250.837 1256.3321 1258.2726 1259.7501 1259.0969 1258.4437 1257.7905 1257.747 1258.1418 1258.5366 1258.6808 1253.753 1248.8252 1251.8013 1256.1434 1257.3497 1257.1909 1257.0321 1257.0281 1257.5604 1258.1676 1259.8006 1261.4337 1263.0668
-9999 1278.8141 1275.4543 1267.3025 1259.1508 1250.999 1242.8472 1236.2953 1236.5285 1243.0486 1249.5687 1256.0889 1262.609 1263.3874 1252.6679 1241.9483 1231.2288 1220.5092 1212.9614 1212.65 1213.8329 1217.6381 1221.4433 1225.2486 1229.0538 1230.8245 1227.1423 1223.4601 1219.7779 1216.0957 1211.9348 1212.2228 1221.9803 1229.9602 1237.9401 1245.92 1253.8999 1259.3951 1260.2007 1259.5475 1258.8943 1258.2411 1257.5879 1257.5444 1257.9392 1258.334 1258.7289 1259.1237 1255.2085 1258.1846 1258.4204 1258.2616 1258.1028 1257.9439 1257.9399 1258.7845 1260.4176 1262.0507 1263.6837 1265.3168
-9999 1280.5048 1272.353 1264.2013 1256.0495 1247.8977 1239.7459 1239.1648 1245.6849 1252.205 1258.7252 1265.2453 1271.7654 1275.2745 1264.5549 1253.8354 1243.1158 1232.3963 1221.6767 1215.3492 1219.1545 1222.9597 1226.7649 1230.5701 1234.3753 1235.4458 1231.6053 1227.9231 1224.2409 1220.5587 1216.8765 1217.1777 1225.1576 1233.1375 1241.1174 1249.0973 1257.0771 1262.8635 1262.2102 1261.557 1260.9038 1260.2506 1259.5974 1257.4527 1257.8475 1258.2423 1258.6372 1259.032 1259.4268 1261.2349 1261.076 1260.9172 1260.7584 1260.5995 1261.2007 1262.9256 1264.5587 1266.1918 1267.8249 1269.458
-9999 1272.4528 1264.301 1256.1492 1247.9975 1240.4006 1236.7103 1236.839 1241.3755 1247.507 1254.0271 1260.5472 1267.0674 1270.8618 1269.198 1261.1942 1250.4746 1239.7551 1229.0355 1222.708 1226.5133 1230.3185 1234.1237 1237.9289 1244.8406 1247.3764 1237.3065 1231.4908 1227.8086 1224.1264 1220.4442 1220.7454 1228.7253 1236.7052 1244.685 1252.4674 1248.9211 1253.3059 1269.0372 1271.1218 1270.4686 1269.8154 1269.1622 1264.8513 1258.1345 1258.5294 1258.9242 1259.319 1259.7138 1265.3484 1269.6875 1269.5287 1269.3699 1269.211 1269.8121 1273.0456 1275.1589 1276.792 1278.4251 1280.0581
-9999 1264.4008 1256.249 1248.0972 1242.0779 1238.3876 1234.6973 1234.826 1239.3625 1243.899 1249.3291 1255.8492 1262.3693 1266.1638 1264.4999 1262.8361 1257.8334 1247.1139 1236.3943 1230.0668 1233.8721 1237.6773 1242.2931 1249.5321 1256.7711 1259.3069 1249.2371 1239.1672 1231.3763 1227.6941 1224.0119 1224.3131 1232.2929 1240.2728 1244.4911 1240.9448 1237.3985 1241.7833 1257.5146 1273.246 1280.0334 1279.3801 1278.7269 1274.4161 1267.4757 1260.5354 1259.2112 1259.606 1260.0008 1265.6354 1272.1756 1278.1402 1277.9813 1277.8225 1278.4236 1281.6571 1284.8906 1287.3922 1289.0253 1290.6583
-9999 1256.3487 1248.197 1243.7552 1240.0649 1236.3746 1232.6843 1232.813 1237.3495 1241.886 1246.4225 1251.1511 1257.6713 1261.4657 1259.8019 1258.1381 1256.4742 1254.4727 1243.7531 1237.4257 1241.2309 1246.9847 1254.2237 1261.4627 1268.7017 1271.2375 1261.1676 1251.0977 1241.0278 1231.2618 1227.5796 1227.8807 1235.8606 1236.5148 1232.9685 1229.4222 1225.8759 1230.2607 1245.9921 1261.7234 1277.4547 1288.9449 1288.2917 1283.9808 1277.0405 1270.1002 1263.1599 1259.893 1260.2878 1265.9224 1272.4626 1279.0027 1285.5428 1286.434 1287.0351 1290.2685 1293.502 1296.7355 1299.6254 1301.2585
-9999 1249.1229 1245.4325 1241.7422 1238.0519 1234.3616 1230.6713 1230.8 1235.3365 1239.873 1244.4095 1248.946 1253.4825 1256.7677 1255.1038 1253.44 1251.7762 1250.1123 1248.4485 1244.7845 1251.6762 1258.9153 1266.1543 1273.3933 1280.6323 1283.1681 1273.0982 1263.0283 1252.9584 1242.8885 1232.8186 1231.4484 1228.5385 1224.9922 1221.4459 1217.8996 1214.3534 1218.7382 1234.4695 1250.2008 1265.9321 1281.6635 1297.3948 1293.5456 1286.6053 1279.6649 1272.7246 1265.7843 1260.5748 1266.2094 1272.7496 1279.2897 1285.8299 1292.37 1295.6465 1298.88 1302.1135 1305.347 1308.5804 1311.8139
-9999 1248.2848 1244.5944 1240.9041 1237.2138 1233.5235 1232.3681 1234.2687 1237.1947 1241.7312 1246.2677 1250.8042 1255.3407 1255.8096 1250.5689 1248.9051 1247.2412 1245.5774 1243.9136 1244.9418 1252.1808 1259.4198 1266.6588 1273.8978 1279.619 1279.8307 1277.3371 1267.2672 1257.1973 1247.1274 1237.0575 1229.2159 1225.6696 1222.1233 1218.577 1215.0307 1211.4809 1218.5594 1237.4773 1253.2086 1268.9399 1284.6713 1300.4026 1300.0869 1291.6744 1284.7341 1277.7938 1270.8535 1263.9131 1263.9514 1270.4206 1276.9607 1283.5008 1290.041 1296.3813 1301.1649 1304.3984 1307.6318 1310.8653 1314.0988
-9999 1247.9576 1244.2672 1240.5769 1236.8866 1237.9304 1240.4595 1242.3601 1243.5354 1245.2729 1249.8094 1254.3458 1258.8823 1259.3512 1251.6744 1244.441 1242.7772 1241.1134 1239.4495 1240.4778 1247.7168 1254.9558 1262.1948 1265.3963 1265.0321 1265.2437 1266.9985 1268.1613 1258.0914 1248.0215 1237.9516 1230.11 1226.5637 1223.0174 1219.4711 1215.918 1212.361 1219.4394 1241.7334 1262.5349 1278.2663 1293.9976 1309.7289 1309.4132 1297.5615 1287.8483 1280.908 1273.9677 1267.0274 1267.0656 1268.31 1273.4941 1280.0343 1286.5744 1292.9147 1298.5626 1303.9321 1307.1656 1310.399 1313.6325
-9999 1247.6304 1243.9401 1240.9637 1243.4927 1246.0218 1248.5508 1250.4514 1251.6267 1252.802 1253.9773 1257.8875 1262.424 1262.8928 1255.2161 1247.5393 1239.8625 1236.6493 1234.9855 1236.0138 1243.2528 1250.4918 1251.1735 1250.8094 1250.4452 1250.6568 1252.4116 1254.1664 1255.9211 1248.9157 1238.8458 1231.0041 1227.4578 1223.9116 1220.3551 1216.798 1213.241 1220.3194 1242.6134 1264.9074 1287.2013 1303.3239 1319.0552 1318.7395 1306.8878 1295.0361 1284.0222 1277.0819 1270.1416 1270.1798 1271.4242 1272.6686 1276.5677 1283.1078 1289.4481 1295.096 1300.744 1306.3919 1309.9328 1313.1662
-9999 1247.3032 1246.526 1249.055 1251.584 1254.1131 1256.6421 1258.5427 1259.718 1260.8933 1262.0686 1263.244 1265.9656 1266.4345 1258.7577 1251.0809 1243.4042 1235.7274 1230.5215 1231.5497 1237.3149 1236.9507 1236.5866 1236.2225 1235.8583 1236.0699 1237.8247 1239.5794 1241.3342 1243.089 1239.7399 1231.8982 1228.3493 1224.7922 1221.2351 1217.678 1214.121 1221.1994 1243.4934 1265.7874 1288.0813 1310.3753 1328.3816 1328.0659 1316.2142 1304.3624 1292.5107 1280.659 1273.2558 1273.2941 1274.5384 1275.7828 1277.0271 1279.6413 1285.9815 1291.6295 1297.2774 1302.9253 1308.5732 1312.7
-9999 1249.4695 1251.9986 1254.5276 1257.0566 1259.5857 1262.1147 1265.9364 1267.1117 1268.287 1269.4623 1270.6376 1271.8129 1270.1363 1262.4595 1254.7828 1247.106 1239.4292 1231.7525 1226.2869 1225.9228 1225.5586 1225.1945 1224.8304 1224.4662 1223.8327 1225.5875 1227.3422 1229.097 1230.8518 1232.6065 1232.5469 1228.9898 1225.4328 1221.8757 1218.3186 1214.7615 1222.4329 1244.7269 1267.0209 1289.3149 1311.6089 1333.9029 1340.2096 1328.3579 1316.5062 1304.6545 1292.8028 1280.9511 1280.2656 1281.51 1282.7543 1283.9987 1285.243 1285.3357 1290.9836 1296.6315 1302.2795 1307.9274 1313.5753
-9999 1241.9169 1244.4459 1246.975 1249.504 1252.4096 1263.4169 1269.86 1271.0353 1272.2106 1273.3859 1274.5612 1271.1879 1267.9234 1265.7422 1259.2812 1251.6045 1243.9277 1236.2509 1230.7854 1230.4212 1230.0571 1229.693 1229.3288 1232.5625 1233.6949 1227.1639 1226.7921 1228.5468 1230.3016 1232.0563 1231.9968 1228.4397 1224.8826 1221.3255 1217.7685 1216.754 1225.4248 1247.7188 1270.0128 1292.3068 1314.6262 1337.2221 1350.2537 1354.5151 1342.6634 1330.8117 1318.96 1307.1082 1306.4228 1307.6671 1308.9115 1310.1558 1304.4652 1298.7198 1304.3678 1310.0157 1315.6636 1321.0938 1322.0148
-9999 1234.3642 1236.8933 1239.4223 1245.3258 1256.3331 1267.3405 1273.7836 1274.9589 1276.1342 1275.9804 1272.175 1268.3695 1265.105 1262.9238 1260.7426 1256.1029 1248.4262 1240.7494 1235.2839 1234.9197 1234.5556 1234.8771 1238.8687 1242.8603 1243.9927 1237.4616 1230.9306 1227.9967 1229.7514 1231.5062 1231.4466 1227.8895 1224.3324 1221.4491 1220.5975 1219.7459 1228.4167 1250.7107 1273.0047 1295.4108 1318.0067 1340.6026 1353.6342 1359.7901 1365.946 1356.9688 1345.1171 1333.2654 1332.58 1333.8243 1335.0687 1326.8839 1317.8493 1312.104 1317.7519 1323.3998 1327.683 1328.604 1329.5251
-9999 1226.8116 1229.3406 1238.242 1249.2494 1260.2567 1271.2641 1277.7071 1278.8824 1276.9675 1273.162 1269.3566 1265.5511 1262.2866 1260.1054 1257.9242 1255.7431 1252.9246 1245.2479 1239.7823 1239.4182 1241.1832 1245.1748 1249.1664 1253.158 1254.2904 1247.7594 1241.2283 1234.6973 1229.2013 1230.956 1230.8964 1227.3394 1225.2925 1224.441 1223.5894 1222.7378 1231.4086 1253.7026 1276.1954 1298.7913 1321.3872 1343.9831 1357.0146 1363.1705 1369.3265 1375.4824 1371.2743 1359.4226 1358.7371 1358.3371 1349.3026 1340.268 1331.2335 1325.4881 1331.136 1334.2723 1335.1933 1336.1143 1337.0353
-9999 1220.1509 1231.1582 1242.1656 1253.1729 1264.1803 1275.1876 1281.6307 1277.9546 1274.1491 1270.3437 1266.5382 1262.7327 1259.4682 1257.287 1255.1058 1252.9247 1250.7435 1248.5623 1244.2808 1247.4893 1251.4809 1255.4725 1259.4641 1263.4557 1264.5881 1258.0571 1251.5261 1244.995 1238.464 1231.933 1230.3463 1229.136 1228.2845 1227.4329 1226.5813 1225.7297 1234.4006 1256.9799 1279.5758 1302.1717 1324.7676 1347.3635 1360.3951 1366.551 1372.7069 1378.8628 1385.0187 1385.5798 1380.7558 1371.7213 1362.6867 1353.6522 1344.6176 1338.8723 1340.8615 1341.7825 1342.7035 1343.6246 1344.5456
-9999 1227.4588 1238.4662 1249.4735 1260.4809 1271.4882 1281.5099 1279.5894 1271.6967 1267.8913 1264.0858 1260.2803 1256.4749 1257.599 1262.4743 1260.2931 1258.1119 1255.9307 1253.7495 1253.4349 1257.4265 1261.4181 1265.4097 1269.4013 1273.3537 1275.4277 1271.3506 1264.8195 1258.2885 1251.7575 1245.2264 1240.6353 1239.7837 1238.9322 1238.0806 1237.229 1239.2349 1244.9898 1257.8283 1280.4242 1303.0201 1325.616 1348.2119 1357.4113 1361.9643 1368.1202 1374.2761 1380.432 1386.5879 1388.2776 1379.243 1370.2085 1361.1739 1352.1394 1344.283 1342.449 1343.37 1344.291 1345.2121 1346.1331
-9999 1236.6882 1247.6956 1258.7029 1269.7103 1278.6409 1286.8096 1284.8891 1271.3244 1259.6806 1255.8751 1252.0697 1248.2642 1249.3884 1260.3845 1270.0256 1267.8444 1265.6632 1263.482 1263.1674 1267.159 1271.1506 1275.1422 1278.9936 1282.706 1284.78 1282.4627 1279.8138 1273.2828 1266.7518 1260.2207 1255.6296 1254.778 1253.9265 1253.0749 1258.7293 1268.641 1274.3958 1274.2037 1279.8349 1302.4308 1325.0266 1347.6225 1356.822 1356.3908 1359.01 1365.1659 1371.3218 1377.4777 1379.607 1381.0404 1374.4019 1365.3673 1356.3328 1348.4764 1344.701 1341.5949 1342.5159 1343.4369 1344.3579
-9999 1245.9176 1256.925 1267.6031 1275.7719 1283.9406 1292.1094 1290.1889 1276.6241 1263.0593 1249.4946 1243.859 1240.0536 1241.1778 1252.1739 1263.17 1274.1662 1275.3957 1273.2145 1272.8999 1276.8915 1280.8831 1284.6335 1288.3459 1292.0582 1294.1322 1291.8149 1289.4976 1287.1803 1281.7461 1275.215 1270.6239 1269.7723 1268.9208 1278.2236 1288.1353 1298.047 1303.8019 1303.6098 1303.4176 1303.2255 1324.4373 1347.0332 1356.2327 1355.8015 1355.3704 1356.0557 1362.2116 1368.3675 1370.4968 1371.9302 1373.3636 1369.5607 1360.5262 1352.6698 1348.8944 1345.1191 1341.3437 1341.6617 1342.5827
-9999 1255.1471 1264.7342 1272.9029 1281.0716 1289.2404 1297.4091 1295.4886 1281.9239 1268.3591 1254.7943 1241.2295 1231.8429 1232.9671 1243.9632 1254.9594 1265.9555 1276.9517 1282.947 1282.6323 1286.561 1290.2734 1293.9858 1297.6981 1301.4105 1303.4844 1301.1671 1298.8498 1296.5325 1294.2152 1290.2093 1285.6182 1287.8062 1297.7179 1307.6296 1317.5414 1327.4531 1333.2079 1333.0158 1332.8237 1332.6316 1332.4394 1346.4439 1355.6433 1355.2122 1354.7811 1354.35 1353.9188 1359.2573 1361.3866 1362.82 1364.2534 1365.6868 1364.7195 1356.8632 1353.0878 1349.3125 1345.5371 1341.7618 1340.8076
-9999 1260.9693 1269.1381 1277.3068 1285.4756 1293.6443 1301.8131 1301.5609 1287.9961 1274.4313 1260.8666 1247.3018 1233.737 1225.8618 1236.8579 1247.8541 1258.8502 1269.8463 1280.8425 1289.6361 1293.3485 1297.0608 1300.7732 1304.4855 1308.1979 1310.1896 1307.8937 1305.5764 1303.2591 1300.9418 1298.6245 1300.4842 1310.3959 1320.3076 1330.2193 1340.1311 1350.0428 1349.7569 1349.5648 1349.3726 1349.1805 1348.9884 1348.7963 1350.2479 1349.8168 1349.3856 1348.9545 1348.5234 1348.0922 1353.9197 1355.3531 1356.7865 1358.2199 1359.6533 1355.5373 1350.9489 1347.1736 1343.3982 1339.6229 1335.8475
-9999 1261.9822 1270.151 1278.3197 1286.4885 1294.4059 1300.7518 1301.378 1295.403 1283.4277 1269.863 1256.2982 1242.7334 1234.4337 1236.6776 1244.9328 1255.9289 1266.9251 1277.9212 1286.7148 1290.4272 1294.1395 1297.8519 1301.5643 1302.6905 1303.4321 1303.7623 1302.3638 1300.0465 1297.7292 1295.4119 1297.2716 1307.1834 1317.0951 1327.0068 1336.9136 1346.6614 1343.3532 1321.3666 1317.253 1317.0609 1316.8688 1316.6767 1320.1823 1326.2284 1325.7973 1325.3662 1324.935 1324.5039 1340.6518 1354.1067 1355.5401 1356.9735 1358.4069 1354.2909 1330.9527 1321.065 1317.2896 1313.5143 1309.7389
-9999 1262.9951 1271.1639 1279.3326 1286.5494 1292.8953 1299.2413 1299.8675 1293.8925 1287.9174 1278.8594 1265.2946 1251.7298 1243.4301 1245.674 1247.9178 1253.0076 1264.0038 1274.9999 1283.7935 1287.5059 1291.2183 1294.1429 1295.038 1295.9331 1296.6747 1297.0049 1297.335 1296.834 1294.5167 1292.1994 1294.0591 1303.9708 1313.8825 1323.7337 1333.4815 1343.2294 1339.9212 1317.9346 1295.948 1284.9413 1284.7492 1284.5571 1288.0627 1294.2266 1300.3906 1301.7778 1301.3467 1300.9156 1317.0635 1336.0766 1354.2938 1355.7271 1357.1605 1353.0446 1329.7064 1306.3681 1291.181 1287.4057 1283.6303
-9999 1264.008 1272.1768 1278.6929 1285.0389 1291.3848 1297.7307 1298.357 1292.3819 1286.4069 1280.4319 1274.291 1260.7262 1252.4265 1254.6704 1256.9142 1259.1581 1261.402 1272.0786 1280.8723 1284.5846 1286.4904 1287.3854 1288.2805 1289.1756 1289.9172 1290.2474 1290.5776 1290.9078 1291.2379 1288.9868 1290.8465 1300.7583 1310.5539 1320.3017 1330.0495 1339.7973 1336.4892 1314.5026 1292.516 1270.5294 1252.6296 1252.4375 1255.9431 1262.107 1268.271 1274.4349 1277.7584 1277.3272 1293.4751 1312.4883 1331.5015 1350.5147 1355.9142 1351.7982 1328.46 1305.1218 1281.7835 1261.2971 1257.5217
-9999 1264.4906 1270.8365 1277.1824 1283.5283 1289.8743 1296.2202 1296.8464 1290.8714 1284.8964 1278.9213 1272.9463 1266.9712 1261.4229 1263.6668 1265.9106 1268.1545 1270.3984 1272.6422 1277.9427 1278.8378 1279.7329 1280.628 1281.5231 1282.4182 1283.1598 1283.4899 1283.8201 1284.1503 1284.4805 1284.8107 1287.6263 1297.3741 1307.1219 1316.8697 1326.6175 1336.3653 1333.0571 1311.0706 1289.084 1267.0974 1245.1108 1223.1242 1223.8235 1229.9874 1236.1514 1242.3153 1248.4793 1253.7389 1269.8868 1288.9 1307.9132 1326.9263 1345.9395 1350.5519 1327.2136 1303.8754 1280.5372 1257.199 1233.8607
-9999 1274.614 1280.9599 1287.3059 1293.6518 1299.9977 1299.3772 1300.0794 1303.26 1297.285 1291.3099 1285.3349 1279.3599 1275.8354 1277.4302 1279.6741 1281.918 1284.1618 1286.4057 1288.2417 1289.1368 1290.0319 1290.927 1291.8221 1288.9167 1283.0862 1286.7765 1287.1066 1287.4368 1287.767 1288.0972 1291.6441 1301.3919 1311.1397 1320.8875 1330.6353 1334.5654 1333.3472 1325.6878 1303.7012 1281.7146 1259.728 1237.7415 1222.6953 1221.547 1227.7109 1233.8748 1240.0388 1246.2027 1255.5729 1273.1153 1292.1285 1311.1417 1330.1548 1341.9633 1326.68 1303.3418 1280.0036 1256.6653 1233.3271
