mean_models/J1_mean__temp2_slide_300.dat.tif
NCOLS 118
NROWS 92
XLLCORNER 139.62
YLLCORNER -39.07
DX 0.099491525
DY 0.099347826
NODATA_VALUE -9999
[rows 0 to 26 of 92, columns 0 to 59 of 118]
-9999 -9999 -9999 -9999 -9999 -9999 -9999 -9999 -9999 -9999 -9999 -9999 -9999 -9999 -9999 -9999 -9999 -9999 -9999 -9999 -9999 -9999 -9999 -9999 -9999 -9999 -9999 -9999 -9999 -9999 -9999 -9999 -9999 -9999 -9999 -9999 -9999 -9999 -9999 -9999 -9999 -9999 -9999 -9999 -9999 -9999 -9999 -9999 -9999 -9999 -9999 -9999 -9999 -9999 -9999 -9999 -9999 -9999 -9999 -9999
-9999 1226.5041 1225.8011 1225.0981 1224.3952 1223.6922 1223.2775 1222.8946 1223.6789 1225.7238 1227.7688 1229.8138 1231.8587 1233.152 1232.9818 1232.8595 1232.7371 1232.6147 1232.4923 1231.7991 1229.7891 1227.779 1225.769 1223.7589 1222.063 1222.4748 1222.3061 1220.7375 1219.1689 1217.6003 1216.0317 1215.0089 1215.0382 1215.0676 1215.0969 1215.1263 1217.2048 1220.7399 1220.392 1221.683 1222.974 1224.265 1225.556 1229.0338 1233.7769 1238.4219 1243.0669 1247.712 1252.357 1262.7306 1271.5207 1280.3107 1289.1008 1297.8909 1302.7208 1297.063 1295.9644 1294.8657 1293.767 1292.6684
-9999 1226.5769 1225.874 1225.171 1224.468 1224.2775 1224.408 1224.0251 1223.0498 1223.0216 1225.0665 1227.1115 1229.1565 1230.4498 1230.2379 1230.0454 1229.9231 1229.8007 1229.6783 1228.9851 1226.9751 1224.965 1222.9549 1221.8204 1222.0721 1222.4839 1223.3247 1223.7038 1222.1352 1220.5666 1218.998 1217.9753 1218.0046 1218.0339 1218.0633 1221.9059 1229.6932 1233.2283 1230.68 1229.5389 1230.8299 1232.1209 1233.4119 1236.8898 1241.9397 1246.758 1251.4031 1256.0481 1260.6931 1271.184 1282.6852 1291.8053 1300.5954 1309.3854 1314.2154 1305.328 1298.3851 1297.2865 1296.1878 1295.0891
-9999 1226.6498 1225.9468 1225.2439 1225.2775 1225.408 1225.5385 1225.1556 1224.1803 1223.2049 1222.3643 1224.4092 1226.4542 1227.7475 1227.5356 1227.3237 1227.1118 1226.9866 1226.8643 1226.1711 1224.161 1222.151 1221.5778 1221.8295 1222.0812 1222.493 1223.3338 1224.1746 1225.0154 1223.533 1221.9644 1220.9416 1220.971 1221.0003 1226.607 1234.3944 1242.1817 1245.7168 1243.1684 1240.6201 1238.6858 1239.9768 1241.2678 1244.7457 1249.7957 1254.8456 1259.7392 1264.3842 1269.0292 1279.5201 1291.0213 1302.5226 1312.0899 1320.88 1325.7099 1316.8225 1307.9351 1299.7072 1298.6086 1297.5099
-9999 1226.7226 1226.1471 1226.2775 1226.408 1226.5385 1226.669 1226.2861 1225.3108 1224.3354 1223.3601 1222.3847 1223.7519 1225.0452 1224.8333 1224.6214 1224.4095 1224.1976 1224.0502 1223.3571 1221.347 1221.3352 1221.5869 1221.8386 1222.0903 1222.5021 1223.3429 1224.1837 1225.0245 1225.8653 1224.9308 1223.908 1223.9373 1231.3082 1239.0955 1246.8828 1254.6701 1258.2052 1255.6568 1253.1085 1250.5601 1248.0118 1249.1238 1252.6016 1257.6516 1262.7016 1267.7516 1272.7203 1277.3653 1287.8562 1299.3575 1310.8587 1322.3599 1332.3745 1337.2045 1328.317 1319.4296 1310.5422 1301.6547 1299.9307
-9999 1227.1471 1227.2776 1227.408 1227.5385 1227.669 1227.7995 1227.4166 1226.4413 1225.4659 1224.4906 1223.5152 1222.5399 1222.343 1222.1311 1221.9192 1221.7072 1221.4953 1221.2834 1220.8409 1221.0926 1221.3443 1221.596 1221.8477 1222.0994 1222.5112 1223.352 1224.1928 1225.0336 1225.8744 1226.7152 1228.222 1236.0093 1243.7966 1251.5839 1259.3712 1267.1586 1270.6936 1268.1453 1265.5969 1263.0486 1260.5002 1257.9519 1260.4575 1265.5075 1270.5575 1275.6075 1280.6575 1285.7015 1296.1923 1307.6936 1319.1948 1330.696 1342.1972 1348.699 1339.8116 1330.9242 1322.0367 1313.1493 1304.2618
-9999 1227.1364 1227.2669 1227.3973 1227.5278 1227.6583 1227.6808 1227.1986 1226.2233 1225.2479 1224.2726 1223.2972 1222.572 1222.236 1222.0608 1221.8488 1221.6369 1221.425 1221.2131 1221.1414 1221.3931 1221.6448 1221.8965 1222.1482 1222.472 1222.7565 1222.7971 1223.6379 1224.4787 1225.3194 1226.1602 1229.3737 1237.161 1244.9484 1252.7357 1260.523 1264.3567 1263.1763 1260.6279 1258.0795 1255.5312 1252.9828 1262.326 1277.7165 1287.3995 1292.4495 1297.4995 1302.5495 1307.5995 1318.15 1329.6513 1341.1525 1352.6537 1353.4651 1327.3605 1318.473 1309.5856 1300.6982 1291.8107 1288.1713
-9999 1226.9449 1227.0753 1227.2058 1227.3363 1227.3039 1227.2491 1226.767 1225.7916 1224.8163 1223.841 1223.2796 1222.8578 1222.5218 1222.3576 1222.1935 1221.9836 1221.7717 1221.5597 1221.488 1221.7397 1221.9915 1222.2432 1222.6202 1223.0656 1223.3501 1223.2034 1223.0566 1223.8344 1224.6752 1225.5159 1228.7294 1236.5168 1244.3041 1252.0914 1253.8941 1253.6698 1252.4894 1249.941 1247.3927 1244.8443 1258.4662 1274.3399 1289.7304 1304.7735 1316.5653 1321.6152 1326.6652 1331.7152 1342.2658 1353.767 1365.2682 1358 1326.9248 1300.8202 1291.9328 1283.0454 1274.1579 1272.1185 1271.6623
-9999 1226.7534 1226.8838 1226.9819 1226.9271 1226.8723 1226.8175 1226.3353 1225.36 1224.4089 1223.9871 1223.5654 1223.1436 1222.8076 1222.6434 1222.4793 1222.3151 1222.1183 1221.9064 1221.8347 1222.0864 1222.3381 1222.7683 1223.2137 1223.6591 1223.9436 1223.7969 1223.6502 1223.5035 1224.0309 1224.8717 1228.0852 1235.8725 1243.6558 1243.4315 1243.2072 1242.983 1241.8025 1239.2542 1238.7327 1254.6064 1270.4801 1286.3538 1301.7443 1316.7874 1331.8306 1345.731 1350.781 1355.8309 1366.3815 1377.8827 1362.5348 1331.4597 1300.3846 1274.28 1265.3926 1256.5219 1256.0657 1255.6094 1255.1532
-9999 1226.5618 1226.6051 1226.5503 1226.4955 1226.4407 1226.3859 1225.9037 1225.1165 1224.6947 1224.2729 1223.8511 1223.4294 1223.0934 1222.9292 1222.7651 1222.6009 1222.4367 1222.2531 1222.1813 1222.4711 1222.9165 1223.3619 1223.8073 1224.2527 1224.5372 1224.3905 1224.2437 1224.097 1223.9503 1224.2274 1227.4409 1233.1932 1232.9689 1232.7446 1232.5204 1232.2961 1231.1157 1234.8729 1250.7466 1266.6203 1282.494 1298.3677 1313.7582 1328.8013 1343.8445 1358.8876 1373.9307 1379.9467 1390.4972 1367.0697 1335.9946 1304.9195 1273.8444 1247.7397 1240.4691 1240.0128 1239.5566 1239.1004 1238.6441
-9999 1226.2471 1226.1923 1226.1375 1226.0827 1226.0279 1225.9731 1225.7441 1225.3223 1224.9006 1224.4788 1224.057 1223.6352 1223.3756 1223.2114 1223.0473 1222.8831 1222.7189 1222.5548 1222.5749 1223.0203 1223.4657 1223.9111 1224.3565 1224.8019 1225.392 1225.2453 1225.0986 1224.9519 1224.8052 1224.6585 1224.4853 1224.261 1224.0367 1223.8124 1223.5882 1223.3639 1230.81 1246.6837 1262.5574 1278.4311 1294.3048 1310.1785 1321.0186 1336.0617 1351.1049 1366.148 1381.1911 1396.2342 1371.9551 1340.8799 1309.8048 1278.7297 1247.6546 1229.2259 1228.7697 1228.3134 1227.8572 1227.401 1226.9447
-9999 1225.9582 1225.9034 1225.8486 1225.7938 1225.739 1225.6636 1225.4262 1225.0044 1224.5826 1224.1609 1223.7391 1223.408 1223.2645 1223.4426 1223.306 1223.1418 1222.9777 1222.8135 1222.8336 1223.279 1223.7244 1224.1698 1224.6152 1224.8797 1225.556 1227.5587 1227.6659 1227.5192 1227.3725 1227.2258 1227.0526 1226.8283 1226.604 1226.3797 1226.1555 1231.0966 1241.2895 1257.1632 1273.0369 1288.9106 1304.7843 1306.9009 1307.9488 1312.169 1327.2121 1342.2552 1357.2984 1372.3415 1348.0623 1316.9872 1285.9121 1254.837 1244.1459 1249.0479 1248.5916 1248.1354 1247.6792 1247.2229 1225.1136
-9999 1225.6692 1225.6144 1225.5596 1225.501 1225.4233 1225.3457 1225.1083 1224.6865 1224.2647 1223.8475 1223.5435 1223.2395 1223.0961 1223.2741 1223.4522 1223.4005 1223.2364 1223.0722 1223.0924 1223.5378 1223.9831 1224.4285 1224.6275 1224.8089 1225.4852 1227.4879 1229.4905 1230.0865 1229.9398 1229.7931 1229.6199 1229.3956 1229.1713 1229.132 1235.3541 1241.5762 1251.7691 1267.6428 1283.5165 1297.1457 1298.5091 1299.8724 1300.9203 1301.7414 1303.3194 1318.3625 1333.4056 1348.4487 1324.1696 1293.0945 1262.0194 1257.5191 1263.9679 1268.8698 1268.4136 1267.9574 1265.6169 1241.4859 1217.3549
-9999 1225.3803 1225.3255 1225.2607 1225.183 1225.1054 1225.0278 1224.7904 1224.3686 1223.9831 1223.6791 1223.3751 1223.071 1222.9276 1223.1057 1223.2838 1223.4618 1223.4951 1223.3309 1223.3511 1223.7965 1224.1939 1224.3753 1224.5568 1224.7382 1225.4144 1227.4171 1229.4197 1231.4224 1232.5071 1232.3604 1232.1872 1231.9629 1233.3894 1239.6115 1245.8336 1252.0557 1262.2486 1278.1223 1288.7539 1290.1172 1291.4806 1292.844 1293.8919 1294.7129 1295.534 1296.3551 1309.5129 1324.556 1300.2768 1269.2017 1270.8922 1277.341 1283.7899 1288.6918 1288.2356 1281.9892 1257.8582 1233.7273 1209.5963
-9999 1225.0914 1225.0204 1224.9428 1224.8651 1224.7875 1224.7099 1224.4725 1224.1186 1223.8146 1223.5106 1223.2066 1222.9026 1222.7591 1222.9372 1223.1153 1223.2934 1223.4715 1223.5896 1223.6098 1223.9417 1224.1232 1224.3046 1224.486 1224.6674 1225.3436 1227.3463 1229.3489 1231.3516 1233.3542 1234.9277 1234.7545 1237.6469 1243.869 1250.0911 1256.3132 1262.5353 1272.7282 1280.362 1281.7254 1283.0888 1284.4522 1285.8156 1286.8634 1287.6845 1288.5056 1289.3266 1290.1477 1300.6633 1277.8165 1284.2653 1290.7142 1297.163 1303.6118 1308.5138 1298.3615 1274.2305 1250.0996 1225.9686 1201.8376
-9999 1225.0823 1225.0047 1224.9271 1224.8494 1224.7718 1224.6942 1224.0773 1223.7733 1223.4693 1223.1653 1222.8612 1222.5572 1222.6924 1222.9128 1223.0909 1223.2689 1223.447 1223.6251 1223.8042 1223.9856 1224.167 1224.3484 1224.5298 1224.7112 1232.2248 1237.0722 1239.0748 1241.0774 1243.0801 1245.0827 1248.5266 1254.7487 1260.9708 1267.1929 1273.415 1279.6371 1275.7666 1277.13 1278.4933 1279.8567 1281.2201 1282.5835 1283.7891 1284.6101 1285.4312 1286.2523 1287.0733 1287.8944 1290.7106 1297.1595 1303.6083 1310.0571 1316.5059 1320.6384 1299.2186 1275.0876 1250.9567 1226.8257 1202.6947
-9999 1225.7689 1225.6913 1225.6136 1225.536 1225.2758 1223.9824 1223.1959 1222.9943 1222.713 1222.4089 1222.1049 1221.8009 1221.9361 1222.9509 1223.4012 1223.5792 1223.7573 1223.9354 1224.1145 1224.2959 1224.4773 1224.6587 1224.8401 1223.823 1230.8923 1259.877 1271.5645 1273.5671 1275.5698 1277.5724 1281.0163 1287.2384 1293.4605 1299.6826 1305.0116 1290.0042 1281.6355 1282.7642 1284.0826 1285.446 1286.8094 1288.1727 1289.4724 1290.7236 1291.5447 1292.3658 1293.1868 1294.0079 1292.9503 1293.9558 1300.4046 1306.8535 1313.3023 1317.4347 1313.5436 1295.9646 1271.8337 1247.7027 1223.5717
-9999 1226.4555 1226.3778 1226.3002 1225.6801 1224.3867 1223.0934 1222.3068 1222.1052 1221.9036 1221.6526 1221.3486 1221.0446 1221.1798 1222.1946 1223.2094 1223.8896 1224.0676 1224.2457 1224.4248 1224.6062 1224.7876 1224.7052 1223.5978 1222.4905 1229.5598 1258.5445 1287.5293 1306.0568 1308.0595 1310.0621 1313.506 1319.7281 1325.9502 1325.8974 1310.89 1295.8827 1287.5139 1288.6426 1289.7713 1291.0352 1292.3986 1293.762 1295.0617 1296.3157 1297.5696 1298.4792 1299.3003 1300.1214 1299.0638 1297.6816 1297.201 1303.6498 1310.0986 1314.2311 1310.3399 1306.4487 1292.7107 1268.5797 1244.4487
-9999 1227.142 1227.0644 1226.0845 1224.7911 1223.4977 1222.2043 1221.4177 1221.2162 1221.0146 1220.813 1220.5923 1220.2883 1220.4235 1221.4383 1222.4531 1223.4679 1224.3779 1224.556 1224.7351 1224.9165 1224.48 1223.3726 1222.2653 1221.1579 1228.2272 1257.212 1286.1967 1315.1815 1340.5492 1342.5518 1345.9957 1352.2178 1346.7832 1331.7758 1316.7685 1301.7611 1293.3923 1294.5211 1295.6498 1296.7785 1297.9879 1299.3513 1300.651 1301.9049 1303.1589 1304.4128 1305.4138 1306.2349 1305.1773 1303.7951 1302.4129 1301.0306 1306.895 1311.0274 1307.1363 1303.2451 1299.3539 1289.4567 1265.3257
-9999 1227.7822 1226.4888 1225.1954 1223.902 1222.6086 1221.3152 1220.5287 1220.3271 1220.1255 1219.9239 1219.7223 1219.5207 1219.6672 1220.682 1221.6968 1222.7116 1223.7264 1224.7412 1225.0454 1224.2548 1223.1474 1222.0401 1220.9328 1219.8254 1226.8947 1255.8795 1284.8642 1313.849 1342.8337 1371.8185 1378.4854 1367.669 1352.6616 1337.6543 1322.6469 1307.6395 1299.2708 1300.3995 1301.5282 1302.6569 1303.7856 1304.9405 1306.2402 1307.4942 1308.7481 1310.0021 1311.256 1312.3483 1311.2908 1309.9086 1308.5264 1307.1441 1305.7619 1307.8238 1303.9326 1300.0414 1296.1502 1292.2591 1286.2027
-9999 1227.1599 1225.8665 1224.5731 1223.2797 1221.9863 1220.6765 1219.8464 1219.6448 1219.4432 1219.2416 1219.04 1218.9349 1221.0491 1223.2635 1224.2783 1225.2931 1226.3079 1227.3228 1227.6959 1226.5885 1225.4812 1224.3738 1223.2665 1222.1592 1221.8274 1241.5123 1270.497 1299.4818 1328.4665 1357.4513 1371.4098 1356.4024 1341.395 1326.3877 1311.3803 1298.3866 1299.4288 1300.5575 1301.6862 1302.8149 1303.9437 1305.0056 1307.5516 1309.0747 1310.3287 1311.5826 1312.8366 1314.0905 1313.0968 1311.7145 1310.3323 1308.9501 1307.5679 1305.3467 1301.4555 1297.5643 1293.6731 1289.782 1284.172
-9999 1226.7388 1225.4454 1224.1521 1222.8587 1221.5247 1220.1501 1219.3201 1219.1185 1218.9169 1218.7153 1219.0076 1220.149 1222.2633 1226.3259 1229.3776 1230.3924 1231.4072 1232.422 1232.7952 1231.6878 1230.5805 1229.4731 1227.729 1224.2899 1223.9543 1231.9369 1246.2976 1275.2823 1304.2671 1333.2518 1347.2103 1332.203 1317.1956 1302.1882 1293.2479 1294.2296 1295.2718 1296.4006 1297.5293 1298.658 1299.6653 1300.559 1303.1051 1306.839 1308.8854 1310.1393 1311.3933 1312.6472 1311.6535 1310.2712 1308.889 1307.4692 1305.6788 1303.4177 1299.5265 1295.6353 1291.7441 1284.942 1274.7686
-9999 1226.3178 1225.0244 1223.731 1222.373 1220.9984 1219.6238 1218.7937 1218.5921 1218.3905 1219.0804 1220.2218 1221.3632 1223.4774 1227.54 1231.6026 1235.4917 1236.5065 1237.5213 1237.8944 1236.7871 1235.6798 1233.295 1229.8559 1226.4168 1226.0812 1234.0638 1242.0464 1251.0829 1280.0677 1309.0524 1323.0109 1308.0035 1292.9961 1288.1091 1289.0909 1290.0727 1291.1149 1292.2436 1293.3723 1294.3251 1295.2188 1296.1125 1298.6585 1302.3924 1306.1263 1308.696 1309.95 1311.2039 1310.2102 1308.8279 1307.3307 1305.5402 1303.7497 1301.4886 1297.5974 1293.7063 1285.712 1275.5386 1265.3653
-9999 1225.8967 1224.5959 1223.2213 1221.8467 1220.4721 1219.0975 1218.2674 1218.0658 1219.1532 1220.2946 1221.4359 1222.5773 1224.6916 1228.7542 1232.8167 1236.8793 1240.9419 1242.6206 1242.9937 1241.8864 1238.8609 1235.4218 1231.9827 1228.5437 1228.2081 1236.1907 1244.1733 1252.1559 1260.1384 1284.853 1298.8114 1283.8041 1282.9704 1283.9522 1284.9339 1285.9157 1286.9579 1288.0866 1288.9848 1289.8785 1290.7722 1291.6659 1294.212 1297.9459 1301.6798 1305.4137 1308.5067 1309.7606 1308.7669 1307.1922 1305.4017 1303.6112 1301.8207 1299.5596 1295.6684 1286.482 1276.3086 1266.1352 1255.9619
-9999 1225.4442 1224.0696 1222.695 1221.3204 1219.9457 1218.5711 1218.0846 1219.226 1220.3673 1221.5087 1222.6501 1223.7915 1225.9058 1229.9683 1234.0309 1238.0935 1242.156 1246.2186 1247.866 1244.4269 1240.9878 1237.5487 1234.1096 1230.6705 1230.335 1238.3176 1246.3002 1254.2827 1262.2653 1270.2479 1276.8499 1277.8317 1278.8134 1279.7952 1280.777 1281.7587 1282.7508 1283.6445 1284.5382 1285.432 1286.3257 1287.2194 1289.7654 1293.4993 1297.2332 1300.9671 1304.701 1308.3173 1307.0536 1305.2631 1303.4726 1301.6821 1299.8916 1297.4253 1287.252 1277.0786 1266.9052 1256.7319 1246.5585
-9999 1232.8632 1231.4886 1230.1139 1228.7393 1227.3647 1222.8481 1218.279 1217.6591 1218.8005 1219.9419 1221.0833 1222.2246 1225.8861 1233.371 1237.4336 1241.4962 1245.5587 1249.6213 1251.4155 1247.9764 1244.5373 1241.0982 1237.6591 1236.6216 1236.3232 1229.705 1237.6876 1245.6702 1253.6528 1261.6354 1267.2267 1268.2085 1269.1903 1270.172 1271.1538 1276.8017 1289.6987 1299.709 1300.6027 1301.4964 1302.3902 1303.2839 1293.6417 1288.2734 1292.0073 1295.7411 1299.475 1303.2089 1317.7177 1318.5747 1316.7842 1314.9938 1313.2033 1309.0042 1296.9966 1286.8233 1276.6499 1266.4765 1256.3032
-9999 1241.8049 1240.4303 1239.0557 1237.6811 1231.479 1224.4102 1219.8411 1218.1569 1216.7007 1217.8421 1218.9834 1220.1248 1223.7863 1232.4945 1241.2026 1245.3183 1249.3809 1253.4435 1255.2376 1251.7985 1248.3595 1244.9204 1245.8153 1249.4096 1249.1111 1238.3792 1227.6473 1234.9994 1242.982 1250.9646 1256.5559 1257.5377 1258.5195 1259.5012 1267.7023 1278.7553 1291.6523 1307.1874 1320.5983 1321.492 1322.3857 1323.2794 1313.6373 1296.421 1286.6319 1290.3658 1294.0997 1297.8336 1312.3424 1328.7134 1333.0168 1331.2263 1329.4359 1325.2368 1312.6948 1300.2377 1290.0644 1279.891 1269.7177
