mean_models/J1_mean_vp_slide_diff2_35.dat.tif
NCOLS 118
NROWS 92
XLLCORNER 139.62
YLLCORNER -39.07
DX 0.099491525
DY 0.099347826
NODATA_VALUE -9999
[rows 0 to 24 of 92, columns 0 to 55 of 118]
-9999 -9999 -9999 -9999 -9999 -9999 -9999 -9999 -9999 -9999 -9999 -9999 -9999 -9999 -9999 -9999 -9999 -9999 -9999 -9999 -9999 -9999 -9999 -9999 -9999 -9999 -9999 -9999 -9999 -9999 -9999 -9999 -9999 -9999 -9999 -9999 -9999 -9999 -9999 -9999 -9999 -9999 -9999 -9999 -9999 -9999 -9999 -9999 -9999 -9999 -9999 -9999 -9999 -9999 -9999 -9999
-9999 0.20494039 0.21746491 0.22998942 0.24251394 0.25503845 0.26890445 0.27829263 0.27229264 0.2610682 0.24984376 0.23861932 0.22739488 0.2149115 0.20948871 0.21505162 0.22061452 0.22617742 0.23174033 0.23641959 0.23906026 0.24170093 0.2443416 0.24698227 0.24871392 0.24653009 0.24787216 0.24771128 0.24755041 0.24738954 0.24722866 0.24506406 0.2390369 0.23300973 0.22698257 0.22095541 0.21653337 0.21622119 0.21227833 0.20601688 0.19975544 0.19349399 0.18723254 0.18793195 0.18720141 0.18441617 0.18163093 0.17884569 0.17606045 0.15980015 0.160444 0.16108785 0.16173171 0.16237556 0.16458933 0.16828527
-9999 0.21124525 0.22376977 0.23629428 0.2488188 0.26372816 0.28013138 0.28951956 0.29081148 0.28817836 0.27695392 0.26572948 0.25450504 0.24202166 0.22701718 0.21648968 0.22205258 0.22761548 0.23317839 0.23785765 0.24049832 0.24313899 0.24577966 0.24588702 0.24198331 0.23979948 0.24222539 0.24415567 0.24399479 0.24383392 0.24367305 0.24150844 0.23548128 0.22945412 0.22342695 0.22038671 0.22043629 0.22012411 0.21929438 0.21647366 0.21021221 0.20395076 0.19768931 0.19838872 0.20409221 0.20493874 0.2021535 0.19936826 0.19658302 0.17944599 0.15982857 0.15800642 0.15865027 0.15929412 0.16150789 0.16915968
-9999 0.21755012 0.23007463 0.24259915 0.25855187 0.27495509 0.2913583 0.30074648 0.3020384 0.30333032 0.30406408 0.29283964 0.2816152 0.26913182 0.25412734 0.23912286 0.22411837 0.22905354 0.23461644 0.23929571 0.24193638 0.24457705 0.24306013 0.23915642 0.2352527 0.23306887 0.23549478 0.23792069 0.24034659 0.2402783 0.24011743 0.23795282 0.23192566 0.2258985 0.22424005 0.22428963 0.22433921 0.22402703 0.2231973 0.22236758 0.22066898 0.21440753 0.20814609 0.2088455 0.21454898 0.22025246 0.22267607 0.21989083 0.21710559 0.19996856 0.18035114 0.16073372 0.15556883 0.15621268 0.15842646 0.16607824
-9999 0.22385498 0.23697236 0.25337558 0.26977879 0.28618201 0.30258523 0.31197341 0.31326533 0.31455725 0.31584917 0.31714109 0.30872536 0.29624198 0.2812375 0.26623302 0.25122853 0.23622405 0.2360545 0.24073377 0.24337444 0.24023324 0.23632952 0.23242581 0.22852209 0.22633827 0.22876417 0.23119008 0.23361599 0.23604189 0.23656181 0.23439721 0.22837004 0.2280934 0.22814298 0.22819255 0.22824213 0.22792995 0.22710022 0.2262705 0.22544077 0.22461105 0.21860286 0.21930227 0.22500575 0.23070923 0.23641272 0.2404134 0.23762816 0.22049113 0.20087371 0.18125629 0.16163887 0.15313124 0.15534502 0.1629968
-9999 0.23179607 0.24819929 0.2646025 0.28100572 0.29740894 0.31381215 0.32320033 0.32449225 0.32578418 0.3270761 0.32836802 0.32965994 0.32335214 0.30834766 0.29334317 0.27833869 0.26333421 0.24832973 0.24131006 0.23740635 0.23350263 0.22959892 0.2256952 0.22179148 0.21960766 0.22203356 0.22445947 0.22688538 0.22931128 0.23173719 0.23189716 0.23194674 0.23199632 0.2320459 0.23209547 0.23214505 0.23183287 0.23100315 0.23017342 0.2293437 0.22851397 0.22768425 0.22975904 0.23546252 0.24116601 0.24686949 0.25257297 0.25815073 0.2410137 0.22139628 0.20177886 0.18216144 0.16254402 0.15226358 0.15991537
-9999 0.24894635 0.26534956 0.28175278 0.298156 0.31455921 0.33175505 0.34187168 0.3431636 0.34445552 0.34574744 0.34703936 0.3431397 0.33199956 0.31851399 0.30350951 0.28850502 0.27350054 0.25849606 0.24684828 0.24294456 0.23904085 0.23513713 0.23123342 0.2251075 0.21814452 0.21928728 0.22171319 0.2241391 0.226565 0.22899091 0.23060514 0.23065472 0.23070429 0.23075387 0.23080345 0.23806784 0.24636081 0.24553108 0.24470136 0.24387163 0.24304191 0.24687041 0.25048618 0.25429823 0.26000171 0.2657052 0.27140868 0.27711216 0.26122602 0.2416086 0.22199118 0.20237376 0.18489506 0.17799648 0.18564827
-9999 0.26703505 0.28343826 0.29984148 0.3162447 0.33384298 0.35160581 0.36172243 0.36301435 0.36430627 0.36559819 0.35829728 0.34809842 0.33695829 0.32393319 0.31090809 0.29598697 0.28098249 0.26597801 0.25433023 0.25042651 0.2465228 0.24261908 0.23485249 0.22497729 0.21801431 0.21885678 0.21969926 0.22202404 0.22444995 0.22687586 0.22849009 0.22853967 0.22858924 0.22863882 0.23960948 0.25427908 0.26257205 0.26174232 0.2609126 0.26008287 0.26558745 0.27197412 0.2755899 0.2772137 0.28016488 0.28586837 0.29157185 0.29727533 0.28138919 0.26177177 0.24215435 0.22629214 0.21519297 0.2082944 0.21594619
-9999 0.28512375 0.30152697 0.31816808 0.33593091 0.35369373 0.37145656 0.38157318 0.3828651 0.38365373 0.37345487 0.36325601 0.35305715 0.34191701 0.32889191 0.31586681 0.30284171 0.28846444 0.27345995 0.26181218 0.25790846 0.25400475 0.24459748 0.23472228 0.22484708 0.2178841 0.21872657 0.21956905 0.22041152 0.2223349 0.22476081 0.22637504 0.22642461 0.22648151 0.24115112 0.25582072 0.27049032 0.27878329 0.27795356 0.27791783 0.2843045 0.29069117 0.29707784 0.30069361 0.30231742 0.30394122 0.30603154 0.31173502 0.3174385 0.30155236 0.28193494 0.26768922 0.25659006 0.24549089 0.23859232 0.2462441
-9999 0.30321245 0.32025601 0.33801884 0.35578166 0.37354449 0.39130731 0.40142393 0.39881131 0.38861245 0.37841359 0.36821473 0.35801587 0.34687574 0.33385064 0.32082554 0.30780044 0.29477534 0.2809419 0.26929413 0.26421766 0.25434247 0.24446727 0.23459207 0.22471687 0.21775389 0.21859636 0.21943884 0.22028131 0.22112378 0.22264575 0.22425998 0.22802315 0.24269275 0.25736236 0.27203196 0.28670156 0.29499453 0.29663488 0.30302155 0.30940822 0.31579489 0.32218156 0.32579733 0.32742113 0.32904494 0.33066875 0.33229255 0.33760167 0.32171553 0.30908631 0.29798714 0.28688797 0.2757888 0.26889023 0.27182133
-9999 0.32154705 0.33930987 0.3570727 0.37483553 0.39259835 0.41036118 0.41381077 0.40361191 0.39341305 0.38321419 0.37301533 0.36281647 0.35021016 0.33718506 0.32415997 0.31113487 0.29810977 0.28508467 0.27301205 0.26313686 0.25326166 0.24338646 0.23351126 0.22363607 0.21836719 0.21920967 0.22005214 0.22089461 0.22173709 0.22257956 0.22814493 0.24281453 0.25748414 0.27215374 0.28682335 0.30149295 0.31332436 0.31971103 0.3260977 0.33248437 0.33887103 0.3452577 0.34527718 0.34690098 0.34852479 0.3501486 0.3517724 0.35339621 0.34417189 0.33307272 0.32197356 0.31087439 0.29977522 0.28942044 0.27245447
-9999 0.33537834 0.35314116 0.37090399 0.38866681 0.40642964 0.41704304 0.41757501 0.40737615 0.39717729 0.38697843 0.37677957 0.36681269 0.35281638 0.33061219 0.31684921 0.30382411 0.29079901 0.27777391 0.26570129 0.2558261 0.2459509 0.2360757 0.22620051 0.22295777 0.22320275 0.22462699 0.22553821 0.22638068 0.22722316 0.22806563 0.233631 0.2483006 0.26297021 0.27763981 0.29230942 0.30978753 0.32311239 0.32949906 0.33588573 0.3422724 0.34865907 0.34975073 0.34100893 0.3295236 0.33114741 0.33277121 0.33439502 0.33601883 0.32679451 0.31569534 0.30459617 0.293497 0.28964906 0.28759368 0.27062771
-9999 0.34920962 0.36697245 0.38473527 0.40114776 0.41097752 0.42080728 0.42133926 0.4111404 0.40094154 0.39075444 0.38085683 0.37095922 0.35696291 0.33475872 0.31255453 0.29651335 0.28348825 0.27046315 0.25839054 0.24851534 0.23864014 0.22876494 0.22792478 0.22772977 0.22797475 0.229399 0.23082325 0.23186675 0.23270923 0.2335517 0.23911707 0.25378667 0.26845628 0.28322642 0.30140099 0.31957557 0.33290043 0.3392871 0.34567377 0.35119655 0.35199832 0.35280008 0.34405829 0.32845575 0.31377002 0.31539383 0.31701764 0.31864144 0.30941713 0.29831796 0.28721879 0.28557308 0.2878223 0.28576692 0.26880095
-9999 0.36304091 0.38080374 0.39508224 0.40491201 0.41474177 0.42457153 0.42510351 0.41490465 0.40479859 0.39490097 0.38500336 0.37510575 0.36110944 0.33890525 0.31670106 0.29449688 0.27617749 0.26315239 0.25107978 0.24120458 0.23308679 0.23289179 0.23269678 0.23250178 0.23274676 0.23417101 0.23559525 0.2370195 0.2381953 0.23903777 0.24460314 0.25927274 0.27483989 0.29301446 0.31118903 0.3293636 0.34268847 0.34907514 0.35344415 0.35424591 0.35504768 0.35584944 0.34710764 0.3315051 0.31590256 0.30030002 0.29964025 0.30126406 0.29203974 0.28094057 0.2814971 0.28374632 0.28599554 0.28394017 0.2669742
-9999 0.3768722 0.38901673 0.39884649 0.40867625 0.41850602 0.42833578 0.42886776 0.41884273 0.40894512 0.3990475 0.38914989 0.37925228 0.36525597 0.34305178 0.32084759 0.29864341 0.27643922 0.25584164 0.24376902 0.2380538 0.2378588 0.2376638 0.23746879 0.23727379 0.23751877 0.23894302 0.24036726 0.24179151 0.24321575 0.24452384 0.25008921 0.26645335 0.28462792 0.3028025 0.32097707 0.33915164 0.35247651 0.35569174 0.3564935 0.35729527 0.35809703 0.3588988 0.350157 0.33455446 0.31895192 0.30334938 0.28774684 0.28388668 0.27517191 0.27742113 0.27967035 0.28191956 0.28416878 0.28211341 0.2615633
-9999 0.37829331 0.38812308 0.39795284 0.4077826 0.41761237 0.42744213 0.43015915 0.42026154 0.41036393 0.40046632 0.3905687 0.38067109 0.36570501 0.3433538 0.32114962 0.29894543 0.27674124 0.25453706 0.23898812 0.23879311 0.23859811 0.23840311 0.2382081 0.2380131 0.2415187 0.24486713 0.24629138 0.24771562 0.24913987 0.25056412 0.25770973 0.2758843 0.29405887 0.31223344 0.33040802 0.34858259 0.35329638 0.35409815 0.35489991 0.35570168 0.35650344 0.35730521 0.3536277 0.33802516 0.32242262 0.30682007 0.29121753 0.27561499 0.27437545 0.27662467 0.27887389 0.28112311 0.28337233 0.282791 0.25912733
-9999 0.3665764 0.37640616 0.38623593 0.39606569 0.40679254 0.42259669 0.42613084 0.41550384 0.40544452 0.39554691 0.38564929 0.37575168 0.3607856 0.33566963 0.3125184 0.29031422 0.26811003 0.24590584 0.2303569 0.2301619 0.2299669 0.22977189 0.22957689 0.22526313 0.22724199 0.24691737 0.25489257 0.25631682 0.25774107 0.25916531 0.26631092 0.2844855 0.30266007 0.32083464 0.33897667 0.35637774 0.36026765 0.34482794 0.34251779 0.34331956 0.34412132 0.34492308 0.34426731 0.34247488 0.32687234 0.3112698 0.29566726 0.28006472 0.27763935 0.27822227 0.28047149 0.28272071 0.28496993 0.28438859 0.27400257
-9999 0.35485949 0.36468925 0.37451901 0.38701427 0.40281842 0.41862257 0.42215672 0.41152972 0.40090272 0.3906275 0.38072989 0.37083227 0.3558662 0.33075022 0.30563425 0.281683 0.25947882 0.23727463 0.22172569 0.22153069 0.22133568 0.22023383 0.21561013 0.21098643 0.21296529 0.23264066 0.25231604 0.26491802 0.26634226 0.26776651 0.27491212 0.29308669 0.31126126 0.32920721 0.34660828 0.36400934 0.36789926 0.35245954 0.33701983 0.33093743 0.3317392 0.33254096 0.33188519 0.33018162 0.32847804 0.31571953 0.30011699 0.28451445 0.28208908 0.28194108 0.28206909 0.28431831 0.28656752 0.28598619 0.27560016
-9999 0.34314257 0.35297234 0.367236 0.38304015 0.39884429 0.41464844 0.41818259 0.40755559 0.39692859 0.38630159 0.37581048 0.36591287 0.35094679 0.32583081 0.30071484 0.27559887 0.25084761 0.22864342 0.21309448 0.21289948 0.21058083 0.20595713 0.20133343 0.19670972 0.19868858 0.21836396 0.23803933 0.25771471 0.27494346 0.27636771 0.28351332 0.30168789 0.31943774 0.33683881 0.35423988 0.37164095 0.37553086 0.36009115 0.34465143 0.32921172 0.31935708 0.32015884 0.31950307 0.3177995 0.31609592 0.31439235 0.30456671 0.28896417 0.2865388 0.28639081 0.28624282 0.28609482 0.28816512 0.28758379 0.27719776
-9999 0.33165358 0.34745773 0.36326188 0.37906602 0.39487017 0.41067432 0.41420847 0.40358147 0.39295447 0.38232747 0.37170047 0.36107347 0.34602738 0.32091141 0.29579543 0.27067946 0.24556349 0.22044752 0.20446327 0.20092783 0.19630413 0.19168042 0.18705672 0.18243302 0.18441188 0.20408725 0.22376263 0.24343801 0.26311338 0.28278876 0.29211451 0.30966828 0.32706935 0.34447042 0.36187148 0.37927255 0.38316246 0.36772275 0.35228304 0.33684333 0.32140361 0.30777672 0.30712095 0.30541738 0.3037138 0.30201023 0.30030665 0.2934139 0.29098853 0.29084054 0.29069254 0.29054455 0.29039656 0.28918139 0.27879536
-9999 0.31563067 0.33143482 0.34723896 0.36304311 0.37884726 0.39274443 0.39124483 0.38061783 0.36999083 0.35936384 0.34873684 0.33806415 0.3303823 0.31495096 0.28983499 0.26471902 0.23960304 0.21448707 0.19556766 0.19094395 0.18632025 0.18169655 0.17707284 0.17244914 0.19004227 0.21318458 0.23285996 0.25253533 0.27221071 0.29188609 0.31078463 0.3281857 0.34558677 0.36298784 0.3803889 0.39640087 0.39379873 0.37835902 0.36291931 0.3474796 0.33203988 0.31768848 0.30353248 0.30027877 0.29857519 0.29687162 0.29516805 0.29346447 0.29308725 0.29293926 0.29279126 0.29264327 0.29249527 0.27615327 0.26576724
-9999 0.29051913 0.30632328 0.32212743 0.33793157 0.34904777 0.35545665 0.35395706 0.34333006 0.33270306 0.32207606 0.31121505 0.29995179 0.29226994 0.29176004 0.28308927 0.2579733 0.23285733 0.20774135 0.18882194 0.18419823 0.17957453 0.17495083 0.1753962 0.18933314 0.20695676 0.23446162 0.25958875 0.27926412 0.2989395 0.31861488 0.33751343 0.35491449 0.37231556 0.38971663 0.40293245 0.40930361 0.40670148 0.39126177 0.37582206 0.36038234 0.3469204 0.33531025 0.32115425 0.30516805 0.29890051 0.29719693 0.29549336 0.29378978 0.29341256 0.29326457 0.29311657 0.29108327 0.27043895 0.25209271 0.24170668
-9999 0.2654076 0.28121174 0.29701589 0.30535111 0.31175999 0.31816888 0.31666928 0.30604228 0.29541528 0.28436594 0.27310269 0.26183943 0.25415757 0.25364768 0.25313779 0.25122758 0.22611161 0.20099564 0.18207622 0.17745252 0.17282881 0.17837376 0.1923107 0.20624764 0.22387126 0.25137611 0.27888097 0.30599292 0.32566829 0.34534367 0.36424222 0.38164329 0.39904435 0.40946402 0.41583519 0.42220636 0.41960423 0.40416451 0.3887248 0.37615231 0.36454217 0.35293202 0.33877601 0.32278982 0.30680363 0.29752224 0.29581867 0.29411509 0.29373787 0.29358988 0.28766702 0.2670227 0.24637839 0.22803214 0.21764612
-9999 0.24029606 0.25524556 0.26165445 0.26806333 0.27447222 0.2808811 0.27938151 0.26875451 0.25751684 0.24625358 0.23499032 0.22372707 0.21604521 0.21553532 0.21502542 0.21451553 0.21400564 0.19424992 0.1753305 0.1707068 0.18135132 0.19528826 0.2092252 0.22316214 0.24078576 0.26829061 0.29579546 0.32330032 0.35080517 0.37207246 0.39097101 0.40837208 0.4159956 0.42236677 0.42873794 0.43510911 0.43250697 0.41706726 0.40538423 0.39377408 0.38216393 0.37055379 0.35639778 0.34041159 0.32442539 0.3084392 0.29614398 0.29444041 0.29406318 0.28425077 0.26360645 0.24296214 0.22231783 0.20397158 0.19358555
-9999 0.2115489 0.21795779 0.22436667 0.23077556 0.23718444 0.24359333 0.24193099 0.23066773 0.21940447 0.20814122 0.19687796 0.1856147 0.17793285 0.17742295 0.17691306 0.17640317 0.17589327 0.17538338 0.17039194 0.18432888 0.19826581 0.21220275 0.22613969 0.24007663 0.25770025 0.28520511 0.31270996 0.34021481 0.36771967 0.39522452 0.41615601 0.42252718 0.42889835 0.43526952 0.44164068 0.44801185 0.44622629 0.43461614 0.423006 0.41139585 0.3997857 0.38817556 0.37401955 0.35803336 0.34204716 0.32606097 0.31007477 0.29476572 0.28083452 0.2601902 0.23954589 0.21890158 0.19825726 0.17990711 0.1694017
