mean_models/J1_mean_vp_slide_diff2_40.dat.tif
NCOLS 118
NROWS 92
XLLCORNER 139.62
YLLCORNER -39.07
DX 0.099491525
DY 0.099347826
NODATA_VALUE -9999
[rows 0 to 24 of 92, columns 56 to 111 of 118]
-9999 -9999 -9999 -9999 -9999 -9999 -9999 -9999 -9999 -9999 -9999 -9999 -9999 -9999 -9999 -9999 -9999 -9999 -9999 -9999 -9999 -9999 -9999 -9999 -9999 -9999 -9999 -9999 -9999 -9999 -9999 -9999 -9999 -9999 -9999 -9999 -9999 -9999 -9999 -9999 -9999 -9999 -9999 -9999 -9999 -9999 -9999 -9999 -9999 -9999 -9999 -9999 -9999 -9999 -9999 -9999
0.29884963 0.29617473 0.29349983 0.29082493 0.28555131 0.28289072 0.28142216 0.27995359 0.27848503 0.27701646 0.27380465 0.27350202 0.27319938 0.27289675 0.27259411 0.27221571 0.27174036 0.27126501 0.27078967 0.27031432 0.2654584 0.2714928 0.26561435 0.2597359 0.25385745 0.24797901 0.24533336 0.24418132 0.24302929 0.24187725 0.24166874 0.2455326 0.24608764 0.24767125 0.24925485 0.25083846 0.25256868 0.25907036 0.26557203 0.2720737 0.27857538 0.27118639 0.26990682 0.26402917 0.25815151 0.25227386 0.24639621 0.25202819 0.25688924 0.26145212 0.266015 0.27057788 0.25834564 0.25110455 0.24493169 0.23875884
0.30296718 0.30029228 0.29761738 0.29494248 0.28966886 0.2826293 0.27904961 0.27758104 0.27611248 0.27464391 0.2708115 0.26699784 0.2666952 0.26639257 0.26608993 0.26571153 0.26523618 0.26476084 0.26428549 0.25854024 0.25248358 0.26238505 0.27003802 0.26415957 0.25828112 0.25240268 0.24975703 0.24860499 0.24745295 0.24803185 0.25455643 0.25842029 0.25748976 0.25778693 0.25937053 0.26095414 0.26268436 0.26918603 0.27568771 0.28218938 0.27347896 0.25830533 0.25813806 0.25905432 0.25317667 0.24729902 0.24142136 0.24705335 0.25817233 0.26329668 0.26785956 0.27242244 0.2601902 0.2389786 0.23113352 0.22496067
0.28941684 0.30440984 0.30173494 0.29906003 0.29378641 0.28674686 0.2797073 0.27520849 0.27373993 0.27227136 0.26843895 0.26452531 0.26061168 0.25988839 0.25958575 0.25920736 0.25873201 0.25803613 0.25180077 0.24556542 0.23950875 0.24941022 0.25931169 0.26858324 0.26270479 0.25682634 0.2541807 0.25302866 0.25439496 0.26091954 0.26744412 0.27130798 0.27037745 0.26944692 0.26948621 0.27106981 0.27280004 0.27930171 0.28580339 0.27577152 0.26059789 0.24542426 0.24525699 0.24668795 0.2481189 0.24232418 0.23644652 0.24207851 0.25319748 0.26431646 0.26970412 0.274267 0.26203476 0.24082316 0.21961157 0.2111625
0.27104722 0.28767492 0.30430262 0.30317759 0.29790397 0.29086441 0.28382485 0.27678529 0.27136738 0.26989881 0.2660664 0.26215276 0.25823913 0.25432549 0.25308158 0.25270318 0.25129666 0.2450613 0.23882595 0.23259059 0.22653392 0.2364354 0.24633687 0.25623834 0.26613981 0.26125001 0.25860437 0.26075807 0.26728265 0.27380723 0.28033181 0.28419567 0.28326514 0.28233461 0.28140408 0.28118549 0.28291572 0.28941739 0.27806408 0.26289045 0.24771682 0.23254319 0.23237592 0.23380688 0.23523784 0.23666879 0.23147168 0.23710367 0.24822264 0.25934162 0.27046059 0.27611155 0.26387931 0.24266772 0.22145613 0.20024453
0.2526776 0.2693053 0.285933 0.3025607 0.30202152 0.29498196 0.2879424 0.28090285 0.27386329 0.26752626 0.26369385 0.25978021 0.25586658 0.25195294 0.24803931 0.24455719 0.23832183 0.23208648 0.22585112 0.21961577 0.2135591 0.22346057 0.23336204 0.24326351 0.25316498 0.26306646 0.26712118 0.27364576 0.28017034 0.28669492 0.2932195 0.29708336 0.29615283 0.2952223 0.29429177 0.29336125 0.2930314 0.28035664 0.26518301 0.25000938 0.23483576 0.21966213 0.21949486 0.22092581 0.22235677 0.22378773 0.22521868 0.23212883 0.2432478 0.25436677 0.26548575 0.27660472 0.26572387 0.24451228 0.22330068 0.20208909
0.26555431 0.28218201 0.29880971 0.30608846 0.29861993 0.28873275 0.2816932 0.27465364 0.26761408 0.26057452 0.25655704 0.25264341 0.24872977 0.24481614 0.24432216 0.24368066 0.23744531 0.23120995 0.2249746 0.21875566 0.22383275 0.22592598 0.23582746 0.24572893 0.2556304 0.26553187 0.27312359 0.27964817 0.28617275 0.29269733 0.2999911 0.29981934 0.28934129 0.28841076 0.28748023 0.28654971 0.28519455 0.27002093 0.2548473 0.23967367 0.22450004 0.22760813 0.22953793 0.23096889 0.23239985 0.2338308 0.23573672 0.24397119 0.25509016 0.26620914 0.27732811 0.27518309 0.25710846 0.23589687 0.21468528 0.19347368
0.28338133 0.30000902 0.30443755 0.30604576 0.29857723 0.28494067 0.2738016 0.26676204 0.25972248 0.25268292 0.24866544 0.24475181 0.24083817 0.24163233 0.24536236 0.24472086 0.2384855 0.23225015 0.22770271 0.23281676 0.23789385 0.23966987 0.24144588 0.25064052 0.26054199 0.27044346 0.27803518 0.28455976 0.29108434 0.29867282 0.30753582 0.30736407 0.29091249 0.2784783 0.27754778 0.27661725 0.2752621 0.26008847 0.24491484 0.22974121 0.23466939 0.24128304 0.24321284 0.2446438 0.24607476 0.24805957 0.25024341 0.25847787 0.26959685 0.28071582 0.27711774 0.26491053 0.2468359 0.2256243 0.20441271 0.20200818
0.30117843 0.30278664 0.30439485 0.30600306 0.29853453 0.28489798 0.27126142 0.25887044 0.25183088 0.24479132 0.24077384 0.23686021 0.23894249 0.24267252 0.24640255 0.24576105 0.23952569 0.23664976 0.24176381 0.24687786 0.25195495 0.25373097 0.25550698 0.257283 0.26545357 0.27535505 0.28294677 0.28947135 0.29735454 0.30621755 0.31508055 0.31490879 0.29845721 0.28200563 0.26761532 0.26668479 0.26532964 0.25015601 0.235117 0.24173065 0.2483443 0.25495795 0.25688776 0.25831871 0.26038242 0.26256626 0.26475009 0.27298456 0.28410353 0.27905239 0.26684518 0.25463796 0.23656333 0.21535174 0.21488247 0.2247379
0.30113574 0.30274395 0.30435216 0.30596036 0.29849183 0.28485528 0.27121872 0.25758216 0.24394561 0.23689972 0.23288224 0.23625266 0.23998269 0.24371271 0.24744274 0.24680124 0.24559682 0.25071086 0.25582491 0.26093896 0.26601605 0.26779206 0.26956808 0.2713441 0.27312012 0.28026663 0.28785836 0.29603626 0.30489927 0.31376227 0.32262528 0.32245352 0.30600194 0.28955036 0.27309878 0.25675233 0.25539718 0.24217826 0.24879191 0.25540556 0.26201922 0.26863287 0.27056267 0.27270526 0.2748891 0.27707294 0.27925678 0.28749124 0.28098704 0.26877982 0.25657261 0.2443654 0.22629077 0.22775676 0.2376122 0.24746763
0.30089322 0.30250142 0.30410963 0.30571784 0.2998164 0.28617984 0.27254328 0.25890672 0.24527017 0.23163361 0.23478672 0.23851675 0.24224678 0.24597681 0.24970683 0.25231914 0.25743319 0.26254724 0.26766129 0.27277533 0.27920486 0.28138655 0.28316257 0.28493859 0.28671461 0.28849062 0.29511405 0.30397705 0.31284006 0.32170306 0.33056607 0.33025076 0.31379918 0.2973476 0.28089602 0.26444444 0.24868049 0.25529414 0.26190779 0.26852144 0.27513509 0.28157434 0.28380481 0.28598865 0.28817249 0.29035633 0.29254017 0.28464977 0.27244256 0.26023534 0.24802813 0.23582092 0.23850435 0.24835979 0.25821522 0.26807065
0.29934111 0.30094932 0.30255753 0.29751801 0.29748612 0.29646503 0.28282847 0.26919191 0.25555536 0.2419188 0.24507191 0.24880194 0.25253197 0.256262 0.25163011 0.24957528 0.25468933 0.25980337 0.26491742 0.27254317 0.28642537 0.29120885 0.29369903 0.29547505 0.29725106 0.29902708 0.3056505 0.31451351 0.32337651 0.33223952 0.33836237 0.33654429 0.3232513 0.30679972 0.29034813 0.27389655 0.25813261 0.26474626 0.27135991 0.27797356 0.28417228 0.28684061 0.28907108 0.29125492 0.29343876 0.29562259 0.29573375 0.28743068 0.27522347 0.26301626 0.25080904 0.24169938 0.24516956 0.25502499 0.26488042 0.27473585
0.29778901 0.29881873 0.29315855 0.28749837 0.28746647 0.29125923 0.29311366 0.27947711 0.26584055 0.25220399 0.2553571 0.25908713 0.26281716 0.25654348 0.24888625 0.24683141 0.25194546 0.25705951 0.2657796 0.27976369 0.29364589 0.29842937 0.30321285 0.30601151 0.30778752 0.30956354 0.31618696 0.32504997 0.33391297 0.33957159 0.34390867 0.34209059 0.32918147 0.31625183 0.29980025 0.28334867 0.26758473 0.27419838 0.28081203 0.28677022 0.28943854 0.29210687 0.29433734 0.29652118 0.29870502 0.29862831 0.29851466 0.29021159 0.27800438 0.26579717 0.25683748 0.24836458 0.25183476 0.26169019 0.27154563 0.27077256
0.29445927 0.28879909 0.28313891 0.27747873 0.27744683 0.28123959 0.28503235 0.28882511 0.27612574 0.26248918 0.2656423 0.26911408 0.26145685 0.25379962 0.24614239 0.24408755 0.2492016 0.25901603 0.27300012 0.2869842 0.30086641 0.30564989 0.31043336 0.31521684 0.31832398 0.3201 0.32672342 0.33558642 0.34078081 0.34511789 0.34945497 0.34763689 0.33472777 0.32181865 0.30890953 0.29280079 0.27703684 0.28365049 0.28936816 0.29203648 0.29470481 0.29737313 0.2996036 0.30163652 0.30152287 0.30140922 0.30129557 0.2929925 0.28078529 0.27197558 0.26350269 0.25502979 0.25849997 0.2683554 0.26707663 0.26434041
0.28443962 0.27877945 0.27311927 0.26745909 0.26742719 0.27121995 0.27501271 0.27880547 0.28259823 0.27277437 0.27402744 0.26637021 0.25871298 0.25105576 0.24339853 0.24134369 0.25225246 0.26623655 0.28022063 0.29420472 0.30808693 0.3128704 0.31765388 0.32243736 0.32722084 0.33063646 0.33725988 0.34199003 0.34632711 0.35066419 0.35500127 0.35318319 0.34027407 0.32736495 0.31445583 0.30154671 0.28648896 0.2919661 0.29463442 0.29730275 0.29997107 0.30263939 0.30453109 0.30441744 0.30430379 0.30419014 0.30407649 0.29577341 0.28711368 0.27864079 0.27016789 0.26169499 0.26516517 0.26338069 0.26064448 0.25790826
0.2833114 0.27765122 0.27199104 0.26633086 0.26252713 0.26631989 0.27011265 0.27390541 0.27769817 0.28149093 0.27190995 0.26425272 0.25659549 0.24893826 0.24128103 0.24311723 0.25710131 0.2710854 0.28506949 0.29905357 0.31108411 0.31610303 0.3208865 0.32566998 0.33045346 0.33523694 0.33971508 0.34405216 0.34838924 0.35272632 0.3570634 0.35732258 0.34441346 0.33150434 0.31859522 0.3056861 0.29324138 0.29590971 0.29857803 0.30124636 0.30391468 0.30544261 0.30359472 0.30348107 0.30336742 0.30325377 0.30314012 0.29666618 0.28819328 0.27972038 0.27124748 0.26277459 0.26217397 0.25943776 0.25670154 0.25396533
0.30284361 0.29718343 0.29152325 0.28586307 0.27955763 0.27331588 0.27710864 0.2809014 0.28469416 0.28848692 0.27487416 0.26359068 0.25593346 0.24827623 0.240619 0.24245519 0.25643928 0.27042336 0.28440745 0.29567884 0.30424137 0.30974325 0.31485271 0.31963619 0.32441966 0.32920314 0.33368129 0.33801837 0.34235545 0.34669253 0.34666869 0.34551999 0.34404921 0.33237458 0.31946546 0.30655634 0.29411163 0.29677995 0.29944828 0.3021166 0.30322989 0.30093475 0.2964669 0.29390711 0.29379346 0.29367981 0.29356616 0.28630953 0.27629395 0.26782105 0.25934815 0.25087525 0.25456897 0.26127886 0.25854265 0.25580643
0.31317044 0.31671563 0.31105545 0.30539528 0.29908983 0.29234591 0.28560198 0.28789739 0.29169015 0.2954829 0.28187015 0.26765933 0.25527142 0.24761419 0.23995696 0.24179315 0.25577724 0.26976132 0.28023929 0.2888361 0.29739863 0.30290051 0.3084024 0.31360239 0.31838587 0.32316935 0.32764749 0.33198457 0.33632165 0.33562896 0.33465902 0.33351032 0.33203953 0.33056875 0.32033571 0.30742659 0.29498187 0.2976502 0.30031852 0.30101717 0.29872203 0.2964269 0.29195905 0.2872598 0.2842195 0.28410585 0.2839922 0.27673557 0.26607366 0.25592171 0.24744882 0.23897592 0.24266963 0.25286811 0.26038375 0.25764754
0.31137351 0.32364046 0.33058766 0.32492748 0.31862204 0.31187811 0.30513418 0.29839026 0.29868613 0.30247889 0.28886614 0.27465531 0.26044449 0.24695215 0.23929492 0.24113111 0.2551152 0.26479975 0.27339655 0.28199336 0.29055589 0.29605777 0.30155965 0.30706154 0.31235207 0.31713555 0.3216137 0.32555919 0.32458924 0.32361929 0.32264934 0.32150065 0.32002986 0.31855908 0.31708829 0.30829683 0.29585212 0.29852044 0.29880444 0.29650931 0.29421418 0.29191905 0.28745119 0.28275194 0.27805269 0.27453189 0.27441824 0.26716161 0.2564997 0.24583779 0.23554948 0.22707659 0.2307703 0.24096878 0.25116726 0.25948864
0.30957659 0.32184354 0.33411049 0.34445969 0.33815424 0.33141032 0.32466639 0.31792246 0.31117854 0.30947488 0.29586213 0.2816513 0.26744048 0.25322965 0.23901882 0.24046908 0.2493602 0.25795701 0.26655381 0.27515062 0.28371315 0.28921503 0.29471691 0.3002188 0.30572068 0.31110176 0.31451946 0.31354952 0.31257957 0.31160962 0.31063967 0.30949097 0.30802019 0.3065494 0.30507862 0.30360783 0.29672236 0.29659172 0.29429659 0.29200146 0.28970632 0.28741119 0.28294334 0.27824409 0.27354483 0.26884558 0.26484428 0.25758765 0.24692574 0.23626383 0.22560192 0.21517725 0.21887097 0.22906945 0.23926793 0.2494664
0.30140934 0.31367629 0.32594324 0.33449238 0.33628538 0.33042351 0.32367958 0.31693566 0.31019173 0.3034478 0.28948502 0.2752742 0.26106337 0.24685254 0.23455256 0.24058606 0.24918287 0.25777967 0.26637648 0.27497328 0.27122495 0.26472131 0.27022319 0.27572507 0.28122695 0.28672884 0.28780407 0.28683412 0.28586418 0.28489423 0.28392428 0.30279327 0.30554925 0.30407847 0.30260768 0.3011369 0.29964153 0.2973464 0.29505127 0.29275614 0.290461 0.28535573 0.28036911 0.27566986 0.27097061 0.26627135 0.26338567 0.25655621 0.2458943 0.23523239 0.22457048 0.2161173 0.22204075 0.23223923 0.24243771 0.25263619
0.28843684 0.30070379 0.30667421 0.30535239 0.3071454 0.31105506 0.3072149 0.30047097 0.29372705 0.28698312 0.27302034 0.25880951 0.24459869 0.23537275 0.23940306 0.24543656 0.25403337 0.26263017 0.27122697 0.2647938 0.25484798 0.24131733 0.232415 0.23791688 0.24341876 0.24892065 0.24999588 0.24902594 0.24805599 0.2499487 0.27191812 0.29081552 0.30417742 0.30880277 0.30733199 0.3058612 0.30436584 0.30207071 0.29977557 0.29748044 0.29192492 0.28424008 0.27925346 0.27455421 0.26985495 0.26758842 0.26879801 0.26196855 0.25130664 0.24064473 0.2327266 0.230654 0.23657745 0.24677593 0.25697441 0.26531993
0.27546434 0.27885604 0.27753422 0.27621241 0.27800541 0.28191507 0.28582474 0.28400629 0.27726236 0.27051844 0.25655566 0.24234483 0.23619294 0.24022325 0.24425356 0.25028706 0.25888386 0.26748067 0.25832251 0.24841684 0.23847102 0.22494036 0.2114097 0.20010869 0.20561058 0.21111246 0.21218769 0.21121775 0.21600153 0.23797095 0.25994036 0.27883776 0.29219966 0.30556156 0.31205629 0.31058551 0.30909015 0.30679501 0.30449988 0.29849411 0.29080927 0.28312442 0.2781378 0.27343855 0.27179118 0.27300076 0.27421035 0.26738089 0.25671898 0.24933591 0.2472633 0.2451907 0.25111416 0.26131263 0.26926539 0.2731589
0.25103787 0.24971605 0.24839424 0.24707242 0.24886543 0.25277509 0.25668475 0.26059441 0.26079768 0.25405375 0.24009098 0.23701312 0.24104344 0.24507375 0.24910406 0.25513756 0.26175689 0.25185122 0.24194555 0.23203988 0.22209406 0.2085634 0.19503274 0.18150208 0.16797142 0.17330427 0.17437951 0.18205436 0.20402377 0.22599319 0.24796261 0.26686001 0.28022191 0.29358381 0.30694571 0.31530981 0.31381445 0.31151932 0.3050633 0.29737845 0.28969361 0.28200877 0.27702215 0.27599393 0.27720352 0.27841311 0.27962269 0.27279323 0.26594522 0.26387261 0.26180001 0.2597274 0.26565086 0.27321086 0.27710436 0.28099786
0.22189788 0.22057607 0.21925425 0.21793243 0.21972544 0.2236351 0.22754476 0.23145443 0.23536409 0.23758907 0.23783331 0.24186362 0.24589393 0.24992425 0.25395456 0.2552856 0.24537993 0.23547426 0.22556859 0.21566291 0.2057171 0.19218644 0.17865578 0.16512512 0.15159446 0.1380638 0.14810718 0.1700766 0.19204602 0.21401544 0.23598486 0.25488226 0.26824416 0.28160605 0.29496795 0.30832985 0.31853876 0.31163248 0.30394764 0.2962628 0.28857796 0.28089311 0.28019669 0.28140627 0.28261586 0.28382545 0.28503504 0.28255453 0.28048192 0.27840931 0.27633671 0.2742641 0.27715632 0.28104983 0.28494333 0.28883683
