mean_models/J1_mean__temp2_slide_140.dat.tif
NCOLS 118
NROWS 92
XLLCORNER 139.62
YLLCORNER -39.07
DX 0.099491525
DY 0.099347826
NODATA_VALUE -9999
[rows 0 to 26 of 92, columns 0 to 59 of 118]
-9999 -9999 -9999 -9999 -9999 -9999 -9999 -9999 -9999 -9999 -9999 -9999 -9999 -9999 -9999 -9999 -9999 -9999 -9999 -9999 -9999 -9999 -9999 -9999 -9999 -9999 -9999 -9999 -9999 -9999 -9999 -9999 -9999 -9999 -9999 -9999 -9999 -9999 -9999 -9999 -9999 -9999 -9999 -9999 -9999 -9999 -9999 -9999 -9999 -9999 -9999 -9999 -9999 -9999 -9999 -9999 -9999 -9999 -9999 -9999
-9999 898.6064 899.36091 900.11541 900.86992 901.62442 903.2482 902.82557 900.89749 900.94251 900.98753 901.03254 901.07756 899.44451 895.27667 892.05547 888.83427 885.61306 882.39186 878.64969 873.70562 868.76155 863.81749 858.87342 855.11374 859.15473 866.48563 876.67525 886.86486 897.05448 907.2441 911.20111 903.14365 895.08618 887.02872 878.97126 873.68494 871.40523 865.50367 861.92678 858.34989 854.773 851.1961 860.05827 871.30632 880.46058 889.61485 898.76912 907.92339 919.03395 934.03905 949.04415 964.04925 979.05435 988.08408 981.12724 980.82131 980.51537 980.20943 979.9035
-9999 905.04207 905.79658 906.55108 907.30559 909.60546 912.87335 912.45072 907.76874 904.56912 904.61414 904.65915 904.70417 903.07112 898.07764 893.46993 890.24873 887.02753 883.80632 880.06415 875.12008 870.17602 865.23195 863.58856 867.17125 871.21224 876.48158 882.69365 892.88327 903.07289 913.26251 917.21952 909.16206 901.10459 893.04713 890.1464 892.58007 890.30036 881.27751 874.25088 870.67399 867.09709 863.5202 872.38237 890.18681 903.04193 912.1962 921.35047 930.50473 941.45318 952.71171 967.26082 982.26592 997.27101 1006.3007 994.63252 985.80112 985.49518 985.18924 984.88331
-9999 911.47774 912.23225 912.98675 915.96272 919.23061 922.4985 922.07586 917.39389 912.71192 908.24075 908.28576 908.33078 906.69772 901.70425 896.71077 891.71729 888.44199 885.22079 881.47862 876.53455 871.59048 872.06339 875.64608 879.22877 883.26976 888.5391 893.80844 899.07778 909.0913 919.28092 923.23793 915.18047 907.123 906.60787 909.04153 911.4752 909.19549 900.17264 891.14979 882.99808 879.42119 875.8443 884.70646 902.51091 920.31535 934.77754 943.93181 953.08608 964.03453 975.29306 986.55159 1000.4826 1015.4877 1024.5174 1012.8492 1001.181 990.47499 990.16905 989.86312
-9999 917.91341 919.05209 922.31998 925.58787 928.85576 932.12365 931.70101 927.01904 922.33707 917.65509 912.97312 911.95739 910.32433 905.33085 900.33738 895.3439 890.35042 886.63525 882.89308 877.94901 880.53821 884.1209 887.70359 891.28628 895.32727 900.59661 905.86595 911.13529 916.40463 925.29933 929.25634 921.19887 923.06933 925.503 927.93666 930.37032 928.09062 919.06777 910.04491 901.02206 891.99921 888.1684 897.03056 914.83501 932.63945 950.4439 966.51316 975.66743 986.61588 997.87441 1009.1329 1020.3915 1033.7043 1042.7341 1031.0659 1019.3976 1007.7294 996.06118 994.84293
-9999 925.40935 928.67724 931.94513 935.21302 938.48091 941.7488 941.32616 936.64419 931.96222 927.28024 922.59827 917.9163 913.95094 908.95746 903.96398 898.97051 893.97703 888.98355 885.43035 889.01304 892.59573 896.17842 899.76111 903.3438 907.38478 912.65413 917.92347 923.19281 928.46215 933.73149 937.09713 939.5308 941.96446 944.39813 946.83179 949.26545 946.98575 937.96289 928.94004 919.91719 910.89434 901.87149 909.35466 927.15911 944.96355 962.768 980.57244 998.24877 1009.1972 1020.4558 1031.7143 1042.9728 1054.2314 1060.9507 1049.2825 1037.6143 1025.9461 1014.2778 1002.6096
-9999 928.20663 931.47452 934.74241 938.01029 941.27818 944.33251 943.71361 939.03164 934.34966 929.66769 924.98572 920.59747 917.22318 914.48268 909.4892 904.49572 899.50224 894.50876 892.10859 895.69128 899.27397 902.85666 906.43935 910.42832 912.87809 911.03071 916.30005 921.5694 926.83874 932.10808 936.40884 938.84251 941.27617 943.70984 946.1435 953.47448 957.03581 948.01296 938.99011 929.96726 920.9444 917.42519 915.61848 923.89416 941.6986 959.50305 977.30749 995.11194 1007.3351 1018.5936 1029.8521 1041.1107 1049.8186 1048.058 1036.3898 1024.7216 1013.0534 1001.3851 996.67486
-9999 929.92217 933.19006 936.45795 939.72584 942.67174 945.5733 944.9544 940.27243 935.59045 930.90848 926.71267 922.68082 919.30652 917.24904 915.19156 910.32173 905.32825 900.33477 897.9346 901.51729 905.09998 908.68267 912.9716 917.64604 920.09582 916.58292 913.07003 917.77854 923.04788 928.31722 932.61798 935.05165 937.48531 939.91898 949.76571 962.12323 965.68457 956.66172 947.63886 938.61601 937.07707 936.5803 934.77358 932.02518 935.96391 953.76835 971.5728 989.37724 1001.6004 1012.8589 1024.1174 1030.8975 1031.9973 1030.2367 1018.5685 1006.9003 995.23206 992.64305 992.15305
-9999 931.63772 934.90561 938.1094 941.01097 943.91253 946.81409 946.19519 941.51322 936.85972 932.82787 928.79601 924.76416 921.38987 919.33238 917.2749 915.21742 911.15426 906.16078 903.76061 907.3433 910.92599 915.51488 920.18932 924.86377 927.31354 923.80065 920.28776 916.77486 919.25702 924.52636 928.82713 931.26079 933.69942 946.05694 958.41447 970.77199 974.33333 965.31047 957.22572 956.72895 956.23217 955.7354 953.92869 951.18028 948.43187 948.03366 965.8381 983.64255 995.86568 1007.1242 1011.9765 1013.0762 1014.176 1012.4154 1000.7472 989.10123 988.61124 988.12124 987.63124
-9999 933.35327 936.44863 939.35019 942.25176 945.15332 948.05489 947.43598 942.97492 938.94307 934.91121 930.87936 926.84751 923.47321 921.41573 919.35825 917.30076 915.24328 911.98679 909.58662 913.38372 918.05816 922.73261 927.40705 932.08149 934.53127 931.01837 927.50548 923.99259 920.47969 920.7355 925.03627 929.99066 942.34818 954.7057 967.06322 979.42075 982.98208 976.87759 976.38082 975.88405 975.38728 974.89051 973.0838 970.33539 967.58698 964.83857 962.09016 977.90785 990.13099 993.05545 994.15519 995.25492 996.35466 994.59411 985.06942 984.57943 984.08943 983.59943 983.10944
-9999 934.25369 937.15525 940.05682 942.95838 945.85994 948.76151 948.0922 944.06035 940.0285 935.99664 931.96479 927.93294 925.1015 923.04402 920.98653 918.92905 916.87156 914.81408 914.79223 919.46667 924.14112 928.81556 933.49 938.16445 942.14738 938.63449 935.12159 931.6087 928.09581 924.58291 926.49083 938.84835 951.20588 963.5634 975.92092 988.27844 994.36555 993.86878 993.37201 992.87524 992.37847 991.8817 988.96275 986.21434 983.46593 980.71752 977.96911 975.2207 975.75338 976.85311 977.95285 979.05259 980.15232 983.02088 982.53089 982.04089 981.55089 981.0609 980.5709
-9999 931.45953 934.36109 937.26266 940.16422 943.06579 944.07795 942.63759 938.60574 934.57389 930.54203 926.51018 922.84004 920.71412 921.46429 919.63251 917.57502 915.51754 913.46005 913.4382 918.11264 922.78709 927.46153 932.13597 936.83678 941.86776 947.75125 945.34862 941.83573 938.32284 934.80994 936.71786 949.07538 961.43291 973.79043 986.14795 993.66297 997.17503 996.67826 996.18148 995.68471 995.18794 988.91248 984.04282 980.6223 977.87389 975.12548 972.37707 969.62866 970.16134 971.26107 972.36081 973.46055 982.04497 993.48014 992.99014 992.50015 992.01015 991.52015 986.96362
-9999 928.66537 931.56694 934.4685 937.01321 937.81827 938.62334 937.18299 933.15113 929.11928 925.10576 921.54364 917.98152 915.8556 916.60577 917.35593 916.22099 914.16351 912.10602 912.08417 916.75862 921.43306 926.1075 930.81785 935.53077 940.56175 946.44524 952.32873 952.06276 948.54987 945.03697 946.94489 959.30242 971.65994 983.84411 990.15828 996.47245 999.9845 999.48773 998.99096 997.55139 990.95956 984.36773 979.49807 975.86646 972.28185 969.53344 966.78503 964.03662 964.5693 965.66903 966.76877 977.62633 992.50422 1003.9394 1003.4494 1002.9594 1002.1155 997.17933 992.24313
-9999 925.87121 928.77278 930.75353 931.5586 932.36366 933.16873 931.72838 927.69652 923.80936 920.24724 916.68512 913.123 910.99708 911.74724 912.49741 913.24758 912.80948 910.75199 910.73014 915.40459 920.08602 924.79893 929.51184 934.22476 939.25574 945.13923 951.02272 956.90621 958.7769 955.264 957.17192 969.52945 980.33941 986.65358 992.96775 999.28192 1002.794 1002.2972 999.59847 993.00664 986.41481 979.82298 974.95332 971.32171 967.69009 964.05848 961.19299 958.44458 958.97725 960.07699 973.2077 988.08559 1002.9635 1014.3986 1013.9087 1012.3312 1007.395 1002.4588 997.52264
-9999 923.07706 924.49385 925.29892 926.10399 926.90905 927.71412 926.27377 922.51296 918.95084 915.38872 911.8266 908.26447 906.13856 906.88872 907.63889 908.38905 909.13922 909.39797 909.37612 914.06709 918.78001 923.49292 928.20583 932.91875 937.94973 943.83322 949.71671 955.6002 961.48369 965.49103 967.39896 976.83471 983.14888 989.46305 995.77722 1002.0914 1005.6034 1001.6455 995.05372 988.46189 981.87006 975.27824 970.40858 966.77696 963.14534 959.51373 955.88211 952.85254 953.91117 968.78906 983.66695 998.54484 1013.4227 1024.8579 1022.547 1017.6108 1012.6746 1007.7384 1002.8021
-9999 918.24289 919.04796 919.85302 920.65809 921.46315 922.26822 920.88083 917.3187 913.75658 910.19446 906.63233 903.07021 901.43326 902.25756 903.00773 903.75789 904.50806 905.25823 907.20667 911.91958 916.63249 921.34541 926.05832 930.77123 940.5373 948.43593 954.31942 960.20291 966.0864 971.96989 978.00049 984.31466 990.62883 996.943 1003.2572 1009.5713 1011.7007 1005.1089 998.51708 991.92525 985.33342 978.74159 973.01564 969.38403 965.75241 962.1208 958.48918 954.85757 966.1333 981.01119 995.88908 1010.767 1025.6449 1032.8848 1026.0356 1021.0994 1016.1632 1011.227 1006.2908
-9999 912.81723 913.6223 914.42736 915.23243 915.66622 913.99867 912.40291 910.88998 907.78218 904.22006 900.65794 897.09581 895.45887 897.6772 898.90487 899.65504 900.40521 901.15537 903.10381 907.81673 912.52964 917.24255 921.95547 925.5565 934.91041 959.90774 972.65184 978.53533 984.41882 990.30231 996.33291 1002.6471 1008.9612 1015.2754 1020.9941 1013.1535 1012.9988 1023.84 1020.5884 1013.9965 1007.4047 1000.8129 994.576 988.60931 984.9777 981.34608 977.71446 974.08285 984.15 997.3296 1012.2075 1027.0854 1041.9633 1049.2032 1029.986 1020.4268 1015.4906 1010.5544 1005.6182
-9999 907.39157 908.19664 909.0017 908.7036 907.03606 905.36852 903.77275 902.25983 900.7469 898.24566 894.68354 891.12142 889.48447 891.7028 893.92113 895.55219 896.30235 897.05252 899.00096 903.71387 908.42679 912.89489 916.41225 919.92961 929.28351 954.28084 979.27817 996.86775 1002.7512 1008.6347 1014.6653 1020.9795 1027.2937 1029.424 1021.5834 1013.7428 1013.5882 1024.4293 1035.2704 1036.0678 1029.476 1022.8842 1016.6473 1010.6656 1004.6839 1000.5714 996.93975 993.30813 1003.3753 1015.8099 1028.5259 1043.4038 1058.2817 1065.5216 1046.3044 1027.0873 1014.818 1009.8818 1004.9456
-9999 901.96591 902.77098 901.74099 900.07345 898.4059 896.73836 895.1426 893.62967 892.11675 890.60383 888.70914 885.14702 883.51007 885.7284 887.94673 890.16506 892.1995 892.94966 894.89811 899.61102 903.75064 907.268 910.78536 914.30271 923.65662 948.65395 973.65128 998.64861 1021.0837 1026.9672 1032.9978 1039.3119 1037.854 1030.0134 1022.1728 1014.3322 1014.1775 1025.0186 1035.8598 1046.7009 1051.5473 1044.9554 1038.7186 1032.7369 1026.7551 1020.7734 1016.165 1012.5334 1022.6006 1035.0352 1047.4699 1059.9046 1074.6001 1081.84 1062.6229 1043.4057 1024.1886 1009.2092 1004.273
-9999 896.44592 894.77838 893.11084 891.44329 889.77575 888.10821 886.51244 884.99952 883.48659 881.97367 880.46075 878.94782 877.53567 879.754 881.97233 884.19066 886.40899 888.62732 890.79525 894.60639 898.12375 901.64111 905.15846 908.67582 918.02973 943.02706 968.02439 993.02172 1018.0191 1043.0164 1051.3302 1046.2839 1038.4433 1030.6027 1022.7621 1014.9215 1014.7668 1025.6079 1036.4491 1047.2902 1058.1314 1067.0267 1060.7898 1054.8081 1048.8264 1042.8447 1036.863 1031.7587 1041.8258 1054.2605 1066.6952 1079.1298 1091.5645 1098.1584 1078.9413 1059.7241 1040.507 1021.2898 1003.6004
-9999 895.2946 893.62706 891.95951 890.29197 888.62443 885.45882 879.90869 878.39577 876.88284 875.36992 873.857 872.61643 875.01537 877.39817 879.6165 881.83483 884.05316 886.27149 888.88262 892.39998 895.91734 899.43469 902.95205 906.46941 919.64026 938.85738 963.85471 988.85204 1013.8494 1038.8467 1052.6277 1044.7871 1036.9464 1029.1058 1021.2652 1014.4684 1019.1918 1030.033 1040.8741 1051.7153 1062.5564 1072.1972 1072.5416 1066.757 1060.7753 1054.7936 1048.8119 1042.8302 1052.551 1064.9857 1077.4204 1089.855 1102.2897 1104.4836 1085.2665 1066.0493 1046.8322 1027.615 1014.6519
-9999 899.7847 898.11715 896.44961 894.78207 889.43181 880.38363 874.8335 873.32057 871.80765 870.29473 870.17699 872.45747 874.85642 877.49261 879.99022 882.20855 884.42687 886.6452 889.25634 892.7737 896.29105 899.80841 906.09351 919.74508 932.93258 944.87628 960.78423 985.78156 1010.7789 1035.7762 1049.5572 1041.7166 1033.876 1026.0354 1021.3395 1021.7867 1026.5102 1037.3513 1048.1924 1059.0336 1067.6933 1074.3105 1074.6549 1070.4899 1065.0887 1059.107 1053.1253 1047.1436 1056.8644 1069.2991 1081.7337 1093.7412 1101.531 1103.2707 1084.0536 1064.8364 1045.6193 1036.9941 1040.6358
-9999 904.2748 902.60725 900.93971 893.4048 884.35661 875.30843 869.7583 868.24538 866.73246 867.73756 870.01804 872.29851 874.69746 877.33365 879.96985 882.58226 884.80059 887.01892 889.63006 893.14741 896.66477 905.73426 919.38583 933.03739 946.22489 958.1686 970.1123 982.71107 1007.7084 1032.7057 1046.4867 1038.6461 1030.8055 1028.2107 1028.6579 1029.1051 1033.8285 1044.6696 1055.5108 1063.1894 1069.8067 1076.4239 1076.7683 1072.6033 1068.4382 1063.4204 1057.4387 1051.457 1061.1778 1073.6125 1084.7384 1092.5283 1100.3181 1102.0578 1082.8407 1063.6235 1059.3362 1062.978 1066.6197
-9999 908.7649 906.42597 897.37779 888.3296 879.28142 870.23324 864.68311 863.17019 865.29813 867.5786 869.85908 872.13956 874.5385 877.1747 879.81089 882.44709 885.08328 887.39264 890.00377 893.52113 905.37502 919.02658 932.67814 946.32971 959.51721 971.46092 983.40462 995.34833 1007.292 1029.6353 1043.4162 1035.5756 1035.0818 1035.529 1035.9762 1036.4234 1041.1468 1051.988 1058.6856 1065.3028 1071.92 1078.5372 1078.8816 1074.7166 1070.5516 1066.3866 1061.7521 1055.7703 1065.4912 1075.7357 1083.5255 1091.3154 1099.1052 1100.8449 1081.6278 1081.6784 1085.3201 1088.9619 1092.6036
-9999 910.39896 901.35078 892.30259 883.25441 874.20623 865.15804 860.57822 862.8587 865.13917 867.41965 869.70012 871.9806 874.37955 877.01574 879.65194 882.28813 884.92432 887.56052 891.3642 905.01577 918.66733 932.3189 945.97046 959.62202 972.80953 984.75323 996.69694 1008.6406 1020.5843 1032.5281 1041.5057 1041.9529 1042.4001 1042.8473 1043.2946 1043.7418 1047.5645 1054.1817 1060.799 1067.4162 1074.0334 1080.6506 1080.995 1076.83 1072.6649 1068.4999 1064.3349 1060.0837 1066.733 1074.5228 1082.3127 1090.1025 1097.8923 1100.3788 1104.0205 1107.6623 1111.304 1114.9458 1118.5875
-9999 919.84178 910.79359 901.74541 892.69723 883.64904 869.10134 856.96106 855.19825 857.47873 859.7592 862.03968 864.32016 868.15145 873.95588 876.59207 879.22827 881.86446 884.50065 890.46773 904.11929 917.77086 931.42242 945.07399 957.25492 972.7707 1000.4058 1012.3495 1024.2932 1036.2369 1048.1806 1056.1975 1056.6447 1057.0919 1057.5391 1057.9863 1058.7298 1058.6587 1060.0801 1066.6973 1073.3145 1079.9317 1086.5489 1092.0956 1091.8156 1087.6506 1083.4855 1079.3205 1075.1555 1067.6032 1073.0712 1080.861 1088.6508 1096.4407 1102.2636 1102.3183 1105.96 1109.6018 1113.2435 1116.8853
-9999 932.06706 923.01887 913.97069 904.92251 887.42466 868.40971 856.26943 852.06338 848.38058 850.66106 852.94153 855.22201 859.0533 865.99018 872.92706 875.61243 878.24862 880.88482 886.85189 900.50346 914.15502 927.80658 938.80416 948.14874 963.66452 995.72069 1027.7769 1040.3981 1052.3418 1064.2855 1072.3024 1072.7496 1073.1968 1073.644 1074.5496 1075.6362 1075.5652 1073.8378 1073.321 1079.9383 1086.5555 1093.1727 1098.7193 1103.4963 1105.1032 1100.9382 1096.7732 1092.6081 1085.0559 1076.9182 1079.3636 1087.1534 1094.9433 1100.7662 1099.7759 1098.9516 1102.5933 1106.2351 1109.8768
