mean_models/J1_mean_vp_slide_diff_140.dat.tif
NCOLS 118
NROWS 92
XLLCORNER 139.62
YLLCORNER -39.07
DX 0.099491525
DY 0.099347826
NODATA_VALUE -9999
[rows 54 to 80 of 92, columns 0 to 59 of 118]
-9999 8.0587987 8.0546968 8.0505948 8.0464928 8.0434884 8.0405759 8.039117 8.0393355 8.0395541 8.0397726 8.0435074 8.0481678 8.0512947 8.0513504 8.0514061 8.0550813 8.0590937 8.063106 8.0671413 8.0712298 8.0753182 8.0794067 8.0772791 8.0723584 8.0705877 8.0772601 8.0839324 8.0877154 8.0911549 8.0945945 8.0944392 8.0873544 8.0802696 8.0731848 8.0683189 8.0640452 8.0609613 8.0595798 8.0581982 8.0568166 8.0567034 8.0567013 8.0564947 8.0561408 8.0553073 8.0532669 8.0512264 8.049186 8.0492057 8.0495814 8.0499572 8.0498072 8.0490899 8.048407 8.0478427 8.0472784 8.0467142 8.0416706 8.0358516
-9999 8.056507 8.0524051 8.0485968 8.0456843 8.0427718 8.0398593 8.0384004 8.0386189 8.0393517 8.0440122 8.0486726 8.0533331 8.0564599 8.0565156 8.0565713 8.0566271 8.0591055 8.0631179 8.0671532 8.0712417 8.0753301 8.0704776 8.0655569 8.0606362 8.0588656 8.0655379 8.0722102 8.0788826 8.0835732 8.0870127 8.0868575 8.0797727 8.072885 8.0686112 8.0643375 8.0600637 8.0569798 8.0555983 8.0544629 8.0544609 8.0544588 8.0544567 8.05425 8.0538962 8.0535424 8.0531092 8.0510687 8.0490283 8.049048 8.0494238 8.049038 8.0483208 8.0476036 8.0469206 8.0463564 8.0454344 8.0396154 8.0337964 8.0279774
-9999 8.0542154 8.0507927 8.0478802 8.0449677 8.0420552 8.0391427 8.0376838 8.0398565 8.044517 8.0491774 8.0538379 8.0584983 8.0616251 8.0616809 8.0617366 8.0617923 8.061848 8.0631298 8.0671651 8.0685967 8.0636761 8.0587554 8.0538347 8.048914 8.0471434 8.0538157 8.0604881 8.0671604 8.0738327 8.079431 8.0792757 8.0731772 8.0689035 8.0646297 8.060356 8.0560822 8.0529984 8.0522204 8.0522183 8.0522162 8.0522142 8.0522121 8.0520054 8.0516516 8.0512978 8.050944 8.0505902 8.0488706 8.0488903 8.0482689 8.0475517 8.0468345 8.0461173 8.0454343 8.0433793 8.0375603 8.0317412 8.0259222 8.0201032
-9999 8.0521624 8.0492499 8.0463374 8.0434249 8.0405124 8.0375999 8.0362737 8.0409341 8.0455946 8.050255 8.0549155 8.0595759 8.0634868 8.0635425 8.0635982 8.063654 8.0637097 8.0637654 8.0623163 8.0573956 8.0524749 8.0475543 8.0426336 8.0377129 8.0356462 8.0423157 8.048988 8.0556604 8.0623327 8.0690051 8.0719386 8.0676648 8.0633911 8.0591173 8.0548436 8.0505698 8.0497149 8.0497128 8.0497107 8.0497087 8.0497066 8.0497046 8.0489466 8.0485928 8.048239 8.0478851 8.0475313 8.0471775 8.0457447 8.0450274 8.0443102 8.043593 8.0428758 8.0418794 8.0362818 8.0304628 8.0246438 8.0188248 8.0130058
-9999 8.0477974 8.044885 8.0419725 8.03906 8.0362157 8.0338514 8.0315721 8.0293912 8.0327112 8.0373716 8.042032 8.0466925 8.0506853 8.0533413 8.0541768 8.0542325 8.0542882 8.0543439 8.0528948 8.0479741 8.0430535 8.0381328 8.0332121 8.0274966 8.0250551 8.0316127 8.0382468 8.0449191 8.0515915 8.0582638 8.0611973 8.0569236 8.0526498 8.0483761 8.0441756 8.0441805 8.0447368 8.046082 8.0463051 8.046303 8.046301 8.0462989 8.0449726 8.0427529 8.0423991 8.0420453 8.0416915 8.0413377 8.0383436 8.0357912 8.035074 8.0343567 8.0336395 8.0326432 8.0306802 8.0260182 8.0201992 8.0143802 8.0085612
-9999 8.0434325 8.0405201 8.0376076 8.0349571 8.0325928 8.0302285 8.0279493 8.0257683 8.0235873 8.0244882 8.0291486 8.0338091 8.0378019 8.0404578 8.0431138 8.044811 8.0448667 8.0449224 8.0434733 8.0385527 8.033632 8.0285039 8.0227047 8.0169055 8.0144639 8.0210216 8.0275793 8.0341779 8.0408502 8.0475225 8.050456 8.0461823 8.0419085 8.0390312 8.039036 8.0390409 8.0395972 8.0409424 8.0422876 8.0428974 8.0428953 8.0428933 8.0415669 8.0392886 8.0370102 8.0362054 8.0358516 8.0354978 8.0325037 8.0290533 8.0258377 8.0251205 8.0244032 8.0234069 8.0214439 8.0194809 8.0157546 8.0099356 8.0041166
-9999 8.0390676 8.0361552 8.0336985 8.0313342 8.0289699 8.0266056 8.0243264 8.0221454 8.0199644 8.0177834 8.0162652 8.0209256 8.0249185 8.0275744 8.0302303 8.0328863 8.0354452 8.0355009 8.0340519 8.0291312 8.0237119 8.0179128 8.0121136 8.0063144 8.0038728 8.0104305 8.0169881 8.0235458 8.0301089 8.0367813 8.0397148 8.035441 8.0338867 8.0338916 8.0338964 8.0339013 8.0344576 8.0358028 8.037148 8.0384932 8.0394897 8.0394876 8.0381613 8.0358829 8.0336046 8.0313262 8.0300117 8.0296579 8.0266638 8.0232134 8.019763 8.0163126 8.015167 8.0141707 8.0122077 8.0102447 8.0082817 8.005491 7.999672
-9999 8.0348043 8.0324399 8.0300756 8.0277113 8.025347 8.0229827 8.0207035 8.0185225 8.0163415 8.0141605 8.0119796 8.0097986 8.0120351 8.014691 8.0173469 8.0200028 8.0226588 8.0253147 8.0246304 8.01892 8.0131208 8.0073216 8.0015224 7.9957232 7.9932816 7.9998393 8.006397 8.0129547 8.0195123 8.02607 8.0289735 8.0287422 8.0287471 8.028752 8.0287569 8.0287617 8.0293181 8.0306632 8.0320084 8.0333536 8.0346988 8.036044 8.0347556 8.0324773 8.0301989 8.0279206 8.0256422 8.023818 8.0208239 8.0173735 8.0139231 8.0104727 8.0070223 8.0049344 8.0029714 8.0010084 7.9990454 7.9970824 7.9951194
-9999 8.0319241 8.0295598 8.0271955 8.0248311 8.0224668 8.0213789 8.0233654 8.0238556 8.0216746 8.0194937 8.0173127 8.0151317 8.0127956 8.0122971 8.0149531 8.017609 8.0202649 8.0229208 8.0230201 8.0172209 8.0114217 8.0056225 7.9998233 7.9951924 7.9944045 7.994811 8.0013687 8.0079263 8.014484 8.0210417 8.0253611 8.025366 8.0253709 8.0253758 8.0253807 8.0266433 8.0266039 8.0245483 8.0258935 8.0272387 8.0285839 8.0299291 8.0303709 8.0287133 8.0264349 8.0241566 8.0218782 8.0195999 8.0242079 8.0208815 8.0174311 8.0139807 8.0105303 8.0053135 7.997333 7.99537 7.993407 7.991444 7.989481
-9999 8.0293669 8.0270026 8.0246382 8.0222739 8.0222932 8.0230603 8.0250468 8.0284408 8.0309023 8.0287213 8.0265403 8.0243593 8.0220232 8.0193764 8.0171206 8.0197765 8.0224325 8.0250884 8.0251876 8.0193884 8.0135892 8.00779 8.0050988 8.0051521 8.0043643 8.0013215 7.9987594 8.005317 8.0118747 8.0184324 8.0227518 8.0227567 8.0227616 8.0227665 8.02523 8.0291184 8.029079 8.0234203 8.0193544 8.0206996 8.0220448 8.02339 8.0238319 8.0236243 8.0225151 8.0202368 8.0179584 8.01568 8.0202881 8.0260863 8.0250041 8.0215537 8.0181033 8.0128864 8.0015508 7.9912961 7.989333 7.98737 7.985407
-9999 8.0268096 8.0244453 8.0224405 8.0232075 8.0239746 8.0247417 8.0267282 8.0301222 8.0335161 8.0369101 8.035768 8.033587 8.0312509 8.0286041 8.0259572 8.0233104 8.0246 8.0272559 8.0273552 8.021556 8.0157568 8.0150051 8.0150585 8.0151119 8.014324 8.0112812 8.0082385 8.0051957 8.0092654 8.0158231 8.0201425 8.0201474 8.0201523 8.0238166 8.027705 8.0315935 8.0315541 8.0258954 8.0202368 8.0145781 8.0155057 8.0168509 8.0172928 8.0170853 8.0168777 8.0163169 8.0140386 8.0117602 8.0163683 8.0221665 8.0279647 8.0291266 8.0256762 8.0204594 8.0091237 7.9977881 7.9864524 7.9832961 7.9813331
-9999 8.0242524 8.0233548 8.0241219 8.024889 8.025656 8.0264231 8.0284096 8.0318036 8.0351975 8.0385915 8.0419855 8.0428146 8.0404785 8.0378317 8.0351849 8.0325381 8.0298913 8.0294235 8.0295227 8.024858 8.0249114 8.0249648 8.0250182 8.0250716 8.0242837 8.021241 8.0181982 8.0151554 8.0121127 8.0132137 8.0175332 8.0185148 8.0224033 8.0262917 8.0301801 8.0340686 8.0340292 8.0283705 8.0227118 8.0170532 8.0113945 8.0103119 8.0107537 8.0105462 8.0103386 8.0101311 8.0099236 8.0078404 8.0124485 8.0182467 8.0240449 8.0298431 8.0332492 8.0280323 8.0166967 8.005361 7.9940254 7.9826898 7.9772592
-9999 8.0238708 8.0246378 8.0254049 8.026172 8.026939 8.0277061 8.0289923 8.0323863 8.0357802 8.0391742 8.0425682 8.0459621 8.0478396 8.0451928 8.042546 8.0398992 8.0372524 8.0346056 8.0327753 8.0328286 8.032882 8.0329354 8.0329888 8.0330422 8.0336269 8.0305841 8.0275413 8.0244986 8.0214558 8.0184131 8.0177378 8.0216262 8.0255147 8.0294031 8.0332915 8.03718 8.0358345 8.0301758 8.0245171 8.0188585 8.0131998 8.0075411 8.0024581 8.0022506 8.0020431 8.0018355 8.001628 8.0014205 8.0063337 8.0121319 8.0179301 8.0237284 8.0295266 8.0308353 8.0194996 8.008164 7.9968283 7.9854927 7.9741571
-9999 8.0231723 8.0239393 8.0247064 8.0254734 8.0261032 8.0237796 8.0241101 8.0275041 8.0308981 8.034292 8.037686 8.0393285 8.0408211 8.0423468 8.040623 8.0379762 8.0353294 8.0326826 8.0308523 8.0309057 8.0309591 8.0310125 8.0310659 8.0298492 8.0300681 8.0348518 8.0338177 8.0307749 8.0277322 8.0246894 8.0240142 8.0279026 8.031791 8.0356794 8.0395679 8.0378554 8.0343083 8.0286496 8.0229909 8.0173323 8.0108576 7.9955128 7.9875763 7.9852184 7.9850109 7.9848033 7.9845958 7.9843883 7.9893015 7.9950997 8.0008979 8.0066962 8.0103822 8.0099128 7.9985772 7.9872415 7.9759059 7.9649585 7.9620516
-9999 8.0224737 8.0232408 8.0240079 8.0235448 8.0212211 8.0188974 8.019228 8.0226219 8.0260159 8.0288981 8.0303742 8.0318502 8.0333428 8.0348685 8.0363942 8.0360533 8.0334065 8.0307597 8.0289294 8.0289828 8.0290362 8.0288475 8.0273633 8.025879 8.0260979 8.0308816 8.0356653 8.0370513 8.0340085 8.0309658 8.0302905 8.0341789 8.0380674 8.0404718 8.0384005 8.0363292 8.0327821 8.0271234 8.0214647 8.0122099 7.996865 7.9815202 7.9735837 7.970973 7.9683623 7.9677711 7.9675636 7.9673561 7.9722693 7.9780675 7.9838657 7.9867922 7.9894598 7.9889904 7.9776548 7.9663191 7.9574169 7.95451 7.9516031
-9999 8.0217752 8.0225423 8.0209863 8.0186626 8.0163389 8.0140152 8.0143458 8.0177398 8.0199438 8.0214199 8.0228959 8.024372 8.0258646 8.0273903 8.028916 8.0304417 8.0314836 8.0288368 8.0270065 8.0270599 8.0263616 8.0248774 8.0233931 8.0219089 8.0221278 8.0269114 8.0316951 8.0364788 8.0402849 8.0372421 8.0365669 8.0404553 8.0410169 8.0389456 8.0368743 8.034803 8.0312559 8.0255972 8.0135621 7.9982173 7.9828724 7.9675276 7.9595911 7.9569804 7.9543697 7.951759 7.9505314 7.9503239 7.9552371 7.9605345 7.9632021 7.9658697 7.9685374 7.968068 7.9567323 7.9498753 7.9469684 7.9440615 7.9411545
-9999 8.0207515 8.0184278 8.0161041 8.0137804 8.0114567 8.009133 8.0094636 8.0109895 8.0124656 8.0139416 8.0154177 8.0168937 8.0183863 8.019912 8.0214377 8.0229634 8.0244891 8.0260149 8.0250835 8.0238757 8.0223915 8.0209072 8.019423 8.0179387 8.0181576 8.0229413 8.027725 8.0325087 8.0372923 8.042076 8.0428432 8.0415619 8.0394907 8.0374194 8.0353481 8.0332768 8.0297297 8.0149144 7.9995695 7.9842247 7.9688798 7.953535 7.9455985 7.9429878 7.9403771 7.9377664 7.9351557 7.9332917 7.9369445 7.9396121 7.9422797 7.9449473 7.9476149 7.9471455 7.9423337 7.9394268 7.9365199 7.9336129 7.930706
-9999 8.0168398 8.0145162 8.0121925 8.0098688 8.0075451 8.0041066 8.005375 8.010052 8.0115281 8.0130042 8.0144802 8.0159563 8.0143909 8.0109998 8.0125255 8.0140512 8.0155769 8.0171026 8.0177182 8.0162339 8.0147497 8.0132654 8.0117812 8.0097128 8.0073588 8.0131285 8.0179122 8.0226959 8.0274796 8.0322633 8.0347055 8.0326342 8.030563 8.0284917 8.0264204 8.0225805 8.0177638 8.0093261 7.9939813 7.9786364 7.9632916 7.9479467 7.9417618 7.9398838 7.9372731 7.9346624 7.9320517 7.929441 7.9271183 7.9297859 7.9324536 7.9351212 7.9377888 7.9407651 7.9419367 7.9390297 7.9361228 7.9332159 7.930309
-9999 8.0134792 8.0111555 8.0088318 8.0065081 8.0018357 7.9963017 7.9975701 8.0066894 8.0143042 8.0157803 8.0172563 8.0187324 8.017167 8.009511 8.0027991 8.0043248 8.0058505 8.0073762 8.0079918 8.0065075 8.0050233 8.003539 7.9999645 7.9943157 7.9919617 7.9984386 8.0047822 8.0095659 8.0143496 8.0191333 8.0215756 8.0195043 8.017433 8.0153617 8.0092636 8.0005305 7.9957138 7.9965003 7.9931646 7.9778197 7.9624749 7.94713 7.9409451 7.9413452 7.9403511 7.9377404 7.9351297 7.932519 7.9299781 7.9274492 7.9289274 7.931595 7.9342626 7.9372389 7.9412845 7.9443394 7.9414325 7.9385256 7.9356186
-9999 8.0101185 8.0077948 8.0050988 7.9995648 7.9940308 7.9884968 7.9897652 7.9988845 8.0080038 8.0171231 8.0200324 8.0215085 8.0199431 8.0122871 8.004631 7.996975 7.9961242 7.9976499 7.9982654 7.9967812 7.9952969 7.9902162 7.9845674 7.9789186 7.9765646 7.9830415 7.9895184 7.9959953 8.0012197 8.0060034 8.0084456 8.0063743 8.0043031 7.9959468 7.9872136 7.9784804 7.9736638 7.9744503 7.9752368 7.9760233 7.9616582 7.9463134 7.9401284 7.9405285 7.9409286 7.9408184 7.9382077 7.935597 7.933056 7.9305272 7.9279983 7.9280688 7.9307365 7.9337128 7.9377583 7.9418039 7.9458495 7.9438353 7.9409283
-9999 8.0067579 8.0028279 7.9972939 7.9917599 7.9862259 7.9806919 7.9819603 7.9910796 8.0001989 8.0093182 8.0184375 8.0242846 8.0227192 8.0150632 8.0074071 7.9997511 7.992095 7.9879235 7.988539 7.9861166 7.9804678 7.974819 7.9691702 7.9635215 7.9611675 7.9676444 7.9741213 7.9805982 7.987075 7.9928734 7.9953157 7.9913631 7.9826299 7.9738967 7.9651636 7.9564304 7.9516138 7.9524003 7.9531868 7.9539733 7.9547598 7.9454967 7.9393118 7.9397118 7.9401119 7.9405119 7.940912 7.9386749 7.936134 7.9336052 7.9310763 7.9285474 7.9272103 7.9301866 7.9342322 7.9382777 7.9423233 7.9463689 7.946238
-9999 8.0026969 7.9971629 7.9916289 7.9860948 7.9805608 7.9750268 7.9741558 7.9832751 7.9923944 8.0015137 8.010633 8.0197523 8.0238422 8.0161862 8.0085301 8.0008741 7.993218 7.985562 7.9785129 7.9728641 7.9672153 7.9615665 7.9559177 7.9502689 7.9481639 7.9545677 7.9610446 7.9675215 7.9739984 7.9804753 7.9817569 7.9730238 7.9642906 7.9555574 7.9468243 7.9380911 7.9371287 7.9379152 7.9387017 7.9394882 7.9402747 7.9410612 7.9408522 7.9412523 7.9416524 7.9420524 7.9424525 7.9428525 7.9378446 7.9353158 7.9327869 7.930258 7.9277292 7.9299148 7.9345617 7.9386073 7.9426529 7.9466984 7.950744
-9999 8.0051318 7.9995978 7.9940638 7.9885298 7.9828078 7.9759106 7.9736484 7.9767356 7.9845915 7.9937108 8.0028301 8.0119494 8.0161344 8.010438 8.0033956 7.9957396 7.9880836 7.9804275 7.9733785 7.9677297 7.9620809 7.9564321 7.9507833 7.9538588 7.955971 7.9534111 7.9567516 7.9632285 7.9697054 7.9761823 7.977464 7.9687308 7.9599976 7.9512645 7.9427178 7.9401619 7.9421607 7.9506756 7.9528527 7.9536392 7.9544257 7.9552122 7.9541153 7.9517154 7.9521155 7.9525156 7.9529156 7.9533157 7.9418737 7.9318503 7.9293215 7.9267926 7.9242637 7.9264493 7.9449652 7.953532 7.9575776 7.9616232 7.9656688
-9999 8.0075667 8.0020327 7.9964987 7.9902528 7.9833556 7.9764584 7.9741961 7.9772833 7.9803705 7.985908 7.9950273 8.0041466 8.0083315 8.0026351 7.9969387 7.9906051 7.9829491 7.9752931 7.968244 7.9625952 7.9569464 7.953955 7.9578105 7.9616659 7.9637782 7.9612182 7.9586583 7.9589356 7.9654125 7.9718894 7.973171 7.9644379 7.9557047 7.949252 7.946696 7.9441401 7.9461389 7.9546538 7.9631688 7.9677902 7.9685767 7.9693632 7.9682663 7.9658155 7.9633647 7.9629787 7.9633787 7.9637788 7.9523369 7.9388483 7.925856 7.9233272 7.9207983 7.9229839 7.9414998 7.9600157 7.9725024 7.9765479 7.9805935
-9999 8.0100017 8.0044676 7.9976978 7.9908005 7.9839033 7.9770061 7.9747439 7.9778311 7.9809183 7.9840054 7.9872244 7.9963437 8.0005286 7.9948323 7.9891359 7.9834395 7.9777431 7.9701586 7.9631095 7.9574607 7.9579067 7.9617622 7.9656176 7.9694731 7.9715854 7.9690254 7.9664654 7.9639055 7.9613455 7.9675964 7.9688781 7.9601449 7.9557861 7.9532302 7.9506742 7.9481183 7.9501171 7.958632 7.967147 7.9756619 7.9827276 7.9835141 7.9824172 7.9799664 7.9775156 7.9750648 7.9738419 7.9742419 7.9628 7.9493114 7.9358229 7.9223343 7.9173329 7.9195185 7.9380344 7.9565503 7.9750662 7.9914727 7.9955183
-9999 8.0120399 8.0051427 7.9982455 7.9913483 7.9844511 7.9775539 7.9752917 7.9783789 7.981466 7.9845532 7.9876404 7.9907275 7.9927258 7.9870294 7.981333 7.9756366 7.9699402 7.9642438 7.9580029 7.9618584 7.9657139 7.9695693 7.9734248 7.9772803 7.9793925 7.9768325 7.9742726 7.9717126 7.9691526 7.9665927 7.9648761 7.9623202 7.9597643 7.9572084 7.9546524 7.9520965 7.9540953 7.9626102 7.9711252 7.9796401 7.988155 7.99667 7.9965682 7.9941174 7.9916666 7.9892158 7.986765 7.9847051 7.9732631 7.9597746 7.946286 7.9327974 7.9193089 7.916053 7.9345689 7.9530848 7.9716008 7.9901167 8.0086326
-9999 8.0014155 7.9945183 7.9876211 7.9807238 7.9738266 7.9736956 7.9765431 7.9778932 7.9809804 7.9840675 7.9871547 7.9902419 7.9898679 7.9829587 7.9772623 7.9715659 7.9658695 7.9601731 7.9573651 7.9612206 7.965076 7.9689315 7.9727869 7.977502 7.98123 7.9782895 7.9757296 7.9731696 7.9706096 7.9680497 7.9654911 7.9629352 7.9603792 7.9578233 7.9552674 7.9545725 7.9558775 7.9597701 7.9682851 7.9768 7.9853149 7.9938299 8.0014245 8.0032039 8.0007531 7.9983023 7.9958515 7.9934007 7.9880932 7.9758486 7.96236 7.9488714 7.9353829 7.9254461 7.9311965 7.9497124 7.9682284 7.9867443 8.0052602
