mean_models/J1_mean_tot_conduct_slide_123.44.dat.tif
NCOLS 118
NROWS 92
XLLCORNER 139.62
YLLCORNER -39.07
DX 0.099491525
DY 0.099347826
NODATA_VALUE -9999
[rows 50 to 74 of 92, columns 0 to 57 of 118]
-2.3559654 -2.3050881 -2.2416524 -2.1898745 -2.1339775 -2.078007 -2.0314003 -1.9986156 -1.9785322 -1.9632174 -1.9708296 -1.9891686 -2.0239877 -2.0720724 -2.1340999 -2.2149854 -2.3147946 -2.3971887 -2.4990142 -2.6064888 -2.7140545 -2.8149994 -2.9373241 -3.0633537 -3.138584 -3.1974145 -3.2298716 -3.2728843 -3.286993 -3.3018913 -3.2759694 -3.2261494 -3.1541562 -3.074038 -2.9559394 -2.7749024 -2.6084068 -2.4275986 -2.2347395 -2.0410107 -1.8671719 -1.7134018 -1.5989298 -1.5247753 -1.4476269 -1.3780908 -1.3804459 -1.3789428 -1.434099 -1.4765314 -1.5655501 -1.6407539 -1.7503703 -1.8559229 -1.9760899 -2.0957182 -2.2279752 -2.3638479
-2.3993895 -2.3436334 -2.278964 -2.2160965 -2.1545065 -2.1008288 -2.056125 -2.027739 -2.0092446 -2.0057851 -2.022047 -2.0472165 -2.0919877 -2.1572957 -2.229252 -2.3149554 -2.4218863 -2.5247973 -2.628391 -2.7238317 -2.8187067 -2.9312787 -3.0755415 -3.1903508 -3.2538449 -3.3032135 -3.3255301 -3.3423691 -3.3532539 -3.3392048 -3.2693752 -3.1736781 -3.0554968 -2.9146516 -2.7104321 -2.4966129 -2.3158778 -2.1329153 -1.9344786 -1.7706786 -1.6031139 -1.4996061 -1.39514 -1.3549709 -1.302607 -1.3240311 -1.3345039 -1.4076073 -1.4652077 -1.5665894 -1.6556081 -1.7716597 -1.8818269 -2.0011838 -2.1178316 -2.2372327 -2.3530311 -2.4740145
-2.4325054 -2.3767494 -2.3120799 -2.2473893 -2.1810617 -2.1273215 -2.0875249 -2.0608549 -2.0513795 -2.0521474 -2.0770203 -2.1091002 -2.1687951 -2.2367739 -2.3213417 -2.4143032 -2.5336931 -2.6440147 -2.7435063 -2.8364259 -2.9110445 -3.010757 -3.1550197 -3.269829 -3.3096256 -3.3429527 -3.3379781 -3.3357459 -3.3158476 -3.2795961 -3.1643954 -3.0412143 -2.8720787 -2.6995664 -2.4744014 -2.2581782 -2.0542205 -1.8613645 -1.6728543 -1.5139709 -1.3882974 -1.2999784 -1.2502326 -1.2311711 -1.2521166 -1.2984833 -1.3770293 -1.4711784 -1.5844251 -1.7000674 -1.8211878 -1.9447695 -2.0672762 -2.1833497 -2.2966577 -2.3961492 -2.4987413 -2.5929964
-2.4638483 -2.4080922 -2.3434227 -2.2777829 -2.2142846 -2.1653946 -2.1285571 -2.1050357 -2.0986803 -2.1031052 -2.1315389 -2.1683652 -2.2320631 -2.3083343 -2.3965646 -2.4939798 -2.617083 -2.7255873 -2.8137862 -2.9012438 -2.9644173 -3.0593834 -3.2018988 -3.3047208 -3.3210169 -3.3405381 -3.311758 -3.2898724 -3.2297896 -3.172786 -3.0175503 -2.8720331 -2.6775565 -2.4898558 -2.2578185 -2.0367046 -1.8391906 -1.6588229 -1.4956324 -1.3675458 -1.2714862 -1.2290453 -1.2101665 -1.2441964 -1.2969627 -1.3988494 -1.4989967 -1.6374222 -1.7632415 -1.9052308 -2.0343224 -2.1501208 -2.2737938 -2.3641889 -2.4671632 -2.5334848 -2.6165178 -2.677712
-2.4918567 -2.4412784 -2.3766089 -2.3137414 -2.2521515 -2.2048919 -2.1700698 -2.1508441 -2.1461064 -2.1601161 -2.1899635 -2.233472 -2.3031161 -2.3842786 -2.4738209 -2.5553336 -2.679404 -2.7851074 -2.8693738 -2.9388992 -2.9979632 -3.0809123 -3.2202004 -3.2699018 -3.2791673 -3.2783029 -3.2437596 -3.2141409 -3.1481223 -3.0486098 -2.8797866 -2.6965304 -2.4925728 -2.276383 -2.0355088 -1.8290687 -1.6350602 -1.4768528 -1.3302337 -1.2458475 -1.1777743 -1.1832913 -1.198215 -1.2788567 -1.3731118 -1.5137135 -1.6550962 -1.8133461 -1.970438 -2.1153395 -2.2619586 -2.3691697 -2.4818288 -2.5572443 -2.6282157 -2.6816997 -2.6968779 -2.7440054
-2.5181789 -2.470434 -2.4157136 -2.3534806 -2.2918906 -2.2453607 -2.2155133 -2.1977754 -2.1977754 -2.2136137 -2.2633595 -2.3129503 -2.3875302 -2.4704327 -2.5699242 -2.6546815 -2.719351 -2.804977 -2.8696465 -2.932276 -2.9670981 -3.0411732 -3.0400136 -3.031467 -3.0264924 -3.0199985 -2.9901511 -2.9624598 -2.947536 -2.8697838 -2.6812735 -2.4910741 -2.2771673 -2.0578178 -1.8326188 -1.6331752 -1.4690142 -1.3231352 -1.22888 -1.1670764 -1.1723128 -1.2030085 -1.2925508 -1.395196 -1.5519379 -1.7095383 -1.893531 -2.0588655 -2.2287423 -2.3679752 -2.5070165 -2.594385 -2.6871476 -2.7258388 -2.7739258 -2.7843986 -2.7826093 -2.7040634
-2.5478021 -2.5018035 -2.4527097 -2.3980965 -2.3388934 -2.2948535 -2.265006 -2.2512138 -2.2538913 -2.2714761 -2.3212218 -2.3795057 -2.4556834 -2.5419037 -2.6383789 -2.7150738 -2.7699307 -2.8346002 -2.8964567 -2.9451601 -2.9772709 -2.99197 -2.9794113 -2.9637206 -2.9562382 -2.9305009 -2.8830279 -2.857083 -2.8283324 -2.7250953 -2.5294401 -2.3150162 -2.0995588 -1.8785954 -1.6626717 -1.4783709 -1.3298006 -1.2178236 -1.1507789 -1.1377503 -1.1786109 -1.2615302 -1.3818319 -1.5640222 -1.7394183 -1.9176252 -2.120665 -2.3021771 -2.4667678 -2.6067723 -2.7062948 -2.7906748 -2.8339447 -2.8685217 -2.8708679 -2.8710505 -2.8248195 -2.7339601
-2.5751675 -2.5453432 -2.500572 -2.4487312 -2.3918789 -2.352339 -2.3224915 -2.3071994 -2.311937 -2.3340847 -2.3838305 -2.443822 -2.5234153 -2.600322 -2.6898644 -2.7620593 -2.8118051 -2.8586059 -2.9133263 -2.9575212 -2.9823941 -2.9941864 -2.9742881 -2.9486822 -2.9333686 -2.9022246 -2.846911 -2.7752797 -2.6988686 -2.5864211 -2.3713604 -2.1582373 -1.9393559 -1.7270678 -1.5280847 -1.3830636 -1.2586992 -1.187574 -1.1561557 -1.1922797 -1.2655892 -1.3959025 -1.5401653 -1.7283555 -1.9378113 -2.1427672 -2.352223 -2.5152511 -2.6775794 -2.7698657 -2.8641209 -2.9015004 -2.9408983 -2.933 -2.9177502 -2.8840433 -2.8187913 -2.7035905
-2.6081632 -2.5828448 -2.5529973 -2.5026123 -2.4504977 -2.413668 -2.3937697 -2.3793551 -2.3793551 -2.4005751 -2.4552954 -2.5166771 -2.5866595 -2.6596172 -2.7392104 -2.8081038 -2.8429259 -2.8849334 -2.92473 -2.9641401 -2.9840384 -2.9941864 -2.969737 -2.942059 -2.907237 -2.8691086 -2.79449 -2.715671 -2.5962811 -2.4672037 -2.2420386 -2.0261718 -1.8172396 -1.6078504 -1.4343406 -1.3029367 -1.228318 -1.1742477 -1.1951933 -1.2499132 -1.3755867 -1.5229459 -1.7169544 -1.9133671 -2.1431302 -2.3420285 -2.5376723 -2.6832566 -2.8166663 -2.8852346 -2.9502223 -2.9704141 -2.9938838 -2.96072 -2.9309966 -2.8629235 -2.7849461 -2.6435634
-2.6071705 -2.5993299 -2.5766205 -2.5337428 -2.490654 -2.4661441 -2.448632 -2.437971 -2.437971 -2.4450049 -2.4788099 -2.5386532 -2.6011543 -2.6475823 -2.7086379 -2.7818074 -2.8323317 -2.8640435 -2.8942663 -2.9250375 -2.9384515 -2.9452693 -2.9063043 -2.838567 -2.8104326 -2.764797 -2.6901784 -2.605153 -2.4892087 -2.3471873 -2.132314 -1.9211893 -1.7274932 -1.5305329 -1.3697567 -1.2742348 -1.2181586 -1.2022454 -1.2465194 -1.3383972 -1.4789055 -1.6538676 -1.8532805 -2.0623686 -2.28937 -2.4599454 -2.6414201 -2.7433514 -2.8614808 -2.8978591 -2.9485333 -2.8808996 -2.8948016 -2.857075 -2.8137447 -2.7385249 -2.6572849 -2.5345054
-2.6010972 -2.6009241 -2.5909749 -2.5715497 -2.5383859 -2.5166151 -2.5016914 -2.4950652 -2.4950652 -2.5020991 -2.5219974 -2.5476947 -2.5924659 -2.6347852 -2.684531 -2.7320103 -2.7917052 -2.8405146 -2.8653874 -2.884378 -2.8943272 -2.8739228 -2.789355 -2.7216177 -2.6967448 -2.6529125 -2.5782581 -2.4932327 -2.3788174 -2.2377815 -2.0283256 -1.8302835 -1.6462242 -1.4821494 -1.3460031 -1.257329 -1.2175324 -1.2289628 -1.2970359 -1.4178755 -1.5802037 -1.7728604 -1.9817926 -2.1916439 -2.4115725 -2.5787135 -2.7192202 -2.7999963 -2.8709141 -2.8964895 -2.9152936 -2.841828 -2.7604973 -2.7218061 -2.6659693 -2.5874234 -2.4880458 -2.3780815
-2.6342132 -2.6369039 -2.6418785 -2.6260656 -2.6023771 -2.5832 -2.5732508 -2.5679203 -2.5679203 -2.5749542 -2.5854009 -2.6073034 -2.6380497 -2.6745243 -2.7150219 -2.7580303 -2.8077761 -2.8537609 -2.8741114 -2.8910012 -2.8920072 -2.8672996 -2.7827318 -2.7149945 -2.6813819 -2.6330429 -2.5484751 -2.4601167 -2.3371651 -2.1914191 -1.9910532 -1.7971676 -1.6271077 -1.468903 -1.3575777 -1.2776497 -1.2627259 -1.2825366 -1.3715553 -1.4985935 -1.6713945 -1.865585 -2.0745172 -2.2776613 -2.4778044 -2.6343618 -2.7390898 -2.811927 -2.8642909 -2.8849513 -2.8954241 -2.8131675 -2.7207582 -2.659845 -2.5864911 -2.4727274 -2.355582 -2.2212427
-2.6596616 -2.6819653 -2.690248 -2.6784496 -2.6590132 -2.6491833 -2.6414899 -2.6361594 -2.6361594 -2.6344009 -2.6357777 -2.6525574 -2.6811067 -2.7059796 -2.7368987 -2.7766953 -2.820421 -2.8592812 -2.8761186 -2.89 -2.89 -2.8652924 -2.7796807 -2.7041637 -2.6661283 -2.6177893 -2.5332215 -2.4382469 -2.3138825 -2.1733997 -1.9810169 -1.7990254 -1.641557 -1.4920276 -1.3868254 -1.3323116 -1.3249433 -1.3549373 -1.4464176 -1.572216 -1.7410395 -1.9234503 -2.1256984 -2.3136105 -2.5047458 -2.6263069 -2.7266477 -2.77948 -2.8299721 -2.8287589 -2.838627 -2.7411168 -2.6461368 -2.5388232 -2.4490465 -2.3079521 -2.1792857 -2.0371992
-2.6826318 -2.712603 -2.7275267 -2.7291176 -2.7149045 -2.7137485 -2.7087739 -2.7061087 -2.7061087 -2.7043502 -2.6993756 -2.715799 -2.7406719 -2.7643056 -2.7891785 -2.8015214 -2.841318 -2.8733392 -2.8882629 -2.8974348 -2.8974348 -2.8700346 -2.7804923 -2.7186057 -2.6788091 -2.6169342 -2.5323664 -2.4373919 -2.3130275 -2.1651098 -1.9765996 -1.8064602 -1.6572229 -1.528682 -1.4344269 -1.3836304 -1.3836304 -1.4224083 -1.5166634 -1.6413537 -1.803682 -1.9731459 -2.1621798 -2.3194656 -2.4922666 -2.6052417 -2.689024 -2.7331612 -2.7684135 -2.7625705 -2.7483365 -2.6477924 -2.5550789 -2.4390054 -2.3062421 -2.1543867 -2.0016988 -1.8550797
-2.7025014 -2.7349451 -2.7647926 -2.7732997 -2.7922505 -2.8000725 -2.8000725 -2.7978731 -2.7931354 -2.7904517 -2.8268354 -2.8615092 -2.8818375 -2.9033926 -2.9282655 -2.9354731 -2.9056256 -2.9197015 -2.9302332 -2.9371739 -2.9328328 -2.9031506 -2.8608013 -2.8245768 -2.7678224 -2.6959622 -2.5914961 -2.4903774 -2.3411865 -2.1783562 -2.007504 -1.8461993 -1.7060341 -1.5816675 -1.5019137 -1.4564855 -1.4564855 -1.4952134 -1.5737594 -1.6909132 -1.8165867 -1.972504 -2.1167667 -2.2502147 -2.3796724 -2.488503 -2.5565761 -2.5951346 -2.6160801 -2.6009288 -2.5695104 -2.496965 -2.4424846 -2.3013985 -2.1472856 -1.9868866 -1.8294959 -1.6923659
-2.7255914 -2.7731606 -2.8045317 -2.8280026 -2.848949 -2.8613986 -2.8613986 -2.8591992 -2.8544615 -2.8637079 -2.9007775 -2.9337436 -2.9513064 -2.9612556 -2.9776423 -2.983244 -2.9505169 -2.9315551 -2.9385738 -2.942506 -2.9345502 -2.9208553 -2.8860332 -2.845601 -2.7889891 -2.7198323 -2.6216338 -2.5080618 -2.3634039 -2.2097841 -2.0517286 -1.8989197 -1.7679907 -1.6488292 -1.5717402 -1.5251457 -1.5203696 -1.5419128 -1.6088029 -1.6978573 -1.8142388 -1.9303026 -2.0637812 -2.1789509 -2.2959897 -2.3723947 -2.4375689 -2.4577383 -2.4772033 -2.440107 -2.4086264 -2.3305447 -2.2749627 -2.1245 -1.9750793 -1.8326257 -1.6900477 -1.5737789
-2.7537649 -2.8051678 -2.8399899 -2.8682968 -2.8919852 -2.9055435 -2.9055435 -2.9033441 -2.8986064 -2.9078528 -2.9426748 -2.9689587 -2.9789079 -2.9844223 -2.9943714 -2.9876498 -2.9528277 -2.9293377 -2.9343123 -2.9336654 -2.9237163 -2.9065002 -2.8716782 -2.8323546 -2.7776343 -2.7143178 -2.6198008 -2.5169024 -2.3776142 -2.2407117 -2.0888562 -1.9497168 -1.8253524 -1.7179048 -1.6445953 -1.5946746 -1.5847255 -1.5948694 -1.6472333 -1.7143718 -1.8138633 -1.9125925 -2.0220332 -2.1159871 -2.2102423 -2.2730179 -2.3253818 -2.338492 -2.3437284 -2.3020997 -2.2549722 -2.172173 -2.087318 -1.9436312 -1.8051518 -1.6742419 -1.5631853 -1.4636938
-2.7802576 -2.8316606 -2.8664826 -2.8952938 -2.92372 -2.9386594 -2.9386594 -2.9364601 -2.9317224 -2.9409687 -2.9757908 -3.0020747 -2.9987816 -2.9971205 -3.0020951 -2.9932785 -2.9485073 -2.9222681 -2.9222681 -2.9200235 -2.9050998 -2.8866306 -2.8518086 -2.8127789 -2.7630332 -2.7015574 -2.6169896 -2.5174788 -2.3931144 -2.2616167 -2.1359432 -2.0044737 -1.895033 -1.7907599 -1.712747 -1.658929 -1.6390307 -1.6426267 -1.6688087 -1.722094 -1.7807474 -1.8684592 -1.9491781 -2.0315059 -2.0976481 -2.1531922 -2.1929181 -2.1973784 -2.191395 -2.1430543 -2.0893925 -2.0027645 -1.9151151 -1.7990416 -1.6730742 -1.5735827 -1.4752951 -1.4229311
-2.7767862 -2.8320229 -2.8645534 -2.8935692 -2.9033437 -2.8933841 -2.8933841 -2.8911847 -2.886447 -2.8956934 -2.9316035 -2.9560315 -2.9500197 -2.9450408 -2.9480426 -2.9510976 -2.9420653 -2.9112899 -2.9095204 -2.898067 -2.8839772 -2.8667611 -2.8295899 -2.7798441 -2.7308306 -2.6793009 -2.6037432 -2.5087687 -2.3900787 -2.2989066 -2.1741403 -2.0574592 -1.9500761 -1.8575249 -1.7776524 -1.7208058 -1.6966262 -1.6869021 -1.7061009 -1.7376085 -1.7796787 -1.8353433 -1.8990146 -1.9390638 -1.9953572 -2.040598 -2.0616996 -2.0562045 -2.0385648 -1.9863659 -1.936878 -1.85025 -1.7690426 -1.6533651 -1.5667408 -1.4741301 -1.4217661 -1.3793007
-2.7712866 -2.8197277 -2.8495752 -2.8508669 -2.8319162 -2.8209783 -2.8209783 -2.8187789 -2.8140412 -2.8250461 -2.8648427 -2.887563 -2.8776139 -2.867365 -2.8623904 -2.8634889 -2.8833873 -2.893955 -2.8840059 -2.8721002 -2.8621511 -2.8405748 -2.790829 -2.7434641 -2.6986929 -2.6491197 -2.5794757 -2.5101647 -2.4305715 -2.3446281 -2.224191 -2.1128648 -2.0133732 -1.9190869 -1.8353046 -1.7721656 -1.7373436 -1.7150891 -1.7203255 -1.728552 -1.7494975 -1.7796564 -1.8244276 -1.8615421 -1.8981969 -1.9152992 -1.925772 -1.912293 -1.8913474 -1.8490563 -1.8019287 -1.7290888 -1.651316 -1.5723796 -1.5021824 -1.4498185 -1.4155126 -1.4050399
-2.784533 -2.8329741 -2.8628215 -2.8637395 -2.840051 -2.8276014 -2.8276014 -2.8254021 -2.8206644 -2.8316692 -2.8714659 -2.8941862 -2.8799534 -2.8666864 -2.8567373 -2.8556104 -2.8655596 -2.8740855 -2.8641363 -2.8511787 -2.8312804 -2.8074589 -2.7617425 -2.7169713 -2.6722001 -2.6233739 -2.5636789 -2.4978861 -2.4332166 -2.3526014 -2.2531099 -2.1474225 -2.0578801 -1.9654492 -1.8862398 -1.8240319 -1.7842353 -1.7567472 -1.741038 -1.7401772 -1.7362512 -1.7565768 -1.7780653 -1.8089754 -1.831965 -1.8439855 -1.8462938 -1.8328147 -1.8118691 -1.7730645 -1.7290736 -1.6720709 -1.6049537 -1.5496806 -1.4901049 -1.4691593 -1.4453434 -1.4610525
-2.7957734 -2.8422976 -2.872145 -2.8706644 -2.846976 -2.8345264 -2.8345264 -2.8301277 -2.823063 -2.8340678 -2.8738644 -2.8948771 -2.8799534 -2.8650297 -2.8522109 -2.8454736 -2.8495818 -2.8517556 -2.8388351 -2.8258775 -2.8059792 -2.7788139 -2.7330884 -2.6875502 -2.6490267 -2.6015522 -2.545032 -2.4879387 -2.4329459 -2.3647896 -2.2781405 -2.1854455 -2.1015577 -2.0156589 -1.9386108 -1.8773341 -1.8351085 -1.8009132 -1.7804598 -1.7621235 -1.7511893 -1.7549426 -1.771678 -1.7830464 -1.7995519 -1.8029016 -1.8018944 -1.7859265 -1.7649809 -1.7351058 -1.6933379 -1.6502133 -1.5934247 -1.5555228 -1.5114589 -1.5005734 -1.4960863 -1.5204371
-2.7940769 -2.8386842 -2.8685317 -2.8655366 -2.8418481 -2.8187971 -2.8187971 -2.8143984 -2.804923 -2.8128649 -2.8526615 -2.8721597 -2.857236 -2.8423123 -2.8273885 -2.8066812 -2.8066812 -2.8020159 -2.7870922 -2.7706642 -2.7507659 -2.7236618 -2.673916 -2.6329213 -2.5980993 -2.5676579 -2.5137516 -2.4603321 -2.4105863 -2.3596617 -2.2811158 -2.2097846 -2.1301914 -2.0587382 -1.9854286 -1.9256664 -1.8808952 -1.8468008 -1.8206189 -1.797064 -1.7761184 -1.7749768 -1.7849259 -1.7860754 -1.7913118 -1.7895098 -1.7845435 -1.7685756 -1.7483729 -1.7192694 -1.6890667 -1.648072 -1.6094998 -1.5763359 -1.5524574 -1.547221 -1.55502 -1.5864384
-2.7544469 -2.7978456 -2.8227184 -2.8128037 -2.7559514 -2.7255746 -2.7206 -2.7157354 -2.7109977 -2.7201403 -2.7550661 -2.7728119 -2.7578882 -2.7429644 -2.7328098 -2.713225 -2.6734284 -2.6563058 -2.641382 -2.6249541 -2.6096723 -2.5845748 -2.548526 -2.5137039 -2.4879115 -2.4616869 -2.4318395 -2.387477 -2.3553837 -2.3132994 -2.2582028 -2.1965382 -2.1361906 -2.0719846 -2.0037841 -1.9460062 -1.9111842 -1.8799168 -1.8537348 -1.8309447 -1.8152355 -1.8114681 -1.8064936 -1.804413 -1.8045581 -1.804413 -1.804413 -1.7905748 -1.7748656 -1.7483646 -1.7221826 -1.6873384 -1.6558621 -1.6303954 -1.6120661 -1.6113768 -1.6212519 -1.6576902
-2.7422367 -2.7800485 -2.8049213 -2.7819704 -2.7251181 -2.692879 -2.6879044 -2.6830398 -2.6783021 -2.68579 -2.7176096 -2.7353554 -2.7218747 -2.7119256 -2.7019764 -2.6823917 -2.6425951 -2.612129 -2.600411 -2.5854873 -2.5705636 -2.5498263 -2.5150042 -2.4843898 -2.4628753 -2.4380024 -2.4115641 -2.3843183 -2.3613909 -2.3285172 -2.2830434 -2.2332728 -2.1827631 -2.1202921 -2.0539512 -2.0050239 -1.9728653 -1.9415979 -1.915416 -1.8944882 -1.878779 -1.8694246 -1.8644501 -1.8623696 -1.8623696 -1.8588504 -1.8576087 -1.8496248 -1.8346845 -1.8100457 -1.7838638 -1.7575051 -1.7262124 -1.6995259 -1.6811965 -1.6776087 -1.6874838 -1.7210236
