mean_models/J1_mean__temp2_slide_30.dat.tif
NCOLS 118
NROWS 92
XLLCORNER 139.62
YLLCORNER -39.07
DX 0.099491525
DY 0.099347826
NODATA_VALUE -9999
[rows 54 to 80 of 92, columns 0 to 59 of 118]
-9999 378.06441 378.22344 378.38246 378.54148 381.39833 384.48094 387.54348 390.58286 393.62225 396.66163 394.91228 391.90225 391.70309 397.13284 402.56259 398.85977 394.30637 389.75298 384.4407 377.37763 370.31456 363.25149 360.24198 359.05389 356.34093 349.54093 342.74094 341.92214 341.81422 341.7063 344.27555 352.00553 359.73552 367.46551 372.27041 376.29475 379.59358 381.85444 384.1153 386.37616 386.79413 387.05058 387.67166 388.55486 389.60612 391.08017 392.55421 394.02826 392.90485 391.33253 389.76021 387.51698 384.55 381.74441 379.49785 377.2513 375.00475 380.19876 386.68081
-9999 378.44129 378.60031 379.48132 382.56392 385.64653 388.72914 391.79168 394.83106 397.17007 394.16004 391.15002 388.13999 387.94083 393.37058 398.80033 404.23008 403.5468 398.99341 393.68112 386.61805 379.55498 378.32245 377.13435 375.94626 373.2333 366.4333 359.63331 352.83332 350.13568 350.02776 352.59701 360.32699 367.79715 371.8215 375.84585 379.8702 383.16902 385.42988 387.33303 387.58947 387.84592 388.10237 388.72345 389.60665 390.48986 391.40089 392.87493 394.34898 393.22557 391.65325 389.10929 386.14231 383.17533 380.36974 378.12318 376.47076 382.95281 389.43486 395.91691
-9999 378.81816 380.64691 383.72952 386.81212 389.89473 392.97734 396.03988 396.41784 393.40781 390.39779 387.38776 384.37773 384.17857 389.60832 395.03807 400.46782 405.89757 408.23383 402.92155 397.59101 396.40291 395.21482 394.02672 392.83863 390.12567 383.32567 376.52568 369.72569 362.92569 358.34922 360.91847 367.34825 371.37259 375.39694 379.42129 383.44564 386.74446 388.12837 388.38482 388.64127 388.89771 389.15416 389.77524 390.65844 391.54165 392.42486 393.30806 394.6697 393.54629 390.70159 387.73461 384.76763 381.80066 378.99507 379.22482 385.70687 392.18892 398.67097 405.15302
-9999 382.38138 385.46399 388.5466 391.6292 394.71181 397.79442 398.44467 395.43464 392.42462 389.41459 386.40457 383.39454 380.84088 386.27063 391.70038 397.13013 402.55988 407.98963 411.41824 410.23014 409.04205 407.85395 406.66586 405.47776 405.64332 398.89106 392.09107 385.29107 378.49108 371.69109 368.58834 372.61268 376.63703 380.66138 384.68573 388.71008 388.73776 388.9942 389.25065 389.5071 389.76355 390.02 391.27232 392.15553 393.03873 393.92194 394.80515 395.68835 394.73923 391.77225 388.80527 385.83829 382.87132 380.68243 386.82141 393.30346 399.78551 406.26756 412.74961
-9999 389.14145 392.22406 395.30667 398.38927 401.31303 403.11856 403.88111 403.43992 400.93321 397.92318 394.91315 391.90313 389.10337 386.7247 389.81277 395.24252 400.67227 406.10202 409.53063 408.34253 407.15444 405.96635 404.77825 410.65639 414.15522 409.28098 403.12419 396.3242 389.52421 382.72422 379.62146 383.64581 387.67016 391.69451 395.65237 395.79739 394.15865 389.968 389.48136 389.73781 389.99426 390.2507 392.1538 395.1735 396.0567 396.93991 397.82311 398.70632 400.70122 401.19484 398.22786 395.26088 392.2939 390.10502 390.61136 395.30035 401.7824 408.26446 414.74651
-9999 395.90152 398.98413 402.06673 404.53892 406.34445 408.14997 408.91252 408.47133 408.03014 406.43177 403.42174 400.41172 397.61196 395.23329 392.85461 393.35491 398.78466 404.21441 407.64302 406.45493 405.26683 405.92265 412.54547 419.16829 422.66712 417.79288 412.91864 407.35733 400.55734 393.75734 390.65459 394.67894 398.70329 401.46159 401.60661 401.75164 400.1129 395.92225 391.7316 389.96852 390.22496 390.48141 392.38451 395.47137 398.55822 399.95787 400.84108 401.72428 403.71919 405.90623 407.65045 404.68347 401.71649 399.52761 400.03395 400.54029 403.7793 410.26135 416.7434
-9999 402.66159 405.74419 407.76481 409.57034 411.37586 413.18139 413.94394 413.50275 413.06156 412.62037 411.93033 408.92031 406.12055 403.74187 401.3632 398.98452 396.89705 402.3268 405.75541 404.56732 407.81173 414.43455 421.05737 427.68019 431.17902 426.30478 421.43054 416.5563 411.59046 404.79047 401.68772 405.71207 407.27082 407.41584 407.56086 407.70588 406.06715 401.87649 397.68584 393.49519 390.45567 390.71212 392.61522 395.70207 398.78893 401.87578 403.85904 404.74225 406.73715 408.92419 411.11123 413.29827 411.13908 408.9502 409.45654 409.96288 410.46922 412.25824 418.74029
-9999 409.18517 410.9907 412.79623 414.60175 416.40728 418.21281 418.97535 418.53416 418.09298 417.65179 417.2106 416.76941 414.62914 412.25046 409.87179 407.49311 405.11443 402.73576 403.8678 409.70081 416.32363 422.94645 429.56927 436.19209 439.69092 434.81668 429.94244 425.0682 420.19396 415.31971 412.72085 413.08004 413.22506 413.37008 413.51511 413.66013 412.02139 407.83074 403.64009 399.44944 395.25879 391.06813 392.84593 395.93278 399.01964 402.10649 405.19335 407.76022 409.75512 411.94216 414.12919 416.31623 418.50327 418.37279 418.87913 419.38547 419.89181 420.39815 420.90449
-9999 410.59615 412.40168 414.2072 416.01273 417.81826 419.20862 417.63818 415.35228 414.91109 414.4699 414.02872 413.58753 413.84802 413.87515 411.49647 409.11779 406.73912 404.36044 404.70368 411.3265 417.94932 424.57214 431.19496 436.32752 436.44855 436.42929 431.55505 426.6808 421.80656 416.93232 413.77249 413.91752 414.06254 414.20756 414.35258 413.96104 415.44601 416.09296 411.90231 407.71166 403.521 399.33035 397.48631 399.60083 402.68768 405.77454 408.86139 411.94825 405.87724 407.93235 410.11939 412.30643 414.49346 417.39173 421.01545 421.52179 422.02814 422.53448 423.04082
-9999 410.43278 412.23831 414.04383 415.84936 416.87956 417.66652 416.09608 411.8049 408.15765 407.71646 407.27527 406.83408 407.09458 408.76023 410.12768 407.749 405.37032 402.99165 403.33489 409.95771 416.58053 423.20335 425.86189 425.01953 425.14056 427.84369 430.16749 425.29325 420.419 415.54476 412.38494 412.52996 412.67498 412.82 411.91616 410.40439 411.88936 417.66158 421.16815 416.9775 412.78684 408.59619 406.75215 406.59506 407.85046 410.93731 414.02417 417.11102 411.04001 403.38627 403.05355 405.24059 407.42763 410.32589 415.68777 420.48968 420.99602 421.50236 422.0087
-9999 410.26941 412.07493 413.76354 414.5505 415.33746 416.12442 414.55398 410.2628 405.97162 401.68043 400.52183 400.08064 400.34113 402.00679 403.67244 405.3381 404.00153 401.62285 401.9661 408.58891 415.21173 415.39627 414.5539 413.71154 413.83256 416.5357 419.23883 421.94197 419.03145 414.1572 410.99738 411.1424 411.28742 409.87127 408.3595 406.84774 408.33271 414.10493 419.87716 425.64938 422.05268 417.86203 416.01799 415.8609 415.70381 416.10009 419.18694 422.2738 416.20279 408.54905 400.89531 398.17475 400.36179 403.26005 408.62194 413.98382 419.3457 420.47025 420.97659
-9999 410.10604 411.43448 412.22144 413.0084 413.79536 414.58232 413.01188 408.7207 404.42952 400.13833 395.84715 393.32719 393.58769 395.25334 396.919 398.58465 400.25031 400.25406 400.5973 405.773 404.93064 404.08828 403.24591 402.40355 402.52457 405.22771 407.93084 410.63398 413.33711 412.76965 409.60982 409.33815 407.82638 406.31462 404.80285 403.29109 404.77606 410.54828 416.3205 422.09273 427.86495 427.12787 425.28383 425.12674 424.96965 424.81256 424.65547 427.43658 421.36556 413.71182 406.05808 398.40434 393.29595 396.19422 401.5561 406.91798 412.27986 417.64175 419.94448
-9999 409.31256 410.09952 410.88648 411.67344 412.4604 413.24737 412.27377 407.98259 403.69141 399.40022 395.10904 390.81786 387.77904 389.44469 391.11035 392.776 394.44165 396.10731 397.01458 396.17221 395.32985 394.48749 393.64513 392.80277 392.18041 394.88354 397.58668 400.28981 402.99295 405.69608 406.95954 405.44778 403.93601 402.42425 400.91248 399.40072 401.83732 407.60954 413.38176 419.15399 424.92621 430.69844 433.04831 432.89122 432.73413 432.57704 432.41995 432.26286 425.71382 418.06008 410.40633 402.75259 395.09885 392.41603 397.77791 403.1398 408.50168 413.86356 419.22544
-9999 409.00789 409.79485 410.58181 411.36878 412.27272 415.69376 415.53459 411.24341 406.95222 402.66104 398.36986 393.24456 389.54419 388.85604 390.00096 391.66662 393.33227 394.99792 395.90519 395.06283 394.22047 393.37811 392.53575 391.77009 391.0114 390.22812 392.03645 394.73958 397.44272 400.14585 401.40931 399.89755 398.38578 396.87402 395.36225 397.93125 401.97199 407.74421 413.51644 419.28866 424.91999 429.01973 431.70767 433.18816 433.03107 432.87398 432.71689 432.5598 426.01076 418.35702 410.70327 403.04953 402.06156 404.99015 410.35204 415.71392 421.0758 426.0968 424.05811
-9999 408.70322 409.49019 410.27715 412.11249 415.53353 418.95457 418.79541 414.50422 410.21304 405.67814 400.47359 395.26904 391.56868 390.88053 390.19238 390.55723 392.22289 393.88854 394.79581 393.95345 393.11108 392.28334 391.53384 390.78433 390.02565 389.24237 388.45908 389.18935 391.89248 394.59562 395.85908 394.34731 392.83555 392.40502 395.23547 398.06592 402.10666 407.87888 413.65111 418.80239 422.90212 427.00186 429.68981 431.36284 433.03587 433.17092 433.01383 432.85673 426.3077 418.65395 411.00021 412.40956 414.63568 417.56428 422.92616 428.28804 431.51332 429.47463 427.43594
-9999 408.39856 409.18552 411.95227 415.37331 418.79435 422.21539 422.05622 417.76504 412.90718 407.70263 402.49808 397.29353 393.59317 392.90502 392.21687 391.52872 391.1135 392.77916 393.68642 392.84406 392.04709 391.29759 390.54809 389.79858 389.0399 388.25662 387.47333 386.69005 386.34225 389.04539 390.30885 388.79708 389.70925 392.5397 395.37015 398.20059 402.24133 408.01356 412.68479 416.78452 420.88426 424.984 427.67194 429.34497 431.018 432.69103 433.31077 433.15367 426.60464 420.53143 422.75756 424.98368 427.2098 430.1384 435.50028 436.92983 434.89114 432.85245 430.81377
-9999 408.371 411.79204 415.21308 418.63412 422.05516 425.47621 425.31704 420.13621 414.93167 409.72712 404.52257 399.31802 395.61766 394.92951 394.24136 393.55321 392.86506 392.17691 392.57704 391.81084 391.06134 390.31184 389.56233 388.81283 388.05415 387.27086 386.48758 385.70429 384.92101 384.13772 384.75862 387.01347 389.84392 392.67437 395.50482 398.33527 402.376 406.56718 410.66692 414.76666 418.8664 422.96613 425.65408 427.32711 429.00014 430.67316 432.34619 433.45061 430.87943 433.10556 435.33168 437.5578 439.78393 442.71252 442.34634 440.30766 438.26897 436.23028 434.19159
-9999 411.8512 415.27224 418.69328 422.11432 425.53536 428.58628 431.58277 430.12277 424.91822 419.71367 414.50912 409.30457 404.88903 403.05098 402.36283 401.67468 400.98653 400.29838 399.59168 398.84217 398.09267 397.34317 396.59367 395.53319 393.84469 394.52903 393.74574 392.96246 392.17917 391.39589 391.84694 394.67739 397.50784 400.33829 403.16874 405.45704 409.71398 416.0058 420.10554 424.20528 428.30501 432.40475 433.37809 434.33392 436.00695 437.67997 439.353 441.02603 446.09789 448.32402 450.55014 452.77626 455.00238 454.3603 447.31273 445.27404 443.23535 441.19667 439.15798
-9999 415.45594 418.87698 422.29802 425.71906 428.36031 430.71548 433.71197 437.44861 439.42526 434.22071 429.01616 423.81161 419.39607 416.56056 413.94588 413.25773 412.56958 411.88143 411.17473 410.42523 409.67572 408.92622 407.06393 404.09742 402.40893 404.14581 405.68442 404.90113 404.11785 403.33456 403.78561 406.61606 409.44651 412.27696 413.87304 414.66139 418.91833 428.13759 436.04861 440.14834 444.24808 448.34782 449.32116 448.04697 448.13754 449.81057 451.4836 453.15663 458.38014 464.21727 467.26993 469.49605 471.72217 471.08009 460.5029 451.14234 449.10365 447.06496 445.02627
-9999 419.06069 422.48173 425.77916 428.13434 430.48951 432.84469 435.84118 439.57782 443.31446 447.0511 443.5232 438.31865 433.90311 431.0676 428.2321 425.39659 424.15264 423.46449 422.75778 422.00828 421.25878 418.59467 415.62816 412.66166 410.97316 412.71005 414.44693 416.18382 416.05652 415.27324 415.72429 418.55473 421.38518 422.28905 423.07739 423.86574 428.12268 437.34194 446.5612 455.78047 460.19115 464.29089 465.26422 463.99003 462.71584 461.94116 463.61419 465.28722 470.51073 476.34787 482.185 486.21584 488.44196 487.79988 477.22268 466.64549 456.0683 452.93326 450.89457
-9999 422.66543 425.55319 427.90836 430.26354 432.61872 434.97389 437.97038 441.70702 445.44366 449.1803 452.91694 452.82569 448.41015 445.57465 442.73914 439.90363 437.06812 435.04754 434.34084 433.09191 430.12541 427.1589 424.1924 421.22589 419.53739 421.27428 423.01117 424.74805 426.48494 427.21191 427.66296 429.91671 430.70506 431.4934 432.28175 433.07009 437.32703 446.54629 455.76555 464.98482 474.20408 480.23395 481.20729 479.9331 478.65891 477.38472 476.11053 477.41782 482.64133 488.47846 494.31559 500.15273 505.16175 504.51967 493.94247 483.36528 472.78809 462.21089 456.76286
-9999 424.63291 426.98808 429.34326 431.69844 434.05361 436.40879 438.13155 441.86819 445.60483 449.34147 453.07811 456.81475 459.94886 457.11335 454.27784 451.44234 448.60683 445.77132 442.8962 439.92969 436.96319 433.99668 431.03018 428.06367 428.00458 429.73212 431.469 433.20589 434.94277 436.67966 438.09255 438.8809 439.66924 440.45759 441.24593 442.03427 444.95096 454.17022 463.38948 472.60875 481.82801 491.04727 492.44189 491.1677 489.89351 488.61932 487.34513 486.07094 488.38749 494.22462 500.06175 505.89888 511.73601 516.93654 506.92342 496.34622 485.76903 475.19184 464.61464
-9999 423.4396 425.79478 428.14996 430.50513 432.834 434.99835 435.93724 435.4618 438.31631 442.05295 445.78959 449.52623 452.93072 455.67006 454.5804 451.7449 448.90939 446.07388 443.19876 440.23225 437.26575 434.29924 431.33274 434.63583 437.60745 438.18838 439.52408 441.26096 442.99785 444.73474 446.14763 446.93597 447.72432 448.51266 449.18133 446.00603 447.58422 455.96295 465.03098 474.25024 483.4695 492.68877 492.10188 484.57913 483.30494 482.03075 480.75656 479.48237 476.33312 475.8035 481.64063 487.47776 493.3149 498.51542 501.51083 495.17437 484.59718 474.01998 463.44279
-9999 422.2463 424.60148 426.95665 429.21217 431.37652 433.54087 434.47976 434.00432 433.52888 434.76444 438.50108 442.23772 445.6422 448.38154 451.12087 452.04746 449.21195 446.37644 443.50132 440.53481 437.56831 436.51152 440.37511 444.2387 447.21032 447.79125 448.37218 449.31604 451.05293 452.78981 454.20271 454.99105 455.7794 455.1045 451.9292 448.7539 450.33209 458.71082 467.08956 475.89174 485.111 494.33026 493.74337 486.10696 478.47055 475.44219 474.168 472.89381 469.74455 466.27123 463.21951 469.05664 474.89378 480.0943 483.08971 486.08512 483.42532 472.84813 462.27094
-9999 421.053 423.40817 425.59035 427.75469 429.91904 432.08339 433.02228 432.54685 432.07141 431.59597 431.21256 434.9492 438.35369 441.09302 443.83235 446.57169 449.31102 446.679 443.80388 440.83737 442.2508 446.11439 449.97798 453.84157 456.81319 457.39412 457.97505 458.55598 459.13691 460.84489 462.25778 463.04613 461.02767 457.85237 454.67707 451.50177 453.07997 461.4587 469.83743 478.21616 486.7525 495.97176 495.38487 487.74846 480.11205 472.47564 467.57943 466.30524 463.15598 459.68266 456.20934 452.73602 456.47266 461.67318 464.66859 467.664 470.6594 471.67628 461.09909
-9999 419.80417 421.96852 424.13287 426.29722 428.46157 430.62591 431.56481 431.08937 430.61393 430.13849 429.66305 429.18761 431.06517 433.8045 436.54384 439.28317 442.0225 444.76184 444.1265 447.99009 451.85368 455.71726 459.58085 463.44444 466.41606 466.99699 467.57792 468.15885 468.73978 469.32071 470.12613 466.95083 463.77554 460.60024 457.42494 454.24964 455.82784 464.20657 472.5853 480.96403 489.34276 497.72149 497.02637 489.38996 481.75354 474.11713 466.48072 459.71667 456.56741 453.09409 449.62077 446.14745 442.67413 443.25207 446.24747 449.24288 452.23828 455.23369 458.22909
-9999 420.23522 422.39957 424.56392 426.72827 428.89262 429.47949 429.40996 429.59193 429.11649 428.64105 428.16561 427.69018 427.81268 429.48196 432.22129 434.96062 437.69996 440.43929 443.51858 447.38217 451.24576 455.10934 458.97293 462.08096 463.39686 463.6216 464.20253 464.78346 465.36439 465.94532 465.24324 462.06794 458.89265 455.71735 452.54205 450.16764 450.32727 454.97647 463.3552 471.73393 480.11266 488.49139 490.4125 484.9919 477.35549 469.71908 462.08267 454.44626 454.91456 452.30574 448.83242 445.3591 441.88578 439.70238 442.13606 445.13147 448.12687 451.12228 454.11768
