mean_models/J1_mean__temp2_slide_80.dat.tif
NCOLS 118
NROWS 92
XLLCORNER 139.62
YLLCORNER -39.07
DX 0.099491525
DY 0.099347826
NODATA_VALUE -9999
[rows 54 to 80 of 92, columns 0 to 59 of 118]
-9999 862.68624 865.27922 867.87219 870.46517 877.25938 884.40515 891.29698 897.89571 904.49445 911.09318 907.78804 901.87564 901.78393 913.34849 924.91305 918.23978 909.8679 901.49602 890.50005 873.45019 856.40033 839.35046 832.70876 830.7438 825.17089 809.92778 794.68466 791.53115 789.8145 788.09785 792.76518 809.73877 826.71236 843.68595 853.7642 862.00243 868.23259 871.58992 874.94724 878.30456 877.59635 876.53179 877.35914 879.54655 881.87487 884.55765 887.24043 889.92321 889.35693 888.22912 887.10131 884.1818 879.32946 874.85593 871.69459 868.53324 865.3719 878.82968 895.16442
-9999 863.90044 866.49342 870.21072 877.35649 884.50227 891.64804 898.53987 905.1386 910.28885 904.37644 898.46403 892.55163 892.45992 904.02448 915.58904 927.15361 926.51039 918.13851 907.14254 890.09268 873.04282 870.96375 868.99879 867.03383 861.46092 846.21781 830.9747 815.73158 808.78043 807.06378 811.73111 828.7047 845.0658 853.30403 861.54227 869.7805 876.01066 879.36799 881.93617 880.87161 879.80705 878.74249 879.56984 881.75726 883.94468 886.15542 888.8382 891.52098 890.9547 889.82689 886.10425 881.2519 876.39956 871.92603 868.76469 866.9304 883.26513 899.59986 915.93459
-9999 865.11465 870.30783 877.45361 884.59938 891.74516 898.89093 905.78276 906.87724 900.96484 895.05243 889.14002 883.22762 883.13591 894.70047 906.26503 917.8296 929.39416 934.781 923.78503 911.18369 909.21874 907.25378 905.28882 903.32386 897.75096 882.50784 867.26473 852.02162 836.7785 826.02971 830.69704 844.60563 852.84387 861.0821 869.32034 877.55857 883.78873 885.21143 884.14688 883.08232 882.01776 880.9532 881.78055 883.96796 886.15538 888.3428 890.53022 893.11875 892.55247 888.02669 883.17435 878.32201 873.46966 868.99614 871.36584 887.70057 904.0353 920.37003 936.70477
-9999 872.177 879.32277 886.46855 893.61432 900.7601 907.90587 909.67311 903.76071 897.8483 891.9359 886.02349 880.11108 875.51397 887.07853 898.6431 910.20766 921.77222 933.33679 940.81023 938.84527 936.88031 934.91535 932.9504 930.98544 931.40744 916.34652 901.1034 885.86029 870.61718 855.37406 848.15141 856.38965 864.62788 872.86612 881.10435 889.34259 888.30193 887.23737 886.17281 885.10825 884.04369 882.97913 885.02978 887.21719 889.40461 891.59203 893.77945 895.96686 895.42069 890.56835 885.71601 880.86366 876.01132 872.75099 888.27735 904.61208 920.94681 937.28154 953.61627
-9999 887.24431 894.39008 901.53586 908.68163 915.32868 918.46478 920.29661 920.62314 915.93314 910.02073 904.10833 898.19592 893.1279 889.75083 896.83453 908.39909 919.96365 931.52822 939.00165 937.0367 935.07174 933.10678 931.14182 941.17078 947.25055 939.35767 926.56956 911.32645 896.08334 880.84022 873.61757 881.85581 890.09404 898.33228 906.41698 905.69727 900.88996 890.23476 887.56765 886.50309 885.43853 884.37397 887.68575 894.01347 896.20089 898.3883 900.57572 902.76314 908.85153 911.79788 906.94553 902.09319 897.24085 893.98051 896.23471 908.34446 924.6792 941.01393 957.34866
-9999 902.31162 909.4574 916.60317 921.83241 924.96851 928.10461 929.93644 930.26297 930.5895 928.10557 922.19316 916.28076 911.21274 907.83567 904.45859 906.59052 918.15508 929.71964 937.19308 935.22812 933.26317 934.42799 945.72094 957.01389 963.09366 955.20078 947.30789 936.79261 921.5495 906.30638 899.08373 907.32197 915.5602 920.87495 920.15524 919.43553 914.62822 903.97302 893.31782 887.89793 886.83338 885.76882 889.08059 895.53847 901.99634 905.18458 907.372 909.55941 915.6478 922.41038 928.17506 923.32272 918.47037 915.21004 917.46423 919.71843 928.41158 944.74632 961.08105
-9999 917.37893 924.52471 928.33613 931.47224 934.60834 937.74444 939.57627 939.9028 940.22933 940.55586 940.278 934.36559 929.29758 925.9205 922.54343 919.16636 916.34651 927.91107 935.38451 933.41955 938.97815 950.2711 961.56405 972.857 978.93677 971.04388 963.151 955.25812 947.01566 931.77254 924.54989 932.78813 935.33292 934.61321 933.8935 933.17379 928.36648 917.71128 907.05608 896.40088 888.22822 887.16366 890.47544 896.93331 903.39118 909.84906 914.16827 916.35569 922.44407 929.20666 935.96924 942.73182 939.6999 936.43957 938.69376 940.94795 943.20215 948.4787 964.81344
-9999 931.70376 934.83986 937.97596 941.11207 944.24817 947.38427 949.2161 949.54263 949.86916 950.19569 950.52221 950.84874 947.38241 944.00534 940.62827 937.25119 933.87412 930.49704 933.57594 943.5283 954.82125 966.11421 977.40716 988.70011 994.77987 986.88699 978.99411 971.10123 963.20835 955.31546 950.01605 949.79089 949.07118 948.35147 947.63176 946.91205 942.10474 931.44954 920.79434 910.13914 899.48394 888.82874 891.87028 898.32815 904.78603 911.2439 917.70177 923.15196 929.24035 936.00293 942.76551 949.52809 956.29067 957.66909 959.92329 962.17748 964.43167 966.68587 968.94006
-9999 934.42029 937.55639 940.6925 943.8286 946.9647 948.61685 944.7285 941.16428 941.49081 941.81734 942.14387 942.4704 944.6033 946.6557 943.27862 939.90155 936.52448 933.1474 934.20632 945.49927 956.79223 968.08518 979.37813 988.44437 989.79274 989.8984 982.00552 974.11263 966.21975 958.32687 952.88411 952.1644 951.44468 950.72497 950.00526 947.76767 949.59468 950.0253 939.37011 928.71491 918.05971 907.40451 902.78329 907.22052 913.67839 920.13626 926.59414 933.05201 922.05041 928.5344 935.29699 942.05957 948.82215 956.79243 965.40229 967.65649 969.91068 972.16488 974.41907
-9999 934.12622 937.26232 940.39843 943.53453 943.89932 943.39469 939.50633 931.71272 925.27725 925.60377 925.9303 926.25683 928.38974 934.14001 939.21728 935.84021 932.46314 929.08606 930.14498 941.43794 952.73089 964.02384 969.39346 969.53208 970.88045 975.47122 979.43704 971.54416 963.65128 955.7584 950.31564 949.59592 948.87621 948.1565 944.46964 939.06304 940.89004 953.06574 960.04947 949.39427 938.73907 928.08387 923.46265 923.17919 925.83106 932.28893 938.7468 945.20468 934.20308 920.18401 921.6254 928.38798 935.15056 943.12084 955.27444 966.28637 968.54057 970.79476 973.04895
-9999 933.83215 936.96825 939.68643 939.1818 938.67716 938.17253 934.28417 926.49056 918.69695 910.90333 909.71674 910.04327 912.17617 917.92645 923.67673 929.42701 928.4018 925.02472 926.08365 937.3766 948.66955 950.34254 950.48116 950.61979 951.96815 956.55893 961.1497 965.74048 961.08281 953.18992 947.74716 947.02745 946.30774 941.17161 935.76501 930.3584 932.1854 944.36111 956.53681 968.71252 959.41843 948.76323 944.14201 943.85855 943.57508 944.4416 950.89947 957.35734 946.35575 932.33668 918.31762 914.7164 921.47898 929.44926 941.60286 953.75646 965.91006 969.42464 971.67884
-9999 933.53808 934.9689 934.46427 933.95963 933.455 932.95036 929.06201 921.26839 913.47478 905.68117 897.88756 893.8297 895.96261 901.71288 907.46316 913.21344 918.96372 920.96338 922.02231 931.15299 931.29162 931.43024 931.56887 931.70749 933.05586 937.64663 942.23741 946.82818 951.41896 950.62145 945.17869 943.28019 937.87358 932.46698 927.06037 921.65377 923.48077 935.65647 947.83218 960.00788 972.18359 969.44259 964.82137 964.53791 964.25444 963.97098 963.68752 969.51001 958.50842 944.48935 930.47028 916.45122 907.80739 915.77767 927.93127 940.08487 952.23847 964.39207 970.30872
-9999 931.56133 931.0567 930.55206 930.04743 929.5428 929.03816 926.50773 918.71412 910.92051 903.1269 895.33329 887.53968 882.0858 887.83608 893.58636 899.33664 905.08691 910.83719 914.89059 915.02922 915.16784 915.30647 915.44509 915.58372 915.15839 919.74917 924.33994 928.93072 933.52149 938.11227 939.28826 933.88166 928.47505 923.06845 917.66184 912.25524 916.47761 928.65332 940.82902 953.00472 965.18043 977.35613 982.09933 981.81586 981.5324 981.24894 980.96547 980.68201 968.68701 954.66795 940.64888 926.62981 912.61075 908.74318 920.89678 933.05038 945.20398 957.35758 969.51118
-9999 934.16469 933.66005 933.15542 932.65078 932.4123 937.90064 937.22317 929.42956 921.63595 913.84233 906.04872 896.66672 889.56848 887.34584 891.33227 897.08254 902.83282 908.5831 912.6365 912.77513 912.91375 913.05237 913.191 913.87914 913.32908 909.1501 911.49007 916.08085 920.67162 925.2624 926.43839 921.03179 915.62518 910.21858 904.81197 909.67717 917.93736 930.11307 942.28877 954.46447 966.30637 974.51957 979.62946 982.17572 981.89226 981.6088 981.32533 981.04187 969.04687 955.02781 941.00874 926.98967 926.87941 934.72065 946.87425 959.02785 971.18145 982.60939 979.00886
-9999 936.76804 936.26341 935.75877 937.63939 943.12773 948.61608 947.9386 940.14499 932.35138 924.09367 914.56075 905.02783 897.92959 895.70695 893.48431 894.82845 900.57873 906.32901 910.38241 910.52103 910.65966 910.903 911.70689 912.51078 911.96073 907.78175 903.60276 903.23098 907.82175 912.41253 913.58853 908.18192 902.77531 900.09033 905.61362 911.13692 919.39711 931.57282 943.74852 954.45307 962.66626 970.87946 975.98936 978.86833 981.7473 981.96866 981.68519 981.40173 969.40673 955.38767 941.3686 946.26059 952.85688 960.69812 972.85172 985.00532 992.61057 989.01004 985.40951
-9999 939.3714 938.86676 942.86648 948.35482 953.84317 959.33151 958.65404 950.86043 941.9877 932.45478 922.92186 913.38894 906.29071 904.06807 901.84543 899.62279 898.32464 904.07492 908.12832 908.26694 908.73076 909.53465 910.33854 911.14243 910.59238 906.41339 902.23441 898.05543 894.97189 899.56266 900.73866 895.33205 896.02678 901.55008 907.07338 912.59667 920.85686 933.03257 942.59977 950.81296 959.02616 967.23936 972.34925 975.22822 978.10719 980.98616 982.04505 981.76159 969.76659 959.04549 965.64177 972.23806 978.83435 986.67559 998.82919 1002.6117 999.01122 995.41069 991.81016
-9999 942.60523 948.09357 953.58191 959.07026 964.5586 970.04695 969.36948 959.88173 950.34881 940.81589 931.28297 921.75006 914.65182 912.42918 910.20654 907.9839 905.76126 903.53862 905.87422 906.55852 907.36241 908.1663 908.97019 909.77408 909.22403 905.04504 900.86606 896.68708 892.5081 888.32912 887.88879 891.96323 897.48653 903.00983 908.53313 914.05642 922.31661 930.74646 938.95966 947.17286 955.38606 963.59925 968.70915 971.58812 974.46709 977.34606 980.22503 982.12145 978.42667 985.02296 991.61924 998.21553 1004.8118 1012.6531 1012.6129 1009.0124 1005.4119 1001.8113 998.21081
-9999 950.43858 955.92693 961.41527 966.90361 972.39196 977.75831 983.38839 980.44402 970.9111 961.37818 951.84526 942.31234 934.283 930.56326 928.34062 926.11798 923.89534 921.6727 920.36524 921.16913 921.97302 922.77691 923.5808 923.61333 920.97514 920.90432 916.72534 912.54636 908.36738 904.1884 903.3234 908.8467 914.36999 919.89329 925.41659 929.84968 936.11164 946.45735 954.67055 962.88375 971.09694 979.31014 981.20813 982.7436 985.62257 988.50154 991.38051 994.25948 1000.0548 1006.6511 1013.2474 1019.8437 1026.4399 1028.7322 1019.8426 1016.2421 1012.6415 1009.041 1005.4405
-9999 956.63563 962.12397 967.61232 973.10066 978.33198 983.469 989.09909 995.29822 998.40065 988.86773 979.33481 969.80189 961.77254 956.75419 952.02334 949.8007 947.57806 945.35542 944.04795 944.85184 945.65574 946.45963 944.50327 939.80793 937.16974 940.04521 942.36566 938.18668 934.0077 929.82872 928.96372 934.48701 940.01031 945.53361 948.57472 949.99155 956.25351 969.44711 981.36802 989.58122 997.79441 1006.0076 1007.9056 1005.2637 1005.1783 1008.0573 1010.9362 1013.8152 1019.5974 1025.8814 1032.4061 1039.0024 1045.5987 1047.8909 1035.2743 1023.9424 1020.3419 1016.7414 1013.1408
-9999 962.83268 968.32102 973.76862 978.90565 984.04267 989.1797 994.80978 1001.0089 1007.2081 1013.4072 1006.8244 997.29143 989.26209 984.24373 979.22538 974.20703 971.26077 969.03813 967.73067 968.53456 969.33845 965.3932 960.69787 956.00253 953.36434 956.23981 959.11529 961.99076 959.64802 955.46904 954.60404 960.12733 965.65063 967.29976 968.71659 970.13342 976.39537 989.58898 1002.7826 1015.9762 1024.4919 1032.7051 1034.6031 1031.9611 1029.3192 1027.613 1030.4919 1033.3709 1039.1531 1045.4371 1051.721 1058.1612 1064.7575 1067.0497 1054.4331 1041.8165 1029.1999 1024.4417 1020.8412
-9999 969.02972 974.34229 979.47931 984.61634 989.75336 994.89039 1000.5205 1006.7196 1012.9187 1019.1179 1025.317 1024.781 1016.7516 1011.7333 1006.7149 1001.6966 996.67822 992.72085 991.41338 990.97848 986.28314 981.5878 976.89247 972.19713 969.55894 972.43441 975.30988 978.18536 981.06083 981.10936 980.24436 984.60798 986.0248 987.44163 988.85846 990.27528 996.53724 1009.7308 1022.9245 1036.1181 1049.3117 1059.4026 1061.3005 1058.6586 1056.0167 1053.3747 1050.7328 1052.9266 1058.7088 1064.9928 1071.2767 1077.5607 1083.9163 1086.2085 1073.5919 1060.9753 1048.3587 1035.7421 1028.5416
-9999 974.05655 979.19358 984.3306 989.46763 994.60465 999.74168 1002.9057 1009.1048 1015.3039 1021.5031 1027.7022 1033.9013 1038.8681 1033.8497 1028.8314 1023.813 1018.7947 1013.7763 1008.8556 1004.1603 999.46496 994.76962 990.07428 985.37895 985.09523 987.95702 990.83249 993.70797 996.58344 999.45891 1001.8362 1003.253 1004.6698 1006.0866 1007.5035 1008.9203 1012.5346 1025.7282 1038.9218 1052.1154 1065.309 1078.5026 1080.7226 1078.0807 1075.4388 1072.7968 1070.1549 1067.513 1069.4076 1075.6915 1081.9755 1088.2594 1094.5434 1100.6585 1088.7961 1076.1795 1063.5629 1050.9463 1038.3297
-9999 975.6547 980.79172 985.92875 991.06577 995.83606 998.31324 999.79566 1000.13 1005.1009 1011.3 1017.4992 1023.6983 1029.0918 1032.8718 1030.6088 1025.5904 1020.5721 1015.5537 1010.6331 1005.9377 1001.2424 996.54704 991.85171 996.23549 1000.3406 1001.5234 1003.8114 1006.6869 1009.5623 1012.4378 1014.8151 1016.2319 1017.6487 1019.0655 1020.2563 1014.187 1015.2156 1026.3988 1039.2307 1052.4243 1065.6179 1078.8115 1079.0027 1069.9631 1067.3212 1064.6792 1062.0373 1059.3953 1054.4949 1052.8637 1059.1476 1065.4316 1071.7155 1077.8307 1083.361 1076.4143 1063.7977 1051.1812 1038.5646
-9999 977.25284 982.38987 987.52689 991.27484 993.75202 996.22919 997.71162 998.04597 998.38033 1001.097 1007.2962 1013.4953 1018.8887 1022.6688 1026.4488 1027.3679 1022.3495 1017.3312 1012.4105 1007.7151 1003.0198 1001.09 1006.2854 1011.4809 1015.586 1016.7688 1017.9515 1019.6657 1022.5412 1025.4167 1027.7939 1029.2108 1030.6276 1029.2808 1023.2115 1017.1422 1018.1708 1029.3539 1040.5371 1052.7332 1065.9268 1079.1204 1079.3116 1070.1556 1060.9996 1056.5616 1053.9197 1051.2777 1046.3772 1041.0864 1036.3197 1042.6037 1048.8877 1055.0028 1060.5331 1066.0634 1064.0326 1051.416 1038.7994
-9999 978.85099 983.98801 986.71362 989.19079 991.66797 994.14515 995.62757 995.96193 996.29628 996.63064 997.09314 1003.2923 1008.6857 1012.4657 1016.2458 1020.0258 1023.8058 1019.1086 1014.1879 1009.4926 1011.1399 1016.3353 1021.5308 1026.7262 1030.8314 1032.0141 1033.1969 1034.3797 1035.5624 1038.3956 1040.7728 1042.1897 1038.3053 1032.2359 1026.1666 1020.0973 1021.1259 1032.3091 1043.4923 1054.6755 1066.2356 1079.4293 1079.6205 1070.4645 1061.3085 1052.1524 1045.802 1043.1601 1038.2596 1032.9688 1027.678 1022.3872 1026.0598 1032.1749 1037.7052 1043.2355 1048.7658 1051.6508 1039.0342
-9999 979.67522 982.1524 984.62957 987.10675 989.58392 992.0611 993.54352 993.87788 994.21224 994.54659 994.88095 995.21531 998.4827 1002.2627 1006.0427 1009.8227 1013.6028 1017.3828 1015.9944 1021.1898 1026.3853 1031.5807 1036.7762 1041.9716 1046.0767 1047.2595 1048.4423 1049.625 1050.8078 1051.9906 1053.399 1047.3297 1041.2604 1035.1911 1029.1218 1023.0524 1024.081 1035.2642 1046.4474 1057.6306 1068.8138 1079.997 1079.9294 1070.7734 1061.6173 1052.4613 1043.3053 1035.0425 1030.142 1024.8512 1019.5604 1014.2695 1008.9787 1009.347 1014.8773 1020.4077 1025.938 1031.4683 1036.9986
-9999 983.88638 986.36355 988.84073 991.3179 993.79508 992.30322 990.43443 991.29932 991.63367 991.96803 992.30239 992.63674 993.42879 995.64723 999.42724 1003.2073 1006.9873 1010.7673 1014.9753 1020.1708 1025.3662 1030.5616 1035.7571 1040.4227 1042.8318 1042.1957 1043.3784 1044.5612 1045.744 1046.9267 1045.6324 1039.5631 1033.4938 1027.4245 1021.3551 1017.4872 1017.6367 1023.2614 1034.4446 1045.6278 1056.811 1067.9942 1071.1124 1064.8759 1055.7199 1046.5639 1037.4079 1028.2519 1028.6138 1024.5039 1019.2131 1013.9223 1008.6315 1005.2816 1009.1071 1014.6374 1020.1677 1025.698 1031.2283
