mean_models/J1_mean_vp_slide_diff2_200.dat.tif
NCOLS 118
NROWS 92
XLLCORNER 139.62
YLLCORNER -39.07
DX 0.099491525
DY 0.099347826
NODATA_VALUE -9999
[rows 48 to 71 of 92, columns 0 to 52 of 118]
-9999 0.04659573 0.044395662 0.042195594 0.039995527 0.037795459 0.035595392 0.038190839 0.043810479 0.049430119 0.055049759 0.0606694 0.06628904 0.067313937 0.06375072 0.059854963 0.055959207 0.05206345 0.048167694 0.041844951 0.029923047 0.018001144 0.0060792398 -0.0058426638 -0.017764568 -0.018508709 -0.010229312 -0.00015486802 0.0099195764 0.019994021 0.030068465 0.037571602 0.040118079 0.042664557 0.045211034 0.047757511 0.050303988 0.04442485 0.041158783 0.037892717 0.03462665 0.031360583 0.028286098 0.031070688 0.024106456 0.017142224 0.010177991 0.0032137591 -0.0037504731 -0.012188481 -0.020881198 -0.029573915 -0.038266631
-9999 0.039005776 0.036805709 0.034605641 0.032405574 0.030964797 0.030993992 0.03361841 0.03923805 0.044857691 0.050477331 0.055280947 0.057004107 0.057467243 0.055407105 0.052452226 0.048556469 0.044660713 0.040764956 0.034442213 0.02252031 0.010598406 -0.0013234978 -0.011582805 -0.0093352912 -0.0070461775 -0.0046455651 0.0012609489 0.011335393 0.021409838 0.031484282 0.038987419 0.041533896 0.044080373 0.046626851 0.046473038 0.037085591 0.030216565 0.026950499 0.023684432 0.020418365 0.018041355 0.017205283 0.021361932 0.029107783 0.024667269 0.017703037 0.010738805 0.0037745728 -0.0046634354 -0.013356152 -0.022048869 -0.030741586
-9999 0.031415823 0.029215756 0.027015688 0.026363173 0.026392368 0.026421563 0.029045982 0.034665622 0.040285262 0.043711092 0.045434252 0.047157413 0.047620548 0.045560411 0.043500273 0.041153732 0.037257975 0.033362219 0.027039475 0.015117572 0.0031956681 -0.0023677869 -0.00012027338 0.0021272402 0.0044163539 0.0068169663 0.0092175788 0.01275121 0.022825655 0.032900099 0.040403236 0.042949713 0.04549619 0.0416522 0.032264753 0.022877306 0.016008281 0.012742214 0.0094761475 0.007796612 0.0069605401 0.0061244682 0.010281117 0.018026968 0.02577282 0.025228083 0.018263851 0.011299619 0.0028616105 -0.0058311062 -0.014064956 -0.020332923
-9999 0.02382587 0.021732354 0.021761549 0.021790744 0.02181994 0.021849135 0.024473553 0.030093193 0.032141237 0.033864398 0.035587558 0.037310719 0.037773854 0.035713716 0.033653578 0.031593441 0.029533303 0.025959481 0.019636738 0.0077148341 0.0068472309 0.0090947445 0.011342258 0.013589772 0.015878885 0.018279498 0.02068011 0.023080723 0.025481335 0.034315916 0.041819053 0.04436553 0.036831363 0.027443916 0.018056469 0.0086690219 0.0017999963 -0.0014660704 -0.0024481311 -0.003284203 -0.0041202749 -0.0049563468 -0.00079969828 0.0069461533 0.014692005 0.022437857 0.025788897 0.018824665 0.010386656 0.0027411648 -0.0035268013 -0.0097947674
-9999 0.017130731 0.017159926 0.017189121 0.017218316 0.017247511 0.017276706 0.018848222 0.020571382 0.022294543 0.024017703 0.025740864 0.027464025 0.02792716 0.025867022 0.023806884 0.021746746 0.019686609 0.017626471 0.013814735 0.016062249 0.018309762 0.020557276 0.022804789 0.025052303 0.027341417 0.029742029 0.032142642 0.034543254 0.036943867 0.039344479 0.041397972 0.032010525 0.022623078 0.013235631 0.0038481843 -0.0055392627 -0.011856802 -0.012692874 -0.013528946 -0.014365018 -0.01520109 -0.016037162 -0.011880513 -0.0041346616 0.00361119 0.011357042 0.019102893 0.02634971 0.019547286 0.01327932 0.0070113537 0.00074338763
-9999 0.0056354952 0.0056646903 0.0056938853 0.0057230804 0.0057522754 0.011738091 0.01788505 0.01960821 0.021331371 0.023054532 0.024777692 0.020069662 0.014225965 0.018909608 0.01684947 0.014789332 0.012729194 0.010669056 0.0099114878 0.012159001 0.014406515 0.016654028 0.018901542 0.021830235 0.025258016 0.027228644 0.029629256 0.032029869 0.034430481 0.036831094 0.035205291 0.025817844 0.016430397 0.0070429495 -0.0023444975 -0.010326157 -0.014568591 -0.015404663 -0.016240735 -0.017076807 -0.017912879 -0.016582864 -0.016307459 -0.012879732 -0.0051338806 0.0026119711 0.010357823 0.018103674 0.013900777 0.0076328106 0.0013648445 -0.0049031216
-9999 -0.0070179622 -0.0069887672 -0.0069595721 -0.0069303771 0.0022812008 0.012261179 0.018408138 0.020131298 0.021854459 0.023577619 0.014409462 0.0023740865 -0.0034696102 0.0030858864 0.009641383 0.0083153094 0.0062551716 0.0041950337 0.0034374651 0.0056849786 0.0079324922 0.010180006 0.013640385 0.017645748 0.021073529 0.022953244 0.02483296 0.027178239 0.029578852 0.031979464 0.030353661 0.020966214 0.011578767 0.00219132 -0.0050143268 -0.011637764 -0.015880199 -0.016716271 -0.017552343 -0.018388414 -0.016208686 -0.013764625 -0.013489221 -0.014772836 -0.013488169 -0.0057423172 0.0020035344 0.009749386 0.0055464885 -0.00072147764 -0.0069894437 -0.0089206185
-9999 -0.01967142 -0.019642225 -0.017155669 -0.0071756899 0.0028042887 0.012784267 0.018931226 0.020654386 0.020784638 0.0087492622 -0.0032861134 -0.015321489 -0.021165186 -0.014609689 -0.0080541926 -0.001498696 -0.00021885112 -0.002278989 -0.0030365576 -0.00078904406 0.0014584695 0.005450535 0.009455898 0.013461261 0.016889042 0.018768757 0.020648472 0.022528188 0.024727222 0.027127835 0.025502032 0.016114585 0.006920941 0.00029750348 -0.006325934 -0.012949372 -0.017191806 -0.018027878 -0.018278569 -0.015834508 -0.013390447 -0.010946386 -0.010670982 -0.011954597 -0.013238212 -0.014096606 -0.0063507539 0.0013950977 -0.0028077998 -0.0090757659 -0.0090629715 -0.0063157617
-9999 -0.032324877 -0.026612559 -0.016632581 -0.006652602 0.0033273766 0.013307355 0.019454313 0.015124438 0.0030890623 -0.0089463134 -0.020981689 -0.033017065 -0.038860761 -0.032305265 -0.025749768 -0.019194272 -0.012638775 -0.0087530117 -0.0095105803 -0.0067446783 -0.0027393153 0.0012660477 0.0052714107 0.0092767737 0.012704554 0.01458427 0.016463985 0.0183437 0.020223416 0.022276205 0.020650402 0.012232771 0.0056093337 -0.0010141038 -0.0076375413 -0.014260979 -0.018503413 -0.017904391 -0.01546033 -0.013016269 -0.010572208 -0.0081281477 -0.0078527434 -0.0091363586 -0.010419974 -0.011703589 -0.012987204 -0.0069591905 -0.011162088 -0.0092053244 -0.0064581147 -0.0037109049
-9999 -0.034300367 -0.024320389 -0.01434041 -0.0043604315 0.0056195471 0.015599526 0.017072029 0.0050366536 -0.006998722 -0.019034098 -0.031069473 -0.043104849 -0.051310046 -0.044754549 -0.038199053 -0.031643556 -0.025088059 -0.018532563 -0.012748188 -0.0087428253 -0.0047374623 -0.00073209929 0.0032732637 0.0072786267 0.0091156569 0.011065623 0.012945338 0.014825053 0.016704769 0.018584484 0.0175598 0.010936363 0.0043129254 -0.0023105122 -0.0089339497 -0.015557387 -0.019818129 -0.017374068 -0.014930008 -0.012485947 -0.010041886 -0.0075978253 -0.004510371 -0.0057939863 -0.0070776015 -0.0083612167 -0.0096448319 -0.010928447 -0.011544018 -0.0087968078 -0.0060495981 -0.0033023883
-9999 -0.025965968 -0.015985989 -0.0060060106 0.003973968 0.013511615 0.019935343 0.022034202 0.019141608 0.0088975924 -0.0031377832 -0.015173159 -0.027208535 -0.035660555 -0.036936699 -0.032729844 -0.026174348 -0.019618851 -0.013063354 -0.0072789801 -0.0032736171 0.00073174592 0.0047371089 0.0087424719 0.0056648016 0.0041606289 0.0088745037 0.011700841 0.013580556 0.015460272 0.017339987 0.016315303 0.0096918658 0.0030684283 -0.0035550093 -0.0099853613 -0.0053429856 -0.0082504411 -0.021959001 -0.02221397 -0.019769909 -0.017325848 -0.014881787 -0.0088953209 -0.00066145679 -0.001945072 -0.0032286872 -0.0045123025 -0.0057959177 -0.012031214 -0.015889801 -0.013142591 -0.010395382
-9999 -0.017631568 -0.0076515897 0.0023283889 0.010608554 0.017032282 0.023456009 0.025554868 0.022662275 0.019769681 0.012758531 0.00072315562 -0.01131222 -0.01976424 -0.021040385 -0.022316529 -0.02070514 -0.014149643 -0.0075941463 -0.0018097719 0.0021955911 0.0062009541 0.0083580188 0.0045338962 0.00070977362 -0.0007943991 0.0039194756 0.0086333504 0.012336059 0.014215774 0.01609549 0.015070806 0.0084473687 0.0018239311 -0.0011228352 0.0035195406 0.0081619163 0.0052544608 -0.0084540991 -0.022162659 -0.027053871 -0.02460981 -0.022165749 -0.016179283 -0.0076462262 0.00088683028 0.0019038422 0.000620227 -0.00066338822 -0.0068986841 -0.013989765 -0.020235585 -0.017488375
-9999 -0.0092971688 0.00068280982 0.0077054929 0.01412922 0.020552948 0.026976675 0.029075535 0.026182941 0.023290347 0.020397753 0.01661947 0.0045840945 -0.0038679257 -0.0051440704 -0.006420215 -0.0076963596 -0.0086804347 -0.0021249381 0.0036594364 0.0076647994 0.0072271134 0.0034029908 -0.0004211318 -0.0042452544 -0.0057494271 -0.0010355524 0.0036783224 0.0083921971 0.012971277 0.014850993 0.013826309 0.0072028716 0.007739691 0.012382067 0.017024443 0.021666818 0.018759363 0.0050508028 -0.0086577571 -0.022366317 -0.031893772 -0.029449711 -0.023463245 -0.014930188 -0.0063971316 0.0021359249 0.0057527565 0.0044691412 -0.0017661546 -0.0088572354 -0.015948316 -0.023039397
-9999 -0.0016212958 0.0048024317 0.011226159 0.017649887 0.024073614 0.030497341 0.032596201 0.029703607 0.026811013 0.023918419 0.021025826 0.018133232 0.012028389 0.010752244 0.0094760995 0.0081999549 0.0069238102 0.0056476656 0.0091286446 0.006096208 0.0022720854 -0.0015520372 -0.0053761598 -0.0092002824 -0.010704455 -0.0059905804 -0.0012767056 0.0034371691 0.0081510439 0.012864919 0.012581812 0.016602217 0.021244593 0.025886969 0.030529344 0.03517172 0.032264265 0.018555705 0.0048471449 -0.008861415 -0.022569975 -0.036278535 -0.030747206 -0.02221415 -0.013681093 -0.0051480369 0.0033850196 0.0096016707 0.0033663749 -0.0037247059 -0.010815787 -0.017906868
-9999 0.0024360506 0.008859778 0.015283505 0.021707233 0.02813096 0.030903642 0.027880824 0.024655392 0.021762798 0.018870205 0.015977611 0.013085017 0.014050912 0.01870483 0.017428685 0.016152541 0.014876396 0.013600252 0.011553637 0.007729514 0.0039053914 8.126882e-05 -0.0037428538 -0.0069694849 -0.0073986607 -0.0052898485 -0.00057597376 0.004137901 0.0088517757 0.01356565 0.018255104 0.022897479 0.027539855 0.032182231 0.036824607 0.040740647 0.032491255 0.014035969 0.00032740864 -0.013381151 -0.027089711 -0.040798271 -0.038014895 -0.027651581 -0.019118525 -0.010585468 -0.0020524116 0.0064806449 0.003921759 -0.0031342634 -0.010225344 -0.017316425
-9999 0.0067267728 0.0131505 0.019574228 0.025997955 0.025603286 0.023069514 0.020046696 0.016459455 0.012988398 0.010095805 0.0072032109 0.0043106171 0.005276512 0.013969252 0.021926934 0.02065079 0.019374645 0.0180985 0.016051885 0.012227763 0.0084036402 0.0045795176 0.0023448015 0.0015137156 0.0010845398 0.0017325838 0.0025841702 0.007298045 0.01201192 0.016725794 0.021415247 0.026057623 0.030699999 0.035342375 0.03856491 0.040964511 0.032715118 0.0092308299 -0.012030357 -0.025738917 -0.039447477 -0.053156037 -0.050372661 -0.035733443 -0.02375299 -0.015219934 -0.0066868773 0.0018461792 -0.0007127067 -0.0051885817 -0.011610032 -0.018701113
-9999 0.011017495 0.017441222 0.022836701 0.02030293 0.017769158 0.015235386 0.012212568 0.0086253273 0.005038087 0.0014508466 -0.0015711891 -0.0044637829 -0.003497888 0.0051948524 0.013887593 0.022580333 0.023872894 0.022596749 0.020550134 0.016726012 0.012901889 0.011659088 0.010828002 0.0099969161 0.0095677403 0.010215784 0.010863828 0.011511872 0.015172064 0.019885938 0.024575391 0.029217767 0.033860143 0.036389174 0.038788774 0.041188375 0.032938982 0.0094546936 -0.014029595 -0.037513883 -0.051805243 -0.065513802 -0.062730427 -0.048091209 -0.033451991 -0.019854399 -0.011321343 -0.0027882865 -0.0053471724 -0.0098230474 -0.014298922 -0.020085801
-9999 0.015308217 0.017536345 0.015002573 0.012468802 0.0099350297 0.0074012578 0.0043784397 0.00079119931 -0.002796041 -0.0063832814 -0.0099705217 -0.013238183 -0.012272288 -0.0035795476 0.0051131928 0.013805933 0.022498674 0.027094998 0.025048383 0.02180446 0.020973374 0.020142288 0.019311202 0.018480117 0.018050941 0.018698985 0.019347029 0.019995073 0.020643117 0.023046082 0.027735535 0.031813836 0.034213437 0.036613037 0.039012638 0.041412239 0.033162846 0.0096785574 -0.013805731 -0.037290019 -0.060774308 -0.077871568 -0.075088193 -0.060448975 -0.045809757 -0.031170539 -0.016531321 -0.0074227522 -0.0099816381 -0.014457513 -0.018933388 -0.023409263
-9999 0.014634652 0.01210088 0.0095671085 0.0070333366 0.0044995647 0.0019657928 -0.0029854536 -0.0065726939 -0.010159934 -0.013747175 -0.017334415 -0.020921655 -0.019789723 -0.011096982 -0.002404242 0.0062884984 0.014981239 0.023673979 0.029486857 0.028655771 0.027824686 0.0269936 0.026162514 0.025331428 0.02487217 0.025520213 0.026168257 0.026816301 0.027464345 0.028112389 0.029358708 0.031758308 0.034157909 0.03655751 0.03895711 0.041356711 0.032946927 0.0094626386 -0.01402165 -0.037505938 -0.060990227 -0.084474515 -0.08652356 -0.071884342 -0.057245125 -0.042605907 -0.027966689 -0.013327471 -0.014986556 -0.019462431 -0.023938306 -0.028414181
-9999 0.021129792 0.01859602 0.016062249 0.013528477 0.010616746 -0.00042779172 -0.0080104666 -0.011597707 -0.015184947 -0.018772188 -0.022359428 -0.017173557 -0.01257617 -0.010826446 -0.0036697125 0.0050230279 0.013715768 0.022408509 0.028221387 0.027390301 0.026559215 0.025728129 0.024897043 0.021317445 0.0193471 0.023241772 0.024723078 0.025371122 0.026019166 0.02666721 0.027913528 0.030313129 0.032712729 0.03511233 0.037511931 0.039223744 0.030543593 0.0070593043 -0.016424984 -0.039909273 -0.062077017 -0.069933245 -0.075997856 -0.078731836 -0.064092618 -0.0494534 -0.034814182 -0.020174964 -0.02183405 -0.026309925 -0.0307858 -0.035261675
-9999 0.027624932 0.025091161 0.022557389 0.016636271 0.0055917332 -0.0054528048 -0.01303548 -0.01662272 -0.02020996 -0.021233845 -0.015214444 -0.0091950439 -0.0045976566 -0.0028479323 -0.001098208 0.0037575573 0.012450298 0.021143038 0.026955916 0.02612483 0.025293744 0.023938884 0.019780304 0.015621724 0.013651379 0.01754605 0.021440722 0.023925942 0.024573986 0.02522203 0.026468348 0.028867949 0.03126755 0.033484914 0.035152662 0.03682041 0.028140258 0.00465597 -0.018828318 -0.036510383 -0.044366611 -0.052222839 -0.058287451 -0.063064091 -0.067840732 -0.056300894 -0.041661676 -0.027022458 -0.028681543 -0.033157418 -0.037633293 -0.035388699
-9999 0.034120073 0.031586301 0.022655796 0.011611258 0.00056672012 -0.010477818 -0.018060493 -0.021647733 -0.019274732 -0.013255331 -0.0072359307 -0.0012165304 0.003380857 0.0051305812 0.0068803055 0.0086300298 0.011184827 0.019877568 0.025690446 0.02485936 0.022401743 0.018243163 0.014084583 0.009926003 0.0079556575 0.011850329 0.015745001 0.019639672 0.023128806 0.02377685 0.025023169 0.027422769 0.029413832 0.03108158 0.032749328 0.034417075 0.025736924 0.0022526357 -0.010943749 -0.018799977 -0.026656205 -0.034512434 -0.040577045 -0.045353685 -0.050130326 -0.054906966 -0.04850917 -0.033869952 -0.035529037 -0.038832909 -0.035982654 -0.0331324
-9999 0.039719859 0.028675321 0.017630783 0.006586245 -0.0044582929 -0.015502831 -0.023085506 -0.017315618 -0.011296218 -0.0052768176 0.00074258278 0.0067619832 0.01135937 0.013109095 0.014858819 0.016608543 0.018358268 0.020107992 0.024424975 0.020864601 0.016706022 0.012547442 0.0083888617 0.0042302817 0.0022599362 0.0061546079 0.01004928 0.013943951 0.017838623 0.021733294 0.023577989 0.02534275 0.027010498 0.028678246 0.030345993 0.032013741 0.02333359 0.014622885 0.0067666569 -0.0010895714 -0.0089457996 -0.016802028 -0.022866639 -0.027643279 -0.03241992 -0.03719656 -0.041973201 -0.040717446 -0.039426864 -0.036576609 -0.033726355 -0.0308761
-9999 0.032904972 0.021860434 0.010815897 -0.0002286414 -0.011273179 -0.019907954 -0.022121428 -0.018635712 -0.012616311 -0.0065969108 -0.00057751046 0.0054418899 0.0097211203 0.010959292 0.012709017 0.014458741 0.016208465 0.017958189 0.017921331 0.013762751 0.0096041713 0.0054455913 0.0012870114 -0.0016581451 -0.00027774406 -0.0027043076 0.001190364 0.0050850357 0.0089797073 0.012874379 0.016008406 0.017676154 0.019343902 0.02101165 0.022679397 0.023953763 0.02277818 0.016948409 0.0090921804 0.0012359522 -0.006620276 -0.014476504 -0.017138606 -0.02049202 -0.02526866 -0.030045301 -0.034821941 -0.039598582 -0.037992912 -0.035142658 -0.032292403 -0.029442149
