mean_models/J1_mean_tot_conduct_slide_61.34.dat.tif
NCOLS 118
NROWS 92
XLLCORNER 139.62
YLLCORNER -39.07
DX 0.099491525
DY 0.099347826
NODATA_VALUE -9999
[rows 52 to 77 of 92, columns 0 to 56 of 118]
-2.0679285 -2.1185553 -2.1633265 -2.2049516 -2.2475908 -2.2959619 -2.3506822 -2.410791 -2.4771186 -2.5454278 -2.6200465 -2.6935249 -2.7731182 -2.8510546 -2.9256732 -2.9977367 -3.0673807 -3.1345204 -3.1991899 -3.2653637 -3.3350077 -3.4060462 -3.4707157 -3.5311776 -3.5809234 -3.6240551 -3.6389788 -3.6433903 -3.6035937 -3.5505454 -3.4353447 -3.3040189 -3.1249342 -2.9329699 -2.6920957 -2.4479097 -2.1991809 -1.9610958 -1.7359308 -1.5473247 -1.4007056 -1.3106798 -1.2708832 -1.286248 -1.3543211 -1.4692084 -1.6210639 -1.7963116 -1.9889924 -2.1825741 -2.3783049 -2.5461685 -2.7106749 -2.8433303 -2.9671594 -3.0561781 -3.1414613
-2.0650807 -2.1166568 -2.161428 -2.2049516 -2.2447614 -2.2906426 -2.3453629 -2.4054717 -2.4717994 -2.5428163 -2.6209958 -2.697322 -2.7769153 -2.8548517 -2.9294703 -3.004089 -3.0774464 -3.1455354 -3.2102049 -3.2733701 -3.3353841 -3.4035748 -3.4647497 -3.5124574 -3.5465361 -3.5814133 -3.5804666 -3.5758776 -3.5200072 -3.4573159 -3.3301046 -3.1896849 -3.0033599 -2.8038015 -2.565218 -2.3345478 -2.1019282 -1.8779741 -1.6749639 -1.5154768 -1.3957795 -1.3418477 -1.3257949 -1.3761713 -1.4647006 -1.6137149 -1.7781712 -1.9779303 -2.1769863 -2.3751977 -2.5741808 -2.7287258 -2.8932511 -3.0053638 -3.1223783 -3.1906659 -3.2632261
-2.0664247 -2.1182872 -2.1630584 -2.2038096 -2.2417111 -2.2843314 -2.3390518 -2.3975301 -2.4638578 -2.5348747 -2.6144679 -2.6940612 -2.7736544 -2.8515908 -2.9262095 -2.9976162 -3.0721859 -3.1421393 -3.2067334 -3.2668902 -3.3263327 -3.3845742 -3.4392946 -3.4748703 -3.5038062 -3.518785 -3.5126955 -3.4908099 -3.4304558 -3.3515503 -3.2203258 -3.0744539 -2.88542 -2.6809441 -2.4453063 -2.2374622 -2.0136063 -1.8238573 -1.635347 -1.5120597 -1.4178046 -1.4048029 -1.414752 -1.498977 -1.6141778 -1.7835383 -1.9720485 -2.1788882 -2.3935805 -2.5883567 -2.7873397 -2.9337326 -3.0827469 -3.1817185 -3.2710192 -3.3297396 -3.3680427
-2.0796711 -2.1302022 -2.1699988 -2.2104328 -2.2483343 -2.2894951 -2.3342663 -2.390338 -2.451928 -2.5216283 -2.6012216 -2.6808148 -2.760408 -2.8383444 -2.9129631 -2.9843699 -3.0490394 -3.1156465 -3.1753414 -3.2337743 -3.28352 -3.3382119 -3.3742059 -3.4020152 -3.4119644 -3.4194372 -3.3945643 -3.3649693 -3.2953252 -3.2124634 -3.0763171 -2.92895 -2.7548398 -2.5551036 -2.3455911 -2.1489408 -1.9698561 -1.797028 -1.6713545 -1.5693855 -1.5327308 -1.539794 -1.6094381 -1.7090003 -1.8658589 -2.0408857 -2.2435993 -2.4480774 -2.658508 -2.8419469 -3.0257745 -3.1556318 -3.2880657 -3.3543934 -3.4233525 -3.4390617 -3.4606132
-2.1075479 -2.158079 -2.1978756 -2.2365632 -2.269691 -2.305872 -2.3484316 -2.3961459 -2.4550584 -2.5230124 -2.5993859 -2.6724452 -2.7504794 -2.8250981 -2.8997167 -2.9695176 -3.0309162 -3.0940306 -3.1495061 -3.1957815 -3.2414604 -3.2762824 -3.3058853 -3.3194065 -3.32434 -3.3035773 -3.2610788 -3.2244983 -3.1525497 -3.058746 -2.9225997 -2.7734862 -2.6071287 -2.4379383 -2.2451168 -2.0757234 -1.9200248 -1.7980498 -1.7018542 -1.6547623 -1.6537318 -1.7077795 -1.8025903 -1.960112 -2.1281864 -2.3169509 -2.5248027 -2.7342586 -2.9272937 -3.1068744 -3.2482881 -3.3745593 -3.4494932 -3.5099436 -3.5220409 -3.5261737 -3.4996929
-2.1485807 -2.1971949 -2.2369915 -2.2701344 -2.2985605 -2.3278814 -2.367678 -2.4123923 -2.4692446 -2.5291186 -2.5987627 -2.6701144 -2.7447331 -2.8148517 -2.8894703 -2.9562712 -3.0159661 -3.0694958 -3.1142669 -3.1485297 -3.1833517 -3.2123602 -3.2272839 -3.2206822 -3.2102458 -3.1840763 -3.1337373 -3.0709831 -2.9905932 -2.8994211 -2.7636432 -2.6305254 -2.4812881 -2.3277132 -2.1653849 -2.055661 -1.9362712 -1.8633024 -1.8057021 -1.8107627 -1.8421811 -1.9347331 -2.0491483 -2.2096699 -2.3981802 -2.5962672 -2.805723 -2.988711 -3.1772212 -3.3060839 -3.4422302 -3.5041258 -3.5733475 -3.5699218 -3.559731 -3.5250433 -3.4732498
-2.2081493 -2.2568036 -2.2966002 -2.3288475 -2.352536 -2.3791465 -2.408994 -2.4507327 -2.4981096 -2.5553529 -2.6200224 -2.689984 -2.7597972 -2.8277845 -2.892454 -2.9560593 -3.0058051 -3.0561943 -3.0959909 -3.1286389 -3.1385881 -3.1593747 -3.1515426 -3.1345808 -3.0997587 -3.0648589 -2.9952148 -2.9252729 -2.8257814 -2.7272182 -2.6015446 -2.4725647 -2.3482003 -2.2018726 -2.0955854 -2.009845 -1.9501501 -1.8989557 -1.9146649 -1.9435055 -2.0377607 -2.144988 -2.2991999 -2.4644439 -2.6631077 -2.8551372 -3.050781 -3.2163251 -3.3759169 -3.4751319 -3.5746939 -3.602214 -3.6395793 -3.5898336 -3.5531079 -3.4693255 -3.3993737
-2.2801204 -2.3306514 -2.370448 -2.4008185 -2.424507 -2.4487574 -2.4762186 -2.509805 -2.5520879 -2.6020606 -2.6607543 -2.7271314 -2.7939183 -2.8536132 -2.9151931 -2.9734389 -3.0200442 -3.0604595 -3.0874909 -3.1152536 -3.1187185 -3.1228541 -3.1046845 -3.0557057 -3.0041645 -2.9544738 -2.871251 -2.7912002 -2.6848176 -2.5813787 -2.4625664 -2.3458358 -2.2367075 -2.1188496 -2.0278643 -1.9915217 -1.9636139 -1.9586388 -2.0028606 -2.0789935 -2.1902027 -2.3346764 -2.4978955 -2.6751076 -2.8723907 -3.0467395 -3.233123 -3.3590061 -3.5040719 -3.5532379 -3.6342041 -3.5970328 -3.6141611 -3.5279133 -3.4635043 -3.358282 -3.2629787
-2.3637073 -2.4142384 -2.454035 -2.485775 -2.5094635 -2.5323443 -2.5572172 -2.5853992 -2.6233007 -2.6671476 -2.7218679 -2.7755567 -2.8352517 -2.8922074 -2.9519024 -3.0013012 -3.0460724 -3.0830682 -3.1029665 -3.1154783 -3.1154783 -3.0982891 -3.0535179 -3.0004304 -2.9407354 -2.8620275 -2.7724315 -2.6776857 -2.568245 -2.4559874 -2.3407867 -2.2309517 -2.1314602 -2.0509619 -1.9881252 -1.96 -1.96 -2.0011171 -2.0744266 -2.187479 -2.3236253 -2.4920387 -2.6711234 -2.8532598 -3.0470065 -3.219638 -3.3809652 -3.4894264 -3.5893708 -3.625419 -3.6472009 -3.6018663 -3.5435959 -3.4496317 -3.3413231 -3.2261224 -3.102428
-2.4630551 -2.5145408 -2.559312 -2.5909809 -2.6099317 -2.6316922 -2.656565 -2.6830874 -2.7115136 -2.753249 -2.7985177 -2.8484118 -2.8987568 -2.9518161 -3.0022628 -3.0471908 -3.0820128 -3.1161841 -3.13156 -3.141971 -3.1285563 -3.1049122 -3.0468789 -2.987184 -2.9056397 -2.8156651 -2.711199 -2.6114538 -2.497745 -2.3831323 -2.2679316 -2.1580967 -2.0819375 -2.0112228 -1.9781713 -1.9607217 -2.0005183 -2.0549851 -2.159713 -2.283303 -2.4456313 -2.6169416 -2.7910518 -2.9674467 -3.1463543 -3.3068904 -3.4273275 -3.5199109 -3.5827477 -3.5966782 -3.580969 -3.5151223 -3.4310017 -3.3111118 -3.1823666 -3.0451548 -2.9103556
-2.5520364 -2.6172037 -2.665283 -2.6949447 -2.7160215 -2.7379117 -2.7605288 -2.7826525 -2.8062455 -2.8369325 -2.8759888 -2.9224676 -2.969617 -3.0094137 -3.0532411 -3.0965631 -3.1283752 -3.1554218 -3.1672846 -3.1716787 -3.1536433 -3.125639 -3.0649002 -2.9918155 -2.9008209 -2.8094946 -2.7017642 -2.5933956 -2.4756653 -2.3623684 -2.2504679 -2.1542261 -2.0883578 -2.0280534 -2.0029846 -2.0179021 -2.0627357 -2.1335546 -2.2432058 -2.3742049 -2.5345443 -2.6920677 -2.8594938 -3.014564 -3.1816146 -3.2963069 -3.4090666 -3.4496643 -3.5068853 -3.4714973 -3.4547299 -3.3517527 -3.2659796 -3.1244596 -2.9886761 -2.8438505 -2.7074054
-2.6416051 -2.7086892 -2.7634095 -2.8024489 -2.8261374 -2.8492668 -2.8691651 -2.8861452 -2.905096 -2.9296571 -2.9644792 -2.9972915 -3.0370881 -3.0731673 -3.1129639 -3.1458312 -3.1756787 -3.1993058 -3.209255 -3.2114178 -3.1915195 -3.1585407 -3.0938712 -3.0245039 -2.9299869 -2.8338931 -2.7244525 -2.6124101 -2.4930203 -2.377238 -2.2672737 -2.176958 -2.1172631 -2.0738777 -2.0634049 -2.0783224 -2.1280682 -2.204743 -2.3199437 -2.4512049 -2.6082967 -2.7550098 -2.9092216 -3.0349046 -3.1762873 -3.278959 -3.3627414 -3.3859542 -3.3988584 -3.3518958 -3.296711 -3.1891374 -3.0780521 -2.9343421 -2.7899804 -2.6433613 -2.5082822
-2.7277065 -2.796439 -2.8611085 -2.9024315 -2.9308576 -2.9550153 -2.969939 -2.9845328 -2.9987459 -3.0223818 -3.0434177 -3.0701465 -3.0963096 -3.1261528 -3.156962 -3.1852036 -3.2100765 -3.2324218 -3.2467629 -3.251157 -3.2312587 -3.1982798 -3.1464812 -3.0841126 -2.9938351 -2.9002376 -2.7957715 -2.6852652 -2.5700131 -2.4567162 -2.3555809 -2.2696826 -2.2099877 -2.1666023 -2.1561296 -2.171047 -2.2207928 -2.2974011 -2.3916562 -2.5140107 -2.6344478 -2.7692287 -2.8886185 -2.9903393 -3.0835627 -3.1765639 -3.2236915 -3.2357415 -3.2200323 -3.1660885 -3.0980154 -2.9904418 -2.8793564 -2.7356464 -2.5912848 -2.4617528 -2.3360793
-2.7901153 -2.8747975 -2.9425143 -2.985975 -3.0163967 -3.0409066 -3.0558303 -3.0638261 -3.0711807 -3.0838865 -3.0983308 -3.1199367 -3.1413064 -3.1545691 -3.1787592 -3.2053947 -3.227388 -3.2475957 -3.259589 -3.2684958 -3.2575413 -3.2289226 -3.1819173 -3.13868 -3.0645524 -2.9750101 -2.8799454 -2.778081 -2.6764044 -2.5683707 -2.4752186 -2.3910195 -2.3341109 -2.2907255 -2.2787958 -2.2781 -2.3135174 -2.3664947 -2.4444316 -2.5281782 -2.6318898 -2.7222578 -2.8262417 -2.9035914 -2.9810972 -3.0173282 -3.0576915 -3.0449395 -3.0277497 -2.9584633 -2.8903487 -2.7962316 -2.6860644 -2.5638638 -2.4300597 -2.3209484 -2.2133793
-2.8384299 -2.9299714 -3.0045901 -3.0549503 -3.0881141 -3.1137327 -3.1286564 -3.1355435 -3.1355435 -3.1357343 -3.1456835 -3.1556326 -3.1655818 -3.1721923 -3.1920906 -3.2097716 -3.2296699 -3.2475667 -3.2575158 -3.264061 -3.2590864 -3.2453915 -3.2105695 -3.1784191 -3.1137496 -3.0500825 -2.9605402 -2.8752404 -2.7807235 -2.6909142 -2.6018955 -2.5257006 -2.4709803 -2.4291861 -2.4134769 -2.4028029 -2.4227012 -2.4481324 -2.5057327 -2.5601275 -2.633437 -2.6934897 -2.7631338 -2.8119175 -2.859045 -2.8759949 -2.8864677 -2.8627873 -2.8313689 -2.7619851 -2.6834391 -2.5945153 -2.5006371 -2.3901141 -2.2855162 -2.1860247 -2.1041691
-2.8649227 -2.9583174 -3.037706 -3.0890748 -3.131714 -3.1588435 -3.1687927 -3.174192 -3.1694543 -3.1669009 -3.1619264 -3.168879 -3.1655859 -3.1639249 -3.1688995 -3.1822843 -3.1922335 -3.2082739 -3.2231977 -3.2313406 -3.2313406 -3.2188987 -3.204876 -3.1865115 -3.1467149 -3.0915227 -3.0368023 -2.9623026 -2.8926586 -2.8107529 -2.7374433 -2.665378 -2.6156323 -2.5748963 -2.5403737 -2.5170765 -2.5121019 -2.5248231 -2.5352959 -2.571436 -2.5936979 -2.6353884 -2.6571627 -2.6923826 -2.7067117 -2.7116091 -2.7010184 -2.6715715 -2.6326733 -2.5700016 -2.4979899 -2.4243815 -2.3416805 -2.2587709 -2.1667494 -2.1039126 -2.0350742
-2.8595344 -2.9586797 -3.0428559 -3.1049516 -3.1475908 -3.1747203 -3.1863593 -3.1899564 -3.183063 -3.1782415 -3.1710907 -3.1595822 -3.1514958 -3.1398814 -3.1409103 -3.1324103 -3.1396103 -3.1511145 -3.1642688 -3.1677391 -3.1694069 -3.1735425 -3.1659425 -3.1582942 -3.1228907 -3.1075348 -3.0678313 -3.0092084 -2.9439778 -2.8994847 -2.8298042 -2.7783346 -2.7296176 -2.6875358 -2.6482279 -2.6188736 -2.6039092 -2.5847942 -2.5813006 -2.5761534 -2.5771317 -2.5782289 -2.5799307 -2.5594231 -2.5620438 -2.5549207 -2.5329902 -2.4948323 -2.4529412 -2.3887262 -2.336878 -2.2650626 -2.2088545 -2.1263408 -2.0736624 -2.0154128 -1.9839945
-2.8404581 -2.9484223 -3.0379646 -3.1000603 -3.1426995 -3.1741457 -3.1890695 -3.1926665 -3.1831911 -3.1708115 -3.1558878 -3.1392564 -3.1193581 -3.0972036 -3.0822798 -3.0688885 -3.0738631 -3.0778594 -3.082834 -3.0883346 -3.0982837 -3.1067795 -3.1117541 -3.116434 -3.1064849 -3.0969985 -3.0671511 -3.0408941 -3.006072 -2.9717334 -2.9193694 -2.8705772 -2.825806 -2.780254 -2.7331265 -2.6832203 -2.6434237 -2.6021827 -2.5707644 -2.5361035 -2.5099216 -2.4825682 -2.4626699 -2.4382492 -2.4173036 -2.3918606 -2.3656786 -2.3294773 -2.2875861 -2.244165 -2.1970374 -2.1488853 -2.0973428 -2.0507756 -2.0090486 -1.9776302 -1.9590217
-2.800719 -2.9106667 -3.0048487 -3.0673182 -3.1146951 -3.1490349 -3.1689332 -3.1727969 -3.1633216 -3.1501618 -3.1302634 -3.1127637 -3.0842981 -3.0561074 -3.0312345 -3.0127647 -2.9928664 -2.9911812 -2.9911812 -2.9950839 -3.0000585 -3.0074317 -3.0164356 -3.0249823 -3.0299568 -3.0263841 -3.0263841 -3.0093911 -2.9994419 -2.9734211 -2.9472391 -2.904414 -2.8646174 -2.8199932 -2.7637198 -2.7052363 -2.6455414 -2.5963024 -2.5387021 -2.4930944 -2.4370665 -2.3998798 -2.3566988 -2.3240057 -2.2848399 -2.2568559 -2.2265917 -2.1964177 -2.1617455 -2.1287839 -2.0910664 -2.0587515 -2.0178645 -1.990228 -1.9568423 -1.9463695 -1.9345318
-2.7436732 -2.8584997 -2.9545812 -3.0215128 -3.0709262 -3.1124762 -3.136707 -3.1451687 -3.1380203 -3.126619 -3.1094886 -3.086175 -3.055119 -3.0186402 -2.9851584 -2.9586796 -2.9329404 -2.911487 -2.8966304 -2.893622 -2.8895301 -2.895958 -2.9049528 -2.9127325 -2.9239548 -2.9316327 -2.9411568 -2.9437585 -2.9467116 -2.9366308 -2.9200807 -2.8926467 -2.8585046 -2.8128088 -2.7567063 -2.6970564 -2.6325036 -2.5650531 -2.4979645 -2.4324828 -2.3691846 -2.3132892 -2.265355 -2.2222593 -2.1803682 -2.1490345 -2.1186234 -2.0951889 -2.0648394 -2.0423506 -2.0110555 -1.9841635 -1.9530544 -1.9297606 -1.9083152 -1.9045491 -1.9039514
-2.6777514 -2.7925779 -2.8920694 -2.9638369 -3.0159516 -3.0605306 -3.090378 -3.1117427 -3.107005 -3.0986666 -3.0837429 -3.0619886 -3.0271666 -2.9922023 -2.9524057 -2.9112775 -2.88143 -2.8531376 -2.8282647 -2.8033611 -2.7934119 -2.7832795 -2.7882541 -2.7914902 -2.806414 -2.8211749 -2.8362614 -2.8498843 -2.8598335 -2.8661655 -2.8556927 -2.8431457 -2.8132982 -2.779019 -2.726655 -2.6685197 -2.5988756 -2.5270837 -2.4485377 -2.3711044 -2.2977949 -2.2339755 -2.1792552 -2.1350275 -2.0931363 -2.0618027 -2.0358907 -2.0149452 -1.9947424 -1.9745685 -1.9536229 -1.9277398 -1.9016931 -1.8795838 -1.8624275 -1.8624275 -1.865982
-2.6049509 -2.7197228 -2.8192143 -2.892802 -2.954392 -3.0014197 -3.0362418 -3.0614966 -3.0757097 -3.0721739 -3.0572501 -3.0354959 -3.0054937 -2.9723327 -2.9325361 -2.8911336 -2.8463624 -2.8133985 -2.7745236 -2.7437524 -2.7199538 -2.7038012 -2.6950789 -2.6921424 -2.7025513 -2.7152039 -2.7351022 -2.7505365 -2.7648987 -2.7734409 -2.7770377 -2.7702906 -2.750066 -2.7194103 -2.6721555 -2.6157693 -2.5510998 -2.4804293 -2.396647 -2.3173541 -2.2388081 -2.1743668 -2.1196465 -2.0784825 -2.046774 -2.0170972 -1.9961516 -1.9773357 -1.9616265 -1.9414525 -1.920507 -1.8946238 -1.8685771 -1.8464679 -1.8293116 -1.8202173 -1.8196196
-2.5339581 -2.6439059 -2.7415984 -2.8189107 -2.8827717 -2.9412321 -2.9832563 -3.0151092 -3.0370068 -3.0479541 -3.04504 -3.0249934 -2.9994751 -2.9779243 -2.9412318 -2.8982233 -2.8502972 -2.8039709 -2.7577627 -2.7164619 -2.6785625 -2.6580497 -2.6445341 -2.6266739 -2.6299064 -2.6412073 -2.6576964 -2.6762938 -2.6912176 -2.7063387 -2.7184652 -2.7168156 -2.699979 -2.6710584 -2.6256632 -2.5741678 -2.5094983 -2.4412742 -2.362705 -2.2841769 -2.2077647 -2.1492132 -2.0981247 -2.0600072 -2.0303033 -2.0094425 -1.9897386 -1.9767769 -1.9618366 -1.9371979 -1.9159562 -1.8805514 -1.8539538 -1.8181128 -1.7962643 -1.7786159 -1.7747265
-2.4619324 -2.5699633 -2.6644803 -2.7425014 -2.8088291 -2.8702554 -2.9200012 -2.9642986 -2.9927248 -3.0187926 -3.0237672 -3.0219113 -3.0069876 -2.9943342 -2.9595122 -2.9228382 -2.8730924 -2.8218637 -2.772118 -2.7223935 -2.6776224 -2.6386647 -2.6137918 -2.5901608 -2.59 -2.5913517 -2.606013 -2.6222376 -2.6373434 -2.6511487 -2.6666907 -2.6734196 -2.6584959 -2.6346366 -2.5927454 -2.544216 -2.4795465 -2.4128053 -2.3394957 -2.269152 -2.1958425 -2.1409104 -2.0961392 -2.0651485 -2.0389665 -2.0213058 -2.0055966 -1.9923965 -1.9819237 -1.9565737 -1.9303917 -1.8913688 -1.8539119 -1.8100235 -1.7717886 -1.7499134 -1.7343942
-2.3848656 -2.4919043 -2.5864213 -2.6644424 -2.7307701 -2.7939509 -2.8536458 -2.9025815 -2.9452207 -2.9773172 -3.0021901 -3.0085792 -3.0085792 -3.0019521 -2.9820538 -2.9514693 -2.9116727 -2.8643692 -2.8096489 -2.7578536 -2.7081078 -2.6669847 -2.6321626 -2.6043533 -2.5944041 -2.5913517 -2.5963263 -2.608045 -2.6279433 -2.6440524 -2.6545252 -2.6594433 -2.6494942 -2.6275403 -2.5856492 -2.5383488 -2.4836284 -2.4205729 -2.3524998 -2.285633 -2.2227962 -2.1707574 -2.1309608 -2.1037568 -2.0880476 -2.073016 -2.0623668 -2.0466576 -2.0315976 -2.0032658 -1.9729694 -1.9270372 -1.882297 -1.8214966 -1.7717886 -1.7351338 -1.7126166
-2.3244044 -2.4226778 -2.5125243 -2.5905454 -2.6540659 -2.717117 -2.7797488 -2.8381241 -2.8900566 -2.9334495 -2.9724768 -2.9888116 -2.9987081 -3.0136403 -3.004663 -2.9815528 -2.9491385 -2.9077868 -2.8605505 -2.8088387 -2.7628858 -2.7175002 -2.6809531 -2.6481692 -2.6343255 -2.6284314 -2.633406 -2.6409823 -2.6568843 -2.6730984 -2.6795899 -2.6830872 -2.673138 -2.652605 -2.6129824 -2.5687106 -2.5139902 -2.4559307 -2.3910003 -2.3281814 -2.2680146 -2.2276522 -2.1949122 -2.169129 -2.1534198 -2.1482681 -2.1413512 -2.1228944 -2.1058801 -2.0723119 -2.0400612 -1.9790174 -1.9299898 -1.8589625 -1.800052 -1.7510251 -1.7193079
