mean_models/J1_mean_tot_conduct_slide_2.dat.tif
NCOLS 118
NROWS 92
XLLCORNER 139.62
YLLCORNER -39.07
DX 0.099491525
DY 0.099347826
NODATA_VALUE -9999
[rows 26 to 51 of 92, columns 57 to 113 of 118]
-2.4076088 -2.6488095 -2.8975383 -3.071663 -3.2078093 -3.2486956 -3.2591684 -3.1838023 -3.0953654 -2.9871541 -2.8975645 -2.8881921 -2.9048045 -3.0146284 -3.1463923 -3.3122115 -3.4377938 -3.5372853 -3.5143616 -3.4643554 -3.2543177 -3.032006 -2.7560393 -2.513089 -2.314106 -2.2444263 -2.2278444 -2.3496775 -2.4903126 -2.6658858 -2.8150436 -2.8868986 -2.8947408 -2.8303639 -2.7409749 -2.6383891 -2.601442 -2.5999415 -2.6818757 -2.7947049 -2.9468684 -3.0258424 -3.0931663 -3.0307972 -2.9158172 -2.7109817 -2.4804993 -2.2288442 -2.0025977 -1.8130077 -1.684254 -1.5611016 -1.4967247 -1.4631501 -1.4705498 -1.5173693 -1.6047374
-2.5280816 -2.7636958 -2.9792607 -3.143125 -3.2541716 -3.2826016 -3.2657916 -3.173778 -3.0622494 -2.931063 -2.8247094 -2.7880546 -2.7922103 -2.8751199 -2.9988618 -3.1536264 -3.2808021 -3.384952 -3.3646998 -3.3186452 -3.1086075 -2.8862959 -2.6154578 -2.3755693 -2.1882654 -2.1253841 -2.1218734 -2.2503479 -2.3975879 -2.5862831 -2.7440213 -2.8379855 -2.8602147 -2.8303639 -2.7597128 -2.6781282 -2.6547184 -2.6595332 -2.7356149 -2.8332021 -2.9534916 -3.0081 -3.0534272 -2.971493 -2.8499812 -2.6509982 -2.4282364 -2.1891051 -1.9583508 -1.7641819 -1.5769037 -1.4163204 -1.2914059 -1.205645 -1.1854623 -1.2147245 -1.3172669
-2.6304154 -2.8395674 -3.0306357 -3.145913 -3.2397306 -3.2347975 -3.2077425 -3.0872452 -2.9647732 -2.8235585 -2.7035555 -2.6559863 -2.6462279 -2.7229509 -2.8276826 -2.9742926 -3.0838265 -3.1849092 -3.1675128 -3.1127152 -2.9158838 -2.7013829 -2.4539773 -2.234336 -2.0643795 -2.0316612 -2.0364402 -2.180381 -2.3324972 -2.5249282 -2.6749572 -2.7639402 -2.8000294 -2.7791355 -2.7418595 -2.6726702 -2.6792823 -2.6878217 -2.7660985 -2.8444485 -2.9503705 -2.9474759 -2.9742334 -2.8531995 -2.7261008 -2.5193958 -2.2909661 -2.0568684 -1.835594 -1.6209396 -1.4360858 -1.2699143 -1.1223038 -1.0140137 -0.96589616 -0.98150909 -1.0342808
-2.7462333 -2.9185824 -3.073347 -3.1572989 -3.2044265 -3.1750353 -3.1174349 -2.9880536 -2.8388163 -2.6962678 -2.5676248 -2.5152608 -2.4930145 -2.5648695 -2.6613782 -2.7940336 -2.8926852 -2.9755948 -2.9451569 -2.8857859 -2.6935529 -2.4976668 -2.26552 -2.0774474 -1.9369887 -1.9251191 -1.9638103 -2.1157291 -2.2829557 -2.4702339 -2.6135374 -2.696447 -2.7261911 -2.7144862 -2.6835023 -2.647535 -2.6680808 -2.7063111 -2.7882453 -2.8645776 -2.9406593 -2.9226207 -2.884895 -2.7434827 -2.5736671 -2.3571268 -2.128697 -1.8945993 -1.6798056 -1.4752153 -1.2937896 -1.1377065 -0.9796905 -0.86782252 -0.79140365 -0.78555121 -0.81814626
-2.789698 -2.9417178 -3.0360915 -3.0955915 -3.1050786 -3.0552615 -2.9746224 -2.8416246 -2.6897946 -2.5565884 -2.4311741 -2.3840466 -2.361923 -2.4282663 -2.5195186 -2.6388026 -2.7262273 -2.7955269 -2.7594262 -2.680881 -2.4984799 -2.3087265 -2.1207981 -1.9541415 -1.8686871 -1.8847899 -1.9513918 -2.1157986 -2.2891649 -2.4608527 -2.5821998 -2.6405639 -2.6652423 -2.6461846 -2.6350253 -2.6102795 -2.6629515 -2.7063111 -2.7974725 -2.8624376 -2.9220316 -2.8694111 -2.8165934 -2.6293152 -2.4556916 -2.2241738 -2.0019654 -1.7766238 -1.5885786 -1.388286 -1.2456036 -1.1224381 -0.98589974 -0.89479493 -0.82244984 -0.78843725 -0.74014213
-2.8324529 -2.9291689 -3.0035925 -3.0215489 -3.0155951 -2.9493195 -2.8550644 -2.7270435 -2.5722789 -2.4553746 -2.3411477 -2.3088518 -2.2912165 -2.3594713 -2.4427716 -2.5571002 -2.6185982 -2.6793986 -2.6268515 -2.5317596 -2.3461226 -2.1693005 -1.9944598 -1.8757299 -1.8154905 -1.8801636 -1.9686005 -2.1392361 -2.3200378 -2.4780538 -2.5724036 -2.6184058 -2.6209681 -2.5972832 -2.5875366 -2.5790798 -2.6442423 -2.7100698 -2.8057667 -2.868674 -2.9154935 -2.8567594 -2.778996 -2.5917179 -2.3863739 -2.1564995 -1.9564446 -1.7399042 -1.575492 -1.4076599 -1.2818613 -1.2092361 -1.0921872 -1.0330943 -0.9614673 -0.91828287 -0.77988625
-2.8327555 -2.896053 -2.9347441 -2.9354475 -2.9092655 -2.8367253 -2.7424701 -2.6184172 -2.4857619 -2.3795061 -2.2881622 -2.272453 -2.2779702 -2.3498251 -2.4361484 -2.5411673 -2.5976356 -2.6252721 -2.5449719 -2.439035 -2.2511065 -2.0699527 -1.9151881 -1.8161212 -1.8044163 -1.8906548 -2.0233101 -2.1988448 -2.37843 -2.5130361 -2.6055195 -2.6221014 -2.6077217 -2.5667546 -2.5557611 -2.552587 -2.6286688 -2.7136691 -2.8190131 -2.8813461 -2.9164607 -2.8550612 -2.7723728 -2.5850947 -2.3862862 -2.1697459 -1.973021 -1.7857429 -1.6409304 -1.5145873 -1.4209482 -1.3540041 -1.3013321 -1.2681325 -1.2292592 -1.1765872 -1.028651
-2.7350815 -2.7930296 -2.8239244 -2.8364611 -2.8223461 -2.7853925 -2.716577 -2.6354149 -2.5212138 -2.4633702 -2.3844931 -2.4002023 -2.4107456 -2.496894 -2.576023 -2.6699123 -2.7053454 -2.7170506 -2.6311947 -2.4866891 -2.2711241 -2.0871606 -1.932396 -1.8429997 -1.8466405 -1.9487984 -2.0908695 -2.271877 -2.4524426 -2.5775656 -2.643158 -2.634769 -2.6070098 -2.5543262 -2.538456 -2.5338647 -2.6099464 -2.695425 -2.8046353 -2.8835735 -2.9288892 -2.897302 -2.8280093 -2.7077052 -2.5091359 -2.3392925 -2.187129 -2.0128792 -1.8684652 -1.7432381 -1.649599 -1.6017227 -1.5606554 -1.5928295 -1.557497 -1.5324475 -1.3595263
-2.6319402 -2.6801271 -2.7088183 -2.7468822 -2.7416459 -2.7462756 -2.7043845 -2.6699529 -2.5925706 -2.5640631 -2.5249264 -2.5506847 -2.585791 -2.6753578 -2.7565207 -2.8447316 -2.8540207 -2.8484934 -2.7296186 -2.5620621 -2.324548 -2.1167938 -1.9564925 -1.8625 -1.8738011 -1.9858569 -2.1406215 -2.3268974 -2.5097931 -2.6209895 -2.6821092 -2.665 -2.6172408 -2.5528639 -2.523225 -2.5142448 -2.58335 -2.6707079 -2.7814407 -2.8708425 -2.9293669 -2.935033 -2.8988933 -2.8168843 -2.6862861 -2.542672 -2.4269591 -2.2747956 -2.1114883 -1.9862612 -1.8870887 -1.8022458 -1.778836 -1.8326801 -1.8535818 -1.8468619 -1.7339556
-2.4819475 -2.5211706 -2.5709164 -2.6218315 -2.6794319 -2.7085578 -2.7399761 -2.7347391 -2.7250344 -2.7278075 -2.7302452 -2.7773728 -2.8308489 -2.9248131 -3.0082019 -3.0800569 -3.077998 -3.0282523 -2.875531 -2.6812795 -2.4159688 -2.1764025 -1.9995287 -1.8956159 -1.8956159 -2.007007 -2.1671142 -2.3557253 -2.5429091 -2.648746 -2.708602 -2.6864928 -2.6356996 -2.5596178 -2.5212983 -2.4943752 -2.5528996 -2.6289636 -2.7284552 -2.8243624 -2.9161205 -2.9567207 -2.9783716 -2.9666667 -2.9043216 -2.8340923 -2.7242319 -2.5927087 -2.4012234 -2.2364064 -2.072538 -1.9811272 -1.9311693 -2.0119202 -2.0762176 -2.1581518 -2.0568856
-2.340505 -2.3874026 -2.4529028 -2.5416204 -2.624185 -2.7176908 -2.7760595 -2.8388558 -2.8531318 -2.9065687 -2.9223439 -2.9877197 -3.0464567 -3.1404209 -3.2125631 -3.2696053 -3.2405611 -3.1774597 -3.0098326 -2.761158 -2.4479131 -2.1926447 -1.985871 -1.8715568 -1.8622894 -1.9757075 -2.137606 -2.3414149 -2.5307476 -2.6425856 -2.7214418 -2.7061617 -2.6544917 -2.5784099 -2.5197869 -2.4849617 -2.5017841 -2.5734641 -2.6604795 -2.7580667 -2.8571148 -2.9660336 -3.0155685 -3.0957075 -3.0614203 -3.0436594 -2.9661021 -2.8387725 -2.5672166 -2.3848634 -2.1473314 -1.9500482 -1.8721976 -1.9566657 -2.0420065 -2.1879166 -2.2366753
-2.2233297 -2.2659828 -2.3433651 -2.4517789 -2.5669797 -2.6905101 -2.8004744 -2.892787 -2.964642 -3.0255746 -3.0828647 -3.1509379 -3.2226885 -3.3159871 -3.3813177 -3.4255361 -3.3743315 -3.2858945 -3.0659746 -2.8059879 -2.4827229 -2.1821721 -1.9636717 -1.8258593 -1.808302 -1.9212804 -2.0870996 -2.3018179 -2.5065244 -2.6352781 -2.7379749 -2.7269203 -2.6836561 -2.6075743 -2.5421397 -2.4872932 -2.4852422 -2.5176201 -2.5937019 -2.6691514 -2.7803478 -2.9028769 -3.0195712 -3.134007 -3.2018834 -3.2194407 -3.165724 -3.0428227 -2.7380854 -2.449675 -2.1570529 -1.8814364 -1.7351253 -1.8028053 -1.9314652 -2.1304483 -2.2643519
-2.1452953 -2.1881048 -2.2820691 -2.3992445 -2.5404869 -2.6772309 -2.820344 -2.9307598 -3.0308739 -3.1027289 -3.1689662 -3.2370393 -3.30879 -3.3916996 -3.4512856 -3.4733949 -3.4082591 -3.2858945 -3.0488147 -2.7662488 -2.4235557 -2.109317 -1.8661155 -1.7198883 -1.702331 -1.8215425 -2.0009982 -2.2345104 -2.4601621 -2.6208524 -2.7398635 -2.7675 -2.7330234 -2.667183 -2.5900101 -2.5204091 -2.479442 -2.4892783 -2.5126881 -2.5755246 -2.6677536 -2.8133294 -2.9533393 -3.1289126 -3.229349 -3.3229881 -3.2739552 -3.1554169 -2.7902087 -2.4591103 -2.0260295 -1.6959149 -1.4503282 -1.488885 -1.6042988 -1.885216 -2.0965171
-2.1547219 -2.1913849 -2.2805419 -2.3933858 -2.5302019 -2.660813 -2.8032345 -2.9047054 -3.0138481 -3.0684286 -3.1372122 -3.1938409 -3.2601114 -3.3299414 -3.3813303 -3.399009 -3.3236983 -3.1954095 -2.9413323 -2.6587664 -2.3160734 -1.9968126 -1.7641834 -1.6141829 -1.6013092 -1.7394238 -1.9261216 -2.1941897 -2.4325718 -2.6101788 -2.7788447 -2.8278193 -2.8146762 -2.754603 -2.6700395 -2.5923421 -2.5156512 -2.4953571 -2.4879341 -2.4890259 -2.5673112 -2.692074 -2.846568 -3.0425743 -3.1865324 -3.2994258 -3.2834338 -3.1697691 -2.7908256 -2.3961185 -1.9266228 -1.4993197 -1.20938 -1.1756296 -1.3027607 -1.5910325 -1.9004991
-2.2064094 -2.2425669 -2.3254765 -2.4247898 -2.5504633 -2.6625499 -2.7882234 -2.8714151 -2.959852 -3.0009193 -3.0453016 -3.097101 -3.1506503 -3.2114507 -3.2522406 -3.2632953 -3.1893233 -3.0566679 -2.8015973 -2.5258616 -2.1899253 -1.8760992 -1.6494797 -1.5140787 -1.5082263 -1.6527571 -1.8627948 -2.1393134 -2.4173036 -2.6396965 -2.819232 -2.891087 -2.9033787 -2.8565591 -2.7757279 -2.6862635 -2.594089 -2.5175785 -2.4649065 -2.4442591 -2.4793738 -2.5867758 -2.7184843 -2.9215575 -3.0992943 -3.2339004 -3.2305896 -3.1428029 -2.7705985 -2.3344367 -1.8194217 -1.3884955 -1.0080867 -0.93760977 -1.0127051 -1.3111797 -1.6170231
-2.3681087 -2.4028244 -2.4645635 -2.5417572 -2.6233184 -2.6951337 -2.7617306 -2.7941731 -2.8340114 -2.8262619 -2.8466059 -2.8623151 -2.9051281 -2.9604012 -3.0035972 -3.0248605 -2.9663294 -2.8579722 -2.6173418 -2.3735282 -2.0750537 -1.7780115 -1.5845558 -1.4614316 -1.4817335 -1.6348888 -1.8561716 -2.1484079 -2.4371732 -2.6783924 -2.8796857 -2.9902319 -3.016524 -2.9956461 -2.9185465 -2.8319737 -2.7090724 -2.6235495 -2.5182696 -2.4464999 -2.4263883 -2.4847163 -2.5860205 -2.7615938 -2.9337145 -3.0908793 -3.1220758 -3.0699479 -2.7540244 -2.3344367 -1.8468722 -1.3954415 -0.98159393 -0.83675376 -0.88686453 -1.1212525 -1.4337699
-2.5510018 -2.6348389 -2.6898918 -2.7514311 -2.7846395 -2.8136627 -2.7982289 -2.7053978 -2.7109251 -2.7004213 -2.6313016 -2.6455147 -2.6434614 -2.697685 -2.7353074 -2.7721457 -2.7320468 -2.6704605 -2.4650085 -2.2793254 -1.9808508 -1.757555 -1.5704617 -1.4959128 -1.5248848 -1.6872873 -1.9035267 -2.195763 -2.483875 -2.7351416 -2.9326713 -3.0448696 -3.1069857 -3.1000148 -3.0285683 -2.9610751 -2.838532 -2.7273356 -2.6067193 -2.5236086 -2.4373116 -2.4192743 -2.4909263 -2.6598041 -2.7854721 -2.9412252 -2.9705323 -2.9968182 -2.7849737 -2.4031105 -1.9596236 -1.5489705 -1.1387988 -0.9389784 -0.92851448 -1.1135575 -1.3779294
-2.8234733 -2.9006014 -2.9448198 -2.9470254 -2.9365526 -2.8756363 -2.8127995 -2.7026923 -2.5976735 -2.4931654 -2.4056192 -2.3846736 -2.3827041 -2.4324499 -2.4928602 -2.5536606 -2.5654898 -2.5323259 -2.3903485 -2.2370703 -2.0197705 -1.8138607 -1.6646234 -1.5886207 -1.6295878 -1.7811086 -1.9911462 -2.2601541 -2.5448445 -2.7906471 -2.9799727 -3.0960462 -3.1581623 -3.1757197 -3.1318954 -3.0708139 -2.9634845 -2.8428912 -2.7024326 -2.5798952 -2.4686988 -2.4300188 -2.4122134 -2.5151275 -2.6385372 -2.7907007 -2.8820335 -2.9347055 -2.7866421 -2.5424185 -2.1737146 -1.8179266 -1.4199605 -1.1913527 -1.0840116 -1.1835031 -1.3748603
-3.1021885 -3.1800171 -3.2242356 -3.1953601 -3.1352482 -3.0170591 -2.8873104 -2.7059597 -2.5479996 -2.3788564 -2.2683282 -2.2107278 -2.2039225 -2.2647229 -2.3387929 -2.4356851 -2.4860476 -2.5012797 -2.384293 -2.3115812 -2.1623439 -1.9780233 -1.8674772 -1.7903832 -1.8220742 -1.9522191 -2.140168 -2.3598761 -2.6193553 -2.8334336 -2.9874081 -3.0836277 -3.1457439 -3.1633012 -3.1429403 -3.0956508 -3.0254215 -2.9111929 -2.789406 -2.6616044 -2.5370004 -2.4513682 -2.4122134 -2.4356231 -2.5516079 -2.6835842 -2.8123379 -2.9036593 -2.8932748 -2.6728125 -2.4461291 -2.1746884 -1.823561 -1.5487252 -1.431729 -1.4077802 -1.5053325
-3.3176595 -3.4420273 -3.489602 -3.44202 -3.3620501 -3.1855591 -3.0179944 -2.7729216 -2.5573567 -2.3543456 -2.1967975 -2.1265476 -2.0982953 -2.1590956 -2.2514167 -2.3610876 -2.461385 -2.5056035 -2.45461 -2.4229547 -2.3165377 -2.1829219 -2.0880505 -2.0255093 -2.0516006 -2.1377856 -2.3091322 -2.4736695 -2.692544 -2.8798222 -2.9597982 -3.0371739 -3.0732631 -3.090072 -3.0797764 -3.0522659 -3.0074813 -2.9222171 -2.8171239 -2.7344029 -2.5997967 -2.5052011 -2.4273637 -2.4255579 -2.4896157 -2.6081093 -2.737058 -2.8658117 -2.9249265 -2.8452761 -2.6791978 -2.5157654 -2.205586 -1.9223398 -1.7268317 -1.6508269 -1.6274439
-3.5185109 -3.6738389 -3.7346393 -3.6937011 -3.5837368 -3.3949109 -3.1697459 -2.9008005 -2.6189079 -2.3960567 -2.1967975 -2.1130152 -2.0651793 -2.1259797 -2.2183008 -2.3509562 -2.4626271 -2.5621186 -2.5749878 -2.5686649 -2.4912826 -2.4147335 -2.3428785 -2.3036832 -2.3153881 -2.3909836 -2.4960025 -2.6302935 -2.7665906 -2.8660822 -2.9399287 -2.9675652 -2.9739153 -2.9622104 -2.9511598 -2.9396717 -2.9162619 -2.8830423 -2.8303703 -2.7490243 -2.6495328 -2.5549061 -2.4671029 -2.4378407 -2.4540908 -2.5418774 -2.6732583 -2.8254218 -2.9385309 -2.9901741 -2.9375021 -2.781864 -2.5711761 -2.2832053 -2.0324898 -1.862769 -1.8322804
-3.5871319 -3.753859 -3.8344219 -3.8091377 -3.7145289 -3.5327537 -3.3127853 -3.0436008 -2.7617082 -2.5385961 -2.3366658 -2.2371743 -2.1833676 -2.2248927 -2.3075151 -2.4251138 -2.5368934 -2.6363849 -2.6547917 -2.6872823 -2.6596458 -2.5954773 -2.5540606 -2.5127193 -2.5205334 -2.565819 -2.6515717 -2.7130736 -2.828414 -2.886678 -2.8669511 -2.8313451 -2.7989697 -2.7514632 -2.7217539 -2.7051723 -2.7168772 -2.6850423 -2.6833389 -2.6852432 -2.6248208 -2.5752822 -2.4970709 -2.4565377 -2.47244 -2.5258304 -2.6262441 -2.7695047 -2.9128119 -2.9662665 -2.9799941 -2.9027409 -2.7205565 -2.4388186 -2.1879069 -1.9581797 -1.8252485
-3.5489566 -3.7567537 -3.8484069 -3.867558 -3.7837757 -3.6460413 -3.4313491 -3.1977643 -2.9158717 -2.7132234 -2.511293 -2.4118015 -2.3342309 -2.3622308 -2.4033466 -2.5122932 -2.592859 -2.6923505 -2.7374353 -2.7676739 -2.7525212 -2.7304638 -2.7018677 -2.6898601 -2.696752 -2.7299562 -2.7907566 -2.821142 -2.8727899 -2.8727899 -2.7882462 -2.7236087 -2.6179217 -2.5359875 -2.4693925 -2.4377408 -2.4518292 -2.4672928 -2.4944697 -2.5770199 -2.565315 -2.5677116 -2.5271206 -2.4981813 -2.4888293 -2.5251159 -2.5764928 -2.7052465 -2.8273522 -2.9336013 -2.9750875 -2.9203369 -2.7798783 -2.5098222 -2.2333348 -1.9732406 -1.7891788
-3.3854023 -3.5977972 -3.7415072 -3.7821105 -3.7664013 -3.6538741 -3.5124915 -3.3063701 -3.0880746 -2.907712 -2.7364815 -2.6369899 -2.5594193 -2.5483647 -2.5689263 -2.6131448 -2.6706686 -2.7204144 -2.760213 -2.7875435 -2.7875435 -2.7834493 -2.7834493 -2.7892079 -2.8184701 -2.8509062 -2.8901044 -2.8977174 -2.9059058 -2.8354789 -2.7352607 -2.5915507 -2.4499014 -2.286033 -2.1969163 -2.1198278 -2.1373851 -2.1697897 -2.2692813 -2.372357 -2.4725904 -2.5164214 -2.5469901 -2.5411377 -2.5383623 -2.5383623 -2.5700672 -2.6257683 -2.7201598 -2.8024274 -2.8492469 -2.804541 -2.7070232 -2.4468833 -2.1723674 -1.8738928 -1.6743464
-3.0506776 -3.2647102 -3.4441002 -3.5152554 -3.5660822 -3.4905336 -3.4371453 -3.3505575 -3.1708252 -3.0089223 -2.9094307 -2.8192687 -2.7613903 -2.728722 -2.717093 -2.7087229 -2.7277483 -2.710141 -2.7258139 -2.7203478 -2.7245264 -2.7377609 -2.7573407 -2.8071767 -2.8539701 -2.8896816 -2.933485 -2.937103 -2.9166187 -2.8242118 -2.6938839 -2.5138261 -2.2899053 -2.0922504 -1.9868099 -1.8425452 -1.85644 -1.8923622 -2.0272152 -2.152973 -2.3683787 -2.5402066 -2.6016858 -2.6179347 -2.6502826 -2.6228775 -2.6413571 -2.5870184 -2.565225 -2.6417607 -2.6509256 -2.5858309 -2.5031325 -2.2811587 -2.0033674 -1.7048928 -1.5053464
-2.663895 -2.9137092 -3.1138394 -3.2567264 -3.3247996 -3.3538843 -3.3119932 -3.269101 -3.1696094 -3.1138136 -3.0266994 -2.9694136 -2.9005748 -2.8453017 -2.773056 -2.7398606 -2.6859007 -2.6582641 -2.6487632 -2.6315267 -2.6552076 -2.6840635 -2.7361523 -2.7997769 -2.8590779 -2.9126724 -2.9568908 -2.9430668 -2.9195116 -2.7966104 -2.6338097 -2.4279348 -2.1918764 -1.9519262 -1.77352 -1.6285574 -1.6299037 -1.6846196 -1.8440696 -2.1067784 -2.3350237 -2.5529747 -2.7136294 -2.7850433 -2.8015837 -2.7573874 -2.6397892 -2.5812648 -2.4946429 -2.4745145 -2.4565912 -2.3616464 -2.2797122 -2.0750851 -1.8221137 -1.5243565 -1.2521853
