mean_models/J1_mean_tot_conduct_slide_102.59.dat.tif
NCOLS 118
NROWS 92
XLLCORNER 139.62
YLLCORNER -39.07
DX 0.099491525
DY 0.099347826
NODATA_VALUE -9999
[rows 26 to 51 of 92, columns 57 to 113 of 118]
-2.9939819 -2.9057608 -2.8339058 -2.7738333 -2.7319422 -2.7081739 -2.7081739 -2.7132143 -2.7353235 -2.7613479 -2.7931169 -2.824257 -2.8477159 -2.8688141 -2.8688028 -2.8577482 -2.8177951 -2.7680494 -2.6865663 -2.5996439 -2.4989849 -2.3973136 -2.2832335 -2.1919507 -2.115869 -2.08201 -2.0543735 -2.0814388 -2.1178014 -2.1997356 -2.2918814 -2.4024275 -2.5079044 -2.5898386 -2.6726851 -2.7598813 -2.8202381 -2.905288 -3.0340417 -3.0670299 -3.0962921 -3.1095511 -3.1151584 -2.9961018 -2.9206232 -2.9206232 -2.9196891 -2.9138366 -2.8928423 -2.8469783 -2.8411258 -2.8390323 -2.8273274 -2.8304244 -2.8352163 -2.8001016 -2.7585384
-3.1557953 -3.0698968 -2.9869872 -2.9197536 -2.8577828 -2.8194821 -2.7876522 -2.7704959 -2.7618163 -2.757207 -2.7666241 -2.7613877 -2.7682377 -2.7516557 -2.7384114 -2.6997202 -2.6529442 -2.5892233 -2.5104118 -2.427441 -2.3390041 -2.2449802 -2.1565433 -2.077435 -2.0363907 -2.0161284 -2.0146344 -2.0450204 -2.0846855 -2.1753676 -2.2710954 -2.370587 -2.4866247 -2.6030849 -2.6765626 -2.7532581 -2.8000777 -2.8784544 -2.8901593 -2.9018641 -2.9174661 -2.9202826 -2.9164628 -2.8169713 -2.7484203 -2.7484203 -2.7523834 -2.7548801 -2.8691183 -2.8872101 -2.8930626 -2.898915 -2.9001825 -2.8467444 -2.8222603 -2.804703 -2.7651616
-3.2815693 -3.2012578 -3.1183482 -3.0380367 -2.9711633 -2.9119171 -2.8717712 -2.820669 -2.7975144 -2.7557297 -2.7452973 -2.7182319 -2.701963 -2.6668215 -2.6332669 -2.5884598 -2.5323722 -2.4660445 -2.3861152 -2.3078525 -2.237024 -2.155282 -2.0869301 -2.030922 -2.0029462 -2.0164642 -2.0260878 -2.0784797 -2.1207747 -2.2151134 -2.3106596 -2.4051698 -2.5046614 -2.6225309 -2.6802872 -2.7505234 -2.7758988 -2.8114421 -2.8143666 -2.8026617 -2.8108503 -2.7941236 -2.7869302 -2.7030786 -2.6419769 -2.6445509 -2.6662558 -2.674109 -2.7976428 -2.8753288 -2.8933034 -2.9207909 -2.9285926 -2.8850831 -2.8419759 -2.8244186 -2.7885412
-3.389274 -3.315198 -3.2322884 -3.1513044 -3.0727584 -3.006557 -2.9489566 -2.8897994 -2.8345264 -2.7819068 -2.7301886 -2.6935338 -2.6522891 -2.6025433 -2.5490278 -2.4937547 -2.4321956 -2.3658679 -2.2904724 -2.2162088 -2.1529379 -2.0928771 -2.0376041 -2.0064451 -2.0005927 -2.0285702 -2.0672613 -2.1252934 -2.1886314 -2.2881229 -2.3789612 -2.4673981 -2.5585269 -2.6580184 -2.7070998 -2.7494766 -2.7640454 -2.772206 -2.7605011 -2.7387079 -2.727003 -2.7025324 -2.6769802 -2.6012561 -2.5567895 -2.5626419 -2.5917449 -2.6210071 -2.7524318 -2.8486167 -2.8837314 -2.9172719 -2.9406817 -2.9009742 -2.8661403 -2.848583 -2.8140507
-3.4699941 -3.3959181 -3.3130085 -3.2295793 -3.1472693 -3.0723139 -3.0048398 -2.9276 -2.8593633 -2.7880592 -2.729273 -2.6611998 -2.6136386 -2.5528694 -2.4958496 -2.4316623 -2.3729099 -2.3099848 -2.240252 -2.1851626 -2.1464714 -2.0955367 -2.0734275 -2.0550794 -2.0813128 -2.1248305 -2.1790276 -2.2370597 -2.3003977 -2.3936531 -2.4718083 -2.5356997 -2.6141643 -2.6952738 -2.7205657 -2.7494766 -2.7319192 -2.7349505 -2.6909504 -2.6346942 -2.596609 -2.5505247 -2.51554 -2.4570155 -2.413977 -2.4447917 -2.4997219 -2.5464962 -2.7100191 -2.8113613 -2.8755334 -2.9266949 -2.9593094 -2.9196019 -2.884768 -2.871904 -2.8418791
-3.4876304 -3.4256176 -3.346951 -3.272875 -3.1896307 -3.0767614 -3.0034518 -2.929287 -2.8463774 -2.7741552 -2.7053716 -2.6447143 -2.5770738 -2.5143464 -2.453546 -2.3880908 -2.3318366 -2.2710362 -2.2147697 -2.1765942 -2.1605543 -2.1341372 -2.1294782 -2.143628 -2.1847366 -2.254389 -2.3207167 -2.3624265 -2.4249969 -2.5127835 -2.5678869 -2.6220652 -2.6752083 -2.7450707 -2.7458692 -2.7545005 -2.7088395 -2.680006 -2.605727 -2.4820561 -2.4235317 -2.3597525 -2.3141568 -2.2803262 -2.2579334 -2.3000869 -2.4007319 -2.4651088 -2.6594122 -2.7921157 -2.8724107 -2.9431804 -2.9841475 -2.9619276 -2.9290528 -2.9184566 -2.887323
-3.4904239 -3.3858784 -3.3250781 -3.2596286 -3.1915555 -3.0801567 -2.9492468 -2.8650391 -2.7931841 -2.7211697 -2.6523861 -2.6000222 -2.5439579 -2.4776302 -2.4138069 -2.3530065 -2.299085 -2.2493392 -2.2171711 -2.1898406 -2.1898406 -2.1937459 -2.2158551 -2.2562222 -2.3264515 -2.4086563 -2.4970932 -2.5320239 -2.5628673 -2.6272441 -2.6804811 -2.7136449 -2.7546865 -2.8015061 -2.7908124 -2.7677469 -2.6975175 -2.595851 -2.4202777 -2.2948839 -2.2012448 -2.1277714 -2.0624756 -2.0566232 -2.0767535 -2.1411304 -2.2491015 -2.3778552 -2.5978371 -2.7818546 -2.8989035 -2.9701896 -3.0170092 -3.0078748 -2.9971641 -2.9913116 -2.9598111
-3.5033306 -3.3999056 -3.3430033 -3.274755 -3.2036651 -3.0925054 -2.9615955 -2.876511 -2.804656 -2.7274573 -2.6570578 -2.5994574 -2.5435593 -2.4772316 -2.418178 -2.3647973 -2.3248726 -2.2857477 -2.2568112 -2.2517123 -2.2848762 -2.2993104 -2.3515317 -2.4017289 -2.4873039 -2.5775481 -2.6706929 -2.6575902 -2.6746435 -2.7271664 -2.753694 -2.7702106 -2.8012375 -2.8392697 -2.8050698 -2.7728195 -2.661623 -2.5568121 -2.3541746 -2.1734767 -2.0517847 -1.9478612 -1.8754113 -1.8695589 -1.8908052 -1.9848983 -2.1496889 -2.302328 -2.5773869 -2.7637699 -2.9012969 -2.9827775 -3.029597 -3.014679 -3.0041754 -3.002269 -2.976621
-3.5116793 -3.4051365 -3.3498635 -3.2863515 -3.2130419 -3.1002364 -2.9693265 -2.886742 -2.814887 -2.7401883 -2.6667484 -2.6108229 -2.5537994 -2.4897316 -2.437952 -2.3884322 -2.3601036 -2.332467 -2.3229661 -2.3306121 -2.3735311 -2.4156215 -2.4764313 -2.5490678 -2.6429088 -2.7380508 -2.8375424 -2.7933239 -2.7698031 -2.8049177 -2.82 -2.83 -2.8510269 -2.8802891 -2.8332627 -2.7804636 -2.6529885 -2.5079636 -2.2895688 -2.0707253 -1.9127094 -1.7925895 -1.6975 -1.6935942 -1.7306481 -1.839656 -2.0407827 -2.2339133 -2.5335011 -2.7652168 -2.911989 -2.9955085 -3.042328 -3.02491 -3.0125 -3.0125 -2.9918519
-3.5072971 -3.3985133 -3.3432403 -3.280346 -3.2122729 -3.1002364 -2.9693265 -2.8885311 -2.8215102 -2.7496552 -2.6799948 -2.6276309 -2.573669 -2.5183959 -2.4710679 -2.4379041 -2.4160269 -2.4049723 -2.4141066 -2.4365831 -2.4918561 -2.5480852 -2.6254675 -2.7080243 -2.8075158 -2.90235 -2.9964989 -2.9219226 -2.8426582 -2.8616944 -2.8729855 -2.8729855 -2.890766 -2.9200283 -2.8644519 -2.79371 -2.6415465 -2.4668273 -2.2034673 -1.9759499 -1.7736224 -1.6435213 -1.5319203 -1.5319203 -1.57998 -1.7204386 -1.9361964 -2.1809278 -2.5122158 -2.7730719 -2.9252354 -3.0087549 -3.0555744 -3.034793 -3.0191232 -3.0191232 -3.0008031
-3.5396204 -3.4232509 -3.3585251 -3.2925132 -3.2221705 -3.1361447 -3.0178115 -2.9327271 -2.8653012 -2.7989735 -2.7228071 -2.6293845 -2.5817797 -2.5425753 -2.5018502 -2.4746115 -2.4727612 -2.4712463 -2.4873951 -2.5207072 -2.5813063 -2.6410427 -2.718425 -2.7952966 -2.8824316 -2.9516783 -3.0343961 -3.0268208 -2.9427344 -2.9586682 -2.964223 -2.9608084 -2.9095223 -2.8929658 -2.8420269 -2.768353 -2.6109767 -2.4231053 -2.1566264 -1.901751 -1.6842947 -1.5396965 -1.423251 -1.4184171 -1.4726145 -1.6305626 -1.8597301 -2.1128093 -2.5105885 -2.7802128 -2.9256796 -2.9974941 -3.0411663 -2.998836 -2.9822894 -2.9822894 -2.9676334
-3.500384 -3.4373043 -3.3654493 -3.2995399 -3.2262303 -3.1453702 -3.0511151 -2.9810536 -2.9091986 -2.8494989 -2.7787704 -2.6801566 -2.5998459 -2.5673477 -2.5441419 -2.5220327 -2.5242784 -2.5408604 -2.571044 -2.6061555 -2.6653142 -2.7261146 -2.8017357 -2.8752015 -2.9512832 -3.0080234 -3.0632965 -3.0457678 -3.0258764 -3.0375813 -3.0414331 -3.0359058 -2.9821197 -2.8884806 -2.8177561 -2.7481715 -2.5855703 -2.3918465 -2.1226341 -1.8592442 -1.6134416 -1.4649003 -1.3408893 -1.3384855 -1.4003798 -1.5701007 -1.8111885 -2.0686959 -2.4776856 -2.7908256 -2.9312842 -2.9928814 -3.027996 -2.9830932 -2.95 -2.95 -2.9370469
-3.4341522 -3.3721393 -3.3113389 -3.2522138 -3.1997376 -3.126428 -3.0511151 -2.9913983 -2.9356914 -2.8905548 -2.8317559 -2.7375008 -2.6594546 -2.6373453 -2.6191623 -2.613635 -2.6170031 -2.633585 -2.6666286 -2.7055034 -2.7607764 -2.8188392 -2.8796396 -2.9468661 -3.011243 -3.061399 -3.1030356 -3.07611 -3.045746 -3.0528885 -3.0546795 -3.0491522 -2.995366 -2.9017269 -2.8310025 -2.7614179 -2.5858446 -2.3846069 -2.0978372 -1.8289888 -1.5737025 -1.4251612 -1.3011502 -1.312855 -1.3828475 -1.5759781 -1.8245923 -2.0951887 -2.5128171 -2.8288257 -2.9458745 -3.0019064 -3.027996 -2.9830932 -2.95 -2.95 -2.939008
-3.3524538 -3.2993863 -3.2482004 -3.2080118 -3.1632588 -3.1180759 -3.0510628 -3.0217727 -2.9741322 -2.9529298 -2.9008265 -2.8065714 -2.7329392 -2.7173698 -2.7025346 -2.6970073 -2.7053971 -2.721979 -2.7566965 -2.7861078 -2.8276446 -2.8818019 -2.935554 -2.9908645 -3.0482158 -3.0874628 -3.1244353 -3.0907934 -3.0550238 -3.0608762 -3.0626673 -3.0571399 -3.0001484 -2.9050748 -2.8389878 -2.7694056 -2.5938324 -2.3825512 -2.0981533 -1.8351573 -1.5787055 -1.4383174 -1.3159664 -1.3399311 -1.421641 -1.6202728 -1.8647394 -2.1384506 -2.5473524 -2.8600132 -2.9666578 -3.0107206 -3.033304 -2.9830932 -2.95 -2.95 -2.939008
-3.255779 -3.2143818 -3.1756907 -3.1507881 -3.1246061 -3.0903698 -3.0484787 -3.0316618 -3.0150798 -3.0030269 -2.9849322 -2.8917254 -2.818999 -2.8079444 -2.7993145 -2.7937872 -2.7858726 -2.8024546 -2.8281043 -2.8519952 -2.887308 -2.9517815 -3.0015273 -3.0537472 -3.1005667 -3.1387943 -3.1664309 -3.1094704 -3.068536 -3.0743885 -3.0761795 -3.0706522 -2.9937331 -2.8942416 -2.829024 -2.7661977 -2.596475 -2.3870732 -2.106156 -1.8531237 -1.6014687 -1.4668836 -1.3584154 -1.3901449 -1.4871538 -1.6919893 -1.9382675 -2.2016274 -2.5892798 -2.8855504 -2.9791895 -3.0169117 -3.034469 -2.9917589 -2.954529 -2.954529 -2.9417254
-3.1347772 -3.1097709 -3.1028356 -3.0934167 -3.0981133 -3.0719313 -3.0418555 -3.0453382 -3.0481958 -3.0583323 -3.0511641 -3.0249821 -2.9717966 -2.9662693 -2.958271 -2.9527437 -2.8985064 -2.8421937 -2.8595919 -2.8652416 -2.8818235 -2.9439957 -3.1374514 -3.2182729 -3.286016 -3.3386176 -3.3849961 -3.2337296 -3.1281447 -3.1339972 -3.1357882 -3.1302609 -3.0027509 -2.8081401 -2.7503859 -2.6933427 -2.5645889 -2.3672037 -2.0915472 -1.8666619 -1.6544542 -1.5403166 -1.4445169 -1.5147462 -1.6196176 -1.8300927 -2.0804118 -2.3473376 -2.632661 -2.8987968 -2.9594952 -2.9875112 -3.0013531 -3.0082184 -2.9876449 -2.9823044 -2.9654599
-2.974471 -2.9971767 -3.006976 -3.0288659 -3.056883 -3.0537429 -3.0484148 -3.084389 -3.1009709 -3.1122091 -3.1257003 -3.0999458 -3.0867604 -3.0812331 -3.0757058 -3.0659702 -3.0076368 -2.9057746 -2.8894469 -2.8867923 -2.9033742 -2.9390537 -3.1285329 -3.2453259 -3.3062848 -3.3662843 -3.4180973 -3.2695992 -3.129623 -3.1358639 -3.1414186 -3.1358913 -3.0147921 -2.7884404 -2.7099584 -2.6620093 -2.5337929 -2.3699743 -2.1062134 -1.8949372 -1.7305175 -1.6514326 -1.5679879 -1.6393331 -1.7709483 -1.9748477 -2.2194987 -2.4450661 -2.703632 -2.9076954 -2.9577667 -2.9776271 -2.989332 -2.9958633 -2.9980409 -2.9921884 -2.975344
-2.8648814 -2.911293 -2.9499842 -2.9995136 -3.0466411 -3.0722694 -3.0827422 -3.1208547 -3.1650732 -3.1900976 -3.2047936 -3.1890844 -3.175899 -3.1703717 -3.1592681 -3.1426862 -3.0598426 -2.9437692 -2.9183737 -2.9097552 -2.9022308 -2.9232979 -3.0891172 -3.2015487 -3.2425158 -3.2880336 -3.3377793 -3.2262884 -3.0927718 -3.1044767 -3.1114852 -3.1059579 -2.9884932 -2.7719528 -2.7007195 -2.6553766 -2.5469423 -2.3944 -2.1544498 -1.9827512 -1.8364401 -1.7667752 -1.7161255 -1.7985804 -1.9234209 -2.1165515 -2.3045241 -2.5093596 -2.7530705 -2.9248328 -2.9599474 -2.9776271 -2.989332 -2.9951364 -2.997314 -2.9914615 -2.9709531
-2.7776286 -2.8364392 -2.9127287 -2.9813849 -3.0590596 -3.0990061 -3.1262069 -3.1714438 -3.2209563 -3.2598311 -3.2791079 -3.2529259 -3.2379914 -3.232464 -3.2196627 -3.1985693 -3.1019639 -2.9686061 -2.9373305 -2.9097552 -2.887646 -2.9003921 -3.005411 -3.1051921 -3.118331 -3.1577414 -3.2011761 -3.1348766 -3.0244701 -3.0393475 -3.0506386 -3.0500747 -2.9450024 -2.7471159 -2.6797931 -2.6367489 -2.5548147 -2.4068184 -2.194876 -2.0581412 -1.9419972 -1.8979427 -1.858938 -1.9584296 -2.0848611 -2.2477109 -2.3898744 -2.5590335 -2.7762677 -2.9434605 -2.9687806 -2.9807497 -2.989332 -2.99 -2.9911047 -2.99 -2.968016
-2.6828007 -2.7711762 -2.8596794 -2.9586974 -3.0486654 -3.16217 -3.1988248 -3.2633473 -3.3186204 -3.3645725 -3.3715868 -3.279627 -3.2585647 -3.2530374 -3.2426608 -3.2214819 -3.1630893 -3.0193793 -2.9708812 -2.9260409 -2.8775807 -2.8476608 -2.885502 -2.9377921 -2.9373027 -2.945486 -2.9841771 -2.9601094 -2.8837892 -2.9013466 -2.9272386 -2.9327681 -2.923152 -2.7402148 -2.680958 -2.6416755 -2.5724637 -2.4510629 -2.2440537 -2.1296231 -2.035984 -2.0137746 -1.9970265 -2.1161302 -2.238204 -2.384494 -2.4847023 -2.6193085 -2.8544598 -3.0021159 -3.0255256 -3.0374947 -3.0433472 -2.9967101 -2.9967101 -2.9955435 -2.968016
-2.5979928 -2.7049443 -2.8154905 -2.9255815 -3.0355458 -3.1597853 -3.2906952 -3.3796775 -3.4570598 -3.5076367 -3.5239202 -3.3615919 -3.2386952 -3.2331679 -3.2227912 -3.2062093 -3.1513335 -3.0739512 -3.0145523 -2.9591568 -2.8928292 -2.8277912 -2.7669908 -2.7192269 -2.6899646 -2.6846284 -2.6901557 -2.6813078 -2.6725714 -2.7018336 -2.7285429 -2.7506522 -2.7509491 -2.7333917 -2.7021099 -2.6681683 -2.6096439 -2.5003332 -2.2837928 -2.1711956 -2.124376 -2.1147004 -2.1228671 -2.2633257 -2.392515 -2.5037114 -2.5990554 -2.686842 -2.9366947 -3.1080869 -3.1314966 -3.1434657 -3.1493182 -3.0675653 -3.0080191 -3.0021667 -2.9743302
-2.6038338 -2.7198612 -2.8462174 -2.9626526 -3.0787591 -3.2102667 -3.3463732 -3.4357468 -3.5131291 -3.5531056 -3.5644415 -3.3811677 -3.2571965 -3.2516692 -3.2388679 -3.2185218 -3.1567092 -3.0739077 -3.01177 -2.9340205 -2.8234743 -2.7434173 -2.6369596 -2.5678605 -2.5035815 -2.4829924 -2.4788867 -2.4892492 -2.4862535 -2.5252163 -2.5788166 -2.6262228 -2.6490444 -2.6523714 -2.6588198 -2.6385323 -2.6209749 -2.5128413 -2.3119836 -2.2299647 -2.1987728 -2.1992616 -2.2115842 -2.3689494 -2.4981169 -2.5792166 -2.6335935 -2.7057999 -2.9434342 -3.1146236 -3.1338833 -3.14 -3.1434771 -3.0675876 -3.0080409 -3.0021884 -2.9706879
-2.6150779 -2.7466941 -2.8793494 -3.0021721 -3.1226092 -3.2548505 -3.3962332 -3.4853949 -3.5627772 -3.6001957 -3.6014339 -3.4129616 -3.2723758 -3.2656606 -3.2528593 -3.2307501 -3.1643315 -3.0758945 -2.9965254 -2.9054352 -2.7724182 -2.6507138 -2.5257462 -2.4103485 -2.3265952 -2.2740133 -2.2574313 -2.2675835 -2.2813677 -2.3340397 -2.4162114 -2.4761667 -2.5370099 -2.5604197 -2.5939271 -2.6055246 -2.6070352 -2.533097 -2.3408357 -2.2732953 -2.2615904 -2.268017 -2.2890686 -2.4510938 -2.5752364 -2.6414539 -2.6768208 -2.7236404 -2.9574256 -3.118884 -3.1359222 -3.14 -3.14 -3.0637765 -3.0080409 -3.0018189 -2.965572
-2.6677899 -2.8063028 -2.9389581 -3.061221 -3.1764217 -3.3068034 -3.4429497 -3.5300261 -3.6025163 -3.6371491 -3.6345499 -3.4355668 -3.2856222 -3.2745676 -3.2594825 -3.2373732 -3.1700333 -3.0760691 -2.9779501 -2.8723192 -2.7120273 -2.5579892 -2.39217 -2.251392 -2.1284907 -2.0613586 -2.0123734 -2.0248028 -2.0429329 -2.1226921 -2.2108925 -2.3103841 -2.3905033 -2.4665851 -2.5178385 -2.5657854 -2.5950476 -2.5495249 -2.3739517 -2.30949 -2.3145759 -2.3234399 -2.3486773 -2.5183981 -2.6394551 -2.6745698 -2.7057214 -2.7368867 -2.9672077 -3.1242173 -3.1359222 -3.14 -3.14 -3.0637765 -3.0069006 -2.9951957 -2.9578428
-2.7722392 -2.9007375 -3.0262569 -3.1440471 -3.2467723 -3.3713976 -3.3917617 -3.4186692 -3.4799173 -3.5109224 -3.4935354 -3.3467975 -3.3046729 -3.29632 -3.2835187 -3.2576532 -3.1882652 -3.0606244 -2.9496238 -2.8275946 -2.6589455 -2.4710689 -2.2856699 -2.0960598 -1.9521211 -1.8792572 -1.8090624 -1.8145709 -1.8354391 -1.9214546 -2.0171824 -2.1331957 -2.2676249 -2.3722952 -2.434011 -2.5260463 -2.5662961 -2.5536191 -2.5053473 -2.5225408 -2.5493574 -2.5721551 -2.5998295 -2.7231376 -2.7654407 -2.7966403 -2.8259025 -2.8495448 -2.9049975 -3.0603695 -3.0683089 -3.0703478 -3.0703478 -2.9302765 -2.8725818 -2.8608769 -2.8235239
-2.871587 -2.9821946 -3.1026482 -3.1989474 -3.298439 -3.3235905 -3.3288269 -3.3557345 -3.3888983 -3.4036035 -3.4101461 -3.3593845 -3.3172599 -3.3106751 -3.2954491 -3.2678126 -3.1716421 -3.0389867 -2.9153992 -2.7854753 -2.5825542 -2.3812878 -2.1660032 -1.9649026 -1.8062395 -1.7023014 -1.6304465 -1.6359549 -1.6575909 -1.7512299 -1.8715398 -2.000942 -2.1499365 -2.2903951 -2.4088371 -2.5024427 -2.5735787 -2.6285588 -2.6641515 -2.7024865 -2.7317487 -2.7521188 -2.7765644 -2.8233839 -2.8634288 -2.8916146 -2.90828 -2.9316897 -2.978178 -3.0121087 -3.0179611 -3.02 -3.02 -2.8768521 -2.7736542 -2.7621884 -2.7392524
