mean_models/J1_mean__temp2_slide_15.dat.tif
NCOLS 118
NROWS 92
XLLCORNER 139.62
YLLCORNER -39.07
DX 0.099491525
DY 0.099347826
NODATA_VALUE -9999
[rows 0 to 26 of 92, columns 0 to 59 of 118]
-9999 -9999 -9999 -9999 -9999 -9999 -9999 -9999 -9999 -9999 -9999 -9999 -9999 -9999 -9999 -9999 -9999 -9999 -9999 -9999 -9999 -9999 -9999 -9999 -9999 -9999 -9999 -9999 -9999 -9999 -9999 -9999 -9999 -9999 -9999 -9999 -9999 -9999 -9999 -9999 -9999 -9999 -9999 -9999 -9999 -9999 -9999 -9999 -9999 -9999 -9999 -9999 -9999 -9999 -9999 -9999 -9999 -9999 -9999 -9999
-9999 187.56915 188.11309 188.65703 189.20097 189.74491 190.52171 190.3887 188.78809 187.2525 185.7169 184.18131 182.64571 181.05725 179.7619 178.92402 178.08613 177.24825 176.41036 175.35316 173.78998 172.22681 170.66363 169.10045 167.87977 168.91372 170.861 173.58639 176.31178 179.03718 181.76257 182.97318 181.26378 179.55438 177.84498 176.13558 174.10958 171.17388 169.47636 168.73052 167.98467 167.23883 166.49299 166.9723 168.29175 169.59823 170.90471 172.21119 173.51768 174.91354 175.03133 175.14912 175.26691 175.3847 175.24057 174.56177 174.40898 174.25619 174.1034 173.95061
-9999 190.40511 190.94905 191.493 192.03694 192.99485 194.21207 194.07906 192.3877 190.74519 189.2096 187.674 186.13841 184.54994 182.8556 181.34769 180.50981 179.67192 178.83404 177.77683 176.21366 174.65048 173.0873 172.4786 173.38115 174.41511 175.80124 177.44398 180.16938 182.89477 185.62016 186.83078 185.12138 183.41198 181.70258 179.40402 176.496 173.56029 170.58498 168.42688 167.68104 166.9352 166.18935 166.66867 168.02874 169.35814 170.66462 171.9711 173.27758 174.73242 176.21288 176.49653 176.61432 176.73211 176.58797 175.53656 174.70951 174.55672 174.40393 174.25114
-9999 193.24108 193.78502 194.32896 195.46799 196.68521 197.90243 197.76942 196.07806 194.3867 192.70229 191.1667 189.63111 188.04264 186.3483 184.65396 182.95962 182.09559 181.25771 180.20051 178.63733 177.07415 177.07743 177.97999 178.88254 179.91649 181.30263 182.68876 184.0749 186.75236 189.47776 190.68837 188.97897 187.26957 184.69845 181.79043 178.88241 175.94671 172.9714 169.99609 167.37741 166.63156 165.88572 166.36504 167.7251 169.08517 170.42453 171.73101 173.03749 174.49232 175.97279 177.45326 177.96172 178.07951 177.93538 176.88397 175.83255 174.85725 174.70445 174.55166
-9999 196.07705 196.7239 197.94112 199.15834 200.37556 201.59279 201.45977 199.76842 198.07706 196.38571 194.69435 193.1238 191.53534 189.841 188.14666 186.45232 184.75797 183.68138 182.62418 181.061 181.67626 182.57882 183.48137 184.38392 185.41788 186.80401 188.19015 189.57629 190.96242 193.33535 194.54596 192.83656 189.99289 187.08487 184.17685 181.26883 178.33313 175.35782 172.38251 169.40719 166.43188 165.58209 166.06141 167.42147 168.78154 170.14161 171.49092 172.7974 174.25223 175.7327 177.21317 178.69364 179.42692 179.28278 178.23137 177.17996 176.12855 175.07714 174.85219
-9999 199.19704 200.41426 201.63148 202.8487 204.06592 205.28314 205.15013 203.45878 201.76742 200.07606 198.38471 196.69335 195.02803 193.33369 191.63935 189.94501 188.25067 186.55633 185.37254 186.2751 187.17765 188.0802 188.98276 189.88531 190.91926 192.3054 193.69154 195.07767 196.46381 197.84994 198.19535 195.28733 192.37931 189.47129 186.56327 183.65525 180.71955 177.74423 174.76892 171.79361 168.8183 165.84299 165.75777 167.11784 168.47791 169.83797 171.19804 172.55731 174.01214 175.49261 176.97308 178.45355 179.93402 180.63019 179.57878 178.52736 177.47595 176.42454 175.37313
-9999 200.37414 201.59136 202.80858 204.0258 205.24302 206.35014 206.11593 204.42458 202.73322 201.04186 199.35051 197.78516 196.59864 195.64117 193.94683 192.25249 190.55815 188.86381 187.95473 188.85728 189.75984 190.66239 191.56494 192.59844 193.19127 192.4976 193.88373 195.26987 196.656 198.04214 197.96153 195.05351 192.14549 189.23748 186.32946 183.91574 181.5696 178.59429 175.61898 172.64367 169.66836 166.67721 164.3655 164.25259 165.61266 166.97273 168.33279 169.69286 171.15559 172.63606 174.11652 175.59699 176.83413 176.99537 175.94395 174.89254 173.84113 172.78972 173.82951
-9999 201.15307 202.37029 203.58751 204.80473 205.85594 206.88429 206.65009 204.95873 203.26737 201.57602 200.09323 198.68077 197.49425 196.76017 196.02609 194.37219 192.67785 190.98351 190.07443 190.97698 191.87954 192.78209 193.91226 195.16669 195.75952 194.57911 193.3987 194.62094 196.00707 197.39321 197.3126 194.40458 191.49656 188.58854 186.42876 184.5224 182.17626 179.20095 176.22564 173.25033 170.25348 167.25364 164.94193 163.1249 162.34158 163.70165 165.06171 166.42178 167.88451 169.36498 170.84544 171.89867 172.40999 172.57122 171.51981 170.46839 169.41698 171.09432 173.40253
-9999 201.93199 203.14922 204.33339 205.36174 206.39009 207.41844 207.18424 205.49288 203.81374 202.40129 200.98884 199.57638 198.38986 197.65578 196.9217 196.18761 194.79755 193.10321 192.19413 193.09669 193.99924 195.22609 196.48051 197.73493 198.32776 197.14735 195.96695 194.78654 195.35814 196.74428 196.66367 193.75565 190.84813 188.94177 187.03542 185.12906 182.78292 179.8076 176.82959 173.82975 170.82991 167.83007 165.51836 163.70133 161.8843 160.43057 161.79063 163.1507 164.61343 166.0939 166.96321 167.47452 167.98584 168.14707 167.09566 166.05093 168.35914 170.66734 172.97554
-9999 202.71092 203.83919 204.86754 205.89589 206.92425 207.9526 207.71839 206.12181 204.70935 203.2969 201.88445 200.47199 199.28547 198.55139 197.81731 197.08322 196.34914 195.22291 194.31383 195.28549 196.53991 197.79434 199.04876 200.30318 200.89601 199.7156 198.53519 197.35479 196.17438 196.09535 196.01474 193.36115 191.45479 189.54843 187.64207 185.73571 183.38957 180.40586 177.40602 174.40618 171.40634 168.4065 166.09479 164.27776 162.46073 160.6437 158.82667 159.87962 161.34235 162.02774 162.53906 163.05037 163.56169 163.72292 163.31575 165.62395 167.93215 170.24036 172.54856
-9999 203.11097 204.13933 205.16768 206.19603 207.22438 208.25273 208.02711 206.61465 205.2022 203.78975 202.37729 200.96484 199.95483 199.22075 198.48667 197.75259 197.0185 196.28442 196.15164 197.40606 198.66048 199.9149 201.16932 202.42375 203.07883 201.89842 200.71801 199.53761 198.3572 197.17679 195.74842 193.84206 191.9357 190.02934 188.12299 186.21663 183.84061 180.84077 177.84093 174.84109 171.84125 168.84141 166.40483 164.5878 162.77077 160.95374 159.13671 157.31968 157.48789 157.99921 158.51052 159.02184 159.53315 160.66522 162.97343 165.28163 167.58984 169.89804 172.20624
-9999 201.87741 202.90576 203.93411 204.96246 205.99081 206.37064 205.88037 204.46791 203.05546 201.64301 200.23055 199.03915 198.30265 198.34493 197.67326 196.93918 196.20509 195.47101 195.33822 196.59265 197.84707 199.10149 200.35591 201.61886 202.32141 201.51148 200.37485 199.19444 198.01403 196.83363 195.40526 193.4989 191.59254 189.68618 187.77982 185.7759 183.34801 180.34817 177.34833 174.34849 171.34865 167.94791 165.24692 163.15201 161.33499 159.51796 157.70093 155.8839 156.05211 156.56342 157.07474 157.58605 158.86599 160.87779 163.18599 165.49419 167.8024 170.1106 173.46493
-9999 200.64384 201.67219 202.70054 203.6064 203.91515 204.2239 203.73363 202.32117 200.90872 199.50747 198.38208 197.25668 196.52018 196.56246 196.60475 196.12577 195.39168 194.6576 194.52481 195.77924 197.03366 198.28808 199.55411 200.82097 201.52352 200.71359 199.90367 198.85128 197.67087 196.49046 195.06209 193.15573 191.24937 189.33952 187.31141 185.2833 182.85541 179.85557 176.85573 173.79048 170.3678 166.94512 164.24413 162.06195 159.8992 158.08217 156.26514 154.44811 154.61633 155.12764 155.63896 157.15233 159.07855 161.09035 163.39855 165.70676 168.106 171.558 175.01
-9999 199.41027 200.43862 201.15091 201.45966 201.76841 202.07716 201.58688 200.17443 198.8504 197.72501 196.59961 195.47421 194.73771 194.78 194.82228 194.86457 194.57827 193.84419 193.7114 194.96583 196.22251 197.48937 198.75622 200.02308 200.72564 199.91571 199.10578 198.29585 197.32771 196.1473 194.71893 192.81257 190.87503 188.84692 186.81881 184.79071 182.36281 179.36297 176.21037 172.78769 169.36501 165.94233 163.24134 161.05916 158.87698 156.6948 154.82936 153.01233 153.18054 153.69186 155.43866 157.36489 159.29112 161.30291 163.61112 166.19906 169.65106 173.10306 176.55506
-9999 198.1767 198.69542 199.00417 199.31292 199.62167 199.93042 199.44014 198.19333 197.06794 195.94254 194.81715 193.69175 192.95525 192.99753 193.03982 193.0821 193.12438 193.03078 192.89799 194.15776 195.42462 196.69148 197.95834 199.2252 199.92775 199.11782 198.30789 197.49796 196.68803 195.80413 194.37576 192.41054 190.38243 188.35432 186.32621 184.29811 181.87021 178.63026 175.20758 171.7849 168.36222 164.93954 162.23855 160.05636 157.87418 155.692 153.50982 151.57655 151.79877 153.725 155.65123 157.57745 159.50368 161.51548 164.29213 167.74413 171.19613 174.64813 178.10013
-9999 196.18103 196.48978 196.79853 197.10728 197.41603 197.72478 197.33927 196.21388 195.08848 193.96308 192.83769 191.71229 191.01003 191.05751 191.09979 191.14207 191.18436 191.22664 191.63922 192.90608 194.17294 195.4398 196.70665 197.97351 199.27739 198.71677 197.90684 197.09691 196.28698 195.47705 194.25103 192.22293 190.19482 188.16671 186.1386 184.11049 182.35735 178.93467 175.51199 172.08931 168.66663 165.24395 162.56535 160.38317 158.20099 156.01881 153.83663 151.65444 153.37631 155.30254 157.22876 159.15499 161.08122 162.67424 165.72262 169.17462 172.62662 176.07862 179.53062
-9999 193.83854 194.14729 194.45604 194.76479 194.99343 194.76867 194.33956 193.6746 192.65129 191.52589 190.4005 189.2751 188.57284 188.71793 188.79365 188.83594 188.87822 188.9205 189.33308 190.59994 191.8668 193.13366 194.40052 195.56744 196.83428 198.38905 198.42789 197.61796 196.80803 195.9981 194.77208 192.74397 190.71586 188.68775 186.60154 183.19236 181.2974 181.56878 178.85389 175.43121 172.00853 168.58585 165.9206 163.79946 161.61728 159.4351 157.25292 155.07074 157.34681 160.05179 161.97801 163.90424 165.83047 167.42349 167.86232 170.33889 173.79089 177.24289 180.69489
-9999 191.49604 191.80479 192.11354 192.18427 191.95951 191.73476 191.30565 190.64069 189.97573 189.0887 187.9633 186.83791 186.13565 186.28074 186.42583 186.5298 186.57208 186.61437 187.02694 188.2938 189.56066 190.80552 191.96493 193.12433 194.39117 195.94593 197.5007 198.13901 197.32908 196.51915 195.29313 193.26502 191.23691 188.80059 185.3914 181.98222 180.08726 180.35863 180.63001 178.7731 175.35042 171.92774 169.26249 167.14175 165.02101 162.8514 160.66922 158.48704 160.7631 163.80968 166.72726 168.65349 170.57972 172.17274 172.61156 173.05039 174.95517 178.40717 181.85917
-9999 189.15355 189.4623 189.37511 189.15035 188.9256 188.70085 188.27174 187.60678 186.94181 186.27685 185.52611 184.40072 183.69845 183.84355 183.98864 184.13373 184.26594 184.30823 184.72081 185.98766 187.203 188.36241 189.52181 190.68122 191.94806 193.50282 195.05759 196.61235 197.85013 197.0402 195.81418 193.78607 190.99964 187.59045 184.18126 180.77207 178.87712 179.14849 179.41986 179.69124 178.69231 175.26963 172.60438 170.48364 168.3629 166.24216 164.08552 161.90334 164.1794 167.22597 170.27255 173.31912 175.32897 176.92198 177.36081 177.79964 178.23847 179.57144 183.02344
-9999 186.7907 186.56595 186.34119 186.11644 185.89169 185.66693 185.23782 184.57286 183.9079 183.24294 182.57798 181.91301 181.26126 181.40635 181.55145 181.69654 181.84163 181.98672 182.41467 183.60048 184.75989 185.9193 187.0787 188.23811 189.50495 191.05971 192.61448 194.16924 195.72401 197.27878 196.33523 193.19868 189.78949 186.38031 182.97112 179.56193 177.66698 177.93835 178.20972 178.4811 178.75247 178.61152 175.94627 173.82553 171.70479 169.58405 167.46331 165.31963 167.5957 170.64227 173.68884 176.73542 179.78199 181.67123 182.11006 182.54889 182.98772 183.42655 184.18771
-9999 185.10061 184.87586 184.65111 184.42635 184.2016 183.75283 182.73238 182.06742 181.40246 180.73749 180.07253 179.4287 179.25019 179.41943 179.56453 179.70962 179.85471 179.9998 180.45161 181.61101 182.77042 183.92983 185.08924 186.24865 187.60008 188.3667 189.92147 191.47624 193.031 194.58577 194.44501 191.03582 187.62664 184.21745 180.80826 177.65741 176.96977 177.24114 177.51251 177.78388 178.05525 178.22732 177.98651 176.05711 173.93637 171.81563 169.69489 167.57414 169.85926 172.90584 175.95241 178.99898 182.04556 184.49408 184.93291 185.37174 185.81057 186.2494 187.29616
-9999 184.4242 184.19945 183.9747 183.74994 182.97448 181.64602 180.62557 179.96061 179.29565 178.63069 178.07394 177.70321 177.52471 177.73116 177.91725 178.06235 178.20744 178.35253 178.80434 179.96374 181.12315 182.28256 183.65554 185.59695 186.94967 186.72455 187.03996 188.59473 190.14949 191.70426 191.5635 188.15431 184.74513 181.33594 178.70508 177.3471 176.65946 176.93083 177.20221 177.47358 177.56449 177.48644 177.24563 176.88781 175.33041 173.20967 171.08893 168.96818 171.25331 174.29988 177.34645 180.39114 183.41728 185.86382 186.30264 186.74147 187.1803 188.64874 191.3096
-9999 183.74779 183.52304 183.29829 182.19612 180.86767 179.53921 178.51877 177.8538 177.18884 176.71919 176.34846 175.97773 175.79923 176.00568 176.21212 176.41507 176.56017 176.70526 177.15706 178.31647 179.47588 181.06372 183.00513 184.94654 186.29926 186.07414 185.84902 185.71322 187.26798 188.82275 188.68199 185.2728 181.86362 179.75275 178.39477 177.0368 176.34916 176.62053 176.8919 176.90166 176.82361 176.74556 176.50475 176.14693 175.78911 174.60371 172.48297 170.36223 172.64735 175.69392 178.73473 181.76088 184.78702 187.23355 187.67238 188.1112 190.00131 192.66218 195.32305
-9999 183.07138 182.74623 181.41777 180.08932 178.76086 177.4324 176.41196 175.74699 175.36444 174.99371 174.62298 174.25225 174.07375 174.28019 174.48664 174.69308 174.89953 175.05799 175.50979 176.6692 178.47189 180.41331 182.35472 184.29613 185.64885 185.42373 185.19861 184.97349 184.74837 185.94124 185.80048 182.39129 180.80042 179.44245 178.08447 176.7265 176.03886 176.31023 176.23883 176.16078 176.08273 176.00468 175.76387 175.40605 175.04823 174.69041 173.87701 171.75627 174.04139 177.07832 180.10447 183.13061 186.15675 188.60328 189.04211 191.35389 194.01476 196.67562 199.33649
-9999 181.96788 180.63942 179.31096 177.98251 176.65405 175.3256 174.38041 174.00968 173.63895 173.26823 172.8975 172.52677 172.34827 172.55471 172.76116 172.9676 173.17405 173.38049 173.93866 175.88007 177.82148 179.76289 181.70431 183.64572 184.99844 184.77332 184.5482 184.32307 184.09795 183.87283 183.20607 181.84809 180.49012 179.13214 177.77417 176.41619 175.65405 175.576 175.49795 175.4199 175.34185 175.2638 175.02299 174.66517 174.30735 173.94953 173.59171 173.15031 175.42191 178.44806 181.4742 184.50034 187.52648 190.0456 192.70647 195.36733 198.0282 200.68906 203.34993
-9999 181.20687 179.87841 178.54995 177.2215 175.89304 174.19668 172.433 171.36057 170.98984 170.61912 170.24839 169.87766 169.79404 170.21035 170.41679 170.62324 170.82968 171.03613 171.7672 173.70861 175.65002 177.59143 179.53284 181.16324 182.95674 185.90187 185.67675 185.45163 185.22651 185.00139 184.38932 183.03135 181.67337 180.3154 178.95742 177.8243 177.01885 176.54774 176.46969 176.39164 176.31359 176.23554 176.88123 177.18545 176.82763 176.46981 176.11199 175.75417 175.51179 178.06437 181.09051 184.11665 187.14279 189.77917 191.37556 194.03643 196.69729 199.35816 202.01902
-9999 180.70379 179.37533 178.04687 176.71842 174.8247 172.82948 171.06581 169.56936 168.16372 167.79299 167.42226 167.05153 166.96791 167.45923 167.95055 168.16025 168.3667 168.57314 169.30422 171.24563 173.18704 175.12845 176.5086 177.53916 179.33266 183.17101 187.00936 186.92113 186.69601 186.47089 185.85882 184.50085 183.14287 181.7849 180.77481 179.90215 179.0967 178.38739 177.76967 177.69162 177.61357 177.53552 178.18121 179.34718 179.97294 179.61512 179.2573 178.89948 178.6571 178.43466 180.37076 183.39691 186.42305 189.05942 190.34571 191.68125 194.34212 197.00298 199.66385
