mean_models/J1_mean_vp_slide_diff2_320.dat.tif
NCOLS 118
NROWS 92
XLLCORNER 139.62
YLLCORNER -39.07
DX 0.099491525
DY 0.099347826
NODATA_VALUE -9999
[rows 24 to 47 of 92, columns 53 to 105 of 118]
-0.034606371 -0.039229041 -0.022989359 -0.0067496774 0.0094900045 0.025729686 0.041969368 0.041233759 0.028962723 0.016691687 0.0044206509 -0.0078503851 -0.01674667 -0.021379544 -0.025654062 -0.02992858 -0.034203098 -0.038477615 -0.041317967 -0.038107154 -0.034896342 -0.031685529 -0.028474716 -0.02546561 -0.040470434 -0.055475258 -0.070480082 -0.085484905 -0.10048973 -0.089050184 -0.066903558 -0.044756932 -0.022610307 -0.00046368077 0.0080829313 -0.007876448 -0.023835827 -0.039795207 -0.055754586 -0.073566539 -0.068720677 -0.06524179 -0.061762903 -0.058284016 -0.054805129 -0.055194739 -0.056927039 -0.05865934 -0.06039164 -0.062123941 -0.052154725 -0.03462412 -0.017093514
-0.042162009 -0.043312862 -0.029315626 -0.013075945 0.0031637373 0.019403419 0.035643101 0.034053417 0.021204273 0.0089332371 -0.0033377989 -0.015608835 -0.027879871 -0.01848314 -0.022558618 -0.026833136 -0.031107654 -0.035382171 -0.03637309 -0.033162278 -0.029951465 -0.026740652 -0.02352984 -0.032765345 -0.03249055 -0.047495374 -0.062500198 -0.077505022 -0.092509845 -0.082103584 -0.059956958 -0.037810332 -0.015663706 0.0024897407 0.0069424828 -0.0017438541 -0.017703233 -0.033662613 -0.049621992 -0.065001866 -0.061522979 -0.058044092 -0.054565205 -0.051086318 -0.054428717 -0.061406624 -0.063266564 -0.064998865 -0.066731165 -0.068463466 -0.072051381 -0.059235411 -0.041704806
-0.048642447 -0.0497933 -0.036449354 -0.023001638 -0.006761956 0.0094777259 0.025717408 0.024127724 0.010422233 -0.002699125 -0.014970161 -0.027241197 -0.039512233 -0.030115503 -0.019974241 -0.021620334 -0.025894852 -0.03016937 -0.031160289 -0.027949476 -0.024738663 -0.02309093 -0.032786564 -0.042359808 -0.041002781 -0.039645754 -0.053670713 -0.068675536 -0.08368036 -0.073274099 -0.051127473 -0.028980847 -0.01249478 -0.0035780863 0.00087465581 -0.0027162374 -0.0098437634 -0.025803143 -0.041762522 -0.057142396 -0.053663509 -0.050184622 -0.046705735 -0.050749032 -0.055660207 -0.062638114 -0.069836134 -0.072268801 -0.074001101 -0.075733402 -0.079321317 -0.083793859 -0.072348537
-0.055122884 -0.056273738 -0.042929792 -0.029585846 -0.016241901 -0.00044796744 0.015791714 0.01420203 0.00049653983 -0.013208951 -0.026602523 -0.038873559 -0.051144595 -0.041747865 -0.031606603 -0.021465342 -0.02068205 -0.024956568 -0.025947487 -0.022736674 -0.02298976 -0.032685394 -0.042381027 -0.051954272 -0.050597245 -0.049240218 -0.047883191 -0.059846051 -0.074850875 -0.064444614 -0.042297988 -0.0274793 -0.018562607 -0.0096459133 -0.0051931712 -0.0087840644 -0.012374958 -0.017943673 -0.033903052 -0.049282926 -0.045804039 -0.042325152 -0.047069348 -0.051980523 -0.056891697 -0.063869604 -0.071067625 -0.078265645 -0.081271037 -0.083003337 -0.086591253 -0.091063795 -0.095536337
-0.061603322 -0.062754175 -0.04941023 -0.036066284 -0.022722339 -0.009378393 0.0058660211 0.0042763371 -0.0094291535 -0.023134644 -0.036840135 -0.050505921 -0.062776957 -0.053380227 -0.043238965 -0.033097704 -0.022956442 -0.019743767 -0.020734685 -0.02288859 -0.032584224 -0.042279857 -0.051975491 -0.061548735 -0.060191708 -0.058834681 -0.057477655 -0.056120628 -0.06602139 -0.055615128 -0.04246382 -0.033547127 -0.024630434 -0.01571374 -0.011260998 -0.014851891 -0.018442785 -0.022033678 -0.026043582 -0.041423456 -0.038478488 -0.043389663 -0.048300838 -0.053212013 -0.058123188 -0.065101094 -0.072299115 -0.079497136 -0.086695156 -0.090273273 -0.093861189 -0.098333731 -0.10280627
-0.056065472 -0.068523205 -0.055179259 -0.041835314 -0.028491368 -0.015147423 -0.0018034771 -0.0021905838 -0.015896074 -0.029601565 -0.043307056 -0.057012546 -0.070718037 -0.06639314 -0.056251878 -0.046110617 -0.035969355 -0.025828093 -0.024388707 -0.03408434 -0.043779973 -0.053475607 -0.06317124 -0.068158182 -0.066576708 -0.065219681 -0.063862654 -0.062505627 -0.061148601 -0.054620865 -0.045704172 -0.036787478 -0.027870785 -0.018954092 -0.017412027 -0.021002921 -0.024593814 -0.028184707 -0.0317756 -0.035405854 -0.040317029 -0.045228204 -0.050139379 -0.055050554 -0.060189937 -0.065471166 -0.072669186 -0.079867207 -0.087065227 -0.094263248 -0.097934574 -0.10240712 -0.10687966
-0.043396088 -0.056860043 -0.054091159 -0.041747803 -0.028403857 -0.015059912 -0.0017159664 0.0064918946 0.0061107373 -0.0075947533 -0.021300244 -0.035005735 -0.048711225 -0.077738788 -0.080629932 -0.070488671 -0.060347409 -0.050206148 -0.048766761 -0.058462394 -0.068158027 -0.077853661 -0.077169783 -0.05040092 -0.047019898 -0.045183338 -0.043826312 -0.042469285 -0.041112258 -0.034584522 -0.025667829 -0.016751135 -0.0078344422 -0.0073505065 -0.015404921 -0.027838896 -0.03142979 -0.035020683 -0.038611576 -0.04224183 -0.047153005 -0.05206418 -0.056975355 -0.063017767 -0.078738599 -0.066085268 -0.065947777 -0.073145798 -0.080343818 -0.087541839 -0.083000669 -0.080165463 -0.084638005
-0.030726704 -0.044190659 -0.041421774 -0.03865289 -0.028316347 -0.014972401 -0.0016284558 0.0065794053 0.01129708 0.014412058 0.00070656784 -0.012998923 -0.026704413 -0.055731976 -0.085286024 -0.094866725 -0.084725463 -0.074584202 -0.073144815 -0.082840448 -0.092536082 -0.086443264 -0.059412522 -0.032643659 -0.029262637 -0.025881614 -0.023789969 -0.022432942 -0.021075915 -0.014548179 -0.0056314861 0.0032852073 0.0020121685 -0.0030119658 -0.01106638 -0.024581083 -0.038095787 -0.041856659 -0.045447552 -0.049077806 -0.053988981 -0.058900156 -0.065845597 -0.081566429 -0.09728726 -0.08463393 -0.068958657 -0.066424389 -0.07362241 -0.08082043 -0.07627926 -0.06614167 -0.062396352
-0.018057319 -0.031521275 -0.02875239 -0.025983505 -0.02321462 -0.014884891 -0.0015409452 0.0066669159 0.011384591 0.016102266 0.020819941 0.009007889 -0.0046976016 -0.033725164 -0.063279212 -0.092833261 -0.10910352 -0.098962256 -0.097522869 -0.1072185 -0.095716744 -0.068686002 -0.04165526 -0.014886398 -0.011505375 -0.0081243528 -0.0047433304 -0.0023965992 -0.0010395723 0.0054881634 0.014404857 0.011374844 0.0063507092 0.0013265749 -0.0067278392 -0.020242543 -0.033757246 -0.04727195 -0.052283528 -0.055913782 -0.060824957 -0.068673428 -0.084394259 -0.10011509 -0.11583592 -0.10318259 -0.087507319 -0.071832047 -0.066901001 -0.074099021 -0.069557851 -0.059420261 -0.049282672
-0.0060545438 -0.01885189 -0.016083005 -0.013314121 -0.010545236 -0.0077763514 -0.0014534345 0.0067544265 0.011472101 0.016189776 0.020907451 0.025625126 0.01730921 -0.011718353 -0.041272401 -0.070826449 -0.1003805 -0.12334031 -0.12190092 -0.10499022 -0.077959483 -0.050928741 -0.023897999 0.0028708638 0.0062518861 0.0096329085 0.013013931 0.016394953 0.01899677 0.025524506 0.020737519 0.015713384 0.01068925 0.0056651156 -0.0023892985 -0.015904002 -0.029418706 -0.042933409 -0.056448113 -0.062749758 -0.071501258 -0.08722209 -0.10294292 -0.11866375 -0.13438458 -0.12173125 -0.10605598 -0.090380709 -0.074705436 -0.067377612 -0.062836442 -0.052698853 -0.042561263
-0.022244629 -0.019626702 -0.015359307 -0.012590422 -0.0098215374 -0.0070526527 -0.0042837681 -3.655669e-05 0.0046811182 0.0093987932 0.014116468 0.018834143 0.023551818 0.0097366488 -0.019817399 -0.049371447 -0.078925495 -0.10847954 -0.11321147 -0.086180731 -0.059149989 -0.032119247 -0.0050885053 0.013123927 0.0091680646 0.012549087 0.015930109 0.019311132 0.022692154 0.020324164 0.01530003 0.010275895 0.0052517609 0.00022762661 0.00028029708 -0.013519888 -0.027034591 -0.040549295 -0.054063998 -0.067644472 -0.083365304 -0.099086135 -0.11480697 -0.1305278 -0.14377417 -0.13486101 -0.11918573 -0.10351046 -0.087835188 -0.072159916 -0.063226618 -0.053089029 -0.04295144
-0.048979777 -0.04636185 -0.037211828 -0.031568449 -0.028799564 -0.026030679 -0.023261795 -0.018919948 -0.013509208 -0.0087367205 -0.0040190456 0.00069862936 0.0054163043 0.0083222077 0.00072751522 -0.028826533 -0.058380581 -0.087934629 -0.092666559 -0.065635817 -0.038605075 -0.011574333 0.0036270007 0.011509093 -0.0024465642 -0.009011767 -0.0056307446 -0.0022497222 0.0011313001 -0.0012366901 -0.0062608244 -0.011284959 -0.016309093 -0.00089832213 0.0036859838 -0.013518354 -0.027873865 -0.041388568 -0.054903272 -0.068483746 -0.084204577 -0.099925409 -0.11564624 -0.12806869 -0.13609609 -0.13220612 -0.12337821 -0.10770294 -0.092027667 -0.076352394 -0.069372525 -0.065208168 -0.055070578
-0.075714925 -0.073096998 -0.063946976 -0.054796954 -0.04777759 -0.045008706 -0.042239821 -0.037897975 -0.032487235 -0.027076495 -0.022154559 -0.017436884 -0.012719209 -0.009813306 -0.0069696573 -0.0082816184 -0.037835666 -0.067389715 -0.072121644 -0.045090902 -0.01806016 -0.0061144486 0.0020121666 0.0098942592 -0.0040613983 -0.018017056 -0.027191599 -0.023810576 -0.020429554 -0.022797544 -0.027821678 -0.030845198 -0.014168917 0.0025073645 0.0070916704 -0.010112667 -0.027317004 -0.042227841 -0.055742545 -0.069323019 -0.08504385 -0.10076468 -0.1123632 -0.12039061 -0.12841802 -0.12452805 -0.11936884 -0.11189542 -0.096220145 -0.080544872 -0.073565003 -0.07073049 -0.067189717
-0.10245007 -0.099832146 -0.090682124 -0.081532101 -0.072382079 -0.063986732 -0.061217847 -0.056876001 -0.051465261 -0.046054521 -0.040643781 -0.035572398 -0.030854723 -0.02794882 -0.025105171 -0.022261522 -0.019417874 -0.0468448 -0.05157673 -0.024545988 -0.015855898 -0.0077292827 0.00039733247 0.0082794251 -0.0056762324 -0.01963189 -0.033587547 -0.04537143 -0.041990408 -0.044358398 -0.044115793 -0.027439512 -0.01076323 0.0059130512 0.010497357 -0.0067069803 -0.023911318 -0.041115655 -0.056581818 -0.070162292 -0.085883123 -0.096657724 -0.10468513 -0.11271253 -0.12073994 -0.11684997 -0.11169076 -0.10653155 -0.10041262 -0.084737351 -0.077757481 -0.074922968 -0.072088454
-0.12396354 -0.12656729 -0.11741727 -0.10826725 -0.099117227 -0.089967205 -0.080817182 -0.075854028 -0.070443288 -0.065032548 -0.059621808 -0.054211068 -0.048990237 -0.046084333 -0.043240685 -0.040397036 -0.037553387 -0.034709739 -0.033723962 -0.025597347 -0.017470732 -0.0093441168 -0.0012175016 0.0066645909 -0.0072910666 -0.021246724 -0.035202382 -0.049158039 -0.063113697 -0.057386388 -0.040710106 -0.024033825 -0.0073575435 0.0093187379 0.013903044 -0.0033012936 -0.020505631 -0.037709968 -0.054914306 -0.071001565 -0.080952243 -0.088979649 -0.097007054 -0.10503446 -0.11306187 -0.1091719 -0.10401269 -0.098853476 -0.093694267 -0.088535057 -0.08194996 -0.079115446 -0.076280933
-0.12639517 -0.12478364 -0.11563362 -0.1064836 -0.097333574 -0.088183552 -0.075544284 -0.081962393 -0.085038462 -0.079627722 -0.074216982 -0.068806242 -0.063395502 -0.060466575 -0.057622926 -0.054779278 -0.051935629 -0.046813784 -0.037787397 -0.029660782 -0.021534166 -0.013407551 -0.005280936 0.0056189102 -0.017680482 -0.031636139 -0.045591797 -0.059547454 -0.073503112 -0.06650694 -0.049830659 -0.033154378 -0.016478096 -0.0010275491 0.013051834 0.014351689 -0.0028526482 -0.020056986 -0.037261323 -0.054192072 -0.062219478 -0.070246883 -0.078274288 -0.086301694 -0.092631013 -0.088517466 -0.083358256 -0.078199047 -0.073039837 -0.069164765 -0.066375947 -0.063541433 -0.06070692
-0.11496606 -0.11335454 -0.10420452 -0.095054493 -0.085904471 -0.071771761 -0.055695884 -0.062113993 -0.083817714 -0.092740555 -0.087329815 -0.081919075 -0.076508335 -0.073579408 -0.070735759 -0.067892111 -0.061434916 -0.051705369 -0.042678981 -0.034552366 -0.026425751 -0.018086776 -0.0063758865 0.0049288748 -0.02003674 -0.044993238 -0.058948896 -0.072904553 -0.086860211 -0.07986404 -0.063187758 -0.046511477 -0.031912524 -0.020894307 -0.006814924 0.012780401 0.019618966 0.0024146287 -0.014789709 -0.031720458 -0.039747863 -0.047775269 -0.055802674 -0.061883231 -0.067587802 -0.063474255 -0.058315045 -0.053155835 -0.049598421 -0.046905453 -0.044116634 -0.041282121 -0.038447607
-0.10353696 -0.10192543 -0.092775412 -0.08362539 -0.067999237 -0.051923361 -0.035847484 -0.042265593 -0.063969314 -0.085673035 -0.10044265 -0.095031908 -0.089621168 -0.086692241 -0.083848593 -0.076056048 -0.066326501 -0.056596953 -0.047570566 -0.039443951 -0.030487701 -0.018776811 -0.0070659219 0.0042388393 -0.020726776 -0.045692391 -0.070658006 -0.086261653 -0.10021731 -0.093221139 -0.076544858 -0.062797499 -0.051779281 -0.040761064 -0.026681682 -0.0070863564 0.012508969 0.024886243 0.0076819057 -0.0092488434 -0.017276249 -0.025303654 -0.031135449 -0.03684002 -0.042544591 -0.038431043 -0.033271834 -0.030032076 -0.027339108 -0.024646141 -0.021857322 -0.019022808 -0.029223963
-0.092107856 -0.090496331 -0.08030259 -0.064226713 -0.048150837 -0.032074961 -0.015999085 -0.022417193 -0.044120914 -0.065824635 -0.087528356 -0.10814474 -0.102734 -0.099805074 -0.090677181 -0.080947633 -0.071218085 -0.061488538 -0.052462151 -0.042888626 -0.031177736 -0.019466847 -0.0077559574 0.0035488039 -0.021416811 -0.046382426 -0.071348041 -0.096313656 -0.11357441 -0.10657824 -0.093682473 -0.082664256 -0.071646039 -0.060627822 -0.046548439 -0.026953114 -0.0073577887 0.012237537 0.03015352 0.013222771 0.0053169042 -0.00038766679 -0.0060922377 -0.011796809 -0.01750138 -0.013387832 -0.010465731 -0.0077727636 -0.0050797959 -0.0023868281 0.00040199049 -0.011556286 -0.029300202
-0.080949257 -0.080624273 -0.064548396 -0.04847252 -0.032396644 -0.016320768 -0.00024489163 -0.0036318864 -0.025335607 -0.047039328 -0.068743049 -0.09044677 -0.11215049 -0.10514166 -0.095412116 -0.085682569 -0.075953021 -0.066223474 -0.055624768 -0.043913879 -0.032202989 -0.0204921 -0.0087812102 0.0028445092 -0.019891609 -0.044857224 -0.069822839 -0.094788453 -0.11975407 -0.12010723 -0.10908902 -0.098070798 -0.087052581 -0.076034364 -0.064378244 -0.044782919 -0.025187594 -0.0055922687 0.014003057 0.032844126 0.027139555 0.021434984 0.015730413 0.010025842 0.0042010336 0.0043491961 0.0070421638 0.0097351316 0.012428099 0.015121067 0.0048318866 -0.012912029 -0.030655945
-0.071830818 -0.07323245 -0.077532793 -0.063597064 -0.047521188 -0.031445312 -0.015369436 -0.0088303396 -0.014568205 -0.036271926 -0.057975647 -0.079679368 -0.10138309 -0.10454617 -0.098965598 -0.08923605 -0.079506503 -0.069776955 -0.05917825 -0.04746736 -0.035756471 -0.024045581 -0.012080834 0.000286197 -0.0062154803 -0.026624572 -0.051590187 -0.076555802 -0.10152142 -0.10187458 -0.090856364 -0.079838147 -0.06881993 -0.05382868 -0.044460459 -0.047249916 -0.027654591 -0.0080592655 0.01153606 0.030377129 0.024672558 0.018967987 0.013263416 0.0071103061 -0.0025241801 -0.01050883 -0.011285396 -0.0085924286 -0.0058994608 -0.0032064931 -0.0096854881 -0.023917866 -0.041661781
-0.062712378 -0.06411401 -0.068414354 -0.072714697 -0.062645732 -0.046569856 -0.03049398 -0.023954884 -0.023896432 -0.025504524 -0.047208245 -0.068911966 -0.090615687 -0.093778766 -0.096304765 -0.092789532 -0.083059984 -0.073330437 -0.062731731 -0.051020842 -0.039309952 -0.027217454 -0.014639146 -0.0022721152 -0.0087737925 -0.01527547 -0.033357536 -0.058323151 -0.083288766 -0.08364193 -0.072623713 -0.061605496 -0.045799731 -0.028318694 -0.018950473 -0.02420081 -0.029451147 -0.010526262 0.009069063 0.027910132 0.022205561 0.01650099 0.010019579 0.00038509244 -0.0092493938 -0.017234044 -0.02504298 -0.026919989 -0.024227021 -0.021534053 -0.028013048 -0.038864589 -0.052667618
-0.053593939 -0.054995571 -0.059295914 -0.063596258 -0.067896601 -0.0616944 -0.045618523 -0.039079428 -0.039020976 -0.038962525 -0.038904074 -0.058144564 -0.079848285 -0.083011364 -0.085537363 -0.088063363 -0.086613466 -0.076883918 -0.066285213 -0.054574323 -0.042354075 -0.029775766 -0.017197458 -0.0048304274 -0.011332105 -0.017833782 -0.024335459 -0.0400905 -0.065056115 -0.065409279 -0.054391062 -0.037770782 -0.020289746 -0.0028087092 0.0065595118 0.0013091751 -0.0039411617 -0.0091914984 0.0066020662 0.025443136 0.019738565 0.012928851 0.003294365 -0.0063401212 -0.015974607 -0.023959257 -0.031768194 -0.039577131 -0.042554581 -0.039861613 -0.046340608 -0.057192149 -0.06804369
-0.045261446 -0.045877131 -0.050177475 -0.054477818 -0.058778162 -0.063078505 -0.060743067 -0.054203971 -0.05414552 -0.054087069 -0.054028618 -0.053970166 -0.069080883 -0.072243962 -0.074769961 -0.077295961 -0.07982196 -0.0804374 -0.069838694 -0.057490695 -0.044912387 -0.032334079 -0.01975577 -0.0073887396 -0.013890417 -0.020392094 -0.026893772 -0.033395449 -0.046823463 -0.047176628 -0.029741833 -0.012260797 0.0052202396 0.022701276 0.032069497 0.02681916 0.021568824 0.016318487 0.01106815 0.022976139 0.015838124 0.0062036375 -0.0034308487 -0.013065335 -0.022699821 -0.030684471 -0.038493408 -0.046302344 -0.054111281 -0.058189174 -0.064668168 -0.075519709 -0.08637125
