mean_models/J1_mean__temp2_slide_5.dat.tif
NCOLS 118
NROWS 92
XLLCORNER 139.62
YLLCORNER -39.07
DX 0.099491525
DY 0.099347826
NODATA_VALUE -9999
[rows 54 to 80 of 92, columns 0 to 59 of 118]
-9999 71.344421 71.370843 71.397265 71.423688 71.899823 72.41359 72.924026 73.430618 73.937209 74.4438 74.152225 73.650527 73.617287 74.522163 75.427038 74.809844 74.05089 73.291935 72.406524 71.229374 70.052223 68.875073 68.373516 68.175528 67.72338 66.59002 65.45666 65.320291 65.302417 65.284542 65.712824 67.001155 68.289486 69.577817 70.3787 71.049509 71.599316 71.976011 72.352707 72.729402 72.799029 72.841742 72.945209 73.092352 73.267545 73.513307 73.759068 74.00483 73.817608 73.555554 73.2935 72.919658 72.42522 71.957648 71.583134 71.208619 70.834105 71.699785 72.780156
-9999 71.407269 71.433691 71.580464 72.094232 72.608 73.121767 73.632204 74.138795 74.52865 74.026952 73.525254 73.023556 72.990316 73.895191 74.800067 75.704942 75.590997 74.832042 73.946632 72.769481 71.592331 71.386935 71.188947 70.990959 70.538811 69.405451 68.272091 67.13873 66.689183 66.671308 67.09959 68.387921 69.632953 70.303762 70.974571 71.64538 72.195187 72.571882 72.888974 72.931687 72.9744 73.017113 73.12058 73.267723 73.414865 73.566652 73.812414 74.058175 73.870953 73.6089 73.184947 72.69051 72.196072 71.7285 71.353986 71.078501 72.158873 73.239244 74.319616
-9999 71.470117 71.774874 72.288642 72.802409 73.316177 73.829945 74.340381 74.403378 73.901679 73.399981 72.898283 72.396585 72.363345 73.26822 74.173096 75.077971 75.982847 76.37215 75.486739 74.598343 74.400355 74.202366 74.004378 73.80639 73.354242 72.220882 71.087522 69.954161 68.820801 68.058074 68.486356 69.558015 70.228824 70.899633 71.570442 72.241251 72.791058 73.021632 73.064345 73.107058 73.14977 73.192483 73.29595 73.443093 73.590236 73.737379 73.884521 74.111521 73.924299 73.450237 72.955799 72.461362 71.966924 71.499352 71.537589 72.617961 73.698332 74.778704 75.859075
-9999 72.064047 72.577815 73.091583 73.605351 74.119118 74.632886 74.741249 74.239551 73.737853 73.236154 72.734456 72.232758 71.807118 72.711994 73.616869 74.521744 75.42662 76.331495 76.902881 76.704893 76.506905 76.308917 76.110929 75.912941 75.940538 74.815132 73.681772 72.548412 71.415052 70.281691 69.764576 70.435385 71.106194 71.777003 72.447812 73.118621 73.123273 73.165985 73.208698 73.251411 73.294124 73.336836 73.545553 73.692696 73.839839 73.986982 74.134124 74.281267 74.123073 73.628635 73.134198 72.639761 72.145323 71.780555 72.803747 73.884118 74.964489 76.044861 77.125232
-9999 73.190652 73.70442 74.218187 74.731955 75.219249 75.52017 75.647248 75.573689 75.155877 74.654179 74.152481 73.650783 73.184129 72.787656 73.302268 74.207143 75.112018 76.016894 76.58828 76.390292 76.192304 75.994315 75.796327 76.77607 77.359225 76.546767 75.52059 74.38723 73.25387 72.120509 71.603394 72.274203 72.945012 73.615821 74.275549 74.299832 74.026752 73.328253 73.247113 73.289825 73.332538 73.375251 73.692473 74.195838 74.34298 74.490123 74.637266 74.784409 75.116783 75.198993 74.704556 74.210119 73.715681 73.350913 73.435303 74.216823 75.297194 76.377566 77.457937
-9999 74.317256 74.831024 75.344792 75.756823 76.057744 76.358665 76.485744 76.412185 76.338627 76.072204 75.570505 75.068807 74.602154 74.20568 73.809206 73.892542 74.797417 75.702292 76.273678 76.07569 75.877702 75.98704 77.090898 78.194757 78.777912 77.965454 77.152997 76.226048 75.092687 73.959327 73.442212 74.113021 74.78383 75.243641 75.267924 75.292206 75.019126 74.320627 73.622128 73.32824 73.370953 73.413665 73.730887 74.24545 74.760014 74.993265 75.140407 75.28755 75.619925 75.984313 76.274914 75.780477 75.286039 74.921271 75.005661 75.090051 75.629899 76.71027 77.790642
-9999 75.443861 75.957628 76.294398 76.595319 76.89624 77.197161 77.324239 77.250681 77.177122 77.103564 76.98853 76.486832 76.020179 75.623705 75.227231 74.830757 74.482816 75.387691 75.959077 75.761089 76.301868 77.405727 78.509585 79.613443 80.196599 79.384141 78.571683 77.759226 76.931505 75.798145 75.28103 75.951839 76.211733 76.236015 76.260298 76.284581 76.011501 75.313002 74.614503 73.916004 73.409367 73.45208 73.769302 74.283865 74.798428 75.312991 75.643549 75.790692 76.123066 76.487454 76.851842 77.21623 76.856397 76.491629 76.576019 76.660409 76.744799 77.042975 78.123347
-9999 76.531051 76.831972 77.132893 77.433814 77.734735 78.035657 78.162735 78.089176 78.015618 77.942059 77.868501 77.794942 77.438203 77.041729 76.645256 76.248782 75.852308 75.455835 75.644476 76.616697 77.720555 78.824414 79.928272 81.03213 81.615286 80.802828 79.99037 79.177913 78.365455 77.552997 77.119848 77.179824 77.204107 77.22839 77.252672 77.276955 77.003875 76.305376 75.606877 74.908378 74.209879 73.51138 73.807716 74.322279 74.836843 75.351406 75.865969 76.293833 76.626208 76.990596 77.354983 77.719371 78.083759 78.061987 78.146377 78.230767 78.315157 78.399548 78.483938
-9999 76.766243 77.067164 77.368085 77.669006 77.969928 78.201644 77.939889 77.558891 77.485333 77.411774 77.338216 77.264657 77.308046 77.312539 76.916065 76.519591 76.123117 75.726644 75.783848 76.887706 77.991565 79.095423 80.199282 81.054743 81.074888 81.071684 80.259226 79.446768 78.63431 77.821852 77.295198 77.31948 77.343763 77.368046 77.392329 77.327157 77.574645 77.682412 76.983913 76.285414 75.586915 74.888416 74.581052 74.933532 75.448096 75.962659 76.477222 76.991785 75.979963 76.322365 76.686753 77.05114 77.415528 77.898481 78.502435 78.586825 78.671215 78.755605 78.839995
-9999 76.739088 77.040009 77.34093 77.641851 77.813531 77.944664 77.682909 76.967712 76.359832 76.286274 76.212715 76.139157 76.182545 76.460127 76.688006 76.291533 75.895059 75.498585 75.55579 76.659648 77.763506 78.867365 79.310453 79.170004 79.19015 79.640728 80.028077 79.215619 78.403161 77.590703 77.064049 77.088331 77.112614 77.136897 76.986315 76.734382 76.98187 77.94385 78.52822 77.829721 77.131222 76.432723 76.125359 76.099177 76.308448 76.823011 77.337574 77.852137 76.840315 75.564691 75.50915 75.873537 76.237925 76.720878 77.614525 78.414843 78.499233 78.583623 78.668013
-9999 76.711933 77.012854 77.294285 77.425418 77.556551 77.687684 77.42593 76.710732 75.995535 75.280338 75.087215 75.013656 75.057045 75.334626 75.612208 75.889789 75.667001 75.270527 75.327731 76.43159 77.535448 77.566163 77.425714 77.285265 77.305411 77.75599 78.206568 78.657147 78.172012 77.359554 76.832899 76.857182 76.881465 76.645472 76.393539 76.141607 76.389095 77.351075 78.313055 79.275035 78.675529 77.977029 77.669665 77.643483 77.617301 77.683363 78.197926 78.712489 77.700667 76.425043 75.14942 74.695935 75.060322 75.543275 76.436922 77.330569 78.224216 78.411641 78.496031
-9999 76.684778 76.906172 77.037305 77.168438 77.299571 77.430704 77.16895 76.453753 75.738555 75.023358 74.308161 73.888156 73.931544 74.209126 74.486707 74.764289 75.04187 75.042468 75.099673 75.962322 75.821873 75.681425 75.540976 75.400527 75.420672 75.871251 76.321829 76.772408 77.222987 77.128405 76.60175 76.556562 76.30463 76.052697 75.800764 75.548831 75.796319 76.758299 77.720279 78.68226 79.64424 79.521336 79.213972 79.18779 79.161608 79.135426 79.109244 79.572842 78.561019 77.285396 76.009772 74.734149 73.882719 74.365672 75.259319 76.152966 77.046613 77.94026 78.324049
-9999 76.552577 76.68371 76.814843 76.945976 77.077109 77.208242 77.045938 76.33074 75.615543 74.900346 74.185149 73.469951 72.963479 73.24106 73.518641 73.796223 74.073804 74.351386 74.502561 74.362112 74.221663 74.081214 73.940765 73.800316 73.696584 74.147162 74.597741 75.048319 75.498898 75.949477 76.1601 75.908167 75.656235 75.404302 75.152369 74.900436 75.306505 76.268485 77.230465 78.192445 79.154425 80.116405 80.508046 80.481864 80.455682 80.4295 80.403318 80.377136 79.28563 78.010006 76.734383 75.458759 74.183136 73.736023 74.629671 75.523318 76.416965 77.310612 78.204259
-9999 76.501799 76.632932 76.764065 76.895198 77.045823 77.61586 77.58926 76.874063 76.158865 75.443668 74.728471 73.874304 73.257594 73.142847 73.333634 73.611215 73.888796 74.166378 74.317553 74.177104 74.036655 73.896206 73.755758 73.628184 73.501784 73.371265 73.672702 74.123281 74.573859 75.024438 75.235062 74.983129 74.731196 74.479263 74.22733 74.65542 75.328803 76.290783 77.252763 78.214743 79.153255 79.836659 80.284647 80.531317 80.505136 80.478954 80.452772 80.42659 79.335083 78.05946 76.783836 75.508213 75.34363 75.831821 76.725468 77.619115 78.512762 79.349592 79.009721
-9999 76.451021 76.582154 76.713287 77.019108 77.589145 78.159183 78.132582 77.417385 76.702188 75.946386 75.079015 74.211645 73.594935 73.480188 73.365442 73.426207 73.703789 73.98137 74.132545 73.992096 73.851648 73.713652 73.58879 73.463929 73.337529 73.20701 73.076491 73.198242 73.648821 74.099399 74.310023 74.05809 73.806157 73.734403 74.206061 74.677718 75.351101 76.313081 77.275061 78.133614 78.817018 79.500422 79.94841 80.227161 80.505912 80.528407 80.502225 80.476043 79.384536 78.108913 76.833289 77.068288 77.439427 77.927619 78.821266 79.714913 80.252433 79.912563 79.572693
-9999 76.400243 76.531376 76.992392 77.56243 78.132467 78.702505 78.675904 77.960707 77.151097 76.283727 75.416356 74.548986 73.932276 73.817529 73.702783 73.588036 73.518781 73.796362 73.947538 73.807089 73.674259 73.549397 73.424535 73.299673 73.173274 73.042755 72.912236 72.781716 72.723782 73.174361 73.384984 73.133051 73.285044 73.756701 74.228359 74.700016 75.373399 76.335379 77.113973 77.797377 78.480781 79.164185 79.612173 79.890924 80.169675 80.448425 80.551678 80.525496 79.433989 78.421808 78.792947 79.164086 79.535225 80.023416 80.917063 81.155274 80.815404 80.475534 80.135664
-9999 76.395639 76.965677 77.535714 78.105752 78.675789 79.245827 79.219227 78.355809 77.488438 76.621068 75.753697 74.886327 74.269617 74.154871 74.040124 73.925377 73.81063 73.695883 73.76253 73.634866 73.510004 73.385142 73.26028 73.135418 73.009019 72.8785 72.74798 72.617461 72.486942 72.356422 72.459946 72.835685 73.307342 73.778999 74.250657 74.722314 75.395697 76.094332 76.777736 77.46114 78.144544 78.827948 79.275936 79.554687 79.833437 80.112188 80.390939 80.574949 80.146467 80.517606 80.888745 81.259883 81.631022 82.119214 82.058115 81.718245 81.378375 81.038505 80.698635
-9999 76.975498 77.545536 78.115573 78.685611 79.255648 79.764066 80.263484 80.020159 79.152789 78.285419 77.418048 76.550678 75.814791 75.508423 75.393676 75.278929 75.164182 75.049435 74.93163 74.806768 74.681906 74.557044 74.432182 74.255499 73.974133 74.088135 73.957616 73.827097 73.696577 73.566058 73.641222 74.11288 74.584537 75.056194 75.527851 75.90921 76.618748 77.667414 78.350817 79.034221 79.717625 80.401029 80.563266 80.722491 81.001242 81.279992 81.558743 81.837494 82.68282 83.053959 83.425098 83.796237 84.167376 84.060474 82.885894 82.546024 82.206154 81.866284 81.526414
-9999 77.576101 78.146139 78.716176 79.286214 79.726424 80.119008 80.618427 81.241146 81.570554 80.703184 79.835813 78.968443 78.232556 77.759971 77.324185 77.209438 77.094691 76.979944 76.862138 76.737277 76.612415 76.487553 76.177254 75.682947 75.40158 75.690949 75.947282 75.816763 75.686243 75.555724 75.630888 76.102546 76.574203 77.04586 77.311926 77.443457 78.152995 79.689452 81.00792 81.691324 82.374728 83.058132 83.220369 83.007946 83.02297 83.301721 83.580472 83.859222 84.72982 85.702705 86.211579 86.582718 86.953857 86.846955 85.084178 83.524149 83.184278 82.844408 82.504538
-9999 78.176704 78.746741 79.2962 79.688783 80.081367 80.473951 80.973369 81.596088 82.218807 82.841527 82.253578 81.386208 80.65032 80.177736 79.705151 79.232566 79.0252 78.910453 78.792647 78.667785 78.542924 78.099008 77.604701 77.110394 76.829028 77.118397 77.407765 77.697134 77.675909 77.54539 77.620554 78.092212 78.563869 78.714641 78.846172 78.977703 79.687241 81.223699 82.760157 84.296615 85.031831 85.715235 85.877472 85.665048 85.452625 85.323449 85.6022 85.880951 86.751548 87.724433 88.697318 89.369199 89.740338 89.633436 87.870659 86.107882 84.345106 83.822533 83.482663
-9999 78.777307 79.258559 79.651142 80.043726 80.43631 80.828894 81.328312 81.951031 82.57375 83.196469 83.819188 83.803972 83.068085 82.5955 82.122916 81.650331 81.177746 80.840962 80.723156 80.51507 80.020763 79.526456 79.032149 78.537842 78.256476 78.545844 78.835213 79.124581 79.41395 79.535056 79.61022 79.985825 80.117356 80.248888 80.380419 80.51195 81.221488 82.757946 84.294403 85.830861 87.367319 88.372337 88.534574 88.322151 88.109728 87.897305 87.684882 87.902679 88.773277 89.746162 90.719047 91.691932 92.526818 92.419916 90.65714 88.894363 87.131587 85.36881 84.460787
-9999 79.105223 79.497807 79.89039 80.282974 80.675558 81.068142 81.355233 81.977952 82.600671 83.22339 83.846109 84.468828 84.991175 84.51859 84.046006 83.573421 83.100836 82.628251 82.149098 81.654791 81.160484 80.666177 80.17187 79.677563 79.66774 79.955551 80.244919 80.534288 80.823657 81.113025 81.348482 81.480013 81.611544 81.743075 81.874606 82.006137 82.492307 84.028765 85.565223 87.101681 88.638139 90.174597 90.406963 90.19454 89.982117 89.769694 89.557271 89.344848 89.730963 90.703848 91.676733 92.649618 93.622503 94.489281 92.820511 91.057735 89.294958 87.532181 85.769405
-9999 78.906527 79.299111 79.691695 80.084278 80.472455 80.833071 80.989482 80.910215 81.385918 82.008637 82.631356 83.254075 83.821491 84.278157 84.096583 83.623998 83.151413 82.678828 82.199675 81.705368 81.211061 80.716754 80.222447 80.77292 81.268143 81.364936 81.58747 81.876838 82.166207 82.455576 82.691032 82.822563 82.954094 83.085625 83.197208 82.668048 82.931125 84.327608 85.838881 87.375339 88.911797 90.448255 90.35037 89.096521 88.884098 88.671675 88.459252 88.246828 87.721994 87.633775 88.606659 89.579544 90.552429 91.419207 91.918441 90.862426 89.099649 87.336873 85.574096
-9999 78.707831 79.100415 79.492999 79.868888 80.229504 80.59012 80.746531 80.667264 80.587997 80.793884 81.416603 82.039322 82.606738 83.063404 83.52007 83.674575 83.20199 82.729406 82.250252 81.755945 81.261638 81.085571 81.729447 82.373323 82.868546 82.965339 83.062133 83.219389 83.508757 83.798126 84.033582 84.165114 84.296645 84.184271 83.655111 83.125951 83.389028 84.785512 86.181995 87.648997 89.185455 90.721913 90.624028 89.351234 88.078441 87.573655 87.361232 87.148809 86.623975 86.045147 85.536586 86.509471 87.482356 88.349133 88.848368 89.347602 88.904341 87.141564 85.378787
-9999 78.509136 78.90172 79.265321 79.625937 79.986553 80.347169 80.503581 80.424314 80.345047 80.26578 80.20185 80.824569 81.391985 81.848651 82.305317 82.761983 83.218649 82.779983 82.300829 81.806522 82.042099 82.685975 83.329851 83.973727 84.468949 84.565742 84.662536 84.759329 84.856123 85.140676 85.376133 85.507664 85.171334 84.642174 84.113014 83.583854 83.846931 85.243415 86.639898 88.036382 89.459113 90.995571 90.897686 89.624893 88.352099 87.079306 86.263213 86.05079 85.525956 84.947128 84.368301 83.789473 84.412282 85.27906 85.778294 86.277528 86.776763 86.946255 85.183478
-9999 78.301139 78.661755 79.022371 79.382987 79.743603 80.104219 80.26063 80.181363 80.102096 80.022829 79.943562 79.864295 80.177232 80.633898 81.090564 81.54723 82.003896 82.460562 82.35475 82.998626 83.642502 84.286378 84.930254 85.57413 86.069352 86.166146 86.262939 86.359733 86.456526 86.553319 86.687558 86.158398 85.629238 85.100078 84.570918 84.041758 84.304834 85.701318 87.097802 88.494285 89.890769 91.287252 91.171344 89.898551 88.625757 87.352964 86.080171 84.952771 84.427936 83.849109 83.270281 82.691454 82.112626 82.208986 82.70822 83.207455 83.706689 84.205923 84.705157
-9999 78.372973 78.733589 79.094205 79.454821 79.815437 79.913202 79.901575 79.931842 79.852575 79.773308 79.694041 79.614774 79.635192 79.913474 80.37014 80.826806 81.283472 81.740138 82.253414 82.89729 83.541166 84.185042 84.828918 85.346896 85.566211 85.603594 85.700388 85.797181 85.893975 85.990768 85.873756 85.344596 84.815436 84.286276 83.757116 83.36141 83.38805 84.162982 85.559465 86.955949 88.352433 89.748916 90.069046 89.165528 87.892735 86.619941 85.347148 84.074355 84.152498 83.717763 83.138935 82.560108 81.98128 81.617414 82.02298 82.522214 83.021448 83.520683 84.019917
