mean_models/J1_mean__temp2_slide_180.dat.tif
NCOLS 118
NROWS 92
XLLCORNER 139.62
YLLCORNER -39.07
DX 0.099491525
DY 0.099347826
NODATA_VALUE -9999
[rows 27 to 53 of 92, columns 0 to 59 of 118]
-9999 1063.4062 1052.545 1040.0124 1017.5267 995.04095 972.55521 958.96847 955.6523 952.33613 949.01997 951.5676 955.72438 961.63105 971.04196 980.45286 989.86376 994.97521 998.3629 1005.4603 1021.1163 1036.7723 1047.9935 1058.6719 1069.3504 1083.8493 1108.5883 1133.3273 1158.0663 1173.0395 1184.078 1191.8037 1193.1433 1194.4829 1200.7738 1207.2161 1213.6584 1217.346 1217.0925 1216.8389 1216.5854 1219.9298 1223.6179 1224.852 1224.3221 1223.7922 1222.5067 1216.7114 1210.9161 1198.8978 1185.804 1172.7102 1167.8942 1172.2388 1176.8327 1182.2901 1187.7476 1193.2051 1196.4421 1199.2751
-9999 1080.1685 1064.1951 1041.7094 1019.2236 996.7379 974.25216 960.66541 957.34925 954.03308 950.71691 947.40075 947.7364 953.64306 963.05397 972.46487 981.87577 991.28668 998.05302 1005.1505 1019.9816 1030.66 1041.3385 1052.0169 1062.6953 1077.1943 1101.9333 1126.6723 1151.4113 1176.1502 1194.5966 1202.3223 1204.804 1211.2464 1217.6887 1224.131 1230.5734 1234.2609 1234.0074 1233.7539 1233.5003 1233.2468 1235.6757 1236.9099 1236.38 1235.85 1235.3201 1234.7902 1229.3504 1217.3321 1204.2383 1191.1445 1178.0507 1169.9255 1174.5193 1179.9768 1185.4343 1190.8917 1196.3492 1200.0842
-9999 1089.437 1066.9512 1044.4655 1021.9798 999.49403 977.00829 964.28594 960.96978 957.65361 954.33744 951.02128 947.70511 949.22027 958.63117 968.04207 977.45298 986.86388 996.27478 1006.069 1016.7474 1027.4258 1038.1042 1048.7827 1059.4611 1071.5684 1096.3073 1121.0463 1145.7853 1170.5243 1195.2633 1213.7528 1220.1951 1226.6374 1233.0797 1239.5221 1245.9644 1247.8788 1247.6253 1247.3718 1247.1182 1246.8647 1246.6112 1246.7713 1246.2413 1245.7114 1245.1815 1244.6516 1244.1216 1234.6655 1221.5717 1208.4779 1195.3841 1182.2903 1173.0198 1178.4773 1183.9347 1189.3922 1194.8497 1200.3071
-9999 1100.9127 1078.427 1055.9412 1033.4555 1010.9698 1002.2672 992.634 980.42589 977.10972 973.79355 970.47739 967.16122 969.51315 983.21579 992.96908 1002.38 1011.7909 1021.2018 1030.996 1041.6744 1052.3528 1063.0312 1073.7097 1084.8356 1094.8435 1101.3023 1123.8923 1148.6313 1173.3703 1198.1093 1216.5988 1223.0411 1229.4834 1235.9257 1242.3681 1251.5181 1250.3154 1234.1013 1233.8478 1233.5943 1233.3407 1233.0872 1235.2205 1238.0204 1237.4905 1236.9606 1236.4306 1235.9007 1236.4767 1229.8421 1216.7483 1203.6545 1190.5607 1181.0446 1183.9214 1189.1347 1194.5921 1200.0496 1205.507
-9999 1112.3884 1089.9027 1067.417 1047.94 1040.7587 1033.5774 1023.9442 1011.4813 999.01849 993.24966 989.93349 986.61733 988.96926 1002.6719 1016.3745 1027.307 1036.7179 1046.1288 1055.923 1066.6014 1077.2798 1087.9583 1099.2637 1110.5958 1120.6037 1127.0626 1133.5215 1151.4773 1176.2163 1200.9553 1219.4447 1225.8871 1232.3294 1238.955 1248.7791 1258.6031 1257.4004 1240.4223 1223.4442 1220.0703 1219.8167 1219.5632 1221.6965 1225.5456 1229.2696 1228.7396 1228.2097 1227.6798 1228.2558 1229.023 1225.0187 1211.9249 1198.8311 1189.315 1192.1918 1195.0685 1199.792 1205.2495 1210.707
-9999 1123.8642 1101.3784 1086.4316 1079.2502 1072.0689 1064.8876 1055.2544 1042.7916 1030.3287 1017.8658 1009.3896 1006.0734 1008.4254 1022.128 1035.8306 1049.5333 1061.6449 1071.0558 1080.85 1091.5284 1102.3598 1113.6919 1125.024 1136.3561 1146.364 1152.8229 1159.2817 1165.7406 1179.0623 1203.8013 1222.2907 1228.7331 1236.216 1246.04 1255.864 1265.6881 1264.4853 1247.5073 1230.5292 1213.5512 1206.2928 1206.0392 1208.1725 1212.0216 1215.8707 1219.7198 1219.9888 1219.4589 1220.0349 1220.802 1221.5692 1220.1953 1207.1015 1197.5854 1200.4621 1203.3389 1206.2156 1210.4494 1215.9069
-9999 1135.3399 1124.9231 1117.7418 1110.5604 1103.3791 1096.1978 1086.5646 1074.1018 1061.6389 1049.176 1036.7132 1025.5295 1027.8815 1041.5841 1055.2868 1068.9894 1082.692 1095.9828 1105.777 1116.788 1128.1201 1139.4522 1150.7842 1162.1163 1172.1243 1178.5831 1185.042 1191.5008 1197.9597 1206.6473 1225.1367 1233.4769 1243.301 1253.125 1262.949 1272.773 1271.5703 1254.5923 1237.6142 1220.6361 1203.6581 1192.5152 1194.6485 1198.4976 1202.3467 1206.1958 1210.0449 1211.2379 1211.8139 1212.5811 1213.3482 1214.1154 1214.8825 1205.8558 1208.7325 1211.6093 1214.486 1217.3627 1221.1068
-9999 1159.0824 1151.901 1144.7197 1137.5384 1130.3571 1123.1757 1108.4289 1095.8933 1083.4304 1070.9676 1058.5047 1046.0418 1043.0902 1057.1722 1070.8749 1084.5775 1098.2801 1111.9828 1124.9686 1136.3007 1147.6327 1158.9648 1170.2969 1181.629 1191.5691 1199.1559 1205.6147 1212.0736 1218.5325 1224.9913 1232.5996 1242.4236 1252.2477 1262.0717 1271.8957 1281.7197 1280.848 1264.9348 1247.9567 1230.9787 1214.0006 1197.0226 1190.1149 1193.9641 1197.8132 1201.6623 1205.5114 1209.3605 1209.5516 1210.3188 1211.0859 1211.8531 1212.6203 1213.4354 1215.867 1218.7438 1221.6205 1224.4972 1227.3739
-9999 1178.9152 1171.7339 1164.5526 1157.3712 1147.7877 1132.272 1117.2255 1102.7206 1089.523 1077.0602 1064.5973 1052.1345 1049.1828 1065.2779 1080.0835 1093.7862 1107.4888 1121.1914 1134.1773 1145.5093 1156.8414 1168.1735 1179.3027 1187.5522 1196.7628 1208.5494 1217.6319 1224.0908 1230.5497 1237.0085 1244.6168 1254.4408 1264.2649 1274.0889 1281.5399 1277.8506 1275.5579 1275.2632 1263.6718 1246.6938 1229.7157 1212.7376 1205.3274 1204.7954 1208.1073 1211.9564 1215.8055 1219.6546 1218.9618 1217.8839 1218.6511 1219.4182 1220.1854 1221.0005 1221.9819 1224.0049 1226.8816 1229.7583 1232.6351
-9999 1198.7481 1191.5667 1184.3854 1172.1001 1156.5843 1141.0686 1126.0221 1111.5172 1097.0123 1083.1528 1070.6899 1058.2271 1055.2754 1071.3705 1087.4656 1102.9948 1116.6975 1130.4001 1143.3859 1154.718 1166.0501 1176.2469 1184.4964 1192.746 1201.9565 1213.7431 1225.5296 1236.108 1242.5669 1249.0257 1256.634 1266.458 1276.2821 1279.9391 1276.2498 1272.5606 1270.2679 1269.9732 1269.6784 1262.4089 1245.4308 1228.4527 1221.0425 1220.5105 1219.9785 1222.2506 1226.0997 1229.9488 1229.2559 1227.7781 1226.3003 1226.9833 1227.7505 1228.5656 1229.5471 1230.5285 1232.1427 1235.0195 1237.8962
-9999 1218.5809 1211.3996 1196.4125 1180.8967 1165.3809 1149.8652 1134.8187 1120.3138 1105.8089 1091.304 1076.7991 1064.3197 1061.368 1077.4631 1093.5582 1109.6533 1125.7483 1139.6088 1152.5946 1163.9267 1173.1912 1181.4407 1189.6902 1197.9397 1207.1503 1218.9368 1230.7234 1242.5099 1254.2964 1261.0429 1268.6512 1278.4752 1278.3383 1274.6491 1270.9598 1267.2705 1264.9778 1264.6831 1264.3884 1264.0937 1261.1459 1244.1678 1236.7576 1236.2256 1235.6936 1235.1616 1236.3938 1240.2429 1239.5501 1238.0723 1236.5945 1235.1167 1235.3156 1236.1308 1237.1122 1238.0936 1239.075 1240.2806 1243.1573
-9999 1236.2407 1220.7249 1205.2091 1189.6933 1174.1775 1158.6618 1143.6153 1129.1104 1114.6055 1100.1006 1085.5957 1071.0908 1067.4606 1083.5557 1099.6508 1115.7459 1131.8409 1147.936 1161.8033 1170.1354 1178.3849 1186.6344 1194.8839 1203.1334 1212.344 1224.1305 1235.9171 1247.7036 1259.4902 1271.2767 1280.4268 1276.7376 1273.0483 1269.359 1265.6697 1261.9804 1259.6877 1259.393 1259.0983 1258.8036 1258.5089 1258.2142 1252.4727 1251.9407 1251.4087 1250.8767 1250.3447 1250.5371 1249.8443 1248.3665 1246.8887 1245.4109 1243.933 1243.6959 1244.6773 1245.6587 1246.6401 1247.6215 1248.6029
-9999 1232.2678 1216.752 1201.2363 1185.7205 1170.2047 1163.0487 1157.8736 1143.3687 1128.8638 1114.3589 1099.8541 1086.7169 1081.4567 1090.2955 1106.3906 1122.4856 1138.5807 1154.6758 1168.3985 1176.648 1184.8975 1193.147 1201.3965 1209.9284 1217.9819 1224.7331 1236.5196 1248.3062 1260.0927 1271.8792 1278.3797 1274.6905 1271.0012 1267.3119 1263.6226 1258.7187 1254.4858 1254.1911 1253.8964 1253.6017 1253.307 1254.092 1255.6543 1255.7888 1255.2568 1254.7248 1254.1928 1253.6608 1252.3223 1250.8445 1249.3667 1247.8889 1248.1247 1257.2395 1258.2209 1259.2023 1260.1838 1261.1652 1259.2287
-9999 1223.9762 1208.4604 1192.9446 1177.4288 1176.2455 1179.1543 1173.9792 1159.4743 1144.9694 1130.4645 1118.702 1108.4374 1103.1772 1107.9385 1113.3492 1129.4443 1145.5394 1161.6345 1175.3572 1183.6067 1191.8562 1200.1057 1208.9861 1218.3881 1226.4416 1230.8809 1235.5693 1247.3559 1259.1424 1270.929 1277.4295 1273.7402 1270.0509 1266.3616 1260.5322 1253.5466 1249.3137 1249.019 1248.7243 1248.4296 1249.7498 1251.5211 1253.0834 1254.4955 1255.0914 1254.5594 1254.0274 1253.4953 1252.1569 1250.6791 1249.2013 1252.2275 1263.6904 1272.8052 1273.7866 1274.768 1275.7494 1272.564 1267.7536
-9999 1215.6845 1200.1687 1186.5336 1189.4424 1192.3511 1195.2599 1190.0848 1175.5799 1161.075 1150.687 1140.4224 1130.1578 1124.8976 1129.6589 1134.4203 1139.1816 1152.4981 1168.5931 1182.3158 1190.5653 1198.8148 1208.0438 1217.4458 1226.8477 1234.9013 1239.3406 1243.7799 1248.2193 1258.1921 1269.9787 1276.4792 1272.7899 1269.1006 1262.3457 1255.3601 1248.3744 1244.1415 1243.8468 1243.6362 1245.4075 1247.1788 1248.9501 1250.5124 1251.9245 1253.3366 1254.3939 1253.8619 1253.3299 1251.9915 1250.5137 1256.3303 1267.7932 1279.256 1288.3708 1289.3522 1290.3336 1285.8993 1281.0889 1276.2785
-9999 1207.3929 1199.7305 1202.6392 1205.548 1208.4567 1211.3654 1206.1903 1192.9366 1182.6721 1172.4075 1162.1429 1151.8783 1146.6181 1151.3794 1156.1407 1160.9021 1165.6634 1175.5518 1189.2745 1197.6996 1207.1016 1216.5035 1225.9055 1235.3074 1243.3609 1247.8003 1252.2396 1256.679 1261.1183 1269.0284 1275.5289 1271.1449 1264.1593 1257.1736 1250.188 1243.2023 1238.9694 1239.294 1241.0653 1242.8366 1244.6079 1246.3792 1247.9415 1249.3536 1250.7656 1252.1777 1253.5898 1253.1645 1251.826 1260.4331 1271.896 1283.3588 1294.8217 1303.9364 1304.045 1299.2346 1294.4242 1289.6138 1284.8034
-9999 1209.9908 1212.8995 1215.8083 1218.717 1221.6257 1224.5345 1222.4723 1212.2077 1201.9431 1191.6785 1181.4139 1171.1493 1165.4338 1170.1951 1174.9564 1179.7178 1184.4791 1189.2404 1195.405 1204.807 1214.2089 1223.6109 1233.0128 1242.4148 1249.4622 1253.9016 1258.3409 1262.7803 1267.2196 1271.659 1272.1959 1265.2102 1258.2246 1251.2389 1244.2533 1237.2676 1234.6479 1236.4192 1238.1905 1239.9618 1241.7331 1243.5044 1245.9276 1247.3397 1248.7517 1250.1638 1251.5759 1252.988 1262.9674 1274.4303 1285.8931 1297.356 1308.8188 1316.1641 1311.3537 1306.5433 1301.7329 1296.9225 1292.112
-9999 1201.0123 1203.921 1206.8297 1209.7385 1212.6472 1218.034 1218.5234 1213.005 1202.7404 1192.4758 1182.2112 1171.9466 1165.6703 1167.3805 1171.8644 1176.6257 1181.3871 1186.1484 1192.313 1201.7149 1211.1169 1220.5188 1229.9208 1243.5869 1252.5478 1243.8981 1246.6551 1251.0944 1255.5338 1259.9731 1260.5101 1253.5244 1246.5387 1239.5531 1232.5674 1227.1235 1226.2402 1231.2527 1233.024 1234.7953 1236.5666 1238.3379 1243.433 1249.527 1250.9391 1252.3512 1253.7632 1255.1753 1265.1429 1276.5977 1288.0606 1299.5234 1310.9863 1318.0444 1309.8453 1304.6789 1299.8685 1295.0581 1290.2477
-9999 1192.0338 1194.9425 1197.8512 1201.325 1206.951 1212.577 1213.0665 1207.6277 1202.1889 1193.2731 1183.0085 1172.744 1166.4676 1168.1778 1169.8881 1173.5337 1178.295 1183.0564 1189.2209 1198.6229 1208.0248 1217.4268 1232.777 1248.3083 1257.2691 1248.6194 1239.9697 1239.4086 1243.8479 1248.2873 1248.8242 1241.8386 1234.8529 1227.991 1222.9048 1217.8186 1216.9354 1222.065 1227.1946 1229.6288 1231.4001 1233.1713 1238.2665 1245.751 1253.1264 1254.5385 1255.9506 1257.3627 1267.3302 1278.7763 1290.2281 1301.6909 1313.1538 1320.2119 1312.0127 1303.8136 1298.0042 1293.1937 1288.3833
-9999 1183.0553 1185.964 1190.2421 1195.8681 1201.4941 1207.1201 1207.6095 1202.1708 1196.732 1191.2932 1183.8059 1173.5413 1167.2649 1168.9752 1170.6854 1172.3957 1175.203 1179.9643 1186.1289 1195.5309 1206.4358 1221.9671 1237.4983 1253.0296 1261.9905 1253.3408 1244.6911 1236.0414 1232.1621 1236.6014 1237.1384 1230.1527 1223.7724 1218.6862 1213.6 1208.5137 1207.6305 1212.7601 1217.8898 1223.0194 1226.2335 1228.0048 1233.0999 1240.5845 1248.0691 1255.5536 1258.1379 1259.55 1269.5175 1280.9637 1292.4098 1303.8584 1315.3212 1322.3794 1314.1802 1305.981 1297.7819 1291.3294 1286.519
-9999 1174.0767 1179.1591 1184.7851 1190.4111 1196.0371 1201.6631 1202.1526 1196.7138 1191.2751 1185.8363 1180.3975 1174.3386 1168.0622 1169.7725 1171.4827 1173.193 1174.9033 1176.8723 1183.0369 1195.6258 1211.1571 1226.6884 1242.2197 1257.751 1266.7118 1258.0621 1249.4124 1240.7627 1232.113 1224.9156 1225.4525 1219.5537 1214.4675 1209.3813 1204.2951 1199.2089 1198.3256 1203.4553 1208.5849 1213.7145 1218.8442 1222.8383 1227.9334 1235.418 1242.9025 1250.3871 1257.8717 1261.7374 1271.7049 1283.151 1294.5972 1306.0433 1317.4895 1324.5469 1316.3477 1308.1485 1299.9494 1291.7502 1284.6546
-9999 1175.2562 1180.8822 1186.5082 1192.1342 1197.7602 1203.3862 1202.5141 1197.0754 1191.6366 1186.1978 1180.7591 1175.3203 1171.9151 1173.2279 1174.9382 1176.6484 1178.3587 1180.069 1185.9585 1201.4898 1217.0211 1232.5524 1248.0836 1263.6149 1265.592 1257.7673 1249.1176 1240.4679 1231.8182 1223.1686 1215.736 1210.6498 1205.5636 1200.4774 1195.3912 1190.305 1197.4132 1202.5428 1207.6725 1212.8021 1217.9317 1222.81 1221.9124 1229.3969 1236.8815 1244.366 1251.8506 1259.3352 1270.1975 1281.6437 1293.0898 1304.536 1315.9821 1319.6179 1311.4187 1303.2195 1295.0204 1286.8212 1279.2798
-9999 1188.39 1194.016 1199.642 1205.268 1210.0069 1213.0285 1212.1226 1206.6838 1201.2451 1195.8063 1190.5211 1185.8157 1182.5162 1182.0324 1182.618 1184.3282 1186.0385 1187.7488 1193.6383 1209.1696 1224.7009 1240.2322 1253.9512 1254.0374 1252.7082 1247.5852 1240.851 1232.2013 1223.5516 1214.9019 1207.4694 1202.3832 1197.297 1192.2108 1190.7007 1201.4191 1209.8383 1214.9679 1220.0976 1225.2272 1229.19 1231.1304 1229.0751 1224.1473 1229.5024 1236.9869 1244.4715 1251.956 1262.8184 1274.2646 1285.7107 1297.1568 1301.8783 1303.4109 1295.2118 1287.0126 1278.8134 1273.3906 1273.9229
-9999 1201.5237 1207.1497 1212.7757 1216.5938 1219.6154 1222.637 1221.7311 1216.2923 1210.8536 1205.8277 1201.1222 1196.4167 1193.1173 1192.6334 1192.1496 1192.008 1193.7183 1195.4286 1201.3181 1216.8494 1232.3807 1240.9811 1241.0673 1241.1535 1239.8243 1234.7013 1229.5784 1223.9347 1215.285 1206.6353 1199.2028 1194.1166 1189.0304 1192.4073 1203.1258 1213.8442 1222.2634 1227.393 1232.5227 1235.5701 1237.5105 1239.4509 1237.3956 1232.4678 1227.54 1229.6078 1237.0924 1244.5769 1255.4393 1266.8854 1276.9872 1281.3293 1285.6714 1287.204 1279.0048 1270.8056 1267.5015 1268.0338 1268.5661
-9999 1214.6575 1220.159 1223.1807 1226.2023 1229.2239 1232.2455 1231.3396 1225.9008 1221.1342 1216.4287 1211.7233 1207.0178 1203.7184 1203.2345 1202.7506 1202.2668 1201.7829 1203.1084 1208.9979 1224.5292 1228.011 1228.0972 1228.1834 1228.2697 1226.9404 1221.8175 1216.6945 1211.5715 1206.4486 1198.3687 1190.9362 1185.85 1194.114 1204.8325 1215.5509 1226.2693 1234.6885 1239.8181 1241.9501 1243.8906 1245.831 1247.7714 1245.7161 1240.7883 1235.8605 1230.9327 1229.7133 1237.1978 1248.0602 1256.4382 1260.7803 1265.1223 1269.4644 1270.997 1262.7979 1261.6124 1262.1447 1262.677 1263.2092
-9999 1226.7459 1229.7675 1232.7891 1235.8107 1238.8323 1241.854 1241.1462 1236.4407 1231.7353 1227.0298 1222.3244 1217.6189 1214.3194 1213.8356 1213.3517 1212.8679 1212.384 1211.9001 1214.9547 1215.0409 1215.1271 1215.2133 1215.2996 1215.3858 1214.0566 1208.9336 1203.8106 1198.6877 1193.5647 1188.4417 1185.1022 1195.8207 1206.5391 1217.2576 1227.976 1238.6944 1246.3898 1248.3302 1250.2706 1252.2111 1254.1515 1256.0919 1254.0366 1249.1088 1244.181 1239.2532 1234.3254 1229.8187 1235.8891 1240.2312 1244.5733 1248.9154 1253.2575 1255.191 1255.7233 1256.2556 1256.7879 1257.3201 1257.8524
-9999 1239.3829 1242.4046 1245.4262 1248.4478 1251.4694 1247.8025 1241.2506 1236.5451 1231.8397 1227.1342 1222.4287 1222.9705 1223.7489 1215.2532 1214.7694 1214.2855 1213.8016 1213.3178 1213.0063 1213.0925 1213.1788 1213.265 1213.3512 1214.8786 1216.6493 1212.7157 1207.5927 1202.4697 1197.3467 1192.2238 1192.5117 1203.2302 1213.9486 1224.667 1235.3855 1244.7111 1250.2063 1252.1467 1254.0871 1256.0275 1257.968 1258.1956 1258.1521 1255.7698 1250.842 1245.9142 1240.9864 1236.0586 1239.0347 1243.3768 1247.7189 1252.0609 1255.2084 1255.2044 1255.7367 1256.269 1256.8012 1257.3335 1258.5668
