mean_models/J1_mean_tot_conduct_slide_29.94.dat.tif
NCOLS 118
NROWS 92
XLLCORNER 139.62
YLLCORNER -39.07
DX 0.099491525
DY 0.099347826
NODATA_VALUE -9999
[rows 0 to 25 of 92, columns 57 to 113 of 118]
-3.0448369 -2.9948216 -2.9174393 -2.8633804 -2.8319621 -2.8584453 -2.9055729 -3.001912 -3.1308394 -3.2495725 -3.3287885 -3.3289314 -3.3023888 -3.1723642 -3.0399859 -2.8575847 -2.7105407 -2.5778853 -2.4809506 -2.4085448 -2.3333121 -2.2590183 -2.1431284 -2.0058084 -1.8180134 -1.6577973 -1.4975054 -1.4795413 -1.4709906 -1.6795613 -1.9301977 -2.2676087 -2.6284586 -3.0002309 -3.215767 -3.4342346 -3.4434876 -3.4165833 -3.3042479 -3.1780704 -3.0259069 -2.9363315 -2.8947369 -2.905058 -2.9286686 -2.9403735 -2.9424519 -2.9190421 -2.8520596 -2.7708698 -2.7006405 -2.6333051 -2.592338 -2.5782733 -2.5144558 -2.4728625 -2.3461054
-3.3678093 -3.2679099 -3.175985 -3.1103152 -3.0842329 -3.1099644 -3.1790775 -3.3093625 -3.4200573 -3.4985413 -3.5725454 -3.5456126 -3.482422 -3.3326559 -3.1564601 -2.9604639 -2.7970882 -2.6445101 -2.5557672 -2.484157 -2.4344113 -2.3864489 -2.286215 -2.1748718 -1.9956566 -1.8268367 -1.6593013 -1.6136704 -1.5742465 -1.7565733 -1.9634729 -2.2861277 -2.6173615 -2.9944449 -3.2458227 -3.4753607 -3.5111569 -3.5072337 -3.3939916 -3.2554373 -3.0920221 -2.9835013 -2.907324 -2.8934602 -2.8800056 -2.894135 -2.8839505 -2.8811878 -2.8366969 -2.7676375 -2.7065081 -2.6635021 -2.6424343 -2.6559228 -2.6339356 -2.6035956 -2.5039545
-3.4896979 -3.3699593 -3.2538858 -3.1954977 -3.1745522 -3.2296022 -3.3133846 -3.4494236 -3.5931336 -3.6945044 -3.7720704 -3.7354156 -3.6679902 -3.4966437 -3.3064229 -3.0908579 -2.9055603 -2.7397411 -2.6509982 -2.578403 -2.5443154 -2.5027481 -2.4253658 -2.3150688 -2.1512004 -1.9827402 -1.8113937 -1.7346591 -1.686675 -1.8212812 -2.0066451 -2.2995924 -2.6266414 -2.9894929 -3.2431343 -3.4740718 -3.5187996 -3.512997 -3.3959481 -3.2424563 -3.0727354 -2.9630582 -2.8693868 -2.8401246 -2.8289282 -2.8464855 -2.8665786 -2.872431 -2.8396206 -2.7988847 -2.7520651 -2.7296963 -2.7179914 -2.7407768 -2.7534051 -2.7417002 -2.6661333
-3.3841408 -3.2506962 -3.0986549 -3.0454561 -3.0317397 -3.1113293 -3.220246 -3.3977108 -3.5682966 -3.722694 -3.8179515 -3.8231879 -3.7653636 -3.6208285 -3.4325093 -3.221252 -3.030042 -2.8577167 -2.7664413 -2.6839601 -2.6397416 -2.5964794 -2.5246244 -2.4179666 -2.2629667 -2.097764 -1.9293692 -1.8353862 -1.7798136 -1.8995766 -2.0600399 -2.3244293 -2.6300201 -2.9646559 -3.1853823 -3.3995609 -3.4112658 -3.4012307 -3.257397 -3.0873122 -2.9112952 -2.8150346 -2.7268163 -2.7443736 -2.7357896 -2.80662 -2.8727018 -2.9034772 -2.9036617 -2.8671863 -2.8344471 -2.8166256 -2.8049207 -2.8277061 -2.8403345 -2.8513491 -2.8029543
-3.2902273 -3.102426 -2.9407236 -2.8725756 -2.8621028 -2.9626337 -3.0883072 -3.2928059 -3.4973163 -3.6743244 -3.8121275 -3.8342952 -3.8135727 -3.6824349 -3.5241769 -3.3172406 -3.139845 -2.9629711 -2.8631736 -2.7746869 -2.7247077 -2.6737943 -2.6001135 -2.4967234 -2.3445599 -2.1859977 -2.0201785 -1.9298291 -1.8592666 -1.9646106 -2.1073546 -2.3613247 -2.6283828 -2.9444148 -3.1252465 -3.3110155 -3.2867481 -3.2458309 -3.0882803 -2.8941669 -2.7127411 -2.6300617 -2.5588399 -2.6074443 -2.6498421 -2.7486122 -2.8831637 -2.9416881 -2.9611821 -2.9506387 -2.9195711 -2.8770808 -2.8653759 -2.876395 -2.8988189 -2.9186357 -2.9179882
-3.1266358 -2.9161488 -2.7448023 -2.6740562 -2.6688198 -2.7740411 -2.9311329 -3.1456599 -3.3793407 -3.5731637 -3.7376166 -3.7847442 -3.7887357 -3.6892442 -3.5490138 -3.37214 -3.2040882 -3.0493236 -2.9427335 -2.8491977 -2.7939247 -2.7358867 -2.6585044 -2.5526066 -2.4004431 -2.2427199 -2.0822709 -1.9938151 -1.9275682 -2.022138 -2.1632378 -2.3898573 -2.6449001 -2.9141125 -3.0755454 -3.2116677 -3.1472908 -3.0575215 -2.8585385 -2.6631397 -2.4705808 -2.39817 -2.3477257 -2.4413648 -2.5419927 -2.717566 -2.8653975 -2.9913621 -3.02934 -3.0350491 -2.994082 -2.9454877 -2.8964221 -2.8957541 -2.908358 -2.9434727 -2.9529393
-3.0069356 -2.7941923 -2.6322169 -2.5664814 -2.5761018 -2.6887557 -2.8458476 -3.0568916 -3.2924238 -3.4866447 -3.6523856 -3.703778 -3.7263784 -3.6426888 -3.5309703 -3.3772807 -3.2286602 -3.0869955 -2.9850841 -2.8969083 -2.8397381 -2.7711788 -2.687787 -2.5709694 -2.4188059 -2.2610826 -2.1147946 -2.0298883 -1.9843821 -2.0828102 -2.2352011 -2.4561005 -2.6754051 -2.9273801 -3.0820195 -3.1337601 -3.0485786 -2.8813802 -2.642203 -2.4173177 -2.2050001 -2.1641764 -2.1205314 -2.2424239 -2.4251856 -2.6632319 -2.8450714 -3.0521361 -3.1165343 -3.1256401 -3.0614248 -2.9985584 -2.8805477 -2.8142391 -2.8259939 -2.8674518 -2.8812952
-2.9312631 -2.7409217 -2.5861571 -2.5376005 -2.5533097 -2.6612557 -2.8183476 -3.0184065 -3.2450261 -3.4216855 -3.5874264 -3.6480307 -3.6815916 -3.6209904 -3.5325218 -3.3943392 -3.2592951 -3.1211124 -3.0237348 -2.9322205 -2.8613686 -2.788346 -2.6939283 -2.5818185 -2.429655 -2.2926894 -2.1489794 -2.0951872 -2.0508325 -2.1620289 -2.3183209 -2.5338859 -2.7390668 -2.9614596 -3.0200976 -3.0662203 -2.8903449 -2.6987148 -2.42365 -2.159319 -1.9427786 -1.9145093 -1.9204975 -2.1230149 -2.3464247 -2.627342 -2.9133131 -3.1298535 -3.2016083 -3.2118644 -3.1299302 -2.9735473 -2.8447936 -2.7478401 -2.7180099 -2.7648295 -2.8665952
-2.9542427 -2.7786384 -2.6791469 -2.6353845 -2.665076 -2.7669583 -2.9114862 -3.0925066 -3.2947 -3.4411642 -3.5874264 -3.634554 -3.6629638 -3.6076908 -3.5235249 -3.4067576 -3.2755335 -3.1459493 -3.0439469 -2.944639 -2.8617294 -2.7821367 -2.6826452 -2.5715865 -2.4358643 -2.3121665 -2.1924441 -2.1647793 -2.1439711 -2.2752416 -2.4425057 -2.6580707 -2.8485268 -3.0297613 -3.0423765 -3.0413834 -2.7897283 -2.5683208 -2.227132 -1.9463543 -1.7130368 -1.7121755 -1.7404295 -2.0154943 -2.260157 -2.6464182 -2.9692697 -3.2354105 -3.3205242 -3.3360492 -3.1967185 -2.995243 -2.7951197 -2.6294614 -2.5689882 -2.5934473 -2.7304414
-3.0644583 -2.9312107 -2.8518919 -2.8428152 -2.8787771 -2.9676441 -3.1057114 -3.2406765 -3.4286049 -3.5355012 -3.6598658 -3.6898511 -3.7088564 -3.6478162 -3.5634471 -3.4455447 -3.3085956 -3.1783701 -3.0739116 -2.9445223 -2.8406506 -2.7532777 -2.6506484 -2.5488587 -2.4240301 -2.3436867 -2.2378708 -2.2611484 -2.2600312 -2.4034293 -2.5932756 -2.8088406 -2.9704483 -3.1307349 -3.0753199 -3.0385621 -2.729799 -2.4480742 -2.0868966 -1.7915576 -1.5522769 -1.5874449 -1.6417708 -1.9723399 -2.290311 -2.7120366 -3.098896 -3.3941327 -3.4816443 -3.4827469 -3.3179261 -3.0215652 -2.7791063 -2.5266172 -2.422764 -2.4275871 -2.5998453
-3.2191802 -3.1290997 -3.0848813 -3.09899 -3.151354 -3.2426944 -3.3578951 -3.4792422 -3.6118976 -3.701393 -3.7822069 -3.8031525 -3.8024656 -3.7361379 -3.6422755 -3.5206747 -3.3759235 -3.2266862 -3.0865167 -2.9389246 -2.8200096 -2.7081133 -2.6030945 -2.501236 -2.395892 -2.333838 -2.2785649 -2.3233811 -2.3813796 -2.5569529 -2.7492652 -2.9648302 -3.1206838 -3.2377326 -3.1610659 -3.0483604 -2.7115335 -2.3591507 -1.967037 -1.6815622 -1.4474645 -1.499735 -1.6057434 -1.9718189 -2.3775766 -2.8516244 -3.2442379 -3.589532 -3.6754156 -3.6533228 -3.4484873 -3.1332201 -2.787926 -2.486176 -2.2860943 -2.2568321 -2.4266243
-3.4537903 -3.3749512 -3.364297 -3.3807015 -3.436979 -3.5144768 -3.6124739 -3.7026174 -3.8105932 -3.8684369 -3.9374316 -3.9479044 -3.9452781 -3.8789504 -3.7786773 -3.6386502 -3.4752981 -3.301197 -3.1438109 -2.9451339 -2.7737874 -2.6451395 -2.5235387 -2.4264203 -2.3400089 -2.3104994 -2.2909834 -2.3759316 -2.4558905 -2.651069 -2.8575794 -3.0579688 -3.1971387 -3.2874065 -3.1764007 -3.0421512 -2.6792998 -2.3218953 -1.9393077 -1.6843476 -1.4847199 -1.5870698 -1.7175097 -2.1505904 -2.5638538 -3.0687531 -3.4709116 -3.8192739 -3.8843565 -3.8582277 -3.6034685 -3.2371425 -2.8500184 -2.4726483 -2.2550481 -2.1870434 -2.3601142
-3.6377124 -3.6011808 -3.5966576 -3.6309529 -3.6805801 -3.7514944 -3.8239737 -3.8794245 -3.9623341 -4.0185252 -4.0667386 -4.0772114 -4.0848501 -4.0193495 -3.9376923 -3.7951747 -3.6256785 -3.4197734 -3.2148299 -2.9707861 -2.7994395 -2.596009 -2.4744083 -2.3392192 -2.257285 -2.2351733 -2.2508942 -2.3462237 -2.4743756 -2.6850635 -2.891574 -3.0875951 -3.1900328 -3.2659039 -3.1483028 -2.9873346 -2.6244832 -2.2851581 -1.9212783 -1.7048775 -1.5774934 -1.7442233 -1.9102882 -2.3433689 -2.8155281 -3.3165837 -3.7074062 -4.0279923 -4.05901 -3.9999195 -3.7317531 -3.3572716 -2.9300827 -2.5379812 -2.2601768 -2.1788348 -2.3409634
-3.8550358 -3.8201902 -3.8201902 -3.8416481 -3.8730665 -3.9196586 -3.9667862 -4.0159454 -4.0678911 -4.1240823 -4.1736701 -4.2103249 -4.2263721 -4.1932082 -4.1134254 -3.9752427 -3.7823143 -3.5501675 -3.2894532 -3.0142507 -2.7774071 -2.5536637 -2.3823172 -2.2460806 -2.1641464 -2.154956 -2.1825925 -2.2993468 -2.4371202 -2.6478081 -2.8486289 -3.0255027 -3.1279404 -3.1689075 -3.048955 -2.8879868 -2.5744252 -2.2642879 -1.9833707 -1.8215814 -1.7513521 -1.9444041 -2.1772947 -2.6279328 -3.0909054 -3.5649532 -3.9216474 -4.2142695 -4.2174696 -4.1178706 -3.8311009 -3.4500928 -3.017012 -2.617042 -2.3214342 -2.2160902 -2.3688776
-3.9987926 -3.9510792 -3.9305435 -3.9149547 -3.9184197 -3.9175232 -3.9398297 -3.9675435 -4.0104398 -4.0922478 -4.1577155 -4.2620436 -4.3033133 -4.3387721 -4.2837862 -4.1779465 -3.980616 -3.7484691 -3.4781224 -3.1464839 -2.8148455 -2.5682851 -2.3287913 -2.1695737 -2.0540309 -2.0281386 -2.0463833 -2.1465481 -2.2810264 -2.4822381 -2.6502031 -2.8049592 -2.8977808 -2.9313871 -2.8452328 -2.6973219 -2.4913477 -2.1905651 -2.0011987 -2.0001618 -1.9818005 -2.2248054 -2.4703642 -2.8852629 -3.3449339 -3.7435891 -3.9698054 -4.2251187 -4.1660701 -4.0587674 -3.786478 -3.4582876 -3.0473517 -2.7209482 -2.4209382 -2.3225353 -2.4340807
-4.1153478 -4.0406037 -4.0074398 -3.9445562 -3.9183742 -3.8714747 -3.8557656 -3.8574462 -3.8795554 -3.9743945 -4.0764202 -4.2074013 -4.3366906 -4.4069084 -4.4454053 -4.3624957 -4.2075657 -3.9754188 -3.6616618 -3.3272349 -2.9704864 -2.6332689 -2.362351 -2.1189034 -1.9784448 -1.9041667 -1.9041667 -1.9789507 -2.0941457 -2.2755714 -2.4078273 -2.5513768 -2.6311911 -2.6546009 -2.5855476 -2.4763779 -2.3192152 -2.1446638 -2.0217625 -2.1183706 -2.1944523 -2.4575182 -2.735974 -3.1182961 -3.507643 -3.8613326 -3.9732859 -4.1371543 -4.0501244 -3.907501 -3.6441411 -3.3956608 -3.0328093 -2.7648823 -2.5225671 -2.428928 -2.5165603
-4.183625 -4.0972892 -3.9977977 -3.9055616 -3.7903609 -3.7166419 -3.6305772 -3.6184798 -3.6146279 -3.7329235 -3.857855 -4.0620744 -4.2373428 -4.4252712 -4.5145162 -4.5532073 -4.4292364 -4.2535927 -3.9366858 -3.5987856 -3.1952922 -2.8187181 -2.4594432 -2.1733211 -1.933371 -1.8243634 -1.7518333 -1.7953503 -1.8689573 -2.0018607 -2.116407 -2.2158986 -2.2879979 -2.3168183 -2.2742122 -2.2048271 -2.1404503 -2.039315 -2.0802821 -2.2180238 -2.3997712 -2.6718447 -2.9611624 -3.2596369 -3.5790175 -3.7487384 -3.8074921 -3.845734 -3.7184091 -3.5585442 -3.3654136 -3.1684694 -2.9400847 -2.7727931 -2.6066459 -2.5598263 -2.615599
-4.2167966 -4.1048341 -3.9705632 -3.8326459 -3.6651918 -3.5416102 -3.3890348 -3.301971 -3.2853129 -3.4035284 -3.5567735 -3.777538 -4.044673 -4.2814457 -4.4876792 -4.6065529 -4.5703759 -4.4852314 -4.199723 -3.9109396 -3.5049452 -3.0883209 -2.7072786 -2.3019012 -2.0096794 -1.8771429 -1.7225002 -1.7438702 -1.7296505 -1.841072 -1.9179813 -2.0030027 -2.0426189 -2.0684685 -2.0268046 -2.0056419 -1.9562827 -1.9893036 -2.07521 -2.2515111 -2.4896296 -2.7393089 -3.0327788 -3.2983167 -3.4572548 -3.5242157 -3.5187321 -3.3969491 -3.2400174 -3.0829206 -2.947246 -2.7910795 -2.7568931 -2.7632397 -2.6441504 -2.6191168 -2.692397
-4.2061037 -4.0538594 -3.8825129 -3.6812605 -3.4822774 -3.2842055 -3.106168 -3.0078949 -2.9470945 -3.079527 -3.2525759 -3.5478844 -3.8733085 -4.2104742 -4.5148635 -4.7083192 -4.7778305 -4.7280847 -4.4879152 -4.2272781 -3.8046259 -3.3656853 -2.9289974 -2.5112897 -2.1542907 -1.9092857 -1.7324118 -1.6782424 -1.6566408 -1.7210177 -1.7726397 -1.8389674 -1.8729789 -1.8905363 -1.8772085 -1.8619933 -1.8912555 -1.9562256 -2.0966842 -2.3030017 -2.5546567 -2.7857324 -3.0109443 -3.1483506 -3.2305091 -3.2012469 -3.0405597 -2.8883962 -2.729264 -2.5984296 -2.5223479 -2.5673622 -2.5790671 -2.6440592 -2.6688791 -2.6688791 -2.6166301
-4.1768491 -4.011659 -3.7893743 -3.56416 -3.314628 -3.0869206 -2.8640077 -2.734053 -2.6428418 -2.7583832 -2.9234862 -3.2533791 -3.592417 -4.0346016 -4.3824152 -4.7083192 -4.8391478 -4.8895249 -4.6866367 -4.5129031 -4.1259916 -3.7009842 -3.2311631 -2.7963842 -2.3840326 -2.1124307 -1.9000613 -1.8198918 -1.7808256 -1.8238037 -1.8544584 -1.8886413 -1.9122305 -1.909164 -1.8888031 -1.8682025 -1.8974648 -1.9624348 -2.1130174 -2.3117761 -2.5484475 -2.7175333 -2.9053872 -2.9053872 -2.9635119 -2.7873472 -2.5604379 -2.3544016 -2.2050721 -2.0768535 -2.1277625 -2.2836648 -2.4114176 -2.5997127 -2.6626698 -2.678095 -2.552756
-4.1290104 -3.9593764 -3.7340598 -3.4887184 -3.225005 -2.9759015 -2.7208293 -2.5343655 -2.4182921 -2.5319973 -2.6474876 -2.9773805 -3.306792 -3.7502869 -4.1581353 -4.5246904 -4.743584 -4.898652 -4.7988309 -4.7065037 -4.3195922 -3.9796526 -3.5116568 -3.101322 -2.68367 -2.3917242 -2.1624246 -2.0760263 -2.023047 -2.0523092 -2.0865033 -2.1165489 -2.0855843 -2.0705392 -2.0454675 -1.9770544 -2.0063167 -2.0325726 -2.1694817 -2.3410221 -2.5305781 -2.6369966 -2.7821332 -2.7821332 -2.6497001 -2.439321 -2.185961 -1.9267386 -1.8091142 -1.7368435 -1.8282297 -2.0208319 -2.2897755 -2.5417847 -2.680035 -2.6921884 -2.5580957
-4.0607087 -3.8930597 -3.6719674 -3.4237596 -3.1567034 -2.8875648 -2.6152722 -2.4213117 -2.2506426 -2.3083322 -2.4069461 -2.6949479 -3.0245231 -3.4832896 -3.925911 -4.3570409 -4.6534047 -4.8800243 -4.8787016 -4.8306885 -4.5398457 -4.2242483 -3.8097003 -3.3993655 -2.9955469 -2.7119246 -2.4853051 -2.4080745 -2.3584784 -2.393593 -2.4228474 -2.4394293 -2.4084647 -2.3382354 -2.2536221 -2.1633316 -2.1232871 -2.1248029 -2.2067371 -2.3349499 -2.4871134 -2.5716936 -2.6403962 -2.5409047 -2.3794436 -2.1102313 -1.8420244 -1.572812 -1.480016 -1.4784409 -1.6481618 -1.912008 -2.2338923 -2.5161129 -2.6980409 -2.6921884 -2.4693668
-3.9499076 -3.8071097 -3.6313234 -3.4171595 -3.1857138 -2.9330198 -2.6745498 -2.4548549 -2.2711124 -2.2280145 -2.2882591 -2.4610602 -2.7657513 -3.1547275 -3.598946 -4.0261455 -4.3807312 -4.6504876 -4.6736146 -4.742899 -4.5826071 -4.3083547 -3.9933525 -3.6197874 -3.2808803 -3.0474112 -2.8542598 -2.8258841 -2.7917379 -2.837218 -2.8709097 -2.8655797 -2.7993559 -2.69448 -2.5347747 -2.4140093 -2.2852556 -2.2788328 -2.3076376 -2.3672538 -2.491709 -2.5363268 -2.583341 -2.4548408 -2.2898608 -2.0295799 -1.7879248 -1.5330643 -1.4944685 -1.5029269 -1.7071773 -2.0038024 -2.3333113 -2.5920784 -2.7743017 -2.7267829 -2.4132535
-3.7931988 -3.7200699 -3.5708935 -3.4371717 -3.2277159 -3.0322159 -2.7861053 -2.5694835 -2.3649731 -2.2705154 -2.242047 -2.3597731 -2.5431741 -2.8818963 -3.2463078 -3.6663987 -4.0217285 -4.3312577 -4.4458293 -4.5582807 -4.455338 -4.2905829 -4.0196086 -3.7557862 -3.455487 -3.2962831 -3.1415185 -3.1444769 -3.1483154 -3.2068398 -3.2334602 -3.2183084 -3.1116634 -2.9770572 -2.7762747 -2.5996141 -2.4525369 -2.3670084 -2.372337 -2.432477 -2.5261161 -2.5818535 -2.6046884 -2.4960837 -2.317649 -2.0700721 -1.877121 -1.6430232 -1.6139105 -1.6720427 -1.8840636 -2.1321579 -2.4715996 -2.6866948 -2.8347472 -2.7631261 -2.412167
-3.6083003 -3.5648389 -3.5150932 -3.4126382 -3.3079102 -3.1365324 -2.9637314 -2.7480545 -2.5388318 -2.3984458 -2.3041394 -2.3303213 -2.4314077 -2.6469727 -2.9482643 -3.2909574 -3.6312336 -3.9462849 -4.1138853 -4.2664465 -4.222228 -4.1291426 -3.9467415 -3.7371584 -3.5440278 -3.4176559 -3.3464234 -3.3657266 -3.4028942 -3.4666563 -3.4942482 -3.4555571 -3.3372726 -3.1447067 -2.9236252 -2.6989619 -2.5292411 -2.4220109 -2.4220109 -2.4829431 -2.5819993 -2.6509557 -2.697827 -2.6217452 -2.4805261 -2.2873955 -2.1061542 -1.922439 -1.9030166 -1.963426 -2.1448517 -2.3796672 -2.6516675 -2.8176231 -2.9039415 -2.7693354 -2.4148887
-3.4286671 -3.4439137 -3.4536529 -3.4459968 -3.3914972 -3.304722 -3.1610819 -2.9808314 -2.7754013 -2.5618833 -2.4273221 -2.3350972 -2.3657499 -2.462258 -2.677823 -2.9564397 -3.2504228 -3.5498974 -3.7334709 -3.9128808 -3.9356044 -3.8824594 -3.7696695 -3.6175268 -3.4680835 -3.3919292 -3.3370415 -3.3722534 -3.4181693 -3.4753118 -3.4643582 -3.393288 -3.2539835 -3.0508268 -2.824961 -2.5914561 -2.4670604 -2.351841 -2.3900923 -2.5414432 -2.6685827 -2.8180271 -2.8826352 -2.8764123 -2.7551661 -2.6052119 -2.4762737 -2.3094329 -2.2710126 -2.328426 -2.462276 -2.5749828 -2.8048138 -2.8570049 -2.9153614 -2.7535557 -2.4050612
