mean_models/J1_mean__temp2_slide_15.dat.tif
NCOLS 118
NROWS 92
XLLCORNER 139.62
YLLCORNER -39.07
DX 0.099491525
DY 0.099347826
NODATA_VALUE -9999
[rows 54 to 80 of 92, columns 0 to 59 of 118]
-9999 194.03196 194.11139 194.19082 194.27025 195.69867 197.23997 198.77128 200.29105 201.81083 203.3306 202.456 200.95107 200.85152 203.56631 206.2811 204.42968 202.15299 199.87629 197.22012 193.6885 190.15689 186.62527 185.12055 184.52658 183.17014 179.77006 176.36998 175.96057 175.90661 175.85265 177.13727 181.00227 184.86726 188.73225 191.13477 193.14703 194.79649 195.92692 197.05735 198.18778 198.39669 198.52483 198.83533 199.27693 199.80259 200.5397 201.27681 202.01392 201.45222 200.66606 199.8799 198.75829 197.2748 195.87198 194.74862 193.62525 192.50189 195.09895 198.34007
-9999 194.22029 194.29972 194.74016 196.28146 197.82277 199.36407 200.89538 202.41515 203.58474 202.0798 200.57487 199.06994 198.97039 201.68518 204.39997 207.11476 206.77309 204.49639 201.84023 198.30861 194.77699 194.16081 193.56684 192.97288 191.61643 188.21635 184.81627 181.41619 180.06734 180.01338 181.298 185.163 188.89808 190.91034 192.9226 194.93486 196.58432 197.71475 198.66631 198.79444 198.92258 199.05072 199.36122 199.80283 200.24443 200.69995 201.43706 202.17417 201.61248 200.82632 199.55433 198.07084 196.58735 195.18454 194.06117 193.23489 196.476 199.71712 202.95823
-9999 194.40862 195.32296 196.86426 198.40556 199.94687 201.48817 203.01948 203.20854 201.70361 200.19868 198.69374 197.18881 197.08926 199.80405 202.51884 205.23363 207.94843 209.1165 206.46033 203.79503 203.20106 202.6071 202.01313 201.41917 200.06273 196.66265 193.26256 189.86248 186.4624 184.17411 185.45873 188.67365 190.68591 192.69817 194.71043 196.72269 198.37215 199.06406 199.1922 199.32034 199.44848 199.57662 199.88712 200.32872 200.77033 201.21193 201.65353 202.33442 201.77273 200.35038 198.86689 197.3834 195.89991 194.4971 194.61194 197.85305 201.09416 204.33528 207.57639
-9999 196.19019 197.7315 199.2728 200.8141 202.3554 203.89671 204.22187 202.71694 201.21201 199.70708 198.20215 196.69722 195.42041 198.1352 200.84999 203.56479 206.27958 208.99437 210.70864 210.11468 209.52072 208.92675 208.33279 207.73882 207.82166 204.44545 201.04537 197.64529 194.24521 190.84512 189.29372 191.30598 193.31824 195.3305 197.34275 199.35501 199.36887 199.49701 199.62514 199.75328 199.88142 200.00956 200.63566 201.07726 201.51887 201.96047 202.40207 202.84368 202.36912 200.88563 199.40214 197.91865 196.43516 195.34072 198.41029 201.6514 204.89252 208.13363 211.37475
-9999 199.57023 201.11153 202.65283 204.19414 205.65602 206.55878 206.94009 206.71958 205.4663 203.96137 202.45644 200.95151 199.55166 198.36224 199.90619 202.62098 205.33577 208.05057 209.76484 209.17088 208.57691 207.98295 207.38898 210.32806 212.0775 209.64046 206.56204 203.16196 199.76188 196.3618 194.8104 196.82265 198.83491 200.84717 202.82618 202.89869 202.07933 199.984 199.74061 199.86875 199.99688 200.12502 201.07649 202.58625 203.02785 203.46945 203.91106 204.35266 205.35011 205.59692 204.11343 202.62994 201.14645 200.05201 200.30518 202.64974 205.89085 209.13197 212.37308
-9999 202.95026 204.49156 206.03287 207.26896 208.17172 209.07449 209.4558 209.23529 209.01477 208.21567 206.71074 205.2058 203.80595 202.61653 201.42711 201.67718 204.39197 207.10676 208.82104 208.22707 207.63311 207.96108 211.27249 214.5839 216.33334 213.8963 211.45926 208.67863 205.27855 201.87847 200.32707 202.33933 204.35159 205.7308 205.80331 205.87582 205.05645 202.96112 200.8658 199.98421 200.11235 200.24049 201.19195 202.73529 204.27863 204.97844 205.42004 205.86164 206.85909 207.95261 208.82473 207.34124 205.85775 204.7633 205.01648 205.26965 206.88919 210.1303 213.37142
-9999 206.33029 207.8716 208.88191 209.78467 210.68743 211.5902 211.97151 211.75099 211.53048 211.30997 210.96503 209.4601 208.06025 206.87083 205.68141 204.49198 203.44817 206.16296 207.87723 207.28327 208.90551 212.21692 215.52833 218.83974 220.58918 218.15214 215.7151 213.27807 210.79523 207.39515 205.84374 207.856 208.63541 208.70792 208.78043 208.85294 208.03357 205.93825 203.84292 201.7476 200.22781 200.35595 201.30741 202.85076 204.3941 205.93744 206.92902 207.37062 208.36808 209.4616 210.55511 211.64863 210.56904 209.4746 209.72777 209.98094 210.23411 211.12864 214.36975
-9999 209.59209 210.49485 211.39761 212.30038 213.20314 214.1059 214.48721 214.2667 214.04619 213.82568 213.60516 213.38465 212.31454 211.12512 209.9357 208.74628 207.55686 206.36744 206.93343 209.84994 213.16135 216.47276 219.78417 223.09558 224.84502 222.40798 219.97094 217.53391 215.09687 212.65983 211.36042 211.54002 211.61253 211.68504 211.75755 211.83006 211.0107 208.91537 206.82004 204.72472 202.62939 200.53407 201.42288 202.96622 204.50956 206.0529 207.59624 208.87961 209.87706 210.97058 212.0641 213.15762 214.25113 214.18589 214.43906 214.69223 214.94541 215.19858 215.45175
-9999 210.29758 211.20034 212.1031 213.00587 213.90863 214.60384 213.81867 212.67576 212.45525 212.23473 212.01422 211.79371 211.92398 211.93746 210.74804 209.55862 208.3692 207.17978 207.35134 210.66275 213.97416 217.28557 220.59698 223.16326 223.22377 223.21417 220.77714 218.3401 215.90306 213.46603 211.88617 211.95868 212.03119 212.1037 212.17621 211.98047 212.72301 213.04648 210.95115 208.85583 206.7605 204.66518 203.74316 204.80035 206.34369 207.88703 209.43037 210.97371 207.9382 208.96575 210.05927 211.15279 212.24631 213.69544 215.5073 215.76047 216.01364 216.26682 216.51999
-9999 210.21589 211.11865 212.02142 212.92418 213.43934 213.8329 213.04773 210.90214 209.07852 208.85801 208.6375 208.41699 208.54726 209.38001 210.06364 208.87422 207.6848 206.49538 206.66694 209.97835 213.28976 216.60117 217.93045 217.50927 217.56978 218.92134 220.08325 217.64621 215.20917 212.77214 211.19228 211.26479 211.3373 211.40981 210.95794 210.20215 210.94468 213.83079 215.58407 213.48875 211.39342 209.2981 208.37608 208.29753 208.92519 210.46853 212.01187 213.55521 210.51969 206.69282 206.52646 207.61998 208.7135 210.16263 212.84357 215.24453 215.4977 215.75087 216.00404
-9999 210.1342 211.03697 211.88128 212.27484 212.6684 213.06197 212.27679 210.1312 207.98561 205.84001 205.26078 205.04027 205.17054 206.00328 206.83603 207.66877 207.00041 205.81099 205.98255 209.29396 212.60537 212.69763 212.27645 211.85527 211.91578 213.26735 214.61892 215.97048 214.51529 212.07825 210.49839 210.5709 210.64341 209.93542 209.17962 208.42382 209.16635 212.05247 214.93858 217.82469 216.02634 213.93102 213.009 212.93045 212.8519 213.05003 214.59337 216.13671 213.10119 209.27432 205.44745 204.08717 205.18069 206.62982 209.31077 211.99171 214.67265 215.23492 215.48809
-9999 210.05252 210.71678 211.11034 211.5039 211.89746 212.29103 211.50585 209.36026 207.21467 205.06907 202.92348 201.66354 201.79382 202.62656 203.45931 204.29205 205.12479 205.12659 205.29815 207.886 207.46482 207.04364 206.62246 206.20128 206.26179 207.61335 208.96492 210.31649 211.66806 211.38436 209.8045 209.66869 208.91289 208.15709 207.40129 206.64549 207.38803 210.27414 213.16025 216.04636 218.93248 218.56394 217.64192 217.56337 217.48482 217.40628 217.32773 218.71821 215.68269 211.85582 208.02895 204.20208 201.64788 203.09702 205.77796 208.4589 211.13984 213.82078 214.97215
-9999 209.65583 210.04939 210.44295 210.83651 211.23008 211.62364 211.13689 208.99129 206.8457 204.70011 202.55452 200.40893 198.88951 199.72225 200.555 201.38774 202.22049 203.05323 203.50681 203.08563 202.66444 202.24326 201.82208 201.4009 201.08971 202.44127 203.79284 205.14441 206.49597 207.84754 208.4793 207.7235 206.9677 206.21191 205.45611 204.70031 205.91866 208.80477 211.69088 214.57699 217.46311 220.34922 221.52414 221.44559 221.36705 221.2885 221.20996 221.13141 217.85689 214.03002 210.20315 206.37628 202.54941 201.208 203.88894 206.56988 209.25082 211.93176 214.6127
-9999 209.50349 209.89706 210.29062 210.68418 211.13623 212.84683 212.7673 210.6217 208.47611 206.33052 204.18493 201.62228 199.7721 199.42802 200.00042 200.83316 201.6659 202.49865 202.95222 202.53104 202.10986 201.68868 201.2675 200.88467 200.50531 200.11358 201.01772 202.36929 203.72086 205.07242 205.70418 204.94839 204.19259 203.43679 202.68099 203.96558 205.98599 208.87211 211.75822 214.64433 217.45999 219.50986 220.85379 221.59395 221.51541 221.43686 221.35831 221.27977 218.00525 214.17838 210.35151 206.52464 206.03065 207.49495 210.17589 212.85683 215.53777 218.04828 217.02902
-9999 209.35116 209.74472 210.13829 211.05604 212.76664 214.47724 214.3977 212.25211 210.10652 207.83907 205.2368 202.63452 200.78434 200.44026 200.09619 200.27858 201.11132 201.94407 202.39764 201.97646 201.55528 201.14141 200.76666 200.39191 200.01254 199.62082 199.22909 199.59417 200.94574 202.29731 202.92907 202.17327 201.41747 201.20229 202.6176 204.03291 206.05333 208.93944 211.82555 214.40119 216.45106 218.50093 219.84485 220.68128 221.51771 221.58522 221.50667 221.42813 218.15361 214.32674 210.49987 211.20454 212.3176 213.7819 216.46284 219.14378 220.75644 219.73719 218.71793
-9999 209.19883 209.59239 210.97585 212.68645 214.39705 216.10765 216.02811 213.88252 211.45359 208.85131 206.24904 203.64677 201.79658 201.45251 201.10843 200.76436 200.55674 201.38949 201.84306 201.42188 201.0234 200.64864 200.27389 199.89914 199.51978 199.12805 198.73632 198.3446 198.17063 199.52219 200.15395 199.39815 199.85432 201.26963 202.68494 204.10025 206.12067 209.00678 211.34239 213.39226 215.44213 217.492 218.83592 219.67235 220.50878 221.3452 221.65503 221.57649 218.30197 215.26537 216.37843 217.49149 218.60455 220.06885 222.74979 223.46461 222.44536 221.4261 220.40685
-9999 209.18505 210.89565 212.60625 214.31686 216.02746 217.73806 217.65852 215.06811 212.46583 209.86356 207.26128 204.65901 202.80883 202.46475 202.12068 201.7766 201.43253 201.08845 201.28848 200.90538 200.53063 200.15588 199.78113 199.40638 199.02701 198.63529 198.24356 197.85183 197.4601 197.06838 197.37884 198.50635 199.92166 201.33697 202.75227 204.16758 206.188 208.28359 210.33346 212.38333 214.4332 216.48307 217.82699 218.66342 219.49984 220.33627 221.1727 221.72485 220.43926 221.55232 222.66538 223.77844 224.8915 226.3558 226.17278 225.15353 224.13427 223.11501 222.09576
-9999 210.92522 212.63582 214.34642 216.05702 217.76763 219.29314 220.79138 220.06138 217.45911 214.85684 212.25456 209.65229 207.44452 206.52549 206.18141 205.83734 205.49326 205.14919 204.79584 204.42109 204.04634 203.67158 203.29683 202.76659 201.92235 202.26448 201.87275 201.48103 201.0893 200.69757 200.92307 202.33838 203.75369 205.169 206.58431 207.7285 209.85695 213.0029 215.05277 217.10264 219.15251 221.20237 221.68904 222.16689 223.00332 223.83975 224.67617 225.5126 228.04845 229.16151 230.27457 231.38763 232.50069 232.17967 228.65597 227.63672 226.61746 225.59821 224.57895
-9999 212.7277 214.43831 216.14891 217.85951 219.18015 220.35774 221.85599 223.72431 224.71263 222.11036 219.50808 216.90581 214.69804 213.28028 211.97294 211.62887 211.28479 210.94072 210.58737 210.21261 209.83786 209.46311 208.53196 207.04871 206.20446 207.07291 207.8422 207.45048 207.05875 206.66702 206.89252 208.30783 209.72314 211.13845 211.93647 212.33056 214.45902 219.06873 223.0243 225.07417 227.12404 229.17391 229.66058 229.02348 229.06873 229.90516 230.74158 231.57801 234.18968 237.10816 238.63446 239.74752 240.86059 240.53956 235.25106 230.57087 229.55161 228.53236 227.5131
-9999 214.53019 216.24079 217.88958 219.06717 220.24476 221.42234 222.92059 224.78891 226.65723 228.52555 226.7616 224.15933 221.95156 220.5338 219.11605 217.69829 217.07632 216.73224 216.37889 216.00414 215.62939 214.29733 212.81408 211.33083 210.48658 211.35502 212.22347 213.09191 213.0282 212.63647 212.86197 214.27728 215.69259 216.14445 216.53853 216.93262 219.06108 223.67079 228.28051 232.89023 235.09557 237.14544 237.63211 236.99502 236.35792 235.97057 236.80699 237.64342 240.25509 243.17357 246.09204 248.10742 249.22048 248.89946 243.61095 238.32244 233.03394 231.4665 230.44725
-9999 216.33268 217.77659 218.95418 220.13177 221.30936 222.48695 223.98519 225.85351 227.72183 229.59015 231.45847 231.41285 229.20508 227.78732 226.36957 224.95181 223.53406 222.52377 222.17042 221.54596 220.0627 218.57945 217.0962 215.61295 214.7687 215.63714 216.50558 217.37403 218.24247 218.60592 218.83142 219.95833 220.35242 220.74651 221.1406 221.53468 223.66314 228.27286 232.88257 237.49229 242.10201 245.11698 245.60365 244.96655 244.32946 243.69236 243.05527 243.70883 246.3205 249.23898 252.15745 255.07593 257.58037 257.25935 251.97084 246.68234 241.39383 236.10532 233.3814
-9999 217.31643 218.49402 219.67161 220.84919 222.02678 223.20437 224.06577 225.93409 227.80242 229.67074 231.53906 233.40738 234.97443 233.55668 232.13892 230.72117 229.30341 227.88566 226.4481 224.96485 223.48159 221.99834 220.51509 219.03184 219.00227 219.86603 220.73448 221.60292 222.47136 223.33981 224.04622 224.44031 224.8344 225.22849 225.62258 226.01666 227.47501 232.08473 236.69445 241.30417 245.91388 250.5236 251.22094 250.58385 249.94675 249.30966 248.67257 248.03547 249.19369 252.11217 255.03065 257.94912 260.8676 263.46779 258.46132 253.17281 247.8843 242.59579 237.30729
-9999 216.71967 217.89725 219.07484 220.25243 221.41686 222.49904 222.96852 222.73088 224.15816 226.02648 227.8948 229.76312 231.46536 232.83503 232.2902 230.87245 229.45469 228.03694 226.59938 225.11613 223.63287 222.14962 220.66637 222.31791 223.8037 224.09408 224.7619 225.63035 226.49879 227.36723 228.07365 228.46774 228.86183 229.25591 229.59017 228.00252 228.79165 232.9811 237.5152 242.12491 246.73463 251.34435 251.05094 247.28957 246.65247 246.01538 245.37828 244.74119 243.16656 242.90172 245.8202 248.73868 251.65715 254.25735 255.75505 252.58688 247.29838 242.00987 236.72136
-9999 216.1229 217.30049 218.47808 219.60584 220.68801 221.77019 222.23967 222.00203 221.76439 222.38222 224.25054 226.11886 227.8211 229.19077 230.56044 231.02373 229.60597 228.18822 226.75066 225.26741 223.78415 223.25576 225.18755 227.11935 228.60514 228.89552 229.1859 229.65777 230.52621 231.39466 232.10108 232.49516 232.88925 232.55175 230.9641 229.37645 230.16558 234.35503 238.54448 242.94566 247.55538 252.1651 251.87169 248.05348 244.23528 242.72109 242.084 241.4469 239.87227 238.13561 236.60975 239.52823 242.44671 245.0469 246.5446 248.04231 246.71245 241.42394 236.13543
-9999 215.52614 216.70372 217.79481 218.87698 219.95916 221.04133 221.51082 221.27318 221.03554 220.7979 220.60628 222.4746 224.17684 225.54651 226.91618 228.28584 229.65551 228.3395 226.90194 225.41869 226.1254 228.0572 229.98899 231.92078 233.40657 233.69695 233.98733 234.27771 234.56809 235.42208 236.1285 236.52259 235.51333 233.92568 232.33804 230.75039 231.53952 235.72897 239.91842 244.10787 248.37613 252.98584 252.69243 248.87423 245.05602 241.23782 238.78971 238.15262 236.57799 234.84133 233.10467 231.36801 233.23626 235.83645 237.33416 238.83186 240.32956 240.83801 235.54951
-9999 214.90161 215.98378 217.06596 218.14813 219.23031 220.31248 220.78197 220.54433 220.30669 220.06905 219.83141 219.59378 220.53258 221.90225 223.27192 224.64158 226.01125 227.38092 227.06325 228.99504 230.92684 232.85863 234.79043 236.72222 238.20801 238.49839 238.78877 239.07915 239.36953 239.65991 240.06257 238.47492 236.88727 235.29962 233.71197 232.12432 232.91345 237.1029 241.29235 245.48181 249.67126 253.86071 253.51318 249.69498 245.87677 242.05857 238.24036 234.85834 233.28371 231.54705 229.81039 228.07373 226.33707 226.62601 228.12371 229.62141 231.11912 232.61682 234.11452
-9999 215.11711 216.19929 217.28146 218.36363 219.44581 219.73925 219.70452 219.79559 219.55795 219.32031 219.08267 218.84503 218.90634 219.74098 221.11065 222.48031 223.84998 225.21965 226.75929 228.69108 230.62288 232.55467 234.48647 236.04045 236.69836 236.81078 237.10116 237.39154 237.68192 237.9723 237.62121 236.03356 234.44591 232.85827 231.27062 230.08341 230.16319 232.48776 236.67722 240.86667 245.05612 249.24557 250.20616 247.49586 243.67765 239.85945 236.04124 232.22304 232.45719 231.15278 229.41612 227.67946 225.9428 224.8511 226.06794 227.56564 229.06335 230.56105 232.05875
