mean_models/J1_mean_vp_slide_diff2_30.dat.tif
NCOLS 118
NROWS 92
XLLCORNER 139.62
YLLCORNER -39.07
DX 0.099491525
DY 0.099347826
NODATA_VALUE -9999
[rows 0 to 25 of 92, columns 57 to 113 of 118]
-9999 -9999 -9999 -9999 -9999 -9999 -9999 -9999 -9999 -9999 -9999 -9999 -9999 -9999 -9999 -9999 -9999 -9999 -9999 -9999 -9999 -9999 -9999 -9999 -9999 -9999 -9999 -9999 -9999 -9999 -9999 -9999 -9999 -9999 -9999 -9999 -9999 -9999 -9999 -9999 -9999 -9999 -9999 -9999 -9999 -9999 -9999 -9999 -9999 -9999 -9999 -9999 -9999 -9999 -9999 -9999 -9999
0.17806951 0.17551169 0.17295386 0.16562966 0.16930763 0.17686224 0.18441684 0.19197145 0.19952605 0.21627755 0.23110866 0.24593977 0.26077088 0.27560199 0.28696313 0.29388406 0.30080498 0.30772591 0.31464683 0.31461206 0.32622144 0.32932144 0.33242145 0.33552146 0.33862146 0.33823983 0.33624963 0.33425942 0.33226921 0.3315923 0.33842552 0.34343451 0.34950293 0.35557135 0.36163977 0.36781369 0.37742067 0.38702765 0.39663463 0.4062416 0.40177378 0.40139455 0.39527505 0.38915556 0.38303606 0.37691657 0.38544459 0.39255913 0.39927361 0.4059881 0.41270258 0.40062335 0.39385033 0.38825134 0.38265236 0.37705337 -9999
0.19196226 0.18940444 0.18684662 0.17952242 0.16895926 0.16964814 0.17720274 0.18475735 0.19231195 0.2095309 0.22700663 0.24183774 0.25666885 0.27149996 0.2828611 0.28978203 0.29670295 0.30362388 0.30229414 0.30037945 0.31475109 0.32751662 0.33061663 0.33371664 0.33681664 0.33643501 0.33444481 0.3324546 0.33287367 0.34156847 0.3484017 0.35188053 0.3566239 0.36269231 0.36876073 0.37493465 0.38454163 0.39414861 0.40375559 0.3979488 0.38559312 0.38649785 0.38822073 0.38210124 0.37598175 0.36986225 0.37839028 0.3939012 0.40136902 0.40808351 0.41479799 0.40271876 0.38059165 0.37315482 0.36755584 0.36195685 -9999
0.20585502 0.2032972 0.20073938 0.19341518 0.18285202 0.17228887 0.16998864 0.17754325 0.18509785 0.2023168 0.21986783 0.23741886 0.25256682 0.26739793 0.27875907 0.28568 0.29225565 0.29015859 0.28806153 0.28614684 0.30051848 0.31489013 0.32881181 0.33191182 0.33501182 0.33463019 0.33263999 0.33415504 0.34284984 0.35154465 0.35837788 0.3618567 0.36533553 0.36981328 0.3758817 0.38205561 0.39166259 0.40126957 0.39412382 0.38176814 0.36941246 0.37031719 0.3726342 0.3749512 0.36892743 0.36280794 0.37133596 0.38684689 0.40235781 0.41017892 0.4168934 0.40481417 0.38268706 0.36055994 0.35245931 0.34686033 -9999
0.20688338 0.21623381 0.21463214 0.20730794 0.19674478 0.18618162 0.17561847 0.17032915 0.17788375 0.1951027 0.21265373 0.23020476 0.24775579 0.2632959 0.27465704 0.2801201 0.27802304 0.27592598 0.27382892 0.27191422 0.28628587 0.30065751 0.31502916 0.3294008 0.333207 0.33282537 0.3354364 0.34413121 0.35282602 0.36152083 0.36835406 0.37183288 0.37531171 0.37879053 0.38300266 0.38917657 0.39878355 0.39029884 0.37794316 0.36558748 0.35323181 0.35413653 0.35645354 0.35877054 0.36108755 0.35575362 0.36428164 0.37979257 0.3953035 0.41081443 0.41898881 0.40690958 0.38478247 0.36265535 0.34052824 0.3317638 -9999
0.20690325 0.21625368 0.2256041 0.2212007 0.21063754 0.20007438 0.18951123 0.17894807 0.17066965 0.1878886 0.20543963 0.22299066 0.24054168 0.25809271 0.26798455 0.26588749 0.26379043 0.26169337 0.25959631 0.25768161 0.27205326 0.2864249 0.30079655 0.31516819 0.32953984 0.33671777 0.34541258 0.35410739 0.3628022 0.37149701 0.37833023 0.38180906 0.38528788 0.38876671 0.39224553 0.39629754 0.38647386 0.37411818 0.3617625 0.34940683 0.33705115 0.33795588 0.34027288 0.34258989 0.34490689 0.3472239 0.35722733 0.37273825 0.38824918 0.40376011 0.41927104 0.40900499 0.38687788 0.36475077 0.34262365 0.32049654 -9999
0.24203344 0.25138386 0.24231442 0.22567234 0.21354112 0.20297796 0.1924148 0.18185165 0.17128849 0.18790557 0.2054566 0.22300763 0.24055866 0.25363358 0.25694944 0.25485237 0.25275531 0.25065825 0.24858783 0.264785 0.27054964 0.28492128 0.29929293 0.31366457 0.32803622 0.33852499 0.34721979 0.3559146 0.36460941 0.37474558 0.37891902 0.37295656 0.37643538 0.37991421 0.38339303 0.38639979 0.37404411 0.36168843 0.34933276 0.33697708 0.3397242 0.34236135 0.34467836 0.34699536 0.34931237 0.34971514 0.35998714 0.37549807 0.391009 0.40651993 0.41221539 0.39718706 0.37505994 0.35293283 0.33080571 0.32572016 -9999
0.28272609 0.26804096 0.24779905 0.23115697 0.21696113 0.20414054 0.19357739 0.18301423 0.17245107 0.18906815 0.20661918 0.22417021 0.23555905 0.24310503 0.24642089 0.24432383 0.24222677 0.24286845 0.25918635 0.27538351 0.28079848 0.28621345 0.29980594 0.31417759 0.32854923 0.339038 0.34773281 0.35642762 0.36711605 0.3801928 0.38436624 0.37249672 0.36459989 0.36807871 0.37155754 0.37456429 0.36220861 0.34985294 0.33749726 0.34174799 0.34739111 0.35002826 0.35234526 0.35466227 0.35474709 0.35402979 0.3643018 0.37981273 0.39532365 0.39994383 0.39819318 0.38316485 0.36103774 0.33891062 0.33577981 0.34503232 -9999
0.2937675 0.27352559 0.25328368 0.23664161 0.22244576 0.20824992 0.19473997 0.18417681 0.17361365 0.19023073 0.20778176 0.21748453 0.22503051 0.23257649 0.23589235 0.23379529 0.23714906 0.25346696 0.26978486 0.28598203 0.29139699 0.29681196 0.30222693 0.3146906 0.32906225 0.33955102 0.34824582 0.35948652 0.37256327 0.38564002 0.38981346 0.37794394 0.36607441 0.35624321 0.35972204 0.36272879 0.35037312 0.33812865 0.34377177 0.34941489 0.35505801 0.35769516 0.36001217 0.35977904 0.35906174 0.35834445 0.36861645 0.38412738 0.38767228 0.38592163 0.38417098 0.36914265 0.34701553 0.34583946 0.35509197 0.36434448 -9999
0.29925213 0.27901022 0.25876832 0.24212624 0.2279304 0.21373456 0.19953872 0.18534287 0.17477623 0.19139332 0.19941001 0.20695599 0.21450197 0.22204795 0.2253638 0.23142967 0.24774757 0.26406547 0.28038337 0.29658054 0.3019955 0.30741047 0.31282544 0.3182404 0.32957526 0.34006403 0.35185698 0.36493374 0.37801049 0.39108724 0.39526068 0.38339116 0.37152163 0.3596521 0.34788654 0.3508933 0.34015244 0.34579556 0.35143868 0.3570818 0.36272492 0.36536207 0.36481099 0.3640937 0.3633764 0.3626591 0.37293111 0.37540073 0.37365008 0.37189942 0.37014877 0.35512044 0.3558991 0.36515162 0.37440413 0.38365664 -9999
0.30611717 0.28587526 0.26563335 0.24726894 0.2330731 0.21887726 0.20468142 0.19048558 0.17628974 0.18311346 0.19065944 0.19820542 0.2057514 0.21329738 0.22358265 0.23990054 0.25621844 0.27253634 0.28885424 0.30573904 0.31190082 0.31731578 0.32273075 0.32814572 0.33356069 0.34421621 0.35729296 0.37036972 0.38344647 0.39652322 0.40032248 0.38845295 0.37658343 0.3647139 0.35284437 0.34149695 0.34714007 0.35278319 0.35842631 0.36406943 0.36985337 0.37005493 0.36933763 0.36862034 0.36790304 0.36718575 0.3659537 0.36420305 0.36245239 0.36070174 0.35895109 0.36300406 0.37225658 0.38150909 0.3907616 0.40001411 -9999
0.32202896 0.30178706 0.26228622 0.24301266 0.23597489 0.22177905 0.2075832 0.19338736 0.17919152 0.18601524 0.19356122 0.2011072 0.20865318 0.21082429 0.21810961 0.23442751 0.25074541 0.26706331 0.28457375 0.30499703 0.31594842 0.32267808 0.32809305 0.33350802 0.33892298 0.34957851 0.36265526 0.37573201 0.38880877 0.39993695 0.40227435 0.39098881 0.37911928 0.36724975 0.35538023 0.3440328 0.34967592 0.35531904 0.36096216 0.36694034 0.37576933 0.37597089 0.37525359 0.37453629 0.373819 0.37426716 0.37326715 0.37151649 0.36976584 0.36801519 0.35803466 0.35999734 0.36924985 0.37850237 0.38775488 0.394764 -9999
0.33626483 0.2949659 0.25366697 0.23439341 0.23008703 0.22468083 0.21048499 0.19628915 0.1820933 0.18891703 0.19646301 0.20400899 0.20512478 0.20535126 0.21263658 0.22895448 0.24527238 0.26330241 0.28383175 0.30425503 0.31520642 0.32615781 0.33345535 0.33887032 0.34428528 0.35494081 0.36801756 0.38109431 0.39189238 0.40175067 0.40408807 0.3928735 0.38165513 0.36978561 0.35791608 0.34656865 0.35221177 0.35785489 0.3640273 0.37285629 0.38168529 0.38188684 0.38116955 0.38045225 0.38100604 0.3815806 0.3805806 0.37882994 0.37707929 0.36670029 0.35502794 0.35699062 0.36624313 0.37549565 0.38239269 0.38885467 -9999
0.32764558 0.28634665 0.24504772 0.22577416 0.22146778 0.21716139 0.21285501 0.19919093 0.18499509 0.19181881 0.1991988 0.19942527 0.19965175 0.19987823 0.20716355 0.22348145 0.24203107 0.26256041 0.28308974 0.30351302 0.31446441 0.3254158 0.33636719 0.34423261 0.34964758 0.36030311 0.37337986 0.3838478 0.39370609 0.40356439 0.40590179 0.39468722 0.38347265 0.37225807 0.36045193 0.34910451 0.35474763 0.36111426 0.36994325 0.37877225 0.38760124 0.3878028 0.38717036 0.38774493 0.38831949 0.38889405 0.38789405 0.38614339 0.37536592 0.36369357 0.35202122 0.3539839 0.36323641 0.37002138 0.37648336 0.38294533 -9999
0.31902633 0.2777274 0.23642847 0.21715491 0.21284853 0.20854214 0.20423576 0.19992937 0.18789687 0.19349929 0.19372577 0.19395224 0.19417872 0.1944052 0.20169052 0.22075972 0.24128906 0.2618184 0.28234774 0.30277102 0.31372241 0.3246738 0.33562519 0.34657658 0.35500988 0.36566541 0.37580322 0.38566152 0.39551981 0.40537811 0.40771551 0.39650094 0.38528637 0.37407179 0.36285722 0.35164036 0.35820122 0.36703021 0.37585921 0.3846882 0.3935172 0.39390925 0.39448381 0.39505837 0.39563294 0.3962075 0.39520749 0.38403154 0.37235919 0.36068685 0.3490145 0.35097718 0.35765008 0.36411205 0.37057403 0.377036 -9999
0.31906146 0.27776253 0.2364636 0.21404319 0.2097368 0.20543042 0.20112404 0.19681765 0.19251127 0.18909427 0.18932075 0.18954723 0.18977371 0.19000019 0.19913295 0.21966229 0.24019163 0.26072097 0.2812503 0.29896545 0.31179018 0.32274157 0.33369296 0.34464435 0.35559573 0.36579946 0.37565776 0.38551606 0.39537435 0.40523265 0.40870681 0.39749224 0.38627766 0.37506309 0.36384852 0.3532315 0.36206049 0.37088949 0.37971848 0.38854748 0.39642186 0.3964885 0.39706306 0.39763762 0.39821219 0.39878675 0.390888 0.37921566 0.36754331 0.35587096 0.34419862 0.34805009 0.35451206 0.36097404 0.36743601 0.37389799 -9999
0.33920624 0.29790731 0.25660838 0.23210079 0.21942258 0.2151162 0.21080982 0.20650343 0.20219705 0.19266812 0.18739742 0.1876239 0.18785038 0.18807686 0.19720962 0.21773895 0.23826829 0.25879763 0.27528418 0.28783088 0.30449853 0.31804368 0.32899507 0.33994646 0.35089785 0.36110158 0.37095988 0.38081817 0.39067647 0.39385942 0.39506935 0.39533366 0.38535796 0.37414338 0.36292881 0.35231179 0.36114079 0.36996978 0.37879878 0.38632607 0.39100022 0.38951556 0.38864175 0.38921631 0.38979087 0.39036544 0.38226527 0.37019593 0.35852358 0.34685124 0.33517889 0.34288114 0.35781358 0.36427555 0.37073753 0.3771995 -9999
0.35935102 0.31805209 0.27675316 0.25224557 0.23914839 0.22605122 0.22049559 0.21618921 0.21188283 0.2023539 0.19264551 0.18570057 0.18592705 0.18615352 0.19528628 0.21581562 0.23634496 0.25164906 0.26414962 0.27669632 0.29336396 0.31003161 0.32429719 0.33524858 0.34619997 0.3564037 0.36626199 0.37612029 0.37827941 0.38001413 0.38122406 0.38148837 0.38175268 0.37322368 0.3620091 0.35139208 0.36022108 0.36905007 0.37623028 0.38090443 0.38557858 0.38409391 0.38195332 0.380795 0.38136956 0.38194412 0.37384396 0.36160829 0.34950386 0.33783151 0.32615917 0.33386142 0.35192211 0.36757707 0.37403905 0.38050102 -9999
0.35924341 0.33819687 0.29689794 0.27239035 0.25929317 0.246196 0.23309883 0.22587499 0.22156861 0.21203968 0.20233129 0.19262291 0.18400371 0.18423019 0.19336295 0.21389229 0.22801394 0.24051449 0.25301505 0.26556175 0.2822294 0.29889704 0.31556469 0.33055069 0.34150208 0.35170581 0.36096469 0.36269941 0.36443413 0.36616885 0.36737878 0.36764309 0.3679074 0.36817171 0.3610894 0.35047238 0.35930137 0.36613448 0.37080863 0.37548278 0.38015693 0.37867227 0.37653167 0.37439107 0.37294825 0.37352281 0.36542264 0.35318698 0.34095131 0.32881179 0.31713944 0.32484169 0.34290239 0.36096309 0.37734057 0.38380254 -9999
0.34512524 0.33262431 0.31704272 0.29253513 0.27943795 0.26634078 0.25324361 0.24014644 0.23125438 0.22172545 0.21201707 0.20230869 0.1926003 0.18289192 0.19143962 0.20437881 0.21687937 0.22937993 0.24188048 0.25442718 0.27109483 0.28776248 0.30443012 0.32109777 0.3368042 0.34538469 0.34711941 0.34885413 0.35058885 0.35232357 0.3535335 0.35379781 0.35406212 0.35432643 0.35459074 0.34955267 0.35603869 0.36071284 0.36538699 0.37006114 0.37473529 0.37325063 0.37111003 0.36896943 0.36682883 0.3651015 0.35700133 0.34476566 0.33253 0.32029433 0.30811972 0.31582197 0.33388266 0.35194336 0.37000406 0.38710406 -9999
0.32540921 0.31290828 0.30148197 0.29403507 0.28146907 0.2683719 0.25527473 0.24217755 0.22908038 0.21925943 0.20955104 0.19984266 0.19013428 0.18152953 0.18747741 0.19997797 0.21247852 0.22497908 0.23747964 0.24349935 0.25056263 0.26723027 0.28389792 0.30056556 0.31723321 0.32368694 0.32542166 0.32715638 0.3288911 0.33062581 0.34966869 0.35167382 0.35193813 0.35220244 0.35246675 0.35286253 0.35753668 0.36221083 0.36688498 0.37155913 0.37460292 0.37281728 0.37067668 0.36853608 0.36639549 0.36528355 0.35738882 0.34515315 0.33291749 0.32068182 0.31159581 0.32336893 0.34142963 0.35949033 0.37755102 0.39260311 -9999
0.30147061 0.29078967 0.28221652 0.27476962 0.26808805 0.25673953 0.24364236 0.23054519 0.21744802 0.20762706 0.19791868 0.1882103 0.18138101 0.18220805 0.18815593 0.20065649 0.21315705 0.22565761 0.23026018 0.23302322 0.23446491 0.23960925 0.2562769 0.27294454 0.28961219 0.29606592 0.29780064 0.29953536 0.30431331 0.33043434 0.3495074 0.35588068 0.35865574 0.35892005 0.35918436 0.35958013 0.36425428 0.36892844 0.37360259 0.37638515 0.37793234 0.3761467 0.3740061 0.3718655 0.37110476 0.37231568 0.36442095 0.35218529 0.33994962 0.33162661 0.33163934 0.34341246 0.36147316 0.37953386 0.3937767 0.39884659 -9999
0.28009737 0.27152422 0.26295108 0.25550418 0.24882261 0.24214104 0.23201 0.21891283 0.20581566 0.1959947 0.18628632 0.18123249 0.18205953 0.18288658 0.18883446 0.20133501 0.21383557 0.21700622 0.21978406 0.2225471 0.22398879 0.22543048 0.22865588 0.24532352 0.26199117 0.2684449 0.27017962 0.27803099 0.30415202 0.33027305 0.34934612 0.3557194 0.36209268 0.36563765 0.36590196 0.36629774 0.37097189 0.37564604 0.37816738 0.37971457 0.38126176 0.37947612 0.37733552 0.37692597 0.37813689 0.37934782 0.37145309 0.35921742 0.3516574 0.35167014 0.35168287 0.36345599 0.38151669 0.3949503 0.40002019 0.40509008 -9999
0.26083193 0.25225878 0.24368563 0.23623873 0.22955716 0.2228756 0.21619403 0.20728047 0.1941833 0.18436234 0.18108396 0.18191101 0.18273806 0.1835651 0.18951298 0.20097441 0.20375225 0.20653009 0.20930793 0.21207098 0.21351267 0.21495435 0.21639604 0.21783773 0.23437015 0.24082388 0.25174868 0.27786971 0.30399074 0.33011177 0.34918484 0.35555812 0.36193139 0.36830467 0.37261956 0.37301534 0.37768949 0.37994961 0.3814968 0.38304399 0.38459118 0.38280554 0.38274718 0.3839581 0.38516903 0.38637996 0.37848522 0.3716882 0.37170093 0.37171367 0.3717264 0.38349952 0.39612389 0.40119378 0.40626367 0.41133356 -9999
0.24156648 0.23299333 0.22442018 0.21697328 0.21029172 0.20361015 0.19692858 0.19024702 0.18255094 0.18093544 0.18176249 0.18258954 0.18341658 0.18424363 0.18772045 0.19049829 0.19327613 0.19605397 0.19883181 0.20159485 0.20303654 0.20447823 0.20591992 0.20736161 0.2088033 0.22546637 0.2515874 0.27770843 0.30382946 0.32995049 0.34902356 0.35539684 0.36177011 0.36814339 0.37451667 0.37973295 0.38173184 0.38327903 0.38482622 0.38637341 0.3879206 0.38856838 0.38977931 0.39099024 0.39220116 0.39341209 0.39171899 0.39173173 0.39174446 0.3917572 0.39176993 0.39729748 0.40236737 0.40743726 0.41250715 0.41757704 -9999
0.24491991 0.23634676 0.22777361 0.22595531 0.22308364 0.21640208 0.20972051 0.20303894 0.19635738 0.18754824 0.18824123 0.18906828 0.18989532 0.19072237 0.19240517 0.19518301 0.19796085 0.20073869 0.20351653 0.20822355 0.19595126 0.19739294 0.19883463 0.20027632 0.20171801 0.22004003 0.24616106 0.27228209 0.29840312 0.31761529 0.32211116 0.32872066 0.33509394 0.34146722 0.34784049 0.35406989 0.35561708 0.35716427 0.35871146 0.36025865 0.35976317 0.38338385 0.38517926 0.38639019 0.38760112 0.38881204 0.39278019 0.39392211 0.39393484 0.39394758 0.39396031 0.39787131 0.4031631 0.40823299 0.41330288 0.41837277 -9999
