mean_models/J1_mean__temp2_slide_200.dat.tif
NCOLS 118
NROWS 92
XLLCORNER 139.62
YLLCORNER -39.07
DX 0.099491525
DY 0.099347826
NODATA_VALUE -9999
[rows 0 to 26 of 92, columns 0 to 59 of 118]
-9999 -9999 -9999 -9999 -9999 -9999 -9999 -9999 -9999 -9999 -9999 -9999 -9999 -9999 -9999 -9999 -9999 -9999 -9999 -9999 -9999 -9999 -9999 -9999 -9999 -9999 -9999 -9999 -9999 -9999 -9999 -9999 -9999 -9999 -9999 -9999 -9999 -9999 -9999 -9999 -9999 -9999 -9999 -9999 -9999 -9999 -9999 -9999 -9999 -9999 -9999 -9999 -9999 -9999 -9999 -9999 -9999 -9999 -9999 -9999
-9999 1032.3478 1032.0376 1031.7274 1031.4171 1031.1069 1031.619 1031.2792 1032.5919 1037.0791 1041.5663 1046.0536 1050.5408 1052.3156 1048.9732 1045.9914 1043.0097 1040.0279 1037.0462 1033.7803 1029.859 1025.9377 1022.0164 1018.0951 1015.2135 1019.1844 1026.1133 1035.6297 1045.1462 1054.6626 1064.1791 1067.4348 1058.6219 1049.809 1040.996 1032.1831 1028.5609 1032.6992 1028.069 1024.0468 1020.0246 1016.0024 1011.9802 1019.4664 1032.0716 1043.6695 1055.2675 1066.8654 1078.4633 1087.5389 1107.6081 1127.6773 1147.7465 1167.8158 1181.468 1175.8138 1174.2834 1172.753 1171.2226 1169.6922
-9999 1035.1034 1034.7932 1034.483 1034.1728 1035.3245 1037.392 1037.0521 1033.934 1033.2008 1037.688 1042.1753 1046.6625 1048.4373 1044.7803 1041.2703 1038.2886 1035.3068 1032.3251 1029.0592 1025.1379 1021.2166 1017.2953 1016.2713 1019.8348 1023.8057 1028.8686 1034.7849 1044.3013 1053.8178 1063.3342 1066.59 1057.777 1048.9641 1040.1512 1040.9974 1051.8356 1055.974 1050.5273 1045.6028 1041.5806 1037.5584 1033.5362 1041.0224 1056.7819 1070.1602 1081.7581 1093.3561 1104.954 1113.5086 1121.5372 1140.1409 1160.2101 1180.2794 1193.9316 1185.3561 1178.5396 1177.0092 1175.4788 1173.9484
-9999 1037.8591 1037.5489 1037.2387 1039.03 1041.0974 1043.1649 1042.8251 1039.7069 1036.5888 1033.8098 1038.297 1042.7842 1044.559 1040.9021 1037.2451 1033.5881 1030.5857 1027.604 1024.3381 1020.4168 1016.4955 1017.3292 1020.8927 1024.4561 1028.427 1033.49 1038.5529 1043.6158 1052.9729 1062.4893 1065.7451 1056.9322 1048.1192 1053.434 1064.2721 1075.1103 1079.2487 1073.802 1068.3554 1063.1366 1059.1144 1055.0922 1062.5784 1078.3378 1094.0973 1108.2488 1119.8467 1131.4447 1139.9992 1148.0279 1156.0565 1172.6737 1192.743 1206.3952 1197.8197 1189.2443 1181.2654 1179.735 1178.2047
-9999 1040.6148 1040.668 1042.7355 1044.8029 1046.8704 1048.9379 1048.598 1045.4799 1042.3617 1039.2435 1036.1254 1038.9059 1040.6807 1037.0238 1033.3668 1029.7098 1026.0528 1022.8829 1019.617 1015.6957 1018.3871 1021.9506 1025.514 1029.0775 1033.0484 1038.1113 1043.1742 1048.2372 1053.3001 1061.6445 1064.9002 1056.0873 1065.8705 1076.7087 1087.5468 1098.385 1102.5234 1097.0767 1091.6301 1086.1834 1080.7368 1076.6482 1084.1344 1099.8938 1115.6533 1131.4128 1146.3374 1157.9353 1166.4899 1174.5185 1182.5472 1190.5758 1205.2066 1218.8588 1210.2833 1201.7079 1193.1324 1184.5569 1182.4609
-9999 1044.3735 1046.4409 1048.5084 1050.5759 1052.6433 1054.7108 1054.371 1051.2528 1048.1346 1045.0165 1041.8983 1038.7801 1036.8024 1033.1455 1029.4885 1025.8315 1022.1745 1018.5176 1015.8815 1019.445 1023.0084 1026.5719 1030.1353 1033.6988 1037.6697 1042.7326 1047.7956 1052.8585 1057.9214 1062.9844 1067.4689 1078.307 1089.1452 1099.9834 1110.8216 1121.6597 1125.7981 1120.3514 1114.9048 1109.4582 1104.0115 1098.5649 1105.6904 1121.4498 1137.2093 1152.9687 1168.7282 1184.426 1192.9806 1201.0092 1209.0378 1217.0664 1225.0951 1231.3224 1222.7469 1214.1715 1205.596 1197.0205 1188.4451
-9999 1045.7374 1047.8049 1049.8723 1051.9398 1054.0073 1056.0312 1055.6513 1052.5332 1049.415 1046.2968 1043.1787 1040.1965 1037.8516 1035.9269 1032.2699 1028.6129 1024.956 1021.299 1019.8254 1023.3888 1026.9523 1030.5157 1034.0792 1037.9603 1040.4694 1039.3186 1044.3815 1049.4444 1054.5074 1059.5703 1066.6059 1077.444 1088.2822 1099.1204 1109.9585 1126.0692 1136.496 1131.0494 1125.6027 1120.1561 1114.7094 1113.0444 1113.2939 1121.8086 1137.5681 1153.3275 1169.087 1184.8464 1194.0143 1202.0429 1210.0715 1218.1001 1224.9759 1225.7219 1217.1465 1208.571 1199.9955 1191.4201 1186.0298
-9999 1046.4028 1048.4703 1050.5377 1052.6052 1054.607 1056.5998 1056.2199 1053.1018 1049.9836 1046.8654 1043.9724 1041.1553 1038.8104 1037.4109 1036.0114 1032.4495 1028.7925 1025.1355 1023.6619 1027.2253 1030.7888 1034.3522 1038.4679 1042.885 1045.394 1042.7891 1040.1841 1044.7573 1049.8203 1054.8832 1061.9188 1072.7569 1083.5951 1094.4333 1113.2524 1134.7746 1145.2014 1139.7548 1134.3081 1128.8615 1128.5571 1128.9688 1129.2183 1129.3513 1134.5686 1150.3281 1166.0875 1181.847 1191.0148 1199.0434 1207.072 1213.0765 1216.5136 1217.2596 1208.6841 1200.1087 1191.5332 1187.114 1183.6556
-9999 1047.0682 1049.1357 1051.1901 1053.1829 1055.1756 1057.1684 1056.7885 1053.6704 1050.5654 1047.7483 1044.9312 1042.1142 1039.7692 1038.3697 1036.9702 1035.5707 1032.629 1028.972 1027.4984 1031.0619 1034.6253 1038.9755 1043.3926 1047.8097 1050.3187 1047.7137 1045.1088 1042.5038 1045.1332 1050.1961 1057.2317 1068.0698 1078.9134 1100.4356 1121.9578 1143.48 1153.9068 1148.4602 1143.6581 1144.0698 1144.4815 1144.8932 1145.1427 1145.2757 1145.4087 1147.3286 1163.0881 1178.8475 1188.0154 1196.044 1201.1771 1204.6142 1208.0513 1208.7973 1200.2218 1191.6565 1188.1982 1184.7398 1181.2814
-9999 1047.7336 1049.7659 1051.7587 1053.7515 1055.7442 1057.737 1057.3571 1054.3413 1051.5242 1048.7071 1045.8901 1043.073 1040.728 1039.3285 1037.929 1036.5295 1035.13 1032.8085 1031.3349 1035.066 1039.4831 1043.9002 1048.3173 1052.7344 1055.2434 1052.6384 1050.0334 1047.4285 1044.8235 1045.509 1052.5446 1066.0966 1087.6188 1109.141 1130.6632 1152.1854 1162.6122 1159.1708 1159.5825 1159.9942 1160.4059 1160.8176 1161.0671 1161.2001 1161.3331 1161.4661 1161.5992 1175.8481 1185.0159 1189.2777 1192.7148 1196.1519 1199.5889 1200.335 1192.7407 1189.2823 1185.824 1182.3656 1178.9072
-9999 1048.1089 1050.1017 1052.0944 1054.0872 1056.08 1058.0727 1057.5792 1054.7621 1051.945 1049.1279 1046.3109 1043.4938 1041.5695 1040.17 1038.7705 1037.3709 1035.9714 1034.5719 1034.9313 1039.3483 1043.7654 1048.1825 1052.5996 1057.0167 1061.7673 1059.1623 1056.5573 1053.9523 1051.3473 1048.7423 1054.3784 1075.9006 1097.4228 1118.945 1140.4672 1161.9894 1172.8983 1173.31 1173.7217 1174.1334 1174.5451 1174.9568 1174.5163 1174.6493 1174.7823 1174.9153 1175.0483 1175.1813 1178.1315 1181.5686 1185.0056 1188.4427 1191.8798 1194.5631 1191.1047 1187.6463 1184.1879 1180.7295 1177.2711
-9999 1046.9184 1048.9111 1050.9039 1052.8967 1054.8894 1055.5225 1054.4741 1051.6571 1048.84 1046.0229 1043.2058 1040.3586 1038.8486 1040.0346 1038.8429 1037.4434 1036.0439 1034.6444 1035.0037 1039.4208 1043.8379 1048.255 1052.6721 1057.1096 1063.3805 1074.5401 1073.5615 1070.9565 1068.3515 1065.7465 1071.3826 1092.9048 1114.427 1135.9492 1157.4714 1169.4851 1175.3377 1175.7494 1176.1611 1176.5728 1176.9845 1174.2808 1172.5439 1171.8762 1172.0092 1172.1422 1172.2752 1172.4082 1175.3584 1178.7955 1182.2326 1185.6697 1191.8928 1197.765 1194.3066 1190.8482 1187.3898 1183.9314 1180.4545
-9999 1045.7279 1047.7206 1049.7134 1051.4493 1051.9334 1052.4175 1051.3691 1048.552 1045.735 1042.9164 1040.0601 1037.2039 1035.6939 1036.8799 1038.0658 1037.5158 1036.1163 1034.7168 1035.0761 1039.4932 1043.9103 1048.3274 1052.7724 1057.2193 1063.4902 1074.6498 1085.8094 1087.9607 1085.3557 1082.7507 1088.3868 1109.909 1131.4312 1152.613 1162.2688 1171.9245 1177.7771 1178.1888 1178.6005 1178.5039 1175.6296 1172.7554 1171.0185 1170.0993 1169.2362 1169.3692 1169.5022 1169.6352 1172.5854 1176.0225 1179.4595 1186.5289 1195.0947 1200.9669 1197.5085 1194.0501 1190.5901 1187.1115 1183.6328
-9999 1044.5373 1046.5301 1047.8602 1048.3443 1048.8284 1049.3125 1048.2641 1045.447 1042.6179 1039.7616 1036.9054 1034.0492 1032.5392 1033.7252 1034.9111 1036.097 1036.1887 1034.7892 1035.1486 1039.5657 1043.9882 1048.4351 1052.8821 1057.329 1063.5999 1074.7595 1085.9191 1097.0786 1102.3599 1099.7549 1105.391 1126.9132 1145.3967 1155.0524 1164.7082 1174.3639 1180.2165 1180.6282 1179.8528 1176.9785 1174.1042 1171.23 1169.4931 1168.5739 1167.6548 1166.7356 1166.7291 1166.8622 1169.8123 1173.2494 1181.1649 1189.7308 1198.2966 1204.1688 1200.7104 1197.2471 1193.7684 1190.2898 1186.8111
-9999 1043.3468 1044.2711 1044.7552 1045.2393 1045.7234 1046.2074 1045.159 1042.3194 1039.4632 1036.6069 1033.7507 1030.8945 1029.3845 1030.5704 1031.7564 1032.9423 1034.1283 1034.8617 1035.221 1039.6509 1044.0979 1048.5448 1052.9918 1057.4387 1063.7096 1074.8692 1086.0287 1097.1883 1108.3479 1116.7591 1122.3952 1138.1804 1147.8361 1157.4918 1167.1476 1176.8033 1182.6559 1181.2017 1178.3274 1175.4531 1172.5788 1169.7046 1167.9677 1167.0485 1166.1294 1165.2102 1164.2911 1164.0891 1167.2351 1175.8009 1184.3668 1192.9327 1201.4985 1207.3707 1203.904 1200.4254 1196.9467 1193.4681 1189.9894
-9999 1040.8744 1041.3585 1041.8426 1042.3267 1042.8107 1043.2948 1042.0242 1039.168 1036.3118 1033.4556 1030.5993 1027.7431 1026.9856 1028.2857 1029.4716 1030.6575 1031.8435 1033.0294 1035.2014 1039.6484 1044.0953 1048.5423 1052.9892 1057.4361 1065.7891 1078.02 1089.1795 1100.3391 1111.4987 1122.6583 1133.3042 1142.9599 1152.6157 1162.2714 1171.9271 1181.5829 1185.7099 1182.8356 1179.9613 1177.087 1174.2128 1171.3385 1169.822 1168.9028 1167.9836 1167.0645 1166.1453 1165.2261 1164.75 1173.3159 1181.8817 1190.4476 1199.0135 1206.8588 1204.5627 1201.084 1197.6054 1194.1267 1190.6481
-9999 1038.4089 1038.893 1039.3771 1039.8611 1039.9357 1037.6928 1036.1882 1035.5358 1033.1682 1030.3119 1027.4557 1024.5995 1023.842 1027.2874 1029.2082 1030.3942 1031.5801 1032.7661 1034.9381 1039.385 1043.8319 1048.2789 1052.7258 1055.5267 1063.2695 1084.59 1099.3967 1110.5563 1121.7159 1132.8755 1143.5214 1153.1771 1162.8328 1172.4886 1181.791 1183.0483 1185.7059 1190.3669 1188.9364 1186.0622 1183.1879 1180.3136 1178.9285 1178.6101 1177.691 1176.7718 1175.8526 1174.9335 1163.894 1157.6164 1166.1823 1174.7481 1183.314 1191.1593 1196.5087 1195.8879 1192.4093 1188.9306 1185.452
-9999 1035.9434 1036.4275 1036.9115 1036.1789 1033.936 1031.693 1030.1884 1029.536 1028.8836 1027.1683 1024.3121 1021.4559 1020.6984 1024.1438 1027.5892 1030.1308 1031.3167 1032.5027 1034.6747 1039.1216 1043.5686 1047.6531 1050.3301 1053.0071 1060.7499 1082.0704 1103.3909 1120.7735 1131.9331 1143.0926 1153.7386 1163.3943 1173.05 1180.2234 1181.4807 1182.738 1185.3956 1190.0566 1194.7176 1195.0373 1192.163 1189.2887 1187.9037 1187.5891 1187.2746 1186.4791 1185.56 1184.6408 1173.6013 1160.8128 1150.4828 1159.0486 1167.6145 1175.4598 1180.8093 1186.1587 1187.2132 1183.7345 1180.2559
-9999 1033.4779 1033.9619 1032.4221 1030.1792 1027.9362 1025.6933 1024.1887 1023.5363 1022.8839 1022.2315 1021.1685 1018.3123 1017.5548 1021.0002 1024.4456 1027.891 1031.0534 1032.2393 1034.4113 1038.8583 1042.4565 1045.1335 1047.8104 1050.4874 1058.2302 1079.5508 1100.8713 1122.1918 1142.1502 1153.3098 1163.9557 1173.6115 1178.6558 1179.9131 1181.1704 1182.4277 1185.0853 1189.7463 1194.4073 1199.0683 1201.1381 1198.2639 1196.8788 1196.5642 1196.2497 1195.9352 1195.2673 1194.3482 1183.3087 1170.5201 1157.7315 1144.943 1151.915 1159.7603 1165.1098 1170.4592 1175.8087 1178.5384 1175.0598
-9999 1030.9083 1028.6653 1026.4224 1024.1794 1021.9365 1019.6935 1018.1889 1017.5365 1016.8841 1016.2317 1015.5793 1014.9269 1014.4112 1017.8566 1021.302 1024.7473 1028.1927 1031.6381 1034.1479 1037.2599 1039.9368 1042.6138 1045.2908 1047.9678 1055.7106 1077.0311 1098.3517 1119.6722 1140.9927 1162.3133 1174.1729 1177.0882 1178.3455 1179.6028 1180.8601 1182.1174 1184.775 1189.436 1194.097 1198.758 1203.4191 1207.239 1205.8539 1205.5394 1205.2248 1204.9103 1204.5958 1204.0555 1193.016 1180.2274 1167.4389 1154.6503 1141.8617 1144.0608 1149.4103 1154.7597 1160.1092 1165.4586 1169.8637
-9999 1033.8843 1031.6414 1029.3984 1027.1555 1024.9125 1020.7418 1014.1486 1013.4962 1012.8437 1012.1913 1011.5389 1011.299 1015.923 1019.4632 1022.9085 1026.3539 1029.7993 1033.2447 1036.4578 1039.1347 1041.8117 1044.4887 1047.1657 1049.8427 1063.5004 1078.4595 1099.78 1121.1006 1142.4211 1163.7416 1178.2092 1179.4665 1180.7238 1181.9811 1183.2384 1184.4883 1187.1114 1191.7724 1196.4334 1201.0944 1205.7554 1208.7643 1204.4707 1203.4793 1203.1647 1202.8502 1202.5357 1202.2211 1191.2707 1178.4822 1165.6936 1152.905 1140.1165 1142.1245 1147.4739 1152.8233 1158.1728 1163.5222 1168.4756
-9999 1043.631 1041.388 1039.1451 1036.9021 1029.9201 1018.1794 1011.5862 1010.9338 1010.2814 1009.629 1011.0895 1016.1818 1020.8058 1024.492 1028.0983 1031.5437 1034.9891 1038.4345 1041.6475 1044.3245 1047.0015 1049.6785 1056.0458 1072.235 1085.915 1092.8693 1104.1864 1125.5069 1146.8275 1168.148 1182.6156 1183.8729 1185.1302 1186.3875 1187.6225 1188.8212 1191.4442 1196.1053 1200.7663 1205.4273 1207.0858 1205.9331 1201.6395 1195.0881 1192.7806 1192.466 1192.1515 1191.837 1180.8866 1168.098 1155.3094 1143.9766 1147.0143 1150.5699 1155.9193 1161.2688 1166.6182 1171.2969 1175.1987
-9999 1053.3777 1051.1347 1048.8917 1039.0984 1027.3578 1015.6171 1009.0239 1008.3715 1007.7191 1010.88 1015.9723 1021.0647 1025.6887 1029.3748 1033.061 1036.7335 1040.1789 1043.6242 1046.8373 1049.5143 1052.1913 1062.2711 1078.4603 1094.6496 1108.3295 1115.2838 1122.2381 1129.9133 1151.2339 1172.5544 1187.022 1188.2793 1189.5366 1190.7567 1191.9554 1193.154 1195.7771 1200.4381 1205.0991 1205.4073 1204.2546 1203.1019 1198.8083 1192.2569 1185.7055 1182.0819 1181.7673 1181.4528 1170.5024 1157.7138 1149.3843 1152.422 1155.4597 1159.0153 1164.3647 1169.7142 1174.1181 1178.02 1181.9218
-9999 1063.1243 1060.0174 1048.2767 1036.5361 1024.7954 1013.0548 1006.4616 1005.8092 1010.6705 1015.7628 1020.8552 1025.9475 1030.5715 1034.2577 1037.9438 1041.63 1045.3162 1048.814 1052.027 1054.704 1068.4964 1084.6856 1100.8749 1117.0642 1130.7441 1137.6984 1144.6527 1151.607 1158.5613 1176.9608 1191.4284 1192.6857 1193.891 1195.0896 1196.2882 1197.4868 1200.1099 1204.7709 1203.7288 1202.5761 1201.4234 1200.2707 1195.9771 1189.4257 1182.8743 1176.3228 1171.3832 1171.0686 1160.1182 1154.792 1157.8297 1160.8674 1163.9051 1167.4607 1172.8101 1176.9394 1180.8412 1184.7431 1188.6449
-9999 1069.1957 1057.4551 1045.7144 1033.9738 1022.2331 1010.4925 1005.3687 1010.461 1015.5533 1020.6457 1025.738 1030.8303 1035.4544 1039.1405 1042.8267 1046.5128 1050.199 1053.8852 1058.5324 1074.7217 1090.9109 1107.1002 1123.2895 1139.4787 1153.1587 1160.1129 1167.0672 1174.0215 1180.9758 1187.9301 1195.8266 1197.0252 1198.2238 1199.4224 1200.621 1201.8197 1203.2031 1202.0504 1200.8976 1199.7449 1198.5922 1197.4395 1193.1459 1186.5945 1180.0431 1173.4916 1166.9402 1160.6845 1160.1998 1163.2375 1166.2751 1169.3128 1172.3505 1175.8588 1179.7607 1183.6625 1187.5643 1191.4662 1195.368
-9999 1083.6837 1071.9431 1060.2024 1048.4617 1036.7211 1018.6515 1004.883 1005.0113 1010.1037 1015.196 1020.2883 1025.3807 1032.3213 1041.1317 1044.8178 1048.504 1052.1902 1055.8763 1063.3432 1079.5325 1095.7218 1111.911 1128.1003 1142.4174 1154.6308 1168.8396 1175.7939 1182.7482 1189.7025 1196.6568 1201.6451 1202.8438 1204.0424 1205.241 1206.4396 1212.9385 1220.0904 1219.2211 1218.0684 1216.9157 1215.7629 1214.6102 1211.2206 1205.3443 1198.7929 1192.2414 1185.69 1179.1386 1161.8221 1161.6214 1164.6591 1167.6968 1170.7345 1175.9129 1186.5458 1190.4477 1194.3495 1198.2514 1202.1532
-9999 1101.4395 1089.6988 1077.9582 1066.2175 1044.7529 1021.5423 1007.7738 1004.9026 1002.6737 1007.7661 1012.8584 1017.9507 1024.8914 1035.5333 1046.1753 1049.941 1053.6271 1057.3133 1064.7802 1080.9694 1097.1587 1113.348 1126.1586 1136.8649 1149.0783 1165.3311 1181.584 1188.8516 1195.8058 1202.7601 1207.7485 1208.9471 1210.1457 1211.3443 1220.7433 1233.3818 1240.5336 1239.8362 1239.0726 1237.9199 1236.7672 1235.6144 1232.2249 1227.2273 1221.6788 1215.1274 1208.5759 1202.0245 1184.708 1165.531 1161.1147 1164.1524 1167.1901 1172.3685 1184.9624 1197.2448 1201.1466 1205.0485 1208.9503
