mean_models/J1_mean__temp2_slide_80.dat.tif
NCOLS 118
NROWS 92
XLLCORNER 139.62
YLLCORNER -39.07
DX 0.099491525
DY 0.099347826
NODATA_VALUE -9999
[rows 27 to 53 of 92, columns 0 to 59 of 118]
-9999 754.20371 747.95629 741.06196 730.31525 719.56853 708.82182 700.49179 694.95093 689.41006 683.8692 682.25093 681.70911 682.41614 685.62408 688.83202 692.03996 693.87038 695.14851 698.83332 708.07045 717.30757 723.15057 728.57817 734.00576 743.75528 765.08862 786.42197 807.75531 815.54281 817.8726 818.14278 814.44271 810.74264 809.51168 808.35623 807.20078 805.06267 801.51871 797.97475 794.4308 795.32 796.6326 800.21415 805.42681 810.63946 814.81708 812.81677 810.81647 806.71433 802.24894 797.78354 800.97337 812.63484 822.3793 825.48343 828.58757 831.69171 839.75835 848.72787
-9999 755.7603 747.53419 736.78747 726.04076 715.29404 704.54732 696.21729 690.67643 685.13557 679.59471 674.05384 670.95587 671.6629 674.87084 678.07878 681.28672 684.49466 686.85529 690.54011 699.14596 704.57356 710.00115 715.42874 720.85634 730.60585 751.9392 773.27254 794.60588 815.93923 828.54424 828.81443 825.68393 824.52848 823.37303 822.21758 821.06213 818.92401 815.38006 811.8361 808.29214 804.74819 804.50941 808.09095 813.30361 818.51627 823.72892 828.94158 827.42827 823.32613 818.86074 814.39535 809.92995 810.05941 819.80387 822.908 826.01214 829.11627 832.22041 839.17399
-9999 755.1075 744.36078 733.61407 722.86735 712.12064 701.37392 692.65073 687.10987 681.569 676.02814 670.48728 664.94642 662.74322 665.95116 669.1591 672.36704 675.57498 678.78292 682.66205 688.08964 693.51723 698.94483 704.37242 709.80002 719.18673 740.52007 761.85342 783.18676 804.52011 825.85345 839.50536 838.34991 837.19446 836.039 834.88355 833.7281 830.73498 827.19102 823.64707 820.10311 816.55915 813.0152 814.67778 819.89043 825.10309 830.31575 835.52841 840.74107 837.68621 833.22082 828.75542 824.29003 819.82464 818.51282 821.61696 824.72109 827.82523 830.92936 834.0335
-9999 760.99861 750.2519 739.50518 728.75847 718.01175 709.92489 700.50599 689.37119 683.83033 678.28947 672.74861 667.20774 665.60312 671.88103 675.33389 678.54182 681.74976 684.9577 688.83683 694.26442 699.69202 705.11961 710.54721 723.25472 737.08454 744.93088 764.6787 786.01204 807.34539 828.67873 842.33064 841.17519 840.01974 838.86429 837.70884 832.66209 827.06194 822.12259 818.57864 815.03468 811.49072 807.94677 809.99474 815.85776 821.07042 826.28307 831.49573 836.70839 833.56584 829.04398 824.57859 820.1132 815.6478 815.41238 829.82906 834.00356 837.1077 840.21183 843.31597
-9999 766.88973 756.14301 745.3963 735.23021 727.43693 719.64364 710.22475 698.92969 687.63463 680.55079 675.00993 669.46907 667.86444 674.14236 680.42027 684.71661 687.92455 691.13249 695.01161 700.43921 705.8668 711.2944 726.9238 742.98605 756.81586 764.6622 772.50854 788.83733 810.17067 831.50402 845.15592 844.00047 842.84502 841.42617 835.41081 829.39545 823.7953 818.78916 813.78302 809.96625 806.42229 802.87834 804.92631 810.99424 817.03774 822.2504 827.46306 832.67571 829.53316 824.9466 820.40175 815.93636 811.47097 811.23554 825.65222 840.0689 846.39017 849.4943 852.59844
-9999 772.78084 762.03413 752.74225 744.94897 737.15568 729.3624 719.9435 708.64844 697.35338 686.05832 677.27126 671.73039 670.12577 676.40368 682.6816 688.95951 694.09933 697.30727 701.1864 706.61399 714.53064 730.59288 746.65513 762.71737 776.54718 784.39352 792.23986 800.0862 812.99595 834.3293 847.98121 846.82576 844.17488 838.15952 832.14417 826.12881 820.52865 815.52252 810.51638 805.51024 801.35386 797.8099 799.85788 805.92581 811.99375 818.06168 823.43038 828.64304 825.50049 820.91393 816.32737 811.75952 807.29413 807.05871 821.47538 835.89206 850.30874 858.77677 861.88091
-9999 778.67196 770.25429 762.46101 754.66772 746.87444 739.08115 729.66226 718.36719 707.07213 695.77707 684.48201 673.99172 672.38709 678.66501 684.94292 691.22084 697.49876 703.48205 707.36118 718.19972 734.26196 750.32421 766.38645 782.44869 796.27851 804.12485 811.97119 819.81753 827.66387 837.15458 850.80649 846.9236 840.90824 834.89288 828.87752 822.86217 817.26201 812.25587 807.24974 802.2436 797.23746 792.74147 794.78945 800.85738 806.92532 812.99325 819.06119 824.61036 821.46781 816.88125 812.29469 807.70813 803.12157 802.88187 817.29855 831.71523 846.1319 860.54858 871.16338
-9999 787.51934 779.72606 771.93277 764.13949 756.3462 748.55292 736.17336 724.70852 713.41346 702.1184 690.82334 679.52828 680.04124 689.15478 695.4327 701.71061 707.98853 714.26644 723.50299 739.56524 755.62748 771.68972 787.75197 803.81421 808.9639 816.31314 824.15948 832.00582 839.85216 847.6985 850.81013 844.79477 838.77942 832.76406 826.7487 820.73334 816.18145 810.97308 805.96694 800.9608 795.95466 790.94852 787.7904 793.85834 799.92627 805.99421 812.06215 818.13008 819.15509 814.56853 809.98197 805.39541 800.80885 798.15618 810.13749 824.55417 838.97085 853.38752 867.8042
-9999 796.58375 788.79047 780.99718 773.2039 764.98001 755.69272 743.25945 727.19532 714.18449 702.88943 691.59437 680.29931 680.81226 704.97146 719.49344 725.77136 732.04928 738.32719 747.56374 763.62598 779.68823 795.75047 810.73611 810.44029 811.71886 817.2172 823.90722 831.75356 839.5999 847.44624 850.55788 844.54252 838.52716 832.5118 827.3507 826.19997 822.15959 813.98517 807.95606 802.94992 797.94378 792.93764 788.65094 784.88143 789.74312 795.81106 801.87899 807.94693 812.44034 815.09248 810.50592 805.91936 801.3328 798.68013 802.72624 812.47131 826.88799 841.30467 855.72135
-9999 805.64816 797.85488 790.06159 781.35339 772.0661 762.77881 750.34554 734.28141 718.21728 703.66045 692.36539 681.07033 681.58329 705.74248 729.90168 749.83211 756.11002 762.38794 771.62449 787.68673 803.74897 813.78689 813.49107 813.19525 814.47382 819.97216 825.4705 831.5013 839.34764 847.19398 850.30562 844.29026 838.2749 834.47958 833.32885 832.17812 828.13774 819.96331 811.78888 804.93903 799.9329 794.92676 790.64006 786.87055 783.10104 785.62791 791.69584 797.76378 802.25718 806.47847 810.69975 806.44331 801.85675 799.20409 803.25019 807.2963 814.80514 829.22181 843.63849
-9999 814.71257 806.91929 797.72677 788.43948 779.15219 769.8649 757.43163 741.3675 725.30337 709.23924 693.17511 681.84136 682.35431 706.51351 730.67271 754.8319 778.9911 786.44869 795.68524 811.74748 816.83767 816.54185 816.24603 815.95021 817.22878 822.72712 828.22546 833.7238 839.22214 846.94172 850.05336 844.038 841.60845 840.45773 839.307 838.15627 834.11589 825.94146 817.76703 809.5926 801.92201 796.91587 792.62917 788.85966 785.09016 781.32065 781.51269 787.58063 792.07403 796.29531 800.5166 804.73788 802.3807 799.72804 803.77414 807.82025 811.86636 817.13896 831.55564
-9999 823.38744 814.10015 804.81286 795.52557 786.23828 776.95099 764.51773 748.4536 732.38947 716.32534 700.26121 684.19708 683.12534 707.28454 731.44373 755.60293 779.76212 803.92132 819.74598 819.88845 819.59263 819.29681 819.00099 818.70517 819.98374 825.48208 830.98042 836.47876 841.9771 847.47544 849.88806 848.73733 847.5866 846.43587 845.28514 844.13441 840.09404 831.91961 823.74518 815.57075 807.39632 799.22189 794.61829 790.84878 787.07927 783.30977 779.54026 777.39747 781.89088 786.11216 790.33345 794.55473 798.77601 800.25199 804.2981 808.3442 812.39031 816.43642 820.48253
-9999 827.21411 817.92682 808.63953 799.35224 790.06495 785.68369 779.04355 762.97942 746.91529 730.85116 714.78703 701.8725 701.95916 718.89415 743.05335 767.21254 791.37174 815.53093 832.2953 831.99948 831.70366 831.40783 831.11201 827.13078 820.77415 834.64549 840.14383 845.64217 851.14051 856.63885 859.86608 858.71535 857.56462 856.4139 855.26317 849.90196 839.13599 830.96156 822.78713 814.6127 806.43827 798.81177 797.76492 796.4272 792.65769 788.88818 785.11868 781.34917 784.39293 788.61422 792.8355 797.05678 802.15941 811.50608 815.55219 819.59829 823.6444 827.69051 824.84817
-9999 829.9384 820.65111 811.36382 802.07653 801.20041 802.72573 796.08559 780.02146 763.95733 747.8932 738.14406 731.84445 731.93111 744.80664 758.32872 782.48792 806.64711 830.80631 847.57067 847.27485 846.97903 846.68321 838.15228 822.81433 816.45771 834.17327 851.47466 856.973 862.47134 867.96968 871.19692 870.04619 868.89546 867.74473 859.17541 846.59799 835.83203 827.6576 819.48317 811.30874 803.95383 796.82784 795.78098 799.10435 799.45006 795.68055 791.91104 788.14154 791.1853 795.40659 799.62787 806.16566 817.04257 826.38925 830.43535 834.48146 838.52757 832.73688 823.11001
-9999 832.66269 823.3754 815.19181 816.71713 818.24245 819.76777 813.12763 797.0635 780.99937 774.41561 768.116 761.81639 761.90305 774.77858 787.65411 800.52964 821.92249 846.08169 862.84605 862.55023 862.25441 849.17378 833.83583 818.49789 812.14126 829.85682 847.57238 865.28795 873.80218 879.30052 882.52775 881.37702 880.2263 868.44886 855.87144 843.29403 832.52806 824.35363 816.22189 809.09589 801.9699 794.8439 793.79705 797.12042 800.44378 802.47292 798.70341 794.9339 797.97767 802.19895 810.17192 821.04883 831.92574 841.27241 845.31852 849.36463 840.6256 830.99873 821.37186
-9999 835.38698 830.70853 832.23385 833.75917 835.28449 836.80981 830.16967 816.98676 810.68716 804.38755 798.08794 791.78833 791.87499 804.75052 817.62605 830.50158 843.37711 861.35706 878.12143 875.53322 860.19527 844.85733 829.51938 814.18144 807.82481 825.54038 843.25594 860.9715 878.68706 890.63135 893.85859 890.29973 877.72231 865.1449 852.56748 839.99007 829.2241 821.36395 814.23795 807.11196 799.98597 792.85997 791.81312 795.13648 798.45985 801.78322 805.10658 801.72627 804.77004 814.17818 825.05509 835.932 846.80891 856.15558 858.14119 848.51431 838.88744 829.26057 819.6337
-9999 846.77709 848.30241 849.82773 851.35305 852.87837 854.40369 849.72205 843.42244 837.12283 830.82323 824.52362 818.22401 816.98703 829.86256 842.73809 855.61362 868.48915 881.36468 885.70888 870.37093 855.03299 839.69504 824.35709 809.01915 802.19226 819.90782 837.62338 855.33894 873.05451 890.77007 898.13854 885.56113 872.98371 860.4063 847.82888 835.25147 828.4953 821.36931 814.24331 807.11732 799.99132 792.86533 792.17858 795.50194 798.82531 802.14867 805.47204 808.79541 817.71803 828.59494 839.47185 850.34876 861.22567 867.90455 858.27768 848.65081 839.02394 829.39707 819.7702
-9999 868.533 870.05832 871.58364 873.10896 874.63428 853.6965 841.94972 843.18739 836.88778 830.58817 824.28856 817.98896 815.12158 819.12744 831.19641 844.07194 856.94747 869.823 874.16719 858.82925 843.4913 828.15336 812.81541 805.64781 803.72815 806.29605 822.06467 839.78023 857.49579 875.21135 882.57983 870.00241 857.425 844.84758 832.27017 821.40637 821.63635 836.37802 829.25202 822.12603 815.00003 807.87404 808.30489 813.58663 816.90999 820.23336 823.55673 826.88009 831.4944 839.49403 850.37094 861.24785 872.12476 879.0441 872.25487 862.92604 853.29917 843.6723 834.04542
-9999 890.2889 891.81422 893.33954 889.74285 866.63603 843.5292 831.78242 833.1466 834.51077 830.35312 824.05351 817.7539 814.88653 818.89239 822.89825 832.53026 845.40579 858.28132 862.62551 847.28757 831.94962 816.61168 812.67076 809.07679 807.15713 809.72503 812.29292 824.22151 841.93708 859.65264 867.02111 854.4437 841.86628 829.42646 818.96029 808.49412 808.7241 824.25644 839.78878 837.13474 830.00874 822.88275 823.3136 829.17696 834.99468 838.31805 841.64141 844.96478 849.57909 854.41651 861.27003 872.14694 883.02385 889.94319 883.15396 876.36473 867.57439 857.94752 848.32065
-9999 912.04481 913.57013 902.68238 879.57555 856.46873 833.3619 821.61512 822.9793 824.34348 825.70765 823.81846 817.51885 814.65147 818.65733 822.6632 826.66906 833.86411 846.73964 851.08383 835.74589 823.28767 819.6937 816.09974 812.50577 810.58611 813.154 815.7219 818.28979 826.37836 844.09392 851.4624 838.88498 826.98037 816.5142 806.04803 795.58186 795.81184 811.34418 826.87652 842.40887 845.01745 837.89146 838.3223 844.18567 850.04904 855.91241 859.7261 863.04946 867.66377 872.50119 877.33861 883.04603 893.92294 900.84228 894.05305 887.26382 880.47459 872.22275 862.59588
-9999 933.80071 915.6219 892.51508 869.40825 846.30143 823.1946 811.44783 812.812 814.17618 815.54035 816.90453 817.2838 814.41642 818.42228 822.42814 826.434 830.43986 835.19795 839.54215 830.31061 826.71665 823.12268 819.52872 815.93475 814.01509 816.58298 819.15088 821.71877 824.28666 828.53521 835.90368 824.53428 814.06811 803.60194 793.13577 782.6696 782.89958 798.43192 813.96427 829.49661 845.02895 852.90016 853.33101 859.19438 865.05775 870.92111 876.78448 881.13415 885.74846 890.58588 895.4233 900.26072 905.09814 911.74137 904.95214 898.16291 891.37368 884.58445 876.8711
-9999 925.03955 901.93272 878.8259 855.71907 832.61225 809.50542 811.19396 812.55814 813.92231 815.28649 816.65066 818.01484 818.87294 820.63646 824.64232 828.64818 832.65404 836.6599 838.36769 834.77372 831.17976 827.58579 823.99183 820.39786 810.39486 811.96052 814.52841 817.09631 819.6642 822.23209 820.34798 809.8818 799.41563 788.94946 778.48329 768.01712 782.12171 797.65405 813.18639 828.71873 844.25108 858.82354 862.08509 867.94846 873.81183 879.6752 885.53856 891.40193 896.39053 901.22795 906.06537 910.90279 915.74021 915.11015 908.32091 901.53168 894.74245 887.95322 881.43728
-9999 905.75326 882.64644 859.53961 836.43279 822.07936 824.67233 826.69487 828.05905 829.42322 830.7874 833.24783 839.84656 841.45934 833.08746 830.7489 834.75476 838.76062 842.76648 844.47427 840.8803 837.28634 833.69237 828.51953 811.46967 798.58616 796.86951 797.11031 799.6782 802.2461 804.81399 802.92987 792.4637 781.99753 771.53136 767.27399 784.24758 800.62822 816.16056 831.6929 847.22525 858.30314 861.66047 864.62536 867.30814 872.62584 878.4892 884.35257 890.21594 895.20454 900.04196 904.87938 909.7168 908.90756 906.51148 899.72225 892.93302 886.14379 880.50814 877.34679
-9999 886.46698 863.36016 840.25333 834.98729 837.58027 840.17324 842.19578 843.55996 844.92413 849.23549 855.83422 862.43296 864.04574 855.67386 847.30198 840.86134 844.8672 848.87306 850.58085 846.98688 843.39292 833.76069 816.71083 799.66097 786.77745 785.0608 783.34415 782.2601 784.82799 787.39589 785.51177 775.0456 764.57943 768.80691 785.7805 802.75409 819.13473 834.66707 850.19942 857.78275 861.14008 864.4974 867.46229 870.14507 872.82786 877.30321 883.16658 889.02995 894.01855 898.85597 902.56451 901.43671 900.3089 897.91282 891.12358 884.33435 879.579 876.41766 873.25631
-9999 867.1807 845.30224 847.89522 850.4882 853.08118 855.67415 857.69669 859.06087 865.22315 871.82188 878.42062 885.01935 886.63213 878.26025 869.88837 861.51649 853.14461 854.97964 856.68743 853.09346 839.00185 821.95199 804.90212 787.85226 774.96875 773.2521 771.53545 769.8188 768.10215 769.97779 768.09367 757.6275 770.33983 787.31342 804.28701 821.2606 837.64124 853.17359 857.26236 860.61968 863.97701 867.33433 870.29923 872.98201 875.66479 878.34757 881.98059 887.84395 892.83256 895.09366 893.96585 892.83804 891.71023 889.31415 882.52492 878.64986 875.48852 872.32718 869.16583
-9999 858.21018 860.80315 863.39613 865.98911 868.58209 871.17506 874.61208 881.21081 887.80955 894.40828 901.00702 907.60575 909.21853 900.84665 892.47477 884.10289 875.73101 867.35913 861.29287 844.24301 827.19315 810.14328 793.09342 776.04356 763.16005 761.4434 759.72674 758.01009 756.29344 754.57679 754.89916 771.87275 788.84634 805.81993 822.79352 839.76712 853.38464 856.74197 860.09929 863.45662 866.81394 870.17127 873.13616 875.81894 878.50172 881.1845 883.86728 886.65796 887.6228 886.49499 885.36718 884.23938 883.11157 880.88207 877.72072 874.55938 871.39804 868.23669 865.07535
-9999 861.47204 864.06501 866.65799 869.25097 871.84395 877.16227 884.05409 890.65283 897.25156 903.85029 910.44903 911.19965 911.10793 918.34106 909.96918 901.5973 893.22542 884.85354 873.85756 856.8077 839.75784 822.70798 805.65811 794.45376 788.88086 775.99852 774.28187 772.56522 770.84857 769.13192 773.79924 790.77284 807.74643 824.72002 841.69361 854.22436 860.45452 863.81185 867.16917 870.52649 873.88382 874.32108 875.14843 877.59432 880.2771 882.95988 885.64266 888.32544 887.75916 886.63135 885.50354 884.37573 882.25935 877.78583 874.62448 871.46314 868.3018 865.14046 874.39424
