mean_models/J1_mean_vp_slide_diff2_0.dat.tif
NCOLS 118
NROWS 92
XLLCORNER 139.62
YLLCORNER -39.07
DX 0.099491525
DY 0.099347826
NODATA_VALUE -9999
[rows 25 to 49 of 92, columns 56 to 111 of 118]
0.074151289 0.080191846 0.086232403 0.092272959 0.099265544 0.10446564 0.10801891 0.11157218 0.11512545 0.11867872 0.12421817 0.13428578 0.14441582 0.15454587 0.16467592 0.17117043 0.17301286 0.1748553 0.17669773 0.17854017 0.18492425 0.18056797 0.17831533 0.17606269 0.17381005 0.17155742 0.17495428 0.18096132 0.18696835 0.19297539 0.19705601 0.1982215 0.19876088 0.19444332 0.19012577 0.18580821 0.18148561 0.17699873 0.17251186 0.16802499 0.16353812 0.14937633 0.14831781 0.14085674 0.13320355 0.12555035 0.11789716 0.10693751 0.093619846 0.080088998 0.066558151 0.053027303 0.041441371 0.034525558 0.028755049 0.022984541
0.076899207 0.082939764 0.088980321 0.095020878 0.10201346 0.10965299 0.11562853 0.1191818 0.12273507 0.12628834 0.13182779 0.1374355 0.14674099 0.15687103 0.16700108 0.17349559 0.17533802 0.17718046 0.17960304 0.18623581 0.19274525 0.18823997 0.18373469 0.18134715 0.17909451 0.17684187 0.18023874 0.18624578 0.19225281 0.19552904 0.1951536 0.1963191 0.20026121 0.20184157 0.19752401 0.19320645 0.18888385 0.18439698 0.1799101 0.17542323 0.16026734 0.1438805 0.14282197 0.14339596 0.13679698 0.12914379 0.12149059 0.11053094 0.097995012 0.084739322 0.071208475 0.057677627 0.046091695 0.035545593 0.028332293 0.022561784
0.079032091 0.085605638 0.09172824 0.097768797 0.10476138 0.11240091 0.12004044 0.12679142 0.13034469 0.13389796 0.13943741 0.14504512 0.15065282 0.15919619 0.16932624 0.17582075 0.17766319 0.18079128 0.18742404 0.19405681 0.20056625 0.19606097 0.19155569 0.18705042 0.18437897 0.18212633 0.1855232 0.19153023 0.19400208 0.19362664 0.1932512 0.19441669 0.19835881 0.20230092 0.20492225 0.2006047 0.19628209 0.19179522 0.18730835 0.17115834 0.1547715 0.13838466 0.13732613 0.13790012 0.13847411 0.13273722 0.12508402 0.11412438 0.10158844 0.089052511 0.075858798 0.062327951 0.050742019 0.040195917 0.029649815 0.022139028
0.081145875 0.087719422 0.094292969 0.10051672 0.1075093 0.11514883 0.12278836 0.13042788 0.13795431 0.14150758 0.14704703 0.15265474 0.15826244 0.16387015 0.1716514 0.17814591 0.18197951 0.18861227 0.19524504 0.20187781 0.20838725 0.20388197 0.19937669 0.19487142 0.19036614 0.18741079 0.19080766 0.19247511 0.19209967 0.19172423 0.19134879 0.19251429 0.1964564 0.20039852 0.20434064 0.20800294 0.20368033 0.19843618 0.18204934 0.1656625 0.14927566 0.13288882 0.1318303 0.13240429 0.13297828 0.13355227 0.12867746 0.11771781 0.10518188 0.092645943 0.080110011 0.066978275 0.055392343 0.044846241 0.034300139 0.023754038
0.082343839 0.088917387 0.095490934 0.10206448 0.10858585 0.11622538 0.12386491 0.13150443 0.13914396 0.14678349 0.15326003 0.15886774 0.16447544 0.17008314 0.17569085 0.18174822 0.18838099 0.19501375 0.20164652 0.20827929 0.21419944 0.21158849 0.20708321 0.20257794 0.19807266 0.19356738 0.19188686 0.19151142 0.19113598 0.19076054 0.1903851 0.19056609 0.19450821 0.19845032 0.20239244 0.20633456 0.20967062 0.19328378 0.17689694 0.1605101 0.14412326 0.12793822 0.12722738 0.12780137 0.12837536 0.12894935 0.12952334 0.12181494 0.10927901 0.096743076 0.084207144 0.071671211 0.059355802 0.048809701 0.038263599 0.027717497
0.076002489 0.082576036 0.089149583 0.09572313 0.099757937 0.10354268 0.1111822 0.11882173 0.12646126 0.13410079 0.14589694 0.15358328 0.15919098 0.16479868 0.17040639 0.17646376 0.18309653 0.1897293 0.19636206 0.20122444 0.20172812 0.21430535 0.21384732 0.20934204 0.20483677 0.20033149 0.19865097 0.19827553 0.19790009 0.19752465 0.19465108 0.19175374 0.19218304 0.19612516 0.20006728 0.2040094 0.20734545 0.19095861 0.17457177 0.15818494 0.14279845 0.1359706 0.1315093 0.13054929 0.13112328 0.13169727 0.13227126 0.12747097 0.11752276 0.10498683 0.092450899 0.079914967 0.062581577 0.047118674 0.036572572 0.02602647
0.070115864 0.076234685 0.082808233 0.08938178 0.093416586 0.095726211 0.098499503 0.10613903 0.11377856 0.12141809 0.13321424 0.14515323 0.15390652 0.15951423 0.16512193 0.1711793 0.17781207 0.18444484 0.18838463 0.18875311 0.18925679 0.20183402 0.21441125 0.21610615 0.21160088 0.2070956 0.20541507 0.20503963 0.20466419 0.20127014 0.19676487 0.19386752 0.19386752 0.19386752 0.19774212 0.20168423 0.20502029 0.18863345 0.17224661 0.15765868 0.15083083 0.14400298 0.13954168 0.13533242 0.1338712 0.13444519 0.13501918 0.13021889 0.12285651 0.11323059 0.10069466 0.088158723 0.070825333 0.050927028 0.034881545 0.024335444
0.065676918 0.070651495 0.076466882 0.083040429 0.087075236 0.08938486 0.091694485 0.09400411 0.10109586 0.10873539 0.12053154 0.13247052 0.14440951 0.15422977 0.15983747 0.16589484 0.17252761 0.17554482 0.1759133 0.17628179 0.17678547 0.1893627 0.20193993 0.21451716 0.21836498 0.21385971 0.21217918 0.21180374 0.2078892 0.20338393 0.19887865 0.19598131 0.19598131 0.19598131 0.19598131 0.19935907 0.20269513 0.18630829 0.1725189 0.16569105 0.1588632 0.15203536 0.14757405 0.1433648 0.13915554 0.13719311 0.1377671 0.1329668 0.12560443 0.11824206 0.10893841 0.096402479 0.079069089 0.059170784 0.039272479 0.022644417
0.061237973 0.066212549 0.071187125 0.076699079 0.080733885 0.08304351 0.085353134 0.087662759 0.089972384 0.096052684 0.10784884 0.11978782 0.13172681 0.14366579 0.15455301 0.16061038 0.16270501 0.16307349 0.16344198 0.16381047 0.16431415 0.17689138 0.18946861 0.20204584 0.21462307 0.22062381 0.21894329 0.21450826 0.21000299 0.20549771 0.20099243 0.19809509 0.19809509 0.19809509 0.19809509 0.19809509 0.20036997 0.18737913 0.18055128 0.17372343 0.16689558 0.16006773 0.15560643 0.15139717 0.14718792 0.14297866 0.14051502 0.13571472 0.12835235 0.12098998 0.1136276 0.10464623 0.087312845 0.06741454 0.047516234 0.027617929
0.059778907 0.064753483 0.06972806 0.074702636 0.075970934 0.078280559 0.080590183 0.082899808 0.085209433 0.087519057 0.091882721 0.1038217 0.11576069 0.12769967 0.13963865 0.14650199 0.14687048 0.14723897 0.14760745 0.14797594 0.14792722 0.16431772 0.17689495 0.18947218 0.20204941 0.21462664 0.21551967 0.21101439 0.20650912 0.20200384 0.19749856 0.20000835 0.20022622 0.20022622 0.20022622 0.20022622 0.20002266 0.19319481 0.18636696 0.17953911 0.17271126 0.16475401 0.15995472 0.15574546 0.15153621 0.14732695 0.14311769 0.13791454 0.13055216 0.12318979 0.11582742 0.10846505 0.08828729 0.068388985 0.048490679 0.028592374
0.063234484 0.06820906 0.073183636 0.078158213 0.078795773 0.076486148 0.078430448 0.080740073 0.083049697 0.085359322 0.081413705 0.082440324 0.094379307 0.10631829 0.11825727 0.12512061 0.1254891 0.12585759 0.12622607 0.12567223 0.12481805 0.14640584 0.16415251 0.17672974 0.18930697 0.2018842 0.20277723 0.19827195 0.19376668 0.1892614 0.19430184 0.19892848 0.20174428 0.20238595 0.20238595 0.20238595 0.2021824 0.19535455 0.1885267 0.18169885 0.17336553 0.16302622 0.15822693 0.15401767 0.14980842 0.14559916 0.1413899 0.13693189 0.13184801 0.12448563 0.11712326 0.10976089 0.086839192 0.057374334 0.037476029 0.017577724
0.065151618 0.071664637 0.076639213 0.081613789 0.08225135 0.079941725 0.0776321 0.078580337 0.080889962 0.083199587 0.07925397 0.075093415 0.072997927 0.08493691 0.096875893 0.10373923 0.10410772 0.10447621 0.10366852 0.10256306 0.10170888 0.12329667 0.14488445 0.1639873 0.17656453 0.18914176 0.19003479 0.18552952 0.18195878 0.18759038 0.19322197 0.19784861 0.20066441 0.20348021 0.20454569 0.20454569 0.20434213 0.19751428 0.19068643 0.18197706 0.17163775 0.16129843 0.15649914 0.15228989 0.14808063 0.14387137 0.13966212 0.1352041 0.13062749 0.12578147 0.1184191 0.11105673 0.088135033 0.056894694 0.026461379 0.0065630738
0.065799539 0.07308374 0.080094789 0.085069366 0.085706926 0.083397301 0.081087677 0.078778052 0.078730227 0.081039851 0.077094234 0.07293368 0.068773125 0.06461257 0.075494513 0.082357853 0.08272634 0.081664812 0.080559351 0.07945389 0.078599716 0.1001875 0.12177528 0.14336307 0.16382209 0.17639933 0.17729235 0.17524732 0.18087891 0.18651051 0.19214211 0.19676875 0.19958454 0.20240034 0.20521614 0.20670542 0.20650187 0.19967402 0.19058859 0.18024927 0.16990996 0.15957064 0.15477135 0.1505621 0.14635284 0.14214358 0.13793433 0.13347631 0.1288997 0.12432309 0.11971494 0.11235257 0.089430874 0.058190535 0.026950196 -0.0042901425
0.06644746 0.07373166 0.081015861 0.088300062 0.089162503 0.086852878 0.084543253 0.082233629 0.079924004 0.078880116 0.074934499 0.070773944 0.06661339 0.062452835 0.05829228 0.060766567 0.059661105 0.058555644 0.057450183 0.056344721 0.055490548 0.077078332 0.098666116 0.1202539 0.14184168 0.16342947 0.16853586 0.17416745 0.17979905 0.18543064 0.19106224 0.19568888 0.19850468 0.20132047 0.20413627 0.20695207 0.2086616 0.19920012 0.1888608 0.17852148 0.16818217 0.15784285 0.15304357 0.14883431 0.14462505 0.1404158 0.13620654 0.13174852 0.12717191 0.1225953 0.11801869 0.11344208 0.090726716 0.059486377 0.028246038 -0.0029943013
0.063867592 0.071151793 0.078435994 0.08643625 0.087842878 0.085143993 0.082834369 0.080524744 0.078215119 0.075905495 0.071806427 0.067645873 0.063485318 0.059324763 0.05678012 0.056701349 0.055595888 0.054490427 0.053384965 0.052279504 0.055358211 0.069139768 0.090727552 0.11231534 0.13390312 0.1554909 0.16616487 0.17179647 0.17742806 0.18305966 0.18820326 0.19104624 0.19339007 0.19620587 0.19902167 0.20183747 0.20426108 0.19392176 0.18358244 0.17324313 0.16290381 0.15898206 0.15502773 0.15081848 0.14660922 0.14239996 0.13619825 0.1305049 0.12592829 0.12135168 0.11677507 0.1089761 0.084598644 0.053358305 0.022117966 -0.0091223732
0.060196042 0.067480243 0.075786979 0.084492488 0.085899116 0.082345847 0.079378792 0.077069167 0.074759543 0.072449918 0.068350851 0.064190296 0.060029741 0.058432254 0.059155829 0.059077058 0.057971597 0.056866136 0.056033574 0.059534202 0.063133258 0.075522769 0.087919896 0.10950768 0.13109546 0.15268325 0.16335722 0.16898881 0.17462041 0.17942496 0.18280392 0.1856469 0.1875241 0.18972666 0.19254246 0.19535826 0.19778187 0.18744255 0.17710324 0.16676392 0.16378231 0.16222166 0.15826734 0.15405808 0.14984882 0.14315424 0.13511838 0.12942503 0.12484842 0.12027181 0.11187818 0.10033716 0.075959702 0.044719363 0.013479024 -0.017657341
0.056524492 0.065137709 0.073843217 0.082548726 0.083955354 0.080402085 0.076848817 0.073613591 0.071303966 0.068994341 0.064895274 0.060734719 0.060084389 0.060807963 0.061531538 0.061452767 0.060347306 0.060307994 0.063808621 0.067309249 0.070908306 0.083297816 0.095687327 0.10807684 0.12828781 0.14987559 0.16054956 0.16618116 0.17064666 0.17402562 0.17740458 0.18024756 0.18212476 0.18400196 0.18606326 0.18887905 0.19130266 0.18096335 0.17062403 0.16858257 0.16702191 0.16546126 0.16150694 0.15729768 0.15011022 0.14207437 0.13403852 0.12834517 0.12376855 0.11478025 0.10323924 0.091698219 0.067320761 0.036080422 0.0049610466 -0.026080309
0.054488439 0.063193947 0.071899456 0.080604964 0.082011592 0.078458324 0.074905055 0.071351786 0.06784839 0.065538765 0.061439698 0.061736523 0.062460097 0.063183672 0.063907247 0.063828476 0.064582413 0.068083041 0.071583669 0.075084296 0.078683353 0.091072864 0.10346237 0.11585189 0.1282414 0.14706794 0.1577419 0.16186837 0.16524733 0.16862628 0.17200524 0.17484822 0.17672542 0.17860262 0.18047982 0.18239985 0.18482346 0.17494347 0.17338282 0.17182217 0.17026152 0.16870087 0.16474654 0.15706621 0.14903036 0.1409945 0.13295865 0.1272653 0.11768233 0.10614131 0.094600294 0.083059277 0.05868182 0.027579435 -0.0034619212 -0.034503277
0.052104097 0.060809606 0.069515114 0.078220623 0.080765549 0.07721228 0.073659012 0.070105743 0.066552474 0.062999205 0.062937319 0.063660893 0.064384468 0.065108043 0.065831617 0.067773405 0.071274033 0.074774661 0.078275289 0.081775916 0.085790697 0.097046861 0.10943637 0.12182588 0.13421539 0.1466049 0.15283132 0.15621028 0.15958923 0.16296819 0.16634715 0.16936335 0.17124055 0.17311775 0.17499494 0.17687214 0.17864685 0.1770862 0.17552555 0.1739649 0.17240424 0.17117187 0.16496522 0.15692937 0.14889351 0.14085766 0.1328218 0.11998728 0.10844626 0.096905247 0.085364231 0.073823214 0.049773382 0.018732026 -0.01230933 -0.043350686
0.046396882 0.05510239 0.063807899 0.072513407 0.078785956 0.081228469 0.0776752 0.074121931 0.070568663 0.067015394 0.063049898 0.062181245 0.062904819 0.063628394 0.064351969 0.066293757 0.069794385 0.073295012 0.07679564 0.0814286 0.088749994 0.091753512 0.10182675 0.11421626 0.12660577 0.13899528 0.1452217 0.14860066 0.15197961 0.15535857 0.15885293 0.16221862 0.16511057 0.16698777 0.16886497 0.17074217 0.17251688 0.17095623 0.16939558 0.16783492 0.16749888 0.1766677 0.17149823 0.16390485 0.155869 0.14783314 0.13979729 0.11618275 0.094706671 0.083165655 0.071624638 0.060083621 0.036873112 0.0066834597 -0.024357896 -0.055399252
0.044198804 0.049395175 0.058100683 0.066806192 0.07307874 0.07769799 0.081691389 0.07813812 0.074584851 0.071031583 0.067066086 0.063086425 0.061425171 0.062148746 0.06287232 0.064814108 0.068314736 0.071815364 0.077018154 0.084387897 0.091709291 0.094712809 0.097716327 0.10660664 0.11899615 0.13138566 0.13761208 0.14099104 0.14436999 0.14788801 0.15145469 0.15482037 0.15782389 0.16082741 0.162735 0.1646122 0.16638691 0.16482625 0.1632656 0.16382589 0.17299471 0.18216354 0.17699407 0.17029753 0.16284448 0.15480863 0.14677277 0.12315824 0.092116881 0.069426062 0.057885045 0.046344028 0.023133519 -0.0063159724 -0.036406462 -0.067447818
0.052653939 0.049455997 0.052393468 0.061098976 0.067371525 0.071990774 0.076610023 0.081229273 0.07860104 0.075047771 0.071082275 0.067102614 0.063122953 0.060669097 0.061392672 0.06333446 0.066835088 0.072607708 0.079977451 0.087347194 0.094668588 0.097672106 0.10067562 0.10367914 0.11138653 0.12377604 0.13000246 0.13338141 0.13692309 0.14048977 0.14405644 0.14742213 0.15042565 0.15342917 0.15643268 0.15848223 0.16025693 0.15869628 0.1601529 0.16932172 0.17849055 0.18765938 0.18248991 0.17579336 0.16909682 0.16178411 0.15374826 0.13013372 0.099092367 0.068051011 0.044145452 0.032604435 0.0093939262 -0.020055565 -0.049505057 -0.079496384
0.061109073 0.057911131 0.054713189 0.055391761 0.061664309 0.066283559 0.070902808 0.075522057 0.080141307 0.07906396 0.075098464 0.071118803 0.067139142 0.063159481 0.059913024 0.061854811 0.068197263 0.075567005 0.082936748 0.090306491 0.097627885 0.1006314 0.10363492 0.10663844 0.10964196 0.11616642 0.12239284 0.12595817 0.12952485 0.13309152 0.1366582 0.14002389 0.14302741 0.14603092 0.14903444 0.15203796 0.15412696 0.15647991 0.16564873 0.17481756 0.18398639 0.19315522 0.18798575 0.1812892 0.17459266 0.16789611 0.16072375 0.13710921 0.10606785 0.075026497 0.043985141 0.018864842 -0.0043456668 -0.033795158 -0.06324465 -0.092694141
0.071329388 0.068131446 0.064933504 0.06078536 0.057052849 0.061672098 0.066291347 0.070910597 0.075529846 0.080149096 0.076455088 0.072475427 0.068495766 0.064516105 0.060536444 0.064263942 0.071633685 0.079003427 0.08637317 0.093742913 0.096021118 0.10193618 0.1049397 0.10794322 0.11094674 0.11395025 0.11733896 0.12090564 0.12447232 0.128039 0.13160567 0.13319916 0.13695169 0.13995521 0.14295872 0.14596224 0.14914956 0.15831839 0.16748722 0.17665604 0.18582487 0.19831813 0.19408751 0.18739097 0.18069442 0.17399788 0.16596189 0.13925902 0.10821766 0.077176307 0.046134951 0.014519623 -0.017980038 -0.04742953 -0.076879021 -0.10632851
0.084354992 0.08115705 0.073948131 0.058136085 0.054383058 0.058824644 0.063421299 0.068040548 0.072659798 0.077279047 0.07358504 0.069605379 0.065625718 0.062401389 0.064210326 0.068458628 0.075828371 0.083198113 0.090567856 0.090507483 0.086969428 0.09654314 0.10361506 0.10661858 0.1096221 0.11262562 0.11601433 0.119581 0.12314768 0.12671436 0.12045929 0.12017356 0.13087359 0.13598129 0.13898481 0.14198833 0.14517565 0.15434448 0.1635133 0.17268213 0.18645997 0.20538287 0.20115225 0.1944557 0.18775916 0.17804491 0.16044256 0.13373969 0.10269834 0.071656983 0.039257219 0.001052473 -0.031447188 -0.06089668 -0.090346171 -0.11963242
