mean_models/J1_mean_vp_slide_diff2_15.dat.tif
NCOLS 118
NROWS 92
XLLCORNER 139.62
YLLCORNER -39.07
DX 0.099491525
DY 0.099347826
NODATA_VALUE -9999
[rows 26 to 51 of 92, columns 0 to 56 of 118]
-9999 0.14684527 0.14314418 0.1394431 0.13574201 0.13700414 0.1391574 0.14254262 0.14734969 0.15138 0.14655776 0.14173552 0.13691328 0.13130608 0.12412693 0.11694779 0.11884049 0.12083811 0.12283573 0.12194247 0.11437978 0.1068171 0.099254418 0.10367778 0.11556652 0.12333566 0.12006323 0.1167908 0.12854291 0.14081882 0.15309472 0.1632168 0.16918696 0.17515713 0.18112729 0.19086884 0.20210025 0.20537903 0.19728042 0.19024601 0.18948267 0.18871932 0.18795598 0.18772467 0.18787583 0.18816652 0.18871128 0.18925604 0.1898008 0.19226663 0.19506448 0.19614175 0.19635015 0.19655855 0.19613675 0.19353203 0.1908609
-9999 0.13943371 0.13573262 0.13287328 0.13502654 0.1371798 0.13933305 0.14271828 0.14752535 0.15233242 0.15713949 0.15439074 0.1495685 0.1439613 0.13678216 0.12960301 0.12242387 0.12179523 0.12379286 0.12289959 0.1153369 0.10777422 0.1175419 0.12943064 0.14131938 0.14908852 0.14581609 0.14254366 0.13927124 0.14708175 0.15935765 0.16947972 0.17544989 0.18142006 0.19249536 0.20372678 0.21495819 0.21823696 0.21013835 0.20203974 0.19394113 0.1925383 0.19177496 0.19154365 0.1916948 0.19184596 0.1920536 0.19259836 0.19314312 0.19560895 0.19840679 0.20120464 0.2027733 0.2029817 0.20255991 0.19995518 0.19735046
-9999 0.13202215 0.13089568 0.13304894 0.13520219 0.13735545 0.13950871 0.14289393 0.147701 0.15250808 0.15731515 0.16212222 0.16222373 0.15661652 0.14943738 0.14225824 0.13507909 0.12789995 0.12474998 0.12385671 0.11951728 0.13140602 0.14329476 0.1551835 0.16707224 0.17484138 0.17156895 0.16829652 0.16502409 0.16175167 0.16562058 0.17574265 0.18289047 0.19412188 0.2053533 0.21658471 0.22781612 0.23109489 0.22299628 0.21489767 0.20679906 0.19870045 0.19559393 0.19536262 0.19551378 0.19566493 0.19581609 0.19596725 0.19648543 0.19895126 0.20174911 0.20454695 0.2073448 0.20940486 0.20898306 0.20637834 0.20377361
-9999 0.12882114 0.13097439 0.13312765 0.13528091 0.13743417 0.13958742 0.14187435 0.14668143 0.1514885 0.15629557 0.16110264 0.16590971 0.16970412 0.16252498 0.15534584 0.1481667 0.14098755 0.13380841 0.13239511 0.14428385 0.15617259 0.16806133 0.17995007 0.19183881 0.20008062 0.1968082 0.19353577 0.19026334 0.18699091 0.18371848 0.18540009 0.19663151 0.20786292 0.21909433 0.23032574 0.24155716 0.24348113 0.23538252 0.22728391 0.2191853 0.21108669 0.20298808 0.19953407 0.19968522 0.19983638 0.19998754 0.2001387 0.20028985 0.20193085 0.20472869 0.20752653 0.21032438 0.21312222 0.21447315 0.21186843 0.20926371
-9999 0.12810182 0.13025507 0.13240833 0.13456159 0.13671485 0.13297612 0.13226116 0.13582228 0.14062936 0.14543643 0.1502435 0.15505057 0.16305209 0.17745067 0.17199294 0.1648138 0.15763465 0.15045551 0.14904221 0.16093095 0.17281969 0.18470843 0.19659717 0.20040471 0.20378442 0.21599861 0.21454678 0.21127435 0.20800192 0.20472949 0.2064111 0.21764251 0.22887393 0.24010534 0.25133675 0.25361373 0.25081444 0.24388564 0.23578703 0.22768842 0.21958981 0.2114912 0.20750511 0.20675837 0.20690952 0.20706068 0.20721184 0.207363 0.2046972 0.20472214 0.20751998 0.21031782 0.21311567 0.21429189 0.20985102 0.20707256
-9999 0.1273825 0.12953575 0.13168901 0.13255607 0.12816703 0.12377799 0.12306304 0.12658846 0.13011389 0.13457729 0.13938436 0.14419143 0.15219295 0.16659153 0.18099011 0.1814609 0.17428176 0.16710261 0.16568931 0.17757805 0.18946679 0.20135553 0.20191958 0.20200316 0.20538287 0.21759705 0.22981124 0.23228536 0.22901293 0.2257405 0.22742211 0.23865352 0.24988493 0.26051021 0.26055827 0.26060633 0.25780705 0.25093425 0.24406144 0.23619154 0.22809293 0.21999432 0.21600823 0.21497858 0.21398267 0.21413382 0.21428498 0.21443614 0.21177035 0.20861771 0.20751343 0.21031127 0.21310912 0.21428534 0.20984446 0.20540359
-9999 0.12666318 0.12881643 0.12774699 0.12335795 0.1189689 0.11457986 0.11386491 0.11739033 0.12091576 0.12444118 0.12852522 0.13333229 0.14133381 0.15573239 0.17013097 0.18452955 0.19092886 0.18374972 0.18233642 0.19422516 0.20335088 0.20343445 0.20351803 0.2036016 0.20698131 0.2191955 0.23140968 0.24362387 0.25002394 0.24675151 0.24843312 0.25966453 0.26745476 0.26750282 0.26755088 0.26759894 0.26479966 0.25792685 0.25105405 0.24418124 0.23659604 0.22849743 0.22451135 0.2234817 0.22245205 0.2214224 0.22135812 0.22150928 0.21884349 0.21569085 0.21253821 0.21030472 0.21310256 0.21427879 0.20983791 0.20539703
-9999 0.12594385 0.1229379 0.11854886 0.11415982 0.10977077 0.10538173 0.10466678 0.1081922 0.11171763 0.11524305 0.11876848 0.12247315 0.13047467 0.14487325 0.15927183 0.17367041 0.18806899 0.20039682 0.19898352 0.20486575 0.20494932 0.2050329 0.20511647 0.20520004 0.20857975 0.22079394 0.23300813 0.24522231 0.2574365 0.26776252 0.26944413 0.27439931 0.27444737 0.27449543 0.27454349 0.27459155 0.27179227 0.26491946 0.25804665 0.25117385 0.24430104 0.23700055 0.23301446 0.23198481 0.23095516 0.22992551 0.22889586 0.22858242 0.22591663 0.22276399 0.21961136 0.21645872 0.21330608 0.21427223 0.20983136 0.20539048
-9999 0.12045815 0.11606911 0.11168006 0.10729102 0.10290198 0.098512932 0.09802021 0.10144667 0.10497209 0.10849752 0.11202294 0.11554837 0.1232188 0.13786674 0.15226532 0.1666639 0.18106248 0.19546106 0.20553099 0.20561457 0.20569814 0.20578171 0.20586529 0.20594886 0.21224695 0.22261672 0.23483091 0.2470451 0.25925928 0.27147347 0.27953211 0.27958017 0.27962822 0.27967628 0.27972434 0.2797724 0.27737283 0.27067888 0.26380607 0.25693326 0.25006046 0.24318765 0.23714923 0.23611958 0.23508993 0.23406028 0.23303063 0.23200098 0.22993466 0.22678202 0.22362939 0.22047675 0.21732411 0.21519096 0.2121213 0.20768042
-9999 0.11743107 0.11304202 0.10865298 0.10426394 0.10074724 0.099384856 0.099000946 0.099746317 0.10227156 0.10579698 0.10932241 0.11284783 0.12051827 0.13648931 0.15161286 0.16601144 0.18041002 0.1948086 0.20487854 0.20496211 0.20504568 0.20512926 0.20592041 0.21675503 0.22559736 0.22909979 0.23702369 0.24923788 0.26145206 0.27366625 0.28172489 0.28177294 0.281821 0.28186906 0.28164356 0.28013382 0.27757045 0.2734997 0.26753161 0.26065881 0.253786 0.2469132 0.24024472 0.23372314 0.23202008 0.23099043 0.22996078 0.22893113 0.22752861 0.22576133 0.2226087 0.21945606 0.21630342 0.21417027 0.21556848 0.21375792
-9999 0.11440398 0.11001494 0.10562589 0.10309035 0.10172797 0.10036559 0.099981682 0.10072705 0.10147242 0.10309645 0.10662188 0.1101473 0.11781773 0.13378878 0.14975982 0.16535899 0.17975757 0.19415615 0.20422608 0.20430965 0.20439323 0.20843618 0.21927081 0.23010544 0.23894776 0.2424502 0.24595264 0.25143066 0.26364484 0.27585903 0.28391766 0.28396572 0.28401378 0.28335092 0.28184118 0.28033144 0.27776806 0.27369731 0.26962657 0.26438435 0.25751154 0.25063874 0.24397026 0.23744868 0.2309271 0.22792058 0.22689093 0.22586128 0.22445876 0.22299179 0.22152482 0.21843537 0.21528273 0.21314957 0.21454779 0.215946
-9999 0.1113769 0.10698785 0.10543347 0.10407109 0.10270871 0.10134633 0.10096242 0.10170779 0.10245316 0.10319853 0.1039439 0.10744677 0.1151172 0.13108824 0.14705929 0.16303033 0.17900137 0.19350369 0.20357363 0.2036572 0.21095196 0.22178659 0.23262122 0.24345584 0.25229816 0.2558006 0.25930304 0.26280548 0.26630792 0.27805181 0.28611044 0.2861585 0.28505828 0.28354854 0.28203879 0.28052905 0.27796568 0.27389493 0.26982418 0.26575344 0.26123709 0.25436428 0.24769581 0.24117423 0.23465264 0.22813106 0.22382109 0.22279144 0.22138891 0.21992194 0.21845498 0.21698801 0.21426204 0.21212888 0.21352709 0.21492531
-9999 0.10913897 0.10777659 0.10641421 0.10505183 0.10368945 0.10232706 0.10194315 0.10268852 0.1034339 0.10417927 0.10492464 0.10567001 0.11241667 0.12838771 0.14435875 0.16032979 0.17630084 0.19227188 0.20292117 0.21346774 0.22430237 0.23513699 0.24597162 0.25680625 0.26564857 0.26915101 0.27265345 0.27615588 0.27965832 0.28316076 0.28827538 0.28676564 0.28525589 0.28374615 0.28223641 0.28072667 0.27816329 0.27409255 0.2700218 0.26595105 0.2618803 0.25780956 0.25142135 0.24489977 0.23837819 0.23185661 0.22533502 0.21972159 0.21831906 0.2168521 0.21538513 0.21391816 0.2124512 0.21110819 0.2125064 0.21390461
-9999 0.11294273 0.11158035 0.11021797 0.10885559 0.1074932 0.10405997 0.10123075 0.10197612 0.10272149 0.10346687 0.10421224 0.10455615 0.11007685 0.12707545 0.14304649 0.15901753 0.17498858 0.19095962 0.20537749 0.21621211 0.22704674 0.23788137 0.248716 0.26065478 0.27214164 0.27403605 0.27753849 0.28104093 0.28454337 0.28804581 0.28983625 0.28832651 0.28681677 0.28530702 0.28379728 0.28089295 0.27610194 0.27203119 0.26796045 0.2638897 0.25981895 0.25730503 0.24943775 0.24078485 0.23426327 0.22774169 0.22122011 0.21469853 0.21248671 0.21101975 0.20955278 0.20808581 0.20598373 0.20143687 0.20283508 0.20423329
-9999 0.11770128 0.11633889 0.11497651 0.11361413 0.10870136 0.10277493 0.09994571 0.10069108 0.10143645 0.10218182 0.10212226 0.10162301 0.10714371 0.12471972 0.14220376 0.1581748 0.17414585 0.19011689 0.20453476 0.21536939 0.22620401 0.23703864 0.25034051 0.26568178 0.27716864 0.27832477 0.27956043 0.28306287 0.28656531 0.29006775 0.29185819 0.29034845 0.28883871 0.28732897 0.28336205 0.27806759 0.27327658 0.26920583 0.26513508 0.26106433 0.25932209 0.25823026 0.25036298 0.23762492 0.2274966 0.22097502 0.21445344 0.20793186 0.20572005 0.20425308 0.20278611 0.19964981 0.19338664 0.18883978 0.19023799 0.1916362
-9999 0.12245982 0.12109744 0.11926918 0.11334275 0.10741632 0.10148988 0.098660668 0.099406039 0.10015141 0.099688377 0.099189125 0.098689873 0.10421058 0.12178658 0.13936259 0.1569386 0.17330312 0.18927416 0.20369203 0.21452666 0.22536128 0.24002625 0.25536751 0.27070878 0.28219564 0.28335177 0.28450789 0.28566402 0.28858726 0.2920897 0.29388014 0.2923704 0.29086065 0.28583115 0.28053669 0.27524222 0.27045121 0.26638046 0.26243099 0.26133916 0.26024732 0.25915549 0.25128821 0.23855016 0.2258121 0.21420836 0.20768677 0.20116519 0.19895338 0.19748641 0.19331589 0.18705272 0.18078955 0.17624269 0.1776409 0.17903911
-9999 0.12721837 0.12391057 0.11798414 0.11205771 0.10613127 0.10020484 0.097375625 0.097753744 0.097254492 0.09675524 0.096255989 0.095756737 0.10127744 0.11885345 0.13642945 0.15400546 0.17158147 0.18843143 0.2028493 0.21437073 0.22971199 0.24505325 0.26039451 0.27573578 0.28722264 0.28837877 0.28953489 0.29069102 0.29184714 0.29411164 0.29590208 0.29359472 0.28830026 0.28300579 0.27771132 0.27241686 0.26762584 0.26444805 0.26335622 0.26226439 0.26117255 0.26008072 0.25221344 0.23947539 0.22673733 0.21399927 0.20126121 0.19439852 0.19218671 0.18698197 0.1807188 0.17445563 0.16819247 0.1636456 0.16673891 0.17938535
-9999 0.13185556 0.12592913 0.12000269 0.11407626 0.10814983 0.10222339 0.09808484 0.097585588 0.097086336 0.096587085 0.096087833 0.095588581 0.10081726 0.11839327 0.13596927 0.15354528 0.17112129 0.1886973 0.20559755 0.22093881 0.23628007 0.25162133 0.2669626 0.28230386 0.28985231 0.29100844 0.29216456 0.29332069 0.29447681 0.29563294 0.29458575 0.28929129 0.28399682 0.27870235 0.27340789 0.26811342 0.26442543 0.2633336 0.26224177 0.26114993 0.2600581 0.25896627 0.25151177 0.23877371 0.22603566 0.2132976 0.20055954 0.18782148 0.18269058 0.17642741 0.17016424 0.16390107 0.1576379 0.15352301 0.16616945 0.17881589
-9999 0.15879002 0.15286359 0.14693716 0.14101072 0.13508429 0.12973972 0.12414 0.11827107 0.11777182 0.11727257 0.11677332 0.11627407 0.12114305 0.13676222 0.15416028 0.17173629 0.1893123 0.20688831 0.22378856 0.23912982 0.25447108 0.26981234 0.28515361 0.29192295 0.29054866 0.27739638 0.27671344 0.27786957 0.27902569 0.28018182 0.27913463 0.27384016 0.2685457 0.26325123 0.25795676 0.25720176 0.25423805 0.24683573 0.2457439 0.24465206 0.24356023 0.2424684 0.23629501 0.22580185 0.21306379 0.20032573 0.18758768 0.17484962 0.18040445 0.1812777 0.17501453 0.16875136 0.16248819 0.1571031 0.15475954 0.16583155
-9999 0.18572449 0.17979805 0.17387162 0.16807786 0.16278948 0.1575011 0.15190138 0.14594232 0.13998327 0.13795806 0.1374588 0.13695955 0.14182853 0.15744771 0.17306688 0.1899273 0.20750331 0.22507932 0.24197957 0.25732083 0.27266209 0.28800335 0.29138743 0.29440749 0.2930332 0.27988092 0.26672865 0.26241844 0.26357457 0.26473069 0.26368351 0.25838904 0.25309457 0.24816459 0.2484629 0.24876121 0.2457975 0.23816701 0.23053653 0.2281542 0.22706236 0.22597053 0.21979714 0.2099707 0.20009192 0.18735387 0.17461581 0.16187775 0.16743259 0.17614893 0.17986482 0.17360165 0.16733848 0.16195338 0.15960982 0.15726627
-9999 0.21265895 0.20673252 0.20112762 0.19583924 0.19055086 0.18526248 0.17966275 0.1737037 0.16774465 0.16178559 0.15814429 0.15764504 0.16251402 0.17813319 0.19375237 0.20937154 0.22569432 0.24327033 0.26017058 0.27551184 0.28783184 0.2908519 0.29387197 0.29689203 0.29551774 0.28236547 0.26921319 0.25606092 0.24812344 0.24927957 0.24823238 0.24293792 0.23942574 0.23972405 0.24002235 0.24032066 0.23735695 0.22972646 0.22209598 0.21446549 0.21056449 0.20947266 0.20329927 0.19347283 0.18364638 0.17381994 0.16164394 0.14890588 0.15446072 0.16317707 0.17189341 0.17845194 0.17218877 0.16680367 0.16446011 0.16211655
-9999 0.23959341 0.23417738 0.228889 0.22360062 0.21831223 0.21302385 0.20742413 0.20146507 0.19550602 0.18954697 0.18358792 0.17833052 0.1831995 0.19881868 0.21443785 0.23005703 0.2456762 0.26146133 0.27836159 0.28729631 0.29031638 0.29333644 0.29635651 0.29937657 0.29800228 0.28485001 0.27169773 0.25854546 0.24539319 0.23382845 0.23278126 0.23068688 0.23098519 0.2312835 0.2315818 0.23188011 0.2289164 0.22128591 0.21365543 0.20602494 0.19839446 0.19297479 0.18680141 0.17697496 0.16714851 0.15732207 0.14749562 0.13593402 0.14148885 0.1502052 0.15892155 0.16763789 0.17635424 0.17165396 0.1693104 0.16696684
-9999 0.26176704 0.25647866 0.25119028 0.24590189 0.24061351 0.23532513 0.23511036 0.22915131 0.22319225 0.2172332 0.21127415 0.2053151 0.19620503 0.20892877 0.22454794 0.24016712 0.25578629 0.27140547 0.28321486 0.28623492 0.28925499 0.29227505 0.29529512 0.29831518 0.30049678 0.288707 0.27555473 0.26240245 0.24925018 0.2360979 0.22753991 0.22783821 0.22813652 0.22843483 0.22873313 0.22903144 0.22467457 0.21704409 0.2094136 0.20178312 0.19415263 0.18631085 0.180779 0.17095256 0.16112611 0.15129967 0.14147322 0.13164677 0.13763066 0.14634701 0.15506335 0.1637797 0.17249605 0.17932734 0.17698379 0.17464023
-9999 0.27539094 0.27010256 0.26481418 0.25952579 0.25774582 0.26275808 0.26267718 0.25671812 0.25075907 0.24480002 0.23683212 0.22128094 0.21078797 0.21042432 0.21785124 0.23347041 0.24908958 0.26470876 0.27651815 0.27953822 0.28255828 0.28557835 0.28904868 0.29590613 0.29890921 0.29158157 0.28159287 0.26844059 0.25528832 0.24213604 0.23357805 0.23387635 0.23417466 0.23447297 0.23414784 0.23169091 0.2271055 0.21947502 0.21184453 0.20421405 0.195603 0.18529242 0.18061925 0.17999873 0.17175169 0.16192525 0.1520988 0.14227235 0.14825624 0.15697259 0.16568894 0.17440528 0.18429045 0.1914873 0.18914374 0.18680018
-9999 0.28901484 0.28372646 0.27843807 0.28030038 0.28531264 0.29032489 0.29024399 0.28428494 0.27832588 0.26696624 0.25141506 0.23586388 0.2253709 0.22500726 0.22464362 0.2267737 0.24239288 0.25801205 0.26982145 0.27284151 0.27586158 0.28060365 0.2874611 0.29431856 0.29732163 0.28999399 0.28266636 0.27447873 0.26132646 0.24817418 0.23961619 0.23991449 0.2402128 0.23903571 0.23657877 0.23412184 0.22953643 0.22190595 0.21427546 0.20489516 0.19458458 0.18427399 0.17960082 0.17898031 0.1783598 0.17255083 0.16272438 0.15289793 0.15888183 0.16759817 0.17654819 0.18649929 0.1964504 0.20364725 0.20130369 0.19896013
-9999 0.30263874 0.29784269 0.30285495 0.3078672 0.31287945 0.3178917 0.3178108 0.31185175 0.29710035 0.28154917 0.26599799 0.25044682 0.23995384 0.2395902 0.23922656 0.23886291 0.23849927 0.25131535 0.26312474 0.26614481 0.27215862 0.27901607 0.28587352 0.29273098 0.29573405 0.28840641 0.28107878 0.27375114 0.26642351 0.25421232 0.24565433 0.24595263 0.24392358 0.24146664 0.23900971 0.23655277 0.23196737 0.22433688 0.21418731 0.20387673 0.19356615 0.18325557 0.1785824 0.17796188 0.17734137 0.17672086 0.17334996 0.16352352 0.16950741 0.17875703 0.18870814 0.19865925 0.20861035 0.2158072 0.21346365 0.20102738
