mean_models/J1_mean_vp_slide_diff2_40.dat.tif
NCOLS 118
NROWS 92
XLLCORNER 139.62
YLLCORNER -39.07
DX 0.099491525
DY 0.099347826
NODATA_VALUE -9999
[rows 50 to 74 of 92, columns 0 to 55 of 118]
-9999 0.29975036 0.31065822 0.32156608 0.33664513 0.35356163 0.37047812 0.37787748 0.37429285 0.37070822 0.36451811 0.35630582 0.34809353 0.34332748 0.34546273 0.34759799 0.35132098 0.36363239 0.37594381 0.38423981 0.38327209 0.38230437 0.38321729 0.38644049 0.38966368 0.38883184 0.37713146 0.36543109 0.35325062 0.33829856 0.3233465 0.3107103 0.30253834 0.29436637 0.28286183 0.26846642 0.25407101 0.23545119 0.21078775 0.18612432 0.16223533 0.13875808 0.11528082 0.10019497 0.09114159 0.08208821 0.061397451 0.03169574 0.0019940287 -0.0040401753 -0.005983991 -0.0086658327 -0.014509539 -0.020353244 -0.025129627 -0.026208932
-9999 0.30018528 0.31138034 0.32829683 0.34521333 0.36212982 0.37904632 0.38644568 0.38286105 0.37503461 0.36682232 0.35861002 0.35039773 0.34563168 0.34776694 0.34990219 0.35203745 0.3541727 0.3646994 0.3729954 0.37202768 0.37432951 0.3775527 0.3807759 0.38399909 0.38316724 0.37146687 0.3597665 0.34806613 0.33636576 0.32193907 0.30930287 0.30113091 0.28770197 0.27330656 0.25891114 0.24451573 0.22589591 0.20123248 0.17768396 0.1542067 0.13072945 0.10725219 0.09216634 0.083112961 0.074059581 0.065006201 0.049783888 0.020082177 0.014047973 0.010419834 0.0045761286 -0.0012675772 -0.007111283 -0.011887666 -0.012966971
-9999 0.30303204 0.31994854 0.33686503 0.35378153 0.37069802 0.38761452 0.3937634 0.38555111 0.37733881 0.36912652 0.36091423 0.35270194 0.34793589 0.35007115 0.3522064 0.35434165 0.35647691 0.35861216 0.36221853 0.36544172 0.36866492 0.37188811 0.3751113 0.3783345 0.37750265 0.36580228 0.35410191 0.34240154 0.33070116 0.31900079 0.30693752 0.29254211 0.27814669 0.26375128 0.24935587 0.23496046 0.21660984 0.19313259 0.16965533 0.14617807 0.12270082 0.099223564 0.084137711 0.075084332 0.066030952 0.056977572 0.047924192 0.038170325 0.029505502 0.023661796 0.01781809 0.011974384 0.0061306784 0.0011590241 -0.004173011
-9999 0.32554337 0.34245986 0.35937636 0.37629285 0.39320935 0.39796344 0.39232875 0.38411646 0.37590417 0.36769188 0.35947959 0.35243985 0.34688321 0.3432284 0.34536366 0.34749891 0.34963416 0.35176942 0.35423365 0.35745684 0.36068004 0.36390323 0.36712642 0.36784324 0.36458639 0.35982911 0.34812874 0.33642836 0.32472799 0.31302762 0.30040671 0.2860113 0.27161589 0.25722047 0.24282506 0.23019883 0.21411441 0.19063716 0.1671599 0.14368265 0.12020539 0.10241941 0.087660293 0.075912582 0.066859202 0.057805823 0.048752443 0.039699063 0.033382382 0.027538676 0.02169497 0.015851264 0.012552222 0.014262652 0.0089306173
-9999 0.35038745 0.36730395 0.38422044 0.40113694 0.39930457 0.39590327 0.39026858 0.38205629 0.373844 0.36563171 0.35940515 0.35370135 0.34814471 0.34288277 0.33762083 0.33912583 0.34126109 0.34339634 0.34586057 0.34908376 0.35230696 0.35553015 0.35429065 0.3510459 0.34778904 0.34449975 0.34121046 0.33040357 0.31870319 0.30700282 0.29438191 0.2799865 0.26559109 0.25119568 0.23954605 0.22862913 0.21254472 0.18906746 0.16559021 0.14211295 0.12655954 0.11170066 0.096941539 0.082254146 0.069169255 0.060115876 0.051062496 0.042009116 0.035692435 0.029848729 0.024005023 0.022773308 0.026516855 0.028227285 0.02289525
-9999 0.37523153 0.39214803 0.40404701 0.40064571 0.3972444 0.3938431 0.38820841 0.37999612 0.37207425 0.36637045 0.36066665 0.35496285 0.34940621 0.34414427 0.33888233 0.33362039 0.33288801 0.33502326 0.33748749 0.34071069 0.34393388 0.34073806 0.33749331 0.33424856 0.3309917 0.32770241 0.32441312 0.32112383 0.3126784 0.30097802 0.28835712 0.2739617 0.25981019 0.24889327 0.23797636 0.22705944 0.21097502 0.18749777 0.16555857 0.15069968 0.13584079 0.1209819 0.10622279 0.091535393 0.076848 0.062425929 0.053372549 0.044319169 0.038002488 0.032158782 0.032994395 0.036737941 0.040481487 0.042191918 0.036859883
-9999 0.40007562 0.40538815 0.40198684 0.39858554 0.39518423 0.39178292 0.38614824 0.37903955 0.37333575 0.36763195 0.36192815 0.35622435 0.35066771 0.34540577 0.34014383 0.33488189 0.32961995 0.32665018 0.32911441 0.33043022 0.32718547 0.32394072 0.32069596 0.31745121 0.31419436 0.31090507 0.30761578 0.30432649 0.3010372 0.29495323 0.28233232 0.26915741 0.2582405 0.24732358 0.23640666 0.22548974 0.20940532 0.1896987 0.17483981 0.15998093 0.14512204 0.13026315 0.11550403 0.10081664 0.086129247 0.071441854 0.056754461 0.046629222 0.04031254 0.043215481 0.046959028 0.050702574 0.05444612 0.056156551 0.051672751
-9999 0.40538546 0.40198416 0.39858285 0.39518155 0.39178024 0.38837893 0.3876217 0.3819179 0.3762141 0.3705103 0.3648065 0.3591027 0.35255021 0.34728827 0.34202633 0.33676439 0.33150245 0.32624051 0.32158854 0.31834379 0.31509904 0.31185429 0.30860954 0.30536478 0.29856094 0.29530944 0.29202015 0.28873086 0.28544157 0.28215228 0.27625764 0.26534072 0.2544238 0.24350688 0.23258996 0.22167305 0.2121419 0.19728301 0.18242412 0.16756523 0.15270634 0.13784746 0.12640569 0.1117183 0.097030905 0.082343512 0.067656119 0.052968726 0.051185299 0.054928846 0.058672392 0.062415938 0.066159485 0.070459279 0.068609076
-9999 0.39739171 0.39399041 0.3905891 0.3871878 0.3841863 0.38399939 0.38538176 0.38857527 0.38461474 0.37891093 0.37320713 0.36750333 0.36084676 0.3522822 0.34602983 0.34076789 0.33550595 0.33024401 0.32559203 0.32234728 0.31910253 0.31585778 0.31261303 0.29748357 0.28507348 0.28330894 0.28052892 0.27723963 0.27395034 0.27066104 0.26476641 0.25384949 0.24293257 0.23201565 0.22103383 0.20632982 0.19739204 0.19670366 0.1842126 0.16935371 0.15449483 0.13963594 0.13161411 0.1281544 0.11346701 0.098779616 0.084092223 0.069404831 0.061916027 0.058953095 0.062696641 0.066440188 0.070183734 0.074483528 0.080710099
-9999 0.38939797 0.38599666 0.38259536 0.38073046 0.38054355 0.38035664 0.381739 0.38493252 0.38812603 0.38731157 0.38160777 0.37590397 0.36924739 0.36068283 0.35211827 0.34477138 0.33950944 0.3342475 0.32959553 0.32635078 0.32310603 0.31676 0.30037805 0.28399611 0.27158602 0.26982147 0.26805693 0.2657484 0.2624591 0.25916981 0.25327517 0.24235826 0.23144134 0.21928848 0.20458447 0.18988047 0.18094269 0.18025431 0.17956593 0.1711422 0.15628331 0.14142442 0.13340259 0.13029584 0.12718908 0.11521572 0.10052833 0.085840935 0.078352131 0.072107439 0.066720891 0.070464437 0.074207983 0.078507778 0.084734348
-9999 0.38140422 0.37800292 0.37727462 0.37708771 0.3769008 0.37671388 0.37809625 0.38128976 0.38448328 0.38767679 0.3900084 0.3843046 0.37764802 0.36908346 0.3605189 0.35195434 0.34351294 0.338251 0.33359903 0.33035428 0.31965448 0.30327253 0.28689059 0.27050865 0.25809856 0.25633401 0.25456947 0.25280493 0.25096787 0.24767858 0.24178394 0.23086702 0.21754313 0.20283913 0.18813512 0.17343112 0.16449334 0.16380496 0.16311658 0.1624282 0.15807179 0.1432129 0.13519107 0.13208432 0.12897757 0.12587081 0.11696443 0.10227704 0.094788235 0.088543543 0.082298851 0.076054159 0.078232232 0.082532027 0.088758597
-9999 0.3740057 0.37381878 0.37363187 0.37344496 0.37325804 0.37307113 0.37445349 0.37764701 0.38084052 0.38403404 0.38722755 0.39042107 0.38604865 0.37748409 0.36891953 0.36035497 0.3517904 0.34322584 0.33760252 0.32254896 0.30616702 0.28978507 0.27340313 0.25702119 0.24461109 0.24284655 0.24108201 0.23931747 0.23755293 0.23578839 0.23029271 0.21579779 0.20109378 0.18638978 0.17168577 0.15698177 0.14804399 0.14735561 0.14666723 0.14597885 0.14529047 0.1446021 0.13697956 0.1338728 0.13076605 0.12765929 0.12455254 0.11871314 0.11122434 0.10497965 0.098734955 0.092490263 0.086245571 0.086556276 0.092782847
-9999 0.36994966 0.36976275 0.36957584 0.36938892 0.36920201 0.37385147 0.37652235 0.37448416 0.37767767 0.38087119 0.3840647 0.38725822 0.38793669 0.38187439 0.37330983 0.36474527 0.35618071 0.34761614 0.33668772 0.32030578 0.30392384 0.28754189 0.27115995 0.25695473 0.25232382 0.25017745 0.24841291 0.24664837 0.24488383 0.24311929 0.23693505 0.22223104 0.20752704 0.19282304 0.17811903 0.16558229 0.15567447 0.14919247 0.14850409 0.14781571 0.14712733 0.14643895 0.14389196 0.14055249 0.13744574 0.13433898 0.13123223 0.12812547 0.12446819 0.11825691 0.11201222 0.10576752 0.099522832 0.095769317 0.10112854
-9999 0.36571391 0.365527 0.36534009 0.36515317 0.37399828 0.38567695 0.38834783 0.38062256 0.37472351 0.37791703 0.38111054 0.38430406 0.38498252 0.38062446 0.37595624 0.36739167 0.35882711 0.35026255 0.33933413 0.32295218 0.30657024 0.2901883 0.27959673 0.27411872 0.26948782 0.26712734 0.26479669 0.26303215 0.26126761 0.25950307 0.25331883 0.23861483 0.22391082 0.20920682 0.19873938 0.19072745 0.18081962 0.16819947 0.15829272 0.15760434 0.15691596 0.15622758 0.15368059 0.14979745 0.14625237 0.14314561 0.14003886 0.13693211 0.13327482 0.12952239 0.12391585 0.11767116 0.11142647 0.10767295 0.11254857
-9999 0.36147816 0.36129125 0.36246641 0.37414508 0.38582376 0.39750243 0.40017331 0.39244804 0.38472277 0.37699749 0.37815638 0.38134989 0.38202836 0.3776703 0.37331224 0.36895418 0.36147352 0.35290895 0.34198053 0.32559859 0.30921665 0.30223872 0.29676072 0.29128272 0.28665181 0.28429133 0.28193085 0.27957037 0.27765139 0.27588685 0.26970261 0.25499861 0.2402946 0.23189647 0.22388454 0.2158726 0.20596478 0.19334462 0.18072447 0.16810431 0.16670459 0.16601622 0.16346922 0.15958608 0.15570294 0.15195225 0.14884549 0.14573874 0.14208146 0.13832903 0.1345766 0.1295748 0.1233301 0.11957659 0.12445221
-9999 0.35724241 0.36261322 0.37429189 0.38597057 0.39764924 0.40932791 0.41199879 0.40427352 0.39654825 0.38882298 0.3810977 0.37839573 0.3790742 0.37471614 0.37035808 0.36600002 0.36164196 0.35555536 0.34462694 0.33035872 0.32488072 0.31940272 0.31392471 0.30844671 0.3038158 0.30145532 0.29909484 0.29673437 0.29437389 0.29227063 0.28608639 0.2730655 0.26505356 0.25704163 0.24902969 0.24101776 0.23110994 0.21848978 0.20586962 0.19324946 0.18062931 0.17580485 0.17325785 0.16937471 0.16549157 0.16160844 0.1577253 0.15454537 0.15088809 0.14713566 0.14338323 0.1396308 0.13523374 0.13148022 0.13635584
-9999 0.36106694 0.37274561 0.38442428 0.39610296 0.40778163 0.41946031 0.42117948 0.41345421 0.40572894 0.39800367 0.39027839 0.38255312 0.37799887 0.37364081 0.36928275 0.36492469 0.36056663 0.35620857 0.35151185 0.34603385 0.34055584 0.33507784 0.32959984 0.32412183 0.31907735 0.31671687 0.31435639 0.31199591 0.30963543 0.30727495 0.30298412 0.29497219 0.28696025 0.27894832 0.27093638 0.26292445 0.2551624 0.24254224 0.22992208 0.21730193 0.20468177 0.19206161 0.18492468 0.18104155 0.17715841 0.17327527 0.16939214 0.165509 0.16173731 0.15798488 0.15423245 0.15048002 0.14672759 0.14350641 0.14838203
-9999 0.36277815 0.37445682 0.3861355 0.39781417 0.40930632 0.41678482 0.41720535 0.40948008 0.4017548 0.39402953 0.38630426 0.39238003 0.3938011 0.38327507 0.37755246 0.3731944 0.36883634 0.36447828 0.35978156 0.35430356 0.34882556 0.34334755 0.33786955 0.33382134 0.32945999 0.32345205 0.32015543 0.31779495 0.31543447 0.313074 0.30878317 0.30077123 0.2927593 0.28474736 0.27673543 0.27792495 0.27377996 0.2611598 0.24853965 0.23591949 0.22457825 0.22713947 0.21806434 0.2020503 0.19816716 0.19428403 0.19040089 0.18651775 0.18274606 0.17899363 0.1752412 0.17148877 0.1631903 0.15614213 0.16101774
-9999 0.36448936 0.37616803 0.38784671 0.39785368 0.40533218 0.41281068 0.41323121 0.40550594 0.39778067 0.39408783 0.40147483 0.40886183 0.41028291 0.39975687 0.38923083 0.38146411 0.37710605 0.37274799 0.36805128 0.36257327 0.35709527 0.35188974 0.34814272 0.34439571 0.34003435 0.33402641 0.32801847 0.323594 0.32123352 0.31887304 0.31458221 0.30657027 0.29855834 0.29298442 0.29476347 0.29654251 0.29239752 0.27977736 0.26715721 0.26017343 0.26273466 0.26529588 0.25622075 0.23878041 0.22134007 0.21529278 0.21140964 0.20752651 0.20375482 0.20000239 0.19624996 0.18631651 0.17582602 0.16877785 0.17365346
-9999 0.36620057 0.37787924 0.38640105 0.39387955 0.40135805 0.40883655 0.40925708 0.40153181 0.40318263 0.41056964 0.41795664 0.42534364 0.42676471 0.41623867 0.40571264 0.3951866 0.38537577 0.3810177 0.37632099 0.37084299 0.36621112 0.3624641 0.35871708 0.35497007 0.35060871 0.34460077 0.33859283 0.33258489 0.32703256 0.32467208 0.32038125 0.31236932 0.30982294 0.31160199 0.31338103 0.31516007 0.31101508 0.29839493 0.29576862 0.29832984 0.30089106 0.30345229 0.29437716 0.27693682 0.25949648 0.24205614 0.2324184 0.22853526 0.22476357 0.21993321 0.20944272 0.19895223 0.18846173 0.18141356 0.18628918
-9999 0.36746991 0.37494841 0.38242691 0.38990541 0.39738392 0.40486242 0.40528295 0.41227744 0.41966444 0.42705144 0.43443844 0.44182544 0.44324652 0.43272048 0.42219444 0.4116684 0.40114237 0.39061633 0.3845907 0.3805325 0.37678548 0.37303846 0.36929145 0.36554443 0.36118307 0.35517513 0.34916719 0.34315926 0.33715132 0.33114338 0.32618029 0.32666146 0.3284405 0.33021955 0.33199859 0.33377763 0.32963265 0.33136381 0.33392503 0.33648625 0.33904747 0.34160869 0.33253357 0.31509323 0.29765289 0.28021255 0.26277221 0.24954401 0.24305943 0.23256893 0.22207844 0.21158795 0.20109745 0.19404928 0.20294314
-9999 0.36596143 0.37343993 0.38091843 0.38839693 0.39587543 0.40182622 0.40584245 0.41227077 0.41965777 0.42704477 0.43443177 0.44181877 0.44713284 0.44286619 0.43234015 0.42181412 0.41128808 0.40076204 0.39228588 0.38853886 0.38479184 0.38104483 0.37729781 0.37313683 0.37003846 0.37134379 0.36533585 0.35932791 0.35331997 0.34731203 0.34396387 0.34574291 0.34752196 0.349301 0.35108004 0.35290721 0.34688978 0.34089081 0.34345204 0.34601326 0.34857448 0.3511357 0.34363952 0.32685963 0.30941929 0.29197895 0.27453861 0.25709827 0.24061 0.23011951 0.21962901 0.20913852 0.19864803 0.19497066 0.21081916
-9999 0.36585282 0.37333132 0.38080982 0.38828832 0.39254813 0.39562714 0.39964337 0.40474125 0.41028972 0.41767672 0.42506372 0.43245072 0.43776479 0.43892768 0.43888853 0.42836249 0.41783645 0.40731042 0.39883425 0.39508724 0.39134022 0.3875932 0.38236485 0.37566659 0.37256822 0.37911847 0.38468068 0.37867274 0.3726648 0.36665686 0.3633087 0.36508774 0.36686678 0.36864583 0.37053445 0.37249477 0.36647733 0.34904659 0.33672461 0.33928583 0.34184705 0.34440827 0.33691209 0.32218577 0.30620268 0.28876234 0.27132199 0.25388165 0.23713572 0.2205098 0.20861495 0.19812446 0.18763397 0.1839566 0.20387907
-9999 0.36574422 0.37322272 0.38019101 0.38327003 0.38634905 0.38942806 0.39344429 0.39854217 0.40364005 0.40873793 0.41569568 0.42308268 0.42839674 0.42955963 0.43072252 0.43188541 0.42438483 0.41385879 0.40538263 0.40163561 0.3978886 0.39159288 0.38489461 0.37819634 0.37509797 0.38164822 0.38819848 0.39474873 0.39200963 0.38600169 0.38265353 0.38443257 0.38621161 0.38816168 0.390122 0.39208232 0.38606488 0.36863414 0.3512034 0.33377265 0.33511962 0.33768084 0.33018466 0.31545834 0.30073203 0.28554572 0.26810538 0.25066504 0.23391911 0.21729319 0.20066726 0.1871104 0.17661991 0.17294254 0.192865
-9999 0.36563561 0.37091291 0.37399193 0.37707095 0.38014997 0.38322899 0.38724521 0.39234309 0.39744097 0.40253885 0.40763673 0.41371463 0.41902869 0.42019158 0.42135447 0.42251736 0.42368025 0.42040717 0.41193101 0.40751917 0.4008209 0.39412263 0.38742437 0.3807261 0.37762773 0.38417798 0.39072823 0.39727849 0.40382874 0.40534651 0.40199835 0.40382859 0.40578891 0.40774923 0.40970955 0.41166987 0.40565244 0.38822169 0.37079095 0.35336021 0.33592946 0.33095341 0.32345723 0.30873092 0.2940046 0.27927828 0.26455197 0.24744843 0.2307025 0.21407657 0.19745065 0.18082473 0.16560584 0.16192848 0.18185094
