mean_models/J1_mean_vp_slide_diff2_240.dat.tif
NCOLS 118
NROWS 92
XLLCORNER 139.62
YLLCORNER -39.07
DX 0.099491525
DY 0.099347826
NODATA_VALUE -9999
[rows 24 to 47 of 92, columns 0 to 52 of 118]
-9999 0.0032095857 0.0084022278 0.01359487 0.018787512 0.023980154 0.029172796 0.03133848 0.028909908 0.026481336 0.024052764 0.021624192 0.019195621 0.017051733 0.015477943 0.013904153 0.012330363 0.010756573 0.0091827828 0.0075303329 0.0042041654 0.00087799788 -0.0024481696 -0.0057743372 -0.0091005047 -0.012335184 -0.015324651 -0.018314119 -0.021303586 -0.024293053 -0.027282521 -0.029371128 -0.027804221 -0.026237314 -0.024670407 -0.023103499 -0.021536592 -0.021410729 -0.023187167 -0.024963606 -0.026740044 -0.028516482 -0.030292921 -0.032956421 -0.03625762 -0.039558819 -0.042860017 -0.046161216 -0.04953167 -0.045258454 -0.037630119 -0.030001784 -0.022373449
-9999 -0.0007193752 0.0044732669 0.009665909 0.014858551 0.020051193 0.026310566 0.030595901 0.030308834 0.027880262 0.02545169 0.023023118 0.020594546 0.017432237 0.013605767 0.012031976 0.010458186 0.0088843962 0.0073106061 0.0052069233 0.0018807558 -0.0014454117 -0.0047715792 -0.0080977467 -0.011278742 -0.013868291 -0.015894462 -0.018883929 -0.021873397 -0.024862864 -0.027852331 -0.02928549 -0.027718583 -0.026151676 -0.024584769 -0.023017861 -0.025483971 -0.028039399 -0.026218928 -0.027995366 -0.029771805 -0.031548243 -0.033324681 -0.037885167 -0.042603055 -0.045904253 -0.049205452 -0.052506651 -0.055807849 -0.050435251 -0.04291722 -0.035288885 -0.027660549
-9999 -0.0054980056 -0.00030536351 0.0048872786 0.010079921 0.016911526 0.024037403 0.028322738 0.029329723 0.030059573 0.027631001 0.025202429 0.022773857 0.019611547 0.014979885 0.010348223 0.0087394689 0.0071656788 0.0055918887 0.0034882059 0.00016203842 -0.0031641291 -0.0064902966 -0.0095544785 -0.012455486 -0.015045034 -0.016799795 -0.018554555 -0.021502428 -0.024491895 -0.027481362 -0.028914521 -0.027347614 -0.025780707 -0.0242138 -0.028886595 -0.036024353 -0.038579781 -0.034579535 -0.03141737 -0.033193809 -0.034970247 -0.036746685 -0.041307172 -0.047869074 -0.053275017 -0.056576215 -0.059877414 -0.063178613 -0.057806014 -0.050934347 -0.043559908 -0.035931573
-9999 -0.010276636 -0.0050839939 0.00038661041 0.007512487 0.014638364 0.02176424 0.026049575 0.02705656 0.028063545 0.029070529 0.02738174 0.024953168 0.021790858 0.017159196 0.012527534 0.0078958719 0.0054469614 0.0038731713 0.0017694885 -0.001556679 -0.0048828465 -0.0078302147 -0.010731222 -0.013632229 -0.016221777 -0.017976538 -0.019731299 -0.021486059 -0.024120926 -0.027110393 -0.028543552 -0.026976645 -0.025409738 -0.032289218 -0.039426976 -0.046564735 -0.049120162 -0.045119917 -0.041119671 -0.037119426 -0.038392251 -0.04016869 -0.044729176 -0.051291078 -0.057852981 -0.063946978 -0.067248177 -0.070549376 -0.065176777 -0.058305111 -0.051433444 -0.044202597
-9999 -0.015055267 -0.009012429 -0.0018865524 0.0052393242 0.012365201 0.019491077 0.023776412 0.024783397 0.025790382 0.026797366 0.027804351 0.027132479 0.023970169 0.019338507 0.014706845 0.010075183 0.0054435205 0.0021544539 5.0771156e-05 -0.0032049439 -0.0061059509 -0.009006958 -0.011907965 -0.014808972 -0.01739852 -0.019153281 -0.020908042 -0.022662803 -0.024417563 -0.026739424 -0.028172583 -0.028554084 -0.035691842 -0.0428296 -0.049967358 -0.057105116 -0.059660544 -0.055660299 -0.051660053 -0.047659808 -0.043659562 -0.043590694 -0.04815118 -0.054713082 -0.061274985 -0.067836887 -0.07439879 -0.077920139 -0.07254754 -0.065675874 -0.058804207 -0.051932541
-9999 -0.018866104 -0.011740227 -0.0046143505 0.0025115261 0.0096374028 0.016763279 0.020877883 0.021884867 0.022891852 0.023898837 0.024905822 0.025912806 0.025205248 0.020573586 0.015941924 0.011310262 0.0066785994 0.0020469373 -0.0020614007 -0.0049624078 -0.0078634149 -0.010764422 -0.013665429 -0.016566436 -0.019144766 -0.020899526 -0.022654287 -0.024409048 -0.026163808 -0.027918569 -0.031511986 -0.038649744 -0.045787502 -0.05292526 -0.060063018 -0.067200776 -0.068848994 -0.064848749 -0.060848503 -0.056848258 -0.052848012 -0.048847767 -0.050539087 -0.05710099 -0.063662892 -0.070224795 -0.076786697 -0.0833486 -0.079839039 -0.072967373 -0.066095706 -0.05922404
-9999 -0.025336607 -0.01821073 -0.011084853 -0.0039589766 0.0031669 0.0099160078 0.013606799 0.013838116 0.014845101 0.015852086 0.01685907 0.017866055 0.01738924 0.013941029 0.0094037798 0.0047721177 0.00014045555 -0.0044912066 -0.0085995446 -0.011500552 -0.014401559 -0.017302566 -0.020203573 -0.021088509 -0.022324551 -0.026991715 -0.029088855 -0.030843616 -0.032598377 -0.034353138 -0.037946554 -0.045084312 -0.05222207 -0.059359828 -0.066497587 -0.067479749 -0.065931266 -0.062907661 -0.058907416 -0.05490717 -0.050906925 -0.046906679 -0.047041187 -0.050975879 -0.057537782 -0.064099684 -0.070661587 -0.077223489 -0.08147869 -0.079606344 -0.072734678 -0.065863011
-9999 -0.031807109 -0.024681233 -0.017555356 -0.010511726 -0.0038042034 0.0029033195 0.0065941107 0.006803206 0.0070123013 0.0078053345 0.0088123193 0.009819304 0.0093424886 0.0058942782 0.0024460677 -0.0017660261 -0.0063976883 -0.01102935 -0.015137688 -0.018038695 -0.020939703 -0.02384071 -0.02391647 -0.023872362 -0.025108404 -0.029775568 -0.034442733 -0.037278185 -0.039032945 -0.040787706 -0.044381123 -0.051518881 -0.058656639 -0.065377719 -0.064827649 -0.064277579 -0.062729095 -0.05975224 -0.056775385 -0.052966083 -0.048965837 -0.044965592 -0.045100099 -0.048207027 -0.051412671 -0.057974574 -0.064536476 -0.071098379 -0.07535358 -0.07921012 -0.079373649 -0.072501983
-9999 -0.038277612 -0.031151735 -0.024231937 -0.017524415 -0.010816892 -0.0041093687 -0.00041857753 -0.00020948223 -3.8692395e-07 0.00020870838 0.00076556811 0.0017725528 0.0012957375 -0.002152473 -0.0056006835 -0.0090488939 -0.012935832 -0.017567494 -0.021675832 -0.024576839 -0.026788539 -0.026744431 -0.026700323 -0.026656215 -0.027892257 -0.032559421 -0.037226585 -0.04189375 -0.045467514 -0.047222274 -0.050815691 -0.057953449 -0.062725618 -0.062175548 -0.061625478 -0.061075408 -0.059526925 -0.05655007 -0.053573215 -0.05059636 -0.04702475 -0.043024504 -0.043159012 -0.04626594 -0.049372868 -0.052479797 -0.058411366 -0.064973268 -0.069228469 -0.073085009 -0.07694155 -0.079140954
-9999 -0.044748115 -0.037952149 -0.031244626 -0.024537103 -0.01782958 -0.011122057 -0.0074312658 -0.0072221705 -0.0070130752 -0.0068039799 -0.0065948846 -0.0062741983 -0.0067510137 -0.010199224 -0.013647435 -0.017095645 -0.020543856 -0.024105638 -0.028213976 -0.029616499 -0.029572392 -0.029528284 -0.029484176 -0.029440068 -0.03067611 -0.035343274 -0.040010438 -0.044677603 -0.049344767 -0.053656843 -0.057250259 -0.060073518 -0.059523448 -0.058973378 -0.058423308 -0.057873237 -0.056324754 -0.053347899 -0.050371044 -0.047394189 -0.044417334 -0.041083417 -0.041217924 -0.044324853 -0.047431781 -0.050538709 -0.053645638 -0.058848157 -0.063103358 -0.066959899 -0.070816439 -0.074672979
-9999 -0.051709197 -0.045001674 -0.038294151 -0.031586628 -0.024879106 -0.018171583 -0.011505442 -0.011321424 -0.011112329 -0.010903234 -0.010694138 -0.010485043 -0.0087788257 -0.010934206 -0.014382416 -0.017830626 -0.021278837 -0.024727047 -0.027119233 -0.027075125 -0.027031017 -0.026986909 -0.026942801 -0.026898694 -0.035224229 -0.039087715 -0.043754879 -0.048422044 -0.053089208 -0.057756372 -0.0606415 -0.06009143 -0.05954136 -0.05899129 -0.05844122 -0.057891149 -0.056068084 -0.053023827 -0.050046972 -0.047070117 -0.044093262 -0.041116407 -0.043959985 -0.047066913 -0.050173842 -0.05328077 -0.056387698 -0.059494627 -0.058928694 -0.062785234 -0.066641774 -0.070498314
-9999 -0.058819478 -0.052111955 -0.045404432 -0.038696909 -0.030085098 -0.016770522 -0.0098668513 -0.010362189 -0.010406528 -0.010197432 -0.009988337 -0.0097792417 -0.0080730241 -0.0033687332 -0.0030582756 -0.0065064861 -0.0099546965 -0.013402907 -0.015795093 -0.015750985 -0.015706877 -0.015662769 -0.016705817 -0.033180121 -0.045414724 -0.046285865 -0.049083594 -0.053750759 -0.058417923 -0.063085087 -0.065970215 -0.065420145 -0.064870075 -0.064320005 -0.063828005 -0.063608617 -0.061820323 -0.057787486 -0.054469678 -0.051492823 -0.048515968 -0.045539113 -0.048942997 -0.056933912 -0.060639703 -0.063746632 -0.06685356 -0.069960488 -0.065694022 -0.061827391 -0.065683932 -0.069540472
-9999 -0.065929759 -0.059222236 -0.052514713 -0.041761082 -0.028446506 -0.015131931 -0.00822826 -0.0087235974 -0.0092189347 -0.0094916308 -0.0092825355 -0.0090734402 -0.0073672226 -0.0026629317 0.0020413593 0.0048176543 0.0013694438 -0.0020787666 -0.0044709524 -0.0044268445 -0.0043827365 -0.010422008 -0.026896312 -0.043370616 -0.055605219 -0.05647636 -0.057347501 -0.059079474 -0.063746638 -0.068413802 -0.07129893 -0.07074886 -0.07019879 -0.069799631 -0.069580244 -0.069360857 -0.067572563 -0.063539725 -0.059506888 -0.055915529 -0.052938674 -0.049961819 -0.053365703 -0.061356618 -0.069347533 -0.074212493 -0.077319421 -0.08042635 -0.076159883 -0.070619093 -0.065078304 -0.068582629
-9999 -0.073040039 -0.066332516 -0.053437067 -0.040122491 -0.026807915 -0.013493339 -0.0065896688 -0.0070850062 -0.0075803435 -0.0080756808 -0.0085710181 -0.0083676387 -0.0066614211 -0.0019571302 0.0027471608 0.0074514518 0.012155743 0.0092453737 0.006853188 0.0068972959 -0.0041381987 -0.020612503 -0.037086807 -0.053561111 -0.065795715 -0.066666856 -0.067537997 -0.068409138 -0.069280279 -0.073742517 -0.076627645 -0.076077575 -0.075771257 -0.07555187 -0.075332483 -0.075113096 -0.073324802 -0.069291964 -0.065259127 -0.061226289 -0.05736138 -0.054384525 -0.057788409 -0.065779324 -0.073770239 -0.081761154 -0.087785283 -0.090892211 -0.086625745 -0.081084955 -0.075544165 -0.070003376
-9999 -0.078427627 -0.065113051 -0.051798475 -0.0384839 -0.025169324 -0.011854748 -0.0049510776 -0.0054464149 -0.0059417523 -0.0064370896 -0.0069324269 -0.0074277642 -0.0059556196 -0.0012513286 0.0034529623 0.0081572533 0.012861544 0.017565835 0.018177328 0.0021456103 -0.014328694 -0.030802998 -0.047277302 -0.063751607 -0.07598621 -0.076857351 -0.077728492 -0.078599633 -0.079470774 -0.080341915 -0.081962271 -0.081742884 -0.081523497 -0.081304109 -0.081084722 -0.080865335 -0.079077041 -0.075044203 -0.071011366 -0.066978528 -0.062945691 -0.058912853 -0.062211115 -0.07020203 -0.078192945 -0.08618386 -0.094174775 -0.10135807 -0.097091606 -0.091550817 -0.086010027 -0.080469237
-9999 -0.074430007 -0.061115431 -0.047800855 -0.034486279 -0.021171704 -0.013476772 -0.013208885 -0.013704223 -0.01419956 -0.014694897 -0.015190235 -0.014469826 -0.012821253 -0.012157011 -0.0074527203 -0.0027484294 0.0019558616 0.0066601525 0.0049603538 -0.01151395 -0.027988255 -0.044462559 -0.060936863 -0.073646535 -0.077153753 -0.084237088 -0.085108229 -0.08597937 -0.086850511 -0.087721652 -0.088220305 -0.088000917 -0.08778153 -0.087562143 -0.087342756 -0.084671096 -0.07896568 -0.074932842 -0.070900005 -0.066867167 -0.06283433 -0.061808815 -0.064394321 -0.070744934 -0.078735849 -0.086726764 -0.094717679 -0.10270859 -0.099161829 -0.093621039 -0.08808025 -0.08253946
-9999 -0.06963453 -0.056319954 -0.043005379 -0.029690803 -0.026010863 -0.025081678 -0.024813791 -0.025309129 -0.025804466 -0.026299803 -0.02435756 -0.021083799 -0.019435227 -0.021041186 -0.022285567 -0.017581276 -0.012876985 -0.0081726939 -0.0098724926 -0.026346797 -0.042821101 -0.059295405 -0.067357576 -0.068466409 -0.071973628 -0.081909122 -0.091537329 -0.09240847 -0.093279611 -0.094150753 -0.094649405 -0.094430018 -0.09421063 -0.093991243 -0.089451112 -0.082576585 -0.076871168 -0.072838331 -0.068805493 -0.064772656 -0.065237806 -0.066959352 -0.069544858 -0.072751452 -0.077966551 -0.085957466 -0.093948381 -0.1019393 -0.098392531 -0.092851742 -0.087310952 -0.083010475
-9999 -0.064839054 -0.051524478 -0.039474141 -0.038544955 -0.037615769 -0.036686584 -0.036418697 -0.036914035 -0.037409372 -0.034245294 -0.030971533 -0.027697773 -0.0260492 -0.027655159 -0.029261118 -0.030867077 -0.027709831 -0.02300554 -0.024705339 -0.041179643 -0.057653947 -0.061068618 -0.062177451 -0.063286284 -0.066793503 -0.076728996 -0.08666449 -0.096599983 -0.099708712 -0.10057985 -0.1010785 -0.10085912 -0.10063973 -0.094231128 -0.087356601 -0.080482073 -0.074776657 -0.07074382 -0.06694525 -0.068666796 -0.070388343 -0.072109889 -0.074695394 -0.077901989 -0.081108583 -0.085188169 -0.093179084 -0.10117 -0.097623234 -0.092082444 -0.088550391 -0.086573175
-9999 -0.060043577 -0.052008232 -0.051079047 -0.050149861 -0.049220675 -0.04829149 -0.048023603 -0.047406788 -0.044133028 -0.040859268 -0.037585507 -0.034311747 -0.032663174 -0.034269133 -0.035875092 -0.037481051 -0.03908701 -0.037838387 -0.039538185 -0.053670827 -0.05477966 -0.055888493 -0.056997326 -0.058106159 -0.061613378 -0.071548871 -0.081484365 -0.091419858 -0.10135535 -0.10700895 -0.10750761 -0.10588567 -0.099011144 -0.092136616 -0.085262089 -0.078387562 -0.072682146 -0.07037424 -0.072095787 -0.073817333 -0.075538879 -0.077260426 -0.079845931 -0.083052526 -0.08625912 -0.089465715 -0.092672309 -0.1004007 -0.096853936 -0.094090307 -0.09211309 -0.090135874
-9999 -0.063598746 -0.062669561 -0.061740375 -0.06081119 -0.059882004 -0.058952818 -0.055104617 -0.051830857 -0.048557096 -0.045283336 -0.042009575 -0.038735815 -0.039006338 -0.040612297 -0.042218256 -0.043824215 -0.045430174 -0.047036133 -0.048491769 -0.049600602 -0.050709435 -0.051818268 -0.052927101 -0.054035934 -0.056504678 -0.066440172 -0.076375665 -0.086311159 -0.096246653 -0.10618215 -0.11037589 -0.10350136 -0.096626832 -0.089752305 -0.082877778 -0.076003251 -0.072872438 -0.074593985 -0.076315531 -0.078037078 -0.079758624 -0.081480171 -0.084122913 -0.087329507 -0.090536102 -0.093742696 -0.09694929 -0.10015588 -0.10003433 -0.098057112 -0.096079895 -0.094102679
-9999 -0.067143561 -0.066214376 -0.06528519 -0.064356005 -0.063426819 -0.059638134 -0.051794981 -0.039738535 -0.036464775 -0.033191014 -0.029917254 -0.026643493 -0.029277861 -0.043743598 -0.04651896 -0.048124919 -0.049730878 -0.051336837 -0.052792473 -0.053901306 -0.055010139 -0.056118972 -0.057227805 -0.060899042 -0.064147995 -0.063261172 -0.071805665 -0.081741159 -0.091676653 -0.10161215 -0.10580589 -0.098931359 -0.092056832 -0.085182305 -0.078307778 -0.072119932 -0.069516674 -0.071793645 -0.073515191 -0.075236737 -0.076958284 -0.07867983 -0.081500212 -0.085018085 -0.088224679 -0.091431274 -0.094637868 -0.097844463 -0.10331456 -0.1050717 -0.10309449 -0.10111727
-9999 -0.070688376 -0.069759191 -0.068830005 -0.0672488 -0.063184 -0.0591192 -0.051276047 -0.039072188 -0.026868329 -0.021098693 -0.017824932 -0.014551172 -0.01718554 -0.031651276 -0.046117012 -0.052425623 -0.054031582 -0.055637541 -0.057093177 -0.05820201 -0.059310843 -0.060419676 -0.065102872 -0.069894882 -0.073143835 -0.072257012 -0.071370188 -0.077171159 -0.087106653 -0.097042146 -0.10123589 -0.094361359 -0.087486832 -0.080667441 -0.074638929 -0.068610417 -0.066007159 -0.068304212 -0.070601266 -0.072436397 -0.074157943 -0.07587949 -0.078699872 -0.082310192 -0.085913257 -0.089119851 -0.092326446 -0.09553304 -0.10100314 -0.10686443 -0.11010908 -0.10813186
-9999 -0.074233191 -0.073304006 -0.070794666 -0.066729866 -0.062665066 -0.058600267 -0.050757113 -0.038553254 -0.026349395 -0.014145537 -0.0057326107 -0.0024588502 -0.0050932185 -0.019558955 -0.034024691 -0.048490427 -0.058332286 -0.059938245 -0.061393881 -0.062502714 -0.064514694 -0.069306703 -0.074098712 -0.078890722 -0.082139675 -0.081252852 -0.080366028 -0.079479204 -0.082536653 -0.092472146 -0.096665886 -0.089791359 -0.083186438 -0.077157926 -0.071129414 -0.065100902 -0.062497644 -0.064794698 -0.067091751 -0.069388805 -0.071357603 -0.07307915 -0.075899531 -0.079509852 -0.083120172 -0.086730493 -0.090015024 -0.093221618 -0.098691717 -0.10455301 -0.11041431 -0.11514645
-9999 -0.077778006 -0.074340531 -0.070275732 -0.066210932 -0.062146132 -0.058081333 -0.050238179 -0.03803432 -0.025830462 -0.013626603 -0.0014227439 0.0096334712 0.0069991029 -0.0074666332 -0.021932369 -0.036398106 -0.050863842 -0.064238949 -0.065694585 -0.068718524 -0.073510534 -0.078302543 -0.083094552 -0.087886562 -0.091135515 -0.090248691 -0.089361868 -0.088475044 -0.087588221 -0.087902146 -0.092095886 -0.085705435 -0.079676923 -0.073648411 -0.067619899 -0.061591387 -0.058988129 -0.061285183 -0.063582236 -0.06587929 -0.068176343 -0.070278809 -0.073099191 -0.076709511 -0.080319832 -0.083930153 -0.087540473 -0.090910196 -0.096380295 -0.10224159 -0.10810288 -0.11396418
