mean_models/J1_mean_vp_slide_diff2_60.dat.tif
NCOLS 118
NROWS 92
XLLCORNER 139.62
YLLCORNER -39.07
DX 0.099491525
DY 0.099347826
NODATA_VALUE -9999
[rows 0 to 23 of 92, columns 54 to 107 of 118]
-9999 -9999 -9999 -9999 -9999 -9999 -9999 -9999 -9999 -9999 -9999 -9999 -9999 -9999 -9999 -9999 -9999 -9999 -9999 -9999 -9999 -9999 -9999 -9999 -9999 -9999 -9999 -9999 -9999 -9999 -9999 -9999 -9999 -9999 -9999 -9999 -9999 -9999 -9999 -9999 -9999 -9999 -9999 -9999 -9999 -9999 -9999 -9999 -9999 -9999 -9999 -9999 -9999 -9999
-0.00034940292 0.00187914 0.0019727687 0.0020663973 0.0021600259 0.0022536546 -0.0025736429 -0.0070930956 -0.010618471 -0.014143847 -0.017669222 -0.021194598 -0.026244581 -0.027399044 -0.028553508 -0.029707971 -0.030862435 -0.028616463 -0.022019253 -0.015422044 -0.0088248347 -0.0022276253 -0.00021486424 0.0029304504 0.0035534926 0.0041765348 0.004799577 0.0054226192 0.0026478698 -0.0016967186 -0.0060413071 -0.010385895 -0.013172602 -0.014639415 -0.022232238 -0.021843658 -0.021455078 -0.021066498 -0.020787954 -0.024090292 -0.02739263 -0.030694969 -0.033997307 -0.043818974 -0.046068796 -0.066089934 -0.086111073 -0.10613221 -0.12615335 -0.13215173 -0.13930511 -0.14683204 -0.15435898 -0.16188591
-0.0051733608 -0.0014324794 0.0013977931 0.0014914218 0.0015850504 0.001678679 -0.0031486185 -0.011319893 -0.016605834 -0.020131209 -0.023656585 -0.02718196 -0.033057143 -0.038880135 -0.040034598 -0.041189062 -0.042343525 -0.040097553 -0.033500343 -0.026903134 -0.020305925 -0.019048735 -0.018252704 -0.014288624 -0.010800612 -0.01017757 -0.0095545281 -0.0089314858 -0.011706235 -0.016050824 -0.020395412 -0.021882017 -0.013551573 -0.015018386 -0.034138967 -0.043732882 -0.043344302 -0.042955722 -0.042677177 -0.045979516 -0.049281854 -0.052584192 -0.063026055 -0.076501304 -0.075280007 -0.074099646 -0.094120785 -0.11414192 -0.13416306 -0.14016144 -0.13947475 -0.14629826 -0.15382519 -0.16135212
-0.0099973187 -0.0062564373 -0.002515556 0.00091644622 0.0010100749 0.0011037035 -0.003723594 -0.011894869 -0.020066143 -0.026118571 -0.029643947 -0.033169323 -0.039044505 -0.045000429 -0.050956354 -0.052670152 -0.053824615 -0.051578643 -0.044981434 -0.038607689 -0.037847132 -0.037086574 -0.036290544 -0.032326463 -0.028362383 -0.024531675 -0.023908633 -0.023285591 -0.02606034 -0.030404929 -0.030591432 -0.022260987 -0.013930543 -0.015397356 -0.034517938 -0.05363852 -0.065233525 -0.064844945 -0.064566401 -0.067868739 -0.071171078 -0.082233136 -0.095708385 -0.10918363 -0.10796234 -0.10517581 -0.10238928 -0.12215164 -0.14217277 -0.14817115 -0.14748446 -0.14679777 -0.1532914 -0.16081833
-0.014821277 -0.011080395 -0.0073395139 -0.0035986325 0.00014224886 0.00052872794 -0.0042985696 -0.012469844 -0.020641119 -0.028812393 -0.035631309 -0.039156685 -0.045031867 -0.050987792 -0.056943716 -0.062899641 -0.065305705 -0.063059733 -0.057406086 -0.056645529 -0.055884972 -0.055124414 -0.054328383 -0.050364303 -0.046400223 -0.042436142 -0.038472062 -0.037639696 -0.040414445 -0.039300846 -0.030970402 -0.022639958 -0.014309514 -0.015776327 -0.034896908 -0.05401749 -0.073138072 -0.086734169 -0.086455625 -0.089757963 -0.10144022 -0.11491547 -0.12839072 -0.14186596 -0.14064467 -0.13785814 -0.13507161 -0.13228508 -0.15018249 -0.15618086 -0.15549417 -0.15480748 -0.15412079 -0.16028454
-0.019645234 -0.015904353 -0.012163472 -0.0084225904 -0.004681709 -0.00094082766 -0.0048735451 -0.01304482 -0.021216094 -0.029387369 -0.037558643 -0.045144047 -0.05101923 -0.056975154 -0.062931079 -0.068887003 -0.074842928 -0.076204484 -0.075443926 -0.074683369 -0.073922811 -0.073162254 -0.072366223 -0.068402143 -0.064438062 -0.060473982 -0.056509902 -0.052545822 -0.048010261 -0.039679817 -0.031349373 -0.023018929 -0.014688484 -0.016155297 -0.035275879 -0.054396461 -0.073517042 -0.092637624 -0.10834485 -0.1206473 -0.13412255 -0.1475978 -0.16107305 -0.17454829 -0.173327 -0.17054047 -0.16775394 -0.16496741 -0.16218088 -0.16419057 -0.16350388 -0.16281719 -0.1621305 -0.16144381
-0.0079435403 -0.004202659 -0.00046177763 0.0032791037 0.0070199851 0.0041471889 -0.00530799 -0.01478758 -0.022958854 -0.031130129 -0.039301404 -0.047472678 -0.053502196 -0.05945812 -0.065414045 -0.071369969 -0.077549825 -0.080840385 -0.080079828 -0.079319271 -0.078558713 -0.077791588 -0.072496418 -0.067679268 -0.063715187 -0.059751107 -0.055787027 -0.051822946 -0.044872333 -0.036541889 -0.028211444 -0.019881 -0.013783026 -0.022697375 -0.047131323 -0.066251904 -0.085372486 -0.10449307 -0.12344535 -0.1369206 -0.15039585 -0.1638711 -0.17734634 -0.1755772 -0.17260724 -0.16982071 -0.16703418 -0.16424765 -0.15755915 -0.15419784 -0.15351115 -0.15282446 -0.15213777 -0.1580631
0.0063762862 0.010117168 0.013858049 0.01759893 0.012709814 0.005825533 -0.0036296459 -0.014831859 -0.024886625 -0.0330579 -0.041229174 -0.049400449 -0.055429967 -0.061385891 -0.067341815 -0.073606022 -0.080062479 -0.08335304 -0.082592483 -0.081831925 -0.080396226 -0.075096092 -0.069800921 -0.064949114 -0.060097306 -0.056056002 -0.052091922 -0.048127841 -0.041177228 -0.032846784 -0.024516339 -0.019273738 -0.017730305 -0.026644654 -0.054402978 -0.079925547 -0.099046129 -0.11816671 -0.13711899 -0.15059424 -0.16406949 -0.17754474 -0.17425789 -0.1695656 -0.16659564 -0.16380911 -0.16102258 -0.15368597 -0.14471432 -0.14135301 -0.14066632 -0.13997963 -0.14662931 -0.15757059
0.020696113 0.024436994 0.028156719 0.021272438 0.014388158 0.0075038771 -0.0019513018 -0.013153515 -0.024355727 -0.03498567 -0.043156945 -0.051328219 -0.057357737 -0.063313662 -0.069662219 -0.076118676 -0.082575134 -0.085865694 -0.085105137 -0.083000864 -0.077700729 -0.072400595 -0.067105425 -0.062253617 -0.05740181 -0.052550002 -0.048396817 -0.044432736 -0.037482123 -0.029151679 -0.02476445 -0.023221017 -0.021677585 -0.030591934 -0.058350257 -0.08610858 -0.11271977 -0.13184035 -0.15079263 -0.16426788 -0.17763088 -0.17293858 -0.16824629 -0.163554 -0.16058404 -0.15779751 -0.14981279 -0.14084114 -0.13186949 -0.12850819 -0.12782149 -0.13519552 -0.1461368 -0.15707808
0.035015939 0.036719344 0.029835063 0.022950782 0.016066502 0.0091822212 -0.00027295764 -0.01147517 -0.022677383 -0.033879596 -0.045081809 -0.05325599 -0.059285508 -0.065718416 -0.072174874 -0.078631331 -0.085087788 -0.088378349 -0.085605502 -0.080305367 -0.075005233 -0.069705098 -0.064409928 -0.05955812 -0.054706313 -0.049854505 -0.045002698 -0.040737631 -0.033787018 -0.030255162 -0.028711729 -0.027168297 -0.025624864 -0.034539213 -0.062297536 -0.09005586 -0.11781418 -0.145514 -0.16446628 -0.17631157 -0.17161928 -0.16692698 -0.16223469 -0.1575424 -0.15457244 -0.14593961 -0.13696796 -0.12799631 -0.11902466 -0.11566336 -0.12376172 -0.134703 -0.14564429 -0.15658557
0.044999664 0.038115383 0.031231103 0.024346822 0.017462542 0.010578261 0.0011374675 -0.010064745 -0.021266958 -0.032469171 -0.043671384 -0.054873596 -0.061487707 -0.067944164 -0.074400621 -0.080857079 -0.087313536 -0.087599888 -0.082299753 -0.076999618 -0.071699484 -0.066399349 -0.061122267 -0.057735142 -0.052883335 -0.048031527 -0.04317972 -0.038327912 -0.035738988 -0.034195555 -0.032652123 -0.03110869 -0.029565257 -0.040651469 -0.068409792 -0.096168115 -0.12392644 -0.15168476 -0.17847565 -0.17378335 -0.16909106 -0.16439877 -0.15970647 -0.15451402 -0.14486518 -0.13589353 -0.12692188 -0.11795024 -0.10897859 -0.11262458 -0.12356586 -0.13450715 -0.14544843 -0.15638971
0.044545562 0.037661281 0.030777001 0.02389272 0.017008439 0.0063054241 -0.0022975757 -0.010410186 -0.021612399 -0.032814611 -0.044016824 -0.055219037 -0.061833147 -0.068289605 -0.074746062 -0.081202519 -0.082748894 -0.080294718 -0.074994583 -0.069694449 -0.064394314 -0.058899684 -0.053045496 -0.059051968 -0.056778597 -0.05192679 -0.047074982 -0.042223175 -0.039634251 -0.038090818 -0.036547385 -0.035003953 -0.030668311 -0.043573189 -0.088710692 -0.11646902 -0.14422734 -0.17198566 -0.19877655 -0.19408425 -0.18939196 -0.18469967 -0.17881739 -0.16281018 -0.15316135 -0.1441897 -0.13521805 -0.1262464 -0.11181411 -0.1143729 -0.12531418 -0.13625546 -0.14719674 -0.15849091
0.044091459 0.037207179 0.030322898 0.023106309 0.01204676 0.00098721083 -0.007615789 -0.01454946 -0.021957839 -0.033160052 -0.044362265 -0.055564478 -0.062178588 -0.068635045 -0.075091503 -0.075673821 -0.075443724 -0.072989548 -0.067689413 -0.062389279 -0.056809907 -0.050822912 -0.044968724 -0.050975197 -0.056981669 -0.055822052 -0.050970245 -0.046118437 -0.043529513 -0.041986081 -0.040442648 -0.035633955 -0.029478621 -0.042383499 -0.089633151 -0.13676992 -0.16452824 -0.19228656 -0.21907745 -0.21438515 -0.20969286 -0.20312077 -0.18711356 -0.17110635 -0.16145751 -0.15248586 -0.14351421 -0.12858699 -0.11356243 -0.11612121 -0.12706249 -0.13800377 -0.14931503 -0.16068173
0.043637357 0.036753076 0.028847645 0.017788096 0.0067285465 -0.0043310025 -0.012934002 -0.019867673 -0.026801344 -0.033735015 -0.044707706 -0.055909918 -0.062524029 -0.068828845 -0.068598748 -0.068368651 -0.068138555 -0.065684378 -0.060384244 -0.05472013 -0.048733136 -0.042746141 -0.036891953 -0.042898425 -0.048904898 -0.05491137 -0.054865508 -0.0500137 -0.047424776 -0.045881343 -0.040599599 -0.034444265 -0.028288931 -0.041193809 -0.08844346 -0.13569311 -0.18294276 -0.21258746 -0.23937835 -0.23468606 -0.22742414 -0.21141693 -0.19540972 -0.17940251 -0.16975367 -0.16038442 -0.14535986 -0.1303353 -0.11531074 -0.11786953 -0.12881081 -0.14013914 -0.15150585 -0.16287256
0.043183255 0.03458898 0.023529431 0.012469882 0.0014103332 -0.0096492158 -0.018252216 -0.025185887 -0.032119558 -0.039053229 -0.0459869 -0.056255359 -0.061753772 -0.061523675 -0.061293578 -0.061063482 -0.060833385 -0.058379208 -0.052630354 -0.046643359 -0.040656364 -0.03466937 -0.028815182 -0.034821654 -0.040828126 -0.046834599 -0.052841071 -0.053908963 -0.051320039 -0.045565243 -0.039409909 -0.033254575 -0.02709924 -0.040004118 -0.08725377 -0.13450342 -0.18175307 -0.22900273 -0.25967925 -0.25172752 -0.23572031 -0.2197131 -0.20370589 -0.18769867 -0.1771573 -0.16213274 -0.14710818 -0.13208362 -0.11705906 -0.11961784 -0.13096326 -0.14232997 -0.15369668 -0.16506339
0.0394972 0.029748817 0.018689268 0.0076297191 -0.0034298299 -0.014489379 -0.021792234 -0.028725905 -0.035659576 -0.042593247 -0.049526918 -0.056460589 -0.056363915 -0.056133818 -0.055903722 -0.055673625 -0.055443528 -0.052688046 -0.046701051 -0.040714057 -0.034727062 -0.028740067 -0.024304402 -0.031779661 -0.037786133 -0.043792606 -0.049799078 -0.05580555 -0.053493513 -0.047338179 -0.041182844 -0.03502751 -0.028872176 -0.034169017 -0.081418669 -0.12866832 -0.17591797 -0.22316762 -0.26853142 -0.25252421 -0.236517 -0.22050979 -0.20450258 -0.19118305 -0.17851747 -0.16349291 -0.14846835 -0.13344379 -0.11841923 -0.12651756 -0.13788426 -0.14925097 -0.16061768 -0.17198439
0.024121961 0.02285078 0.01495992 0.0039003709 -0.0071591782 -0.018218727 -0.024659249 -0.028134046 -0.035067717 -0.042001388 -0.048935059 -0.05586873 -0.055589102 -0.055194453 -0.054964356 -0.054734259 -0.054504163 -0.051748681 -0.045761686 -0.039774691 -0.033787697 -0.029797558 -0.027914744 -0.038403028 -0.046443134 -0.052449606 -0.058456078 -0.064462551 -0.062150513 -0.055995179 -0.049839845 -0.043684511 -0.04008054 -0.045859442 -0.067548031 -0.11203897 -0.15928863 -0.20653828 -0.25190208 -0.23589487 -0.21988766 -0.20388044 -0.19153814 -0.18722879 -0.17684517 -0.16395118 -0.14892662 -0.13390206 -0.1188775 -0.13285059 -0.15579646 -0.16716317 -0.17852988 -0.18989659
0.0087467228 0.0074755409 0.006204359 0.00017102257 -0.010888526 -0.021948075 -0.028388597 -0.031690294 -0.034991992 -0.041409528 -0.048343199 -0.05527687 -0.054997242 -0.054469756 -0.054024991 -0.053794894 -0.053564797 -0.050809315 -0.044822321 -0.038835326 -0.035429237 -0.033407901 -0.031525087 -0.042013371 -0.052501655 -0.061106607 -0.067113079 -0.073119551 -0.070807514 -0.064652179 -0.058496845 -0.055284186 -0.052233738 -0.05801264 -0.07970123 -0.10138982 -0.14265928 -0.18990893 -0.23527273 -0.21926552 -0.20325831 -0.19189323 -0.18758389 -0.18327454 -0.17289092 -0.16186037 -0.14938489 -0.13436033 -0.11933577 -0.13330886 -0.161106 -0.18507537 -0.19644208 -0.20780879
-0.0066285159 -0.0078996978 -0.0091708797 -0.010442062 -0.014617875 -0.025677424 -0.032117945 -0.035419643 -0.03872134 -0.042023037 -0.04775134 -0.054685011 -0.054405383 -0.053877897 -0.053350411 -0.052855529 -0.052625432 -0.04986995 -0.043882955 -0.041060915 -0.039039579 -0.037018243 -0.035135429 -0.045623713 -0.056111997 -0.066600281 -0.075770079 -0.081776552 -0.079464514 -0.07353828 -0.070487832 -0.067437384 -0.064386937 -0.070165839 -0.091854428 -0.11354302 -0.13523161 -0.17327959 -0.21864338 -0.20263617 -0.19224833 -0.18793898 -0.18362963 -0.17932028 -0.16893666 -0.15790611 -0.14687557 -0.13481859 -0.11979403 -0.13376713 -0.16156427 -0.1893614 -0.21435428 -0.22572099
-0.022003755 -0.023274936 -0.024546118 -0.0258173 -0.027088482 -0.029406772 -0.035847294 -0.039148991 -0.042450688 -0.045752386 -0.049054083 -0.054093152 -0.053813524 -0.053286038 -0.052758552 -0.052231066 -0.05170358 -0.048930584 -0.046692594 -0.044671258 -0.042649921 -0.040628585 -0.038745771 -0.049234055 -0.059722339 -0.070210623 -0.080698907 -0.090433552 -0.088741926 -0.085691478 -0.082641031 -0.079590583 -0.076540135 -0.082319037 -0.10400763 -0.12569622 -0.14738481 -0.16907339 -0.20201404 -0.19260342 -0.18829407 -0.18398472 -0.17967538 -0.17536603 -0.16498241 -0.15395186 -0.14292131 -0.13189076 -0.1202523 -0.1342254 -0.16202254 -0.18981967 -0.21761681 -0.24363319
-0.031317609 -0.032588791 -0.033859973 -0.035131155 -0.036402336 -0.039871802 -0.036620566 -0.038673228 -0.041974926 -0.045276623 -0.04857832 -0.051880018 -0.051479736 -0.05095225 -0.050424764 -0.049897278 -0.04945533 -0.04873089 -0.046709554 -0.044688218 -0.042666882 -0.040645546 -0.039067841 -0.055330112 -0.065818396 -0.07630668 -0.086794964 -0.097283248 -0.098511224 -0.095460776 -0.092410329 -0.089359881 -0.086309433 -0.083411454 -0.10444555 -0.12613414 -0.14782273 -0.16951132 -0.19042485 -0.1861155 -0.18180615 -0.1774968 -0.17318745 -0.16956711 -0.15931068 -0.14828014 -0.13724959 -0.12621904 -0.12107225 -0.14252337 -0.1703205 -0.19811764 -0.22591478 -0.25232305
-0.036059248 -0.03733043 -0.038601612 -0.039872794 -0.044867017 -0.054173028 -0.050921791 -0.039137376 -0.038327169 -0.041628867 -0.044930564 -0.048232261 -0.04783198 -0.047304494 -0.046777008 -0.046472668 -0.046761736 -0.046037296 -0.04401596 -0.041994624 -0.039973287 -0.038205035 -0.036731687 -0.056373567 -0.073789474 -0.084277758 -0.094766042 -0.10525433 -0.1064823 -0.10343185 -0.10038141 -0.095803346 -0.080511687 -0.077598549 -0.096990386 -0.11773502 -0.13942361 -0.1611122 -0.18202573 -0.17771638 -0.17340703 -0.16909768 -0.16558773 -0.16259987 -0.15234344 -0.14131289 -0.13028234 -0.12714429 -0.13528385 -0.15673497 -0.1845321 -0.21232924 -0.23840107 -0.26079721
-0.040800887 -0.042072069 -0.043343251 -0.049862231 -0.059168242 -0.068474253 -0.065223017 -0.053438601 -0.041654185 -0.03798111 -0.041282808 -0.044584505 -0.044184224 -0.043656738 -0.043490005 -0.043779073 -0.044068141 -0.043343702 -0.041322365 -0.039301029 -0.037578662 -0.035868882 -0.034395534 -0.054037414 -0.073679293 -0.092248835 -0.10273712 -0.1132254 -0.11445338 -0.11140293 -0.1052821 -0.089990442 -0.074698782 -0.071785644 -0.091177481 -0.11056932 -0.1310245 -0.15271308 -0.17362661 -0.16931726 -0.16500791 -0.16160836 -0.15862049 -0.15563262 -0.1453762 -0.13434565 -0.13321634 -0.14135589 -0.14949545 -0.17094657 -0.19874371 -0.22447909 -0.24687523 -0.26927137
-0.045542527 -0.046813708 -0.054857446 -0.064163456 -0.073469467 -0.082775478 -0.079524242 -0.067739826 -0.05595541 -0.044170994 -0.037635051 -0.040936749 -0.040536467 -0.040507343 -0.040796411 -0.041085479 -0.041374547 -0.040650107 -0.038662069 -0.036952289 -0.035242508 -0.033532728 -0.03205938 -0.05170126 -0.07134314 -0.090985019 -0.1106269 -0.12119648 -0.12242446 -0.11476086 -0.099469197 -0.084177537 -0.068885877 -0.06597274 -0.085364577 -0.10475641 -0.12414825 -0.14431397 -0.16522749 -0.16091814 -0.15762898 -0.15464112 -0.15165325 -0.14866538 -0.13840896 -0.13928839 -0.14742794 -0.1555675 -0.16370705 -0.18515817 -0.21055711 -0.23295325 -0.25534939 -0.27774553
