mean_models/J1_mean_vp_slide_diff_80.dat.tif
NCOLS 118
NROWS 92
XLLCORNER 139.62
YLLCORNER -39.07
DX 0.099491525
DY 0.099347826
NODATA_VALUE -9999
[rows 54 to 80 of 92, columns 0 to 59 of 118]
-9999 7.9883991 7.9864085 7.9844178 7.9824272 7.9768888 7.9710536 7.965485 7.9602241 7.9549633 7.9497025 7.9524794 7.9573723 7.957513 7.9481374 7.9387619 7.9442157 7.9510508 7.9578859 7.9664733 7.9791034 7.9917335 8.0043636 8.0093699 8.0109505 8.0153505 8.0273074 8.0392642 8.0416396 8.0428761 8.0441127 8.0406033 8.0279451 8.0152869 8.0026287 7.9949693 7.9886438 7.9838366 7.9812015 7.9785663 7.9759312 7.9764968 7.977343 7.9766612 7.974881 7.9729796 7.9707732 7.9685667 7.9663603 7.9669804 7.968089 7.9691976 7.9716763 7.9756328 7.9792232 7.9815453 7.9838673 7.9861894 7.9753786 7.9622944
-9999 7.987564 7.9855733 7.9826332 7.976798 7.9709627 7.9651275 7.9595589 7.954298 7.9502128 7.9551056 7.9599985 7.9648914 7.9650321 7.9556566 7.946281 7.9369054 7.9374561 7.9442912 7.9528786 7.9655087 7.9781389 7.979803 7.9813836 7.9829642 7.9873642 7.9993211 8.011278 8.0232348 8.0286199 8.0298565 8.0263471 8.0136889 8.0014747 7.9951493 7.9888238 7.9824983 7.9776911 7.9750559 7.9730421 7.9738883 7.9747345 7.9755807 7.9748989 7.9731187 7.9713385 7.9695382 7.9673318 7.9651253 7.9657454 7.9668541 7.9699468 7.9739034 7.9778599 7.9814503 7.9837724 7.9850458 7.9719616 7.9588774 7.9457932
-9999 7.9867288 7.9825424 7.9767071 7.9708719 7.9650366 7.9592014 7.9536328 7.952839 7.9577319 7.9626248 7.9675176 7.9724105 7.9725513 7.9631757 7.9538001 7.9444245 7.9350489 7.9306965 7.9392839 7.9486556 7.9502362 7.9518167 7.9533973 7.9549779 7.959378 7.9713348 7.9832917 7.9952485 8.0072054 8.0156003 8.0120909 8.0016547 7.9953292 7.9890037 7.9826783 7.9763528 7.9715456 7.9704335 7.9712797 7.9721259 7.9729721 7.9738183 7.9731365 7.9713563 7.9695761 7.9677959 7.9660157 7.9638904 7.9645105 7.9682174 7.9721739 7.9761305 7.9800871 7.9836775 7.9816288 7.9685446 7.9554604 7.9423762 7.929292
-9999 7.9810418 7.9752066 7.9693713 7.9635361 7.9577008 7.9518655 7.9503689 7.9552618 7.9601547 7.9650475 7.9699404 7.9748333 7.9787069 7.9693313 7.9599557 7.9505802 7.9412046 7.931829 7.9257664 7.927347 7.9289276 7.9305082 7.9320888 7.9336693 7.9333065 7.9451432 7.9571001 7.9690569 7.9810138 7.9929707 7.9986829 7.9923574 7.9860319 7.9797065 7.973381 7.9670555 7.9680077 7.9688539 7.9697001 7.9705463 7.9713925 7.9722387 7.9706093 7.9688291 7.9670489 7.9652687 7.9634885 7.9617083 7.9621475 7.966104 7.9700606 7.9740172 7.9779737 7.9805931 7.9681445 7.9550603 7.9419761 7.9288919 7.9158077
-9999 7.9688912 7.9630559 7.9572206 7.9513854 7.945925 7.943104 7.9414931 7.9412788 7.945171 7.9500639 7.9549568 7.9598496 7.9641134 7.9671176 7.9614546 7.952079 7.9427034 7.9333278 7.9272652 7.9288458 7.9304264 7.932007 7.9335876 7.9248296 7.9195899 7.9267002 7.9370382 7.9489951 7.9609519 7.9729088 7.978621 7.9722955 7.9659701 7.9596446 7.953433 7.9537521 7.9576148 7.9665472 7.9687446 7.9695908 7.970437 7.9712832 7.9686769 7.9636895 7.9619093 7.9601291 7.9583489 7.9565687 7.9515845 7.9491661 7.9531227 7.9570793 7.9610358 7.9636552 7.9616426 7.9518805 7.9387963 7.9257121 7.9126279
-9999 7.9567405 7.9509052 7.94507 7.9406755 7.9378545 7.9350335 7.9334226 7.9332082 7.9329939 7.9350802 7.9399731 7.944866 7.9491298 7.9521339 7.9551381 7.9535778 7.9442022 7.9348267 7.9287641 7.9303446 7.9319252 7.930808 7.9209605 7.911113 7.9058733 7.9129835 7.9200938 7.9289332 7.9408901 7.9528469 7.9585592 7.9522337 7.9459082 7.9417512 7.9420703 7.9423893 7.9462521 7.9551845 7.964117 7.9686353 7.9694815 7.9703277 7.9677214 7.9626332 7.957545 7.9549895 7.9532093 7.9514291 7.9464449 7.940907 7.9361848 7.9401413 7.9440979 7.9467173 7.9447047 7.9426921 7.9356165 7.9225323 7.9094481
-9999 7.9445898 7.9387545 7.9354259 7.9326049 7.9297839 7.9269629 7.925352 7.9251377 7.9249234 7.924709 7.9249895 7.9298823 7.9341462 7.9371503 7.9401545 7.9431586 7.9457011 7.9363255 7.9302629 7.9318435 7.9269389 7.9170914 7.9072439 7.8973964 7.8921566 7.8992669 7.9063772 7.9134875 7.9208282 7.9327851 7.9384973 7.9321718 7.9300694 7.9303885 7.9307075 7.9310266 7.9348893 7.9438218 7.9527542 7.9616867 7.968526 7.9693722 7.9667659 7.9616777 7.9565895 7.9515013 7.9480697 7.9462895 7.9413053 7.9357674 7.9302294 7.9246915 7.92716 7.9297793 7.9277668 7.9257542 7.9237416 7.9193525 7.9062683
-9999 7.9329973 7.9301763 7.9273553 7.9245343 7.9217133 7.9188923 7.9172814 7.9170671 7.9168528 7.9166385 7.9164241 7.9162098 7.9191625 7.9221667 7.9251708 7.928175 7.9311791 7.9341833 7.9317617 7.9230698 7.9132223 7.9033748 7.8935272 7.8836797 7.87844 7.8855503 7.8926606 7.8997708 7.9068811 7.9139914 7.9184354 7.9183877 7.9187067 7.9190258 7.9193448 7.9196638 7.9235266 7.932459 7.9413915 7.9503239 7.9592564 7.9681888 7.9658104 7.9607222 7.955634 7.9505458 7.9454576 7.94115 7.9361657 7.9306278 7.9250899 7.9195519 7.914014 7.9128414 7.9108288 7.9088163 7.9068037 7.9047911 7.9027786
-9999 7.9306045 7.9277835 7.9249625 7.9221415 7.9193205 7.9176904 7.9208221 7.9238871 7.9236728 7.9234585 7.9232441 7.9230298 7.921396 7.9199503 7.9229544 7.9259586 7.9289627 7.9319669 7.9310849 7.9212373 7.9113898 7.9015423 7.8916948 7.8838333 7.882843 7.8828893 7.8899996 7.8971098 7.9042201 7.9113304 7.916121 7.9164401 7.9167591 7.9170781 7.9173972 7.9189513 7.917331 7.917143 7.9260755 7.9350079 7.9439404 7.9528728 7.9569644 7.9535846 7.9484964 7.9434081 7.9383199 7.9332317 7.942515 7.937209 7.9316711 7.9261331 7.9205952 7.9139929 7.9066668 7.9046542 7.9026416 7.9006291 7.8986165
-9999 7.9306806 7.9278596 7.9250386 7.9222177 7.9216207 7.9217215 7.9248532 7.9314829 7.9369679 7.9367536 7.9365393 7.936325 7.9346912 7.9302147 7.9262898 7.929294 7.9322981 7.9353023 7.9344203 7.9245728 7.9147253 7.9048778 7.9003132 7.900414 7.8994237 7.895509 7.8921462 7.8992564 7.9063667 7.913477 7.9182676 7.9185866 7.9189057 7.9192247 7.9219581 7.9260909 7.9244706 7.9146198 7.9090404 7.9179729 7.9269053 7.9358378 7.9399293 7.9405407 7.9386704 7.9335822 7.928494 7.9234058 7.932689 7.944456 7.9433491 7.9378111 7.9322732 7.9256709 7.9153821 7.9060477 7.9040351 7.9020226 7.90001
-9999 7.9307568 7.9279358 7.9254502 7.925551 7.9256518 7.9257526 7.9288843 7.935514 7.9421437 7.9487735 7.9498345 7.9496202 7.9479863 7.9435099 7.9390334 7.934557 7.9356336 7.9386377 7.9377557 7.9279082 7.9180607 7.9167931 7.9168939 7.9169947 7.9160044 7.9120897 7.9081749 7.9042602 7.9085133 7.9156235 7.9204142 7.9207332 7.9210522 7.9249649 7.9290977 7.9332305 7.9316102 7.9217593 7.9119085 7.9020576 7.9098703 7.9188027 7.9228942 7.9235057 7.9241171 7.9237563 7.9186681 7.9135799 7.9228631 7.9346301 7.9463971 7.9494891 7.9439512 7.9373489 7.9270601 7.9167712 7.9064824 7.9034161 7.9014035
-9999 7.930833 7.9293805 7.9294813 7.9295821 7.9296829 7.9297837 7.9329154 7.9395451 7.9461748 7.9528046 7.9594343 7.9629153 7.9612815 7.9568051 7.9523286 7.9478521 7.9433757 7.9419732 7.9410912 7.9331721 7.933273 7.9333738 7.9334746 7.9335754 7.9325851 7.9286704 7.9247556 7.9208409 7.9169262 7.9177701 7.9225607 7.923839 7.9279717 7.9321045 7.9362373 7.9403701 7.9387498 7.9288989 7.9190481 7.9091972 7.8993463 7.9017677 7.9058592 7.9064706 7.907082 7.9076935 7.9083049 7.9037539 7.9130371 7.9248041 7.9365712 7.9483382 7.9556292 7.9490269 7.9387381 7.9284492 7.9181604 7.9078716 7.902797
-9999 7.9323007 7.9324015 7.9325023 7.9326031 7.9327039 7.9328047 7.9348077 7.9414374 7.9480672 7.9546969 7.9613266 7.9679563 7.972715 7.9682386 7.9637621 7.9592857 7.9548092 7.9503328 7.9472404 7.9473412 7.947442 7.9475429 7.9476437 7.9477445 7.9481703 7.9442556 7.9403408 7.9364261 7.9325113 7.9285966 7.9274306 7.9315634 7.9356962 7.939829 7.9439617 7.9480945 7.9445427 7.9346918 7.924841 7.9149901 7.9051392 7.8952884 7.8915966 7.8922081 7.8928195 7.8934309 7.8940424 7.8946538 7.9047769 7.9165439 7.9283109 7.940078 7.951845 7.9550014 7.9447125 7.9344237 7.9241348 7.913846 7.9035571
-9999 7.9302979 7.9303987 7.9304995 7.9306003 7.9304799 7.9255994 7.9260622 7.932692 7.9393217 7.9459514 7.9525811 7.9608299 7.9670744 7.9689969 7.9659361 7.9614596 7.9569832 7.9525067 7.9494143 7.9495152 7.949616 7.9497168 7.9498176 7.9493387 7.9497869 7.9530475 7.9509743 7.9470596 7.9431449 7.9392301 7.9380642 7.9421969 7.9463297 7.9504625 7.9545953 7.9504453 7.9436375 7.9337867 7.9239358 7.9140849 7.9044957 7.8977505 7.8936458 7.8917356 7.892347 7.8929585 7.8935699 7.8941814 7.9043045 7.9160715 7.9278385 7.9396055 7.9394703 7.932607 7.9223182 7.9120294 7.9017405 7.8920836 7.8955148
-9999 7.928295 7.9283958 7.9284966 7.9266149 7.9217344 7.9168539 7.9173168 7.9239465 7.9305762 7.937679 7.9460816 7.9544843 7.9607287 7.9626512 7.9645737 7.9636336 7.9591571 7.9546807 7.9515883 7.9516891 7.9517899 7.9517803 7.9511792 7.9505781 7.9510263 7.9542869 7.9575475 7.9576931 7.9537784 7.9498637 7.9486977 7.9528305 7.9569632 7.9589014 7.9542208 7.9495401 7.9427324 7.9328815 7.9230306 7.9143328 7.9075876 7.9008425 7.8967377 7.8945311 7.8923244 7.892486 7.8930975 7.8937089 7.903832 7.915599 7.927366 7.9229502 7.9170759 7.9102127 7.8999239 7.889635 7.8833073 7.8867385 7.8901697
-9999 7.9262922 7.926393 7.9227498 7.9178694 7.9129889 7.9081084 7.9085713 7.915201 7.9229307 7.9313333 7.939736 7.9481386 7.954383 7.9563055 7.958228 7.9601505 7.9613311 7.9568546 7.9537623 7.9538631 7.9536208 7.9530197 7.9524186 7.9518175 7.9522657 7.9555263 7.958787 7.9620476 7.9644119 7.9604972 7.9593312 7.963464 7.9626769 7.9579962 7.9533156 7.9486349 7.9418272 7.9319763 7.9241699 7.9174247 7.9106796 7.9039344 7.8998296 7.897623 7.8954164 7.8932098 7.892625 7.8932364 7.9033596 7.9123044 7.9064301 7.9005559 7.8946816 7.8878184 7.8775295 7.8745309 7.8779621 7.8813934 7.8848246
-9999 7.9237653 7.9188848 7.9140044 7.9091239 7.9042434 7.899363 7.8998258 7.9081824 7.916585 7.9249877 7.9333903 7.9417929 7.9480373 7.9499598 7.9518824 7.9538049 7.9557274 7.9576499 7.9559362 7.9554613 7.9548602 7.9542591 7.953658 7.9530569 7.9535051 7.9567658 7.9600264 7.963287 7.9665476 7.9698082 7.9699647 7.9664524 7.9617717 7.9570911 7.9524104 7.9477298 7.940922 7.934007 7.9272618 7.9205167 7.9137715 7.9070263 7.9029215 7.9007149 7.8985083 7.8963017 7.8940951 7.892764 7.8957843 7.8899101 7.8840358 7.8781616 7.8722873 7.8654241 7.8657546 7.8691858 7.872617 7.8760482 7.8794794
-9999 7.9167908 7.9119103 7.9070299 7.9021494 7.8972689 7.8926118 7.8877476 7.890291 7.8986936 7.9070962 7.9154989 7.9239015 7.9312607 7.9349756 7.9368982 7.9388207 7.9407432 7.9426657 7.9438251 7.943224 7.9426229 7.9420218 7.9414207 7.9414686 7.9437411 7.9436902 7.9469509 7.9502115 7.9534721 7.9567327 7.9572809 7.9526002 7.9479196 7.9432389 7.9385583 7.9346937 7.9281747 7.9185172 7.911772 7.9050268 7.8982816 7.8915364 7.8904771 7.8895444 7.8873378 7.8851312 7.8829245 7.8807179 7.8754374 7.8695631 7.8636889 7.8578146 7.8519404 7.8501639 7.858867 7.8622982 7.8657294 7.8691606 7.8725918
-9999 7.9108218 7.9059413 7.9010609 7.8961804 7.8917706 7.8875334 7.8826691 7.8770811 7.874247 7.8826497 7.8910523 7.8994549 7.9068141 7.9120839 7.9170094 7.9189319 7.9208544 7.9227769 7.9239363 7.9233352 7.9227341 7.922133 7.9238542 7.9278796 7.9301521 7.9277264 7.925748 7.9290086 7.9322693 7.9355299 7.936078 7.9313974 7.9267167 7.9220361 7.9192135 7.9176068 7.9110877 7.8975409 7.8857322 7.8789871 7.8722419 7.8654967 7.8644374 7.8674656 7.8680697 7.8658631 7.8636565 7.8614499 7.8561721 7.8503636 7.8445044 7.8386301 7.8327558 7.8309794 7.8433974 7.8545348 7.857966 7.8613973 7.8648285
-9999 7.9048528 7.8999723 7.8951665 7.8909293 7.8866921 7.8824549 7.8775906 7.8720026 7.8664146 7.8608266 7.8666057 7.8750084 7.8823676 7.8876373 7.892907 7.8981768 7.9009657 7.9028882 7.9040476 7.9034465 7.9028454 7.9062398 7.9102652 7.9142906 7.9165631 7.9141374 7.9117116 7.9092859 7.9110664 7.914327 7.9148752 7.9101945 7.9055139 7.9037333 7.9021266 7.9005198 7.8940008 7.880454 7.8669072 7.8533604 7.8462021 7.8394569 7.8383976 7.8414259 7.8444541 7.846595 7.8443884 7.8421818 7.8369041 7.8310955 7.825287 7.8194456 7.8135713 7.8117949 7.8242129 7.8366308 7.8490488 7.8536339 7.8570651
-9999 7.8988838 7.8943252 7.890088 7.8858508 7.8816136 7.8773764 7.8725121 7.8669241 7.8613361 7.8557481 7.8501601 7.8505618 7.857921 7.8631907 7.8684605 7.8737302 7.8789999 7.8829994 7.8841588 7.8845999 7.8886253 7.8926508 7.8966762 7.9007016 7.9029741 7.9005484 7.8981227 7.8956969 7.8932712 7.8931242 7.8936723 7.8898597 7.888253 7.8866463 7.8850396 7.8834329 7.8769139 7.8633671 7.8498203 7.8362735 7.8227267 7.8134172 7.8123579 7.8153861 7.8184143 7.8214425 7.8244707 7.8229137 7.817636 7.8118275 7.8060189 7.8002104 7.7943868 7.7926104 7.8050283 7.8174463 7.8298643 7.8422822 7.8493018
-9999 7.8943371 7.8900999 7.8858627 7.8816255 7.8773883 7.8731511 7.8705446 7.8649566 7.8593686 7.8537806 7.8481926 7.8426046 7.8382727 7.8435424 7.8488121 7.8540819 7.8593516 7.8646213 7.8695148 7.8735402 7.8775657 7.8815911 7.8856165 7.8896419 7.8894798 7.8870634 7.8846376 7.8822119 7.8797862 7.8773604 7.8752144 7.8736077 7.872001 7.8703943 7.8687876 7.8671809 7.8632063 7.8496595 7.8361127 7.8225659 7.8090191 7.7954723 7.7935686 7.7965968 7.799625 7.8026532 7.8056814 7.8087097 7.8071052 7.8012967 7.7954882 7.7896797 7.7838711 7.7781889 7.7898728 7.8022908 7.8147087 7.8271267 7.8395447
-9999 7.8933414 7.8891042 7.884867 7.8806298 7.8767075 7.8747542 7.8736764 7.873609 7.8691772 7.8635892 7.8580012 7.8524132 7.847679 7.8446544 7.8473267 7.8525964 7.8578661 7.8631359 7.8680293 7.8720548 7.8760802 7.8801056 7.884131 7.8792889 7.8748402 7.8735706 7.8715461 7.8691203 7.8666946 7.8642689 7.8621229 7.8605162 7.8589095 7.8573028 7.8559217 7.8617883 7.860346 7.8484472 7.8351969 7.8216501 7.8081033 7.7945565 7.7949574 7.8052529 7.8082812 7.8113094 7.8143376 7.8173658 7.8221761 7.8238396 7.8180311 7.8122226 7.8064141 7.8007318 7.795487 7.8023863 7.8148042 7.8272222 7.8396402
-9999 7.8923456 7.8881084 7.8838712 7.8808268 7.8788735 7.8769202 7.8758424 7.875775 7.8757077 7.8733978 7.8678098 7.8622218 7.8574875 7.854463 7.8514384 7.8511109 7.8563806 7.8616504 7.8665439 7.8705693 7.8745947 7.8759191 7.8702842 7.8646493 7.8602006 7.858931 7.8576614 7.8560288 7.853603 7.8511773 7.8490313 7.8474246 7.8458179 7.8469701 7.8528367 7.8587034 7.857261 7.8453622 7.8334633 7.8207343 7.8071875 7.7936407 7.7940416 7.8044693 7.8148971 7.8199655 7.8229937 7.8260219 7.8308322 7.8359505 7.840574 7.8347655 7.828957 7.8232747 7.8180299 7.8127851 7.8148997 7.8273177 7.8397357
-9999 7.8913499 7.8871127 7.8849461 7.8829928 7.8810395 7.8790862 7.8780084 7.877941 7.8778737 7.8778063 7.8776183 7.8720303 7.8672961 7.8642715 7.861247 7.8582225 7.8551979 7.8601649 7.8650584 7.8690838 7.8669144 7.8612795 7.8556446 7.8500098 7.845561 7.8442914 7.8430218 7.8417522 7.8404826 7.8380857 7.8359398 7.8343331 7.8380185 7.8438851 7.8497518 7.8556184 7.8541761 7.8422772 7.8303784 7.8184795 7.8062717 7.7927249 7.7931258 7.8035535 7.8139813 7.8244091 7.8316498 7.834678 7.8394884 7.8446067 7.849725 7.8548433 7.8514999 7.8458177 7.8405729 7.8353281 7.8300833 7.8274132 7.8398312
-9999 7.8910187 7.8890654 7.8871121 7.8851588 7.8832055 7.8812522 7.8801744 7.880107 7.8800397 7.8799723 7.879905 7.8798376 7.8771047 7.8740801 7.8710556 7.868031 7.8650065 7.8619819 7.8635445 7.8579097 7.8522748 7.8466399 7.8410051 7.8353702 7.8309214 7.8296518 7.8283822 7.8271126 7.825843 7.8245734 7.8232003 7.8290669 7.8349335 7.8408002 7.8466668 7.8525334 7.8510911 7.8391922 7.8272934 7.8153945 7.8034957 7.7915969 7.79221 7.8026377 7.8130655 7.8234933 7.833921 7.8433342 7.8481445 7.8532628 7.8583811 7.8634994 7.8686177 7.8683606 7.8631158 7.857871 7.8526262 7.8473814 7.8421366
-9999 7.8876941 7.8857408 7.8837875 7.8818342 7.8798809 7.8813214 7.8831717 7.882737 7.8826696 7.8826022 7.8825349 7.8824675 7.882019 7.8803609 7.8773363 7.8743118 7.8712872 7.8682627 7.8644488 7.858814 7.8531791 7.8475442 7.8419093 7.8368644 7.834154 7.8344699 7.8332003 7.8319307 7.830661 7.8293914 7.8305593 7.8364259 7.8422926 7.8481592 7.8540258 7.8579378 7.8579121 7.8519373 7.8400385 7.8281397 7.8162408 7.804342 7.8011374 7.8082373 7.8186651 7.8290928 7.8395206 7.8499483 7.8498309 7.8538071 7.8589254 7.8640437 7.869162 7.8724287 7.8688419 7.8635971 7.8583523 7.8531075 7.8478627
