mean_models/J1_mean_vp_slide_diff_200.dat.tif
NCOLS 118
NROWS 92
XLLCORNER 139.62
YLLCORNER -39.07
DX 0.099491525
DY 0.099347826
NODATA_VALUE -9999
[rows 27 to 53 of 92, columns 0 to 59 of 118]
-9999 8.2819683 8.2882956 8.2955317 8.3081797 8.3208277 8.3334757 8.3409948 8.3425944 8.3441941 8.3457938 8.3440458 8.3413791 8.3377193 8.3320709 8.3264224 8.320774 8.3177429 8.3157612 8.3116623 8.302679 8.2936958 8.2874092 8.2814526 8.2754961 8.2685807 8.2590954 8.2496102 8.2401249 8.2344862 8.2303973 8.2274627 8.2267535 8.2260442 8.2190584 8.2118807 8.204703 8.2006562 8.2010886 8.2015211 8.2019535 8.2026262 8.2033217 8.2053308 8.2082841 8.2112375 8.2142872 8.2179124 8.2215375 8.2312302 8.2419716 8.2527129 8.2575305 8.2557924 8.2528439 8.2457027 8.2385615 8.2314204 8.2285123 8.2263745
-9999 8.272159 8.2812661 8.293914 8.306562 8.31921 8.331858 8.3393771 8.3409768 8.3425765 8.3441762 8.3457758 8.3452907 8.3416309 8.3359824 8.330334 8.3246855 8.319037 8.3149985 8.3108996 8.3024179 8.2964614 8.2905048 8.2845483 8.2785917 8.2716763 8.2621911 8.2527058 8.2432206 8.2337353 8.2267286 8.2237941 8.2216369 8.2144592 8.2072815 8.2001038 8.192926 8.1888792 8.1893117 8.1897441 8.1901766 8.190609 8.1912205 8.1932296 8.1961829 8.1991363 8.2020896 8.2050429 8.2086227 8.2183154 8.2290568 8.2397981 8.2505395 8.2577252 8.2547767 8.2476356 8.2404944 8.2333532 8.226212 8.2223545
-9999 8.2667179 8.2793659 8.2920139 8.3046618 8.3173098 8.3299578 8.3366446 8.3382443 8.339844 8.3414437 8.3430434 8.3446431 8.3437049 8.3380564 8.332408 8.3267595 8.321111 8.3154626 8.3097209 8.3037644 8.2978078 8.2918513 8.2858947 8.2799382 8.27418 8.2646948 8.2552095 8.2457243 8.236239 8.2267538 8.2180567 8.210879 8.2037012 8.1965235 8.1893458 8.1821681 8.1799835 8.1804159 8.1808483 8.1812808 8.1817132 8.1821457 8.1831699 8.1861232 8.1890765 8.1920299 8.1949832 8.1979365 8.2060335 8.2167749 8.2275162 8.2382576 8.2489989 8.256518 8.2493768 8.2422357 8.2350945 8.2279533 8.2208121
-9999 8.262492 8.27514 8.287788 8.300436 8.3130839 8.3168368 8.3208969 8.3263349 8.3279345 8.3295342 8.3311339 8.3327336 8.3316204 8.3250746 8.3193545 8.313706 8.3080576 8.3024091 8.2966675 8.2907109 8.2847544 8.2787978 8.2728413 8.2697734 8.2670813 8.2618279 8.2528402 8.2433549 8.2338697 8.2243844 8.2156873 8.2085096 8.2013319 8.1941542 8.1869765 8.1769578 8.1780475 8.1952388 8.1956713 8.1961037 8.1965361 8.1969686 8.1949875 8.1928693 8.1958227 8.198776 8.2017293 8.2046826 8.2043738 8.209703 8.2204444 8.2311857 8.2419271 8.2500248 8.2489656 8.2423999 8.2352587 8.2281175 8.2209764
-9999 8.2582661 8.2709141 8.2835621 8.2942683 8.2970394 8.2998105 8.3038706 8.3094185 8.3149664 8.3176248 8.3192245 8.3208241 8.319711 8.3131651 8.3066192 8.3006526 8.2950041 8.2893556 8.283614 8.2776575 8.2717009 8.2657443 8.263836 8.2620993 8.2594072 8.2541538 8.2489005 8.2409856 8.2315003 8.2220151 8.213318 8.2061403 8.1989626 8.1915925 8.1808667 8.1701408 8.1712305 8.1892241 8.2072176 8.2109266 8.2113591 8.2117915 8.2098104 8.2060943 8.2025688 8.2055221 8.2084755 8.2114288 8.2111199 8.2102472 8.2133725 8.2241138 8.2348552 8.242953 8.2418937 8.2408345 8.235423 8.2282818 8.2211406
-9999 8.2540403 8.2666882 8.2744709 8.277242 8.2800131 8.2827842 8.2868443 8.2923922 8.2979401 8.3034879 8.307315 8.3089147 8.3078015 8.3012556 8.2947097 8.2881638 8.2819507 8.2763022 8.2705606 8.264604 8.2596351 8.2578985 8.2561619 8.2544253 8.2517331 8.2464797 8.2412264 8.2359731 8.229131 8.2196457 8.2109487 8.2037709 8.1955014 8.1847756 8.1740497 8.1633239 8.1644136 8.1824071 8.2004007 8.2183942 8.226182 8.2266144 8.2246333 8.2209173 8.2172012 8.2134851 8.2152216 8.2181749 8.217866 8.2169934 8.2161207 8.217042 8.2277833 8.2358811 8.2348219 8.2337626 8.2327034 8.228446 8.2213048
-9999 8.2498144 8.2546735 8.2574446 8.2602157 8.2629868 8.2657579 8.269818 8.2753659 8.2809137 8.2864616 8.2920095 8.2970052 8.295892 8.2893461 8.2828002 8.2762544 8.2697085 8.2632487 8.2575071 8.2536977 8.251961 8.2502244 8.2484878 8.2467512 8.244059 8.2388057 8.2335523 8.228299 8.2230457 8.2172764 8.2085793 8.1994103 8.1886845 8.1779586 8.1672328 8.1565069 8.1575966 8.1755902 8.1935837 8.2115773 8.2295708 8.2414373 8.2394563 8.2357402 8.2320241 8.228308 8.2245919 8.2249211 8.2246122 8.2237395 8.2228668 8.2219941 8.2211215 8.2288092 8.22775 8.2266908 8.2256315 8.2245723 8.2214691
-9999 8.2363858 8.2391569 8.241928 8.2446991 8.2474702 8.2502413 8.2586058 8.2641646 8.2697125 8.2752604 8.2808083 8.2863561 8.2898036 8.2841755 8.2776296 8.2710837 8.2645379 8.257992 8.2529003 8.2511637 8.2494271 8.2476905 8.2459539 8.2442172 8.2358784 8.2290006 8.2237472 8.2184939 8.2132406 8.2079873 8.2008647 8.1901388 8.179413 8.1686871 8.1579613 8.1472354 8.1483605 8.1650569 8.1830504 8.201044 8.2190375 8.2370311 8.2438714 8.2401553 8.2364392 8.2327231 8.229007 8.2252909 8.2263075 8.2254348 8.2245621 8.2236894 8.2228168 8.2220979 8.2212437 8.2201845 8.2191253 8.218066 8.2170068
-9999 8.2233592 8.2261303 8.2289013 8.2316724 8.2368433 8.2479405 8.2566044 8.2624599 8.2681184 8.2736663 8.2792142 8.284762 8.2882095 8.2874509 8.2835732 8.2770273 8.2704815 8.2639356 8.2588439 8.2571073 8.2553707 8.2536341 8.2514206 8.2424394 8.2323861 8.2194596 8.2104275 8.2051742 8.1999209 8.1946675 8.187545 8.1768191 8.1660932 8.1553674 8.1476914 8.1543332 8.1572845 8.1549559 8.1663879 8.1843814 8.202375 8.2203685 8.2275715 8.2270173 8.223689 8.2199729 8.2162568 8.2125407 8.2155382 8.2187999 8.2179272 8.2170545 8.2161818 8.215463 8.215277 8.2146111 8.2135519 8.2124926 8.2114334
-9999 8.2103325 8.2131036 8.2158747 8.2237446 8.2348419 8.2459391 8.2546029 8.2604584 8.2663139 8.2720722 8.2776201 8.2831679 8.2866154 8.2858568 8.2850982 8.2829709 8.276425 8.2698792 8.2647875 8.2630509 8.2613143 8.2569096 8.2479283 8.2389471 8.2288938 8.2159673 8.2030409 8.1918544 8.1866011 8.1813478 8.1742252 8.1634994 8.1527735 8.1499736 8.1566154 8.1632572 8.1662085 8.1638799 8.1615513 8.1677188 8.1857124 8.203706 8.210909 8.2103548 8.2098006 8.2072226 8.2035066 8.1997905 8.202788 8.2069459 8.2111037 8.2104196 8.2095469 8.2088281 8.208642 8.208456 8.2079784 8.2069192 8.20586
-9999 8.1973059 8.2000769 8.210646 8.2217432 8.2328404 8.2439376 8.2526015 8.258457 8.2643125 8.270168 8.2760235 8.2815738 8.2850213 8.2842627 8.2835041 8.2827455 8.2819868 8.2758228 8.2707311 8.2689945 8.2623986 8.2534173 8.2444361 8.2354548 8.2254015 8.212475 8.1995486 8.1866221 8.1736956 8.1680281 8.1609055 8.1501796 8.1522558 8.1588976 8.1655395 8.1721813 8.1751325 8.1728039 8.1704753 8.1681467 8.1690498 8.1870434 8.1942464 8.1936922 8.193138 8.1925838 8.1907563 8.1870402 8.1900378 8.1941957 8.1983535 8.2025114 8.202912 8.2021931 8.2020071 8.2018211 8.2016351 8.2013458 8.2002866
-9999 8.1864501 8.1975473 8.2086446 8.2197418 8.230839 8.2419362 8.2506001 8.2564556 8.2623111 8.2681665 8.274022 8.2798775 8.2834272 8.2826686 8.28191 8.2811514 8.2803927 8.2796341 8.2766747 8.2678876 8.2589063 8.249925 8.2409438 8.2319625 8.2219092 8.2089828 8.1960563 8.1831298 8.1702033 8.1572768 8.1478962 8.154538 8.1611798 8.1678217 8.1744635 8.1811053 8.1840566 8.1817279 8.1793993 8.1770707 8.1747421 8.1724135 8.1775838 8.1770296 8.1764754 8.1759213 8.1753671 8.17429 8.1772876 8.1814454 8.1856033 8.1897612 8.193919 8.1955582 8.1953722 8.1951862 8.1950002 8.1948142 8.1946281
-9999 8.1906812 8.2017784 8.2128757 8.2239729 8.2350701 8.2402022 8.2418222 8.2476777 8.2535332 8.2593887 8.2652442 8.2725954 8.2778378 8.2741898 8.2734312 8.2726725 8.2719139 8.2711553 8.2679103 8.258929 8.2499477 8.2409665 8.2319852 8.2233221 8.2162702 8.2085291 8.1956026 8.1826761 8.1697497 8.1568232 8.1505806 8.1572224 8.1638642 8.1705061 8.1771479 8.1841905 8.1877819 8.1854533 8.1831247 8.1807961 8.1784674 8.1759989 8.1743713 8.1736878 8.1731336 8.1725794 8.1720253 8.1714711 8.1749346 8.1790924 8.1832503 8.1874081 8.1898978 8.1833073 8.1831212 8.1829352 8.1827492 8.1825632 8.183918
-9999 8.1970203 8.2081175 8.2192147 8.2303119 8.2311821 8.2291324 8.2307525 8.236608 8.2424635 8.248319 8.2571734 8.267666 8.2729084 8.2676368 8.2626239 8.2618652 8.2611066 8.260348 8.257103 8.2481217 8.2391404 8.2301592 8.2218887 8.2142058 8.207154 8.2017936 8.1961767 8.1832502 8.1703237 8.1573972 8.1511547 8.1577965 8.1644383 8.1710801 8.1784281 8.1861576 8.189749 8.1874204 8.1850918 8.1827631 8.1802252 8.1776288 8.1760012 8.17507 8.1742971 8.1737429 8.1731887 8.1726345 8.176098 8.1802559 8.1844137 8.184187 8.1757475 8.1691569 8.1689709 8.1687849 8.1685988 8.1706131 8.1734854
-9999 8.2033593 8.2144565 8.2242118 8.2221621 8.2201124 8.2180627 8.2196828 8.2255383 8.2313938 8.2417514 8.252244 8.2627366 8.267979 8.2627074 8.2574359 8.2521643 8.2502993 8.2495407 8.2462956 8.2373144 8.2283331 8.2204554 8.2127725 8.2050896 8.1980377 8.1926773 8.1873169 8.1819565 8.1708978 8.1579713 8.1517287 8.1583705 8.1650124 8.1726657 8.1803952 8.1881246 8.1917161 8.1893875 8.1870479 8.1844516 8.1818552 8.1792588 8.1776312 8.1767 8.1757687 8.1749063 8.1743522 8.173798 8.1772615 8.1814193 8.1784762 8.1700366 8.1615971 8.1550065 8.1548205 8.1546345 8.1573082 8.1601805 8.1630528
-9999 8.2096983 8.2151917 8.2131421 8.2110924 8.2090427 8.206993 8.2086131 8.2158368 8.2263294 8.2368221 8.2473147 8.2578073 8.2630496 8.2577781 8.2525065 8.2472349 8.2419634 8.2387334 8.2354883 8.2267049 8.219022 8.2113391 8.2036562 8.1959733 8.1889215 8.1835611 8.1782007 8.1728403 8.1674799 8.1585454 8.1523028 8.1591738 8.1669033 8.1746328 8.1823623 8.1900917 8.1936832 8.1912743 8.1886779 8.1860815 8.1834851 8.1808887 8.1792611 8.1783299 8.1773987 8.1764675 8.1755363 8.1749614 8.1784249 8.1727654 8.1643258 8.1558863 8.1474467 8.1408561 8.141131 8.1440033 8.1468756 8.1497479 8.1526202
-9999 8.208202 8.2061524 8.2041027 8.202053 8.2000033 8.1979536 8.2009642 8.2114568 8.2219494 8.232442 8.2429346 8.2534272 8.2588749 8.2536034 8.2483318 8.2430602 8.2377887 8.2325171 8.2265164 8.2188335 8.2111506 8.2034677 8.1957848 8.1881019 8.1826825 8.1773221 8.1719617 8.1666013 8.1612409 8.1558805 8.1549911 8.1627206 8.1704501 8.1781796 8.185909 8.1936385 8.1962626 8.1936662 8.1910698 8.1884735 8.1858771 8.1832807 8.1807977 8.1798665 8.1789353 8.1780041 8.1770729 8.1761417 8.1687733 8.1603338 8.1518942 8.1434547 8.1350152 8.1297294 8.1326016 8.1354739 8.1383462 8.1412185 8.1440908
-9999 8.2144755 8.2124258 8.2103762 8.2083265 8.2062768 8.20409 8.20552 8.2112201 8.2217127 8.2322053 8.2426979 8.2531905 8.2588911 8.2549953 8.2498489 8.2445773 8.2393057 8.2340342 8.2280335 8.2203506 8.2126677 8.2049848 8.1973019 8.1866699 8.1807248 8.1907993 8.1874227 8.1820623 8.1767019 8.1713415 8.1704522 8.1781817 8.1859111 8.1936406 8.2013701 8.2048927 8.2050478 8.2018051 8.1992088 8.1966124 8.194016 8.1914196 8.1862821 8.1806994 8.1797682 8.178837 8.1779058 8.1769746 8.1694256 8.1608654 8.1524259 8.1439863 8.1355468 8.130638 8.1379593 8.1412989 8.1441712 8.1470435 8.1499157
-9999 8.220749 8.2186993 8.2166497 8.2145687 8.2123686 8.2101686 8.2115986 8.2172182 8.2228379 8.2319685 8.2424611 8.2529537 8.2586543 8.2547586 8.2508628 8.2460944 8.2408228 8.2355512 8.2295505 8.2218676 8.2141847 8.2065018 8.1947052 8.1827833 8.1768382 8.1869127 8.1969871 8.1975234 8.192163 8.1868026 8.1859132 8.1936427 8.2013722 8.2087639 8.2113104 8.2138569 8.214012 8.2107459 8.2074798 8.2047513 8.2021549 8.1995585 8.194421 8.1874568 8.180601 8.1796698 8.1787386 8.1778074 8.1702584 8.1615657 8.1529575 8.1445179 8.1360784 8.1311696 8.1384909 8.1458123 8.1499961 8.1528684 8.1557407
-9999 8.2270225 8.2249728 8.2228474 8.2206473 8.2184472 8.2162472 8.2176772 8.2232968 8.2289165 8.2345361 8.2422244 8.252717 8.2584176 8.2545218 8.2506261 8.2467303 8.2423399 8.2370683 8.2310676 8.2233847 8.2146623 8.2027404 8.1908185 8.1788966 8.1729516 8.183026 8.1931005 8.2031749 8.207624 8.2022636 8.2013743 8.2091038 8.2151816 8.217728 8.2202745 8.222821 8.2229761 8.21971 8.216444 8.2131779 8.2102938 8.2076974 8.2025599 8.1955957 8.1886315 8.1816673 8.1795714 8.1786402 8.1710912 8.1623985 8.1537058 8.1450495 8.13661 8.1317012 8.1390225 8.1463439 8.1536652 8.1586934 8.1615656
-9999 8.233296 8.2311261 8.228926 8.2267259 8.2245258 8.2223258 8.2237558 8.2293755 8.2349951 8.2406147 8.2462344 8.2524803 8.2581808 8.2542851 8.2503893 8.2464936 8.2425978 8.2385854 8.2325847 8.2226976 8.2107757 8.1988538 8.1869319 8.17501 8.169065 8.1791394 8.1892139 8.1992883 8.2093628 8.2177247 8.2168354 8.2215992 8.2241457 8.2266922 8.2292386 8.2317851 8.2319402 8.2286742 8.2254081 8.222142 8.218876 8.2158363 8.2106989 8.2037346 8.1967704 8.1898062 8.1828419 8.179473 8.1719241 8.1632313 8.1545386 8.1458459 8.1371532 8.1322328 8.1395542 8.1468755 8.1541968 8.1615182 8.1673906
-9999 8.2341257 8.2319257 8.2297256 8.2275255 8.2253255 8.2231254 8.2257208 8.2313405 8.2369601 8.2425798 8.2481994 8.253819 8.2548439 8.2512807 8.247385 8.2434892 8.2395935 8.2356977 8.229375 8.217453 8.2055311 8.1936092 8.1816873 8.1697654 8.1690213 8.1773007 8.1873751 8.1974496 8.207524 8.2175985 8.2251016 8.2276481 8.2301946 8.232741 8.2352875 8.237834 8.2319548 8.2286888 8.2254227 8.2221566 8.2188906 8.2158161 8.2186007 8.2116365 8.2046722 8.197708 8.1907438 8.1837795 8.1753415 8.1666488 8.1579561 8.1492634 8.1405707 8.1366291 8.1439504 8.1512718 8.1585931 8.1659144 8.1727438
-9999 8.2265358 8.2243357 8.2221356 8.2199356 8.2184948 8.218524 8.2211484 8.2267681 8.2323877 8.2380073 8.2428109 8.2445341 8.2449972 8.2429371 8.2399822 8.2360865 8.2321907 8.228295 8.2219722 8.2100503 8.1981284 8.1862065 8.1759472 8.1781947 8.1804838 8.1828844 8.1887909 8.1988654 8.2089398 8.2190143 8.2265174 8.2290639 8.2316104 8.2341569 8.234003 8.2246156 8.2177466 8.2144805 8.2112144 8.2079484 8.2055714 8.2047353 8.2088919 8.2166378 8.2121973 8.205233 8.1982688 8.1913046 8.1828666 8.1741738 8.1654811 8.1567884 8.150391 8.1471673 8.1544886 8.1618099 8.1691313 8.1743757 8.1751654
-9999 8.2189458 8.2167458 8.2145457 8.2138932 8.2139224 8.2139516 8.216576 8.2221956 8.2278153 8.2312411 8.2329643 8.2346874 8.2351505 8.2330904 8.2310303 8.2286837 8.224788 8.2208922 8.2145695 8.2026476 8.1907257 8.1851622 8.1874097 8.1896572 8.1919464 8.194347 8.1967476 8.2002812 8.2103557 8.2204301 8.2279332 8.2304797 8.2330262 8.2291822 8.2197948 8.2104073 8.2035383 8.2002722 8.1970061 8.1953266 8.1944905 8.1936545 8.1978111 8.205557 8.2133028 8.2127581 8.2057939 8.1988296 8.1903916 8.1816989 8.173465 8.1671971 8.1609291 8.1577054 8.1650268 8.1723481 8.1760077 8.1767974 8.1775871
-9999 8.2113559 8.2092624 8.2092915 8.2093207 8.2093499 8.2093791 8.2120036 8.2176232 8.2196712 8.2213944 8.2231176 8.2248407 8.2253039 8.2232437 8.2211836 8.2191234 8.2170633 8.2134895 8.2071667 8.1952448 8.1943772 8.1966247 8.1988723 8.2011198 8.2034089 8.2058095 8.2082101 8.2106107 8.2130113 8.2218459 8.2293491 8.2318955 8.2243614 8.2149739 8.2055865 8.196199 8.18933 8.1860639 8.1850819 8.1842458 8.1834097 8.1825737 8.1867303 8.1944762 8.202222 8.2099679 8.2133189 8.2063547 8.1979167 8.1902712 8.1840032 8.1777352 8.1714673 8.1682436 8.1755649 8.1776396 8.1784293 8.179219 8.1800087
-9999 8.2046607 8.2046899 8.2047191 8.2047483 8.2047775 8.2048067 8.2063782 8.2081014 8.2098245 8.2115477 8.2132709 8.214994 8.2154572 8.213397 8.2113369 8.2092767 8.2072166 8.2051565 8.2013447 8.2035922 8.2058398 8.2080873 8.2103348 8.2125823 8.2148714 8.217272 8.2196726 8.2220733 8.2244739 8.2268745 8.228928 8.2195405 8.2101531 8.2007656 8.1913782 8.1819907 8.1756732 8.1748371 8.1740011 8.173165 8.1723289 8.1714928 8.1756495 8.1833953 8.1911412 8.198887 8.2066329 8.2138797 8.2070773 8.2008093 8.1945414 8.1882734 8.1820054 8.1784818 8.1792715 8.1800613 8.180851 8.1816407 8.1824304
-9999 8.1931655 8.1931947 8.1932239 8.1932531 8.1932823 8.1992681 8.205415 8.2071382 8.2088614 8.2105845 8.2123077 8.2075997 8.201756 8.2064396 8.2043795 8.2023193 8.2002592 8.1981991 8.1974415 8.199689 8.2019365 8.204184 8.2064315 8.2093602 8.212788 8.2147586 8.2171593 8.2195599 8.2219605 8.2243611 8.2227353 8.2133478 8.2039604 8.1945729 8.1851855 8.1772038 8.1729614 8.1721253 8.1712893 8.1704532 8.1696171 8.1709471 8.1712225 8.1746503 8.1823961 8.190142 8.1978878 8.2056337 8.2014308 8.1951628 8.1888948 8.1826269 8.1787517 8.1810604 8.1818501 8.1826399 8.1834296 8.1842193 8.1827561
