mean_models/J1_mean_vp_slide_diff2_280.dat.tif
NCOLS 118
NROWS 92
XLLCORNER 139.62
YLLCORNER -39.07
DX 0.099491525
DY 0.099347826
NODATA_VALUE -9999
[rows 0 to 23 of 92, columns 0 to 54 of 118]
-9999 -9999 -9999 -9999 -9999 -9999 -9999 -9999 -9999 -9999 -9999 -9999 -9999 -9999 -9999 -9999 -9999 -9999 -9999 -9999 -9999 -9999 -9999 -9999 -9999 -9999 -9999 -9999 -9999 -9999 -9999 -9999 -9999 -9999 -9999 -9999 -9999 -9999 -9999 -9999 -9999 -9999 -9999 -9999 -9999 -9999 -9999 -9999 -9999 -9999 -9999 -9999 -9999 -9999 -9999
-9999 -0.032508164 -0.032215724 -0.031923284 -0.031630844 -0.031338404 -0.031227153 -0.031032466 -0.031830109 -0.033691089 -0.03555207 -0.037413051 -0.039274032 -0.040339485 -0.03976488 -0.039136426 -0.038507971 -0.037879516 -0.037251061 -0.036489431 -0.035420561 -0.03435169 -0.033282819 -0.032213949 -0.031387588 -0.032185916 -0.033347198 -0.034560995 -0.035774791 -0.036988588 -0.038202385 -0.038478537 -0.036947211 -0.035415884 -0.033884558 -0.032353232 -0.031988599 -0.033517643 -0.033078131 -0.032617897 -0.032157663 -0.031697429 -0.031237195 -0.033184698 -0.036621913 -0.039982108 -0.043342304 -0.046702499 -0.050062694 -0.054062715 -0.043558365 -0.033054014 -0.022549663 -0.012045312 -0.003073828
-9999 -0.032570463 -0.032278023 -0.031985583 -0.031693143 -0.031722815 -0.031954255 -0.031759568 -0.031073077 -0.031185455 -0.033046435 -0.034907416 -0.036768397 -0.03783385 -0.037306213 -0.036756631 -0.036128176 -0.035499722 -0.034871267 -0.034109637 -0.033040766 -0.031971896 -0.030903025 -0.03050999 -0.03118703 -0.031985358 -0.033108769 -0.034249498 -0.035463295 -0.036677091 -0.037890888 -0.03816704 -0.036635714 -0.035104388 -0.033573061 -0.034212798 -0.037098389 -0.038627433 -0.038215744 -0.037786261 -0.037326027 -0.036865793 -0.036405559 -0.038353061 -0.042031455 -0.045527787 -0.048887982 -0.052248178 -0.055608373 -0.060274615 -0.065166578 -0.056536114 -0.046031764 -0.035527413 -0.026555929
-9999 -0.032632762 -0.032340322 -0.032047883 -0.032218477 -0.032449917 -0.032681357 -0.03248667 -0.031800179 -0.031113687 -0.0305408 -0.032401781 -0.034262762 -0.035328215 -0.034800578 -0.034272942 -0.033745305 -0.033119927 -0.032491472 -0.031729843 -0.030660972 -0.029592101 -0.029632392 -0.030309432 -0.030986471 -0.031784799 -0.032908211 -0.034031622 -0.035155033 -0.036365594 -0.037579391 -0.037855543 -0.036324217 -0.034792891 -0.036436996 -0.039322587 -0.042208179 -0.043737223 -0.043325534 -0.042913845 -0.042494391 -0.042034157 -0.041573922 -0.043521425 -0.047199819 -0.050878212 -0.054433661 -0.057793856 -0.061154051 -0.065820294 -0.070712256 -0.075604219 -0.069513864 -0.059009513 -0.050038029
-9999 -0.032695062 -0.032482698 -0.032714138 -0.032945578 -0.033177019 -0.033408459 -0.033213772 -0.032527281 -0.031840789 -0.031154298 -0.030467806 -0.031757127 -0.03282258 -0.032294944 -0.031767307 -0.03123967 -0.030712033 -0.030111678 -0.029350048 -0.028281178 -0.028754793 -0.029431833 -0.030108873 -0.030785913 -0.031584241 -0.032707652 -0.033831063 -0.034954474 -0.036077885 -0.037267894 -0.037544047 -0.03601272 -0.038661194 -0.041546786 -0.044432377 -0.047317969 -0.048847013 -0.048435324 -0.048023635 -0.047611946 -0.047200257 -0.046742286 -0.048689789 -0.052368182 -0.056046576 -0.05972497 -0.063339534 -0.06669973 -0.071365972 -0.076257935 -0.081149898 -0.08604186 -0.082491614 -0.07352013
-9999 -0.03297836 -0.0332098 -0.03344124 -0.03367268 -0.03390412 -0.034135561 -0.033940874 -0.033254382 -0.032567891 -0.031881399 -0.031194908 -0.030508416 -0.030316945 -0.029789309 -0.029261672 -0.028734035 -0.028206398 -0.027678762 -0.027200155 -0.027877195 -0.028554235 -0.029231275 -0.029908315 -0.030585355 -0.031383683 -0.032507094 -0.033630505 -0.034753916 -0.035877327 -0.037000738 -0.037999801 -0.040885393 -0.043770984 -0.046656576 -0.049542167 -0.052427759 -0.053956803 -0.053545114 -0.053133425 -0.052721736 -0.052310047 -0.051898358 -0.053858152 -0.057536546 -0.06121494 -0.064893333 -0.068571727 -0.072245408 -0.076911651 -0.081803613 -0.086695576 -0.091587539 -0.096479502 -0.09700223
-9999 -0.032945509 -0.033176949 -0.033408389 -0.033639829 -0.033871269 -0.03413171 -0.033963676 -0.033277185 -0.032590693 -0.031904202 -0.03121771 -0.030588475 -0.030149147 -0.029874344 -0.029346707 -0.02881907 -0.028291434 -0.027763797 -0.027600436 -0.028277476 -0.028954516 -0.029631556 -0.030308596 -0.031140706 -0.031817299 -0.031672601 -0.032796012 -0.033919423 -0.035042834 -0.036166245 -0.037891559 -0.040777151 -0.043662742 -0.046548334 -0.049433925 -0.051303938 -0.051621698 -0.051210009 -0.05079832 -0.050386631 -0.049974941 -0.053550024 -0.063582963 -0.071630103 -0.075308497 -0.078986891 -0.082665285 -0.086343678 -0.09105681 -0.095948773 -0.10084074 -0.1057327 -0.10489154 -0.090148271
-9999 -0.03279226 -0.0330237 -0.03325514 -0.03348658 -0.033761745 -0.034042931 -0.033874897 -0.033188406 -0.032501914 -0.031815423 -0.0312237 -0.030663938 -0.030224609 -0.030026455 -0.029828301 -0.029314541 -0.028786904 -0.028259268 -0.028095907 -0.028772947 -0.029449987 -0.030127027 -0.031073627 -0.03216737 -0.032843964 -0.032402491 -0.031961019 -0.032984496 -0.034107907 -0.035231318 -0.036956633 -0.039842224 -0.042727816 -0.045613407 -0.046961716 -0.04778935 -0.04810711 -0.047695421 -0.047283732 -0.046872043 -0.051881609 -0.057646113 -0.067679053 -0.080780516 -0.090816059 -0.094494452 -0.098172846 -0.10185124 -0.10656437 -0.11145633 -0.1163483 -0.11117389 -0.093231483 -0.078488218
-9999 -0.03263901 -0.03287045 -0.033110595 -0.033391781 -0.033672967 -0.033954152 -0.033786118 -0.033099627 -0.032418686 -0.031858924 -0.031299162 -0.0307394 -0.030300071 -0.030101917 -0.029903763 -0.029705609 -0.029282375 -0.028754739 -0.028591378 -0.029268418 -0.029945458 -0.031006548 -0.032100291 -0.033194035 -0.033870629 -0.033429156 -0.032987683 -0.032546211 -0.033172981 -0.034296392 -0.036021706 -0.038907298 -0.041791859 -0.042619493 -0.043447128 -0.044274762 -0.044592522 -0.044180833 -0.044448689 -0.050213194 -0.055977698 -0.061742203 -0.071775143 -0.084876606 -0.097978068 -0.11000201 -0.11368041 -0.1173588 -0.12207193 -0.1269639 -0.11745625 -0.099513838 -0.08157143 -0.066828165
-9999 -0.032485761 -0.03274063 -0.033021816 -0.033303002 -0.033584188 -0.033865373 -0.033697339 -0.03305391 -0.032494148 -0.031934386 -0.031374624 -0.030814862 -0.030375533 -0.030177379 -0.029979225 -0.029781071 -0.029582917 -0.029250209 -0.029086849 -0.029845726 -0.030939469 -0.032033213 -0.033126956 -0.0342207 -0.034897293 -0.034455821 -0.034014348 -0.033572876 -0.033131403 -0.033361465 -0.03508678 -0.037449636 -0.038277271 -0.039104905 -0.03993254 -0.040760175 -0.041077934 -0.042780274 -0.048544779 -0.054309283 -0.060073788 -0.065838293 -0.075871232 -0.088972695 -0.10207416 -0.11517562 -0.12827708 -0.13286636 -0.13757949 -0.1237386 -0.10579619 -0.087853786 -0.069911377 -0.055168112
-9999 -0.032380911 -0.032662097 -0.032943283 -0.033224469 -0.033505655 -0.033786841 -0.033639222 -0.03307946 -0.032519698 -0.031959936 -0.031400174 -0.030840411 -0.03049523 -0.030297076 -0.030098922 -0.029900768 -0.029702614 -0.02950446 -0.029696957 -0.0307907 -0.031884444 -0.032978187 -0.034071931 -0.035165674 -0.036133781 -0.035692308 -0.035250835 -0.034809363 -0.03436789 -0.033926418 -0.033918431 -0.034746065 -0.0355737 -0.036401334 -0.037228969 -0.038056604 -0.040968218 -0.046732723 -0.052497228 -0.058261732 -0.064026237 -0.069790742 -0.077407819 -0.090509282 -0.10361074 -0.11671221 -0.12981367 -0.14291513 -0.12954733 -0.11160492 -0.093662517 -0.075720108 -0.0577777 -0.04772101
-9999 -0.032369528 -0.032650713 -0.032931899 -0.033213085 -0.033494271 -0.033569378 -0.03333766 -0.032777898 -0.032218136 -0.031658374 -0.031098611 -0.030497026 -0.03022962 -0.030656439 -0.030508525 -0.030310371 -0.030112217 -0.029914063 -0.03010656 -0.031200303 -0.032294047 -0.03338779 -0.034481534 -0.035385318 -0.036424088 -0.038058616 -0.037862441 -0.037420969 -0.036979496 -0.036538024 -0.036530037 -0.037357671 -0.038185306 -0.03901294 -0.039840575 -0.040928995 -0.043979285 -0.04974379 -0.055508295 -0.061272799 -0.067037304 -0.067896137 -0.069874871 -0.075271602 -0.088373065 -0.10147453 -0.11457599 -0.12767745 -0.11430965 -0.096367245 -0.078424837 -0.060482428 -0.056198564 -0.061774795
-9999 -0.032358144 -0.03263933 -0.032920516 -0.033162779 -0.033215297 -0.033267815 -0.033036098 -0.032476336 -0.031916574 -0.031354691 -0.030740616 -0.030126542 -0.029859136 -0.030285954 -0.030712773 -0.030719974 -0.03052182 -0.030323666 -0.030516163 -0.031609906 -0.03270365 -0.033797393 -0.034632365 -0.035448859 -0.036487629 -0.038122157 -0.039756685 -0.040032575 -0.039591102 -0.03914963 -0.039141643 -0.039969277 -0.040796912 -0.041633882 -0.042786972 -0.043940062 -0.046990352 -0.052754857 -0.058519362 -0.063483503 -0.064073762 -0.064664021 -0.066642755 -0.069619646 -0.073135385 -0.086236848 -0.099338311 -0.11243977 -0.099071974 -0.081129565 -0.063187157 -0.063051472 -0.070252349 -0.075828579
-9999 -0.03234676 -0.032627946 -0.032808698 -0.032861216 -0.032913735 -0.032966253 -0.032734536 -0.032174774 -0.031598281 -0.030984207 -0.030370132 -0.029756057 -0.029488651 -0.02991547 -0.030342289 -0.030769107 -0.030931423 -0.030733269 -0.030925765 -0.032019509 -0.033062919 -0.033879412 -0.034695906 -0.0355124 -0.03655117 -0.038185698 -0.039820226 -0.041454754 -0.042202708 -0.041761236 -0.041753249 -0.042580883 -0.043491859 -0.044644949 -0.045798039 -0.046951129 -0.050001419 -0.055765924 -0.059661127 -0.060251387 -0.060841646 -0.061431905 -0.063410639 -0.06638753 -0.069364422 -0.072341313 -0.084100631 -0.097202094 -0.083834294 -0.065891885 -0.06990438 -0.077105257 -0.084306133 -0.089882364
-9999 -0.032335377 -0.032454617 -0.032507136 -0.032559654 -0.032612173 -0.032664691 -0.032432974 -0.031841871 -0.031227797 -0.030613722 -0.029999647 -0.029385572 -0.029118167 -0.029544985 -0.029971804 -0.030398623 -0.030825441 -0.031142872 -0.031335368 -0.032309966 -0.03312646 -0.033942954 -0.034759447 -0.035575941 -0.036614712 -0.038249239 -0.039883767 -0.041518295 -0.043152823 -0.044372842 -0.044364855 -0.045349836 -0.046502926 -0.047656016 -0.048809106 -0.049962196 -0.053012486 -0.055838752 -0.056429011 -0.057019271 -0.05760953 -0.058199789 -0.060178523 -0.063155414 -0.066132306 -0.069109197 -0.072086088 -0.081964414 -0.069556411 -0.076757288 -0.083958165 -0.091159041 -0.098359918 -0.10393615
-9999 -0.032250543 -0.032303062 -0.03235558 -0.032408099 -0.032460617 -0.032513136 -0.032139438 -0.031525363 -0.030911289 -0.030297214 -0.029683139 -0.029069064 -0.029007541 -0.029465573 -0.029892391 -0.03031921 -0.030746028 -0.031172847 -0.031717498 -0.032533991 -0.033350485 -0.034166979 -0.034983473 -0.035799967 -0.040868468 -0.04416705 -0.045801577 -0.047436105 -0.049070633 -0.05070516 -0.052175245 -0.053328335 -0.054481425 -0.055634514 -0.056787604 -0.057940694 -0.055165055 -0.055755314 -0.056345573 -0.056935833 -0.057526092 -0.058116351 -0.059856654 -0.062833546 -0.065810437 -0.068787328 -0.071764219 -0.07474111 -0.078798625 -0.085999502 -0.093200378 -0.10040126 -0.10760213 -0.11139818
-9999 -0.032447548 -0.032500066 -0.032552585 -0.032605103 -0.032515576 -0.03162211 -0.03115848 -0.031190937 -0.030720203 -0.030106128 -0.029492053 -0.028877978 -0.028816455 -0.029861448 -0.030489324 -0.030916142 -0.031342961 -0.03176978 -0.03231443 -0.033130924 -0.033947418 -0.034763912 -0.035580405 -0.035768785 -0.040604456 -0.058022724 -0.06532258 -0.066957107 -0.068591635 -0.070226163 -0.071696247 -0.072849337 -0.074002427 -0.075155517 -0.075850634 -0.066117496 -0.061084908 -0.062777121 -0.063578518 -0.064168777 -0.064759036 -0.065349296 -0.066947333 -0.069274033 -0.072250924 -0.075227815 -0.078204706 -0.081181597 -0.081755545 -0.084061373 -0.09126225 -0.098463127 -0.105664 -0.10946005
-9999 -0.032644553 -0.032697071 -0.03274959 -0.032380053 -0.031486586 -0.03059312 -0.03012949 -0.030161947 -0.030194404 -0.029915042 -0.029300967 -0.028686892 -0.028625369 -0.029670362 -0.030715354 -0.031513075 -0.031939893 -0.032366712 -0.032911363 -0.033727856 -0.03454435 -0.035222549 -0.035363661 -0.035504773 -0.040340445 -0.057758713 -0.075176981 -0.08647811 -0.088112637 -0.089747165 -0.091217249 -0.092370339 -0.093523429 -0.091458822 -0.081725684 -0.071992546 -0.066959957 -0.068652171 -0.070344385 -0.071401722 -0.071991981 -0.07258224 -0.074180277 -0.076502794 -0.07882531 -0.081668302 -0.084645193 -0.087622084 -0.088196032 -0.088354685 -0.089324122 -0.096524999 -0.10372588 -0.10752192
-9999 -0.032841557 -0.032894076 -0.03224453 -0.031351063 -0.030457597 -0.02956413 -0.0291005 -0.029132957 -0.029165414 -0.029197872 -0.029109881 -0.028495806 -0.028434283 -0.029479276 -0.030524268 -0.031569261 -0.032536826 -0.032963645 -0.033508295 -0.034324789 -0.034817425 -0.034958537 -0.03509965 -0.035240762 -0.040076433 -0.057494701 -0.074912969 -0.092331237 -0.10763364 -0.10926817 -0.11073825 -0.11189134 -0.10706701 -0.097333872 -0.087600734 -0.077867596 -0.072835007 -0.074527221 -0.076219435 -0.077911648 -0.079224925 -0.079815185 -0.081413222 -0.083735738 -0.086058254 -0.088380771 -0.09108568 -0.094062571 -0.094636519 -0.094795172 -0.094953826 -0.095112479 -0.10178775 -0.10558379
-9999 -0.033002473 -0.032109006 -0.03121554 -0.030322073 -0.029428607 -0.02853514 -0.02807151 -0.028103968 -0.028136425 -0.028168882 -0.028201339 -0.028233796 -0.028243197 -0.02928819 -0.030333182 -0.031378175 -0.032423168 -0.03346816 -0.034105228 -0.034412302 -0.034553414 -0.034694526 -0.034835638 -0.03497675 -0.039812422 -0.05723069 -0.074648958 -0.092067226 -0.10948549 -0.12690376 -0.13025925 -0.1226752 -0.11294206 -0.10320892 -0.093475784 -0.083742646 -0.078710057 -0.080402271 -0.082094485 -0.083786698 -0.085478912 -0.087048129 -0.088646166 -0.090968683 -0.093291199 -0.095613715 -0.097936231 -0.10050306 -0.10107701 -0.10123566 -0.10139431 -0.10155297 -0.10171162 -0.10364567
-9999 -0.033679866 -0.0327864 -0.031892933 -0.030999467 -0.030106 -0.028883008 -0.027549544 -0.027582001 -0.027614458 -0.027646915 -0.027679372 -0.027805498 -0.029213034 -0.030456234 -0.031501227 -0.032546219 -0.033591212 -0.034636205 -0.035407877 -0.03554899 -0.035690102 -0.035831214 -0.035972326 -0.036113438 -0.036301842 -0.047494937 -0.064913205 -0.082331473 -0.099749741 -0.11716801 -0.12531224 -0.11557911 -0.10584597 -0.096112831 -0.086379693 -0.077815769 -0.078247559 -0.079939773 -0.081631986 -0.0833242 -0.085016414 -0.086678062 -0.090596892 -0.093274779 -0.095597295 -0.097919812 -0.10024233 -0.10256484 -0.10304236 -0.10320102 -0.10335967 -0.10351832 -0.10367698 -0.099429789
-9999 -0.035644417 -0.03475095 -0.033857484 -0.032964017 -0.03126047 -0.028743498 -0.027410034 -0.027442491 -0.027474948 -0.027507405 -0.028019703 -0.029356804 -0.030764339 -0.032312925 -0.033694489 -0.034739481 -0.035784474 -0.036829466 -0.037601139 -0.037742251 -0.037883364 -0.038024476 -0.037854649 -0.036857247 -0.03704378 -0.040403558 -0.048032741 -0.065451009 -0.082869277 -0.10028754 -0.10843178 -0.098698643 -0.088965505 -0.079232367 -0.07302197 -0.07257274 -0.073004531 -0.074696744 -0.076388958 -0.078081171 -0.079717839 -0.081302499 -0.085221329 -0.090818163 -0.094186979 -0.096509495 -0.098832012 -0.10115453 -0.10163205 -0.1017907 -0.10194935 -0.10175827 -0.09811475 -0.093495764
-9999 -0.037608967 -0.036715501 -0.035822034 -0.033637933 -0.031120961 -0.028603988 -0.027270524 -0.027302981 -0.027335439 -0.028233908 -0.029571009 -0.030908109 -0.032315645 -0.033864231 -0.035412816 -0.036932743 -0.037977736 -0.039022728 -0.039794401 -0.039935513 -0.040076625 -0.03959399 -0.038596587 -0.037599185 -0.037785718 -0.041145496 -0.044505274 -0.048570545 -0.065988813 -0.083407081 -0.091551317 -0.081818179 -0.072085041 -0.068228171 -0.067778941 -0.067329712 -0.067761502 -0.069453716 -0.071145929 -0.072757616 -0.074342276 -0.075926936 -0.079845766 -0.085442601 -0.091039435 -0.095099179 -0.097421695 -0.099744211 -0.10022173 -0.10038038 -0.099467769 -0.095824247 -0.092180726 -0.08756174
-9999 -0.039573518 -0.038532368 -0.036015396 -0.033498424 -0.030981451 -0.028464479 -0.027131015 -0.027163472 -0.028448113 -0.029785213 -0.031122314 -0.032459415 -0.033866951 -0.035415537 -0.036964122 -0.038512708 -0.040061293 -0.04121599 -0.041987663 -0.042128775 -0.04133333 -0.040335928 -0.039338525 -0.038341123 -0.038527656 -0.041887434 -0.045247212 -0.048606991 -0.051966769 -0.066526617 -0.074670853 -0.064937715 -0.063434372 -0.062985142 -0.062535913 -0.062086683 -0.062518473 -0.064210687 -0.065797394 -0.067382054 -0.068966713 -0.070551373 -0.074470203 -0.080067038 -0.085663872 -0.091260707 -0.096011379 -0.098333895 -0.098811414 -0.097177266 -0.093533745 -0.089890223 -0.086246701 -0.081627715
