mean_models/J1_mean_vp_slide_diff2_35.dat.tif
NCOLS 118
NROWS 92
XLLCORNER 139.62
YLLCORNER -39.07
DX 0.099491525
DY 0.099347826
NODATA_VALUE -9999
[rows 25 to 49 of 92, columns 0 to 55 of 118]
-9999 0.19592515 0.20233404 0.20874292 0.21515181 0.22156069 0.2328195 0.24589664 0.24827958 0.23701633 0.22575307 0.21448982 0.20322656 0.19146787 0.18194029 0.18143039 0.1809205 0.18041061 0.17990071 0.18375932 0.19769626 0.2116332 0.22557014 0.23950708 0.25830632 0.27903149 0.28566458 0.31316943 0.34067429 0.36817914 0.39568399 0.41597027 0.42234144 0.42871261 0.43508377 0.44145494 0.45223438 0.45220222 0.43362149 0.42201134 0.41040119 0.39879105 0.3871809 0.37535304 0.36110554 0.34511934 0.32913315 0.31314696 0.29716076 0.28607599 0.26694871 0.24630439 0.22566008 0.20501577 0.18590722 0.17285916
-9999 0.18445344 0.19086232 0.19727121 0.20368009 0.21754057 0.23273896 0.24581611 0.25644507 0.26530805 0.2540448 0.24278154 0.23151828 0.21975959 0.20700876 0.19425792 0.19360806 0.19309817 0.19258828 0.19644689 0.21038383 0.22432076 0.2382577 0.26096942 0.28914642 0.30987159 0.31062402 0.31137644 0.33798006 0.36548491 0.39298976 0.41327604 0.41964721 0.42601838 0.43238954 0.44558099 0.46146675 0.46143459 0.43862959 0.41744874 0.40583859 0.39422844 0.3826183 0.37079044 0.35880608 0.34540301 0.32941682 0.31343063 0.29744443 0.28635966 0.27612198 0.25896955 0.23832524 0.21768092 0.19857238 0.18478357
-9999 0.17298172 0.17939061 0.18706326 0.20226165 0.21746004 0.23265843 0.24573557 0.25636453 0.26699349 0.27762244 0.27107326 0.25981001 0.24805131 0.23530048 0.22254965 0.20979881 0.20578573 0.20527584 0.20913445 0.22307139 0.23700833 0.26363253 0.29180953 0.31998652 0.34071169 0.34146412 0.34221655 0.34296897 0.36279068 0.39029554 0.41058181 0.41695298 0.42332415 0.4389276 0.45481336 0.47069912 0.47066696 0.44786196 0.42505696 0.40225196 0.38966584 0.3780557 0.36622784 0.35424347 0.34225911 0.32970049 0.3137143 0.2977281 0.28664333 0.27640565 0.26616797 0.25099039 0.23034608 0.21123754 0.19744872
-9999 0.16151001 0.17178433 0.18698272 0.20218111 0.2173795 0.23257789 0.24565504 0.256284 0.26691295 0.27754191 0.28817087 0.28810173 0.27634304 0.26359221 0.25084137 0.23809054 0.2253397 0.2179634 0.22182201 0.23811864 0.26629564 0.29447263 0.32264963 0.35082662 0.3715518 0.37230422 0.37305665 0.37380907 0.3745615 0.38760131 0.40788759 0.41638845 0.43227421 0.44815997 0.46404573 0.4799315 0.47989934 0.45709434 0.43428933 0.41148433 0.38867933 0.37349309 0.36166524 0.34968087 0.33769651 0.32571214 0.31372778 0.29801177 0.286927 0.27668932 0.26645164 0.25621396 0.24301124 0.22390269 0.21011388
-9999 0.15760567 0.17280406 0.18800245 0.20320084 0.21839923 0.23359762 0.24493892 0.25556788 0.26619684 0.2768258 0.28745475 0.29808371 0.30586997 0.29311914 0.28036831 0.26761747 0.25486664 0.2421158 0.24174093 0.26991793 0.29809492 0.32627192 0.35444891 0.38262591 0.40144258 0.40219501 0.40294743 0.40369986 0.40445229 0.40520471 0.41112619 0.42701195 0.44289771 0.45878347 0.47466924 0.490555 0.48743222 0.46462722 0.44182222 0.41901722 0.39621222 0.37340722 0.35629225 0.34430789 0.33232352 0.32033916 0.30835479 0.29637043 0.28417864 0.27394096 0.26370329 0.25346561 0.24322793 0.23383171 0.22004289
-9999 0.16768313 0.18288152 0.19807991 0.2132783 0.22847669 0.22732332 0.23336091 0.24961948 0.26024844 0.2708774 0.28150635 0.29213531 0.30690287 0.3299582 0.32006389 0.30731306 0.29456222 0.28181139 0.28143652 0.30961351 0.33779051 0.3659675 0.3941445 0.39942494 0.40121387 0.42192447 0.42502316 0.42577558 0.42652801 0.42728043 0.43320191 0.44908767 0.46497343 0.4808592 0.49674496 0.49419917 0.48072542 0.4581694 0.4353644 0.4125594 0.3897544 0.3669494 0.34775577 0.33226355 0.32027918 0.30829482 0.29631045 0.28432609 0.26260506 0.24623201 0.23599433 0.22575665 0.21551898 0.20733141 0.20624517
-9999 0.17776059 0.19295899 0.20815738 0.21978625 0.21682809 0.21386993 0.21990753 0.23632738 0.25274723 0.264929 0.27555796 0.28618691 0.30095447 0.32400981 0.34706514 0.34700865 0.33425781 0.32150698 0.32113211 0.3493091 0.3774861 0.40566309 0.40175371 0.39648298 0.39827191 0.4189825 0.4396931 0.4478513 0.44860373 0.44935615 0.45527763 0.47116339 0.48704916 0.50168727 0.49455356 0.48741985 0.47394609 0.45140199 0.4288579 0.40610158 0.38329658 0.36049158 0.34129795 0.32470049 0.30823484 0.29625048 0.28426611 0.27228175 0.25056073 0.22715694 0.20828538 0.1980477 0.18781002 0.17962245 0.17853622
-9999 0.18783806 0.20303645 0.20929102 0.20633286 0.2033747 0.20041654 0.20645414 0.22287399 0.23929385 0.2557137 0.26960956 0.28023851 0.29500607 0.31806141 0.34111674 0.36417208 0.3739534 0.36120256 0.36082769 0.38900469 0.4093532 0.40408247 0.39881174 0.39354101 0.39532994 0.41604054 0.43675113 0.45746173 0.47067945 0.47143188 0.47735335 0.49323911 0.50204165 0.49490794 0.48777423 0.48064052 0.46716676 0.44462267 0.42207857 0.39953448 0.37683876 0.35403376 0.33484013 0.31824267 0.30164522 0.28504776 0.27222178 0.26023741 0.23851639 0.2151126 0.19170882 0.17033875 0.16010107 0.1519135 0.15082727
-9999 0.19791552 0.1987958 0.19583764 0.19287948 0.18992132 0.18696316 0.19300075 0.20942061 0.22584046 0.24226031 0.25868016 0.27429012 0.28905767 0.31211301 0.33516835 0.35822368 0.38127902 0.40089815 0.40052328 0.41168197 0.40641124 0.40114051 0.39586978 0.39059905 0.39238798 0.41309857 0.43380917 0.45451976 0.47523036 0.4935076 0.49942907 0.50239604 0.49526233 0.48812862 0.4809949 0.47386119 0.46038744 0.43784334 0.41529925 0.39275515 0.37021106 0.34757594 0.32838231 0.31178485 0.2951874 0.27858994 0.26199249 0.24819307 0.22647205 0.20306827 0.17966448 0.1562607 0.13285692 0.12420455 0.12311831
-9999 0.19379415 0.19083598 0.18787782 0.18491966 0.1819615 0.17900334 0.18980688 0.20610663 0.22252649 0.23894634 0.25536619 0.27178605 0.28762472 0.30935107 0.33240641 0.35546175 0.37851708 0.40157242 0.41606238 0.41079165 0.40552092 0.40025019 0.39497946 0.38970873 0.39296097 0.41038812 0.43109872 0.45180931 0.47251991 0.4932305 0.50443039 0.49729668 0.49016297 0.48302926 0.47589555 0.46876184 0.45110011 0.42854863 0.40600454 0.38346044 0.36091635 0.33837226 0.31436718 0.29776972 0.28117227 0.26457481 0.24797736 0.2313799 0.21164714 0.18824336 0.16483957 0.14143579 0.11803201 0.10155371 0.10248633
-9999 0.19489475 0.19193659 0.18897843 0.18602027 0.18671348 0.19642402 0.20768301 0.22072913 0.2359352 0.25235506 0.26877491 0.28519476 0.30103344 0.31570827 0.33489982 0.35795516 0.3810105 0.40406583 0.41855579 0.41328506 0.40801433 0.40274361 0.3982329 0.40451016 0.41049521 0.4156971 0.42877009 0.44948068 0.47019128 0.49090187 0.50210176 0.49496805 0.48783434 0.48070063 0.47206296 0.45636488 0.43780262 0.41514274 0.39256126 0.37001717 0.34747308 0.32492898 0.29971525 0.27258234 0.25469305 0.23809559 0.22149814 0.20490068 0.18745761 0.16883252 0.14542874 0.12202495 0.098621171 0.08214287 0.089653592
-9999 0.19599535 0.19303719 0.19007903 0.19487908 0.20458961 0.21430015 0.22555914 0.23860525 0.25165137 0.26576377 0.28218363 0.29860348 0.31444216 0.32911699 0.34379182 0.36044857 0.38350391 0.40655925 0.42104921 0.41577848 0.41050775 0.4094899 0.41576715 0.4220444 0.42802945 0.43323134 0.43843323 0.44715206 0.46786265 0.48857325 0.49977314 0.49263943 0.48550571 0.47446355 0.45876547 0.44306739 0.42450513 0.40184525 0.37918537 0.3565739 0.3340298 0.31148571 0.28627197 0.25913906 0.23200615 0.21161637 0.19501892 0.17842146 0.16097839 0.14338918 0.12579997 0.10261412 0.079210334 0.062732033 0.070242754
-9999 0.19709595 0.19413779 0.20304467 0.21275521 0.22246574 0.23217628 0.24343527 0.25648138 0.2695275 0.28257361 0.29561972 0.3120122 0.32785087 0.34252571 0.35720054 0.37187538 0.38655021 0.40905266 0.42354262 0.41827189 0.42074689 0.42702414 0.43330139 0.43957864 0.4455637 0.45076559 0.45596747 0.46116936 0.46637125 0.48624462 0.49744451 0.4903108 0.47686413 0.46116606 0.44546798 0.4297699 0.41120764 0.38854776 0.36588788 0.343228 0.32058653 0.29804244 0.2728287 0.24569579 0.21856288 0.19142997 0.1685397 0.15194224 0.13449917 0.11690996 0.099320748 0.081731534 0.059799497 0.043321195 0.050831917
-9999 0.20149973 0.21121026 0.2209208 0.23063134 0.24034187 0.25005241 0.2613114 0.27435751 0.28740363 0.30044974 0.31349585 0.32654196 0.34125959 0.35593442 0.37060926 0.38528409 0.39995893 0.41463376 0.42603604 0.43200388 0.43828113 0.44455838 0.45083563 0.45711289 0.46309794 0.46829983 0.47350172 0.47870361 0.4839055 0.48910739 0.49496279 0.47926472 0.46356664 0.44786857 0.43217049 0.41647241 0.39791015 0.37525027 0.35259039 0.32993051 0.30727063 0.28461075 0.25938543 0.23225252 0.20511961 0.1779867 0.15085379 0.12546302 0.10801996 0.090430742 0.072841528 0.055252315 0.037663102 0.023910358 0.03142108
-9999 0.20859585 0.21830639 0.22801692 0.23772746 0.247438 0.25471957 0.2631104 0.27615651 0.28920263 0.30224874 0.31529485 0.32605877 0.33682767 0.35515346 0.36982829 0.38450313 0.39917796 0.4138528 0.42598833 0.43226558 0.43854283 0.44482008 0.45109734 0.45939162 0.4693328 0.46939059 0.47459248 0.47979437 0.48499626 0.49019815 0.48826129 0.47256321 0.45686514 0.44116706 0.42546898 0.40684335 0.38360479 0.3609449 0.33828502 0.31562514 0.29296526 0.26970734 0.23823501 0.20772438 0.18059147 0.15345856 0.12632565 0.099192736 0.080197169 0.062607956 0.045018742 0.027429529 0.01041045 0.0017851117 0.0092958336
-9999 0.21204603 0.22175657 0.2314671 0.24117764 0.24672383 0.25108107 0.2594719 0.27251801 0.28556412 0.29861023 0.30708054 0.31305134 0.32382023 0.34419758 0.36424819 0.37892302 0.39359785 0.40827269 0.42040822 0.42668547 0.43296272 0.43923998 0.45002432 0.46453417 0.47447535 0.47217136 0.47012183 0.47532371 0.4805256 0.48572749 0.48379064 0.46809256 0.45239448 0.43669641 0.41584017 0.39219711 0.36895854 0.34629866 0.32363878 0.3009789 0.27742454 0.25362034 0.22214801 0.18516317 0.15231427 0.12518136 0.098048447 0.070915537 0.05191997 0.034330757 0.016741543 0.00065087109 -0.012632847 -0.021258185 -0.013747463
-9999 0.21549621 0.22520674 0.23437084 0.23872808 0.24308532 0.24744256 0.25583339 0.2688795 0.28192561 0.2881023 0.2940731 0.3000439 0.31081279 0.33119015 0.3515675 0.37194486 0.38801775 0.40269258 0.41482811 0.42110536 0.42738262 0.44065703 0.45516687 0.46967671 0.47961789 0.47731391 0.47500992 0.47270593 0.47605495 0.48125684 0.47931999 0.46362191 0.44792383 0.42483699 0.40119393 0.37755086 0.35431229 0.33165241 0.30894595 0.28514174 0.26133754 0.23753333 0.206061 0.16907616 0.13209132 0.096904158 0.069771248 0.042638338 0.023642771 0.0060535576 -0.0091087076 -0.022392425 -0.035676143 -0.044301481 -0.036790759
-9999 0.21894638 0.2263751 0.23073234 0.23508957 0.23944681 0.24380405 0.25219488 0.26315327 0.26912407 0.27509487 0.28106566 0.28703646 0.29780535 0.31818271 0.33856007 0.35893742 0.37931478 0.39711247 0.409248 0.41677988 0.43128973 0.44579957 0.46030942 0.47481926 0.48476044 0.48245645 0.48015246 0.47784848 0.47554449 0.47678619 0.47484933 0.45747688 0.43383381 0.41019075 0.38654768 0.36290462 0.33966605 0.31666315 0.29285894 0.26905474 0.24525053 0.22144633 0.189974 0.15298916 0.11600432 0.07901948 0.04203464 0.014361139 -0.0046344279 -0.018868286 -0.032152004 -0.045435722 -0.058719439 -0.067344777 -0.058703616
-9999 0.2208803 0.22523753 0.22959477 0.23395201 0.23830925 0.24266649 0.24763621 0.25360701 0.25957781 0.2655486 0.2715194 0.2774902 0.28758299 0.30796035 0.3283377 0.34871506 0.36909242 0.38946977 0.40807288 0.42258273 0.43709257 0.45160241 0.46611226 0.4806221 0.48579973 0.48349574 0.48119175 0.47888777 0.47658378 0.47427979 0.46468707 0.44104401 0.41740094 0.39375788 0.37011481 0.34647175 0.32313671 0.29933251 0.2755283 0.2517241 0.22791989 0.20411569 0.17368216 0.13669732 0.099712477 0.062727637 0.025742797 -0.011242043 -0.026531356 -0.039815074 -0.053098792 -0.066382509 -0.079666227 -0.089062716 -0.074050688
-9999 0.238605 0.24296224 0.24731948 0.25167672 0.25603396 0.26644962 0.27161338 0.27016512 0.27613592 0.28210672 0.28807751 0.29404831 0.30330832 0.31915516 0.33912054 0.35949789 0.37987525 0.40025261 0.41885571 0.43336556 0.4478754 0.46238525 0.47689509 0.47998579 0.47368828 0.45561488 0.45128404 0.44898005 0.44667607 0.44437208 0.43477936 0.41113629 0.38749323 0.36385016 0.3402071 0.32501855 0.30414833 0.27262232 0.24881811 0.22501391 0.2012097 0.1774055 0.15019598 0.11886058 0.081875738 0.044890898 0.0079060578 -0.029078782 -0.036752316 -0.044949877 -0.058233595 -0.071517312 -0.08480103 -0.095689012 -0.098278456
-9999 0.25632971 0.26068695 0.26504419 0.27078287 0.28178353 0.29278419 0.29794795 0.29637517 0.29480239 0.29866483 0.30463562 0.31060642 0.31986643 0.33571327 0.35156012 0.37028072 0.39065808 0.41103544 0.42963855 0.44414839 0.45865824 0.47316808 0.47174906 0.46984512 0.46354761 0.44547422 0.42740082 0.41907234 0.41676835 0.41446437 0.40487165 0.38122858 0.35758552 0.33462129 0.32139449 0.30816768 0.28729746 0.25549224 0.22368703 0.19830371 0.17449951 0.1506953 0.12348579 0.093828237 0.064038998 0.027054158 -0.0099306818 -0.046915522 -0.054589056 -0.0571968 -0.063368398 -0.076652115 -0.089935833 -0.10082381 -0.10341326
-9999 0.27405442 0.27841166 0.28611677 0.29711744 0.3081181 0.31911877 0.32428252 0.32270974 0.32113696 0.31956418 0.32119374 0.32716453 0.33642454 0.35227138 0.36811823 0.38396507 0.40144091 0.42181827 0.44042138 0.45493122 0.46541626 0.46351233 0.46160839 0.45970446 0.45340695 0.43533355 0.41726016 0.39918676 0.38686064 0.38455665 0.37496394 0.35132087 0.33099723 0.31777042 0.30454361 0.29131681 0.27044658 0.23864137 0.20683616 0.17503095 0.14778932 0.12398511 0.096775597 0.067118046 0.037460495 0.0078029438 -0.027767421 -0.064752261 -0.072425795 -0.075033539 -0.077641283 -0.081786918 -0.095070636 -0.10595862 -0.10854806
-9999 0.29177913 0.30145068 0.31245135 0.32345201 0.33445267 0.34545334 0.3506171 0.34904431 0.34747153 0.34589875 0.34432597 0.34372264 0.35298265 0.3688295 0.38467634 0.40052319 0.41637003 0.4326011 0.45120421 0.45717954 0.4552756 0.45337166 0.45146773 0.44956379 0.44326628 0.42519289 0.40711949 0.3890461 0.3709727 0.35464894 0.34505622 0.32737317 0.31414636 0.30091955 0.28769274 0.27446594 0.25359571 0.2217905 0.18998529 0.15818008 0.12637487 0.097274922 0.070065405 0.040407854 0.010750303 -0.018907248 -0.048564799 -0.082589001 -0.090262535 -0.092870279 -0.095478023 -0.098085767 -0.10069351 -0.11109342 -0.11368287
-9999 0.30722797 0.31822863 0.3292293 0.34022996 0.35123062 0.36223129 0.37193485 0.37036206 0.36878928 0.3672165 0.36564372 0.36407094 0.36034197 0.37401916 0.38986601 0.40571285 0.4215597 0.43740654 0.44788582 0.44598188 0.44407794 0.44217401 0.44027007 0.43836613 0.43458317 0.41730243 0.39922904 0.38115564 0.36308225 0.34500885 0.32859089 0.31536408 0.30213728 0.28891047 0.27568366 0.26245685 0.23951058 0.20770537 0.17590016 0.14409495 0.11228974 0.080700141 0.060764329 0.031106778 0.0014492272 -0.028208324 -0.057865875 -0.087523426 -0.094117215 -0.096724959 -0.099332702 -0.10194045 -0.10454819 -0.10771988 -0.11030932
-9999 0.3088182 0.31981886 0.33081952 0.34182019 0.35577863 0.37546327 0.38527969 0.38370691 0.38213412 0.38056134 0.37739856 0.3682336 0.36341005 0.36728044 0.37698854 0.39283539 0.40868223 0.42452908 0.43500835 0.43310441 0.43120048 0.42929654 0.42775629 0.42895185 0.42583239 0.41114761 0.39491469 0.3768413 0.3587679 0.34069451 0.32427655 0.31104974 0.29782293 0.28459612 0.2704403 0.25310769 0.22982086 0.19801565 0.16621043 0.13440522 0.10360059 0.074530199 0.056403758 0.046144785 0.019815329 -0.0098422224 -0.039499773 -0.069157324 -0.075751113 -0.078358857 -0.080966601 -0.083574345 -0.087302474 -0.090824563 -0.093414008
