mean_models/J1_mean_vp_slide_diff_40.dat.tif
NCOLS 118
NROWS 92
XLLCORNER 139.62
YLLCORNER -39.07
DX 0.099491525
DY 0.099347826
NODATA_VALUE -9999
[rows 0 to 26 of 92, columns 0 to 59 of 118]
-9999 -9999 -9999 -9999 -9999 -9999 -9999 -9999 -9999 -9999 -9999 -9999 -9999 -9999 -9999 -9999 -9999 -9999 -9999 -9999 -9999 -9999 -9999 -9999 -9999 -9999 -9999 -9999 -9999 -9999 -9999 -9999 -9999 -9999 -9999 -9999 -9999 -9999 -9999 -9999 -9999 -9999 -9999 -9999 -9999 -9999 -9999 -9999 -9999 -9999 -9999 -9999 -9999 -9999 -9999 -9999 -9999 -9999 -9999 -9999
-9999 7.4294229 7.4441925 7.4589621 7.4737317 7.4885013 7.5049929 7.516004 7.5086798 7.495444 7.4822082 7.4689724 7.4557366 7.4419361 7.434891 7.4368879 7.4388849 7.4408819 7.4428788 7.4452042 7.4482873 7.4513704 7.4544534 7.4575365 7.4603481 7.4618589 7.4678942 7.4787816 7.489669 7.5005564 7.5114438 7.5189122 7.5197899 7.5206677 7.5215454 7.5224231 7.5240511 7.5256761 7.5260036 7.5275951 7.5291867 7.5307782 7.5323697 7.5330539 7.5310649 7.5284304 7.525796 7.5231616 7.5205271 7.5029235 7.4990236 7.4951238 7.4912239 7.487324 7.4880227 7.4966465 7.4939716 7.4912967 7.4886218 7.4859469
-9999 7.4375007 7.4522703 7.4670399 7.4818095 7.4996405 7.5193893 7.5304004 7.5313271 7.5278126 7.5145768 7.501341 7.4881052 7.4743046 7.4593731 7.4481265 7.4501234 7.4521204 7.4541173 7.4564427 7.4595258 7.4626089 7.465692 7.4680183 7.4691466 7.4706574 7.4731936 7.4773298 7.4882173 7.4991047 7.5099921 7.5174605 7.5183382 7.5192159 7.5200937 7.5223676 7.5260859 7.5277109 7.5263412 7.5260569 7.5276484 7.5292399 7.5308315 7.5315157 7.5315476 7.5300539 7.5274195 7.5247851 7.5221506 7.5038044 7.4827428 7.4767541 7.4728542 7.4689544 7.4696531 7.4862808 7.4980892 7.4954143 7.4927394 7.4900645
-9999 7.4455785 7.4603481 7.4751177 7.4942881 7.5140369 7.5337856 7.5447967 7.5457234 7.5466502 7.5469453 7.5337095 7.5204737 7.5066732 7.4917417 7.4768101 7.4618786 7.4633589 7.4653559 7.4676812 7.4707643 7.4738474 7.4756886 7.4768168 7.4779451 7.4794559 7.481992 7.4845282 7.4870644 7.4976529 7.5085404 7.5160088 7.5168865 7.5177642 7.5206841 7.5244024 7.5281207 7.5297457 7.5283759 7.5270062 7.5261102 7.5277017 7.5292932 7.5299774 7.5300094 7.5300413 7.529043 7.5264086 7.5237742 7.5054279 7.4843663 7.4633046 7.4544846 7.4505847 7.4512834 7.4679111 7.4845388 7.4995318 7.4968569 7.494182
-9999 7.4536563 7.469187 7.4889357 7.5086844 7.5284332 7.5481819 7.559193 7.5601198 7.5610465 7.5619732 7.5629 7.5528423 7.5390417 7.5241102 7.5091787 7.4942472 7.4793156 7.4765944 7.4789198 7.4820028 7.4833588 7.4844871 7.4856153 7.4867435 7.4882543 7.4907905 7.4933267 7.4958629 7.4983991 7.5070886 7.5145571 7.5154348 7.5190006 7.5227189 7.5264371 7.5301554 7.5317804 7.5304107 7.529041 7.5276713 7.5263015 7.527755 7.5284392 7.5284711 7.5285031 7.528535 7.5280321 7.5253977 7.5070514 7.4859898 7.4649282 7.4438665 7.4322151 7.4329138 7.4495415 7.4661692 7.4827969 7.4994246 7.4982996
-9999 7.4638345 7.4835833 7.503332 7.5230808 7.5428295 7.5625783 7.5735894 7.5745161 7.5754428 7.5763696 7.5772963 7.578223 7.5714103 7.5564788 7.5415472 7.5266157 7.5116842 7.4967527 7.4899009 7.4910291 7.4921573 7.4932856 7.4944138 7.495542 7.4970528 7.499589 7.5021252 7.5046614 7.5071976 7.5097338 7.5135988 7.5173171 7.5210353 7.5247536 7.5284719 7.5321902 7.5338152 7.5324455 7.5310758 7.529706 7.5283363 7.5269666 7.526901 7.5269329 7.5269648 7.5269968 7.5270287 7.5270212 7.508675 7.4876133 7.4665517 7.44549 7.4244284 7.4145442 7.4311719 7.4477996 7.4644273 7.481055 7.4976827
-9999 7.4865199 7.5062687 7.5260174 7.5457662 7.5655149 7.5862645 7.5981954 7.5991222 7.6000489 7.6009757 7.6019024 7.5969653 7.5850582 7.5726703 7.5577388 7.5428072 7.5278757 7.5129442 7.5028689 7.5039971 7.5051254 7.5062536 7.5073818 7.5036523 7.4959619 7.4994096 7.5019458 7.504482 7.5070181 7.5095543 7.5124943 7.5162126 7.5199309 7.5236491 7.5273674 7.5366563 7.5449254 7.5435557 7.542186 7.5408163 7.5394465 7.532474 7.5291497 7.529867 7.529899 7.5299309 7.5299629 7.5299948 7.5120415 7.4909798 7.4699182 7.4488566 7.4307882 7.4274209 7.4440486 7.4606763 7.477304 7.4939317 7.5012105
-9999 7.5105186 7.5302673 7.5500161 7.5697648 7.5910226 7.6124881 7.624419 7.6253458 7.6262725 7.6271993 7.6184204 7.6063684 7.5944614 7.5828446 7.5712278 7.5564359 7.5415043 7.5265728 7.5164975 7.5176258 7.518754 7.5198822 7.5125661 7.5006406 7.4929502 7.4966112 7.5002721 7.5028801 7.5054163 7.5079525 7.5108925 7.5146107 7.518329 7.5220473 7.5341979 7.5492044 7.5574735 7.5561038 7.554734 7.5533643 7.5443758 7.5343263 7.531002 7.5325123 7.5335417 7.5335736 7.5336055 7.5336375 7.5156842 7.4946225 7.4735609 7.4577549 7.4486152 7.4452479 7.4618756 7.4785033 7.495131 7.4995596 7.5011678
-9999 7.5345172 7.554266 7.5743151 7.5957806 7.6172462 7.6387117 7.6506426 7.6515694 7.6519276 7.6398756 7.6278236 7.6157716 7.6038645 7.5922477 7.5806309 7.5690142 7.555133 7.5402014 7.5301261 7.5312544 7.5323826 7.52148 7.5095544 7.4976289 7.4899385 7.4935994 7.4972604 7.5009213 7.5038145 7.5063507 7.5092906 7.5130089 7.5167329 7.5317394 7.5467459 7.5617524 7.5700215 7.5686518 7.5663271 7.5562776 7.5462281 7.5361786 7.5328543 7.5343646 7.535875 7.5372163 7.5372482 7.5372802 7.5193269 7.4982652 7.4847217 7.475582 7.4664422 7.4630749 7.4797026 7.4963004 7.4979086 7.4995169 7.5011251
-9999 7.5585158 7.5790731 7.6005387 7.6220042 7.6434698 7.6649353 7.6768662 7.6733828 7.6613308 7.6492788 7.6372268 7.6251748 7.6132677 7.6016509 7.5900341 7.5784173 7.5668005 7.5538301 7.5437548 7.5423194 7.5303938 7.5184682 7.5065427 7.4946171 7.4869268 7.4905877 7.4942487 7.4979096 7.5015706 7.5047489 7.5076888 7.5142744 7.5292809 7.5442874 7.559294 7.5743005 7.5825696 7.5782289 7.5681794 7.5581299 7.5480804 7.5380309 7.5347066 7.5362169 7.5377273 7.5392376 7.540748 7.5409228 7.5229695 7.5116884 7.5025487 7.493409 7.4842692 7.480902 7.4946495 7.4962577 7.4978659 7.4994742 7.5010824
-9999 7.5821822 7.6036477 7.6251132 7.6465788 7.6680443 7.6895099 7.6943506 7.6822985 7.6702465 7.6581945 7.6461425 7.6340905 7.6207896 7.6091728 7.597556 7.5859392 7.5743224 7.5627057 7.5509955 7.5390699 7.5271444 7.5152188 7.5032933 7.4913677 7.4849989 7.4886599 7.4923208 7.4959818 7.4996427 7.5033037 7.5108399 7.5258464 7.540853 7.5558595 7.570866 7.5858725 7.590142 7.5800925 7.570043 7.5599935 7.549944 7.5398945 7.534583 7.5360933 7.5376037 7.539114 7.5406244 7.5421347 7.5345644 7.5254247 7.516285 7.5071452 7.4980055 7.4927988 7.494407 7.4960152 7.4976234 7.4992316 7.5008398
-9999 7.5959493 7.6174148 7.6388804 7.6603459 7.6818114 7.6975629 7.7000718 7.6880197 7.6759677 7.6639157 7.6518637 7.6404215 7.6259652 7.6051084 7.5927488 7.5811321 7.5695153 7.5578985 7.5461883 7.5342627 7.5223372 7.5104116 7.4984861 7.4929882 7.4917477 7.4940017 7.4974964 7.5011574 7.5048183 7.5084793 7.5160155 7.531022 7.5460286 7.5610351 7.5760416 7.5889342 7.5920795 7.58203 7.5719805 7.561931 7.5518815 7.5419362 7.5312282 7.52302 7.5245303 7.5260407 7.527551 7.5290614 7.521491 7.5123513 7.5032116 7.4940719 7.4903045 7.4912467 7.4928549 7.4944631 7.4960713 7.4976795 7.49264
-9999 7.6097164 7.6311819 7.6526475 7.6730338 7.6881589 7.7032841 7.7057929 7.6937409 7.6816889 7.6696678 7.6584077 7.6471475 7.6326912 7.6118345 7.5909777 7.5763249 7.5647081 7.5530913 7.5413811 7.5294556 7.51753 7.5056045 7.5024349 7.4998906 7.49865 7.5009041 7.5031582 7.506333 7.5099939 7.5136549 7.5211911 7.5361977 7.5512042 7.566135 7.5785033 7.5908717 7.594017 7.5839675 7.573918 7.5638855 7.5539459 7.5440064 7.5332983 7.5220378 7.511457 7.5129673 7.5144777 7.515988 7.5084177 7.499278 7.4901383 7.4880025 7.4887524 7.4896946 7.4913028 7.492911 7.4939407 7.4882806 7.4826204
-9999 7.6234835 7.6449491 7.6636298 7.678755 7.6938801 7.7090053 7.7115141 7.6994621 7.687654 7.6763939 7.6651337 7.6538736 7.6394173 7.6185605 7.5977038 7.576847 7.5599009 7.5482841 7.5365739 7.5246484 7.5144259 7.5118816 7.5093373 7.5067929 7.5055524 7.5078065 7.5100606 7.5123147 7.5151696 7.5188305 7.5263667 7.5413733 7.5557042 7.5680725 7.5804408 7.5928091 7.5959545 7.585905 7.5758952 7.5659556 7.5560161 7.5460765 7.5353685 7.524108 7.5128474 7.5015869 7.5014043 7.5029147 7.4953444 7.4862046 7.4857005 7.4864504 7.4872003 7.4881425 7.4897507 7.4895813 7.4839211 7.4782609 7.4726007
-9999 7.6372507 7.6542259 7.669351 7.6844762 7.6996013 7.7147265 7.7172353 7.7056402 7.6943801 7.6831199 7.6718598 7.6605996 7.6461433 7.6252866 7.6044298 7.5835731 7.5627164 7.5434769 7.5317667 7.5238727 7.5213283 7.518784 7.5162397 7.5136953 7.5124548 7.5147089 7.516963 7.5192171 7.5214711 7.5240061 7.5315423 7.5452734 7.5576417 7.57001 7.5823783 7.5947466 7.5978919 7.5879049 7.5779653 7.5680258 7.5580862 7.5481467 7.5374386 7.5261781 7.5149176 7.5036571 7.4923966 7.4898413 7.4826485 7.4833984 7.4841484 7.4848983 7.4856482 7.4865904 7.4852218 7.4795616 7.4739014 7.4682413 7.4625811
-9999 7.6406615 7.6557867 7.6709118 7.686037 7.7011622 7.7162873 7.7198969 7.7086368 7.6973766 7.6861164 7.6748563 7.6635961 7.6472914 7.6261545 7.6052977 7.584441 7.5635842 7.5427275 7.5274082 7.5248638 7.5223195 7.5197752 7.5172308 7.5146865 7.5174442 7.5219379 7.524192 7.5264461 7.5287002 7.5309542 7.536663 7.5490313 7.5613996 7.5737679 7.5861363 7.5985046 7.595664 7.5857245 7.5757849 7.5658454 7.5559058 7.5459663 7.5393814 7.5281209 7.5168604 7.5055999 7.4943394 7.4830788 7.4810228 7.4817727 7.4825226 7.4832725 7.4840224 7.4873524 7.4840936 7.4784334 7.4727732 7.467113 7.4614529
-9999 7.6325552 7.6476803 7.6628055 7.6779306 7.6937065 7.7131654 7.7172248 7.7035111 7.691707 7.6804469 7.6691867 7.6579265 7.6416218 7.6152151 7.5925533 7.5716965 7.5508398 7.5299831 7.5146637 7.5121194 7.5095751 7.5070307 7.5044864 7.49764 7.4988029 7.5223008 7.53218 7.5344341 7.5366881 7.5389422 7.544651 7.5570193 7.5693876 7.5817559 7.5938368 7.5993728 7.5947088 7.5754524 7.5637277 7.5537881 7.5438486 7.533909 7.5297844 7.5297678 7.5185073 7.5072467 7.4959862 7.4847257 7.4812378 7.4799757 7.4807257 7.4814756 7.4822255 7.4855555 7.4978224 7.4979656 7.4923054 7.4866452 7.4809851
-9999 7.6244488 7.639574 7.6546991 7.6717578 7.6912167 7.7106756 7.714735 7.7010213 7.6873076 7.6747773 7.6635171 7.6522569 7.6359522 7.6095455 7.5831388 7.5589521 7.5380954 7.5172386 7.5019193 7.499375 7.4968306 7.4933391 7.4861689 7.4789987 7.4801617 7.5036596 7.5271574 7.5424221 7.5446761 7.5469302 7.552639 7.5650073 7.5773756 7.5877244 7.5932604 7.5987963 7.5941324 7.5748759 7.5556195 7.5417309 7.5317914 7.5218518 7.5177272 7.5177829 7.5178386 7.5088936 7.4976331 7.4863725 7.4828846 7.4807401 7.4789287 7.4796787 7.4804286 7.4837585 7.4960255 7.5082924 7.5118376 7.5061775 7.5005173
-9999 7.6163424 7.6314676 7.6498091 7.669268 7.6887269 7.7081858 7.7122452 7.6985315 7.6848178 7.6711041 7.6578475 7.6465874 7.6302827 7.6038759 7.5774692 7.5510625 7.525351 7.5044942 7.4891749 7.4866305 7.481868 7.4746979 7.4675277 7.4603575 7.4615204 7.4850183 7.5085162 7.5320141 7.5526641 7.5549182 7.560627 7.5729953 7.5816121 7.587148 7.592684 7.5982199 7.5935559 7.5742995 7.5550431 7.5357867 7.5197341 7.5097946 7.50567 7.5057257 7.5057813 7.505837 7.4992799 7.4880194 7.4845315 7.4823869 7.4802423 7.4780978 7.4786316 7.4819616 7.4942286 7.5064955 7.5187625 7.5257097 7.5200495
-9999 7.6084014 7.6278603 7.6473192 7.6667781 7.6862371 7.705696 7.7097553 7.6960417 7.682328 7.6686143 7.6549006 7.6411869 7.6246131 7.5982064 7.5717996 7.5453929 7.5189862 7.4925795 7.4764305 7.470397 7.4632268 7.4560566 7.4488864 7.4417162 7.4428792 7.4663771 7.4898749 7.5133728 7.5368707 7.5603686 7.568615 7.5754997 7.5810356 7.5865716 7.5921075 7.5976435 7.5929795 7.5737231 7.5544667 7.5352103 7.5159538 7.4977373 7.4936127 7.4936684 7.4937241 7.4937798 7.4938355 7.4896662 7.4861783 7.4840338 7.4818892 7.4797446 7.4776 7.4801647 7.4924316 7.5046986 7.5169655 7.5292325 7.5395817
-9999 7.5921079 7.6115668 7.6310257 7.6504846 7.6699435 7.6874266 7.6862704 7.6725568 7.6588431 7.6451294 7.6314157 7.6177269 7.6077654 7.5905152 7.5641085 7.5377018 7.511295 7.4848883 7.4642985 7.4571283 7.4499581 7.4427879 7.4356177 7.4284475 7.4462969 7.4707503 7.4942482 7.5177461 7.5412439 7.5647418 7.5821045 7.5876404 7.5931764 7.5987123 7.6042482 7.6078458 7.5941225 7.574866 7.5556096 7.5363532 7.5170968 7.5006727 7.489452 7.4881332 7.4881889 7.4882446 7.4883002 7.4883559 7.4865356 7.484391 7.4822464 7.4801019 7.4779573 7.4719974 7.4842644 7.4965313 7.5087983 7.5210652 7.5296144
-9999 7.5654019 7.5848608 7.6043197 7.6237786 7.6383803 7.6481047 7.6469486 7.6332349 7.6195212 7.6058075 7.5922215 7.5788549 7.5688934 7.5657508 7.5548924 7.5284857 7.502079 7.4756722 7.4550824 7.4479122 7.440742 7.4335718 7.4324529 7.4474398 7.4653257 7.4909813 7.5159817 7.5394796 7.5629774 7.5864753 7.603838 7.6093739 7.6149099 7.6204458 7.6201414 7.6102857 7.5965624 7.577306 7.5580496 7.5387932 7.5246838 7.5153937 7.504173 7.4915645 7.4875734 7.487629 7.4876847 7.4877404 7.48592 7.4837755 7.4816309 7.478531 7.4660004 7.4590249 7.4712919 7.4835588 7.4958258 7.5017962 7.5004744
-9999 7.5386959 7.5581548 7.5776138 7.589334 7.5990584 7.6087828 7.6076267 7.593913 7.5801993 7.566716 7.5533494 7.5399828 7.5300213 7.5268787 7.5237361 7.5192696 7.4928629 7.4664561 7.4458663 7.4386961 7.4315259 7.4364947 7.4514816 7.4664685 7.4843544 7.51001 7.5356657 7.5612131 7.5847109 7.6082088 7.6255715 7.6311074 7.6366434 7.6324371 7.6225814 7.6127256 7.5990023 7.5797459 7.5604895 7.5486949 7.5394048 7.5301147 7.5188941 7.5062855 7.493677 7.4870135 7.4870692 7.4871249 7.4853045 7.4831599 7.4780891 7.4655585 7.4530279 7.4460524 7.4583194 7.4705863 7.473978 7.4726562 7.4713344
-9999 7.51199 7.5305634 7.5402878 7.5500122 7.5597366 7.569461 7.5683048 7.5545911 7.5412106 7.527844 7.5144774 7.5011108 7.4911493 7.4880067 7.4848641 7.4817214 7.4785788 7.4572401 7.4366502 7.42948 7.4405365 7.4555234 7.4705103 7.4854972 7.5033831 7.5290387 7.5546944 7.58035 7.6060057 7.6299423 7.647305 7.6528409 7.6447328 7.634877 7.6250213 7.6151656 7.6014423 7.5821859 7.5727061 7.563416 7.5541259 7.5448358 7.5336151 7.5210065 7.508398 7.4957894 7.4864536 7.4865093 7.484689 7.4776472 7.4651166 7.452586 7.4400554 7.4330799 7.4453469 7.4461599 7.4448381 7.4435162 7.4421944
-9999 7.4815171 7.4912415 7.5009659 7.5106903 7.5204147 7.5301391 7.5290717 7.5157051 7.5023385 7.4889719 7.4756053 7.4622387 7.4522772 7.4491346 7.445992 7.4428494 7.4397068 7.4365642 7.4295914 7.4445783 7.4595652 7.4745521 7.489539 7.5045259 7.5224118 7.5480674 7.5737231 7.5993787 7.6250344 7.6506901 7.6668842 7.6570285 7.6471727 7.637317 7.6274613 7.6176055 7.6060073 7.5967172 7.5874271 7.578137 7.5688469 7.5595568 7.5483361 7.5357276 7.523119 7.5105105 7.4979019 7.4858938 7.4772053 7.4646747 7.4521441 7.4396135 7.4270829 7.4196635 7.4183417 7.4170199 7.4156981 7.4143763 7.4130544
-9999 7.4691454 7.4788698 7.4885942 7.4983186 7.508043 7.5217479 7.5331043 7.5311329 7.5177663 7.5043997 7.4910331 7.4776665 7.4643109 7.4536607 7.4505181 7.4473755 7.4442328 7.4410902 7.4434297 7.4584166 7.4734035 7.4883904 7.5033774 7.5230629 7.5422923 7.5430312 7.5686869 7.5943425 7.6199982 7.6456539 7.65918 7.6493243 7.6394685 7.6296128 7.6197571 7.6157132 7.6099259 7.5952667 7.5859766 7.5766865 7.5673963 7.5581062 7.5481825 7.5365425 7.523934 7.5113255 7.4987169 7.4861084 7.4812022 7.4699771 7.4574465 7.4449159 7.4323853 7.4216336 7.4177808 7.416459 7.4151372 7.4138154 7.4124935
-9999 7.4619389 7.4716633 7.4813877 7.4911121 7.5069522 7.5238904 7.5352469 7.5401613 7.543601 7.5302344 7.5168678 7.5035012 7.4901455 7.4768118 7.4634781 7.460219 7.4570764 7.4539338 7.4562733 7.4712602 7.4862471 7.501234 7.5247003 7.5534479 7.5726773 7.5663959 7.5601144 7.5846942 7.6103498 7.6360055 7.6495316 7.6396759 7.6298202 7.6199644 7.6191006 7.6217888 7.6160015 7.5980886 7.5814266 7.5721365 7.5628464 7.5535563 7.5436326 7.5332534 7.5220838 7.5094753 7.4968667 7.4842582 7.479352 7.4757771 7.4662515 7.4537209 7.4411903 7.4304385 7.4258484 7.4213754 7.4200536 7.4187318 7.41741
