mean_models/J1_mean_tot_conduct_slide_170.29.dat.tif
NCOLS 118
NROWS 92
XLLCORNER 139.62
YLLCORNER -39.07
DX 0.099491525
DY 0.099347826
NODATA_VALUE -9999
[rows 25 to 49 of 92, columns 58 to 115 of 118]
-1.8060304 -1.7698923 -1.7502387 -1.7491965 -1.7723857 -1.8182694 -1.8643126 -1.9269542 -1.9725726 -2.0372304 -2.0659652 -2.0988429 -2.1077437 -2.1049283 -2.0827745 -2.0383583 -1.9775579 -1.898622 -1.826256 -1.7532672 -1.6726411 -1.6128676 -1.5614557 -1.5467285 -1.5734378 -1.5959324 -1.6843505 -1.7558733 -1.8728573 -1.9988764 -2.111712 -2.1674173 -2.2078948 -2.2451414 -2.2969976 -2.3170039 -2.3934645 -2.5514481 -2.6032527 -2.6084522 -2.5846023 -2.5685856 -2.4117649 -2.3137988 -2.2888088 -2.2536942 -2.2323944 -2.1503052 -2.0784661 -2.0762763 -2.097383 -2.1088236 -2.1541061 -2.1806668 -2.2072906 -2.2314132 -2.2532764 -9999
-1.8534325 -1.8147414 -1.7898225 -1.7793497 -1.7915433 -1.8229616 -1.8582546 -1.9024731 -1.9421481 -1.9810489 -2.0051628 -2.0248551 -2.0302379 -2.0197027 -1.9920662 -1.9465829 -1.8857826 -1.8159144 -1.7504846 -1.6873493 -1.6255367 -1.5777843 -1.560472 -1.5663245 -1.6150669 -1.67034 -1.7476353 -1.84943 -1.9840361 -2.075222 -2.1857681 -2.3101547 -2.3160071 -2.3417451 -2.3740948 -2.3889721 -2.4497547 -2.6019182 -2.6007156 -2.5890107 -2.5507917 -2.5097213 -2.349783 -2.2391898 -2.2040751 -2.1598735 -2.1247589 -2.0786818 -2.0290797 -2.0349321 -2.0878432 -2.1171054 -2.1702256 -2.2150736 -2.2501882 -2.2818833 -2.2994407 -9999
-1.9049743 -1.8552286 -1.8263551 -1.8058424 -1.8097318 -1.8229616 -1.8471563 -1.8759803 -1.9041677 -1.9346865 -1.9451593 -1.9586232 -1.9586232 -1.9459375 -1.9127736 -1.8710343 -1.8195507 -1.7603688 -1.7107455 -1.6720543 -1.6255367 -1.6034275 -1.5990733 -1.6458027 -1.7081418 -1.7895574 -1.8303248 -1.8957923 -1.9866587 -2.0493958 -2.088087 -2.2836555 -2.5213259 -2.540818 -2.5661672 -2.5720197 -2.6280525 -2.5987903 -2.5659438 -2.5360252 -2.4699598 -2.4037502 -2.2340294 -2.1179929 -2.053616 -2.0050916 -1.9658023 -2.0188959 -2.0182969 -2.0826737 -2.1661184 -2.242946 -2.3091128 -2.3610741 -2.4137461 -2.4517621 -2.4782667 -9999
-1.9399531 -1.8879804 -1.8491467 -1.82551 -1.8153361 -1.8231906 -1.8341148 -1.8558756 -1.8744019 -1.8985086 -1.9053432 -1.9118501 -1.9087568 -1.8990581 -1.8699716 -1.8368077 -1.790014 -1.7402683 -1.7133899 -1.7055136 -1.6768648 -1.6748405 -1.6912884 -1.748934 -1.8317805 -1.9215828 -1.9263329 -1.9674764 -2.0400602 -2.0760879 -2.1048166 -2.2825858 -2.5660189 -2.6164032 -2.6375043 -2.6304902 -2.6250665 -2.5892189 -2.5208939 -2.4787467 -2.3702582 -2.2869368 -2.1015761 -1.9725033 -1.8952565 -1.8491747 -1.8097082 -1.8893972 -1.9483924 -2.0370136 -2.1751691 -2.274656 -2.3623501 -2.4254854 -2.4758825 -2.508046 -2.5365089 -9999
-1.9689816 -1.9137086 -1.8712935 -1.8398751 -1.8257369 -1.8205005 -1.8265605 -1.8376151 -1.8533409 -1.8681349 -1.8733713 -1.8772848 -1.8717575 -1.8609739 -1.8388646 -1.8124871 -1.7793232 -1.7552272 -1.7377653 -1.7414334 -1.7456827 -1.7567373 -1.7953441 -1.8714259 -1.9615019 -2.0609935 -2.0563826 -2.0491238 -2.0959433 -2.1272632 -2.1438451 -2.3129594 -2.6055815 -2.6559826 -2.6606472 -2.6479462 -2.6249651 -2.5781456 -2.5004048 -2.4184706 -2.2926172 -2.1631467 -1.9697777 -1.8150369 -1.7213978 -1.6793514 -1.6559416 -1.7515905 -1.8555389 -1.9784402 -2.1293743 -2.2756854 -2.371313 -2.4490358 -2.4958553 -2.5253286 -2.5487384 -9999
-1.9860456 -1.9261271 -1.8788216 -1.8398751 -1.8228189 -1.8142913 -1.8131182 -1.8189874 -1.830042 -1.843298 -1.8485344 -1.8538429 -1.859339 -1.8538117 -1.8450739 -1.8299232 -1.8103694 -1.7947675 -1.806067 -1.8392308 -1.8525696 -1.8802061 -1.9244056 -2.0142384 -2.0949903 -2.1851782 -2.1347781 -2.1050069 -2.136236 -2.1494999 -2.1562636 -2.3304435 -2.6304185 -2.6728897 -2.6730657 -2.6496559 -2.6249651 -2.5550776 -2.4431533 -2.3315412 -2.153815 -2.0017065 -1.796871 -1.6411782 -1.5475391 -1.525236 -1.5193383 -1.6631344 -1.7748188 -1.9558351 -2.1451521 -2.3129408 -2.4033776 -2.4800819 -2.5175148 -2.5379734 -2.5549476 -9999
-1.9898667 -1.9280056 -1.8784638 -1.8365726 -1.8063334 -1.7958606 -1.7935145 -1.7935145 -1.807499 -1.8168116 -1.819576 -1.8276247 -1.8370061 -1.844958 -1.842048 -1.8594182 -1.8483636 -1.8554446 -1.8834744 -1.9295818 -1.972788 -2.0222374 -2.0757914 -2.1694305 -2.2491366 -2.3320462 -2.2993523 -2.2333617 -2.250919 -2.2608857 -2.266413 -2.3714853 -2.673978 -2.7150364 -2.7082781 -2.6723778 -2.6320538 -2.5199603 -2.3286493 -2.1940431 -2.0046528 -1.8178926 -1.6267759 -1.4648467 -1.3754309 -1.3884697 -1.4001746 -1.5615629 -1.7266152 -1.9235205 -2.0958745 -2.2831526 -2.4451666 -2.5148344 -2.5477318 -2.5605164 -2.5722213 -9999
-1.9832436 -1.9169159 -1.8652174 -1.8233262 -1.7922067 -1.7660247 -1.7603986 -1.7603986 -1.7764296 -1.7903188 -1.7903188 -1.7945087 -1.8110906 -1.8250885 -1.8361431 -1.8608757 -1.8940395 -1.9307011 -1.9695758 -2.0248489 -2.0853822 -2.1682918 -2.2546175 -2.3482566 -2.4269957 -2.4988507 -2.4741607 -2.4383764 -2.4500813 -2.4595814 -2.4651087 -2.570181 -2.7574591 -2.7799279 -2.7678868 -2.7210673 -2.6021819 -2.3212647 -2.1299536 -1.9953474 -1.8025608 -1.6059505 -1.4303772 -1.2925561 -1.2164744 -1.2355073 -1.2998841 -1.4758408 -1.6664702 -1.8771582 -2.045897 -2.192208 -2.4063331 -2.5574379 -2.5808477 -2.5932655 -2.5991179 -9999
-1.9809275 -1.9107016 -1.8589235 -1.8170323 -1.7895033 -1.7658653 -1.7642891 -1.7661345 -1.7821656 -1.79861 -1.8143192 -1.8213883 -1.8474992 -1.8713551 -1.8972491 -1.936138 -1.9799227 -2.0189573 -2.0689478 -2.1408028 -2.2010614 -2.2739336 -2.351864 -2.4301574 -2.4899935 -2.5500789 -2.4962183 -2.4530367 -2.4623708 -2.4681072 -2.4736345 -2.5819122 -2.7721195 -2.7837191 -2.7682552 -2.7097308 -2.5875216 -2.2950054 -2.0610473 -1.9009385 -1.6831754 -1.4807096 -1.3051363 -1.1679529 -1.1258325 -1.1996112 -1.2857021 -1.5165763 -1.7088538 -1.9359243 -2.0937508 -2.2284571 -2.4302975 -2.5823745 -2.5978922 -2.602269 -2.605651 -9999
-1.9786911 -1.9065725 -1.855058 -1.8131668 -1.7881378 -1.7671922 -1.7717891 -1.7773164 -1.8035311 -1.8208006 -1.8381847 -1.8595904 -1.8894868 -1.9243974 -1.9577119 -2.0097928 -2.0650659 -2.1158051 -2.1681733 -2.2351507 -2.304774 -2.3738606 -2.4335867 -2.5028066 -2.5477448 -2.5919633 -2.5296422 -2.4628838 -2.4687363 -2.4725 -2.4775 -2.5857777 -2.7789083 -2.7914501 -2.7675573 -2.6997308 -2.5641525 -2.2649826 -2.0092198 -1.8160892 -1.590193 -1.3711665 -1.2053265 -1.0862089 -1.061832 -1.1757253 -1.2986266 -1.5488453 -1.784347 -2.0161391 -2.1462712 -2.26332 -2.4584905 -2.5989182 -2.6103116 -2.61 -2.61 -9999
-1.9786911 -1.9013089 -1.8490525 -1.8123978 -1.7892284 -1.7735192 -1.7819904 -1.7971859 -1.8347754 -1.8671629 -1.8881085 -1.9125759 -1.9512671 -1.9906292 -2.0348477 -2.0912297 -2.1575574 -2.2121868 -2.2675211 -2.3283215 -2.3908755 -2.4516758 -2.5064418 -2.5474089 -2.5836421 -2.6118328 -2.5448413 -2.469507 -2.4753595 -2.4791232 -2.4791232 -2.5857777 -2.7789083 -2.7914501 -2.7675573 -2.6856231 -2.5346521 -2.2186202 -1.956352 -1.7299878 -1.5015963 -1.2784419 -1.1321308 -1.0376515 -1.0552088 -1.1837332 -1.3582353 -1.6331098 -1.8841587 -2.0889942 -2.2099313 -2.2898128 -2.4782565 -2.6110823 -2.6169348 -2.6154592 -2.61 -9999
-1.9723894 -1.9013089 -1.8512935 -1.8169082 -1.8053872 -1.7950681 -1.8215725 -1.842547 -1.891191 -1.9288232 -1.9588929 -1.9869772 -2.0337027 -2.0748186 -2.119037 -2.1736933 -2.2381131 -2.295373 -2.3397492 -2.3845715 -2.4621091 -2.5869806 -2.6422911 -2.6863473 -2.7181965 -2.745833 -2.6767652 -2.5996773 -2.6055298 -2.6092935 -2.6092935 -2.5227481 -2.5849681 -2.6021474 -2.5798767 -2.5240063 -2.3668976 -2.1226035 -1.9053353 -1.673484 -1.4566986 -1.2388232 -1.1360171 -1.0529364 -1.1054727 -1.2845953 -1.4774139 -1.8133924 -2.0661949 -2.2743787 -2.3859141 -2.4572749 -2.6326062 -2.7628015 -2.768654 -2.7635144 -2.7559387 -9999
-1.9631638 -1.8968362 -1.8581051 -1.8266867 -1.8253261 -1.8253261 -1.8604583 -1.8991495 -1.9536367 -2.0004944 -2.0319128 -2.0665039 -2.1159169 -2.1598321 -2.2040506 -2.257004 -2.3178044 -2.3650031 -2.4022263 -2.4415197 -2.5035913 -2.6461271 -2.7483848 -2.7952044 -2.8272001 -2.8548366 -2.7874718 -2.7103838 -2.7162363 -2.7182971 -2.7182971 -2.6317517 -2.4737358 -2.4326818 -2.4145005 -2.3572432 -2.2632253 -2.0817996 -1.8662343 -1.6262841 -1.4236981 -1.2251945 -1.143051 -1.1149004 -1.1909822 -1.3905396 -1.6187848 -1.9547095 -2.253376 -2.464064 -2.5398385 -2.5983629 -2.77174 -2.893662 -2.8995145 -2.892672 -2.8809671 -9999
-1.9509844 -1.8957113 -1.8637645 -1.8531795 -1.8612571 -1.8849348 -1.9278256 -1.9786277 -2.0440373 -2.0998422 -2.1312606 -2.1658518 -2.2100702 -2.2511132 -2.2842771 -2.3347059 -2.3906595 -2.4264182 -2.4485886 -2.4762252 -2.530084 -2.6627394 -2.7604408 -2.7955555 -2.8251224 -2.8482135 -2.7839809 -2.7103838 -2.7116739 -2.7116739 -2.7116739 -2.6251285 -2.4671126 -2.423124 -2.4012541 -2.3310248 -2.2296984 -2.0365678 -1.825516 -1.5997914 -1.4268369 -1.2583104 -1.2231957 -1.2189227 -1.341824 -1.5519138 -1.7976109 -2.1119389 -2.3925648 -2.5154661 -2.5735368 -2.6049861 -2.7783632 -2.9 -2.9 -2.892672 -2.8809671 -9999
-1.947302 -1.9016434 -1.8886331 -1.8857713 -1.9147945 -1.9451741 -2.0110865 -2.067763 -2.1383634 -2.1975398 -2.2213286 -2.2531796 -2.2908583 -2.3229534 -2.3494714 -2.3895938 -2.4425455 -2.4706152 -2.4786822 -2.4925825 -2.5380721 -2.6601551 -2.7499125 -2.7803435 -2.8065626 -2.8286719 -2.7683871 -2.6960802 -2.6969564 -2.6987474 -2.6960802 -2.6095348 -2.4515188 -2.3982553 -2.3743576 -2.2951973 -2.1855014 -1.9947426 -1.8182172 -1.6053256 -1.4804605 -1.3325327 -1.3382841 -1.3641415 -1.5062971 -1.7137597 -1.9627074 -2.2267337 -2.4738813 -2.5655699 -2.591547 -2.613304 -2.7800371 -2.9 -2.9 -2.892672 -2.8809671 -9999
-1.9374877 -1.9043239 -1.9056938 -1.921403 -1.9622787 -2.0094062 -2.0809166 -2.1582989 -2.228526 -2.3030856 -2.3250795 -2.3481479 -2.3813117 -2.4062958 -2.4228777 -2.4459864 -2.4902049 -2.5026861 -2.5062182 -2.5138944 -2.5189757 -2.6350491 -2.7111127 -2.7345225 -2.7552311 -2.7773403 -2.7054755 -2.6387172 -2.6445696 -2.6463606 -2.6408333 -2.5635633 -2.4055474 -2.3540954 -2.3201755 -2.2411666 -2.1254039 -1.9381257 -1.7905858 -1.620865 -1.5154927 -1.4220386 -1.4482681 -1.5258752 -1.6897436 -1.8790903 -2.1073356 -2.3617594 -2.5398476 -2.5925196 -2.6130619 -2.6247668 -2.7624346 -2.8782609 -2.8782609 -2.8709329 -2.859228 -9999
-1.9123551 -1.9109471 -1.9255888 -1.9677653 -2.01938 -2.0822613 -2.157155 -2.2377772 -2.2991284 -2.3693175 -2.4583362 -2.5000169 -2.5276535 -2.550487 -2.5619646 -2.5541916 -2.5498136 -2.558169 -2.5525805 -2.5415259 -2.5325446 -2.4827988 -2.5267174 -2.5292036 -2.5441627 -2.5587751 -2.4358278 -2.3340505 -2.339903 -2.341694 -2.3361667 -2.2887913 -2.1869822 -2.1429936 -2.1148567 -2.0563323 -1.9465778 -1.8645154 -1.7763649 -1.6539809 -1.5976826 -1.5346328 -1.6048621 -1.6914549 -1.8384044 -1.9728261 -2.1404515 -2.4306905 -2.6193259 -2.6445474 -2.6565165 -2.6645059 -2.6534472 -2.7193043 -2.7139638 -2.7081114 -2.7002714 -9999
-1.8875435 -1.8990384 -1.9405163 -2.0026818 -2.0740466 -2.1510571 -2.2341622 -2.3170718 -2.3786067 -2.4397016 -2.5285066 -2.598372 -2.6228599 -2.6339146 -2.6407609 -2.6268437 -2.598417 -2.5879226 -2.5657254 -2.5546708 -2.5108924 -2.4579654 -2.4005375 -2.389413 -2.3969742 -2.3907284 -2.2629365 -2.1581012 -2.1639537 -2.1657447 -2.1635217 -2.1307625 -2.0516687 -2.0199284 -1.9967335 -1.9387463 -1.8883824 -1.831341 -1.7590678 -1.6954649 -1.6972333 -1.6638357 -1.7357389 -1.8461078 -1.976579 -2.0977754 -2.1828841 -2.4555021 -2.6508912 -2.6700744 -2.6779657 -2.68 -2.6682733 -2.6580409 -2.6521884 -2.646336 -2.6404835 -9999
-1.8870526 -1.9202164 -1.9840353 -2.0625812 -2.1454446 -2.229227 -2.3108783 -2.3937879 -2.4477983 -2.506837 -2.5906193 -2.6556477 -2.6667023 -2.6721807 -2.6721807 -2.6498512 -2.6166874 -2.5880574 -2.55684 -2.507296 -2.4495025 -2.3776475 -2.3107698 -2.2756551 -2.2466745 -2.2300926 -2.1419624 -2.0442154 -2.0500678 -2.0594387 -2.064966 -2.0387489 -1.9743721 -1.9505466 -1.9290965 -1.8919963 -1.854788 -1.8255258 -1.8036331 -1.762666 -1.7773432 -1.8006574 -1.8884441 -1.9830054 -2.0883494 -2.1557749 -2.2201518 -2.4857057 -2.6649443 -2.6766491 -2.68 -2.68 -2.6682733 -2.6580409 -2.6521884 -2.6456091 -2.6397566 -9999
-1.8899 -1.9512626 -2.0270357 -2.1246736 -2.2104007 -2.2975286 -2.3720556 -2.449671 -2.4898311 -2.5439942 -2.6225401 -2.6860508 -2.6915781 -2.6953199 -2.6908084 -2.6629741 -2.6228966 -2.5883865 -2.5382123 -2.4497754 -2.3769228 -2.2442674 -2.1537409 -2.0583318 -2.0018678 -1.9568861 -1.9016224 -1.8206828 -1.8297076 -1.8470985 -1.8724796 -1.8685689 -1.8377688 -1.8413173 -1.8359579 -1.8359579 -1.8051141 -1.8225313 -1.844625 -1.8371769 -1.873196 -1.9062145 -1.9940011 -2.0885625 -2.153532 -2.1922408 -2.2387795 -2.4937427 -2.6711535 -2.6779611 -2.68 -2.68 -2.6682733 -2.6580409 -2.6521884 -2.642672 -2.6335474 -9999
-1.8980179 -1.9699392 -2.0653659 -2.1705685 -2.2947204 -2.3837391 -2.4594392 -2.5312942 -2.571087 -2.5970799 -2.6174378 -2.6778845 -2.6834119 -2.6816652 -2.6752074 -2.6453251 -2.6011067 -2.5523543 -2.4915029 -2.3701273 -2.2537949 -2.0830722 -1.9358622 -1.8140961 -1.7033936 -1.637066 -1.5755735 -1.5195286 -1.5312335 -1.5691433 -1.6064565 -1.6958857 -1.6880728 -1.7437168 -1.7624215 -1.8101304 -1.8195272 -1.8444419 -1.8809484 -1.8985057 -1.9435131 -2.0007043 -2.1333186 -2.2098141 -2.2654071 -2.2936271 -2.3228894 -2.5398401 -2.7090145 -2.7135507 -2.7135507 -2.7135507 -2.6816936 -2.6714612 -2.6656087 -2.6527372 -2.6410323 -9999
-1.8980179 -1.9919821 -2.0984818 -2.2136826 -2.343202 -2.4793483 -2.5654102 -2.6372652 -2.677058 -2.7030509 -2.6611598 -2.6315222 -2.6370495 -2.6353028 -2.6242482 -2.5923396 -2.5481212 -2.4858324 -2.4186478 -2.2749378 -2.1147079 -1.8880883 -1.684181 -1.5144602 -1.3816508 -1.2655774 -1.1980517 -1.142731 -1.1661408 -1.204868 -1.2711957 -1.3779727 -1.5184313 -1.6146779 -1.7028128 -1.7905994 -1.8518359 -1.8576883 -1.895799 -1.9543234 -2.004762 -2.0669361 -2.2483619 -2.3775441 -2.4243636 -2.4513676 -2.4689249 -2.6562114 -2.7797826 -2.7797826 -2.7797826 -2.7797826 -2.7328758 -2.6979539 -2.6921015 -2.678921 -2.6613637 -9999
-1.9294824 -2.0353041 -2.1450303 -2.2633021 -2.3892745 -2.5228225 -2.5962128 -2.6623684 -2.6914739 -2.7149513 -2.6678237 -2.6361889 -2.6368974 -2.6375753 -2.6302849 -2.591396 -2.5417584 -2.4750678 -2.3743522 -2.1643145 -1.9832733 -1.6957772 -1.4616249 -1.2413243 -1.0818333 -0.9489021 -0.88601604 -0.83209246 -0.86277768 -0.93055019 -1.0348234 -1.1673957 -1.3317221 -1.498096 -1.6120525 -1.7759209 -1.8395016 -1.8767194 -1.9437284 -2.0100666 -2.0506668 -2.1099222 -2.2857124 -2.415199 -2.4448204 -2.4563408 -2.4694467 -2.6566896 -2.78 -2.78 -2.78 -2.78 -2.7330932 -2.6980409 -2.6921884 -2.675344 -2.6552618 -9999
-1.9626327 -2.0731789 -2.1844982 -2.3049353 -2.4299955 -2.5609054 -2.6280067 -2.6832798 -2.7092764 -2.7251316 -2.678004 -2.642558 -2.642558 -2.6377086 -2.632048 -2.5926492 -2.5373761 -2.4458319 -2.3290339 -2.0890351 -1.8533336 -1.5488491 -1.2560295 -1.008148 -0.81182429 -0.65705969 -0.58932899 -0.5403681 -0.5813352 -0.67512114 -0.79587681 -0.97397083 -1.161249 -1.365856 -1.5388988 -1.7289856 -1.8571461 -1.9109772 -1.981943 -2.0580248 -2.0951989 -2.1462787 -2.3198474 -2.4367068 -2.4587793 -2.4665211 -2.4723735 -2.6566896 -2.78 -2.78 -2.78 -2.78 -2.7330932 -2.6980409 -2.6921884 -2.670228 -2.6468183 -9999
-2.008995 -2.1195412 -2.2297409 -2.3397052 -2.4620789 -2.5877524 -2.6510373 -2.6965262 -2.7197371 -2.7317548 -2.6846272 -2.6491812 -2.6491812 -2.6443318 -2.6332772 -2.5917279 -2.5309275 -2.4169183 -2.2826716 -2.0063063 -1.727493 -1.3903273 -1.0772034 -0.78458128 -0.57389953 -0.39213215 -0.32440146 -0.27544056 -0.33807746 -0.43668636 -0.59697826 -0.79434827 -1.0342984 -1.2649695 -1.4925365 -1.7207817 -1.887881 -1.9639627 -2.032876 -2.0977639 -2.1300634 -2.1727715 -2.3424923 -2.4536976 -2.4654025 -2.4731443 -2.4789967 -2.6598485 -2.78 -2.78 -2.78 -2.78 -2.7330932 -2.6980409 -2.6921884 -2.668016 -2.6335719 -9999
