mean_models/J1_mean__temp2_slide_120.dat.tif
NCOLS 118
NROWS 92
XLLCORNER 139.62
YLLCORNER -39.07
DX 0.099491525
DY 0.099347826
NODATA_VALUE -9999
[rows 54 to 80 of 92, columns 0 to 59 of 118]
-9999 1071.7025 1077.7598 1083.817 1089.8743 1096.874 1103.9525 1109.9131 1114.5833 1119.2536 1123.9238 1120.045 1113.9157 1112.4913 1120.4888 1128.4862 1122.9116 1116.0729 1109.2341 1099.5581 1083.3364 1067.1146 1050.8929 1047.1327 1048.9719 1046.2404 1031.258 1016.2756 1010.7317 1006.3095 1001.8874 1004.5859 1021.0108 1037.4356 1053.8605 1063.4728 1071.2672 1076.5911 1078.3806 1080.1701 1081.9595 1080.0869 1077.8933 1078.1317 1080.1183 1082.2737 1084.8535 1087.4333 1090.0131 1091.2622 1092.2813 1093.3004 1092.9921 1091.2521 1089.8006 1089.3486 1088.8967 1088.4447 1102.7545 1119.6197
-9999 1074.1521 1080.2094 1086.5188 1093.5974 1100.676 1107.7545 1113.7151 1118.3853 1121.8052 1115.6759 1109.5466 1103.4172 1101.9928 1109.9903 1117.9878 1125.9852 1124.898 1118.0593 1108.3832 1092.1615 1075.9397 1077.6424 1079.4816 1081.3209 1078.5894 1063.607 1048.6245 1033.6421 1025.1334 1020.7112 1023.4097 1039.8346 1055.6543 1063.4487 1071.2431 1079.0375 1084.3614 1086.1509 1087.2295 1085.0359 1082.8423 1080.6487 1080.8871 1082.8737 1084.8604 1086.875 1089.4548 1092.0346 1093.2837 1094.3028 1093.3996 1091.6596 1089.9196 1088.4681 1088.0161 1088.7429 1105.6081 1122.4733 1139.3386
-9999 1076.6017 1083.2422 1090.3208 1097.3994 1104.478 1111.5565 1117.5171 1117.4361 1111.3068 1105.1774 1099.0481 1092.9188 1091.4944 1099.4918 1107.4893 1115.4867 1123.4842 1126.8844 1117.2084 1106.3128 1108.152 1109.9913 1111.8306 1113.6698 1110.9383 1095.9559 1080.9735 1065.9911 1051.0087 1039.535 1042.2335 1055.6302 1063.4246 1071.219 1079.0134 1086.8078 1092.1317 1092.1785 1089.9849 1087.7913 1085.5977 1083.4041 1083.6424 1085.6291 1087.6158 1089.6025 1091.5892 1094.0562 1095.3052 1093.8071 1092.0671 1090.327 1088.587 1087.1355 1091.5964 1108.4617 1125.3269 1142.1921 1159.0574
-9999 1082.1764 1089.255 1096.3335 1103.4121 1110.4907 1117.5693 1119.8326 1113.7033 1107.574 1101.4446 1095.3153 1089.186 1084.6857 1092.6832 1100.6807 1108.6781 1116.6756 1124.6731 1130.8084 1132.6476 1134.4869 1136.3262 1138.1654 1140.0047 1141.5182 1126.7444 1111.7619 1096.7795 1081.7971 1066.8147 1059.6121 1067.4065 1075.2009 1082.9953 1090.7897 1098.5841 1097.3107 1095.1171 1092.9235 1090.7299 1088.5362 1086.3426 1087.6382 1089.6249 1091.6116 1093.5983 1095.585 1097.5716 1099.2473 1097.5072 1095.7672 1094.0272 1092.2871 1091.7353 1107.8369 1124.7021 1141.5674 1158.4326 1175.2978
-9999 1095.7398 1102.8184 1109.8969 1116.9755 1123.5168 1126.2755 1128.9067 1131.3907 1126.949 1120.8197 1114.6903 1108.561 1103.7393 1101.5362 1106.4746 1114.4721 1122.4696 1130.467 1136.6023 1138.4416 1140.2809 1142.1201 1143.9594 1151.6761 1155.9621 1149.3929 1137.2206 1122.2382 1107.2558 1092.2734 1085.0708 1092.8652 1100.6596 1108.454 1116.0888 1114.5708 1109.6733 1099.9409 1096.4876 1094.294 1092.1004 1089.9068 1092.2923 1097.8571 1099.8438 1101.8304 1103.8171 1105.8038 1113.2975 1118.3963 1116.6563 1114.9163 1113.1762 1112.6244 1116.1883 1129.0624 1145.9276 1162.7929 1179.6581
-9999 1109.3032 1116.3818 1123.4604 1128.4741 1131.2328 1133.9915 1136.6227 1139.1067 1141.5907 1140.1947 1134.0654 1127.936 1123.1143 1120.9113 1118.7082 1120.2661 1128.2635 1136.261 1142.3963 1144.2356 1146.0748 1149.4478 1157.7839 1166.1199 1170.4059 1163.8368 1157.2677 1147.6968 1132.7144 1117.732 1110.5294 1118.3238 1126.1182 1130.8735 1129.3555 1127.8375 1122.94 1113.2076 1103.4753 1097.8582 1095.6646 1093.4709 1095.8564 1101.5337 1107.211 1110.0626 1112.0493 1114.036 1121.5297 1129.9751 1137.5454 1135.8054 1134.0653 1133.5135 1137.0774 1140.6413 1150.2879 1167.1531 1184.0184
-9999 1122.8666 1129.9452 1133.4314 1136.1901 1138.9488 1141.7075 1144.3387 1146.8227 1149.3067 1151.7908 1153.4404 1147.3111 1142.4894 1140.2863 1138.0832 1135.8801 1134.0575 1142.0549 1148.1903 1150.0295 1155.5556 1163.8916 1172.2277 1180.5638 1184.8498 1178.2806 1171.7115 1165.1424 1158.1731 1143.1907 1135.9881 1143.7825 1145.6582 1144.1401 1142.6221 1141.1041 1136.2066 1126.4743 1116.742 1107.0097 1099.2287 1097.0351 1099.4206 1105.0979 1110.7752 1116.4525 1120.2815 1122.2682 1129.7618 1138.2073 1146.6527 1155.0981 1154.9544 1154.4026 1157.9665 1161.5304 1165.0944 1171.5134 1188.3786
-9999 1135.6301 1138.3888 1141.1475 1143.9061 1146.6648 1149.4235 1152.0547 1154.5387 1157.0228 1159.5068 1161.9908 1164.4748 1161.8644 1159.6613 1157.4583 1155.2552 1153.0521 1150.849 1153.9842 1161.6634 1169.9994 1178.3355 1186.6716 1195.0076 1199.2936 1192.7245 1186.1553 1179.5862 1173.0171 1166.4479 1161.4467 1160.4428 1158.9248 1157.4068 1155.8888 1154.3708 1149.4733 1139.741 1130.0087 1120.2763 1110.544 1100.8117 1102.9847 1108.662 1114.3393 1120.0166 1125.6939 1130.5004 1137.994 1146.4394 1154.8848 1163.3303 1171.7757 1175.2917 1178.8556 1182.4195 1185.9835 1189.5474 1193.1113
-9999 1138.7843 1141.543 1144.3017 1147.0604 1149.8191 1150.3159 1146.0409 1144.4655 1146.9495 1149.4336 1151.9176 1154.4016 1158.5415 1162.0842 1159.8811 1157.678 1155.4749 1153.2719 1154.2557 1162.5917 1170.9278 1179.2639 1187.5999 1194.6292 1196.9404 1196.9557 1190.3866 1183.8174 1177.2483 1170.6792 1165.8353 1164.3173 1162.7993 1161.2813 1159.7633 1156.2103 1156.3227 1156.8685 1147.1361 1137.4038 1127.6715 1117.9391 1113.8457 1117.8093 1123.4866 1129.1639 1134.8412 1140.5185 1132.188 1140.376 1148.8215 1157.2669 1165.7123 1175.6149 1186.4892 1190.0532 1193.6171 1197.181 1200.745
-9999 1139.9549 1142.7135 1145.4722 1148.2309 1146.7655 1143.9748 1139.6998 1133.7118 1129.1407 1131.6247 1134.1087 1136.5928 1140.7327 1148.1886 1154.9322 1152.7292 1150.5261 1148.323 1149.3068 1157.6429 1165.9789 1174.315 1179.175 1180.9652 1183.2763 1186.9838 1190.1768 1183.6077 1177.0386 1170.4694 1165.6256 1164.1076 1162.5896 1161.0716 1155.5755 1147.7736 1147.8861 1159.3211 1165.9425 1156.2101 1146.4778 1136.7455 1132.652 1132.6122 1135.0617 1140.739 1146.4163 1152.0936 1143.7631 1133.0116 1136.5416 1144.987 1153.4324 1163.3351 1178.2855 1191.9227 1195.4866 1199.0505 1202.6145
-9999 1141.1254 1143.8841 1146.0057 1143.2151 1140.4244 1137.6338 1133.3588 1127.3707 1121.3826 1115.3945 1116.2999 1118.7839 1122.9238 1130.3797 1137.8356 1145.2915 1145.5772 1143.3742 1144.358 1152.694 1161.0301 1163.7207 1165.5109 1167.3011 1169.6122 1173.3197 1177.0272 1180.7347 1176.8288 1170.2597 1165.4159 1163.8979 1162.3798 1154.9407 1147.1388 1139.337 1139.4495 1150.8845 1162.3195 1173.7545 1165.2841 1155.5518 1151.4583 1151.4185 1151.3787 1152.3142 1157.9915 1163.6688 1155.3382 1144.5868 1133.8353 1132.7072 1141.1526 1151.0553 1166.0056 1180.956 1195.9064 1200.92 1204.484
-9999 1142.2959 1142.4554 1139.6647 1136.8741 1134.0834 1131.2927 1127.0178 1121.0297 1115.0416 1109.0535 1103.0654 1100.975 1105.1149 1112.5708 1120.0267 1127.4826 1134.9385 1138.4253 1139.4091 1146.4763 1148.2665 1150.0566 1151.8468 1153.637 1155.9482 1159.6557 1163.3632 1167.0706 1170.7781 1170.05 1165.2061 1162.1077 1154.3059 1146.504 1138.7022 1130.9004 1131.0129 1142.4479 1153.8829 1165.3179 1176.7529 1174.3581 1170.2646 1170.2248 1170.185 1170.1452 1170.1054 1175.2439 1166.9134 1156.1619 1145.4104 1134.6589 1128.8728 1138.7754 1153.7258 1168.6762 1183.6266 1198.5769 1206.3535
-9999 1140.8421 1138.0514 1135.2608 1132.4701 1129.6795 1126.8888 1124.0057 1118.0176 1112.0295 1106.0414 1100.0533 1094.0653 1090.2113 1097.6672 1105.1231 1112.579 1120.0349 1127.4908 1133.2335 1135.0237 1136.8139 1138.604 1140.3942 1142.1844 1142.3608 1146.0683 1149.7758 1153.4833 1157.1908 1160.8983 1160.6746 1152.8727 1145.0709 1137.2691 1129.4673 1121.6655 1124.4876 1135.9226 1147.3576 1158.7926 1170.2276 1181.6626 1187.3297 1187.2899 1187.2501 1187.2103 1187.1705 1187.1307 1177.9577 1167.2062 1156.4548 1145.7033 1134.9518 1133.2534 1148.2038 1163.1541 1178.1045 1193.0549 1208.0053
-9999 1146.0731 1143.2824 1140.4918 1137.7011 1135.1833 1138.5353 1137.5514 1131.5633 1125.5753 1119.5872 1113.5991 1107.5517 1102.5181 1099.5257 1104.6701 1112.126 1119.5819 1127.0378 1132.7805 1134.5706 1136.3608 1138.151 1139.9412 1143.1115 1143.531 1135.7986 1136.57 1140.2775 1143.985 1147.6925 1147.4688 1139.667 1131.8652 1124.0633 1116.2615 1120.0792 1127.4689 1138.9039 1150.3389 1161.7739 1173.3427 1186.3662 1193.3439 1195.6943 1195.6545 1195.6147 1195.5749 1195.5351 1186.3621 1175.6106 1164.8591 1154.1077 1154.0444 1161.3437 1176.294 1191.2444 1206.1948 1220.4355 1219.9793
-9999 1151.3041 1148.5134 1145.7228 1145.377 1148.729 1152.081 1151.0972 1145.1091 1139.121 1133.1156 1127.0626 1121.0096 1115.9759 1112.9836 1109.9912 1111.673 1119.1289 1126.5848 1132.3274 1134.1176 1135.9078 1137.961 1141.422 1144.8829 1145.3025 1137.5701 1129.8378 1127.0718 1130.7793 1134.4868 1134.2631 1126.4612 1118.6594 1113.9363 1118.4984 1123.0605 1130.4502 1141.8852 1153.3202 1165.345 1178.3684 1191.3919 1198.3695 1201.001 1203.6325 1204.0191 1203.9793 1203.9395 1194.7665 1184.015 1173.2635 1177.0443 1182.1347 1189.4339 1204.3843 1219.3347 1229.837 1229.3808 1228.9246
-9999 1156.5351 1153.7444 1155.5706 1158.9227 1162.2747 1165.6268 1164.6429 1158.6548 1152.6265 1146.5735 1140.5205 1134.4675 1129.4338 1126.4414 1123.4491 1120.4567 1118.6758 1126.1317 1131.8744 1133.6646 1136.2715 1139.7325 1143.1934 1146.6544 1147.0739 1139.3416 1131.6093 1123.8769 1117.5735 1121.281 1121.0573 1113.2555 1112.3555 1116.9176 1121.4797 1126.0418 1133.4315 1144.8665 1157.3472 1170.3707 1183.3941 1196.4175 1203.3952 1206.0267 1208.6581 1211.2896 1212.3837 1212.3439 1203.1709 1194.9537 1200.0441 1205.1345 1210.2249 1217.5242 1232.4746 1239.2386 1238.7823 1238.3261 1237.8698
-9999 1162.4123 1165.7643 1169.1164 1172.4684 1175.8205 1179.1725 1178.1887 1172.1374 1166.0844 1160.0314 1153.9784 1147.9254 1142.8917 1139.8993 1136.9069 1133.9146 1130.9222 1127.9298 1131.4214 1134.582 1138.043 1141.504 1144.9649 1148.4259 1148.8454 1141.1131 1133.3807 1125.6484 1117.916 1110.1837 1107.8515 1110.7747 1115.3368 1119.8989 1124.461 1129.0231 1136.4129 1149.3494 1162.3729 1175.3963 1188.4198 1201.4432 1208.4209 1211.0524 1213.6838 1216.3153 1218.9467 1220.7483 1217.9536 1223.044 1228.1344 1233.2248 1238.3152 1245.6145 1248.6401 1248.1838 1247.7276 1247.2714 1246.8151
-9999 1170.2824 1173.6344 1176.9865 1180.3385 1183.6906 1188.1495 1190.666 1186.2572 1180.2042 1174.1512 1168.0982 1162.0452 1158.5206 1157.9545 1154.9621 1151.9697 1148.9773 1145.985 1144.944 1148.405 1151.866 1155.3269 1158.7879 1161.8936 1162.0585 1157.7341 1150.0018 1142.2694 1134.5371 1126.8047 1123.2718 1127.8339 1132.396 1136.9581 1141.5202 1146.2143 1150.4438 1159.1935 1172.2169 1185.2404 1198.2638 1211.2873 1215.59 1217.1026 1219.734 1222.3655 1224.997 1227.6284 1228.2743 1233.3648 1238.4552 1243.5456 1248.636 1252.1848 1250.9454 1250.4892 1250.0329 1249.5767 1249.1205
-9999 1174.93 1178.2821 1181.6341 1184.9862 1190.6703 1197.21 1199.7265 1197.5997 1194.7 1188.647 1182.594 1176.541 1173.0163 1174.5548 1175.6273 1172.635 1169.6426 1166.6502 1165.6092 1169.0702 1172.5312 1175.9922 1178.1817 1179.1097 1179.2745 1177.3943 1175.0537 1167.3213 1159.589 1151.8566 1148.3237 1152.8858 1157.4479 1162.01 1166.8726 1171.9318 1176.1613 1179.2037 1184.7966 1197.8201 1210.8435 1223.8669 1228.1697 1226.2033 1226.366 1228.9974 1231.6289 1234.2604 1234.6948 1234.7495 1238.6873 1243.7777 1248.8681 1252.4169 1250.6257 1249.0247 1248.5685 1248.1122 1247.656
-9999 1179.5777 1182.9297 1186.6515 1193.1912 1199.7309 1206.2705 1208.787 1206.6602 1204.5333 1202.4065 1197.0897 1191.0367 1187.5121 1189.0506 1190.589 1192.1275 1190.3078 1187.3155 1186.2745 1189.7355 1193.1965 1194.4699 1195.3978 1196.3257 1196.4906 1194.6104 1192.7302 1190.85 1184.6409 1176.9085 1173.3756 1177.9377 1182.4998 1187.5309 1192.5901 1197.6494 1201.8788 1204.9212 1207.9636 1211.006 1223.4232 1236.4466 1240.7494 1238.783 1236.8165 1235.6293 1238.2608 1240.8923 1241.3267 1241.3814 1241.4361 1244.0098 1249.1002 1252.649 1250.8578 1249.0666 1247.2754 1246.6478 1246.1915
-9999 1184.2254 1189.1723 1195.712 1202.2517 1208.7914 1215.3311 1217.8475 1215.7207 1213.5939 1211.467 1209.3402 1205.5325 1202.0078 1203.5463 1205.0848 1206.6232 1208.1617 1207.9807 1206.9397 1209.8301 1210.758 1211.686 1212.6139 1213.5418 1213.7067 1211.8265 1209.9463 1208.066 1206.1858 1201.9605 1198.4275 1203.13 1208.1892 1213.2484 1218.3077 1223.3669 1227.5964 1230.6388 1233.6811 1236.7235 1239.7659 1249.0263 1253.3291 1251.3626 1249.3962 1247.4298 1245.4633 1247.5242 1247.9586 1248.0133 1248.0681 1248.1228 1249.3323 1252.8811 1251.0899 1249.2987 1247.5075 1245.7163 1244.727
-9999 1190.5472 1197.0869 1203.6266 1210.1663 1216.706 1223.2457 1225.4165 1223.2897 1221.1628 1219.036 1216.9091 1214.7823 1214.4842 1216.0227 1217.5612 1219.0996 1220.6381 1222.1766 1223.5304 1224.4583 1225.3863 1226.3142 1227.2421 1228.17 1228.8284 1226.9799 1225.0996 1223.2194 1221.3392 1219.459 1219.9491 1225.0083 1230.0675 1235.1267 1240.186 1245.2452 1245.8894 1248.9317 1251.9741 1255.0165 1258.0589 1261.1013 1262.1078 1260.1414 1258.175 1256.2085 1254.2421 1252.2756 1253.3151 1253.3698 1253.4245 1253.4792 1253.5339 1252.1707 1250.1932 1248.402 1246.6108 1244.8196 1243.0284
-9999 1194.1242 1200.6639 1207.2036 1213.7433 1219.8467 1223.2222 1224.9576 1224.8001 1223.0856 1220.9588 1218.832 1216.7051 1216.5107 1220.1859 1222.3935 1223.932 1225.4705 1227.0089 1228.3628 1229.2907 1230.2186 1231.1466 1232.0745 1231.1573 1230.9237 1232.9645 1232.4451 1230.5648 1228.6846 1226.8044 1227.2945 1232.3537 1237.4129 1242.4722 1247.3117 1245.0942 1242.7235 1240.1336 1242.1626 1245.205 1248.2474 1251.2898 1253.3081 1254.5323 1252.5659 1250.5994 1248.633 1246.6665 1250.541 1253.8981 1253.9529 1254.0076 1254.0623 1252.6991 1246.4244 1243.2323 1241.4411 1239.6499 1237.8587
-9999 1197.7012 1204.2409 1210.7806 1215.6678 1219.0433 1222.4189 1224.1543 1223.9967 1223.8391 1222.8816 1220.7548 1218.628 1218.4335 1222.1087 1225.7839 1228.7644 1230.3028 1231.8413 1233.1952 1234.1231 1235.051 1235.4169 1234.3348 1233.2526 1233.0191 1235.0598 1237.1006 1237.9103 1236.03 1234.1498 1234.6399 1239.6991 1244.7583 1247.1313 1244.9138 1242.6963 1240.3256 1237.7357 1235.1459 1235.3935 1238.4359 1241.4783 1243.4966 1244.7789 1246.0611 1244.9903 1243.0239 1241.0575 1244.932 1249.8159 1254.4812 1254.5359 1254.5906 1253.2274 1246.9527 1240.678 1236.2714 1234.4802 1232.689
-9999 1201.2781 1207.8178 1211.4889 1214.8644 1218.24 1221.6155 1223.3509 1223.1933 1223.0358 1222.8782 1222.6776 1220.5508 1220.3563 1224.0316 1227.7068 1231.382 1235.0572 1236.6737 1238.0275 1238.9554 1238.5944 1237.5122 1236.4301 1235.348 1235.1144 1237.1551 1239.1959 1241.2367 1243.2774 1241.4952 1241.9853 1247.0445 1246.9508 1244.7334 1242.5159 1240.2984 1237.9277 1235.3378 1232.748 1230.1581 1228.6244 1231.6668 1233.6851 1234.9673 1236.2496 1237.5318 1237.4148 1235.4484 1239.3229 1244.2068 1249.0908 1253.9748 1255.119 1253.7558 1247.4811 1241.2064 1234.9316 1229.3105 1227.5193
-9999 1203.9345 1207.31 1210.6855 1214.0611 1217.4366 1220.8121 1222.5475 1222.39 1222.2324 1222.0749 1221.9173 1221.7598 1222.2792 1225.9544 1229.6296 1233.3048 1236.98 1240.6553 1242.854 1241.7719 1240.6897 1239.6076 1238.5254 1237.4433 1237.2097 1239.2505 1241.2912 1243.332 1245.3728 1247.4135 1248.9879 1246.7704 1244.5529 1242.3355 1240.118 1237.9005 1235.5298 1232.94 1230.3501 1227.7602 1225.1704 1222.5805 1223.8736 1225.1558 1226.4381 1227.7203 1229.0025 1229.8393 1233.7138 1238.5977 1243.4817 1248.3657 1253.2496 1254.2841 1248.0094 1241.7347 1235.46 1229.1853 1222.9106
-9999 1215.3013 1218.6769 1222.0524 1225.4279 1228.8035 1225.331 1221.0264 1221.4282 1221.2707 1221.1131 1220.9555 1220.798 1221.9808 1225.8005 1229.4757 1233.1509 1236.8262 1240.5014 1242.738 1241.6559 1240.5738 1239.4916 1238.4095 1237.494 1236.9262 1236.9941 1239.0348 1241.0756 1243.1164 1245.1571 1245.7434 1243.5259 1241.3084 1239.091 1236.8735 1235.6354 1234.9015 1232.9897 1230.3999 1227.81 1225.2201 1222.6303 1219.9731 1219.4577 1220.7399 1222.0221 1223.3043 1224.5866 1227.0714 1231.6008 1236.4847 1241.3687 1246.2527 1249.9866 1248.4745 1242.1998 1235.9251 1229.6504 1223.3757
