mean_models/J1_mean__temp2_slide_100.dat.tif
NCOLS 118
NROWS 92
XLLCORNER 139.62
YLLCORNER -39.07
DX 0.099491525
DY 0.099347826
NODATA_VALUE -9999
[rows 54 to 80 of 92, columns 0 to 59 of 118]
-9999 979.24365 984.11156 988.97947 993.84737 1001.7221 1009.8484 1017.507 1024.6257 1031.7444 1038.8631 1035.7515 1029.9468 1030.1617 1042.4313 1054.7009 1048.76 1041.1231 1033.4861 1022.1187 1002.1451 982.17154 962.19795 954.93354 953.37982 947.65993 930.77369 913.88745 909.21801 906.00056 902.7831 906.97925 925.46647 943.95368 962.44089 972.98758 981.41535 987.27803 989.47096 991.66389 993.85682 991.60443 988.96242 989.37496 991.98338 994.53749 996.95496 999.37243 1001.7899 1002.9042 1003.7932 1004.6822 1003.3296 999.55892 996.22304 994.39347 992.56389 990.73431 1007.2619 1026.9672
-9999 980.91831 985.78622 991.4588 999.58514 1007.7115 1015.8378 1023.4964 1030.6151 1036.2376 1030.4328 1024.628 1018.8233 1019.0382 1031.3078 1043.5774 1055.8471 1055.9272 1048.2902 1036.9228 1016.9492 996.97566 995.2826 993.72887 992.17514 986.45526 969.56902 952.68278 935.79653 927.2895 924.07205 928.2682 946.75541 964.53728 972.96506 981.39284 989.82061 995.68328 997.87621 999.20629 996.56427 993.92226 991.28024 991.69279 994.30121 996.90963 999.50906 1001.9265 1004.344 1005.4583 1006.3473 1003.9899 1000.2192 996.44846 993.11259 991.28302 990.91926 1010.6246 1030.33 1050.0354
-9999 982.59297 989.32184 997.44818 1005.5745 1013.7009 1021.8272 1029.4858 1030.9188 1025.1141 1019.3093 1013.5045 1007.6998 1007.9147 1020.1843 1032.4539 1044.7236 1056.9932 1063.0943 1051.727 1037.1854 1035.6316 1034.0779 1032.5242 1030.9705 1025.2506 1008.3643 991.4781 974.59186 957.70562 945.36099 949.55714 964.51477 972.94254 981.37032 989.79809 998.22587 1004.0885 1004.1661 1001.5241 998.8821 996.24009 993.59807 994.01061 996.61904 999.22746 1001.8359 1004.4443 1006.8981 1008.0124 1004.6502 1000.8795 997.10874 993.33801 990.00214 994.28204 1013.9874 1033.6928 1053.3981 1073.1035
-9999 989.59122 997.71756 1005.8439 1013.9702 1022.0966 1030.2229 1032.4569 1026.6521 1020.8474 1015.0426 1009.2378 1003.4331 999.34619 1011.6158 1023.8854 1036.1551 1048.4247 1060.6943 1068.784 1067.2303 1065.6765 1064.1228 1062.5691 1061.0153 1061.5282 1044.9109 1028.0247 1011.1384 994.25219 977.36595 969.12615 977.55393 985.9817 994.40948 1002.8373 1011.265 1009.1283 1006.4863 1003.8443 1001.2023 998.56028 995.91827 997.51491 1000.1233 1002.7318 1005.3402 1007.9486 1010.557 1011.3629 1007.5922 1003.8215 1000.0507 996.28001 994.13711 1012.9119 1032.6172 1052.3226 1072.028 1091.7333
-9999 1006.2057 1014.3321 1022.4584 1030.5847 1038.0313 1040.6924 1042.831 1044.3664 1039.9999 1034.1951 1028.3903 1022.5856 1018.0491 1016.0523 1024.0435 1036.3131 1048.5828 1060.8524 1068.942 1067.3883 1065.8346 1064.2809 1062.7271 1071.0288 1076.1907 1070.1534 1056.8907 1040.0045 1023.1183 1006.232 997.99222 1006.42 1014.8478 1023.2755 1031.5292 1029.7998 1023.4626 1010.5335 1006.1726 1003.5306 1000.8886 998.24654 1001.0639 1007.6799 1010.2884 1012.8968 1015.5052 1018.1136 1026.3006 1031.2061 1027.4353 1023.6646 1019.8939 1017.751 1021.2467 1036.0882 1055.7936 1075.4989 1095.2043
-9999 1022.8202 1030.9465 1039.0729 1044.587 1047.2481 1049.9093 1052.0478 1053.5833 1055.1187 1053.3476 1047.5428 1041.7381 1037.2016 1035.2048 1033.208 1036.4712 1048.7408 1061.0105 1069.1001 1067.5464 1065.9927 1067.0107 1076.3509 1085.6912 1090.8531 1084.8158 1078.7785 1068.8706 1051.9843 1035.0981 1026.8583 1035.2861 1043.7138 1048.8267 1047.0973 1045.3678 1039.0306 1026.1015 1013.1724 1005.8588 1003.2168 1000.5748 1003.3922 1010.1342 1016.8762 1020.4534 1023.0618 1025.6703 1033.8572 1043.0083 1051.0492 1047.2785 1043.5078 1041.3649 1044.8606 1048.3563 1059.2646 1078.9699 1098.6753
-9999 1039.4347 1047.561 1051.1426 1053.8038 1056.465 1059.1261 1061.2647 1062.8001 1064.3355 1065.871 1066.6953 1060.8906 1056.3541 1054.3573 1052.3605 1050.3637 1048.8989 1061.1685 1069.2582 1067.7045 1072.3328 1081.6731 1091.0134 1100.3536 1105.5155 1099.4782 1093.4409 1087.4036 1080.8504 1063.9641 1055.7243 1064.1521 1066.1242 1064.3947 1062.6653 1060.9358 1054.5987 1041.6696 1028.7405 1015.8114 1005.5451 1002.9031 1005.7204 1012.4625 1019.2045 1025.9465 1030.6184 1033.2269 1041.4138 1050.5649 1059.716 1068.8671 1067.1216 1064.9787 1068.4744 1071.9701 1075.4659 1082.4409 1102.1463
-9999 1055.0372 1057.6983 1060.3595 1063.0206 1065.6818 1068.3429 1070.4815 1072.0169 1073.5524 1075.0878 1076.6232 1078.1587 1075.5065 1073.5098 1071.513 1069.5162 1067.5194 1065.5226 1069.4163 1077.655 1086.9952 1096.3355 1105.6758 1115.016 1120.1779 1114.1406 1108.1033 1102.0661 1096.0288 1089.9915 1084.5904 1083.4217 1081.6922 1079.9628 1078.2333 1076.5038 1070.1667 1057.2376 1044.3085 1031.3794 1018.4503 1005.5212 1008.0487 1014.7907 1021.5328 1028.2748 1035.0168 1040.7835 1048.9705 1058.1215 1067.2726 1076.4237 1085.5748 1088.5926 1092.0883 1095.584 1099.0797 1102.5754 1106.0711
-9999 1057.6483 1060.3094 1062.9706 1065.6317 1068.2929 1068.8165 1064.1806 1061.624 1063.1594 1064.6949 1066.2303 1067.7657 1071.5106 1075.5611 1073.5643 1071.5675 1069.5707 1067.5739 1069.0053 1078.3456 1087.6858 1097.0261 1106.3663 1114.2337 1116.6884 1116.9382 1110.9009 1104.8637 1098.8264 1092.7891 1088.2232 1086.4938 1084.7643 1083.0348 1081.3054 1077.6133 1078.2973 1077.8647 1064.9356 1052.0065 1039.0774 1026.1483 1020.594 1025.2394 1031.9814 1038.7235 1045.4655 1052.2075 1042.3464 1051.2041 1060.3552 1069.5063 1078.6574 1088.8014 1098.7737 1102.2694 1105.7651 1109.2608 1112.7565
-9999 1057.3869 1060.048 1062.7092 1065.3703 1064.0395 1061.4563 1056.8205 1049.8156 1044.2392 1045.7746 1047.3101 1048.8455 1052.5903 1060.7596 1068.1792 1066.1824 1064.1856 1062.1888 1063.6202 1072.9605 1082.3007 1091.641 1097.0631 1099.0251 1101.4798 1105.2551 1108.5391 1102.5018 1096.4645 1090.4273 1085.8614 1084.1319 1082.4025 1080.673 1075.107 1067.3173 1068.0014 1080.8083 1087.7626 1074.8335 1061.9044 1048.9754 1043.421 1043.1683 1045.9612 1052.7032 1059.4453 1066.1873 1056.3261 1043.5955 1047.1437 1056.2948 1065.4459 1075.5899 1089.1733 1101.5934 1105.0891 1108.5848 1112.0805
-9999 1057.1255 1059.7866 1061.8458 1059.2626 1056.6794 1054.0962 1049.4604 1042.4555 1035.4507 1028.4458 1028.3898 1029.9253 1033.6701 1041.8393 1050.0086 1058.1778 1058.8005 1056.8037 1058.2351 1067.5754 1076.9156 1079.8925 1081.8545 1083.8165 1086.2712 1090.0465 1093.8217 1097.597 1094.1027 1088.0654 1083.4996 1081.7701 1080.0406 1072.6007 1064.811 1057.0213 1057.7054 1070.5124 1083.3193 1096.1263 1084.7315 1071.8024 1066.248 1065.9953 1065.7426 1066.683 1073.4251 1080.1671 1070.3059 1057.5753 1044.8446 1043.0833 1052.2344 1062.3784 1075.9618 1089.5453 1103.1287 1107.9088 1111.4045
-9999 1056.8641 1057.0688 1054.4857 1051.9025 1049.3193 1046.7361 1042.1002 1035.0954 1028.0905 1021.0857 1014.0808 1011.005 1014.7498 1022.9191 1031.0883 1039.2576 1047.4268 1051.4186 1052.85 1060.76 1062.722 1064.6839 1066.6459 1068.6079 1071.0626 1074.8378 1078.6131 1082.3884 1086.1637 1085.7036 1081.1377 1077.8841 1070.0944 1062.3047 1054.515 1046.7254 1047.4094 1060.2164 1073.0233 1085.8303 1098.6373 1094.6294 1089.0751 1088.8223 1088.5696 1088.3168 1088.0641 1094.1469 1084.2857 1071.5551 1058.8244 1046.0938 1039.0229 1049.1669 1062.7503 1076.3338 1089.9172 1103.5007 1110.7285
-9999 1054.4975 1051.9144 1049.3312 1046.748 1044.1648 1041.5816 1038.4679 1031.4631 1024.4582 1017.4534 1010.4485 1003.4436 998.61352 1006.7828 1014.952 1023.1213 1031.2905 1039.4598 1045.752 1047.714 1049.676 1051.638 1053.5999 1055.5619 1055.956 1059.7312 1063.5065 1067.2818 1071.0571 1074.8324 1074.6574 1066.8678 1059.0781 1051.2884 1043.4987 1035.709 1039.2806 1052.0875 1064.8945 1077.7015 1090.5084 1103.3154 1108.102 1107.8493 1107.5965 1107.3438 1107.0911 1106.8383 1095.9464 1083.2157 1070.4851 1057.7544 1045.0238 1042.6543 1056.2377 1069.8212 1083.4046 1096.988 1110.5715
-9999 1060.3136 1057.7304 1055.1472 1052.564 1050.2792 1054.4138 1053.3772 1046.3723 1039.3674 1032.3626 1025.3577 1016.8443 1010.0486 1006.9796 1012.6626 1020.8319 1029.0011 1037.1704 1043.4626 1045.4246 1047.3866 1049.3485 1051.3105 1054.2181 1054.6353 1047.844 1048.9073 1052.6825 1056.4578 1060.2331 1060.0582 1052.2685 1044.4788 1036.6891 1028.8994 1033.4918 1041.9307 1054.7377 1067.5447 1080.3516 1092.7728 1100.9997 1105.8436 1107.9751 1107.7224 1107.4696 1107.2169 1106.9641 1096.0722 1083.3416 1070.6109 1057.8803 1059.6357 1069.461 1083.0444 1096.6279 1110.2113 1123.0252 1119.9015
-9999 1066.1296 1063.5464 1060.9633 1061.0538 1065.1884 1069.323 1068.2864 1061.2815 1054.2767 1046.8311 1038.1743 1029.5176 1022.7218 1019.6528 1016.5839 1018.5424 1026.7117 1034.8809 1041.1732 1043.1352 1045.0971 1047.2393 1050.3461 1053.4529 1053.8701 1047.0788 1040.2874 1038.0833 1041.8585 1045.6338 1045.4589 1037.6692 1029.8795 1025.3706 1030.7563 1036.142 1044.5809 1057.3879 1070.1948 1081.3014 1089.5283 1097.7552 1102.5991 1105.011 1107.4229 1107.5955 1107.3427 1107.09 1096.1981 1083.4674 1070.7368 1077.7021 1086.4424 1096.2677 1109.8511 1123.4346 1132.1945 1129.0708 1125.9471
-9999 1071.9457 1069.3625 1071.8284 1075.963 1080.0976 1084.2322 1083.1956 1076.1908 1068.161 1059.5043 1050.8476 1042.1908 1035.3951 1032.3261 1029.2571 1026.1881 1024.4223 1032.5915 1038.8838 1040.8458 1043.3673 1046.4741 1049.5809 1052.6877 1053.105 1046.3136 1039.5222 1032.7308 1027.2593 1031.0345 1030.8596 1023.0699 1022.6351 1028.0208 1033.4065 1038.7922 1047.2311 1060.038 1069.83 1078.0569 1086.2838 1094.5107 1099.3546 1101.7665 1104.1784 1106.5903 1107.4686 1107.2158 1096.3239 1087.0281 1095.7684 1104.5088 1113.2491 1123.0744 1136.6578 1141.3638 1138.2402 1135.1165 1131.9928
-9999 1078.4684 1082.6031 1086.7377 1090.8723 1095.0069 1099.1415 1098.1049 1089.491 1080.8343 1072.1776 1063.5208 1054.8641 1048.0683 1044.9993 1041.9304 1038.8614 1035.7924 1032.7234 1036.5944 1039.4953 1042.6021 1045.7089 1048.8157 1051.9225 1052.3398 1045.5484 1038.757 1031.9656 1025.1742 1018.3828 1016.2603 1019.8995 1025.2852 1030.6709 1036.0566 1041.4423 1049.8812 1058.3586 1066.5855 1074.8124 1083.0393 1091.2662 1096.1101 1098.522 1100.9339 1103.3458 1105.7577 1107.3417 1105.0945 1113.8348 1122.5751 1131.3155 1140.0558 1149.8811 1150.5332 1147.4095 1144.2858 1141.1621 1138.0384
-9999 1087.1748 1091.3094 1095.444 1099.5786 1103.7132 1108.3441 1113.6113 1110.6425 1101.9858 1093.329 1084.6723 1076.0155 1068.7879 1065.0246 1061.9556 1058.8866 1055.8176 1052.7486 1051.5471 1054.6539 1057.7607 1060.8675 1063.9743 1066.1603 1064.2609 1062.7506 1055.9592 1049.1678 1042.3764 1035.585 1032.9529 1038.3386 1043.7243 1049.11 1054.4957 1058.7853 1062.7953 1070.9031 1079.13 1087.3569 1095.5839 1103.8108 1105.6601 1106.8194 1109.2312 1111.6431 1114.055 1116.4669 1117.9138 1126.6541 1135.3945 1144.1348 1152.8751 1158.7437 1155.0597 1151.9361 1148.8124 1145.6887 1142.565
-9999 1092.3594 1096.494 1100.6286 1104.7632 1109.9433 1115.507 1120.7742 1125.6992 1127.9508 1119.294 1110.6373 1101.9805 1094.7529 1090.3873 1086.1549 1083.0859 1080.0169 1076.948 1075.7464 1078.8532 1081.96 1085.0668 1084.8787 1081.421 1079.5216 1081.7988 1083.3625 1076.5711 1069.7797 1062.9883 1060.3562 1065.7419 1071.1276 1076.5133 1079.4034 1080.6603 1084.6704 1092.619 1100.6388 1108.8657 1117.0927 1125.3196 1127.1689 1124.4334 1124.0815 1126.4934 1128.9053 1131.3171 1132.4345 1133.3282 1140.2724 1149.0128 1157.7531 1163.6217 1159.5429 1155.6002 1152.4765 1149.3528 1146.2292
-9999 1097.544 1101.6786 1105.9789 1111.5426 1117.1063 1122.67 1127.9372 1132.8622 1137.7872 1142.7122 1136.6023 1127.9456 1120.7179 1116.3523 1111.9866 1107.6209 1104.2163 1101.1473 1099.9458 1103.0526 1106.1593 1103.5971 1100.1394 1096.6817 1094.7824 1097.0595 1099.3367 1101.6139 1097.183 1090.3916 1087.7595 1093.1452 1098.5309 1100.0214 1101.2784 1102.5354 1106.5454 1114.4941 1122.4428 1130.3914 1138.6015 1146.8284 1148.6777 1145.9422 1143.2067 1141.3436 1143.7555 1146.1674 1147.2848 1148.1784 1149.072 1153.8908 1162.6311 1168.4997 1164.4209 1160.3421 1156.2633 1153.017 1149.8933
-9999 1102.7286 1107.5782 1113.1419 1118.7056 1124.2693 1129.833 1135.1002 1140.0252 1144.9502 1149.8752 1154.8002 1153.9106 1146.683 1142.3173 1137.9516 1133.5859 1129.2202 1125.3466 1124.1451 1125.7731 1122.3155 1118.8578 1115.4001 1111.9425 1110.0431 1112.3203 1114.5974 1116.8746 1119.1518 1117.7949 1115.1628 1119.3825 1120.6395 1121.8965 1123.1534 1124.4104 1128.4204 1136.3691 1144.3178 1152.2665 1160.2152 1168.3372 1170.1865 1167.451 1164.7155 1161.98 1159.2445 1161.0176 1162.135 1163.0286 1163.9223 1164.8159 1167.5091 1173.3776 1169.2988 1165.2201 1161.1413 1157.0625 1153.5574
-9999 1108.8473 1114.411 1119.9747 1125.5384 1131.1021 1136.6658 1139.5482 1144.4732 1149.3982 1154.3232 1159.2482 1164.1732 1167.8384 1163.4727 1159.107 1154.7414 1150.3757 1146.01 1141.9189 1138.4612 1135.0035 1131.5459 1128.0882 1124.6306 1124.1813 1126.4498 1128.727 1131.0042 1133.2813 1135.5585 1137.4872 1138.7442 1140.0011 1141.2581 1142.5151 1143.772 1145.1672 1153.1159 1161.0646 1169.0133 1176.962 1184.9107 1186.5615 1183.826 1181.0905 1178.355 1175.6195 1172.884 1172.0402 1172.9338 1173.8275 1174.7211 1175.6148 1177.444 1173.7454 1169.6666 1165.5878 1161.509 1157.4302
-9999 1114.4302 1119.9939 1125.5576 1131.1213 1136.0041 1136.6298 1137.7168 1139.3364 1143.5692 1148.4942 1153.4192 1158.3442 1162.3221 1164.4035 1162.0568 1157.6911 1153.3254 1148.9597 1144.8686 1141.4109 1137.9533 1134.4956 1131.0379 1133.1993 1135.4663 1136.67 1138.5746 1140.8518 1143.129 1145.4061 1147.3348 1148.5918 1149.8488 1151.1057 1152.15 1146.3619 1145.2628 1150.8717 1158.3994 1166.3481 1174.2968 1182.2454 1183.8017 1180.7679 1178.0324 1175.2969 1172.5614 1169.8259 1166.3235 1164.1203 1165.014 1165.9076 1166.8013 1168.6305 1173.7003 1172.4799 1168.4011 1164.3223 1160.2435
-9999 1120.0131 1125.5768 1131.1405 1134.1253 1134.751 1135.3766 1136.4637 1138.0833 1139.7029 1142.6652 1147.5902 1152.5152 1156.4931 1158.5744 1160.6558 1160.6408 1156.2751 1151.9094 1147.8183 1144.3607 1140.903 1139.1569 1141.8206 1144.4843 1146.7513 1147.955 1149.1587 1150.6994 1152.9766 1155.2538 1157.1825 1158.4394 1159.6964 1158.3526 1152.5645 1146.7765 1145.6773 1151.2862 1156.8952 1163.6828 1171.6315 1179.5802 1181.1365 1178.0973 1175.058 1172.2388 1169.5033 1166.7678 1163.2654 1159.6304 1156.2005 1157.0941 1157.9878 1159.817 1164.8868 1169.9566 1171.2145 1167.1357 1163.0569
-9999 1125.596 1131.1597 1132.2465 1132.8722 1133.4979 1134.1235 1135.2106 1136.8302 1138.4498 1140.0693 1141.7612 1146.6862 1150.6641 1152.7454 1154.8268 1156.9082 1158.9895 1154.8592 1150.768 1147.3104 1147.7782 1150.4419 1153.1056 1155.7693 1158.0363 1159.24 1160.4437 1161.6474 1162.8511 1165.1014 1167.0301 1168.2871 1164.5552 1158.7671 1152.9791 1147.191 1146.0919 1151.7008 1157.3097 1162.9186 1168.9663 1176.915 1178.4712 1175.432 1172.3928 1169.3536 1166.4452 1163.7097 1160.2073 1156.5723 1152.9373 1149.3023 1149.1743 1151.0034 1156.0733 1161.1431 1166.2129 1169.949 1165.8702
-9999 1129.7421 1130.3678 1130.9934 1131.6191 1132.2447 1132.8704 1133.9574 1135.577 1137.1966 1138.8162 1140.4358 1142.0554 1144.8351 1146.9164 1148.9978 1151.0792 1153.1605 1155.2419 1153.7358 1156.3995 1159.0632 1161.7269 1164.3906 1167.0544 1169.3213 1170.525 1171.7287 1172.9324 1174.1361 1175.3397 1176.5458 1170.7578 1164.9697 1159.1817 1153.3936 1147.6056 1146.5064 1152.1153 1157.7243 1163.3332 1168.9421 1174.551 1175.806 1172.7668 1169.7276 1166.6884 1163.6492 1160.6516 1157.1492 1153.5142 1149.8792 1146.2442 1142.6092 1142.1899 1147.2597 1152.3295 1157.3994 1162.4692 1167.539
-9999 1137.3023 1137.928 1138.5536 1139.1793 1139.8049 1135.6475 1132.0489 1133.4148 1135.0344 1136.654 1138.2735 1139.8931 1141.2322 1142.3305 1144.4119 1146.4933 1148.5746 1150.656 1152.9134 1155.5772 1158.2409 1160.9046 1163.5683 1166.6834 1168.8698 1167.1481 1168.3518 1169.5555 1170.7591 1171.9628 1170.7784 1164.9903 1159.2023 1153.4142 1147.6262 1144.639 1144.6188 1146.5699 1152.1788 1157.7878 1163.3967 1169.0056 1171.3997 1169.7681 1166.7289 1163.6897 1160.6505 1157.6113 1157.3985 1154.3963 1150.7614 1147.1264 1143.4914 1141.1585 1143.942 1149.0118 1154.0817 1159.1515 1164.2213
