mean_models/J1_mean_vp_slide_diff2_20.dat.tif
NCOLS 118
NROWS 92
XLLCORNER 139.62
YLLCORNER -39.07
DX 0.099491525
DY 0.099347826
NODATA_VALUE -9999
[rows 25 to 49 of 92, columns 0 to 56 of 118]
-9999 0.17421268 0.17259407 0.17097545 0.16935684 0.16773823 0.17129685 0.17982022 0.18268426 0.1747326 0.16678095 0.15882929 0.15087763 0.1424783 0.13676818 0.14108976 0.14541134 0.14973292 0.1540545 0.15707878 0.15711012 0.15714146 0.1571728 0.15720414 0.16373198 0.17703649 0.17947875 0.19809496 0.21671117 0.23532739 0.2539436 0.26765295 0.27190343 0.27615391 0.28040439 0.28465487 0.29087936 0.29078765 0.28035286 0.27315962 0.26596638 0.25877315 0.25157991 0.24621775 0.24000099 0.23211638 0.22423176 0.21634714 0.20846253 0.20548241 0.19933847 0.19250998 0.18568148 0.17885299 0.17178124 0.16456529 0.1597467
-9999 0.16059611 0.1589775 0.15735888 0.15574027 0.16207616 0.16984025 0.17836361 0.18776328 0.19576327 0.18781161 0.17985996 0.1719083 0.16350897 0.15421315 0.14491732 0.1490832 0.15340478 0.15772636 0.16075063 0.16078197 0.16081331 0.16084465 0.17259995 0.19165739 0.2049619 0.20284711 0.20073233 0.21865015 0.23726636 0.25588258 0.26959192 0.2738424 0.27809288 0.28234337 0.28964794 0.29815902 0.29806731 0.28566809 0.27402416 0.26683092 0.25963768 0.25244445 0.24708229 0.24303648 0.23762976 0.22974514 0.22186053 0.21397591 0.21099579 0.20886329 0.20361051 0.19678202 0.18995352 0.18288177 0.1749674 0.16716396
-9999 0.14697954 0.14536093 0.14509137 0.15285546 0.16061955 0.16838364 0.176907 0.18630667 0.19570633 0.205106 0.20089062 0.19293897 0.18453964 0.17524381 0.16594799 0.15665216 0.15707663 0.16139821 0.16442249 0.16445383 0.16448517 0.18146792 0.20052536 0.21958279 0.2328873 0.23077252 0.22865773 0.22654295 0.23920534 0.25782155 0.2715309 0.27578138 0.28003186 0.28841652 0.2969276 0.30543868 0.30534697 0.29294775 0.28054853 0.26814932 0.26050222 0.25330898 0.24794683 0.24390101 0.2398552 0.23525852 0.22737391 0.21948929 0.21650917 0.21437667 0.21224418 0.20788255 0.20105406 0.19398231 0.18606793 0.17815356
-9999 0.13336297 0.13587067 0.14363476 0.15139885 0.15916294 0.16692703 0.17545039 0.18485006 0.19424973 0.20364939 0.21304906 0.21396963 0.2055703 0.19627448 0.18697865 0.17768283 0.168387 0.16507006 0.16809434 0.17127846 0.19033589 0.20939333 0.22845076 0.2475082 0.26081271 0.25869792 0.25658314 0.25446835 0.25235357 0.25976052 0.27346987 0.27867402 0.2871851 0.29569618 0.30420726 0.31271834 0.31262663 0.30022741 0.28782819 0.27542898 0.26302976 0.25417352 0.24881136 0.24476555 0.24071974 0.23667392 0.23262811 0.22500267 0.22202255 0.21989006 0.21775756 0.21562507 0.21215459 0.20508284 0.19716847 0.18925409
-9999 0.12707782 0.13484191 0.142606 0.15037009 0.15813418 0.16589827 0.17304882 0.18244849 0.19184815 0.20124782 0.21064748 0.22004715 0.22680353 0.2175077 0.20821188 0.19891605 0.18962023 0.1803244 0.17960218 0.19865961 0.21771705 0.23677449 0.25583192 0.27488936 0.28746563 0.28535084 0.28323606 0.28112127 0.27900649 0.2768917 0.27840636 0.28691744 0.29542852 0.3039396 0.31245068 0.32096176 0.31935366 0.30695444 0.29455522 0.28215601 0.26975679 0.25735757 0.24962691 0.24558109 0.24153528 0.23748946 0.23344365 0.22939784 0.22589989 0.2237674 0.2216349 0.21950241 0.21736991 0.21409979 0.20618542 0.19827105
-9999 0.12957124 0.13733533 0.14509942 0.15286351 0.1606276 0.16087849 0.16426505 0.17226766 0.18166733 0.19106699 0.20046666 0.20986632 0.22168255 0.2383381 0.23111261 0.22181678 0.21252096 0.20322513 0.20250291 0.22156034 0.24061778 0.25967522 0.27873265 0.28292876 0.28496409 0.29956337 0.29941348 0.29729869 0.29518391 0.29306912 0.29458378 0.30309486 0.31160594 0.32011702 0.3286281 0.32700006 0.32008056 0.30913206 0.29673284 0.28433363 0.27193441 0.25953519 0.25114763 0.24599328 0.24194747 0.23790165 0.23385584 0.22981002 0.2202268 0.21417631 0.21204382 0.20991133 0.20777883 0.2046251 0.19793394 0.19013531
-9999 0.13206466 0.13982875 0.14759284 0.15371683 0.15313847 0.15256012 0.15594668 0.16390926 0.17187185 0.18088616 0.19028583 0.1996855 0.21150173 0.22815727 0.24481282 0.24471751 0.23542169 0.22612586 0.22540364 0.24446108 0.26351851 0.28257595 0.28080727 0.27815499 0.28019032 0.2947896 0.30938889 0.31347611 0.31136133 0.30924654 0.3107612 0.31927228 0.32778336 0.33560811 0.33145628 0.32730445 0.32038494 0.30950589 0.29862683 0.28651125 0.27411203 0.26171281 0.25332525 0.24782163 0.24235965 0.23831384 0.23426802 0.23022221 0.22063899 0.21009875 0.20245274 0.20032024 0.19818775 0.19503402 0.18834286 0.1816517
-9999 0.13455807 0.14232216 0.14597681 0.14539846 0.1448201 0.14424175 0.14762831 0.15559089 0.16355348 0.17151606 0.180105 0.18950467 0.2013209 0.21797645 0.23463199 0.25128753 0.25832242 0.24902659 0.24830437 0.26736181 0.28133806 0.27868578 0.2760335 0.27338122 0.27541655 0.29001583 0.30461512 0.31921441 0.32753875 0.32542396 0.32693862 0.3354497 0.34006433 0.3359125 0.33176067 0.32760883 0.32068933 0.30981027 0.29893122 0.28805216 0.27628965 0.26389043 0.25550287 0.24999925 0.24449562 0.23899199 0.23468021 0.2306344 0.22105117 0.21051094 0.1999707 0.19072916 0.18859667 0.18544294 0.17875178 0.17206062
-9999 0.13705149 0.1382368 0.13765844 0.13708009 0.13650173 0.13592337 0.13930993 0.14727252 0.1552351 0.16319769 0.17116027 0.17932384 0.19114007 0.20779562 0.22445116 0.24110671 0.25776225 0.27192732 0.2712051 0.27921657 0.27656429 0.27391201 0.27125973 0.26860745 0.27064278 0.28524207 0.29984135 0.31444064 0.32903992 0.34160138 0.34311604 0.34452055 0.34036871 0.33621688 0.33206505 0.32791322 0.32099371 0.31011466 0.2992356 0.28835655 0.27747749 0.26606805 0.25768049 0.25217687 0.24667324 0.24116961 0.23566599 0.23104659 0.22146336 0.21092312 0.20038288 0.18984265 0.17930241 0.17585186 0.1691607 0.16246954
-9999 0.13398825 0.13340989 0.13283154 0.13225318 0.13167483 0.13109647 0.13552668 0.14339795 0.15136054 0.15932312 0.16728571 0.17524829 0.18479776 0.20083035 0.2174859 0.23414144 0.25079699 0.26745253 0.27826968 0.2756174 0.27296512 0.27031285 0.26766057 0.26500829 0.2682038 0.28043907 0.29503836 0.30963764 0.32423693 0.33883621 0.34703073 0.3428789 0.33872706 0.33457523 0.3304234 0.32627157 0.32100314 0.31030415 0.29942509 0.28854604 0.27766698 0.26678793 0.25404009 0.24853646 0.24303283 0.23752921 0.23202558 0.22652195 0.21737763 0.20683739 0.19629715 0.18575691 0.17521667 0.16733449 0.16252581 0.15583465
-9999 0.13491974 0.13434139 0.13376303 0.13318468 0.13389474 0.13778666 0.14237758 0.14777524 0.15481503 0.16277762 0.1707402 0.17870279 0.18825225 0.20097954 0.21582398 0.23247953 0.24913507 0.26579062 0.27660776 0.27395549 0.27130321 0.26865093 0.26656013 0.27243909 0.27765351 0.28108681 0.29018716 0.30478644 0.31938573 0.33398501 0.34217953 0.3380277 0.33387587 0.32972404 0.32575035 0.322613 0.31745124 0.30939328 0.29942509 0.28854604 0.27766698 0.26678793 0.25281288 0.23661217 0.22979689 0.22429327 0.21878964 0.21328601 0.20470271 0.19533334 0.1847931 0.17425287 0.16371263 0.15583045 0.15715546 0.15407533
-9999 0.13585124 0.13527288 0.13469453 0.13685373 0.14074564 0.14463755 0.14922847 0.15462613 0.16002379 0.16623212 0.1741947 0.18215728 0.19170675 0.20443404 0.21716132 0.23081761 0.24747316 0.2641287 0.27494585 0.27229357 0.26964129 0.27013088 0.27600984 0.28188879 0.28710321 0.29053651 0.29396981 0.29993525 0.31453453 0.32913382 0.33732833 0.3331765 0.32902467 0.32533581 0.32219845 0.3190611 0.31389934 0.30584138 0.29778342 0.28854604 0.27766698 0.26678793 0.25281288 0.23661217 0.22041146 0.21105733 0.2055537 0.20005008 0.19146677 0.18235122 0.17323566 0.16274882 0.15220858 0.1443264 0.14565141 0.14697643
-9999 0.13678273 0.13620438 0.13981271 0.14370463 0.14759654 0.15148845 0.15607937 0.16147703 0.16687469 0.17227235 0.17767001 0.18561178 0.19516125 0.20788853 0.22061582 0.23334311 0.2460704 0.26246678 0.27328393 0.27063165 0.27370164 0.27958059 0.28545954 0.2913385 0.29655292 0.29998622 0.30341952 0.30685282 0.31028612 0.32428262 0.33247714 0.3283253 0.32492126 0.32178391 0.31864655 0.31550919 0.31034744 0.30228948 0.29423152 0.28617357 0.27766698 0.26678793 0.25281288 0.23661217 0.22041146 0.20421075 0.19231776 0.18681414 0.17823083 0.16911528 0.15999972 0.15088417 0.14070453 0.13282235 0.13414737 0.13547238
-9999 0.13887978 0.1427717 0.14666361 0.15055552 0.15444743 0.15833935 0.16293027 0.16832792 0.17372558 0.17912324 0.1845209 0.18991856 0.19861574 0.21134303 0.22407032 0.23679761 0.24952489 0.26225218 0.27162202 0.27727239 0.28315134 0.2890303 0.29490925 0.30078821 0.30600262 0.30943593 0.31286923 0.31630253 0.31973583 0.32316913 0.32764407 0.32450672 0.32136936 0.31823201 0.31509465 0.31195729 0.30679553 0.29873758 0.29067962 0.28262167 0.27456371 0.26650576 0.25281288 0.23661217 0.22041146 0.20421075 0.18801004 0.1735782 0.1649949 0.15587934 0.14676378 0.13764823 0.12853267 0.12131831 0.12264332 0.12396834
-9999 0.14599778 0.14988969 0.1537816 0.15767352 0.16156543 0.163313 0.16537184 0.1707695 0.17616716 0.18156482 0.18696248 0.19133379 0.19673223 0.20884791 0.22157519 0.23430248 0.24702977 0.25975706 0.27041351 0.27629246 0.28217142 0.28805037 0.29392933 0.30065754 0.30783656 0.30985783 0.31329113 0.31672443 0.32015773 0.32359103 0.32478001 0.32164266 0.3185053 0.31536795 0.31223059 0.30694388 0.29834885 0.2902909 0.28223294 0.27417499 0.26611703 0.2609417 0.24593568 0.22707261 0.21087189 0.19467118 0.17847047 0.16226976 0.15211014 0.14299459 0.13387903 0.12476347 0.11503017 0.1046335 0.10595851 0.10728353
-9999 0.15320611 0.15709802 0.16098994 0.16488185 0.16509738 0.16426329 0.16632212 0.17171978 0.17711744 0.1825151 0.18585492 0.18807064 0.19346908 0.20524108 0.21706783 0.22979511 0.2425224 0.25524969 0.26590614 0.2717851 0.27766405 0.28354301 0.29131965 0.30066489 0.3078439 0.30921688 0.31065971 0.31409301 0.31752631 0.32095961 0.32214859 0.31901124 0.31587388 0.31273652 0.30581214 0.29684172 0.28824669 0.28018874 0.27213078 0.26407282 0.26032635 0.25778417 0.24277815 0.21881204 0.19810592 0.1819052 0.16570449 0.14950378 0.13934416 0.13022861 0.12111305 0.1103738 0.096593154 0.086196487 0.087521501 0.088846515
-9999 0.16041444 0.16430636 0.16771586 0.16688176 0.16604767 0.16521357 0.16727241 0.17267007 0.17806773 0.18037605 0.18259177 0.1848075 0.19020594 0.20197794 0.21374994 0.22552195 0.23801503 0.25074232 0.26139878 0.26727773 0.27315668 0.28198175 0.29132699 0.30067223 0.30785124 0.30922422 0.31059721 0.31197019 0.31489489 0.31832819 0.31951717 0.31637981 0.31324246 0.3046804 0.29570998 0.28673955 0.27814453 0.27008657 0.26225317 0.25971099 0.25716881 0.25462663 0.23962061 0.2156545 0.19168839 0.16913922 0.15293851 0.1367378 0.12657818 0.11746263 0.10571743 0.091936783 0.078156141 0.067759475 0.069084489 0.070409502
-9999 0.16762278 0.16950024 0.16866615 0.16783205 0.16699795 0.16616385 0.16822269 0.17268145 0.17489718 0.17711291 0.17932863 0.18154436 0.18694279 0.1987148 0.2104868 0.2222588 0.23403081 0.24623495 0.25689141 0.26329862 0.27264385 0.28198909 0.29133433 0.30067957 0.30785858 0.30923157 0.31060455 0.31197753 0.31335052 0.31569677 0.31688575 0.31251909 0.30354867 0.29457824 0.28560782 0.27663739 0.26804237 0.26163782 0.25909564 0.25655346 0.25401128 0.2514691 0.23646308 0.21249697 0.18853086 0.16456474 0.14059863 0.12397182 0.1138122 0.10106106 0.087280413 0.073499771 0.059719128 0.049322462 0.05275403 0.068057604
-9999 0.17465174 0.17381765 0.17298355 0.17214945 0.17131535 0.17048125 0.17011228 0.17232801 0.17454373 0.17675946 0.17897518 0.18119091 0.1864722 0.19824421 0.21001621 0.22178821 0.23356021 0.24533222 0.2563704 0.26571564 0.27506088 0.28440612 0.29375136 0.3030966 0.3050821 0.30645509 0.30782807 0.30920105 0.31057403 0.31194702 0.30978703 0.30081661 0.29184618 0.28287575 0.27390533 0.2649349 0.25885816 0.25631598 0.2537738 0.25123162 0.24868944 0.24614726 0.23226907 0.20830296 0.18433685 0.16037074 0.13640463 0.11243851 0.099292814 0.085512171 0.071731529 0.057950887 0.044170245 0.03421457 0.049518144 0.064821717
-9999 0.20436414 0.20353004 0.20269595 0.20186185 0.20102775 0.20166334 0.19945152 0.19391967 0.1961354 0.19835112 0.20056685 0.20278257 0.20791957 0.21890659 0.23060721 0.24237921 0.25415121 0.26592322 0.2769614 0.28630664 0.29565188 0.30499712 0.31434236 0.31171991 0.30150775 0.28498322 0.28405583 0.28542881 0.28680179 0.28817477 0.28601479 0.27704436 0.26807394 0.25910351 0.25013308 0.25050013 0.24684114 0.23467084 0.23212866 0.22958648 0.2270443 0.22450212 0.21412427 0.19629181 0.1723257 0.14835959 0.12439347 0.10042736 0.098220751 0.091745719 0.077965077 0.064184434 0.050403792 0.038811288 0.034798226 0.048072942
-9999 0.23407654 0.23324244 0.23240834 0.23190936 0.23268686 0.23346437 0.23125255 0.22559066 0.21992878 0.21994279 0.22215851 0.22437424 0.22951124 0.24049825 0.25148527 0.26297021 0.27474221 0.28651422 0.2975524 0.30689764 0.31624288 0.32558812 0.31823932 0.3103823 0.30017015 0.28364562 0.26712109 0.26165656 0.26302955 0.26440253 0.26224254 0.25327212 0.24430169 0.236081 0.23861466 0.24114833 0.23748934 0.22497091 0.21245247 0.20794133 0.20539915 0.20285697 0.19247913 0.17646833 0.16031455 0.13634843 0.11238232 0.088416209 0.086209598 0.08776362 0.084198624 0.070417982 0.05663734 0.045044835 0.041031774 0.037018712
-9999 0.26378894 0.26295484 0.26293289 0.26371039 0.26448789 0.26526539 0.26305357 0.25739169 0.25172981 0.24606792 0.24375018 0.2459659 0.2511029 0.26208992 0.27307693 0.28406395 0.29533321 0.30710522 0.3181434 0.32748864 0.33261574 0.32475873 0.31690171 0.3090447 0.29883255 0.28230802 0.26578349 0.24925896 0.2392573 0.24063029 0.2384703 0.22949987 0.22419554 0.2267292 0.22926286 0.23179652 0.22813754 0.21561911 0.20310067 0.19058224 0.18375401 0.18121183 0.17083399 0.15482318 0.13881238 0.12280157 0.10037117 0.076405057 0.074198446 0.075752468 0.07730649 0.07665153 0.062870888 0.051278383 0.047265321 0.043252259
-9999 0.29350134 0.29395642 0.29473392 0.29551142 0.29628892 0.29706642 0.2948546 0.28919272 0.28353083 0.27786895 0.27220707 0.26755757 0.27269457 0.28368158 0.2946686 0.30565561 0.31664263 0.32769622 0.3387344 0.33913515 0.33127814 0.32342112 0.31556411 0.3077071 0.29749495 0.28097041 0.26444588 0.24792135 0.23139682 0.21685804 0.21469806 0.21231008 0.21484374 0.2173774 0.21991106 0.22244472 0.21878574 0.20626731 0.19374887 0.18123044 0.168712 0.15956669 0.14918884 0.13317804 0.11716723 0.10115643 0.085145624 0.064393905 0.062187294 0.063741316 0.065295338 0.06684936 0.068403382 0.057511931 0.053498869 0.049485807
-9999 0.31982725 0.32060475 0.32138225 0.32215975 0.32293725 0.32371475 0.32532923 0.31966735 0.31400547 0.30834358 0.3026817 0.29701982 0.28563351 0.29357101 0.30455803 0.31554504 0.32653206 0.33751907 0.34280794 0.33495093 0.32709391 0.3192369 0.31137989 0.30352288 0.29884794 0.28308818 0.26656365 0.25003912 0.23351459 0.21699006 0.20697518 0.20950884 0.21204251 0.21457617 0.21710983 0.21964349 0.21347326 0.20095483 0.18843639 0.17591796 0.16339952 0.15079322 0.14126129 0.12525049 0.10923968 0.093228879 0.077218074 0.06120727 0.060172948 0.06172697 0.063280993 0.064835015 0.066389037 0.069248262 0.0652352 0.061222138
-9999 0.33828673 0.33906424 0.33984174 0.34061924 0.34388966 0.35198631 0.35369591 0.34803402 0.34237214 0.33671026 0.32877976 0.31228537 0.29933733 0.29349104 0.29584986 0.30683688 0.31782389 0.32881091 0.33409977 0.32624276 0.31838575 0.31052873 0.30373254 0.30491633 0.30217676 0.28892162 0.27417281 0.25764828 0.24112375 0.22459922 0.21458434 0.21711801 0.21965167 0.22218533 0.22359522 0.2211624 0.21458022 0.20206178 0.18954335 0.17702491 0.16409873 0.15046581 0.14198107 0.13719727 0.12311261 0.10710181 0.091091005 0.0750802 0.074045879 0.075599901 0.077153923 0.078707945 0.085296131 0.08972981 0.085716748 0.081703686
