mean_models/J1_mean_vp_slide_diff_120.dat.tif
NCOLS 118
NROWS 92
XLLCORNER 139.62
YLLCORNER -39.07
DX 0.099491525
DY 0.099347826
NODATA_VALUE -9999
[rows 0 to 26 of 92, columns 0 to 59 of 118]
-9999 -9999 -9999 -9999 -9999 -9999 -9999 -9999 -9999 -9999 -9999 -9999 -9999 -9999 -9999 -9999 -9999 -9999 -9999 -9999 -9999 -9999 -9999 -9999 -9999 -9999 -9999 -9999 -9999 -9999 -9999 -9999 -9999 -9999 -9999 -9999 -9999 -9999 -9999 -9999 -9999 -9999 -9999 -9999 -9999 -9999 -9999 -9999 -9999 -9999 -9999 -9999 -9999 -9999 -9999 -9999 -9999 -9999 -9999 -9999
-9999 8.1657819 8.1650558 8.1643296 8.1636035 8.1628774 8.1615493 8.161851 8.1639095 8.1649375 8.1659656 8.1669936 8.1680216 8.1697842 8.1724764 8.1745478 8.1766193 8.1786907 8.1807621 8.1831781 8.186389 8.1895999 8.1928108 8.1960218 8.1984673 8.1959107 8.1913153 8.1848477 8.17838 8.1719124 8.1654448 8.1628483 8.1677139 8.1725795 8.1774452 8.1823108 8.1861193 8.1891103 8.1928763 8.1949526 8.1970289 8.1991052 8.2011815 8.1966642 8.1906577 8.1856892 8.1807207 8.1757523 8.1707838 8.1640856 8.1570506 8.1500157 8.1429808 8.1359458 8.1320334 8.1361911 8.1364727 8.1367543 8.1370359 8.1373175
-9999 8.1611028 8.1603767 8.1596506 8.1589244 8.1571282 8.1546616 8.1549633 8.1584601 8.1611826 8.1622106 8.1632387 8.1642667 8.1660293 8.1692629 8.1722436 8.174315 8.1763864 8.1784578 8.1808738 8.1840847 8.1872957 8.1905066 8.1915844 8.1892848 8.1867283 8.183483 8.1796203 8.1731527 8.1666851 8.1602174 8.1576209 8.1624865 8.1673522 8.1722178 8.1751162 8.1759796 8.1789706 8.1850054 8.1895893 8.1916656 8.1937419 8.1958181 8.1913009 8.1820436 8.1752403 8.1702718 8.1653033 8.1603349 8.1536384 8.1466432 8.1396132 8.1325782 8.1255433 8.1216308 8.1285343 8.1337845 8.1340661 8.1343477 8.1346293
-9999 8.1564237 8.1556976 8.1549715 8.1527071 8.1502405 8.1477739 8.1480756 8.1515724 8.1550691 8.1584557 8.1594837 8.1605118 8.1622744 8.165508 8.1687416 8.1719753 8.1740822 8.1761536 8.1785696 8.1817805 8.1849914 8.1847016 8.182402 8.1801024 8.1775459 8.1743006 8.1710553 8.16781 8.1614577 8.1549901 8.1523935 8.1572592 8.1621248 8.1641131 8.1649765 8.1658399 8.1688309 8.1748658 8.1809006 8.1863022 8.1883785 8.1904548 8.1859376 8.1766803 8.1674231 8.1598229 8.1548544 8.149886 8.1431895 8.1361943 8.1291992 8.1221757 8.1151407 8.1112283 8.1181317 8.1250352 8.1313779 8.1316595 8.1319411
-9999 8.1517447 8.1507525 8.1482859 8.1458194 8.1433528 8.1408862 8.1411879 8.1446847 8.1481814 8.1516781 8.1551748 8.1567568 8.1585194 8.1617531 8.1649867 8.1682203 8.171454 8.1738493 8.1762653 8.1794762 8.1778187 8.1755191 8.1732196 8.17092 8.1683634 8.1651181 8.1618729 8.1586276 8.1553823 8.1497627 8.1471662 8.1520318 8.1531101 8.1539735 8.1548368 8.1557002 8.1586912 8.1647261 8.1707609 8.1767958 8.1828306 8.1850915 8.1805742 8.171317 8.1620597 8.1528025 8.1444055 8.1394371 8.1327406 8.1257454 8.1187503 8.1117551 8.1047382 8.1008257 8.1077292 8.1146327 8.1215361 8.1284396 8.1292529
-9999 8.1463314 8.1438648 8.1413982 8.1389317 8.1364651 8.1339985 8.1343002 8.137797 8.1412937 8.1447904 8.1482871 8.1517838 8.1547645 8.1579981 8.1612318 8.1644654 8.1676991 8.1709327 8.1732354 8.1709359 8.1686363 8.1663367 8.1640371 8.1617375 8.159181 8.1559357 8.1526904 8.1494452 8.1461999 8.1429546 8.1412436 8.142107 8.1429704 8.1438338 8.1446972 8.1455605 8.1485515 8.1545864 8.1606212 8.1666561 8.1726909 8.1787258 8.1752109 8.1659536 8.1566964 8.1474391 8.1381819 8.1289882 8.1222917 8.1152965 8.1083014 8.1013062 8.0943111 8.0904232 8.0973267 8.1042301 8.1111336 8.1180371 8.1249405
-9999 8.1441864 8.1417198 8.1392532 8.1367867 8.1343201 8.1320363 8.1325059 8.1360027 8.1394994 8.1429961 8.1464928 8.149756 8.1522531 8.1541797 8.1574133 8.160647 8.1638806 8.1671143 8.1686747 8.1663752 8.1640756 8.161776 8.1594764 8.1568476 8.1552243 8.156684 8.1534387 8.1501934 8.1469481 8.1437029 8.141861 8.1427244 8.1435877 8.1444511 8.1453145 8.1433955 8.1430678 8.1491027 8.1551375 8.1611724 8.1672072 8.1708331 8.1731728 8.1693046 8.1600473 8.1507901 8.1415328 8.1322756 8.1249471 8.1179519 8.1109568 8.1039616 8.0984969 8.0993453 8.1062488 8.1131522 8.1200557 8.1269592 8.1289372
-9999 8.1427928 8.1403262 8.1378596 8.135393 8.133202 8.1310489 8.1315186 8.1350153 8.138512 8.1420088 8.145119 8.1480988 8.1505959 8.1521263 8.1536566 8.1568185 8.1600521 8.1632858 8.1648463 8.1625467 8.1602471 8.1579475 8.1550756 8.1518912 8.1502679 8.1528287 8.1553895 8.152515 8.1492697 8.1460244 8.1441825 8.1450459 8.1459093 8.1467727 8.1434243 8.1386494 8.1383217 8.1443566 8.1503914 8.1564263 8.1591853 8.1614882 8.163828 8.1661944 8.1647788 8.1555215 8.1462643 8.137007 8.1296786 8.1226834 8.1156883 8.1113803 8.1104806 8.111329 8.1182324 8.1251359 8.1320394 8.1325158 8.1315063
-9999 8.1413991 8.1389326 8.1365208 8.1343677 8.1322147 8.1300616 8.1305313 8.134028 8.1375021 8.1404819 8.1434618 8.1464416 8.1489387 8.150469 8.1519994 8.1535297 8.1562237 8.1594573 8.1610178 8.1587182 8.1564186 8.1533036 8.1501192 8.1469348 8.1453115 8.1478723 8.1504331 8.1529939 8.1515913 8.148346 8.1465041 8.1473675 8.1482281 8.1434531 8.1386782 8.1339033 8.1335757 8.1396105 8.1452347 8.1475376 8.1498405 8.1521434 8.1544832 8.1568495 8.1592159 8.160253 8.1509958 8.1417385 8.1344101 8.1274149 8.1242636 8.1233639 8.1224643 8.1233126 8.1302161 8.1371038 8.1360943 8.1350848 8.1340754
-9999 8.1400055 8.1376866 8.1355335 8.1333804 8.1312273 8.1290742 8.1295439 8.132865 8.1358448 8.1388247 8.1418045 8.1447844 8.1472815 8.1488118 8.1503422 8.1518725 8.1534029 8.1556288 8.1571893 8.1547159 8.1515315 8.1483472 8.1451628 8.1419784 8.1403551 8.1429159 8.1454767 8.1480375 8.1505983 8.1506676 8.1488257 8.1482569 8.143482 8.1387071 8.1339321 8.1291572 8.1288296 8.133587 8.1358899 8.1381928 8.1404957 8.1427986 8.1451384 8.1475047 8.149871 8.1522374 8.1546037 8.14647 8.1391415 8.137147 8.1362473 8.1353476 8.1344479 8.1352963 8.1406824 8.1396729 8.1386634 8.1376539 8.1366445
-9999 8.1392801 8.1371271 8.134974 8.1328209 8.1306678 8.1285147 8.1290031 8.1319829 8.1349628 8.1379426 8.1409225 8.1439023 8.1459555 8.1474858 8.1490162 8.1505465 8.1520769 8.1536072 8.1537119 8.1505275 8.1473431 8.1441587 8.1409743 8.1377899 8.1354218 8.1379826 8.1405434 8.1431042 8.145665 8.1482258 8.148281 8.1435061 8.1387311 8.1339562 8.1291813 8.1244064 8.1230269 8.1253297 8.1276326 8.1299355 8.1322384 8.1345413 8.1375109 8.1398772 8.1422435 8.1446098 8.1469762 8.1493425 8.1489241 8.1480244 8.1471247 8.146225 8.1453253 8.1431873 8.1421778 8.1411683 8.1401588 8.1391493 8.1381398
-9999 8.1415244 8.1393713 8.1372182 8.1350651 8.132912 8.1321465 8.1332011 8.136181 8.1391609 8.1421407 8.1451206 8.1475129 8.1488646 8.1484839 8.1498606 8.151391 8.1529213 8.1544517 8.1545563 8.1513719 8.1481876 8.1450032 8.1418188 8.1388329 8.1360949 8.1337771 8.1357614 8.1383223 8.1408831 8.1434439 8.143499 8.1387241 8.1339492 8.1291743 8.1243994 8.1220087 8.121897 8.1241999 8.1265028 8.1288056 8.1311085 8.1363035 8.1404472 8.1435044 8.1458707 8.1482371 8.1506034 8.1529697 8.1525513 8.1516516 8.1507519 8.1498522 8.1446773 8.1376459 8.1366364 8.135627 8.1346175 8.133608 8.1340478
-9999 8.1437686 8.1416155 8.1394624 8.1375714 8.136958 8.1363446 8.1373992 8.1403791 8.1433589 8.146309 8.1485259 8.1507427 8.1520945 8.1517137 8.151333 8.1522354 8.1537658 8.1552961 8.1554008 8.1522164 8.149032 8.1458476 8.1429336 8.1400389 8.1373009 8.1349831 8.1326653 8.1335403 8.1361011 8.1386619 8.1387171 8.1339422 8.1291673 8.1244777 8.1226782 8.1208788 8.1207671 8.12307 8.1253729 8.1281476 8.1335009 8.1388543 8.142998 8.1462721 8.149498 8.1518643 8.1542306 8.156597 8.1561785 8.1552789 8.1543792 8.1479058 8.1391359 8.1321046 8.1310951 8.1300856 8.1292023 8.1297774 8.1303525
-9999 8.1460128 8.1438597 8.1423829 8.1417695 8.141156 8.1405426 8.1415973 8.1445771 8.147322 8.1495388 8.1517557 8.1539726 8.1553243 8.1549436 8.1545629 8.1541821 8.1546102 8.1561406 8.1562453 8.1530609 8.1499291 8.1470344 8.1441396 8.1412449 8.138507 8.1361892 8.1338714 8.1315535 8.1313192 8.13388 8.1339352 8.1291602 8.1251473 8.1233478 8.1215484 8.1197489 8.1196372 8.1219401 8.125345 8.1306984 8.1360517 8.141405 8.1455488 8.1488229 8.152097 8.1553712 8.1578579 8.1602242 8.1598058 8.1589061 8.1511343 8.1423644 8.1335946 8.1265633 8.1255538 8.1249318 8.1255069 8.126082 8.1266571
-9999 8.1482571 8.1471944 8.146581 8.1459675 8.1453541 8.1447407 8.1457953 8.1483349 8.1505518 8.1527687 8.1549855 8.1572024 8.1585541 8.1581734 8.1577927 8.157412 8.1570313 8.156985 8.1570897 8.1540298 8.1511351 8.1482404 8.1453457 8.142451 8.139713 8.1373952 8.1350774 8.1327596 8.1304418 8.1290981 8.1291532 8.1258168 8.1240174 8.1222179 8.1204185 8.1186191 8.1185074 8.1225425 8.1278958 8.1332491 8.1386025 8.1439558 8.1480995 8.1513737 8.1546478 8.1579219 8.1611961 8.1638514 8.1631326 8.1543628 8.1455929 8.1368231 8.1280533 8.1210219 8.1206614 8.1212365 8.1218116 8.1223867 8.1229618
-9999 8.1518941 8.1512807 8.1506672 8.1500538 8.1494404 8.148827 8.1497214 8.1519382 8.1541551 8.156372 8.1585888 8.1608057 8.1619048 8.1614858 8.1611051 8.1607244 8.1603437 8.1599629 8.158822 8.1559273 8.1530326 8.1501379 8.1472432 8.1443485 8.1388627 8.135413 8.1330951 8.1307773 8.1284595 8.1261417 8.1240009 8.1222015 8.120402 8.1186026 8.1168031 8.1150037 8.1147932 8.1201466 8.1254999 8.1308532 8.1362066 8.1415599 8.1462916 8.1495657 8.1528399 8.156114 8.1593882 8.1626623 8.1552655 8.1464956 8.1377258 8.128956 8.1201862 8.1158891 8.1178868 8.1184619 8.119037 8.1196121 8.1201872
-9999 8.1557207 8.1551073 8.1544938 8.1538804 8.1534996 8.1544357 8.1554779 8.1566426 8.1586262 8.160843 8.1630599 8.1652768 8.1663759 8.1652367 8.1646093 8.1642286 8.1638479 8.1634672 8.1623263 8.1594315 8.1565368 8.1536421 8.1507474 8.148264 8.1429307 8.1298761 8.1237044 8.1213866 8.1190688 8.116751 8.1146102 8.1128108 8.1110113 8.1092119 8.1077475 8.1139128 8.1149085 8.1085085 8.1116098 8.1169631 8.1223165 8.1276698 8.1327523 8.1376298 8.140904 8.1441781 8.1474523 8.1507264 8.1427743 8.1332242 8.1244544 8.1156846 8.1069148 8.1026177 8.1138135 8.1178267 8.1184018 8.1189769 8.119552
-9999 8.1595473 8.1589338 8.1583204 8.1583983 8.1593343 8.1602704 8.1613125 8.1624773 8.163642 8.1653141 8.167531 8.1697478 8.170847 8.1697078 8.1685686 8.1677328 8.1673521 8.1669714 8.1658305 8.1629358 8.1600411 8.1572369 8.1547845 8.152332 8.1469987 8.1339441 8.1208894 8.1119959 8.1096781 8.1073603 8.1052196 8.1034201 8.1016207 8.1021754 8.1083406 8.1145059 8.1155016 8.1091016 8.1027015 8.1030731 8.1084264 8.1137797 8.1188622 8.1237501 8.1286379 8.1322422 8.1355164 8.1387905 8.1308384 8.1209461 8.111183 8.1024132 8.0936434 8.0893463 8.1005421 8.1117379 8.1177666 8.1183417 8.1189168
-9999 8.1633738 8.1627604 8.1632969 8.164233 8.165169 8.166105 8.1671472 8.1683119 8.1694766 8.1706413 8.1720021 8.1742189 8.1753181 8.1741789 8.1730397 8.1719005 8.1708563 8.1704756 8.1693347 8.16644 8.1637574 8.1613049 8.1588524 8.1564 8.1510667 8.138012 8.1249574 8.1119028 8.1002874 8.0979696 8.0958289 8.0940294 8.0966032 8.1027685 8.1089338 8.115099 8.1160948 8.1096947 8.1032947 8.0968946 8.0945363 8.0998896 8.1049721 8.10986 8.1147478 8.1196356 8.1235805 8.1268546 8.1189025 8.1090102 8.0991179 8.0892256 8.080372 8.0760749 8.0872707 8.0984665 8.1096623 8.1177065 8.1182816
-9999 8.1672595 8.1681956 8.1691316 8.1700676 8.1710037 8.1719397 8.1729819 8.1741466 8.1753113 8.176476 8.1776407 8.1788054 8.1797891 8.17865 8.1775108 8.1763716 8.1752324 8.1740932 8.1728389 8.1702778 8.1678253 8.1653729 8.1629204 8.1604679 8.1551346 8.14208 8.1290254 8.1159707 8.1029161 8.0898615 8.0864382 8.0910311 8.0971964 8.1033616 8.1095269 8.1156922 8.1166879 8.1102878 8.1038878 8.0974877 8.0910877 8.0859995 8.091082 8.0959699 8.1008577 8.1057455 8.1106333 8.1149187 8.1069666 8.0970743 8.087182 8.0772897 8.0673974 8.0628035 8.0739993 8.0851951 8.0963909 8.1075868 8.1176464
-9999 8.1688127 8.1697487 8.1706848 8.1716208 8.1725569 8.1743378 8.1776101 8.1787748 8.1799395 8.1811042 8.1822689 8.1832935 8.1823277 8.1811156 8.1799764 8.1788372 8.1776981 8.1765589 8.1750226 8.1725701 8.1701176 8.1676652 8.1652127 8.1627603 8.1557484 8.1460951 8.1330405 8.1199858 8.1069312 8.0938765 8.0873868 8.0935521 8.0997173 8.1058826 8.1120479 8.1174907 8.1151098 8.1087097 8.1023097 8.0959096 8.0895096 8.0840425 8.0840219 8.0886185 8.0935064 8.0983942 8.103282 8.1081698 8.1004555 8.0905632 8.0806709 8.0707786 8.0608863 8.057899 8.0690948 8.0802906 8.0914864 8.1026822 8.1098669
-9999 8.1671363 8.1680723 8.1690083 8.1699444 8.1729574 8.1780559 8.1813283 8.182493 8.1836577 8.1848224 8.1852693 8.1844825 8.1835167 8.1821923 8.1809293 8.1797901 8.1786509 8.1775118 8.1759755 8.173523 8.1710705 8.1686181 8.1647503 8.1571155 8.1500951 8.1447217 8.1370156 8.123961 8.1109064 8.0978517 8.091362 8.0975272 8.1036925 8.1098578 8.1138463 8.1142747 8.1118939 8.1054938 8.0990938 8.0926937 8.0879892 8.0848722 8.0848515 8.0870567 8.0910873 8.0959752 8.100863 8.1057508 8.0980365 8.0881442 8.0782519 8.0686554 8.0619786 8.0593057 8.0705015 8.0816973 8.0928931 8.0972957 8.0938307
-9999 8.1654598 8.1663959 8.1673319 8.171577 8.1766755 8.181774 8.1850464 8.1862111 8.1873758 8.1872451 8.1864583 8.1856715 8.1847057 8.1833813 8.1820569 8.180743 8.1796038 8.1784647 8.1769284 8.1744759 8.1720234 8.1667318 8.159097 8.1514621 8.1444418 8.1390684 8.133695 8.1279362 8.1148815 8.1018269 8.0953372 8.1015024 8.1076677 8.1102019 8.1106304 8.1110588 8.108678 8.1022779 8.0958779 8.0919359 8.0888189 8.0857019 8.0856812 8.0878864 8.0900916 8.0935562 8.098444 8.1033318 8.0956175 8.0857252 8.0767389 8.0700621 8.0633853 8.0607124 8.0719082 8.083104 8.0847244 8.0812595 8.0777945
-9999 8.1637834 8.1650981 8.1701966 8.1752951 8.1803937 8.1854922 8.1887645 8.1899292 8.1892209 8.1884341 8.1876473 8.1868605 8.1858947 8.1845703 8.1832459 8.1819215 8.1805971 8.1794176 8.1778813 8.1754288 8.1687133 8.1610785 8.1534436 8.1458088 8.1387885 8.1334151 8.1280417 8.1226683 8.1172949 8.1058021 8.0993123 8.1054776 8.1065575 8.106986 8.1074144 8.1078429 8.1054621 8.099062 8.0958825 8.0927655 8.0896485 8.0865315 8.0865108 8.0887161 8.0909213 8.0931265 8.096025 8.1009128 8.0931985 8.0848224 8.0781456 8.0714688 8.0647921 8.0621191 8.0733149 8.0721532 8.0686882 8.0652232 8.0617583
-9999 8.1637177 8.1688162 8.1739147 8.1790133 8.1841118 8.1892103 8.1919835 8.1911967 8.1904099 8.1896231 8.1888363 8.1880495 8.1870837 8.1857593 8.1844349 8.1831105 8.1817861 8.1804617 8.1783296 8.1706948 8.16306 8.1554251 8.1477903 8.1401555 8.1331352 8.1277618 8.1223884 8.117015 8.1116416 8.1062682 8.1024846 8.1029131 8.1033416 8.10377 8.1041985 8.104627 8.1029462 8.0998292 8.0967122 8.0935952 8.0904782 8.0873612 8.0873405 8.0895457 8.0917509 8.0939562 8.0961614 8.0984938 8.0929059 8.0862291 8.0795523 8.0728756 8.0661988 8.0630469 8.0595819 8.056117 8.052652 8.049187 8.0457221
-9999 8.1599288 8.1650274 8.1701259 8.1752244 8.180323 8.1881495 8.1947277 8.1960396 8.1952528 8.194466 8.1936792 8.1928924 8.1913149 8.1886377 8.1873133 8.1859889 8.1846645 8.1833401 8.1801075 8.1724727 8.1648379 8.1572031 8.1495683 8.1428318 8.1338954 8.1175192 8.1121459 8.1067725 8.1013991 8.0960257 8.092634 8.0930625 8.093491 8.0939195 8.094348 8.0939333 8.0940162 8.094205 8.091088 8.087971 8.084854 8.081737 8.0783772 8.0780888 8.0802941 8.0824993 8.0847045 8.0869097 8.0924016 8.0875815 8.0809048 8.074228 8.0675512 8.0624119 8.0617744 8.0583094 8.0548444 8.0513795 8.0479145
-9999 8.1547012 8.1597998 8.1648983 8.1699968 8.1792867 8.1893292 8.1959074 8.1984875 8.200796 8.2000092 8.1992224 8.1984356 8.1968581 8.1936973 8.1905364 8.189191 8.1878666 8.1865423 8.1833097 8.1756749 8.1680401 8.1604052 8.1543916 8.1493877 8.1404513 8.1209751 8.1014989 8.0956504 8.090277 8.0849036 8.081512 8.0819404 8.0823689 8.0827974 8.0819214 8.08053 8.0806129 8.082805 8.0842268 8.0811098 8.0779928 8.0748758 8.0715161 8.0679819 8.0664824 8.0686876 8.0708928 8.073098 8.0785899 8.0846499 8.0822468 8.07557 8.0688933 8.063754 8.0639401 8.0639955 8.0605305 8.0570656 8.0536006
