mean_models/J1_mean__temp2_slide_140.dat.tif
NCOLS 118
NROWS 92
XLLCORNER 139.62
YLLCORNER -39.07
DX 0.099491525
DY 0.099347826
NODATA_VALUE -9999
[rows 54 to 80 of 92, columns 0 to 59 of 118]
-9999 1140.0629 1146.2239 1152.3849 1158.5458 1162.715 1166.7175 1168.5153 1167.7686 1167.022 1166.2753 1160.6686 1153.7825 1148.7728 1147.5209 1146.2689 1140.6944 1134.7173 1128.7402 1122.8183 1117.0239 1111.2295 1105.4352 1109.3062 1117.5202 1120.9124 1111.3807 1101.8491 1096.0721 1090.7414 1085.4107 1085.5851 1096.3717 1107.1582 1117.9448 1125.2199 1131.5581 1136.1719 1138.3188 1140.4658 1142.6128 1143.0438 1143.3244 1143.6292 1143.9515 1145.0836 1148.2534 1151.4231 1154.5929 1154.431 1153.6934 1152.9557 1153.1693 1154.409 1155.5887 1156.5601 1157.5316 1158.5031 1165.3076 1173.122
-9999 1143.6018 1149.7628 1155.3908 1159.3932 1163.3957 1167.3982 1169.1961 1168.4494 1166.9919 1160.1058 1153.2197 1146.3335 1141.3239 1140.072 1138.82 1137.5681 1133.4228 1127.4456 1121.5238 1115.7294 1109.935 1118.043 1126.2571 1134.4711 1137.8633 1128.3316 1118.8 1109.2684 1102.312 1096.9813 1097.1557 1107.9422 1118.4169 1124.755 1131.0931 1137.4312 1142.0451 1144.192 1146.0059 1146.2865 1146.5672 1146.8478 1147.1526 1147.4749 1147.7971 1148.2534 1151.4231 1154.5929 1154.431 1153.6934 1154.3334 1155.5731 1156.8128 1157.9925 1158.9639 1160.4012 1168.2155 1176.0299 1183.8442
-9999 1147.1408 1152.069 1156.0715 1160.074 1164.0765 1168.079 1169.8768 1166.4291 1159.543 1152.6569 1145.7707 1138.8846 1133.875 1132.623 1131.3711 1130.1192 1128.8672 1126.1511 1120.2292 1118.5659 1126.7799 1134.9939 1143.208 1151.422 1154.8142 1145.2825 1135.7509 1126.2193 1116.6876 1108.5518 1108.7262 1117.952 1124.2901 1130.6282 1136.9663 1143.3044 1147.9182 1149.2487 1149.5293 1149.8099 1150.0906 1150.3712 1150.676 1150.9982 1151.3205 1151.6427 1151.9649 1154.5929 1154.431 1155.4974 1156.7371 1157.9769 1159.2166 1160.3962 1163.309 1171.1234 1178.9377 1186.7521 1194.5664
-9999 1149.9325 1153.935 1157.9375 1161.94 1165.9425 1169.945 1171.8003 1164.9142 1158.0281 1151.1419 1144.2558 1137.3697 1131.5326 1130.2807 1129.0288 1127.7768 1126.5249 1125.273 1126.8834 1135.0974 1143.3114 1151.5255 1159.7395 1167.9535 1171.3774 1161.8468 1152.3152 1142.7836 1133.252 1123.7203 1119.6093 1125.9474 1132.2855 1138.6236 1144.9618 1151.2999 1152.8491 1153.1297 1153.4103 1153.691 1153.9716 1154.2522 1155.3997 1155.7219 1156.0441 1156.3663 1156.6885 1157.0107 1159.0737 1160.3135 1161.5532 1162.793 1164.0327 1165.5455 1173.0524 1180.8668 1188.6811 1196.4955 1204.3098
-9999 1155.8466 1159.849 1163.8515 1167.854 1171.7852 1175.2139 1178.5236 1181.6959 1176.7805 1169.8944 1163.0083 1156.1222 1150.1986 1146.2027 1144.1279 1142.8759 1141.624 1140.3721 1141.9825 1150.1965 1158.4105 1166.6246 1174.8386 1183.1126 1186.5648 1177.0763 1167.5591 1158.0275 1148.4959 1138.9643 1134.8532 1141.1913 1147.5295 1153.8676 1160.0956 1160.0103 1159.5219 1158.457 1158.5128 1158.7935 1159.0741 1159.3547 1161.3708 1164.5448 1164.8671 1165.1893 1165.5115 1165.8337 1169.8421 1173.3687 1174.6084 1175.8481 1177.0879 1178.6007 1181.0596 1187.267 1195.0813 1202.8957 1210.71
-9999 1161.7606 1165.7631 1169.7656 1173.4938 1176.9226 1180.3513 1183.6609 1186.8333 1190.0056 1188.6468 1181.7607 1174.8746 1168.9511 1164.9552 1160.9592 1157.975 1156.7231 1155.4712 1157.0816 1165.2956 1173.5096 1181.7393 1190.0197 1198.3 1201.7522 1192.2638 1182.7753 1173.2714 1163.7398 1154.2082 1150.0972 1156.4353 1162.7734 1167.0152 1166.9298 1166.8445 1166.3562 1165.2913 1164.2264 1163.896 1164.1766 1164.4572 1166.4733 1169.737 1173.0007 1174.0122 1174.3344 1174.6567 1178.6651 1183.3107 1187.6636 1188.9033 1190.1431 1191.6559 1194.1148 1196.5736 1201.4815 1209.2959 1217.1102
-9999 1167.6747 1171.6772 1175.2025 1178.6312 1182.0599 1185.4886 1188.7983 1191.9706 1195.1429 1198.3153 1200.5132 1193.6271 1187.7035 1183.7076 1179.7117 1175.7158 1171.8222 1170.5703 1172.1807 1180.3947 1188.6464 1196.9267 1205.2071 1213.4874 1216.9396 1207.4512 1197.9627 1188.4743 1178.9838 1169.4521 1165.3411 1171.6792 1173.9347 1173.8494 1173.7641 1173.6788 1173.1904 1172.1255 1171.0606 1169.9957 1169.2791 1169.5597 1171.5758 1174.8395 1178.1032 1181.3668 1183.1574 1183.4796 1187.4881 1192.1336 1196.7792 1201.4247 1203.1983 1204.7111 1207.17 1209.6288 1212.0877 1215.6961 1223.5104
-9999 1173.4825 1176.9112 1180.3399 1183.7686 1187.1973 1190.626 1193.9357 1197.108 1200.2803 1203.4526 1206.625 1209.7973 1206.456 1202.4601 1198.4642 1194.4682 1190.4723 1186.4764 1187.2798 1195.5535 1203.8338 1212.1141 1220.3945 1228.6748 1232.127 1222.6386 1213.1501 1203.6617 1194.1732 1184.6848 1180.585 1180.8543 1180.769 1180.6837 1180.5983 1180.513 1180.0247 1178.9598 1177.8949 1176.83 1175.7651 1174.7002 1176.6783 1179.942 1183.2057 1186.4693 1189.733 1192.3026 1196.3111 1200.9566 1205.6021 1210.2477 1214.8932 1217.7663 1220.2251 1222.684 1225.1429 1227.6017 1230.0606
-9999 1177.8284 1181.2571 1184.6858 1188.1145 1191.5432 1193.115 1190.3092 1189.6888 1192.8611 1196.0334 1199.2058 1202.3781 1205.6962 1206.2249 1202.229 1198.233 1194.2371 1190.2412 1189.9575 1198.2378 1206.5182 1214.7985 1223.0789 1229.631 1230.5488 1229.9509 1220.4624 1210.974 1201.4855 1191.9971 1185.7204 1185.6351 1185.5498 1185.4644 1185.3791 1183.5587 1183.6709 1187.0366 1185.9717 1184.9068 1183.8419 1182.777 1182.5384 1184.9303 1188.194 1191.4577 1194.7214 1197.985 1191.5753 1196.0502 1200.6958 1205.3413 1209.9869 1217.233 1228.549 1231.0079 1233.4667 1235.9256 1238.3844
-9999 1181.8301 1185.2588 1188.6875 1192.1163 1192.0772 1190.9501 1188.1443 1183.401 1179.9817 1183.154 1186.3263 1189.4986 1192.8168 1196.427 1199.4764 1195.4804 1191.4845 1187.4886 1187.2049 1195.4852 1203.7656 1212.0459 1215.729 1215.3523 1216.2701 1220.6575 1224.3502 1214.8618 1205.3733 1195.8849 1189.6082 1189.5229 1189.4376 1189.3522 1185.8751 1180.4321 1180.5443 1188.6042 1194.5889 1193.524 1192.4591 1191.3942 1191.1556 1191.511 1193.1327 1196.3964 1199.66 1202.9237 1196.514 1188.4324 1189.8192 1194.4647 1199.1103 1206.3564 1222.6109 1237.2743 1239.7331 1242.192 1244.6509
-9999 1185.8319 1189.2606 1192.1663 1191.0393 1189.9123 1188.7852 1185.9794 1181.2361 1176.4928 1171.7495 1173.4468 1176.6192 1179.9373 1183.5475 1187.1577 1190.768 1188.7319 1184.736 1184.4523 1192.7326 1201.013 1201.8271 1201.4503 1201.0736 1201.9914 1206.3788 1210.7662 1215.1536 1209.2611 1199.7727 1193.496 1193.4107 1193.3254 1188.1915 1182.7485 1177.3055 1177.4177 1185.4776 1193.5374 1201.5973 1201.0763 1200.0114 1199.7728 1200.1282 1200.4836 1201.3351 1204.5987 1207.8624 1201.4527 1193.3711 1185.2896 1183.5881 1188.2337 1195.4798 1211.7343 1227.9887 1244.2431 1248.4584 1250.9173
-9999 1189.8336 1191.1284 1190.0014 1188.8744 1187.7474 1186.6203 1183.8145 1179.0712 1174.3279 1169.5846 1164.8413 1163.7397 1167.0579 1170.6681 1174.2783 1177.8885 1181.4987 1181.9834 1181.6997 1188.3018 1187.9251 1187.5484 1187.1716 1186.7949 1187.7127 1192.1001 1196.4875 1200.8749 1205.2623 1203.6605 1197.3838 1195.951 1190.508 1185.065 1179.6219 1174.1789 1174.2911 1182.351 1190.4108 1198.4707 1206.5305 1208.6286 1208.39 1208.7454 1209.1008 1209.4562 1209.8115 1212.8011 1206.3914 1198.3098 1190.2283 1182.1467 1177.3571 1184.6032 1200.8577 1217.1121 1233.3665 1249.6209 1257.1837
-9999 1190.595 1189.4679 1188.3409 1187.2139 1186.0868 1184.9598 1183.121 1178.3777 1173.6344 1168.8911 1164.1478 1159.4045 1156.8793 1160.4895 1164.0997 1167.7099 1171.3201 1174.9303 1177.335 1176.9582 1176.5815 1176.2047 1175.828 1175.4513 1174.3729 1178.7603 1183.1478 1187.5352 1191.9226 1196.31 1197.3396 1191.8966 1186.4536 1181.0105 1175.5675 1170.1245 1172.0986 1180.1584 1188.2183 1196.2781 1204.338 1212.3978 1219.7824 1220.1378 1220.4931 1220.8485 1221.2039 1221.5593 1214.721 1206.6394 1198.5579 1190.4763 1182.3947 1180.5404 1196.7949 1213.0493 1229.3037 1245.5582 1261.8126
-9999 1191.4432 1190.3161 1189.1891 1188.0621 1187.1246 1190.2653 1189.746 1185.0027 1180.2594 1175.5161 1170.7728 1168.7889 1166.9769 1164.9841 1167.3548 1170.965 1174.5752 1178.1854 1180.59 1180.2133 1179.8366 1179.4598 1179.0831 1180.5592 1180.016 1173.0141 1174.4784 1178.8659 1183.2533 1187.6407 1188.6703 1183.2273 1177.7843 1172.3412 1166.8982 1169.4392 1174.5518 1182.6117 1190.6715 1198.7314 1208.0163 1230.6191 1242.1303 1245.3332 1245.6886 1246.044 1246.3994 1246.7547 1239.9165 1231.8349 1223.7533 1215.6718 1210.1055 1210.3686 1226.6231 1242.8775 1259.1319 1274.8404 1279.2422
-9999 1192.2914 1191.1643 1190.0373 1190.6089 1193.7495 1196.8902 1196.3709 1191.6276 1186.8843 1182.9473 1181.2256 1179.5039 1177.6919 1175.6991 1173.7063 1174.2201 1177.8303 1181.4405 1183.8451 1183.4684 1183.0916 1183.068 1184.9345 1186.8009 1186.2577 1179.2558 1172.254 1170.1965 1174.5839 1178.9714 1180.001 1174.558 1169.1149 1165.7874 1168.8399 1171.8924 1177.0051 1185.0649 1193.1247 1206.5839 1229.1867 1251.7894 1263.3007 1266.8384 1270.3761 1271.2395 1271.5949 1271.9502 1265.1119 1257.0304 1248.9488 1244.2872 1239.9337 1240.1968 1256.4513 1272.7057 1285.5382 1289.9399 1294.3417
-9999 1193.1396 1192.0126 1194.0932 1197.2338 1200.3745 1203.5152 1202.9959 1198.2526 1195.384 1193.6623 1191.9406 1190.2189 1188.4069 1186.4141 1184.4213 1182.4285 1181.0854 1184.6956 1187.1002 1186.7235 1187.4432 1189.3097 1191.1761 1193.0426 1192.4994 1185.4975 1178.4957 1171.4938 1165.9146 1170.302 1171.3317 1165.8887 1165.1881 1168.2406 1171.2931 1174.3457 1179.4583 1187.5181 1205.1515 1227.7543 1250.357 1272.9598 1284.4711 1288.0088 1291.5465 1295.0842 1296.7904 1297.1457 1290.3074 1282.8223 1278.4688 1274.1154 1269.7619 1270.025 1286.2794 1296.2359 1300.6377 1305.0395 1309.4413
-9999 1194.4368 1197.5774 1200.7181 1203.8588 1206.9994 1210.1401 1209.6209 1207.8207 1206.099 1204.3773 1202.6556 1200.9339 1199.1219 1197.1291 1195.1363 1193.1435 1191.1507 1189.1578 1190.3553 1191.8185 1193.6849 1195.5514 1197.4178 1199.2843 1198.7411 1191.7392 1184.7374 1177.7355 1170.7337 1163.7318 1162.6624 1164.5888 1167.6413 1170.6938 1173.7464 1176.7989 1181.9115 1203.7191 1226.3219 1248.9246 1271.5274 1294.1302 1305.6414 1309.1791 1312.7168 1316.2545 1319.7922 1322.3412 1317.0039 1312.6505 1308.297 1303.9436 1299.5901 1299.8532 1306.9337 1311.3355 1315.7372 1320.139 1324.5408
-9999 1199.7613 1202.902 1206.0427 1209.1833 1212.324 1217.1746 1214.5526 1207.2882 1205.5665 1203.8448 1202.1232 1200.4015 1203.4809 1209.3529 1207.3601 1205.3673 1203.3745 1201.3817 1200.5559 1202.4223 1204.2888 1206.1552 1208.0217 1210.8132 1214.3679 1205.8549 1198.8531 1191.8512 1184.8494 1177.8475 1174.2799 1177.3325 1180.385 1183.4375 1186.4901 1192.1367 1199.057 1211.3285 1233.9313 1256.534 1279.1368 1301.7396 1310.9979 1313.5933 1317.131 1320.6687 1324.2064 1327.7441 1331.1364 1326.783 1322.4295 1318.076 1313.7226 1309.0554 1307.4997 1311.9015 1316.3032 1320.705 1325.1068
-9999 1204.3476 1207.4883 1210.6289 1213.7696 1220.513 1228.578 1225.9559 1210.9995 1198.6483 1196.9266 1195.2049 1193.4832 1196.5627 1209.2568 1220.4406 1218.4478 1216.455 1214.4622 1213.6364 1215.5028 1217.3693 1219.2357 1224.4124 1232.8739 1236.4285 1226.8318 1217.4392 1210.4374 1203.4356 1196.4337 1192.8661 1195.9186 1198.9712 1202.0237 1210.9825 1223.8061 1230.7263 1229.201 1233.8414 1256.4442 1279.0469 1301.6497 1310.908 1310.5733 1312.0317 1315.5694 1319.1071 1322.6448 1326.3782 1330.1454 1327.6507 1323.2972 1318.9437 1314.2766 1308.5228 1304.216 1308.6178 1313.0196 1317.4214
-9999 1208.9338 1212.0745 1215.7863 1223.8513 1231.9163 1239.9813 1237.3592 1222.4029 1207.4465 1192.4902 1188.2867 1186.565 1189.6445 1202.3386 1215.0327 1227.7269 1229.5355 1227.5427 1226.7168 1228.5833 1230.4498 1238.0116 1246.4731 1254.9345 1258.4891 1248.8924 1239.2957 1229.699 1222.0217 1215.0199 1211.4523 1214.5048 1217.5574 1229.8282 1242.6518 1255.4754 1262.3957 1260.8704 1259.3451 1257.8198 1278.9571 1301.5598 1310.8182 1310.4834 1310.1486 1310.4702 1314.0079 1317.5456 1321.279 1325.0461 1328.8133 1328.5184 1324.1649 1319.4977 1313.7439 1307.9901 1302.2363 1305.3341 1309.7359
-9999 1213.5201 1219.1246 1227.1896 1235.2546 1243.3196 1251.3846 1248.7625 1233.8062 1218.8498 1203.8935 1188.9371 1179.6468 1182.7263 1195.4204 1208.1145 1220.8087 1233.5028 1240.6232 1239.7973 1243.1494 1251.6109 1260.0723 1268.5337 1276.9951 1280.5498 1270.9531 1261.3564 1251.7596 1242.1629 1233.6061 1230.0385 1235.8504 1248.674 1261.4976 1274.3212 1287.1448 1294.0651 1292.5398 1291.0145 1289.4892 1287.9639 1301.47 1310.7283 1310.3935 1310.0588 1309.724 1309.3892 1312.4463 1316.1797 1319.9469 1323.7141 1327.4812 1329.3861 1324.7189 1318.9651 1313.2113 1307.4575 1301.7037 1302.0505
-9999 1219.1563 1227.2213 1235.2864 1243.3514 1251.4164 1259.4814 1260.5105 1245.5541 1230.5978 1215.6414 1200.6851 1185.7287 1178.8055 1191.4996 1204.1937 1216.8878 1229.582 1242.2761 1253.6903 1262.1517 1270.6131 1279.0746 1287.536 1295.9974 1299.0364 1289.5472 1279.9505 1270.3538 1260.7571 1251.1603 1249.2217 1262.0453 1274.8689 1287.6925 1300.5161 1313.3397 1314.7009 1313.1756 1311.6503 1310.125 1308.5997 1307.0744 1307.3616 1307.0269 1306.6921 1306.3573 1306.0225 1305.6877 1313.2322 1316.9994 1320.7666 1324.5337 1328.3009 1324.8389 1318.1396 1312.3858 1306.632 1300.8782 1295.1244
-9999 1214.7367 1222.8017 1230.8667 1238.9317 1247.3638 1258.0906 1261.518 1256.5209 1243.6503 1228.6939 1213.7376 1198.7812 1191.6575 1200.2191 1211.6191 1224.3132 1237.0073 1249.7014 1261.1156 1269.5771 1278.0385 1286.4999 1294.9613 1290.1094 1286.7128 1290.4068 1285.4227 1275.826 1266.2293 1256.6326 1254.6939 1267.5175 1280.3412 1293.1648 1305.7414 1310.3837 1307.5978 1294.1846 1290.5204 1288.9951 1287.4698 1285.9444 1287.5221 1291.2563 1290.9215 1290.5867 1290.2519 1289.9172 1307.1475 1322.1971 1325.9643 1329.7314 1333.4986 1330.0366 1301.5333 1288.6715 1282.9177 1277.1639 1271.41
-9999 1210.3171 1218.3821 1226.4471 1235.9022 1246.629 1257.3559 1260.7832 1255.7862 1250.7891 1241.7464 1226.7901 1211.8337 1204.71 1213.2716 1221.8332 1231.7385 1244.4326 1257.1268 1268.541 1277.0024 1285.4638 1289.87 1283.8279 1277.7858 1274.3892 1278.0832 1281.7772 1281.2983 1271.7016 1262.1049 1260.1662 1272.9898 1285.8134 1295.6168 1300.2592 1304.9016 1302.1156 1288.7025 1275.2893 1267.8651 1266.3398 1264.8145 1266.3921 1270.2004 1274.0086 1274.8162 1274.4814 1274.1466 1291.3769 1311.643 1331.162 1334.9291 1338.6963 1335.2343 1306.731 1278.2277 1259.2033 1253.4495 1247.6957
-9999 1205.8975 1213.9625 1224.4407 1235.1675 1245.8943 1256.6211 1260.0485 1255.0514 1250.0544 1245.0573 1239.8426 1224.8862 1217.7625 1226.3241 1234.8857 1243.4473 1252.0088 1264.5521 1275.9663 1284.4278 1283.5885 1277.5464 1271.5042 1265.4621 1262.0655 1265.7595 1269.4535 1273.1475 1276.8415 1267.5771 1265.6385 1278.4621 1285.4922 1290.1346 1294.777 1299.4194 1296.6334 1283.2203 1269.8071 1256.3939 1245.2099 1243.6846 1245.2622 1249.0705 1252.8787 1256.687 1258.7108 1258.376 1275.6064 1295.8724 1316.1385 1336.4046 1343.894 1340.432 1311.9287 1283.4254 1254.9222 1229.7352 1223.9814
-9999 1202.2523 1212.9791 1223.706 1234.4328 1245.1596 1255.8864 1259.3138 1254.3167 1249.3196 1244.3226 1239.3255 1234.3284 1230.815 1239.3766 1247.9382 1256.4998 1265.0613 1273.6229 1283.3491 1277.307 1271.2648 1265.2227 1259.1806 1253.1385 1249.7419 1253.4359 1257.1299 1260.8239 1264.5179 1268.2119 1270.7253 1275.3677 1280.01 1284.6524 1289.2948 1293.9372 1291.1512 1277.7381 1264.3249 1250.9117 1237.4985 1224.0854 1224.1323 1227.9405 1231.7488 1235.557 1239.3653 1242.6055 1259.8358 1280.1019 1300.368 1320.634 1340.9001 1345.6296 1317.1264 1288.6231 1260.1199 1231.6166 1203.1134
-9999 1217.8834 1228.6103 1239.3371 1250.0639 1260.7907 1261.3537 1257.3668 1255.3396 1250.3425 1245.3455 1240.3484 1235.3513 1235.6744 1246.0571 1254.6187 1263.1803 1271.7419 1280.3034 1284.4491 1278.4069 1272.3648 1266.3227 1260.2806 1252.8544 1247.0011 1251.7336 1255.4276 1259.1216 1262.8156 1266.5096 1270.5275 1275.1699 1279.8123 1284.4547 1289.097 1290.4761 1288.4846 1282.5209 1269.1077 1255.6945 1242.2813 1228.8682 1216.8326 1213.9448 1217.753 1221.5613 1225.3695 1229.1778 1237.6325 1256.1171 1276.3832 1296.6493 1316.9154 1331.7661 1322.7046 1294.2013 1265.6981 1237.1948 1208.6916
