mean_models/J1_mean_tot_conduct_slide_29.94.dat.tif
NCOLS 118
NROWS 92
XLLCORNER 139.62
YLLCORNER -39.07
DX 0.099491525
DY 0.099347826
NODATA_VALUE -9999
[rows 26 to 51 of 92, columns 0 to 56 of 118]
-1.8990604 -1.9175912 -1.9822607 -2.0728521 -2.181819 -2.3223231 -2.4466875 -2.5640488 -2.6635403 -2.7511599 -2.855626 -2.9549692 -3.0445115 -3.0729051 -3.1425491 -3.1735079 -3.1983808 -3.1910028 -3.1611554 -3.1102486 -3.0455073 -2.9750243 -2.8904565 -2.792706 -2.7222783 -2.6553376 -2.6100781 -2.5796162 -2.5705216 -2.5841251 -2.6124928 -2.6694408 -2.7191866 -2.7628596 -2.794278 -2.8320174 -2.7922208 -2.7132543 -2.5561624 -2.3642072 -2.1285694 -1.9058803 -1.6869989 -1.5314824 -1.4215181 -1.4301816 -1.5034911 -1.6794889 -1.8994175 -2.1459773 -2.4077971 -2.6096399 -2.8154428 -2.93172 -3.0401564 -3.1029932 -3.1761687
-1.9258259 -1.9469787 -2.0215973 -2.1207819 -2.2723881 -2.4275906 -2.5867771 -2.7118135 -2.8255181 -2.9145437 -2.9742386 -3.0609402 -3.0685445 -3.0635784 -3.0387055 -3.0395811 -2.9848608 -2.9521621 -2.8725689 -2.8055819 -2.7060904 -2.6239953 -2.5165992 -2.4085611 -2.304095 -2.2248304 -2.1651355 -2.1292394 -2.1391885 -2.160241 -2.2440234 -2.3211817 -2.4455461 -2.5111785 -2.6141247 -2.6788906 -2.6888397 -2.6243686 -2.4986951 -2.3145596 -2.0946309 -1.8756252 -1.666693 -1.5116128 -1.4016485 -1.4042979 -1.463752 -1.6248849 -1.8199393 -2.0487974 -2.2885797 -2.4664611 -2.6498631 -2.7493546 -2.848084 -2.9109207 -2.9852784
-2.0095365 -2.0273014 -2.104923 -2.2245931 -2.380146 -2.5426886 -2.7039782 -2.8288547 -2.9289755 -3.0042449 -3.0341866 -3.0750976 -3.0651804 -2.9955448 -2.934187 -2.8900429 -2.8181783 -2.7572376 -2.6805526 -2.5994551 -2.5088408 -2.4064425 -2.2970019 -2.181951 -2.0621811 -1.9590666 -1.8744788 -1.8264915 -1.8206283 -1.8530774 -1.9463024 -2.0626369 -2.2174071 -2.335265 -2.464384 -2.6225843 -2.6798506 -2.6749349 -2.5931322 -2.4595773 -2.2671916 -2.080277 -1.8850104 -1.7397477 -1.6326173 -1.6176708 -1.6705505 -1.7800464 -1.9629006 -2.1201792 -2.3505806 -2.4686459 -2.6373591 -2.6983333 -2.7860942 -2.8390602 -2.9167096
-2.1028767 -2.1244753 -2.2090431 -2.3383851 -2.4994667 -2.6552837 -2.8194447 -2.9429511 -3.0282296 -3.0797408 -3.0847154 -3.0674908 -3.0077959 -2.9334524 -2.84391 -2.761354 -2.6767862 -2.6040718 -2.5294532 -2.4612418 -2.376674 -2.2848393 -2.1753986 -2.063038 -1.933699 -1.8064172 -1.7069257 -1.6214779 -1.6065542 -1.6163451 -1.7158366 -1.8445323 -2.023617 -2.2075599 -2.4013066 -2.5790109 -2.6884516 -2.7562189 -2.7300369 -2.6581643 -2.5167816 -2.3706575 -2.2064965 -2.0813034 -1.9818119 -1.9649194 -1.9963378 -2.0901959 -2.2158694 -2.3524333 -2.5042888 -2.601618 -2.7026832 -2.7475396 -2.7933361 -2.8404636 -2.9066689
-2.2332707 -2.2548694 -2.3394372 -2.4687792 -2.6122932 -2.7507151 -2.8877463 -3.002092 -3.0592758 -3.1020996 -3.0672776 -3.0488631 -2.9642202 -2.87136 -2.7818177 -2.7067287 -2.6619575 -2.6031262 -2.5931771 -2.541187 -2.5262633 -2.4400703 -2.3504881 -2.2540644 -2.1147763 -1.9803729 -1.8361101 -1.7381232 -1.6635045 -1.6621596 -1.7302328 -1.8600305 -2.054039 -2.2386061 -2.4785917 -2.7087913 -2.8995657 -2.9984502 -3.071545 -3.0348546 -2.970056 -2.8534726 -2.740491 -2.6200457 -2.5282249 -2.4885595 -2.4930769 -2.5404632 -2.6256792 -2.6977755 -2.8085415 -2.8418957 -2.9137974 -2.9082701 -2.9398553 -2.9608009 -3.0236711
-2.3545741 -2.386629 -2.4708615 -2.5891139 -2.7255944 -2.8253454 -2.9512265 -3.0341852 -3.0833532 -3.1042824 -3.0663831 -3.0110696 -2.9165526 -2.855089 -2.7803095 -2.7293095 -2.7099059 -2.707122 -2.7320131 -2.7461318 -2.7616867 -2.727869 -2.6482757 -2.5975194 -2.4620204 -2.3132704 -2.1573352 -2.0182759 -1.9236947 -1.8704577 -1.9167364 -2.0193292 -2.2053479 -2.4200903 -2.6772108 -2.9323446 -3.1371499 -3.3095074 -3.4058603 -3.4581172 -3.4196994 -3.3592422 -3.2618638 -3.168465 -3.0794463 -3.0135414 -3.0030686 -2.9976371 -3.0500011 -3.0684322 -3.131269 -3.1232747 -3.1473016 -3.1230934 -3.1223235 -3.1411451 -3.1867784
-2.4734523 -2.5257159 -2.6053091 -2.7027289 -2.8116958 -2.9114468 -3.0009892 -3.0606779 -3.0843664 -3.0844129 -3.0396417 -2.9860932 -2.9164492 -2.855089 -2.8103178 -2.7889182 -2.8187657 -2.8660785 -2.9556209 -3.0375521 -3.1071961 -3.1497413 -3.1348176 -3.0876353 -2.9582964 -2.8166327 -2.6425225 -2.4818991 -2.3575347 -2.267849 -2.2783218 -2.3438654 -2.513001 -2.7148213 -2.9818775 -3.2370113 -3.475791 -3.6737828 -3.8151655 -3.8952476 -3.9161932 -3.8824741 -3.81283 -3.7314361 -3.6424173 -3.5745137 -3.5169133 -3.4919661 -3.4762569 -3.4705135 -3.4652771 -3.4363892 -3.405606 -3.3669148 -3.3408887 -3.3565979 -3.3987205
-2.5846706 -2.6437348 -2.7296733 -2.8264554 -2.9026209 -2.956361 -3.0081599 -3.0561345 -3.0601472 -3.0631526 -3.0271335 -2.9738242 -2.9267138 -2.9117774 -2.920739 -2.9241458 -3.0219219 -3.0922016 -3.2458559 -3.3504407 -3.4849086 -3.529845 -3.545671 -3.5525735 -3.4610903 -3.3222894 -3.1577449 -2.9927407 -2.8538753 -2.7554977 -2.7370582 -2.7881318 -2.9217845 -3.1233657 -3.3686801 -3.5963217 -3.8229902 -4.0195451 -4.1569476 -4.2352795 -4.2527176 -4.2141449 -4.1381217 -4.041974 -3.9375147 -3.8449768 -3.7690691 -3.7114687 -3.6786192 -3.6405862 -3.6236616 -3.5838623 -3.5498084 -3.5111173 -3.486959 -3.5125911 -3.5579257
-2.6629964 -2.7558136 -2.8453559 -2.9213136 -2.9875605 -3.0001398 -3.038678 -3.0512026 -3.05 -3.0429661 -3.0103686 -2.9772542 -2.9474068 -2.9607246 -2.9823941 -3.0342542 -3.1431907 -3.269428 -3.4314492 -3.5921398 -3.7364068 -3.8480805 -3.8928517 -3.9315847 -3.8552119 -3.758911 -3.6062331 -3.4589831 -3.3292881 -3.2210526 -3.2012913 -3.2231822 -3.3485169 -3.5113426 -3.741744 -3.9221186 -4.1407415 -4.3026606 -4.4346588 -4.4803814 -4.4960905 -4.4328814 -4.3532881 -4.2354795 -4.1202788 -4.0091548 -3.9148996 -3.8460883 -3.788488 -3.7517819 -3.7098907 -3.6754996 -3.6344492 -3.6050235 -3.5832114 -3.6120473 -3.6695004
-2.7425831 -2.8560851 -2.9555766 -3.0187431 -3.0471692 -3.0597485 -3.0547739 -3.0512026 -3.0322518 -3.0164733 -2.996575 -2.9756159 -2.9756159 -2.9938405 -3.0485609 -3.1203557 -3.2496947 -3.3886454 -3.5627555 -3.7312268 -3.8953878 -4.0237429 -4.0983615 -4.1435268 -4.1136793 -4.0503313 -3.9359161 -3.8166352 -3.7171437 -3.6316903 -3.6159811 -3.6404431 -3.7449092 -3.8886215 -4.0771318 -4.2532781 -4.4124645 -4.5477185 -4.6210281 -4.6444356 -4.5973081 -4.5149786 -4.3906142 -4.2581475 -4.106292 -3.9852085 -3.8700078 -3.798234 -3.7355024 -3.7046907 -3.6767748 -3.6496963 -3.6212028 -3.6046209 -3.5964578 -3.6331126 -3.6959932
-2.7767865 -2.9187953 -3.0279883 -3.0858939 -3.0998335 -3.0810818 -3.0518908 -3.0316307 -2.9999284 -2.9824012 -2.9661317 -2.9530639 -2.9613416 -2.9911806 -3.0421705 -3.1113442 -3.2179954 -3.3488895 -3.4923425 -3.6544188 -3.7952818 -3.9332818 -4.0133461 -4.0818503 -4.087865 -4.0553142 -4.0014319 -3.9091311 -3.8668489 -3.8002521 -3.8211858 -3.8448254 -3.9456035 -4.0779173 -4.2451994 -4.3668218 -4.4832412 -4.5747818 -4.5995978 -4.575704 -4.4899349 -4.3587997 -4.2026853 -4.044049 -3.8781485 -3.7544464 -3.6411138 -3.5977685 -3.5460938 -3.5502285 -3.5314263 -3.5348696 -3.5118882 -3.5005099 -3.494681 -3.5271216 -3.5884642
-2.778406 -2.9544905 -3.0738804 -3.1261782 -3.1309159 -3.0968382 -3.052067 -3.008782 -2.9708804 -2.9428043 -2.9278806 -2.9249102 -2.9448085 -2.9663175 -3.0158788 -3.0624127 -3.1607406 -3.2477915 -3.3798878 -3.4961505 -3.6280801 -3.7493132 -3.8388556 -3.9120689 -3.9290951 -3.9467222 -3.9114913 -3.8912074 -3.8665866 -3.8626602 -3.8971754 -3.9552437 -4.0547427 -4.1681147 -4.3094974 -4.4072792 -4.5017962 -4.5348384 -4.529602 -4.4444313 -4.3239942 -4.151028 -3.9619941 -3.7746083 -3.5913345 -3.4709523 -3.360988 -3.339322 -3.3183764 -3.3491189 -3.3648281 -3.3791767 -3.3831374 -3.3660057 -3.3515622 -3.3771524 -3.4217376
-2.7757335 -2.9570085 -3.0863475 -3.1350306 -3.1208176 -3.0803055 -3.0106614 -2.9619232 -2.919284 -2.8898744 -2.8799252 -2.8785142 -2.8934379 -2.913332 -2.9431794 -2.9829344 -3.022731 -3.0888349 -3.1485298 -3.2378462 -3.3124648 -3.4115306 -3.4868108 -3.5544167 -3.6041625 -3.6354324 -3.6603053 -3.666019 -3.700841 -3.7235732 -3.7968828 -3.8691422 -3.9785829 -4.0949539 -4.2101546 -4.2977572 -4.3475029 -4.3638416 -4.2957684 -4.1873585 -3.9988483 -3.8111745 -3.5873185 -3.3957431 -3.2072328 -3.1013376 -3.0298286 -3.0356314 -3.0666952 -3.1305801 -3.1926252 -3.2231471 -3.2440505 -3.2108866 -3.1859825 -3.1598005 -3.1833028
-2.7248408 -2.9186051 -3.0445879 -3.0899233 -3.0714102 -3.0259182 -2.9562742 -2.9035651 -2.8658071 -2.839999 -2.8386942 -2.8372832 -2.8535291 -2.8668003 -2.8787487 -2.8941428 -2.9005653 -2.9263661 -2.9459578 -2.9921146 -3.0291048 -3.1037234 -3.1730025 -3.2255533 -3.2817739 -3.3342231 -3.3821137 -3.4173934 -3.47225 -3.5193746 -3.5993325 -3.6832841 -3.789784 -3.9011332 -4.0114997 -4.0795294 -4.1165627 -4.1070645 -4.0265633 -3.890185 -3.6956363 -3.4832567 -3.2577058 -3.0726913 -2.8937424 -2.8284034 -2.7737794 -2.8534092 -2.905668 -3.0323896 -3.1130378 -3.1564256 -3.1836788 -3.1014953 -3.0476074 -2.9555546 -2.9326643
-2.6773567 -2.8674978 -2.9868876 -3.0225511 -2.9988626 -2.9578997 -2.8882556 -2.8409813 -2.8078175 -2.7944759 -2.7994504 -2.8095479 -2.8294462 -2.844529 -2.844529 -2.8342764 -2.8193527 -2.7984811 -2.7935066 -2.7891142 -2.8040379 -2.8291353 -2.8788811 -2.9250914 -2.9847863 -3.0426696 -3.1023645 -3.1597371 -3.2244066 -3.2902555 -3.3740379 -3.4612619 -3.565728 -3.6685458 -3.7680373 -3.8324438 -3.8573167 -3.8340844 -3.7398293 -3.5940279 -3.3898084 -3.17736 -2.9485295 -2.7713982 -2.6143064 -2.5719518 -2.5667154 -2.6748653 -2.8005388 -2.9486646 -3.0900473 -3.1367106 -3.1715181 -3.0674433 -2.9446364 -2.8189629 -2.7052074
-2.6045016 -2.7864184 -2.8875398 -2.9232032 -2.8995148 -2.8658237 -2.8210525 -2.7825108 -2.7777731 -2.7739519 -2.8137485 -2.8294175 -2.8619493 -2.8835171 -2.8785426 -2.8631915 -2.8184204 -2.7853651 -2.7306447 -2.7126684 -2.6977447 -2.7165411 -2.7465021 -2.7783877 -2.8281335 -2.8828213 -2.9325671 -2.985954 -3.0307252 -3.0899199 -3.1527567 -3.2329001 -3.3174679 -3.4168647 -3.4983544 -3.5542699 -3.5791428 -3.5571591 -3.4681403 -3.3293624 -3.1447505 -2.9465758 -2.7498338 -2.5962491 -2.4884658 -2.4826986 -2.5335995 -2.688042 -2.8667707 -3.0504861 -3.222511 -3.2651426 -3.2973586 -3.1260121 -2.9713381 -2.719991 -2.5608654
-2.540594 -2.705259 -2.7922189 -2.8072467 -2.7918696 -2.770628 -2.7392391 -2.7612327 -2.777976 -2.7889808 -2.8367445 -2.904236 -2.9440643 -2.9855389 -2.9821314 -2.9678347 -2.9179711 -2.8700897 -2.8146875 -2.7685308 -2.7510831 -2.7337017 -2.7568342 -2.7780037 -2.8245737 -2.8417686 -2.8691105 -2.9175555 -2.9584783 -2.9742677 -3.0314696 -3.0741465 -3.1529329 -3.2122215 -3.2896438 -3.3425308 -3.3686279 -3.3495721 -3.2698107 -3.1491595 -2.9799955 -2.8053222 -2.6320304 -2.5473246 -2.4599967 -2.4731189 -2.5819005 -2.7711869 -3.0193534 -3.2246745 -3.4453945 -3.4931064 -3.514547 -3.3432005 -3.0916497 -2.8268235 -2.5222205
-2.4872462 -2.5998357 -2.6694797 -2.6983696 -2.6983696 -2.7107269 -2.7107269 -2.7414433 -2.7888202 -2.8566128 -2.9411806 -3.0189179 -3.0835874 -3.1356446 -3.1406191 -3.1285032 -3.0737829 -3.0182344 -2.9585394 -2.9063657 -2.8715437 -2.8498022 -2.8597513 -2.8630558 -2.8829541 -2.89288 -2.9028292 -2.9029076 -2.9029076 -2.9016286 -2.9225742 -2.9511763 -3.0009221 -3.0584756 -3.1317851 -3.190404 -3.2202515 -3.2170293 -3.159429 -3.0622559 -2.9156368 -2.7762279 -2.6319652 -2.5559822 -2.514091 -2.6048208 -2.7462035 -2.9939276 -3.2662202 -3.5057023 -3.7361037 -3.7717598 -3.7864223 -3.5256467 -3.227897 -2.8508765 -2.4843898
-2.4189446 -2.5203592 -2.5701319 -2.5990217 -2.6212529 -2.6620245 -2.7169361 -2.7653219 -2.8695403 -2.9476487 -3.0819622 -3.1617304 -3.24811 -3.319432 -3.3443049 -3.3360452 -3.2962486 -3.2425952 -3.1878748 -3.1361076 -3.1012855 -3.079544 -3.0726726 -3.0563464 -3.036448 -3.0356538 -2.9958572 -2.9840975 -2.9343517 -2.9211656 -2.8949836 -2.9172134 -2.9520354 -3.0088017 -3.0860188 -3.1524216 -3.2016238 -3.2041113 -3.1656382 -3.0817666 -2.9653107 -2.8436459 -2.731313 -2.6831638 -2.6879497 -2.8149791 -3.0007823 -3.2778921 -3.5766822 -3.8311157 -4.0714027 -4.0944267 -4.1030935 -3.7825097 -3.4602419 -2.9680207 -2.5678921
-2.3943434 -2.4513238 -2.4945222 -2.5269562 -2.5541053 -2.6284382 -2.6980822 -2.8004446 -2.916231 -3.0434041 -3.1888938 -3.3095464 -3.4042497 -3.4987878 -3.5304539 -3.5408734 -3.5080733 -3.4667216 -3.4156013 -3.3653936 -3.3287208 -3.2997123 -3.2847886 -3.235709 -3.1982379 -3.1580642 -3.0962304 -3.0447262 -2.9806008 -2.9354603 -2.9072391 -2.9052924 -2.9434262 -2.992736 -3.0722615 -3.1519449 -3.2042058 -3.2227139 -3.1884606 -3.1229075 -3.0151271 -2.9349219 -2.8341472 -2.8361523 -2.8604935 -3.0383251 -3.247781 -3.5611987 -3.8806188 -4.1419971 -4.3933441 -4.394078 -4.3919006 -4.0427737 -3.6696629 -3.1512575 -2.6557446
-2.376408 -2.4049615 -2.4298344 -2.4651037 -2.507743 -2.5820759 -2.6915166 -2.8203141 -2.9719203 -3.1295055 -3.2986411 -3.4504396 -3.5698294 -3.6643675 -3.7091387 -3.7329458 -3.7130475 -3.6852868 -3.6405157 -3.5972052 -3.5574086 -3.5163108 -3.4715396 -3.4211583 -3.3564888 -3.2839048 -3.1893878 -3.0977117 -3.0131439 -2.9420835 -2.9106651 -2.9052924 -2.9500636 -3.0111223 -3.1053775 -3.1850608 -3.2447557 -3.2690762 -3.2428942 -3.1825162 -3.0882611 -3.0144001 -2.9547052 -2.9752393 -3.0537852 -3.2517441 -3.5083275 -3.8365708 -4.1874093 -4.4532869 -4.7046339 -4.6942905 -4.6568282 -4.2864986 -3.8749818 -3.3199238 -2.7815852
-2.3580153 -2.3743953 -2.3863602 -2.4216296 -2.4790646 -2.575158 -2.7037421 -2.8437538 -3.0153075 -3.1766271 -3.3546235 -3.5066828 -3.6346858 -3.7424909 -3.7963262 -3.826644 -3.8250774 -3.8020689 -3.7711991 -3.7234194 -3.6695689 -3.6283189 -3.56523 -3.4744164 -3.3570975 -3.2748559 -3.1464788 -3.0532627 -2.9638069 -2.9004891 -2.8983092 -2.9065079 -2.9871967 -3.0483642 -3.1552606 -3.2428632 -3.2943753 -3.3101219 -3.2678018 -3.2048402 -3.1070233 -3.0479522 -3.004477 -3.0526242 -3.1594523 -3.3858038 -3.6637447 -3.9961755 -4.349211 -4.5884304 -4.8294328 -4.7845265 -4.7370512 -4.3335578 -3.9154585 -3.3453531 -2.8001702
-2.3663917 -2.3604039 -2.3653785 -2.4034832 -2.4650051 -2.5609688 -2.6954802 -2.8488181 -3.0241127 -3.1989886 -3.3772739 -3.54099 -3.6753035 -3.7822074 -3.837829 -3.8797019 -3.882558 -3.8747825 -3.845938 -3.8055609 -3.7487331 -3.6867458 -3.6071525 -3.4900179 -3.3636955 -3.2388989 -3.1071474 -2.9973211 -2.9165786 -2.8653257 -2.8802319 -2.926109 -3.019265 -3.1139829 -3.2291836 -3.3025645 -3.3486261 -3.3326649 -3.2806936 -3.1868311 -3.0873396 -3.026132 -2.9913099 -3.0677655 -3.193439 -3.4454773 -3.7439519 -4.0761062 -4.4321812 -4.6440346 -4.8639632 -4.7916841 -4.7171636 -4.3089215 -3.8785129 -3.3202099 -2.7889432
-2.375211 -2.3662193 -2.3612447 -2.3949064 -2.4517587 -2.5477224 -2.6870106 -2.842195 -3.0174895 -3.1923655 -3.3664756 -3.5268548 -3.6561938 -3.7623379 -3.8220328 -3.8664555 -3.8813792 -3.8814057 -3.8565329 -3.8188072 -3.7541377 -3.6823039 -3.5678887 -3.4436556 -3.2944183 -3.1527975 -3.0135093 -2.8979733 -2.8432529 -2.8123402 -2.875177 -2.9526018 -3.0869153 -3.2076237 -3.3280608 -3.4019123 -3.4118615 -3.3790273 -3.2690629 -3.153162 -3.0117793 -2.9400305 -2.9052085 -2.9850829 -3.1474112 -3.409583 -3.7290031 -4.0571239 -4.392442 -4.5833207 -4.751369 -4.6552941 -4.5383375 -4.1237895 -3.6864404 -3.1628008 -2.6564794
-2.4066892 -2.3960599 -2.3910853 -2.4222905 -2.4725139 -2.5634978 -2.6933686 -2.8303793 -2.987649 -3.1625249 -3.3264854 -3.4721592 -3.591552 -3.6844248 -3.741684 -3.7851629 -3.804285 -3.8067681 -3.7842292 -3.7507927 -3.6838401 -3.6011155 -3.4822356 -3.3508585 -3.2038027 -3.0744086 -2.979647 -2.8624733 -2.8410293 -2.8754416 -2.9783395 -3.1242032 -3.2832975 -3.4462759 -3.552834 -3.6115427 -3.569717 -3.4776287 -3.2973728 -3.1142417 -2.9178411 -2.8074943 -2.7540531 -2.8265713 -2.9916576 -3.2595612 -3.5744215 -3.9045731 -4.1843426 -4.3596101 -4.4433925 -4.3313867 -4.1505549 -3.7435832 -3.3260418 -2.8511059 -2.4311461
-2.4350759 -2.4364584 -2.4314838 -2.4571443 -2.5045212 -2.5669135 -2.6909411 -2.816955 -2.9674203 -3.1093966 -3.2595941 -3.3984374 -3.507878 -3.5779018 -3.6295391 -3.6698061 -3.6880612 -3.6955188 -3.6756205 -3.6436883 -3.5758908 -3.4902595 -3.3658951 -3.2711463 -3.1402085 -3.0392 -2.9722503 -2.9477503 -3.0030438 -3.0887719 -3.2650858 -3.4398352 -3.6289932 -3.7832963 -3.8775514 -3.8193666 -3.7315214 -3.5295624 -3.2964743 -3.0205306 -2.8006019 -2.6512552 -2.5915603 -2.6543684 -2.8219331 -3.066187 -3.3803708 -3.6301977 -3.9077267 -3.9739362 -4.0577186 -3.8801404 -3.70243 -3.3424455 -2.9894225 -2.6223813 -2.3176311
