mean_models/J1_mean_vp_slide_diff2_140.dat.tif
NCOLS 118
NROWS 92
XLLCORNER 139.62
YLLCORNER -39.07
DX 0.099491525
DY 0.099347826
NODATA_VALUE -9999
[rows 24 to 47 of 92, columns 0 to 54 of 118]
-9999 0.22198263 0.22734391 0.2327052 0.23806649 0.24342778 0.24878907 0.25152593 0.2502464 0.24896688 0.24768735 0.24640783 0.2451283 0.24377137 0.24225943 0.24074749 0.23923555 0.23772361 0.23621167 0.23395701 0.22567335 0.21738968 0.20910602 0.20082235 0.19253869 0.1845455 0.17733084 0.17011619 0.16290154 0.15568688 0.14847223 0.14306079 0.14282555 0.14259032 0.14235508 0.14211984 0.1418846 0.1395318 0.13535075 0.13116971 0.12698866 0.12280762 0.11862657 0.11843769 0.12111872 0.12379976 0.12648079 0.12916183 0.13189144 0.12754494 0.12243622 0.11732751 0.1122188 0.10711009 0.10536549
-9999 0.21635121 0.22171249 0.22707378 0.23243507 0.23779636 0.24645387 0.2536053 0.25457139 0.25329186 0.25201234 0.25073281 0.24945328 0.24732468 0.24410585 0.24259391 0.24108197 0.23957003 0.2380581 0.23449849 0.22621482 0.21793116 0.20964749 0.20136383 0.19400385 0.18456104 0.1675274 0.16031275 0.15309809 0.14588344 0.13866879 0.13383807 0.13360283 0.1333676 0.13313236 0.13289712 0.1324128 0.13239456 0.13147771 0.12729667 0.12311562 0.11893458 0.11475353 0.11124033 0.11143873 0.11411976 0.1168008 0.11948183 0.12216287 0.12702018 0.1234191 0.11831039 0.11320168 0.10809297 0.10426737
-9999 0.20906077 0.21442205 0.21978334 0.22514463 0.23557035 0.24690537 0.25405681 0.25637985 0.25841229 0.25713277 0.25585324 0.25457371 0.25244511 0.24861618 0.24478725 0.24324881 0.24173687 0.24022493 0.23666533 0.22838166 0.220098 0.21181433 0.20519761 0.19961912 0.19017631 0.17037615 0.15057598 0.14293735 0.13572269 0.12850804 0.12367733 0.12344209 0.12320685 0.12297161 0.12235101 0.12157818 0.12155994 0.12262124 0.12292198 0.11874094 0.11455989 0.11037885 0.10686565 0.10383255 0.10282518 0.10550622 0.10818725 0.11086829 0.1157256 0.12095903 0.11932057 0.11421185 0.10910314 0.10527755
-9999 0.20177033 0.20713162 0.21335181 0.22468683 0.23602185 0.24735687 0.25450831 0.25683136 0.2591544 0.26147745 0.26097367 0.25969414 0.25756554 0.25373661 0.24990768 0.24607874 0.24390371 0.24239177 0.23883217 0.2305485 0.22226484 0.21639136 0.21081288 0.20523439 0.19579157 0.17599141 0.15619125 0.13639109 0.12556195 0.11834729 0.11351658 0.11328134 0.1130461 0.11228922 0.11151639 0.11074356 0.11072532 0.11178662 0.11284792 0.11390922 0.11018521 0.10600416 0.10249096 0.099457864 0.096424769 0.09421164 0.096892675 0.09957371 0.10443102 0.10966445 0.11489789 0.11522203 0.11011332 0.10628773
-9999 0.19447989 0.2024683 0.21380332 0.22513834 0.23647336 0.24780838 0.25495982 0.25728286 0.25960591 0.26192895 0.264252 0.26481457 0.26268597 0.25885704 0.2550281 0.25119917 0.24737024 0.24455861 0.24099901 0.23316361 0.22758512 0.22200663 0.21642814 0.21084965 0.20140684 0.18160668 0.16180651 0.14200635 0.12220619 0.10818655 0.10335583 0.10300026 0.10222743 0.1014546 0.10068177 0.099908944 0.099890701 0.100952 0.1020133 0.1030746 0.1041359 0.10162947 0.098116273 0.095083178 0.092050083 0.089016987 0.085983892 0.08827913 0.093136442 0.098369874 0.10360331 0.10883674 0.1111235 0.1072979
-9999 0.19062042 0.20195544 0.21329046 0.22462548 0.2359605 0.24729553 0.25454878 0.25687182 0.25919487 0.26151792 0.26384096 0.26616401 0.26584048 0.26201155 0.25818261 0.25435368 0.25052475 0.24669582 0.24233785 0.23675936 0.23118087 0.22560238 0.22002389 0.2144454 0.2060819 0.18628174 0.16648158 0.14668142 0.12688125 0.10708109 0.093780042 0.093007212 0.092234382 0.091461552 0.090688723 0.089915893 0.090412156 0.091473456 0.092534757 0.093596057 0.094657357 0.095718657 0.094500411 0.091467316 0.088434221 0.085401125 0.08236803 0.079334935 0.08289407 0.088127502 0.093360934 0.098594365 0.1038278 0.10724846
-9999 0.18216867 0.19350369 0.20483871 0.21617373 0.22750875 0.23395004 0.24104939 0.24936007 0.25168312 0.25400616 0.25632921 0.25865225 0.25748477 0.24932729 0.24515304 0.24132411 0.23749518 0.23366625 0.22930828 0.22372979 0.2181513 0.21257281 0.20699432 0.1964975 0.18596752 0.18142328 0.16341659 0.14361643 0.12381627 0.1040161 0.090715056 0.089942226 0.089169396 0.088396566 0.087623736 0.088706091 0.090667827 0.093158565 0.094219865 0.095281165 0.096342465 0.097403765 0.096537481 0.094098342 0.091065247 0.088032152 0.084999057 0.081965961 0.082963246 0.086547237 0.091780669 0.097014101 0.10224753 0.10509299
-9999 0.17371692 0.18505194 0.19638696 0.2066537 0.21255485 0.21845601 0.22555535 0.23403758 0.2425198 0.24649441 0.24881746 0.2511405 0.24997302 0.24181554 0.23365806 0.22829454 0.22446561 0.22063667 0.2162787 0.21070021 0.20512172 0.19954323 0.18707239 0.17430912 0.16377913 0.1592349 0.15469066 0.14055144 0.12075128 0.10095112 0.08765007 0.08687724 0.08610441 0.085457159 0.087001302 0.088545444 0.090507179 0.093066342 0.095625504 0.096966273 0.098027573 0.099088873 0.09822259 0.09597059 0.093696273 0.090663178 0.087630083 0.084596988 0.085594272 0.087288115 0.090200404 0.095433836 0.10066727 0.10351273
-9999 0.16526517 0.17660019 0.18525851 0.19115967 0.19706082 0.20296197 0.21006132 0.21854354 0.22702577 0.23550799 0.2413057 0.24362875 0.24246126 0.23430379 0.22614631 0.21798884 0.21143603 0.2076071 0.20324913 0.19767064 0.19041054 0.17764727 0.164884 0.15212073 0.14159074 0.13704651 0.13250228 0.12795804 0.11768629 0.097886132 0.084585084 0.083812254 0.08375237 0.085296512 0.086840654 0.088384796 0.090346532 0.092905694 0.095464856 0.098024018 0.099712682 0.10077398 0.099907698 0.097655698 0.095403699 0.0931517 0.090261109 0.087228014 0.088225298 0.089919142 0.091612985 0.093853572 0.099087004 0.10193246
-9999 0.15681341 0.16386333 0.16976448 0.17566563 0.18156679 0.18746794 0.19456729 0.20304951 0.21153173 0.22001396 0.22849618 0.236117 0.23494951 0.22679204 0.21863456 0.21047708 0.20231961 0.19457753 0.19021956 0.18098543 0.16822216 0.15545889 0.14269562 0.12993235 0.11940236 0.11485812 0.11031389 0.10576966 0.10122542 0.094821146 0.081520098 0.08204758 0.083591722 0.085135864 0.086680007 0.088224149 0.090185884 0.092745047 0.095304209 0.097863371 0.10042253 0.10245909 0.10159281 0.099340807 0.097088807 0.094836808 0.092584808 0.089859041 0.090856325 0.092550168 0.094244011 0.095937854 0.097631698 0.1003522
-9999 0.14446831 0.15036947 0.15627062 0.16217177 0.16807292 0.17397408 0.18312024 0.19170024 0.20018246 0.20866469 0.21714691 0.22562913 0.22468801 0.21468237 0.20652489 0.19836741 0.19020994 0.18205246 0.17250226 0.15973899 0.14697572 0.13421245 0.12144918 0.10868591 0.10483647 0.1007243 0.096180065 0.091635832 0.087091599 0.082547365 0.080082722 0.081626864 0.083171006 0.084715149 0.086259291 0.087803433 0.089376391 0.092065988 0.094625151 0.097184313 0.099743475 0.10230264 0.10404843 0.10179643 0.099544428 0.097292428 0.095040429 0.092788429 0.091356033 0.093049876 0.094743719 0.096437563 0.098131406 0.09930307
-9999 0.13427328 0.14017444 0.14607559 0.15197674 0.15832293 0.16576816 0.17496983 0.18619867 0.19566905 0.20415127 0.2126335 0.22111572 0.2201746 0.20036268 0.18683199 0.17867452 0.17051704 0.16235956 0.15280936 0.14004609 0.12728282 0.11451955 0.10257638 0.10227376 0.10137312 0.098869643 0.095330425 0.090786192 0.086241959 0.081697725 0.079233082 0.080777224 0.082321366 0.083865509 0.084963035 0.083963904 0.085269438 0.089872122 0.093091091 0.095650253 0.098209415 0.10076858 0.1030021 0.10500153 0.10327084 0.10101884 0.098766836 0.096514837 0.092898528 0.090034454 0.091728297 0.09342214 0.095115983 0.096287647
-9999 0.12407825 0.12997941 0.13588056 0.14272729 0.15017252 0.15761775 0.16681942 0.17804826 0.18927711 0.19963786 0.20812008 0.2166023 0.21566118 0.19584927 0.17603736 0.15898162 0.15082414 0.14266666 0.13311647 0.1203532 0.10758992 0.099415646 0.099113026 0.098810406 0.097909768 0.095406291 0.092902815 0.089936552 0.085392319 0.080848086 0.078383442 0.079927584 0.081471727 0.081855214 0.080856083 0.079856952 0.081162486 0.085765169 0.090367853 0.094116193 0.096675355 0.099234517 0.10146804 0.10346747 0.1054669 0.10474524 0.10249324 0.10024124 0.096624935 0.092772837 0.088920738 0.090406718 0.092100561 0.093272225
-9999 0.11388322 0.11978437 0.12713165 0.13457688 0.14202211 0.14946734 0.15866901 0.16989785 0.1811267 0.19235554 0.20358438 0.21208889 0.21114777 0.19133585 0.17152394 0.15171203 0.13190011 0.12297377 0.11342357 0.1006603 0.096254915 0.095952295 0.095649675 0.095347055 0.094446416 0.09194294 0.089439463 0.086935987 0.08443251 0.079998446 0.077533802 0.079077944 0.078747392 0.077748261 0.07674913 0.075749999 0.077055533 0.081658217 0.0862609 0.090863584 0.095141295 0.097700457 0.099933983 0.10193341 0.10393284 0.10593227 0.10621965 0.10396765 0.10035134 0.096499244 0.092647145 0.088795047 0.089085138 0.090256802
-9999 0.10409079 0.11153602 0.11898124 0.12642647 0.1338717 0.14131693 0.1505186 0.16174745 0.17297629 0.18420513 0.19543397 0.20666281 0.20663435 0.18682244 0.16701053 0.14719861 0.1273867 0.10757479 0.093730668 0.093094183 0.092791563 0.092488943 0.092186323 0.091883703 0.090983065 0.088479588 0.085976112 0.083472635 0.080969158 0.078465682 0.076638701 0.07563957 0.074640439 0.073641308 0.072642177 0.071643046 0.07294858 0.077551264 0.082153948 0.086756631 0.091359315 0.095961999 0.098399923 0.10039935 0.10239878 0.10439821 0.10639765 0.10769406 0.10407775 0.10022565 0.096373553 0.092521454 0.088669355 0.08724138
-9999 0.1027749 0.11022012 0.11766535 0.12511058 0.13255581 0.13590188 0.14026319 0.15149203 0.16272088 0.17394972 0.18517856 0.19339116 0.1931483 0.18314631 0.1633344 0.14352249 0.12371057 0.10389866 0.089986065 0.089683444 0.089380824 0.089078204 0.088775584 0.08918186 0.089445889 0.084565153 0.082061677 0.0795582 0.077054723 0.074551247 0.072561605 0.071562474 0.070563343 0.069564212 0.068565081 0.069919923 0.074985561 0.079588245 0.084190929 0.088793612 0.093396296 0.097300803 0.097763595 0.098545097 0.10054453 0.10254396 0.10454339 0.10654282 0.103553 0.0997009 0.095848802 0.091996703 0.08745004 0.080248031
-9999 0.10377053 0.11121576 0.11866099 0.12610622 0.12652362 0.12493453 0.12929584 0.14052468 0.15175352 0.16298237 0.16816362 0.1700414 0.16979854 0.16530898 0.15994146 0.14012954 0.12031763 0.10050572 0.08659312 0.0862905 0.08598788 0.08568526 0.086966678 0.089557438 0.089821467 0.083849278 0.077994679 0.075491202 0.072987726 0.070484249 0.068494608 0.067495477 0.066496346 0.065497215 0.06864563 0.074034867 0.079100505 0.083703188 0.088305872 0.092908556 0.096466992 0.099733745 0.10019654 0.098643596 0.098581976 0.10058141 0.10258084 0.10458027 0.10159045 0.097738349 0.09388625 0.088208558 0.079111301 0.071909293
-9999 0.10476617 0.1122114 0.11873445 0.11714536 0.11555627 0.11396718 0.11832849 0.12955733 0.14078617 0.14293607 0.14481385 0.14669163 0.14644878 0.14195922 0.13746967 0.13298011 0.11692468 0.097112772 0.083200176 0.082897556 0.082594936 0.084751497 0.087342256 0.089933016 0.090197045 0.084224856 0.078252666 0.072280476 0.068920728 0.066417252 0.06442761 0.063428479 0.062429348 0.067371337 0.072760574 0.078149811 0.083215448 0.087818132 0.092366429 0.095633182 0.098899934 0.10216669 0.10262948 0.10107654 0.099523598 0.098618855 0.10061829 0.10261772 0.099627896 0.095775797 0.088967076 0.07986982 0.070772563 0.063570555
-9999 0.10576181 0.10935619 0.1077671 0.10617801 0.10458892 0.10299982 0.10736114 0.11583075 0.11770853 0.11958631 0.12146409 0.12334187 0.12309901 0.11860946 0.1141199 0.10963035 0.10514079 0.093719827 0.079807232 0.079945556 0.082536316 0.085127075 0.087717834 0.090308594 0.090572623 0.084600434 0.078628244 0.072656054 0.066683865 0.062350254 0.060360613 0.060707807 0.066097044 0.071486281 0.076875518 0.082264754 0.087330392 0.091532618 0.094799371 0.098066123 0.10133288 0.10459963 0.10506242 0.10350948 0.10195654 0.1004036 0.098850658 0.10065516 0.097665344 0.089725594 0.080628338 0.071531081 0.062433825 0.055231817
-9999 0.10061429 0.099025195 0.097436103 0.095847011 0.09425792 0.092668828 0.093281678 0.095159458 0.097037238 0.098915019 0.1007928 0.10267058 0.10301753 0.098527979 0.094038423 0.089548868 0.085059313 0.080569758 0.078221184 0.080811943 0.083402703 0.085993462 0.088584221 0.091174981 0.091390657 0.085418468 0.079446278 0.073474089 0.067501899 0.061529709 0.059438211 0.064827448 0.070216685 0.075605922 0.080995158 0.086384395 0.089716855 0.092983607 0.09625036 0.099517113 0.10278387 0.10605062 0.10640893 0.10485599 0.10330305 0.10175011 0.10019717 0.098644231 0.090985962 0.081888706 0.072791449 0.063694193 0.054596936 0.048592932
-9999 0.095082726 0.093493635 0.091904543 0.090315451 0.08872636 0.09284987 0.0951314 0.094689353 0.096567133 0.098444913 0.10032269 0.10220047 0.10327393 0.10273667 0.098606521 0.094116966 0.089627411 0.085137856 0.082789282 0.085380041 0.0879708 0.09056156 0.093152319 0.091900049 0.089577985 0.088893854 0.083601342 0.077629153 0.071656963 0.065684774 0.063593276 0.068982512 0.074371749 0.079760986 0.085150223 0.091658652 0.093033764 0.087028656 0.090295409 0.093562162 0.096828915 0.10009567 0.10012973 0.098008603 0.096455663 0.094902722 0.093349781 0.091796841 0.085814674 0.077836794 0.068739537 0.059642281 0.050545025 0.044355216
-9999 0.089551166 0.087962075 0.086372983 0.086086472 0.090761596 0.095436719 0.097718248 0.097237264 0.096756279 0.097974808 0.099852588 0.10173037 0.10280382 0.10226657 0.10172931 0.098685064 0.094195508 0.089705953 0.087357379 0.089948139 0.092538898 0.095129657 0.092359676 0.0894265 0.087104436 0.086420305 0.085736174 0.081784217 0.075812028 0.069839838 0.06774834 0.073137577 0.078526813 0.084005914 0.090774036 0.097542157 0.098917269 0.092576914 0.086236559 0.087607211 0.090873964 0.094140716 0.09417478 0.091884904 0.089608272 0.088055332 0.086502391 0.084949451 0.078967284 0.072219626 0.064687626 0.055590369 0.046493113 0.040303304
-9999 0.084019606 0.082430514 0.083998198 0.088673321 0.093348444 0.098023567 0.1003051 0.099824112 0.099343128 0.098862143 0.099382483 0.10126026 0.10233372 0.10179646 0.10125921 0.10072195 0.098763606 0.094274051 0.091925477 0.094516236 0.095752478 0.092819302 0.089886126 0.08695295 0.084630886 0.083946755 0.083262625 0.082578494 0.079967092 0.073994902 0.071903404 0.077292641 0.083121297 0.089889419 0.096657541 0.10342566 0.10480077 0.098460419 0.092120064 0.08577971 0.084919013 0.088185765 0.088219829 0.085929953 0.083640077 0.081350201 0.079655001 0.07810206 0.072119893 0.065372236 0.058624579 0.051538458 0.042441201 0.036251393
-9999 0.078488046 0.081909923 0.086585046 0.091260169 0.095935292 0.10061042 0.10289194 0.10241096 0.10192998 0.10144899 0.10096801 0.10079016 0.10186361 0.10132636 0.1007891 0.10025185 0.099714595 0.098842149 0.096493574 0.096212105 0.093278929 0.090345753 0.087412577 0.084479401 0.082157337 0.081473206 0.080789075 0.080104944 0.079420814 0.078149967 0.076058469 0.08223668 0.089004802 0.095772924 0.10254105 0.10930917 0.11068428 0.10434392 0.098003569 0.091663215 0.08532286 0.082230815 0.082264878 0.079975002 0.077685126 0.07539525 0.073105374 0.07125467 0.065272503 0.058524846 0.051777188 0.045029531 0.038281874 0.032199481
