mean_models/J1_mean_tot_conduct_slide_195.49.dat.tif
NCOLS 118
NROWS 92
XLLCORNER 139.62
YLLCORNER -39.07
DX 0.099491525
DY 0.099347826
NODATA_VALUE -9999
[rows 0 to 24 of 92, columns 58 to 115 of 118]
-2.3378327 -2.2383412 -2.1407011 -2.0307368 -1.9180878 -1.7924143 -1.6699012 -1.5519767 -1.4381086 -1.3271236 -1.2514209 -1.1839521 -1.1537088 -1.142635 -1.1757988 -1.2365619 -1.3360534 -1.4732874 -1.6337017 -1.8228821 -2.0207493 -2.2234478 -2.4165953 -2.5925132 -2.7316141 -2.8366329 -2.8502209 -2.840659 -2.8481493 -2.8479677 -2.8314348 -2.7438002 -2.5996483 -2.5243503 -2.4568594 -2.3435051 -2.2245769 -2.0902555 -1.9874483 -1.9113665 -1.8990482 -1.8892766 -1.9375433 -2.0067324 -2.1179288 -2.221199 -2.3206905 -2.3298483 -2.3503477 -2.3737575 -2.3857266 -2.391579 -2.3450063 -2.3021174 -2.2902247 -2.2383401 -2.1915206 -9999
-2.3556289 -2.2519824 -2.1417826 -2.0211463 -1.8938269 -1.7618718 -1.6241454 -1.5024703 -1.3862132 -1.2768785 -1.2039444 -1.1458943 -1.1218914 -1.1302342 -1.1701955 -1.2512548 -1.3673486 -1.5216801 -1.6996558 -1.8986389 -2.1116793 -2.3152327 -2.498129 -2.667655 -2.79497 -2.8855018 -2.8862127 -2.8590116 -2.8643139 -2.8583958 -2.8381861 -2.7423462 -2.5949266 -2.5157226 -2.4306273 -2.3125561 -2.1779499 -2.0433438 -1.9445801 -1.8759994 -1.8820631 -1.8820385 -1.937589 -2.0272201 -2.1456901 -2.2546283 -2.3541198 -2.35465 -2.3670624 -2.3881972 -2.3981274 -2.4039799 -2.3574071 -2.3203956 -2.3108162 -2.2793157 -2.243987 -9999
-2.3878886 -2.2773424 -2.1546717 -2.0237618 -1.8887382 -1.7525919 -1.6148655 -1.4766828 -1.3598749 -1.2518885 -1.1838153 -1.1309216 -1.119867 -1.137053 -1.1867988 -1.2857776 -1.4129057 -1.5853727 -1.767312 -1.9805675 -2.1906926 -2.3896756 -2.5668179 -2.7248338 -2.8272933 -2.9102029 -2.8999425 -2.8689538 -2.8689538 -2.857521 -2.8298845 -2.7230595 -2.570896 -2.473246 -2.3837816 -2.2498727 -2.1152665 -1.9806603 -1.8963885 -1.8320116 -1.8434166 -1.8698089 -1.9458907 -2.0422964 -2.1710502 -2.2852193 -2.3847109 -2.3797318 -2.3820801 -2.3996374 -2.4100907 -2.4159432 -2.3756476 -2.3405952 -2.3347428 -2.312665 -2.2834028 -9999
-2.4234307 -2.3083886 -2.1857179 -2.054808 -1.916717 -1.7774289 -1.6397024 -1.5015197 -1.3847118 -1.2770275 -1.2141907 -1.1636617 -1.1633316 -1.1862224 -1.2488912 -1.3508262 -1.4812073 -1.6524081 -1.8294043 -2.0173328 -2.2193679 -2.3962417 -2.553502 -2.6627414 -2.7391408 -2.7984366 -2.8571701 -2.8565353 -2.8505981 -2.8312345 -2.7988383 -2.6356853 -2.4094557 -2.3200346 -2.2347599 -2.1118586 -1.9786633 -1.8976268 -1.8404184 -1.7823377 -1.8161036 -1.8514231 -1.9743244 -2.0733426 -2.2311544 -2.367281 -2.4778495 -2.4508738 -2.4503817 -2.4726325 -2.4846016 -2.490454 -2.5142414 -2.489617 -2.4792206 -2.4491957 -2.4137968 -9999
-2.4622173 -2.3475543 -2.2255888 -2.0946789 -1.9595295 -1.8181468 -1.6821888 -1.5440062 -1.4330814 -1.3270474 -1.2684434 -1.2239222 -1.2270652 -1.2610106 -1.3283721 -1.4364512 -1.5691066 -1.7380331 -1.9117817 -2.0853083 -2.265426 -2.4331711 -2.5681683 -2.6592335 -2.7094058 -2.7480969 -2.7954106 -2.8462907 -2.8345858 -2.8043899 -2.7673505 -2.6016975 -2.3266327 -2.202718 -2.1234552 -1.9922526 -1.888145 -1.8237681 -1.7842092 -1.7315372 -1.7811376 -1.8355621 -1.9704046 -2.1091135 -2.2740341 -2.4120501 -2.5349513 -2.5028303 -2.4913763 -2.5138833 -2.5238136 -2.529666 -2.5534534 -2.5660818 -2.5536237 -2.5184688 -2.4775017 -9999
-2.4932635 -2.3882447 -2.2692297 -2.1435562 -2.0098524 -1.8737061 -1.7394195 -1.6060985 -1.499978 -1.4015582 -1.3491943 -1.3108515 -1.3219061 -1.3603584 -1.4377407 -1.5482175 -1.6808729 -1.8461147 -2.0173388 -2.1776307 -2.3399369 -2.4891742 -2.611633 -2.6818623 -2.7263555 -2.7543062 -2.7978325 -2.8400815 -2.8229895 -2.7919714 -2.7366984 -2.5644421 -2.2893773 -2.1569831 -2.0551536 -1.914695 -1.8012156 -1.7368387 -1.7011358 -1.6818633 -1.7417323 -1.8169344 -1.9690979 -2.122941 -2.2926618 -2.4306778 -2.5535791 -2.5152967 -2.496326 -2.5138833 -2.5238136 -2.529666 -2.5534534 -2.5649718 -2.5474145 -2.5115371 -2.4650832 -9999
-2.5082295 -2.4125818 -2.3019742 -2.1874433 -2.0595263 -1.935941 -1.81889 -1.6894475 -1.5863256 -1.5082294 -1.4601303 -1.4353013 -1.4508707 -1.4972266 -1.577921 -1.6921441 -1.8160662 -1.978472 -2.1282559 -2.2828564 -2.4144478 -2.551666 -2.6405452 -2.6985267 -2.7396231 -2.7579237 -2.7982912 -2.8281283 -2.8073783 -2.7688329 -2.6992595 -2.5111065 -2.2360417 -2.1036475 -1.9707718 -1.8303132 -1.7142863 -1.659185 -1.6302867 -1.6367131 -1.7377455 -1.8197469 -1.9789738 -2.1522888 -2.3254804 -2.4653857 -2.5779357 -2.5232043 -2.5016861 -2.5159222 -2.5238136 -2.529666 -2.5480933 -2.5587626 -2.5412052 -2.5053279 -2.4438788 -9999
-2.5257877 -2.4373508 -2.3423737 -2.2324094 -2.1231104 -2.0026733 -1.8934688 -1.7773953 -1.7012305 -1.6289104 -1.5952322 -1.5758834 -1.5983911 -1.6471717 -1.7300813 -1.8404845 -1.9620852 -2.1063555 -2.2504564 -2.3730602 -2.5102307 -2.6312923 -2.7217408 -2.7685604 -2.7931285 -2.8097104 -2.7419325 -2.771002 -2.7417397 -2.6964694 -2.6135598 -2.453654 -2.1785892 -2.019869 -1.88733 -1.749661 -1.6392722 -1.5924526 -1.5908913 -1.6025962 -1.7083365 -1.8172841 -1.9786341 -2.1542074 -2.3297806 -2.4272352 -2.5384317 -2.5507626 -2.5152024 -2.5269073 -2.53166 -2.5375125 -2.5224813 -2.5290139 -2.5114566 -2.4630179 -2.3986411 -9999
-2.5209126 -2.4435303 -2.3547767 -2.2634556 -2.1642629 -2.0647657 -1.9691601 -1.8705339 -1.8132411 -1.7530952 -1.737386 -1.7249051 -1.758069 -1.8086119 -1.8915215 -2.0057447 -2.1359439 -2.2732769 -2.4056874 -2.5162336 -2.6468339 -2.8237078 -2.9273745 -2.9796745 -3.0020313 -3.0146153 -2.7410842 -2.5847248 -2.5554626 -2.510999 -2.439144 -2.309245 -2.1164968 -1.9516403 -1.8128191 -1.6840654 -1.5771798 -1.5303602 -1.5408887 -1.5777592 -1.6937776 -1.8110749 -1.904714 -2.0606277 -2.1659716 -2.2356476 -2.3086898 -2.5169506 -2.5586671 -2.5646323 -2.5666712 -2.5685587 -2.4633524 -2.4296661 -2.4065187 -2.3574609 -2.293084 -9999
-2.4913712 -2.4200407 -2.3513189 -2.2679795 -2.1969135 -2.1066368 -2.0466719 -1.958235 -1.9273819 -1.8808188 -1.8753951 -1.8759102 -1.9177248 -1.970286 -2.0513666 -2.1551519 -2.2854843 -2.4181396 -2.5203464 -2.6015456 -2.7199025 -2.8810873 -2.9999978 -3.0448477 -3.0539315 -3.0630941 -2.8016318 -2.5053199 -2.474098 -2.4047162 -2.3214565 -2.192795 -2.0220259 -1.8741285 -1.7317368 -1.6233788 -1.5209361 -1.4880146 -1.5395101 -1.5910153 -1.7231743 -1.8460294 -1.9322679 -2.0304234 -2.1286745 -2.1807932 -2.2325936 -2.43901 -2.5763623 -2.5822147 -2.5804401 -2.58 -2.4744597 -2.3921635 -2.3646234 -2.3001966 -2.2340509 -9999
-2.4371801 -2.3763797 -2.3192989 -2.2564622 -2.1985575 -2.1357207 -2.0887964 -2.0390506 -2.0209554 -2.0056182 -2.0056182 -2.0179487 -2.0676945 -2.1287416 -2.2061239 -2.3037511 -2.4198246 -2.5177624 -2.6070657 -2.6751167 -2.7584831 -2.9077204 -3.0065585 -3.0358207 -3.0342187 -3.0231641 -2.7639662 -2.4816133 -2.4289413 -2.3529834 -2.2534918 -2.1131523 -1.9375791 -1.7928495 -1.6516791 -1.5567204 -1.4872986 -1.4814462 -1.5428058 -1.6305925 -1.7705637 -1.9056662 -1.986257 -2.0704495 -2.1582361 -2.2046007 -2.2397153 -2.4455784 -2.5829307 -2.5887831 -2.5861864 -2.580334 -2.4736377 -2.3874233 -2.3523086 -2.2845938 -2.2026596 -9999
-2.3559081 -2.3142873 -2.270981 -2.2316252 -2.1903317 -2.1481392 -2.1254843 -2.0949338 -2.1039686 -2.0987694 -2.119715 -2.1359243 -2.18567 -2.2451145 -2.3178902 -2.402231 -2.5005447 -2.5906568 -2.6567396 -2.7009581 -2.7756418 -2.8972425 -2.9882356 -2.9985652 -2.9851289 -2.9610717 -2.7179267 -2.4443579 -2.3786157 -2.2862883 -2.1665625 -2.0286064 -1.856859 -1.7312067 -1.6020052 -1.5434808 -1.4810894 -1.5085783 -1.5938724 -1.6988941 -1.8472119 -1.9863863 -2.0390583 -2.1201234 -2.1822004 -2.2169462 -2.2459246 -2.4517876 -2.5891399 -2.59 -2.5861864 -2.580334 -2.4685964 -2.381214 -2.3412565 -2.2636494 -2.1716134 -9999
-2.2560168 -2.2213422 -2.1959266 -2.1724814 -2.1492923 -2.1282111 -2.1379028 -2.1268482 -2.1371684 -2.165984 -2.1869296 -2.2150139 -2.2647597 -2.3242041 -2.3900968 -2.4621495 -2.5618218 -2.6370902 -2.6869706 -2.7311891 -2.778067 -2.8996678 -2.8295818 -2.8326071 -2.8117729 -2.7837059 -2.5391767 -2.3861241 -2.3100423 -2.2079934 -2.0863927 -1.9544635 -1.7849181 -1.6602081 -1.5652933 -1.5067689 -1.5042381 -1.5461588 -1.6473303 -1.7697335 -1.9122731 -2.057385 -2.1100569 -2.2071135 -2.2656379 -2.3003837 -2.3207374 -2.419111 -2.5543546 -2.5543546 -2.5505411 -2.5446886 -2.5560896 -2.4637793 -2.417552 -2.3290026 -2.2102125 -9999
-2.1509948 -2.1344128 -2.1218347 -2.1165983 -2.1086105 -2.1033741 -2.1193574 -2.1392667 -2.1735539 -2.2094487 -2.2303943 -2.2584786 -2.3082244 -2.3582968 -2.4025153 -2.4892131 -2.6052865 -2.6606367 -2.6993891 -2.7234546 -2.74133 -2.6252566 -2.550166 -2.5384611 -2.5201901 -2.4980809 -2.3992398 -2.3116132 -2.2184734 -2.1148548 -1.9932541 -1.8613249 -1.7208662 -1.6226389 -1.5404563 -1.5257451 -1.5383787 -1.6144605 -1.7216999 -1.8504536 -1.9877288 -2.1195172 -2.248271 -2.349926 -2.4084504 -2.4397834 -2.4573407 -2.4639163 -2.486053 -2.486053 -2.4822394 -2.476387 -2.5874566 -2.6243846 -2.5541552 -2.4438097 -2.3033511 -9999
-2.0481386 -2.0418245 -2.0475865 -2.0550562 -2.0677725 -2.0728782 -2.1103069 -2.1392655 -2.1987806 -2.2375868 -2.2682 -2.2949143 -2.3403711 -2.3852675 -2.4262517 -2.5087423 -2.6204564 -2.6724766 -2.6944022 -2.6999295 -2.6928161 -2.5721995 -2.4925127 -2.4740861 -2.4401424 -2.4105197 -2.3207175 -2.2302918 -2.1328622 -2.0276343 -1.9170924 -1.8076009 -1.6843173 -1.6292428 -1.5578493 -1.5845358 -1.6010214 -1.694057 -1.8173222 -1.9481507 -2.0604493 -2.1916554 -2.294881 -2.3965361 -2.4399819 -2.4592442 -2.4751056 -2.4760222 -2.48 -2.48 -2.4761864 -2.470334 -2.5757446 -2.6308316 -2.5606022 -2.4573969 -2.3229231 -9999
-1.9421014 -1.9421014 -1.9605507 -1.9814963 -2.0124057 -2.0333512 -2.0846162 -2.134362 -2.1987806 -2.2557761 -2.2883621 -2.3229532 -2.3671717 -2.4069727 -2.4456638 -2.5201281 -2.625147 -2.6621573 -2.6778599 -2.675661 -2.6566403 -2.5359164 -2.4468945 -2.4234848 -2.3778711 -2.3336527 -2.241082 -2.1412067 -2.0358627 -1.9464564 -1.841558 -1.7555085 -1.6560169 -1.6254724 -1.589854 -1.6300259 -1.6837198 -1.7890638 -1.9083435 -2.0429497 -2.1438551 -2.251696 -2.3468693 -2.4215204 -2.4563248 -2.4679262 -2.4796311 -2.48 -2.48 -2.48 -2.4741937 -2.4683412 -2.5735475 -2.6244978 -2.5542685 -2.4610268 -2.3381256 -9999
-1.8429972 -1.8485245 -1.8712011 -1.9078558 -1.9475395 -1.9936121 -2.0540624 -2.1211156 -2.1922361 -2.2557761 -2.2924309 -2.3295764 -2.3737948 -2.413164 -2.4463278 -2.5156685 -2.6052774 -2.6328382 -2.6381207 -2.6215388 -2.5904084 -2.4743349 -2.3863698 -2.3454027 -2.2912415 -2.2276817 -2.135111 -2.0352357 -1.9395962 -1.8537318 -1.7818768 -1.712224 -1.6560169 -1.649275 -1.6494627 -1.7138396 -1.7840583 -1.9011071 -2.0145717 -2.1290511 -2.2119413 -2.2980584 -2.3799926 -2.4453906 -2.4629479 -2.4725791 -2.4796311 -2.48 -2.4792754 -2.4734229 -2.4675705 -2.4617181 -2.5669243 -2.6178746 -2.5476453 -2.4627599 -2.3646183 -9999
-1.7731195 -1.7813221 -1.8076191 -1.8442739 -1.8881097 -1.9464532 -2.0291551 -2.1028779 -2.1754991 -2.2557761 -2.2972971 -2.3555189 -2.4015464 -2.4440181 -2.4743183 -2.540227 -2.5698897 -2.5754171 -2.5659645 -2.547882 -2.4979808 -2.4052296 -2.3552129 -2.2985644 -2.240251 -2.1612645 -2.0638493 -1.9598299 -1.8719307 -1.8048849 -1.7523234 -1.7237965 -1.6779497 -1.6787451 -1.7208595 -1.7880521 -1.8812625 -2.0088853 -2.1314227 -2.2252256 -2.2790509 -2.3568636 -2.4532899 -2.5499201 -2.5674774 -2.5771085 -2.5782337 -2.4898234 -2.4877147 -2.4847351 -2.4809215 -2.4704914 -2.4083663 -2.4593166 -2.4081501 -2.3385838 -2.2847979 -9999
-1.7177471 -1.7288018 -1.7550987 -1.7917535 -1.8474819 -1.9103187 -1.9930206 -2.0814575 -2.1698944 -2.2534721 -2.3160131 -2.375605 -2.4253507 -2.463156 -2.4907925 -2.50227 -2.5077974 -2.499723 -2.483695 -2.4462923 -2.4086652 -2.3754809 -2.3243434 -2.2482616 -2.1708725 -2.0879629 -1.9946798 -1.8923266 -1.8279497 -1.7968621 -1.7692255 -1.7463032 -1.717041 -1.7550346 -1.800203 -1.8811907 -1.9819185 -2.1223772 -2.2216102 -2.3093968 -2.3583204 -2.4160896 -2.5612655 -2.6578956 -2.6754529 -2.68 -2.68 -2.5704787 -2.4988791 -2.4988791 -2.490131 -2.4784261 -2.3850655 -2.3090835 -2.2798212 -2.2488356 -2.2078685 -9999
-1.6855855 -1.6915463 -1.7178433 -1.7544981 -1.8126961 -1.8792725 -1.9619744 -2.0504113 -2.1388482 -2.2224259 -2.2800263 -2.3383495 -2.3880953 -2.423293 -2.4411186 -2.4478794 -2.445705 -2.4301743 -2.3967657 -2.3414926 -2.2968989 -2.2416258 -2.1865629 -2.1054491 -2.036039 -1.9637781 -1.9002094 -1.8178157 -1.7855369 -1.7859003 -1.806481 -1.793981 -1.7853427 -1.840919 -1.8995508 -1.9756326 -2.0750571 -2.2053918 -2.2875503 -2.3528615 -2.3862876 -2.4347173 -2.5693235 -2.6641048 -2.6707805 -2.6766329 -2.68 -2.5655773 -2.4926698 -2.4873786 -2.4777126 -2.4660077 -2.3773895 -2.3028742 -2.2787537 -2.259008 -2.2327055 -9999
-1.6757757 -1.6786969 -1.6982849 -1.7330461 -1.7895983 -1.8529387 -1.9309282 -2.0193651 -2.107802 -2.1878403 -2.2454407 -2.3010941 -2.3495296 -2.3754194 -2.3890186 -2.3875873 -2.374422 -2.343245 -2.2992181 -2.243945 -2.1815932 -2.1261376 -2.0616347 -1.9821831 -1.9109235 -1.8616797 -1.8043398 -1.7715353 -1.7598304 -1.7920484 -1.8224728 -1.8588836 -1.8595516 -1.9198388 -1.9918198 -2.0679016 -2.1502794 -2.2739483 -2.347034 -2.3878017 -2.4085159 -2.4462662 -2.5808724 -2.6622582 -2.6664606 -2.6704237 -2.6729212 -2.5584985 -2.4808125 -2.4749601 -2.4652941 -2.4503838 -2.364971 -2.2950847 -2.2743769 -2.259008 -2.2506182 -9999
-1.678015 -1.6724877 -1.6892092 -1.7206276 -1.7705014 -1.8281018 -1.9053416 -1.9883189 -2.0716635 -2.1505849 -2.2081852 -2.2604826 -2.2936464 -2.3151896 -2.3207169 -2.3096019 -2.2874927 -2.243468 -2.193661 -2.1277137 -2.0627532 -2.0019528 -1.9374499 -1.8672206 -1.8203327 -1.7871688 -1.7619159 -1.7416815 -1.7826486 -1.830656 -1.8969837 -1.9333945 -1.9450993 -2.0067682 -2.0787492 -2.1375042 -2.212069 -2.317413 -2.3771672 -2.4064294 -2.4242318 -2.4521735 -2.5809272 -2.6602514 -2.6602514 -2.6605027 -2.6605027 -2.54608 -2.468394 -2.4625416 -2.4493134 -2.4317561 -2.3486672 -2.2860818 -2.2743769 -2.2692459 -2.2692459 -9999
-1.6945925 -1.6849465 -1.6951812 -1.7201249 -1.7659054 -1.8207413 -1.8894029 -1.9681805 -2.0350591 -2.109296 -2.1564235 -2.2046396 -2.2278335 -2.2440246 -2.2416911 -2.2263427 -2.2013577 -2.154801 -2.0938782 -2.0220233 -1.9504657 -1.8634691 -1.8127548 -1.7668673 -1.7484545 -1.733312 -1.7630059 -1.7617522 -1.8182674 -1.8987587 -1.9826159 -2.0318482 -2.0561519 -2.1090485 -2.1765474 -2.2175145 -2.2900894 -2.4363021 -2.5105643 -2.5342849 -2.5420967 -2.5416645 -2.4093403 -2.488413 -2.488413 -2.4844499 -2.482058 -2.4158133 -2.3407899 -2.3306212 -2.3227299 -2.3102556 -2.2799369 -2.222531 -2.2191594 -2.2264874 -2.2318696 -9999
-1.7178073 -1.7056412 -1.7080552 -1.7290008 -1.7659054 -1.8182694 -1.8773816 -1.9492366 -2.0101637 -2.0718155 -2.1150091 -2.1531953 -2.1724604 -2.1775969 -2.1713347 -2.1490981 -2.1214616 -2.0666217 -2.0086134 -1.9422203 -1.8714811 -1.7897494 -1.7337413 -1.7010967 -1.7105333 -1.7160606 -1.7701441 -1.8112876 -1.8873693 -1.9810018 -2.0702582 -2.1155299 -2.1506445 -2.1933492 -2.2528604 -2.2833569 -2.3637906 -2.5271351 -2.5907527 -2.6083101 -2.6094111 -2.6016889 -2.4670828 -2.3844158 -2.3817074 -2.3664921 -2.3606396 -2.2970026 -2.2490299 -2.237325 -2.2322258 -2.2263734 -2.205099 -2.1844158 -2.1862268 -2.2001201 -2.211825 -9999
-1.7550628 -1.7329535 -1.7322409 -1.7427137 -1.7767271 -1.8186182 -1.8728908 -1.9306089 -1.9864328 -2.0407693 -2.0774241 -2.1097306 -2.1207852 -2.1217138 -2.1051318 -2.0801093 -2.0469507 -1.9956461 -1.9403118 -1.8795114 -1.8155979 -1.7492703 -1.7026951 -1.6968427 -1.7164642 -1.7533161 -1.8217012 -1.8920077 -1.98904 -2.0865589 -2.1805231 -2.2252298 -2.2313646 -2.2648425 -2.3025343 -2.3200916 -2.3877468 -2.5457628 -2.6070041 -2.6083101 -2.6050047 -2.5892705 -2.4546643 -2.3682185 -2.3506612 -2.3331039 -2.3171749 -2.256768 -2.2117745 -2.2000696 -2.1959918 -2.1953272 -2.1832665 -2.1748787 -2.1924361 -2.2063294 -2.2180343 -9999
