mean_models/J1_mean_tot_conduct_slide_123.44.dat.tif
NCOLS 118
NROWS 92
XLLCORNER 139.62
YLLCORNER -39.07
DX 0.099491525
DY 0.099347826
NODATA_VALUE -9999
[rows 50 to 74 of 92, columns 58 to 115 of 118]
-2.4990553 -2.6411566 -2.7718913 -2.8850893 -3.023778 -3.0459574 -3.0728649 -3.130101 -3.1555787 -3.1376612 -3.022703 -3.0148261 -3.0121244 -2.9993231 -2.9734575 -2.9040696 -2.8004835 -2.6752996 -2.514518 -2.2946862 -2.0360704 -1.7843437 -1.5314701 -1.3313531 -1.2229411 -1.1251098 -1.1271578 -1.1495614 -1.2610273 -1.3874099 -1.5498043 -1.7444928 -1.9233004 -2.0408276 -2.1932465 -2.2803158 -2.3069409 -2.2537897 -2.2654946 -2.2929226 -2.310725 -2.3428927 -2.500007 -2.5831824 -2.6046146 -2.6221719 -2.6341094 -2.6715622 -2.8187391 -2.8225046 -2.828357 -2.8287391 -2.7116492 -2.639367 -2.6335145 -2.6166701 -2.5985811 -9999
-2.5890948 -2.7259392 -2.8327554 -2.9427197 -2.9735905 -2.9788269 -3.0033069 -3.0364708 -3.0506874 -3.0575245 -3.0454494 -3.0362024 -3.0306751 -3.0154491 -2.9878126 -2.9090385 -2.8040197 -2.6536619 -2.4822521 -2.2074761 -1.9343546 -1.6514306 -1.3916627 -1.1747341 -1.0333984 -0.9339069 -0.93838246 -0.96193763 -1.0848389 -1.2436942 -1.4283696 -1.6400508 -1.8448862 -2.0247044 -2.178868 -2.2990767 -2.3783239 -2.3898695 -2.4076314 -2.4368936 -2.454696 -2.4796703 -2.5929707 -2.6716297 -2.6886489 -2.6979262 -2.7096311 -2.7401112 -2.7621087 -2.7679611 -2.77 -2.77 -2.6527331 -2.5680409 -2.5621884 -2.549008 -2.5314506 -9999
-2.6950658 -2.7945574 -2.8882228 -2.9667687 -2.9899711 -2.9794983 -3.0014454 -3.0298476 -3.0469803 -3.0575245 -3.0418153 -3.0295792 -3.0240519 -3.0088259 -2.9811894 -2.9013636 -2.7908174 -2.626077 -2.442513 -2.155093 -1.8681227 -1.5641208 -1.2923149 -1.0582172 -0.9114749 -0.80144313 -0.80832637 -0.83609705 -0.96957238 -1.1311 -1.3411377 -1.5660174 -1.8117703 -2.0070581 -2.1921144 -2.3267206 -2.417133 -2.4229854 -2.4395906 -2.4633863 -2.4811888 -2.506163 -2.611507 -2.6835672 -2.6952721 -2.7030138 -2.7096311 -2.7401112 -2.7621087 -2.7679611 -2.77 -2.77 -2.6527331 -2.5680409 -2.5621884 -2.549008 -2.5314506 -9999
-2.756195 -2.8310229 -2.9024547 -2.9699929 -2.9839091 -2.9717075 -2.9908068 -3.0184433 -3.0353925 -3.0477111 -3.036496 -3.0233107 -3.0177833 -3.0001327 -2.9696015 -2.8862964 -2.7739103 -2.6044235 -2.4155402 -2.1281202 -1.8373528 -1.5333509 -1.2545005 -1.0173816 -0.87157208 -0.76256463 -0.76322848 -0.79223205 -0.93150498 -1.1082691 -1.325 -1.5674477 -1.8217059 -2.0328638 -2.2259287 -2.3605349 -2.4537951 -2.4504943 -2.4602949 -2.4837046 -2.4909532 -2.5158328 -2.6259427 -2.695155 -2.70343 -2.7053193 -2.7098156 -2.7401112 -2.7621087 -2.7679611 -2.77 -2.77 -2.6474138 -2.5627216 -2.56 -2.549008 -2.5314506 -9999
-2.7813852 -2.8366583 -2.8804167 -2.9327806 -2.9792284 -2.9635192 -2.9863367 -3.0139732 -3.0341832 -3.0489773 -3.0409204 -3.0303034 -3.0245157 -3.0052346 -2.9720707 -2.8867176 -2.7706442 -2.5956301 -2.3984478 -2.1110278 -1.822492 -1.5195194 -1.2439298 -1.0039797 -0.85795116 -0.75293233 -0.75917956 -0.78465397 -0.93681748 -1.1168425 -1.3379348 -1.5821216 -1.8513339 -2.0597388 -2.2611183 -2.3869887 -2.4746108 -2.462906 -2.4792283 -2.5026381 -2.5098866 -2.5270648 -2.6414925 -2.7120408 -2.7178933 -2.7197826 -2.7197826 -2.7303286 -2.7523261 -2.7581785 -2.758587 -2.758587 -2.6729567 -2.586087 -2.586087 -2.5734645 -2.5559072 -9999
-2.7036828 -2.7147375 -2.7456522 -2.7672009 -2.8626514 -2.9635192 -2.9943126 -3.0338428 -3.0614793 -3.0820933 -3.0873297 -3.0832889 -3.0722343 -3.0508027 -3.0121115 -2.9264568 -2.8103833 -2.6214316 -2.4050709 -2.117651 -1.8291152 -1.5361679 -1.2651347 -1.0368895 -0.89321727 -0.79267146 -0.80853304 -0.84426267 -0.99642618 -1.1771357 -1.4092826 -1.6518267 -1.9109426 -2.1073193 -2.2942342 -2.3937257 -2.4686526 -2.4862099 -2.5037672 -2.5225076 -2.5297562 -2.5469343 -2.6756881 -2.7512681 -2.7512681 -2.7552312 -2.7595217 -2.717366 -2.7122246 -2.7122246 -2.7122246 -2.7122246 -2.7239513 -2.6918452 -2.6859928 -2.6728123 -2.655255 -9999
-2.6698423 -2.6676945 -2.6734565 -2.6847092 -2.765347 -2.8657328 -2.9297386 -2.9751325 -3.0039814 -3.042057 -3.0491702 -3.0582454 -3.0507391 -3.0337664 -2.9950753 -2.9076742 -2.7916007 -2.5939171 -2.3970637 -2.111505 -1.8406152 -1.5537477 -1.3111253 -1.0957735 -0.95559408 -0.86865672 -0.88728666 -0.93800905 -1.0923988 -1.2806357 -1.5104058 -1.7443265 -1.9968197 -2.1913121 -2.3468574 -2.4418303 -2.4951453 -2.5074854 -2.5205064 -2.5337502 -2.5349953 -2.5521735 -2.6809272 -2.76 -2.76 -2.7639631 -2.7698156 -2.7278443 -2.7 -2.7 -2.7 -2.7 -2.7117267 -2.7180409 -2.7121884 -2.699008 -2.6814506 -9999
-2.619291 -2.602709 -2.5931178 -2.5983541 -2.6571298 -2.7513849 -2.8198908 -2.8751638 -2.9272495 -2.9711012 -2.9901847 -3.0047401 -3.005 -2.9895273 -2.9508362 -2.864935 -2.7488616 -2.5693136 -2.3798682 -2.1217514 -1.8620198 -1.5934868 -1.3583644 -1.1593814 -1.047291 -0.96438136 -0.99718173 -1.0492478 -1.2131162 -1.3978804 -1.6245 -1.8509207 -2.0908709 -2.2503493 -2.4018958 -2.466823 -2.5163794 -2.5222318 -2.5271685 -2.5388734 -2.5415 -2.5531201 -2.6809272 -2.76 -2.76 -2.7624631 -2.7683156 -2.7263443 -2.6985 -2.6985 -2.7 -2.7 -2.7102267 -2.7165409 -2.7106884 -2.697508 -2.6799506 -9999
-2.548641 -2.4988952 -2.4806757 -2.4658904 -2.5142133 -2.5858052 -2.6626783 -2.7294537 -2.8007578 -2.858507 -2.9003982 -2.9252619 -2.9363165 -2.9242201 -2.8910563 -2.8073056 -2.6958761 -2.5242993 -2.3467522 -2.109078 -1.8620198 -1.6243456 -1.4020941 -1.2322364 -1.131549 -1.0703524 -1.1131584 -1.1750883 -1.3433162 -1.5293988 -1.7449638 -1.9616112 -2.1769723 -2.3176259 -2.4482581 -2.4950777 -2.5362438 -2.5303914 -2.5317074 -2.5388734 -2.5449953 -2.5597433 -2.6826446 -2.76 -2.76 -2.76 -2.7616924 -2.7197211 -2.6918768 -2.6918768 -2.6956904 -2.7 -2.7058633 -2.71 -2.71 -2.695344 -2.6733275 -9999
-2.4167809 -2.3519749 -2.3162591 -2.2972926 -2.32467 -2.3881198 -2.4634166 -2.5357289 -2.6218231 -2.698033 -2.7830576 -2.8214155 -2.8425991 -2.836681 -2.8058389 -2.6961308 -2.5754479 -2.410495 -2.2714697 -2.0759621 -1.8472144 -1.6385847 -1.4413827 -1.2863515 -1.2138144 -1.1633702 -1.2238758 -1.29182 -1.4625235 -1.6484244 -1.858442 -2.0553089 -2.2582919 -2.3664098 -2.4846043 -2.5177081 -2.5476134 -2.5888464 -2.6332582 -2.6391106 -2.6399228 -2.6476942 -2.7035069 -2.7789855 -2.7789855 -2.7789855 -2.7789855 -2.6561414 -2.6282971 -2.6282971 -2.6321107 -2.6379631 -2.6773851 -2.6815217 -2.6789638 -2.6657833 -2.6434559 -9999
-2.2722157 -2.1893061 -2.1360634 -2.1098814 -2.1325975 -2.1799216 -2.2585471 -2.3359294 -2.4239991 -2.5210258 -2.6205173 -2.7049372 -2.7325738 -2.7387027 -2.7110662 -2.6061453 -2.452133 -2.3174908 -2.1842234 -1.9962949 -1.8113594 -1.6179036 -1.4626218 -1.3280156 -1.2665752 -1.2430036 -1.3113887 -1.4006894 -1.5762626 -1.7662723 -1.9707826 -2.151693 -2.3331187 -2.4365257 -2.5149811 -2.5442433 -2.5965676 -2.7019116 -2.7449538 -2.7508063 -2.7513696 -2.7541363 -2.7833985 -2.8 -2.8 -2.7986304 -2.7974453 -2.6540965 -2.5586304 -2.5586304 -2.562444 -2.5682964 -2.6155372 -2.6466713 -2.6408189 -2.6276384 -2.6100811 -9999
-2.1059487 -2.0064571 -1.9495036 -1.9180853 -1.9421083 -1.9944723 -2.0876954 -2.183596 -2.2883479 -2.4018084 -2.5094085 -2.5989662 -2.636383 -2.6468129 -2.630231 -2.5296111 -2.3859011 -2.2512589 -2.1179915 -1.9408068 -1.7649971 -1.5947207 -1.4549467 -1.3545084 -1.3037081 -1.3092354 -1.3889324 -1.493414 -1.6816744 -1.8788665 -2.0668986 -2.2352385 -2.3927274 -2.480353 -2.5348506 -2.5600932 -2.609814 -2.7094334 -2.751577 -2.7574294 -2.7579928 -2.7607595 -2.7856231 -2.799749 -2.7938966 -2.7900514 -2.7841989 -2.6455028 -2.5520072 -2.5520072 -2.5558208 -2.5616732 -2.608914 -2.6400481 -2.6341957 -2.6210152 -2.6034579 -9999
-1.9203561 -1.8256238 -1.7791341 -1.7537084 -1.7905104 -1.8459506 -1.9520409 -2.0580403 -2.1875943 -2.3035302 -2.4172853 -2.5123233 -2.5575062 -2.569526 -2.5507528 -2.4611059 -2.3196692 -2.185027 -2.0520656 -1.8898286 -1.7240612 -1.5722424 -1.4462571 -1.3606726 -1.3519155 -1.3616195 -1.4724252 -1.5780583 -1.7720411 -1.9631334 -2.1457754 -2.2980884 -2.4431991 -2.4956066 -2.5497553 -2.5687236 -2.6165651 -2.7160566 -2.7546159 -2.7594367 -2.76 -2.7622134 -2.7856231 -2.7977418 -2.7891627 -2.7814209 -2.7755685 -2.6368724 -2.5453841 -2.5453841 -2.5453841 -2.5504341 -2.5976749 -2.628809 -2.6229566 -2.6097761 -2.5922188 -9999
-1.7344793 -1.6460424 -1.610221 -1.5997482 -1.6493292 -1.7177988 -1.838164 -1.9597648 -2.0920529 -2.224436 -2.3396368 -2.4287001 -2.4784458 -2.4929535 -2.4708443 -2.3779102 -2.245992 -2.1163169 -1.9833555 -1.8230636 -1.6698365 -1.5261265 -1.42596 -1.3615831 -1.3639227 -1.4003688 -1.5198839 -1.6566813 -1.8556643 -2.0467566 -2.2236304 -2.3796174 -2.5025187 -2.5501292 -2.5828278 -2.6003851 -2.6430144 -2.7425059 -2.807087 -2.807087 -2.8046087 -2.8068221 -2.8302318 -2.790527 -2.7788221 -2.7710804 -2.7631186 -2.6339666 -2.5424783 -2.5424783 -2.5424783 -2.5424783 -2.5819503 -2.6130844 -2.6072319 -2.5940515 -2.5757385 -9999
-1.5760161 -1.5152158 -1.4892808 -1.50499 -1.5653218 -1.6648133 -1.7943284 -1.9266489 -2.065349 -2.2045665 -2.2883762 -2.355845 -2.3913117 -2.3999419 -2.3723053 -2.2825872 -2.1665138 -2.0368386 -1.9038772 -1.7539378 -1.6102278 -1.4890451 -1.4047621 -1.3682063 -1.3804035 -1.4467311 -1.5770364 -1.7295364 -1.9285194 -2.1196117 -2.2643116 -2.4382946 -2.6217361 -2.6693466 -2.7020452 -2.7157133 -2.7556086 -2.9725767 -3.0587681 -3.0587681 -3.0487775 -3.0452568 -2.8979425 -2.7640343 -2.7523294 -2.7409368 -2.7233794 -2.6324924 -2.5557246 -2.5557246 -2.5557246 -2.5557246 -2.5674513 -2.5865916 -2.5807392 -2.5660324 -2.5426226 -9999
-1.483772 -1.4387158 -1.4452935 -1.4705769 -1.558097 -1.6611684 -1.7992616 -1.9378371 -2.076878 -2.2078439 -2.2738327 -2.3330812 -2.3568987 -2.3585418 -2.3267836 -2.2365199 -2.118434 -1.9887589 -1.8560423 -1.7167567 -1.583089 -1.4804944 -1.4077019 -1.3835242 -1.4366978 -1.50655 -1.6588624 -1.8113624 -2.0096237 -2.1713073 -2.2974275 -2.4682052 -2.6659081 -2.7167959 -2.7491455 -2.7565393 -2.8359013 -3.0582941 -3.1409013 -3.14 -3.1300094 -3.1000798 -2.8893918 -2.7554835 -2.7411825 -2.7196621 -2.7015823 -2.6106953 -2.551029 -2.5485824 -2.5465435 -2.5465435 -2.5582702 -2.5645844 -2.5587319 -2.5418874 -2.5184777 -9999
-1.403272 -1.3811628 -1.4100471 -1.462411 -1.5647782 -1.6852153 -1.8291094 -1.9783467 -2.1146792 -2.2376882 -2.2993908 -2.348545 -2.3651269 -2.354136 -2.3154449 -2.2199765 -2.0928484 -1.9611864 -1.8285923 -1.6925046 -1.5676832 -1.473719 -1.4198975 -1.4140451 -1.4820094 -1.5759736 -1.7327956 -1.9004061 -2.0935367 -2.2430246 -2.3480435 -2.4991038 -2.6922344 -2.7396586 -2.7611087 -2.7660269 -2.8414158 -3.0638086 -3.1464158 -3.1405633 -3.1300094 -3.0995264 -2.8882831 -2.7521166 -2.7345593 -2.7108215 -2.6874117 -2.5952315 -2.5334565 -2.5276041 -2.5266739 -2.5266739 -2.5384006 -2.5447148 -2.5388623 -2.5209092 -2.4974994 -9999
-1.3780496 -1.3944092 -1.4353478 -1.5153966 -1.6252092 -1.7580703 -1.9051449 -2.057825 -2.1856875 -2.3039201 -2.3458113 -2.3877614 -2.3932887 -2.3766808 -2.322068 -2.2242291 -2.0928484 -1.9611864 -1.8285923 -1.7014642 -1.5809581 -1.5091031 -1.4655837 -1.4869002 -1.568224 -1.6819446 -1.8387666 -2.0063771 -2.1756987 -2.3049365 -2.3823188 -2.5280263 -2.7121039 -2.7524706 -2.7677319 -2.7677319 -2.8414158 -3.0638086 -3.1464158 -3.1405633 -3.1300094 -3.0995264 -2.882986 -2.7454934 -2.7220936 -2.6947207 -2.6675421 -2.5704484 -2.5069638 -2.5011113 -2.502886 -2.5068043 -2.518531 -2.5248452 -2.5189928 -2.4984843 -2.4710067 -9999
-1.3797743 -1.4090685 -1.4790797 -1.5709897 -1.695615 -1.8317613 -1.9651987 -2.1196993 -2.2477455 -2.3309563 -2.3715976 -2.3926599 -2.3956823 -2.368333 -2.315367 -2.213432 -2.1076699 -1.9829618 -1.8590778 -1.7319497 -1.6334001 -1.5675343 -1.5624211 -1.5940587 -1.6846298 -1.8135565 -1.9752232 -2.1623059 -2.3209133 -2.4539148 -2.5312971 -2.6015563 -2.7599883 -2.7984706 -2.8048406 -2.8052226 -2.8806114 -3.0007473 -2.9722129 -2.9701522 -2.9601616 -2.9296786 -2.7253119 -2.6408004 -2.6198564 -2.5943729 -2.5651106 -2.5288035 -2.4630507 -2.4595145 -2.4633281 -2.4691805 -2.4507557 -2.4570699 -2.4512174 -2.4307089 -2.4014467 -9999
-1.4228445 -1.4725903 -1.5539112 -1.6534027 -1.7770498 -1.9131961 -2.0436987 -2.1763541 -2.2633251 -2.3394764 -2.3651991 -2.3835212 -2.3779939 -2.3540475 -2.3043018 -2.2321575 -2.1437206 -2.0280803 -1.9119217 -1.8124052 -1.7246893 -1.6859981 -1.6838196 -1.7306392 -1.8342127 -1.9668681 -2.1478195 -2.3393347 -2.5032031 -2.6205525 -2.6979348 -2.7662375 -2.8306144 -2.8456157 -2.8509783 -2.8560269 -2.839327 -2.7749501 -2.7490217 -2.7490217 -2.7400094 -2.7178265 -2.5945003 -2.5122471 -2.4946897 -2.4682279 -2.4389657 -2.4250207 -2.4170652 -2.4170652 -2.421857 -2.4277095 -2.3987267 -2.3760844 -2.3702319 -2.3487452 -2.319483 -9999
-1.4874855 -1.5586917 -1.6442916 -1.7527506 -1.8737853 -2.0059207 -2.1264909 -2.2492092 -2.3230839 -2.3924619 -2.4029347 -2.4166372 -2.4111099 -2.3886099 -2.3440409 -2.2768987 -2.1967061 -2.0917426 -1.9980232 -1.9261682 -1.8510801 -1.8344982 -1.8401125 -1.9028421 -2.0008109 -2.1258246 -2.2874913 -2.4651753 -2.5906663 -2.6741946 -2.718413 -2.7816528 -2.8372375 -2.8522389 -2.8576014 -2.8576014 -2.839327 -2.7749501 -2.7464158 -2.7423986 -2.7374033 -2.7178265 -2.5890728 -2.5056239 -2.4766423 -2.4513432 -2.4257193 -2.4067304 -2.3971957 -2.3971957 -2.4048228 -2.4144631 -2.3854804 -2.362838 -2.3569855 -2.3328131 -2.2996134 -9999
-1.5610992 -1.6352443 -1.7266718 -1.8352275 -1.9559634 -2.0859375 -2.1924674 -2.3078289 -2.3721 -2.432632 -2.4357023 -2.4435792 -2.4412082 -2.4235576 -2.3835426 -2.3358448 -2.2636981 -2.1727141 -2.1065203 -2.0614565 -2.0063388 -2.0068098 -2.0220183 -2.0863952 -2.1672288 -2.2843548 -2.4084261 -2.5702788 -2.6687586 -2.7105228 -2.7445264 -2.7901695 -2.8415204 -2.8546375 -2.86 -2.86 -2.839327 -2.7749501 -2.7464158 -2.7405633 -2.7259519 -2.7082204 -2.5754936 -2.4851297 -2.4558675 -2.4266053 -2.4026322 -2.3883541 -2.3764208 -2.3789083 -2.3885743 -2.4002792 -2.3761569 -2.3535145 -2.347662 -2.3234896 -2.2883749 -9999
-1.6379683 -1.7153506 -1.8075 -1.9122279 -2.028289 -2.1529382 -2.2502324 -2.3497239 -2.4118096 -2.4615145 -2.4615145 -2.456971 -2.456971 -2.442423 -2.4092592 -2.3702009 -2.3251449 -2.275272 -2.2253179 -2.1866268 -2.1655505 -2.1766051 -2.211627 -2.2760039 -2.3568375 -2.44034 -2.5536356 -2.6601141 -2.712786 -2.7469777 -2.769087 -2.7729257 -2.8197452 -2.8319201 -2.8357681 -2.8357681 -2.8150951 -2.7507183 -2.7146114 -2.7078078 -2.6916953 -2.6639543 -2.5293482 -2.4717379 -2.4424756 -2.40867 -2.3794077 -2.366441 -2.3605942 -2.3664466 -2.3791416 -2.392027 -2.3726046 -2.3540988 -2.3482464 -2.3240739 -2.2868974 -9999
-1.7104493 -1.7823043 -1.871221 -1.9654761 -2.0760898 -2.1860542 -2.2750246 -2.3629703 -2.4215746 -2.4681377 -2.45554 -2.4437246 -2.4437246 -2.4308637 -2.4142817 -2.3913768 -2.3913768 -2.360205 -2.3379121 -2.317852 -2.3112606 -2.3414385 -2.3822627 -2.4349604 -2.5042843 -2.5595574 -2.6520427 -2.7329691 -2.7637713 -2.7864961 -2.7975507 -2.7672915 -2.7203974 -2.7297971 -2.7297971 -2.7297971 -2.7090389 -2.6153998 -2.5738025 -2.5620976 -2.5459851 -2.5182442 -2.4926811 -2.4837965 -2.436977 -2.4020468 -2.3727846 -2.3598178 -2.3544637 -2.372021 -2.387716 -2.4052734 -2.3945487 -2.3805916 -2.3747392 -2.3469633 -2.3001438 -9999
-1.7652113 -1.8294927 -1.9053315 -1.9946573 -2.0889124 -2.1953657 -2.2800471 -2.3624849 -2.418676 -2.4627637 -2.4470545 -2.4379792 -2.4447609 -2.4447609 -2.4351875 -2.4429606 -2.448087 -2.4299514 -2.4272528 -2.4349969 -2.4339846 -2.4707935 -2.5024253 -2.5452462 -2.5770137 -2.6264052 -2.6915717 -2.7705789 -2.7909972 -2.7967336 -2.805 -2.7747408 -2.7103639 -2.7 -2.6998255 -2.6952391 -2.6651693 -2.5690376 -2.5233098 -2.5116049 -2.4812098 -2.465089 -2.4583188 -2.4438472 -2.3970277 -2.3660606 -2.3375961 -2.338912 -2.3372825 -2.3602838 -2.3857325 -2.4042371 -2.3982733 -2.3880409 -2.379616 -2.3422631 -2.2943467 -9999
