mean_models/J1_mean_tot_conduct_slide_12.54.dat.tif
NCOLS 118
NROWS 92
XLLCORNER 139.62
YLLCORNER -39.07
DX 0.099491525
DY 0.099347826
NODATA_VALUE -9999
[rows 0 to 25 of 92, columns 0 to 56 of 118]
-1.7071508 -1.7265409 -1.865829 -1.9772052 -2.1240736 -2.2319519 -2.3264689 -2.3925042 -2.425668 -2.4521209 -2.4625965 -2.4759609 -2.4911988 -2.4994954 -2.4991304 -2.4782533 -2.4135838 -2.3271431 -2.1793058 -2.0315728 -1.8516535 -1.7039289 -1.5957655 -1.5360494 -1.563378 -1.6170687 -1.7613314 -1.9341966 -2.1097485 -2.2598455 -2.3519828 -2.3851579 -2.351762 -2.2710773 -2.1472 -2.011182 -1.9017413 -1.8136285 -1.7560281 -1.7435 -1.7435 -1.7718043 -1.7718043 -1.7474333 -1.7091964 -1.6794514 -1.6009055 -1.5523766 -1.505249 -1.5384872 -1.5856148 -1.7303658 -1.8881148 -2.0760562 -2.2437698 -2.3574175 -2.4169581
-1.6383018 -1.7327352 -1.8720233 -2.0157473 -2.1607918 -2.2803324 -2.3732007 -2.432172 -2.4611069 -2.4860645 -2.4991544 -2.520612 -2.5445003 -2.5843139 -2.5966016 -2.6436059 -2.6195553 -2.5284494 -2.3918649 -2.284153 -2.1096057 -1.9881481 -1.877442 -1.8187555 -1.8365809 -1.8631826 -1.9718994 -2.1239672 -2.2880595 -2.3787861 -2.4583185 -2.4515714 -2.4108605 -2.3144075 -2.1913998 -2.0695421 -1.9614873 -1.8763024 -1.8221112 -1.7986277 -1.7964503 -1.7943139 -1.7920805 -1.7656289 -1.7237377 -1.6572123 -1.5909441 -1.5413277 -1.5189957 -1.5576353 -1.620823 -1.7728346 -1.9225067 -2.1158386 -2.2714912 -2.3883118 -2.448004
-1.5991905 -1.6793317 -1.8186198 -1.9595714 -2.1017021 -2.2152208 -2.3047632 -2.3653038 -2.3889923 -2.416238 -2.4411109 -2.4779372 -2.5376321 -2.6099688 -2.6746383 -2.729489 -2.7394382 -2.7313205 -2.6567018 -2.5764566 -2.4520922 -2.3379015 -2.2483591 -2.1974963 -2.2024709 -2.2269802 -2.311548 -2.3895701 -2.4791125 -2.538578 -2.5438144 -2.5110533 -2.4264855 -2.3265624 -2.1956525 -2.0722306 -1.9677645 -1.8879344 -1.8408069 -1.8152193 -1.809983 -1.8038554 -1.7988808 -1.7724292 -1.730538 -1.6812279 -1.6236275 -1.6050935 -1.5946207 -1.6532118 -1.7212849 -1.8623752 -2.0083468 -2.1717896 -2.3179153 -2.4121705 -2.4741082
-1.4936334 -1.5518257 -1.6571796 -1.7981312 -1.9190498 -2.0190603 -2.0998583 -2.1654277 -2.2027151 -2.2373731 -2.2920892 -2.3289154 -2.4193412 -2.5304344 -2.6547988 -2.7271038 -2.8116716 -2.8223431 -2.8273177 -2.7679758 -2.7331537 -2.6235265 -2.5813887 -2.5832954 -2.6280666 -2.6521033 -2.7167728 -2.7815044 -2.7964282 -2.8355642 -2.7517819 -2.6994934 -2.5452815 -2.444538 -2.2877015 -2.1467414 -2.0422753 -1.9657078 -1.9277362 -1.9042527 -1.9031215 -1.8921503 -1.8796009 -1.8531493 -1.8112581 -1.7799245 -1.7416031 -1.7438823 -1.7498517 -1.8242094 -1.9013528 -2.0336142 -2.1759963 -2.3031243 -2.4375504 -2.4951508 -2.5525828
-1.3893305 -1.3874371 -1.4819541 -1.5904716 -1.7075589 -1.8071802 -1.8885176 -1.9663514 -2.0101907 -2.0698638 -2.135232 -2.2070286 -2.3114947 -2.4498061 -2.5793097 -2.6940385 -2.7812776 -2.8502946 -2.8635881 -2.8730754 -2.8540641 -2.8250556 -2.8101319 -2.881681 -2.9479987 -3.0089902 -3.0863788 -3.1354381 -3.1470803 -3.1279909 -3.0328281 -2.9164936 -2.7560696 -2.5974333 -2.4298686 -2.2943568 -2.1932672 -2.1210083 -2.085928 -2.0624088 -2.0617799 -2.0352957 -2.020372 -1.9750515 -1.9331603 -1.8959435 -1.8697615 -1.8853904 -1.906336 -1.9941483 -2.083167 -2.2107406 -2.3458528 -2.4619491 -2.5688092 -2.6193355 -2.6555398
-1.238764 -1.2195848 -1.264356 -1.3549601 -1.4591893 -1.5588106 -1.6533276 -1.7366095 -1.8124126 -1.8897959 -1.9892874 -2.088853 -2.2281411 -2.369086 -2.5133487 -2.6381554 -2.7326723 -2.8068299 -2.8416519 -2.8668661 -2.8867644 -2.8974195 -2.9670635 -3.0493305 -3.1637457 -3.263569 -3.3680351 -3.4396908 -3.4446654 -3.4198252 -3.299388 -3.1648631 -2.9857784 -2.8138708 -2.6410697 -2.5054709 -2.4209031 -2.3569593 -2.3307774 -2.3107784 -2.3003056 -2.2712267 -2.2264556 -2.1732231 -2.1051499 -2.0624378 -2.025783 -2.0427222 -2.0739855 -2.1663673 -2.2694442 -2.3930258 -2.5197115 -2.6247304 -2.717831 -2.7544858 -2.7797246
-1.036461 -1.0036948 -1.028687 -1.0958705 -1.2029698 -1.305081 -1.4238511 -1.5600602 -1.6737916 -1.7579684 -1.8825772 -2.0349331 -2.1844325 -2.3419664 -2.4782635 -2.5785389 -2.6392688 -2.7151247 -2.734829 -2.7373756 -2.7591128 -2.7970662 -2.8828025 -2.9972177 -3.1394277 -3.3266777 -3.4832525 -3.5617017 -3.5813955 -3.5883781 -3.4794145 -3.3596321 -3.1886825 -3.0249849 -2.8708359 -2.7594655 -2.6919223 -2.651871 -2.6339414 -2.6234686 -2.596878 -2.5554183 -2.4844108 -2.385068 -2.2984855 -2.2515274 -2.1942945 -2.2033132 -2.2347316 -2.3286567 -2.4283234 -2.5525027 -2.6774901 -2.7814379 -2.8668527 -2.9035075 -2.9253496
-0.83750007 -0.75768315 -0.77260688 -0.84256269 -0.9515296 -1.0937138 -1.233002 -1.3927504 -1.5254058 -1.6878405 -1.8470269 -2.007921 -2.172082 -2.3245581 -2.4489225 -2.5272278 -2.5769736 -2.5878422 -2.5826687 -2.5746857 -2.5990381 -2.650072 -2.7644872 -2.9155353 -3.1110446 -3.3145149 -3.4862617 -3.6384863 -3.6911849 -3.7165886 -3.6295979 -3.5323051 -3.3731187 -3.2233015 -3.0923916 -3.0223814 -2.9726356 -2.9453245 -2.9348517 -2.9065354 -2.8698807 -2.7938767 -2.7093089 -2.6005503 -2.490586 -2.4091557 -2.346319 -2.3553377 -2.3867561 -2.479355 -2.5788465 -2.7030258 -2.8276459 -2.9257518 -3.0146858 -3.0525292 -3.0840168
-0.6201767 -0.53478949 -0.53044655 -0.60205515 -0.72523513 -0.8772991 -1.0613584 -1.2345519 -1.4382726 -1.615789 -1.8396449 -2.0141302 -2.2050557 -2.3675853 -2.4670768 -2.5391333 -2.519235 -2.5133313 -2.4387127 -2.4132454 -2.3983217 -2.4389579 -2.5575796 -2.7106305 -2.9494101 -3.1654932 -3.3943237 -3.5639754 -3.6684415 -3.7103794 -3.6632518 -3.5770684 -3.4676277 -3.3288586 -3.2454486 -3.193728 -3.1788043 -3.1587788 -3.1692516 -3.1393131 -3.087204 -3.0015707 -2.8831676 -2.7655465 -2.6271893 -2.5418592 -2.4705037 -2.4795225 -2.5109409 -2.6093307 -2.7154498 -2.8396291 -2.9642492 -3.0582134 -3.1450798 -3.1974437 -3.2332682
-0.4626836 -0.36178832 -0.35423023 -0.42424899 -0.54742897 -0.71365395 -0.909074 -1.1286529 -1.3570249 -1.5889649 -1.8427627 -2.0563728 -2.2578679 -2.4436264 -2.5379242 -2.58442 -2.5406925 -2.481917 -2.3695189 -2.2964044 -2.2512375 -2.2755553 -2.3922187 -2.5295789 -2.7655075 -3.0069905 -3.2474288 -3.4502423 -3.5694723 -3.643741 -3.6142405 -3.5577229 -3.4661635 -3.3669596 -3.2957642 -3.2727022 -3.2685593 -3.264084 -3.2745568 -3.2482499 -3.192633 -3.0947003 -2.9726931 -2.8435548 -2.7033793 -2.6218227 -2.5514509 -2.5819326 -2.6149209 -2.7303253 -2.8402896 -2.9693202 -3.0941239 -3.1921582 -3.2768031 -3.329167 -3.3749476
-0.35241951 -0.24604647 -0.23112274 -0.29701439 -0.42019437 -0.58313131 -0.79703809 -1.0350745 -1.2956476 -1.5709192 -1.85447 -2.1209446 -2.3547497 -2.5479063 -2.6374486 -2.6747411 -2.6100716 -2.5155887 -2.371326 -2.2422287 -2.1725847 -2.1523558 -2.2518474 -2.3768774 -2.6106825 -2.8444326 -3.0931614 -3.3082038 -3.4375428 -3.5304344 -3.5147252 -3.4797165 -3.4050979 -3.3395883 -3.2924607 -3.2710427 -3.2809919 -3.2895125 -3.2999852 -3.2720344 -3.2091976 -3.107814 -2.978475 -2.8492858 -2.7131395 -2.6406982 -2.5883342 -2.6328357 -2.6956725 -2.8223052 -2.9532151 -3.0865911 -3.2164573 -3.3159488 -3.4040608 -3.4564247 -3.5013833
-0.40209342 -0.29144068 -0.26837818 -0.33426982 -0.44382579 -0.60022087 -0.80945657 -1.0516251 -1.3264112 -1.6094571 -1.9328046 -2.2016647 -2.4577505 -2.6683861 -2.7728522 -2.8089926 -2.7293994 -2.6291658 -2.4550556 -2.3168088 -2.2023935 -2.1771928 -2.2455514 -2.342348 -2.5463056 -2.7734825 -2.9973385 -3.2074195 -3.3218347 -3.4124589 -3.3967497 -3.3626181 -3.292974 -3.227822 -3.1886998 -3.1716949 -3.1816441 -3.1875 -3.1882189 -3.1566578 -3.0850128 -2.9857521 -2.8604995 -2.7424321 -2.6262101 -2.5780433 -2.557288 -2.6366591 -2.7329279 -2.8850599 -3.0339352 -3.1796578 -3.3158051 -3.4152966 -3.5030575 -3.5501851 -3.593698
-0.54263816 -0.44156975 -0.41905073 -0.47662519 -0.58108863 -0.72254424 -0.92687456 -1.1318596 -1.4003989 -1.6923511 -2.0156986 -2.308833 -2.5724856 -2.7863617 -2.8908278 -2.9488077 -2.8724836 -2.7633438 -2.5892336 -2.4299338 -2.3155185 -2.2375566 -2.2922769 -2.3631496 -2.5671072 -2.7305498 -2.9355178 -3.1307551 -3.2451703 -3.3042048 -3.2884956 -3.2446426 -3.1749985 -3.1098043 -3.0731495 -3.0561446 -3.0660938 -3.0719497 -3.0706873 -3.0286891 -2.9520675 -2.8421244 -2.71892 -2.6202456 -2.5112518 -2.471671 -2.4863953 -2.5894105 -2.7320673 -2.8996319 -3.0907298 -3.240935 -3.3989505 -3.498442 -3.5829624 -3.63009 -3.6641532
-0.76976592 -0.68855327 -0.67362954 -0.71787124 -0.798412 -0.92538843 -1.094524 -1.2995091 -1.5458691 -1.8191205 -2.1275443 -2.4217567 -2.6903838 -2.9076567 -3.0270466 -3.085411 -3.0157669 -2.9113607 -2.732276 -2.5689304 -2.4346169 -2.3483072 -2.3632309 -2.4229285 -2.5771404 -2.7367591 -2.9108692 -3.0696179 -3.1492111 -3.2025604 -3.171142 -3.1243693 -3.044776 -2.9794103 -2.9427555 -2.9257506 -2.9356998 -2.9383476 -2.9278748 -2.879646 -2.7906273 -2.6830788 -2.563689 -2.4650146 -2.3812323 -2.3771753 -2.4243029 -2.5582934 -2.725858 -2.9247386 -3.1341945 -3.3019488 -3.4672521 -3.561583 -3.6438092 -3.680464 -3.7116359
-1.1303705 -1.0681589 -1.0640236 -1.1049636 -1.1664901 -1.2458028 -1.3753528 -1.5473476 -1.7418133 -1.9907692 -2.2562875 -2.5510502 -2.8056303 -3.0029904 -3.1183781 -3.1799544 -3.1184164 -3.0176706 -2.8467936 -2.6782385 -2.5356155 -2.4449036 -2.4473058 -2.4674456 -2.5833496 -2.730803 -2.8661478 -3.0077367 -3.0611812 -3.1089324 -3.0644844 -3.0200094 -2.9483358 -2.8829701 -2.8515762 -2.8448233 -2.8618954 -2.865597 -2.8586289 -2.8113764 -2.7253895 -2.6183913 -2.4990015 -2.4064199 -2.3278627 -2.3426174 -2.3961643 -2.5470831 -2.7196488 -2.9363259 -3.1493643 -3.3242573 -3.490282 -3.5897216 -3.6685012 -3.6961841 -3.7180262
-1.4783182 -1.4684691 -1.4734437 -1.5060036 -1.5581182 -1.5995687 -1.7090093 -1.8131515 -1.9884461 -2.163322 -2.4132769 -2.6618574 -2.9006371 -3.0730994 -3.1865067 -3.2463203 -3.1870122 -3.0962155 -2.9279553 -2.7663409 -2.6220782 -2.5156036 -2.5006799 -2.5050236 -2.6103328 -2.7157184 -2.84057 -2.9425912 -2.9888774 -3.0155969 -2.9691463 -2.9228236 -2.8546475 -2.7994044 -2.7732224 -2.7983536 -2.8182519 -2.8417587 -2.8365223 -2.8018429 -2.7180606 -2.6151916 -2.4958018 -2.4012274 -2.3279178 -2.3381359 -2.4009727 -2.545661 -2.7289349 -2.9359703 -3.1611354 -3.3309466 -3.5009451 -3.5968183 -3.6775409 -3.7020835 -3.711807
-1.8650533 -1.8736133 -1.9183845 -1.9494387 -1.9778649 -2.0116857 -2.0514823 -2.1339689 -2.223985 -2.3686408 -2.542751 -2.7579695 -2.9470034 -3.1062153 -3.2057068 -3.2595666 -3.2048463 -3.1160851 -2.9568987 -2.7994568 -2.6551941 -2.5485115 -2.5186641 -2.51827 -2.5928887 -2.6826025 -2.7771194 -2.8631129 -2.8879858 -2.9030027 -2.8611115 -2.8168526 -2.7720814 -2.7293573 -2.7450665 -2.7793217 -2.8390166 -2.8760057 -2.907424 -2.884493 -2.8268926 -2.728738 -2.6143227 -2.5193911 -2.4408452 -2.4446244 -2.4870742 -2.6217664 -2.7819204 -2.9741238 -3.1743818 -3.3353586 -3.4943219 -3.5827588 -3.6576714 -3.6733805 -3.678691
-2.1267064 -2.1629475 -2.2276556 -2.2773069 -2.296046 -2.3199072 -2.3305002 -2.3259713 -2.3753025 -2.4950453 -2.6477739 -2.7845366 -2.9592255 -3.0885772 -3.1818965 -3.2229474 -3.1781443 -3.0907672 -2.9359048 -2.7916421 -2.6501603 -2.546368 -2.5125016 -2.5013914 -2.5708548 -2.6296303 -2.7063473 -2.7826523 -2.805151 -2.8057984 -2.7653711 -2.725944 -2.6890999 -2.681 -2.7117743 -2.7702578 -2.8517736 -2.9320428 -2.9910901 -3.0091588 -2.9793104 -2.9094409 -2.8120127 -2.7248554 -2.6425789 -2.6449741 -2.6538599 -2.7723746 -2.8797859 -3.0588715 -3.2018769 -3.3577734 -3.4732911 -3.558615 -3.609314 -3.6223809 -3.6177422
-2.3246428 -2.4164455 -2.4960388 -2.5346005 -2.5440759 -2.5260456 -2.5011727 -2.4876765 -2.5066273 -2.5485981 -2.6580388 -2.7794329 -2.9236956 -3.0441783 -3.1237715 -3.1693061 -3.1295095 -3.0637816 -2.9195189 -2.7816274 -2.6473139 -2.5391613 -2.4943902 -2.4731861 -2.5279065 -2.5821982 -2.6518423 -2.7038142 -2.718738 -2.7195802 -2.6829255 -2.6531151 -2.6332168 -2.6389973 -2.6965977 -2.7904834 -2.9048986 -3.0233499 -3.117605 -3.175396 -3.1701596 -3.1269269 -3.0423591 -2.9563228 -2.8673041 -2.8267458 -2.8215094 -2.8775484 -2.9718036 -3.0860839 -3.2222302 -3.3262961 -3.4389551 -3.4960063 -3.5443592 -3.5495956 -3.5471987
-2.4177813 -2.513266 -2.6015958 -2.6398499 -2.6351122 -2.6043002 -2.5446374 -2.5225137 -2.503563 -2.5372885 -2.6069325 -2.7235497 -2.851763 -2.9645299 -3.0540723 -3.1029445 -3.0830462 -3.0229219 -2.9085067 -2.7765681 -2.6571783 -2.5515798 -2.5068086 -2.4844781 -2.5193002 -2.5688566 -2.6186024 -2.666019 -2.666019 -2.6635022 -2.621611 -2.5916009 -2.5766772 -2.5831142 -2.657921 -2.7662729 -2.9155102 -3.0471358 -3.1983251 -3.2741904 -3.3253906 -3.2967498 -3.247264 -3.1631532 -3.0784182 -3.0210721 -2.9891588 -3.0078743 -3.0587329 -3.1261994 -3.2222302 -3.2843131 -3.3706535 -3.4093447 -3.4512206 -3.456457 -3.45511
-2.4122619 -2.5249983 -2.6130649 -2.645373 -2.6385363 -2.6027445 -2.5413013 -2.4951904 -2.4762396 -2.4886064 -2.5582505 -2.6466784 -2.7714861 -2.8908886 -2.981114 -3.058436 -3.0501386 -3.0006936 -2.8866928 -2.7915953 -2.6722601 -2.5852347 -2.5404635 -2.518133 -2.552955 -2.5806983 -2.6238809 -2.6606182 -2.6606182 -2.6394737 -2.5973078 -2.5542843 -2.5385081 -2.5412501 -2.6177526 -2.7139903 -2.8626162 -3.0100026 -3.1646485 -3.2770437 -3.3444645 -3.356417 -3.3233169 -3.2816334 -3.1993301 -3.1437012 -3.0949251 -3.1011963 -3.1052361 -3.1564984 -3.1869295 -3.2418403 -3.2704973 -3.3091884 -3.3297668 -3.3350032 -3.3442744
-2.365919 -2.4726139 -2.5571817 -2.5844478 -2.5702347 -2.5302253 -2.4605812 -2.4144702 -2.3955195 -2.4078863 -2.4775304 -2.5688709 -2.7031844 -2.8282087 -2.9376493 -3.0149714 -3.0249205 -3.0023068 -2.917739 -2.8264001 -2.721934 -2.6349086 -2.5901374 -2.5655046 -2.5903774 -2.6179537 -2.6527757 -2.6760975 -2.6611737 -2.6362804 -2.57868 -2.5298654 -2.4950434 -2.4918506 -2.5494509 -2.6438426 -2.7881053 -2.9412007 -3.1087654 -3.2377909 -3.332046 -3.3655469 -3.3605724 -3.3188888 -3.2508157 -3.1897809 -3.1321805 -3.1085268 -3.0928176 -3.1019458 -3.1124186 -3.1298398 -3.1463125 -3.1686249 -3.1897194 -3.210665 -3.2298511
-2.2627297 -2.3568231 -2.427818 -2.4545814 -2.4442334 -2.4180121 -2.3683425 -2.331029 -2.3287011 -2.3481018 -2.4361323 -2.5279755 -2.6714009 -2.8090407 -2.9231797 -3.0037136 -3.023161 -3.0097839 -2.9444161 -2.8568398 -2.7620754 -2.6750499 -2.6330618 -2.6100957 -2.630016 -2.6562406 -2.6860881 -2.706572 -2.6866737 -2.658315 -2.5906361 -2.5323203 -2.4742187 -2.4700204 -2.497682 -2.5435908 -2.6452774 -2.7818922 -2.9158509 -3.0387546 -3.1218259 -3.1632275 -3.1650733 -3.1355753 -3.0807369 -3.0232213 -2.9684568 -2.9348083 -2.9143729 -2.912058 -2.9187501 -2.9292229 -2.9440944 -2.9772583 -3.0086066 -3.0658262 -3.1048762
-2.1787392 -2.2538303 -2.3184998 -2.3397813 -2.3321192 -2.3420788 -2.3011952 -2.2926034 -2.2967527 -2.3319222 -2.4235319 -2.5335658 -2.6828031 -2.7981984 -2.9069369 -2.9844158 -2.9995693 -2.9883659 -2.9199853 -2.8477947 -2.7545656 -2.6760359 -2.6362393 -2.6132732 -2.6331715 -2.6571249 -2.6884128 -2.711756 -2.6993141 -2.6712579 -2.6076137 -2.5424023 -2.4827074 -2.4462622 -2.456735 -2.4530399 -2.5385263 -2.6135465 -2.7296532 -2.8054114 -2.8823073 -2.9005468 -2.9055214 -2.8773923 -2.8302647 -2.7852022 -2.7328383 -2.7116026 -2.6854207 -2.6955231 -2.6955231 -2.7221509 -2.7344792 -2.7832941 -2.8336628 -2.9074537 -2.9913877
-2.1009921 -2.1665615 -2.2212818 -2.251076 -2.2700268 -2.2799864 -2.2799864 -2.2863941 -2.319558 -2.3691776 -2.4686692 -2.5796948 -2.7040592 -2.8168261 -2.9063685 -2.9719973 -2.9719973 -2.9511105 -2.8715173 -2.7919115 -2.7023691 -2.626362 -2.5865654 -2.5635993 -2.5834976 -2.607451 -2.642273 -2.6682913 -2.6732659 -2.6588394 -2.6064754 -2.5486115 -2.4889166 -2.4465801 -2.4151618 -2.4095752 -2.4394227 -2.4893618 -2.5364893 -2.588088 -2.61427 -2.6202143 -2.5953414 -2.5604668 -2.5081029 -2.4637759 -2.4218847 -2.4059401 -2.3997957 -2.4182613 -2.4409443 -2.4804447 -2.5171558 -2.5834835 -2.6535949 -2.7635592 -2.8734122
-2.0709446 -2.1294894 -2.1864585 -2.2202472 -2.2609635 -2.3144441 -2.3429484 -2.37154 -2.4227713 -2.4723475 -2.5580306 -2.6660602 -2.7696038 -2.8243369 -2.8676796 -2.9122559 -2.8762092 -2.8451075 -2.7508923 -2.6667863 -2.5735376 -2.4985291 -2.457094 -2.4305558 -2.4504541 -2.4798143 -2.5300719 -2.564894 -2.5933271 -2.5970516 -2.5836358 -2.5389627 -2.5003364 -2.4500108 -2.4185925 -2.3920314 -2.3907474 -2.3996979 -2.4070939 -2.4069334 -2.3969466 -2.3634553 -2.3159256 -2.2628737 -2.2018529 -2.1635656 -2.1250573 -2.1310698 -2.1319265 -2.1847321 -2.2161349 -2.29663 -2.3431698 -2.4547403 -2.540228 -2.6824926 -2.8154988
