mean_models/J1_mean_vp_slide_diff2_60.dat.tif
NCOLS 118
NROWS 92
XLLCORNER 139.62
YLLCORNER -39.07
DX 0.099491525
DY 0.099347826
NODATA_VALUE -9999
[rows 24 to 47 of 92, columns 54 to 107 of 118]
-0.050546649 -0.05985266 -0.069158671 -0.078464682 -0.087770693 -0.097076704 -0.093825467 -0.082041051 -0.070256635 -0.05847222 -0.046687804 -0.037288993 -0.03752468 -0.037813748 -0.038102816 -0.038391884 -0.038680953 -0.038035696 -0.036325915 -0.034616135 -0.032906355 -0.031196575 -0.029723227 -0.049365106 -0.069006986 -0.088648866 -0.10829075 -0.12793263 -0.12423961 -0.10894795 -0.093656292 -0.078364632 -0.063072972 -0.060159835 -0.079551672 -0.098943509 -0.11833535 -0.13772718 -0.15682837 -0.15364961 -0.15066174 -0.14767387 -0.14468601 -0.14169814 -0.14536043 -0.15349999 -0.16163954 -0.1697791 -0.17791865 -0.19663513 -0.21903127 -0.24142741 -0.26382355 -0.28621969
-0.0497778 -0.055502694 -0.064808705 -0.074114716 -0.083420727 -0.092726738 -0.091745771 -0.081498059 -0.069713644 -0.057929228 -0.046144812 -0.034360396 -0.036563856 -0.036885992 -0.03717506 -0.037464128 -0.037753197 -0.037165427 -0.035455647 -0.033745867 -0.032036087 -0.030326306 -0.02865329 -0.050828654 -0.070470534 -0.090112413 -0.10975429 -0.12939617 -0.12514399 -0.10985233 -0.094560668 -0.079269008 -0.073354069 -0.080112996 -0.082523436 -0.10191527 -0.12130711 -0.14069895 -0.15942359 -0.15643572 -0.15344785 -0.15045999 -0.14747212 -0.14759925 -0.17472851 -0.18337691 -0.19151646 -0.19965602 -0.20779557 -0.19087824 -0.2022911 -0.22468724 -0.24708338 -0.26947952
-0.047355193 -0.052036802 -0.056884131 -0.066190142 -0.075496153 -0.084802164 -0.083821196 -0.075849793 -0.066325671 -0.054541255 -0.04275684 -0.030972424 -0.033175883 -0.035859984 -0.036585738 -0.036874806 -0.037163874 -0.036576105 -0.034866324 -0.033156544 -0.031417868 -0.029469492 -0.027790232 -0.050145039 -0.072499846 -0.092304195 -0.11194608 -0.13158795 -0.12733577 -0.11204411 -0.09675245 -0.094752826 -0.11052749 -0.11728642 -0.10779981 -0.10657067 -0.12596251 -0.14535434 -0.16407898 -0.16109112 -0.15810325 -0.15511538 -0.15556259 -0.15640612 -0.18353538 -0.21346415 -0.22439573 -0.23253528 -0.24067484 -0.22375751 -0.19489482 -0.2031146 -0.22551074 -0.24790688
-0.044932586 -0.049614195 -0.054295804 -0.058977414 -0.067571578 -0.076877589 -0.075896622 -0.067925219 -0.059953815 -0.051153283 -0.039368867 -0.027584451 -0.029787911 -0.032472012 -0.035156112 -0.036285483 -0.036574551 -0.035986782 -0.034277001 -0.032503186 -0.03055481 -0.028606434 -0.026927174 -0.049281981 -0.071636788 -0.093991595 -0.11413786 -0.13377974 -0.12952755 -0.11423589 -0.11615158 -0.13192625 -0.14770091 -0.15445984 -0.14497323 -0.13548661 -0.1306179 -0.15000974 -0.16873438 -0.16574651 -0.16275865 -0.16352593 -0.16436946 -0.16521299 -0.19234225 -0.22227102 -0.25219979 -0.26541455 -0.27355411 -0.25663678 -0.22777409 -0.1989114 -0.2039381 -0.22633424
-0.042509979 -0.047191588 -0.051873197 -0.056554806 -0.061236416 -0.068953015 -0.067972047 -0.060000644 -0.052029241 -0.044057838 -0.035980895 -0.024196479 -0.026399939 -0.029084039 -0.03176814 -0.03445224 -0.035985228 -0.035397459 -0.033588504 -0.031640128 -0.029691752 -0.027743376 -0.026064116 -0.048418923 -0.07077373 -0.093128538 -0.11548334 -0.13597152 -0.13171933 -0.13755034 -0.153325 -0.16909967 -0.18487433 -0.19163326 -0.18214665 -0.17266003 -0.16317342 -0.15466514 -0.17338978 -0.17064573 -0.17148926 -0.17233279 -0.17317633 -0.17401986 -0.20114911 -0.23107789 -0.26100666 -0.29093543 -0.30643338 -0.28951604 -0.26065335 -0.23179066 -0.20292797 -0.2047616
-0.040667634 -0.045349243 -0.050030852 -0.054712462 -0.059394071 -0.06407568 -0.063443855 -0.055472452 -0.047501049 -0.039529646 -0.031558242 -0.023586839 -0.024561624 -0.027245724 -0.029929824 -0.032613925 -0.035298025 -0.035949992 -0.034001616 -0.032053241 -0.030104865 -0.028156489 -0.026480068 -0.04644571 -0.068800517 -0.091155324 -0.11351013 -0.13586494 -0.15371902 -0.16949368 -0.18526834 -0.20104301 -0.21681767 -0.22472009 -0.21523348 -0.20574687 -0.19626025 -0.18677364 -0.177595 -0.17843853 -0.17928207 -0.1801256 -0.18096913 -0.18258238 -0.20815324 -0.23808201 -0.26801078 -0.29793956 -0.32786833 -0.31812648 -0.28926379 -0.2604011 -0.23153841 -0.20267571
-0.035680318 -0.047599048 -0.052965418 -0.057647027 -0.062328637 -0.067010246 -0.074415818 -0.078904377 -0.070932973 -0.06296157 -0.054990167 -0.047018764 -0.038996257 -0.038164684 -0.040848785 -0.043532885 -0.046216986 -0.046868952 -0.044920576 -0.042972201 -0.041023825 -0.03962448 -0.039627801 -0.040437812 -0.057688146 -0.080042953 -0.10239776 -0.12475257 -0.14260665 -0.15838131 -0.17415597 -0.18993063 -0.21132028 -0.22408199 -0.21467819 -0.20519157 -0.19570496 -0.18621835 -0.17703971 -0.17788324 -0.17872677 -0.17957031 -0.18422937 -0.22153265 -0.21389811 -0.23024537 -0.26017414 -0.29010292 -0.32003169 -0.31098018 -0.28273177 -0.25386908 -0.22500639 -0.1961437
-0.030004387 -0.041923116 -0.053841846 -0.060581593 -0.065263202 -0.069944812 -0.077350384 -0.086607005 -0.094364898 -0.086393495 -0.078422092 -0.070450689 -0.062428182 -0.054403919 -0.051767745 -0.054451845 -0.057135946 -0.057787912 -0.055839537 -0.053891161 -0.052777925 -0.052772214 -0.052775535 -0.053585546 -0.054395557 -0.068930582 -0.091285389 -0.1136402 -0.13149427 -0.14726894 -0.1630436 -0.18560314 -0.21066036 -0.22342207 -0.21402838 -0.20463469 -0.19514967 -0.18566306 -0.17648442 -0.17732795 -0.17817148 -0.18587637 -0.22317964 -0.26048292 -0.25284838 -0.24042782 -0.2523375 -0.28226627 -0.31219505 -0.30314353 -0.27550897 -0.24733707 -0.21847438 -0.18961169
-0.024328455 -0.036247185 -0.048165914 -0.060084644 -0.068197768 -0.072879377 -0.08028495 -0.08954157 -0.098798191 -0.10805481 -0.10185402 -0.093882613 -0.085860106 -0.077835843 -0.069811581 -0.065370806 -0.068054906 -0.068706873 -0.066758497 -0.06593137 -0.065925659 -0.065919947 -0.065923268 -0.066733279 -0.067543291 -0.068353302 -0.080173017 -0.10252782 -0.1203819 -0.13615657 -0.15988599 -0.18494322 -0.21000044 -0.22276215 -0.21336846 -0.20397477 -0.19458108 -0.18510777 -0.17592913 -0.17677266 -0.18752336 -0.22482663 -0.26212991 -0.29943318 -0.29179865 -0.27937809 -0.26695753 -0.27442963 -0.30435841 -0.29530689 -0.26767233 -0.24003776 -0.21194236 -0.18307967
-0.018652524 -0.030571253 -0.042489983 -0.054408712 -0.066327441 -0.075813943 -0.083219515 -0.092476136 -0.10173276 -0.11098938 -0.120246 -0.11731454 -0.10929203 -0.10126777 -0.093243505 -0.085219242 -0.078973866 -0.079625833 -0.079084815 -0.079079104 -0.079073392 -0.079067681 -0.079071002 -0.079881013 -0.080691024 -0.081501035 -0.082311047 -0.091415453 -0.10926953 -0.13416885 -0.15922607 -0.18428329 -0.20934052 -0.22210222 -0.21270854 -0.20331485 -0.19392116 -0.18452747 -0.17537384 -0.18917035 -0.22647362 -0.2637769 -0.30108017 -0.33838345 -0.33074891 -0.31832835 -0.30590779 -0.29348723 -0.29652177 -0.28747025 -0.25983569 -0.23220112 -0.20456655 -0.17654766
-0.012541707 -0.022884073 -0.034802802 -0.046721532 -0.058640261 -0.07055899 -0.080344221 -0.089600842 -0.098857462 -0.10811408 -0.1173707 -0.12662732 -0.13161873 -0.12359447 -0.1155702 -0.10754594 -0.099521679 -0.095014924 -0.095009212 -0.095003501 -0.094997789 -0.094992078 -0.094793208 -0.094664758 -0.095474769 -0.09628478 -0.097094791 -0.097904803 -0.11529958 -0.1403568 -0.16541402 -0.19047124 -0.21552846 -0.22323813 -0.21380651 -0.20441282 -0.19501913 -0.18562544 -0.17762391 -0.21492719 -0.25223046 -0.28953374 -0.32683701 -0.36239943 -0.35547515 -0.34305459 -0.33063403 -0.31821347 -0.30579291 -0.28164232 -0.25400776 -0.22637319 -0.19873862 -0.17110405
-0.0096975512 -0.014903623 -0.023798519 -0.035717248 -0.047635978 -0.059554707 -0.069176722 -0.077238023 -0.086400108 -0.095656729 -0.10491335 -0.11416997 -0.13341011 -0.14409835 -0.13607408 -0.12804982 -0.12002556 -0.1155188 -0.11551309 -0.11550738 -0.11550167 -0.11524474 -0.11482648 -0.11341896 -0.11295675 -0.11376676 -0.11457677 -0.11538678 -0.13278155 -0.15783878 -0.182896 -0.20795322 -0.22243485 -0.22779927 -0.21791544 -0.20841006 -0.19901637 -0.18962268 -0.18162115 -0.21892442 -0.2562277 -0.29353097 -0.32851374 -0.36040448 -0.3548605 -0.34432149 -0.33190093 -0.31948037 -0.30705981 -0.28197722 -0.25149274 -0.22385818 -0.19622361 -0.16858904
-0.0068533957 -0.012059467 -0.017265539 -0.024712965 -0.036631694 -0.048550423 -0.058172439 -0.066233739 -0.07429504 -0.083199375 -0.092455996 -0.10171262 -0.12095276 -0.14053595 -0.15657796 -0.1485537 -0.14052944 -0.13602268 -0.13601697 -0.13601126 -0.13568519 -0.13527801 -0.13485975 -0.13345223 -0.13204471 -0.13124874 -0.13205875 -0.13286876 -0.15026353 -0.17532075 -0.19934261 -0.2131693 -0.22699599 -0.23236042 -0.22247659 -0.21259276 -0.20301361 -0.19361992 -0.18561839 -0.22292166 -0.26022494 -0.29462806 -0.3265188 -0.35840954 -0.35286555 -0.34333465 -0.33316783 -0.32074727 -0.30832671 -0.28324412 -0.25212516 -0.22134316 -0.1937086 -0.16607403
-0.0040092403 -0.009215312 -0.014421384 -0.019627455 -0.02562741 -0.03754614 -0.047168155 -0.055229456 -0.063290757 -0.071352057 -0.079998642 -0.089255263 -0.10849541 -0.12807859 -0.14766178 -0.16724497 -0.16103332 -0.15652656 -0.15652085 -0.15612564 -0.15571846 -0.15531128 -0.15489303 -0.1534855 -0.15207798 -0.15067046 -0.14954072 -0.15035074 -0.16774551 -0.19007706 -0.20390375 -0.21773044 -0.23155714 -0.23692156 -0.22703773 -0.21715391 -0.20727008 -0.19761716 -0.18961563 -0.2269189 -0.26074237 -0.29263311 -0.32452385 -0.35641459 -0.35087061 -0.3413397 -0.33180879 -0.32201417 -0.30959361 -0.28451102 -0.25339206 -0.2222731 -0.19119359 -0.16355902
-0.0011650848 -0.0063711565 -0.011577228 -0.0167833 -0.021989372 -0.027195443 -0.036163871 -0.044225172 -0.052286473 -0.060347774 -0.068409075 -0.076797909 -0.096038052 -0.11562124 -0.13520443 -0.15478762 -0.1743708 -0.17697327 -0.17656609 -0.17615891 -0.17575173 -0.17534456 -0.1749263 -0.17351878 -0.17211125 -0.17070373 -0.16929621 -0.16788868 -0.18081151 -0.1946382 -0.2084649 -0.22229159 -0.23611828 -0.24148271 -0.23159888 -0.22171505 -0.21183123 -0.2019474 -0.19361286 -0.22685668 -0.25874742 -0.29063816 -0.3225289 -0.35441964 -0.34887566 -0.33934475 -0.32981385 -0.32028294 -0.31075204 -0.28577792 -0.25465896 -0.22354 -0.19242104 -0.16130208
-0.0073956947 -0.012601766 -0.017807838 -0.02301391 -0.028219982 -0.028231613 -0.032141176 -0.040820232 -0.048881533 -0.056942834 -0.065004135 -0.073065435 -0.092265869 -0.11184906 -0.13143225 -0.15101543 -0.16645022 -0.17022591 -0.16981873 -0.16941155 -0.16900437 -0.16859719 -0.18163228 -0.15922823 -0.15782071 -0.15641319 -0.15500566 -0.15359814 -0.16261061 -0.17643731 -0.190264 -0.20409069 -0.21731438 -0.24195215 -0.2617446 -0.25186078 -0.24197695 -0.23209313 -0.22345471 -0.25534545 -0.28723619 -0.31912693 -0.35101767 -0.36114818 -0.35273915 -0.34320824 -0.33367734 -0.32414643 -0.31396359 -0.28940966 -0.2582907 -0.22717174 -0.19605278 -0.16513591
-0.016695515 -0.021901587 -0.027107659 -0.03231373 -0.030102073 -0.024997625 -0.028907188 -0.038942152 -0.048046795 -0.056108096 -0.064169397 -0.072230698 -0.091431132 -0.11101432 -0.13059751 -0.14360073 -0.15064527 -0.15442096 -0.15401378 -0.15360661 -0.15412791 -0.16939194 -0.18419739 -0.15804914 -0.13192138 -0.13051386 -0.12910633 -0.12769881 -0.13671128 -0.15053798 -0.16436467 -0.17716941 -0.1882126 -0.21285037 -0.26198435 -0.29065956 -0.28077573 -0.27089191 -0.26225349 -0.29414423 -0.32603497 -0.35792571 -0.36486844 -0.36699307 -0.35858404 -0.34905313 -0.33952223 -0.32917812 -0.31839515 -0.29384122 -0.26272226 -0.2316033 -0.20072372 -0.17004153
-0.025995335 -0.031201407 -0.036407479 -0.031972534 -0.026868086 -0.021763638 -0.0256732 -0.035708164 -0.045743128 -0.055273358 -0.063334659 -0.07139596 -0.090596394 -0.11017958 -0.12075125 -0.12779579 -0.13484033 -0.13861602 -0.13820884 -0.141429 -0.15669303 -0.17195705 -0.18676251 -0.16061426 -0.13446601 -0.10831776 -0.103207 -0.10179948 -0.11081195 -0.12463865 -0.13702444 -0.14806763 -0.15911081 -0.18374858 -0.23288257 -0.28201655 -0.31957452 -0.30969069 -0.30105227 -0.33294301 -0.36483375 -0.3685887 -0.37071333 -0.37283796 -0.36442893 -0.35489802 -0.34439265 -0.33360968 -0.32282671 -0.29827278 -0.26715382 -0.23631154 -0.20562935 -0.17494716
-0.035295156 -0.038947443 -0.033842995 -0.028738546 -0.023634098 -0.01852965 -0.022439213 -0.032474177 -0.042509141 -0.052544105 -0.062499921 -0.070561222 -0.089761656 -0.09790176 -0.1049463 -0.11199085 -0.11903539 -0.12281108 -0.12873009 -0.14399412 -0.15925814 -0.17452217 -0.18932763 -0.16317938 -0.13703113 -0.11088288 -0.084734629 -0.075900148 -0.084912622 -0.096879474 -0.10792266 -0.11896584 -0.13000903 -0.1546468 -0.20378078 -0.25291476 -0.30204875 -0.34848947 -0.33985105 -0.37018433 -0.37230896 -0.37443359 -0.37655822 -0.37868286 -0.37027382 -0.35960718 -0.34882421 -0.33804124 -0.32725828 -0.30270434 -0.27189935 -0.24121716 -0.21053497 -0.17985278
-0.042517766 -0.037413318 -0.03230887 -0.027204421 -0.022099973 -0.016995525 -0.018703397 -0.028738361 -0.038773325 -0.048808289 -0.058843253 -0.068878217 -0.077557937 -0.084602479 -0.091647022 -0.098691565 -0.10573611 -0.1163863 -0.13165033 -0.14691435 -0.16217838 -0.17744241 -0.1911081 -0.16813875 -0.1419905 -0.11584225 -0.089694002 -0.063545752 -0.062835936 -0.07387912 -0.084922304 -0.095965488 -0.10700867 -0.12676342 -0.1758974 -0.22503138 -0.27416537 -0.32329935 -0.37103186 -0.3731565 -0.37528113 -0.37740576 -0.37953039 -0.3814337 -0.37291897 -0.362136 -0.35135303 -0.34057006 -0.3297871 -0.30586233 -0.27518014 -0.24449794 -0.21381575 -0.18313356
-0.053645669 -0.048684595 -0.043595205 -0.038490757 -0.033386309 -0.028281861 -0.022779782 -0.021217731 -0.031252695 -0.041287659 -0.051322623 -0.061357587 -0.079355673 -0.090201047 -0.097245589 -0.10429013 -0.11133467 -0.12198487 -0.13724889 -0.15251292 -0.16777695 -0.17992221 -0.18448054 -0.18465888 -0.16500749 -0.13885924 -0.11271099 -0.086562741 -0.085852925 -0.096896109 -0.10793929 -0.11898248 -0.12785773 -0.13826574 -0.15720331 -0.20633729 -0.25547128 -0.30460526 -0.35233777 -0.35446241 -0.35658704 -0.35871167 -0.36001067 -0.35490149 -0.35669824 -0.35031424 -0.33953127 -0.32874831 -0.31796534 -0.2955226 -0.26620628 -0.23552409 -0.2048419 -0.1741597
-0.064761422 -0.059800348 -0.054839274 -0.049777093 -0.044672645 -0.039568197 -0.034066118 -0.028293833 -0.023732064 -0.033767028 -0.043801992 -0.053836956 -0.071835042 -0.090106752 -0.10284416 -0.1098887 -0.11693324 -0.12758344 -0.14284746 -0.15811149 -0.16868727 -0.17329465 -0.17785299 -0.17803132 -0.17820965 -0.16187623 -0.13572798 -0.10957973 -0.10886991 -0.1199131 -0.13095628 -0.13938709 -0.14690377 -0.15731177 -0.17292969 -0.18854761 -0.23677719 -0.28591117 -0.33364368 -0.33576832 -0.33789295 -0.33858764 -0.33347846 -0.32836928 -0.33016603 -0.33269828 -0.32770952 -0.31692655 -0.30614358 -0.28370084 -0.25569955 -0.22655023 -0.19586804 -0.16518585
-0.075877176 -0.070916102 -0.065955028 -0.060993954 -0.055958981 -0.050854532 -0.045352454 -0.039580169 -0.033807884 -0.028035598 -0.036281362 -0.046316326 -0.064314412 -0.082586121 -0.10085783 -0.11548727 -0.12253181 -0.133182 -0.14844603 -0.15745234 -0.16205972 -0.1666671 -0.17122543 -0.17140376 -0.1715821 -0.17176043 -0.15874497 -0.13259672 -0.1318869 -0.14293009 -0.15091645 -0.15843313 -0.1659498 -0.17635781 -0.19197573 -0.20759364 -0.22321156 -0.26721708 -0.31494959 -0.31707423 -0.31716462 -0.31205543 -0.30694625 -0.30183707 -0.30363381 -0.30616607 -0.30869832 -0.30510479 -0.29432182 -0.27187909 -0.24387779 -0.2158765 -0.18689418 -0.15621199
-0.086992929 -0.082031855 -0.077070781 -0.072109708 -0.067148634 -0.062140868 -0.05663879 -0.050866504 -0.045094219 -0.039321934 -0.033549649 -0.038795695 -0.056793782 -0.075065491 -0.0933372 -0.11160891 -0.12813038 -0.13878057 -0.1462174 -0.15082478 -0.15543216 -0.16003954 -0.16459787 -0.16477621 -0.16495454 -0.16513288 -0.16531121 -0.15561371 -0.15490389 -0.1624458 -0.16996248 -0.17747916 -0.18499584 -0.19540385 -0.21102176 -0.22663968 -0.2422576 -0.25787551 -0.2962555 -0.29574159 -0.2906324 -0.28552322 -0.28041404 -0.27530486 -0.2771016 -0.27963385 -0.28216611 -0.28469836 -0.28250007 -0.26005733 -0.23205604 -0.20405474 -0.17605345 -0.14723813
