mean_models/J1_mean_vp_slide_diff2_40.dat.tif
NCOLS 118
NROWS 92
XLLCORNER 139.62
YLLCORNER -39.07
DX 0.099491525
DY 0.099347826
NODATA_VALUE -9999
[rows 50 to 74 of 92, columns 56 to 111 of 118]
-0.027288238 -0.03075172 -0.036083755 -0.04141579 -0.039411393 -0.03242158 -0.025431768 -0.013583356 0.0011163388 0.015816034 0.011336587 0.0061981211 0.0068169644 0.018083747 0.029350529 0.03563578 0.035546606 0.035457432 0.019230765 0.00060116066 -0.017730893 -0.0094894281 -0.0012479631 0.0038411714 -0.0033169623 -0.010475096 -0.016721091 -0.022545663 -0.028455685 -0.03480362 -0.041151554 -0.045069303 -0.044608075 -0.044146847 -0.0471174 -0.052889786 -0.057648186 -0.029408589 -0.0011689928 0.029292015 0.061208116 0.093124217 0.12803451 0.16326369 0.18903596 0.20230258 0.2155692 0.23045949 0.24612383 0.25715428 0.25732779 0.2575013 0.24845994 0.23449192 0.22286815 0.21746874
-0.017462365 -0.022794401 -0.028126436 -0.033458471 -0.031454074 -0.024464261 -0.017474448 -0.010484636 -0.00050700472 0.014192691 0.0097132435 0.013948737 0.025215519 0.036482302 0.047749084 0.054034335 0.052672146 0.034042542 0.015412938 -0.0032166659 -0.02154872 -0.013307255 -0.0050657897 0.0031756753 0.01097632 0.0038181862 -0.0024278094 -0.008429983 -0.014777918 -0.021125852 -0.027473787 -0.031391535 -0.030930308 -0.03046908 -0.030007852 -0.031880812 -0.036639212 -0.008399615 0.022545575 0.054461676 0.086377777 0.11829388 0.15320417 0.17559669 0.18886331 0.20212993 0.21539655 0.23028684 0.23962094 0.23979446 0.23996797 0.24014148 0.23110012 0.22041466 0.21501526 0.20961585
-0.0095050461 -0.014837081 -0.020169116 -0.025501151 -0.023496754 -0.016506942 -0.0095171289 -0.0025273163 0.0044624964 0.012569347 0.02108051 0.032347292 0.043614075 0.054880857 0.066147639 0.067483923 0.048854319 0.030224715 0.011595111 -0.0070344925 -0.025366546 -0.017125081 -0.0088836162 -0.00064215126 0.0075993137 0.015840779 0.011595719 0.0052477842 -0.0011001506 -0.0074480853 -0.01379602 -0.017713768 -0.017252541 -0.016791313 -0.016330085 -0.015868857 -0.015630237 0.015799135 0.047715236 0.079631337 0.11154744 0.14346354 0.16215742 0.17542405 0.18869067 0.20195729 0.21522391 0.22208761 0.22226113 0.22243464 0.22260815 0.22278167 0.21796117 0.21256177 0.20716236 0.20176296
0.0035985822 -0.0017334529 -0.007065488 -0.010493552 -0.0052110036 0.0033282295 0.010318042 0.017307855 0.024297667 0.03128748 0.042412182 0.053678964 0.064945747 0.076212529 0.082536407 0.07467607 0.056046466 0.037416862 0.018787258 0.00059803443 0.010667111 0.010313129 0.018554594 0.026796059 0.035037524 0.043278989 0.041541503 0.035193569 0.028845634 0.022497699 0.019966385 0.025298818 0.029431349 0.029892577 0.030353804 0.030815032 0.032214012 0.064130113 0.096046214 0.12796231 0.15987842 0.16360072 0.17547791 0.18874453 0.20201115 0.21527777 0.21482161 0.21234491 0.21251842 0.21269193 0.21286545 0.2089419 0.20302917 0.19762976 0.19223036 0.18683095
0.017563215 0.01223118 0.0094478368 0.0071056997 0.012388248 0.022852091 0.03214044 0.039130253 0.046120065 0.053109878 0.06423458 0.075501362 0.086768145 0.091014875 0.09157058 0.083710243 0.065080639 0.046451035 0.033224759 0.04341306 0.053482137 0.052903584 0.052325031 0.059463568 0.067705033 0.075946498 0.074209012 0.067861078 0.061513143 0.060658967 0.065454083 0.070786516 0.077087145 0.082098564 0.082559791 0.083021019 0.084419998 0.1163361 0.1482522 0.1801683 0.18034741 0.17917868 0.19105586 0.20432248 0.21758911 0.21438914 0.20635328 0.20387658 0.2040501 0.20422361 0.1996984 0.19282553 0.18691279 0.18151339 0.17611398 0.17319606
0.031731362 0.029389225 0.027047088 0.024704951 0.029987499 0.040451343 0.050915186 0.060952651 0.067942463 0.074932276 0.086056978 0.09732376 0.099493342 0.10004905 0.10060475 0.092744416 0.074114812 0.065851484 0.076039785 0.086228085 0.096297162 0.095718609 0.095140057 0.094561504 0.10037254 0.10861401 0.10687652 0.10052859 0.10135155 0.10614666 0.11094178 0.11627421 0.12257484 0.12887547 0.13476578 0.13522701 0.13662599 0.16854209 0.19826283 0.1970941 0.19592536 0.19475663 0.20663382 0.21990044 0.21395667 0.20592082 0.19788496 0.19540826 0.19558178 0.1904549 0.18358202 0.17670915 0.17079641 0.16539701 0.16280951 0.16127972
0.049330614 0.046988477 0.04464634 0.042304203 0.047586751 0.058050594 0.068514438 0.078978281 0.089442125 0.096754674 0.1074161 0.10797181 0.10852752 0.10908322 0.10963893 0.10177859 0.098478209 0.10866651 0.11885481 0.12904311 0.13911219 0.13853363 0.13795508 0.13737653 0.13679798 0.14128152 0.13954403 0.14204413 0.14683925 0.15163436 0.15642948 0.16176191 0.16806254 0.17436317 0.1806638 0.18696443 0.18883197 0.21500952 0.21384079 0.21267205 0.21150332 0.21033459 0.22156006 0.2135242 0.20548835 0.19745249 0.18941664 0.18693994 0.18121139 0.17433852 0.16746565 0.16059277 0.15468004 0.15242295 0.15089317 0.14936338
0.066266939 0.063924802 0.061582665 0.059240528 0.062984026 0.07344787 0.083911713 0.094375557 0.1048394 0.11530324 0.12139954 0.12195525 0.12251096 0.12306666 0.12362237 0.12840361 0.13859191 0.14878022 0.15896852 0.16915682 0.17593672 0.17471209 0.17413354 0.17355499 0.17297643 0.17239788 0.17549484 0.18028996 0.18508508 0.18988019 0.19467531 0.19699384 0.20329447 0.2095951 0.21589573 0.22219636 0.22827431 0.22710557 0.22593684 0.22476811 0.22359938 0.22159112 0.21437886 0.20634301 0.19830716 0.1902713 0.18223545 0.17355453 0.16668166 0.15980878 0.15293591 0.14606303 0.14369307 0.14216328 0.1406335 0.13910372
0.080939068 0.078596931 0.076254793 0.073912656 0.075939163 0.081324386 0.091788229 0.10225207 0.11271592 0.12317976 0.14229264 0.15284271 0.15339842 0.15395412 0.15450983 0.15929107 0.16947937 0.17966768 0.18985598 0.1942675 0.1924247 0.18931531 0.18764506 0.18706651 0.18648796 0.18590941 0.18900637 0.19380149 0.1985966 0.20339172 0.1964304 0.19351498 0.20320808 0.20979887 0.2160995 0.22240013 0.22847808 0.22730935 0.22614061 0.22497188 0.22227283 0.21585875 0.2102874 0.20355796 0.19552211 0.18748625 0.1794504 0.16834135 0.15757102 0.15069815 0.14382527 0.1369524 0.13620951 0.13756193 0.13603215 0.13450237
0.090960919 0.093269059 0.090926922 0.088584785 0.090611292 0.095606477 0.10060166 0.11012859 0.12059243 0.13105628 0.15016916 0.16957923 0.18428588 0.18484158 0.18539729 0.19017853 0.20036683 0.21055514 0.21258411 0.21075549 0.20891269 0.2058033 0.20269391 0.20057804 0.19999948 0.19942093 0.20251789 0.20731301 0.21210813 0.2025571 0.19264436 0.18972894 0.19942205 0.20911515 0.21630328 0.22260391 0.22868185 0.22751312 0.22634439 0.22295454 0.21654046 0.21012638 0.20455503 0.19907343 0.19273705 0.1847012 0.17666535 0.16555629 0.15298216 0.14158751 0.13471463 0.12784176 0.12709887 0.12963332 0.1314308 0.12990102
0.094985168 0.10121174 0.10559905 0.10325691 0.10528342 0.11027861 0.11527379 0.12026898 0.12846895 0.13893279 0.15804567 0.17745575 0.19686582 0.21572904 0.21628475 0.22106599 0.23125429 0.23090071 0.22907209 0.22724348 0.22540068 0.22229129 0.21918189 0.2160725 0.21351101 0.21293246 0.21602942 0.21859653 0.2086838 0.19877106 0.18885833 0.18594291 0.19563601 0.20532911 0.21502222 0.22280768 0.22888563 0.22771689 0.22363626 0.21722217 0.21080809 0.20439401 0.19882266 0.19334106 0.18785946 0.18191615 0.1738803 0.16277124 0.15019711 0.13762297 0.125604 0.11873112 0.11798823 0.12052268 0.12305713 0.12529967
0.099009417 0.10523599 0.11146256 0.11768913 0.11995555 0.12495073 0.12994592 0.1349411 0.13993629 0.14680931 0.16592219 0.18533226 0.20474234 0.22415241 0.24356248 0.25104593 0.24921731 0.2473887 0.24556008 0.24373146 0.24188866 0.23877927 0.23566988 0.23256049 0.2294511 0.22644398 0.22472323 0.2148105 0.20489776 0.19498503 0.18507229 0.18215687 0.19184997 0.20154308 0.21123618 0.22092928 0.2290894 0.22431797 0.21790389 0.2114898 0.20507572 0.19866164 0.19309029 0.18760869 0.18212709 0.17664549 0.17109525 0.15998619 0.14741206 0.13483792 0.12226378 0.10968965 0.10887759 0.11141204 0.11394649 0.11648093
0.10735511 0.11358168 0.11980825 0.12603482 0.13929519 0.14782093 0.15281611 0.1578113 0.16280649 0.16780167 0.17362961 0.19303968 0.21244976 0.23185983 0.2512699 0.26136317 0.25953456 0.25770594 0.25587732 0.2540487 0.25379379 0.22718002 0.22407063 0.22096124 0.21785184 0.21474245 0.20697967 0.19706693 0.1871542 0.17724146 0.16901002 0.16955888 0.17580307 0.18549618 0.19518928 0.20488238 0.21409529 0.20768121 0.20126712 0.19485304 0.18843896 0.1902424 0.18804077 0.18255917 0.17707757 0.17159597 0.16611437 0.15826732 0.14603902 0.13346488 0.12089075 0.10831661 0.10466471 0.1070269 0.10956134 0.11209579
0.11757999 0.12380656 0.13003313 0.1362597 0.14952007 0.16756019 0.17925125 0.18424643 0.18924162 0.1942368 0.19827468 0.20227967 0.22008364 0.23949372 0.25890379 0.26899706 0.26716844 0.26533983 0.26361287 0.26407108 0.26416791 0.23198972 0.20025762 0.19714822 0.19403883 0.19092944 0.18316665 0.17325392 0.16334119 0.15678653 0.15639682 0.15694568 0.15918574 0.16411763 0.17381073 0.18350383 0.19271674 0.18630266 0.17988858 0.17347449 0.17684077 0.18229369 0.18036784 0.17765612 0.17232499 0.16684339 0.16136179 0.15351474 0.14454 0.13270587 0.12013173 0.10755759 0.10390569 0.10502398 0.10723109 0.10976553
0.12932782 0.13420344 0.14025801 0.14648458 0.15974494 0.17778507 0.19582519 0.21068156 0.21567675 0.22067193 0.22470981 0.2287148 0.23271979 0.2471276 0.26653768 0.27663095 0.27480233 0.27352878 0.27398699 0.27444521 0.27454203 0.24236384 0.21018565 0.17800747 0.17022582 0.16711643 0.15935364 0.14944091 0.14456303 0.14417333 0.14378362 0.14433248 0.14657254 0.1488126 0.15243218 0.16212529 0.17133819 0.16492411 0.15851003 0.16343915 0.16889207 0.17434498 0.17241913 0.16970741 0.16699569 0.16209081 0.15660921 0.14876216 0.13978742 0.13081269 0.11937271 0.10679858 0.10314667 0.10426496 0.10538324 0.10743527
0.14123146 0.14610708 0.15098269 0.15670946 0.16996982 0.18800994 0.20605007 0.22409019 0.24211188 0.24710707 0.25114495 0.25514993 0.25915492 0.2631599 0.27417156 0.28426483 0.28344469 0.2839029 0.28436111 0.28481933 0.28491615 0.25273796 0.22055977 0.18838159 0.1562034 0.14330342 0.13554063 0.13233954 0.13194983 0.13156013 0.13117042 0.13171928 0.13395934 0.1361994 0.13843946 0.14074674 0.14995964 0.14458461 0.15003752 0.15549044 0.16094336 0.16639627 0.16447042 0.1617587 0.15904698 0.15633526 0.15185663 0.14400958 0.13503485 0.12606011 0.11708538 0.10603956 0.10238766 0.10350594 0.10462423 0.10574251
0.15325764 0.15813326 0.16300888 0.1678845 0.17847249 0.19651261 0.21455274 0.23259286 0.25063298 0.2686731 0.27314433 0.27714932 0.28115431 0.28515929 0.28916428 0.29147496 0.29193317 0.29239139 0.2928496 0.29330781 0.29325753 0.26352518 0.23134699 0.19916881 0.16699062 0.13481243 0.12437713 0.12398743 0.12359772 0.12320801 0.12281831 0.12017331 0.12241337 0.12465343 0.12689349 0.12913355 0.1314694 0.13692231 0.14237523 0.14782814 0.15328106 0.15805797 0.15543389 0.15272217 0.15001046 0.14729874 0.14458702 0.13824291 0.12926818 0.12029345 0.11131871 0.10234398 0.10171493 0.10283322 0.1039515 0.10506979
0.16589336 0.17076898 0.17588373 0.18595085 0.19158945 0.19644925 0.21448937 0.2325295 0.25056962 0.26860974 0.27308097 0.27708596 0.28109095 0.28509593 0.28851583 0.29058458 0.2910428 0.29150101 0.29195922 0.29181889 0.29061752 0.27160338 0.24418892 0.21201073 0.17983254 0.14765435 0.13721905 0.13682935 0.13643964 0.13604993 0.13855792 0.13445305 0.11649971 0.11841571 0.12065577 0.12289583 0.12523168 0.13068459 0.13613751 0.14159042 0.145412 0.14361081 0.14098673 0.13827501 0.1355633 0.13292789 0.13336776 0.12743232 0.11845759 0.10948286 0.10050813 0.10055133 0.10147142 0.1025897 0.10370799 0.10482627
0.17852908 0.18490353 0.19497065 0.20503777 0.21067638 0.21330562 0.21593486 0.23246613 0.25050626 0.26854638 0.27301761 0.2770226 0.28097074 0.2842981 0.28762546 0.2896942 0.29015242 0.29061063 0.29018081 0.28917889 0.28797752 0.26896338 0.24994923 0.22485265 0.19267446 0.16049627 0.15006097 0.14967127 0.14928156 0.15248862 0.15606919 0.15196432 0.13401098 0.11605764 0.11441805 0.11665811 0.11899396 0.12444687 0.12989979 0.13276602 0.13096484 0.12916365 0.12653957 0.12382785 0.12167744 0.1221173 0.12255717 0.11662173 0.107647 0.099209029 0.099758421 0.10030781 0.10122791 0.10234619 0.10340514 0.10259707
0.19392333 0.20399046 0.21405758 0.2241247 0.2297633 0.23239254 0.23502179 0.23765103 0.2504429 0.26848302 0.27295425 0.27675301 0.28008036 0.28340772 0.28673508 0.28880383 0.28926204 0.28854272 0.2875408 0.28653889 0.28533752 0.26632337 0.24730923 0.22829508 0.20551638 0.1733382 0.1629029 0.16283875 0.16641932 0.16999989 0.17358046 0.16947559 0.15152225 0.13356891 0.11561557 0.11042039 0.11275624 0.11820916 0.12012005 0.11831886 0.11651767 0.11471649 0.11209241 0.11042698 0.11086685 0.11130671 0.11174658 0.10581115 0.098416125 0.098965517 0.099514909 0.1000643 0.10098439 0.10183239 0.10102432 0.10021625
0.21301026 0.22307738 0.2331445 0.24321162 0.24885023 0.25147947 0.25410871 0.25673795 0.25936719 0.26841966 0.27253527 0.27586263 0.27918999 0.28251734 0.2858447 0.28790655 0.28690463 0.28590272 0.2849008 0.28389888 0.28269751 0.26368337 0.24466922 0.22565508 0.20664094 0.18618012 0.17676945 0.18035002 0.18393059 0.18751116 0.19109173 0.18698685 0.16903351 0.15108017 0.13312684 0.1151735 0.10651852 0.10747407 0.10567289 0.1038717 0.10207051 0.10026933 0.099176524 0.099616391 0.10005626 0.10049613 0.10093599 0.09762322 0.098172612 0.098722004 0.099271396 0.099820789 0.10025965 0.099451575 0.098643505 0.097835435
0.22088628 0.2309534 0.24102052 0.25108764 0.25618168 0.25861406 0.2612433 0.26387254 0.26650179 0.26913103 0.2782868 0.28161416 0.28494151 0.28826887 0.29159623 0.29302446 0.29202254 0.29102063 0.29001871 0.28901679 0.29348417 0.28718926 0.26817511 0.24916097 0.23014682 0.21113268 0.20757301 0.21115358 0.21473415 0.21831471 0.21982176 0.20200005 0.18062875 0.16267541 0.14472207 0.12676873 0.10929693 0.10749574 0.10569455 0.10389337 0.10209218 0.10228877 0.098045181 0.098485049 0.098924916 0.099364783 0.099804651 0.098967589 0.099423971 0.099973364 0.10052276 0.10107215 0.10095184 0.10016757 0.099359496 0.098551426
0.22239727 0.23246439 0.24253151 0.25259863 0.25769267 0.2594073 0.26159192 0.26422116 0.26685041 0.26947965 0.27988937 0.29056644 0.294464 0.29779136 0.30111872 0.30254695 0.30154503 0.30054312 0.29966931 0.30568099 0.31160182 0.30940888 0.3065254 0.28751126 0.26849711 0.24948297 0.2459233 0.24950387 0.25308444 0.25120335 0.23807761 0.2202559 0.19397249 0.17091179 0.15295845 0.13500512 0.11753331 0.11573213 0.11393094 0.11212975 0.11281619 0.11412674 0.10892679 0.10303345 0.103289 0.10372886 0.10416873 0.10333167 0.10188586 0.10207344 0.10262283 0.10317223 0.10305192 0.10257356 0.10183371 0.10102564
0.21278747 0.23270994 0.2440425 0.25410962 0.25920366 0.26091829 0.26263292 0.26456979 0.26719903 0.26982827 0.28023799 0.29091506 0.30159213 0.30731385 0.31064121 0.31206944 0.31106752 0.31177528 0.31778696 0.32379865 0.32971948 0.32752654 0.32533359 0.32314065 0.30684741 0.28783326 0.28427359 0.28785416 0.28258494 0.26945919 0.25633345 0.23851174 0.21222833 0.18594492 0.16119484 0.1432415 0.1257697 0.12396851 0.12216733 0.1233436 0.12465416 0.12596471 0.12076476 0.11487142 0.10897808 0.10809294 0.10853281 0.10769575 0.10624994 0.10480413 0.10472291 0.1052723 0.105152 0.10467364 0.10419529 0.10349985
0.20177341 0.22169588 0.24161834 0.25562061 0.26071466 0.26242928 0.26414391 0.26585854 0.26757317 0.27017689 0.28058661 0.29126368 0.30194075 0.31261782 0.3201637 0.32159193 0.32388125 0.32989294 0.33590462 0.3419163 0.34783714 0.34564419 0.34345125 0.34125831 0.33906536 0.32618356 0.32262389 0.31396653 0.30084078 0.28771503 0.27458929 0.25676758 0.23048417 0.20420076 0.17791735 0.15163394 0.13400609 0.13256046 0.13387101 0.13518157 0.13649213 0.13780268 0.13260273 0.12670939 0.12081605 0.11492271 0.11289689 0.11205983 0.11061402 0.1091682 0.10772239 0.10737238 0.10725207 0.10677372 0.10629536 0.10581701
