mean_models/J1_mean_vp_slide_diff_100.dat.tif
NCOLS 118
NROWS 92
XLLCORNER 139.62
YLLCORNER -39.07
DX 0.099491525
DY 0.099347826
NODATA_VALUE -9999
[rows 27 to 53 of 92, columns 0 to 59 of 118]
-9999 8.1104092 8.1153576 8.1208731 8.1297667 8.1386603 8.1475538 8.153737 8.156792 8.1598471 8.1629021 8.1634041 8.1632054 8.1622132 8.1596317 8.1570502 8.1544688 8.1529071 8.1517543 8.1487975 8.1416787 8.13456 8.1298945 8.1255293 8.1211641 8.1131145 8.0951899 8.0772652 8.0593406 8.0517746 8.0483823 8.0466757 8.0482187 8.0497616 8.0491151 8.0484016 8.0476882 8.0483121 8.0508493 8.0533865 8.0559237 8.0542556 8.0521858 8.0490979 8.0452781 8.0414584 8.0384384 8.0401926 8.0419468 8.0466771 8.0519217 8.0571664 8.0560973 8.0480414 8.0415749 8.0406143 8.0396537 8.038693 8.0342259 8.0291207
-9999 8.1073749 8.1140583 8.1229518 8.1318454 8.1407389 8.1496325 8.1558157 8.1588707 8.1619258 8.1649808 8.1680359 8.1695009 8.1685087 8.1659272 8.1633457 8.1607642 8.1581828 8.1562286 8.1532718 8.1466093 8.1422441 8.1378789 8.1335137 8.1291485 8.1210989 8.1031743 8.0852496 8.0673249 8.0494003 8.0381503 8.0364437 8.0374816 8.0367681 8.0360547 8.0353412 8.0346277 8.0352516 8.0377888 8.040326 8.0428633 8.0454005 8.0448023 8.0417145 8.0378947 8.0340749 8.0302551 8.0264354 8.0278132 8.0325435 8.0377881 8.0430327 8.0482774 8.0497324 8.0432659 8.0423053 8.0413447 8.0403841 8.0394234 8.0357428
-9999 8.1063818 8.1152754 8.124169 8.1330625 8.1419561 8.1508496 8.1572969 8.160352 8.163407 8.1664621 8.1695171 8.1725721 8.173318 8.1707365 8.168155 8.1655736 8.1629921 8.1604106 8.1572898 8.1529246 8.1485594 8.1441942 8.139829 8.1354638 8.1276688 8.1097442 8.0918195 8.0738948 8.0559702 8.0380455 8.0259996 8.0252862 8.0245727 8.0238592 8.0231457 8.0224323 8.0240024 8.0265396 8.0290768 8.031614 8.0341512 8.0366884 8.0354101 8.0315904 8.0277706 8.0239508 8.020131 8.0163113 8.0200441 8.0252887 8.0305333 8.0357779 8.0410226 8.0436955 8.0427349 8.0417743 8.0408137 8.039853 8.0388924
-9999 8.1005064 8.1093999 8.1182935 8.127187 8.1360806 8.1422462 8.149086 8.1569147 8.1599698 8.1630248 8.1660799 8.1691349 8.1692708 8.163561 8.16073 8.1581485 8.155567 8.1529855 8.1498647 8.1454995 8.1411343 8.1367691 8.1324039 8.1220414 8.1105417 8.1034016 8.0867447 8.0688201 8.0508954 8.0329707 8.0209249 8.0202114 8.0194979 8.0187844 8.018071 8.0218209 8.0263095 8.0302007 8.0327379 8.0352751 8.0378123 8.0403495 8.0386687 8.0341696 8.0303498 8.02653 8.0227103 8.0188905 8.0216343 8.0262422 8.0314868 8.0367315 8.0419761 8.0437767 8.0336476 8.0318194 8.0308588 8.0298982 8.0289375
-9999 8.0946309 8.1035244 8.112418 8.1207161 8.1265805 8.132445 8.1392848 8.1472503 8.1552158 8.1595876 8.1626426 8.1656977 8.1658336 8.1601238 8.154414 8.1507234 8.1481419 8.1455605 8.1424396 8.1380744 8.1337092 8.129344 8.1165744 8.1034481 8.0919484 8.0848083 8.0776682 8.0637453 8.0458206 8.027896 8.0158501 8.0151366 8.0144231 8.0140118 8.0188727 8.0237336 8.0282223 8.0321782 8.0361342 8.0389362 8.0414734 8.0440106 8.0423297 8.0376166 8.0329291 8.0291093 8.0252895 8.0214697 8.0242136 8.0280918 8.0324404 8.037685 8.0429296 8.0447302 8.0346011 8.024472 8.0209039 8.0199433 8.0189827
-9999 8.0887554 8.097649 8.1050504 8.1109149 8.1167793 8.1226438 8.1294836 8.1374491 8.1454146 8.1533802 8.1592054 8.1622605 8.1623964 8.1566866 8.1509767 8.1452669 8.1407168 8.1381354 8.1350145 8.1306493 8.1242336 8.1111074 8.0979811 8.0848549 8.0733552 8.066215 8.0590749 8.0519348 8.0407459 8.0228212 8.0107753 8.0100618 8.0110636 8.0159246 8.0207855 8.0256464 8.030135 8.034091 8.038047 8.042003 8.0451344 8.0476716 8.0459908 8.0412777 8.0365646 8.0318515 8.0278687 8.024049 8.0267928 8.030671 8.0345492 8.0386385 8.0438831 8.0456837 8.0355546 8.0254255 8.0152964 8.0099884 8.0090278
-9999 8.0828799 8.0893848 8.0952492 8.1011137 8.1069781 8.1128426 8.1196824 8.1276479 8.1356134 8.143579 8.1515445 8.1588232 8.1589592 8.1532493 8.1475395 8.1418297 8.1361199 8.1307103 8.1275894 8.1187666 8.1056403 8.0925141 8.0793878 8.0662616 8.0547619 8.0476218 8.0404817 8.0333415 8.0262014 8.0177464 8.0057005 8.0081155 8.0129764 8.0178373 8.0226982 8.0275592 8.0320478 8.0360038 8.0399598 8.0439157 8.0478717 8.0513327 8.0496519 8.0449388 8.0402257 8.0355126 8.0307995 8.0266282 8.029372 8.0332503 8.0371285 8.0410067 8.0448849 8.0466373 8.0365081 8.026379 8.0162499 8.0061208 7.999073
-9999 8.0741458 8.0800103 8.0858748 8.0917392 8.0976037 8.1034681 8.1126348 8.1207234 8.1286889 8.1366544 8.1446199 8.1525854 8.1513321 8.1434014 8.1376916 8.1319818 8.1262719 8.1205621 8.1126097 8.0994834 8.0863572 8.0732309 8.0601047 8.0469785 8.0424721 8.0358141 8.028674 8.0215339 8.0143937 8.0072536 8.0042127 8.0090736 8.0139345 8.0187954 8.0236563 8.0285173 8.032419 8.0365579 8.0405139 8.0444699 8.0484259 8.0523819 8.054868 8.0501548 8.0454417 8.0407286 8.0360155 8.0313024 8.0298207 8.0336989 8.0375771 8.0414553 8.0453335 8.0481149 8.0401253 8.0299962 8.0198671 8.0097379 7.9996088
-9999 8.0654752 8.0713396 8.0772041 8.0830685 8.0893492 8.096658 8.1058765 8.1172993 8.1265086 8.1344741 8.1424397 8.1504052 8.1491519 8.1294373 8.1172706 8.1115608 8.105851 8.1001412 8.0921887 8.0790625 8.0659363 8.05281 8.0405371 8.0403773 8.0389395 8.0340763 8.0280576 8.0209175 8.0137774 8.0066372 8.0035963 8.0084572 8.0133181 8.018179 8.0223984 8.0236058 8.0271233 8.0339459 8.0388274 8.0427834 8.0467394 8.0506954 8.0540592 8.0569973 8.0532224 8.0485093 8.0437962 8.0390831 8.034088 8.0306336 8.0345118 8.03839 8.0422682 8.0450496 8.0440314 8.0380064 8.0278773 8.0177482 8.007619
-9999 8.0568045 8.0626689 8.0685334 8.0752823 8.082591 8.0898997 8.0991183 8.110541 8.1219638 8.1322939 8.1402594 8.1482249 8.1469716 8.127257 8.1075424 8.0911399 8.0854301 8.0797202 8.0717678 8.0586416 8.0455153 8.0371643 8.0370045 8.0368446 8.0354068 8.0305437 8.0256806 8.0203011 8.013161 8.0060208 8.0029799 8.0078408 8.0127017 8.0158953 8.0171027 8.0183101 8.0218276 8.0286502 8.0354727 8.0410968 8.0450528 8.0490088 8.0523726 8.0553108 8.0582489 8.05629 8.0515769 8.0468637 8.0418686 8.0368248 8.0317809 8.0353247 8.0392029 8.0419842 8.0409661 8.0399479 8.0358875 8.0257584 8.0156293
-9999 8.0481338 8.0539982 8.0612153 8.068524 8.0758328 8.0831415 8.09236 8.1037828 8.1152056 8.1266283 8.1380511 8.1460447 8.1447914 8.1250768 8.1053622 8.0856476 8.065933 8.0592993 8.0513469 8.0382206 8.0337915 8.0336316 8.0334718 8.0333119 8.0318741 8.027011 8.0221479 8.0172848 8.0124217 8.0054045 8.0023635 8.0072244 8.0093923 8.0105996 8.011807 8.0130144 8.016532 8.0233545 8.0301771 8.0369996 8.0433663 8.0473223 8.0506861 8.0536243 8.0565624 8.0595005 8.0593575 8.0546444 8.0496493 8.0446054 8.0395616 8.0345177 8.0361376 8.0389189 8.0379007 8.0368826 8.0358644 8.0337687 8.0236395
-9999 8.0398397 8.0471484 8.0544571 8.0617658 8.0690745 8.0763832 8.0856018 8.0970245 8.1084473 8.1198701 8.1312929 8.1427156 8.1426111 8.1228965 8.1031819 8.0834674 8.0637528 8.0440382 8.0309259 8.0304186 8.0302588 8.0300989 8.0299391 8.0297792 8.0283414 8.0234783 8.0186152 8.0137521 8.008889 8.0040259 8.0016818 8.0028892 8.0040966 8.005304 8.0065114 8.0077188 8.0112363 8.0180588 8.0248814 8.0317039 8.0385265 8.045349 8.0489996 8.0519377 8.0548759 8.057814 8.0607521 8.0624251 8.0574299 8.0523861 8.0473422 8.0422984 8.0372545 8.0358536 8.0348354 8.0338172 8.032799 8.0317809 8.0307627
-9999 8.036133 8.0434417 8.0507504 8.0580591 8.0653678 8.0685854 8.0729732 8.0843959 8.0958187 8.1072415 8.1186642 8.1276057 8.1265536 8.112656 8.0929414 8.0732268 8.0535123 8.0337977 8.0199962 8.0198363 8.0196765 8.0195166 8.0193568 8.022058 8.0264627 8.0148854 8.0100223 8.0051592 8.0002961 7.995433 7.9926434 7.9938507 7.9950581 7.9962655 7.9974729 8.0025542 8.0122598 8.0190824 8.0259049 8.0327275 8.03955 8.0463001 8.0474626 8.048431 8.0513692 8.0543073 8.0572455 8.0601836 8.056316 8.0512721 8.0462282 8.0411844 8.0351702 8.0253423 8.0243241 8.0233059 8.0222877 8.0212695 8.0255251
-9999 8.0334583 8.0407671 8.0480758 8.0553845 8.0556792 8.0539714 8.0583591 8.0697819 8.0812046 8.0926274 8.0990751 8.1028052 8.1017531 8.0911243 8.0799748 8.0602602 8.0405456 8.0208311 8.0070295 8.0068697 8.0067098 8.00655 8.0127832 8.0243009 8.0287055 8.0140457 7.999718 7.9948549 7.9899918 7.9851287 7.982339 7.9835464 7.9847538 7.9859612 7.9939942 8.005715 8.0154206 8.0222431 8.0290657 8.0358882 8.0426024 8.0492864 8.0504488 8.0476419 8.0472469 8.050185 8.0531232 8.0560613 8.0521937 8.0471498 8.0421059 8.0345118 8.0221405 8.0123126 8.0112944 8.0102762 8.009258 8.0157708 8.0252206
-9999 8.0307837 8.0380924 8.0444808 8.042773 8.0410651 8.0393573 8.043745 8.0551678 8.0665906 8.0705445 8.0742747 8.0780048 8.0769526 8.0663238 8.055695 8.0450661 8.027579 8.0078644 7.9940629 7.9939031 7.9937432 8.0035085 8.0150261 8.0265437 8.0309484 8.0162886 8.0016288 7.986969 7.9796875 7.9748244 7.9720347 7.9732421 7.9744495 7.9854342 7.997155 8.0088758 8.0185814 8.0254039 8.0322208 8.0389048 8.0455887 8.0522726 8.0534351 8.0506282 8.0478213 8.0460627 8.0490009 8.051939 8.0480714 8.0430275 8.0338533 8.0214821 8.0091108 7.9992829 7.9982647 7.9972465 8.0060166 8.0154663 8.024916
-9999 8.0281091 8.0315746 8.0298667 8.0281589 8.0264511 8.0247432 8.029131 8.0382839 8.042014 8.0457441 8.0494742 8.0532043 8.0521522 8.0415233 8.0308945 8.0202657 8.0096368 7.9948978 7.9810963 7.9827161 7.9942337 8.0057514 8.017269 8.0287866 8.0331913 8.0185315 8.0038717 7.9892118 7.974552 7.96452 7.9617304 7.9651535 7.9768742 7.988595 8.0003158 8.0120366 8.0217421 8.0285231 8.0352071 8.041891 8.048575 8.0552589 8.0564214 8.0536145 8.0508076 8.0480007 8.0451938 8.0478167 8.0439491 8.0331949 8.0208236 8.0084524 7.9960812 7.9862532 7.9868125 7.9962623 8.005712 8.0151618 8.0246115
-9999 8.0181385 8.0164307 8.0147229 8.0130151 8.0113072 8.0095994 8.0126434 8.0163735 8.0201036 8.0238337 8.0275639 8.031294 8.0312295 8.0206006 8.0099718 7.9993429 7.9887141 7.9780852 7.9741532 7.9856708 7.9971884 8.0087061 8.0202237 8.0317414 8.0367226 8.0220628 8.007403 7.9927432 7.9780833 7.9634235 7.9577744 7.9694952 7.981216 7.9929368 8.0046575 8.0163783 8.0231716 8.0298555 8.0365395 8.0432234 8.0499074 8.0565913 8.0576284 8.0548215 8.0520146 8.0492077 8.0464009 8.043594 8.0333467 8.0209754 8.0086042 7.9962329 7.9838617 7.9758603 7.98531 7.9947598 8.0042095 8.0136593 8.023109
-9999 7.9989991 7.9972912 7.9955834 7.9938756 7.9921678 8.0088046 8.0178758 8.0162606 8.0199908 8.0237209 8.027451 8.0311811 8.0323331 8.0283223 8.0182952 8.0076664 7.9970375 7.9864087 7.9824766 7.9939943 8.0055119 8.0170295 8.0285472 8.0339059 8.0353772 8.0336494 8.0206518 8.0059919 7.9913321 7.9766723 7.9710232 7.982744 7.9944648 8.0061855 8.0179063 8.0282974 8.0295243 8.0187144 8.0253984 8.0320823 8.0387663 8.0454502 8.0460981 8.0426093 8.0398024 8.0369956 8.0341887 8.0313818 8.024794 8.0148668 8.0024956 7.9901243 7.9777531 7.9694362 7.9751632 7.9842219 7.9936717 8.0031214 8.0125712
-9999 7.9798596 7.9781518 7.976444 7.9789191 7.9973273 8.0157355 8.0248067 8.0231018 8.0213969 8.023608 8.0273381 8.0310682 8.0322202 8.0282094 8.0241986 8.0159898 8.005361 7.9947321 7.9908001 8.0023177 8.0138353 8.025353 8.0282794 8.0309443 8.0324156 8.0306878 8.02896 8.0192407 8.0045809 7.9899211 7.984272 7.9959928 8.0077135 8.0193275 8.0294101 8.0394926 8.0407195 8.0292771 8.0178347 8.0209412 8.0276251 8.0343091 8.034957 8.0312657 8.0275903 8.0247834 8.0219765 8.0191696 8.0125819 8.0053406 7.9963869 7.9840157 7.9716445 7.9633276 7.9690546 7.9747816 7.9831338 7.9925836 8.0020333
-9999 7.9607201 7.9590123 7.9674417 7.9858499 8.0042582 8.0226664 8.0317376 8.0300327 8.0283278 8.0266229 8.0272252 8.0309554 8.0321074 8.0280965 8.0240857 8.0200748 8.0136844 8.0030556 7.9991235 8.0106411 8.019988 8.0226529 8.0253178 8.0279826 8.0294539 8.0277262 8.0259984 8.0242706 8.0178297 8.0031698 7.9975208 8.0092415 8.0204402 8.0305228 8.0406053 8.0506879 8.0519147 8.0404724 8.02903 8.0175876 8.016484 8.023168 8.0238159 8.0201246 8.0164333 8.0127419 8.0097643 8.0069574 8.0003697 7.9931285 7.9858873 7.9779071 7.9655358 7.957219 7.9629459 7.9686729 7.9743999 7.9820457 7.9914955
-9999 7.9415807 7.9559644 7.9743726 7.9927808 8.011189 8.0295973 8.0386685 8.0369636 8.0352587 8.0335538 8.0318489 8.0308425 8.0319945 8.0279836 8.0239728 8.019962 8.0159511 8.011379 8.007447 8.0143615 8.0170264 8.0196913 8.0223561 8.025021 8.0264923 8.0247645 8.0230368 8.021309 8.0195812 8.0164186 8.0107695 8.0215529 8.0316355 8.041718 8.0518005 8.0618831 8.06311 8.0516676 8.0402252 8.0287828 8.0173404 8.0120268 8.0126748 8.0089834 8.0052921 8.0016008 7.9979095 7.9947453 7.9881575 7.9809163 7.9736751 7.9664339 7.9591927 7.9511103 7.9568373 7.9625643 7.9682913 7.9740183 7.9809576
-9999 7.9483275 7.9667358 7.985144 8.0035522 8.0219604 8.0403686 8.0379713 8.0362664 8.0345615 8.0328566 8.0311517 8.0294468 8.0283506 8.0261101 8.0220992 8.0180884 8.0140775 8.0100667 8.0080745 8.0107394 8.0134043 8.0160692 8.018734 8.0213989 8.0297381 8.0289374 8.0272096 8.0254819 8.0237541 8.0220263 8.0243325 8.0344151 8.0444976 8.0545802 8.0646627 8.0747452 8.0644008 8.0529584 8.041516 8.0300737 8.0186313 8.0079604 8.0060839 8.0023926 7.9987013 7.99501 7.9913187 7.9876274 7.9809093 7.9736681 7.9664269 7.9591857 7.9519445 7.9507917 7.9565187 7.9622457 7.9679727 7.9736996 7.9790987
-9999 7.9652023 7.9836105 8.0020188 8.020427 8.0313632 8.0278337 8.0251512 8.0234463 8.0217414 8.0200365 8.0175794 8.0122827 8.0106687 8.0164296 8.0174274 8.0134166 8.0094058 8.0053949 8.0034027 8.0060676 8.0087325 8.0113974 8.0153837 8.0293103 8.0400603 8.042296 8.0427209 8.0409932 8.0392654 8.0375376 8.0398438 8.0499264 8.0600089 8.0700915 8.0749959 8.0621939 8.0499512 8.0385088 8.0270664 8.0156241 8.0077621 8.0061057 8.0044132 8.0026948 7.999342 7.9956507 7.9919594 7.9882681 7.98155 7.9743088 7.9670676 7.9598264 7.9588638 7.9596747 7.9654017 7.9711287 7.9768557 7.9811984 7.9825721
-9999 7.9820771 8.0004853 8.0188935 8.0220726 8.0185431 8.0150136 8.0123311 8.0106262 8.0089213 8.0051942 7.9998975 7.9946008 7.9929868 7.9987477 8.0045086 8.0087448 8.004734 8.0007232 7.998731 8.0013958 8.0040607 8.0117793 8.0257059 8.0396326 8.0503826 8.0526183 8.0548539 8.0565044 8.0547767 8.0530489 8.0553551 8.0654377 8.0755202 8.0733483 8.0605463 8.0477443 8.0355016 8.0240592 8.0126169 8.0075637 8.0059074 8.004251 8.0025585 8.0008401 7.9991217 7.9962914 7.9926001 7.9889088 7.9821907 7.9749495 7.9689635 7.9683552 7.9677468 7.9685578 7.9742847 7.9800117 7.9832981 7.9846718 7.9860455
-9999 7.9989519 8.0163115 8.012782 8.0092525 8.005723 8.0021935 7.9995111 7.9978062 7.9928089 7.9875122 7.9822155 7.9769188 7.9753049 7.9810658 7.9868266 7.9925875 7.9983484 7.9960514 7.9940592 7.9967241 8.0081748 8.0221015 8.0360282 8.0499548 8.0607048 8.0629405 8.0651762 8.0674119 8.0696476 8.0685602 8.0708664 8.0809489 8.0717008 8.0588987 8.0460967 8.0332947 8.021052 8.0096097 8.0073654 8.005709 8.0040526 8.0023963 8.0007038 7.9989854 7.997267 7.9955486 7.9932407 7.9895494 7.9828313 7.9784548 7.9778465 7.9772382 7.9766299 7.9774408 7.9831678 7.9853979 7.9867716 7.9881453 7.989519
-9999 8.007021 8.0034915 7.999962 7.9964325 7.992903 7.9893735 7.9857204 7.9804237 7.975127 7.9698303 7.9645336 7.9592369 7.9576229 7.9633838 7.9691447 7.9749056 7.9806665 7.9864274 7.9906438 8.0045704 8.0184971 8.0324237 8.0463504 8.0602771 8.071027 8.0732627 8.0754984 8.0777341 8.0799698 8.0822055 8.0828552 8.0700532 8.0572512 8.0444492 8.0316471 8.0188451 8.0088234 8.007167 8.0055107 8.0038543 8.0021979 8.0005416 7.9988491 7.9971307 7.9954123 7.9936939 7.9919755 7.9901901 7.9879462 7.9873378 7.9867295 7.9861212 7.9855129 7.9861239 7.9874976 7.9888713 7.990245 7.9916187 7.9929924
-9999 8.0041569 8.0006274 7.9970979 7.9935684 7.9900389 7.9849086 7.9791261 7.9738294 7.9685327 7.963236 7.9579393 7.9572662 7.9571855 7.951045 7.9568059 7.9625668 7.9683277 7.9740886 7.9823187 7.9962453 8.010172 8.0240987 8.0380253 8.0470407 8.0513755 8.0621633 8.064399 8.0666347 8.0688704 8.0711061 8.0682054 8.0554033 8.0426013 8.0297993 8.0169972 8.0075499 8.0032157 8.0015593 7.999903 7.9982466 7.9965902 7.9973816 7.9970486 7.9951734 7.993455 7.9917366 7.9900182 7.9882998 7.9875279 7.9869196 7.9863112 7.9857029 7.986009 7.9885182 7.9898919 7.9912656 7.9926393 7.994013 7.9850522
