mean_models/J1_mean__temp2_slide_260.dat.tif
NCOLS 118
NROWS 92
XLLCORNER 139.62
YLLCORNER -39.07
DX 0.099491525
DY 0.099347826
NODATA_VALUE -9999
[rows 54 to 80 of 92, columns 0 to 59 of 118]
-9999 1227.6301 1256.3293 1285.0285 1313.7278 1333.9339 1353.4294 1350.5251 1321.7688 1293.0125 1264.2562 1254.4547 1249.6433 1250.7468 1263.6957 1276.6445 1290.0059 1303.4058 1316.8056 1324.8408 1320.4997 1316.1585 1311.8174 1300.9995 1287.2713 1282.358 1301.0709 1319.7837 1334.6095 1348.9734 1363.3373 1364.4777 1340.1276 1315.7775 1291.4274 1274.0735 1258.5865 1255.6427 1270.6436 1285.6445 1300.6455 1313.6482 1326.4757 1324.0042 1310.5345 1300.7986 1300.4565 1300.1144 1299.7723 1300.3293 1301.0418 1301.7542 1304.3845 1309.0837 1313.158 1315.0679 1316.9778 1318.8877 1344.6746 1374.5949
-9999 1215.5615 1244.2607 1270.687 1290.1825 1309.6779 1329.1734 1326.2692 1297.5128 1271.5288 1266.7173 1261.9058 1257.0943 1258.1979 1271.1467 1284.0956 1297.0444 1310.2694 1323.6692 1331.7045 1327.3633 1323.0222 1309.365 1295.6369 1281.9087 1276.9954 1295.7082 1314.4211 1333.1339 1349.1808 1363.5446 1364.6851 1340.335 1316.6063 1301.1193 1285.6324 1270.1454 1267.2016 1282.2025 1296.8156 1309.6431 1322.4707 1335.2982 1332.8267 1319.357 1305.8872 1293.0357 1292.6936 1292.3515 1292.9085 1293.6209 1297.1109 1301.8101 1306.5093 1310.5836 1312.4935 1316.31 1346.2303 1376.1506 1406.0709
-9999 1203.4929 1226.9356 1246.4311 1265.9265 1285.4219 1304.9174 1302.0132 1283.7913 1278.9799 1274.1684 1269.3569 1264.5454 1265.649 1278.5978 1291.5467 1304.4955 1317.4443 1330.5329 1338.5681 1331.4587 1317.7306 1304.0024 1290.2742 1276.5461 1271.6328 1290.3456 1309.0585 1327.7713 1346.4841 1363.752 1364.8924 1343.6521 1328.1652 1312.6782 1297.1913 1281.7043 1278.7605 1292.8106 1305.6381 1318.4656 1331.2932 1344.1207 1341.6493 1328.1795 1314.7097 1301.24 1287.7702 1284.9306 1285.4876 1289.8373 1294.5365 1299.2357 1303.9349 1308.0092 1317.8657 1347.786 1377.7063 1407.6266 1437.5469
-9999 1189.8336 1209.329 1228.8245 1248.3199 1267.8154 1287.3108 1300.3869 1295.5754 1290.7639 1285.9525 1281.141 1276.3295 1271.5071 1284.4559 1297.4047 1310.3536 1323.3024 1336.2512 1341.1333 1327.4051 1313.677 1299.9488 1286.2206 1272.4924 1265.489 1283.676 1302.3888 1321.1017 1339.8145 1358.5274 1365.5587 1350.0717 1334.5848 1319.0978 1303.6109 1288.1239 1283.4349 1296.2625 1309.09 1321.9176 1334.7451 1347.5727 1352.8817 1339.4119 1325.9422 1312.4724 1299.0027 1285.5329 1283.3072 1288.0064 1292.7056 1297.4048 1302.104 1306.5752 1334.9891 1364.9094 1394.8297 1424.75 1454.6703
-9999 1194.9379 1214.4333 1233.9288 1253.4242 1271.613 1280.6031 1295.4294 1316.9913 1317.3472 1312.5357 1307.7243 1302.9128 1297.471 1290.7669 1297.822 1310.7708 1323.7196 1336.6685 1341.5506 1327.8224 1314.0942 1300.3661 1286.6379 1283.934 1282.1309 1279.6284 1291.2553 1309.9681 1328.6809 1347.3938 1354.4251 1338.9381 1323.4512 1307.9642 1292.4182 1273.4862 1267.8611 1281.2736 1294.1989 1307.0264 1319.854 1332.6815 1346.0117 1358.8753 1345.4055 1331.9358 1318.466 1304.9962 1294.1496 1288.7151 1293.4143 1298.1135 1302.8127 1307.2838 1310.965 1333.0121 1362.9324 1392.8527 1422.773
-9999 1200.0421 1219.5376 1239.033 1253.5071 1262.4973 1271.4874 1286.3137 1307.8756 1329.4375 1339.119 1334.3075 1329.4961 1324.0543 1317.3502 1310.6461 1311.1881 1324.1369 1337.0857 1341.9678 1328.2397 1314.5115 1303.6601 1302.1179 1300.5758 1298.7728 1296.2703 1293.7678 1298.8345 1317.5474 1336.2602 1343.2915 1327.8046 1312.3176 1295.7063 1276.7743 1257.8422 1252.2171 1265.6296 1279.0421 1292.1353 1304.9628 1317.7904 1331.1205 1344.8119 1358.5034 1351.3991 1337.9293 1324.4596 1313.6129 1303.2196 1294.123 1298.8222 1303.5214 1307.9925 1311.6737 1315.3549 1331.0351 1360.9554 1390.8757
-9999 1205.1464 1224.6419 1235.4013 1244.3914 1253.3816 1262.3717 1277.1979 1298.7599 1320.3218 1341.8837 1360.8908 1356.0793 1350.6375 1343.9335 1337.2294 1330.5253 1324.5542 1337.503 1342.3851 1328.6569 1321.844 1320.3019 1318.7598 1317.2177 1315.4146 1312.9122 1310.4097 1307.9072 1306.4138 1325.1266 1332.1579 1316.671 1298.9944 1280.0623 1261.1303 1242.1982 1236.5732 1249.9857 1263.3981 1276.8106 1290.0717 1302.8993 1316.2294 1329.9208 1343.6122 1357.3037 1357.3927 1343.9229 1333.0763 1322.683 1312.2896 1301.8963 1304.2301 1308.7012 1312.3824 1316.0636 1319.7448 1329.0581 1358.9784
-9999 1208.3054 1217.2955 1226.2856 1235.2757 1244.2658 1253.256 1268.0822 1289.6442 1311.2061 1332.768 1354.33 1375.8919 1377.2208 1370.5167 1363.8127 1357.1086 1350.4045 1343.7004 1342.8023 1340.028 1338.4859 1336.9438 1335.4017 1333.8596 1332.0565 1329.554 1327.0516 1324.5491 1322.0466 1319.5442 1321.0243 1302.2825 1283.3504 1264.4184 1245.4863 1226.5543 1220.9292 1234.3417 1247.7542 1261.1667 1274.5791 1287.9916 1301.3382 1315.0297 1328.7211 1342.4125 1356.104 1363.3863 1352.5396 1342.1463 1331.753 1321.3597 1310.9664 1309.4099 1313.0911 1316.7723 1320.4534 1324.1346 1327.8158
-9999 1222.7048 1231.6949 1240.685 1249.6752 1258.6653 1266.7792 1266.3411 1273.3368 1294.8987 1316.4607 1338.0226 1359.5845 1377.8946 1382.1967 1375.4926 1368.7885 1362.0844 1355.3804 1350.2372 1348.6951 1347.153 1345.6108 1344.0687 1337.7612 1319.2861 1318.4648 1315.9624 1313.4599 1310.9575 1308.455 1300.3407 1281.4087 1262.4766 1243.5445 1224.6125 1217.3335 1234.0769 1248.8937 1262.3062 1275.7186 1289.1311 1302.5436 1314.2032 1326.9079 1340.5994 1354.2908 1367.9822 1381.6736 1362.2609 1351.67 1341.2767 1330.8834 1320.4901 1309.803 1303.6062 1307.2874 1310.9686 1314.6498 1318.331
-9999 1247.3298 1256.3199 1265.31 1274.3002 1281.654 1288.4944 1288.0563 1279.2179 1275.4641 1297.026 1318.588 1340.1499 1358.46 1370.258 1380.6918 1373.9877 1367.2836 1360.5796 1355.4364 1353.8943 1352.3522 1350.81 1336.5914 1311.178 1292.7029 1292.8243 1292.8143 1290.3119 1287.8094 1285.3069 1277.1927 1258.2606 1239.3286 1220.3965 1224.2438 1241.2939 1258.0374 1274.342 1289.9889 1303.4014 1316.8139 1330.2263 1341.8859 1352.2854 1364.1183 1377.8097 1391.5012 1405.1926 1385.7798 1360.6458 1346.4781 1336.0848 1325.6915 1315.0044 1303.3 1293.3699 1297.0511 1300.7322 1304.4134
-9999 1271.9548 1280.9449 1289.6883 1296.5287 1303.3692 1310.2096 1309.7716 1300.9331 1292.0947 1283.2563 1299.1533 1320.7153 1339.0253 1350.8234 1362.6214 1374.4194 1372.4829 1365.7788 1360.6356 1359.0935 1357.5514 1335.4216 1310.0082 1284.5947 1266.1196 1266.241 1266.3624 1266.4838 1264.6614 1262.1589 1254.0446 1235.1126 1216.1805 1231.1541 1248.2043 1265.2544 1281.9979 1298.3025 1314.6071 1330.9117 1344.4966 1357.9091 1369.5687 1379.9681 1390.3676 1401.3287 1415.0201 1428.7115 1409.2988 1384.1647 1359.0307 1341.2862 1330.8929 1320.2058 1308.5014 1296.7969 1285.0924 1286.8147 1290.4959
-9999 1296.5798 1304.5631 1311.4035 1318.244 1325.0844 1331.9249 1331.4868 1322.6484 1313.8099 1304.9715 1296.1331 1301.2806 1319.5907 1331.3887 1343.1868 1354.9848 1366.7828 1370.978 1365.8348 1359.6652 1334.2518 1308.8383 1283.4249 1258.0114 1239.5363 1239.6577 1239.7792 1239.9006 1240.022 1239.0109 1230.8966 1221.0143 1238.0645 1255.1146 1272.1648 1289.2149 1305.9583 1322.2629 1338.5675 1354.8722 1371.1768 1385.5918 1397.2514 1407.6509 1418.0503 1428.4498 1438.8493 1452.2305 1432.8177 1407.6837 1382.5496 1357.4156 1336.0943 1325.4072 1313.7028 1301.9983 1290.2938 1278.5894 1276.5784
-9999 1316.4407 1323.2811 1330.1216 1336.962 1343.8025 1350.6429 1344.7693 1335.9308 1327.0924 1318.254 1309.4155 1300.5771 1302.3505 1314.1486 1325.9466 1337.7446 1349.5427 1361.3407 1361.8865 1336.4731 1311.0596 1285.6462 1260.2327 1234.8193 1221.9937 1222.1151 1222.2366 1222.358 1222.4794 1222.6008 1228.5045 1245.5547 1262.6048 1279.655 1296.7051 1313.7553 1328.6963 1345.0009 1361.3055 1377.6101 1393.9147 1410.2193 1415.8772 1426.2767 1436.6761 1447.0756 1457.4751 1467.8746 1447.9767 1422.8427 1397.7086 1372.5746 1347.4405 1326.6783 1314.9739 1303.2694 1291.5649 1279.8605 1268.156
-9999 1320.2512 1327.0917 1333.9321 1340.7726 1346.5477 1329.3993 1316.1085 1307.2701 1298.4317 1289.5932 1280.7548 1303.5472 1318.5417 1311.9023 1319.6215 1331.4195 1343.2175 1355.0156 1355.5614 1330.148 1304.7345 1279.321 1253.9076 1243.3865 1240.0645 1247.6292 1249.661 1249.7824 1249.9038 1250.0252 1255.9289 1272.9791 1290.0292 1307.0794 1324.1295 1333.4508 1345.3536 1361.6582 1377.9628 1394.2674 1408.5365 1400.6784 1397.9311 1399.8545 1410.254 1420.6535 1431.053 1441.4525 1421.5546 1396.4206 1371.2865 1346.1525 1325.4403 1308.4005 1296.6961 1284.9916 1273.2871 1261.5908 1250.0622
-9999 1324.0618 1330.9022 1337.7427 1335.0354 1317.8869 1300.7385 1287.4478 1278.6094 1269.7709 1270.1745 1295.9722 1321.7698 1336.7643 1330.1249 1323.4855 1325.0943 1336.8924 1348.6904 1349.2363 1323.8228 1298.4094 1275.8339 1268.45 1261.066 1257.744 1265.3087 1272.8734 1277.2068 1277.3282 1277.4496 1283.3533 1300.4035 1317.4536 1332.4559 1341.282 1350.1081 1362.0109 1378.3156 1394.6202 1401.9539 1394.0958 1386.2376 1383.4904 1384.4172 1385.3441 1394.2314 1404.6309 1415.0304 1395.1325 1369.9985 1344.8644 1325.7426 1307.1625 1290.1227 1278.4183 1266.7138 1255.0601 1243.5315 1232.003
-9999 1327.8723 1334.7127 1323.523 1306.3746 1289.2262 1272.0778 1258.7871 1249.9486 1262.5994 1288.3971 1314.1948 1339.9924 1354.9869 1348.3475 1341.7081 1335.0687 1330.5672 1342.3653 1342.9111 1317.4977 1300.8973 1293.5134 1286.1295 1278.7455 1275.4235 1282.9882 1290.5529 1298.1176 1304.7526 1304.874 1310.7778 1327.8279 1340.2872 1349.1133 1357.9393 1366.7654 1378.6683 1394.9729 1395.3712 1387.5131 1379.655 1371.7969 1369.0496 1369.9765 1370.9033 1371.8301 1378.2088 1388.6083 1368.7104 1344.6249 1326.0448 1307.4648 1288.8847 1271.845 1260.1405 1248.5295 1237.0009 1225.4723 1213.9437
-9999 1329.1592 1312.0107 1294.8623 1277.7139 1260.5655 1243.417 1230.1263 1255.0244 1280.822 1306.6197 1332.4174 1358.215 1373.2095 1366.5701 1359.9307 1353.2913 1346.6519 1340.0125 1336.586 1325.9607 1318.5768 1311.1929 1303.809 1296.425 1293.103 1300.6677 1308.2324 1315.7971 1323.3619 1330.9266 1338.2022 1348.1184 1356.9445 1365.7706 1374.5967 1383.4227 1395.3256 1388.7886 1380.9305 1373.0724 1365.2142 1357.3561 1354.6089 1355.5357 1356.4625 1357.3894 1358.3162 1362.1862 1344.9271 1326.3471 1307.767 1289.187 1270.6069 1253.5672 1241.9988 1230.4702 1218.9417 1207.4131 1195.8845
-9999 1319.9982 1302.8498 1285.7014 1268.553 1251.4045 1241.0967 1236.0238 1245.208 1271.0056 1296.8033 1322.601 1348.3986 1366.0131 1363.5861 1356.9467 1350.3073 1343.6679 1337.0285 1330.164 1322.7801 1315.3961 1308.0122 1300.6283 1297.164 1309.5682 1307.2214 1314.7862 1322.3509 1329.9156 1337.4804 1345.4759 1354.302 1363.1281 1371.9542 1380.7802 1386.0526 1385.33 1382.8777 1375.0196 1367.1615 1359.3034 1351.4453 1352.9172 1355.6089 1356.5358 1357.4626 1358.3895 1359.3163 1346.7533 1328.1733 1309.5933 1291.0132 1272.4332 1258.6467 1255.534 1244.0054 1232.4768 1220.9482 1209.4196
-9999 1321.9084 1304.76 1287.6116 1270.4632 1267.7269 1270.2778 1265.2049 1251.3332 1245.27 1271.0677 1296.8654 1322.663 1340.2775 1341.5045 1341.9226 1335.2832 1328.6438 1322.0044 1315.1399 1307.756 1300.372 1292.9881 1299.6302 1320.1901 1332.5943 1323.1392 1315.0233 1322.588 1330.1527 1337.7174 1345.713 1354.5391 1363.3652 1372.1912 1372.9262 1368.3664 1367.6438 1372.4108 1373.9516 1366.0935 1358.2354 1350.3773 1351.8492 1360.0285 1364.8494 1365.7762 1366.7031 1367.6299 1355.2297 1340.5263 1322.8336 1304.2536 1285.6735 1271.887 1274.7048 1275.4783 1263.9498 1252.4212 1240.8926
-9999 1323.8186 1306.6702 1291.8063 1294.3572 1296.9081 1299.459 1294.3861 1280.5144 1266.6426 1252.7709 1271.1298 1296.9274 1314.5419 1315.7689 1316.996 1318.2231 1313.6197 1306.9803 1300.1158 1292.7319 1285.3479 1302.0964 1322.6563 1343.2162 1355.6204 1346.1654 1336.7103 1327.2552 1330.3898 1337.9545 1345.9501 1354.7762 1363.6022 1359.7997 1355.24 1350.6802 1349.9577 1354.7247 1359.4917 1364.2587 1357.1674 1349.3093 1350.7813 1358.9605 1367.1398 1374.0898 1375.0167 1375.9435 1363.5434 1348.8399 1334.1365 1317.4939 1298.9139 1285.1274 1287.9451 1290.7629 1293.5806 1283.8941 1272.3655
-9999 1325.7288 1318.4366 1320.9875 1323.5384 1326.0893 1328.6402 1323.5673 1309.6955 1295.8238 1281.9521 1268.0804 1271.1918 1288.8063 1290.0333 1291.2604 1292.4875 1293.7145 1291.9562 1285.0917 1284.0026 1304.5625 1325.1225 1345.6824 1366.2423 1378.6466 1369.1915 1359.7364 1350.2813 1340.8263 1338.1916 1346.1872 1351.2331 1346.6733 1342.1136 1337.5538 1332.9941 1332.2715 1337.0385 1341.8055 1346.5725 1351.3395 1348.2413 1349.7133 1357.8925 1366.0718 1374.251 1382.4303 1384.2571 1371.857 1357.1535 1342.4501 1327.7467 1312.1542 1298.3677 1301.1855 1304.0032 1306.821 1309.6387 1303.8385
-9999 1340.0776 1342.6285 1345.1794 1347.7303 1350.2812 1352.8321 1347.2468 1333.3751 1319.5033 1305.6316 1291.7599 1277.8882 1267.387 1268.6141 1269.8412 1271.0682 1272.2953 1273.5223 1280.5954 1301.1553 1321.7152 1342.2751 1362.8351 1383.395 1388.4159 1378.8693 1369.4142 1359.9592 1350.5041 1341.049 1333.266 1328.7063 1324.1466 1319.5868 1315.0271 1310.4673 1319.4495 1324.2165 1328.9835 1333.7505 1338.5176 1343.2846 1349.1841 1357.3634 1365.5426 1373.7219 1381.9011 1390.0804 1381.3459 1366.6425 1351.9391 1337.2356 1322.5322 1309.8276 1312.2879 1315.1057 1317.9234 1320.7412 1323.5589
-9999 1345.3837 1347.9346 1350.4855 1353.0364 1353.4898 1340.8283 1333.8447 1333.4141 1322.3573 1308.4856 1294.6139 1280.7422 1269.9584 1265.3586 1264.7609 1265.9879 1267.215 1268.4421 1275.5151 1296.075 1316.6349 1337.1949 1357.7548 1364.4132 1362.7141 1341.9457 1328.5642 1319.1091 1309.6541 1300.199 1292.416 1287.8563 1283.2965 1278.7368 1274.5795 1283.35 1299.41 1325.8987 1334.5741 1339.3411 1344.1081 1348.8751 1353.7924 1358.8739 1367.0532 1375.2324 1383.4117 1391.5909 1388.5971 1380.5805 1365.8771 1351.1737 1336.4703 1323.7656 1317.9844 1318.1155 1320.9332 1323.7509 1326.5687
-9999 1350.6898 1353.2407 1355.7916 1350.3979 1337.7364 1325.0749 1318.0913 1317.6607 1317.2301 1311.3396 1297.4679 1283.5961 1272.8124 1268.2126 1263.6128 1260.9077 1262.1347 1263.3618 1270.4348 1290.9947 1311.5547 1327.8802 1333.2958 1338.7115 1337.0124 1316.244 1295.4755 1278.2591 1268.8041 1259.349 1251.566 1247.0063 1242.4465 1242.8078 1251.5782 1260.3487 1276.4087 1302.8974 1329.3862 1344.9317 1349.6987 1354.4657 1359.3829 1364.4081 1369.4333 1376.7429 1384.9222 1393.1014 1390.1076 1385.1828 1379.8152 1365.1117 1350.4083 1337.7037 1331.9225 1326.1413 1323.943 1326.7607 1329.5785
-9999 1355.9959 1358.5468 1347.3061 1334.6445 1321.983 1309.3215 1302.3379 1301.9073 1301.4767 1301.0461 1300.3219 1286.4501 1275.6664 1271.0666 1266.4668 1261.8669 1257.2671 1258.2815 1265.3545 1285.9144 1296.7628 1302.1784 1307.5941 1313.0098 1311.3107 1290.5422 1269.7738 1249.0054 1228.2369 1218.499 1210.716 1206.1562 1211.0361 1219.8065 1228.577 1237.3474 1253.4074 1279.8962 1306.3849 1332.8737 1355.2893 1360.0563 1364.9735 1369.9987 1375.0239 1380.0491 1386.4327 1394.612 1391.6182 1386.6933 1381.7685 1376.8437 1364.3464 1351.6417 1345.8605 1340.0794 1334.2982 1329.7705 1332.5883
-9999 1356.8757 1344.2142 1331.5527 1318.8911 1306.2296 1293.5681 1286.5845 1286.1539 1285.7233 1285.2927 1284.8621 1284.4315 1278.5204 1273.9206 1269.3208 1264.7209 1260.1211 1255.5213 1260.2297 1265.6454 1271.0611 1276.4767 1281.8924 1287.308 1285.6089 1264.8405 1244.0721 1223.3036 1202.5352 1181.7667 1170.494 1179.2644 1188.0348 1196.8053 1205.5757 1214.3461 1230.4061 1256.8949 1283.3836 1309.8724 1336.3612 1362.8499 1370.5641 1375.5893 1380.6145 1385.6397 1390.6649 1396.1225 1393.1287 1388.2039 1383.279 1378.3542 1373.4294 1365.5797 1359.7986 1354.0174 1348.2362 1342.4551 1336.6739
-9999 1358.3785 1345.717 1333.0555 1320.394 1307.7325 1289.943 1276.8785 1274.716 1274.2855 1273.8549 1273.4243 1272.9937 1273.1207 1272.9261 1268.3263 1263.7265 1259.1266 1254.5268 1252.9555 1258.3712 1263.7868 1269.2025 1274.6181 1276.8575 1270.8904 1256.5227 1235.7543 1214.9858 1194.2174 1173.449 1162.7701 1171.5405 1180.3109 1189.0813 1197.8518 1210.6768 1229.3712 1252.2313 1278.7201 1305.2088 1331.6976 1358.1864 1370.4498 1374.1278 1379.153 1384.1782 1389.2034 1394.2286 1371.6983 1363.1539 1358.2291 1353.3042 1348.3794 1348.787 1362.4979 1356.7167 1350.9355 1345.1544 1339.3732
