mean_models/J1_mean__temp2_slide_40.dat.tif
NCOLS 118
NROWS 92
XLLCORNER 139.62
YLLCORNER -39.07
DX 0.099491525
DY 0.099347826
NODATA_VALUE -9999
[rows 0 to 26 of 92, columns 0 to 59 of 118]
-9999 -9999 -9999 -9999 -9999 -9999 -9999 -9999 -9999 -9999 -9999 -9999 -9999 -9999 -9999 -9999 -9999 -9999 -9999 -9999 -9999 -9999 -9999 -9999 -9999 -9999 -9999 -9999 -9999 -9999 -9999 -9999 -9999 -9999 -9999 -9999 -9999 -9999 -9999 -9999 -9999 -9999 -9999 -9999 -9999 -9999 -9999 -9999 -9999 -9999 -9999 -9999 -9999 -9999 -9999 -9999 -9999 -9999 -9999 -9999
-9999 483.51788 484.96834 486.41879 487.86925 489.31971 491.39107 491.03627 486.76807 482.67325 478.57844 474.48363 470.38882 466.15305 462.69893 460.46468 458.23044 455.99619 453.76194 450.94274 446.77405 442.60535 438.43666 434.26797 431.01258 433.76959 438.96242 446.23036 453.4983 460.76624 468.03418 471.26257 466.704 462.14544 457.58687 453.0283 447.62553 439.797 435.27041 433.28178 431.29315 429.30452 427.31589 428.59432 432.11291 435.59686 439.08081 442.56476 446.0487 449.77081 450.08456 450.39831 450.71207 451.02582 450.64124 448.83127 448.42389 448.01651 447.60913 447.20175
-9999 491.08074 492.53119 493.98165 495.4321 497.98638 501.23209 500.8773 496.36707 491.98711 487.8923 483.79749 479.70268 475.4669 470.94883 466.92788 464.69363 462.45939 460.22514 457.40594 453.23725 449.06855 444.89986 443.27641 445.68294 448.43995 452.13631 456.517 463.78494 471.05288 478.32082 481.54921 476.99064 472.43207 467.87351 461.74398 453.98938 446.16085 438.22657 432.47168 430.48305 428.49442 426.50579 427.78422 431.41129 434.95648 438.44043 441.92438 445.40833 449.28767 453.23535 453.99139 454.30515 454.6189 454.23432 451.43079 449.22551 448.81812 448.41074 448.00336
-9999 498.64359 500.09404 501.5445 504.5817 507.8274 511.07311 510.71832 506.20809 501.69786 497.20616 493.11135 489.01654 484.78076 480.26269 475.74461 471.22653 468.92258 466.68833 463.86914 459.70044 455.53175 455.54024 457.94677 460.35331 463.11031 466.80668 470.50304 474.1994 481.33952 488.60746 491.83585 487.27728 482.71871 475.86244 468.10783 460.35322 452.5247 444.59042 436.65614 429.67295 427.68432 425.69569 426.97412 430.6012 434.22827 437.80005 441.284 444.76795 448.64729 452.59497 456.54265 457.89823 458.21198 457.8274 455.02387 452.22034 449.61974 449.21235 448.80497
-9999 506.20644 507.93131 511.17701 514.42272 517.66843 520.91413 520.55934 516.04912 511.53889 507.02866 502.51843 498.3304 494.09462 489.57655 485.05847 480.54039 476.02232 473.15153 470.33234 466.16364 467.80407 470.2106 472.61713 475.02367 477.78068 481.47704 485.1734 488.86976 492.56613 498.89409 502.12249 497.56392 489.98089 482.22628 474.47168 466.71707 458.88855 450.95427 443.01999 435.08572 427.15144 424.88559 426.16402 429.7911 433.41817 437.04525 440.64362 444.12757 448.00691 451.95459 455.90228 459.84996 461.80506 461.42048 458.61695 455.81342 453.00989 450.20636 449.60658
-9999 514.52662 517.77233 521.01804 524.26374 527.50945 530.75516 530.40037 525.89014 521.37991 516.86968 512.35945 507.84923 503.40848 498.8904 494.37233 489.85425 485.33618 480.8181 477.66136 480.06789 482.47443 484.88096 487.2875 489.69403 492.45104 496.1474 499.84376 503.54013 507.23649 510.93285 511.85395 504.09935 496.34474 488.59013 480.83553 473.08092 465.2524 457.31812 449.38384 441.44957 433.51529 425.58101 425.35392 428.981 432.60808 436.23515 439.86223 443.48719 447.36653 451.31421 455.2619 459.20958 463.15726 465.01356 462.21003 459.4065 456.60297 453.79944 450.99591
-9999 517.66563 520.91133 524.15704 527.40275 530.64846 533.60064 532.97609 528.46586 523.95563 519.4454 514.93517 510.76097 507.59686 505.04343 500.52535 496.00728 491.4892 486.97112 484.54695 486.95348 489.36001 491.76655 494.17308 496.92888 498.50975 496.66004 500.35641 504.05277 507.74913 511.44549 511.23058 503.47598 495.72137 487.96676 480.21216 473.77563 467.51917 459.58489 451.65061 443.71634 435.78206 427.80582 421.64136 421.3404 424.96748 428.59456 432.22163 435.84871 439.74915 443.69683 447.64451 451.59219 454.89098 455.32076 452.51723 449.7137 446.91017 444.10664 446.8797
-9999 519.74284 522.98855 526.23426 529.47996 532.28311 535.02533 534.40078 529.89055 525.38032 520.87009 516.91604 513.14955 509.98543 508.02761 506.06978 501.65953 497.14146 492.62338 490.1992 492.60574 495.01227 497.41881 500.43247 503.77754 505.35841 502.21076 499.06312 502.32243 506.01879 509.71515 509.50024 501.74563 493.99103 486.23642 480.47698 475.3933 469.13685 461.20257 453.26829 445.33402 437.34267 429.34338 423.17893 418.33352 416.24474 419.87182 423.4989 427.12597 431.02641 434.97409 438.92177 441.73011 443.09332 443.5231 440.71957 437.91604 435.11251 439.58571 445.74122
-9999 521.82006 525.06576 528.22337 530.96559 533.7078 536.45002 535.82547 531.31524 526.83759 523.0711 519.30461 515.53812 512.37401 510.41618 508.45835 506.50053 502.79371 498.27564 495.85146 498.25799 500.66453 503.93606 507.28113 510.6262 512.20706 509.05942 505.91178 502.76414 504.28845 507.98481 507.7699 500.01529 492.26202 487.17834 482.09466 477.01098 470.75453 462.82025 454.87882 446.87953 438.88024 430.88095 424.7165 419.87108 415.02567 411.14908 414.77616 418.40323 422.30367 426.25135 428.56924 429.93245 431.29566 431.72544 428.92191 426.13622 432.29172 438.44723 444.60273
-9999 523.89727 526.90585 529.64806 532.39028 535.13249 537.87471 537.25016 532.99265 529.22616 525.45967 521.69319 517.9267 514.76258 512.80476 510.84693 508.8891 506.93127 503.9279 501.50372 504.09457 507.43964 510.78471 514.12978 517.47486 519.05572 515.90808 512.76044 509.6128 506.46515 506.25447 506.03955 498.96338 493.8797 488.79602 483.71234 478.62866 472.37221 464.41567 456.41638 448.41709 440.4178 432.41851 426.25406 421.40865 416.56324 411.71783 406.87241 409.68049 413.58093 415.40837 416.77158 418.13479 419.498 419.92778 418.84223 424.99773 431.15324 437.30875 443.46425
-9999 524.96421 527.70643 530.44864 533.19086 535.93307 538.67529 538.07361 534.30712 530.54063 526.77414 523.00766 519.24117 516.54779 514.58996 512.63214 510.67431 508.71648 506.75865 506.40434 509.74941 513.09449 516.43956 519.78463 523.1297 524.87661 521.72897 518.58133 515.43368 512.28604 509.1384 505.32947 500.24579 495.16211 490.07843 484.99475 479.91107 473.57507 465.57578 457.57649 449.5772 441.57791 433.57862 427.08117 422.23576 417.39035 412.54493 407.69952 402.85411 403.30242 404.66563 406.02885 407.39206 408.75527 411.77404 417.92954 424.08505 430.24055 436.39606 442.55156
-9999 521.67456 524.41677 527.15899 529.9012 532.64342 533.65615 532.34869 528.5822 524.81571 521.04923 517.28274 514.10567 512.14166 512.25442 510.46304 508.50521 506.54739 504.58956 504.23525 507.58032 510.92539 514.27046 517.61553 520.98333 522.85685 520.69738 517.6665 514.51886 511.37122 508.22357 504.41464 499.33096 494.24728 489.1636 484.07993 478.73587 472.2614 464.26211 456.26282 448.26353 440.26424 431.19596 423.99332 418.40673 413.56132 408.7159 403.87049 399.02508 399.47339 400.8366 402.19982 403.56303 406.97615 412.34115 418.49665 424.65216 430.80766 436.96317 445.90802
-9999 518.3849 521.12712 523.86933 526.28489 527.10806 527.93123 526.62377 522.85728 519.0908 515.35419 512.35313 509.35208 507.38808 507.50083 507.61359 506.33612 504.37829 502.42047 502.06616 505.41123 508.7563 512.10137 515.47739 518.85563 520.72915 518.56968 516.41021 513.60403 510.45639 507.30875 503.49982 498.41614 493.33246 488.23946 482.83083 477.4222 470.94773 462.94844 454.94915 446.77546 437.64865 428.52185 421.31921 415.49983 409.73228 404.88687 400.04146 395.19605 395.64436 397.00757 398.37078 402.40648 407.54326 412.90826 419.06376 425.21927 431.6175 440.82278 450.02805
-9999 515.09525 517.83746 519.73681 520.55998 521.38315 522.20632 520.89885 517.13236 513.60166 510.6006 507.59955 504.59849 502.63449 502.74725 502.86 502.97276 502.2092 500.25137 499.89706 503.24213 506.59322 509.97146 513.34969 516.72793 518.60145 516.44198 514.28251 512.12304 509.54156 506.39392 502.58499 497.50131 492.33442 486.92579 481.51716 476.10853 469.63407 461.63478 453.22815 444.10134 434.97454 425.84774 418.6451 412.82572 407.00634 401.18695 396.21243 391.36702 391.81533 393.17854 397.8368 402.97359 408.11037 413.47537 419.63087 426.53226 435.73754 444.94282 454.14809
-9999 511.80559 513.18872 514.01189 514.83506 515.65823 516.4814 515.17393 511.84913 508.84807 505.84702 502.84596 499.84491 497.8809 497.99366 498.10642 498.21917 498.33193 498.08228 497.72797 501.08729 504.46552 507.84376 511.22199 514.60023 516.47375 514.31428 512.15481 509.99534 507.83587 505.47909 501.67016 496.42938 491.02075 485.61212 480.20349 474.79486 468.3204 459.68084 450.55404 441.42723 432.30043 423.17363 415.97099 410.1516 404.33222 398.51284 392.69346 387.53799 388.13035 393.26713 398.40391 403.5407 408.67748 414.04248 421.44703 430.6523 439.85758 449.06285 458.26813
-9999 506.48359 507.30676 508.12993 508.9531 509.77627 510.59944 509.57137 506.57032 503.56926 500.5682 497.56715 494.56609 492.69343 492.82004 492.9328 493.04555 493.15831 493.27107 494.37126 497.74949 501.12773 504.50596 507.88419 511.26243 514.73947 513.24479 511.08532 508.92584 506.76637 504.6069 501.33762 495.92899 490.52036 485.11173 479.70311 474.29448 469.61942 460.49262 451.36581 442.23901 433.1122 423.9854 416.84254 411.02316 405.20378 399.3844 393.56502 387.74564 392.33721 397.47399 402.61077 407.74756 412.88434 417.13254 425.26152 434.46679 443.67207 452.87734 462.08262
-9999 500.23672 501.05989 501.88306 502.70623 503.31585 502.71678 501.57248 499.79892 497.07001 494.06895 491.0679 488.06684 486.19418 486.58121 486.78317 486.89592 487.00868 487.12144 488.22163 491.59986 494.97809 498.35633 501.73456 504.84647 508.22479 512.37089 512.47471 510.31523 508.15576 505.99629 502.72701 497.31838 491.90975 486.50112 480.93757 471.84623 466.79302 467.51691 460.27752 451.15072 442.02392 432.89711 425.78993 420.13357 414.31419 408.49481 402.67543 396.85604 402.92522 410.1383 415.27508 420.41187 425.54865 429.79685 430.96712 437.57131 446.77658 455.98186 465.18713
-9999 493.98986 494.81303 495.6362 495.82483 495.22576 494.62669 493.4824 491.70884 489.93528 487.5697 484.56865 481.56759 479.69493 480.08196 480.46898 480.74629 480.85905 480.97181 482.07199 485.45023 488.82846 492.14806 495.23993 498.33179 501.71011 505.85621 510.00231 511.70462 509.54515 507.38568 504.1164 498.70777 493.29914 486.802 477.71067 468.61933 463.56612 464.29 465.01389 460.06243 450.93563 441.80882 434.70164 429.04633 423.39102 417.60521 411.78583 405.96645 412.03562 420.15946 427.9394 433.07618 438.21296 442.46116 443.63143 444.8017 449.8811 459.08637 468.29165
-9999 487.743 488.56617 488.33382 487.73475 487.13568 486.53661 485.39231 483.61875 481.8452 480.07164 478.0694 475.06834 473.19568 473.58271 473.96973 474.35675 474.70942 474.82218 475.92236 479.3006 482.54151 485.63338 488.72524 491.81711 495.19543 499.34153 503.48763 507.63373 510.93454 508.77507 505.50579 500.09716 492.66643 483.5751 474.48376 465.39243 460.33922 461.0631 461.78699 462.51088 459.84734 450.72054 443.61335 437.95804 432.30273 426.64743 420.89624 415.07686 421.14603 429.26987 437.39371 445.51755 450.87727 455.12548 456.29575 457.46601 458.63628 462.19089 471.39616
-9999 481.44187 480.8428 480.24373 479.64466 479.04559 478.44653 477.30223 475.52867 473.75511 471.98155 470.20799 468.43444 466.69643 467.08345 467.47048 467.8575 468.24452 468.63154 469.77273 472.93497 476.02683 479.1187 482.21056 485.30243 488.68075 492.82685 496.97295 501.11905 505.26514 509.41124 506.89518 498.53086 489.43953 480.3482 471.25686 462.16553 457.11231 457.8362 458.56009 459.28397 460.00786 459.63225 452.52506 446.86975 441.21445 435.55914 429.90383 424.18727 430.25644 438.38028 446.50412 454.62795 462.75179 467.78979 468.96006 470.13033 471.30059 472.47086 474.50068
-9999 476.93517 476.3361 475.73703 475.13796 474.53889 473.34238 470.62104 468.84748 467.07392 465.30036 463.5268 461.80962 461.33376 461.78513 462.17215 462.55918 462.9462 463.33322 464.53815 467.63001 470.72188 473.81374 476.90561 479.99747 483.60114 485.6455 489.79159 493.93769 498.08379 502.22989 501.85451 492.76318 483.67185 474.58051 465.48918 457.08676 455.25322 455.9771 456.70099 457.42488 458.14876 458.6078 457.96562 452.82054 447.16523 441.50992 435.85461 430.19931 436.29266 444.41649 452.54033 460.66417 468.78801 475.31724 476.48751 477.65777 478.82804 479.99831 482.78979
-9999 475.13148 474.53241 473.93334 473.33427 471.26649 467.72394 465.0026 463.22904 461.45548 459.68193 458.19715 457.20876 456.7329 457.28342 457.77971 458.16673 458.55376 458.94078 460.1457 463.23757 466.32943 469.4213 473.0826 478.25947 481.86657 481.26624 482.10736 486.25346 490.39955 494.54565 494.17028 485.07894 475.98761 466.89628 459.88058 456.25943 454.42588 455.14977 455.87366 456.59754 456.84012 456.63205 455.98987 455.03562 450.88253 445.22722 439.57191 433.9166 440.00996 448.13379 456.25763 464.37647 472.44594 478.96985 480.14012 481.31039 482.48066 486.39664 493.49252
-9999 473.32779 472.72872 472.12965 469.19061 465.64806 462.10551 459.38416 457.61061 455.83705 454.58468 453.59629 452.60789 452.13204 452.68256 453.23308 453.77429 454.16131 454.54834 455.75326 458.84513 461.93699 466.17115 471.34803 476.5249 480.132 479.53167 478.93135 478.56922 482.71532 486.86142 486.48604 477.39471 468.30337 462.6744 459.05325 455.43209 453.59855 454.32243 455.04632 455.07244 454.86437 454.65629 454.01412 453.05987 452.10563 448.94452 443.28921 437.6339 443.72726 451.85109 459.95961 468.02909 476.09856 482.62247 483.79274 484.96301 490.00348 497.09936 504.19524
-9999 471.5241 470.65727 467.11472 463.57217 460.02962 456.48707 453.76573 451.99217 450.97221 449.98382 448.99542 448.00703 447.53117 448.08169 448.63221 449.18273 449.73325 450.15589 451.36082 454.45268 459.25971 464.43658 469.61346 474.79033 478.39742 477.7971 477.19678 476.59646 475.99614 479.17718 478.8018 469.71047 465.46822 461.84707 458.22591 454.60476 452.77121 453.4951 453.30476 453.09669 452.88861 452.68054 452.03836 451.08412 450.12987 449.17563 447.00651 441.3512 447.44456 455.54276 463.61223 471.68171 479.75118 486.27509 487.44536 493.61032 500.7062 507.80208 514.89796
-9999 468.58139 465.03884 461.49628 457.95373 454.41118 450.86863 448.34813 447.35974 446.37135 445.38295 444.39456 443.40617 442.93031 443.48083 444.03135 444.58187 445.13239 445.68291 447.17138 452.34826 457.52513 462.70201 467.87889 473.05576 476.66285 476.06253 475.46221 474.86189 474.26157 473.66125 471.88319 468.26204 464.64089 461.01973 457.39858 453.77742 451.74516 451.53708 451.32901 451.12094 450.91286 450.70479 450.06261 449.10836 448.15412 447.19987 446.24563 445.0685 451.1259 459.19538 467.26485 475.33432 483.4038 490.12129 497.21716 504.31304 511.40892 518.5048 525.60068
-9999 466.55192 463.00937 459.46682 455.92427 452.38172 447.8582 443.15516 440.29539 439.307 438.31861 437.33022 436.34183 436.11891 437.2289 437.77942 438.32994 438.88046 439.43098 441.38044 446.55732 451.73419 456.91107 462.08794 466.43557 471.21838 479.07222 478.4719 477.87158 477.27126 476.67093 475.0388 471.41764 467.79649 464.17533 460.55418 457.53259 455.38469 454.12839 453.92031 453.71224 453.50416 453.29609 455.01791 455.82912 454.87487 453.92063 452.96638 452.01214 451.36557 458.1722 466.24168 474.31115 482.38062 489.41079 493.66795 500.76382 507.8597 514.95558 522.05146
-9999 465.2103 461.66775 458.1252 454.58265 449.53291 444.21256 439.50952 435.51893 431.77052 430.78213 429.79374 428.80534 428.58242 429.89239 431.20237 431.76157 432.31209 432.86261 434.81207 439.98894 445.16582 450.3427 454.02307 456.77135 461.55416 471.78998 482.0258 481.79053 481.19021 480.58989 478.95775 475.3366 471.71544 468.09429 465.40075 463.07366 460.92576 459.03422 457.38692 457.17884 456.97077 456.76269 458.48451 461.59371 463.26237 462.30812 461.35388 460.39963 459.75306 459.15966 464.32236 472.39184 480.46131 487.49148 490.92163 494.48314 501.57902 508.67489 515.77077
