mean_models/J1_mean_tot_conduct_slide_123.44.dat.tif
NCOLS 118
NROWS 92
XLLCORNER 139.62
YLLCORNER -39.07
DX 0.099491525
DY 0.099347826
NODATA_VALUE -9999
[rows 25 to 49 of 92, columns 58 to 115 of 118]
-2.3107712 -2.2465754 -2.2023877 -2.1845942 -2.19372 -2.2311272 -2.2674192 -2.3420352 -2.3994242 -2.4944953 -2.5423431 -2.60553 -2.6339193 -2.655247 -2.6468446 -2.603662 -2.543195 -2.4516507 -2.3519756 -2.2351463 -2.109134 -1.9803706 -1.8621578 -1.7742888 -1.7296568 -1.6802964 -1.7210356 -1.7385905 -1.8130956 -1.9301597 -2.0591848 -2.1629709 -2.2604572 -2.3553113 -2.4577978 -2.5195875 -2.6259534 -2.7751421 -2.8439158 -2.8757777 -2.8791576 -2.8813523 -2.7502082 -2.663947 -2.6606257 -2.6547733 -2.6489209 -2.5868907 -2.5349403 -2.5264071 -2.5243682 -2.5154574 -2.5421479 -2.546503 -2.5408424 -2.5408424 -2.5408424 -9999
-2.4527318 -2.3808769 -2.3239221 -2.2872673 -2.2744021 -2.2901113 -2.3087634 -2.3419273 -2.38435 -2.4300879 -2.465775 -2.4945425 -2.5104022 -2.5039535 -2.4818443 -2.426907 -2.355052 -2.2605275 -2.1626117 -2.0523514 -1.9429729 -1.8241628 -1.7333358 -1.6631065 -1.6416872 -1.6251053 -1.6728956 -1.7314528 -1.8367967 -1.9493173 -2.0875 -2.2194601 -2.3130991 -2.3994385 -2.4918228 -2.5463272 -2.6311627 -2.7716213 -2.7979892 -2.8213989 -2.8191087 -2.8108086 -2.6887829 -2.6074519 -2.6015995 -2.5972615 -2.5914091 -2.5688645 -2.5269783 -2.5211258 -2.5342319 -2.5342319 -2.5468892 -2.5675725 -2.5675725 -2.5675725 -2.5675725 -9999
-2.6036215 -2.5207119 -2.456596 -2.3998615 -2.3703879 -2.34972 -2.3489501 -2.3551737 -2.3669627 -2.3903488 -2.3851124 -2.3951947 -2.3841401 -2.367849 -2.3236306 -2.2659857 -2.1894723 -2.0976194 -2.0036552 -1.9096909 -1.8105091 -1.7275995 -1.6527196 -1.6233673 -1.6200769 -1.6383516 -1.6894627 -1.7513223 -1.8610403 -1.9739773 -2.0900507 -2.2397507 -2.3925774 -2.4633019 -2.5381851 -2.5791522 -2.6572634 -2.6631159 -2.6617998 -2.6624424 -2.6497098 -2.6319825 -2.5441959 -2.4749882 -2.4691357 -2.4672464 -2.4655685 -2.5557177 -2.5681955 -2.5974578 -2.6229064 -2.6402029 -2.6050228 -2.6007852 -2.6066377 -2.6051621 -2.6006884 -9999
-2.7178678 -2.6349582 -2.5577645 -2.4961275 -2.4421177 -2.4115718 -2.375683 -2.3691102 -2.3483708 -2.3527325 -2.3293053 -2.3157765 -2.2892555 -2.2588036 -2.2105078 -2.1523722 -2.076958 -1.985974 -1.9057058 -1.8337521 -1.7509461 -1.6948164 -1.6490595 -1.6349538 -1.6710738 -1.7034893 -1.7690637 -1.8331695 -1.9443659 -2.0474394 -2.1510598 -2.2836944 -2.443789 -2.4990397 -2.5635644 -2.5787985 -2.6084894 -2.6033663 -2.5692037 -2.5580769 -2.5157478 -2.4929869 -2.4091103 -2.3529388 -2.3470863 -2.3650126 -2.3675136 -2.4801638 -2.5503735 -2.5966068 -2.6515818 -2.6775906 -2.6482099 -2.6253491 -2.6312015 -2.6297259 -2.6238735 -9999
-2.8138529 -2.7309433 -2.6524045 -2.5790949 -2.5181299 -2.4657659 -2.420649 -2.3819579 -2.3505913 -2.3203412 -2.2889228 -2.2543566 -2.2156655 -2.1697003 -2.1144272 -2.0535407 -1.987213 -1.9118175 -1.8384101 -1.7769732 -1.7202599 -1.6815688 -1.6680473 -1.6797522 -1.7321811 -1.7985088 -1.867654 -1.9420893 -2.0532857 -2.1496337 -2.2380707 -2.355515 -2.5018261 -2.5498425 -2.5811453 -2.5840093 -2.5804649 -2.5570551 -2.5101141 -2.469147 -2.4141932 -2.3614041 -2.2794699 -2.2268926 -2.2210401 -2.247037 -2.2762992 -2.4043919 -2.5092511 -2.5794804 -2.6425261 -2.6893457 -2.6627009 -2.6439768 -2.6498292 -2.6476811 -2.6418287 -9999
-2.8868 -2.7992449 -2.7158157 -2.6349781 -2.5652591 -2.5030214 -2.4398218 -2.3881671 -2.3334449 -2.2950464 -2.2479189 -2.2094969 -2.1597823 -2.1138172 -2.0585441 -2.003271 -1.9437483 -1.8754313 -1.8259916 -1.8038824 -1.7601749 -1.7546476 -1.7555626 -1.803937 -1.8719061 -1.9537398 -2.010397 -2.0786926 -2.1774166 -2.2535992 -2.3125815 -2.4198946 -2.5515 -2.5796918 -2.599773 -2.5705108 -2.5618372 -2.496905 -2.4064863 -2.3325437 -2.2386853 -2.1689176 -2.0869834 -2.0344062 -2.0435311 -2.1027933 -2.1583237 -2.3399133 -2.4533679 -2.5623405 -2.6488809 -2.7079734 -2.6813286 -2.6626045 -2.6684569 -2.6633174 -2.6542471 -9999
-2.9155027 -2.8291873 -2.7497573 -2.6663336 -2.5702432 -2.5021701 -2.4354514 -2.3691237 -2.3134834 -2.2594939 -2.2123663 -2.1645898 -2.114844 -2.0675229 -2.0139947 -1.9719101 -1.916637 -1.8658978 -1.8399662 -1.8405083 -1.8340205 -1.8524873 -1.8859001 -1.9504185 -2.0430746 -2.1370388 -2.180671 -2.2380766 -2.3258632 -2.3737241 -2.4210507 -2.5005423 -2.6230767 -2.6277172 -2.630637 -2.5732712 -2.5289741 -2.4271697 -2.2569663 -2.1574748 -2.0382007 -1.9425825 -1.8716234 -1.8258208 -1.8459723 -1.9561357 -2.0380699 -2.2443993 -2.4059054 -2.5305035 -2.622683 -2.6929123 -2.7170601 -2.6983359 -2.7041884 -2.7023459 -2.690641 -9999
-2.88901 -2.8116277 -2.7365109 -2.6632013 -2.5681891 -2.4634612 -2.389089 -2.3227614 -2.2671211 -2.2131316 -2.166004 -2.1182275 -2.0684817 -2.0211606 -1.9769422 -1.9395228 -1.906359 -1.8904539 -1.8797054 -1.8962873 -1.920122 -1.975395 -2.0448566 -2.1384957 -2.2432207 -2.3537669 -2.3915456 -2.4220052 -2.4805296 -2.5260574 -2.5481667 -2.6131365 -2.712628 -2.7057764 -2.6769994 -2.5950652 -2.4707364 -2.2483436 -2.0761302 -1.9356716 -1.8028231 -1.677655 -1.6191306 -1.6004571 -1.6472766 -1.7654322 -1.9175957 -2.1442579 -2.3452241 -2.4973876 -2.5885341 -2.6470586 -2.7091914 -2.7513214 -2.7571739 -2.7556983 -2.7498459 -9999
-2.897062 -2.8235779 -2.7455027 -2.6691764 -2.5743236 -2.4695957 -2.3903765 -2.3222034 -2.2612194 -2.2064391 -2.1593115 -2.112905 -2.0679237 -2.0303013 -2.0009222 -1.9775795 -1.9550365 -1.9440187 -1.9664952 -2.0217683 -2.055562 -2.1359285 -2.2131613 -2.3183096 -2.4197323 -2.5279245 -2.5030846 -2.5158561 -2.5601558 -2.5771833 -2.5868071 -2.6480932 -2.7446556 -2.7235727 -2.688605 -2.5657037 -2.4379117 -2.1845883 -1.9476342 -1.7740222 -1.610644 -1.4781623 -1.4196378 -1.4017615 -1.4782972 -1.6572354 -1.8354557 -2.1353414 -2.338691 -2.507237 -2.6027256 -2.658929 -2.7209025 -2.7642281 -2.7661345 -2.7624705 -2.7566181 -9999
-2.8961911 -2.8240725 -2.7482337 -2.6696878 -2.5756891 -2.4709612 -2.394242 -2.322387 -2.2637194 -2.2067239 -2.162946 -2.1206497 -2.0798211 -2.0525753 -2.0306921 -2.0280414 -2.0169868 -2.0331356 -2.0659181 -2.1333851 -2.1953531 -2.2796469 -2.373664 -2.4848604 -2.5793315 -2.6843503 -2.6263183 -2.5865354 -2.6099452 -2.62 -2.625 -2.6812861 -2.7749252 -2.7479002 -2.7002891 -2.5634347 -2.3935494 -2.1222507 -1.8448829 -1.6283425 -1.4476412 -1.2925199 -1.2359422 -1.2338734 -1.3265454 -1.5455982 -1.767991 -2.09259 -2.3507602 -2.5267946 -2.619322 -2.671994 -2.7286335 -2.77 -2.77 -2.766336 -2.7604835 -9999
-2.889568 -2.8121857 -2.7349873 -2.6564414 -2.5635333 -2.4640418 -2.3894079 -2.322387 -2.2665631 -2.2133471 -2.1766923 -2.1405193 -2.1128827 -2.0923145 -2.0867872 -2.0925465 -2.1091285 -2.1404886 -2.1851355 -2.2680451 -2.3476864 -2.4361234 -2.5326205 -2.6438169 -2.731885 -2.8101909 -2.721801 -2.6262745 -2.6389653 -2.6464928 -2.6464928 -2.7018611 -2.8013526 -2.770118 -2.7135355 -2.5555196 -2.3580336 -2.0361493 -1.7501074 -1.4892555 -1.2985731 -1.1269402 -1.0742682 -1.0859682 -1.2205743 -1.4542583 -1.7282519 -2.0845511 -2.3718616 -2.5532874 -2.6431877 -2.6852404 -2.7351532 -2.77 -2.77 -2.766336 -2.7604835 -9999
-2.8896057 -2.8059216 -2.7309642 -2.6546878 -2.5761418 -2.483837 -2.4186581 -2.3545268 -2.3095738 -2.2540211 -2.199118 -2.1688088 -2.1532238 -2.1425599 -2.1459203 -2.1682273 -2.192441 -2.2316924 -2.2870525 -2.3646361 -2.452009 -2.5532601 -2.6414417 -2.7402816 -2.8094466 -2.8787958 -2.8594738 -2.7600612 -2.7701425 -2.7719336 -2.768519 -2.6883844 -2.6962385 -2.6797931 -2.6244042 -2.4872392 -2.2766011 -1.973431 -1.6759085 -1.3999278 -1.1997436 -1.0258715 -0.98770122 -1.0072924 -1.162886 -1.4277215 -1.7157593 -2.1385498 -2.4346284 -2.6093574 -2.6875529 -2.7253726 -2.7638429 -2.7969361 -2.7969361 -2.7932721 -2.7874197 -9999
-2.8822982 -2.7938613 -2.7212428 -2.6479332 -2.5778447 -2.4992988 -2.4473266 -2.3920535 -2.3559824 -2.3104803 -2.2537577 -2.2118048 -2.2017488 -2.2003928 -2.2114474 -2.2416014 -2.2802925 -2.3325854 -2.3862779 -2.4603769 -2.5411066 -2.6449513 -2.734689 -2.8224756 -2.8791341 -2.9288799 -2.9026916 -2.8720867 -2.8779392 -2.8797302 -2.8742029 -2.7898654 -2.6435543 -2.5875377 -2.5456381 -2.4079751 -2.2245055 -1.9377358 -1.6351046 -1.3307776 -1.1300561 -0.95433796 -0.9249711 -0.96889433 -1.1386152 -1.4170739 -1.7272533 -2.1585862 -2.4981805 -2.6679014 -2.7307707 -2.7600329 -2.7951801 -2.82 -2.82 -2.816336 -2.8104835 -9999
-2.8237564 -2.7463741 -2.6805399 -2.6280637 -2.5655258 -2.505922 -2.4668807 -2.4317927 -2.4139254 -2.3833354 -2.3309714 -2.2912831 -2.2968104 -2.2997406 -2.3107953 -2.3427256 -2.3862635 -2.4356964 -2.4856258 -2.5519535 -2.6272081 -2.7211723 -2.804568 -2.8630924 -2.9126401 -2.9487494 -2.9162965 -2.8787099 -2.88 -2.88 -2.88 -2.7949861 -2.6435543 -2.5875377 -2.5456381 -2.399327 -2.2108482 -1.9123736 -1.6067305 -1.2976617 -1.1035249 -0.9344684 -0.92861596 -0.98506227 -1.1840453 -1.4702168 -1.7934852 -2.2248181 -2.5613691 -2.6901228 -2.7464189 -2.7666561 -2.7976428 -2.82 -2.82 -2.816336 -2.8104835 -9999
-2.7595536 -2.6941893 -2.6472917 -2.6025387 -2.5753085 -2.5261034 -2.5131997 -2.4873175 -2.4935681 -2.4713476 -2.4189837 -2.3823393 -2.3911365 -2.3990885 -2.4101431 -2.4351148 -2.477012 -2.5257643 -2.561529 -2.6095418 -2.6769853 -2.756853 -2.8323047 -2.8861454 -2.923543 -2.9558475 -2.9166783 -2.8753601 -2.8762363 -2.8780273 -2.8753601 -2.7952255 -2.6444965 -2.5875377 -2.5456381 -2.399327 -2.2041525 -1.9080497 -1.6190118 -1.3130552 -1.1415548 -0.97805948 -0.98855346 -1.0617389 -1.2689738 -1.5528871 -1.8792702 -2.2833167 -2.6081503 -2.7160956 -2.7522671 -2.768998 -2.8039567 -2.8246399 -2.8221884 -2.816336 -2.8104835 -9999
-2.6817207 -2.6319749 -2.6044112 -2.5782293 -2.5628516 -2.5471424 -2.5499638 -2.5499638 -2.5633685 -2.5751566 -2.523841 -2.4871966 -2.4982512 -2.5084001 -2.5194547 -2.5281221 -2.5612859 -2.5944498 -2.622901 -2.6628965 -2.7271868 -2.7990418 -2.8619718 -2.9087913 -2.9443016 -2.9719381 -2.9047077 -2.8586085 -2.8644609 -2.8662519 -2.8607246 -2.7789958 -2.6326848 -2.5775739 -2.5365467 -2.3938922 -2.2005971 -1.907975 -1.6343357 -1.347566 -1.187342 -1.0521902 -1.0718623 -1.1661993 -1.3827396 -1.6630297 -1.9790616 -2.3599527 -2.6440504 -2.7259846 -2.7558155 -2.7675204 -2.7979337 -2.8207945 -2.8149421 -2.8090896 -2.8032372 -9999
-2.5850635 -2.5723662 -2.5647101 -2.5782293 -2.5735905 -2.5736351 -2.6001395 -2.6228188 -2.6495373 -2.6678813 -2.6835905 -2.6660227 -2.6770773 -2.6857073 -2.6916576 -2.6540022 -2.6142714 -2.6371209 -2.6427706 -2.6593525 -2.7173008 -2.8775927 -2.9560887 -3.0081392 -3.049399 -3.0845323 -2.8994193 -2.772507 -2.7783595 -2.7801505 -2.7746232 -2.695194 -2.5532065 -2.5018273 -2.4636916 -2.3466428 -2.160858 -1.8998006 -1.6637986 -1.420421 -1.292913 -1.1780308 -1.2307028 -1.331779 -1.553959 -1.819946 -2.1181486 -2.4171765 -2.6771664 -2.7261599 -2.7462846 -2.754274 -2.754942 -2.767809 -2.7672971 -2.7599691 -2.7502517 -9999
-2.4832447 -2.4894325 -2.517558 -2.5585541 -2.5818949 -2.6079851 -2.6640018 -2.702693 -2.7306967 -2.7689103 -2.7844057 -2.7950227 -2.8050278 -2.8105551 -2.8118741 -2.7680747 -2.6827944 -2.6694469 -2.6626401 -2.6792221 -2.7040544 -2.8587792 -2.944121 -2.9893767 -3.032486 -3.0711771 -2.8874483 -2.7237752 -2.7296276 -2.7314186 -2.7258913 -2.6496675 -2.5101556 -2.4597186 -2.4240539 -2.3075424 -2.1573081 -1.9129884 -1.6928638 -1.5099485 -1.4280507 -1.3329366 -1.3878404 -1.5203778 -1.7359821 -1.9963011 -2.2275226 -2.4856765 -2.6934781 -2.7339578 -2.7479657 -2.75 -2.75 -2.75 -2.75 -2.742672 -2.7309671 -9999
-2.4134737 -2.4521649 -2.5110475 -2.5738843 -2.6259934 -2.6678845 -2.7259027 -2.7867031 -2.8314724 -2.8689193 -2.8793921 -2.8886391 -2.8941664 -2.8933905 -2.8878632 -2.8195536 -2.7200621 -2.6931129 -2.6788447 -2.6644616 -2.6714638 -2.7930645 -2.873318 -2.9025802 -2.9368379 -2.975529 -2.8447669 -2.6902072 -2.6960597 -2.7007583 -2.695231 -2.6219148 -2.4873086 -2.4385406 -2.4042718 -2.3075424 -2.1704636 -1.9539232 -1.7877634 -1.6297474 -1.5596829 -1.5090331 -1.5858091 -1.7115719 -1.9164073 -2.105251 -2.3100865 -2.5470483 -2.7127241 -2.7419863 -2.75 -2.75 -2.75 -2.75 -2.75 -2.7419451 -2.7302402 -9999
-2.3525478 -2.4335372 -2.5115466 -2.6049305 -2.6713578 -2.7299769 -2.7951194 -2.8612139 -2.9059832 -2.9432337 -2.9432337 -2.9507315 -2.9562588 -2.9520874 -2.9375372 -2.8554656 -2.7386898 -2.7058605 -2.6726354 -2.6339443 -2.6295413 -2.6848144 -2.7505532 -2.7473492 -2.7754995 -2.8078796 -2.7305255 -2.6032779 -2.6154752 -2.628739 -2.6331386 -2.5697363 -2.4500531 -2.4051958 -2.3732256 -2.3029963 -2.1704636 -1.9959347 -1.8750773 -1.7539322 -1.7137464 -1.6766826 -1.7761741 -1.9040583 -2.0634725 -2.1997835 -2.3659696 -2.5711594 -2.7313518 -2.7459222 -2.75 -2.75 -2.75 -2.75 -2.75 -2.739008 -2.724031 -9999
-2.3045954 -2.4008634 -2.511471 -2.6171482 -2.7504235 -2.8184966 -2.8995696 -2.9714246 -3.0199162 -3.0357126 -2.9699348 -2.9685647 -2.970122 -2.9659506 -2.9493687 -2.8967518 -2.7696238 -2.719572 -2.6690207 -2.6006848 -2.5486038 -2.5389385 -2.5518243 -2.5327206 -2.5244392 -2.5520758 -2.5203086 -2.4336588 -2.4512161 -2.4844086 -2.4968478 -2.534607 -2.4279013 -2.3968778 -2.3688439 -2.3145175 -2.2142184 -2.0438288 -1.946268 -1.8526289 -1.8354148 -1.8253315 -1.9528403 -2.0726559 -2.2116277 -2.2973841 -2.4261378 -2.6490602 -2.7845434 -2.7962483 -2.8036812 -2.8036812 -2.7466449 -2.7466449 -2.7466449 -2.7322978 -2.7147405 -9999
-2.2516099 -2.3787379 -2.5048478 -2.6305213 -2.7740606 -2.925916 -3.0282122 -3.1166491 -3.167615 -3.1880459 -3.0518996 -2.9486952 -2.9431679 -2.9328347 -2.9162528 -2.864878 -2.793023 -2.7301271 -2.6690207 -2.5805838 -2.4889951 -2.3839763 -2.3001431 -2.2474712 -2.2234171 -2.2123624 -2.1966248 -2.183064 -2.2181786 -2.252597 -2.2857609 -2.3359114 -2.4002883 -2.400725 -2.3887134 -2.3477463 -2.2560582 -2.0570752 -1.9620353 -1.9327731 -1.9297174 -1.9445489 -2.1025648 -2.2379768 -2.3374683 -2.4171443 -2.4873736 -2.7246719 -2.8838913 -2.8955961 -2.9034875 -2.9093399 -2.8099753 -2.7400217 -2.7400217 -2.7253657 -2.7019559 -9999
-2.2811843 -2.4280749 -2.5574547 -2.6861993 -2.8334161 -2.9878699 -3.0862247 -3.1727619 -3.2131056 -3.2277422 -3.0654139 -2.9623777 -2.9616692 -2.9488679 -2.9285218 -2.8701885 -2.7929143 -2.7257906 -2.6312755 -2.4875655 -2.3763879 -2.2104926 -2.1007498 -2.0052796 -1.9583897 -1.9328855 -1.9411718 -1.9347487 -1.9868394 -2.0633854 -2.1302785 -2.1997701 -2.2820478 -2.3295115 -2.3348237 -2.352381 -2.2622906 -2.0829108 -2.0171332 -2.000894 -2.0130633 -2.0326909 -2.2019779 -2.3374116 -2.4068064 -2.4494784 -2.5063532 -2.7313897 -2.8904062 -2.9021111 -2.9061889 -2.909666 -2.8103231 -2.74 -2.74 -2.72168 -2.6957453 -9999
-2.318519 -2.472962 -2.6109655 -2.7418754 -2.8881801 -3.045272 -3.137126 -3.2200356 -3.2550798 -3.2604438 -3.0946499 -2.972558 -2.972558 -2.9628593 -2.9407501 -2.8752528 -2.7923432 -2.7003658 -2.5898296 -2.4186552 -2.2570921 -2.0698819 -1.8968757 -1.7772282 -1.6946465 -1.650428 -1.6571197 -1.6724393 -1.7485211 -1.8575838 -1.9408188 -2.0558901 -2.1553816 -2.236636 -2.2818044 -2.3231967 -2.2806144 -2.1117629 -2.0579058 -2.0579058 -2.0728917 -2.1050593 -2.2787894 -2.405604 -2.4607852 -2.4863366 -2.5214513 -2.7453811 -2.8967753 -2.907442 -2.91 -2.91 -2.8103231 -2.74 -2.7396305 -2.72168 -2.6924177 -9999
-2.3913741 -2.5406114 -2.6766376 -2.8023111 -2.9467562 -3.0986117 -3.1849182 -3.2531516 -3.2826243 -3.2803133 -3.1075123 -2.9791812 -2.9791812 -2.9694825 -2.9473732 -2.8800333 -2.7860691 -2.6714522 -2.5434673 -2.3389569 -2.1378747 -1.9057278 -1.7048032 -1.5292299 -1.4290063 -1.3523845 -1.3613535 -1.381019 -1.484188 -1.5992794 -1.7319348 -1.8702917 -2.0283077 -2.13367 -2.2288189 -2.3049007 -2.2970424 -2.1448789 -2.0930743 -2.1042681 -2.119254 -2.1514217 -2.3328474 -2.4580158 -2.487278 -2.508614 -2.5280745 -2.7520043 -2.9008188 -2.9008188 -2.9046324 -2.91 -2.8103231 -2.7388597 -2.7330073 -2.7161628 -2.6924177 -9999
