mean_models/J1_mean_tot_conduct_slide_81.29.dat.tif
NCOLS 118
NROWS 92
XLLCORNER 139.62
YLLCORNER -39.07
DX 0.099491525
DY 0.099347826
NODATA_VALUE -9999
[rows 0 to 25 of 92, columns 57 to 113 of 118]
-3.4181902 -3.4311577 -3.4201031 -3.4070326 -3.3756142 -3.334783 -3.2719463 -3.1849553 -3.1038579 -2.9912473 -2.8659987 -2.7346388 -2.5966177 -2.4431564 -2.2891977 -2.1454877 -2.0116514 -1.8900506 -1.8016584 -1.735698 -1.7168012 -1.7135574 -1.7643008 -1.8461298 -1.9683419 -2.0998371 -2.2490744 -2.4059604 -2.5653353 -2.715861 -2.8472532 -2.9412174 -3.0061551 -3.0471222 -3.0424207 -3.0299509 -2.9794368 -2.9213411 -2.850827 -2.7888695 -2.74205 -2.7175623 -2.6955217 -2.6955217 -2.7115658 -2.7583853 -2.8111897 -2.8638617 -2.8835885 -2.907913 -2.9254703 -2.9219381 -2.9102332 -2.8685218 -2.7962767 -2.7082396 -2.5920242
-3.5692187 -3.5647461 -3.5453814 -3.5132568 -3.4684984 -3.4073075 -3.3256259 -3.2058621 -3.1117492 -2.9857228 -2.8399182 -2.7026457 -2.5500691 -2.3940933 -2.2410754 -2.0973654 -1.9675726 -1.8559332 -1.7826516 -1.7298776 -1.718823 -1.7384136 -1.7965577 -1.8930534 -2.0199862 -2.160901 -2.3137601 -2.4733599 -2.6331186 -2.7841819 -2.9080467 -2.9983832 -3.0551155 -3.0949741 -3.0922943 -3.0801735 -3.0333539 -2.979017 -2.912879 -2.861523 -2.8222046 -2.8117851 -2.7917663 -2.7924859 -2.814146 -2.8609655 -2.9117482 -2.9644201 -2.979833 -2.9980923 -3.0133747 -3.0098253 -2.9981204 -2.9607229 -2.9023795 -2.8209691 -2.7214277
-3.710462 -3.6954746 -3.6623107 -3.6130281 -3.5554277 -3.4700781 -3.375823 -3.2544898 -3.1273618 -2.9778127 -2.8265936 -2.6747381 -2.5207915 -2.3604996 -2.2085279 -2.0648179 -1.9465091 -1.8414903 -1.7818104 -1.7344908 -1.7469311 -1.7713059 -1.8431609 -1.9396567 -2.0742629 -2.222134 -2.3768986 -2.5354523 -2.6944433 -2.834902 -2.9511597 -3.0340693 -3.0866168 -3.1217315 -3.1170634 -3.105117 -3.0586461 -3.0080678 -2.9495434 -2.905879 -2.8707644 -2.8634354 -2.8626457 -2.8684982 -2.8901582 -2.9369777 -2.9882835 -3.0409555 -3.0562293 -3.0684021 -3.080107 -3.0749884 -3.0632835 -3.0232506 -2.9749212 -2.9046919 -2.818235
-3.8346467 -3.8145196 -3.7678678 -3.7108012 -3.6423571 -3.5416702 -3.4317061 -3.299075 -3.1646172 -3.005427 -2.8505244 -2.6829597 -2.5270007 -2.3667088 -2.2185402 -2.0834456 -1.9710492 -1.8725364 -1.8166553 -1.7841647 -1.8118013 -1.840793 -1.9237026 -2.0203768 -2.154983 -2.2995967 -2.4514095 -2.6013389 -2.7565357 -2.8851198 -2.9840663 -3.052697 -3.0837862 -3.0906853 -3.0777884 -3.0616523 -3.0206852 -2.9708124 -2.9033596 -2.8653886 -2.8397182 -2.8413336 -2.8442297 -2.8910493 -2.9149952 -2.9666577 -3.0193297 -3.0720017 -3.1037729 -3.118076 -3.1250875 -3.1118721 -3.0943297 -3.0115748 -2.9562935 -2.8906081 -2.8152392
-3.9411821 -3.9210549 -3.8713092 -3.8016504 -3.7283408 -3.6168332 -3.4963961 -3.3578998 -3.2141898 -3.0515071 -2.8917195 -2.7283877 -2.5639958 -2.4052754 -2.2619562 -2.1303346 -2.030859 -1.9368947 -1.8928034 -1.8662572 -1.8967741 -1.9355688 -2.0184784 -2.1193898 -2.2533526 -2.3891415 -2.5383788 -2.6729082 -2.8200343 -2.9370832 -3.0143999 -3.0758832 -3.0877061 -3.0760012 -3.0467422 -3.0237218 -2.9772205 -2.9268566 -2.8579741 -2.8304225 -2.8128652 -2.8249953 -2.8355334 -2.8871294 -2.9362072 -2.9920359 -3.0503759 -3.1030479 -3.1348191 -3.1568166 -3.1617663 -3.1435705 -3.1201607 -3.0308547 -2.9513912 -2.8870144 -2.8087039
-4.03038 -4.0079843 -3.9582385 -3.8882274 -3.804445 -3.6900462 -3.5591363 -3.4199921 -3.2762822 -3.1111974 -2.9476027 -2.7905108 -2.6322974 -2.4775328 -2.336467 -2.2148663 -2.1194014 -2.0420191 -2.0057299 -1.9842327 -2.0173966 -2.0597536 -2.1426632 -2.2435746 -2.3723284 -2.5046 -2.6377266 -2.7627878 -2.8883359 -2.9838364 -3.0578646 -3.0965557 -3.0990693 -3.0639547 -3.029236 -2.9926756 -2.9400037 -2.8854523 -2.8269279 -2.8006617 -2.7942375 -2.8125287 -2.8355334 -2.8940578 -2.9528528 -3.0230821 -3.0814221 -3.1340941 -3.1658653 -3.1866033 -3.1866033 -3.1675355 -3.1387884 -3.0436389 -2.9576005 -2.8932236 -2.8141907
-4.0775204 -4.0573933 -4.0076475 -3.9376363 -3.8575682 -3.7431168 -3.6205809 -3.4906627 -3.3490947 -3.1868249 -3.0410062 -2.8867575 -2.7381194 -2.5923845 -2.4645784 -2.3529138 -2.2652914 -2.201009 -2.1719459 -2.1558088 -2.1899212 -2.2375389 -2.3184453 -2.4068075 -2.5233134 -2.6547358 -2.7640514 -2.8824042 -2.9711823 -3.053647 -3.1013292 -3.1228601 -3.0901008 -3.0442128 -3.0060974 -2.9509093 -2.8968504 -2.8383259 -2.7859852 -2.7642554 -2.7631997 -2.8031621 -2.8301733 -2.8957611 -2.9731789 -3.0468789 -3.1071082 -3.1649558 -3.1915514 -3.2114402 -3.208119 -3.1870124 -3.1527241 -3.0461864 -2.9584497 -2.8877295 -2.8043198
-4.1068614 -4.0898729 -4.0401271 -3.9779416 -3.8993957 -3.7968332 -3.6763961 -3.557463 -3.4248076 -3.2908806 -3.1516631 -3.0095089 -2.8732013 -2.7415421 -2.6288565 -2.5238377 -2.451361 -2.3905606 -2.3660315 -2.3515085 -2.3871834 -2.4303379 -2.5063597 -2.5868754 -2.6922194 -2.7863559 -2.8913747 -2.9693336 -3.0554247 -3.1080967 -3.1219727 -3.1275 -3.0806171 -3.0162403 -2.9579323 -2.9025623 -2.8440379 -2.7892722 -2.7424526 -2.7384307 -2.7384307 -2.7831009 -2.833652 -2.920666 -3.000342 -3.0764237 -3.1500319 -3.2085563 -3.225074 -3.2388764 -3.2330239 -3.2018265 -3.1667119 -3.0670141 -2.9670858 -2.891004 -2.7966092
-4.0980281 -4.0787885 -4.0400974 -3.982587 -3.9180234 -3.8215247 -3.7136516 -3.6137569 -3.5055277 -3.3942471 -3.2696387 -3.154438 -3.0284322 -2.9234134 -2.8194106 -2.7411611 -2.6744144 -2.6265117 -2.604295 -2.5936688 -2.6213053 -2.6600797 -2.7208801 -2.7943455 -2.8722873 -2.9509447 -3.027978 -3.0798094 -3.1423541 -3.1669223 -3.1626136 -3.1294497 -3.0658923 -2.9603571 -2.898981 -2.8404699 -2.7819455 -2.7271798 -2.7079119 -2.7154443 -2.7322215 -2.7871697 -2.8460705 -2.9572669 -3.0439537 -3.1434452 -3.2231212 -3.2892765 -3.2790764 -3.2823411 -3.270749 -3.2323492 -3.1853396 -3.1071121 -3.0167597 -2.9183175 -2.815162
-4.0471739 -4.0279939 -3.9973718 -3.9598931 -3.9027357 -3.8363084 -3.7362221 -3.6696219 -3.5756577 -3.503945 -3.3984415 -3.3072401 -3.2055236 -3.1235733 -3.0428012 -2.9745636 -2.9319742 -2.8908531 -2.873838 -2.8630894 -2.8823411 -2.9122093 -2.9604584 -3.0111727 -3.0735658 -3.1165117 -3.1795282 -3.1924861 -3.234572 -3.2423576 -3.196103 -3.1492536 -3.0605298 -2.9403362 -2.8577196 -2.7969871 -2.7384627 -2.6930938 -2.6795073 -2.7023289 -2.7277468 -2.8019627 -2.869188 -2.9914852 -3.0981652 -3.200021 -3.2815863 -3.3518156 -3.3292236 -3.3170508 -3.3009164 -3.2546253 -3.2015132 -3.1137765 -3.0266949 -2.923073 -2.8192046
-3.952913 -3.9393168 -3.9227349 -3.8991336 -3.8624788 -3.8108569 -3.7427837 -3.6920413 -3.6367682 -3.5835496 -3.5265289 -3.447983 -3.3804117 -3.3196113 -3.2685924 -3.2188466 -3.1897853 -3.1676761 -3.1546346 -3.1445245 -3.158824 -3.1757591 -3.2144503 -3.2468049 -3.2819196 -3.3053432 -3.3329798 -3.3306861 -3.3283831 -3.2932684 -3.2371497 -3.170822 -3.0646321 -2.930026 -2.8434313 -2.7667857 -2.7089088 -2.6672986 -2.6614462 -2.6891998 -2.7301669 -2.8115055 -2.8993029 -3.0283253 -3.1480462 -3.2533901 -3.3341334 -3.4043627 -3.3739988 -3.3456754 -3.3222656 -3.2743304 -3.215806 -3.1228718 -3.0235987 -2.9124023 -2.8085339
-3.8284303 -3.819375 -3.8171778 -3.807351 -3.7941772 -3.7647035 -3.724156 -3.7046172 -3.6740237 -3.6615001 -3.6196927 -3.5830379 -3.5276086 -3.5110267 -3.4706947 -3.4485885 -3.4301562 -3.4222549 -3.4107786 -3.4053125 -3.4053125 -3.4164504 -3.427505 -3.4490625 -3.4557783 -3.4555332 -3.4571645 -3.4267785 -3.4091032 -3.3511157 -3.2686517 -3.1770312 -3.0636913 -2.9176075 -2.8310128 -2.7543672 -2.7016952 -2.6610894 -2.6695261 -2.709905 -2.7612131 -2.8550715 -2.9489768 -3.083583 -3.2039293 -3.3092733 -3.3868755 -3.4540366 -3.408072 -3.3767216 -3.3483194 -3.2961758 -3.2344337 -3.1314168 -3.0298079 -2.9186115 -2.8147431
-3.6757473 -3.6757473 -3.6777556 -3.6791105 -3.6834419 -3.6737185 -3.6682108 -3.6957109 -3.6901836 -3.6793126 -3.6966288 -3.659974 -3.6671806 -3.6515636 -3.6567002 -3.6460806 -3.6501766 -3.661412 -3.6618452 -3.6531386 -3.6531386 -3.6488892 -3.6599439 -3.6107426 -3.6050883 -3.5937465 -3.5618742 -3.5217989 -3.4709339 -3.3948521 -3.2994262 -3.2032405 -3.0474628 -2.8950536 -2.8056324 -2.7354678 -2.6827958 -2.6637587 -2.6803251 -2.7320449 -2.7986009 -2.8958392 -2.9986507 -3.1332569 -3.2695339 -3.3721756 -3.4459991 -3.5012079 -3.4415435 -3.3991781 -3.3687143 -3.3145318 -3.2472485 -3.1338421 -3.0262957 -2.9161513 -2.8144714
-3.5143071 -3.5176792 -3.5287338 -3.5454937 -3.5716756 -3.5923549 -3.6185369 -3.6544257 -3.6901836 -3.7272468 -3.7620198 -3.7882018 -3.8095223 -3.8316316 -3.8461401 -3.8571947 -3.8759358 -3.9035724 -3.9000219 -3.8890897 -3.8790132 -3.8650697 -3.8042694 -3.7535551 -3.7184405 -3.6799216 -3.6301758 -3.5772457 -3.5206078 -3.421782 -3.3199959 -3.2094497 -3.0536721 -2.8605415 -2.7765514 -2.7106308 -2.6798654 -2.6704042 -2.7113713 -2.772193 -2.8482748 -2.9455131 -3.0483369 -3.2063529 -3.3406289 -3.434268 -3.497853 -3.5446725 -3.4738811 -3.4162474 -3.3811328 -3.323687 -3.2534577 -3.1321828 -3.0152861 -2.9099421 -2.8144896
-3.3415489 -3.3504943 -3.3683942 -3.4040444 -3.4429324 -3.4906577 -3.5292502 -3.6037407 -3.6547609 -3.7362016 -3.786386 -3.8512385 -3.8846313 -3.932474 -3.9618572 -3.9890833 -4.0210136 -4.0551892 -4.0512813 -4.0455092 -4.0178727 -3.9887536 -3.8961512 -3.8385426 -3.7933454 -3.7331008 -3.6758416 -3.6019197 -3.5404515 -3.4352742 -3.3185734 -3.204341 -3.0517687 -2.8610917 -2.7882627 -2.7266279 -2.7138192 -2.7071093 -2.7616395 -2.8403534 -2.9205846 -3.0128276 -3.1177422 -3.2808637 -3.4140392 -3.4963694 -3.5447094 -3.5881372 -3.49471 -3.4343249 -3.3992102 -3.3335871 -3.2596669 -3.1327331 -3.0147358 -2.9093918 -2.8260319
-3.1784094 -3.1811193 -3.2032285 -3.2453442 -3.2977081 -3.3636264 -3.4212268 -3.5147122 -3.6031491 -3.7001916 -3.7857142 -3.8607929 -3.9325436 -3.9909302 -4.040922 -4.0796131 -4.1297546 -4.173973 -4.1773864 -4.1695603 -4.1399922 -4.0933868 -3.9903875 -3.9033026 -3.8506306 -3.7788594 -3.7070044 -3.6263287 -3.5463448 -3.4292959 -3.3145478 -3.1985145 -3.0514132 -2.8641351 -2.7982265 -2.7503127 -2.7458809 -2.7586078 -2.8229846 -2.9096695 -2.9974561 -3.088833 -3.1888532 -3.3512822 -3.4812772 -3.5570487 -3.5937424 -3.6288571 -3.5296223 -3.4533262 -3.4182116 -3.3486029 -3.2666687 -3.1368697 -3.0147358 -2.9093918 -2.8280247
-3.0229203 -3.0221628 -3.044272 -3.0875127 -3.145113 -3.219282 -3.3020094 -3.4092727 -3.5236708 -3.6441699 -3.7525983 -3.8520898 -3.9391668 -4.0220764 -4.081093 -4.1253115 -4.182063 -4.2468281 -4.2470916 -4.2357922 -4.2026283 -4.1529955 -4.0313947 -3.9355024 -3.8652731 -3.7867422 -3.7003812 -3.6140206 -3.5264752 -3.4045741 -3.2880551 -3.1830362 -3.0430174 -2.8773814 -2.819407 -2.7834287 -2.7951335 -2.8201977 -2.9079843 -2.995771 -3.0835576 -3.1719319 -3.2683315 -3.4263474 -3.5515098 -3.6100342 -3.6408169 -3.661973 -3.5546793 -3.4717466 -3.424927 -3.3552261 -3.2732919 -3.1396223 -3.0147358 -2.9093918 -2.8296959
-2.9152079 -2.9054467 -2.91953 -2.9560616 -3.0103961 -3.0843033 -3.1755629 -3.3039049 -3.4273735 -3.5499958 -3.6867377 -3.7910955 -3.9061691 -3.9945058 -4.0697506 -4.1225601 -4.1868397 -4.2218212 -4.216727 -4.2103393 -4.1766753 -4.1212468 -3.9856528 -3.8540124 -3.7837831 -3.7011 -3.6211023 -3.5340496 -3.4482639 -3.3299545 -3.2284903 -3.1355299 -3.0524491 -2.9107627 -2.8565569 -2.8492892 -2.8647485 -2.9167774 -2.999277 -3.0825273 -3.1659656 -3.2439532 -3.3389687 -3.4917148 -3.596964 -3.6433991 -3.6666244 -3.6747272 -3.4830126 -3.3945437 -3.3534697 -3.2878466 -3.2150678 -3.145918 -3.0196475 -2.9115803 -2.8296959
-2.8186182 -2.7987853 -2.8043126 -2.8354846 -2.8878485 -2.966695 -3.0609501 -3.1881712 -3.3263539 -3.4710012 -3.6126941 -3.7386634 -3.860089 -3.9595805 -4.0443412 -4.1051416 -4.141587 -4.1636962 -4.1631359 -4.1559981 -4.1151875 -4.0530641 -3.8817329 -3.7478507 -3.6776214 -3.6002577 -3.5228754 -3.4406579 -3.3566607 -3.2571692 -3.1756568 -3.0982745 -3.0219192 -2.9341326 -2.9209671 -2.9173494 -2.9562498 -3.00452 -3.0806018 -3.1602678 -3.242202 -3.3166596 -3.3983457 -3.5318167 -3.628033 -3.6631477 -3.675084 -3.6809365 -3.4681005 -3.316227 -3.2811124 -3.2231164 -3.1528871 -3.094988 -3.0205348 -2.9093384 -2.8263331
-2.7649746 -2.7395558 -2.7298017 -2.7569801 -2.8009192 -2.8748264 -2.9616023 -3.0856552 -3.2207968 -3.3696669 -3.5133463 -3.6442562 -3.7674487 -3.8779948 -3.9662286 -4.03684 -4.0732853 -4.0953946 -4.0929702 -4.0814872 -4.0317414 -3.9661348 -3.8113702 -3.6771947 -3.5969013 -3.5142182 -3.4297368 -3.3475193 -3.2635221 -3.1782964 -3.111614 -3.061019 -2.9971706 -2.9341326 -2.9385499 -2.9483956 -3.00692 -3.0604032 -3.1415469 -3.2198968 -3.2980851 -3.3609197 -3.4356011 -3.5585024 -3.65287 -3.677103 -3.6846603 -3.6871457 -3.4645071 -3.3100178 -3.2749031 -3.2169071 -3.1466778 -3.0840364 -3.0081163 -2.9020617 -2.8150377
-2.7707273 -2.7226061 -2.7063393 -2.7178632 -2.7502866 -2.8126729 -2.8869899 -2.9898468 -3.1225022 -3.2711886 -3.4104591 -3.541369 -3.6601525 -3.7706986 -3.8642721 -3.9346357 -3.9731291 -3.9926923 -3.9866048 -3.9680429 -3.9182971 -3.8438114 -3.6895944 -3.571201 -3.4880255 -3.4016435 -3.3132066 -3.2296049 -3.1577613 -3.0816796 -3.0326941 -2.9902242 -2.9788134 -2.9284796 -2.9385499 -2.9759024 -3.0344268 -3.1075475 -3.1907529 -3.271371 -3.3415006 -3.392027 -3.4586989 -3.5816002 -3.6625723 -3.684332 -3.69 -3.6832901 -3.4636375 -3.3038086 -3.2671934 -3.2071585 -3.1401346 -3.0778271 -3.0011964 -2.8945015 -2.8052891
-2.7831458 -2.7270846 -2.6939208 -2.6911128 -2.706822 -2.7558515 -2.8186882 -2.9185465 -3.0293636 -3.1678654 -3.3037544 -3.4241915 -3.5421769 -3.6527231 -3.7441232 -3.8104509 -3.8457164 -3.8622983 -3.8476457 -3.8252304 -3.7701475 -3.6973831 -3.5592004 -3.4408069 -3.3530203 -3.2650402 -3.1766033 -3.1067532 -3.0404482 -2.9936287 -2.9578141 -2.9467595 -2.9353487 -2.9236439 -2.9560944 -3.0007393 -3.0708149 -3.1464309 -3.2342176 -3.3081699 -3.3725468 -3.4187055 -3.4708154 -3.5878643 -3.6667747 -3.684332 -3.6825765 -3.6708716 -3.4537019 -3.295742 -3.2547749 -3.1983022 -3.1339253 -3.0716179 -2.9932794 -2.882083 -2.7860453
-2.8471993 -2.7811873 -2.7315485 -2.7150127 -2.7177726 -2.747844 -2.7968581 -2.8709819 -2.969132 -3.0743345 -3.2003519 -3.2998434 -3.4111745 -3.5017806 -3.58808 -3.6465469 -3.6746025 -3.6854328 -3.6684995 -3.6349072 -3.5630522 -3.4909738 -3.3632697 -3.2448762 -3.1570896 -3.0802 -2.9994865 -2.9594017 -2.9034727 -2.8722013 -2.8725647 -2.8878043 -2.9020367 -2.9155293 -2.9739321 -3.027863 -3.1097972 -3.1863209 -3.2945419 -3.3829168 -3.4500645 -3.5012185 -3.5365292 -3.4737243 -3.5523834 -3.5610092 -3.5589354 -3.5496225 -3.4047197 -3.2507538 -3.2141029 -3.163734 -3.1018986 -3.0630446 -2.9864216 -2.8752252 -2.7676928
-2.9373501 -2.8606299 -2.8042453 -2.7648034 -2.759567 -2.7663023 -2.8029571 -2.8516707 -2.929053 -3.0136089 -3.1119807 -3.1977035 -3.2862345 -3.3661391 -3.4279046 -3.4813404 -3.4969236 -3.5024509 -3.4762409 -3.4370644 -3.3652094 -3.2866595 -3.1662366 -3.0591532 -2.9723545 -2.9038413 -2.8319863 -2.8051463 -2.7733899 -2.761685 -2.7906373 -2.817663 -2.8608559 -2.8959706 -2.9674951 -3.039825 -3.1243769 -3.2175872 -3.3335882 -3.4146346 -3.4848639 -3.530997 -3.570506 -3.5083679 -3.4710897 -3.4760394 -3.4720763 -3.4662238 -3.3270897 -3.2189716 -3.1846102 -3.1418644 -3.08334 -3.0504042 -2.9883609 -2.8771645 -2.7556715
-3.0429071 -2.9661869 -2.8998593 -2.8563139 -2.8248955 -2.8236041 -2.8288405 -2.866029 -2.9104253 -2.9771202 -3.0498883 -3.112725 -3.1806775 -3.2359505 -3.2850921 -3.3127286 -3.3210034 -3.3099645 -3.276684 -3.2321595 -3.1603045 -3.0817546 -2.9767358 -2.8790852 -2.8030035 -2.7391573 -2.6829646 -2.664297 -2.6492051 -2.6689261 -2.7037079 -2.758981 -2.8132484 -2.8773429 -2.9525581 -3.0336158 -3.1214024 -3.2158258 -3.3211698 -3.401424 -3.4662362 -3.507963 -3.5394598 -3.4809354 -3.4449932 -3.4449932 -3.4410301 -3.4351777 -3.3025038 -3.2014539 -3.1721917 -3.1314888 -3.08334 -3.0565466 -3.0007794 -2.889583 -2.7637305
-3.1588854 -3.0799289 -3.0106269 -2.955731 -2.9180341 -2.8937968 -2.8909329 -2.892106 -2.9243465 -2.9428607 -3.0028622 -3.0350009 -3.0863724 -3.1147617 -3.145788 -3.1594949 -3.1523386 -3.1360901 -3.0978321 -3.0428252 -2.9658208 -2.8917342 -2.8030945 -2.7163328 -2.6489885 -2.602262 -2.5527089 -2.5602937 -2.5533764 -2.5825738 -2.6403011 -2.7085258 -2.7784012 -2.8487937 -2.9333572 -3.0168109 -3.0995614 -3.1929861 -3.2924453 -3.3574104 -3.4169082 -3.4480811 -3.4782567 -3.4290468 -3.3931046 -3.3964259 -3.3943521 -3.3884997 -3.2818788 -3.1838248 -3.1609061 -3.131908 -3.0878826 -3.077389 -3.0236191 -2.9124227 -2.7682502
