mean_models/J1_mean_tot_conduct_slide_148.39.dat.tif
NCOLS 118
NROWS 92
XLLCORNER 139.62
YLLCORNER -39.07
DX 0.099491525
DY 0.099347826
NODATA_VALUE -9999
[rows 50 to 74 of 92, columns 58 to 115 of 118]
-2.2885748 -2.3955529 -2.4972808 -2.5926138 -2.7155933 -2.74522 -2.7744736 -2.8236856 -2.8446004 -2.8365848 -2.7788656 -2.8050647 -2.8022391 -2.7973898 -2.7788225 -2.7114826 -2.651195 -2.5510578 -2.3792217 -2.1469424 -1.8683972 -1.5859541 -1.3025075 -1.0625835 -0.90156988 -0.75869 -0.70265348 -0.67033848 -0.73702547 -0.83311664 -0.97784783 -1.1721524 -1.3782778 -1.5566659 -1.7706897 -1.9437144 -2.0729467 -2.0564858 -2.0796713 -2.1218612 -2.1407902 -2.1780292 -2.3773833 -2.5580165 -2.5697213 -2.5814262 -2.5931311 -2.6430643 -2.8061522 -2.8061522 -2.8061522 -2.8061522 -2.7412424 -2.6648235 -2.658971 -2.6311346 -2.5954883 -9999
-2.3429655 -2.4472196 -2.5385471 -2.6328022 -2.6683441 -2.6840533 -2.7133069 -2.7464708 -2.7606874 -2.7757761 -2.8124309 -2.8386299 -2.8375725 -2.8278738 -2.8057646 -2.7603521 -2.705079 -2.5545941 -2.3746184 -2.0879931 -1.7994056 -1.4927802 -1.2070355 -0.95525106 -0.77742897 -0.63371899 -0.58673319 -0.55595359 -0.63788779 -0.76296119 -0.92507246 -1.1339423 -1.3563351 -1.5827094 -1.7979545 -1.9955912 -2.1191855 -2.0946603 -2.0899448 -2.1309119 -2.1474134 -2.1900945 -2.4787384 -2.6593715 -2.6705382 -2.6779262 -2.6896311 -2.7297282 -2.7575725 -2.7579611 -2.76 -2.76 -2.6955032 -2.6480409 -2.6421884 -2.618016 -2.5829013 -9999
-2.395951 -2.4788606 -2.5629692 -2.6415151 -2.6726413 -2.6778777 -2.7066837 -2.7398476 -2.7569803 -2.7757761 -2.8124309 -2.8386299 -2.8331026 -2.8212506 -2.7991414 -2.7526771 -2.6918768 -2.5305938 -2.3415025 -2.0485552 -1.7530432 -1.4379867 -1.1474268 -0.88991935 -0.71119709 -0.5674871 -0.52531667 -0.50296808 -0.60076333 -0.72984525 -0.91224638 -1.1319862 -1.389451 -1.6246651 -1.8575632 -2.0623987 -2.1855299 -2.121153 -2.1141241 -2.1441583 -2.158092 -2.1967177 -2.4893399 -2.6713089 -2.6771614 -2.6830138 -2.6896311 -2.7261335 -2.7521087 -2.7579611 -2.76 -2.76 -2.6955032 -2.6480409 -2.6421884 -2.618016 -2.5829013 -9999
-2.4242792 -2.4917741 -2.5627323 -2.6346736 -2.662952 -2.6681884 -2.6950959 -2.7282597 -2.7453925 -2.7651375 -2.8017923 -2.8279914 -2.822464 -2.8096627 -2.7875535 -2.73761 -2.6749696 -2.5098896 -2.3156014 -2.0331703 -1.7379914 -1.4313418 -1.1434796 -0.89201446 -0.71990412 -0.57927152 -0.55160674 -0.53376048 -0.63791876 -0.78420988 -0.97665082 -1.2065985 -1.4683338 -1.7092009 -1.9451982 -2.1294544 -2.2478392 -2.1621047 -2.1320299 -2.157822 -2.1656339 -2.202433 -2.4902891 -2.6722582 -2.6781107 -2.6839631 -2.6898156 -2.7261335 -2.7521087 -2.7546807 -2.7546807 -2.7546807 -2.6955032 -2.6480409 -2.6421884 -2.618016 -2.5829013 -9999
-2.4376896 -2.4929626 -2.5462174 -2.6090541 -2.6584818 -2.6637182 -2.6955171 -2.7286809 -2.7490746 -2.7630435 -2.7940613 -2.8202604 -2.8147331 -2.7986709 -2.7765617 -2.7200964 -2.6537687 -2.4831614 -2.2938625 -2.0182467 -1.7363541 -1.4344107 -1.1614143 -0.91561175 -0.75372206 -0.62106669 -0.59967739 -0.5970248 -0.71407365 -0.86525608 -1.0642391 -1.2935346 -1.562747 -1.7859332 -2.0193134 -2.1788997 -2.2682367 -2.1628927 -2.2061875 -2.2237449 -2.2304301 -2.2453949 -2.4987747 -2.6771495 -2.683002 -2.687224 -2.6930764 -2.7147204 -2.738587 -2.738587 -2.738587 -2.738587 -2.6913665 -2.6480409 -2.6421884 -2.618016 -2.5829013 -9999
-2.4141845 -2.4362937 -2.4806594 -2.5229527 -2.6037421 -2.6835878 -2.7233626 -2.76842 -2.7962402 -2.816029 -2.816029 -2.8268836 -2.8213563 -2.8037056 -2.7705418 -2.7060778 -2.6206528 -2.458408 -2.2806161 -2.0208327 -1.7496005 -1.4677078 -1.2044918 -0.98795145 -0.8351778 -0.72041452 -0.70863956 -0.71624219 -0.84227087 -0.99806211 -1.2025725 -1.4247468 -1.668718 -1.8558197 -2.0458061 -2.1394452 -2.201233 -2.3533965 -2.4267066 -2.4489333 -2.4556185 -2.4705833 -2.5759273 -2.6965072 -2.6965072 -2.7004704 -2.7063228 -2.6884405 -2.6922246 -2.6922246 -2.6922246 -2.6922246 -2.6746346 -2.6478281 -2.6361232 -2.6134263 -2.5829013 -9999
-2.394315 -2.4058623 -2.4308043 -2.4630026 -2.5322711 -2.6138824 -2.6786581 -2.7295793 -2.7586118 -2.7958623 -2.7968007 -2.7993691 -2.7956159 -2.7810679 -2.7507329 -2.6848242 -2.5925039 -2.4305312 -2.2722465 -2.0152551 -1.7774773 -1.5031843 -1.2775268 -1.0764587 -0.93241693 -0.84697912 -0.84212507 -0.87524177 -1.0062217 -1.1695404 -1.3692971 -1.5657802 -1.7940303 -1.9764212 -2.1015597 -2.1897764 -2.2783707 -2.4279255 -2.4989674 -2.5137502 -2.5198721 -2.5348369 -2.6388983 -2.7 -2.7 -2.7039631 -2.7051232 -2.6870565 -2.6751232 -2.6751232 -2.6751232 -2.6751232 -2.6575331 -2.6412049 -2.6321884 -2.61168 -2.586811 -9999
-2.3505 -2.3505 -2.3630888 -2.3892707 -2.4483582 -2.5269041 -2.5946798 -2.6554802 -2.7062495 -2.7468006 -2.7540616 -2.7593701 -2.7595 -2.7473766 -2.7197401 -2.6533522 -2.5593879 -2.4155508 -2.2648578 -2.046871 -1.8224831 -1.5709162 -1.3557587 -1.174333 -1.0715716 -0.99418927 -1.0146761 -1.0497124 -1.190171 -1.3465443 -1.54 -1.7229831 -1.9219661 -2.0425245 -2.1613724 -2.2132692 -2.299984 -2.4462951 -2.5086685 -2.5203734 -2.5249953 -2.5394068 -2.6388983 -2.7 -2.7 -2.7 -2.7 -2.6819333 -2.67 -2.67 -2.6685 -2.6685 -2.65091 -2.6365409 -2.6306884 -2.615344 -2.5919342 -9999
-2.2879459 -2.2658367 -2.2737518 -2.2899229 -2.3448292 -2.4143099 -2.4876638 -2.5561324 -2.6222765 -2.6739456 -2.6948911 -2.7063845 -2.7119119 -2.7010143 -2.6733778 -2.6109484 -2.526272 -2.3904062 -2.2516114 -2.0581557 -1.8489758 -1.6334108 -1.4342005 -1.2935504 -1.202192 -1.1465226 -1.1803503 -1.2285384 -1.3733566 -1.5305755 -1.7074493 -1.8732143 -2.0279371 -2.1202582 -2.2077347 -2.2369969 -2.3132304 -2.4595415 -2.5198306 -2.5269966 -2.5281232 -2.5394068 -2.6388983 -2.7 -2.7 -2.7 -2.7 -2.6819333 -2.67 -2.67 -2.6661864 -2.6618768 -2.6442868 -2.6299177 -2.6240652 -2.6108848 -2.5919342 -9999
-2.1884035 -2.1587642 -2.1529366 -2.1653885 -2.1990504 -2.2613444 -2.3323522 -2.4042072 -2.4659721 -2.5375258 -2.6172897 -2.6371536 -2.6494336 -2.6428376 -2.6175227 -2.5063834 -2.4057345 -2.2774859 -2.1820818 -2.0401629 -1.8522863 -1.6693963 -1.5017086 -1.3808361 -1.3251075 -1.2811563 -1.3279372 -1.3840165 -1.5283622 -1.6622722 -1.8169565 -1.9706804 -2.1139094 -2.1745636 -2.2442553 -2.2643737 -2.3312232 -2.5320542 -2.6422437 -2.6480961 -2.6486594 -2.6547462 -2.7290795 -2.7901812 -2.7873241 -2.7814717 -2.7806884 -2.5822593 -2.5703261 -2.5703261 -2.5703261 -2.5654065 -2.5807071 -2.566338 -2.5604855 -2.5509691 -2.5344941 -9999
-2.0824325 -2.0437414 -2.0284656 -2.033702 -2.0640722 -2.1063564 -2.1765841 -2.2484391 -2.3096067 -2.3806127 -2.4801043 -2.559045 -2.5756269 -2.5779752 -2.555866 -2.4481442 -2.2889808 -2.1906098 -2.1044224 -1.971767 -1.8365254 -1.6707062 -1.5482955 -1.4546564 -1.4137234 -1.4005289 -1.4551004 -1.5234807 -1.6580869 -1.7892577 -1.921913 -2.0419412 -2.1765474 -2.2353172 -2.2732626 -2.2908199 -2.3896996 -2.6647644 -2.7749538 -2.78 -2.78 -2.7860867 -2.8504636 -2.8877418 -2.8818893 -2.8746673 -2.8688149 -2.6230879 -2.46 -2.46 -2.4586304 -2.4586304 -2.4820838 -2.4966713 -2.4908189 -2.482672 -2.4709671 -9999
-1.9760033 -1.9262576 -1.9092482 -1.9144846 -1.9480214 -2.0003853 -2.0764521 -2.1557144 -2.2268914 -2.3077577 -2.4072492 -2.4861899 -2.512552 -2.518784 -2.502202 -2.3995748 -2.2558649 -2.1625472 -2.0845528 -1.9626412 -1.8365254 -1.6985215 -1.5926774 -1.5275115 -1.4954453 -1.5064999 -1.5667274 -1.6426981 -1.7688462 -1.8952287 -1.9949275 -2.1008298 -2.2162865 -2.2645354 -2.2865089 -2.3000466 -2.3963228 -2.6713876 -2.78 -2.78 -2.78 -2.7860867 -2.8504636 -2.8874908 -2.8757859 -2.8680441 -2.8621917 -2.6211174 -2.4598986 -2.4540461 -2.4520072 -2.4520072 -2.4754606 -2.4900481 -2.49 -2.482672 -2.4709671 -9999
-1.8682542 -1.820888 -1.8069964 -1.813731 -1.8584633 -1.9128781 -1.997523 -2.0810863 -2.1678841 -2.2487504 -2.348242 -2.4312928 -2.4621752 -2.4704144 -2.4538325 -2.3676649 -2.2273649 -2.1380617 -2.0604345 -1.9580253 -1.8430677 -1.7244128 -1.6300592 -1.5772715 -1.5796112 -1.5940071 -1.667481 -1.742684 -1.8630286 -1.9564204 -2.0426957 -2.1389818 -2.2459465 -2.2731658 -2.2947904 -2.3020538 -2.39833 -2.6733948 -2.78 -2.78 -2.78 -2.7855334 -2.8458477 -2.8808676 -2.8691627 -2.8574578 -2.8509526 -2.6098783 -2.4486594 -2.4453841 -2.4453841 -2.4453841 -2.4688374 -2.4853841 -2.4853841 -2.474392 -2.4617352 -9999
-1.7647614 -1.7205429 -1.7126051 -1.7230779 -1.7731735 -1.8362745 -1.9304361 -2.0244003 -2.1130208 -2.2044388 -2.3039304 -2.3807856 -2.4139494 -2.4240521 -2.4074702 -2.3213025 -2.1939288 -2.1066124 -2.0314635 -1.931972 -1.8339662 -1.7234201 -1.6573635 -1.6222489 -1.6338358 -1.6691878 -1.7486369 -1.8404528 -1.9457967 -2.0416667 -2.1135217 -2.2295253 -2.3231644 -2.3475141 -2.362131 -2.3679834 -2.4602865 -2.7353513 -2.78 -2.7793242 -2.7787609 -2.7842943 -2.8428187 -2.8630922 -2.8513874 -2.8396825 -2.8269229 -2.5867189 -2.4276087 -2.4276087 -2.4276087 -2.4276087 -2.4523012 -2.4688478 -2.4688478 -2.4578558 -2.4410541 -9999
-1.6723328 -1.6446962 -1.6426902 -1.6688722 -1.7259994 -1.8097818 -1.9100432 -2.0111539 -2.1029804 -2.1978156 -2.2776878 -2.3410464 -2.3694506 -2.3776898 -2.3611078 -2.2735986 -2.1409433 -2.0584193 -1.9917244 -1.9025854 -1.8140967 -1.7395941 -1.6947154 -1.6818576 -1.7000162 -1.7552892 -1.8509236 -1.9662933 -2.0798345 -2.1807537 -2.2526087 -2.4197348 -2.6344542 -2.6663033 -2.6932904 -2.6991429 -2.791446 -2.7868046 -2.7785534 -2.772701 -2.7721377 -2.7776711 -2.7977826 -2.7968604 -2.7851555 -2.7716252 -2.7540678 -2.5186469 -2.3613768 -2.3613768 -2.3613768 -2.3613768 -2.3906935 -2.4092391 -2.4092391 -2.3997734 -2.3880685 -9999
-1.6308506 -1.6122107 -1.625971 -1.6562562 -1.7291153 -1.8146876 -1.914949 -2.0199678 -2.1098138 -2.199698 -2.2693472 -2.3285957 -2.3500013 -2.3582405 -2.3416586 -2.2485324 -2.1148708 -2.0366222 -1.9747188 -1.9006578 -1.8244431 -1.7682245 -1.7302401 -1.7250975 -1.7705464 -1.8279342 -1.9363946 -2.052532 -2.1674155 -2.2491528 -2.3109565 -2.4780826 -2.7238852 -2.7776729 -2.80466 -2.8105124 -2.8088474 -2.7890728 -2.7764158 -2.7705633 -2.77 -2.77 -2.7719203 -2.770998 -2.756697 -2.7391397 -2.7215823 -2.4906469 -2.3355145 -2.3355145 -2.3355145 -2.3355145 -2.3648312 -2.3855145 -2.3832174 -2.370037 -2.3575106 -9999
-1.6021984 -1.5966711 -1.6227029 -1.6645941 -1.7446081 -1.8388632 -1.940362 -2.0453809 -2.1321512 -2.2157289 -2.283235 -2.3374363 -2.3540182 -2.3538347 -2.3372528 -2.2441266 -2.1059439 -2.0312358 -1.9715441 -1.9017841 -1.8366098 -1.786864 -1.7633851 -1.7692375 -1.8202348 -1.8920898 -2.0015178 -2.1165037 -2.2159952 -2.2899716 -2.3397174 -2.4957348 -2.7415374 -2.7939124 -2.8101745 -2.8160269 -2.8124826 -2.7890728 -2.7764158 -2.7705633 -2.7688913 -2.7688913 -2.7688913 -2.7621166 -2.7445593 -2.7258933 -2.7083359 -2.480046 -2.3288913 -2.3288913 -2.3288913 -2.3288913 -2.358208 -2.3769322 -2.3710797 -2.3556819 -2.3381246 -9999
-1.6012135 -1.6231639 -1.6552228 -1.7109564 -1.7959341 -1.8984719 -1.9967903 -2.0983664 -2.1766667 -2.255468 -2.3130684 -2.3636676 -2.3747223 -2.3710723 -2.343876 -2.2507498 -2.1125671 -2.0401248 -1.9847905 -1.9239901 -1.8631168 -1.8244257 -1.8078818 -1.8354694 -1.8864667 -1.9583217 -2.0640232 -2.1761124 -2.2597312 -2.3204956 -2.3536594 -2.5068845 -2.7481606 -2.7970068 -2.8101745 -2.8160269 -2.8124826 -2.7890728 -2.7764158 -2.7705633 -2.7650047 -2.7622681 -2.7622681 -2.7554934 -2.7379361 -2.7164157 -2.6950896 -2.4717131 -2.3222681 -2.3165751 -2.3183498 -2.3222681 -2.3515849 -2.370309 -2.3589131 -2.3398802 -2.318255 -9999
-1.6033005 -1.6296471 -1.6773605 -1.7376701 -1.8292312 -1.9403231 -2.0261775 -2.1254051 -2.2035218 -2.2603666 -2.3150506 -2.3335445 -2.3420942 -2.3299709 -2.3046414 -2.2094672 -2.1317944 -2.0795016 -2.0241673 -1.9633669 -1.9200951 -1.8853967 -1.8914128 -1.924789 -1.9831841 -2.0550391 -2.1607406 -2.2951567 -2.3712385 -2.4320028 -2.4670217 -2.5774779 -2.8036318 -2.8515358 -2.8624353 -2.8679058 -2.8603883 -2.7931542 -2.732865 -2.7270126 -2.721454 -2.7164493 -2.696667 -2.5964427 -2.5813511 -2.56172 -2.5466515 -2.4845972 -2.3353116 -2.3317754 -2.3355889 -2.3374203 -2.2883457 -2.3051107 -2.2934059 -2.274373 -2.2509632 -9999
-1.6222224 -1.6553863 -1.7062174 -1.7690541 -1.8677963 -1.982997 -2.0668949 -2.1442772 -2.1983282 -2.2465416 -2.267181 -2.2829348 -2.2829348 -2.2742144 -2.2521051 -2.2215146 -2.1828234 -2.1305306 -2.0775201 -2.0360528 -2.0003482 -1.9837663 -1.9897824 -2.0307495 -2.090887 -2.162742 -2.29452 -2.4337944 -2.5098761 -2.5657654 -2.6044565 -2.7139344 -2.8836552 -2.919275 -2.93 -2.93 -2.883016 -2.7367049 -2.6764158 -2.6705633 -2.6640264 -2.6446349 -2.4924714 -2.3945053 -2.3828004 -2.3710955 -2.3593906 -2.3590217 -2.3590217 -2.3590217 -2.3590217 -2.3590217 -2.2827982 -2.2251035 -2.2133986 -2.1914309 -2.1680212 -9999
-1.6711009 -1.714995 -1.7658261 -1.8286628 -1.927405 -2.0426057 -2.119882 -2.1906395 -2.2359597 -2.2796576 -2.2901304 -2.3028043 -2.3028043 -2.2955303 -2.2785979 -2.2530094 -2.2225626 -2.1745404 -2.1305056 -2.102869 -2.0736159 -2.0736159 -2.082507 -2.1234741 -2.1780069 -2.2422202 -2.3624274 -2.4934031 -2.5502961 -2.5902693 -2.6179058 -2.7249536 -2.8902784 -2.9222389 -2.93 -2.93 -2.883016 -2.7367049 -2.6764158 -2.6705633 -2.6600094 -2.6380117 -2.4858482 -2.3878821 -2.3761772 -2.3644723 -2.3527674 -2.3523986 -2.3523986 -2.3523986 -2.3523986 -2.3523986 -2.276175 -2.2184803 -2.2067754 -2.1767505 -2.1415284 -9999
-1.7263383 -1.7728468 -1.8219151 -1.8819346 -1.9806768 -2.0958775 -2.1645756 -2.2304286 -2.2663287 -2.3044043 -2.3111759 -2.3204229 -2.3235792 -2.3163052 -2.2997233 -2.2831413 -2.257599 -2.2163608 -2.1906152 -2.1763742 -2.1554326 -2.1588432 -2.1726318 -2.2113706 -2.2545616 -2.3131246 -2.4183684 -2.5402292 -2.5847606 -2.6075246 -2.6275 -2.7297507 -2.8936191 -2.9246375 -2.9298255 -2.9254736 -2.8784896 -2.7321785 -2.6718894 -2.6660369 -2.655483 -2.6310868 -2.4789233 -2.3809572 -2.3692523 -2.3575474 -2.3458425 -2.3454736 -2.3454736 -2.3454736 -2.3492872 -2.35 -2.2692501 -2.2115554 -2.1975125 -2.1616351 -2.1198057 -9999
-1.788301 -1.8380468 -1.8893514 -1.9417154 -2.0371659 -2.1516837 -2.2180357 -2.2733088 -2.3072071 -2.3359701 -2.3412065 -2.3237976 -2.3293249 -2.3251535 -2.3085716 -2.2950187 -2.2820843 -2.2679224 -2.250479 -2.2394244 -2.2347463 -2.2402736 -2.2771075 -2.3122221 -2.3535637 -2.3969597 -2.4985087 -2.6097816 -2.6390438 -2.6602932 -2.6713478 -2.6858305 -2.8496989 -2.8807172 -2.8843907 -2.8785383 -2.8290957 -2.6827846 -2.6421839 -2.6353802 -2.624263 -2.5998668 -2.4477033 -2.3709401 -2.3592352 -2.3475303 -2.3358254 -2.3384855 -2.3384855 -2.3384855 -2.3438136 -2.349666 -2.2618552 -2.1980647 -2.1805073 -2.1431155 -2.094234 -9999
-1.8677793 -1.9175251 -1.9688297 -2.0211937 -2.1131877 -2.2179156 -2.2842676 -2.3395407 -2.373439 -2.402202 -2.3444499 -2.2906817 -2.296209 -2.2931623 -2.287635 -2.2864679 -2.3085771 -2.3024299 -2.2968414 -2.2932391 -2.2943549 -2.3668136 -2.4286572 -2.4579323 -2.4973555 -2.5360467 -2.6494872 -2.7753613 -2.8002495 -2.8192497 -2.8303043 -2.7551698 -2.6576264 -2.6858696 -2.6856951 -2.6840072 -2.6372448 -2.5670154 -2.5344909 -2.522786 -2.5116688 -2.4872726 -2.3987176 -2.3510705 -2.3393656 -2.3276607 -2.3159558 -2.3276314 -2.3321087 -2.3379611 -2.3438136 -2.349666 -2.2444597 -2.1714751 -2.1480653 -2.1063962 -2.0478717 -9999
-1.9142196 -1.9589164 -2.0039855 -2.0530632 -2.1413326 -2.2460605 -2.3038344 -2.3581638 -2.3920621 -2.4084478 -2.3351383 -2.2827401 -2.2916582 -2.2947609 -2.2915698 -2.3103974 -2.3350698 -2.3345096 -2.3386264 -2.3433261 -2.3611792 -2.4477338 -2.5072794 -2.5340788 -2.5584485 -2.5941988 -2.7103278 -2.835818 -2.8572335 -2.8687063 -2.8797609 -2.8014209 -2.6535543 -2.63 -2.6298255 -2.6252391 -2.6026868 -2.5299648 -2.4933098 -2.4816049 -2.4657268 -2.4490773 -2.378848 -2.3312009 -2.3166245 -2.3069934 -2.2960863 -2.3125228 -2.3225869 -2.3311614 -2.3390527 -2.3449051 -2.2396989 -2.1574026 -2.1339929 -2.081271 -2.0205529 -9999
