mean_models/J1_mean_tot_conduct_slide_148.39.dat.tif
NCOLS 118
NROWS 92
XLLCORNER 139.62
YLLCORNER -39.07
DX 0.099491525
DY 0.099347826
NODATA_VALUE -9999
[rows 0 to 24 of 92, columns 58 to 115 of 118]
-3.0151856 -2.9488579 -2.8728931 -2.7734016 -2.6676349 -2.5471978 -2.4044123 -2.2625275 -2.1147462 -1.9637407 -1.8287909 -1.6962501 -1.5844006 -1.4875895 -1.4267891 -1.3956097 -1.401137 -1.4534746 -1.5311629 -1.6575824 -1.8002283 -1.9790058 -2.1725144 -2.3826855 -2.5646967 -2.7415705 -2.8298269 -2.8960267 -2.9477599 -2.981815 -2.981913 -2.9402431 -2.8652409 -2.7910319 -2.7126415 -2.6014451 -2.4808518 -2.3403932 -2.2389021 -2.1686728 -2.1469272 -2.1241878 -2.1066305 -2.1191395 -2.1952213 -2.2693617 -2.339591 -2.3658933 -2.398326 -2.4217358 -2.4354967 -2.4472016 -2.4830496 -2.4822131 -2.4526378 -2.3795319 -2.3093026 -9999
-3.0476747 -2.9751145 -2.882332 -2.7775045 -2.6603591 -2.524218 -2.3627 -2.2133883 -2.0588074 -1.8983489 -1.7622026 -1.6324019 -1.5230669 -1.4374455 -1.3834426 -1.3705377 -1.3893468 -1.4577884 -1.5530994 -1.6912821 -1.8556468 -2.0409188 -2.2444981 -2.455186 -2.6427456 -2.8123759 -2.8911612 -2.9346401 -2.9798092 -2.9986277 -2.995 -2.9419192 -2.8636205 -2.7864476 -2.6951157 -2.5832377 -2.4546983 -2.318331 -2.2254197 -2.158941 -2.1507003 -2.1340261 -2.1193474 -2.1522985 -2.2308048 -2.3048128 -2.3750421 -2.3970306 -2.4213763 -2.444786 -2.4605687 -2.4682937 -2.5038078 -2.5188321 -2.4938207 -2.4432873 -2.3922096 -9999
-3.0890703 -3.0061607 -2.9071427 -2.7971784 -2.6599879 -2.5133688 -2.3523739 -2.1865547 -2.0207355 -1.8595921 -1.7234458 -1.5965844 -1.4915656 -1.4142643 -1.3700459 -1.3726274 -1.4002639 -1.4868411 -1.5880521 -1.748344 -1.9143543 -2.1133373 -2.3122087 -2.5228966 -2.6966178 -2.862437 -2.9243696 -2.9624423 -2.9917046 -3.0034391 -2.9923845 -2.929888 -2.8421014 -2.7507009 -2.656223 -2.5340189 -2.4092383 -2.2804845 -2.1932499 -2.128873 -2.124769 -2.1300302 -2.1358827 -2.1710921 -2.2530263 -2.3280804 -2.3983097 -2.4212053 -2.4415733 -2.4649831 -2.4769521 -2.4828046 -2.514657 -2.5335995 -2.5160422 -2.4843519 -2.4433848 -9999
-3.1201165 -3.0372069 -2.9381889 -2.8282246 -2.6787643 -2.519578 -2.3623491 -2.1989731 -2.0331539 -1.8720106 -1.7358643 -1.6115438 -1.5226118 -1.4491137 -1.4135105 -1.4249606 -1.4623563 -1.551466 -1.662563 -1.8228549 -1.9864943 -2.1633681 -2.3459075 -2.5166874 -2.6513185 -2.7817169 -2.9040192 -2.9686516 -2.9890079 -2.9866719 -2.9613383 -2.8505606 -2.6992889 -2.6202316 -2.5320382 -2.4208418 -2.297472 -2.1731824 -2.0968763 -2.0419437 -2.0557285 -2.06821 -2.1267345 -2.1648828 -2.256503 -2.3342897 -2.404519 -2.4549103 -2.4788287 -2.5022385 -2.5142076 -2.52006 -2.5145307 -2.5273903 -2.509833 -2.4812836 -2.4433848 -9999
-3.1563406 -3.0741362 -2.9751182 -2.8651539 -2.7186352 -2.5510705 -2.3950325 -2.2347406 -2.0749882 -1.9154952 -1.7835817 -1.6620013 -1.5767074 -1.5222159 -1.4911197 -1.5096074 -1.5538258 -1.6524511 -1.7634256 -1.9179568 -2.0771329 -2.2467037 -2.404682 -2.5594806 -2.6627587 -2.7622503 -2.8644811 -2.9737093 -2.9854142 -2.9663626 -2.9348505 -2.8136313 -2.6205007 -2.5097764 -2.4310371 -2.3143065 -2.1993513 -2.0777968 -2.0177934 -1.9709739 -1.9982149 -2.0259805 -2.0940578 -2.1661316 -2.2608229 -2.3404989 -2.4107282 -2.4611195 -2.5013763 -2.5238833 -2.5338136 -2.539666 -2.5341367 -2.5241226 -2.5065653 -2.4721328 -2.4370181 -9999
-3.193596 -3.1162137 -3.0185829 -2.9086186 -2.7627488 -2.6004206 -2.4474014 -2.296833 -2.1418848 -1.990006 -1.8643325 -1.7489306 -1.6715483 -1.6215637 -1.6105091 -1.6343299 -1.6840756 -1.7828451 -1.8938197 -2.043057 -2.1951084 -2.349873 -2.4978206 -2.6265743 -2.720656 -2.7932964 -2.8879528 -2.9799185 -2.9754621 -2.9539441 -2.9041984 -2.7761121 -2.577129 -2.4578322 -2.3565262 -2.2336249 -2.1144823 -2.0032859 -1.9458532 -1.9213 -1.9567558 -2.0011435 -2.0830777 -2.1675406 -2.2670322 -2.3467081 -2.4169375 -2.4673288 -2.506326 -2.5238833 -2.5338136 -2.539666 -2.5341367 -2.5241226 -2.5065653 -2.4706879 -2.4245997 -9999
-3.1986911 -3.13068 -3.0406074 -2.9417857 -2.8008535 -2.6510862 -2.5195917 -2.3746383 -2.2235761 -2.0966772 -1.9766902 -1.8787404 -1.8103878 -1.7745121 -1.7700815 -1.8013951 -1.8555075 -1.9561195 -2.056374 -2.201817 -2.3345242 -2.4752665 -2.5802325 -2.6875526 -2.7773883 -2.8259035 -2.9130531 -2.9849762 -2.9727384 -2.9361656 -2.8692595 -2.7195711 -2.5184334 -2.3982874 -2.2766553 -2.152367 -2.0292514 -1.9273305 -1.8767024 -1.8772764 -1.9377832 -1.9870267 -2.0760242 -2.1791099 -2.2820722 -2.3636375 -2.4286912 -2.473538 -2.5116861 -2.5259222 -2.5338136 -2.5346399 -2.5287766 -2.5187626 -2.4980336 -2.4599678 -2.4082718 -9999
-3.2054002 -3.1445998 -3.0701576 -2.9759025 -2.8441726 -2.6975536 -2.5786135 -2.4514854 -2.3369117 -2.2182644 -2.1180013 -2.0323821 -1.9781052 -1.9502174 -1.9502174 -1.9850102 -2.0402833 -2.1318276 -2.2264276 -2.3414909 -2.4596925 -2.5730451 -2.6670259 -2.7548126 -2.8049527 -2.8491712 -2.8957229 -2.9661106 -2.9368484 -2.8837316 -2.800822 -2.6464257 -2.4415902 -2.3081589 -2.1868684 -2.0622991 -1.9448215 -1.8511824 -1.8341685 -1.8400209 -1.9068049 -1.984015 -2.1025663 -2.2079103 -2.3132543 -2.4018415 -2.4662184 -2.4900022 -2.5220638 -2.5337687 -2.5362772 -2.5362772 -2.5508146 -2.5388415 -2.5154317 -2.4564397 -2.4037677 -9999
-3.199858 -3.1445849 -3.0763515 -3.0007395 -2.8669883 -2.7161813 -2.6189994 -2.519787 -2.4354085 -2.3362399 -2.2629304 -2.187613 -2.1599765 -2.1382053 -2.148913 -2.1837059 -2.238979 -2.3235859 -2.4064955 -2.4894051 -2.5900865 -2.6729961 -2.7550628 -2.8044865 -2.8435701 -2.8677989 -2.8588299 -2.8791813 -2.8378746 -2.7781746 -2.6952649 -2.5359604 -2.3174054 -2.1870423 -2.0688928 -1.9576964 -1.8454737 -1.7848966 -1.7801359 -1.8027655 -1.8832535 -1.9715965 -2.1530222 -2.2763589 -2.4051127 -2.5021615 -2.5779847 -2.5438801 -2.55311 -2.5590752 -2.5611141 -2.5611141 -2.6314743 -2.6443986 -2.5930383 -2.5183823 -2.4410231 -9999
-3.1533021 -3.1040809 -3.0536576 -2.9860274 -2.8839935 -2.7367796 -2.6682001 -2.5852905 -2.5364099 -2.4591388 -2.4029716 -2.3464633 -2.330361 -2.3245465 -2.339259 -2.3746686 -2.4291674 -2.5071099 -2.568323 -2.6218857 -2.6981003 -2.7621831 -2.8217287 -2.8607261 -2.8717411 -2.886431 -2.8569871 -2.838422 -2.7896428 -2.7050244 -2.6107101 -2.4546109 -2.2332664 -2.0958231 -1.9804185 -1.8814595 -1.7871774 -1.7385801 -1.7630816 -1.7956907 -1.8954464 -1.993782 -2.1826082 -2.3437099 -2.4677351 -2.549116 -2.6301786 -2.5881201 -2.5663623 -2.5722147 -2.5704401 -2.57 -2.6318529 -2.6638606 -2.6091235 -2.524951 -2.4359851 -9999
-3.0720154 -3.0333243 -2.9945421 -2.9474146 -2.860186 -2.7449853 -2.6906194 -2.646401 -2.6124583 -2.5757258 -2.5285982 -2.4950702 -2.4895429 -2.4969609 -2.5190701 -2.5569318 -2.6066775 -2.6609572 -2.711753 -2.7529282 -2.7949744 -2.8447202 -2.8808364 -2.9042462 -2.9053974 -2.8998701 -2.8628654 -2.8221058 -2.7518765 -2.661504 -2.5509579 -2.3831807 -2.1666403 -2.0313994 -1.9115047 -1.8211033 -1.7481372 -1.7188749 -1.7515965 -1.810121 -1.9164819 -2.0353896 -2.2287889 -2.3925626 -2.5096115 -2.5860602 -2.6504371 -2.602644 -2.5729307 -2.5787831 -2.5753644 -2.569512 -2.6278115 -2.6495868 -2.5910623 -2.5052458 -2.4057543 -9999
-2.9549023 -2.9401857 -2.915178 -2.8915314 -2.8264511 -2.7387761 -2.7086797 -2.6836564 -2.6768438 -2.6502492 -2.6240672 -2.5966102 -2.6131921 -2.6227484 -2.6494642 -2.6820112 -2.7246531 -2.771107 -2.7986823 -2.8207915 -2.8558916 -2.8835281 -2.9121875 -2.9166647 -2.9089401 -2.8936608 -2.8446166 -2.7972688 -2.7139693 -2.6083781 -2.4826562 -2.3172624 -2.1045479 -1.976938 -1.8618308 -1.7974539 -1.7295094 -1.7240625 -1.7778262 -1.8535856 -1.9641199 -2.0850636 -2.2840466 -2.4484458 -2.5500689 -2.6138924 -2.6690648 -2.6108713 -2.5791399 -2.58 -2.5723729 -2.5633027 -2.6216022 -2.6433775 -2.5751675 -2.4866181 -2.3871266 -9999
-2.8112746 -2.8042365 -2.799356 -2.7932146 -2.7478846 -2.6973167 -2.7121919 -2.7066646 -2.7011373 -2.7150386 -2.6888566 -2.695958 -2.7129535 -2.7436926 -2.7713292 -2.8059243 -2.8536038 -2.8872007 -2.9082951 -2.9304043 -2.9471484 -2.9747849 -2.8971818 -2.8943546 -2.8792322 -2.8545746 -2.802762 -2.7579345 -2.6642954 -2.5489827 -2.4203736 -2.2553014 -2.0447538 -1.9180861 -1.8251188 -1.7607419 -1.736481 -1.7393979 -1.7999662 -1.89043 -1.9978631 -2.1217755 -2.3207586 -2.5040352 -2.5981221 -2.6543883 -2.6950958 -2.6165371 -2.5767595 -2.5755579 -2.5658919 -2.554187 -2.5343808 -2.5522378 -2.4872688 -2.4096616 -2.3294686 -9999
-2.6565787 -2.6676333 -2.6781576 -2.6938668 -2.6819797 -2.6662705 -2.6884858 -2.7190831 -2.7471097 -2.772846 -2.7833188 -2.7977652 -2.830929 -2.8616682 -2.8893047 -2.9356159 -2.9964163 -3.022046 -3.0386891 -3.0507219 -3.0498542 -2.9282534 -2.8475079 -2.8299505 -2.8077002 -2.7800637 -2.7453909 -2.7082606 -2.5975635 -2.4778362 -2.3396535 -2.1745812 -1.9873031 -1.8826389 -1.8002818 -1.7687649 -1.7528867 -1.7704441 -1.8340463 -1.9276854 -2.0316089 -2.146634 -2.3865841 -2.565505 -2.6415868 -2.6910273 -2.726142 -2.6308927 -2.5689919 -2.5631394 -2.5534734 -2.5417685 -2.4590137 -2.3978418 -2.3568747 -2.3010637 -2.2425393 -9999
-2.5074712 -2.5253711 -2.5547858 -2.583201 -2.6096819 -2.6125885 -2.6562491 -2.6962624 -2.7614884 -2.7954437 -2.8204179 -2.8378852 -2.875338 -2.9060772 -2.9337137 -2.9822259 -3.0430263 -3.0671698 -3.0725747 -3.0670474 -3.0488793 -2.9181923 -2.8328505 -2.8085715 -2.7689977 -2.7338477 -2.6820351 -2.6404582 -2.5254713 -2.3990888 -2.2645924 -2.1219578 -1.9518547 -1.8753304 -1.8001745 -1.8038192 -1.7895919 -1.8207123 -1.8975219 -1.9932357 -2.077178 -2.1928531 -2.4379088 -2.6146287 -2.6756319 -2.7084883 -2.7402113 -2.6336441 -2.5678913 -2.5620389 -2.5523729 -2.540668 -2.4579131 -2.3862861 -2.345319 -2.3006879 -2.2461534 -9999
-2.3570976 -2.3792068 -2.4190725 -2.4609636 -2.5076302 -2.5390486 -2.6032306 -2.664031 -2.738146 -2.800623 -2.8303078 -2.8609605 -2.9002743 -2.9341161 -2.9617526 -3.0082721 -3.0690725 -3.0845339 -3.0858309 -3.0764405 -3.0441335 -2.9106012 -2.8125674 -2.7833052 -2.7340543 -2.6843085 -2.6197638 -2.5600551 -2.4371538 -2.3226275 -2.1900725 -2.0638871 -1.9175761 -1.863589 -1.8111851 -1.8279472 -1.8450758 -1.8860429 -1.9608597 -2.0603513 -2.1368859 -2.2351968 -2.4809994 -2.6522805 -2.7046423 -2.7278452 -2.751255 -2.6415996 -2.5678913 -2.5620389 -2.5523729 -2.540668 -2.4579131 -2.3862861 -2.345319 -2.3066662 -2.2598467 -9999
-2.2052514 -2.2384153 -2.2833605 -2.3409608 -2.3979996 -2.4595703 -2.5352339 -2.6176686 -2.7051875 -2.7807534 -2.8226446 -2.8609605 -2.9051789 -2.9407393 -2.9683758 -3.0134088 -3.0690725 -3.0782342 -3.0725845 -3.0560026 -3.0176408 -2.8794581 -2.7785354 -2.7317159 -2.6757052 -2.6114535 -2.5326964 -2.4540841 -2.336035 -2.2232797 -2.1182609 -2.0061437 -1.8977065 -1.8648772 -1.844301 -1.8852681 -1.9184262 -1.9652457 -2.037155 -2.1265831 -2.1911076 -2.2749359 -2.5207385 -2.6893972 -2.7245118 -2.743774 -2.7578782 -2.6441933 -2.5678913 -2.5620389 -2.5523729 -2.540668 -2.4579131 -2.3868612 -2.3517466 -2.3166319 -2.2797162 -9999
-2.0948311 -2.1253196 -2.1707966 -2.2316628 -2.2944996 -2.3685522 -2.4719296 -2.562857 -2.6523154 -2.7520428 -2.7988002 -2.8609605 -2.906988 -2.947035 -2.9746716 -3.0197045 -3.0162035 -3.0067025 -2.9961411 -2.9780586 -2.9236942 -2.7839567 -2.6736969 -2.6216502 -2.5614874 -2.4867205 -2.404503 -2.3291777 -2.2167207 -2.1190202 -2.0332948 -1.9705356 -1.8771358 -1.8509017 -1.8708681 -1.9155896 -1.9743284 -2.0396523 -2.127439 -2.2065289 -2.2540651 -2.3323571 -2.5610326 -2.6788143 -2.7048619 -2.7184561 -2.7254338 -2.5227852 -2.4450992 -2.4421196 -2.4344924 -2.4227876 -2.4431781 -2.3735102 -2.3411188 -2.3081926 -2.2863623 -9999
-1.9988516 -2.0264881 -2.0739619 -2.1367987 -2.2104071 -2.288953 -2.3934514 -2.5039975 -2.6145437 -2.7200472 -2.7887119 -2.8533631 -2.9031089 -2.943156 -2.9707925 -2.9625153 -2.9348787 -2.9208439 -2.9059981 -2.8696551 -2.8141748 -2.6704649 -2.5568423 -2.4983179 -2.4246531 -2.3472708 -2.2769656 -2.2036818 -2.1100427 -2.0449376 -1.9841372 -1.9292245 -1.8648476 -1.8786382 -1.9023565 -1.9686263 -2.0405206 -2.1283072 -2.2021998 -2.2782816 -2.3233251 -2.378303 -2.5468886 -2.6578956 -2.6754529 -2.6839631 -2.6898156 -2.4671769 -2.32 -2.32 -2.311252 -2.2995471 -2.3399225 -2.3590835 -2.3298212 -2.3123707 -2.2948134 -9999
-1.9458314 -1.9581865 -2.0036635 -2.0622878 -2.1358962 -2.2144421 -2.3221087 -2.4356959 -2.546242 -2.6517455 -2.7302915 -2.7977291 -2.8530022 -2.893482 -2.9211186 -2.910483 -2.8789956 -2.8593686 -2.8314872 -2.7817414 -2.7210363 -2.5773263 -2.4601722 -2.3865516 -2.3075674 -2.223086 -2.1602094 -2.0919155 -2.0232416 -1.9834501 -1.9655095 -1.925188 -1.8896846 -1.9210579 -1.9582397 -2.0343214 -2.1088222 -2.1864849 -2.2482297 -2.3093278 -2.3466226 -2.3969307 -2.5549466 -2.6641048 -2.6762213 -2.6839631 -2.6898156 -2.4671769 -2.32 -2.3147087 -2.3050427 -2.2933378 -2.3337133 -2.3528742 -2.3338955 -2.3236662 -2.3134411 -9999
-1.9209333 -1.9280787 -1.9601377 -2.0120574 -2.0790823 -2.1552619 -2.2511372 -2.3672106 -2.4779404 -2.5799045 -2.6584505 -2.7312277 -2.786064 -2.8261111 -2.8507649 -2.8360333 -2.8028694 -2.7742395 -2.7322005 -2.6824547 -2.5995825 -2.4564201 -2.3424423 -2.2626366 -2.1781041 -2.1010564 -2.039564 -1.9934543 -1.9407823 -1.9293061 -1.9220788 -1.9402842 -1.9185445 -1.9565131 -2.0176622 -2.093744 -2.1662863 -2.2385545 -2.2934946 -2.3372383 -2.3599718 -2.4049402 -2.5629561 -2.6645165 -2.6745713 -2.6804237 -2.6829212 -2.4636375 -2.3143519 -2.3084995 -2.2988335 -2.2871286 -2.327504 -2.3505832 -2.3357278 -2.3298754 -2.3270788 -9999
-1.9087691 -1.9032418 -1.9267015 -1.9685927 -2.0322785 -2.105588 -2.1992143 -2.298909 -2.4045464 -2.5053936 -2.5839396 -2.6555982 -2.7053439 -2.7410444 -2.7576263 -2.7428947 -2.7097308 -2.6639707 -2.614225 -2.5431306 -2.4593633 -2.3322353 -2.2182575 -2.1246184 -2.0494086 -1.9830809 -1.9399239 -1.9013757 -1.8955232 -1.9013334 -1.9344973 -1.9527027 -1.9585551 -2.0131361 -2.0797546 -2.1500608 -2.2172855 -2.2758099 -2.3207514 -2.3558661 -2.3742318 -2.4049402 -2.5629561 -2.6625096 -2.668362 -2.6705027 -2.6705027 -2.4537019 -2.3081427 -2.3022902 -2.2926242 -2.2809194 -2.3212948 -2.3477895 -2.3419371 -2.3394973 -2.3394973 -9999
-1.9264749 -1.9085914 -1.9188261 -1.947768 -2.0040213 -2.0718018 -2.1568499 -2.2522094 -2.3410136 -2.435526 -2.4931263 -2.5606194 -2.6003951 -2.6307435 -2.6394646 -2.6177744 -2.578859 -2.5303155 -2.4692091 -2.3807722 -2.2965752 -2.1746864 -2.0676029 -1.9861347 -1.9300793 -1.8766239 -1.8634836 -1.8360654 -1.8509439 -1.9029349 -1.9667754 -2.0106238 -2.0416738 -2.1075406 -2.1770709 -2.2355953 -2.3014096 -2.4375847 -2.528452 -2.5663375 -2.5896986 -2.592239 -2.4485648 -2.5478669 -2.5492536 -2.5492536 -2.5492536 -2.4408532 -2.3015363 -2.2913676 -2.2834763 -2.2743129 -2.3029617 -2.3289757 -2.3272899 -2.3346179 -2.34 -9999
-1.9594747 -1.9356981 -1.9308474 -1.951793 -1.9902944 -2.0531312 -2.1190804 -2.2075173 -2.2847857 -2.3650628 -2.4147953 -2.4635984 -2.4980234 -2.5148925 -2.5193175 -2.4907391 -2.4465206 -2.3887005 -2.3220711 -2.2363651 -2.1468123 -2.0335931 -1.941357 -1.8677453 -1.8339909 -1.7952998 -1.8079569 -1.8054791 -1.8464462 -1.9250533 -2.0010054 -2.0595618 -2.1122338 -2.1772616 -2.2535583 -2.3042298 -2.3984621 -2.5671351 -2.6422976 -2.6832647 -2.6988127 -2.7055514 -2.5614791 -2.4716236 -2.4707209 -2.4632473 -2.4632473 -2.3604311 -2.2846142 -2.2736625 -2.2706022 -2.2647498 -2.2965246 -2.3172079 -2.3184153 -2.3301201 -2.341825 -9999
-2.0153578 -1.9766667 -1.9671259 -1.9723623 -2.0057284 -2.0476196 -2.1038894 -2.1640526 -2.2311148 -2.2967611 -2.3334159 -2.3704598 -2.3925691 -2.4031262 -2.3920716 -2.3596579 -2.3099174 -2.2450267 -2.1730493 -2.0901397 -2.0039998 -1.9100356 -1.8295907 -1.7827712 -1.7592017 -1.7518351 -1.780837 -1.8116883 -1.8840813 -1.968518 -2.0680095 -2.1336594 -2.1805354 -2.2400272 -2.3032322 -2.3441993 -2.4277468 -2.5857628 -2.6577568 -2.6770555 -2.6859939 -2.6807144 -2.5402558 -2.4517363 -2.4458839 -2.4360683 -2.4259918 -2.3296359 -2.2608872 -2.2550348 -2.2529959 -2.2523313 -2.2871774 -2.3129196 -2.3246245 -2.3363294 -2.3480343 -9999
