mean_models/J1_mean_vp_slide_diff2_260.dat.tif
NCOLS 118
NROWS 92
XLLCORNER 139.62
YLLCORNER -39.07
DX 0.099491525
DY 0.099347826
NODATA_VALUE -9999
[rows 0 to 23 of 92, columns 0 to 54 of 118]
-9999 -9999 -9999 -9999 -9999 -9999 -9999 -9999 -9999 -9999 -9999 -9999 -9999 -9999 -9999 -9999 -9999 -9999 -9999 -9999 -9999 -9999 -9999 -9999 -9999 -9999 -9999 -9999 -9999 -9999 -9999 -9999 -9999 -9999 -9999 -9999 -9999 -9999 -9999 -9999 -9999 -9999 -9999 -9999 -9999 -9999 -9999 -9999 -9999 -9999 -9999 -9999 -9999 -9999 -9999
-9999 -0.033713545 -0.033451768 -0.033189991 -0.032928214 -0.032666438 -0.032631485 -0.032419661 -0.03363097 -0.03636291 -0.039094849 -0.041826788 -0.044558728 -0.046064407 -0.045011145 -0.043839467 -0.042667788 -0.04149611 -0.040324431 -0.039143376 -0.03794069 -0.036738003 -0.035535316 -0.034332629 -0.033467001 -0.034853392 -0.037191682 -0.040246072 -0.043300461 -0.046354851 -0.049409241 -0.050396079 -0.047397337 -0.044398595 -0.041399853 -0.038401111 -0.036789324 -0.038242303 -0.03752717 -0.036048691 -0.034570213 -0.033091735 -0.031613256 -0.033886647 -0.038555306 -0.043127552 -0.047699799 -0.052272045 -0.056844292 -0.052111419 -0.021334426 0.0094425669 0.04021956 0.070996552 0.096252296
-9999 -0.033803372 -0.033541595 -0.033279818 -0.033018041 -0.033159505 -0.033553557 -0.033341733 -0.032430652 -0.032661996 -0.035393935 -0.038125875 -0.040857814 -0.042363493 -0.041413515 -0.040415278 -0.0392436 -0.038071921 -0.036900243 -0.035719188 -0.034516501 -0.033313814 -0.032111128 -0.031847768 -0.03307168 -0.034458071 -0.036279946 -0.038337972 -0.041392362 -0.044446752 -0.047501142 -0.04848798 -0.045489238 -0.042490496 -0.039491754 -0.039073951 -0.041326001 -0.04277898 -0.043088776 -0.042743079 -0.041264601 -0.039786122 -0.038307644 -0.040581035 -0.045551596 -0.050294256 -0.054866503 -0.059438749 -0.064010996 -0.060392033 -0.055357406 -0.02771352 0.0030634727 0.033840465 0.059096209
-9999 -0.033893199 -0.033631422 -0.033369645 -0.033687526 -0.034081577 -0.034475629 -0.034263805 -0.033352724 -0.032441643 -0.031693022 -0.034424961 -0.037156901 -0.03866258 -0.037712601 -0.036762623 -0.035812645 -0.034647733 -0.033476054 -0.032294999 -0.031092313 -0.029889626 -0.030228535 -0.031452447 -0.032676358 -0.034062749 -0.035884624 -0.0377065 -0.039528375 -0.042538653 -0.045593043 -0.046579881 -0.043581139 -0.040582397 -0.041358579 -0.043610628 -0.045862678 -0.047315658 -0.047625454 -0.04793525 -0.047958988 -0.04648051 -0.045002032 -0.047275422 -0.052245984 -0.057216546 -0.062033207 -0.066605453 -0.0711777 -0.067558737 -0.06252411 -0.057489484 -0.034092614 -0.0033156215 0.021940122
-9999 -0.033983026 -0.033821494 -0.034215546 -0.034609598 -0.035003649 -0.035397701 -0.035185877 -0.034274796 -0.033363715 -0.032452633 -0.031541552 -0.033455987 -0.034961666 -0.034011688 -0.03306171 -0.032111731 -0.031161753 -0.030051866 -0.028870811 -0.027668124 -0.028609302 -0.029833214 -0.031057125 -0.032281037 -0.033667427 -0.035489303 -0.037311178 -0.039133053 -0.040954929 -0.043684943 -0.044671781 -0.041673039 -0.043643206 -0.045895256 -0.048147306 -0.050399355 -0.051852335 -0.052162131 -0.052471927 -0.052781723 -0.053091519 -0.051696419 -0.05396981 -0.058940372 -0.063910934 -0.068881495 -0.073772157 -0.078344403 -0.07472544 -0.069690814 -0.064656187 -0.059621561 -0.040471708 -0.015215965
-9999 -0.034349515 -0.034743566 -0.035137618 -0.03553167 -0.035925721 -0.036319773 -0.036107949 -0.035196868 -0.034285787 -0.033374705 -0.032463624 -0.031552542 -0.031260753 -0.030310774 -0.029360796 -0.028410818 -0.02746084 -0.026510862 -0.025766157 -0.026990069 -0.02821398 -0.029437892 -0.030661804 -0.031885715 -0.033272106 -0.035093981 -0.036915856 -0.038737732 -0.040559607 -0.042381482 -0.043675784 -0.045927834 -0.048179883 -0.050431933 -0.052683983 -0.054936032 -0.056389012 -0.056698808 -0.057008604 -0.0573184 -0.057628196 -0.057937992 -0.060664198 -0.06563476 -0.070605321 -0.075575883 -0.080546445 -0.085511107 -0.081892144 -0.076857518 -0.071822891 -0.066788265 -0.061753638 -0.052372052
-9999 -0.034290047 -0.034684098 -0.03507815 -0.035472202 -0.035866253 -0.036364327 -0.036248104 -0.035337022 -0.034425941 -0.033514859 -0.032603778 -0.031694686 -0.030985324 -0.030523199 -0.02957322 -0.028623242 -0.027673264 -0.026723286 -0.026430659 -0.027654571 -0.028878482 -0.030102394 -0.031326305 -0.03281562 -0.034009915 -0.033709893 -0.035531768 -0.037353644 -0.039175519 -0.040997394 -0.042966203 -0.045218253 -0.047470303 -0.049722352 -0.051974402 -0.053960075 -0.055095345 -0.055405141 -0.055714937 -0.056024733 -0.056334529 -0.053373966 -0.059261583 -0.068204931 -0.073175493 -0.078146055 -0.083116616 -0.088087178 -0.084526911 -0.079492284 -0.074457658 -0.069423031 -0.064026376 -0.057627285
-9999 -0.034075075 -0.034469126 -0.034863178 -0.03525723 -0.03580812 -0.036380604 -0.03626438 -0.035353298 -0.034442217 -0.033531135 -0.032623347 -0.031716669 -0.031007307 -0.03069308 -0.030378852 -0.02945565 -0.028505672 -0.027555694 -0.027263067 -0.028486979 -0.02971089 -0.030934802 -0.032620066 -0.034557166 -0.035751462 -0.034954855 -0.034158248 -0.035812907 -0.037634782 -0.039456658 -0.041425466 -0.043677516 -0.045929566 -0.048181615 -0.05003045 -0.051742716 -0.052877986 -0.053187782 -0.053497578 -0.053807374 -0.0496701 -0.044913547 -0.050801164 -0.064340739 -0.075092272 -0.080062834 -0.085033395 -0.090003957 -0.08644369 -0.081409063 -0.076374437 -0.070704152 -0.064227609 -0.057828517
-9999 -0.033860103 -0.034254155 -0.034679428 -0.035251912 -0.035824396 -0.03639688 -0.036280656 -0.035369574 -0.034458686 -0.033552008 -0.03264533 -0.031738653 -0.03102929 -0.030715063 -0.030400836 -0.030086608 -0.02933808 -0.028388102 -0.028095475 -0.029319387 -0.030543298 -0.032424512 -0.034361612 -0.036298712 -0.037493008 -0.036696401 -0.035899794 -0.035103188 -0.036094045 -0.037915921 -0.03988473 -0.042136779 -0.044388559 -0.046100825 -0.047813091 -0.049525357 -0.050660627 -0.050970423 -0.050722786 -0.045966234 -0.041209681 -0.036453128 -0.042340745 -0.05588032 -0.069419895 -0.081979613 -0.086950174 -0.091920736 -0.088360468 -0.083325842 -0.077381927 -0.070905384 -0.064428841 -0.058029749
-9999 -0.033645131 -0.03412322 -0.034695704 -0.035268188 -0.035840672 -0.036413156 -0.036296932 -0.035387347 -0.034480669 -0.033573992 -0.032667314 -0.031760636 -0.031051274 -0.030737046 -0.030422819 -0.030108591 -0.029794364 -0.02922051 -0.028927883 -0.030291859 -0.032228959 -0.034166059 -0.036103159 -0.038040259 -0.039234554 -0.038437947 -0.037641341 -0.036844734 -0.036048127 -0.036375184 -0.038343993 -0.040458934 -0.0421712 -0.043883466 -0.045595732 -0.047307998 -0.048443268 -0.04701892 -0.042262368 -0.037505815 -0.032749262 -0.02799271 -0.033880327 -0.047419902 -0.060959476 -0.074499051 -0.088038626 -0.093837515 -0.090277247 -0.084059702 -0.077583159 -0.071106616 -0.064630073 -0.058230981
-9999 -0.033578722 -0.034151206 -0.03472369 -0.035296174 -0.035868658 -0.036441142 -0.036253694 -0.035347016 -0.034440338 -0.033533661 -0.032626983 -0.031720305 -0.031161015 -0.030846787 -0.03053256 -0.030218332 -0.029904105 -0.029589878 -0.029956418 -0.031893518 -0.033830618 -0.035767718 -0.037704818 -0.039641918 -0.041274071 -0.040477464 -0.039680858 -0.038884251 -0.038087644 -0.037291038 -0.03735138 -0.039063646 -0.040775912 -0.042488178 -0.044200444 -0.04591271 -0.044611327 -0.039854774 -0.035098222 -0.030341669 -0.025585117 -0.020828564 -0.026293914 -0.039833489 -0.053373063 -0.066912638 -0.080452213 -0.093991788 -0.090464809 -0.083988266 -0.077511723 -0.07103518 -0.064558637 -0.060969079
-9999 -0.033683451 -0.034255935 -0.034828419 -0.035400903 -0.035973387 -0.036152821 -0.035804973 -0.034898295 -0.033991617 -0.03308494 -0.032178262 -0.03115026 -0.030691637 -0.031445782 -0.031217439 -0.030903211 -0.030588984 -0.030274757 -0.030641297 -0.032578397 -0.034515497 -0.036452597 -0.038389697 -0.040035836 -0.04177041 -0.044100366 -0.043673191 -0.042876585 -0.042079978 -0.041283371 -0.041343713 -0.043055979 -0.044768245 -0.046480511 -0.048192778 -0.048167781 -0.045942588 -0.041186035 -0.036429483 -0.03167293 -0.026916377 -0.02647465 -0.030006593 -0.037975063 -0.051514638 -0.065054213 -0.078593788 -0.092133363 -0.088606384 -0.082129841 -0.075653298 -0.069176755 -0.067680221 -0.069790545
-9999 -0.03378818 -0.034360664 -0.034933148 -0.035431395 -0.035567747 -0.0357041 -0.035356252 -0.034449574 -0.033542896 -0.032630067 -0.031565834 -0.030501601 -0.030042978 -0.030797124 -0.03155127 -0.03158809 -0.031273863 -0.030959636 -0.031326176 -0.033263276 -0.035200376 -0.037137476 -0.038678216 -0.040190653 -0.041925227 -0.044255183 -0.04658514 -0.046868919 -0.046072312 -0.045275705 -0.045336047 -0.047048313 -0.048760579 -0.050410654 -0.049954848 -0.049499042 -0.047273849 -0.042517296 -0.037760743 -0.033708158 -0.033502656 -0.033297155 -0.036829097 -0.043047841 -0.049656213 -0.063195788 -0.076735362 -0.090274937 -0.086747958 -0.080271415 -0.073794873 -0.073810797 -0.076501687 -0.078612011
-9999 -0.033892909 -0.034465393 -0.034846322 -0.034982674 -0.035119026 -0.035255379 -0.034907531 -0.034000853 -0.033045642 -0.031981409 -0.030917176 -0.029852943 -0.02939432 -0.030148465 -0.030902611 -0.031656757 -0.031958742 -0.031644515 -0.032011055 -0.033948155 -0.035808159 -0.037320596 -0.038833033 -0.04034547 -0.042080044 -0.04441 -0.046739957 -0.049069914 -0.050064646 -0.049268039 -0.049328381 -0.051040647 -0.052197721 -0.051741915 -0.051286109 -0.050830303 -0.04860511 -0.043848557 -0.040736164 -0.040530663 -0.040325161 -0.04011966 -0.043651602 -0.049870346 -0.05608909 -0.062307834 -0.074876937 -0.088416512 -0.084889533 -0.07841299 -0.079941372 -0.082632263 -0.085323153 -0.087433477
-9999 -0.033997638 -0.034261248 -0.034397601 -0.034533953 -0.034670305 -0.034806658 -0.03445881 -0.033461217 -0.032396983 -0.03133275 -0.030268517 -0.029204284 -0.028745661 -0.029499807 -0.030253953 -0.031008098 -0.031762244 -0.032329394 -0.032695934 -0.034450539 -0.035962976 -0.037475413 -0.03898785 -0.040500287 -0.042234861 -0.044564817 -0.046894774 -0.049224731 -0.051554687 -0.053260373 -0.053320715 -0.053984788 -0.053528982 -0.053073176 -0.05261737 -0.052161564 -0.04993637 -0.04776417 -0.047558669 -0.047353168 -0.047147666 -0.046942165 -0.050474107 -0.056692851 -0.062911595 -0.069130339 -0.075349083 -0.086558087 -0.083381057 -0.086071948 -0.088762838 -0.091453729 -0.094144619 -0.096254943
-9999 -0.033836115 -0.033972467 -0.034108819 -0.034245172 -0.034381524 -0.034517876 -0.034053958 -0.032989725 -0.031925492 -0.030861259 -0.029797026 -0.028732793 -0.028558307 -0.02935553 -0.030109675 -0.030863821 -0.031617967 -0.032372113 -0.033355554 -0.034867991 -0.036380428 -0.037892865 -0.039405302 -0.040917739 -0.043683935 -0.046525997 -0.048855953 -0.05118591 -0.053515867 -0.055845823 -0.057224254 -0.056768448 -0.056312642 -0.055856836 -0.05540103 -0.054945224 -0.052839621 -0.05263412 -0.052428619 -0.052223117 -0.052017616 -0.051812114 -0.055876822 -0.062095566 -0.06831431 -0.074533054 -0.080751798 -0.086970542 -0.091873333 -0.094564224 -0.097255114 -0.099946005 -0.1026369 -0.10058682
-9999 -0.033918975 -0.034055327 -0.03419168 -0.034328032 -0.0342653 -0.033075806 -0.032508844 -0.032660364 -0.031865672 -0.030801439 -0.029737206 -0.028672972 -0.028498487 -0.030105773 -0.031137397 -0.031891543 -0.032645688 -0.033399834 -0.034383276 -0.035895713 -0.03740815 -0.038920587 -0.040433024 -0.041246562 -0.04375369 -0.050941025 -0.055014462 -0.057344418 -0.059674375 -0.062004332 -0.063382763 -0.062926957 -0.062471151 -0.062015344 -0.061257898 -0.053631957 -0.050114657 -0.052475351 -0.052761539 -0.052556038 -0.052350537 -0.052145035 -0.056527631 -0.064199203 -0.070417947 -0.076636691 -0.082855435 -0.089074179 -0.096315139 -0.10229158 -0.10498247 -0.10767336 -0.11036425 -0.10831418
-9999 -0.034001835 -0.034138188 -0.03427454 -0.03381936 -0.032629866 -0.031440371 -0.030873409 -0.03102493 -0.031176451 -0.030741619 -0.029677386 -0.028613152 -0.028438667 -0.030045953 -0.031653238 -0.032919264 -0.03367341 -0.034427556 -0.035410997 -0.036923434 -0.038435871 -0.039794428 -0.040555373 -0.041316317 -0.043823444 -0.05101078 -0.058198115 -0.063502927 -0.065832883 -0.06816284 -0.069541271 -0.069085465 -0.068629659 -0.06605454 -0.058428599 -0.050802658 -0.047285358 -0.049646051 -0.052006745 -0.052888959 -0.052683457 -0.052477956 -0.056860552 -0.064541472 -0.072222392 -0.078740329 -0.084959073 -0.091177816 -0.098418776 -0.1058364 -0.11270983 -0.11540072 -0.11809161 -0.11604154
-9999 -0.034084696 -0.034221048 -0.033373421 -0.032183926 -0.030994431 -0.029804937 -0.029237975 -0.029389496 -0.029541016 -0.029692537 -0.029617565 -0.028553332 -0.028378847 -0.029986132 -0.031593418 -0.033200704 -0.034701132 -0.035455277 -0.036438719 -0.037951156 -0.039103239 -0.039864183 -0.040625128 -0.041386072 -0.043893199 -0.051080534 -0.05826787 -0.065455205 -0.071991392 -0.074321348 -0.075699779 -0.075243973 -0.070851182 -0.063225241 -0.0555993 -0.047973358 -0.044456058 -0.046816752 -0.049177446 -0.05153814 -0.053016378 -0.052810877 -0.057193473 -0.064874393 -0.072555313 -0.080236234 -0.08706271 -0.093281454 -0.10052241 -0.10794004 -0.11535767 -0.12277529 -0.12581897 -0.1237689
-9999 -0.034116975 -0.032927481 -0.031737986 -0.030548492 -0.029358997 -0.028169503 -0.027602541 -0.027754061 -0.027905582 -0.028057103 -0.028208623 -0.028360144 -0.028319027 -0.029926312 -0.031533598 -0.033140884 -0.034748169 -0.036355455 -0.03746644 -0.038412049 -0.039172994 -0.039933938 -0.040694883 -0.041455827 -0.043962954 -0.051150289 -0.058337625 -0.06552496 -0.072712295 -0.07989963 -0.081858288 -0.075647824 -0.068021883 -0.060395941 -0.05277 -0.045144059 -0.041626759 -0.043987453 -0.046348147 -0.04870884 -0.051069534 -0.053143798 -0.057526394 -0.065207314 -0.072888234 -0.080569154 -0.088250075 -0.095385091 -0.10262605 -0.11004368 -0.1174613 -0.12487893 -0.13229656 -0.13149625
-9999 -0.035702608 -0.034513113 -0.033323619 -0.032134124 -0.03094463 -0.029119885 -0.026876085 -0.027027606 -0.027179126 -0.027330647 -0.027482168 -0.027775088 -0.029607616 -0.031076215 -0.0326835 -0.034290786 -0.035898072 -0.037505357 -0.038856722 -0.039617666 -0.040378611 -0.041139555 -0.041900499 -0.042661444 -0.043171083 -0.048541545 -0.05572888 -0.062916216 -0.070103551 -0.077290886 -0.079418491 -0.07179255 -0.064166608 -0.056540667 -0.048914726 -0.041864717 -0.041039061 -0.043399755 -0.045760449 -0.048121142 -0.050481836 -0.053426246 -0.05992493 -0.067640139 -0.07532106 -0.08300198 -0.0906829 -0.098363821 -0.10582025 -0.11323787 -0.1206555 -0.12807312 -0.13549075 -0.12287332
-9999 -0.039717951 -0.038528457 -0.037338962 -0.036149467 -0.033398326 -0.029079089 -0.026835289 -0.02698681 -0.02713833 -0.027289851 -0.028165722 -0.030286685 -0.032119213 -0.033374133 -0.034745919 -0.036353205 -0.03796049 -0.039567776 -0.04091914 -0.041680085 -0.042441029 -0.043201974 -0.043631193 -0.043177511 -0.043685155 -0.046769393 -0.051099694 -0.05828703 -0.065474365 -0.0726617 -0.074789305 -0.067163364 -0.059537423 -0.051911481 -0.046020773 -0.0429679 -0.042142245 -0.044502939 -0.046863632 -0.049224326 -0.052645795 -0.057060474 -0.063559158 -0.071556008 -0.079337883 -0.087018803 -0.094699723 -0.10238064 -0.10983707 -0.11725469 -0.12467232 -0.13015924 -0.11658699 -0.10191706
-9999 -0.043733294 -0.0425438 -0.041354305 -0.037676767 -0.03335753 -0.029038293 -0.026794493 -0.026946014 -0.027097534 -0.028556356 -0.030677319 -0.032798283 -0.034630811 -0.035885731 -0.037140651 -0.038415623 -0.040022909 -0.041630194 -0.042981559 -0.043742503 -0.044503448 -0.044598946 -0.044145265 -0.043691583 -0.044199228 -0.047283465 -0.050367702 -0.053657844 -0.060845179 -0.068032514 -0.070160119 -0.062534178 -0.054908237 -0.050176828 -0.047123956 -0.044071084 -0.043245428 -0.045606122 -0.047966816 -0.051865344 -0.056280023 -0.060694702 -0.067193386 -0.075190236 -0.083187086 -0.091035626 -0.098716546 -0.10639747 -0.11385389 -0.12127152 -0.12277522 -0.10920298 -0.095630733 -0.080960799
-9999 -0.047748638 -0.046274445 -0.041955208 -0.037635971 -0.033316734 -0.028997497 -0.026753697 -0.026905218 -0.02894699 -0.031067953 -0.033188917 -0.03530988 -0.037142409 -0.038397328 -0.039652248 -0.040907168 -0.042162088 -0.043692613 -0.045043978 -0.045804922 -0.0455667 -0.045113018 -0.044659337 -0.044205656 -0.0447133 -0.047797537 -0.050881774 -0.053966012 -0.057050249 -0.063403328 -0.065530933 -0.057904992 -0.054332884 -0.051280012 -0.04822714 -0.045174268 -0.044348612 -0.046709306 -0.051084893 -0.055499572 -0.059914251 -0.06432893 -0.070827615 -0.078824464 -0.086821314 -0.094818163 -0.10273337 -0.11041429 -0.11787071 -0.1153912 -0.10181896 -0.088246715 -0.074674472 -0.060004538
