mean_models/J1_mean__temp2_slide_200.dat.tif
NCOLS 118
NROWS 92
XLLCORNER 139.62
YLLCORNER -39.07
DX 0.099491525
DY 0.099347826
NODATA_VALUE -9999
[rows 54 to 80 of 92, columns 0 to 59 of 118]
-9999 1296.6301 1296.4086 1296.1871 1295.9656 1280.049 1262.819 1252.0801 1248.8328 1245.5855 1242.3381 1258.0343 1278.7174 1288.8692 1277.9315 1266.9937 1269.8562 1274.004 1278.1518 1279.6966 1275.236 1270.7755 1266.3149 1260.1172 1253.1389 1247.1645 1243.8809 1240.5974 1236.6675 1232.6609 1228.6542 1231.5798 1247.8684 1264.157 1280.4457 1292.6212 1303.6991 1310.7858 1312.1622 1313.5386 1314.915 1311.2919 1307.2306 1306.7723 1308.9042 1306.5571 1292.9418 1279.3264 1265.7111 1273.2361 1284.4147 1295.5932 1299.2117 1294.6745 1290.8557 1289.5254 1288.1951 1286.8647 1290.5067 1295.0094
-9999 1318.2892 1318.0677 1313.6459 1296.4159 1279.186 1261.956 1251.2171 1247.9698 1247.493 1268.1762 1288.8593 1309.5424 1319.6943 1308.7565 1297.8187 1286.881 1285.1806 1289.3284 1290.8732 1286.4127 1281.9521 1274.9928 1268.0145 1261.0362 1255.0618 1251.7782 1248.4947 1245.2111 1241.4843 1237.4776 1240.4032 1256.6918 1272.6151 1283.693 1294.771 1305.8489 1312.9356 1314.312 1314.718 1310.6566 1306.5953 1302.534 1302.0757 1304.2077 1306.3396 1307.7299 1294.1146 1280.4992 1288.0242 1299.2028 1299.4324 1294.8952 1290.3581 1286.5393 1285.209 1284.2756 1288.7783 1293.2811 1297.7838
-9999 1339.9483 1330.0129 1312.7829 1295.5529 1278.3229 1261.093 1250.3541 1257.6349 1278.318 1299.0012 1319.6843 1340.3675 1350.5193 1339.5815 1328.6438 1317.706 1306.7682 1300.5051 1302.0498 1296.8468 1289.8685 1282.8901 1275.9118 1268.9334 1262.9591 1259.6755 1256.3919 1253.1084 1249.8248 1246.301 1249.2266 1263.6869 1274.7649 1285.8428 1296.9208 1307.9987 1315.0854 1314.0827 1310.0214 1305.9601 1301.8988 1297.8375 1297.3792 1299.5111 1301.643 1303.7749 1305.9068 1295.2874 1302.8123 1299.6531 1295.116 1290.5788 1286.0416 1282.2228 1282.5473 1287.05 1291.5527 1296.0554 1300.5581
-9999 1343.3211 1326.0911 1308.8611 1291.6311 1274.4012 1257.1712 1254.5616 1275.2448 1295.9279 1316.6111 1337.2942 1357.9774 1372.1694 1361.2316 1350.2939 1339.3561 1328.4183 1317.4806 1307.7401 1300.7617 1293.7834 1286.805 1279.8267 1272.8484 1269.6551 1266.2612 1262.9777 1259.6941 1256.4106 1253.127 1254.7489 1265.8268 1276.9048 1287.9827 1299.0607 1310.1387 1317.3395 1313.2782 1309.2169 1305.1556 1301.0943 1297.033 1291.7443 1293.8762 1296.0081 1298.14 1300.2719 1302.4038 1303.5695 1299.0324 1294.4952 1289.958 1285.4209 1283.0456 1287.5833 1292.086 1296.5887 1301.0914 1305.5941
-9999 1328.9523 1311.7223 1294.4923 1277.2624 1260.7476 1249.2683 1245.5376 1250.75 1268.402 1289.0851 1309.7682 1330.4514 1345.0657 1347.5268 1340.6072 1329.6694 1318.7317 1307.7939 1298.0534 1291.0751 1284.0968 1277.1184 1270.1401 1275.132 1277.5852 1269.8532 1265.0838 1261.8003 1258.5167 1255.2332 1256.855 1267.933 1279.011 1290.0889 1300.8324 1292.3924 1297.2412 1321.1013 1321.7056 1317.6443 1313.583 1309.5216 1299.2532 1285.0364 1287.1684 1289.3003 1291.4322 1293.5641 1304.31 1311.034 1306.4968 1301.9597 1297.4225 1295.0472 1300.1604 1304.8462 1309.3489 1313.8516 1318.3543
-9999 1314.5835 1297.3535 1280.1235 1265.6422 1254.1629 1242.6835 1238.9529 1244.1652 1249.3776 1261.5591 1282.2423 1302.9254 1317.5397 1320.0008 1322.4619 1319.9828 1309.045 1298.1073 1288.3668 1281.3885 1274.4101 1270.5554 1276.8088 1283.0621 1285.5154 1277.7834 1270.0514 1263.9065 1260.6229 1257.3393 1258.9612 1270.0392 1281.1171 1285.8253 1277.3854 1268.9455 1273.7942 1297.6544 1321.5145 1330.1329 1326.0716 1322.0103 1311.7419 1297.0112 1282.2805 1280.4605 1282.5924 1284.7243 1295.4702 1307.7048 1318.4985 1313.9613 1309.4242 1307.0489 1312.162 1317.2752 1322.1092 1326.6119 1331.1146
-9999 1300.2147 1282.9847 1270.5368 1259.0575 1247.5781 1236.0987 1232.3681 1237.5805 1242.7928 1248.0052 1254.7163 1275.3995 1290.0138 1292.4748 1294.9359 1297.397 1299.3584 1288.4206 1278.6802 1271.7018 1272.2322 1278.4855 1284.7389 1290.9923 1293.4455 1285.7135 1277.9815 1270.2495 1262.7291 1259.4455 1261.0674 1272.1454 1270.8183 1262.3783 1253.9384 1245.4985 1250.3473 1274.2074 1298.0675 1321.9277 1338.5603 1334.499 1324.2306 1309.4999 1294.7692 1280.0385 1273.7527 1275.8846 1286.6305 1298.8651 1311.0997 1323.3343 1321.4258 1319.0505 1324.1637 1329.2768 1334.39 1339.3721 1343.8748
-9999 1286.9108 1275.4314 1263.9521 1252.4727 1240.9933 1229.514 1225.7833 1230.9957 1236.2081 1241.4205 1246.6328 1251.8452 1262.4878 1264.9489 1267.41 1269.871 1272.3321 1274.7932 1268.9935 1273.909 1280.1623 1286.4157 1292.6691 1298.9225 1301.3757 1293.6437 1285.9117 1278.1797 1270.4477 1262.7157 1263.1736 1255.8112 1247.3713 1238.9314 1230.4915 1222.0515 1226.9003 1250.7604 1274.6206 1298.4807 1322.3408 1346.2009 1336.7192 1321.9886 1307.2579 1292.5272 1277.7965 1267.0448 1277.7907 1290.0253 1302.26 1314.4946 1326.7292 1331.0522 1336.1653 1341.2785 1346.3916 1351.5048 1356.618
-9999 1279.697 1268.2176 1256.7383 1245.2589 1233.7796 1228.8221 1233.9599 1239.4774 1244.6897 1249.9021 1255.1145 1260.3269 1258.7682 1250.7722 1253.2333 1255.6944 1258.1555 1260.6166 1264.2244 1270.4777 1276.7311 1282.9845 1289.2379 1294.6053 1295.5041 1291.7281 1283.9961 1276.264 1268.532 1260.8 1252.8262 1244.3863 1235.9464 1227.5065 1219.0666 1212.0548 1226.0997 1257.7498 1281.6099 1305.47 1329.3301 1353.1903 1348.9426 1331.2975 1316.5668 1301.8361 1287.1054 1272.3748 1276.9402 1289.1167 1301.3513 1313.5859 1325.8206 1333.9114 1331.721 1336.8342 1341.9473 1347.0605 1352.1736
-9999 1272.2097 1260.7304 1249.251 1237.7716 1238.472 1242.9935 1248.1313 1253.9804 1259.723 1264.9354 1270.1478 1275.3602 1273.8015 1258.6834 1244.8616 1247.3227 1249.7838 1252.2448 1255.8527 1262.106 1268.3594 1274.6128 1278.5094 1280.3248 1281.2236 1279.6658 1277.799 1270.0669 1262.3349 1254.6029 1246.6291 1238.1892 1229.7493 1221.3094 1215.6613 1211.6314 1225.6762 1265.5795 1301.8345 1325.6946 1349.5547 1373.4148 1369.1672 1344.7132 1324.493 1309.7623 1295.0316 1280.3009 1284.8664 1292.7667 1303.8915 1316.1262 1328.3608 1336.4516 1330.189 1325.2383 1330.3514 1335.4646 1340.5778
-9999 1264.7224 1253.2431 1243.6005 1248.1219 1252.6434 1257.1649 1262.3027 1268.1518 1274.001 1279.8501 1285.1811 1290.3935 1288.8348 1273.7168 1258.5987 1243.4806 1241.412 1243.8731 1247.481 1253.7343 1259.9877 1262.4136 1264.229 1266.0443 1266.9432 1265.3854 1263.8276 1262.2698 1256.1378 1248.4058 1240.432 1231.9921 1223.5522 1219.2678 1215.2379 1211.208 1225.2528 1265.1561 1305.0594 1344.9627 1369.7793 1393.6394 1389.3917 1364.9378 1340.4838 1317.6885 1302.9578 1288.2271 1292.7926 1300.6929 1308.5933 1318.6664 1330.901 1338.9918 1332.7292 1326.4666 1320.2039 1323.8687 1328.9819
-9999 1257.2351 1253.2504 1257.7719 1262.2934 1266.8148 1271.3363 1276.4741 1282.3233 1288.1724 1294.0215 1299.8706 1305.4268 1303.8681 1288.7501 1273.632 1258.5139 1243.3959 1235.5014 1239.1092 1244.5023 1246.3177 1248.1331 1249.9485 1251.7639 1252.6627 1251.1049 1249.5471 1247.9893 1246.4315 1242.2087 1234.2349 1226.9042 1222.8742 1218.8443 1214.8144 1210.7845 1224.8293 1264.7326 1304.636 1344.5393 1384.4426 1413.864 1409.6163 1385.1623 1360.7084 1336.2544 1311.8004 1296.1533 1300.7188 1308.6191 1316.5194 1324.4198 1333.4412 1341.532 1335.2694 1329.0068 1322.7441 1316.4815 1317.386
-9999 1258.5912 1263.1127 1267.6342 1272.1556 1276.6771 1281.1986 1289.6364 1295.4855 1301.3347 1307.1838 1313.0329 1318.882 1316.7254 1301.6073 1286.4892 1271.3712 1256.2531 1241.135 1231.1374 1232.9528 1234.7682 1236.5836 1238.3989 1240.2143 1241.2803 1239.7225 1238.1647 1236.6069 1235.0491 1233.4913 1231.0891 1227.0592 1223.0293 1218.9994 1214.9695 1210.9396 1225.1562 1265.0595 1304.9628 1344.8661 1384.7694 1424.6727 1428.1842 1403.7302 1379.2763 1354.8223 1330.3683 1305.9143 1309.047 1316.9473 1324.8476 1332.748 1340.6483 1342.8439 1336.5813 1330.3186 1324.056 1317.7934 1311.5307
-9999 1247.0205 1251.542 1256.0635 1260.5849 1265.7532 1284.8386 1297.7794 1303.6285 1309.4776 1315.3268 1321.1759 1312.3496 1304.411 1301.0418 1288.523 1273.4049 1258.2869 1243.1688 1233.1712 1234.9865 1236.8019 1238.6173 1240.4327 1247.1181 1250.8889 1244.0981 1241.1973 1239.6395 1238.0817 1236.5239 1234.1217 1230.0918 1226.0619 1222.0319 1218.002 1214.7087 1229.2149 1269.1182 1309.0215 1348.9248 1386.5625 1399.5722 1409.5906 1414.058 1389.604 1365.15 1340.6961 1316.2421 1319.3747 1327.2751 1335.1754 1343.0757 1342.7638 1338.0461 1331.7834 1325.5208 1319.2582 1312.9423 1305.5245
-9999 1235.4498 1239.9713 1244.4927 1254.8108 1273.8962 1292.9816 1305.9224 1311.7715 1317.6206 1319.1819 1308.9613 1298.7408 1290.8021 1287.433 1284.0638 1275.4387 1260.3206 1245.2026 1235.2049 1237.0203 1238.8357 1241.5791 1249.2904 1257.0016 1260.7724 1253.9817 1247.191 1242.672 1241.1142 1239.5564 1237.1542 1233.1243 1229.0944 1225.2597 1222.0135 1218.7674 1233.2736 1273.1769 1313.0802 1342.9987 1356.0084 1369.0181 1379.0365 1386.9043 1394.7722 1375.4778 1351.0238 1326.5699 1329.7025 1337.6028 1345.5032 1342.2377 1337.966 1333.2482 1326.9856 1320.723 1314.1268 1306.709 1299.2912
-9999 1223.8791 1228.4006 1243.8684 1262.9538 1282.0392 1301.1246 1314.0654 1319.9145 1315.7935 1305.573 1295.3524 1285.1319 1277.1932 1273.8241 1270.455 1267.0858 1262.3544 1247.2363 1237.2387 1239.0541 1243.7514 1251.4627 1259.174 1266.8852 1270.656 1263.8653 1257.0745 1250.2838 1244.1468 1242.589 1240.1868 1236.1568 1232.5645 1229.3183 1226.0722 1222.8261 1237.3323 1277.2356 1299.4349 1312.4446 1325.4543 1338.4641 1348.4824 1356.3502 1364.2181 1372.086 1361.3516 1336.8976 1340.0302 1345.9833 1341.7116 1337.4399 1333.1681 1328.4504 1322.1878 1315.3113 1307.8935 1300.4757 1293.0579
-9999 1213.8405 1232.9259 1252.0113 1271.0968 1290.1822 1309.2676 1322.2084 1312.4052 1302.1846 1291.9641 1281.7435 1271.523 1263.5843 1260.2152 1256.8461 1253.477 1250.1078 1246.7387 1239.2724 1245.9237 1253.635 1261.3463 1269.0575 1276.7688 1280.5395 1273.7488 1266.9581 1260.1674 1253.3767 1246.586 1243.2193 1239.8693 1236.6232 1233.377 1230.1309 1226.8848 1241.3909 1255.8711 1268.8808 1281.8905 1294.9002 1307.91 1317.9283 1325.7962 1333.664 1341.5319 1349.3997 1347.2254 1345.4573 1341.1855 1336.9138 1332.642 1328.3703 1323.6526 1316.4958 1309.078 1301.6602 1294.2424 1286.8246
-9999 1225.6773 1244.7627 1263.8482 1282.9336 1302.019 1316.82 1320.7396 1315.0742 1304.8537 1294.6331 1284.4126 1274.192 1266.7568 1264.1971 1260.828 1257.4589 1254.0898 1250.7207 1250.7021 1258.4134 1266.1246 1273.8359 1281.5471 1286.9746 1284.1782 1288.7254 1281.9347 1275.144 1268.3533 1261.5625 1255.9825 1252.7364 1249.4903 1246.2442 1242.998 1240.4107 1242.3094 1252.193 1265.2027 1278.2124 1291.2221 1304.2318 1308.4167 1313.8446 1321.7124 1329.5803 1337.4481 1345.316 1342.5566 1338.2849 1334.0131 1329.7414 1325.4697 1322.64 1320.8442 1313.4264 1306.0085 1298.5907 1291.1729
-9999 1239.6113 1258.6967 1277.7821 1296.8675 1306.9262 1313.6733 1317.593 1318.2493 1316.7646 1306.544 1296.3235 1286.1029 1278.6677 1276.8102 1274.7972 1271.4281 1268.059 1264.6899 1264.6713 1272.3826 1280.0938 1287.8051 1287.3441 1278.7739 1275.9775 1288.656 1299.8028 1293.0121 1286.2214 1279.4307 1273.8507 1270.6046 1267.3584 1264.1123 1262.3662 1261.6016 1263.5003 1269.209 1276.7835 1289.7932 1302.8029 1315.8126 1319.9975 1317.8384 1320.3225 1328.1903 1336.0582 1343.926 1341.1523 1336.5395 1332.1897 1327.9179 1323.6462 1320.8166 1322.9823 1323.7825 1316.3647 1308.9469 1301.529
-9999 1253.5453 1272.6307 1290.2853 1297.0324 1303.7796 1310.5267 1314.4464 1315.1027 1315.759 1316.4153 1308.2344 1298.0138 1290.5786 1288.7211 1286.8636 1285.0061 1282.0282 1278.6591 1278.6405 1286.3518 1294.063 1287.7136 1279.1434 1270.5732 1267.7767 1280.4553 1293.1339 1305.8125 1304.0896 1297.2989 1291.7189 1288.4727 1285.2266 1284.3217 1283.5571 1282.7925 1284.6912 1290.3999 1296.1087 1301.8174 1314.3837 1327.3934 1331.5783 1329.4192 1327.2601 1326.8003 1334.6682 1342.5361 1339.7624 1335.1495 1330.5367 1326.0944 1321.8227 1318.9931 1321.1588 1323.3245 1325.4902 1319.303 1311.8852
-9999 1267.4793 1280.3915 1287.1386 1293.8858 1300.6329 1307.3801 1311.2997 1311.9561 1312.6124 1313.2687 1313.925 1309.9247 1302.4895 1300.632 1298.7745 1296.917 1295.0595 1292.6283 1292.6097 1296.6533 1288.0831 1279.5129 1270.9427 1262.3725 1259.576 1272.2546 1284.9332 1297.6118 1310.2904 1315.167 1309.587 1307.0417 1306.2771 1305.5125 1304.748 1303.9834 1305.8821 1311.5908 1317.2996 1323.0083 1328.7171 1338.9742 1343.1591 1341 1338.8409 1336.6817 1334.5226 1341.1461 1338.3724 1333.7595 1329.1467 1324.5338 1319.9992 1317.1696 1319.3353 1321.501 1323.6667 1325.8325 1322.2413
-9999 1274.1732 1280.9204 1287.6675 1294.4147 1301.1619 1307.909 1307.5173 1308.1736 1308.8299 1309.4862 1310.1425 1310.7989 1308.5969 1306.7394 1304.8819 1303.0244 1301.1669 1299.3094 1295.422 1286.8518 1278.2816 1269.7114 1261.1412 1252.571 1251.1347 1263.6729 1276.3514 1289.03 1301.7086 1314.3872 1322.4741 1321.7095 1320.9449 1320.1804 1319.4158 1318.6512 1316.0013 1321.71 1327.4188 1333.1275 1338.8363 1344.5451 1347.8803 1345.7212 1343.5621 1341.4029 1339.2438 1337.0846 1334.6901 1330.0772 1325.4643 1320.8515 1316.2386 1313.5676 1315.8119 1317.9776 1320.1433 1322.309 1324.4748
-9999 1288.6152 1295.3624 1302.1096 1308.8567 1313.9309 1308.5447 1304.6778 1302.5643 1302.6405 1303.2969 1303.9532 1304.6095 1302.063 1293.1028 1289.021 1287.1635 1285.306 1283.4485 1279.5611 1270.9909 1262.4207 1253.8505 1245.2803 1256.3196 1264.3624 1259.6755 1266.3273 1279.0058 1291.6844 1304.363 1312.4499 1311.6853 1310.9207 1310.1562 1309.656 1317.6494 1314.2343 1294.4975 1295.6279 1301.3367 1307.0454 1312.7542 1318.6287 1324.4766 1322.3174 1320.1583 1317.9992 1315.84 1317.5496 1317.7174 1313.1046 1308.4917 1303.8789 1301.2079 1305.2632 1308.0193 1310.1851 1312.3508 1314.5165
-9999 1303.0573 1309.8044 1316.5516 1316.9622 1311.5759 1306.1897 1302.3228 1300.2093 1298.0958 1297.1075 1297.7638 1298.4201 1295.8737 1286.9135 1277.9533 1271.3026 1269.4451 1267.5876 1263.7003 1255.1301 1246.5599 1243.9627 1256.755 1269.5473 1277.5901 1272.9032 1268.2163 1268.9817 1281.6602 1294.3388 1302.4257 1301.6611 1300.8966 1303.3651 1311.3585 1319.3519 1315.9367 1296.2 1276.4633 1269.5458 1275.2546 1280.9633 1286.8378 1292.8314 1298.825 1298.9137 1296.7545 1294.5954 1296.305 1298.6832 1300.7448 1296.1319 1291.5191 1288.8481 1292.9034 1296.9588 1300.2268 1302.3925 1304.5582
-9999 1317.4993 1324.2464 1319.9934 1314.6072 1309.2209 1303.8347 1299.9678 1297.8543 1295.7408 1293.6274 1291.5744 1292.2308 1289.6843 1280.7241 1271.7639 1262.8037 1253.8435 1251.7267 1247.8394 1239.2692 1244.3981 1257.1904 1269.9827 1282.775 1290.8178 1286.1309 1281.444 1276.7571 1272.0702 1284.3146 1292.4015 1291.6369 1297.0742 1305.0676 1313.061 1321.0544 1317.6392 1297.9025 1278.1658 1258.429 1243.4637 1249.1725 1255.047 1261.0405 1267.0341 1273.0277 1275.5099 1273.3508 1275.0603 1277.4385 1279.8167 1282.1949 1279.1593 1276.4883 1280.5437 1284.599 1288.6544 1292.4342 1294.6
-9999 1328.4109 1323.0247 1317.6384 1312.2522 1306.866 1301.4797 1297.6128 1295.4993 1293.3858 1291.2724 1289.1589 1287.0455 1283.4949 1274.5347 1265.5745 1256.6143 1247.6541 1238.6939 1232.0413 1244.8335 1257.6258 1270.4181 1283.2104 1296.0027 1304.0455 1299.3586 1294.6717 1289.9849 1285.298 1280.6111 1282.7899 1290.7833 1298.7767 1306.77 1314.7634 1322.7568 1319.3416 1299.6049 1279.8682 1260.1315 1240.3948 1220.6581 1223.2561 1229.2497 1235.2433 1241.2368 1247.2304 1252.1061 1253.8157 1256.1939 1258.5721 1260.9503 1263.3285 1264.1285 1268.1839 1272.2392 1276.2946 1280.3499 1284.4053
-9999 1328.7625 1323.3762 1317.99 1312.6037 1307.2175 1301.3778 1306.4516 1317.269 1315.1555 1313.0421 1310.9286 1308.8151 1302.3027 1288.5467 1279.5865 1270.6263 1261.6661 1252.7059 1250.3233 1263.1156 1275.9079 1288.7002 1301.4925 1309.6186 1309.0964 1307.0798 1302.3929 1297.706 1293.0191 1288.3322 1287.9765 1295.9699 1303.9633 1311.9566 1319.95 1323.8139 1324.6265 1319.3237 1299.587 1279.8502 1260.1135 1240.3768 1231.6987 1234.6621 1240.6557 1246.6492 1252.6428 1258.6364 1262.9522 1265.597 1267.9752 1270.3534 1272.7316 1270.381 1256.4254 1260.4807 1264.5361 1268.5914 1272.6467
