mean_models/J1_mean__temp2_slide_40.dat.tif
NCOLS 118
NROWS 92
XLLCORNER 139.62
YLLCORNER -39.07
DX 0.099491525
DY 0.099347826
NODATA_VALUE -9999
[rows 27 to 53 of 92, columns 0 to 59 of 118]
-9999 463.86868 460.32613 456.52797 451.20762 445.88727 440.56692 435.86388 431.87329 427.8827 423.89211 422.25725 421.26886 421.04594 422.35591 423.66588 424.97585 425.74372 426.29424 428.2437 433.42057 438.59745 441.61056 444.35885 447.10713 451.88994 462.12576 472.36159 482.59741 485.10917 484.50884 482.8767 479.25555 475.6344 473.26891 470.94182 468.61473 466.46683 464.57529 462.68375 460.79221 460.43737 460.2293 461.95112 465.06032 468.16951 470.69561 469.74137 468.78712 468.14055 467.54716 466.95376 470.47252 478.54199 485.57216 489.00231 492.43246 495.86261 502.39421 509.49009
-9999 462.52706 458.20268 452.88233 447.56198 442.24163 436.92128 432.21823 428.22764 424.23706 420.24647 416.25588 413.73238 413.50945 414.81943 416.1294 417.43937 418.74934 419.72587 421.67533 426.44977 429.19805 431.94634 434.69463 437.44292 442.22572 452.46154 462.69737 472.93319 483.16901 488.4278 486.79566 483.46416 481.13707 478.80998 476.48289 474.1558 472.0079 470.11636 468.22482 466.33328 464.44174 463.6959 465.41772 468.52692 471.63612 474.74532 477.85451 477.17462 476.52805 475.93465 475.34125 474.74786 476.62268 483.65285 487.083 490.51314 493.94329 497.37344 503.2094
-9999 460.45192 455.13157 449.81122 444.49087 439.17052 433.85017 428.86323 424.87264 420.88205 416.89146 412.90087 408.91028 406.85309 408.16307 409.47304 410.78301 412.09298 413.40295 415.14785 417.89614 420.64443 423.39271 426.141 428.88929 433.50555 443.74138 453.9772 464.21302 474.44884 484.68467 490.62941 488.30232 485.97523 483.64814 481.32105 478.99396 476.57072 474.67918 472.78764 470.8961 469.00456 467.11302 468.18176 471.29096 474.40015 477.50935 480.61855 483.72775 483.48901 482.89562 482.30222 481.70883 481.11543 482.21326 485.64341 489.07356 492.50371 495.93385 499.364
-9999 462.11061 456.79026 451.46991 446.14956 440.82921 436.27459 430.69351 423.91023 419.91964 415.92905 411.93847 407.94788 406.128 408.65508 410.06215 411.37212 412.68209 413.99207 415.73696 418.48525 421.23354 423.98182 426.73011 433.22041 440.14047 443.59064 453.02874 463.26457 473.50039 483.73621 489.68096 487.35387 485.02678 482.69969 480.3726 477.0103 473.7938 471.18869 469.29715 467.40561 465.51407 463.62253 464.86642 468.2712 471.3804 474.4896 477.5988 480.70799 479.39684 478.11297 477.51958 476.92618 476.33278 478.01381 487.57317 491.58325 495.0134 498.44355 501.8737
-9999 463.76929 458.44894 453.12859 447.9754 443.50529 439.03519 433.45411 426.59083 419.72754 414.96665 410.97606 406.98547 405.16559 407.69267 410.21976 411.96123 413.2712 414.58118 416.32607 419.07436 421.82265 424.57094 432.56313 440.77782 447.69788 451.14805 454.59821 462.31611 472.55193 482.78776 488.7325 486.40541 484.07832 481.68116 478.06118 474.44121 471.22471 468.58544 465.94617 463.91512 462.02358 460.13204 461.37593 464.87384 468.36065 471.46985 474.57905 477.68824 476.37709 474.30198 472.73693 472.14353 471.55014 473.23117 482.79052 492.34988 497.5231 500.95324 504.38339
-9999 465.42798 460.10763 455.20611 450.736 446.2659 441.79579 436.21471 429.35143 422.48814 415.62486 410.01365 406.02307 404.20318 406.73027 409.25735 411.78444 413.86032 415.17029 416.91519 419.66347 423.69118 431.90586 440.12054 448.33523 455.25529 458.70546 462.15562 465.60578 471.60348 481.8393 487.78405 485.45696 482.73204 479.11206 475.49209 471.87212 468.65562 466.01635 463.37708 460.73781 458.53309 456.64155 457.88544 461.38335 464.88127 468.37918 471.55929 474.66849 473.35734 471.28223 469.20712 467.36089 466.76749 468.44852 478.00788 487.56724 497.1266 503.46294 506.89309
-9999 467.08667 462.43681 457.96671 453.4966 449.0265 444.55639 438.97531 432.11203 425.24874 418.38546 411.52218 405.06066 403.24078 405.76786 408.29495 410.82203 413.34912 415.7594 417.5043 423.0339 431.24859 439.46327 447.67795 455.89264 462.8127 466.26287 469.71303 473.16319 476.61336 480.89085 486.83559 483.78292 480.16295 476.54297 472.923 469.30302 466.08653 463.44726 460.80799 458.16872 455.52945 453.15106 454.39495 457.89286 461.39078 464.88869 468.3866 471.64874 470.33759 468.26248 466.18737 464.11226 462.03715 463.66587 473.22523 482.78459 492.34395 501.90331 509.40278
-9999 470.03582 465.56572 461.09561 456.62551 452.1554 447.6853 440.31937 433.35289 426.48961 419.62632 412.76304 405.89975 405.38029 409.43884 411.96592 414.49301 417.02009 419.54718 423.79411 432.00879 440.22347 448.43816 456.65284 464.86752 467.26351 470.55898 474.00914 477.4593 480.90947 484.35963 485.39487 481.77489 478.15492 474.53495 470.91497 467.295 465.0048 462.26472 459.62545 456.98618 454.34691 451.70764 450.04536 453.54327 457.04118 460.53909 464.03701 467.53492 467.60602 465.53091 463.4558 461.38069 459.30558 458.62746 466.91907 476.47843 486.03779 495.59715 505.15651
-9999 473.77217 469.30206 464.83196 460.36185 455.63851 450.28978 442.89226 433.13019 425.224 418.36072 411.49743 404.63415 404.11468 416.29908 423.27862 425.8057 428.33279 430.85987 435.1068 443.32148 451.53617 459.75085 467.38647 466.80279 467.11665 469.83614 472.92646 476.37663 479.82679 483.27696 484.31219 480.69222 477.07224 473.45227 470.40479 470.04494 468.09754 463.87892 460.72972 458.09045 455.45118 452.81191 450.51259 448.45765 451.27469 454.7726 458.27051 461.76843 462.97661 463.27464 461.19953 459.12442 457.04931 456.37119 460.53207 467.65959 477.21894 486.7783 496.33766
-9999 477.50851 473.0384 468.5683 463.56013 458.2114 452.86267 445.46516 435.70308 425.941 417.09511 410.23183 403.36854 402.84908 415.03347 427.21787 437.11839 439.64548 442.17256 446.41949 454.63418 462.84886 467.82329 467.23961 466.65593 466.96978 469.68927 472.40877 475.29395 478.74412 482.19428 483.22952 479.60954 475.98957 473.85739 473.49754 473.13768 471.19028 466.97167 462.75305 459.19472 456.55545 453.91618 451.61686 449.56193 447.50699 449.00611 452.50402 456.00193 457.21011 458.02257 458.83502 456.86814 454.79303 454.11491 458.27579 462.43667 468.4001 477.95946 487.51881
-9999 481.24485 476.77475 471.48175 466.13302 460.78429 455.43556 448.03805 438.27597 428.5139 418.75182 408.98974 402.10294 401.58347 413.76787 425.95226 438.13666 450.32106 453.48526 457.73219 465.94687 468.26011 467.67643 467.09275 466.50906 466.82292 469.54241 472.2619 474.98139 477.70089 481.1116 482.14684 478.52687 477.30999 476.95013 476.59028 476.23042 474.28302 470.06441 465.84579 461.62718 457.65973 455.02046 452.72113 450.6662 448.61126 446.55633 446.73753 450.23544 451.44362 452.25608 453.06853 453.88099 452.53676 451.85864 456.01952 460.18039 464.34127 469.14061 478.69997
-9999 484.7521 479.40337 474.05464 468.70591 463.35719 458.00846 450.61094 440.84887 431.08679 421.32471 411.56264 401.80056 400.31787 412.50226 424.68666 436.87106 449.05545 461.23985 469.04488 468.69694 468.11325 467.52957 466.94589 466.3622 466.67606 469.39555 472.11504 474.83453 477.55402 480.27352 481.12244 480.76258 480.40273 480.04287 479.68302 479.32316 477.37576 473.15715 468.93853 464.71992 460.50131 456.2827 453.82541 451.77047 449.71553 447.6606 445.60566 444.46895 445.67713 446.48958 447.30204 448.11449 448.92695 449.60236 453.76324 457.92412 462.085 466.24587 470.40675
-9999 485.91123 480.5625 475.21377 469.86504 464.51631 461.83328 457.58347 447.82139 438.05932 428.29724 418.53517 410.4257 409.70892 418.6617 430.8461 443.03049 455.21489 467.39928 475.7228 475.13912 474.55544 473.97175 473.38807 470.55285 466.13908 473.81488 476.53437 479.25386 481.97335 484.69284 486.36053 486.00068 485.64082 485.28096 484.92111 482.42917 477.07609 472.85748 468.63887 464.42026 460.20165 456.66319 456.59398 455.92178 453.86684 451.8119 449.75697 447.70203 448.09195 448.9044 449.71686 450.52931 451.61077 454.74966 458.91054 463.07142 467.2323 471.39318 471.28037
-9999 486.59219 481.24346 475.89473 470.546 469.7675 470.29382 466.04402 456.28194 446.51987 436.75779 430.30922 425.67063 424.95385 432.0907 439.51679 451.70118 463.88558 476.06997 484.39349 483.80981 483.22613 482.64244 477.02767 467.25429 462.84052 472.79187 482.49805 485.21754 487.93703 490.65652 492.32421 491.96435 491.6045 491.24464 487.12819 480.98215 475.62907 471.41046 467.19185 462.97324 459.77192 456.85476 456.78554 458.76368 459.04869 456.99376 454.93882 452.88388 453.2738 454.08626 454.89871 456.4182 459.26206 462.40096 466.56184 470.72271 474.88359 472.94159 468.61958
-9999 487.27315 481.92442 477.17539 477.70172 478.22804 478.75437 474.50457 464.74249 454.98041 450.19273 445.55414 440.91555 440.19877 447.33563 454.47249 461.60935 472.55627 484.74066 493.06418 492.4805 491.89682 483.50249 473.72911 463.95573 459.54196 469.4933 479.44465 489.39599 493.90071 496.6202 498.28789 497.92803 497.56817 491.82722 485.68117 479.53512 474.18205 469.96344 465.79781 462.88065 459.96349 457.04633 456.97711 458.95525 460.93338 462.17561 460.12067 458.06574 458.45565 459.26811 461.22564 464.0695 466.91336 470.05225 474.21313 478.37401 474.60282 470.2808 465.95878
-9999 487.95412 485.10961 485.63594 486.16227 486.68859 487.21492 482.96511 474.71483 470.07624 465.43765 460.79906 456.16048 455.44369 462.58055 469.71741 476.85427 483.99113 493.41135 501.73487 499.7507 489.97731 480.20393 470.43055 460.65716 456.24339 466.19474 476.14608 486.09743 496.04877 502.58388 504.25156 502.67229 496.52624 490.38019 484.23415 478.0881 472.73503 468.90654 465.98938 463.07222 460.15506 457.2379 457.16868 459.14682 461.12495 463.10309 465.08123 463.24759 463.63751 466.03307 468.87693 471.72079 474.56465 477.70355 480.58606 476.26404 471.94202 467.62001 463.29799
-9999 493.47246 493.99879 494.52511 495.05144 495.57777 496.10409 492.7625 488.12391 483.48533 478.84674 474.20815 469.56956 467.96441 475.10127 482.23813 489.37499 496.51185 503.6487 505.67216 495.89877 486.12539 476.35201 466.57862 456.80524 452.31493 462.26628 472.21762 482.16897 492.12031 502.07165 506.52466 500.37861 494.23256 488.08652 481.94047 475.79442 473.09516 470.178 467.26084 464.34368 461.42652 458.50936 458.79583 460.77397 462.75211 464.73024 466.70838 468.68651 471.0067 473.85056 476.69441 479.53827 482.38213 483.67481 479.35279 475.03077 470.70875 466.38673 462.06471
-9999 505.59438 506.1207 506.64703 507.17336 507.69968 494.95838 487.5475 487.687 483.04841 478.40982 473.77123 469.13264 466.43325 467.61719 474.21273 481.34958 488.48644 495.6233 497.64676 487.87337 478.09999 468.3266 458.55322 453.92645 452.71437 454.62106 463.53843 473.48977 483.44111 493.39246 497.84546 491.69941 485.55337 479.40732 473.26127 468.76137 470.33013 479.59406 476.6769 473.75974 470.84258 467.92542 469.31583 473.22838 475.20652 477.18465 479.16279 481.14093 481.43242 482.92144 485.76529 488.60915 491.45301 492.77861 488.84514 484.56393 480.24191 475.9199 471.59788
-9999 517.71629 518.24262 518.76894 516.27 502.24757 488.22513 480.81425 481.03395 481.25364 477.9729 473.33431 468.69572 465.99633 467.18028 468.36422 473.32418 480.46104 487.5979 489.62135 479.84797 470.07459 460.3012 457.70696 455.33127 454.11919 456.02589 457.93258 464.81057 474.76192 484.71326 489.16627 483.02022 476.87417 470.8603 466.74236 462.62443 464.19318 473.89755 483.60192 483.1758 480.25864 477.34148 478.73189 483.21895 487.66093 489.63907 491.6172 493.59534 493.88684 493.88684 494.83617 497.68003 500.52389 501.84949 497.91602 493.98255 489.77508 485.45306 481.13104
-9999 529.8382 530.36453 523.55919 509.53675 495.51432 481.49189 474.081 474.3007 474.5204 474.74009 472.89739 468.2588 465.55941 466.74336 467.92731 469.11125 472.43564 479.5725 481.59595 471.82257 463.86316 461.48747 459.11178 456.73609 455.52401 457.43071 459.3374 461.2441 466.08272 476.03407 480.48707 474.34102 468.84129 464.72335 460.60542 456.48748 458.05623 467.7606 477.46497 487.16934 489.6747 486.75754 488.14795 492.63502 497.12208 501.60915 504.07162 506.04975 506.34125 506.34125 506.34125 506.75091 509.59477 510.92037 506.9869 503.05343 499.11996 494.98622 490.66421
-9999 541.96012 530.84837 516.82594 502.80351 488.78107 474.75864 467.34776 467.56745 467.78715 468.00685 468.22655 467.82188 465.12249 466.30644 467.49039 468.67434 469.85828 471.5471 473.57055 467.64368 465.26798 462.89229 460.5166 458.14091 456.92883 458.83553 460.74222 462.64892 464.55561 467.35487 471.80788 466.82228 462.70434 458.58641 454.46847 450.35053 451.91928 461.62365 471.32802 481.03239 490.73676 496.1736 497.56401 502.05108 506.53814 511.02521 515.51228 518.50416 518.79566 518.79566 518.79566 518.79566 518.79566 519.99125 516.05778 512.12431 508.19084 504.25737 500.19737
-9999 536.52642 522.50399 508.48156 494.45912 480.43669 466.41426 466.44485 466.66455 466.88425 467.10394 467.32364 467.54334 467.67162 467.54124 468.72519 469.90914 471.09309 472.27704 472.3846 470.00891 467.63322 465.25753 462.88184 460.50615 455.11592 456.54295 458.44965 460.35635 462.26304 464.16974 464.01862 459.90068 455.78274 451.6648 447.54687 443.42893 452.29131 461.99568 471.70005 481.40442 491.10879 500.28572 502.92505 507.41212 511.89919 516.38625 520.87332 525.36039 526.0216 526.0216 526.0216 526.0216 526.0216 524.13429 520.20082 516.26735 512.33388 508.40041 504.53761
-9999 525.62157 511.59913 497.5767 483.55427 474.38011 474.59214 474.80773 475.02743 475.24713 475.46682 476.48922 480.54179 481.22266 475.15152 472.61676 473.8007 474.98465 476.1686 476.27617 473.90048 471.52479 469.14909 465.94713 456.5296 449.63192 449.48807 450.28105 452.18775 454.09444 456.00114 455.85002 451.73208 447.61414 443.49621 442.64212 452.94877 463.00763 472.712 482.41637 492.12074 499.37747 502.39189 504.79602 506.76141 510.81585 515.30292 519.78999 524.27706 524.93827 524.93827 524.93827 524.93827 522.9538 520.44583 516.51237 512.5789 508.64543 505.01024 502.01484
-9999 514.71671 500.69427 486.67184 482.53096 482.74299 482.95502 483.17061 483.39031 483.61001 485.9877 490.04027 494.09283 494.77371 488.70257 482.63143 477.69227 478.87622 480.06017 480.16773 477.79204 475.41635 469.88067 460.46313 451.0456 444.14792 444.00407 443.86023 444.01915 445.92584 447.83254 447.68142 443.56348 439.44554 443.05179 453.35844 463.66509 473.72395 483.42832 493.13269 498.46922 501.48364 504.49807 506.90219 508.86759 510.83298 514.21959 518.70666 523.19372 523.85494 523.85494 523.4582 521.36177 519.26534 516.75738 512.82391 508.89044 505.48288 502.48747 499.49206
-9999 503.81185 490.46978 490.68181 490.89384 491.10587 491.3179 491.53349 491.75319 495.48618 499.53874 503.59131 507.64388 508.32475 502.25361 496.18247 490.11133 484.0402 483.95173 484.0593 481.68361 473.81421 464.39667 454.97913 445.5616 438.66392 438.52007 438.37623 438.23239 438.08855 439.66394 439.51282 435.39488 443.46146 453.76811 464.07476 474.3814 484.44027 494.14464 497.56098 500.5754 503.58982 506.60424 509.00837 510.97376 512.93916 514.90455 517.62332 522.11039 522.7716 521.86618 519.76975 517.67332 515.57689 513.06893 509.13546 505.95551 502.9601 499.9647 496.96929
-9999 498.62063 498.83266 499.04469 499.25672 499.46875 499.68078 500.93209 504.98465 509.03722 513.08979 517.14235 521.19492 521.87579 515.80465 509.73352 503.66238 497.59124 491.5201 487.16528 477.74774 468.33021 458.91267 449.49513 440.0776 433.17992 433.03607 432.89223 432.74839 432.60455 432.46071 433.56449 443.87113 454.17778 464.48443 474.79108 485.09772 493.63831 496.65273 499.66715 502.68157 505.69599 508.71041 511.11454 513.07994 515.04533 517.01072 518.97612 521.02706 520.27415 518.17772 516.08129 513.98487 511.88844 509.42355 506.42814 503.43274 500.43733 497.44192 494.44652
-9999 500.24978 500.46181 500.67384 500.88588 501.09791 503.64338 507.72679 511.77936 515.83193 519.88449 523.93706 524.21932 523.95373 528.30146 522.23032 516.15918 510.08804 504.01691 496.93387 487.51633 478.09879 468.68126 459.26372 452.88171 449.26445 441.75505 441.61121 441.46737 441.32353 441.17969 444.60539 454.91204 465.21868 475.52533 485.83198 493.62569 498.0241 501.03852 504.05294 507.06736 510.08178 511.33146 512.15954 513.74814 515.71354 517.67893 519.64432 521.60972 520.11184 518.01541 515.91898 513.82255 511.23259 507.4919 504.49649 501.50109 498.50568 495.51028 499.92598
