mean_models/J1_mean_vp_slide_diff2_180.dat.tif
NCOLS 118
NROWS 92
XLLCORNER 139.62
YLLCORNER -39.07
DX 0.099491525
DY 0.099347826
NODATA_VALUE -9999
[rows 0 to 23 of 92, columns 55 to 109 of 118]
-9999 -9999 -9999 -9999 -9999 -9999 -9999 -9999 -9999 -9999 -9999 -9999 -9999 -9999 -9999 -9999 -9999 -9999 -9999 -9999 -9999 -9999 -9999 -9999 -9999 -9999 -9999 -9999 -9999 -9999 -9999 -9999 -9999 -9999 -9999 -9999 -9999 -9999 -9999 -9999 -9999 -9999 -9999 -9999 -9999 -9999 -9999 -9999 -9999 -9999 -9999 -9999 -9999 -9999 -9999
0.12134481 0.12187087 0.12239693 0.122923 0.12344906 0.12187188 0.11957068 0.11746146 0.11535224 0.11324302 0.1111338 0.10622859 0.10595653 0.10568447 0.1054124 0.10514034 0.10700551 0.11160552 0.11620553 0.12080554 0.12540555 0.12552202 0.12648633 0.12405029 0.12161425 0.11917821 0.11674217 0.11165959 0.10535427 0.099048949 0.092743626 0.087681453 0.085730399 0.077605582 0.072392414 0.067179246 0.061966077 0.056809079 0.053480015 0.05015095 0.046821886 0.043492821 0.044394376 0.041835784 0.034919784 0.028003783 0.021087783 0.014171783 0.010350991 0.007588113 0.004805335 0.0020225571 -0.00076022089 -0.00097921157 -0.0014536124
0.11409451 0.11882359 0.11934965 0.11987571 0.12040177 0.11882459 0.11581817 0.11336896 0.11125973 0.10915051 0.10704129 0.10114757 0.095283055 0.095010991 0.094738927 0.094466863 0.096332037 0.10093205 0.10553206 0.11013206 0.10950904 0.10843544 0.11050355 0.11192986 0.10949382 0.10705778 0.10462174 0.099539158 0.093233836 0.086928514 0.082903788 0.086712812 0.084761758 0.072431567 0.063576743 0.058363575 0.053150407 0.047993408 0.044664344 0.041335279 0.038006215 0.039310236 0.042582727 0.040707929 0.03796852 0.03105252 0.024136519 0.017220519 0.013399727 0.011054513 0.0083092087 0.0055264307 0.0027436527 0.0025246621 0.003676376
0.10452152 0.11064913 0.11630236 0.11682842 0.11735448 0.1157773 0.11277088 0.10976446 0.10716723 0.105058 0.10294878 0.097055065 0.091031305 0.085007546 0.084065452 0.083793388 0.085658562 0.090258571 0.094640011 0.093531233 0.092422455 0.091348856 0.093416966 0.095485075 0.097373382 0.094937341 0.0925013 0.087418724 0.081113401 0.078126123 0.081935147 0.08574417 0.083793116 0.071462925 0.059132734 0.049547904 0.044334736 0.039177738 0.035848673 0.032519609 0.034226096 0.037498587 0.040771078 0.03889628 0.036473278 0.034050277 0.027185256 0.020269256 0.016448464 0.01410325 0.011758035 0.0090303044 0.0062475264 0.0060285357 0.0071802496
0.09494853 0.10107614 0.10720375 0.11333137 0.11430719 0.11273002 0.10972359 0.10671717 0.10371075 0.1009655 0.098856275 0.092962555 0.086938796 0.080915036 0.074891277 0.073119913 0.074985087 0.078662204 0.077553426 0.076444649 0.075335871 0.074262272 0.076330381 0.078398491 0.080466601 0.08253471 0.080380866 0.075298289 0.073348458 0.077157482 0.080966505 0.084775529 0.082824475 0.070494284 0.058164093 0.045833901 0.035519065 0.030362067 0.027033002 0.029141956 0.032414447 0.035686938 0.038959429 0.037084631 0.034661629 0.032238628 0.029815627 0.023317992 0.0194972 0.017151986 0.014806772 0.012461558 0.0097514 0.0095324094 0.010684123
0.085375539 0.091503151 0.097630763 0.10375837 0.10988599 0.10968273 0.10667631 0.10366989 0.10066347 0.097657045 0.094763765 0.088870046 0.082846286 0.076822527 0.070798767 0.064775007 0.062684398 0.06157562 0.060466842 0.059358064 0.058249287 0.057175687 0.059243797 0.061311907 0.063380016 0.065448126 0.067516236 0.068570793 0.072379817 0.07618884 0.079997864 0.083806888 0.081855834 0.069525643 0.057195451 0.04486526 0.032535069 0.021546396 0.024057816 0.027330307 0.030602798 0.033875289 0.03714778 0.035272982 0.03284998 0.030426979 0.028003978 0.025580976 0.022545937 0.020200722 0.017855508 0.015510294 0.01316508 0.013036283 0.014187997
0.09037595 0.096503562 0.10263117 0.10875879 0.11224281 0.1093223 0.10494468 0.10193826 0.098931836 0.095925415 0.092918994 0.08699547 0.08097171 0.074947951 0.068924191 0.063798178 0.061056872 0.059948094 0.058839316 0.057730538 0.0566261 0.058555323 0.063779558 0.065847668 0.067915777 0.069983887 0.072051997 0.075310868 0.079119892 0.082928915 0.086737939 0.085470602 0.075518982 0.066505401 0.054175209 0.041845018 0.029514827 0.017649792 0.020922283 0.024194774 0.027467265 0.030739756 0.029007335 0.02655843 0.024135429 0.021712428 0.019289426 0.019357138 0.018261366 0.015916152 0.013570938 0.011225723 0.012689973 0.014957355 0.016109069
0.097685202 0.10381281 0.10994043 0.11261849 0.11449906 0.11157855 0.10539551 0.10041506 0.097408643 0.094402223 0.091395802 0.085472277 0.079448518 0.073424758 0.068636912 0.064619806 0.061878499 0.060769722 0.059660944 0.058998287 0.060889179 0.062818401 0.068170858 0.073523314 0.075877132 0.077945241 0.080013351 0.083272222 0.087081246 0.09089027 0.08767792 0.076054119 0.066102499 0.059163997 0.050829936 0.038499744 0.026169553 0.014304518 0.017577009 0.0208495 0.024121991 0.021891292 0.019199168 0.016750263 0.014327262 0.011904261 0.012385673 0.013910763 0.012814991 0.010469777 0.008124563 0.010006137 0.014360284 0.016627667 0.017779381
0.10499445 0.11111361 0.11299418 0.11487474 0.11675531 0.1138348 0.10765176 0.10146872 0.095885451 0.09287903 0.089872609 0.083949085 0.077925325 0.073475645 0.069458539 0.065441433 0.062700127 0.061591349 0.061370474 0.063261366 0.065152258 0.06708148 0.072433936 0.077786393 0.083138849 0.085906596 0.087974705 0.091233577 0.0950426 0.089885239 0.078261438 0.066637636 0.056686016 0.049747514 0.042809013 0.03515447 0.022824279 0.010959245 0.014231736 0.017467372 0.014775248 0.012083125 0.0093910012 0.0069420963 0.004519095 0.005414208 0.0069392983 0.0084643886 0.0073686168 0.0050234025 0.0073223019 0.011676449 0.016030596 0.018297979 0.019449693
0.11148929 0.11336986 0.11525043 0.117131 0.11901156 0.11609106 0.10990801 0.10372497 0.097541927 0.091358884 0.088349417 0.082425893 0.078314379 0.074297273 0.070280167 0.066263061 0.063521755 0.063742661 0.065633553 0.067524444 0.069415336 0.071344559 0.076697015 0.082049471 0.087401928 0.092754384 0.09593606 0.099194931 0.092092558 0.080468756 0.068844955 0.057221153 0.047269533 0.040331032 0.03339253 0.026454029 0.019479005 0.0076139708 0.010351329 0.0076592051 0.0049670815 0.0022749579 -0.00041716576 -0.0028660707 -0.0015572569 -3.2166638e-05 0.0014929236 0.0030180139 0.0019222421 0.0046384666 0.0089926137 0.013346761 0.017700908 0.019968291 0.020587812
0.11284339 0.11472395 0.11660452 0.11848509 0.12036566 0.11766638 0.11148334 0.10530029 0.09911725 0.092934207 0.086751164 0.082662106 0.078645 0.074627894 0.070610788 0.066593682 0.065330674 0.067221566 0.069112457 0.071003349 0.072894241 0.075182837 0.07867701 0.084029467 0.089381923 0.094734379 0.10008684 0.093827763 0.082203962 0.07058016 0.058956359 0.047332557 0.039135081 0.03219658 0.025258078 0.018319577 0.011381075 0.0045691694 0.0018770458 -0.00081507781 -0.0035072014 -0.0061993251 -0.00905393 -0.0082885519 -0.0067634616 -0.0052383713 -0.003713281 -0.0021881907 0.0023916087 0.0067457558 0.011099903 0.01545405 0.019808197 0.020573756 0.020996396
0.10828498 0.11016555 0.11204611 0.11392668 0.11745785 0.11504707 0.10859604 0.102413 0.096229954 0.090046911 0.083863868 0.07977481 0.075757704 0.071740598 0.067723492 0.064493827 0.063670324 0.065561215 0.067452107 0.069342999 0.072208613 0.077389394 0.068965653 0.071046776 0.076399232 0.081751688 0.087104145 0.080845072 0.069221271 0.057597469 0.045973668 0.040902601 0.038337674 0.032464198 0.025525696 0.018587195 0.011648694 0.0048367877 0.002144664 -0.00054745961 -0.0032395832 -0.0063182802 -0.012686128 -0.01192075 -0.010395659 -0.0088705692 -0.0073454789 0.0013544238 0.0073627255 0.011716873 0.01607102 0.020425167 0.018594449 0.017789119 0.018211759
0.10372657 0.10560714 0.10763134 0.11131661 0.11500189 0.11259111 0.10603782 0.099525701 0.093342658 0.087159615 0.080976572 0.076887514 0.072870408 0.068853302 0.065778245 0.062833476 0.062009973 0.063900865 0.065791756 0.069082055 0.074415169 0.07959595 0.071172209 0.062748468 0.063416541 0.068768997 0.074121453 0.067862381 0.056238579 0.044614778 0.040653865 0.03985324 0.037288312 0.031544272 0.025793315 0.018854813 0.011916312 0.0051044059 0.0024122822 -0.0002798414 -0.0035826303 -0.0099504781 -0.016318326 -0.015552948 -0.014027857 -0.012502767 -0.0031525578 0.0063255406 0.012333842 0.016687989 0.021042137 0.018911958 0.015809812 0.015004482 0.015427122
0.099168159 0.10149011 0.10517538 0.10886065 0.11254592 0.11013515 0.10358186 0.097028564 0.09047527 0.084272319 0.078089276 0.074000218 0.070007431 0.067062662 0.064117894 0.061173126 0.060349622 0.062240514 0.065955497 0.071288612 0.076621726 0.081802507 0.073378766 0.064955025 0.056531284 0.055786306 0.061138762 0.05487969 0.043255888 0.040405129 0.039604504 0.038803878 0.036238951 0.030494911 0.024750871 0.019006831 0.01218393 0.0053720241 0.0026799004 -0.00084698043 -0.0072148282 -0.013582676 -0.019950524 -0.019185146 -0.017137638 -0.0076595394 0.001818559 0.011296657 0.017304959 0.021659106 0.019229467 0.016127321 0.013025176 0.012219845 0.012642485
0.095348872 0.099034145 0.10271942 0.10640469 0.11008996 0.10767919 0.1011259 0.094572603 0.088019309 0.081466016 0.075201979 0.071291848 0.06834708 0.065402312 0.062457544 0.059512775 0.058689272 0.06282894 0.068162054 0.073495168 0.078828282 0.084009063 0.075585323 0.067161582 0.058737841 0.0503141 0.048156071 0.041896999 0.040156393 0.039355767 0.038555142 0.037754517 0.03518959 0.02944555 0.02370151 0.01795747 0.01221343 0.0056396423 0.0018886694 -0.0044791783 -0.010847026 -0.017214874 -0.023582722 -0.021644619 -0.012166521 -0.0026884226 0.0067896759 0.016267774 0.022276076 0.019546976 0.01644483 0.013342685 0.010240539 0.0094352084 0.011395612
0.094292383 0.097977656 0.10166293 0.1053482 0.10903347 0.10671918 0.10016589 0.093612593 0.087059299 0.080506006 0.073952712 0.071476547 0.068531778 0.06558701 0.062642242 0.059697473 0.060383974 0.065717088 0.071050202 0.076383317 0.081716431 0.084806237 0.079121667 0.070697926 0.062274185 0.053850444 0.045426703 0.04221707 0.041416444 0.040615819 0.039815194 0.039014569 0.032608927 0.026864887 0.021120847 0.015376807 0.009632767 0.0038701296 -0.0024977181 -0.0088655659 -0.015233414 -0.021601262 -0.02589849 -0.017353792 -0.0078756937 0.0016024048 0.011080503 0.020558602 0.019139253 0.016037107 0.012934961 0.0098328154 0.0067306697 0.0063798071 0.0084659454
0.096029379 0.10017303 0.1038583 0.10754358 0.11122885 0.10897855 0.10268192 0.096128629 0.089575336 0.083022042 0.076468749 0.075022312 0.073003699 0.07005893 0.067114162 0.064169394 0.064855894 0.070189009 0.075522123 0.080855237 0.083003159 0.082020904 0.08195539 0.077324215 0.068900474 0.060476733 0.052052992 0.048843358 0.048042733 0.047242108 0.046441483 0.043602852 0.036282145 0.021681858 0.014981997 0.0092379568 0.0034939168 -0.0022687205 -0.0086365683 -0.015004416 -0.021372264 -0.024916623 -0.022272294 -0.01420137 -0.0051656118 0.0043124866 0.013790585 0.023268684 0.01918857 0.010842061 0.0077399154 0.0046377697 0.0015356239 0.00053087474 0.0011786767
0.096540069 0.10164132 0.10605368 0.10973895 0.11342423 0.11117392 0.10489014 0.098606365 0.092091372 0.085538079 0.078984785 0.077538348 0.076267389 0.074530851 0.071586083 0.068641314 0.069327815 0.074660929 0.079994043 0.081210347 0.080217827 0.079235572 0.079170057 0.079104543 0.075526763 0.067103022 0.058679281 0.055469647 0.054669022 0.053868397 0.05071719 0.04743641 0.040115703 0.025515416 0.010915128 0.0030991067 -0.0026449333 -0.0084075706 -0.014775418 -0.021143266 -0.023934756 -0.021290427 -0.018646098 -0.010575174 -0.001926299 0.0070225685 0.016500667 0.025978765 0.021898652 0.011354938 0.0025448696 -0.00055727613 -0.0036594219 -0.004664171 -0.004547567
0.097050759 0.10215201 0.10725326 0.11193433 0.1156196 0.1133693 0.10708552 0.10080174 0.094517963 0.088054115 0.081500822 0.080054385 0.078783426 0.077512467 0.076058003 0.073113235 0.073799735 0.07913285 0.079417534 0.078425014 0.077432494 0.076450239 0.076384725 0.076319211 0.076253696 0.07372931 0.065305569 0.062095936 0.061112307 0.057831527 0.054550747 0.051269967 0.043949261 0.029348974 0.014748686 0.00014839857 -0.0087837835 -0.014546421 -0.020914269 -0.022952889 -0.02030856 -0.017664231 -0.015019903 -0.0069489782 0.0016998966 0.010348771 0.019210749 0.028688847 0.024608734 0.01406502 0.003521306 -0.0057523219 -0.0088544677 -0.0098592168 -0.0097426128
0.097561449 0.1026627 0.10776395 0.1128652 0.11781498 0.11556467 0.10928089 0.10299712 0.096713338 0.09042956 0.084016858 0.082570421 0.081299462 0.080028503 0.078757544 0.077486585 0.078271656 0.077624722 0.076632202 0.075639682 0.074647162 0.073664907 0.073599392 0.073533878 0.073468364 0.07340285 0.071931858 0.068226645 0.064945865 0.061665085 0.058384305 0.055103525 0.047782819 0.033182531 0.018582244 0.0039819564 -0.010618331 -0.020685271 -0.021971022 -0.019326693 -0.016682364 -0.014038036 -0.011393707 -0.0033227826 0.0053260923 0.013974967 0.022623842 0.031398929 0.027318816 0.016775102 0.0062313878 -0.0043123261 -0.014049513 -0.015054263 -0.014937659
0.09656842 0.10166967 0.10677092 0.11187217 0.11513411 0.11649326 0.11100997 0.10472619 0.098442417 0.092158638 0.08587486 0.084437377 0.083166418 0.081895459 0.0806245 0.079224362 0.077383342 0.076390822 0.075398302 0.074405782 0.073413262 0.07366801 0.066933791 0.066868276 0.066802762 0.066737248 0.066671734 0.064407022 0.061126242 0.057845462 0.054564682 0.051283902 0.048812083 0.036564371 0.021964084 0.0073637961 -0.0072364914 -0.021322672 -0.018678343 -0.016034015 -0.013389686 -0.010745357 -0.0039510248 0.0048860202 0.013534895 0.02218377 0.030832645 0.033901949 0.023685445 0.013141731 0.0025980176 -0.0079456963 -0.0172801 -0.019238997 -0.019122393
0.094441109 0.099542359 0.10464361 0.10662977 0.10500824 0.1063674 0.10975206 0.10610354 0.099819758 0.09353598 0.087252202 0.085814718 0.084543759 0.0832728 0.081664849 0.079160737 0.077319718 0.076327197 0.075334677 0.074342157 0.075031575 0.075979855 0.065342334 0.057275715 0.057210201 0.057144687 0.057079173 0.05481446 0.05153368 0.0482529 0.045341994 0.045025123 0.042556974 0.036212419 0.025005184 0.010404896 -0.004195391 -0.018281572 -0.015637243 -0.012992914 -0.010348586 -0.002889322 0.0077145238 0.016551569 0.025200444 0.033849318 0.035013735 0.025483595 0.015267091 0.0047233772 -0.0058203367 -0.01486179 -0.020702738 -0.022661636 -0.022545032
0.092313797 0.097415047 0.098125437 0.096503902 0.094882368 0.096241527 0.099626194 0.10301086 0.1011971 0.094913321 0.088629543 0.087192059 0.0859211 0.084105335 0.081601224 0.079097112 0.077256093 0.076263573 0.075271052 0.076265411 0.07734342 0.0782917 0.067654179 0.057016658 0.04761764 0.047552126 0.047486612 0.045221899 0.041941119 0.039403757 0.039086886 0.038770015 0.036301866 0.02995731 0.023612755 0.013445997 -0.0011542906 -0.015240471 -0.012596142 -0.0099518138 -0.0018276193 0.0087762265 0.019380072 0.028217117 0.036865992 0.036125521 0.026595381 0.017065241 0.0068487368 -0.0036949771 -0.012443479 -0.018284428 -0.024125376 -0.026084274 -0.02596767
0.090186485 0.089621102 0.087999568 0.086378034 0.0847565 0.086115659 0.089500325 0.092884991 0.096269657 0.096290663 0.090006884 0.088569401 0.086545821 0.08404171 0.081537599 0.079033488 0.077192468 0.076421238 0.077499247 0.078577256 0.079655265 0.080603545 0.069966024 0.059328503 0.048690982 0.03805346 0.037894051 0.035629338 0.03346552 0.033148649 0.032831778 0.032514907 0.030046758 0.023702202 0.017357646 0.011013091 0.0018868097 -0.012199371 -0.0095550421 -0.00076591648 0.0098379293 0.020441775 0.031045621 0.039882666 0.037237307 0.027707167 0.018177027 0.0086468864 -0.0015696175 -0.010025169 -0.015866118 -0.021707066 -0.027548015 -0.029506912 -0.029132256
