mean_models/J1_mean_vp_slide_diff2_220.dat.tif
NCOLS 118
NROWS 92
XLLCORNER 139.62
YLLCORNER -39.07
DX 0.099491525
DY 0.099347826
NODATA_VALUE -9999
[rows 48 to 71 of 92, columns 0 to 52 of 118]
-9999 -0.0072960253 -0.0069977139 -0.0066994024 -0.0064010909 -0.0061027794 -0.005804468 -0.0029106058 0.005743689 0.014397984 0.023052279 0.031706573 0.040360868 0.042305098 0.034647232 0.026196587 0.017745943 0.0092952987 0.0008446544 -0.0082028212 -0.018627212 -0.029051602 -0.039475992 -0.049900383 -0.060324773 -0.060838647 -0.054142628 -0.045433073 -0.036723517 -0.028013962 -0.019304406 -0.012373431 -0.0088709922 -0.0053685533 -0.0018661143 0.0016363246 0.0051387636 0.0010611592 -0.0019216996 -0.0049045585 -0.0078874173 -0.010870276 -0.013781444 -0.011237819 -0.01795821 -0.0246786 -0.031398991 -0.038119382 -0.044839772 -0.052925855 -0.061247965 -0.069570076 -0.077892187
-9999 -0.0098636147 -0.0095653032 -0.0092669918 -0.0089686803 -0.0095065991 -0.011663445 -0.0088014903 -0.00014719552 0.0085070993 0.017161394 0.024825905 0.028754026 0.030016876 0.025942366 0.019734784 0.01128414 0.0028334954 -0.005617149 -0.014664625 -0.025089015 -0.035513405 -0.045937796 -0.054753368 -0.051466665 -0.049045398 -0.048943714 -0.044909399 -0.036199844 -0.027490288 -0.018780733 -0.011849758 -0.0083473188 -0.0048448798 -0.0013424409 -3.8046266e-05 -0.0062498587 -0.011133234 -0.014116093 -0.017098952 -0.020081811 -0.02273198 -0.02480552 -0.020864113 -0.012598637 -0.016747994 -0.023468385 -0.030188776 -0.036909167 -0.044995249 -0.05331736 -0.06163947 -0.069961581
-9999 -0.012431204 -0.012132893 -0.011834581 -0.013240638 -0.015397484 -0.017554329 -0.014692375 -0.0060380801 0.0026162147 0.0086095616 0.012537683 0.016465804 0.017728654 0.013654144 0.0095796345 0.0048223363 -0.003628308 -0.012078952 -0.021126428 -0.031550818 -0.041975209 -0.046246821 -0.042960119 -0.039673416 -0.037252149 -0.037150465 -0.037048781 -0.03567617 -0.026966615 -0.018257059 -0.011326084 -0.0078236454 -0.0043212064 -0.0060206276 -0.01223244 -0.018444252 -0.023327628 -0.026310487 -0.029293346 -0.031682516 -0.033756056 -0.035829597 -0.03188819 -0.023622713 -0.015357236 -0.015537779 -0.02225817 -0.028978561 -0.037064643 -0.045386754 -0.053395041 -0.060058841
-9999 -0.014998793 -0.014817831 -0.016974677 -0.019131522 -0.021288368 -0.023445214 -0.020583259 -0.011928965 -0.0076067817 -0.0036786606 0.00024946056 0.0041775817 0.0054404315 0.0013659218 -0.0027085878 -0.0067830974 -0.010857607 -0.018540756 -0.027588231 -0.038012622 -0.037740274 -0.034453572 -0.031166869 -0.027880167 -0.025458899 -0.025357216 -0.025255532 -0.025153848 -0.025052165 -0.017733386 -0.010802411 -0.0072999719 -0.012003209 -0.018215021 -0.024426834 -0.030638646 -0.035522022 -0.038504881 -0.040633051 -0.042706592 -0.044780133 -0.046853673 -0.042912266 -0.034646789 -0.026381313 -0.018115836 -0.014327564 -0.021047955 -0.029134037 -0.036739941 -0.043403741 -0.050067541
-9999 -0.01855187 -0.020708715 -0.022865561 -0.025022407 -0.027179253 -0.029336099 -0.027751246 -0.023823125 -0.019895004 -0.015966883 -0.012038762 -0.0081106405 -0.0068477908 -0.0109223 -0.01499681 -0.01907132 -0.023145829 -0.027220339 -0.03252043 -0.029233728 -0.025947025 -0.022660323 -0.01937362 -0.016086917 -0.01366565 -0.013563966 -0.013462283 -0.013360599 -0.013258915 -0.013157232 -0.011773978 -0.01798579 -0.024197603 -0.030409415 -0.036621227 -0.04283304 -0.047510046 -0.049583587 -0.051657128 -0.053730668 -0.055804209 -0.057877749 -0.053936342 -0.045670866 -0.037405389 -0.029139912 -0.020874436 -0.013117349 -0.02008484 -0.02674864 -0.03341244 -0.040076241
-9999 -0.028677475 -0.030834321 -0.032991167 -0.035148012 -0.037304858 -0.033316162 -0.027147742 -0.023219621 -0.0192915 -0.015363378 -0.011435257 -0.015182542 -0.022211787 -0.020035989 -0.024110498 -0.028185008 -0.032259518 -0.036334027 -0.038182617 -0.034895914 -0.031609212 -0.028322509 -0.025035806 -0.020219164 -0.015111911 -0.015585536 -0.015483852 -0.015382169 -0.015280485 -0.015178801 -0.017233601 -0.023445414 -0.029657226 -0.035869038 -0.042080851 -0.047362619 -0.050795588 -0.052869128 -0.054942669 -0.05701621 -0.05908975 -0.058838049 -0.05825486 -0.053960428 -0.045694952 -0.037429475 -0.029163998 -0.020898522 -0.025362352 -0.032026152 -0.038689952 -0.045353753
-9999 -0.039511571 -0.041668417 -0.043825263 -0.045982109 -0.038665342 -0.030555804 -0.024387384 -0.020459263 -0.016531142 -0.012603021 -0.021673315 -0.034165536 -0.041194781 -0.0372841 -0.03337342 -0.03676758 -0.04084209 -0.0449166 -0.046765189 -0.043478486 -0.040191784 -0.036905081 -0.030894264 -0.023659406 -0.018552154 -0.019147417 -0.019742679 -0.01971503 -0.019613346 -0.019511662 -0.021566462 -0.027778275 -0.033990087 -0.040201899 -0.044970271 -0.049353463 -0.052786432 -0.054859972 -0.056933513 -0.059007054 -0.057843206 -0.056395604 -0.055812415 -0.055850641 -0.053527016 -0.045261539 -0.036996063 -0.028730586 -0.033194416 -0.039858216 -0.046522017 -0.048635959
-9999 -0.050345668 -0.052502514 -0.05212406 -0.044014522 -0.035904985 -0.027795447 -0.021627026 -0.017698905 -0.015671866 -0.028164088 -0.040656309 -0.05314853 -0.060177775 -0.056267094 -0.052356414 -0.048445734 -0.049424662 -0.053499172 -0.055347761 -0.052061059 -0.048774356 -0.041569365 -0.034334507 -0.027099649 -0.021992396 -0.022587659 -0.023182922 -0.023778185 -0.023946207 -0.023844523 -0.025899323 -0.032111136 -0.038194731 -0.042577923 -0.046961115 -0.051344307 -0.054777276 -0.056850817 -0.058295965 -0.056848363 -0.055400761 -0.05395316 -0.05336997 -0.053408196 -0.053446422 -0.053093604 -0.044828127 -0.03656265 -0.04102648 -0.047690281 -0.047764747 -0.044970456
-9999 -0.061179764 -0.057473241 -0.049363703 -0.041254165 -0.033144627 -0.025035089 -0.018866669 -0.022162639 -0.03465486 -0.047147081 -0.059639303 -0.072131524 -0.079160768 -0.075250088 -0.071339408 -0.067428728 -0.063518047 -0.062081744 -0.063930334 -0.059479323 -0.052244465 -0.045009607 -0.037774749 -0.030539891 -0.025432639 -0.026027901 -0.026623164 -0.027218427 -0.02781369 -0.028177384 -0.030232184 -0.035802383 -0.040185575 -0.044568767 -0.048951959 -0.053335151 -0.05676812 -0.057301122 -0.05585352 -0.054405918 -0.052958317 -0.051510715 -0.050927526 -0.050965751 -0.051003977 -0.051042203 -0.051080428 -0.044394714 -0.048858545 -0.046893535 -0.044099244 -0.041304954
-9999 -0.061721428 -0.05361189 -0.045502353 -0.037392815 -0.029283277 -0.021173739 -0.02086865 -0.033360871 -0.045853092 -0.058345313 -0.070837534 -0.083329756 -0.0919324 -0.08802172 -0.08411104 -0.08020036 -0.076289679 -0.072378999 -0.067463137 -0.06022828 -0.052993422 -0.045758564 -0.038523706 -0.031288848 -0.028064806 -0.028561558 -0.029156821 -0.029752084 -0.030347347 -0.030942609 -0.032831705 -0.037214897 -0.041598089 -0.045981281 -0.050364473 -0.054747664 -0.057961886 -0.056514285 -0.055066683 -0.053619081 -0.05217148 -0.050723878 -0.048066889 -0.048105114 -0.04814334 -0.048181566 -0.048219791 -0.048258017 -0.048322925 -0.045528634 -0.042734343 -0.039940053
-9999 -0.054099684 -0.045990146 -0.037880608 -0.02977107 -0.021920411 -0.015892203 -0.014831158 -0.019502855 -0.030462789 -0.04295501 -0.055447232 -0.067939453 -0.076706549 -0.078013867 -0.07566802 -0.07175734 -0.06784666 -0.063935979 -0.059020118 -0.05178526 -0.044550402 -0.037315544 -0.030080686 -0.031735735 -0.032705232 -0.02932623 -0.028594071 -0.029189334 -0.029784596 -0.030379859 -0.032268955 -0.036652147 -0.041035339 -0.04541853 -0.049610591 -0.042841963 -0.044665547 -0.058781507 -0.059934506 -0.058486904 -0.057039302 -0.055591701 -0.05079678 -0.043816158 -0.043854384 -0.04389261 -0.043930835 -0.043969061 -0.048989995 -0.052021346 -0.049227055 -0.046432764
-9999 -0.046477939 -0.038368402 -0.030258864 -0.023144158 -0.01711595 -0.011087742 -0.010026697 -0.014698395 -0.019370093 -0.027564707 -0.040056929 -0.05254915 -0.061316246 -0.062623565 -0.063930883 -0.06331432 -0.05940364 -0.05549296 -0.050577098 -0.04334224 -0.036107382 -0.031192321 -0.033784241 -0.036376161 -0.037345659 -0.033966657 -0.030587655 -0.028626583 -0.029221846 -0.029817109 -0.031706205 -0.036089396 -0.040472588 -0.041216312 -0.034447684 -0.027679056 -0.02950264 -0.0436186 -0.057734561 -0.063354727 -0.061907125 -0.060459523 -0.055664602 -0.048463336 -0.041262069 -0.039603654 -0.039641879 -0.039680105 -0.044701039 -0.05058312 -0.055719767 -0.052925476
-9999 -0.038856195 -0.030746657 -0.024367905 -0.018339697 -0.012311489 -0.0062832812 -0.0052222358 -0.0098939338 -0.014565632 -0.01923733 -0.024666626 -0.037158847 -0.045925943 -0.047233262 -0.04854058 -0.049847899 -0.05096062 -0.04704994 -0.042134078 -0.03489922 -0.033240828 -0.035832748 -0.038424668 -0.041016588 -0.041986085 -0.038607083 -0.035228081 -0.031849079 -0.028659096 -0.029254359 -0.031143454 -0.035526646 -0.032822032 -0.026053405 -0.019284777 -0.012516149 -0.014339733 -0.028455694 -0.042571654 -0.056687615 -0.066774948 -0.065327346 -0.060532425 -0.053331159 -0.046129892 -0.038928626 -0.035352923 -0.035391149 -0.040412083 -0.046294164 -0.052176245 -0.058058326
-9999 -0.03161986 -0.025591652 -0.019563444 -0.013535236 -0.0075070282 -0.0014788203 -0.00041777492 -0.0050894729 -0.0097611709 -0.014432869 -0.019104567 -0.023776265 -0.03053564 -0.031842959 -0.033150277 -0.034457596 -0.035764915 -0.037072233 -0.033691058 -0.035289334 -0.037881254 -0.040473174 -0.043065094 -0.045657014 -0.046626512 -0.04324751 -0.039868508 -0.036489506 -0.033110504 -0.029731502 -0.030580704 -0.024427753 -0.017659126 -0.010890498 -0.0041218703 0.0026467573 0.00082317369 -0.013292787 -0.027408747 -0.041524708 -0.055640669 -0.069756629 -0.065400248 -0.058198981 -0.050997715 -0.043796448 -0.036595182 -0.031102193 -0.036123127 -0.042005208 -0.047887289 -0.05376937
-9999 -0.028344199 -0.022315991 -0.016287783 -0.010259575 -0.0042313673 -0.0019577802 -0.0051049908 -0.0090262214 -0.013697919 -0.018369617 -0.023041315 -0.027713013 -0.028359265 -0.024478087 -0.025785405 -0.027092724 -0.028400042 -0.029707361 -0.031403124 -0.033995044 -0.036586964 -0.039178884 -0.041770804 -0.043548216 -0.042114717 -0.040076224 -0.036697222 -0.03331822 -0.029939218 -0.026560216 -0.022023428 -0.015254801 -0.0084861731 -0.0017175454 0.0050510823 0.0097055293 -0.0002729996 -0.019478766 -0.033594726 -0.047710687 -0.061826647 -0.075942608 -0.073931788 -0.064811322 -0.057610056 -0.050408789 -0.043207523 -0.036006257 -0.037066602 -0.042903186 -0.048785267 -0.054667348
-9999 -0.025733338 -0.01970513 -0.013676922 -0.0076487143 -0.0086323312 -0.011815734 -0.014962944 -0.018068385 -0.02143579 -0.026107488 -0.030779186 -0.035450884 -0.036097136 -0.028682198 -0.021910398 -0.023217717 -0.024525036 -0.025832354 -0.027528117 -0.030120037 -0.032711957 -0.035303877 -0.035729097 -0.03424087 -0.032807371 -0.031520558 -0.030129006 -0.026750004 -0.023371002 -0.019992 -0.015455213 -0.0086865848 -0.0019179571 0.0048506706 0.0074864962 0.0077269622 -0.0022515668 -0.026849817 -0.049064287 -0.063180247 -0.077296208 -0.091412168 -0.089401348 -0.075797191 -0.064981002 -0.057779736 -0.050578469 -0.043377203 -0.044437548 -0.046925725 -0.051938788 -0.057820869
-9999 -0.023122477 -0.017094269 -0.01212348 -0.015306882 -0.018490285 -0.021673687 -0.024820898 -0.027926338 -0.031031779 -0.034137219 -0.038517057 -0.043188755 -0.043835007 -0.036420069 -0.029005131 -0.021590194 -0.020650029 -0.021957348 -0.02365311 -0.02624503 -0.028836951 -0.027909979 -0.026421751 -0.024933524 -0.023500025 -0.022213212 -0.020926399 -0.019639585 -0.016802786 -0.013423784 -0.0088869966 -0.0021183689 0.0046502588 0.0052674631 0.0055079291 0.005748395 -0.0042301339 -0.028828384 -0.053426635 -0.078024885 -0.092765768 -0.10688173 -0.10487091 -0.091266752 -0.077662595 -0.065150682 -0.057949416 -0.050748149 -0.051808495 -0.054296671 -0.056784848 -0.06097439
-9999 -0.020511616 -0.018798031 -0.021981433 -0.025164836 -0.028348238 -0.031531641 -0.034678852 -0.037784292 -0.040889732 -0.043995173 -0.047100613 -0.050926626 -0.051572878 -0.04415794 -0.036743002 -0.029328065 -0.021913127 -0.018082341 -0.019778104 -0.021579088 -0.02009086 -0.018602633 -0.017114406 -0.015626178 -0.014192679 -0.012905866 -0.011619053 -0.010332239 -0.0090454261 -0.0068555679 -0.0023187806 0.0028079641 0.00304843 0.003288896 0.0035293619 0.0037698279 -0.006208701 -0.030806951 -0.055405202 -0.080003452 -0.1046017 -0.12235129 -0.12034047 -0.10673631 -0.093132155 -0.079527998 -0.065923841 -0.058119096 -0.059179441 -0.061667618 -0.064155794 -0.06664397
-9999 -0.022878308 -0.02606171 -0.029245113 -0.032428516 -0.035611918 -0.038795321 -0.04323697 -0.046342411 -0.049447851 -0.052553292 -0.055658732 -0.058764172 -0.05796627 -0.050551333 -0.043136395 -0.035721458 -0.02830652 -0.020891582 -0.015268793 -0.013780566 -0.012292338 -0.010804111 -0.0093158836 -0.0078276562 -0.0072503659 -0.0059635526 -0.0046767393 -0.0033899261 -0.0021031128 -0.00081629951 0.00011311574 0.0003535817 0.00059404766 0.00083451361 0.0010749796 0.0013154455 -0.0085125225 -0.033110773 -0.057709023 -0.082307274 -0.10690552 -0.13150377 -0.13294283 -0.11933867 -0.10573452 -0.092130361 -0.078526204 -0.064922047 -0.065038866 -0.067527042 -0.070015219 -0.072503395
-9999 -0.017238442 -0.020421845 -0.023605247 -0.02678865 -0.030225754 -0.039121927 -0.045329898 -0.048435338 -0.051540779 -0.054646219 -0.05775166 -0.054672131 -0.051452932 -0.0491308 -0.042842546 -0.035427609 -0.028012671 -0.020597734 -0.014974944 -0.013486717 -0.01199849 -0.010510262 -0.0090220348 -0.01152406 -0.013335424 -0.011042734 -0.0094977582 -0.0082109449 -0.0069241316 -0.0056373184 -0.0047079031 -0.0044674371 -0.0042269712 -0.0039865052 -0.0037460393 -0.0028599405 -0.012434112 -0.037032363 -0.061630613 -0.086228864 -0.10898341 -0.11169593 -0.11530506 -0.11768001 -0.10407585 -0.090471694 -0.076867537 -0.06326338 -0.063380199 -0.065868375 -0.068356552 -0.070844728
-9999 -0.011598576 -0.014781979 -0.017965382 -0.023422508 -0.032318681 -0.041214854 -0.047422826 -0.050528266 -0.053633706 -0.054932003 -0.051264843 -0.047597683 -0.044378484 -0.042056352 -0.039734219 -0.03513376 -0.027718822 -0.020303885 -0.014681096 -0.013192868 -0.011704641 -0.010976822 -0.014319406 -0.017661989 -0.019473353 -0.017180664 -0.014887974 -0.013031964 -0.01174515 -0.010458337 -0.0095289219 -0.009288456 -0.00904799 -0.0086364571 -0.0077089938 -0.0067815304 -0.016355702 -0.040953953 -0.065552203 -0.082024945 -0.084737462 -0.087449978 -0.091059111 -0.09531281 -0.099566509 -0.088813027 -0.07520887 -0.061604713 -0.061721531 -0.064209708 -0.066697884 -0.064311781
-9999 -0.0059587106 -0.0091421132 -0.016619262 -0.025515435 -0.034411609 -0.043307782 -0.049515753 -0.052621194 -0.051524714 -0.047857554 -0.044190394 -0.040523235 -0.037304036 -0.034981903 -0.032659771 -0.030337639 -0.027424974 -0.020010036 -0.014387247 -0.012899019 -0.013772168 -0.017114752 -0.020457335 -0.023799919 -0.025611283 -0.023318593 -0.021025904 -0.018733214 -0.016566169 -0.015279356 -0.014349941 -0.014109475 -0.01348551 -0.012558047 -0.011630584 -0.01070312 -0.020277292 -0.044875543 -0.055066482 -0.057778998 -0.060491514 -0.063204031 -0.066813164 -0.071066863 -0.075320562 -0.079574261 -0.073550202 -0.059946045 -0.060062864 -0.061701 -0.058875618 -0.056050237
-9999 -0.00091984263 -0.009816016 -0.018712189 -0.027608363 -0.036504536 -0.04540071 -0.051608681 -0.048117425 -0.044450266 -0.040783106 -0.037115946 -0.033448786 -0.030229587 -0.027907455 -0.025585323 -0.023263191 -0.020941058 -0.018618926 -0.014093398 -0.016567514 -0.019910097 -0.023252681 -0.026595265 -0.029937848 -0.031749212 -0.029456523 -0.027163833 -0.024871144 -0.022578454 -0.020285765 -0.01917096 -0.018334564 -0.0174071 -0.016479637 -0.015552173 -0.01462471 -0.024198882 -0.028108018 -0.030820534 -0.033533051 -0.036245567 -0.038958083 -0.042567216 -0.046820915 -0.051074615 -0.055328314 -0.059582013 -0.058287378 -0.056264837 -0.053439456 -0.050614074 -0.047788692
-9999 -0.006429926 -0.015326099 -0.024222273 -0.033118446 -0.042014619 -0.048903147 -0.051548437 -0.050298089 -0.04663093 -0.04296377 -0.03929661 -0.03562945 -0.031957564 -0.028907573 -0.026585441 -0.024263308 -0.021941176 -0.019619044 -0.019009837 -0.02235242 -0.025695004 -0.029037588 -0.032380171 -0.034630046 -0.033635449 -0.037488312 -0.035195623 -0.032902933 -0.030610244 -0.028317555 -0.026491182 -0.025563718 -0.024636255 -0.023708792 -0.022781328 -0.021186364 -0.021011309 -0.024488503 -0.027201019 -0.029913535 -0.032626052 -0.035338568 -0.036247383 -0.039371574 -0.043625273 -0.047878972 -0.052132671 -0.05638637 -0.05259203 -0.049766649 -0.046941267 -0.044115885
