mean_models/J1_mean_vp_slide_diff_40.dat.tif
NCOLS 118
NROWS 92
XLLCORNER 139.62
YLLCORNER -39.07
DX 0.099491525
DY 0.099347826
NODATA_VALUE -9999
[rows 27 to 53 of 92, columns 0 to 59 of 118]
-9999 7.4547324 7.4644568 7.4752184 7.4921566 7.5090948 7.5260329 7.5373894 7.5423038 7.5472182 7.5521326 7.5427024 7.5293358 7.5159802 7.5026465 7.4893128 7.4759791 7.46992 7.4667774 7.4691168 7.4841038 7.4990907 7.5263377 7.5550853 7.5838329 7.6030623 7.5967809 7.5904994 7.584218 7.6007015 7.6263571 7.6398833 7.6300275 7.6201718 7.6224879 7.6251762 7.6278645 7.6220772 7.6041642 7.5862513 7.5683384 7.5582965 7.5490064 7.5390827 7.5287034 7.5183242 7.5076251 7.4950165 7.482408 7.4775018 7.4739269 7.470352 7.4625259 7.4499953 7.4392435 7.4346534 7.4300633 7.4254732 7.4236482 7.4223264
-9999 7.4475259 7.4604227 7.4773609 7.4942991 7.5112373 7.5281755 7.5395319 7.5444463 7.5493607 7.5542751 7.5591895 7.5551705 7.5418148 7.5284812 7.5151475 7.5018138 7.4884801 7.4796209 7.4819604 7.4992276 7.5279751 7.5567227 7.5854703 7.6142179 7.6334473 7.6271659 7.6208844 7.614603 7.6083215 7.6167088 7.6302349 7.623187 7.6258753 7.6285636 7.6312518 7.6339401 7.6281528 7.6102399 7.5923269 7.574414 7.5565011 7.5444565 7.5345327 7.5241535 7.5137743 7.503395 7.4930158 7.4805578 7.4756516 7.4720767 7.4685018 7.4649268 7.4588002 7.4480485 7.4434584 7.4388682 7.4342781 7.429688 7.4272429
-9999 7.4463504 7.4632886 7.4802268 7.497165 7.5141032 7.5310414 7.5405643 7.5454787 7.5503931 7.5553075 7.5602219 7.5651363 7.5681962 7.5548625 7.5415288 7.5281951 7.5148614 7.5015277 7.5009188 7.5296664 7.558414 7.5871615 7.6159091 7.6446567 7.6615119 7.6552304 7.6489489 7.6426675 7.636386 7.6301046 7.6268869 7.6295752 7.6322635 7.6349518 7.6376401 7.6403284 7.6331104 7.6151975 7.5972846 7.5793716 7.5614587 7.5435457 7.529505 7.5191257 7.5087465 7.4983673 7.487988 7.4776088 7.4711375 7.4675626 7.4639876 7.4604127 7.4568377 7.4536469 7.4490567 7.4444666 7.4398765 7.4352864 7.4306963
-9999 7.4551712 7.4721094 7.4890476 7.5059858 7.522924 7.520246 7.5239806 7.5373721 7.5422865 7.5472009 7.5521153 7.5570297 7.5660529 7.5833042 7.5724105 7.5590769 7.5457432 7.5324095 7.5318005 7.5605481 7.5892957 7.6180433 7.6467909 7.6512682 7.6497222 7.6620089 7.6579103 7.6516289 7.6453474 7.639066 7.6358483 7.6385366 7.6412249 7.6439132 7.6466015 7.6404395 7.6283626 7.6109511 7.5930382 7.5751252 7.5572123 7.5392994 7.5235041 7.5101641 7.4997849 7.4894057 7.4790264 7.4686472 7.4515404 7.4411179 7.4375429 7.433968 7.430393 7.4276536 7.4278086 7.4236674 7.4190773 7.4144872 7.4098971
-9999 7.4639921 7.4809303 7.4978684 7.5105245 7.5056814 7.5008383 7.5045729 7.5182073 7.5318417 7.5390944 7.5440087 7.5489231 7.5579463 7.5751977 7.592449 7.5899586 7.5766249 7.5632912 7.5626823 7.5914299 7.6201774 7.648925 7.6436612 7.6369543 7.6354083 7.647695 7.6599817 7.6605903 7.6543088 7.6480273 7.6448097 7.647498 7.6501862 7.6522755 7.6439106 7.6355457 7.6234688 7.6060813 7.5886938 7.5708789 7.5529659 7.535053 7.5192578 7.5049849 7.4908233 7.4804441 7.4700648 7.4596856 7.4425788 7.4243093 7.4110982 7.4075233 7.4039483 7.4012089 7.4013639 7.4015188 7.3982781 7.393688 7.3890979
-9999 7.4728129 7.4897511 7.4959599 7.4911168 7.4862737 7.4814306 7.4851652 7.4987996 7.512434 7.5260684 7.5359022 7.5408166 7.5498398 7.5670911 7.5843424 7.6015938 7.6075067 7.594173 7.593564 7.6223116 7.642761 7.6360541 7.6293472 7.6226404 7.6210944 7.6333811 7.6456678 7.6579545 7.6632702 7.6569887 7.653771 7.6564593 7.6557465 7.6473816 7.6390168 7.6306519 7.618575 7.6011874 7.5837999 7.5664124 7.5487195 7.5308066 7.5150114 7.5007385 7.4864657 7.4721928 7.4611032 7.450724 7.4336172 7.4153477 7.3970783 7.3810786 7.3775036 7.3747642 7.3749192 7.3750741 7.375229 7.3728888 7.3682987
-9999 7.4816337 7.4813953 7.4765522 7.4717091 7.466866 7.4620229 7.4657575 7.4793919 7.4930263 7.5066607 7.5202951 7.53271 7.5417332 7.5589845 7.5762359 7.5934872 7.6107385 7.6250547 7.6244458 7.635154 7.6284471 7.6217402 7.6150333 7.6083264 7.6067805 7.6190672 7.6313539 7.6436406 7.6559273 7.6659501 7.6627324 7.6592176 7.6508527 7.6424878 7.6341229 7.625758 7.6136811 7.5962936 7.5789061 7.5615186 7.5441311 7.5265602 7.510765 7.4964922 7.4822193 7.4679465 7.4536736 7.4417624 7.4246556 7.4063861 7.3881167 7.3698472 7.3515777 7.3483195 7.3484745 7.3486294 7.3487843 7.3489392 7.3474995
-9999 7.4728993 7.4680561 7.463213 7.4583699 7.4535268 7.4486837 7.4565713 7.4700279 7.4836624 7.4972968 7.5109312 7.5245656 7.5348852 7.5499846 7.5672359 7.5844872 7.6017386 7.6189899 7.6289966 7.6222897 7.6155828 7.608876 7.6021691 7.5954622 7.5974013 7.6078445 7.6201312 7.6324178 7.6447045 7.6569912 7.662224 7.6538592 7.6454943 7.6371294 7.6287645 7.6203997 7.6064587 7.5890853 7.5716978 7.5543103 7.5369228 7.5195353 7.5006689 7.4863961 7.4721232 7.4578504 7.4435775 7.4293047 7.41343 7.3951605 7.376891 7.3586216 7.3403521 7.3272881 7.3285731 7.328728 7.328883 7.3290379 7.3291928
-9999 7.4695687 7.4647256 7.4598825 7.4550394 7.4539274 7.4620298 7.4703828 7.479025 7.4908634 7.5044978 7.5181322 7.5317666 7.5420862 7.5457675 7.5567625 7.5740138 7.5912651 7.6085165 7.6185232 7.6118163 7.6051094 7.5984025 7.5924789 7.5976734 7.6024289 7.6060081 7.6140066 7.6262933 7.63858 7.6508667 7.6560995 7.6477346 7.6393697 7.6310048 7.6219297 7.6095202 7.595154 7.5779883 7.5606724 7.5432849 7.5258973 7.5085098 7.4888351 7.4675162 7.4523794 7.4381065 7.4238337 7.4095608 7.3952359 7.3802009 7.3619314 7.3436619 7.3253924 7.3123285 7.3172958 7.3196185 7.3197734 7.3199283 7.3200833
-9999 7.4662382 7.4613951 7.456552 7.4596366 7.4677389 7.4758413 7.4841943 7.4928365 7.5014787 7.5116988 7.5253332 7.5389676 7.5492871 7.5529685 7.5566499 7.5635404 7.5807917 7.5980431 7.6080498 7.6013429 7.594636 7.5923121 7.5975066 7.602701 7.6074566 7.6110357 7.6146149 7.6201687 7.6324554 7.6447421 7.6499749 7.64161 7.6332451 7.6230345 7.610625 7.5982155 7.5838493 7.5666836 7.5495178 7.5322594 7.5148719 7.4974844 7.4778097 7.4564907 7.4351718 7.4183626 7.4040898 7.3898169 7.3754921 7.3611582 7.3468243 7.3287023 7.3104328 7.2973688 7.3023361 7.3073034 7.3106639 7.3108188 7.3109737
-9999 7.4629077 7.4580646 7.4653457 7.4734481 7.4815504 7.4896528 7.4980058 7.506648 7.5152902 7.5239324 7.5325747 7.5461686 7.5564881 7.5601695 7.5638508 7.5675322 7.5712135 7.5875696 7.5975764 7.5908695 7.5921453 7.5973398 7.6025342 7.6077287 7.6124842 7.6160634 7.6196426 7.6232217 7.6268009 7.6386175 7.6438503 7.6354854 7.6241392 7.6117298 7.5993203 7.5869108 7.5725446 7.5553789 7.5382131 7.5210474 7.5038464 7.4864589 7.4667842 7.4454653 7.4241463 7.4028274 7.3843459 7.3700731 7.3557482 7.3414143 7.3270804 7.3127465 7.2954732 7.2824092 7.2873765 7.2923438 7.2973111 7.3017092 7.3018642
-9999 7.4629525 7.4710549 7.4791572 7.4872596 7.4953619 7.5034643 7.5118173 7.5204595 7.5291017 7.537744 7.5463862 7.5550284 7.5636891 7.5673705 7.5710518 7.5747332 7.5784145 7.5820959 7.5871029 7.5919785 7.597173 7.6023674 7.6075619 7.6127563 7.6175119 7.621091 7.6246702 7.6282494 7.6318285 7.6354077 7.6376534 7.625244 7.6128345 7.6004251 7.5880156 7.5756061 7.5612399 7.5440742 7.5269084 7.5097427 7.492577 7.4754113 7.4557588 7.4344398 7.4131209 7.3918019 7.370483 7.3503292 7.3360043 7.3216704 7.3073365 7.2930027 7.2786688 7.2674496 7.2724169 7.2773842 7.2823515 7.2873188 7.2922861
-9999 7.4646619 7.4727643 7.4808666 7.488969 7.4970713 7.5023265 7.5073174 7.5159596 7.5246018 7.5332441 7.5418863 7.5485121 7.5545304 7.5643586 7.5680399 7.5717213 7.5754026 7.579084 7.5832229 7.5884173 7.5936118 7.5988062 7.6040007 7.6113478 7.6203811 7.6186105 7.6221897 7.6257689 7.629348 7.6329272 7.6310452 7.6186357 7.6062262 7.5938168 7.5814073 7.5671459 7.5498216 7.5326558 7.5154901 7.4983244 7.4811587 7.4642073 7.4387389 7.4138498 7.3925309 7.3712119 7.349893 7.328574 7.3132108 7.2988769 7.2845431 7.2702092 7.2562598 7.2485032 7.2534705 7.2584378 7.263405 7.2683723 7.2774019
-9999 7.4622782 7.4703806 7.4784829 7.4865853 7.4898062 7.4916334 7.4966243 7.5052665 7.5139088 7.522551 7.5271503 7.5295412 7.5355595 7.5488418 7.5615739 7.5652553 7.5689366 7.572618 7.5767569 7.5819513 7.5871458 7.5923402 7.6023448 7.6163253 7.6253586 7.6211319 7.6171698 7.620749 7.6243281 7.6279073 7.6260253 7.6136158 7.6012064 7.5887969 7.5731245 7.5556892 7.5383648 7.5211991 7.5040334 7.4868677 7.4700225 7.453267 7.4277985 7.3960665 7.3687059 7.347387 7.3260681 7.3047491 7.2893859 7.275052 7.2607182 7.247395 7.235965 7.2282084 7.2331756 7.2381429 7.2431102 7.2538785 7.266909
-9999 7.4598945 7.4679969 7.4754587 7.4772859 7.4791131 7.4809403 7.4859313 7.4945735 7.5032157 7.5057885 7.5081794 7.5105703 7.5165886 7.5298709 7.5431531 7.5564354 7.5624706 7.5661519 7.5702908 7.5754853 7.5806797 7.5933418 7.6073223 7.6213029 7.6303361 7.6261094 7.6218827 7.617656 7.6193083 7.6228874 7.6210054 7.608596 7.5961865 7.5791031 7.5616678 7.5442325 7.5269081 7.5097423 7.4925933 7.4758377 7.4590822 7.4423266 7.4168581 7.3851261 7.3533941 7.3235621 7.3022432 7.2809242 7.265561 7.2512271 7.2385301 7.2271002 7.2156702 7.2079135 7.2128808 7.2178481 7.2303551 7.2433856 7.2564162
-9999 7.4575108 7.4629384 7.4647656 7.4665928 7.4684201 7.4702473 7.4752382 7.4820358 7.4844267 7.4868176 7.4892085 7.4915994 7.4976177 7.5109 7.5241822 7.5374645 7.5507468 7.5596859 7.5638248 7.5703582 7.5843388 7.5983193 7.6122999 7.6262804 7.6353137 7.631087 7.6268603 7.6226336 7.6184069 7.6178676 7.6159855 7.6025169 7.5850816 7.5676463 7.550211 7.5327757 7.5154513 7.4984085 7.481653 7.4648974 7.4481418 7.4313862 7.4059178 7.3741858 7.3424537 7.3107217 7.2789896 7.2570993 7.2417361 7.2296653 7.2182353 7.2068054 7.1953754 7.1876187 7.1938011 7.2068317 7.2198622 7.2328928 7.2459233
-9999 7.4525795 7.4544067 7.456234 7.4580612 7.4598884 7.4617156 7.4642756 7.4666665 7.4690574 7.4714483 7.4738392 7.4762301 7.4821035 7.4953858 7.508668 7.5219503 7.5352326 7.5485149 7.5620083 7.5759889 7.5899694 7.60395 7.6179305 7.6319111 7.6371397 7.632913 7.6286863 7.6244596 7.6202329 7.6160062 7.6072678 7.5898325 7.5723972 7.5549619 7.5375266 7.5200913 7.5031543 7.4863987 7.4696431 7.4528875 7.436132 7.4193764 7.3941958 7.3624637 7.3307317 7.2989997 7.2672676 7.2355356 7.2224352 7.2110052 7.1995752 7.1881453 7.1767153 7.1687997 7.1818302 7.1948608 7.2078913 7.2209219 7.2339524
-9999 7.4603494 7.4621766 7.4640038 7.465831 7.4676582 7.4777665 7.4819466 7.4784606 7.4808515 7.4832424 7.4856333 7.4880242 7.4937191 7.5060305 7.5192245 7.5325068 7.5457891 7.5590713 7.5725648 7.5865453 7.6005259 7.6145064 7.628487 7.6320679 7.6273004 7.6123483 7.6067431 7.6025164 7.5982897 7.594063 7.5853246 7.5678893 7.550454 7.5330187 7.5155834 7.5056669 7.4907101 7.4663226 7.449567 7.4328115 7.4160559 7.3993003 7.375013 7.3448464 7.3131144 7.2813823 7.2496503 7.2179183 7.2115849 7.2046742 7.1932442 7.1818143 7.1703843 7.1612731 7.1601938 7.1717423 7.1847729 7.1978034 7.210834
-9999 7.4681192 7.4699464 7.4717737 7.4754891 7.486397 7.4973048 7.5014849 7.4979003 7.4943156 7.4950364 7.4974273 7.4998182 7.5055131 7.5178246 7.530136 7.5430632 7.5563455 7.5696278 7.5831212 7.5971018 7.6110823 7.6250629 7.6245368 7.623569 7.6188015 7.6038494 7.5888974 7.5805732 7.5763465 7.5721198 7.5633815 7.5459462 7.5285109 7.5116793 7.5035073 7.4953353 7.4803785 7.4557151 7.4310517 7.4127354 7.3959798 7.3792242 7.354937 7.3252352 7.295497 7.263765 7.232033 7.2003009 7.1939675 7.1920237 7.1869132 7.1754833 7.1640533 7.1549421 7.1538628 7.1527835 7.1616544 7.174685 7.1877155
-9999 7.4758891 7.4777163 7.4841196 7.4950274 7.5059353 7.5168432 7.5210232 7.5174386 7.513854 7.5102693 7.5092214 7.5116123 7.5173072 7.5296186 7.54193 7.5542415 7.566902 7.5801842 7.5936777 7.6076582 7.6179733 7.6170056 7.6160379 7.6150702 7.6103026 7.5953505 7.5803985 7.5654464 7.5544033 7.5501766 7.5414383 7.524003 7.5095197 7.5013477 7.4931758 7.4850038 7.470047 7.4453836 7.4207201 7.3960567 7.3759037 7.3591481 7.3348609 7.3051592 7.2754575 7.2457557 7.2144156 7.1826836 7.1763502 7.1744064 7.1724626 7.1691523 7.1577223 7.1486111 7.1475318 7.1464525 7.1453732 7.1515665 7.1645971
-9999 7.4836589 7.4927501 7.5036579 7.5145658 7.5254736 7.5363815 7.5405616 7.5369769 7.5333923 7.5298077 7.5262231 7.5234064 7.5291013 7.5414127 7.5537241 7.5660355 7.5783469 7.5907407 7.6042341 7.6104422 7.6094744 7.6085067 7.607539 7.6065713 7.6018037 7.5868517 7.5718996 7.5569475 7.5419955 7.5282334 7.5194951 7.5073601 7.4991881 7.4910162 7.4828442 7.4746723 7.4597155 7.435052 7.4103886 7.3857252 7.3610617 7.3390721 7.3147848 7.2850831 7.2553814 7.2256797 7.1959779 7.1650663 7.1587329 7.1567891 7.1548453 7.1529014 7.1509576 7.1422801 7.1412008 7.1401215 7.1390422 7.1379629 7.1414786
-9999 7.4940025 7.5049104 7.5158182 7.5267261 7.537634 7.5485418 7.5558631 7.5522785 7.5486938 7.5451092 7.5415246 7.5379399 7.5338411 7.544309 7.5566204 7.5689318 7.5812432 7.5935546 7.6018506 7.6008829 7.5999152 7.5989475 7.5979797 7.597012 7.595283 7.5810916 7.5661395 7.5511875 7.5362354 7.5212834 7.5086472 7.5004752 7.4923032 7.4841313 7.4759593 7.4677873 7.4496837 7.4250203 7.4003569 7.3756934 7.35103 7.3264601 7.3094483 7.2797466 7.2500449 7.2203432 7.1906414 7.1609397 7.1549055 7.1529617 7.1510179 7.1490741 7.1471303 7.1435085 7.1424291 7.1413498 7.1402705 7.1391912 7.1377916
-9999 7.4944374 7.5053453 7.5162532 7.527161 7.5401154 7.5570319 7.5644313 7.5608467 7.557262 7.5536774 7.5491236 7.5409113 7.5361453 7.5382805 7.545376 7.5576874 7.5699988 7.5823102 7.5906062 7.5896385 7.5886708 7.5877031 7.5872271 7.5904503 7.5896184 7.5779181 7.5647321 7.54978 7.534828 7.5198759 7.5072397 7.4990678 7.4908958 7.4827238 7.4731437 7.4587483 7.4401285 7.415465 7.3908016 7.3661382 7.3419087 7.3184315 7.3033456 7.2942922 7.268133 7.2384313 7.2087296 7.1790279 7.1729937 7.1710499 7.169106 7.1671622 7.1615268 7.1567504 7.1556711 7.1545918 7.1535125 7.1510809 7.1457489
-9999 7.4948724 7.5057802 7.5166881 7.5317671 7.5486836 7.5656001 7.5729995 7.5694149 7.5658302 7.5596401 7.5514278 7.5432155 7.5384495 7.5405847 7.54272 7.546443 7.5587544 7.5710658 7.5793618 7.5783941 7.5774264 7.5783393 7.5815625 7.5847857 7.5839538 7.5722535 7.5605531 7.5483726 7.5334206 7.5184685 7.5058323 7.4976603 7.4894884 7.4779838 7.4635884 7.449193 7.4305732 7.4059098 7.3812463 7.3573573 7.3338801 7.3104028 7.295317 7.2862636 7.2772102 7.2565195 7.2268177 7.197116 7.1910818 7.189138 7.1864562 7.1806125 7.1747688 7.1699924 7.1689131 7.1678338 7.1643703 7.1590382 7.1537062
-9999 7.4953073 7.5065023 7.5234188 7.5403353 7.5572518 7.5741683 7.5815677 7.5779831 7.5701566 7.5619443 7.553732 7.5455197 7.5407537 7.5428889 7.5450242 7.5471594 7.5492947 7.5598214 7.5681174 7.5671497 7.5694515 7.5726747 7.5758979 7.5791211 7.5782892 7.5665889 7.5548885 7.5431881 7.5314878 7.5170611 7.5044249 7.4962529 7.482824 7.4684286 7.4540331 7.4396377 7.4210179 7.3963545 7.372806 7.3493287 7.3258514 7.3023742 7.2872883 7.278235 7.2691816 7.2601282 7.2449059 7.2152042 7.20917 7.2055418 7.1996981 7.1938544 7.1880107 7.1832343 7.182155 7.1776596 7.1723276 7.1669956 7.1616635
-9999 7.498154 7.5150705 7.531987 7.5489035 7.56582 7.5827365 7.5888854 7.5806731 7.5724608 7.5642485 7.5560362 7.5478239 7.5430579 7.5451931 7.5473284 7.5494637 7.5515989 7.5537342 7.5573405 7.5605637 7.5637869 7.5670101 7.5702333 7.5734565 7.5726247 7.5609243 7.5492239 7.5375235 7.5258232 7.5141228 7.5020595 7.4876641 7.4732687 7.4588733 7.4444779 7.4300825 7.4117318 7.3882546 7.3647773 7.3413001 7.3178228 7.2943456 7.2792597 7.2702063 7.261153 7.2520996 7.2430462 7.2332923 7.2246275 7.2187838 7.2129401 7.2070964 7.2012527 7.196281 7.190949 7.185617 7.1802849 7.1749529 7.1696208
-9999 7.5206654 7.5375819 7.5544984 7.5714149 7.5883313 7.5930854 7.5874508 7.5792385 7.5710262 7.5628139 7.5546016 7.5475618 7.5420052 7.5383504 7.5404857 7.5426209 7.5447562 7.5468914 7.5493556 7.5525788 7.555802 7.5590252 7.5622484 7.5629652 7.5597084 7.5549511 7.5432507 7.5315504 7.51985 7.5081496 7.4955287 7.4811333 7.4667379 7.4523425 7.4379471 7.4253208 7.4092364 7.3857592 7.3622819 7.3388046 7.3153274 7.2975414 7.2827823 7.2710346 7.2619812 7.2529278 7.2438744 7.2348211 7.2285044 7.2226607 7.216817 7.2109733 7.2076742 7.2093847 7.2040526 7.1987206 7.1933885 7.1880565 7.1846284
