mean_models/J1_mean__temp2_slide_220.dat.tif
NCOLS 118
NROWS 92
XLLCORNER 139.62
YLLCORNER -39.07
DX 0.099491525
DY 0.099347826
NODATA_VALUE -9999
[rows 0 to 26 of 92, columns 0 to 59 of 118]
-9999 -9999 -9999 -9999 -9999 -9999 -9999 -9999 -9999 -9999 -9999 -9999 -9999 -9999 -9999 -9999 -9999 -9999 -9999 -9999 -9999 -9999 -9999 -9999 -9999 -9999 -9999 -9999 -9999 -9999 -9999 -9999 -9999 -9999 -9999 -9999 -9999 -9999 -9999 -9999 -9999 -9999 -9999 -9999 -9999 -9999 -9999 -9999 -9999 -9999 -9999 -9999 -9999 -9999 -9999 -9999 -9999 -9999 -9999 -9999
-9999 1076.1221 1075.6305 1075.1389 1074.6473 1074.1557 1074.4037 1074.0609 1076.0048 1081.2321 1086.4595 1091.6869 1096.9143 1099.3524 1096.3677 1093.5696 1090.7716 1087.9736 1085.1755 1082.1761 1078.7122 1075.2482 1071.7842 1068.3203 1065.8034 1069.5313 1075.923 1084.6205 1093.3181 1102.0157 1110.7133 1113.6043 1105.302 1096.9996 1088.6973 1080.395 1077.0763 1081.7845 1077.9915 1074.1075 1070.2236 1066.3397 1062.4557 1068.7077 1080.6512 1092.0854 1103.5196 1114.9538 1126.388 1131.5961 1142.646 1153.696 1164.746 1175.7959 1182.4559 1179.628 1184.8726 1190.1173 1195.3619 1200.6065
-9999 1077.8706 1077.379 1076.8874 1076.3959 1077.219 1078.8657 1078.5228 1075.8838 1075.7117 1080.9391 1086.1665 1091.3939 1093.832 1090.6844 1087.6129 1084.8149 1082.0168 1079.2188 1076.2194 1072.7554 1069.2915 1065.8275 1065.0029 1068.3575 1072.0854 1076.8141 1082.3033 1091.0008 1099.6984 1108.396 1111.287 1102.9847 1094.6824 1086.38 1087.3516 1097.9166 1102.6248 1098.9539 1095.2049 1091.3209 1087.437 1083.5531 1089.805 1103.3435 1115.678 1127.1122 1138.5464 1149.9806 1154.8734 1158.6356 1168.7985 1179.8485 1190.8984 1197.5584 1189.0121 1183.909 1189.1536 1194.3982 1199.6428
-9999 1079.6191 1079.1275 1078.636 1080.0343 1081.6809 1083.3276 1082.9848 1080.3458 1077.7068 1075.4187 1080.646 1085.8734 1088.3115 1085.164 1082.0164 1078.8688 1076.0601 1073.2621 1070.2627 1066.7987 1063.3347 1064.2025 1067.557 1070.9115 1074.6395 1079.3682 1084.0969 1088.8256 1097.3811 1106.0787 1108.9697 1100.6674 1092.3651 1097.6269 1108.1919 1118.7569 1123.465 1119.7941 1116.1233 1112.4183 1108.5343 1104.6504 1110.9024 1124.4409 1137.9794 1150.7049 1162.1391 1173.5733 1178.466 1182.2282 1185.9904 1194.951 1206.001 1212.661 1204.1146 1195.5683 1188.1899 1193.4345 1198.6792
-9999 1081.3677 1081.2029 1082.8496 1084.4962 1086.1429 1087.7896 1087.4467 1084.8078 1082.1688 1079.5298 1076.8909 1080.353 1082.7911 1079.6435 1076.4959 1073.3484 1070.2008 1067.3053 1064.3059 1060.842 1063.402 1066.7566 1070.1111 1073.4656 1077.1935 1081.9222 1086.651 1091.3797 1096.1084 1103.7614 1106.6524 1098.3501 1107.9022 1118.4672 1129.0322 1139.5972 1144.3053 1140.6344 1136.9635 1133.2926 1129.6217 1125.7477 1131.9997 1145.5382 1159.0767 1172.6153 1185.7317 1197.1659 1202.0586 1205.8208 1209.583 1213.3452 1221.1035 1227.7635 1219.2172 1210.6708 1202.1245 1193.5782 1197.7155
-9999 1084.0182 1085.6649 1087.3115 1088.9582 1090.6049 1092.2515 1091.9087 1089.2697 1086.6308 1083.9918 1081.3528 1078.7138 1077.2707 1074.1231 1070.9755 1067.8279 1064.6804 1061.5328 1059.2471 1062.6016 1065.9561 1069.3106 1072.6651 1076.0197 1079.7476 1084.4763 1089.205 1093.9337 1098.6624 1103.3912 1107.6125 1118.1775 1128.7425 1139.3075 1149.8725 1160.4374 1165.1456 1161.4747 1157.8038 1154.1329 1150.462 1146.7911 1153.097 1166.6356 1180.1741 1193.7126 1207.2511 1220.7585 1225.6512 1229.4134 1233.1756 1236.9378 1240.7 1242.866 1234.3197 1225.7734 1217.227 1208.6807 1200.1344
-9999 1084.8952 1086.5419 1088.1885 1089.8352 1091.4819 1093.1567 1092.8397 1090.2007 1087.5618 1084.9228 1082.2838 1079.7334 1077.7198 1076.1022 1072.9547 1069.8071 1066.6595 1063.5119 1062.3305 1065.685 1069.0395 1072.3941 1075.7486 1079.4363 1081.9143 1080.9704 1085.6991 1090.4278 1095.1565 1099.8852 1106.6074 1117.1724 1127.7374 1138.3024 1148.8674 1163.4602 1172.9724 1169.3015 1165.6306 1161.9597 1158.2889 1155.7485 1158.2959 1168.2275 1181.766 1195.3046 1208.8431 1222.3816 1227.5845 1231.3467 1235.1089 1238.8711 1241.8761 1240.5409 1231.9945 1223.4482 1214.9019 1206.3556 1201.3569
-9999 1085.2042 1086.8509 1088.4976 1090.1442 1091.8333 1093.5283 1093.2113 1090.5723 1087.9334 1085.2944 1082.802 1080.3591 1078.3455 1077.1918 1076.038 1072.9744 1069.8268 1066.6792 1065.4978 1068.8523 1072.2068 1075.5613 1079.4951 1083.7451 1086.223 1083.9516 1081.6801 1085.9618 1090.6905 1095.4192 1102.1414 1112.7064 1123.2714 1133.8364 1150.4984 1169.2254 1178.7376 1175.0667 1171.3958 1167.7249 1165.5913 1163.6718 1166.2192 1171.9779 1180.2678 1193.8063 1207.3448 1220.8834 1226.0862 1229.8484 1233.6106 1236.0434 1236.7899 1235.4547 1226.9083 1218.362 1209.8157 1205.8986 1203.0517
-9999 1085.5133 1087.1599 1088.815 1090.51 1092.2049 1093.8999 1093.5829 1090.9439 1088.3136 1085.8706 1083.4277 1080.9848 1078.9712 1077.8174 1076.6637 1075.5099 1072.9941 1069.8465 1068.6651 1072.0196 1075.3741 1079.5539 1083.8038 1088.0538 1090.5317 1088.2603 1085.9889 1083.7174 1086.2245 1090.9532 1097.6754 1108.2404 1118.8095 1137.5365 1156.2635 1174.9905 1184.5027 1180.8318 1177.3536 1175.4341 1173.5146 1171.5951 1174.1425 1179.9012 1185.6598 1192.3081 1205.8466 1219.3851 1224.588 1228.3502 1230.2107 1230.9572 1231.7037 1230.3685 1221.8222 1213.2872 1210.4403 1207.5934 1204.7466
-9999 1085.8223 1087.4917 1089.1867 1090.8816 1092.5765 1094.2715 1093.9545 1091.3822 1088.9392 1086.4963 1084.0534 1081.6105 1079.5969 1078.4431 1077.2893 1076.1356 1074.9818 1073.0138 1071.8324 1075.3627 1079.6127 1083.8626 1088.1126 1092.3625 1094.8405 1092.569 1090.2976 1088.0262 1085.7547 1086.4872 1093.2094 1105.8476 1124.5746 1143.3016 1162.0286 1180.7556 1190.2678 1187.1964 1185.2769 1183.3574 1181.4379 1179.5184 1182.0658 1187.8245 1193.5831 1199.3418 1205.1004 1217.8869 1223.0897 1224.3779 1225.1245 1225.871 1226.6175 1225.2823 1217.8289 1214.982 1212.1351 1209.2883 1206.4414
-9999 1086.0268 1087.7217 1089.4167 1091.1116 1092.8066 1094.5015 1094.0575 1091.6146 1089.1717 1086.7288 1084.2858 1081.8429 1080.2077 1079.054 1077.9002 1076.7464 1075.5927 1074.4389 1074.9191 1079.1691 1083.419 1087.669 1091.9189 1096.1689 1100.6949 1098.4234 1096.152 1093.8806 1091.6091 1089.3377 1094.2386 1112.9656 1131.6926 1150.4196 1169.1466 1187.8736 1196.2877 1194.3682 1192.4487 1190.5292 1188.6097 1186.6902 1188.6272 1194.3859 1200.1445 1205.9032 1211.6618 1217.4204 1218.9056 1219.6521 1220.3986 1221.1452 1221.8917 1222.707 1219.8601 1217.0133 1214.1664 1211.3195 1208.4726
-9999 1085.3289 1087.0238 1088.7187 1090.4137 1092.1086 1092.6341 1091.7129 1089.27 1086.8271 1084.3842 1081.9412 1079.375 1078.0715 1079.3705 1078.4139 1077.2601 1076.1064 1074.9526 1075.4328 1079.6828 1083.9327 1088.1827 1092.4326 1096.5853 1102.424 1112.9013 1112.1362 1109.8648 1107.5933 1105.3219 1110.2228 1128.9498 1147.6769 1166.4039 1185.1309 1194.8895 1198.5347 1196.6152 1194.6957 1192.7762 1190.8567 1188.81 1189.1185 1192.0218 1197.7805 1203.5391 1209.2977 1215.0564 1216.5415 1217.288 1218.0346 1218.7811 1222.6052 1226.943 1224.0961 1221.2492 1218.4023 1215.5554 1210.6001
-9999 1084.6309 1086.3259 1088.0208 1089.4949 1089.8922 1090.2895 1089.3683 1086.9254 1084.4825 1082.0333 1079.4302 1076.8271 1075.5236 1076.8227 1078.1217 1077.7739 1076.6201 1075.4663 1075.9465 1080.1965 1084.4464 1088.6964 1092.8139 1096.9219 1102.7605 1113.2378 1123.7151 1125.849 1123.5776 1121.3061 1126.2071 1144.9341 1163.6611 1182.067 1189.6018 1197.1365 1200.7816 1198.8621 1196.9426 1195.0023 1192.9487 1190.895 1191.2035 1193.2101 1195.4164 1201.175 1206.9337 1212.6923 1214.1774 1214.924 1215.6705 1220.4293 1226.8412 1231.1789 1228.332 1225.4851 1222.4548 1217.3025 1212.1503
-9999 1083.933 1085.628 1086.753 1087.1503 1087.5476 1087.9449 1087.0237 1084.5808 1082.0885 1079.4854 1076.8824 1074.2793 1072.9758 1074.2748 1075.5738 1076.8729 1077.1338 1075.98 1076.4603 1080.7102 1084.9344 1089.0424 1093.1504 1097.2584 1103.0971 1113.5744 1124.0517 1134.529 1139.5618 1137.2904 1142.1913 1160.9183 1176.7792 1184.314 1191.8487 1199.3834 1203.0285 1201.109 1199.141 1197.0874 1195.0338 1192.9801 1193.2886 1195.2952 1197.3018 1199.3084 1204.5696 1210.3283 1211.8134 1212.5599 1218.2534 1224.6652 1231.0771 1235.4148 1232.568 1229.1573 1224.005 1218.8528 1213.7005
-9999 1083.2351 1084.011 1084.4084 1084.8057 1085.203 1085.6003 1084.6791 1082.1438 1079.5407 1076.9376 1074.3345 1071.7314 1070.4279 1071.7269 1073.026 1074.325 1075.624 1076.4937 1076.974 1081.1629 1085.2709 1089.3789 1093.4869 1097.5949 1103.4336 1113.9109 1124.3882 1134.8655 1145.3428 1153.2746 1158.1756 1171.4914 1179.0262 1186.5609 1194.0956 1201.6303 1205.2754 1203.2797 1201.2261 1199.1725 1197.1188 1195.0652 1195.3737 1197.3802 1199.3868 1201.3934 1203.4 1207.9642 1209.6656 1216.0774 1222.4893 1228.9012 1235.3131 1239.6508 1235.8597 1230.7075 1225.5553 1220.403 1215.2508
-9999 1081.5095 1081.9068 1082.3042 1082.7015 1083.0988 1083.4961 1082.3025 1079.6994 1077.0963 1074.4932 1071.8901 1069.2871 1068.742 1070.1561 1071.4551 1072.7541 1074.0531 1075.3522 1077.5006 1081.6086 1085.7166 1089.8246 1093.9326 1098.0406 1105.329 1116.6342 1127.1115 1137.5888 1148.0661 1158.5434 1168.0156 1175.5503 1183.085 1190.6197 1198.1544 1205.6891 1208.2011 1206.1474 1204.0938 1202.0402 1199.9865 1197.9329 1198.8041 1200.8107 1202.8172 1204.8238 1206.8304 1208.837 1208.0436 1214.4555 1220.8674 1227.2792 1233.6911 1239.2051 1235.065 1229.9127 1224.7605 1219.6083 1214.456
-9999 1079.9639 1080.3612 1080.7586 1081.1559 1081.1385 1078.7738 1077.3449 1076.9958 1074.8925 1072.2894 1069.6863 1067.0832 1066.5382 1070.1146 1072.1543 1073.4533 1074.7524 1076.0514 1078.1998 1082.3078 1086.4158 1090.5238 1094.6318 1097.0811 1103.7546 1122.0847 1135.3806 1145.8579 1156.3352 1166.8125 1176.2847 1183.8194 1191.3541 1198.8888 1206.0832 1205.5267 1206.5443 1209.8138 1208.7801 1206.7264 1204.6728 1202.6191 1203.8261 1207.3672 1209.3738 1211.3804 1213.387 1215.3935 1205.5405 1199.2219 1205.6337 1212.0456 1218.4575 1223.9715 1226.3753 1223.669 1218.5168 1213.3646 1208.2123
-9999 1078.4183 1078.8156 1079.213 1078.378 1076.0134 1073.6487 1072.2198 1071.8708 1071.5217 1070.0856 1067.4825 1064.8794 1064.3344 1067.9108 1071.4872 1074.1526 1075.4516 1076.7506 1078.8991 1083.0071 1087.1151 1090.8579 1093.1823 1095.5068 1102.1803 1120.5103 1138.8404 1154.127 1164.6043 1175.0816 1184.5538 1192.0885 1199.6233 1204.7664 1204.2099 1203.6535 1204.671 1207.9405 1211.21 1211.4127 1209.359 1207.3054 1208.5124 1212.0633 1215.6143 1217.9369 1219.9435 1221.9501 1212.097 1200.1943 1190.4001 1196.812 1203.2239 1208.7378 1211.1416 1213.5454 1212.2731 1207.1209 1201.9686
-9999 1076.8727 1077.27 1075.6176 1073.2529 1070.8883 1068.5237 1067.0947 1066.7457 1066.3966 1066.0476 1065.2787 1062.6756 1062.1305 1065.7069 1069.2833 1072.8597 1076.1509 1077.4499 1079.5983 1083.7063 1086.9591 1089.2835 1091.608 1093.9324 1100.6059 1118.936 1137.266 1155.5961 1172.8734 1183.3507 1192.8229 1200.3577 1203.4497 1202.8932 1202.3367 1201.7802 1202.7978 1206.0673 1209.3368 1212.6063 1214.0453 1211.9916 1213.1986 1216.7496 1220.3006 1223.8515 1226.5 1228.5066 1218.6535 1206.7508 1194.8481 1182.9453 1187.9903 1193.5042 1195.908 1198.3118 1200.7156 1200.8772 1195.7249
-9999 1075.2218 1072.8571 1070.4925 1068.1279 1065.7632 1063.3986 1061.9696 1061.6206 1061.2716 1060.9225 1060.5735 1060.2245 1059.9267 1063.5031 1067.0795 1070.6559 1074.2323 1077.8087 1080.2975 1083.0603 1085.3847 1087.7092 1090.0336 1092.3581 1099.0316 1117.3616 1135.6917 1154.0217 1172.3518 1190.6818 1201.0921 1202.1329 1201.5764 1201.0199 1200.4635 1199.907 1200.9246 1204.1941 1207.4636 1210.7331 1214.0026 1216.6779 1217.8849 1221.4358 1224.9868 1228.5378 1232.0888 1235.0631 1225.2101 1213.3073 1201.4046 1189.5019 1177.5991 1178.2706 1180.6744 1183.0782 1185.482 1187.8858 1189.4812
-9999 1078.7438 1076.3792 1074.0145 1071.6499 1069.2852 1065.0765 1058.7796 1058.4306 1058.0816 1057.7325 1057.3835 1057.4402 1062.1605 1065.7283 1069.3046 1072.881 1076.4574 1080.0338 1083.2316 1085.5561 1087.8805 1090.205 1092.5294 1094.8539 1105.6963 1118.1918 1136.5218 1154.8519 1173.1819 1191.512 1203.391 1202.8345 1202.2781 1201.7216 1201.1651 1200.6398 1201.8028 1205.0723 1208.3418 1211.6113 1214.8808 1216.8976 1215.0078 1217.9097 1221.4607 1225.0117 1228.5626 1232.1136 1222.4881 1210.5854 1198.6827 1186.7799 1174.8772 1171.9617 1174.3655 1176.7693 1179.1731 1181.5769 1185.5847
-9999 1088.7885 1086.4239 1084.0592 1081.6946 1074.7965 1063.3461 1057.0493 1056.7003 1056.3512 1056.0022 1057.7317 1063.0341 1067.7544 1071.3089 1074.8707 1078.447 1082.0234 1085.5998 1088.7976 1091.1221 1093.4466 1095.771 1101.008 1113.997 1124.8569 1130.0106 1139.1658 1157.4958 1175.8259 1194.1559 1206.0349 1205.4785 1204.922 1204.3655 1203.9028 1203.5936 1204.7566 1208.0261 1211.2956 1214.5651 1215.5581 1214.4194 1212.5296 1210.1 1211.7398 1215.2908 1218.8418 1222.3928 1212.7673 1200.8645 1188.9618 1177.8433 1174.4666 1172.3849 1174.7887 1177.1925 1179.5963 1184.7167 1192.9834
-9999 1098.8332 1096.4686 1094.1039 1084.5164 1073.0661 1061.6158 1055.3189 1054.9699 1054.6209 1058.0232 1063.3256 1068.628 1073.3483 1076.9028 1080.4573 1084.0131 1087.5894 1091.1658 1094.3637 1096.6881 1099.0126 1107.1797 1120.1686 1133.1576 1144.0175 1149.1712 1154.3248 1160.1397 1178.4698 1196.7998 1208.6789 1208.1224 1207.5659 1207.1659 1206.8566 1206.5474 1207.7105 1210.9799 1214.2494 1214.2185 1213.0799 1211.9412 1210.0514 1207.6218 1205.1921 1205.5699 1209.1209 1212.6719 1203.0464 1191.1437 1181.6432 1178.2665 1174.8898 1172.8081 1175.2119 1177.6157 1183.8487 1192.1154 1200.382
-9999 1108.8779 1105.6868 1094.2364 1082.7861 1071.3358 1059.8854 1053.5886 1053.2396 1058.3147 1063.6171 1068.9196 1074.222 1078.9422 1082.4967 1086.0512 1089.6057 1093.1602 1096.7319 1099.9297 1102.2541 1113.3513 1126.3403 1139.3292 1152.3182 1163.1781 1168.3318 1173.4854 1178.6391 1183.7928 1199.4438 1211.3228 1210.7663 1210.429 1210.1197 1209.8104 1209.5012 1210.6643 1213.9337 1212.879 1211.7403 1210.6017 1209.463 1207.5732 1205.1436 1202.7139 1200.2842 1199.4 1202.951 1193.3255 1185.443 1182.0663 1178.6897 1175.313 1173.2313 1175.635 1182.9807 1191.2473 1199.514 1207.7807
-9999 1115.4068 1103.9564 1092.5061 1081.0558 1069.6054 1058.1551 1053.3038 1058.6062 1063.9087 1069.2111 1074.5135 1079.8159 1084.5361 1088.0906 1091.6451 1095.1996 1098.7541 1102.3086 1106.534 1119.523 1132.5119 1145.5009 1158.4898 1171.4788 1182.3387 1187.4924 1192.646 1197.7997 1202.9534 1208.107 1214.0013 1213.692 1213.3828 1213.0735 1212.7642 1212.455 1212.6781 1211.5394 1210.4008 1209.2621 1208.1235 1206.9848 1205.095 1202.6654 1200.2357 1197.806 1195.3763 1193.2302 1189.2429 1185.8662 1182.4895 1179.1128 1175.7362 1173.846 1182.1126 1190.3793 1198.646 1206.9127 1215.1794
-9999 1127.8599 1116.4096 1104.9592 1093.5089 1082.0586 1065.765 1053.8197 1054.3296 1059.632 1064.9344 1070.2368 1075.5392 1082.575 1091.2512 1094.8057 1098.3602 1101.9147 1105.4692 1111.8766 1124.8655 1137.8545 1150.8434 1163.8324 1175.4285 1184.3486 1192.4624 1197.6161 1202.7697 1207.9234 1213.0771 1216.3648 1216.0555 1215.7462 1215.437 1215.1277 1221.8885 1229.3571 1226.913 1225.7743 1224.6357 1223.497 1222.3583 1221.6358 1220.0777 1217.648 1215.2183 1212.7887 1210.359 1193.7962 1188.1412 1184.7646 1181.3879 1178.0112 1178.1645 1189.617 1197.8837 1206.1504 1214.4171 1222.6838
-9999 1143.0314 1131.581 1120.1307 1108.6804 1089.7887 1069.5609 1057.6156 1055.2295 1053.4635 1058.7659 1064.0683 1069.3707 1076.4065 1086.9135 1097.4205 1101.0545 1104.609 1108.1635 1114.5708 1127.5598 1140.5487 1153.5377 1164.013 1172.9228 1181.8429 1190.7908 1199.7386 1205.0201 1210.1737 1215.3274 1218.6151 1218.3058 1217.9966 1217.6873 1228.3165 1243.2669 1250.7354 1247.5003 1244.5692 1243.4306 1242.2919 1241.1532 1240.4307 1240.0072 1238.8725 1236.4428 1234.0132 1231.5835 1215.0207 1196.0153 1187.3945 1184.0179 1180.6412 1180.7945 1193.1751 1205.4084 1213.675 1221.9417 1230.2084
