mean_models/J1_mean__temp2_slide_200.dat.tif
NCOLS 118
NROWS 92
XLLCORNER 139.62
YLLCORNER -39.07
DX 0.099491525
DY 0.099347826
NODATA_VALUE -9999
[rows 27 to 53 of 92, columns 0 to 59 of 118]
-9999 1119.1953 1107.4546 1094.0648 1070.8543 1047.6437 1024.4331 1010.6646 1007.7934 1004.9221 1002.0509 1005.4285 1010.5208 1017.4614 1028.1034 1038.7453 1049.3873 1055.0641 1058.7502 1066.2171 1082.4064 1098.5957 1109.8998 1120.6061 1131.3124 1143.5258 1159.7787 1176.0315 1192.2844 1201.9092 1208.8635 1213.8518 1215.0504 1216.2491 1228.5481 1241.1865 1253.825 1260.9769 1260.2794 1259.5819 1258.8845 1257.7714 1256.6187 1253.2291 1248.2315 1243.2339 1238.0133 1231.4619 1224.9104 1207.5939 1188.417 1169.24 1160.608 1163.6457 1168.8242 1181.418 1194.0119 1206.6057 1211.8455 1215.7474
-9999 1136.951 1120.1662 1096.9556 1073.7451 1050.5345 1027.3239 1013.5554 1010.6842 1007.813 1004.9417 1002.0705 1003.0908 1010.0315 1020.6734 1031.3154 1041.9573 1052.5992 1060.1872 1067.6541 1082.9348 1093.6411 1104.3473 1115.0536 1125.7599 1137.9733 1154.2262 1170.479 1186.7319 1202.9848 1214.9668 1219.9552 1223.7144 1236.3529 1248.9913 1261.6298 1274.2682 1281.4201 1280.7226 1280.0252 1279.3277 1278.6302 1277.6229 1274.2334 1269.2357 1264.2381 1259.2405 1254.2429 1247.7964 1230.4799 1211.3029 1192.1259 1172.9489 1160.1013 1165.2798 1177.8736 1190.4675 1203.0613 1215.6552 1222.5445
-9999 1146.7281 1123.5175 1100.3069 1077.0964 1053.8858 1030.6753 1018.4975 1015.6262 1012.755 1009.8838 1007.0126 1004.1413 1005.9276 1016.5695 1027.2115 1037.8534 1048.4954 1059.1373 1069.7987 1080.505 1091.2113 1101.9176 1112.6238 1123.3301 1133.5147 1149.7675 1166.0204 1182.2733 1198.5261 1214.779 1229.7973 1242.4358 1255.0742 1267.7127 1280.3512 1292.9896 1296.8205 1296.1231 1295.4256 1294.7281 1294.0307 1293.3332 1291.6528 1286.6552 1281.6576 1276.66 1271.6624 1266.6647 1252.2401 1233.0631 1213.8861 1194.7091 1175.5321 1162.0721 1174.666 1187.2598 1199.8537 1212.4475 1225.0414
-9999 1153.8705 1130.66 1107.4494 1084.2389 1061.0283 1054.5334 1047.3534 1037.4549 1034.5836 1031.7124 1028.8412 1025.97 1027.9778 1039.7563 1050.4889 1061.1308 1071.7728 1082.4147 1093.0761 1103.7824 1114.4887 1125.195 1135.9013 1141.2537 1145.872 1155.1355 1170.5667 1186.8196 1203.0725 1219.3253 1234.3436 1246.9821 1259.6206 1272.259 1284.8975 1302.2074 1300.1151 1270.0094 1269.3119 1268.6145 1267.917 1267.2195 1270.7565 1274.5635 1269.5659 1264.5683 1259.5707 1254.573 1255.1039 1245.556 1226.379 1207.202 1188.025 1173.5311 1175.2587 1186.8244 1199.4182 1212.0121 1224.6059
-9999 1161.013 1137.8025 1114.5919 1095.0303 1090.3803 1085.7303 1078.5503 1068.4505 1058.3506 1053.541 1050.6698 1047.7986 1049.8064 1061.5849 1073.3634 1084.4082 1095.0502 1105.6921 1116.3535 1127.0598 1137.7661 1148.4724 1151.676 1154.5612 1159.1796 1168.4431 1177.7066 1191.3659 1207.6188 1223.8717 1238.89 1251.5284 1264.1669 1277.1216 1295.5943 1314.067 1311.9747 1280.4613 1248.9478 1242.5008 1241.8033 1241.1058 1244.6428 1251.2239 1257.4742 1252.4766 1247.479 1242.4814 1243.0122 1244.4986 1238.8719 1219.6949 1200.5179 1186.024 1187.7516 1189.4792 1198.9828 1211.5766 1224.1705
-9999 1168.1555 1144.9449 1130.8772 1126.2272 1121.5772 1116.9272 1109.7472 1099.6474 1089.5475 1079.4476 1072.4984 1069.6272 1071.635 1083.4135 1095.192 1106.9705 1118.3276 1128.9695 1139.6309 1150.3372 1159.213 1162.0982 1164.9835 1167.8687 1172.4871 1181.7506 1191.0141 1200.2776 1212.1651 1228.418 1243.4363 1256.0748 1270.5084 1288.9812 1307.4539 1325.9266 1323.8343 1292.3209 1260.8074 1229.294 1215.6896 1214.9922 1218.5291 1225.1103 1231.6914 1238.2725 1235.3873 1230.3897 1230.9205 1232.4069 1233.8932 1232.1878 1213.0108 1198.5168 1200.2444 1201.972 1203.6996 1211.1412 1223.735
-9999 1175.298 1166.7241 1162.0741 1157.4241 1152.7741 1148.1241 1140.9441 1130.8443 1120.7444 1110.6446 1100.5447 1091.4558 1093.4637 1105.2421 1117.0206 1128.7991 1140.5775 1152.2469 1162.9083 1169.6353 1172.5205 1175.4058 1178.291 1181.1763 1185.7946 1195.0581 1204.3216 1213.5851 1222.8487 1232.9643 1247.9826 1263.8953 1282.368 1300.8408 1319.3135 1337.7862 1335.6939 1304.1805 1272.667 1241.1536 1209.6402 1188.8785 1192.4155 1198.9966 1205.5777 1212.1588 1218.7399 1218.298 1218.8288 1220.3152 1221.8015 1223.2878 1224.7742 1211.0097 1212.7373 1214.4649 1216.1925 1217.9201 1223.2996
-9999 1199.3152 1194.6652 1190.0152 1185.3652 1180.7152 1176.0652 1161.4219 1151.3049 1141.2051 1131.1052 1121.0054 1110.9055 1104.4636 1114.5144 1126.2929 1138.0713 1149.8498 1161.6283 1170.7176 1173.6028 1176.4881 1179.3733 1182.2586 1185.1438 1199.914 1212.0079 1221.2714 1230.5349 1239.7984 1249.0619 1261.4709 1279.9437 1298.4164 1316.8891 1335.3618 1353.8345 1351.8358 1322.5729 1291.0594 1259.546 1228.0326 1196.5192 1184.5219 1191.103 1197.6841 1204.2652 1210.8463 1217.4274 1215.8401 1217.3264 1218.8128 1220.2991 1221.7854 1223.002 1224.3902 1226.1178 1227.8454 1229.573 1231.3006
-9999 1221.8866 1217.2366 1212.5866 1207.9366 1199.1113 1179.9746 1164.8105 1154.2311 1143.9587 1133.8589 1123.759 1113.6592 1107.2173 1108.1008 1114.8562 1126.6347 1138.4131 1150.1916 1159.2809 1162.1661 1165.0514 1167.9367 1171.6947 1187.8405 1205.7487 1228.3809 1244.2281 1253.4916 1262.7551 1272.0186 1284.4276 1302.9003 1321.3731 1339.8458 1353.0832 1341.7436 1336.6101 1340.3554 1320.2262 1288.7128 1257.1994 1225.6859 1213.0387 1213.954 1219.8403 1226.4215 1233.0026 1239.5837 1234.7144 1229.351 1230.8373 1232.3237 1233.81 1235.0265 1235.3087 1236.3851 1238.1127 1239.8403 1241.5679
-9999 1244.458 1239.808 1235.158 1221.6365 1202.4999 1183.3633 1168.1991 1157.6197 1147.0404 1136.6125 1126.5127 1116.4128 1109.971 1110.8545 1111.7379 1115.198 1126.9765 1138.7549 1147.8442 1150.7295 1153.6147 1161.3836 1177.5294 1193.6752 1211.5835 1234.2156 1256.8477 1276.4483 1285.7118 1294.9753 1307.3843 1325.857 1344.3297 1349.1972 1337.8575 1326.5178 1321.3844 1325.1297 1328.875 1317.8796 1286.3662 1254.8527 1242.2054 1243.1208 1244.0361 1248.5777 1255.1588 1261.74 1256.8707 1250.0225 1243.1742 1244.3482 1245.8345 1247.0511 1247.3332 1247.6154 1248.3801 1250.1077 1251.8353
-9999 1267.0294 1262.3794 1244.1617 1225.0251 1205.8885 1186.7519 1171.5877 1161.0084 1150.429 1139.8496 1129.2702 1119.1665 1112.7246 1113.6081 1114.4916 1115.3751 1116.2586 1127.3183 1136.4076 1139.2928 1151.0725 1167.2183 1183.3641 1199.5099 1217.4182 1240.0504 1262.6825 1285.3146 1307.9467 1317.932 1330.341 1348.8137 1345.3112 1333.9715 1322.6318 1311.2921 1306.1587 1309.904 1313.6493 1317.3947 1315.533 1284.0195 1271.3722 1272.2876 1273.2029 1274.1182 1277.3151 1283.8962 1279.027 1272.1788 1265.3305 1258.4823 1257.8591 1259.0756 1259.3578 1259.6399 1259.922 1260.3751 1262.1027
-9999 1285.8236 1266.687 1247.5504 1228.4138 1209.2771 1190.1405 1174.9764 1164.397 1153.8176 1143.2382 1132.6589 1122.0795 1115.4783 1116.3618 1117.2453 1118.1288 1119.0122 1119.8957 1124.9709 1140.7614 1156.9072 1173.0531 1189.1989 1205.3447 1223.253 1245.8851 1268.5172 1291.1494 1313.7815 1336.4136 1352.7648 1341.4251 1330.0855 1318.7458 1307.4061 1296.0664 1290.933 1294.6783 1298.4236 1302.169 1305.9143 1309.6597 1300.539 1301.4544 1302.3697 1303.285 1304.2003 1306.0525 1301.1833 1294.335 1287.4868 1280.6386 1273.7904 1271.1002 1271.3823 1271.6644 1271.9466 1272.2287 1272.5108
-9999 1278.7229 1259.5863 1240.4497 1221.313 1202.1764 1193.3639 1190.3908 1179.8114 1169.232 1158.6526 1148.0733 1134.7596 1125.2386 1131.6861 1132.5696 1133.453 1134.3365 1135.22 1140.7186 1156.8644 1173.0102 1189.156 1205.3019 1220.7948 1233.1422 1246.6432 1269.2753 1291.9074 1314.5396 1337.1717 1348.2002 1336.8605 1325.5208 1314.1812 1302.8415 1290.8186 1284.5937 1288.339 1292.0844 1295.8297 1299.575 1303.59 1306.2689 1307.3988 1308.3141 1309.2295 1310.1448 1311.0601 1305.3559 1298.5077 1291.6595 1284.8113 1280.7774 1292.0186 1292.3007 1292.5828 1292.865 1293.1471 1290.8962
-9999 1268.0745 1248.9379 1229.8013 1210.6647 1209.2284 1212.8456 1209.8724 1199.2931 1188.7137 1178.1343 1162.0726 1143.0162 1133.4952 1143.0693 1152.1454 1153.0289 1153.9124 1154.7958 1160.2944 1176.4402 1192.5861 1208.7319 1223.4188 1236.8999 1249.2473 1258.556 1268.3164 1290.9485 1313.5806 1336.2128 1347.2412 1335.9016 1324.5619 1313.2222 1300.6787 1287.4848 1281.2599 1285.0053 1288.7506 1292.4959 1296.6446 1300.9059 1303.5848 1305.126 1306.4045 1307.3198 1308.2352 1309.1505 1303.4463 1296.5981 1289.7499 1290.2989 1304.7038 1315.945 1316.2271 1316.5092 1316.7914 1313.4563 1308.7105
-9999 1257.4262 1238.2896 1221.4755 1225.0928 1228.71 1232.3273 1229.3541 1218.7747 1208.1954 1189.3857 1170.3293 1151.2729 1141.7519 1151.326 1160.9 1170.4741 1173.4882 1174.3717 1179.8703 1196.0161 1212.1619 1226.0429 1239.524 1253.0051 1265.3525 1274.6612 1283.9699 1293.2786 1312.6217 1335.2539 1346.2823 1334.9427 1323.603 1310.5389 1297.3449 1284.151 1277.9261 1281.6715 1285.4378 1289.6992 1293.9605 1298.2218 1300.9007 1302.4419 1303.9832 1305.4102 1306.3255 1307.2408 1301.5367 1294.6884 1299.8203 1314.2253 1328.6302 1339.8714 1340.1535 1340.4357 1336.0164 1331.2706 1326.5249
-9999 1246.7778 1237.34 1240.9572 1244.5745 1248.1917 1251.809 1248.8358 1235.7551 1216.6987 1197.6423 1178.586 1159.5296 1150.0086 1159.5826 1169.1567 1178.7308 1188.3048 1193.9475 1199.4461 1215.1858 1228.6669 1242.148 1255.6291 1269.1102 1281.4576 1290.7663 1300.075 1309.3837 1318.6924 1334.2949 1345.3234 1333.593 1320.399 1307.2051 1294.0112 1280.8173 1274.5924 1278.4924 1282.7537 1287.015 1291.2764 1295.5377 1298.2165 1299.7578 1301.299 1302.8403 1304.3815 1305.3312 1299.627 1309.3418 1323.7468 1338.1517 1352.5567 1363.7978 1363.3222 1358.5765 1353.8307 1349.085 1344.3393
-9999 1249.6084 1253.2257 1256.8429 1260.4602 1264.0774 1267.6947 1262.1769 1243.1205 1224.0641 1205.0077 1185.9514 1166.895 1157.0018 1166.5759 1176.1499 1185.724 1195.2981 1204.8721 1215.6276 1229.1087 1242.5898 1256.0709 1269.552 1283.0331 1292.4929 1301.8016 1311.1103 1320.419 1329.7277 1339.0364 1340.6589 1327.465 1314.2711 1301.0771 1287.8832 1274.6893 1270.1677 1274.4291 1278.6904 1282.9517 1287.213 1291.4744 1295.6778 1297.219 1298.7603 1300.3015 1301.8428 1303.384 1315.9533 1330.3583 1344.7632 1359.1682 1373.5731 1382.5913 1377.8455 1373.0998 1368.354 1363.6083 1358.8625
-9999 1238.3733 1241.9905 1245.6078 1249.225 1252.8423 1256.5131 1253.8637 1243.7639 1224.7076 1205.6512 1186.5948 1167.5384 1157.1868 1164.2669 1173.6142 1183.1883 1192.7624 1202.3364 1213.0919 1226.573 1240.0541 1253.5352 1267.0163 1285.3574 1295.5151 1278.042 1283.9084 1293.2171 1302.5258 1311.8345 1313.4571 1300.2631 1287.0692 1273.8753 1260.6814 1254.8166 1254.5921 1259.9636 1264.2249 1268.4862 1272.7476 1277.0089 1285.944 1295.7766 1297.3178 1298.8591 1300.4003 1301.9416 1314.8178 1329.4278 1343.8327 1358.2377 1372.6426 1380.9936 1368.3741 1362.8014 1358.0557 1353.3099 1348.5642
-9999 1227.1381 1230.7553 1234.3726 1238.002 1241.678 1245.354 1242.7047 1232.7552 1222.8057 1206.2946 1187.2382 1168.1819 1157.8302 1164.9104 1171.9905 1180.6526 1190.2267 1199.8007 1210.5562 1224.0373 1237.5184 1250.9996 1271.2599 1291.7266 1301.8843 1284.4113 1266.9382 1266.0153 1275.324 1284.6327 1286.2552 1273.0613 1259.8674 1247.2619 1243.0978 1238.9336 1238.7091 1244.1208 1249.5324 1254.0208 1258.2821 1262.5434 1271.4785 1283.7736 1295.8754 1297.4166 1298.9579 1300.4991 1313.3754 1328.2106 1342.9022 1357.3072 1371.7121 1380.0631 1367.4436 1354.8242 1347.7573 1343.0116 1338.2658
-9999 1215.9029 1219.5201 1223.167 1226.8429 1230.5189 1234.1949 1231.5456 1221.5961 1211.6466 1201.6971 1187.8817 1168.8253 1158.4737 1165.5538 1172.634 1179.7141 1187.691 1197.2651 1208.0206 1221.5017 1236.6957 1257.1624 1277.6292 1298.0959 1308.2536 1290.7805 1273.3075 1255.8344 1248.1221 1257.4308 1259.0534 1245.8594 1235.5431 1231.3789 1227.2148 1223.0507 1222.8261 1228.2378 1233.6494 1239.0611 1243.8166 1248.078 1257.0131 1269.3081 1281.6032 1293.8983 1297.5154 1299.0567 1311.9329 1326.7682 1341.6034 1356.3767 1370.7817 1379.1326 1366.5132 1353.8937 1341.2743 1332.7132 1327.9675
-9999 1204.6677 1208.3319 1212.0079 1215.6839 1219.3598 1223.0358 1220.3865 1210.437 1200.4875 1190.5381 1180.5886 1169.4687 1159.1171 1166.1973 1173.2774 1180.3576 1187.4377 1194.7294 1205.4849 1222.5982 1243.0649 1263.5317 1283.9984 1304.4651 1314.6229 1297.1498 1279.6767 1262.2036 1244.7306 1230.229 1231.8515 1223.8243 1219.6601 1215.496 1211.3318 1207.1677 1206.9432 1212.3548 1217.7665 1223.1781 1228.5898 1233.6125 1242.5476 1254.8427 1267.1377 1279.4328 1291.7278 1297.6142 1310.4905 1325.3257 1340.161 1354.9962 1369.8315 1378.2021 1365.5827 1352.9632 1340.3438 1327.7244 1317.6691
-9999 1203.0019 1206.6779 1210.3538 1214.0298 1217.7058 1221.3817 1216.6949 1206.7455 1196.796 1186.8465 1176.897 1166.9475 1165.1969 1171.7458 1178.826 1185.9061 1192.9863 1200.0664 1211.1945 1231.6612 1252.1279 1272.5947 1293.0614 1313.5281 1314.5271 1300.2041 1282.731 1265.2579 1247.7849 1230.3118 1217.3846 1213.2205 1209.0563 1204.8922 1200.7281 1196.5639 1206.6811 1212.0927 1217.5044 1222.916 1228.3277 1233.4212 1228.4926 1240.7877 1253.0827 1265.3778 1277.6728 1289.9679 1304.4288 1319.2641 1334.0993 1348.9346 1363.7698 1370.6997 1358.0803 1345.4609 1332.8414 1320.222 1308.453
-9999 1216.4536 1220.1296 1223.8055 1227.4815 1229.83 1229.6085 1224.871 1214.9216 1204.9721 1195.0226 1186.4767 1183.2294 1182.445 1186.5928 1192.1699 1199.2501 1206.3302 1213.4104 1224.5384 1245.0052 1265.4719 1285.9386 1303.4805 1299.0199 1294.6827 1290.6761 1280.5171 1263.044 1245.571 1228.0979 1215.1707 1211.0066 1206.8424 1202.6783 1203.142 1219.4306 1231.2443 1236.6559 1242.0676 1247.4792 1251.4145 1252.791 1245.4456 1231.8303 1239.68 1251.9751 1264.2702 1276.5652 1291.0261 1305.8614 1320.6966 1335.5319 1346.9058 1352.7531 1340.1337 1327.5142 1314.8948 1305.865 1304.5347
-9999 1229.9053 1233.5813 1237.2572 1238.2276 1238.0061 1237.7846 1233.0471 1223.0977 1213.1482 1206.9722 1203.7248 1200.4775 1199.6931 1203.8409 1207.9887 1212.594 1219.6742 1226.7543 1237.8824 1258.3491 1278.8158 1288.0966 1283.6361 1279.1755 1274.8383 1270.8317 1266.825 1260.8301 1243.357 1225.884 1212.9568 1208.7927 1204.6285 1211.4166 1227.7052 1243.9938 1255.8075 1261.2191 1266.6308 1269.4079 1270.7843 1272.1607 1264.8153 1251.2 1237.5847 1238.5724 1250.8675 1263.1625 1277.6235 1292.4587 1306.602 1317.7805 1328.9591 1334.8065 1322.187 1309.5676 1303.2771 1301.9467 1300.6164
-9999 1243.357 1246.8467 1246.6252 1246.4037 1246.1822 1245.9607 1241.2233 1231.2738 1227.4676 1224.2203 1220.9729 1217.7256 1216.9412 1221.089 1225.2368 1229.3846 1233.5324 1240.0983 1251.2263 1271.6931 1272.7127 1268.2522 1263.7917 1259.3311 1254.9939 1250.9873 1246.9806 1242.974 1238.9674 1223.6701 1210.7429 1206.5787 1219.6912 1235.9798 1252.2684 1268.557 1280.3707 1285.7823 1287.4012 1288.7776 1290.154 1291.5304 1284.1851 1270.5697 1256.9544 1243.3391 1237.4648 1249.7598 1264.2208 1277.4767 1288.6553 1299.8339 1311.0125 1316.8598 1304.2404 1300.6892 1299.3588 1298.0285 1296.6981
-9999 1255.2443 1255.0228 1254.8013 1254.5798 1254.3583 1254.1368 1251.2104 1247.9631 1244.7157 1241.4684 1238.221 1234.9737 1234.1893 1238.3371 1242.4849 1246.6327 1250.7805 1254.9283 1261.7894 1257.3289 1252.8683 1248.4078 1243.9473 1239.4867 1235.1495 1231.1429 1227.1362 1223.1296 1219.123 1215.1163 1211.6771 1227.9657 1244.2543 1260.543 1276.8316 1293.1202 1304.0181 1305.3945 1306.7709 1308.1473 1309.5237 1310.9002 1303.5548 1289.9395 1276.3241 1262.7088 1249.0935 1236.3572 1248.3515 1259.5301 1270.7087 1281.8873 1293.0659 1299.4316 1298.1012 1296.7709 1295.4405 1294.1102 1292.7798
-9999 1274.9709 1274.7494 1274.5279 1274.3065 1274.085 1263.6821 1252.9432 1249.6958 1246.4485 1243.2012 1239.9538 1247.8924 1258.0442 1250.384 1254.5318 1258.6796 1262.8274 1266.9752 1268.5199 1264.0594 1259.5989 1255.1383 1250.6778 1245.2416 1239.2672 1235.8574 1231.8508 1227.8441 1223.8375 1219.8309 1222.7564 1239.045 1255.3337 1271.6223 1287.9109 1301.5493 1308.636 1310.0124 1311.3888 1312.7652 1314.1416 1311.9271 1311.4689 1305.3843 1291.7689 1278.1536 1264.5383 1250.923 1258.4479 1269.6265 1280.8051 1291.9837 1298.991 1295.1722 1293.8418 1292.5115 1291.1812 1289.8508 1292.235
