mean_models/J1_mean_vp_slide_diff2_15.dat.tif
NCOLS 118
NROWS 92
XLLCORNER 139.62
YLLCORNER -39.07
DX 0.099491525
DY 0.099347826
NODATA_VALUE -9999
[rows 0 to 25 of 92, columns 57 to 113 of 118]
-9999 -9999 -9999 -9999 -9999 -9999 -9999 -9999 -9999 -9999 -9999 -9999 -9999 -9999 -9999 -9999 -9999 -9999 -9999 -9999 -9999 -9999 -9999 -9999 -9999 -9999 -9999 -9999 -9999 -9999 -9999 -9999 -9999 -9999 -9999 -9999 -9999 -9999 -9999 -9999 -9999 -9999 -9999 -9999 -9999 -9999 -9999 -9999 -9999 -9999 -9999 -9999 -9999 -9999 -9999 -9999 -9999
0.2710241 0.26268031 0.25433652 0.24565234 0.23977755 0.23473048 0.22968342 0.22463636 0.2195893 0.22130952 0.21575482 0.21020012 0.20464542 0.19909071 0.19057805 0.17828035 0.16598264 0.15368494 0.14138723 0.12957736 0.12730088 0.11606847 0.10483607 0.093603664 0.082371258 0.074264826 0.067602648 0.060940471 0.054278293 0.047819661 0.045579122 0.049782292 0.054996586 0.060210881 0.065425176 0.071066671 0.090610513 0.11015436 0.1296982 0.14924204 0.15440128 0.1629265 0.17179177 0.18065704 0.18952231 0.19838758 0.21455312 0.22486729 0.23473685 0.24460641 0.25447597 0.24957519 0.24947874 0.25035347 0.2512282 0.25210293 -9999
0.26605774 0.25771395 0.24937017 0.24068598 0.23177047 0.22525746 0.2202104 0.21516334 0.21011627 0.21340573 0.21672884 0.21117414 0.20561944 0.20006474 0.19155207 0.17925437 0.16695666 0.15465896 0.14276531 0.1310475 0.13167824 0.13061858 0.11938618 0.10815377 0.096921368 0.088814936 0.082152759 0.075490581 0.069201815 0.064195701 0.061955162 0.064697937 0.068647599 0.073861893 0.079076188 0.084717683 0.10426153 0.12380537 0.14334921 0.14714001 0.14423779 0.15292351 0.16276912 0.17163439 0.18049966 0.18936493 0.20553047 0.22517627 0.23588307 0.24575263 0.25562219 0.25072142 0.23792382 0.23727826 0.23815299 0.23902772 -9999
0.26109138 0.2527476 0.24440381 0.23571962 0.22680412 0.21788861 0.21073738 0.20569031 0.20064325 0.2039327 0.20750861 0.21108452 0.20659346 0.20103876 0.1925261 0.18022839 0.16794759 0.15609152 0.14423545 0.13251764 0.13314838 0.13377912 0.13393629 0.12270388 0.11147148 0.10336505 0.096702869 0.090583968 0.085577855 0.080571742 0.078331203 0.081073978 0.083816752 0.087512905 0.0927272 0.098368696 0.11791254 0.13745638 0.13987875 0.13697652 0.1340743 0.14276002 0.1526799 0.16259978 0.17147702 0.18034228 0.19650783 0.21615362 0.23579942 0.24689886 0.25676842 0.25186764 0.23907005 0.22627245 0.22507778 0.22595251 -9999
0.25736412 0.24787334 0.23943746 0.23075327 0.22183776 0.21292225 0.20400675 0.19621729 0.19117023 0.19445968 0.19803559 0.20161149 0.2051874 0.20201278 0.19350012 0.18127381 0.16941774 0.15756166 0.14570559 0.13398778 0.13461852 0.13524926 0.13588 0.13651074 0.12602159 0.11791516 0.11196612 0.10696001 0.1019539 0.096947782 0.094707243 0.097450018 0.10019279 0.10293557 0.10637821 0.11201971 0.13156355 0.13261749 0.12971526 0.12681304 0.12391081 0.13259653 0.14251641 0.15243629 0.16235617 0.17131964 0.18748518 0.20713098 0.22677677 0.24642257 0.25791464 0.25301387 0.24021627 0.22741868 0.21462108 0.2128773 -9999
0.25373399 0.24424321 0.23475243 0.22578691 0.2168714 0.2079559 0.19904039 0.19012488 0.18169721 0.18498666 0.18856257 0.19213847 0.19571438 0.19929029 0.19460002 0.18274395 0.17088788 0.1590318 0.14717573 0.13545793 0.13608866 0.1367194 0.13735014 0.13798088 0.13861162 0.13334828 0.12834216 0.12333605 0.11832994 0.11332382 0.11108328 0.11382606 0.11656883 0.11931161 0.12205438 0.12567072 0.12535622 0.122454 0.11955177 0.11664955 0.11374732 0.12243304 0.13235292 0.1422728 0.15219268 0.16211256 0.17846253 0.19810833 0.21775413 0.23739992 0.25704572 0.25416009 0.2413625 0.2285649 0.21576731 0.20296971 -9999
0.25785511 0.24836433 0.23754717 0.22711679 0.21789683 0.20898133 0.20006582 0.19115031 0.18223481 0.18539575 0.18897166 0.19254756 0.19612347 0.19909427 0.19514139 0.18328531 0.17142924 0.15957317 0.14773815 0.15032244 0.14328836 0.1439191 0.14454983 0.14518057 0.14581131 0.14258652 0.13758041 0.13257429 0.12756818 0.12512198 0.12312656 0.11766557 0.12040834 0.12315112 0.12589389 0.12846837 0.12556615 0.12266392 0.11976169 0.11685947 0.1183393 0.12752769 0.13744757 0.14736744 0.15728732 0.16555538 0.1812161 0.20086189 0.22050769 0.24015349 0.25111744 0.24430345 0.23150585 0.21870826 0.20591066 0.20421904 -9999
0.26320425 0.25198271 0.24036103 0.22993066 0.22030983 0.21095602 0.20204052 0.19312501 0.1842095 0.18737045 0.19094635 0.19452226 0.19726512 0.19948849 0.19553561 0.18367954 0.17182346 0.16213155 0.16482703 0.16741133 0.16006585 0.15272037 0.15265725 0.15328799 0.15391873 0.15069394 0.14568782 0.14068171 0.13921635 0.14199272 0.1399973 0.12940352 0.12226171 0.12500448 0.12774726 0.13032174 0.12741951 0.12451729 0.12161506 0.12353116 0.12585127 0.13503965 0.14495953 0.15487941 0.1628731 0.17017463 0.18583535 0.20548115 0.22512694 0.23513981 0.23951763 0.23270364 0.21990604 0.20710845 0.20669073 0.21434322 -9999
0.26641826 0.25479658 0.2431749 0.23274453 0.2231237 0.21350287 0.20401521 0.1950997 0.1861842 0.18934514 0.19292105 0.19543598 0.19765935 0.19988271 0.19592983 0.18407376 0.17652495 0.17922043 0.18191591 0.18450021 0.17715473 0.16980925 0.16246378 0.16139541 0.16202615 0.15880135 0.15379524 0.15331071 0.15608709 0.15886346 0.15686804 0.14627426 0.13568047 0.12685785 0.12960062 0.1321751 0.12927288 0.12640292 0.12872302 0.13104313 0.13336323 0.14255161 0.15247149 0.16019082 0.16749235 0.17479388 0.1904546 0.2101004 0.21916217 0.22354 0.22791782 0.22110383 0.20830623 0.20916242 0.21681491 0.2244674 -9999
0.26923212 0.25761045 0.24598877 0.2355584 0.22593757 0.21631674 0.20669591 0.19707508 0.18815889 0.19131984 0.19360684 0.1958302 0.19805357 0.20027693 0.19632405 0.19091835 0.19361383 0.19630931 0.1990048 0.20158909 0.19424361 0.18689814 0.17955266 0.17220718 0.17013356 0.16690877 0.16740508 0.17018145 0.17295783 0.17573421 0.17373878 0.163145 0.15255121 0.14195743 0.13145399 0.13402847 0.13159478 0.13391488 0.13623499 0.13855509 0.14087519 0.15006358 0.15750854 0.16481007 0.1721116 0.17941313 0.19507385 0.20318454 0.20756236 0.21194019 0.21631801 0.20950402 0.21163411 0.2192866 0.22693909 0.23459158 -9999
0.27200886 0.26038718 0.24876551 0.23824208 0.22862125 0.21900042 0.20937959 0.19975876 0.19013793 0.19196783 0.1941912 0.19641456 0.19863793 0.20086129 0.20304581 0.2057413 0.20843678 0.21113226 0.21382775 0.2174816 0.21126473 0.20391926 0.19657378 0.1892283 0.18188282 0.18146055 0.18423693 0.18701331 0.18978968 0.19256606 0.18963688 0.1790431 0.16844932 0.15785554 0.14726175 0.13705297 0.13937307 0.14169318 0.14401328 0.14633338 0.14856843 0.15520529 0.16250682 0.16980835 0.17710988 0.18441141 0.18928564 0.19366347 0.1980413 0.20241912 0.20679695 0.21204263 0.21969512 0.22734761 0.2350001 0.24265259 -9999
0.27454223 0.26292055 0.24095315 0.23232181 0.23045174 0.22083091 0.21121008 0.20158924 0.19196841 0.19379832 0.19602168 0.19824505 0.20046841 0.20149945 0.20301849 0.20571398 0.20840946 0.21110494 0.2156605 0.22483354 0.22585493 0.22049627 0.21315079 0.20580531 0.19845983 0.19803757 0.20081394 0.20359032 0.2063667 0.20672126 0.20129786 0.18856683 0.17797305 0.16737927 0.15678549 0.1465767 0.1488968 0.15121691 0.15353701 0.15565476 0.15605077 0.16268763 0.16998916 0.17729069 0.18459222 0.18907506 0.19338809 0.19776591 0.20214374 0.20652157 0.20327345 0.20658222 0.21423471 0.2218872 0.22953969 0.23625253 -9999
0.27617531 0.25324198 0.23030865 0.22167731 0.22276479 0.22266139 0.21304056 0.20341973 0.1937989 0.1956288 0.19785217 0.20007553 0.20087247 0.20147213 0.20299117 0.20568666 0.20838214 0.21374813 0.22301245 0.23218549 0.23320687 0.23422826 0.2297278 0.22238232 0.21503685 0.21461458 0.21739096 0.22016733 0.22011159 0.21888785 0.21346445 0.20047368 0.18749678 0.176903 0.16630922 0.15610043 0.15842053 0.16074064 0.16274108 0.1631371 0.16353311 0.17016997 0.1774715 0.18477303 0.18900039 0.1931775 0.19749053 0.20186836 0.20624618 0.20262883 0.19781305 0.20112182 0.20877431 0.2164268 0.22309269 0.22957636 -9999
0.26553081 0.24259748 0.21966415 0.21103282 0.21212029 0.21320777 0.21429525 0.20525021 0.19562938 0.19745928 0.19964583 0.20024549 0.20084515 0.20144481 0.20296385 0.20565934 0.21183576 0.22110007 0.23036439 0.23953744 0.24055882 0.2415802 0.24260159 0.23895934 0.23161386 0.23119159 0.23396797 0.23350193 0.23227818 0.23105444 0.22563104 0.21264027 0.19964949 0.18665871 0.17583295 0.16562416 0.16794426 0.16982741 0.17022342 0.17061944 0.17101545 0.17765231 0.18474861 0.18892572 0.19310283 0.19727995 0.20159298 0.2059708 0.20198422 0.19716843 0.19235264 0.19566141 0.2033139 0.20993285 0.21641652 0.22290018 -9999
0.25488631 0.23195298 0.20901965 0.20038832 0.20147579 0.20256327 0.20365075 0.20473823 0.19745987 0.19901884 0.19961851 0.20021817 0.20081783 0.20141749 0.20293653 0.20992338 0.2191877 0.22845202 0.23771634 0.24688938 0.24791077 0.24893215 0.24995353 0.25097492 0.24819087 0.2477686 0.24689226 0.24566852 0.24444477 0.24322103 0.23779763 0.22480686 0.21181608 0.1988253 0.18583452 0.17514789 0.17691373 0.17730975 0.17770576 0.17810178 0.17849779 0.18467394 0.18885105 0.19302816 0.19720528 0.20138239 0.20569542 0.2013396 0.19652381 0.19170802 0.18689224 0.19020101 0.19677302 0.20325668 0.20974034 0.21622401 -9999
0.24842994 0.22549661 0.20256328 0.19305149 0.19413896 0.19522644 0.19631392 0.1974014 0.19848888 0.19889671 0.19949637 0.20009604 0.2006957 0.20129536 0.20569596 0.21496028 0.2242246 0.23348892 0.24275324 0.2526789 0.25606596 0.25708735 0.25810873 0.25913011 0.2601515 0.25963724 0.2584135 0.25718975 0.25596601 0.25474226 0.2481208 0.23513002 0.22213924 0.20914847 0.19615769 0.18356601 0.18396202 0.18435804 0.18475405 0.18515007 0.18520468 0.18666065 0.19083776 0.19501487 0.19919199 0.2033691 0.19974205 0.19492626 0.19011047 0.18529468 0.18047889 0.18515347 0.19163714 0.1981208 0.20460446 0.21108813 -9999
0.25170524 0.22877191 0.20583858 0.19574282 0.19448795 0.19557543 0.19666291 0.19775038 0.19883786 0.19888168 0.19915394 0.1997536 0.20035327 0.20095293 0.20535353 0.21461785 0.22388217 0.23314649 0.24339207 0.25457221 0.26281217 0.26710901 0.26813039 0.26915177 0.27017316 0.2696589 0.26843516 0.26721141 0.26598767 0.25889609 0.25016689 0.2407807 0.22817896 0.21518818 0.2021974 0.18960572 0.19000174 0.19039775 0.19079377 0.19072424 0.18963432 0.18728447 0.18790827 0.19208538 0.19626249 0.20043961 0.19489464 0.18629864 0.18148285 0.17666706 0.17185128 0.17873571 0.19008033 0.196564 0.20304766 0.20953132 -9999
0.25498055 0.23204722 0.20911389 0.19901813 0.19764603 0.19627394 0.19701189 0.19809937 0.19918685 0.19923067 0.19923863 0.19941117 0.20001083 0.2006105 0.20501109 0.21427541 0.22353973 0.23407232 0.24528539 0.25646553 0.26470549 0.27294545 0.27815205 0.27917343 0.28019482 0.27968056 0.27845682 0.27723307 0.26924153 0.26087692 0.25214771 0.24276153 0.23337535 0.22122789 0.20823712 0.19564543 0.19604145 0.19643746 0.19624381 0.19515389 0.19406397 0.19171412 0.18923008 0.18915589 0.193333 0.19751011 0.19196514 0.18178537 0.17285523 0.16803944 0.16322366 0.17010809 0.18324794 0.1950072 0.20149086 0.20797452 -9999
0.2505395 0.23532253 0.2123892 0.20229344 0.20092134 0.19954925 0.19817715 0.19844835 0.19953583 0.19957965 0.19958761 0.19959557 0.1996684 0.20026806 0.20466866 0.21393298 0.22475257 0.23596564 0.2471787 0.25835884 0.26659881 0.27483877 0.28307873 0.28919509 0.29021648 0.28970222 0.28795157 0.27958696 0.27122236 0.26285775 0.25412854 0.24474236 0.23535618 0.22597 0.21427683 0.20168515 0.20208116 0.20176337 0.20067345 0.19958353 0.19849361 0.19614376 0.19365973 0.19117569 0.19040351 0.19458062 0.18903565 0.17885588 0.1686761 0.15941183 0.15459604 0.16148047 0.17462032 0.18776016 0.19993406 0.20641772 -9999
0.24076029 0.22879928 0.21566451 0.20556874 0.20419665 0.20282455 0.20145246 0.20008036 0.19988482 0.19992864 0.1999366 0.19994456 0.19995252 0.19996048 0.20432623 0.21543283 0.22664589 0.23785895 0.24907202 0.26025216 0.26849212 0.27673209 0.28497205 0.29321201 0.30023813 0.29829701 0.2899324 0.28156779 0.27320318 0.26483857 0.25610936 0.24672318 0.237337 0.22795082 0.21856464 0.20772486 0.20728294 0.20619302 0.2051031 0.20401318 0.20292326 0.20057341 0.19808937 0.19560534 0.1931213 0.19165113 0.18610616 0.17592639 0.16574661 0.15556684 0.14596842 0.15285285 0.1659927 0.17913254 0.19227239 0.20486092 -9999
0.2256859 0.21372489 0.20381672 0.2044757 0.20355964 0.20218754 0.20081545 0.19944335 0.19807126 0.19803337 0.19804133 0.19804929 0.19805725 0.19896601 0.20871627 0.21992934 0.2311424 0.24235546 0.25356853 0.26035729 0.26443864 0.2726786 0.28091857 0.28915853 0.29739849 0.29428115 0.28591655 0.27755194 0.26918733 0.26082272 0.26525944 0.25592969 0.24654351 0.23715733 0.22777115 0.2186323 0.21754238 0.21645246 0.21536254 0.21427262 0.21075257 0.2079541 0.20547007 0.20298603 0.20050199 0.19701414 0.18826292 0.17808315 0.16790338 0.1577236 0.14827876 0.15429015 0.16742999 0.18056984 0.19370969 0.20496734 -9999
0.20661725 0.19813297 0.19367521 0.19433419 0.19847019 0.19859939 0.1972273 0.19585521 0.19448311 0.19444522 0.19445318 0.19446114 0.19681905 0.20542616 0.21517642 0.22638948 0.23760254 0.24881561 0.25466467 0.25924164 0.26088888 0.26413934 0.2723793 0.28061927 0.28885923 0.28574189 0.27737728 0.26901267 0.26319408 0.27523143 0.27969341 0.27050527 0.26120049 0.25181431 0.24242813 0.23328928 0.23219936 0.23110944 0.23001952 0.2261101 0.22035929 0.21756082 0.21507679 0.21259275 0.20876219 0.20300756 0.19425634 0.18407657 0.1738968 0.16462999 0.15730821 0.1633196 0.17645944 0.18959929 0.20035069 0.20536347 -9999
0.19244921 0.18799145 0.1835337 0.18419267 0.18832868 0.19246468 0.19363915 0.19226706 0.19089496 0.19085708 0.19086504 0.1946721 0.2032792 0.2118863 0.22163656 0.23284963 0.24406269 0.24893924 0.25354901 0.25812598 0.25977322 0.26142047 0.26384004 0.27208 0.28031997 0.27720263 0.26883802 0.2655907 0.27762805 0.2896654 0.29412738 0.28493924 0.27575111 0.26647128 0.2570851 0.24794625 0.24685633 0.24576641 0.24146763 0.23571682 0.22996602 0.22716755 0.22468351 0.22051024 0.21475561 0.20900098 0.20024977 0.19006999 0.18098122 0.17365944 0.16633766 0.17234905 0.18548889 0.19573403 0.20074681 0.20575959 -9999
0.1823077 0.17784994 0.17339219 0.17405116 0.17818717 0.18232317 0.18645918 0.18867891 0.18730682 0.18726893 0.19252514 0.20113224 0.20973934 0.21834645 0.22809671 0.23860404 0.24321381 0.24782358 0.25243336 0.25701033 0.25865757 0.26030481 0.26195205 0.26359929 0.2717807 0.26866337 0.26798732 0.28002467 0.29206202 0.30409937 0.30856135 0.29937321 0.29018508 0.28099694 0.27174208 0.26260323 0.26151331 0.25682516 0.25107435 0.24532355 0.23957274 0.23677427 0.23225829 0.22650366 0.22074903 0.2149944 0.20624319 0.19733245 0.19001067 0.18268888 0.1753671 0.1813785 0.19111737 0.19613015 0.20114293 0.20615571 -9999
0.17216619 0.16770843 0.16325068 0.16390965 0.16804566 0.17218166 0.17631767 0.18045367 0.18371867 0.19037818 0.19898528 0.20759239 0.21619949 0.22480659 0.23287861 0.23748838 0.24209816 0.24670793 0.2513177 0.25589467 0.25754191 0.25918916 0.2608364 0.26248364 0.26413088 0.27038394 0.28242129 0.29445864 0.30649599 0.31853334 0.32299532 0.31380719 0.30461905 0.29543091 0.28624278 0.2772602 0.27218268 0.26643188 0.26068107 0.25493027 0.24917946 0.24400634 0.23825171 0.23249708 0.22674245 0.22098782 0.21368367 0.20636189 0.19904011 0.19171833 0.18439655 0.18650071 0.19151349 0.19652627 0.20153905 0.20655184 -9999
0.17777532 0.17331756 0.16885981 0.1726079 0.17883487 0.18297088 0.18710688 0.19124289 0.19537889 0.197656 0.20617482 0.21478193 0.22338903 0.23199613 0.23884972 0.24345949 0.24806927 0.25267904 0.25728882 0.26447366 0.26131952 0.26296676 0.264614 0.26626125 0.26790849 0.27666242 0.28869977 0.30073712 0.31277447 0.3223026 0.32313767 0.31678245 0.30759432 0.29840618 0.28921804 0.28013238 0.27438158 0.26863077 0.26287997 0.25712916 0.24386254 0.24542568 0.23988313 0.2341285 0.22837387 0.22261924 0.21332352 0.20521706 0.19789528 0.1905735 0.18325172 0.18367148 0.18857536 0.19358815 0.19860093 0.20361371 -9999
