mean_models/J1_mean_vp_slide_diff2_10.dat.tif
NCOLS 118
NROWS 92
XLLCORNER 139.62
YLLCORNER -39.07
DX 0.099491525
DY 0.099347826
NODATA_VALUE -9999
[rows 50 to 74 of 92, columns 57 to 113 of 118]
0.1325109 0.11669886 0.10088681 0.097133783 0.10157537 0.10601695 0.1105705 0.11518975 0.119809 0.11611499 0.11213533 0.11018714 0.11199608 0.11380501 0.11805331 0.12542306 0.1327928 0.13054066 0.12685579 0.12331774 0.13289145 0.14246516 0.15069394 0.15369746 0.15670098 0.16008969 0.16365637 0.16559864 0.15921616 0.15283369 0.15254795 0.16324798 0.17394802 0.1804109 0.18341442 0.18660174 0.19577056 0.20493939 0.22000181 0.2389247 0.2578476 0.25361698 0.24692044 0.23552793 0.21792559 0.20032324 0.17362037 0.14257902 0.10939481 0.071190069 0.032985323 0.00048566225 -0.028963829 -0.058141127 -0.086595704 -0.11505028 -9999
0.12986163 0.11404958 0.098237534 0.094484507 0.098926093 0.10336768 0.10780927 0.1123197 0.11693895 0.11324494 0.11257289 0.11438182 0.11619076 0.1179997 0.122248 0.12885872 0.12517384 0.12148897 0.1178041 0.11426605 0.12383976 0.13341347 0.14298718 0.15237282 0.15537634 0.15876505 0.15895551 0.15257304 0.14619056 0.13980809 0.13952235 0.15022238 0.16092241 0.17162244 0.1794405 0.18262782 0.19179665 0.20814364 0.22706654 0.24598944 0.26491234 0.26068172 0.24761096 0.23000861 0.21240626 0.19480392 0.16810105 0.13413241 0.095927665 0.057722919 0.019518174 -0.012981488 -0.042049836 -0.070504412 -0.098958989 -0.12741356 -9999
0.12721235 0.1114003 0.095588259 0.091835232 0.096276818 0.1007184 0.10515999 0.10960158 0.1140689 0.11495864 0.11676757 0.11857651 0.12038545 0.12219438 0.1234919 0.11980702 0.11612215 0.11243728 0.10875241 0.10521436 0.11478807 0.12436178 0.13393549 0.14350921 0.15308292 0.15231238 0.14592991 0.13954743 0.13316496 0.12678248 0.12649674 0.13719678 0.14789681 0.15859684 0.16929687 0.17865391 0.19628548 0.21520838 0.23413127 0.25305417 0.27197707 0.25969398 0.24209163 0.22448929 0.20688694 0.18928459 0.15887001 0.12066526 0.082460515 0.04425577 0.0060510237 -0.025958545 -0.054413121 -0.082867697 -0.11132227 -0.13977685 -9999
0.12072702 0.10491497 0.10052969 0.1012865 0.1036679 0.10810949 0.11255107 0.11699266 0.12143425 0.12333064 0.12513958 0.12694851 0.12875745 0.12814552 0.1245998 0.12091493 0.11723006 0.11354518 0.10998138 0.11417206 0.11441582 0.12398953 0.13356325 0.14313696 0.15271067 0.15137057 0.14498809 0.13860562 0.13222314 0.12243297 0.11126012 0.11405269 0.12475273 0.13545276 0.14615279 0.15709797 0.17602086 0.19494376 0.21386666 0.23278956 0.24971755 0.23540552 0.21780317 0.20020082 0.18259848 0.16622865 0.1352926 0.097087856 0.05888311 0.020678365 -0.013245597 -0.042532038 -0.070986614 -0.09944119 -0.12789577 -0.15358504 -9999
0.11359989 0.11308393 0.1152159 0.1159727 0.11579504 0.11718038 0.12162196 0.12606355 0.13050513 0.13240153 0.13421046 0.1360194 0.13439016 0.13095318 0.12740745 0.12372258 0.12003771 0.1178383 0.1220759 0.12626658 0.12626658 0.12626658 0.13464311 0.14421683 0.15379054 0.15245044 0.14606796 0.13968549 0.12839787 0.11206624 0.10089339 0.099016193 0.099915769 0.1106158 0.12131583 0.13226101 0.15118391 0.17010681 0.1890297 0.20570699 0.22228892 0.20797688 0.19037453 0.17277218 0.1566488 0.14095975 0.1100237 0.071818952 0.033614207 0.00031889305 -0.03052348 -0.059809921 -0.088264497 -0.11671907 -0.14198358 -0.16546358 -9999
0.12563817 0.12777013 0.1299021 0.13065891 0.13048124 0.13030358 0.13069285 0.13513444 0.13957602 0.14147242 0.14328135 0.14063479 0.13719781 0.13376083 0.13021511 0.12653024 0.12569521 0.12993281 0.13417042 0.13836109 0.13836109 0.13836109 0.13836109 0.14529669 0.15487041 0.1535303 0.14714783 0.13436277 0.11803114 0.10169951 0.090526662 0.088649463 0.086772265 0.085778845 0.096478877 0.10742405 0.12634695 0.14511451 0.16169643 0.17827836 0.19486028 0.18054824 0.16294589 0.14706894 0.13137989 0.11569084 0.084754795 0.046550049 0.013883383 -0.01695899 -0.047801363 -0.077087803 -0.10554238 -0.13038213 -0.15386213 -0.17734213 -9999
0.14032437 0.14245633 0.1445883 0.14534511 0.14516744 0.14498978 0.14481212 0.14463445 0.14864691 0.15031641 0.14687943 0.14344245 0.14000547 0.13656849 0.13302277 0.13355213 0.13778973 0.14202733 0.14626493 0.15045561 0.15045561 0.15045561 0.15045561 0.15045561 0.15595027 0.15461017 0.14032767 0.12399604 0.10766441 0.091332782 0.080159932 0.078282734 0.076405535 0.074528337 0.072651138 0.082587097 0.10110395 0.11768587 0.1342678 0.15084972 0.16743164 0.15317813 0.13748909 0.12180004 0.10611099 0.090421941 0.059485891 0.027447873 -0.0033944997 -0.034236873 -0.065079245 -0.094365686 -0.11878067 -0.14226067 -0.16574067 -0.18922067 -9999
0.15188449 0.15401645 0.15614841 0.15540522 0.15522756 0.15504989 0.15487223 0.15469457 0.1545169 0.1534382 0.15000122 0.14656424 0.14312726 0.13969028 0.13961991 0.14385752 0.14809512 0.15233272 0.15657032 0.15862566 0.157811 0.157811 0.157811 0.157811 0.157811 0.14664039 0.13030876 0.11397713 0.097645506 0.081313878 0.071291029 0.06941383 0.067536632 0.065659433 0.063782234 0.06245535 0.079037271 0.095619192 0.11220111 0.12878303 0.14449071 0.13013206 0.11444301 0.09875396 0.083064911 0.067375863 0.040675407 0.0098330339 -0.021009339 -0.051851712 -0.082694085 -0.10772965 -0.13120965 -0.15468965 -0.17816965 -0.20164965 -9999
0.15276758 0.15489954 0.1570315 0.15461488 0.14948746 0.1493098 0.14913213 0.14895447 0.14877681 0.1533179 0.1541959 0.15075892 0.14732194 0.14388496 0.1438146 0.1480522 0.1522898 0.15652741 0.15704509 0.15354788 0.15035665 0.14898008 0.14898008 0.14898008 0.14898008 0.13780947 0.12147784 0.10514622 0.088814588 0.071732709 0.061832166 0.065211123 0.063783491 0.061906293 0.060029094 0.05870221 0.075284131 0.091866052 0.10844797 0.12343629 0.13455593 0.11712442 0.098988902 0.083299853 0.067610805 0.051921757 0.023950114 -0.0089326666 -0.039775039 -0.070617412 -0.10145979 -0.12488723 -0.14551861 -0.16899861 -0.19247861 -0.21595861 -9999
0.15365067 0.15578263 0.15791459 0.15549798 0.14999041 0.14448284 0.14339204 0.14321437 0.14303671 0.1475778 0.15228104 0.15495361 0.15151663 0.14807965 0.14800929 0.15224689 0.15648449 0.15546794 0.15196731 0.14847011 0.14527887 0.14208763 0.14014916 0.14014916 0.14014916 0.12897855 0.11264693 0.096315298 0.079068154 0.061797927 0.051897383 0.05527634 0.058655298 0.058153153 0.056275954 0.05494907 0.071530991 0.088112912 0.10238186 0.1135015 0.12462115 0.10718964 0.086717347 0.067845747 0.052156699 0.036467651 0.0084960078 -0.025331111 -0.05854074 -0.089383113 -0.12022549 -0.14365293 -0.16311606 -0.18330756 -0.20678756 -0.23026756 -9999
0.15216178 0.15666572 0.15879768 0.15638107 0.1508735 0.14536594 0.13985837 0.13747428 0.13729661 0.14183771 0.14654094 0.15124418 0.15571131 0.15227433 0.15220397 0.15644157 0.15389079 0.15039016 0.14688953 0.14339233 0.14020109 0.13700985 0.13381862 0.13131825 0.13131825 0.12014764 0.10367383 0.086403598 0.069133371 0.051863144 0.0419626 0.045341558 0.048720515 0.052099473 0.052522814 0.05119593 0.067777851 0.08132744 0.092447081 0.10356672 0.11468636 0.097254859 0.076782565 0.05631027 0.036702593 0.021013544 -0.0069580985 -0.040785217 -0.074612336 -0.10814881 -0.13899119 -0.16241863 -0.18188176 -0.20134489 -0.22109652 -0.24457652 -9999
0.14929173 0.15444397 0.15959621 0.15726416 0.15175659 0.14624903 0.14074146 0.13523389 0.13155652 0.13609761 0.14080084 0.14550408 0.15020732 0.15491055 0.15581426 0.15231364 0.14881301 0.14531238 0.14181175 0.13831455 0.13512331 0.13193208 0.12874084 0.1255496 0.12248733 0.11100927 0.093739043 0.076468816 0.059198588 0.041928361 0.032027818 0.035406775 0.038785733 0.04216469 0.045543648 0.04744279 0.060273016 0.071392657 0.082512298 0.093631939 0.10475158 0.087320077 0.066847782 0.046375488 0.025903193 0.005559438 -0.022412205 -0.056239323 -0.090066442 -0.12389356 -0.15772068 -0.18118433 -0.20064746 -0.22011059 -0.23957372 -0.25903685 -9999
0.14426758 0.14941982 0.15457206 0.16014742 0.15771722 0.15220965 0.14670209 0.14119452 0.13568696 0.12681862 0.13152186 0.13622509 0.14092833 0.14563157 0.146736 0.14323538 0.13973475 0.13623412 0.13273349 0.12803032 0.12666051 0.12346927 0.12027804 0.1170868 0.11389556 0.10107449 0.08380426 0.066534033 0.049263806 0.034313519 0.030786656 0.031472717 0.034851675 0.038230632 0.04160959 0.045219317 0.056338958 0.067458599 0.07857824 0.089697881 0.097170154 0.079231671 0.058759376 0.038287082 0.017814787 -0.0026575075 -0.034059757 -0.068154541 -0.10198166 -0.13580878 -0.1696359 -0.19644109 -0.21634064 -0.23580377 -0.2552669 -0.27473003 -9999
0.13830671 0.14345895 0.14861119 0.15418655 0.16004944 0.16037825 0.15487069 0.14936312 0.14385555 0.13317953 0.12232591 0.12540722 0.13011046 0.13481369 0.13591813 0.1324175 0.12891687 0.12535072 0.12037614 0.11544626 0.11450766 0.11353449 0.11034325 0.10715202 0.10396078 0.091139704 0.073869477 0.05659925 0.043962679 0.039832842 0.036305979 0.033865621 0.033527037 0.036905995 0.040284952 0.043894679 0.05501432 0.066133962 0.077253603 0.084032204 0.089884646 0.071946164 0.051473869 0.031001575 0.01052928 -0.0099430148 -0.041345264 -0.077958145 -0.11235799 -0.14618511 -0.18001223 -0.20681742 -0.22986841 -0.25016085 -0.26962398 -0.28908711 -9999
0.1326399 0.13749808 0.14265032 0.14822568 0.15408858 0.15995147 0.16303929 0.15753172 0.15202415 0.14134813 0.13049451 0.11964089 0.11929258 0.12399582 0.12510025 0.12159963 0.11774124 0.11276666 0.10779209 0.1028622 0.1019236 0.100985 0.1000464 0.097217234 0.094025996 0.081204922 0.063934695 0.05361184 0.049482003 0.045352166 0.041825303 0.039384945 0.036944587 0.035581357 0.038960314 0.042570042 0.053689683 0.064809324 0.070894254 0.076746697 0.082599139 0.064660657 0.044188362 0.023716067 0.0032437726 -0.017228522 -0.048630771 -0.085243652 -0.12185653 -0.15656144 -0.19038855 -0.21719375 -0.24024474 -0.26329574 -0.28398107 -0.3034442 -9999
0.12954908 0.13239169 0.13668945 0.14226481 0.14812771 0.1539906 0.15985349 0.16570032 0.16019275 0.14951673 0.13866311 0.12780948 0.11695586 0.11317794 0.11428238 0.11013176 0.10515718 0.1001826 0.095208028 0.090278143 0.089339544 0.088400944 0.087462345 0.086523746 0.084091214 0.071270139 0.063261 0.059131163 0.055001327 0.05087149 0.047344627 0.044904269 0.04246391 0.040023552 0.037635677 0.041245404 0.051903861 0.057756304 0.063608747 0.069461189 0.075313632 0.057375149 0.036902855 0.01643056 -0.0040417346 -0.024514029 -0.055916278 -0.09252916 -0.12914204 -0.16575492 -0.20076488 -0.22757008 -0.25062107 -0.27367206 -0.29672306 -0.31780128 -9999
0.12660608 0.1294487 0.13229131 0.13519525 0.14105814 0.14692103 0.15278393 0.15864682 0.16450971 0.15421141 0.14335779 0.13250417 0.12165055 0.11079693 0.10082227 0.095847699 0.090873122 0.085898546 0.08092397 0.075331865 0.075683746 0.074745147 0.073806548 0.072867949 0.071929349 0.068807987 0.06467815 0.060548313 0.056418476 0.052288639 0.05031395 0.047873592 0.045433234 0.042992876 0.040552518 0.03835939 0.044211832 0.050064275 0.055916718 0.06176916 0.066894422 0.048204859 0.027732565 0.0072602702 -0.013212024 -0.033684319 -0.066195264 -0.10280815 -0.13942103 -0.17603391 -0.21264679 -0.23890728 -0.26195827 -0.28500926 -0.30806025 -0.33111125 -9999
0.12439835 0.12744556 0.13472976 0.13355149 0.12847408 0.13433698 0.14019987 0.14606276 0.15192566 0.14162735 0.13077373 0.11992011 0.10906649 0.091028193 0.078082661 0.073108085 0.068133509 0.063158933 0.056673835 0.048176793 0.054183828 0.055758674 0.054820074 0.053881475 0.052942876 0.049821514 0.045691677 0.04156184 0.037432003 0.04275563 0.045749714 0.03824092 0.035719224 0.033278866 0.030838508 0.02864538 0.034497823 0.040350265 0.046202708 0.050300309 0.048349495 0.029659932 0.0091876373 -0.011284657 -0.031895942 -0.058108132 -0.09136338 -0.12797626 -0.16458914 -0.20120202 -0.2300902 -0.2550237 -0.27807469 -0.30112569 -0.32417668 -0.34345049 -9999
0.12347295 0.13075715 0.13804135 0.13686308 0.12993421 0.12300533 0.12761581 0.1334787 0.1393416 0.1290433 0.11818968 0.10663804 0.08746331 0.068288579 0.055343048 0.050368472 0.045393895 0.03817821 0.029518762 0.02102172 0.027028756 0.033035791 0.035833601 0.034895002 0.033956402 0.03083504 0.026705203 0.022575366 0.030179657 0.03900249 0.041996574 0.03448778 0.026978985 0.023564857 0.021124498 0.01893137 0.024783813 0.030636256 0.033706196 0.031755381 0.029804567 0.011115004 -0.0093572903 -0.030851867 -0.057064058 -0.083276248 -0.1165315 -0.15314438 -0.18929747 -0.21775205 -0.24620663 -0.27114013 -0.29419112 -0.31711582 -0.33606697 -0.35501811 -9999
0.12678454 0.13406874 0.14135295 0.14017468 0.1332458 0.12631693 0.11938805 0.12089465 0.12675754 0.11645924 0.10307316 0.083898427 0.064723696 0.045548966 0.032603434 0.027628858 0.019682585 0.011023137 0.0023636898 -0.0061333521 -0.00012631664 0.0058807189 0.011887754 0.015908528 0.014969929 0.011848567 0.00878085 0.017603683 0.026426517 0.03524935 0.038243434 0.03073464 0.023225845 0.015717051 0.011410489 0.0092173606 0.015069803 0.017112082 0.015161268 0.013210454 0.01125964 -0.0074299231 -0.029807793 -0.056019983 -0.082232174 -0.10844436 -0.14169961 -0.17695932 -0.2054139 -0.23386847 -0.26232305 -0.28725655 -0.30973229 -0.32868344 -0.34763458 -0.36658573 -9999
0.13009614 0.13738034 0.14466454 0.14348627 0.1365574 0.12962852 0.12269965 0.11577077 0.11417348 0.099508274 0.080333543 0.061158813 0.041984083 0.022809352 0.0098464076 0.00118696 -0.0074724875 -0.016131935 -0.024791383 -0.033288425 -0.027281389 -0.021274354 -0.015267318 -0.0092602826 -0.0040165444 -0.0037951235 0.0050277099 0.013850543 0.022673377 0.03149621 0.034490294 0.026981499 0.019472705 0.011963911 0.0044551164 -0.00049664903 0.00051796895 -0.0014328453 -0.0033836595 -0.0053344737 -0.0072852879 -0.028763718 -0.054975909 -0.081188099 -0.10740029 -0.13361248 -0.16462117 -0.19307575 -0.22153032 -0.2499849 -0.27843948 -0.30234877 -0.32129991 -0.34025106 -0.3592022 -0.37815335 -9999
0.11746933 0.12475353 0.13203773 0.1328693 0.126667 0.11973812 0.11280925 0.10588038 0.098951502 0.084216184 0.065041454 0.045866724 0.026691993 0.007517263 -0.0070447156 -0.015704163 -0.024363611 -0.033023058 -0.041682506 -0.050052155 -0.045180664 -0.039173629 -0.033166593 -0.027159558 -0.021152522 -0.01321952 -0.0043966862 0.0044261472 0.013248981 0.022677588 0.027671512 0.018853299 0.011344505 0.0038357103 -0.0036730841 -0.011016181 -0.012966995 -0.014917809 -0.016868623 -0.018819437 -0.024652839 -0.050840168 -0.077052358 -0.10326455 -0.12947674 -0.15568893 -0.18166791 -0.21000189 -0.23845647 -0.26691105 -0.29536562 -0.31573091 -0.33447198 -0.35342313 -0.37237428 -0.39132542 -9999
0.095793437 0.10307764 0.11036184 0.11119341 0.10764014 0.10235225 0.09542338 0.088494506 0.081565632 0.06769447 0.053584763 0.034802989 0.015628258 -0.0035464722 -0.018108451 -0.026767898 -0.035427346 -0.044083428 -0.052558632 -0.0608901 -0.056384823 -0.051817898 -0.045810862 -0.039803827 -0.033796791 -0.025863788 -0.017040955 -0.0082181216 0.0022003228 0.015903873 0.020897796 0.010197764 0.00073235049 -0.0067764439 -0.014285238 -0.021628335 -0.023579149 -0.025529963 -0.027480777 -0.03426616 -0.042264499 -0.068798534 -0.097306683 -0.12358569 -0.14979789 -0.17601008 -0.20198905 -0.22785685 -0.25584234 -0.28429692 -0.31275149 -0.33311678 -0.3491572 -0.36750614 -0.38645728 -0.40540843 -9999
0.073706927 0.081401748 0.088685949 0.089517517 0.085964248 0.082410979 0.078037511 0.071108637 0.064179763 0.050308601 0.036198894 0.022089186 0.004564523 -0.014610207 -0.029172186 -0.037831634 -0.046446169 -0.054921373 -0.063396577 -0.071728045 -0.067222768 -0.062717491 -0.058212215 -0.052448096 -0.04644106 -0.038508057 -0.029685224 -0.018276942 -0.0045733926 0.0091301572 0.014124081 0.0034240491 -0.0072759829 -0.017388598 -0.024897392 -0.032240489 -0.034191303 -0.036142117 -0.043879482 -0.05187782 -0.059876159 -0.086410194 -0.11491834 -0.14342649 -0.17011903 -0.19633122 -0.2223102 -0.24817799 -0.27404579 -0.30168279 -0.33013736 -0.35050265 -0.36654307 -0.38258349 -0.40054029 -0.41949143 -9999
0.047966809 0.058448952 0.06701006 0.067841628 0.064288359 0.06073509 0.057181821 0.053628553 0.046793893 0.032922731 0.018813024 0.0047033168 -0.0094063905 -0.025673943 -0.040235921 -0.048808909 -0.057284114 -0.065759318 -0.074234522 -0.082565989 -0.078060713 -0.073555436 -0.06905016 -0.064544883 -0.059085329 -0.051152326 -0.038754207 -0.025050658 -0.011347108 0.0023564417 0.0073503656 -0.0033496663 -0.014049698 -0.02474973 -0.035449762 -0.042852643 -0.045494466 -0.053492804 -0.061491142 -0.06948948 -0.077487819 -0.10402185 -0.13253 -0.16103815 -0.1895463 -0.21665237 -0.24263134 -0.26849914 -0.29436694 -0.32023473 -0.34752323 -0.36788852 -0.38392894 -0.39996936 -0.41600978 -0.43357444 -9999
