mean_models/J1_mean_tot_conduct_slide_17.24.dat.tif
NCOLS 118
NROWS 92
XLLCORNER 139.62
YLLCORNER -39.07
DX 0.099491525
DY 0.099347826
NODATA_VALUE -9999
[rows 26 to 51 of 92, columns 57 to 113 of 118]
-3.0995852 -3.2668992 -3.4382457 -3.5836467 -3.693611 -3.7402899 -3.7402899 -3.664601 -3.5651094 -3.4191251 -3.2820885 -3.2057433 -3.1476932 -3.2007997 -3.2791183 -3.4283556 -3.5619976 -3.7057076 -3.7496718 -3.7687364 -3.6445149 -3.5051129 -3.2966699 -3.1093052 -2.9454368 -2.8823104 -2.8657284 -2.9509778 -3.0571695 -3.1800708 -3.2483674 -3.2649493 -3.2113706 -3.0943217 -2.9731718 -2.84033 -2.827148 -2.8505079 -2.9851141 -3.2139713 -3.448069 -3.6345425 -3.7935618 -3.8149637 -3.7692907 -3.6229797 -3.4491534 -3.244318 -3.0676892 -2.9265511 -2.832912 -2.7167195 -2.6581951 -2.5339753 -2.4009602 -2.2136821 -1.9881032
-3.0945635 -3.2705085 -3.4694915 -3.6279855 -3.7730893 -3.8363765 -3.8727536 -3.7998393 -3.7041964 -3.5352369 -3.3814363 -3.2505264 -3.1675628 -3.1399262 -3.1887179 -3.2716275 -3.3873228 -3.4937656 -3.5350582 -3.5501712 -3.4340978 -3.299794 -3.1118656 -2.93283 -2.7864803 -2.7233538 -2.7067719 -2.7820591 -2.8783434 -2.9750009 -3.0275111 -3.0164565 -2.9630712 -2.8558869 -2.7628439 -2.6615039 -2.702471 -2.7513817 -2.9620696 -3.2193528 -3.4944314 -3.7017896 -3.8796632 -3.9206303 -3.8842604 -3.773064 -3.606384 -3.4098977 -3.2107302 -3.0560586 -2.8921902 -2.7283218 -2.5919632 -2.4068594 -2.2420037 -2.0547256 -1.8527914
-3.127284 -3.3062056 -3.5007347 -3.6685403 -3.8151594 -3.886377 -3.9273954 -3.8595765 -3.765438 -3.5832722 -3.4125216 -3.2561446 -3.1412427 -3.0919534 -3.0958376 -3.1644767 -3.243907 -3.3394624 -3.3709454 -3.3727297 -3.2610584 -3.1327109 -2.9514775 -2.7821892 -2.6380434 -2.5653428 -2.5460301 -2.5766841 -2.6650784 -2.745869 -2.748906 -2.7229076 -2.6730322 -2.57272 -2.5440477 -2.4626092 -2.5807754 -2.676244 -2.9176636 -3.228207 -3.5202511 -3.7282157 -3.9161566 -3.9493038 -3.931557 -3.8126387 -3.6402907 -3.4471601 -3.2349716 -3.0486406 -2.87265 -2.6757058 -2.5079389 -2.3034332 -2.1125051 -1.9252269 -1.7306207
-3.1979009 -3.3627613 -3.5506898 -3.7093147 -3.8559338 -3.9231161 -3.9597709 -3.8874162 -3.7879246 -3.6002438 -3.4141792 -3.2466146 -3.1041436 -3.0378159 -3.0206542 -3.0648726 -3.1313119 -3.2086942 -3.2226019 -3.2227841 -3.1128493 -2.9902585 -2.8133846 -2.6501376 -2.509679 -2.4354651 -2.396774 -2.4148877 -2.4477956 -2.4770578 -2.4700065 -2.425788 -2.3642754 -2.2823412 -2.2692916 -2.2655456 -2.4193279 -2.612623 -2.9052451 -3.2204964 -3.5423807 -3.7478128 -3.925769 -3.9539583 -3.9222484 -3.7934947 -3.619129 -3.4259984 -3.2111507 -3.0023431 -2.8092125 -2.6183213 -2.4193383 -2.2126638 -2.0093257 -1.8220476 -1.6240786
-3.3034579 -3.4573718 -3.6127822 -3.7542907 -3.8745615 -3.9242359 -3.9411432 -3.8507058 -3.7382507 -3.5318854 -3.3393632 -3.1613257 -3.0172142 -2.9508865 -2.9354769 -2.9841525 -3.0562052 -3.1403926 -3.1571317 -3.166901 -3.0618821 -2.9414711 -2.7756519 -2.6112566 -2.4662143 -2.3764602 -2.3222631 -2.3029128 -2.3174016 -2.3123649 -2.2661103 -2.2022554 -2.153407 -2.0898548 -2.1323141 -2.1599886 -2.3940863 -2.6002045 -2.9297354 -3.2548401 -3.5734269 -3.7442771 -3.9071413 -3.8837315 -3.8477375 -3.7040064 -3.5259904 -3.3328598 -3.1340612 -2.9278322 -2.7492304 -2.5812842 -2.4007106 -2.2251809 -2.0279535 -1.8547554 -1.6374024
-3.4343424 -3.5507777 -3.6925897 -3.7966195 -3.9053284 -3.917105 -3.9223414 -3.7984889 -3.6713608 -3.4442948 -3.2384746 -3.0579652 -2.9117275 -2.8511809 -2.852744 -2.9085968 -3.0057772 -3.0942142 -3.1191765 -3.1523315 -3.0634922 -2.9495468 -2.7902714 -2.6298145 -2.4825044 -2.3810096 -2.3146819 -2.2720886 -2.2542911 -2.2191765 -2.1544637 -2.0868116 -2.0504008 -1.9983709 -2.0752149 -2.1475911 -2.4004246 -2.6683508 -3.0067636 -3.293332 -3.6093639 -3.7400856 -3.8741307 -3.8315146 -3.760682 -3.6129632 -3.4462463 -3.2531157 -3.0740997 -2.8835514 -2.7193021 -2.605974 -2.4421056 -2.3114422 -2.1388014 -1.9779499 -1.7451334
-3.5621268 -3.6633719 -3.773918 -3.8628514 -3.936161 -3.9346271 -3.8979723 -3.7574372 -3.5860906 -3.3459138 -3.112634 -2.9293602 -2.7792637 -2.7295179 -2.7401498 -2.8285867 -2.9408206 -3.0679487 -3.1304862 -3.1788243 -3.101442 -3.0091555 -2.8599182 -2.7092927 -2.5571292 -2.4524141 -2.3695045 -2.3158454 -2.2660168 -2.2016399 -2.1345941 -2.0627391 -2.0239081 -2.0122032 -2.1071479 -2.2270694 -2.4962818 -2.7857686 -3.1193578 -3.4027676 -3.6544226 -3.7594464 -3.8343915 -3.7700147 -3.6724021 -3.5202386 -3.3561857 -3.1864649 -3.0242187 -2.8753193 -2.752418 -2.6447709 -2.5452794 -2.4507744 -2.3459091 -2.2230079 -1.9865223
-3.606822 -3.7054322 -3.8120801 -3.8879846 -3.9492271 -3.9291825 -3.8798079 -3.7043225 -3.5182125 -3.2399921 -2.9982229 -2.7992398 -2.6502148 -2.6052335 -2.6330772 -2.747483 -2.8915885 -3.0426136 -3.1122827 -3.2102441 -3.171553 -3.0890661 -2.9649223 -2.8214303 -2.680776 -2.5759812 -2.4930716 -2.4391733 -2.3884679 -2.3264618 -2.2710705 -2.2158628 -2.1961843 -2.2020542 -2.3161067 -2.4422104 -2.6938654 -2.983428 -3.2667551 -3.4633304 -3.6741812 -3.72338 -3.7837305 -3.7081913 -3.609941 -3.4832486 -3.3582735 -3.2037525 -3.0839809 -2.937063 -2.8387354 -2.7814573 -2.7051752 -2.6994973 -2.6003734 -2.5208789 -2.3011381
-3.6207337 -3.7144633 -3.8200094 -3.9011775 -3.9535415 -3.9294135 -3.8665767 -3.680226 -3.464661 -3.1724718 -2.897868 -2.687161 -2.5224294 -2.4748211 -2.5081921 -2.6353955 -2.8063371 -2.9832109 -3.0966102 -3.2100612 -3.1908804 -3.1432627 -3.0313512 -2.9184322 -2.7850374 -2.698291 -2.6153814 -2.5714831 -2.5211615 -2.4626371 -2.4405273 -2.395 -2.3978215 -2.4212313 -2.5334369 -2.6727343 -2.8941575 -3.1476919 -3.4007951 -3.5117747 -3.6697906 -3.6924765 -3.71418 -3.6517248 -3.5598355 -3.4507253 -3.3803116 -3.2515578 -3.1405773 -3.0333699 -2.944661 -2.8833051 -2.842338 -2.8625 -2.8429088 -2.7893694 -2.6321436
-3.561125 -3.6548546 -3.770928 -3.8566685 -3.9247416 -3.9040113 -3.8464109 -3.6567783 -3.4315451 -3.1251374 -2.8316361 -2.5959983 -2.4098352 -2.3490348 -2.3757283 -2.5083837 -2.6853929 -2.8899033 -3.0258281 -3.1570757 -3.162603 -3.1432627 -3.0603531 -2.9647945 -2.865303 -2.7907954 -2.7345987 -2.7000413 -2.6668717 -2.6458636 -2.6325998 -2.6270725 -2.6464064 -2.6990784 -2.8051984 -2.9310386 -3.1066119 -3.3008464 -3.4471574 -3.5397048 -3.6035587 -3.6087775 -3.6015858 -3.5664711 -3.511562 -3.4705949 -3.4177385 -3.3509057 -3.2504919 -3.1501236 -3.050632 -2.9892761 -2.948309 -2.9987411 -3.0258055 -3.0609201 -2.9164984
-3.4239402 -3.5243788 -3.6499049 -3.762341 -3.84857 -3.8627849 -3.8213547 -3.6540443 -3.4329155 -3.1154531 -2.8125298 -2.5495196 -2.3462583 -2.2533206 -2.260411 -2.3723284 -2.5362974 -2.7331759 -2.8787456 -3.0210738 -3.0532312 -3.0487161 -2.9957064 -2.9246703 -2.8498918 -2.8146705 -2.773857 -2.786277 -2.7642697 -2.761324 -2.7977151 -2.8195041 -2.8522633 -2.909299 -2.9873407 -3.1021617 -3.1839054 -3.3500819 -3.4277742 -3.4130733 -3.4427501 -3.4333973 -3.4268693 -3.4545952 -3.4172223 -3.4462131 -3.4866269 -3.4480401 -3.3552269 -3.2557354 -3.1194121 -2.9936793 -2.9354018 -2.9804468 -3.0294314 -3.1029315 -3.0580512
-3.2601558 -3.3591796 -3.4918349 -3.628009 -3.7379733 -3.7891957 -3.7787229 -3.6441077 -3.4451247 -3.1387978 -2.8241735 -2.554484 -2.3125215 -2.2038414 -2.163973 -2.2579372 -2.390541 -2.5729422 -2.723606 -2.8559357 -2.8907412 -2.9149785 -2.8742825 -2.8420707 -2.7893987 -2.786002 -2.7804747 -2.8161525 -2.8391147 -2.8742293 -2.934461 -2.9731522 -3.0242085 -3.0885854 -3.1514824 -3.230699 -3.2718882 -3.3252033 -3.3427606 -3.2718641 -3.2367494 -3.2200866 -3.2177993 -3.2771593 -3.3316758 -3.4077575 -3.5128814 -3.5362912 -3.4466953 -3.3279861 -3.1641177 -2.9838922 -2.8785482 -2.8990082 -2.9673657 -3.0727096 -3.0721046
-3.0516975 -3.1411478 -3.2793305 -3.4302155 -3.5922632 -3.6699126 -3.7257374 -3.6247425 -3.4782406 -3.1937585 -2.8970285 -2.6142631 -2.365507 -2.1996878 -2.1347204 -2.1568296 -2.2668061 -2.4007393 -2.5342432 -2.6439937 -2.6826848 -2.7096597 -2.6986051 -2.6818478 -2.6818478 -2.700808 -2.7407356 -2.8077365 -2.8656074 -2.9417835 -3.0219114 -3.0882391 -3.1419234 -3.2011796 -3.2347309 -3.2770613 -3.2360942 -3.2414106 -3.1360666 -3.0307227 -2.9387059 -2.9253355 -2.926379 -3.0609852 -3.1590814 -3.3639169 -3.5093057 -3.6025231 -3.5129272 -3.3885661 -3.148616 -2.92392 -2.7328381 -2.7033727 -2.7430329 -2.8659342 -2.9118913
-2.8782573 -2.9492811 -3.080253 -3.2546363 -3.4276199 -3.5719955 -3.6495238 -3.6421552 -3.5213427 -3.294927 -3.010716 -2.7393949 -2.4760267 -2.2873182 -2.1699924 -2.1610878 -2.1971142 -2.3068323 -2.4203587 -2.492806 -2.5177609 -2.5508729 -2.5539148 -2.5632878 -2.5796807 -2.6401703 -2.6959315 -2.802333 -2.8803977 -2.970813 -3.0661775 -3.1378397 -3.1934827 -3.249138 -3.2353724 -3.2586708 -3.1596526 -3.0980125 -2.9547205 -2.7736587 -2.6567021 -2.6365719 -2.6459294 -2.8295748 -2.9912797 -3.2483769 -3.4930728 -3.620951 -3.5667859 -3.4206639 -3.1599053 -2.8502542 -2.6188389 -2.4902287 -2.5148236 -2.6205644 -2.6988345
-2.7404366 -2.7810837 -2.9026844 -3.0703586 -3.2693417 -3.435202 -3.5713483 -3.5939894 -3.5663529 -3.3679915 -3.1479077 -2.8816579 -2.630105 -2.4255947 -2.2783982 -2.2231252 -2.2214212 -2.2656397 -2.3279937 -2.3855572 -2.4059772 -2.4258548 -2.4369094 -2.4615215 -2.5024886 -2.5768302 -2.6652671 -2.7760685 -2.8914383 -2.9967822 -3.0885235 -3.1659058 -3.2229257 -3.2697452 -3.250472 -3.2189486 -3.0967805 -2.9534205 -2.7544375 -2.5597887 -2.3900679 -2.3610239 -2.3720414 -2.5779343 -2.8256761 -3.141708 -3.4108604 -3.6215483 -3.5917858 -3.4566387 -3.1698691 -2.8538774 -2.5319931 -2.3547869 -2.282935 -2.3648692 -2.4286466
-2.6548261 -2.6803757 -2.7702207 -2.9378949 -3.1368779 -3.3322704 -3.5117396 -3.5851299 -3.606092 -3.4876127 -3.3068643 -3.092172 -2.8552934 -2.6507831 -2.4899168 -2.3887049 -2.3612661 -2.3649875 -2.4087756 -2.4252963 -2.4363509 -2.4523476 -2.4634022 -2.4907989 -2.5422278 -2.6194442 -2.7116295 -2.814572 -2.9245542 -3.0223676 -3.1062593 -3.172587 -3.2203505 -3.2498757 -3.2156758 -3.1725862 -3.0145703 -2.8606959 -2.6248873 -2.3992742 -2.1979954 -2.156683 -2.1600994 -2.3824922 -2.6336036 -3.0116717 -3.34056 -3.6083019 -3.6450533 -3.5294938 -3.2646845 -2.9212399 -2.5584858 -2.2821287 -2.1769639 -2.1681088 -2.2128396
-2.6931159 -2.6665424 -2.7339052 -2.8635615 -3.0475067 -3.233024 -3.435708 -3.5753473 -3.6306204 -3.5148953 -3.4409077 -3.2292077 -3.0721775 -2.8760634 -2.7400182 -2.6413118 -2.6015849 -2.5842128 -2.5938408 -2.597905 -2.6089596 -2.6117099 -2.6219692 -2.6345185 -2.6779202 -2.7588355 -2.825119 -2.9232169 -2.9901198 -3.0802627 -3.130281 -3.1850435 -3.2039542 -3.2254704 -3.1875018 -3.1428326 -2.985533 -2.8170983 -2.5790322 -2.3556872 -2.135558 -2.0601105 -2.0561139 -2.275159 -2.5369586 -2.9173673 -3.2462557 -3.59026 -3.7023938 -3.6273923 -3.3915051 -3.074566 -2.6959411 -2.3584475 -2.1705574 -2.1117616 -2.1105352
-2.7347124 -2.67627 -2.7039066 -2.8068605 -2.9744251 -3.1670796 -3.3765355 -3.5199983 -3.641599 -3.6162287 -3.5715319 -3.4301492 -3.2942561 -3.1339642 -3.0117352 -2.9232983 -2.882428 -2.8603187 -2.8563451 -2.8607677 -2.8614334 -2.8603685 -2.8658958 -2.871903 -2.8953128 -2.9272863 -2.9770321 -3.0207095 -3.0750443 -3.1160114 -3.1376828 -3.1653193 -3.1827763 -3.1944811 -3.1682646 -3.1284587 -2.9993768 -2.8328214 -2.5987237 -2.3826981 -2.1603052 -2.0745945 -2.0256048 -2.2108003 -2.4725999 -2.8530086 -3.214986 -3.5778374 -3.7319391 -3.7519722 -3.564694 -3.277189 -2.9026327 -2.5368212 -2.2498764 -2.1094178 -2.0621902
-2.8405928 -2.7667327 -2.7473713 -2.8240258 -2.9495882 -3.1279245 -3.3206523 -3.4748017 -3.6043436 -3.6297579 -3.6039537 -3.5358805 -3.4212358 -3.3383262 -3.23192 -3.1840863 -3.1652351 -3.1707807 -3.1756273 -3.2084851 -3.2140124 -3.2131284 -3.2020738 -3.1930611 -3.1747286 -3.1670039 -3.1757277 -3.1577804 -3.1806013 -3.1803268 -3.1537992 -3.1466916 -3.1591916 -3.1634349 -3.1606818 -3.1346679 -3.0585862 -2.9011231 -2.7183728 -2.5307307 -2.3217455 -2.2104244 -2.1497896 -2.2668385 -2.5222738 -2.8522145 -3.2058037 -3.5716282 -3.7998647 -3.8326923 -3.738462 -3.5098379 -3.1696299 -2.7729998 -2.4796183 -2.2631964 -2.1573389
-2.9748079 -2.8646739 -2.8280875 -2.8512011 -2.9587922 -3.0854734 -3.2687473 -3.4069661 -3.5451487 -3.5845342 -3.5990336 -3.5511998 -3.4958898 -3.4368004 -3.4048089 -3.378213 -3.4146997 -3.436809 -3.467986 -3.5347618 -3.5600523 -3.5600005 -3.5444674 -3.5078782 -3.4701603 -3.3988196 -3.3767104 -3.3027949 -3.2746679 -3.2395533 -3.1550105 -3.1315145 -3.1233091 -3.1231594 -3.1352973 -3.1297603 -3.0918457 -2.9856942 -2.8322765 -2.7122081 -2.513225 -2.4041572 -2.3184992 -2.4019272 -2.598014 -2.8949807 -3.1896108 -3.5583146 -3.803511 -3.9192974 -3.8655908 -3.7185987 -3.4084193 -3.0288834 -2.6857728 -2.4388421 -2.2820713
-3.1068405 -2.9905145 -2.9186595 -2.9240561 -2.9816565 -3.0897419 -3.2206518 -3.3445554 -3.4661561 -3.5130104 -3.5460481 -3.5198662 -3.4958898 -3.4793079 -3.4842872 -3.517451 -3.5816458 -3.6645554 -3.7515424 -3.8394284 -3.8781196 -3.9044063 -3.8822971 -3.8390377 -3.7629559 -3.6710361 -3.5715446 -3.4675222 -3.3630472 -3.2577033 -3.1682569 -3.1074565 -3.0769468 -3.0710943 -3.0887238 -3.1098907 -3.1040383 -3.0731672 -2.991233 -2.8734563 -2.7329977 -2.6293456 -2.5436876 -2.5905071 -2.7057039 -2.9280967 -3.2178624 -3.5397467 -3.7969773 -3.9680217 -3.9914314 -3.8508581 -3.6226129 -3.2574818 -2.9095195 -2.611045 -2.4518027
-3.1506191 -3.0320132 -2.9562057 -2.9458397 -2.9880845 -3.0672281 -3.1773515 -3.2710141 -3.3793164 -3.4100744 -3.4423139 -3.4266047 -3.4085372 -3.4112305 -3.4334433 -3.4929564 -3.5922267 -3.702232 -3.7969031 -3.9399398 -4.0228494 -4.0551852 -4.038149 -3.9856537 -3.8940089 -3.7678898 -3.6467239 -3.494045 -3.3754684 -3.2531484 -3.1274926 -3.0456114 -3.0020845 -2.9842982 -3.0065434 -3.0307662 -3.0717333 -3.0427446 -3.0156997 -2.9834415 -2.8820521 -2.8085891 -2.7256658 -2.7274012 -2.8419675 -2.9955678 -3.1916945 -3.4779668 -3.7109345 -3.8817907 -3.9384002 -3.8713414 -3.6787257 -3.366669 -3.0214842 -2.7230096 -2.5381193
-3.1429239 -3.0506806 -2.9761929 -2.9712645 -3.0026829 -3.0659233 -3.154942 -3.2238724 -3.306782 -3.3157909 -3.3316461 -3.30554 -3.2896145 -3.2903901 -3.3250135 -3.3968685 -3.5181488 -3.6563315 -3.799048 -3.9552418 -4.053132 -4.1193043 -4.1070489 -4.0556124 -3.955861 -3.8172281 -3.6679908 -3.5065251 -3.3471502 -3.2008391 -3.0712379 -2.9816304 -2.9128137 -2.8835514 -2.8892381 -2.9174465 -2.9607971 -2.9886087 -2.9912167 -3.0177418 -2.9650698 -2.9333101 -2.8732536 -2.8732536 -2.9229346 -3.042996 -3.1659599 -3.3942051 -3.593526 -3.766007 -3.8372745 -3.807547 -3.6670884 -3.3932954 -3.0824108 -2.7857839 -2.6041619
-3.0516775 -2.9778255 -2.950189 -2.9596974 -3.006825 -3.0694488 -3.1427583 -3.2002394 -3.2537965 -3.2405197 -3.225675 -3.1785475 -3.1439043 -3.1273224 -3.1528106 -3.2246656 -3.3487098 -3.5034744 -3.66529 -3.8360244 -3.9520979 -4.0398261 -4.0398261 -3.9960037 -3.8906597 -3.7485509 -3.5885125 -3.4247696 -3.2610487 -3.1147376 -2.9851365 -2.8856449 -2.8102288 -2.7517043 -2.7463768 -2.7518668 -2.7986864 -2.8391969 -2.8918688 -2.9337881 -2.9650698 -2.9649953 -2.9593551 -2.9593551 -2.990324 -3.042996 -3.1392622 -3.2683646 -3.4261141 -3.5632678 -3.645202 -3.6317972 -3.5611174 -3.3302942 -3.0682427 -2.7990303 -2.6140901
-2.8496178 -2.8353183 -2.8683378 -2.9232337 -3.0077877 -3.0876807 -3.1656215 -3.1960846 -3.2367388 -3.2131759 -3.1545301 -3.0924754 -3.0214116 -2.983216 -2.9806077 -3.0299247 -3.1416808 -3.2820126 -3.4473987 -3.6181331 -3.7355994 -3.8326522 -3.8326522 -3.7889882 -3.680138 -3.5372103 -3.3820307 -3.2201539 -3.0762734 -2.9442468 -2.8409915 -2.7580217 -2.6902625 -2.6291391 -2.6166246 -2.5804828 -2.6163147 -2.6411751 -2.7044556 -2.7531794 -2.8511865 -2.9362555 -2.952587 -2.9658477 -3.0077371 -3.0251739 -3.1044361 -3.1203268 -3.1783822 -3.3073475 -3.3817508 -3.3642682 -3.3545949 -3.2359319 -2.9886195 -2.7555663 -2.5925104
-2.704567 -2.7685397 -2.8383088 -2.9431123 -3.0373674 -3.1184234 -3.1969693 -3.2152948 -3.2318767 -3.1615093 -3.0921364 -2.9951058 -2.9089714 -2.8449986 -2.8157189 -2.8543957 -2.9435763 -3.081759 -3.2471451 -3.4079245 -3.5176936 -3.6091673 -3.6026087 -3.5474542 -3.4356106 -3.2921866 -3.137422 -3.0044655 -2.8632719 -2.7579279 -2.7129387 -2.646087 -2.5904654 -2.5260885 -2.4735522 -2.4351421 -2.4310756 -2.4615741 -2.5313254 -2.6332483 -2.7385923 -2.8527917 -2.9350557 -2.9832898 -3.0048551 -3.0016258 -2.956948 -2.9686528 -2.9819538 -3.0430577 -3.1109551 -3.1460777 -3.1402253 -3.0638925 -2.910631 -2.7025732 -2.5160943
