mean_models/J1_mean__temp2_slide_5.dat.tif
NCOLS 118
NROWS 92
XLLCORNER 139.62
YLLCORNER -39.07
DX 0.099491525
DY 0.099347826
NODATA_VALUE -9999
[rows 0 to 26 of 92, columns 0 to 59 of 118]
-9999 -9999 -9999 -9999 -9999 -9999 -9999 -9999 -9999 -9999 -9999 -9999 -9999 -9999 -9999 -9999 -9999 -9999 -9999 -9999 -9999 -9999 -9999 -9999 -9999 -9999 -9999 -9999 -9999 -9999 -9999 -9999 -9999 -9999 -9999 -9999 -9999 -9999 -9999 -9999 -9999 -9999 -9999 -9999 -9999 -9999 -9999 -9999 -9999 -9999 -9999 -9999 -9999 -9999 -9999 -9999 -9999 -9999 -9999 -9999
-9999 69.189844 69.371212 69.55258 69.733948 69.915316 70.174248 70.129827 69.596204 69.08423 68.572257 68.060283 67.54831 67.018804 66.587137 66.307897 66.028658 65.749418 65.470179 65.117833 64.596829 64.075825 63.554821 63.033817 62.626963 62.971574 63.620642 64.52905 65.437458 66.345866 67.254274 67.657775 67.087975 66.518176 65.948376 65.378576 64.703211 63.724624 63.158867 62.91031 62.661752 62.413195 62.164638 62.3244 62.764203 63.199696 63.63519 64.070684 64.506177 64.971514 65.010777 65.050041 65.089304 65.128568 65.08051 64.854185 64.803195 64.752206 64.701217 64.650227
-9999 70.135304 70.316672 70.49804 70.679408 70.998666 71.404298 71.359877 70.796038 70.248463 69.736489 69.224516 68.712542 68.183036 67.618422 67.115926 66.836687 66.557447 66.278207 65.925862 65.404858 64.883854 64.36285 64.159962 64.460758 64.805369 65.267414 65.814983 66.723391 67.6318 68.540208 68.943709 68.373909 67.804109 67.234309 66.468067 65.498615 64.520028 63.528372 62.809099 62.560542 62.311984 62.063427 62.223189 62.676486 63.119597 63.555091 63.990584 64.426078 64.911072 65.404621 65.499176 65.538439 65.577703 65.529645 65.179115 64.903371 64.852382 64.801392 64.750403
-9999 71.080764 71.262132 71.4435 71.823085 72.228717 72.634348 72.589928 72.026088 71.462248 70.900721 70.388748 69.876774 69.347269 68.782654 68.21804 67.653425 67.365476 67.086236 66.733891 66.212887 65.691883 65.692961 65.993757 66.294553 66.639164 67.101209 67.563255 68.0253 68.917733 69.826141 70.229642 69.659842 69.090042 68.232923 67.263471 66.294018 65.315431 64.323775 63.332119 62.459331 62.210774 61.962217 62.121978 62.575276 63.028573 63.474992 63.910485 64.345979 64.830973 65.324522 65.818071 65.987574 66.026838 65.97878 65.62825 65.27772 64.952557 64.901568 64.850579
-9999 72.026224 72.241871 72.647503 73.053135 73.458767 73.864399 73.819978 73.256138 72.692298 72.128459 71.564619 71.041007 70.511501 69.946887 69.382272 68.817658 68.253043 67.894265 67.54192 67.020916 67.22596 67.526756 67.827553 68.128349 68.472959 68.935005 69.39705 69.859096 70.321141 71.112075 71.515575 70.945776 69.997778 69.028326 68.058874 67.089422 66.110835 65.119179 64.127523 63.135867 62.144211 61.861006 62.020768 62.474065 62.927363 63.38066 63.830386 64.26588 64.750874 65.244423 65.737972 66.231521 66.475973 66.427915 66.077385 65.726855 65.376325 65.025795 64.950754
-9999 73.06629 73.471922 73.877554 74.283185 74.688817 75.094449 75.050028 74.486188 73.922349 73.358509 72.794669 72.23083 71.675733 71.111119 70.546505 69.98189 69.417276 68.852661 68.458164 68.75896 69.059756 69.360552 69.661348 69.962144 70.306755 70.7688 71.230845 71.692891 72.154936 72.616982 72.732086 71.762634 70.793182 69.82373 68.854278 67.884825 66.906238 65.914582 64.922926 63.93127 62.939614 61.947958 61.919557 62.372855 62.826152 63.279449 63.732747 64.18578 64.670774 65.164323 65.657872 66.151421 66.644971 66.87705 66.52652 66.17599 65.82546 65.47493 65.1244
-9999 73.458586 73.864218 74.26985 74.675482 75.081114 75.450138 75.372074 74.808234 74.244394 73.680555 73.116715 72.594879 72.199316 71.880156 71.315541 70.750927 70.186312 69.621698 69.318771 69.619567 69.920363 70.221159 70.521955 70.86644 71.064059 70.832743 71.294789 71.756834 72.21888 72.680925 72.654018 71.684565 70.715113 69.745661 68.776209 67.971609 67.189643 66.197987 65.20633 64.214674 63.223018 62.226047 61.4555 61.417833 61.87113 62.324428 62.777725 63.231022 63.71864 64.212189 64.705738 65.199287 65.611696 65.665381 65.314851 64.964321 64.613791 64.263262 64.609874
-9999 73.718159 74.123791 74.529423 74.935055 75.285492 75.62833 75.550266 74.986426 74.422586 73.858747 73.364428 72.893556 72.497994 72.253245 72.008496 71.457353 70.892739 70.328124 70.025197 70.325993 70.626789 70.927585 71.304326 71.722522 71.920141 71.52656 71.132978 71.540383 72.002428 72.464474 72.437566 71.468114 70.498662 69.52921 68.809295 68.173898 67.391932 66.400276 65.40862 64.416964 63.41808 62.41819 61.647643 61.041966 60.780841 61.234138 61.687436 62.140733 62.62835 63.121899 63.615449 63.96653 64.13691 64.190595 63.840065 63.489535 63.139005 63.698156 64.467617
-9999 73.977732 74.383363 74.778008 75.120846 75.463684 75.806522 75.728458 75.164618 74.60485 74.133978 73.663106 73.192234 72.796672 72.551923 72.307173 72.062424 71.599165 71.034551 70.731624 71.03242 71.333216 71.742212 72.160408 72.578604 72.776224 72.382642 71.98906 71.595478 71.785977 72.248022 72.221115 71.251663 70.282378 69.646981 69.011584 68.376188 67.594221 66.602565 65.610003 64.610113 63.610223 62.610333 61.839786 61.234109 60.628433 60.143849 60.597146 61.050443 61.538061 62.03161 62.321364 62.491744 62.662123 62.715808 62.365278 62.016978 62.786438 63.555899 64.325359
-9999 74.237304 74.613362 74.9562 75.299038 75.641876 75.984714 75.90665 75.3744 74.903528 74.432656 73.961784 73.490911 73.095349 72.8506 72.605851 72.361102 72.116353 71.740977 71.43805 71.761902 72.180099 72.598295 73.016491 73.434687 73.632306 73.238724 72.845143 72.451561 72.057979 72.031571 72.004663 71.120064 70.484667 69.84927 69.213873 68.578477 67.79651 66.802035 65.802146 64.802256 63.802366 62.802476 62.031928 61.426252 60.820576 60.214899 59.609223 59.960154 60.447771 60.676198 60.846578 61.016957 61.187336 61.241021 61.10526 61.87472 62.644181 63.413641 64.183101
-9999 74.370681 74.713519 75.056357 75.399195 75.742033 76.084871 76.009659 75.538787 75.067915 74.597042 74.12617 73.655298 73.318592 73.073843 72.829094 72.584345 72.339595 72.094846 72.050562 72.468758 72.886954 73.30515 73.723346 74.141542 74.359931 73.966349 73.572767 73.179186 72.785604 72.392022 71.915844 71.280448 70.645051 70.009654 69.374257 68.738861 67.946903 66.947013 65.947123 64.947233 63.947344 62.947454 62.135258 61.529581 60.923905 60.318228 59.712552 59.106875 59.162895 59.333274 59.503654 59.674033 59.844412 60.221773 60.991234 61.760694 62.530154 63.299615 64.069075
-9999 73.959423 74.302261 74.645099 74.987937 75.330775 75.457391 75.293941 74.823068 74.352196 73.881324 73.410452 73.013304 72.767804 72.781898 72.557957 72.313208 72.068459 71.823709 71.779425 72.197621 72.615817 73.034013 73.452209 73.873245 74.10747 73.837494 73.458517 73.064936 72.671354 72.277772 71.801594 71.166198 70.530801 69.895404 69.260007 68.592046 67.782772 66.782882 65.782992 64.783102 63.783213 62.649638 61.74924 61.050849 60.445172 59.839496 59.233819 58.628143 58.684163 58.854542 59.024921 59.195301 59.622015 60.292765 61.062226 61.831686 62.601147 63.370607 64.488613
-9999 73.548164 73.891002 74.23384 74.535839 74.638756 74.741673 74.578222 74.10735 73.636478 73.169344 72.794212 72.41908 72.173579 72.187674 72.201769 72.042071 71.797322 71.552573 71.508288 71.926484 72.34468 72.762876 73.184942 73.607283 73.841508 73.571531 73.301555 72.950686 72.557104 72.163522 71.687344 71.051948 70.416551 69.779988 69.103952 68.427915 67.618641 66.618751 65.618861 64.597161 63.456268 62.315374 61.414976 60.687466 59.96644 59.360763 58.755087 58.14941 58.205431 58.37581 58.546189 59.050754 59.693007 60.363758 61.133218 61.902678 62.70247 63.853018 65.003566
-9999 73.136906 73.479744 73.717205 73.820121 73.923038 74.025954 73.862504 73.391632 72.950251 72.575119 72.199987 71.824856 71.579355 71.59345 71.607544 71.621639 71.526185 71.281436 71.237151 71.655347 72.074296 72.496638 72.918979 73.341321 73.575545 73.305569 73.035593 72.765617 72.442854 72.049272 71.573094 70.937698 70.291894 69.615857 68.939821 68.263784 67.45451 66.45462 65.40379 64.262897 63.122003 61.98111 61.080712 60.353202 59.625692 58.898182 58.276355 57.670678 57.726698 57.897077 58.479493 59.121746 59.764 60.43475 61.20421 62.066874 63.217422 64.367971 65.518519
-9999 72.725647 72.89857 73.001486 73.104403 73.20732 73.310236 73.146786 72.731159 72.356027 71.980895 71.605763 71.230631 70.985131 70.999226 71.01332 71.027415 71.04151 71.010299 70.966015 71.385992 71.808334 72.230675 72.653017 73.075358 73.309583 73.039607 72.76963 72.499654 72.229678 71.935022 71.458844 70.8038 70.127763 69.451727 68.77569 68.099654 67.290379 66.210419 65.069526 63.928633 62.787739 61.646846 60.746448 60.018938 59.291428 58.563918 57.836408 57.191946 57.265979 57.908232 58.550485 59.192739 59.834992 60.505742 61.431278 62.581827 63.732375 64.882924 66.033472
-9999 72.060344 72.16326 72.266177 72.369094 72.47201 72.574927 72.446445 72.071313 71.696181 71.321049 70.945917 70.570785 70.336662 70.352481 70.366576 70.38067 70.394765 70.40886 70.546402 70.968743 71.391085 71.813427 72.235768 72.65811 73.092806 72.905944 72.635968 72.365991 72.096015 71.826039 71.417366 70.74133 70.065293 69.389257 68.71322 68.037184 67.452785 66.311891 65.170998 64.030105 62.889211 61.748318 60.855424 60.127914 59.400404 58.672894 57.945384 57.217874 57.791901 58.434154 59.076407 59.718661 60.360914 60.892045 61.908062 63.05861 64.209159 65.359707 66.510255
-9999 71.279512 71.382429 71.485345 71.588262 71.664484 71.589621 71.446613 71.224959 70.883854 70.508722 70.13359 69.758458 69.524335 69.572588 69.597793 69.611887 69.625982 69.640076 69.777619 70.19996 70.622302 71.044643 71.466985 71.856016 72.278365 72.796733 72.809721 72.539744 72.269768 71.999792 71.591119 70.915083 70.239046 69.56301 68.867599 67.731035 67.099332 67.189903 66.284962 65.144069 64.003175 62.862282 61.973866 61.266821 60.539311 59.811801 59.084291 58.356781 59.115453 60.017166 60.65942 61.301673 61.943926 62.475057 62.621274 63.446701 64.597249 65.747798 66.898346
-9999 70.49868 70.601597 70.704514 70.728113 70.65325 70.578386 70.435379 70.213725 69.992071 69.696395 69.321263 68.946131 68.712008 68.760261 68.808514 68.843104 68.857199 68.871293 69.008836 69.431177 69.853519 70.268526 70.655051 71.041575 71.463925 71.982292 72.50066 72.713497 72.443521 72.173545 71.764872 71.088836 70.412799 69.600642 68.464078 67.327514 66.69581 66.786382 66.876953 66.258033 65.117139 63.976246 63.08783 62.380916 61.674003 60.950707 60.223197 59.495687 60.254359 61.269883 62.242432 62.884686 63.526939 64.05807 64.204287 64.350504 64.98534 66.135888 67.286437
-9999 69.717849 69.820765 69.791742 69.716879 69.642016 69.567152 69.424145 69.202491 68.980837 68.759183 68.508936 68.133804 67.899681 67.947934 67.996187 68.044441 68.088416 68.10251 68.240053 68.662394 69.067561 69.454085 69.84061 70.227135 70.649484 71.167851 71.686219 72.204587 72.617274 72.347298 71.938625 71.262589 70.333685 69.197121 68.060557 66.923992 66.292289 66.382861 66.473432 66.564004 66.231103 65.09021 64.201794 63.49488 62.787967 62.081053 61.362104 60.634594 61.393266 62.40879 63.424314 64.439838 65.109951 65.641082 65.787299 65.933516 66.079733 66.523979 67.674527
-9999 68.930235 68.855372 68.780508 68.705645 68.630782 68.555918 68.412911 68.191257 67.969603 67.747949 67.526295 67.304641 67.087354 67.135607 67.18386 67.232114 67.280367 67.328621 67.47127 67.866596 68.25312 68.639645 69.026169 69.412694 69.835043 70.353411 70.871778 71.390146 71.908514 72.426881 72.112378 71.066728 69.930164 68.7936 67.657035 66.520471 65.888768 65.979339 66.069911 66.160483 66.251054 66.204174 65.315758 64.608844 63.901931 63.195017 62.488104 61.773501 62.532172 63.547696 64.563221 65.578745 66.594269 67.224095 67.370312 67.516529 67.662746 67.808963 68.062618
-9999 68.366863 68.292 68.217137 68.142273 68.06741 67.917862 67.577713 67.356059 67.134405 66.912751 66.691097 66.476493 66.417065 66.473411 66.521664 66.569918 66.618171 66.666424 66.816966 67.203491 67.590015 67.97654 68.363064 68.749589 69.199987 69.455591 69.973958 70.492326 71.010694 71.529061 71.482158 70.345594 69.20903 68.072466 66.935902 65.885476 65.656343 65.746914 65.837486 65.928057 66.018629 66.0761 65.99581 65.352662 64.645748 63.938835 63.231922 62.525008 63.286715 64.302239 65.317763 66.333287 67.348812 68.165015 68.311232 68.457449 68.603666 68.749883 69.098745
-9999 68.141323 68.066459 67.991596 67.916733 67.658271 67.215452 66.875303 66.653649 66.431995 66.210341 66.024799 65.901332 65.841904 65.910719 65.972715 66.020968 66.069221 66.117475 66.268016 66.654541 67.041066 67.42759 67.88526 68.532287 68.983113 68.908073 69.013244 69.531611 70.049979 70.568347 70.521444 69.38488 68.248315 67.111751 66.234714 65.782112 65.552979 65.64355 65.734122 65.824693 65.855113 65.82921 65.74892 65.62953 65.110358 64.403445 63.696531 62.989618 63.751324 64.766849 65.782373 66.797276 67.806049 68.621592 68.767809 68.914026 69.060243 69.549663 70.436559
-9999 67.915782 67.840919 67.766055 67.398679 66.95586 66.513042 66.172893 65.951239 65.729585 65.573106 65.449639 65.326172 65.266744 65.335559 65.404374 65.472018 65.520272 65.568525 65.719067 66.105591 66.492116 67.021359 67.668386 68.315412 68.766239 68.691198 68.616158 68.570897 69.089264 69.607632 69.560729 68.424165 67.287601 66.583952 66.13135 65.678748 65.449615 65.540186 65.630758 65.634125 65.608223 65.582321 65.50203 65.38264 65.26325 64.868054 64.161141 63.454227 64.215934 65.231458 66.24508 67.253853 68.262626 69.078169 69.224386 69.370603 70.000581 70.887477 71.774372
-9999 67.690241 67.581907 67.139088 66.696269 66.25345 65.810631 65.470483 65.248829 65.121413 64.997946 64.874478 64.751011 64.691583 64.760398 64.829213 64.898028 64.966843 65.019576 65.170117 65.556642 66.157459 66.804485 67.451512 68.098538 68.549364 68.474324 68.399284 68.324244 68.249204 68.646918 68.600015 67.46345 66.93319 66.480588 66.027986 65.575383 65.346251 65.436822 65.413137 65.387235 65.361333 65.335431 65.25514 65.13575 65.01636 64.89697 64.62575 63.918837 64.680544 65.692885 66.701658 67.710431 68.719204 69.534746 69.680963 70.451498 71.338394 72.22529 73.112186
-9999 67.322315 66.879496 66.436678 65.993859 65.55104 65.108221 64.793187 64.66972 64.546253 64.422785 64.299318 64.175851 64.116423 64.185238 64.254053 64.322868 64.391683 64.460498 64.646531 65.293558 65.940584 66.587611 67.234638 67.881664 68.33249 68.25745 68.18241 68.10737 68.032329 67.957289 67.73503 67.282428 66.829826 66.377224 65.924622 65.472019 65.218051 65.192149 65.166247 65.140345 65.114443 65.088541 65.00825 64.88886 64.76947 64.650081 64.530691 64.383447 65.140689 66.149462 67.158235 68.167008 69.175781 70.01552 70.902416 71.789312 72.676208 73.563104 74.45
-9999 67.068682 66.625863 66.183044 65.740225 65.297406 64.732012 64.144128 63.786624 63.663157 63.53969 63.416222 63.292755 63.264971 63.403782 63.472597 63.541412 63.610227 63.679042 63.922699 64.569726 65.216752 65.863779 66.510805 67.054162 67.651945 68.633741 68.558701 68.483661 68.408621 68.333581 68.129578 67.676975 67.224373 66.771771 66.319169 65.941493 65.673032 65.516075 65.490173 65.46427 65.438368 65.412466 65.627675 65.728968 65.609578 65.490188 65.370798 65.251408 65.170647 66.021565 67.030338 68.039111 69.047884 69.926709 70.458782 71.345678 72.232574 73.119469 74.006365
-9999 66.901059 66.45824 66.015421 65.572602 64.941454 64.276492 63.688608 63.189682 62.721044 62.597576 62.474109 62.350641 62.322858 62.486688 62.650517 62.720418 62.789233 62.858048 63.101706 63.748732 64.395759 65.042785 65.502723 65.846135 66.443918 67.72348 69.003042 68.973636 68.898596 68.823556 68.619553 68.16695 67.714348 67.261746 66.925066 66.634179 66.365719 66.12934 65.923498 65.897596 65.871694 65.845792 66.061001 66.449541 66.658014 66.538625 66.419235 66.299845 66.219083 66.144998 66.790424 67.799197 68.80797 69.686795 70.115497 70.560618 71.447514 72.33441 73.221306
