mean_models/J1_mean_vp_slide_diff2_300.dat.tif
NCOLS 118
NROWS 92
XLLCORNER 139.62
YLLCORNER -39.07
DX 0.099491525
DY 0.099347826
NODATA_VALUE -9999
[rows 24 to 47 of 92, columns 0 to 54 of 118]
-9999 -0.017481645 -0.016766774 -0.016051903 -0.015337032 -0.014622161 -0.01390729 -0.013647781 -0.014201182 -0.014754583 -0.015307985 -0.015861386 -0.016414787 -0.017397439 -0.019239691 -0.021081942 -0.022924193 -0.024766445 -0.026608696 -0.027366962 -0.025825673 -0.024284383 -0.022743093 -0.021201804 -0.019660514 -0.019525816 -0.023161135 -0.026796454 -0.030431774 -0.034067093 -0.037702412 -0.042851826 -0.045006239 -0.047160652 -0.049315065 -0.051469479 -0.053623892 -0.054829296 -0.053584109 -0.052338921 -0.051093733 -0.049848545 -0.048603357 -0.0499422 -0.053138671 -0.056335142 -0.059531613 -0.062728083 -0.065629079 -0.06797958 -0.074265135 -0.08055069 -0.086836244 -0.093121799 -0.098045761
-9999 -0.020808303 -0.020093432 -0.019378561 -0.01866369 -0.017948819 -0.015845029 -0.013753525 -0.01347875 -0.014032151 -0.014585552 -0.015138954 -0.015692355 -0.017384992 -0.020797682 -0.022639933 -0.024482185 -0.026324436 -0.028166688 -0.028985807 -0.027444517 -0.025903228 -0.024361938 -0.022820649 -0.023004834 -0.023733172 -0.01927954 -0.022914859 -0.026550178 -0.030185497 -0.033820817 -0.036950307 -0.03910472 -0.041259133 -0.043413546 -0.045567959 -0.049075566 -0.060951962 -0.073935694 -0.072690506 -0.071445318 -0.07020013 -0.068954942 -0.055402842 -0.047478597 -0.050675068 -0.053871539 -0.057068009 -0.06026448 -0.075269703 -0.083123883 -0.089409437 -0.095694992 -0.10198055 -0.10377102
-9999 -0.02481815 -0.024103279 -0.023388408 -0.022673537 -0.019824681 -0.016592674 -0.01450117 -0.013725952 -0.013057908 -0.01361131 -0.014164711 -0.014718112 -0.016410749 -0.020384772 -0.024358796 -0.026225422 -0.028067673 -0.029909925 -0.030729044 -0.029187755 -0.027646465 -0.026105176 -0.027677775 -0.031189826 -0.031918165 -0.025185455 -0.018452745 -0.021738784 -0.025374103 -0.029009423 -0.032138913 -0.034293326 -0.036447739 -0.038602152 -0.042850165 -0.047925245 -0.059801641 -0.081408284 -0.099699586 -0.098454398 -0.09720921 -0.095964023 -0.082411923 -0.06001254 -0.046687204 -0.049883675 -0.053080145 -0.056276616 -0.071281839 -0.088327935 -0.098224126 -0.10450968 -0.11079524 -0.11258571
-9999 -0.028827998 -0.028113127 -0.02703634 -0.023804333 -0.020572326 -0.01734032 -0.015248815 -0.014473597 -0.013698378 -0.01292316 -0.013190468 -0.013743869 -0.015436506 -0.01941053 -0.023384553 -0.027358576 -0.029810911 -0.031653162 -0.032472282 -0.030930992 -0.029389702 -0.032350717 -0.035862768 -0.039374819 -0.040103157 -0.033370448 -0.026637738 -0.019905028 -0.020562709 -0.024198028 -0.027327519 -0.029481932 -0.031636345 -0.036624765 -0.041699844 -0.046774924 -0.05865132 -0.080257963 -0.10186461 -0.12347125 -0.12421829 -0.1229731 -0.109421 -0.087021621 -0.064622238 -0.045895811 -0.049092281 -0.052288752 -0.067293975 -0.084340071 -0.10138617 -0.11332437 -0.11960992 -0.1214004
-9999 -0.032837845 -0.031015991 -0.027783985 -0.024551978 -0.021319971 -0.018087965 -0.01599646 -0.015221242 -0.014446024 -0.013670805 -0.012895587 -0.012769626 -0.014462264 -0.018436287 -0.02241031 -0.026384333 -0.030358356 -0.033396399 -0.034215519 -0.033511608 -0.037023659 -0.04053571 -0.044047761 -0.047559811 -0.04828815 -0.04155544 -0.034822731 -0.028090021 -0.021357311 -0.019386634 -0.022516125 -0.025324285 -0.030399364 -0.035474444 -0.040549523 -0.045624603 -0.057500999 -0.079107642 -0.10071429 -0.12232093 -0.14392757 -0.14998218 -0.13643008 -0.1140307 -0.091631319 -0.069231936 -0.046832554 -0.048300888 -0.063306111 -0.080352207 -0.097398303 -0.1144444 -0.12842461 -0.13021509
-9999 -0.036943842 -0.033711835 -0.030479828 -0.027247822 -0.024015815 -0.020783808 -0.017217424 -0.016442205 -0.015666987 -0.014891768 -0.01411655 -0.013341332 -0.015686215 -0.019660238 -0.023634261 -0.027608284 -0.031582307 -0.03555633 -0.03939066 -0.042902711 -0.046414762 -0.049926813 -0.053438864 -0.056950914 -0.059817369 -0.053084659 -0.04635195 -0.03961924 -0.03288653 -0.026153821 -0.023454266 -0.028529345 -0.033604425 -0.038679505 -0.043754584 -0.048829664 -0.056968329 -0.078574972 -0.10018162 -0.12178826 -0.1433949 -0.16500154 -0.16110467 -0.13870529 -0.11630591 -0.093906526 -0.071507144 -0.049107761 -0.05826414 -0.075310236 -0.092356332 -0.10940243 -0.12644852 -0.13777479
-9999 -0.055677882 -0.052445876 -0.049213869 -0.045981862 -0.042749856 -0.036786899 -0.029600988 -0.021559675 -0.020784457 -0.020009238 -0.01923402 -0.018458802 -0.022976005 -0.038091586 -0.042954454 -0.046928477 -0.0509025 -0.054876523 -0.058710853 -0.062222904 -0.065734955 -0.069247006 -0.072759056 -0.063197465 -0.059573258 -0.088010128 -0.085411921 -0.078679212 -0.071946502 -0.065213793 -0.062514238 -0.067589317 -0.072664397 -0.077739476 -0.082814556 -0.080003885 -0.07868409 -0.083127005 -0.10473365 -0.12634029 -0.14794693 -0.16955358 -0.16599317 -0.1441616 -0.12176222 -0.099362836 -0.076963453 -0.054564071 -0.052055112 -0.061590512 -0.078636609 -0.095682705 -0.1127288 -0.12493061
-9999 -0.074411923 -0.071179916 -0.06794791 -0.064119749 -0.057855371 -0.051590994 -0.044405083 -0.036155604 -0.027906126 -0.025126708 -0.02435149 -0.023576272 -0.028093475 -0.043209056 -0.058324638 -0.06624867 -0.070222693 -0.074196716 -0.078031046 -0.081543097 -0.085055148 -0.088567198 -0.073758333 -0.058172156 -0.054547949 -0.082984819 -0.11142169 -0.11773918 -0.11100647 -0.10427376 -0.10157421 -0.10664929 -0.11172437 -0.11626565 -0.11149208 -0.10671852 -0.10539872 -0.10902004 -0.11264136 -0.13089232 -0.15249897 -0.17410561 -0.17054521 -0.14889253 -0.12721853 -0.10481915 -0.082419763 -0.06002038 -0.057511421 -0.058440068 -0.064916885 -0.081962982 -0.099009078 -0.11121089
-9999 -0.093145964 -0.089913957 -0.085188222 -0.078923844 -0.072659466 -0.066395088 -0.059209177 -0.050959698 -0.04271022 -0.034460742 -0.02946896 -0.028693741 -0.033210945 -0.048326526 -0.063442108 -0.078557689 -0.089542886 -0.093516909 -0.097351239 -0.10086329 -0.099905377 -0.0843192 -0.068733024 -0.053146847 -0.04952264 -0.07795951 -0.10639638 -0.13483325 -0.15006645 -0.14333374 -0.14063418 -0.14570926 -0.14775385 -0.14298028 -0.13820672 -0.13343315 -0.13211335 -0.13573467 -0.13935599 -0.14297731 -0.157051 -0.17865764 -0.17509724 -0.15344457 -0.1317919 -0.11013922 -0.087876072 -0.06547669 -0.062967731 -0.063896378 -0.064825024 -0.068243258 -0.085289354 -0.097491164
-9999 -0.11188 -0.10625669 -0.099992316 -0.093727938 -0.08746356 -0.081199182 -0.074013271 -0.065763793 -0.057514314 -0.049264836 -0.041015357 -0.033811211 -0.038328414 -0.053443996 -0.068559578 -0.083675159 -0.098790741 -0.1128371 -0.11667143 -0.11046624 -0.094880068 -0.079293891 -0.063707715 -0.048121538 -0.044497331 -0.072934201 -0.10137107 -0.12980794 -0.15824481 -0.18239371 -0.17969415 -0.17924205 -0.17446848 -0.16969492 -0.16492135 -0.16014778 -0.15882798 -0.1624493 -0.16607062 -0.16969194 -0.17331326 -0.18320968 -0.17964927 -0.1579966 -0.13634393 -0.11469126 -0.093038584 -0.070932999 -0.06842404 -0.069352687 -0.070281334 -0.071209981 -0.072138628 -0.083771441
-9999 -0.11586436 -0.10959998 -0.10333561 -0.097071228 -0.09080685 -0.084542472 -0.081802331 -0.073223115 -0.064973637 -0.056724158 -0.04847468 -0.040225201 -0.043742163 -0.060755062 -0.075870643 -0.090986225 -0.10610181 -0.12121739 -0.12704922 -0.11146304 -0.095876865 -0.080290689 -0.064704512 -0.049118336 -0.041669314 -0.063388933 -0.091825803 -0.12026267 -0.14869954 -0.17713641 -0.19422968 -0.18945611 -0.18468254 -0.17990898 -0.17513541 -0.17036184 -0.17102605 -0.17444909 -0.17807041 -0.18169173 -0.18531305 -0.18893437 -0.18934192 -0.16768925 -0.14603657 -0.1243839 -0.10273123 -0.081078558 -0.081912052 -0.082840699 -0.083769345 -0.084697992 -0.085626639 -0.08421531
-9999 -0.10030563 -0.09404125 -0.087776872 -0.081512494 -0.080291245 -0.091524327 -0.089413238 -0.071901262 -0.060319407 -0.052069928 -0.04382045 -0.035570971 -0.039087933 -0.066167868 -0.086799552 -0.10191513 -0.11703072 -0.1321463 -0.13797813 -0.12239195 -0.10680577 -0.091219598 -0.076275497 -0.070445128 -0.06530481 -0.062014001 -0.074825879 -0.10326275 -0.13169962 -0.16013649 -0.17722976 -0.17245619 -0.16768262 -0.16290905 -0.15932039 -0.16129437 -0.16266809 -0.16318304 -0.16580139 -0.16942271 -0.17304403 -0.17666535 -0.17989521 -0.18284365 -0.16420751 -0.14255484 -0.12090216 -0.099249491 -0.10285702 -0.1095752 -0.11050385 -0.11143249 -0.11236114 -0.11094981
-9999 -0.084746894 -0.078482516 -0.072218139 -0.07666907 -0.087902152 -0.099135235 -0.097024146 -0.079512169 -0.062000193 -0.047415699 -0.03916622 -0.030916742 -0.034433703 -0.061513638 -0.088593573 -0.11284404 -0.12795962 -0.14307521 -0.14890704 -0.13332086 -0.11773468 -0.10574136 -0.099910993 -0.094080624 -0.088940306 -0.085649497 -0.082358688 -0.086262824 -0.11469969 -0.14313656 -0.16022983 -0.15545626 -0.1506827 -0.14898846 -0.15096243 -0.15293641 -0.15431013 -0.15482508 -0.15534004 -0.15715369 -0.16077501 -0.16439633 -0.16762618 -0.17057462 -0.17352306 -0.16072577 -0.1390731 -0.11742042 -0.12102795 -0.12900113 -0.13697431 -0.13816699 -0.13909564 -0.13768431
-9999 -0.069188161 -0.062923783 -0.073046894 -0.084279977 -0.095513059 -0.10674614 -0.10463505 -0.087123077 -0.0696111 -0.052099124 -0.034587148 -0.026262512 -0.029779474 -0.056859409 -0.083939344 -0.11101928 -0.13809921 -0.15400411 -0.15983594 -0.14424977 -0.13520723 -0.12937686 -0.12354649 -0.11771612 -0.1125758 -0.10928499 -0.10599418 -0.10270338 -0.099412567 -0.12613664 -0.14322991 -0.13845634 -0.13865652 -0.1406305 -0.14260447 -0.14457845 -0.14595217 -0.14646712 -0.14698208 -0.14749703 -0.14850598 -0.1521273 -0.15535716 -0.1583056 -0.16125404 -0.16420248 -0.15724403 -0.13559136 -0.13919889 -0.14717207 -0.15514525 -0.16311843 -0.16583014 -0.16441881
-9999 -0.058191637 -0.069424719 -0.080657802 -0.091890884 -0.10312397 -0.11435705 -0.11224596 -0.094733984 -0.077222008 -0.059710031 -0.042198055 -0.024686079 -0.025125244 -0.052205179 -0.079285114 -0.10636505 -0.13344498 -0.16052492 -0.17076485 -0.16467309 -0.15884272 -0.15301235 -0.14718198 -0.14135162 -0.1362113 -0.13292049 -0.12962968 -0.12633887 -0.12304806 -0.11975725 -0.1263506 -0.12832458 -0.13029856 -0.13227254 -0.13424651 -0.13622049 -0.13759421 -0.13810916 -0.13862412 -0.13913907 -0.13965403 -0.14016898 -0.14308813 -0.14603657 -0.14898501 -0.15193345 -0.15488189 -0.15376229 -0.15736982 -0.165343 -0.17331618 -0.18128936 -0.18926254 -0.19115331
-9999 -0.058603124 -0.069836206 -0.081069289 -0.092302371 -0.10353545 -0.11580592 -0.1149198 -0.097407828 -0.079895852 -0.062383875 -0.044871899 -0.027492919 -0.021658164 -0.042107769 -0.069187704 -0.096267639 -0.12334757 -0.15042751 -0.16755586 -0.16172549 -0.15589512 -0.15006475 -0.14423438 -0.13890433 -0.1352041 -0.13179449 -0.12850368 -0.12521287 -0.12192206 -0.11863126 -0.11713873 -0.11911271 -0.12108669 -0.12306066 -0.12503464 -0.12993214 -0.13597571 -0.13649067 -0.13700562 -0.13752057 -0.13803553 -0.13811731 -0.13996069 -0.14306197 -0.14601041 -0.14895885 -0.15190729 -0.15485573 -0.16208846 -0.17006164 -0.17803482 -0.186008 -0.19244894 -0.18752514
-9999 -0.056579668 -0.06781275 -0.079045833 -0.090278915 -0.10329056 -0.11680999 -0.11592387 -0.098411889 -0.080899913 -0.063387936 -0.046142618 -0.029042961 -0.023208206 -0.039932068 -0.057249335 -0.08432927 -0.1114092 -0.13848914 -0.15561749 -0.14978712 -0.14395675 -0.13812638 -0.13341398 -0.12962568 -0.12592545 -0.12246129 -0.11900301 -0.1157122 -0.11242139 -0.10913058 -0.10763805 -0.10961203 -0.11158601 -0.11355999 -0.12068501 -0.13059302 -0.13663659 -0.13715154 -0.1376665 -0.13818145 -0.13804851 -0.1377346 -0.13957798 -0.14297221 -0.1461793 -0.14912774 -0.15207618 -0.15502462 -0.16225735 -0.17023053 -0.17820371 -0.18214956 -0.17855169 -0.17362789
-9999 -0.054556212 -0.065789294 -0.077255756 -0.090775186 -0.10429462 -0.11781405 -0.11692793 -0.09941595 -0.081903974 -0.064792317 -0.04769266 -0.030593003 -0.024758248 -0.04148211 -0.058205973 -0.074929835 -0.099470836 -0.12655077 -0.14367912 -0.13784875 -0.13201838 -0.12792363 -0.12413533 -0.12034702 -0.11664679 -0.11318263 -0.10971847 -0.10625431 -0.10292071 -0.099629904 -0.098137375 -0.10011135 -0.10208533 -0.11143788 -0.12134589 -0.1312539 -0.13729747 -0.13781242 -0.13829363 -0.13797972 -0.13766581 -0.1373519 -0.13919528 -0.14258951 -0.14598374 -0.14929663 -0.15224507 -0.15519351 -0.16242625 -0.17039943 -0.17185017 -0.16825231 -0.16465444 -0.15973064
-9999 -0.052532756 -0.064740386 -0.078259817 -0.091779247 -0.10529868 -0.11881811 -0.11793199 -0.10054167 -0.083442017 -0.06634236 -0.049242702 -0.032143045 -0.02630829 -0.043032152 -0.059756015 -0.076479877 -0.093203739 -0.1146124 -0.13174075 -0.12622159 -0.12243328 -0.11864498 -0.11485667 -0.11106837 -0.10736814 -0.10390398 -0.10043982 -0.096975659 -0.093511499 -0.090129228 -0.088636699 -0.092282747 -0.10219075 -0.11209876 -0.12200677 -0.13191477 -0.13795835 -0.13822484 -0.13791093 -0.13759702 -0.1372831 -0.13696919 -0.13881257 -0.1422068 -0.14560103 -0.14899527 -0.1523895 -0.1553624 -0.16259514 -0.16155078 -0.15795292 -0.15435506 -0.1507572 -0.14583339
-9999 -0.054616703 -0.068136133 -0.081655563 -0.095174994 -0.10869442 -0.12221385 -0.12135184 -0.10425218 -0.087152523 -0.070052866 -0.052953208 -0.035853551 -0.02811779 -0.044841652 -0.061565514 -0.078289376 -0.095013238 -0.1117371 -0.12225839 -0.11847008 -0.11468178 -0.11089347 -0.10710517 -0.10331686 -0.099878318 -0.096414158 -0.092949998 -0.089485838 -0.086021678 -0.082557518 -0.083660853 -0.09356886 -0.10347687 -0.11338487 -0.12329288 -0.13320089 -0.13831535 -0.13800144 -0.13768752 -0.13737361 -0.1370597 -0.13674579 -0.13955981 -0.14295404 -0.14634828 -0.14974251 -0.15313674 -0.15653097 -0.15201336 -0.1484155 -0.14481763 -0.14121977 -0.13762191 -0.13441518
-9999 -0.076050679 -0.089570109 -0.10308954 -0.11660897 -0.1301284 -0.12312384 -0.12030692 -0.12425703 -0.10715737 -0.090057713 -0.072958056 -0.055858398 -0.045781073 -0.049766372 -0.065331853 -0.082055715 -0.098779578 -0.11550344 -0.12602473 -0.12223642 -0.11844812 -0.11465981 -0.11087151 -0.10446127 -0.099542297 -0.10169401 -0.098951664 -0.095487504 -0.092023344 -0.088559184 -0.089662519 -0.099570526 -0.10947853 -0.11938654 -0.12929455 -0.14098215 -0.14538038 -0.13897948 -0.13866557 -0.13835166 -0.13803775 -0.13772383 -0.14355036 -0.15222341 -0.15561764 -0.15901187 -0.1624061 -0.16580034 -0.15129505 -0.14102698 -0.13742912 -0.13383125 -0.13023339 -0.12885292
-9999 -0.097484655 -0.11100409 -0.12452352 -0.13336309 -0.12437672 -0.11539035 -0.11257343 -0.11687685 -0.12118027 -0.11006256 -0.092962903 -0.075863246 -0.06578592 -0.069771219 -0.073756518 -0.085822055 -0.10254592 -0.11926978 -0.12979107 -0.12600276 -0.12221446 -0.11842615 -0.11098045 -0.1034234 -0.098504429 -0.10065614 -0.10280786 -0.10148917 -0.098025009 -0.094560849 -0.095664184 -0.10557219 -0.1154802 -0.12553109 -0.13763162 -0.14973216 -0.15413039 -0.1475094 -0.14088841 -0.13932971 -0.13901579 -0.13870188 -0.14452841 -0.15476923 -0.164887 -0.16828124 -0.17167547 -0.1750697 -0.16056441 -0.14296561 -0.1300406 -0.12644273 -0.12284487 -0.1214644
-9999 -0.11891863 -0.13243806 -0.13461597 -0.1256296 -0.11664323 -0.10765686 -0.10483994 -0.10914336 -0.11344678 -0.11775019 -0.11296775 -0.095868093 -0.085790768 -0.089776067 -0.093761365 -0.097746664 -0.10631226 -0.12303612 -0.13355741 -0.1297691 -0.12505667 -0.11749963 -0.10994258 -0.10238554 -0.097466561 -0.099618276 -0.10176999 -0.10392171 -0.10402668 -0.10056252 -0.10166585 -0.11157386 -0.12218057 -0.1342811 -0.14638163 -0.15848216 -0.1628804 -0.15625941 -0.14963842 -0.14301743 -0.13999384 -0.13967993 -0.14550646 -0.15574728 -0.1659881 -0.17622892 -0.18094483 -0.18433906 -0.16983378 -0.15223497 -0.13463616 -0.11905422 -0.11545635 -0.11407588
-9999 -0.14035261 -0.13586885 -0.12688248 -0.11789611 -0.10890974 -0.099923376 -0.097106456 -0.10140987 -0.10571329 -0.11001671 -0.11432012 -0.11587294 -0.10579562 -0.10978091 -0.11376621 -0.11775151 -0.12173681 -0.12680246 -0.13732375 -0.13157585 -0.1240188 -0.11646176 -0.10890471 -0.10134767 -0.096428694 -0.098580409 -0.10073212 -0.10288384 -0.10503555 -0.10656418 -0.10766752 -0.11883005 -0.13093058 -0.14303111 -0.15513164 -0.16723217 -0.1716304 -0.16500942 -0.15838843 -0.15176744 -0.14514645 -0.14065798 -0.14648451 -0.15672533 -0.16696615 -0.17720697 -0.18744779 -0.19360843 -0.17910314 -0.16150433 -0.14390553 -0.12630672 -0.10870791 -0.10668736
