mean_models/J1_mean__temp2_slide_30.dat.tif
NCOLS 118
NROWS 92
XLLCORNER 139.62
YLLCORNER -39.07
DX 0.099491525
DY 0.099347826
NODATA_VALUE -9999
[rows 27 to 53 of 92, columns 0 to 59 of 118]
-9999 350.40141 347.7445 344.89588 340.90561 336.91535 332.92509 329.39783 326.40493 323.41202 320.41912 319.19299 318.4517 318.2845 319.26698 320.24946 321.23194 321.80784 322.22073 323.68282 327.56548 331.44814 333.7079 335.76903 337.83016 341.4172 349.09407 356.77094 364.44781 366.33162 365.88138 364.65731 361.94153 359.22574 357.45163 355.70631 353.961 352.35009 350.93148 349.51287 348.09426 347.82809 347.67199 348.96336 351.29531 353.62725 355.52187 354.80623 354.09059 353.60566 353.16062 352.71557 355.35464 361.40675 366.67936 369.25193 371.8245 374.39706 379.29576 384.61767
-9999 349.39525 346.15196 342.1617 338.17143 334.18117 330.19091 326.66365 323.67075 320.67785 317.68494 314.69204 312.79944 312.63225 313.61473 314.5972 315.57968 316.56216 317.29456 318.75665 322.33747 324.3986 326.45973 328.52086 330.582 334.16904 341.84591 349.52278 357.19964 364.87651 368.8206 367.59652 365.09797 363.35265 361.60733 359.86201 358.1167 356.50579 355.08718 353.66857 352.24995 350.83134 350.27195 351.56332 353.89526 356.2272 358.55914 360.89109 360.38121 359.89628 359.45124 359.00619 358.56114 359.96726 365.23988 367.81244 370.38501 372.95758 375.53014 379.9071
-9999 347.83894 343.84867 339.85841 335.86815 331.87789 327.88762 324.14743 321.15453 318.16163 315.16873 312.17583 309.18293 307.64007 308.62254 309.60502 310.5875 311.56998 312.55246 313.86111 315.92224 317.98337 320.04451 322.10564 324.16677 327.62892 335.30579 342.98265 350.65952 358.33639 366.01326 370.47181 368.7265 366.98118 365.23586 363.49054 361.74523 359.9278 358.50919 357.09058 355.67197 354.25336 352.83474 353.63633 355.96827 358.30022 360.63216 362.9641 365.29604 365.117 364.67195 364.22691 363.78186 363.33681 364.16019 366.73276 369.30532 371.87789 374.45046 377.02302
-9999 349.0829 345.09264 341.10237 337.11211 333.12185 329.70592 325.52013 320.43268 317.43977 314.44687 311.45397 308.46107 307.09619 308.9915 310.0468 311.02928 312.01176 312.99424 314.30289 316.36402 318.42515 320.48629 322.54742 327.41511 332.60516 335.19279 342.27137 349.94823 357.6251 365.30197 369.76053 368.01521 366.26989 364.52457 362.77926 360.25757 357.84518 355.89127 354.47266 353.05405 351.63543 350.21682 351.14976 353.70336 356.0353 358.36724 360.69918 363.03112 362.04776 361.08486 360.63981 360.19477 359.74972 361.01051 368.18012 371.18765 373.76022 376.33278 378.90535
-9999 350.32686 346.3366 342.34633 338.48145 335.12891 331.77637 327.59058 322.44312 317.29566 313.72502 310.73212 307.73921 306.37433 308.26964 310.16496 311.47106 312.45354 313.43602 314.74467 316.8058 318.86693 320.92807 326.92221 333.08322 338.27327 340.8609 343.44852 349.23695 356.91381 364.59068 369.04924 367.30392 365.5586 363.76073 361.04579 358.33086 355.91847 353.93893 351.95939 350.43613 349.01751 347.5989 348.53184 351.15527 353.77038 356.10232 358.43426 360.7662 359.78285 358.22651 357.05272 356.60768 356.16263 357.42342 364.59303 371.76264 375.64254 378.21511 380.78767
-9999 351.57082 347.58056 343.90444 340.5519 337.19936 333.84682 329.66103 324.51357 319.36611 314.21864 310.01026 307.01736 305.65247 307.54779 309.4431 311.33841 312.89532 313.8778 315.18645 317.24758 320.2683 326.42931 332.59032 338.75134 343.94138 346.52901 349.11663 351.70425 356.20252 363.87939 368.33795 366.59263 364.54896 361.83402 359.11908 356.40414 353.99176 352.01222 350.03268 348.05314 346.39959 344.98098 345.91392 348.53735 351.16079 353.78422 356.16934 358.50128 357.51793 355.96159 354.40526 353.02059 352.57554 353.83633 361.00594 368.17555 375.34515 380.09743 382.67
-9999 352.81478 349.32742 345.97489 342.62235 339.26981 335.91727 331.73148 326.58402 321.43656 316.28909 311.14163 306.2955 304.93062 306.82593 308.72124 310.61656 312.51187 314.31958 315.62823 319.77539 325.93641 332.09742 338.25843 344.41945 349.60949 352.19712 354.78474 357.37236 359.95999 363.1681 367.62666 365.33718 362.62224 359.9073 357.19237 354.47743 352.06504 350.08551 348.10597 346.12643 344.14689 342.36306 343.296 345.91943 348.54286 351.1663 353.78973 356.23637 355.25301 353.69668 352.14034 350.58401 349.02768 350.24924 357.41885 364.58846 371.75806 378.92767 384.55232
-9999 355.02664 351.6741 348.32157 344.96903 341.61649 338.26395 332.73953 327.51467 322.36721 317.21974 312.07228 306.92482 306.53522 309.57913 311.47444 313.36976 315.26507 317.16038 320.34558 326.50659 332.6676 338.82862 344.98963 351.15064 352.94762 355.41921 358.00683 360.59446 363.18208 365.7697 366.54614 363.83121 361.11627 358.40133 355.68639 352.97145 351.25383 349.19869 347.21915 345.23961 343.26007 341.28053 340.03377 342.6572 345.28064 347.90407 350.5275 353.15094 353.20429 351.64795 350.09162 348.53529 346.97896 346.47037 352.68914 359.85875 367.02836 374.19797 381.36758
-9999 357.8289 354.47636 351.12382 347.77128 344.22883 340.21736 334.66925 327.34765 321.418 316.27054 311.12308 305.97561 305.58601 314.72431 319.95896 321.85428 323.74959 325.6449 328.8301 334.99111 341.15213 347.31314 353.03985 352.60209 352.83747 354.87705 357.19477 359.7824 362.37002 364.95764 365.73408 363.01915 360.30421 357.58927 355.30371 355.0339 353.57338 350.40938 348.04741 346.06787 344.08833 342.10879 340.38424 338.843 340.95577 343.5792 346.20263 348.82607 349.73224 349.9558 348.39947 346.84314 345.28681 344.77822 347.89887 353.24456 360.41417 367.58378 374.75339
-9999 360.63116 357.27862 353.92608 350.17002 346.15855 342.14709 336.59898 329.27738 321.95578 315.32133 310.17387 305.02641 304.63681 313.77511 322.9134 330.3388 332.23411 334.12942 337.31462 343.47563 349.63665 353.36747 352.92971 352.49194 352.72733 354.7669 356.80648 358.97034 361.55796 364.14558 364.92202 362.20708 359.49215 357.89308 357.62327 357.35346 355.89294 352.72894 349.56494 346.89613 344.91659 342.93705 341.2125 339.67125 338.13001 339.25433 341.87776 344.5012 345.40737 346.01676 346.62615 345.15099 343.59465 343.08606 346.20672 349.32738 353.79998 360.96959 368.1392
-9999 363.43341 360.08087 356.11121 352.09974 348.08828 344.07681 338.5287 331.2071 323.8855 316.56391 309.24231 304.0772 303.68761 312.8259 321.9642 331.10249 340.24079 342.61394 345.79914 351.96015 353.69509 353.25732 352.81956 352.3818 352.61718 354.65676 356.69633 358.73591 360.77548 363.33352 364.10996 361.39502 360.48244 360.21263 359.94282 359.67302 358.2125 355.04849 351.88449 348.72049 345.74485 343.76531 342.04076 340.49951 338.95827 337.41702 337.55289 340.17633 341.0825 341.69189 342.30128 342.91066 341.9025 341.39391 344.51457 347.63523 350.75589 354.3554 361.52501
-9999 366.06386 362.0524 358.04093 354.02947 350.018 346.00653 340.45842 333.13683 325.81523 318.49363 311.17203 303.85043 302.7384 311.8767 321.01499 330.15329 339.29159 348.42988 354.28366 354.0227 353.58494 353.14718 352.70941 352.27165 352.50703 354.54661 356.58619 358.62576 360.66534 362.70491 363.34161 363.0718 362.80199 362.53219 362.26238 361.99257 360.53205 357.36805 354.20405 351.04005 347.87604 344.71204 342.86902 341.32777 339.78652 338.24528 336.70403 335.85146 336.75763 337.36702 337.97641 338.58579 339.19518 339.70176 342.82242 345.94307 349.06373 352.18439 355.30505
-9999 366.93326 362.92179 358.91033 354.89886 350.8874 348.87515 345.68775 338.36616 331.04456 323.72296 316.40136 310.31924 309.78165 316.49624 325.63453 334.77283 343.91113 353.04942 359.29206 358.8543 358.41654 357.97877 357.54101 355.4146 352.10428 357.86115 359.90072 361.9403 363.97987 366.01945 367.27022 367.00041 366.7306 366.46079 366.19099 364.3221 360.3073 357.1433 353.9793 350.8153 347.6513 344.99739 344.94547 344.4413 342.90006 341.35881 339.81757 338.27632 338.56879 339.17817 339.78756 340.39695 341.20807 343.56221 346.68287 349.80352 352.92418 356.04484 355.96026
-9999 367.44404 363.43257 359.4211 355.40964 354.82575 355.22045 352.03306 344.71146 337.38986 330.06826 325.23182 321.75288 321.21529 326.56793 332.1375 341.27579 350.41409 359.55239 365.79503 365.35726 364.9195 364.48174 360.27066 352.94062 349.63031 357.09386 364.37353 366.41311 368.45269 370.49226 371.74303 371.47322 371.20341 370.93361 367.84633 363.23683 359.22204 356.05803 352.89403 349.73003 347.32897 345.14101 345.08909 346.57273 346.7865 345.24526 343.70401 342.16276 342.45523 343.06462 343.674 344.81364 346.94649 349.30062 352.42128 355.54194 358.6626 357.20613 353.96466
-9999 367.95481 363.94335 360.38164 360.77635 361.17105 361.56575 358.37836 351.05676 343.73516 340.1444 336.66546 333.18652 332.64893 338.00157 343.35422 348.70686 356.91705 366.05535 372.29799 371.86023 371.42246 365.12672 357.79668 350.46665 347.15633 354.61988 362.08343 369.54698 372.9255 374.96507 376.21584 375.94603 375.67623 371.37055 366.76106 362.15157 358.13677 354.97277 351.8485 349.66055 347.47259 345.28463 345.23271 346.71636 348.2 349.1317 347.59045 346.04921 346.34168 346.95106 348.4192 350.55205 352.6849 355.03904 358.1597 361.28036 358.45201 355.21054 351.96907
-9999 368.46559 366.33224 366.72694 367.12165 367.51635 367.91106 364.72366 358.53592 355.05698 351.57804 348.0991 344.62015 344.08257 349.43521 354.78786 360.1405 365.49314 372.55831 378.80095 377.31282 369.98278 362.65275 355.32271 347.99267 344.68235 352.14591 359.60946 367.07301 374.53656 379.43789 380.68865 379.50427 374.89478 370.28529 365.67579 361.0663 357.0515 354.18008 351.99212 349.80417 347.61621 345.42826 345.37633 346.85998 348.34363 349.82727 351.31092 349.93565 350.22812 352.02477 354.15762 356.29047 358.42332 360.77746 362.93935 359.69788 356.45641 353.21494 349.97347
-9999 372.60432 372.99902 373.39372 373.78843 374.18313 374.57784 372.07163 368.59269 365.11375 361.63481 358.15587 354.67693 353.47306 358.82571 364.17835 369.531 374.88364 380.23628 381.75388 374.42384 367.0938 359.76376 352.43372 345.10368 341.73596 349.19951 356.66306 364.12661 371.59016 379.05371 382.39351 377.78401 373.17452 368.56503 363.95554 359.34604 357.3216 355.13364 352.94568 350.75773 348.56977 346.38182 346.59665 348.0803 349.56394 351.04759 352.53123 354.01488 355.75499 357.88784 360.02069 362.15354 364.28639 365.25586 362.0144 358.77293 355.53146 352.28999 349.04852
-9999 381.6957 382.0904 382.48511 382.87981 383.27451 373.71861 368.16047 368.26506 364.78611 361.30717 357.82823 354.34929 352.32474 353.2127 358.15935 363.512 368.86464 374.21729 375.73488 368.40484 361.0748 353.74476 346.41472 342.94467 342.03563 343.46561 350.15366 357.61722 365.08077 372.54432 375.88411 371.27462 366.66512 362.05563 357.44614 354.07122 355.2478 362.19579 360.00783 357.81988 355.63192 353.44397 354.48671 357.42111 358.90475 360.3884 361.87204 363.35569 363.57432 364.69105 366.8239 368.95675 371.0896 372.08377 369.13367 365.9228 362.68133 359.43986 356.19839
-9999 390.78708 391.18179 391.57649 389.70227 379.18552 368.66878 363.11064 363.27537 363.44011 360.97954 357.50059 354.02165 351.99711 352.88507 353.77303 357.493 362.84564 368.19829 369.71588 362.38584 355.0558 347.72576 345.78012 343.99839 343.08935 344.51933 345.94931 351.10782 358.57137 366.03492 369.37471 364.76522 360.15573 355.64536 352.55691 349.46846 350.64504 357.92336 365.20168 364.88203 362.69407 360.50612 361.54886 364.91412 368.24556 369.72921 371.21285 372.6965 372.91513 372.91513 373.62712 375.75996 377.89281 378.88698 375.93688 372.98678 369.8312 366.58973 363.34826
-9999 399.87846 400.27317 395.16918 384.65244 374.13569 363.61895 358.06081 358.22555 358.39028 358.55501 357.17296 353.69402 351.66947 352.55743 353.44539 354.33336 356.82664 362.17929 363.69688 356.36684 350.3973 348.61557 346.83384 345.05212 344.14308 345.57306 347.00303 348.43301 352.06197 359.52552 362.86532 358.25582 354.13105 351.0426 347.95415 344.86569 346.04228 353.3206 360.59892 367.87723 369.75622 367.56827 368.61101 371.97627 375.34153 378.70679 380.55366 382.03731 382.25594 382.25594 382.25594 382.56318 384.69603 385.69019 382.74009 379.78999 376.83989 373.73961 370.49814
-9999 408.96985 400.6361 390.11935 379.60261 369.08587 358.56912 353.01098 353.17572 353.34045 353.50518 353.66991 353.36638 351.34183 352.2298 353.11776 354.00572 354.89368 356.16029 357.67788 353.23275 351.45102 349.66929 347.88756 346.10584 345.1968 346.62678 348.05676 349.48674 350.91672 353.01613 356.35592 352.61674 349.52829 346.43984 343.35138 340.26293 341.43951 348.71783 355.99615 363.27447 370.55279 374.63042 375.67317 379.03842 382.40368 385.76894 389.13419 391.37812 391.59675 391.59675 391.59675 391.59675 391.59675 392.4934 389.5433 386.5932 383.6431 380.693 377.64801
-9999 404.89466 394.37792 383.86117 373.34443 362.82769 352.31094 352.33387 352.4986 352.66333 352.82807 352.9928 353.15753 353.2537 353.15591 354.04387 354.93183 355.8198 356.70776 356.78844 355.00672 353.22499 351.44326 349.66154 347.87981 343.83718 344.90741 346.33739 347.76737 349.19735 350.62733 350.51396 347.42551 344.33706 341.2486 338.16015 335.0717 341.7185 348.99682 356.27514 363.55346 370.83178 377.71452 379.69403 383.05929 386.42455 389.78981 393.15506 396.52032 397.01622 397.01622 397.01622 397.01622 397.01622 395.60074 392.65064 389.70053 386.75043 383.80033 380.90323
-9999 396.71613 386.19938 375.68264 365.1659 358.28533 358.44436 358.60603 358.77076 358.93549 359.10023 359.86699 362.90637 363.41698 358.86359 356.96249 357.85045 358.73841 359.62638 359.70706 357.92534 356.14361 354.36188 351.96046 344.89739 339.72418 339.61625 340.21094 341.64092 343.0709 344.50088 344.38751 341.29906 338.21061 335.12215 334.48159 342.21158 349.75574 357.03406 364.31238 371.5907 377.03329 379.29415 381.09726 382.57131 385.6121 388.97736 392.34262 395.70788 396.20378 396.20378 396.20378 396.20378 394.71543 392.83445 389.88435 386.93425 383.98415 381.25776 379.0112
-9999 388.53759 378.02085 367.5041 364.39847 364.55749 364.71652 364.87819 365.04292 365.20765 366.99088 370.03027 373.06965 373.58027 369.02687 364.47348 360.76907 361.65703 362.54499 362.62568 360.84395 359.06223 354.91053 347.84746 340.78439 335.61118 335.50325 335.39533 335.51447 336.94445 338.37443 338.26106 335.17261 332.08416 334.78884 342.51883 350.24881 357.79298 365.0713 372.34962 376.35206 378.61292 380.87378 382.67689 384.15094 385.62499 388.16492 391.53017 394.89543 395.39133 395.39133 395.09378 393.52146 391.94914 390.06817 387.11807 384.16796 381.61229 379.36573 377.11918
-9999 380.35906 370.35258 370.51161 370.67063 370.82965 370.98868 371.15035 371.31508 374.11478 377.15417 380.19355 383.23294 383.74355 379.19015 374.63676 370.08336 365.52997 365.46361 365.5443 363.76257 357.8606 350.79753 343.73446 336.67139 331.49818 331.39025 331.28233 331.17441 331.06648 332.24798 332.13461 329.04616 335.0961 342.82608 350.55607 358.28605 365.83022 373.10854 375.67083 377.93169 380.19255 382.45341 384.25653 385.73057 387.20462 388.67866 390.71773 394.08299 394.57889 393.89982 392.3275 390.75518 389.18285 387.30188 384.35178 381.96682 379.72026 377.47371 375.22716
-9999 376.46572 376.62474 376.78377 376.94279 377.10181 377.26084 378.19929 381.23868 384.27806 387.31745 390.35683 393.39622 393.90683 389.35344 384.80004 380.24664 375.69325 371.13985 367.87373 360.81066 353.7476 346.68453 339.62146 332.55839 327.38518 327.27725 327.16933 327.06141 326.95348 326.84556 327.67336 335.40335 343.13334 350.86332 358.59331 366.32329 372.72875 374.98961 377.25047 379.51132 381.77218 384.03304 385.83616 387.3102 388.78425 390.25829 391.73234 393.27054 392.70586 391.13353 389.56121 387.98889 386.41657 384.5679 382.32135 380.07479 377.82824 375.58169 373.33513
-9999 377.68754 377.84656 378.00559 378.16461 378.32363 380.23274 383.29528 386.33466 389.37405 392.41343 395.45282 395.66451 395.46535 398.72613 394.17274 389.61934 385.06595 380.51255 375.20027 368.1372 361.07413 354.01106 346.94799 342.16152 339.44856 333.81653 333.70861 333.60068 333.49276 333.38484 335.95409 343.68407 351.41406 359.14405 366.87403 372.71931 376.01814 378.279 380.53986 382.80071 385.06157 385.99879 386.61987 387.81136 389.2854 390.75945 392.23349 393.70754 392.58413 391.01181 389.43949 387.86716 385.92467 383.11908 380.87253 378.62597 376.37942 374.13286 377.4447
