mean_models/J1_mean__temp2_slide_60.dat.tif
NCOLS 118
NROWS 92
XLLCORNER 139.62
YLLCORNER -39.07
DX 0.099491525
DY 0.099347826
NODATA_VALUE -9999
[rows 54 to 80 of 92, columns 0 to 59 of 118]
-9999 746.12883 746.44688 746.76492 747.08297 752.79666 758.96187 765.08696 771.16573 777.2445 783.32327 779.82455 773.8045 773.40617 784.26567 795.12517 787.71954 778.61275 769.50596 758.88139 744.75525 730.62911 716.50298 710.48397 708.10778 702.68185 689.08187 675.48188 673.84429 673.62844 673.4126 678.5511 694.01107 709.47104 724.93101 734.54081 742.58951 749.18716 753.70888 758.23059 762.75231 763.58826 764.10116 765.34331 767.10973 769.21225 772.16034 775.10843 778.05652 775.8097 772.66505 769.52041 765.03396 759.1 753.48882 748.99571 744.5026 740.00949 750.39751 763.36161
-9999 746.88258 747.20062 748.96264 755.12785 761.29306 767.45827 773.58336 779.66213 784.34014 778.32009 772.30004 766.27998 765.88166 776.74116 787.60066 798.46016 797.0936 787.98681 777.36225 763.23611 749.10997 746.6449 744.26871 741.89252 736.46659 722.86661 709.26662 695.66663 690.27136 690.05552 695.19402 710.65399 725.59431 733.643 741.6917 749.74039 756.33804 760.85976 764.66605 765.17895 765.69185 766.20474 767.4469 769.21331 770.97972 772.80178 775.74987 778.69796 776.45114 773.3065 768.21857 762.28461 756.35065 750.73948 746.24637 742.94153 755.90563 768.86973 781.83383
-9999 747.63632 751.29382 757.45904 763.62425 769.78946 775.95467 782.07976 782.83568 776.81562 770.79557 764.77552 758.75547 758.35714 769.21664 780.07614 790.93564 801.79514 806.46767 795.8431 785.18201 782.80582 780.42964 778.05345 775.67726 770.25133 756.65135 743.05136 729.45137 715.85139 706.69844 711.83694 724.69649 732.74519 740.79389 748.84258 756.89128 763.48893 766.25674 766.76964 767.28253 767.79543 768.30832 769.55048 771.31689 773.0833 774.84971 776.61612 779.3394 777.09258 771.40319 765.46923 759.53527 753.60131 747.99013 748.44964 761.41374 774.37784 787.34194 800.30605
-9999 754.76277 760.92798 767.09319 773.25841 779.42362 785.58883 786.88934 780.86929 774.84924 768.82918 762.80913 756.78908 751.68175 762.54125 773.40075 784.26025 795.11975 805.97925 812.83648 810.46029 808.0841 805.70791 803.33172 800.95553 801.28664 787.78212 774.18213 760.58215 746.98216 733.38218 727.17667 735.22537 743.27406 751.32276 759.37145 767.42015 767.47551 767.98841 768.5013 769.0142 769.5271 770.03999 772.54465 774.31106 776.07747 777.84388 779.61029 781.3767 779.47847 773.54451 767.61055 761.67659 755.74263 751.36486 763.64282 776.60693 789.57103 802.53513 815.49923
-9999 768.2829 774.44812 780.61333 786.77854 792.62607 796.23712 797.76221 796.87983 791.86641 785.84636 779.82631 773.80626 768.20675 763.44939 769.62553 780.48503 791.34453 802.20403 809.06126 806.68507 804.30888 801.93269 799.5565 811.31278 818.31044 808.56195 796.24839 782.6484 769.04842 755.44843 749.24293 757.29162 765.34032 773.38901 781.30473 781.59478 778.31731 769.936 768.96272 769.47562 769.98851 770.50141 774.30761 780.34699 782.1134 783.87981 785.64622 787.41264 791.40245 792.38969 786.45573 780.52177 774.58781 770.21004 771.22272 780.60071 793.56481 806.52891 819.49301
-9999 781.80304 787.96825 794.13347 799.07784 802.6889 806.29995 807.82504 806.94267 806.06029 802.86354 796.84349 790.82344 785.22392 780.46657 775.70922 776.70982 787.56932 798.42882 805.28604 802.90985 800.53366 801.8453 815.09094 828.33658 835.33424 825.58576 815.83727 804.71466 791.11467 777.51469 771.30918 779.35788 787.40657 792.92318 793.21323 793.50327 790.2258 781.8445 773.46319 769.93703 770.44993 770.96282 774.76902 780.94273 787.11644 789.91575 791.68216 793.44857 797.43838 801.81245 805.30091 799.36695 793.43299 789.05522 790.0679 791.08058 797.55859 810.52269 823.48679
-9999 795.32318 801.48839 805.52962 809.14067 812.75173 816.36278 817.88787 817.0055 816.12312 815.24075 813.86067 807.84061 802.2411 797.48375 792.7264 787.96904 783.7941 794.6536 801.51082 799.13463 805.62347 818.8691 832.11474 845.36038 852.35804 842.60956 832.86108 823.11259 813.18093 799.58094 793.37544 801.42414 804.54163 804.83168 805.12172 805.41176 802.13429 793.75299 785.37169 776.99038 770.91134 771.42424 775.23044 781.40415 787.57786 793.75157 797.71809 799.4845 803.47431 807.84838 812.22246 816.59653 812.27817 807.9004 808.91308 809.92576 810.93844 814.51648 827.48058
-9999 808.37035 811.9814 815.59245 819.20351 822.81456 826.42561 827.9507 827.06833 826.18595 825.30358 824.4212 823.53882 819.25828 814.50093 809.74358 804.98622 800.22887 795.47152 797.73561 809.40163 822.64727 835.89291 849.13854 862.38418 869.38184 859.63336 849.88488 840.13639 830.38791 820.63943 815.4417 816.16008 816.45013 816.74017 817.03021 817.32026 814.04279 805.66148 797.28018 788.89888 780.51757 772.13627 775.69185 781.86556 788.03927 794.21299 800.3867 805.52043 809.51024 813.88432 818.25839 822.63246 827.00654 826.74558 827.75826 828.77094 829.78362 830.7963 831.80898
-9999 811.1923 814.80336 818.41441 822.02546 825.63651 828.41724 825.27636 820.70456 819.82218 818.93981 818.05743 817.17506 817.69605 817.75029 812.99294 808.23558 803.47823 798.72088 799.40736 812.653 825.89864 839.14428 852.38991 862.65505 862.89709 862.85857 853.11009 843.36161 833.61312 823.86464 817.54499 817.83503 818.12508 818.41512 818.70516 817.92209 820.89203 822.18592 813.80461 805.42331 797.04201 788.6607 784.97262 789.20166 795.37537 801.54908 807.72279 813.8965 801.75447 805.8647 810.23878 814.61285 818.98693 824.78346 832.03091 833.04359 834.05627 835.06895 836.08163
-9999 810.86556 814.47661 818.08766 821.69872 823.75912 825.33304 822.19216 813.6098 806.31529 805.43292 804.55054 803.66817 804.18916 807.52046 810.25535 805.498 800.74065 795.98329 796.66978 809.91541 823.16105 836.40669 841.72379 840.03907 840.28111 845.68738 850.33497 840.58649 830.83801 821.08952 814.76987 815.05992 815.34996 815.64 813.83231 810.80878 813.77872 825.32317 832.3363 823.95499 815.57369 807.19239 803.5043 803.19012 805.70092 811.87463 818.04834 824.22205 812.08002 796.77254 796.1071 800.48118 804.85525 810.65178 821.37555 830.97936 831.99204 833.00473 834.01741
-9999 810.53881 814.14987 817.52707 819.101 820.67492 822.24884 819.10797 810.5256 801.94323 793.36086 791.04365 790.16128 790.68227 794.01358 797.34488 800.67619 798.00306 793.24571 793.93219 807.17783 820.42347 820.79253 819.10781 817.42308 817.66513 823.0714 828.47767 833.88393 828.06289 818.31441 811.99476 812.2848 812.57484 809.74254 806.71901 803.69548 806.66542 818.20986 829.75431 841.29876 834.10537 825.72407 822.03598 821.7218 821.40762 822.20018 828.37389 834.5476 822.40558 807.09809 791.79061 786.3495 790.72357 796.52011 807.24387 817.96764 828.6914 830.9405 831.95318
-9999 810.21207 812.86895 814.44288 816.0168 817.59072 819.16465 816.02377 807.4414 798.85903 790.27667 781.6943 776.65439 777.17538 780.50669 783.83799 787.1693 790.50061 790.50812 791.19461 801.546 799.86127 798.17655 796.49183 794.8071 795.04915 800.45542 805.86169 811.26795 816.67422 815.53929 809.21964 808.6763 805.65276 802.62923 799.6057 796.58217 799.55211 811.09656 822.64101 834.18546 845.7299 844.25575 840.56767 840.25348 839.9393 839.62511 839.31093 844.87315 832.73113 817.42364 802.11616 786.80868 776.5919 782.38843 793.1122 803.83596 814.55973 825.28349 829.88895
-9999 808.62511 810.19904 811.77296 813.34688 814.92081 816.49473 814.54755 805.96518 797.38281 788.80045 780.21808 771.63571 765.55808 768.88938 772.22069 775.552 778.88331 782.21462 784.02915 782.34443 780.65971 778.97498 777.29026 775.60554 774.36082 779.76709 785.17336 790.57963 795.98589 801.39216 803.91909 800.89556 797.87203 794.8485 791.82496 788.80143 793.67463 805.21908 816.76353 828.30798 839.85242 851.39687 856.09663 855.78245 855.46826 855.15408 854.83989 854.52571 841.42763 826.12015 810.81267 795.50519 780.19771 774.83206 785.55583 796.27959 807.00336 817.72712 828.45089
-9999 808.01578 809.5897 811.16363 812.73755 814.54543 821.38751 821.06918 812.48681 803.90445 795.32208 786.73971 776.48911 769.08838 767.71208 770.00192 773.33323 776.66454 779.99585 781.81038 780.12566 778.44094 776.75621 775.07149 773.54017 772.02281 770.45624 774.07289 779.47916 784.88543 790.2917 792.81862 789.79509 786.77156 783.74803 780.7245 785.8625 793.94398 805.48842 817.03287 828.57732 839.83998 848.03945 853.41535 856.37633 856.06214 855.74796 855.43377 855.11959 842.02151 826.71403 811.40655 796.09907 794.12311 799.98031 810.70407 821.42784 832.1516 842.1936 838.11623
-9999 807.40645 808.98037 810.55429 814.22498 821.06706 827.90914 827.59081 819.00845 810.42608 801.35628 790.94718 780.53809 773.13736 771.76106 770.38476 771.11446 774.44577 777.77708 779.59162 777.90689 776.22217 774.56668 773.06767 771.56867 770.0513 768.48473 766.91816 768.3787 773.78497 779.19123 781.71816 778.69463 775.6711 774.81005 780.47095 786.13185 794.21332 805.75777 817.30222 827.60478 835.80425 844.00372 849.37962 852.72567 856.07173 856.34184 856.02765 855.71347 842.61539 827.30791 812.00043 814.81911 819.27136 825.12855 835.85232 846.57608 853.02663 848.94925 844.87188
-9999 806.79711 808.37104 813.90453 820.74662 827.5887 834.43078 834.11245 825.53008 815.81435 805.40526 794.99616 784.58706 777.18633 775.81004 774.43374 773.05744 772.227 775.55831 777.37285 775.68812 774.09418 772.59518 771.09617 769.59717 768.0798 766.51323 764.94666 763.38009 762.6845 768.09077 770.6177 767.59417 769.41849 775.07939 780.74029 786.40119 794.48266 806.02711 815.36957 823.56905 831.76852 839.96799 845.34389 848.68994 852.036 855.38206 856.62153 856.30735 843.20927 831.06287 835.51511 839.96736 844.4196 850.2768 861.00056 863.85966 859.78228 855.70491 851.62753
-9999 806.742 813.58409 820.42617 827.26825 834.11033 840.95241 840.63408 830.27243 819.86333 809.45423 799.04514 788.63604 781.23531 779.85901 778.48271 777.10641 775.73011 774.35381 775.15408 773.62169 772.12268 770.62367 769.12467 767.62566 766.1083 764.54173 762.97516 761.40859 759.84202 758.27545 759.51723 764.02694 769.68784 775.34873 781.00963 786.67053 794.75201 803.13437 811.33384 819.53332 827.73279 835.93227 841.30816 844.65422 848.00027 851.34633 854.69239 856.90123 851.75887 856.21111 860.66336 865.11561 869.56785 875.42505 874.69269 870.61531 866.53793 862.46056 858.38318
-9999 813.70239 820.54447 827.38655 834.22863 841.07072 847.17256 853.16553 850.24553 839.83644 829.42734 819.01824 808.60915 799.77806 796.10196 794.72566 793.34936 791.97306 790.59676 789.18335 787.68435 786.18534 784.68634 783.18733 781.06638 777.68938 779.05806 777.49149 775.92492 774.35835 772.79178 773.69388 779.35478 785.01568 790.67657 796.33747 800.91408 809.42796 822.0116 830.21108 838.41055 846.61002 854.8095 856.75617 858.66783 862.01389 865.35995 868.70601 872.05206 882.19578 886.64803 891.10028 895.55252 900.00477 898.7206 884.62546 880.54808 876.47071 872.39333 868.31595
-9999 820.91188 827.75396 834.59604 841.43813 846.72062 851.43097 857.42394 864.89722 868.85052 858.44142 848.03232 837.62323 828.79215 823.12113 817.89176 816.51546 815.13916 813.76286 812.34946 810.85045 809.35145 807.85244 804.12786 798.19485 794.81785 798.29162 801.36884 799.80227 798.2357 796.66913 797.57122 803.23212 808.89302 814.55392 817.74609 819.32278 827.83666 846.27518 862.09721 870.29669 878.49616 886.69563 888.64231 886.09393 886.27508 889.62114 892.9672 896.31325 906.76028 918.43454 924.53985 928.9921 933.44434 932.16018 911.00579 892.28467 888.2073 884.12992 880.05255
-9999 828.12137 834.96345 841.55832 846.26867 850.97903 855.68938 861.68235 869.15563 876.62891 884.1022 877.04641 866.63731 857.80623 852.13521 846.46419 840.79318 838.30527 836.92897 835.51557 834.01656 832.51756 827.18934 821.25633 815.32332 811.94632 815.42009 818.89387 822.36764 822.11304 820.54647 821.44857 827.10947 832.77037 834.5781 836.15479 837.73148 846.24536 864.68388 883.12241 901.56093 910.3823 918.58177 920.52845 917.98007 915.43169 913.88233 917.22839 920.57444 931.02147 942.69573 954.37 962.43167 966.88392 965.59975 944.44537 923.29098 902.1366 895.86651 891.78914
-9999 835.33086 841.10638 845.81673 850.52708 855.23743 859.94779 865.94076 873.41404 880.88732 888.3606 895.83389 895.65139 886.82031 881.14929 875.47827 869.80726 864.13624 860.09508 858.68167 856.18383 850.25082 844.31781 838.3848 832.45178 829.07479 832.54856 836.02233 839.49611 842.96988 844.42382 845.32592 849.83343 851.41011 852.9868 854.56349 856.14018 864.65406 883.09258 901.53111 919.96963 938.40816 950.46791 952.41458 949.8662 947.31783 944.76945 942.22107 944.83563 955.28266 966.95692 978.63119 990.30545 1000.3235 999.03933 977.88494 956.73056 935.57617 914.42179 903.52573
-9999 839.26581 843.97617 848.68652 853.39687 858.10722 862.81758 866.2631 873.73638 881.20966 888.68294 896.15622 903.6295 909.89772 904.22671 898.55569 892.88467 887.21366 881.54264 875.7924 869.85939 863.92638 857.99336 852.06035 846.12734 846.00915 849.46423 852.938 856.41177 859.88555 863.35932 866.18511 867.7618 869.33848 870.91517 872.49186 874.06855 879.90192 898.34044 916.77897 935.21749 953.65602 972.09454 974.88378 972.3354 969.78702 967.23864 964.69026 962.14188 966.77497 978.44924 990.1235 1001.7978 1013.472 1023.8731 1003.8468 982.69245 961.53806 940.38368 919.22929
-9999 836.87921 841.58956 846.29991 851.01027 855.668 859.99669 861.87448 860.9236 866.63262 874.10591 881.57919 889.05247 895.86145 901.34011 899.16081 893.48979 887.81877 882.14776 876.39752 870.46451 864.53149 858.59848 852.66547 859.27165 865.2149 866.37675 869.04816 872.52193 875.9957 879.46947 882.29526 883.87195 885.44864 887.02533 888.36266 882.01207 885.16845 901.92591 920.06196 938.50049 956.93901 975.37753 974.20375 959.15826 956.60989 954.06151 951.51313 948.96475 942.66623 941.607 953.28126 964.95553 976.62979 987.03085 993.02166 980.34874 959.19436 938.03997 916.88558
-9999 834.4926 839.20295 843.91331 848.42434 852.75304 857.08174 858.95952 858.00865 857.05777 859.52887 867.00215 874.47543 881.28441 886.76308 892.24174 894.09491 888.42389 882.75288 877.00264 871.06962 865.13661 863.02304 870.75022 878.47739 884.42064 885.5825 886.74435 888.63208 892.10585 895.57963 898.40542 899.9821 901.55879 900.209 893.8584 887.50781 890.66419 907.42165 924.17911 941.78348 960.222 978.66053 977.48674 962.21392 946.9411 940.88437 938.33599 935.78761 929.4891 922.54246 916.43902 928.11329 939.78755 950.18861 956.17942 962.17023 956.85065 935.69626 914.54188
-9999 832.106 836.81635 841.18069 845.50939 849.83809 854.16678 856.04457 855.09369 854.14281 853.19194 852.42512 859.8984 866.70737 872.18604 877.66471 883.14337 888.62204 883.35799 877.60775 871.67474 874.50161 882.22878 889.95596 897.68313 903.62638 904.78824 905.9501 907.11195 908.27381 911.68978 914.51557 916.09226 912.05533 905.70474 899.35414 893.00355 896.15993 912.91739 929.67485 946.43231 963.505 981.94352 980.76974 965.49692 950.22409 934.95127 925.15886 922.61048 916.31196 909.36532 902.41868 895.47204 902.94532 913.34637 919.33718 925.32799 931.3188 933.35256 912.19817
-9999 829.60834 833.93704 838.26574 842.59443 846.92313 851.25183 853.12961 852.17874 851.22786 850.27698 849.3261 848.37522 852.13034 857.60901 863.08767 868.56634 874.04501 879.52367 878.253 885.98018 893.70735 901.43453 909.1617 916.88888 922.83212 923.99398 925.15584 926.31769 927.47955 928.64141 930.25226 923.90167 917.55107 911.20048 904.84988 898.49929 901.65567 918.41313 935.17059 951.92805 968.68551 985.44297 984.05273 968.77991 953.50709 938.23427 922.96145 909.43334 903.13483 896.18819 889.24155 882.29491 875.34827 876.50413 882.49494 888.48575 894.47657 900.46738 906.45819
-9999 830.47045 834.79914 839.12784 843.45654 847.78523 848.95898 848.81992 849.18386 848.23299 847.28211 846.33123 845.38035 845.62536 848.96391 854.44258 859.92125 865.39991 870.87858 877.03716 884.76434 892.49151 900.21869 907.94586 914.16191 916.79373 917.2432 918.40506 919.56692 920.72878 921.89063 920.48648 914.13589 907.78529 901.4347 895.08411 890.33528 890.65453 899.95293 916.7104 933.46786 950.22532 966.98278 970.82501 959.9838 944.71098 929.43816 914.16534 898.89251 899.82912 894.61148 887.66484 880.7182 873.77156 869.40477 874.27212 880.26293 886.25374 892.24455 898.23536
