mean_models/J1_mean__temp2_slide_30.dat.tif
NCOLS 118
NROWS 92
XLLCORNER 139.62
YLLCORNER -39.07
DX 0.099491525
DY 0.099347826
NODATA_VALUE -9999
[rows 0 to 26 of 92, columns 0 to 59 of 118]
-9999 -9999 -9999 -9999 -9999 -9999 -9999 -9999 -9999 -9999 -9999 -9999 -9999 -9999 -9999 -9999 -9999 -9999 -9999 -9999 -9999 -9999 -9999 -9999 -9999 -9999 -9999 -9999 -9999 -9999 -9999 -9999 -9999 -9999 -9999 -9999 -9999 -9999 -9999 -9999 -9999 -9999 -9999 -9999 -9999 -9999 -9999 -9999 -9999 -9999 -9999 -9999 -9999 -9999 -9999 -9999 -9999 -9999 -9999 -9999
-9999 365.13844 366.22632 367.3142 368.40208 369.48997 371.04351 370.7774 367.57618 364.50499 361.4338 358.36261 355.29142 352.11455 349.52402 347.84842 346.17282 344.49721 342.82161 340.70727 337.58075 334.45423 331.32771 328.20119 325.75966 327.82744 331.72206 337.17302 342.62397 348.07493 353.52588 355.94716 352.52819 349.10923 345.69026 342.27129 338.21916 332.34775 328.95282 327.4613 325.96979 324.47827 322.98675 323.94556 326.5845 329.19747 331.81043 334.42339 337.03635 339.82793 340.06333 340.29874 340.53414 340.76955 340.48118 339.12369 338.81811 338.51253 338.20694 337.90136
-9999 370.81058 371.89846 372.98634 374.07422 375.98995 378.42423 378.15812 374.7754 371.49038 368.41919 365.34801 362.27682 359.09994 355.71143 352.69577 351.02016 349.34456 347.66896 345.55462 342.4281 339.30158 336.17506 334.95749 336.76243 338.83021 341.60249 344.888 350.33895 355.78991 361.24086 363.66214 360.24317 356.82421 353.40524 348.80803 342.99199 337.12059 331.16996 326.85383 325.36231 323.8708 322.37928 323.33809 326.0584 328.71728 331.33025 333.94321 336.55617 339.46568 342.42644 342.99355 343.22895 343.46436 343.17599 341.07334 339.41937 339.11379 338.80821 338.50262
-9999 376.48272 377.5706 378.65848 380.93638 383.37066 385.80494 385.53883 382.15612 378.77341 375.40459 372.3334 369.26221 366.08534 362.69682 359.3083 355.91979 354.19191 352.5163 350.40196 347.27544 344.14892 344.15531 345.96026 347.7652 349.83298 352.60526 355.37753 358.1498 363.50489 368.95584 371.37712 367.95815 364.53919 359.39691 353.58087 347.76483 341.89342 335.9428 329.99218 324.75484 323.26333 321.77181 322.73062 325.45093 328.17123 330.85006 333.46303 336.07599 338.9855 341.94626 344.90702 345.92376 346.15917 345.8708 343.76815 341.6655 339.71505 339.40947 339.10389
-9999 382.15486 383.44854 385.88282 388.3171 390.75138 393.18566 392.91955 389.53684 386.15412 382.77141 379.3887 376.2476 373.07073 369.68221 366.2937 362.90518 359.51667 357.36365 355.24931 352.12279 353.35314 355.15809 356.96303 358.76797 360.83576 363.60803 366.3803 369.15257 371.92485 376.67082 379.0921 375.67313 369.98578 364.16974 358.3537 352.53766 346.66626 340.71563 334.76501 328.81439 322.86377 321.16434 322.12315 324.84346 327.56376 330.28407 332.98285 335.59581 338.50532 341.46608 344.42684 347.3876 348.85398 348.56561 346.46296 344.36031 342.25767 340.15502 339.70515
-9999 388.39497 390.82925 393.26353 395.69781 398.1321 400.56638 400.30026 396.91755 393.53484 390.15213 386.76942 383.3867 380.05612 376.66761 373.27909 369.89058 366.50206 363.11355 360.74603 362.55097 364.35592 366.16086 367.9658 369.77074 371.83853 374.6108 377.38307 380.15535 382.92762 385.69989 386.39069 380.57465 374.75861 368.94258 363.12654 357.3105 351.43909 345.48847 339.53785 333.58722 327.6366 321.68598 321.51568 324.23598 326.95629 329.6766 332.39691 335.11563 338.02514 340.9859 343.94666 346.90742 349.86818 351.26042 349.15777 347.05512 344.95248 342.84983 340.74718
-9999 390.74917 393.18346 395.61774 398.05202 400.4863 402.70046 402.23205 398.84933 395.46662 392.08391 388.7012 385.57051 383.19741 381.28238 377.89386 374.50534 371.11683 367.72831 365.91022 367.71516 369.52011 371.32505 373.12999 375.19688 376.38254 374.99519 377.76746 380.53974 383.31201 386.08428 385.92307 380.10703 374.29099 368.47495 362.65891 357.83149 353.13921 347.18859 341.23796 335.28734 329.33672 323.35454 318.73118 318.50546 321.22577 323.94608 326.66638 329.38669 332.31202 335.27278 338.23354 341.1943 343.66841 343.99077 341.88813 339.78548 337.68283 335.58019 337.65995
-9999 392.30703 394.74131 397.17559 399.60987 401.71227 403.76897 403.30056 399.91785 396.53514 393.15243 390.18684 387.36194 384.98884 383.52051 382.05218 378.74454 375.35602 371.96751 370.14941 371.95436 373.7593 375.56424 377.82453 380.33337 381.51903 379.15822 376.7974 379.24187 382.01414 384.78642 384.6252 378.80916 372.99313 367.17709 362.85752 359.0448 354.35252 348.4019 342.45128 336.50065 330.50712 324.50761 319.88425 316.25019 314.68361 317.40392 320.12422 322.84453 325.76986 328.73062 331.69138 333.79765 334.82011 335.14247 333.03983 330.93718 328.83453 332.1894 336.80598
-9999 393.86489 396.29917 398.66739 400.72409 402.78079 404.83749 404.36908 400.98637 397.62809 394.80318 391.97828 389.15337 386.78027 385.31194 383.84361 382.37528 379.59522 376.2067 374.38861 376.19355 377.99849 380.45218 382.96102 385.46987 386.65553 384.29471 381.93389 379.57308 380.71628 383.48855 383.32734 377.5113 371.69627 367.88355 364.07083 360.25811 355.56583 349.61521 343.65921 337.6597 331.66019 325.66068 321.03732 317.40326 313.7692 310.86176 313.58206 316.30237 319.2277 322.18846 323.9269 324.94936 325.97181 326.29418 324.19153 322.10226 326.71885 331.33543 335.95202
-9999 395.42275 397.6792 399.7359 401.7926 403.84931 405.90601 405.4376 402.24443 399.41952 396.59461 393.76971 390.9448 388.5717 387.10337 385.63504 384.16671 382.69838 380.44589 378.6278 380.57098 383.07983 385.58867 388.09752 390.60636 391.79202 389.4312 387.07039 384.70957 382.34876 382.19069 382.02948 376.7223 372.90958 369.09686 365.28414 361.47142 356.77914 350.81179 344.81228 338.81277 332.81326 326.81375 322.19039 318.55633 314.92227 311.28821 307.65415 309.76021 312.68554 314.05615 315.07861 316.10106 317.12351 317.44588 316.63171 321.24829 325.86488 330.48146 335.09805
-9999 396.22295 398.27965 400.33635 402.39305 404.44976 406.50646 406.05519 403.23028 400.40537 397.58047 394.75556 391.93065 389.91061 388.44228 386.97395 385.50562 384.03729 382.56896 382.30327 384.81211 387.32096 389.8298 392.33865 394.84749 396.15769 393.79687 391.43605 389.07524 386.71442 384.35361 381.49687 377.68415 373.87143 370.05872 366.246 362.43328 357.68129 351.68178 345.68227 339.68276 333.68325 327.68374 322.81063 319.17657 315.54251 311.90845 308.27439 304.64033 304.9766 305.99906 307.02151 308.04396 309.06642 311.33052 315.9471 320.56369 325.18027 329.79685 334.41344
-9999 393.75581 395.81251 397.86921 399.92592 401.98262 402.74214 401.7615 398.93659 396.11168 393.28678 390.46187 388.07906 386.60606 386.69062 385.34713 383.8788 382.41047 380.94214 380.67645 383.18529 385.69414 388.20298 390.71183 393.23771 394.64287 393.02318 390.74993 388.38912 386.0283 383.66749 380.81075 376.99803 373.18531 369.37259 365.55988 361.55191 356.69609 350.69658 344.69707 338.69756 332.69805 325.89676 320.49474 316.3048 312.67074 309.03668 305.40262 301.76856 302.10483 303.12728 304.14974 305.17219 307.73208 311.75585 316.37243 320.98902 325.6056 330.22219 336.93086
-9999 391.28867 393.34538 395.40208 397.21377 397.83111 398.44845 397.46781 394.6429 391.818 389.0155 386.76471 384.51392 383.04092 383.12549 383.21005 382.25198 380.78365 379.31532 379.04963 381.55847 384.06732 386.57616 389.10822 391.64194 393.04709 391.4274 389.80771 387.703 385.34218 382.98136 380.12463 376.31191 372.49919 368.67948 364.6231 360.56671 355.71089 349.71138 343.71187 337.58155 330.73636 323.89117 318.48916 314.12462 309.79896 306.1649 302.53085 298.89679 299.23306 300.25551 301.27796 304.30478 308.15741 312.18118 316.79777 321.41435 326.21299 333.11699 340.02099
-9999 388.82154 390.87824 392.30275 392.92009 393.53742 394.15476 393.17412 390.34921 387.70116 385.45037 383.19957 380.94878 379.47578 379.56035 379.64492 379.72948 379.15683 377.6885 377.42281 379.93165 382.44501 384.97873 387.51245 390.04617 391.45132 389.83163 388.21194 386.59225 384.65606 382.29524 379.43851 375.62579 371.75067 367.69428 363.6379 359.58151 354.72569 348.72618 342.42115 335.57597 328.73078 321.88559 316.48357 312.11904 307.7545 303.38997 299.65907 296.02501 296.36129 297.38374 300.87748 304.73011 308.58274 312.60652 317.2231 322.39912 329.30312 336.20712 343.11112
-9999 386.3544 387.39172 388.00906 388.6264 389.24373 389.86107 388.88043 386.38681 384.13602 381.88523 379.63444 377.38364 375.91064 375.99521 376.07978 376.16434 376.24891 376.06168 375.79599 378.31552 380.84924 383.38296 385.91667 388.45039 389.85554 388.23585 386.61617 384.99648 383.37679 381.60912 378.75238 374.82186 370.76547 366.70909 362.6527 358.59631 353.74049 347.26076 340.41557 333.57038 326.72519 319.88 314.47799 310.11345 305.74892 301.38438 297.01985 293.15324 293.59755 297.45018 301.30281 305.15544 309.00808 313.03185 318.58525 325.48925 332.39325 339.29726 346.20126
-9999 382.3629 382.98024 383.59757 384.21491 384.83225 385.44959 384.67854 382.42775 380.17696 377.92617 375.67538 373.42459 372.02006 372.11501 372.19958 372.28415 372.36872 372.45328 373.27844 375.81216 378.34587 380.87959 383.41331 385.94703 388.55484 387.43375 385.81406 384.19437 382.57468 380.955 378.50301 374.44662 370.39024 366.33385 362.27746 358.22107 354.71478 347.86959 341.0244 334.17921 327.33403 320.48884 315.13166 310.76712 306.40259 302.03805 297.67351 293.30898 296.75271 300.60534 304.45797 308.3106 312.16324 315.34941 321.44618 328.35018 335.25418 342.15818 349.06218
-9999 377.6777 378.29504 378.91237 379.52971 379.98688 379.53754 378.67933 377.34924 375.30258 373.05178 370.80099 368.5502 367.14568 367.43586 367.58731 367.67187 367.75644 367.84101 368.66616 371.19988 373.7336 376.26732 378.80103 381.13504 383.66883 386.77837 386.85616 385.23647 383.61678 381.99709 379.54511 375.48872 371.43233 367.37594 363.20336 356.38481 352.59488 353.13779 347.70819 340.863 334.01781 327.17262 321.8422 317.59993 313.23539 308.87086 304.50632 300.14178 304.69374 310.10363 313.95626 317.80889 321.66152 324.8477 325.72536 330.67851 337.58251 344.48651 351.39051
-9999 372.9925 373.60984 374.22717 374.36861 373.91926 373.46992 372.61171 371.28163 369.95154 368.1774 365.92661 363.67582 362.27129 362.56148 362.85166 363.0596 363.14417 363.22873 364.05389 366.5876 369.12132 371.61107 373.93005 376.24903 378.78282 381.89235 385.00189 386.27856 384.65888 383.03919 380.5872 376.53081 372.47443 367.60162 360.78307 353.96453 350.1746 350.71751 351.26043 347.54678 340.70159 333.8564 328.52598 324.2845 320.04302 315.70366 311.33912 306.97459 311.52654 317.61951 323.45455 327.30718 331.15981 334.34599 335.22364 336.1013 339.91084 346.81485 353.71885
-9999 368.3073 368.92463 368.75033 368.30099 367.85165 367.4023 366.5441 365.21401 363.88392 362.55384 361.05222 358.80143 357.39691 357.68709 357.97728 358.26746 358.53189 358.61646 359.44161 361.97533 364.40608 366.72506 369.04404 371.36302 373.89681 377.00634 380.11588 383.22541 385.70097 384.08128 381.6293 377.57291 371.99988 365.18133 358.36279 351.54425 347.75431 348.29723 348.84014 349.38306 347.38538 340.54019 335.20976 330.96828 326.7268 322.48532 318.17193 313.80739 318.35935 324.45232 330.54528 336.63825 340.6581 343.84427 344.72193 345.59959 346.47724 349.14318 356.04718
-9999 363.5814 363.13206 362.68272 362.23337 361.78403 361.33469 360.47648 359.14639 357.81631 356.48622 355.15613 353.82604 352.52252 352.81271 353.10289 353.39308 353.68326 353.97344 354.82934 357.20108 359.52007 361.83905 364.15803 366.47701 369.0108 372.12033 375.22987 378.3394 381.44893 384.55846 382.67139 376.39814 369.57959 362.76105 355.94251 349.12397 345.33403 345.87695 346.41986 346.96278 347.50569 347.22397 341.89355 337.65206 333.41058 329.1691 324.92762 320.6402 325.19215 331.28512 337.37809 343.47106 349.56402 353.34256 354.22022 355.09787 355.97553 356.85319 358.37551
-9999 360.20132 359.75198 359.30264 358.85329 358.40395 357.50653 355.46557 354.13548 352.80539 351.4753 350.14522 348.8574 348.50051 348.83899 349.12917 349.41936 349.70954 349.99972 350.90338 353.22237 355.54135 357.86033 360.17931 362.49829 365.20104 366.73429 369.84382 372.95335 376.06288 379.17241 378.89084 372.0723 365.25376 358.43522 351.61667 345.31483 343.93972 344.48264 345.02555 345.56847 346.11138 346.45565 345.97402 342.11521 337.87373 333.63225 329.39077 325.14929 329.71938 335.81235 341.90531 347.99828 354.09125 358.98817 359.86582 360.74348 361.62114 362.4988 364.59238
-9999 358.8485 358.39916 357.94982 357.50047 355.94962 353.29271 351.25174 349.92165 348.59156 347.26148 346.14794 345.40665 345.04976 345.46265 345.83484 346.12502 346.41521 346.70539 347.60905 349.92803 352.24702 354.566 357.31203 361.19469 363.90001 363.44977 364.08059 367.19012 370.29965 373.40918 373.12761 366.30907 359.49053 352.67198 347.41022 344.69444 343.31933 343.86224 344.40516 344.94807 345.12998 344.97389 344.49226 343.77662 340.66181 336.42033 332.17885 327.93737 332.50746 338.60043 344.69339 350.7826 356.83471 361.72763 362.60529 363.48295 364.3606 367.29756 372.61947
-9999 357.49568 357.04634 356.59699 354.39271 351.73579 349.07888 347.03791 345.70782 344.37774 343.43849 342.69719 341.9559 341.59901 342.0119 342.42479 342.83069 343.12088 343.41106 344.31472 346.6337 348.95268 352.12834 356.011 359.89366 362.59897 362.14873 361.69849 361.42689 364.53642 367.64595 367.36438 360.54584 353.7273 349.5056 346.78982 344.07404 342.69893 343.24185 343.78476 343.80432 343.64822 343.49212 343.0105 342.29486 341.57922 339.20841 334.96693 330.72545 335.29554 341.38851 347.46996 353.52207 359.57417 364.46709 365.34475 366.22241 370.00275 375.32465 380.64656
-9999 356.14286 355.4927 352.83579 350.17888 347.52196 344.86505 342.82408 341.494 340.72903 339.98773 339.24644 338.50515 338.14825 338.56114 338.97403 339.38692 339.79981 340.11673 341.02039 343.33937 346.94465 350.82731 354.70997 358.59262 361.29794 360.8477 360.39746 359.94722 359.49698 361.88272 361.60115 354.78261 351.60099 348.88521 346.16943 343.45365 342.07854 342.62145 342.47866 342.32256 342.16646 342.01036 341.52874 340.8131 340.09746 339.38181 337.75501 333.51353 338.08362 344.15732 350.20942 356.26153 362.31363 367.20656 368.08422 372.70793 378.02984 383.35175 388.67366
-9999 353.93579 351.27888 348.62196 345.96505 343.30814 340.65122 338.76086 338.01957 337.27828 336.53698 335.79569 335.0544 334.6975 335.11039 335.52328 335.93617 336.34906 336.76195 337.8783 341.76096 345.64362 349.52627 353.40893 357.29159 359.99691 359.54667 359.09642 358.64618 358.19594 357.7457 356.41216 353.69638 350.98059 348.26481 345.54903 342.83325 341.30909 341.15299 340.9969 340.8408 340.6847 340.5286 340.04697 339.33133 338.61569 337.90005 337.18441 336.30161 340.84468 346.89678 352.94889 359.00099 365.0531 370.09121 375.41312 380.73502 386.05693 391.37884 396.70075
-9999 352.41373 349.75682 347.09991 344.443 341.78608 338.39345 334.86618 332.72138 331.98009 331.2388 330.4975 329.75621 329.58902 330.42151 330.8344 331.24729 331.66018 332.07307 333.53517 337.41783 341.30048 345.18314 349.0658 352.32649 355.91353 361.80392 361.35367 360.90343 360.45319 360.00295 358.77888 356.06309 353.34731 350.63153 347.91575 345.6496 344.03869 343.09648 342.94038 342.78428 342.62818 342.47208 343.76346 344.37191 343.65627 342.94063 342.22499 341.50935 341.02442 346.1294 352.18151 358.23361 364.28572 369.55834 372.75117 378.07307 383.39498 388.71689 394.0388
-9999 351.40757 348.75066 346.09375 343.43683 339.64953 335.65927 332.13201 329.1391 326.32783 325.58654 324.84525 324.10395 323.93676 324.91924 325.90172 326.32112 326.73401 327.1469 328.609 332.49165 336.37431 340.25697 343.01719 345.07833 348.66537 356.34224 364.0191 363.84265 363.39241 362.94217 361.71809 359.00231 356.28653 353.57075 351.55062 349.8053 348.19439 346.77578 345.54033 345.38424 345.22814 345.07204 346.36341 348.69535 349.94689 349.23125 348.51561 347.79997 347.31504 346.87 350.74202 356.79413 362.84623 368.11885 370.69142 373.36251 378.68442 384.00632 389.32823
