mean_models/J1_mean_vp_slide_diff_260.dat.tif
NCOLS 118
NROWS 92
XLLCORNER 139.62
YLLCORNER -39.07
DX 0.099491525
DY 0.099347826
NODATA_VALUE -9999
[rows 0 to 26 of 92, columns 0 to 59 of 118]
-9999 -9999 -9999 -9999 -9999 -9999 -9999 -9999 -9999 -9999 -9999 -9999 -9999 -9999 -9999 -9999 -9999 -9999 -9999 -9999 -9999 -9999 -9999 -9999 -9999 -9999 -9999 -9999 -9999 -9999 -9999 -9999 -9999 -9999 -9999 -9999 -9999 -9999 -9999 -9999 -9999 -9999 -9999 -9999 -9999 -9999 -9999 -9999 -9999 -9999 -9999 -9999 -9999 -9999 -9999 -9999 -9999 -9999 -9999 -9999
-9999 8.4493865 8.4496482 8.44991 8.4501718 8.4504336 8.4504685 8.4506803 8.449469 8.4467371 8.4440052 8.4412732 8.4385413 8.4370356 8.4380889 8.4392605 8.4404322 8.4416039 8.4427756 8.4439566 8.4451593 8.446362 8.4475647 8.4487674 8.449633 8.4482466 8.4459083 8.4428539 8.4397995 8.4367451 8.4336908 8.4327039 8.4357027 8.4387014 8.4417001 8.4446989 8.4463107 8.4448577 8.4455728 8.4470513 8.4485298 8.4500083 8.4514867 8.4492134 8.4445447 8.4399724 8.4354002 8.430828 8.4262557 8.4309886 8.4617656 8.4925426 8.5233196 8.5540966 8.5793523 8.568582 8.5339529 8.4993238 8.4646947 8.4300656
-9999 8.4492966 8.4495584 8.4498202 8.450082 8.4499405 8.4495464 8.4497583 8.4506693 8.450438 8.4477061 8.4449741 8.4422422 8.4407365 8.4416865 8.4426847 8.4438564 8.4450281 8.4461998 8.4473808 8.4485835 8.4497862 8.4509889 8.4512522 8.4500283 8.4486419 8.4468201 8.444762 8.4417076 8.4386532 8.4355989 8.434612 8.4376108 8.4406095 8.4436082 8.444026 8.441774 8.440321 8.4400112 8.4403569 8.4418354 8.4433139 8.4447924 8.442519 8.4375484 8.4328057 8.4282335 8.4236613 8.419089 8.422708 8.4277426 8.4553865 8.4861635 8.5169405 8.5421962 8.548327 8.5442813 8.5096522 8.4750231 8.440394
-9999 8.4492068 8.4494686 8.4497304 8.4494125 8.4490184 8.4486244 8.4488362 8.4497473 8.4506584 8.451407 8.448675 8.4459431 8.4444374 8.4453874 8.4463374 8.4472874 8.4484523 8.4496239 8.450805 8.4520077 8.4532104 8.4528715 8.4516476 8.4504236 8.4490373 8.4472154 8.4453935 8.4435716 8.4405613 8.437507 8.4365201 8.4395189 8.4425176 8.4417414 8.4394894 8.4372373 8.4357843 8.4354745 8.4351648 8.435141 8.4366195 8.438098 8.4358246 8.430854 8.4258835 8.4210668 8.4164945 8.4119223 8.4155413 8.4205759 8.4256105 8.4490074 8.4797844 8.5050401 8.5111709 8.5173017 8.5199807 8.4853516 8.4507225
-9999 8.449117 8.4492785 8.4488845 8.4484904 8.4480964 8.4477023 8.4479141 8.4488252 8.4497363 8.4506474 8.4515584 8.449644 8.4481383 8.4490883 8.4500383 8.4509883 8.4519382 8.4530481 8.4542292 8.4554319 8.4544907 8.4532668 8.4520429 8.450819 8.4494326 8.4476107 8.4457888 8.4439669 8.4421451 8.4394151 8.4384282 8.441427 8.4394568 8.4372047 8.4349527 8.4327006 8.4312477 8.4309379 8.4306281 8.4303183 8.4300085 8.4314036 8.4291302 8.4241596 8.4191891 8.4142185 8.4093278 8.4047556 8.4083746 8.4134092 8.4184438 8.4234784 8.4426283 8.467884 8.4740148 8.4801457 8.4862765 8.4924073 8.4610509
-9999 8.4487505 8.4483564 8.4479624 8.4475683 8.4471743 8.4467802 8.4469921 8.4479031 8.4488142 8.4497253 8.4506364 8.4515475 8.4518392 8.4527892 8.4537392 8.4546892 8.4556392 8.4565891 8.4573338 8.4561099 8.454886 8.4536621 8.4524382 8.4512143 8.4498279 8.448006 8.4461841 8.4443623 8.4425404 8.4407185 8.4394242 8.4371722 8.4349201 8.4326681 8.430416 8.428164 8.426711 8.4264012 8.4260914 8.4257816 8.4254718 8.425162 8.4224358 8.4174652 8.4124947 8.4075241 8.4025536 8.3975889 8.4012079 8.4062425 8.4112771 8.4163117 8.4213464 8.4307279 8.4368588 8.4429896 8.4491204 8.4552512 8.461382
-9999 8.44881 8.4484159 8.4480219 8.4476278 8.4472337 8.4467357 8.4468519 8.447763 8.4486741 8.4495851 8.4504962 8.4514053 8.4521147 8.4525768 8.4535268 8.4544768 8.4554267 8.4563767 8.4566693 8.4554454 8.4542215 8.4529976 8.4517737 8.4502844 8.4490901 8.4493901 8.4475682 8.4457464 8.4439245 8.4421026 8.4401338 8.4378817 8.4356297 8.4333776 8.4311256 8.4291399 8.4280047 8.4276949 8.4273851 8.4270753 8.4267655 8.429726 8.4238384 8.4148951 8.4099245 8.4049539 8.3999834 8.3950128 8.3985731 8.4036077 8.4086423 8.413677 8.4190736 8.4254727 8.4316035 8.4377343 8.4438651 8.449996 8.4522488
-9999 8.4490249 8.4486309 8.4482368 8.4478428 8.4472919 8.4467194 8.4468356 8.4477467 8.4486578 8.4495689 8.4504767 8.4513833 8.4520927 8.4524069 8.4527211 8.4536443 8.4545943 8.4555443 8.4558369 8.454613 8.4533891 8.4521652 8.4504799 8.4485428 8.4473485 8.4481451 8.4489418 8.4472871 8.4454652 8.4436433 8.4416745 8.4394225 8.4371704 8.4349184 8.4330696 8.4313573 8.430222 8.4299122 8.4296024 8.4292926 8.4334299 8.4381865 8.4322988 8.4187593 8.4080077 8.4030372 8.3980666 8.393096 8.3966563 8.4016909 8.4067256 8.4123958 8.4188724 8.4252715 8.4314023 8.4375331 8.4436639 8.4447345 8.4446352
-9999 8.4492399 8.4488458 8.4484206 8.4478481 8.4472756 8.4467031 8.4468193 8.4477304 8.4486413 8.449548 8.4504547 8.4513613 8.4520707 8.4523849 8.4526992 8.4530134 8.4537619 8.4547119 8.4550045 8.4537806 8.4525567 8.4506755 8.4487384 8.4468013 8.445607 8.4464036 8.4472002 8.4479968 8.447006 8.4451841 8.4432153 8.4409632 8.4387114 8.4369992 8.4352869 8.4335746 8.4324394 8.4321296 8.4323772 8.4371338 8.4418903 8.4466469 8.4407593 8.4272197 8.4136801 8.4011204 8.3961498 8.3911793 8.3947395 8.3997742 8.4057181 8.4121946 8.4186712 8.4250703 8.4312011 8.4373195 8.4372202 8.4371208 8.4370215
-9999 8.4494549 8.4489768 8.4484043 8.4478318 8.4472593 8.4466868 8.4468031 8.4477127 8.4486193 8.449526 8.4504327 8.4513394 8.4520487 8.452363 8.4526772 8.4529914 8.4533056 8.4538795 8.4541721 8.4528081 8.450871 8.4489339 8.4469968 8.4450597 8.4438654 8.4446621 8.4454587 8.4462553 8.4470519 8.4467248 8.444756 8.4426411 8.4409288 8.4392165 8.4375043 8.435792 8.4346567 8.4360811 8.4408376 8.4455942 8.4503507 8.4551073 8.4492197 8.4356801 8.4221405 8.4086009 8.3950614 8.3892625 8.3928228 8.3990403 8.4055168 8.4119934 8.4184699 8.424869 8.4298051 8.4297058 8.4296065 8.4295072 8.4294079
-9999 8.4495213 8.4489488 8.4483763 8.4478038 8.4472313 8.4466589 8.4468463 8.447753 8.4486597 8.4495663 8.450473 8.4513797 8.451939 8.4522532 8.4525674 8.4528817 8.4531959 8.4535101 8.4531436 8.4512065 8.4492694 8.4473323 8.4453952 8.4434581 8.4418259 8.4426225 8.4434191 8.4442157 8.4450124 8.445809 8.4457486 8.4440364 8.4423241 8.4406118 8.4388996 8.4371873 8.4384887 8.4432452 8.4480018 8.4527583 8.4575149 8.4622714 8.4568061 8.4432665 8.4297269 8.4161874 8.4026478 8.3891082 8.3926352 8.3991117 8.4055883 8.4120648 8.4185414 8.4221309 8.4220316 8.4219323 8.421833 8.4217337 8.4216344
-9999 8.4494165 8.4488441 8.4482716 8.4476991 8.4471266 8.4469472 8.447295 8.4482017 8.4491084 8.4500151 8.4509217 8.4519497 8.4524084 8.4516542 8.4518826 8.4521968 8.452511 8.4528252 8.4524587 8.4505216 8.4485845 8.4466474 8.4447103 8.4430642 8.4413296 8.4389996 8.4394268 8.4402234 8.44102 8.4418166 8.4417563 8.440044 8.4383318 8.4366195 8.4349072 8.4349322 8.4371574 8.441914 8.4466705 8.4514271 8.4561836 8.4566254 8.4530934 8.4451249 8.4315854 8.4180458 8.4045062 8.3909666 8.3944936 8.4009702 8.4074467 8.4139232 8.4154198 8.4133095 8.4132101 8.4131108 8.4130115 8.4129122 8.4209016
-9999 8.4493118 8.4487393 8.4481669 8.4476686 8.4475323 8.4473959 8.4477437 8.4486504 8.4495571 8.4504699 8.4515342 8.4525984 8.453057 8.4523029 8.4515487 8.4515119 8.4518261 8.4521404 8.4517738 8.4498367 8.4478996 8.4459625 8.4444218 8.4429093 8.4411748 8.4388448 8.4365149 8.4362311 8.4370277 8.4378243 8.437764 8.4360517 8.4343394 8.4326893 8.4331452 8.433601 8.4358262 8.4405827 8.4453393 8.4493918 8.4495973 8.4498028 8.4462709 8.4400522 8.4334438 8.4199042 8.4063646 8.3928251 8.396352 8.4028286 8.4093051 8.4092892 8.4065983 8.404488 8.4043887 8.4042894 8.4048939 8.4136385 8.4223831
-9999 8.4492071 8.4486346 8.4482537 8.4481173 8.447981 8.4478446 8.4481925 8.4490991 8.4500544 8.4511186 8.4521828 8.4532471 8.4537057 8.4529515 8.4521974 8.4514432 8.4511413 8.4514555 8.4510889 8.4491518 8.4472918 8.4457794 8.444267 8.4427545 8.44102 8.43869 8.43636 8.4340301 8.4330354 8.433832 8.4337716 8.4320594 8.4309023 8.4313581 8.4318139 8.4322697 8.4344949 8.4392514 8.4423638 8.4425693 8.4427748 8.4429803 8.4394484 8.4332297 8.4270109 8.4207922 8.4082231 8.3946835 8.3982105 8.404687 8.4031586 8.4004677 8.3977768 8.3956665 8.3955672 8.3976309 8.4063755 8.4151201 8.4238646
-9999 8.4491024 8.4488388 8.4487024 8.448566 8.4484297 8.4482933 8.4486412 8.4496388 8.450703 8.4517672 8.4528315 8.4538957 8.4543543 8.4536002 8.452846 8.4520919 8.4513378 8.4507706 8.4504041 8.4486495 8.447137 8.4456246 8.4441122 8.4425997 8.4408651 8.4385352 8.4362052 8.4338753 8.4315453 8.4298396 8.4297793 8.4291152 8.429571 8.4300268 8.4304826 8.4309384 8.4331636 8.4353358 8.4355413 8.4357468 8.4359523 8.4361578 8.4326259 8.4264071 8.4201884 8.4139697 8.4077509 8.3965419 8.3997189 8.3970281 8.3943372 8.3916463 8.3889554 8.3868451 8.3903678 8.3991124 8.407857 8.4166016 8.4253462
-9999 8.4492639 8.4491275 8.4489912 8.4488548 8.4487185 8.4485821 8.449046 8.4501103 8.4511745 8.4522387 8.453303 8.4543672 8.4545417 8.4537445 8.4529903 8.4522362 8.451482 8.4507279 8.4497444 8.448232 8.4467196 8.4452071 8.4436947 8.4421823 8.4394161 8.436574 8.434244 8.4319141 8.4295841 8.4272542 8.4258757 8.4263316 8.4267874 8.4272432 8.427699 8.4281548 8.4302604 8.4304659 8.4306714 8.4308769 8.4310824 8.4312879 8.4272232 8.4210044 8.4147857 8.4085669 8.4023482 8.3961295 8.3912267 8.3885358 8.3858449 8.383154 8.3804631 8.3825132 8.3925608 8.4013054 8.41005 8.4187946 8.4275392
-9999 8.449181 8.4490447 8.4489083 8.448772 8.4488347 8.4500242 8.4505912 8.4504396 8.4512343 8.4522986 8.4533628 8.454427 8.4546015 8.4529942 8.4519626 8.4512085 8.4504543 8.4497002 8.4487167 8.4472043 8.4456919 8.4441794 8.442667 8.4418534 8.4393463 8.432159 8.4280855 8.4257556 8.4234256 8.4210957 8.4197172 8.420173 8.4206288 8.4210847 8.4218421 8.429468 8.4329853 8.4306246 8.4303385 8.430544 8.4307495 8.430955 8.4265724 8.4189008 8.4126821 8.4064633 8.4002446 8.3940258 8.3867849 8.3808084 8.3781175 8.3754266 8.3727357 8.3747858 8.393258 8.4051516 8.4138962 8.4226408 8.4313854
-9999 8.4490982 8.4489618 8.4488255 8.4492806 8.4504701 8.4516596 8.4522266 8.4520751 8.4519235 8.4523584 8.4534226 8.4544868 8.4546613 8.453054 8.4514468 8.4501807 8.4494266 8.4486724 8.447689 8.4461766 8.4446641 8.4433056 8.4425446 8.4417837 8.4392766 8.4320892 8.4249019 8.4195971 8.4172671 8.4149372 8.4135587 8.4140145 8.4144703 8.4170455 8.4246714 8.4322973 8.4358146 8.4334539 8.4310933 8.430211 8.4304165 8.430622 8.4262394 8.4185585 8.4108776 8.4043597 8.3981409 8.3919222 8.3846812 8.3772636 8.3703902 8.3676993 8.3650084 8.3670585 8.3855307 8.4040029 8.4177425 8.4264871 8.4352317
-9999 8.4490153 8.448879 8.4497266 8.4509161 8.4521056 8.4532951 8.453862 8.4537105 8.453559 8.4534075 8.4534824 8.4545467 8.4547212 8.4531139 8.4515066 8.4498993 8.4483989 8.4476447 8.4466613 8.4451488 8.4439968 8.4432358 8.4424749 8.4417139 8.4392068 8.4320195 8.4248321 8.4176448 8.4111086 8.4087787 8.4074002 8.407856 8.4122488 8.4198748 8.4275007 8.4351266 8.4386439 8.4362832 8.4339226 8.4315619 8.4300836 8.4302891 8.4259065 8.4182256 8.4105447 8.4028638 8.3960373 8.3898185 8.3825776 8.37516 8.3677423 8.3603247 8.357281 8.3593311 8.3778033 8.3962755 8.4147477 8.4303333 8.4390779
-9999 8.448983 8.4501725 8.451362 8.4525515 8.453741 8.4549305 8.4554975 8.4553459 8.4551944 8.4550429 8.4548914 8.4547399 8.454781 8.4531737 8.4515664 8.4499591 8.4483518 8.4467445 8.4456336 8.444688 8.443927 8.4431661 8.4424051 8.4416442 8.439137 8.4319497 8.4247624 8.417575 8.4103877 8.4032004 8.4012417 8.4074522 8.4150781 8.4227041 8.43033 8.4379559 8.4414732 8.4391125 8.4367519 8.4343912 8.4320305 8.4299562 8.4255736 8.4178927 8.4102118 8.4025308 8.3948499 8.3877149 8.3804739 8.3730563 8.3656387 8.3582211 8.3508034 8.3516037 8.3700759 8.3885481 8.4070203 8.4254925 8.4429241
-9999 8.4473974 8.4485869 8.4497764 8.4509659 8.4521554 8.4539801 8.4562239 8.4560724 8.4559209 8.4557694 8.4556178 8.4553249 8.4534924 8.4520238 8.4504165 8.4488092 8.4472019 8.4455946 8.4442433 8.4434823 8.4427214 8.4419604 8.4411995 8.4404386 8.4399289 8.4345585 8.4273711 8.4201838 8.4129964 8.4058091 8.4036815 8.4113075 8.4189334 8.4265593 8.4341853 8.4412353 8.4420609 8.4397002 8.4373396 8.4349789 8.4326182 8.4296738 8.4231751 8.4154599 8.4077789 8.400098 8.3924171 8.3847362 8.3772798 8.3698621 8.3624445 8.3550269 8.3476092 8.3602267 8.3786989 8.3971711 8.4156433 8.4341155 8.444228
-9999 8.443382 8.4445715 8.445761 8.4469505 8.4497017 8.4540209 8.4562647 8.4561132 8.4559617 8.4558101 8.4549343 8.4528133 8.4509808 8.4497259 8.4483541 8.4467468 8.4451395 8.4435322 8.4421809 8.4414199 8.440659 8.439898 8.4394688 8.4399225 8.4394148 8.4363306 8.4320003 8.424813 8.4176256 8.4104383 8.4083107 8.4159366 8.4235626 8.4311885 8.4370792 8.4401321 8.4409578 8.4385971 8.4362364 8.4338757 8.4304542 8.4260395 8.4195408 8.411544 8.4037621 8.3960812 8.3884003 8.3807194 8.3732629 8.3658453 8.3584277 8.3529408 8.366513 8.3811829 8.3996551 8.4181273 8.4365995 8.4409137 8.428831
-9999 8.4393667 8.4405562 8.4417457 8.4454232 8.4497425 8.4540617 8.4563055 8.456154 8.4560025 8.4545436 8.4524227 8.4503017 8.4484692 8.4472143 8.4459593 8.4446844 8.4430771 8.4414698 8.4401184 8.4393575 8.4385966 8.4385011 8.4389547 8.4394084 8.4389008 8.4358165 8.4327323 8.4294422 8.4222548 8.4150675 8.4129399 8.4205658 8.4281918 8.4329232 8.435976 8.4390289 8.4398546 8.4374939 8.4351332 8.4312347 8.42682 8.4224053 8.4159066 8.4079098 8.3999129 8.3920644 8.3843835 8.3767025 8.3692461 8.3618285 8.3603248 8.373897 8.3874693 8.4021392 8.4206114 8.4390836 8.4375994 8.4255167 8.413434
-9999 8.4353514 8.4368256 8.4411448 8.445464 8.4497833 8.4541025 8.4563463 8.4561948 8.454153 8.452032 8.4499111 8.4477901 8.4459576 8.4447027 8.4434478 8.4421928 8.4409379 8.4394074 8.438056 8.4372951 8.4375333 8.437987 8.4384407 8.4388943 8.4383867 8.4353025 8.4322182 8.429134 8.4260498 8.4196967 8.4175691 8.425195 8.4287671 8.43182 8.4348729 8.4379257 8.4387514 8.4363907 8.4320151 8.4276004 8.4231857 8.4187711 8.4122724 8.4042755 8.3962787 8.3882818 8.3803666 8.3726857 8.3652293 8.3677088 8.381281 8.3948533 8.4084255 8.4230955 8.4415677 8.4342851 8.4222024 8.4101197 8.398037
-9999 8.4325471 8.4368664 8.4411856 8.4455048 8.4498241 8.4541433 8.4558833 8.4537624 8.4516414 8.4495204 8.4473995 8.4452785 8.443446 8.4421911 8.4409362 8.4396812 8.4384263 8.4371714 8.4361119 8.4365655 8.4370192 8.4374729 8.4379266 8.4383803 8.4378726 8.4347884 8.4317042 8.4286199 8.4255357 8.4224514 8.4215582 8.4246111 8.4276639 8.4307168 8.4337697 8.4368225 8.4372102 8.4327956 8.4283809 8.4239662 8.4195515 8.4151368 8.4086382 8.4006413 8.3926445 8.3846476 8.3766508 8.3686689 8.3750928 8.3886651 8.4022373 8.4158095 8.4293818 8.4430535 8.4309708 8.4188881 8.4068054 8.3947227 8.38264
-9999 8.4314218 8.435741 8.4400603 8.4443795 8.4486987 8.4525334 8.4546971 8.454328 8.452207 8.4500861 8.4479651 8.4458441 8.4431767 8.440075 8.4388201 8.4375652 8.4363103 8.4350554 8.4343171 8.4347708 8.4352245 8.4356781 8.4361318 8.4361245 8.4359131 8.4365033 8.4334191 8.4303348 8.4272506 8.4241664 8.4231784 8.4262312 8.4292841 8.432337 8.4353898 8.4342759 8.4333694 8.4356234 8.4312087 8.426794 8.4223793 8.4179646 8.4080785 8.3975518 8.389555 8.3815581 8.3735613 8.3655644 8.3671451 8.3792106 8.3927828 8.4063551 8.4199273 8.430786 8.4291902 8.4171075 8.4050248 8.3929421 8.3808594
-9999 8.430073 8.4343922 8.4387115 8.4430307 8.4466055 8.4500466 8.4522103 8.4528997 8.4533624 8.4512415 8.4491205 8.4469995 8.4443321 8.4405703 8.4368086 8.435525 8.4342701 8.4330151 8.4322769 8.4327306 8.4331842 8.4336379 8.4332596 8.432363 8.4321517 8.4337771 8.4354025 8.4324769 8.4293927 8.4263085 8.4253205 8.4283733 8.4314262 8.4344791 8.4310853 8.4251448 8.4242383 8.4305335 8.435275 8.4308603 8.4264456 8.4220309 8.4121448 8.3983252 8.3865699 8.378573 8.3705762 8.3625793 8.36416 8.367396 8.3775 8.3910722 8.4046445 8.4155032 8.4169625 8.4179365 8.4058538 8.3937711 8.3816884
