mean_models/J1_mean_vp_slide_diff_5.dat.tif
NCOLS 118
NROWS 92
XLLCORNER 139.62
YLLCORNER -39.07
DX 0.099491525
DY 0.099347826
NODATA_VALUE -9999
[rows 0 to 26 of 92, columns 0 to 59 of 118]
-9999 -9999 -9999 -9999 -9999 -9999 -9999 -9999 -9999 -9999 -9999 -9999 -9999 -9999 -9999 -9999 -9999 -9999 -9999 -9999 -9999 -9999 -9999 -9999 -9999 -9999 -9999 -9999 -9999 -9999 -9999 -9999 -9999 -9999 -9999 -9999 -9999 -9999 -9999 -9999 -9999 -9999 -9999 -9999 -9999 -9999 -9999 -9999 -9999 -9999 -9999 -9999 -9999 -9999 -9999 -9999 -9999 -9999 -9999 -9999
-9999 6.0351253 6.0258285 6.0165318 6.007235 5.9979383 5.9889236 5.9796095 5.9661984 5.9505407 5.934883 5.9192254 5.9035677 5.8906948 5.8873385 5.8884993 5.88966 5.8908207 5.8919815 5.8946464 5.9007818 5.9069171 5.9130524 5.9191877 5.9247241 5.9288934 5.9410441 5.9555463 5.9700484 5.9845506 5.9990528 6.0136701 6.0285095 6.0433489 6.0581883 6.0730278 6.0863527 6.0986285 6.1159308 6.1335991 6.1512674 6.1689357 6.186604 6.2058743 6.2241795 6.2418087 6.2594379 6.2770671 6.2946963 6.3025468 6.3142726 6.3259984 6.3377242 6.3494499 6.3555639 6.3438598 6.3344437 6.3250275 6.3156114 6.3061952
-9999 6.0547879 6.0454911 6.0361944 6.0268976 6.0181023 6.009621 6.0003069 5.9900316 5.9780683 5.9624107 5.946753 5.9310953 5.9182225 5.9109264 5.9054712 5.9066319 5.9077927 5.9089534 5.9116184 5.9177537 5.923889 5.9300243 5.9344907 5.9363147 5.940484 5.950939 5.9621695 5.9766716 5.9911738 6.0056759 6.0202933 6.0351327 6.0499721 6.0648115 6.0768328 6.0859388 6.0982146 6.1150252 6.1321503 6.1498186 6.1674869 6.1851552 6.2044255 6.2248475 6.2436715 6.2613007 6.2789299 6.2965591 6.3041559 6.3100188 6.321031 6.3327568 6.3444826 6.3505965 6.3372717 6.3249228 6.3155067 6.3060905 6.2966744
-9999 6.0744504 6.0651537 6.0558569 6.047281 6.0387997 6.0303185 6.0210044 6.010729 6.0004537 5.9899383 5.9742806 5.9586229 5.9457501 5.938454 5.931158 5.9238619 5.9247646 5.9259253 5.9285903 5.9347256 5.9408609 5.9442573 5.9460813 5.9479053 5.9520745 5.9625296 5.9729846 5.9834397 5.997797 6.0122991 6.0269165 6.0417559 6.0565953 6.0673128 6.0764188 6.0855248 6.0978006 6.1146113 6.1314219 6.1483698 6.1660381 6.1837064 6.2029767 6.2233986 6.2438206 6.2631635 6.2807927 6.2984219 6.3060186 6.3118815 6.3177444 6.3277894 6.3395152 6.3456291 6.3323044 6.3189796 6.3059859 6.2965697 6.2871535
-9999 6.094113 6.0849409 6.0764597 6.0679784 6.0594972 6.051016 6.0417018 6.0314265 6.0211511 6.0108758 6.0006004 5.9861506 5.9732777 5.9659817 5.9586856 5.9513896 5.9440935 5.9428972 5.9455622 5.9516975 5.9540239 5.9558479 5.9576719 5.9594959 5.9636651 5.9741202 5.9845752 5.9950303 6.0054853 6.0189223 6.0335397 6.0483791 6.0577929 6.0668989 6.0760049 6.0851109 6.0973867 6.1141973 6.131008 6.1478186 6.1646292 6.1822576 6.2015279 6.2219498 6.2423718 6.2627937 6.2826554 6.3002846 6.3078814 6.3137443 6.3196072 6.3254701 6.3345478 6.3406617 6.327337 6.3140122 6.3006874 6.2873627 6.2776327
-9999 6.1141196 6.1056384 6.0971572 6.0886759 6.0801947 6.0717134 6.0623993 6.052124 6.0418486 6.0315732 6.0212979 6.0110225 6.0008053 5.9935093 5.9862132 5.9789172 5.9716212 5.9643251 5.9619664 5.9637904 5.9656144 5.9674384 5.9692625 5.9710865 5.9752557 5.9857107 5.9961658 6.0066208 6.0170759 6.0275309 6.0391669 6.0482729 6.0573789 6.0664849 6.0755909 6.0846969 6.0969727 6.1137834 6.130594 6.1474047 6.1642153 6.1810259 6.2000791 6.220501 6.2409229 6.2613449 6.2817668 6.3021474 6.3097442 6.3156071 6.32147 6.3273329 6.3331958 6.3356943 6.3223696 6.3090448 6.2957201 6.2823953 6.2690705
-9999 6.1330076 6.1245264 6.1160451 6.1075639 6.0990826 6.0925031 6.0849367 6.0746613 6.064386 6.0541106 6.0438353 6.0327493 6.0223249 6.0151561 6.00786 6.000564 5.9932679 5.9859719 5.9814336 5.9832576 5.9850816 5.9869056 5.9887297 5.987962 5.9846765 5.9880258 5.9984808 6.0089359 6.0193909 6.0298459 6.0398402 6.0489462 6.0580522 6.0671582 6.0762642 6.0849541 6.0967337 6.1135443 6.1303549 6.1471656 6.1639762 6.1779079 6.195462 6.2162885 6.2367105 6.2571324 6.2775544 6.2979763 6.3059846 6.3118475 6.3177104 6.3235733 6.3290793 6.3295409 6.3162161 6.3028914 6.2895666 6.2762419 6.2674512
-9999 6.1516089 6.1431277 6.1346464 6.1261652 6.1205512 6.1153319 6.1077655 6.0974902 6.0872148 6.0769395 6.0653225 6.053253 6.0428286 6.0356983 6.0285681 6.0212791 6.013983 6.006687 6.0021487 6.0039727 6.0057967 6.0076207 6.0049395 5.9997991 5.9965137 5.9982 5.9998863 6.0097814 6.0202364 6.0306915 6.0406857 6.0497917 6.0588977 6.0680037 6.0764799 6.0847428 6.0965223 6.1133329 6.1301436 6.1469542 6.15985 6.1722007 6.1897547 6.2110494 6.2320601 6.2524821 6.272904 6.293326 6.3013343 6.3071972 6.3130601 6.3182964 6.322738 6.3231995 6.3098748 6.29655 6.2832253 6.2758169 6.2697763
-9999 6.1702102 6.161729 6.1538185 6.1485993 6.14338 6.1381608 6.1305944 6.120319 6.1099651 6.0978956 6.0858262 6.0737567 6.0633323 6.056202 6.0490718 6.0419416 6.0346981 6.027402 6.0228638 6.0246878 6.0265118 6.0219171 6.0167767 6.0116363 6.0083509 6.0100372 6.0117235 6.0134098 6.0210819 6.031537 6.0415312 6.0506372 6.0597428 6.0680057 6.0762685 6.0845314 6.0963109 6.1131215 6.1294415 6.1417921 6.1541428 6.1664935 6.1840475 6.2053422 6.2266369 6.2478318 6.2682537 6.2886756 6.296684 6.3025468 6.3075134 6.311955 6.3163966 6.3168582 6.3035334 6.2902232 6.2841826 6.2781421 6.2721015
-9999 6.1888115 6.1818666 6.1766474 6.1714281 6.1662089 6.1609897 6.1534233 6.1425383 6.1304688 6.1183993 6.1063299 6.0942604 6.083836 6.0767057 6.0695755 6.0624453 6.0553151 6.0481171 6.0435788 6.0440351 6.0388947 6.0337543 6.0286139 6.0234735 6.0201881 6.0218744 6.0235607 6.025247 6.0269333 6.0323825 6.0423767 6.0512686 6.0595314 6.0677943 6.0760571 6.08432 6.0960995 6.1113836 6.1237342 6.1360849 6.1484356 6.1607863 6.1783403 6.199635 6.2209297 6.2422243 6.263519 6.2840253 6.2920336 6.2967305 6.3011721 6.3056137 6.3100553 6.3105168 6.2985889 6.2925483 6.2865078 6.2804672 6.2744267
-9999 6.2081803 6.2029611 6.1977418 6.1925226 6.1873034 6.1820841 6.1726163 6.1605468 6.1484773 6.1364079 6.1243384 6.1122689 6.1026391 6.0955089 6.0883786 6.0812484 6.0741182 6.066988 6.0604594 6.055319 6.0501786 6.0450382 6.0398979 6.0347575 6.0308692 6.0325555 6.0342418 6.0359281 6.0376144 6.0393007 6.0432333 6.0514962 6.059759 6.0680219 6.0762847 6.0845476 6.0936428 6.1059935 6.1183442 6.1306948 6.1430455 6.1553962 6.1706212 6.1919159 6.2132106 6.2345052 6.2557999 6.2770946 6.2840196 6.2884612 6.2929028 6.2973444 6.301786 6.3056604 6.2996198 6.2935793 6.2875387 6.2814982 6.2754576
-9999 6.2179081 6.2126889 6.2074696 6.2022504 6.1970312 6.1860794 6.1742721 6.1622026 6.1501331 6.1380637 6.1259942 6.1174414 6.110118 6.1031536 6.0960367 6.0889065 6.0817763 6.074646 6.0681175 6.0629771 6.0578367 6.0526963 6.0475559 6.0432108 6.0394419 6.036238 6.0373464 6.0390327 6.040719 6.0424053 6.0463379 6.0546008 6.0628637 6.0711265 6.0793894 6.0834634 6.0903312 6.1026819 6.1150326 6.1273833 6.1397339 6.1480188 6.1576865 6.1710114 6.1923061 6.2136008 6.2348955 6.2561902 6.2631152 6.2675568 6.2719984 6.27644 6.2871548 6.2982093 6.2921687 6.2861282 6.2800876 6.2740471 6.268169
-9999 6.2276359 6.2224167 6.2171974 6.2108955 6.1993153 6.1877352 6.1759279 6.1638584 6.1517889 6.1398978 6.1323951 6.1248925 6.1175691 6.1106047 6.1036403 6.0965645 6.0894343 6.0823041 6.0757756 6.0706352 6.0654948 6.0603544 6.0562974 6.0523177 6.0485488 6.0453448 6.0421409 6.0421373 6.0438236 6.0455099 6.0494426 6.0577054 6.0659683 6.0740812 6.0771165 6.0801519 6.0870196 6.0993703 6.111721 6.1234083 6.1314706 6.1395328 6.1492005 6.1600224 6.1714017 6.1926964 6.213991 6.2352857 6.2422108 6.2466523 6.2510939 6.263714 6.2797037 6.2907582 6.2847176 6.2786771 6.2726507 6.2667878 6.2609249
-9999 6.2373637 6.2321445 6.2241314 6.2125513 6.2009711 6.189391 6.1775836 6.1655142 6.1548515 6.1473488 6.1398462 6.1323436 6.1250202 6.1180558 6.1110914 6.104127 6.0970924 6.0899622 6.0834336 6.0782932 6.0733636 6.0693839 6.0654042 6.0614246 6.0576557 6.0544517 6.0512478 6.0480438 6.0469283 6.0486146 6.0525472 6.06081 6.0677343 6.0707696 6.0738049 6.0768403 6.0837081 6.0960587 6.1068601 6.1149224 6.1229846 6.1310468 6.1407146 6.1515365 6.1623583 6.1731802 6.1930866 6.2143813 6.2213063 6.2257479 6.2402732 6.2562629 6.2722526 6.2833071 6.2772666 6.2712695 6.2654066 6.2595437 6.2536808
-9999 6.2470915 6.2373674 6.2257872 6.2142071 6.2026269 6.1910468 6.1792394 6.1698052 6.1623026 6.1547999 6.1472973 6.1397947 6.1324713 6.1255069 6.1185425 6.111578 6.1046136 6.0976202 6.0910917 6.0864501 6.0824704 6.0784908 6.0745111 6.0705315 6.0667626 6.0635586 6.0603546 6.0571507 6.0539467 6.0517192 6.0556518 6.0613873 6.0644227 6.067458 6.0704933 6.0735287 6.0803965 6.0903119 6.0983742 6.1064364 6.1144986 6.1225609 6.1322286 6.1430505 6.1538724 6.1646943 6.1755162 6.1934768 6.2008427 6.2168324 6.2328221 6.2488118 6.2648016 6.275856 6.2698882 6.2640253 6.2581624 6.2522996 6.2464367
-9999 6.247752 6.2361719 6.2245917 6.2130115 6.2014314 6.1898512 6.1851882 6.1776856 6.1701829 6.1626803 6.1551777 6.147675 6.1407935 6.133896 6.1269316 6.1199672 6.1130028 6.1060384 6.0999765 6.0959969 6.0920172 6.0880376 6.0840579 6.0800782 6.0729975 6.0699891 6.0667851 6.0635811 6.0603772 6.0571732 6.0561004 6.0591357 6.062171 6.0652064 6.0682417 6.071277 6.0700207 6.0780829 6.0861452 6.0942074 6.1022696 6.1103319 6.1220984 6.1329202 6.1437421 6.154564 6.1653859 6.1762078 6.1930895 6.2090792 6.225069 6.2410587 6.2570484 6.2706501 6.2662865 6.2604236 6.2545607 6.2486978 6.2428349
-9999 6.239931 6.2283509 6.2167707 6.2051905 6.1951288 6.1936609 6.1906787 6.1859487 6.1790608 6.1715582 6.1640556 6.1565529 6.1496713 6.1440335 6.1375005 6.1305361 6.1235717 6.1166073 6.1105455 6.1065658 6.1025861 6.0986065 6.0946268 6.0813943 6.0708837 6.0695346 6.0669965 6.0637925 6.0605885 6.0573846 6.0563117 6.0593471 6.0623824 6.0654178 6.0682899 6.0674468 6.0648333 6.0596872 6.0652187 6.0732809 6.0813432 6.0894054 6.1024242 6.1189693 6.1297912 6.140613 6.1514349 6.1622568 6.1814236 6.2006241 6.2166138 6.2326035 6.2485932 6.2621949 6.2675248 6.2652853 6.2594224 6.2535595 6.2476966
-9999 6.23211 6.2205299 6.2089497 6.2018812 6.2004133 6.1989453 6.1959631 6.1912332 6.1865033 6.1804361 6.1729334 6.1654308 6.1585492 6.1529114 6.1472735 6.141105 6.1341406 6.1271762 6.1211144 6.1171347 6.113155 6.1071381 6.0932093 6.0792805 6.0687699 6.0674208 6.0660718 6.0640039 6.0607999 6.057596 6.0565231 6.0595585 6.0625938 6.0644827 6.0636396 6.0627965 6.060183 6.0550369 6.0498908 6.0523545 6.0604167 6.068479 6.0814977 6.0980796 6.1146616 6.1266621 6.137484 6.1483058 6.1674726 6.1880815 6.2081587 6.2241484 6.2401381 6.2537398 6.2590697 6.2643996 6.2642841 6.2584212 6.2525583
-9999 6.224289 6.2127089 6.2086335 6.2071656 6.2056977 6.2042298 6.2012476 6.1965177 6.1917877 6.1870578 6.1818113 6.1743087 6.1674271 6.1617893 6.1561514 6.1505136 6.1447096 6.1377452 6.1316833 6.1277036 6.1189532 6.1050244 6.0910955 6.0771667 6.0666561 6.0653071 6.063958 6.062609 6.0610113 6.0578073 6.0567345 6.0597698 6.0606756 6.0598324 6.0589893 6.0581461 6.0555327 6.0503866 6.0452405 6.0400943 6.0394903 6.0475525 6.0605713 6.0771532 6.0937351 6.110317 6.123533 6.1343549 6.1535216 6.1741306 6.1947395 6.2153485 6.231683 6.2452847 6.2506146 6.2559445 6.2612744 6.2632829 6.25742
-9999 6.2168538 6.2153859 6.213918 6.2124501 6.2109822 6.2095143 6.206532 6.2018021 6.1970722 6.1923423 6.1876123 6.1828824 6.176305 6.1706672 6.1650293 6.1593915 6.1537536 6.1481158 6.1422522 6.1307682 6.1168394 6.1029106 6.0889818 6.0750529 6.0645423 6.0631933 6.0618442 6.0604952 6.0591462 6.0577971 6.0569459 6.0568684 6.0560252 6.0551821 6.054339 6.0534958 6.0508824 6.0457362 6.0405901 6.035444 6.0302979 6.0266261 6.0396448 6.0562267 6.0728087 6.0893906 6.1059725 6.1204039 6.1395706 6.1601796 6.1807886 6.2013975 6.2220065 6.2368295 6.2421594 6.2474893 6.2528192 6.2581491 6.2622817
-9999 6.2150293 6.2135614 6.2120935 6.2106256 6.2091577 6.2069946 6.2021773 6.1974474 6.1927174 6.1879875 6.1832576 6.1783052 6.1738569 6.1713517 6.1657139 6.160076 6.1544382 6.1488003 6.1406554 6.1267266 6.1127978 6.0988689 6.0849401 6.0710113 6.0687161 6.0681884 6.0668394 6.0654903 6.0641413 6.0627923 6.061616 6.0607729 6.0599297 6.0590866 6.0582434 6.0564234 6.0492443 6.0440982 6.0389521 6.0338059 6.0286598 6.0245374 6.0285629 6.0442166 6.0607985 6.0773804 6.0939623 6.1105442 6.1305598 6.1511687 6.1717777 6.1923867 6.2129956 6.2256031 6.230933 6.2362629 6.2415928 6.2469227 6.2524471
-9999 6.2078425 6.2063746 6.2049067 6.2034388 6.2002618 6.1953688 6.1905515 6.1858216 6.1810916 6.1763617 6.170492 6.1626632 6.1582149 6.1605364 6.160218 6.1545802 6.1489423 6.1433045 6.1351596 6.1212307 6.1073019 6.0933731 6.0823426 6.0790263 6.0767485 6.0772544 6.0771969 6.0758479 6.0744989 6.0731498 6.0719736 6.0711304 6.0702873 6.0694441 6.0656576 6.0570575 6.0498784 6.0447323 6.0395862 6.0344401 6.0311544 6.0296105 6.033636 6.0416651 6.055514 6.0720959 6.0886779 6.1052598 6.1252753 6.1458843 6.1664932 6.1864812 6.2003389 6.2122863 6.2176162 6.2229461 6.228276 6.2339352 6.2399757
-9999 6.2006556 6.1991877 6.1977198 6.193529 6.188636 6.183743 6.1789257 6.1741957 6.1694658 6.1626789 6.15485 6.1470212 6.1425729 6.1448944 6.1472158 6.1490843 6.1434465 6.1378086 6.1296637 6.1157349 6.1018061 6.0936914 6.090375 6.0870586 6.0847808 6.0852867 6.0857926 6.0862054 6.0848564 6.0835074 6.0823311 6.081488 6.0806448 6.0748919 6.0662918 6.0576916 6.0505126 6.0453664 6.0402203 6.0377713 6.0362274 6.0346836 6.0387091 6.0467382 6.0547673 6.0668115 6.0833934 6.0999753 6.1199909 6.1405998 6.1593066 6.1731644 6.1870221 6.1989694 6.2042993 6.2096293 6.2154233 6.2214639 6.2275044
-9999 6.1934687 6.1916893 6.1867962 6.1819032 6.1770102 6.1721172 6.1672999 6.1625699 6.1548657 6.1470369 6.139208 6.1313792 6.1269309 6.1292524 6.1315738 6.1338953 6.1362168 6.1323128 6.1241679 6.1102391 6.1050402 6.1017238 6.0984074 6.095091 6.0928132 6.0933191 6.093825 6.0943309 6.0948368 6.0938649 6.0926887 6.0918455 6.0841261 6.075526 6.0669259 6.0583258 6.0511467 6.0460006 6.0443882 6.0428444 6.0413005 6.0397567 6.0437821 6.0518113 6.0598404 6.0678696 6.0781089 6.0946909 6.1147064 6.132132 6.1459898 6.1598475 6.1737053 6.1856526 6.1909825 6.1969114 6.202952 6.2089925 6.2150331
-9999 6.1849565 6.1800635 6.1751704 6.1702774 6.1653844 6.1604914 6.1548814 6.1470525 6.1392237 6.1313949 6.123566 6.1157372 6.1112889 6.1136104 6.1159318 6.1182533 6.1205748 6.1228962 6.1197053 6.1163889 6.1130725 6.1097562 6.1064398 6.1031234 6.1008456 6.1013515 6.1018574 6.1023633 6.1028692 6.103375 6.1019605 6.0933604 6.0847603 6.0761601 6.06756 6.0589599 6.0525489 6.0510051 6.0494613 6.0479174 6.0463736 6.0448298 6.0488552 6.0568844 6.0649135 6.0729426 6.0809718 6.0894064 6.1049574 6.1188152 6.1326729 6.1465307 6.1603884 6.172359 6.1783995 6.1844401 6.1904807 6.1965212 6.2025618
-9999 6.1752819 6.1703889 6.1654958 6.1606028 6.1557098 6.1551366 6.1559524 6.1519869 6.144158 6.1363292 6.1285003 6.1206715 6.1129649 6.1080791 6.1104006 6.1127221 6.1150435 6.117365 6.1179817 6.1146653 6.1113489 6.1080325 6.1047161 6.1064389 6.1119765 6.1040624 6.1045683 6.1050742 6.1055801 6.106086 6.1034815 6.0948814 6.0862813 6.0776812 6.0690811 6.0636061 6.0596209 6.0546591 6.0531153 6.0515715 6.0500276 6.0484838 6.0515953 6.0589419 6.0669711 6.0750002 6.0830294 6.0910585 6.1045118 6.1184472 6.132305 6.1461627 6.1600205 6.1722464 6.1786997 6.1847403 6.1907808 6.1968214 6.202862
-9999 6.1659812 6.1610882 6.1561952 6.1513022 6.1530463 6.1559821 6.1567979 6.1551669 6.1530359 6.1452071 6.1373782 6.1295494 6.1218428 6.1143809 6.106919 6.1091286 6.1114501 6.1137716 6.1143882 6.1110719 6.1077555 6.1044391 6.1102166 6.1216581 6.1271957 6.1169093 6.1066229 6.1067652 6.1072711 6.107777 6.1051726 6.0965725 6.0879723 6.0793722 6.0756072 6.0737523 6.069767 6.062734 6.0564973 6.0549535 6.0534097 6.0518658 6.0549774 6.0614356 6.0684507 6.0764799 6.084509 6.0925382 6.1059914 6.1203822 6.1344188 6.1482765 6.1621343 6.1743602 6.1809338 6.1874882 6.1935288 6.1995693 6.2056099
