mean_models/J1_mean_vp_slide_diff2_25.dat.tif
NCOLS 118
NROWS 92
XLLCORNER 139.62
YLLCORNER -39.07
DX 0.099491525
DY 0.099347826
NODATA_VALUE -9999
[rows 0 to 24 of 92, columns 57 to 113 of 118]
-9999 -9999 -9999 -9999 -9999 -9999 -9999 -9999 -9999 -9999 -9999 -9999 -9999 -9999 -9999 -9999 -9999 -9999 -9999 -9999 -9999 -9999 -9999 -9999 -9999 -9999 -9999 -9999 -9999 -9999 -9999 -9999 -9999 -9999 -9999 -9999 -9999 -9999 -9999 -9999 -9999 -9999 -9999 -9999 -9999 -9999 -9999 -9999 -9999 -9999 -9999 -9999 -9999 -9999 -9999 -9999 -9999
0.067370135 0.062820885 0.058271635 0.053084421 0.063889759 0.079166505 0.094443251 0.10972 0.12499674 0.1456804 0.16355667 0.18143295 0.19930923 0.2171855 0.22932838 0.23413474 0.23894111 0.24374747 0.24855383 0.24730773 0.25680096 0.25760327 0.25840559 0.2592079 0.26001022 0.25746263 0.25336733 0.24927204 0.24517674 0.24226664 0.24697439 0.25223326 0.25892134 0.26560943 0.27229751 0.27923386 0.29424967 0.30926548 0.32428129 0.33929709 0.33942322 0.34371077 0.34330744 0.34290412 0.3425008 0.34209747 0.35587559 0.36643304 0.37651491 0.38659678 0.39667866 0.3833431 0.37520448 0.36842055 0.36163662 0.35485269 -9999
0.084895919 0.080346669 0.075797419 0.070610205 0.064989467 0.072347104 0.08762385 0.1029006 0.11817734 0.13948664 0.16090243 0.17877871 0.19665498 0.21453126 0.22667414 0.2314805 0.23628686 0.24109322 0.23870702 0.23582209 0.24813651 0.25881055 0.25961287 0.26041518 0.2612175 0.25866991 0.25457462 0.25047932 0.2485583 0.25410579 0.25881355 0.26200816 0.2669087 0.27359679 0.28028487 0.28722122 0.30223703 0.31725284 0.33226864 0.33097829 0.3227599 0.32814967 0.33447873 0.33407541 0.33367209 0.33326876 0.34704688 0.36758571 0.37856313 0.38864501 0.39872688 0.38539133 0.35953587 0.35063128 0.34384735 0.33706343 -9999
0.1024217 0.097872454 0.093323204 0.088135989 0.082515251 0.076894513 0.08080445 0.096081196 0.11135794 0.13266724 0.15418382 0.1757004 0.19400074 0.21187702 0.2240199 0.22882626 0.23333163 0.2302765 0.22722138 0.22433644 0.23665086 0.24896529 0.26082015 0.26162247 0.26242478 0.2598772 0.2557819 0.25484995 0.26039745 0.26594495 0.2706527 0.27384732 0.27704194 0.28158414 0.28827223 0.29520858 0.31022439 0.3252402 0.32253336 0.31431497 0.30609658 0.31148635 0.31832544 0.32516452 0.32484338 0.32444005 0.33821817 0.358757 0.37929583 0.39069323 0.4007751 0.38743955 0.36158409 0.33572863 0.32605809 0.31927416 -9999
0.099007689 0.11384188 0.11084899 0.10566177 0.10004104 0.094420297 0.088799559 0.089261796 0.10453854 0.12584784 0.14736442 0.168881 0.19039758 0.20922277 0.22136565 0.22490111 0.22184599 0.21879086 0.21573573 0.2128508 0.22516522 0.23747964 0.24979407 0.26210849 0.26363206 0.26108448 0.26114161 0.26668911 0.27223661 0.2777841 0.28249186 0.28568648 0.28888109 0.29207571 0.29625958 0.30319594 0.31821175 0.31408843 0.30587004 0.29765165 0.28943326 0.29482303 0.30166212 0.3085012 0.31534029 0.31561134 0.32938946 0.34992829 0.37046712 0.39100596 0.40282332 0.38948777 0.36363231 0.33777685 0.31192139 0.3014849 -9999
0.093952127 0.10878631 0.1236205 0.12318756 0.11756682 0.11194608 0.10632534 0.10070461 0.097719141 0.11902844 0.14054502 0.1620616 0.18357818 0.20509476 0.2164706 0.21341547 0.21036034 0.20730522 0.20425009 0.20136515 0.21367958 0.225994 0.23830842 0.25062285 0.26293727 0.26743327 0.27298077 0.27852827 0.28407576 0.28962326 0.29433102 0.29752563 0.30072025 0.30391487 0.30710948 0.3111833 0.3056435 0.29742511 0.28920672 0.28098833 0.27276994 0.27815971 0.2849988 0.29183788 0.29867697 0.30551605 0.32056075 0.34109958 0.36163841 0.38217724 0.40271608 0.39153599 0.36568053 0.33982507 0.31396961 0.28811415 -9999
0.12806869 0.14290287 0.14167535 0.13170966 0.1245079 0.11888717 0.11326643 0.10764569 0.10202495 0.12264004 0.14415662 0.1656732 0.18718978 0.20251844 0.2054922 0.20243707 0.19938195 0.19632682 0.19329949 0.20932762 0.21379809 0.22611251 0.23842694 0.25074136 0.26305578 0.27074172 0.27628922 0.28183671 0.28738421 0.29505766 0.29871355 0.29293131 0.29612592 0.29932054 0.30251516 0.30536952 0.29715113 0.28893274 0.28071435 0.27249596 0.27572789 0.28243111 0.2892702 0.29610929 0.30294837 0.3065514 0.32101161 0.34155044 0.36208927 0.3826281 0.3939774 0.37865473 0.35279927 0.32694381 0.30108835 0.29008423 -9999
0.16839122 0.16226694 0.15129729 0.14133161 0.13204816 0.12415133 0.11853059 0.11290986 0.10728912 0.1279042 0.14942078 0.17093736 0.18393513 0.1916204 0.19459417 0.19153904 0.18848391 0.18828669 0.2044478 0.22047593 0.22462773 0.22877953 0.24038388 0.2526983 0.26501272 0.27269866 0.27824616 0.28379365 0.29228167 0.30429236 0.30794824 0.29654952 0.28892807 0.29212268 0.2953173 0.29817167 0.28995328 0.28173489 0.2735165 0.2778884 0.28331595 0.29001918 0.29685826 0.30369735 0.30676288 0.30847241 0.32293262 0.34347145 0.36401028 0.37435287 0.37873089 0.36340822 0.33755276 0.3116973 0.30239669 0.30388787 -9999
0.18285854 0.17188889 0.16091923 0.15095355 0.1416701 0.13238665 0.12379476 0.11817402 0.11255328 0.13316837 0.15468495 0.16535183 0.1730371 0.18072237 0.18369613 0.18064101 0.18327389 0.199435 0.21559611 0.23162423 0.23577603 0.23992783 0.24407963 0.25465524 0.26696966 0.2746556 0.2802031 0.28950568 0.30151637 0.31352706 0.31718294 0.30578422 0.29438549 0.28492483 0.28811945 0.29097381 0.28275542 0.27462135 0.2800489 0.28547646 0.29090401 0.29760724 0.30444632 0.30697435 0.30868388 0.31039341 0.32485362 0.34539245 0.35472833 0.35910636 0.36348438 0.34816171 0.32230625 0.31470915 0.31620033 0.31769151 -9999
0.19248048 0.18151083 0.17054118 0.16057549 0.15129204 0.1420086 0.13272515 0.1234417 0.11781745 0.13843254 0.14676853 0.1544538 0.16213907 0.16982433 0.1727981 0.17826109 0.19442219 0.2105833 0.22674441 0.24277254 0.24692434 0.25107614 0.25522794 0.25937974 0.2689266 0.27661254 0.28672968 0.29874037 0.31075106 0.32276176 0.32641764 0.31501891 0.30362019 0.29222146 0.28092159 0.28377596 0.27678185 0.28220941 0.28763696 0.29306452 0.29849207 0.3051953 0.30718582 0.30889536 0.31060489 0.31231442 0.32677463 0.3351038 0.33948182 0.34385985 0.34823787 0.33291521 0.32702161 0.32851279 0.33000397 0.33149515 -9999
0.20330098 0.19233133 0.18136168 0.16930921 0.16002576 0.15074231 0.14145887 0.13217542 0.12289197 0.13001354 0.13769881 0.14538408 0.15306935 0.16075462 0.1711453 0.18730641 0.20346752 0.21962863 0.23578974 0.25232995 0.2573499 0.2615017 0.2656535 0.2698053 0.2739571 0.28348428 0.29549497 0.30750566 0.31951635 0.33152704 0.33496016 0.32356144 0.31216271 0.30076399 0.28936526 0.27846817 0.28389573 0.28932328 0.29475084 0.30017839 0.30576313 0.3081728 0.30988233 0.31159187 0.3133014 0.31501093 0.31865863 0.32303665 0.32741468 0.3317927 0.33617073 0.33619228 0.33768346 0.33917464 0.34066582 0.342157 -9999
0.22197651 0.21100686 0.18238825 0.16804823 0.16293831 0.15365486 0.14437141 0.13508797 0.12580452 0.13292609 0.14061136 0.14829663 0.15598189 0.15875774 0.16640827 0.18256938 0.19873049 0.2148916 0.23189204 0.25092273 0.2615105 0.26719061 0.27134241 0.27549421 0.27964601 0.28917318 0.30118387 0.31319456 0.32520526 0.33621058 0.33884652 0.32756764 0.31616891 0.30477019 0.29337146 0.28247437 0.28790193 0.29332948 0.29875704 0.30455857 0.31354207 0.31595174 0.31766127 0.3193708 0.32108033 0.32361597 0.32742815 0.33180617 0.3361842 0.34056222 0.33002936 0.32626371 0.32775489 0.32924607 0.33073725 0.3335632 -9999
0.23911622 0.20884983 0.17858344 0.16424342 0.16072604 0.15656741 0.14728396 0.13800051 0.12871707 0.13583864 0.14352391 0.15120917 0.1530211 0.15402072 0.16167124 0.17783235 0.19399346 0.2113596 0.23048482 0.2495155 0.26010328 0.27069106 0.27703131 0.28118311 0.28533491 0.29486209 0.30687278 0.31888347 0.32971847 0.34006859 0.34270453 0.33144021 0.32017511 0.30877639 0.29737766 0.28648057 0.29190813 0.29733568 0.303354 0.3123375 0.321321 0.32373067 0.3254402 0.32714974 0.32976025 0.33238548 0.33619766 0.34057569 0.34495371 0.33369889 0.32010079 0.31633514 0.31782632 0.3193175 0.32221013 0.32536162 -9999
0.2353114 0.20504501 0.17477863 0.16043861 0.15692122 0.15340384 0.14988646 0.14091306 0.13162961 0.13875118 0.14628483 0.14728445 0.14828407 0.14928369 0.15693422 0.17309532 0.19082716 0.20995238 0.2290776 0.24810828 0.25869606 0.26928384 0.27987161 0.28687202 0.29102382 0.30055099 0.31256168 0.32322635 0.33357647 0.3439266 0.34656254 0.33529822 0.3240339 0.31276958 0.30138386 0.29048677 0.29591433 0.30214944 0.31113294 0.32011644 0.32909994 0.33150961 0.33327929 0.33590453 0.33852976 0.341155 0.34496718 0.3493452 0.33736842 0.32377032 0.31017221 0.30640656 0.30789774 0.31085706 0.31400855 0.31716005 -9999
0.23150659 0.2012402 0.17097381 0.15663379 0.15311641 0.14959903 0.14608165 0.14256427 0.13454216 0.14054819 0.1415478 0.14254742 0.14354704 0.14454666 0.15219719 0.17029472 0.18941994 0.20854516 0.22767038 0.24670106 0.25728884 0.26787661 0.27846439 0.28905217 0.29671272 0.3062399 0.31673424 0.32708436 0.33743448 0.3477846 0.35042054 0.33915622 0.32789191 0.31662759 0.30536327 0.29449298 0.30094488 0.30992837 0.31891187 0.32789537 0.33687887 0.33942357 0.3420488 0.34467404 0.34729928 0.34992452 0.35373669 0.34103795 0.32743985 0.31384174 0.30024364 0.29647799 0.29950399 0.30265548 0.30580698 0.30895847 -9999
0.23422018 0.20395379 0.1736874 0.15635354 0.15283616 0.14931878 0.1458014 0.14228402 0.13876664 0.13651342 0.13751304 0.13851266 0.13951228 0.1405119 0.1494627 0.16858791 0.18771313 0.20683835 0.22596357 0.24196529 0.25395302 0.26454079 0.27512857 0.28571634 0.29630412 0.30672934 0.31707946 0.32742959 0.33777971 0.34812983 0.35296653 0.34170222 0.3304379 0.31917358 0.30790926 0.29724858 0.30623208 0.31521558 0.32419908 0.33318258 0.34153728 0.34340702 0.34603226 0.3486575 0.35128273 0.35390797 0.3453554 0.3317573 0.31815919 0.30456109 0.29096298 0.29212471 0.2952762 0.2984277 0.30157919 0.30473069 -9999
0.25208017 0.22181378 0.19154739 0.17222784 0.16074573 0.15722835 0.15371097 0.15019359 0.14667621 0.13899368 0.13511009 0.13610971 0.13710933 0.13810895 0.14705975 0.16618496 0.18531018 0.2044354 0.21907317 0.22933797 0.2441975 0.2567236 0.26731137 0.27789915 0.28848692 0.29891215 0.30926227 0.31961239 0.32996251 0.3333095 0.33582466 0.33957869 0.32993524 0.31867092 0.3074066 0.29674593 0.30572943 0.31471293 0.32369643 0.33182249 0.3380692 0.33804122 0.33889465 0.34151988 0.34414512 0.34677036 0.33800321 0.32398217 0.31038406 0.29678596 0.28318785 0.28834405 0.30028207 0.30343356 0.30658505 0.30973655 -9999
0.26994016 0.23967377 0.20940738 0.19008783 0.17820712 0.16632641 0.16162053 0.15810315 0.15458577 0.14690325 0.13907761 0.13370676 0.13470638 0.135706 0.1446568 0.16378202 0.18290723 0.19623249 0.20644585 0.21671065 0.23157018 0.24642971 0.25949418 0.27008195 0.28066973 0.29109495 0.30144508 0.3117952 0.31406809 0.31589573 0.31841089 0.32216491 0.32591894 0.31816826 0.30690395 0.29624327 0.30522677 0.31421027 0.32210771 0.32835441 0.33460111 0.33457314 0.33387689 0.33438227 0.33700751 0.33963274 0.33086559 0.31666736 0.30260893 0.28901083 0.27541272 0.28056892 0.29575192 0.30843942 0.31159092 0.31474241 -9999
0.27047655 0.25753376 0.22726737 0.20794782 0.19606712 0.18418641 0.1723057 0.16601272 0.16249534 0.15481282 0.14698718 0.13916153 0.13230343 0.13330305 0.14225385 0.16137907 0.17339181 0.18360517 0.19381853 0.20408333 0.21894286 0.23380239 0.24866192 0.26226476 0.27285254 0.28327776 0.29299903 0.29482667 0.29665432 0.29848196 0.30099712 0.30475114 0.30850516 0.31225919 0.30640129 0.29574061 0.30472411 0.31239292 0.31863962 0.32488632 0.33113303 0.33110505 0.3304088 0.32971255 0.32986989 0.33249513 0.32372798 0.30952974 0.29533151 0.2812357 0.26763759 0.27279379 0.28797679 0.3031598 0.31659678 0.31974827 -9999
0.25902851 0.25339551 0.24512736 0.22580782 0.21392711 0.2020464 0.19016569 0.17828498 0.17040491 0.16272238 0.15489674 0.1470711 0.13924546 0.13141982 0.1398509 0.15055114 0.16076449 0.17097785 0.18119121 0.19145601 0.20631554 0.22117507 0.2360346 0.25089413 0.26503534 0.27375762 0.27558526 0.2774129 0.27924054 0.28106818 0.28358335 0.28733737 0.29109139 0.29484541 0.29859944 0.29523795 0.30267813 0.30892484 0.31517154 0.32141824 0.32766494 0.32763697 0.32694072 0.32624447 0.32554822 0.32535752 0.31659037 0.30239213 0.28819389 0.27399566 0.25986246 0.26501866 0.28020166 0.29538467 0.31056767 0.32475413 -9999
0.24490366 0.23927066 0.23369001 0.2262839 0.21466314 0.20278243 0.19090172 0.17902101 0.1671403 0.15917995 0.15135431 0.14352867 0.13570303 0.12884818 0.13413777 0.14435113 0.15456449 0.16477784 0.1749912 0.17897578 0.18659918 0.20145871 0.21631823 0.23117776 0.24603729 0.25198319 0.25381083 0.25563847 0.25746611 0.25929375 0.27879895 0.28437629 0.28813031 0.29188433 0.29563835 0.29946669 0.30571339 0.31196009 0.3182068 0.3244535 0.32949795 0.32924803 0.32855178 0.32785553 0.32715928 0.32682583 0.317368 0.30316977 0.28897153 0.27477329 0.26439697 0.27452196 0.28970496 0.30488797 0.32007097 0.33128296 -9999
0.22875964 0.2232153 0.21777365 0.21036754 0.2016265 0.19060154 0.17872083 0.16684012 0.15495941 0.14699906 0.13917342 0.13134778 0.1260547 0.12749642 0.13278601 0.14299936 0.15321272 0.16342608 0.16599633 0.16682935 0.17021732 0.17639494 0.19125447 0.206114 0.22097353 0.22691942 0.22874706 0.2305747 0.23526161 0.2600014 0.27953497 0.28968743 0.29607116 0.29982518 0.3035792 0.30740754 0.31365424 0.31990094 0.32614765 0.33099947 0.33494031 0.33469039 0.33399414 0.33329789 0.33308829 0.33357408 0.32411626 0.30991802 0.29571978 0.2862693 0.2869337 0.2970587 0.3122417 0.3274247 0.33756859 0.33560522 -9999
0.21274059 0.20729893 0.20185728 0.19445117 0.18571013 0.17696909 0.16653994 0.15465923 0.14277852 0.13481817 0.12699253 0.12326121 0.12470293 0.12614466 0.13143424 0.1416476 0.15186096 0.15304549 0.1538499 0.15468291 0.15807088 0.16145885 0.1661907 0.18105023 0.19590976 0.20185566 0.2036833 0.21125784 0.23599763 0.26073742 0.28027099 0.29042344 0.3005759 0.30776603 0.31152006 0.31534839 0.32159509 0.32784179 0.33250099 0.33644183 0.34038267 0.34013275 0.3394365 0.33935076 0.33983655 0.34032233 0.33086451 0.31666627 0.30814163 0.30880604 0.30947044 0.31959543 0.33477844 0.34385422 0.34189085 0.33992749 -9999
0.19682422 0.19138257 0.18594091 0.1785348 0.16979376 0.16105272 0.15231168 0.14247834 0.13059763 0.12263728 0.12046772 0.12190945 0.12335117 0.12479289 0.13008248 0.13929024 0.14009465 0.14089906 0.14170346 0.14253648 0.14592445 0.14931242 0.15270038 0.15608835 0.170846 0.17679189 0.18725407 0.21199386 0.23673365 0.26147344 0.28100701 0.29115946 0.30131192 0.31146437 0.31946091 0.32328924 0.32953594 0.33400251 0.33794334 0.34188418 0.34582502 0.3455751 0.34561323 0.34609902 0.3465848 0.34707059 0.33761277 0.33001397 0.33067837 0.33134277 0.33200718 0.34213217 0.35013985 0.34817648 0.34621312 0.34424975 -9999
0.18090785 0.1754662 0.17002454 0.16261843 0.15387739 0.14513635 0.13639531 0.12765427 0.11841675 0.11767424 0.11911596 0.12055768 0.1219994 0.12344113 0.1263394 0.12714381 0.12794821 0.12875262 0.12955703 0.13039005 0.13377801 0.13716598 0.14055395 0.14394192 0.14732989 0.1632503 0.18799009 0.21272988 0.23746967 0.26220945 0.28174303 0.29189548 0.30204794 0.31220039 0.32235284 0.33123009 0.33550402 0.33944486 0.3433857 0.34732654 0.35126738 0.3518757 0.35236148 0.35284727 0.35333306 0.35381884 0.3518863 0.3525507 0.35321511 0.35387951 0.35454392 0.35642548 0.35446211 0.35249875 0.35053538 0.34857202 -9999
