mean_models/J1_mean_vp_slide_diff2_30.dat.tif
NCOLS 118
NROWS 92
XLLCORNER 139.62
YLLCORNER -39.07
DX 0.099491525
DY 0.099347826
NODATA_VALUE -9999
[rows 26 to 51 of 92, columns 0 to 56 of 118]
-9999 0.28976508 0.29285862 0.29595215 0.29904568 0.31249664 0.32780725 0.34178632 0.35422863 0.36467798 0.3524141 0.34015022 0.32788634 0.31555422 0.30308544 0.29061667 0.29444448 0.29846079 0.3024771 0.30955739 0.32370641 0.33785543 0.35200445 0.37500295 0.40351324 0.42371879 0.42166555 0.41961232 0.44209185 0.46542666 0.48876147 0.50434089 0.50497038 0.50559988 0.50622937 0.51783407 0.53377447 0.53558367 0.51717619 0.50045692 0.49368584 0.48691475 0.48014367 0.46912353 0.45504879 0.44010144 0.42356525 0.40702906 0.39049287 0.37829121 0.36683867 0.34925523 0.32857574 0.30789624 0.28874114 0.27486634 0.26118152
-9999 0.27162819 0.27472172 0.27957183 0.29488244 0.31019304 0.32550365 0.33948272 0.35192503 0.36436734 0.37680966 0.36986579 0.35760191 0.34526979 0.33280101 0.32033224 0.30786346 0.30716197 0.31117828 0.31825856 0.33240759 0.34655661 0.37350089 0.40201118 0.43052147 0.45072702 0.44867379 0.44662055 0.44456732 0.46061083 0.48394564 0.49952505 0.50015455 0.50078404 0.51627015 0.53221055 0.54815094 0.54996014 0.53155267 0.51314519 0.49473772 0.48695217 0.48018108 0.46916094 0.45508621 0.44101147 0.42658352 0.41004733 0.39351115 0.38130948 0.36985694 0.3584044 0.34257194 0.32189245 0.30273735 0.28886254 0.27498774
-9999 0.25349129 0.26195763 0.27726823 0.29257884 0.30788944 0.32320005 0.33717912 0.34962143 0.36206374 0.37450605 0.38694837 0.38731748 0.37498536 0.36251658 0.35004781 0.33757903 0.32511026 0.31987945 0.32695974 0.34348854 0.37199883 0.40050912 0.42901942 0.45752971 0.47773526 0.47568202 0.47362879 0.47157555 0.46952232 0.4791298 0.49470922 0.49876583 0.51470623 0.53064662 0.54658702 0.56252742 0.56433662 0.54592914 0.52752167 0.50911419 0.49070672 0.4802185 0.46919836 0.45512362 0.44104889 0.42697415 0.41289942 0.39652942 0.38432775 0.37287521 0.36142267 0.34997013 0.33588866 0.31673355 0.30285875 0.28898395
-9999 0.2454664 0.26077701 0.27608761 0.29139821 0.30670882 0.32201942 0.33417702 0.34661933 0.35906165 0.37150396 0.38394627 0.39638858 0.40506954 0.39260077 0.38013199 0.36766322 0.35519444 0.34272567 0.34264835 0.37115864 0.39966893 0.42817922 0.45668951 0.4851998 0.50352094 0.50146771 0.49941447 0.49736124 0.495308 0.49325477 0.49734757 0.51328797 0.52922836 0.54516876 0.56110916 0.57704956 0.57666075 0.55825327 0.53984579 0.52143832 0.50303084 0.48462337 0.46855939 0.45448466 0.44040992 0.42633519 0.41226045 0.39818572 0.38488011 0.37342757 0.36197503 0.35052249 0.33906995 0.327907 0.3140322 0.30015739
-9999 0.25353049 0.26884109 0.28415169 0.2994623 0.3147729 0.31717994 0.32411024 0.337867 0.35030931 0.36275163 0.37519394 0.38763625 0.40272144 0.42309912 0.41325075 0.40078198 0.3883132 0.37584443 0.37576711 0.4042774 0.43278769 0.46129798 0.48980827 0.49519034 0.49635489 0.51478139 0.51513574 0.5130825 0.51102927 0.50897603 0.51306883 0.52900923 0.54494963 0.56089003 0.57683042 0.57900573 0.5711159 0.55368179 0.53527432 0.51686684 0.49845936 0.48005189 0.46337931 0.44827753 0.4342028 0.42012806 0.40605333 0.39197859 0.3704358 0.35367976 0.34222722 0.33077468 0.31932214 0.30877366 0.30135675 0.28809297
-9999 0.26159457 0.27690517 0.29221578 0.30470959 0.30569244 0.30667529 0.31360558 0.3274 0.34119442 0.35399929 0.36644161 0.37888392 0.3939691 0.41434679 0.43472448 0.43390074 0.42143196 0.40896319 0.40888587 0.43739616 0.46590645 0.49441674 0.49051599 0.48524012 0.48640468 0.50483118 0.52325769 0.52880377 0.52675053 0.5246973 0.5287901 0.5447305 0.56067089 0.57567952 0.57442846 0.57317739 0.56528757 0.54790005 0.53051253 0.51229536 0.49388788 0.47548041 0.45880783 0.44338246 0.42799567 0.41392094 0.3998462 0.38577147 0.36422867 0.34139519 0.32247941 0.31102687 0.29957433 0.28902585 0.28160894 0.27419202
-9999 0.26965865 0.28496926 0.29322209 0.29420494 0.29518778 0.29617063 0.30310092 0.31689534 0.33068976 0.34448418 0.35768927 0.37013159 0.38521677 0.40559446 0.42597215 0.44634984 0.45455072 0.44208195 0.44200463 0.47051492 0.49111752 0.48584165 0.48056578 0.47528991 0.47645446 0.49488097 0.51330747 0.53173398 0.5424718 0.54041856 0.54451136 0.56045176 0.57110225 0.56985118 0.56860012 0.56734906 0.55945923 0.54207171 0.5246842 0.50729668 0.4893164 0.47090893 0.45423635 0.43881098 0.4233856 0.40796023 0.39363908 0.37956434 0.35802155 0.33518806 0.31235458 0.29127906 0.27982652 0.26927804 0.26186112 0.25444421
-9999 0.27772274 0.28173458 0.28271743 0.28370028 0.28468312 0.28566597 0.29259626 0.30639068 0.3201851 0.33397952 0.34777394 0.36137925 0.37646444 0.39684213 0.41721982 0.4375975 0.45797519 0.47520071 0.47512339 0.48644318 0.48116731 0.47589144 0.47061557 0.4653397 0.46650425 0.48493076 0.50335726 0.52178377 0.54021027 0.55613983 0.56023263 0.56652498 0.56527391 0.56402285 0.56277178 0.56152072 0.55363089 0.53624338 0.51885586 0.50146835 0.48408083 0.46633745 0.44966487 0.4342395 0.41881412 0.40338875 0.38796337 0.37335722 0.35181442 0.32898094 0.30614745 0.28331397 0.26048049 0.24953023 0.24211331 0.2346964
-9999 0.27548833 0.27647117 0.27745402 0.27843687 0.27941971 0.28040256 0.29004619 0.30372358 0.31751799 0.33131241 0.34510683 0.35890125 0.37209489 0.39114254 0.41152023 0.43189792 0.45227561 0.4726533 0.48527373 0.47999786 0.47472199 0.46944612 0.46417025 0.45889438 0.46238996 0.47790036 0.49632687 0.51475337 0.53317988 0.55160638 0.56331167 0.56206061 0.56080954 0.55955848 0.55830742 0.55705635 0.54439905 0.52692545 0.50953793 0.49215042 0.4747629 0.45737539 0.43702534 0.42159996 0.40617459 0.39074921 0.37532384 0.35989846 0.34146136 0.31862788 0.2957944 0.27296091 0.25012743 0.2333447 0.22865028 0.22123336
-9999 0.27886918 0.27985202 0.28083487 0.28181772 0.28524527 0.29471017 0.30465875 0.31516554 0.32777717 0.34157159 0.35536601 0.36916042 0.38235407 0.39434462 0.41085546 0.43123315 0.45161084 0.47198853 0.48460897 0.4793331 0.47405723 0.46878136 0.46431856 0.47139672 0.47781587 0.4824687 0.49411206 0.51253856 0.53096507 0.54939157 0.56109686 0.5598458 0.55859474 0.55734367 0.55456238 0.54459738 0.53102381 0.51228767 0.49446471 0.47707719 0.45968968 0.44230216 0.42094402 0.39673145 0.38022861 0.36480323 0.34937786 0.33395248 0.31835147 0.30143703 0.27860355 0.25577007 0.23293658 0.21615385 0.22033019 0.21813565
-9999 0.28225003 0.28323287 0.28421572 0.29039291 0.29985782 0.30932272 0.3192713 0.3297781 0.34028489 0.35183076 0.36562518 0.3794196 0.39261324 0.40460379 0.41659435 0.43056839 0.45094607 0.47132376 0.4839442 0.47866833 0.47339246 0.47266632 0.47974447 0.48682263 0.49324178 0.49789461 0.50254744 0.51032375 0.52875026 0.54717676 0.55888205 0.55763099 0.55637993 0.55115215 0.54118714 0.53122214 0.51764857 0.49891243 0.48017628 0.46200397 0.44461645 0.42722894 0.4058708 0.38165822 0.35744565 0.33885725 0.32343188 0.3080065 0.29240549 0.27677413 0.26114277 0.23857922 0.21574574 0.19896301 0.20313934 0.20731568
-9999 0.28563088 0.28661372 0.29554056 0.30500547 0.31447037 0.32393528 0.33388385 0.34439065 0.35489744 0.36540424 0.37591103 0.38967877 0.40287242 0.41486297 0.42685352 0.43884408 0.45083463 0.470659 0.48327943 0.47800356 0.48101407 0.48809222 0.49517038 0.50224854 0.50866769 0.51332052 0.51797335 0.52262618 0.52727901 0.54496196 0.55666725 0.55541618 0.54774191 0.53777691 0.5278119 0.5178469 0.50427333 0.48553718 0.46680104 0.4480649 0.42954323 0.41215571 0.39079757 0.366585 0.34237243 0.31815985 0.29748589 0.28206052 0.26645951 0.25082815 0.23519679 0.21956542 0.19855489 0.18177216 0.1859485 0.19012483
-9999 0.2912233 0.30068821 0.31015311 0.31961802 0.32908293 0.33854783 0.34849641 0.3590032 0.36951 0.38001679 0.39052359 0.40103038 0.41313159 0.42512214 0.4371127 0.44910325 0.4610938 0.47308436 0.48261467 0.48936182 0.49643998 0.50351813 0.51059629 0.51767445 0.5240936 0.52874643 0.53339926 0.53805209 0.54270492 0.54735775 0.55429668 0.54433167 0.53436667 0.52440166 0.51443666 0.50447166 0.49089808 0.47216194 0.4534258 0.43468966 0.41595352 0.39721738 0.37572435 0.35151177 0.3272992 0.30308663 0.27887406 0.25611454 0.24051353 0.22488217 0.20925081 0.19361944 0.17798808 0.16458132 0.16875765 0.17293399
-9999 0.29952391 0.30898882 0.31845373 0.32791863 0.33738354 0.34422737 0.35108093 0.36158773 0.37209452 0.38260131 0.39310811 0.4015986 0.41103861 0.42804294 0.4400335 0.45202405 0.4640146 0.47600515 0.48651027 0.49358843 0.50066659 0.50774475 0.51482291 0.52471321 0.53635302 0.53309005 0.53774288 0.54239571 0.54704854 0.55170137 0.55136123 0.54139623 0.53143122 0.52146622 0.51150122 0.49613843 0.47394274 0.4552066 0.43647046 0.41773432 0.39899818 0.38176113 0.35479606 0.32690463 0.30269206 0.27847949 0.25426691 0.23005434 0.21315846 0.1975271 0.18189573 0.16626437 0.15085517 0.14096298 0.14513931 0.14931565
-9999 0.30568974 0.31515465 0.32461956 0.33408446 0.33905565 0.34274385 0.34959741 0.3601042 0.370611 0.38111779 0.38758189 0.39183768 0.40127769 0.42109938 0.44047235 0.45246291 0.46445346 0.47644401 0.48694913 0.49402729 0.50110545 0.50818361 0.52154554 0.54010154 0.55174135 0.54484406 0.53833832 0.54299115 0.54764398 0.55229681 0.55195667 0.54199167 0.53202666 0.52206166 0.50258611 0.47797225 0.45577656 0.43704042 0.41830428 0.39956814 0.38307415 0.36720645 0.34024139 0.30529857 0.27486041 0.25064784 0.22643527 0.2022227 0.18532681 0.16969545 0.15406409 0.13901665 0.12506296 0.11517077 0.1193471 0.12352344
-9999 0.31185557 0.32132048 0.33019573 0.33388393 0.33757213 0.34126033 0.34811389 0.35862068 0.36912748 0.37356517 0.37782096 0.38207676 0.39151676 0.41133846 0.43116016 0.45098185 0.46489232 0.47688287 0.48738799 0.49446615 0.50154431 0.51837787 0.53693387 0.55548987 0.56712968 0.56023239 0.5533351 0.5464378 0.54823942 0.55289225 0.55255211 0.54258711 0.5326221 0.5090338 0.48441993 0.45980607 0.43761038 0.41887424 0.40025487 0.38438718 0.36851948 0.35265178 0.32568672 0.2907439 0.25580108 0.2228162 0.19860362 0.17439105 0.15749517 0.14186381 0.12717813 0.11322444 0.099270753 0.089378561 0.093554896 0.09773123
-9999 0.3180214 0.325024 0.3287122 0.3324004 0.3360886 0.3397768 0.34663036 0.35529267 0.35954846 0.36380425 0.36806004 0.37231583 0.38175584 0.40157753 0.42139923 0.44122093 0.46104262 0.47732173 0.48782685 0.4966542 0.5152102 0.5337662 0.5523222 0.5708782 0.58251801 0.57562072 0.56872343 0.56182614 0.55492884 0.55348769 0.55314755 0.54009535 0.51548148 0.49086762 0.46625375 0.44163988 0.4194442 0.4015679 0.3857002 0.3698325 0.35396481 0.33809711 0.31113204 0.27618922 0.2412464 0.20630358 0.17136076 0.14655941 0.12966352 0.1153396 0.10138592 0.087432231 0.073478545 0.063586354 0.069688547 0.086644391
-9999 0.32281558 0.32650378 0.33019198 0.33388018 0.33756838 0.34125658 0.34459274 0.34884853 0.35310432 0.35736012 0.36161591 0.3658717 0.37514019 0.39496189 0.41478359 0.43460528 0.45442698 0.47424867 0.49368764 0.51224364 0.53079964 0.54935564 0.56791164 0.58646764 0.59279672 0.58589943 0.57900214 0.57210485 0.56520755 0.55831026 0.54536157 0.5207477 0.49613384 0.47151997 0.4469061 0.42229224 0.40149099 0.38562329 0.36975559 0.3538879 0.3380202 0.3221525 0.29633237 0.26138955 0.22644673 0.19150391 0.15656109 0.12161827 0.10635111 0.092397426 0.07844374 0.064490053 0.050536367 0.040637547 0.05759339 0.074549233
-9999 0.34664468 0.35033288 0.35402108 0.35770928 0.36139748 0.36900375 0.3713795 0.36741981 0.3716756 0.3759314 0.38018719 0.38444298 0.39350021 0.41217262 0.4318898 0.4517115 0.47153319 0.49135489 0.51079386 0.52934986 0.54790586 0.56646186 0.58501785 0.59433861 0.59014529 0.56055753 0.55074381 0.54384652 0.53694923 0.53005194 0.51710324 0.49248937 0.46787551 0.44326164 0.41864778 0.4025314 0.38390765 0.35919571 0.34332801 0.32746032 0.31159262 0.29572492 0.2734582 0.24474202 0.2097992 0.17485638 0.13991356 0.10497074 0.098817404 0.09095033 0.076996644 0.063042957 0.049089271 0.037444715 0.033798706 0.048590703
-9999 0.37047379 0.37416199 0.37785019 0.38243178 0.39041638 0.39840099 0.40077674 0.39667915 0.39258157 0.39450267 0.39875847 0.40301426 0.41207149 0.43074389 0.4494163 0.46881771 0.48863941 0.50846111 0.52790008 0.54645607 0.56501207 0.58356807 0.58924159 0.59452293 0.59032962 0.56074185 0.53115408 0.51558819 0.5086909 0.50179361 0.48884491 0.46423105 0.43961718 0.41568561 0.40154095 0.38739629 0.36877254 0.34374081 0.31870909 0.30103274 0.28516504 0.26929734 0.24703062 0.22016372 0.19315168 0.15820886 0.12326604 0.088323215 0.082169879 0.080992148 0.075549547 0.061595861 0.047642175 0.035997619 0.03235161 0.0287056
-9999 0.39430289 0.39799109 0.40384441 0.41182901 0.41981362 0.42779822 0.43017397 0.42607639 0.4219788 0.41788122 0.41732974 0.42158554 0.43064277 0.44931517 0.46798758 0.48665998 0.50574563 0.52556732 0.54500629 0.56356229 0.57886323 0.58414457 0.58942591 0.59470725 0.59051394 0.56092617 0.5313384 0.50175063 0.48043257 0.47353528 0.46058659 0.43597272 0.41469515 0.40055049 0.38640584 0.37226118 0.35363743 0.3286057 0.30357398 0.27854225 0.25873746 0.24286976 0.22060304 0.19373614 0.16686924 0.14000234 0.10661851 0.07167569 0.065522354 0.064344623 0.063166892 0.060148765 0.046195078 0.034550522 0.030904513 0.027258504
-9999 0.418132 0.42525704 0.43324164 0.44122625 0.44921085 0.45719545 0.4595712 0.45547362 0.45137604 0.44727845 0.44318087 0.44015681 0.44921405 0.46788645 0.48655886 0.50523126 0.52390366 0.54267354 0.56211251 0.57376621 0.57904755 0.58432889 0.58961023 0.59489157 0.59069826 0.56111049 0.53152272 0.50193496 0.47234719 0.44527696 0.43232826 0.4137047 0.39956004 0.38541538 0.37127072 0.35712606 0.33850231 0.31347059 0.28843886 0.26340714 0.23837541 0.21644219 0.19417546 0.16730856 0.14044166 0.11357476 0.086707859 0.055028165 0.048874829 0.047697098 0.046519367 0.045341636 0.044163906 0.033103426 0.029457417 0.025811408
-9999 0.43930178 0.44728638 0.45527099 0.46325559 0.47124019 0.47922479 0.4855405 0.48144292 0.47734534 0.47324775 0.46915017 0.46505259 0.45739648 0.47252128 0.49119368 0.50986609 0.52853849 0.54721089 0.56183404 0.56711538 0.57239672 0.57767807 0.58295941 0.58824075 0.58653647 0.55928392 0.52969615 0.50010838 0.47052061 0.44093284 0.41661994 0.40247528 0.38833062 0.37418596 0.3600413 0.34589664 0.32713774 0.30210602 0.27707429 0.25204257 0.22701084 0.20214655 0.18515511 0.15828821 0.13142131 0.10455441 0.077687511 0.05082061 0.045857337 0.044679606 0.043501875 0.042324144 0.041146413 0.040126683 0.036480674 0.032834665
-9999 0.44962181 0.45760641 0.46559102 0.47357562 0.48412719 0.49964836 0.50606201 0.50196443 0.49786684 0.49376926 0.48782088 0.47488584 0.46595562 0.46504527 0.47368021 0.49235261 0.51102501 0.52969742 0.54432056 0.54960191 0.55488325 0.56016459 0.56539492 0.57024148 0.56844413 0.54883941 0.52467378 0.49508602 0.46549825 0.43591048 0.41159757 0.39745291 0.38330825 0.3691636 0.35495846 0.34054652 0.32176545 0.29673373 0.271702 0.24667028 0.22241552 0.19950743 0.18408547 0.17404521 0.15006515 0.12319825 0.096331345 0.069464444 0.064501171 0.06332344 0.062145709 0.060967978 0.061192494 0.060611321 0.056965312 0.053319303
-9999 0.45994184 0.46792645 0.47591105 0.48912753 0.5046487 0.52016986 0.52658352 0.52248594 0.51838835 0.50931507 0.49638003 0.48344499 0.47451477 0.47360442 0.47269407 0.47483913 0.49351154 0.51218394 0.52680709 0.53208843 0.53736977 0.54245601 0.54730257 0.55214914 0.55035178 0.53074706 0.51114234 0.49006365 0.46047589 0.43088812 0.40657521 0.39243055 0.37828589 0.36399811 0.34958617 0.33517423 0.31639317 0.29136144 0.26632972 0.2426845 0.2197764 0.19686831 0.18144635 0.17140609 0.16136582 0.14184208 0.11497518 0.088108277 0.083145004 0.081967273 0.081069879 0.081373506 0.081677132 0.08109596 0.077449951 0.073803942
-9999 0.47026187 0.4786067 0.49412787 0.50964904 0.5251702 0.54069137 0.54710503 0.54300744 0.53080926 0.51787422 0.50493918 0.49200414 0.48307391 0.48216357 0.48125322 0.48034287 0.47943252 0.49467046 0.50929361 0.51457495 0.5195171 0.52436367 0.52921023 0.53405679 0.53225944 0.51265472 0.49305 0.47344528 0.45384056 0.42586575 0.40155285 0.38740819 0.37303776 0.35862582 0.34421388 0.32980194 0.31102088 0.28598915 0.26295347 0.24004538 0.21713728 0.19422919 0.17880723 0.16876697 0.1587267 0.14868643 0.13361901 0.10675211 0.10178884 0.10125089 0.10155452 0.10185814 0.10216177 0.1015806 0.09793459 0.085438317
