mean_models/J1_mean_vp_slide_diff2_280.dat.tif
NCOLS 118
NROWS 92
XLLCORNER 139.62
YLLCORNER -39.07
DX 0.099491525
DY 0.099347826
NODATA_VALUE -9999
[rows 48 to 71 of 92, columns 55 to 109 of 118]
-0.13195917 -0.13268066 -0.13340215 -0.13412364 -0.13504585 -0.13437736 -0.13202723 -0.12967709 -0.12732696 -0.12497683 -0.1226267 -0.12661906 -0.13082936 -0.13503966 -0.13924996 -0.14346026 -0.13849952 -0.13417366 -0.12984781 -0.12552196 -0.1211961 -0.12016551 -0.11646051 -0.10932753 -0.10219455 -0.095061568 -0.087928588 -0.086055555 -0.086612707 -0.08716986 -0.087727012 -0.088284165 -0.085279108 -0.084547595 -0.084264138 -0.083980681 -0.083697225 -0.083647933 -0.091219043 -0.098790153 -0.10636126 -0.11393237 -0.12201884 -0.12769839 -0.13301545 -0.1383325 -0.14364956 -0.14818149 -0.14762342 -0.14731201 -0.14700061 -0.1466892 -0.14680079 -0.14863612 -0.1487967
-0.13703938 -0.13776087 -0.13848236 -0.14005113 -0.14343721 -0.14261491 -0.13893284 -0.13641332 -0.13406319 -0.13171305 -0.12936292 -0.13335529 -0.13756559 -0.14177589 -0.14448397 -0.13718184 -0.13118531 -0.12685946 -0.1225336 -0.11820775 -0.1185885 -0.12124222 -0.1218448 -0.11950185 -0.11236887 -0.10523589 -0.09810291 -0.096229876 -0.096787028 -0.097344181 -0.097901333 -0.094939707 -0.091261392 -0.086373918 -0.084831746 -0.084548289 -0.084264832 -0.08421554 -0.09178665 -0.09935776 -0.10692887 -0.11521447 -0.12429765 -0.12997721 -0.13529427 -0.14061132 -0.14415953 -0.14308406 -0.142526 -0.14221459 -0.14190318 -0.14259288 -0.14756069 -0.14939602 -0.1495566
-0.14211958 -0.14284107 -0.1450564 -0.14844248 -0.15182857 -0.15100627 -0.1473242 -0.14364212 -0.14079941 -0.13844928 -0.13609915 -0.14009151 -0.14430181 -0.1444719 -0.13716977 -0.12986763 -0.1238711 -0.11954525 -0.11521939 -0.11698852 -0.11966521 -0.12231893 -0.12292151 -0.12352409 -0.12254319 -0.11541021 -0.10827723 -0.1064042 -0.10696135 -0.10693654 -0.10392926 -0.10092199 -0.097243677 -0.092356202 -0.087468728 -0.085115896 -0.084832439 -0.084783147 -0.092354257 -0.099925367 -0.1084101 -0.11749329 -0.12657647 -0.13225603 -0.13757308 -0.14013757 -0.1390621 -0.13798664 -0.13742857 -0.13711716 -0.13838497 -0.14335278 -0.14832059 -0.15015592 -0.1503165
-0.14719979 -0.15006167 -0.15344776 -0.15683384 -0.16021993 -0.15939763 -0.15571556 -0.15203348 -0.14835141 -0.1451855 -0.14283537 -0.14682773 -0.14445983 -0.13715769 -0.12985556 -0.12255342 -0.1165569 -0.11271185 -0.11538854 -0.11806523 -0.12074192 -0.12339564 -0.12399822 -0.1246008 -0.12520338 -0.12558453 -0.11845155 -0.11657852 -0.11592609 -0.11291882 -0.10991155 -0.10690428 -0.10322596 -0.098338487 -0.093451013 -0.088563538 -0.085400046 -0.085350754 -0.092921864 -0.10160573 -0.11068892 -0.11977211 -0.12885529 -0.13453485 -0.13611561 -0.13504014 -0.13396468 -0.13288921 -0.13233114 -0.13417706 -0.13914487 -0.14411268 -0.14908049 -0.15091582 -0.15119837
-0.15506694 -0.15845303 -0.16183911 -0.1652252 -0.16861129 -0.16778899 -0.16410692 -0.16042484 -0.15674277 -0.15306069 -0.14957159 -0.14444776 -0.13714562 -0.12984349 -0.12254135 -0.11523922 -0.11111187 -0.11378856 -0.11646525 -0.11914194 -0.12181863 -0.12447235 -0.12507493 -0.12567751 -0.12628009 -0.12688267 -0.12748526 -0.12491565 -0.12190838 -0.11890111 -0.11589383 -0.11288656 -0.10920825 -0.10432077 -0.099433297 -0.094545823 -0.089658349 -0.085918362 -0.094801366 -0.10388455 -0.11296774 -0.12205092 -0.13113411 -0.13209364 -0.13101818 -0.12994271 -0.12886725 -0.12779178 -0.12996915 -0.13493696 -0.13990477 -0.14487258 -0.14984039 -0.15183255 -0.1523115
-0.1440175 -0.14740359 -0.15078968 -0.15417577 -0.1691185 -0.17068155 -0.16328606 -0.15960399 -0.15592192 -0.15223984 -0.14855777 -0.14137589 -0.13407375 -0.12677162 -0.11946948 -0.11716969 -0.12032971 -0.1230064 -0.12568309 -0.12835978 -0.13094874 -0.12793434 -0.12932631 -0.12992889 -0.13053147 -0.13113405 -0.13173663 -0.12987013 -0.12686285 -0.12385558 -0.12084831 -0.11614072 -0.11339926 -0.11578606 -0.11089859 -0.10601111 -0.10112364 -0.096652667 -0.10573585 -0.11481904 -0.12390223 -0.13298541 -0.12600065 -0.12408811 -0.12301264 -0.12193718 -0.12086171 -0.12710152 -0.13378436 -0.13875217 -0.14371998 -0.14868779 -0.14652139 -0.14428957 -0.14476852
-0.12971552 -0.13310161 -0.13648769 -0.15534373 -0.17687779 -0.17844083 -0.16643274 -0.15724189 -0.15355981 -0.14987774 -0.14619566 -0.13901379 -0.13171165 -0.12440952 -0.12421184 -0.12774958 -0.1309096 -0.13358629 -0.13626298 -0.13786331 -0.13479934 -0.13178494 -0.13319753 -0.13461012 -0.13531399 -0.13591657 -0.13651915 -0.13465264 -0.13164537 -0.1286381 -0.12318335 -0.11521182 -0.11247036 -0.119153 -0.12328121 -0.11839374 -0.11350627 -0.10903529 -0.11811848 -0.12720167 -0.13628485 -0.12728079 -0.11750857 -0.11559603 -0.11452056 -0.1134451 -0.12114755 -0.1314279 -0.13811074 -0.14307855 -0.14804636 -0.14483228 -0.13753019 -0.13529838 -0.13577733
-0.11541354 -0.12003491 -0.14156896 -0.16310301 -0.18463707 -0.18620011 -0.17419202 -0.16218392 -0.15119771 -0.14751564 -0.14383356 -0.13665168 -0.12934955 -0.131254 -0.13479174 -0.13832948 -0.1414895 -0.14416619 -0.14477787 -0.1417139 -0.13864993 -0.13563553 -0.13704812 -0.13846071 -0.1398733 -0.14069909 -0.14130167 -0.13943516 -0.13642789 -0.13022597 -0.12225444 -0.11428292 -0.11154146 -0.1182241 -0.12490674 -0.13077637 -0.12588889 -0.12141792 -0.13050111 -0.13833314 -0.12856092 -0.11878871 -0.10901649 -0.10710395 -0.10602848 -0.11519359 -0.12547394 -0.13575428 -0.14243713 -0.14740494 -0.14314316 -0.13584108 -0.128539 -0.12630718 -0.12678614
-0.10626014 -0.12779419 -0.14932824 -0.1708623 -0.19239635 -0.19395939 -0.1819513 -0.16994321 -0.15793511 -0.14592702 -0.14147146 -0.13475842 -0.13829616 -0.1418339 -0.14537164 -0.14890937 -0.15206939 -0.15169243 -0.14862846 -0.14556449 -0.14250052 -0.13948612 -0.14089871 -0.1423113 -0.1437239 -0.14513649 -0.14608419 -0.14421768 -0.13726859 -0.12929707 -0.12132554 -0.11335402 -0.11061256 -0.1172952 -0.12397784 -0.13066048 -0.13734311 -0.13380055 -0.13961327 -0.12984106 -0.12006884 -0.11029663 -0.10052441 -0.098959284 -0.10923963 -0.11951997 -0.12980032 -0.14008066 -0.14676351 -0.14145405 -0.13415197 -0.12684989 -0.11954781 -0.11731599 -0.11681898
-0.10867742 -0.13021147 -0.15174553 -0.17327958 -0.19481363 -0.19934383 -0.18733573 -0.17532764 -0.16331954 -0.15131145 -0.13930336 -0.14154191 -0.14507965 -0.14861739 -0.15215513 -0.15569287 -0.15633462 -0.15327065 -0.15020668 -0.14714271 -0.14407874 -0.14225559 -0.14352053 -0.14493313 -0.14634572 -0.14775831 -0.1491709 -0.14416489 -0.13619336 -0.12822184 -0.12025031 -0.11227879 -0.10872483 -0.11540747 -0.12209011 -0.12877275 -0.13545539 -0.14164746 -0.13187525 -0.12210304 -0.11233082 -0.10255861 -0.093486354 -0.10251279 -0.11279313 -0.12307348 -0.13335382 -0.14363417 -0.14202583 -0.13472375 -0.12742167 -0.12011959 -0.11281751 -0.10868019 -0.10795729
-0.097327303 -0.11438338 -0.13591743 -0.15745148 -0.17898553 -0.18682594 -0.18460897 -0.17260087 -0.16059278 -0.14858468 -0.13657659 -0.13686008 -0.13889669 -0.14243442 -0.14597216 -0.1495099 -0.15015166 -0.14708769 -0.14402372 -0.14095975 -0.14001728 -0.14136079 -0.14219502 -0.14335813 -0.14477072 -0.14618332 -0.14759591 -0.14258989 -0.13461837 -0.12664684 -0.11867532 -0.11404692 -0.11141376 -0.11086355 -0.11692755 -0.12361019 -0.13029283 -0.13648491 -0.1267127 -0.11694048 -0.10716827 -0.098671965 -0.093273087 -0.102927 -0.11370691 -0.12398726 -0.1342676 -0.14454795 -0.14296953 -0.13571547 -0.12841338 -0.1211113 -0.11380922 -0.10788375 -0.10399331
-0.10004413 -0.10665446 -0.12008933 -0.14162339 -0.16315744 -0.17099784 -0.16953283 -0.16806781 -0.15786601 -0.14585792 -0.13384982 -0.13413332 -0.13483916 -0.13625146 -0.13978919 -0.14332693 -0.14396869 -0.14090472 -0.13784075 -0.13777327 -0.13912249 -0.140466 -0.14130023 -0.14213446 -0.14319573 -0.14460832 -0.14602091 -0.1410149 -0.13304337 -0.12507185 -0.12117987 -0.11739074 -0.11475759 -0.11420738 -0.11365717 -0.11844764 -0.12513028 -0.13132236 -0.12155014 -0.11177793 -0.10385758 -0.098458699 -0.09305982 -0.10271373 -0.11397082 -0.12490104 -0.13518138 -0.14546173 -0.14388331 -0.13665147 -0.1294051 -0.12210302 -0.11480093 -0.10887546 -0.10368599
-0.10276097 -0.10937129 -0.11598161 -0.12579529 -0.14732934 -0.15516974 -0.15370473 -0.15223972 -0.15077471 -0.14313115 -0.13112306 -0.13140655 -0.1321124 -0.13281824 -0.13360623 -0.13714396 -0.13778572 -0.13472175 -0.13552927 -0.13687848 -0.1382277 -0.13957121 -0.14040544 -0.14123966 -0.14207389 -0.14303333 -0.14444592 -0.1394399 -0.13210195 -0.12831282 -0.12452369 -0.12073457 -0.11810141 -0.11755121 -0.117001 -0.11645079 -0.11996772 -0.1261598 -0.11638759 -0.10904319 -0.10364431 -0.098245432 -0.092846554 -0.10250047 -0.11375755 -0.12501463 -0.13609516 -0.14637551 -0.14479709 -0.13756525 -0.13033341 -0.12309473 -0.11579265 -0.10986718 -0.1046777
-0.1054778 -0.11208812 -0.11869845 -0.12530877 -0.13191909 -0.13934165 -0.13787664 -0.13641162 -0.13494661 -0.1334816 -0.12839629 -0.12867978 -0.12938563 -0.13009148 -0.13079732 -0.13150317 -0.13193604 -0.13328526 -0.13463447 -0.13598369 -0.1373329 -0.13867642 -0.13951064 -0.14034487 -0.1411791 -0.14201332 -0.14287092 -0.1392349 -0.13544577 -0.13165665 -0.12786752 -0.1240784 -0.12144524 -0.12089503 -0.12034483 -0.11979462 -0.11924441 -0.12099725 -0.1142288 -0.10882992 -0.10343104 -0.098032165 -0.092633287 -0.1022872 -0.11354428 -0.12480137 -0.13605845 -0.14728928 -0.14571087 -0.13847903 -0.13124719 -0.12401535 -0.11678351 -0.11085889 -0.10566941
-0.10458681 -0.11119713 -0.11780746 -0.12441778 -0.1310281 -0.13897137 -0.14029782 -0.13883281 -0.1373678 -0.13590278 -0.13443777 -0.1222818 -0.12298765 -0.1236935 -0.12439934 -0.12510519 -0.12609327 -0.12744248 -0.1287917 -0.13014091 -0.13149013 -0.14105324 -0.13576381 -0.13659804 -0.13743227 -0.1382665 -0.13910072 -0.13677264 -0.13298351 -0.12919439 -0.12540526 -0.12200443 -0.121962 -0.12293701 -0.1223868 -0.1218366 -0.12128639 -0.12059163 -0.11519275 -0.10979387 -0.104395 -0.098996118 -0.099931908 -0.093020069 -0.10427715 -0.11553424 -0.12679132 -0.1380484 -0.15157608 -0.14644289 -0.13921105 -0.13197921 -0.12474737 -0.1159146 -0.11017786
-0.11337622 -0.10873728 -0.11534761 -0.12195793 -0.12856825 -0.13651152 -0.14536058 -0.14918971 -0.1477247 -0.14625968 -0.14479467 -0.13089148 -0.1165609 -0.11569909 -0.11640494 -0.11711078 -0.11809886 -0.11944807 -0.12079729 -0.12258852 -0.13388063 -0.14497307 -0.13823392 -0.131611 -0.13244523 -0.13327946 -0.13411368 -0.1317856 -0.12799647 -0.12420735 -0.12119376 -0.11960397 -0.11956153 -0.12230731 -0.12386267 -0.12331246 -0.12276226 -0.1220675 -0.11666862 -0.11126974 -0.10587086 -0.10801141 -0.11176048 -0.10268871 -0.092251474 -0.10233003 -0.11358711 -0.12484419 -0.13837187 -0.152982 -0.15024064 -0.1430088 -0.13577696 -0.1269442 -0.11725552
-0.12671752 -0.12061212 -0.11450672 -0.11949808 -0.1261084 -0.13405167 -0.14290073 -0.15174979 -0.1580816 -0.15661658 -0.15515157 -0.14124838 -0.1269178 -0.11258723 -0.10841053 -0.10911637 -0.11010445 -0.11145366 -0.11521624 -0.12650835 -0.13780045 -0.14889289 -0.14215375 -0.13541461 -0.12867546 -0.12829242 -0.12912664 -0.12679856 -0.12300943 -0.1203831 -0.1187933 -0.1172035 -0.11716107 -0.11990685 -0.12265262 -0.12478833 -0.12423812 -0.12354337 -0.11814449 -0.11274561 -0.1160909 -0.11983998 -0.12358905 -0.11451728 -0.10408005 -0.093642812 -0.1003829 -0.11163998 -0.12516766 -0.13977779 -0.15438792 -0.1540384 -0.14680656 -0.13797379 -0.12828511
-0.14005883 -0.13395343 -0.12784803 -0.12174262 -0.12364855 -0.13159182 -0.14044088 -0.14928994 -0.158139 -0.16697348 -0.16550847 -0.15160528 -0.13727471 -0.12294413 -0.10861355 -0.10112196 -0.10211004 -0.10784396 -0.11913607 -0.13042817 -0.14172028 -0.15281272 -0.14607357 -0.13933443 -0.13259529 -0.12585614 -0.1241396 -0.12181152 -0.11957244 -0.11798264 -0.11639284 -0.11480304 -0.1147606 -0.11750638 -0.12025216 -0.12299794 -0.12571399 -0.12501923 -0.12042133 -0.1241704 -0.12791948 -0.13166855 -0.13541763 -0.12634585 -0.11590862 -0.10547138 -0.09503415 -0.098435776 -0.11196345 -0.12657358 -0.14118371 -0.15579384 -0.15783616 -0.14900339 -0.13931471
-0.14936128 -0.14325587 -0.13715047 -0.13104506 -0.12493966 -0.12656452 -0.13541358 -0.14426264 -0.1531117 -0.16196076 -0.17080982 -0.15724927 -0.14291869 -0.12858811 -0.11425753 -0.099926953 -0.10073311 -0.11202522 -0.12331732 -0.13460943 -0.14590153 -0.15364362 -0.14966847 -0.14292933 -0.13619019 -0.12945105 -0.1227119 -0.11949484 -0.11790504 -0.11631524 -0.11472544 -0.11313564 -0.11415848 -0.11690426 -0.11965004 -0.12239582 -0.12514159 -0.12791728 -0.13166636 -0.13541543 -0.13916451 -0.14291358 -0.14579462 -0.13582628 -0.12538905 -0.11495181 -0.10451458 -0.094077344 -0.1032645 -0.11787463 -0.13248476 -0.14709489 -0.16170503 -0.15719502 -0.14750634
-0.13857497 -0.13246957 -0.12636416 -0.12028133 -0.11466592 -0.11401164 -0.11761619 -0.12646525 -0.13531431 -0.14416337 -0.15301243 -0.13945188 -0.1251213 -0.11079072 -0.096460141 -0.098598561 -0.10621469 -0.11750679 -0.12879889 -0.140091 -0.14419951 -0.13812659 -0.14626387 -0.14490812 -0.13816898 -0.13142983 -0.12469069 -0.12147363 -0.11988383 -0.11829403 -0.11670423 -0.11805994 -0.12110374 -0.12522476 -0.1279926 -0.13073838 -0.13348416 -0.13625985 -0.14000893 -0.143758 -0.14750708 -0.1491614 -0.14359572 -0.13362739 -0.12319015 -0.11275292 -0.10264952 -0.10599914 -0.11697406 -0.13158419 -0.14619432 -0.16080445 -0.15865932 -0.15127102 -0.14158234
-0.12778867 -0.12168326 -0.11571933 -0.11010392 -0.10448851 -0.10383422 -0.10655123 -0.10926824 -0.11751692 -0.12636598 -0.13521504 -0.12165449 -0.10732391 -0.094593344 -0.099336739 -0.10408013 -0.11169626 -0.12298836 -0.13428047 -0.13491453 -0.12868249 -0.12260956 -0.13074684 -0.13888412 -0.14014776 -0.13340862 -0.12666948 -0.12345242 -0.12186262 -0.12027282 -0.12233913 -0.12478512 -0.12782893 -0.13194994 -0.13607096 -0.13908095 -0.14182673 -0.14460242 -0.14835149 -0.15210057 -0.15252817 -0.1469625 -0.14139682 -0.13142849 -0.12099125 -0.11300947 -0.11635908 -0.11970869 -0.13068362 -0.14529375 -0.15890658 -0.15582095 -0.15273532 -0.14534702 -0.13565834
-0.11700236 -0.11115732 -0.10554191 -0.099926506 -0.094311097 -0.093656812 -0.096373819 -0.099090826 -0.10180783 -0.10856859 -0.11741765 -0.1038571 -0.095331522 -0.10007492 -0.10481831 -0.1095617 -0.11717783 -0.12846993 -0.12562954 -0.1193975 -0.11316546 -0.10709254 -0.11522982 -0.1233671 -0.13150438 -0.13538741 -0.12864827 -0.1254312 -0.12417234 -0.12661833 -0.12906432 -0.13151031 -0.13455411 -0.13867513 -0.14279614 -0.14691716 -0.1501693 -0.15294499 -0.15669406 -0.15589494 -0.15032927 -0.1447636 -0.13919793 -0.12922959 -0.12336942 -0.12671903 -0.13006864 -0.13341825 -0.14439317 -0.15606821 -0.15298258 -0.14989695 -0.14681132 -0.13942302 -0.1315902
-0.10659532 -0.10097991 -0.095364502 -0.089749094 -0.084133685 -0.0834794 -0.086196407 -0.088913414 -0.091630421 -0.094347428 -0.099620262 -0.096069699 -0.10081309 -0.10555649 -0.11029988 -0.11504328 -0.12257659 -0.11634455 -0.11011251 -0.10388047 -0.097648434 -0.091575511 -0.099712791 -0.10785007 -0.11598735 -0.12412463 -0.13062705 -0.12845154 -0.13089753 -0.13334351 -0.1357895 -0.13823549 -0.1412793 -0.14540031 -0.14952133 -0.15364234 -0.15776336 -0.16128756 -0.15926172 -0.15369605 -0.14813037 -0.1425647 -0.13699903 -0.13372936 -0.13707898 -0.14042859 -0.1437782 -0.14712781 -0.15322984 -0.15014421 -0.14705858 -0.14397295 -0.14088732 -0.1368033 -0.14034142
-0.10442805 -0.098812638 -0.09319723 -0.087581822 -0.081966413 -0.085703833 -0.090008486 -0.092725493 -0.095442499 -0.098159506 -0.10087651 -0.098477235 -0.10322063 -0.10796402 -0.11270742 -0.11745081 -0.1173796 -0.11114756 -0.10491552 -0.098683484 -0.092451445 -0.088062647 -0.087845868 -0.095983148 -0.10412043 -0.11225771 -0.12039499 -0.1246395 -0.12708549 -0.12953148 -0.13197747 -0.13526188 -0.14435014 -0.15042589 -0.1545469 -0.15866792 -0.16278893 -0.16662116 -0.16105549 -0.15548981 -0.14992414 -0.14435847 -0.13656381 -0.13544781 -0.13879742 -0.14214703 -0.14549665 -0.14884626 -0.15256647 -0.14980634 -0.14672071 -0.14363508 -0.14054945 -0.13891589 -0.1421368
