mean_models/J1_mean_tot_conduct_slide_17.24.dat.tif
NCOLS 118
NROWS 92
XLLCORNER 139.62
YLLCORNER -39.07
DX 0.099491525
DY 0.099347826
NODATA_VALUE -9999
[rows 52 to 77 of 92, columns 57 to 113 of 118]
-2.5287337 -2.6360759 -2.8018951 -2.9360779 -3.0774605 -3.1636227 -3.2369322 -3.2457262 -3.2384999 -3.1535517 -3.0656437 -2.950443 -2.8493627 -2.7719804 -2.7362406 -2.7472953 -2.8257234 -2.9362695 -3.0870964 -3.2357216 -3.3296859 -3.4038484 -3.3762119 -3.3090194 -3.1685608 -3.0192828 -2.8592481 -2.73833 -2.6182139 -2.5710271 -2.5407358 -2.5296812 -2.4950068 -2.4598567 -2.3984805 -2.3424175 -2.3131553 -2.3196969 -2.3723688 -2.4823888 -2.6259981 -2.7710106 -2.9019398 -2.9780216 -3.0102477 -2.9751331 -2.9043504 -2.8295659 -2.7817568 -2.7844202 -2.8195348 -2.8699037 -2.9216601 -2.903736 -2.8157683 -2.6694572 -2.4718501
-2.5014013 -2.6523288 -2.8520604 -3.0002124 -3.1393935 -3.2089653 -3.2701736 -3.2437057 -3.2244094 -3.1332238 -3.0446952 -2.9519651 -2.8529888 -2.7953527 -2.7664638 -2.7890969 -2.8592993 -2.9680055 -3.1102889 -3.2317668 -3.2784082 -3.3344346 -3.2563564 -3.1568402 -2.9801273 -2.7996388 -2.6285761 -2.531142 -2.422415 -2.4016705 -2.4538431 -2.4996807 -2.5107076 -2.498846 -2.4468182 -2.386244 -2.3158233 -2.3128721 -2.3472375 -2.4436483 -2.5899594 -2.7688868 -2.9153647 -3.0105102 -3.0436857 -2.9948512 -2.8610277 -2.7542545 -2.6182011 -2.5990311 -2.6079025 -2.6686552 -2.7377198 -2.8138977 -2.7525097 -2.6375072 -2.4141523
-2.5051867 -2.7089728 -2.9355924 -3.0871485 -3.2232948 -3.2635034 -3.3001581 -3.2524353 -3.1971622 -3.1077442 -3.0252863 -2.9467362 -2.889373 -2.8437933 -2.8483524 -2.8815162 -2.9680629 -3.0730818 -3.1917023 -3.3053124 -3.3338385 -3.3334242 -3.2317408 -3.0674856 -2.8567977 -2.6378113 -2.4388283 -2.33818 -2.2578466 -2.2929612 -2.3956774 -2.478587 -2.55494 -2.5842022 -2.5474296 -2.4901403 -2.4024109 -2.356399 -2.3739563 -2.4426497 -2.5889607 -2.771149 -2.9479245 -3.0517244 -3.0902438 -3.0317194 -2.8767002 -2.7069794 -2.53264 -2.4329566 -2.4212517 -2.4738522 -2.5733438 -2.677413 -2.7059392 -2.6181526 -2.3850151
-2.6954204 -2.9130798 -3.1286448 -3.2598858 -3.3292658 -3.3361525 -3.293535 -3.224543 -3.1375535 -3.055562 -2.978924 -2.9579784 -2.9291121 -2.9678033 -3.0027991 -3.0967633 -3.1958724 -3.3247629 -3.4322334 -3.5305008 -3.5194462 -3.4923807 -3.3155069 -3.1170792 -2.8186046 -2.5765705 -2.3328573 -2.2354138 -2.1584987 -2.2519823 -2.3885916 -2.5709928 -2.6829603 -2.7828978 -2.7551464 -2.7087056 -2.5858043 -2.5205158 -2.4736963 -2.5236514 -2.6419462 -2.8308642 -3.0141564 -3.1370577 -3.1819448 -3.1117155 -2.9305191 -2.7136026 -2.473386 -2.3373336 -2.2788091 -2.3346915 -2.4475032 -2.5939015 -2.6478198 -2.6010002 -2.3453322
-2.9626758 -3.1964277 -3.3750261 -3.4714656 -3.4749195 -3.4274931 -3.3084616 -3.1640999 -3.0599065 -2.9779896 -2.9374385 -2.9305684 -2.9834817 -3.054108 -3.1728933 -3.3064606 -3.4534521 -3.6094079 -3.7208203 -3.8093341 -3.7945569 -3.7147358 -3.5196227 -3.2248415 -2.8928438 -2.624614 -2.3368801 -2.226979 -2.1568004 -2.2791278 -2.4533742 -2.6714275 -2.8843837 -3.0122944 -2.9977333 -2.9516548 -2.8179088 -2.6717622 -2.588422 -2.6066224 -2.6833108 -2.8643425 -3.0511274 -3.1817242 -3.2516694 -3.1904025 -3.0148741 -2.762007 -2.4702556 -2.2940364 -2.2071327 -2.2426263 -2.3505895 -2.516829 -2.6004357 -2.5616813 -2.3125786
-3.2574657 -3.4359087 -3.5740913 -3.5811757 -3.544521 -3.4159648 -3.2693457 -3.124984 -2.981274 -2.9457505 -2.9274786 -2.9931771 -3.085822 -3.2254341 -3.3871648 -3.5585113 -3.7293785 -3.8951977 -3.9975424 -4.0827043 -4.0231149 -3.9254407 -3.6807024 -3.3769212 -3.0023649 -2.6753475 -2.3768729 -2.2714718 -2.2051316 -2.3748524 -2.5996893 -2.865 -3.0779561 -3.247677 -3.2229002 -3.1716251 -2.9586117 -2.786154 -2.6574003 -2.6109267 -2.6753036 -2.8623352 -3.0585269 -3.2269561 -3.303676 -3.251004 -3.0806231 -2.8231157 -2.51391 -2.2768265 -2.1597777 -2.1651441 -2.270488 -2.4406737 -2.5467044 -2.5174422 -2.2308634
-3.5070689 -3.6625619 -3.7123077 -3.68452 -3.5577673 -3.4062152 -3.209737 -3.0653753 -2.9216653 -2.9168913 -2.9208554 -3.0412925 -3.1586771 -3.3576602 -3.538423 -3.7429333 -3.9187864 -4.0938934 -4.1935809 -4.2747768 -4.2029218 -4.0976436 -3.8323328 -3.5178427 -3.1083359 -2.7744767 -2.4629743 -2.3675789 -2.3111026 -2.5156993 -2.7614819 -3.0599565 -3.2766518 -3.4463726 -3.3902211 -3.3040889 -3.0231716 -2.8192292 -2.5968364 -2.5213977 -2.549463 -2.7504758 -2.9591791 -3.1815719 -3.2809974 -3.2868498 -3.1302147 -2.8893475 -2.5620529 -2.3147108 -2.1508424 -2.1357028 -2.2108793 -2.381065 -2.487178 -2.4637682 -2.1692219
-3.5962718 -3.71251 -3.7371555 -3.6668678 -3.5294434 -3.3662186 -3.1677783 -3.0491147 -2.9095204 -2.9427174 -2.9633463 -3.0916258 -3.2246819 -3.4067833 -3.5912184 -3.7794768 -3.9491943 -4.1197327 -4.2195302 -4.3009097 -4.2431102 -4.1377806 -3.8906227 -3.5801159 -3.1826863 -2.8604139 -2.5511521 -2.4726658 -2.4248908 -2.6424138 -2.8899875 -3.1856884 -3.3847961 -3.540648 -3.4149343 -3.3052599 -2.9420485 -2.6799248 -2.4277938 -2.3143841 -2.328455 -2.5629323 -2.787443 -3.0727313 -3.2115698 -3.2602779 -3.1636877 -2.9358561 -2.6140456 -2.3441818 -2.1640684 -2.1176277 -2.1773405 -2.3262027 -2.4341925 -2.4133407 -2.1319748
-3.5933642 -3.662981 -3.6574537 -3.5675417 -3.4156862 -3.2636824 -3.089575 -3.0235205 -2.9295563 -2.9691843 -3.0325419 -3.1634518 -3.2920587 -3.4634052 -3.6049358 -3.770755 -3.9001146 -4.044838 -4.1277476 -4.2104966 -4.1552236 -4.0768241 -3.8391499 -3.5837753 -3.2033665 -2.8903414 -2.6145461 -2.5467965 -2.5269123 -2.7493051 -2.9955093 -3.2884565 -3.4549338 -3.5719826 -3.4377894 -3.2301367 -2.8438755 -2.4739884 -2.1813663 -2.0611087 -2.0659462 -2.3178005 -2.5823488 -2.8925282 -3.1369577 -3.2305968 -3.1504413 -2.9702739 -2.6523215 -2.3737833 -2.1748003 -2.1256205 -2.1545217 -2.2925029 -2.3859052 -2.3683479 -2.0910907
-3.3441703 -3.3985117 -3.404039 -3.3302971 -3.2465148 -3.1297686 -3.0564591 -3.0400362 -3.0090345 -3.0620084 -3.138513 -3.2329341 -3.338421 -3.4119652 -3.5109033 -3.5717036 -3.6705081 -3.7534177 -3.838854 -3.9256995 -3.9062391 -3.8582589 -3.685487 -3.4709343 -3.1702506 -2.8731857 -2.6410388 -2.5874291 -2.586521 -2.8046848 -3.0484948 -3.2920072 -3.4244449 -3.479258 -3.3082415 -3.0446874 -2.6182295 -2.2223073 -1.9010623 -1.7857736 -1.8208883 -2.1089998 -2.4035227 -2.7708831 -3.0472448 -3.2111132 -3.1489301 -2.9967666 -2.6788142 -2.4000732 -2.1893853 -2.128029 -2.128029 -2.2570226 -2.3461661 -2.3460217 -2.0828185
-3.0007718 -3.0792548 -3.1061984 -3.1271413 -3.0763191 -3.0894815 -3.0418069 -3.0982984 -3.1038551 -3.1679794 -3.2213796 -3.233137 -3.2742313 -3.2473927 -3.2475764 -3.2535949 -3.2900403 -3.3604467 -3.4478902 -3.5500525 -3.6138188 -3.6026606 -3.5088711 -3.3333861 -3.0743148 -2.8627941 -2.6398359 -2.6054944 -2.6042024 -2.8173338 -3.0125532 -3.2346087 -3.3381979 -3.36647 -3.1320241 -2.8667253 -2.4219396 -2.0166206 -1.7135182 -1.6606768 -1.7050767 -2.0347316 -2.3592871 -2.7658614 -3.06631 -3.2301784 -3.1721126 -3.0186434 -2.6868432 -2.4040877 -2.1856686 -2.0985251 -2.0969203 -2.2259139 -2.3169203 -2.3217753 -2.1136397
-2.6468334 -2.7215591 -2.7768322 -2.8290543 -2.8604727 -2.930909 -2.9896987 -3.1065447 -3.200509 -3.2677547 -3.3137202 -3.298011 -3.2394921 -3.1510552 -3.0364894 -2.9591071 -2.9208084 -2.9407062 -3.0218832 -3.1327917 -3.210174 -3.2781244 -3.2228513 -3.1507992 -2.9518161 -2.7717361 -2.60586 -2.5864909 -2.5977105 -2.7908411 -2.9811039 -3.180087 -3.2550023 -3.2432974 -3.0002643 -2.7155876 -2.270802 -1.8978656 -1.6228008 -1.5885463 -1.6830912 -2.0281023 -2.3977002 -2.8132236 -3.1217303 -3.2855987 -3.2126633 -3.0371934 -2.6901026 -2.3890878 -2.1608425 -2.0699816 -2.0582767 -2.1853632 -2.2802878 -2.2919927 -2.0875745
-2.3715254 -2.4508964 -2.5559152 -2.6337735 -2.7542106 -2.8577127 -3.0095682 -3.1508139 -3.273364 -3.3213737 -3.3468361 -3.2526495 -3.1401443 -2.9327153 -2.7661091 -2.5837079 -2.5179659 -2.4903294 -2.5834875 -2.7155308 -2.8412247 -2.9535882 -2.9749077 -2.9547418 -2.8392219 -2.6755711 -2.5594977 -2.5482212 -2.5712177 -2.7479539 -2.9281184 -3.0949275 -3.1603114 -3.1439496 -2.9159152 -2.6559789 -2.2656426 -1.9309816 -1.7398286 -1.7354757 -1.8817868 -2.2305541 -2.603019 -2.9843976 -3.2726171 -3.3662562 -3.2654387 -3.0371934 -2.6566208 -2.3427255 -2.0970099 -2.0037497 -1.9920448 -2.1145071 -2.2074327 -2.2361593 -2.0467996
-2.2704239 -2.3757431 -2.4875094 -2.6110616 -2.7356019 -2.8775823 -3.0294378 -3.144949 -3.2819531 -3.2737506 -3.2719828 -3.1039611 -2.9407638 -2.6767588 -2.4477146 -2.2467659 -2.1548262 -2.1251772 -2.2290237 -2.3713233 -2.5570581 -2.7006645 -2.7764222 -2.7815354 -2.6944005 -2.6063324 -2.4951933 -2.5037864 -2.5252475 -2.6942466 -2.8588112 -3.0246304 -3.112452 -3.1038555 -2.9505022 -2.6963236 -2.4153817 -2.1089111 -1.9548927 -2.0238608 -2.1746781 -2.4875614 -2.8483305 -3.1501875 -3.4127548 -3.4570665 -3.2413537 -3.0057949 -2.5893382 -2.2541531 -2.0034572 -1.9099328 -1.8988999 -2.0303332 -2.1269985 -2.1562607 -1.9986585
-2.2842319 -2.3902431 -2.5118439 -2.6265833 -2.7627296 -2.889691 -3.0415465 -3.1404272 -3.2454461 -3.2153644 -3.1662084 -2.9774146 -2.7674522 -2.474505 -2.2126638 -1.9805169 -1.870145 -1.8314539 -1.9423814 -2.0831937 -2.2745545 -2.45015 -2.5496415 -2.5994412 -2.5526217 -2.4937672 -2.4163849 -2.4364152 -2.4729869 -2.6368553 -2.8069634 -2.9727826 -3.0694737 -3.0928835 -2.9637747 -2.7872886 -2.5496468 -2.3468552 -2.2473637 -2.3229839 -2.4985572 -2.7935483 -3.1032129 -3.3613182 -3.5198775 -3.5023202 -3.2577812 -2.9476018 -2.5162689 -2.1450444 -1.887537 -1.8006647 -1.7948123 -1.9282266 -2.0331652 -2.0624274 -1.9048252
-2.5010979 -2.6031701 -2.6972931 -2.7839058 -2.8554542 -2.9377424 -3.0150537 -3.0662288 -3.1196055 -3.0429388 -2.9675127 -2.773766 -2.5631788 -2.2923408 -2.0391017 -1.8281836 -1.7178117 -1.6791205 -1.7832507 -1.9109908 -2.0933919 -2.2647078 -2.3697266 -2.428941 -2.4201579 -2.3826787 -2.3369067 -2.3755696 -2.4266246 -2.5984293 -2.7764394 -2.9588406 -3.0730008 -3.1326226 -3.0529167 -2.9197523 -2.7558839 -2.5786668 -2.5283485 -2.6069776 -2.7701079 -3.0068001 -3.2754158 -3.4275793 -3.5596166 -3.4427359 -3.1592364 -2.815138 -2.3838051 -2.0125807 -1.7721522 -1.6961851 -1.7020876 -1.8307473 -1.9338174 -1.9575361 -1.8014095
-2.7418515 -2.8609309 -2.9337079 -2.9867753 -2.9927185 -3.0174018 -2.9922698 -2.9060487 -2.926838 -2.8474171 -2.7296214 -2.5404576 -2.3709252 -2.122631 -1.9343118 -1.7542658 -1.6787102 -1.6433807 -1.7417 -1.8258893 -2.0082905 -2.1271643 -2.2271922 -2.2833808 -2.2878132 -2.2632802 -2.2630831 -2.3135116 -2.4115155 -2.5888628 -2.7781641 -2.9642754 -3.1062669 -3.1822446 -3.1100761 -3.043506 -2.8823115 -2.7838419 -2.7349355 -2.8112964 -2.9200195 -3.0693073 -3.3039013 -3.4438912 -3.4346688 -3.3003598 -3.003635 -2.6532954 -2.2556964 -1.890798 -1.6716935 -1.6140764 -1.6378445 -1.7728632 -1.8717061 -1.8907826 -1.7302791
-2.9965471 -3.0883718 -3.127063 -3.0980272 -3.0508996 -2.9607071 -2.8821611 -2.7822443 -2.6938074 -2.591296 -2.4962248 -2.3628344 -2.2424196 -2.071073 -1.930905 -1.7927223 -1.7196678 -1.6865039 -1.7394842 -1.8003335 -1.9100125 -2.0197519 -2.0971342 -2.1591924 -2.1826022 -2.2121027 -2.2286846 -2.3226861 -2.4283192 -2.6214498 -2.8107834 -3.0042391 -3.1452524 -3.2447439 -3.2173209 -3.1600316 -3.0371303 -2.9367814 -2.8841094 -2.8874621 -2.9693963 -3.0885732 -3.2186957 -3.2729709 -3.247941 -3.089925 -2.8217199 -2.4764258 -2.1087947 -1.7946963 -1.6074182 -1.5739591 -1.6032213 -1.73877 -1.8378313 -1.8495362 -1.6890327
-3.1128877 -3.2012988 -3.2131644 -3.1477573 -3.0244069 -2.8767441 -2.7099582 -2.56369 -2.4288799 -2.3350993 -2.2445437 -2.2026525 -2.1197507 -2.0865868 -1.9886099 -1.9384324 -1.8628769 -1.8255909 -1.8550823 -1.8665653 -1.9163111 -1.9994697 -2.06027 -2.1273724 -2.1826022 -2.2429284 -2.3015397 -2.4148259 -2.5342902 -2.7235831 -2.9071479 -3.0840217 -3.2225035 -3.317599 -3.3011536 -3.2527563 -3.129855 -3.029506 -2.9235015 -2.8696531 -2.8832948 -2.9261482 -3.0067536 -3.0067536 -2.969767 -2.8288874 -2.6052035 -2.3108461 -2.0289627 -1.7417108 -1.6044958 -1.5919235 -1.6363373 -1.7670009 -1.864324 -1.8760289 -1.7155254
-3.0649923 -3.1697066 -3.1876313 -3.0985715 -2.9567906 -2.7452429 -2.5421377 -2.3443277 -2.1770846 -2.1124181 -2.0431627 -2.0752964 -2.0657097 -2.1019854 -2.0979176 -2.0831233 -2.0493427 -2.0127458 -2.0148597 -1.985238 -2.0081926 -2.0635174 -2.1345495 -2.2151392 -2.2937182 -2.3916054 -2.4742082 -2.5905811 -2.7216543 -2.9028309 -3.0365592 -3.187896 -3.3063606 -3.3947156 -3.3818544 -3.3403038 -3.2086987 -3.0895561 -2.9580359 -2.815673 -2.7802148 -2.7365431 -2.7677027 -2.7398913 -2.6856939 -2.5716059 -2.4381513 -2.1849305 -1.9780517 -1.7505533 -1.6383347 -1.6441124 -1.6967844 -1.8197312 -1.9146558 -1.9310366 -1.785902
-2.8674928 -3.0015151 -3.0291516 -2.9664892 -2.8093973 -2.6048966 -2.3604931 -2.1613613 -1.9623783 -1.9023312 -1.8762714 -1.9391082 -2.0264644 -2.1149013 -2.1987799 -2.2319437 -2.2404659 -2.2133504 -2.1776395 -2.1410749 -2.1576568 -2.1925707 -2.269953 -2.3893886 -2.5005851 -2.6151173 -2.7303683 -2.8505849 -2.9552486 -3.0957072 -3.2006601 -3.3222609 -3.3884646 -3.4586939 -3.4421751 -3.4135595 -3.2789533 -3.1425228 -2.9786544 -2.8272045 -2.6851342 -2.5906703 -2.5367498 -2.4957827 -2.4329501 -2.3510159 -2.2296772 -2.092942 -1.9359563 -1.79108 -1.7091458 -1.7209815 -1.770112 -1.8863539 -1.9769234 -2.0003332 -1.8582276
-2.5516033 -2.7017108 -2.8012023 -2.7592229 -2.6492585 -2.4545812 -2.2346526 -2.0438445 -1.8564073 -1.8207298 -1.8166627 -1.9298903 -2.0463339 -2.2002264 -2.3098121 -2.3927217 -2.4076626 -2.3855533 -2.352514 -2.319901 -2.3513877 -2.3978896 -2.5182991 -2.6621523 -2.8317445 -2.9443584 -3.0549046 -3.1394464 -3.2003066 -3.2576597 -3.3182219 -3.356913 -3.4032615 -3.4586939 -3.4560509 -3.4466754 -3.3328923 -3.2086524 -3.0096694 -2.8295903 -2.6189024 -2.4687456 -2.3645469 -2.305406 -2.2374217 -2.202307 -2.1175797 -2.0532028 -1.954818 -1.8384278 -1.7799033 -1.7879828 -1.8230975 -1.9306417 -2.0168562 -2.0519708 -1.9202216
-2.2326541 -2.4427532 -2.5826371 -2.6166558 -2.5379107 -2.399222 -2.1945076 -2.0337231 -1.8546245 -1.8468168 -1.8543019 -1.9878468 -2.1248413 -2.2919148 -2.4182614 -2.501171 -2.528412 -2.5101475 -2.4789705 -2.4806017 -2.5709892 -2.6398074 -2.807031 -2.9577785 -3.1348876 -3.2225472 -3.3223104 -3.2750043 -3.3285714 -3.3319075 -3.237088 -3.2339565 -3.280305 -3.332977 -3.3971062 -3.392301 -3.3419937 -3.20658 -3.0125823 -2.7751246 -2.5526705 -2.3453833 -2.2064074 -2.1209929 -2.0679072 -2.0500217 -2.0539848 -1.9991811 -1.9436441 -1.8589133 -1.8003888 -1.7838136 -1.8141917 -1.9074533 -1.9936678 -2.0416446 -1.9484691
-1.9097767 -2.1593432 -2.3472717 -2.4407987 -2.4303259 -2.3436693 -2.1918138 -2.0566595 -1.9129495 -1.9096584 -1.9261615 -2.0583612 -2.1922722 -2.3627158 -2.487853 -2.5707626 -2.5980036 -2.5924763 -2.5960168 -2.6136383 -2.7287687 -2.8528082 -3.0429393 -3.2202319 -3.4075101 -3.4725425 -3.5222883 -3.4211717 -3.3459687 -3.2230674 -3.0748629 -3.0306444 -3.0498733 -3.1025453 -3.1933671 -3.2596366 -3.2467655 -3.1627874 -2.9755093 -2.7410175 -2.4718051 -2.2427255 -2.0414798 -1.9441224 -1.8866149 -1.8866149 -1.9128218 -1.9186742 -1.8870834 -1.8381524 -1.779628 -1.7556381 -1.7614905 -1.8497747 -1.9333749 -1.9977518 -1.9179226
-1.6776052 -1.9428105 -2.2081212 -2.3392231 -2.4125326 -2.3589835 -2.276969 -2.1614578 -2.0477787 -2.0483483 -2.068087 -2.1728149 -2.29162 -2.4187481 -2.5257219 -2.5809949 -2.6050999 -2.5995726 -2.6249047 -2.6704085 -2.8307004 -2.9876374 -3.2087297 -3.3919325 -3.5382435 -3.5566194 -3.515192 -3.3135065 -3.1259842 -2.8826958 -2.672084 -2.5670652 -2.5864802 -2.6767689 -2.8243727 -2.9615932 -3.02597 -2.9881319 -2.8359684 -2.597783 -2.3085908 -2.0478999 -1.814399 -1.6973502 -1.6361736 -1.6712882 -1.7222553 -1.7696525 -1.769837 -1.7381167 -1.6737398 -1.6398714 -1.6266613 -1.7149456 -1.800699 -1.8884856 -1.8223839
-1.5907972 -1.8647376 -2.1361699 -2.3089873 -2.3975523 -2.3954604 -2.3305669 -2.257213 -2.1582423 -2.1548002 -2.1710087 -2.248905 -2.3454846 -2.4333423 -2.5095522 -2.5418459 -2.5518882 -2.5427253 -2.5780031 -2.6395206 -2.8102842 -2.9783869 -3.182754 -3.3423081 -3.4466333 -3.3681097 -3.2779571 -2.9470767 -2.6962488 -2.4009687 -2.1224285 -2.0107609 -2.0498062 -2.1664542 -2.4041279 -2.5814132 -2.7226294 -2.7174699 -2.5865088 -2.3570322 -2.0609843 -1.7830542 -1.5358607 -1.4188119 -1.3604769 -1.4126304 -1.5087121 -1.5792425 -1.6128696 -1.5896742 -1.5318137 -1.5020231 -1.4844658 -1.5767111 -1.6681477 -1.7714777 -1.7309742
