mean_models/J1_mean_vp_slide_diff2_20.dat.tif
NCOLS 118
NROWS 92
XLLCORNER 139.62
YLLCORNER -39.07
DX 0.099491525
DY 0.099347826
NODATA_VALUE -9999
[rows 0 to 24 of 92, columns 0 to 56 of 118]
-9999 -9999 -9999 -9999 -9999 -9999 -9999 -9999 -9999 -9999 -9999 -9999 -9999 -9999 -9999 -9999 -9999 -9999 -9999 -9999 -9999 -9999 -9999 -9999 -9999 -9999 -9999 -9999 -9999 -9999 -9999 -9999 -9999 -9999 -9999 -9999 -9999 -9999 -9999 -9999 -9999 -9999 -9999 -9999 -9999 -9999 -9999 -9999 -9999 -9999 -9999 -9999 -9999 -9999 -9999 -9999 -9999
-9999 0.18038662 0.17658279 0.17277895 0.16897511 0.16517127 0.1627321 0.16075843 0.15418102 0.14605452 0.13792802 0.12980152 0.12167502 0.11256203 0.10820911 0.11157872 0.11494833 0.11831794 0.12168755 0.12362368 0.12225269 0.12088169 0.1195107 0.11813971 0.11622123 0.11209926 0.11071762 0.10871109 0.10670457 0.10469805 0.10269152 0.10168364 0.10260081 0.10351799 0.10443517 0.10535234 0.10825125 0.11319072 0.11328498 0.11347881 0.11367265 0.11386649 0.11406033 0.11753872 0.12520194 0.13344752 0.1416931 0.14993868 0.15818426 0.15440509 0.15465257 0.15490006 0.15514754 0.15539503 0.15662614 0.15666801 0.15022131
-9999 0.18710047 0.18329663 0.17949279 0.17568895 0.17431118 0.17445308 0.17247941 0.1680641 0.162485 0.1543585 0.14623199 0.13810549 0.1289925 0.11790401 0.10996266 0.11333227 0.11670188 0.1200715 0.12200762 0.12063663 0.11926563 0.11789464 0.1149979 0.10968538 0.10556341 0.10463241 0.10349533 0.10148881 0.099482284 0.097475759 0.096467875 0.097385052 0.098302229 0.099219406 0.10382431 0.112244 0.11718347 0.11714402 0.11719008 0.11738391 0.11757775 0.11777159 0.12124999 0.12708962 0.13430584 0.14255142 0.150797 0.15904258 0.15498512 0.14880137 0.14826611 0.14851359 0.14876108 0.14999219 0.15463045 0.15650113
-9999 0.19381431 0.19001047 0.18620664 0.18589025 0.18603215 0.18617405 0.18420038 0.17978508 0.17536977 0.17078897 0.16266247 0.15453597 0.14542298 0.13433448 0.12324598 0.11215749 0.11508583 0.11845544 0.12039156 0.11902057 0.11764958 0.11377457 0.10846205 0.10314954 0.099027569 0.098096564 0.09716556 0.096234555 0.094266523 0.092259999 0.091252115 0.092169292 0.093086469 0.099397381 0.10781706 0.11623674 0.12117622 0.12113677 0.12109731 0.12109518 0.12128901 0.12148285 0.12496125 0.13080088 0.13664051 0.14340975 0.15165532 0.1599009 0.15584345 0.14965969 0.14347594 0.14187964 0.14212713 0.14335824 0.1479965 0.15263475
-9999 0.20052815 0.19732743 0.19746933 0.19761123 0.19775313 0.19789502 0.19592135 0.19150605 0.18709075 0.18267544 0.17826014 0.17096644 0.16185345 0.15076496 0.13967646 0.12858796 0.11749947 0.11683938 0.1187755 0.11740451 0.11255124 0.10723872 0.10192621 0.096613693 0.092491724 0.091560719 0.090629715 0.08969871 0.088767705 0.087044238 0.086036354 0.086953531 0.094970448 0.10339013 0.11180981 0.12022949 0.12516897 0.12512951 0.12509006 0.12505061 0.12501115 0.12519411 0.12867251 0.13451214 0.14035177 0.1461914 0.15251365 0.16075923 0.15670177 0.15051802 0.14433426 0.13815051 0.13549318 0.13672429 0.14136254 0.1460008
-9999 0.20890651 0.20904841 0.2091903 0.2093322 0.2094741 0.209616 0.20764233 0.20322703 0.19881172 0.19439642 0.18998111 0.18556581 0.17828393 0.16719543 0.15610693 0.14501844 0.13392994 0.12284145 0.11664043 0.11132791 0.1060154 0.10070288 0.095390363 0.090077848 0.085955879 0.085024874 0.08409387 0.083162865 0.08223186 0.081300856 0.082123834 0.090543515 0.098963196 0.10738288 0.11580256 0.12422224 0.12916171 0.12912226 0.12908281 0.12904335 0.1290039 0.12896445 0.13238377 0.1382234 0.14406303 0.14990266 0.15574229 0.16161755 0.1575601 0.15137634 0.14519259 0.13900883 0.13282508 0.13009033 0.13472859 0.13936685
-9999 0.21891825 0.21906015 0.21920204 0.21934394 0.21948584 0.22059636 0.21951289 0.21509759 0.21068228 0.20626698 0.20185168 0.19635284 0.18757525 0.17524193 0.16415343 0.15306494 0.14197644 0.13088794 0.12154602 0.1162335 0.11092099 0.10560847 0.10029595 0.092280044 0.083103022 0.082874534 0.08194353 0.081012525 0.080081521 0.079150516 0.0814134 0.089833081 0.098252762 0.10667244 0.11509212 0.12770835 0.13765306 0.1376136 0.13757415 0.1375347 0.13749524 0.13951733 0.14551881 0.15238245 0.15822208 0.16406171 0.16990133 0.17574096 0.17132897 0.16514522 0.15896146 0.15277771 0.14645683 0.14227364 0.1469119 0.15155016
-9999 0.2286592 0.22880109 0.22894299 0.22908489 0.23068722 0.23249062 0.23140715 0.22699185 0.22257654 0.21816124 0.21195253 0.20513899 0.19636141 0.1836507 0.17093999 0.15978317 0.14869468 0.13760618 0.12826426 0.12295174 0.11763922 0.11232671 0.10231485 0.089737797 0.080560775 0.080496696 0.080432616 0.079556974 0.078625969 0.077694965 0.079957848 0.088377529 0.096797211 0.10521689 0.11998889 0.1369124 0.1468571 0.14681765 0.1467782 0.14673874 0.14950259 0.15265682 0.1586583 0.16670664 0.17403635 0.17987598 0.18571561 0.19155524 0.18714324 0.18095949 0.17477573 0.16835122 0.16162133 0.15743813 0.16207639 0.16671465
-9999 0.23840015 0.23854204 0.23897466 0.24077807 0.24258148 0.24438488 0.24330141 0.23888611 0.23436576 0.22755222 0.22073868 0.21392514 0.20514756 0.19243685 0.17972615 0.16701544 0.15541292 0.14432442 0.13498249 0.12966998 0.12435746 0.11234966 0.099772605 0.087195549 0.078018528 0.077954448 0.077890369 0.07782629 0.077170418 0.076239413 0.078502297 0.086921978 0.095345918 0.11226943 0.12919293 0.14611644 0.15606115 0.1560217 0.15633363 0.15948786 0.16264208 0.16579631 0.17179779 0.17984613 0.18789447 0.19569025 0.20152988 0.20736951 0.20295751 0.19677376 0.1902456 0.18351571 0.17678582 0.17260263 0.17724089 0.18186418
-9999 0.24814109 0.24906552 0.25086892 0.25267233 0.25447574 0.25627914 0.25519567 0.24996545 0.24315191 0.23633837 0.22952484 0.2227113 0.21393371 0.201223 0.1885123 0.17580159 0.16309089 0.15104266 0.14170073 0.13496152 0.12238447 0.10980741 0.097230357 0.084653302 0.07547628 0.075412201 0.075348121 0.075284042 0.075219963 0.074783862 0.077046746 0.087626457 0.10454997 0.12147347 0.13839698 0.15532049 0.1652652 0.1663189 0.16947312 0.17262735 0.17578157 0.1789358 0.18493728 0.19298562 0.20103396 0.2090823 0.21713064 0.22318378 0.21877178 0.21213999 0.2054101 0.19868021 0.19195032 0.18776712 0.19096343 0.18808208
-9999 0.25899931 0.26080271 0.26260612 0.26440953 0.26621293 0.26801634 0.2649118 0.25809826 0.25128472 0.24447118 0.23765764 0.2308441 0.22133657 0.20862587 0.19591516 0.18320446 0.17049375 0.15778304 0.14511275 0.1325357 0.11995864 0.10738159 0.094804531 0.082227476 0.074387592 0.074323512 0.074259433 0.074195354 0.074131274 0.074067195 0.07980552 0.096729029 0.11365254 0.13057605 0.14749955 0.16442306 0.1753105 0.17846473 0.18161895 0.18477318 0.1879274 0.19108162 0.1957009 0.20374924 0.21179758 0.21984592 0.22789426 0.2359426 0.23139042 0.22466053 0.21793064 0.21120075 0.20447086 0.20029865 0.19741731 0.19453596
-9999 0.26970714 0.27151055 0.27331395 0.27511736 0.27692076 0.27385455 0.26876277 0.26194923 0.25513569 0.24832215 0.24150861 0.23435308 0.22395845 0.20728184 0.19425233 0.18154162 0.16883092 0.15612021 0.14344992 0.13087286 0.11829581 0.10571875 0.093141697 0.084497331 0.080150469 0.082478402 0.082696961 0.082632882 0.082568802 0.082504723 0.088243048 0.10516656 0.12209007 0.13901357 0.15593708 0.17103009 0.18094415 0.18409837 0.18725259 0.19040682 0.19356104 0.19793811 0.19859299 0.19894204 0.20699038 0.21503873 0.22308707 0.23113541 0.22658323 0.21985334 0.21312345 0.20639356 0.20563581 0.20829905 0.20541771 0.20253636
-9999 0.28041497 0.28221838 0.28402178 0.28490545 0.28130548 0.27770552 0.27261374 0.2658002 0.25898666 0.25215578 0.24489812 0.23764046 0.22724582 0.21056922 0.19389262 0.17987879 0.16716808 0.15445738 0.14178708 0.12921003 0.11663297 0.10405592 0.096836147 0.089998924 0.085652062 0.087979995 0.090307928 0.09107041 0.091006331 0.090942251 0.096680576 0.11360408 0.13052759 0.14738557 0.16202465 0.17666374 0.18657779 0.18973201 0.19288624 0.19623997 0.20068398 0.20512799 0.20578287 0.2037138 0.20218319 0.21023153 0.21827987 0.22632821 0.22177604 0.21504614 0.20831625 0.20937229 0.21363621 0.21629945 0.2134181 0.21053676
-9999 0.29112281 0.29292621 0.29235638 0.28875642 0.28515645 0.28155649 0.27646471 0.26965117 0.26270082 0.25544316 0.2481855 0.24092784 0.2305332 0.2138566 0.19717999 0.18050339 0.16550525 0.15279454 0.14012425 0.12754719 0.11601219 0.10917496 0.10233774 0.095500516 0.091153655 0.093481588 0.095809521 0.098137454 0.099443859 0.099379779 0.1051181 0.12204161 0.13838013 0.15301922 0.1676583 0.18229738 0.19221143 0.19536565 0.19898584 0.20342985 0.20787387 0.21231788 0.21297276 0.21090368 0.20883461 0.20676554 0.21347268 0.22152102 0.21696884 0.21023895 0.21310876 0.21737269 0.22163661 0.22429985 0.2214185 0.21534087
-9999 0.30183064 0.29980731 0.29620735 0.29260739 0.28900742 0.28540746 0.28031568 0.27324586 0.2659882 0.25873054 0.25147288 0.24421521 0.23382058 0.21714398 0.20046737 0.18379077 0.16711417 0.15113171 0.13846142 0.128351 0.12151378 0.11467656 0.10783933 0.10100211 0.096655248 0.098983181 0.10131111 0.10363905 0.10596698 0.10781731 0.11355563 0.12937469 0.14401378 0.15865286 0.17329194 0.18793102 0.19784507 0.20173171 0.20617573 0.21061974 0.21506375 0.21950776 0.22016264 0.21809357 0.2160245 0.21395542 0.21188635 0.21671383 0.21258132 0.21684524 0.22110916 0.22537308 0.22963701 0.23230024 0.22406648 0.20811621
-9999 0.30264357 0.29904361 0.29544365 0.29184369 0.28824373 0.28464376 0.2827786 0.27552094 0.26826328 0.26100561 0.25374795 0.24649029 0.2377716 0.22134907 0.20467247 0.18799587 0.17131926 0.15464266 0.14094134 0.13410411 0.12726689 0.12042967 0.11359244 0.10675522 0.1023198 0.10570229 0.10803022 0.11035816 0.11268609 0.11501402 0.12154704 0.13618612 0.1508252 0.16546429 0.18010337 0.19474245 0.1986674 0.20311141 0.20755542 0.21199943 0.21644345 0.22088746 0.22524505 0.22317597 0.2211069 0.21903782 0.21696875 0.21489967 0.2174102 0.22167413 0.22593805 0.23020197 0.23446589 0.23666956 0.22219509 0.20624482
-9999 0.29115706 0.2875571 0.28395714 0.28035718 0.27810202 0.28345809 0.28288776 0.27547759 0.26818612 0.26092846 0.2536708 0.24641314 0.23769444 0.22604996 0.21101002 0.19433341 0.17765681 0.16098021 0.14727888 0.14044166 0.13360444 0.12676721 0.11992999 0.1062876 0.099329639 0.11166018 0.11757839 0.11990633 0.12223426 0.12456219 0.13109521 0.14573429 0.16037338 0.17501246 0.1894774 0.19997713 0.2024831 0.19355288 0.19543435 0.19987837 0.20432238 0.20876639 0.21533329 0.22336135 0.22129228 0.2192232 0.21715413 0.21508505 0.21646222 0.21913357 0.22339749 0.22766141 0.23192534 0.234129 0.22919617 0.21681247
-9999 0.27967055 0.27607059 0.27247063 0.27286644 0.2782225 0.28357857 0.28300824 0.27559808 0.26818792 0.26085131 0.25359364 0.24633598 0.23761729 0.2259728 0.21432831 0.20067096 0.18399435 0.16731775 0.15361643 0.14677921 0.13994198 0.13160643 0.11745194 0.10329744 0.096339481 0.10867002 0.12100056 0.1294545 0.13178243 0.13411036 0.14064338 0.15528247 0.16992155 0.18333714 0.19383687 0.2043366 0.20684257 0.19791235 0.18898213 0.1877573 0.19220131 0.19664532 0.20321223 0.21130525 0.21939827 0.21940858 0.21733951 0.21527043 0.2166476 0.21862038 0.22085693 0.22512086 0.22938478 0.23158844 0.22665562 0.22172279
-9999 0.26818404 0.26458408 0.26763085 0.27298692 0.27834299 0.28369906 0.28312873 0.27571857 0.2683084 0.26089824 0.25351649 0.24625883 0.23754014 0.22589565 0.21425116 0.20260667 0.1903319 0.1736553 0.15995397 0.15311675 0.14277077 0.12861627 0.11446178 0.10030729 0.093349323 0.10567986 0.11801041 0.13034095 0.1413306 0.14365854 0.15019156 0.16483064 0.17719688 0.18769661 0.19819634 0.20869606 0.21120204 0.20227182 0.1933416 0.18441137 0.18008024 0.18452425 0.19109116 0.19918418 0.20727721 0.21537023 0.21752488 0.21545581 0.21683298 0.21880575 0.22077853 0.2227513 0.22684422 0.22904789 0.22411506 0.21918224
-9999 0.2570392 0.26239527 0.26775134 0.27310741 0.27846348 0.28381955 0.28324921 0.27583905 0.26842889 0.26101873 0.25360857 0.24619841 0.23746298 0.2258185 0.21417401 0.20252952 0.19088503 0.17924054 0.16629152 0.1539351 0.13978061 0.12562612 0.11147162 0.097317128 0.090359165 0.10268971 0.11502025 0.12735079 0.13968133 0.15201187 0.15973973 0.17105662 0.18155635 0.19205607 0.2025558 0.21305553 0.21556151 0.20663128 0.19770106 0.18877084 0.17984062 0.17240318 0.17897009 0.18706311 0.19515614 0.20324916 0.21134219 0.21564119 0.21701836 0.21899113 0.22096391 0.22293668 0.22490946 0.22650733 0.2215745 0.21664168
-9999 0.24898213 0.2543382 0.25969427 0.26505034 0.27040641 0.27434681 0.27003962 0.26262946 0.25521929 0.24780913 0.24039897 0.23294993 0.22908587 0.22372542 0.21208093 0.20043644 0.18879196 0.17714747 0.16474399 0.1505895 0.136435 0.12228051 0.10812602 0.093971524 0.099029451 0.11414332 0.12647386 0.1388044 0.15113494 0.16346549 0.17517068 0.18567041 0.19617014 0.20666987 0.2171696 0.22688229 0.22571005 0.21677983 0.20784961 0.19891938 0.18998916 0.18155257 0.17395711 0.18031603 0.18840906 0.19650208 0.2045951 0.21268813 0.21556278 0.21753556 0.21950833 0.22148111 0.22345388 0.21791069 0.21297787 0.20804504
-9999 0.23475658 0.24011265 0.24546872 0.25082479 0.2527007 0.25108209 0.24677489 0.23936473 0.23195457 0.22454441 0.21693509 0.20898343 0.20511937 0.20944095 0.20846721 0.19682272 0.18517823 0.17353374 0.16113027 0.14697577 0.13282128 0.11866679 0.10838657 0.10841791 0.11349914 0.13211536 0.14882268 0.16115323 0.17348377 0.18581431 0.1975195 0.20801923 0.21851896 0.22901869 0.23714717 0.24139765 0.2402254 0.23129518 0.22236496 0.21343474 0.20540157 0.19820834 0.19061287 0.18272826 0.18571567 0.1938087 0.20190172 0.20999475 0.2128694 0.21484217 0.21681495 0.21797816 0.21114966 0.20474584 0.19981301 0.19488018
-9999 0.22053103 0.2258871 0.23124316 0.23105459 0.22943597 0.22781736 0.22351017 0.21610001 0.20868985 0.20092024 0.19296859 0.18501693 0.18115287 0.18547445 0.18979603 0.193209 0.18156451 0.16992002 0.15751654 0.14336205 0.12920756 0.12282493 0.12285627 0.12288761 0.12796884 0.14658505 0.16520127 0.18350205 0.19583259 0.20816313 0.21986833 0.23036805 0.24086778 0.24741204 0.25166252 0.255913 0.25474075 0.24581053 0.23688031 0.22925058 0.22205734 0.21486411 0.20726864 0.19938403 0.19149941 0.19111531 0.19920834 0.20730136 0.21017601 0.21214879 0.21164179 0.2048133 0.19798481 0.19158098 0.18664815 0.18171533
-9999 0.20630547 0.21102709 0.20940848 0.20778986 0.20617125 0.20455264 0.20024544 0.19283528 0.1849054 0.17695374 0.16900209 0.16105043 0.15718637 0.16150795 0.16582953 0.17015111 0.17447269 0.16630629 0.15390282 0.13974832 0.13726328 0.13729462 0.13732596 0.1373573 0.14243853 0.16105475 0.17967096 0.19828717 0.21690339 0.23051195 0.24221715 0.25271688 0.25767691 0.26192739 0.26617787 0.27042835 0.2692561 0.26032588 0.25309959 0.24590635 0.23871311 0.23151987 0.22392441 0.2160398 0.20815518 0.20027056 0.19651496 0.20460798 0.20748263 0.20530543 0.19847694 0.19164844 0.18481995 0.17841613 0.1734833 0.16864677
-9999 0.18938098 0.18776237 0.18614375 0.18452514 0.18290653 0.18128791 0.17684221 0.16889056 0.1609389 0.15298724 0.14503559 0.13708393 0.13321987 0.13754145 0.14186303 0.14618461 0.15050619 0.15482777 0.15167029 0.15170163 0.15173297 0.15176431 0.15179565 0.15182699 0.15690823 0.17552444 0.19414065 0.21275687 0.23137308 0.24998929 0.2636913 0.26794178 0.27219226 0.27644274 0.28069322 0.2849437 0.28414183 0.27694859 0.26975535 0.26256212 0.25536888 0.24817564 0.24058018 0.23269556 0.22481095 0.21692633 0.20904172 0.2019146 0.19896907 0.19214058 0.18531208 0.17848359 0.1716551 0.165255 0.16043641 0.15561783
