mean_models/J1_mean_vp_slide_diff2_260.dat.tif
NCOLS 118
NROWS 92
XLLCORNER 139.62
YLLCORNER -39.07
DX 0.099491525
DY 0.099347826
NODATA_VALUE -9999
[rows 0 to 23 of 92, columns 55 to 109 of 118]
-9999 -9999 -9999 -9999 -9999 -9999 -9999 -9999 -9999 -9999 -9999 -9999 -9999 -9999 -9999 -9999 -9999 -9999 -9999 -9999 -9999 -9999 -9999 -9999 -9999 -9999 -9999 -9999 -9999 -9999 -9999 -9999 -9999 -9999 -9999 -9999 -9999 -9999 -9999 -9999 -9999 -9999 -9999 -9999 -9999 -9999 -9999 -9999 -9999 -9999 -9999 -9999 -9999 -9999 -9999
0.085481957 0.050852865 0.016223774 -0.018405317 -0.053034409 -0.074353305 -0.077008057 -0.077044301 -0.077080544 -0.077116787 -0.077153031 -0.04301071 -0.041562113 -0.040113517 -0.03866492 -0.037216323 -0.033416314 -0.026607408 -0.019798503 -0.012989598 -0.0061806928 -0.033575162 -0.037048118 -0.01112607 0.014795977 0.040718025 0.066640073 0.053624196 0.022618319 -0.008387558 -0.039393435 -0.065760529 -0.063967397 -0.073880543 -0.085732611 -0.09758468 -0.10943675 -0.12111721 -0.12721291 -0.13330862 -0.13940433 -0.14550004 -0.1382563 -0.1445817 -0.14184894 -0.13911617 -0.13638341 -0.13365064 -0.1349024 -0.13095873 -0.12667701 -0.12239529 -0.11811357 -0.11440146 -0.1158432
0.065227019 0.061181314 0.026552222 -0.0080768691 -0.04270596 -0.064024856 -0.076298913 -0.080972679 -0.081008923 -0.081045166 -0.081081409 -0.039859903 0.0016388751 0.0030874717 0.0045360683 0.0059846649 0.0097846746 0.01659358 0.023402485 0.03021139 -0.0028178773 -0.039289525 -0.052304519 -0.059771319 -0.033849272 -0.0079272241 0.017994824 0.0049789467 -0.02602693 -0.057032807 -0.079528689 -0.072793113 -0.070999982 -0.078112687 -0.087539707 -0.099391776 -0.11124384 -0.1229243 -0.12902001 -0.13511572 -0.14121143 -0.13269868 -0.1179792 -0.12637252 -0.13627055 -0.13353779 -0.13080503 -0.12807226 -0.12932402 -0.13247531 -0.12883017 -0.12454845 -0.12026673 -0.11655461 -0.11314703
0.028070932 0.034201742 0.036880671 0.0022515793 -0.032377512 -0.053696408 -0.065970464 -0.078244521 -0.084937301 -0.084973545 -0.085009788 -0.043788282 -0.001149108 0.041490065 0.047737057 0.049185653 0.052985663 0.059794568 0.064936356 0.028202058 -0.00853224 -0.045003888 -0.058018881 -0.071033875 -0.082494521 -0.056572473 -0.030650426 -0.043666302 -0.074672179 -0.09329685 -0.086561274 -0.079825697 -0.078032566 -0.085145271 -0.092257977 -0.10119887 -0.11305094 -0.1247314 -0.13082711 -0.13692282 -0.12714106 -0.11242158 -0.097702104 -0.10609542 -0.11695033 -0.12780524 -0.12522665 -0.12249388 -0.12374564 -0.12689693 -0.13004823 -0.12670161 -0.12241989 -0.11870777 -0.11530019
-0.0090851546 -0.0029543447 0.0031764652 0.0093072752 -0.022049064 -0.04336796 -0.055642016 -0.067916072 -0.080190129 -0.088901923 -0.088938166 -0.04771666 -0.0050774866 0.037561687 0.08020086 0.092386641 0.096186651 0.095956291 0.059221993 0.022487695 -0.014246603 -0.050718251 -0.063733244 -0.076748237 -0.089763231 -0.10277822 -0.079295675 -0.092311551 -0.10706501 -0.10032943 -0.093593858 -0.086858282 -0.08506515 -0.092177855 -0.099290561 -0.10640327 -0.11485804 -0.12653849 -0.1326342 -0.12158344 -0.10686396 -0.092144484 -0.077425006 -0.085818324 -0.096673233 -0.10752814 -0.11838305 -0.1169155 -0.11816726 -0.12131855 -0.12446985 -0.12762114 -0.12457305 -0.12086093 -0.11745334
-0.046241242 -0.040110432 -0.033979622 -0.027848812 -0.021718002 -0.033039511 -0.045313568 -0.057587624 -0.06986168 -0.082135736 -0.092866545 -0.051645039 -0.0090058653 0.033633308 0.076272482 0.11891166 0.12697623 0.090241928 0.05350763 0.016773332 -0.019960966 -0.056432614 -0.069447607 -0.0824626 -0.095477593 -0.10849259 -0.12150758 -0.12083317 -0.11409759 -0.10736202 -0.10062644 -0.093890866 -0.092097734 -0.09921044 -0.10632315 -0.11343585 -0.12054856 -0.12834559 -0.11602582 -0.10130634 -0.086586864 -0.071867386 -0.057147907 -0.065541226 -0.076396134 -0.087251042 -0.09810595 -0.10896086 -0.11258888 -0.11574017 -0.11889147 -0.12204276 -0.12519405 -0.12301409 -0.1196065
-0.051496475 -0.045365665 -0.039234855 -0.033104045 -0.030851202 -0.034822413 -0.044648248 -0.056922304 -0.069196361 -0.081470417 -0.093744473 -0.052929504 -0.010290331 0.032348843 0.074988016 0.099120565 0.083720829 0.046986531 0.010252234 -0.026482064 -0.063173876 -0.070365492 -0.062750399 -0.075765392 -0.088780385 -0.10179538 -0.11481037 -0.11431624 -0.10758067 -0.10084509 -0.094109516 -0.088632718 -0.087376148 -0.091171897 -0.098284602 -0.10539731 -0.11251001 -0.11897184 -0.10425237 -0.089532887 -0.074813409 -0.06009393 -0.06265044 -0.073025465 -0.083880373 -0.094735281 -0.10559019 -0.1076346 -0.10876431 -0.1119156 -0.11506689 -0.11821819 -0.12933385 -0.13309077 -0.12968318
-0.051697707 -0.045566897 -0.039436087 -0.038365525 -0.038464839 -0.04243605 -0.049038379 -0.057787899 -0.070061955 -0.082336011 -0.094610068 -0.053795098 -0.011155925 0.031483249 0.048644654 0.049917603 0.034517867 -0.0022164306 -0.038950728 -0.071317391 -0.078684186 -0.085875801 -0.077422588 -0.068969375 -0.080116832 -0.093131826 -0.10614682 -0.10565269 -0.098917115 -0.092181539 -0.087187043 -0.084278324 -0.083021754 -0.084742206 -0.087858365 -0.094971071 -0.10208378 -0.10854561 -0.093826129 -0.07910665 -0.064387171 -0.068663643 -0.074532863 -0.084907888 -0.095762796 -0.1066177 -0.10719872 -0.10408788 -0.10521759 -0.10836888 -0.11152018 -0.12350833 -0.14066585 -0.14442276 -0.14101518
-0.051898939 -0.045780534 -0.045879848 -0.045979162 -0.046078476 -0.050049687 -0.056652016 -0.063254345 -0.070927549 -0.083201606 -0.095475662 -0.054660693 -0.012021519 -0.0018312564 -0.00055830759 0.00071464125 -0.014685095 -0.051419393 -0.079460906 -0.0868277 -0.094194495 -0.10138611 -0.092932898 -0.084479685 -0.076026472 -0.084468272 -0.097483266 -0.096989138 -0.090253562 -0.085741368 -0.082832649 -0.07992393 -0.07866736 -0.080387812 -0.082108265 -0.084544833 -0.091657539 -0.09811937 -0.083399891 -0.068807627 -0.074676846 -0.080546066 -0.086415286 -0.096790311 -0.10764522 -0.10676283 -0.103652 -0.10054117 -0.10167087 -0.10482217 -0.11768281 -0.13484033 -0.15199784 -0.15575476 -0.15234717
-0.053294858 -0.053394171 -0.053493485 -0.053592799 -0.053692113 -0.057663324 -0.064265653 -0.070867981 -0.07747031 -0.084072639 -0.096341256 -0.055526287 -0.052307167 -0.051034219 -0.04976127 -0.048488321 -0.063888057 -0.08760442 -0.094971215 -0.10233801 -0.1097048 -0.11689642 -0.10844321 -0.099989994 -0.091536781 -0.083083568 -0.088819712 -0.088325585 -0.084295694 -0.081386974 -0.078478255 -0.075569536 -0.074312966 -0.076033418 -0.077753871 -0.079474323 -0.081231301 -0.087693133 -0.07482083 -0.080690049 -0.086559269 -0.092428489 -0.098297708 -0.10867273 -0.10632694 -0.10321611 -0.10010528 -0.096994448 -0.098124153 -0.11185729 -0.12901481 -0.14617232 -0.16332983 -0.16708675 -0.1637743
-0.061068393 -0.061167707 -0.061267021 -0.061366335 -0.061465648 -0.064328844 -0.070931172 -0.077533501 -0.08413583 -0.090738159 -0.097340487 -0.096329153 -0.095056204 -0.093783256 -0.092510307 -0.091237358 -0.094112538 -0.10147933 -0.10884613 -0.11621292 -0.12357972 -0.1292849 -0.12107946 -0.11262625 -0.10417303 -0.09571982 -0.087266607 -0.082605753 -0.079697033 -0.076788314 -0.073879595 -0.070970876 -0.072102631 -0.073823083 -0.075543536 -0.077263988 -0.078984441 -0.080828579 -0.086697799 -0.092567018 -0.098436238 -0.10430546 -0.10976419 -0.10662388 -0.10351305 -0.10040222 -0.097291386 -0.094180554 -0.10542643 -0.12258394 -0.13974145 -0.15689897 -0.17405648 -0.17508721 -0.17180996
-0.069889859 -0.069989173 -0.070088487 -0.070187801 -0.062198404 -0.063579472 -0.071382998 -0.077985327 -0.084587655 -0.091189984 -0.097792313 -0.096780979 -0.09550803 -0.094235081 -0.092962132 -0.093425326 -0.097269523 -0.10463632 -0.11200311 -0.11936991 -0.12386773 -0.12106014 -0.11444377 -0.10642674 -0.097973522 -0.089520309 -0.081067096 -0.076406241 -0.073497522 -0.070588803 -0.067680084 -0.07563993 -0.085360878 -0.085664309 -0.087384762 -0.089105214 -0.090825667 -0.092669805 -0.098539025 -0.10440824 -0.11027746 -0.11517005 -0.11175301 -0.1086127 -0.10550187 -0.10239104 -0.099280205 -0.10014782 -0.11218581 -0.12934332 -0.14650083 -0.16365834 -0.16388241 -0.16061223 -0.15733498
-0.078711325 -0.078810639 -0.078206068 -0.069461474 -0.060716879 -0.062097947 -0.07035983 -0.078437152 -0.085039481 -0.09164181 -0.098244138 -0.097232804 -0.095959856 -0.094686907 -0.095490979 -0.09658231 -0.10042651 -0.1077933 -0.1151601 -0.11840792 -0.11564297 -0.11283538 -0.10621901 -0.099602635 -0.091774011 -0.083320798 -0.074867585 -0.07020673 -0.067298011 -0.064389292 -0.074190473 -0.089233404 -0.098954351 -0.099085567 -0.099225988 -0.10094644 -0.10266689 -0.10451103 -0.11038025 -0.11624947 -0.12057592 -0.11715887 -0.11374183 -0.11060152 -0.10749069 -0.10437986 -0.10560807 -0.1069072 -0.11894518 -0.1361027 -0.15326021 -0.15266439 -0.14940743 -0.14613725 -0.14286
-0.087532791 -0.085469138 -0.076724544 -0.067979949 -0.059235355 -0.060616423 -0.068878306 -0.077140188 -0.085402071 -0.092093635 -0.098695964 -0.09768463 -0.0964653 -0.097556631 -0.098647963 -0.099739294 -0.10358349 -0.11095029 -0.1129481 -0.11018316 -0.10741822 -0.10461063 -0.097994251 -0.091377877 -0.084761503 -0.077121286 -0.068668073 -0.064007219 -0.061098499 -0.072741015 -0.087783946 -0.10282688 -0.11254782 -0.11267904 -0.11281026 -0.11294147 -0.11450812 -0.11635226 -0.12222148 -0.12598178 -0.12256474 -0.11914769 -0.11573065 -0.11259034 -0.10976919 -0.11106832 -0.11236745 -0.11366658 -0.12570456 -0.14286207 -0.14144637 -0.13818941 -0.13493246 -0.13166228 -0.12838503
-0.092732208 -0.083987614 -0.075243019 -0.066498425 -0.05775383 -0.059134898 -0.067396781 -0.075658664 -0.083920547 -0.09218243 -0.09914779 -0.098530952 -0.099622284 -0.10071362 -0.10180495 -0.10289628 -0.10674048 -0.10748829 -0.10472334 -0.1019584 -0.099193458 -0.096385867 -0.089769493 -0.083153119 -0.076536745 -0.06992037 -0.062468562 -0.057807707 -0.071291557 -0.086334488 -0.10137742 -0.11642035 -0.1261413 -0.12627251 -0.12640373 -0.12653495 -0.12666616 -0.12819348 -0.13138765 -0.1279706 -0.12455356 -0.12113651 -0.11771947 -0.11522944 -0.11652857 -0.1178277 -0.11912683 -0.12042596 -0.13246394 -0.13022834 -0.12697139 -0.12371443 -0.12045748 -0.1171873 -0.10382593
-0.090539199 -0.081794605 -0.07305001 -0.064305416 -0.055560821 -0.05650236 -0.064764243 -0.073026126 -0.081288008 -0.089549891 -0.097811774 -0.096558765 -0.097650096 -0.098741428 -0.099832759 -0.10092409 -0.10032379 -0.097558843 -0.0947939 -0.092028956 -0.089264013 -0.089601406 -0.086705445 -0.08008907 -0.073472696 -0.066856322 -0.060239948 -0.068438243 -0.083481174 -0.098524105 -0.11356704 -0.12860997 -0.13689798 -0.13702919 -0.13716041 -0.13729162 -0.13742284 -0.13744827 -0.13403123 -0.13061418 -0.12719714 -0.12378009 -0.11943721 -0.12196811 -0.12326724 -0.12456637 -0.1258655 -0.12716462 -0.12250099 -0.11924403 -0.11598708 -0.11273012 -0.10947317 -0.10308399 -0.088898093
-0.089841978 -0.077948364 -0.06920377 -0.060459175 -0.051714581 -0.052364597 -0.059457166 -0.067719049 -0.075980932 -0.084242815 -0.092504698 -0.086732701 -0.083759579 -0.084850911 -0.085942242 -0.087033574 -0.086433269 -0.083668326 -0.080903382 -0.078138439 -0.079777824 -0.085745865 -0.090481849 -0.089016635 -0.082400261 -0.075783887 -0.069167513 -0.077365808 -0.092408739 -0.10745167 -0.1224946 -0.12813158 -0.13306699 -0.14041528 -0.14132541 -0.14145662 -0.14158784 -0.14161327 -0.13819623 -0.13477918 -0.13136213 -0.12668263 -0.11923598 -0.12533099 -0.12995778 -0.13125691 -0.13255604 -0.13385517 -0.12597248 -0.11637077 -0.11311381 -0.10985686 -0.1065999 -0.10435456 -0.099283746
-0.097569337 -0.079097136 -0.065357529 -0.056612935 -0.04786834 -0.048518357 -0.055552407 -0.062586458 -0.070673856 -0.078935739 -0.087197622 -0.081425625 -0.075171407 -0.070960394 -0.072051725 -0.073143057 -0.072542752 -0.069777808 -0.067012865 -0.069940447 -0.075922283 -0.081890323 -0.086626308 -0.091362292 -0.091327826 -0.084711452 -0.078095077 -0.086293373 -0.1013363 -0.11637923 -0.12057359 -0.12416992 -0.12910533 -0.13645363 -0.14380192 -0.14562162 -0.14575284 -0.14577827 -0.14236123 -0.13894418 -0.13392804 -0.12648139 -0.11903475 -0.12512976 -0.13266701 -0.13794746 -0.13924659 -0.14054572 -0.13266302 -0.12040308 -0.11024055 -0.10698359 -0.10372664 -0.1014813 -0.099776808
-0.1052967 -0.086824495 -0.068352294 -0.052766694 -0.0440221 -0.044672116 -0.051706167 -0.058740218 -0.065774269 -0.073628662 -0.081890545 -0.076118548 -0.06986433 -0.063610112 -0.058161208 -0.05925254 -0.058652235 -0.055887291 -0.06010307 -0.066084906 -0.072066742 -0.078034782 -0.082770767 -0.087506751 -0.092242735 -0.093639016 -0.087022642 -0.095220937 -0.10941926 -0.1130156 -0.11661193 -0.12020827 -0.12514368 -0.13249197 -0.13984027 -0.14718856 -0.14991784 -0.14994327 -0.14652623 -0.14117346 -0.13372681 -0.12628016 -0.11883351 -0.12492853 -0.13246578 -0.14000303 -0.14593714 -0.14723627 -0.13935357 -0.12709363 -0.11483369 -0.10411033 -0.10085337 -0.098608031 -0.096903542
-0.11302405 -0.094551853 -0.076079652 -0.057607452 -0.040175859 -0.040825876 -0.047859926 -0.054893977 -0.061928028 -0.068962079 -0.076583469 -0.070811472 -0.064557254 -0.058303036 -0.052048818 -0.045794599 -0.044761717 -0.050265693 -0.056247529 -0.062229365 -0.068211201 -0.074179241 -0.078915225 -0.08365121 -0.088387194 -0.093123178 -0.095950207 -0.10186127 -0.10545761 -0.10905394 -0.11265028 -0.11624662 -0.12118203 -0.12853032 -0.13587861 -0.14322691 -0.1505752 -0.15410827 -0.14841887 -0.14097223 -0.13352558 -0.12607893 -0.11863228 -0.1247273 -0.13226455 -0.13980179 -0.14733904 -0.15392682 -0.14604412 -0.13378418 -0.12152423 -0.10926429 -0.097980105 -0.095734765 -0.094030276
-0.10440112 -0.085928921 -0.06745672 -0.048984519 -0.038871972 -0.044666963 -0.051244669 -0.05827872 -0.065312771 -0.072346822 -0.079380873 -0.073568088 -0.06731387 -0.061059651 -0.054805433 -0.049977578 -0.056734146 -0.062715982 -0.068697818 -0.074679654 -0.08066149 -0.068700304 -0.071526427 -0.076262411 -0.080998396 -0.08573438 -0.090470364 -0.094426846 -0.098023183 -0.10161952 -0.10521586 -0.10881219 -0.11722701 -0.12238791 -0.12973621 -0.1370845 -0.1444328 -0.15134001 -0.14389337 -0.13644672 -0.12900007 -0.12155342 -0.11724951 -0.1239247 -0.13146195 -0.1389992 -0.14653644 -0.14944462 -0.13870683 -0.12644688 -0.11418694 -0.101927 -0.097049919 -0.1016703 -0.099965814
-0.08344486 -0.064972659 -0.046500459 -0.042186269 -0.054268982 -0.060063974 -0.061586194 -0.067117929 -0.07415198 -0.081186031 -0.088220081 -0.082407296 -0.076153078 -0.06989886 -0.067365647 -0.074727658 -0.081484226 -0.087466062 -0.093447898 -0.099429734 -0.083182688 -0.062055625 -0.063763876 -0.066208411 -0.070944396 -0.07568038 -0.080416364 -0.084372846 -0.087969183 -0.09156552 -0.096370969 -0.10965628 -0.11808309 -0.11775533 -0.12194882 -0.12929711 -0.13664541 -0.14355262 -0.13610598 -0.12865933 -0.12121268 -0.11741231 -0.11599329 -0.12266848 -0.13020573 -0.13774297 -0.13907077 -0.13152587 -0.12078807 -0.10852813 -0.096268187 -0.093179576 -0.1096301 -0.11425049 -0.112546
-0.062488599 -0.044016398 -0.045500567 -0.05758328 -0.069665993 -0.075460985 -0.076983205 -0.078505425 -0.082991188 -0.090025239 -0.09705929 -0.091246505 -0.084992287 -0.084753716 -0.092115727 -0.099477738 -0.10623431 -0.11221614 -0.11819798 -0.097920765 -0.07653801 -0.055410947 -0.057119197 -0.058827448 -0.060890396 -0.06562638 -0.070362364 -0.074318846 -0.077915183 -0.083941741 -0.097227051 -0.11051236 -0.11893917 -0.11861141 -0.11828366 -0.12150972 -0.12885802 -0.13576523 -0.12831859 -0.12087194 -0.11757511 -0.11615609 -0.11473707 -0.12141226 -0.1289495 -0.12869692 -0.12115202 -0.11360711 -0.10286932 -0.090609376 -0.089309233 -0.10575976 -0.12221028 -0.12683067 -0.12512618
-0.041532337 -0.048814865 -0.060897578 -0.072980291 -0.085063003 -0.090857995 -0.092380216 -0.093902436 -0.095424656 -0.098864448 -0.1058985 -0.10008571 -0.10214179 -0.1095038 -0.11686581 -0.12422782 -0.13098439 -0.1340416 -0.11265884 -0.091276087 -0.069893331 -0.048766268 -0.050474519 -0.05218277 -0.05389102 -0.055599271 -0.060308364 -0.064264846 -0.071512513 -0.084797823 -0.098083133 -0.11136844 -0.11979526 -0.1194675 -0.11913974 -0.11881198 -0.12107063 -0.12797784 -0.1205312 -0.11773791 -0.11631889 -0.11489987 -0.11348085 -0.12015603 -0.11832306 -0.11077816 -0.10323326 -0.09568836 -0.084950564 -0.08543889 -0.10188942 -0.11833994 -0.13479047 -0.13941085 -0.13611417
