mean_models/J1_mean__temp2_slide_100.dat.tif
NCOLS 118
NROWS 92
XLLCORNER 139.62
YLLCORNER -39.07
DX 0.099491525
DY 0.099347826
NODATA_VALUE -9999
[rows 27 to 53 of 92, columns 0 to 59 of 118]
-9999 817.60459 810.42359 802.33218 788.81927 775.30636 761.79346 752.18792 747.092 741.99608 736.90015 736.11588 736.51483 738.26328 742.7142 747.16512 751.61604 754.12507 755.85556 760.301 771.00994 781.71887 788.88536 795.61828 802.3512 814.67614 841.9891 869.30205 896.615 908.42237 913.98243 916.97095 915.00237 913.03378 914.1201 915.29983 916.47957 915.42515 911.17446 906.92377 902.67308 904.98382 907.92122 912.50157 918.263 924.02443 928.59042 926.02109 923.45177 916.21733 908.17664 900.13595 901.23746 912.4562 921.39987 922.46301 923.52615 924.58929 930.92518 938.2204
-9999 822.73009 812.76445 799.25155 785.73864 772.22574 758.71283 749.1073 744.01137 738.91545 733.81953 728.7236 726.31286 728.06131 732.51223 736.96315 741.41407 745.86499 749.12147 753.56691 763.61699 770.34991 777.08283 783.81576 790.54868 802.87362 830.18658 857.49953 884.81248 912.12544 929.44729 932.43581 931.17193 932.35166 933.5314 934.71113 935.89086 934.83645 930.58576 926.33507 922.08438 917.83369 918.47492 923.05526 928.8167 934.57813 940.33956 946.10099 944.09413 936.8597 928.819 920.77831 912.73762 910.1843 919.12798 920.19112 921.25425 922.31739 923.38053 928.53377
-9999 824.53712 811.02422 797.51131 783.99841 770.4855 756.97259 747.00659 741.91067 736.81475 731.71882 726.6229 721.52698 720.20632 724.65724 729.10816 733.55908 738.00999 742.46091 747.60188 754.3348 761.06772 767.80065 774.53357 781.26649 793.11562 820.42857 847.74153 875.05448 902.36743 929.68039 948.06709 949.24682 950.42655 951.60629 952.78602 953.96575 951.61435 947.36366 943.11297 938.86228 934.61159 930.3609 932.08289 937.84432 943.60575 949.36718 955.12862 960.89005 955.13842 947.09773 939.05704 931.01635 922.97566 918.70526 919.7684 920.83154 921.89467 922.95781 924.02095
-9999 833.83143 820.31852 806.80562 793.29271 779.77981 770.43794 759.97172 747.87704 742.78111 737.68519 732.58927 727.49334 727.01386 735.77906 740.57416 745.02508 749.476 753.92692 759.06788 765.80081 772.53373 779.26665 785.99958 801.67922 818.95875 829.47618 854.81467 882.12762 909.44058 936.75353 955.14023 956.31996 957.4997 958.67943 959.85916 954.80904 948.4335 942.46264 938.21195 933.96127 929.71058 925.45989 927.68995 934.30881 940.07024 945.83167 951.5931 957.35453 953.03615 945.91824 937.87755 929.83686 921.79616 918.80374 933.29787 935.63183 936.69496 937.7581 938.82124
-9999 843.12574 829.61283 816.09992 803.49754 794.61604 785.73455 775.26833 762.97313 750.67794 743.65155 738.55563 733.45971 732.98022 741.74543 750.51063 756.49109 760.94201 765.39293 770.53389 777.26681 783.99974 790.73266 810.00318 829.80564 847.08517 857.60261 868.12004 889.20076 916.51372 943.82667 962.21337 963.3931 964.57284 965.33087 958.73003 952.12918 945.75365 939.70045 933.64725 929.06025 924.80956 920.55887 922.78894 929.67794 936.53472 942.29616 948.05759 953.81902 949.50063 943.44018 936.69806 928.65737 920.61667 917.62424 932.11838 946.61252 951.49525 952.55839 953.62153
-9999 852.42004 838.90714 827.67564 818.79414 809.91265 801.03115 790.56494 778.26974 765.97454 753.67935 744.522 739.42607 738.94659 747.71179 756.477 765.2422 772.40802 776.85894 781.9999 788.73282 798.52469 818.32715 838.12961 857.93207 875.2116 885.72903 896.24647 906.7639 923.58686 950.89981 969.28651 970.46625 969.25185 962.65101 956.05017 949.44933 943.0738 937.02059 930.96739 924.91419 919.90854 915.65785 917.88792 924.77692 931.66592 938.55493 944.52207 950.28351 945.96512 939.90466 933.84421 927.47787 919.43718 916.44475 930.93889 945.43303 959.92717 967.35868 968.42182
-9999 861.71435 851.85374 842.97224 834.09075 825.20926 816.32776 805.86154 793.56635 781.27115 768.97596 756.68076 745.39244 744.91295 753.67816 762.44336 771.20856 779.97377 788.32494 793.46591 806.84865 826.65111 846.45357 866.25604 886.0585 903.33803 913.85546 924.3729 934.89033 945.40776 957.97296 976.35966 973.17284 966.572 959.97116 953.37032 946.76948 940.39394 934.34074 928.28754 922.23434 916.18113 910.75683 912.9869 919.8759 926.7649 933.65391 940.54291 946.74799 942.4296 936.36915 930.30869 924.24824 918.18778 915.26526 929.7594 944.25354 958.74768 973.24182 983.22211
-9999 874.9854 866.10391 857.22241 848.34092 839.45942 830.57793 816.86766 804.38771 792.09252 779.79732 767.50212 755.20693 757.01204 769.15131 777.91651 786.68171 795.44692 804.21212 816.31483 836.11729 855.91975 875.72221 895.52467 915.32713 922.03257 931.78785 942.30528 952.82272 963.34015 973.85759 978.52798 971.92714 965.32629 958.72545 952.12461 945.52377 939.85524 933.54879 927.49558 921.44238 915.38918 909.33598 905.51327 912.40228 919.29128 926.18028 933.06928 939.95829 941.9016 935.84114 929.78069 923.72023 917.65978 913.37163 924.8967 939.39084 953.88498 968.37911 982.87325
-9999 887.50971 878.62821 869.74672 860.86522 851.50236 840.95071 827.1804 809.69533 795.53297 783.23778 770.94258 758.64739 760.4525 790.4943 809.06897 817.83417 826.59937 835.36458 847.46728 867.26974 887.0722 906.87467 925.39252 925.6764 927.76278 934.68031 943.42489 953.94232 964.45976 974.97719 979.64758 973.04674 966.4459 959.84506 954.09398 952.33214 947.17242 937.15157 929.8173 923.7641 917.7109 911.65769 906.5334 902.07687 907.57471 914.46372 921.35272 928.24172 935.41618 940.27335 934.2129 928.15244 922.09199 917.80384 919.65473 928.4535 942.94764 957.44178 971.93592
-9999 900.03401 891.15252 882.27102 872.36674 861.81509 851.26345 837.49313 820.00807 802.523 786.67824 774.38304 762.08785 763.89296 793.93476 823.97656 848.98662 857.75183 866.51703 878.61974 898.4222 918.22466 930.83884 931.12273 931.40661 933.49299 940.41052 947.32804 955.06193 965.57936 976.0968 980.76719 974.16635 967.56551 963.17301 961.41116 959.64932 954.4896 944.46875 934.44789 926.08581 920.03261 913.97941 908.85511 904.39859 899.94207 902.74715 909.63615 916.52516 923.69962 930.92341 938.14721 932.58465 926.5242 922.23605 924.08694 925.93784 932.01031 946.50445 960.99859
-9999 912.55832 903.67682 893.23112 882.67948 872.12783 861.57618 847.80587 830.32081 812.83574 795.35068 777.86561 765.5283 767.33342 797.37522 827.41701 857.45881 887.50061 897.66949 909.77219 929.57465 936.28517 936.56905 936.85294 937.13682 939.2232 946.14073 953.05825 959.97578 966.89331 977.21641 981.8868 975.28596 972.25203 970.49019 968.72835 966.9665 961.80679 951.78593 941.76508 931.74422 922.35433 916.30113 911.17683 906.7203 902.26378 897.80726 897.91959 904.80859 911.98305 919.20685 926.43064 933.65444 930.95641 926.66825 928.51915 930.37005 932.22095 935.56712 950.06126
-9999 924.64715 914.09551 903.54386 892.99221 882.44057 871.88892 858.11861 840.63354 823.14848 805.66341 788.17835 770.69328 770.77388 800.81568 830.85747 860.89927 890.94107 920.98287 940.92464 941.7315 942.01538 942.29926 942.58315 942.86703 944.95341 951.87094 958.78846 965.70599 972.62352 979.54105 983.0929 981.33106 979.56922 977.80737 976.04553 974.28369 969.12397 959.10312 949.08226 939.06141 929.04055 919.01969 913.49854 909.04202 904.5855 900.12898 895.67245 893.09203 900.26649 907.49028 914.71408 921.93788 929.16167 931.10046 932.95136 934.80226 936.65316 938.50405 940.35495
-9999 930.56171 920.01006 909.45841 898.90676 888.35512 883.61708 876.71159 859.22652 841.74146 824.25639 806.77133 793.10653 794.35503 814.79583 844.83763 874.87943 904.92122 934.96302 956.00647 956.29035 956.57424 956.85812 957.142 953.43236 947.33974 963.56868 970.48621 977.40374 984.32126 991.23879 995.19173 993.42989 991.66804 989.9062 988.14436 981.15971 967.65737 957.63652 947.61566 937.59481 927.57395 917.62876 915.6389 913.97179 909.51527 905.05874 900.60222 896.1457 901.64829 908.87209 916.09588 923.31968 931.90268 945.88774 947.73864 949.58954 951.44043 953.29133 947.77582
-9999 934.98873 924.43708 913.88544 903.33379 902.74932 905.01055 898.10506 880.62 863.13493 845.64987 835.82447 830.18314 831.43164 846.47741 862.38245 892.42425 922.46605 952.50785 973.5513 973.83518 974.11906 974.40295 965.76323 949.74742 943.6548 964.15882 984.20226 991.11978 998.03731 1004.9548 1008.9078 1007.1459 1005.3841 1003.6222 992.65816 976.72232 963.21998 953.19913 943.17827 933.15742 923.24973 913.37365 911.38379 915.06323 915.32711 910.87059 906.41407 901.95755 907.46014 914.68393 921.90773 932.70406 950.19218 964.17724 966.02814 967.87904 969.72994 961.0615 948.2907
-9999 939.41576 928.86411 919.62034 921.88157 924.1428 926.40403 919.49854 902.01347 884.52841 878.54242 872.90108 867.25975 868.50825 883.55402 898.59979 913.64556 940.01088 970.05267 991.09612 991.38001 991.66389 978.09411 962.07829 946.06248 939.96986 960.47388 980.9779 1001.4819 1011.7534 1018.6709 1022.6238 1020.862 1019.1001 1004.1566 988.22077 972.28492 958.78259 948.76173 938.74677 928.8707 918.99462 909.11854 907.12868 910.80812 914.48756 916.68244 912.22592 907.7694 913.27199 920.49578 933.50544 950.99356 968.48168 982.46675 984.31764 986.16854 974.34718 961.57638 948.80558
-9999 943.84278 938.75258 941.01381 943.27504 945.53627 947.7975 940.89201 926.90169 921.26036 915.61902 909.97769 904.33636 905.58485 920.63063 935.6764 950.72217 965.76794 987.5975 1008.641 1006.4408 990.42498 974.40917 958.39335 942.37754 936.28492 956.78894 977.29296 997.79699 1018.301 1032.3869 1036.3399 1031.5909 1015.6551 999.71922 983.78338 967.84753 954.3452 944.36774 934.49166 924.61558 914.73951 904.86343 902.87357 906.55301 910.23245 913.91189 917.59133 913.58124 919.08383 934.30682 951.79494 969.28306 986.77118 1000.7562 1000.4037 987.63287 974.86206 962.09126 949.32046
-9999 958.34555 960.60678 962.86801 965.12924 967.39048 969.65171 965.30083 959.6595 954.01817 948.37683 942.7355 937.09417 937.02793 952.0737 967.11947 982.16524 997.21102 1012.2568 1017.91 1001.8942 985.87837 969.86256 953.84674 937.83093 930.9126 951.41662 971.92064 992.42467 1012.9287 1033.4327 1041.4901 1025.5542 1009.6184 993.68254 977.74669 961.81085 952.34742 942.47134 932.59526 922.71918 912.84311 902.96703 901.16385 904.84329 908.52273 912.20217 915.88161 919.56105 933.92607 951.4142 968.90232 986.39044 1003.8786 1015.2974 1002.5266 989.75577 976.98497 964.21417 951.44336
-9999 983.6746 985.93583 988.19706 990.45829 992.71952 969.95578 957.5785 959.84467 954.20333 948.562 942.92067 937.27933 935.59367 941.82947 956.07411 971.11988 986.16565 1001.2114 1006.8646 990.84882 974.83301 958.81719 942.80138 935.40628 933.38504 935.66087 953.82201 974.32603 994.83005 1015.3341 1023.3914 1007.4556 991.51974 975.5839 959.64805 944.67031 942.7771 958.36445 948.48838 938.6123 928.73622 918.86014 917.63635 922.33104 926.01048 929.68993 933.36937 937.04881 945.84017 959.60595 977.09408 994.5822 1012.0703 1023.9207 1016.2424 1004.0065 991.23567 978.46487 965.69407
-9999 1009.0036 1011.2649 1013.5261 1010.0812 984.90101 959.72084 947.34356 949.74245 952.14134 948.74717 943.10583 937.4645 935.77884 942.01464 948.25043 960.07451 975.12029 990.16606 995.81927 979.80346 963.78764 947.77183 943.78127 940.1568 938.13556 940.41138 942.68721 956.22739 976.73141 997.23544 1005.2928 989.35695 973.42111 957.56219 942.80675 928.05132 926.15811 942.66616 959.1742 954.50541 944.62934 934.75326 933.52946 938.52568 943.49824 947.17768 950.85712 954.53656 963.32792 973.00276 985.28583 1002.774 1020.2621 1032.1124 1024.4342 1016.7559 1005.4864 992.71558 979.94477
-9999 1034.3327 1036.5939 1025.0264 999.84623 974.66607 949.4859 937.10862 939.50751 941.9064 944.30528 943.291 937.64967 935.96401 942.19981 948.4356 954.6714 964.07492 979.12069 984.77391 968.75809 955.78074 952.15627 948.53179 944.90732 942.88607 945.1619 947.43773 949.71355 958.63278 979.1368 987.19416 971.25831 955.69864 940.9432 926.18776 911.43233 909.53912 926.04717 942.55522 959.06326 960.52245 950.64637 949.42258 954.4188 959.41502 964.41124 968.34487 972.02431 980.81568 990.49052 1000.1654 1010.9657 1028.4538 1040.3042 1032.6259 1024.9477 1017.2694 1006.9663 994.19548
-9999 1059.6617 1039.9716 1014.7915 989.61129 964.43113 939.25096 926.87368 929.27257 931.67146 934.07034 936.46923 937.83484 936.14918 942.38497 948.62077 954.85657 961.09236 968.07533 973.72854 964.15574 960.53126 956.90679 953.28231 949.65783 947.63659 949.91242 952.18824 954.46407 956.7399 961.03816 969.09552 953.83508 939.07965 924.32421 909.56878 894.81334 892.92014 909.42818 925.93623 942.44427 958.95232 966.53949 965.31569 970.31191 975.30813 980.30435 985.30057 989.51207 998.30343 1007.9783 1017.6531 1027.328 1037.0028 1048.4959 1040.8177 1033.1394 1025.4612 1017.7829 1008.4462
-9999 1050.2898 1025.1096 999.92945 974.74929 949.56912 924.38896 927.72018 930.11906 932.51795 934.91684 937.31573 939.71461 941.23848 944.9611 951.1969 957.43269 963.66849 969.90429 973.15849 969.53401 965.90953 962.28506 958.66058 955.0361 943.11537 944.10622 946.38204 948.65787 950.9337 953.20952 949.66803 934.91259 920.15715 905.40172 890.64628 875.89084 890.80641 907.31446 923.8225 940.33055 956.83859 972.21803 974.78212 979.77834 984.77456 989.77078 994.767 999.76322 1008.7486 1018.4235 1028.0983 1037.7731 1047.448 1049.0188 1041.3406 1033.6623 1025.984 1018.3058 1011.0681
-9999 1028.0743 1002.8941 977.71395 952.53379 937.58804 942.45595 946.17768 948.57657 950.97545 953.37434 956.76168 963.88038 966.08471 958.44774 957.57282 963.80862 970.04441 976.28021 979.53441 975.90993 972.28546 968.66098 963.11815 943.14456 927.72396 924.50651 923.79874 926.07456 928.35039 930.62622 927.08472 912.32928 897.57385 882.81841 875.58479 894.072 911.74496 928.253 944.76105 961.26909 972.5397 974.73263 977.0562 979.47367 984.02746 989.02368 994.0199 999.01612 1008.0015 1017.6764 1027.3512 1037.026 1038.3843 1037.3541 1029.6758 1021.9975 1014.3193 1008.5008 1006.6712
-9999 1005.8588 980.67862 955.49845 951.17764 956.04554 960.91345 964.63518 967.03407 969.43295 974.48921 981.60791 988.72661 990.93094 983.29397 975.657 970.18454 976.42034 982.65613 985.91033 982.28586 978.66138 967.70033 947.72674 927.75315 912.33255 909.1151 905.89764 903.49126 905.76708 908.04291 904.50141 889.74598 874.99054 878.03613 896.52334 915.01055 932.68351 949.19155 965.6996 972.86138 975.05431 977.24724 979.5708 981.98827 984.40574 988.27659 993.27281 998.26903 1007.2544 1016.9293 1024.9415 1025.8305 1026.7195 1025.6893 1018.011 1010.3328 1005.9334 1004.1038 1002.2743
-9999 983.64328 959.89932 964.76723 969.63514 974.50305 979.37095 983.09268 985.49157 992.21674 999.33544 1006.4541 1013.5728 1015.7772 1008.1402 1000.5032 992.86626 985.22929 989.03206 992.28625 988.66178 972.28251 952.30892 932.33533 912.36175 896.94115 893.72369 890.50624 887.28878 884.07133 885.4596 881.91811 867.16267 880.48746 898.97468 917.46189 935.9491 953.62205 970.1301 973.18305 975.37598 977.56891 979.76184 982.0854 984.50287 986.92034 989.33781 992.52571 997.52193 1006.5073 1012.3877 1013.2767 1014.1657 1015.0548 1014.0245 1006.3463 1003.3661 1001.5365 999.70693 997.87735
-9999 973.48891 978.35682 983.22473 988.09264 992.96055 997.82846 1002.8256 1009.9443 1017.063 1024.1817 1031.3004 1038.4191 1040.6234 1032.9864 1025.3495 1017.7125 1010.0755 1002.4386 996.83828 976.86469 956.8911 936.91752 916.94393 896.97034 881.54974 878.33229 875.11483 871.89738 868.67992 865.46247 864.45159 882.9388 901.42601 919.91322 938.40043 956.88765 971.31179 973.50472 975.69765 977.89059 980.08352 982.27645 984.60001 987.01748 989.43495 991.85242 994.26989 996.77484 999.83388 1000.7229 1001.6119 1002.501 1003.39 1002.6283 1000.7988 998.96917 997.1396 995.31002 993.48044
-9999 977.56899 982.4369 987.30481 992.17272 997.04062 1003.8591 1011.5176 1018.6363 1025.755 1032.8737 1039.9924 1041.0703 1041.2852 1049.2298 1041.5929 1033.9559 1026.3189 1018.682 1007.3146 987.34101 967.36742 947.39383 927.42024 914.58449 908.86461 894.36398 891.14653 887.92907 884.71162 881.49416 885.69031 904.17752 922.66473 941.15195 959.63916 973.01009 978.87277 981.0657 983.25863 985.45156 987.64449 986.64459 987.05713 989.56592 991.98339 994.40086 996.81833 999.2358 1000.3501 1001.2391 1002.1281 1003.0171 1002.6694 999.33349 997.50392 995.67434 993.84476 992.01518 1003.8991
