mean_models/J1_mean_vp_slide_diff_100.dat.tif
NCOLS 118
NROWS 92
XLLCORNER 139.62
YLLCORNER -39.07
DX 0.099491525
DY 0.099347826
NODATA_VALUE -9999
[rows 54 to 80 of 92, columns 0 to 59 of 118]
-9999 8.0029584 7.9994289 7.9958994 7.9923699 7.9863729 7.9801693 7.9743868 7.9690901 7.9637934 7.9584967 7.9610302 7.9656251 7.9655443 7.9561004 7.9466565 7.9511219 7.9568828 7.9626437 7.9708738 7.9848005 7.9987271 8.0126538 8.0178357 8.0190883 8.0234231 8.0360191 8.0486151 8.0519513 8.054187 8.0564227 8.053522 8.0407199 8.0279179 8.0151159 8.0075204 8.0013144 7.9969801 7.9953237 7.9936674 7.992011 7.9937625 7.9958127 7.9954798 7.9934336 7.9914806 7.9897622 7.9880438 7.9863254 7.9855534 7.9849451 7.9843368 7.9853858 7.9882228 7.9907319 7.9921056 7.9934793 7.994853 7.9823928 7.9675378
-9999 8.00176 7.9982305 7.9940406 7.9878371 7.9816335 7.97543 7.9696474 7.9643507 7.9601992 7.9647941 7.969389 7.9739839 7.9739031 7.9644592 7.9550153 7.9455714 7.945438 7.9511989 7.959429 7.9733556 7.9872823 7.9886307 7.9898833 7.9911359 7.9954708 8.0080667 8.0206627 8.0332587 8.0395036 8.0417393 8.0388386 8.0260365 8.013697 8.0074909 8.0012848 7.9950788 7.9907445 7.9890881 7.9880933 7.9901435 7.9921937 7.9942439 7.9939109 7.9918647 7.9898185 7.9877877 7.9860693 7.9843509 7.983579 7.9829707 7.9847626 7.9875996 7.9904365 7.9929456 7.9943193 7.9945884 7.9797334 7.9648784 7.9500235
-9999 8.0005616 7.9955048 7.9893013 7.9830978 7.9768942 7.9706907 7.9649081 7.9639632 7.9685581 7.9731529 7.9777478 7.9823427 7.982262 7.9728181 7.9633742 7.9539303 7.9444864 7.939754 7.9479841 7.9581732 7.9594258 7.9606784 7.961931 7.9631836 7.9675184 7.9801144 7.9927103 8.0053063 8.0179022 8.0270559 8.0241552 8.0136675 8.0074614 8.0012553 7.9950493 7.9888432 7.9845089 7.9844742 7.9865244 7.9885746 7.9906249 7.9926751 7.9923421 7.9902959 7.9882497 7.9862035 7.9841573 7.9823765 7.9816046 7.9841394 7.9869764 7.9898133 7.9926502 7.9951594 7.991929 7.977074 7.962219 7.9473641 7.9325091
-9999 7.9952248 7.9890213 7.9828177 7.9766142 7.9704106 7.9642071 7.9624464 7.9670413 7.9716362 7.976231 7.9808259 7.9854208 7.9887017 7.9792578 7.9698139 7.96037 7.9509261 7.9414822 7.9352728 7.9365254 7.937778 7.9390306 7.9402832 7.9415358 7.9412218 7.9536371 7.9662331 7.9788291 7.991425 8.004021 8.0101948 8.0039887 7.9977826 7.9915766 7.9853705 7.9791644 7.9808121 7.9828623 7.9849126 7.9869628 7.989013 7.9910632 7.9899054 7.9878592 7.985813 7.9837667 7.9817205 7.9796743 7.9790142 7.9818512 7.9846881 7.987525 7.990362 7.9918826 7.977706 7.962851 7.9479961 7.9331411 7.9182861
-9999 7.9827838 7.9765803 7.9703767 7.9641732 7.958462 7.9562171 7.9544465 7.9532232 7.9566781 7.961273 7.9658679 7.9704628 7.974095 7.9757997 7.9696991 7.9602552 7.9508113 7.9413674 7.935158 7.9364106 7.9376632 7.9389158 7.9401684 7.9334139 7.9293228 7.9346321 7.9447943 7.9573903 7.9699862 7.9825822 7.988756 7.9825499 7.9763438 7.9701378 7.964054 7.9649848 7.9696803 7.9797615 7.9831537 7.9852039 7.9872541 7.9893043 7.9872961 7.9824582 7.980412 7.9783658 7.9763195 7.9742733 7.967976 7.9641865 7.9670234 7.9698603 7.9726972 7.9742179 7.9711791 7.9598697 7.9450147 7.9301598 7.9153048
-9999 7.9703428 7.9641393 7.9579357 7.9536243 7.9513794 7.9491345 7.9473639 7.9461406 7.9449173 7.946315 7.9509099 7.9555047 7.959137 7.9608416 7.9625463 7.9601404 7.9506965 7.9412526 7.9350432 7.9362958 7.9375484 7.9367115 7.9291132 7.9215149 7.9174238 7.9227331 7.9280424 7.9359514 7.9485474 7.9611434 7.9673172 7.9611111 7.954905 7.9510281 7.9519589 7.9528898 7.9575852 7.9676665 7.9777477 7.983445 7.9854952 7.9875454 7.9855372 7.9806115 7.9756858 7.9729648 7.9709186 7.9688723 7.962575 7.9555429 7.9493587 7.9521956 7.9550325 7.9565532 7.9535144 7.9504757 7.9420334 7.9271785 7.9123235
-9999 7.9579018 7.9516983 7.9487866 7.9465417 7.9442968 7.9420519 7.9402812 7.939058 7.9378347 7.9366115 7.9359518 7.9405467 7.944179 7.9458836 7.9475882 7.9492928 7.9505817 7.9411378 7.9349284 7.936181 7.9324109 7.9248125 7.9172142 7.9096159 7.9055248 7.9108341 7.9161434 7.9214527 7.9271086 7.9397045 7.9458783 7.9396723 7.9380022 7.9389331 7.9398639 7.9407947 7.9454902 7.9555714 7.9656526 7.9757339 7.9837363 7.9857865 7.9837783 7.9788526 7.9739269 7.9690012 7.9655176 7.9634714 7.957174 7.9501419 7.9431098 7.9360777 7.9373678 7.9388885 7.9358497 7.932811 7.9297722 7.9241971 7.9093422
-9999 7.9461939 7.9439489 7.941704 7.9394591 7.9372142 7.9349693 7.9331986 7.9319754 7.9307521 7.9295288 7.9283056 7.9270823 7.929221 7.9309256 7.9326302 7.9343348 7.9360394 7.9377441 7.9348136 7.9281102 7.9205119 7.9129135 7.9053152 7.8977169 7.8936258 7.8989351 7.9042444 7.9095537 7.914863 7.9201723 7.9244395 7.9249763 7.9259072 7.926838 7.9277689 7.9286997 7.9333951 7.9434764 7.9535576 7.9636388 7.9737201 7.9838013 7.9820194 7.9770937 7.972168 7.9672423 7.9623166 7.9580704 7.951773 7.9447409 7.9377088 7.9306767 7.9236446 7.9212238 7.918185 7.9151463 7.9121075 7.9090688 7.90603
-9999 7.9441571 7.9419122 7.9396672 7.9374223 7.9351774 7.9345229 7.9380183 7.9400724 7.9388492 7.9376259 7.9364027 7.9351794 7.932347 7.9294358 7.9311404 7.932845 7.9345497 7.9362543 7.9351458 7.9275475 7.9199492 7.9123508 7.9047525 7.8983689 7.8964197 7.8963298 7.9016392 7.9069485 7.9122578 7.9175671 7.9213808 7.9223117 7.9232425 7.9241733 7.9251042 7.9276361 7.9271024 7.9275776 7.9376589 7.9477401 7.9578213 7.9679026 7.9723168 7.9689696 7.9640439 7.9591182 7.9541925 7.9492668 7.9571579 7.9503555 7.9433234 7.9362914 7.9292593 7.9213639 7.9132871 7.9102483 7.9072096 7.9041708 7.9011321
-9999 7.9443145 7.9420696 7.9398246 7.9375797 7.938305 7.9399621 7.9434574 7.9490743 7.9535471 7.9523239 7.9511006 7.9498774 7.9470449 7.94099 7.9355073 7.9372119 7.9389165 7.9406212 7.9395127 7.9319144 7.924316 7.9167177 7.9123508 7.9108375 7.9088883 7.9057709 7.9030753 7.9083846 7.9136939 7.9190032 7.922817 7.9237478 7.9246786 7.9256095 7.9296701 7.9355449 7.9350111 7.9253092 7.9201061 7.9301873 7.9402686 7.9503498 7.9547641 7.9551044 7.9531518 7.9482261 7.9433004 7.9383747 7.9462658 7.956372 7.9537283 7.9466962 7.9396641 7.9317687 7.9208829 7.910902 7.9078633 7.9048245 7.9017858
-9999 7.9444719 7.942227 7.94043 7.9420871 7.9437442 7.9454013 7.9488966 7.9545135 7.9601304 7.9657472 7.9657986 7.9645753 7.9617429 7.955688 7.9496331 7.9435782 7.9432834 7.9449881 7.9438796 7.9362813 7.9286829 7.9263326 7.9248194 7.9233061 7.9213569 7.9182395 7.915122 7.9120046 7.91513 7.9204393 7.9242531 7.9251839 7.9261148 7.9317042 7.9375789 7.9434536 7.9429199 7.9332179 7.9235159 7.913814 7.9227158 7.932797 7.9372113 7.9375517 7.937892 7.9373341 7.9324084 7.9274827 7.9353738 7.94548 7.9555862 7.957101 7.9500689 7.9421735 7.9312877 7.9204019 7.9095161 7.9054782 7.9024395
-9999 7.9446293 7.9442121 7.9458692 7.9475263 7.9491834 7.9508405 7.9543358 7.9599527 7.9655695 7.9711864 7.9768033 7.9792733 7.9764408 7.970386 7.9643311 7.9582762 7.9522213 7.9493549 7.9482465 7.9418277 7.9403145 7.9388012 7.9372879 7.9357747 7.9338255 7.9307081 7.9275906 7.9244732 7.9213557 7.9218755 7.9256892 7.9278635 7.9337382 7.9396129 7.9454876 7.9513624 7.9508286 7.9411267 7.9314247 7.9217227 7.9120207 7.9152443 7.9196585 7.9199989 7.9203393 7.9206796 7.92102 7.9165906 7.9244817 7.9345879 7.9446941 7.9548004 7.9604737 7.9525783 7.9416925 7.9308067 7.9199209 7.9090351 7.9030932
-9999 7.9463965 7.9480536 7.9497108 7.9513679 7.953025 7.9546821 7.9569826 7.9625995 7.9682163 7.9738332 7.9794501 7.9850669 7.9890076 7.9829527 7.9768978 7.9708429 7.964788 7.9587332 7.9540516 7.9525383 7.9510251 7.9495118 7.9479985 7.9464853 7.9461064 7.942989 7.9398715 7.936754 7.9336366 7.9305191 7.9304731 7.9363478 7.9422225 7.9480973 7.953972 7.9598467 7.9571444 7.9474425 7.9377405 7.9280385 7.9183366 7.9086346 7.9050168 7.9053572 7.9056975 7.9060379 7.9063783 7.9067186 7.9153858 7.925492 7.9355982 7.9457044 7.9558106 7.9576193 7.9467335 7.9358477 7.9249619 7.9140761 7.9031903
-9999 7.9422919 7.943949 7.9456061 7.9472632 7.9486862 7.9450702 7.9457404 7.9513573 7.9569741 7.962591 7.9682079 7.9750332 7.9805013 7.983022 7.9788642 7.9728094 7.9667545 7.9606996 7.956018 7.9545047 7.9529915 7.9514782 7.9499649 7.9476429 7.9471981 7.9522417 7.9512188 7.9481013 7.9449839 7.9418664 7.9418204 7.9476951 7.9535698 7.9594446 7.9653193 7.9618949 7.9555372 7.9458352 7.9361333 7.9264313 7.9170167 7.9107261 7.9069383 7.9051947 7.9055351 7.9058754 7.9062158 7.9065562 7.9152233 7.9253295 7.9354357 7.9455419 7.9439883 7.9359816 7.9250958 7.91421 7.9033242 7.8930687 7.8958678
-9999 7.9381873 7.9398444 7.9415015 7.9410599 7.937444 7.933828 7.9344982 7.9401151 7.9457319 7.9517019 7.958642 7.9655821 7.9710503 7.9735709 7.9760915 7.9747758 7.9687209 7.962666 7.9579844 7.9564712 7.9549579 7.9532905 7.9507981 7.9483056 7.9478609 7.9529044 7.957948 7.9594486 7.9563312 7.9532137 7.9531677 7.9590424 7.9649171 7.968328 7.9643078 7.9602877 7.95393 7.944228 7.934526 7.9260906 7.9198 7.9135094 7.9097216 7.907733 7.9057443 7.9057129 7.9060533 7.9063937 7.9150608 7.925167 7.9352732 7.9295263 7.9223506 7.9143438 7.903458 7.8925722 7.8856374 7.8884365 7.8912356
-9999 7.9340827 7.9357398 7.9334337 7.9298177 7.9262018 7.9225858 7.923256 7.9288729 7.9353107 7.9422508 7.9491909 7.956131 7.9615992 7.9641198 7.9666404 7.9691611 7.9706873 7.9646324 7.9599509 7.9584376 7.9564457 7.9539533 7.9514608 7.9489684 7.9485237 7.9535672 7.9586108 7.9636543 7.9676784 7.964561 7.964515 7.9703897 7.9707409 7.9667207 7.9627006 7.9586805 7.9523228 7.9426208 7.9351645 7.9288739 7.9225833 7.9162927 7.9125048 7.9105162 7.9085276 7.906539 7.9058908 7.9062312 7.9148983 7.9222398 7.9150642 7.9078885 7.9007129 7.8927061 7.8818203 7.878206 7.8810051 7.8838042 7.8866033
-9999 7.9294234 7.9258074 7.9221915 7.9185755 7.9149596 7.9113436 7.9120138 7.9189195 7.9258596 7.9327997 7.9397398 7.9466799 7.9521481 7.9546688 7.9571894 7.95971 7.9622306 7.9647512 7.9619173 7.9596009 7.9571085 7.954616 7.9521236 7.9496312 7.9491864 7.95423 7.9592735 7.9643171 7.9693606 7.9744041 7.9758623 7.9731538 7.9691336 7.9651135 7.9610934 7.9570732 7.9507155 7.9442384 7.9379478 7.9316572 7.9253666 7.919076 7.9152881 7.9132995 7.9113109 7.9093223 7.9073337 7.9060687 7.9077777 7.9006021 7.8934264 7.8862508 7.8790751 7.8710683 7.8707747 7.8735738 7.8763729 7.8791719 7.881971
-9999 7.9223663 7.9187504 7.9151345 7.9115185 7.9079026 7.9040324 7.8996959 7.9019191 7.9088592 7.9157993 7.9227394 7.9296795 7.9356651 7.9390177 7.9415383 7.9440589 7.9465795 7.9491001 7.9501049 7.9476124 7.94512 7.9426276 7.9401352 7.9383543 7.9398133 7.9410191 7.9460626 7.9511062 7.9561497 7.9611933 7.9631409 7.9591208 7.9551007 7.9510805 7.9470604 7.9437861 7.9399583 7.9331191 7.9268285 7.9205379 7.9142473 7.9079567 7.9068418 7.9059712 7.9039826 7.901994 7.9000054 7.8980168 7.8966907 7.8895151 7.8823395 7.8751638 7.8679882 7.8633229 7.8668442 7.8696433 7.8724424 7.8752415 7.8780406
-9999 7.9176855 7.9140695 7.9104536 7.9068376 7.902686 7.8983379 7.8940015 7.8896785 7.8875726 7.8945127 7.9014528 7.9083929 7.9143785 7.9184527 7.9223671 7.9248877 7.9274083 7.9299289 7.9309337 7.9284412 7.9259488 7.9234564 7.9235102 7.9260907 7.9275498 7.9260031 7.9249749 7.9300185 7.935062 7.9401055 7.9420532 7.9380331 7.934013 7.9299928 7.9276708 7.9264598 7.922632 7.9150604 7.9078161 7.9015255 7.8952348 7.8889442 7.8878293 7.8904351 7.8909134 7.8889248 7.8869362 7.8849476 7.883885 7.8829825 7.8772427 7.870067 7.8628914 7.8582261 7.8622564 7.8661113 7.8689103 7.8717094 7.8745085
-9999 7.9130046 7.9093887 7.9056878 7.9013397 7.8969916 7.8926435 7.8883071 7.8839841 7.8796611 7.8753381 7.8801661 7.8871062 7.8930919 7.897166 7.9012402 7.9053144 7.9082371 7.9107577 7.9117625 7.9092701 7.9067776 7.9086662 7.9112466 7.9138271 7.9152862 7.9137395 7.9121928 7.9106462 7.9139743 7.9190178 7.9209655 7.9169454 7.9129253 7.9115554 7.9103445 7.9091336 7.9053057 7.8977341 7.8901624 7.8825908 7.8762224 7.8699318 7.8688168 7.8714227 7.8740285 7.8758556 7.873867 7.8718784 7.8708158 7.8699133 7.8690107 7.8649703 7.8577946 7.8531293 7.8571596 7.8611899 7.8652202 7.8681774 7.8709765
-9999 7.9083238 7.9043415 7.8999934 7.8956453 7.8912972 7.8869491 7.8826126 7.8782896 7.8739666 7.8696437 7.8653207 7.8658196 7.8718052 7.8758794 7.8799536 7.8840278 7.8881019 7.8915865 7.8925913 7.8912416 7.8938221 7.8964026 7.8989831 7.9015635 7.9030226 7.9014759 7.8999292 7.8983826 7.8968359 7.8979301 7.8998778 7.896651 7.8954401 7.8942292 7.8930182 7.8918073 7.8879795 7.8804078 7.8728362 7.8652645 7.8576929 7.8509193 7.8498044 7.8524102 7.855016 7.8576218 7.8602276 7.8588092 7.8577466 7.856844 7.8559415 7.855039 7.8526978 7.8480326 7.8520629 7.8560931 7.8601234 7.8641537 7.8674444
-9999 7.9033171 7.898969 7.8946209 7.8902728 7.8859247 7.8815766 7.8792281 7.8749051 7.8705821 7.8662591 7.8619361 7.8576131 7.8544395 7.8585137 7.8625878 7.866662 7.8707362 7.8748104 7.8784329 7.8810134 7.8835938 7.8861743 7.8887548 7.8913353 7.8914133 7.8898701 7.8883234 7.8867768 7.8852301 7.8836834 7.8822514 7.8810405 7.8798296 7.8786186 7.8774077 7.8761968 7.874708 7.8671364 7.8595647 7.8519931 7.8444214 7.8368498 7.8354313 7.8380371 7.8406429 7.8432487 7.8458545 7.8484603 7.8491953 7.8482928 7.8473903 7.8464877 7.8455852 7.8438711 7.8475459 7.8515762 7.8556065 7.8596368 7.8636671
-9999 7.8991632 7.8948151 7.890467 7.8861189 7.8823043 7.8818254 7.8809559 7.8796354 7.8759412 7.8716182 7.8672953 7.8629723 7.8595178 7.8578028 7.860064 7.8641381 7.8682123 7.8722865 7.875909 7.8784895 7.8810699 7.8836504 7.8862309 7.8839823 7.881726 7.8806061 7.8792076 7.8776609 7.8761143 7.8745676 7.8731356 7.8719247 7.8707137 7.8695028 7.8684853 7.8736811 7.8744415 7.8688562 7.861642 7.8540703 7.8464987 7.838927 7.8377762 7.8412257 7.8438315 7.8464373 7.8490431 7.851649 7.8548608 7.8568435 7.8559409 7.8550384 7.8541359 7.8524218 7.8478967 7.8492539 7.8532842 7.8573145 7.8613448
-9999 7.8950094 7.8906613 7.8863131 7.8839857 7.8835068 7.883028 7.8821584 7.880838 7.8795175 7.8769774 7.8726544 7.8683314 7.864877 7.8631619 7.8614468 7.8616142 7.8656884 7.8697626 7.8733851 7.8759656 7.8785461 7.8796556 7.8769753 7.874295 7.8720387 7.8709188 7.869799 7.8685451 7.8669984 7.8654517 7.8640198 7.8628088 7.8615979 7.8627521 7.8679479 7.8731438 7.8739041 7.8683188 7.8627336 7.8561476 7.848576 7.8410043 7.8398534 7.8433184 7.8467833 7.849626 7.8522318 7.8548376 7.8580494 7.8613661 7.8644916 7.8635891 7.8626866 7.8609725 7.8564474 7.8519223 7.850962 7.8549923 7.8590225
-9999 7.8908555 7.8865074 7.8856671 7.8851883 7.8847094 7.8842305 7.883361 7.8820405 7.8807201 7.8793996 7.8780135 7.8736905 7.8702361 7.8685211 7.866806 7.8650909 7.8633758 7.8672387 7.8708612 7.8734417 7.8726486 7.8699683 7.867288 7.8646077 7.8623514 7.8612315 7.8601116 7.8589918 7.8578719 7.8563359 7.8549039 7.853693 7.8570189 7.8622147 7.8674106 7.8726064 7.8733667 7.8677815 7.8621962 7.856611 7.8506532 7.8430816 7.8419307 7.8453956 7.8488606 7.8523255 7.8554204 7.8580262 7.8612381 7.8645547 7.8678713 7.8711879 7.8712373 7.8695232 7.8649981 7.860473 7.8559479 7.85267 7.8567003
-9999 7.8878274 7.8873486 7.8868697 7.8863908 7.885912 7.8854331 7.8845635 7.8832431 7.8819226 7.8806022 7.8792817 7.8779612 7.8755953 7.8738802 7.8721651 7.8704501 7.868735 7.8670199 7.8683219 7.8656416 7.8629613 7.860281 7.8576007 7.8549204 7.8526641 7.8515442 7.8504243 7.8493045 7.8481846 7.8470647 7.8460899 7.8512857 7.8564815 7.8616774 7.8668732 7.872069 7.8728293 7.8672441 7.8616588 7.8560736 7.8504883 7.8449031 7.844008 7.8474729 7.8509378 7.8544027 7.8578677 7.8612148 7.8644267 7.8677433 7.8710599 7.8743765 7.8776932 7.8780739 7.8735488 7.8690237 7.8644986 7.8599735 7.8554484
-9999 7.8818519 7.881373 7.8808941 7.8804153 7.8799364 7.883125 7.886066 7.8852408 7.8839204 7.8825999 7.8812794 7.879959 7.8788842 7.8780227 7.8763076 7.8745925 7.8728774 7.8711624 7.8691554 7.8664751 7.8637948 7.8611145 7.8584342 7.8554101 7.8533161 7.8547206 7.8536007 7.8524809 7.851361 7.8502411 7.8512785 7.8564743 7.8616701 7.8668659 7.8720618 7.874827 7.8748788 7.8728216 7.8672364 7.8616511 7.8560659 7.8504806 7.8482466 7.8502284 7.8536933 7.8571583 7.8606232 7.8640881 7.8643359 7.8670659 7.8703825 7.8736991 7.8770158 7.8791514 7.8766575 7.8721324 7.8676073 7.8630822 7.8585571
