mean_models/J1_mean_tot_conduct_slide_2.dat.tif
NCOLS 118
NROWS 92
XLLCORNER 139.62
YLLCORNER -39.07
DX 0.099491525
DY 0.099347826
NODATA_VALUE -9999
[rows 26 to 51 of 92, columns 0 to 56 of 118]
-2.0774265 -2.1720004 -2.2466191 -2.2886621 -2.3076128 -2.3394442 -2.3344696 -2.3377175 -2.3471929 -2.3552707 -2.3950673 -2.4331563 -2.4679783 -2.4406555 -2.4207572 -2.3628651 -2.2534245 -2.133017 -1.9788051 -1.8456526 -1.7213702 -1.6260736 -1.6012007 -1.627715 -1.7080919 -1.8066088 -1.9221637 -2.0352781 -2.1018704 -2.1568688 -2.1276362 -2.0881112 -1.9886196 -1.8891281 -1.7896366 -1.7128685 -1.6780465 -1.6477593 -1.6791777 -1.6949563 -1.7525566 -1.7665507 -1.7914235 -1.7714492 -1.7452672 -1.6863884 -1.6183152 -1.5513451 -1.4727991 -1.4421659 -1.4002748 -1.4407457 -1.4717501 -1.6011323 -1.7416445 -1.9423347 -2.1562618
-2.0842679 -2.1844131 -2.2789301 -2.3290586 -2.3859109 -2.432311 -2.4671331 -2.4774894 -2.4917024 -2.499029 -2.499029 -2.5258809 -2.4932246 -2.4385212 -2.3440042 -2.2629687 -2.1236805 -1.9940112 -1.8497485 -1.719812 -1.6352442 -1.5532186 -1.5648709 -1.6078454 -1.7222607 -1.8331016 -1.9823389 -2.1081331 -2.2175738 -2.2893326 -2.3155146 -2.2952766 -2.2455308 -2.1606788 -2.0765147 -2.000791 -1.9361215 -1.8898429 -1.8427154 -1.8261497 -1.7842585 -1.7701567 -1.7154363 -1.676652 -1.5995571 -1.5346641 -1.4527355 -1.4006302 -1.3469585 -1.3487783 -1.3472893 -1.428837 -1.4982428 -1.6695893 -1.8343691 -2.0595341 -2.281971
-2.1025061 -2.1952021 -2.289719 -2.3621954 -2.4289147 -2.4948449 -2.5359764 -2.5612312 -2.5754443 -2.5723238 -2.5533899 -2.5414366 -2.4928683 -2.3817836 -2.2592012 -2.1454131 -1.9975528 -1.864485 -1.7347635 -1.6220897 -1.5641536 -1.5086536 -1.5315989 -1.6109294 -1.734527 -1.8611075 -2.016568 -2.1606019 -2.2826925 -2.3830542 -2.4375639 -2.4565021 -2.4371622 -2.3761385 -2.3038343 -2.2544365 -2.1921329 -2.1239087 -2.0652362 -1.9944646 -1.9342114 -1.8552763 -1.785372 -1.6924195 -1.6025381 -1.5134347 -1.4277641 -1.3878934 -1.3426512 -1.380344 -1.3960532 -1.5121314 -1.6046195 -1.7930848 -1.9741416 -2.1927262 -2.4096619
-2.1200027 -2.2042578 -2.2987747 -2.3851131 -2.4656538 -2.5288938 -2.5786396 -2.6105451 -2.6247581 -2.6182749 -2.5834529 -2.5281393 -2.4336224 -2.3164846 -2.1722219 -2.026765 -1.8725532 -1.7346073 -1.6152175 -1.526621 -1.4868244 -1.4760956 -1.5357905 -1.6205014 -1.7498404 -1.8845993 -2.0437858 -2.1931495 -2.3224885 -2.4384211 -2.5117306 -2.5657345 -2.5707091 -2.5601549 -2.5182637 -2.4782816 -2.4185867 -2.3553082 -2.2819986 -2.1988532 -2.104598 -2.002953 -1.8984869 -1.7847293 -1.6642922 -1.5621235 -1.4678684 -1.426854 -1.400672 -1.4434792 -1.4958431 -1.618678 -1.7460523 -1.9380413 -2.130874 -2.3455662 -2.5472503
-2.1262119 -2.2013098 -2.280147 -2.3664854 -2.4294586 -2.4854291 -2.5351749 -2.5640268 -2.568875 -2.5569622 -2.4972672 -2.44121 -2.325309 -2.1893472 -2.0301607 -1.8867526 -1.7474645 -1.6174828 -1.5378896 -1.460427 -1.4703761 -1.4636771 -1.5432306 -1.6467984 -1.7860865 -1.9191382 -2.0584264 -2.2036831 -2.3180983 -2.432855 -2.511401 -2.5718941 -2.6067161 -2.5974103 -2.5863451 -2.5737604 -2.5427715 -2.4839383 -2.4248111 -2.3436202 -2.2536198 -2.14743 -2.0350901 -1.9213326 -1.8008954 -1.7015734 -1.6106809 -1.5763053 -1.555903 -1.6100868 -1.6697018 -1.8010667 -1.9323295 -2.1092033 -2.2945194 -2.4673205 -2.6535462
-2.1364609 -2.186992 -2.259264 -2.3262586 -2.381391 -2.4009211 -2.4441083 -2.4641628 -2.4645095 -2.4447123 -2.3834788 -2.3015847 -2.1772203 -2.0495259 -1.8952604 -1.7521333 -1.6229921 -1.5163608 -1.4524457 -1.4119627 -1.4362547 -1.4694581 -1.5590005 -1.6715491 -1.8051535 -1.9349798 -2.0606501 -2.1843281 -2.2847695 -2.3835927 -2.4522321 -2.5158433 -2.5506654 -2.5739493 -2.5750235 -2.5871377 -2.5644881 -2.538303 -2.4887021 -2.4337288 -2.3494 -2.2659611 -2.1540111 -2.0513245 -1.9321409 -1.8526015 -1.7635828 -1.7370458 -1.7213366 -1.7770637 -1.8451368 -1.9675069 -2.1037208 -2.2588003 -2.421858 -2.5712947 -2.7144704
-2.1430841 -2.1936152 -2.2334118 -2.2649779 -2.2886664 -2.3081965 -2.3231202 -2.3250759 -2.3108628 -2.2791326 -2.2144631 -2.1310097 -2.0116199 -1.8839461 -1.7396834 -1.6064231 -1.4969824 -1.4103898 -1.3755677 -1.3656003 -1.4153461 -1.481576 -1.5910167 -1.704665 -1.8290294 -1.9482262 -2.0526923 -2.1512121 -2.2308053 -2.3041144 -2.3564784 -2.4032491 -2.4380712 -2.4679765 -2.488922 -2.5010362 -2.5010362 -2.4919407 -2.4709951 -2.4337288 -2.3813649 -2.3123234 -2.2327302 -2.1440491 -2.049794 -1.9797745 -1.9221742 -1.9040153 -1.8987789 -1.9558898 -2.0239629 -2.1414116 -2.2626774 -2.40086 -2.5344522 -2.649653 -2.7542095
-2.1738364 -2.2036344 -2.2212225 -2.251593 -2.2315462 -2.1952355 -2.1686415 -2.1612417 -2.131288 -2.102756 -2.0468385 -1.9633852 -1.8580789 -1.7585916 -1.645673 -1.5206815 -1.4338837 -1.3555447 -1.3436198 -1.3388825 -1.4025191 -1.4697056 -1.5791462 -1.6885869 -1.7987554 -1.9109546 -1.9915066 -2.0790617 -2.1199856 -2.184842 -2.2082936 -2.2478692 -2.2649498 -2.2951739 -2.3130135 -2.330489 -2.3466372 -2.3509459 -2.3538814 -2.3355629 -2.3077507 -2.2657715 -2.2148846 -2.1572254 -2.0938515 -2.0453457 -2.0034373 -2.0017246 -2.0050583 -2.0578638 -2.1242672 -2.2071531 -2.3181485 -2.4065854 -2.5240767 -2.5896629 -2.6834676
-2.2035795 -2.2279619 -2.2329364 -2.2155932 -2.1822982 -2.0876568 -2.046322 -1.9986077 -1.9639407 -1.9284322 -1.8759364 -1.8075551 -1.7130381 -1.6468051 -1.5441102 -1.4523347 -1.3731314 -1.3103347 -1.2994407 -1.3090466 -1.3717246 -1.4494746 -1.5589153 -1.6566483 -1.7627966 -1.860072 -1.9362203 -2.0015042 -2.0377034 -2.0675 -2.0837087 -2.0958008 -2.1075212 -2.1227052 -2.1384144 -2.1529873 -2.1732881 -2.1957716 -2.2072814 -2.2171186 -2.2014095 -2.1918856 -2.1570636 -2.1356289 -2.0937377 -2.0774041 -2.0512221 -2.0669759 -2.0826851 -2.1360772 -2.1989139 -2.2665009 -2.3486017 -2.4138748 -2.4860192 -2.5369135 -2.5882293
-2.2482446 -2.2781762 -2.2533033 -2.204197 -2.1094432 -2.0148017 -1.9202848 -1.8528976 -1.7960453 -1.7496061 -1.7098095 -1.6552451 -1.6005247 -1.5408341 -1.47119 -1.3993492 -1.3446289 -1.2970884 -1.2821646 -1.289177 -1.3438974 -1.4146289 -1.5091458 -1.6036628 -1.6981797 -1.787217 -1.8518865 -1.9087796 -1.9336525 -1.9549058 -1.9549058 -1.9567139 -1.9517393 -1.955409 -1.9606454 -1.9741612 -1.9990341 -2.0235687 -2.0497507 -2.0654209 -2.0758937 -2.0757826 -2.0757826 -2.0665985 -2.0613621 -2.0570264 -2.0622628 -2.0861902 -2.1224242 -2.1738515 -2.2320299 -2.2849915 -2.3419785 -2.3751423 -2.4131641 -2.4288733 -2.4557655
-2.2967296 -2.3188664 -2.2818667 -2.216101 -2.083682 -1.9283497 -1.797508 -1.7116785 -1.6420747 -1.6000439 -1.578391 -1.5334715 -1.5015149 -1.4948878 -1.4625482 -1.4025398 -1.3591633 -1.3153286 -1.2965727 -1.2936829 -1.3251053 -1.3914527 -1.4768937 -1.5493429 -1.6319057 -1.7169608 -1.7775948 -1.8305567 -1.8513432 -1.8686502 -1.8645788 -1.8611805 -1.8525178 -1.8509266 -1.856163 -1.8696789 -1.8945517 -1.9221175 -1.9515324 -1.9777144 -1.9964675 -2.0066303 -2.0115149 -2.0176077 -2.0193938 -2.0317533 -2.0425939 -2.0797661 -2.1192113 -2.1692604 -2.2259383 -2.2588509 -2.3073094 -2.2988443 -2.3210596 -2.3114838 -2.3255471
-2.3295072 -2.3586785 -2.3089327 -2.196808 -2.0404642 -1.849371 -1.6951591 -1.5739408 -1.4981377 -1.4540724 -1.4391487 -1.4293478 -1.4293478 -1.4596772 -1.4402862 -1.4235997 -1.3843849 -1.3492536 -1.3292074 -1.3153261 -1.3392057 -1.3771591 -1.4468031 -1.5065302 -1.5852223 -1.658057 -1.7174008 -1.7666889 -1.7865872 -1.7988539 -1.7932304 -1.7880835 -1.778138 -1.7732206 -1.778457 -1.7970815 -1.8219544 -1.8546289 -1.8860472 -1.9165414 -1.9427234 -1.9558898 -1.965839 -1.9709841 -1.9814569 -1.9972651 -2.0182107 -2.0591161 -2.1062437 -2.157836 -2.2102 -2.2411108 -2.270751 -2.2566579 -2.2398683 -2.2220397 -2.212914
-2.3616513 -2.3842406 -2.3046474 -2.1781015 -1.9696431 -1.76332 -1.5593624 -1.4272377 -1.3419593 -1.2954493 -1.3103731 -1.3105013 -1.3652216 -1.4133148 -1.4481369 -1.4500925 -1.4401433 -1.4154854 -1.3906126 -1.3749348 -1.3749348 -1.4036518 -1.4495256 -1.499907 -1.5645765 -1.6315643 -1.6862846 -1.733573 -1.7534713 -1.765738 -1.7552652 -1.7483443 -1.7433697 -1.7401658 -1.7506386 -1.7713779 -1.8061999 -1.8427368 -1.8898643 -1.9240888 -1.9555072 -1.9666522 -1.9666522 -1.9669536 -1.9617172 -1.9755793 -1.991718 -2.0326234 -2.079751 -2.1313433 -2.1837072 -2.2113834 -2.2376351 -2.2155259 -2.193506 -2.1568512 -2.1400589
-2.3540454 -2.368521 -2.2805373 -2.1255349 -1.8998762 -1.6594728 -1.4418366 -1.2907734 -1.2030544 -1.1637475 -1.19596 -1.2245448 -1.2938087 -1.3949655 -1.4596192 -1.4896235 -1.4978784 -1.4863741 -1.467671 -1.4488151 -1.4456793 -1.4587599 -1.4992594 -1.531145 -1.5861023 -1.6426616 -1.6842289 -1.7272416 -1.7404617 -1.7500969 -1.7329758 -1.724381 -1.7194064 -1.7195503 -1.7348573 -1.7751695 -1.822704 -1.871206 -1.928276 -1.9648951 -1.9943007 -1.9953399 -1.9885598 -1.9611423 -1.9431574 -1.9273635 -1.9352273 -1.9629124 -2.0080961 -2.0730827 -2.1259722 -2.1768481 -2.2027112 -2.2117963 -2.1911208 -2.1683335 -2.1464914
-2.3379958 -2.3478371 -2.243371 -2.0558716 -1.8095116 -1.5663909 -1.3325858 -1.1664369 -1.0764208 -1.0376741 -1.0824453 -1.1494156 -1.2588563 -1.3708826 -1.4554504 -1.5236701 -1.5435684 -1.5543927 -1.539469 -1.5275537 -1.5225792 -1.5263249 -1.5511978 -1.580366 -1.6301118 -1.6739908 -1.7088129 -1.7326017 -1.7425508 -1.7420195 -1.7210739 -1.7046777 -1.6997031 -1.7050521 -1.7312341 -1.7796985 -1.8393934 -1.9043468 -1.97242 -2.0185704 -2.0447524 -2.0355029 -2.0156046 -1.9699014 -1.9227738 -1.8841842 -1.8632386 -1.8785895 -1.9100079 -1.9772086 -2.0452817 -2.1103176 -2.1644307 -2.1925676 -2.213691 -2.1979818 -2.1959366
-2.2850102 -2.2886834 -2.1705159 -1.9824137 -1.7265784 -1.4788351 -1.2400554 -1.0750058 -0.98972737 -0.95498336 -1.0196528 -1.0898069 -1.2245147 -1.355519 -1.4699342 -1.5470403 -1.5918115 -1.6086768 -1.6037022 -1.5937856 -1.588811 -1.5925568 -1.6134727 -1.6389812 -1.6787778 -1.7194614 -1.7443343 -1.7637424 -1.7488187 -1.7407895 -1.7041347 -1.6840147 -1.6740656 -1.6785593 -1.7227431 -1.7856568 -1.8702246 -1.9399598 -2.0185058 -2.0632114 -2.0844915 -2.05689 -1.9957351 -1.9264853 -1.8300492 -1.7653257 -1.704282 -1.7072883 -1.7245586 -1.8095542 -1.8929484 -2.0103971 -2.0981988 -2.2032177 -2.2569045 -2.3092685 -2.3262175
-2.2291526 -2.2232413 -2.1080287 -1.912921 -1.665397 -1.4301032 -1.200245 -1.055314 -0.97589404 -0.94362104 -1.0082905 -1.0985744 -1.2361938 -1.3605625 -1.4734106 -1.5553937 -1.5950724 -1.6242927 -1.6193182 -1.6143436 -1.610631 -1.6199657 -1.6410243 -1.6736769 -1.7134735 -1.7465116 -1.7657835 -1.7802496 -1.7644707 -1.7366373 -1.6985738 -1.6641452 -1.654196 -1.663159 -1.7114102 -1.7773524 -1.8655929 -1.9564671 -2.035013 -2.0846606 -2.0955278 -2.0551074 -1.9717929 -1.8285374 -1.71054 -1.6269271 -1.5245401 -1.5026579 -1.502989 -1.5825831 -1.7038116 -1.8248464 -2.0195104 -2.1245293 -2.3091002 -2.3732583 -2.497732
-2.1697856 -2.1626583 -2.0532176 -1.8719718 -1.6398249 -1.4354109 -1.2264787 -1.0844553 -1.01339 -0.98667131 -1.0513408 -1.1382094 -1.2675484 -1.3726117 -1.4770778 -1.5539725 -1.5887945 -1.6097221 -1.6047475 -1.6027814 -1.607756 -1.6199975 -1.649845 -1.6868589 -1.7266555 -1.7611475 -1.7760712 -1.782042 -1.7571691 -1.727431 -1.6803034 -1.6466017 -1.6366525 -1.6473506 -1.6997145 -1.7704953 -1.8699869 -1.9579535 -2.0364994 -2.0679232 -2.0626868 -1.9906738 -1.8812331 -1.7328893 -1.5653246 -1.4222788 -1.2966053 -1.2627472 -1.2575108 -1.3734465 -1.5043564 -1.7251708 -1.9441152 -2.1821438 -2.4096257 -2.571954 -2.7239818
-2.1139024 -2.1201849 -2.0345899 -1.8533441 -1.6789982 -1.513836 -1.3506635 -1.2145299 -1.1624117 -1.1305352 -1.1703318 -1.256185 -1.3493405 -1.4173363 -1.4621075 -1.5291916 -1.5291916 -1.5459733 -1.5310496 -1.5282705 -1.5332451 -1.5454866 -1.5854264 -1.6330027 -1.687723 -1.7251416 -1.7500145 -1.7583529 -1.7434292 -1.7156014 -1.6737102 -1.6413647 -1.6363901 -1.6473506 -1.6997145 -1.7677542 -1.8575684 -1.9398253 -1.999244 -2.0173662 -1.9819666 -1.8944276 -1.7570484 -1.5924681 -1.3976751 -1.240668 -1.0979097 -1.0640515 -1.0588151 -1.2009159 -1.3491255 -1.6330996 -1.8820228 -2.2247158 -2.4872967 -2.7595893 -2.9346238
-2.0652377 -2.101312 -2.0264372 -1.893614 -1.7368997 -1.6398981 -1.4926505 -1.3897675 -1.34112 -1.3074275 -1.3344514 -1.387909 -1.4669431 -1.4603202 -1.479617 -1.4938755 -1.4763841 -1.4639434 -1.4400197 -1.4341214 -1.4427977 -1.4593993 -1.5041705 -1.5660197 -1.6265976 -1.6772628 -1.7081458 -1.7265145 -1.7177534 -1.7026323 -1.6709376 -1.6450542 -1.6433915 -1.6574158 -1.7094532 -1.7597822 -1.8405212 -1.9039963 -1.9543922 -1.9489417 -1.9034107 -1.7979714 -1.6532985 -1.4802474 -1.2766454 -1.1176829 -0.96582744 -0.9324573 -0.92722091 -1.0793869 -1.2469516 -1.5565031 -1.853404 -2.230983 -2.5743277 -2.8771685 -3.1330026
-2.0141473 -2.0483265 -2.0284282 -1.9641173 -1.8693634 -1.7723618 -1.6728703 -1.6017095 -1.563808 -1.5392391 -1.5392391 -1.5414468 -1.5464213 -1.5397985 -1.509951 -1.4740059 -1.4242601 -1.3778419 -1.3380453 -1.314904 -1.3298277 -1.3577233 -1.4174182 -1.4799182 -1.5495623 -1.611031 -1.6508276 -1.6801522 -1.6801522 -1.6761396 -1.6604304 -1.6516774 -1.656652 -1.675572 -1.7226996 -1.7730286 -1.8277489 -1.8708803 -1.8970623 -1.8760866 -1.8080134 -1.6920004 -1.5427631 -1.3676532 -1.1739066 -1.0188274 -0.88268113 -0.85425284 -0.85948924 -1.0164841 -1.199758 -1.5212182 -1.853404 -2.2568974 -2.6471828 -2.992785 -3.2985823
-1.976862 -2.040638 -2.0530097 -1.9893075 -1.9537368 -1.927256 -1.8775374 -1.8088369 -1.7749248 -1.7363534 -1.7009103 -1.702618 -1.6673977 -1.5927875 -1.504023 -1.4549044 -1.3684952 -1.3203045 -1.2758741 -1.2541284 -1.2737367 -1.3017409 -1.3640527 -1.4287222 -1.4935799 -1.5564655 -1.6010993 -1.6330908 -1.6428668 -1.6441826 -1.6479657 -1.6427197 -1.6566737 -1.6756155 -1.7164225 -1.7460121 -1.7720926 -1.7999916 -1.7979319 -1.7741986 -1.7025637 -1.6100013 -1.4867155 -1.351187 -1.1982925 -1.0819677 -0.97518792 -0.96279274 -0.97681668 -1.1115312 -1.2861846 -1.5682096 -1.8899863 -2.2768977 -2.6683346 -3.0239684 -3.3399452
-1.9431222 -2.0228871 -2.0527346 -2.0540264 -2.0358242 -2.0603341 -2.0274901 -2.0022353 -1.9705059 -1.9244466 -1.879853 -1.8315182 -1.7668487 -1.6550614 -1.5542361 -1.4597192 -1.3692248 -1.2967883 -1.2540229 -1.2318153 -1.2538211 -1.2867999 -1.3514694 -1.4014522 -1.4603446 -1.5101454 -1.5464727 -1.5795362 -1.5869711 -1.5970519 -1.6035304 -1.615474 -1.6321154 -1.6542396 -1.6908944 -1.7023228 -1.7199186 -1.7165501 -1.7040591 -1.6748508 -1.6015412 -1.5452119 -1.4357712 -1.3680461 -1.2423726 -1.1867413 -1.1081954 -1.1094888 -1.1356708 -1.2402183 -1.3973102 -1.6241235 -1.912106 -2.2562791 -2.625725 -2.9693358 -3.2957853
-1.9122023 -1.9925984 -2.0572679 -2.0887619 -2.1219257 -2.1464356 -2.1613593 -2.1545686 -2.1403555 -2.1032727 -2.0336286 -1.9617173 -1.8473021 -1.7279165 -1.5985775 -1.4862119 -1.391695 -1.3166579 -1.2818359 -1.2649312 -1.2947787 -1.3312585 -1.3810043 -1.427945 -1.4677416 -1.5035222 -1.5134714 -1.5265507 -1.5265507 -1.53082 -1.5412928 -1.5558653 -1.5807382 -1.6051286 -1.6260742 -1.6360909 -1.6311164 -1.6172023 -1.5805476 -1.5427327 -1.4956052 -1.4516682 -1.4168462 -1.3778145 -1.3568689 -1.3336232 -1.3336232 -1.3413004 -1.3674824 -1.4472416 -1.5430203 -1.7198624 -1.9187292 -2.2061491 -2.5131308 -2.8220782 -3.1235825
-1.8865284 -1.9652868 -2.0336971 -2.0819937 -2.1383586 -2.1802979 -2.2234735 -2.2554565 -2.2520584 -2.2182509 -2.1460695 -2.0577898 -1.9359149 -1.8065759 -1.6772369 -1.5639573 -1.4820356 -1.4061796 -1.3830276 -1.3851124 -1.417243 -1.4564252 -1.4927771 -1.5182856 -1.5319046 -1.5052478 -1.4662178 -1.4735652 -1.4590068 -1.4355664 -1.4460392 -1.4614305 -1.4887815 -1.5156794 -1.5338491 -1.5408373 -1.5243572 -1.4946371 -1.4579823 -1.4160733 -1.3946208 -1.3697334 -1.3982167 -1.4708103 -1.5077819 -1.500913 -1.5510722 -1.5847207 -1.5857391 -1.6559888 -1.6350432 -1.7809514 -1.8208741 -2.0719276 -2.2612323 -2.5414002 -2.7888578
-1.8701306 -1.9393284 -2.0089725 -2.0766759 -2.1430036 -2.2229076 -2.282872 -2.3280512 -2.3294203 -2.3083186 -2.2357071 -2.1423046 -2.0129656 -1.8917953 -1.7639978 -1.6587478 -1.5832626 -1.533216 -1.5276291 -1.5297138 -1.5636126 -1.5940744 -1.6139727 -1.5874249 -1.5542017 -1.5113246 -1.4536433 -1.4036687 -1.3620865 -1.3373303 -1.3466913 -1.3688793 -1.4009119 -1.4260747 -1.4417839 -1.4428098 -1.4179369 -1.3903711 -1.3539896 -1.3474632 -1.3369904 -1.3937245 -1.4434703 -1.5451944 -1.6342131 -1.7093994 -1.7669997 -1.7539855 -1.7539855 -1.6802931 -1.6593475 -1.6246616 -1.6563215 -1.7639638 -1.9274612 -2.1570451 -2.4028569
