mean_models/J1_mean_vp_slide_diff_200.dat.tif
NCOLS 118
NROWS 92
XLLCORNER 139.62
YLLCORNER -39.07
DX 0.099491525
DY 0.099347826
NODATA_VALUE -9999
[rows 0 to 26 of 92, columns 0 to 59 of 118]
-9999 -9999 -9999 -9999 -9999 -9999 -9999 -9999 -9999 -9999 -9999 -9999 -9999 -9999 -9999 -9999 -9999 -9999 -9999 -9999 -9999 -9999 -9999 -9999 -9999 -9999 -9999 -9999 -9999 -9999 -9999 -9999 -9999 -9999 -9999 -9999 -9999 -9999 -9999 -9999 -9999 -9999 -9999 -9999 -9999 -9999 -9999 -9999 -9999 -9999 -9999 -9999 -9999 -9999 -9999 -9999 -9999 -9999 -9999 -9999
-9999 8.3298545 8.3300192 8.330184 8.3303487 8.3305134 8.3302273 8.3304137 8.3297264 8.3273176 8.3249087 8.3224999 8.3200911 8.3191111 8.3208652 8.3224735 8.3240818 8.3256901 8.3272984 8.3290239 8.3310198 8.3330158 8.3350118 8.3370077 8.3384736 8.3363959 8.3326823 8.3276577 8.322633 8.3176083 8.3125837 8.3108581 8.315492 8.320126 8.3247599 8.3293939 8.3312191 8.3289101 8.3314639 8.3337075 8.335951 8.3381946 8.3404381 8.3362227 8.3293883 8.3232003 8.3170122 8.3108242 8.3046362 8.2995976 8.288364 8.2771303 8.2658966 8.254663 8.247026 8.2502355 8.2511695 8.2521034 8.2530374 8.2539714
-9999 8.328338 8.3285027 8.3286675 8.3288322 8.3281955 8.3270567 8.327243 8.3289587 8.3293809 8.3269721 8.3245632 8.3221544 8.3211744 8.3230558 8.3248777 8.326486 8.3280943 8.3297026 8.3314281 8.3334241 8.33542 8.337416 8.3379347 8.3361145 8.3340368 8.3312687 8.3280683 8.3230436 8.318019 8.3129943 8.3112687 8.3159027 8.3205366 8.3251706 8.3245779 8.3185786 8.3162695 8.31924 8.3219441 8.3241876 8.3264311 8.3286747 8.3244593 8.3156007 8.3082701 8.3020821 8.2958941 8.2897061 8.284959 8.2804609 8.270047 8.2588133 8.2475797 8.2399427 8.2447641 8.248615 8.249549 8.2504829 8.2514169
-9999 8.3268215 8.3269862 8.327151 8.3261636 8.3250248 8.323886 8.3240724 8.325788 8.3275037 8.3290354 8.3266266 8.3242177 8.3232377 8.3251191 8.3270005 8.3288819 8.3304985 8.3321068 8.3338323 8.3358283 8.3378242 8.3373958 8.3355756 8.3337554 8.3316777 8.3289096 8.3261416 8.3233735 8.3184296 8.313405 8.3116794 8.3163133 8.3209473 8.3179367 8.3119373 8.305938 8.303629 8.3065995 8.30957 8.3124242 8.3146677 8.3169113 8.3126959 8.3038373 8.2949787 8.287152 8.280964 8.274776 8.2700288 8.2655308 8.2610327 8.2517301 8.2404964 8.2328594 8.2376808 8.2425023 8.2469945 8.2479285 8.2488624
-9999 8.325305 8.3252705 8.3241317 8.3229929 8.3218542 8.3207154 8.3209017 8.3226174 8.324333 8.3260487 8.3277643 8.3262811 8.3253011 8.3271825 8.3290638 8.3309452 8.3328266 8.334511 8.3362365 8.3382325 8.3368569 8.3350367 8.3332165 8.3313963 8.3293186 8.3265505 8.3237825 8.3210144 8.3182464 8.3138156 8.31209 8.316724 8.3112954 8.3052961 8.2992968 8.2932974 8.2909884 8.2939589 8.2969294 8.2998999 8.3028704 8.3051479 8.3009325 8.2920739 8.2832153 8.2743568 8.2660339 8.2598458 8.2550987 8.2506006 8.2461026 8.2416045 8.2334131 8.2257761 8.2305975 8.235419 8.2402404 8.2450618 8.2463079
-9999 8.3232386 8.3220998 8.3209611 8.3198223 8.3186835 8.3175447 8.3177311 8.3194467 8.3211624 8.322878 8.3245937 8.3263094 8.3273644 8.3292458 8.3311272 8.3330086 8.3348899 8.3367713 8.3381382 8.336318 8.3344978 8.3326776 8.3308574 8.3290372 8.3269595 8.3241914 8.3214234 8.3186553 8.3158873 8.3131192 8.3106536 8.3046542 8.2986549 8.2926555 8.2866562 8.2806569 8.2783479 8.2813184 8.2842889 8.2872594 8.2902299 8.2932004 8.2891691 8.2803105 8.2714519 8.2625933 8.2537348 8.2449157 8.2401686 8.2356705 8.2311725 8.2266744 8.2221763 8.2186928 8.2235143 8.2283357 8.2331571 8.2379785 8.2428
-9999 8.3224844 8.3213456 8.3202068 8.3190681 8.3179293 8.3168156 8.317025 8.3187407 8.3204563 8.322172 8.3238877 8.3255278 8.3268168 8.3278451 8.3297264 8.3316078 8.3334892 8.3353706 8.3361327 8.3343125 8.3324923 8.3306721 8.3288519 8.3268102 8.3254397 8.3260738 8.3233057 8.3205377 8.3177696 8.3150015 8.3111298 8.3051304 8.2991311 8.2931318 8.2871324 8.2782303 8.2724592 8.2754297 8.2784002 8.2813707 8.2843412 8.2852329 8.2850466 8.2802299 8.2713713 8.2625128 8.2536542 8.2447956 8.2396549 8.2351569 8.2306588 8.2261607 8.222285 8.2217983 8.2266197 8.2314411 8.2362626 8.241084 8.2441723
-9999 8.322113 8.3209742 8.3198354 8.3186967 8.3175958 8.3165 8.3167094 8.3184251 8.3201408 8.3218564 8.3234471 8.3249955 8.3262846 8.3270542 8.3278237 8.3296583 8.3315397 8.3334211 8.3341831 8.3323629 8.3305427 8.3287225 8.3265173 8.3241018 8.3227313 8.3241616 8.3255919 8.323092 8.3203239 8.3175558 8.3136841 8.3076847 8.3016854 8.2956861 8.2852928 8.2734113 8.2676402 8.2706107 8.2735812 8.2765517 8.2766954 8.2764455 8.2762592 8.2761187 8.2731416 8.264283 8.2554245 8.2465659 8.2414252 8.2369271 8.2324291 8.2290238 8.2270047 8.2265179 8.2313394 8.2361608 8.2409822 8.2435422 8.2455792
-9999 8.3217416 8.3206028 8.3194716 8.3183759 8.3172802 8.3161845 8.3163938 8.3181095 8.3198178 8.3213663 8.3229148 8.3244633 8.3257523 8.3265219 8.3272915 8.328061 8.3295901 8.3314715 8.3322336 8.3304134 8.3285932 8.3262244 8.3238089 8.3213934 8.3200229 8.3214532 8.3228835 8.3243138 8.3228782 8.3201101 8.3162384 8.310239 8.3042368 8.2923553 8.2804738 8.2685923 8.2628212 8.2657917 8.2684078 8.2681579 8.267908 8.267658 8.2674718 8.2673313 8.2671908 8.2660533 8.2571948 8.2483362 8.2431955 8.2386974 8.2357626 8.2337435 8.2317243 8.2312376 8.236059 8.2408749 8.242912 8.2449491 8.2469862
-9999 8.3213702 8.3202517 8.319156 8.3180603 8.3169646 8.3158689 8.3160783 8.3177371 8.3192856 8.3208341 8.3223825 8.323931 8.3252201 8.3259897 8.3267592 8.3275288 8.3282984 8.329522 8.3302841 8.3283469 8.3259315 8.323516 8.3211005 8.318685 8.3173145 8.3187448 8.3201751 8.3216054 8.3230358 8.3226644 8.3187927 8.3112992 8.2994178 8.2875363 8.2756548 8.2637733 8.2580021 8.2598703 8.2596204 8.2593705 8.2591206 8.2588706 8.2586844 8.2585438 8.2584033 8.2582628 8.2581223 8.2501065 8.2449658 8.2425014 8.2404823 8.2384631 8.236444 8.2359573 8.2402448 8.2422819 8.2443189 8.246356 8.2483931
-9999 8.3211613 8.3200656 8.3189699 8.3178742 8.3167785 8.3156828 8.3159538 8.3175023 8.3190508 8.3205992 8.3221477 8.3236962 8.3247545 8.3255241 8.3262936 8.3270632 8.3278328 8.3286023 8.3284088 8.3259933 8.3235778 8.3211623 8.3187468 8.3163313 8.3137192 8.3151495 8.3165798 8.3180101 8.3194405 8.3208708 8.3177542 8.3058727 8.2939913 8.2821098 8.2702283 8.2583468 8.2522945 8.2520446 8.2517946 8.2515447 8.2512948 8.2510449 8.2512801 8.2511396 8.2509991 8.2508586 8.250718 8.2505775 8.2488352 8.2468161 8.2447969 8.2427778 8.2407586 8.239175 8.2412121 8.2432492 8.2452863 8.2473234 8.2493605
-9999 8.3218238 8.3207281 8.3196324 8.3185367 8.317441 8.3170923 8.3176682 8.3192167 8.3207651 8.3223136 8.3238621 8.3253171 8.3261012 8.3255976 8.3262649 8.3270344 8.327804 8.3285736 8.32838 8.3259645 8.323549 8.3211335 8.3187181 8.3162913 8.3128371 8.3066426 8.307172 8.3086023 8.3100326 8.311463 8.3083464 8.2964649 8.2845834 8.272702 8.2608205 8.2540863 8.2507712 8.2505212 8.2502713 8.2500214 8.2497715 8.2514099 8.2524396 8.2528001 8.2526596 8.2525191 8.2523786 8.2522381 8.2504958 8.2484766 8.2464575 8.2444384 8.2407525 8.2372613 8.2392984 8.2413355 8.2433726 8.2454097 8.2474744
-9999 8.3224864 8.3213907 8.3202949 8.3193403 8.3190735 8.3188067 8.3193825 8.320931 8.3224795 8.3240232 8.3254504 8.3268775 8.3276616 8.327158 8.3266544 8.3270057 8.3277752 8.3285448 8.3283512 8.3259358 8.3235203 8.3211048 8.318674 8.3162421 8.3127878 8.3065934 8.3003989 8.2991945 8.3006248 8.3020551 8.2989386 8.2870571 8.2751756 8.2634784 8.2580207 8.252563 8.2492478 8.2489979 8.248748 8.2488061 8.2505479 8.2522897 8.2533195 8.2538373 8.2543202 8.2541797 8.2540392 8.2538987 8.2521563 8.2501372 8.2481181 8.2439261 8.2388389 8.2353476 8.2373847 8.2394218 8.2414613 8.2435286 8.2455959
-9999 8.3231489 8.3220532 8.3213215 8.3210547 8.3207879 8.320521 8.3210969 8.3226454 8.3241565 8.3255836 8.3270108 8.3284379 8.329222 8.3287184 8.3282148 8.3277112 8.3277465 8.328516 8.3283225 8.325907 8.3234885 8.3210566 8.3186247 8.3161928 8.3127385 8.3065441 8.3003497 8.2941552 8.291217 8.2926473 8.2895307 8.2776493 8.2674128 8.2619551 8.2564974 8.2510397 8.2477245 8.2474746 8.2479442 8.249686 8.2514278 8.2531696 8.2541993 8.2547172 8.2552351 8.255753 8.2556997 8.2555592 8.2538169 8.2517978 8.2470996 8.2420124 8.2369252 8.2334339 8.235471 8.2375155 8.2395828 8.2416501 8.2437174
-9999 8.3238114 8.3233027 8.3230359 8.3227691 8.3225022 8.3222354 8.3228113 8.3242897 8.3257169 8.327144 8.3285711 8.3299983 8.3307824 8.3302788 8.3297752 8.3292716 8.328768 8.3284873 8.3282937 8.3258712 8.3234393 8.3210074 8.3185754 8.3161435 8.3126893 8.3064948 8.3003004 8.294106 8.2879115 8.2832395 8.2801229 8.2713471 8.2658894 8.2604317 8.254974 8.2495163 8.2462012 8.2470823 8.248824 8.2505658 8.2523076 8.2540494 8.2550792 8.255597 8.2561149 8.2566328 8.2571507 8.2572198 8.2553603 8.2502731 8.2451859 8.2400987 8.2350115 8.2315203 8.2335697 8.235637 8.2377043 8.2397716 8.2418389
-9999 8.3251748 8.3249079 8.3246411 8.3243743 8.3241074 8.3238406 8.3244801 8.3259072 8.3273344 8.3287615 8.3301886 8.3316158 8.3319816 8.3314146 8.3309111 8.3304075 8.3299039 8.3294003 8.3283136 8.3258817 8.3234498 8.3210179 8.318586 8.3161541 8.3115205 8.3047224 8.298528 8.2923336 8.2861391 8.2799447 8.2740019 8.2685442 8.2630865 8.2576288 8.2521711 8.2467134 8.2443354 8.2460772 8.247819 8.2495608 8.2513026 8.2530444 8.2539577 8.2544755 8.2549934 8.2555113 8.2560292 8.2565471 8.256608 8.2515208 8.2464335 8.2413463 8.2362591 8.2317333 8.2331779 8.2352452 8.2373125 8.2393798 8.2414471
-9999 8.3265263 8.3262595 8.3259927 8.3257258 8.325665 8.32677 8.3275305 8.3278934 8.3290846 8.3305117 8.3319388 8.333366 8.3337319 8.3319725 8.3310605 8.3305569 8.3300533 8.3295497 8.328463 8.3260311 8.3235992 8.3211673 8.3187354 8.3172162 8.3129209 8.3010011 8.2927517 8.2865572 8.2803628 8.2741683 8.2682255 8.2627678 8.2573101 8.2518524 8.2465945 8.2458861 8.2443288 8.2415571 8.2424341 8.2441759 8.2459177 8.2476595 8.2485033 8.2487036 8.2492215 8.2497394 8.2502573 8.2507752 8.2568087 8.2601141 8.2550269 8.2499397 8.2448525 8.2403267 8.2377454 8.2383078 8.2403751 8.2424424 8.2445097
-9999 8.3278779 8.327611 8.3273442 8.3276894 8.3287944 8.3298995 8.33066 8.3310229 8.3313858 8.3322619 8.3336891 8.3351162 8.3354821 8.3337227 8.3319634 8.3307064 8.3302028 8.3296992 8.3286125 8.3261806 8.3237487 8.3215177 8.3200671 8.3186165 8.3143213 8.3024015 8.2904817 8.2807809 8.2745864 8.268392 8.2624492 8.2569915 8.2515338 8.2474799 8.2467715 8.246063 8.2445058 8.2417341 8.2389624 8.2387911 8.2405328 8.2422746 8.2431185 8.2433167 8.243515 8.2439675 8.2444854 8.2450033 8.2510368 8.2580236 8.2636203 8.2585331 8.2534459 8.24892 8.2463388 8.2437575 8.2434378 8.2455051 8.2475724
-9999 8.3292294 8.3289626 8.3297139 8.3308189 8.3319239 8.3330289 8.3337894 8.3341523 8.3345152 8.3348781 8.3354393 8.3368664 8.3372323 8.3354729 8.3337136 8.3319543 8.3303522 8.3298486 8.3287619 8.32633 8.3243687 8.3229181 8.3214675 8.3200169 8.3157216 8.3038019 8.2918821 8.2799624 8.2688101 8.2626157 8.2566729 8.2512152 8.2483652 8.2476568 8.2469484 8.24624 8.2446827 8.241911 8.2391393 8.2363676 8.235148 8.2368898 8.2377336 8.2379319 8.2381302 8.2383284 8.2387135 8.2392314 8.2452649 8.2522517 8.2592385 8.2662253 8.2620392 8.2575134 8.2549321 8.2523509 8.2497696 8.2485677 8.250635
-9999 8.3306333 8.3317383 8.3328433 8.3339483 8.3350534 8.3361584 8.3369189 8.3372818 8.3376447 8.3380076 8.3383705 8.3387334 8.3389825 8.3372232 8.3354638 8.3337045 8.3319451 8.3301858 8.3289114 8.3272196 8.3257691 8.3243185 8.3228679 8.3214173 8.317122 8.3052023 8.2932825 8.2813627 8.269443 8.2575232 8.2508965 8.2492505 8.2485421 8.2478337 8.2471253 8.2464169 8.2448596 8.2420879 8.2393162 8.2365445 8.2337728 8.2315049 8.2323487 8.232547 8.2327453 8.2329436 8.2331419 8.2334595 8.239493 8.2464798 8.2534666 8.2604534 8.2674402 8.2661068 8.2635255 8.2609442 8.258363 8.2557817 8.2536977
-9999 8.3289341 8.3300391 8.3311441 8.3322492 8.3333542 8.3355192 8.3390777 8.3394406 8.3398035 8.3401664 8.3405293 8.3406746 8.3382361 8.3363892 8.3346299 8.3328705 8.3311112 8.3293518 8.3276859 8.3262353 8.3247847 8.3233341 8.3218835 8.3204329 8.3127919 8.3043397 8.29242 8.2805002 8.2685804 8.2566607 8.2485703 8.2478619 8.2471535 8.2464451 8.2457367 8.2450282 8.2434704 8.2406987 8.237927 8.2351553 8.2323836 8.2305973 8.2329972 8.2335674 8.2337657 8.233964 8.2341623 8.2343606 8.240347 8.2473338 8.2543206 8.2613074 8.2682942 8.2672204 8.2646391 8.2620578 8.2594765 8.2568953 8.2544353
-9999 8.3235926 8.3246976 8.3258026 8.3269076 8.3306184 8.3369458 8.3405042 8.3408671 8.34123 8.3415929 8.3408416 8.3381749 8.3357363 8.3337546 8.3318467 8.3300873 8.328328 8.3265686 8.3249027 8.3234521 8.3220015 8.3205509 8.3170431 8.3080598 8.3004064 8.2963175 8.2898504 8.2779307 8.2660109 8.2540912 8.2460008 8.2452924 8.244584 8.2438756 8.2431669 8.2424576 8.2408998 8.2381281 8.2353564 8.2325847 8.2316037 8.2322993 8.2346992 8.2383244 8.2396177 8.239816 8.2400143 8.2402126 8.246199 8.2531858 8.2601726 8.2663568 8.2646188 8.2626918 8.2601105 8.2575292 8.254948 8.2525722 8.2504344
-9999 8.3182511 8.3193561 8.3204611 8.3257177 8.332045 8.3383723 8.3419308 8.3422937 8.3426566 8.3410085 8.3383418 8.3356751 8.3332366 8.3312548 8.3292731 8.3273041 8.3255448 8.3237854 8.3221194 8.3206688 8.3192183 8.3136408 8.3046576 8.2956743 8.2880209 8.283932 8.2798431 8.2753612 8.2634414 8.2515216 8.2434313 8.2427229 8.2420145 8.2413055 8.2405963 8.239887 8.2383293 8.2355576 8.2327859 8.2326101 8.2333057 8.2340013 8.2364012 8.2400264 8.2436516 8.245668 8.2458663 8.2460646 8.252051 8.2590378 8.2635664 8.2618283 8.2600902 8.2581632 8.2555819 8.2530007 8.250709 8.2485712 8.2464334
-9999 8.3129095 8.3144896 8.3208169 8.3271443 8.3334716 8.3397989 8.3433574 8.3437203 8.3411755 8.3385088 8.3358421 8.3331754 8.3307368 8.3287551 8.3267734 8.3247917 8.32281 8.3210022 8.3193362 8.3178856 8.3102386 8.3012553 8.2922721 8.2832888 8.2756354 8.2715465 8.2674576 8.2633686 8.2592797 8.2489521 8.2408618 8.2401534 8.2394442 8.238735 8.2380257 8.2373165 8.2357587 8.232987 8.2336166 8.2343122 8.2350077 8.2357033 8.2381033 8.2417284 8.2453536 8.2489787 8.2517183 8.2519166 8.257903 8.2607759 8.2590378 8.2572997 8.2555616 8.2536346 8.2510534 8.2488459 8.2467081 8.2445702 8.2424324
-9999 8.3095889 8.3159162 8.3222435 8.3285709 8.3348982 8.3412255 8.3440091 8.3413424 8.3386757 8.336009 8.3333423 8.3306756 8.328237 8.3262553 8.3242736 8.3222919 8.3203102 8.3183285 8.3158196 8.3068363 8.2978531 8.2888698 8.2798866 8.2709033 8.2632499 8.259161 8.2550721 8.2509831 8.2468942 8.2428053 8.2382922 8.2375829 8.2368737 8.2361644 8.2354551 8.2347459 8.2339274 8.234623 8.2353186 8.2360142 8.2367098 8.2374053 8.2398053 8.2434304 8.2470556 8.2506807 8.2543059 8.2577686 8.2579854 8.2562473 8.2545092 8.2527711 8.2510331 8.2491206 8.2469827 8.2448449 8.2427071 8.2405693 8.2384314
-9999 8.3015867 8.307914 8.3142414 8.3205687 8.326896 8.336711 8.3442301 8.3442228 8.3415561 8.3388894 8.3362227 8.333556 8.3298962 8.3252133 8.3232316 8.3212499 8.3192682 8.3172865 8.3131876 8.3042043 8.2952211 8.2862378 8.2772546 8.2693048 8.2623894 8.2540904 8.2500014 8.2459125 8.2418236 8.2377346 8.2348001 8.2340908 8.2333816 8.2326723 8.2319631 8.2282569 8.2242101 8.2247418 8.2254374 8.226133 8.2268286 8.2275241 8.2295332 8.2328665 8.2364916 8.2401168 8.243742 8.2473671 8.2570598 8.2571409 8.2554029 8.2536648 8.2519267 8.2489782 8.2429658 8.240828 8.2386902 8.2365523 8.2344145
-9999 8.2917775 8.2981048 8.3044322 8.3107595 8.3224454 8.3350933 8.3426124 8.3442121 8.3454677 8.342801 8.3401343 8.3374676 8.3338078 8.3281593 8.3225109 8.3204872 8.3185055 8.3165238 8.312425 8.3034417 8.2944584 8.2854752 8.278357 8.2724004 8.2654851 8.2559998 8.2465146 8.2422438 8.2381549 8.234066 8.2311314 8.2304222 8.2297129 8.2290036 8.2236576 8.2164799 8.2124331 8.2128656 8.2133362 8.2140318 8.2147274 8.2154229 8.217432 8.2203853 8.2235768 8.227202 8.2308272 8.2344523 8.244145 8.2548864 8.2573357 8.2555976 8.2538595 8.2509111 8.2437699 8.236808 8.2346702 8.2325323 8.2303945
