mean_models/J1_mean_vp_slide_diff2_160.dat.tif
NCOLS 118
NROWS 92
XLLCORNER 139.62
YLLCORNER -39.07
DX 0.099491525
DY 0.099347826
NODATA_VALUE -9999
[rows 0 to 23 of 92, columns 0 to 54 of 118]
-9999 -9999 -9999 -9999 -9999 -9999 -9999 -9999 -9999 -9999 -9999 -9999 -9999 -9999 -9999 -9999 -9999 -9999 -9999 -9999 -9999 -9999 -9999 -9999 -9999 -9999 -9999 -9999 -9999 -9999 -9999 -9999 -9999 -9999 -9999 -9999 -9999 -9999 -9999 -9999 -9999 -9999 -9999 -9999 -9999 -9999 -9999 -9999 -9999 -9999 -9999 -9999 -9999 -9999 -9999
-9999 0.22477694 0.22455708 0.22433722 0.22411736 0.2238975 0.22316685 0.22340078 0.22390941 0.22301839 0.22212737 0.22123635 0.22034533 0.22060116 0.22278899 0.22455878 0.22632857 0.22809836 0.22986815 0.23187079 0.23441065 0.2369505 0.23949035 0.2420302 0.24394258 0.24166615 0.23752749 0.23191735 0.22630721 0.22069707 0.21508693 0.21299933 0.21770207 0.22240482 0.22710756 0.23181031 0.23434911 0.23430352 0.23755851 0.23960203 0.24164555 0.24368908 0.2457326 0.23938062 0.23215323 0.22657367 0.22099412 0.21541456 0.20983501 0.20297115 0.19196615 0.18096114 0.16995613 0.15895113 0.15207683
-9999 0.22177995 0.22156009 0.22134023 0.22112037 0.21999244 0.2182957 0.21852963 0.2209918 0.22240244 0.22151142 0.2206204 0.21972938 0.2199852 0.22253766 0.22491975 0.22668953 0.22845932 0.23022911 0.23223176 0.23477161 0.23731146 0.23985131 0.24064249 0.23866493 0.2363885 0.23331101 0.22974826 0.22413812 0.21852797 0.21291783 0.21083024 0.21553298 0.22023573 0.22493847 0.22561439 0.22212477 0.22207919 0.22696079 0.23080209 0.23284561 0.23488913 0.23693266 0.23058068 0.21819329 0.2097011 0.20412154 0.19854199 0.19296244 0.18627724 0.17940095 0.16889845 0.15789344 0.14688844 0.14001414
-9999 0.21878295 0.21856309 0.21834323 0.21681803 0.21512129 0.21342455 0.21365848 0.21612065 0.21858282 0.22089546 0.22000444 0.21911342 0.21936925 0.2219217 0.22447416 0.22702661 0.22882029 0.23059008 0.23259272 0.23513257 0.23767243 0.23734241 0.23536485 0.23338729 0.23111085 0.22803336 0.22495587 0.22187838 0.21635888 0.21074874 0.20866114 0.21336389 0.21806663 0.21687968 0.21339006 0.20990043 0.20985485 0.21473645 0.21961806 0.22404567 0.22608919 0.22813272 0.22178074 0.20939335 0.19700595 0.18724897 0.18166942 0.17608986 0.16940466 0.16252838 0.15565209 0.14583076 0.13482575 0.12795145
-9999 0.21578596 0.21534036 0.21364362 0.21194688 0.21025014 0.2085534 0.20878733 0.2112495 0.21371168 0.21617385 0.21863602 0.21849746 0.21875329 0.22130574 0.2238582 0.22641065 0.22896311 0.23095104 0.23295368 0.23549354 0.23404232 0.23206476 0.2300872 0.22810964 0.22583321 0.22275571 0.21967822 0.21660073 0.21352324 0.20857964 0.20649205 0.21119479 0.20814497 0.20465534 0.20116572 0.1976761 0.19763051 0.20251212 0.20739372 0.21227532 0.21715693 0.21933278 0.2129808 0.20059341 0.18820601 0.17581862 0.16479685 0.15921729 0.15253209 0.1456558 0.13877952 0.13190323 0.12276306 0.11588876
-9999 0.21216595 0.21046921 0.20877247 0.20707573 0.20537899 0.20368226 0.20391619 0.20637836 0.20884053 0.2113027 0.21376487 0.21622704 0.21813733 0.22068979 0.22324224 0.2257947 0.22834715 0.23089961 0.23271979 0.23074223 0.22876467 0.22678711 0.22480955 0.22283199 0.22055556 0.21747807 0.21440058 0.21132308 0.20824559 0.2051681 0.20289988 0.19941025 0.19592063 0.19243101 0.18894138 0.18545176 0.18540618 0.19028778 0.19516938 0.20005099 0.20493259 0.20981419 0.20418086 0.19179346 0.17940607 0.16701868 0.15463129 0.14234472 0.13565952 0.12878323 0.12190695 0.11503066 0.10815438 0.10382607
-9999 0.21080218 0.20910544 0.2074087 0.20571196 0.20401523 0.20241129 0.20273051 0.20519268 0.20765485 0.21011702 0.21257919 0.21489877 0.21669255 0.21812067 0.22067313 0.22322558 0.22577804 0.22833049 0.22951314 0.22753558 0.22555802 0.22358046 0.2216029 0.21935087 0.21788975 0.21884575 0.21576826 0.21269077 0.20961328 0.20653578 0.20331752 0.1998279 0.19633828 0.19284865 0.18935903 0.18253158 0.17850495 0.18338656 0.18826816 0.19314976 0.19803137 0.19887139 0.19881304 0.192582 0.1801946 0.16780721 0.15541982 0.14303242 0.13534402 0.12846774 0.12159145 0.11471517 0.10944084 0.11072143
-9999 0.20999408 0.20829734 0.2066006 0.20490386 0.20334705 0.2018095 0.20212871 0.20459089 0.20705306 0.20951523 0.21174139 0.21388796 0.21568173 0.21676901 0.21785629 0.22034703 0.22289949 0.22545194 0.22663459 0.22465703 0.22267947 0.22070191 0.21824723 0.21553211 0.21407099 0.21597094 0.21787089 0.21511126 0.21203377 0.20895628 0.20573802 0.20224839 0.19875877 0.19526915 0.18672705 0.17647369 0.17244706 0.17732866 0.18221027 0.18709187 0.18647769 0.18509819 0.18503984 0.18593125 0.18250222 0.17011483 0.15772743 0.14534004 0.13765164 0.13077536 0.12389907 0.11983555 0.11933969 0.12062028
-9999 0.20918598 0.20748924 0.20582036 0.20428281 0.20274525 0.2012077 0.20152692 0.20398909 0.20643744 0.20858401 0.21073058 0.21287715 0.21467092 0.2157582 0.21684548 0.21793275 0.22002094 0.22257339 0.22375604 0.22177848 0.21980092 0.21714359 0.21442847 0.21171334 0.21025223 0.21215218 0.21405213 0.21595208 0.21445426 0.21137677 0.20815851 0.20466889 0.20117588 0.19092252 0.18066915 0.17041579 0.16638917 0.17127077 0.17546349 0.17408399 0.17270449 0.17132498 0.17126663 0.17215804 0.17304945 0.17242244 0.16003505 0.14764766 0.13995926 0.13308297 0.13023026 0.1297344 0.12923854 0.13051913
-9999 0.20837788 0.20675611 0.20521856 0.20368101 0.20214346 0.20060591 0.20092513 0.20328006 0.20542663 0.2075732 0.20971977 0.21186634 0.21366011 0.21474739 0.21583466 0.21692194 0.21800922 0.21969484 0.22087749 0.21875508 0.21603995 0.21332483 0.21060971 0.20789458 0.20643347 0.20833342 0.21023337 0.21213332 0.21403327 0.21379727 0.210579 0.20537134 0.19511798 0.18486462 0.17461126 0.1643579 0.16033128 0.16306979 0.16169029 0.16031078 0.15893128 0.15755178 0.15749343 0.15838484 0.15927625 0.16016766 0.16105907 0.14995528 0.14226688 0.14062496 0.14012911 0.13963325 0.13913739 0.14041797
-9999 0.2079486 0.20641105 0.2048735 0.20333595 0.20179839 0.20026084 0.20062245 0.20276902 0.20491559 0.20706216 0.20920873 0.2113553 0.21285206 0.21393933 0.21502661 0.21611389 0.21720116 0.21828844 0.21822593 0.2155108 0.21279568 0.21008056 0.20736543 0.20465031 0.20209433 0.20399428 0.20589423 0.20779418 0.20969413 0.21159409 0.20934286 0.1990895 0.18883614 0.17858278 0.16832942 0.15807606 0.15219145 0.15081194 0.14943244 0.14805294 0.14667344 0.14529394 0.14598362 0.14687503 0.14776644 0.14865785 0.14954926 0.15044066 0.15014923 0.14965337 0.14915752 0.14866166 0.1481658 0.14677369
-9999 0.20928607 0.20774852 0.20621097 0.20467342 0.20313587 0.20261166 0.2033868 0.20553337 0.20767994 0.20982652 0.21197309 0.21395488 0.21507974 0.21458709 0.21554736 0.21663463 0.21772191 0.21880919 0.21874667 0.21603155 0.21331643 0.2106013 0.20788618 0.20515617 0.20185436 0.1970383 0.19814469 0.20004464 0.20194459 0.20384454 0.20159332 0.19133996 0.1810866 0.17083324 0.16057988 0.15386685 0.14986484 0.14848534 0.14710584 0.14572634 0.14434684 0.14699446 0.14897031 0.15019883 0.15109024 0.15198165 0.15287306 0.15376447 0.15347304 0.15297718 0.15248132 0.15198546 0.14658111 0.13957097
-9999 0.21062354 0.20908599 0.20754844 0.20620228 0.20578915 0.20537601 0.20615116 0.20829773 0.2104443 0.21258251 0.2145151 0.21644768 0.21757254 0.21707989 0.21658724 0.21715538 0.21824266 0.21932994 0.21926742 0.2165523 0.21383718 0.21112205 0.20838665 0.20564981 0.20234799 0.19753193 0.19271587 0.1922951 0.19419505 0.196095 0.19384377 0.18359041 0.17333705 0.16321043 0.15737534 0.15154024 0.14753824 0.14615874 0.14477924 0.14405677 0.14692487 0.14979297 0.15176881 0.15310322 0.15441405 0.15530546 0.15619687 0.15708828 0.15679684 0.15630099 0.15580513 0.14891004 0.13937839 0.13236825
-9999 0.21196101 0.21042346 0.20937977 0.20896664 0.2085535 0.20814037 0.20891551 0.21106208 0.21314273 0.21507532 0.2170079 0.21894048 0.22006534 0.21957269 0.21908004 0.21858739 0.21876341 0.21985068 0.21978817 0.21707305 0.21435398 0.21161713 0.20888029 0.20614344 0.20284163 0.19802557 0.1932095 0.18839344 0.1864455 0.18834545 0.18609423 0.17584087 0.16671892 0.16088383 0.15504874 0.14921364 0.14521164 0.14383214 0.14398717 0.14685527 0.14972337 0.15259147 0.15456731 0.15590172 0.15723613 0.15857054 0.15952067 0.16041208 0.16012065 0.15962479 0.15123896 0.14170732 0.13217568 0.12516554
-9999 0.21329848 0.21255726 0.21214412 0.21173099 0.21131785 0.21090472 0.21167986 0.21370295 0.21563554 0.21756812 0.2195007 0.22143328 0.22255814 0.22206549 0.22157285 0.2210802 0.22058755 0.22037143 0.22030892 0.21758446 0.21484761 0.21211077 0.20937392 0.20663708 0.20333526 0.1985192 0.19370314 0.18888707 0.18407101 0.18059591 0.17834469 0.17022741 0.16439232 0.15855723 0.15272213 0.14688704 0.14288504 0.14391757 0.14678567 0.14965377 0.15252188 0.15538998 0.15736582 0.15870023 0.16003463 0.16136904 0.16270345 0.16373589 0.16309953 0.15356789 0.14403625 0.1345046 0.12497296 0.11796282
-9999 0.21566627 0.21525313 0.21484 0.21442686 0.21401373 0.21360059 0.21434591 0.21627849 0.21821108 0.22014366 0.22207624 0.22400882 0.22481619 0.22427541 0.22378276 0.22329011 0.22279746 0.22230481 0.22113355 0.2183967 0.21565986 0.21292301 0.21018617 0.20744932 0.20108109 0.19493933 0.19012326 0.1853072 0.18049114 0.17567507 0.17051094 0.16467585 0.15884075 0.15300566 0.14717057 0.14133547 0.13900665 0.14187475 0.14474285 0.14761095 0.15047905 0.15334715 0.15575622 0.15709063 0.15842504 0.15975945 0.16109386 0.16242827 0.15578558 0.14625394 0.13672229 0.12719065 0.11765901 0.11312655
-9999 0.21820302 0.21778988 0.21737675 0.21696361 0.21676612 0.21778909 0.2186504 0.21932515 0.22097886 0.22291145 0.22484403 0.22677661 0.22758398 0.22613803 0.22533533 0.22484268 0.22435003 0.22385738 0.22268612 0.21994928 0.21721243 0.21447559 0.21173874 0.20985131 0.20379794 0.18640749 0.17707805 0.17226199 0.16744592 0.16262986 0.15746573 0.15163063 0.14579554 0.13996044 0.13452306 0.13814168 0.13741258 0.13046344 0.13145053 0.13431863 0.13718673 0.14005483 0.14272241 0.14523823 0.14657263 0.14790704 0.14924145 0.15057586 0.14571266 0.13868152 0.12914988 0.11961823 0.11008659 0.10555413
-9999 0.22073977 0.22032663 0.2199135 0.22014109 0.22116406 0.22218703 0.22304834 0.22372309 0.22439784 0.22567923 0.22761182 0.2295444 0.23035176 0.22890582 0.22745988 0.22639526 0.22590261 0.22540996 0.2242387 0.22150185 0.21876501 0.21621518 0.21439167 0.21256815 0.20651478 0.18912434 0.17173389 0.15921677 0.15440071 0.14958464 0.14442051 0.13858542 0.13275032 0.12970951 0.13332814 0.13694676 0.13621766 0.12926852 0.12231938 0.12102632 0.12389442 0.12676252 0.12943009 0.13195351 0.13447693 0.13605464 0.13738904 0.13872345 0.13386025 0.12792594 0.12157746 0.11204581 0.10251417 0.097981716
-9999 0.22327652 0.22286339 0.22351606 0.22453903 0.225562 0.22658496 0.22744628 0.22812103 0.22879578 0.22947052 0.2303796 0.23231219 0.23311955 0.23167361 0.23022767 0.22878172 0.22745518 0.22696253 0.22579127 0.22305443 0.22075554 0.21893202 0.21710851 0.215285 0.20923163 0.19184118 0.17445074 0.1570603 0.14135549 0.13653943 0.13137529 0.1255402 0.12489597 0.12851459 0.13213322 0.13575184 0.13502274 0.1280736 0.12112446 0.11417532 0.1106021 0.1134702 0.11613778 0.11866119 0.12118461 0.12370803 0.12553664 0.12687105 0.12200785 0.11607353 0.11013922 0.1042049 0.094941753 0.090409298
-9999 0.22586806 0.22689103 0.227914 0.22893696 0.22995993 0.2309829 0.23184422 0.23251897 0.23319371 0.23386846 0.23454321 0.23521796 0.23588734 0.2344414 0.23299545 0.23154951 0.23010357 0.22865762 0.22734385 0.2252959 0.22347238 0.22164887 0.21982536 0.21800184 0.21194847 0.19455803 0.17716759 0.15977714 0.1423867 0.12499625 0.11833008 0.12008242 0.12370104 0.12731967 0.13093829 0.13455692 0.13382782 0.12687868 0.11992954 0.1129804 0.10603126 0.10017788 0.10284546 0.10536888 0.1078923 0.11041572 0.11293914 0.11501864 0.11015544 0.10422112 0.09828681 0.092352496 0.086418182 0.08283688
-9999 0.22568917 0.22671214 0.22773511 0.22875808 0.22978105 0.23173791 0.23506436 0.23573911 0.23641386 0.23708861 0.23776336 0.23826242 0.23651435 0.23496855 0.2335226 0.23207666 0.23063072 0.22918477 0.22762466 0.22580115 0.22397763 0.22215412 0.2203306 0.21850709 0.2095528 0.19585285 0.1784624 0.16107196 0.14368152 0.12629107 0.11607664 0.11969526 0.12331389 0.12693251 0.13055114 0.13360082 0.13021273 0.12326359 0.11631445 0.10936531 0.10241617 0.095951247 0.095594197 0.098186384 0.1007098 0.10323322 0.10575664 0.10828006 0.10359207 0.097657759 0.091723445 0.085789131 0.079854817 0.079737182
-9999 0.2220579 0.22308087 0.22410384 0.22512681 0.22844558 0.23406962 0.23739608 0.23807083 0.23874557 0.23942032 0.23919508 0.23742282 0.23567475 0.2339751 0.2323596 0.23091366 0.22946771 0.22802177 0.22646166 0.22463814 0.22281463 0.22099111 0.21722611 0.20829376 0.19932779 0.1902717 0.17868456 0.16129412 0.14390368 0.12651323 0.1162988 0.11991742 0.12353605 0.12715467 0.12905912 0.12816015 0.12477206 0.11782292 0.11087378 0.10392464 0.097855463 0.092610201 0.092253151 0.095410174 0.09813606 0.10065948 0.1031829 0.10570632 0.10101833 0.095084016 0.089149702 0.083435564 0.079894909 0.08001134
-9999 0.21842664 0.2194496 0.22047257 0.22515325 0.23077729 0.23640133 0.23972779 0.24040254 0.24107729 0.24012774 0.23835548 0.23658323 0.23483516 0.23313551 0.23143586 0.22975065 0.22830471 0.22685877 0.22529865 0.22347514 0.22165162 0.21593346 0.20700111 0.19806876 0.18910279 0.1800467 0.17099061 0.16151628 0.14412583 0.12673539 0.11652096 0.12013958 0.12375821 0.12451741 0.12361845 0.12271948 0.11933139 0.11238225 0.10543311 0.099759679 0.094514417 0.089269155 0.088912105 0.092069128 0.095226151 0.098085736 0.10060916 0.10313257 0.098444588 0.092510274 0.087250376 0.083709722 0.080169067 0.080285497
-9999 0.21479537 0.21623687 0.22186092 0.22748496 0.23310901 0.23873305 0.24205951 0.24273426 0.2410604 0.23928814 0.23751589 0.23574363 0.23399556 0.23229591 0.23059627 0.22889662 0.22719697 0.22569576 0.22413565 0.22231213 0.2146408 0.20570845 0.1967761 0.18784375 0.17887778 0.16982169 0.1607656 0.15170951 0.14265342 0.12695755 0.11674312 0.12036174 0.11997571 0.11907675 0.11817778 0.11727882 0.11389072 0.10694158 0.10166389 0.096418632 0.09117337 0.085928109 0.085571059 0.088728082 0.091885105 0.095042128 0.098035413 0.10055883 0.095870845 0.091065189 0.087524534 0.083983879 0.080443225 0.080559655
