mean_models/J1_mean_vp_slide_diff2_15.dat.tif
NCOLS 118
NROWS 92
XLLCORNER 139.62
YLLCORNER -39.07
DX 0.099491525
DY 0.099347826
NODATA_VALUE -9999
[rows 26 to 51 of 92, columns 57 to 113 of 118]
0.18640315 0.18194539 0.17748764 0.18123573 0.19056004 0.19777159 0.2019076 0.2060436 0.21017961 0.21245671 0.21466995 0.22211126 0.23071836 0.23932546 0.24617905 0.25078883 0.2553986 0.26034359 0.26772126 0.27497853 0.27148432 0.2679901 0.26932943 0.27097667 0.27262392 0.28137785 0.2934152 0.30545255 0.31393294 0.31765693 0.318492 0.3141215 0.30837346 0.29918532 0.28999718 0.28091152 0.27516072 0.26940991 0.26365911 0.24962022 0.23462509 0.23618824 0.23951489 0.23492392 0.22916929 0.22341466 0.21411894 0.20313507 0.19480049 0.18747871 0.18015693 0.18057669 0.18513539 0.19001099 0.19502377 0.20003655 -9999
0.19474573 0.19057322 0.18611547 0.18986356 0.19918787 0.20851218 0.21670831 0.22084431 0.22498032 0.22725743 0.22947066 0.2316839 0.23804769 0.2466548 0.25350839 0.25811816 0.2634708 0.27084846 0.27822613 0.2854834 0.28198919 0.27849497 0.27500075 0.2756921 0.27733934 0.28609328 0.29813063 0.30556328 0.30928727 0.31301125 0.31384632 0.30947583 0.30510534 0.29996446 0.29077633 0.28169066 0.27593986 0.27018905 0.25537791 0.24038278 0.22538765 0.22695079 0.23027744 0.2336041 0.2299647 0.22421008 0.21491436 0.20393049 0.19294663 0.18438392 0.17706214 0.1774819 0.1820406 0.18659931 0.19144662 0.1964594 -9999
0.20116889 0.19856416 0.1947433 0.19849139 0.2078157 0.21714001 0.22646432 0.23564503 0.23978103 0.24205814 0.24427137 0.24648461 0.24869784 0.25398413 0.26083772 0.266598 0.27397567 0.28135333 0.288731 0.29598827 0.29249406 0.28899984 0.28550562 0.2820114 0.28205477 0.29080871 0.29719362 0.30091761 0.30464159 0.30836558 0.30920065 0.30483016 0.30045966 0.29608917 0.29155547 0.28246981 0.27613072 0.26113559 0.24614046 0.23114533 0.2161502 0.21771335 0.22104 0.22436665 0.2276933 0.22500549 0.21570977 0.20472591 0.19374204 0.18275818 0.17396735 0.17438711 0.17894581 0.18350452 0.18806322 0.19288224 -9999
0.20665898 0.20405426 0.20144954 0.20440909 0.2137334 0.22305771 0.23238202 0.24170633 0.25103064 0.25494818 0.25716141 0.25937465 0.26158788 0.26380112 0.26827984 0.2756575 0.28303517 0.29041283 0.2977905 0.30412241 0.30263425 0.29914003 0.29564581 0.29215159 0.28865738 0.29010031 0.2938243 0.29754829 0.30127227 0.30499626 0.30425647 0.29988597 0.29551548 0.29114498 0.28677449 0.28208725 0.26709212 0.25209699 0.23710186 0.22210673 0.2073993 0.20987603 0.21320268 0.21652933 0.21985598 0.22318264 0.2173629 0.20637904 0.19539517 0.18441131 0.17342744 0.1716633 0.176222 0.1807807 0.1853394 0.1898981 -9999
0.20446784 0.20186311 0.19925839 0.19664912 0.19734037 0.20666468 0.21598899 0.2253133 0.23463761 0.24830084 0.25432218 0.25653541 0.25874865 0.26096188 0.2654406 0.27281827 0.28019593 0.2875736 0.29239117 0.29089055 0.30548633 0.30627807 0.30278385 0.29928963 0.29579541 0.29723835 0.30096234 0.30468632 0.30841031 0.30728884 0.30122294 0.29248435 0.28811385 0.28374336 0.27937287 0.27468562 0.2596905 0.24469537 0.22970024 0.21613121 0.2147633 0.2146318 0.21689165 0.22021831 0.22354496 0.22687161 0.22371089 0.21509311 0.20410924 0.19312538 0.18214151 0.17614273 0.17655217 0.18111087 0.18566957 0.19022828 -9999
0.20227669 0.19967196 0.19706724 0.19445797 0.1918456 0.19027165 0.19959597 0.20892028 0.21824459 0.23190781 0.24572013 0.25369618 0.25590941 0.25812265 0.26260137 0.26997903 0.2773567 0.28084016 0.27915931 0.27765869 0.29225447 0.30685025 0.30992188 0.30642767 0.30293345 0.30437638 0.30810037 0.31182436 0.30969334 0.30540694 0.29934104 0.29006861 0.28079619 0.27634174 0.27197124 0.267284 0.25228887 0.23729374 0.22486312 0.22349521 0.22212729 0.2219958 0.22199599 0.22390728 0.22723393 0.23056059 0.22739987 0.22114643 0.21282332 0.20183945 0.19085559 0.1848568 0.18152324 0.18144105 0.18599975 0.19055845 -9999
0.20095616 0.19748082 0.19487609 0.19226682 0.18965446 0.18704209 0.18442973 0.19252725 0.20185156 0.21551479 0.22932711 0.24313942 0.25307018 0.25528341 0.25976214 0.2671398 0.26928915 0.2676083 0.26592744 0.26442683 0.27902261 0.29361839 0.30821417 0.3135657 0.31007148 0.31151442 0.31523841 0.31209783 0.30781144 0.30352504 0.29745913 0.28818671 0.27891429 0.26964187 0.26456962 0.25988238 0.24488725 0.23359503 0.23222712 0.2308592 0.22949129 0.2293598 0.22935999 0.22936019 0.23092291 0.23424956 0.23108884 0.2248354 0.21858196 0.21055352 0.19956966 0.19357087 0.19023731 0.18690375 0.18632992 0.19088862 -9999
0.20094961 0.19650873 0.19268494 0.19007567 0.18746331 0.18485095 0.18223858 0.17962622 0.18545853 0.19912176 0.21293408 0.2267464 0.24055872 0.25244418 0.2569229 0.25773814 0.25605729 0.25437644 0.25269558 0.25119496 0.26579075 0.28038653 0.29498231 0.30957809 0.31720952 0.31865246 0.31450232 0.31021593 0.30592953 0.30164314 0.29557723 0.28630481 0.27703239 0.26775997 0.25848754 0.25248075 0.24232694 0.24095903 0.23959111 0.2382232 0.23685529 0.2367238 0.23672399 0.23672418 0.23672438 0.23793854 0.23477782 0.22852438 0.22227094 0.2160175 0.20828373 0.20228495 0.19895138 0.19561782 0.19228426 0.1912188 -9999
0.20323955 0.19879867 0.1943578 0.18809317 0.18548081 0.18286845 0.18025608 0.17764372 0.17503136 0.17848414 0.19229646 0.20610878 0.21992109 0.23373341 0.24074932 0.23906847 0.23738761 0.23570676 0.2340259 0.23354705 0.25231963 0.26691541 0.28151119 0.29610697 0.31070276 0.31238339 0.30809699 0.3038106 0.2995242 0.29523781 0.29460057 0.28593315 0.27666072 0.2673883 0.25811588 0.24907911 0.2477112 0.24634329 0.24497538 0.24360747 0.24156216 0.24215959 0.24215978 0.24215997 0.24216016 0.24216035 0.24002755 0.23377411 0.22752067 0.22126723 0.21501379 0.20660338 0.20326981 0.19993625 0.19660269 0.19326912 -9999
0.20931704 0.20487617 0.20043529 0.19330399 0.18434442 0.18123007 0.17861771 0.17600535 0.17339298 0.16560639 0.16465832 0.17847064 0.19228296 0.20609528 0.21311119 0.21143033 0.20974948 0.20806863 0.20767823 0.20832631 0.23279165 0.25304969 0.26764548 0.28224126 0.29683704 0.29851767 0.29423127 0.28994488 0.28565848 0.28709245 0.28772376 0.28627043 0.27877986 0.26950743 0.26023501 0.25119824 0.24983033 0.24846242 0.24709451 0.24482366 0.24134965 0.2429915 0.2444154 0.2444156 0.24441579 0.24441598 0.2436554 0.24159797 0.23534453 0.22909109 0.22283765 0.21202999 0.20033862 0.19700506 0.19367149 0.19033793 -9999
0.21539454 0.21095366 0.20651279 0.19938148 0.19042192 0.18146235 0.17697933 0.17436697 0.17175461 0.16396801 0.15600363 0.15083251 0.16464483 0.17845714 0.18547305 0.1837922 0.18211135 0.18207611 0.18245749 0.18310556 0.20757091 0.23203625 0.25377976 0.26837554 0.28297132 0.28465195 0.28036556 0.2766392 0.27842742 0.28021563 0.28084695 0.27939362 0.27794029 0.27162657 0.26235414 0.25331737 0.25194946 0.25058155 0.24808515 0.24461114 0.24113713 0.24277898 0.24496569 0.24667122 0.24667142 0.24667161 0.24591103 0.24478777 0.24316839 0.23691494 0.2306615 0.21985385 0.20661133 0.19407386 0.1907403 0.18740674 -9999
0.21632352 0.21703116 0.21259028 0.20545898 0.19649941 0.18753984 0.17858028 0.1727286 0.17011623 0.16232964 0.15436525 0.14640086 0.13843648 0.15081901 0.15783492 0.15615407 0.15647398 0.15685537 0.15723675 0.15788482 0.18235016 0.20681551 0.23128085 0.25450982 0.26910561 0.27078624 0.26797416 0.26976238 0.2715506 0.27333882 0.27397013 0.27251681 0.27106348 0.26961015 0.26447328 0.25543651 0.2540686 0.25134664 0.24787263 0.24439862 0.24092461 0.24256646 0.24475317 0.24693988 0.24892704 0.24892723 0.24816666 0.2470434 0.24592014 0.2447388 0.23848536 0.22767771 0.21443519 0.20119267 0.18795014 0.18447555 -9999
0.21530283 0.21670104 0.21809925 0.21153647 0.20257691 0.19361734 0.18465777 0.1756982 0.16847786 0.16069126 0.15272688 0.14476249 0.1367981 0.12883371 0.13049047 0.13087186 0.13125324 0.13163462 0.13201601 0.13266408 0.15712942 0.18159476 0.20606011 0.23052545 0.25499079 0.25930913 0.26109735 0.26288557 0.26467379 0.26646201 0.26709332 0.26563999 0.26418667 0.26273334 0.26128001 0.25755564 0.25460813 0.25113412 0.24766011 0.2441861 0.24071209 0.24235394 0.24454065 0.24672736 0.24891407 0.25110078 0.25042228 0.24929902 0.24817576 0.24705251 0.24592925 0.23550157 0.22225904 0.20901652 0.195774 0.18253148 -9999
0.2056315 0.20702971 0.21409478 0.21341516 0.2042128 0.19525324 0.18629367 0.1773341 0.16837453 0.16037709 0.1524127 0.14444831 0.13648393 0.12969562 0.12738767 0.12776905 0.12815043 0.12853182 0.1289132 0.13295024 0.14832053 0.17278587 0.19725121 0.22171656 0.2461819 0.2551364 0.25692462 0.25871284 0.26050106 0.26271318 0.26131409 0.25522714 0.25377381 0.25232048 0.25086716 0.24935359 0.24587958 0.24240557 0.23893156 0.23545755 0.24249379 0.24551947 0.24770618 0.24989289 0.25207959 0.25200098 0.25054176 0.2494185 0.24829524 0.24717198 0.24516653 0.2354819 0.22223938 0.20899686 0.19575433 0.18363667 -9999
0.19303441 0.20252497 0.21517141 0.21449179 0.20475654 0.19538692 0.18642736 0.17746779 0.16850822 0.16051078 0.15254639 0.144582 0.13848305 0.13407341 0.13176545 0.13214683 0.13252822 0.13314685 0.13753258 0.14202199 0.15577041 0.1695277 0.19399304 0.21845838 0.24292372 0.25187822 0.25366644 0.25545466 0.2579613 0.26170632 0.26030722 0.24963891 0.24216502 0.24071169 0.23925836 0.23774479 0.23427078 0.23079677 0.22732276 0.23589871 0.24680181 0.24982749 0.2520142 0.25420091 0.25356192 0.25139798 0.24993876 0.2488155 0.24769224 0.24552399 0.24249408 0.23280944 0.21956692 0.2063244 0.19442646 0.18375719 -9999
0.19095516 0.2036016 0.21624804 0.21556841 0.20583317 0.19609792 0.18656104 0.17760148 0.16864191 0.16064446 0.15268008 0.14727048 0.14286084 0.13845119 0.13614323 0.13652462 0.13783287 0.1422186 0.14660434 0.15109375 0.16484216 0.17859057 0.19233899 0.2152002 0.23966554 0.24862004 0.25040826 0.25320942 0.25695444 0.26069945 0.25930035 0.24863204 0.23796374 0.2291029 0.22764957 0.226136 0.22266199 0.21918798 0.22930363 0.24020674 0.25110984 0.25413552 0.25632223 0.25512287 0.25295893 0.25079499 0.24933576 0.24821251 0.24588145 0.24285154 0.23982162 0.23013698 0.21689446 0.20521624 0.19454697 0.1838777 -9999
0.19203179 0.20467823 0.21732467 0.21664504 0.2069098 0.19717455 0.1874393 0.17773516 0.1687756 0.16077815 0.15605791 0.15164827 0.14723862 0.14282897 0.14052102 0.14251889 0.14690462 0.15129035 0.15567609 0.1601655 0.17391391 0.18766233 0.20141074 0.21515916 0.23640737 0.24536187 0.24845754 0.25220256 0.25594757 0.25969258 0.25829348 0.24762518 0.23695687 0.22628856 0.21604078 0.21452721 0.21180546 0.22270856 0.23361166 0.24451476 0.25541786 0.25844354 0.25668381 0.25451987 0.25235593 0.25019199 0.24873277 0.24623891 0.24320899 0.24017908 0.23714916 0.22746453 0.21600603 0.20533676 0.19466748 0.18399821 -9999
0.19146233 0.20410877 0.21675521 0.21819905 0.20846381 0.19872856 0.18899332 0.17925807 0.16952282 0.16444172 0.16003208 0.15562243 0.15121279 0.14680314 0.14625178 0.15063751 0.15502324 0.15940898 0.16379471 0.16772105 0.18005059 0.193799 0.20754741 0.22129583 0.23504424 0.24195047 0.24569548 0.24944049 0.2531855 0.25693051 0.25661476 0.24594645 0.23527814 0.22460983 0.21394153 0.20391632 0.21481942 0.22572252 0.23662562 0.24752872 0.25879764 0.2596234 0.25745946 0.25529551 0.25313157 0.25096763 0.2464128 0.24338289 0.24035297 0.23732306 0.23429315 0.22648275 0.21581348 0.20514421 0.19447494 0.18380567 -9999
0.17847799 0.19112443 0.20377087 0.21216851 0.21361827 0.20388302 0.19414778 0.18441253 0.17467729 0.16659566 0.16096214 0.1565525 0.15214285 0.14773321 0.14718184 0.15156757 0.15595331 0.16033904 0.16378138 0.16495284 0.16695056 0.17779914 0.19154755 0.20529597 0.21904438 0.22595061 0.22969562 0.23344063 0.23718564 0.23944751 0.240291 0.23920052 0.22853221 0.2178639 0.2071956 0.19717039 0.20807349 0.21897659 0.22987969 0.24214747 0.26500731 0.2693125 0.26863292 0.26646897 0.26430503 0.26214109 0.24956494 0.23914243 0.23611251 0.2330826 0.23005268 0.22307952 0.21325982 0.20259055 0.19192128 0.181252 -9999
0.16549365 0.17814009 0.19078653 0.19918417 0.20469458 0.20903748 0.19930224 0.18956699 0.17983175 0.17175012 0.16372531 0.15748256 0.15307292 0.14866327 0.14811191 0.15249764 0.15688337 0.15985096 0.16101317 0.16218463 0.16418235 0.16618006 0.17554769 0.18929611 0.20304452 0.20995074 0.21369576 0.21744077 0.21939858 0.22073102 0.22157451 0.22153696 0.22149942 0.21111798 0.20044967 0.19042446 0.20132756 0.21223066 0.2254973 0.24835713 0.27121697 0.27552216 0.27785122 0.27764243 0.27547849 0.27331455 0.2607384 0.24319844 0.23187205 0.22884214 0.22581222 0.21883906 0.20975767 0.20003689 0.18936761 0.17869834 -9999
0.159773 0.16515575 0.17780219 0.18619984 0.19171025 0.19722066 0.20273106 0.19472145 0.18498621 0.17690458 0.16887978 0.16085497 0.15400298 0.14959334 0.14904197 0.1534277 0.15592054 0.15708275 0.15824496 0.15941642 0.16141413 0.16341185 0.16540956 0.17329624 0.18704466 0.19395088 0.19769589 0.19934965 0.20068209 0.20201452 0.20285801 0.20282047 0.20278292 0.20274538 0.19370374 0.18367853 0.19458163 0.20884712 0.23170696 0.25456679 0.27742663 0.28173182 0.28406088 0.28638994 0.28665195 0.28448801 0.27191186 0.2543719 0.23683195 0.22460168 0.22157176 0.2145986 0.20551721 0.19643582 0.18681395 0.17614468 -9999
0.16462328 0.16227972 0.16481785 0.1732155 0.17872591 0.18423632 0.18974673 0.19525714 0.19014067 0.18205904 0.17403424 0.16600943 0.15798463 0.1505234 0.14997203 0.15199012 0.15315233 0.15431454 0.15547675 0.15664821 0.15864592 0.16064364 0.16264135 0.16463907 0.1710448 0.17795102 0.17930072 0.18063315 0.18196559 0.18329803 0.18414152 0.18410397 0.18406643 0.18402888 0.18399134 0.1769326 0.19219695 0.21505678 0.23791662 0.26077646 0.28363629 0.28794148 0.29027054 0.2925996 0.29492866 0.29566147 0.28308532 0.26554536 0.24800541 0.23046545 0.2173313 0.21035813 0.20127675 0.19219536 0.18311397 0.17359102 -9999
0.17229667 0.16995311 0.16666308 0.16302524 0.16853565 0.17404606 0.17955647 0.18506688 0.19057729 0.18300212 0.17497731 0.16695251 0.1589277 0.15090289 0.15043211 0.15159432 0.15275653 0.15391874 0.15508095 0.15027763 0.15320197 0.15519968 0.1571974 0.15919511 0.16119283 0.1627355 0.16406793 0.16540037 0.1667328 0.16806524 0.16900958 0.16985439 0.16981684 0.1697793 0.16974175 0.17038684 0.19324668 0.21610651 0.23896635 0.26182619 0.28564299 0.29021844 0.2925475 0.29487656 0.29720562 0.29977763 0.28929055 0.27175059 0.25421064 0.23667068 0.21891001 0.20592219 0.1968408 0.18775941 0.17867803 0.16950552 -9999
0.18445662 0.17811785 0.16320975 0.15935851 0.16302086 0.16829625 0.17380666 0.17931707 0.18482747 0.17725231 0.1692275 0.16120269 0.15415342 0.15360477 0.15380663 0.15496884 0.15613104 0.15729325 0.14974439 0.13812209 0.14221082 0.14550333 0.14750105 0.14949876 0.15149648 0.15303915 0.15437159 0.15570402 0.15703646 0.1515552 0.15119585 0.16022499 0.16266623 0.16262868 0.16259114 0.16323623 0.18609606 0.2089559 0.23181573 0.25600232 0.28166996 0.28624541 0.28857447 0.29090353 0.29377995 0.29808717 0.28760009 0.27006013 0.25252018 0.23445787 0.21416339 0.20117557 0.19209418 0.1830128 0.17365745 0.1629064 -9999
0.18957261 0.17466452 0.15975642 0.15590518 0.15956753 0.16322989 0.16805685 0.17356726 0.17907766 0.1715025 0.16347769 0.15807659 0.15752794 0.15697929 0.15718114 0.15834335 0.15950556 0.14938708 0.13758886 0.12596656 0.13005528 0.13414401 0.1378047 0.13980241 0.14180013 0.1433428 0.14467524 0.14488077 0.13931112 0.13374147 0.13338212 0.14241126 0.1514404 0.15547807 0.15544052 0.15608561 0.17894545 0.20180528 0.22636165 0.25202929 0.27769693 0.28227238 0.28460144 0.28778228 0.2920895 0.29639671 0.28590963 0.26836968 0.25000573 0.22971125 0.20941677 0.19642895 0.18734756 0.17780938 0.16705833 0.15630727 -9999
0.18611928 0.17121119 0.15630309 0.15245185 0.1561142 0.15977656 0.16343891 0.16781744 0.17332785 0.16575268 0.16199975 0.1614511 0.16090245 0.1603538 0.16055566 0.16082798 0.14902976 0.13723154 0.12543332 0.11381102 0.11789974 0.12198847 0.1260772 0.13010607 0.13210378 0.13364645 0.13263669 0.12706704 0.12149739 0.11592774 0.11556839 0.12459753 0.13362667 0.14265581 0.14828991 0.148935 0.17179483 0.19672097 0.22238862 0.24805626 0.2737239 0.27829935 0.2817846 0.28609182 0.29039904 0.29470625 0.28421918 0.2655536 0.24525912 0.22496464 0.20467016 0.19168233 0.18196131 0.17121026 0.1604592 0.14970815 -9999
