mean_models/J1_mean_vp_slide_diff2_240.dat.tif
NCOLS 118
NROWS 92
XLLCORNER 139.62
YLLCORNER -39.07
DX 0.099491525
DY 0.099347826
NODATA_VALUE -9999
[rows 0 to 23 of 92, columns 0 to 52 of 118]
-9999 -9999 -9999 -9999 -9999 -9999 -9999 -9999 -9999 -9999 -9999 -9999 -9999 -9999 -9999 -9999 -9999 -9999 -9999 -9999 -9999 -9999 -9999 -9999 -9999 -9999 -9999 -9999 -9999 -9999 -9999 -9999 -9999 -9999 -9999 -9999 -9999 -9999 -9999 -9999 -9999 -9999 -9999 -9999 -9999 -9999 -9999 -9999 -9999 -9999 -9999 -9999 -9999
-9999 0.022262631 0.022524081 0.022785532 0.023046983 0.023308433 0.02325946 0.023456313 0.022334937 0.019580327 0.016825716 0.014071106 0.011316495 0.0098974223 0.011187679 0.012517881 0.013848083 0.015178284 0.016508486 0.017879653 0.019345329 0.020811005 0.022276681 0.023742357 0.024803512 0.023160502 0.020314563 0.016530512 0.012746462 0.0089624112 0.0051783606 0.0039321528 0.0075780956 0.011224038 0.014869981 0.018515924 0.020141744 0.018120009 0.019500548 0.021305118 0.023109688 0.024914259 0.026718829 0.023882369 0.018386761 0.013107427 0.0078280924 0.0025487579 -0.0027305766 -0.0017237743 0.012226004 0.026175781 0.040125559
-9999 0.021750161 0.022011612 0.022273063 0.022534514 0.022244103 0.02160801 0.021804862 0.022963042 0.022894198 0.020139587 0.017384977 0.014630366 0.013211293 0.014466711 0.015738406 0.017068608 0.01839881 0.019729011 0.021100179 0.022565855 0.02403153 0.025497206 0.025835549 0.024388942 0.022745931 0.02057651 0.018097724 0.014313674 0.010529623 0.0067455726 0.0054993647 0.0091453075 0.01279125 0.016437193 0.016323956 0.012322036 0.0103003 0.011111499 0.012286819 0.014091389 0.01589596 0.01770053 0.01486407 0.0086912318 0.0030296249 -0.0022497096 -0.0075290442 -0.012808379 -0.012342057 -0.010882729 0.0015468343 0.015496612
-9999 0.021237692 0.021499143 0.021760594 0.021228746 0.020592652 0.019956559 0.020153412 0.021311591 0.02246977 0.023453458 0.020698848 0.017944237 0.016525164 0.017780581 0.019035999 0.020291416 0.021619335 0.022949537 0.024320704 0.02578638 0.027252056 0.026867585 0.025420978 0.023974372 0.022331361 0.02016194 0.017992519 0.015823098 0.012096835 0.0083127845 0.0070665767 0.010712519 0.014358462 0.012506167 0.008504247 0.0045023269 0.0024805912 0.0032917902 0.0041029892 0.0050730906 0.006877661 0.0086822314 0.0058457711 -0.00032706716 -0.0064999054 -0.012327512 -0.017606846 -0.022886181 -0.022419859 -0.020960531 -0.019501204 -0.0091323348
-9999 0.020725223 0.020849482 0.020213389 0.019577295 0.018941202 0.018305108 0.018501961 0.01966014 0.02081832 0.021976499 0.023134678 0.021258108 0.019839035 0.021094452 0.02234987 0.023605287 0.024860704 0.026170062 0.027541229 0.029006905 0.027899622 0.026453015 0.025006408 0.023559801 0.021916791 0.01974737 0.017577949 0.015408528 0.013239106 0.0098799965 0.0086337886 0.012279731 0.0086883785 0.0046864584 0.00068453822 -0.0033173819 -0.0053391176 -0.0045279186 -0.0037167196 -0.0029055206 -0.0020943216 -0.00033606749 -0.0031725278 -0.0093453661 -0.015518204 -0.021691043 -0.027684648 -0.032963983 -0.032497661 -0.031038333 -0.029579006 -0.028119678
-9999 0.019834125 0.019198031 0.018561938 0.017925845 0.017289751 0.016653658 0.01685051 0.01800869 0.019166869 0.020325048 0.021483227 0.022641407 0.023152906 0.024408323 0.025663741 0.026919158 0.028174575 0.029429992 0.030378265 0.028931658 0.027485051 0.026038445 0.024591838 0.023145231 0.021502221 0.0193328 0.017163379 0.014993957 0.012824536 0.010655115 0.00887251 0.0048705898 0.00086866971 -0.0031332504 -0.0071351706 -0.011137091 -0.013158826 -0.012347627 -0.011536428 -0.010725229 -0.0099140304 -0.0091028314 -0.012190827 -0.018363665 -0.024536503 -0.030709341 -0.03688218 -0.043041785 -0.042575463 -0.041116136 -0.039656808 -0.038197481
-9999 0.019629071 0.018992978 0.018356885 0.017720791 0.017084698 0.016389462 0.016531961 0.01769014 0.018848319 0.020006499 0.021164678 0.022298171 0.023188921 0.023837512 0.025092929 0.026348346 0.027603764 0.028859181 0.029297547 0.02785094 0.026404333 0.024957726 0.023511119 0.021821942 0.020566228 0.020967599 0.018798178 0.016628756 0.014459335 0.012289914 0.0094945713 0.0054926511 0.001490731 -0.0025111891 -0.0065131093 -0.011472772 -0.014636812 -0.013825613 -0.013014414 -0.012203215 -0.011392016 -0.009253849 -0.012873707 -0.020024913 -0.026197751 -0.032370589 -0.038543428 -0.044716266 -0.04438161 -0.042922283 -0.041462955 -0.040003628
-9999 0.019653169 0.019017075 0.018380982 0.017744888 0.017019624 0.016282082 0.016424581 0.01758276 0.018740939 0.019899118 0.021016439 0.022119979 0.023010729 0.023475355 0.02393998 0.025162091 0.026417508 0.027672926 0.028111291 0.026664684 0.025218078 0.023771471 0.0219032 0.019804758 0.018549044 0.019552054 0.020555063 0.018588234 0.016418813 0.014249391 0.011454049 0.0074521285 0.0034502083 -0.0005517118 -0.0060033688 -0.011946048 -0.015110088 -0.014298889 -0.01348769 -0.012676491 -0.010060867 -0.007193967 -0.010813825 -0.019096931 -0.026693433 -0.032866272 -0.03903911 -0.045211948 -0.044877292 -0.043417965 -0.041958637 -0.039852765
-9999 0.019677266 0.019041172 0.018387328 0.017649786 0.016912244 0.016174702 0.0163172 0.01747538 0.018631166 0.019734706 0.020838247 0.021941787 0.022832537 0.023297163 0.023761788 0.024226413 0.025231253 0.02648667 0.026925036 0.025478429 0.024031822 0.021984458 0.019886016 0.017787574 0.016531861 0.01753487 0.018537879 0.019540889 0.01837829 0.016208869 0.013413526 0.0094116058 0.0054087138 -0.00053396557 -0.006476645 -0.012419324 -0.015583364 -0.014772165 -0.013734784 -0.010867884 -0.0080009847 -0.0051340849 -0.0087539431 -0.017037049 -0.025320155 -0.033361954 -0.039534792 -0.04570763 -0.045372975 -0.043913647 -0.041529458 -0.038603519
-9999 0.019701363 0.01901749 0.018279948 0.017542406 0.016804863 0.016067321 0.01620982 0.017349433 0.018452974 0.019556514 0.020660055 0.021763595 0.022654345 0.023118971 0.023583596 0.024048221 0.024512847 0.025300415 0.025738781 0.024164159 0.022065717 0.019967275 0.017868833 0.015770391 0.014514677 0.015517686 0.016520696 0.017523705 0.018526715 0.018168346 0.015373003 0.010878117 0.0049354377 -0.0010072417 -0.0069499211 -0.012892601 -0.01605664 -0.014541802 -0.011674902 -0.0088080024 -0.0059411026 -0.0030742029 -0.0066940611 -0.014977167 -0.023260273 -0.031543379 -0.039826484 -0.046203313 -0.045868657 -0.043206151 -0.040280212 -0.037354273
-9999 0.019679705 0.018942163 0.018204621 0.017467079 0.016729536 0.015991994 0.016203797 0.017307337 0.018410878 0.019514418 0.020617959 0.021721499 0.022436558 0.022901183 0.023365809 0.023830434 0.02429506 0.024759685 0.024449277 0.022350835 0.020252393 0.018153951 0.016055509 0.013957067 0.011927293 0.012930302 0.013933312 0.014936321 0.015939331 0.01694234 0.01557293 0.0096302502 0.0036875708 -0.0022551086 -0.008197788 -0.014140467 -0.015797291 -0.012930391 -0.010063491 -0.0071965914 -0.0043296916 -0.0014627919 -0.0046933457 -0.012976452 -0.021259557 -0.029542663 -0.037825769 -0.046108875 -0.044834695 -0.041908755 -0.038982816 -0.036056877
-9999 0.019814445 0.019076903 0.018339361 0.017601819 0.016864277 0.016634584 0.017053635 0.018157175 0.019260716 0.020364256 0.021467796 0.022613913 0.023168709 0.022513889 0.022888525 0.023353151 0.023817776 0.024282402 0.023971994 0.021873552 0.01977511 0.017676668 0.015578225 0.013650088 0.011212294 0.007198738 0.0076089948 0.0086120043 0.0096150138 0.010618023 0.0092486126 0.0033059332 -0.0026367462 -0.0085794256 -0.014522105 -0.017202806 -0.017125033 -0.014258133 -0.011391233 -0.0085243337 -0.0056574339 -0.0048380878 -0.0066399375 -0.011363498 -0.019646604 -0.02792971 -0.036212816 -0.044495922 -0.043221741 -0.040295802 -0.037369863 -0.034443924
-9999 0.019949186 0.019211644 0.018474102 0.017832479 0.01765845 0.017484422 0.017903473 0.019007013 0.020110553 0.021216252 0.022375084 0.023533916 0.024088712 0.023433892 0.022779072 0.022875867 0.023340493 0.023805118 0.02349471 0.021396268 0.019297826 0.017199384 0.015332939 0.01348306 0.011045265 0.0070317095 0.0030181539 0.0022876873 0.0032906967 0.0042937062 0.0029242956 -0.0030183838 -0.0089610632 -0.014786969 -0.016658759 -0.018530549 -0.018452775 -0.015585876 -0.012718976 -0.010186136 -0.0094788883 -0.0087716408 -0.010573491 -0.014179098 -0.018033651 -0.026316757 -0.034599862 -0.042882968 -0.041608788 -0.038682849 -0.03575691 -0.037172996
-9999 0.020083926 0.019346384 0.018856346 0.018682317 0.018508288 0.01833426 0.01875331 0.019856851 0.020977423 0.022136255 0.023295086 0.024453918 0.025008714 0.024353894 0.023699074 0.023044254 0.022863209 0.023327835 0.023017427 0.020918985 0.018865668 0.017015789 0.01516591 0.013316031 0.010878237 0.0068646809 0.0028511253 -0.0011624302 -0.0030336203 -0.0020306108 -0.0034000215 -0.0093427009 -0.014242922 -0.016114712 -0.017986501 -0.019858291 -0.019780518 -0.016913618 -0.014826936 -0.014119689 -0.013412441 -0.012705194 -0.014507044 -0.018112651 -0.021718259 -0.025323867 -0.032986909 -0.041270015 -0.039995835 -0.037069895 -0.039497482 -0.042702531
-9999 0.020218667 0.019880212 0.019706183 0.019532155 0.019358126 0.019184098 0.019603148 0.020738594 0.021897425 0.023056257 0.024215089 0.02537392 0.025928716 0.025273896 0.024619076 0.023964256 0.023309436 0.022850551 0.022540143 0.020548519 0.01869864 0.016848761 0.014998882 0.013149003 0.010711208 0.0066976524 0.0026840968 -0.0013294588 -0.0053430144 -0.0083549278 -0.0097243385 -0.013698874 -0.015570664 -0.017442454 -0.019314244 -0.021186033 -0.02110826 -0.019467737 -0.018760489 -0.018053242 -0.017345994 -0.016638747 -0.018440596 -0.022046204 -0.025651812 -0.02925742 -0.032863028 -0.039657062 -0.03861692 -0.041821968 -0.045027017 -0.048232065
-9999 0.020760444 0.020586415 0.020412387 0.020238358 0.020064329 0.019890301 0.020413818 0.021572649 0.022731481 0.023890312 0.025049144 0.026207976 0.026414848 0.025707281 0.025052461 0.024397641 0.023742821 0.023088001 0.022071813 0.020221934 0.018372055 0.016522175 0.014672296 0.012822417 0.0094826838 0.0049926328 0.0009790772 -0.0030344784 -0.007048034 -0.01106159 -0.014343588 -0.016215378 -0.018087167 -0.019958957 -0.021830747 -0.023702537 -0.023395212 -0.022687965 -0.021980717 -0.02127347 -0.020566222 -0.019858975 -0.022082165 -0.025687772 -0.02929338 -0.032898988 -0.036504596 -0.040110204 -0.042357147 -0.045562196 -0.048767244 -0.051972292
-9999 0.021132893 0.020958864 0.020784835 0.020610807 0.020637675 0.021801562 0.02243582 0.022458818 0.023365827 0.024524659 0.025683491 0.026842322 0.027049194 0.025349713 0.024355124 0.023700304 0.023045484 0.022390664 0.021374476 0.019524596 0.017674717 0.015824838 0.013974959 0.01291589 0.0098692948 0.0013361259 -0.0042996744 -0.00831323 -0.012326786 -0.016340341 -0.01962234 -0.021494129 -0.023365919 -0.025237709 -0.026868392 -0.023008964 -0.021604274 -0.023711436 -0.023543437 -0.02283619 -0.022128942 -0.021421695 -0.023896289 -0.028650874 -0.032256482 -0.03586209 -0.039467698 -0.043073305 -0.043914712 -0.045144723 -0.048349772 -0.05155482
-9999 0.021505341 0.021331313 0.021157284 0.021580172 0.02274406 0.023907948 0.024542206 0.024565203 0.0245882 0.025159005 0.026317837 0.027476669 0.027683541 0.02598406 0.024284579 0.023002967 0.022348146 0.021693326 0.020677138 0.018827259 0.01697738 0.015301618 0.01430206 0.013302501 0.010255906 0.0017227369 -0.006810432 -0.013591982 -0.017605537 -0.021619093 -0.024901091 -0.026772881 -0.028644671 -0.028822455 -0.024963027 -0.021103599 -0.01969891 -0.021806072 -0.023913234 -0.02439891 -0.023691663 -0.022984415 -0.025459009 -0.030220987 -0.034982966 -0.038825192 -0.042430799 -0.046036407 -0.046877813 -0.04724149 -0.0479323 -0.051137348
-9999 0.02187779 0.021703761 0.02252267 0.023686558 0.024850445 0.026014333 0.026648591 0.026671588 0.026694585 0.026717583 0.026952183 0.028111015 0.028317887 0.026618406 0.024918925 0.023219444 0.021650809 0.020995989 0.019979801 0.018129922 0.016687787 0.015688229 0.014688671 0.013689112 0.010642517 0.0021093479 -0.006423821 -0.01495699 -0.022884289 -0.026897844 -0.030179843 -0.032051633 -0.030776519 -0.026917091 -0.023057663 -0.019198235 -0.017793545 -0.019900707 -0.022007869 -0.024115031 -0.025254383 -0.024547135 -0.027021729 -0.031783707 -0.036545686 -0.041307665 -0.045393901 -0.048999509 -0.049840915 -0.050204592 -0.050568269 -0.050931946
-9999 0.02230128 0.023465167 0.024629055 0.025792943 0.026956831 0.028120718 0.028754976 0.028777974 0.028800971 0.028823968 0.028846965 0.028869962 0.028952234 0.027252753 0.025553272 0.023853791 0.022154309 0.020454828 0.019282464 0.018073956 0.017074398 0.01607484 0.015075282 0.014075723 0.011029128 0.0024959589 -0.00603721 -0.014570379 -0.023103548 -0.031636717 -0.035458594 -0.032730583 -0.028871155 -0.025011727 -0.021152298 -0.01729287 -0.015888181 -0.017995343 -0.020102505 -0.022209667 -0.024316828 -0.026109855 -0.028584449 -0.033346428 -0.038108406 -0.042870385 -0.047632363 -0.051962611 -0.052804017 -0.053167694 -0.053531371 -0.053895048
-9999 0.020518238 0.021682126 0.022846014 0.024009902 0.025173789 0.027155401 0.029948166 0.029971163 0.02999416 0.030017157 0.030040155 0.029887138 0.02774325 0.02609324 0.024393759 0.022694278 0.020994797 0.019295315 0.017807481 0.016807922 0.015808364 0.014808806 0.013809248 0.01280969 0.0095788328 0.0035004441 -0.0050327248 -0.013565894 -0.022099063 -0.030632232 -0.034932495 -0.031073067 -0.027213639 -0.023354211 -0.019494783 -0.015924074 -0.01586873 -0.017975892 -0.020083054 -0.022190216 -0.024297378 -0.026310553 -0.028974053 -0.033577489 -0.038339468 -0.043101446 -0.047863425 -0.052625403 -0.053637212 -0.054000889 -0.054364566 -0.054728243
-9999 0.01580133 0.016965218 0.018129106 0.019292994 0.022467108 0.02765975 0.030452514 0.030475512 0.030498509 0.030521506 0.02964283 0.027214258 0.025070371 0.023496581 0.021881104 0.020181623 0.018482142 0.016782661 0.015294826 0.014295268 0.01329571 0.012296151 0.010661175 0.0073350078 0.0041003287 0.0011108613 -0.0035621656 -0.012095335 -0.020628503 -0.029161672 -0.033461935 -0.029602507 -0.025743079 -0.021883651 -0.018894111 -0.017327204 -0.01727186 -0.019379022 -0.021486184 -0.023593346 -0.025529706 -0.027306145 -0.029969645 -0.033270844 -0.037566034 -0.042328013 -0.047089991 -0.05185197 -0.052863778 -0.053227456 -0.053591133 -0.053219681
-9999 0.011084423 0.01224831 0.013412198 0.017778815 0.022971457 0.028164099 0.030956863 0.03097986 0.031002858 0.029398523 0.026969951 0.024541379 0.022397492 0.020823702 0.019249912 0.017668969 0.015969488 0.014270006 0.012782172 0.011782613 0.010783055 0.0085088387 0.0051826712 0.0018565037 -0.0013781755 -0.0043676429 -0.0073571103 -0.010624775 -0.019157944 -0.027691113 -0.031991376 -0.028131948 -0.02427252 -0.021864148 -0.02029724 -0.018730333 -0.018674989 -0.020782151 -0.022889313 -0.02474886 -0.026525298 -0.028301737 -0.030965237 -0.034266436 -0.037567635 -0.04155458 -0.046316558 -0.051078537 -0.052090345 -0.052454022 -0.050565939 -0.042937604
-9999 0.0063675145 0.0078978791 0.013090521 0.018283163 0.023475805 0.028668448 0.031461212 0.031484209 0.029154215 0.026725644 0.024297072 0.0218685 0.019724613 0.018150823 0.016577032 0.015003242 0.013429452 0.011757352 0.010269517 0.0092699589 0.006356502 0.0030303345 -0.00029583299 -0.0036220005 -0.0068566797 -0.009846147 -0.012835614 -0.015825082 -0.018814549 -0.026220554 -0.030520817 -0.026661389 -0.024834184 -0.023267277 -0.02170037 -0.020133463 -0.020078119 -0.022185281 -0.023968014 -0.025744452 -0.02752089 -0.029297329 -0.031960829 -0.035262028 -0.038563227 -0.041864425 -0.045543125 -0.050305103 -0.051316912 -0.047912196 -0.040283861 -0.032655526
