mean_models/J1_mean__temp2_slide_160.dat.tif
NCOLS 118
NROWS 92
XLLCORNER 139.62
YLLCORNER -39.07
DX 0.099491525
DY 0.099347826
NODATA_VALUE -9999
[rows 27 to 53 of 92, columns 0 to 59 of 118]
-9999 1007.6172 997.63543 985.96004 964.19912 942.43821 920.67729 907.27233 903.51123 899.75012 895.98901 897.70674 900.92798 905.80069 913.98055 922.16041 930.34027 934.88636 937.97557 944.70353 959.82624 974.94895 986.08718 996.73775 1007.3883 1024.1729 1057.398 1090.6231 1123.8482 1144.1698 1159.2925 1169.7555 1171.2361 1172.7167 1172.9995 1173.2457 1173.4919 1173.7151 1173.9055 1174.0959 1174.2863 1182.0882 1190.617 1196.4749 1200.4127 1204.3505 1207.0001 1201.9609 1196.9217 1190.2017 1183.1911 1176.1805 1175.1804 1180.8319 1184.8412 1183.1623 1181.4833 1179.8044 1181.0386 1182.8028
-9999 1023.386 1008.224 986.46312 964.7022 942.94129 921.18037 907.77541 904.01431 900.2532 896.49209 892.73099 892.38195 897.25466 905.43452 913.61438 921.79425 929.97411 935.91886 942.64682 957.02846 967.67903 978.3296 988.98017 999.63073 1016.4153 1049.6404 1082.8655 1116.0906 1149.3157 1174.2264 1184.6894 1185.8937 1186.1399 1186.3861 1186.6323 1186.8785 1187.1017 1187.2921 1187.4825 1187.6729 1187.8633 1193.7285 1199.5864 1203.5242 1207.462 1211.3997 1215.3375 1210.9044 1204.1843 1197.1737 1190.1631 1183.1525 1179.7496 1183.7589 1182.08 1180.4011 1178.7222 1177.0432 1177.624
-9999 1032.1459 1010.385 988.62406 966.86314 945.10223 923.34131 910.07441 906.31331 902.5522 898.7911 895.02999 891.26888 892.51295 900.69281 908.87267 917.05253 925.23239 933.41225 942.33922 952.98979 963.64035 974.29092 984.94149 995.59206 1009.622 1042.8472 1076.0723 1109.2974 1142.5225 1175.7476 1197.7082 1197.9544 1198.2006 1198.4468 1198.693 1198.9392 1198.9371 1199.1275 1199.318 1199.5084 1199.6988 1199.8892 1201.8897 1205.8275 1209.7652 1213.703 1217.6408 1221.5785 1217.0909 1210.0803 1203.0697 1196.0591 1189.0485 1183.9675 1182.2886 1180.6097 1178.9308 1177.2518 1175.5729
-9999 1047.9549 1026.194 1004.433 982.67213 960.91121 950.00095 937.91461 923.39691 919.6358 915.87469 912.11359 908.35248 911.04851 926.67531 935.44927 943.62913 951.80899 959.98885 968.91582 979.56639 990.21696 1000.8675 1011.5181 1028.4174 1043.8149 1047.4691 1077.2179 1110.443 1143.6682 1176.8933 1198.8539 1199.1001 1199.3463 1199.5925 1199.8387 1200.8288 1200.5157 1198.1933 1198.3837 1198.5741 1198.7645 1198.9549 1199.6844 1201.4773 1205.4151 1209.3528 1213.2906 1217.2284 1217.8495 1214.1282 1207.1176 1200.107 1193.0964 1188.5582 1192.5841 1191.4449 1189.766 1188.0871 1186.4082
-9999 1063.7639 1042.003 1020.242 1000.8498 991.13711 981.42445 969.33812 954.51225 939.68638 932.95829 929.19719 925.43608 928.13211 943.75891 959.38571 970.20573 978.38559 986.56545 995.49242 1006.143 1016.7936 1027.4441 1046.8515 1066.6304 1082.0279 1085.6821 1089.3363 1111.5887 1144.8138 1178.0389 1199.9995 1200.2457 1200.4919 1200.7885 1201.9638 1203.1392 1202.826 1200.3833 1197.9406 1197.6398 1197.8302 1198.0206 1198.7501 1199.8672 1201.0649 1205.0027 1208.9404 1212.8782 1213.4994 1213.5473 1211.1655 1204.1549 1197.1443 1192.6061 1196.632 1200.6578 1200.6013 1198.9223 1197.2434
-9999 1079.5729 1057.8119 1041.9859 1032.2733 1022.5606 1012.848 1000.7616 985.93575 971.10988 956.28402 946.28078 942.51968 945.2157 960.84251 976.46931 992.09611 1004.9622 1013.1421 1022.069 1032.7196 1045.5067 1065.2856 1085.0645 1104.8434 1120.2409 1123.8951 1127.5493 1131.2035 1145.9595 1179.1846 1201.1452 1201.3914 1201.9235 1203.0989 1204.2742 1205.4495 1205.1364 1202.6937 1200.251 1197.8083 1196.8959 1197.0863 1197.8158 1198.9329 1200.05 1201.1671 1204.5903 1208.528 1209.1492 1209.1972 1209.2452 1208.2028 1201.1922 1196.654 1200.6799 1204.7057 1208.7316 1209.7576 1208.0787
-9999 1095.3818 1083.1221 1073.4094 1063.6968 1053.9841 1044.2715 1032.1851 1017.3593 1002.5334 987.70752 972.88165 959.60328 962.2993 977.92611 993.55291 1009.1797 1024.8065 1039.7187 1048.6456 1063.9407 1083.7196 1103.4986 1123.2775 1143.0564 1158.4539 1162.1081 1165.7623 1169.4165 1173.0707 1180.3303 1202.2909 1203.0585 1204.2339 1205.4092 1206.5846 1207.7599 1207.4468 1205.0041 1202.5614 1200.1187 1197.676 1196.152 1196.8815 1197.9986 1199.1157 1200.2328 1201.3499 1204.1779 1204.799 1204.847 1204.895 1204.943 1204.9909 1200.7019 1204.7278 1208.7536 1212.7795 1216.8053 1218.9139
-9999 1118.8495 1109.1369 1099.4242 1089.7116 1079.9989 1070.2862 1055.4358 1040.4816 1025.6558 1010.8299 996.00404 981.17818 981.71672 999.83005 1015.4569 1031.0837 1046.7105 1062.3373 1079.2196 1098.9985 1118.7774 1138.5563 1158.3353 1178.1142 1183.2242 1186.3039 1189.9581 1193.6123 1197.2665 1200.9207 1203.7283 1204.9036 1206.079 1207.2543 1208.4297 1209.605 1209.8602 1207.2967 1204.854 1202.4113 1199.9686 1197.5259 1195.708 1196.8251 1197.9422 1199.0593 1200.1764 1201.2935 1203.2632 1203.3112 1203.3591 1203.4071 1203.4551 1203.8688 1207.3439 1211.3698 1215.3956 1219.4215 1223.4473
-9999 1135.9438 1126.2312 1116.5185 1106.8059 1096.4642 1084.5693 1069.6404 1051.21 1035.0873 1020.2615 1005.4356 990.60974 991.14829 1022.455 1045.3109 1060.9377 1076.5645 1092.1913 1109.0736 1128.8525 1148.6314 1168.4104 1186.9108 1187.264 1187.7769 1188.7178 1191.0358 1194.69 1198.3442 1201.9985 1204.806 1205.9813 1207.1567 1208.332 1209.9966 1213.9577 1214.5057 1210.171 1207.1174 1204.6747 1202.232 1199.7894 1197.6162 1195.6369 1196.3743 1197.4914 1198.6085 1199.7256 1203.2092 1206.4169 1206.4648 1206.5128 1206.5608 1206.9745 1208.6552 1211.6246 1215.6505 1219.6763 1223.7022
-9999 1153.0381 1143.3255 1133.6128 1122.5638 1110.6688 1098.7739 1083.845 1065.4146 1046.9842 1029.693 1014.8672 1000.0413 1000.5798 1031.8865 1063.1932 1090.7917 1106.4185 1122.0453 1138.9276 1158.7066 1178.4855 1191.1103 1191.4635 1191.8167 1192.3296 1193.2706 1194.2115 1195.7677 1199.422 1203.0762 1205.8837 1207.059 1208.2344 1210.681 1214.6421 1218.6033 1219.1513 1214.8166 1210.4819 1206.9381 1204.4954 1202.0528 1199.8796 1197.9003 1195.9209 1195.9234 1197.0405 1198.1576 1201.6412 1205.5338 1209.4264 1209.6185 1209.6665 1210.0802 1211.7609 1213.4416 1215.9053 1219.9312 1223.957
-9999 1170.1324 1160.4198 1148.6633 1136.7683 1124.8734 1112.9784 1098.0496 1079.6192 1061.1888 1042.7584 1024.328 1009.4729 1010.0114 1041.3181 1072.6247 1103.9314 1135.2381 1151.8993 1168.7817 1188.5606 1195.3098 1195.663 1196.0162 1196.3694 1196.8823 1197.8233 1198.7642 1199.7052 1200.6461 1204.1539 1206.9614 1208.1367 1211.3655 1215.3266 1219.2877 1223.2488 1223.7969 1219.4622 1215.1274 1210.7927 1206.7588 1204.3162 1202.143 1200.1637 1198.1843 1196.2049 1195.4725 1196.5896 1200.0732 1203.9658 1207.8585 1211.7511 1212.7722 1213.1859 1214.8666 1216.5473 1218.228 1220.186 1224.2119
-9999 1186.6577 1174.7628 1162.8679 1150.9729 1139.078 1127.183 1112.2542 1093.8238 1075.3934 1056.963 1038.5326 1020.1022 1019.443 1050.7496 1082.0563 1113.363 1144.6696 1175.9763 1198.6357 1199.5094 1199.8626 1200.2158 1200.5689 1200.9221 1201.435 1202.376 1203.317 1204.2579 1205.1989 1206.1398 1208.0889 1212.05 1216.0111 1219.9722 1223.9333 1227.8944 1228.4425 1224.1078 1219.773 1215.4383 1211.1036 1206.7688 1204.4064 1202.4271 1200.4477 1198.4684 1196.489 1195.0217 1198.5053 1202.3979 1206.2905 1210.1831 1214.0757 1216.2916 1217.9723 1219.653 1221.3337 1223.0144 1224.6951
-9999 1185.8128 1173.9178 1162.0229 1150.1279 1138.233 1132.7335 1125.3564 1106.926 1088.4956 1070.0653 1051.6349 1038.6742 1037.6748 1048.9049 1080.2116 1111.5183 1142.8249 1174.1316 1196.0784 1196.4316 1196.7848 1197.138 1197.4912 1199.062 1202.8216 1202.823 1203.7639 1204.7049 1205.6458 1206.5868 1208.5593 1212.5204 1216.4816 1220.4427 1224.4038 1226.6189 1224.3779 1220.0432 1215.7084 1211.3737 1207.039 1204.594 1205.0398 1204.1789 1202.1995 1200.2201 1198.2408 1196.2614 1199.2888 1203.1814 1207.074 1210.9666 1215.472 1222.4605 1224.1412 1225.8219 1227.5025 1229.1832 1227.5611
-9999 1179.8778 1167.9829 1156.0879 1144.193 1143.2627 1145.4629 1138.0859 1119.6555 1101.2251 1082.7947 1075.3313 1073.8585 1072.8591 1072.8077 1074.5531 1105.8598 1137.1664 1168.4731 1190.4199 1190.7731 1191.1263 1191.4795 1194.5534 1199.8762 1203.6358 1203.2058 1202.8223 1203.7632 1204.7042 1205.6451 1207.6177 1211.5788 1215.5399 1219.501 1220.3857 1219.6084 1217.3674 1213.0327 1208.6979 1204.3632 1202.8549 1202.1362 1202.582 1203.8649 1203.7783 1201.7989 1199.8196 1197.8402 1200.8675 1204.7601 1208.6527 1214.1562 1222.6769 1229.6653 1231.346 1233.0267 1234.7074 1231.6717 1226.7966
-9999 1173.9429 1162.0479 1151.5917 1153.792 1155.9922 1158.1924 1150.8154 1132.385 1113.9546 1111.9883 1110.5155 1109.0427 1108.0433 1107.9919 1107.9405 1107.8891 1131.5079 1162.8146 1184.7614 1185.1146 1185.4678 1190.0448 1195.3676 1200.6904 1204.45 1204.02 1203.59 1203.16 1203.7625 1204.7035 1206.676 1210.6372 1214.5983 1214.1526 1213.3752 1212.5979 1210.3569 1206.0222 1201.8346 1201.1159 1200.3972 1199.6784 1200.1242 1201.4071 1202.69 1203.3777 1201.3983 1199.419 1202.4463 1206.3389 1212.8403 1221.361 1229.8818 1236.8702 1238.5509 1240.2316 1235.7822 1230.9071 1226.032
-9999 1168.0079 1162.121 1164.3212 1166.5214 1168.7217 1170.9219 1163.5449 1150.1182 1148.6454 1147.1726 1145.6998 1144.227 1143.2276 1143.1762 1143.1248 1143.0734 1143.022 1157.1561 1179.1029 1180.2134 1185.5362 1190.859 1196.1818 1201.5046 1205.2643 1204.8343 1204.4042 1203.9742 1203.5442 1203.7619 1205.7344 1208.6969 1207.9195 1207.1421 1206.3647 1205.5874 1203.3464 1200.0956 1199.3769 1198.6581 1197.9394 1197.2206 1197.6664 1198.9493 1200.2323 1201.5152 1202.7981 1200.9977 1204.025 1211.5244 1220.0452 1228.5659 1237.0867 1244.0751 1244.7678 1239.8928 1235.0177 1230.1426 1225.2675
-9999 1170.3731 1172.5733 1174.7736 1176.9738 1179.174 1181.3743 1182.7676 1181.2948 1179.822 1178.3492 1176.8764 1175.4036 1173.8658 1173.8144 1173.763 1173.7116 1173.6602 1173.6088 1175.1824 1180.5052 1185.828 1191.1508 1196.4736 1201.7964 1206.4315 1206.0015 1205.5715 1205.1415 1204.7115 1204.2815 1203.7329 1202.9555 1202.1781 1201.4007 1200.6233 1199.8459 1199.1281 1198.4093 1197.6906 1196.9719 1196.2531 1195.5344 1196.1774 1197.4603 1198.7432 1200.0261 1201.309 1202.5919 1209.9815 1218.5023 1227.023 1235.5438 1244.0645 1249.737 1244.8619 1239.9868 1235.1117 1230.2366 1225.3616
-9999 1163.6513 1165.8515 1168.0517 1170.252 1172.4522 1179.5549 1183.1831 1182.246 1180.7732 1179.3004 1177.8276 1176.3548 1174.1537 1170.4941 1170.1146 1170.0632 1170.0118 1169.9604 1171.534 1176.8568 1182.1796 1187.5024 1192.8252 1201.8165 1209.5804 1209.7541 1209.4017 1208.9717 1208.5417 1208.1117 1207.563 1206.7857 1206.0083 1205.2309 1204.4535 1199.4304 1197.8884 1202.5418 1201.823 1201.1043 1200.3856 1199.6668 1200.9219 1203.2774 1204.5603 1205.8432 1207.1262 1208.4091 1215.4679 1223.7677 1232.2885 1240.8092 1249.3299 1255.0953 1251.3164 1246.5564 1241.6814 1236.8063 1231.9312
-9999 1156.9294 1159.1297 1161.3299 1164.648 1172.224 1179.8001 1183.4283 1182.5002 1181.5722 1180.2516 1178.7788 1177.306 1175.1049 1171.4453 1167.7857 1166.4148 1166.3634 1166.312 1167.8856 1173.2084 1178.5312 1183.854 1194.2941 1204.8899 1212.6539 1212.8276 1213.0013 1212.8019 1212.3719 1211.9419 1211.3932 1210.6158 1209.8384 1208.7202 1202.7119 1196.7036 1195.1616 1200.0092 1204.8569 1205.2367 1204.518 1203.7993 1205.0544 1207.7284 1210.3775 1211.6604 1212.9433 1214.2262 1221.285 1229.3421 1237.5539 1246.0746 1254.5954 1260.3607 1256.5818 1252.8029 1248.251 1243.3759 1238.5008
-9999 1150.2076 1152.4078 1157.3171 1164.8932 1172.4692 1180.0453 1183.6735 1182.7454 1181.8174 1180.8893 1179.73 1178.2572 1176.0561 1172.3965 1168.7369 1165.0772 1162.715 1162.6636 1164.2373 1169.5601 1176.1758 1186.7717 1197.3675 1207.9634 1215.7273 1215.901 1216.0747 1216.2484 1216.2021 1215.772 1215.2234 1214.446 1212.0017 1205.9934 1199.9851 1193.9768 1192.4348 1197.2825 1202.1301 1206.9777 1208.6505 1207.9317 1209.1868 1211.8609 1214.5349 1217.209 1218.7604 1220.0433 1227.1022 1235.1592 1243.2162 1251.3401 1259.8608 1265.6262 1261.8473 1258.0684 1254.2895 1249.9456 1245.0705
-9999 1143.4858 1149.9863 1157.5623 1165.1384 1172.7144 1180.2904 1183.9187 1182.9906 1182.0626 1181.1345 1180.2065 1179.2085 1177.0073 1173.3477 1169.6881 1166.0284 1162.3688 1159.0152 1160.5889 1168.6534 1179.2493 1189.8451 1200.441 1211.0368 1218.8008 1218.9744 1219.1481 1219.3218 1219.4955 1219.6022 1219.0536 1215.2832 1209.2749 1203.2666 1197.2583 1191.25 1189.708 1194.5557 1199.4033 1204.251 1209.0986 1212.0642 1213.3193 1215.9933 1218.6674 1221.3414 1224.0155 1225.8605 1232.9193 1240.9763 1249.0334 1257.0904 1265.1474 1270.8916 1267.1127 1263.3338 1259.5549 1255.776 1251.6401
-9999 1147.5104 1155.0865 1162.6625 1170.2386 1177.8146 1185.3906 1188.3333 1187.4053 1186.4772 1185.5492 1184.6211 1183.6931 1178.6334 1174.71 1171.0504 1167.3907 1163.7311 1160.0715 1160.7225 1171.3183 1181.9142 1192.51 1203.1059 1213.7017 1216.657 1215.3306 1215.5042 1215.6779 1215.8516 1216.0253 1214.0874 1208.0792 1202.0709 1196.0626 1190.0543 1184.0461 1188.1452 1192.9929 1197.8405 1202.6881 1207.5358 1212.1987 1215.3322 1218.0062 1220.6803 1223.3543 1226.0284 1228.7024 1235.9662 1244.0233 1252.0803 1260.1373 1268.1944 1268.536 1264.7571 1260.9782 1257.1993 1253.4204 1250.1065
-9999 1160.3263 1167.9024 1175.4784 1183.0544 1190.1838 1196.4485 1199.3742 1198.4461 1197.5181 1196.59 1194.5655 1188.402 1182.5874 1177.4719 1173.066 1169.4064 1165.7468 1162.0871 1162.7382 1173.334 1183.9299 1194.5257 1204.4219 1209.0549 1210.7336 1204.4943 1201.1849 1201.3586 1201.5323 1201.706 1199.7681 1193.7598 1187.7515 1181.7433 1178.2594 1183.4077 1188.4322 1193.2799 1198.1275 1202.9752 1206.9655 1209.4699 1212.7047 1216.4644 1219.3247 1221.9988 1224.6728 1227.3469 1234.6107 1242.6677 1250.7248 1258.7818 1256.8509 1254.0687 1250.2898 1246.5109 1242.732 1240.9163 1243.3112
-9999 1173.1422 1180.7182 1188.2943 1194.96 1201.2247 1207.4894 1210.415 1209.487 1208.5589 1204.6832 1198.5196 1192.356 1186.5415 1181.426 1176.3104 1171.4221 1167.7624 1164.1028 1164.7538 1175.3497 1185.9455 1193.8656 1198.4985 1203.1315 1204.8103 1198.571 1192.3317 1187.0393 1187.2129 1187.3866 1185.4488 1179.4405 1173.4322 1173.3981 1178.5464 1183.6947 1188.7192 1193.5669 1198.4145 1201.7323 1204.2367 1206.7412 1209.9759 1213.7356 1217.4954 1220.6432 1223.3173 1225.9913 1233.2551 1241.3122 1247.3724 1244.878 1242.3836 1239.6015 1235.8226 1232.0437 1231.726 1234.1209 1236.5158
-9999 1185.9581 1193.4714 1199.7361 1206.0008 1212.2655 1218.5302 1221.4559 1220.5278 1214.8008 1208.6372 1202.4736 1196.31 1190.4955 1185.38 1180.2645 1175.1489 1170.0334 1166.1185 1166.7695 1177.3653 1183.3092 1187.9422 1192.5752 1197.2082 1198.887 1192.6477 1186.4084 1180.1691 1173.9298 1173.0673 1171.1294 1165.1212 1168.5369 1173.6851 1178.8334 1183.9817 1189.0062 1193.8539 1196.4991 1199.0035 1201.508 1204.0124 1207.2472 1211.0069 1214.7666 1218.5264 1221.9617 1224.6358 1231.8996 1235.3996 1232.9052 1230.4108 1227.9164 1225.1342 1221.3553 1222.5357 1224.9306 1227.3255 1229.7204
-9999 1198.2476 1204.5123 1210.777 1217.0417 1223.3064 1229.5711 1231.082 1224.9184 1218.7548 1212.5913 1206.4277 1200.2641 1194.4496 1189.334 1184.2185 1179.103 1173.9875 1168.8719 1168.1199 1172.7529 1177.3859 1182.0189 1186.6519 1191.2849 1192.9636 1186.7243 1180.485 1174.2457 1168.0064 1161.7671 1158.5273 1163.6756 1168.8239 1173.9721 1179.1204 1184.2687 1188.7615 1191.2659 1193.7703 1196.2748 1198.7792 1201.2837 1204.5184 1208.2781 1212.0379 1215.7976 1219.5573 1223.2802 1223.4267 1220.9323 1218.4379 1215.9435 1213.4491 1210.9505 1213.3454 1215.7403 1218.1352 1220.5301 1222.925
-9999 1203.795 1210.0597 1216.3244 1222.5891 1228.8538 1231.9229 1229.558 1223.3944 1217.2308 1211.0673 1204.9037 1198.0486 1189.4537 1180.1225 1175.007 1169.8915 1164.7759 1159.6604 1157.4927 1162.1257 1166.7587 1171.3917 1176.0247 1184.5156 1194.0314 1189.5739 1183.3346 1177.0953 1170.856 1164.6167 1162.267 1167.4153 1172.5635 1177.7118 1182.8601 1187.8728 1191.7766 1194.281 1196.7854 1199.2899 1201.7943 1204.4642 1204.8354 1206.1553 1209.915 1213.6747 1217.4345 1221.1942 1219.6214 1217.127 1214.6326 1212.1382 1211.4258 1215.2366 1217.6315 1220.0264 1222.4213 1224.8162 1224.8986
