mean_models/J1_mean_vp_slide_diff2_80.dat.tif
NCOLS 118
NROWS 92
XLLCORNER 139.62
YLLCORNER -39.07
DX 0.099491525
DY 0.099347826
NODATA_VALUE -9999
[rows 0 to 23 of 92, columns 0 to 53 of 118]
-9999 -9999 -9999 -9999 -9999 -9999 -9999 -9999 -9999 -9999 -9999 -9999 -9999 -9999 -9999 -9999 -9999 -9999 -9999 -9999 -9999 -9999 -9999 -9999 -9999 -9999 -9999 -9999 -9999 -9999 -9999 -9999 -9999 -9999 -9999 -9999 -9999 -9999 -9999 -9999 -9999 -9999 -9999 -9999 -9999 -9999 -9999 -9999 -9999 -9999 -9999 -9999 -9999 -9999
-9999 0.037514483 0.036089634 0.034664785 0.033239936 0.031815087 0.029686073 0.030245349 0.034432283 0.037894098 0.041355914 0.04481773 0.048279546 0.052126394 0.055832745 0.058493977 0.06115521 0.063816442 0.066477675 0.069623271 0.073886317 0.078149364 0.08241241 0.086675456 0.089963348 0.086848674 0.081117042 0.073084366 0.06505169 0.057019014 0.048986338 0.045634856 0.051307222 0.056979588 0.062651954 0.06832432 0.074196235 0.081459225 0.086285588 0.088407331 0.090529073 0.092650816 0.094772558 0.09219101 0.087476552 0.083160715 0.078844877 0.07452904 0.070213202 0.064700824 0.062118486 0.059536148 0.05695381 0.054371472
-9999 0.029694153 0.028269304 0.026844455 0.025419606 0.022742916 0.019282079 0.019841355 0.025040358 0.029694591 0.033156407 0.036618223 0.040080038 0.043926887 0.048544786 0.052736771 0.055398003 0.058059236 0.060720468 0.063866065 0.068129111 0.072392157 0.076655203 0.078200657 0.07544325 0.072328575 0.068256337 0.063425273 0.055392598 0.047359922 0.039327246 0.035975764 0.04164813 0.047320496 0.052992862 0.059036562 0.065464389 0.072727379 0.081185188 0.087320507 0.089442249 0.091563992 0.093685734 0.091104186 0.085141502 0.080121085 0.075805248 0.07148941 0.067173572 0.061518202 0.055631324 0.05264679 0.050064452 0.047482114
-9999 0.021873824 0.020448975 0.019024125 0.015799759 0.012338922 0.0088780844 0.0094373605 0.014636364 0.019835367 0.0249569 0.028418715 0.031880531 0.03572738 0.040345279 0.044963178 0.049581077 0.052302029 0.054963261 0.058108858 0.062371904 0.06663495 0.066437966 0.063680559 0.060923151 0.057808477 0.053736238 0.049663999 0.04559176 0.037700829 0.029668153 0.026316671 0.031989037 0.037661403 0.043876889 0.050304716 0.056732543 0.063995533 0.072453342 0.080911151 0.088355425 0.090477168 0.092598911 0.090017362 0.084054678 0.078091994 0.072765618 0.06844978 0.064133943 0.058478572 0.052591694 0.046704816 0.043175094 0.040592756
-9999 0.014053494 0.012317439 0.0088566018 0.0053957647 0.0019349275 -0.0015259097 -0.00096663364 0.0042323694 0.0094313725 0.014630376 0.019829379 0.023681024 0.027527873 0.032145772 0.036763671 0.04138157 0.045999469 0.049206055 0.052351652 0.056614698 0.054675275 0.051917867 0.04916046 0.046403052 0.043288378 0.039216139 0.0351439 0.031071662 0.026999423 0.020009061 0.016657579 0.022329945 0.028717216 0.035145043 0.04157287 0.048000697 0.055263687 0.063721496 0.072179305 0.080637114 0.089094923 0.091512087 0.088930538 0.082967854 0.07700517 0.071042486 0.065410151 0.061094313 0.055438943 0.049552065 0.043665187 0.037778309 0.033703398
-9999 0.0053742821 0.0019134449 -0.0015473923 -0.0050082294 -0.0084690666 -0.011929904 -0.011370628 -0.0061716247 -0.00097262164 0.0042263814 0.0094253845 0.014624388 0.019328365 0.023946265 0.028564164 0.033182063 0.037799962 0.042417861 0.045669992 0.042912584 0.040155176 0.037397769 0.034640361 0.031882953 0.028768279 0.02469604 0.020623802 0.016551563 0.012479324 0.0084070855 0.0071297157 0.013557543 0.01998537 0.026413197 0.032841024 0.039268851 0.046531841 0.05498965 0.063447459 0.071905268 0.080363077 0.088820885 0.087843715 0.08188103 0.075918346 0.069955662 0.063992978 0.058054684 0.052399313 0.046512435 0.040625557 0.034738679 0.028851801
-9999 0.0021608389 -0.0012999983 -0.0047608355 -0.0082216726 -0.01168251 -0.014847919 -0.014017137 -0.0088181338 -0.0036191307 0.0015798723 0.0067788754 0.011601324 0.015264561 0.018070634 0.022688533 0.027306432 0.031924331 0.03654223 0.038929947 0.036172539 0.033415132 0.030657724 0.027900317 0.024675107 0.022719621 0.024834748 0.020762509 0.01669027 0.012618031 0.0085457926 0.0080600329 0.01448786 0.020915687 0.027343514 0.033771341 0.038166763 0.043005695 0.051463504 0.059921313 0.068379122 0.07683693 0.08450414 0.089924167 0.088634503 0.082671818 0.076709134 0.07074645 0.064783766 0.058885717 0.052998839 0.047111961 0.041225083 0.036519614
-9999 8.6583109e-05 -0.0033742541 -0.0068350912 -0.010295928 -0.01331134 -0.016265423 -0.01543464 -0.010235637 -0.005036634 0.00016236908 0.0047381197 0.0091036773 0.012766914 0.015023714 0.017280513 0.021798969 0.026416868 0.031034767 0.033422484 0.030665076 0.027907669 0.025150261 0.021579667 0.017565184 0.015609699 0.019172845 0.02273599 0.019151348 0.01507911 0.011006871 0.010521111 0.016948938 0.023376765 0.029804592 0.033155964 0.035465348 0.04030428 0.048762088 0.057219897 0.065677706 0.073060449 0.080293483 0.08571351 0.08983019 0.090667416 0.084704732 0.078742047 0.072779363 0.066881314 0.060994436 0.055107558 0.051295029 0.050113568
-9999 -0.0019876727 -0.0054485098 -0.0088206774 -0.01177476 -0.014728843 -0.017682926 -0.016852143 -0.01165314 -0.0064906422 -0.0021250846 0.0022404731 0.0066060307 0.010269268 0.012526067 0.014782867 0.017039666 0.020909405 0.025527304 0.027915021 0.025157613 0.022400206 0.018484228 0.014469745 0.010455262 0.0084997768 0.012062922 0.015626068 0.019189214 0.017540188 0.013467949 0.012982189 0.019410016 0.025835781 0.028145165 0.030454549 0.032763932 0.037602864 0.046060673 0.054383724 0.061616758 0.068849792 0.076082826 0.081502853 0.085619533 0.089736213 0.092700329 0.086737645 0.080774961 0.074876912 0.068990034 0.066070445 0.064888983 0.063707521
-9999 -0.0040619285 -0.0072840978 -0.010238181 -0.013192263 -0.016146346 -0.019100429 -0.018269647 -0.013353847 -0.0089882889 -0.0046227312 -0.00025717356 0.0041083841 0.0077716211 0.010028421 0.01228522 0.014542019 0.016798819 0.020019841 0.022407558 0.019403272 0.015388789 0.011374306 0.0073598227 0.0033453396 0.0013898545 0.0049530001 0.0085161458 0.012079291 0.015642437 0.015929027 0.015443267 0.020824982 0.023134366 0.02544375 0.027753133 0.030062517 0.034901449 0.042940034 0.050173067 0.057406101 0.064639135 0.071872169 0.077292197 0.081408877 0.085525557 0.089642237 0.093758917 0.088770558 0.08287251 0.08084586 0.079664398 0.078482936 0.077301474
-9999 -0.0050251164 -0.0079791992 -0.010933282 -0.013887365 -0.016841448 -0.01979553 -0.019019534 -0.014653977 -0.010288419 -0.0059228613 -0.0015573037 0.002808254 0.0058672308 0.0081240302 0.01038083 0.012637629 0.014894429 0.017151228 0.017511686 0.013497203 0.0094827195 0.0054682364 0.0014537534 -0.0025607297 -0.0048873527 -0.0013242071 0.0022389386 0.0058020842 0.0093652299 0.012928376 0.016063277 0.018372661 0.020682045 0.022991429 0.025300812 0.027610196 0.03214337 0.039376404 0.046609438 0.053842472 0.061075506 0.06830854 0.074164096 0.078280776 0.082397456 0.086514136 0.090630816 0.094747496 0.094346766 0.093165304 0.091983842 0.09080238 0.089620918
-9999 -0.00098579941 -0.0039398822 -0.006893965 -0.0098480478 -0.012802131 -0.013974552 -0.012471478 -0.00810592 -0.0037403624 0.00062519528 0.0049907529 0.0084419806 0.010497444 0.010304596 0.012364475 0.014621274 0.016878073 0.019134873 0.019495331 0.015480847 0.011466364 0.0074518814 0.0034373983 -0.00032622881 -0.002736875 -0.001830153 0.001419112 0.0049822577 0.0085454033 0.012108549 0.015243451 0.017552834 0.019862218 0.022171602 0.024480986 0.027767436 0.032820177 0.040053211 0.047286245 0.054519279 0.061752313 0.070590375 0.077330339 0.082247445 0.086364125 0.090480805 0.094597485 0.098714165 0.098313435 0.097131973 0.095950511 0.094769049 0.090654786
-9999 0.0030535176 9.9434822e-05 -0.002854648 -0.0054722212 -0.0064493584 -0.0074264957 -0.0059234211 -0.0015578634 0.0028076942 0.0071268951 0.010305078 0.013483262 0.015538725 0.015345878 0.01515303 0.016604919 0.018861718 0.021118518 0.021478975 0.017464492 0.013450009 0.0094355263 0.0057627704 0.0021144161 -0.00029623004 0.00061049188 0.0015172138 0.0041624311 0.0077255768 0.011288722 0.014423624 0.016733008 0.019042392 0.021386753 0.024915498 0.028444243 0.033496985 0.040730018 0.047963052 0.055457948 0.064383881 0.073309815 0.080049779 0.085218276 0.090330794 0.094447474 0.098564154 0.10268083 0.1022801 0.10109864 0.09991718 0.094912209 0.08833191
-9999 0.0070928347 0.0041387519 0.0020529727 0.0010758355 9.86982e-05 -0.00087843906 0.00062463554 0.0049901932 0.0089899929 0.012168176 0.01534636 0.018524543 0.020580007 0.020387159 0.020194311 0.020001463 0.020845363 0.023102163 0.02346262 0.019448137 0.015500124 0.01185177 0.0082034153 0.004555061 0.0021444149 0.0030511368 0.0039578587 0.0048645806 0.0069057503 0.010468896 0.013603798 0.015913181 0.018534815 0.02206356 0.025592305 0.02912105 0.034173792 0.041406825 0.049251454 0.058177387 0.067103321 0.076029255 0.082769218 0.087937716 0.093106213 0.098274711 0.10253082 0.1066475 0.10624677 0.10506531 0.099169631 0.092589332 0.086009034
-9999 0.011132152 0.0095781666 0.0086010293 0.0076238921 0.0066467548 0.0056696176 0.0071726922 0.010853091 0.014031274 0.017209458 0.020387641 0.023565824 0.025621288 0.02542844 0.025235592 0.025042745 0.024849897 0.025085808 0.025446265 0.021589123 0.017940769 0.014292414 0.01064406 0.006995706 0.0045850598 0.0054917817 0.0063985037 0.0073052256 0.0082119475 0.0096490694 0.012783971 0.015682877 0.019211622 0.022740367 0.026269112 0.029797857 0.034850599 0.04304496 0.051970894 0.060896827 0.069822761 0.078748695 0.085488658 0.090657156 0.095825653 0.10099415 0.10616265 0.11061417 0.11000735 0.10342705 0.096846754 0.090266456 0.083686157
-9999 0.017044538 0.016067401 0.015090264 0.014113127 0.013135989 0.012158852 0.013174189 0.016352373 0.019530556 0.02270874 0.025886923 0.029065106 0.030950308 0.030731648 0.0305388 0.030345952 0.030153105 0.029960257 0.028722516 0.025074162 0.021425807 0.017777453 0.014129099 0.010480745 0.0059453629 0.0059466689 0.0068533908 0.0077601127 0.0086668346 0.0095735566 0.011375876 0.014904621 0.018433366 0.021962111 0.025490857 0.029019602 0.032388524 0.041314458 0.050240391 0.059166325 0.068092259 0.077018192 0.084224206 0.089392703 0.094561201 0.099729698 0.1048982 0.11006669 0.10383907 0.097258767 0.090678469 0.08409817 0.077517872
-9999 0.023397092 0.022419955 0.021442818 0.02046568 0.019754805 0.0205509 0.021705206 0.023272931 0.026094065 0.029272249 0.032450432 0.035628616 0.037513817 0.036809749 0.03645063 0.036257782 0.036064934 0.035872087 0.034634346 0.030985991 0.027337637 0.023689283 0.020040929 0.016898859 0.012551148 0.0048698962 0.0026940989 0.0036008209 0.0045075428 0.0054142647 0.007216584 0.010745329 0.014274074 0.01780282 0.021570848 0.030787473 0.034862758 0.031582625 0.038169842 0.047095775 0.056021709 0.064947643 0.072431737 0.078871134 0.084039632 0.089208129 0.094376627 0.099545124 0.091412424 0.08215515 0.075574851 0.068994553 0.062414255
-9999 0.029749646 0.028772509 0.027795371 0.027609369 0.028405464 0.02920156 0.030355865 0.03192359 0.033491316 0.035835758 0.039013941 0.042192125 0.044077327 0.043373258 0.04266919 0.042169612 0.041976764 0.041783916 0.040546175 0.036897821 0.033249467 0.029712584 0.026608614 0.023504644 0.019156933 0.011475681 0.0037944295 -0.000558471 0.00034825092 0.0012549728 0.0030572921 0.0065860373 0.010114783 0.015324723 0.024541348 0.033757973 0.037833258 0.034553125 0.031272992 0.035025226 0.04395116 0.052877093 0.060361188 0.066808762 0.073256337 0.07868656 0.083855058 0.089023555 0.080890855 0.070459346 0.060471234 0.053890935 0.047310637
-9999 0.036102199 0.035125062 0.035463933 0.036260028 0.037056123 0.037852219 0.039006524 0.040574249 0.042141975 0.0437097 0.045577451 0.048755634 0.050640836 0.049936767 0.049232699 0.048528631 0.047888594 0.047695746 0.046458005 0.042809651 0.039422339 0.036318369 0.033214399 0.030110429 0.025762718 0.018081466 0.010400214 0.0027189627 -0.0038110409 -0.002904319 -0.0011019997 0.0024267455 0.0090785979 0.018295223 0.027511848 0.036728473 0.040803758 0.037523625 0.034243492 0.03096336 0.03188061 0.040806544 0.048290638 0.054738213 0.061185787 0.067633362 0.073333489 0.078501986 0.070369286 0.059937777 0.049506268 0.03907476 0.03220702
-9999 0.042522401 0.043318497 0.044114592 0.044910687 0.045706783 0.046502878 0.047657183 0.049224909 0.050792634 0.052360359 0.053928085 0.05549581 0.057204345 0.056500277 0.055796208 0.05509214 0.054388072 0.053684003 0.052369835 0.049132093 0.046028124 0.042924154 0.039820184 0.036716214 0.032368503 0.024687251 0.017005999 0.0093247477 0.001643496 -0.0060377556 -0.0052612916 0.0028324728 0.012049098 0.021265723 0.030482348 0.039698973 0.043774258 0.040494125 0.037213992 0.03393386 0.030653727 0.028735994 0.036220089 0.042667663 0.049115238 0.055562812 0.062010387 0.067980417 0.059847717 0.049416208 0.0389847 0.028553191 0.018121682
-9999 0.046558764 0.04735486 0.048150955 0.04894705 0.049743146 0.051374312 0.054732914 0.056300639 0.057868365 0.05943609 0.061003816 0.062493821 0.062485313 0.061665858 0.060961789 0.060257721 0.059553653 0.058849584 0.057419822 0.054315852 0.051211882 0.048107912 0.045003943 0.041899973 0.036655057 0.031811867 0.024130615 0.016449364 0.0087681121 0.0010868605 -0.0008226292 0.0083939959 0.017610621 0.026827246 0.036043871 0.044491264 0.044971502 0.041691369 0.038411237 0.035131104 0.031850971 0.029207544 0.029545282 0.035437208 0.041884783 0.048332357 0.054779932 0.061227506 0.05328329 0.042851781 0.032420273 0.021988764 0.011557255
-9999 0.047114478 0.047910573 0.048706669 0.049502764 0.05235173 0.057262045 0.060620646 0.062188372 0.063756097 0.065323823 0.066493411 0.066978636 0.066970128 0.065972891 0.065072887 0.064368819 0.06366475 0.062960682 0.061530919 0.058426949 0.05532298 0.05221901 0.048123261 0.041387851 0.036136968 0.034864995 0.031646596 0.023965344 0.016284092 0.0086028406 0.0066933509 0.015909976 0.025126601 0.034343226 0.04124222 0.044350909 0.044831147 0.041551014 0.038270881 0.034990749 0.032867688 0.031828002 0.032165739 0.033493689 0.038305302 0.044752876 0.051200451 0.057648025 0.049703809 0.0392723 0.028840792 0.018518317 0.0092721783
-9999 0.047670192 0.048466287 0.049262382 0.053329148 0.058239463 0.063149777 0.066508379 0.068076104 0.06964383 0.070493 0.070978225 0.07146345 0.071454942 0.070457706 0.069460469 0.068479916 0.067775848 0.067071779 0.065642017 0.062538047 0.059434077 0.054340583 0.047605173 0.040869762 0.03561888 0.034346906 0.033074932 0.031481324 0.023800072 0.016118821 0.014209331 0.023425956 0.032642581 0.037993176 0.041101865 0.044210553 0.044690792 0.041410659 0.038130526 0.036527832 0.035488146 0.034448459 0.034786197 0.036114147 0.037442097 0.041173395 0.04762097 0.054068544 0.046124328 0.035692819 0.02559529 0.016349152 0.0071030137
-9999 0.048225905 0.049396252 0.054306566 0.059216881 0.064127195 0.06903751 0.072396112 0.073963837 0.07449259 0.074977815 0.07546304 0.075948265 0.075939757 0.07494252 0.073945283 0.072948047 0.07195081 0.071182877 0.069753114 0.066649145 0.060557905 0.053822495 0.047087084 0.040351674 0.035100792 0.033828818 0.032556844 0.03128487 0.030012896 0.023634801 0.021725311 0.030941936 0.034744132 0.037852821 0.040961509 0.044070198 0.044550436 0.041270304 0.040187976 0.03914829 0.038108603 0.037068917 0.037406654 0.038734604 0.040062554 0.041390504 0.044041489 0.050489063 0.042544847 0.032672264 0.023426126 0.014179987 0.004933849
