mean_models/J1_mean_vp_slide_diff2_300.dat.tif
NCOLS 118
NROWS 92
XLLCORNER 139.62
YLLCORNER -39.07
DX 0.099491525
DY 0.099347826
NODATA_VALUE -9999
[rows 48 to 71 of 92, columns 55 to 109 of 118]
-0.11494875 -0.12124905 -0.12754935 -0.13384965 -0.14010982 -0.13587688 -0.13362713 -0.13137738 -0.12912762 -0.12687787 -0.12462812 -0.12926092 -0.13413022 -0.13899951 -0.14386881 -0.14873811 -0.13904352 -0.12532419 -0.11160486 -0.097885529 -0.084166201 -0.080130763 -0.084157942 -0.08891176 -0.093665578 -0.098419395 -0.10317321 -0.094837771 -0.080454863 -0.066071956 -0.051689048 -0.03730614 -0.026417048 -0.029039853 -0.033174383 -0.037308913 -0.041443443 -0.045730629 -0.054985682 -0.064240735 -0.073495787 -0.08275084 -0.095837969 -0.10687843 -0.11691158 -0.12694473 -0.13697787 -0.14563249 -0.15118523 -0.15995282 -0.16872041 -0.177488 -0.1863424 -0.1898708 -0.19001884
-0.13176856 -0.13806886 -0.14436916 -0.15050004 -0.15626753 -0.15077697 -0.13763609 -0.13400126 -0.13175151 -0.12950176 -0.12725201 -0.13188481 -0.1367541 -0.1416234 -0.14471833 -0.13598948 -0.12507146 -0.11135213 -0.0976328 -0.083913472 -0.083987781 -0.090749942 -0.093864027 -0.097602487 -0.1023563 -0.10711012 -0.11186394 -0.1035285 -0.08914559 -0.074762683 -0.060379775 -0.051275961 -0.041396934 -0.029997646 -0.029885308 -0.034019838 -0.038154367 -0.042441553 -0.051696606 -0.060951659 -0.070206712 -0.084774572 -0.10527314 -0.11631361 -0.12634675 -0.1363799 -0.1433073 -0.14211646 -0.1476692 -0.15643679 -0.16520438 -0.17417743 -0.18402848 -0.18755688 -0.18770492
-0.14858837 -0.15488867 -0.16089026 -0.16665775 -0.17242524 -0.16693468 -0.1537938 -0.14065293 -0.1343754 -0.13212564 -0.12987589 -0.1345087 -0.13937799 -0.13947511 -0.13074627 -0.12201743 -0.1110994 -0.097380072 -0.083660743 -0.08780395 -0.09460696 -0.10136912 -0.10448321 -0.10759729 -0.11104703 -0.11580085 -0.12055467 -0.11221923 -0.097836318 -0.084326512 -0.075291179 -0.066255847 -0.05637682 -0.044977532 -0.033578243 -0.030730762 -0.034865292 -0.039152478 -0.048407531 -0.057662584 -0.073711175 -0.094209745 -0.11470832 -0.12574878 -0.13578193 -0.14098211 -0.13979127 -0.13860043 -0.14415317 -0.15292076 -0.16201245 -0.17186351 -0.18171456 -0.18524296 -0.185391
-0.16540817 -0.17128048 -0.17704797 -0.18281546 -0.18858295 -0.18309239 -0.16995151 -0.15681064 -0.14366976 -0.13474953 -0.13249978 -0.13713258 -0.1342319 -0.12550306 -0.11677421 -0.10804537 -0.097127343 -0.08481711 -0.09162012 -0.098423129 -0.10522614 -0.1119883 -0.11510238 -0.11821647 -0.12133055 -0.12449158 -0.12924539 -0.12090995 -0.10834173 -0.099306398 -0.090271065 -0.081235733 -0.071356706 -0.059957418 -0.048558129 -0.037158841 -0.031576217 -0.035863403 -0.045118456 -0.062647778 -0.083146348 -0.10364492 -0.12414349 -0.13518396 -0.13865692 -0.13746608 -0.13627524 -0.1350844 -0.14063714 -0.14984748 -0.15969853 -0.16954959 -0.17940064 -0.18292903 -0.17996055
-0.1816707 -0.18743819 -0.19320568 -0.19897317 -0.20474066 -0.1992501 -0.18610922 -0.17296834 -0.15982747 -0.14668659 -0.13512366 -0.12898869 -0.12025984 -0.111531 -0.10280215 -0.094073311 -0.08863328 -0.095436289 -0.1022393 -0.10904231 -0.11584532 -0.12260748 -0.12572156 -0.12883565 -0.13194973 -0.13506382 -0.1381779 -0.13235695 -0.12332162 -0.11428628 -0.10525095 -0.096215619 -0.086336592 -0.074937304 -0.063538015 -0.052138727 -0.040739438 -0.032574327 -0.05158438 -0.072082951 -0.092581522 -0.11308009 -0.13357866 -0.13633172 -0.13514089 -0.13395005 -0.13275921 -0.13156837 -0.1376825 -0.14753356 -0.15738461 -0.16723567 -0.17708672 -0.17660772 -0.16862054
-0.16064213 -0.16640962 -0.17217711 -0.1779446 -0.19731673 -0.20116461 -0.18854401 -0.17540313 -0.16226226 -0.14912138 -0.1359805 -0.12710509 -0.11837625 -0.10964741 -0.10091856 -0.10127789 -0.11041707 -0.11722008 -0.12402309 -0.1308261 -0.13734224 -0.12561108 -0.13502417 -0.13813825 -0.14125234 -0.14436642 -0.14748051 -0.14228456 -0.13324922 -0.12421389 -0.11517856 -0.1015782 -0.092642856 -0.098005139 -0.08660585 -0.075206562 -0.063807273 -0.053358943 -0.073857514 -0.094356085 -0.11485466 -0.13535323 -0.13512176 -0.13367712 -0.13248629 -0.13129545 -0.13010461 -0.13205683 -0.13991837 -0.14976942 -0.15962047 -0.16947153 -0.1720058 -0.16584913 -0.15786195
-0.1333921 -0.13915959 -0.14492708 -0.168906 -0.19603752 -0.1998854 -0.18791106 -0.175542 -0.16240113 -0.14926025 -0.13611937 -0.12724396 -0.11851512 -0.10978628 -0.11396472 -0.12492959 -0.13406877 -0.14087178 -0.14767479 -0.15095792 -0.13898817 -0.12725702 -0.13683467 -0.14641233 -0.15033467 -0.15344876 -0.15656284 -0.15136689 -0.14233156 -0.13329623 -0.11768986 -0.095326413 -0.08639107 -0.10165194 -0.11102684 -0.099627553 -0.088228265 -0.077779935 -0.098278505 -0.11877708 -0.13927565 -0.13643898 -0.13261129 -0.13116665 -0.12997581 -0.12878497 -0.13136563 -0.1350539 -0.14291543 -0.15276648 -0.16261754 -0.16407731 -0.16134448 -0.15518782 -0.14720064
-0.10614208 -0.11336376 -0.14049527 -0.16762679 -0.19475831 -0.19860619 -0.18663185 -0.17465751 -0.16254 -0.14939912 -0.13625825 -0.12738284 -0.11865399 -0.12665154 -0.13761641 -0.14858128 -0.15772046 -0.16452347 -0.16457361 -0.15260386 -0.14063411 -0.12890295 -0.13848061 -0.14805826 -0.15763592 -0.16253109 -0.16564518 -0.16044923 -0.15141389 -0.13380151 -0.11143807 -0.089074627 -0.080139284 -0.095400158 -0.11066103 -0.12404854 -0.11264926 -0.10220093 -0.1226995 -0.14158389 -0.1377562 -0.1339285 -0.13010081 -0.12865617 -0.12746533 -0.13067443 -0.1343627 -0.13805096 -0.1459125 -0.15576355 -0.15614883 -0.15341599 -0.15068316 -0.1445265 -0.13653932
-0.08495303 -0.11208455 -0.13921606 -0.16634758 -0.1934791 -0.19732697 -0.18535264 -0.1733783 -0.16140396 -0.14942962 -0.13639712 -0.12837349 -0.13933836 -0.15030323 -0.1612681 -0.17223297 -0.18137216 -0.17818929 -0.16621954 -0.15424979 -0.14228004 -0.13054889 -0.14012654 -0.1497042 -0.15928185 -0.16885951 -0.17472751 -0.16953156 -0.14991317 -0.12754973 -0.10518628 -0.082822841 -0.073887498 -0.089148372 -0.10440925 -0.11967012 -0.13493099 -0.12662192 -0.14290111 -0.13907341 -0.13524572 -0.13141803 -0.12759033 -0.12629496 -0.12998323 -0.1336715 -0.13735976 -0.14104803 -0.14890956 -0.14822034 -0.14548751 -0.14275468 -0.14002184 -0.13386518 -0.12350288
-0.080649881 -0.1077814 -0.13491291 -0.16204443 -0.18917595 -0.19870703 -0.18673269 -0.17475835 -0.16278401 -0.15080967 -0.13883533 -0.14387617 -0.15484104 -0.16580591 -0.17677078 -0.18773565 -0.18863976 -0.17667001 -0.16470026 -0.15273051 -0.14076076 -0.13159357 -0.13840631 -0.14798397 -0.15756162 -0.16713928 -0.17671693 -0.16444731 -0.14208387 -0.11972043 -0.097356983 -0.074993541 -0.068116048 -0.083376922 -0.098637795 -0.11389867 -0.12915954 -0.14385134 -0.14002364 -0.13619595 -0.13236826 -0.12854057 -0.12529715 -0.13109311 -0.13478138 -0.13846964 -0.14215791 -0.14584617 -0.14285195 -0.14011912 -0.13738629 -0.13465345 -0.13192062 -0.12242487 -0.11151284
-0.070773622 -0.093150112 -0.12028163 -0.14741315 -0.17454466 -0.19041602 -0.19719534 -0.185221 -0.17324666 -0.16127232 -0.14929799 -0.14144575 -0.14251109 -0.15347596 -0.16444083 -0.1754057 -0.17630982 -0.16434006 -0.15237031 -0.14040056 -0.13318505 -0.13111427 -0.12986106 -0.13476673 -0.14434439 -0.15392204 -0.1634997 -0.15123008 -0.12886663 -0.10650319 -0.084139749 -0.087092478 -0.089979013 -0.081294154 -0.094506913 -0.10976779 -0.12502866 -0.13972045 -0.13589276 -0.13206507 -0.12823738 -0.12547472 -0.12529759 -0.13718947 -0.14573105 -0.14941932 -0.15310759 -0.15679585 -0.14984519 -0.14076179 -0.13802896 -0.13529612 -0.13256329 -0.12078414 -0.10582727
-0.075834621 -0.087119092 -0.10565034 -0.13278186 -0.15991338 -0.17578473 -0.18400433 -0.19222393 -0.18370931 -0.17173497 -0.15976064 -0.1519084 -0.14419781 -0.14114601 -0.15211089 -0.16307576 -0.16397987 -0.15201012 -0.14004036 -0.13478567 -0.13270575 -0.13063498 -0.12938176 -0.12812854 -0.13112715 -0.14070481 -0.15028246 -0.13801284 -0.1156494 -0.093285956 -0.10181534 -0.11112361 -0.11401015 -0.10532529 -0.09664043 -0.1056369 -0.12089778 -0.13558957 -0.13176188 -0.12793419 -0.1256523 -0.12547517 -0.12529803 -0.13718991 -0.15036718 -0.160369 -0.16405726 -0.16774553 -0.16079486 -0.14877231 -0.13867163 -0.13593879 -0.13320596 -0.12142681 -0.10481112
-0.08089562 -0.092180091 -0.10346456 -0.11815057 -0.14528209 -0.16115345 -0.16937304 -0.17759264 -0.18581224 -0.18219762 -0.17022329 -0.16237105 -0.15466046 -0.14694987 -0.13978094 -0.15074581 -0.15164992 -0.13968017 -0.1363863 -0.13430638 -0.13222645 -0.13015568 -0.12890246 -0.12764924 -0.12639603 -0.12748757 -0.13706523 -0.12479561 -0.10722992 -0.11653819 -0.12584647 -0.13515475 -0.13804128 -0.12935642 -0.12067157 -0.11198671 -0.11676689 -0.13145869 -0.127631 -0.12582988 -0.12565274 -0.12547561 -0.12529847 -0.13719035 -0.15036762 -0.16354489 -0.17500694 -0.1786952 -0.17174454 -0.15972198 -0.14769943 -0.13658146 -0.13384863 -0.12206948 -0.10545379
-0.085956619 -0.09724109 -0.10852556 -0.11981003 -0.1310945 -0.14652216 -0.15474176 -0.16296136 -0.17118096 -0.17940056 -0.18068594 -0.1728337 -0.16512311 -0.15741252 -0.14970192 -0.14199133 -0.14006685 -0.13798693 -0.135907 -0.13382708 -0.13174715 -0.12967638 -0.12842316 -0.12716994 -0.12591673 -0.12466351 -0.12384799 -0.12195278 -0.13126105 -0.14056933 -0.14987761 -0.15918588 -0.16207242 -0.15338756 -0.1447027 -0.13601784 -0.12733298 -0.12732781 -0.12600745 -0.12583032 -0.12565318 -0.12547605 -0.12529892 -0.1371908 -0.15036807 -0.16354534 -0.17672261 -0.18964488 -0.18269421 -0.17067166 -0.1586491 -0.14662655 -0.13460399 -0.12271215 -0.10609646
-0.089164625 -0.1004491 -0.11173357 -0.12301804 -0.13430251 -0.14258629 -0.15027139 -0.15849099 -0.16671059 -0.17493019 -0.18314979 -0.17303896 -0.16532837 -0.15761778 -0.14990718 -0.14219659 -0.13695601 -0.13487608 -0.13279616 -0.13071623 -0.12863631 -0.14109664 -0.13099854 -0.12974532 -0.12849211 -0.12723889 -0.12598567 -0.13195637 -0.14126465 -0.15057292 -0.1598812 -0.16734281 -0.16661422 -0.16196375 -0.15327889 -0.14459403 -0.13590917 -0.12747795 -0.12730082 -0.12712368 -0.12694655 -0.12676942 -0.12833046 -0.11632995 -0.12950722 -0.14268449 -0.15586176 -0.16903903 -0.19320049 -0.18515776 -0.17313521 -0.16111265 -0.14909009 -0.13210528 -0.11512199
-0.10690499 -0.10285133 -0.1141358 -0.12542027 -0.13670474 -0.14498852 -0.15123322 -0.15843911 -0.16665871 -0.17487831 -0.18309791 -0.17258689 -0.16143226 -0.1533626 -0.145652 -0.13794141 -0.13270083 -0.1306209 -0.12854098 -0.12724104 -0.14270626 -0.15786522 -0.1456732 -0.13364903 -0.13239581 -0.1311426 -0.12988938 -0.13586008 -0.14516835 -0.15447663 -0.16009652 -0.15894505 -0.15821646 -0.15824987 -0.15513449 -0.14644963 -0.13776477 -0.12933355 -0.12915641 -0.12897928 -0.12880215 -0.13069376 -0.13302674 -0.11803832 -0.10120512 -0.11275209 -0.12592936 -0.13910663 -0.1632681 -0.19266605 -0.18915913 -0.17713657 -0.16511401 -0.1481292 -0.12849137
-0.13085179 -0.12479862 -0.11874545 -0.1278225 -0.13910697 -0.14739075 -0.15363545 -0.15988014 -0.16660683 -0.17482643 -0.18304603 -0.172535 -0.16138038 -0.15022575 -0.14139683 -0.13368623 -0.12844565 -0.12636573 -0.12854441 -0.14400963 -0.15947485 -0.17463381 -0.16244178 -0.15024975 -0.13805773 -0.1350463 -0.13379308 -0.13976379 -0.14907206 -0.15285023 -0.15169876 -0.15054728 -0.1498187 -0.14985211 -0.14988552 -0.14830523 -0.13962037 -0.13118915 -0.13101201 -0.13083488 -0.13305706 -0.13539004 -0.13772302 -0.12273461 -0.1059014 -0.089068204 -0.095996966 -0.10917424 -0.1333357 -0.16273366 -0.19213161 -0.19316049 -0.18113794 -0.16415312 -0.14451529
-0.15479859 -0.14874542 -0.14269225 -0.13663908 -0.1415092 -0.14979299 -0.15603768 -0.16228237 -0.16852706 -0.17477454 -0.18299414 -0.17248312 -0.16132849 -0.15017387 -0.13901924 -0.12943106 -0.12419047 -0.12984777 -0.145313 -0.16077822 -0.17624344 -0.1914024 -0.17921037 -0.16701834 -0.15482631 -0.14263428 -0.13769679 -0.14366749 -0.14560394 -0.14445247 -0.143301 -0.14214952 -0.14142093 -0.14145435 -0.14148776 -0.14152118 -0.14147596 -0.13304474 -0.13308739 -0.13542037 -0.13775335 -0.14008632 -0.1424193 -0.12743089 -0.11059769 -0.093764486 -0.076931285 -0.07924184 -0.1034033 -0.13280126 -0.16219921 -0.19159717 -0.19716186 -0.18017704 -0.16053921
-0.1726873 -0.16663413 -0.16058096 -0.15452778 -0.14847461 -0.14704392 -0.15328861 -0.1595333 -0.165778 -0.17202269 -0.17826738 -0.16769075 -0.15653613 -0.1453815 -0.13422687 -0.12307224 -0.12867938 -0.1441446 -0.15960982 -0.17507504 -0.19054026 -0.2015862 -0.19487851 -0.18268648 -0.17049445 -0.15830242 -0.14611039 -0.14146995 -0.14031848 -0.139167 -0.13801553 -0.13686405 -0.13657425 -0.13660767 -0.13664108 -0.13667449 -0.13670791 -0.13680988 -0.13914286 -0.14147584 -0.14380881 -0.14614179 -0.14712881 -0.13075021 -0.11391701 -0.097083805 -0.080250604 -0.063417404 -0.081569893 -0.11096785 -0.1403658 -0.16976376 -0.19916171 -0.19116172 -0.17152389
-0.16044389 -0.15439072 -0.14833755 -0.14232167 -0.13707811 -0.13046533 -0.12491774 -0.13116244 -0.13740713 -0.14365182 -0.14989651 -0.13931989 -0.12816526 -0.11701063 -0.105856 -0.11618949 -0.13068201 -0.14614723 -0.16161245 -0.17707767 -0.18346934 -0.17706561 -0.19439141 -0.19288111 -0.18068908 -0.16849705 -0.15630502 -0.15166458 -0.15051311 -0.14936163 -0.14821016 -0.14246965 -0.14073698 -0.14928686 -0.14945695 -0.14949036 -0.14952378 -0.14962575 -0.15195873 -0.15429171 -0.15662468 -0.15570958 -0.14359932 -0.12722071 -0.11038751 -0.093554308 -0.077182349 -0.079397184 -0.10001967 -0.12941762 -0.15881558 -0.18821353 -0.18985078 -0.17708193 -0.15744409
-0.14820049 -0.14214732 -0.13632789 -0.13108433 -0.12584077 -0.11922798 -0.11168475 -0.10414151 -0.10903626 -0.11528095 -0.12152564 -0.11094902 -0.099794388 -0.090727399 -0.10445976 -0.11819212 -0.13268464 -0.14814986 -0.16361508 -0.16561819 -0.15894875 -0.15254503 -0.16987082 -0.18719661 -0.19088371 -0.17869168 -0.16649965 -0.16185921 -0.16070774 -0.15955627 -0.15270864 -0.14526949 -0.14353682 -0.15208671 -0.1606366 -0.16230623 -0.16233965 -0.16244162 -0.1647746 -0.16710757 -0.16429035 -0.15218009 -0.14006982 -0.12369121 -0.10685801 -0.093417289 -0.095632124 -0.097846958 -0.11846944 -0.1478674 -0.175613 -0.17569199 -0.17577099 -0.16300213 -0.1433643
-0.13595708 -0.1303341 -0.12509054 -0.11984698 -0.11460343 -0.10799064 -0.10044741 -0.092904171 -0.085360937 -0.086910082 -0.093154774 -0.082578147 -0.078997667 -0.09273003 -0.10646239 -0.12019476 -0.13468727 -0.15015249 -0.14776703 -0.1410976 -0.13442816 -0.12802444 -0.14535023 -0.16267602 -0.18000181 -0.18888632 -0.17669429 -0.17205385 -0.17038678 -0.16294763 -0.15550848 -0.14806933 -0.14633666 -0.15488655 -0.16343644 -0.17198633 -0.17515552 -0.17525749 -0.17759047 -0.17287112 -0.16076085 -0.14865059 -0.13654032 -0.12016172 -0.10965223 -0.11186706 -0.1140819 -0.11629673 -0.13691922 -0.1614542 -0.1615332 -0.1616122 -0.16169119 -0.14892234 -0.13301297
-0.12434032 -0.11909676 -0.1138532 -0.10860964 -0.10336608 -0.096753297 -0.089210063 -0.081666828 -0.074123594 -0.06658036 -0.064783905 -0.067267935 -0.081000298 -0.094732661 -0.10846502 -0.12219739 -0.13658531 -0.12991587 -0.12324644 -0.11657701 -0.10990757 -0.10350385 -0.12082964 -0.13815543 -0.15548122 -0.17280702 -0.18688892 -0.18062578 -0.17318662 -0.16574747 -0.15830832 -0.15086917 -0.1491365 -0.15768639 -0.16623628 -0.17478617 -0.18333606 -0.18807336 -0.18145188 -0.16934162 -0.15723136 -0.14512109 -0.13301083 -0.12588717 -0.128102 -0.13031684 -0.13253167 -0.13474651 -0.14729541 -0.14737441 -0.14745341 -0.1475324 -0.1476114 -0.14148093 -0.14841608
-0.11299609 -0.10775254 -0.10250898 -0.097265419 -0.09202186 -0.10407083 -0.10327401 -0.095730776 -0.088187542 -0.080644308 -0.073101074 -0.061009707 -0.07474207 -0.088474433 -0.1022068 -0.11593916 -0.12072184 -0.11405241 -0.10738298 -0.10071354 -0.09404411 -0.10096526 -0.10147322 -0.11879901 -0.1361248 -0.15345059 -0.17077638 -0.17116329 -0.16372414 -0.15628499 -0.14884584 -0.14299603 -0.14954556 -0.1581496 -0.16669949 -0.17524938 -0.18379927 -0.19173322 -0.17962296 -0.16751269 -0.15540243 -0.14329216 -0.13194301 -0.13338439 -0.13559923 -0.13781406 -0.14002889 -0.14224373 -0.14223623 -0.14226181 -0.1423408 -0.1424198 -0.1424988 -0.14354338 -0.15009067
