mean_models/J1_mean__temp2_slide_60.dat.tif
NCOLS 118
NROWS 92
XLLCORNER 139.62
YLLCORNER -39.07
DX 0.099491525
DY 0.099347826
NODATA_VALUE -9999
[rows 0 to 26 of 92, columns 0 to 59 of 118]
-9999 -9999 -9999 -9999 -9999 -9999 -9999 -9999 -9999 -9999 -9999 -9999 -9999 -9999 -9999 -9999 -9999 -9999 -9999 -9999 -9999 -9999 -9999 -9999 -9999 -9999 -9999 -9999 -9999 -9999 -9999 -9999 -9999 -9999 -9999 -9999 -9999 -9999 -9999 -9999 -9999 -9999 -9999 -9999 -9999 -9999 -9999 -9999 -9999 -9999 -9999 -9999 -9999 -9999 -9999 -9999 -9999 -9999 -9999 -9999
-9999 720.27687 722.45264 724.6284 726.80417 728.97993 732.08703 731.5548 725.15236 719.00998 712.8676 706.72522 700.58285 694.2291 689.04805 685.69684 682.34564 678.99443 675.64322 671.41455 665.1615 658.90846 652.65542 646.40238 641.51931 645.65488 653.44412 664.34603 675.24794 686.14985 697.05176 701.89432 695.05639 688.21846 681.38052 674.54259 666.43832 654.6955 647.90563 644.9226 641.93957 638.95654 635.97351 637.89112 643.16901 648.39493 653.62085 658.84678 664.0727 669.65586 670.12667 670.59748 671.06828 671.53909 670.96236 668.24738 667.63621 667.02505 666.41389 665.80273
-9999 731.62115 733.79692 735.97268 738.14845 741.9799 746.84846 746.31623 739.55081 732.98077 726.83839 720.69601 714.55363 708.19988 701.42285 695.39153 692.04033 688.68912 685.33792 681.10924 674.85619 668.60315 662.35011 659.91497 663.52485 667.66043 673.20497 679.77599 690.6779 701.57981 712.48172 717.32428 710.48635 703.64841 696.81048 687.61606 675.98399 664.24117 652.33993 643.70766 640.72463 637.7416 634.75857 636.67618 642.11679 647.43457 652.66049 657.88642 663.11234 668.93136 674.85288 675.9871 676.4579 676.92871 676.35198 672.14668 668.83874 668.22757 667.61641 667.00525
-9999 742.96543 745.1412 747.31696 751.87277 756.74133 761.60989 761.07766 754.31224 747.54682 740.80918 734.6668 728.52442 722.17067 715.39364 708.61661 701.83958 698.38381 695.03261 690.80393 684.55089 678.29784 678.31063 681.92051 685.5304 689.66597 695.21051 700.75506 706.2996 717.00977 727.91168 732.75424 725.91631 719.07837 708.79381 697.16173 685.52966 673.78684 661.8856 649.98435 639.50969 636.52666 633.54363 635.46124 640.90185 646.34247 651.70013 656.92605 662.15198 667.971 673.89252 679.81404 681.84752 682.31833 681.7416 677.5363 673.33101 669.4301 668.81893 668.20777
-9999 754.30971 756.89708 761.76564 766.6342 771.50276 776.37132 775.8391 769.07367 762.30825 755.54282 748.7774 742.49521 736.14146 729.36443 722.5874 715.81037 709.03334 704.7273 700.49862 694.24558 696.70629 700.31617 703.92606 707.53594 711.67151 717.21606 722.7606 728.30515 733.84969 743.34164 748.1842 741.34627 729.97156 718.33948 706.7074 695.07533 683.33251 671.43127 659.53002 647.62878 635.72753 632.32869 634.24629 639.68691 645.12753 650.56814 655.96569 661.19161 667.01063 672.93216 678.85368 684.7752 687.70795 687.13122 682.92592 678.72063 674.51534 670.31004 669.41029
-9999 766.78995 771.65851 776.52707 781.39563 786.26419 791.13275 790.60053 783.8351 777.06968 770.30426 763.53883 756.77341 750.11225 743.33522 736.55819 729.78115 723.00412 716.22709 711.49206 715.10195 718.71183 722.32172 725.9316 729.54148 733.67706 739.2216 744.76615 750.31069 755.85523 761.39978 762.78138 751.14931 739.51723 727.88515 716.25307 704.621 692.87818 680.97694 669.07569 657.17445 645.2732 633.37196 633.03135 638.47197 643.91258 649.3532 654.79382 660.23125 666.05027 671.97179 677.89332 683.81484 689.73636 692.52084 688.31554 684.11025 679.90496 675.69966 671.49437
-9999 771.49835 776.36691 781.23547 786.10403 790.97259 795.40091 794.46409 787.69867 780.93325 774.16782 767.4024 761.14101 756.39481 752.56475 745.78772 739.01069 732.23366 725.45663 721.82044 725.43033 729.04021 732.6501 736.25998 740.39376 742.76507 739.99038 745.53493 751.07947 756.62401 762.16856 761.84613 750.21406 738.58198 726.9499 715.31782 705.66298 696.27842 684.37717 672.47593 660.57468 648.67344 636.70908 627.46236 627.01092 632.45154 637.89215 643.33277 648.77338 654.62404 660.54556 666.46709 672.38861 677.33681 677.98155 673.77625 669.57096 665.36566 661.16037 665.31991
-9999 774.61407 779.48263 784.35119 789.21975 793.42454 797.53795 796.60113 789.8357 783.07028 776.30486 770.37369 764.72388 759.97768 757.04102 754.10436 747.48908 740.71204 733.93501 730.29883 733.90871 737.5186 741.12848 745.64906 750.66675 753.03806 748.31643 743.5948 748.48374 754.02829 759.57283 759.25041 747.61833 735.98625 724.35418 715.71504 708.0896 698.70504 686.8038 674.90255 663.00131 651.01424 639.01521 629.7685 622.50038 619.36722 624.80783 630.24845 635.68906 641.53972 647.46124 653.38277 657.59531 659.64022 660.28495 656.07966 651.87436 647.66907 654.3788 663.61197
-9999 777.72978 782.59834 787.33477 791.44817 795.56158 799.67498 798.73816 791.97274 785.25618 779.60637 773.95655 768.30674 763.56054 760.62388 757.68722 754.75056 749.19043 742.4134 738.77722 742.3871 745.99698 750.90436 755.92205 760.93974 763.31105 758.58942 753.86779 749.14615 751.43256 756.97711 756.65468 745.0226 733.39253 725.7671 718.14166 710.51623 701.13166 689.23042 677.31842 665.31939 653.32037 641.32135 632.07464 624.80652 617.5384 611.72351 617.16413 622.60474 628.4554 634.37692 637.85381 639.89871 641.94362 642.58835 638.38306 634.20453 643.43769 652.67086 661.90403
-9999 780.8455 785.3584 789.47181 793.58521 797.69861 801.81202 800.8752 794.48886 788.83904 783.18923 777.53942 771.8896 767.1434 764.20674 761.27009 758.33343 755.39677 750.89178 747.2556 751.14197 756.15966 761.17734 766.19503 771.21272 773.58404 768.86241 764.14077 759.41914 754.69751 754.38138 754.05895 743.44459 735.81916 728.19372 720.56829 712.94285 703.55829 691.62357 679.62455 667.62553 655.62651 643.62749 634.38078 627.11266 619.84454 612.57642 605.3083 609.52042 615.37108 618.11231 620.15721 622.20212 624.24702 624.89176 623.26342 632.49659 641.72976 650.96293 660.19609
-9999 782.4459 786.5593 790.6727 794.78611 798.89951 803.01292 802.11037 796.46056 790.81075 785.16093 779.51112 773.86131 769.82121 766.88456 763.9479 761.01124 758.07458 755.13792 754.60654 759.62423 764.64192 769.65961 774.6773 779.69499 782.31537 777.59374 772.87211 768.15048 763.42884 758.70721 752.99374 745.3683 737.74287 730.11743 722.492 714.86656 705.36258 693.36356 681.36454 669.36552 657.3665 645.36748 635.62125 628.35314 621.08502 613.8169 606.54878 599.28067 599.95321 601.99812 604.04302 606.08793 608.13283 612.66103 621.8942 631.12737 640.36054 649.59371 658.82688
-9999 777.51162 781.62503 785.73843 789.85183 793.96524 795.48427 793.523 787.87318 782.22337 776.57356 770.92374 766.15812 763.21211 763.38125 760.69426 757.7576 754.82094 751.88428 751.3529 756.37059 761.38828 766.40597 771.42366 776.47543 779.28573 776.04636 771.49987 766.77823 762.0566 757.33497 751.62149 743.99606 736.37062 728.74519 721.11975 713.10382 703.39219 691.39316 679.39414 667.39512 655.3961 641.79352 630.98949 622.60959 615.34147 608.07336 600.80524 593.53712 594.20966 596.25457 598.29948 600.34438 605.46415 613.5117 622.74487 631.97804 641.21121 650.44438 663.86172
-9999 772.57735 776.69075 780.80415 784.42755 785.66222 786.8969 784.93562 779.28581 773.63599 768.03101 763.52942 759.02784 756.08184 756.25097 756.42011 754.50396 751.5673 748.63064 748.09926 753.11695 758.13464 763.15233 768.21645 773.28388 776.09418 772.85481 769.61543 765.40599 760.68436 755.96273 750.24925 742.62382 734.99838 727.35897 719.24619 711.13342 701.42179 689.42277 677.42374 665.1631 651.47272 637.78235 626.97832 618.24924 609.59793 602.32981 595.06169 587.79357 588.46612 590.51102 592.55593 598.60956 606.31482 614.36237 623.59553 632.8287 642.42598 656.23398 670.04199
-9999 767.64307 771.75647 774.6055 775.84017 777.07484 778.30952 776.34824 770.69843 765.40231 760.90073 756.39915 751.89756 748.95156 749.12069 749.28983 749.45897 748.31366 745.377 744.84562 749.86331 754.89003 759.95746 765.0249 770.09233 772.90263 769.66326 766.42388 763.1845 759.31212 754.59049 748.87701 741.25158 733.50134 725.38857 717.27579 709.16302 699.45139 687.45237 674.84231 661.15193 647.46156 633.77118 622.96715 614.23808 605.509 596.77993 589.31814 582.05003 582.72257 584.76748 591.75496 599.46022 607.16549 615.21303 624.4462 634.79824 648.60624 662.41425 676.22225
-9999 762.7088 764.78345 766.01812 767.25279 768.48747 769.72214 767.76086 762.77362 758.27204 753.77045 749.26887 744.76729 741.82128 741.99042 742.15955 742.32869 742.49783 742.12336 741.59198 746.63104 751.69848 756.76591 761.83335 766.90078 769.71109 766.47171 763.23233 759.99296 756.75358 753.21824 747.50477 739.64372 731.53095 723.41817 715.3054 707.19262 697.48099 684.52152 670.83114 657.14076 643.45039 629.76001 618.95598 610.22691 601.49784 592.76876 584.03969 576.30648 577.1951 584.90036 592.60563 600.31089 608.01615 616.0637 627.1705 640.97851 654.78651 668.59451 682.40251
-9999 754.7258 755.96048 757.19515 758.42982 759.6645 760.89917 759.35709 754.85551 750.35392 745.85234 741.35075 736.84917 734.04013 734.23003 734.39916 734.5683 734.73743 734.90657 736.55688 741.62431 746.69175 751.75918 756.82662 761.89405 767.10969 764.8675 761.62812 758.38875 755.14937 751.90999 747.00602 738.89325 730.78047 722.6677 714.55492 706.44215 699.42956 685.73918 672.0488 658.35843 644.66805 630.97767 620.26332 611.53424 602.80517 594.0761 585.34703 576.61796 583.50542 591.21068 598.91595 606.62121 614.32647 620.69883 632.89235 646.70036 660.50836 674.31636 688.12436
-9999 745.3554 746.59007 747.82475 749.05942 749.97376 749.07507 747.35866 744.69848 740.60515 736.10357 731.60198 727.1004 724.29136 724.87172 725.17461 725.34375 725.51288 725.68202 727.33233 732.39976 737.4672 742.53463 747.60207 752.27009 757.33767 763.55673 763.71231 760.47294 757.23356 753.99418 749.09021 740.97744 732.86466 724.75189 716.40671 702.76963 695.18976 696.27559 685.41637 671.72599 658.03562 644.34524 633.68439 625.19986 616.47078 607.74171 599.01264 590.28357 599.38748 610.20725 617.91252 625.61778 633.32304 639.6954 641.45071 651.35702 665.16502 678.97303 692.78103
-9999 735.985 737.21967 738.45434 738.73721 737.83853 736.93984 735.22343 732.56325 729.90308 726.3548 721.85321 717.35163 714.54259 715.12296 715.70332 716.1192 716.28833 716.45747 718.10777 723.17521 728.24264 733.22214 737.8601 742.49806 747.56565 753.78471 760.00377 762.55713 759.31775 756.07837 751.1744 743.06163 734.94885 725.20323 711.56615 697.92906 690.34919 691.43502 692.52085 685.09356 671.40318 657.71281 647.05196 638.569 630.08603 621.40732 612.67825 603.94918 613.05309 625.23902 636.90909 644.61435 652.31962 658.69197 660.44729 662.2026 669.82169 683.62969 697.43769
-9999 726.6146 727.84927 727.50067 726.60198 725.70329 724.80461 723.0882 720.42802 717.76785 715.10767 712.10445 707.60286 704.79382 705.37419 705.95455 706.53492 707.06378 707.23292 708.88322 713.95066 718.81215 723.45012 728.08808 732.72604 737.79362 744.01269 750.23175 756.45081 761.40194 758.16256 753.25859 745.14582 733.99975 720.36267 706.72558 693.0885 685.50863 686.59446 687.68029 688.76612 684.77075 671.08037 660.41952 651.93656 643.4536 634.97064 626.34386 617.61479 626.7187 638.90463 651.09057 663.2765 671.31619 677.68854 679.44386 681.19917 682.95449 688.28636 702.09436
-9999 717.16281 716.26412 715.36543 714.46675 713.56806 712.66938 710.95296 708.29279 705.63261 702.97244 700.31226 697.65209 695.04505 695.62542 696.20578 696.78615 697.36652 697.94688 699.65867 704.40217 709.04013 713.6781 718.31606 722.95402 728.0216 734.24067 740.45973 746.67879 752.89786 759.11692 755.34279 742.79627 729.15919 715.5221 701.88502 688.24793 680.66806 681.75389 682.83972 683.92555 685.01138 684.44794 673.78709 665.30413 656.82117 648.33821 639.85524 631.2804 640.38431 652.57024 664.75618 676.94211 689.12805 696.68512 698.44043 700.19575 701.95106 703.70637 706.75102
-9999 710.40265 709.50396 708.60528 707.70659 706.8079 705.01307 700.93113 698.27096 695.61078 692.95061 690.29043 687.7148 687.00102 687.67798 688.25834 688.83871 689.41908 689.99944 691.80677 696.44473 701.08269 705.72066 710.35862 714.99658 720.40208 723.46858 729.68764 735.9067 742.12577 748.34483 747.78168 734.1446 720.50751 706.87043 693.23335 680.62966 677.87945 678.96528 680.05111 681.13694 682.22277 682.9113 681.94805 674.23042 665.74746 657.2645 648.78154 640.29858 649.43876 661.62469 673.81063 685.99656 698.1825 707.97633 709.73165 711.48696 713.24228 714.99759 719.18475
-9999 707.697 706.79832 705.89963 705.00095 701.89924 696.58541 692.50348 689.8433 687.18313 684.52295 682.29589 680.8133 680.09951 680.92529 681.66968 682.25005 682.83041 683.41078 685.21811 689.85607 694.49403 699.13199 704.62407 712.38938 717.80002 716.89953 718.16118 724.38024 730.5993 736.81837 736.25522 722.61814 708.98105 695.34397 684.82044 679.38887 676.63866 677.72449 678.81032 679.89615 680.25997 679.94777 678.98452 677.55324 671.32362 662.84066 654.3577 645.87474 655.01492 667.20085 679.38679 691.56521 703.66942 713.45526 715.21058 716.96589 718.72121 724.59512 735.23894
-9999 704.99136 704.09267 703.19399 698.78541 693.47158 688.15776 684.07582 681.41565 678.75547 676.87697 675.39438 673.9118 673.19801 674.02379 674.84957 675.66138 676.24175 676.82212 678.62944 683.26741 687.90537 694.25668 702.022 709.78731 715.19795 714.29747 713.39698 712.85378 719.07284 725.29191 724.72876 711.09168 697.45459 689.01121 683.57964 678.14808 675.39787 676.4837 677.56953 677.60864 677.29644 676.98425 676.021 674.58972 673.15843 668.41682 659.93386 651.4509 660.59108 672.77701 684.93992 697.04413 709.14834 718.93419 720.6895 722.44482 730.00549 740.64931 751.29312
-9999 702.28572 700.98541 695.67158 690.35776 685.04393 679.7301 675.64817 672.98799 671.45806 669.97547 668.49288 667.01029 666.29651 667.12229 667.94807 668.77385 669.59963 670.23346 672.04078 676.67874 683.8893 691.65462 699.41993 707.18524 712.59588 711.6954 710.79492 709.89443 708.99395 713.76545 713.2023 699.56521 693.20198 687.77042 682.33885 676.90729 674.15707 675.2429 674.95732 674.64512 674.33292 674.02072 673.05747 671.62619 670.19491 668.76363 665.51002 657.02706 666.16724 678.31464 690.41885 702.52306 714.62727 724.41312 726.16843 735.41586 746.05968 756.70349 767.34731
-9999 697.87158 692.55775 687.24393 681.9301 676.61627 671.30245 667.52173 666.03914 664.55655 663.07397 661.59138 660.10879 659.395 660.22078 661.04656 661.87234 662.69812 663.5239 665.75661 673.52192 681.28724 689.05255 696.81786 704.58318 709.99381 709.09333 708.19285 707.29237 706.39188 705.4914 702.82431 697.39275 691.96119 686.52963 681.09806 675.6665 672.61819 672.30599 671.99379 671.68159 671.3694 671.0572 670.09395 668.66267 667.23139 665.8001 664.36882 662.60322 671.68936 683.79357 695.89778 708.00199 720.1062 730.18241 740.82623 751.47005 762.11386 772.75768 783.4015
-9999 694.82747 689.51364 684.19982 678.88599 673.57216 666.78689 659.73237 655.44277 653.96018 652.47759 650.99501 649.51242 649.17804 650.84303 651.66881 652.49459 653.32037 654.14615 657.07034 664.83565 672.60096 680.36628 688.13159 694.65298 701.82706 713.60783 712.70735 711.80687 710.90638 710.0059 707.55775 702.12619 696.69463 691.26306 685.8315 681.2992 678.07739 676.19296 675.88076 675.56856 675.25637 674.94417 677.52691 678.74382 677.31254 675.88126 674.44997 673.01869 672.04885 682.25881 694.36302 706.46723 718.57144 729.11667 735.50233 746.14615 756.78996 767.43378 778.0776
-9999 692.81515 687.50132 682.18749 676.87367 669.29906 661.31854 654.26401 648.27821 642.65567 641.17308 639.69049 638.20791 637.87352 639.83848 641.80344 642.64224 643.46802 644.2938 647.21799 654.98331 662.74862 670.51393 676.03438 680.15665 687.33074 702.68447 718.03821 717.6853 716.78482 715.88433 713.43618 708.00462 702.57306 697.14149 693.10123 689.6106 686.38879 683.55156 681.08067 680.76847 680.45627 680.14408 682.72682 687.3907 689.89378 688.4625 687.03121 685.59993 684.63009 683.74 691.48404 703.58825 715.69246 726.2377 731.38283 736.72501 747.36883 758.01265 768.65646
