mean_models/J1_mean_tot_conduct_slide_12.54.dat.tif
NCOLS 118
NROWS 92
XLLCORNER 139.62
YLLCORNER -39.07
DX 0.099491525
DY 0.099347826
NODATA_VALUE -9999
[rows 26 to 51 of 92, columns 57 to 113 of 118]
-2.9599656 -3.1526244 -3.3516075 -3.513 -3.6386735 -3.693489 -3.7091982 -3.6425777 -3.5541408 -3.4298984 -3.316438 -3.262417 -3.226971 -3.2915655 -3.3782081 -3.5219181 -3.6406592 -3.7567326 -3.7639925 -3.7443048 -3.5799388 -3.4040773 -3.1679977 -2.9554399 -2.7740142 -2.7083683 -2.6917864 -2.7930559 -2.9162774 -3.0625884 -3.1648902 -3.2091087 -3.1855714 -3.0977848 -2.9968666 -2.8853005 -2.8752909 -2.9026239 -3.0372301 -3.2437739 -3.4661667 -3.6339504 -3.7801936 -3.7821159 -3.7211439 -3.5631279 -3.3706047 -3.1482119 -2.9379253 -2.7623773 -2.639476 -2.4947512 -2.4011121 -2.2764028 -2.1590608 -2.0186021 -1.8697899
-2.9959385 -3.1938073 -3.4038449 -3.5723985 -3.7181517 -3.7791954 -3.808546 -3.7391509 -3.6468654 -3.4996479 -3.3694235 -3.269932 -3.2137246 -3.2137246 -3.2772919 -3.3712561 -3.4785019 -3.5712833 -3.5758717 -3.5522323 -3.3919404 -3.218628 -3.003063 -2.7980506 -2.628304 -2.5671904 -2.5593226 -2.6539507 -2.7705672 -2.9037564 -2.9983941 -3.031558 -3.011818 -2.9388283 -2.859771 -2.7727063 -2.8078209 -2.8563979 -3.0378236 -3.2586761 -3.4992826 -3.6705472 -3.8199328 -3.8316377 -3.7753171 -3.6348585 -3.4508056 -3.2409365 -3.0171267 -2.8322761 -2.6391455 -2.453642 -2.2951411 -2.1138967 -1.9668915 -1.8205804 -1.6925894
-3.0550852 -3.2473592 -3.446262 -3.6029515 -3.7428428 -3.7996983 -3.8284983 -3.7540442 -3.6597315 -3.4989404 -3.3525912 -3.2312707 -3.1495899 -3.1341236 -3.160795 -3.2425274 -3.3156159 -3.3991326 -3.3968916 -3.3688501 -3.2129603 -3.0448577 -2.8393352 -2.6509645 -2.4899045 -2.4287092 -2.4224992 -2.5006581 -2.6123985 -2.7355554 -2.79022 -2.8109307 -2.7970823 -2.7306267 -2.7079558 -2.6361955 -2.727065 -2.8091638 -3.0125407 -3.2596593 -3.506341 -3.6575422 -3.8060234 -3.7981784 -3.7511694 -3.6055628 -3.4177313 -3.2128959 -2.9896394 -2.776854 -2.5788745 -2.374039 -2.1900143 -1.9948333 -1.8217556 -1.6731697 -1.5356622
-3.1503203 -3.3171622 -3.4995633 -3.6396906 -3.7601277 -3.8047186 -3.8204278 -3.7397643 -3.6347455 -3.4689284 -3.3079377 -3.1770278 -3.0710437 -3.0434072 -3.0545654 -3.1153658 -3.1761661 -3.2369665 -3.2252245 -3.1963639 -3.0434333 -2.8817599 -2.6827768 -2.5071669 -2.3608559 -2.3070584 -2.2960037 -2.3672751 -2.4552856 -2.5372198 -2.5831412 -2.5886685 -2.5643377 -2.5116657 -2.5006367 -2.4954949 -2.6131664 -2.7657087 -3.0056589 -3.2541226 -3.5057777 -3.6495019 -3.7679795 -3.7493492 -3.6798527 -3.5276892 -3.3385126 -3.1336771 -2.9131108 -2.6961081 -2.4912726 -2.2958529 -2.0910174 -1.8957357 -1.7124256 -1.5602621 -1.4153565
-3.2434588 -3.3946629 -3.5306095 -3.6511752 -3.7415 -3.768583 -3.7645447 -3.6694151 -3.5540254 -3.3741949 -3.2084372 -3.0722909 -2.9647892 -2.9316409 -2.9427991 -3.0035995 -3.0643998 -3.1252002 -3.1134582 -3.0845976 -2.9464149 -2.7899511 -2.6075499 -2.4391583 -2.3111819 -2.2573844 -2.2463298 -2.2884626 -2.362147 -2.4191365 -2.433828 -2.4148098 -2.3980775 -2.3564347 -2.385055 -2.4023563 -2.5896345 -2.7532903 -3.0163084 -3.2640153 -3.5057777 -3.61492 -3.7183056 -3.6480763 -3.5742957 -3.4071548 -3.2176184 -3.0157016 -2.8165341 -2.6029695 -2.4271915 -2.2650978 -2.0848081 -1.9206712 -1.7434718 -1.5960016 -1.4167145
-3.348145 -3.4609889 -3.5817524 -3.6581304 -3.7354209 -3.7262574 -3.7105482 -3.5918947 -3.4647666 -3.2776075 -3.1024952 -2.9663489 -2.8598391 -2.8324564 -2.8502106 -2.9145007 -2.9884895 -3.0492899 -3.0375479 -3.0187622 -2.8902872 -2.7487571 -2.5772623 -2.4251196 -2.3052153 -2.2621127 -2.2510581 -2.2800025 -2.3287886 -2.3639033 -2.3561911 -2.3301087 -2.3104925 -2.275653 -2.3268824 -2.3762382 -2.5791295 -2.7927188 -3.0598733 -3.2799641 -3.5140618 -3.5918403 -3.6675135 -3.5835654 -3.4749462 -3.3052254 -3.1321745 -2.9331915 -2.7572881 -2.5688485 -2.4104516 -2.306273 -2.1482571 -2.0329515 -1.8764205 -1.7356528 -1.5178513
-3.4356431 -3.5272208 -3.621185 -3.6846232 -3.7265143 -3.7043337 -3.6519697 -3.5207029 -3.3659383 -3.1741665 -2.989901 -2.8537547 -2.7472449 -2.730663 -2.757486 -2.8403956 -2.9229864 -3.005896 -3.0111713 -2.9988926 -2.8772919 -2.7487571 -2.5939925 -2.4582355 -2.3528916 -2.3155817 -2.3100544 -2.3334587 -2.3603838 -2.3662363 -2.3561911 -2.3175 -2.290623 -2.2730657 -2.3349247 -2.4159774 -2.6325178 -2.8619745 -3.119482 -3.3375628 -3.5306934 -3.5898029 -3.6211512 -3.5216597 -3.395468 -3.2257471 -3.0560263 -2.8863055 -2.7300018 -2.5871091 -2.4700603 -2.3720792 -2.2842926 -2.2079659 -2.1176291 -2.0005803 -1.7772752
-3.4369982 -3.5235452 -3.6097131 -3.6664375 -3.7022951 -3.6795565 -3.6271926 -3.4825006 -3.3221997 -3.1139982 -2.9272008 -2.7910545 -2.6872848 -2.6802318 -2.7169927 -2.8147416 -2.9115684 -3.0050989 -3.0142742 -3.0295709 -2.9300793 -2.8084309 -2.6737411 -2.5475752 -2.4575768 -2.4242867 -2.4211133 -2.4445973 -2.470805 -2.4742867 -2.4624505 -2.4279212 -2.4072158 -2.3955167 -2.4715273 -2.5568515 -2.7499821 -2.9792476 -3.2058246 -3.3663331 -3.5314108 -3.5599906 -3.5848928 -3.4965637 -3.3699734 -3.234214 -3.1073496 -2.9528286 -2.833057 -2.6921132 -2.5996381 -2.5482124 -2.4813143 -2.488031 -2.403005 -2.329363 -2.1118107
-3.4144692 -3.4930179 -3.5764548 -3.6437065 -3.6751249 -3.6590946 -3.6067306 -3.4695386 -3.2981921 -3.0869397 -2.8868956 -2.7473996 -2.6408898 -2.6331026 -2.6760687 -2.7810876 -2.8911064 -2.9961252 -3.0286017 -3.0491431 -2.9594068 -2.8576836 -2.730565 -2.6247208 -2.5433923 -2.5275 -2.5275 -2.5616761 -2.5875 -2.5875 -2.5935546 -2.5625 -2.5492946 -2.5434422 -2.6113371 -2.706513 -2.8763883 -3.075157 -3.2825997 -3.3863534 -3.5151072 -3.5349906 -3.5422333 -3.4739133 -3.3725773 -3.2576147 -3.1803116 -3.0515578 -2.9330773 -2.8279786 -2.7437388 -2.6821186 -2.647004 -2.6792267 -2.6698679 -2.6224925 -2.4696436
-3.3262265 -3.4002933 -3.4942575 -3.5679348 -3.6307715 -3.6237176 -3.5922992 -3.4616595 -3.3048153 -3.0907192 -2.8868956 -2.7402765 -2.6276435 -2.6110615 -2.649576 -2.7545948 -2.8665722 -2.9826457 -3.0226695 -3.0491431 -2.9717608 -2.8841764 -2.7736302 -2.6777063 -2.6133295 -2.6054775 -2.6268478 -2.6703648 -2.7133406 -2.7347785 -2.7458879 -2.7348333 -2.7295315 -2.7353839 -2.7948597 -2.8720927 -3.0066989 -3.1604692 -3.2892229 -3.3821342 -3.4554985 -3.4728866 -3.4760014 -3.4467392 -3.3905356 -3.3437161 -3.2810441 -3.2038912 -3.0854107 -2.9741526 -2.8629562 -2.801336 -2.7662214 -2.8287142 -2.8670933 -2.9139128 -2.7738679
-3.1864112 -3.2654335 -3.3688503 -3.472341 -3.555603 -3.593306 -3.5816511 -3.4845422 -3.3374646 -3.1346068 -2.9266928 -2.7618255 -2.6405885 -2.6039207 -2.6261335 -2.713377 -2.8114372 -2.9198789 -2.96341 -2.9844964 -2.9071141 -2.8263843 -2.7286524 -2.6500244 -2.6041823 -2.6216443 -2.6533933 -2.7335251 -2.7854077 -2.8201821 -2.867501 -2.873519 -2.8781352 -2.8883513 -2.9171183 -2.9829787 -3.0393936 -3.1721204 -3.2478506 -3.2663601 -3.3185596 -3.3403052 -3.3521805 -3.4002605 -3.3642236 -3.3803662 -3.3913333 -3.3353452 -3.191773 -3.0761308 -2.921406 -2.7837041 -2.7281317 -2.7906245 -2.8518007 -2.9466021 -2.923656
-3.0328442 -3.1121545 -3.2227006 -3.3465235 -3.4564878 -3.5294382 -3.5556202 -3.4884439 -3.3723704 -3.1810153 -2.9806766 -2.8113564 -2.6634052 -2.616524 -2.6061946 -2.6780496 -2.7484957 -2.8424599 -2.8774834 -2.8899765 -2.8125942 -2.7352119 -2.6430089 -2.5846689 -2.5554067 -2.5958857 -2.6511588 -2.7490664 -2.8359252 -2.9003021 -2.9714616 -2.9880435 -3.0034567 -3.0210141 -3.0380423 -3.0688216 -3.0911864 -3.1323678 -3.16163 -3.1324583 -3.1441632 -3.1670873 -3.1959349 -3.2764056 -3.3385243 -3.3970487 -3.4573999 -3.445695 -3.2956835 -3.1327398 -2.9454617 -2.7464554 -2.635259 -2.674678 -2.765241 -2.8998472 -2.9347996
-2.8612373 -2.9343953 -3.055996 -3.1922626 -3.3438936 -3.4394958 -3.5225043 -3.4811897 -3.4054864 -3.235976 -3.0535316 -2.8754942 -2.7230139 -2.634577 -2.6056001 -2.622182 -2.6728995 -2.7232425 -2.7439661 -2.7376431 -2.6602608 -2.5828785 -2.5054962 -2.4557764 -2.4616288 -2.517705 -2.6047965 -2.7277626 -2.8425484 -2.9434243 -3.032689 -3.0824348 -3.1013021 -3.1137387 -3.1072903 -3.1085607 -3.0617412 -3.0626433 -2.992414 -2.9329374 -2.8924821 -2.9285757 -2.9707465 -3.1170576 -3.2171624 -3.3868833 -3.4733788 -3.5053037 -3.3423341 -3.165088 -2.8783183 -2.6334978 -2.4365634 -2.4302174 -2.4956867 -2.67126 -2.7625611
-2.7408922 -2.8012079 -2.9180015 -3.0669692 -3.2233912 -3.3644751 -3.4629384 -3.4871695 -3.4305796 -3.290745 -3.1199945 -2.9495866 -2.7855381 -2.6774819 -2.610867 -2.6052961 -2.6044816 -2.6370935 -2.6405069 -2.6016431 -2.519682 -2.446763 -2.3834772 -2.3502696 -2.3678313 -2.4566346 -2.5557548 -2.7160452 -2.8472931 -2.9628707 -3.0788447 -3.1392595 -3.1649649 -3.1752352 -3.1353823 -3.1209759 -3.0161053 -2.9617683 -2.8583345 -2.7276765 -2.6633918 -2.6886491 -2.7424956 -2.9255861 -3.0809301 -3.2919102 -3.4582661 -3.5138845 -3.3666793 -3.1559549 -2.8405735 -2.5008676 -2.2627734 -2.1712024 -2.2299761 -2.3957434 -2.5442429
-2.6581884 -2.6974806 -2.8080267 -2.9507101 -3.1182748 -3.2670136 -3.4031599 -3.4442891 -3.4498164 -3.3245599 -3.1850478 -3.0178057 -2.8607283 -2.7391276 -2.6493679 -2.6106767 -2.584853 -2.5737984 -2.5355404 -2.4881761 -2.4052665 -2.3288418 -2.2735687 -2.256506 -2.2916207 -2.3914828 -2.5186109 -2.6835149 -2.8528356 -2.9932942 -3.1092682 -3.1811232 -3.2168286 -3.222681 -3.1791685 -3.1263694 -2.9998115 -2.8675134 -2.7153499 -2.5692933 -2.4522445 -2.4637036 -2.5130988 -2.7124343 -2.9339996 -3.1915071 -3.3768847 -3.499786 -3.3699951 -3.1480085 -2.796862 -2.4517213 -2.1181321 -1.9831129 -1.963727 -2.1158906 -2.2535205
-2.6481757 -2.6762509 -2.7550412 -2.8933007 -3.0520429 -3.2088359 -3.3567975 -3.4216097 -3.4498164 -3.3645009 -3.2446565 -3.0980374 -2.9463655 -2.8192375 -2.7212518 -2.6570391 -2.6183479 -2.5870448 -2.5425981 -2.4815529 -2.3986433 -2.3224286 -2.2726829 -2.260683 -2.3114902 -2.417102 -2.5517268 -2.7127014 -2.8793283 -3.0197869 -3.135761 -3.2076159 -3.2433213 -3.2491738 -3.1944662 -3.1329926 -2.9808291 -2.8410206 -2.64151 -2.4617643 -2.3131575 -2.2919007 -2.3210263 -2.5258618 -2.7485503 -3.051175 -3.2841661 -3.4534237 -3.3850302 -3.1811245 -2.8519383 -2.4822524 -2.1115089 -1.8872539 -1.8378865 -1.9099417 -2.0366067
-2.728259 -2.7377436 -2.7997993 -2.90675 -3.0437913 -3.1841258 -3.3210857 -3.3918561 -3.4360746 -3.3520444 -3.2793522 -3.1344429 -3.0241626 -2.9033318 -2.8214909 -2.7614757 -2.7186885 -2.6863149 -2.6314749 -2.5787341 -2.4958245 -2.4320663 -2.3831159 -2.3700495 -2.4171593 -2.5283194 -2.6422815 -2.7997956 -2.9348863 -3.0730141 -3.1664059 -3.2316522 -3.2573576 -3.26321 -3.2085025 -3.1520723 -3.0004461 -2.8432876 -2.6384521 -2.4587063 -2.2768936 -2.2109442 -2.2203017 -2.4201156 -2.6309929 -2.93532 -3.168311 -3.410939 -3.4258635 -3.2600447 -2.9640073 -2.6249046 -2.2442454 -1.959522 -1.8362895 -1.8594278 -1.9401357
-2.8407237 -2.8279561 -2.86112 -2.9351327 -3.0503334 -3.1654462 -3.2911197 -3.3592563 -3.4145293 -3.3658362 -3.3078583 -3.2031304 -3.1076126 -3.0136484 -2.9463505 -2.8966048 -2.8673183 -2.8396817 -2.7939096 -2.7501015 -2.6871023 -2.6252378 -2.5810194 -2.5628647 -2.5979794 -2.669131 -2.7686225 -2.8813866 -3.0070859 -3.1124299 -3.1848466 -3.2345924 -3.2595709 -3.2654233 -3.2297165 -3.1791856 -3.0501037 -2.8929452 -2.6881097 -2.4977117 -2.3045811 -2.2259553 -2.1786503 -2.3287311 -2.5396084 -2.8439354 -3.1168862 -3.3802461 -3.4430593 -3.3844479 -3.1444977 -2.8415504 -2.4669941 -2.1532259 -1.9309387 -1.8724142 -1.9034863
-3.0021639 -2.9803397 -2.9853047 -3.0330181 -3.1062165 -3.1926929 -3.2849104 -3.3387983 -3.3834831 -3.3532571 -3.3023368 -3.2342637 -3.1506564 -3.1064379 -3.0564668 -3.0518357 -3.0473207 -3.0507958 -3.016784 -3.0108895 -2.9721983 -2.9170721 -2.8728536 -2.8437005 -2.8463489 -2.8839099 -2.9486905 -2.9998298 -3.0940153 -3.16129 -3.1897904 -3.2097554 -3.2322554 -3.2343771 -3.2260443 -3.1916041 -3.1155223 -2.967456 -2.7999641 -2.6276112 -2.4411843 -2.3326799 -2.2717889 -2.3537231 -2.5582361 -2.8171419 -3.0925756 -3.3678276 -3.5206616 -3.4775865 -3.345376 -3.1083321 -2.7712468 -2.4215235 -2.1917267 -2.0429959 -2.0051793
-3.162346 -3.1315764 -3.1271014 -3.133337 -3.1888014 -3.2269778 -3.3002873 -3.3223142 -3.355478 -3.3211625 -3.2866234 -3.2311998 -3.18 -3.1516617 -3.153512 -3.1683433 -3.2212142 -3.2433235 -3.2427632 -3.270909 -3.2585688 -3.2198777 -3.1778985 -3.1303605 -3.1160524 -3.0970512 -3.1357423 -3.1322977 -3.175919 -3.2110337 -3.1748088 -3.1789493 -3.1800385 -3.1797391 -3.1838845 -3.1729849 -3.1350703 -3.0326775 -2.8898778 -2.7794753 -2.5980496 -2.4873166 -2.3983386 -2.446652 -2.5940747 -2.8266751 -3.0641272 -3.3508969 -3.5346643 -3.5900656 -3.505193 -3.3592529 -3.0549259 -2.7125656 -2.4240985 -2.2380447 -2.1293292
-3.3151105 -3.2905329 -3.2684236 -3.2658007 -3.2762735 -3.2977136 -3.3238956 -3.3299565 -3.3299565 -3.2926811 -3.2535074 -3.2116163 -3.18 -3.18 -3.2064975 -3.2672978 -3.341798 -3.4247076 -3.4799573 -3.5292134 -3.5347407 -3.5311675 -3.4924764 -3.4482736 -3.3956016 -3.3564468 -3.323283 -3.2904017 -3.256951 -3.2101314 -3.1681856 -3.1350217 -3.1138066 -3.1021017 -3.1095358 -3.1199994 -3.114147 -3.085177 -3.0090952 -2.9007553 -2.7720015 -2.6645025 -2.5705415 -2.5822463 -2.657725 -2.8332983 -3.0683182 -3.3316782 -3.5387993 -3.6715435 -3.6773959 -3.5383331 -3.3217927 -2.9866246 -2.675149 -2.423494 -2.3110713
-3.3650996 -3.3450382 -3.330834 -3.3218886 -3.3262192 -3.3331014 -3.3488901 -3.33331 -3.3238111 -3.2757179 -3.2348322 -3.192941 -3.1628035 -3.1676223 -3.2015677 -3.2736606 -3.3727331 -3.4746097 -3.5368208 -3.6357002 -3.6799187 -3.6840693 -3.6605973 -3.6095219 -3.5451777 -3.4718236 -3.4169854 -3.3306342 -3.2816846 -3.2130388 -3.1194653 -3.048356 -3.0077129 -2.9781072 -2.9808603 -2.9910808 -3.0261955 -2.9989243 -2.9816525 -2.9575149 -2.8652257 -2.7978847 -2.7106837 -2.694211 -2.7691462 -2.8802266 -3.0393492 -3.2760002 -3.4830344 -3.6164089 -3.6596112 -3.5961017 -3.4151908 -3.1155289 -2.8057238 -2.5340666 -2.3740616
-3.3529819 -3.3601645 -3.3516828 -3.3651159 -3.3651159 -3.3712645 -3.3765009 -3.3562285 -3.328592 -3.2693488 -3.2175402 -3.1687177 -3.1317299 -3.1313177 -3.158667 -3.2355161 -3.3381747 -3.4597754 -3.5632406 -3.672658 -3.7293603 -3.7646522 -3.7483116 -3.7073068 -3.6370775 -3.5530591 -3.4701495 -3.3673376 -3.2730108 -3.1735193 -3.0578778 -2.9714565 -2.8904077 -2.8435881 -2.8253404 -2.8317498 -2.8668644 -2.8944616 -2.9090643 -2.9536521 -2.9068326 -2.8806315 -2.8250264 -2.8114783 -2.834569 -2.9150006 -3.0098551 -3.2029857 -3.3796689 -3.5320215 -3.5921032 -3.5602901 -3.4315364 -3.1650221 -2.8682882 -2.5877405 -2.4094602
-3.2507881 -3.274063 -3.3072268 -3.3359185 -3.3725732 -3.3855434 -3.3960162 -3.3760981 -3.3484616 -3.2780755 -3.210917 -3.1480802 -3.098614 -3.0765047 -3.0924351 -3.1477082 -3.2445287 -3.3606022 -3.478753 -3.5998029 -3.6716579 -3.724913 -3.724913 -3.6940604 -3.6238311 -3.5373674 -3.4436567 -3.3317358 -3.2200253 -3.098864 -2.9783995 -2.8623261 -2.7666584 -2.6788717 -2.6472836 -2.6264309 -2.6615456 -2.699748 -2.7699773 -2.8330381 -2.886963 -2.8924471 -2.8912583 -2.8854058 -2.8982141 -2.9216238 -2.9925909 -3.0970147 -3.2355909 -3.3570649 -3.4331467 -3.4138895 -3.3388117 -3.1086566 -2.8495589 -2.5744941 -2.3873655
-3.0170634 -3.0834833 -3.1665992 -3.2331504 -3.3155486 -3.352355 -3.3906155 -3.3871328 -3.3625268 -3.2909927 -3.2159025 -3.1437362 -3.0713024 -3.0302812 -3.0203989 -3.041865 -3.116978 -3.1993749 -3.3123519 -3.4224696 -3.4971103 -3.5632826 -3.5681776 -3.5519102 -3.4886934 -3.4022298 -3.3133778 -3.2020439 -3.0958522 -2.9770322 -2.8640952 -2.7513261 -2.6372184 -2.536437 -2.4955824 -2.4269164 -2.454706 -2.4852045 -2.5731146 -2.6475164 -2.7794153 -2.88285 -2.905251 -2.9148695 -2.9454677 -2.9414723 -2.9992141 -2.991695 -3.0251416 -3.1400649 -3.1973194 -3.1678677 -3.1414012 -2.9985189 -2.7492473 -2.4994939 -2.3276843
-2.8068895 -2.9359271 -3.0491499 -3.1694166 -3.2636718 -3.3317316 -3.3736228 -3.3725676 -3.3559856 -3.2854782 -3.2070874 -3.119671 -3.0321665 -2.9671362 -2.9208839 -2.926394 -2.9625868 -3.0399691 -3.1445548 -3.2449011 -3.3207117 -3.3879999 -3.3977428 -3.3768793 -3.318096 -3.2366843 -3.1482474 -3.0550149 -2.9495909 -2.8383945 -2.7582318 -2.6508696 -2.5440445 -2.4269956 -2.3357273 -2.2653166 -2.2635031 -2.3033984 -2.40289 -2.5517466 -2.6922052 -2.8320529 -2.9298844 -2.9799927 -2.9947833 -2.9734585 -2.9029433 -2.8912385 -2.8748576 -2.9116158 -2.9549374 -2.9546371 -2.9312273 -2.8231565 -2.6455119 -2.4135661 -2.2017735
