mean_models/J1_mean_tot_conduct_slide_300.dat.tif
NCOLS 118
NROWS 92
XLLCORNER 139.62
YLLCORNER -39.07
DX 0.099491525
DY 0.099347826
NODATA_VALUE -9999
[rows 26 to 51 of 92, columns 0 to 57 of 118]
-1.9291687 -1.8774866 -1.8177917 -1.765305 -1.7179281 -1.6886237 -1.6538017 -1.6337752 -1.6242998 -1.6269663 -1.6518392 -1.6852502 -1.7349959 -1.7913688 -1.8610129 -1.9212042 -1.97095 -2.020777 -2.0804719 -2.1311414 -2.1758818 -2.2250131 -2.2847081 -2.3168591 -2.3364215 -2.350913 -2.3557248 -2.3659028 -2.2907961 -2.2259397 -2.2100318 -2.1898628 -2.1699645 -2.1479841 -2.1218021 -2.0705399 -2.0207942 -1.9663024 -1.9087021 -1.8491853 -1.7968214 -1.7430625 -1.6883421 -1.6410854 -1.5991943 -1.5618466 -1.5199554 -1.4955466 -1.474601 -1.4670497 -1.4618133 -1.4649376 -1.4707345 -1.4886473 -1.5073798 -1.5335618 -1.5632982 -1.6104257
-1.9291141 -1.8803814 -1.8306356 -1.7840119 -1.7650611 -1.7433006 -1.7184277 -1.7013768 -1.7013768 -1.7064445 -1.7313174 -1.7647284 -1.8192941 -1.877328 -1.9419975 -2.0004996 -2.0402962 -2.0869277 -2.1366734 -2.1841269 -2.2139743 -2.2581291 -2.2812988 -2.2969895 -2.3019641 -2.3111739 -2.3111739 -2.3195405 -2.3444134 -2.3186644 -2.2977188 -2.2755949 -2.2457475 -2.2208392 -2.1435659 -2.0771631 -2.0274173 -1.9722858 -1.909449 -1.8458475 -1.7777743 -1.7231929 -1.6684725 -1.6212159 -1.5793247 -1.5479911 -1.5199554 -1.4980241 -1.4812242 -1.4736729 -1.4684365 -1.4681377 -1.4707345 -1.4928437 -1.514003 -1.540185 -1.5696586 -1.6063134
-1.9495684 -1.9086217 -1.8618788 -1.8301536 -1.8171231 -1.8075526 -1.7868861 -1.7779585 -1.7824864 -1.7912788 -1.8161517 -1.8512703 -1.9059907 -1.9623678 -2.0242307 -2.0760528 -2.1072772 -2.1439637 -2.1820765 -2.2243011 -2.2511895 -2.2781301 -2.2962459 -2.3047925 -2.3097671 -2.3133899 -2.3133899 -2.3185933 -2.3403037 -2.3536635 -2.3327179 -2.3087317 -2.2788843 -2.2329008 -2.1529201 -2.0834887 -2.033743 -1.9786114 -1.9157746 -1.8476837 -1.7777743 -1.7205508 -1.6673489 -1.6200922 -1.578201 -1.5503866 -1.5251488 -1.5029587 -1.4867782 -1.4844619 -1.4792255 -1.4789266 -1.4798447 -1.5062336 -1.5304283 -1.5599005 -1.5893742 -1.626029
-1.9793703 -1.941013 -1.9012164 -1.8819355 -1.8771978 -1.8709901 -1.8560664 -1.8531419 -1.8626173 -1.8775356 -1.9024085 -1.9375271 -1.9922474 -2.0466069 -2.1063018 -2.152065 -2.1769379 -2.2026933 -2.2325407 -2.2588663 -2.2837392 -2.3042519 -2.314201 -2.3220751 -2.3270497 -2.3306726 -2.3306726 -2.3358759 -2.3557742 -2.3654094 -2.3444638 -2.3198051 -2.2899576 -2.2422391 -2.1584567 -2.0890254 -2.0392797 -1.9848206 -1.9219839 -1.8545654 -1.7812559 -1.721896 -1.6721502 -1.6276466 -1.5857554 -1.5579409 -1.5369954 -1.5167223 -1.4957767 -1.4926902 -1.4926902 -1.4926902 -1.4936083 -1.5212448 -1.549056 -1.5804744 -1.6142112 -1.650866
-2.0166257 -1.9805577 -1.944681 -1.9254002 -1.93823 -1.9409794 -1.9305773 -1.9291796 -1.9433374 -1.9582557 -1.9831286 -2.0182472 -2.0694036 -2.1191493 -2.1688951 -2.2104239 -2.2153984 -2.2390662 -2.2639391 -2.2874174 -2.2973666 -2.3166704 -2.3266195 -2.3337636 -2.3337636 -2.3368818 -2.3368818 -2.3420852 -2.3619835 -2.3716186 -2.3506731 -2.3249877 -2.2901657 -2.2422391 -2.1584567 -2.0890254 -2.0392797 -1.9863024 -1.9281931 -1.8627293 -1.7936744 -1.7343144 -1.6845687 -1.6424389 -1.6043831 -1.5765687 -1.5556231 -1.5386695 -1.5206137 -1.5175272 -1.5175272 -1.5175272 -1.5184453 -1.5460818 -1.5733925 -1.5995745 -1.6338122 -1.6757029
-2.0446896 -2.0183791 -1.9842275 -1.9780998 -1.9931201 -2.0007195 -1.9917073 -1.9929749 -2.0071879 -2.0181353 -2.0368537 -2.0702647 -2.1200104 -2.1548946 -2.1997194 -2.2446473 -2.2597689 -2.2678537 -2.2892425 -2.3096027 -2.3195518 -2.329501 -2.3394501 -2.34 -2.34 -2.3386483 -2.3367029 -2.3132876 -2.2892684 -2.3002193 -2.281255 -2.2606672 -2.230639 -2.1795941 -2.1011829 -2.09442 -2.0458739 -1.9950509 -1.9385934 -1.8731116 -1.8043685 -1.7530349 -1.7039935 -1.6649101 -1.628506 -1.6057059 -1.5847603 -1.5678067 -1.5520975 -1.5464855 -1.5464855 -1.5530797 -1.5536306 -1.5750401 -1.6035239 -1.6318299 -1.6596577 -1.6982464
-2.0675081 -2.0448718 -2.019999 -2.0205316 -2.0394824 -2.0470819 -2.0421073 -2.0459604 -2.0601735 -2.0711208 -2.0760954 -2.0918737 -2.1266957 -2.1615177 -2.1963398 -2.2314009 -2.266223 -2.2943464 -2.3092701 -2.3228491 -2.3327982 -2.34 -2.34 -2.34 -2.34 -2.3386483 -2.3336737 -2.3066645 -2.2171221 -2.147886 -2.1321768 -2.114957 -2.0950587 -2.0868605 -2.1078061 -2.1010432 -2.056272 -2.0082973 -1.9559334 -1.8929812 -1.8196717 -1.7662813 -1.7264846 -1.6914028 -1.6599845 -1.6390439 -1.6233347 -1.6075458 -1.5918366 -1.585057 -1.5798206 -1.5894766 -1.5999929 -1.6165748 -1.6366398 -1.6680582 -1.6993969 -1.7308152
-2.086071 -2.0695179 -2.0509904 -2.0517621 -2.0780021 -2.0929416 -2.0917413 -2.0956741 -2.1098872 -2.1190761 -2.1196746 -2.134895 -2.1640836 -2.1889565 -2.214823 -2.2464332 -2.2721981 -2.3007998 -2.3157235 -2.3276387 -2.3329576 -2.34 -2.34 -2.3385975 -2.3338655 -2.3325138 -2.3275392 -2.3004502 -2.2109079 -2.1412339 -2.1303434 -2.1132034 -2.0933051 -2.0869402 -2.1078858 -2.1053178 -2.0686207 -2.0250344 -1.9806308 -1.9203855 -1.8505833 -1.8030031 -1.7695856 -1.7377096 -1.7093794 -1.6920377 -1.6789439 -1.6632347 -1.6475255 -1.6362811 -1.6293749 -1.6340136 -1.6433088 -1.6543634 -1.6726724 -1.6991293 -1.7289018 -1.7558315
-2.1032506 -2.0911144 -2.0761907 -2.0866344 -2.1150706 -2.1348602 -2.135 -2.1393987 -2.1533111 -2.1589831 -2.1575 -2.1660381 -2.190911 -2.2116271 -2.2356568 -2.2605297 -2.2854025 -2.3040551 -2.317089 -2.3290042 -2.3339788 -2.3375 -2.3375 -2.3360975 -2.3311229 -2.3247966 -2.3186737 -2.2928856 -2.2045424 -2.1348684 -2.1243956 -2.1107034 -2.0908051 -2.0844402 -2.1053858 -2.1099153 -2.0754958 -2.0442284 -2.0033742 -1.9508475 -1.8827743 -1.8423305 -1.8124831 -1.7872681 -1.7610861 -1.7479616 -1.7374888 -1.7230241 -1.7073149 -1.6960705 -1.6855977 -1.6849376 -1.6901836 -1.6989218 -1.7110192 -1.7345473 -1.7607293 -1.7869112
-2.1210401 -2.1114458 -2.1014967 -2.1150227 -2.1481866 -2.1679761 -2.1729507 -2.1791378 -2.1886132 -2.192099 -2.1821498 -2.1850769 -2.2049752 -2.2248735 -2.2447718 -2.2671528 -2.2920257 -2.3106783 -2.3156528 -2.322381 -2.3273556 -2.3308768 -2.3308768 -2.3294743 -2.3244997 -2.3181734 -2.3082243 -2.2796392 -2.1950714 -2.1282452 -2.1177724 -2.1040802 -2.0841819 -2.0795335 -2.1109519 -2.1165384 -2.086691 -2.0574747 -2.0312928 -1.9840905 -1.9212538 -1.8829595 -1.8630612 -1.8408 -1.8198544 -1.8085895 -1.8033531 -1.789256 -1.7735468 -1.7623024 -1.7518296 -1.7462943 -1.7431691 -1.7486964 -1.7573815 -1.7730907 -1.7938452 -1.8200272
-2.1326913 -2.1278126 -2.1202888 -2.1355685 -2.157143 -2.1646128 -2.1665603 -2.1736243 -2.1830996 -2.2103272 -2.2511806 -2.2514772 -2.2713756 -2.2896171 -2.3057849 -2.308018 -2.2875153 -2.3061679 -2.3111424 -2.316117 -2.3210916 -2.3246128 -2.2937545 -2.2316273 -2.2266528 -2.2216782 -2.2157646 -2.2201247 -2.2418029 -2.1745377 -2.1599935 -2.1480004 -2.1317901 -2.1288954 -2.1343683 -2.1129332 -2.092955 -2.0710786 -2.0545953 -2.0520574 -2.0333824 -1.9989098 -1.9814538 -1.9609462 -1.9400007 -1.8838633 -1.8543423 -1.8411219 -1.8254127 -1.8097035 -1.7983083 -1.7828979 -1.7767525 -1.7718726 -1.7785078 -1.7900028 -1.8188788 -1.8675091
-2.14 -2.138741 -2.1337665 -2.1400201 -2.1542332 -2.1617029 -2.1617029 -2.1643987 -2.1738741 -2.2011017 -2.2607966 -2.3068305 -2.3267288 -2.3399078 -2.3547854 -2.3520438 -2.3171248 -2.2947435 -2.2997181 -2.3031884 -2.3079643 -2.2867779 -2.2022101 -2.1448913 -2.1402171 -2.1352425 -2.1302679 -2.137001 -2.1813701 -2.2135755 -2.1986405 -2.1848988 -2.1699788 -2.1513247 -2.1251427 -2.1105192 -2.0955955 -2.0842058 -2.073733 -2.0858346 -2.1067801 -2.1081942 -2.0932705 -2.0765463 -2.0556008 -1.9960576 -1.922748 -1.8933502 -1.877641 -1.8602289 -1.8445197 -1.8271076 -1.8115531 -1.8045065 -1.8013905 -1.8113334 -1.8366189 -1.8942192
-2.139757 -2.14 -2.14 -2.1466433 -2.1608564 -2.1683261 -2.1683261 -2.1705254 -2.1752631 -2.2011017 -2.2607966 -2.3067631 -2.3167122 -2.3266614 -2.3366105 -2.3321743 -2.2923777 -2.2682507 -2.2732253 -2.2766957 -2.2766957 -2.2536619 -2.1786022 -2.1250217 -2.1250217 -2.1219961 -2.1170216 -2.1237546 -2.1635512 -2.1937059 -2.1884696 -2.1782756 -2.1683265 -2.151447 -2.1357378 -2.1245547 -2.1195801 -2.11115 -2.1059136 -2.1226474 -2.1645386 -2.169045 -2.1590958 -2.1441217 -2.1284125 -2.0652801 -1.9823567 -1.9529589 -1.9372497 -1.9170757 -1.8975052 -1.8768585 -1.8579154 -1.8468608 -1.8411296 -1.846366 -1.8697348 -1.9273352
-2.1380831 -2.1429619 -2.1446399 -2.1529571 -2.1650202 -2.17 -2.17 -2.1721994 -2.176937 -2.1975847 -2.2515167 -2.2941354 -2.3014402 -2.303097 -2.310063 -2.3039528 -2.2641562 -2.2383554 -2.2433299 -2.2468003 -2.2468003 -2.2249994 -2.1525166 -2.1060802 -2.1060802 -2.1047285 -2.0997539 -2.1077878 -2.1509235 -2.1807201 -2.1788079 -2.1770592 -2.1759324 -2.1640747 -2.1499769 -2.1439198 -2.1414877 -2.1385598 -2.135809 -2.162098 -2.2100277 -2.2241746 -2.2159205 -2.2056667 -2.1915511 -2.119535 -2.0323904 -2.0005037 -1.9847945 -1.9646206 -1.943675 -1.9134495 -1.8928325 -1.8817779 -1.8731997 -1.8749692 -1.8966642 -1.9542645
-2.1369668 -2.1465851 -2.1515596 -2.159168 -2.1686434 -2.1690942 -2.1690942 -2.169482 -2.1742197 -2.1903384 -2.2400841 -2.2727536 -2.2727536 -2.2725988 -2.2775734 -2.2717178 -2.2319211 -2.2052145 -2.2101891 -2.2136594 -2.2136594 -2.1947654 -2.1300959 -2.0963406 -2.0963406 -2.0968005 -2.0918259 -2.085367 -2.1301382 -2.165471 -2.165471 -2.1671702 -2.1721447 -2.1720009 -2.1615281 -2.1581884 -2.1581884 -2.1590942 -2.1590942 -2.1807461 -2.2383465 -2.2589029 -2.2539283 -2.2466608 -2.2361881 -2.1785704 -2.0790789 -2.0434589 -2.0277497 -2.0075757 -1.9866301 -1.9657732 -1.9348477 -1.9230709 -1.913587 -1.913587 -1.9181044 -1.9757047
-2.1568364 -2.1685107 -2.1780524 -2.1844552 -2.1749798 -2.1676398 -2.1626653 -2.1602717 -2.155534 -2.1662054 -2.1910783 -2.2197681 -2.2155569 -2.2122391 -2.2122391 -2.2082864 -2.1883881 -2.1648261 -2.1648261 -2.1672971 -2.1672971 -2.148403 -2.1351739 -2.1365765 -2.141551 -2.1440546 -2.1490292 -2.1386549 -2.1038329 -2.1199287 -2.1304015 -2.1340542 -2.1390288 -2.138885 -2.137413 -2.1395105 -2.1444851 -2.1470964 -2.1523328 -2.1603524 -2.1787378 -2.1992942 -2.1943196 -2.1891927 -2.1832025 -2.1621722 -2.118818 -2.083198 -2.0674888 -2.0473149 -2.0263693 -2.0498617 -2.0474419 -2.03086 -2.0192907 -2.0140543 -2.0063514 -1.9854058
-2.1642494 -2.1759237 -2.1837843 -2.180303 -2.1708276 -2.1634877 -2.1570262 -2.1472969 -2.1406064 -2.1463359 -2.1694383 -2.1775315 -2.1717225 -2.165087 -2.1635199 -2.1503589 -2.1304606 -2.1167826 -2.1167826 -2.1167826 -2.1167826 -2.1167826 -2.1173627 -2.1223373 -2.1283705 -2.1446459 -2.1580219 -2.1525897 -2.1181953 -2.0984794 -2.1096566 -2.1216992 -2.1283255 -2.1383043 -2.1383043 -2.1404018 -2.1453764 -2.1504587 -2.1556951 -2.1661857 -2.1818949 -2.1853594 -2.1824565 -2.1794101 -2.1741737 -2.1548606 -2.1286786 -2.1104806 -2.0947714 -2.0745975 -2.0536519 -2.0771443 -2.1060578 -2.0894759 -2.0712835 -2.0660471 -2.0558731 -2.0338931
-2.1596888 -2.1729619 -2.1779364 -2.1744552 -2.1649798 -2.1545528 -2.1446036 -2.1334206 -2.1239452 -2.1216409 -2.1365646 -2.1429502 -2.1330011 -2.1208712 -2.1109221 -2.0977611 -2.0778627 -2.0641848 -2.0641848 -2.0649117 -2.0649117 -2.0663651 -2.0713397 -2.0820269 -2.0969506 -2.113953 -2.1338513 -2.1421949 -2.1123475 -2.0946743 -2.1103835 -2.1250975 -2.1400212 -2.15 -2.15 -2.1528244 -2.1577989 -2.1628812 -2.1681176 -2.1786083 -2.1943174 -2.2007269 -2.2007269 -2.1976805 -2.1924441 -2.173131 -2.146949 -2.128751 -2.1130418 -2.0928678 -2.0719223 -2.1010791 -2.1305357 -2.1078832 -2.0895538 -2.0843174 -2.0732245 -2.0470426
-2.1534795 -2.1689876 -2.1779364 -2.1744552 -2.1605336 -2.1483435 -2.1383944 -2.1242664 -2.1053175 -2.1009501 -2.1059246 -2.111904 -2.0947182 -2.0764767 -2.0615529 -2.0480871 -2.0281888 -2.0145109 -2.0145109 -2.0160151 -2.0209897 -2.0229004 -2.0346032 -2.052332 -2.0772049 -2.0959501 -2.1208229 -2.1309243 -2.111026 -2.0952632 -2.1162087 -2.1303344 -2.1402836 -2.15 -2.1539076 -2.1590336 -2.1640082 -2.1690905 -2.1743269 -2.1848175 -2.2005267 -2.2069361 -2.2069361 -2.2038898 -2.1986534 -2.1793402 -2.1531583 -2.1349602 -2.119251 -2.0990771 -2.0781315 -2.111499 -2.1429542 -2.1153177 -2.0957631 -2.0905267 -2.0803527 -2.0594071
-2.0981727 -2.1155976 -2.1255468 -2.1213567 -2.1157953 -2.1261441 -2.1152001 -2.1010721 -2.0821214 -2.0698696 -2.0732475 -2.069684 -2.0497484 -2.0265323 -2.0099103 -1.9885628 -1.9634171 -1.9497391 -1.9497391 -1.9527476 -1.959573 -1.9674544 -1.9823781 -2.0149297 -2.0417552 -2.066628 -2.0915009 -2.1046662 -2.0847679 -2.0738169 -2.0927232 -2.1099128 -2.119862 -2.1282496 -2.1351186 -2.1574848 -2.163717 -2.1666449 -2.1706806 -2.1732899 -2.1868152 -2.1902797 -2.1898696 -2.1898696 -2.1849419 -2.1622737 -2.1360917 -2.1212487 -2.1055395 -2.0853656 -2.06442 -2.0776571 -2.1125434 -2.0912497 -2.0686313 -2.0633949 -2.0663878 -2.0591159
-2.0026151 -2.0162498 -2.026199 -2.0495155 -2.0826793 -2.0930282 -2.0781045 -2.061333 -2.0423823 -2.0301304 -2.0301304 -2.0216358 -1.9967629 -1.9735468 -1.9536485 -1.9289541 -1.8941321 -1.8702609 -1.8702609 -1.8732693 -1.8832185 -1.9003259 -1.9351479 -1.9685674 -1.9984149 -2.0268889 -2.0517618 -2.064927 -2.0450287 -2.0340778 -2.049787 -2.0635505 -2.0734996 -2.0904538 -2.1218722 -2.1442384 -2.1541875 -2.1600217 -2.1600217 -2.1600435 -2.1600435 -2.1571638 -2.1521892 -2.1501304 -2.1501304 -2.1289936 -2.0975752 -2.0821465 -2.0716737 -2.0522496 -2.0313041 -2.0350463 -2.0396883 -2.0231064 -2.0090226 -2.0037862 -2.0067791 -2.0277246
-2.0085214 -2.0191507 -2.0258729 -2.0494068 -2.0862696 -2.0967482 -2.0779958 -2.0568039 -2.0298741 -2.0176223 -2.0176223 -2.0090841 -1.9784691 -1.9486174 -1.9287191 -1.904003 -1.869181 -1.8452446 -1.8452446 -1.8497573 -1.8643911 -1.8816072 -1.919046 -1.9574401 -1.9920739 -2.0219213 -2.0516314 -2.0634958 -2.0387094 -2.0290743 -2.0496566 -2.0633983 -2.0733475 -2.0904103 -2.1218287 -2.1420975 -2.1479552 -2.1559655 -2.16 -2.1573729 -2.1538111 -2.1538111 -2.1520805 -2.1469536 -2.1438111 -2.1262152 -2.0974665 -2.0780241 -2.0653544 -2.0504169 -2.0311954 -2.0349376 -2.0392655 -2.0171563 -2.0026381 -1.9974017 -2.0003945 -2.0213401
-2.0155316 -2.0280778 -2.0330524 -2.0572951 -2.0951286 -2.1031173 -2.083219 -2.0593618 -2.0309357 -2.009041 -2.007442 -1.9954886 -1.9606666 -1.9291581 -1.9083586 -1.8836425 -1.8488205 -1.8264391 -1.827442 -1.8319547 -1.8468785 -1.8690691 -1.9088658 -1.9484153 -1.9820819 -2.0169039 -2.0479576 -2.0634958 -2.0386229 -2.0239474 -2.0436508 -2.0608403 -2.0707895 -2.0878524 -2.1192708 -2.1416369 -2.147072 -2.15 -2.1548328 -2.1573729 -2.1521365 -2.147442 -2.147442 -2.1443956 -2.1391592 -2.1198461 -2.0936642 -2.0754661 -2.0597569 -2.0440477 -2.0283385 -2.0298216 -2.0341496 -2.0120404 -1.9948841 -1.9910326 -1.9940254 -2.014971
-2.0276799 -2.0413242 -2.0462988 -2.0685879 -2.1017518 -2.1097405 -2.0898422 -2.065985 -2.0375589 -2.0156642 -2.0057151 -1.9888655 -1.9540434 -1.9225349 -1.8976621 -1.8703962 -1.8355741 -1.8131928 -1.8181673 -1.8253316 -1.8402553 -1.8630805 -1.9078517 -1.9484153 -1.9782627 -2.0102807 -2.0451027 -2.0634958 -2.0386229 -2.0239474 -2.0396566 -2.0542171 -2.0641663 -2.0812292 -2.1126476 -2.1350138 -2.1449629 -2.15 -2.15 -2.1508188 -2.1508188 -2.1470551 -2.1420805 -2.1377725 -2.1325361 -2.1132229 -2.087041 -2.0688429 -2.0531337 -2.0374245 -2.0217154 -2.0208188 -2.0209032 -1.998794 -1.9816377 -1.9816377 -1.9874022 -2.0083478
-2.098151 -2.112614 -2.1175886 -2.139059 -2.1158774 -2.0815376 -2.0647784 -2.0457858 -2.0209647 -1.99907 -1.9967331 -1.9880466 -1.9532246 -1.9217161 -1.8968432 -1.8751822 -1.8571538 -1.8347725 -1.8397471 -1.8477301 -1.864937 -1.8921022 -1.9324088 -1.9658283 -1.9978572 -2.0313276 -2.0616969 -2.0809088 -2.0601955 -2.0529691 -2.0686783 -2.08242 -2.0923692 -2.1094321 -2.1630569 -2.2096514 -2.2167242 -2.2196522 -2.2228472 -2.2254565 -2.1374278 -2.0832073 -2.0819565 -2.0789101 -2.0736737 -2.0543606 -2.123937 -2.1318719 -2.11113 -2.094111 -2.067929 -2.05679 -1.9902438 -1.9696498 -1.9567826 -1.9545688 -1.9575617 -1.9650743
-2.151437 -2.1702445 -2.175219 -2.1495586 -2.1021817 -2.0678419 -2.0528508 -2.0360577 -2.0125974 -2.0007996 -2.0064432 -1.9977568 -1.9629347 -1.9314262 -1.9065534 -1.8848923 -1.8699686 -1.8612652 -1.8662398 -1.8742229 -1.8931979 -1.9174563 -1.9522784 -1.9842953 -2.0170674 -2.049186 -2.0779576 -2.0947966 -2.0787462 -2.070204 -2.0848015 -2.0985432 -2.1084924 -2.1394357 -2.2127453 -2.2572424 -2.262217 -2.2651449 -2.2701081 -2.2120941 -2.0864206 -2.0351449 -2.0351449 -2.0320985 -2.0268621 -2.0765967 -2.1603791 -2.1667495 -2.1458039 -2.1203936 -2.0942116 -2.0309567 -1.9644105 -1.9455846 -1.9327174 -1.9287355 -1.9234991 -1.9182627
