mean_models/J1_mean_tot_conduct_slide_29.94.dat.tif
NCOLS 118
NROWS 92
XLLCORNER 139.62
YLLCORNER -39.07
DX 0.099491525
DY 0.099347826
NODATA_VALUE -9999
[rows 26 to 51 of 92, columns 57 to 113 of 118]
-3.2285326 -3.3085418 -3.3693422 -3.4351884 -3.456134 -3.4346056 -3.3560597 -3.2060112 -3.02361 -2.7970308 -2.5816034 -2.4533053 -2.3461086 -2.387005 -2.4760984 -2.6916634 -2.9218825 -3.1871932 -3.3844955 -3.5624599 -3.5973629 -3.6082621 -3.5222172 -3.4316848 -3.3263409 -3.2718703 -3.2497611 -3.2738503 -3.3226364 -3.3577511 -3.3089352 -3.214971 -3.0506664 -2.8282736 -2.6173854 -2.3928573 -2.3079689 -2.252939 -2.3290207 -2.5576108 -2.7565938 -2.9428754 -3.0918607 -3.1170217 -3.0790456 -2.9619968 -2.846689 -2.7120829 -2.6565622 -2.6664344 -2.7600735 -2.8076572 -2.9305585 -2.933765 -2.8876197 -2.7003415 -2.3609339
-3.08477 -3.1876277 -3.336865 -3.4391576 -3.5554818 -3.5692463 -3.5680017 -3.4346007 -3.2752912 -3.0180784 -2.780299 -2.5656068 -2.4189636 -2.336054 -2.3784166 -2.4834354 -2.6883277 -2.9023961 -3.0943552 -3.2644164 -3.3196895 -3.3433346 -3.2880615 -3.2088473 -3.121022 -3.0574871 -3.0179495 -3.0055107 -3.0179698 -2.9874748 -2.9003387 -2.7511014 -2.5804201 -2.3580272 -2.1877378 -2.0087124 -2.0321222 -2.0282278 -2.2681779 -2.565476 -2.869188 -3.118124 -3.3236723 -3.4173114 -3.4067491 -3.3365198 -3.2266594 -3.0962278 -2.9956296 -2.9794204 -2.9560106 -2.940228 -2.9636744 -2.8886015 -2.8010342 -2.5844938 -2.2653612
-3.0218361 -3.1571092 -3.3219352 -3.4852024 -3.6190951 -3.6928552 -3.7103101 -3.6097184 -3.4610038 -3.1870395 -2.92611 -2.6750361 -2.4793084 -2.3654662 -2.3431733 -2.4298444 -2.5835732 -2.7841474 -2.9614544 -3.1269299 -3.1733987 -3.2018921 -3.1332291 -3.0445058 -2.9372323 -2.8263172 -2.7725408 -2.6680673 -2.6542831 -2.5890182 -2.4183538 -2.2491916 -2.0823247 -1.8687374 -1.8011042 -1.6513488 -1.7991349 -1.892081 -2.1934945 -2.625987 -2.9771576 -3.2836829 -3.5249663 -3.6342452 -3.664654 -3.5944247 -3.4687118 -3.3379573 -3.1973737 -3.1252949 -3.0630942 -2.9536725 -2.9315715 -2.8041835 -2.6737828 -2.4595173 -2.1718852
-3.0166332 -3.1588143 -3.3467428 -3.5249918 -3.6977929 -3.7866663 -3.8390303 -3.7437877 -3.6111323 -3.330162 -3.0485896 -2.7815334 -2.5464211 -2.4082385 -2.3589546 -2.4142277 -2.5535596 -2.7359607 -2.9047602 -3.0719231 -3.1161415 -3.1317766 -3.0543943 -2.9428278 -2.8023692 -2.661358 -2.5397572 -2.405378 -2.2813888 -2.1233729 -1.9419476 -1.7484918 -1.5703682 -1.3889424 -1.3473789 -1.3254979 -1.5315786 -1.7923662 -2.1961847 -2.6428009 -3.093439 -3.41386 -3.7013171 -3.8175314 -3.8623171 -3.7920877 -3.6596493 -3.5074858 -3.3480987 -3.2064814 -3.0894326 -2.9726127 -2.8672688 -2.721209 -2.5514009 -2.340713 -2.0591339
-3.1283995 -3.2721444 -3.4647183 -3.6405221 -3.8095592 -3.8925966 -3.9383781 -3.8214364 -3.6732247 -3.3642275 -3.0729687 -2.7902034 -2.5526304 -2.4144477 -2.3756765 -2.4576923 -2.6138646 -2.8166808 -2.991143 -3.1774801 -3.2216986 -3.2346741 -3.124128 -2.9883717 -2.7837415 -2.5805693 -2.3969447 -2.1834749 -2.0206008 -1.8189316 -1.5916299 -1.388356 -1.2431591 -1.1095267 -1.1591564 -1.1888947 -1.5341888 -1.8172031 -2.2948393 -2.7815441 -3.24867 -3.5518 -3.8317111 -3.9077928 -3.9492464 -3.8540548 -3.6990797 -3.5323228 -3.3408376 -3.1940629 -3.0479566 -2.9072338 -2.7865486 -2.6456797 -2.4768901 -2.2896689 -2.027635
-3.2898551 -3.4237732 -3.6140467 -3.7733804 -3.939869 -3.9849925 -4.0268836 -3.8614364 -3.6956172 -3.3492502 -3.0343312 -2.7367342 -2.4966568 -2.3681094 -2.3584343 -2.4573403 -2.6785544 -2.8941194 -3.0870149 -3.3165815 -3.3802153 -3.3898434 -3.2727534 -3.0953069 -2.8629241 -2.5877002 -2.3555533 -2.0886764 -1.8611825 -1.6212324 -1.391254 -1.1960145 -1.1003091 -0.99652434 -1.1243443 -1.2278951 -1.6106607 -2.0048182 -2.4991891 -2.93293 -3.4128303 -3.6594291 -3.9202273 -3.9633839 -3.9717189 -3.8651885 -3.7007668 -3.519341 -3.3302307 -3.1520948 -2.9999313 -2.8690997 -2.7344935 -2.6216285 -2.4657527 -2.2954137 -2.0651554
-3.498212 -3.6290921 -3.8059659 -3.9588297 -4.094976 -4.1274747 -4.1117656 -3.9204038 -3.6772023 -3.3068681 -2.9416066 -2.6274228 -2.3641931 -2.2536469 -2.2590864 -2.413851 -2.6615998 -2.9656017 -3.2310208 -3.4887844 -3.5661667 -3.6017854 -3.4746574 -3.2873793 -3.0064621 -2.7067718 -2.3972426 -2.103335 -1.8132995 -1.5440871 -1.3117757 -1.1459565 -1.0671932 -1.0613407 -1.2306301 -1.4398371 -1.8553605 -2.2908396 -2.7707399 -3.2004607 -3.5984268 -3.8076878 -3.9798359 -3.9856884 -3.9409567 -3.812203 -3.6477813 -3.4663555 -3.2799703 -3.1057324 -2.9535689 -2.8242868 -2.7072379 -2.618232 -2.5176628 -2.3947615 -2.1656039
-3.6663945 -3.7949585 -3.9679342 -4.1018523 -4.2198981 -4.201651 -4.1503262 -3.8851734 -3.6105995 -3.1429629 -2.7535131 -2.381729 -2.1185885 -2.0128068 -2.0477409 -2.2470236 -2.5548767 -2.9040174 -3.1837795 -3.5406674 -3.6843774 -3.7326055 -3.6305709 -3.4430537 -3.1621365 -2.8503072 -2.5337163 -2.2338575 -1.9411677 -1.688551 -1.5121759 -1.408784 -1.3882755 -1.4351473 -1.6521666 -1.8770657 -2.2633269 -2.6989854 -3.1015594 -3.3855574 -3.7121161 -3.8053694 -3.9432407 -3.8821191 -3.8360324 -3.715769 -3.5868308 -3.4227763 -3.2725245 -3.09904 -2.963259 -2.8650137 -2.7618906 -2.7317572 -2.6354141 -2.5598657 -2.3789535
-3.7820272 -3.9212994 -4.0931733 -4.219855 -4.324583 -4.2814607 -4.192442 -3.8758663 -3.5387006 -3.0254426 -2.5540366 -2.1571298 -1.8391384 -1.7239501 -1.7644115 -1.9855791 -2.3430085 -2.7409746 -3.1072034 -3.5025706 -3.6853013 -3.7944209 -3.7129237 -3.5628739 -3.2837737 -2.9919444 -2.6658333 -2.3888983 -2.0950299 -1.8667846 -1.7659181 -1.6925 -1.7419915 -1.8414831 -2.0804614 -2.3408749 -2.6852767 -3.0640204 -3.4196859 -3.5483699 -3.7824676 -3.8074482 -3.8564133 -3.7920364 -3.7073355 -3.5982253 -3.5363485 -3.4017423 -3.2779661 -3.1361092 -3.0082777 -2.9141102 -2.832176 -2.8140466 -2.7798679 -2.7306231 -2.5987836
-3.8216667 -3.9676618 -4.1500629 -4.2782282 -4.3724834 -4.3212798 -4.2008427 -3.8574424 -3.4525991 -2.8909984 -2.3553409 -1.9050109 -1.5410949 -1.3863303 -1.4067593 -1.6333789 -2.0017723 -2.4550115 -2.8772626 -3.3171213 -3.5492682 -3.7149426 -3.6873061 -3.5694971 -3.3412518 -3.0684211 -2.7850507 -2.5314679 -2.2804792 -2.1379856 -2.0573384 -2.0739203 -2.1617992 -2.3373725 -2.5814755 -2.8508604 -3.1317776 -3.4237095 -3.6051352 -3.6969548 -3.7427285 -3.715308 -3.6775872 -3.6132103 -3.5464678 -3.5055007 -3.4684967 -3.4216118 -3.3330581 -3.2246743 -3.1076255 -3.013458 -2.9315238 -2.9268478 -2.9176139 -2.9293188 -2.8091194
-3.7066549 -3.8619895 -4.0538432 -4.2055865 -4.3157279 -4.2807235 -4.1692698 -3.8248977 -3.4114478 -2.8045269 -2.241238 -1.7224769 -1.3234879 -1.1044486 -1.0854655 -1.2735718 -1.6289249 -2.0745323 -2.5187037 -2.9916203 -3.2876795 -3.4841201 -3.5205547 -3.4509139 -3.2720946 -3.0638643 -2.8060711 -2.6402236 -2.4135288 -2.304899 -2.3140615 -2.3818614 -2.5079606 -2.6988068 -2.9172085 -3.1779871 -3.3285856 -3.5775537 -3.6529323 -3.5672743 -3.5519055 -3.4503842 -3.3954725 -3.3794345 -3.3240905 -3.3740687 -3.4852651 -3.4857534 -3.4757565 -3.3778945 -3.2541489 -3.1177681 -3.0200972 -2.9830978 -2.9870161 -3.0083173 -2.9349873
-3.5364819 -3.6855809 -3.884564 -4.063451 -4.1943609 -4.2049354 -4.1106803 -3.8028257 -3.393805 -2.8006909 -2.1955489 -1.6614064 -1.1773096 -0.92778412 -0.82169512 -0.97645972 -1.2745364 -1.7056663 -2.1730674 -2.6330789 -2.9381202 -3.2008886 -3.2632066 -3.2728682 -3.138262 -2.9885722 -2.7895892 -2.6596665 -2.5175305 -2.4765634 -2.5180809 -2.6175725 -2.7777659 -2.9943062 -3.1954626 -3.4151516 -3.5130757 -3.5988184 -3.5812611 -3.4104582 -3.2817044 -3.1627076 -3.0686755 -3.0869638 -3.1262758 -3.2374723 -3.4559513 -3.5671477 -3.5961957 -3.5498048 -3.4210511 -3.2506123 -3.1101536 -3.0363054 -3.0212811 -3.0505433 -2.9738075
-3.2566123 -3.3941606 -3.5931437 -3.789009 -3.9824189 -4.0307463 -4.031202 -3.7698986 -3.4335441 -2.8695563 -2.2882735 -1.7279791 -1.2302951 -0.8820748 -0.73296107 -0.76612491 -1.0239962 -1.3678837 -1.8124049 -2.2423108 -2.5628946 -2.8366132 -2.958214 -2.9981896 -2.963075 -2.8516903 -2.7299805 -2.6470426 -2.5572696 -2.571051 -2.6391869 -2.7773696 -2.9403406 -3.1466396 -3.3067119 -3.4747603 -3.4689079 -3.4935126 -3.3062344 -3.0795295 -2.8511972 -2.7289079 -2.6315451 -2.7485939 -2.8469304 -3.1454049 -3.4399164 -3.6863651 -3.7802033 -3.7670658 -3.6207547 -3.4134267 -3.1962551 -3.0475188 -2.9855983 -2.9621885 -2.8948107
-2.9550743 -3.0680496 -3.2550146 -3.4914107 -3.7049459 -3.8735587 -3.9134148 -3.8214012 -3.5238015 -3.0791175 -2.5178272 -1.9880511 -1.4666231 -1.0857039 -0.84416903 -0.82195099 -0.95601408 -1.258636 -1.6718846 -2.0179041 -2.3110155 -2.5992406 -2.7455102 -2.8285538 -2.8168576 -2.7717354 -2.67531 -2.6366173 -2.5765592 -2.6084501 -2.681959 -2.8121399 -2.9643907 -3.1591843 -3.24781 -3.3890716 -3.2983753 -3.2342626 -3.0019212 -2.6962781 -2.4340661 -2.3185071 -2.2310905 -2.433958 -2.6210119 -3.0075061 -3.4813695 -3.7942967 -3.9773717 -3.9843212 -3.8354091 -3.5612117 -3.3072129 -3.0368 -2.9296839 -2.8621469 -2.7517132
-2.6894982 -2.7386021 -2.9099486 -3.1424093 -3.4042291 -3.6205062 -3.7775981 -3.7537562 -3.6321555 -3.2466341 -2.8207302 -2.3041817 -1.815167 -1.4116736 -1.1255255 -1.0205066 -1.0825358 -1.2759916 -1.5827948 -1.8952155 -2.1741896 -2.4323225 -2.5926144 -2.700062 -2.7234718 -2.6977499 -2.6480042 -2.6139761 -2.591223 -2.6380425 -2.6961529 -2.8177536 -2.9525406 -3.116409 -3.1893816 -3.2486721 -3.1250413 -2.9497323 -2.6512577 -2.3383682 -2.0281888 -1.9129471 -1.8521893 -2.096369 -2.4311646 -2.9169173 -3.42973 -3.8979254 -4.1277196 -4.20416 -4.0519965 -3.7741759 -3.4347342 -3.1063192 -2.8605225 -2.7317688 -2.5923495
-2.4142463 -2.4312152 -2.5390501 -2.7892064 -3.0863161 -3.3804508 -3.6517575 -3.7598636 -3.7646193 -3.5521758 -3.2114983 -2.8135322 -2.3587327 -1.9607666 -1.652467 -1.4708834 -1.4737224 -1.574035 -1.8395806 -2.0607953 -2.2929422 -2.5308303 -2.6690129 -2.7743094 -2.80295 -2.780103 -2.7341056 -2.6843599 -2.6508317 -2.667529 -2.693174 -2.765029 -2.8742596 -2.9905684 -3.0262242 -3.0565996 -2.8868788 -2.6980511 -2.3680118 -2.041591 -1.7235221 -1.6287279 -1.5806386 -1.8908181 -2.2390921 -2.8376379 -3.4404395 -3.9906501 -4.3125403 -4.416102 -4.2968791 -3.9967794 -3.6201835 -3.1727872 -2.8870152 -2.6300883 -2.4378201
-2.347672 -2.2186862 -2.2873043 -2.468134 -2.7668323 -3.0708421 -3.4363926 -3.7502839 -3.8442481 -3.6389656 -3.5607447 -3.1694041 -2.8935298 -2.5123563 -2.2561699 -2.0661373 -2.0362079 -2.0677892 -2.2501385 -2.417375 -2.6495219 -2.8170259 -2.9496415 -3.0031709 -3.0176006 -2.996603 -2.9177837 -2.8618091 -2.7571957 -2.7517571 -2.7247102 -2.7734348 -2.7965779 -2.8875483 -2.9128402 -2.910201 -2.7410175 -2.5305938 -2.2083084 -1.8954968 -1.5879679 -1.4984525 -1.4627183 -1.7728978 -2.1959885 -2.8055786 -3.4140482 -4.0525594 -4.4343302 -4.5950222 -4.5012195 -4.2235475 -3.8293996 -3.3208669 -2.9287717 -2.6183208 -2.3800955
-2.196388 -2.0089198 -2.0089198 -2.175518 -2.4687562 -2.8446209 -3.2530598 -3.5871445 -3.8800917 -3.9162472 -3.9063055 -3.6706677 -3.43416 -3.1246308 -2.8761963 -2.6827406 -2.6174467 -2.622974 -2.7463826 -2.8948318 -3.0628499 -3.2131486 -3.3126401 -3.3574467 -3.3398894 -3.2546598 -3.1551682 -3.0191433 -2.8949794 -2.8130452 -2.7380273 -2.7325 -2.7527355 -2.799555 -2.8092731 -2.8068304 -2.661296 -2.4621485 -2.1636739 -1.8819181 -1.5834435 -1.4940443 -1.4572281 -1.7654983 -2.1953637 -2.8157227 -3.4453222 -4.1007958 -4.510512 -4.7461102 -4.6934383 -4.4341179 -4.0420042 -3.5080613 -3.0169113 -2.6247977 -2.3375749
-2.1542168 -1.9322474 -1.8288519 -1.9691507 -2.2203866 -2.6105695 -3.0357364 -3.4446268 -3.7931624 -3.9632048 -4.0024899 -3.9291804 -3.7352207 -3.5583469 -3.3346118 -3.2043167 -3.1500323 -3.169387 -3.2913256 -3.4350356 -3.5787456 -3.718806 -3.7685517 -3.7918667 -3.718653 -3.5845641 -3.434584 -3.2287177 -3.0688381 -2.9329725 -2.7926252 -2.7325 -2.7428215 -2.774718 -2.7961679 -2.8006212 -2.718687 -2.5304501 -2.2973268 -2.0628651 -1.7945576 -1.70089 -1.6621329 -1.9079355 -2.331967 -2.8816706 -3.4755789 -4.1132143 -4.5494072 -4.7895749 -4.79567 -4.5767867 -4.2096537 -3.6654379 -3.1721423 -2.7325516 -2.4101538
-2.2130126 -1.8750199 -1.7321634 -1.7733786 -2.0052193 -2.3471021 -2.781723 -3.2031888 -3.6122095 -3.8364339 -3.9810741 -3.9583629 -3.8895241 -3.7563206 -3.6546116 -3.5571462 -3.5852153 -3.6128518 -3.7357002 -3.909667 -4.0566709 -4.1758328 -4.2143823 -4.1848435 -4.0854302 -3.885532 -3.6976035 -3.4370479 -3.2185572 -3.0371315 -2.8494246 -2.7734203 -2.7530364 -2.7762965 -2.8174632 -2.8333762 -2.7927898 -2.6676303 -2.4695668 -2.3172805 -2.0714779 -1.98288 -1.932759 -2.1365356 -2.4952495 -2.9984964 -3.4799593 -4.1003182 -4.5186292 -4.7994202 -4.8275071 -4.6752609 -4.3299668 -3.8152635 -3.296249 -2.8456109 -2.5265682
-2.2788911 -1.8882663 -1.6616467 -1.6607844 -1.8126399 -2.1264177 -2.513911 -2.9268829 -3.3469582 -3.6013357 -3.8154944 -3.8469128 -3.8564081 -3.8011351 -3.7672058 -3.7616785 -3.8322606 -3.9483341 -4.1273386 -4.3203047 -4.469542 -4.5930937 -4.6152029 -4.5689884 -4.4168249 -4.1912899 -3.9315065 -3.6429944 -3.3540231 -3.1140729 -2.9222797 -2.8172609 -2.7795292 -2.7970865 -2.8463095 -2.8996081 -2.8937557 -2.8515432 -2.7344943 -2.5851873 -2.4154664 -2.333909 -2.283788 -2.441804 -2.693255 -3.0912211 -3.5605232 -4.0638332 -4.4655542 -4.7432606 -4.8076375 -4.6622686 -4.4047611 -3.914808 -3.4287128 -2.9780747 -2.6593409
-2.2793042 -1.8726554 -1.6183682 -1.5734443 -1.6823043 -1.9382855 -2.2842058 -2.6455132 -3.0427911 -3.2651499 -3.4795146 -3.5423514 -3.5708561 -3.5782275 -3.5859958 -3.6444597 -3.7815831 -3.9491384 -4.1380823 -4.4025361 -4.5904646 -4.7171246 -4.7341608 -4.6740489 -4.4985409 -4.242522 -3.9634725 -3.6505017 -3.3542622 -3.1118869 -2.9202754 -2.8236889 -2.785805 -2.8033623 -2.8711135 -2.9323401 -2.9791596 -2.9390568 -2.8808179 -2.8157132 -2.6824569 -2.6211633 -2.5686231 -2.6533773 -2.9039805 -3.1944585 -3.5174495 -3.9651158 -4.2881128 -4.5637185 -4.6446953 -4.5608718 -4.3366185 -3.9525317 -3.4724696 -3.0618357 -2.7833063
-2.2789853 -1.8755199 -1.6124606 -1.5416503 -1.6201963 -1.8122081 -2.1159191 -2.4021821 -2.7559297 -2.9325996 -3.115846 -3.1613546 -3.2140962 -3.231866 -3.3017907 -3.3914273 -3.5966207 -3.8177129 -4.0750764 -4.3706543 -4.5760601 -4.7282824 -4.7434221 -4.6707609 -4.4824433 -4.2102118 -3.9062099 -3.6004922 -3.2848131 -3.0390106 -2.8862023 -2.7969203 -2.7742683 -2.7918257 -2.8544609 -2.9311065 -2.9803096 -3.0026974 -2.9754636 -2.9569319 -2.8691453 -2.8362018 -2.7961395 -2.8680505 -3.0154733 -3.2544241 -3.4750106 -3.8320096 -4.1069099 -4.3414055 -4.4302303 -4.3914121 -4.2158388 -3.8927033 -3.500833 -3.1146319 -2.8839073
-2.2113857 -1.842404 -1.6157844 -1.5526576 -1.6102579 -1.7824405 -2.0023692 -2.2448804 -2.4910022 -2.6203148 -2.7383242 -2.748797 -2.7703425 -2.7924518 -2.8646602 -3.0028429 -3.231076 -3.5240233 -3.8282368 -4.1587123 -4.3853319 -4.5627027 -4.5737573 -4.4985581 -4.2878701 -4.0090709 -3.6942679 -3.3999364 -3.1059871 -2.9089415 -2.7669849 -2.7172391 -2.7106261 -2.7515932 -2.8105628 -2.878121 -2.930793 -2.9637587 -2.9754636 -2.9692473 -2.9486236 -2.9351786 -2.9286032 -2.9812752 -3.0874728 -3.2279314 -3.4119842 -3.633314 -3.8493216 -4.0326953 -4.1321868 -4.113458 -4.0237663 -3.7733491 -3.4727152 -3.1742406 -2.9490462
-2.0666503 -1.8034837 -1.6624962 -1.6587735 -1.7413249 -1.9201072 -2.0798291 -2.1953403 -2.392636 -2.4903561 -2.4826938 -2.4614463 -2.4078498 -2.411047 -2.4623559 -2.6080512 -2.8477499 -3.1599409 -3.4899521 -3.842292 -4.0689116 -4.2520142 -4.248384 -4.1384361 -3.9067107 -3.6246361 -3.3095796 -3.01962 -2.7797026 -2.6212628 -2.5432892 -2.5431087 -2.5997787 -2.6563396 -2.7168172 -2.7612877 -2.8011408 -2.8128457 -2.8174783 -2.8067255 -2.8258555 -2.8730663 -2.8811322 -2.9360143 -3.0261539 -3.1196324 -3.2810132 -3.3734507 -3.4939085 -3.6649996 -3.7607257 -3.739958 -3.7564901 -3.6683419 -3.3988239 -3.1726676 -2.9912418
-2.0608967 -1.9207291 -1.8326918 -1.8743786 -1.9633973 -2.0712272 -2.2230827 -2.2876157 -2.3926345 -2.33203 -2.2979627 -2.1953811 -2.1226038 -2.0986195 -2.152353 -2.3015874 -2.5527757 -2.8678322 -3.214626 -3.5565825 -3.7571725 -3.9179587 -3.8774855 -3.7353641 -3.4877494 -3.1872955 -2.872239 -2.6443157 -2.4109236 -2.3172846 -2.356906 -2.3991667 -2.480112 -2.5561938 -2.5982592 -2.6394147 -2.6240828 -2.632029 -2.6305949 -2.6269457 -2.6503555 -2.7121315 -2.765474 -2.8333694 -2.8964103 -2.9628722 -2.9953525 -3.0831391 -3.166343 -3.2756591 -3.3696868 -3.4632977 -3.4867075 -3.4656367 -3.3428542 -3.1662105 -3.0261713
