mean_models/J1_mean_vp_slide_diff2_80.dat.tif
NCOLS 118
NROWS 92
XLLCORNER 139.62
YLLCORNER -39.07
DX 0.099491525
DY 0.099347826
NODATA_VALUE -9999
[rows 24 to 47 of 92, columns 0 to 53 of 118]
-9999 0.05037367 0.055283985 0.060194299 0.065104614 0.070014928 0.074925243 0.078006954 0.078492179 0.078977404 0.079462629 0.079947854 0.080433079 0.080424571 0.079427335 0.078430098 0.077432861 0.076435625 0.075438388 0.073510638 0.066775227 0.060039817 0.053304406 0.046568996 0.039833586 0.034582703 0.03331073 0.032038756 0.030766782 0.029494808 0.028222834 0.0283864 0.031495088 0.034603777 0.037712466 0.040821154 0.043929843 0.044887806 0.04384812 0.042808433 0.041768747 0.040729061 0.039689374 0.040027112 0.041355062 0.042683012 0.044010962 0.045338912 0.046909582 0.039749238 0.030503099 0.021256961 0.012010823 0.0027646843
-9999 0.05072389 0.055634204 0.060544519 0.065454833 0.070365148 0.076918712 0.082885199 0.085404467 0.085889692 0.086374917 0.086860142 0.087345367 0.086972644 0.085169788 0.084172551 0.083175315 0.082178078 0.081180841 0.078448467 0.071713056 0.064977646 0.058242235 0.051506825 0.045820684 0.039038106 0.026942404 0.02567043 0.024398456 0.023126482 0.021854508 0.022078825 0.025187514 0.028296203 0.031404891 0.03451358 0.036766131 0.038370716 0.039283717 0.038244031 0.037204344 0.036164658 0.035124972 0.032427289 0.031488355 0.032816305 0.034144255 0.035472205 0.036800155 0.039372307 0.031880334 0.022634196 0.013388057 0.0041419191
-9999 0.050012813 0.054923127 0.059833442 0.064743757 0.072178819 0.080067192 0.086033679 0.089782063 0.093267219 0.093752444 0.09423767 0.094722895 0.094350171 0.092259357 0.090168542 0.089158802 0.088161565 0.087164328 0.084431954 0.077696543 0.070961133 0.064225722 0.059383884 0.055721435 0.048938856 0.033793548 0.01864824 0.016908898 0.015636924 0.01436495 0.014589268 0.017697956 0.020806645 0.023915333 0.025699445 0.026960289 0.028564874 0.03066123 0.032302608 0.031262922 0.030223235 0.029183549 0.026485866 0.022596271 0.02055636 0.02188431 0.02321226 0.02454021 0.027112362 0.029899547 0.024691118 0.01544498 0.0061988418
-9999 0.049301736 0.054212051 0.059550553 0.067438926 0.0753273 0.083215673 0.08918216 0.092930544 0.096678928 0.10042731 0.1016152 0.10210042 0.1017277 0.099636884 0.09754607 0.095455255 0.094145052 0.093147815 0.090415441 0.08368003 0.07694462 0.072947083 0.069284634 0.065622185 0.058839607 0.043694299 0.02854899 0.013403682 0.0081473665 0.0068753926 0.0070997098 0.010208398 0.013317087 0.014632759 0.015893603 0.017154448 0.018759033 0.020855388 0.022951743 0.025048098 0.024281812 0.023242126 0.020544443 0.016654848 0.012765253 0.0096243658 0.010952316 0.012280266 0.014852418 0.017639602 0.020426786 0.017501903 0.0082557646
-9999 0.048590659 0.054810661 0.062699034 0.070587407 0.07847578 0.086364153 0.09233064 0.096079024 0.099827408 0.10357579 0.10732418 0.10947795 0.10910523 0.10701441 0.1049236 0.10283278 0.10074197 0.099131302 0.096398928 0.090172732 0.086510283 0.082847834 0.079185385 0.075522936 0.068740358 0.053595049 0.038449741 0.023304433 0.0081591247 -0.00061416518 -0.00038984803 0.0023052286 0.0035660729 0.0048269172 0.0060877615 0.0073486058 0.0089531908 0.011049546 0.013145901 0.015242256 0.017338611 0.017300703 0.014603021 0.010713426 0.0068238306 0.0029342356 -0.00095535943 2.0321406e-05 0.0025924735 0.0053796575 0.0081668415 0.010954026 0.010312687
-9999 0.049327993 0.057216366 0.06510474 0.072993113 0.080881486 0.088769859 0.094983961 0.098732345 0.10248073 0.10622911 0.1099775 0.11372588 0.11524759 0.11315677 0.11106596 0.10897515 0.10688433 0.10479352 0.10222746 0.098565014 0.094902566 0.091240117 0.087577668 0.083915219 0.077363129 0.062217821 0.047072513 0.031927204 0.016781896 0.0016365879 -0.0079049152 -0.0066440709 -0.0053832266 -0.0041223823 -0.002861538 -0.0016006937 0.00065682429 0.0027531793 0.0048495344 0.0069458895 0.0090422445 0.0111386 0.0096273744 0.0057377794 0.0018481844 -0.0020414106 -0.0059310056 -0.0098206006 -0.0079804872 -0.0051933032 -0.0024061191 0.00038106488 0.0031682489
-9999 0.045618937 0.05350731 0.061395684 0.069284057 0.07717243 0.082964999 0.089583843 0.097309346 0.10105773 0.10480611 0.1085545 0.11230288 0.11342647 0.10929376 0.10704005 0.10494923 0.10285842 0.1007676 0.098201551 0.094539102 0.090876653 0.087214205 0.083551756 0.074501389 0.064622859 0.059179323 0.045174546 0.030029238 0.01488393 -0.0002613783 -0.0098028815 -0.0085420372 -0.0072811929 -0.0060203486 -0.0047595043 -0.0008299752 0.0033540706 0.006883301 0.008979656 0.011076011 0.013172366 0.015268721 0.01332767 0.0087127184 0.0048231234 0.00093352836 -0.0029560666 -0.0068456617 -0.0047987794 -0.0018784678 0.00090871619 0.0036959002 0.0064830842
-9999 0.041909881 0.049798255 0.057686628 0.065117496 0.070678747 0.076239997 0.08285884 0.090698283 0.098537726 0.10338311 0.1071315 0.11087988 0.11200347 0.10787076 0.10373805 0.10092332 0.098832507 0.096741692 0.094175639 0.09051319 0.086850741 0.083188292 0.071975415 0.060442192 0.050563662 0.045120126 0.039676591 0.028131272 0.012985964 -0.0021593445 -0.011700848 -0.010440003 -0.0091791591 -0.0077376691 -0.0031438587 0.0014499517 0.0056339975 0.0092318169 0.012829636 0.015206133 0.017302488 0.019398843 0.017457791 0.012614299 0.0077980623 0.0039084673 1.88723e-05 -0.0038707227 -0.0018238405 0.0012490264 0.0042235515 0.0070107356 0.0097979196
-9999 0.038200825 0.046089199 0.052831244 0.058392494 0.063953744 0.069514994 0.076133838 0.083973281 0.091812724 0.099652167 0.1057085 0.10945688 0.11058047 0.10644776 0.10231505 0.098182337 0.094806594 0.09271578 0.090149727 0.086487278 0.080982665 0.069449441 0.057916218 0.046382994 0.036504465 0.031060929 0.025617394 0.020173858 0.011087997 -0.0040573108 -0.013598814 -0.01233797 -0.010051553 -0.0054577422 -0.00086393176 0.0037298786 0.0079139244 0.011511744 0.015109563 0.018707383 0.021432609 0.023528965 0.021587913 0.016744421 0.011900929 0.0070574374 0.0029938112 -0.00089578376 0.0011510985 0.0042239653 0.0072968321 0.010325571 0.013112755
-9999 0.034491769 0.040544992 0.046106242 0.051667492 0.057228742 0.062789992 0.069408836 0.077248279 0.085087722 0.092927165 0.10076661 0.10803388 0.10915747 0.10502476 0.10089205 0.096759338 0.092626626 0.088689868 0.086123815 0.078456691 0.066923468 0.055390244 0.043857021 0.032323797 0.022445268 0.017001732 0.011558197 0.0061146613 0.00067112582 -0.005955277 -0.01549678 -0.012365436 -0.0077716256 -0.0031778152 0.0014159952 0.0060098056 0.010193851 0.013791671 0.01738949 0.02098731 0.024585129 0.027659086 0.025718035 0.020874543 0.016031051 0.011187559 0.0063440673 0.0020791552 0.0041260374 0.0071989043 0.010271771 0.013344638 0.016417505
-9999 0.028315078 0.033876328 0.039437578 0.044998828 0.050560078 0.056121328 0.064888389 0.072850077 0.08068952 0.088528963 0.096368406 0.10420785 0.10381707 0.097664108 0.093531396 0.089398684 0.085265971 0.081133259 0.074762744 0.06322952 0.051696297 0.040163073 0.02862985 0.017096626 0.013483868 0.0083697513 0.0029262159 -0.0025173196 -0.0079608551 -0.013404391 -0.015419497 -0.010825687 -0.0062318762 -0.0016380658 0.0029557446 0.007549555 0.010897796 0.014637263 0.018235082 0.021832901 0.025430721 0.02902854 0.031115878 0.026272386 0.021428895 0.016585403 0.011741911 0.0068984191 0.0059363117 0.0090091785 0.012082045 0.015154912 0.018227779
-9999 0.021739332 0.027300582 0.032861832 0.038423082 0.044303852 0.050973699 0.059780615 0.071053983 0.080128852 0.087968295 0.095807738 0.10364718 0.1032564 0.086384132 0.076377914 0.072245202 0.068112489 0.063979777 0.057609261 0.046076038 0.034542815 0.023009591 0.012258571 0.012610274 0.011810074 0.0079224843 0.0032452088 -0.0021983267 -0.0076418622 -0.013085398 -0.015100504 -0.010506694 -0.0059128833 -0.0013190729 0.0026394905 0.0036158565 0.0065837249 0.01240072 0.01671506 0.02031288 0.023910699 0.027508518 0.030431118 0.032868312 0.028917561 0.024074069 0.019230577 0.014387085 0.010963319 0.0088986001 0.011971467 0.015044334 0.018117201
-9999 0.015163585 0.020724835 0.026286085 0.032526231 0.039196078 0.045865925 0.054672841 0.065946209 0.077219578 0.087407628 0.095247071 0.10308651 0.10269574 0.085823465 0.068951195 0.05509172 0.050959007 0.046826295 0.040455779 0.028922556 0.017389333 0.010233074 0.010584776 0.010936479 0.010136279 0.0062486894 0.0023611002 -0.0018793338 -0.0073228693 -0.012766405 -0.014781511 -0.010187701 -0.0055938904 -0.0026509468 -0.0016745808 -0.00069821484 0.0022696536 0.0080866486 0.013903644 0.018792858 0.022390677 0.025988497 0.028911097 0.03134829 0.033785483 0.031562735 0.026719244 0.021875752 0.018451986 0.015273587 0.012095188 0.014933755 0.018006622
-9999 0.0085878391 0.014149089 0.020748611 0.027418457 0.034088304 0.040758151 0.049565067 0.060838435 0.072111803 0.083385172 0.09465854 0.10252585 0.10213507 0.085262798 0.068390527 0.051518257 0.034645987 0.029672813 0.023302297 0.011769074 0.0082075765 0.008559279 0.0089109816 0.0092626841 0.0084624837 0.0045748945 0.00068730532 -0.0032002839 -0.0070878731 -0.012447412 -0.014462518 -0.0098687079 -0.0079413842 -0.0069650182 -0.0059886522 -0.0050122862 -0.0020444178 0.0037725772 0.0095895723 0.015406567 0.020870656 0.024468475 0.027391075 0.029828268 0.032265461 0.034702655 0.03420791 0.029364418 0.025940652 0.022762253 0.019583854 0.016405455 0.017896044
-9999 0.0023011434 0.00897099 0.015640837 0.022310683 0.02898053 0.035650377 0.044457292 0.055730661 0.067004029 0.078277398 0.089550766 0.10082413 0.1015744 0.08470213 0.06782986 0.05095759 0.034085319 0.017213049 0.0061488154 0.0061820791 0.0065337816 0.0068854841 0.0072371867 0.0075888892 0.0067886888 0.0029010996 -0.00098648958 -0.0048740788 -0.008761668 -0.012649257 -0.014208187 -0.013231822 -0.012255456 -0.01127909 -0.010302724 -0.0093263576 -0.0063584892 -0.00054149414 0.0052755009 0.011092496 0.016909491 0.022726486 0.025871053 0.028308246 0.03074544 0.033182633 0.035619826 0.036853085 0.033429318 0.030250919 0.027072521 0.023894122 0.020715723
-9999 -0.00036981193 0.0063000347 0.012969881 0.019639728 0.026309575 0.029356998 0.033886487 0.045159855 0.056433224 0.067706592 0.07897996 0.088090986 0.088027138 0.075975643 0.059103373 0.042231102 0.025358832 0.0084865616 -0.0031774375 -0.002825735 -0.0024740324 -0.0021223299 -0.0017706274 0.0013591697 0.0062622784 -0.0040685275 -0.0079561167 -0.011843706 -0.015731295 -0.019618884 -0.021845106 -0.02086874 -0.019892374 -0.018916008 -0.017939642 -0.013800847 -0.0057814929 3.5502084e-05 0.0058524971 0.011669492 0.017486487 0.022912528 0.023326315 0.023922433 0.026359626 0.028796819 0.031234013 0.033671206 0.031320318 0.028141919 0.02496352 0.021785121 0.017973843
-9999 -0.0022166016 0.004453245 0.011123092 0.017792938 0.018252297 0.01693852 0.021468008 0.032741377 0.044014745 0.055288114 0.062225966 0.066795563 0.066731716 0.05738913 0.047615092 0.030742822 0.013870552 -0.0030017186 -0.014665718 -0.014314015 -0.013962313 -0.01361061 -0.0070512101 0.0046393758 0.0095424844 -0.003746548 -0.016716867 -0.020604456 -0.024492046 -0.028379635 -0.030605856 -0.02962949 -0.028653124 -0.027676758 -0.021128399 -0.011569625 -0.0035502704 0.0022667247 0.0080837197 0.013900715 0.019132969 0.02420189 0.024615677 0.021682946 0.021004562 0.023441756 0.025878949 0.028316142 0.025965254 0.022786855 0.019608456 0.014766598 0.0068088754
-9999 -0.0040633913 0.0026064553 0.0084613738 0.0071475963 0.0058338189 0.0045200414 0.0090495302 0.020322899 0.031596267 0.036360947 0.040930544 0.045500141 0.045436293 0.036093707 0.026751122 0.017408536 0.0023822715 -0.014489999 -0.026153998 -0.025802295 -0.025450593 -0.01546159 -0.0037710041 0.0079195818 0.01282269 -0.00046634199 -0.013755374 -0.027044407 -0.033252796 -0.037140385 -0.039366606 -0.03839024 -0.037413874 -0.028455952 -0.018897177 -0.0093384021 -0.0013190478 0.0044979473 0.010284487 0.015353409 0.020422331 0.025491252 0.025905039 0.022972308 0.020039577 0.018086692 0.020523885 0.022961078 0.02061019 0.017431791 0.011559354 0.0036016306 -0.0043560925
-9999 -0.005910181 -0.0026433271 -0.0039571045 -0.0052708819 -0.0065846594 -0.0078984368 -0.0033689481 0.0059263309 0.010495928 0.015065525 0.019635121 0.024204718 0.024140871 0.014798285 0.0054556991 -0.0038868868 -0.013229473 -0.025978279 -0.037642278 -0.035562556 -0.02387197 -0.012181384 -0.00049079802 0.011199788 0.016102897 0.0028138641 -0.010475168 -0.023764201 -0.037053233 -0.045901136 -0.048127357 -0.045342279 -0.035783504 -0.026224729 -0.016665954 -0.0071071795 0.00091217482 0.0065049277 0.011573849 0.016642771 0.021711693 0.026780614 0.027194401 0.02426167 0.021328939 0.018396208 0.015463477 0.017606015 0.015255126 0.0083521089 0.00039438581 -0.0075633373 -0.01552106
-9999 -0.014338285 -0.015652062 -0.01696584 -0.018279617 -0.019593395 -0.020907172 -0.017419523 -0.012849927 -0.0082803297 -0.0037107329 0.00085886394 0.0054284608 0.0063905663 -0.0029520196 -0.012294605 -0.021637191 -0.030979777 -0.040322363 -0.043304833 -0.031614247 -0.019923661 -0.0082330755 0.0034575103 0.015148096 0.020354982 0.0070659495 -0.006223083 -0.019512115 -0.032801148 -0.04609018 -0.051575149 -0.042016374 -0.0324576 -0.022898825 -0.01334005 -0.0037812753 0.0012421713 0.0063110929 0.011380015 0.016448936 0.021517858 0.02658678 0.026738189 0.023805458 0.020872727 0.017939996 0.015007265 0.012074534 0.0054437124 -0.0025140106 -0.010471734 -0.018429457 -0.02638718
-9999 -0.031798771 -0.033112548 -0.034426326 -0.035740103 -0.037053881 -0.020875853 -0.011751672 -0.0126265 -0.0080569028 -0.003487306 0.0010822909 0.0056518877 0.0078777099 0.0054099884 -0.003307432 -0.012650018 -0.021992604 -0.03133519 -0.03431766 -0.022627074 -0.010936488 0.00075409791 0.012444684 0.017895034 0.019306764 0.017209516 0.0053589711 -0.0079300613 -0.021219094 -0.034508126 -0.039993095 -0.03043432 -0.020875546 -0.011316771 -0.001757996 0.0063188779 0.0060535525 -0.0050690948 -1.7316422e-07 0.0050687485 0.01013767 0.015206592 0.014543684 0.010184025 0.0072512942 0.0043185634 0.0013858325 -0.0015468984 -0.0051742961 -0.011126199 -0.019083922 -0.027041645 -0.034999368
-9999 -0.049259257 -0.050573035 -0.051886812 -0.049212127 -0.03134508 -0.013478033 -0.0043538525 -0.005320062 -0.0062862715 -0.0032638791 0.0013057178 0.0058753146 0.0081011368 0.0056334153 0.0031656938 -0.0036628445 -0.01300543 -0.022348016 -0.025330486 -0.0136399 -0.0019493145 0.0097412714 0.01272719 0.015448118 0.016859848 0.0147626 0.012665353 0.0036519928 -0.0096370397 -0.022926072 -0.028411041 -0.018852266 -0.0092934914 0.00014629662 0.0078793176 0.015612339 0.015347013 0.0036389191 -0.008069175 -0.0063114393 -0.0012425176 0.0038264041 0.0031634958 -0.001619952 -0.0063701382 -0.0093028691 -0.0122356 -0.015168331 -0.018795729 -0.022543183 -0.02769611 -0.035653833 -0.043611556
-9999 -0.066719743 -0.068033521 -0.059681355 -0.041814308 -0.023947261 -0.0060802138 0.0030439671 0.0020777576 0.0011115481 0.00014533856 0.0015291447 0.0060987415 0.0083245637 0.0058568422 0.0033891208 0.00092139929 -0.0040182569 -0.013360843 -0.016343313 -0.0046527269 0.0048384199 0.0075593473 0.010280275 0.013001202 0.014412932 0.012315684 0.010218437 0.0081211891 0.0019450144 -0.011344018 -0.016828987 -0.0072702121 0.0017067363 0.0094397573 0.017172778 0.024905799 0.024640474 0.01293238 0.0012242857 -0.010483808 -0.012622705 -0.0075537837 -0.008216692 -0.01300014 -0.017783588 -0.022567035 -0.025857032 -0.028789763 -0.032417161 -0.036164616 -0.039912071 -0.044266021 -0.052223745
-9999 -0.084180229 -0.070150582 -0.052283535 -0.034416488 -0.016549441 0.0013176058 0.010441787 0.0094755772 0.0085093677 0.0075431582 0.0065769487 0.0063221685 0.0085479906 0.0060802692 0.0036125477 0.0011448262 -0.0013228953 -0.0043736693 -0.0073561394 -0.00032942335 0.002391504 0.0051124314 0.0078333589 0.010554286 0.011966016 0.0098687685 0.0077715209 0.0056742733 0.0035770257 0.00023803609 -0.0052469327 0.003267176 0.011000197 0.018733218 0.026466239 0.03419926 0.033933935 0.02222584 0.010517746 -0.0011903477 -0.012898442 -0.018933971 -0.01959688 -0.024380328 -0.029163775 -0.033947223 -0.038730671 -0.042411196 -0.046038593 -0.049786048 -0.053533503 -0.057280958 -0.061028413
