mean_models/J1_mean_vp_slide_diff2_100.dat.tif
NCOLS 118
NROWS 92
XLLCORNER 139.62
YLLCORNER -39.07
DX 0.099491525
DY 0.099347826
NODATA_VALUE -9999
[rows 24 to 47 of 92, columns 0 to 53 of 118]
-9999 0.13194474 0.13689306 0.14184138 0.14678969 0.15173801 0.15668633 0.15957451 0.15937585 0.1591772 0.15897854 0.15877988 0.15858123 0.1580648 0.15691203 0.15575925 0.15460648 0.1534537 0.15230093 0.15027779 0.14315901 0.13604022 0.12892144 0.12180265 0.11468387 0.10857764 0.10518532 0.10179299 0.098400671 0.095008347 0.091616023 0.089690767 0.091233729 0.092776691 0.094319653 0.095862615 0.097405576 0.096828214 0.094758447 0.092688681 0.090618914 0.088549147 0.08647938 0.086634285 0.088388478 0.09014267 0.091896863 0.093651056 0.095597151 0.08907122 0.081015249 0.072959278 0.064903307 0.056847336
-9999 0.13014991 0.13509823 0.14004654 0.14499486 0.14994318 0.15706842 0.1632516 0.16508109 0.16488243 0.16468378 0.16448512 0.16428646 0.16329421 0.16108894 0.15993616 0.15878339 0.15763061 0.15647784 0.15352103 0.14640225 0.13928346 0.13216468 0.12504589 0.11886733 0.11081775 0.096087556 0.092695233 0.089302909 0.085910585 0.082518261 0.08081167 0.082354631 0.083897593 0.085440555 0.086983517 0.087481035 0.088104937 0.088903747 0.08683398 0.084764213 0.082694447 0.08062468 0.077536807 0.076869259 0.078623451 0.080377644 0.082131837 0.083886029 0.088616306 0.082499238 0.074443267 0.066387296 0.058331325
-9999 0.12711557 0.13206389 0.13701221 0.14196053 0.15025356 0.15914712 0.1653303 0.16838534 0.17117792 0.17097926 0.1707806 0.17058195 0.16958969 0.16700822 0.16442675 0.16325764 0.16210486 0.16095208 0.15799528 0.15087649 0.14375771 0.13663892 0.13121692 0.12685173 0.11880215 0.10087748 0.08295282 0.079070928 0.075678604 0.072286281 0.070579689 0.072122651 0.073665613 0.075208574 0.075134073 0.074420601 0.075044502 0.077581708 0.079450534 0.077380768 0.075311001 0.073241234 0.070153361 0.066333585 0.064489849 0.066244042 0.067998235 0.069752427 0.074482704 0.079727329 0.076134294 0.068078323 0.060022352
-9999 0.12408124 0.12902955 0.13454512 0.14343869 0.15233225 0.16122581 0.16740899 0.17046403 0.17351908 0.17657412 0.17707608 0.17687743 0.17588517 0.1733037 0.17072223 0.16814075 0.16657911 0.16542633 0.16246952 0.15535074 0.14823195 0.1435665 0.13920131 0.13483612 0.12678654 0.10886188 0.090937215 0.073012552 0.065446624 0.0620543 0.060347708 0.06189067 0.063433632 0.062787111 0.062073639 0.061360166 0.061984068 0.064521274 0.067058479 0.069595684 0.067927555 0.065857788 0.062769915 0.058950139 0.055130362 0.05211044 0.053864632 0.055618825 0.060349102 0.065593726 0.070838351 0.06976935 0.061713379
-9999 0.1210469 0.12773025 0.13662382 0.14551738 0.15441095 0.16330451 0.16948769 0.17254273 0.17559777 0.17865281 0.18170785 0.18317291 0.18218066 0.17959918 0.17701771 0.17443624 0.17185476 0.16990058 0.16694377 0.16028128 0.15591609 0.1515509 0.14718571 0.14282051 0.13477094 0.11684627 0.098921609 0.080996946 0.063072283 0.05182232 0.050115728 0.051153621 0.050440149 0.049726676 0.049013204 0.048299732 0.048923634 0.051460839 0.053998045 0.05653525 0.059072456 0.058474342 0.055386469 0.051566693 0.047746917 0.04392714 0.040107364 0.041485223 0.046215499 0.051460124 0.056704749 0.061949373 0.063404406
-9999 0.12005383 0.12894739 0.13784096 0.14673452 0.15562808 0.16452165 0.17096892 0.17402397 0.17707901 0.18013405 0.18318909 0.18624413 0.18698999 0.18440852 0.18182705 0.17924557 0.1766641 0.17408263 0.17096178 0.16659659 0.1622314 0.15786621 0.15350102 0.14913583 0.14134083 0.12341616 0.1054915 0.087566836 0.069642173 0.05171751 0.039671627 0.038958155 0.038244682 0.03753121 0.036817738 0.036104265 0.037674391 0.040211597 0.042748802 0.045286008 0.047823213 0.050360418 0.049082133 0.045262356 0.04144258 0.037622803 0.033803027 0.029983251 0.033716061 0.038960686 0.044205311 0.049449935 0.05469456
-9999 0.11417836 0.12307192 0.13196548 0.14085905 0.14975261 0.15591816 0.16275798 0.17058674 0.17364178 0.17669683 0.17975187 0.18280691 0.18294282 0.177233 0.17440196 0.17182048 0.16923901 0.16665754 0.1635367 0.1591715 0.15480631 0.15044112 0.14607593 0.13571338 0.12421369 0.11707357 0.10041673 0.082492065 0.064567402 0.046642739 0.034596855 0.033883383 0.033169911 0.032456438 0.031742966 0.035492874 0.039981493 0.04387267 0.046409875 0.048947081 0.051484286 0.054021492 0.052340671 0.047841595 0.044021818 0.040202042 0.036382266 0.032562489 0.035306333 0.039914214 0.045158838 0.050403463 0.055648088
-9999 0.10830288 0.11719645 0.12609001 0.13438806 0.14025252 0.14611697 0.15295679 0.16092231 0.16888783 0.1732596 0.17631465 0.17936969 0.1795056 0.17379578 0.16808596 0.1643954 0.16181392 0.15923245 0.15611161 0.15174642 0.14738123 0.14301604 0.13024637 0.11712012 0.10562043 0.098480307 0.091340188 0.077417293 0.05949263 0.041567967 0.029522084 0.028808612 0.028095139 0.027683797 0.032544717 0.037405637 0.041894256 0.045850245 0.049806233 0.052608154 0.055145359 0.057682565 0.056001744 0.051288639 0.046601057 0.042781281 0.038961504 0.035141728 0.037885571 0.041763787 0.046112366 0.051356991 0.056601615
-9999 0.10242741 0.11132097 0.11872242 0.12458687 0.13045133 0.13631578 0.1431556 0.15112112 0.15908664 0.16705216 0.17287742 0.17593246 0.17606837 0.17035856 0.16464874 0.15893892 0.15438884 0.15180736 0.14868652 0.14432133 0.1379056 0.12477935 0.11165311 0.098526857 0.087027163 0.079887044 0.072746925 0.065606806 0.054417859 0.036493196 0.024447312 0.02373384 0.02473564 0.02959656 0.03445748 0.0393184 0.043807018 0.047763007 0.051718996 0.055674985 0.058806432 0.061343638 0.059662817 0.054949712 0.050236606 0.045523501 0.041540743 0.037720967 0.04046481 0.044343025 0.04822124 0.052310518 0.057555143
-9999 0.096551938 0.10305677 0.10892122 0.11478568 0.12065013 0.12651459 0.13335441 0.14131993 0.14928545 0.15725097 0.16521649 0.17249524 0.17263115 0.16692133 0.16121151 0.1555017 0.14979188 0.14438228 0.14126143 0.13243859 0.11931234 0.10618609 0.093059843 0.079933594 0.068433901 0.061293782 0.054153663 0.047013544 0.039873425 0.031418424 0.019372541 0.021787483 0.026648403 0.031509323 0.036370243 0.041231162 0.045719781 0.04967577 0.053631759 0.057587748 0.061543737 0.065004711 0.06332389 0.058610785 0.053897679 0.049184574 0.044471468 0.040300205 0.043044049 0.046922264 0.050800479 0.054678694 0.058556909
-9999 0.087817845 0.0936823 0.099546754 0.10541121 0.11127566 0.11714012 0.12630676 0.13439535 0.14236087 0.15032639 0.15829191 0.16625743 0.16500411 0.1570734 0.15136359 0.14565377 0.13994395 0.13423413 0.12628169 0.11315545 0.1000292 0.086902948 0.0737767 0.060650451 0.056144141 0.049486101 0.042345982 0.035205863 0.028065744 0.020925625 0.017884668 0.022745588 0.027606508 0.032467428 0.037328348 0.042189267 0.046090978 0.050229935 0.054185924 0.058141913 0.062097901 0.06605389 0.068539951 0.063826845 0.05911374 0.054400634 0.049687528 0.044974423 0.043492685 0.047370901 0.051249116 0.055127331 0.059005546
-9999 0.079147155 0.08501161 0.090876065 0.096740519 0.10302124 0.11032995 0.11954851 0.13097128 0.14018062 0.14814614 0.15611166 0.16407718 0.16282386 0.14310928 0.13094264 0.12523282 0.119523 0.11381318 0.10586075 0.0927345 0.079608251 0.066482003 0.054209135 0.054049285 0.052611462 0.04774835 0.041729593 0.034589474 0.027449355 0.020309236 0.01726828 0.0221292 0.026990119 0.031851039 0.036070375 0.037277764 0.040795306 0.047617852 0.052499386 0.056455375 0.060411364 0.064367353 0.067731187 0.070669329 0.066894402 0.062181297 0.057468191 0.052755085 0.047759961 0.044305588 0.048183803 0.052062019 0.055940234
-9999 0.070476466 0.076340921 0.082205375 0.088954282 0.096262995 0.10357171 0.11279027 0.12421304 0.13563581 0.14596588 0.1539314 0.16189692 0.1606436 0.14092903 0.12121445 0.10481188 0.099102057 0.093392239 0.085439803 0.072313554 0.059187306 0.050836305 0.050676456 0.050516606 0.049078783 0.044215671 0.039352559 0.033973086 0.026832967 0.019692848 0.016651891 0.021512811 0.026373731 0.029567315 0.030774704 0.031982093 0.035499635 0.042322181 0.049144727 0.054768838 0.058724827 0.062680816 0.06604465 0.068982792 0.071920934 0.069961959 0.065248854 0.060535748 0.055540624 0.050496758 0.045452893 0.048996706 0.052874921
-9999 0.061805776 0.067670231 0.074887326 0.082196038 0.089504751 0.096813464 0.10603202 0.11745479 0.12887756 0.14030033 0.1517231 0.15971667 0.15846335 0.13874877 0.1190342 0.099319619 0.079605042 0.072971293 0.065018857 0.051892609 0.047463476 0.047303626 0.047143777 0.046983927 0.045546104 0.040682992 0.03581988 0.030956768 0.026093656 0.019076459 0.016035503 0.020896423 0.023064256 0.024271644 0.025479033 0.026686422 0.030203964 0.03702651 0.043849055 0.050671601 0.057038289 0.060994278 0.064358113 0.067296254 0.070234396 0.073172538 0.073029516 0.068316411 0.063321286 0.058277421 0.053233556 0.048189691 0.049809609
-9999 0.053511656 0.060820369 0.068129082 0.075437794 0.082746507 0.09005522 0.09927378 0.11069655 0.12211932 0.13354209 0.14496486 0.15638762 0.1562831 0.13656852 0.11685394 0.097139366 0.077424789 0.057710211 0.044597912 0.044090647 0.043930797 0.043770947 0.043611097 0.043451248 0.042013425 0.037150313 0.032287201 0.027424089 0.022560977 0.017697864 0.015353807 0.016561196 0.017768584 0.018975973 0.020183362 0.021390751 0.024908293 0.031730839 0.038553384 0.04537593 0.052198476 0.059021021 0.062671575 0.065609717 0.068547859 0.071486001 0.074424143 0.076097073 0.071101949 0.066058084 0.061014219 0.055970354 0.050926489
-9999 0.049804964 0.057113676 0.064422389 0.071731102 0.079039814 0.082257436 0.086645157 0.098067926 0.10949069 0.12091346 0.13233623 0.14127769 0.14022556 0.126328 0.10661342 0.086898842 0.067184265 0.047469687 0.033668166 0.033508316 0.033348467 0.033188617 0.033028767 0.035729972 0.040134653 0.02855743 0.023694318 0.018831206 0.013968094 0.0091049817 0.0063153542 0.0075227428 0.0087301315 0.0099375202 0.011144909 0.016226249 0.025931825 0.03275437 0.039576916 0.046399461 0.053222007 0.059972117 0.061134566 0.06210303 0.065041172 0.067979314 0.070917455 0.073855597 0.069987956 0.064944091 0.059900226 0.054856361 0.048842205
-9999 0.047130347 0.05443906 0.061747773 0.069056485 0.0693512 0.067643371 0.072031092 0.083453861 0.09487663 0.1062994 0.11274711 0.11647723 0.1154251 0.10479626 0.0936468 0.073932223 0.054217645 0.034503068 0.020701547 0.020541697 0.020381848 0.020221998 0.026455221 0.037972857 0.042377538 0.027717715 0.013390004 0.0085268924 0.0036637804 -0.0011993316 -0.0039889592 -0.0027815705 -0.0015741818 -0.00036679313 0.0076662454 0.019387022 0.029092597 0.035915143 0.042737688 0.049560234 0.05627444 0.062958383 0.064120832 0.06131395 0.060918885 0.063857027 0.066795169 0.06973331 0.06586567 0.060821805 0.05577794 0.048183759 0.035812521
-9999 0.044455731 0.051764444 0.058152793 0.056444964 0.054737135 0.053029306 0.057417027 0.068839796 0.080262565 0.084216541 0.087946658 0.091676775 0.090624648 0.079995802 0.069366957 0.058738111 0.041251026 0.021536449 0.007734928 0.0075750783 0.0074152286 0.017180469 0.028698106 0.040215742 0.044620423 0.0299606 0.015300777 0.00064095322 -0.0066405329 -0.011503645 -0.014293273 -0.013085884 -0.011878495 -0.00089375813 0.010827018 0.022547794 0.03225337 0.039075916 0.045892819 0.052576762 0.059260706 0.065944649 0.067107099 0.064300216 0.061493333 0.05973474 0.062672882 0.065611024 0.061743383 0.056699518 0.047525314 0.035154076 0.022782838
-9999 0.041781115 0.045246557 0.043538728 0.041830899 0.04012307 0.038415241 0.042802962 0.051955851 0.055685968 0.059416084 0.063146201 0.066876318 0.065824191 0.055195345 0.0445665 0.033937654 0.023308809 0.0085698298 -0.0052316911 -0.0036119184 0.007905718 0.019423354 0.030940991 0.042458627 0.046863308 0.032203485 0.017543662 0.0028838384 -0.011775985 -0.021807958 -0.024597586 -0.021174538 -0.0094537617 0.0022670146 0.013987791 0.025708567 0.035414143 0.042195141 0.048879085 0.055563028 0.062246972 0.068930915 0.070093365 0.067286482 0.064479599 0.061672716 0.058865833 0.061488737 0.057621096 0.046866869 0.034495631 0.022124393 0.0097531545
-9999 0.031810542 0.030102713 0.028394884 0.026687055 0.024979226 0.023271397 0.026315399 0.030045515 0.033775632 0.037505749 0.041235866 0.044965982 0.044901477 0.034272632 0.023643786 0.013014941 0.0023860952 -0.0082427503 -0.012174832 -0.00065719524 0.010860441 0.022378078 0.033895714 0.045413351 0.050394629 0.035734806 0.021074982 0.0064151589 -0.0082446644 -0.022904488 -0.028553561 -0.016832785 -0.0051120087 0.0066087675 0.018329544 0.03005032 0.036843601 0.043527545 0.050211488 0.056895432 0.063579376 0.070263319 0.071300382 0.068493499 0.065686617 0.062879734 0.060072851 0.057265968 0.047018657 0.034647419 0.022276181 0.0099049429 -0.0024662953
-9999 0.012671078 0.010963249 0.0092554197 0.0075475906 0.0058397615 0.022476604 0.031547815 0.029932639 0.033662756 0.037392873 0.04112299 0.044853106 0.046005104 0.041994269 0.031967232 0.021338386 0.010709541 8.0695094e-05 -0.0038513863 0.0076662502 0.019183887 0.030701523 0.04221916 0.04757789 0.049049194 0.047321414 0.034323755 0.019663931 0.005004108 -0.0096557153 -0.015304789 -0.0035840125 0.0081367637 0.01985754 0.031578316 0.041969392 0.043196277 0.032386426 0.039070369 0.045754313 0.052438257 0.0591222 0.059770115 0.056281326 0.053474444 0.050667561 0.047860678 0.045053795 0.038466028 0.028538796 0.016167558 0.0037963198 -0.0085749184
-9999 -0.0064683864 -0.0081762156 -0.0098840447 -0.007408942 0.010999274 0.029407489 0.038478699 0.036773806 0.035068913 0.037279997 0.041010114 0.04474023 0.045892228 0.041881393 0.037870557 0.029661831 0.019032986 0.0084041405 0.0044720592 0.015989696 0.027507332 0.039024968 0.041951387 0.044616268 0.046087572 0.044359792 0.042632012 0.032912704 0.01825288 0.0035930571 -0.0020560163 0.00966476 0.021385536 0.032999546 0.043082085 0.053164624 0.054391509 0.042949126 0.031506743 0.034613194 0.041297138 0.047981081 0.048628996 0.044937686 0.041262271 0.038455388 0.035648505 0.032841622 0.026253855 0.019012649 0.010058935 -0.0023123032 -0.014683541
-9999 -0.025607851 -0.02731568 -0.018886273 -0.00047805715 0.017930158 0.036338374 0.045409584 0.043704691 0.041999798 0.040294904 0.040897237 0.044627354 0.045779352 0.041768516 0.037757681 0.033746846 0.027356431 0.016727586 0.012795505 0.024313141 0.033660004 0.036324884 0.038989765 0.041654645 0.04312595 0.04139817 0.03967039 0.03794261 0.031501653 0.01684183 0.011192756 0.022913532 0.034112239 0.044194778 0.054277317 0.064359855 0.06558674 0.054144357 0.042701974 0.031259591 0.030156019 0.036839963 0.037487877 0.033796567 0.030105257 0.026413946 0.023436332 0.020629449 0.014041682 0.0068004758 -0.00044073062 -0.0084209262 -0.020792164
-9999 -0.044747315 -0.030363604 -0.011955388 0.0064528277 0.024861043 0.043269259 0.052340469 0.050635576 0.048930683 0.047225789 0.045520896 0.044514478 0.045666475 0.04165564 0.037644805 0.03363397 0.029623135 0.025051031 0.02111895 0.028033501 0.030698382 0.033363262 0.036028143 0.038693023 0.040164327 0.038436548 0.036708768 0.034980988 0.033253208 0.030090602 0.024441529 0.035224932 0.045307471 0.05539001 0.065472548 0.075555087 0.076781972 0.065339589 0.053897206 0.042454823 0.03101244 0.025698844 0.026346758 0.022655448 0.018964138 0.015272828 0.011581517 0.0084172761 0.0018295092 -0.0054116972 -0.012652904 -0.01989411 -0.027135316
