mean_models/J1_mean_vp_slide_diff2_10.dat.tif
NCOLS 118
NROWS 92
XLLCORNER 139.62
YLLCORNER -39.07
DX 0.099491525
DY 0.099347826
NODATA_VALUE -9999
[rows 0 to 24 of 92, columns 57 to 113 of 118]
-9999 -9999 -9999 -9999 -9999 -9999 -9999 -9999 -9999 -9999 -9999 -9999 -9999 -9999 -9999 -9999 -9999 -9999 -9999 -9999 -9999 -9999 -9999 -9999 -9999 -9999 -9999 -9999 -9999 -9999 -9999 -9999 -9999 -9999 -9999 -9999 -9999 -9999 -9999 -9999 -9999 -9999 -9999 -9999 -9999 -9999 -9999 -9999 -9999 -9999 -9999 -9999 -9999 -9999 -9999 -9999 -9999
0.25983852 0.25042235 0.24100619 0.23317674 0.22586694 0.21840507 0.21094321 0.20348134 0.19601948 0.19636628 0.18894964 0.181533 0.17411636 0.16669972 0.1569598 0.144247 0.13153419 0.11882138 0.10610858 0.093967929 0.091391748 0.080879436 0.070367124 0.059854812 0.049342499 0.042296929 0.036853053 0.031409177 0.025965301 0.020590643 0.018925788 0.023499312 0.028380028 0.033260744 0.038141461 0.043359389 0.059551147 0.075742905 0.091934663 0.10812642 0.1108162 0.11547596 0.1208332 0.12619043 0.13154767 0.1369049 0.14671912 0.15068089 0.15426259 0.15784428 0.16142598 0.15139326 0.14609691 0.14171928 0.13734165 0.13296403 -9999
0.25031768 0.24090152 0.23148536 0.22365591 0.2169047 0.20971214 0.20225027 0.19478841 0.18732654 0.18935216 0.19143334 0.1840167 0.17660005 0.16918341 0.1594435 0.14673069 0.13401789 0.12130508 0.10909797 0.097072549 0.097072549 0.095574635 0.085062323 0.074550011 0.064037699 0.056992128 0.051548252 0.046104376 0.040787482 0.035906766 0.034241911 0.038371748 0.042868253 0.047748969 0.052629685 0.057847613 0.074039371 0.09023113 0.10642289 0.1078282 0.10295117 0.10766916 0.11338211 0.11873935 0.12409658 0.12945382 0.13926803 0.15120701 0.15550443 0.15908613 0.16266782 0.15263511 0.13532359 0.12950778 0.12513015 0.12075252 -9999
0.24079685 0.23138069 0.22196453 0.21413508 0.20738387 0.20063266 0.19355734 0.18609547 0.17863361 0.18065923 0.18301084 0.18536246 0.17908375 0.17166711 0.16192719 0.14921439 0.13652274 0.12436267 0.11220259 0.10017717 0.10017717 0.10017717 0.099757522 0.08924521 0.078732898 0.071687327 0.066243451 0.060984322 0.056103605 0.051222889 0.049558035 0.053687871 0.057817708 0.062237194 0.06711791 0.072335838 0.088527596 0.10471935 0.1048402 0.099963167 0.095086132 0.099804125 0.10554402 0.11128392 0.11664549 0.12200273 0.13181694 0.14375592 0.15569491 0.16032798 0.16390967 0.15387696 0.13656543 0.11925391 0.11291865 0.10854102 -9999
0.23549845 0.22217369 0.21244369 0.20461424 0.19786303 0.19111182 0.18436061 0.17740254 0.16994067 0.17196629 0.17431791 0.17666953 0.17902114 0.1741508 0.16441089 0.15178744 0.13962736 0.12746729 0.11530721 0.10328179 0.10328179 0.10328179 0.10328179 0.10328179 0.093428097 0.086382526 0.081181161 0.076300445 0.071419729 0.066539012 0.064874158 0.069003995 0.073133832 0.077263668 0.081606135 0.086824063 0.10301582 0.1018522 0.096975166 0.092098131 0.087221095 0.091939089 0.097678985 0.10341888 0.10915878 0.11455164 0.12436585 0.13630484 0.14824382 0.1601828 0.16515152 0.15511881 0.13780728 0.12049576 0.10318423 0.096329516 -9999
0.23053106 0.2172063 0.20388154 0.19509341 0.1883422 0.18159099 0.17483978 0.16808857 0.16124774 0.16327336 0.16562497 0.16797659 0.17032821 0.17267983 0.16705213 0.15489206 0.14273198 0.13057191 0.11841183 0.10638641 0.10638641 0.10638641 0.10638641 0.10638641 0.10638641 0.101378 0.096497284 0.091616568 0.086735852 0.081855135 0.080190281 0.084320118 0.088449955 0.092579792 0.096709629 0.10131229 0.098864201 0.093987166 0.08911013 0.084233095 0.079356059 0.084074053 0.089813948 0.095553844 0.10129374 0.10703364 0.11691477 0.12885375 0.14079273 0.15273172 0.1646707 0.15636065 0.13904913 0.1217376 0.10442608 0.087114553 -9999
0.22437761 0.21105285 0.20226218 0.1963274 0.18995964 0.18320842 0.17645721 0.169706 0.16295479 0.16500402 0.16735563 0.16970725 0.17205887 0.17424863 0.1700313 0.15787123 0.14571115 0.13355108 0.12140886 0.12148505 0.1122851 0.1122851 0.1122851 0.1122851 0.1122851 0.10894675 0.10406604 0.099185322 0.094304606 0.091708536 0.089820624 0.085867364 0.089997201 0.094127038 0.098256874 0.10211819 0.097241157 0.092364122 0.087487086 0.082610051 0.08248011 0.087742637 0.093482533 0.099222428 0.10496232 0.1098573 0.11936267 0.13130166 0.14324064 0.15517962 0.15874566 0.14649465 0.12918312 0.11187159 0.094560069 0.086866164 -9999
0.21803626 0.2106279 0.20458734 0.19865256 0.19278967 0.18659048 0.17983927 0.17308806 0.16633685 0.16838607 0.17073769 0.17308931 0.1752181 0.17720793 0.1729906 0.16083053 0.14867045 0.13834626 0.13853051 0.1386067 0.12903299 0.11945927 0.11862645 0.11862645 0.11862645 0.11528811 0.11040739 0.10552667 0.10380597 0.10587089 0.10398297 0.09497242 0.089363066 0.093492903 0.097622739 0.10148406 0.096607022 0.091729987 0.086852951 0.087195622 0.087975947 0.093238474 0.09897837 0.10471827 0.1094729 0.11387349 0.12337886 0.13531785 0.14725683 0.14990562 0.14711985 0.13486884 0.11755731 0.10024578 0.093655062 0.094053028 -9999
0.21899361 0.21295306 0.2069125 0.20097772 0.19511483 0.18925194 0.18322132 0.17647011 0.1697189 0.17176812 0.17411974 0.17618756 0.17817739 0.18016722 0.1759499 0.16378982 0.15528367 0.15546791 0.15565215 0.15572835 0.14615463 0.13658092 0.12700721 0.1249678 0.1249678 0.12162946 0.11674874 0.1159034 0.11796832 0.12003323 0.11814532 0.10913477 0.10012422 0.092858767 0.096988604 0.10084992 0.095972887 0.091130808 0.091911133 0.092691459 0.093471785 0.098734311 0.10447421 0.1090885 0.11348909 0.11788967 0.12739505 0.13933404 0.14106557 0.13827981 0.13549404 0.12324303 0.1059315 0.10044396 0.10084193 0.10123989 -9999
0.22131878 0.21527822 0.20923766 0.20330289 0.19743999 0.1915771 0.18571421 0.17985131 0.17310095 0.17515018 0.17715703 0.17914686 0.18113669 0.18312652 0.17890919 0.17222107 0.17240531 0.17258956 0.1727738 0.17284999 0.16327628 0.15370257 0.14412885 0.13455514 0.13130915 0.12797081 0.12800083 0.13006575 0.13213067 0.13419558 0.13230767 0.12329712 0.11428657 0.10527601 0.096354469 0.10021579 0.095846319 0.096626645 0.09740697 0.098187296 0.098967622 0.10423015 0.1087041 0.11310469 0.11750528 0.12190586 0.13141124 0.13222552 0.12943976 0.126654 0.12386823 0.11161722 0.10723286 0.10763082 0.10802879 0.10842676 -9999
0.22234971 0.21630915 0.21026859 0.20584084 0.19997794 0.19411505 0.18825216 0.18238926 0.17652637 0.17825534 0.18024517 0.182235 0.18422483 0.18621466 0.18702882 0.18721307 0.18739731 0.18758155 0.1877658 0.18873883 0.1800767 0.17050299 0.16092928 0.15135556 0.14178185 0.1401688 0.14223372 0.14429864 0.14636356 0.14842848 0.14544455 0.136434 0.12742344 0.11841289 0.10940234 0.10068367 0.101464 0.10224433 0.10302465 0.10380498 0.10452494 0.10844563 0.11284622 0.1172468 0.12164739 0.12604798 0.12511636 0.1223306 0.11954484 0.11675907 0.11397331 0.11227571 0.11267368 0.11307164 0.11346961 0.11386758 -9999
0.21489862 0.20885806 0.20298 0.20282927 0.20391046 0.19804757 0.19218468 0.18632178 0.18045889 0.18218785 0.18417768 0.18616751 0.18815735 0.1882875 0.1880637 0.18824794 0.18843218 0.18861643 0.19036582 0.19598294 0.19316715 0.18519819 0.17562447 0.16605076 0.15647705 0.154864 0.15692892 0.15899384 0.16105876 0.15960045 0.15336716 0.14285021 0.13383966 0.1248291 0.11581855 0.10709989 0.10788021 0.10866054 0.10944087 0.11007758 0.10949233 0.11341302 0.11781361 0.12221419 0.12661478 0.12808103 0.12656518 0.12377942 0.12099366 0.1182079 0.10948023 0.10627345 0.10667141 0.10706938 0.10746735 0.10658557 -9999
0.20746167 0.20159878 0.19573589 0.19558516 0.19931609 0.20198009 0.19611719 0.1902543 0.18439141 0.18612037 0.1881102 0.19010003 0.18986505 0.18932237 0.18909857 0.18928281 0.18946706 0.19189838 0.19760993 0.20322706 0.20041126 0.19759546 0.19031967 0.18074596 0.17117225 0.1695592 0.17162412 0.17368904 0.17163384 0.16787944 0.16164615 0.15094612 0.14025587 0.13124532 0.12223476 0.1135161 0.11429643 0.11507675 0.11563021 0.11504497 0.11445972 0.11838041 0.122781 0.12718159 0.12838187 0.12952985 0.12801401 0.12522824 0.12244248 0.11342711 0.10347796 0.10027118 0.10066915 0.10106711 0.1001214 0.098927504 -9999
0.20021756 0.19435467 0.18849178 0.18834105 0.19207198 0.19580291 0.19953385 0.19418682 0.18832393 0.19005289 0.19198529 0.19144261 0.19089992 0.19035724 0.19013344 0.19031769 0.19343094 0.19914249 0.20485404 0.21047117 0.20765537 0.20483957 0.20202378 0.19544116 0.18586745 0.1842544 0.18631932 0.18366722 0.17991282 0.17615843 0.16992514 0.1592251 0.14852507 0.13782504 0.12865098 0.11993232 0.12071264 0.12118285 0.1205976 0.12001236 0.11942711 0.1233478 0.12753473 0.12868271 0.12983069 0.13097867 0.12946283 0.12667707 0.117374 0.10742485 0.097475698 0.094268918 0.094666884 0.093657239 0.092463341 0.091269442 -9999
0.19297345 0.18711056 0.18124766 0.18109694 0.18482787 0.1885588 0.19228973 0.19602067 0.19225644 0.19356284 0.19302016 0.19247748 0.1919348 0.19139212 0.19116832 0.19496351 0.20067506 0.20638661 0.21209816 0.21771528 0.21489948 0.21208369 0.20926789 0.20645209 0.20056265 0.1989496 0.1957006 0.19194621 0.18819181 0.18443741 0.17820412 0.16750409 0.15680406 0.14610402 0.13540399 0.12634853 0.12673548 0.12615024 0.12556499 0.12497975 0.1243945 0.12783558 0.12898356 0.13013153 0.13127951 0.13242749 0.13091165 0.12132089 0.11137174 0.10142259 0.091473433 0.088266654 0.087193076 0.085999178 0.084805279 0.083611381 -9999
0.18937168 0.18350878 0.17764589 0.175778 0.17950894 0.18323987 0.1869708 0.19070173 0.19443267 0.19403195 0.19348927 0.19294659 0.19240391 0.19186123 0.1940621 0.19977365 0.2054852 0.21119675 0.2169083 0.2234208 0.22263516 0.21981936 0.21700356 0.21418777 0.21137197 0.20791418 0.20415978 0.20040539 0.19665099 0.19289659 0.18526413 0.1745641 0.16386407 0.15316404 0.14246401 0.13206552 0.13148028 0.13089503 0.13030979 0.12972455 0.1291393 0.1280217 0.12916968 0.13031766 0.13146564 0.13261362 0.12433898 0.11438982 0.10444067 0.094491518 0.084542365 0.081570268 0.08037637 0.079182471 0.077988573 0.076794675 -9999
0.19423338 0.18837049 0.18250759 0.17950078 0.17866342 0.18239436 0.18612529 0.18985622 0.19358715 0.19318644 0.19264376 0.19210108 0.1915584 0.19101572 0.19321659 0.19892814 0.20463969 0.21035124 0.21726884 0.22532321 0.22870217 0.22869725 0.22588145 0.22306566 0.22024986 0.21679207 0.21303767 0.20928328 0.20552888 0.19514156 0.18512413 0.17836621 0.16809164 0.15739161 0.14669157 0.13629309 0.13570785 0.1351226 0.13453736 0.13395211 0.13336687 0.12864186 0.12642176 0.12756974 0.12871772 0.1298657 0.11945664 0.10530055 0.095351401 0.085402249 0.075453096 0.073802249 0.075514668 0.074320769 0.073126871 0.071932973 -9999
0.19909508 0.19323219 0.18736929 0.18436248 0.1832965 0.18223052 0.18527977 0.18901071 0.19274164 0.19234093 0.19179824 0.19125556 0.19071288 0.1901702 0.19237107 0.19808262 0.20379417 0.21106453 0.21917125 0.22722561 0.23060457 0.23398353 0.23475935 0.23194355 0.22912775 0.22566996 0.22191557 0.21816117 0.20675653 0.19493018 0.18491275 0.17815483 0.17139692 0.16161917 0.15091914 0.14052066 0.13993541 0.13935017 0.13876492 0.13817968 0.13759444 0.13286943 0.12770352 0.12482182 0.1259698 0.12711778 0.11670872 0.10079008 0.086262132 0.076312979 0.066363827 0.064712979 0.067498742 0.069459067 0.068265169 0.06707127 -9999
0.19608537 0.19809389 0.192231 0.18922419 0.18815821 0.18709223 0.18602625 0.18816519 0.19189613 0.19149541 0.19095273 0.19041005 0.18986737 0.18932469 0.19152556 0.19723711 0.20486022 0.21296694 0.22107365 0.22912802 0.23250698 0.23588593 0.23926489 0.24082144 0.23800564 0.23454785 0.23019785 0.2183715 0.20654515 0.1947188 0.18470137 0.17794346 0.17118554 0.16442763 0.15514671 0.14474822 0.14416298 0.14357774 0.14299249 0.14240725 0.141822 0.13709699 0.13193109 0.12676518 0.12322188 0.12436986 0.1139608 0.098042158 0.082123514 0.06722371 0.057274558 0.05562371 0.058409473 0.061195236 0.063403467 0.062209568 -9999
0.18763024 0.19296014 0.1970927 0.19408589 0.19301991 0.19195393 0.19088795 0.18982197 0.19105061 0.1906499 0.19010722 0.18956454 0.18902186 0.18847917 0.19068005 0.19865591 0.20676262 0.21486934 0.22297606 0.23103042 0.23440938 0.23778834 0.2411673 0.24454625 0.24688353 0.24181283 0.22998647 0.21816012 0.20633377 0.19450742 0.18448999 0.17773208 0.17097416 0.16421625 0.15745833 0.14897579 0.14839055 0.1478053 0.14722006 0.14663481 0.14604957 0.14132456 0.13615866 0.13099275 0.12582684 0.12162195 0.11121288 0.09529424 0.079375596 0.063456952 0.048185289 0.046534441 0.049320204 0.052105967 0.054891729 0.057347866 -9999
0.17640383 0.18173373 0.18725807 0.19181769 0.19113415 0.19006817 0.18900219 0.18793621 0.18687023 0.18631017 0.18576749 0.18522481 0.18468212 0.18525746 0.19449993 0.20260665 0.21071336 0.21882008 0.2269268 0.23082213 0.23064874 0.2340277 0.23740666 0.24078562 0.24416457 0.23714331 0.22531695 0.2134906 0.20166425 0.1898379 0.19213801 0.18607551 0.17931759 0.17255968 0.16580176 0.15922787 0.15864263 0.15805738 0.15747214 0.1568869 0.15426739 0.14916684 0.14400093 0.13883503 0.13366912 0.12773981 0.11448948 0.098570836 0.082652191 0.066733547 0.051428922 0.048530278 0.051316041 0.054101804 0.056887566 0.057691738 -9999
0.16308699 0.16874619 0.17478674 0.17934637 0.18289964 0.18309269 0.18202671 0.18096073 0.17989475 0.17933468 0.178792 0.17824932 0.18062325 0.1907533 0.19999577 0.20810248 0.2162092 0.22431592 0.22733402 0.22913111 0.22687847 0.22599532 0.22937428 0.23275324 0.2361322 0.22911093 0.21728458 0.20545823 0.19585735 0.20186438 0.20418658 0.19986902 0.19411408 0.18735616 0.18059825 0.17402436 0.17343911 0.17285387 0.17226862 0.16932318 0.1648363 0.15973576 0.15456985 0.14940394 0.143214 0.1355608 0.12231048 0.10639183 0.090473191 0.075317309 0.061786462 0.058887818 0.06167358 0.064459343 0.064730517 0.058960008 -9999
0.15023431 0.15627486 0.16231542 0.16687504 0.17042831 0.17398158 0.17505122 0.17398524 0.17291926 0.1723592 0.17181651 0.17598904 0.18611909 0.19624914 0.20549161 0.21359832 0.22170504 0.22380055 0.22564299 0.22744008 0.22518744 0.2229348 0.2213419 0.22472086 0.22809982 0.22107855 0.2092522 0.20189888 0.20790592 0.21391295 0.21623514 0.21191759 0.20760003 0.20215265 0.19539473 0.18882084 0.1882356 0.18765035 0.18437897 0.17989209 0.17540522 0.17030467 0.16513877 0.15868819 0.151035 0.1433818 0.13013148 0.11421283 0.099205696 0.085674848 0.072144001 0.069245357 0.07203112 0.071769296 0.065998787 0.060228279 -9999
0.13776298 0.14380354 0.1498441 0.15440372 0.15795699 0.16151026 0.16506353 0.16700976 0.16594378 0.16538371 0.17135483 0.18148488 0.19161493 0.20174497 0.21098744 0.21842466 0.22026709 0.22210953 0.22395196 0.22574905 0.22349641 0.22124378 0.21899114 0.2167385 0.22006744 0.21304617 0.20794041 0.21394745 0.21995448 0.22596152 0.22828371 0.22396615 0.2196486 0.21533104 0.21019122 0.20361733 0.20303208 0.19943476 0.19494788 0.19046101 0.18597414 0.18087359 0.17416239 0.16650919 0.158856 0.1512028 0.13795248 0.12309408 0.10956324 0.096032388 0.08250154 0.079602896 0.078808074 0.073037566 0.067267057 0.061496549 -9999
0.12529166 0.13133222 0.13737277 0.1419324 0.14548567 0.14903894 0.15259221 0.15614547 0.15896829 0.16672062 0.17685067 0.18698072 0.19711076 0.20724081 0.21489119 0.21673363 0.21857607 0.2204185 0.22226094 0.22405803 0.22180539 0.21955275 0.21730011 0.21504747 0.21279483 0.21398194 0.21998898 0.22599601 0.23200305 0.23801008 0.24033228 0.23601472 0.23169716 0.22737961 0.22306205 0.21841381 0.21449055 0.21000367 0.2055168 0.20102993 0.19654306 0.18963658 0.18198338 0.17433019 0.166677 0.1590238 0.14698247 0.13345162 0.11992077 0.10638993 0.09285908 0.085846853 0.080076344 0.074305836 0.068535327 0.062764819 -9999
