mean_models/J1_mean_vp_slide_diff2_180.dat.tif
NCOLS 118
NROWS 92
XLLCORNER 139.62
YLLCORNER -39.07
DX 0.099491525
DY 0.099347826
NODATA_VALUE -9999
[rows 48 to 71 of 92, columns 55 to 109 of 118]
0.0044958955 0.0094180611 0.014340227 0.019262392 0.023785513 0.023864548 0.026139173 0.028413798 0.030688423 0.032963048 0.035237673 0.034534825 0.033729668 0.03292451 0.032119352 0.031314194 0.032398771 0.032425117 0.032451464 0.032477811 0.032504158 0.032002925 0.024305053 0.017026028 0.0097470026 0.0024679774 -0.0048110479 -0.012509934 -0.020402803 -0.028295672 -0.036188542 -0.044081411 -0.044173809 -0.03652945 -0.028604668 -0.020679887 -0.012755105 -0.0053364916 -0.014390025 -0.023443559 -0.032497093 -0.041550626 -0.052520497 -0.043051635 -0.031011247 -0.018970859 -0.0069304716 0.00562464 0.015392142 0.022078172 0.028764201 0.035450231 0.041452213 0.040580403 0.040232183
0.014462028 0.019384193 0.024306359 0.027544083 0.027168858 0.026977586 0.026911318 0.02888824 0.031162865 0.03343749 0.035712115 0.035009266 0.034204109 0.033398951 0.033015953 0.035446079 0.036821736 0.036848083 0.03687443 0.036900776 0.036293582 0.035296416 0.027072221 0.019207927 0.011928902 0.0046498764 -0.0026291489 -0.010328035 -0.018220904 -0.026113773 -0.034006643 -0.034980372 -0.03374891 -0.028705629 -0.021568635 -0.013643853 -0.0057190715 0.0016995423 -0.0073539915 -0.016407525 -0.025461059 -0.037171411 -0.051847582 -0.042378719 -0.030338331 -0.018297944 -0.0050979104 0.011133367 0.020900869 0.027586898 0.034272928 0.039340036 0.037488897 0.036617087 0.036268867
0.02442816 0.029350326 0.031302654 0.030927429 0.030552204 0.030360931 0.030294663 0.030228394 0.031637306 0.033911931 0.036186556 0.035483707 0.03467855 0.035008792 0.037438918 0.039869044 0.041244701 0.041271048 0.041297395 0.040503316 0.039587073 0.038589907 0.030365712 0.022141517 0.014110801 0.0068317754 -0.00044724983 -0.008146136 -0.016039005 -0.022787528 -0.0236715 -0.024555473 -0.023324012 -0.01828073 -0.013237448 -0.0066078193 0.0013169623 0.0087355761 -0.00031795766 -0.0093714914 -0.021822325 -0.036498495 -0.051174666 -0.041705803 -0.029665415 -0.015820461 0.00041081613 0.016642093 0.026409595 0.033095625 0.03722786 0.03537672 0.033525581 0.032653771 0.032305551
0.034394293 0.035061225 0.034685999 0.034310774 0.033935549 0.033744277 0.033678008 0.03361174 0.033545471 0.034386372 0.036660997 0.035958149 0.037001632 0.039431758 0.041861883 0.044292009 0.045667666 0.045629293 0.04471305 0.043796807 0.042880564 0.041883398 0.033659203 0.025435008 0.017210813 0.0090136745 0.0017346492 -0.0059642369 -0.011478656 -0.012362629 -0.013246602 -0.014130575 -0.012899113 -0.0078558316 -0.0028125498 0.0022307319 0.0083529961 0.01577161 0.0067180762 -0.0064732382 -0.021149409 -0.035825579 -0.05050175 -0.041032887 -0.026543011 -0.010311734 0.0059195427 0.02215082 0.031918322 0.035115683 0.033264544 0.031413405 0.029562265 0.028690456 0.029594976
0.038819795 0.03844457 0.038069345 0.03769412 0.037318894 0.037127622 0.037061354 0.036995085 0.036928817 0.036862548 0.037135438 0.038994471 0.041424597 0.043854723 0.046284849 0.048714974 0.049839027 0.048922784 0.048006541 0.047090298 0.046174054 0.045176888 0.036952694 0.028728499 0.020504304 0.012280109 0.0040559146 -0.00016978478 -0.0010537576 -0.0019377304 -0.0028217032 -0.003705676 -0.0024742147 0.002569067 0.0076123487 0.01265563 0.017698912 0.022807644 0.0088758482 -0.0058003222 -0.020476493 -0.035152663 -0.049828834 -0.037265562 -0.021034285 -0.0048030078 0.011428269 0.027659546 0.033003507 0.031152367 0.029301228 0.027450089 0.025598949 0.026337976 0.029259843
0.038729123 0.038353898 0.037978673 0.037603447 0.036845369 0.036972437 0.037326843 0.037260574 0.037194306 0.037128037 0.037061769 0.039408965 0.041839091 0.044269217 0.046699342 0.046803519 0.044936456 0.044020213 0.04310397 0.042187727 0.041283072 0.041016343 0.031074888 0.022850693 0.014626498 0.0064023036 -0.0018218911 -0.0050254741 -0.0059094469 -0.0067934198 -0.0076773926 -0.0078712104 -0.007327093 -0.005777374 -0.00073409227 0.0043091895 0.0093524712 0.013807865 -0.00086830581 -0.015544476 -0.030220647 -0.044896817 -0.042691455 -0.027528319 -0.011297042 0.0049342354 0.021165512 0.030604973 0.031187693 0.029336553 0.027485414 0.025634275 0.023990811 0.025374284 0.028296151
0.038057229 0.037682004 0.037306779 0.036419059 0.035442621 0.035569688 0.036446635 0.03700443 0.036938161 0.036871893 0.036805624 0.039152821 0.041582946 0.044013072 0.043139818 0.040529703 0.038662641 0.037746398 0.036830155 0.036056101 0.035898204 0.035631474 0.025645153 0.015658832 0.0072142866 -0.0010099081 -0.0092341029 -0.012437686 -0.013321659 -0.014205631 -0.014096174 -0.012965162 -0.012421045 -0.012934459 -0.012221077 -0.0071777949 -0.0021345132 0.0023208803 -0.01235529 -0.027031461 -0.041707631 -0.037380717 -0.032246759 -0.017083623 -0.00085234555 0.015378932 0.023460402 0.029148447 0.029731167 0.027880028 0.026028889 0.024415923 0.022921958 0.024305431 0.027227298
0.037385336 0.036969187 0.035992749 0.035016311 0.034039873 0.03416694 0.035043887 0.035920834 0.036682017 0.036615748 0.03654948 0.038896676 0.041326802 0.039476118 0.036866003 0.034255888 0.032388826 0.031472583 0.030829129 0.030671232 0.030513336 0.030246606 0.020260285 0.010273964 0.00028764309 -0.0084221198 -0.016646315 -0.019849898 -0.02073387 -0.020321138 -0.019190126 -0.018059114 -0.017514997 -0.01802841 -0.018541824 -0.018664779 -0.013621498 -0.0091661041 -0.023842275 -0.037203936 -0.032069979 -0.026936021 -0.021802063 -0.0066389265 0.0095923506 0.016315831 0.022003876 0.027691922 0.028274642 0.026423502 0.024841035 0.02334707 0.021853105 0.023236578 0.026158445
0.036542878 0.035566439 0.034590001 0.033613563 0.032637124 0.032764192 0.033641139 0.034518086 0.035395032 0.036271979 0.036293335 0.038422533 0.035812418 0.033202303 0.030592188 0.027982073 0.026115011 0.025602158 0.025444261 0.025286364 0.025128468 0.024861738 0.014875417 0.004889096 -0.0050972251 -0.015083546 -0.024058526 -0.027262109 -0.026546102 -0.02541509 -0.024284078 -0.023153066 -0.022608948 -0.023122362 -0.023635776 -0.02414919 -0.024662604 -0.020653089 -0.031893198 -0.02675924 -0.021625282 -0.016491325 -0.011357367 0.0034832148 0.0091712601 0.014859305 0.020547351 0.026235396 0.026818116 0.025266146 0.023772182 0.022278217 0.020784252 0.022167725 0.02329456
0.03399412 0.033017681 0.032041243 0.031064805 0.030088367 0.029355234 0.030232181 0.031109128 0.031986075 0.032863021 0.033739968 0.033750092 0.031139978 0.028529863 0.025919748 0.023309633 0.021775235 0.021617339 0.021459442 0.021301545 0.021143648 0.018874317 0.0099587979 -2.7523217e-05 -0.010013844 -0.020000165 -0.029986486 -0.032368703 -0.031237691 -0.030106679 -0.028975667 -0.027844654 -0.025996237 -0.026509651 -0.027023065 -0.027536479 -0.028049892 -0.028394943 -0.023260986 -0.018127028 -0.01299307 -0.0078591122 -0.0016066841 0.0033509088 0.0090389541 0.014726999 0.020415045 0.02610309 0.024620079 0.023126114 0.021632149 0.020138185 0.01864422 0.018166888 0.018878253
0.027827932 0.026554774 0.025578336 0.024601898 0.023625459 0.021932673 0.019971096 0.020848043 0.02172499 0.022601936 0.023478883 0.029744219 0.031936968 0.029326853 0.026716738 0.024106623 0.022572226 0.022414329 0.022256432 0.022098535 0.01831097 0.010623811 0.0048320902 -0.0033448575 -0.013331179 -0.0233175 -0.033303821 -0.035686037 -0.034555025 -0.033424013 -0.032293001 -0.034464294 -0.033354883 -0.024840098 -0.024581316 -0.02509473 -0.025608144 -0.025953195 -0.020819237 -0.015685279 -0.010551321 -0.0033785714 0.0087435931 0.010383124 0.013429466 0.019117511 0.024805556 0.030493602 0.025099404 0.017327513 0.015833548 0.014339583 0.012845618 0.011698497 0.011223392
0.022593847 0.020628534 0.019115429 0.01813899 0.017162552 0.015469766 0.013290191 0.011110616 0.011463905 0.012340851 0.013217798 0.019483134 0.025933622 0.030123843 0.027513728 0.024903613 0.023369216 0.023211319 0.023053422 0.017768846 0.010060464 0.0023733052 -0.0034184156 -0.0092101364 -0.016648513 -0.026634834 -0.036621155 -0.039003372 -0.03787236 -0.036741347 -0.039640073 -0.042640399 -0.041530988 -0.033016203 -0.024501418 -0.022652981 -0.023166395 -0.023511446 -0.018377488 -0.01324353 -0.0051504586 0.0069717059 0.01909387 0.020733401 0.021256497 0.023508023 0.029196068 0.034884113 0.029489916 0.018812485 0.010034946 0.0085409817 0.0070470169 0.0058998954 0.0049382103
0.017359762 0.015394449 0.013429136 0.011676083 0.010699645 0.0090068585 0.0068272835 0.0046477084 0.0024681333 0.0020797662 0.002956713 0.0092220491 0.015672537 0.022123025 0.028310719 0.025700604 0.024166206 0.02400831 0.017226723 0.0095183403 0.001809958 -0.0058772006 -0.011668921 -0.017460642 -0.023252363 -0.029952168 -0.039938489 -0.042320706 -0.041815525 -0.044815851 -0.047816178 -0.050816504 -0.049707093 -0.041192308 -0.032677523 -0.024162738 -0.020724646 -0.021069697 -0.015935739 -0.0069223458 0.0051998187 0.017321983 0.029444148 0.031083679 0.031606774 0.03212987 0.03358658 0.039274625 0.033880427 0.023202997 0.012525566 0.0027423802 0.0012484155 0.00010129396 -0.00086039113
0.012125677 0.010160364 0.0081950508 0.0062297378 0.0042644249 0.0025439513 0.00036437622 -0.0018151988 -0.0039947739 -0.006174349 -0.0073043721 -0.0010390359 0.0054114519 0.01186194 0.018312428 0.024762915 0.024392981 0.016684599 0.0089762168 0.0012678345 -0.0064405478 -0.014127706 -0.019919427 -0.025711148 -0.031502869 -0.03729459 -0.043255824 -0.046991304 -0.04999163 -0.052991957 -0.055992283 -0.05899261 -0.057883199 -0.049368414 -0.040853629 -0.032338844 -0.023824058 -0.018627948 -0.008694233 0.0034279315 0.015550096 0.027672261 0.039794425 0.041433956 0.041957052 0.042480148 0.043003243 0.043665136 0.038270939 0.027593508 0.016916078 0.0062386472 -0.0044387833 -0.0056973075 -0.0066589926
0.01039263 0.0084273169 0.0064620039 0.0044966909 0.002531378 0.0048495557 0.0046750777 0.0024955026 0.00031592755 -0.0018636475 -0.0040432226 -0.0041586432 0.0022918446 0.0087423325 0.01519282 0.021643308 0.021882707 0.014174325 0.0064659427 -0.0012424396 -0.0089508219 -0.015662442 -0.020047106 -0.025838827 -0.031630548 -0.037422268 -0.043213989 -0.047096434 -0.050096761 -0.053097087 -0.056097414 -0.057803811 -0.050231915 -0.039449103 -0.030934318 -0.022419533 -0.013904748 -0.0052824173 0.0068397472 0.018961912 0.031084076 0.043206241 0.042145869 0.043299209 0.043822304 0.0443454 0.044868496 0.045391592 0.03749485 0.02669892 0.01602149 0.0053440591 -0.0053333714 -0.0077108113 -0.0083049387
0.012013875 0.0082166995 0.0062513865 0.0042860736 0.0023207606 0.0046389383 0.0098679286 0.011491117 0.009311542 0.007131967 0.0049523919 0.0039791572 0.0030473739 0.008728203 0.015178691 0.021629179 0.021868578 0.014160196 0.0064518132 -0.0012056637 -0.0077689723 -0.014304468 -0.018356025 -0.022434287 -0.028226008 -0.034017729 -0.03980945 -0.043691895 -0.046692221 -0.049692548 -0.050108486 -0.045779854 -0.038207958 -0.024791995 -0.0131462 -0.004631415 0.0038833701 0.012505701 0.024627865 0.03675003 0.048872194 0.045304715 0.038389859 0.03970986 0.041906901 0.042520933 0.043044028 0.043567124 0.035670382 0.023759655 0.012828671 0.0021512407 -0.0085261898 -0.01090363 -0.0088435581
0.014376367 0.010340386 0.006304406 0.0040754562 0.0021101432 0.0044283209 0.0096573112 0.014886302 0.018307157 0.016127581 0.013948006 0.012974772 0.012042988 0.011111205 0.015164561 0.021615049 0.021854448 0.014146066 0.0067156192 0.00015231067 -0.0064109979 -0.012946493 -0.016998051 -0.021049609 -0.025101166 -0.030613189 -0.03640491 -0.040287355 -0.043287682 -0.042413161 -0.038084529 -0.033755897 -0.026184001 -0.012768038 0.00064792515 0.013156703 0.021671488 0.030293818 0.042415983 0.054538147 0.048463561 0.041548705 0.034633849 0.03595385 0.038150891 0.040347931 0.041219561 0.041742657 0.033845915 0.021935187 0.01002446 -0.0010415777 -0.011719008 -0.014096448 -0.012036376
0.016738858 0.012702878 0.0086668974 0.004630917 0.0018995258 0.0042177035 0.0094466938 0.014675684 0.019904674 0.025123196 0.022943621 0.021970386 0.021038603 0.020106819 0.019175036 0.02160092 0.021840319 0.014636902 0.0080735936 0.0015102851 -0.0050530235 -0.011588519 -0.015640076 -0.019691634 -0.023743192 -0.02779475 -0.03300037 -0.036882816 -0.034717836 -0.030389204 -0.026060572 -0.02173194 -0.014160044 -0.00074408075 0.012671882 0.026087845 0.039459606 0.048081936 0.058537263 0.051622407 0.044707551 0.037792695 0.030877838 0.03219784 0.03439488 0.036591921 0.038788962 0.039918189 0.032021447 0.02011072 0.0081999922 -0.0037107353 -0.014911827 -0.017289266 -0.015229195
0.017162351 0.013126371 0.0090903908 0.0050544105 0.0010184302 0.002524723 0.0077537134 0.012982704 0.018211694 0.023440684 0.028669675 0.027942551 0.027010767 0.026078984 0.025147201 0.024215417 0.021630835 0.015067527 0.008504218 0.0019409095 -0.0046223991 -0.010321028 -0.013135748 -0.017187305 -0.021238863 -0.025290421 -0.029341979 -0.027661601 -0.023332968 -0.019004336 -0.014675704 -0.010347072 -0.0040422301 0.0093737328 0.022789696 0.036205659 0.049621621 0.06243147 0.055516614 0.048601757 0.041686901 0.034772045 0.027575279 0.028604106 0.030801146 0.032998187 0.035195228 0.037392269 0.028479869 0.016569141 0.0046584137 -0.0072523138 -0.019163041 -0.019545385 -0.017485313
0.0079415486 0.0039055683 -0.00013041207 -0.0040414473 -0.0053648622 -0.0043278828 -0.0013123277 0.0039166626 0.0091456529 0.014374643 0.019603634 0.01887651 0.017944726 0.017012943 0.01608116 0.018604737 0.017448954 0.010885645 0.0043223368 -0.0022409717 -0.0072446667 -0.0099439482 -0.0073385843 -0.008981175 -0.013032733 -0.01708429 -0.021135848 -0.01945547 -0.015126838 -0.010798206 -0.0064695735 -0.001382609 0.0041896619 0.01013062 0.023426626 0.036842589 0.050258551 0.0630684 0.056153544 0.049238687 0.042323831 0.034728667 0.024788683 0.02581751 0.02801455 0.030211591 0.03221356 0.026354657 0.016397628 0.0044869 -0.0074238274 -0.019334555 -0.018883682 -0.017142492 -0.01508242
-0.0012792543 -0.0053152346 -0.0085680739 -0.0098914888 -0.011214904 -0.010177924 -0.0075369573 -0.0048959903 7.9611869e-05 0.0053086022 0.010537592 0.0098104686 0.0088786852 0.0082826011 0.011352729 0.014422856 0.013267073 0.0067037642 0.00014045568 -0.0041089076 -0.0068675865 -0.009566868 -0.0069615041 -0.0043561402 -0.0048266023 -0.00887816 -0.012929718 -0.01124934 -0.0069207075 -0.0025920753 0.002677838 0.0080454997 0.013617771 0.019558729 0.025499687 0.037479518 0.050895481 0.06370533 0.056790473 0.049875617 0.041882055 0.031942071 0.022002087 0.023030913 0.025227954 0.025990222 0.020131319 0.014272416 0.0043153864 -0.007595341 -0.018770288 -0.017625539 -0.016480789 -0.014739599 -0.012679528
-0.010500057 -0.0130947 -0.014418115 -0.01574153 -0.017064945 -0.016027966 -0.013386999 -0.010746032 -0.0081050649 -0.0037574389 0.0014715514 0.00074442751 0.0010305923 0.0041007199 0.0071708475 0.010240975 0.0090851916 0.0025218831 -0.00097314851 -0.0037318274 -0.0064905063 -0.0091897878 -0.0065844239 -0.00397906 -0.001373696 -0.0006720296 -0.0047235873 -0.0030432093 0.0013706234 0.0067382851 0.012105947 0.017473608 0.023045879 0.028986837 0.034927795 0.040868754 0.051532411 0.06434226 0.057427403 0.049035442 0.039095458 0.029155475 0.019215491 0.020244317 0.019766883 0.013907981 0.0080490777 0.0021901748 -0.0077668546 -0.017512145 -0.016367396 -0.015222646 -0.014077897 -0.012336706 -0.011386739
-0.017621327 -0.018944742 -0.020268157 -0.021591572 -0.022914987 -0.021878007 -0.01923704 -0.016596073 -0.013955106 -0.011314139 -0.0075944896 -0.0062214164 -0.0031512888 -8.1161236e-05 0.0029889663 0.0060590939 0.0049212895 0.0021626106 -0.00059606832 -0.0033547472 -0.0061134261 -0.0088127076 -0.0062073437 -0.0036019798 -0.00099661585 0.0016087481 0.0034825431 0.0054310705 0.010798732 0.016166394 0.021534055 0.026901717 0.032473988 0.038414946 0.044355904 0.050296862 0.05623782 0.064979189 0.05618883 0.046248846 0.036308862 0.026368879 0.016428895 0.013543545 0.0076846423 0.0018257395 -0.0040331634 -0.0098920663 -0.016254002 -0.015109252 -0.013964503 -0.012819753 -0.011675004 -0.011910306 -0.017762
-0.01834302 -0.019666435 -0.02098985 -0.022313265 -0.02363668 -0.02015722 -0.016633272 -0.013992305 -0.011351338 -0.0087103705 -0.0060694035 -0.010655614 -0.0075854865 -0.0045153589 -0.0014452313 0.0016248963 0.0021380943 -0.00062058464 -0.0033792635 -0.0061379425 -0.0088966214 -0.007181561 -0.0021713976 0.0004339663 0.0030393302 0.0056446942 0.0082500581 0.012744796 0.018112458 0.023480119 0.028847781 0.034080635 0.034880845 0.036138552 0.04207951 0.048020468 0.053961426 0.059428932 0.049488948 0.039548965 0.029608981 0.019668997 0.013405698 0.0072621893 0.0014032865 -0.0044556164 -0.010314519 -0.016173422 -0.014379813 -0.013034748 -0.011889999 -0.010745249 -0.0096004999 -0.01467546 -0.020711085
