mean_models/J1_mean_tot_conduct_slide_46.19.dat.tif
NCOLS 118
NROWS 92
XLLCORNER 139.62
YLLCORNER -39.07
DX 0.099491525
DY 0.099347826
NODATA_VALUE -9999
[rows 0 to 25 of 92, columns 0 to 56 of 118]
-1.8924259 -1.9233688 -1.9631654 -1.9965385 -2.0391778 -2.0747415 -2.1195127 -2.1654935 -2.2128705 -2.2404252 -2.2838801 -2.3201131 -2.3539928 -2.3838445 -2.4037428 -2.4188233 -2.4237979 -2.4354595 -2.4373261 -2.443343 -2.4498701 -2.4650184 -2.4915964 -2.5192743 -2.5671625 -2.6196116 -2.6793066 -2.7112609 -2.7537977 -2.7792014 -2.7909696 -2.7775744 -2.7445011 -2.6863722 -2.6107692 -2.518182 -2.4087413 -2.3007092 -2.1750357 -2.0655361 -1.9398626 -1.8568944 -1.7623775 -1.6954303 -1.651348 -1.6788235 -1.6840599 -1.7553441 -1.8286537 -1.9571408 -2.0880507 -2.2378168 -2.3843392 -2.5317384 -2.6686586 -2.7673014 -2.8486886
-1.9127482 -1.9536949 -1.9889909 -2.0263239 -2.0689631 -2.1126138 -2.1639794 -2.231618 -2.2895675 -2.3360233 -2.3870759 -2.4480336 -2.489828 -2.5429043 -2.5684739 -2.6085841 -2.6216824 -2.6251019 -2.6259454 -2.63092 -2.6351019 -2.6423689 -2.6672417 -2.6991273 -2.7488731 -2.8053773 -2.8739587 -2.931052 -2.9831548 -3.0405621 -3.0658379 -3.0866733 -3.0627514 -3.0384605 -2.9677216 -2.885235 -2.7771802 -2.6639891 -2.5332018 -2.3997005 -2.2653175 -2.1495425 -2.0483255 -1.9599049 -1.90644 -1.8945042 -1.8936018 -1.9482449 -2.01447 -2.1353487 -2.2542136 -2.3990396 -2.5328041 -2.6819175 -2.7985653 -2.8944403 -2.9611664
-1.9150092 -1.9388785 -1.968726 -2.0060589 -2.0486981 -2.1038819 -2.1685514 -2.2398517 -2.3109171 -2.3879464 -2.4625651 -2.5354761 -2.6051201 -2.6775529 -2.7272986 -2.7705474 -2.7904457 -2.8067249 -2.8116995 -2.8156929 -2.8156929 -2.8229599 -2.8478328 -2.8786722 -2.9284179 -2.9849222 -3.0595408 -3.1339048 -3.2035489 -3.2680581 -3.3151857 -3.3467391 -3.3467391 -3.3259184 -3.2630817 -3.1832156 -3.0787495 -2.9585723 -2.8171896 -2.6726567 -2.5260376 -2.4009048 -2.2914641 -2.2040897 -2.1307802 -2.1042661 -2.0990298 -2.1462121 -2.2090488 -2.315487 -2.4306877 -2.5586087 -2.6879241 -2.8071485 -2.9137462 -2.9870558 -3.0391989
-1.8280798 -1.8446329 -1.8631689 -1.9005018 -1.9431411 -2.0056732 -2.0878313 -2.1708654 -2.2736617 -2.3618094 -2.4811928 -2.5541038 -2.6578933 -2.7673424 -2.8568848 -2.9074384 -2.9571842 -2.9764384 -2.9913621 -2.996742 -3.0017166 -3.0092371 -3.0309496 -3.0578607 -3.1026318 -3.1587809 -3.2333995 -3.309319 -3.3889122 -3.455128 -3.507492 -3.5404016 -3.5453762 -3.5246141 -3.4654811 -3.3881205 -3.2836544 -3.161846 -3.0158853 -2.8692483 -2.718524 -2.5909694 -2.4777413 -2.3954135 -2.3294758 -2.308954 -2.3101439 -2.3607951 -2.4263722 -2.5249271 -2.6355926 -2.7458558 -2.867992 -2.9509016 -3.0451498 -3.0765681 -3.1160235
-1.7232359 -1.719463 -1.7343868 -1.765529 -1.8090716 -1.8883843 -1.9758592 -2.0871491 -2.1973161 -2.3262477 -2.4586516 -2.5780415 -2.6974313 -2.8512072 -2.9523128 -3.0386433 -3.0964029 -3.1399283 -3.1590115 -3.1709268 -3.1759014 -3.1852361 -3.2051344 -3.2247597 -3.2679919 -3.3195216 -3.3925503 -3.4684698 -3.548063 -3.6221299 -3.6761197 -3.7139961 -3.7202131 -3.7044538 -3.6468534 -3.5724344 -3.4679683 -3.3461598 -3.1995407 -3.0529217 -2.9013806 -2.7775727 -2.6631574 -2.5846322 -2.5217955 -2.5105912 -2.5158276 -2.5748508 -2.6429239 -2.7393089 -2.8440368 -2.941936 -3.0498998 -3.1162617 -3.1770786 -3.1925804 -3.1927276
-1.5784849 -1.5703804 -1.5703804 -1.601726 -1.6538406 -1.7331533 -1.842594 -1.9629643 -2.1050951 -2.2517368 -2.425847 -2.5804167 -2.7495523 -2.9070904 -3.0414039 -3.1504096 -3.2300028 -3.2889501 -3.3187975 -3.3385762 -3.3435508 -3.3516772 -3.3616263 -3.3799907 -3.4197873 -3.4685433 -3.5381874 -3.6112823 -3.6908755 -3.7649424 -3.8225428 -3.8630179 -3.872967 -3.8605706 -3.8082067 -3.7338746 -3.6294085 -3.5076001 -3.360981 -3.2143619 -3.0677428 -2.9452288 -2.8407627 -2.7649098 -2.7125458 -2.7042328 -2.719942 -2.7818565 -2.8602473 -2.955109 -3.0551509 -3.1450662 -3.236177 -3.2859228 -3.3261004 -3.3103912 -3.2858662
-1.4114197 -1.3999185 -1.403215 -1.4357749 -1.4907597 -1.5725623 -1.6927822 -1.8456543 -2.0130706 -2.1665058 -2.3615471 -2.5666191 -2.754135 -2.9415333 -3.0917782 -3.2434053 -3.3417691 -3.4058115 -3.4394384 -3.4687053 -3.471841 -3.4747478 -3.4829089 -3.4977013 -3.5340236 -3.5733329 -3.6389686 -3.7112144 -3.7891721 -3.8595144 -3.9209393 -3.9691592 -3.9831759 -3.9791304 -3.933761 -3.8685145 -3.7689126 -3.6529601 -3.5118426 -3.370442 -3.2302701 -3.1128782 -3.0116917 -2.9457104 -2.8979738 -2.8913592 -2.9152996 -2.9814013 -3.0599473 -3.1563522 -3.2507826 -3.3389097 -3.406374 -3.4507649 -3.464402 -3.4398453 -3.3897248
-1.2558659 -1.2400067 -1.2449813 -1.2803136 -1.3371659 -1.4315478 -1.5608868 -1.7200361 -1.9000683 -2.1034384 -2.3272944 -2.547735 -2.7616418 -2.9811259 -3.155236 -3.311571 -3.4160371 -3.5018422 -3.541653 -3.5694158 -3.5694158 -3.5708692 -3.5758437 -3.5817206 -3.6114013 -3.6493589 -3.7138108 -3.7836837 -3.8588392 -3.9344447 -4.0030249 -4.059351 -4.0792493 -4.0804089 -4.0437542 -3.9983956 -3.9038786 -3.798512 -3.6623657 -3.529358 -3.3932117 -3.2819033 -3.1824118 -3.1164305 -3.0745394 -3.0783975 -3.1045795 -3.1675426 -3.2460886 -3.3348902 -3.4291453 -3.4940048 -3.5600002 -3.5779524 -3.5845512 -3.5422638 -3.4839906
-1.1316812 -1.1144293 -1.1145873 -1.1504705 -1.2120605 -1.3081539 -1.4424675 -1.6045808 -1.8035638 -2.0112457 -2.2599746 -2.4856426 -2.7307746 -2.9629356 -3.1619186 -3.3240994 -3.4434893 -3.5328884 -3.5776596 -3.6066712 -3.6066712 -3.6081246 -3.6004797 -3.6003483 -3.6252212 -3.6617774 -3.7214723 -3.7898929 -3.8744607 -3.9530724 -4.0316184 -4.0907867 -4.1256088 -4.1300829 -4.117178 -4.0817565 -4.0121124 -3.9126184 -3.7974177 -3.6680769 -3.5422334 -3.4336763 -3.343852 -3.2778708 -3.2359796 -3.2398377 -3.2660197 -3.3241375 -3.3951103 -3.478121 -3.5657486 -3.6205033 -3.6779757 -3.683503 -3.683899 -3.6367714 -3.5770527
-1.0659837 -1.0398463 -1.035971 -1.0720122 -1.1265473 -1.2056006 -1.3342338 -1.4919705 -1.6847907 -1.9013585 -2.1500873 -2.3988161 -2.6494166 -2.8915268 -3.0957035 -3.2738094 -3.4011423 -3.498761 -3.5462307 -3.5759595 -3.5732101 -3.5703034 -3.5596726 -3.5517616 -3.5680812 -3.6010643 -3.6578573 -3.7253573 -3.8128779 -3.8998799 -3.9872393 -4.0610455 -4.1111944 -4.1310081 -4.1291109 -4.1295714 -4.0750205 -3.9995598 -3.8969548 -3.7896355 -3.6720945 -3.5737002 -3.4867752 -3.4280014 -3.3873174 -3.3806181 -3.4045967 -3.4467466 -3.5137731 -3.5739724 -3.6577548 -3.6948973 -3.7453381 -3.7427254 -3.73763 -3.693583 -3.6382262
-1.0451991 -1.0168685 -1.0019448 -1.0207056 -1.0633449 -1.1267799 -1.2461698 -1.3893346 -1.5741046 -1.7757294 -2.0244582 -2.2766023 -2.5352803 -2.7749244 -2.9838566 -3.1695219 -3.3038354 -3.4125345 -3.4622803 -3.4954795 -3.4905049 -3.4826235 -3.4676998 -3.4573227 -3.4672719 -3.4877423 -3.5424626 -3.6062889 -3.6958313 -3.7890239 -3.883279 -3.9731827 -4.0378522 -4.089769 -4.115951 -4.1312077 -4.0963857 -4.0488188 -3.9650365 -3.8791269 -3.7796353 -3.6952115 -3.6156183 -3.5601834 -3.5235287 -3.5152585 -3.5257313 -3.5592158 -3.6063434 -3.6566464 -3.7142467 -3.7430492 -3.7726894 -3.765247 -3.7515734 -3.7096822 -3.662026
-1.1197099 -1.0806801 -1.0454094 -1.0641703 -1.0704788 -1.103651 -1.1716589 -1.303805 -1.4506734 -1.6449894 -1.8588962 -2.1089529 -2.3564905 -2.5886472 -2.7975794 -2.9840286 -3.1233167 -3.2331997 -3.28792 -3.3216208 -3.3166462 -3.3087648 -3.2903819 -3.2760938 -3.2760938 -3.2941965 -3.3389677 -3.401384 -3.4909264 -3.5856003 -3.6955646 -3.7930456 -3.8925371 -3.9469565 -4.0051602 -4.0508236 -4.0653395 -4.0297635 -3.9898734 -3.9165996 -3.847937 -3.7720048 -3.7087569 -3.6510977 -3.610458 -3.5913991 -3.5878237 -3.6022884 -3.6311803 -3.6559841 -3.695619 -3.7038438 -3.7230155 -3.7009063 -3.6832718 -3.6413806 -3.5978436
-1.244745 -1.2037983 -1.1557632 -1.1275822 -1.1225624 -1.1233656 -1.1799818 -1.2147056 -1.3469982 -1.5175641 -1.7314709 -1.9232186 -2.1669728 -2.3732057 -2.5821379 -2.762106 -2.9013942 -3.0142459 -3.0689662 -3.1088762 -3.1039016 -3.0978074 -3.0779091 -3.0603804 -3.0603804 -3.0633613 -3.1043549 -3.1608337 -3.2503761 -3.3418096 -3.4517739 -3.5678825 -3.667374 -3.7726577 -3.8426383 -3.9155587 -3.9342327 -3.9630719 -3.9333604 -3.9122721 -3.8593714 -3.817623 -3.763728 -3.7247933 -3.6829021 -3.662126 -3.6456651 -3.6514188 -3.649846 -3.6646186 -3.6590893 -3.6625327 -3.6409367 -3.6188275 -3.5728438 -3.5309526 -3.4841751
-1.4164943 -1.3545666 -1.279948 -1.2228793 -1.166027 -1.1414917 -1.1365172 -1.1712409 -1.2517817 -1.3750881 -1.5392491 -1.7214733 -1.9254309 -2.1288323 -2.3278154 -2.5075272 -2.6468154 -2.7606719 -2.8203668 -2.8614606 -2.8614606 -2.8547439 -2.829871 -2.8103063 -2.8003572 -2.8025733 -2.8373953 -2.8868766 -2.9714444 -3.0646904 -3.1903639 -3.3128389 -3.4372033 -3.5535789 -3.6687796 -3.7602662 -3.8348849 -3.8813687 -3.9023142 -3.8999176 -3.8842084 -3.8544331 -3.8196111 -3.7806765 -3.7387853 -3.7091025 -3.6829205 -3.6645824 -3.6436368 -3.6231789 -3.5969969 -3.565342 -3.5291704 -3.4760973 -3.4231993 -3.3760717 -3.3311353
-1.6254073 -1.5313201 -1.4324276 -1.3682054 -1.2733244 -1.178164 -1.1270063 -1.1265404 -1.1517273 -1.2407255 -1.3580806 -1.5359027 -1.7211309 -1.8902623 -2.0732366 -2.2513425 -2.3865776 -2.5025395 -2.5663383 -2.6094866 -2.6136413 -2.6063744 -2.5815015 -2.5580311 -2.5395691 -2.5377301 -2.5596304 -2.6048592 -2.6807107 -2.7769233 -2.90694 -3.0406621 -3.1848256 -3.3061536 -3.4423977 -3.5856905 -3.6959243 -3.774313 -3.8373142 -3.8661412 -3.8807505 -3.8713961 -3.8528584 -3.8200165 -3.7833505 -3.7414593 -3.708858 -3.6627162 -3.6317686 -3.5706401 -3.5349045 -3.4494719 -3.4035156 -3.3044397 -3.243953 -3.16991 -3.1227824
-1.8425211 -1.7307268 -1.611337 -1.4952741 -1.3815695 -1.2445612 -1.1699426 -1.1102428 -1.1149805 -1.1356282 -1.2375173 -1.3624749 -1.5266359 -1.6751909 -1.8529317 -2.0175631 -2.1518766 -2.2675292 -2.333074 -2.3811969 -2.38666 -2.3829142 -2.3580413 -2.3297732 -2.3086944 -2.2955546 -2.3135297 -2.3438348 -2.4163777 -2.5025095 -2.6320655 -2.7709346 -2.9204655 -3.0723054 -3.2293972 -3.3985959 -3.5229603 -3.6485634 -3.7323458 -3.8084261 -3.8450808 -3.8710406 -3.866066 -3.855671 -3.8242526 -3.7857958 -3.7439047 -3.6860585 -3.6336946 -3.5539871 -3.4859139 -3.3821485 -3.2909457 -3.1733628 -3.0668329 -2.98009 -2.9015441
-2.0555288 -1.9368542 -1.7876169 -1.6535936 -1.4925121 -1.3464907 -1.2171517 -1.1410862 -1.0937093 -1.0958891 -1.1456349 -1.2476157 -1.3769547 -1.5162343 -1.6754208 -1.8321138 -1.9664274 -2.0820799 -2.1566985 -2.208994 -2.2189431 -2.2172652 -2.1874177 -2.1575703 -2.1277228 -2.1101053 -2.1150799 -2.138516 -2.1982109 -2.2773211 -2.3977582 -2.5324998 -2.6867117 -2.8422488 -3.0255226 -3.2007378 -3.3648989 -3.5043074 -3.6352173 -3.7273995 -3.8059455 -3.8445898 -3.8744372 -3.8741855 -3.8689491 -3.8321582 -3.790267 -3.724424 -3.6535642 -3.5565526 -3.4594212 -3.3320973 -3.2114675 -3.0567029 -2.9211228 -2.7902129 -2.6896021
-2.2057321 -2.0842894 -1.9350522 -1.7788839 -1.610537 -1.4570459 -1.3164748 -1.2008616 -1.139923 -1.1268782 -1.1684003 -1.2291334 -1.3520968 -1.4781053 -1.6342056 -1.7786251 -1.9129387 -2.0285912 -2.1032099 -2.1582734 -2.1696131 -2.1714563 -2.1416088 -2.1117614 -2.0793363 -2.0462982 -2.0370328 -2.0563167 -2.1100761 -2.1664113 -2.2809929 -2.3991751 -2.5486307 -2.7024933 -2.8838841 -3.0560707 -3.2222155 -3.3756245 -3.5180464 -3.6357315 -3.7309286 -3.7934643 -3.84313 -3.8823622 -3.8864523 -3.8565816 -3.8293595 -3.7684942 -3.7034648 -3.6049099 -3.4863434 -3.3560312 -3.1997704 -3.040025 -2.8562917 -2.7121704 -2.5618136
-2.3257129 -2.206837 -2.0575997 -1.8931142 -1.7178196 -1.562616 -1.4084041 -1.2950328 -1.2239674 -1.1868155 -1.2116884 -1.2655909 -1.3750316 -1.4954846 -1.6447219 -1.7880205 -1.9223341 -2.0391075 -2.1137262 -2.170294 -2.1852177 -2.1870609 -2.1572135 -2.1223191 -2.0825225 -2.0461215 -2.0311978 -2.022557 -2.0573791 -2.0994837 -2.1989752 -2.3030926 -2.4423807 -2.5945083 -2.7725457 -2.9333788 -3.1025144 -3.2633322 -3.4204241 -3.5561138 -3.6660781 -3.7537119 -3.8183814 -3.86546 -3.8864056 -3.8881651 -3.8672195 -3.8210637 -3.758227 -3.6518824 -3.5314453 -3.3764453 -3.217411 -3.015616 -2.8123057 -2.6290318 -2.4482405
-2.3878053 -2.2762932 -2.1445291 -1.9805564 -1.8289503 -1.6855485 -1.5512166 -1.4400021 -1.3784122 -1.3420464 -1.3669193 -1.4208219 -1.5262502 -1.6439705 -1.7882332 -1.930348 -2.059687 -2.1761449 -2.2557382 -2.3131065 -2.3280302 -2.3298734 -2.300026 -2.2645683 -2.2148226 -2.1758233 -2.1459758 -2.1332438 -2.1382184 -2.1724356 -2.230036 -2.3233037 -2.4227952 -2.5696713 -2.7175975 -2.8601945 -3.0044572 -3.1608842 -3.3024486 -3.4411506 -3.560521 -3.6554508 -3.7376613 -3.7982181 -3.8491502 -3.8700957 -3.879638 -3.8507085 -3.8079009 -3.7182756 -3.6121654 -3.4571654 -3.2981311 -3.0825661 -2.8740331 -2.6541045 -2.461094
-2.408753 -2.3029915 -2.1869351 -2.0631379 -1.9230762 -1.8070635 -1.6814914 -1.6229859 -1.5707763 -1.5397503 -1.5657129 -1.6309757 -1.7356634 -1.8567015 -2.0007935 -2.1352638 -2.2626693 -2.3764574 -2.4559816 -2.5125494 -2.5274731 -2.5293163 -2.4994689 -2.4640113 -2.4142655 -2.362332 -2.3259214 -2.3051799 -2.3101545 -2.3071163 -2.3638924 -2.4047711 -2.501705 -2.5751618 -2.7099033 -2.8131293 -2.9500547 -3.057997 -3.1910085 -3.2983993 -3.4132247 -3.5038815 -3.592826 -3.6892711 -3.7503226 -3.7832887 -3.8248891 -3.8171147 -3.8189096 -3.7431737 -3.6813241 -3.5308068 -3.4000876 -3.1845227 -2.9785983 -2.7586697 -2.5434309
-2.3970945 -2.3273861 -2.2428183 -2.1467525 -2.047261 -1.9523364 -1.8677686 -1.8092631 -1.780837 -1.7755206 -1.8202918 -1.8870107 -1.9964514 -2.1160841 -2.2553723 -2.3898426 -2.514207 -2.6235233 -2.6981419 -2.7547097 -2.7696335 -2.7714767 -2.7416292 -2.7050204 -2.6503001 -2.5982831 -2.5535119 -2.5162064 -2.4913335 -2.4776044 -2.4880772 -2.5115824 -2.551379 -2.6055476 -2.6788572 -2.7599299 -2.8444977 -2.9353132 -3.0295683 -3.127456 -3.2269475 -3.325685 -3.4251765 -3.5216217 -3.6158768 -3.6885143 -3.7565874 -3.7937005 -3.8251188 -3.7915169 -3.7496258 -3.636598 -3.5180632 -3.3188769 -3.1142799 -2.8891149 -2.662669
-2.3572045 -2.3270602 -2.2832109 -2.1899101 -2.148396 -2.1216557 -2.0850267 -2.0485148 -2.0616458 -2.0661283 -2.1292859 -2.1962562 -2.3056969 -2.4201079 -2.5453012 -2.6749537 -2.7850707 -2.889219 -2.9494377 -3.0060055 -3.0209292 -3.0227724 -2.992925 -2.9574673 -2.9076995 -2.8529792 -2.7982588 -2.7534301 -2.7086589 -2.6805069 -2.6456261 -2.644026 -2.6232956 -2.6741966 -2.6942817 -2.6903221 -2.7067681 -2.7694694 -2.8133156 -2.8891809 -2.9588488 -3.0524505 -3.1451217 -3.2567988 -3.3675973 -3.4829675 -3.5822355 -3.6742605 -3.7363992 -3.7767471 -3.7651009 -3.7133346 -3.6143806 -3.4761979 -3.2843005 -3.0850456 -2.8582347
-2.3004552 -2.3219434 -2.2970705 -2.2701183 -2.2456209 -2.2795715 -2.259882 -2.2707486 -2.2938487 -2.3324777 -2.3992144 -2.4792526 -2.5886933 -2.686444 -2.8051317 -2.9134368 -3.0145742 -3.1037988 -3.1597826 -3.2044351 -3.218071 -3.2199142 -3.1900667 -3.1629984 -3.1160318 -3.066286 -3.0130061 -2.9569849 -2.9077399 -2.8571135 -2.8116007 -2.7619787 -2.7261762 -2.7060747 -2.6956019 -2.6189933 -2.6128533 -2.5985466 -2.6210359 -2.6419458 -2.6980612 -2.7634025 -2.8529449 -2.9688373 -3.0892744 -3.2355676 -3.3612411 -3.5032523 -3.6027439 -3.6922127 -3.7341038 -3.7317929 -3.6793323 -3.5802772 -3.4413777 -3.2602043 -3.0628671
-2.2487264 -2.2806854 -2.320482 -2.3304326 -2.3635964 -2.397547 -2.432369 -2.463235 -2.5153496 -2.5684287 -2.6430474 -2.7254952 -2.8200121 -2.9161859 -3.0156774 -3.1121325 -3.1867511 -3.2590297 -3.3038009 -3.3410384 -3.3509875 -3.3512177 -3.3313194 -3.3058109 -3.2660143 -3.221517 -3.1717713 -3.1184252 -3.0587302 -2.999926 -2.9318528 -2.8675358 -2.7929172 -2.7392296 -2.6554472 -2.5755286 -2.50091 -2.4557341 -2.413843 -2.412204 -2.4226768 -2.4771663 -2.5468104 -2.6591381 -2.7952844 -2.9495499 -3.1171146 -3.2766901 -3.4413037 -3.5541895 -3.659593 -3.691609 -3.7041693 -3.6488962 -3.5593532 -3.4179705 -3.2491442
-2.2119058 -2.2824712 -2.3447551 -2.3806704 -2.4410411 -2.5164119 -2.571187 -2.6206347 -2.681783 -2.7383357 -2.8060501 -2.8874993 -2.9687666 -3.0284615 -3.0995225 -3.1797428 -3.2291288 -3.2881966 -3.3183458 -3.351083 -3.3573258 -3.3585546 -3.3419335 -3.3291792 -3.3046148 -3.2675216 -3.2332115 -3.1821649 -3.1263797 -3.0619479 -2.9860852 -2.9038822 -2.8046835 -2.7270285 -2.6214256 -2.490247 -2.3844969 -2.2996452 -2.2241351 -2.1874982 -2.1773031 -2.2080803 -2.266396 -2.3747292 -2.5108755 -2.6857327 -2.8617545 -3.057263 -3.233358 -3.4098522 -3.534003 -3.6393286 -3.6742603 -3.689365 -3.6323975 -3.5515778 -3.4134869
