mean_models/J1_mean_vp_slide_diff2_340.dat.tif
NCOLS 118
NROWS 92
XLLCORNER 139.62
YLLCORNER -39.07
DX 0.099491525
DY 0.099347826
NODATA_VALUE -9999
[rows 0 to 23 of 92, columns 54 to 107 of 118]
-9999 -9999 -9999 -9999 -9999 -9999 -9999 -9999 -9999 -9999 -9999 -9999 -9999 -9999 -9999 -9999 -9999 -9999 -9999 -9999 -9999 -9999 -9999 -9999 -9999 -9999 -9999 -9999 -9999 -9999 -9999 -9999 -9999 -9999 -9999 -9999 -9999 -9999 -9999 -9999 -9999 -9999 -9999 -9999 -9999 -9999 -9999 -9999 -9999 -9999 -9999 -9999 -9999 -9999
0.023707358 0.016660023 0.014374205 0.012088387 0.0098025697 0.0075167519 0.011271762 0.018420817 0.025376341 0.032331865 0.039287388 0.046242912 0.058020848 0.050579244 0.043137639 0.035696035 0.028254431 0.022453281 0.018751275 0.015049269 0.011347263 0.0076452568 -0.0041098915 -0.0063505495 0.0054801192 0.017310788 0.029141457 0.040972125 0.034128229 0.018656358 0.0031844875 -0.012287383 -0.024838454 -0.015680688 -0.0029264114 0.011237803 0.025402017 0.039566231 0.053086914 0.045665236 0.038243559 0.030821881 0.023400203 0.019482538 0.0067316403 0.00010167808 -0.0065282841 -0.013158246 -0.019788208 -0.017097775 -0.0082580509 0.00066295621 0.0095839633 0.01850497
0.018666284 0.0082459679 -0.00014340977 -0.0024292276 -0.0047150454 -0.0070008632 -0.0032458527 0.0046141555 0.011912434 0.018867957 0.025823481 0.032779005 0.048608883 0.064090962 0.056649358 0.049207753 0.041766149 0.035964999 0.032262993 0.028560987 0.024858981 0.011756862 -0.0021401139 -0.0089485254 -0.013101029 -0.0012703602 0.010560309 0.022390977 0.015547081 7.5210184e-05 -0.015396661 -0.02551023 -0.017218268 -0.0080605029 0.0026573625 0.015058141 0.029222355 0.043386569 0.056907252 0.049485574 0.042063897 0.034642219 0.031057897 0.029103961 0.015022428 0.00026498107 -0.0063649811 -0.012994943 -0.019624905 -0.016934472 -0.0098007308 -0.001032787 0.0078882201 0.016809227
0.01362521 0.0032048936 -0.0072154224 -0.016946843 -0.01923266 -0.021518478 -0.017763468 -0.0099034596 -0.0020434514 0.0054040502 0.012359574 0.019315097 0.035144976 0.051279788 0.0674146 0.062719472 0.055277867 0.049476717 0.045774711 0.041679337 0.027702988 0.01372664 -0.00017033624 -0.0069787478 -0.013787159 -0.019851508 -0.0080208396 0.0038098291 -0.0030340671 -0.018505938 -0.026182006 -0.017890045 -0.0095980831 -0.00044031767 0.010277548 0.020995413 0.033042693 0.047206907 0.06072759 0.053305912 0.045884234 0.042633255 0.04067932 0.038725384 0.024643851 0.0092706882 -0.0061024744 -0.01283164 -0.019461603 -0.016771169 -0.0096374278 -0.0025036865 0.0061924769 0.015113484
0.0085841353 -0.0018361807 -0.012256497 -0.022676813 -0.033097129 -0.036036093 -0.032281083 -0.024421075 -0.016561066 -0.0087010583 -0.0011043333 0.0058511903 0.021681069 0.037815881 0.053950693 0.070085505 0.068789586 0.062988436 0.057625463 0.043649114 0.029672766 0.015696417 0.0017994414 -0.0050089702 -0.011817382 -0.018625793 -0.025434205 -0.014771319 -0.021615215 -0.026853783 -0.018561821 -0.010269859 -0.0019778979 0.0071798676 0.017897733 0.028615598 0.039333464 0.051027245 0.064547927 0.05712625 0.054208614 0.052254678 0.050300743 0.048346807 0.034265274 0.018892111 0.0035189486 -0.011854214 -0.0192983 -0.016607866 -0.0094741249 -0.0023403835 0.0047933579 0.013417741
0.003543061 -0.006877255 -0.017297571 -0.027717887 -0.038138203 -0.048558519 -0.046798698 -0.03893869 -0.031078681 -0.023218673 -0.015358665 -0.0076127169 0.0082171614 0.024351973 0.040486785 0.056621597 0.072756409 0.073571589 0.05959524 0.045618892 0.031642543 0.017666195 0.003769219 -0.0030391926 -0.0098476041 -0.016656016 -0.023464427 -0.030272839 -0.027525559 -0.019233598 -0.010941636 -0.0026496743 0.0056422874 0.014800053 0.025517918 0.036235784 0.046953649 0.057671514 0.068368265 0.065783972 0.063830037 0.061876101 0.059922166 0.05796823 0.043886697 0.028513534 0.013140372 -0.0022327911 -0.017605954 -0.016444563 -0.0093108219 -0.0021770805 0.0049566608 0.012090402
0.015626897 0.0052065806 -0.0052137354 -0.015634051 -0.026054367 -0.033391507 -0.039448612 -0.037769053 -0.029909044 -0.022049036 -0.014189028 -0.0063290199 0.0095309051 0.025665717 0.041800529 0.057935341 0.067239008 0.061593961 0.047617613 0.033641264 0.019664916 0.0057129243 0.0085342576 0.007691746 0.00088333437 -0.0059250772 -0.012733489 -0.0195419 -0.016021862 -0.0077299008 0.00056206079 0.0088540224 0.015958585 0.015008313 0.012305697 0.023023563 0.033741428 0.044459293 0.054799379 0.052845444 0.050891508 0.048937573 0.046983637 0.055039852 0.04210657 0.026733407 0.011360244 -0.0040129183 -0.021961407 -0.023411376 -0.016277634 -0.0091438929 -0.0020101515 0.0076571976
0.030423804 0.020003488 0.0095831721 -0.00083714384 -0.0072343122 -0.012701371 -0.018758476 -0.025216542 -0.026254101 -0.018394093 -0.010534085 -0.0026740768 0.013185848 0.02932066 0.045455472 0.052185959 0.053051716 0.047406669 0.033430321 0.019453972 0.0079815301 0.010841175 0.013662508 0.013062367 0.012462227 0.0061938779 -0.00061453364 -0.0074229452 -0.0039029073 0.0043890543 0.012681016 0.019330626 0.024012735 0.023062463 0.01196315 0.0065108969 0.017228762 0.027946628 0.038286714 0.036332778 0.034378843 0.032424907 0.041477712 0.051453395 0.038520113 0.02314695 0.0077737878 -0.010602455 -0.030057832 -0.031507801 -0.024374059 -0.017240318 -0.0072954132 0.0042939567
0.045220712 0.034800396 0.024389942 0.018922883 0.013455824 0.0079887645 0.0019316595 -0.0045264065 -0.010984472 -0.01473915 -0.0068791419 0.00098086627 0.016840791 0.032975603 0.037132909 0.037998667 0.038864424 0.033219377 0.019243028 0.010250136 0.01310978 0.015969425 0.018790758 0.018190618 0.017590477 0.016990337 0.011504421 0.0046960099 0.0082160478 0.016508009 0.022702667 0.027384775 0.032066884 0.031116612 0.0200173 0.0089179877 0.00071609672 0.011433962 0.021774048 0.019820113 0.017939888 0.027915572 0.037891255 0.047866939 0.034933657 0.019560494 0.00075649595 -0.018698881 -0.038154257 -0.039604226 -0.032470484 -0.022248024 -0.010658654 0.00093071568
0.060017619 0.050547138 0.045080078 0.039613019 0.03414596 0.0286789 0.022621795 0.016163729 0.0097056635 0.0032475975 -0.0032104685 0.0046358094 0.020495734 0.02207986 0.022945617 0.023811374 0.024677131 0.019032084 0.012518742 0.015378386 0.018238031 0.021097675 0.023919008 0.023318868 0.022718728 0.022118587 0.021518447 0.016814965 0.020335003 0.026074707 0.030756816 0.035438925 0.040121034 0.039170761 0.028071449 0.016972137 0.005872825 -0.0050787035 0.0052613825 0.0043777478 0.014353431 0.024329115 0.034304799 0.044280482 0.0313472 0.012115447 -0.0073399291 -0.026795306 -0.046250682 -0.047700651 -0.037200635 -0.025611265 -0.014021895 -0.0024325253
0.0705277 0.06506064 0.059593581 0.054126522 0.048659462 0.043192403 0.040981953 0.034523887 0.028065821 0.021607755 0.015149689 0.0086916228 0.0093140843 0.010179841 0.011045599 0.011911356 0.012777113 0.013929821 0.016789465 0.019649109 0.022508754 0.025368398 0.029030532 0.027315478 0.026715338 0.026115197 0.025515057 0.024914916 0.027927762 0.032609871 0.03729198 0.041974089 0.046656197 0.047028513 0.035929201 0.024829889 0.013730577 0.0026312646 -0.007839747 0.0021359366 0.01211162 0.022087304 0.032062987 0.041283386 0.023016209 0.0035608322 -0.015894544 -0.035349921 -0.054805297 -0.051467345 -0.039877975 -0.028288605 -0.016699236 -0.0051098658
0.044561283 0.039094223 0.033627164 0.028160105 0.022693045 0.043110381 0.04650367 0.037614018 0.031155952 0.024697886 0.01823982 0.011781754 0.012404216 0.013269973 0.01413573 0.015001487 0.013018084 0.012580553 0.015440197 0.018299842 0.021159486 0.025794322 0.034723784 0.025858338 0.023295496 0.022695355 0.022095215 0.021495074 0.02450792 0.029190029 0.033872138 0.038554247 0.047729711 0.052137419 0.042499818 0.031400506 0.020301194 0.0092018814 -0.0012691301 0.0087065535 0.018682237 0.028657921 0.03683664 0.029725922 0.011458745 -0.0079966315 -0.027452008 -0.046907384 -0.05520829 -0.049649487 -0.038060117 -0.026470747 -0.014881377 0.00037711984
0.018594865 0.013127806 0.0076607468 0.0044461639 0.02728018 0.050114195 0.053507485 0.043689981 0.034246083 0.027788017 0.021329951 0.014871886 0.015494347 0.016360104 0.017225861 0.014683048 0.011668817 0.011231285 0.01409093 0.016950574 0.022358857 0.031487573 0.040417035 0.031551589 0.022686144 0.019275513 0.018675373 0.018075232 0.021088078 0.025770187 0.030452296 0.040389017 0.052492819 0.056900526 0.047440572 0.037971123 0.02687181 0.015772498 0.0053014867 0.01527717 0.025252854 0.032389894 0.025279176 0.018168458 -9.871882e-05 -0.019554095 -0.039009472 -0.046299364 -0.053390432 -0.047831629 -0.036242259 -0.024652889 -0.0092167388 0.0067960243
-0.0073715517 -0.012838611 -0.011384037 0.011449979 0.034283994 0.05711801 0.0605113 0.050693796 0.040876292 0.031058788 0.024420083 0.017962017 0.018584478 0.019362243 0.016348012 0.01333378 0.010319549 0.0098820177 0.012741662 0.018923393 0.028052109 0.037180824 0.046110287 0.037244841 0.028379395 0.019513949 0.015255531 0.014655391 0.017668237 0.022350345 0.033048324 0.045152125 0.057255926 0.061663634 0.052203679 0.042743724 0.03328377 0.022343115 0.011872104 0.021847787 0.027943148 0.02083243 0.013721712 0.0066109942 -0.011656183 -0.030299372 -0.037390439 -0.044481506 -0.051572573 -0.04601377 -0.034424401 -0.018810597 -0.0027978343 0.013214929
-0.033337969 -0.027214238 -0.0043802223 0.018453793 0.041287809 0.064121825 0.067515115 0.057697611 0.047880107 0.038062603 0.028245099 0.021052148 0.021027207 0.018012976 0.014998744 0.011984513 0.0089702813 0.00853275 0.015487928 0.024616644 0.03374536 0.042874076 0.051803538 0.042938092 0.034072646 0.0252072 0.016341755 0.011235549 0.014248395 0.02570763 0.037811431 0.049915232 0.062019033 0.066426741 0.056966786 0.047506832 0.038046877 0.028586923 0.01844272 0.023496402 0.016385684 0.0092749661 0.0021642483 -0.0049464696 -0.021390446 -0.028481514 -0.035572581 -0.042663648 -0.049754715 -0.044195912 -0.028404456 -0.012391693 0.0036210701 0.019633833
-0.043532358 -0.023817796 -0.00098378049 0.021850235 0.044684251 0.067518267 0.075167124 0.06534962 0.055532116 0.045714612 0.035897109 0.026079605 0.022435965 0.019421733 0.016407502 0.01339327 0.010379039 0.012691569 0.021820285 0.030949001 0.040077717 0.049206433 0.053444567 0.05008521 0.041219764 0.032354318 0.023488872 0.014623426 0.02010066 0.032204461 0.044308262 0.056412063 0.068515864 0.064838673 0.055378719 0.045918764 0.03645881 0.026998855 0.017608937 0.01049822 0.0033875017 -0.0037232161 -0.010833934 -0.013313693 -0.014789154 -0.021880221 -0.028971288 -0.036062356 -0.043153423 -0.038760791 -0.022748028 -0.0067352645 0.0092774985 0.025290262
-0.020810876 -0.021264806 -0.0059695617 0.016864454 0.03969847 0.062532486 0.073003891 0.074507799 0.064690295 0.054872791 0.045055287 0.035237783 0.030888257 0.027239139 0.024224907 0.021210676 0.018196445 0.020508975 0.029637691 0.038766406 0.047895122 0.04990904 0.045051367 0.052987036 0.051745138 0.042879692 0.034014246 0.0251488 0.030626033 0.042729835 0.054833636 0.066937437 0.068763747 0.061074936 0.040258494 0.029572876 0.020112922 0.010652967 0.0012630494 -0.0058476685 -0.012958386 -0.020069104 -0.020865064 -0.0078199692 -0.0029744845 -0.0041639673 -0.011255034 -0.018346102 -0.025437169 -0.025700057 -0.018863316 -0.0028505532 0.01316221 0.029174973
0.0019106064 0.0014566763 0.0010027462 0.011878673 0.034712689 0.057546704 0.06801811 0.070088599 0.072159089 0.06403097 0.054213466 0.044395962 0.040046435 0.035884795 0.032042313 0.029028082 0.02601385 0.02832638 0.037455096 0.046583812 0.046516763 0.04151584 0.036658167 0.044593836 0.052529505 0.053405065 0.04453962 0.035674174 0.041151407 0.053255208 0.065359009 0.065609026 0.065205616 0.057516805 0.036700362 0.015883919 0.0037670336 -0.005692921 -0.015082839 -0.022193557 -0.029304274 -0.028416435 -0.015371341 -0.0023262458 0.0025192389 0.006491438 0.0064612195 -0.00062984766 -0.0077209148 -0.0079838026 -0.0049914955 0.0010341582 0.017046921 0.033059684
0.024632088 0.024178158 0.023724228 0.023270298 0.029726907 0.052560923 0.063032328 0.065102818 0.067173308 0.069243797 0.063371644 0.05355414 0.049204614 0.045042974 0.040881334 0.036845487 0.033831256 0.036143786 0.045272502 0.043124486 0.038123562 0.033122639 0.028264966 0.036200636 0.044136305 0.052071974 0.055064993 0.046199548 0.051676781 0.062857714 0.062454304 0.062050894 0.061647484 0.053958673 0.03314223 0.012325787 -0.0084906559 -0.022038809 -0.031428727 -0.038539445 -0.035967807 -0.022922712 -0.0098776171 0.0031674776 0.0080129623 0.011985161 0.015957361 0.017086406 0.0099953391 0.0097324513 0.012724758 0.015717066 0.020931633 0.036944396
0.04735357 0.04689964 0.04644571 0.04599178 0.04553785 0.047575142 0.058046547 0.060117037 0.062187527 0.064258016 0.066328506 0.062712319 0.058362792 0.054201152 0.050039512 0.045877872 0.041716232 0.043961191 0.039732208 0.034731285 0.029730362 0.024729439 0.019871766 0.027807435 0.035743105 0.043678774 0.051614443 0.056724921 0.059702992 0.059299582 0.058896172 0.058492762 0.058089352 0.050400541 0.029584098 0.0087676552 -0.012048788 -0.032865231 -0.047774615 -0.043519178 -0.030474083 -0.017428988 -0.0043838937 0.008661201 0.013506686 0.017478885 0.021451084 0.025423283 0.027711593 0.027448705 0.030441012 0.033433319 0.036425627 0.040829107
0.053533905 0.053079975 0.052626045 0.052172114 0.051718184 0.054115972 0.050195432 0.050988438 0.053058928 0.055129417 0.057199907 0.059270397 0.055315787 0.051154147 0.046992507 0.042830867 0.03885243 0.035304317 0.030303394 0.025302471 0.020301548 0.015300625 0.013846292 0.010009004 0.017944674 0.025880343 0.033816012 0.041751682 0.043983534 0.043580124 0.043176714 0.042773305 0.042369895 0.04842488 0.03279246 0.011976017 -0.0088404261 -0.029656869 -0.049463811 -0.036418716 -0.023373622 -0.010328527 0.0027165677 0.012662967 0.01693641 0.02090861 0.024880809 0.028853008 0.031073598 0.032539866 0.035532174 0.038524481 0.041516788 0.046130105
0.047236944 0.046783014 0.046329083 0.045875153 0.050250928 0.060220156 0.056299616 0.042940391 0.040805325 0.042875814 0.044946304 0.047016794 0.043062184 0.038900543 0.034738903 0.031055192 0.028642433 0.02509432 0.020093397 0.015092474 0.010091551 0.0095747481 0.0099694013 -0.00075878866 -0.0069482981 0.00098737127 0.0089230406 0.01685871 0.019090563 0.018687153 0.018283743 0.019290112 0.030183683 0.036252658 0.033628146 0.020288471 -0.00052797231 -0.021344415 -0.041151357 -0.028106263 -0.015061168 -0.0020160733 0.0074338402 0.014535779 0.018809223 0.022781422 0.026753621 0.028376204 0.026641416 0.028107685 0.031099992 0.034092299 0.0390983 0.04839439
0.040939982 0.040486052 0.040032122 0.046385883 0.056355112 0.06632434 0.0624038 0.049044575 0.035685351 0.030622211 0.032692701 0.034763191 0.03080858 0.02664694 0.023257955 0.020845195 0.018432435 0.014884323 0.0098833996 0.0048824765 0.0051786594 0.0056978577 0.0060925109 -0.004635679 -0.015363869 -0.023905601 -0.015969931 -0.0080342619 -0.0058024091 -0.0062058191 -0.0037756816 0.0071178895 0.018011461 0.024080435 0.021455924 0.018831412 0.0077844814 -0.013031961 -0.032838904 -0.019793809 -0.0067487143 0.0022047132 0.0093066524 0.016408592 0.020682035 0.024654234 0.025678811 0.023944023 0.022209235 0.023675504 0.026667811 0.032066495 0.041362585 0.050658675
0.034643021 0.034189091 0.042520839 0.052490067 0.062459296 0.072428524 0.068507984 0.055148759 0.041789535 0.02843031 0.020439098 0.022509587 0.018554977 0.015460718 0.013047958 0.010635198 0.0082224381 0.0046743255 0.00026337226 0.00078257062 0.001301769 0.0018209674 0.0022156205 -0.0085125694 -0.019240759 -0.029968949 -0.040697139 -0.032927234 -0.030695381 -0.026841475 -0.015947904 -0.0050543329 0.0058392382 0.011908213 0.0092837013 0.0066591899 0.0040346786 -0.0047195077 -0.02452645 -0.011481355 -0.0030244137 0.0040775254 0.011179465 0.018281404 0.022554847 0.022981417 0.021246629 0.019511842 0.017777054 0.019243323 0.025034689 0.03433078 0.04362687 0.05292296
