mean_models/J1_mean__temp2_slide_220.dat.tif
NCOLS 118
NROWS 92
XLLCORNER 139.62
YLLCORNER -39.07
DX 0.099491525
DY 0.099347826
NODATA_VALUE -9999
[rows 54 to 80 of 92, columns 0 to 59 of 118]
-9999 1300.4714 1304.7368 1309.0022 1313.2677 1301.1246 1287.6084 1276.7617 1268.9958 1261.2299 1253.464 1268.6668 1289.9162 1302.0077 1295.76 1289.5123 1296.1619 1304.0128 1311.8637 1315.449 1309.1937 1302.9383 1296.6829 1286.0212 1273.3794 1264.5192 1265.7944 1267.0696 1267.3069 1267.4209 1267.5349 1271.1585 1281.5474 1291.9364 1302.3253 1310.0425 1317.0467 1322.7638 1326.6395 1330.5152 1334.3909 1332.8214 1330.7746 1329.7478 1329.4542 1325.1381 1310.7024 1296.2667 1281.831 1289.782 1301.6019 1313.4219 1317.4193 1312.9781 1309.212 1307.7847 1306.3573 1304.93 1313.8694 1324.6035
-9999 1318.7912 1323.0566 1322.9308 1309.4146 1295.8985 1282.3823 1271.5355 1263.7697 1259.3631 1280.6125 1301.8619 1323.1113 1335.2029 1328.9551 1322.7074 1316.4597 1318.845 1326.6959 1330.2812 1324.0259 1317.7705 1305.1771 1292.5354 1279.8936 1271.0334 1272.3086 1273.5838 1274.859 1275.4223 1275.5363 1279.1599 1289.5488 1299.7004 1306.7046 1313.7088 1320.713 1326.4301 1330.3058 1333.1246 1331.0778 1329.031 1326.9843 1325.9574 1325.6639 1325.3703 1324.4107 1309.975 1295.5393 1303.4902 1315.3102 1315.8012 1311.3599 1306.9187 1303.1526 1301.7253 1301.1257 1311.8598 1322.5939 1333.328
-9999 1337.1109 1331.2208 1317.7047 1304.1885 1290.6723 1277.1562 1266.3094 1271.3088 1292.5582 1313.8076 1335.057 1356.3065 1368.398 1362.1503 1355.9025 1349.6548 1343.4071 1341.5281 1345.1134 1336.9747 1324.333 1311.6913 1299.0496 1286.4078 1277.5476 1278.8228 1280.098 1281.3731 1282.6483 1283.5377 1287.1613 1296.3626 1303.3668 1310.371 1317.3752 1324.3794 1330.0965 1331.3811 1329.3343 1327.2875 1325.2407 1323.1939 1322.1671 1321.8735 1321.5799 1321.2863 1320.9928 1309.2476 1317.1985 1314.183 1309.7418 1305.3006 1300.8594 1297.0933 1299.1161 1309.8502 1320.5843 1331.3184 1342.0524
-9999 1337.7501 1324.2339 1310.7177 1297.2016 1283.6854 1270.1692 1269.8854 1291.1348 1312.3843 1333.6337 1354.8831 1376.1326 1390.7949 1384.5472 1378.2994 1372.0517 1365.804 1359.5562 1351.375 1338.7333 1326.0916 1313.4499 1300.8081 1288.1664 1282.5055 1283.6066 1284.8817 1286.1569 1287.4321 1288.7073 1291.9393 1298.9435 1305.9477 1312.9519 1319.9561 1326.9603 1332.349 1330.3022 1328.2555 1326.2087 1324.1619 1322.1151 1317.6884 1317.3948 1317.1012 1316.8076 1316.5141 1316.2205 1316.4509 1312.0097 1307.5685 1303.1272 1298.686 1296.4894 1306.9275 1317.6616 1328.3957 1339.1297 1349.8638
-9999 1324.7492 1311.233 1297.7169 1284.2007 1271.0595 1260.5585 1258.9954 1267.7481 1286.549 1307.7984 1329.0479 1350.2973 1365.2283 1367.5063 1363.8154 1357.5677 1351.3199 1345.0722 1336.891 1324.2493 1311.6076 1298.9658 1286.3241 1289.0089 1290.5779 1284.8269 1283.7554 1285.0305 1286.3057 1287.5809 1290.8129 1297.8171 1304.8213 1311.8255 1318.4955 1305.9997 1308.9393 1333.9614 1336.4378 1334.391 1332.3442 1330.2974 1322.3656 1310.565 1310.2714 1309.9778 1309.6842 1309.3906 1317.8625 1323.1088 1318.6676 1314.2264 1309.7851 1307.5886 1313.1672 1322.3543 1333.0884 1343.8225 1354.5565
-9999 1311.7483 1298.2321 1284.716 1272.641 1262.1399 1251.6388 1250.0758 1258.8284 1267.581 1281.9631 1303.2126 1324.462 1339.393 1341.671 1343.9491 1343.0836 1336.8359 1330.5882 1322.407 1309.7652 1297.1235 1288.4812 1292.7812 1297.0813 1298.6502 1292.8993 1287.1483 1283.9042 1285.1793 1286.4545 1289.6865 1296.6907 1303.6949 1304.3352 1291.8394 1279.3436 1282.2832 1307.3053 1332.3274 1342.5733 1340.5265 1338.4797 1330.5479 1318.3855 1306.2231 1303.148 1302.8544 1302.5608 1311.0327 1321.0195 1329.7667 1325.3255 1320.8843 1318.6877 1324.2663 1329.845 1337.7812 1348.5152 1359.2493
-9999 1298.7474 1285.2313 1274.2224 1263.7213 1253.2202 1242.7191 1241.1561 1249.9087 1258.6614 1267.414 1277.3773 1298.6267 1313.5577 1315.8357 1318.1138 1320.3918 1322.3519 1316.1041 1307.9229 1295.2812 1292.2535 1296.5536 1300.8536 1305.1536 1306.7226 1300.9716 1295.2207 1289.4697 1284.053 1285.3281 1288.5602 1295.5644 1290.1749 1277.6791 1265.1833 1252.6875 1255.6271 1280.6492 1305.6713 1330.6934 1348.7088 1346.662 1338.7302 1326.5678 1314.4054 1302.243 1296.0246 1295.731 1304.2029 1314.1897 1324.1765 1334.1633 1331.9834 1329.7868 1335.3655 1340.9441 1346.5227 1353.208 1363.942
-9999 1286.3049 1275.8038 1265.3027 1254.8016 1244.3005 1233.7994 1232.2364 1240.9891 1249.7417 1258.4944 1267.247 1275.9996 1287.7224 1290.0005 1292.2785 1294.5565 1296.8345 1299.1125 1293.4389 1296.0259 1300.3259 1304.6259 1308.9259 1313.2259 1314.7949 1309.044 1303.293 1297.5421 1291.7911 1286.0402 1287.4338 1276.0145 1263.5187 1251.0229 1238.5271 1226.0313 1228.9709 1253.9931 1279.0152 1304.0373 1329.0594 1354.0815 1346.9125 1334.7501 1322.5877 1310.4253 1298.2629 1288.9011 1297.373 1307.3599 1317.3467 1327.3335 1337.3203 1340.886 1346.4646 1352.0432 1357.6219 1363.2005 1368.7791
-9999 1280.8635 1270.3624 1259.8613 1249.3602 1238.8591 1234.9951 1240.3126 1247.1623 1255.9149 1264.6676 1273.4202 1282.1729 1283.7769 1277.1384 1279.4164 1281.6945 1283.9725 1286.2505 1289.14 1293.44 1297.74 1302.04 1306.3401 1309.231 1306.5299 1302.8318 1297.0809 1291.3299 1285.579 1279.828 1271.7733 1259.2775 1246.7817 1234.2859 1221.7901 1213.3401 1230.7112 1264.0875 1289.1097 1314.1318 1339.1539 1364.176 1361.537 1346.2688 1334.1064 1321.944 1309.7816 1297.6192 1299.1999 1309.1058 1319.0926 1329.0795 1339.0663 1344.1018 1338.3205 1343.8991 1349.4778 1355.0564 1360.635
-9999 1276.9346 1266.4335 1255.9324 1245.4313 1247.325 1253.1073 1258.4248 1263.2059 1268.6513 1277.404 1286.1566 1294.9093 1296.5133 1283.802 1272.1958 1274.4739 1276.7519 1279.0299 1281.9194 1286.2194 1290.5194 1294.8194 1295.3711 1292.6125 1289.9115 1287.3645 1284.6571 1278.9061 1273.1552 1267.4043 1259.3495 1246.8537 1234.3579 1221.8621 1217.2751 1217.2721 1234.6432 1276.8705 1315.1851 1340.2073 1365.2294 1390.2515 1387.6125 1365.0883 1347.0759 1334.9135 1322.7511 1310.5887 1312.1694 1316.1252 1324.5678 1334.5546 1344.5414 1349.577 1337.4617 1327.3871 1332.9657 1338.5444 1344.123
-9999 1273.0057 1262.5046 1253.8727 1259.655 1265.4372 1271.2195 1276.537 1281.3182 1286.0993 1290.8804 1298.893 1307.6457 1309.2497 1296.5384 1283.827 1271.1156 1269.5313 1271.8093 1274.6988 1278.9988 1283.2988 1281.5112 1278.7526 1275.9941 1273.293 1270.746 1268.199 1265.652 1260.7314 1254.9805 1246.9257 1234.4299 1221.9341 1221.2101 1221.2071 1221.204 1238.5752 1280.8025 1323.0297 1365.257 1391.3049 1416.327 1413.688 1391.1638 1368.6397 1347.883 1335.7206 1323.5582 1325.1389 1329.0948 1333.0506 1340.0298 1350.0166 1355.0521 1342.9369 1330.8217 1318.7064 1322.0323 1327.6109
-9999 1269.0768 1266.2027 1271.985 1277.7672 1283.5495 1289.3317 1294.6492 1299.4304 1304.2115 1308.9926 1313.7738 1320.382 1321.9861 1309.2747 1296.5634 1283.852 1271.1406 1264.5887 1267.4782 1270.4099 1267.6513 1264.8927 1262.1342 1259.3756 1256.6745 1254.1275 1251.5806 1249.0336 1246.4866 1242.5567 1234.5019 1225.1482 1225.1451 1225.1421 1225.1391 1225.136 1242.5071 1284.7344 1326.9617 1369.189 1411.4163 1442.4025 1439.7635 1417.2393 1394.7151 1372.191 1349.6668 1336.5278 1338.1084 1342.0643 1346.0202 1349.976 1355.4918 1360.5273 1348.4121 1336.2968 1324.1816 1312.0664 1311.0989
-9999 1273.8098 1279.592 1285.3743 1291.1565 1296.9388 1302.721 1310.143 1314.9241 1319.7053 1324.4864 1329.2675 1334.0487 1332.486 1319.7747 1307.0633 1294.3519 1281.6406 1268.9292 1259.2274 1256.4688 1253.7103 1250.9517 1248.1931 1245.4346 1244.4021 1241.8551 1239.3081 1236.7611 1234.2141 1231.6672 1229.9891 1229.9861 1229.983 1229.98 1229.977 1229.9739 1246.9535 1289.1808 1331.4081 1373.6354 1415.8627 1458.09 1460.9126 1438.3884 1415.8643 1393.3401 1370.8159 1348.2917 1348.3455 1352.3013 1356.2572 1360.213 1364.1689 1362.6141 1350.4988 1338.3836 1326.2684 1314.1532 1302.0379
-9999 1263.7081 1269.4903 1275.2726 1281.0548 1287.2496 1302.3194 1312.613 1317.3941 1322.1753 1326.9564 1331.7376 1327.0539 1321.8321 1317.3338 1306.4394 1293.728 1281.0167 1268.3053 1258.6035 1255.8449 1253.0864 1250.3278 1247.5692 1252.194 1255.6016 1251.578 1248.6521 1246.1051 1243.5581 1241.0112 1239.3331 1239.3301 1239.327 1239.324 1239.321 1237.639 1253.9587 1296.1859 1338.4132 1380.6405 1419.7318 1424.7335 1430.9934 1435.0345 1412.5103 1389.9861 1367.4619 1344.9377 1344.9915 1348.9473 1352.9032 1356.8591 1354.6185 1347.8474 1335.7322 1323.617 1311.5018 1299.4114 1287.8359
-9999 1253.6064 1259.3886 1265.1709 1274.6497 1289.7196 1304.7894 1315.083 1319.8641 1324.6453 1326.661 1321.078 1315.4951 1310.2734 1305.775 1301.2767 1293.1041 1280.3928 1267.6814 1257.9796 1255.221 1252.4625 1251.1109 1257.291 1263.4711 1266.8786 1262.8551 1258.8316 1255.4491 1252.9021 1250.3552 1248.6771 1248.6741 1248.671 1248.2232 1246.4337 1244.6442 1260.9638 1303.1911 1345.4184 1373.8249 1378.8266 1383.8283 1390.0882 1397.2526 1404.4171 1386.6321 1364.1079 1341.5837 1341.6375 1345.5934 1349.5492 1345.0802 1339.8519 1333.0808 1320.9656 1308.8504 1296.891 1285.3155 1273.74
-9999 1243.5047 1249.287 1262.0498 1277.1197 1292.1896 1307.2594 1317.553 1322.3342 1320.6851 1315.1022 1309.5192 1303.9363 1298.7146 1294.2162 1289.7179 1285.2195 1279.7689 1267.0575 1257.3557 1254.5971 1256.2079 1262.388 1268.5681 1274.7482 1278.1557 1274.1322 1270.1087 1266.0852 1262.2461 1259.6991 1258.0211 1258.0181 1257.0178 1255.2283 1253.4388 1251.6493 1267.9689 1310.1962 1327.918 1332.9197 1337.9213 1342.923 1349.1829 1356.3474 1363.5118 1370.6762 1360.7539 1338.2298 1338.2835 1340.7701 1335.5419 1330.3136 1325.0853 1318.3142 1306.199 1294.3706 1282.7951 1271.2196 1259.6441
-9999 1234.3801 1249.45 1264.5198 1279.5897 1294.6596 1309.7294 1320.023 1314.7093 1309.1263 1303.5434 1297.9604 1292.3775 1287.1558 1282.6574 1278.1591 1273.6607 1269.1624 1264.6641 1256.7318 1261.3049 1267.485 1273.6651 1279.8452 1286.0252 1289.4328 1285.4093 1281.3858 1277.3623 1273.3388 1269.3153 1267.3651 1265.8124 1264.0229 1262.2334 1260.4439 1258.6544 1274.974 1282.011 1287.0127 1292.0144 1297.0161 1302.0178 1308.2777 1315.4421 1322.6066 1329.771 1336.9354 1334.8758 1331.2318 1326.0035 1320.7752 1315.547 1310.3187 1303.5476 1291.8501 1280.2746 1268.6992 1257.1237 1245.5482
-9999 1243.8289 1258.8988 1273.9687 1289.0385 1304.1084 1315.7993 1320.2565 1318.452 1312.8691 1307.2861 1301.7032 1296.1202 1290.2711 1284.7641 1280.2657 1275.7674 1271.2691 1266.7707 1265.5014 1271.6814 1277.8615 1284.0416 1290.2217 1294.4609 1292.7564 1299.3746 1295.3511 1291.3275 1287.304 1283.2805 1280.0201 1278.2306 1276.4411 1274.6516 1272.8621 1270.0094 1269.8414 1276.0758 1281.0775 1286.0792 1291.0808 1296.0825 1297.719 1302.9496 1310.114 1317.2784 1324.4429 1331.6073 1325.1076 1319.8793 1314.651 1309.4228 1304.1945 1301.1842 1299.1402 1287.5647 1275.9892 1264.4137 1252.8382
-9999 1257.24 1272.3098 1287.3797 1302.4496 1310.4005 1315.7397 1320.1969 1323.6361 1325.2993 1319.7163 1314.1334 1308.5505 1302.7014 1296.3193 1290.131 1285.6326 1281.1343 1276.6359 1275.3666 1281.5467 1287.7268 1293.9068 1293.1415 1285.4843 1283.7798 1298.03 1310.8425 1306.819 1302.7955 1298.772 1295.5116 1293.7221 1291.9326 1290.1431 1285.933 1280.1389 1279.9708 1287.8515 1294.9966 1299.9982 1304.9999 1310.0016 1311.6381 1310.8554 1313.7528 1320.9173 1328.0817 1335.2461 1328.586 1319.5365 1313.4336 1308.2053 1302.977 1299.9667 1304.6393 1306.9967 1295.4212 1283.8457 1272.2702
-9999 1270.651 1285.7209 1299.6623 1305.0016 1310.3408 1315.6801 1320.1373 1323.5764 1327.0156 1330.4547 1326.5636 1320.9807 1315.1316 1308.7495 1302.3675 1295.9854 1290.9995 1286.5012 1285.2318 1291.4119 1297.592 1291.8222 1284.165 1276.5078 1274.8033 1289.0535 1303.3037 1317.554 1318.287 1314.2635 1311.0031 1309.2136 1307.4241 1301.8565 1296.0624 1290.2683 1290.1002 1297.9809 1305.8617 1313.7425 1318.919 1323.9207 1325.5572 1324.7745 1323.9919 1324.5561 1331.7205 1338.885 1332.2248 1323.1753 1314.1259 1306.9878 1301.7595 1298.7493 1303.4218 1308.0944 1312.7669 1303.2777 1291.7022
-9999 1284.0621 1294.2634 1299.6027 1304.942 1310.2812 1315.6205 1320.0777 1323.5168 1326.956 1330.3951 1333.8343 1333.4109 1327.5618 1321.1798 1314.7977 1308.4157 1302.0336 1296.3664 1295.0971 1298.1601 1290.5029 1282.8457 1275.1885 1267.5313 1265.8268 1280.077 1294.3272 1308.5774 1322.8277 1329.755 1326.4946 1323.5741 1317.78 1311.9859 1306.1918 1300.3977 1300.2296 1308.1104 1315.9911 1323.8719 1331.7526 1337.8398 1339.4763 1338.6936 1337.9109 1337.1283 1336.3456 1342.5238 1335.8636 1326.8142 1317.7647 1308.7152 1300.5421 1297.5318 1302.2043 1306.8769 1311.5494 1316.222 1311.1342
-9999 1292.6357 1297.9749 1303.3142 1308.6535 1313.9927 1319.332 1317.8457 1321.2849 1324.724 1328.1632 1331.6023 1335.0415 1333.449 1327.0669 1320.6849 1314.3028 1307.9208 1301.5387 1294.7711 1287.1139 1279.4567 1271.7995 1264.1423 1256.4851 1254.969 1269.0238 1283.274 1297.5243 1311.7745 1326.0247 1333.4284 1327.6343 1321.8402 1316.0461 1310.252 1304.4578 1303.1887 1311.0694 1318.9502 1326.831 1334.7117 1342.5925 1347.1941 1346.4114 1345.6288 1344.8461 1344.0634 1343.2808 1336.3294 1327.2799 1318.2304 1309.181 1300.1315 1296.0318 1301.0523 1305.7248 1310.3974 1315.0699 1319.7425
-9999 1310.6221 1315.9614 1321.3007 1326.6399 1329.6527 1318.1186 1311.831 1311.5988 1314.269 1317.7082 1321.1473 1324.5865 1322.6938 1310.1241 1301.8043 1295.4222 1289.0402 1282.6581 1275.8905 1268.2333 1260.5761 1252.9189 1245.2617 1259.3899 1268.4048 1258.4948 1264.36 1278.6102 1292.8605 1307.1107 1314.5144 1308.7203 1302.9262 1297.1321 1291.7377 1299.1848 1299.6218 1290.0302 1294.7671 1302.6479 1310.5286 1318.4094 1325.0399 1330.6553 1329.8726 1329.09 1328.3073 1327.5246 1322.5182 1315.7343 1306.6849 1297.6354 1288.5859 1284.4862 1297.5317 1304.8203 1309.4929 1314.1654 1318.838
-9999 1328.6086 1333.9479 1339.2871 1335.8144 1324.2803 1312.7461 1306.4586 1306.2263 1305.9941 1307.2532 1310.6923 1314.1315 1312.2388 1299.6691 1287.0993 1276.5416 1270.1595 1263.7775 1257.0099 1249.3527 1241.6955 1240.6741 1256.75 1272.8258 1281.8407 1271.9307 1262.0207 1259.6962 1273.9464 1288.1967 1295.6004 1289.8063 1284.0122 1283.1062 1290.5532 1298.0003 1298.4373 1288.8457 1279.254 1278.4648 1286.3456 1294.2263 1300.8569 1306.5886 1312.3204 1313.3339 1312.5512 1311.7685 1306.7621 1301.0257 1295.1393 1286.0898 1277.0404 1272.9406 1285.9861 1299.0316 1308.5883 1313.2609 1317.9334
-9999 1346.5951 1351.9344 1341.9762 1330.442 1318.9078 1307.3736 1301.0861 1300.8539 1300.6216 1300.3893 1300.2373 1303.6765 1301.7838 1289.2141 1276.6443 1264.0746 1251.5048 1244.8969 1238.1293 1230.4721 1238.0342 1254.11 1270.1858 1286.2617 1295.2766 1285.3666 1275.4566 1265.5465 1255.6365 1269.2826 1276.6864 1270.8923 1274.4747 1281.9217 1289.3687 1296.8158 1297.2528 1287.6612 1278.0695 1268.4778 1262.1625 1270.0433 1276.6738 1282.4056 1288.1373 1293.8691 1296.7951 1296.0124 1291.006 1285.2696 1279.5332 1273.7968 1265.4948 1261.395 1274.4405 1287.486 1300.5315 1312.3564 1317.0289
-9999 1359.672 1348.1379 1336.6037 1325.0695 1313.5354 1302.0012 1295.7137 1295.4814 1295.2491 1295.0169 1294.7846 1294.5524 1291.3288 1278.7591 1266.1893 1253.6196 1241.0498 1228.48 1219.3184 1235.3942 1251.4701 1267.5459 1283.6217 1299.6976 1308.7125 1298.8025 1288.8925 1278.9824 1269.0724 1259.1624 1258.3961 1265.8432 1273.2902 1280.7372 1288.1842 1295.6313 1296.0683 1286.4767 1276.885 1267.2933 1257.7017 1248.11 1252.4907 1258.2225 1263.9543 1269.686 1275.4178 1280.2563 1275.2499 1269.5135 1263.7771 1258.0407 1252.3043 1249.8495 1262.8949 1275.9404 1288.9859 1302.0314 1315.0768
-9999 1356.3451 1344.8109 1333.2767 1321.7426 1310.2084 1299.8911 1303.0859 1314.362 1314.1297 1313.8975 1313.6652 1313.4329 1307.0532 1289.8692 1277.2994 1264.7297 1252.1599 1239.5902 1235.6824 1251.7582 1267.8341 1283.9099 1299.9858 1311.3472 1311.8593 1305.0897 1295.1797 1285.2696 1275.3596 1265.4496 1261.4682 1268.9152 1276.3622 1283.8092 1291.2563 1296.8859 1302.0872 1303.3595 1293.7679 1284.1762 1274.5845 1264.9929 1263.0503 1267.8013 1273.533 1279.2648 1284.9966 1290.7283 1287.6532 1282.1011 1276.3647 1270.6283 1264.8919 1257.4293 1249.538 1262.5835 1275.6289 1288.6744 1301.7199
