mean_models/J1_mean_tot_conduct_slide_300.dat.tif
NCOLS 118
NROWS 92
XLLCORNER 139.62
YLLCORNER -39.07
DX 0.099491525
DY 0.099347826
NODATA_VALUE -9999
[rows 52 to 77 of 92, columns 58 to 115 of 118]
-1.9130803 -1.9407168 -1.9706051 -2.0020234 -2.0612169 -2.1345264 -2.1681056 -2.1894492 -2.2006874 -2.2133006 -2.2342462 -2.25 -2.25 -2.2475753 -2.242048 -2.23747 -2.2319427 -2.2109151 -2.1885611 -2.1443426 -2.0861182 -1.9866266 -1.8787418 -1.7675454 -1.6624399 -1.5669326 -1.5220032 -1.4837834 -1.4762347 -1.4921979 -1.547471 -1.6388348 -1.7617361 -1.8881837 -2.0195832 -2.1307796 -2.2271138 -2.2388187 -2.2576921 -2.2826457 -2.2921475 -2.2984974 -2.2926449 -2.29 -2.29 -2.29 -2.29 -2.2719333 -2.26 -2.26 -2.26 -2.26 -2.2306833 -2.2080409 -2.2021884 -2.196336 -2.1904835 -9999
-1.9005431 -1.9281797 -1.9580679 -1.9894863 -2.049629 -2.1229386 -2.1608068 -2.1839462 -2.1953681 -2.2079813 -2.2289269 -2.2446807 -2.2446807 -2.2446807 -2.242048 -2.2365207 -2.2309934 -2.2118644 -2.1949521 -2.1612498 -2.112568 -2.0382974 -1.9479983 -1.854929 -1.7782028 -1.6934707 -1.6817052 -1.6532371 -1.6520514 -1.6793057 -1.7345788 -1.8204811 -1.9391546 -2.0238649 -2.1429858 -2.2130237 -2.292271 -2.2795671 -2.2731264 -2.2930661 -2.2953193 -2.2994467 -2.2935942 -2.29 -2.29 -2.29 -2.29 -2.2719333 -2.26 -2.26 -2.2561864 -2.2546807 -2.225364 -2.2027216 -2.2 -2.196336 -2.1904835 -9999
-1.8813991 -1.9090357 -1.9372935 -1.9687118 -2.0418981 -2.1152076 -2.1530758 -2.1807124 -2.1939483 -2.1983099 -2.2112027 -2.2269565 -2.2269565 -2.2269565 -2.2269565 -2.229999 -2.2244717 -2.2098766 -2.1949251 -2.1664689 -2.1321893 -2.0684347 -2.0096898 -1.9336081 -1.8777612 -1.8169608 -1.8126087 -1.8133764 -1.8250813 -1.8507052 -1.9059783 -1.9723153 -2.0835117 -2.1516638 -2.2272626 -2.2799918 -2.3124195 -2.2773048 -2.311625 -2.3233299 -2.326087 -2.3155735 -2.2903333 -2.2867391 -2.2867391 -2.2867391 -2.2867391 -2.2963898 -2.2844565 -2.2844565 -2.2822734 -2.276421 -2.2369876 -2.2163043 -2.2163043 -2.2110099 -2.2051575 -9999
-1.84166 -1.8692965 -1.896067 -1.9223495 -2.0112166 -2.1218308 -2.159699 -2.1873355 -2.2042847 -2.2115563 -2.1801379 -2.173971 -2.173971 -2.173971 -2.173971 -2.1844089 -2.1979789 -2.1861713 -2.1750555 -2.1584736 -2.1321893 -2.0934981 -2.0474795 -2.0123648 -1.9701405 -1.9361782 -1.9382357 -1.9458402 -1.9665249 -1.9953886 -2.0340797 -2.0792565 -2.1298741 -2.1709627 -2.2140162 -2.2315735 -2.2496452 -2.3666941 -2.4156422 -2.4226777 -2.4287996 -2.4215445 -2.3103481 -2.2734928 -2.2734928 -2.2734928 -2.2734928 -2.3578042 -2.3838043 -2.3838043 -2.3838043 -2.382392 -2.3175611 -2.2825362 -2.2825362 -2.2752082 -2.2647662 -9999
-1.8263049 -1.851301 -1.8758351 -1.9020171 -1.9892383 -2.1007353 -2.146815 -2.1744515 -2.1916211 -2.2052954 -2.1748154 -2.1551232 -2.1568974 -2.16 -2.16 -2.1704379 -2.1831364 -2.1760554 -2.1698164 -2.1541651 -2.1419429 -2.1078116 -2.0897878 -2.064988 -2.0349883 -2.0199059 -2.0281922 -2.0595644 -2.0807479 -2.1020842 -2.1336449 -2.1500557 -2.1826657 -2.2124483 -2.2251539 -2.2409037 -2.282464 -2.3995129 -2.4484611 -2.45 -2.4549953 -2.4494865 -2.3382901 -2.27 -2.27 -2.27 -2.27 -2.3543114 -2.41 -2.41 -2.41 -2.41 -2.3455032 -2.3 -2.3 -2.292672 -2.2809671 -9999
-1.8159454 -1.8380546 -1.8625888 -1.8887707 -1.9709014 -2.0808657 -2.1284454 -2.1560819 -2.1783748 -2.1936994 -2.1681922 -2.1498701 -2.1553974 -2.1585 -2.1585 -2.1669586 -2.1780132 -2.1754661 -2.1714388 -2.1659115 -2.1603842 -2.1394275 -2.1229038 -2.1111989 -2.1029388 -2.0918842 -2.1195113 -2.1512677 -2.1629726 -2.1738908 -2.196 -2.2109108 -2.2226157 -2.232275 -2.243 -2.2475269 -2.2890872 -2.4061361 -2.4515 -2.4515 -2.4549953 -2.4494865 -2.3382901 -2.27 -2.27 -2.27 -2.27 -2.3543114 -2.41 -2.41 -2.41 -2.41 -2.3455032 -2.3 -2.3 -2.291172 -2.2794671 -9999
-1.8085859 -1.8251678 -1.8493424 -1.8755244 -1.9555645 -2.0609962 -2.1113649 -2.1428355 -2.1651284 -2.180453 -2.1595074 -2.1432469 -2.1487742 -2.1518768 -2.1518768 -2.1623147 -2.1780132 -2.1781232 -2.178062 -2.1725347 -2.1670074 -2.1614801 -2.1501946 -2.1443148 -2.1406159 -2.1382465 -2.1658736 -2.19763 -2.2093349 -2.218835 -2.2243623 -2.2356981 -2.2424852 -2.249007 -2.2562464 -2.2562464 -2.2957079 -2.4069043 -2.4535842 -2.4581232 -2.4581232 -2.4494865 -2.3382901 -2.27 -2.27 -2.27 -2.27 -2.3543114 -2.41 -2.41 -2.41 -2.41 -2.3455032 -2.2999177 -2.2940652 -2.2845488 -2.2728439 -9999
-1.84217 -1.861262 -1.8835598 -1.9097418 -1.957467 -2.0517924 -2.1052772 -2.1388983 -2.1708675 -2.1927934 -2.2032176 -2.1902039 -2.1991075 -2.2046348 -2.2069565 -2.175643 -2.1770198 -2.18 -2.1847464 -2.1839042 -2.1794928 -2.177596 -2.1742391 -2.170835 -2.1727661 -2.1737319 -2.2264751 -2.2582315 -2.2689537 -2.2746901 -2.2802174 -2.2891282 -2.2965216 -2.3021012 -2.3074638 -2.3074638 -2.3431716 -2.4345426 -2.4594928 -2.4641831 -2.4647464 -2.4514662 -2.3193046 -2.2510145 -2.2510145 -2.2510145 -2.2510145 -2.3021013 -2.3577899 -2.3577899 -2.3577899 -2.3577899 -2.3502496 -2.3027873 -2.2969348 -2.2874184 -2.2757135 -9999
-1.8816845 -1.9037937 -1.9269583 -1.9531403 -1.999496 -2.0570963 -2.098654 -2.1373451 -2.1706926 -2.2005615 -2.2215071 -2.2413705 -2.2524252 -2.2610551 -2.2665824 -2.2386864 -2.1889407 -2.1845339 -2.19 -2.19 -2.19 -2.19 -2.1927391 -2.1927391 -2.1965197 -2.2013696 -2.2545569 -2.313123 -2.3189754 -2.3233423 -2.3288696 -2.3377803 -2.3494852 -2.356007 -2.36 -2.36 -2.380673 -2.4450499 -2.47 -2.47 -2.47 -2.4567198 -2.3162612 -2.23 -2.23 -2.23 -2.23 -2.2721557 -2.3 -2.3 -2.3 -2.2989644 -2.3044938 -2.3066713 -2.3008189 -2.2913024 -2.2795975 -9999
-1.8947018 -1.9112837 -1.932471 -1.9534166 -1.999496 -2.0570963 -2.0957345 -2.1307219 -2.1607329 -2.1873151 -2.212315 -2.2347474 -2.245802 -2.2548493 -2.265904 -2.2386864 -2.1889407 -2.1845339 -2.19 -2.19 -2.19 -2.1946359 -2.2002909 -2.2059855 -2.2079928 -2.2079928 -2.2640081 -2.3263694 -2.3279928 -2.3299654 -2.3354928 -2.3444035 -2.3561084 -2.36 -2.36 -2.36 -2.380673 -2.4450499 -2.47 -2.47 -2.47 -2.4567198 -2.3162612 -2.23 -2.23 -2.23 -2.23 -2.2721557 -2.3 -2.3 -2.2981937 -2.2923412 -2.2978706 -2.3000481 -2.2941957 -2.2846792 -2.2729743 -9999
-1.9083205 -1.9225228 -1.9417029 -1.9626485 -2.0051373 -2.0617123 -2.0960613 -2.1288983 -2.1567185 -2.1833006 -2.2056918 -2.2294942 -2.2437947 -2.2548493 -2.265904 -2.2386864 -2.1889407 -2.1845339 -2.1900612 -2.1946159 -2.1957318 -2.2012591 -2.206914 -2.2127665 -2.2146159 -2.2146159 -2.2680226 -2.33 -2.3308522 -2.3346159 -2.3375 -2.3464108 -2.3581157 -2.36 -2.36 -2.36 -2.380673 -2.4450499 -2.47 -2.47 -2.47 -2.4567198 -2.3162612 -2.23 -2.23 -2.23 -2.23 -2.2721557 -2.3 -2.2974229 -2.2953841 -2.290334 -2.2958633 -2.2980409 -2.2921884 -2.279008 -2.2663512 -9999
-1.9356249 -1.9466795 -1.9636232 -1.9845688 -2.0258185 -2.0769271 -2.0853367 -2.1129732 -2.1406098 -2.1647137 -2.1856593 -2.2303058 -2.2468877 -2.261045 -2.2720996 -2.2461212 -2.1949011 -2.1845339 -2.1900612 -2.1955885 -2.2011158 -2.2066431 -2.2296459 -2.2354984 -2.2373478 -2.2373478 -2.2905352 -2.3402969 -2.3461493 -2.3486739 -2.3486739 -2.3402151 -2.35192 -2.3538043 -2.3538043 -2.3538043 -2.3744773 -2.4388542 -2.4476957 -2.4476957 -2.4476957 -2.4344155 -2.2939569 -2.2423913 -2.2423913 -2.2423913 -2.2423913 -2.2548079 -2.2805435 -2.2746911 -2.2738913 -2.2738913 -2.2933851 -2.2955626 -2.2897102 -2.2765297 -2.2582168 -9999
-1.9952336 -2.0062882 -2.0222518 -2.037961 -2.0511996 -2.004072 -2.0063817 -2.0268718 -2.0480963 -2.0653658 -2.1647888 -2.2634218 -2.2800037 -2.2944479 -2.3110298 -2.2778107 -2.1949011 -2.1845339 -2.1900612 -2.1955885 -2.2011158 -2.2697194 -2.3223706 -2.328223 -2.3300725 -2.3300725 -2.3670746 -2.3932824 -2.3950362 -2.3950362 -2.3950362 -2.3629824 -2.3188041 -2.3206884 -2.3206884 -2.3206884 -2.3413614 -2.3330147 -2.3284783 -2.3284783 -2.3284783 -2.3151981 -2.2942463 -2.3086232 -2.3086232 -2.3086232 -2.3086232 -2.206245 -2.1878189 -2.1877899 -2.1877899 -2.1877899 -2.25815 -2.2823162 -2.2764638 -2.261757 -2.2383472 -9999
-2.0346511 -2.0479548 -2.058663 -2.0730045 -2.038446 -1.9895286 -1.9875492 -2.0039347 -2.0205166 -2.0542893 -2.1799628 -2.2785957 -2.2951776 -2.3117595 -2.3283414 -2.2822962 -2.1993866 -2.1890194 -2.1944855 -2.1955885 -2.2178531 -2.3041324 -2.3544855 -2.3581505 -2.3637806 -2.3644855 -2.3841761 -2.41 -2.41 -2.41 -2.41 -2.3779462 -2.3194217 -2.31 -2.31 -2.31 -2.3062413 -2.2945364 -2.29 -2.29 -2.29 -2.2922134 -2.3156231 -2.33 -2.33 -2.3260369 -2.3255145 -2.2276218 -2.16 -2.16 -2.16 -2.16 -2.2258747 -2.2735554 -2.2677029 -2.2471945 -2.2229632 -9999
-2.0611438 -2.0777257 -2.0906703 -2.1011431 -2.0627214 -2.005121 -2.0007955 -2.0118502 -2.0271398 -2.0617376 -2.1876946 -2.2863276 -2.3029095 -2.3183827 -2.3349646 -2.2878107 -2.2049011 -2.1945339 -2.2000612 -2.2011087 -2.2178531 -2.30629 -2.3611087 -2.3611087 -2.3637806 -2.3693079 -2.3893409 -2.41 -2.41 -2.41 -2.41 -2.3779462 -2.3194217 -2.31 -2.31 -2.31 -2.3062413 -2.2945364 -2.2888913 -2.2888913 -2.2888913 -2.2911047 -2.3145144 -2.3288913 -2.3288913 -2.3260369 -2.3201844 -2.2236441 -2.16 -2.16 -2.1588913 -2.1588913 -2.2244968 -2.2680409 -2.2621884 -2.2361365 -2.2068743 -9999
-2.0931321 -2.1042185 -2.117163 -2.1276358 -2.0842505 -2.0183674 -2.0140419 -2.0250965 -2.0361512 -2.0683608 -2.1992707 -2.2995739 -2.3161559 -2.3303131 -2.3415878 -2.2920633 -2.2049011 -2.1945339 -2.2000612 -2.2055885 -2.2244692 -2.3073788 -2.3622981 -2.3677319 -2.3677319 -2.3693079 -2.3893409 -2.41 -2.41 -2.41 -2.41 -2.3779462 -2.3194217 -2.31 -2.31 -2.31 -2.3062413 -2.2945364 -2.2864158 -2.2822681 -2.2822681 -2.2844815 -2.3078912 -2.3222681 -2.3222681 -2.3222681 -2.3201844 -2.2236441 -2.16 -2.16 -2.1561864 -2.1522681 -2.2226283 -2.2680409 -2.2511015 -2.2152242 -2.1737583 -9999
-2.1262481 -2.1373027 -2.1480109 -2.1584837 -2.1150983 -2.0883913 -2.0969695 -2.1080241 -2.1190787 -2.1490202 -2.2715976 -2.2954 -2.3107295 -2.3217841 -2.3328387 -2.2812662 -2.2634243 -2.2729252 -2.2784525 -2.2839798 -2.3051286 -2.3610868 -2.3208043 -2.3245998 -2.3264493 -2.3264493 -2.3457901 -2.3316087 -2.3316087 -2.3316087 -2.3316087 -2.3027602 -2.2453855 -2.2359638 -2.2359638 -2.2359638 -2.232205 -2.2559771 -2.2864158 -2.2805633 -2.28 -2.2822134 -2.2934494 -2.2503188 -2.2503188 -2.2503188 -2.2503188 -2.2497745 -2.1861304 -2.1861304 -2.1823169 -2.1804855 -2.1855196 -2.2292821 -2.2117247 -2.1758474 -2.1174132 -9999
-2.1574075 -2.1684621 -2.1791703 -2.1896431 -2.1919565 -2.1919565 -2.2005347 -2.2115893 -2.2226439 -2.2352571 -2.261286 -2.2837184 -2.294773 -2.3048493 -2.315904 -2.3373964 -2.365033 -2.3745339 -2.3809783 -2.3855885 -2.3766102 -2.3102825 -2.27 -2.27 -2.2709783 -2.2709783 -2.2506591 -2.23 -2.23 -2.23 -2.23 -2.2011515 -2.1484796 -2.14 -2.14 -2.14 -2.1681904 -2.2559771 -2.2864158 -2.2805633 -2.2790217 -2.272935 -2.2031306 -2.16 -2.16 -2.1590217 -2.1590217 -2.1961335 -2.22 -2.22 -2.2190217 -2.2190217 -2.2014317 -2.1831444 -2.165587 -2.1128481 -2.0484712 -9999
-2.177277 -2.1883317 -2.1990399 -2.2095126 -2.2092138 -2.2052029 -2.2137811 -2.2248357 -2.2358903 -2.2485035 -2.2694491 -2.2903416 -2.3013962 -2.3100261 -2.315904 -2.3373964 -2.365033 -2.3766692 -2.3876014 -2.3876014 -2.3766102 -2.3102825 -2.27 -2.27 -2.2737806 -2.2776014 -2.2534254 -2.23 -2.23 -2.23 -2.23 -2.2011515 -2.1484796 -2.14 -2.14 -2.14 -2.1681904 -2.2506438 -2.2823986 -2.2805633 -2.2750047 -2.2663118 -2.2019349 -2.16 -2.1542879 -2.1523986 -2.1523986 -2.1945543 -2.22 -2.22 -2.2161864 -2.2123986 -2.1948085 -2.1765212 -2.1481378 -2.0822355 -2.0021089 -9999
-2.1889991 -2.2000537 -2.2107619 -2.2212347 -2.2209359 -2.2156995 -2.2231046 -2.2341592 -2.2406874 -2.2541258 -2.2787726 -2.2958965 -2.3037947 -2.3148493 -2.3224784 -2.3419228 -2.3695594 -2.3835942 -2.3900612 -2.3945264 -2.3800207 -2.3102825 -2.27 -2.27 -2.2737806 -2.2793079 -2.2558239 -2.23 -2.23 -2.23 -2.23 -2.2011515 -2.1484796 -2.14 -2.14 -2.14 -2.1663111 -2.2482453 -2.2764158 -2.2754736 -2.2704783 -2.2593869 -2.19501 -2.1532154 -2.15 -2.15 -2.15 -2.1876293 -2.2154736 -2.2154736 -2.2154736 -2.210334 -2.1878836 -2.165678 -2.1340778 -2.044003 -1.9510421 -9999
-2.1899292 -2.2009838 -2.211692 -2.2221648 -2.2203515 -2.2140908 -2.2179767 -2.2290313 -2.2347422 -2.2435243 -2.2697063 -2.2816817 -2.287209 -2.2951609 -2.3062155 -2.3261935 -2.3642517 -2.3936209 -2.3991482 -2.4046755 -2.3945813 -2.3227263 -2.2866594 -2.2866594 -2.29044 -2.2951449 -2.2709688 -2.2421159 -2.2421159 -2.2421159 -2.2421159 -2.1981226 -2.1454506 -2.136971 -2.136971 -2.136971 -2.1632821 -2.2452163 -2.2749013 -2.2690488 -2.2634902 -2.2523988 -2.1880219 -2.1681739 -2.1681739 -2.1681739 -2.169504 -2.175532 -2.1993986 -2.1993986 -2.1993986 -2.1993986 -2.1926046 -2.1643032 -2.1291886 -2.0345703 -1.9054834 -9999
-2.1700596 -2.1811143 -2.190567 -2.1958034 -2.1886741 -2.1677285 -2.1716144 -2.182669 -2.1883799 -2.197162 -2.1981486 -2.1955802 -2.2011075 -2.2084971 -2.2140244 -2.2658082 -2.4039909 -2.43336 -2.4388873 -2.4444146 -2.4343204 -2.3863695 -2.3595145 -2.3595145 -2.3613768 -2.3613768 -2.3312549 -2.2951014 -2.2951014 -2.2951014 -2.2951014 -2.2341992 -2.1322042 -2.1237246 -2.1237246 -2.1237246 -2.1500527 -2.2378394 -2.2682781 -2.2624256 -2.256867 -2.2457756 -2.2404637 -2.2476522 -2.2476522 -2.249753 -2.2556054 -2.1714784 -2.1530362 -2.1530362 -2.1530362 -2.1530362 -2.1940797 -2.1905056 -2.1378336 -2.0303834 -1.8723674 -9999
-2.1597118 -2.1707664 -2.1814746 -2.1883541 -2.1756378 -2.1546922 -2.1585782 -2.1696328 -2.1753437 -2.1791748 -2.1739384 -2.1713701 -2.1768974 -2.1824247 -2.187952 -2.2769821 -2.4151648 -2.4445339 -2.4500612 -2.4555885 -2.4510734 -2.406855 -2.38 -2.38 -2.38 -2.38 -2.3461535 -2.31 -2.31 -2.31 -2.31 -2.2490977 -2.1379013 -2.12 -2.1198255 -2.1152391 -2.1434296 -2.2312162 -2.2616549 -2.2558024 -2.245483 -2.2415849 -2.2532898 -2.2604783 -2.2633498 -2.2652391 -2.2702938 -2.1956886 -2.14 -2.14 -2.1361864 -2.1352391 -2.1762826 -2.187607 -2.134935 -2.0053189 -1.8440124 -9999
-2.1544727 -2.1655273 -2.1762355 -2.1867083 -2.1756378 -2.1546922 -2.1585782 -2.1696328 -2.1753437 -2.1791748 -2.1739384 -2.1727401 -2.1783803 -2.1824247 -2.187952 -2.278465 -2.4166477 -2.4460168 -2.4500612 -2.4555885 -2.4510734 -2.406855 -2.38 -2.38 -2.38 -2.38 -2.3461535 -2.31 -2.31 -2.3085171 -2.3085171 -2.2490977 -2.1379013 -2.1185171 -2.1183426 -2.1124902 -2.1367075 -2.2244941 -2.251967 -2.2461146 -2.2370436 -2.2281408 -2.2398457 -2.2492924 -2.2551448 -2.2585171 -2.2585171 -2.1862501 -2.1385171 -2.1385171 -2.1361864 -2.130334 -2.1710434 -2.1823679 -2.1296959 -2.0000798 -1.8245065 -9999
-2.1544727 -2.1655273 -2.1762355 -2.1867083 -2.1756378 -2.1546922 -2.1585782 -2.1696328 -2.1753437 -2.1791748 -2.1739384 -2.1727401 -2.1837947 -2.1885792 -2.1885792 -2.2804614 -2.423744 -2.45 -2.4500612 -2.4555885 -2.4510734 -2.406855 -2.38 -2.38 -2.38 -2.38 -2.3461535 -2.31 -2.31 -2.3080273 -2.3025 -2.2437239 -2.1379013 -2.1153625 -2.1112463 -2.1053939 -2.1291527 -2.2110869 -2.2356731 -2.2248257 -2.2192671 -2.2139483 -2.2256532 -2.2350998 -2.2409523 -2.2468047 -2.2514208 -2.1791539 -2.1321087 -2.1379611 -2.1361864 -2.130334 -2.1710434 -2.1818296 -2.1233052 -1.9951646 -1.8245065 -9999
-2.1461148 -2.1602302 -2.1709384 -2.1814112 -2.2206083 -2.2235546 -2.2274405 -2.2384951 -2.2495031 -2.262411 -2.306366 -2.3051676 -2.3162223 -2.3272769 -2.3330217 -2.3017082 -2.3817946 -2.4076232 -2.4129203 -2.4132117 -2.4153915 -2.3962608 -2.3694058 -2.3694058 -2.3694058 -2.3694058 -2.374241 -2.3417826 -2.3402492 -2.3364855 -2.3342826 -2.2676749 -2.1581475 -2.1365509 -2.1308395 -2.1198644 -2.1422024 -2.2180788 -2.2345444 -2.2211266 -2.2100094 -2.2102363 -2.2598913 -2.2693379 -2.2820059 -2.2995632 -2.3080837 -2.2571896 -2.2115652 -2.2174176 -2.2194565 -2.2150876 -2.2346086 -2.243974 -2.1792322 -2.0357228 -1.8611026 -9999
