mean_models/J1_mean_tot_conduct_slide_17.24.dat.tif
NCOLS 118
NROWS 92
XLLCORNER 139.62
YLLCORNER -39.07
DX 0.099491525
DY 0.099347826
NODATA_VALUE -9999
[rows 0 to 25 of 92, columns 57 to 113 of 118]
-2.5345489 -2.4624877 -2.3574688 -2.2459729 -2.1674269 -2.143855 -2.1543278 -2.2424555 -2.3640303 -2.5153914 -2.634628 -2.6859382 -2.7111107 -2.6259562 -2.5293135 -2.357967 -2.2201908 -2.0764808 -1.987668 -1.9157518 -1.8740373 -1.8329591 -1.7677209 -1.685892 -1.5619569 -1.4255936 -1.287411 -1.2439957 -1.2050148 -1.3433563 -1.5212105 -1.7812391 -2.0750352 -2.3904422 -2.5917817 -2.8055847 -2.850263 -2.8624464 -2.8080659 -2.7222173 -2.6285782 -2.5696123 -2.5298655 -2.526971 -2.531913 -2.531913 -2.5201041 -2.4966943 -2.4417563 -2.3933045 -2.3581898 -2.3457266 -2.351579 -2.3695031 -2.3523384 -2.3052683 -2.1591411
-2.6822183 -2.6179034 -2.5232722 -2.445197 -2.3906632 -2.3879691 -2.4361315 -2.5683594 -2.679079 -2.7949689 -2.9055049 -2.9294344 -2.9008349 -2.7892312 -2.6271926 -2.4263902 -2.2458158 -2.0655808 -1.9698841 -1.8770106 -1.8549014 -1.8304111 -1.7808799 -1.7306828 -1.6178602 -1.4845067 -1.3499458 -1.2849834 -1.2194433 -1.3309906 -1.4613443 -1.704803 -1.9632776 -2.280728 -2.5180466 -2.7348157 -2.8119198 -2.8585749 -2.8120399 -2.7410828 -2.6549448 -2.6057332 -2.5545795 -2.5443139 -2.5443139 -2.5515874 -2.541403 -2.5303815 -2.4889384 -2.4404865 -2.4030969 -2.3926383 -2.390531 -2.4034732 -2.4002102 -2.3576415 -2.2199346
-2.7654859 -2.713399 -2.6360167 -2.5901862 -2.5587678 -2.6038682 -2.6771777 -2.8135904 -2.9628277 -3.0927826 -3.1995757 -3.1943393 -3.1504699 -2.9957053 -2.7995305 -2.556329 -2.3343439 -2.1298336 -2.0114673 -1.9101559 -1.8926502 -1.8765218 -1.8544125 -1.8057847 -1.7121456 -1.5928661 -1.4602107 -1.3689799 -1.2953466 -1.3538711 -1.4591471 -1.6691848 -1.9234746 -2.2219492 -2.4528836 -2.6696527 -2.7622459 -2.814539 -2.7794244 -2.7151127 -2.6331785 -2.5868991 -2.5505231 -2.5505231 -2.5572978 -2.5748551 -2.5838834 -2.5780309 -2.5422361 -2.5036088 -2.4626417 -2.4398481 -2.4339957 -2.4438191 -2.4403377 -2.405223 -2.2779827
-2.8089506 -2.7602902 -2.6918999 -2.6668265 -2.6643248 -2.7370322 -2.8386179 -3.0051585 -3.1739418 -3.3231791 -3.4358288 -3.4358288 -3.3900894 -3.219238 -3.0135553 -2.7488154 -2.5090932 -2.2850645 -2.1603671 -2.0343407 -2.0067042 -1.9900662 -1.9845389 -1.9415037 -1.8611673 -1.7484028 -1.6216509 -1.5131716 -1.4319499 -1.4726626 -1.5468982 -1.7188587 -1.9516902 -2.2219492 -2.4323117 -2.6386065 -2.7146883 -2.7648651 -2.7208222 -2.6560814 -2.5772953 -2.5444325 -2.5134794 -2.5544465 -2.563507 -2.6198084 -2.6604066 -2.6711695 -2.6408738 -2.6029567 -2.5479092 -2.5008255 -2.4774604 -2.471263 -2.4651746 -2.43006 -2.3216651
-2.8738872 -2.8163471 -2.7521351 -2.7462423 -2.7567151 -2.851414 -2.9718511 -3.1489492 -3.342405 -3.4901696 -3.6158899 -3.6158899 -3.5747883 -3.4050133 -3.1924473 -2.9221262 -2.6721639 -2.4344897 -2.2874934 -2.1585255 -2.130889 -2.1077157 -2.1021884 -2.0735524 -1.9987575 -1.8885998 -1.7669991 -1.6569624 -1.5603669 -1.5837767 -1.6363825 -1.7973573 -1.995481 -2.247136 -2.4352533 -2.6241629 -2.6836421 -2.7202572 -2.6720909 -2.5998722 -2.5237904 -2.5003157 -2.4835922 -2.5436652 -2.5936652 -2.6675123 -2.7457055 -2.7749677 -2.7457787 -2.7048032 -2.6417653 -2.558013 -2.5170459 -2.4882535 -2.4723621 -2.4380006 -2.3641516
-2.9343075 -2.8722302 -2.8224845 -2.821634 -2.8582888 -2.958918 -3.0950643 -3.273134 -3.4665898 -3.6119523 -3.7338655 -3.7338655 -3.6927638 -3.5269446 -3.3166321 -3.0513214 -2.8025579 -2.5648837 -2.4142027 -2.2827103 -2.2550737 -2.2319005 -2.2263732 -2.1977371 -2.1333603 -2.0243641 -1.8973931 -1.7854628 -1.6845517 -1.686413 -1.7357304 -1.873913 -2.0624636 -2.2848564 -2.4640292 -2.6303722 -2.6713392 -2.6871507 -2.6286262 -2.5557648 -2.4741165 -2.4568029 -2.452546 -2.5403327 -2.6249743 -2.7420231 -2.8273671 -2.8929433 -2.8637543 -2.8164813 -2.7286947 -2.6370945 -2.5480921 -2.4988473 -2.4610536 -2.4317914 -2.3658891
-3.0200561 -2.9656338 -2.9283828 -2.9390254 -2.9793943 -3.0859153 -3.2011266 -3.341566 -3.5264539 -3.6661864 -3.75 -3.7443136 -3.6874581 -3.5261537 -3.3228957 -3.0774572 -2.841831 -2.6303567 -2.484787 -2.3693747 -2.3436353 -2.329285 -2.3217545 -2.2874635 -2.2200247 -2.1127268 -1.9855988 -1.8729764 -1.7696807 -1.7696807 -1.818998 -1.9543207 -2.1297145 -2.347798 -2.5227248 -2.6580216 -2.6934408 -2.6865664 -2.6094909 -2.5230203 -2.4266958 -2.4221149 -2.4214998 -2.5216473 -2.6458846 -2.79417 -2.8965179 -3.0081521 -2.9924499 -2.940931 -2.8332174 -2.7293839 -2.5804582 -2.4655728 -2.422684 -2.3870786 -2.3167994
-3.1272504 -3.0880506 -3.0604141 -3.0726051 -3.1144962 -3.1920794 -3.3020437 -3.4236516 -3.5728888 -3.6567707 -3.7323327 -3.7069223 -3.654177 -3.4996116 -3.3203174 -3.0881705 -2.8812665 -2.6767561 -2.5447881 -2.4360936 -2.4195116 -2.4051614 -2.3945602 -2.3618385 -2.2916092 -2.1856005 -2.0584724 -1.9489886 -1.8456929 -1.8456929 -1.8977454 -2.0304008 -2.2042253 -2.4149133 -2.5616298 -2.6951695 -2.7043579 -2.6862074 -2.5925683 -2.479652 -2.3801605 -2.3771488 -2.3965404 -2.5293579 -2.6739192 -2.8436401 -3.0075095 -3.1245583 -3.118027 -3.0618116 -2.9389103 -2.7695882 -2.6115723 -2.4691806 -2.3768704 -2.3359033 -2.3231974
-3.253163 -3.2211128 -3.2155855 -3.2262876 -3.263518 -3.3269524 -3.4076008 -3.4965712 -3.603935 -3.6462985 -3.6950772 -3.6427133 -3.5796661 -3.4304288 -3.257148 -3.0571243 -2.8597702 -2.6767561 -2.5540379 -2.4609305 -2.4443486 -2.4299983 -2.424471 -2.3936135 -2.3288646 -2.2272785 -2.1081463 -2.0051944 -1.9077853 -1.9118001 -1.9668539 -2.1105639 -2.2833094 -2.4894241 -2.6300043 -2.7572619 -2.7397046 -2.7110443 -2.5843432 -2.4591737 -2.3429051 -2.3433194 -2.3654942 -2.5176577 -2.6680776 -2.8963228 -3.084937 -3.2363247 -3.2520581 -3.2046241 -3.0587642 -2.8628769 -2.6612462 -2.4587378 -2.3396149 -2.2651073 -2.2696337
-3.3865398 -3.372306 -3.3728305 -3.386183 -3.420566 -3.4572208 -3.5258888 -3.5598579 -3.6427675 -3.644645 -3.6665121 -3.6038627 -3.5274867 -3.3782494 -3.2120395 -3.0167143 -2.8351277 -2.6590282 -2.5501629 -2.4528019 -2.43622 -2.4229855 -2.420596 -2.3988543 -2.340344 -2.2595104 -2.145802 -2.069756 -1.9771737 -1.9849858 -2.0570671 -2.203058 -2.3738356 -2.5765747 -2.6949446 -2.8170613 -2.7831874 -2.7299222 -2.5932267 -2.4518159 -2.3275759 -2.3214833 -2.3486463 -2.5193112 -2.7008317 -2.9432627 -3.1709546 -3.342709 -3.3898778 -3.3451165 -3.1965907 -2.968156 -2.7422426 -2.4765095 -2.3145314 -2.219863 -2.2230135
-3.519558 -3.5209129 -3.5319675 -3.550385 -3.5765669 -3.6041759 -3.6408307 -3.6620884 -3.6841976 -3.6726007 -3.653383 -3.5853099 -3.4995846 -3.3503473 -3.1824933 -2.9945648 -2.8129642 -2.6416177 -2.5292118 -2.4245171 -2.4033703 -2.3909579 -2.3909579 -2.3775051 -2.3306856 -2.2627984 -2.1743615 -2.1118415 -2.0517834 -2.0810456 -2.1539489 -2.3031861 -2.4731758 -2.6663064 -2.7775846 -2.8727142 -2.8310996 -2.7544246 -2.6022611 -2.4649604 -2.3303542 -2.3248594 -2.3464643 -2.5276214 -2.7406623 -3.0040222 -3.2333581 -3.4440461 -3.5073524 -3.4883267 -3.3361631 -3.1093725 -2.8401601 -2.5434648 -2.3059414 -2.1771877 -2.1704741
-3.6434447 -3.6450977 -3.6561523 -3.6699783 -3.6883332 -3.6965625 -3.7091323 -3.7130547 -3.721453 -3.7008127 -3.6782231 -3.6153864 -3.5322749 -3.3996195 -3.2289619 -3.0318203 -2.8369333 -2.6478269 -2.524465 -2.3872617 -2.3375159 -2.3167408 -2.3222681 -2.31806 -2.2996394 -2.2583795 -2.1991984 -2.1687841 -2.1262942 -2.1653591 -2.2447861 -2.3839063 -2.5443624 -2.7221895 -2.8182059 -2.9037604 -2.8569409 -2.7792616 -2.6366242 -2.5105026 -2.3862374 -2.3932624 -2.4209752 -2.5965485 -2.8089639 -3.0723238 -3.307942 -3.5247662 -3.6036732 -3.5876745 -3.4554804 -3.2275742 -2.9519264 -2.6199417 -2.3742431 -2.1970612 -2.1709993
-3.7452441 -3.7465991 -3.7546412 -3.7617581 -3.7694941 -3.7662024 -3.7579327 -3.7457109 -3.7401836 -3.7186252 -3.7030601 -3.6402233 -3.5860045 -3.4540384 -3.3078002 -3.1100096 -2.9130746 -2.6938678 -2.5358169 -2.3629682 -2.3132224 -2.2454704 -2.2509977 -2.2515275 -2.2445345 -2.2143714 -2.1986158 -2.1806591 -2.1825137 -2.2293333 -2.3120007 -2.446481 -2.5669994 -2.7364745 -2.8287222 -2.8991613 -2.8523417 -2.7916548 -2.6628637 -2.5639604 -2.4763606 -2.5009934 -2.5376124 -2.7131857 -2.9096704 -3.1581676 -3.3730031 -3.5648355 -3.6390265 -3.6403687 -3.5188246 -3.3031516 -3.0425798 -2.7252271 -2.4391559 -2.2487216 -2.2160945
-3.8259642 -3.8222609 -3.8167336 -3.8110131 -3.8005403 -3.7850876 -3.764142 -3.7508716 -3.7401836 -3.7377989 -3.7300961 -3.7091505 -3.6646143 -3.5595955 -3.4152316 -3.2217759 -2.9984798 -2.7497509 -2.5478802 -2.3505497 -2.2554598 -2.1754722 -2.1644176 -2.1645981 -2.1821554 -2.1875612 -2.1986158 -2.2063688 -2.2197692 -2.2722747 -2.3483533 -2.4588995 -2.5794179 -2.7081716 -2.7935888 -2.8619058 -2.8424695 -2.8013947 -2.7311654 -2.6656358 -2.6129638 -2.6428611 -2.6928311 -2.8449946 -3.0212769 -3.22026 -3.4009671 -3.5648355 -3.6362447 -3.6435099 -3.5498708 -3.3570408 -3.1170907 -2.8102294 -2.5342772 -2.3294417 -2.2687909
-3.8614126 -3.8426404 -3.8165774 -3.7862813 -3.75802 -3.7224134 -3.6911257 -3.6821443 -3.6724596 -3.7148419 -3.7239654 -3.7610255 -3.7356813 -3.6821294 -3.5480146 -3.367496 -3.1288096 -2.8735417 -2.6633036 -2.3990333 -2.2276868 -2.1373218 -2.0944651 -2.0969438 -2.117862 -2.1423133 -2.159003 -2.1845633 -2.2008188 -2.2497002 -2.2997185 -2.3807745 -2.4788552 -2.5904339 -2.6760864 -2.7483909 -2.7966475 -2.7621759 -2.7563713 -2.8009226 -2.7835209 -2.8383946 -2.8844927 -2.9753887 -3.145618 -3.2578994 -3.310387 -3.4403382 -3.4664757 -3.4764922 -3.4118138 -3.3116044 -3.106717 -2.8903992 -2.6149973 -2.4205734 -2.3175674
-3.8864927 -3.844418 -3.8057269 -3.7440779 -3.6969503 -3.6358735 -3.5887459 -3.5719066 -3.5663793 -3.6248872 -3.6811163 -3.7405214 -3.7870996 -3.759617 -3.6886396 -3.517293 -3.292777 -3.0274662 -2.7621555 -2.487187 -2.2926619 -2.1324736 -2.0722046 -2.0352431 -2.0586529 -2.0809682 -2.1086048 -2.130263 -2.1587739 -2.199741 -2.224014 -2.2901812 -2.3582981 -2.4460848 -2.5271348 -2.6062231 -2.684351 -2.7332642 -2.7742313 -2.8965001 -2.9433196 -3.0137479 -3.0721443 -3.1296085 -3.204768 -3.2662491 -3.212031 -3.2588505 -3.252487 -3.2475509 -3.2007314 -3.1702684 -3.0415146 -2.8846317 -2.6812936 -2.4940154 -2.3770602
-3.873558 -3.8228433 -3.745461 -3.667721 -3.5734659 -3.4988484 -3.416543 -3.3974074 -3.3875532 -3.4728686 -3.5552757 -3.6757128 -3.7606069 -3.8214072 -3.7869791 -3.6874876 -3.4760626 -3.2261619 -2.9451019 -2.6527667 -2.4150925 -2.218575 -2.1025016 -2.0394235 -2.0160137 -2.0310302 -2.0489961 -2.062127 -2.0792956 -2.0960016 -2.1114198 -2.133529 -2.1866553 -2.2473891 -2.3310839 -2.4141506 -2.5487568 -2.6443178 -2.8081862 -2.9648861 -3.1022761 -3.181712 -3.2509704 -3.2334131 -3.2465232 -3.1470317 -3.0396139 -2.960807 -2.9020602 -2.8706521 -2.882357 -2.8978755 -2.8891813 -2.8290632 -2.6997155 -2.5651094 -2.4231752
-3.8467957 -3.7843094 -3.690875 -3.5900286 -3.4696468 -3.3694059 -3.2594532 -3.2067384 -3.1931933 -3.2793466 -3.3914514 -3.5235674 -3.6764837 -3.771656 -3.821091 -3.7788727 -3.626401 -3.432528 -3.1614357 -2.8838356 -2.64266 -2.3986534 -2.2608126 -2.1019561 -2.0419562 -2.0459002 -2.0287254 -2.0349354 -2.0263859 -2.0334989 -2.0338622 -2.043913 -2.0510292 -2.0976095 -2.1765934 -2.2610442 -2.4031592 -2.5789469 -2.7798241 -2.9682787 -3.1726227 -3.2689579 -3.3423685 -3.3037317 -3.1970517 -3.0159567 -2.857527 -2.6281496 -2.5106947 -2.4751345 -2.5155674 -2.5514746 -2.6788965 -2.7530247 -2.670735 -2.5606381 -2.4383998
-3.7988474 -3.7229429 -3.6123968 -3.4832455 -3.3470992 -3.214999 -3.0945619 -3.0362424 -3.0030786 -3.105488 -3.2324455 -3.417494 -3.6132552 -3.7790744 -3.9005423 -3.9115969 -3.8313745 -3.660028 -3.4025374 -3.138441 -2.861016 -2.5879981 -2.3944811 -2.2221735 -2.1168295 -2.055669 -2.0280325 -2.0126597 -2.0015625 -1.9898576 -1.9792365 -1.9737092 -1.9740998 -1.9916572 -2.0561994 -2.1415226 -2.320109 -2.5222077 -2.7680102 -3.0062014 -3.2285942 -3.3238085 -3.3828322 -3.26596 -3.0983079 -2.8408004 -2.5474234 -2.2899159 -2.1557507 -2.1014997 -2.1717291 -2.324943 -2.482959 -2.5978619 -2.632484 -2.5505498 -2.3525723
-3.7305457 -3.6546413 -3.5440951 -3.4089534 -3.2601699 -3.1132519 -2.9703771 -2.8962169 -2.8478476 -2.9375887 -3.0585868 -3.2732791 -3.480389 -3.7291178 -3.8844563 -3.9985262 -3.9678294 -3.8773514 -3.6403655 -3.424066 -3.1421734 -2.8674138 -2.6076304 -2.4129522 -2.2472236 -2.1647856 -2.1087526 -2.0859513 -2.0698641 -2.0617257 -2.0520439 -2.0358016 -2.0236855 -2.0164941 -2.0564205 -2.1228949 -2.2867632 -2.4849522 -2.7408787 -2.9912177 -3.2285942 -3.3199341 -3.376623 -3.2069021 -3.0300063 -2.6800047 -2.3309319 -2.0229186 -1.8642468 -1.8034563 -1.9107245 -2.1134464 -2.327728 -2.5185097 -2.5766008 -2.5152335 -2.2808367
-3.6364588 -3.5792608 -3.4791391 -3.3618882 -3.2195004 -3.0758742 -2.9240187 -2.8215837 -2.7607834 -2.8496063 -2.9307404 -3.1454326 -3.3544039 -3.6057533 -3.8197552 -3.9707453 -4.0158254 -4.0140182 -3.8481236 -3.6849152 -3.4030226 -3.1432902 -2.8827767 -2.6242481 -2.4387444 -2.334113 -2.2508688 -2.2197624 -2.2164164 -2.210564 -2.2185792 -2.2030367 -2.1691882 -2.1496268 -2.1839001 -2.1892128 -2.3530812 -2.5045465 -2.7518844 -2.9840778 -3.2209521 -3.3057765 -3.3597955 -3.1900747 -2.9480906 -2.5894416 -2.2384795 -1.8864754 -1.7211286 -1.6617496 -1.7744465 -1.9792072 -2.2404785 -2.444685 -2.55333 -2.4907526 -2.2497905
-3.5557387 -3.5144206 -3.448093 -3.345174 -3.2195004 -3.0758742 -2.9240187 -2.8170857 -2.7235279 -2.7665199 -2.8353066 -3.0290532 -3.2431405 -3.5250332 -3.7738081 -3.989373 -4.1022395 -4.1630399 -4.0613835 -3.9270755 -3.6718687 -3.4130389 -3.1311462 -2.8726176 -2.6502248 -2.5186917 -2.4247275 -2.4165404 -2.4219838 -2.4453935 -2.4562516 -2.445197 -2.4113486 -2.3586766 -2.3361716 -2.3196068 -2.4141685 -2.5474057 -2.7580936 -2.9802884 -3.2085336 -3.2904462 -3.3349586 -3.1652377 -2.9212468 -2.5583954 -2.2000098 -1.8430108 -1.6751811 -1.613933 -1.7309818 -1.9464292 -2.2156415 -2.4244959 -2.5357882 -2.4597064 -2.1812052
-3.4698551 -3.4596204 -3.4468362 -3.3857047 -3.3021164 -3.183624 -3.0511202 -2.9270308 -2.8248026 -2.8056501 -2.850754 -2.9711911 -3.1730868 -3.4200844 -3.6898537 -3.9329315 -4.0963072 -4.1944928 -4.1108303 -4.0647756 -3.854738 -3.6032669 -3.3318527 -3.0710261 -2.8445763 -2.7251493 -2.6414829 -2.6683991 -2.6857383 -2.7324703 -2.7853439 -2.7918188 -2.7387381 -2.667168 -2.5798513 -2.5360725 -2.5360725 -2.6620483 -2.8277806 -3.0063499 -3.2207411 -3.3226348 -3.3765103 -3.2532033 -3.008961 -2.690767 -2.3824769 -2.0446136 -1.8888284 -1.8282459 -1.9193977 -2.077603 -2.3163173 -2.4548115 -2.5599517 -2.4547035 -2.1544542
-3.3518782 -3.4139567 -3.4289321 -3.4415471 -3.3839468 -3.3175637 -3.202363 -3.0892772 -2.9732038 -2.9170192 -2.9071761 -2.9922078 -3.1225238 -3.3443943 -3.5778971 -3.8299486 -4.021621 -4.1542764 -4.141847 -4.1214723 -3.9360129 -3.7192803 -3.4568238 -3.2164995 -2.9912183 -2.8839024 -2.8120474 -2.864069 -2.9103773 -2.986459 -3.0628228 -3.0755163 -3.0212671 -2.9334804 -2.8181738 -2.7256151 -2.7046739 -2.751658 -2.8948255 -3.0597856 -3.2587687 -3.3745986 -3.4502472 -3.35645 -3.1635438 -2.8736613 -2.6235217 -2.3133422 -2.1590327 -2.093088 -2.1652301 -2.2355034 -2.4344865 -2.5159224 -2.5636097 -2.4429387 -2.1518958
-3.2457287 -3.3332366 -3.4327281 -3.4715942 -3.4977762 -3.4505312 -3.3929308 -3.2832606 -3.1718994 -3.0825444 -3.0251516 -3.0513336 -3.128733 -3.2890249 -3.4909678 -3.7120601 -3.9008721 -4.0611378 -4.0805257 -4.0842169 -3.923925 -3.737908 -3.4947065 -3.2661734 -3.0730428 -2.9757742 -2.930023 -2.9983893 -3.0780267 -3.190772 -3.273937 -3.2960462 -3.2431466 -3.1321761 -3.0021066 -2.8746368 -2.8278173 -2.8457215 -2.9569179 -3.121878 -3.320861 -3.44991 -3.549595 -3.5027755 -3.363765 -3.1530771 -2.9146474 -2.6548504 -2.5005408 -2.4201657 -2.4260182 -2.4738198 -2.5586712 -2.5817539 -2.564056 -2.4118925 -2.1278247
-3.1738673 -3.3024314 -3.4405882 -3.5463152 -3.6059827 -3.614212 -3.5744322 -3.4843251 -3.375622 -3.2395553 -3.1543273 -3.1015713 -3.1349642 -3.2222858 -3.3777283 -3.5626036 -3.7349859 -3.8900838 -3.9234266 -3.9431167 -3.8137212 -3.6433869 -3.4247541 -3.2127047 -3.0341365 -2.9617628 -2.9246943 -3.0110267 -3.1024664 -3.2209621 -3.3059181 -3.3247894 -3.2706817 -3.1574801 -3.0236419 -2.8887064 -2.8569952 -2.8609185 -2.9838845 -3.1794229 -3.388164 -3.5621706 -3.675872 -3.6802823 -3.5702324 -3.3960784 -3.2101362 -2.9684611 -2.8003642 -2.7070068 -2.6589401 -2.5881823 -2.6276768 -2.5444101 -2.5017462 -2.3314497 -2.0892115
