mean_models/J1_mean_tot_conduct_slide_81.29.dat.tif
NCOLS 118
NROWS 92
XLLCORNER 139.62
YLLCORNER -39.07
DX 0.099491525
DY 0.099347826
NODATA_VALUE -9999
[rows 0 to 25 of 92, columns 0 to 56 of 118]
-2.0334181 -2.0127117 -2.0276354 -2.0294924 -2.0531809 -2.0659777 -2.1007997 -2.1370514 -2.1749529 -2.1923382 -2.2357931 -2.2754414 -2.3192703 -2.3640415 -2.4088126 -2.4535838 -2.498355 -2.5446813 -2.5854112 -2.6282163 -2.6690479 -2.7073911 -2.7378069 -2.7676544 -2.7887911 -2.8073377 -2.8222614 -2.8286592 -2.8272174 -2.8206384 -2.8080478 -2.7909573 -2.7750658 -2.7529416 -2.7261862 -2.7005562 -2.6756833 -2.6545805 -2.6388713 -2.6344816 -2.6292452 -2.6420087 -2.6569324 -2.6814522 -2.7140887 -2.7704961 -2.8228601 -2.8892732 -2.95211 -3.0214332 -3.0895064 -3.1546637 -3.2174328 -3.274544 -3.3279923 -3.3663445 -3.4013534
-2.0243139 -2.0331995 -2.0571244 -2.0854313 -2.1182395 -2.1596598 -2.2010762 -2.2589856 -2.3074597 -2.3477896 -2.3967484 -2.4545874 -2.5033428 -2.5613852 -2.6080468 -2.6611612 -2.7086403 -2.7518564 -2.7924966 -2.8357635 -2.8747675 -2.9081361 -2.9387254 -2.9693398 -2.9899291 -3.014802 -3.03565 -3.0466712 -3.048439 -3.0569812 -3.0491065 -3.0474569 -3.0345083 -3.0225068 -2.9988954 -2.9793225 -2.9572214 -2.9419745 -2.9245608 -2.9114965 -2.9040828 -2.9086445 -2.9168682 -2.9290538 -2.9579372 -3.0034323 -3.0465879 -3.1032026 -3.1589549 -3.2247131 -3.2847562 -3.3472941 -3.4012519 -3.4564754 -3.4989995 -3.5342076 -3.5570979
-2.0193695 -2.0507331 -2.0855551 -2.127724 -2.1751009 -2.2285774 -2.2832977 -2.3427764 -2.4043664 -2.4691373 -2.5338068 -2.5984763 -2.6631458 -2.7276403 -2.7823607 -2.8365213 -2.886267 -2.9355039 -2.9802751 -3.023084 -3.057906 -3.0927281 -3.1275501 -3.1606133 -3.1854861 -3.2114052 -3.2362781 -3.2595955 -3.2745192 -3.2880549 -3.2932913 -3.2966093 -3.2916347 -3.2831032 -3.2673941 -3.2541084 -3.2391847 -3.2217835 -3.2008379 -3.1851466 -3.1746738 -3.1693546 -3.1693546 -3.180494 -3.2014396 -3.2313734 -3.2680282 -3.3156126 -3.3679766 -3.4237591 -3.4813595 -3.5319299 -3.583656 -3.6271955 -3.6663273 -3.6925092 -3.710462
-2.006951 -2.0431921 -2.0855551 -2.127724 -2.1835857 -2.246507 -2.3143439 -2.3788514 -2.4540403 -2.5237528 -2.6083177 -2.6729872 -2.7479003 -2.82418 -2.893824 -2.9504533 -3.0101482 -3.0617527 -3.116473 -3.1616495 -3.2064207 -3.2417498 -3.2765718 -3.3113939 -3.3462159 -3.3745026 -3.4093247 -3.4350097 -3.4598826 -3.4759175 -3.4916267 -3.4988331 -3.5087822 -3.5004266 -3.4958288 -3.4916339 -3.481345 -3.4639438 -3.4429983 -3.4273069 -3.4168341 -3.4066713 -3.3990965 -3.4051892 -3.4187629 -3.4397085 -3.4667238 -3.5073706 -3.5542538 -3.602153 -3.6552182 -3.6881308 -3.7326778 -3.7658416 -3.8016306 -3.8173398 -3.8346467
-1.9886494 -2.0219489 -2.0667201 -2.1185609 -2.1758648 -2.2459964 -2.3168033 -2.3959046 -2.4739343 -2.5563526 -2.6432866 -2.7261468 -2.80574 -2.8958147 -2.9693132 -3.0421691 -3.1072066 -3.1669015 -3.2230083 -3.2777287 -3.3253745 -3.3672389 -3.402061 -3.4471103 -3.4834714 -3.5209968 -3.5589986 -3.5912189 -3.6160918 -3.6426094 -3.663196 -3.6786369 -3.6898284 -3.696481 -3.696481 -3.7011108 -3.6911616 -3.6766884 -3.6557428 -3.6400515 -3.6295787 -3.6164743 -3.6065251 -3.6025738 -3.6130465 -3.6246745 -3.6456201 -3.6766504 -3.7185416 -3.7590144 -3.806142 -3.8325737 -3.8638664 -3.8942723 -3.9211799 -3.933352 -3.9424778
-1.9648801 -1.9970917 -2.0368883 -2.0894379 -2.1510279 -2.2211595 -2.3007527 -2.3834861 -2.4735022 -2.5625618 -2.6570788 -2.7473498 -2.8418668 -2.9330701 -3.0176379 -3.0980523 -3.1776455 -3.2476216 -3.3073165 -3.364658 -3.4193784 -3.4683994 -3.5181452 -3.5650858 -3.6048824 -3.6451816 -3.6899527 -3.7278222 -3.7526951 -3.7792127 -3.810631 -3.8338678 -3.8487916 -3.8605788 -3.876288 -3.8811787 -3.8712296 -3.8567563 -3.8358108 -3.8201194 -3.8096466 -3.7965389 -3.7816152 -3.7762228 -3.7762228 -3.7849596 -3.7954323 -3.8235714 -3.8551449 -3.8925713 -3.9303267 -3.9527665 -3.9756328 -4.0032693 -4.0267369 -4.0319733 -4.0356164
-1.9248121 -1.9561745 -1.9926746 -2.0431607 -2.1018806 -2.1695222 -2.2518102 -2.3411067 -2.4342835 -2.5258906 -2.6266869 -2.7310047 -2.8316484 -2.9328052 -3.0233472 -3.1196269 -3.2067284 -3.2801012 -3.3454653 -3.414067 -3.4724651 -3.5327744 -3.5843082 -3.6348209 -3.679829 -3.731846 -3.7766171 -3.8161849 -3.8426933 -3.8729355 -3.9043539 -3.9301382 -3.9470957 -3.965606 -3.9883097 -4.0022861 -3.9923369 -3.9778637 -3.9569181 -3.9412267 -3.9307539 -3.9176462 -3.9027225 -3.8903882 -3.8857609 -3.8927992 -3.8950408 -3.9189926 -3.9412341 -3.975574 -4.0021063 -4.0227555 -4.0337985 -4.0592931 -4.0733334 -4.0785698 -4.0805145
-1.8839595 -1.9034708 -1.9382929 -1.9860065 -2.0428588 -2.1097221 -2.1942899 -2.2851556 -2.3799094 -2.4814242 -2.5908649 -2.7003056 -2.8097462 -2.9237198 -3.0232114 -3.1241989 -3.2137413 -3.3017286 -3.3763756 -3.4509943 -3.5157939 -3.5775566 -3.6322769 -3.6869973 -3.7417176 -3.7950862 -3.840075 -3.8874479 -3.9186376 -3.9501956 -3.9818675 -4.0109203 -4.0308186 -4.054534 -4.0859524 -4.0967901 -4.086841 -4.0723677 -4.0514222 -4.0373001 -4.0268273 -4.010581 -3.9956573 -3.9817537 -3.9712809 -3.9678465 -3.9678465 -3.9806758 -4.0016214 -4.0254624 -4.0516444 -4.064583 -4.0752587 -4.0918406 -4.1047079 -4.109548 -4.1068614
-1.8280763 -1.8448025 -1.8699912 -1.917154 -1.9692686 -2.0344203 -2.1140135 -2.2050655 -2.304557 -2.4071025 -2.5215178 -2.6320039 -2.7503661 -2.8680991 -2.9825144 -3.0870534 -3.1915195 -3.2831008 -3.3676686 -3.444785 -3.5194037 -3.5837658 -3.6384862 -3.6932065 -3.7479268 -3.8012955 -3.8510412 -3.8998664 -3.9545867 -3.9936603 -4.030315 -4.060724 -4.0855969 -4.1104171 -4.1275856 -4.1345737 -4.1295992 -4.1158324 -4.0948868 -4.0818226 -4.0765012 -4.0575037 -4.0329127 -4.017532 -4.0023271 -3.9988927 -3.9988927 -4.0068766 -4.0202491 -4.0411947 -4.0640629 -4.0803697 -4.0938864 -4.1104684 -4.1233356 -4.1233356 -4.1189737
-1.7798048 -1.7848566 -1.807146 -1.8479601 -1.8965473 -1.9543591 -2.0320588 -2.11869 -2.2161272 -2.3226527 -2.4395631 -2.5556859 -2.6760116 -2.800376 -2.919985 -3.0327943 -3.1399081 -3.2428191 -3.3354825 -3.4185461 -3.4959141 -3.5647192 -3.6208027 -3.6840696 -3.7416411 -3.7950097 -3.8447555 -3.8958021 -3.9505224 -4.0020191 -4.0416117 -4.0742421 -4.099115 -4.1209516 -4.1378858 -4.15 -4.1471816 -4.1377906 -4.1189444 -4.103253 -4.0963901 -4.079529 -4.0546562 -4.0290217 -4.010898 -3.998708 -3.9972391 -3.9892552 -3.9986814 -4.0053228 -4.0262684 -4.0337692 -4.0491401 -4.057582 -4.0704493 -4.0704493 -4.0655117
-1.7335574 -1.7323095 -1.7472332 -1.7783755 -1.8210147 -1.8747164 -1.949335 -2.0324789 -2.1272328 -2.2306952 -2.3500851 -2.4711825 -2.5955469 -2.7207334 -2.8450978 -2.9662884 -3.0757291 -3.1828816 -3.2823731 -3.3766697 -3.4562629 -3.531496 -3.5961655 -3.6602544 -3.7199493 -3.7777629 -3.8275086 -3.8793773 -3.9340976 -3.9855943 -4.0274854 -4.0643857 -4.0892586 -4.1128302 -4.1337758 -4.146712 -4.146712 -4.141071 -4.1253618 -4.1122797 -4.1018069 -4.0819874 -4.0571145 -4.029836 -4.003654 -3.9855635 -3.9750908 -3.9629739 -3.9525011 -3.9521346 -3.957371 -3.9593193 -3.9641982 -3.9684487 -3.9719158 -3.9719158 -3.9686222
-1.7025112 -1.6948438 -1.6975593 -1.7287016 -1.7577168 -1.8033385 -1.8686149 -1.9503815 -2.0403976 -2.1437659 -2.2631557 -2.3842532 -2.5086176 -2.6346388 -2.7639778 -2.8871361 -3.006526 -3.115313 -3.2197791 -3.3152595 -3.3998273 -3.4756128 -3.5437415 -3.6105805 -3.6702754 -3.7286186 -3.783339 -3.8363914 -3.8960863 -3.9483388 -3.99023 -4.0280074 -4.0578549 -4.081784 -4.1067323 -4.121875 -4.121875 -4.1175663 -4.1067341 -4.093652 -4.0831792 -4.0612368 -4.0322775 -4.0005503 -3.9663986 -3.9402166 -3.9192076 -3.9007509 -3.8841995 -3.869262 -3.8642324 -3.8497186 -3.8462226 -3.8406953 -3.8411707 -3.8359343 -3.8336666
-1.6863439 -1.6767595 -1.6744057 -1.6869129 -1.7130873 -1.7512393 -1.8147583 -1.8814651 -1.969399 -2.0697985 -2.1891883 -2.3038048 -2.4281692 -2.5541904 -2.6835294 -2.8080219 -2.9290463 -3.0437709 -3.148237 -3.2499267 -3.3344945 -3.4179426 -3.4875866 -3.5576661 -3.617361 -3.6789447 -3.7336651 -3.7896863 -3.8493812 -3.9013619 -3.9432531 -3.9810305 -4.010878 -4.0427514 -4.0691453 -4.0873166 -4.0879416 -4.0894889 -4.0790161 -4.0685433 -4.0591745 -4.0393686 -4.0083611 -3.9694265 -3.9325776 -3.9029612 -3.8727871 -3.8481082 -3.8148183 -3.7944794 -3.7670036 -3.750099 -3.7217661 -3.7162388 -3.6978147 -3.6925783 -3.6808609
-1.6828678 -1.6657271 -1.6557779 -1.6616188 -1.6758319 -1.710364 -1.7650844 -1.8317912 -1.912332 -2.0052897 -2.1147304 -2.2292939 -2.3536583 -2.478573 -2.6029374 -2.7273018 -2.8516662 -2.9702649 -3.0797055 -3.182579 -3.2721214 -3.3567533 -3.4313719 -3.5026352 -3.5673047 -3.6292708 -3.6839912 -3.7392618 -3.7939821 -3.8454788 -3.8873699 -3.9262962 -3.9611183 -3.9942623 -4.0256806 -4.0469463 -4.0568954 -4.0584427 -4.0479699 -4.039574 -4.0343376 -4.012137 -3.9773149 -3.9383803 -3.8964891 -3.8597679 -3.8231131 -3.7812258 -3.7340982 -3.6981013 -3.6614465 -3.6269928 -3.5913721 -3.5652022 -3.5413382 -3.525629 -3.5143071
-1.700395 -1.6780913 -1.6654451 -1.6696351 -1.6775101 -1.7012415 -1.7493643 -1.809473 -1.8796349 -1.9668747 -2.0685143 -2.1830779 -2.3051011 -2.4261478 -2.5505122 -2.6732706 -2.793582 -2.9132812 -3.0227218 -3.1276498 -3.2213469 -3.3065291 -3.3811478 -3.4529613 -3.5176308 -3.5795969 -3.6343172 -3.6877367 -3.738099 -3.7909114 -3.8371457 -3.8766223 -3.9114444 -3.9451386 -3.9791874 -4.0066796 -4.0201903 -4.0238919 -4.0169237 -4.0117052 -4.0095006 -3.9867497 -3.9519277 -3.9099466 -3.8654429 -3.8165134 -3.7734392 -3.7208166 -3.670355 -3.6098332 -3.5672074 -3.5108024 -3.4708271 -3.4212891 -3.3928054 -3.3636385 -3.3495751
-1.7332697 -1.7070564 -1.6921327 -1.6887144 -1.6934521 -1.7092125 -1.7539837 -1.8067692 -1.8730969 -1.9476308 -2.0466538 -2.1529758 -2.2723656 -2.38777 -2.5117984 -2.6329509 -2.7519539 -2.8682336 -2.9776743 -3.081098 -3.1751264 -3.2638298 -3.3384485 -3.4088595 -3.4729388 -3.5349049 -3.5896252 -3.6417439 -3.6907977 -3.7398856 -3.7870131 -3.8299375 -3.8647596 -3.9001889 -3.9368437 -3.9643359 -3.9792596 -3.9898747 -3.9846383 -3.982029 -3.982029 -3.9654001 -3.9305781 -3.888597 -3.8414694 -3.7888299 -3.736466 -3.6741318 -3.6165314 -3.5464953 -3.4836585 -3.4177883 -3.3595308 -3.3007394 -3.2515801 -3.2177027 -3.189576
-1.7923456 -1.765696 -1.7457977 -1.7403116 -1.7403116 -1.7544726 -1.7843201 -1.8330554 -1.8946454 -1.9675004 -2.0570427 -2.1589519 -2.2683925 -2.3811468 -2.5005366 -2.6197046 -2.7341198 -2.848364 -2.9578047 -3.0612284 -3.1507708 -3.2373371 -3.3119557 -3.3823667 -3.4420617 -3.5017889 -3.5565093 -3.6086279 -3.6533991 -3.7001465 -3.747274 -3.7901984 -3.8250204 -3.8604498 -3.8971045 -3.9245967 -3.9395204 -3.9504587 -3.9556951 -3.9555362 -3.9555362 -3.9408117 -3.9159388 -3.8753506 -3.8282231 -3.7740571 -3.7165964 -3.6482646 -3.5767923 -3.4968681 -3.4174267 -3.3397772 -3.2668062 -3.1894239 -3.1257396 -3.078612 -3.0438659
-1.86727 -1.8420044 -1.8249543 -1.8187636 -1.8187636 -1.8329246 -1.8605256 -1.8980448 -1.9542101 -2.0256811 -2.111934 -2.201773 -2.3096197 -2.4190562 -2.5353599 -2.6448006 -2.7559101 -2.8687703 -2.9767696 -3.076723 -3.1648749 -3.2465359 -3.3198149 -3.3866539 -3.44506 -3.4984286 -3.549589 -3.6017076 -3.6405433 -3.6672837 -3.7114835 -3.7475123 -3.7807489 -3.8128519 -3.8551561 -3.8917339 -3.9086414 -3.9225076 -3.927744 -3.9303533 -3.9248029 -3.9058053 -3.8837636 -3.8541169 -3.8107199 -3.756554 -3.7026209 -3.634289 -3.5609795 -3.4787404 -3.3903452 -3.3112016 -3.2081359 -3.1295084 -3.0503256 -2.9965923 -2.9397413
-1.9463982 -1.9301701 -1.9152464 -1.9090557 -1.9090557 -1.9219775 -1.9468504 -1.9832486 -2.0353632 -2.0960704 -2.1756636 -2.263795 -2.3682611 -2.4710212 -2.5804618 -2.6887816 -2.7982223 -2.9027451 -3.0072112 -3.1045394 -3.1891072 -3.2693148 -3.3389589 -3.3999117 -3.454632 -3.5057588 -3.5555046 -3.5952034 -3.6151017 -3.6358478 -3.6725025 -3.7057112 -3.7355587 -3.7728669 -3.8252308 -3.8605434 -3.8804417 -3.8954288 -3.9006652 -3.8991411 -3.8886684 -3.8748576 -3.8549593 -3.8275544 -3.7908996 -3.7459291 -3.6935652 -3.6263542 -3.5530447 -3.4663409 -3.3773221 -3.2723698 -3.1676322 -3.0763834 -2.9890935 -2.9157839 -2.8500366
-2.0395368 -2.0269906 -2.0208034 -2.0147153 -2.019453 -2.0337438 -2.0586167 -2.0939365 -2.1413134 -2.2009899 -2.2756085 -2.3631428 -2.4595841 -2.5574147 -2.6618808 -2.7690167 -2.8734828 -2.9759535 -3.0654959 -3.1600393 -3.2396325 -3.3189888 -3.3811166 -3.4366039 -3.481375 -3.5301342 -3.5699308 -3.607262 -3.6172112 -3.6352632 -3.6562087 -3.6865053 -3.7113782 -3.7480299 -3.7917907 -3.8223114 -3.8372351 -3.8529975 -3.8634097 -3.8633919 -3.8576222 -3.8474594 -3.8363315 -3.8127776 -3.7846904 -3.7445164 -3.6997744 -3.6354345 -3.5654632 -3.4787593 -3.3897406 -3.2809717 -3.1738415 -3.0688226 -2.9765707 -2.8927884 -2.822575
-2.1285473 -2.1236686 -2.1231215 -2.130021 -2.1368577 -2.1561283 -2.1818753 -2.2198604 -2.2672373 -2.324244 -2.3988626 -2.4803118 -2.5743855 -2.6655804 -2.769705 -2.864222 -2.9648211 -3.064622 -3.1540262 -3.2336194 -3.313158 -3.3763741 -3.436069 -3.4844775 -3.5292487 -3.5566432 -3.587689 -3.6196805 -3.6296297 -3.6317238 -3.6524862 -3.6678776 -3.6918979 -3.7091046 -3.7499741 -3.7744378 -3.78875 -3.7989146 -3.8093874 -3.8119789 -3.8081454 -3.8022555 -3.7966831 -3.7926708 -3.7679679 -3.7312284 -3.6985171 -3.6416438 -3.5791062 -3.4947172 -3.4154202 -3.3075477 -3.2012871 -3.0962683 -2.9960069 -2.9122245 -2.8295926
-2.2179021 -2.2311479 -2.2410971 -2.2530387 -2.2672517 -2.2886311 -2.3184786 -2.3564637 -2.4038406 -2.4608472 -2.5354659 -2.6140025 -2.6985703 -2.7869544 -2.8814713 -2.9759883 -3.0705052 -3.1613623 -3.2409556 -3.3167901 -3.3814596 -3.4422717 -3.4920174 -3.5369071 -3.5667546 -3.5938986 -3.6137969 -3.6289505 -3.6239759 -3.6233857 -3.6338584 -3.6434587 -3.6484332 -3.6626726 -3.694091 -3.7167085 -3.7266577 -3.7368222 -3.747295 -3.7522622 -3.7522622 -3.7544531 -3.7594276 -3.7554154 -3.7449426 -3.7256719 -3.7047263 -3.6553342 -3.5977339 -3.5259852 -3.4526756 -3.3494894 -3.2447518 -3.139733 -3.0376281 -2.943373 -2.8564554
-2.3030316 -2.333349 -2.3602642 -2.3727085 -2.3985171 -2.4323379 -2.4701751 -2.5103596 -2.5618922 -2.6171404 -2.6871624 -2.7651963 -2.8467268 -2.9279768 -3.0130972 -3.1027964 -3.1830659 -3.2682523 -3.3334456 -3.4055176 -3.4604854 -3.5207948 -3.5566253 -3.5786931 -3.593683 -3.616772 -3.6217466 -3.6337534 -3.6238042 -3.6160526 -3.601329 -3.6048263 -3.5958331 -3.6095698 -3.621029 -3.621029 -3.6224629 -3.6326275 -3.6431003 -3.6562002 -3.6673841 -3.6762188 -3.6880137 -3.696187 -3.6989489 -3.6955145 -3.6859125 -3.6609749 -3.6175532 -3.5644176 -3.4986693 -3.4105471 -3.3104293 -3.216465 -3.1151458 -3.0208907 -2.9299272
-2.3715446 -2.4226148 -2.4574369 -2.4885162 -2.5181512 -2.5642918 -2.6045204 -2.6522346 -2.704942 -2.7614947 -2.8301051 -2.9031644 -2.9827576 -3.0562452 -3.137407 -3.215551 -3.2915857 -3.3634035 -3.4255989 -3.481243 -3.5308118 -3.5768118 -3.6016847 -3.6097659 -3.6191314 -3.6259449 -3.6251578 -3.6197256 -3.6023201 -3.5869762 -3.566838 -3.5462996 -3.5319786 -3.5253261 -3.5253261 -3.5127548 -3.5113655 -3.5156741 -3.5261469 -3.5445011 -3.5605403 -3.586953 -3.6018767 -3.6281716 -3.6386444 -3.6560394 -3.6560394 -3.6528323 -3.6266503 -3.5948972 -3.5425332 -3.469567 -3.3809348 -3.2947961 -3.2031128 -3.1120958 -3.0211324
-2.4334187 -2.4915955 -2.5463158 -2.5887498 -2.6361267 -2.6822673 -2.7270385 -2.7764194 -2.8332717 -2.8918887 -2.9565582 -3.0266402 -3.1012589 -3.1742207 -3.2438648 -3.3148989 -3.3795683 -3.4441236 -3.4988439 -3.5495446 -3.5843666 -3.6189122 -3.6288614 -3.6346029 -3.6296283 -3.6259449 -3.6110212 -3.5948886 -3.5600666 -3.531093 -3.4996747 -3.4717888 -3.4419413 -3.423769 -3.4080598 -3.3947793 -3.3848301 -3.3852801 -3.3957529 -3.4141071 -3.440289 -3.4695886 -3.5044106 -3.5363043 -3.5729591 -3.5975823 -3.6237643 -3.6289852 -3.6328595 -3.6111423 -3.5859979 -3.5237588 -3.4554457 -3.3780634 -3.2962514 -3.2124691 -3.1266895
-2.4738874 -2.5509022 -2.6146174 -2.6650405 -2.7205795 -2.7789102 -2.8293823 -2.8797618 -2.9366141 -2.9944713 -3.0556886 -3.1237734 -3.1946064 -3.2576191 -3.3201556 -3.3833759 -3.4372314 -3.4925704 -3.5326687 -3.5753551 -3.5953517 -3.6229068 -3.6263017 -3.6135474 -3.5971487 -3.584064 -3.5537046 -3.5296749 -3.4831237 -3.4438937 -3.3968961 -3.3609169 -3.3205351 -3.2953723 -3.275299 -3.2538639 -3.2408016 -3.2414086 -3.2549377 -3.275919 -3.3046844 -3.3477609 -3.3916457 -3.4427659 -3.4902417 -3.5409732 -3.5773037 -3.6114696 -3.6240178 -3.6381837 -3.6224589 -3.5867007 -3.525664 -3.4734166 -3.3981198 -3.3264501 -3.2426677
