mean_models/J1_mean_vp_slide_diff2_220.dat.tif
NCOLS 118
NROWS 92
XLLCORNER 139.62
YLLCORNER -39.07
DX 0.099491525
DY 0.099347826
NODATA_VALUE -9999
[rows 0 to 23 of 92, columns 0 to 52 of 118]
-9999 -9999 -9999 -9999 -9999 -9999 -9999 -9999 -9999 -9999 -9999 -9999 -9999 -9999 -9999 -9999 -9999 -9999 -9999 -9999 -9999 -9999 -9999 -9999 -9999 -9999 -9999 -9999 -9999 -9999 -9999 -9999 -9999 -9999 -9999 -9999 -9999 -9999 -9999 -9999 -9999 -9999 -9999 -9999 -9999 -9999 -9999 -9999 -9999 -9999 -9999 -9999 -9999
-9999 0.08471295 0.084974075 0.085235199 0.085496324 0.085757448 0.085624493 0.085806363 0.084775083 0.081997965 0.079220847 0.076443728 0.07366661 0.072334196 0.073861283 0.075349842 0.076838401 0.07832696 0.079815519 0.081376683 0.083105348 0.084834013 0.086562678 0.088291344 0.089548002 0.087648297 0.084294878 0.079781335 0.075267793 0.07075425 0.066240707 0.064735241 0.069028384 0.073321528 0.077614672 0.081907815 0.083547669 0.080957177 0.083003023 0.085133514 0.087264005 0.089394496 0.091524987 0.088125283 0.081802685 0.075816263 0.06982984 0.063843417 0.057856995 0.055137878 0.052260618 0.049383359 0.046506099
-9999 0.083778046 0.08403917 0.084300295 0.084561419 0.084121962 0.083243664 0.083425534 0.084830974 0.084924793 0.082147675 0.079370557 0.076593438 0.075261025 0.076821715 0.078366704 0.079855263 0.081343822 0.082832381 0.084393545 0.08612221 0.087850875 0.089579541 0.089992801 0.088323333 0.086423628 0.08390683 0.081007453 0.07649391 0.071980368 0.067466825 0.065961358 0.070254502 0.074547646 0.078840789 0.078196512 0.072444722 0.06985423 0.071786424 0.073791304 0.075921795 0.078052285 0.080182776 0.076783073 0.069407784 0.062827155 0.056840733 0.05085431 0.044867888 0.04218172 0.040065926 0.037281345 0.034404085
-9999 0.082843141 0.083104266 0.08336539 0.082619431 0.081741133 0.080862835 0.081044705 0.082450145 0.083855585 0.085074503 0.082297385 0.079520267 0.078187853 0.079748543 0.081309234 0.082869924 0.084360685 0.085849244 0.087410407 0.089139072 0.090867738 0.0904376 0.088768132 0.087098664 0.085198959 0.082682161 0.080165363 0.077648564 0.073206486 0.068692943 0.067187476 0.07148062 0.075773764 0.072845355 0.067093565 0.061341774 0.058751282 0.060683476 0.06261567 0.064579584 0.066710075 0.068840566 0.065440863 0.058065574 0.050690284 0.043851625 0.037865203 0.03187878 0.029192613 0.027076819 0.024961025 0.022302071
-9999 0.081908237 0.081995198 0.0811169 0.080238602 0.079360303 0.078482005 0.078663875 0.080069315 0.081474756 0.082880196 0.084285636 0.082447095 0.081114681 0.082675372 0.084236062 0.085796752 0.087357443 0.088866106 0.09042727 0.092155935 0.090882399 0.089212931 0.087543463 0.085873995 0.08397429 0.081457492 0.078940694 0.076423895 0.073907097 0.069919061 0.068413594 0.072706738 0.067494198 0.061742408 0.055990617 0.050238827 0.047648335 0.049580529 0.051512723 0.053444917 0.055377111 0.057498356 0.054098653 0.046723364 0.039348074 0.031972785 0.024876095 0.018889673 0.016203505 0.014087711 0.011971918 0.0098561237
-9999 0.080492667 0.079614369 0.07873607 0.077857772 0.076979474 0.076101176 0.076283046 0.077688486 0.079093926 0.080499366 0.081904807 0.083310247 0.08404151 0.0856022 0.08716289 0.088723581 0.090284271 0.091844962 0.092996666 0.091327198 0.08965773 0.087988262 0.086318794 0.084649327 0.082749622 0.080232823 0.077716025 0.075199227 0.072682428 0.07016563 0.067894832 0.062143042 0.056391251 0.05063946 0.04488767 0.039135879 0.036545387 0.038477581 0.040409775 0.042341969 0.044274163 0.046206357 0.042756443 0.035381153 0.028005864 0.020630575 0.013255285 0.0059005656 0.003214398 0.0010986041 -0.0010171898 -0.0031329837
-9999 0.08002291 0.079144612 0.078266313 0.077388015 0.076509717 0.075617156 0.075785919 0.077191359 0.078596799 0.080002239 0.081407679 0.082765737 0.083837983 0.084673001 0.086233692 0.087794382 0.089355073 0.090915763 0.091499702 0.089830234 0.088160766 0.086491299 0.084821831 0.082932624 0.081615417 0.082118305 0.079601507 0.077084708 0.07456791 0.072051112 0.068429346 0.062677555 0.056925765 0.051173974 0.045422183 0.03748853 0.032295722 0.034227916 0.03616011 0.038092304 0.040024498 0.041340268 0.039988067 0.034628829 0.02725354 0.019878251 0.012502961 0.005127672 0.0022368417 0.00012104784 -0.001994746 -0.0041105399
-9999 0.079855921 0.078977623 0.078099325 0.077221026 0.076321224 0.075418461 0.075587223 0.076992663 0.078398103 0.079803543 0.081130558 0.082431125 0.083503371 0.084118395 0.084733418 0.08625428 0.08781497 0.08937566 0.089959599 0.088290132 0.086620664 0.084951196 0.082899753 0.080639803 0.079322596 0.080532177 0.081741757 0.079462926 0.076946128 0.074429329 0.070807564 0.065055773 0.059303982 0.053552192 0.044497712 0.034324619 0.02913181 0.031064004 0.032996199 0.034928393 0.036022366 0.036999613 0.035647412 0.032620601 0.028178954 0.020803665 0.013428376 0.0060530864 0.0031622562 0.0010464623 -0.0010693316 -0.0025276935
-9999 0.079688932 0.078810634 0.077928055 0.077025292 0.076122528 0.075219765 0.075388527 0.076793967 0.078194814 0.07949538 0.080795947 0.082096513 0.083168759 0.083783783 0.084398806 0.08501383 0.086274867 0.087835558 0.088419497 0.086750029 0.085080561 0.082866882 0.080606932 0.078346982 0.077029775 0.078239356 0.079448936 0.080658517 0.079324346 0.076807547 0.073185781 0.067433991 0.061679986 0.051506894 0.041333801 0.031160708 0.025967899 0.027900093 0.029727218 0.030704465 0.031681712 0.032658959 0.031306758 0.028279946 0.025253135 0.02172908 0.01435379 0.0069785009 0.0040876706 0.0019718767 0.00079651778 0.00017203079
-9999 0.079521943 0.078632122 0.077729359 0.076826596 0.075923833 0.075021069 0.075189832 0.076559636 0.077860202 0.079160768 0.080461335 0.081761901 0.082834147 0.083449171 0.084064194 0.084679218 0.085294241 0.086295455 0.086879394 0.085093961 0.082834011 0.080574061 0.078314111 0.076054161 0.074736954 0.075946535 0.077156115 0.078365696 0.079575277 0.079185765 0.075563999 0.068689168 0.058516075 0.048342982 0.03816989 0.027996797 0.022803988 0.024409316 0.025386563 0.02636381 0.027341057 0.028318304 0.026966103 0.023939292 0.02091248 0.017885669 0.014858857 0.0079039153 0.005013085 0.0041207291 0.0034962421 0.0028717551
-9999 0.079412034 0.078509271 0.077606508 0.076703744 0.075800981 0.074898218 0.075134418 0.076434984 0.07773555 0.079036117 0.080336683 0.081637249 0.082508103 0.083123127 0.08373815 0.084353173 0.084968197 0.08558322 0.085328895 0.083068945 0.080808995 0.078549045 0.076289095 0.074029145 0.071601703 0.072811284 0.074020864 0.075230445 0.076440026 0.077649607 0.074971239 0.064798146 0.054625053 0.044451961 0.034278868 0.024105775 0.019490746 0.020467992 0.021445239 0.022422486 0.023399733 0.02437698 0.023381148 0.020354337 0.017327525 0.014300714 0.011273902 0.0082470909 0.0072685987 0.0066441117 0.0060196247 0.0053951377
-9999 0.079786244 0.078883481 0.077980718 0.077077955 0.076175191 0.07589537 0.076385786 0.077686353 0.078986919 0.080287485 0.081588052 0.082852321 0.083503179 0.082947353 0.083468255 0.084083279 0.084698302 0.085313325 0.085059 0.08279905 0.0805391 0.07827915 0.0760192 0.073809239 0.07066842 0.064971097 0.065364564 0.066574145 0.067783726 0.068993307 0.066314939 0.056141846 0.045968753 0.03579566 0.025622567 0.020236168 0.018166522 0.019143769 0.020121016 0.021098263 0.02207551 0.023272637 0.02320085 0.021722025 0.018695214 0.015668402 0.012641591 0.0096147793 0.0086362871 0.0080118001 0.0073873131 0.0067628261
-9999 0.080160455 0.079257691 0.078354928 0.077569822 0.077358281 0.077146739 0.077637155 0.078937721 0.080238288 0.081537014 0.082790444 0.084043874 0.084694732 0.084138906 0.08358308 0.083813384 0.084428407 0.08504343 0.084789105 0.082529155 0.080269205 0.078009255 0.075817403 0.073630413 0.070489594 0.064792271 0.059094947 0.057917845 0.059127426 0.060337006 0.057658638 0.047485546 0.037312453 0.027310716 0.02311133 0.018911945 0.016842298 0.017819545 0.018796792 0.019809912 0.021019078 0.022228243 0.022156456 0.02116381 0.020062902 0.017036091 0.014009279 0.010982468 0.010003975 0.0093794885 0.0087550015 0.0059388036
-9999 0.080534665 0.079631901 0.079032733 0.078821191 0.078609649 0.078398107 0.078888524 0.08018909 0.081475137 0.082728567 0.083981997 0.085235427 0.085886285 0.085330459 0.084774633 0.084218807 0.084158512 0.084773536 0.08451921 0.08225926 0.080012556 0.077825566 0.075638577 0.073451587 0.070310768 0.064613444 0.058916121 0.053218798 0.050471125 0.051680706 0.049002338 0.038829245 0.030185878 0.025986492 0.021787106 0.017587721 0.015518074 0.016495321 0.017556353 0.018765518 0.019974684 0.021183849 0.021112062 0.020119416 0.01912677 0.018134124 0.015376968 0.012350156 0.011371664 0.010747177 0.0074204072 0.0037012008
-9999 0.080908875 0.080495643 0.080284102 0.08007256 0.079861018 0.079649476 0.080139892 0.081413259 0.08266669 0.08392012 0.08517355 0.08642698 0.087077838 0.086522012 0.085966186 0.08541036 0.084854534 0.084503641 0.084249315 0.082020719 0.07983373 0.07764674 0.075459751 0.073272761 0.070131942 0.064434618 0.058737295 0.053039972 0.047342649 0.043024406 0.040346038 0.033061039 0.028861654 0.024662268 0.020462883 0.016263497 0.014193851 0.015302794 0.016511959 0.017721124 0.01893029 0.020139455 0.020067668 0.019075022 0.018082376 0.01708973 0.016097084 0.013717845 0.012621217 0.0089020108 0.0051828044 0.001463598
-9999 0.081831036 0.081619494 0.081407953 0.081196411 0.080984869 0.080773327 0.08135653 0.08260996 0.08386339 0.08511682 0.08637025 0.08762368 0.087862995 0.087244777 0.086688951 0.086133125 0.085577299 0.085021473 0.083972407 0.081785418 0.079598428 0.077411439 0.075224449 0.07303746 0.069124256 0.062986048 0.057288725 0.051591402 0.045894078 0.040196755 0.035011078 0.030811693 0.026612307 0.022412922 0.018213536 0.014014151 0.01252314 0.013732305 0.01494147 0.016150635 0.017359801 0.018568966 0.018187455 0.017194808 0.016202162 0.015209516 0.01421687 0.013224224 0.013633103 0.0099138962 0.0061946898 0.0024754834
-9999 0.082658582 0.082447041 0.082235499 0.082023957 0.0820151 0.08315338 0.08385501 0.084052688 0.085072051 0.086325482 0.087578912 0.088832342 0.089071656 0.087280145 0.086322421 0.085766595 0.085210769 0.084654943 0.083605877 0.081418888 0.079231898 0.077044909 0.074857919 0.073553343 0.069967233 0.060088062 0.05288973 0.047192407 0.041495083 0.03579776 0.030612084 0.026412698 0.022213313 0.018013927 0.013995121 0.014088205 0.013380242 0.011526269 0.012148528 0.013357693 0.014566858 0.015776024 0.015209707 0.013372454 0.012379807 0.011387161 0.010394515 0.009401869 0.01495999 0.018476411 0.014757204 0.011037998
-9999 0.083486129 0.083274587 0.083063045 0.083453732 0.084592013 0.085730294 0.086431924 0.086629602 0.08682728 0.087534143 0.088787573 0.090041003 0.090280318 0.088488807 0.086697296 0.085400065 0.084844239 0.084288413 0.083239347 0.081052358 0.078865368 0.076872664 0.075634492 0.07439632 0.07081021 0.060931039 0.051051868 0.042793412 0.037096088 0.031398765 0.026213089 0.022013703 0.017814318 0.014883679 0.014976762 0.015069846 0.014361883 0.01250791 0.010653937 0.010564751 0.011773916 0.012983081 0.012416765 0.010574077 0.0087313892 0.0075648065 0.0065721604 0.0055795142 0.011137636 0.017827908 0.023319719 0.019600512
-9999 0.084313675 0.084102133 0.084892365 0.086030646 0.087168927 0.088307207 0.089008837 0.089206515 0.089404194 0.089601872 0.089996235 0.091249665 0.091488979 0.089697468 0.087905958 0.086114447 0.084477709 0.083921883 0.082872817 0.080685828 0.078953813 0.077715641 0.076477469 0.075239297 0.071653187 0.061774016 0.051894845 0.042015673 0.032697094 0.02699977 0.021814094 0.017614708 0.015772236 0.01586532 0.015958403 0.016051487 0.015343524 0.013489551 0.011635578 0.009781605 0.0089809741 0.010190139 0.0096238226 0.0077811348 0.005938447 0.0040957592 0.0027498056 0.0017571595 0.0073152809 0.014005553 0.020695825 0.027386097
-9999 0.085192716 0.086330997 0.087469278 0.088607559 0.08974584 0.090884121 0.091585751 0.091783429 0.091981107 0.092178785 0.092376464 0.092574142 0.09269764 0.09090613 0.089114619 0.087323108 0.085531598 0.083740087 0.082506287 0.081034962 0.07979679 0.078558618 0.077320446 0.076082274 0.072496164 0.062616993 0.052737821 0.04285865 0.032979479 0.023100308 0.017415099 0.016660794 0.016753877 0.016846961 0.016940045 0.017033128 0.016325165 0.014471192 0.012617219 0.010763246 0.0089092729 0.007397197 0.0068308804 0.0049881926 0.0031455048 0.001302817 -0.00053987073 -0.0020651953 0.0034929262 0.010183198 0.01687347 0.023563742
-9999 0.083212085 0.084350366 0.085488647 0.086626928 0.087765208 0.089903754 0.093245733 0.093443411 0.09364109 0.093838768 0.094036446 0.094023472 0.091568062 0.089736674 0.087945164 0.086153653 0.084362142 0.082570631 0.080946442 0.07970827 0.078470098 0.077231926 0.075993754 0.074755582 0.068803554 0.062017219 0.052138048 0.042258876 0.032379705 0.022500534 0.016027559 0.016120642 0.016213726 0.01630681 0.016399893 0.016491469 0.015776459 0.013922486 0.012068513 0.01021454 0.0083605669 0.0072783331 0.0084499444 0.0069585929 0.0051159052 0.0032732174 0.0014305296 -0.00041215819 0.0050207016 0.011710974 0.018401246 0.025091518
-9999 0.077793612 0.078931893 0.080070174 0.081208455 0.084805705 0.090872078 0.094214057 0.094411736 0.094609414 0.094807092 0.093925654 0.091189311 0.088733901 0.086841074 0.08498185 0.08319034 0.081398829 0.079607318 0.077983129 0.076744957 0.075506785 0.074268613 0.07142788 0.064321863 0.058360195 0.055465666 0.05044998 0.040570809 0.030691638 0.020812467 0.014339491 0.014432575 0.014525659 0.014618742 0.014707283 0.014788394 0.014073384 0.012219411 0.010365438 0.0085114646 0.0080599575 0.0089215884 0.0100932 0.011487652 0.010679383 0.0088366956 0.0069940079 0.0051513201 0.01058418 0.017274452 0.023964724 0.030194544
-9999 0.072375139 0.07351342 0.074651701 0.079707656 0.085774029 0.091840402 0.095182382 0.09538006 0.095577738 0.093827836 0.091091493 0.08835515 0.08589974 0.084006913 0.082114087 0.080227027 0.078435516 0.076644005 0.075019816 0.073781644 0.072543472 0.068090537 0.060984521 0.053878504 0.047916836 0.045022307 0.042127778 0.038882741 0.02900357 0.019124399 0.012651424 0.012744507 0.012837591 0.012923096 0.013004207 0.013085318 0.012370309 0.010516335 0.0086623623 0.0088415819 0.0097032128 0.010564844 0.011736455 0.013130907 0.01452536 0.014400174 0.012557486 0.010714798 0.016147658 0.02283793 0.028117799 0.029802226
-9999 0.066956667 0.068543233 0.074609606 0.08067598 0.086742353 0.092808727 0.096150706 0.096348384 0.093730018 0.090993675 0.088257332 0.085520989 0.083065579 0.081172752 0.079279926 0.0773871 0.075494274 0.073680692 0.072056503 0.070818331 0.064753195 0.057647178 0.050541162 0.043435145 0.037473477 0.034578948 0.031684419 0.02878989 0.025895361 0.017436331 0.010963356 0.01105644 0.01113891 0.011220021 0.011301132 0.011382243 0.010667233 0.00881326 0.0096232063 0.010484837 0.011346468 0.012208099 0.01337971 0.014774163 0.016168615 0.017563067 0.018120964 0.016278277 0.021711136 0.026041053 0.02772548 0.029409907
