mean_models/J1_mean_vp_slide_diff2_100.dat.tif
NCOLS 118
NROWS 92
XLLCORNER 139.62
YLLCORNER -39.07
DX 0.099491525
DY 0.099347826
NODATA_VALUE -9999
[rows 24 to 47 of 92, columns 54 to 107 of 118]
0.05203378 0.046928621 0.041823462 0.036718303 0.031613145 0.026507986 0.030464651 0.040579208 0.050693765 0.060808323 0.07092288 0.078557857 0.076692863 0.07485028 0.073007697 0.071165114 0.069322531 0.06740667 0.065373174 0.063339678 0.061306182 0.059272685 0.057016515 0.034873831 0.012731148 -0.0094115362 -0.03155422 -0.053696904 -0.054786339 -0.04610805 -0.037429761 -0.028751472 -0.020073183 -0.020157983 -0.036033076 -0.051908169 -0.067783262 -0.083658355 -0.099079593 -0.092125661 -0.084111131 -0.076096601 -0.068082071 -0.06006754 -0.065133841 -0.075113606 -0.085093371 -0.095073137 -0.1050529 -0.11455986 -0.12189437 -0.12922889 -0.1365634 -0.14389792
0.051864857 0.049969206 0.044864047 0.039758888 0.034653729 0.029548571 0.030974957 0.039376814 0.049491371 0.059605929 0.069720486 0.079835043 0.075219543 0.073331686 0.071489103 0.06964652 0.067803937 0.065877606 0.063844109 0.061810613 0.059777117 0.057743621 0.056578679 0.032130054 0.0099873705 -0.012155313 -0.034297997 -0.056440681 -0.057502239 -0.04882395 -0.040145661 -0.031467372 -0.028652019 -0.033628893 -0.036982251 -0.052857344 -0.068732437 -0.08460753 -0.099770411 -0.091755881 -0.083741351 -0.075726821 -0.067712291 -0.066962348 -0.07721261 -0.087221896 -0.097201661 -0.10718143 -0.11716119 -0.11229307 -0.11549622 -0.12283073 -0.13016525 -0.13749976
0.053555883 0.052595257 0.051486108 0.046380949 0.04127579 0.036170632 0.037597018 0.043461866 0.051057262 0.06117182 0.071286377 0.081400934 0.076785434 0.071663791 0.069223338 0.067380755 0.065538172 0.063611841 0.061578345 0.059544848 0.057652061 0.056780405 0.055645866 0.031033915 0.0064219644 -0.015868597 -0.038011281 -0.060153964 -0.061215523 -0.052537234 -0.043858944 -0.043491701 -0.0542381 -0.059214975 -0.05379569 -0.054465299 -0.070340392 -0.086215485 -0.10137837 -0.093363836 -0.085349306 -0.077334776 -0.077331282 -0.078252066 -0.088502327 -0.099746209 -0.10988796 -0.11986772 -0.12984749 -0.12497937 -0.11303282 -0.11503489 -0.1223694 -0.12970392
0.05524691 0.054286284 0.053325658 0.052365032 0.047897852 0.042792693 0.044219079 0.050083927 0.055948775 0.06273771 0.072852268 0.082966825 0.078351325 0.073229682 0.068108039 0.065114991 0.063272408 0.061346076 0.05931258 0.057590905 0.056719248 0.055847592 0.054713053 0.030101103 0.0054891518 -0.019122799 -0.041724564 -0.063867248 -0.064928806 -0.056250517 -0.058331384 -0.069077783 -0.079824182 -0.084801056 -0.079381772 -0.073962487 -0.071948347 -0.08782344 -0.10298632 -0.094971791 -0.086957261 -0.087700215 -0.088620999 -0.089541784 -0.099792045 -0.11103593 -0.12227981 -0.13255402 -0.14253378 -0.13766566 -0.12571912 -0.11377257 -0.11457356 -0.12190807
0.056937937 0.055977311 0.055016685 0.054056058 0.053095432 0.049414754 0.05084114 0.056705988 0.062570836 0.068435684 0.074418158 0.084532716 0.079917216 0.074795573 0.06967393 0.064552287 0.061006643 0.059080312 0.057529748 0.056658092 0.055786436 0.054914779 0.053780241 0.02916829 0.0045563391 -0.020055612 -0.044667562 -0.067580531 -0.06864209 -0.073171067 -0.083917465 -0.094663864 -0.10541026 -0.11038714 -0.10496785 -0.099548568 -0.094129284 -0.089431396 -0.10459428 -0.097148364 -0.098069149 -0.098989933 -0.099910717 -0.1008315 -0.11108176 -0.12232564 -0.13356953 -0.14481341 -0.15522008 -0.15035196 -0.13840541 -0.12645887 -0.11451232 -0.11411223
0.057367538 0.056406912 0.055446286 0.054485659 0.053525033 0.052564407 0.053637896 0.059502743 0.065367591 0.071232439 0.077097287 0.082962134 0.079588117 0.074466475 0.069344832 0.064223189 0.059101546 0.05584425 0.054972594 0.054100937 0.053229281 0.052357625 0.051411901 0.029205123 0.0045931724 -0.020018778 -0.044630729 -0.06924268 -0.084370782 -0.095117181 -0.10586358 -0.11660998 -0.12735638 -0.13313638 -0.12771709 -0.12229781 -0.11687853 -0.11145924 -0.10622897 -0.10714975 -0.10807054 -0.10899132 -0.10991211 -0.11119366 -0.12104535 -0.13228923 -0.14353312 -0.154777 -0.16602088 -0.16146414 -0.1495176 -0.13757105 -0.12562451 -0.11367796
0.057448678 0.047319552 0.045491422 0.044530796 0.04357017 0.042609543 0.036334909 0.030808343 0.036673191 0.042538039 0.048402887 0.054267734 0.060072331 0.058537213 0.05341557 0.048293928 0.043172285 0.039914989 0.039043332 0.038171676 0.03730002 0.036311569 0.035008518 0.03208572 0.012612444 -0.011999506 -0.036611457 -0.061223408 -0.07635151 -0.087097909 -0.097844308 -0.10859071 -0.12322226 -0.13238748 -0.12711255 -0.12169327 -0.11627398 -0.1108547 -0.10562443 -0.10654521 -0.107466 -0.10838678 -0.11109591 -0.12910544 -0.12556813 -0.13133571 -0.14257959 -0.15382347 -0.16506735 -0.16003816 -0.14767121 -0.13572466 -0.12377812 -0.11183157
0.058402206 0.04827308 0.038143955 0.034575932 0.033615306 0.03265468 0.026380046 0.016494319 0.0079787909 0.013843639 0.019708486 0.025573334 0.031377931 0.037180458 0.037486309 0.032364666 0.027243023 0.023985727 0.023114071 0.022242415 0.021193101 0.019908186 0.018605135 0.015682337 0.012759539 -0.0039802345 -0.028592185 -0.053204136 -0.068332238 -0.079078637 -0.089825036 -0.10526606 -0.12243529 -0.13160052 -0.12634323 -0.12108595 -0.11566944 -0.11025016 -0.10501989 -0.10594067 -0.10686145 -0.11099817 -0.12900769 -0.14701722 -0.14347991 -0.13764779 -0.14162606 -0.15286994 -0.16411382 -0.15908463 -0.14629758 -0.13387827 -0.12193173 -0.10998518
0.059355734 0.049226608 0.039097482 0.028968357 0.023660443 0.022699816 0.016425182 0.0065394556 -0.0033462711 -0.013231998 -0.0089859137 -0.0031210659 0.0026835311 0.0084860577 0.014288584 0.016435405 0.011313762 0.008056466 0.0071848097 0.0060746327 0.0047897181 0.0035048035 0.0022017521 -0.00072104607 -0.0036438443 -0.0065666425 -0.020572913 -0.045184864 -0.060312966 -0.071059365 -0.087309865 -0.1044791 -0.12164833 -0.13081355 -0.12555627 -0.12029899 -0.11504171 -0.10964561 -0.10441534 -0.10533613 -0.11090042 -0.12890994 -0.14691947 -0.164929 -0.16139169 -0.15555957 -0.14972746 -0.15191641 -0.1631603 -0.1581311 -0.14534405 -0.13255701 -0.12008534 -0.10813879
0.060309261 0.050180136 0.04005101 0.029921884 0.019792759 0.012744953 0.0064703187 -0.003415408 -0.013301135 -0.023186861 -0.033072588 -0.031815466 -0.026010869 -0.020208342 -0.014405816 -0.0086032891 -0.0046154993 -0.0078727954 -0.0090438356 -0.01032875 -0.011613665 -0.01289858 -0.014201631 -0.017124429 -0.020047227 -0.022970025 -0.025892824 -0.037165592 -0.052293694 -0.069353669 -0.086522903 -0.10369214 -0.12086137 -0.13002659 -0.12476931 -0.11951203 -0.11425475 -0.10899746 -0.1038108 -0.11080267 -0.1288122 -0.14682172 -0.16483125 -0.18284078 -0.17930347 -0.17347135 -0.16763924 -0.16180712 -0.16220677 -0.15717758 -0.14439053 -0.13160348 -0.11881643 -0.1062924
0.061786867 0.053797303 0.043668177 0.033539052 0.023409926 0.013280801 0.0048834154 -0.0050023113 -0.014888038 -0.024773765 -0.034659491 -0.044545218 -0.049430183 -0.043627656 -0.03782513 -0.032022603 -0.026220076 -0.023526606 -0.024811521 -0.026096435 -0.02738135 -0.028666265 -0.028471222 -0.030279832 -0.03320263 -0.036125428 -0.039048226 -0.041971024 -0.05463819 -0.071807424 -0.088976658 -0.10614589 -0.12331513 -0.13097598 -0.12645978 -0.12120249 -0.11594521 -0.11068793 -0.10612429 -0.12413382 -0.14214334 -0.16015287 -0.1781624 -0.19294609 -0.19748141 -0.19164929 -0.18581718 -0.17998506 -0.17415294 -0.15726745 -0.1444804 -0.13169335 -0.1189063 -0.10611925
0.058721554 0.057703365 0.05167842 0.041549294 0.031420169 0.021291043 0.013365862 0.006938354 -0.0026738707 -0.012559597 -0.022445324 -0.032331051 -0.048858998 -0.058346901 -0.052544374 -0.046741847 -0.040939321 -0.03824585 -0.039530765 -0.04081568 -0.042100594 -0.041308065 -0.03929884 -0.039588867 -0.041001218 -0.043924016 -0.046846815 -0.049769613 -0.062436779 -0.079606013 -0.096775246 -0.11394448 -0.1204393 -0.12573301 -0.13005357 -0.12697892 -0.12172164 -0.11646436 -0.11190072 -0.12991025 -0.14791977 -0.1659293 -0.17963889 -0.18761889 -0.2022865 -0.21026621 -0.2044341 -0.19860198 -0.19276986 -0.17174268 -0.14629112 -0.13350407 -0.12071702 -0.10792997
0.055656242 0.054638053 0.053619864 0.049559537 0.039430411 0.029301285 0.021376104 0.014948596 0.0085210885 -0.0003454301 -0.010231157 -0.020116883 -0.03664483 -0.053401012 -0.067263618 -0.061461092 -0.055658565 -0.052965095 -0.054250009 -0.055534924 -0.054170652 -0.052135682 -0.050126457 -0.050416484 -0.050706511 -0.051722605 -0.054645403 -0.057568201 -0.070235367 -0.087404601 -0.10352879 -0.10936256 -0.11519633 -0.12049004 -0.1248106 -0.12913116 -0.12749807 -0.12224079 -0.11767715 -0.13568667 -0.1536962 -0.16633168 -0.17431169 -0.18229169 -0.19695929 -0.21233915 -0.22305101 -0.2172189 -0.21138678 -0.1903596 -0.16208849 -0.13531479 -0.12252774 -0.1097407
0.05259093 0.05157274 0.050554551 0.049536362 0.047440653 0.037311528 0.029386347 0.022958839 0.016531331 0.010103823 0.0019830105 -0.0079027162 -0.024430663 -0.041186845 -0.057943027 -0.074699209 -0.070377809 -0.067684339 -0.068969254 -0.067033239 -0.064998269 -0.062963299 -0.060954074 -0.061244101 -0.061534128 -0.061824156 -0.062443991 -0.06536679 -0.078033956 -0.092452047 -0.098285817 -0.10411959 -0.10995336 -0.11524706 -0.11956762 -0.12388818 -0.12820874 -0.12801721 -0.12345358 -0.1414631 -0.15302448 -0.16100448 -0.16898448 -0.17696448 -0.19163209 -0.20701195 -0.22239181 -0.23583582 -0.2300037 -0.20897652 -0.18070541 -0.15243429 -0.12433847 -0.11155142
0.049525617 0.048507428 0.047489239 0.04647105 0.045452861 0.044434671 0.037396589 0.030969081 0.024541573 0.018114066 0.011686558 0.0043114511 -0.012216496 -0.028972678 -0.045728859 -0.062485041 -0.079241223 -0.081930797 -0.079895827 -0.077860856 -0.075825886 -0.073790916 -0.071781691 -0.072071718 -0.072361746 -0.072651773 -0.0729418 -0.073231827 -0.081375303 -0.087209073 -0.093042843 -0.098876614 -0.10471038 -0.11000409 -0.11432465 -0.11864521 -0.12296577 -0.12728633 -0.12923 -0.13971728 -0.14769728 -0.15567728 -0.16365728 -0.17163728 -0.18630489 -0.20168475 -0.21706461 -0.23244446 -0.24782432 -0.22759344 -0.19932233 -0.17105121 -0.1427801 -0.11450898
0.039014281 0.037996092 0.036977903 0.035959714 0.034941525 0.039197079 0.037198791 0.029722673 0.023295165 0.016867657 0.010440149 0.004012641 -0.012400425 -0.029156607 -0.045912788 -0.06266897 -0.075143165 -0.076391268 -0.074356298 -0.072321328 -0.070286357 -0.068251387 -0.07815803 -0.060773008 -0.061063036 -0.061353063 -0.06164309 -0.061933117 -0.066014989 -0.071848759 -0.077682529 -0.083516299 -0.091529356 -0.10849714 -0.12015057 -0.12447113 -0.12879169 -0.13311225 -0.13754191 -0.14552191 -0.15350191 -0.16148191 -0.16946191 -0.18295131 -0.19834431 -0.21372417 -0.22910403 -0.24448389 -0.24588428 -0.22303758 -0.19476647 -0.16649535 -0.13822424 -0.11643108
0.025984598 0.024966409 0.02394822 0.022930031 0.029442816 0.038892556 0.036894268 0.027116561 0.018918029 0.012490521 0.0060630133 -0.00036449461 -0.01677756 -0.033533742 -0.050289924 -0.060254261 -0.064068043 -0.065316145 -0.063281175 -0.061246205 -0.060032794 -0.071864363 -0.083337508 -0.06280058 -0.042280897 -0.042570924 -0.042860951 -0.043150979 -0.04723285 -0.05306662 -0.05890039 -0.068427533 -0.084321023 -0.10128881 -0.12019239 -0.1340407 -0.13836126 -0.14268182 -0.14711148 -0.15509148 -0.16307148 -0.17105148 -0.18534799 -0.20086438 -0.21625738 -0.23163723 -0.24701709 -0.24495938 -0.23349107 -0.21064437 -0.18237326 -0.15410215 -0.13350445 -0.11923398
0.012954915 0.011936726 0.010918536 0.019688552 0.029138293 0.038588034 0.036589745 0.026812038 0.017034331 0.0081133855 0.0016858776 -0.0047416302 -0.021154696 -0.037910878 -0.045365357 -0.049179138 -0.05299292 -0.054241022 -0.052206052 -0.053380702 -0.065212271 -0.07704384 -0.088516985 -0.067980057 -0.047443129 -0.026906201 -0.024078813 -0.02436884 -0.028450712 -0.034284482 -0.045325711 -0.061219201 -0.07711269 -0.094080479 -0.11298406 -0.13188763 -0.14793083 -0.15225139 -0.15668105 -0.16466105 -0.17264105 -0.18774466 -0.20326105 -0.21877744 -0.23417044 -0.2495503 -0.24403449 -0.23256618 -0.22109786 -0.19825116 -0.16998005 -0.15057782 -0.13630736 -0.12203689
-7.4768628e-05 0.00048454857 0.0099342892 0.01938403 0.02883377 0.038283511 0.036285223 0.026507515 0.016729808 0.0069521006 -0.002691258 -0.0091187659 -0.025531832 -0.030476452 -0.034290234 -0.038104015 -0.041917797 -0.043165899 -0.046728611 -0.05856018 -0.070391749 -0.082223318 -0.093696462 -0.073159534 -0.052622606 -0.032085678 -0.01154875 -0.0055867017 -0.0096685734 -0.022223889 -0.038117378 -0.054010868 -0.069904358 -0.086872146 -0.10577572 -0.1246793 -0.14358288 -0.16182096 -0.16625062 -0.17462495 -0.19014134 -0.20565772 -0.22117411 -0.2366905 -0.2520835 -0.24310959 -0.23164128 -0.22017297 -0.20870465 -0.18585795 -0.1676512 -0.15338073 -0.13911026 -0.12483979
-0.010467708 -0.001017967 0.0084317736 0.017881514 0.027331255 0.036780995 0.036977741 0.027200034 0.017422327 0.0076446193 -0.002133088 -0.011910795 -0.017442275 -0.021256057 -0.025069838 -0.02888362 -0.032697401 -0.040028355 -0.051859924 -0.063691493 -0.075523062 -0.087354632 -0.097919079 -0.079970307 -0.059433379 -0.038896451 -0.018359523 0.0021774047 -0.0022035764 -0.018097066 -0.033990556 -0.049884045 -0.065777535 -0.079587982 -0.09849156 -0.11739514 -0.13629871 -0.15520229 -0.17400489 -0.18952127 -0.20503766 -0.22055405 -0.23607043 -0.25184208 -0.24320051 -0.2317322 -0.22026389 -0.20879558 -0.19732726 -0.18357904 -0.16930857 -0.15503811 -0.14076764 -0.12649717
-0.016891785 -0.011164805 -0.0021060714 0.0073436692 0.01679341 0.02624315 0.033628048 0.035412294 0.025634587 0.01585688 0.0060791724 -0.003698535 -0.01844974 -0.026024118 -0.0298379 -0.033651681 -0.037465463 -0.044796417 -0.056627986 -0.068459555 -0.080291124 -0.08962547 -0.092897575 -0.093794876 -0.078547478 -0.05801055 -0.037473622 -0.016936694 -0.021317675 -0.037211165 -0.053104655 -0.068998144 -0.079870527 -0.085952417 -0.090635472 -0.10953905 -0.12844263 -0.1473462 -0.1661488 -0.18166519 -0.19718157 -0.21269796 -0.22916658 -0.25302601 -0.24094975 -0.22801617 -0.21654786 -0.20507954 -0.19361123 -0.17816329 -0.16232632 -0.14805586 -0.13378539 -0.11951492
-0.023000409 -0.017273428 -0.011546447 -0.0031941759 0.0062555648 0.015705305 0.023090203 0.029071954 0.033846847 0.02406914 0.014291433 0.0045137255 -0.01023748 -0.025159581 -0.034605961 -0.038419743 -0.042233524 -0.049564478 -0.061396047 -0.073227616 -0.081305269 -0.084603966 -0.087876071 -0.088773372 -0.089670673 -0.077124649 -0.056587721 -0.036050793 -0.040431774 -0.056325264 -0.072218754 -0.082061755 -0.089787554 -0.095869444 -0.09898916 -0.10210888 -0.12058654 -0.13949012 -0.15829271 -0.1738091 -0.18932549 -0.20649107 -0.23035051 -0.25420994 -0.24213368 -0.22623015 -0.21283182 -0.20136351 -0.1898952 -0.17444726 -0.1571021 -0.14107361 -0.12680314 -0.11253267
-0.029109032 -0.023382051 -0.01765507 -0.011928089 -0.0042822803 0.0051674603 0.012552358 0.018534109 0.024515859 0.030497609 0.022503693 0.012725986 -0.0020252194 -0.01694732 -0.031869421 -0.043187804 -0.047001586 -0.05433254 -0.066164109 -0.072985068 -0.076283765 -0.079582461 -0.082854567 -0.083751868 -0.084649169 -0.08554647 -0.07570182 -0.055164892 -0.059545873 -0.075439363 -0.084252983 -0.091978782 -0.09970458 -0.10578647 -0.10890619 -0.1120259 -0.11514562 -0.13163403 -0.15043663 -0.16595301 -0.18381557 -0.207675 -0.23153444 -0.25539387 -0.24331761 -0.22741408 -0.21151055 -0.19764748 -0.18617917 -0.17073122 -0.15338607 -0.13604092 -0.11982089 -0.10555042
-0.035217655 -0.029490674 -0.023763693 -0.018036712 -0.012309731 -0.0053703847 0.0020145133 0.0079962636 0.013978014 0.019959764 0.025941514 0.020938246 0.006187041 -0.0087350597 -0.023657161 -0.038579261 -0.051769647 -0.059100601 -0.064664867 -0.067963564 -0.07126226 -0.074560957 -0.077833063 -0.078730364 -0.079627665 -0.080524966 -0.081422266 -0.074278991 -0.078659972 -0.086444212 -0.09417001 -0.10189581 -0.10962161 -0.1157035 -0.11882321 -0.12194293 -0.12506265 -0.12818236 -0.14258054 -0.16114007 -0.1849995 -0.20885893 -0.23271837 -0.2565778 -0.24450154 -0.22859801 -0.21269448 -0.19679095 -0.18246314 -0.16701519 -0.14967004 -0.13232489 -0.11497973 -0.098568172
