mean_models/J1_mean_vp_slide_diff_300.dat.tif
NCOLS 118
NROWS 92
XLLCORNER 139.62
YLLCORNER -39.07
DX 0.099491525
DY 0.099347826
NODATA_VALUE -9999
[rows 27 to 53 of 92, columns 0 to 59 of 118]
-9999 8.611708 8.6124229 8.6134997 8.6167317 8.6199637 8.6231957 8.6252872 8.6260624 8.6268376 8.6276128 8.6273455 8.6267921 8.6250995 8.6211255 8.6171514 8.6131774 8.6107251 8.6088828 8.6080637 8.609605 8.6111463 8.6081853 8.6046732 8.6011612 8.6004328 8.6071656 8.6138983 8.620631 8.6199733 8.616338 8.6132085 8.6110541 8.6088997 8.6039112 8.5988362 8.5937611 8.5818847 8.560278 8.5386714 8.5170648 8.5163177 8.5175629 8.531115 8.5535144 8.5759138 8.5946402 8.5914437 8.5882472 8.573242 8.5561959 8.5391498 8.5272116 8.5209261 8.5191356 8.5329155 8.5466955 8.5604754 8.5736659 8.5867493
-9999 8.6076982 8.60952 8.612752 8.615984 8.619216 8.622448 8.6245395 8.6253148 8.62609 8.6268652 8.6276404 8.6277664 8.6260737 8.6220997 8.6181257 8.6141517 8.6101776 8.6071396 8.6063205 8.6070244 8.6035123 8.6000003 8.5964882 8.5929762 8.5922479 8.5989806 8.6057133 8.612446 8.6191787 8.6211494 8.6180199 8.6152117 8.6101366 8.6050616 8.5999865 8.5949114 8.583035 8.5614284 8.5398217 8.5182151 8.4966084 8.4905538 8.5041059 8.5265053 8.5489047 8.5713041 8.5937034 8.5922351 8.5772299 8.5601838 8.5431377 8.5260916 8.5121114 8.5103209 8.5241008 8.5378808 8.5516607 8.5654406 8.5787634
-9999 8.6035922 8.6068242 8.6100562 8.6132882 8.6165202 8.6197522 8.6233186 8.6240938 8.624869 8.6256442 8.6264194 8.6271947 8.6248498 8.6208758 8.6169017 8.6129277 8.6089537 8.6049797 8.6011453 8.5976333 8.5941212 8.5906092 8.5870971 8.5835851 8.5807186 8.5874513 8.5941841 8.6009168 8.6076495 8.6143822 8.6170817 8.6120067 8.6069316 8.6018565 8.5967814 8.5917063 8.5835677 8.561961 8.5403544 8.5187477 8.4971411 8.4755345 8.4794313 8.5018307 8.5242301 8.5466295 8.5690289 8.5914282 8.5822719 8.5652258 8.5481797 8.5311336 8.5140875 8.5027612 8.5165411 8.5303211 8.544101 8.5578809 8.5716609
-9999 8.5848581 8.5880901 8.5913221 8.5945541 8.5977861 8.6037491 8.610935 8.6189763 8.6197515 8.6205268 8.621302 8.6220772 8.61756 8.6024444 8.5975815 8.5936075 8.5896335 8.5856595 8.5818251 8.5783131 8.574801 8.571289 8.5677769 8.5773385 8.5809627 8.5525259 8.5551241 8.5618568 8.5685895 8.5753222 8.5780218 8.5729467 8.5678716 8.5627965 8.5577214 8.5605321 8.5618519 8.557409 8.5358024 8.5141957 8.4925891 8.4709824 8.4745428 8.4963744 8.5187738 8.5411732 8.5635725 8.5859719 8.5884809 8.5789455 8.5618994 8.5448533 8.5278072 8.5156054 8.5201836 8.5330929 8.5468728 8.5606527 8.5744327
-9999 8.5661241 8.5693561 8.5725881 8.5764163 8.5826806 8.588945 8.5961309 8.6043804 8.6126299 8.6154093 8.6161845 8.6169597 8.6124425 8.5973269 8.5822114 8.5742873 8.5703133 8.5663393 8.562505 8.5589929 8.5554809 8.5519688 8.5667777 8.5823638 8.5859881 8.5575512 8.5291143 8.5227968 8.5295295 8.5362622 8.5389618 8.5338867 8.5288116 8.5242703 8.5290439 8.5338175 8.5351373 8.531516 8.5278946 8.5096437 8.488037 8.4664304 8.4699908 8.4916435 8.5133175 8.5357169 8.5581162 8.5805156 8.5830246 8.5820959 8.5756191 8.558573 8.5415269 8.5293251 8.5339033 8.5384815 8.5496446 8.5634245 8.5772045
-9999 8.54739 8.550622 8.5553478 8.5616122 8.5678765 8.5741409 8.5813268 8.5895763 8.5978258 8.6060753 8.611067 8.6118423 8.6073251 8.5922095 8.5770939 8.5619783 8.5509931 8.5470191 8.5431848 8.5396727 8.5406306 8.5562168 8.571803 8.5873892 8.5910134 8.5625765 8.5341396 8.5057027 8.4904696 8.4972023 8.4999018 8.4948267 8.4927821 8.4975557 8.5023293 8.5071029 8.5084226 8.5048013 8.50118 8.4975587 8.483485 8.4618784 8.4654388 8.4870914 8.5087441 8.5303968 8.5526599 8.5750593 8.5775683 8.5766396 8.575711 8.5722927 8.5552466 8.5430448 8.547623 8.5522013 8.5567795 8.5661964 8.5799763
-9999 8.528656 8.5342793 8.5405437 8.5468081 8.5530724 8.5593368 8.5665227 8.5747722 8.5830217 8.5912712 8.5995206 8.6067248 8.6022076 8.587092 8.5719764 8.5568608 8.5417453 8.5276989 8.5238646 8.5300698 8.5456559 8.5612421 8.5768283 8.5924145 8.5960387 8.5676018 8.5391649 8.5107281 8.4822912 8.4581423 8.4608418 8.4612939 8.4660675 8.4708411 8.4756147 8.4803882 8.481708 8.4780867 8.4744654 8.4708441 8.4672227 8.4573263 8.4608867 8.4825394 8.5041921 8.5258447 8.5474974 8.569603 8.572112 8.5711833 8.5702547 8.569326 8.5683974 8.5567646 8.5613428 8.565921 8.5704992 8.5750774 8.5827481
-9999 8.5246716 8.530936 8.5372004 8.5434648 8.5497292 8.5559935 8.5587337 8.5673129 8.5755624 8.5838118 8.5920613 8.6003108 8.5967938 8.5797809 8.5646654 8.5495498 8.5344342 8.5193186 8.5134868 8.529073 8.5446591 8.5602453 8.5758315 8.5914177 8.5988667 8.5771471 8.5487102 8.5202733 8.4918365 8.4633996 8.4463063 8.4510799 8.4558535 8.460627 8.4654006 8.4701742 8.46951 8.4660869 8.4624656 8.4588443 8.4552229 8.4516016 8.4511941 8.4728468 8.4944994 8.5161521 8.5378048 8.5594574 8.5586239 8.5576953 8.5567667 8.555838 8.5549094 8.5563207 8.5620586 8.5666368 8.571215 8.5757933 8.5803715
-9999 8.5402304 8.5464948 8.5527591 8.5590235 8.5602448 8.5490117 8.5511228 8.5686347 8.5802166 8.5884661 8.5967156 8.604965 8.6014481 8.5743681 8.5537364 8.5386209 8.5235053 8.5083897 8.5025579 8.518144 8.5337302 8.5493164 8.5642605 8.5700909 8.5752312 8.578522 8.5657101 8.5372733 8.5088364 8.4803995 8.4633062 8.4680798 8.4728534 8.4776269 8.4812156 8.4792416 8.4778679 8.477353 8.4747346 8.4711133 8.467492 8.4638706 8.4606408 8.4576924 8.4763285 8.4979812 8.5196338 8.5412865 8.537679 8.5309608 8.5300322 8.5291035 8.5281749 8.5295862 8.5391029 8.5459058 8.550484 8.5550622 8.5596404
-9999 8.5557891 8.5620535 8.5683179 8.5638669 8.5526338 8.5414008 8.5435119 8.5610238 8.5785358 8.5931203 8.6013698 8.6096193 8.6061023 8.5790224 8.5519424 8.527692 8.5125764 8.4974608 8.491629 8.5072151 8.5228013 8.5347946 8.540625 8.5464554 8.5515957 8.5548865 8.5581773 8.5542732 8.5258363 8.4973994 8.4803062 8.4850797 8.4898533 8.4915475 8.4895736 8.4875996 8.4862259 8.4857109 8.485196 8.4833823 8.479761 8.4761397 8.4729098 8.4699614 8.4670129 8.4798102 8.5014629 8.5231156 8.519508 8.5115349 8.5035617 8.502369 8.5014404 8.5028517 8.5123684 8.5218851 8.5297529 8.5343311 8.5389093
-9999 8.5713478 8.5776122 8.5674891 8.556256 8.5450229 8.5337899 8.5359009 8.5534129 8.5709249 8.5884369 8.6059489 8.6142735 8.6107565 8.5836766 8.5565967 8.5295167 8.5024368 8.4865319 8.4807001 8.4962862 8.5053288 8.5111591 8.5169895 8.5228199 8.5279602 8.531251 8.5345418 8.5378326 8.5411234 8.5143994 8.4973061 8.5020797 8.5018795 8.4999055 8.4979315 8.4959575 8.4945838 8.4940689 8.4935539 8.493039 8.49203 8.4884087 8.4851788 8.4822304 8.479282 8.4763335 8.483292 8.5049446 8.5013371 8.4933639 8.4853908 8.4774176 8.4747059 8.4761172 8.4856339 8.4951506 8.5046673 8.5136 8.5181782
-9999 8.5823444 8.5711113 8.5598782 8.5486451 8.537412 8.526179 8.52829 8.545802 8.563314 8.580826 8.5983379 8.6158499 8.6154108 8.5883308 8.5612509 8.534171 8.507091 8.4800111 8.4697711 8.4758629 8.4816933 8.4875236 8.493354 8.4991844 8.5043247 8.5076155 8.5109063 8.5141971 8.5174879 8.5207787 8.5141854 8.5122114 8.5102374 8.5082635 8.5062895 8.5043155 8.5029418 8.5024268 8.5019119 8.5013969 8.500882 8.500367 8.4974479 8.4944994 8.491551 8.4886025 8.4856541 8.4867737 8.4831662 8.475193 8.4672198 8.4592466 8.4512735 8.4493827 8.4588994 8.4684161 8.4779328 8.4874496 8.4969663
-9999 8.5819329 8.5706998 8.5594667 8.5482336 8.5370005 8.5247301 8.5256162 8.5431282 8.5606401 8.5781521 8.5956641 8.6130431 8.6188778 8.5984282 8.5713483 8.5442684 8.5171884 8.4901085 8.4729801 8.4788105 8.4846409 8.4904712 8.4963016 8.5016317 8.5053319 8.5087415 8.5120323 8.5153231 8.5186139 8.5219047 8.5233973 8.5214233 8.5194493 8.5174753 8.5155014 8.5106039 8.5045603 8.5040453 8.5035304 8.5030154 8.5025005 8.5024187 8.5005753 8.497474 8.4945256 8.4915772 8.4886287 8.4856803 8.4784475 8.4704744 8.4625012 8.454528 8.4480871 8.4530109 8.4625276 8.4720443 8.481561 8.4910777 8.5034838
-9999 8.5839563 8.5727232 8.5614902 8.5502571 8.5372454 8.523726 8.5246121 8.5421241 8.5596361 8.5771481 8.5943934 8.611493 8.6173278 8.6006039 8.5832867 8.5562067 8.5291268 8.5020469 8.4849185 8.4907489 8.4965792 8.5024096 8.507122 8.5109103 8.5146106 8.5180747 8.521533 8.5248238 8.5281146 8.5314054 8.5328979 8.530924 8.52895 8.526976 8.519851 8.509943 8.5038994 8.5033845 8.5028695 8.5023545 8.5024875 8.5028014 8.500958 8.4975638 8.4943567 8.4914083 8.4884598 8.4855114 8.4782786 8.4703055 8.4623323 8.4583864 8.4619843 8.4669081 8.4764248 8.4859416 8.4954583 8.5091011 8.5243529
-9999 8.5859798 8.5747467 8.5632802 8.5497608 8.5362414 8.522722 8.5236081 8.5411201 8.558632 8.5757437 8.5928433 8.609943 8.6157778 8.5990539 8.58233 8.5656062 8.5410652 8.5139852 8.4968569 8.5026872 8.5085176 8.5126124 8.5164007 8.520189 8.5238892 8.5273534 8.5308175 8.5342817 8.5376153 8.5409061 8.5423986 8.5404246 8.5384507 8.5290981 8.5191901 8.5092821 8.5032385 8.5027236 8.5022424 8.5025563 8.5028702 8.5031841 8.5013407 8.4979465 8.4945523 8.4912394 8.4882909 8.4853425 8.4781098 8.4701366 8.4686858 8.4722837 8.4758816 8.4808054 8.4903221 8.4998388 8.5147183 8.5299701 8.545222
-9999 8.5880032 8.5757956 8.5622762 8.5487568 8.5352373 8.5217179 8.522604 8.5399943 8.557094 8.5741936 8.5912933 8.608393 8.6142277 8.5975038 8.58078 8.5640561 8.5473323 8.5259236 8.5087952 8.5143144 8.5181027 8.521891 8.5256793 8.5294676 8.5331679 8.536632 8.5400962 8.5435603 8.5470245 8.5504068 8.5518993 8.5482533 8.5383452 8.5284372 8.5185292 8.5086212 8.5025777 8.5023112 8.5026251 8.502939 8.5032529 8.5035668 8.5017234 8.4983292 8.494935 8.4915407 8.4881465 8.4851736 8.4779409 8.4789852 8.4825831 8.4861809 8.4897788 8.4947026 8.5050836 8.5203355 8.5355874 8.5508392 8.5660911
-9999 8.5859193 8.5723999 8.5588804 8.545361 8.5318416 8.5183221 8.5191842 8.5362838 8.5533835 8.5704831 8.5875828 8.6046824 8.6124182 8.5956943 8.5789705 8.5622466 8.5455228 8.5287989 8.5182776 8.5220659 8.5258542 8.5296425 8.5334308 8.5372191 8.5406577 8.5441218 8.547586 8.5510502 8.5545143 8.5579785 8.5568751 8.5469671 8.5370591 8.5271511 8.5172431 8.5073351 8.5022207 8.5025346 8.5028485 8.5031624 8.5034763 8.5037902 8.5009762 8.497582 8.4941877 8.4907935 8.4873993 8.484005 8.4885226 8.4921205 8.4957184 8.4993162 8.5029141 8.5061208 8.5213727 8.5366246 8.5518764 8.5671283 8.5823802
-9999 8.5644853 8.5509659 8.5374465 8.523927 8.5104076 8.5174122 8.5202291 8.516279 8.5333786 8.5504783 8.5675779 8.5846776 8.5947549 8.5907696 8.5752041 8.5584803 8.5417564 8.5250326 8.5145113 8.5182996 8.5220879 8.5258762 8.5296645 8.5360747 8.5409937 8.538842 8.5415843 8.5450485 8.5485127 8.5519768 8.5508735 8.5409655 8.5310575 8.5211495 8.5112415 8.4995539 8.4951556 8.5015565 8.5018704 8.5021843 8.5024983 8.5028122 8.4969856 8.4883126 8.4849184 8.4815241 8.4781299 8.4747357 8.4892409 8.499509 8.5031069 8.5067047 8.5103026 8.5116831 8.5053828 8.518371 8.5336229 8.5488747 8.5641266
-9999 8.5430513 8.5295319 8.5160125 8.5071729 8.5161593 8.5251456 8.5279626 8.5236592 8.5193557 8.5304734 8.5475731 8.5646728 8.5747501 8.5707648 8.5667795 8.5547139 8.5379901 8.5212662 8.5107449 8.5145332 8.5183215 8.5221098 8.5295556 8.5371126 8.5420316 8.5398799 8.5377281 8.5390468 8.542511 8.5459752 8.5448718 8.5349638 8.5250558 8.5150049 8.5029044 8.4908038 8.4864056 8.4930266 8.4996476 8.5012063 8.5015202 8.5018341 8.4960076 8.4857668 8.475649 8.4722548 8.4688605 8.4654663 8.4799716 8.4975704 8.5104954 8.5140933 8.5176911 8.5190716 8.5127713 8.506471 8.5153693 8.5306212 8.545873
-9999 8.5216174 8.5080979 8.50592 8.5149064 8.5238928 8.5328791 8.5356961 8.5313926 8.5270892 8.5227858 8.5275682 8.5446679 8.5547452 8.5507599 8.5467746 8.5427893 8.5342237 8.5174999 8.5069786 8.5107669 8.5154793 8.5230364 8.5305934 8.5381505 8.5430694 8.5409177 8.538766 8.5366143 8.5365093 8.5399735 8.5388702 8.5289621 8.5183554 8.5062549 8.4941544 8.4820538 8.4776556 8.4842766 8.4908976 8.4975186 8.5005422 8.5008561 8.4950295 8.4847887 8.4745479 8.4643071 8.4595912 8.4561969 8.4707022 8.488301 8.5058998 8.5214818 8.5250796 8.5264601 8.5201598 8.5138595 8.5075592 8.5123676 8.5276195
-9999 8.5001834 8.5046672 8.5136535 8.5226399 8.5316263 8.5406126 8.5434295 8.5391261 8.5348227 8.5305193 8.5262159 8.5246631 8.5347404 8.5307551 8.5267698 8.5227845 8.5187992 8.5137335 8.5032123 8.5089602 8.5165172 8.5240742 8.5316313 8.5391883 8.5441073 8.5419556 8.5398039 8.5376522 8.5355004 8.5339718 8.5328685 8.521706 8.5096054 8.4975049 8.4854044 8.4733038 8.4689056 8.4755266 8.4821476 8.4887686 8.4953896 8.499878 8.4940515 8.4838107 8.4735699 8.463329 8.4530882 8.4469276 8.4614329 8.4790317 8.4966305 8.5142293 8.5318281 8.5338486 8.5275483 8.521248 8.5149477 8.5086474 8.5093659
-9999 8.4976066 8.506593 8.5155794 8.5245657 8.5335521 8.5425385 8.5505359 8.5462325 8.5419291 8.5376256 8.5333222 8.5290188 8.5291077 8.5248631 8.5208778 8.5168925 8.5129072 8.5089219 8.5084268 8.5159838 8.5235409 8.5310979 8.538655 8.546212 8.5436643 8.5439437 8.541792 8.5396403 8.5374886 8.5353369 8.529787 8.5176864 8.5055859 8.4934854 8.4813849 8.4692843 8.4687328 8.4753538 8.4819747 8.4885957 8.4952167 8.5000615 8.4996587 8.4894179 8.4791771 8.4689362 8.4586954 8.4484546 8.461951 8.4795498 8.4971486 8.5147474 8.5323462 8.5318876 8.5255873 8.5192869 8.5129866 8.5066863 8.5004262
-9999 8.4903028 8.4992892 8.5082755 8.5172619 8.5296235 8.5485194 8.5566456 8.5523421 8.5480387 8.5437353 8.5413401 8.5461481 8.5475507 8.5421335 8.5374143 8.533429 8.5294437 8.5254584 8.5249633 8.5325204 8.5400774 8.5476345 8.5528433 8.5403876 8.5335558 8.5417972 8.5452904 8.5431387 8.540987 8.5388352 8.5332853 8.5211848 8.5090843 8.4969838 8.4866046 8.4821116 8.4821911 8.4888121 8.4954331 8.5020541 8.5004321 8.4845232 8.4864516 8.5012028 8.4952498 8.4850089 8.4747681 8.4645273 8.4780237 8.4956225 8.5132213 8.5308201 8.5233628 8.5150677 8.5087674 8.5024671 8.4961668 8.490036 8.4842685
-9999 8.482999 8.4919853 8.5009717 8.5168373 8.5357332 8.554629 8.5627552 8.5584518 8.5541484 8.554975 8.559783 8.5645911 8.5659936 8.5605765 8.5551593 8.5499656 8.5459803 8.541995 8.5414999 8.549057 8.556614 8.5551904 8.5427348 8.5302791 8.5234472 8.5316887 8.5399301 8.546637 8.5444853 8.5423336 8.5367837 8.5246832 8.5125827 8.5045559 8.5000629 8.4955699 8.4956494 8.5022704 8.5088914 8.5008027 8.4848939 8.468985 8.4709133 8.4856646 8.5004159 8.5010817 8.4908408 8.4806 8.4940964 8.5116952 8.5242848 8.5154139 8.506543 8.4982479 8.4919476 8.4856473 8.4796457 8.4738783 8.4681108
-9999 8.4756951 8.4851552 8.504051 8.5229469 8.5418428 8.5607387 8.5688649 8.5645615 8.5686098 8.5734179 8.5782259 8.583034 8.5844365 8.5790194 8.5736022 8.5681851 8.5627679 8.5585315 8.5580365 8.5655935 8.5575376 8.5450819 8.5326262 8.5201706 8.5133387 8.5215802 8.5298216 8.538063 8.5463045 8.545832 8.5402821 8.5281815 8.5225072 8.5180142 8.5135212 8.5090283 8.5091077 8.5157287 8.5011734 8.4852645 8.4693557 8.4534468 8.4553751 8.4701264 8.4848777 8.499629 8.5069136 8.4966727 8.5101691 8.5163359 8.507465 8.4985941 8.4897232 8.4814281 8.4751278 8.4692555 8.463488 8.4577205 8.4519531
-9999 8.4723689 8.4912648 8.5101607 8.5290566 8.5479525 8.5668484 8.5774367 8.5822447 8.5870528 8.5918608 8.5966689 8.6014769 8.6028795 8.5974623 8.5920452 8.586628 8.5812109 8.5757937 8.5723404 8.5598847 8.5474291 8.5349734 8.5225177 8.510062 8.5032302 8.5114716 8.5197131 8.5279545 8.5361959 8.5444374 8.5449514 8.5404585 8.5359655 8.5314725 8.5269795 8.5224866 8.5174529 8.501544 8.4856352 8.4697263 8.4538174 8.4379086 8.4398369 8.4545882 8.4693395 8.4840907 8.498842 8.5127454 8.508387 8.4995161 8.4906452 8.4817743 8.4729034 8.4646328 8.4588653 8.4530978 8.4473303 8.4415628 8.4357953
-9999 8.4856685 8.5045643 8.5234602 8.5423561 8.561252 8.5773135 8.5871326 8.5919406 8.5967487 8.6015567 8.6063648 8.6005183 8.5883386 8.5867286 8.5813115 8.5758943 8.5704772 8.56506 8.5575145 8.5450589 8.5326032 8.5201475 8.5076918 8.4979925 8.4993776 8.5168445 8.5250859 8.5333273 8.5415688 8.5498102 8.553702 8.549209 8.5447161 8.5402231 8.5357301 8.5271771 8.5132889 8.49738 8.4814712 8.4655623 8.4496534 8.4373189 8.4398137 8.4531697 8.467921 8.4826722 8.4974235 8.5121748 8.5067848 8.4979139 8.489043 8.4801721 8.4770449 8.4856614 8.4798939 8.4741264 8.4683589 8.4625914 8.4432193
