mean_models/J1_mean_vp_slide_diff2_260.dat.tif
NCOLS 118
NROWS 92
XLLCORNER 139.62
YLLCORNER -39.07
DX 0.099491525
DY 0.099347826
NODATA_VALUE -9999
[rows 24 to 47 of 92, columns 0 to 54 of 118]
-9999 -0.050552886 -0.046233649 -0.041914412 -0.037595175 -0.033275938 -0.028956701 -0.02721666 -0.029337624 -0.031458587 -0.033579551 -0.035700514 -0.037821478 -0.039654006 -0.040908926 -0.042163846 -0.043418766 -0.044673685 -0.045928605 -0.046988135 -0.046534453 -0.046080772 -0.04562709 -0.045173409 -0.044719728 -0.045227372 -0.048311609 -0.051395846 -0.054480084 -0.057564321 -0.060648558 -0.061541812 -0.05848894 -0.055436068 -0.052383196 -0.049330323 -0.046277451 -0.045889762 -0.050304441 -0.054719121 -0.0591338 -0.063548479 -0.067963158 -0.074461843 -0.082458692 -0.090455542 -0.098452391 -0.10644924 -0.11443111 -0.10800718 -0.094434939 -0.080862696 -0.067290453 -0.05371821 -0.04004645
-9999 -0.0516782 -0.047358963 -0.043039726 -0.038720489 -0.034401252 -0.030566557 -0.028402851 -0.028771997 -0.030892961 -0.033013925 -0.035134888 -0.037255852 -0.039923286 -0.043024962 -0.044279881 -0.045534801 -0.046789721 -0.048044641 -0.048782905 -0.048329224 -0.047875542 -0.047421861 -0.04696818 -0.04697555 -0.047186853 -0.046596698 -0.049680936 -0.052765173 -0.05584941 -0.058933648 -0.059921649 -0.056868777 -0.053815905 -0.050763033 -0.04771016 -0.048824062 -0.0497306 -0.047476641 -0.05189132 -0.056306 -0.060720679 -0.065135358 -0.075021523 -0.08554818 -0.093545029 -0.10154188 -0.10953873 -0.11753558 -0.11595488 -0.10388941 -0.090317169 -0.076744926 -0.063172683 -0.052313981
-9999 -0.053027005 -0.048707768 -0.044388531 -0.040069294 -0.036494525 -0.033053423 -0.030889717 -0.03020029 -0.029737567 -0.03185853 -0.033979494 -0.036100458 -0.038767892 -0.042529667 -0.046291442 -0.047575025 -0.048829945 -0.050084865 -0.050823129 -0.050369448 -0.049915766 -0.049462085 -0.049840443 -0.050737027 -0.050948331 -0.049322909 -0.047697487 -0.050623065 -0.053707302 -0.056791539 -0.057779541 -0.054726669 -0.051673796 -0.048620924 -0.052014697 -0.057955184 -0.058861722 -0.052566482 -0.047825035 -0.052239714 -0.056654393 -0.061069072 -0.070955238 -0.084774785 -0.096530114 -0.10452696 -0.11252381 -0.12052066 -0.11893996 -0.115704 -0.10560004 -0.092027792 -0.078455549 -0.067596847
-9999 -0.05437581 -0.050056573 -0.045863595 -0.042422493 -0.038981391 -0.035540289 -0.033376583 -0.032687156 -0.031997729 -0.031308301 -0.0328241 -0.034945064 -0.037612498 -0.041374273 -0.045136047 -0.048897822 -0.050870169 -0.052125088 -0.052863353 -0.052409672 -0.05195599 -0.052705336 -0.053601921 -0.054498505 -0.054709809 -0.053084387 -0.051458965 -0.049833544 -0.051565194 -0.054649431 -0.055637433 -0.05258456 -0.049531688 -0.055205332 -0.061145819 -0.067086306 -0.067992844 -0.061697604 -0.055402363 -0.049107123 -0.052588108 -0.057002787 -0.066888953 -0.0807085 -0.094528047 -0.10751205 -0.1155089 -0.12350575 -0.12192505 -0.11868909 -0.11545312 -0.10731066 -0.093738416 -0.082879713
-9999 -0.055724616 -0.051791564 -0.048350462 -0.04490936 -0.041468258 -0.038027156 -0.03586345 -0.035174022 -0.034484595 -0.033795168 -0.03310574 -0.03378967 -0.036457104 -0.040218879 -0.043980653 -0.047742428 -0.051504203 -0.054165312 -0.054903577 -0.054673645 -0.05557023 -0.056466814 -0.057363399 -0.058259983 -0.058471286 -0.056845865 -0.055220443 -0.053595021 -0.0519696 -0.052507323 -0.053495324 -0.05245548 -0.058395967 -0.064336454 -0.070276941 -0.076217428 -0.077123966 -0.070828726 -0.064533485 -0.058238245 -0.051943004 -0.052936502 -0.062822667 -0.076642215 -0.090461762 -0.10428131 -0.11810086 -0.12649083 -0.12491013 -0.12167417 -0.11843821 -0.11520225 -0.10902128 -0.09816258
-9999 -0.058407358 -0.054966256 -0.051525154 -0.048084052 -0.04464295 -0.041201848 -0.038631129 -0.037941701 -0.037252274 -0.036562847 -0.035873419 -0.035183992 -0.035711127 -0.039472901 -0.043234676 -0.046996451 -0.050758225 -0.05452 -0.057415384 -0.058311968 -0.059208553 -0.060105137 -0.061001722 -0.061898306 -0.062785095 -0.061159673 -0.059534251 -0.057908829 -0.056283408 -0.054657986 -0.055616831 -0.061557318 -0.067497806 -0.073438293 -0.07937878 -0.085319267 -0.086244144 -0.079948904 -0.073653663 -0.067358423 -0.061063182 -0.054767942 -0.058649506 -0.072469053 -0.086288601 -0.10010815 -0.1139277 -0.12774724 -0.12817688 -0.12494092 -0.12170495 -0.11846899 -0.11523303 -0.11205967
-9999 -0.067244452 -0.06380335 -0.060362248 -0.056921146 -0.053480044 -0.044275628 -0.040308047 -0.043021123 -0.042331696 -0.041642269 -0.040952841 -0.040263414 -0.040415062 -0.042251012 -0.04585915 -0.049620924 -0.053382699 -0.057144473 -0.060039857 -0.060936442 -0.061833026 -0.062729611 -0.063626195 -0.064236051 -0.065609882 -0.069385501 -0.06839502 -0.066769599 -0.065144177 -0.063518755 -0.0644776 -0.070418088 -0.076358575 -0.082299062 -0.088239549 -0.08163364 -0.079931674 -0.088978987 -0.082683747 -0.076388506 -0.070093266 -0.063798025 -0.062439481 -0.067416054 -0.081235601 -0.095055148 -0.1088747 -0.12269424 -0.12959556 -0.13052638 -0.12729042 -0.12405445 -0.12081849 -0.1173975
-9999 -0.076081547 -0.072640445 -0.069199343 -0.064500136 -0.054659609 -0.044819082 -0.040851501 -0.043662055 -0.046472609 -0.04672169 -0.046032263 -0.045342836 -0.045494484 -0.047330434 -0.049166384 -0.052245398 -0.056007172 -0.059768947 -0.062664331 -0.063560916 -0.0644575 -0.065354084 -0.065848857 -0.066326583 -0.067700414 -0.071476033 -0.075251652 -0.075630368 -0.074004946 -0.072379524 -0.07333837 -0.079278857 -0.085219344 -0.090310554 -0.080581632 -0.07085271 -0.069150743 -0.078932476 -0.088714208 -0.085418589 -0.079123349 -0.072828108 -0.071469565 -0.073659949 -0.076182602 -0.090002149 -0.1038217 -0.11764124 -0.12454256 -0.13024822 -0.13287588 -0.12963992 -0.12640395 -0.12298296
-9999 -0.084918642 -0.08147754 -0.074884117 -0.06504359 -0.055203063 -0.045362535 -0.041394955 -0.044205509 -0.047016063 -0.049826617 -0.051111685 -0.050422258 -0.050573906 -0.052409856 -0.054245806 -0.056081757 -0.058631646 -0.062393421 -0.065288805 -0.066185389 -0.066983939 -0.067461664 -0.067939389 -0.068417115 -0.069790945 -0.073566565 -0.077342184 -0.081117803 -0.082865715 -0.081240293 -0.082199139 -0.088139626 -0.089258546 -0.079529624 -0.069800702 -0.06007178 -0.058369813 -0.068151546 -0.077933278 -0.08771501 -0.088153432 -0.081858192 -0.080499648 -0.082690032 -0.084880417 -0.087070801 -0.098768697 -0.11258824 -0.11948956 -0.12519522 -0.13090089 -0.13522538 -0.13198941 -0.12856842
-9999 -0.093755737 -0.085268099 -0.075427571 -0.065587044 -0.055746516 -0.045905989 -0.041938408 -0.044748962 -0.047559516 -0.05037007 -0.053180624 -0.055501679 -0.055653328 -0.057489278 -0.059325228 -0.061161178 -0.062997129 -0.065017894 -0.067913278 -0.068596746 -0.069074471 -0.069552196 -0.070029921 -0.070507646 -0.071881477 -0.075657096 -0.079432716 -0.083208335 -0.086983954 -0.090101063 -0.091059908 -0.088206538 -0.078477616 -0.068748694 -0.059019772 -0.04929085 -0.047588883 -0.057370616 -0.067152348 -0.07693408 -0.086715812 -0.090888275 -0.089529731 -0.091720116 -0.0939105 -0.096100885 -0.098291269 -0.10753524 -0.11443656 -0.12014223 -0.12584789 -0.13155355 -0.13725921 -0.13415388
-9999 -0.096483903 -0.086643376 -0.076802848 -0.066962321 -0.057121794 -0.047281266 -0.041641602 -0.044489647 -0.047300201 -0.050110755 -0.052921309 -0.055731863 -0.055835322 -0.056536847 -0.058372797 -0.060208748 -0.062044698 -0.063880648 -0.065305892 -0.065783617 -0.066261342 -0.066739067 -0.067216792 -0.067694517 -0.075140289 -0.076164674 -0.079940293 -0.083715912 -0.087491531 -0.09126715 -0.09043006 -0.080701138 -0.070972215 -0.061243293 -0.051514371 -0.041785449 -0.039711942 -0.048286791 -0.058068523 -0.067850256 -0.077631988 -0.08741372 -0.097666575 -0.09985696 -0.10204734 -0.10423773 -0.10642811 -0.1086185 -0.10872686 -0.11443252 -0.12013818 -0.12584384 -0.1315495 -0.13672514
-9999 -0.099231087 -0.089390559 -0.079550032 -0.069709504 -0.058622862 -0.044458857 -0.038663759 -0.042527455 -0.045716899 -0.048527453 -0.051338007 -0.054148561 -0.05425202 -0.048934364 -0.047472181 -0.049308132 -0.051144082 -0.052980032 -0.054405275 -0.054883001 -0.055360726 -0.055838451 -0.057601725 -0.07761229 -0.089680492 -0.080461169 -0.077837143 -0.081612762 -0.085388381 -0.089164 -0.088326909 -0.078597987 -0.068869065 -0.059140143 -0.052101989 -0.057695773 -0.057233443 -0.048106983 -0.051783693 -0.061565426 -0.071347158 -0.08112889 -0.092582294 -0.10523744 -0.10871099 -0.11090138 -0.11309176 -0.11528215 -0.11103149 -0.10763972 -0.11334538 -0.11905104 -0.1247567 -0.12993234
-9999 -0.10197827 -0.092137743 -0.082297215 -0.069809024 -0.055645019 -0.041481014 -0.035685916 -0.039549612 -0.043413309 -0.046944151 -0.049754705 -0.052565259 -0.052668718 -0.047351062 -0.042033405 -0.038407515 -0.040243466 -0.042079416 -0.043504659 -0.043982384 -0.044460109 -0.052131363 -0.072141928 -0.092152492 -0.10422069 -0.095001371 -0.085782048 -0.079509611 -0.083285231 -0.08706085 -0.086223759 -0.076494837 -0.066765915 -0.064029705 -0.06962349 -0.075217274 -0.074754944 -0.065628484 -0.056502023 -0.055280596 -0.065062328 -0.074844061 -0.086297465 -0.098952612 -0.11160776 -0.11756502 -0.11975541 -0.12194579 -0.11769514 -0.1123313 -0.10696747 -0.11225824 -0.1179639 -0.12313954
-9999 -0.10472545 -0.094884926 -0.080995186 -0.066831181 -0.052667176 -0.038503171 -0.032708073 -0.036571769 -0.040435465 -0.044299162 -0.048162858 -0.050981957 -0.051085416 -0.04576776 -0.040450104 -0.035132447 -0.029814791 -0.0311788 -0.032604043 -0.033081768 -0.046661001 -0.066671565 -0.08668213 -0.10669269 -0.1187609 -0.10954157 -0.10032225 -0.091102927 -0.081883603 -0.084957699 -0.084120609 -0.074391687 -0.075957421 -0.081551206 -0.087144991 -0.092738775 -0.092276445 -0.083149985 -0.074023524 -0.064897063 -0.058777498 -0.068559231 -0.080012635 -0.092667782 -0.10532293 -0.11797808 -0.12641906 -0.12860944 -0.12435879 -0.11899495 -0.11363112 -0.10826728 -0.1111711 -0.11634674
-9999 -0.10634535 -0.092181347 -0.078017342 -0.063853337 -0.049689332 -0.035525327 -0.02973023 -0.033593926 -0.037457622 -0.041321319 -0.045185015 -0.049048711 -0.049502114 -0.044184458 -0.038866802 -0.033549145 -0.028231489 -0.022913833 -0.021703427 -0.041190638 -0.061201203 -0.081211767 -0.10122233 -0.1212329 -0.1333011 -0.12408178 -0.11486245 -0.10564313 -0.096423806 -0.087204483 -0.082291353 -0.087885138 -0.093478922 -0.099072707 -0.10466649 -0.11026028 -0.10979795 -0.10067149 -0.091545025 -0.082418564 -0.073292104 -0.064165643 -0.073727805 -0.086382952 -0.0990381 -0.11169325 -0.12434839 -0.13527309 -0.13102244 -0.1256586 -0.12029476 -0.11493093 -0.10956709 -0.10955394
-9999 -0.10310461 -0.088940601 -0.074776596 -0.060612591 -0.046448586 -0.037337798 -0.037509637 -0.041373333 -0.045237029 -0.049100726 -0.052964422 -0.056592692 -0.058109439 -0.055094149 -0.049776493 -0.044458836 -0.03914118 -0.033823524 -0.036164742 -0.056175307 -0.076185872 -0.096196436 -0.116207 -0.1303338 -0.13069079 -0.13604556 -0.12682623 -0.11760691 -0.10838759 -0.099168264 -0.095008614 -0.1006024 -0.10619618 -0.11178997 -0.11738375 -0.11904045 -0.11228925 -0.10316279 -0.09403633 -0.084909869 -0.075783409 -0.071756201 -0.074751386 -0.084677386 -0.097332533 -0.10998768 -0.12264283 -0.13529798 -0.13258941 -0.12722557 -0.12186173 -0.1164979 -0.11059679 -0.10403435
-9999 -0.099774942 -0.085610937 -0.071446932 -0.057282927 -0.051782444 -0.048755455 -0.048927294 -0.05279099 -0.056654686 -0.060518382 -0.063910047 -0.067043867 -0.068560614 -0.066839079 -0.064911486 -0.05959383 -0.054276174 -0.048958517 -0.051299736 -0.0713103 -0.091320865 -0.11133143 -0.11819463 -0.11419043 -0.11454742 -0.12659348 -0.13791863 -0.12869931 -0.11947999 -0.11026066 -0.10610101 -0.1116948 -0.11728858 -0.12288237 -0.12153927 -0.11644834 -0.10969714 -0.10057068 -0.091444215 -0.082317755 -0.080818136 -0.081448878 -0.084444063 -0.089139015 -0.097175736 -0.10983088 -0.12248603 -0.13514118 -0.13243261 -0.12706877 -0.12170494 -0.11492894 -0.10550781 -0.098945362
-9999 -0.096445278 -0.082281273 -0.069254079 -0.06622709 -0.063200101 -0.060173112 -0.06034495 -0.064208647 -0.068072343 -0.071227403 -0.074361223 -0.077495043 -0.07901179 -0.077290255 -0.07556872 -0.073847184 -0.069411167 -0.064093511 -0.066434729 -0.086445294 -0.10645586 -0.10605546 -0.10205126 -0.098047056 -0.098404041 -0.1104501 -0.12249617 -0.13454223 -0.13057239 -0.12135307 -0.11719342 -0.1227872 -0.12838098 -0.12403809 -0.11894716 -0.11385623 -0.10710502 -0.097978562 -0.089249328 -0.08988007 -0.090510812 -0.091141554 -0.094136739 -0.098831692 -0.10352664 -0.10967409 -0.12232923 -0.13498438 -0.13227581 -0.12691198 -0.1192611 -0.10983996 -0.10041882 -0.093856377
-9999 -0.093115614 -0.083698724 -0.080671735 -0.077644747 -0.074617758 -0.071590769 -0.071762607 -0.075410938 -0.078544758 -0.081678578 -0.084812398 -0.087946218 -0.089462965 -0.08774143 -0.086019895 -0.08429836 -0.082576825 -0.079228504 -0.081569722 -0.097920491 -0.093916289 -0.089912087 -0.085907884 -0.081903682 -0.082260668 -0.094306731 -0.10635279 -0.11839886 -0.13044492 -0.13244547 -0.12828582 -0.13162783 -0.1265369 -0.12144597 -0.11635504 -0.11126411 -0.10451291 -0.098311262 -0.098942004 -0.099572746 -0.10020349 -0.10083423 -0.10382942 -0.10852437 -0.11321932 -0.11791427 -0.12260923 -0.13482759 -0.13211902 -0.12359325 -0.11417211 -0.10475097 -0.095329838 -0.088767393
-9999 -0.0980304 -0.095003411 -0.091976422 -0.088949433 -0.085922444 -0.082895456 -0.07913397 -0.08226779 -0.08540161 -0.08853543 -0.09166925 -0.09480307 -0.099633154 -0.097911619 -0.096190084 -0.094468549 -0.092747014 -0.091025479 -0.0886137 -0.084609498 -0.080605295 -0.076601093 -0.072596891 -0.068592689 -0.06867193 -0.080717992 -0.092764055 -0.10481012 -0.11685618 -0.12890224 -0.13509487 -0.13000394 -0.12491301 -0.11982208 -0.11473115 -0.10964022 -0.10653641 -0.10716715 -0.10779789 -0.10842863 -0.10905938 -0.10969012 -0.11209062 -0.11678557 -0.12148052 -0.12617547 -0.13087043 -0.13556538 -0.1300102 -0.12058906 -0.11116793 -0.10174679 -0.092325652 -0.083942203
-9999 -0.10848306 -0.10545607 -0.10242908 -0.099402093 -0.096375104 -0.088966872 -0.077457856 -0.062016053 -0.065149873 -0.068283693 -0.071417513 -0.074551333 -0.083462618 -0.10394361 -0.10424106 -0.10251953 -0.10079799 -0.099076458 -0.096664679 -0.092660476 -0.088656274 -0.084652072 -0.08064787 -0.078844529 -0.080116983 -0.087053229 -0.098442523 -0.11048859 -0.12253465 -0.13458071 -0.14077334 -0.13568241 -0.13059148 -0.12550055 -0.12040962 -0.11250708 -0.10813474 -0.10971193 -0.11034268 -0.11097342 -0.11160416 -0.1122349 -0.11278973 -0.11425051 -0.11894546 -0.12364041 -0.12833537 -0.13303032 -0.1366214 -0.13330854 -0.12388741 -0.11446627 -0.10504513 -0.096646464
-9999 -0.11893572 -0.11590873 -0.11288174 -0.10885575 -0.10102446 -0.09319317 -0.081684155 -0.065930569 -0.050176983 -0.048031955 -0.051165775 -0.054299595 -0.063210881 -0.083691875 -0.10417287 -0.11057051 -0.10884897 -0.10712744 -0.10471566 -0.10071146 -0.096707253 -0.092703051 -0.091768888 -0.090928184 -0.092200638 -0.099136884 -0.10607313 -0.11616705 -0.12821312 -0.14025918 -0.14645181 -0.14136088 -0.13626995 -0.13095326 -0.12239834 -0.11384342 -0.10947107 -0.11108249 -0.11269391 -0.1135182 -0.11414894 -0.11477969 -0.11533451 -0.11583476 -0.1164104 -0.12110535 -0.12580031 -0.13049526 -0.13408634 -0.13748664 -0.13660689 -0.12718575 -0.11776461 -0.10936595
-9999 -0.12938838 -0.12636139 -0.12091333 -0.11308205 -0.10525076 -0.097419469 -0.085910454 -0.070156868 -0.054403282 -0.038649696 -0.030914038 -0.034047858 -0.042959144 -0.063440138 -0.083921131 -0.10440213 -0.11689995 -0.11517842 -0.11276664 -0.10876243 -0.10553395 -0.10469325 -0.10385254 -0.10301184 -0.10428429 -0.11122054 -0.11815678 -0.12509303 -0.13389159 -0.14593765 -0.15213027 -0.14703934 -0.14084452 -0.1322896 -0.12373467 -0.11517975 -0.1108074 -0.11241882 -0.11403024 -0.11564166 -0.11669373 -0.11732447 -0.1178793 -0.11837955 -0.1188798 -0.11938005 -0.12326525 -0.1279602 -0.13155128 -0.13495158 -0.13835188 -0.13990523 -0.13048409 -0.12208543
-9999 -0.13984104 -0.13297092 -0.12513963 -0.11730834 -0.10947706 -0.10164577 -0.090136752 -0.074383166 -0.05862958 -0.042875994 -0.027122408 -0.013796121 -0.022707407 -0.0431884 -0.063669394 -0.084150388 -0.10463138 -0.12322939 -0.12081761 -0.11845831 -0.1176176 -0.1167769 -0.1159362 -0.11509549 -0.11636795 -0.12330419 -0.13024044 -0.13717668 -0.14411293 -0.15161612 -0.15780874 -0.15073577 -0.14218085 -0.13362593 -0.12507101 -0.11651609 -0.11214374 -0.11375516 -0.11536658 -0.116978 -0.11858942 -0.11986925 -0.12042408 -0.12092433 -0.12142458 -0.12192483 -0.12242508 -0.12542514 -0.12901622 -0.13241652 -0.13581682 -0.13921712 -0.14261742 -0.13480491
