mean_models/J1_mean_vp_slide_diff_15.dat.tif
NCOLS 118
NROWS 92
XLLCORNER 139.62
YLLCORNER -39.07
DX 0.099491525
DY 0.099347826
NODATA_VALUE -9999
[rows 27 to 53 of 92, columns 0 to 59 of 118]
-9999 6.2423557 6.2386546 6.2357953 6.2379485 6.2401018 6.2422551 6.2456403 6.2504473 6.2552544 6.2600615 6.2573127 6.2524905 6.2468833 6.2397042 6.232525 6.2253459 6.2247172 6.2267149 6.2258216 6.2182589 6.2106962 6.2204639 6.2323526 6.2442414 6.2520105 6.2487381 6.2454657 6.2421932 6.2500037 6.2622797 6.2724017 6.2783719 6.2843421 6.2954174 6.3066488 6.3178802 6.321159 6.3130603 6.3049617 6.2968631 6.2954603 6.294697 6.2944656 6.2946168 6.294768 6.2949756 6.2955204 6.2960651 6.2985309 6.3013288 6.3041266 6.3056953 6.3059037 6.3054819 6.3028772 6.3002725 6.2976677 6.2934952 6.2890375
-9999 6.2349441 6.2338177 6.2359709 6.2381242 6.2402775 6.2424307 6.2458159 6.250623 6.2554301 6.2602371 6.2650442 6.2651457 6.2595385 6.2523594 6.2451802 6.2380011 6.2308219 6.227672 6.2267787 6.2224393 6.234328 6.2462168 6.2581055 6.2699942 6.2777634 6.274491 6.2712185 6.2679461 6.2646737 6.2685426 6.2786647 6.2858125 6.2970439 6.3082753 6.3195067 6.3307381 6.3340169 6.3259183 6.3178197 6.3097211 6.3016225 6.2985159 6.2982846 6.2984358 6.2985869 6.2987381 6.2988892 6.2994074 6.3018733 6.3046711 6.307469 6.3102668 6.3123269 6.3119051 6.3093003 6.3066956 6.3040909 6.3014862 6.2976653
-9999 6.2317431 6.2338964 6.2360497 6.2382029 6.2403562 6.2425094 6.2447964 6.2496034 6.2544105 6.2592176 6.2640246 6.2688317 6.2726261 6.265447 6.2582678 6.2510887 6.2439096 6.2367304 6.2353171 6.2472058 6.2590946 6.2709833 6.2828721 6.2947608 6.3030026 6.2997302 6.2964578 6.2931853 6.2899129 6.2866405 6.2883221 6.2995535 6.3107849 6.3220163 6.3332477 6.3444792 6.3464031 6.3383045 6.3302059 6.3221073 6.3140087 6.3059101 6.3024561 6.3026072 6.3027584 6.3029095 6.3030607 6.3032119 6.3048528 6.3076507 6.3104485 6.3132464 6.3160442 6.3173952 6.3147904 6.3121857 6.309581 6.3069763 6.3043715
-9999 6.2310238 6.2331771 6.2353303 6.2374836 6.2396368 6.2358981 6.2351832 6.2387443 6.2435514 6.2483584 6.2531655 6.2579726 6.2659741 6.2803727 6.2749149 6.2677358 6.2605567 6.2533775 6.2519642 6.263853 6.2757417 6.2876304 6.2995192 6.3033267 6.3067064 6.3189206 6.3174688 6.3141963 6.3109239 6.3076515 6.3093331 6.3205645 6.3317959 6.3430273 6.3542588 6.3565357 6.3537364 6.3468076 6.338709 6.3306104 6.3225118 6.3144132 6.3104271 6.3096804 6.3098315 6.3099827 6.3101338 6.310285 6.3076192 6.3076441 6.310442 6.3132398 6.3160377 6.3172139 6.312773 6.3099946 6.3073898 6.3047851 6.3021804
-9999 6.2303045 6.2324578 6.234611 6.2354781 6.231089 6.2267 6.225985 6.2295105 6.2330359 6.2374993 6.2423064 6.2471134 6.2551149 6.2695135 6.2839121 6.2843829 6.2772038 6.2700246 6.2686113 6.2805001 6.2923888 6.3042775 6.3048416 6.3049252 6.3083049 6.3205191 6.3327332 6.3352074 6.3319349 6.3286625 6.3303441 6.3415755 6.3528069 6.3634322 6.3634803 6.3635283 6.3607291 6.3538562 6.3469834 6.3391135 6.3310149 6.3229163 6.3189302 6.3179006 6.3169047 6.3170558 6.317207 6.3173581 6.3146923 6.3115397 6.3104354 6.3132333 6.3160311 6.3172073 6.3127665 6.3083256 6.3051987 6.302594 6.2999892
-9999 6.2295852 6.2317384 6.230669 6.2262799 6.2218909 6.2175019 6.2167869 6.2203123 6.2238378 6.2273632 6.2314472 6.2362543 6.2442558 6.2586544 6.273053 6.2874515 6.2938509 6.2866717 6.2852584 6.2971472 6.3062729 6.3063565 6.30644 6.3065236 6.3099033 6.3221175 6.3343317 6.3465459 6.3529459 6.3496735 6.3513551 6.3625865 6.3703768 6.3704248 6.3704729 6.3705209 6.3677217 6.3608489 6.353976 6.3471032 6.339518 6.3314194 6.3274333 6.3264037 6.325374 6.3243444 6.3242801 6.3244313 6.3217655 6.3186129 6.3154602 6.3132267 6.3160246 6.3172008 6.3127599 6.308319 6.3038782 6.3004028 6.2977981
-9999 6.2288659 6.2258599 6.2214709 6.2170818 6.2126928 6.2083037 6.2075888 6.2111142 6.2146396 6.2181651 6.2216905 6.2253952 6.2333967 6.2477952 6.2621938 6.2765924 6.290991 6.3033188 6.3019055 6.3077878 6.3078713 6.3079549 6.3080385 6.308122 6.3115018 6.3237159 6.3359301 6.3481443 6.3603585 6.3706845 6.3723661 6.3773213 6.3773694 6.3774174 6.3774655 6.3775135 6.3747143 6.3678415 6.3609687 6.3540958 6.347223 6.3399226 6.3359365 6.3349068 6.3338772 6.3328475 6.3318179 6.3315044 6.3288386 6.325686 6.3225334 6.3193807 6.3162281 6.3171942 6.3127534 6.3083125 6.3038716 6.2994307 6.2956069
-9999 6.2233802 6.2189911 6.2146021 6.210213 6.205824 6.2014349 6.2009422 6.2043687 6.2078941 6.2114195 6.2149449 6.2184704 6.2261408 6.2407887 6.2551873 6.2695859 6.2839845 6.2983831 6.308453 6.3085366 6.3086201 6.3087037 6.3087873 6.3088709 6.315169 6.3255387 6.3377529 6.3499671 6.3621813 6.3743955 6.3824541 6.3825022 6.3825502 6.3825983 6.3826463 6.3826944 6.3802948 6.3736009 6.3667281 6.3598553 6.3529825 6.3461097 6.3400712 6.3390416 6.3380119 6.3369823 6.3359526 6.334923 6.3328567 6.329704 6.3265514 6.3233987 6.3202461 6.318113 6.3150433 6.3106024 6.3061615 6.3017207 6.2972798
-9999 6.2203531 6.215964 6.211575 6.2071859 6.2036692 6.2023069 6.2019229 6.2026683 6.2051936 6.208719 6.2122444 6.2157698 6.2234403 6.2394113 6.2545349 6.2689334 6.283332 6.2977306 6.3078005 6.3078841 6.3079677 6.3080513 6.3088424 6.319677 6.3285194 6.3320218 6.3399457 6.3521599 6.3643741 6.3765882 6.3846469 6.3846949 6.384743 6.3847911 6.3845656 6.3830558 6.3804924 6.3764217 6.3704536 6.3635808 6.356708 6.3498352 6.3431667 6.3366451 6.3349421 6.3339124 6.3328828 6.3318531 6.3304506 6.3286833 6.3255307 6.3223781 6.3192254 6.3170923 6.3184905 6.3166799 6.312239 6.3077982 6.3033573
-9999 6.217326 6.2129369 6.2085479 6.2060124 6.20465 6.2032876 6.2029037 6.2036491 6.2043944 6.2060185 6.2095439 6.2130693 6.2207397 6.2367108 6.2526818 6.268281 6.2826796 6.2970781 6.3071481 6.3072317 6.3073152 6.3113582 6.3221928 6.3330274 6.3418698 6.3453722 6.3488746 6.3543527 6.3665668 6.378781 6.3868397 6.3868877 6.3869358 6.3862729 6.3847632 6.3832534 6.3806901 6.3766193 6.3725486 6.3673064 6.3604335 6.3535607 6.3468923 6.3403707 6.3338491 6.3308426 6.3298129 6.3287833 6.3273808 6.3259138 6.3244468 6.3213574 6.3182047 6.3160716 6.3174698 6.318868 6.3183165 6.3138757 6.3094348
-9999 6.2142989 6.2099099 6.2083555 6.2069931 6.2056307 6.2042683 6.2038844 6.2046298 6.2053752 6.2061205 6.2068659 6.2103688 6.2180392 6.2340102 6.2499813 6.2659523 6.2819234 6.2964257 6.3064956 6.3065792 6.313874 6.3247086 6.3355432 6.3463778 6.3552202 6.3587226 6.362225 6.3657275 6.3692299 6.3809738 6.3890324 6.3890805 6.3879803 6.3864705 6.3849608 6.3834511 6.3808877 6.3768169 6.3727462 6.3686754 6.3641591 6.3572863 6.3506178 6.3440962 6.3375746 6.3310531 6.3267431 6.3257134 6.3243109 6.3228439 6.321377 6.31991 6.317184 6.3150509 6.3164491 6.3178473 6.3192455 6.3199532 6.3155123
-9999 6.212061 6.2106986 6.2093362 6.2079738 6.2066114 6.2052491 6.2048652 6.2056105 6.2063559 6.2071013 6.2078466 6.208592 6.2153387 6.2313097 6.2472808 6.2632518 6.2792228 6.2951939 6.3058432 6.3163897 6.3272244 6.338059 6.3488936 6.3597282 6.3685706 6.372073 6.3755754 6.3790779 6.3825803 6.3860828 6.3911974 6.3896876 6.3881779 6.3866682 6.3851584 6.3836487 6.3810853 6.3770145 6.3729438 6.3688731 6.3648023 6.3607316 6.3543434 6.3478218 6.3413002 6.3347786 6.328257 6.3226436 6.3212411 6.3197741 6.3183071 6.3168402 6.3153732 6.3140302 6.3154284 6.3168266 6.3182248 6.319623 6.3210212
-9999 6.2158647 6.2145023 6.21314 6.2117776 6.2104152 6.206982 6.2041528 6.2048981 6.2056435 6.2063889 6.2071342 6.2074781 6.2129988 6.2299974 6.2459685 6.2619395 6.2779106 6.2938816 6.3082995 6.3191341 6.3299687 6.3408034 6.351638 6.3635768 6.3750636 6.3769581 6.3804605 6.3839629 6.3874654 6.3909678 6.3927582 6.3912485 6.3897388 6.388229 6.3867193 6.383815 6.3790239 6.3749532 6.3708824 6.3668117 6.362741 6.360227 6.3523598 6.3437069 6.3371853 6.3306637 6.3241421 6.3176205 6.3154087 6.3139417 6.3124748 6.3110078 6.3089057 6.3043589 6.3057571 6.3071553 6.3085535 6.3099517 6.3170168
-9999 6.2206233 6.2192609 6.2178985 6.2165361 6.2116234 6.2056969 6.2028677 6.2036131 6.2043585 6.2051038 6.2050443 6.204545 6.2100657 6.2276417 6.2451258 6.2610968 6.2770678 6.2930389 6.3074568 6.3182914 6.329126 6.3399606 6.3532625 6.3686038 6.3800906 6.3812468 6.3824824 6.3859849 6.3894873 6.3929898 6.3947802 6.3932705 6.3917607 6.390251 6.3862841 6.3809896 6.3761986 6.3721278 6.3680571 6.3639863 6.3622441 6.3611523 6.353285 6.3405469 6.3304186 6.323897 6.3173754 6.3108539 6.308642 6.3071751 6.3057081 6.3025718 6.2963086 6.2917618 6.29316 6.2945582 6.2959564 6.305447 6.3180934
-9999 6.2253818 6.2240194 6.2221912 6.2162647 6.2103383 6.2044119 6.2015827 6.202328 6.2030734 6.2026104 6.2021111 6.2016119 6.2071326 6.2247086 6.2422846 6.2598606 6.2762251 6.2921962 6.306614 6.3174487 6.3282833 6.3429483 6.3582895 6.3736308 6.3851176 6.3862738 6.3874299 6.388586 6.3915093 6.3950117 6.3968021 6.3952924 6.3937827 6.3887532 6.3834587 6.3781642 6.3733732 6.3693025 6.365353 6.3642612 6.3631693 6.3620775 6.3542102 6.3414722 6.3287341 6.3171304 6.3106088 6.3040872 6.3018754 6.3004084 6.2962379 6.2899747 6.2837116 6.2791647 6.2805629 6.2819611 6.2938772 6.3065236 6.31917
-9999 6.2301404 6.2268326 6.2209061 6.2149797 6.2090533 6.2031268 6.2002976 6.2006757 6.2001765 6.1996772 6.199178 6.1986787 6.2041994 6.2217754 6.2393515 6.2569275 6.2745035 6.2913534 6.3057713 6.3172927 6.332634 6.3479753 6.3633165 6.3786578 6.3901446 6.3913008 6.3924569 6.393613 6.3947691 6.3970336 6.3988241 6.3965167 6.3912223 6.3859278 6.3806333 6.3753389 6.3705478 6.3673701 6.3662782 6.3651864 6.3640946 6.3630027 6.3551354 6.3423974 6.3296593 6.3169213 6.3041832 6.2973205 6.2951087 6.289904 6.2836408 6.2773776 6.2711145 6.2665676 6.2696609 6.2823073 6.2949538 6.3076002 6.3202467
-9999 6.2347776 6.2288511 6.2229247 6.2169983 6.2110718 6.2051454 6.2010068 6.2005076 6.2000083 6.1995091 6.1990098 6.1985106 6.2037393 6.2213153 6.2388913 6.2564673 6.2740433 6.2916193 6.3085195 6.3238608 6.3392021 6.3545433 6.3698846 6.3852259 6.3927743 6.3939304 6.3950866 6.3962427 6.3973988 6.3985549 6.3975078 6.3922133 6.3869188 6.3816244 6.3763299 6.3710354 6.3673474 6.3662556 6.3651638 6.3640719 6.3629801 6.3618883 6.3544338 6.3416957 6.3289577 6.3162196 6.3034815 6.2907435 6.2856126 6.2793494 6.2730862 6.2668231 6.2605599 6.256445 6.2690915 6.2817379 6.2943843 6.3070308 6.3196772
-9999 6.261712 6.2557856 6.2498592 6.2439327 6.2380063 6.2326617 6.227062 6.2211931 6.2206938 6.2201946 6.2196953 6.2191961 6.224065 6.2396842 6.2570823 6.2746583 6.2922343 6.3098103 6.3267106 6.3420518 6.3573931 6.3727343 6.3880756 6.3948449 6.3934707 6.3803184 6.3796354 6.3807916 6.3819477 6.3831038 6.3820566 6.3767622 6.3714677 6.3661732 6.3608788 6.3601238 6.35716 6.3497577 6.3486659 6.3475741 6.3464822 6.3453904 6.339217 6.3287238 6.3159858 6.3032477 6.2905097 6.2777716 6.2833265 6.2841997 6.2779365 6.2716734 6.2654102 6.2600251 6.2576815 6.2687536 6.2814 6.2940464 6.3066929
-9999 6.2886465 6.2827201 6.2767936 6.2709999 6.2657115 6.2604231 6.2548234 6.2488643 6.2429053 6.2408801 6.2403808 6.2398816 6.2447505 6.2603697 6.2759889 6.2928493 6.3104253 6.3280013 6.3449016 6.3602428 6.3755841 6.3909254 6.3943094 6.3973295 6.3959552 6.3828029 6.3696507 6.3653404 6.3664966 6.3676527 6.3666055 6.361311 6.3560166 6.3510866 6.3513849 6.3516832 6.3487195 6.341089 6.3334585 6.3310762 6.3299844 6.3288925 6.3227191 6.3128927 6.3030139 6.2902759 6.2775378 6.2647998 6.2703546 6.2790709 6.2827868 6.2765236 6.2702605 6.2648754 6.2625318 6.2601883 6.2684157 6.2810621 6.2937085
-9999 6.315581 6.3096545 6.3040496 6.2987612 6.2934729 6.2881845 6.2825848 6.2766257 6.2706666 6.2647076 6.2610663 6.260567 6.265436 6.2810552 6.2966744 6.3122935 6.3286163 6.3461923 6.3630926 6.3784338 6.3907538 6.3937739 6.396794 6.399814 6.3984397 6.3852875 6.3721352 6.3589829 6.3510454 6.3522016 6.3511544 6.3458599 6.3423477 6.342646 6.3429444 6.3432427 6.3402789 6.3326485 6.325018 6.3173875 6.3134865 6.3123947 6.3062213 6.2963948 6.2865684 6.2767419 6.2645659 6.2518279 6.2573827 6.2660991 6.2748154 6.2813739 6.2751108 6.2697257 6.2673821 6.2650386 6.262695 6.2680778 6.2807242
-9999 6.3425154 6.3370994 6.331811 6.3265226 6.3212342 6.3159459 6.3103461 6.3043871 6.298428 6.292469 6.2865099 6.2812525 6.2861215 6.3017407 6.3173599 6.332979 6.3485982 6.3643833 6.3812836 6.3902183 6.3932384 6.3962584 6.3992785 6.4022986 6.4009243 6.387772 6.3746197 6.3614675 6.3483152 6.3367504 6.3357033 6.3336089 6.3339072 6.3342055 6.3345038 6.3348021 6.3318384 6.3242079 6.3165774 6.3089469 6.3013165 6.2958968 6.2897234 6.279897 6.2700705 6.2602441 6.2504176 6.238856 6.2444109 6.2531272 6.2618435 6.2705599 6.2792762 6.274576 6.2722324 6.2698888 6.2675453 6.2652017 6.2677399
-9999 6.364689 6.3594007 6.3541123 6.3488239 6.3435355 6.3382471 6.3380324 6.3320733 6.3261143 6.3201552 6.3141961 6.3082371 6.299127 6.3118508 6.3274699 6.3430891 6.3587083 6.3743275 6.3861369 6.3891569 6.392177 6.3951971 6.3982171 6.4012372 6.4034188 6.391629 6.3784767 6.3653245 6.3521722 6.3390199 6.3304619 6.3307602 6.3310585 6.3313568 6.3316551 6.3319534 6.3275966 6.3199661 6.3123356 6.3047051 6.2970746 6.2892328 6.283701 6.2738746 6.2640481 6.2542217 6.2443952 6.2345688 6.2405527 6.249269 6.2579854 6.2667017 6.275418 6.2822493 6.2799058 6.2775622 6.2752187 6.2728751 6.2695851
-9999 6.3783129 6.3730246 6.3677362 6.3624478 6.3606678 6.3656801 6.3655992 6.3596401 6.3536811 6.347722 6.3397541 6.3242029 6.31371 6.3133463 6.3207732 6.3363924 6.3520116 6.3676308 6.3794402 6.3824602 6.3854803 6.3885003 6.3919707 6.3988281 6.4018312 6.3945036 6.3845149 6.3713626 6.3582103 6.345058 6.3365 6.3367984 6.3370967 6.337395 6.3370698 6.3346129 6.3300275 6.322397 6.3147665 6.307136 6.298525 6.2882144 6.2835412 6.2829207 6.2746737 6.2648472 6.2550208 6.2451944 6.2511782 6.2598946 6.2686109 6.2773273 6.2872124 6.2944093 6.2920657 6.2897222 6.2873786 6.2810398 6.2661318
-9999 6.3919368 6.3866485 6.3813601 6.3832224 6.3882346 6.3932469 6.393166 6.3872069 6.3812479 6.3698882 6.3543371 6.3387859 6.3282929 6.3279293 6.3275656 6.3296957 6.3453149 6.3609341 6.3727434 6.3757635 6.3787836 6.3835256 6.3903831 6.3972406 6.4002436 6.392916 6.3855884 6.3774007 6.3642485 6.3510962 6.3425382 6.3428365 6.3431348 6.3419577 6.3395008 6.3370438 6.3324584 6.3248279 6.3171975 6.3078172 6.2975066 6.287196 6.2825228 6.2819023 6.2812818 6.2754728 6.2656464 6.2558199 6.2618038 6.2705202 6.2794702 6.2894213 6.2993724 6.3065693 6.3042257 6.3018821 6.2924946 6.2775865 6.2626784
-9999 6.4055607 6.4007647 6.4057769 6.4107892 6.4158015 6.4208137 6.4207328 6.4147737 6.4000224 6.3844712 6.36892 6.3533688 6.3428758 6.3425122 6.3421486 6.3417849 6.3414213 6.3542373 6.3660467 6.3690668 6.3750806 6.3819381 6.3887955 6.395653 6.3986561 6.3913284 6.3840008 6.3766731 6.3693455 6.3571343 6.3485763 6.3488746 6.3468456 6.3443886 6.3419317 6.3394748 6.3348894 6.3272589 6.3171093 6.3067987 6.2964882 6.2861776 6.2815044 6.2808839 6.2802634 6.2796429 6.276272 6.2664455 6.2724294 6.281679 6.2916301 6.3015812 6.3115324 6.3187292 6.3163856 6.3039494 6.2890413 6.2741332 6.2592251
-9999 6.4233193 6.4283315 6.4333438 6.438356 6.4433683 6.4483805 6.4457076 6.4301565 6.4146053 6.3990541 6.3835029 6.3679518 6.3574588 6.3570951 6.3567315 6.3563679 6.3560042 6.3556406 6.3597781 6.3666356 6.373493 6.3803505 6.3872079 6.3940654 6.3970685 6.3897408 6.3824132 6.3750856 6.3677579 6.3604303 6.3541904 6.3517334 6.3492765 6.3468196 6.3443626 6.3419057 6.336712 6.3264015 6.3160909 6.3057803 6.2954697 6.2851591 6.280486 6.2798655 6.2792449 6.2786244 6.2780039 6.2770711 6.2838879 6.293839 6.3037901 6.3137412 6.3236923 6.3303122 6.3154041 6.300496 6.285588 6.2706799 6.2557718
-9999 6.4265095 6.4315218 6.436534 6.4415463 6.4465585 6.4490368 6.442235 6.4266838 6.4111326 6.3955814 6.3800303 6.3689277 6.3660864 6.3687879 6.3684243 6.3680606 6.367697 6.3673333 6.3691533 6.3760107 6.3828682 6.3897256 6.3965831 6.4025325 6.4049867 6.4011758 6.3938481 6.3865205 6.3791929 6.3718652 6.3662013 6.3637443 6.3612874 6.3588305 6.3563735 6.3514124 6.3428264 6.3325158 6.3222052 6.3118946 6.3015841 6.292572 6.2857944 6.282768 6.2821475 6.281527 6.2809065 6.280286 6.2886793 6.2986304 6.3085815 6.3185326 6.326042 6.3232857 6.3083777 6.2934696 6.2785615 6.2636534 6.2601263
