mean_models/J1_mean__temp2_slide_120.dat.tif
NCOLS 118
NROWS 92
XLLCORNER 139.62
YLLCORNER -39.07
DX 0.099491525
DY 0.099347826
NODATA_VALUE -9999
[rows 27 to 53 of 92, columns 0 to 59 of 118]
-9999 880.96747 872.85287 863.56583 847.29685 831.02786 814.75888 803.88326 799.23228 794.58129 789.93031 789.98003 791.31974 794.10962 799.80352 805.49742 811.19132 814.37921 816.56239 821.76858 833.94899 846.12941 854.61963 862.65822 870.6968 884.94383 915.83106 946.71829 977.60552 992.72368 1001.4884 1007.0591 1006.473 1005.8868 1007.7393 1009.6664 1011.5935 1011.2281 1007.583 1003.9378 1000.2926 1004.2702 1008.9758 1014.2112 1019.8274 1025.4436 1029.7817 1026.4908 1023.1999 1014.8154 1005.5506 996.28581 996.13169 1006.0599 1013.6964 1013.3947 1013.093 1012.7913 1017.4146 1022.9339
-9999 889.6492 877.94848 861.67949 845.41051 829.14152 812.87254 801.99692 797.34593 792.69495 788.04397 783.39298 781.66948 784.45935 790.15325 795.84715 801.54105 807.23495 811.38742 816.59361 828.08769 836.12628 844.16486 852.20345 860.24203 874.48906 905.37629 936.26352 967.15075 998.03797 1018.7643 1024.3351 1024.3115 1026.2386 1028.1657 1030.0928 1032.0199 1031.6545 1028.0093 1024.3641 1020.719 1017.0738 1019.1119 1024.3472 1029.9634 1035.5796 1041.1958 1046.8121 1044.1225 1035.738 1026.4733 1017.2085 1007.9437 1004.1473 1011.7838 1011.4821 1011.1805 1010.8788 1010.5771 1014.0957
-9999 893.83073 877.56174 861.29276 845.02377 828.75479 812.48581 801.3625 796.71152 792.06053 787.40955 782.75857 778.10758 777.65288 783.34678 789.04068 794.73458 800.42848 806.12238 812.52528 820.56386 828.60244 836.64103 844.67961 852.7182 865.98846 896.87569 927.76292 958.65015 989.53737 1020.4246 1041.42 1043.3471 1045.2742 1047.2013 1049.1284 1051.0555 1049.4307 1045.7855 1042.1403 1038.4952 1034.85 1031.2048 1033.0063 1038.6225 1044.2387 1049.8549 1055.4711 1061.0873 1054.5098 1045.245 1035.9802 1026.7154 1017.4506 1011.8347 1011.533 1011.2313 1010.9297 1010.628 1010.3263
-9999 905.78925 889.52026 873.25128 856.98229 840.71331 830.55576 819.34659 806.38335 801.73236 797.08138 792.43039 787.77941 788.38508 799.51752 805.6453 811.3392 817.0331 822.727 829.12989 837.16848 845.20706 853.24564 861.28423 878.39666 896.67967 906.8929 935.34971 966.23694 997.12417 1028.0114 1049.0068 1050.9339 1052.861 1054.7881 1056.7152 1052.8718 1047.3986 1041.7448 1038.0996 1034.4545 1030.8093 1027.1641 1029.1669 1035.1229 1040.7391 1046.3553 1051.9716 1057.5878 1053.7869 1046.3099 1037.0451 1027.7804 1018.5156 1014.1112 1026.5426 1027.4458 1027.1441 1026.8424 1026.5407
-9999 917.74777 901.47878 885.2098 870.27491 860.7919 851.30889 840.09972 826.89834 813.69695 806.75321 802.10222 797.45124 798.05691 809.18935 820.32179 827.94381 833.63771 839.33161 845.73451 853.77309 861.81168 869.85026 890.6046 911.89844 930.18145 940.39468 950.6079 973.82373 1004.711 1035.5982 1056.5936 1058.5207 1060.4478 1061.9843 1056.7045 1051.4247 1045.9515 1040.2015 1034.4516 1030.4138 1026.7686 1023.1234 1025.1262 1031.1893 1037.2396 1042.8558 1048.472 1054.0882 1050.2874 1044.859 1038.1101 1028.8453 1019.5805 1015.1761 1027.6076 1040.039 1043.3585 1043.0568 1042.7551
-9999 929.70629 913.4373 900.51105 891.02804 881.54503 872.06202 860.85285 847.65146 834.45008 821.2487 811.77405 807.12307 807.72874 818.86118 829.99362 841.12606 850.24233 855.93623 862.33912 870.37771 881.5187 902.81254 924.10638 945.40022 963.68323 973.89645 984.10968 994.32291 1012.2977 1043.185 1064.1804 1066.1075 1065.817 1060.5372 1055.2574 1049.9776 1044.5044 1038.7544 1033.0045 1027.2546 1022.7279 1019.0827 1021.0855 1027.1486 1033.2116 1039.2747 1044.9724 1050.5886 1046.7878 1041.3595 1035.9311 1029.9102 1020.6454 1016.241 1028.6725 1041.104 1053.5354 1059.2712 1058.9696
-9999 941.6648 930.74719 921.26418 911.78117 902.29816 892.81514 881.60597 868.40459 855.20321 842.00182 828.80044 816.79489 817.40057 828.53301 839.66545 850.79788 861.93032 872.54084 878.94374 893.72664 915.02048 936.31432 957.60816 978.902 997.185 1007.3982 1017.6115 1027.8247 1038.0379 1050.7718 1071.7672 1069.6497 1064.3699 1059.0901 1053.8103 1048.5305 1043.0573 1037.3073 1031.5574 1025.8075 1020.0576 1015.042 1017.0448 1023.1079 1029.1709 1035.234 1041.297 1047.089 1043.2882 1037.8599 1032.4316 1027.0032 1021.5749 1017.3059 1029.7374 1042.1689 1054.6003 1067.0318 1075.184
-9999 958.74465 949.26164 939.77863 930.29562 920.81261 911.3296 896.85902 883.47817 870.27679 857.07541 843.87402 830.67264 832.7413 847.28567 858.4181 869.55054 880.68298 891.81542 906.02051 927.31435 948.60819 969.90203 991.19587 1012.4897 1019.4984 1028.8809 1039.0942 1049.3074 1059.5206 1069.7339 1074.6552 1069.3754 1064.0956 1058.8158 1053.536 1048.2562 1043.3257 1037.3287 1031.5787 1025.8288 1020.0789 1014.329 1010.6414 1016.7044 1022.7675 1028.8305 1034.8936 1040.9566 1043.2725 1037.8442 1032.4159 1026.9875 1021.5592 1017.5572 1027.2898 1039.7213 1052.1528 1064.5842 1077.0157
-9999 973.56691 964.0839 954.60089 945.11788 935.10367 923.77762 909.24078 890.99827 875.98324 862.78186 849.58047 836.37909 838.44775 871.09557 892.14756 903.27999 914.41243 925.54487 939.74996 961.0438 982.33764 1003.6315 1023.5587 1024.0884 1026.1832 1032.4731 1040.7541 1050.9674 1061.1806 1071.3938 1076.3151 1071.0353 1065.7556 1060.4758 1055.9718 1055.1101 1050.6442 1041.022 1034.0218 1028.2719 1022.522 1016.772 1011.9029 1007.667 1012.4673 1018.5303 1024.5934 1030.6564 1038.1651 1043.5744 1038.1461 1032.7177 1027.2894 1023.2874 1024.2262 1031.4806 1043.9121 1056.3435 1068.775
-9999 988.38918 978.90617 969.42316 958.81148 947.48543 936.15938 921.62254 903.38004 885.13753 868.48831 855.28693 842.08554 844.15421 876.80202 909.44983 937.00945 948.14188 959.27432 973.47942 994.77326 1016.0671 1029.7139 1030.2435 1030.7732 1032.868 1039.1579 1045.4478 1052.6273 1062.8406 1073.0538 1077.9751 1072.6953 1067.4155 1064.152 1063.2903 1062.4286 1057.9627 1048.3405 1038.7183 1030.715 1024.9651 1019.2151 1014.346 1010.1101 1005.8742 1008.2301 1014.2931 1020.3562 1027.8649 1035.6235 1043.382 1038.448 1033.0196 1029.0177 1029.9564 1030.8952 1035.6714 1048.1029 1060.5343
-9999 1003.2114 993.72843 982.5193 971.19325 959.8672 948.54115 934.0043 915.7618 897.51929 879.27679 861.03428 847.792 849.86066 882.50847 915.15628 947.8041 980.45191 993.00377 1007.2089 1028.5027 1035.8691 1036.3987 1036.9284 1037.458 1039.5528 1045.8427 1052.1326 1058.4225 1064.7123 1074.7138 1079.6351 1074.3553 1072.3322 1071.4705 1070.6088 1069.7471 1065.2812 1055.659 1046.0368 1036.4146 1027.4082 1021.6582 1016.7891 1012.5532 1008.3173 1004.0814 1003.9929 1010.056 1017.5647 1025.3233 1033.0818 1040.8404 1038.7498 1034.7479 1035.6866 1036.6254 1037.5642 1039.8622 1052.2936
-9999 1017.5532 1006.2271 994.90106 983.57501 972.24896 960.92291 946.38607 928.14356 909.90106 891.65855 873.41605 855.17354 855.56711 888.21493 920.86274 953.51055 986.15836 1018.8062 1040.9383 1042.0243 1042.5539 1043.0835 1043.6132 1044.1428 1046.2376 1052.5275 1058.8174 1065.1073 1071.3972 1077.687 1081.374 1080.5123 1079.6506 1078.7889 1077.9272 1077.0655 1072.5997 1062.9775 1053.3552 1043.733 1034.1108 1024.4886 1019.2322 1014.9963 1010.7604 1006.5245 1002.2886 999.75578 1007.2645 1015.0231 1022.7816 1030.5402 1038.2987 1040.4781 1041.4169 1042.3556 1043.2944 1044.2332 1045.1719
-9999 1022.951 1011.6249 1000.2989 988.97281 977.64676 972.61371 965.50778 947.26527 929.02276 910.78026 892.53775 878.71369 879.97733 899.97832 932.62614 965.27395 997.92176 1030.5696 1053.5053 1054.035 1054.5646 1055.0942 1055.6238 1053.0789 1049.0623 1062.9888 1069.2787 1075.5686 1081.8585 1088.1484 1091.9955 1091.1338 1090.2721 1089.4104 1088.5487 1082.7546 1070.41 1060.7878 1051.1656 1041.5434 1031.9212 1022.5486 1020.6687 1019.031 1014.7951 1010.5592 1006.3234 1002.0875 1008.0785 1015.8371 1023.5956 1031.3542 1040.5139 1054.9549 1055.8937 1056.8325 1057.7713 1058.71 1052.9039
-9999 1025.9867 1014.6606 1003.3346 992.00853 991.47157 994.01496 986.90902 968.66652 950.42401 932.18151 922.798 918.25369 919.51734 932.41177 946.43807 979.08589 1011.7337 1044.3815 1067.3173 1067.8469 1068.3765 1068.9061 1062.5656 1050.5464 1046.5298 1063.9624 1081.0173 1087.3072 1093.5971 1099.887 1103.7341 1102.8724 1102.0107 1101.149 1091.5968 1077.3493 1065.0047 1055.3824 1045.7602 1036.138 1026.8891 1017.7445 1015.8645 1019.2071 1019.3682 1015.1323 1010.8964 1006.6605 1012.6515 1020.4101 1028.1687 1039.6098 1057.949 1072.3901 1073.3288 1074.2676 1075.2064 1066.5134 1054.0641
-9999 1029.0224 1017.6964 1007.786 1010.3294 1012.8728 1015.4162 1008.3103 990.06777 971.82526 966.88232 962.33801 957.79369 959.05734 971.95177 984.84621 997.74064 1025.5456 1058.1935 1081.1292 1081.6588 1082.1885 1072.0524 1060.0331 1048.0139 1043.9973 1061.4299 1078.8625 1096.2951 1105.3357 1111.6256 1115.4727 1114.611 1113.7493 1100.4389 1086.1914 1071.9439 1059.5993 1049.9771 1040.3743 1031.2297 1022.085 1012.9404 1011.0604 1014.403 1017.7456 1019.7053 1015.4694 1011.2335 1017.2246 1024.9831 1038.7058 1057.0449 1075.3841 1089.8252 1090.7639 1091.7027 1080.1228 1067.6736 1055.2244
-9999 1032.0581 1026.6439 1029.1873 1031.7307 1034.2741 1036.8175 1029.7115 1015.511 1010.9666 1006.4223 1001.878 997.33369 998.59734 1011.4918 1024.3862 1037.2806 1050.1751 1072.0054 1094.9411 1093.5584 1081.5391 1069.5199 1057.5006 1045.4814 1041.4648 1058.8974 1076.33 1093.7626 1111.1952 1123.3642 1127.2113 1123.5286 1109.2811 1095.0335 1080.786 1066.5385 1054.1939 1044.7148 1035.5702 1026.4255 1017.2809 1008.1363 1006.2563 1009.5989 1012.9415 1016.284 1019.6266 1015.8065 1021.7976 1037.8018 1056.1409 1074.4801 1092.8192 1107.2603 1106.1815 1093.7323 1081.283 1068.8338 1056.3846
-9999 1045.3784 1047.9218 1050.4652 1053.0086 1055.552 1058.0954 1055.0257 1050.4814 1045.9371 1041.3928 1036.8484 1032.3041 1032.4119 1045.3063 1058.2007 1071.0952 1083.9896 1096.884 1102.2449 1090.2257 1078.2065 1066.1872 1054.168 1042.1487 1037.5045 1054.9371 1072.3697 1089.8023 1107.2349 1124.6675 1131.2792 1117.0317 1102.7842 1088.5367 1074.2891 1060.0416 1051.2444 1042.0998 1032.9551 1023.8105 1014.6658 1005.5212 1003.7607 1007.1032 1010.4458 1013.7884 1017.1309 1020.4735 1035.6204 1053.9595 1072.2986 1090.6378 1108.9769 1121.1424 1108.6932 1096.244 1083.7947 1071.3455 1058.8963
-9999 1065.7266 1068.27 1070.8134 1073.3568 1075.9002 1058.3793 1048.9509 1050.9879 1046.4435 1041.8992 1037.3549 1032.8106 1031.4945 1036.6432 1048.8333 1061.7277 1074.6221 1087.5166 1092.8775 1080.8583 1068.839 1056.8198 1044.8005 1040.5917 1040.4869 1042.2254 1057.6409 1075.0735 1092.5061 1109.9387 1116.5504 1102.3029 1088.0553 1073.8078 1059.5603 1044.9279 1042.2557 1055.9945 1046.8499 1037.7052 1028.5606 1019.4159 1018.026 1022.0181 1025.3606 1028.7032 1032.0458 1035.3883 1045.504 1060.4831 1078.8222 1097.1613 1115.5005 1128.1062 1120.8522 1108.9486 1096.4994 1084.0502 1071.6009
-9999 1086.0747 1088.6181 1091.1615 1089.1299 1069.6716 1050.2133 1040.785 1042.9323 1045.0797 1042.4057 1037.8614 1033.317 1032.001 1037.1497 1042.2984 1052.3603 1065.2547 1078.1491 1083.51 1071.4908 1059.4716 1047.4523 1046.328 1045.5354 1045.4306 1047.1692 1048.9077 1060.3446 1077.7772 1095.2098 1101.8216 1087.574 1073.3265 1059.0481 1044.3264 1029.6047 1026.9324 1041.4987 1056.0649 1051.6 1042.4553 1033.3107 1031.9208 1036.1057 1040.2755 1043.6181 1046.9606 1050.3032 1060.4189 1071.7051 1085.3458 1103.6849 1122.024 1134.6298 1127.3758 1120.1218 1109.2041 1096.7549 1084.3056
-9999 1106.4228 1108.9662 1100.4222 1080.9639 1061.5056 1042.0474 1032.619 1034.7664 1036.9138 1039.0611 1038.3678 1033.8235 1032.5074 1037.6561 1042.8048 1047.9535 1055.8873 1068.7817 1074.1426 1062.1234 1052.857 1052.0644 1051.2718 1050.4791 1050.3743 1052.1129 1053.8515 1055.59 1063.0484 1080.481 1087.0927 1072.8452 1058.4465 1043.7248 1029.0031 1014.2814 1011.6092 1026.1754 1040.7417 1055.3079 1056.3501 1047.2054 1045.8155 1050.0005 1054.1854 1058.3703 1061.8755 1065.2181 1075.3337 1086.62 1097.9062 1110.2085 1128.5476 1141.1533 1133.8993 1126.6453 1119.3913 1109.4596 1097.0103
-9999 1126.771 1111.7144 1092.2562 1072.7979 1053.3397 1033.8814 1024.453 1026.6004 1028.7478 1030.8952 1033.0426 1034.33 1033.0139 1038.1626 1043.3113 1048.46 1053.6087 1059.4143 1064.7752 1058.5933 1057.8007 1057.0081 1056.2155 1055.4229 1055.318 1057.0566 1058.7952 1060.5337 1062.2723 1065.7522 1072.3639 1057.845 1043.1233 1028.4016 1013.6799 998.95818 996.28594 1010.8522 1025.4184 1039.9847 1054.5509 1061.1002 1059.7103 1063.8952 1068.0801 1072.2651 1076.45 1080.1329 1090.2486 1101.5348 1112.8211 1124.1073 1135.3936 1147.6769 1140.4229 1133.1689 1125.9149 1118.6609 1109.715
-9999 1119.834 1100.3757 1080.9175 1061.4592 1042.001 1022.5427 1026.4533 1028.6007 1030.7481 1032.8954 1035.0428 1037.1902 1037.6637 1040.6407 1045.7894 1050.9381 1056.0868 1061.2355 1064.5876 1063.795 1063.0024 1062.2098 1061.4171 1060.6245 1050.9119 1051.2094 1052.9479 1054.6865 1056.4251 1058.1637 1054.2799 1039.5582 1024.8365 1010.1148 995.39309 980.67138 993.74806 1008.3143 1022.8805 1037.4468 1052.013 1065.572 1067.9709 1072.1559 1076.3408 1080.5257 1084.7106 1088.8956 1099.1354 1110.4216 1121.7079 1132.9941 1144.2804 1146.4857 1139.2317 1131.9777 1124.7237 1117.4697 1110.7281
-9999 1103.4531 1083.9948 1064.5366 1045.0783 1034.3107 1040.3679 1044.6101 1046.7575 1048.9049 1051.0523 1053.728 1058.3982 1059.2354 1052.3967 1051.401 1056.5497 1061.6984 1066.8471 1070.1992 1069.4066 1068.614 1067.8214 1065.2183 1048.9966 1035.981 1031.5589 1029.9513 1031.6899 1033.4285 1035.1671 1031.2833 1016.5616 1001.8399 987.1182 979.44403 995.8689 1011.5291 1026.0954 1040.6616 1055.2278 1065.1195 1066.909 1069.1582 1071.738 1075.6476 1079.8325 1084.0174 1088.2023 1098.4422 1109.7284 1121.0146 1132.3009 1133.8683 1133.034 1125.78 1118.526 1111.272 1106.1809 1105.7289
-9999 1087.0722 1067.6139 1048.1557 1046.4102 1052.4675 1058.5247 1062.7669 1064.9143 1067.0617 1070.6295 1075.2997 1079.9699 1080.8071 1073.9684 1067.1297 1062.1613 1067.31 1072.4587 1075.8108 1075.0182 1074.2256 1066.5092 1050.2875 1034.0657 1021.0501 1016.628 1012.2059 1008.6933 1010.4319 1012.1705 1008.2867 993.56503 978.84332 980.80022 997.22509 1013.65 1029.3102 1043.8764 1058.4427 1064.667 1066.4565 1068.246 1070.4952 1073.075 1075.6548 1079.1393 1083.3242 1087.5091 1097.7489 1109.0352 1118.3784 1119.3975 1120.4166 1119.5823 1112.3283 1105.0743 1101.6337 1101.1817 1100.7297
-9999 1070.6913 1052.4526 1058.5098 1064.567 1070.6243 1076.6815 1080.9237 1083.0711 1087.531 1092.2012 1096.8714 1101.5417 1102.3789 1095.5401 1088.7014 1081.8627 1075.024 1078.0703 1081.4224 1080.6298 1067.8001 1051.5784 1035.3566 1019.1348 1006.1193 1001.6971 997.27498 992.85283 988.43069 989.17387 985.29015 970.56844 982.1564 998.58127 1015.0061 1031.431 1047.0912 1061.6575 1064.2145 1066.004 1067.7935 1069.583 1071.8322 1074.412 1076.9918 1079.5716 1082.631 1086.8159 1097.0557 1103.9077 1104.9267 1105.9458 1106.9649 1106.1306 1098.8766 1097.0865 1096.6345 1096.1825 1095.7306
-9999 1064.5521 1070.6094 1076.6666 1082.7239 1088.7811 1094.8383 1099.7622 1104.4325 1109.1027 1113.7729 1118.4432 1123.1134 1123.9506 1117.1119 1110.2731 1103.4344 1096.5957 1089.757 1085.3128 1069.091 1052.8692 1036.6475 1020.4257 1004.204 991.1884 986.76625 982.3441 977.92196 973.49981 969.07767 967.08771 983.51258 999.93745 1016.3623 1032.7872 1049.2121 1061.9726 1063.7621 1065.5515 1067.341 1069.1305 1070.92 1073.1692 1075.749 1078.3288 1080.9086 1083.4884 1086.1227 1089.4369 1090.456 1091.475 1092.4941 1093.5132 1092.9913 1092.5393 1092.0873 1091.6353 1091.1834 1090.7314
-9999 1069.253 1075.3102 1081.3674 1087.4247 1093.4819 1100.1505 1106.1111 1110.7813 1115.4516 1120.1218 1124.792 1124.4142 1122.9898 1127.7639 1120.9252 1114.0865 1107.2477 1100.409 1090.733 1074.5113 1058.2895 1042.0677 1025.846 1016.623 1013.8915 1000.7521 996.33 991.90785 987.48571 983.06356 985.76208 1002.1869 1018.6118 1035.0367 1051.4616 1063.4969 1068.8208 1070.6103 1072.3998 1074.1893 1075.9787 1075.1379 1075.3763 1077.6724 1080.2522 1082.832 1085.4118 1087.9916 1089.2407 1090.2598 1091.2788 1092.2979 1092.5847 1091.1332 1090.6812 1090.2292 1089.7773 1089.3253 1099.9009
