mean_models/J1_mean_vp_slide_diff2_160.dat.tif
NCOLS 118
NROWS 92
XLLCORNER 139.62
YLLCORNER -39.07
DX 0.099491525
DY 0.099347826
NODATA_VALUE -9999
[rows 24 to 47 of 92, columns 0 to 54 of 118]
-9999 0.21294454 0.21856859 0.22419263 0.22981668 0.23544072 0.24106476 0.24376531 0.24199305 0.2402208 0.23844855 0.23667629 0.23490404 0.23315597 0.23145632 0.22975667 0.22805703 0.22635738 0.22465773 0.22228049 0.21334815 0.2044158 0.19548345 0.1865511 0.17761875 0.16865278 0.15959669 0.1505406 0.14148451 0.13242842 0.12337233 0.11633297 0.11543401 0.11453504 0.11363608 0.11273711 0.11183815 0.10881337 0.10356811 0.098322848 0.093077586 0.087832324 0.082587062 0.082230012 0.085387036 0.088544059 0.091701082 0.094858105 0.097985089 0.094880001 0.091339346 0.087798692 0.084258037 0.080717382 0.080380072
-9999 0.2054704 0.21109445 0.21671849 0.22234253 0.22796658 0.23745508 0.24517972 0.24579998 0.24402773 0.24225548 0.24048322 0.23871097 0.23603123 0.23227081 0.23057117 0.22887152 0.22717187 0.22547223 0.22158552 0.21265317 0.20372082 0.19478847 0.18585612 0.17787283 0.16792363 0.15023234 0.14117625 0.13212016 0.12306407 0.11400798 0.1077381 0.10683913 0.10594017 0.1050412 0.10414224 0.10358837 0.10346907 0.10144657 0.096201303 0.090956041 0.08571078 0.080465518 0.076798568 0.077483723 0.080640746 0.083797769 0.086954792 0.090111816 0.09433457 0.091952481 0.088411827 0.084871172 0.081330517 0.078818659
-9999 0.19611691 0.20174095 0.207365 0.21298904 0.22455058 0.23717817 0.24490281 0.24696881 0.24872519 0.24695294 0.24518068 0.24340843 0.24072869 0.23623168 0.23173466 0.23000303 0.22830338 0.22660373 0.22271703 0.21378468 0.20485233 0.19591998 0.18870035 0.18254746 0.17259826 0.15247399 0.13234972 0.12292076 0.11386467 0.10480858 0.098538701 0.097639736 0.096740771 0.095841806 0.095476758 0.09532263 0.095203331 0.095133859 0.094313483 0.089068221 0.083822959 0.078577698 0.074910748 0.072378427 0.071863049 0.075020072 0.078177095 0.081334118 0.085556872 0.089963814 0.089089928 0.085549274 0.082008619 0.079496761
-9999 0.18676342 0.19238746 0.19901848 0.21164608 0.22427367 0.23690127 0.24462591 0.2466919 0.2487579 0.2508239 0.24987814 0.24810589 0.24542615 0.24092914 0.23643212 0.2319351 0.22943489 0.22773524 0.22384853 0.21491619 0.20598384 0.19952787 0.19337498 0.18722209 0.17727289 0.15714862 0.13702435 0.11690008 0.10466528 0.095609187 0.089339304 0.088440339 0.087541374 0.087365146 0.087211019 0.087056891 0.086937592 0.086868119 0.086798647 0.086729174 0.081935139 0.076689878 0.073022928 0.070490607 0.067958286 0.066242374 0.069399397 0.072556421 0.076779175 0.081186116 0.085593058 0.086227375 0.082686721 0.080174863
-9999 0.17740993 0.18611398 0.19874158 0.21136917 0.22399677 0.23662436 0.244349 0.246415 0.248481 0.250547 0.25261299 0.25280335 0.25012362 0.2456266 0.24112958 0.23663257 0.23213555 0.22886675 0.22498004 0.21650827 0.21035538 0.2042025 0.19804961 0.19189672 0.18194752 0.16182325 0.14169898 0.12157472 0.10145045 0.086409789 0.080139907 0.079407662 0.079253535 0.079099407 0.07894528 0.078791152 0.078671853 0.07860238 0.078532908 0.078463435 0.078393963 0.074802057 0.071135108 0.068602787 0.066070466 0.063538144 0.061005823 0.063778723 0.068001477 0.072408419 0.076815361 0.081222302 0.083364823 0.080852964
-9999 0.17221621 0.1848438 0.1974714 0.21009899 0.22272659 0.23535418 0.24306694 0.24513294 0.24719894 0.24926493 0.25133093 0.25339693 0.25261904 0.24812202 0.243625 0.23912799 0.23463097 0.23013395 0.22513622 0.21898334 0.21283045 0.20667756 0.20052467 0.19437179 0.18604365 0.16591939 0.14579512 0.12567085 0.10554658 0.08542231 0.072119189 0.071965061 0.071810933 0.071656806 0.071502678 0.071348551 0.071358153 0.07128868 0.071219208 0.071149735 0.071080263 0.07101079 0.069754789 0.067222468 0.064690146 0.062157825 0.059625504 0.057093183 0.059905653 0.064312594 0.068719536 0.073126477 0.077533419 0.080719559
-9999 0.16276907 0.17539667 0.18802426 0.20065186 0.21327945 0.21978019 0.22697876 0.2355761 0.2376421 0.2397081 0.24177409 0.24384009 0.24213292 0.23286976 0.22799252 0.2234955 0.21899848 0.21450147 0.20950374 0.20335085 0.19719796 0.19104508 0.18489219 0.17474326 0.16539998 0.16315164 0.14512885 0.12500458 0.10488031 0.084756046 0.071452924 0.071298796 0.071144669 0.070990541 0.070836414 0.070200532 0.070376226 0.071812476 0.071743003 0.071673531 0.071604058 0.071534586 0.071124631 0.07002006 0.067487739 0.064955418 0.062423097 0.059890775 0.059491256 0.061830167 0.066237108 0.07064405 0.075050992 0.077890719
-9999 0.15332194 0.16594954 0.17857713 0.18986726 0.19569176 0.20151625 0.20871483 0.21749928 0.22628373 0.23015126 0.23221726 0.23428325 0.23257608 0.22331293 0.21404977 0.20786301 0.203366 0.19886898 0.19387125 0.18771836 0.18156548 0.17541259 0.16365979 0.15166941 0.14232613 0.14007779 0.13782945 0.12433832 0.10421405 0.084089781 0.070786659 0.070632532 0.070478404 0.070291666 0.069535868 0.06878007 0.068955764 0.07046409 0.071972415 0.072197327 0.072127854 0.072058381 0.071648426 0.070993702 0.070285331 0.06775301 0.065220689 0.062688368 0.062288848 0.062257935 0.063754681 0.068161623 0.072568564 0.075408292
-9999 0.14387481 0.1565024 0.16577883 0.17160333 0.17742782 0.18325231 0.19045089 0.19923534 0.20801979 0.21680424 0.22266042 0.22472642 0.22301925 0.21375609 0.20449293 0.19522977 0.18773351 0.18323649 0.17823877 0.17208588 0.16456672 0.15257633 0.14058594 0.12859556 0.11925228 0.11700394 0.1147556 0.11250726 0.10354779 0.083423517 0.070120395 0.069966267 0.069627002 0.068871204 0.068115406 0.067359607 0.067535301 0.069043627 0.070551953 0.072060279 0.07265165 0.072582177 0.072172222 0.071517498 0.070862774 0.07020805 0.068018282 0.06548596 0.065086441 0.065055528 0.065024614 0.065679195 0.070086137 0.072925864
-9999 0.13442768 0.1416904 0.1475149 0.15333939 0.15916388 0.16498838 0.17218696 0.18097141 0.18975586 0.19854031 0.20732476 0.21516958 0.21346241 0.20419925 0.19493609 0.18567293 0.17640977 0.16760401 0.16260628 0.15348325 0.14149287 0.12950248 0.11751209 0.10552171 0.096178435 0.093930095 0.091681755 0.089433415 0.087185075 0.082757252 0.06945413 0.068962338 0.06820654 0.067450741 0.066694943 0.065939145 0.066114839 0.067623164 0.06913149 0.070639816 0.072148142 0.073105973 0.072696017 0.072041293 0.071386569 0.070731845 0.070077121 0.068283553 0.067884033 0.06785312 0.067822207 0.067791293 0.06776038 0.070443437
-9999 0.12052767 0.12635217 0.13217666 0.13800116 0.14382565 0.14965015 0.15864937 0.16751445 0.1762989 0.18508335 0.1938678 0.20265225 0.20220661 0.19141057 0.18214741 0.17288425 0.16362109 0.15435793 0.1442701 0.13227971 0.12028933 0.10829894 0.096308554 0.084318167 0.081204565 0.079304137 0.077055797 0.074807457 0.072559117 0.070310777 0.068572241 0.067816442 0.067060644 0.066304846 0.065549047 0.064793249 0.064629188 0.066219171 0.067727497 0.069235823 0.070744149 0.072252474 0.073371828 0.072717104 0.07206238 0.071407656 0.070752932 0.070098208 0.068871729 0.068840815 0.068809902 0.068778989 0.068748075 0.068481982
-9999 0.11001473 0.11583922 0.12166372 0.12748821 0.13374472 0.14106811 0.15012122 0.16117066 0.17076998 0.17955443 0.18833888 0.19712333 0.19667769 0.17774826 0.16402853 0.15476537 0.14550221 0.13623905 0.12615122 0.11416083 0.10217044 0.090180057 0.078963863 0.078736691 0.078406843 0.0778018 0.076362738 0.074114398 0.071866058 0.069617718 0.067879182 0.067123383 0.066367585 0.065611787 0.064541385 0.061994065 0.061641626 0.064429275 0.066350666 0.067858991 0.069367317 0.070875643 0.072208558 0.073415373 0.072988907 0.072334183 0.071679459 0.071024735 0.068851119 0.066843492 0.066812579 0.066781665 0.066750752 0.066484659
-9999 0.099501785 0.10532628 0.11115077 0.11789318 0.12521657 0.13253997 0.14159308 0.15264251 0.16369194 0.17402551 0.18280996 0.1915944 0.19114877 0.17221934 0.15328992 0.13664648 0.12738332 0.11812017 0.10803233 0.096041947 0.08405156 0.076393315 0.076166142 0.07593897 0.075609122 0.075004079 0.074399036 0.073421339 0.071172999 0.068924659 0.067186123 0.066430324 0.065674526 0.064101144 0.061553823 0.059006503 0.058654064 0.061441714 0.064229363 0.06648216 0.067990486 0.069498812 0.070831727 0.072038542 0.073245357 0.073260709 0.072605985 0.071951261 0.069777646 0.067341525 0.064905403 0.064784342 0.064753429 0.064487336
-9999 0.088988841 0.094813336 0.10204164 0.10936504 0.11668843 0.12401182 0.13306493 0.14411436 0.15516379 0.16621322 0.17726265 0.18606548 0.18561984 0.16669042 0.147761 0.12883157 0.10990215 0.10000128 0.089913451 0.077923064 0.073822766 0.073595593 0.073368421 0.073141249 0.072811401 0.072206358 0.071601314 0.070996271 0.070391228 0.0682316 0.066493064 0.065737265 0.063660902 0.061113582 0.058566262 0.056018941 0.055666502 0.058454152 0.061241801 0.064029451 0.066613655 0.068121981 0.069454896 0.07066171 0.071868525 0.07307534 0.073532511 0.072877787 0.070704172 0.068268051 0.06583193 0.063395809 0.062756105 0.062490012
-9999 0.078866713 0.086190105 0.093513497 0.10083689 0.10816028 0.11548367 0.12453678 0.13558621 0.14663565 0.15768508 0.16873451 0.17978394 0.18009092 0.1611615 0.14223207 0.12330265 0.10437323 0.085443803 0.071794567 0.071252217 0.071025045 0.070797872 0.0705707 0.070343528 0.07001368 0.069408637 0.068803593 0.06819855 0.067593506 0.066988463 0.065767981 0.063220661 0.06067334 0.05812602 0.0555787 0.053031379 0.05267894 0.05546659 0.058254239 0.061041889 0.063829539 0.066617188 0.068078064 0.069284879 0.070491694 0.071698509 0.072905323 0.073804314 0.071630699 0.069194577 0.066758456 0.064322335 0.061886214 0.060492689
-9999 0.07948983 0.086813222 0.094136614 0.10146001 0.1087834 0.11215845 0.11654929 0.12759872 0.13864815 0.14969758 0.16074702 0.16853005 0.16915624 0.16236671 0.14343729 0.12450786 0.10557844 0.086649015 0.073374872 0.0731477 0.072920528 0.072693355 0.072466183 0.071485385 0.069154937 0.06915409 0.068549046 0.067944003 0.06733896 0.066733916 0.065465455 0.062918134 0.060370814 0.057823494 0.055276173 0.053832456 0.055242851 0.058030501 0.060818151 0.0636058 0.06639345 0.067959559 0.067706358 0.068239219 0.069446034 0.070652849 0.071859663 0.073066478 0.071167178 0.068731057 0.066294936 0.063858815 0.061024465 0.05655837
-9999 0.08320803 0.090531422 0.097854814 0.10517821 0.10573234 0.10435382 0.10874466 0.11979409 0.13084352 0.14189295 0.14639322 0.14731605 0.14794224 0.14797441 0.14692007 0.12799065 0.10906123 0.090131804 0.076857661 0.076630489 0.076403317 0.076176144 0.074264984 0.070961865 0.068631417 0.06890797 0.069154636 0.068549593 0.067944549 0.067339506 0.066071044 0.063523724 0.060976404 0.058429083 0.05782624 0.058273952 0.059684347 0.062471997 0.065259646 0.068047296 0.069007915 0.0694582 0.069204998 0.06844607 0.06851238 0.069719195 0.07092601 0.072132824 0.070233524 0.067797403 0.065361282 0.061878458 0.056435028 0.051968932
-9999 0.086926231 0.094249623 0.10068477 0.099306238 0.097927709 0.096549181 0.10094002 0.11198945 0.12303888 0.1242564 0.12517922 0.12610205 0.12672824 0.12676041 0.12679258 0.12682474 0.11254402 0.093614594 0.080340451 0.080113278 0.079886106 0.077044583 0.073741464 0.070438346 0.068107897 0.06838445 0.068661003 0.068937556 0.068550139 0.067945096 0.066676634 0.064129314 0.061581994 0.061820024 0.062267736 0.062715448 0.064125843 0.066913492 0.069605985 0.07005627 0.070506555 0.07095684 0.070703639 0.06994471 0.069185782 0.068785541 0.069992356 0.071199171 0.069299871 0.06686375 0.06273245 0.05728902 0.05184559 0.047379495
-9999 0.090644431 0.094258659 0.092880131 0.091501602 0.090123074 0.088744545 0.093135385 0.10119675 0.10211957 0.1030424 0.10396522 0.10488804 0.10551424 0.10554641 0.10557858 0.10561074 0.10564291 0.097097383 0.08382324 0.0831273 0.079824182 0.076521063 0.073217944 0.069914826 0.067584378 0.06786093 0.068137483 0.068414036 0.068690588 0.068550686 0.067282224 0.065366096 0.065813808 0.06626152 0.066709232 0.067156944 0.068567339 0.070654341 0.071104626 0.07155491 0.072005195 0.07245548 0.072202279 0.071443351 0.070684423 0.069925494 0.069166566 0.070265517 0.068366217 0.063586443 0.058143013 0.052699583 0.047256153 0.042790057
-9999 0.089226239 0.08784771 0.086469182 0.085090653 0.083712125 0.082333597 0.081473616 0.08239644 0.083319265 0.08424209 0.085164914 0.086087739 0.087051288 0.087083457 0.087115626 0.087147795 0.087179964 0.087212133 0.086235761 0.082932642 0.079629523 0.076326405 0.073023286 0.069720167 0.066833785 0.067110337 0.06738689 0.067663443 0.067939995 0.068216548 0.068551563 0.068999275 0.069446987 0.069894699 0.070342411 0.070790123 0.07122553 0.071675815 0.0721261 0.072576385 0.07302667 0.073476955 0.073087554 0.072328626 0.071569697 0.070810769 0.070051841 0.069292912 0.064566167 0.059122737 0.053679306 0.048235876 0.042792446 0.039182466
-9999 0.093326556 0.091948028 0.090569499 0.089190971 0.087812442 0.083440699 0.081213424 0.081800353 0.082723178 0.083646003 0.084568827 0.085491652 0.08687074 0.089163522 0.08940126 0.089433429 0.089465598 0.089497767 0.088521395 0.085218276 0.081915158 0.078612039 0.07530892 0.069679773 0.064808862 0.064697061 0.064923698 0.065200251 0.065476803 0.065753356 0.066088371 0.066536083 0.066983795 0.067431507 0.067879219 0.071028077 0.072004745 0.069098479 0.069548764 0.069999049 0.070449334 0.070899619 0.070087507 0.068587863 0.067828935 0.067070006 0.066311078 0.06555215 0.060960506 0.055607303 0.050163873 0.044720443 0.039277013 0.035618226
-9999 0.097426874 0.096048345 0.094669817 0.092608779 0.087948008 0.083287238 0.081059963 0.081641255 0.082222546 0.083049916 0.08397274 0.084895565 0.086274653 0.088567435 0.090860218 0.091719063 0.091751232 0.091783401 0.090807029 0.08750391 0.084200792 0.080897673 0.074349917 0.067703385 0.062832475 0.062720673 0.062608872 0.062737059 0.063013611 0.063290164 0.063625179 0.064072891 0.064520603 0.065185199 0.068960818 0.072736437 0.073713104 0.070685474 0.067657844 0.067421713 0.067871997 0.068322282 0.067510171 0.065790538 0.064088172 0.063329244 0.062570315 0.061811387 0.057219743 0.051965702 0.04664844 0.04120501 0.03576158 0.032102792
-9999 0.10152719 0.10014866 0.097116088 0.092455318 0.087794548 0.083133777 0.080906503 0.081487794 0.082069086 0.082650377 0.083376653 0.084299478 0.085678566 0.087971348 0.090264131 0.092556913 0.094036866 0.094069035 0.093092663 0.089789544 0.085666592 0.07902006 0.072373529 0.065726998 0.060856087 0.060744286 0.060632484 0.060520683 0.06055042 0.060826972 0.061161987 0.061609699 0.06311794 0.066893559 0.070669178 0.074444797 0.075421464 0.072393834 0.069366204 0.066338574 0.065294661 0.065744946 0.064932834 0.063213202 0.06149357 0.059773937 0.058829552 0.058070624 0.053478981 0.04822494 0.042970899 0.037689576 0.032246146 0.028587359
-9999 0.10562751 0.1016234 0.096962627 0.092301857 0.087641087 0.082980317 0.080753042 0.081334333 0.081915625 0.082496916 0.083078208 0.083703391 0.085082479 0.087375262 0.089668044 0.091960826 0.094253608 0.096354669 0.095378297 0.090336735 0.083690204 0.077043673 0.070397141 0.06375061 0.058879699 0.058767898 0.058656096 0.058544295 0.058432493 0.05836378 0.058698795 0.06105068 0.0648263 0.068601919 0.072377538 0.076153157 0.077129824 0.074102194 0.071074564 0.068046934 0.065019304 0.06316761 0.062355498 0.060635866 0.058916233 0.057196601 0.055476968 0.054329861 0.049738218 0.044484177 0.039230136 0.033976095 0.028722054 0.025071925
