mean_models/J1_mean_vp_slide_diff2_25.dat.tif
NCOLS 118
NROWS 92
XLLCORNER 139.62
YLLCORNER -39.07
DX 0.099491525
DY 0.099347826
NODATA_VALUE -9999
[rows 25 to 49 of 92, columns 57 to 113 of 118]
0.18355647 0.17811481 0.17267316 0.1698755 0.16425384 0.15551279 0.14677175 0.13803071 0.12928967 0.12098312 0.12229045 0.12373217 0.1251739 0.12661562 0.12777777 0.12858218 0.12938658 0.13019099 0.1309954 0.1366784 0.1300143 0.13340227 0.13679024 0.1401782 0.14356617 0.16155849 0.18629828 0.21103807 0.23577786 0.25515694 0.26199295 0.27004367 0.28019613 0.29034858 0.30050103 0.3104683 0.31440914 0.31834998 0.32229082 0.32623166 0.32716249 0.34925706 0.35030183 0.35078762 0.3512734 0.35175919 0.35254487 0.3532659 0.3539303 0.35459471 0.35525911 0.35854487 0.35817649 0.35621312 0.35424976 0.35228639 -9999
0.18976317 0.18432152 0.17887986 0.1760822 0.17508125 0.17092841 0.16218737 0.15344632 0.14470528 0.13639873 0.12810711 0.12777415 0.12921587 0.1306576 0.13181975 0.13262415 0.13342856 0.13485806 0.14082386 0.14664193 0.13926586 0.13188978 0.13463312 0.13802109 0.14140906 0.15940138 0.18414117 0.20888095 0.22602163 0.23300068 0.23983669 0.24641496 0.25401523 0.26416768 0.27432013 0.2842874 0.28822824 0.29216908 0.29610992 0.29673147 0.29697005 0.31906462 0.34348692 0.34703988 0.34752567 0.34801145 0.34879714 0.34972579 0.35046328 0.35112768 0.35179209 0.35507785 0.35976509 0.35981099 0.35784763 0.35588426 -9999
0.19714992 0.19052822 0.18508657 0.1822889 0.18128795 0.18028699 0.17760298 0.16886194 0.16012089 0.15181434 0.14352272 0.13523109 0.13325785 0.13469957 0.13586172 0.13666613 0.13885578 0.14482159 0.15078739 0.15660546 0.14922939 0.14185331 0.13447723 0.13586397 0.13925194 0.15724426 0.18198405 0.19688633 0.20386538 0.21084443 0.21768044 0.2242587 0.23083697 0.23798678 0.24813923 0.2581065 0.26204734 0.26598818 0.26630045 0.26653903 0.26677762 0.28887218 0.31329448 0.33771678 0.34377793 0.34426371 0.3450494 0.34597805 0.34690671 0.34766065 0.34832506 0.35161082 0.35629806 0.36098531 0.3614455 0.35948213 -9999
0.21247739 0.19936973 0.19129327 0.18849561 0.18749465 0.1864937 0.18549274 0.18427755 0.17553651 0.16722995 0.15893833 0.15064671 0.14235508 0.13874155 0.1399037 0.1428535 0.14881931 0.15478512 0.16075092 0.16656899 0.15919292 0.15181684 0.14444076 0.13706469 0.13709482 0.15508715 0.16775102 0.17473007 0.18170912 0.18868817 0.19552418 0.20210245 0.20868071 0.21525898 0.22195833 0.2319256 0.23563084 0.23586942 0.23610801 0.23634659 0.23658518 0.25867974 0.28310204 0.30752434 0.33194664 0.34051598 0.34130166 0.34223031 0.34315897 0.34408762 0.34485803 0.34814379 0.35283104 0.35751828 0.36220553 0.36308 -9999
0.22478547 0.21167782 0.19857016 0.19161493 0.19061397 0.18961301 0.18861206 0.1876111 0.18661015 0.18083737 0.17254575 0.16425413 0.1559625 0.14767088 0.14563358 0.15159939 0.15756519 0.163531 0.16949681 0.17361816 0.16883321 0.16145713 0.15408106 0.14670498 0.1393289 0.14177154 0.14875059 0.15572963 0.16270868 0.16968773 0.17238628 0.17896455 0.18554281 0.19212108 0.19869935 0.20508861 0.2053272 0.20556578 0.20580437 0.20604295 0.20674455 0.23114144 0.25556374 0.27998604 0.30440834 0.32883064 0.33919718 0.34012583 0.34105448 0.34198314 0.34291179 0.34695264 0.35163989 0.35632713 0.36101438 0.36570162 -9999
0.21223699 0.19912934 0.18602169 0.17524386 0.16831694 0.16731598 0.16631502 0.16531407 0.16431311 0.17365367 0.17126754 0.16297592 0.1546843 0.14639267 0.14435537 0.15032118 0.15628699 0.16225279 0.16377137 0.15428655 0.17027653 0.16843642 0.16106035 0.15368427 0.14630819 0.14875083 0.15572988 0.16270893 0.16968797 0.1669064 0.15701715 0.14774544 0.15432371 0.16090198 0.16748024 0.17386951 0.17410809 0.17434668 0.17458526 0.17711901 0.19928923 0.22493998 0.24987512 0.27429742 0.29871972 0.32314202 0.34256329 0.35154914 0.35247779 0.35340645 0.3543351 0.36146777 0.3691845 0.37387175 0.37855899 0.38324624 -9999
0.19968852 0.18658086 0.17347321 0.16269538 0.15350077 0.14501895 0.14401799 0.14301703 0.14201608 0.15135663 0.16105253 0.16169772 0.15340609 0.14511447 0.14307717 0.14904298 0.15500878 0.15420983 0.14443976 0.13495494 0.15094492 0.1669349 0.16803964 0.16066356 0.15328748 0.15573012 0.16270917 0.16968822 0.164873 0.15571603 0.14582678 0.13461802 0.12340927 0.12968287 0.13626114 0.14265041 0.14288899 0.14312758 0.14749347 0.16966369 0.19183392 0.21748466 0.2435061 0.26860881 0.29303111 0.31745341 0.33687468 0.3539118 0.3639011 0.36482975 0.36575841 0.37289108 0.38334068 0.39141636 0.39610361 0.40079085 -9999
0.18572296 0.17403239 0.16092473 0.15014691 0.14095229 0.13175767 0.12256306 0.12072 0.11971904 0.1290596 0.1387555 0.1484514 0.15212789 0.14383626 0.14179896 0.14776477 0.14464829 0.13487822 0.12510815 0.11562333 0.13161331 0.14760329 0.16359327 0.16764285 0.16026677 0.16270941 0.16968846 0.16283961 0.15368263 0.14452566 0.13463641 0.12342765 0.1122189 0.10101015 0.10504204 0.1114313 0.11166989 0.11786793 0.14003816 0.16220838 0.1843786 0.21002935 0.23605078 0.26207222 0.28734249 0.31176479 0.33118606 0.34822319 0.36526032 0.37625306 0.37718172 0.38431439 0.39476399 0.40521358 0.41364822 0.41833546 -9999
0.16961867 0.15949967 0.14837626 0.13759843 0.12840381 0.1192092 0.11001458 0.10081997 0.097422009 0.10676256 0.11645846 0.12615437 0.13585027 0.14255806 0.14052076 0.13508675 0.12531668 0.11554661 0.10577655 0.096291727 0.1122817 0.12827168 0.14426166 0.16025164 0.16724607 0.1696887 0.16080621 0.15164924 0.14249226 0.13333529 0.12344604 0.11223728 0.10102853 0.089819777 0.078611025 0.0802122 0.088242394 0.11041262 0.13258284 0.15475306 0.17692329 0.20257403 0.22859547 0.2546169 0.28063834 0.30607618 0.32549745 0.34253457 0.3595717 0.37660883 0.38860503 0.3957377 0.4061873 0.41663689 0.42708649 0.43588008 -9999
0.15909431 0.14897531 0.13885631 0.12736606 0.11817144 0.10897683 0.099782213 0.090587597 0.081392981 0.079869061 0.089564963 0.099260864 0.10895677 0.11865267 0.11980941 0.11003934 0.10026927 0.090499205 0.080729137 0.072749043 0.095175816 0.11116579 0.12715577 0.14314575 0.15913573 0.15792553 0.14876856 0.13961158 0.13045461 0.12129763 0.11814028 0.10758232 0.096373564 0.085164811 0.073956058 0.06374242 0.085912643 0.10808287 0.13025309 0.15242331 0.17087114 0.19701488 0.22303632 0.24905775 0.27507918 0.30110062 0.3237259 0.34076303 0.35780016 0.37483729 0.39187442 0.40270192 0.41315151 0.42360111 0.4340507 0.4445003 -9999
0.15777277 0.14765377 0.13753477 0.12547268 0.11209018 0.10256436 0.093369743 0.084175127 0.074980511 0.061325789 0.055090619 0.06478652 0.074482422 0.084178323 0.085335064 0.075564997 0.065794929 0.056024861 0.048144658 0.041814938 0.073014729 0.097730728 0.11372071 0.12971068 0.14570066 0.14449047 0.13533349 0.12617652 0.11701954 0.11595079 0.11458708 0.11178931 0.10249728 0.091288524 0.080079772 0.069866133 0.092036356 0.11420658 0.1363768 0.15358519 0.16418201 0.19212727 0.22060445 0.24662589 0.27264732 0.29866876 0.32304884 0.34545182 0.36248894 0.37952607 0.3965632 0.40625866 0.41276147 0.42321106 0.43366066 0.44411025 -9999
0.15645123 0.14633223 0.13621323 0.12415114 0.11076864 0.097386143 0.086957272 0.077762656 0.068568041 0.054913319 0.041105342 0.030312177 0.040008078 0.04970398 0.050860721 0.041090653 0.031320585 0.0239605 0.017210552 0.010880832 0.042080624 0.073280415 0.10028564 0.11627562 0.13226559 0.1310554 0.12189843 0.1135333 0.11296545 0.1123976 0.11103389 0.10823611 0.10543833 0.097412238 0.086203485 0.075989847 0.09816007 0.12033029 0.13629923 0.14689605 0.15749288 0.18543814 0.21523107 0.24419403 0.27021546 0.2962369 0.32061698 0.34421457 0.36717773 0.38421486 0.40125199 0.41094745 0.41671776 0.42282101 0.43327061 0.4437202 -9999
0.14669586 0.14501068 0.13489169 0.1228296 0.1094471 0.096064601 0.082682103 0.071350186 0.06215557 0.048500848 0.034692872 0.020884895 0.0070769187 0.015229636 0.016386377 0.0066163095 -0.00022365845 -0.0069736057 -0.013723553 -0.020053273 0.011146518 0.04234631 0.073546101 0.10284055 0.11883053 0.11762033 0.11054796 0.10998011 0.10941225 0.1088444 0.10748069 0.10468291 0.10188514 0.099087359 0.092327199 0.08211356 0.10428378 0.11901328 0.1296101 0.14020692 0.15080374 0.17874901 0.20854194 0.23833486 0.2677836 0.29380503 0.31818511 0.34178271 0.36538031 0.38890364 0.40594077 0.41563623 0.42140654 0.42717685 0.43294716 0.44333016 -9999
0.13374674 0.13319278 0.13263883 0.12150806 0.10812556 0.094743059 0.081360561 0.067978062 0.0557431 0.042088378 0.028280402 0.014472425 0.00066444851 -0.013143528 -0.017657869 -0.024407817 -0.031157764 -0.037907711 -0.044657658 -0.050987379 -0.019787587 0.011412204 0.042611996 0.073811787 0.10501158 0.10756261 0.10699476 0.10642691 0.10585906 0.1052912 0.10392749 0.10112972 0.098331939 0.095534163 0.092736386 0.088237274 0.10172732 0.11232414 0.12292097 0.13351779 0.14411461 0.17205988 0.2018528 0.23164573 0.26143866 0.29123159 0.31575325 0.33935085 0.36294845 0.38654605 0.41014365 0.42032502 0.42609533 0.43186564 0.43763595 0.44340626 -9999
0.11272782 0.11217387 0.12030646 0.11895893 0.10550725 0.092124753 0.078742255 0.065359756 0.051977258 0.038183415 0.024375439 0.010567462 -0.0032405144 -0.013900216 -0.019270585 -0.026020532 -0.032770479 -0.039520426 -0.046270374 -0.044131161 -0.027388979 0.0038108122 0.035010604 0.066210395 0.097410187 0.10688134 0.10631349 0.10574564 0.10517778 0.10547129 0.10362013 0.096532976 0.093735199 0.090937422 0.088139645 0.085741196 0.096338019 0.10693484 0.11753166 0.12812849 0.1474954 0.17659538 0.20638831 0.23618123 0.26597416 0.29179234 0.3149256 0.3385232 0.3621208 0.3857184 0.4106692 0.42366911 0.42943942 0.43520973 0.44098004 0.44428935 -9999
0.088979587 0.10083014 0.11751824 0.11617071 0.1025672 0.089067864 0.075685365 0.062302867 0.048920368 0.035126526 0.021318549 0.0075105728 -0.0013037884 -0.0055960337 -0.010966402 -0.017716349 -0.024466297 -0.030630666 -0.027497052 -0.024241295 -0.010077268 0.0041008646 0.035300656 0.066500448 0.097700239 0.1071714 0.10660354 0.10603569 0.10692764 0.11033588 0.10848471 0.097156572 0.088785517 0.08598774 0.083189964 0.080791515 0.091388338 0.10198516 0.11258198 0.13323368 0.15582723 0.1849272 0.21472013 0.24451306 0.26934801 0.29150726 0.31464052 0.33823811 0.36183571 0.38703625 0.4135585 0.4265584 0.43232871 0.43809902 0.44092762 0.4410681 -9999
0.081353816 0.09804192 0.11473002 0.11338249 0.099778979 0.086175467 0.072628476 0.059245977 0.045863479 0.032069637 0.01826166 0.011292639 0.007000394 0.0027081487 -0.0026622197 -0.009412167 -0.013874414 -0.0107408 -0.0076071851 -0.004351428 0.0098125986 0.023976625 0.038140652 0.0667905 0.097990292 0.10746145 0.10689359 0.10838399 0.11179223 0.11520047 0.1133493 0.10202116 0.090693017 0.081038059 0.078240282 0.075841833 0.086438656 0.097035479 0.11897196 0.14156551 0.16415906 0.19325903 0.22305196 0.24690367 0.26906292 0.29122217 0.31435543 0.33795303 0.36340329 0.38992554 0.41644779 0.4294477 0.435218 0.43756589 0.43770637 0.43784686 -9999
0.078565597 0.095253702 0.11194181 0.11059427 0.09699076 0.083387248 0.069783737 0.056189088 0.042806589 0.029012747 0.023889067 0.019596822 0.015304576 0.011012331 0.0056419627 0.0028818379 0.0060154525 0.0091490671 0.012282682 0.015538439 0.029702465 0.043866492 0.058030518 0.072194545 0.098280344 0.1077515 0.10984033 0.11324857 0.11665682 0.12006506 0.11821389 0.10688575 0.095557605 0.084229463 0.073290601 0.070892152 0.082116685 0.10471023 0.12730378 0.14989733 0.17249088 0.20159086 0.22445934 0.24661859 0.26877784 0.29093709 0.31407035 0.33977033 0.36629258 0.39281483 0.41933708 0.43233699 0.43420416 0.43434465 0.43448513 0.43462561 -9999
0.073381649 0.090069754 0.10675786 0.1088291 0.095225591 0.081622079 0.068018567 0.054415056 0.040811544 0.035984177 0.031691931 0.027399686 0.023107441 0.018815196 0.017780461 0.020914076 0.02404769 0.027181305 0.030314919 0.033968282 0.046582275 0.060746302 0.074910329 0.089074355 0.10323838 0.1100456 0.11345384 0.11686208 0.12027032 0.12367857 0.12345286 0.11212472 0.10079658 0.089468435 0.078140293 0.067823444 0.090416994 0.11301054 0.13560409 0.15819764 0.18090351 0.204342 0.22650125 0.2486605 0.27081975 0.292979 0.31616992 0.34269217 0.36921442 0.39573667 0.42225892 0.43041853 0.43055901 0.43069949 0.43083997 0.43098045 -9999
0.050128974 0.066817078 0.083505182 0.096772016 0.10117631 0.087572803 0.073969291 0.060365779 0.046762267 0.040564883 0.035713827 0.031421582 0.027129337 0.022837091 0.021802357 0.024935972 0.028069586 0.031203201 0.035512931 0.042600763 0.043927942 0.054924097 0.069088123 0.08325215 0.097416176 0.10422339 0.10763163 0.11103988 0.11444812 0.11781885 0.12035107 0.12018733 0.10885918 0.09753104 0.086202897 0.075886049 0.098479599 0.12107315 0.1436667 0.16667924 0.19294383 0.22167593 0.24609348 0.26825273 0.29041198 0.31257123 0.3272147 0.34585946 0.37238171 0.39890396 0.42542622 0.42861765 0.42371669 0.42385717 0.42399765 0.42413814 -9999
0.026876298 0.043564402 0.060252507 0.07351934 0.084461276 0.093523526 0.079920014 0.066316502 0.052712991 0.046515607 0.040572707 0.035443478 0.031151233 0.026858987 0.025824253 0.028957868 0.032091482 0.036993076 0.044145411 0.051233243 0.052560423 0.053887602 0.063265918 0.077429944 0.091593971 0.098401187 0.10180943 0.10521767 0.10858072 0.11192795 0.11446016 0.11552378 0.11658741 0.10559364 0.094265502 0.083948653 0.1065422 0.12913575 0.15245497 0.17871956 0.20498416 0.23371625 0.26271114 0.28784497 0.31000422 0.33216347 0.34680694 0.35786741 0.37554901 0.40207126 0.42859351 0.43178495 0.42250279 0.41701485 0.41715534 0.41729582 -9999
0.013225424 0.020311727 0.036999831 0.050266665 0.0612086 0.072150536 0.083092472 0.072267226 0.058663714 0.05246633 0.04652343 0.04058053 0.035173129 0.030880883 0.029846149 0.032979763 0.038473221 0.045625557 0.052777892 0.059865724 0.061192903 0.062520083 0.063847262 0.071607739 0.085771766 0.092578982 0.095987224 0.099342582 0.10268981 0.10603705 0.10856926 0.10963288 0.1106965 0.11176012 0.10232811 0.092011258 0.11460481 0.1382307 0.16449529 0.19075989 0.21702448 0.24575657 0.27475147 0.30374636 0.32959646 0.35175571 0.36639917 0.37745965 0.38852012 0.40523855 0.4317608 0.43495224 0.42567008 0.41638792 0.41031302 0.4104535 -9999
0.013548199 0.010421145 0.013747155 0.027013989 0.037955925 0.048897861 0.059839796 0.070781732 0.064614437 0.058417053 0.052474153 0.046531253 0.040588353 0.034902779 0.033868045 0.039953367 0.047105702 0.054258037 0.061410373 0.068498204 0.069825384 0.071152563 0.072479743 0.073806922 0.07994956 0.086756776 0.090104446 0.093451679 0.096798911 0.10014614 0.10267836 0.10374198 0.1048056 0.10586922 0.10693284 0.10007386 0.12400643 0.15027102 0.17653562 0.20280021 0.2290648 0.2577969 0.28679179 0.31578668 0.34478157 0.37134794 0.38599141 0.39705188 0.40811236 0.41917283 0.4349281 0.43811953 0.42883737 0.41955521 0.41027305 0.40361118 -9999
0.022868805 0.019741751 0.015307433 0.0098372562 0.020779192 0.031721128 0.042663064 0.053605 0.064546935 0.059164945 0.053222045 0.047279145 0.041336245 0.035393345 0.040240972 0.047393307 0.054545642 0.061697977 0.068850312 0.07188109 0.077636315 0.078963494 0.080290674 0.081617853 0.082945032 0.085653901 0.089001134 0.092348366 0.095695599 0.099042832 0.10378581 0.10585404 0.10691766 0.10798128 0.1090449 0.11085982 0.13712442 0.16338901 0.1896536 0.21591819 0.24316888 0.27217946 0.30117435 0.33016924 0.35916413 0.38684926 0.40025677 0.41131725 0.42237772 0.43343819 0.44324959 0.43562353 0.42634137 0.41705921 0.40777705 0.39839125 -9999
0.046489082 0.037843827 0.017362608 0.011002607 0.014238568 0.024200497 0.035142433 0.046084369 0.057026305 0.051644315 0.045701415 0.039758515 0.035212507 0.039974895 0.045785684 0.052938019 0.060090355 0.06724269 0.068342081 0.066634641 0.077954149 0.08546879 0.086795969 0.088123149 0.089450328 0.092159196 0.095506429 0.098853662 0.10220089 0.10234568 0.10647593 0.11786245 0.1217483 0.12281192 0.12387554 0.12569047 0.15195506 0.17821965 0.20448424 0.23211596 0.26127381 0.29028438 0.31927927 0.34827417 0.37431822 0.39264896 0.40605648 0.41711695 0.42817742 0.43628174 0.43175328 0.42412722 0.41484506 0.4055629 0.39596914 0.38478788 -9999
