mean_models/J1_mean_tot_conduct_slide_12.54.dat.tif
NCOLS 118
NROWS 92
XLLCORNER 139.62
YLLCORNER -39.07
DX 0.099491525
DY 0.099347826
NODATA_VALUE -9999
[rows 26 to 51 of 92, columns 0 to 56 of 118]
-2.0634446 -2.1116003 -2.1712953 -2.2293267 -2.286179 -2.365406 -2.4151518 -2.4719104 -2.5335004 -2.590853 -2.6704462 -2.7466242 -2.8162682 -2.827081 -2.8519539 -2.8375929 -2.7878471 -2.718007 -2.6185155 -2.5205282 -2.4260112 -2.3460282 -2.301257 -2.2762334 -2.2961317 -2.3254918 -2.3802122 -2.4362334 -2.4721236 -2.5100378 -2.5118261 -2.5182906 -2.4884431 -2.4580752 -2.4266568 -2.4137261 -2.3938278 -2.3628972 -2.3419516 -2.29424 -2.2471124 -2.1731089 -2.0984902 -2.0185752 -1.9452657 -1.8985951 -1.8671767 -1.881736 -1.9026816 -1.9669177 -2.0297545 -2.1229429 -2.208716 -2.3314439 -2.4578793 -2.6104177 -2.7766918
-2.0769092 -2.1277415 -2.1973855 -2.2631001 -2.3578539 -2.4524954 -2.5470123 -2.6116823 -2.6780099 -2.7348553 -2.7796264 -2.845972 -2.8481377 -2.8315699 -2.7818241 -2.7439538 -2.6444623 -2.5589287 -2.4445134 -2.3417021 -2.2471852 -2.1672021 -2.1269966 -2.1040305 -2.1239288 -2.1532889 -2.2080093 -2.2640305 -2.3237254 -2.3709508 -2.4180784 -2.4408436 -2.4657165 -2.451452 -2.4609067 -2.4606714 -2.4457477 -2.4114039 -2.3538035 -2.2908495 -2.1965944 -2.1101104 -2.0006697 -1.9130998 -1.8194251 -1.7707498 -1.7347129 -1.7591821 -1.7967106 -1.8756981 -1.9568994 -2.0740493 -2.1822233 -2.3259333 -2.4645025 -2.6268308 -2.7969554
-2.1103997 -2.1597064 -2.2323534 -2.3166911 -2.4173652 -2.5265569 -2.6273833 -2.7088141 -2.7751417 -2.8197816 -2.842914 -2.8723166 -2.8585704 -2.7839644 -2.7033468 -2.6327239 -2.5246602 -2.4251687 -2.3194781 -2.2201052 -2.1433428 -2.0648131 -2.0285816 -2.015696 -2.026412 -2.0503654 -2.0926393 -2.1473596 -2.203892 -2.2656922 -2.3254099 -2.3819275 -2.434442 -2.4545435 -2.479364 -2.5240964 -2.5257336 -2.5040238 -2.4579684 -2.3793511 -2.2832597 -2.1770699 -2.0661109 -1.9594119 -1.8623229 -1.8067788 -1.770124 -1.7933488 -1.83524 -1.9262407 -2.0152594 -2.1428301 -2.2640403 -2.4077503 -2.553285 -2.7090328 -2.8730069
-2.1433628 -2.19008 -2.2696733 -2.3664554 -2.4754223 -2.5819237 -2.6913644 -2.7781007 -2.8444284 -2.8857055 -2.8906801 -2.8734555 -2.8137606 -2.7351193 -2.6306532 -2.526338 -2.4119228 -2.3088983 -2.2094068 -2.127843 -2.0631735 -2.0115845 -1.9916862 -1.9808183 -1.9857929 -1.9941697 -2.0289918 -2.0629642 -2.1176846 -2.1737425 -2.2418156 -2.3141422 -2.3887608 -2.4594756 -2.5223123 -2.5791507 -2.599049 -2.6032153 -2.571797 -2.5116065 -2.412115 -2.3064789 -2.1920637 -2.0853019 -1.980574 -1.9215954 -1.8849406 -1.9074928 -1.949384 -2.0390425 -2.138534 -2.2656332 -2.3962338 -2.5379881 -2.6794875 -2.831343 -2.9827556
-2.174409 -2.2188369 -2.2945102 -2.3912923 -2.4914755 -2.590967 -2.6913644 -2.7719935 -2.8195915 -2.8554389 -2.8355406 -2.8175723 -2.7436214 -2.6524308 -2.5380155 -2.4378663 -2.3483239 -2.2556312 -2.2058855 -2.1369915 -2.1270424 -2.0798862 -2.0765367 -2.0787062 -2.0737316 -2.0763451 -2.0763451 -2.1007742 -2.1107234 -2.1593943 -2.2117583 -2.2861758 -2.3757182 -2.4470571 -2.5368666 -2.6258708 -2.6983968 -2.7144173 -2.7208187 -2.6762647 -2.6108106 -2.514264 -2.4155963 -2.315956 -2.2227343 -2.1637557 -2.1271009 -2.1463337 -2.1853351 -2.2674091 -2.3620666 -2.4763708 -2.6011387 -2.7227395 -2.8565524 -2.9769895 -3.1177817
-2.2111628 -2.2456602 -2.3189379 -2.4081116 -2.5019528 -2.5674938 -2.6604268 -2.726928 -2.7699139 -2.7917511 -2.7703142 -2.7299243 -2.6503311 -2.5723782 -2.4678049 -2.3758727 -2.3015508 -2.2431102 -2.2142686 -2.1946076 -2.2061728 -2.2005838 -2.2055584 -2.228913 -2.225833 -2.2113966 -2.1958333 -2.1867274 -2.1787103 -2.188791 -2.2253045 -2.2835707 -2.3667213 -2.4595603 -2.5598575 -2.6684347 -2.7490515 -2.8145143 -2.8341293 -2.8314665 -2.779226 -2.7203857 -2.628334 -2.5492013 -2.4611854 -2.4106556 -2.3740008 -2.3866395 -2.4232942 -2.4980024 -2.5870212 -2.6875393 -2.8020345 -2.9080678 -3.0200234 -3.1234682 -3.2340302
-2.2465022 -2.2920225 -2.3467429 -2.4091324 -2.4754601 -2.541001 -2.6056705 -2.6540729 -2.6824991 -2.6924033 -2.6675304 -2.6255812 -2.5509626 -2.4730304 -2.3884626 -2.316264 -2.2714928 -2.2431102 -2.2530593 -2.2740859 -2.3238316 -2.3677824 -2.4026045 -2.4276087 -2.4276087 -2.4167154 -2.3769188 -2.3390607 -2.3042387 -2.2815156 -2.2919884 -2.3233099 -2.3929539 -2.4777727 -2.5929734 -2.7015506 -2.8010421 -2.8807462 -2.9331101 -2.9506839 -2.9349747 -2.8925886 -2.8328936 -2.7677665 -2.6996934 -2.6559356 -2.6245173 -2.6369309 -2.6631129 -2.7341019 -2.8126478 -2.9061659 -3.0007302 -3.0946944 -3.1856031 -3.2641491 -3.3466244
-2.295658 -2.332771 -2.3779734 -2.4394861 -2.4693678 -2.486408 -2.513334 -2.5501817 -2.5589321 -2.5702759 -2.549779 -2.5078299 -2.4501115 -2.4069971 -2.3627289 -2.303856 -2.2953135 -2.281644 -2.332808 -2.3653207 -2.4474784 -2.4928639 -2.5430608 -2.5908998 -2.5956318 -2.5834665 -2.5388871 -2.4938871 -2.4348968 -2.4035616 -2.385122 -2.4056109 -2.4486428 -2.5333819 -2.6361587 -2.7326217 -2.8321132 -2.9165245 -2.9768488 -3.0055687 -3.0038891 -2.9739203 -2.9269838 -2.8715538 -2.812745 -2.7728253 -2.7440223 -2.7605075 -2.7888321 -2.8462674 -2.9198041 -2.9934125 -3.081952 -3.1482797 -3.2319797 -3.2906799 -3.3659341
-2.3279964 -2.3811949 -2.4209915 -2.4485896 -2.4674395 -2.4336186 -2.4470042 -2.4462026 -2.449437 -2.4507415 -2.4330678 -2.4046314 -2.3598602 -2.3441864 -2.3094492 -2.2873178 -2.2859195 -2.301161 -2.3568263 -2.420572 -2.5051398 -2.5838941 -2.6485636 -2.7084153 -2.7188771 -2.7157415 -2.6755636 -2.6307924 -2.5746949 -2.5234211 -2.5012913 -2.4959958 -2.5333898 -2.591231 -2.6854862 -2.7593644 -2.8564407 -2.9343889 -2.9961887 -3.0251271 -3.0303635 -3.0064407 -2.9666441 -2.9195361 -2.8671722 -2.8374041 -2.8112221 -2.8314518 -2.8628702 -2.9210772 -2.9839139 -3.0516258 -3.1237853 -3.1785311 -3.2382114 -3.290504 -3.3481044
-2.3730443 -2.4398799 -2.4697273 -2.4759961 -2.4475699 -2.4137491 -2.3739525 -2.3534779 -2.3345272 -2.3249009 -2.3199264 -2.3044761 -2.2945269 -2.2845777 -2.2746286 -2.2674482 -2.282372 -2.3077842 -2.3674791 -2.4338184 -2.5183862 -2.5982936 -2.6729122 -2.734908 -2.7647555 -2.7753502 -2.7504773 -2.7168938 -2.6721226 -2.6293921 -2.6032101 -2.5953436 -2.6202165 -2.6672763 -2.7405859 -2.8123499 -2.881994 -2.9476353 -2.9947629 -3.0182497 -3.0130133 -2.9861262 -2.941355 -2.8930434 -2.8406794 -2.8129497 -2.7972405 -2.8196974 -2.856247 -2.914454 -2.9772907 -3.0401275 -3.1039157 -3.1426069 -3.1852259 -3.2218807 -3.2686261
-2.4063708 -2.4854818 -2.5153292 -2.5110762 -2.4536769 -2.3689951 -2.2959008 -2.256984 -2.2252817 -2.2165468 -2.2224585 -2.2157763 -2.2161743 -2.2310981 -2.2398011 -2.2362757 -2.2474182 -2.2685622 -2.3090964 -2.3702956 -2.4393314 -2.5209924 -2.5937959 -2.6564272 -2.6982287 -2.7240211 -2.7314325 -2.711763 -2.6996829 -2.6661617 -2.6603369 -2.6532927 -2.6818537 -2.7227759 -2.7866507 -2.8379107 -2.8943957 -2.9440045 -2.9749676 -2.9800613 -2.9582642 -2.9207887 -2.8686906 -2.8134094 -2.7563637 -2.7321532 -2.7183121 -2.7505065 -2.7899518 -2.85786 -2.9225416 -2.9705657 -3.0305169 -3.0483936 -3.0795902 -3.0909599 -3.1325523
-2.4207665 -2.5194741 -2.5493215 -2.5173445 -2.4415415 -2.3296133 -2.2350964 -2.161753 -2.1238515 -2.1079735 -2.1179226 -2.1295794 -2.1445031 -2.1763175 -2.1913796 -2.2014855 -2.2112407 -2.2180797 -2.251867 -2.2836806 -2.3467608 -2.4128837 -2.4825278 -2.544258 -2.5899303 -2.6347015 -2.6517324 -2.6705587 -2.6683985 -2.6712529 -2.6731884 -2.6867816 -2.7166366 -2.7539448 -2.8063087 -2.8575688 -2.9073145 -2.9401028 -2.9610484 -2.9462841 -2.9096293 -2.8508204 -2.7911255 -2.7244941 -2.6616573 -2.6340124 -2.6235396 -2.6620872 -2.7092147 -2.7820719 -2.8553815 -2.9057061 -2.9509009 -2.9598864 -2.9668883 -2.9689457 -2.9807655
-2.4386924 -2.5368257 -2.556724 -2.5140814 -2.3956391 -2.2720269 -2.1426879 -2.0609158 -2.0088012 -1.9889228 -2.0137957 -2.0304676 -2.0802133 -2.123332 -2.1531794 -2.1683696 -2.1683696 -2.1717174 -2.1717174 -2.190956 -2.2158289 -2.2671735 -2.3225555 -2.3786783 -2.4383732 -2.4889913 -2.5337625 -2.5645877 -2.5944352 -2.6116442 -2.6378261 -2.6602889 -2.7000855 -2.7407596 -2.7983599 -2.850551 -2.8953222 -2.9255022 -2.9307385 -2.9094713 -2.8518709 -2.7850017 -2.7004339 -2.627739 -2.549193 -2.5214182 -2.5109454 -2.5563602 -2.6164901 -2.694871 -2.7759032 -2.8294625 -2.8780458 -2.8669912 -2.8609173 -2.8347353 -2.8350553
-2.416403 -2.5160802 -2.5292661 -2.4682105 -2.339018 -2.1935156 -2.0550575 -1.961568 -1.9094534 -1.8915871 -1.9279859 -1.9613969 -2.0190756 -2.0887281 -2.1305082 -2.1491142 -2.1460802 -2.1383047 -2.1228804 -2.1213762 -2.1274348 -2.161028 -2.2114767 -2.254714 -2.3176463 -2.3759896 -2.4273373 -2.4708076 -2.5073332 -2.5388912 -2.5717215 -2.604253 -2.6469904 -2.6926862 -2.7535093 -2.8159525 -2.8658086 -2.8943147 -2.899551 -2.873262 -2.8156617 -2.7303171 -2.6389692 -2.5457192 -2.460799 -2.4244832 -2.4128897 -2.4662884 -2.5304211 -2.628976 -2.713459 -2.7768959 -2.8269695 -2.8114586 -2.7911498 -2.7476334 -2.7296807
-2.3930765 -2.4891304 -2.4891304 -2.4059585 -2.2638278 -2.1192311 -1.9699939 -1.8694665 -1.8173519 -1.8031089 -1.8478801 -1.9046046 -1.9841979 -2.060191 -2.1099367 -2.1420173 -2.1370427 -2.1231304 -2.0982575 -2.07759 -2.0726154 -2.0792679 -2.11409 -2.1537041 -2.2183736 -2.2785281 -2.3332484 -2.3813488 -2.4211454 -2.4574352 -2.4940899 -2.5317054 -2.5764766 -2.6289688 -2.6970419 -2.7640141 -2.8187344 -2.8567195 -2.8619559 -2.8356669 -2.7780666 -2.6900046 -2.5855385 -2.4812491 -2.3817576 -2.3358555 -2.3201463 -2.3732064 -2.446516 -2.5529547 -2.6576826 -2.7283449 -2.7894614 -2.7764904 -2.7509868 -2.6986228 -2.6581884
-2.340091 -2.4279207 -2.4096522 -2.3261789 -2.1793104 -2.0360384 -1.8967503 -1.8017857 -1.7686218 -1.7601573 -1.8248268 -1.8847351 -1.9853842 -2.0749393 -2.1346342 -2.16851 -2.1635354 -2.1476753 -2.1078787 -2.0830163 -2.0680925 -2.0726447 -2.0995529 -2.132841 -2.1875613 -2.2445203 -2.2892915 -2.3338013 -2.3586742 -2.3899733 -2.4109189 -2.4440173 -2.4788393 -2.529621 -2.606695 -2.6814876 -2.7511317 -2.7954818 -2.8216638 -2.7959278 -2.7383274 -2.6441481 -2.5259298 -2.4152186 -2.3022793 -2.2485371 -2.2207985 -2.2769448 -2.3537913 -2.4851428 -2.6113203 -2.7061731 -2.7828382 -2.7938929 -2.7772123 -2.7196119 -2.6743577
-2.2903023 -2.3666308 -2.3446439 -2.2483818 -2.1098246 -1.9790022 -1.8486356 -1.7878006 -1.7663537 -1.7677732 -1.8359836 -1.9273819 -2.031848 -2.1214031 -2.1803145 -2.2141577 -2.2066369 -2.1907767 -2.1509801 -2.1187047 -2.10315 -2.0963322 -2.121205 -2.1544932 -2.2081549 -2.2475193 -2.2810886 -2.3206564 -2.3433913 -2.3486545 -2.3660782 -2.3745245 -2.4076947 -2.450352 -2.5288979 -2.6036905 -2.6770072 -2.7375542 -2.766822 -2.7561887 -2.6965726 -2.6002568 -2.4767237 -2.3434244 -2.2238005 -2.1649067 -2.1305805 -2.1817491 -2.2670562 -2.4007225 -2.5652252 -2.663963 -2.8011281 -2.8121827 -2.8410746 -2.7862824 -2.7565099
-2.2444506 -2.3001024 -2.2752295 -2.1928294 -2.0696494 -1.967526 -1.8580853 -1.8023387 -1.797601 -1.8244321 -1.9089999 -2.0003982 -2.1048643 -2.1869474 -2.2416677 -2.2726034 -2.2626542 -2.2426476 -2.202851 -2.1697983 -2.1499 -2.1430822 -2.167955 -2.1969843 -2.2417555 -2.2796661 -2.304539 -2.32 -2.32 -2.3172304 -2.311994 -2.3163151 -2.3411879 -2.3838452 -2.4623911 -2.5427492 -2.627317 -2.6907189 -2.7273736 -2.7133863 -2.6505495 -2.5468901 -2.4175511 -2.2835249 -2.1473786 -2.0788236 -2.0421689 -2.104229 -2.1932477 -2.3573372 -2.5301383 -2.6897312 -2.8402144 -2.9009204 -2.9418611 -2.9104427 -2.8773785
-2.1885675 -2.2486891 -2.2317648 -2.1493647 -2.0662008 -1.9979104 -1.9388054 -1.893366 -1.9217858 -1.9486169 -2.0331847 -2.124583 -2.2181941 -2.2878551 -2.3177025 -2.3435981 -2.3137506 -2.2914934 -2.2467222 -2.2140403 -2.1991165 -2.1927561 -2.217629 -2.2453069 -2.280129 -2.3156719 -2.3305957 -2.3425412 -2.3226429 -2.3160526 -2.3003434 -2.3029243 -2.3228226 -2.3652174 -2.4398558 -2.5179122 -2.60248 -2.6630271 -2.6901182 -2.6742306 -2.6070848 -2.4989894 -2.3616679 -2.2253223 -2.0852862 -2.0195235 -1.9862857 -2.0614061 -2.1622015 -2.3449803 -2.5301383 -2.7276271 -2.8960976 -3.0066437 -3.0629597 -3.0681961 -3.0388187
-2.160031 -2.2128314 -2.1994805 -2.1461591 -2.0751351 -2.0601957 -2.0164192 -2.0112943 -2.0454991 -2.0902539 -2.1716285 -2.257904 -2.3471481 -2.3786693 -2.3966287 -2.4007813 -2.3639372 -2.3278694 -2.2812983 -2.2470567 -2.2339838 -2.2306872 -2.2555601 -2.280433 -2.31135 -2.3380618 -2.3489788 -2.3534958 -2.3315432 -2.3126976 -2.2969884 -2.2968398 -2.32005 -2.3576459 -2.4309554 -2.500622 -2.5801594 -2.6320891 -2.6534681 -2.6244806 -2.5542236 -2.4498815 -2.3114137 -2.1891853 -2.0496547 -1.9989501 -1.9675318 -2.0573169 -2.1672812 -2.3632117 -2.5621948 -2.767888 -2.9648513 -3.0912547 -3.1840746 -3.2002211 -3.1955823
-2.1335578 -2.1730923 -2.1780669 -2.16317 -2.1347438 -2.1198043 -2.1198043 -2.1437581 -2.1958727 -2.2558336 -2.3304523 -2.3967502 -2.4464959 -2.4780171 -2.4730426 -2.4537668 -2.404021 -2.3543622 -2.3046164 -2.2669263 -2.2569772 -2.25718 -2.2820529 -2.3069258 -2.3317986 -2.3513082 -2.3562828 -2.3534958 -2.3286229 -2.3060744 -2.2903652 -2.2902167 -2.3200641 -2.3642691 -2.4375786 -2.5072452 -2.5719147 -2.6122195 -2.6174559 -2.5781183 -2.4943359 -2.3836496 -2.2543106 -2.1361998 -2.0262355 -1.9865243 -1.9812879 -2.0797341 -2.210644 -2.4129031 -2.6275954 -2.8372848 -3.0443295 -3.1825122 -3.2966688 -3.3280872 -3.3412925
-2.1026352 -2.1568269 -2.1779364 -2.1633656 -2.1719289 -2.2031301 -2.2375883 -2.2661799 -2.3262735 -2.3775508 -2.4300175 -2.496098 -2.5228753 -2.5179134 -2.4857464 -2.4631065 -2.4041949 -2.3560042 -2.3108922 -2.2746846 -2.2694201 -2.2696447 -2.2892839 -2.3028051 -2.313319 -2.3260266 -2.3068154 -2.3052857 -2.2853009 -2.2679938 -2.2717769 -2.2784249 -2.3262312 -2.3704797 -2.4437892 -2.5008711 -2.5409921 -2.5682841 -2.5493133 -2.5046344 -2.4137286 -2.3206465 -2.2107712 -2.1292605 -2.0570058 -2.0526169 -2.0740773 -2.1846081 -2.3221086 -2.5065957 -2.7143916 -2.8945209 -3.0933668 -3.2094402 -3.3229669 -3.359401 -3.3776526
-2.0835731 -2.1352132 -2.1650607 -2.1885316 -2.2079588 -2.2683902 -2.3141504 -2.3689286 -2.4308773 -2.4812465 -2.5277943 -2.563879 -2.5738282 -2.5485481 -2.5110225 -2.4697768 -2.4110339 -2.3637797 -2.3240229 -2.2927899 -2.288869 -2.289708 -2.3046317 -2.2967007 -2.2974064 -2.2938386 -2.2691152 -2.2492169 -2.2293186 -2.222315 -2.2337623 -2.2609983 -2.3141793 -2.3717328 -2.4450424 -2.4848841 -2.5164825 -2.508972 -2.4795609 -2.4192264 -2.3249712 -2.2531959 -2.1537044 -2.1230463 -2.0759187 -2.122832 -2.1699596 -2.2929346 -2.4395537 -2.59566 -2.7894067 -2.9274131 -3.1013724 -3.1913279 -3.2884369 -3.3237068 -3.3570698
-2.0669976 -2.1161514 -2.155948 -2.1955833 -2.2476979 -2.3081293 -2.3777734 -2.4417837 -2.5081114 -2.5607248 -2.5905722 -2.6115318 -2.5916335 -2.5617945 -2.5120488 -2.4631536 -2.4084332 -2.3637797 -2.3438814 -2.3259058 -2.3259058 -2.3269089 -2.3219344 -2.3099471 -2.2800996 -2.2540995 -2.2143029 -2.182985 -2.1630867 -2.1560831 -2.1875015 -2.2278823 -2.2975264 -2.3641934 -2.4322666 -2.4716377 -2.4716377 -2.4493633 -2.3812902 -2.3066322 -2.212377 -2.1444711 -2.0947254 -2.0840102 -2.1154286 -2.187352 -2.2973164 -2.4253984 -2.5720175 -2.7052423 -2.8423922 -2.9423253 -3.0483869 -3.10366 -3.1625963 -3.1940147 -3.2246061
-2.0553889 -2.1020862 -2.1456236 -2.194692 -2.2567499 -2.3246511 -2.4037124 -2.4776133 -2.540336 -2.5937682 -2.6185409 -2.6247782 -2.5999068 -2.5634322 -2.5112507 -2.4645601 -2.4308318 -2.3869971 -2.3764348 -2.3764348 -2.3787179 -2.3807857 -2.3668819 -2.3406065 -2.2976702 -2.2366236 -2.1745637 -2.1399705 -2.122152 -2.118873 -2.1644306 -2.2295925 -2.3091489 -2.3915775 -2.4513232 -2.4816087 -2.4585976 -2.4071677 -2.3103389 -2.2056466 -2.1113915 -2.0434856 -2.0272544 -2.0861017 -2.1561315 -2.2403375 -2.3867813 -2.5346448 -2.6460348 -2.7690142 -2.805669 -2.880315 -2.8619014 -2.8989912 -2.8974514 -2.9288698 -2.9586423
-2.051342 -2.0942292 -2.1390004 -2.196386 -2.2627137 -2.3400555 -2.4246907 -2.500791 -2.5626091 -2.607703 -2.6269322 -2.6297542 -2.5999068 -2.5626614 -2.5094826 -2.4692157 -2.4426546 -2.428358 -2.4318478 -2.4348563 -2.4407542 -2.4370084 -2.4121355 -2.3655771 -2.3007572 -2.2397106 -2.1750411 -2.1298843 -2.120594 -2.1357361 -2.2074668 -2.2879211 -2.3811054 -2.4583288 -2.5106928 -2.4935139 -2.4504165 -2.3602086 -2.242549 -2.1305742 -2.0363191 -2.0094826 -2.004508 -2.080348 -2.185076 -2.3214765 -2.473332 -2.5641213 -2.6740856 -2.6729925 -2.7096472 -2.6458657 -2.6235962 -2.5923463 -2.5978448 -2.6367901 -2.7077089
