mean_models/J1_mean_vp_slide_diff2_160.dat.tif
NCOLS 118
NROWS 92
XLLCORNER 139.62
YLLCORNER -39.07
DX 0.099491525
DY 0.099347826
NODATA_VALUE -9999
[rows 48 to 71 of 92, columns 0 to 54 of 118]
-9999 0.10313371 0.098472942 0.093812172 0.089151401 0.084490631 0.079829861 0.077963431 0.078544722 0.079126014 0.079707305 0.080288597 0.080869888 0.084063672 0.086521672 0.088814454 0.091107237 0.093400019 0.095692801 0.095282469 0.088635937 0.081989406 0.075342875 0.068696343 0.062049812 0.060196606 0.061025304 0.060913503 0.060801701 0.0606899 0.060578098 0.061794113 0.065569732 0.069345351 0.07312097 0.076896589 0.080672208 0.078108899 0.075081269 0.072053639 0.069026009 0.065998379 0.06308926 0.061110195 0.059390563 0.057670931 0.055951298 0.054231666 0.052512033 0.047778821 0.04252478 0.037270739 0.032016698 0.026762657 0.026542259
-9999 0.095220327 0.090559556 0.085898786 0.081238016 0.076812343 0.072841816 0.070984356 0.071565648 0.072146939 0.072728231 0.074006063 0.077913308 0.081586599 0.084791387 0.087551633 0.089844415 0.092137197 0.09442998 0.094019647 0.087373116 0.080726585 0.074080053 0.067872835 0.064970336 0.063918617 0.067827454 0.069899403 0.069787602 0.0696758 0.069563999 0.070780013 0.074555632 0.078331251 0.08210687 0.084298373 0.081072992 0.077928969 0.074901339 0.071873709 0.068846079 0.066368414 0.064843963 0.062799777 0.060381958 0.058542542 0.05682291 0.055103277 0.053383645 0.048650432 0.043396391 0.038142351 0.03288831 0.034126178 0.035936148
-9999 0.087306941 0.082646171 0.077985401 0.073803796 0.069833269 0.065862742 0.064005282 0.064586573 0.065167865 0.067621747 0.071528991 0.075436235 0.079109527 0.082314314 0.085519102 0.088581594 0.090874376 0.093167158 0.092756826 0.086110295 0.079463764 0.074497346 0.071594847 0.068692347 0.067640628 0.071549465 0.075458301 0.078773502 0.078661701 0.078549899 0.079765913 0.083541533 0.087317152 0.087343823 0.084118443 0.080893062 0.077749039 0.074721409 0.071693779 0.069647567 0.068123117 0.066598667 0.06455448 0.062136661 0.059718843 0.057694521 0.055974889 0.054255256 0.049522044 0.044268003 0.04031182 0.041915943 0.043520067 0.045330037
-9999 0.079393556 0.074765777 0.070795249 0.066824722 0.062854195 0.058883667 0.057026207 0.057607499 0.06123743 0.065144674 0.069051918 0.072959163 0.076632454 0.079837242 0.08304203 0.086246818 0.089451606 0.091904337 0.091494005 0.084847474 0.081121857 0.078219357 0.075316858 0.072414358 0.071362639 0.075271476 0.079180312 0.083089149 0.086997985 0.0875358 0.088751814 0.092527433 0.090389273 0.087163893 0.083938513 0.080713132 0.077569109 0.074541479 0.072926721 0.071402271 0.06987782 0.06835337 0.066309183 0.063891365 0.061473546 0.059055728 0.0568465 0.055126868 0.050393656 0.048101586 0.049705709 0.051309832 0.052913955 0.054723925
-9999 0.07175723 0.067786702 0.063816175 0.059845648 0.05587512 0.051904593 0.050945869 0.054853113 0.058760357 0.062667602 0.066574846 0.07048209 0.074155382 0.07736017 0.080564957 0.083769745 0.086974533 0.090179321 0.090648867 0.087746367 0.084843868 0.081941368 0.079038869 0.076136369 0.07508465 0.078993487 0.082902323 0.08681116 0.090719997 0.094628833 0.096660104 0.093434724 0.090209344 0.086983963 0.083758583 0.080533202 0.077730325 0.076205875 0.074681425 0.073156974 0.071632524 0.070108074 0.068063887 0.065646068 0.06322825 0.060810431 0.058392612 0.055998479 0.055891352 0.057495475 0.059099598 0.060703721 0.062307844 0.063931255
-9999 0.068273253 0.064302726 0.060332198 0.056361671 0.052391143 0.050440751 0.051935372 0.055842617 0.059749861 0.063657105 0.067564349 0.071890525 0.077229579 0.082944432 0.08614922 0.089354008 0.092558796 0.095763584 0.09712162 0.09421912 0.091316621 0.088414121 0.085511622 0.080274695 0.074455634 0.077209956 0.081118793 0.085027629 0.088936466 0.092845302 0.094317324 0.091091943 0.087866563 0.084641183 0.081415802 0.07829214 0.075884261 0.07435981 0.07283536 0.07131091 0.069786459 0.068098776 0.067860076 0.067011377 0.064593558 0.062175739 0.059757921 0.057340102 0.058351554 0.059955677 0.061559801 0.063163924 0.063622069 0.061171496
-9999 0.065374024 0.061403497 0.057432969 0.053462442 0.052606038 0.052010231 0.053504852 0.057412096 0.06131934 0.065226585 0.069843296 0.074646779 0.079985834 0.086397399 0.092808965 0.096286975 0.099491762 0.10269655 0.10405459 0.10115209 0.098249587 0.095347088 0.088288054 0.079361343 0.073542282 0.076052504 0.078562726 0.082322993 0.086231829 0.090140666 0.091612687 0.088387307 0.085161927 0.081936546 0.078869034 0.075843648 0.073435769 0.071911318 0.070386868 0.068862418 0.067110702 0.065339067 0.065100366 0.065963673 0.065893719 0.0634759 0.061058082 0.058640263 0.059651715 0.061255838 0.062859961 0.062387095 0.059673641 0.057223068
-9999 0.062474795 0.058504268 0.055367133 0.054771325 0.054175518 0.053579711 0.055074332 0.058981576 0.062992583 0.067796067 0.07259955 0.077403034 0.082742088 0.089153653 0.095565219 0.10197678 0.10642473 0.10962952 0.11098755 0.10808505 0.10518255 0.096301413 0.087374702 0.078447991 0.07262893 0.075139152 0.077649373 0.080159595 0.083527193 0.087436029 0.088908051 0.08568267 0.082471313 0.079445927 0.076420542 0.073395156 0.070987277 0.069462826 0.067894263 0.066122627 0.064350992 0.062579357 0.062340656 0.063203964 0.064067271 0.064776061 0.062358242 0.059940424 0.060951876 0.062555999 0.06115212 0.058438666 0.055725213 0.05327464
-9999 0.059575567 0.05753242 0.056936613 0.056340805 0.055744998 0.05514919 0.056643811 0.060945354 0.065748837 0.070552321 0.075355804 0.080159288 0.085498342 0.091909908 0.098321473 0.10473304 0.1111446 0.11656248 0.11792052 0.11324148 0.10431477 0.095388061 0.08646135 0.077534639 0.071715578 0.0742258 0.076736021 0.079246243 0.081756465 0.084731393 0.086203414 0.083048207 0.080022821 0.076997435 0.07397205 0.070946664 0.068538785 0.066906188 0.065134553 0.063362918 0.061591282 0.059819647 0.059580947 0.060444254 0.061307561 0.062170868 0.063034175 0.061240584 0.062252036 0.059917146 0.057203692 0.054490238 0.051776784 0.049326211
-9999 0.059594956 0.058999149 0.058403341 0.057807534 0.057211726 0.056615919 0.055667396 0.06047088 0.065274363 0.070077847 0.07488133 0.079684814 0.084213268 0.090624834 0.097036399 0.10344796 0.10985953 0.1162711 0.1180446 0.10911789 0.10019117 0.091264462 0.082337751 0.07341104 0.070159647 0.072805701 0.075315923 0.077826144 0.080336366 0.082846588 0.083466027 0.080440642 0.077415256 0.074389871 0.071364485 0.0683391 0.065583824 0.063812189 0.062040554 0.060268919 0.058497283 0.056725648 0.056077098 0.056940405 0.057803712 0.058667019 0.059530326 0.060393634 0.058811999 0.056098546 0.053385092 0.050671638 0.047958185 0.045650136
-9999 0.060710743 0.060114935 0.059519128 0.05892332 0.058073787 0.055438077 0.052873085 0.050389712 0.05376547 0.058568953 0.063372437 0.06817592 0.072619651 0.076342955 0.081948334 0.0883599 0.094771465 0.10118303 0.10295653 0.09402982 0.085103109 0.076176398 0.067249686 0.061559146 0.059834317 0.067824498 0.072165051 0.074675273 0.077185495 0.079695716 0.080315156 0.07728977 0.074264385 0.071238999 0.06825148 0.067435481 0.064954881 0.060092833 0.057804804 0.056033169 0.054261534 0.052489898 0.051418823 0.050894979 0.051758286 0.052621594 0.053484901 0.054348208 0.053994011 0.052723369 0.050009915 0.047296461 0.044583008 0.042274959
-9999 0.061826529 0.061230722 0.060634914 0.059064076 0.056428366 0.053792656 0.051227665 0.048744291 0.046260917 0.047060059 0.051863543 0.056667026 0.061110757 0.064834061 0.068557366 0.073271835 0.079683401 0.086094966 0.087868467 0.078941756 0.070015044 0.061932803 0.056583309 0.051233816 0.049508987 0.057499168 0.06548935 0.071524401 0.074034623 0.076544845 0.077164284 0.074138899 0.071113513 0.068809175 0.067993176 0.067177177 0.064696577 0.059834529 0.054972481 0.051797419 0.050025784 0.048254148 0.047183074 0.046615623 0.046048172 0.046576168 0.047439475 0.048302782 0.047948586 0.047383971 0.046634738 0.043921285 0.041207831 0.038899783
-9999 0.062942315 0.062346508 0.060054365 0.057418655 0.054782945 0.052147235 0.049582244 0.04709887 0.044615496 0.042132123 0.040354649 0.045158133 0.049601863 0.053325168 0.057048472 0.060771777 0.064595336 0.071006902 0.072780402 0.063853691 0.056956967 0.051607473 0.046257979 0.040908486 0.039183657 0.047173838 0.05516402 0.063154201 0.070883752 0.073393973 0.074013413 0.070988027 0.06936687 0.068550871 0.067734872 0.066918873 0.064438273 0.059576225 0.054714177 0.049852129 0.045790034 0.044018399 0.042947324 0.042379873 0.041812422 0.041244972 0.04139405 0.042257357 0.04190316 0.041338546 0.040773931 0.040209317 0.037832654 0.035524606
-9999 0.063680364 0.061044654 0.058408944 0.055773235 0.053137525 0.050501815 0.047936823 0.045453449 0.042970076 0.040486702 0.038003328 0.035519954 0.038092969 0.041816274 0.045539579 0.049262883 0.052986188 0.056709492 0.057692337 0.05198113 0.046631637 0.041282143 0.03593265 0.030583156 0.028858327 0.036848508 0.04483869 0.052828871 0.060819052 0.068809233 0.070862541 0.069924565 0.069108566 0.068292567 0.067476567 0.066660568 0.064179968 0.05931792 0.054455872 0.049593824 0.044731776 0.039869729 0.038711574 0.038144123 0.037576673 0.037009222 0.036441771 0.036211931 0.035857734 0.03529312 0.034728506 0.034163891 0.033599277 0.032149429
-9999 0.060119328 0.057483618 0.054847908 0.052212198 0.049576488 0.047874414 0.048733926 0.048518444 0.04603507 0.043551696 0.041068322 0.038584949 0.036979138 0.038577764 0.042301068 0.046024373 0.049747677 0.053470982 0.054450808 0.049101315 0.043751821 0.038402328 0.033052834 0.029097763 0.029403538 0.03018639 0.038176571 0.046166753 0.054156934 0.062147115 0.067129393 0.066313394 0.065497395 0.064681396 0.063865397 0.063956005 0.063883951 0.059919874 0.055057826 0.050195778 0.04533373 0.040471682 0.038157461 0.037615437 0.037047986 0.036480535 0.035913084 0.035345633 0.038229264 0.037718871 0.037154257 0.036589642 0.036025028 0.033024878
-9999 0.055725284 0.053089574 0.050453864 0.047818154 0.046926027 0.046580905 0.047440417 0.04969023 0.051148392 0.048665018 0.046181645 0.043698271 0.04209246 0.042244019 0.042658941 0.046382246 0.05010555 0.053828855 0.054808681 0.049459188 0.044109694 0.038760201 0.037120056 0.038755697 0.039061471 0.035802871 0.033107404 0.041097585 0.049087766 0.057077948 0.062060226 0.061244226 0.060428227 0.059612228 0.060568467 0.06255189 0.062479835 0.059467129 0.056033863 0.051171815 0.046309767 0.041447719 0.039133498 0.038650877 0.038131319 0.037563868 0.036996417 0.036428966 0.039312597 0.042792669 0.043263707 0.042699092 0.042134478 0.039134327
-9999 0.05133124 0.04869553 0.046322761 0.045977639 0.045632518 0.045287397 0.046146908 0.048396722 0.050646535 0.052896348 0.051294967 0.048811593 0.047205782 0.047357341 0.0475089 0.047660458 0.050463423 0.054186728 0.055166554 0.04981706 0.044467567 0.045142349 0.046777989 0.04841363 0.048719404 0.045460804 0.042202204 0.038943603 0.044018599 0.05200878 0.056991058 0.056175059 0.05535906 0.057180928 0.059164351 0.061147774 0.061075719 0.058063013 0.055050306 0.0520376 0.047285804 0.042423756 0.040109535 0.039626914 0.039144293 0.038647201 0.03807975 0.037512299 0.04039593 0.043876001 0.047356073 0.048808542 0.048243928 0.045243777
-9999 0.046937196 0.045374374 0.045029252 0.044684131 0.044339009 0.043993888 0.0448534 0.047103213 0.049353026 0.05160284 0.053852653 0.053924915 0.052319104 0.052470663 0.052622222 0.052773781 0.052925339 0.054544601 0.055524427 0.051529001 0.053164641 0.054800282 0.056435923 0.058071563 0.058377338 0.055118737 0.051860137 0.048601537 0.045342936 0.046939612 0.05192189 0.051809967 0.05379339 0.055776812 0.057760235 0.059743658 0.059671603 0.056658897 0.05364619 0.050633484 0.047620778 0.043399794 0.041085572 0.040602951 0.04012033 0.039637709 0.039155088 0.038595632 0.041479263 0.044959334 0.048439406 0.051919477 0.054353377 0.051353227
-9999 0.045023019 0.044677898 0.044332776 0.043987655 0.043642533 0.043297412 0.043808276 0.046058089 0.048307902 0.050557716 0.052807529 0.055057342 0.055832061 0.05598362 0.056135179 0.056286738 0.056438296 0.056589855 0.057190178 0.058825819 0.060461459 0.0620971 0.063732741 0.065368381 0.066863454 0.063604853 0.060346253 0.057087653 0.053829052 0.050570452 0.049102355 0.051085777 0.0530692 0.055052623 0.057036045 0.059019468 0.058295278 0.055282572 0.052269866 0.049257159 0.046244453 0.043231747 0.037147242 0.036664621 0.036182 0.035699379 0.035216757 0.034734136 0.037630267 0.041110339 0.04459041 0.048070482 0.051550553 0.052975268
-9999 0.047296097 0.046950976 0.046605854 0.046260733 0.045847279 0.043963464 0.043998582 0.046248395 0.048498209 0.050748022 0.052997835 0.051659461 0.050760309 0.05142342 0.051688149 0.051839708 0.051991267 0.052142826 0.052743149 0.054378789 0.05601443 0.057650071 0.059285711 0.059420333 0.060379351 0.064395436 0.063003918 0.059745317 0.056486717 0.053228116 0.05176002 0.053743442 0.055726865 0.057710287 0.05969371 0.058880658 0.057057184 0.054044477 0.051031771 0.048019065 0.043446205 0.021913666 0.011105805 0.0082829339 0.0078003127 0.0073176916 0.0068350704 0.0063524492 0.0092485804 0.012728652 0.016208723 0.019688795 0.027340812 0.032277583
-9999 0.049569175 0.049224054 0.048878933 0.0479214 0.046037585 0.04415377 0.044188888 0.046438702 0.048688515 0.04988992 0.048210633 0.046531347 0.045632195 0.046295306 0.046958417 0.047392679 0.047544237 0.047695796 0.048296119 0.04993176 0.0515674 0.052916997 0.052735425 0.052553853 0.053512871 0.057528956 0.061545041 0.062402982 0.059144382 0.055885781 0.054417684 0.056401107 0.05838453 0.059626998 0.058634781 0.057642564 0.055819089 0.052806383 0.049793676 0.039905119 0.01837258 -0.0031599595 -0.013967821 -0.017065847 -0.020163873 -0.021063995 -0.021546617 -0.022029238 -0.019133107 -0.015653035 -0.012172964 -0.0030205202 0.0066431272 0.011579899
-9999 0.051842254 0.051497132 0.049995521 0.048111706 0.046227892 0.044344077 0.044379195 0.046629008 0.046441092 0.044761806 0.043082519 0.041403233 0.040504081 0.041167192 0.041830303 0.042493414 0.043097208 0.043248767 0.04384909 0.04548473 0.046232089 0.046050517 0.045868945 0.045687373 0.046646391 0.050662476 0.054678561 0.058694646 0.061802046 0.058543446 0.057075349 0.059058772 0.05938112 0.058388903 0.057396686 0.056404469 0.054580994 0.051568288 0.036364033 0.014831494 -0.0067010455 -0.028233585 -0.039041446 -0.042139472 -0.045237499 -0.048335525 -0.049928304 -0.050410925 -0.047514793 -0.0430455 -0.033381852 -0.023718205 -0.014054557 -0.0091177857
-9999 0.053953458 0.052069643 0.050185828 0.048302013 0.046418198 0.044534383 0.044569501 0.042992265 0.041312978 0.039633692 0.037954405 0.036275119 0.035375967 0.036039078 0.036702189 0.0373653 0.038028411 0.038691522 0.03940206 0.039547181 0.039365609 0.039184037 0.039002465 0.038820893 0.039779911 0.043795996 0.047812081 0.051828166 0.055844251 0.059860336 0.059733014 0.059135243 0.058143026 0.057150809 0.056158591 0.055166374 0.0533429 0.032822947 0.011290408 -0.010242131 -0.031774671 -0.05330721 -0.064115071 -0.067213097 -0.070311124 -0.07340915 -0.076507177 -0.078792612 -0.073406831 -0.063743184 -0.054079537 -0.044415889 -0.034752242 -0.02981547
-9999 0.052166368 0.050282553 0.048398738 0.046514923 0.044631108 0.041218055 0.046046976 0.052466489 0.050787203 0.049107916 0.04742863 0.045749344 0.039607698 0.031841606 0.032504718 0.033167829 0.03383094 0.034494051 0.034901742 0.03472017 0.034538598 0.034357026 0.034175454 0.032525051 0.027900263 0.036293781 0.040309866 0.044325951 0.048342036 0.052358121 0.054663534 0.053671317 0.0526791 0.051686882 0.050694665 0.046280959 0.039908008 0.029465089 0.00793255 -0.013599989 -0.035132528 -0.056665067 -0.066211318 -0.068781629 -0.071879655 -0.074977682 -0.078075708 -0.081173735 -0.085479105 -0.075815458 -0.06615181 -0.056488163 -0.046824516 -0.037790826
