mean_models/J1_mean_tot_conduct_slide_170.29.dat.tif
NCOLS 118
NROWS 92
XLLCORNER 139.62
YLLCORNER -39.07
DX 0.099491525
DY 0.099347826
NODATA_VALUE -9999
[rows 50 to 74 of 92, columns 58 to 115 of 118]
-2.0785748 -2.1855529 -2.2935163 -2.3993221 -2.5184122 -2.5792477 -2.6210018 -2.663705 -2.6842526 -2.6861388 -2.6744633 -2.7138478 -2.7138478 -2.7089985 -2.6941875 -2.6497714 -2.5937819 -2.4713136 -2.2769397 -1.9852529 -1.6480872 -1.2937892 -0.94142403 -0.63477693 -0.41754446 -0.23003107 -0.1587874 -0.11652668 -0.19110674 -0.30853418 -0.48865217 -0.73321598 -0.99395784 -1.2359749 -1.5216307 -1.7626948 -1.9698882 -2.0035362 -2.0452311 -2.0938848 -2.1133772 -2.1528295 -2.3755934 -2.5706034 -2.5783933 -2.5842457 -2.5900982 -2.5968195 -2.7161522 -2.7161522 -2.7161522 -2.7161522 -2.7330932 -2.6980409 -2.6921884 -2.668016 -2.6329013 -9999
-2.1331567 -2.2372196 -2.3347826 -2.4395105 -2.5034779 -2.5558419 -2.597596 -2.6362872 -2.6506874 -2.6682516 -2.7206155 -2.7586299 -2.7575725 -2.7502985 -2.7337165 -2.6903521 -2.635079 -2.4664585 -2.2664339 -1.9245355 -1.5795591 -1.2037022 -0.85133708 -0.53530517 -0.30932183 -0.12139339 -0.061627978 -0.021286503 -0.11492559 -0.26330795 -0.45949275 -0.71619424 -1.0029639 -1.2999894 -1.5868665 -1.8560789 -2.0407199 -2.044979 -2.0435291 -2.0903486 -2.1049859 -2.1498804 -2.461934 -2.6546858 -2.66 -2.6639631 -2.6698156 -2.67 -2.67 -2.67 -2.67 -2.67 -2.68759 -2.6980409 -2.6919493 -2.6655884 -2.6304738 -9999
-2.1927654 -2.2701477 -2.3592047 -2.4482234 -2.5077751 -2.5496662 -2.5909728 -2.629664 -2.6469803 -2.6682516 -2.7206155 -2.7586299 -2.7531026 -2.7436753 -2.7270933 -2.6826771 -2.6218768 -2.4460429 -2.2399412 -1.8917208 -1.5398199 -1.1639631 -0.81159795 -0.49556604 -0.27093577 -0.08827745 -0.035735077 -0.008040126 -0.11754026 -0.26993114 -0.49655072 -0.7664458 -1.0824422 -1.3883074 -1.6928375 -1.9620499 -2.1373901 -2.0847181 -2.0786413 -2.103595 -2.1130967 -2.1498804 -2.4659123 -2.66 -2.66 -2.6639631 -2.6698156 -2.67 -2.67 -2.67 -2.67 -2.67 -2.68759 -2.697031 -2.6853261 -2.6589652 -2.6238506 -9999
-2.2189599 -2.2840104 -2.3558501 -2.4360626 -2.4927665 -2.5346576 -2.5783547 -2.6180761 -2.6353925 -2.6584381 -2.7152962 -2.7533107 -2.7477833 -2.734982 -2.7155055 -2.66761 -2.6049696 -2.4262879 -2.2256891 -1.893243 -1.5439069 -1.1848639 -0.83939308 -0.53242474 -0.32669747 -0.1519898 -0.11464517 -0.092401816 -0.20982057 -0.38121167 -0.61452446 -0.89652595 -1.2167857 -1.5227242 -1.8291483 -2.062347 -2.2281944 -2.1358582 -2.0931264 -2.1130661 -2.1203146 -2.1546463 -2.4659123 -2.66 -2.66343 -2.6653193 -2.6698156 -2.67 -2.67 -2.67 -2.67 -2.67 -2.6822707 -2.6907625 -2.6821884 -2.658016 -2.6229013 -9999
-2.2325809 -2.2878539 -2.3458569 -2.41393 -2.473833 -2.5157242 -2.5643126 -2.6085311 -2.6309224 -2.6415907 -2.6871119 -2.7304348 -2.7251679 -2.7123665 -2.6902573 -2.6403138 -2.5739861 -2.3988449 -2.2103568 -1.8928414 -1.5645505 -1.2144051 -0.89540531 -0.59693073 -0.40327356 -0.24850897 -0.22277696 -0.21611112 -0.3507173 -0.52863015 -0.76630435 -1.0435232 -1.37126 -1.6497351 -1.9474655 -2.1422238 -2.255828 -2.1270742 -2.1642337 -2.1759386 -2.1820605 -2.1959187 -2.4662456 -2.6589974 -2.6648498 -2.6667391 -2.6667391 -2.6618478 -2.6618478 -2.6618478 -2.6618478 -2.6618478 -2.6670528 -2.673367 -2.6675145 -2.6466029 -2.6114883 -9999
-2.2289454 -2.2510546 -2.3016558 -2.3543213 -2.425985 -2.4958547 -2.552419 -2.6085311 -2.6420621 -2.6614602 -2.6405147 -2.6509565 -2.6509565 -2.6395115 -2.6174022 -2.5674587 -2.501131 -2.3455025 -2.183864 -1.9019714 -1.5976664 -1.2826099 -0.98022493 -0.7285699 -0.544338 -0.40746549 -0.39775739 -0.40818359 -0.55625951 -0.74091444 -0.98411594 -1.2526388 -1.5500861 -1.7744345 -2.0070742 -2.1007133 -2.1694866 -2.3216501 -2.3913759 -2.4077502 -2.4138721 -2.4277303 -2.5213693 -2.6452391 -2.6452391 -2.6492022 -2.6534928 -2.635426 -2.6287319 -2.6287319 -2.6287319 -2.6287319 -2.6170052 -2.6137583 -2.6079058 -2.5910614 -2.5651259 -9999
-2.214315 -2.2205814 -2.2472862 -2.2899573 -2.3517459 -2.4250554 -2.4972363 -2.5592121 -2.5939555 -2.6325617 -2.6144312 -2.6104928 -2.6104928 -2.6007941 -2.5815136 -2.5336182 -2.4672905 -2.3238865 -2.1817553 -1.9035853 -1.6502896 -1.3473926 -1.100174 -0.8665699 -0.69630901 -0.59713142 -0.5957284 -0.63554528 -0.78993499 -0.98211733 -1.222942 -1.4586574 -1.7345652 -1.9532605 -2.0861902 -2.1716957 -2.2483707 -2.3953169 -2.4605064 -2.4694367 -2.4749953 -2.4888534 -2.5824925 -2.64 -2.64 -2.6439631 -2.6451232 -2.6270565 -2.6151232 -2.6151232 -2.6151232 -2.6151232 -2.6033965 -2.5931641 -2.5873116 -2.5704672 -2.5514506 -9999
-2.1645273 -2.1534727 -2.1663243 -2.202979 -2.2632676 -2.3365772 -2.413258 -2.485113 -2.5430932 -2.5874755 -2.5849384 -2.5837401 -2.584 -2.576726 -2.5601441 -2.5137486 -2.4474209 -2.3221525 -2.1878578 -1.961694 -1.7262514 -1.4584868 -1.2262682 -1.0155803 -0.89751036 -0.80907345 -0.8345113 -0.87624776 -1.0401162 -1.2228258 -1.4605 -1.6752154 -1.9093131 -2.035662 -2.1595234 -2.1951884 -2.2681047 -2.4085633 -2.4650842 -2.4709367 -2.4749953 -2.4888534 -2.5824925 -2.64 -2.64 -2.6385 -2.6385 -2.6204333 -2.6085 -2.6085 -2.6085 -2.6085 -2.5982733 -2.5880409 -2.5821884 -2.570508 -2.5529506 -9999
-2.1012369 -2.0625457 -2.0687464 -2.0903848 -2.1485829 -2.2173598 -2.3024078 -2.3857652 -2.4629638 -2.5212436 -2.5369528 -2.544001 -2.5550556 -2.5502332 -2.5336513 -2.4892351 -2.4275513 -2.3102542 -2.1878578 -1.9944021 -1.7792369 -1.5526173 -1.3402203 -1.1877832 -1.0833969 -1.0210155 -1.0631294 -1.1213057 -1.2938931 -1.4778213 -1.6768043 -1.863282 -2.0285305 -2.1172296 -2.1992626 -2.2168199 -2.2813485 -2.4159547 -2.4717074 -2.4775599 -2.4781232 -2.4888534 -2.5824925 -2.64 -2.64 -2.6360369 -2.6318768 -2.6138101 -2.6018768 -2.6018768 -2.6018768 -2.6018768 -2.5960135 -2.5880409 -2.5821884 -2.572672 -2.5595738 -9999
-1.9969481 -1.9507269 -1.9381902 -1.9542499 -1.9967388 -2.0613444 -2.1409304 -2.22891 -2.3066595 -2.3900013 -2.4802136 -2.4975092 -2.5153165 -2.5166724 -2.5024122 -2.4058067 -2.326 -2.2153267 -2.1316358 -1.9944021 -1.8065254 -1.619842 -1.4408442 -1.3082669 -1.25262 -1.2050731 -1.2608323 -1.3291604 -1.4998203 -1.6373123 -1.7974638 -1.9772145 -2.13246 -2.1847814 -2.2433991 -2.2518126 -2.3069572 -2.4985616 -2.6028986 -2.6075889 -2.6081522 -2.6120256 -2.6679273 -2.7254348 -2.7225777 -2.7167253 -2.7108729 -2.5217521 -2.5098188 -2.5098188 -2.5098188 -2.5098188 -2.5039555 -2.4978597 -2.4945652 -2.4909012 -2.4802787 -9999
-1.8870931 -1.83182 -1.8112047 -1.8164411 -1.8539924 -1.9065529 -1.9879014 -2.070811 -2.1483769 -2.2358273 -2.3510281 -2.4431541 -2.4652634 -2.4755637 -2.4645091 -2.3713212 -2.2287397 -2.1424167 -2.0658531 -1.9387251 -1.8092646 -1.6434453 -1.5191776 -1.4138336 -1.3729823 -1.365315 -1.4302491 -1.5083571 -1.6546681 -1.7853123 -1.906913 -2.035229 -2.1990974 -2.2533031 -2.281544 -2.2873965 -2.3778202 -2.6470326 -2.75 -2.7508063 -2.75 -2.7538734 -2.7948405 -2.8177418 -2.8118893 -2.8046673 -2.7976298 -2.5637629 -2.4086304 -2.4086304 -2.4086304 -2.4086304 -2.4041367 -2.4 -2.4 -2.396336 -2.3904835 -9999
-1.7875161 -1.7267158 -1.7052337 -1.7104701 -1.7496047 -1.807205 -1.8973121 -1.9913327 -2.078908 -2.1762187 -2.2914194 -2.3835454 -2.4154349 -2.4296188 -2.4240915 -2.3359982 -2.2088701 -2.1250738 -2.0526068 -1.9398038 -1.8225109 -1.684507 -1.5786629 -1.5131814 -1.4811969 -1.4977788 -1.5655409 -1.647444 -1.7726099 -1.8912833 -1.968942 -2.0808712 -2.2255902 -2.2719052 -2.2881672 -2.2940197 -2.3844434 -2.6479312 -2.751577 -2.7574294 -2.7529975 -2.7538734 -2.7948405 -2.8174908 -2.8057859 -2.7960883 -2.7843834 -2.5551692 -2.4020072 -2.4020072 -2.4020072 -2.4020072 -2.4020072 -2.4 -2.4 -2.396336 -2.3904835 -9999
-1.6952497 -1.6392085 -1.6208442 -1.6275788 -1.6759017 -1.7355529 -1.8342381 -1.9343833 -2.037763 -2.1350737 -2.2502744 -2.3451406 -2.3783045 -2.3969203 -2.3935843 -2.3115127 -2.1843846 -2.1025956 -2.0397276 -1.9438183 -1.8376836 -1.7190287 -1.6269732 -1.5765034 -1.5864042 -1.6071629 -1.6723162 -1.7523002 -1.8659401 -1.941941 -2.0034638 -2.1089822 -2.2466197 -2.2785284 -2.2946159 -2.2960269 -2.3845713 -2.650279 -2.7546159 -2.7594367 -2.7550047 -2.75332 -2.7902245 -2.8108676 -2.7991627 -2.7795316 -2.7665211 -2.5465387 -2.3953841 -2.392807 -2.3945817 -2.3953841 -2.3953841 -2.3953841 -2.3953841 -2.39172 -2.3858676 -9999
-1.6074816 -1.5577358 -1.5475616 -1.5580344 -1.6129597 -1.6813632 -1.7907381 -1.9012842 -2.0064867 -2.1143491 -2.2295498 -2.3157421 -2.3489059 -2.3675217 -2.3675217 -2.2850199 -2.1581376 -2.0864097 -2.0252421 -1.9312779 -1.8376836 -1.7271375 -1.6609008 -1.6316386 -1.6526361 -1.6984957 -1.7689665 -1.8558807 -1.9495198 -2.0292381 -2.0734565 -2.1949532 -2.323707 -2.3537097 -2.3656739 -2.3656739 -2.4533637 -2.7225761 -2.7438913 -2.7432155 -2.738896 -2.7372113 -2.772326 -2.7943314 -2.7826265 -2.7617563 -2.7394012 -2.5183296 -2.3730218 -2.3671693 -2.3701831 -2.3751304 -2.3825652 -2.3825652 -2.3825652 -2.3801403 -2.3742879 -9999
-1.5415457 -1.5083818 -1.5051196 -1.5365379 -1.6003544 -1.6946096 -1.8100843 -1.927777 -2.0361854 -2.147465 -2.2351986 -2.3024957 -2.3356595 -2.3537014 -2.3426468 -2.2598688 -2.138268 -2.0665402 -2.0053726 -1.9217608 -1.8376836 -1.7541701 -1.7048758 -1.6978704 -1.7237968 -1.7845972 -1.8847408 -2.0148372 -2.1207721 -2.2080642 -2.2630072 -2.4322495 -2.6681128 -2.7006153 -2.7167029 -2.7205921 -2.8110159 -2.705422 -2.6563433 -2.6504908 -2.6499275 -2.6511099 -2.703297 -2.7346021 -2.7170448 -2.6973498 -2.6797925 -2.4443715 -2.2935435 -2.2935145 -2.2956522 -2.2956522 -2.3308323 -2.3428261 -2.3485 -2.3470244 -2.341172 -9999
-1.5287926 -1.5068746 -1.5215163 -1.5570379 -1.6423145 -1.7392545 -1.8504402 -1.9718445 -2.0693014 -2.1731546 -2.2443798 -2.3089367 -2.3358697 -2.3472115 -2.334096 -2.2499765 -2.1273695 -2.0556416 -1.9947188 -1.9217608 -1.8488418 -1.7849383 -1.7425382 -1.743248 -1.7905464 -1.8527566 -1.9764148 -2.1076627 -2.2159719 -2.2862364 -2.333971 -2.5032133 -2.7665732 -2.8183979 -2.83466 -2.8405124 -2.8050189 -2.6799003 -2.6264158 -2.6205633 -2.62 -2.6249801 -2.6795723 -2.7087398 -2.6911825 -2.6696621 -2.6515823 -2.4206469 -2.2655145 -2.2655145 -2.2655145 -2.2655145 -2.3051801 -2.3319591 -2.3355145 -2.3281865 -2.3215125 -9999
-1.5288506 -1.5233233 -1.5524728 -1.5996004 -1.6898145 -1.7997788 -1.9122663 -2.0283397 -2.1197123 -2.2071211 -2.2743437 -2.3288063 -2.3509155 -2.3538347 -2.3372528 -2.2510852 -2.1239571 -2.0512358 -1.9915441 -1.9217841 -1.855494 -1.8002209 -1.7745745 -1.7862794 -1.8380174 -1.9098724 -2.0338061 -2.1635186 -2.2513052 -2.3149175 -2.3536087 -2.515351 -2.7787109 -2.829275 -2.8401745 -2.8460269 -2.808654 -2.6799003 -2.6264158 -2.6205633 -2.6188913 -2.6244247 -2.677652 -2.7032253 -2.685668 -2.6619302 -2.6385204 -2.410046 -2.2588913 -2.2588913 -2.26 -2.26 -2.2999347 -2.3288913 -2.3288913 -2.3204546 -2.3087497 -9999
-1.5676048 -1.5895552 -1.6247319 -1.6857018 -1.7759159 -1.8858802 -1.992007 -2.1011948 -2.1798624 -2.2601066 -2.3124706 -2.3613995 -2.3724541 -2.3710723 -2.343876 -2.2577083 -2.1305803 -2.0601248 -2.0047905 -1.9439901 -1.882001 -1.8377825 -1.8178818 -1.8458881 -1.8949542 -1.9628579 -2.0830651 -2.2098809 -2.2817949 -2.3330591 -2.3606957 -2.5219742 -2.7853341 -2.8323694 -2.8401745 -2.8460269 -2.808654 -2.6799003 -2.6264158 -2.6205633 -2.6150047 -2.6178015 -2.6763259 -2.7032253 -2.6798254 -2.6524526 -2.625274 -2.4017131 -2.2522681 -2.2522681 -2.2560817 -2.26 -2.2951801 -2.3222681 -2.3167247 -2.3072082 -2.2955033 -9999
-1.6007207 -1.6313049 -1.6866087 -1.7494454 -1.8445971 -1.9513794 -2.0305986 -2.1352214 -2.2135218 -2.2608313 -2.3119454 -2.3422546 -2.3520568 -2.3430361 -2.3177066 -2.229491 -2.1460645 -2.0907915 -2.0398122 -1.9790119 -1.9302691 -1.893038 -1.9057679 -1.939144 -1.9937585 -2.0674122 -2.1883114 -2.324389 -2.3893572 -2.4443852 -2.4720217 -2.5710671 -2.8137326 -2.8607679 -2.8663049 -2.8721574 -2.8347845 -2.685162 -2.6089955 -2.6069348 -2.6019395 -2.6024682 -2.6358844 -2.5441845 -2.5257062 -2.502112 -2.4853616 -2.4276624 -2.2804855 -2.2804855 -2.2842991 -2.2861304 -2.2342091 -2.2570699 -2.2512174 -2.241701 -2.2261246 -9999
-1.6496299 -1.6938484 -1.7481739 -1.8110106 -1.9015935 -2.0063214 -2.0826058 -2.1544608 -2.1966626 -2.2396891 -2.2763439 -2.3033266 -2.3088539 -2.3032361 -2.2811269 -2.2400985 -2.1848254 -2.1340862 -2.0864806 -2.039486 -2.0016016 -1.9960743 -2.0088041 -2.0497712 -2.112711 -2.1900933 -2.3235417 -2.4624323 -2.5326616 -2.5808417 -2.6084783 -2.7075236 -2.8655396 -2.8946375 -2.9001745 -2.9060269 -2.8498604 -2.6625823 -2.59 -2.59 -2.5840264 -2.5668483 -2.432667 -2.3454835 -2.3337787 -2.3220738 -2.3103689 -2.3160222 -2.32 -2.32 -2.32 -2.32 -2.2379131 -2.1780409 -2.1721884 -2.1560732 -2.1385159 -9999
-1.7291082 -1.7733266 -1.8255127 -1.8838657 -1.9718363 -2.0725533 -2.1389053 -2.2008231 -2.2299286 -2.2661819 -2.3028367 -2.3290357 -2.3235084 -2.3179289 -2.3009964 -2.2649701 -2.2179413 -2.1714729 -2.1328429 -2.0996791 -2.0682461 -2.0793007 -2.0949056 -2.1358727 -2.1904055 -2.2563252 -2.3820597 -2.5154178 -2.5664584 -2.5987224 -2.6153043 -2.7141468 -2.8721628 -2.8976014 -2.9001745 -2.9060269 -2.8498604 -2.6625823 -2.59 -2.59 -2.5800094 -2.5602251 -2.4314713 -2.3454835 -2.3337787 -2.3220738 -2.3103689 -2.3160222 -2.32 -2.32 -2.32 -2.32 -2.2379131 -2.1780409 -2.1667754 -2.1440785 -2.1186463 -9999
-1.8031547 -1.8473732 -1.8933237 -1.9481068 -2.030841 -2.1293966 -2.1817083 -2.2362694 -2.2602976 -2.2885301 -2.3214837 -2.3476827 -2.3421554 -2.3342035 -2.3197233 -2.2892242 -2.2460529 -2.2063683 -2.1815624 -2.1662593 -2.1431378 -2.157603 -2.1781054 -2.2168442 -2.2562546 -2.3140718 -2.4286772 -2.5553189 -2.593998 -2.6110255 -2.6225 -2.7165454 -2.8745613 -2.9 -2.9 -2.9015005 -2.845334 -2.6603141 -2.5864158 -2.5854736 -2.575483 -2.5533001 -2.4245464 -2.3409572 -2.3266152 -2.3169841 -2.3058425 -2.3160222 -2.32 -2.32 -2.3238136 -2.3245264 -2.2379131 -2.1760818 -2.1620389 -2.1298255 -2.0988386 -9999
-1.8760647 -1.9202831 -1.9647192 -2.0118468 -2.0912892 -2.1865686 -2.2412264 -2.2799176 -2.3025777 -2.3276683 -2.3590867 -2.346514 -2.3409867 -2.3345492 -2.3234946 -2.2965581 -2.2635988 -2.2494369 -2.230479 -2.2194244 -2.2169779 -2.2335598 -2.278622 -2.3137366 -2.3512976 -2.3883439 -2.4981791 -2.6133397 -2.6367495 -2.653777 -2.6593043 -2.6726251 -2.830641 -2.8560797 -2.8560797 -2.8560797 -2.7978195 -2.6163938 -2.5712708 -2.5654184 -2.55335 -2.5311671 -2.4024134 -2.3226239 -2.3050665 -2.2969499 -2.2910975 -2.313559 -2.3215145 -2.3215145 -2.3268425 -2.332695 -2.2344773 -2.1665502 -2.1489928 -2.118294 -2.075265 -9999
-1.9551689 -1.9938601 -2.0375743 -2.0847018 -2.169329 -2.2792933 -2.3339511 -2.3726422 -2.3987837 -2.4270162 -2.3618522 -2.2935285 -2.2930362 -2.2887492 -2.2832219 -2.2746055 -2.2967148 -2.287896 -2.2768414 -2.2732391 -2.2765866 -2.3600998 -2.4309553 -2.46607 -2.4997943 -2.5274309 -2.6372661 -2.7524267 -2.7758365 -2.792864 -2.7983913 -2.7271675 -2.6385686 -2.6640072 -2.6640072 -2.6640072 -2.6060708 -2.5358415 -2.5050389 -2.4991865 -2.4836373 -2.458312 -2.3477321 -2.2766575 -2.2649526 -2.2572108 -2.2513584 -2.3053741 -2.328384 -2.3342365 -2.3400889 -2.3459414 -2.2172817 -2.133531 -2.1218261 -2.0881978 -2.0355259 -9999
-1.9972224 -2.0333891 -2.0708677 -2.1147091 -2.2013326 -2.3101266 -2.3604953 -2.3987147 -2.4219576 -2.4320366 -2.3469536 -2.28 -2.28 -2.28 -2.2768089 -2.2956366 -2.320309 -2.3152148 -2.3138656 -2.3185652 -2.3397658 -2.4410201 -2.5072794 -2.5374685 -2.559907 -2.585583 -2.6906574 -2.805818 -2.8272335 -2.8347609 -2.8375 -2.7662762 -2.63167 -2.61 -2.6098255 -2.6052391 -2.5826868 -2.5124575 -2.4744864 -2.4662807 -2.4507315 -2.4257573 -2.3204133 -2.2512009 -2.2394961 -2.2357174 -2.2306627 -2.2894393 -2.3273478 -2.3359222 -2.3438136 -2.349666 -2.2210064 -2.1260818 -2.1118044 -2.064935 -2.0100693 -9999
