mean_models/J1_mean__temp2_slide_260.dat.tif
NCOLS 118
NROWS 92
XLLCORNER 139.62
YLLCORNER -39.07
DX 0.099491525
DY 0.099347826
NODATA_VALUE -9999
[rows 0 to 26 of 92, columns 0 to 59 of 118]
-9999 -9999 -9999 -9999 -9999 -9999 -9999 -9999 -9999 -9999 -9999 -9999 -9999 -9999 -9999 -9999 -9999 -9999 -9999 -9999 -9999 -9999 -9999 -9999 -9999 -9999 -9999 -9999 -9999 -9999 -9999 -9999 -9999 -9999 -9999 -9999 -9999 -9999 -9999 -9999 -9999 -9999 -9999 -9999 -9999 -9999 -9999 -9999 -9999 -9999 -9999 -9999 -9999 -9999 -9999 -9999 -9999 -9999 -9999 -9999
-9999 1162.0588 1161.5515 1161.0443 1160.537 1160.0298 1159.962 1159.5517 1161.8985 1167.1911 1172.4838 1177.7764 1183.069 1185.9324 1183.8058 1181.5357 1179.2656 1176.9956 1174.7255 1172.4374 1170.1076 1167.7779 1165.4481 1163.1184 1161.4639 1164.267 1168.7969 1174.7141 1180.6313 1186.5485 1192.4657 1194.3776 1188.5683 1182.759 1176.9497 1171.1404 1168.0762 1171.011 1169.5179 1166.4834 1163.4489 1160.4144 1157.3799 1161.7751 1171.1938 1180.511 1189.8283 1199.1456 1208.4629 1200.7052 1174.1943 1147.6834 1121.1724 1094.6615 1071.3449 1078.138 1111.8159 1145.4938 1179.1716 1212.8495
-9999 1162.2326 1161.7254 1161.2181 1160.7109 1160.9849 1161.7482 1161.3379 1159.5732 1160.0215 1165.3142 1170.6068 1175.8994 1178.7628 1176.7613 1174.7014 1172.4313 1170.1613 1167.8912 1165.6031 1163.2733 1160.9436 1158.6138 1158.166 1160.6981 1163.5012 1167.0306 1171.0175 1176.9347 1182.8519 1188.7692 1190.681 1184.8717 1179.0624 1173.2531 1172.5521 1177.1355 1180.0703 1180.6467 1179.8995 1176.865 1173.8305 1170.796 1175.1912 1184.9274 1194.4239 1203.7412 1213.0585 1222.3758 1215.3384 1205.4745 1180.9897 1154.4788 1127.9678 1104.6513 1092.3996 1091.6152 1125.293 1158.9709 1192.6488
-9999 1162.4065 1161.8992 1161.392 1162.0077 1162.7711 1163.5344 1163.1241 1161.3593 1159.5946 1158.1446 1163.4372 1168.7298 1171.5932 1169.5917 1167.5903 1165.5888 1163.327 1161.0569 1158.7688 1156.439 1154.1093 1154.8682 1157.4002 1159.9323 1162.7354 1166.2648 1169.7942 1173.3236 1179.1554 1185.0726 1186.9844 1181.1751 1175.3658 1177.0281 1181.6114 1186.1948 1189.1296 1189.706 1190.2823 1190.2811 1187.2466 1184.2121 1188.6073 1198.3435 1208.0797 1217.654 1226.9713 1236.2886 1229.2513 1219.3874 1209.5235 1187.7851 1161.2742 1137.9576 1125.706 1113.4543 1105.0923 1138.7702 1172.4481
-9999 1162.5804 1162.2673 1163.0306 1163.7939 1164.5573 1165.3206 1164.9103 1163.1455 1161.3808 1159.616 1157.8513 1161.5602 1164.4235 1162.4221 1160.4207 1158.4192 1156.4178 1154.2226 1151.9345 1149.6047 1151.5703 1154.1024 1156.6344 1159.1665 1161.9696 1165.499 1169.0284 1172.5578 1176.0872 1181.376 1183.2879 1177.4786 1181.504 1186.0873 1190.6707 1195.2541 1198.1889 1198.7652 1199.3416 1199.918 1200.4943 1197.6282 1202.0233 1211.7596 1221.4958 1231.232 1240.8841 1250.2014 1243.1641 1233.3002 1223.4363 1213.5725 1194.5806 1171.264 1159.0123 1146.7606 1134.509 1122.2573 1152.2473
-9999 1163.2902 1164.0535 1164.8168 1165.5801 1166.3434 1167.1068 1166.6965 1164.9317 1163.167 1161.4022 1159.6375 1157.8727 1157.2539 1155.2525 1153.2511 1151.2496 1149.2482 1147.2468 1145.7404 1148.2724 1150.8045 1153.3366 1155.8686 1158.4007 1161.2037 1164.7332 1168.2626 1171.792 1175.3214 1178.8508 1181.3966 1185.9799 1190.5633 1195.1466 1199.73 1204.3133 1207.2482 1207.8245 1208.4009 1208.9773 1209.5536 1210.13 1215.4394 1225.1756 1234.9119 1244.6481 1254.3843 1264.1143 1257.0769 1247.213 1237.3492 1227.4853 1217.6214 1204.5703 1192.3187 1180.067 1167.8153 1155.5637 1143.312
-9999 1163.175 1163.9383 1164.7016 1165.4649 1166.2283 1167.1931 1166.9681 1165.2034 1163.4386 1161.6739 1159.9091 1158.1481 1156.7738 1155.8412 1153.8398 1151.8384 1149.8369 1147.8355 1147.2049 1149.737 1152.269 1154.8011 1157.3331 1160.3194 1162.633 1162.052 1165.5814 1169.1108 1172.6402 1176.1696 1180.059 1184.6424 1189.2258 1193.8091 1198.3925 1202.3509 1204.5403 1205.1167 1205.693 1206.2694 1206.8458 1201.0098 1212.5964 1230.1708 1239.907 1249.6432 1259.3795 1269.1157 1262.14 1252.2762 1242.4123 1232.5484 1221.9909 1209.4483 1197.1967 1184.945 1172.6933 1160.4417 1155.9311
-9999 1162.7586 1163.5219 1164.2852 1165.0485 1166.1158 1167.2249 1166.9998 1165.2351 1163.4703 1161.7056 1159.9469 1158.1903 1156.8161 1156.2075 1155.599 1153.6562 1151.6548 1149.6533 1149.0228 1151.5548 1154.0869 1156.6189 1159.9405 1163.693 1166.0066 1164.4636 1162.9206 1166.1261 1169.6556 1173.185 1177.0744 1181.6577 1186.2411 1190.8245 1194.4618 1197.7788 1199.9682 1200.5446 1201.1209 1201.6973 1193.5542 1184.1968 1195.7833 1222.4261 1243.5681 1253.3043 1263.0405 1272.7767 1265.8011 1255.9372 1246.0734 1234.9916 1222.365 1209.8225 1197.5708 1185.3191 1173.0675 1170.917 1171.1017
-9999 1162.3422 1163.1055 1163.9293 1165.0384 1166.1475 1167.2566 1167.0315 1165.2668 1163.5024 1161.7458 1159.9892 1158.2326 1156.8584 1156.2498 1155.6413 1155.0327 1153.4726 1151.4712 1150.8406 1153.3727 1155.9047 1159.5616 1163.3141 1167.0666 1169.3802 1167.8372 1166.2942 1164.7513 1166.6709 1170.2003 1174.0897 1178.6731 1183.2558 1186.5727 1189.8897 1193.2066 1195.3961 1195.9724 1195.4558 1186.0985 1176.7411 1167.3838 1178.9703 1205.6131 1232.2559 1256.9654 1266.7016 1276.4378 1269.4622 1259.5983 1247.9923 1235.3657 1222.7392 1210.1966 1197.945 1185.718 1185.9028 1186.0876 1186.2724
-9999 1161.9258 1162.8519 1163.961 1165.0701 1166.1792 1167.2883 1167.0632 1165.3013 1163.5447 1161.7881 1160.0315 1158.2749 1156.9006 1156.2921 1155.6835 1155.075 1154.4664 1153.289 1152.6585 1155.4302 1159.1827 1162.9352 1166.6877 1170.4402 1172.7538 1171.2108 1169.6678 1168.1249 1166.5819 1167.2157 1171.1051 1175.3667 1178.6837 1182.0006 1185.3176 1188.6345 1190.824 1188.0001 1178.6428 1169.2854 1159.9281 1150.5707 1162.1573 1188.8 1215.4428 1242.0856 1268.7284 1280.0989 1273.1233 1260.9929 1248.3664 1235.7399 1223.1133 1210.5708 1200.7039 1200.8887 1201.0734 1201.2582 1201.443
-9999 1161.7972 1162.9063 1164.0154 1165.1245 1166.2335 1167.3426 1166.9795 1165.2229 1163.4663 1161.7097 1159.9531 1158.1965 1157.113 1156.5044 1155.8958 1155.2873 1154.6787 1154.0702 1154.7803 1158.5328 1162.2853 1166.0378 1169.7903 1173.5428 1176.7433 1175.2004 1173.6574 1172.1144 1170.5715 1169.0285 1169.1455 1172.4625 1175.7794 1179.0964 1182.4133 1185.7303 1183.1561 1173.7987 1164.4414 1155.084 1145.7267 1136.3693 1147.1001 1173.7429 1200.3857 1227.0285 1253.6712 1280.314 1273.4742 1260.8476 1248.2211 1235.5946 1222.968 1215.9515 1216.1363 1216.3211 1216.5058 1216.6906 1216.8754
-9999 1162 1163.1091 1164.2182 1165.3273 1166.4364 1166.7841 1166.1102 1164.3536 1162.597 1160.8404 1159.0838 1157.0923 1156.2039 1157.6648 1157.2226 1156.614 1156.0054 1155.3969 1156.107 1159.8595 1163.612 1167.3645 1171.117 1174.306 1177.7311 1182.483 1181.6839 1180.1409 1178.598 1177.055 1177.172 1180.489 1183.8059 1187.1229 1190.4398 1190.4192 1186.0703 1176.7129 1167.3556 1157.9982 1148.6409 1147.5144 1154.4212 1170.1933 1196.8361 1223.4788 1250.1216 1276.7644 1269.9246 1257.298 1244.6715 1232.0449 1229.0696 1233.0994 1233.2841 1233.4689 1233.6537 1233.8384 1218.138
-9999 1162.2029 1163.312 1164.421 1165.3863 1165.6505 1165.9148 1165.2409 1163.4843 1161.7277 1159.9592 1157.8976 1155.836 1154.9475 1156.4084 1157.8693 1157.9407 1157.3321 1156.7236 1157.4337 1161.1862 1164.9387 1168.6912 1171.6761 1174.6061 1178.0312 1182.7832 1187.5351 1188.1674 1186.6244 1185.0815 1185.1985 1188.5154 1191.8324 1195.0299 1194.1817 1193.3334 1188.9845 1179.6271 1170.2698 1162.2553 1161.5794 1160.9036 1167.8104 1180.1683 1193.2864 1219.9292 1246.572 1273.2148 1266.375 1253.7484 1241.1219 1241.0776 1246.2174 1250.2472 1250.432 1250.6167 1249.4192 1232.2356 1215.052
-9999 1162.4057 1163.5148 1164.2528 1164.517 1164.7813 1165.0455 1164.3716 1162.615 1160.7644 1158.7028 1156.6412 1154.5797 1153.6912 1155.1521 1156.6129 1158.0738 1158.6589 1158.0503 1158.7605 1162.5129 1166.1161 1169.0461 1171.9762 1174.9062 1178.3313 1183.0833 1187.8353 1192.5872 1194.6509 1193.108 1193.225 1196.5419 1198.7923 1197.9441 1197.0959 1196.2476 1191.8987 1182.5413 1176.3203 1175.6445 1174.9686 1174.2928 1181.1996 1193.5575 1205.9154 1218.2733 1243.0224 1269.6652 1262.8253 1250.1988 1253.0857 1258.2255 1263.3653 1267.3951 1267.5798 1263.5168 1246.3332 1229.1496 1211.966
-9999 1162.6085 1163.1193 1163.3835 1163.6477 1163.912 1164.1762 1163.5023 1161.5697 1159.5081 1157.4465 1155.3849 1153.3233 1152.4349 1153.8957 1155.3566 1156.8175 1158.2783 1159.377 1160.0872 1163.4862 1166.4162 1169.3463 1172.2763 1175.2063 1178.6314 1183.3834 1188.1354 1192.8874 1197.6393 1201.1344 1201.2515 1202.5547 1201.7065 1200.8583 1200.0101 1199.1619 1194.8129 1190.3854 1189.7095 1189.0337 1188.3578 1187.6819 1194.5888 1206.9467 1219.3045 1231.6624 1244.0203 1266.1156 1259.9539 1265.0937 1270.2335 1275.3733 1280.5131 1284.5429 1277.6144 1260.4308 1243.2472 1226.0636 1208.88
-9999 1162.2957 1162.5599 1162.8241 1163.0883 1163.3525 1163.6168 1162.6531 1160.5915 1158.5299 1156.4683 1154.4067 1152.3451 1152.0636 1153.6165 1155.0774 1156.5382 1157.9991 1159.46 1161.3651 1164.2951 1167.2251 1170.1552 1173.0852 1176.0152 1181.4588 1187.2107 1191.9627 1196.7147 1201.4666 1206.2186 1209.0578 1208.2096 1207.3613 1206.5131 1205.6649 1204.8167 1200.6159 1199.9401 1199.2642 1198.5884 1197.9125 1197.2366 1205.1585 1217.5164 1229.8743 1242.2322 1254.5901 1266.948 1276.3447 1281.4845 1286.6243 1291.7641 1296.9039 1292.8849 1273.2151 1256.0315 1238.8478 1221.6642 1204.4806
-9999 1162.4563 1162.7205 1162.9847 1163.249 1163.103 1160.6353 1159.4479 1159.7382 1158.1981 1156.1365 1154.0749 1152.0133 1151.7318 1155.015 1157.0686 1158.5294 1159.9903 1161.4512 1163.3563 1166.2863 1169.2163 1172.1464 1175.0764 1176.6524 1181.5941 1195.8298 1203.9859 1208.7379 1213.4898 1218.2418 1221.081 1220.2328 1219.3845 1218.5363 1217.0892 1202.0036 1195.0059 1199.579 1199.9089 1199.2331 1198.5572 1197.8813 1206.4088 1221.5347 1233.8926 1246.2505 1258.6084 1270.9663 1284.7757 1296.1161 1301.2559 1306.3957 1311.5355 1307.5165 1271.7724 1248.5804 1231.3968 1214.2132 1197.0295
-9999 1162.6169 1162.8812 1163.1454 1162.1908 1159.723 1157.2553 1156.068 1156.3583 1156.6486 1155.8046 1153.743 1151.6814 1151.3999 1154.6831 1157.9663 1160.5206 1161.9815 1163.4423 1165.3475 1168.2775 1171.2075 1173.8394 1175.3136 1176.7877 1181.7294 1195.9651 1210.2008 1220.7611 1225.513 1230.265 1233.1042 1232.256 1231.4078 1226.3513 1211.2657 1196.1801 1189.1824 1193.7556 1198.3287 1199.8778 1199.2019 1198.526 1207.0535 1222.1972 1237.3408 1250.2688 1262.6267 1274.9846 1288.794 1302.8543 1315.8875 1321.0273 1326.1671 1322.1481 1286.404 1250.6599 1223.9457 1206.7621 1189.5785
-9999 1162.7776 1163.0418 1161.2785 1158.8108 1156.3431 1153.8754 1152.688 1152.9783 1153.2687 1153.559 1153.4111 1151.3495 1151.068 1154.3513 1157.6345 1160.9177 1163.9727 1165.4335 1167.3386 1170.2687 1172.5006 1173.9747 1175.4488 1176.923 1181.8647 1196.1004 1210.3361 1224.5718 1237.5362 1242.2882 1245.1274 1244.2792 1235.6135 1220.5278 1205.4422 1190.3566 1183.3589 1187.9321 1192.5053 1197.0784 1199.8466 1199.1707 1207.6982 1222.8419 1237.9856 1253.1292 1266.645 1279.0029 1292.8123 1306.8726 1320.9329 1334.9931 1340.7987 1336.7797 1301.0356 1265.2915 1229.5474 1199.311 1182.1274
-9999 1162.834 1160.3663 1157.8986 1155.4309 1152.9632 1150.4954 1149.3081 1149.5984 1149.8887 1150.179 1150.4694 1150.7597 1150.7362 1154.0194 1157.3026 1160.5858 1163.8691 1167.1523 1169.3298 1171.1617 1172.6359 1174.11 1175.5841 1177.0583 1182 1196.2357 1210.4714 1224.7071 1238.9428 1253.1786 1257.1506 1244.8756 1229.79 1214.7044 1199.6188 1184.5331 1177.5354 1182.1086 1186.6818 1191.255 1195.8282 1199.8155 1208.3429 1223.4866 1238.6303 1253.7739 1268.9176 1283.0212 1296.8306 1310.8909 1324.9512 1339.0114 1353.0717 1351.4113 1315.6672 1279.9231 1244.179 1208.4349 1174.6763
-9999 1165.8148 1163.347 1160.8793 1158.4116 1155.9439 1152.2457 1147.8102 1148.1005 1148.3908 1148.6812 1148.9715 1149.5476 1153.2062 1156.154 1159.4372 1162.7204 1166.0036 1169.2868 1172.023 1173.4972 1174.9713 1176.4454 1177.9196 1179.3937 1180.4203 1191.0622 1205.2979 1219.5336 1233.7693 1248.005 1252.2256 1237.1399 1222.0543 1206.9687 1191.8831 1177.9343 1176.2496 1180.8228 1185.396 1189.9692 1194.5423 1200.2597 1212.914 1228.1039 1243.2475 1258.3912 1273.5348 1288.6785 1302.8984 1316.9587 1331.019 1345.0793 1359.1396 1334.5889 1298.8448 1263.1007 1227.3566 1191.6125 1172.1014
-9999 1173.5935 1171.1258 1168.6581 1166.1903 1160.6976 1152.1675 1147.732 1148.0223 1148.3126 1148.6029 1150.3576 1154.6292 1158.2877 1160.7186 1163.4322 1166.7155 1169.9987 1173.2819 1176.0181 1177.4922 1178.9663 1180.4405 1181.272 1180.3931 1181.4159 1187.5355 1196.1198 1210.3556 1224.5913 1238.827 1243.0475 1227.9619 1212.8763 1197.7907 1186.1302 1180.0714 1178.3867 1182.9598 1187.533 1192.1062 1198.7586 1207.3577 1220.0121 1235.5816 1250.8614 1266.005 1281.1487 1296.2923 1310.5123 1324.5726 1338.6328 1348.9696 1322.5493 1294.0402 1258.2961 1222.552 1186.8079 1178.5563 1202.1446
-9999 1181.3722 1178.9045 1176.4368 1169.1496 1160.6194 1152.0893 1147.6538 1147.9441 1148.2344 1151.1675 1155.4391 1159.7107 1163.3693 1165.8002 1168.2311 1170.7105 1173.9937 1177.2769 1180.0131 1181.4873 1182.9614 1183.1464 1182.2676 1181.3887 1182.4115 1188.5311 1194.6507 1201.1775 1215.4132 1229.649 1233.8695 1218.7839 1203.6982 1194.3261 1188.2673 1182.2084 1180.5237 1185.0969 1189.6701 1197.2575 1205.8567 1214.4558 1227.1102 1242.6797 1258.2493 1273.6189 1288.7625 1303.9062 1318.1261 1332.1864 1334.8412 1308.4209 1282.0006 1253.4915 1217.7474 1182.0033 1185.0111 1208.5995 1232.1878
-9999 1189.1509 1186.1317 1177.6016 1169.0714 1160.5412 1152.011 1147.5756 1147.8659 1151.9774 1156.249 1160.5206 1164.7922 1168.4508 1170.8817 1173.3126 1175.7435 1178.1744 1181.272 1184.0082 1185.4823 1185.0209 1184.142 1183.2632 1182.3843 1183.4071 1189.5267 1195.6462 1201.7658 1207.8854 1220.4709 1224.6914 1209.6058 1202.522 1196.4632 1190.4043 1184.3454 1182.6607 1187.2339 1195.7564 1204.3556 1212.9548 1221.5539 1234.2082 1249.7778 1265.3473 1280.9169 1296.3764 1311.52 1325.74 1320.7128 1294.2925 1267.8722 1241.4519 1212.9428 1177.1987 1191.4659 1215.0543 1238.6427 1262.2311
-9999 1194.5837 1186.0535 1177.5234 1168.9932 1160.463 1151.9328 1148.5157 1152.7873 1157.0589 1161.3306 1165.6022 1169.8738 1173.5323 1175.9633 1178.3942 1180.8251 1183.256 1185.6869 1187.7741 1186.8953 1186.0164 1185.1376 1184.2588 1183.3799 1184.4027 1190.5223 1196.6418 1202.7614 1208.881 1215.0006 1216.7768 1210.7179 1204.6591 1198.6002 1192.5413 1186.4825 1185.6562 1194.2554 1202.8545 1211.4537 1220.0528 1228.652 1241.3063 1256.8759 1272.4454 1288.015 1303.5845 1319.1339 1306.5845 1280.1641 1253.7438 1227.3235 1200.9031 1174.3324 1197.9208 1221.5091 1245.0975 1268.6859 1292.2743
-9999 1196.9605 1188.4303 1179.9001 1171.3699 1162.8398 1155.2384 1150.9498 1151.7261 1155.9977 1160.2693 1164.541 1168.8126 1174.1611 1180.3299 1182.7608 1185.1918 1187.6227 1190.0536 1191.4837 1190.6048 1189.726 1188.8471 1187.9683 1187.9591 1188.2773 1187.0478 1193.1674 1199.287 1205.4065 1211.5261 1213.4859 1207.4271 1201.3682 1195.3093 1189.2505 1191.4686 1193.2754 1188.738 1197.3372 1205.9364 1214.5355 1223.1347 1242.3276 1262.7802 1278.3497 1293.9193 1309.4888 1325.0584 1322.1069 1298.6411 1272.2207 1245.8004 1219.3801 1198.2635 1201.4595 1225.0479 1248.6363 1272.2247 1295.813
-9999 1199.8077 1191.2776 1182.7474 1174.2172 1167.114 1160.267 1155.9785 1154.6427 1153.7592 1158.0309 1162.3025 1166.5741 1171.9226 1179.4275 1186.9325 1189.4214 1191.8523 1194.2833 1195.7133 1194.8345 1193.9557 1193.0768 1193.7674 1195.4356 1195.7538 1192.4537 1189.1536 1194.9558 1201.0754 1207.195 1209.1548 1203.0959 1197.0371 1190.9782 1197.7251 1209.5309 1211.3376 1198.8395 1189.4021 1198.0012 1206.6004 1215.1995 1234.3924 1261.201 1284.0252 1299.5948 1315.1643 1330.7339 1327.7824 1321.6299 1302.0103 1275.59 1249.1696 1228.0531 1225.3082 1223.507 1247.0953 1270.6837 1294.2721
