mean_models/J1_mean_vp_slide_diff_80.dat.tif
NCOLS 118
NROWS 92
XLLCORNER 139.62
YLLCORNER -39.07
DX 0.099491525
DY 0.099347826
NODATA_VALUE -9999
[rows 0 to 26 of 92, columns 0 to 59 of 118]
-9999 -9999 -9999 -9999 -9999 -9999 -9999 -9999 -9999 -9999 -9999 -9999 -9999 -9999 -9999 -9999 -9999 -9999 -9999 -9999 -9999 -9999 -9999 -9999 -9999 -9999 -9999 -9999 -9999 -9999 -9999 -9999 -9999 -9999 -9999 -9999 -9999 -9999 -9999 -9999 -9999 -9999 -9999 -9999 -9999 -9999 -9999 -9999 -9999 -9999 -9999 -9999 -9999 -9999 -9999 -9999 -9999 -9999 -9999 -9999
-9999 8.0520365 8.0506116 8.0491868 8.0477619 8.0463371 8.0442081 8.0447673 8.0489543 8.0524161 8.0558779 8.0593397 8.0628015 8.0666484 8.0703547 8.073016 8.0756772 8.0783384 8.0809997 8.0841453 8.0884083 8.0926714 8.0969344 8.1011975 8.1044853 8.1013707 8.095639 8.0876064 8.0795737 8.071541 8.0635083 8.0601569 8.0658292 8.0715016 8.077174 8.0828463 8.0887182 8.0959812 8.1008076 8.1029293 8.1050511 8.1071728 8.1092946 8.106713 8.1019986 8.0976827 8.0933669 8.089051 8.0847352 8.0792228 8.0766405 8.0740581 8.0714758 8.0688935 8.0679992 8.0709752 8.0711605 8.0713458 8.0715311 8.0717164
-9999 8.0442162 8.0427913 8.0413665 8.0399416 8.0372649 8.0338041 8.0343634 8.0395624 8.0442166 8.0476784 8.0511402 8.054602 8.0584489 8.0630668 8.0672588 8.06992 8.0725812 8.0752425 8.0783881 8.0826511 8.0869142 8.0911772 8.0927227 8.0899652 8.0868506 8.0827783 8.0779473 8.0699146 8.0618819 8.0538492 8.0504978 8.0561701 8.0618425 8.0675149 8.0735586 8.0799864 8.0872494 8.0957072 8.1018425 8.1039642 8.106086 8.1082077 8.1056262 8.0996635 8.0946431 8.0903272 8.0860114 8.0816956 8.0760402 8.0701533 8.0671688 8.0645865 8.0620041 8.0611098 8.0660627 8.0698253 8.0700106 8.0701959 8.0703812
-9999 8.0363958 8.034971 8.0335461 8.0303218 8.0268609 8.0234001 8.0239594 8.0291584 8.0343574 8.0394789 8.0429407 8.0464025 8.0502494 8.0548673 8.0594852 8.0641031 8.066824 8.0694853 8.0726309 8.0768939 8.081157 8.08096 8.0782026 8.0754452 8.0723305 8.0682582 8.064186 8.0601138 8.0522228 8.0441902 8.0408387 8.046511 8.0521834 8.0583989 8.0648267 8.0712545 8.0785175 8.0869753 8.0954332 8.1028774 8.1049992 8.1071209 8.1045394 8.0985767 8.092614 8.0872876 8.0829718 8.0786559 8.0730006 8.0671137 8.0612268 8.0576971 8.0551148 8.0542205 8.0591734 8.0641263 8.0686754 8.0688607 8.069046
-9999 8.0285755 8.0268394 8.0233786 8.0199178 8.0164569 8.0129961 8.0135554 8.0187544 8.0239534 8.0291524 8.0343514 8.038203 8.0420499 8.0466678 8.0512857 8.0559036 8.0605215 8.0637281 8.0668737 8.0711367 8.0691973 8.0664399 8.0636825 8.0609251 8.0578104 8.0537381 8.0496659 8.0455937 8.0415214 8.0345311 8.0311796 8.0368519 8.0432392 8.049667 8.0560949 8.0625227 8.0697857 8.0782435 8.0867013 8.0951591 8.1036169 8.1060341 8.1034525 8.0974899 8.0915272 8.0855645 8.0799322 8.0756163 8.0699609 8.0640741 8.0581872 8.0523003 8.0482254 8.0473311 8.052284 8.0572369 8.0621898 8.0671427 8.0677108
-9999 8.0198963 8.0164354 8.0129746 8.0095138 8.0060529 8.0025921 8.0031514 8.0083504 8.0135494 8.0187484 8.0239474 8.0291464 8.0338504 8.0384683 8.0430862 8.0477041 8.052322 8.0569399 8.060192 8.0574346 8.0546772 8.0519198 8.0491624 8.046405 8.0432903 8.039218 8.0351458 8.0310736 8.0270013 8.0229291 8.0216517 8.0280795 8.0345074 8.0409352 8.047363 8.0537909 8.0610538 8.0695116 8.0779695 8.0864273 8.0948851 8.1033429 8.1023657 8.096403 8.0904403 8.0844777 8.078515 8.0725767 8.0669213 8.0610344 8.0551476 8.0492607 8.0433738 8.0404417 8.0453947 8.0503476 8.0553005 8.0602534 8.0652063
-9999 8.0166828 8.013222 8.0097612 8.0063003 8.0028395 7.9996741 8.0005049 8.0057039 8.0109029 8.0161019 8.0213009 8.0261233 8.0297866 8.0325926 8.0372105 8.0418284 8.0464463 8.0510642 8.0534519 8.0506945 8.0479371 8.0451797 8.0424223 8.0391971 8.0372416 8.0393567 8.0352845 8.0312123 8.02714 8.0230678 8.022582 8.0290099 8.0354377 8.0418655 8.0482933 8.0526888 8.0575277 8.0659855 8.0744433 8.0829011 8.0913589 8.0990261 8.1044462 8.1031565 8.0971938 8.0912311 8.0852684 8.0793058 8.0734077 8.0675208 8.061634 8.0557471 8.0510416 8.0512344 8.0561873 8.0611402 8.0660931 8.071046 8.0699233
-9999 8.0146086 8.0111477 8.0076869 8.0042261 8.0012107 7.9982566 7.9990874 8.0042864 8.0094854 8.0146844 8.0192601 8.0236257 8.0272889 8.0295457 8.0318025 8.036321 8.0409389 8.0455568 8.0479445 8.0451871 8.0424297 8.0396723 8.0361017 8.0320872 8.0301317 8.0336948 8.037258 8.0336733 8.0296011 8.0255289 8.0250431 8.0314709 8.0378988 8.0443266 8.047678 8.0499873 8.0548263 8.0632841 8.0717419 8.0801997 8.0875824 8.0948155 8.1002355 8.1043522 8.1051894 8.0992267 8.093264 8.0873014 8.0814033 8.0755164 8.0696296 8.065817 8.0646356 8.0648283 8.0697812 8.0747341 8.079687 8.0767121 8.0719044
-9999 8.0125343 8.0090735 8.0057013 8.0027472 7.9997932 7.9968391 7.9976699 8.0028689 8.0080314 8.0123969 8.0167625 8.021128 8.0247913 8.0270481 8.0293049 8.0315617 8.0354314 8.0400493 8.042437 8.0396796 8.0369222 8.0330062 8.0289917 8.0249773 8.0230218 8.0265849 8.0301481 8.0337112 8.0320622 8.0279899 8.0275042 8.033932 8.0403578 8.0426672 8.0449765 8.0472859 8.0521249 8.0605827 8.0689057 8.0761388 8.0833718 8.0906048 8.0960249 8.1001415 8.1042582 8.1072223 8.1012596 8.095297 8.0893989 8.083512 8.0805924 8.079411 8.0782295 8.0784223 8.0833752 8.0883086 8.0835009 8.0786931 8.0738854
-9999 8.0104601 8.0072379 8.0042838 8.0013297 7.9983757 7.9954216 7.9962524 8.0011682 8.0055337 8.0098993 8.0142648 8.0186304 8.0222936 8.0245504 8.0268072 8.029064 8.0313208 8.0345418 8.0369296 8.0339253 8.0299108 8.0258963 8.0218818 8.0178673 8.0159119 8.019475 8.0230381 8.0266013 8.0301644 8.030451 8.0299653 8.035347 8.0376564 8.0399657 8.0422751 8.0445845 8.0494234 8.057462 8.0646951 8.0719281 8.0791611 8.0863942 8.0918142 8.0959309 8.1000476 8.1041642 8.1082809 8.1032926 8.0973945 8.0953679 8.0941864 8.0930049 8.0918235 8.0920162 8.0950974 8.0902897 8.0854819 8.0806742 8.0758664
-9999 8.0094969 8.0065428 8.0035887 8.0006346 7.9976806 7.9947265 7.9955025 7.999868 8.0042336 8.0085991 8.0129647 8.0173303 8.0203892 8.022646 8.0249028 8.0271596 8.0294164 8.0316732 8.0320337 8.0280192 8.0240047 8.0199902 8.0159758 8.0119613 8.0096346 8.0131978 8.0167609 8.0203241 8.0238872 8.0274504 8.0305853 8.0328947 8.035204 8.0375134 8.0398228 8.0421322 8.0466654 8.0538984 8.0611314 8.0683645 8.0755975 8.0828305 8.0886861 8.0928028 8.0969195 8.1010361 8.1051528 8.1092695 8.1088688 8.1076873 8.1065058 8.1053244 8.1041429 8.1013165 8.0965087 8.091701 8.0868932 8.0820855 8.0772777
-9999 8.0135362 8.0105821 8.007628 8.004674 8.0017199 8.0005474 8.0020505 8.0064161 8.0107816 8.0151472 8.0195128 8.022964 8.0250194 8.0248266 8.0268865 8.0291433 8.0314001 8.0336569 8.0340173 8.0300028 8.0259884 8.0219739 8.0179594 8.0141958 8.0117851 8.0126918 8.0159411 8.0195043 8.0230674 8.0266305 8.0297655 8.0320748 8.0343842 8.0366936 8.039003 8.0422894 8.0473422 8.0545752 8.0618082 8.0690413 8.0762743 8.0851124 8.0918523 8.0967694 8.1008861 8.1050028 8.1091195 8.1132362 8.1128354 8.111654 8.1104725 8.109291 8.1051768 8.0989936 8.0941858 8.0893781 8.0845703 8.0797626 8.073061
-9999 8.0175755 8.0146214 8.0116674 8.0090498 8.0080726 8.0070955 8.0085986 8.0129641 8.0173297 8.0216489 8.0248271 8.0280053 8.0300607 8.0298679 8.029675 8.0311269 8.0333837 8.0356405 8.036001 8.0319865 8.027972 8.0239575 8.0202848 8.0166364 8.0142258 8.0151325 8.0160392 8.0186844 8.0222476 8.0258107 8.0289456 8.031255 8.0335644 8.0359088 8.0394375 8.0429662 8.048019 8.055252 8.0624851 8.0699799 8.0789059 8.0878318 8.0945718 8.0997403 8.1048528 8.1089695 8.1130862 8.1172028 8.1168021 8.1156206 8.1144392 8.1094342 8.1028539 8.0966707 8.0918629 8.0870552 8.0820826 8.0752042 8.0683258
-9999 8.0216148 8.0186608 8.016575 8.0155978 8.0146207 8.0136436 8.0151466 8.0195122 8.023512 8.0266902 8.0298684 8.0330465 8.035102 8.0349092 8.0347163 8.0345235 8.0353674 8.0376242 8.0379846 8.0339701 8.0300221 8.0263738 8.0227254 8.0190771 8.0166664 8.0175731 8.0184799 8.0193866 8.0214278 8.0249909 8.0281258 8.0304352 8.0330568 8.0365856 8.0401143 8.0436431 8.0486958 8.0559288 8.0637735 8.0726994 8.0816253 8.0905513 8.0972912 8.1024597 8.1076282 8.1127967 8.1170528 8.1211695 8.1207688 8.1195873 8.1136916 8.1071113 8.100531 8.0943478 8.0895401 8.0842259 8.0773475 8.0704691 8.0635906
-9999 8.0256542 8.0241002 8.023123 8.0221459 8.0211688 8.0201916 8.0216947 8.0253751 8.0285533 8.0317315 8.0349096 8.0380878 8.0401433 8.0399504 8.0397576 8.0395647 8.0393719 8.0396078 8.0399683 8.0361111 8.0324628 8.0288144 8.0251661 8.0215177 8.0191071 8.0200138 8.0209205 8.0218272 8.0227339 8.0241711 8.027306 8.0302049 8.0337336 8.0372624 8.0407911 8.0443199 8.0493726 8.057567 8.0664929 8.0754188 8.0843448 8.0932707 8.1000107 8.1051792 8.1103477 8.1155162 8.1206846 8.1251362 8.1245294 8.1179491 8.1113688 8.1047885 8.0982082 8.0920249 8.0863691 8.0794907 8.0726123 8.0657339 8.0588555
-9999 8.0315665 8.0305894 8.0296123 8.0286351 8.027658 8.0266809 8.0276962 8.0308744 8.0340526 8.0372307 8.0404089 8.0435871 8.0454723 8.0452536 8.0450608 8.044868 8.0446751 8.0444823 8.0432445 8.0395962 8.0359478 8.0322995 8.0286511 8.0250027 8.0204674 8.0204687 8.0213754 8.0222821 8.0231888 8.0240956 8.0258979 8.0294266 8.0329554 8.0364841 8.0400129 8.0435416 8.0469105 8.0558365 8.0647624 8.0736883 8.0826143 8.0915402 8.0987462 8.1039147 8.1090832 8.1142517 8.1194202 8.1245887 8.1183611 8.1117808 8.1052005 8.0986202 8.0920399 8.0877305 8.0822499 8.0753715 8.0684931 8.0616146 8.0547362
-9999 8.0379191 8.036942 8.0359648 8.0349877 8.0342768 8.0350729 8.0362272 8.0377949 8.0406161 8.0437942 8.0469724 8.0501506 8.0520358 8.0513317 8.0509726 8.0507798 8.0505869 8.0503941 8.0491563 8.045508 8.0418596 8.0382113 8.0345629 8.0314209 8.0270731 8.0193919 8.0172161 8.0181228 8.0190295 8.0199363 8.0217386 8.0252673 8.0287961 8.0323248 8.0360928 8.0453095 8.0493848 8.0461046 8.0526918 8.0616178 8.0705437 8.0794696 8.0869537 8.0933931 8.0985616 8.1037301 8.1088986 8.1140671 8.1059344 8.0966771 8.0900969 8.0835166 8.0769363 8.0726269 8.0761837 8.0726834 8.065805 8.0589265 8.0520481
-9999 8.0442716 8.0432945 8.0423174 8.0421314 8.0429275 8.0437236 8.0448779 8.0464456 8.0480133 8.0503578 8.0535359 8.0567141 8.0585993 8.0578953 8.0571912 8.0566916 8.0564988 8.0563059 8.0550682 8.0514198 8.0477715 8.0442346 8.0411306 8.0380266 8.0336789 8.0259977 8.0183164 8.0139635 8.0148703 8.015777 8.0175793 8.021108 8.0246368 8.0298467 8.0390633 8.04828 8.0523553 8.0490751 8.045795 8.0495472 8.0584732 8.0673991 8.0748832 8.0813308 8.0877783 8.0932086 8.0983771 8.1035456 8.0954129 8.0849813 8.0749932 8.0684129 8.0618326 8.0575233 8.0610801 8.0646369 8.0631169 8.0562384 8.04936
-9999 8.0506242 8.0496471 8.0499859 8.050782 8.0515781 8.0523742 8.0535285 8.0550962 8.056664 8.0582317 8.0600995 8.0632776 8.0651628 8.0644588 8.0637547 8.0630506 8.0624106 8.0622177 8.06098 8.0573317 8.0539443 8.0508404 8.0477364 8.0446324 8.0402847 8.0326035 8.0249222 8.017241 8.010711 8.0116177 8.01342 8.0169487 8.0236006 8.0328172 8.0420338 8.0512505 8.0553258 8.0520456 8.0487655 8.0454854 8.0464026 8.0553285 8.0628126 8.0692602 8.0757078 8.0821554 8.0878555 8.093024 8.0848913 8.0744598 8.0640283 8.0535968 8.046729 8.0424196 8.0459765 8.0495333 8.0530901 8.0535503 8.0466719
-9999 8.0570444 8.0578405 8.0586366 8.0594327 8.0602288 8.0610249 8.0621792 8.0637469 8.0653146 8.0668824 8.0684501 8.0700178 8.0717263 8.0710223 8.0703182 8.0696141 8.0689101 8.068206 8.0668918 8.0636541 8.0605501 8.0574462 8.0543422 8.0512382 8.0468905 8.0392093 8.031528 8.0238467 8.0161655 8.0084842 8.0092607 8.0173545 8.0265711 8.0357877 8.0450043 8.054221 8.0582963 8.0550161 8.051736 8.0484559 8.0451757 8.043258 8.0507421 8.0571897 8.0636372 8.0700848 8.0765324 8.0825024 8.0743697 8.0639382 8.0535067 8.0430752 8.0326437 8.027316 8.0308728 8.0344297 8.0379865 8.0415433 8.0439838
-9999 8.0610808 8.0618769 8.062673 8.0634691 8.0642651 8.0658963 8.0692549 8.0708226 8.0723904 8.0739581 8.0755258 8.0770158 8.0770073 8.0761879 8.0754838 8.0747797 8.0740757 8.0733716 8.0719418 8.0688379 8.0657339 8.0626299 8.0595259 8.056422 8.0511771 8.0463339 8.0386526 8.0309714 8.0232901 8.0156089 8.0136994 8.022916 8.0321326 8.0413492 8.0505659 8.0590133 8.0594935 8.0562134 8.0529332 8.0496531 8.046373 8.0437295 8.0440673 8.0499592 8.0564068 8.0628544 8.0693019 8.0757495 8.0678053 8.0573738 8.0469423 8.0365108 8.0260793 8.0195853 8.0231422 8.026699 8.0302558 8.0338126 8.0344249
-9999 8.0616365 8.0624326 8.0632287 8.0640248 8.0668737 8.071784 8.0751426 8.0767104 8.0782781 8.0798458 8.0810154 8.0815006 8.0814921 8.0804949 8.0795949 8.0788908 8.0781868 8.0774827 8.0760529 8.0729489 8.069845 8.066741 8.0626453 8.0559099 8.050659 8.049387 8.0461686 8.0384873 8.0308061 8.0231248 8.0212154 8.030432 8.0396486 8.0488652 8.0557642 8.0588729 8.0593531 8.056073 8.0527929 8.0495127 8.0473897 8.04635 8.0466877 8.0480157 8.0528273 8.0592749 8.0657225 8.07217 8.0642258 8.0537943 8.0433628 8.0330403 8.0237942 8.0174162 8.020973 8.0245298 8.0280866 8.0266566 8.0194511
-9999 8.0621922 8.0629883 8.0637844 8.0678511 8.0727615 8.0776718 8.0810304 8.0825981 8.0841658 8.085015 8.0855002 8.0859855 8.0859769 8.0849797 8.0839825 8.0830019 8.0822978 8.0815938 8.080164 8.07706 8.0739561 8.0688626 8.0621272 8.0553918 8.0501409 8.0488689 8.0475969 8.0460033 8.0383221 8.0306408 8.0287313 8.037948 8.0471646 8.0525152 8.0556239 8.0587326 8.0592128 8.0559327 8.0526525 8.0510498 8.0500101 8.0489705 8.0493082 8.0506361 8.0519641 8.0556954 8.062143 8.0685905 8.0606463 8.0502148 8.0401173 8.0308712 8.021625 8.015247 8.0188038 8.0223606 8.0188883 8.0116828 8.0044773
-9999 8.0627479 8.0639183 8.0688286 8.0737389 8.0786492 8.0835595 8.0869181 8.0884858 8.0890146 8.0894998 8.089985 8.0904703 8.0904618 8.0894645 8.0884673 8.08747 8.0864728 8.0857049 8.0842751 8.0811711 8.0750799 8.0683445 8.0616091 8.0548737 8.0496228 8.0483508 8.0470788 8.0458069 8.0445349 8.0381568 8.0362473 8.0454639 8.0492661 8.0523748 8.0554835 8.0585922 8.0590724 8.0557923 8.05471 8.0536703 8.0526306 8.0515909 8.0519287 8.0532566 8.0545846 8.0559125 8.0585635 8.0650111 8.0570668 8.0471943 8.0379481 8.028702 8.0194558 8.0130778 8.0166347 8.0111199 8.0039144 7.9967089 7.9895034
-9999 8.0648957 8.069806 8.0747163 8.0796266 8.0845369 8.0894472 8.092529 8.0930142 8.0934994 8.0939846 8.0944699 8.0949551 8.0949466 8.0939493 8.0929521 8.0919549 8.0909576 8.0899604 8.0880326 8.0812972 8.0745618 8.0678264 8.061091 8.0543556 8.0491047 8.0478327 8.0465608 8.0452888 8.0440168 8.0427448 8.0429084 8.0460171 8.0491258 8.0522345 8.0553432 8.0584518 8.0594098 8.0583701 8.0573304 8.0562907 8.0552511 8.0542114 8.0545491 8.0558771 8.057205 8.058533 8.0598609 8.0614316 8.0542712 8.0450251 8.035779 8.0265328 8.0172867 8.0105571 8.0033516 7.9961461 7.9889406 7.9817351 7.9745296
-9999 8.0652459 8.0701562 8.0750665 8.0799768 8.0848871 8.0914407 8.0974072 8.0999265 8.1004117 8.1008969 8.1013821 8.1018674 8.1014946 8.0996918 8.0986946 8.0976973 8.0967001 8.0957028 8.0929705 8.0862351 8.0794996 8.0727642 8.0660288 8.0603427 8.0535601 8.0414644 8.0401924 8.0389205 8.0376485 8.0363765 8.0366008 8.0397095 8.0428182 8.0459269 8.0490356 8.0512881 8.0528927 8.0538057 8.052766 8.0517263 8.0506867 8.049647 8.0469493 8.0460104 8.0473383 8.0486663 8.0499942 8.0513222 8.0538943 8.0464023 8.0371562 8.0279101 8.0186639 8.0108571 8.0070469 7.9998414 7.9926359 7.9854304 7.9782249
-9999 8.0645348 8.0694451 8.0743554 8.0792658 8.0867008 8.0945892 8.1005557 8.1043041 8.1077892 8.1082744 8.1087597 8.1092449 8.1088722 8.1067814 8.1046905 8.1036808 8.1026836 8.1016863 8.098954 8.0922185 8.0854831 8.0787477 8.0739059 8.0702434 8.0634609 8.0483155 8.0331702 8.0314309 8.0301589 8.028887 8.0291113 8.03222 8.0353286 8.0384373 8.0402214 8.0414823 8.0430869 8.0451832 8.0468246 8.0457849 8.0447452 8.0437055 8.0410079 8.0371183 8.0350784 8.0364063 8.0377343 8.0390622 8.0416344 8.0444215 8.0392131 8.029967 8.0207208 8.012914 8.0100929 8.0071147 7.9999092 7.9927037 7.9854982
