mean_models/J1_mean_vp_slide_diff2_0.dat.tif
NCOLS 118
NROWS 92
XLLCORNER 139.62
YLLCORNER -39.07
DX 0.099491525
DY 0.099347826
NODATA_VALUE -9999
[rows 25 to 49 of 92, columns 0 to 55 of 118]
-9999 0.06469288 0.059799855 0.054906829 0.050013803 0.045120777 0.044547591 0.045363373 0.041397862 0.033569021 0.025740179 0.017911338 0.010082497 0.0023758768 -0.0025098621 -0.00018839322 0.0021330757 0.0044545446 0.0067760136 0.0073926802 0.004076296 0.00075991187 -0.0025564723 -0.0058728565 -0.0041501193 0.0013874777 -0.006526594 -0.0060207048 -0.0055148157 -0.0050089266 -0.0045030375 -0.0071074615 -0.015707576 -0.024307691 -0.032907806 -0.041507921 -0.046982877 -0.050968145 -0.055929876 -0.05747371 -0.059017544 -0.060561378 -0.062105212 -0.058993676 -0.051647058 -0.043617917 -0.035588777 -0.027559636 -0.019530495 -0.0060771985 0.0078582467 0.021715995 0.035573743 0.049431491 0.061657429 0.068110732
-9999 0.055392233 0.050499207 0.045606181 0.040713155 0.042457289 0.045393105 0.046208887 0.044577878 0.042446912 0.03461807 0.026789229 0.018960387 0.011253768 0.0037919032 -0.0036699612 -0.0014603563 0.00086111263 0.0031825816 0.0037992482 0.00048286404 -0.0028335201 -0.0061499043 -0.00037240324 0.011069122 0.016606719 0.0063203072 -0.0039661048 -0.0038237889 -0.0033178998 -0.0028120107 -0.0054164347 -0.01401655 -0.022616665 -0.031216779 -0.03498179 -0.036836716 -0.040821984 -0.047855005 -0.054091656 -0.05563549 -0.057179324 -0.058723158 -0.055611623 -0.049153401 -0.042138269 -0.034109128 -0.026079988 -0.018050847 -0.00459755 0.0097931885 0.023829778 0.037687527 0.051545275 0.063771213 0.07034476
-9999 0.046091585 0.041198559 0.037431172 0.040366987 0.043302803 0.046238618 0.0470544 0.045423392 0.043792383 0.042161374 0.03566712 0.027838278 0.020131658 0.012669794 0.0052079296 -0.0022539348 -0.0027323194 -0.00041085045 0.00020581621 -0.003110568 -0.0064269521 0.0034053128 0.014846838 0.026288364 0.031825961 0.021539549 0.011253137 0.00096672473 -0.001626873 -0.0011209839 -0.0037254079 -0.012325523 -0.020925638 -0.022980702 -0.024835629 -0.026690556 -0.030675823 -0.037708844 -0.044741866 -0.051774888 -0.053797271 -0.055341105 -0.052229569 -0.045771347 -0.039313125 -0.03262948 -0.024600339 -0.016571198 -0.0031179016 0.011272837 0.025663575 0.03980131 0.053659058 0.065884997 0.072458544
-9999 0.036790938 0.03534087 0.038276685 0.041212501 0.044148316 0.047084132 0.047899914 0.046268905 0.044637896 0.043006888 0.041375879 0.036716169 0.029009549 0.021547685 0.01408582 0.0066239561 -0.00083790834 -0.0040042825 -0.0033876158 -0.0042584966 0.0071830288 0.018624554 0.03006608 0.041507605 0.047045202 0.03675879 0.026472378 0.016185966 0.0058995542 0.00057004297 -0.002034381 -0.0091246876 -0.010979614 -0.012834541 -0.014689468 -0.016544395 -0.020529662 -0.027562684 -0.034595705 -0.041628727 -0.048661748 -0.051959051 -0.048847515 -0.042389294 -0.035931072 -0.02947285 -0.023014628 -0.01509155 -0.0016382531 0.012752485 0.027143224 0.041533962 0.055772842 0.06799878 0.074572327
-9999 0.032746867 0.035682683 0.038618498 0.041554314 0.044490129 0.047425945 0.046959581 0.045328572 0.043697563 0.042066555 0.040435546 0.038804538 0.037612695 0.03015083 0.022688966 0.015227101 0.0077652369 0.00030337249 -0.0014423902 0.0099991352 0.021440661 0.032882186 0.044323711 0.055765237 0.062264443 0.051978032 0.04169162 0.031405208 0.021118796 0.010832384 0.0034258913 0.0015709646 -0.00028396216 -0.0021388889 -0.0039938156 -0.0058487424 -0.01008586 -0.017118881 -0.024151903 -0.031184925 -0.038217946 -0.045250968 -0.044893075 -0.038434853 -0.031976631 -0.02551841 -0.019060188 -0.012601966 -0.00079967769 0.013591061 0.027981799 0.042372538 0.056763276 0.069196745 0.075770292
-9999 0.028942057 0.031877872 0.034813688 0.037749503 0.040685319 0.036276713 0.032268933 0.029686574 0.028055565 0.026424557 0.024793548 0.023162539 0.025333071 0.035116404 0.029030316 0.021568452 0.014106587 0.0066447231 0.0048989604 0.016340486 0.027782011 0.039223537 0.050665062 0.054955388 0.057696051 0.065115758 0.056910861 0.046624449 0.036338037 0.026051625 0.018645133 0.016790206 0.014935279 0.013080353 0.011225426 0.0073451881 0.0021534155 -0.0042248019 -0.011257824 -0.018290845 -0.025323867 -0.032356888 -0.033572011 -0.029768341 -0.023310119 -0.016851897 -0.010393675 -0.0039354534 -0.00010559539 0.0091521154 0.023542854 0.037933592 0.052324331 0.064605657 0.069580233
-9999 0.025137246 0.028073062 0.031008877 0.03234144 0.027122212 0.021902984 0.017895205 0.015285591 0.012675977 0.010782559 0.0091515499 0.0075205413 0.0096910725 0.019474406 0.029257739 0.027909803 0.020447938 0.012986074 0.011240311 0.022681836 0.034123362 0.045564887 0.046984987 0.047979902 0.050720566 0.058140273 0.06555998 0.061843691 0.051557279 0.041270867 0.033864374 0.032009447 0.030154521 0.028162499 0.023778127 0.019393754 0.014201982 0.0078551085 0.0015082353 -0.0053967656 -0.012429787 -0.019462809 -0.020677931 -0.01771064 -0.014643606 -0.0081853846 -0.0017271627 0.0047310591 0.0085609171 0.011936522 0.019103908 0.033494647 0.047885385 0.060166711 0.065141287
-9999 0.021332436 0.024268252 0.023186939 0.017967712 0.012748484 0.0075292565 0.0035214765 0.00091186274 -0.001697751 -0.0043073648 -0.0064904482 -0.0081214569 -0.0059509257 0.0038324076 0.013615741 0.023399074 0.026789289 0.019327424 0.017581662 0.029023187 0.038019671 0.039014586 0.040009501 0.041004416 0.04374508 0.051164787 0.058584494 0.066004201 0.06677652 0.056490108 0.049083616 0.047228689 0.044595437 0.040211065 0.035826693 0.03144232 0.026250548 0.019903675 0.013556801 0.0072099282 0.00046429232 -0.0065687293 -0.0077838518 -0.0048165607 -0.0018492696 0.0011180215 0.0069393497 0.013397572 0.01722743 0.020603035 0.02397864 0.029055702 0.04344644 0.055727766 0.060702342
-9999 0.017527626 0.014032439 0.0088132111 0.0035939836 -0.001625244 -0.0068444716 -0.010852252 -0.013461865 -0.016071479 -0.018681093 -0.021290707 -0.023763455 -0.021592924 -0.011809591 -0.0020262572 0.0077570762 0.017540409 0.025668775 0.023923012 0.03004927 0.031044185 0.0320391 0.033034015 0.034028931 0.036769594 0.044189301 0.051609008 0.059028715 0.066448422 0.071709349 0.064302857 0.061028376 0.056644003 0.052259631 0.047875259 0.043490886 0.038299114 0.031952241 0.025605368 0.019258494 0.012911621 0.0063253503 0.0051102278 0.0080775189 0.01104481 0.014012101 0.016979392 0.022064084 0.025893942 0.029269547 0.032645153 0.036020758 0.039396363 0.05128882 0.056263397
-9999 0.0077762962 0.0025570687 -0.0026621589 -0.0078813865 -0.013100614 -0.018319842 -0.024138987 -0.026893757 -0.029503371 -0.032112985 -0.034722598 -0.037332212 -0.034930746 -0.024726681 -0.014943348 -0.0051600145 0.0046233188 0.014406652 0.0215325 0.022527415 0.02352233 0.024517245 0.025512161 0.026507076 0.033737354 0.040335925 0.047755632 0.055175339 0.062595046 0.070014753 0.073402572 0.0690182 0.064633828 0.060249455 0.055865083 0.051480711 0.049569323 0.043529021 0.037182148 0.030835275 0.024488402 0.018141529 0.014930764 0.017898055 0.020865347 0.023832638 0.026799929 0.02976722 0.031533743 0.034909349 0.038284954 0.041660559 0.045036164 0.049287375 0.054804331
-9999 0.0010811166 -0.0041381109 -0.0093573385 -0.014576566 -0.019748785 -0.024804911 -0.030618193 -0.037305328 -0.041381915 -0.043991529 -0.046601143 -0.049210757 -0.046809291 -0.03437285 -0.023366316 -0.013582982 -0.003799649 0.0059836843 0.013109532 0.014104447 0.015099362 0.016094278 0.017831301 0.030101922 0.040000586 0.04354181 0.049051473 0.05647118 0.063890887 0.071310594 0.074698413 0.070314041 0.065929669 0.061545297 0.057634724 0.055948427 0.054320741 0.052776907 0.047980825 0.041633952 0.035287079 0.028940206 0.025168755 0.023248743 0.025616764 0.028584055 0.031551347 0.034518638 0.034955896 0.035557269 0.038932874 0.04230848 0.045684085 0.049935296 0.057219497
-9999 -0.005614063 -0.010833291 -0.016052518 -0.021171864 -0.026227991 -0.031284117 -0.037097399 -0.043784534 -0.050471669 -0.055870073 -0.058479687 -0.061089301 -0.058687835 -0.046251395 -0.033814954 -0.02200595 -0.012222617 -0.0024392836 0.0046865639 0.0056814792 0.0066763944 0.011823912 0.024094533 0.036365155 0.046263819 0.049805043 0.053346267 0.057767021 0.065186728 0.072606435 0.075994255 0.071609882 0.06722551 0.064072439 0.062386142 0.060699845 0.059072159 0.057528325 0.055984491 0.052432629 0.046085755 0.039738882 0.035967432 0.03404742 0.032127408 0.033335473 0.036302764 0.039270055 0.039707314 0.039707314 0.039707314 0.0429564 0.046332006 0.050583216 0.057867417
-9999 -0.012309243 -0.01752847 -0.022594943 -0.02765107 -0.032707197 -0.037763323 -0.043576605 -0.05026374 -0.056950875 -0.063638011 -0.070325146 -0.072967845 -0.07056638 -0.058129939 -0.045693498 -0.033257058 -0.020820617 -0.010862251 -0.003736404 -0.0027414887 0.0058165229 0.018087144 0.030357766 0.042628387 0.052527051 0.056068275 0.059609499 0.063150723 0.066691947 0.073902276 0.077290096 0.072905724 0.070510154 0.068823857 0.067137559 0.065451262 0.063823577 0.062279743 0.060735909 0.059192075 0.056884432 0.050537559 0.046766109 0.044846097 0.042926085 0.041006073 0.041054182 0.044021473 0.044458732 0.044458732 0.044458732 0.044458732 0.046979926 0.051231137 0.058515338
-9999 -0.018961896 -0.024018023 -0.029074149 -0.034130276 -0.039186403 -0.044242529 -0.050055811 -0.056742946 -0.063430082 -0.070117217 -0.076804352 -0.083491487 -0.082444924 -0.070008484 -0.057572043 -0.045135602 -0.032699161 -0.020262721 -0.012159372 -0.00019086606 0.012079755 0.024350377 0.036620998 0.04889162 0.058790284 0.062331508 0.065872732 0.069413955 0.072955179 0.076496403 0.078634165 0.076947868 0.075261571 0.073575274 0.071888977 0.07020268 0.068574994 0.06703116 0.065487326 0.063943492 0.062399658 0.060855824 0.057564785 0.055644773 0.053724762 0.05180475 0.049884738 0.048772891 0.049210149 0.049210149 0.049210149 0.049210149 0.049210149 0.051879058 0.059163259
-9999 -0.020760809 -0.025816936 -0.030873062 -0.035929189 -0.040985316 -0.048705588 -0.057664743 -0.064351878 -0.071039013 -0.077726149 -0.084413284 -0.09104781 -0.090263002 -0.07591562 -0.063479179 -0.051042738 -0.038606298 -0.026169857 -0.013783557 -0.001512936 0.010757685 0.023028307 0.035298928 0.048666471 0.061917369 0.065689731 0.069230955 0.072772178 0.076313402 0.079854626 0.0816103 0.079924003 0.078237706 0.076551409 0.074865111 0.073986587 0.073649191 0.072105357 0.070561523 0.069017689 0.067473855 0.068440158 0.0657414 0.062085936 0.060165924 0.058245912 0.0563259 0.054405888 0.054122957 0.054122957 0.054122957 0.054122957 0.053181908 0.04929919 0.056583391
-9999 -0.020976783 -0.026032909 -0.031089036 -0.036145163 -0.045768851 -0.056696608 -0.065655764 -0.072342899 -0.079030034 -0.08571717 -0.092298823 -0.098822857 -0.098038049 -0.082616863 -0.067366703 -0.054930262 -0.042493821 -0.030057381 -0.017671081 -0.0054004596 0.0068701618 0.019140783 0.033862493 0.050610233 0.06386113 0.067739614 0.071606664 0.075147887 0.078689111 0.082230335 0.083986009 0.082299711 0.080613414 0.078927117 0.078664062 0.079169952 0.078832556 0.077288722 0.075744888 0.074201054 0.076411576 0.079670782 0.076972024 0.069990162 0.065133315 0.063213304 0.061293292 0.05937328 0.059090348 0.059090348 0.059090348 0.056616895 0.049510358 0.04562764 0.052911841
-9999 -0.021192756 -0.026248883 -0.031904356 -0.042832114 -0.053759871 -0.064687629 -0.073646784 -0.08033392 -0.087021055 -0.093549836 -0.10007387 -0.1065979 -0.1058131 -0.09039191 -0.074970724 -0.059549537 -0.046381345 -0.033944904 -0.021558605 -0.0092879833 0.0029826382 0.019058514 0.035806254 0.052553994 0.065804892 0.069683375 0.073561859 0.077440342 0.08106482 0.084606044 0.086361717 0.08467542 0.082989123 0.083341538 0.083847427 0.084353316 0.084015921 0.082472087 0.08112379 0.084382995 0.0876422 0.090901405 0.088202648 0.081220786 0.074238925 0.068180695 0.066260683 0.064340671 0.064057739 0.064057739 0.060051883 0.052945345 0.045838808 0.04195609 0.049240291
-9999 -0.02140873 -0.028967619 -0.039895377 -0.050823134 -0.061750892 -0.07267865 -0.081637805 -0.088276814 -0.094800849 -0.10132488 -0.10784892 -0.11437295 -0.11358814 -0.098166957 -0.082745771 -0.067324584 -0.051903398 -0.037832428 -0.025446128 -0.012493204 0.0042545359 0.021002276 0.037750016 0.054497756 0.067748654 0.071627137 0.07550562 0.079384104 0.083262587 0.086981753 0.088737426 0.087513125 0.088019014 0.088524903 0.089030792 0.089536681 0.089199286 0.089095209 0.092354414 0.095613619 0.098872824 0.10213203 0.099433271 0.09245141 0.085469549 0.078487687 0.071505826 0.069308062 0.06902513 0.06348687 0.056380333 0.049273795 0.042167258 0.03828454 0.04578293
-9999 -0.022571339 -0.033499097 -0.044426854 -0.055354612 -0.06628237 -0.077210127 -0.086489497 -0.093013531 -0.099537566 -0.1060616 -0.11258563 -0.11910967 -0.11879503 -0.10337384 -0.087952655 -0.072531468 -0.057110282 -0.041689095 -0.025866779 -0.0091190388 0.0076287014 0.024376441 0.041124182 0.057871922 0.068252329 0.072130812 0.076009296 0.079887779 0.083766262 0.087644745 0.09037126 0.09087715 0.091383039 0.091888928 0.092394817 0.092900706 0.095009514 0.098268719 0.10152792 0.10478713 0.10804633 0.11130554 0.1093244 0.10234254 0.095360682 0.088378821 0.081396959 0.074415098 0.068341502 0.061234965 0.054128427 0.04702189 0.039915352 0.034693081 0.043398589
-9999 -0.0010107468 -0.011938505 -0.022866262 -0.03379402 -0.044721778 -0.055649535 -0.065744423 -0.074834993 -0.081359027 -0.087883062 -0.094407096 -0.10093113 -0.10119562 -0.088924995 -0.073790305 -0.058369118 -0.042947932 -0.027526746 -0.011704429 0.0050433109 0.021791051 0.038538791 0.055286531 0.065343319 0.06893241 0.06303037 0.065651756 0.069530239 0.073408723 0.077287206 0.080013721 0.08051961 0.081025499 0.081531389 0.082037278 0.085828068 0.08949592 0.091927369 0.095186574 0.098445779 0.10170498 0.10496419 0.10521027 0.10213117 0.095149304 0.088167442 0.081185581 0.074203719 0.073326359 0.069690099 0.062583561 0.055477024 0.048370486 0.042139554 0.038941612
-9999 0.020549845 0.0096220875 -0.0013056702 -0.012233428 -0.023161186 -0.034088943 -0.044183831 -0.053317479 -0.062451127 -0.069704524 -0.076228558 -0.082752592 -0.083017078 -0.070746456 -0.058475835 -0.044206769 -0.028785582 -0.013364396 0.0024579205 0.019205661 0.035953401 0.052701141 0.060115498 0.067245724 0.070834815 0.064932775 0.059030736 0.0591727 0.063051183 0.066929666 0.069656182 0.070162071 0.07066796 0.071437605 0.075990607 0.080543609 0.084211461 0.08661298 0.0890145 0.092104429 0.095363634 0.098622839 0.098868922 0.09694891 0.094937925 0.087956064 0.080974202 0.073992341 0.073114981 0.073292644 0.071038695 0.063932158 0.05682562 0.050594688 0.047396746
-9999 0.042110437 0.03118268 0.020254922 0.0093271641 -0.0016005936 -0.012528351 -0.022623239 -0.031756887 -0.040890535 -0.050024183 -0.05805002 -0.064574054 -0.06483854 -0.052567918 -0.040297297 -0.028026675 -0.014623233 0.00079795378 0.01662027 0.03336801 0.047757451 0.054887677 0.062017903 0.069148129 0.07273722 0.066835181 0.060933141 0.055031101 0.052693644 0.056572127 0.059298643 0.059804532 0.061600144 0.066153146 0.070706148 0.07525915 0.078927002 0.081328522 0.083730041 0.086131561 0.089022283 0.092281488 0.092527571 0.09060756 0.088687548 0.086767536 0.080762824 0.073780963 0.072903602 0.073081266 0.073258929 0.072387292 0.065280754 0.059049822 0.05585188
-9999 0.063671029 0.052743272 0.041815514 0.030887756 0.019959998 0.0090322408 -0.0010626467 -0.010196295 -0.019329943 -0.028463591 -0.03759724 -0.046395516 -0.046660001 -0.03438938 -0.022118758 -0.0098481368 0.0024224847 0.014960303 0.03078262 0.042529631 0.049659857 0.056790083 0.063920309 0.071050535 0.074639625 0.068737586 0.062835546 0.056933506 0.051031467 0.046214588 0.048941103 0.051762683 0.056315685 0.060868687 0.065421689 0.069974691 0.073642543 0.076044063 0.078445582 0.080847102 0.083248622 0.085940138 0.086186221 0.084266209 0.082346197 0.080426185 0.078506173 0.073569584 0.072692224 0.072869887 0.073047551 0.073225214 0.073402878 0.067504956 0.064307015
-9999 0.080144706 0.069216948 0.058289191 0.047361433 0.036433675 0.025505917 0.02274388 0.013610232 0.0044765837 -0.0046570645 -0.013790713 -0.022924361 -0.032974088 -0.023316921 -0.0110463 0.0012243219 0.013494943 0.025765565 0.036481808 0.043612034 0.05074226 0.057872486 0.065002712 0.072132938 0.077240469 0.072719023 0.066816983 0.060914943 0.055012904 0.049110864 0.046779925 0.051332927 0.055885929 0.060438931 0.064991933 0.069544935 0.072104333 0.074505852 0.076907372 0.079308891 0.081710411 0.08377383 0.085363557 0.083443545 0.081523533 0.079603521 0.077683509 0.075763497 0.075632048 0.075809712 0.075987375 0.076165039 0.076342702 0.077725272 0.07452733
-9999 0.088534078 0.07760632 0.066678563 0.055750805 0.049600554 0.05269947 0.050119726 0.040986077 0.031852429 0.022718781 0.012287145 -0.003044336 -0.013987614 -0.016143264 -0.011267073 0.0010035489 0.01327417 0.025544792 0.036261035 0.043391261 0.050521487 0.057651713 0.064762482 0.071726889 0.076798923 0.076798923 0.07410249 0.068200451 0.062298411 0.056396371 0.054065432 0.058618434 0.063171436 0.067724438 0.071781414 0.07414223 0.076519792 0.078921311 0.081322831 0.08372435 0.084556873 0.082669965 0.084927194 0.09016359 0.089471359 0.087551347 0.085631335 0.083711323 0.083579874 0.083757538 0.083935201 0.084112865 0.088158563 0.090750876 0.087552934
