mean_models/J1_mean_vp_slide_diff2_280.dat.tif
NCOLS 118
NROWS 92
XLLCORNER 139.62
YLLCORNER -39.07
DX 0.099491525
DY 0.099347826
NODATA_VALUE -9999
[rows 24 to 47 of 92, columns 55 to 109 of 118]
-0.075438506 -0.074938383 -0.074438261 -0.073938138 -0.073438016 -0.076572312 -0.08217635 -0.087780388 -0.093384426 -0.098988464 -0.1035786 -0.10871509 -0.11521442 -0.12171374 -0.12821307 -0.1347124 -0.13586862 -0.12121628 -0.10656394 -0.091911604 -0.077259266 -0.062856461 -0.070738818 -0.078621175 -0.086503531 -0.094385888 -0.10226825 -0.10153569 -0.098397387 -0.095259087 -0.092120786 -0.088982485 -0.090124296 -0.098978478 -0.10783266 -0.11668684 -0.12554103 -0.135648 -0.13295875 -0.13144043 -0.12992211 -0.1284038 -0.12688548 -0.12458004 -0.1207456 -0.11691115 -0.11307671 -0.10924227 -0.10647172 -0.10768293 -0.10889414 -0.11010535 -0.11131656 -0.10767851 -0.10071311
-0.078921563 -0.078421441 -0.077921318 -0.077421195 -0.076921073 -0.080472675 -0.086359179 -0.091963217 -0.097567255 -0.10317129 -0.10877533 -0.10451121 -0.11085725 -0.11735658 -0.12385591 -0.13035523 -0.12757594 -0.1129236 -0.09827126 -0.083618922 -0.068966584 -0.077702348 -0.070742294 -0.07862465 -0.086507007 -0.094389364 -0.10227172 -0.1026161 -0.099477798 -0.096339497 -0.093201197 -0.090668924 -0.088104804 -0.088725595 -0.097579778 -0.10643396 -0.11528814 -0.12383309 -0.12231478 -0.12079646 -0.11927814 -0.11775982 -0.12826043 -0.13179649 -0.12810997 -0.12427553 -0.12044109 -0.11660665 -0.11792181 -0.11968132 -0.12089253 -0.12210374 -0.12331495 -0.12115822 -0.11491421
-0.089364321 -0.081999653 -0.081499531 -0.080999408 -0.080499286 -0.084050888 -0.090355808 -0.096375318 -0.10197936 -0.10758339 -0.11318743 -0.10892331 -0.10432011 -0.10879512 -0.11529445 -0.12179378 -0.11901448 -0.10436214 -0.089709802 -0.077990277 -0.087554361 -0.096923827 -0.088912507 -0.080901187 -0.087831715 -0.095714072 -0.10359643 -0.10394081 -0.10080251 -0.097664205 -0.095384984 -0.094254535 -0.091690415 -0.086542948 -0.0853991 -0.094253283 -0.10310747 -0.11165242 -0.1101341 -0.10861578 -0.10709746 -0.11883304 -0.1320978 -0.13563385 -0.13813377 -0.135111 -0.13127655 -0.12744211 -0.12875728 -0.13252741 -0.13444632 -0.13565753 -0.13686874 -0.13471201 -0.13075463
-0.10141331 -0.093793503 -0.086173695 -0.084577621 -0.084077498 -0.087629101 -0.093934021 -0.10023894 -0.10639146 -0.11199549 -0.11759953 -0.11333541 -0.10873221 -0.10412901 -0.10673299 -0.11323232 -0.11045302 -0.095800683 -0.087647673 -0.097211757 -0.10677584 -0.11614531 -0.10813399 -0.10012267 -0.092111345 -0.097038781 -0.10492114 -0.10526551 -0.10212721 -0.10010104 -0.098970595 -0.097840146 -0.095276026 -0.090128559 -0.084981093 -0.082072605 -0.090926788 -0.099471739 -0.09795342 -0.096435101 -0.10940565 -0.1226704 -0.13593516 -0.13947121 -0.14197113 -0.14447104 -0.14211202 -0.13827758 -0.13959274 -0.14336287 -0.147133 -0.14921132 -0.15042253 -0.1482658 -0.14430842
-0.1134623 -0.10584249 -0.098222684 -0.090602877 -0.087655711 -0.091207313 -0.097512233 -0.10381715 -0.11012207 -0.11640759 -0.12201163 -0.11774751 -0.11314431 -0.10854111 -0.10393791 -0.10467086 -0.10189156 -0.097305069 -0.10686915 -0.11643324 -0.12599732 -0.13536679 -0.12735547 -0.11934414 -0.11133282 -0.1033215 -0.10624585 -0.10659022 -0.1048171 -0.10368666 -0.10255621 -0.10142576 -0.098861637 -0.09371417 -0.088566704 -0.083419238 -0.07874611 -0.087291061 -0.086713495 -0.099978251 -0.11324301 -0.12650776 -0.13977252 -0.14330858 -0.14580849 -0.14830841 -0.15080832 -0.14911304 -0.15042821 -0.15419834 -0.15796847 -0.1617386 -0.16397633 -0.16181959 -0.15786222
-0.12419088 -0.11657108 -0.10895127 -0.10133146 -0.093711654 -0.092446067 -0.098750987 -0.10505591 -0.11136083 -0.11766575 -0.12397067 -0.12205853 -0.11745533 -0.11285213 -0.10824892 -0.10364572 -0.1052573 -0.11482139 -0.12438547 -0.13394955 -0.14351364 -0.15030678 -0.14371696 -0.13570564 -0.12769432 -0.119683 -0.11167168 -0.10836678 -0.10723633 -0.10610588 -0.10497543 -0.10384498 -0.10345202 -0.098304549 -0.093157083 -0.088009617 -0.08286215 -0.0782636 -0.091528357 -0.10479311 -0.11805787 -0.13132263 -0.14450668 -0.14677467 -0.14927458 -0.1517745 -0.15427441 -0.15677433 -0.15831906 -0.1620892 -0.16585933 -0.16962946 -0.17339959 -0.17382286 -0.16986548
-0.12373727 -0.11642966 -0.10880986 -0.10119005 -0.093570242 -0.085293959 -0.08073056 -0.08703548 -0.0933404 -0.09964532 -0.10595024 -0.1194969 -0.12093419 -0.11633099 -0.11172779 -0.10712459 -0.10873617 -0.11830025 -0.12786433 -0.13742842 -0.14081044 -0.12868975 -0.13349707 -0.12852279 -0.12051147 -0.11250015 -0.10448883 -0.10118393 -0.10005348 -0.098923032 -0.097792583 -0.0977294 -0.10202352 -0.1111665 -0.10601903 -0.10087157 -0.0957241 -0.09112555 -0.10439031 -0.11765506 -0.13091982 -0.14378454 -0.15322667 -0.14959668 -0.14968423 -0.15218415 -0.15468406 -0.15718398 -0.14986033 -0.14573908 -0.14950921 -0.15327934 -0.15704948 -0.16534659 -0.16910431
-0.11967014 -0.1153499 -0.10866844 -0.10104864 -0.09342883 -0.085152547 -0.07643016 -0.069015053 -0.075319973 -0.081624893 -0.087929813 -0.10147647 -0.11527197 -0.11980986 -0.11520665 -0.11060345 -0.11221503 -0.12177912 -0.1313432 -0.13150364 -0.11919341 -0.10707272 -0.11188004 -0.11668736 -0.11332862 -0.1053173 -0.09730598 -0.094001082 -0.092870633 -0.091740184 -0.091899368 -0.092533298 -0.096827414 -0.10771686 -0.1186063 -0.11373352 -0.10858605 -0.1039875 -0.11725226 -0.13051701 -0.14306239 -0.15250453 -0.16194666 -0.15831667 -0.15329445 -0.1525938 -0.15509372 -0.15759363 -0.15026998 -0.13826314 -0.1331591 -0.13692923 -0.14069936 -0.14899648 -0.1597139
-0.11560301 -0.11128277 -0.10696253 -0.10090723 -0.093287418 -0.085011135 -0.076288748 -0.067566362 -0.058843975 -0.063604465 -0.069909386 -0.083456045 -0.09725154 -0.11104704 -0.11868552 -0.11408232 -0.1156939 -0.12525798 -0.12219685 -0.10988661 -0.097576379 -0.085455692 -0.09026301 -0.095070327 -0.099877645 -0.098134453 -0.090123132 -0.086818234 -0.085687785 -0.086069335 -0.086703265 -0.087337195 -0.091631312 -0.10252075 -0.11341019 -0.12429964 -0.121448 -0.11684945 -0.13011421 -0.14234025 -0.15178238 -0.16122452 -0.17066665 -0.16703666 -0.16201444 -0.15699223 -0.15550337 -0.15800328 -0.15067963 -0.13867279 -0.12666596 -0.12057911 -0.12434924 -0.13264636 -0.14336379
-0.11153588 -0.10721564 -0.1028954 -0.098575155 -0.093146006 -0.084869723 -0.076147336 -0.06742495 -0.058702563 -0.049980177 -0.051888958 -0.065435618 -0.079231113 -0.093026608 -0.1068221 -0.11756118 -0.11917276 -0.11289005 -0.10057982 -0.088269582 -0.075959348 -0.063838662 -0.06864598 -0.073453297 -0.078260615 -0.083067933 -0.082940284 -0.079635386 -0.080239302 -0.080873232 -0.081507162 -0.082141092 -0.086435209 -0.09732465 -0.10821409 -0.11910353 -0.12999297 -0.1297114 -0.1416181 -0.15106024 -0.16050237 -0.16994451 -0.17938665 -0.17575665 -0.17073444 -0.16571222 -0.16069 -0.15841293 -0.15108928 -0.13908245 -0.12707561 -0.11506877 -0.10799913 -0.11629625 -0.12701367
-0.11333266 -0.10901242 -0.10469217 -0.10037193 -0.096051691 -0.08956196 -0.080839573 -0.072117187 -0.0633948 -0.054672414 -0.045950027 -0.053620554 -0.067416049 -0.081211544 -0.095007039 -0.10880253 -0.1111462 -0.098835963 -0.08652573 -0.074215496 -0.061905262 -0.049442776 -0.060700235 -0.065507553 -0.070314871 -0.075122189 -0.079929507 -0.081882284 -0.082516214 -0.083150144 -0.083784074 -0.084418004 -0.084654401 -0.095699198 -0.10658864 -0.11747808 -0.12836752 -0.13921382 -0.14865595 -0.15809809 -0.16754022 -0.17698236 -0.18321717 -0.17630081 -0.17127859 -0.16625637 -0.16123415 -0.15621194 -0.15269015 -0.14068331 -0.12867648 -0.11666964 -0.1046628 -0.10223944 -0.11295686
-0.12424586 -0.1204804 -0.11616015 -0.11183991 -0.10751967 -0.10116431 -0.093426001 -0.084781443 -0.076059056 -0.06733667 -0.058614283 -0.060126887 -0.065835339 -0.079630834 -0.093426329 -0.10722182 -0.10956549 -0.097255253 -0.084945019 -0.072634785 -0.059602479 -0.046509423 -0.066558092 -0.080109524 -0.084916842 -0.08972416 -0.094531478 -0.096484255 -0.097118185 -0.097752115 -0.098386045 -0.088667291 -0.086607882 -0.099505175 -0.11085217 -0.12174161 -0.13263106 -0.14347735 -0.15291948 -0.16236162 -0.17180376 -0.17697063 -0.17644079 -0.16691618 -0.15833853 -0.15331632 -0.1482941 -0.14327188 -0.14381769 -0.14424882 -0.13224198 -0.12023515 -0.10822831 -0.10272008 -0.10268236
-0.13421671 -0.13112803 -0.12762813 -0.12330789 -0.11898765 -0.11263229 -0.10489398 -0.097155671 -0.088723313 -0.080000926 -0.07127854 -0.072791143 -0.074655433 -0.078050123 -0.091845618 -0.10564111 -0.10798478 -0.095674543 -0.083364309 -0.070133277 -0.056669126 -0.043576071 -0.063624739 -0.083673408 -0.099518812 -0.10432613 -0.10913345 -0.11108623 -0.11172016 -0.11134054 -0.10098066 -0.090620772 -0.088561363 -0.10145866 -0.11435595 -0.12600515 -0.13689459 -0.14774088 -0.15718302 -0.16662515 -0.17072408 -0.17019424 -0.1696644 -0.16013979 -0.14965721 -0.14037626 -0.13535405 -0.13033183 -0.13087763 -0.13407788 -0.13580749 -0.12380065 -0.11179382 -0.10628559 -0.10425179
-0.14418756 -0.14109888 -0.1380102 -0.13477587 -0.13045563 -0.12410027 -0.11636196 -0.10862365 -0.10088534 -0.092665182 -0.083942796 -0.085455399 -0.087319689 -0.08918398 -0.09104827 -0.1040604 -0.10640407 -0.094093832 -0.080664076 -0.067199925 -0.053735773 -0.040642718 -0.060691387 -0.080740055 -0.10078872 -0.1189281 -0.12373542 -0.1256882 -0.1236539 -0.11329402 -0.10293414 -0.092574252 -0.090514843 -0.10341214 -0.11630943 -0.12920672 -0.14115812 -0.15200442 -0.16144655 -0.16447754 -0.1639477 -0.16341786 -0.16288802 -0.15336341 -0.14288083 -0.13239825 -0.12241399 -0.11739177 -0.11793758 -0.12113782 -0.12433807 -0.12736616 -0.11535932 -0.1098511 -0.10781729
-0.15415841 -0.15106973 -0.14798105 -0.14489237 -0.14180369 -0.13556825 -0.12782994 -0.12009163 -0.11235332 -0.10461501 -0.096607052 -0.098119655 -0.099983946 -0.10184824 -0.10371253 -0.10557682 -0.10465903 -0.091194875 -0.077730723 -0.064266572 -0.050802421 -0.037709366 -0.057758034 -0.077806703 -0.097855372 -0.11790404 -0.13795271 -0.13596727 -0.12560738 -0.1152475 -0.10488762 -0.094527733 -0.092468324 -0.10536562 -0.11826291 -0.1311602 -0.1440575 -0.15626795 -0.15823099 -0.15770115 -0.15717131 -0.15664147 -0.15611163 -0.14658702 -0.13610444 -0.12562186 -0.11513928 -0.1046567 -0.10499752 -0.10819777 -0.11139801 -0.11459826 -0.1177985 -0.11341661 -0.1113828
-0.14958452 -0.14649584 -0.14340716 -0.14031849 -0.13376571 -0.13979549 -0.13976853 -0.13203022 -0.12429191 -0.1165536 -0.10881529 -0.11036059 -0.11222488 -0.11408917 -0.11595346 -0.11570653 -0.10726472 -0.093800568 -0.080336417 -0.066872266 -0.053408114 -0.047037731 -0.061161314 -0.081209983 -0.10125865 -0.12130732 -0.14135599 -0.14060562 -0.13024574 -0.11988586 -0.10952597 -0.10042675 -0.093813229 -0.095021547 -0.10791884 -0.12081613 -0.13371343 -0.14621042 -0.14568058 -0.14515074 -0.1446209 -0.14409106 -0.14795596 -0.13900998 -0.1285274 -0.11804482 -0.10756224 -0.10304597 -0.10552816 -0.1087284 -0.11192865 -0.11512889 -0.11839579 -0.11823562 -0.11620182
-0.14009141 -0.13700273 -0.13391405 -0.1258786 -0.11591399 -0.12194376 -0.1388424 -0.14412798 -0.13638967 -0.12865136 -0.12091305 -0.12245834 -0.12432263 -0.12618693 -0.12470252 -0.1201856 -0.11174379 -0.098279643 -0.084815492 -0.071811275 -0.066110042 -0.060616635 -0.073683626 -0.086756399 -0.10680507 -0.12685374 -0.14690241 -0.14615204 -0.13579216 -0.12543227 -0.11720892 -0.11266835 -0.10605482 -0.095706017 -0.093415569 -0.10631286 -0.11921015 -0.13170715 -0.13117731 -0.13064747 -0.13011763 -0.13462634 -0.14010813 -0.13116215 -0.12067957 -0.11019699 -0.10715661 -0.10813258 -0.11061477 -0.11381501 -0.11701526 -0.12029446 -0.12363877 -0.1234786 -0.12144479
-0.13059829 -0.12750961 -0.11799148 -0.10802687 -0.098062264 -0.10409204 -0.12099068 -0.13788931 -0.14848743 -0.14074912 -0.13301081 -0.1345561 -0.13642039 -0.13369851 -0.1291816 -0.12466468 -0.11622287 -0.10275872 -0.091091412 -0.085390179 -0.079688946 -0.074195539 -0.087262531 -0.10032952 -0.11339651 -0.13240015 -0.15244882 -0.15169846 -0.14133857 -0.13399108 -0.12945051 -0.12490995 -0.11829642 -0.10794761 -0.097598805 -0.091809591 -0.10470688 -0.11720388 -0.11667404 -0.1161442 -0.12129672 -0.12677851 -0.1322603 -0.12331432 -0.11283174 -0.11126724 -0.11224322 -0.11321919 -0.11570138 -0.11890162 -0.12219312 -0.12553743 -0.12888174 -0.12872157 -0.12668777
-0.12006898 -0.11010437 -0.10013976 -0.090175149 -0.080210539 -0.086240315 -0.10313895 -0.12003759 -0.13693622 -0.15284687 -0.14510857 -0.14665386 -0.1426945 -0.13817759 -0.13366067 -0.12914376 -0.12070194 -0.11037155 -0.10467032 -0.098969083 -0.093267851 -0.087774443 -0.10084143 -0.11390843 -0.12697542 -0.14004241 -0.15799524 -0.15724487 -0.15077325 -0.14623268 -0.14169211 -0.13715154 -0.13053802 -0.12018921 -0.1098404 -0.099491592 -0.090203613 -0.10270061 -0.10248532 -0.1079671 -0.11344889 -0.11893068 -0.12441247 -0.11546649 -0.11537788 -0.11635385 -0.11732982 -0.1183058 -0.12078799 -0.12409179 -0.1274361 -0.13078041 -0.13412471 -0.13396454 -0.1300547
-0.10610756 -0.096142946 -0.086178337 -0.076213728 -0.066249118 -0.069597856 -0.086496492 -0.10339513 -0.12029376 -0.1371924 -0.15409103 -0.15147939 -0.14696247 -0.14244556 -0.13792864 -0.13341173 -0.12837529 -0.12267406 -0.11697282 -0.11127159 -0.10557036 -0.100038 -0.11066587 -0.12373286 -0.13679985 -0.14986684 -0.16293383 -0.16395749 -0.15941693 -0.15487636 -0.15033579 -0.14579522 -0.14118052 -0.13083171 -0.12048291 -0.1101341 -0.09978529 -0.089908433 -0.095390221 -0.10087201 -0.1063538 -0.11183558 -0.1173813 -0.11955352 -0.12052949 -0.12150547 -0.12248144 -0.12345741 -0.12558253 -0.12892684 -0.13227115 -0.13561546 -0.13895976 -0.13764574 -0.13290597
-0.12036464 -0.11152241 -0.1015578 -0.091593194 -0.081628585 -0.076197638 -0.078974382 -0.095873017 -0.11277165 -0.12967029 -0.14656892 -0.15120073 -0.14963831 -0.1451214 -0.14060448 -0.13608757 -0.13105113 -0.12534989 -0.11964866 -0.11394743 -0.10864871 -0.10429177 -0.097158794 -0.10524085 -0.11830784 -0.13137483 -0.14444182 -0.14546548 -0.14092491 -0.13638435 -0.13184378 -0.13043704 -0.13069418 -0.12941379 -0.11906498 -0.10871617 -0.098367364 -0.088490507 -0.093972295 -0.099454083 -0.10493587 -0.11065612 -0.11822723 -0.12376125 -0.12617139 -0.12714737 -0.12812334 -0.12909931 -0.12920351 -0.1306853 -0.1340296 -0.13737391 -0.14071822 -0.14198795 -0.13987004
-0.12303012 -0.12375162 -0.11693727 -0.10697266 -0.097008051 -0.091577104 -0.089226972 -0.088350907 -0.10524954 -0.12214818 -0.13904681 -0.14367862 -0.14788892 -0.14779724 -0.14328032 -0.13876341 -0.13372697 -0.12802573 -0.1223245 -0.11722834 -0.11290249 -0.10854555 -0.10141257 -0.094279593 -0.099815824 -0.11288282 -0.12594981 -0.12697347 -0.1224329 -0.11789233 -0.11712807 -0.11768522 -0.11794236 -0.11765891 -0.11737545 -0.10729825 -0.096949438 -0.087072581 -0.092554369 -0.098036157 -0.10393095 -0.11150206 -0.11907317 -0.12460718 -0.12992424 -0.13278927 -0.13376524 -0.13474121 -0.13484541 -0.134534 -0.13578806 -0.13913237 -0.14247668 -0.14374641 -0.14390699
-0.12569561 -0.1264171 -0.12713859 -0.12235213 -0.11238752 -0.10695657 -0.10460644 -0.10225631 -0.099906174 -0.11462607 -0.1315247 -0.13615651 -0.14036681 -0.14457711 -0.14595616 -0.14143924 -0.1364028 -0.13070157 -0.12580798 -0.12148212 -0.11715627 -0.11279933 -0.10566635 -0.098533371 -0.091400392 -0.094390804 -0.1074578 -0.10848146 -0.10394089 -0.1038191 -0.10437625 -0.1049334 -0.10519054 -0.10490708 -0.10462363 -0.10434017 -0.095531512 -0.085654655 -0.091136443 -0.097205775 -0.10477688 -0.11234799 -0.1199191 -0.12545312 -0.13077018 -0.13608723 -0.13940714 -0.14038311 -0.14048731 -0.1401759 -0.13986449 -0.14089082 -0.14423513 -0.14550486 -0.14566544
-0.12836109 -0.12908258 -0.12980407 -0.13052556 -0.12776698 -0.12233604 -0.1199859 -0.11763577 -0.11528564 -0.11293551 -0.12400259 -0.1286344 -0.1328447 -0.137055 -0.1412653 -0.14411508 -0.13907864 -0.13438761 -0.13006176 -0.1257359 -0.12141005 -0.11705311 -0.10992013 -0.10278715 -0.09565417 -0.08852119 -0.088965783 -0.089989444 -0.090510121 -0.091067274 -0.091624427 -0.092181579 -0.092438718 -0.092155261 -0.091871805 -0.091588348 -0.091304891 -0.084236729 -0.090480601 -0.098051711 -0.10562282 -0.11319393 -0.12076504 -0.12629906 -0.13161611 -0.13693317 -0.14225023 -0.14602501 -0.14612921 -0.1458178 -0.14550639 -0.14519498 -0.14599359 -0.14726332 -0.1474239
