mean_models/J1_mean_vp_slide_diff2_120.dat.tif
NCOLS 118
NROWS 92
XLLCORNER 139.62
YLLCORNER -39.07
DX 0.099491525
DY 0.099347826
NODATA_VALUE -9999
[rows 0 to 23 of 92, columns 54 to 107 of 118]
-9999 -9999 -9999 -9999 -9999 -9999 -9999 -9999 -9999 -9999 -9999 -9999 -9999 -9999 -9999 -9999 -9999 -9999 -9999 -9999 -9999 -9999 -9999 -9999 -9999 -9999 -9999 -9999 -9999 -9999 -9999 -9999 -9999 -9999 -9999 -9999 -9999 -9999 -9999 -9999 -9999 -9999 -9999 -9999 -9999 -9999 -9999 -9999 -9999 -9999 -9999 -9999 -9999 -9999
0.16893537 0.17309307 0.17337466 0.17365626 0.17393786 0.17421945 0.16951422 0.16556529 0.16274471 0.15992412 0.15710354 0.15428295 0.14828784 0.14700657 0.1457253 0.14444403 0.14316276 0.14525269 0.15165644 0.1580602 0.16446395 0.17086771 0.17197722 0.17298697 0.17125563 0.16952429 0.16779295 0.16606161 0.1600455 0.15204976 0.14405402 0.13605828 0.13008845 0.12673765 0.11488019 0.11190183 0.10892347 0.1059451 0.10282282 0.095017028 0.087211235 0.079405442 0.07159965 0.062497167 0.058554166 0.037531033 0.016507899 -0.004515234 -0.025538367 -0.034336707 -0.040954419 -0.04774591 -0.0545374 -0.061328891
0.15853282 0.16543629 0.17068648 0.17096807 0.17124967 0.17153127 0.16682604 0.15873204 0.1539131 0.15109252 0.14827193 0.14545135 0.13844814 0.13146361 0.13018234 0.12890107 0.1276198 0.12970972 0.13611348 0.14251723 0.14892098 0.14917695 0.14888569 0.15078522 0.15216739 0.15043605 0.14870471 0.14697337 0.14095727 0.13296153 0.12496579 0.12068664 0.12917383 0.12582303 0.10114125 0.087057629 0.084079266 0.081100902 0.077978621 0.070172828 0.062367035 0.054561242 0.045335403 0.035506225 0.034803782 0.033573884 0.012550751 -0.0084723821 -0.029495515 -0.038293855 -0.041264274 -0.047728524 -0.054520014 -0.061311505
0.14813028 0.15503374 0.16193721 0.16827989 0.16856148 0.16884308 0.16413785 0.15604386 0.14794987 0.14226091 0.13944032 0.13661974 0.12961653 0.1224696 0.11532267 0.1133581 0.11207683 0.11416676 0.12057051 0.126717 0.1264012 0.12608541 0.12579415 0.12769368 0.12959322 0.13134782 0.12961647 0.12788513 0.12186903 0.11387329 0.11128483 0.11977202 0.12825921 0.12490841 0.10022663 0.075544846 0.059235065 0.056256702 0.05313442 0.045328627 0.037522834 0.028173639 0.018344461 0.0085152837 0.0078128402 0.008082424 0.0083520078 -0.01242953 -0.033452664 -0.042251003 -0.045221422 -0.048191841 -0.054502629 -0.061294119
0.13772773 0.1446312 0.15153467 0.15843814 0.1653416 0.16615489 0.16144966 0.15335567 0.14526168 0.13716769 0.13060872 0.12778813 0.12078492 0.11363799 0.10649107 0.099344137 0.09653386 0.098623789 0.10394125 0.10362546 0.10330966 0.10299387 0.10270261 0.10460214 0.10650168 0.10840122 0.11030076 0.1087969 0.10278079 0.10188302 0.11037021 0.1188574 0.12734459 0.12399379 0.099312008 0.074630225 0.049948443 0.031412501 0.028290219 0.020484426 0.011011875 0.0011826971 -0.0086464804 -0.018475658 -0.019178101 -0.018908518 -0.018638934 -0.01836935 -0.037409812 -0.046208151 -0.04917857 -0.052148989 -0.055119408 -0.061276733
0.12732519 0.13422865 0.14113212 0.14803559 0.15493906 0.16184253 0.15876148 0.15066748 0.14257349 0.1344795 0.12638551 0.11895652 0.11195331 0.10480639 0.097659458 0.090512529 0.083365601 0.081165504 0.08084971 0.080533917 0.080218123 0.07990233 0.079611067 0.081510605 0.083410142 0.085309679 0.087209216 0.089108754 0.092481207 0.1009684 0.10945559 0.11794278 0.12642997 0.12307917 0.098397387 0.073715604 0.049033822 0.024352039 0.0034460188 -0.0061498895 -0.015979067 -0.025808244 -0.035637422 -0.045466599 -0.046169043 -0.045899459 -0.045629875 -0.045360292 -0.045090708 -0.050165299 -0.053135718 -0.056106137 -0.059076556 -0.062046975
0.13624729 0.14315075 0.15005422 0.15695769 0.16386116 0.16583918 0.15829 0.14851292 0.14041893 0.13232493 0.12423094 0.11613695 0.10895856 0.10181163 0.094664706 0.087517777 0.080144328 0.075709809 0.075394016 0.075078222 0.074762429 0.074451767 0.077678161 0.080419043 0.082318581 0.084218118 0.086117655 0.088017192 0.094422594 0.10290978 0.11139698 0.11988417 0.12527412 0.11492655 0.088622379 0.063940597 0.039258814 0.014577032 -0.0096619559 -0.019491133 -0.029320311 -0.039149488 -0.048978666 -0.047750713 -0.047184808 -0.046915224 -0.04664564 -0.046376056 -0.043133791 -0.043537059 -0.046507478 -0.049477896 -0.052448315 -0.057854582
0.14823096 0.15513443 0.1620379 0.16894136 0.16941775 0.16840827 0.16085909 0.14886592 0.1383489 0.13025491 0.12216092 0.11406692 0.10688853 0.099741606 0.092594677 0.085135902 0.077482652 0.073048133 0.072732339 0.072416546 0.07262831 0.075859758 0.079086152 0.081861215 0.084636278 0.086611978 0.088511515 0.090411052 0.096816454 0.10530364 0.11379083 0.11799408 0.11706524 0.10671768 0.07939843 0.052761853 0.02808007 0.0033982875 -0.0208407 -0.030669878 -0.040499055 -0.050328233 -0.047999455 -0.044651272 -0.044085367 -0.043815783 -0.043546199 -0.03981018 -0.034828524 -0.035231792 -0.038202211 -0.04117263 -0.046845743 -0.054099869
0.16021463 0.1671181 0.17400581 0.17299633 0.17198685 0.17097736 0.16342819 0.15143502 0.13944185 0.12818488 0.12009089 0.1119969 0.10481851 0.097671578 0.090127475 0.082474226 0.074820976 0.070386457 0.070070663 0.070804854 0.074036302 0.077267749 0.080494144 0.083269206 0.086044269 0.088819332 0.090905375 0.092804912 0.099210314 0.1076975 0.11071404 0.1097852 0.10885636 0.098508798 0.071189552 0.043870305 0.016901326 -0.0077804567 -0.032019444 -0.041848622 -0.051596379 -0.048248196 -0.044900014 -0.041551831 -0.040985926 -0.040716342 -0.036486569 -0.031504913 -0.026523258 -0.026926525 -0.029896944 -0.035836903 -0.043091029 -0.050345155
0.17219831 0.17758439 0.1765749 0.17556542 0.17455594 0.17354645 0.16599728 0.15400411 0.14201094 0.13001777 0.1180246 0.10992687 0.10274848 0.095119049 0.087465799 0.079812549 0.072159299 0.06772478 0.068981397 0.072212845 0.075444293 0.078675741 0.081902135 0.084677198 0.08745226 0.090227323 0.093002386 0.095198772 0.10160417 0.10343399 0.10250516 0.10157632 0.10064748 0.09029992 0.062980673 0.035661427 0.0083421802 -0.018959201 -0.043198189 -0.05184512 -0.048496938 -0.045148756 -0.041800573 -0.038452391 -0.037886485 -0.033162957 -0.028181302 -0.023199646 -0.018217991 -0.018621258 -0.024828063 -0.032082189 -0.039336315 -0.046590441
0.18008927 0.17907978 0.1780703 0.17706081 0.17605133 0.17504185 0.16834101 0.15634784 0.14435467 0.1323615 0.12036833 0.10837516 0.10057774 0.092924492 0.085271242 0.077617992 0.069964742 0.067948887 0.071180335 0.074411782 0.07764323 0.080874678 0.084028171 0.084886458 0.087661521 0.090436583 0.093211646 0.095986709 0.096228354 0.095299516 0.094370678 0.09344184 0.092513002 0.082548827 0.05522958 0.027910334 0.00059108726 -0.026728159 -0.05313313 -0.049784947 -0.046436765 -0.043088583 -0.0397404 -0.036417794 -0.031649057 -0.026667401 -0.021685746 -0.01670409 -0.011722435 -0.014266998 -0.021521124 -0.02877525 -0.036029377 -0.043283503
0.17454793 0.17353845 0.17252897 0.17151948 0.17051 0.17094978 0.16637335 0.15721465 0.14522148 0.13322831 0.12123514 0.10924197 0.10144455 0.093791302 0.086138052 0.078484802 0.075013304 0.075331465 0.078562913 0.081794361 0.085025809 0.08841805 0.092048646 0.080613878 0.080014636 0.082789698 0.085564761 0.088339824 0.088581469 0.087652631 0.086723793 0.085794955 0.08865392 0.08103435 0.050478685 0.023159438 -0.0041598086 -0.031479055 -0.057884026 -0.054535843 -0.051187661 -0.047839478 -0.044552148 -0.041782577 -0.037013839 -0.032032184 -0.027050529 -0.022068873 -0.012302686 -0.013894651 -0.021148777 -0.028402903 -0.035657029 -0.043823403
0.1690066 0.16799712 0.16698763 0.16610427 0.16667936 0.16725446 0.16267803 0.15460091 0.14608829 0.13409512 0.12210195 0.11010878 0.10231136 0.094658112 0.087004862 0.084354419 0.082395883 0.082714043 0.085945491 0.089176939 0.092639237 0.096438524 0.10006912 0.088634352 0.077199585 0.075142813 0.077917876 0.080692939 0.080934584 0.080005746 0.079076908 0.082577596 0.087905086 0.080285516 0.049336518 0.018408542 -0.0089107044 -0.036229951 -0.062634922 -0.059286739 -0.055938557 -0.052686502 -0.049916931 -0.04714736 -0.042378622 -0.037396967 -0.032415311 -0.022215466 -0.011930339 -0.013522304 -0.02077643 -0.028030556 -0.036241099 -0.044595005
0.16346527 0.16245579 0.16183384 0.16240894 0.16298404 0.16355913 0.1589827 0.15090559 0.14282848 0.13475136 0.12296876 0.11097559 0.10317817 0.095654069 0.093695533 0.091736997 0.089778461 0.090096622 0.09332807 0.096860425 0.10065971 0.104459 0.10808959 0.096654826 0.085220059 0.073785291 0.070270991 0.073046054 0.073287699 0.072358861 0.076501272 0.081828762 0.087156251 0.079536681 0.048587684 0.017638686 -0.013310312 -0.040980847 -0.067385817 -0.064037635 -0.060820855 -0.058051284 -0.055281713 -0.052512142 -0.047743405 -0.042413375 -0.032128247 -0.021843119 -0.011557991 -0.013149956 -0.020404082 -0.028658795 -0.037012701 -0.045366606
0.15792394 0.15756342 0.15813852 0.15871362 0.15928871 0.15986381 0.15528738 0.14721026 0.13913315 0.13105604 0.12297893 0.1118424 0.10499518 0.10303665 0.10107811 0.099119575 0.09716104 0.0974792 0.10108161 0.1048809 0.10868019 0.11247947 0.11611007 0.1046753 0.093240533 0.081805766 0.070370998 0.065399169 0.065640814 0.070424948 0.075752438 0.081079928 0.086407417 0.078787847 0.047838849 0.016889852 -0.014059146 -0.045008144 -0.072136713 -0.068955209 -0.066185638 -0.063416067 -0.060646496 -0.057876925 -0.052326155 -0.042041027 -0.031755899 -0.021470772 -0.011185644 -0.012777609 -0.021076491 -0.029430397 -0.037784302 -0.046138207
0.15279106 0.15478882 0.15536391 0.15593901 0.15651411 0.1570892 0.15301068 0.14493357 0.13685646 0.12877934 0.12070223 0.11262512 0.11056947 0.10861094 0.1066524 0.10469386 0.10273533 0.10330258 0.10710187 0.11090116 0.11470044 0.11849973 0.11975439 0.10696748 0.095532708 0.084097941 0.072663173 0.061228406 0.061258794 0.066586283 0.071913773 0.077241263 0.082568752 0.079466521 0.048517524 0.017568526 -0.013380472 -0.04432947 -0.074273229 -0.071503658 -0.068734087 -0.065964516 -0.063194945 -0.061082458 -0.052594596 -0.042309468 -0.03202434 -0.021739212 -0.011454085 -0.015177873 -0.023531779 -0.031885684 -0.040239589 -0.048593495
0.13951967 0.15071549 0.15472872 0.15530382 0.15587891 0.15645401 0.15270574 0.14595326 0.13787615 0.12979903 0.12172192 0.11364481 0.1117749 0.10998342 0.10802488 0.10606634 0.10410781 0.10467506 0.10847435 0.11227364 0.11607292 0.11647299 0.11338197 0.097821303 0.0845144 0.073079633 0.061644865 0.050210098 0.050240486 0.055567975 0.060895465 0.066222955 0.069601135 0.066061372 0.050818144 0.021564211 -0.0093847869 -0.040333785 -0.070277544 -0.067507973 -0.064738402 -0.061968831 -0.060095257 -0.060185579 -0.053070391 -0.044066868 -0.03378174 -0.023496612 -0.013211484 -0.018486994 -0.02989934 -0.038253246 -0.046607151 -0.054961056
0.12624828 0.1374441 0.14863991 0.15466863 0.15524372 0.15581882 0.15207055 0.14538436 0.13869817 0.13081872 0.12274161 0.1146645 0.11279459 0.11113796 0.10939736 0.10743882 0.10548029 0.10604754 0.10984683 0.11364612 0.11305196 0.11010057 0.10700954 0.09144888 0.075888217 0.062061325 0.050626557 0.03919179 0.039222178 0.044549667 0.049877157 0.052956365 0.055911638 0.052371876 0.037128648 0.02188542 -0.0053891019 -0.0363381 -0.066281859 -0.063512288 -0.060742717 -0.059108056 -0.059198378 -0.059288701 -0.052173513 -0.044290914 -0.035539139 -0.025254012 -0.014968884 -0.020244394 -0.03293812 -0.044620807 -0.052974712 -0.061328618
0.11297689 0.12417271 0.13536852 0.14656434 0.15460853 0.15518363 0.15143535 0.14474917 0.13806298 0.1313768 0.1237613 0.11568419 0.11381428 0.11215765 0.11050103 0.1088113 0.10685277 0.10742002 0.11121931 0.10963094 0.10667954 0.10372814 0.10063712 0.085076456 0.069515794 0.053955132 0.039608249 0.028173482 0.02820387 0.033356321 0.036311595 0.039266868 0.042222142 0.03868238 0.023439152 0.0081959238 -0.0070473042 -0.032342415 -0.062286174 -0.059516603 -0.058120855 -0.058211177 -0.0583015 -0.058391823 -0.051276635 -0.043394036 -0.035511437 -0.027011411 -0.016726284 -0.022001793 -0.034695519 -0.047389245 -0.059342274 -0.067696179
0.099705499 0.11090132 0.12209713 0.13329295 0.14448877 0.15454843 0.15080016 0.14411398 0.13742779 0.1307416 0.12405542 0.11670388 0.11483396 0.11317734 0.11152072 0.10986409 0.10820747 0.1087925 0.10620991 0.10325851 0.10030712 0.097355719 0.094264695 0.078704033 0.063143371 0.047582708 0.032022046 0.017155174 0.016711551 0.019666825 0.022622098 0.025577372 0.028532646 0.024992884 0.0097496556 -0.0054935725 -0.0207368 -0.035980028 -0.058290489 -0.057133654 -0.057223976 -0.057314299 -0.057404622 -0.057494944 -0.050379756 -0.042497157 -0.034614559 -0.02673196 -0.018483683 -0.023759193 -0.036452919 -0.049146645 -0.06184037 -0.074063741
0.094800955 0.10599677 0.11719259 0.12838841 0.13958422 0.14676893 0.15078849 0.14540976 0.13872358 0.13203739 0.1253512 0.11866502 0.11684131 0.11518469 0.11352806 0.11187144 0.11013466 0.10748054 0.10452914 0.10157774 0.098626344 0.095674946 0.09269976 0.074217765 0.058657103 0.04309644 0.027535778 0.011975116 0.0090791012 0.012034375 0.014989649 0.017944922 0.020900196 0.019676505 0.0049941525 -0.010249075 -0.025492303 -0.040735531 -0.055527012 -0.055617335 -0.055707657 -0.05579798 -0.055888303 -0.050832849 -0.042767713 -0.034885114 -0.027002516 -0.019119917 -0.016890763 -0.028888272 -0.041581998 -0.054275724 -0.06696945 -0.077596592
0.096207678 0.10740349 0.11859931 0.12979513 0.13419768 0.13073271 0.13475227 0.14385787 0.14147593 0.13478975 0.12810356 0.12141738 0.11959367 0.11793705 0.11628042 0.11441469 0.11199289 0.10933876 0.10638737 0.10343597 0.10048457 0.097740759 0.094851169 0.07465927 0.055593596 0.040032934 0.024472271 0.0089116092 0.0060155948 0.0089708685 0.011926142 0.015195138 0.020664356 0.019443777 0.0061687919 -0.008265501 -0.023508729 -0.038751957 -0.053543437 -0.05363376 -0.053724083 -0.053814406 -0.047934473 -0.038155432 -0.030090296 -0.022207698 -0.014325099 -0.014026054 -0.024563163 -0.036560672 -0.049254398 -0.061948124 -0.072074645 -0.076731843
0.097614401 0.10881022 0.12000603 0.12162643 0.11816146 0.11469649 0.11871605 0.12782165 0.13692726 0.1375421 0.13085592 0.12416973 0.12234603 0.1206894 0.11869472 0.11627292 0.11385111 0.11119699 0.10824559 0.1052942 0.10258802 0.099892168 0.097002578 0.076810679 0.05661878 0.036969427 0.021408765 0.0058481027 0.0029520883 0.005907362 0.0094931919 0.01496241 0.020431628 0.01921105 0.0059360643 -0.007338921 -0.021525155 -0.036768383 -0.051559863 -0.051650186 -0.051740508 -0.045036098 -0.035257057 -0.025478015 -0.01741288 -0.009530281 -0.011161345 -0.021698454 -0.032235563 -0.044233073 -0.056926798 -0.066552698 -0.071209896 -0.075867094
0.099021124 0.11021694 0.10905518 0.10559021 0.10212524 0.098660274 0.10267983 0.11178544 0.12089104 0.12999665 0.13360828 0.12692209 0.12509838 0.12297475 0.12055295 0.11813114 0.11570934 0.11305522 0.11013113 0.10743528 0.10473943 0.10204358 0.099153987 0.078962088 0.058770189 0.03857829 0.018386391 0.0027845962 -0.00011141819 0.0037912462 0.0092604643 0.014729682 0.020198901 0.018978322 0.0057033367 -0.0075716486 -0.020846634 -0.034784808 -0.049576288 -0.049666611 -0.042137723 -0.032358681 -0.02257964 -0.012800598 -0.004735463 -0.0082966354 -0.018833745 -0.029370854 -0.039907963 -0.051905473 -0.061030751 -0.065687949 -0.070345147 -0.075002346
