mean_models/J1_mean_vp_slide_diff2_200.dat.tif
NCOLS 118
NROWS 92
XLLCORNER 139.62
YLLCORNER -39.07
DX 0.099491525
DY 0.099347826
NODATA_VALUE -9999
[rows 24 to 47 of 92, columns 0 to 52 of 118]
-9999 0.12205886 0.12838619 0.13471353 0.14104086 0.1473682 0.15369553 0.15647909 0.15381239 0.15114569 0.14847899 0.1458123 0.1431456 0.14070703 0.13872533 0.13674362 0.13476192 0.13278021 0.13079851 0.12828958 0.11930632 0.11032307 0.10133981 0.092356555 0.083373299 0.075719932 0.071630999 0.067542066 0.063453133 0.0593642 0.055275266 0.05076217 0.050052914 0.049343657 0.048634401 0.047925144 0.047215887 0.046397434 0.047093017 0.0477886 0.048484183 0.049179766 0.049875349 0.052275276 0.055900433 0.05952559 0.063150747 0.066775904 0.070238593 0.070455378 0.068717297 0.066979215 0.065241134
-9999 0.11405671 0.12038404 0.12671138 0.13303871 0.13936604 0.14918102 0.15670011 0.15669281 0.15402611 0.15135941 0.14869271 0.14602601 0.14236624 0.13768329 0.13570159 0.13371988 0.13173818 0.12975647 0.1256576 0.11667435 0.10769109 0.098707837 0.089724581 0.081774798 0.074859422 0.066560377 0.062471444 0.05838251 0.054293577 0.050204644 0.047270098 0.046560842 0.045851585 0.045142329 0.044433072 0.040726867 0.036680073 0.03721181 0.037907393 0.038602976 0.039298559 0.039994142 0.042003217 0.045336482 0.048961639 0.052586796 0.056211953 0.05983711 0.069529825 0.069610941 0.06787286 0.066134779
-9999 0.10424748 0.11057482 0.11690215 0.12322949 0.13491536 0.14756334 0.15508243 0.15668213 0.15793767 0.15527097 0.15260427 0.14993757 0.14627779 0.14062933 0.13498086 0.13295723 0.13097553 0.12899382 0.12489495 0.11591169 0.10692844 0.097945184 0.090826992 0.084870434 0.077955058 0.068469805 0.058984553 0.054713828 0.050624895 0.046535962 0.043601416 0.042892159 0.042182902 0.041473646 0.036127645 0.028949922 0.024903128 0.025335573 0.025806194 0.026501777 0.02719736 0.027892943 0.029902018 0.032855345 0.036046844 0.039672001 0.043297158 0.046922315 0.05661503 0.067356384 0.069805704 0.068067622
-9999 0.094438258 0.10076559 0.10800172 0.1206497 0.13329768 0.14594566 0.15346476 0.15506445 0.15666414 0.15826384 0.15651582 0.15384912 0.15018935 0.14454088 0.13889242 0.13324395 0.13021287 0.12823117 0.1241323 0.11514904 0.10616579 0.099879186 0.093922628 0.08796607 0.081050694 0.071565441 0.062080189 0.052594937 0.046956212 0.042867279 0.039932733 0.039223476 0.03851422 0.031528423 0.0243507 0.017172977 0.013126183 0.013558628 0.013991073 0.014423518 0.015096161 0.015791744 0.017800818 0.020754146 0.023707473 0.026757207 0.030382364 0.034007521 0.043700236 0.05444159 0.065182943 0.070000466
-9999 0.084629034 0.093736055 0.10638404 0.11903202 0.13168 0.14432799 0.15184708 0.15344677 0.15504646 0.15664616 0.15824585 0.15776068 0.15410091 0.14845244 0.14280398 0.13715551 0.13150704 0.12746851 0.12336964 0.11488794 0.10893138 0.10297482 0.097018264 0.091061706 0.08414633 0.074661077 0.065175825 0.055690573 0.046205321 0.039198596 0.03626405 0.034106925 0.026929202 0.019751478 0.012573755 0.0053960317 0.0013492379 0.001781683 0.0022141281 0.0026465731 0.0030790182 0.0036905443 0.0056996191 0.0086529465 0.011606274 0.014559601 0.017512929 0.021092726 0.030785441 0.041526795 0.052268149 0.063009503
-9999 0.079187887 0.091835869 0.10448385 0.11713183 0.12977982 0.1424278 0.14911464 0.15071433 0.15231403 0.15391372 0.15551341 0.15711311 0.1561749 0.15052643 0.14487796 0.1392295 0.13358103 0.12793257 0.12219094 0.11623438 0.11027782 0.10432127 0.098364709 0.092408151 0.086650026 0.077164774 0.067679522 0.058194269 0.048709017 0.039223765 0.030526689 0.023348966 0.016171242 0.0089935191 0.0018157958 -0.0053619276 -0.0075465414 -0.0071140964 -0.0066816513 -0.0062492062 -0.0058167612 -0.0053843161 -0.0043601288 -0.0014068014 0.001546526 0.0044998533 0.0074531807 0.010406508 0.018503523 0.029244877 0.039986231 0.050727584
-9999 0.074962011 0.087609993 0.10025798 0.11290596 0.12555394 0.1293068 0.13336694 0.13880486 0.14040455 0.14200424 0.14360393 0.14520363 0.14409044 0.13754456 0.13182451 0.12617604 0.12052757 0.11487911 0.10913748 0.10318092 0.097224366 0.091267808 0.08531125 0.082243437 0.079551253 0.074297932 0.065310182 0.05582493 0.046339677 0.036854425 0.028157349 0.020979626 0.013801903 0.0066241792 -0.0005535442 -0.010572239 -0.00948253 0.0077088107 0.0081412557 0.0085737008 0.0090061458 0.0094385909 0.0074575322 0.0053393387 0.0082926661 0.011245993 0.014199321 0.017152648 0.016843764 0.022173003 0.032914356 0.04365571
-9999 0.070736135 0.083384117 0.0960321 0.10673832 0.1095094 0.11228049 0.11634062 0.1218885 0.12743638 0.13009476 0.13169446 0.13329415 0.13218096 0.12563508 0.11908921 0.11312258 0.10747412 0.10182565 0.096084022 0.090127464 0.084170907 0.078214349 0.07630597 0.074569346 0.071877162 0.066623841 0.06137052 0.05345559 0.043970337 0.034485085 0.025788009 0.018610286 0.011432563 0.0040625312 -0.0066633297 -0.017389191 -0.016299482 0.0016940751 0.019687632 0.023396608 0.023829053 0.024261498 0.022280439 0.018564344 0.015038806 0.017992134 0.020945461 0.023898788 0.023589904 0.022717222 0.025842482 0.036583836
-9999 0.066510259 0.079158241 0.086940919 0.089712003 0.092483087 0.09525417 0.09931431 0.10486219 0.11041006 0.11595794 0.11978498 0.12138467 0.12027148 0.11372561 0.10717973 0.10063385 0.094420657 0.088772191 0.083030563 0.077074005 0.072105128 0.070368504 0.068631879 0.066895255 0.064203071 0.05894975 0.053696429 0.048443108 0.041600997 0.032115745 0.023418669 0.016240946 0.0079714403 -0.0027544207 -0.013480282 -0.024206143 -0.023116434 -0.0051228768 0.01287068 0.030864237 0.03865196 0.039084405 0.037103346 0.033387251 0.029671155 0.025955059 0.027691601 0.030644929 0.030336045 0.029463362 0.028590679 0.029511962
-9999 0.062284383 0.067143521 0.069914604 0.072685688 0.075456772 0.078227855 0.082287995 0.087835871 0.093383747 0.098931622 0.1044795 0.10947519 0.10836201 0.10181613 0.095270248 0.088724368 0.082178489 0.075718732 0.069977104 0.066167662 0.064431037 0.062694413 0.060957788 0.059221163 0.05652898 0.051275659 0.046022338 0.040769016 0.035515695 0.029746405 0.021049329 0.011880349 0.0011544884 -0.0095713726 -0.020297234 -0.031023094 -0.029933386 -0.011939829 0.0060537283 0.024047285 0.042040842 0.053907312 0.051926253 0.048210158 0.044494062 0.040777966 0.03706187 0.037391069 0.037082185 0.036209502 0.035336819 0.034464136
-9999 0.048855839 0.051626923 0.054398006 0.05716909 0.059940173 0.062711257 0.071075799 0.076634626 0.082182502 0.087730377 0.093278253 0.098826129 0.10227363 0.096645498 0.090099619 0.08355374 0.077007861 0.070461982 0.065370349 0.063633724 0.0618971 0.060160475 0.058423851 0.056687226 0.048348403 0.041470553 0.036217232 0.030963911 0.025710589 0.020457268 0.013334707 0.0026088455 -0.0081170154 -0.018842876 -0.029568737 -0.040294598 -0.039169547 -0.022473126 -0.004479569 0.013513988 0.031507545 0.049501102 0.056341363 0.052625267 0.048909172 0.045193076 0.04147698 0.037760884 0.038777486 0.037904803 0.03703212 0.036159437
-9999 0.035829179 0.038600263 0.041371346 0.04414243 0.049313278 0.060410497 0.069074373 0.074929857 0.080588401 0.086136277 0.091684153 0.097232028 0.10067953 0.099920906 0.096043211 0.089497332 0.082951452 0.076405573 0.071313941 0.069577316 0.067840692 0.066104067 0.063890638 0.054909372 0.044856111 0.031929632 0.022897496 0.017644175 0.012390854 0.0071375324 1.4970685e-05 -0.01071089 -0.021436751 -0.032162612 -0.039838595 -0.033196777 -0.030245521 -0.032574137 -0.021142143 -0.0031485862 0.014844971 0.032838528 0.040041533 0.039487348 0.036158958 0.032442862 0.028726767 0.025010671 0.028008227 0.03126988 0.030397197 0.029524515
-9999 0.022802519 0.025573603 0.028344687 0.036214631 0.047311851 0.05840907 0.067072946 0.07292843 0.078783914 0.084542176 0.090090052 0.095637928 0.099085428 0.098326805 0.097568182 0.095440923 0.088895044 0.082349165 0.077257532 0.075520908 0.073784283 0.069379612 0.060398346 0.05141708 0.041363819 0.02843734 0.015510861 0.004324439 -0.0009288822 -0.0061822034 -0.013304765 -0.024030626 -0.034756487 -0.037556387 -0.030914568 -0.02427275 -0.021321494 -0.02365011 -0.025978727 -0.01981116 -0.0018176035 0.016175954 0.023378959 0.022824773 0.022270588 0.019692649 0.015976553 0.012260457 0.015258013 0.019415871 0.023573728 0.022889592
-9999 0.0097758597 0.012546943 0.023115985 0.034213205 0.045310424 0.056407644 0.065071519 0.070927003 0.076782487 0.082637971 0.088493455 0.094043827 0.097491327 0.096732704 0.095974081 0.095215459 0.094456836 0.088292757 0.083201124 0.081464499 0.074868586 0.06588732 0.056906054 0.047924788 0.037871527 0.024945048 0.012018569 -0.00090790919 -0.013834388 -0.019501939 -0.026624501 -0.037350362 -0.035274178 -0.02863236 -0.021990542 -0.015348724 -0.012397468 -0.014726084 -0.0170547 -0.019383317 -0.018480178 -0.00048662066 0.0067163844 0.0061621992 0.0056080139 0.0050538287 0.0032263394 -0.00048975638 0.0025077996 0.0066656571 0.010823515 0.014981372
-9999 -0.0010798807 0.010017339 0.021114558 0.032211778 0.043308997 0.054406217 0.063070092 0.068925576 0.07478106 0.080636544 0.086492028 0.092347512 0.095897226 0.095138604 0.094379981 0.093621358 0.092862735 0.092104112 0.089144716 0.080357559 0.071376293 0.062395028 0.053413762 0.044432496 0.034379235 0.021452756 0.0085262773 -0.0044002013 -0.01732668 -0.030253158 -0.039633788 -0.03299197 -0.026350152 -0.019708334 -0.013066515 -0.0064246973 -0.0034734412 -0.0058020575 -0.0081306738 -0.01045929 -0.012787906 -0.015116523 -0.0099461898 -0.010500375 -0.01105456 -0.011608746 -0.012162931 -0.01323997 -0.010242414 -0.0060845565 -0.0019266991 0.0022311583
-9999 0.003151229 0.014248448 0.025345668 0.036442887 0.047540107 0.052672158 0.054292247 0.060147731 0.066003215 0.071858699 0.077714183 0.085065399 0.090307759 0.086659792 0.085901169 0.085142546 0.084383923 0.0836253 0.080380274 0.071399008 0.062417742 0.053436476 0.04445521 0.035792052 0.028740221 0.020999104 0.0080726252 -0.0048538534 -0.017780332 -0.030706811 -0.036949399 -0.030307581 -0.023665763 -0.017023945 -0.010382126 -0.003339529 0.0002519095 -0.0020767068 -0.0044053231 -0.0067339394 -0.0090625557 -0.011531112 -0.013158743 -0.01384219 -0.014396375 -0.01495056 -0.015504746 -0.016058931 -0.012595437 -0.0084375799 -0.0042797225 -0.00012186505
-9999 0.0094902682 0.020587488 0.031684707 0.042781927 0.043652123 0.041602434 0.043222523 0.049078007 0.054933491 0.060788975 0.069643415 0.080136019 0.085378379 0.08010682 0.075093853 0.07433523 0.073576608 0.072817985 0.069572958 0.060591692 0.051610426 0.04262916 0.03435871 0.026675809 0.019623978 0.014263577 0.0086466828 -0.0042797958 -0.017206274 -0.030132753 -0.036375341 -0.029733523 -0.023091705 -0.016449887 -0.0091019218 -0.0013724421 0.0022189965 -0.00010961984 -0.0024382362 -0.0047668525 -0.0073047741 -0.0099011599 -0.011528791 -0.012459997 -0.013232926 -0.013787111 -0.014341296 -0.014895481 -0.011431988 -0.0072741305 -0.0031162731 -0.0033429813
-9999 0.015829307 0.026926527 0.036681776 0.034632088 0.032582399 0.030532711 0.0321528 0.038008284 0.043863768 0.05422143 0.064714035 0.075206639 0.080448999 0.07517744 0.069905882 0.064634323 0.062769292 0.062010669 0.058765642 0.049784376 0.040803111 0.032925369 0.025242467 0.017559566 0.010507736 0.0051473345 -0.00021306651 -0.0055734675 -0.016632217 -0.029558695 -0.035801284 -0.029159466 -0.022517647 -0.014864315 -0.0071348349 0.00059464489 0.0041860834 0.0018574671 -0.0004820504 -0.0030784361 -0.0056748219 -0.0082712076 -0.0098988387 -0.010830045 -0.01176125 -0.012623661 -0.013177847 -0.013732032 -0.010268539 -0.0061106811 -0.0090538051 -0.017493351
-9999 0.022168347 0.027661741 0.025612053 0.023562364 0.021512676 0.019462987 0.021083076 0.028306841 0.038799445 0.04929205 0.059784655 0.070277259 0.075519619 0.07024806 0.064976502 0.059704943 0.054433385 0.051203353 0.047958327 0.039174928 0.031492027 0.023809126 0.016126224 0.0084433228 0.0013914926 -0.0039689084 -0.0093293094 -0.01468971 -0.020050111 -0.028984638 -0.035227226 -0.028356187 -0.020626707 -0.012897228 -0.0051677479 0.0025617318 0.0061531704 0.0037442876 0.0011479019 -0.0014484839 -0.0040448696 -0.0066412553 -0.0082688865 -0.0092000922 -0.010131298 -0.011062504 -0.01199371 -0.012568582 -0.0091050891 -0.014764629 -0.023204175 -0.031643721
-9999 0.02067204 0.018622351 0.016572663 0.014522974 0.012473285 0.010423597 0.013434213 0.023926818 0.034419422 0.044912027 0.055404631 0.065897236 0.07134491 0.066073351 0.060801793 0.055530234 0.050258676 0.044987117 0.038986405 0.031303504 0.023620602 0.015937701 0.0082547994 0.00057189794 -0.0048475389 -0.01020794 -0.015568341 -0.020928742 -0.026289143 -0.031649544 -0.03253887 -0.02480939 -0.01707991 -0.0093504307 -0.001620951 0.0061085288 0.0087326154 0.0061362297 0.003539844 0.00094345823 -0.0016529275 -0.0042493132 -0.0067322515 -0.0076634573 -0.008594663 -0.0095258688 -0.010457075 -0.01138828 -0.018756664 -0.02719621 -0.035635757 -0.044075303
-9999 0.026945538 0.024895849 0.022846161 0.020796472 0.018746784 0.016559958 0.017989993 0.023690074 0.034182678 0.044675283 0.055167888 0.065660492 0.071361062 0.067465305 0.062318855 0.057047297 0.051775738 0.04650418 0.040503467 0.032820566 0.025137665 0.017454763 0.0097718618 -0.00086013454 -0.006805177 0.0032692674 -0.00010728265 -0.0054676837 -0.010828085 -0.016188486 -0.017077812 -0.0093483319 -0.0016188522 0.0061106276 0.013840107 0.017362724 0.017517839 0.014275142 0.011678756 0.0090823703 0.0064859846 0.0038895989 -0.0012478764 -0.0068306266 -0.0077618323 -0.0086930381 -0.0096242439 -0.01055545 -0.018104434 -0.026664594 -0.03510414 -0.043543687
-9999 0.033219036 0.031169347 0.029119659 0.0270387 0.024838633 0.022638565 0.024068601 0.029688241 0.035307881 0.044438539 0.054931144 0.065423749 0.071124318 0.067228562 0.063332805 0.058564359 0.053292801 0.048021242 0.04202053 0.034337628 0.026654727 0.018971826 0.0071751553 -0.0047467483 -0.010691791 -0.0006173464 0.009457098 0.0099933746 0.0046329736 -0.00072742747 -0.0016167534 0.0061127264 0.013842206 0.021233903 0.02378038 0.026326857 0.026481973 0.023215906 0.019949839 0.017221282 0.014624897 0.012028511 0.0068910357 -7.3196555e-05 -0.0069290016 -0.0078602074 -0.0087914131 -0.0097226189 -0.017271604 -0.02596432 -0.034572524 -0.04301207
-9999 0.039492534 0.037442846 0.035317375 0.033117308 0.03091724 0.028717173 0.030147208 0.035766848 0.041386488 0.047006129 0.0546944 0.065187005 0.070887574 0.066991818 0.063096061 0.059200305 0.054809863 0.049538305 0.043537592 0.035854691 0.027132349 0.015210445 0.0032885416 -0.0086333621 -0.014578405 -0.0045039602 0.0055704842 0.015644929 0.020094032 0.014733631 0.013844305 0.021573785 0.027651559 0.030198036 0.032744513 0.03529099 0.035446106 0.032180039 0.028913973 0.025647906 0.022763809 0.020167423 0.015029948 0.0080657156 0.0011014833 -0.0058627489 -0.0079585824 -0.0088897882 -0.016438773 -0.02513149 -0.033824206 -0.042480453
-9999 0.045766032 0.04359605 0.041395983 0.039195915 0.036995848 0.03479578 0.036225815 0.041845456 0.047465096 0.053084736 0.058704376 0.064950261 0.070650831 0.066755074 0.062859318 0.058963561 0.055067805 0.051055367 0.045054655 0.035167639 0.023245735 0.011323831 -0.00059807222 -0.012519976 -0.018465018 -0.008390574 0.0016838704 0.011758315 0.021832759 0.030194689 0.029305363 0.034069215 0.036615692 0.039162169 0.041708646 0.044255124 0.044410239 0.041144172 0.037878106 0.034612039 0.031345973 0.028306335 0.02316886 0.016204628 0.0092403954 0.0022761632 -0.004688069 -0.0080569575 -0.015605942 -0.024298659 -0.032991376 -0.041684092
