mean_models/J1_mean__temp2_slide_60.dat.tif
NCOLS 118
NROWS 92
XLLCORNER 139.62
YLLCORNER -39.07
DX 0.099491525
DY 0.099347826
NODATA_VALUE -9999
[rows 27 to 53 of 92, columns 0 to 59 of 118]
-9999 690.80283 685.489 679.79175 671.81123 663.8307 655.85018 648.79565 642.80985 636.82405 630.83825 628.38598 626.90339 626.56901 628.53396 630.49892 632.46388 633.61568 634.44146 637.36565 645.13096 652.89627 657.41579 661.53806 665.66032 672.83441 688.18814 703.54188 718.89561 722.66325 721.76277 719.31461 713.88305 708.45149 704.90326 701.41263 697.92199 694.70018 691.86296 689.02573 686.18851 685.65618 685.34398 687.92673 692.59061 697.2545 701.04374 699.61245 698.18117 697.21133 696.32124 695.43114 700.70928 712.81349 723.35873 728.50386 733.64899 738.79412 748.59151 759.23533
-9999 688.7905 682.30392 674.32339 666.34287 658.36234 650.38182 643.32729 637.34149 631.35569 625.36989 619.38409 615.59888 615.26449 617.22945 619.19441 621.15937 623.12432 624.58911 627.5133 634.67493 638.7972 642.91946 647.04173 651.164 658.33808 673.69182 689.04555 704.39929 719.75302 727.6412 725.19305 720.19593 716.7053 713.21466 709.72403 706.23339 703.01158 700.17436 697.33713 694.49991 691.66268 690.54389 693.12664 697.79052 702.4544 707.11829 711.78217 710.76241 709.79257 708.90247 708.01238 707.12229 709.93452 720.47975 725.62489 730.77002 735.91515 741.06028 749.8142
-9999 685.67787 677.69735 669.71682 661.7363 653.75577 645.77525 638.29487 632.30906 626.32326 620.33746 614.35166 608.36586 605.28013 607.24509 609.21005 611.175 613.13996 615.10492 617.72221 621.84448 625.96675 630.08901 634.21128 638.33354 645.25784 660.61157 675.96531 691.31904 706.67278 722.02651 730.94363 727.45299 723.96236 720.47172 716.98109 713.49045 709.85561 707.01838 704.18116 701.34393 698.50671 695.66949 697.27267 701.93655 706.60043 711.26432 715.9282 720.59208 720.234 719.3439 718.45381 717.56372 716.67362 718.32038 723.46552 728.61065 733.75578 738.90092 744.04605
-9999 688.1658 680.18527 672.20475 664.22422 656.24369 649.41184 641.04026 630.86535 624.87955 618.89375 612.90795 606.92214 604.19238 607.983 610.09361 612.05857 614.02352 615.98848 618.60578 622.72804 626.85031 630.97257 635.09484 644.83023 655.21033 660.38557 674.54273 689.89647 705.2502 720.60394 729.52105 726.03042 722.53978 719.04915 715.55851 710.51514 705.69037 701.78254 698.94532 696.10809 693.27087 690.43364 692.29952 697.40671 702.07059 706.73448 711.39836 716.06224 714.09553 712.16972 711.27963 710.38953 709.49944 712.02102 726.36024 732.3753 737.52043 742.66556 747.8107
-9999 690.65372 682.67319 674.69267 666.96289 660.25782 653.55274 645.18117 634.88624 624.59131 617.45003 611.46423 605.47843 602.74866 606.53929 610.32992 612.94213 614.90708 616.87204 619.48934 623.6116 627.73387 631.85613 643.84442 656.16645 666.54655 671.72179 676.89704 688.47389 703.82763 719.18136 728.09847 724.60784 721.1172 717.52146 712.09159 706.66171 701.83694 697.87786 693.91879 690.87225 688.03503 685.1978 687.06368 692.31054 697.54076 702.20464 706.86852 711.53241 709.56569 706.45303 704.10545 703.21535 702.32526 704.84684 719.18606 733.52527 741.28508 746.43021 751.57535
-9999 693.14164 685.16112 677.80887 671.10379 664.39872 657.69364 649.32207 639.02714 628.73221 618.43729 610.02052 604.03472 601.30495 605.09557 608.8862 612.67683 615.79065 617.7556 620.3729 624.49516 630.53659 642.85862 655.18064 667.50267 677.88277 683.05801 688.23326 693.4085 702.40505 717.75878 726.6759 723.18526 719.09791 713.66804 708.23816 702.80828 697.98351 694.02444 690.06536 686.10628 682.79918 679.96196 681.82783 687.0747 692.32157 697.56844 702.33869 707.00257 705.03585 701.92319 698.81053 696.04117 695.15108 697.67266 712.01188 726.35109 740.69031 750.19486 755.33999
-9999 695.62957 688.65485 681.94977 675.2447 668.53962 661.83454 653.46297 643.16804 632.87312 622.57819 612.28326 602.591 599.86123 603.65186 607.44249 611.23311 615.02374 618.63917 621.25646 629.55079 641.87281 654.19484 666.51687 678.83889 689.21899 694.39423 699.56948 704.74473 709.91997 716.33621 725.25332 720.67436 715.24448 709.81461 704.38473 698.95486 694.13009 690.17101 686.21193 682.25286 678.29378 674.72612 676.59199 681.83886 687.08573 692.3326 697.57947 702.47273 700.50601 697.39335 694.28069 691.16802 688.05536 690.49848 704.8377 719.17691 733.51613 747.85534 759.10464
-9999 700.05328 693.34821 686.64313 679.93806 673.23298 666.5279 655.47906 645.02934 634.73441 624.43948 614.14456 603.84963 603.07043 609.15826 612.94888 616.73951 620.53014 624.32076 630.69116 643.01318 655.33521 667.65724 679.97926 692.30129 695.89524 700.83842 706.01367 711.18891 716.36416 721.53941 723.09229 717.66241 712.23254 706.80266 701.37278 695.94291 692.50766 688.39738 684.4383 680.47922 676.52015 672.56107 670.06753 675.3144 680.56127 685.80814 691.05501 696.30188 696.40857 693.29591 690.18324 687.07058 683.95792 682.94074 695.37829 709.7175 724.05672 738.39594 752.73515
-9999 705.6578 698.95272 692.24764 685.54257 678.45766 670.43473 659.33851 644.69531 632.836 622.54108 612.24615 601.95122 601.17203 619.44862 629.91792 633.70855 637.49918 641.28981 647.6602 659.98222 672.30425 684.62628 696.07971 695.20418 695.67494 699.7541 704.38955 709.56479 714.74004 719.91528 721.46817 716.03829 710.60841 705.17854 700.60742 700.06781 697.14677 690.81877 686.09482 682.13574 678.17666 674.21759 670.76848 667.68599 671.91153 677.1584 682.40527 687.65214 689.46449 689.9116 686.79894 683.68628 680.57361 679.55643 685.79775 696.48912 710.82834 725.16756 739.50677
-9999 711.26231 704.55723 697.85216 690.34004 682.31711 674.29417 663.19795 648.55476 633.91156 620.64267 610.34774 600.05282 599.27362 617.55021 635.8268 650.67759 654.46822 658.25885 664.62924 676.95127 689.27329 696.73494 695.85941 694.98389 695.45465 699.5338 703.61296 707.94067 713.11592 718.29116 719.84405 714.41417 708.98429 705.78615 705.24653 704.70692 701.78588 695.45788 689.12987 683.79226 679.83318 675.8741 672.425 669.34251 666.26002 668.50866 673.75553 679.0024 680.81475 682.03352 683.25229 680.30197 677.18931 676.17213 682.41344 688.65476 697.59996 711.93918 726.27839
-9999 716.86682 710.16175 702.22242 694.19948 686.17655 678.15362 667.0574 652.4142 637.77101 623.12781 608.48462 598.15441 597.37521 615.6518 633.9284 652.20499 670.48158 675.22789 681.59828 693.92031 697.39017 696.51465 695.63912 694.7636 695.23436 699.31351 703.39266 707.47182 711.55097 716.66704 718.21993 712.79005 710.96488 710.42526 709.88565 709.34603 706.42499 700.09699 693.76898 687.44098 681.4897 677.53062 674.08152 670.99902 667.91653 664.83404 665.10579 670.35266 672.16501 673.38378 674.60255 675.82132 673.805 672.78782 679.02914 685.27045 691.51177 698.7108 713.05001
-9999 722.12773 714.10479 706.08186 698.05893 690.036 682.01307 670.91685 656.27365 641.63046 626.98726 612.34406 597.70087 595.4768 613.7534 632.02999 650.30658 668.58318 686.85977 698.56732 698.0454 697.16988 696.29435 695.41883 694.5433 695.01407 699.09322 703.17237 707.25152 711.33068 715.40983 716.68322 716.1436 715.60399 715.06437 714.52476 713.98514 711.0641 704.7361 698.4081 692.08009 685.75209 679.42408 675.73803 672.65554 669.57305 666.49056 663.40807 661.70292 663.51527 664.73404 665.95281 667.17158 668.39035 669.40352 675.64483 681.88615 688.12747 694.36878 700.6101
-9999 723.86652 715.84358 707.82065 699.79772 691.77479 687.7503 681.37551 666.73231 652.08912 637.44592 622.80273 610.63848 609.5633 622.99247 641.26907 659.54566 677.82225 696.09885 708.58412 707.7086 706.83307 705.95755 705.08202 700.8292 694.20857 705.72229 709.80144 713.8806 717.95975 722.0389 724.54043 724.00082 723.4612 722.92159 722.38197 718.6442 710.61461 704.2866 697.9586 691.63059 685.30259 679.99478 679.89093 678.88261 675.80011 672.71762 669.63513 666.55264 667.13758 668.35635 669.57512 670.79389 672.41614 677.12442 683.36573 689.60705 695.84837 702.08968 701.92052
-9999 724.88807 716.86514 708.84221 700.81928 699.65149 700.4409 694.06611 679.42292 664.77972 650.13653 640.46364 633.50575 632.43058 643.13587 654.27499 672.55158 690.82818 709.10477 721.59005 720.71453 719.839 718.96347 710.54132 695.88125 689.26062 704.18772 718.74707 722.82622 726.90537 730.98453 733.48606 732.94644 732.40683 731.86721 725.69265 716.47367 708.44407 702.11607 695.78806 689.46006 684.65793 680.28202 680.17818 683.14547 683.573 680.49051 677.40802 674.32553 674.91047 676.12924 677.34801 679.62727 683.89297 688.60125 694.84257 701.08388 707.3252 704.41227 697.92933
-9999 725.90963 717.88669 710.76328 711.55269 712.3421 713.13151 706.75672 692.11352 677.47033 670.2888 663.33091 656.37303 655.29786 666.00314 676.70843 687.41372 703.8341 722.1107 734.59598 733.72045 732.84493 720.25345 705.59337 690.93329 684.31266 699.23976 714.16687 729.09397 735.851 739.93015 742.43168 741.89207 741.35245 732.74111 723.52212 714.30313 706.27354 699.94553 693.697 689.32109 684.94518 680.56927 680.46542 683.43271 686.40001 688.2634 685.18091 682.09841 682.68335 683.90212 686.83841 691.10411 695.36981 700.07808 706.3194 712.56072 706.90401 700.42108 693.93814
-9999 726.93118 722.66448 723.45389 724.2433 725.0327 725.82211 719.44732 707.07184 700.11396 693.15607 686.19819 679.24031 678.16513 688.87042 699.57571 710.281 720.98629 735.11662 747.6019 744.62564 729.96557 715.30549 700.64542 685.98534 679.36471 694.29181 709.21891 724.14601 739.07311 748.87577 751.37731 749.00854 739.78956 730.57057 721.35159 712.1326 704.10301 698.36016 693.98425 689.60834 685.23242 680.85651 680.75267 683.71996 686.68725 689.65454 692.62183 689.8713 690.45624 694.04954 698.31524 702.58094 706.84664 711.55492 715.8787 709.39576 702.91282 696.42988 689.94695
-9999 735.20863 735.99804 736.78745 737.57686 738.36626 739.15567 734.14327 727.18538 720.2275 713.26962 706.31174 699.35385 696.94613 707.65142 718.3567 729.06199 739.76728 750.47257 753.50775 738.84767 724.1876 709.52752 694.86745 680.20737 673.47192 688.39902 703.32612 718.25322 733.18032 748.10743 754.78701 745.56803 736.34904 727.13006 717.91107 708.69208 704.64319 700.26728 695.89137 691.51545 687.13954 682.76363 683.1933 686.16059 689.12788 692.09518 695.06247 698.02976 701.50998 705.77568 710.04138 714.30708 718.57278 720.51173 714.02879 707.54585 701.06291 694.57997 688.09704
-9999 753.3914 754.18081 754.97021 755.75962 756.54903 737.43722 726.32094 726.53011 719.57223 712.61435 705.65646 698.69858 694.64949 696.42541 706.31871 717.02399 727.72928 738.43457 741.46975 726.80968 712.1496 697.48952 682.82945 675.88935 674.07127 676.93123 690.30733 705.23443 720.16153 735.08863 741.76822 732.54924 723.33025 714.11126 704.89228 698.14244 700.49561 714.39158 710.01567 705.63976 701.26384 696.88793 698.97343 704.84221 707.8095 710.77679 713.74409 716.71138 717.14864 719.38211 723.64781 727.9135 732.1792 734.16753 728.26733 721.8456 715.36266 708.87972 702.39678
-9999 771.57416 772.36357 773.15298 769.40453 748.37105 727.33756 716.22128 716.55075 716.88021 711.95907 705.00119 698.04331 693.99421 695.77014 697.54606 704.986 715.69129 726.39657 729.43176 714.77168 700.1116 685.45153 681.56024 677.99679 676.17871 679.03867 681.89863 692.21564 707.14274 722.06984 728.74943 719.53044 710.31146 701.29073 695.11382 688.93691 691.29008 705.84672 720.40336 719.76406 715.38815 711.01223 713.09773 719.82824 726.49112 729.45841 732.4257 735.393 735.83025 735.83025 737.25423 741.51993 745.78563 747.77396 741.87376 735.97355 729.6624 723.17947 716.69653
-9999 789.75693 790.54634 780.33836 759.30488 738.27139 717.2379 706.12163 706.45109 706.78055 707.11002 704.34592 697.38803 693.33894 695.11486 696.89079 698.66671 703.65329 714.35858 717.39376 702.73368 690.7946 687.23114 683.66769 680.10423 678.28615 681.14611 684.00607 686.86603 694.12395 709.05105 715.73064 706.51165 698.26211 692.0852 685.90829 679.73139 682.08455 696.64119 711.19783 725.75447 729.51245 725.13654 727.22203 733.95254 740.68306 747.41357 751.10732 754.07461 754.51187 754.51187 754.51187 755.12635 759.39205 761.38038 755.48018 749.57998 743.67977 737.47921 730.99627
-9999 807.93969 791.27219 770.2387 749.20522 728.17173 707.13824 696.02197 696.35143 696.6809 697.01036 697.33982 696.73276 692.68367 694.45959 696.23551 698.01144 699.78736 702.32058 705.35576 696.46549 692.90204 689.33858 685.77513 682.21167 680.39359 683.25355 686.11351 688.97347 691.83343 696.03226 702.71184 695.23348 689.05658 682.87967 676.70277 670.52586 672.87902 687.43566 701.9923 716.54894 731.10558 739.26084 741.34633 748.07685 754.80736 761.53787 768.26839 772.75623 773.19349 773.19349 773.19349 773.19349 773.19349 774.98681 769.0866 763.1864 757.2862 751.386 745.29602
-9999 799.78932 778.75583 757.72234 736.68886 715.65537 694.62188 694.66774 694.99721 695.32667 695.65613 695.9856 696.31506 696.5074 696.31182 698.08774 699.86367 701.63959 703.41551 703.57689 700.01344 696.44998 692.88653 689.32307 685.75962 677.67435 679.81482 682.67478 685.53474 688.3947 691.25466 691.02792 684.85102 678.67411 672.49721 666.3203 660.14339 673.437 687.99364 702.55028 717.10692 731.66356 745.42904 749.38807 756.11858 762.8491 769.57961 776.31013 783.04064 784.03244 784.03244 784.03244 784.03244 784.03244 781.20148 775.30127 769.40107 763.50087 757.60066 751.80646
-9999 783.43225 762.39876 741.36528 720.33179 706.57067 706.88871 707.21206 707.54152 707.87099 708.20045 709.73397 715.81274 716.83397 707.72718 703.92498 705.7009 707.47683 709.25275 709.41413 705.85067 702.28722 698.72376 693.92091 679.79478 669.44835 669.2325 670.42188 673.28184 676.1418 679.00176 678.77503 672.59812 666.42121 660.24431 658.96318 674.42315 689.51148 704.06812 718.62476 733.1814 744.06658 748.5883 752.19453 755.14262 761.22421 767.95472 774.68524 781.41575 782.40756 782.40756 782.40756 782.40756 779.43085 775.66891 769.7687 763.8685 757.9683 752.51552 748.02241
-9999 767.07518 746.0417 725.00821 718.79694 719.11499 719.43303 719.75638 720.08584 720.41531 723.98177 730.06054 736.1393 737.16053 728.05374 718.94695 711.53814 713.31406 715.08999 715.25136 711.68791 708.12445 699.82105 685.69491 671.56878 661.22235 661.0065 660.79066 661.02895 663.88891 666.74887 666.52213 660.34522 654.16832 659.57769 675.03766 690.49763 705.58596 720.1426 734.69924 742.70413 747.22585 751.74756 755.35379 758.30188 761.24997 766.32983 773.06035 779.79086 780.78267 780.78267 780.18757 777.04292 773.89828 770.13634 764.23613 758.33593 753.22458 748.73147 744.23836
-9999 750.71812 730.70517 731.02321 731.34126 731.65931 731.97735 732.3007 732.63016 738.22956 744.30833 750.3871 756.46587 757.4871 748.38031 739.27352 730.16672 721.05993 720.92722 721.0886 717.52515 705.72119 691.59505 677.46891 663.34278 652.99635 652.7805 652.56466 652.34881 652.13297 654.49597 654.26923 648.09232 660.19219 675.65216 691.11214 706.57211 721.66044 736.21707 741.34167 745.86339 750.38511 754.90682 758.51305 761.46114 764.40923 767.35732 771.43546 778.16597 779.15778 777.79964 774.655 771.51035 768.36571 764.60377 758.70356 753.93364 749.44053 744.94742 740.45431
-9999 742.93144 743.24948 743.56753 743.88558 744.20362 744.52167 746.39859 752.47736 758.55613 764.6349 770.71367 776.79244 777.81366 768.70687 759.60008 750.49329 741.3865 732.27971 725.74747 711.62133 697.49519 683.36905 669.24291 655.11678 644.77035 644.5545 644.33866 644.12281 643.90697 643.69112 645.34673 660.8067 676.26667 691.72664 707.18661 722.64659 735.45749 739.97921 744.50093 749.02265 753.54437 758.06609 761.67231 764.6204 767.56849 770.51658 773.46468 776.54108 775.41171 772.26707 769.12243 765.97778 762.83314 759.1358 754.6427 750.14959 745.65648 741.16337 736.67026
-9999 745.37508 745.69313 746.01117 746.32922 746.64727 750.46548 756.59056 762.66933 768.7481 774.82687 780.90564 781.32902 780.93069 787.45227 778.34547 769.23868 760.13189 751.0251 740.40054 726.2744 712.14826 698.02212 683.89598 674.32304 668.89711 657.63306 657.41721 657.20137 656.98552 656.76968 661.90818 677.36815 692.82812 708.28809 723.74806 735.43863 742.03627 746.55799 751.07971 755.60143 760.12315 761.99758 763.23973 765.62271 768.5708 771.5189 774.46699 777.41508 775.16826 772.02361 768.87897 765.73433 761.84934 756.23816 751.74505 747.25194 742.75884 738.26573 744.8894
