mean_models/J1_mean_vp_slide_diff2_320.dat.tif
NCOLS 118
NROWS 92
XLLCORNER 139.62
YLLCORNER -39.07
DX 0.099491525
DY 0.099347826
NODATA_VALUE -9999
[rows 0 to 23 of 92, columns 0 to 52 of 118]
-9999 -9999 -9999 -9999 -9999 -9999 -9999 -9999 -9999 -9999 -9999 -9999 -9999 -9999 -9999 -9999 -9999 -9999 -9999 -9999 -9999 -9999 -9999 -9999 -9999 -9999 -9999 -9999 -9999 -9999 -9999 -9999 -9999 -9999 -9999 -9999 -9999 -9999 -9999 -9999 -9999 -9999 -9999 -9999 -9999 -9999 -9999 -9999 -9999 -9999 -9999 -9999 -9999
-9999 0.02437905 0.028711335 0.03304362 0.037375905 0.041708191 0.044549167 0.044742716 0.044391055 0.043505581 0.042620106 0.041734631 0.040849157 0.040080817 0.038601892 0.036039322 0.033476752 0.030914182 0.028351612 0.026838598 0.027746956 0.028655313 0.029563671 0.030472029 0.031161277 0.030715925 0.031331243 0.032585848 0.033840453 0.035095058 0.036349663 0.037831896 0.039752926 0.041673956 0.043594985 0.045516015 0.046324469 0.045329798 0.045336146 0.044706777 0.044077407 0.043448037 0.042818668 0.041635337 0.040225361 0.038870181 0.037515002 0.036159823 0.034804643 0.020930056 0.0050400161 -0.010850024 -0.026740064
-9999 0.029177343 0.033509628 0.037841913 0.042174198 0.043855284 0.043875671 0.04406922 0.04446262 0.044454973 0.043569499 0.042684024 0.041798549 0.041030209 0.040496437 0.039521049 0.036958479 0.034395909 0.031833339 0.030320325 0.031228683 0.032137041 0.033045398 0.033343135 0.032674055 0.032228703 0.032382999 0.032748116 0.034002721 0.035257326 0.036511931 0.037994164 0.039915194 0.041836224 0.043757253 0.043607928 0.041316925 0.040322254 0.041182169 0.041496186 0.040866816 0.040237447 0.039608077 0.038424746 0.03684318 0.035391145 0.034035965 0.032680786 0.031325607 0.017444262 0.0013980557 -0.014510992 -0.030401032
-9999 0.033975636 0.038307921 0.042640206 0.043161401 0.043181788 0.043202176 0.043395725 0.043789124 0.044182523 0.044518891 0.043633417 0.042747942 0.041979602 0.04144583 0.040912058 0.040378286 0.037877636 0.035315066 0.033802053 0.03471041 0.035618768 0.035524994 0.034855913 0.034186833 0.03374148 0.033895777 0.034050073 0.034204369 0.035419594 0.036674199 0.038156433 0.040077462 0.041998492 0.040891387 0.038600384 0.03630938 0.035314709 0.036174625 0.03703454 0.037656226 0.037026856 0.036397486 0.035214156 0.03363259 0.032051024 0.030556929 0.029201749 0.02784657 0.013965225 -0.002080981 -0.018127187 -0.034061999
-9999 0.038773929 0.04244713 0.042467518 0.042487905 0.042508293 0.042528681 0.042722229 0.043115629 0.043509028 0.043902427 0.044295827 0.043697335 0.042928995 0.042395222 0.04186145 0.041327678 0.040793906 0.038796794 0.03728378 0.038192138 0.037706852 0.037037771 0.036368691 0.03569961 0.035254258 0.035408554 0.03556285 0.035717147 0.035871443 0.036836467 0.038318701 0.04023973 0.038174846 0.035883842 0.033592839 0.031301836 0.030307165 0.03116708 0.032026996 0.032886912 0.033746827 0.033186896 0.032003565 0.030421999 0.028840433 0.027258867 0.025722713 0.024367533 0.010486189 -0.0055600177 -0.021606224 -0.037652431
-9999 0.041753247 0.041773635 0.041794022 0.04181441 0.041834797 0.041855185 0.042048734 0.042442133 0.042835533 0.043228932 0.043622331 0.04401573 0.043878387 0.043344615 0.042810843 0.042277071 0.041743299 0.041209527 0.04055779 0.03988871 0.039219629 0.038550549 0.037881468 0.037212388 0.036767036 0.036921332 0.037075628 0.037229924 0.03738422 0.037538517 0.037749307 0.035458304 0.033167301 0.030876298 0.028585295 0.026294292 0.02529962 0.026159536 0.027019452 0.027879367 0.028739283 0.029599198 0.028792975 0.027211409 0.025629842 0.024048276 0.02246671 0.020888497 0.007007152 -0.0090390544 -0.025085261 -0.041131467
-9999 0.038155161 0.038175549 0.038195937 0.038216324 0.038236712 0.038728719 0.039355699 0.039749099 0.040142498 0.040535897 0.040929296 0.042327823 0.042451313 0.038588458 0.038054686 0.037520914 0.036987142 0.03645337 0.035878683 0.035209602 0.034540522 0.033871441 0.033202361 0.034764613 0.038404705 0.037719972 0.037874268 0.038028564 0.03818286 0.038337156 0.037656218 0.035365215 0.033074212 0.030783209 0.028492206 0.026366305 0.025568552 0.026428467 0.027288383 0.028148298 0.029008214 0.01949267 0.0053280734 -0.0017376917 -0.0033192578 -0.004900824 -0.0064823901 -0.0080639563 -0.021978661 -0.038024868 -0.054071074 -0.07011728
-9999 0.034093738 0.034114125 0.034134513 0.034154901 0.034886364 0.035715732 0.036342712 0.036736112 0.037129511 0.03752291 0.039579942 0.042198037 0.042321527 0.037449427 0.032577327 0.031860836 0.031327064 0.030793292 0.030218604 0.029549524 0.028880443 0.028211363 0.031421034 0.036747976 0.040388068 0.039506978 0.038625888 0.038714064 0.03886836 0.039022656 0.038341718 0.036050715 0.033759712 0.031468709 0.029427621 0.027471179 0.026673426 0.027533342 0.028393257 0.029253173 0.016004425 0.00079096977 -0.013373626 -0.026784211 -0.036346069 -0.037927635 -0.039509201 -0.041090767 -0.055005472 -0.071051678 -0.087097885 -0.081804025
-9999 0.030032314 0.030052702 0.030214641 0.031044009 0.031873377 0.032702745 0.033329725 0.033723124 0.034213966 0.036832061 0.039450156 0.042068251 0.042191741 0.037319641 0.032447541 0.027575441 0.025666986 0.025133214 0.024558526 0.023889446 0.023220365 0.028077455 0.033404397 0.038731339 0.042371431 0.041490341 0.040609251 0.039728161 0.03955386 0.039708156 0.039027218 0.036736215 0.034445379 0.032488938 0.030532496 0.028576054 0.027778301 0.028638216 0.027729635 0.01251618 -0.002697275 -0.01791073 -0.032075326 -0.045485911 -0.058896496 -0.070954446 -0.072536012 -0.074117578 -0.088032283 -0.10407849 -0.089598428 -0.05723721
-9999 0.02597089 0.026372286 0.027201654 0.028031022 0.02886039 0.029689758 0.030316738 0.031466084 0.034084179 0.036702274 0.039320369 0.041938464 0.042061955 0.037189855 0.032317755 0.027445655 0.022573555 0.019473135 0.018898448 0.019406934 0.024733876 0.030060818 0.03538776 0.040714703 0.044354794 0.043473704 0.042592614 0.041711524 0.040830433 0.040393656 0.039712718 0.037506696 0.035550254 0.033593812 0.03163737 0.029680929 0.028883176 0.02424139 0.0090279351 -0.0061855199 -0.021398975 -0.03661243 -0.050777026 -0.064187611 -0.077598196 -0.091008781 -0.10441937 -0.10714439 -0.12105909 -0.09739283 -0.065031613 -0.032670395
-9999 0.023480403 0.02430977 0.025139138 0.025968506 0.026797874 0.027627242 0.028912199 0.031530294 0.034148389 0.036766484 0.039384579 0.042002674 0.042610877 0.037738777 0.032866677 0.027994577 0.023122477 0.018250377 0.016462314 0.021789256 0.027116199 0.032443141 0.037770083 0.043097025 0.046036078 0.045154988 0.044273898 0.043392808 0.042511717 0.041630627 0.040382232 0.03842579 0.036469348 0.034512907 0.032556465 0.030600023 0.023031635 0.0078181797 -0.0073952753 -0.02260873 -0.037822185 -0.05303564 -0.062961592 -0.076372177 -0.089782762 -0.10319335 -0.11660393 -0.13001452 -0.10439821 -0.072036989 -0.039675772 -0.0073145541
-9999 0.027647009 0.028476377 0.029305745 0.030135113 0.030964481 0.029783324 0.030247807 0.032865902 0.035483997 0.038102092 0.040720187 0.041672518 0.042062666 0.042323168 0.037863666 0.032991566 0.028119466 0.023247366 0.021459303 0.026786245 0.032113187 0.037440129 0.042767071 0.045108737 0.045607329 0.044842762 0.04397544 0.04309435 0.04221326 0.04133217 0.040083775 0.038127333 0.036170891 0.034214449 0.032258007 0.029523263 0.021541003 0.0063275483 -0.0088859067 -0.024099362 -0.039312817 -0.043554865 -0.044021614 -0.045845281 -0.059255866 -0.072666451 -0.086077036 -0.09948762 -0.073871311 -0.041510093 -0.0091488754 0.023212342
-9999 0.031813615 0.032642983 0.033472351 0.033921983 0.032520458 0.031118932 0.031583414 0.034201509 0.036819604 0.039353244 0.039808133 0.040263021 0.040653169 0.040913671 0.041174173 0.037988554 0.033116454 0.028244354 0.026456292 0.031783234 0.037110176 0.042437118 0.043697384 0.04466726 0.045165853 0.044401286 0.043636718 0.042795893 0.041914803 0.041033712 0.039785317 0.037828875 0.035872434 0.03388813 0.030960381 0.028032632 0.020050372 0.004836917 -0.010376538 -0.0238 -0.02744139 -0.03108278 -0.03154953 -0.029734071 -0.028728969 -0.042139554 -0.055550139 -0.068960724 -0.043344414 -0.010983197 0.021378021 0.02104325
-9999 0.035980222 0.03680959 0.036659116 0.035257591 0.033856065 0.032454539 0.032919021 0.035537116 0.037488859 0.037943747 0.038398635 0.038853524 0.039243672 0.039504174 0.039764676 0.040025178 0.038113443 0.033241343 0.03145328 0.036780222 0.041316154 0.04228603 0.043255907 0.044225783 0.044724376 0.043959809 0.043195242 0.042430674 0.041616345 0.040735255 0.03948686 0.037530418 0.035325247 0.032397499 0.02946975 0.026542001 0.018559741 0.0033462857 -0.0076865258 -0.011327916 -0.014969305 -0.018610695 -0.019077445 -0.017261987 -0.015446528 -0.01363107 -0.025023243 -0.038433828 -0.012817518 0.0195437 0.011592209 -0.0022136618
-9999 0.040146828 0.039396249 0.037994724 0.036593198 0.035191672 0.033790146 0.034254629 0.035624473 0.036079361 0.03653425 0.036989138 0.037444026 0.037834174 0.038094676 0.038355178 0.03861568 0.038876182 0.038238332 0.036450269 0.0399048 0.040874677 0.041844553 0.04281443 0.043784306 0.044282899 0.043518332 0.042753765 0.041989198 0.04122463 0.040436798 0.039188402 0.036762365 0.033834616 0.030906867 0.027979118 0.025051369 0.017069109 0.0084269487 0.0047855589 0.0011441691 -0.0024972208 -0.0061386106 -0.0066053604 -0.0047899019 -0.0029744433 -0.0011589848 0.0006564737 -0.0079069315 0.015947037 0.002141167 -0.011664703 -0.025470574
-9999 0.041536856 0.04013533 0.038733805 0.037332279 0.035930753 0.034529228 0.033041623 0.033496511 0.0339514 0.034406288 0.034861176 0.035316065 0.036793502 0.037218842 0.037479344 0.037739846 0.038000348 0.03826085 0.038735856 0.039705733 0.040675609 0.041645486 0.042615363 0.043585239 0.036996761 0.033454753 0.032690185 0.031925618 0.031161051 0.030396484 0.028893045 0.025965296 0.023037547 0.020109798 0.017182049 0.0142543 0.017190431 0.013549041 0.0099076514 0.0062662616 0.0026248718 -0.0010165181 -0.0010033534 0.0008121051 0.0026275636 0.0044430221 0.0062584807 0.0080739392 0.0052632373 -0.0085426331 -0.022348504 -0.036154374
-9999 0.040889827 0.039488301 0.038086776 0.03668525 0.035283381 0.033879572 0.032211213 0.03023753 0.030153988 0.030608876 0.031063764 0.031518652 0.03299609 0.03652124 0.037843549 0.038104051 0.038364553 0.038625055 0.039100061 0.040069938 0.041039814 0.042009691 0.042979567 0.044122164 0.037597709 0.010488798 0.00026833946 -0.00049622762 -0.0012607947 -0.0020253618 -0.003528801 -0.0064565499 -0.0093842989 -0.012312048 -0.014669723 -0.004046558 0.0018695273 0.0010514668 -0.0020489651 -0.005690355 -0.0093317448 -0.012973135 -0.012673616 -0.0095494504 -0.0077339919 -0.0059185334 -0.0041030748 -0.0022876163 0.0069145305 0.0099889071 -0.0038169634 -0.017622834
-9999 0.040242798 0.038841272 0.037439746 0.036037202 0.034633393 0.033229584 0.031561225 0.029587541 0.027613858 0.026811464 0.027266352 0.02772124 0.029198678 0.032723828 0.036248979 0.038468256 0.038728758 0.03898926 0.039464266 0.040434143 0.041404019 0.042411924 0.043567519 0.044723113 0.038198658 0.011089747 -0.016019165 -0.032918074 -0.033682641 -0.034447208 -0.035950647 -0.038878396 -0.041806145 -0.040728582 -0.030105416 -0.019482251 -0.013566166 -0.014384226 -0.015202287 -0.017646972 -0.021288361 -0.024929751 -0.024630233 -0.021497646 -0.01836506 -0.016280089 -0.01446463 -0.012649172 -0.003447025 0.0070317422 0.014714577 0.00090870642
-9999 0.039595769 0.038194243 0.036791023 0.035387213 0.033983404 0.032579595 0.030911236 0.028937553 0.026963869 0.024990186 0.02346894 0.023923828 0.025401266 0.028926416 0.032451567 0.035976717 0.039092963 0.039353465 0.039828471 0.040798348 0.041857279 0.043012873 0.044168467 0.045324061 0.038799607 0.011690695 -0.015418216 -0.042527127 -0.066104487 -0.066869054 -0.068372493 -0.071300242 -0.06678744 -0.056164275 -0.045541109 -0.034917944 -0.029001858 -0.029819919 -0.030637979 -0.03145604 -0.033244978 -0.036886368 -0.03658685 -0.033454263 -0.030321676 -0.02718909 -0.024826186 -0.023010727 -0.013808581 -0.0033298133 0.007148954 0.017627721
-9999 0.038948652 0.037544843 0.036141034 0.034737225 0.033333416 0.031929607 0.030261248 0.028287564 0.026313881 0.024340197 0.022366514 0.02039283 0.021603853 0.025129004 0.028654155 0.032179305 0.035704456 0.039229606 0.040192676 0.041302634 0.042458228 0.043613822 0.044769416 0.04592501 0.039400555 0.012291644 -0.014817267 -0.041926178 -0.06903509 -0.096144001 -0.10079434 -0.092846298 -0.082223133 -0.071599968 -0.060976802 -0.050353637 -0.044437551 -0.045255612 -0.046073672 -0.046891733 -0.047709793 -0.048842984 -0.048543466 -0.045410879 -0.042278293 -0.039145706 -0.036013119 -0.033372283 -0.024170136 -0.013691369 -0.0032126015 0.0072661657
-9999 0.037052553 0.035648744 0.034244935 0.032841126 0.031437317 0.030743906 0.03095075 0.028977066 0.027003383 0.025029699 0.023056016 0.021257351 0.02082487 0.022085741 0.025610891 0.029136042 0.032661192 0.036186343 0.038994975 0.040150569 0.041306163 0.042461757 0.043617351 0.044772945 0.045371403 0.027623735 0.0005148239 -0.026594087 -0.053702999 -0.08081191 -0.095032778 -0.084409612 -0.073786447 -0.063163281 -0.052540116 -0.043404064 -0.044438077 -0.045256137 -0.046074198 -0.046892258 -0.047710319 -0.047715058 -0.049611042 -0.047331619 -0.044199032 -0.041066446 -0.037933859 -0.034801272 -0.025405034 -0.014926267 -0.0044474998 0.0060312675
-9999 0.03421649 0.032812681 0.031408872 0.030005063 0.030347638 0.032443811 0.032650655 0.030676971 0.028703288 0.026729604 0.025652495 0.026116517 0.025684035 0.023456254 0.023136496 0.026661647 0.030186797 0.033711948 0.03652058 0.037676174 0.038831768 0.039987362 0.041661082 0.044713813 0.045315387 0.039347245 0.02695889 -0.00015002119 -0.027258932 -0.054367844 -0.068588712 -0.057965546 -0.047342381 -0.036719215 -0.030576595 -0.031761556 -0.032795569 -0.033613629 -0.03443169 -0.03524975 -0.034589777 -0.032545913 -0.034441897 -0.039170188 -0.038549523 -0.035416936 -0.03228435 -0.029151763 -0.019755525 -0.0092767578 0.0012020095 0.010226142
-9999 0.031380427 0.029976618 0.028572808 0.029951371 0.032047543 0.034143715 0.034350559 0.032376876 0.030403192 0.030047638 0.03051166 0.030975682 0.030543201 0.02831542 0.026087639 0.024187252 0.027712402 0.031237553 0.034046185 0.035201779 0.036357373 0.038552335 0.041605066 0.044657798 0.045259372 0.03929123 0.033323087 0.026294045 -0.00081486628 -0.027923778 -0.042144646 -0.03152148 -0.020898315 -0.017749126 -0.018934086 -0.020119047 -0.02115306 -0.021971121 -0.022789181 -0.021464497 -0.019420633 -0.017376768 -0.019272752 -0.024001043 -0.028729334 -0.029767427 -0.026634841 -0.023502254 -0.014106016 -0.0036272485 0.0023958521 -0.0029395586
-9999 0.028544363 0.027458931 0.029555103 0.031651276 0.033747448 0.03584362 0.036050464 0.034076781 0.034442782 0.034906804 0.035370826 0.035834848 0.035402366 0.033174585 0.030946804 0.028719023 0.026491242 0.028763158 0.03157179 0.032727384 0.035443588 0.038496319 0.041549051 0.044601783 0.045203357 0.039235214 0.033267072 0.027298929 0.021330787 -0.0014797114 -0.015700579 -0.0050774139 -0.0049216563 -0.0061066172 -0.0072915781 -0.0084765391 -0.009510552 -0.010328613 -0.0083392173 -0.0062953526 -0.0042514879 -0.0022076232 -0.0041036073 -0.0088318984 -0.01356019 -0.018288481 -0.020985331 -0.017852745 -0.0084565065 -0.0054344379 -0.010769849 -0.016105259
