mean_models/J1_mean_tot_conduct_slide_81.29.dat.tif
NCOLS 118
NROWS 92
XLLCORNER 139.62
YLLCORNER -39.07
DX 0.099491525
DY 0.099347826
NODATA_VALUE -9999
[rows 52 to 77 of 92, columns 57 to 113 of 118]
-3.2055743 -3.3066266 -3.4005908 -3.4891721 -3.567718 -3.6213367 -3.6579915 -3.7076524 -3.7589295 -3.7876677 -3.8052973 -3.7634061 -3.725469 -3.7033598 -3.6642779 -3.6034775 -3.4949164 -3.3567338 -3.2159157 -3.0718385 -2.8949647 -2.7187071 -2.5307786 -2.3643382 -2.2238796 -2.134142 -2.0628014 -2.045518 -2.0382592 -2.0903658 -2.1538295 -2.2367391 -2.3322936 -2.4434616 -2.5317938 -2.615116 -2.6911978 -2.7502693 -2.8029413 -2.8520291 -2.8973047 -2.934525 -2.9789648 -3.0784563 -3.1695045 -3.2397338 -3.306 -3.3734362 -3.4785811 -3.5645506 -3.5996653 -3.6195257 -3.6318458 -3.5097175 -3.4022468 -3.3378699 -3.2038769
-3.2739556 -3.3555564 -3.42794 -3.4971354 -3.5646736 -3.6073141 -3.6405114 -3.6830354 -3.731751 -3.760122 -3.7776274 -3.7402304 -3.7032426 -3.6811334 -3.6420515 -3.5812511 -3.47522 -3.3388773 -3.1961608 -3.0466418 -2.8592518 -2.6801464 -2.4922179 -2.3206316 -2.1771518 -2.0798365 -2.0064428 -1.98294 -1.975581 -2.0298086 -2.1009814 -2.1905842 -2.2986027 -2.4161408 -2.5221542 -2.6127916 -2.7043078 -2.7728721 -2.8346974 -2.8977582 -2.9480479 -2.9875214 -3.0319611 -3.1314527 -3.2196531 -3.2795925 -3.3322645 -3.393929 -3.4823782 -3.562652 -3.5944863 -3.6046807 -3.6133741 -3.4962311 -3.3878111 -3.3171725 -3.1714746
-3.3296866 -3.3811678 -3.4364409 -3.4818297 -3.5341937 -3.5849092 -3.6110912 -3.6496387 -3.6938572 -3.723675 -3.7477817 -3.7175691 -3.6845198 -3.6624105 -3.6216982 -3.5608978 -3.4581276 -3.3254722 -3.1792152 -3.0246582 -2.8367297 -2.6476855 -2.4592424 -2.2876561 -2.141345 -2.0421803 -1.964798 -1.9438639 -1.932208 -1.9907325 -2.0651662 -2.1591304 -2.2721489 -2.4009026 -2.5146338 -2.6196623 -2.7162133 -2.802335 -2.8725643 -2.924212 -2.9827365 -3.0217062 -3.074446 -3.190094 -3.2715197 -3.3241917 -3.3752332 -3.4279052 -3.4405071 -3.506739 -3.5360012 -3.5396739 -3.5396739 -3.47132 -3.3631184 -3.2870366 -3.1429691
-3.3146322 -3.3371873 -3.3537692 -3.3882917 -3.4149763 -3.4852929 -3.5581057 -3.5939946 -3.6342485 -3.6677795 -3.6947962 -3.7000326 -3.6845198 -3.6624105 -3.620904 -3.5545763 -3.4552021 -3.3320954 -3.1774758 -3.0114118 -2.8234833 -2.6344391 -2.4409833 -2.2677865 -2.1214754 -2.0223107 -1.9449284 -1.9304039 -1.9255849 -1.9841093 -2.0592275 -2.1642464 -2.2787721 -2.4075258 -2.5302781 -2.6461551 -2.751499 -2.8412762 -2.8763908 -2.9222582 -2.9761133 -3.0117181 -3.0611996 -3.2484778 -3.3576211 -3.4102931 -3.459002 -3.5073835 -3.3223539 -3.2867246 -3.2925771 -3.2946159 -3.2946159 -3.3532494 -3.316756 -3.2406743 -3.0986404
-3.3396648 -3.3120786 -3.3128177 -3.3216975 -3.3349556 -3.3904596 -3.4504868 -3.4879519 -3.5260553 -3.5596232 -3.5930425 -3.6001557 -3.6064908 -3.5879299 -3.5526286 -3.4919585 -3.394934 -3.2811001 -3.1252149 -2.9737813 -2.7867836 -2.6065623 -2.4176663 -2.2573899 -2.1162363 -2.0170716 -1.943874 -1.9300416 -1.9335921 -1.9932296 -2.0721116 -2.1795072 -2.3032311 -2.4336562 -2.5564085 -2.6775246 -2.7828686 -2.8656602 -2.9007749 -2.9466423 -2.9950008 -3.029479 -3.0772141 -3.2670575 -3.4095849 -3.4532944 -3.4963353 -3.5337701 -3.3384336 -3.2172319 -3.2230843 -3.2251232 -3.2205804 -3.2788799 -3.2947778 -3.2133193 -3.0669085
-3.3077953 -3.259291 -3.242709 -3.2316178 -3.2368541 -3.2684054 -3.3207694 -3.3597345 -3.3928983 -3.4329058 -3.4696258 -3.4866847 -3.4998701 -3.4892053 -3.4617533 -3.4064802 -3.3209143 -3.2103682 -3.0680847 -2.923225 -2.7506676 -2.5771412 -2.40142 -2.2456436 -2.1110374 -2.0238522 -1.9519972 -1.946 -1.9502223 -2.0145992 -2.0984539 -2.209 -2.3342238 -2.46883 -2.5925245 -2.7136406 -2.8189845 -2.9017762 -2.9368908 -2.974674 -3.0214935 -3.0544718 -3.1033136 -3.3022966 -3.4380494 -3.473164 -3.5037787 -3.5388933 -3.3412659 -3.2121087 -3.2179611 -3.2146864 -3.208834 -3.2641335 -3.2761132 -3.1883265 -3.0315877
-3.2423858 -3.1827542 -3.1385357 -3.117558 -3.0977672 -3.1209563 -3.1551897 -3.1969438 -3.2339418 -3.277793 -3.3172924 -3.3434744 -3.3607831 -3.3663104 -3.3443852 -3.3001668 -3.2208812 -3.1242667 -2.9899546 -2.8569932 -2.6967013 -2.5307789 -2.370487 -2.2215451 -2.1044142 -2.0240708 -1.9652436 -1.9659168 -1.9767151 -2.0498109 -2.138193 -2.2487391 -2.3756683 -2.5151923 -2.6388868 -2.7600029 -2.8653469 -2.9481334 -2.9715432 -3.0057057 -3.0479863 -3.0774692 -3.1231831 -3.3221662 -3.4575375 -3.4867997 -3.5120988 -3.5388933 -3.3412659 -3.2118768 -3.2118768 -3.2080633 -3.2022108 -3.2487836 -3.2561613 -3.1625222 -3.002931
-3.1380742 -3.0582363 -3.0039777 -2.9673804 -2.9431776 -2.9473658 -2.9753167 -3.0166677 -3.0558161 -3.1045974 -3.1492742 -3.1911411 -3.2149435 -3.2272235 -3.2182027 -3.1809494 -3.1054174 -3.0114532 -2.8857517 -2.7673354 -2.6304694 -2.4757566 -2.3336175 -2.1994984 -2.0922427 -2.0287894 -1.9764137 -1.9886559 -2.0039755 -2.0820226 -2.1818775 -2.297971 -2.4249002 -2.5653589 -2.6899955 -2.8107626 -2.9069628 -2.9859957 -3.0242746 -3.0720463 -3.1130134 -3.1371866 -3.1754903 -3.332543 -3.4660375 -3.4895856 -3.5031798 -3.5250231 -3.3602514 -3.2289855 -3.2289855 -3.2213584 -3.2145731 -3.2469068 -3.248654 -3.1498991 -2.978603
-3.0024927 -2.9202943 -2.8539666 -2.8056848 -2.7742664 -2.7751629 -2.7908721 -2.8300735 -2.8742919 -2.9238541 -2.977296 -3.0244235 -3.0653493 -3.0819312 -3.0804853 -3.0528488 -2.9848304 -2.8916185 -2.7815055 -2.6693572 -2.5367018 -2.4067856 -2.2741302 -2.167752 -2.074113 -2.0180575 -1.9827537 -2.0007104 -2.0326056 -2.1203922 -2.2243558 -2.3459565 -2.4806249 -2.6210835 -2.7457201 -2.8651177 -2.9587568 -3.0397501 -3.0982746 -3.1419376 -3.1820984 -3.2040899 -3.2373889 -3.3778475 -3.4695138 -3.4870711 -3.4979262 -3.508446 -3.352052 -3.2486304 -3.2486304 -3.2396338 -3.2268933 -3.2524689 -3.237888 -3.132544 -2.9612479
-2.850529 -2.7608796 -2.6834973 -2.6334819 -2.6020635 -2.60296 -2.6186692 -2.6607901 -2.7087122 -2.7682837 -2.8315858 -2.8827677 -2.9262623 -2.9477344 -2.948439 -2.9263298 -2.8619339 -2.7790243 -2.6764913 -2.5766325 -2.4511397 -2.3273073 -2.2131954 -2.1184807 -2.0476202 -2.0004315 -1.9893769 -2.0186455 -2.0657215 -2.1661953 -2.2773413 -2.4044348 -2.5420694 -2.6873154 -2.8093218 -2.9247264 -3.0143458 -3.0927356 -3.1340864 -3.1734765 -3.2085912 -3.2269569 -3.2572584 -3.3933185 -3.4822582 -3.4881107 -3.4959704 -3.5018228 -3.3454289 -3.2419058 -3.2360534 -3.2245811 -3.2070237 -3.2236118 -3.204772 -3.0994281 -2.9281319
-2.6869565 -2.5955289 -2.5205262 -2.4767464 -2.4483244 -2.456402 -2.474162 -2.5205719 -2.5706446 -2.6410373 -2.7059898 -2.7621445 -2.8083793 -2.8337344 -2.8364462 -2.814337 -2.7574349 -2.675662 -2.5791507 -2.479598 -2.3716614 -2.2567556 -2.1602099 -2.0723895 -2.0091137 -1.9982621 -1.9913842 -2.0471455 -2.095373 -2.2041259 -2.3382176 -2.4732754 -2.61091 -2.757221 -2.8689305 -2.9838117 -3.0627154 -3.1354671 -3.1740865 -3.1984484 -3.230468 -3.2442178 -3.2719587 -3.4065649 -3.4914901 -3.4918893 -3.4820738 -3.4859677 -3.3295738 -3.2240435 -3.2181911 -3.2047115 -3.1871542 -3.1945103 -3.1716561 -3.0687396 -2.903296
-2.523855 -2.4336666 -2.3618116 -2.3239855 -2.3030399 -2.3181266 -2.3445068 -2.4004995 -2.4557725 -2.5270767 -2.5979245 -2.6555249 -2.7019807 -2.7296173 -2.7341926 -2.7120834 -2.6539422 -2.5768056 -2.4822811 -2.3839675 -2.2789487 -2.1785165 -2.0900795 -2.0255997 -1.9729277 -1.9676244 -1.9863945 -2.0492617 -2.1246403 -2.2533941 -2.3899639 -2.5336739 -2.6812868 -2.8275978 -2.9392642 -3.0409421 -3.1170239 -3.1762327 -3.2113473 -3.2790788 -3.2979878 -3.3095558 -3.332292 -3.4668982 -3.4915461 -3.4856937 -3.4733999 -3.4595856 -3.3158999 -3.2103696 -3.2045171 -3.1897985 -3.171336 -3.1709068 -3.1417384 -3.0422469 -2.8768032
-2.3762663 -2.2882525 -2.2329794 -2.2010851 -2.1958488 -2.2165142 -2.2584054 -2.3235479 -2.3895407 -2.4640508 -2.5383158 -2.5841446 -2.6225025 -2.6453793 -2.6478042 -2.6201676 -2.5625592 -2.4907042 -2.3985759 -2.3044893 -2.2029213 -2.1056614 -2.0307408 -1.977909 -1.9530581 -1.9543265 -1.9930177 -2.0666751 -2.1577563 -2.2947072 -2.4363263 -2.5693116 -2.7222677 -2.8872065 -2.9938733 -3.0873044 -3.1517185 -3.2027254 -3.4336344 -3.5402763 -3.5695385 -3.5773504 -3.5972196 -3.5397612 -3.4581891 -3.4406318 -3.4233867 -3.3999769 -3.3089054 -3.223616 -3.2119401 -3.1947458 -3.171336 -3.15241 -3.1152456 -3.0157541 -2.8533631
-2.2529837 -2.1803283 -2.1340519 -2.1241594 -2.1257618 -2.1636119 -2.208188 -2.2819086 -2.3541565 -2.4313552 -2.5031447 -2.5450359 -2.5792836 -2.5951619 -2.5905998 -2.5588416 -2.4998915 -2.4270303 -2.3370397 -2.2476222 -2.1569792 -2.0664143 -2.0046683 -1.961029 -1.9463688 -1.9805576 -2.0220684 -2.117733 -2.2095819 -2.3514841 -2.4966852 -2.6293406 -2.7790913 -2.947532 -3.0402357 -3.1327944 -3.1826967 -3.2994814 -3.5460835 -3.6530526 -3.679611 -3.6739663 -3.6651375 -3.5245873 -3.4387398 -3.4159901 -3.3867279 -3.3627958 -3.2672388 -3.2033551 -3.1892036 -3.1678327 -3.1444229 -3.1210114 -3.0752964 -2.9781019 -2.8331667
-2.1314529 -2.0810384 -2.0478746 -2.0513623 -2.0723079 -2.1217134 -2.1793137 -2.2576622 -2.3405718 -2.4181378 -2.4891022 -2.5307098 -2.5627401 -2.5737947 -2.5619186 -2.5232275 -2.4601813 -2.382799 -2.2963489 -2.2069869 -2.1216925 -2.0421679 -1.9868948 -1.9577609 -1.9577609 -2.0037823 -2.0645827 -2.1662822 -2.2743931 -2.4265566 -2.5684316 -2.701087 -2.8508377 -3.0147061 -3.1015768 -3.1775246 -3.2215414 -3.336018 -3.5935255 -3.6993859 -3.7110908 -3.6989007 -3.6745045 -3.527638 -3.4264915 -3.3972293 -3.3624236 -3.3331614 -3.2369919 -3.1670218 -3.1494645 -3.1258762 -3.1024664 -3.0787857 -3.0308932 -2.9372541 -2.7978624
-2.0543496 -2.0149493 -2.0147587 -2.0262826 -2.0656847 -2.1225357 -2.1925601 -2.274089 -2.3604414 -2.4380073 -2.5089717 -2.5456265 -2.5754638 -2.5754638 -2.5606026 -2.5166043 -2.4535581 -2.3761758 -2.28746 -2.1937406 -2.1218856 -2.0488053 -2.0045869 -1.9823881 -2.0041232 -2.0608322 -2.1374377 -2.2465903 -2.3604946 -2.5126581 -2.651941 -2.7680145 -2.9170696 -3.080938 -3.1536936 -3.2172637 -3.2465259 -3.3558876 -3.6243224 -3.7250752 -3.7243371 -3.7004873 -3.6678813 -3.5157178 -3.4132451 -3.3722978 -3.3273676 -3.286799 -3.1955431 -3.1272827 -3.1040323 -3.076809 -3.0494809 -3.0305549 -2.9845308 -2.9019787 -2.7724124
-1.9775779 -1.9682246 -1.9766995 -2.0105869 -2.063315 -2.1333328 -2.2130064 -2.3004006 -2.3888375 -2.466587 -2.5375515 -2.5729564 -2.5887101 -2.5887101 -2.5693128 -2.5250943 -2.4600002 -2.3859795 -2.2959889 -2.2109797 -2.1391247 -2.081559 -2.0423315 -2.0483476 -2.0779283 -2.1420351 -2.2322707 -2.3455758 -2.4857917 -2.6397293 -2.7903034 -2.9137971 -3.0404048 -3.1950757 -3.2678313 -3.326684 -3.3559462 -3.4622622 -3.6417389 -3.6449592 -3.635315 -3.6092119 -3.5698016 -3.4183989 -3.3127359 -3.2742345 -3.2311937 -3.1885447 -3.1448257 -3.0767247 -3.053315 -3.0260916 -3.0008505 -2.9732143 -2.9333766 -2.8557757 -2.7305863
-1.948375 -1.9518802 -1.9739894 -2.0213261 -2.0841628 -2.1633183 -2.2471006 -2.3354731 -2.42391 -2.5006812 -2.5691702 -2.5901158 -2.6058696 -2.6058696 -2.5874505 -2.543232 -2.4835737 -2.4117187 -2.3307959 -2.2512495 -2.1932003 -2.143283 -2.1267011 -2.135652 -2.1766191 -2.2548137 -2.3487779 -2.4852808 -2.6306968 -2.8004177 -2.9490999 -3.0872826 -3.2109555 -3.3280044 -3.393947 -3.4534582 -3.4811129 -3.5066163 -3.5241737 -3.5198967 -3.5081918 -3.4801322 -3.4412752 -3.2949641 -3.1915593 -3.1564447 -3.1134539 -3.0724868 -3.0480849 -3.0237392 -3.0003294 -2.9769197 -2.9535099 -2.9248137 -2.880621 -2.8103917 -2.6981508
-1.938875 -1.9502893 -1.993859 -2.0433351 -2.1106556 -2.1950356 -2.2868397 -2.378523 -2.4702723 -2.5426781 -2.6089093 -2.6298549 -2.6456087 -2.6456087 -2.628636 -2.5895943 -2.534938 -2.4713274 -2.3968106 -2.3307277 -2.2865093 -2.2429059 -2.2373786 -2.2522057 -2.3090828 -2.3900798 -2.4878649 -2.6205108 -2.7631606 -2.9175305 -3.0491044 -3.1541232 -3.270506 -3.3743667 -3.4256725 -3.4733278 -3.4908851 -3.5132395 -3.5201304 -3.5080616 -3.4883223 -3.4522286 -3.4081593 -3.2618482 -3.1584434 -3.1119045 -3.0611219 -3.0128781 -2.9935202 -2.9707537 -2.9473439 -2.9239342 -2.9005244 -2.8815984 -2.8408818 -2.7706525 -2.6637831
-1.9314086 -1.9568899 -2.0056884 -2.0672277 -2.1367095 -2.2227354 -2.3169905 -2.415309 -2.5095105 -2.5821 -2.6459326 -2.6668782 -2.684002 -2.6871584 -2.675035 -2.6405473 -2.5983769 -2.5407179 -2.4753836 -2.4321775 -2.4058199 -2.3727596 -2.377464 -2.3970882 -2.4556126 -2.5383774 -2.6371231 -2.756882 -2.8955978 -3.0373327 -3.1344882 -3.2241848 -3.3133548 -3.4075622 -3.4469887 -3.4847009 -3.4935544 -3.507353 -3.5064308 -3.4803889 -3.4550949 -3.4042954 -3.3559823 -3.2136443 -3.105723 -3.0536293 -2.999068 -2.946396 -2.9266693 -2.9063013 -2.8853791 -2.8716353 -2.8496512 -2.8307252 -2.7948057 -2.7292524 -2.6304238
-1.9306467 -1.9653925 -2.0206655 -2.0866775 -2.1599871 -2.2476588 -2.3415725 -2.4372034 -2.5366949 -2.609468 -2.6733006 -2.6942462 -2.7159135 -2.7214408 -2.7154491 -2.6878126 -2.6557962 -2.6141831 -2.5794656 -2.547016 -2.5249068 -2.5155505 -2.5266051 -2.5593289 -2.6178533 -2.7006181 -2.7921151 -2.9081791 -3.021525 -3.1327214 -3.2207899 -3.2926449 -3.3062352 -3.382317 -3.4177526 -3.4371672 -3.4430197 -3.4417195 -3.4300147 -3.4115452 -3.3764306 -3.3261268 -3.2627996 -3.1223409 -3.0453018 -2.9867774 -2.9291871 -2.8778451 -2.8583028 -2.8400435 -2.8224862 -2.8117714 -2.801247 -2.786352 -2.7543508 -2.6958264 -2.5954834
-1.9406866 -1.9786388 -2.0339119 -2.0999239 -2.1732334 -2.2591769 -2.3481957 -2.441052 -2.5366949 -2.609468 -2.6733006 -2.7068439 -2.7357831 -2.7513805 -2.7508145 -2.7452872 -2.7234897 -2.7069078 -2.6828766 -2.6662334 -2.659029 -2.6612606 -2.6818769 -2.7182854 -2.7768098 -2.8538197 -2.931202 -3.0324016 -3.127496 -3.2124486 -3.2865803 -3.3363261 -3.2851023 -3.1836213 -3.2051812 -3.2053556 -3.2070435 -3.20337 -3.2209273 -3.2062264 -3.1711117 -3.1277695 -3.0707271 -3.0256812 -2.9915245 -2.9212952 -2.865056 -2.8182364 -2.7986941 -2.7809276 -2.7750751 -2.7673604 -2.7615079 -2.7553106 -2.7277612 -2.6633844 -2.5623674
-1.9586938 -1.9921734 -2.0423974 -2.1084094 -2.1817189 -2.2622096 -2.350058 -2.4429143 -2.5368785 -2.6142289 -2.6821873 -2.7267135 -2.7611329 -2.7844964 -2.7986537 -2.800135 -2.8050455 -2.7948715 -2.7782896 -2.7811184 -2.7952174 -2.8019123 -2.8313116 -2.863124 -2.9167229 -2.9730234 -3.0464846 -3.1145682 -3.2073596 -3.2774584 -3.3136678 -3.3522609 -3.2914209 -3.1521483 -3.1304783 -3.1299548 -3.1161957 -3.1218337 -3.131913 -3.0996548 -3.0610103 -3.0081464 -2.9647887 -2.9346087 -2.8967274 -2.8293696 -2.7848083 -2.7395843 -2.7295637 -2.7155218 -2.7151133 -2.7209657 -2.7170079 -2.7108106 -2.6851236 -2.6207467 -2.5160657
-1.9819777 -2.0108566 -2.0550751 -2.1136485 -2.1869581 -2.2659658 -2.3497481 -2.4399485 -2.5339127 -2.6133288 -2.6875938 -2.7360369 -2.7824434 -2.8104185 -2.8367127 -2.8477673 -2.8647536 -2.8758082 -2.8823289 -2.8925498 -2.9119752 -2.9307887 -2.9635855 -2.9991457 -3.0459653 -3.0926352 -3.1479083 -3.2069201 -3.2715845 -3.3125516 -3.3368976 -3.3645342 -3.2922113 -3.1400478 -3.1111025 -3.1102301 -3.0900559 -3.0781366 -3.0781366 -3.0369809 -2.9843089 -2.9248375 -2.870917 -2.8348728 -2.788467 -2.7240901 -2.6854605 -2.6503458 -2.6476656 -2.6457966 -2.651649 -2.6634331 -2.6692856 -2.6637562 -2.6380692 -2.5736923 -2.4645626
-2.0066605 -2.031392 -2.0700832 -2.1245714 -2.1874082 -2.2638582 -2.3426519 -2.430046 -2.5197201 -2.602997 -2.6804975 -2.7380979 -2.7895396 -2.8337581 -2.8688648 -2.9020286 -2.9295092 -2.9609635 -2.9768235 -2.9989939 -3.0266304 -3.0514254 -3.0790619 -3.1110557 -3.1461704 -3.1827923 -3.218871 -3.2644737 -3.3141621 -3.3358673 -3.3491311 -3.3546584 -3.2762963 -3.1187589 -3.08035 -3.0676525 -3.0383902 -3.0195322 -2.9961225 -2.947623 -2.8849611 -2.8149525 -2.7502803 -2.7093132 -2.6624089 -2.6097369 -2.5768805 -2.550998 -2.5619358 -2.5691133 -2.5866706 -2.6042279 -2.6196117 -2.6140823 -2.587857 -2.5176277 -2.4034303
-2.04025 -2.0576672 -2.0902369 -2.1370688 -2.1955469 -2.2655647 -2.3424041 -2.4286252 -2.5170621 -2.6001554 -2.6790767 -2.7366771 -2.7950706 -2.8510702 -2.8952887 -2.9341974 -2.9604026 -2.9899309 -3.0140269 -3.0414944 -3.069131 -3.0989991 -3.1349982 -3.160975 -3.1900917 -3.2087496 -3.2358475 -3.1916478 -3.2258037 -3.2372275 -3.2295184 -3.2250725 -3.2243671 -3.1207358 -3.0674722 -3.047661 -2.9927857 -2.9654028 -2.9298774 -2.8615524 -2.792037 -2.7209018 -2.6503072 -2.5951088 -2.5496252 -2.5037688 -2.4865804 -2.4671726 -2.4890735 -2.503355 -2.5274288 -2.5490639 -2.5666212 -2.5617598 -2.5341137 -2.4607757 -2.3370619
