mean_models/J1_mean_tot_conduct_slide_46.19.dat.tif
NCOLS 118
NROWS 92
XLLCORNER 139.62
YLLCORNER -39.07
DX 0.099491525
DY 0.099347826
NODATA_VALUE -9999
[rows 0 to 25 of 92, columns 57 to 113 of 118]
-2.9003007 -2.9377581 -2.9432854 -2.9484692 -2.9432328 -2.9577609 -2.9577609 -2.966339 -2.9957749 -3.0362485 -3.0568186 -3.0663913 -3.0609111 -3.024175 -2.9527472 -2.8532557 -2.7062767 -2.5570394 -2.3513136 -2.1573682 -1.9446614 -1.7501416 -1.5917533 -1.4678855 -1.391976 -1.4101361 -1.4543546 -1.6170782 -1.7904465 -2.050291 -2.3028743 -2.5626087 -2.7955025 -3.0007926 -3.0952789 -3.1898851 -3.1735704 -3.1418356 -3.0763197 -2.9982499 -2.9280206 -2.8962844 -2.8725592 -2.8901377 -2.9212206 -2.9621877 -3.0013742 -3.024784 -3.0014328 -2.9784133 -2.908184 -2.8267439 -2.7331048 -2.645674 -2.5661479 -2.524993 -2.5072727
-3.0063537 -3.0210611 -3.0162008 -3.0041377 -2.9802252 -2.9670584 -2.941932 -2.9111022 -2.9219833 -2.9383816 -2.9264674 -2.9249657 -2.8996216 -2.8597192 -2.791254 -2.7030917 -2.5825267 -2.4532121 -2.2736641 -2.1232857 -1.9243027 -1.7730709 -1.6240482 -1.527216 -1.4571815 -1.4633834 -1.5076019 -1.6581951 -1.8210164 -2.0721212 -2.3229136 -2.5808832 -2.8144824 -3.0262788 -3.1436716 -3.2489992 -3.2555332 -3.2467795 -3.1864939 -3.1230692 -3.0565904 -3.0254176 -3.0015007 -3.0139252 -3.0405155 -3.079058 -3.1062465 -3.1296562 -3.1019912 -3.0607761 -2.9882718 -2.9007494 -2.7991506 -2.702424 -2.630797 -2.5855791 -2.5695472
-3.0601445 -3.0589622 -3.036853 -2.9993039 -2.9574127 -2.9118599 -2.8699687 -2.8360003 -2.8083637 -2.7887991 -2.7704833 -2.7495378 -2.7233466 -2.6791282 -2.6243556 -2.5525007 -2.4564731 -2.3403996 -2.2061906 -2.0720368 -1.9264947 -1.7870213 -1.6654205 -1.5722499 -1.5137255 -1.5275682 -1.5717866 -1.7137556 -1.8744912 -2.1202938 -2.3675442 -2.6218003 -2.8533071 -3.0698475 -3.195365 -3.3020921 -3.3175577 -3.3125626 -3.2598907 -3.1969116 -3.1325347 -3.1013619 -3.0795676 -3.097125 -3.121457 -3.1565716 -3.1884679 -3.2118777 -3.1840736 -3.136772 -3.0606903 -2.9655407 -2.8601967 -2.7582788 -2.6744603 -2.6217883 -2.5937205
-3.0911907 -3.0745892 -3.012016 -2.9563044 -2.8891111 -2.8220861 -2.7582024 -2.7016381 -2.659342 -2.6156744 -2.5898113 -2.5583929 -2.5317072 -2.492851 -2.4437832 -2.3848512 -2.3095169 -2.2162148 -2.0908695 -1.9913167 -1.8862979 -1.7607168 -1.6833345 -1.6033027 -1.5758179 -1.6026906 -1.658716 -1.8093092 -1.973839 -2.2196416 -2.4625432 -2.7025204 -2.923298 -3.1257306 -3.2347907 -3.3331383 -3.3155809 -3.3063534 -3.2358249 -3.1597431 -3.0890701 -3.0578972 -3.0361937 -3.0713083 -3.09662 -3.1559497 -3.2084372 -3.2429239 -3.2316172 -3.1864459 -3.1150576 -3.0181334 -2.9098707 -2.7865917 -2.6992972 -2.6284497 -2.578016
-3.1561798 -3.0958641 -3.0190725 -2.9226427 -2.8440967 -2.7508429 -2.672297 -2.5928134 -2.532013 -2.4784189 -2.4337421 -2.3959744 -2.3627534 -2.3240622 -2.2829464 -2.2287071 -2.1683416 -2.0909594 -1.9954415 -1.9139666 -1.8291104 -1.7385972 -1.675821 -1.6380172 -1.6249641 -1.6883156 -1.7546433 -1.9168296 -2.0878947 -2.3336973 -2.5657665 -2.7995652 -2.9863687 -3.1794993 -3.2524333 -3.3359655 -3.2907372 -3.2543862 -3.1729174 -3.0698654 -2.9937836 -2.9673673 -2.9489838 -2.9984279 -3.0448337 -3.1176285 -3.2058217 -3.2526413 -3.2597218 -3.2264622 -3.1571356 -3.0563671 -2.9451707 -2.8127331 -2.7045314 -2.6246839 -2.5515418
-3.217793 -3.1393288 -3.0287826 -2.9214095 -2.8062087 -2.7041334 -2.5994055 -2.511565 -2.4264559 -2.3656555 -2.3095573 -2.2624297 -2.2199409 -2.1812497 -2.1401339 -2.0959154 -2.0395608 -1.9787604 -1.9057834 -1.8394558 -1.7731281 -1.707551 -1.6743872 -1.6566449 -1.6800546 -1.7571202 -1.8664096 -2.0342768 -2.2182888 -2.4587042 -2.6899513 -2.9055163 -3.0833423 -3.2238009 -3.2772431 -3.3111285 -3.2350468 -3.1592155 -3.0363142 -2.9313341 -2.8385527 -2.8162437 -2.8061713 -2.8764006 -2.9505489 -3.0617454 -3.1570893 -3.2402228 -3.2657874 -3.2525587 -3.1881818 -3.0856693 -2.9637984 -2.8225955 -2.6989817 -2.5936377 -2.5176058
-3.3126825 -3.2149538 -3.0919128 -2.9696499 -2.8433066 -2.7303494 -2.6172475 -2.5142368 -2.423658 -2.3598283 -2.2872135 -2.2386644 -2.1896895 -2.1464835 -2.0991624 -2.0516319 -1.9949276 -1.9341272 -1.8687929 -1.8078253 -1.7462405 -1.7086651 -1.6855172 -1.7097376 -1.757643 -1.8406528 -1.9745388 -2.151989 -2.353659 -2.5904164 -2.8141361 -3.0068207 -3.1259906 -3.2427479 -3.2885474 -3.232691 -3.1385786 -2.9958119 -2.8481758 -2.7250501 -2.6170208 -2.6163085 -2.6097583 -2.6941143 -2.8089049 -2.9582793 -3.0744059 -3.2139486 -3.2748091 -3.2675247 -3.2097902 -3.1113555 -2.973376 -2.8037028 -2.6732956 -2.5584367 -2.4758395
-3.3949719 -3.2914364 -3.158781 -3.0318728 -2.9009629 -2.7839632 -2.6687625 -2.5688904 -2.4693988 -2.3944207 -2.3201556 -2.2670475 -2.2125924 -2.1624482 -2.1064252 -2.0566795 -1.9952673 -1.9344669 -1.8736665 -1.80985 -1.7681426 -1.7394939 -1.735327 -1.7642553 -1.8344846 -1.9559009 -2.0940836 -2.287023 -2.4879253 -2.7161705 -2.9005692 -3.0719158 -3.1675463 -3.2436281 -3.1875315 -3.1272761 -2.9583748 -2.8005732 -2.6308524 -2.4891276 -2.3779312 -2.3882039 -2.4159202 -2.5451605 -2.6847916 -2.8603649 -3.0506471 -3.1969581 -3.2680689 -3.2888684 -3.2361964 -3.1200439 -2.9795852 -2.8011184 -2.6441505 -2.5212492 -2.4266161
-3.4827975 -3.3796998 -3.2580991 -3.135866 -3.0189384 -2.9059812 -2.7991565 -2.7047239 -2.6122113 -2.544782 -2.4753866 -2.4177862 -2.3616142 -2.3008138 -2.239607 -2.1684458 -2.1013036 -2.0276055 -1.9621802 -1.8905701 -1.8408243 -1.8077955 -1.8188501 -1.853371 -1.9400416 -2.0680919 -2.2182684 -2.4144737 -2.6183193 -2.8264904 -2.9958831 -3.1119565 -3.1802604 -3.187745 -3.0886938 -2.9844636 -2.7620708 -2.5832499 -2.380467 -2.2365637 -2.1295616 -2.1638163 -2.2110153 -2.3982935 -2.5548387 -2.8006413 -3.0187021 -3.2031674 -3.29209 -3.3199146 -3.261503 -3.138148 -2.9857945 -2.7901514 -2.6255228 -2.4802611 -2.3852462
-3.5544021 -3.4625011 -3.353004 -3.2601558 -3.1540421 -3.0783373 -2.9795771 -2.9172661 -2.8288292 -2.7830351 -2.719733 -2.6689896 -2.610596 -2.5497957 -2.4768719 -2.3995301 -2.3033201 -2.2212918 -2.1484434 -2.0511279 -1.9888048 -1.9479856 -1.9496268 -1.9885141 -2.0743452 -2.2041632 -2.3584548 -2.5354682 -2.7396161 -2.9351697 -3.0545441 -3.1432464 -3.1476656 -3.1223336 -2.9538527 -2.8169518 -2.5578466 -2.3410919 -2.1322855 -2.0053514 -1.9040236 -1.9813779 -2.0507672 -2.2824488 -2.4923092 -2.764119 -3.0307043 -3.2375734 -3.3368477 -3.3714495 -3.3084956 -3.1581815 -2.9975252 -2.779612 -2.5982611 -2.4478196 -2.3594198
-3.5887165 -3.5166845 -3.4282476 -3.3578596 -3.2845501 -3.2318763 -3.1742759 -3.1334567 -3.083711 -3.0536947 -3.0210722 -2.9739447 -2.9258941 -2.8650937 -2.7913479 -2.702911 -2.5980909 -2.4875448 -2.3815326 -2.2706984 -2.1982843 -2.1392986 -2.1337713 -2.1576558 -2.23959 -2.3626265 -2.5118638 -2.6795231 -2.8551601 -3.0131761 -3.1136442 -3.1633899 -3.127123 -3.0393364 -2.8470411 -2.6400784 -2.3637185 -2.1074473 -1.8909069 -1.7738369 -1.7036075 -1.8016225 -1.9271457 -2.1876085 -2.46544 -2.7756195 -3.0496028 -3.2954054 -3.3978641 -3.4362041 -3.3659748 -3.2074406 -3.01431 -2.7822341 -2.5762817 -2.4182657 -2.3315099
-3.550716 -3.4921581 -3.4468753 -3.4017405 -3.3714794 -3.352028 -3.3357162 -3.3399688 -3.3258713 -3.3455935 -3.3315625 -3.3315625 -3.2938833 -3.2496648 -3.1747181 -3.0816746 -2.9688827 -2.8476807 -2.7307124 -2.5873696 -2.4768235 -2.404533 -2.3658419 -2.3785411 -2.4320764 -2.5373614 -2.6670948 -2.8066617 -2.9669264 -3.0889994 -3.1433007 -3.1323438 -3.065093 -2.9275701 -2.7047511 -2.4786381 -2.1918685 -1.9335886 -1.7313374 -1.643466 -1.6042597 -1.752354 -1.9023087 -2.224193 -2.5089047 -2.8550776 -3.1428144 -3.3947532 -3.4868114 -3.5231334 -3.4279423 -3.248366 -3.0391469 -2.7818644 -2.5700724 -2.4072137 -2.3276175
-3.437293 -3.3998143 -3.3681522 -3.3587989 -3.3606307 -3.3773881 -3.4115685 -3.494928 -3.5170373 -3.5391465 -3.6063791 -3.6063791 -3.6407855 -3.5979455 -3.5629314 -3.4749295 -3.3703297 -3.2409546 -3.0992314 -2.9429267 -2.8323806 -2.7104162 -2.671725 -2.6144663 -2.651862 -2.7460503 -2.8391881 -2.9683736 -3.0679894 -3.1616285 -3.1802844 -3.1555571 -3.0051632 -2.841014 -2.6059467 -2.3431218 -2.0563522 -1.8074944 -1.617262 -1.5498043 -1.561696 -1.7534614 -1.939041 -2.2609254 -2.6135438 -2.9660415 -3.2556676 -3.5009509 -3.5731973 -3.5930384 -3.4863373 -3.2945277 -3.0576024 -2.7904989 -2.5619041 -2.3980357 -2.3184395
-3.2944805 -3.2688043 -3.2688043 -3.2876934 -3.3295845 -3.3889057 -3.4674517 -3.56654 -3.666059 -3.7600695 -3.8523878 -3.9256973 -3.978073 -3.9891276 -3.9634855 -3.8971578 -3.789629 -3.6569736 -3.4993159 -3.3341088 -3.1832567 -3.0468344 -2.9583975 -2.9000913 -2.8883864 -2.9405099 -3.0068376 -3.0888887 -3.1673372 -3.1984301 -3.1956839 -3.1183016 -2.9679078 -2.7572199 -2.5026685 -2.2313555 -1.9610158 -1.7263176 -1.5800065 -1.5459226 -1.5927422 -1.8020556 -2.032198 -2.389197 -2.7456458 -3.1026448 -3.3786195 -3.6127172 -3.6682731 -3.6581989 -3.5235927 -3.3154667 -3.0638116 -2.7914624 -2.5556948 -2.3918264 -2.3215714
-3.0781014 -3.0607499 -3.0675951 -3.1143614 -3.1740411 -3.2769715 -3.3762017 -3.5439153 -3.6708523 -3.8667139 -3.9861233 -4.1416077 -4.2200369 -4.2954252 -4.2967811 -4.2627964 -4.175593 -4.0560157 -3.8959641 -3.7244952 -3.542094 -3.3903246 -3.2609994 -3.1797121 -3.1343986 -3.1306997 -3.174487 -3.1972978 -3.2624627 -3.2708771 -3.2048956 -3.0980231 -2.9380131 -2.7199644 -2.4680848 -2.2005595 -1.9697386 -1.7399929 -1.6275895 -1.6544988 -1.7199908 -1.9542807 -2.1965459 -2.5535449 -2.9105439 -3.2411554 -3.4660358 -3.6848708 -3.6894959 -3.6728184 -3.5201118 -3.2952265 -3.041726 -2.7693768 -2.5325087 -2.3755814 -2.3150181
-2.8523351 -2.8187843 -2.8298389 -2.8790851 -2.9576311 -3.084039 -3.2149489 -3.4123278 -3.6057836 -3.8344743 -4.0417089 -4.2238864 -4.3911901 -4.4951175 -4.5729043 -4.5618497 -4.5170468 -4.4175553 -4.2591231 -4.0975567 -3.913224 -3.7330545 -3.5896103 -3.4601764 -3.389947 -3.3478261 -3.3478261 -3.3424042 -3.3555955 -3.3204808 -3.2326593 -3.1109783 -2.9309683 -2.702723 -2.4619661 -2.2046932 -1.9928125 -1.8096719 -1.7218853 -1.7786858 -1.8781774 -2.1135515 -2.3725418 -2.7165861 -3.0577775 -3.3724649 -3.5488709 -3.7302966 -3.7120575 -3.6490368 -3.4851684 -3.2582903 -3.0007829 -2.7420489 -2.509099 -2.3569355 -2.3023505
-2.6110561 -2.5658852 -2.5493032 -2.593163 -2.6664726 -2.8022054 -2.9632677 -3.1813136 -3.4137111 -3.6926659 -3.9489843 -4.2003313 -4.4110597 -4.5934608 -4.7052236 -4.7770786 -4.758587 -4.7155987 -4.5729157 -4.4287161 -4.2407877 -4.0575908 -3.8862442 -3.7422253 -3.619324 -3.555136 -3.5067826 -3.4729361 -3.4483201 -3.3792398 -3.2790216 -3.1353116 -2.9508379 -2.7225926 -2.5003488 -2.2709251 -2.0953518 -1.9404655 -1.9112033 -1.9787158 -2.1033658 -2.3327349 -2.5844838 -2.8888108 -3.1987467 -3.4386968 -3.5914585 -3.7170503 -3.6625457 -3.5740079 -3.3925822 -3.1692073 -2.9213046 -2.6896648 -2.4777083 -2.3431021 -2.2891041
-2.4635344 -2.3757638 -2.3324285 -2.3470045 -2.3974532 -2.5202811 -2.6676548 -2.8923359 -3.13616 -3.4188104 -3.7331401 -3.996166 -4.2776847 -4.4908396 -4.6774922 -4.7951658 -4.8302034 -4.8346133 -4.7207056 -4.6207111 -4.4347835 -4.2678485 -4.0949471 -3.9277764 -3.7918072 -3.7151627 -3.6303525 -3.5847404 -3.5141268 -3.4334532 -3.3181801 -3.1768818 -3.0086041 -2.7905967 -2.5683528 -2.3879111 -2.2217238 -2.1328654 -2.1168207 -2.1956741 -2.3200795 -2.5124083 -2.7613892 -3.0459542 -3.2715275 -3.4600976 -3.5807407 -3.6210285 -3.5222504 -3.4171039 -3.2414238 -3.0221267 -2.8175233 -2.6386744 -2.4405584 -2.3222917 -2.2814243
-2.3120942 -2.1873881 -2.1155331 -2.0937129 -2.1303676 -2.2253822 -2.3667649 -2.5835995 -2.8323283 -3.153627 -3.4811592 -3.796526 -4.1125449 -4.3889103 -4.6289296 -4.7892215 -4.8782242 -4.9003334 -4.8272308 -4.7452907 -4.5879493 -4.42213 -4.2452664 -4.0769748 -3.9248113 -3.8102135 -3.7162492 -3.639384 -3.5657164 -3.4662249 -3.3596501 -3.2214674 -3.0621571 -2.8690265 -2.6996239 -2.5257549 -2.4153312 -2.3358696 -2.3358696 -2.4088969 -2.5317982 -2.7088862 -2.8995692 -3.105893 -3.2930765 -3.4335351 -3.4611038 -3.4845136 -3.3746091 -3.241858 -3.0721371 -2.9073387 -2.7142081 -2.5583268 -2.4133321 -2.3138406 -2.264223
-2.2673473 -2.1232137 -1.9851391 -1.9373601 -1.9192535 -1.9846326 -2.0811399 -2.2757974 -2.5032386 -2.8160918 -3.139651 -3.4747804 -3.7983651 -4.1300035 -4.3912995 -4.6153628 -4.7373826 -4.8134041 -4.7608061 -4.726663 -4.6050622 -4.4531762 -4.287357 -4.1192623 -3.9620667 -3.8421495 -3.7410862 -3.6567924 -3.5781349 -3.4822098 -3.3825366 -3.2711413 -3.1285067 -2.9683743 -2.8306207 -2.6809859 -2.6049041 -2.5345652 -2.5497511 -2.6139037 -2.7180754 -2.8447966 -3.0051262 -3.1163226 -3.2868672 -3.3348317 -3.3123891 -3.2920272 -3.17232 -3.0369531 -2.8989799 -2.7720009 -2.6210695 -2.5220973 -2.3947044 -2.3260633 -2.2726784
-2.3463111 -2.1478672 -1.9911267 -1.8919117 -1.8320901 -1.8513853 -1.8920698 -2.0007906 -2.2108283 -2.5223961 -2.7981429 -3.1332722 -3.4498393 -3.7814777 -4.069472 -4.31355 -4.4785782 -4.6035297 -4.6041417 -4.6124714 -4.4908707 -4.3886586 -4.2239345 -4.088215 -3.933923 -3.8121563 -3.7071375 -3.6214595 -3.544925 -3.4512859 -3.3693097 -3.2670788 -3.188998 -3.0460272 -2.9158109 -2.8255987 -2.7495169 -2.7247413 -2.7422987 -2.8064512 -2.8792577 -2.9496675 -3.0752893 -3.1864857 -3.2104136 -3.2266296 -3.1758469 -3.0996903 -2.9762942 -2.8482396 -2.7286386 -2.6220484 -2.5440228 -2.4997468 -2.4161467 -2.3598756 -2.3196214
-2.4270312 -2.2087374 -2.0097544 -1.8675435 -1.7575792 -1.7234475 -1.7182111 -1.8156868 -1.943831 -2.1942908 -2.4537657 -2.7627131 -3.0772849 -3.4089233 -3.7143042 -3.9906695 -4.187977 -4.3427416 -4.3947442 -4.4261942 -4.3472907 -4.2572421 -4.1245867 -3.9888672 -3.8484086 -3.7314362 -3.6264174 -3.5499071 -3.4772858 -3.4129089 -3.345825 -3.2794973 -3.2014165 -3.1136299 -3.0341829 -2.9622019 -2.9207735 -2.8986 -2.9161574 -2.9569797 -3.0096517 -3.0596791 -3.1136203 -3.1253252 -3.1182182 -3.0713986 -2.9946337 -2.9009946 -2.7775986 -2.6681171 -2.5920354 -2.535316 -2.4943489 -2.4802842 -2.4574394 -2.4281772 -2.3674471
-2.6273061 -2.3908443 -2.1630302 -1.9796359 -1.8308238 -1.7352216 -1.6857528 -1.7060251 -1.7959652 -1.9391244 -2.1665741 -2.4022119 -2.701714 -2.9934722 -3.2984393 -3.5708742 -3.791571 -3.9635904 -4.025721 -4.1018791 -4.0687153 -3.9918864 -3.8854273 -3.7611983 -3.6410245 -3.536148 -3.4388526 -3.3821859 -3.3169009 -3.2706635 -3.2477179 -3.2164493 -3.1736277 -3.1204877 -3.0878052 -3.0333762 -3.0275238 -3.0073192 -3.0248766 -3.0424339 -3.0784809 -3.0735601 -3.0981115 -3.0401956 -3.0293183 -2.942307 -2.8348893 -2.7340743 -2.6407895 -2.5354858 -2.5025659 -2.5231442 -2.5177583 -2.5623271 -2.5491754 -2.5365797 -2.4537831
-2.8404895 -2.6116182 -2.3750556 -2.1592541 -1.9864531 -1.8348031 -1.7457844 -1.6942375 -1.721874 -1.8058857 -1.9475786 -2.1438772 -2.3745395 -2.6434727 -2.9066459 -3.1749118 -3.3935606 -3.5814891 -3.6787395 -3.7635801 -3.7440708 -3.7030963 -3.6081352 -3.5052868 -3.3950784 -3.3078256 -3.2193887 -3.1731746 -3.1251562 -3.1017464 -3.1085429 -3.0929891 -3.0980888 -3.074679 -3.0774895 -3.0570863 -3.0695573 -3.0712223 -3.0893036 -3.1035449 -3.1211022 -3.0960488 -3.0777393 -3.008021 -2.933689 -2.8314891 -2.7239876 -2.6127912 -2.5384978 -2.4725055 -2.4617273 -2.5257846 -2.5667517 -2.6355413 -2.6666754 -2.6608229 -2.5584815
-3.0553976 -2.8413601 -2.6147405 -2.3994607 -2.1952412 -2.0293285 -1.8722366 -1.7899801 -1.7280833 -1.7610635 -1.8296031 -1.960513 -2.1323792 -2.3479442 -2.5837655 -2.8159124 -3.0272155 -3.2151439 -3.3230002 -3.4158627 -3.4103354 -3.3864251 -3.3145701 -3.2258711 -3.1263795 -3.0437937 -2.9710191 -2.9309344 -2.8954143 -2.8981928 -2.9098473 -2.9319565 -2.9531997 -2.9877497 -3.0071684 -3.0260401 -3.0611547 -3.0845215 -3.1079313 -3.1205883 -3.1273114 -3.089039 -3.0466931 -2.9589065 -2.8678178 -2.750769 -2.6456095 -2.5444895 -2.4928071 -2.4576588 -2.4927735 -2.5660237 -2.653681 -2.7439692 -2.7970694 -2.791217 -2.6827723
-3.2625172 -3.0711245 -2.8653247 -2.6551599 -2.4530333 -2.2595855 -2.0927733 -1.9374874 -1.8472038 -1.7829045 -1.8157933 -1.8633798 -1.9933523 -2.1474686 -2.3436363 -2.5451379 -2.7320541 -2.911326 -3.0221782 -3.1151631 -3.1199346 -3.1021333 -3.0343731 -2.9516659 -2.8521744 -2.7715859 -2.6997309 -2.6665576 -2.6363281 -2.6465213 -2.681303 -2.7228397 -2.7745097 -2.8236608 -2.8942385 -2.9284774 -2.9988449 -3.0302009 -3.0683227 -3.0923207 -3.0981731 -3.0637694 -3.0150936 -2.9226497 -2.8235719 -2.7164869 -2.6328478 -2.5383462 -2.5235068 -2.5043368 -2.5616535 -2.6682437 -2.768868 -2.8725834 -2.932674 -2.9147329 -2.7682225
