mean_models/J1_mean_vp_slide_diff2_30.dat.tif
NCOLS 118
NROWS 92
XLLCORNER 139.62
YLLCORNER -39.07
DX 0.099491525
DY 0.099347826
NODATA_VALUE -9999
[rows 52 to 77 of 92, columns 57 to 113 of 118]
0.077567914 0.062904107 0.0482403 0.046227144 0.052810641 0.059394137 0.065977633 0.07256113 0.080381461 0.084660218 0.090645086 0.096629953 0.10261482 0.10859969 0.11015609 0.10152299 0.09288989 0.084256789 0.075623688 0.06724921 0.081971703 0.096694196 0.11141669 0.12613918 0.14086168 0.14447864 0.1466164 0.14875415 0.15089191 0.15302966 0.16003804 0.17582284 0.19160764 0.20739244 0.22317724 0.23681412 0.2594609 0.28217988 0.30489887 0.32761786 0.35033685 0.36422939 0.37269899 0.38116859 0.38963819 0.39810779 0.40247956 0.40138336 0.40028716 0.39919097 0.39809477 0.39522172 0.39306654 0.39091135 0.38875617 0.38660098 -9999
0.083046056 0.068382249 0.061982259 0.064204443 0.070027492 0.076610988 0.083194485 0.089777981 0.096361477 0.10236623 0.1083511 0.11433597 0.12032083 0.12300339 0.11855892 0.10992582 0.10129272 0.092659622 0.084349458 0.096874777 0.1117074 0.12642989 0.14115239 0.15587488 0.17059737 0.17671208 0.17884983 0.18098758 0.18312534 0.18717372 0.19887166 0.21659804 0.23238284 0.24816764 0.26395244 0.27994396 0.30266295 0.32538194 0.34810092 0.37081991 0.3680866 0.3750529 0.3835225 0.39199209 0.40046169 0.39555238 0.39083958 0.38974339 0.38864719 0.38755099 0.38814362 0.38736926 0.38521407 0.38305889 0.3809037 0.3807777 -9999
0.088304148 0.084702442 0.083015706 0.08523789 0.09011635 0.095571737 0.10215523 0.10873873 0.11532223 0.12132698 0.12731185 0.13329671 0.13459155 0.13342044 0.12897598 0.12034287 0.11170977 0.10703901 0.11953846 0.13206378 0.14689928 0.16173478 0.1764714 0.1911939 0.20591639 0.21203109 0.21416885 0.2163066 0.22119456 0.2289106 0.24060855 0.25948152 0.2776727 0.2934575 0.3092423 0.32523383 0.34795281 0.3706718 0.39339079 0.38745881 0.38031005 0.38727635 0.39574595 0.40421555 0.39663119 0.38433212 0.37961933 0.37852313 0.37742693 0.37826757 0.38007593 0.37930157 0.37714638 0.3749912 0.37517688 0.37667204 -9999
0.10742263 0.10573589 0.10404915 0.10627134 0.1111498 0.11602826 0.12111598 0.12769948 0.13428297 0.14028773 0.1462726 0.14617971 0.1450086 0.1438375 0.13939303 0.13075993 0.12972855 0.14222801 0.15472746 0.16725278 0.18208828 0.19692378 0.21175928 0.22651291 0.24123541 0.24735011 0.24948786 0.25521541 0.26293145 0.27064749 0.28234543 0.30121841 0.32009139 0.33874737 0.35453217 0.37052369 0.39324268 0.41397978 0.40683102 0.39968227 0.39253351 0.39949981 0.4079694 0.39771 0.38541093 0.37311187 0.36839907 0.36730287 0.36839152 0.37019988 0.37200824 0.37123388 0.36907869 0.36957607 0.37107123 0.37256638 -9999
0.12845607 0.12676934 0.1250826 0.12730478 0.13218324 0.1370617 0.14194016 0.14681862 0.15324372 0.15893897 0.15776786 0.15659676 0.15542565 0.15425455 0.14981008 0.1524181 0.16491755 0.17741701 0.18991646 0.20244178 0.21727728 0.23211278 0.24694828 0.26178378 0.27655442 0.28266912 0.28923626 0.2969523 0.30466834 0.31238437 0.32408232 0.3429553 0.36182828 0.38070125 0.39957423 0.41581356 0.433352 0.42620324 0.41905448 0.41190572 0.40475696 0.41108787 0.39878881 0.38648974 0.37419067 0.36189161 0.35717881 0.35851547 0.36032383 0.36213219 0.36394055 0.36316619 0.36397525 0.36547041 0.36696557 0.36846073 -9999
0.14735413 0.14566739 0.14398065 0.14511059 0.14998905 0.15486751 0.15974597 0.16462443 0.16950289 0.17295325 0.17178214 0.17061104 0.16943993 0.16826883 0.1730946 0.18559405 0.1980935 0.21059296 0.22309241 0.23221983 0.24550853 0.26034403 0.27517953 0.29001503 0.30485053 0.31481641 0.32253245 0.33024849 0.33796453 0.34568056 0.35186301 0.37073599 0.38960897 0.40848194 0.42735492 0.44545213 0.43830337 0.43115461 0.42400585 0.41685709 0.41221713 0.4008013 0.38850223 0.37620316 0.3639041 0.35160503 0.34768627 0.34949463 0.35130299 0.35311134 0.3549197 0.35769757 0.35919273 0.36068789 0.36218305 0.36367821 -9999
0.15895884 0.1572721 0.15558536 0.15549676 0.15677097 0.16164943 0.16652789 0.17140635 0.17628481 0.19077621 0.1980826 0.1969115 0.19574039 0.19456929 0.19939506 0.21189451 0.22439396 0.23689342 0.24349272 0.24381328 0.25258956 0.26481137 0.27964687 0.29448237 0.30931787 0.31928375 0.32699979 0.33471583 0.34243187 0.33571938 0.33486072 0.35107709 0.36972284 0.38859582 0.4074688 0.425566 0.41841724 0.41126849 0.40411973 0.40154411 0.41007034 0.39589815 0.3814046 0.36910553 0.35680647 0.3445074 0.33860076 0.33721833 0.33902668 0.34083504 0.3426434 0.34729108 0.35209841 0.35359357 0.35508873 0.35658389 -9999
0.17056354 0.16887681 0.16719007 0.16710147 0.16809887 0.16909628 0.17330982 0.17818828 0.18306674 0.19755813 0.21237983 0.22321196 0.22204085 0.22086975 0.22569552 0.23819497 0.25069442 0.25486029 0.25508617 0.25540673 0.26418301 0.27295929 0.28411421 0.29894971 0.31378521 0.3237511 0.33146713 0.33918317 0.32929236 0.31895763 0.31809897 0.33431534 0.35053171 0.3687097 0.38758268 0.40567988 0.39853112 0.39138236 0.39087108 0.39939731 0.40792354 0.39375136 0.37716172 0.3620079 0.34970884 0.33740977 0.33150313 0.32864394 0.32675038 0.32855874 0.3303671 0.33501478 0.34118046 0.34649925 0.34799441 0.34948957 -9999
0.1773555 0.18048152 0.17879478 0.17870618 0.17970358 0.18070099 0.18169839 0.1849702 0.18984866 0.20434005 0.21916176 0.23398346 0.24834131 0.24717021 0.25199598 0.26449543 0.26622785 0.26645374 0.26667962 0.26700018 0.27577646 0.28455274 0.29332902 0.30341705 0.31825255 0.32821844 0.33320007 0.32286534 0.31253062 0.30219589 0.30133723 0.3175536 0.33376997 0.34998633 0.36769655 0.38579376 0.378645 0.38019806 0.38872429 0.39725052 0.40577674 0.39160456 0.37501492 0.35842529 0.34261121 0.33031214 0.3244055 0.32154631 0.31868712 0.31628244 0.3180908 0.32273847 0.32890416 0.33506985 0.3409001 0.34239525 -9999
0.18134509 0.1857865 0.19022791 0.19031089 0.19130829 0.1923057 0.1933031 0.1943005 0.19663059 0.21112198 0.22594368 0.24076539 0.25558709 0.2704088 0.27736954 0.27759542 0.2778213 0.27804719 0.27827307 0.27859363 0.28736991 0.29614619 0.30492247 0.31369875 0.32271989 0.32677306 0.31643833 0.3061036 0.29576887 0.28543414 0.28457549 0.30079185 0.31700822 0.33322459 0.34944096 0.36590763 0.36952503 0.37805126 0.38657749 0.39510372 0.40362995 0.38945777 0.37286813 0.35627849 0.33968885 0.32321451 0.31730787 0.31444868 0.3115895 0.30873031 0.30587112 0.31046217 0.31662786 0.32279355 0.32895924 0.33512493 -9999
0.1853256 0.18976701 0.19420842 0.20677031 0.21239107 0.21338847 0.21438587 0.21538328 0.21638068 0.21588858 0.23071029 0.24553199 0.2603537 0.2751754 0.28359434 0.28382022 0.2840461 0.28427199 0.28449787 0.28616425 0.2907359 0.29951218 0.30828846 0.31706474 0.32584102 0.32154563 0.3112109 0.30087617 0.29054144 0.27874628 0.27258367 0.28882053 0.3050369 0.32125327 0.33746964 0.35345674 0.36198297 0.3705092 0.37903543 0.38756166 0.39703836 0.38366268 0.36707304 0.35048341 0.33389377 0.31730413 0.31242621 0.30990952 0.30705033 0.30419114 0.30133195 0.30334283 0.30931985 0.31548554 0.32165123 0.32781692 -9999
0.18930217 0.19374357 0.19818498 0.21074687 0.22882697 0.2385928 0.2395902 0.2405876 0.241585 0.2390636 0.23642129 0.24942223 0.26424394 0.27906564 0.28748458 0.28771046 0.28793634 0.28823693 0.2901433 0.29206816 0.29564441 0.29930046 0.30807674 0.31685302 0.3256293 0.32133391 0.31099918 0.30066445 0.28741277 0.26880598 0.26264336 0.27890403 0.2951487 0.31136507 0.32758144 0.34356854 0.35209477 0.360621 0.36914723 0.3788047 0.38870352 0.3754101 0.35964662 0.34310186 0.32651223 0.30992259 0.30504466 0.30575006 0.30362371 0.30076452 0.29790534 0.29991622 0.30453083 0.310338 0.31650369 0.32266938 -9999
0.19388863 0.19772014 0.20216154 0.21472343 0.23280353 0.25088363 0.26479452 0.26579192 0.26678933 0.26426792 0.26162561 0.25898329 0.26813418 0.28295588 0.29137482 0.2916007 0.29223448 0.29414084 0.29604721 0.29797207 0.30154832 0.30512457 0.30870082 0.3166413 0.32541758 0.32112219 0.31078746 0.29607926 0.27747247 0.25886567 0.25270306 0.26896373 0.2852244 0.30147687 0.31769324 0.33368034 0.34220657 0.3507328 0.36057104 0.37046986 0.38036868 0.36707526 0.35131178 0.3355483 0.31913068 0.30254104 0.29766312 0.29836851 0.29907391 0.29733791 0.29447872 0.2964896 0.30110422 0.30571883 0.31135615 0.31752184 -9999
0.2038179 0.20346896 0.20613811 0.21869999 0.23678009 0.25486019 0.27294029 0.29099625 0.29199365 0.28947224 0.28682993 0.28418762 0.2815453 0.28684612 0.29526506 0.29623202 0.29813839 0.30004475 0.30195112 0.30387598 0.30745223 0.31102848 0.31460474 0.31818099 0.32520586 0.32091047 0.30474575 0.28613896 0.26753216 0.24892537 0.24276276 0.25902343 0.2752841 0.29154477 0.30780504 0.32379214 0.33243855 0.34233737 0.3522362 0.36213502 0.37203384 0.35874041 0.34297694 0.32721346 0.31144999 0.2951595 0.29028158 0.29098697 0.29169237 0.29239776 0.2910521 0.29306298 0.2976776 0.30229222 0.30690683 0.3123743 -9999
0.21371556 0.21336663 0.2130177 0.22287897 0.24095907 0.25903916 0.27711926 0.29519936 0.31327946 0.31132553 0.30868322 0.30604091 0.30339859 0.30075628 0.29967022 0.30157659 0.30348296 0.30538933 0.3072957 0.30943242 0.3124251 0.31600135 0.3195776 0.32315385 0.3267301 0.31513345 0.29652666 0.27791987 0.25931308 0.24070628 0.23469272 0.25095339 0.26721406 0.28347472 0.29973539 0.3158064 0.32570522 0.33560404 0.34550287 0.35540169 0.36429315 0.34995925 0.33419577 0.3184323 0.30266882 0.28690535 0.28281455 0.28351995 0.28422534 0.28493074 0.28563613 0.28997127 0.29458588 0.2992005 0.30381511 0.30842973 -9999
0.22345606 0.22364898 0.2350635 0.24126038 0.2461448 0.2642249 0.282305 0.30038509 0.31846519 0.31651127 0.31386896 0.31122664 0.30858433 0.30408618 0.30223273 0.3041391 0.30604547 0.30795184 0.31036227 0.31346837 0.3139037 0.31634333 0.31991958 0.32349583 0.32707208 0.31547543 0.29686864 0.27826185 0.25965505 0.25306841 0.25188956 0.25243789 0.26844641 0.28470708 0.30096775 0.31703876 0.32693758 0.3368364 0.34673522 0.35420306 0.35329203 0.33895813 0.32319466 0.30743118 0.29173295 0.27866378 0.27492236 0.27562776 0.27633315 0.27703855 0.28326221 0.28854529 0.29315991 0.29777453 0.30238914 0.30471039 -9999
0.23659278 0.2480073 0.25942182 0.2656187 0.26826997 0.27092124 0.28749073 0.30557083 0.32365093 0.32169701 0.31905469 0.31623208 0.31144039 0.30664869 0.30479525 0.30670161 0.30860798 0.31126221 0.31439822 0.31750432 0.31793965 0.31837497 0.32026155 0.32383781 0.32741406 0.31581741 0.29721062 0.27860382 0.27491706 0.27277968 0.27160083 0.27214916 0.27269749 0.28593943 0.3022001 0.31827111 0.32816993 0.33806875 0.34411297 0.34320194 0.34229091 0.32795702 0.31219354 0.29690993 0.28384076 0.27077159 0.26703017 0.26773556 0.26876941 0.27530282 0.28183623 0.28711932 0.29173394 0.29627187 0.29839721 0.30052255 -9999
0.2609511 0.27236562 0.28378014 0.28997702 0.29262829 0.29527956 0.29793083 0.31075657 0.32883666 0.32688274 0.32358628 0.31879459 0.3140029 0.3092112 0.30735776 0.30926413 0.31216215 0.31529816 0.31843417 0.32154027 0.3219756 0.32241092 0.32284624 0.32417978 0.32775603 0.31615939 0.29890309 0.29676571 0.29462833 0.29249095 0.2913121 0.29186043 0.29240876 0.29295709 0.30343246 0.31950346 0.32940229 0.33402289 0.33311186 0.33220083 0.3312898 0.3169559 0.3020869 0.28901773 0.27594857 0.2628794 0.25913798 0.26081003 0.26734344 0.27387685 0.28041026 0.28569335 0.28995869 0.29208403 0.29420937 0.29633471 -9999
0.28530942 0.29672394 0.30813846 0.31433534 0.31698661 0.31963788 0.32228915 0.32494042 0.3340224 0.33094049 0.32614879 0.3213571 0.31656541 0.31177372 0.30992608 0.31306209 0.3161981 0.31933411 0.32247012 0.32557622 0.32601155 0.32644687 0.32688219 0.32731751 0.32809801 0.32075174 0.31861436 0.31647698 0.3143396 0.31220222 0.31102337 0.3115717 0.31212003 0.31266836 0.31321669 0.32073582 0.3239328 0.32302177 0.32211074 0.32119971 0.32028868 0.30726388 0.29419471 0.28112554 0.26805637 0.25498721 0.25285065 0.25938406 0.26591747 0.27245088 0.27898429 0.28364551 0.28577085 0.28789619 0.29002153 0.29214686 -9999
0.29538018 0.3067947 0.31820922 0.32571027 0.32883302 0.33148429 0.33413556 0.33678683 0.3394381 0.34582218 0.34103048 0.33623879 0.3314471 0.32665541 0.32534137 0.32847738 0.33161339 0.3347494 0.33788541 0.34313841 0.35060318 0.3510385 0.35147382 0.35190915 0.35234447 0.3510201 0.34888272 0.34674534 0.34460796 0.34284209 0.3357708 0.32733175 0.32788008 0.32842841 0.32897673 0.32948156 0.32857053 0.3276595 0.32674847 0.32583744 0.31772759 0.30771654 0.29464737 0.2815782 0.26850903 0.25543986 0.25585818 0.26240627 0.26893968 0.27547308 0.28200649 0.28324286 0.28509965 0.28722499 0.28935033 0.29147567 -9999
0.29733914 0.30875366 0.32016818 0.32766923 0.33251092 0.33622702 0.33887829 0.34152956 0.34418083 0.3529068 0.3618415 0.35811473 0.35332304 0.34853135 0.34721731 0.35035332 0.35348933 0.3566731 0.36242389 0.36821877 0.37795054 0.38730068 0.38773601 0.38817133 0.38860665 0.38728228 0.3851449 0.38300752 0.38184868 0.3827045 0.37563321 0.35427802 0.3413968 0.34194513 0.34249346 0.34299828 0.34208725 0.34117622 0.34026519 0.33039025 0.31826633 0.30885051 0.29972312 0.28676867 0.27369951 0.26063034 0.26104865 0.26789685 0.27448735 0.28102076 0.28755417 0.28879054 0.28719489 0.28855038 0.29067572 0.29280106 -9999
0.29756241 0.31071262 0.32212714 0.32962819 0.33446987 0.33931156 0.34362102 0.34627229 0.34892356 0.35764953 0.36658423 0.37551893 0.37519898 0.37040728 0.36909325 0.37222926 0.37600266 0.38175346 0.38750425 0.39329913 0.4030309 0.41276267 0.42249445 0.42443351 0.42486883 0.42354446 0.42140708 0.42085528 0.4217111 0.42256691 0.41549563 0.39414043 0.37278523 0.35546185 0.35601018 0.356515 0.35560397 0.35469294 0.3430529 0.33092898 0.31880506 0.30938925 0.30026186 0.29113447 0.27888998 0.26582081 0.26623913 0.27308733 0.27993553 0.28656843 0.29310184 0.29433821 0.29274256 0.29114692 0.29200111 0.29412645 -9999
0.28234187 0.30727409 0.3240861 0.33158715 0.33642883 0.34127052 0.3461122 0.35095388 0.35366629 0.36239226 0.37132696 0.38026166 0.38919636 0.39228322 0.39096919 0.39533223 0.40108302 0.40683381 0.41258461 0.41837949 0.42811126 0.43784303 0.4475748 0.45730658 0.46113101 0.45980664 0.45986188 0.46071769 0.46157351 0.46242932 0.45535804 0.43400284 0.41264764 0.39129244 0.36993724 0.37003173 0.36783948 0.35571556 0.34359164 0.33146772 0.3193438 0.30992798 0.30080059 0.2916732 0.28254581 0.27101128 0.2714296 0.2782778 0.285126 0.2919742 0.29864951 0.29988588 0.29829024 0.29669459 0.29509895 0.29545184 -9999
0.2723853 0.29731752 0.32224974 0.33602156 0.34086324 0.34570493 0.35054661 0.35538829 0.36022998 0.36943128 0.37836598 0.38730068 0.39623538 0.40517008 0.4127081 0.41845889 0.42420969 0.42996048 0.43571127 0.44264713 0.45029283 0.46002461 0.46975638 0.47948815 0.48921993 0.49288066 0.49373648 0.49459229 0.49544811 0.49630392 0.48767303 0.46631783 0.44496263 0.42360743 0.40225223 0.38117224 0.36904832 0.3569244 0.34480048 0.33267656 0.32126633 0.3132474 0.30412001 0.29499262 0.28586523 0.27673784 0.27719005 0.28403825 0.29088645 0.29773465 0.30458285 0.30378948 0.30219384 0.30059819 0.29900255 0.2974069 -9999
0.28235462 0.30728685 0.33221907 0.34698627 0.35466807 0.35950976 0.36435144 0.36919313 0.37403481 0.38432566 0.39409726 0.40303196 0.41196666 0.42090136 0.42843937 0.43419017 0.43994096 0.44569176 0.45382247 0.46429841 0.46534832 0.4712333 0.48096507 0.49069684 0.50042862 0.50408936 0.50494517 0.50580099 0.5066568 0.49216566 0.47746431 0.46882638 0.44870804 0.42735284 0.40599764 0.38491765 0.37279373 0.36066981 0.34854589 0.3379072 0.3306845 0.32513077 0.31796526 0.30883787 0.29971048 0.29058309 0.28873671 0.29195627 0.29880447 0.30565268 0.31250088 0.30796782 0.29987407 0.29827842 0.29668278 0.29508713 -9999
0.29232395 0.31725617 0.3421884 0.3569556 0.36481526 0.37267491 0.37815627 0.38299796 0.38783964 0.39813049 0.40860857 0.41876324 0.42769794 0.43663264 0.44417065 0.44992145 0.45567224 0.46489228 0.47547375 0.48594968 0.4869996 0.48804952 0.49217376 0.50190554 0.51163731 0.51529805 0.51615386 0.51674736 0.49868101 0.48061467 0.46591332 0.45727539 0.44863746 0.43109825 0.40974306 0.38866307 0.37653914 0.36441522 0.35454807 0.34732537 0.34010268 0.33454894 0.32917296 0.32268312 0.31355573 0.30442834 0.30258196 0.30420666 0.3067225 0.3135707 0.3204189 0.31588584 0.30526791 0.29595865 0.294363 0.29276736 -9999
