mean_models/J1_mean_vp_slide_diff2_280.dat.tif
NCOLS 118
NROWS 92
XLLCORNER 139.62
YLLCORNER -39.07
DX 0.099491525
DY 0.099347826
NODATA_VALUE -9999
[rows 48 to 71 of 92, columns 0 to 54 of 118]
-9999 -0.14673466 -0.13832583 -0.12991701 -0.12150818 -0.11309935 -0.10469052 -0.1008793 -0.095154298 -0.089429295 -0.083704291 -0.077979288 -0.072254285 -0.068314704 -0.079444371 -0.091677518 -0.10391066 -0.11614381 -0.12837696 -0.13564126 -0.13144222 -0.12724318 -0.12304414 -0.1188451 -0.11464606 -0.11627093 -0.11967533 -0.1242194 -0.12876346 -0.13330753 -0.13785159 -0.14144908 -0.14322189 -0.14499469 -0.1467675 -0.1485403 -0.1503131 -0.14736673 -0.14486195 -0.14235716 -0.13985238 -0.13734759 -0.1359714 -0.13776478 -0.1431354 -0.14850602 -0.15387665 -0.15924727 -0.16461789 -0.15935619 -0.15225694 -0.14515769 -0.13805843 -0.13095918 -0.13123768
-9999 -0.14178736 -0.13337853 -0.1249697 -0.11656088 -0.11033576 -0.10833826 -0.10461036 -0.098885361 -0.093160358 -0.087435354 -0.080842305 -0.070972419 -0.066435264 -0.072577207 -0.081688204 -0.09392135 -0.1061545 -0.11838764 -0.12565194 -0.1214529 -0.11725386 -0.11305482 -0.10994472 -0.11502608 -0.11863761 -0.11830963 -0.12020751 -0.12475158 -0.12929564 -0.1338397 -0.1374372 -0.13921 -0.14098281 -0.14275561 -0.14320414 -0.13912431 -0.13569248 -0.13318769 -0.13068291 -0.12817812 -0.13091071 -0.14272087 -0.14331698 -0.13585145 -0.13901985 -0.14439047 -0.1497611 -0.15513172 -0.14987002 -0.14277077 -0.13567151 -0.12857226 -0.13256905 -0.13631788
-9999 -0.13684006 -0.12843123 -0.1200224 -0.11606432 -0.11406682 -0.11206932 -0.10834143 -0.10261642 -0.09689142 -0.08883275 -0.078962864 -0.069092979 -0.064555824 -0.070697767 -0.076839711 -0.083932037 -0.096165183 -0.10839833 -0.11566263 -0.11146359 -0.10726455 -0.10723004 -0.1123114 -0.11739277 -0.1210043 -0.12067632 -0.12034833 -0.12073969 -0.12528375 -0.12982782 -0.13342531 -0.13519812 -0.13697092 -0.13560971 -0.13152989 -0.12745006 -0.12401823 -0.12151344 -0.11900866 -0.12585002 -0.13766018 -0.14947034 -0.15006645 -0.14260092 -0.13513539 -0.1349043 -0.14027493 -0.14564555 -0.14038385 -0.13328459 -0.12840366 -0.13302646 -0.13764926 -0.14139809
-9999 -0.13189276 -0.12379037 -0.12179288 -0.11979538 -0.11779788 -0.11580039 -0.11207249 -0.10634749 -0.096823195 -0.08695331 -0.077083424 -0.067213539 -0.062676383 -0.068818327 -0.07496027 -0.081102214 -0.087244157 -0.098409016 -0.10567332 -0.10147428 -0.10451536 -0.10959673 -0.11467809 -0.11975945 -0.12337099 -0.123043 -0.12271502 -0.12238703 -0.12205905 -0.12581593 -0.12941343 -0.13118623 -0.12801529 -0.12393546 -0.11985563 -0.11577581 -0.11234397 -0.10983919 -0.12078934 -0.13259949 -0.14440965 -0.15621981 -0.15681592 -0.14935039 -0.14188486 -0.13441933 -0.13078875 -0.13615938 -0.13089768 -0.12886106 -0.13348386 -0.13810666 -0.14272947 -0.1464783
-9999 -0.12951893 -0.12752144 -0.12552394 -0.12352644 -0.12152895 -0.11953145 -0.11468353 -0.10481364 -0.094943755 -0.08507387 -0.075203984 -0.065334099 -0.060796943 -0.066938887 -0.07308083 -0.079222774 -0.085364717 -0.091506661 -0.096719321 -0.10180068 -0.10688205 -0.11196341 -0.11704478 -0.12212614 -0.12573767 -0.12540969 -0.1250817 -0.12475372 -0.12442573 -0.12409775 -0.12450069 -0.12042086 -0.11634103 -0.11226121 -0.10818138 -0.10410155 -0.10391849 -0.11572865 -0.12753881 -0.13934897 -0.15115912 -0.16296928 -0.16356539 -0.15609986 -0.14863433 -0.1411688 -0.13370327 -0.1266732 -0.12931846 -0.13394127 -0.13856407 -0.14318687 -0.14780967 -0.15168085
-9999 -0.12118721 -0.11918972 -0.11719222 -0.11519473 -0.11319723 -0.11113461 -0.10542427 -0.095554385 -0.085684499 -0.075814614 -0.065944728 -0.064303132 -0.070687351 -0.074904335 -0.081046279 -0.087188222 -0.093330166 -0.099472109 -0.10529335 -0.11037471 -0.11545608 -0.12053744 -0.1256188 -0.12836728 -0.12638567 -0.12238562 -0.12205764 -0.12172965 -0.12140167 -0.12107368 -0.11946419 -0.11538436 -0.11130454 -0.10722471 -0.10314488 -0.10223367 -0.10835811 -0.12016827 -0.13197843 -0.14378859 -0.15559875 -0.16530535 -0.16340773 -0.15498744 -0.14752191 -0.14005638 -0.13259085 -0.12512532 -0.12796679 -0.13258959 -0.1372124 -0.1418352 -0.14386538 -0.14063142
-9999 -0.11083733 -0.10883983 -0.10684234 -0.10484484 -0.10274696 -0.10064067 -0.094930332 -0.085060447 -0.075190561 -0.065320675 -0.069385521 -0.077118785 -0.083503004 -0.087185683 -0.090868362 -0.096800773 -0.10294272 -0.10908466 -0.1149059 -0.11998726 -0.12506863 -0.13014999 -0.13107757 -0.1301387 -0.12815708 -0.12338065 -0.11860421 -0.11780368 -0.1174757 -0.11714772 -0.11553822 -0.1114584 -0.10737857 -0.10329874 -0.10413665 -0.10628685 -0.11241129 -0.12422145 -0.13603161 -0.14784177 -0.15672318 -0.1653479 -0.16345028 -0.15398828 -0.14509415 -0.13762862 -0.13016309 -0.12269756 -0.12553903 -0.13016184 -0.13478464 -0.13470853 -0.1295634 -0.12632943
-9999 -0.10048745 -0.09848995 -0.096465589 -0.094359304 -0.09225302 -0.090146735 -0.084436394 -0.074566508 -0.066734646 -0.07446791 -0.082201174 -0.089934439 -0.096318658 -0.10000134 -0.10368402 -0.10736669 -0.11255527 -0.11869721 -0.12451845 -0.12959981 -0.13468118 -0.13378785 -0.13284898 -0.13191011 -0.1299285 -0.12515206 -0.12037563 -0.11559919 -0.11354973 -0.11322175 -0.11161226 -0.10753243 -0.10388943 -0.10603963 -0.10818983 -0.11034002 -0.11646446 -0.12827462 -0.1395163 -0.14814101 -0.15676573 -0.16539044 -0.16349282 -0.15403083 -0.14456884 -0.13520086 -0.12773533 -0.1202698 -0.12311127 -0.12773408 -0.12555168 -0.12040655 -0.11526141 -0.11202745
-9999 -0.090137563 -0.088077935 -0.085971651 -0.083865366 -0.081759082 -0.079652797 -0.073942456 -0.071817035 -0.0795503 -0.087283564 -0.095016828 -0.10275009 -0.10913431 -0.11281699 -0.11649967 -0.12018235 -0.12386503 -0.12830976 -0.134131 -0.137437 -0.13649813 -0.13555927 -0.1346204 -0.13368153 -0.13169991 -0.12692348 -0.12214704 -0.1173706 -0.11259417 -0.10929578 -0.10768629 -0.10579241 -0.10794261 -0.1100928 -0.112243 -0.1143932 -0.12051764 -0.13093413 -0.13955885 -0.14818356 -0.15680828 -0.16543299 -0.16353537 -0.15407338 -0.14461138 -0.13514939 -0.1256874 -0.11784204 -0.12068352 -0.11639483 -0.1112497 -0.10610456 -0.10095943 -0.097725466
-9999 -0.082690567 -0.080584283 -0.078477998 -0.076371714 -0.074265429 -0.072159145 -0.075735874 -0.083469138 -0.091202402 -0.098935666 -0.10666893 -0.11440219 -0.12068091 -0.12436359 -0.12804627 -0.13172895 -0.13541163 -0.13909431 -0.1413795 -0.14044063 -0.13950176 -0.1385629 -0.13762403 -0.13668516 -0.13402802 -0.12917726 -0.12440082 -0.11962438 -0.11484795 -0.11007151 -0.10766099 -0.10981118 -0.11196138 -0.11411158 -0.11626178 -0.11841197 -0.12021278 -0.12883749 -0.13746221 -0.14608692 -0.15471164 -0.16333635 -0.16443498 -0.15497299 -0.14551099 -0.136049 -0.12658701 -0.11712501 -0.11109235 -0.10594722 -0.10080208 -0.095656951 -0.090511818 -0.088000148
-9999 -0.085444268 -0.083337984 -0.081231699 -0.079125415 -0.077651203 -0.080626652 -0.085140564 -0.091430059 -0.098880444 -0.10661371 -0.11434697 -0.12208024 -0.12834793 -0.13168073 -0.13525848 -0.13894116 -0.14262384 -0.14630652 -0.14859171 -0.14765284 -0.14671397 -0.14577511 -0.14483624 -0.14431515 -0.14185508 -0.13408007 -0.1283021 -0.12352566 -0.11874923 -0.11397279 -0.11156227 -0.11371246 -0.11586266 -0.11801286 -0.11992876 -0.10840848 -0.10664447 -0.11883819 -0.12805927 -0.13668398 -0.1453087 -0.15393341 -0.15812095 -0.15879987 -0.14933787 -0.13987588 -0.13041389 -0.12095189 -0.11440897 -0.10866405 -0.10351892 -0.098373783 -0.09322865 -0.090716979
-9999 -0.088197969 -0.086091685 -0.0839854 -0.084308078 -0.087283527 -0.090258976 -0.094772888 -0.10106238 -0.10735188 -0.11429175 -0.12202501 -0.12975828 -0.13602597 -0.13935877 -0.14269157 -0.14615337 -0.14983605 -0.15351873 -0.15580392 -0.15486505 -0.15392618 -0.15309633 -0.15261927 -0.15214221 -0.14968215 -0.14190714 -0.13413213 -0.12742694 -0.12265051 -0.11787407 -0.11546354 -0.11761374 -0.11976394 -0.11745269 -0.10593241 -0.094412138 -0.09264813 -0.10484185 -0.11703556 -0.12728104 -0.13590575 -0.14453047 -0.14871801 -0.14971572 -0.15071342 -0.14370276 -0.13424076 -0.12477877 -0.11823585 -0.11219743 -0.10623575 -0.10109062 -0.095945482 -0.093433811
-9999 -0.09095167 -0.088845386 -0.090964952 -0.093940401 -0.09691585 -0.099891299 -0.10440521 -0.11069471 -0.1169842 -0.1232737 -0.12970306 -0.13743632 -0.14370401 -0.14703681 -0.15036961 -0.15370241 -0.15704826 -0.16073094 -0.16301613 -0.16207726 -0.16140046 -0.1609234 -0.16044634 -0.15996927 -0.15750921 -0.1497342 -0.14195919 -0.13418418 -0.12655178 -0.12177535 -0.11936482 -0.12151502 -0.11497662 -0.10345635 -0.091936071 -0.080415796 -0.078651787 -0.090845503 -0.10303922 -0.11523293 -0.12650281 -0.13512753 -0.13931507 -0.14031277 -0.14131048 -0.14230819 -0.13806764 -0.12860565 -0.12206273 -0.1160243 -0.10998588 -0.10394745 -0.098662314 -0.096150643
-9999 -0.094646378 -0.097621827 -0.10059728 -0.10357273 -0.10654817 -0.10952362 -0.11403753 -0.12032703 -0.12661653 -0.13290602 -0.13919552 -0.14548501 -0.15138205 -0.15471485 -0.15804765 -0.16138045 -0.16471325 -0.16804605 -0.17022834 -0.16970458 -0.16922752 -0.16875046 -0.1682734 -0.16779634 -0.16533627 -0.15756126 -0.14978625 -0.14201124 -0.13423623 -0.12646122 -0.1232661 -0.11250056 -0.10098028 -0.089460004 -0.077939729 -0.066419453 -0.064655445 -0.076849161 -0.089042876 -0.10123659 -0.11343031 -0.12562402 -0.12991213 -0.13090983 -0.13190754 -0.13290525 -0.13390296 -0.13243253 -0.12588961 -0.11985118 -0.11381276 -0.10777433 -0.10173591 -0.098867475
-9999 -0.096135411 -0.09911086 -0.10208631 -0.10506176 -0.10803721 -0.11184604 -0.11503578 -0.11882786 -0.12511735 -0.13140685 -0.13769634 -0.14398584 -0.14717186 -0.14672039 -0.15005319 -0.15338599 -0.15671879 -0.16005159 -0.16223234 -0.16175528 -0.16127822 -0.16080116 -0.1603241 -0.15822993 -0.15529506 -0.16031156 -0.15253655 -0.14476154 -0.13698653 -0.12921152 -0.12015725 -0.10863697 -0.097116699 -0.085596424 -0.074076148 -0.066363178 -0.069227836 -0.078717811 -0.090911526 -0.10310524 -0.11529896 -0.12749267 -0.13390705 -0.13528302 -0.13628073 -0.13727843 -0.13827614 -0.13927385 -0.13631532 -0.13030902 -0.12427059 -0.11823217 -0.11219374 -0.10614031
-9999 -0.094083326 -0.097058775 -0.10003422 -0.10300967 -0.10754148 -0.11256157 -0.1157513 -0.11682858 -0.11877764 -0.12506713 -0.13135663 -0.13764612 -0.14083215 -0.13780329 -0.13524352 -0.13857632 -0.14190912 -0.14524192 -0.14742267 -0.14694561 -0.14646855 -0.14599149 -0.14121273 -0.13263506 -0.12970019 -0.14188942 -0.15307921 -0.1453042 -0.13752919 -0.12975418 -0.12069991 -0.10917963 -0.097659359 -0.086139084 -0.082061332 -0.082297245 -0.085161902 -0.091787352 -0.099679083 -0.1118728 -0.12406651 -0.13626023 -0.1426746 -0.14493428 -0.14664447 -0.14764218 -0.14863989 -0.14963759 -0.14667906 -0.14303678 -0.1376119 -0.13157347 -0.12553505 -0.11948162
-9999 -0.092031242 -0.095006691 -0.098216847 -0.10323693 -0.10825701 -0.11327709 -0.11646683 -0.11754411 -0.11862139 -0.11969867 -0.12501691 -0.13130641 -0.13449243 -0.13146358 -0.12843472 -0.12540587 -0.12709945 -0.13043225 -0.132613 -0.13213594 -0.13165888 -0.12419552 -0.11561786 -0.10704019 -0.10410532 -0.11629455 -0.12848378 -0.14067301 -0.13807185 -0.13029684 -0.12124257 -0.10972229 -0.098202019 -0.097759486 -0.097995399 -0.098231312 -0.10109597 -0.10772142 -0.11434687 -0.12097232 -0.13283407 -0.14502779 -0.15144216 -0.15370184 -0.15596152 -0.15800592 -0.15900363 -0.16000134 -0.15704281 -0.15340053 -0.14975825 -0.14491478 -0.13887636 -0.13282293
-9999 -0.089979157 -0.093912291 -0.098932372 -0.10395245 -0.10897253 -0.11399262 -0.11718235 -0.11825963 -0.11933691 -0.1204142 -0.12149148 -0.12496669 -0.12815271 -0.12512386 -0.12209501 -0.11906615 -0.1160373 -0.11562258 -0.11780333 -0.11575597 -0.10717831 -0.098600648 -0.090022986 -0.081445324 -0.078510455 -0.090699684 -0.10288891 -0.11507814 -0.12726737 -0.1308395 -0.12178523 -0.11322173 -0.11345764 -0.11369355 -0.11392947 -0.11416538 -0.11703004 -0.12365549 -0.13028093 -0.13690638 -0.14353183 -0.15379534 -0.16020972 -0.1624694 -0.16472907 -0.16698875 -0.16924843 -0.17036508 -0.16740655 -0.16376427 -0.160122 -0.15647972 -0.15221767 -0.14616424
-9999 -0.09115636 -0.096176442 -0.10119652 -0.1062166 -0.11123669 -0.11625677 -0.11632667 -0.11740395 -0.11848123 -0.11955851 -0.1206358 -0.12171308 -0.12501739 -0.12198853 -0.11895968 -0.11593083 -0.11290197 -0.10987312 -0.10516639 -0.096588727 -0.088011066 -0.079433404 -0.070855742 -0.06227808 -0.058828258 -0.071017488 -0.083206717 -0.095395947 -0.10758518 -0.11977441 -0.12788077 -0.12811669 -0.1283526 -0.12858851 -0.12882443 -0.12906034 -0.12894844 -0.13557389 -0.14219934 -0.14882479 -0.15545024 -0.16207569 -0.16594691 -0.16820659 -0.17046627 -0.17272595 -0.17498563 -0.17724531 -0.17447274 -0.17083046 -0.16718818 -0.16354591 -0.15990363 -0.15546668
-9999 -0.10112316 -0.10614324 -0.11116332 -0.1161834 -0.12059202 -0.11184328 -0.10765603 -0.10873331 -0.1098106 -0.11088788 -0.11196516 -0.12283704 -0.13143995 -0.13363557 -0.13176252 -0.12873367 -0.12570482 -0.12267596 -0.11796923 -0.10939157 -0.10081391 -0.092236248 -0.083658586 -0.080039531 -0.079179349 -0.082913991 -0.092933311 -0.10512254 -0.11731177 -0.129501 -0.13760737 -0.13784328 -0.13807919 -0.13831511 -0.13855102 -0.12602293 -0.12089354 -0.12751899 -0.13414444 -0.14076989 -0.1475255 -0.15569598 -0.15892413 -0.15887121 -0.16113089 -0.16339057 -0.16565024 -0.16790992 -0.16513736 -0.16149508 -0.1578528 -0.15421052 -0.14978048 -0.14468038
-9999 -0.11108995 -0.11611003 -0.12113011 -0.12067011 -0.11192138 -0.10317265 -0.098985397 -0.10006268 -0.10113996 -0.10507906 -0.11688153 -0.128684 -0.13728691 -0.13948252 -0.14167813 -0.14153651 -0.13850766 -0.13547881 -0.13077208 -0.12219442 -0.11361675 -0.10598404 -0.10340953 -0.10083502 -0.099974836 -0.10370948 -0.10744412 -0.11484913 -0.12703836 -0.13922759 -0.14733396 -0.14756987 -0.14780579 -0.14465975 -0.13131389 -0.11796803 -0.11283864 -0.11946409 -0.12608954 -0.13328861 -0.1414591 -0.14962958 -0.15285773 -0.1525329 -0.15220807 -0.15405518 -0.15631486 -0.15857454 -0.15580197 -0.15215969 -0.14851742 -0.14380406 -0.13899418 -0.13389407
-9999 -0.12105674 -0.12607683 -0.1207482 -0.11199947 -0.10325074 -0.094502011 -0.09031476 -0.091392041 -0.099123543 -0.11092601 -0.12272848 -0.13453095 -0.14313386 -0.14532947 -0.14752508 -0.14972069 -0.1513105 -0.14828165 -0.14357492 -0.13499726 -0.12935403 -0.12677952 -0.12420501 -0.12163051 -0.12077032 -0.12450496 -0.12823961 -0.13197425 -0.13676496 -0.14895419 -0.15706055 -0.15729647 -0.14995071 -0.13660485 -0.12325899 -0.10991313 -0.10478374 -0.11140919 -0.11905173 -0.12722222 -0.1353927 -0.14356318 -0.14679133 -0.1464665 -0.14614167 -0.14581684 -0.14697948 -0.14923916 -0.14646659 -0.14263752 -0.13782764 -0.13301776 -0.12820787 -0.12310777
-9999 -0.12957503 -0.1208263 -0.11207757 -0.10332884 -0.094580105 -0.085831375 -0.081644123 -0.093168026 -0.10497049 -0.11677296 -0.12857543 -0.1403779 -0.14898081 -0.15117642 -0.15337203 -0.15556764 -0.15776326 -0.15995887 -0.15637777 -0.15272403 -0.15014952 -0.14757501 -0.1450005 -0.14242599 -0.14156581 -0.14530045 -0.14903509 -0.15276974 -0.15650438 -0.16023902 -0.16678715 -0.15524167 -0.14189581 -0.12854995 -0.11520409 -0.10185822 -0.09672884 -0.10481485 -0.11298533 -0.12115582 -0.1293263 -0.13749679 -0.14072494 -0.1404001 -0.14007527 -0.13975044 -0.13942561 -0.13990377 -0.1366611 -0.13185122 -0.12704133 -0.12223145 -0.11742157 -0.11232146
-9999 -0.1270844 -0.11833567 -0.10958694 -0.10083821 -0.092089476 -0.088276321 -0.086644052 -0.089389793 -0.10119226 -0.11299473 -0.1247972 -0.13659966 -0.14505219 -0.14700601 -0.14920163 -0.15139724 -0.15359285 -0.15578846 -0.15654166 -0.15396715 -0.15139264 -0.14881813 -0.14624363 -0.14489912 -0.14823077 -0.14726224 -0.15099689 -0.15473153 -0.15846617 -0.16220081 -0.16010131 -0.14675545 -0.13340959 -0.12006373 -0.10671787 -0.096784098 -0.094003848 -0.096084677 -0.10425516 -0.11242565 -0.12059613 -0.12876661 -0.13482354 -0.13568195 -0.13535712 -0.13503228 -0.13470745 -0.13438262 -0.13395676 -0.12914688 -0.124337 -0.11952711 -0.11471723 -0.10981438
