mean_models/J1_mean_vp_slide_diff2_100.dat.tif
NCOLS 118
NROWS 92
XLLCORNER 139.62
YLLCORNER -39.07
DX 0.099491525
DY 0.099347826
NODATA_VALUE -9999
[rows 48 to 71 of 92, columns 0 to 53 of 118]
-9999 -0.038000458 -0.019592243 -0.0011840271 0.017224189 0.035632404 0.05404062 0.051643252 0.049938359 0.048233466 0.046528572 0.044823679 0.043118786 0.042022646 0.039782051 0.035771216 0.031760381 0.027749546 0.023738711 0.021746512 0.024411393 0.027076273 0.029741154 0.032406034 0.035070915 0.043410082 0.042609429 0.04088165 0.03915387 0.03742609 0.03569831 0.038004548 0.048087087 0.058169626 0.068252164 0.078334703 0.088417241 0.078072804 0.066630421 0.055188037 0.043745654 0.032303271 0.02163242 0.019755941 0.016064631 0.012373321 0.0086820108 0.0049907007 0.0012993905 -0.0054187051 -0.012659912 -0.019901118 -0.027142324 -0.034383531
-9999 -0.021125678 -0.0027174625 0.015690753 0.034098969 0.045035164 0.041505662 0.038823188 0.037118295 0.035413401 0.033708508 0.031251397 0.025954696 0.02434072 0.030101611 0.03109944 0.027088605 0.02307777 0.019066935 0.017074736 0.019739617 0.022404497 0.025069378 0.029055681 0.042982339 0.053732321 0.055968013 0.056392936 0.054665156 0.052937376 0.051209596 0.053515835 0.063598373 0.073680912 0.083763451 0.088667896 0.075865866 0.063623214 0.052180831 0.040738448 0.029296065 0.021434069 0.019777707 0.018085247 0.016366836 0.013014004 0.0093226939 0.0056313837 0.0019400736 -0.004778022 -0.012019228 -0.019260435 -0.026501641 -0.027464185
-9999 -0.0042508979 0.014157318 0.032565533 0.035744603 0.0322151 0.028685597 0.026003124 0.02429823 0.022593337 0.018866171 0.013569471 0.0082727701 0.0066587939 0.012419685 0.018180576 0.022416829 0.018405994 0.014395158 0.01240296 0.01506784 0.017732721 0.025451262 0.03937792 0.053304578 0.06405456 0.066290252 0.068525945 0.070176443 0.068448663 0.066720883 0.069027121 0.07910966 0.089192198 0.087020337 0.074218307 0.061416277 0.049173625 0.037731242 0.026288859 0.021235718 0.019579356 0.017922993 0.016230533 0.014512122 0.012793712 0.009963377 0.0062720668 0.0025807567 -0.0041373389 -0.011378545 -0.017364526 -0.017972845 -0.018581165
-9999 0.012623882 0.029983544 0.026454041 0.022924538 0.019395036 0.015865533 0.013183059 0.011478166 0.0064809455 0.001184245 -0.0041124555 -0.0094091559 -0.011023132 -0.0052622412 0.00049864974 0.0062595407 0.012020432 0.0097233822 0.0077311834 0.010396064 0.021846844 0.035773502 0.049700159 0.063626817 0.074376799 0.076612492 0.078848184 0.081083877 0.083319569 0.082232169 0.084538408 0.094620946 0.085372777 0.072570747 0.059768718 0.046966688 0.034724036 0.023281652 0.021037367 0.019381005 0.017724642 0.01606828 0.01437582 0.012657409 0.010938998 0.0092205876 0.0069127499 0.0032214398 -0.0034966558 -0.007873186 -0.0084815056 -0.0090898252 -0.0096981448
-9999 0.020692982 0.017163479 0.013633977 0.010104474 0.0065749714 0.0030454688 -0.00060757967 -0.0059042801 -0.011200981 -0.016497681 -0.021794382 -0.027091082 -0.028705058 -0.022944167 -0.017183276 -0.011422385 -0.0056614944 9.9396536e-05 0.0043157669 0.018242425 0.032169083 0.046095741 0.060022399 0.073949056 0.084699038 0.086934731 0.089170423 0.091406116 0.093641809 0.095877501 0.096527248 0.083725218 0.070923188 0.058121158 0.045319128 0.032517098 0.022495378 0.020839016 0.019182653 0.017526291 0.015869929 0.014213566 0.012521106 0.010802695 0.0090842847 0.0073658741 0.0056474634 0.0038621229 0.0016181539 0.0010098343 0.00040151469 -0.00020680492 -0.00081512453
-9999 0.017828863 0.01429936 0.010769858 0.0072403551 0.0037108525 -0.0014193517 -0.0072019149 -0.012498615 -0.017795316 -0.023092016 -0.028388717 -0.02906177 -0.029142499 -0.035282969 -0.029522079 -0.023761188 -0.018000297 -0.012239406 -0.0040093092 0.0099173487 0.023844007 0.037770665 0.051697322 0.060712687 0.065047512 0.075835296 0.078070989 0.080306681 0.082542374 0.084778067 0.081877365 0.069075335 0.056273305 0.043471276 0.030669246 0.021221946 0.016887684 0.015231321 0.013574959 0.011918597 0.010262234 0.011053566 0.010720596 0.0088454238 0.0071270132 0.0054086025 0.0036901919 0.0019717812 0.0011998792 0.0005915596 -1.6760008e-05 -0.00062507962 -0.00031895575
-9999 0.016630426 0.013100923 0.0095714206 0.006041918 4.4866302e-05 -0.006158675 -0.011941238 -0.017237939 -0.022534639 -0.02783134 -0.025297823 -0.020702946 -0.020783675 -0.030227577 -0.039671478 -0.035206057 -0.029445166 -0.023684275 -0.015454179 -0.0015275208 0.012399137 0.026325795 0.031507714 0.032760312 0.037095137 0.049691101 0.062287066 0.065623289 0.067858981 0.070094674 0.067193972 0.054391943 0.041589913 0.028787883 0.021192437 0.014986358 0.010652096 0.0089957333 0.007339371 0.0056830086 0.0074345229 0.0094847345 0.0091517644 0.0071055553 0.0051525831 0.0034341725 0.0017157618 -2.6488174e-06 -0.00077455084 -0.0013828705 -0.0019911901 -0.0009421568 0.001894773
-9999 0.015431989 0.011902486 0.0077126256 0.0015090843 -0.0046944569 -0.010897998 -0.016680561 -0.021977262 -0.026128755 -0.021533877 -0.016939 -0.012344122 -0.012424852 -0.021868753 -0.031312654 -0.040756556 -0.040890036 -0.035129145 -0.026899048 -0.01297239 0.00095426752 0.0023027407 0.003555339 0.0048079373 0.009142762 0.021738726 0.034334691 0.046930655 0.053175589 0.055411281 0.05251058 0.03970855 0.027369007 0.021162928 0.014956849 0.0087507698 0.0044165078 0.0027601454 0.001765268 0.0038154796 0.0058656911 0.0079159027 0.0075829326 0.0055367236 0.0034905145 0.0014597424 -0.00025866823 -0.0019770789 -0.0027489809 -0.0033573005 -0.0015653579 0.0012715719 0.0041085017
-9999 0.014233552 0.0091768436 0.0029733023 -0.0032302389 -0.0094337802 -0.015637321 -0.021419885 -0.022364808 -0.017769931 -0.013175053 -0.0085801759 -0.0039852985 -0.0040660279 -0.013509929 -0.022953831 -0.032397732 -0.041841634 -0.046574014 -0.038343918 -0.028154831 -0.026902232 -0.025649634 -0.024397036 -0.023144437 -0.018809613 -0.0062136483 0.006382316 0.01897828 0.031574245 0.040727888 0.037827187 0.027339498 0.021133419 0.01492734 0.0087212609 0.0025151819 -0.0018190801 -0.0018537753 0.00019643624 0.0022466478 0.0042968594 0.006347071 0.0060141009 0.0039678918 0.0019216828 -0.00012452626 -0.0021707353 -0.0039515089 -0.004723411 -0.0021885589 0.00064837088 0.0034853007 0.0063222304
-9999 0.0088968094 0.0026932682 -0.0035102731 -0.0097138144 -0.015917356 -0.022120897 -0.023881594 -0.019286716 -0.014691839 -0.010096961 -0.0055020837 -0.00090720627 0.0023737143 -0.0070701871 -0.016514089 -0.02595799 -0.035401891 -0.044845793 -0.051055233 -0.049802635 -0.048550036 -0.047297438 -0.04604484 -0.044792242 -0.045106202 -0.032690852 -0.020094888 -0.0074989237 0.0050970407 0.017693005 0.023866806 0.017660727 0.011454648 0.0052485694 -0.00095750959 -0.0071635886 -0.0055158643 -0.0034656527 -0.0014154412 0.0006347704 0.002684982 0.0047351935 0.0035773734 0.0015311644 -0.00051504463 -0.0025612537 -0.0046074627 -0.0066536718 -0.0073137686 -0.0044768389 -0.0016399091 0.0011970207 0.0040339505
-9999 -0.0035441877 -0.0097477289 -0.01595127 -0.022154811 -0.027865974 -0.030110894 -0.031881533 -0.033104789 -0.029649868 -0.025054991 -0.020460113 -0.015865236 -0.012232956 -0.010528335 -0.01662889 -0.026072792 -0.035516693 -0.044960595 -0.051170035 -0.049917437 -0.048664838 -0.04741224 -0.046159642 -0.05291414 -0.057005202 -0.051695895 -0.041533707 -0.028937743 -0.016341779 -0.0037458143 0.0024279871 -0.0037780919 -0.0099841709 -0.01619025 -0.022274009 -0.021343173 -0.016647735 -0.0065664984 -0.0031743392 -0.0011241277 0.0009260839 0.0029762955 0.00096811708 -0.003869825 -0.005916034 -0.007962243 -0.010008452 -0.012054661 -0.01835204 -0.022141545 -0.019304615 -0.016467685 -0.013630755
-9999 -0.015985185 -0.022188726 -0.028392267 -0.032703671 -0.034948591 -0.037193511 -0.03896415 -0.040187406 -0.041410663 -0.04001302 -0.035418143 -0.030823265 -0.027190986 -0.025486364 -0.023781743 -0.026187594 -0.035631495 -0.045075397 -0.051284837 -0.050032239 -0.04877964 -0.049616472 -0.057214806 -0.064813139 -0.068904201 -0.063594895 -0.058285589 -0.050376562 -0.037780598 -0.025184634 -0.019010832 -0.025216911 -0.03142299 -0.035299891 -0.034369055 -0.033438219 -0.02874278 -0.018661544 -0.0085803082 -0.0028830257 -0.00083281417 0.0012173974 -0.00079078099 -0.0057164842 -0.010642187 -0.013363232 -0.015409441 -0.01745565 -0.023753029 -0.030785126 -0.036969321 -0.034132391 -0.031295461
-9999 -0.028426182 -0.034629723 -0.037541368 -0.039786288 -0.042031208 -0.044276128 -0.046046767 -0.047270023 -0.04849328 -0.049716536 -0.050376172 -0.045781295 -0.042149015 -0.040444394 -0.038739772 -0.037035151 -0.035746297 -0.045190199 -0.051399639 -0.050147041 -0.053917138 -0.061515472 -0.069113805 -0.076712139 -0.080803201 -0.075493894 -0.070184588 -0.064875282 -0.059219417 -0.046623453 -0.040449652 -0.046655731 -0.048325773 -0.047394937 -0.046464101 -0.045533265 -0.040837826 -0.03075659 -0.020675354 -0.010594118 -0.0025917122 -0.00054150066 -0.0025496791 -0.0074753823 -0.012401086 -0.017326789 -0.020810431 -0.02285664 -0.029154019 -0.036186115 -0.043218212 -0.050250308 -0.048960167
-9999 -0.040134144 -0.042379064 -0.044623984 -0.046868905 -0.049113825 -0.051358745 -0.053129384 -0.05435264 -0.055575897 -0.056799153 -0.05802241 -0.059245666 -0.057107045 -0.055402423 -0.053697802 -0.05199318 -0.050288559 -0.048583937 -0.051514441 -0.058217804 -0.065816137 -0.073414471 -0.081012805 -0.088611138 -0.0927022 -0.087392894 -0.082083588 -0.076774281 -0.071464975 -0.066155669 -0.061888471 -0.061351654 -0.060420819 -0.059489983 -0.058559147 -0.057628311 -0.052932872 -0.042851636 -0.0327704 -0.022689164 -0.012607928 -0.0025266916 -0.0043085771 -0.0092342804 -0.014159984 -0.019085687 -0.02401139 -0.028257629 -0.034555008 -0.041587105 -0.048619201 -0.055651298 -0.062683394
-9999 -0.042170921 -0.044415841 -0.046660761 -0.048905681 -0.051150602 -0.05180507 -0.048309745 -0.046255578 -0.047478834 -0.048702091 -0.049925347 -0.051148604 -0.053981032 -0.056892211 -0.055187589 -0.053482968 -0.051778347 -0.050073725 -0.051182178 -0.058780511 -0.066378845 -0.073977179 -0.081575512 -0.087959101 -0.089908259 -0.089998156 -0.084688849 -0.079379543 -0.074070237 -0.068760931 -0.064947167 -0.064016331 -0.063085495 -0.062154659 -0.061223823 -0.058691883 -0.059225629 -0.058750372 -0.048669136 -0.0385879 -0.028506664 -0.018425428 -0.014011154 -0.017358409 -0.022284112 -0.027209815 -0.032135518 -0.037061222 -0.029170109 -0.035972456 -0.043004553 -0.050036649 -0.057068746
-9999 -0.04201351 -0.04425843 -0.04650335 -0.04874827 -0.048022992 -0.046365887 -0.042870562 -0.037253694 -0.032780875 -0.034004132 -0.035227388 -0.036450645 -0.039283073 -0.045337962 -0.050820701 -0.049116079 -0.047411458 -0.045706836 -0.046815289 -0.054413622 -0.062011956 -0.06961029 -0.073977241 -0.075490507 -0.077439665 -0.080557122 -0.083252721 -0.077943415 -0.072634109 -0.067324803 -0.063511039 -0.062580203 -0.061649367 -0.060718531 -0.056657855 -0.050783133 -0.051316879 -0.061018847 -0.06622191 -0.056140674 -0.046059438 -0.035978202 -0.031563928 -0.031223563 -0.033176166 -0.038101869 -0.043027572 -0.047953276 -0.040062163 -0.029955956 -0.032599744 -0.039631841 -0.046663938
-9999 -0.041856099 -0.044101019 -0.045898018 -0.044240913 -0.042583809 -0.040926704 -0.037431379 -0.031814511 -0.026197644 -0.020580776 -0.020529429 -0.021752686 -0.024585114 -0.030640003 -0.036694891 -0.04274978 -0.043044569 -0.041339947 -0.0424484 -0.050046734 -0.057645067 -0.059995381 -0.061508647 -0.063021913 -0.064971071 -0.068088529 -0.071205986 -0.074323443 -0.071197981 -0.065888675 -0.062074911 -0.061144075 -0.060213239 -0.054623827 -0.048749106 -0.042874384 -0.04340813 -0.053110098 -0.062812065 -0.072514033 -0.063612212 -0.053530975 -0.049116702 -0.048776336 -0.048435971 -0.048993923 -0.053919627 -0.05884533 -0.050954217 -0.04084801 -0.030741803 -0.029227033 -0.036259129
-9999 -0.041698687 -0.04211594 -0.040458835 -0.03880173 -0.037144626 -0.035487521 -0.031992196 -0.026375328 -0.020758461 -0.015141593 -0.0095247258 -0.0070547269 -0.0098871555 -0.015942044 -0.021996932 -0.028051821 -0.034106709 -0.036973058 -0.038081511 -0.044500255 -0.046013521 -0.047526788 -0.049040054 -0.05055332 -0.052502478 -0.055619935 -0.058737392 -0.06185485 -0.064972307 -0.064452547 -0.060638783 -0.058464521 -0.0525898 -0.046715078 -0.040840357 -0.034965635 -0.035499381 -0.045201348 -0.054903316 -0.064605283 -0.074307251 -0.071083749 -0.066669476 -0.06632911 -0.065988745 -0.065648379 -0.065308013 -0.069737384 -0.061846271 -0.051740064 -0.041633857 -0.03152765 -0.025854321
-9999 -0.039931455 -0.03827435 -0.036617245 -0.034960141 -0.033303036 -0.031645931 -0.02934541 -0.023728543 -0.018111675 -0.012494808 -0.0068779406 -0.0012610731 0.0026795948 -0.0033752937 -0.0094301821 -0.01548507 -0.021539959 -0.027594847 -0.032276417 -0.033789683 -0.035302949 -0.036816216 -0.038329482 -0.039842748 -0.040221586 -0.043339043 -0.046456501 -0.049573958 -0.052691415 -0.055808873 -0.055854896 -0.049980174 -0.044105453 -0.038230731 -0.032356009 -0.026481288 -0.029183568 -0.038885536 -0.048587504 -0.058289471 -0.067991439 -0.077693406 -0.081311185 -0.080970819 -0.080630453 -0.080290088 -0.079949722 -0.079609356 -0.070942238 -0.060836031 -0.050729824 -0.040623617 -0.03051741
-9999 -0.044036066 -0.042378961 -0.040721856 -0.039064751 -0.03764182 -0.041257766 -0.04058761 -0.034970743 -0.029353875 -0.023737008 -0.018120141 -0.011294848 -0.0058266506 -0.0033060328 -0.0074637574 -0.013518646 -0.019573534 -0.025628423 -0.030309993 -0.031823259 -0.033336525 -0.034849791 -0.036363057 -0.038685112 -0.039129861 -0.034086315 -0.035109213 -0.03822667 -0.041344128 -0.044461585 -0.044507608 -0.038632886 -0.032758165 -0.026883443 -0.021008721 -0.024433077 -0.030790796 -0.040492763 -0.050194731 -0.059896698 -0.069311285 -0.075601894 -0.079389721 -0.081133308 -0.080792942 -0.080452576 -0.080112211 -0.079771845 -0.071104727 -0.06099852 -0.050892313 -0.040786106 -0.042339651
-9999 -0.048140676 -0.046483571 -0.044826467 -0.045268074 -0.04888402 -0.052499966 -0.05182981 -0.046212943 -0.040596075 -0.034626126 -0.027686022 -0.020745917 -0.01527772 -0.012757102 -0.010236484 -0.011552221 -0.01760711 -0.023661998 -0.028343568 -0.029856834 -0.0313701 -0.033037494 -0.035529923 -0.038022351 -0.0384671 -0.033423555 -0.028380009 -0.026879382 -0.02999684 -0.033114297 -0.03316032 -0.027285598 -0.021410877 -0.01800004 -0.022020172 -0.026040304 -0.032398023 -0.04209999 -0.051801958 -0.060237391 -0.066528 -0.072818609 -0.076606436 -0.078595045 -0.080583654 -0.080615065 -0.0802747 -0.079934334 -0.071267216 -0.061161009 -0.051054802 -0.056801738 -0.063977387
-9999 -0.052245287 -0.050588182 -0.052894328 -0.056510274 -0.06012622 -0.063742166 -0.06307201 -0.057455143 -0.0510173 -0.044077195 -0.037137091 -0.030196986 -0.024728789 -0.022208171 -0.019687553 -0.017166935 -0.015640685 -0.021695573 -0.026377143 -0.027890409 -0.029882305 -0.032374734 -0.034867163 -0.037359591 -0.03780434 -0.032760794 -0.027717248 -0.022673703 -0.018649552 -0.021767009 -0.021813032 -0.015938311 -0.015587135 -0.019607267 -0.023627399 -0.027647531 -0.03400525 -0.043707217 -0.051163498 -0.057454107 -0.063744716 -0.070035325 -0.073823152 -0.07581176 -0.077800369 -0.079788978 -0.080437189 -0.080096823 -0.071429705 -0.064088177 -0.071263825 -0.078439474 -0.085615122
-9999 -0.056904636 -0.060520582 -0.064136528 -0.067752474 -0.07136842 -0.074984366 -0.07431421 -0.067408474 -0.060468369 -0.053528265 -0.04658816 -0.039648055 -0.034179858 -0.03165924 -0.029138622 -0.026618004 -0.024097387 -0.021576769 -0.024410719 -0.026727117 -0.029219545 -0.031711974 -0.034204402 -0.036696831 -0.03714158 -0.032098034 -0.027054488 -0.022010942 -0.016967396 -0.011923851 -0.010465744 -0.013174229 -0.017194362 -0.021214494 -0.025234626 -0.029254758 -0.035612477 -0.042089604 -0.048380213 -0.054670822 -0.060961431 -0.06725204 -0.071039867 -0.073028476 -0.075017085 -0.077005693 -0.078994302 -0.080259312 -0.078550264 -0.085725912 -0.092901561 -0.10007721 -0.10725286
-9999 -0.06396165 -0.067577596 -0.071193542 -0.074809488 -0.078425435 -0.082295621 -0.086632067 -0.084408919 -0.077468815 -0.07052871 -0.063588605 -0.0566485 -0.050662891 -0.047310346 -0.044789728 -0.04226911 -0.039748492 -0.037227875 -0.036223127 -0.038715555 -0.041207984 -0.043700412 -0.046192841 -0.047973706 -0.046514659 -0.045308929 -0.040265383 -0.035221838 -0.030178292 -0.025134746 -0.023187056 -0.027207188 -0.03122732 -0.035247452 -0.039267585 -0.042541916 -0.046369734 -0.05320886 -0.059499469 -0.065790078 -0.072080687 -0.078371296 -0.079486223 -0.080356791 -0.0823454 -0.084334009 -0.086322617 -0.088311226 -0.089637252 -0.0968129 -0.10398855 -0.1111642 -0.11833985
