mean_models/J1_mean__temp2_slide_300.dat.tif
NCOLS 118
NROWS 92
XLLCORNER 139.62
YLLCORNER -39.07
DX 0.099491525
DY 0.099347826
NODATA_VALUE -9999
[rows 27 to 53 of 92, columns 0 to 59 of 118]
-9999 1250.7466 1249.372 1247.1787 1240.1099 1233.0411 1225.9723 1221.4032 1219.719 1218.0348 1216.3506 1216.8836 1218.025 1221.6865 1230.3946 1239.1028 1247.811 1253.203 1257.2656 1259.0598 1255.6207 1252.1816 1255.0089 1258.6032 1262.1975 1261.8991 1251.1672 1240.4352 1229.7033 1232.3112 1240.2938 1245.8851 1246.8669 1247.8487 1258.6028 1269.6558 1280.7088 1293.6058 1309.1409 1324.676 1340.2111 1342.3812 1343.275 1333.6328 1316.4166 1299.2004 1284.9904 1288.7243 1292.4582 1306.967 1323.338 1339.709 1347.4589 1345.6684 1341.4694 1328.9274 1316.3855 1303.8435 1293.3055 1283.1321
-9999 1259.6884 1255.8096 1248.7408 1241.672 1234.6032 1227.5344 1222.9653 1221.2811 1219.5969 1217.9127 1216.2286 1215.9251 1219.5866 1228.2948 1237.003 1245.7111 1254.4193 1261.0877 1262.8819 1260.6083 1264.2026 1267.7969 1271.3912 1274.9855 1274.6871 1263.9551 1253.2232 1242.4913 1231.7593 1229.623 1235.2143 1238.4504 1249.5034 1260.5564 1271.6094 1282.6624 1295.5594 1311.0945 1326.6296 1342.1647 1357.6997 1363.2705 1353.6284 1336.4121 1319.1959 1301.9797 1284.7635 1287.0829 1301.5917 1317.9627 1334.3336 1350.7046 1361.901 1357.702 1345.16 1332.618 1320.0761 1307.5341 1296.5466
-9999 1265.9862 1258.9174 1251.8486 1244.7798 1237.711 1230.6422 1225.5707 1223.8865 1222.2023 1220.5182 1218.834 1217.1498 1219.5659 1228.2741 1236.9823 1245.6904 1254.3986 1263.1067 1270.2686 1273.8629 1277.4571 1281.0514 1284.6457 1288.24 1290.9954 1280.2634 1269.5315 1258.7996 1248.0676 1237.3357 1234.0448 1245.0978 1256.1508 1267.2038 1278.2568 1289.3098 1298.3022 1313.8372 1329.3723 1344.9074 1360.4425 1375.9776 1372.0343 1354.8181 1337.6018 1320.3856 1303.1694 1285.9532 1295.5334 1311.9044 1328.2754 1344.6464 1361.0173 1371.9739 1359.4319 1346.8899 1334.3479 1321.806 1309.264
-9999 1281.8193 1274.7505 1267.6817 1260.6129 1253.5441 1245.5488 1239.2445 1235.0811 1233.3969 1231.7128 1230.0286 1228.3444 1231.6631 1245.0002 1254.0777 1262.7859 1271.494 1280.2022 1287.364 1290.9583 1294.5526 1298.1469 1301.7412 1292.9106 1290.5203 1320.7381 1314.8202 1304.0882 1293.3563 1282.6244 1279.3334 1290.3864 1301.4395 1312.4925 1323.5455 1318.0654 1315.415 1323.077 1338.6121 1354.1472 1369.6823 1385.2174 1379.8154 1360.1376 1342.9214 1325.7052 1308.4889 1291.2727 1290.5117 1300.2245 1316.5955 1332.9664 1349.3374 1361.0785 1356.7823 1345.0205 1332.4785 1319.9365 1307.3946
-9999 1297.6524 1290.5836 1283.5148 1276.2437 1268.1461 1260.0485 1253.7442 1249.5098 1245.2754 1242.9074 1241.2232 1239.539 1242.8577 1256.1948 1269.532 1279.8813 1288.5895 1297.2976 1304.4594 1308.0537 1311.648 1315.2423 1301.4248 1286.8685 1284.4783 1314.696 1344.9138 1349.3769 1338.6449 1327.913 1324.6221 1335.6751 1346.7281 1356.662 1347.0666 1337.4712 1334.8208 1342.1059 1349.3911 1363.387 1378.922 1394.4571 1389.0552 1368.6018 1348.2409 1331.0247 1313.8085 1296.5923 1295.8313 1297.9142 1304.9156 1321.2865 1337.6575 1349.3986 1345.1023 1340.8061 1330.6091 1318.0671 1305.5251
-9999 1313.4855 1306.4167 1298.8411 1290.7434 1282.6458 1274.5482 1268.2439 1264.0095 1259.7751 1255.5407 1252.4178 1250.7336 1254.0523 1267.3894 1280.7266 1294.0638 1305.6849 1314.3931 1321.5549 1325.1492 1324.4953 1309.939 1295.3827 1280.8265 1278.4362 1308.654 1338.8718 1369.0895 1383.9336 1373.2017 1369.9108 1380.9638 1385.6631 1376.0678 1366.4724 1356.877 1354.2266 1361.5118 1368.7969 1376.0821 1388.1618 1403.6969 1398.2949 1377.8416 1357.3882 1336.9348 1319.128 1301.9118 1301.1508 1303.2337 1305.3167 1309.6066 1325.9776 1337.7187 1333.4224 1329.1262 1324.8299 1316.1977 1303.6557
-9999 1329.3185 1321.4384 1313.3408 1305.2431 1297.1455 1289.0479 1282.7437 1278.5092 1274.2748 1270.0404 1265.806 1261.9282 1265.2469 1278.584 1291.9212 1305.2584 1318.5956 1331.4885 1338.6503 1333.0095 1318.4533 1303.897 1289.3407 1274.7844 1272.3942 1302.612 1332.8297 1363.0475 1393.2653 1418.4903 1415.1994 1414.6643 1405.0689 1395.4736 1385.8782 1376.2828 1373.6324 1380.9176 1388.2027 1395.4879 1402.7731 1412.9367 1407.5347 1387.0813 1366.628 1346.1746 1325.7212 1307.2314 1306.4704 1308.5533 1310.6362 1312.7191 1314.8021 1326.0387 1321.7425 1317.4462 1313.15 1308.8537 1301.7863
-9999 1335.2059 1327.1083 1319.0107 1310.913 1302.8154 1294.7178 1288.3921 1283.6226 1279.3882 1275.1538 1270.9194 1266.6849 1273.3694 1289.119 1302.4562 1315.7934 1329.1305 1342.4677 1347.3703 1332.8141 1318.2578 1303.7015 1289.1452 1274.589 1268.2671 1290.7232 1320.9409 1351.1587 1381.3765 1411.5942 1428.2131 1418.6178 1409.0224 1399.427 1389.8317 1380.2363 1378.1523 1384.5157 1391.8009 1399.0861 1406.3713 1413.6565 1416.7091 1396.2557 1375.8024 1355.349 1334.8956 1314.4423 1319.1668 1321.2497 1323.3326 1325.4155 1327.4985 1325.4664 1318.3545 1314.0582 1309.762 1305.4657 1301.1695
-9999 1326.313 1318.2154 1310.1177 1302.0201 1297.9337 1303.7531 1297.9278 1278.663 1269.0211 1264.7866 1260.5522 1256.3178 1263.0022 1291.5523 1311.9033 1325.2405 1338.5777 1351.9148 1356.8174 1342.2612 1327.7049 1313.1486 1299.3996 1297.1083 1293.6889 1287.2459 1299.4092 1329.627 1359.8448 1390.0625 1406.6814 1397.0861 1387.4907 1377.8953 1370.6639 1374.5299 1373.8614 1366.7055 1369.328 1376.6132 1383.8984 1391.1836 1397.1604 1402.1968 1384.8689 1364.4156 1343.9622 1323.5088 1333.3503 1346.1126 1348.1955 1350.2784 1352.3613 1350.3292 1334.0432 1324.3459 1320.0497 1315.7534 1311.4572
-9999 1317.4201 1309.3224 1301.2248 1301.6499 1307.4693 1313.2888 1307.4635 1288.1986 1268.9338 1254.4195 1250.185 1245.9506 1252.6351 1281.1851 1309.7352 1334.6876 1348.0248 1361.3619 1366.2646 1351.7083 1337.152 1327.1127 1324.8214 1322.5301 1319.1107 1312.6677 1306.2247 1308.0953 1338.3131 1368.5308 1385.1497 1375.5544 1365.959 1362.5069 1366.3729 1370.2389 1369.5704 1362.4145 1355.2587 1354.1403 1361.4255 1368.7106 1374.6875 1379.7239 1384.7603 1373.4821 1353.0288 1332.5754 1342.4169 1357.4941 1372.5713 1375.1413 1377.2242 1375.1921 1358.9061 1342.62 1330.3374 1326.0411 1321.7448
-9999 1308.5271 1300.4295 1305.3661 1311.1856 1317.005 1322.8244 1316.9991 1297.7343 1278.4695 1259.2047 1239.9398 1235.5835 1242.2679 1270.818 1299.3681 1327.9182 1356.4683 1370.8091 1375.7117 1361.1554 1354.8258 1352.5345 1350.2432 1347.9519 1344.5325 1338.0895 1331.6465 1325.2035 1318.7605 1346.9991 1363.6181 1354.0227 1354.3499 1358.216 1362.082 1365.948 1365.2794 1358.1236 1350.9677 1343.8119 1338.9526 1346.2377 1352.2146 1357.251 1362.2874 1367.3237 1362.0953 1341.642 1351.4834 1366.5607 1381.6379 1396.7151 1402.0871 1400.055 1383.7689 1367.4829 1351.1968 1336.3288 1332.0325
-9999 1303.2629 1309.0823 1314.9018 1320.7212 1326.5407 1332.3601 1326.5348 1307.27 1288.0051 1268.7403 1249.4755 1230.2107 1231.9007 1260.4508 1289.0009 1317.551 1346.1011 1374.6512 1385.1588 1382.5389 1380.2476 1377.9563 1375.665 1373.3737 1369.9543 1363.5113 1357.0683 1350.6253 1344.1823 1337.7393 1342.327 1346.193 1350.059 1353.925 1357.791 1361.657 1360.9885 1353.8326 1346.6768 1339.5209 1332.3651 1325.2093 1329.7417 1334.7781 1339.8144 1344.8508 1349.8872 1350.7086 1360.55 1375.6272 1390.7045 1405.7817 1420.8589 1424.9179 1408.6318 1392.3458 1376.0597 1359.7737 1343.4876
-9999 1302.47 1308.2894 1314.1088 1319.9283 1325.7477 1333.7042 1330.4025 1311.1376 1291.8728 1272.608 1253.3432 1234.3124 1227.7654 1249.2206 1277.7706 1306.3207 1334.8708 1363.4209 1382.645 1380.3537 1378.0624 1375.7712 1373.4799 1370.4381 1367.1804 1366.7718 1360.3288 1353.8858 1347.4428 1340.9998 1338.078 1341.944 1345.81 1349.676 1353.542 1359.0327 1360.9595 1353.8036 1346.6478 1339.4919 1332.3361 1328.5777 1326.7303 1329.1126 1334.1489 1339.1853 1344.2217 1349.258 1362.8557 1377.9329 1393.0101 1408.0873 1420.6058 1413.6628 1397.3767 1381.0907 1364.8046 1348.5185 1336.7139
-9999 1298.1838 1304.0032 1309.8226 1315.6421 1325.1255 1335.6549 1332.3531 1313.0883 1293.8235 1274.5587 1255.763 1237.2237 1230.6767 1248.1451 1266.2485 1294.7985 1323.3486 1351.8987 1371.1228 1368.8315 1366.5403 1364.249 1360.2808 1354.9265 1351.6688 1354.0306 1356.094 1349.651 1343.208 1336.765 1333.8432 1337.7092 1341.5752 1345.4412 1352.1699 1360.4452 1362.3719 1355.2161 1348.0603 1340.9044 1338.8301 1338.1752 1336.3277 1333.6229 1334.168 1339.2043 1344.2407 1349.2771 1362.8747 1377.9519 1393.0291 1401.3809 1397.1351 1390.1921 1373.906 1357.6199 1341.3339 1331.4474 1324.0566
-9999 1293.8975 1299.717 1306.0172 1316.5467 1327.0761 1337.6056 1334.3038 1315.039 1295.7742 1277.2137 1258.6744 1240.135 1233.588 1251.0564 1268.5248 1285.9932 1311.8264 1340.3765 1359.6006 1357.3094 1355.0181 1350.1234 1344.7691 1339.4148 1336.1571 1338.519 1340.8808 1343.2426 1338.9731 1332.5301 1329.6084 1333.4744 1337.3404 1345.307 1353.5823 1361.8577 1363.7844 1356.6286 1349.7374 1349.0825 1348.4275 1347.7726 1345.9251 1343.2204 1340.5156 1339.2233 1344.2597 1349.2961 1362.8937 1377.9709 1382.156 1377.9102 1373.6644 1366.7213 1350.4353 1334.1492 1326.1808 1318.79 1311.3992
-9999 1289.6113 1297.4384 1307.9679 1318.4973 1329.0268 1339.5563 1336.2545 1317.2037 1298.6644 1280.125 1261.5857 1243.0463 1236.4993 1253.9677 1271.4361 1288.9045 1306.3729 1328.8543 1348.0785 1345.3204 1339.9661 1334.6118 1329.2575 1323.9032 1320.6455 1323.0073 1325.3691 1327.731 1330.0928 1328.2953 1325.3735 1330.1688 1338.4441 1346.7195 1354.9948 1363.2701 1365.1969 1359.9897 1359.3348 1358.6799 1358.025 1357.37 1355.5226 1352.8178 1350.113 1347.4082 1344.7035 1349.3151 1362.9127 1362.9311 1358.6853 1354.4395 1350.1937 1343.2506 1328.3051 1320.9143 1313.5235 1306.1327 1298.7419
-9999 1291.114 1301.6435 1312.173 1322.7024 1333.2319 1343.7614 1340.6372 1322.0979 1303.5585 1285.0192 1266.4798 1247.9405 1239.9414 1257.4098 1274.8782 1292.3465 1309.8149 1327.2833 1337.8505 1332.4962 1327.1419 1321.7876 1316.4333 1311.079 1307.4241 1309.786 1312.1478 1314.5096 1316.8714 1319.2333 1323.615 1331.8903 1340.1656 1348.441 1356.7163 1364.9916 1369.3435 1368.6886 1368.0336 1367.3787 1366.7238 1366.0688 1366.073 1363.3682 1360.6634 1357.9587 1355.2539 1352.5491 1346.5674 1342.3216 1338.0758 1333.83 1329.5842 1325.8005 1318.4097 1311.019 1303.6282 1296.2374 1288.8466
-9999 1312.322 1322.8515 1333.381 1343.9104 1354.4399 1345.091 1340.0796 1341.9467 1323.4074 1304.868 1286.3287 1267.7893 1258.0016 1265.7394 1282.3229 1299.7913 1317.2597 1334.7281 1345.2952 1339.9409 1334.5866 1329.2323 1323.878 1316.2795 1310.8285 1313.7643 1316.1999 1318.5617 1320.9236 1323.2854 1327.6671 1335.9424 1344.2177 1352.4931 1360.7684 1369.6298 1373.6426 1370.61 1369.9551 1369.3001 1368.6452 1367.9903 1373.7411 1381.1062 1378.4015 1375.6967 1372.9919 1370.2872 1354.2519 1343.2919 1339.0461 1334.8003 1330.5545 1327.4805 1328.4659 1321.9548 1314.564 1307.1732 1299.7824
-9999 1333.53 1344.0595 1354.589 1360.5858 1349.3175 1338.0492 1333.0377 1335.2474 1337.4571 1324.7169 1306.1775 1287.6382 1277.8504 1285.5882 1293.326 1307.236 1324.7044 1342.1728 1352.74 1347.3857 1342.0314 1336.6771 1328.1922 1319.6121 1314.1611 1317.0969 1320.0327 1322.6139 1324.9757 1327.3375 1331.7192 1339.9945 1348.2699 1356.5923 1365.5897 1374.5871 1378.5998 1375.4813 1372.3627 1371.2216 1370.5666 1369.9117 1375.6625 1386.0184 1396.1395 1393.4347 1390.73 1388.0252 1371.9899 1353.6508 1340.0163 1335.7705 1331.5247 1328.4508 1329.4361 1330.4214 1325.4999 1318.1091 1310.7183
-9999 1354.7381 1365.2675 1364.8123 1353.544 1342.2756 1331.0073 1325.9958 1328.2055 1330.4152 1332.6249 1326.0264 1307.487 1297.6993 1305.4371 1313.1749 1320.9126 1332.1492 1349.6176 1360.1847 1354.8304 1348.6851 1340.105 1331.5248 1322.9447 1317.4936 1320.4295 1323.3653 1326.3012 1329.0278 1331.3896 1335.7713 1344.0467 1352.5521 1361.5495 1370.5469 1379.5443 1383.5571 1380.4385 1377.32 1374.2014 1372.4881 1371.8331 1377.584 1387.9398 1398.2957 1408.6515 1408.468 1405.7632 1389.7279 1371.3888 1353.0497 1336.7407 1332.4949 1329.421 1330.4063 1331.3916 1332.377 1329.045 1321.6542
-9999 1375.9461 1369.0387 1357.7704 1346.5021 1335.2338 1323.9655 1318.954 1321.1637 1323.3734 1325.5831 1327.7927 1327.3359 1317.5481 1325.2859 1333.0237 1340.7615 1348.4993 1357.0623 1367.6295 1360.5978 1352.0177 1343.4375 1334.8574 1326.2772 1320.8262 1323.7621 1326.6979 1329.6338 1332.5696 1335.4418 1339.8234 1348.5119 1357.5093 1366.5068 1375.5042 1384.5016 1388.5143 1385.3958 1382.2772 1379.1587 1376.0401 1373.7546 1379.5054 1389.8612 1400.2171 1410.5729 1420.9288 1423.5012 1407.466 1389.1268 1370.7877 1352.4486 1334.1094 1330.3912 1331.3765 1332.3619 1333.3472 1334.3325 1332.59
-9999 1376.7243 1365.456 1354.1876 1342.9193 1331.651 1320.3827 1315.1577 1317.3674 1319.5771 1321.7868 1323.9965 1326.2062 1324.0401 1331.8147 1339.5525 1347.2903 1355.0281 1362.7659 1365.5694 1356.9892 1348.4091 1339.8289 1331.2488 1322.6686 1322.7144 1324.7494 1327.6853 1330.6211 1333.557 1336.4928 1341.4991 1350.4965 1359.4939 1368.4913 1377.4887 1386.4861 1386.2182 1383.0996 1379.9811 1376.8625 1373.744 1372.5959 1373.1989 1383.5548 1393.9106 1404.2665 1414.6223 1424.9782 1410.8675 1392.5284 1374.1892 1355.8501 1337.511 1335.7834 1336.7688 1337.7541 1338.7394 1339.7247 1341.5236
-9999 1378.6388 1367.3705 1356.1022 1344.8339 1333.4265 1321.7497 1316.5194 1318.7291 1320.9388 1323.1485 1322.8406 1313.0288 1309.1295 1317.0706 1324.9126 1332.6504 1340.3882 1348.126 1350.9295 1342.3493 1333.7692 1325.189 1318.102 1322.2468 1325.0167 1324.1013 1324.9455 1327.8813 1330.8172 1333.753 1338.7593 1347.7567 1356.7541 1365.7515 1372.8333 1373.3649 1372.3947 1369.2761 1366.1576 1363.039 1369.0647 1390.9395 1388.7605 1369.2894 1374.5281 1384.8839 1395.2398 1405.5956 1391.485 1373.1458 1354.8067 1336.4676 1342.3541 1348.2032 1349.1886 1350.1739 1351.1592 1355.5786 1367.3637
-9999 1380.5534 1369.285 1358.0167 1346.4649 1334.7882 1323.1115 1317.8812 1320.0909 1322.3005 1317.7418 1307.93 1298.1182 1294.219 1302.1601 1310.1011 1318.0105 1325.7483 1333.4861 1336.2896 1327.7094 1319.1293 1316.2594 1320.4042 1324.549 1327.3189 1326.4036 1325.4882 1325.1415 1328.0774 1331.0132 1336.0195 1345.0169 1354.0143 1358.4783 1359.0099 1359.5414 1358.5712 1355.4527 1352.3341 1365.5336 1387.4083 1409.2831 1407.104 1387.633 1368.162 1365.5014 1375.8572 1386.2131 1372.1024 1353.7633 1340.2673 1347.5206 1354.7739 1360.623 1361.6084 1362.5937 1369.6336 1381.4188 1393.2039
-9999 1382.4679 1371.1801 1359.5033 1347.8266 1336.1499 1324.4732 1319.2429 1321.4526 1312.6431 1302.8313 1293.0195 1283.2076 1279.3084 1287.2495 1295.1906 1303.1317 1311.0727 1318.8462 1321.6497 1313.0695 1314.4168 1318.5616 1322.7064 1326.8512 1329.6211 1328.7058 1327.7905 1326.8751 1325.9598 1328.2734 1333.2797 1342.2771 1344.1233 1344.6549 1345.1864 1345.7179 1344.7477 1341.6292 1362.0024 1383.8772 1405.7519 1427.6267 1425.4476 1405.9766 1386.5056 1367.0346 1356.4747 1366.8305 1352.7199 1345.4339 1352.6871 1359.9404 1367.1937 1373.0428 1374.0282 1383.6886 1395.4738 1407.2589 1419.044
-9999 1384.2185 1372.5418 1360.8651 1349.1884 1337.5116 1325.8349 1317.3562 1307.5444 1297.7325 1287.9207 1278.1089 1268.2971 1264.3978 1272.3389 1280.28 1288.2211 1296.1622 1304.1033 1308.4294 1312.5742 1316.719 1320.8638 1325.0086 1329.1534 1331.9233 1331.008 1330.0927 1329.1774 1328.262 1327.3467 1329.2368 1329.7683 1330.2999 1330.8314 1331.3629 1331.8944 1336.5965 1358.4712 1380.346 1402.2207 1424.0955 1445.9702 1443.7912 1424.3202 1404.8492 1385.3782 1365.9071 1347.448 1350.6004 1357.8537 1365.1069 1372.3602 1379.6135 1385.9585 1397.7437 1409.5288 1421.3139 1433.099 1444.8842
-9999 1368.1261 1356.4494 1344.7727 1333.0959 1321.4192 1310.4051 1300.1871 1290.3752 1280.5634 1270.7516 1260.9398 1265.189 1277.4831 1276.3304 1284.2715 1292.2126 1300.1537 1308.0947 1314.8879 1319.0327 1323.1775 1327.3223 1331.4672 1336.1814 1337.0552 1327.1284 1326.2131 1325.2978 1324.3824 1323.4671 1323.046 1323.5775 1324.109 1324.6406 1325.1721 1329.4547 1343.108 1364.9828 1386.8575 1408.7323 1430.607 1445.1752 1441.9356 1425.3966 1405.9256 1386.4546 1366.9836 1347.5126 1350.8278 1358.0811 1365.3343 1372.5876 1375.9772 1372.9497 1384.7348 1396.52 1408.3051 1420.0902 1440.4334
