mean_models/J1_mean_vp_slide_diff2_340.dat.tif
NCOLS 118
NROWS 92
XLLCORNER 139.62
YLLCORNER -39.07
DX 0.099491525
DY 0.099347826
NODATA_VALUE -9999
[rows 48 to 71 of 92, columns 0 to 53 of 118]
-9999 -0.021583478 -0.012620923 -0.0036583673 0.0053041881 0.014266744 0.023229299 0.027814865 0.023946276 0.020077686 0.016209097 0.012340508 0.0084719183 0.01056183 0.01102976 0.010449724 0.0098696883 0.0092896527 0.0087096171 0.008087864 0.0073698668 0.0066518697 0.0059338725 0.0052158753 0.0044978781 -0.0035438058 -0.00039878548 0.0043189677 0.009036721 0.013754474 0.018472227 0.01933924 0.012783255 0.006227269 -0.00032871668 -0.0068847023 -0.013440688 -0.018542723 -0.020606143 -0.022669563 -0.024732983 -0.026796403 -0.028505656 -0.024818644 -0.027581018 -0.030343391 -0.033105765 -0.035868138 -0.038630512 -0.035470602 -0.031287161 -0.02710372 -0.022920279 -0.018736838
-9999 -0.02691934 -0.017956784 -0.0089942286 -3.1673214e-05 0.0099599905 0.021943989 0.026568822 0.022700233 0.018831644 0.014963054 0.012270886 0.014019653 0.016919428 0.022124162 0.024509207 0.023929172 0.023349136 0.022769101 0.022147348 0.02142935 0.020711353 0.019993356 0.017684013 0.0034038282 -0.0075411208 -0.0095468025 -0.0084807854 -0.0037630322 0.00095472107 0.0056724743 0.0065394871 -1.6498549e-05 -0.0065724842 -0.01312847 -0.019860926 -0.027196824 -0.032363551 -0.034426971 -0.036490391 -0.038553811 -0.038973676 -0.036544882 -0.032040978 -0.026045305 -0.027305114 -0.030067487 -0.032829861 -0.035592234 -0.032432325 -0.028248884 -0.024065443 -0.019882002 -0.021282995
-9999 -0.032255201 -0.023292645 -0.01433009 -0.003270051 0.0087139479 0.020697947 0.02532278 0.021454191 0.017585601 0.016879717 0.018628485 0.020377252 0.023277027 0.02848176 0.033686493 0.037988655 0.03740862 0.036828584 0.036206831 0.035488834 0.034770837 0.027966882 0.013686698 -0.00059348674 -0.011538436 -0.013544117 -0.015549799 -0.016562785 -0.011845032 -0.0071272788 -0.0062602661 -0.012816252 -0.019372237 -0.026345856 -0.033681754 -0.041017652 -0.046184379 -0.048247799 -0.050311219 -0.049441696 -0.047012902 -0.044584108 -0.040080204 -0.034084531 -0.028088857 -0.02702921 -0.029791584 -0.032553957 -0.029394047 -0.025210606 -0.022143602 -0.023859653 -0.025575704
-9999 -0.037591062 -0.028484091 -0.016500092 -0.0045160935 0.0074679054 0.019451904 0.024076737 0.020208148 0.021488548 0.023237316 0.024986083 0.026734851 0.029634625 0.034839359 0.040044092 0.045248825 0.050453559 0.050888068 0.050266315 0.049548318 0.038249752 0.023969567 0.0096893827 -0.0045908017 -0.015535751 -0.017541432 -0.019547114 -0.021552796 -0.023558478 -0.019927032 -0.019060019 -0.025616005 -0.032830786 -0.040166684 -0.047502582 -0.05483848 -0.060005207 -0.062068627 -0.059909716 -0.057480922 -0.055052128 -0.052623334 -0.04811943 -0.042123757 -0.036128083 -0.03013241 -0.026753306 -0.02951568 -0.02635577 -0.02472026 -0.026436311 -0.028152362 -0.029868413
-9999 -0.041714133 -0.029730134 -0.017746135 -0.005762136 0.0062218629 0.018205862 0.024348612 0.026097379 0.027846147 0.029594914 0.031343682 0.033092449 0.035992224 0.041196957 0.046401691 0.051606424 0.056811157 0.062015891 0.062812806 0.048532621 0.034252437 0.019972252 0.0056920678 -0.0085881167 -0.019533066 -0.021538747 -0.023544429 -0.025550111 -0.027555793 -0.029561474 -0.031979818 -0.039315716 -0.046651614 -0.053987512 -0.06132341 -0.068659308 -0.07280653 -0.070377736 -0.067948942 -0.065520148 -0.063091354 -0.06066256 -0.056158656 -0.050162983 -0.044167309 -0.038171636 -0.032175962 -0.026477402 -0.027296918 -0.029012969 -0.03072902 -0.032445071 -0.034161122
-9999 -0.028931224 -0.016947225 -0.0049632259 0.007020773 0.019004772 0.027839699 0.032253721 0.034002488 0.035751256 0.037500023 0.039248791 0.032587516 0.022039337 0.02384051 0.029045244 0.034249977 0.03945471 0.044659444 0.04397223 0.029692045 0.015411861 0.0011316765 -0.013148508 -0.021663691 -0.017263622 -0.0055672764 -0.0075729581 -0.0095786398 -0.011584322 -0.013590003 -0.017416312 -0.02475221 -0.032088108 -0.039424007 -0.046759905 -0.057271711 -0.06426562 -0.061836826 -0.059408032 -0.056979238 -0.054550444 -0.05685913 -0.056150206 -0.050807706 -0.044812033 -0.038816359 -0.032820686 -0.026825012 -0.027404668 -0.029120719 -0.03083677 -0.032552821 -0.033120207
-9999 -0.013801198 -0.0018171988 0.0101668 0.022150799 0.029280371 0.036003715 0.040417737 0.042166504 0.043915271 0.045664039 0.033170274 0.016927059 0.0063788795 0.0072353357 0.0080917919 0.012926046 0.018130779 0.023335513 0.022648299 0.0083681144 -0.0059120701 -0.020192255 -0.024207642 -0.023610693 -0.019210624 -0.0046172406 0.0099761427 0.0097337137 0.007728032 0.0057223503 0.001896041 -0.005439857 -0.012775755 -0.020111653 -0.032376601 -0.045956857 -0.052950766 -0.050521972 -0.048093178 -0.045664384 -0.049831491 -0.054576722 -0.053867798 -0.049237951 -0.044219617 -0.038223944 -0.03222827 -0.026232597 -0.026812253 -0.028528304 -0.030244355 -0.029878544 -0.027266892
-9999 0.0013288283 0.013312827 0.023997699 0.030721043 0.037444387 0.04416773 0.048581752 0.05033052 0.049996246 0.033753032 0.017509817 0.0012666021 -0.0092815775 -0.0084251213 -0.007568665 -0.0067122088 -0.0031931518 0.0020115816 0.0013243679 -0.012955817 -0.027236001 -0.026751592 -0.026154643 -0.025557694 -0.021157625 -0.006564242 0.0080291412 0.022622524 0.027040385 0.025034704 0.021208395 0.013872497 0.0060987642 -0.0074814918 -0.021061748 -0.034642004 -0.041635913 -0.039207119 -0.03805862 -0.042803851 -0.047549083 -0.052294314 -0.05158539 -0.046955543 -0.042325696 -0.037631529 -0.031635855 -0.025640182 -0.026219837 -0.027935888 -0.026636882 -0.02402523 -0.021413577
-9999 0.016458854 0.025438371 0.032161715 0.038885059 0.045608402 0.052331746 0.056745768 0.050579004 0.034335789 0.018092575 0.0018493599 -0.014393855 -0.024942034 -0.024085578 -0.023229122 -0.022372666 -0.02151621 -0.019312349 -0.019999563 -0.029892492 -0.029295543 -0.028698594 -0.028101645 -0.027504695 -0.023104627 -0.0085112434 0.0060821398 0.020675523 0.035268906 0.044347057 0.040520748 0.030993874 0.017413618 0.0038333617 -0.0097468942 -0.02332715 -0.030321059 -0.031030981 -0.035776212 -0.040521443 -0.045266674 -0.050011905 -0.049302981 -0.044673134 -0.040043288 -0.035413441 -0.030783594 -0.025047766 -0.025627422 -0.02339522 -0.020783568 -0.018171915 -0.015560262
-9999 0.024627231 0.031350575 0.038073919 0.044797262 0.051520606 0.05824395 0.055674446 0.039431231 0.023188016 0.0069448013 -0.0092984134 -0.025541628 -0.037112058 -0.036255602 -0.035399145 -0.034542689 -0.033686233 -0.032829777 -0.032051792 -0.031454842 -0.030857893 -0.030260944 -0.029663995 -0.029067046 -0.026544167 -0.012070394 0.0025229895 0.017116373 0.031709756 0.046303139 0.051273329 0.037693073 0.024112817 0.010532561 -0.0030476951 -0.016627951 -0.024406154 -0.029151386 -0.033896617 -0.038641848 -0.043387079 -0.04813231 -0.044946136 -0.040316289 -0.035686442 -0.031056595 -0.026426749 -0.021796902 -0.020666799 -0.018055147 -0.015443494 -0.012831842 -0.010220189
-9999 0.022848464 0.029571807 0.036295151 0.043018495 0.048825265 0.048179549 0.045786773 0.041377668 0.027453129 0.011209914 -0.0050333009 -0.021276516 -0.032953791 -0.035487508 -0.035647736 -0.034791279 -0.033934823 -0.033078367 -0.032300382 -0.031703433 -0.031106484 -0.030509534 -0.029912585 -0.031013752 -0.029291907 -0.019524031 -0.0065423893 0.008050994 0.022644377 0.03723776 0.04220795 0.028627694 0.015047438 0.0014671821 -0.011775148 -0.0056387134 -0.0091718213 -0.026538582 -0.033392813 -0.038138044 -0.042883275 -0.047628506 -0.041888474 -0.02887429 -0.024244443 -0.019614596 -0.014984749 -0.010354902 -0.012835465 -0.014468028 -0.011856375 -0.0092447227 -0.0066330701
-9999 0.021069696 0.02779304 0.034516383 0.037717471 0.037071755 0.036426038 0.034033263 0.029624158 0.025215052 0.015475026 -0.00076818831 -0.017011403 -0.028688678 -0.031222396 -0.033756113 -0.03503987 -0.034183414 -0.033326957 -0.032548972 -0.031952023 -0.031355074 -0.031201243 -0.032481368 -0.033761492 -0.032039647 -0.022271771 -0.012503896 -0.0010143848 0.013578998 0.028172382 0.033142571 0.019562315 0.0059820593 -0.0011635267 0.0049729082 0.011109343 0.0075762352 -0.0097905252 -0.027157286 -0.03763424 -0.042379471 -0.047124702 -0.04138467 -0.028106915 -0.01482916 -0.0081725964 -0.0035427495 0.0010870973 -0.0013934656 -0.0051029005 -0.0082692564 -0.0056576038 -0.0030459513
-9999 0.019290928 0.026014272 0.026609677 0.025963961 0.025318245 0.024672528 0.022279753 0.017870648 0.013461542 0.0090524363 0.0034969242 -0.012746291 -0.024423565 -0.026957283 -0.029491 -0.032024718 -0.034432004 -0.033575548 -0.032797563 -0.032200613 -0.032668859 -0.033948984 -0.035229108 -0.036509232 -0.034787387 -0.025019512 -0.015251636 -0.0054837603 0.0045136197 0.019107003 0.024077193 0.010496937 0.0094480949 0.01558453 0.021720965 0.0278574 0.024324292 0.0069575314 -0.010409229 -0.027775989 -0.041875667 -0.046620899 -0.040880866 -0.027603111 -0.014325356 -0.0010476011 0.00789925 0.012529097 0.010048534 0.006339099 0.0026296641 -0.0010797709 0.00054116754
-9999 0.0161476 0.015501883 0.014856167 0.014210451 0.013564734 0.012919018 0.010526243 0.0061171374 0.0017080318 -0.0027010738 -0.0071101794 -0.011519285 -0.020158453 -0.02269217 -0.025225888 -0.027759605 -0.030293323 -0.03282704 -0.033046153 -0.034136475 -0.035416599 -0.036696724 -0.037976848 -0.039256972 -0.037535127 -0.027767252 -0.017999376 -0.0082315004 0.0015363752 0.011304251 0.015011814 0.020059716 0.026196151 0.032332586 0.038469021 0.044605456 0.041072348 0.023705588 0.0063388275 -0.011027933 -0.028394693 -0.045761454 -0.040377062 -0.027099307 -0.013821552 -0.00054379724 0.012733958 0.023971096 0.021490533 0.017781099 0.014071664 0.010362229 0.0066527937
-9999 0.01928758 0.018641864 0.017996148 0.017350431 0.016704715 0.010895814 0.0069743021 0.0079923499 0.0035832443 -0.00082586125 -0.0052349668 -0.0096440724 -0.0099172023 -0.0061792711 -0.0087129886 -0.011246706 -0.013780424 -0.016314141 -0.018468791 -0.019748915 -0.021029039 -0.022309164 -0.023589288 -0.024574076 -0.0283536 -0.034098655 -0.02433078 -0.014562904 -0.0047950284 0.0049728472 0.013500341 0.019636776 0.025773211 0.031909646 0.038046081 0.040140053 0.042103782 0.039895577 0.022528817 0.0051620563 -0.012204704 -0.029571464 -0.042095744 -0.035508426 -0.022230671 -0.0089529158 0.0043248391 0.017602594 0.017263471 0.013567669 0.0098582341 0.0061487992 0.0024393643
-9999 0.028904008 0.028258292 0.027612576 0.026966859 0.016678798 0.00336569 -0.00055582152 0.0063617753 0.011384919 0.0069758131 0.0025667076 -0.001842398 -0.0021155279 0.0058938715 0.013125871 0.010592154 0.0080584363 0.0055247187 0.003370069 0.0020899447 0.00080982044 -0.00047030386 -0.00096479466 -0.00076547997 -0.0045450037 -0.018988812 -0.032220542 -0.022452667 -0.012684791 -0.0029169156 0.0056105786 0.011747014 0.017883449 0.024019883 0.022254108 0.015908235 0.017871964 0.031723757 0.03847613 0.021109369 0.0037426089 -0.013624151 -0.026148431 -0.035191512 -0.034515581 -0.021237826 -0.0079600715 0.0053176835 0.0049785606 0.0022860712 -0.0011629722 -0.0048724071 -0.008581842
-9999 0.038520436 0.03787472 0.03577489 0.022461782 0.0091486741 -0.0041644337 -0.0080859452 -0.0011683484 0.0057492485 0.012666845 0.010368382 0.0059592764 0.0056861465 0.013695546 0.021704945 0.029714345 0.029897296 0.027363579 0.025208929 0.023928805 0.02264868 0.022644487 0.022843801 0.023043116 0.019263592 0.0048197837 -0.009624025 -0.024067834 -0.020574554 -0.010806678 -0.0022791842 0.0038572508 0.0099936857 0.0043681631 -0.0019777099 -0.0083235829 -0.0063598538 0.0074919396 0.021343733 0.035195526 0.019689922 0.0023231616 -0.010201118 -0.019244199 -0.028287281 -0.033522737 -0.020244982 -0.0069672271 -0.00730635 -0.0099988394 -0.012691329 -0.015893613 -0.019603048
-9999 0.048136864 0.041557874 0.028244766 0.014931658 0.0016185505 -0.011694557 -0.015616069 -0.008698472 -0.0017808752 0.0051367216 0.012054318 0.013760951 0.013487821 0.02149722 0.02950662 0.037516019 0.045525419 0.049202439 0.047047789 0.046054454 0.046253768 0.046453083 0.046652398 0.046851712 0.043072189 0.02862838 0.014184571 -0.0002592375 -0.014703046 -0.018696441 -0.010168947 -0.0071719087 -0.013517782 -0.019863655 -0.026209528 -0.032555401 -0.030591672 -0.016739878 -0.0028880849 0.010963708 0.024815502 0.018270475 0.0057461953 -0.0032968862 -0.012339968 -0.021383049 -0.030426131 -0.019252138 -0.019591261 -0.02228375 -0.024976239 -0.027668729 -0.030624255
-9999 0.044714765 0.031401657 0.018088549 0.0047754411 -0.0085376667 -0.021850774 -0.019712784 -0.012795187 -0.0058775902 0.0010400067 0.0079576035 0.0148752 0.014768443 0.022777843 0.030787242 0.038796641 0.046806041 0.05481544 0.060463187 0.060662502 0.060861817 0.061061131 0.061260446 0.061459761 0.061705985 0.047262176 0.032818367 0.018374559 0.00393075 -0.010513059 -0.022190877 -0.02853675 -0.034882623 -0.041228497 -0.04757437 -0.053920243 -0.047857777 -0.034005983 -0.02015419 -0.0063023963 0.0075493971 0.02140119 0.020854447 0.011811366 0.0027682845 -0.006274797 -0.015317878 -0.02436096 -0.027989269 -0.030681759 -0.033374248 -0.036066737 -0.038759227
-9999 0.021496736 0.0081836282 -0.0051294796 -0.018442587 -0.030568075 -0.017138676 -0.0067322177 0.00018537917 0.007102976 0.014020573 0.02093817 0.0086517395 -0.0020120135 -0.0057724615 -0.00036691166 0.0076424878 0.015651887 0.023661287 0.029309034 0.029508348 0.029707663 0.029906978 0.030106292 0.040962716 0.048005605 0.038810227 0.025713452 0.011269644 -0.003174165 -0.017617974 -0.029295792 -0.035641665 -0.041987538 -0.048333411 -0.054679285 -0.043449018 -0.030477426 -0.016625633 -0.0027738395 0.011077954 0.023621671 0.021945925 0.022211395 0.02274625 0.013703169 0.0046600871 -0.0043829944 -0.013426076 -0.017054385 -0.019746874 -0.022439364 -0.025131853 -0.036086605
-9999 -0.0017212925 -0.0150344 -0.028347508 -0.031016907 -0.017587509 -0.0041581098 0.0062483485 0.013165945 0.020083542 0.021390044 0.0072790468 -0.0068319504 -0.017495703 -0.021256151 -0.025016599 -0.023511666 -0.015502266 -0.007492867 -0.0018451201 -0.0016458054 -0.0014464907 0.00078371281 0.013885089 0.026986464 0.034029352 0.024833975 0.015638597 0.0041647287 -0.01027908 -0.024722889 -0.036400707 -0.04274658 -0.049092453 -0.050781351 -0.038425009 -0.026068667 -0.013097076 0.00075471736 0.014606511 0.022693401 0.021017654 0.019341908 0.019607378 0.021268363 0.022929348 0.015594971 0.0065518897 -0.0024911918 -0.006119501 -0.0088119904 -0.01150448 -0.025430727 -0.040369379
-9999 -0.024939321 -0.038252429 -0.03146574 -0.018036341 -0.0046069423 0.0088224564 0.019228915 0.026146512 0.020017351 0.0059063542 -0.008204643 -0.02231564 -0.032979393 -0.036739841 -0.040500289 -0.044260737 -0.04665642 -0.038647021 -0.032999274 -0.032799959 -0.026293915 -0.013192539 -9.1163658e-05 0.013010212 0.0200531 0.010857722 0.0016623447 -0.0075330331 -0.017383995 -0.031827804 -0.043505622 -0.049851495 -0.045757342 -0.033401 -0.021044659 -0.0086883171 0.0042832742 0.018135068 0.02176513 0.020089384 0.018413638 0.016737891 0.017003361 0.018664346 0.020325331 0.021986316 0.017486774 0.0084436923 0.0048153831 0.00016380386 -0.014774849 -0.029713501 -0.044652154
-9999 -0.045343971 -0.031914572 -0.018485174 -0.0050557749 0.0083736238 0.021803023 0.032209481 0.018644659 0.0045336616 -0.0095773357 -0.023688333 -0.03779933 -0.048463083 -0.052223531 -0.055983979 -0.059744427 -0.063504875 -0.067265323 -0.064153427 -0.053371543 -0.040270167 -0.027168792 -0.014067416 -0.00096604013 0.0060768481 -0.0031185297 -0.012313907 -0.021509285 -0.030704663 -0.039900041 -0.050610537 -0.040733333 -0.028376992 -0.01602065 -0.0036643085 0.0086920331 0.021663624 0.020836859 0.019161113 0.017485367 0.015809621 0.014133875 0.014399344 0.016060329 0.017721314 0.019382299 0.021043284 0.019378576 0.010819682 -0.0041189705 -0.019057623 -0.033996276 -0.048934928
-9999 -0.031879553 -0.018450154 -0.0050207552 0.0084086435 0.021838042 0.026996891 0.027911564 0.025556417 0.011445419 -0.0026655779 -0.016776575 -0.030887572 -0.041257026 -0.044544281 -0.048304729 -0.052065178 -0.055825626 -0.059586074 -0.058247759 -0.045146383 -0.032045007 -0.018943632 -0.005842256 0.0053802089 0.005383405 0.0020084344 -0.0071869433 -0.016382321 -0.025577699 -0.034773077 -0.036607092 -0.02425075 -0.011894409 0.0004619327 0.012818274 0.021789837 0.021682404 0.020853157 0.019177411 0.017501665 0.015825919 0.014150173 0.012403301 0.013222549 0.014883534 0.016544519 0.018205503 0.019866488 0.021469933 0.0065312803 -0.0084073722 -0.023346025 -0.038284677
