mean_models/J1_mean__temp2_slide_40.dat.tif
NCOLS 118
NROWS 92
XLLCORNER 139.62
YLLCORNER -39.07
DX 0.099491525
DY 0.099347826
NODATA_VALUE -9999
[rows 54 to 80 of 92, columns 0 to 59 of 118]
-9999 500.75235 500.96438 501.17642 501.38845 505.19758 509.30772 513.39113 517.4437 521.49627 525.54883 523.21633 519.2029 518.93732 526.17698 533.41665 528.47961 522.40847 516.33733 509.25429 499.83676 490.41922 481.00168 476.98902 475.40494 471.78769 462.72097 453.65426 452.56258 452.41874 452.27489 455.7006 466.00725 476.31389 486.62054 493.02708 498.39287 502.79128 505.8057 508.82012 511.83455 512.39195 512.73399 513.56208 514.73957 516.14116 518.10656 520.07195 522.03735 520.53947 518.44304 516.34661 513.35569 509.39984 505.65915 502.66374 499.66833 496.67293 503.59817 512.24079
-9999 501.25492 501.46695 502.64163 506.75177 510.86191 514.97205 519.05547 523.10804 526.22675 522.21333 518.19991 514.18649 513.9209 521.16056 528.40023 535.6399 534.7289 528.65776 521.57472 512.15718 502.73965 501.09632 499.51225 497.92818 494.31092 485.2442 476.17749 467.11078 463.51394 463.3701 466.79581 477.10245 487.06267 492.42846 497.79426 503.16006 507.55847 510.57289 513.11039 513.45243 513.79448 514.13652 514.96461 516.1421 517.31959 518.53419 520.49958 522.46497 520.96709 518.87066 515.4788 511.52294 507.56709 503.82639 500.83099 498.62775 507.27037 515.91298 524.5556
-9999 501.75749 504.19583 508.30597 512.41611 516.52625 520.63639 524.71981 525.22376 521.21034 517.19691 513.18349 509.17007 508.90448 516.14415 523.38381 530.62348 537.86315 540.97818 533.89515 526.78769 525.20362 523.61955 522.03548 520.45141 516.83415 507.76744 498.70072 489.63401 480.5673 474.46531 477.89102 486.46405 491.82985 497.19565 502.56144 507.92724 512.32565 514.17088 514.51292 514.85497 515.19701 515.53906 516.36714 517.54463 518.72212 519.89961 521.0771 522.8926 521.39472 517.6019 513.64605 509.69019 505.73434 501.99364 502.29995 510.94256 519.58518 528.2278 536.87041
-9999 506.50853 510.61867 514.72881 518.83895 522.9491 527.05924 527.92622 523.9128 519.89937 515.88595 511.87253 507.8591 504.45417 511.69383 518.9335 526.17317 533.41283 540.6525 545.224 543.63993 542.05586 540.47179 538.88772 537.30365 537.52444 528.52137 519.45466 510.38795 501.32123 492.25452 488.11748 493.48328 498.84908 504.21487 509.58067 514.94647 514.98337 515.32542 515.66746 516.00951 516.35155 516.6936 518.36338 519.54087 520.71836 521.89585 523.07334 524.25084 522.98538 519.02952 515.07367 511.11782 507.16196 504.24354 512.42874 521.07135 529.71397 538.35659 546.9992
-9999 515.52203 519.63217 523.74231 527.85245 531.7508 534.15817 535.17487 534.58657 531.24423 527.23081 523.21739 519.20396 515.4709 512.29928 516.41669 523.65636 530.89602 538.13569 542.70719 541.12312 539.53905 537.95498 536.37091 544.20853 548.87372 542.37473 534.16565 525.09893 516.03222 506.96551 502.82847 508.19426 513.56006 518.92586 524.203 524.39625 522.21123 516.62375 515.975 516.31704 516.65909 517.00113 519.53865 523.5649 524.74239 525.91988 527.09737 528.27486 530.93467 531.59283 527.63698 523.68112 519.72527 516.80685 517.48197 523.73388 532.37649 541.01911 549.66172
-9999 524.53552 528.64567 532.75581 536.05206 538.45943 540.8668 541.8835 541.29519 540.70689 538.57567 534.56225 530.54882 526.81576 523.64414 520.47251 521.13954 528.37921 535.61888 540.19038 538.60631 537.02224 537.89673 546.72727 555.5578 560.22299 553.724 547.22501 539.80992 530.7432 521.67649 517.53945 522.90525 528.27104 531.94875 532.142 532.33525 530.15022 524.56275 518.97527 516.62458 516.96663 517.30867 519.84618 523.96199 528.0778 529.94391 531.1214 532.29889 534.9587 537.87469 540.20028 536.24443 532.28857 529.37015 530.04527 530.72039 535.03901 543.68163 552.32424
-9999 533.54902 537.65916 540.35332 542.76069 545.16806 547.57542 548.59213 548.00382 547.41552 546.82721 545.90711 541.89368 538.16062 534.989 531.81737 528.64575 525.8624 533.10207 537.67357 536.0895 540.41547 549.246 558.07654 566.90708 571.57227 565.07328 558.57429 552.0753 545.45419 536.38747 532.25043 537.61623 539.69449 539.88774 540.08099 540.27424 538.08922 532.50174 526.91426 521.32678 517.27416 517.61621 520.15372 524.26953 528.38534 532.50114 535.14543 536.32292 538.98273 541.89872 544.81471 547.7307 544.85188 541.93346 542.60858 543.2837 543.95882 546.34415 554.98677
-9999 542.24721 544.65458 547.06195 549.46931 551.87668 554.28405 555.30075 554.71245 554.12414 553.53584 552.94754 552.35923 549.50548 546.33386 543.16223 539.99061 536.81898 533.64736 535.15675 542.93421 551.76474 560.59528 569.42582 578.25635 582.92154 576.42255 569.92356 563.42457 556.92559 550.4266 546.96142 547.44024 547.63349 547.82674 548.01999 548.21324 546.02821 540.44074 534.85326 529.26578 523.6783 518.09082 520.46126 524.57706 528.69287 532.80868 536.92449 540.34695 543.00676 545.92275 548.83874 551.75473 554.67072 554.49676 555.17188 555.847 556.52213 557.19725 557.87237
-9999 544.12848 546.53585 548.94322 551.35059 553.75796 555.61175 553.5178 550.46991 549.8816 549.2933 548.70499 548.11669 548.46402 548.50022 545.3286 542.15697 538.98535 535.81373 536.27138 545.10191 553.93245 562.76298 571.59352 578.43701 578.59832 578.57272 572.07373 565.57474 559.07575 552.57676 548.36362 548.55687 548.75012 548.94337 549.13662 548.61446 550.59437 551.45703 545.86955 540.28207 534.69459 529.10711 526.64842 529.46777 533.58358 537.69938 541.81519 545.931 537.83632 540.57641 543.4924 546.40839 549.32438 553.18869 558.02032 558.69544 559.37057 560.04569 560.72081
-9999 543.91058 546.31795 548.72532 551.13269 552.50625 553.55547 551.46153 545.73995 540.87694 540.28863 539.70033 539.11202 539.45935 541.68033 543.50369 540.33207 537.16044 533.98882 534.44647 543.277 552.10754 560.93808 564.4828 563.35954 563.52085 567.12515 570.22365 563.72466 557.22567 550.72668 546.51354 546.70679 546.90004 547.09329 545.88805 543.87225 545.85217 553.54853 558.224 552.63652 547.04904 541.46157 539.00287 538.79341 540.46728 544.58309 548.69889 552.8147 544.72002 534.51503 534.07136 536.98735 539.90334 543.76765 550.91682 557.31937 557.99449 558.66961 559.34473
-9999 543.69268 546.10005 548.35151 549.40074 550.44997 551.4992 549.40525 543.68367 537.96209 532.24051 530.69566 530.10736 530.45468 532.67567 534.89665 537.11763 535.33553 532.16391 532.62156 541.45209 550.28263 550.52859 549.40533 548.28207 548.44339 552.04768 555.65197 559.25626 555.37559 548.87661 544.66347 544.85672 545.04997 543.16165 541.14585 539.13005 541.10997 548.80632 556.50268 564.19903 559.4035 553.81602 551.35732 551.14787 550.93841 551.46679 555.58259 559.6984 551.60372 541.39873 531.19374 527.5663 530.48229 534.3466 541.49578 548.64496 555.79413 557.29353 557.96865
-9999 543.47477 545.246 546.29523 547.34446 548.39369 549.44292 547.34897 541.62739 535.90581 530.18423 524.46265 521.10269 521.45002 523.671 525.89198 528.11296 530.33395 530.339 530.79665 537.69764 536.57438 535.45112 534.32786 533.20461 533.36592 536.97021 540.5745 544.17879 547.78308 547.02653 542.81339 542.45105 540.43525 538.41945 536.40365 534.38785 536.36777 544.06412 551.76048 559.45683 567.15319 566.17047 563.71178 563.50232 563.29287 563.08341 562.87395 566.5821 558.48742 548.28243 538.07744 527.87245 521.06125 524.92556 532.07474 539.22391 546.37309 553.52227 556.59257
-9999 542.41671 543.46594 544.51517 545.56439 546.61362 547.66285 546.36472 540.64314 534.92157 529.19999 523.47841 517.75683 513.70509 515.92607 518.14705 520.36804 522.58902 524.81 526.01973 524.89648 523.77322 522.64996 521.5267 520.40344 519.57358 523.17787 526.78216 530.38645 533.99074 537.59503 539.27969 537.26389 535.24809 533.23229 531.21649 529.20069 532.44947 540.14583 547.84218 555.53854 563.23489 570.93125 574.06441 573.85495 573.6455 573.43604 573.22658 573.01713 564.28508 554.08009 543.8751 533.67011 523.46513 519.88804 527.03722 534.18639 541.33557 548.48475 555.63392
-9999 542.01049 543.05972 544.10894 545.15817 546.36338 550.92482 550.71263 544.99105 539.26947 533.54789 527.82631 520.99253 516.05869 515.14122 516.66787 518.88886 521.10984 523.33082 524.54056 523.4173 522.29404 521.17078 520.04752 519.02657 518.01497 516.97065 519.38185 522.98614 526.59043 530.19472 531.87938 529.86358 527.84778 525.83198 523.81618 527.24151 532.62918 540.32554 548.02189 555.71825 563.22673 568.69293 572.27681 574.2508 574.04134 573.83189 573.62243 573.41297 564.68092 554.47593 544.27095 534.06596 532.7487 536.65354 543.80271 550.95189 558.10107 564.79574 562.07748
-9999 541.60427 542.65349 543.70272 546.14984 550.71128 555.27272 555.06053 549.33895 543.61737 537.57083 530.63137 523.69192 518.75808 517.84061 516.92313 517.40968 519.63066 521.85164 523.06138 521.93812 520.81486 519.7111 518.7117 517.71231 516.70071 515.65639 514.61206 515.58583 519.19012 522.79442 524.47907 522.46327 520.44747 519.87335 523.64728 527.42122 532.80889 540.50524 548.2016 555.06997 560.53617 566.00237 569.58625 571.81696 574.04766 574.22773 574.01828 573.80882 565.07677 554.87178 544.66679 546.54597 549.51419 553.41904 560.56821 567.71739 572.01775 569.2995 566.58125
-9999 541.19804 542.24727 545.9363 550.49774 555.05918 559.62062 559.40843 553.68685 547.20967 540.27022 533.33076 526.39131 521.45747 520.54 519.62252 518.70504 518.15148 520.37246 521.5822 520.45894 519.39623 518.39684 517.39744 516.39805 515.38645 514.34213 513.2978 512.25348 511.78982 515.39411 517.07876 515.06296 516.27913 520.05306 523.82699 527.60093 532.9886 540.68495 546.91321 552.37941 557.84561 563.31181 566.89569 569.1264 571.3571 573.58781 574.41412 574.20467 565.47261 557.37502 560.34324 563.31147 566.27969 570.18453 577.33371 579.23977 576.52152 573.80327 571.08502
-9999 541.16132 545.72276 550.2842 554.84564 559.40708 563.96852 563.75633 556.84851 549.90906 542.96961 536.03015 529.0907 524.15687 523.23939 522.32191 521.40443 520.48695 519.56948 520.10302 519.08136 518.08197 517.08257 516.08318 515.08379 514.07219 513.02786 511.98354 510.93922 509.89489 508.85057 509.67845 512.6849 516.45884 520.23277 524.0067 527.78064 533.16831 538.75644 544.22265 549.68885 555.15505 560.62125 564.20513 566.43584 568.66654 570.89725 573.12795 574.60051 571.1723 574.14052 577.10874 580.07697 583.04519 586.95003 586.46179 583.74354 581.02529 578.30704 575.58879
-9999 545.80167 550.36312 554.92456 559.486 564.04744 568.11535 572.11067 570.16399 563.22454 556.28509 549.34563 542.40618 536.51876 534.06804 533.15057 532.23309 531.31561 530.39813 529.45589 528.45649 527.4571 526.45771 525.45832 524.04429 521.79291 522.70544 521.66112 520.6168 519.57247 518.52815 519.12958 522.90352 526.67745 530.45138 534.22532 537.27637 542.95226 551.34129 556.80749 562.27369 567.73989 573.20609 574.50387 575.77832 578.00902 580.23973 582.47043 584.70114 591.46353 594.43175 597.39997 600.36819 603.33642 602.48036 593.08359 590.36534 587.64709 584.92884 582.21059
-9999 550.60808 555.16952 559.73096 564.2924 567.81404 570.95422 574.94953 579.93177 582.56734 575.62788 568.68843 561.74898 555.86155 552.08088 548.59464 547.67716 546.75968 545.8422 544.89996 543.90056 542.90117 541.90178 539.41864 535.46319 533.21181 535.52777 537.57935 536.53503 535.4907 534.44638 535.04782 538.82175 542.59568 546.36961 548.49769 549.54876 555.22465 567.517 578.06499 583.53119 588.99739 594.46359 595.76136 594.0625 594.1833 596.41401 598.64471 600.87542 607.84 615.62272 619.69295 622.66117 625.62939 624.77333 610.67041 598.18966 595.47141 592.75316 590.03491
-9999 555.41448 559.97592 564.37254 567.51272 570.6529 573.79308 577.78839 582.77064 587.75288 592.73512 588.03123 581.09177 575.20435 571.42367 567.64299 563.86232 562.20375 561.28628 560.34403 559.34464 558.34524 554.793 550.83754 546.88209 544.63071 546.94667 549.26263 551.57859 551.40894 550.36461 550.96605 554.73998 558.51391 559.71901 560.77008 561.82115 567.49704 579.78939 592.08174 604.37409 610.25489 615.72109 617.01886 615.32 613.62114 612.58828 614.81899 617.04969 624.01428 631.797 639.57972 644.95414 647.92237 647.0663 632.96338 618.86046 604.75753 600.57748 597.85923
-9999 560.22088 564.07122 567.2114 570.35159 573.49177 576.63195 580.62726 585.6095 590.59174 595.57398 600.55623 600.43457 594.54715 590.76647 586.98579 583.20511 579.42443 576.73035 575.7881 574.1228 570.16735 566.2119 562.25645 558.301 556.04962 558.36558 560.68154 562.9975 565.31346 566.28284 566.88428 569.88927 570.94034 571.99141 573.04248 574.09354 579.76943 592.06178 604.35413 616.64648 628.93883 636.97859 638.27636 636.5775 634.87864 633.17978 631.48092 633.22397 640.18855 647.97128 655.754 663.53673 670.21534 669.35928 655.25636 641.15343 627.05051 612.94758 605.68354
-9999 562.84416 565.98434 569.12452 572.2647 575.40488 578.54506 580.84209 585.82433 590.80657 595.78882 600.77106 605.7533 609.93212 606.15144 602.37076 598.59008 594.80941 591.02873 587.1952 583.23975 579.2843 575.32885 571.3734 567.41794 567.3391 569.6426 571.95856 574.27452 576.59048 578.90644 580.79036 581.84142 582.89249 583.94356 584.99463 586.0457 589.9346 602.22695 614.5193 626.81165 639.10399 651.39634 653.25587 651.55701 649.85815 648.15929 646.46042 644.76156 647.85021 655.63294 663.41566 671.19839 678.98111 685.91506 672.56422 658.4613 644.35837 630.25545 616.15253
-9999 561.25301 564.3932 567.53338 570.67356 573.77866 576.6644 577.91628 577.28247 581.08855 586.07079 591.05303 596.03528 600.57459 604.22693 602.77402 598.99335 595.21267 591.43199 587.59846 583.64301 579.68756 575.73211 571.77666 576.18082 580.14301 580.91752 582.69851 585.01447 587.33043 589.64639 591.53031 592.58138 593.63244 594.68351 595.57502 591.3414 593.44568 604.6172 616.70788 629.00023 641.29258 653.58493 652.80244 642.77218 641.07332 639.37445 637.67559 635.97673 631.77768 631.07145 638.85417 646.63689 654.41962 661.35356 665.34744 656.89883 642.7959 628.69298 614.59006
-9999 559.66187 562.80205 565.94223 568.94953 571.83528 574.72102 575.9729 575.33909 574.70528 576.35277 581.33501 586.31725 590.85657 594.5089 598.16124 599.39661 595.61593 591.83525 588.00172 584.04627 580.09082 578.68171 583.83322 588.98472 592.94691 593.72143 594.49594 595.75442 598.07038 600.38634 602.27026 603.32133 604.3724 603.47254 599.23892 595.0053 597.10958 608.2811 619.45263 631.18882 643.48117 655.77352 654.99103 644.80921 634.62738 630.58962 628.89076 627.1919 622.99285 618.3617 614.29268 622.0754 629.85813 636.79207 640.78595 644.77982 641.23343 627.13051 613.02759
-9999 558.07072 561.2109 564.12041 567.00616 569.8919 572.77764 574.02952 573.39571 572.7619 572.12809 571.61699 576.59923 581.13855 584.79088 588.44321 592.09555 595.74788 592.23851 588.40499 584.44954 586.33411 591.48561 596.63712 601.78862 605.75081 606.52533 607.29984 608.07436 608.84888 611.1263 613.01021 614.06128 611.37006 607.13644 602.90282 598.66921 600.77348 611.94501 623.11653 634.28806 645.66976 657.96211 657.17962 646.9978 636.81597 626.63415 620.10593 618.40707 614.20802 609.57686 604.94571 600.31456 605.29664 612.23058 616.22445 620.21833 624.2122 625.56804 611.46512
-9999 556.40555 559.29129 562.17703 565.06278 567.94852 570.83426 572.08614 571.45233 570.81852 570.18471 569.5509 568.91709 571.42052 575.07286 578.72519 582.37752 586.02986 589.68219 588.835 593.98651 599.13801 604.28952 609.44102 614.59253 618.55471 619.32923 620.10375 620.87826 621.65278 622.4273 623.5012 619.26758 615.03396 610.80034 606.56673 602.33311 604.43738 615.60891 626.78044 637.95196 649.12349 660.29501 659.36821 649.18638 639.00456 628.82274 618.64091 609.62224 605.42319 600.79203 596.16088 591.52973 586.89857 587.66909 591.66296 595.65684 599.65071 603.64458 607.63846
-9999 556.98027 559.86601 562.75175 565.6375 568.52324 569.30572 569.213 569.45567 568.82186 568.18805 567.55424 566.92044 567.08383 569.30946 572.9618 576.61413 580.26646 583.9188 588.02446 593.17596 598.32747 603.47898 608.63048 612.77457 614.52915 614.82879 615.6033 616.37782 617.15234 617.92685 616.99075 612.75714 608.52352 604.2899 600.05629 596.89046 597.1033 603.30219 614.47371 625.64524 636.81677 647.98829 650.5497 643.32223 633.14041 622.95859 612.77676 602.59494 603.21941 599.74093 595.10978 590.47863 585.84748 582.93625 586.1812 590.17507 594.16895 598.16282 602.1567
