mean_models/J1_mean__temp2_slide_260.dat.tif
NCOLS 118
NROWS 92
XLLCORNER 139.62
YLLCORNER -39.07
DX 0.099491525
DY 0.099347826
NODATA_VALUE -9999
[rows 27 to 53 of 92, columns 0 to 59 of 118]
-9999 1202.655 1194.1248 1185.8367 1178.9897 1172.1427 1165.2957 1161.0072 1159.6714 1158.3356 1156.9998 1160.064 1164.3356 1169.6841 1177.189 1184.694 1192.199 1196.082 1198.5129 1199.943 1199.0642 1198.1853 1199.5758 1201.2439 1202.912 1203.2302 1199.9301 1196.63 1193.33 1196.7443 1202.8638 1204.8236 1198.7648 1192.7059 1203.9816 1215.7874 1227.5931 1229.3999 1216.9017 1204.4035 1191.9053 1198.6652 1207.2644 1226.4573 1253.2659 1280.0745 1305.2703 1320.8399 1336.4094 1333.4579 1327.3054 1321.1529 1305.3795 1278.9592 1257.8426 1255.0977 1252.3528 1249.6079 1269.1428 1292.7311
-9999 1205.5023 1197.7123 1190.8654 1184.0184 1177.1714 1170.3244 1166.0359 1164.7001 1163.3643 1162.0285 1160.6927 1162.0971 1167.4456 1174.9505 1182.4555 1189.9605 1197.4655 1202.7426 1204.1727 1203.7159 1205.3841 1207.0522 1208.7203 1210.3885 1210.7067 1207.4066 1204.1065 1200.8064 1197.5063 1198.5327 1200.4925 1198.4324 1210.2381 1222.0439 1233.8497 1245.6554 1247.4622 1234.964 1222.4658 1209.9676 1197.4694 1199.3292 1218.5221 1245.3307 1272.1393 1298.9479 1325.7565 1342.0849 1339.1334 1332.9809 1326.8284 1320.6759 1308.7487 1287.6322 1284.8873 1282.1424 1279.3975 1276.6526 1291.1902
-9999 1210.9043 1204.0573 1197.2103 1190.3633 1183.5164 1176.6694 1171.6134 1170.2776 1168.9418 1167.606 1166.2702 1164.9344 1165.9784 1173.4834 1180.9884 1188.4933 1195.9983 1203.5033 1209.2433 1210.9114 1212.5796 1214.2477 1215.9159 1217.584 1219.2688 1215.9687 1212.6686 1209.3686 1206.0685 1202.7684 1204.628 1216.4337 1228.2395 1240.0453 1251.851 1263.6568 1265.4995 1253.0013 1240.5031 1228.0049 1215.5068 1203.0086 1210.4059 1237.2145 1264.0231 1290.8317 1317.6403 1344.4489 1345.3417 1339.1892 1333.0367 1326.8842 1320.7317 1314.7038 1311.9589 1309.214 1306.4691 1303.7242 1300.9793
-9999 1228.0851 1221.2381 1214.3911 1207.5442 1200.6972 1182.6426 1174.9257 1180.373 1179.0372 1177.7014 1176.3656 1175.0298 1175.2766 1178.6924 1185.8712 1193.3762 1200.8812 1208.3861 1214.1261 1215.7943 1217.4624 1219.1306 1220.7987 1221.9334 1224.6343 1232.1923 1230.1687 1226.8686 1223.5685 1220.2684 1222.128 1233.9338 1245.7395 1257.5453 1269.3511 1256.3994 1253.0582 1270.8332 1258.335 1245.8368 1233.3386 1220.8404 1218.0281 1227.6073 1254.4159 1281.2245 1308.0332 1334.8418 1348.0236 1349.7835 1343.631 1337.4785 1331.326 1324.8265 1317.1248 1313.9109 1311.166 1308.4211 1305.6761
-9999 1245.2659 1238.4189 1231.572 1222.2784 1202.9869 1183.6953 1175.9783 1181.62 1187.2617 1187.7968 1186.4611 1185.1253 1185.372 1188.7879 1192.2038 1198.259 1205.764 1213.269 1219.009 1220.6771 1222.3453 1224.0134 1224.9339 1225.8227 1228.5237 1236.0816 1243.6396 1244.3686 1241.0685 1237.7684 1239.628 1251.4338 1263.2395 1273.3695 1254.2553 1235.1411 1231.7999 1251.024 1270.2482 1263.6687 1251.1705 1238.6723 1235.86 1240.0107 1244.8088 1271.6174 1298.426 1325.2346 1338.4165 1349.2433 1354.2253 1348.0728 1341.9203 1335.4207 1327.719 1320.0173 1315.8628 1313.1179 1310.373
-9999 1262.4468 1255.5998 1242.6227 1223.3311 1204.0395 1184.748 1177.031 1182.6727 1188.3143 1193.956 1196.5565 1195.2207 1195.4674 1198.8833 1202.2992 1205.7151 1210.6468 1218.1518 1223.8918 1225.56 1227.0457 1227.9345 1228.8233 1229.7121 1232.413 1239.971 1247.529 1255.087 1258.5685 1255.2684 1257.128 1268.9338 1271.2253 1252.1111 1232.997 1213.8828 1210.5415 1229.7657 1248.9899 1268.214 1269.0024 1256.5042 1253.6919 1257.8426 1261.9933 1266.144 1288.8189 1315.6275 1328.8093 1339.6361 1350.463 1358.6671 1352.5146 1346.015 1338.3133 1330.6116 1322.9099 1317.8147 1315.0698
-9999 1279.6276 1262.9669 1243.6753 1224.3838 1205.0922 1185.8006 1178.0837 1183.7253 1189.367 1195.0087 1200.6503 1205.3161 1205.5629 1208.9787 1212.3946 1215.8105 1219.2264 1223.0347 1228.7747 1230.0463 1230.9351 1231.8239 1232.7126 1233.6014 1236.3024 1243.8604 1251.4183 1258.9763 1266.5343 1272.7685 1274.628 1269.0812 1249.967 1230.8528 1211.7386 1192.6245 1189.2832 1208.5074 1227.7315 1246.9557 1266.1799 1274.3361 1271.5237 1275.6745 1279.8252 1283.9759 1288.1266 1306.0203 1319.2022 1330.029 1340.8558 1351.6826 1362.5094 1356.6093 1348.9076 1341.2059 1333.5042 1325.8025 1319.7666
-9999 1284.8736 1265.582 1246.2904 1226.9989 1207.7073 1188.4157 1177.4113 1183.1244 1188.7661 1194.4077 1200.0494 1205.691 1205.9767 1207.1953 1210.6112 1214.0271 1217.443 1220.8588 1223.5106 1224.3993 1225.2881 1226.1769 1227.0657 1227.9545 1242.5133 1244.7653 1252.3233 1259.8813 1267.4393 1274.9973 1273.4449 1254.3307 1235.2166 1216.1024 1196.9882 1177.874 1173.7354 1190.6045 1209.8287 1229.0528 1248.277 1267.5012 1287.4003 1291.551 1295.7017 1299.8525 1304.0032 1308.1539 1308.3562 1319.183 1330.0098 1340.8366 1351.6634 1361.4872 1357.0853 1349.3836 1341.6819 1333.9802 1326.2784
-9999 1290.0656 1270.774 1251.4824 1232.1909 1210.4661 1182.7324 1171.4245 1179.0739 1185.4379 1191.0796 1196.7212 1202.3629 1202.6486 1192.2086 1189.2363 1192.6522 1196.0681 1199.4839 1202.1356 1203.0244 1203.9132 1204.802 1208.1899 1247.0496 1270.5942 1253.0904 1248.3062 1255.8642 1263.4222 1270.9802 1269.4278 1250.3136 1231.1995 1212.0853 1198.1953 1208.8308 1207.8203 1190.1485 1197.4599 1216.684 1235.9082 1255.1324 1277.3513 1301.7233 1308.3535 1312.5042 1316.6549 1320.8056 1312.7343 1306.2937 1317.1205 1327.9473 1338.7741 1348.5979 1354.9476 1353.5756 1345.8739 1338.1722 1330.4705
-9999 1295.2576 1275.966 1256.6744 1232.213 1204.4793 1176.7457 1165.4377 1173.0871 1180.7366 1187.7514 1193.3931 1199.0347 1199.3204 1188.8804 1178.4405 1171.2773 1174.6932 1178.109 1180.7607 1181.6495 1182.5383 1197.411 1236.2707 1275.1305 1298.6751 1281.1713 1263.6676 1251.8471 1259.4051 1266.9631 1265.4107 1246.2965 1227.1823 1221.6448 1232.2803 1242.9158 1241.9052 1224.2335 1206.5617 1204.3152 1223.5394 1242.7636 1264.9825 1289.3545 1313.7264 1325.1559 1329.3066 1333.4574 1325.386 1315.2023 1305.0187 1315.058 1325.8848 1335.7086 1342.0583 1348.408 1350.066 1342.3642 1334.6625
-9999 1300.4496 1281.158 1253.9599 1226.2262 1198.4925 1170.7589 1159.4509 1167.1003 1174.7498 1182.3992 1190.0486 1195.7066 1195.9923 1185.5523 1175.1123 1164.6723 1154.2324 1156.7341 1159.3858 1160.2746 1186.6322 1225.4919 1264.3516 1303.2114 1326.756 1309.2522 1291.7484 1274.2447 1256.7409 1262.9459 1261.3936 1242.2794 1245.0943 1255.7297 1266.3652 1277.0007 1275.9902 1258.3184 1240.6467 1222.9749 1211.1706 1230.3947 1252.6137 1276.9857 1301.3576 1325.7295 1341.9584 1346.1091 1338.0377 1327.8541 1317.6704 1307.4867 1312.9955 1322.8193 1329.169 1335.5187 1341.8684 1346.5563 1338.8546
-9999 1303.4404 1275.7068 1247.9731 1220.2394 1192.5058 1164.7721 1153.4641 1161.1136 1168.763 1176.4124 1184.0618 1191.7113 1192.6641 1182.2241 1171.7842 1161.3442 1150.9042 1140.4642 1138.0109 1175.8533 1214.713 1253.5728 1292.4325 1331.2922 1354.8368 1337.3331 1319.8293 1302.3255 1284.8218 1267.318 1257.9083 1268.5437 1279.1792 1289.8147 1300.4502 1311.0856 1310.0751 1292.4034 1274.7316 1257.0599 1239.3881 1221.7164 1240.2449 1264.6169 1288.9888 1313.3607 1337.7327 1358.7608 1350.6895 1340.5058 1330.3221 1320.1384 1309.9548 1309.93 1316.2797 1322.6294 1328.9791 1335.3288 1341.6785
-9999 1297.2164 1269.4827 1241.7491 1214.0154 1186.2817 1168.5083 1168.9615 1176.6109 1184.2604 1191.9098 1199.5592 1206.672 1209.5691 1203.708 1193.268 1182.828 1172.3881 1161.9481 1166.4156 1205.2753 1244.1351 1282.9948 1321.8545 1349.251 1349.7836 1360.1817 1342.6779 1325.1742 1307.6704 1290.1667 1282.2743 1292.9098 1303.5453 1314.1808 1324.8162 1327.9693 1315.0067 1297.3349 1279.6632 1261.9914 1244.3197 1236.5101 1242.1985 1261.2713 1285.6433 1310.0152 1334.3871 1358.7591 1353.6675 1343.4838 1333.3002 1323.1165 1311.9106 1299.4406 1305.7903 1312.14 1318.4897 1324.8394 1323.3715
-9999 1290.9121 1263.1785 1235.4448 1207.7111 1197.0538 1191.2719 1191.7251 1199.3745 1207.024 1214.6734 1221.2469 1227.2327 1230.1298 1226.8416 1223.1436 1212.7037 1202.2637 1191.8237 1196.2912 1235.1509 1274.0107 1312.8704 1326.1154 1318.1876 1318.7201 1341.9286 1363.757 1346.2532 1328.7494 1311.2457 1303.3534 1313.9888 1324.6243 1335.2598 1332.7117 1323.0407 1310.0782 1292.4064 1274.7347 1257.0629 1254.1418 1255.3408 1261.0293 1269.9451 1285.3496 1309.7215 1334.0934 1358.4654 1353.3738 1343.1901 1333.0064 1320.136 1302.2328 1289.7628 1296.1125 1302.4622 1308.8119 1303.9981 1294.8306
-9999 1284.6079 1256.8742 1231.3813 1225.5993 1219.8174 1214.0355 1214.4887 1222.1382 1229.7876 1235.8218 1241.8076 1247.7934 1250.6905 1247.4023 1244.1141 1240.8259 1232.1393 1221.6993 1226.1668 1265.0266 1303.8863 1302.9797 1295.0519 1287.1241 1287.6566 1310.8651 1334.0737 1357.2822 1349.8285 1332.3247 1324.4324 1335.0678 1345.7033 1337.4541 1327.7831 1318.1122 1305.1497 1287.4779 1270.5744 1271.7734 1272.9725 1274.1715 1279.86 1288.7758 1297.6917 1309.4278 1333.7997 1358.1716 1353.0801 1342.8964 1328.3614 1310.4582 1292.5551 1280.0851 1286.4347 1292.7844 1284.6246 1275.4572 1266.2897
-9999 1278.3036 1259.9268 1254.1449 1248.3629 1242.581 1236.7991 1237.2523 1244.4109 1250.3967 1256.3825 1262.3683 1268.3541 1271.2512 1267.963 1264.6748 1261.3866 1258.0984 1251.5749 1256.0425 1287.7719 1279.8441 1271.9162 1263.9884 1256.0606 1256.5932 1279.8017 1303.0102 1326.2187 1349.4272 1353.4037 1345.5114 1351.8674 1342.1965 1332.5255 1322.8546 1313.1837 1300.2211 1288.2061 1289.4051 1290.6042 1291.8032 1293.0023 1298.6907 1307.6066 1316.5224 1325.4382 1334.3541 1357.8779 1352.7863 1336.5867 1318.6836 1300.7804 1282.8773 1270.4073 1274.4186 1265.2511 1256.0837 1246.9163 1237.7488
-9999 1288.1212 1282.3392 1276.5573 1270.7754 1264.9935 1259.2115 1251.9372 1257.923 1263.9088 1269.8946 1275.8804 1281.8662 1291.196 1287.9078 1284.6196 1281.3314 1278.0432 1274.755 1270.0638 1262.136 1254.2082 1246.2804 1238.3526 1230.4248 1230.4325 1253.641 1276.8495 1300.058 1323.2665 1346.475 1358.453 1348.7821 1339.1111 1329.4402 1319.7693 1310.0984 1304.1997 1305.3988 1306.5978 1307.7969 1308.9959 1310.195 1314.7543 1323.6701 1332.5859 1341.5018 1350.4176 1359.3335 1348.7698 1330.8666 1312.9635 1295.0603 1277.1572 1261.2083 1252.0409 1242.8734 1233.706 1224.5386 1215.3711
-9999 1307.885 1302.1031 1296.3212 1290.5393 1284.7573 1270.7487 1248.5028 1218.2748 1224.2606 1230.2464 1236.2322 1242.218 1259.4711 1299.2876 1299.9191 1296.6309 1293.3427 1290.0545 1285.3634 1277.4356 1269.5078 1261.58 1253.6521 1250.1277 1252.5489 1265.7442 1287.6657 1310.8742 1334.0827 1357.2912 1369.2692 1359.5983 1349.9274 1340.2565 1330.5855 1315.5561 1307.2386 1310.2372 1311.4363 1312.6353 1313.8344 1315.0334 1316.0883 1318.8634 1327.7792 1336.695 1345.6109 1354.5267 1361.3121 1354.9955 1337.0923 1319.1892 1301.286 1285.3355 1276.1485 1266.979 1257.8116 1248.6442 1239.4767
-9999 1327.6489 1321.867 1316.0851 1308.4273 1293.6242 1278.8212 1256.5753 1225.7395 1194.9036 1190.5982 1196.584 1202.5698 1219.8229 1259.6394 1299.4559 1311.9305 1308.6423 1305.3541 1300.663 1292.7351 1284.8073 1276.8795 1275.094 1273.4955 1275.9168 1289.1121 1302.3074 1321.6904 1344.8989 1368.1075 1380.0854 1370.4145 1360.7436 1350.6424 1334.3697 1318.0969 1309.7794 1312.8431 1315.9067 1317.4738 1318.6728 1319.8719 1320.9268 1321.878 1322.9725 1331.8883 1340.8041 1349.72 1356.5054 1362.9226 1361.2212 1343.318 1325.4149 1309.4643 1300.2773 1291.0904 1281.9172 1272.7497 1263.5823
-9999 1347.4128 1341.6309 1331.3029 1316.4998 1301.6968 1286.8938 1264.6479 1233.812 1202.9762 1172.1403 1156.9357 1162.9215 1180.1746 1219.9911 1259.8076 1299.6241 1323.9419 1320.6537 1315.9625 1308.0347 1301.6589 1300.0604 1298.4619 1296.8634 1299.2847 1312.48 1325.6752 1338.8705 1355.7152 1378.9237 1390.9017 1381.2307 1369.456 1353.1832 1336.9104 1320.6377 1312.3202 1315.3838 1318.4475 1321.5111 1323.5113 1324.7103 1325.7652 1326.7165 1327.6678 1328.619 1335.9974 1344.9132 1351.6986 1358.1158 1364.533 1367.4468 1349.5437 1333.5932 1324.4062 1315.2192 1306.0322 1296.8553 1287.6879
-9999 1367.1767 1354.1784 1339.3754 1324.5724 1309.7693 1294.9663 1272.7204 1241.8846 1211.0487 1180.2129 1149.377 1123.2733 1140.5264 1180.3429 1220.1594 1259.9759 1299.7924 1335.9532 1331.2621 1326.6253 1325.0268 1323.4283 1321.8298 1320.2313 1322.6526 1335.8478 1349.0431 1362.2384 1375.4337 1389.7399 1401.7179 1388.2695 1371.9967 1355.724 1339.4512 1323.1784 1314.8609 1317.9246 1320.9882 1324.0519 1327.1156 1329.5488 1330.6037 1331.5549 1332.5062 1333.4575 1334.4088 1340.1065 1346.8919 1353.3091 1359.7263 1366.1435 1372.5607 1357.722 1348.535 1339.348 1330.1611 1320.9741 1311.7935
-9999 1361.1635 1346.3604 1331.5574 1316.7544 1301.9513 1287.1483 1287.6445 1256.8086 1225.9728 1195.137 1164.3011 1133.4653 1118.4492 1153.4801 1193.2966 1233.1131 1272.9296 1312.7461 1340.0394 1338.4409 1336.8424 1335.2439 1333.6454 1332.0469 1333.3754 1346.844 1360.0393 1373.2346 1386.4298 1399.6251 1402.7551 1386.4823 1370.2095 1353.9368 1337.664 1321.3912 1308.9895 1312.0532 1315.1168 1318.1805 1321.2441 1325.2489 1331.4443 1332.3956 1333.3469 1334.2982 1335.2495 1336.2007 1341.8125 1348.2297 1354.6469 1361.0641 1367.4813 1367.665 1358.478 1349.291 1340.104 1330.9171 1322.566
-9999 1328.0917 1313.2886 1298.4856 1283.6826 1283.6965 1312.3957 1313.4573 1282.6214 1251.7856 1220.9497 1190.5494 1161.7931 1147.0768 1160.4767 1186.7529 1226.5694 1266.3859 1306.2024 1333.4957 1331.8972 1330.2987 1328.7002 1326.7798 1322.4387 1323.1801 1337.544 1351.374 1364.5692 1377.7645 1390.9598 1394.0897 1377.817 1361.5442 1345.2714 1327.171 1302.8209 1289.7492 1292.8128 1295.8765 1298.9401 1306.3712 1321.3722 1327.4469 1327.1048 1327.8342 1328.7855 1329.7368 1330.688 1336.2998 1342.717 1349.1342 1355.5514 1356.5685 1355.0632 1345.8763 1336.6893 1327.5023 1321.8439 1323.7538
-9999 1295.0199 1280.2169 1265.4138 1280.81 1309.5093 1338.2085 1339.27 1308.4342 1277.5983 1247.9333 1219.177 1190.4207 1175.7045 1189.1043 1202.5042 1220.0257 1259.8422 1299.6587 1326.9519 1325.3534 1323.7549 1320.9257 1316.5846 1312.2434 1312.9848 1327.3487 1341.7126 1355.9039 1369.0992 1382.2944 1385.4244 1369.1516 1352.8789 1332.2808 1307.9306 1283.5805 1270.5088 1273.5725 1276.6361 1287.4935 1302.4945 1317.4954 1323.5702 1323.228 1322.8859 1323.2728 1324.2241 1325.1753 1330.7871 1337.2043 1342.5419 1343.2543 1343.9668 1342.4615 1333.2745 1324.0876 1321.1217 1323.0316 1324.9415
-9999 1261.9481 1249.2243 1277.9236 1306.6228 1335.322 1364.0213 1365.0828 1334.247 1305.3173 1276.561 1247.8046 1219.0483 1204.3321 1217.7319 1231.1318 1244.5317 1257.9315 1293.115 1320.4082 1318.8097 1315.0716 1310.7304 1306.3893 1302.0481 1302.7895 1317.1534 1331.5173 1345.8811 1360.245 1373.6291 1376.7591 1360.4863 1337.3905 1313.0404 1288.6903 1264.3402 1251.2684 1254.3321 1268.6158 1283.6168 1298.6177 1313.6186 1319.6934 1319.3513 1319.0092 1318.6671 1318.7114 1319.6626 1325.2744 1329.2278 1329.9402 1330.6526 1331.365 1329.8598 1320.6728 1320.3996 1322.3095 1324.2194 1326.1293
-9999 1246.3379 1275.0371 1303.7363 1332.4356 1361.1348 1389.834 1391.4575 1362.7012 1333.9449 1305.1886 1276.4323 1247.676 1232.9597 1246.3596 1259.7594 1273.1593 1286.5591 1299.959 1313.5586 1309.2174 1304.8763 1300.5351 1296.194 1291.8528 1292.5942 1306.9581 1321.322 1335.6858 1350.0497 1364.4136 1366.8504 1342.5003 1318.1502 1293.8 1269.4499 1245.0998 1234.7372 1249.7382 1264.7391 1279.74 1294.7409 1309.7418 1315.8166 1315.4745 1315.1324 1314.7903 1314.4482 1314.1499 1315.9136 1316.626 1317.3385 1318.0509 1318.7633 1317.7676 1319.6775 1321.5874 1323.4973 1325.4071 1327.317
-9999 1239.6987 1268.3979 1297.0971 1325.7964 1354.4956 1377.6854 1374.7811 1346.0248 1317.2685 1288.5122 1259.7559 1242.1922 1243.2957 1256.3426 1269.7424 1283.1423 1296.5421 1309.942 1317.9772 1313.6361 1309.2949 1304.9538 1300.6126 1292.6339 1287.7206 1305.6745 1320.0383 1334.4022 1348.7661 1363.13 1364.2704 1339.9203 1315.5702 1291.22 1266.8699 1247.0276 1244.0838 1259.0847 1274.0856 1289.0866 1304.0875 1317.6532 1315.1817 1308.5616 1308.2195 1307.8774 1307.5353 1307.1932 1307.7502 1308.4626 1309.1751 1309.8875 1311.6581 1315.7324 1317.6423 1319.5522 1321.4621 1323.372 1343.1189
