mean_models/J1_mean_vp_slide_diff2_120.dat.tif
NCOLS 118
NROWS 92
XLLCORNER 139.62
YLLCORNER -39.07
DX 0.099491525
DY 0.099347826
NODATA_VALUE -9999
[rows 0 to 23 of 92, columns 0 to 53 of 118]
-9999 -9999 -9999 -9999 -9999 -9999 -9999 -9999 -9999 -9999 -9999 -9999 -9999 -9999 -9999 -9999 -9999 -9999 -9999 -9999 -9999 -9999 -9999 -9999 -9999 -9999 -9999 -9999 -9999 -9999 -9999 -9999 -9999 -9999 -9999 -9999 -9999 -9999 -9999 -9999 -9999 -9999 -9999 -9999 -9999 -9999 -9999 -9999 -9999 -9999 -9999 -9999 -9999 -9999
-9999 0.20268388 0.20195776 0.20123163 0.20050551 0.19977938 0.19845131 0.19875304 0.20081153 0.20183955 0.20286757 0.2038956 0.20492362 0.20668623 0.20937842 0.21144984 0.21352125 0.21559266 0.21766408 0.22008006 0.22329099 0.22650191 0.22971283 0.23292375 0.23536926 0.23281271 0.2282173 0.22174967 0.21528205 0.20881442 0.2023468 0.19975025 0.20461589 0.20948153 0.21434717 0.21921282 0.22302129 0.22601229 0.22977833 0.23185462 0.2339309 0.23600719 0.23808347 0.23356623 0.22755966 0.22259119 0.21762272 0.21265426 0.20768579 0.20098757 0.19395264 0.1869177 0.17988276 0.17284782
-9999 0.19800481 0.19727868 0.19655256 0.19582643 0.19403018 0.19156361 0.19186534 0.19536206 0.19808462 0.19911264 0.20014067 0.20116869 0.20293129 0.20616493 0.20914559 0.211217 0.21328842 0.21535983 0.21777581 0.22098674 0.22419766 0.22740858 0.22848641 0.22618683 0.22363028 0.220385 0.21652232 0.2100547 0.20358707 0.19711945 0.1945229 0.19938854 0.20425418 0.20911982 0.21201822 0.21288161 0.2158726 0.22190745 0.22649128 0.22856757 0.23064385 0.23272014 0.22820289 0.21894564 0.21214228 0.20717382 0.20220535 0.19723688 0.19054039 0.18354525 0.17651515 0.16948021 0.16244527
-9999 0.19332573 0.19259961 0.19187348 0.18960905 0.18714248 0.18467591 0.18497764 0.18847436 0.19197108 0.19535771 0.19638573 0.19741376 0.19917636 0.20241 0.20564364 0.20887728 0.21098417 0.21305558 0.21547156 0.21868249 0.22189341 0.22160356 0.21930398 0.2170044 0.21444785 0.21120257 0.2079573 0.20471202 0.19835972 0.1918921 0.18929555 0.19416119 0.19902683 0.20101515 0.20187853 0.20274192 0.20573291 0.21176776 0.21780261 0.22320423 0.22528052 0.2273568 0.22283956 0.21358231 0.20432506 0.19672491 0.19175644 0.18678797 0.18009148 0.17309634 0.1661012 0.15907767 0.15204273
-9999 0.18864666 0.1876545 0.18518793 0.18272135 0.18025478 0.1777882 0.17808994 0.18158666 0.18508338 0.1885801 0.19207682 0.19365882 0.19542143 0.19865507 0.20188871 0.20512235 0.20835599 0.21075133 0.21316732 0.21637824 0.21472071 0.21242113 0.21012155 0.20782197 0.20526542 0.20202014 0.19877487 0.19552959 0.19228431 0.18666475 0.1840682 0.18893384 0.19001208 0.19087546 0.19173885 0.19260223 0.19559323 0.20162807 0.20766292 0.21369777 0.21973262 0.22199347 0.21747622 0.20821897 0.19896172 0.18970447 0.18130753 0.17633907 0.16964257 0.16264743 0.15565229 0.14865715 0.14164018
-9999 0.18323337 0.1807668 0.17830022 0.17583365 0.17336708 0.1709005 0.17120224 0.17469896 0.17819568 0.18169239 0.18518911 0.18868583 0.19166649 0.19490013 0.19813377 0.20136741 0.20460105 0.20783469 0.21013744 0.20783786 0.20553828 0.2032387 0.20093912 0.19863954 0.19608299 0.19283772 0.18959244 0.18634716 0.18310188 0.1798566 0.17814562 0.17900901 0.17987239 0.18073577 0.18159916 0.18246254 0.18545354 0.19148839 0.19752323 0.20355808 0.20959293 0.21562778 0.21211289 0.20285564 0.19359839 0.18434114 0.17508389 0.16589016 0.15919367 0.15219852 0.14520338 0.13820824 0.1312131
-9999 0.18108838 0.1786218 0.17615523 0.17368865 0.17122208 0.16893826 0.16940795 0.17290467 0.17640139 0.17989811 0.18339482 0.18665802 0.18915512 0.19108171 0.19431535 0.19754899 0.20078263 0.20401627 0.20557675 0.20327716 0.20097758 0.198678 0.19637842 0.19374957 0.19212627 0.19358598 0.1903407 0.18709542 0.18385014 0.18060486 0.17876297 0.17962636 0.18048974 0.18135312 0.18221651 0.18029745 0.17996982 0.18600467 0.19203952 0.19807436 0.20410921 0.20773505 0.21007485 0.20620655 0.1969493 0.18769205 0.1784348 0.16917755 0.16184906 0.15485392 0.14785878 0.14086364 0.13539891
-9999 0.17969476 0.17722818 0.17476161 0.17229504 0.170104 0.16795091 0.1684206 0.17191732 0.17541404 0.17891076 0.18202096 0.18500081 0.18749791 0.18902826 0.1905586 0.1937205 0.19695414 0.20018778 0.20174826 0.19944868 0.1971491 0.19484952 0.19197756 0.18879317 0.18716987 0.18973068 0.19229149 0.18941699 0.18617171 0.18292643 0.18108454 0.18194792 0.18281131 0.18367469 0.18032629 0.17555137 0.17522374 0.18125859 0.18729344 0.19332829 0.19608734 0.19839023 0.20073002 0.20309635 0.20168079 0.19242354 0.18316629 0.17390904 0.16658056 0.15958542 0.15259027 0.14828227 0.14738258
-9999 0.17830114 0.17583457 0.17342284 0.17126975 0.16911666 0.16696356 0.16743325 0.17092997 0.17440405 0.1773839 0.18036376 0.18334361 0.1858407 0.18737105 0.18890139 0.19043174 0.19312566 0.1963593 0.19791978 0.1956202 0.19332061 0.19020556 0.18702116 0.18383677 0.18221347 0.18477428 0.18733509 0.1898959 0.18849328 0.185248 0.18340611 0.18426949 0.18513005 0.18035513 0.17558022 0.1708053 0.17047767 0.17651251 0.18213675 0.18443963 0.18674252 0.1890454 0.1913852 0.19375153 0.19611785 0.19715504 0.18789779 0.17864054 0.17131205 0.16431691 0.16116563 0.16026594 0.15936625
-9999 0.17690752 0.17458859 0.1724355 0.1702824 0.16812931 0.16597621 0.1664459 0.16976699 0.17274684 0.1757267 0.17870655 0.1816864 0.1841835 0.18571384 0.18724419 0.18877453 0.19030488 0.19253081 0.19409129 0.19161794 0.18843355 0.18524916 0.18206477 0.17888037 0.17725707 0.17981788 0.18237869 0.1849395 0.18750031 0.18756957 0.18572768 0.18515889 0.18038397 0.17560906 0.17083414 0.16605922 0.16573159 0.17048903 0.17279192 0.17509481 0.17739769 0.17970058 0.18204037 0.1844067 0.18677303 0.18913935 0.19150568 0.18337203 0.17604354 0.17404899 0.1731493 0.17224961 0.17134993
-9999 0.17618215 0.17402905 0.17187596 0.16972287 0.16756977 0.16541668 0.16590508 0.16888494 0.17186479 0.17484464 0.17782449 0.18080435 0.18285747 0.18438782 0.18591817 0.18744851 0.18897886 0.1905092 0.19061388 0.18742949 0.1842451 0.1810607 0.17787631 0.17469192 0.17232377 0.17488458 0.17744539 0.1800062 0.18256701 0.18512782 0.18518299 0.18040807 0.17563315 0.17085823 0.16608331 0.16130839 0.15992886 0.16223175 0.16453463 0.16683752 0.1691404 0.17144329 0.17441285 0.17677918 0.17914551 0.18151184 0.18387816 0.18624449 0.18582608 0.18492639 0.18402671 0.18312702 0.18222733
-9999 0.17842637 0.17627328 0.17412019 0.17196709 0.169814 0.16904848 0.17010315 0.173083 0.17606286 0.17904271 0.18202256 0.18441488 0.18576662 0.1853859 0.18676262 0.18829297 0.18982331 0.19135366 0.19145834 0.18827395 0.18508955 0.18190516 0.17872077 0.17573486 0.1729969 0.17067909 0.17266345 0.17522426 0.17778507 0.18034588 0.18040104 0.17562613 0.17085121 0.16607629 0.16130137 0.15891068 0.15879899 0.16110187 0.16340476 0.16570764 0.16801053 0.17320552 0.17734924 0.18040641 0.18277274 0.18513907 0.18750539 0.18987172 0.18945331 0.18855362 0.18765394 0.18675425 0.18157928
-9999 0.1806706 0.17851751 0.17636441 0.1744734 0.17385997 0.17324655 0.17430122 0.17728107 0.18026092 0.18321099 0.18542785 0.18764472 0.18899646 0.18861574 0.18823502 0.18913742 0.19066777 0.19219811 0.19230279 0.1891184 0.18593401 0.18274962 0.1798356 0.1769409 0.17420295 0.17188513 0.16956732 0.17044232 0.17300313 0.17556394 0.1756191 0.17084418 0.16606926 0.1613797 0.15958025 0.1577808 0.15766911 0.159972 0.16227488 0.16504962 0.17040295 0.17575628 0.1799 0.18317414 0.18639997 0.1887663 0.19113262 0.19349895 0.19308054 0.19218085 0.19128117 0.18480777 0.17603795
-9999 0.18291483 0.18076173 0.17928488 0.17867146 0.17805804 0.17744462 0.17849928 0.18147914 0.18422396 0.18644083 0.18865769 0.19087456 0.1922263 0.19184558 0.19146486 0.19108414 0.19151223 0.19304257 0.19314725 0.18996286 0.18683106 0.18393635 0.18104165 0.17814694 0.17540899 0.17309117 0.17077336 0.16845554 0.16822118 0.17078199 0.17083716 0.16606224 0.16204927 0.16024982 0.15845038 0.15665093 0.15653924 0.15884212 0.16224704 0.16760037 0.1729537 0.17830703 0.18245075 0.1857249 0.18899904 0.19227318 0.19475985 0.19712618 0.19670777 0.19580809 0.18803626 0.17926644 0.17049662
-9999 0.18515905 0.18409637 0.18348295 0.18286953 0.18225611 0.18164268 0.18269735 0.18523693 0.1874538 0.18967067 0.19188753 0.1941044 0.19545614 0.19507542 0.1946947 0.19431398 0.19393326 0.19388703 0.19399171 0.19093181 0.1880371 0.18514239 0.18224769 0.17935298 0.17661503 0.17429721 0.1719794 0.16966158 0.16734377 0.16600005 0.16605522 0.16271884 0.1609194 0.15911995 0.1573205 0.15552105 0.15540936 0.15944447 0.1647978 0.17015113 0.17550446 0.18085779 0.18500151 0.18827565 0.1915498 0.19482394 0.19809808 0.20075341 0.20003458 0.19126475 0.18249493 0.17372511 0.16495529
-9999 0.18879609 0.18818267 0.18756925 0.18695583 0.1863424 0.18572898 0.18662336 0.18884023 0.19105709 0.19327396 0.19549083 0.1977077 0.19880683 0.19838782 0.1980071 0.19762637 0.19724565 0.19686493 0.19572402 0.19282931 0.18993461 0.1870399 0.1841452 0.18125049 0.17576474 0.17231496 0.16999714 0.16767933 0.16536151 0.1630437 0.16090294 0.15910349 0.15730404 0.1555046 0.15370515 0.1519057 0.15169525 0.15704858 0.16240191 0.16775524 0.17310857 0.1784619 0.18319359 0.18646773 0.18974187 0.19301602 0.19629016 0.19956431 0.19216746 0.18339764 0.17462782 0.16585799 0.15708817
-9999 0.19262267 0.19200925 0.19139583 0.19078241 0.19040165 0.19133768 0.19237987 0.19354457 0.19552817 0.19774504 0.1999619 0.20217877 0.20327791 0.20213873 0.20151133 0.20113061 0.20074988 0.20036916 0.19922825 0.19633354 0.19343884 0.19054413 0.18764943 0.18516601 0.17983272 0.16677808 0.16060645 0.15828863 0.15597082 0.153653 0.15151224 0.1497128 0.14791335 0.1461139 0.14464952 0.15081479 0.15181052 0.14541047 0.14851181 0.15386515 0.15921848 0.16457181 0.16965432 0.17453183 0.17780597 0.18108012 0.18435426 0.1876284 0.1796763 0.17012625 0.16135643 0.1525866 0.14381678
-9999 0.19644926 0.19583583 0.19522241 0.19530029 0.19623632 0.19717236 0.19821455 0.19937925 0.20054395 0.20221611 0.20443298 0.20664985 0.20774898 0.20660981 0.20547063 0.20463484 0.20425411 0.20387339 0.20273248 0.19983778 0.19694307 0.19413892 0.19168645 0.18923399 0.18390069 0.17084606 0.15779142 0.14889794 0.14658012 0.14426231 0.14212155 0.1403221 0.13852266 0.13907738 0.14524265 0.15140792 0.15240364 0.14600359 0.13960354 0.13997505 0.14532838 0.15068171 0.15576422 0.16065205 0.16553988 0.16914422 0.17241836 0.1756925 0.1677404 0.1578481 0.14808504 0.13931521 0.13054539
-9999 0.20027584 0.19966242 0.20019893 0.20113496 0.202071 0.20300704 0.20404922 0.20521393 0.20637863 0.20754333 0.20890405 0.21112092 0.21222006 0.21108088 0.2099417 0.20880252 0.20775834 0.20737762 0.20623671 0.20334201 0.20065936 0.1982069 0.19575443 0.19330196 0.18796867 0.17491403 0.16185939 0.14880476 0.13718943 0.13487161 0.13273086 0.13093141 0.13350524 0.13967051 0.14583578 0.15200105 0.15299677 0.14659672 0.14019667 0.13379662 0.13143829 0.13679162 0.14187413 0.14676196 0.15164978 0.15653761 0.16048246 0.1637566 0.1558045 0.1459122 0.1360199 0.1261276 0.117274
-9999 0.20416153 0.20509757 0.2060336 0.20696964 0.20790568 0.20884171 0.2098839 0.2110486 0.21221331 0.21337801 0.21454271 0.21570742 0.21669113 0.21555196 0.21441278 0.2132736 0.21213442 0.21099524 0.20974094 0.2071798 0.20472734 0.20227487 0.19982241 0.19736994 0.19203665 0.17898201 0.16592737 0.15287273 0.1398181 0.12676346 0.12334016 0.12793309 0.13409836 0.14026363 0.14642891 0.15259418 0.1535899 0.14718985 0.1407898 0.13438975 0.1279897 0.12290152 0.12798404 0.13287186 0.13775969 0.14264752 0.14753534 0.1518207 0.1438686 0.1339763 0.124084 0.1141917 0.1042994
-9999 0.20571471 0.20665074 0.20758678 0.20852282 0.20945885 0.21123976 0.21451211 0.21567681 0.21684151 0.21800622 0.21917092 0.22019551 0.21922967 0.21801759 0.21687841 0.21573923 0.21460006 0.21346088 0.21192458 0.20947212 0.20701965 0.20456718 0.20211472 0.19966225 0.19265043 0.18299709 0.16994245 0.15688781 0.14383318 0.13077854 0.1242888 0.13045407 0.13661934 0.14278461 0.14894988 0.15439266 0.15201179 0.14561174 0.13921169 0.13281164 0.12641159 0.12094454 0.12092386 0.12552054 0.13040836 0.13529619 0.14018402 0.14507184 0.13735753 0.12746523 0.11757293 0.10768063 0.097788332
-9999 0.20403827 0.2049743 0.20591034 0.20684637 0.20985937 0.2149579 0.21823025 0.21939496 0.22055966 0.22172436 0.22217132 0.22138452 0.22041867 0.21909427 0.21783131 0.21669213 0.21555295 0.21441377 0.21287747 0.21042501 0.20797254 0.20552008 0.20165226 0.19401745 0.18699711 0.18162373 0.17391763 0.160863 0.14780836 0.13475372 0.12826398 0.13442925 0.14059452 0.14675979 0.15074826 0.15117675 0.14879588 0.14239583 0.13599578 0.12959573 0.1248912 0.1217742 0.12175352 0.12395874 0.12798935 0.13287717 0.137765 0.14265283 0.13493852 0.12504622 0.11515392 0.10555739 0.098880623
-9999 0.20236182 0.20329786 0.2042339 0.20847898 0.21357751 0.21867605 0.2219484 0.2231131 0.22427781 0.22414712 0.22336032 0.22257352 0.22160767 0.22028328 0.21895888 0.21764502 0.21650584 0.21536667 0.21383037 0.2113779 0.20892544 0.20363376 0.19599895 0.18836414 0.1813438 0.17597041 0.17059703 0.16483818 0.15178354 0.1387289 0.13223916 0.13840443 0.1445697 0.14710386 0.14753235 0.14796084 0.14557997 0.13917992 0.13277987 0.12883786 0.12572086 0.12260386 0.12258318 0.1247884 0.12699362 0.13045816 0.13534599 0.14023381 0.13251951 0.1226272 0.11364088 0.10696412 0.10028735
-9999 0.20068538 0.20200006 0.20709859 0.21219713 0.21729566 0.22239419 0.22566654 0.22683125 0.22612292 0.22533612 0.22454932 0.22376252 0.22279668 0.22147228 0.22014788 0.21882348 0.21749909 0.21631956 0.21478326 0.2123308 0.20561526 0.19798045 0.19034564 0.18271082 0.17569049 0.1703171 0.16494371 0.15957033 0.15419694 0.14270408 0.13621434 0.14237961 0.14345946 0.14388795 0.14431644 0.14474493 0.14236406 0.13596401 0.13278453 0.12966752 0.12655052 0.12343352 0.12341284 0.12561806 0.12782328 0.1300285 0.13292697 0.1378148 0.13010049 0.12172438 0.11504761 0.10837084 0.10169407
