mean_models/J1_mean_vp_slide_diff_60.dat.tif
NCOLS 118
NROWS 92
XLLCORNER 139.62
YLLCORNER -39.07
DX 0.099491525
DY 0.099347826
NODATA_VALUE -9999
[rows 27 to 53 of 92, columns 0 to 59 of 118]
-9999 8.0172391 8.0221113 8.0272726 8.0341556 8.0410386 8.0479216 8.0536713 8.0581131 8.0625548 8.0669965 8.0688702 8.0700391 8.0702858 8.0686857 8.0670855 8.0654854 8.0644267 8.0635852 8.0610773 8.0547251 8.0483729 8.0450433 8.0420836 8.0391239 8.0336082 8.0212421 8.008876 7.9965099 7.9935633 7.9944121 7.9965675 8.0012417 8.0059159 8.0091941 8.0124296 8.0156651 8.0182506 8.0199061 8.0215616 8.0232171 8.0233527 8.0233431 8.0210354 8.0170756 8.0131158 8.0098537 8.0107552 8.0116567 8.0120709 8.0124008 8.0127307 8.0079502 7.9975143 7.9883674 7.9836858 7.9790042 7.9743226 7.9657284 7.9564224
-9999 8.0188513 8.0246078 8.0314908 8.0383738 8.0452569 8.0521399 8.0578896 8.0623313 8.066773 8.0712148 8.0756565 8.0784989 8.0787456 8.0771455 8.0755453 8.0739451 8.072345 8.0710779 8.06857 8.06278 8.0598203 8.0568606 8.0539009 8.0509412 8.0454255 8.0330594 8.0206933 8.0083272 7.9959611 7.9896645 7.9918199 7.9961721 7.9994076 8.0026431 8.0058786 8.0091141 8.0116996 8.0133551 8.0150106 8.0166661 8.0183216 8.0188439 8.0165362 8.0125764 8.0086167 8.0046569 8.0006971 8.0012704 8.0016846 8.0020145 8.0023444 8.0026744 7.9999369 7.99079 7.9861084 7.9814268 7.9767452 7.9720636 7.964347
-9999 8.021319 8.0282021 8.0350851 8.0419681 8.0488511 8.0557341 8.061715 8.0661567 8.0705984 8.0750402 8.0794819 8.0839236 8.0862212 8.0846211 8.0830209 8.0814207 8.0798206 8.0782204 8.0762092 8.0732495 8.0702898 8.06733 8.0643703 8.0614106 8.0561014 8.0437353 8.0313692 8.019003 8.0066369 7.9942708 7.9872337 7.9904692 7.9937047 7.9969402 8.0001757 8.0034112 8.0063562 8.0080117 8.0096672 8.0113227 8.0129783 8.0146338 8.0128894 8.0089297 8.0049699 8.0010101 7.9970504 7.9930906 7.9930381 7.993368 7.9936979 7.9940279 7.9943578 7.9926324 7.9879508 7.9832691 7.9785875 7.9739059 7.9692243
-9999 8.0197762 8.0266592 8.0335422 8.0404252 8.0473083 8.0527277 8.0591255 8.0667479 8.0711897 8.0756314 8.0800731 8.0845149 8.0866262 8.0840707 8.0823944 8.0807942 8.0791941 8.0775939 8.0755826 8.0726229 8.0696632 8.0667035 8.0637438 8.0560056 8.0477482 8.0440011 8.0326482 8.0202821 8.007916 7.9955499 7.9885127 7.9917482 7.9949837 7.9982192 8.0014547 8.0055641 8.0094436 8.0126107 8.0142662 8.0159217 8.0175772 8.0192327 8.0170314 8.0123005 8.0083408 8.004381 8.0004212 7.9964615 7.9978112 7.9990439 7.9993739 7.9997038 8.0000337 7.9976197 7.985701 7.9803346 7.975653 7.9709714 7.9662898
-9999 8.0182333 8.0251164 8.0319994 8.0385629 8.0438208 8.0490787 8.0554765 8.06319 8.0709036 8.0762226 8.0806644 8.0851061 8.0872174 8.084662 8.0821065 8.0801677 8.0785675 8.0769674 8.0749561 8.0719964 8.0690367 8.066077 8.0564209 8.0464807 8.0382233 8.0344762 8.0307291 8.0215611 8.009195 7.9968289 7.9897918 7.9930273 7.9962628 7.9995574 8.0038843 8.0082112 8.0120907 8.0153301 8.0185696 8.0205207 8.0221762 8.0238317 8.0216304 8.0166565 8.0117116 8.0077518 8.0037921 7.9998323 8.001182 8.0034494 8.0050498 8.0053797 8.0057096 8.0032956 7.9913769 7.9794582 7.9727184 7.9680368 7.9633552
-9999 8.0166905 8.0235735 8.029656 8.0349139 8.0401718 8.0454296 8.0518275 8.059541 8.0672546 8.0749681 8.0812556 8.0856973 8.0878086 8.0852532 8.0826977 8.0801423 8.077941 8.0763409 8.0743296 8.0713699 8.0667764 8.0568362 8.046896 8.0369558 8.0286984 8.0249513 8.0212041 8.017457 8.0104741 7.998108 7.9910708 7.9943063 7.9978776 8.0022045 8.0065314 8.0108583 8.0147378 8.0179772 8.0212167 8.0244562 8.0267751 8.0284306 8.0262294 8.0212555 8.0162816 8.0113077 8.0071629 8.0032032 8.0045529 8.0068202 8.0090876 8.0110557 8.0113856 8.0089715 7.9970528 7.9851341 7.9732154 7.9651022 7.9604206
-9999 8.0151476 8.0207491 8.026007 8.0312648 8.0365227 8.0417806 8.0481785 8.055892 8.0636055 8.0713191 8.0790326 8.0862885 8.0883999 8.0858444 8.083289 8.0807335 8.0781781 8.0757143 8.0737031 8.0671917 8.0572515 8.0473113 8.0373711 8.0274309 8.0191735 8.0154263 8.0116792 8.0079321 8.004185 7.999387 7.9923499 7.9961979 8.0005247 8.0048516 8.0091785 8.0135053 8.0173849 8.0206243 8.0238638 8.0271033 8.0303428 8.0330296 8.0308283 8.0258544 8.0208806 8.0159067 8.0109328 8.006574 8.0079237 8.0101911 8.0124584 8.0147258 8.0169931 8.0146475 8.0027287 7.99081 7.9788913 7.9669726 7.9574861
-9999 8.0115281 8.016786 8.0220439 8.0273018 8.0325597 8.0378175 8.046185 8.05402 8.0617335 8.069447 8.0771605 8.0848741 8.085346 8.080971 8.0784155 8.0758601 8.0733046 8.0707492 8.0659607 8.0560205 8.0460803 8.0361401 8.0261999 8.0162597 8.0135405 8.0099703 8.0062231 8.002476 7.9987289 7.9949818 7.9939925 7.9983193 8.0026462 8.0069731 8.0113 8.0156268 8.0184215 8.0217613 8.0250008 8.0282403 8.0314798 8.0347193 8.0364078 8.0314339 8.02646 8.0214862 8.0165123 8.0115384 8.0110958 8.0133631 8.0156305 8.0178978 8.0201651 8.0207583 8.0104159 7.9984972 7.9865785 7.9746597 7.962741
-9999 8.0070471 8.012305 8.0175629 8.0228208 8.0283015 8.0343327 8.0427279 8.0538517 8.0627922 8.0705057 8.0782193 8.0859328 8.0864047 8.0723749 8.0645293 8.0619738 8.0594184 8.056863 8.0520745 8.0421343 8.0321941 8.0222539 8.0130247 8.0138878 8.0137252 8.0108135 8.0074777 8.0037306 7.9999835 7.9962364 7.9952471 7.9995739 8.0039008 8.0082277 8.0119256 8.0126708 8.0150888 8.0199003 8.0236473 8.0268868 8.0301263 8.0333658 8.035847 8.0377833 8.0336567 8.0286828 8.023709 8.0187351 8.0168825 8.0162073 8.0184746 8.020742 8.0230093 8.0236024 8.0183964 8.0095015 7.9975828 7.985664 7.9737453
-9999 8.0025661 8.007824 8.0130819 8.0188133 8.0248444 8.0308756 8.0392709 8.0503947 8.0615185 8.0715644 8.079278 8.0869915 8.0874634 8.0734336 8.0594038 8.0480876 8.0455322 8.0429767 8.0381882 8.028248 8.0183078 8.0123463 8.0132094 8.0140724 8.0139098 8.0109981 8.0080864 8.0049852 8.0012381 7.997491 7.9965017 8.0008285 8.0051554 8.0078477 8.0085929 8.0093381 8.0117562 8.0165676 8.021379 8.0255333 8.0287728 8.0320122 8.0344935 8.0364298 8.038366 8.0358795 8.0309056 8.0259318 8.0240792 8.0227661 8.021453 8.0235861 8.0258535 8.0264466 8.0212405 8.0160345 8.008587 7.9966683 7.9847496
-9999 7.9980851 8.003343 8.009325 8.0153562 8.0213873 8.0274185 8.0358138 8.0469376 8.0580614 8.0691852 8.080309 8.0880502 8.0885221 8.0744923 8.0604625 8.0464327 8.0324029 8.0290905 8.024302 8.0143618 8.0116678 8.0125309 8.013394 8.0142571 8.0140945 8.0111828 8.008271 8.0053593 8.0024476 7.9987456 7.9977562 8.0020831 8.0037699 8.004515 8.0052602 8.0060054 8.0084235 8.0132349 8.0180464 8.0228578 8.0274193 8.0306587 8.03314 8.0350763 8.0370125 8.0389488 8.0381023 8.0331284 8.0312759 8.0299628 8.0286496 8.0273365 8.0286976 8.0292908 8.0240847 8.0188786 8.0136725 8.0076726 7.9957539
-9999 7.9938057 7.9998368 8.005868 8.0118991 8.0179302 8.0239614 8.0323567 8.0434805 8.0546043 8.0657281 8.0768519 8.0879757 8.0895808 8.075551 8.0615212 8.0474914 8.0334616 8.0194318 8.0104158 8.0109894 8.0118525 8.0127156 8.0135787 8.0144418 8.0142792 8.0113674 8.0084557 8.005544 8.0026322 7.9997205 7.9989468 7.999692 8.0004372 8.0011823 8.0019275 8.0026727 8.0050908 8.0099022 8.0147137 8.0195251 8.0243366 8.029148 8.0317865 8.0337228 8.035659 8.0375953 8.0395315 8.0403251 8.0384725 8.0371594 8.0358463 8.0345332 8.0332201 8.0321349 8.0269288 8.0217228 8.0165167 8.0113106 8.0061046
-9999 7.9921707 7.9982018 8.004233 8.0102641 8.0162952 8.0191725 8.0238436 8.0349674 8.0460912 8.057215 8.0683388 8.0776193 8.0785438 8.0683383 8.0543086 8.0402788 8.026249 8.0122192 8.0026927 8.0035558 8.0044189 8.005282 8.0061451 8.0097034 8.0151051 8.0060208 8.0031091 8.0001973 7.9972856 7.9943739 7.9927112 7.9934564 7.9942016 7.9949467 7.9956919 7.9988881 8.0052212 8.0100326 8.0148441 8.0196555 8.024467 8.028569 8.0282341 8.0284578 8.0303941 8.0323303 8.0342666 8.0362028 8.0353685 8.0340554 8.0327423 8.0314292 8.0298207 8.0259043 8.0206982 8.0154922 8.0102861 8.00508 8.0050684
-9999 7.9911519 7.9971831 8.0032142 8.0092454 8.0098693 8.0089494 8.0136205 8.0247443 8.0358681 8.0469919 8.0544199 8.0598292 8.0607536 8.0526972 8.0442984 8.0302686 8.0162388 8.002209 7.9926826 7.9935457 7.9944088 7.9952719 8.0021574 8.0140212 8.0194228 8.0075046 7.9958916 7.9929799 7.9900682 7.9871565 7.9854938 7.986239 7.9869842 7.9877293 7.992793 8.0001897 8.0065229 8.0113343 8.0161458 8.0209572 8.0247076 8.0281617 8.0278268 8.024768 8.0238062 8.0257425 8.0276787 8.029615 8.0287807 8.0274676 8.0261545 8.0240649 8.0205208 8.0166045 8.0113984 8.0061923 8.0009863 8.0031979 8.0083024
-9999 7.9901332 7.9961643 8.0014859 8.000566 7.9996462 7.9987263 8.0033974 8.0145212 8.025645 8.0312205 8.0366298 8.042039 8.0429635 8.034907 8.0268505 8.018794 8.0062286 7.9921988 7.9826724 7.9835355 7.9843986 7.9946115 8.0064752 8.0183389 8.0237406 8.0118223 7.9999041 7.9879858 7.9828508 7.9799391 7.9782764 7.9790216 7.9797668 7.9866979 7.9940946 8.0014914 8.0078245 8.012636 8.0173922 8.0208462 8.0243003 8.0277544 8.0274195 8.0243607 8.021302 8.0191546 8.0210909 8.0230271 8.0221928 8.0208797 8.0183091 8.0147651 8.011221 8.0073047 8.0020986 7.9968925 8.0013275 8.0064319 8.0115364
-9999 7.9891144 7.9921827 7.9912628 7.9903429 7.9894231 7.9885032 7.9931743 8.0026119 8.0080211 8.0134303 8.0188396 8.0242488 8.0251733 8.0171168 8.0090603 8.0010038 7.9929473 7.9821887 7.9726623 7.9752018 7.9870655 7.9989292 8.0107929 8.0226566 8.0280583 8.0161401 8.0042218 7.9923036 7.9803853 7.9727217 7.971059 7.973206 7.9806028 7.9879995 7.9953963 8.0027931 8.0091262 8.0135308 8.0169848 8.0204389 8.023893 8.0273471 8.0270121 8.0239534 8.0208946 8.0178359 8.0147771 8.0164393 8.015605 8.0125533 8.0090093 8.0054652 8.0019212 7.9980048 7.9943526 7.999457 8.0045615 8.0096659 8.0147704
-9999 7.9822288 7.9813089 7.980389 7.9794691 7.9785493 7.9776294 7.9815606 7.9869699 7.9923791 7.9977884 8.0031976 8.0086068 8.0105956 8.0025391 7.9944826 7.9864261 7.9783697 7.9703132 7.9682802 7.9801439 7.9920076 8.0038713 8.015735 8.0275987 8.0330313 8.0211131 8.0091949 7.9972766 7.9853584 7.9734401 7.9681193 7.975516 7.9829128 7.9903096 7.9977064 8.0051031 8.0083568 8.0118109 8.015265 8.018719 8.0221731 8.0256272 8.0248929 8.0218341 8.0187754 8.0157166 8.0126579 8.0095991 8.0065849 8.0030409 7.9994969 7.9959528 7.9924088 7.9907822 7.9958867 8.0009911 8.0060956 8.0112 8.0163045
-9999 7.9664475 7.9655276 7.9646077 7.9636879 7.962768 7.978487 7.9876641 7.9875296 7.9929388 7.9983481 8.0037573 8.0091666 8.0124663 8.0115417 8.0041338 7.9960773 7.9880208 7.9799643 7.9779314 7.9897951 8.0016588 8.0135225 8.0253862 8.0309281 8.0322801 8.0298136 8.0191102 8.0071919 7.9952737 7.9833555 7.9780346 7.9854314 7.9928281 8.0002249 8.0076217 8.0133844 8.0116269 8.0001916 8.0036457 8.0070998 8.0105538 8.0140079 8.012034 8.0068032 8.0037445 8.0006857 7.997627 7.9945682 7.9939014 7.9919251 7.9883811 7.9848371 7.981293 7.9796543 7.9846154 7.9897048 7.9948092 7.9999137 8.0050181
-9999 7.9506662 7.9497463 7.9488264 7.9517005 7.9690263 7.986352 7.995529 7.9953015 7.995074 7.9989078 8.0043171 8.0097263 8.013026 8.0121014 8.0111768 8.0057284 7.9976719 7.9896154 7.9875825 7.9994462 8.0113099 8.0231736 8.0262188 8.0289956 8.0303477 8.0278812 8.0254146 8.0171073 8.005189 7.9932708 7.9879499 7.9953467 8.0027435 8.010009 8.0153926 8.0207761 8.0190186 8.007045 7.9950713 7.9954805 7.9989346 8.0023887 8.0004148 7.9945389 7.9887136 7.9856548 7.982596 7.9795373 7.9788705 7.9786172 7.9772654 7.9737213 7.9701773 7.9685386 7.9734997 7.9784607 7.9835229 7.9886274 7.9937318
-9999 7.9348849 7.933965 7.9422398 7.9595655 7.9768912 7.9942169 8.003394 8.0031665 8.002939 8.0027114 8.0048768 8.010286 8.0135858 8.0126612 8.0117366 8.010812 8.007323 7.9992665 7.9972336 8.0090973 8.0187328 8.0215096 8.0242864 8.0270632 8.0284153 8.0259488 8.0234822 8.0210157 8.0151044 8.0031861 7.9978653 8.005262 8.0120172 8.0174007 8.0227842 8.0281677 8.0264103 8.0144366 8.002463 7.9904894 7.9873153 7.9907694 7.9887955 7.9829196 7.9770437 7.9711677 7.9675651 7.9645064 7.9638396 7.9635863 7.9633329 7.9626056 7.9590615 7.9574228 7.9623839 7.967345 7.972306 7.977341 7.9824455
-9999 7.9191036 7.932779 7.9501048 7.9674305 7.9847562 8.0020819 8.011259 8.0110314 8.0108039 8.0105764 8.0103489 8.0108457 8.0141455 8.0132209 8.0122963 8.0113717 8.0104471 8.0089176 8.0068847 8.0140236 8.0168004 8.0195772 8.022354 8.0251308 8.0264829 8.0240163 8.0215498 8.0190832 8.0166167 8.0131015 8.0077806 8.0140254 8.0194089 8.0247924 8.0301759 8.0355594 8.033802 8.0218283 8.0098547 7.9978811 7.9859074 7.9791501 7.9771763 7.9713003 7.9654244 7.9595485 7.9536725 7.9494755 7.9488087 7.9485554 7.948302 7.9480487 7.9477953 7.9463071 7.9512681 7.9562292 7.9611903 7.9661514 7.9711591
-9999 7.9258246 7.9431503 7.9604761 7.9778018 7.9951275 8.0124532 8.0123367 8.0121092 8.0118817 8.0116542 8.0114266 8.0111991 8.011069 8.0117447 8.0108201 8.0098955 8.0089709 8.0080463 8.0082409 8.0110177 8.0137945 8.0165714 8.0193482 8.022125 8.0286117 8.0267776 8.0243111 8.0218445 8.019378 8.0169114 8.0171262 8.0225097 8.0278932 8.0332767 8.0386602 8.0440437 8.0332363 8.0212627 8.0092891 7.9973154 7.9853418 7.9740272 7.9706516 7.9647756 7.9588997 7.9530238 7.9471478 7.9412719 7.94019 7.9399366 7.9396833 7.9394299 7.9391766 7.941569 7.9465301 7.9514912 7.9564523 7.9614133 7.966247
-9999 7.9401791 7.9575048 7.9748305 7.9921562 8.003427 8.0029755 8.002628 8.0024005 8.002173 8.0019454 8.0006713 7.9954462 7.9945955 8.0025049 8.0061084 8.0051838 8.0042592 8.0033345 8.0035292 8.006306 8.0090828 8.0118596 8.0156404 8.026974 8.0352925 8.0355298 8.0345318 8.0320652 8.0295987 8.0271321 8.0273469 8.0327304 8.0381139 8.0434974 8.0448311 8.0323166 8.0200246 8.008051 7.9960773 7.9841037 7.9751886 7.9715747 7.9684957 7.9658014 7.9604714 7.9545954 7.9487195 7.9428436 7.9417617 7.9415083 7.941255 7.9410016 7.9436628 7.9469667 7.9519278 7.9568889 7.9618499 7.9662734 7.9695436
-9999 7.9545335 7.9718592 7.9891849 7.9941697 7.9937183 7.9932668 7.9929193 7.9926918 7.9924643 7.989423 7.9841979 7.9789728 7.9781221 7.9860315 7.9939409 8.000472 7.9995474 7.9986228 7.9988175 8.0015943 8.0043711 8.0109877 8.0223213 8.0336548 8.0419733 8.0422106 8.0424478 8.0422859 8.0398193 8.0373528 8.0375676 8.0429511 8.0483346 8.0441339 8.0316194 8.0191049 8.0068129 7.9948393 7.9828656 7.97635 7.972736 7.9691221 7.9660432 7.9633489 7.9606546 7.9561671 7.9502912 7.9444152 7.9433334 7.94308 7.9434093 7.9462349 7.9490604 7.9523644 7.9573255 7.9622865 7.9662997 7.96957 7.9728402
-9999 7.9688879 7.985364 7.9849125 7.984461 7.9840096 7.9835581 7.9832106 7.9829831 7.9781747 7.9729496 7.9677245 7.9624994 7.9616487 7.9695581 7.9774675 7.9853769 7.9932864 7.9939111 7.9941057 7.9968825 8.0063349 8.0176685 8.0290021 8.0403356 8.0486541 8.0488914 8.0491286 8.0493659 8.0496032 8.0475735 8.0477883 8.0531718 8.0434367 8.0309222 8.0184077 8.0058932 7.9936012 7.9816275 7.9775114 7.9738974 7.9702835 7.9666695 7.9635906 7.9608963 7.958202 7.9555077 7.9518629 7.9459869 7.944905 7.9459814 7.948807 7.9516326 7.9544581 7.9577621 7.9627232 7.966326 7.9695963 7.9728665 7.9761368
-9999 7.9761067 7.9756552 7.9752038 7.9747523 7.9743009 7.9738494 7.9721514 7.9669263 7.9617012 7.9564762 7.9512511 7.946026 7.9451753 7.9530847 7.9609941 7.9689035 7.9768129 7.9847223 7.9903486 8.0016821 8.0130157 8.0243493 8.0356829 8.0470165 8.0553349 8.0555722 8.0558095 8.0560467 8.056284 8.0565212 8.055254 8.0427395 8.030225 8.0177105 8.005196 7.9926815 7.9822867 7.9786727 7.9750588 7.9714449 7.9678309 7.964217 7.961138 7.9584437 7.9557494 7.9530551 7.9503608 7.9475586 7.9485536 7.9513791 7.9542047 7.9570302 7.9598558 7.9630821 7.9663524 7.9696226 7.9728929 7.9761631 7.9794334
-9999 7.9743109 7.9738595 7.973408 7.9729565 7.9725051 7.9690514 7.9636968 7.9584717 7.9532466 7.9480215 7.9427964 7.94244 7.9428022 7.9372354 7.9451448 7.9530542 7.9609636 7.968873 7.9778179 7.9891514 8.000485 8.0118186 8.0231522 8.0308335 8.0352988 8.0446828 8.04492 8.0451573 8.0453946 8.0456318 8.0415135 8.028999 8.0164845 8.00397 7.9914554 7.9820279 7.9767476 7.9731337 7.9695197 7.9659058 7.9622918 7.9608281 7.9597976 7.9576676 7.9549733 7.952279 7.9495847 7.9468904 7.9489026 7.9517281 7.9545537 7.9573792 7.9608022 7.965474 7.9687442 7.9720145 7.9752847 7.978555 7.9725383
