mean_models/J1_mean_vp_slide_diff2_80.dat.tif
NCOLS 118
NROWS 92
XLLCORNER 139.62
YLLCORNER -39.07
DX 0.099491525
DY 0.099347826
NODATA_VALUE -9999
[rows 48 to 71 of 92, columns 0 to 53 of 118]
-9999 -0.077446282 -0.059579235 -0.041712188 -0.023845141 -0.0059780939 0.011888953 0.01063195 0.0096657402 0.0086995307 0.0077333212 0.0067671117 0.0058009022 0.0051877723 0.0044053387 0.0019376172 -0.00053010424 -0.0029978257 -0.0054655472 -0.006364299 -0.0036433716 -0.00092244421 0.0017984832 0.0045194106 0.007240338 0.014653326 0.013335916 0.011238669 0.0091414209 0.0070441733 0.0049469257 0.0062073763 0.013940397 0.021673418 0.029406439 0.03713946 0.044872481 0.034296571 0.022588477 0.010880383 -0.00082771083 -0.012535805 -0.023528586 -0.026154694 -0.030938141 -0.035721589 -0.040505037 -0.045288485 -0.050071933 -0.053972051 -0.057719506 -0.061466961 -0.065214416 -0.06896187
-9999 -0.061831453 -0.043964406 -0.026097359 -0.0082303118 0.0028731747 0.00088252872 -0.00063254839 -0.0015987579 -0.0025649674 -0.0035311769 -0.0053967894 -0.010657608 -0.011889898 -0.0050548305 -0.0027542494 -0.0052219709 -0.0076896924 -0.010157414 -0.011056166 -0.0083352383 -0.0056143109 -0.0028933835 0.00099025844 0.013620376 0.023154629 0.024391191 0.024104654 0.022007406 0.019910158 0.017812911 0.019073361 0.026806382 0.034539403 0.042272424 0.045391525 0.032733336 0.020466029 0.0087579353 -0.0029501588 -0.014658253 -0.023046852 -0.025682005 -0.028067747 -0.03027419 -0.034615517 -0.039398964 -0.044182412 -0.04896586 -0.052865978 -0.056613433 -0.060360888 -0.064108343 -0.063259058
-9999 -0.046216624 -0.028349577 -0.01048253 -0.0064006773 -0.0083913233 -0.010381969 -0.011897046 -0.012863256 -0.013829465 -0.017213642 -0.02247446 -0.027735278 -0.028967569 -0.022132501 -0.015297433 -0.0099138376 -0.012381559 -0.014849281 -0.015748032 -0.013027105 -0.010306178 -0.0031385552 0.0094915623 0.02212168 0.031655933 0.032892495 0.034129057 0.034873391 0.032776143 0.030678896 0.031939346 0.039672367 0.047405388 0.044219171 0.031560983 0.018902794 0.0066354874 -0.0050726067 -0.016780701 -0.022565118 -0.025200272 -0.027835425 -0.030221166 -0.032427609 -0.034634052 -0.038292892 -0.04307634 -0.047859788 -0.051759906 -0.055507361 -0.058335839 -0.057227219 -0.056118599
-9999 -0.030601795 -0.013683883 -0.015674529 -0.017665175 -0.019655821 -0.021646467 -0.023161545 -0.024127754 -0.029030494 -0.034291312 -0.03955213 -0.044812949 -0.046045239 -0.039210172 -0.032375104 -0.025540036 -0.018704968 -0.019541147 -0.020439899 -0.017718972 -0.0072673689 0.0053627487 0.017992866 0.030622984 0.040157237 0.041393799 0.04263036 0.043866922 0.045103484 0.043544881 0.044805331 0.052538352 0.043046818 0.030388629 0.017730441 0.0050722519 -0.0071950546 -0.018903149 -0.022083385 -0.024718538 -0.027353691 -0.029988844 -0.032374586 -0.034581028 -0.036787471 -0.038993914 -0.041970267 -0.046753715 -0.050653833 -0.052303999 -0.051195379 -0.050086759 -0.04897814
-9999 -0.022957735 -0.024948381 -0.026939027 -0.028929673 -0.030920319 -0.032910965 -0.035586528 -0.040847346 -0.046108164 -0.051368983 -0.056629801 -0.061890619 -0.06312291 -0.056287842 -0.049452774 -0.042617706 -0.035782639 -0.028947571 -0.0240263 -0.011396183 0.001233935 0.013864053 0.02649417 0.039124288 0.048658541 0.049895103 0.051131664 0.052368226 0.053604788 0.054841349 0.054532654 0.041874465 0.029216276 0.016558087 0.0038998986 -0.0087582901 -0.018966498 -0.021601651 -0.024236804 -0.026871957 -0.02950711 -0.032142263 -0.034528005 -0.036734448 -0.03894089 -0.041147333 -0.043353776 -0.045647643 -0.04627216 -0.04516354 -0.04405492 -0.0429463 -0.04183768
-9999 -0.025287699 -0.027278345 -0.029268991 -0.031259637 -0.033250283 -0.037542347 -0.043110936 -0.048371755 -0.053632573 -0.058893391 -0.06415421 -0.064668865 -0.064528099 -0.070381717 -0.063546649 -0.056711581 -0.049876513 -0.043041446 -0.034454042 -0.021823924 -0.0091938067 0.0034363108 0.016066428 0.02441477 0.028814805 0.038900648 0.04013721 0.041373771 0.042610333 0.043846895 0.040337464 0.027679275 0.015021086 0.0023628977 -0.010295291 -0.01973263 -0.024539852 -0.027175005 -0.029810158 -0.032445311 -0.035080464 -0.035416656 -0.036098424 -0.038101027 -0.04030747 -0.042513912 -0.044720355 -0.046926798 -0.046306684 -0.045198064 -0.044089444 -0.042980824 -0.041116298
-9999 -0.026122869 -0.028113515 -0.030104161 -0.032094807 -0.037633185 -0.043468445 -0.049037034 -0.054297852 -0.059558671 -0.064819489 -0.062042609 -0.057149746 -0.057008981 -0.066384565 -0.075760149 -0.070306251 -0.063471184 -0.056636116 -0.048048712 -0.035418594 -0.022788477 -0.010158359 -0.005152101 -0.0035715123 0.00082852256 0.01278538 0.024742238 0.027117574 0.028354136 0.029590698 0.026081267 0.013423078 0.0007648894 -0.011893299 -0.019552688 -0.025878157 -0.030685379 -0.033320532 -0.035955685 -0.038590838 -0.038025193 -0.037179 -0.037860768 -0.039640969 -0.041542406 -0.043748849 -0.045955292 -0.048161735 -0.047541621 -0.046433001 -0.045324381 -0.042845744 -0.038889179
-9999 -0.026958039 -0.028948685 -0.031888764 -0.037724023 -0.043559283 -0.049394542 -0.054963132 -0.06022395 -0.064309216 -0.059416353 -0.05452349 -0.049630627 -0.049489862 -0.058865446 -0.06824103 -0.077616614 -0.077065854 -0.070230786 -0.061643382 -0.049013264 -0.036383147 -0.034718972 -0.033138384 -0.031557795 -0.02715776 -0.015200902 -0.0032440444 0.0087128134 0.014097939 0.0153345 0.01182507 -0.00083311893 -0.013047278 -0.019372747 -0.025698215 -0.032023684 -0.036830906 -0.039466059 -0.041479922 -0.040633729 -0.039787537 -0.038941344 -0.039623112 -0.041403313 -0.043183513 -0.044983786 -0.047190228 -0.049396671 -0.048776557 -0.047667937 -0.04457519 -0.040618625 -0.03666206
-9999 -0.027793208 -0.031979602 -0.037814862 -0.043650121 -0.049485381 -0.05532064 -0.06088923 -0.06168296 -0.056790097 -0.051897234 -0.047004371 -0.042111509 -0.041970744 -0.051346328 -0.060721911 -0.070097495 -0.079473079 -0.083825456 -0.075238052 -0.065866432 -0.064285844 -0.062705255 -0.061124666 -0.059544078 -0.055144043 -0.043187185 -0.031230327 -0.019273469 -0.0073166115 0.0010783034 -0.0024311273 -0.012867336 -0.019192805 -0.025518273 -0.031843742 -0.038169211 -0.042976433 -0.044088458 -0.043242266 -0.042396073 -0.041549881 -0.040703688 -0.041385456 -0.043165657 -0.044945857 -0.046726057 -0.048506257 -0.050631608 -0.050011494 -0.046304635 -0.042348071 -0.038391506 -0.034434941
-9999 -0.033480166 -0.039315425 -0.045150685 -0.050985944 -0.056821204 -0.062656463 -0.064153061 -0.059260199 -0.054367336 -0.049474473 -0.04458161 -0.039688748 -0.035815083 -0.045190667 -0.05456625 -0.063941834 -0.073317418 -0.082693002 -0.088755604 -0.087175015 -0.085594426 -0.084013838 -0.082433249 -0.08085266 -0.081215493 -0.069378767 -0.05742191 -0.045465052 -0.033508194 -0.021551336 -0.015839123 -0.022164592 -0.028490061 -0.03481553 -0.041140999 -0.047466467 -0.046514265 -0.045668072 -0.044821879 -0.043975687 -0.043129494 -0.042283302 -0.04391267 -0.04569287 -0.04747307 -0.04925327 -0.051033471 -0.052813671 -0.052374522 -0.048417958 -0.044461393 -0.040504828 -0.036548263
-9999 -0.045630846 -0.051466106 -0.057301365 -0.063136625 -0.068596966 -0.071417958 -0.073028866 -0.073243181 -0.069350975 -0.064458112 -0.05956525 -0.054672387 -0.05040856 -0.047404413 -0.053067423 -0.062443007 -0.071818591 -0.081194175 -0.087256776 -0.085676187 -0.084095599 -0.08251501 -0.080934421 -0.089692388 -0.094932116 -0.087821844 -0.077483768 -0.06552691 -0.053570053 -0.041613195 -0.035900982 -0.042226451 -0.048551919 -0.054877388 -0.061088976 -0.060769929 -0.056907206 -0.047974754 -0.045777385 -0.044931192 -0.044085 -0.043238807 -0.04584508 -0.050832464 -0.052612665 -0.054392865 -0.056173065 -0.057953265 -0.062937472 -0.065355879 -0.061399314 -0.057442749 -0.053486185
-9999 -0.057781527 -0.063616786 -0.069452046 -0.073846549 -0.076667542 -0.079488534 -0.081099442 -0.081313756 -0.081528071 -0.079441751 -0.074548889 -0.069656026 -0.065392199 -0.062388052 -0.059383906 -0.060944179 -0.070319763 -0.079695347 -0.085757949 -0.08417736 -0.082596771 -0.083714 -0.093561506 -0.10340901 -0.10864874 -0.10153847 -0.094428196 -0.085588769 -0.073631911 -0.061675053 -0.05596284 -0.062288309 -0.068613778 -0.072770766 -0.072451718 -0.072132671 -0.068269948 -0.059337496 -0.050405044 -0.045886697 -0.045040505 -0.044194312 -0.046800585 -0.051888791 -0.056976997 -0.059532459 -0.061312659 -0.063092859 -0.068077067 -0.073615014 -0.078337235 -0.074380671 -0.070424106
-9999 -0.069932208 -0.075767467 -0.079096132 -0.081917125 -0.084738117 -0.08755911 -0.089170018 -0.089384332 -0.089598647 -0.089812961 -0.089532528 -0.084639665 -0.080375838 -0.077371692 -0.074367545 -0.071363398 -0.068820936 -0.07819652 -0.084259121 -0.082678532 -0.087583118 -0.097430624 -0.10727813 -0.11712563 -0.12236536 -0.11525509 -0.10814482 -0.10103455 -0.093693769 -0.081736912 -0.076024699 -0.082350167 -0.084452555 -0.084133508 -0.08381446 -0.083495413 -0.079632691 -0.070700238 -0.061767786 -0.052835334 -0.04599601 -0.045149818 -0.04775609 -0.052844296 -0.057932502 -0.063020709 -0.066452253 -0.068232453 -0.073216661 -0.078754608 -0.084292555 -0.089830502 -0.087362027
-9999 -0.081524723 -0.084345716 -0.087166708 -0.089987701 -0.092808693 -0.095629686 -0.097240594 -0.097454908 -0.097669223 -0.097883537 -0.098097852 -0.098312166 -0.095359477 -0.092355331 -0.089351184 -0.086347037 -0.083342891 -0.080338744 -0.082760294 -0.091452236 -0.10129974 -0.11114725 -0.12099475 -0.13084226 -0.13608199 -0.12897171 -0.12186144 -0.11475117 -0.1076409 -0.10053063 -0.096086557 -0.096134345 -0.095815297 -0.09549625 -0.095177202 -0.094858155 -0.090995433 -0.08206298 -0.073130528 -0.064198076 -0.055265624 -0.046333172 -0.048711596 -0.053799802 -0.058888008 -0.063976214 -0.06906442 -0.073372047 -0.078356255 -0.083894202 -0.089432149 -0.094970096 -0.10050804
-9999 -0.083917537 -0.086738529 -0.089559522 -0.092380514 -0.095201507 -0.096831588 -0.093699901 -0.090634917 -0.090849231 -0.091063546 -0.09127786 -0.091492175 -0.093125993 -0.094571736 -0.091567589 -0.088563443 -0.085559296 -0.082555149 -0.08343715 -0.093284655 -0.10313216 -0.11297967 -0.12282717 -0.13068872 -0.13167901 -0.13163269 -0.12452242 -0.11741215 -0.11030188 -0.10319161 -0.098400997 -0.09808195 -0.097762902 -0.097443855 -0.097124807 -0.095570663 -0.097190951 -0.097378969 -0.088446517 -0.079514065 -0.070581613 -0.061649161 -0.05755764 -0.060937438 -0.066025644 -0.07111385 -0.076202056 -0.081290262 -0.072007032 -0.077312996 -0.082850943 -0.08838889 -0.093926837
-9999 -0.08384137 -0.086662362 -0.089483355 -0.092304347 -0.092901291 -0.092800495 -0.089668808 -0.083039084 -0.077554063 -0.077768378 -0.077982692 -0.078197007 -0.079830825 -0.08430728 -0.088232151 -0.085228005 -0.082223858 -0.079219712 -0.080101712 -0.089949217 -0.099796723 -0.10964423 -0.11420883 -0.11410801 -0.1150983 -0.11901304 -0.12237585 -0.11526558 -0.1081553 -0.10104503 -0.096254422 -0.095935374 -0.095616327 -0.095297279 -0.092563864 -0.088431087 -0.090051374 -0.099902236 -0.10548158 -0.096549126 -0.087616674 -0.078684222 -0.074592702 -0.073981265 -0.075851586 -0.080939792 -0.086027998 -0.091116204 -0.081832974 -0.070065969 -0.071172937 -0.076710884 -0.082248832
-9999 -0.083765203 -0.086586196 -0.089071791 -0.088970994 -0.088870198 -0.088769402 -0.085637715 -0.079007991 -0.072378267 -0.065748543 -0.064687525 -0.064901839 -0.066535657 -0.071012113 -0.075488568 -0.079965023 -0.078888421 -0.075884274 -0.076766274 -0.08661378 -0.096461285 -0.097728935 -0.097628117 -0.097527299 -0.098517591 -0.10243233 -0.10634707 -0.11026181 -0.10600873 -0.098898458 -0.094107846 -0.093788799 -0.093469752 -0.089557064 -0.085424287 -0.08129151 -0.082911798 -0.09276266 -0.10261352 -0.11246438 -0.10465174 -0.095719284 -0.091627763 -0.091016326 -0.09040489 -0.090765733 -0.095853939 -0.10094215 -0.091658915 -0.079891911 -0.068124906 -0.065032879 -0.070570826
-9999 -0.083689037 -0.085141494 -0.085040697 -0.084939901 -0.084839105 -0.084738308 -0.081606621 -0.074976898 -0.068347174 -0.06171745 -0.055087726 -0.051606672 -0.05324049 -0.057716945 -0.0621934 -0.066669856 -0.071146311 -0.072548836 -0.073430837 -0.081349861 -0.081249043 -0.081148225 -0.081047407 -0.080946589 -0.08193688 -0.085851619 -0.089766357 -0.093681096 -0.097595834 -0.096751882 -0.091961271 -0.090683041 -0.086550264 -0.082417488 -0.078284711 -0.074151934 -0.075772222 -0.085623083 -0.095473945 -0.10532481 -0.11517567 -0.11275434 -0.10866282 -0.10805139 -0.10743995 -0.10682851 -0.10621708 -0.11076809 -0.10148486 -0.089717852 -0.077950847 -0.066183842 -0.05889282
-9999 -0.082221255 -0.082120459 -0.082019663 -0.081918866 -0.08181807 -0.081717274 -0.079714276 -0.073084552 -0.066454828 -0.059825105 -0.053195381 -0.046565657 -0.04180697 -0.046283425 -0.050759881 -0.055236336 -0.059712791 -0.064189247 -0.067281603 -0.067180785 -0.067079967 -0.066979149 -0.066878331 -0.066777513 -0.066351704 -0.070266443 -0.074181181 -0.07809592 -0.082010659 -0.085925397 -0.087091368 -0.082958591 -0.078825814 -0.074693037 -0.070560261 -0.066427484 -0.069979304 -0.079830166 -0.089681027 -0.099531889 -0.10938275 -0.11923361 -0.12292537 -0.12231393 -0.1217025 -0.12109106 -0.12047962 -0.11986819 -0.10974506 -0.097978057 -0.086211052 -0.074444047 -0.062677042
-9999 -0.084224108 -0.084123311 -0.084022515 -0.083921719 -0.084042137 -0.088922605 -0.088459755 -0.081830031 -0.075200307 -0.068570583 -0.06194086 -0.053692057 -0.047447628 -0.04552512 -0.048585929 -0.053062385 -0.05753884 -0.062015296 -0.065107652 -0.065006834 -0.064906016 -0.064805198 -0.06470438 -0.065183342 -0.064735128 -0.061474504 -0.063547652 -0.067462391 -0.07137713 -0.075291868 -0.076457839 -0.072325062 -0.068192285 -0.064059508 -0.059926732 -0.064076723 -0.070884473 -0.080735335 -0.090586197 -0.10043706 -0.11002629 -0.11677147 -0.12087625 -0.12278639 -0.12217495 -0.12156352 -0.12095208 -0.12034064 -0.11021752 -0.098450511 -0.086683506 -0.074916501 -0.075051738
-9999 -0.08622696 -0.086126163 -0.086025367 -0.087907149 -0.092787616 -0.097668083 -0.097205233 -0.09057551 -0.083945786 -0.076842994 -0.068440364 -0.060037734 -0.053793305 -0.051870797 -0.049948289 -0.050888434 -0.055364889 -0.059841344 -0.062933701 -0.062832883 -0.062732065 -0.062741733 -0.063342828 -0.063943923 -0.063495709 -0.060235085 -0.056974461 -0.056828862 -0.060743601 -0.064658339 -0.06582431 -0.061691533 -0.057558756 -0.055620583 -0.060301237 -0.064981892 -0.071789642 -0.081640504 -0.091491366 -0.10018918 -0.10693437 -0.11367955 -0.11778432 -0.11999094 -0.12219756 -0.12203597 -0.12142453 -0.1208131 -0.11068997 -0.098922965 -0.08715596 -0.091571798 -0.097446062
-9999 -0.088229812 -0.088129016 -0.091772161 -0.096652628 -0.10153309 -0.10641356 -0.10595071 -0.099320988 -0.091591301 -0.083188671 -0.074786041 -0.066383411 -0.060138982 -0.058216474 -0.056293966 -0.054371458 -0.053190938 -0.057667393 -0.06075975 -0.060658932 -0.060901219 -0.061502314 -0.062103409 -0.062704503 -0.062256289 -0.058995665 -0.055735041 -0.052474417 -0.050110072 -0.05402481 -0.055190781 -0.051058004 -0.051845097 -0.056525752 -0.061206406 -0.065887061 -0.072694811 -0.082545673 -0.090352075 -0.097097258 -0.10384244 -0.11058762 -0.1146924 -0.11689901 -0.11910563 -0.12131225 -0.12189699 -0.12128555 -0.11116242 -0.1022176 -0.10809186 -0.11396612 -0.11984039
-9999 -0.090756705 -0.095637173 -0.10051764 -0.10539811 -0.11027857 -0.11515904 -0.11469619 -0.10633961 -0.097936978 -0.089534348 -0.081131718 -0.072729088 -0.066484658 -0.064562151 -0.062639643 -0.060717135 -0.058794627 -0.056872119 -0.058585798 -0.059060705 -0.0596618 -0.060262895 -0.060863989 -0.061465084 -0.06101687 -0.057756246 -0.054495622 -0.051234998 -0.047974374 -0.04471375 -0.044557252 -0.048069611 -0.052750266 -0.057430921 -0.062111575 -0.06679223 -0.07359998 -0.080514968 -0.08726015 -0.094005333 -0.10075052 -0.1074957 -0.11160047 -0.11380709 -0.11601371 -0.11822032 -0.12042694 -0.121758 -0.11873766 -0.12461192 -0.13048618 -0.13636045 -0.14223471
-9999 -0.09773119 -0.10261166 -0.10749212 -0.11237259 -0.11725306 -0.12191015 -0.12677442 -0.12423104 -0.11582841 -0.10742578 -0.099023147 -0.090620517 -0.083261296 -0.079546357 -0.077623849 -0.075701341 -0.073778833 -0.071856325 -0.070696917 -0.071298012 -0.071899106 -0.072500201 -0.073101295 -0.07305344 -0.070780927 -0.070831759 -0.067571135 -0.064310511 -0.061049887 -0.057789263 -0.05724112 -0.061921775 -0.066602429 -0.071283084 -0.075963739 -0.079828306 -0.086347332 -0.09600484 -0.10275002 -0.1094952 -0.11624039 -0.12298557 -0.12404487 -0.1249776 -0.12718422 -0.12939084 -0.13159746 -0.13380407 -0.13908459 -0.14495885 -0.15083311 -0.15670738 -0.16258164
