mean_models/J1_mean_vp_slide_diff2_300.dat.tif
NCOLS 118
NROWS 92
XLLCORNER 139.62
YLLCORNER -39.07
DX 0.099491525
DY 0.099347826
NODATA_VALUE -9999
[rows 24 to 47 of 92, columns 55 to 109 of 118]
-0.084962448 -0.071879135 -0.058795822 -0.045712508 -0.032629195 -0.033102653 -0.042788508 -0.052474363 -0.062160219 -0.071846074 -0.078632563 -0.084113387 -0.089750034 -0.095386682 -0.10102333 -0.10665998 -0.10917064 -0.10124891 -0.093327171 -0.085405434 -0.077483698 -0.06980533 -0.083861605 -0.09791788 -0.11197416 -0.12603043 -0.14008671 -0.13020131 -0.11063978 -0.091078241 -0.071516705 -0.05195517 -0.045812153 -0.063848089 -0.081884025 -0.099919962 -0.1179559 -0.13731954 -0.13423062 -0.13261281 -0.130995 -0.12937719 -0.12775938 -0.12742386 -0.12729988 -0.1271759 -0.12705192 -0.12692794 -0.11758796 -0.10355985 -0.089531748 -0.075503642 -0.061475536 -0.051408283 -0.042986922
-0.090148251 -0.077064938 -0.063981625 -0.050898311 -0.037814998 -0.040734956 -0.052076803 -0.061762658 -0.071448514 -0.081134369 -0.090820224 -0.079890096 -0.085288224 -0.090924871 -0.096561518 -0.10219817 -0.10188714 -0.093965403 -0.086043667 -0.078121931 -0.070200194 -0.082378831 -0.079977274 -0.094033549 -0.10808982 -0.1221461 -0.13620238 -0.12726453 -0.10770299 -0.088141455 -0.068579919 -0.052665203 -0.047585839 -0.054572023 -0.072607959 -0.090643895 -0.10867983 -0.12612984 -0.12451203 -0.12289422 -0.12127641 -0.1196586 -0.12749333 -0.13200246 -0.131973 -0.13184901 -0.13172503 -0.13160105 -0.13538686 -0.12557514 -0.11154704 -0.097518932 -0.083490826 -0.078725054 -0.07236801
-0.09880578 -0.085050812 -0.071967499 -0.058884186 -0.045800872 -0.04872083 -0.062515685 -0.074637291 -0.084323146 -0.094009002 -0.10369486 -0.092764729 -0.08112621 -0.083613082 -0.089249729 -0.094886376 -0.094575351 -0.086653615 -0.078731878 -0.073332566 -0.086238644 -0.098962308 -0.095395068 -0.091827827 -0.10482868 -0.11888495 -0.13294123 -0.12400338 -0.10444184 -0.084880309 -0.070488349 -0.063009215 -0.05792985 -0.057174653 -0.061792574 -0.079828511 -0.097864447 -0.11531445 -0.11369664 -0.11207883 -0.11046102 -0.11926702 -0.12927567 -0.1337848 -0.13770821 -0.13810285 -0.13797887 -0.13785489 -0.1416407 -0.14729043 -0.13870451 -0.1246764 -0.11064829 -0.10588252 -0.10606877
-0.10762047 -0.093840537 -0.080060605 -0.06687006 -0.053786746 -0.056706704 -0.070501559 -0.084296415 -0.097197779 -0.10688363 -0.11656949 -0.10563936 -0.094000843 -0.082362325 -0.081937941 -0.087574588 -0.087263562 -0.079341826 -0.077009966 -0.089916044 -0.10282212 -0.11554579 -0.11197854 -0.1084113 -0.10484406 -0.11562381 -0.12968008 -0.12074224 -0.1011807 -0.088311495 -0.08083236 -0.073353226 -0.068273861 -0.067518664 -0.066763467 -0.069013126 -0.087049062 -0.10449907 -0.10288126 -0.10126345 -0.11104071 -0.12104936 -0.13105802 -0.13556714 -0.13949055 -0.14341396 -0.14423271 -0.14410873 -0.14789454 -0.15354427 -0.15919399 -0.15183387 -0.13780576 -0.13303999 -0.13322624
-0.11643516 -0.10265523 -0.088875294 -0.075095362 -0.061772621 -0.064692578 -0.078487433 -0.092282289 -0.10607714 -0.11975827 -0.12944412 -0.11851399 -0.10687548 -0.095236957 -0.083598439 -0.080262799 -0.079951774 -0.080687366 -0.093593443 -0.10649952 -0.1194056 -0.13212926 -0.12856202 -0.12499478 -0.12142754 -0.1178603 -0.12641894 -0.11748109 -0.10613464 -0.098655506 -0.091176371 -0.083697237 -0.078617872 -0.077862675 -0.077107478 -0.076352281 -0.076233677 -0.093683684 -0.092805749 -0.1028144 -0.11282305 -0.12283171 -0.13284036 -0.13734949 -0.1412729 -0.14519631 -0.14911972 -0.15036257 -0.15414838 -0.15979811 -0.16544783 -0.17109756 -0.16496323 -0.16019746 -0.16038371
-0.12399485 -0.11021492 -0.096434991 -0.082655059 -0.068875127 -0.069229937 -0.083024792 -0.096819648 -0.1106145 -0.12440936 -0.13820421 -0.13210493 -0.12046642 -0.1088279 -0.097189379 -0.08555086 -0.084679349 -0.097585427 -0.1104915 -0.12339758 -0.13630366 -0.14436945 -0.14127456 -0.13770732 -0.13414008 -0.13057284 -0.1270056 -0.12076268 -0.11328354 -0.10580441 -0.098325274 -0.09084614 -0.088977864 -0.088222667 -0.08746747 -0.086712273 -0.085957076 -0.085522778 -0.09553143 -0.10554008 -0.11554873 -0.12555739 -0.13574131 -0.13854009 -0.1424635 -0.14638691 -0.15031032 -0.15423373 -0.15725831 -0.16290803 -0.16855776 -0.17420749 -0.17985721 -0.18377799 -0.18396424
-0.1203524 -0.10744312 -0.093663186 -0.079883255 -0.066103323 -0.05819222 -0.059172859 -0.072967714 -0.08676257 -0.10055742 -0.11435228 -0.13941591 -0.13995423 -0.12831571 -0.11667719 -0.10503868 -0.10416717 -0.11707324 -0.12997932 -0.1428854 -0.14509095 -0.1204188 -0.12111111 -0.11855306 -0.11498582 -0.11141858 -0.10785134 -0.10160842 -0.094129283 -0.086650148 -0.079171013 -0.079362141 -0.087308234 -0.09871422 -0.097959023 -0.097203826 -0.096448629 -0.096014331 -0.10602298 -0.11603164 -0.12604029 -0.13691776 -0.15522849 -0.14158465 -0.13878277 -0.14270618 -0.14662959 -0.150553 -0.14347559 -0.14013624 -0.14578597 -0.1514357 -0.15708542 -0.1695452 -0.17809828
-0.10663268 -0.10205447 -0.090891382 -0.07711145 -0.063331519 -0.055420416 -0.051497429 -0.049115781 -0.062910636 -0.076705492 -0.090500347 -0.11556397 -0.14101481 -0.14780353 -0.13616501 -0.12452649 -0.12365498 -0.13656106 -0.14946714 -0.14609646 -0.1211403 -0.096468155 -0.097160466 -0.097852777 -0.09583156 -0.09226432 -0.088697079 -0.082454156 -0.074975022 -0.067495887 -0.069285122 -0.074486276 -0.08243237 -0.095324594 -0.10821682 -0.10769538 -0.10694018 -0.10650588 -0.11651454 -0.12652319 -0.13809421 -0.15640494 -0.17471567 -0.16107183 -0.14402472 -0.13902545 -0.14294886 -0.14687227 -0.13979486 -0.12747304 -0.12301418 -0.12866391 -0.13431363 -0.14677341 -0.16287413
-0.092912955 -0.088334746 -0.083756537 -0.074339646 -0.060559714 -0.052648611 -0.048725625 -0.044802639 -0.040879652 -0.052853558 -0.066648413 -0.091712041 -0.11716288 -0.14261371 -0.15565283 -0.14401431 -0.1431428 -0.15604887 -0.14710197 -0.12214582 -0.097189656 -0.072517508 -0.073209819 -0.07390213 -0.074594441 -0.073110059 -0.069542818 -0.063299896 -0.055820761 -0.059208104 -0.064409258 -0.069610412 -0.077556505 -0.09044873 -0.10334095 -0.11623318 -0.11743174 -0.11699744 -0.12700609 -0.13927066 -0.15758139 -0.17589212 -0.19420285 -0.18055901 -0.16351191 -0.1464648 -0.13926813 -0.14319154 -0.13611413 -0.1237923 -0.11147048 -0.10589212 -0.11154184 -0.12400162 -0.14010234
-0.079193232 -0.074615022 -0.070036813 -0.065458604 -0.05778791 -0.049876807 -0.045953821 -0.042030834 -0.038107848 -0.034184861 -0.04279648 -0.067860108 -0.093310945 -0.11876178 -0.14421262 -0.16350212 -0.16263061 -0.14810749 -0.12315133 -0.098195168 -0.073239009 -0.048566861 -0.049259172 -0.049951483 -0.050643794 -0.051336104 -0.050388557 -0.044145635 -0.049131085 -0.054332239 -0.059533393 -0.064734547 -0.072680641 -0.085572865 -0.09846509 -0.11135731 -0.12424954 -0.12748899 -0.14044711 -0.15875784 -0.17706857 -0.1953793 -0.21369004 -0.2000462 -0.18299909 -0.16595198 -0.14890487 -0.13951081 -0.1324334 -0.12011157 -0.10778975 -0.09546792 -0.088770051 -0.10122983 -0.11733055
-0.078477369 -0.073899159 -0.06932095 -0.064742741 -0.060164532 -0.055447285 -0.051524299 -0.047601312 -0.043678326 -0.03975534 -0.035832353 -0.048041475 -0.073492311 -0.098943148 -0.12439398 -0.14984482 -0.15318356 -0.1282274 -0.10327124 -0.078315082 -0.053358922 -0.033903083 -0.042081314 -0.042773625 -0.043465936 -0.044158246 -0.044850557 -0.048626856 -0.05382801 -0.059029164 -0.064230318 -0.069431472 -0.069793681 -0.082998214 -0.095890438 -0.10878266 -0.12167489 -0.13472865 -0.15303938 -0.17135012 -0.18966085 -0.20797158 -0.22286787 -0.21120736 -0.19416025 -0.17711314 -0.16006604 -0.14301893 -0.13398918 -0.12166735 -0.10934552 -0.097023698 -0.084701872 -0.082386565 -0.098487278
-0.10143309 -0.094630243 -0.090052034 -0.085473825 -0.080895616 -0.076020903 -0.070944703 -0.066930512 -0.063007525 -0.059084539 -0.055161553 -0.053323136 -0.060325701 -0.085776537 -0.11122737 -0.13667821 -0.14001695 -0.11506079 -0.090104631 -0.065148471 -0.047292447 -0.034036986 -0.052418139 -0.063258715 -0.063951025 -0.064643336 -0.065335647 -0.069111945 -0.074313099 -0.079514254 -0.084715408 -0.070347842 -0.0663705 -0.083299077 -0.097111121 -0.11000335 -0.12289557 -0.13594933 -0.15426007 -0.1725708 -0.19088153 -0.20464091 -0.21233571 -0.20404419 -0.19158952 -0.17454241 -0.1574953 -0.1404482 -0.13456372 -0.13185957 -0.11953775 -0.10721592 -0.094894095 -0.087551122 -0.086123225
-0.12816759 -0.11865087 -0.11078312 -0.10620491 -0.1016267 -0.096751986 -0.091675787 -0.086599587 -0.082336725 -0.078413739 -0.074490752 -0.072652335 -0.070885547 -0.072609927 -0.098060763 -0.1235116 -0.12685034 -0.10189418 -0.07693802 -0.061036054 -0.047426351 -0.03417089 -0.052552043 -0.070933196 -0.084436115 -0.085128426 -0.085820737 -0.089597035 -0.094798189 -0.09808353 -0.082504096 -0.066924662 -0.06294732 -0.079875897 -0.096804474 -0.11122403 -0.12411625 -0.13717002 -0.15548075 -0.17379148 -0.18641396 -0.19410875 -0.20180354 -0.19351202 -0.1835179 -0.17197168 -0.15492457 -0.13787746 -0.13199299 -0.13143006 -0.12972997 -0.11740814 -0.10508632 -0.097743345 -0.093062268
-0.15490209 -0.14538537 -0.13586865 -0.12693599 -0.12235778 -0.11748307 -0.11240687 -0.10733067 -0.10225447 -0.097742938 -0.093819952 -0.091981535 -0.090214746 -0.088447957 -0.086681169 -0.11034499 -0.11368373 -0.088727569 -0.074779662 -0.061169958 -0.047560254 -0.034304793 -0.052685947 -0.0710671 -0.089448253 -0.10561352 -0.10630583 -0.11008212 -0.11023978 -0.09466035 -0.079080915 -0.063501481 -0.059524139 -0.076452716 -0.093381293 -0.11030987 -0.12533693 -0.1383907 -0.15670143 -0.168187 -0.17588179 -0.18357658 -0.19127137 -0.18297985 -0.17298574 -0.16299162 -0.15235384 -0.13530673 -0.12942225 -0.12885933 -0.12829641 -0.12760037 -0.11527854 -0.10793557 -0.10325449
-0.18163659 -0.17211987 -0.16260315 -0.15308643 -0.14356971 -0.13821415 -0.13313795 -0.12806175 -0.12298555 -0.11790935 -0.11314915 -0.11131073 -0.10954395 -0.10777716 -0.10601037 -0.10424358 -0.10213297 -0.088523269 -0.074913565 -0.061303862 -0.047694158 -0.034438697 -0.05281985 -0.071201003 -0.089582157 -0.10796331 -0.12634446 -0.12239604 -0.1068166 -0.091237169 -0.075657735 -0.0600783 -0.056100959 -0.073029536 -0.089958113 -0.10688669 -0.12381527 -0.13961138 -0.14996004 -0.15765483 -0.16534963 -0.17304442 -0.18073921 -0.17244769 -0.16245357 -0.15245946 -0.14246534 -0.13247123 -0.12685152 -0.1262886 -0.12572567 -0.12516275 -0.12459983 -0.11812779 -0.11344671
-0.17800842 -0.1684917 -0.15897498 -0.14945826 -0.13705217 -0.14487449 -0.14874331 -0.14366711 -0.13859091 -0.13351471 -0.12843851 -0.12656178 -0.124795 -0.12302821 -0.12126142 -0.11688511 -0.10549579 -0.091886091 -0.078276387 -0.064666683 -0.051056979 -0.038147622 -0.061866323 -0.080247476 -0.098628629 -0.11700978 -0.13539094 -0.13054351 -0.11496408 -0.099384641 -0.083805207 -0.069792578 -0.056647549 -0.054106677 -0.071035254 -0.087963831 -0.10489241 -0.1215457 -0.12924049 -0.13693528 -0.14463008 -0.15232487 -0.15905531 -0.15063682 -0.14064271 -0.13064859 -0.12065448 -0.11633478 -0.11624537 -0.11568245 -0.11511952 -0.1145566 -0.12152203 -0.1239441 -0.11926302
-0.16411117 -0.15459445 -0.14507773 -0.13143495 -0.11618308 -0.1240054 -0.1475076 -0.15753887 -0.15246267 -0.14738647 -0.14231027 -0.14043355 -0.13866676 -0.13689997 -0.13099411 -0.12134 -0.10995068 -0.096340977 -0.082731273 -0.069140268 -0.055846174 -0.042972471 -0.067642991 -0.092308302 -0.11068946 -0.12907061 -0.14745176 -0.14260434 -0.1270249 -0.11144547 -0.098521396 -0.090174433 -0.077029403 -0.055238694 -0.046870191 -0.063798768 -0.080727345 -0.097380639 -0.10507543 -0.11277022 -0.12046501 -0.12705419 -0.13342984 -0.12501135 -0.11501723 -0.10502312 -0.1021071 -0.10301094 -0.10292153 -0.10235861 -0.10179568 -0.11015042 -0.12585834 -0.12828042 -0.12359934
-0.15021392 -0.1406972 -0.12581773 -0.11056586 -0.095313985 -0.1031363 -0.12663851 -0.15014072 -0.16633444 -0.16125824 -0.15618204 -0.15430531 -0.15253852 -0.14510311 -0.135449 -0.12579488 -0.11440557 -0.10079586 -0.087259212 -0.073965117 -0.060671023 -0.04779732 -0.072467839 -0.097138359 -0.12180888 -0.14113143 -0.15951259 -0.15466516 -0.13908573 -0.12725021 -0.11890325 -0.11055629 -0.097411258 -0.075620549 -0.05382984 -0.039633705 -0.056562282 -0.073215576 -0.080910368 -0.088605159 -0.095053061 -0.10142871 -0.10780436 -0.099385873 -0.089391758 -0.087879416 -0.088783258 -0.0896871 -0.08959769 -0.089034767 -0.098778817 -0.11448674 -0.13019466 -0.13261673 -0.12793566
-0.13545239 -0.12020051 -0.10494864 -0.089696767 -0.074444894 -0.082267214 -0.10576942 -0.12927163 -0.15277384 -0.17513 -0.1700538 -0.16817708 -0.15921212 -0.149558 -0.13990389 -0.13024977 -0.11886045 -0.10537815 -0.09208406 -0.078789966 -0.065495871 -0.052622169 -0.077292688 -0.10196321 -0.12663373 -0.15130425 -0.17157341 -0.16672599 -0.15597903 -0.14763207 -0.13928511 -0.13093814 -0.11779311 -0.096002403 -0.074211694 -0.052420985 -0.032397219 -0.049050513 -0.056676283 -0.063051934 -0.069427585 -0.075803236 -0.082178887 -0.073760397 -0.073651734 -0.074555576 -0.075459419 -0.076363261 -0.076273851 -0.087407213 -0.10311513 -0.11882305 -0.13453098 -0.13695305 -0.13419947
-0.1191633 -0.10391143 -0.088659556 -0.073407683 -0.058155809 -0.062391303 -0.085893511 -0.10939572 -0.13289793 -0.15640014 -0.17990234 -0.17333642 -0.16368231 -0.15402819 -0.14437408 -0.13471996 -0.12346909 -0.110175 -0.096880906 -0.083586811 -0.070292717 -0.057141359 -0.079406961 -0.10407748 -0.128748 -0.15341852 -0.17808904 -0.18017605 -0.17182909 -0.16348212 -0.15513516 -0.1467882 -0.13626501 -0.1144743 -0.092683595 -0.070892886 -0.049102177 -0.02815118 -0.034526831 -0.040902482 -0.047278133 -0.053653784 -0.060117532 -0.063005933 -0.063909775 -0.064813617 -0.065717459 -0.066621302 -0.07668695 -0.092394871 -0.10810279 -0.12381071 -0.13951863 -0.14400714 -0.14210625
-0.13515322 -0.12216501 -0.10691313 -0.09166126 -0.076409387 -0.068898981 -0.073508219 -0.097010427 -0.12051264 -0.14401484 -0.16751705 -0.17300533 -0.16826795 -0.15861384 -0.14895972 -0.13930561 -0.12805474 -0.11476064 -0.10146655 -0.088172453 -0.07475391 -0.061239139 -0.065992957 -0.085748441 -0.11041896 -0.13508948 -0.15976 -0.16184701 -0.15350005 -0.14515308 -0.13680612 -0.12474854 -0.1169745 -0.11854122 -0.096750514 -0.074959805 -0.053169096 -0.0322181 -0.038593751 -0.044969402 -0.051345053 -0.058049343 -0.067304396 -0.077262649 -0.081182557 -0.082086399 -0.082990242 -0.083894084 -0.090123037 -0.10229499 -0.11800291 -0.13371083 -0.14941875 -0.15498757 -0.15418293
-0.1277647 -0.134065 -0.12516671 -0.10991484 -0.094662965 -0.087152559 -0.084902807 -0.084625135 -0.10812734 -0.13162955 -0.15513176 -0.16062004 -0.16548933 -0.16319948 -0.15354536 -0.14389125 -0.13264038 -0.11934628 -0.10605219 -0.092571019 -0.078851691 -0.06533692 -0.070090738 -0.074844555 -0.09208992 -0.11676044 -0.14143096 -0.14351797 -0.13517101 -0.12682404 -0.11400575 -0.099622846 -0.091848802 -0.095983332 -0.10011786 -0.079026725 -0.057236016 -0.036285019 -0.04266067 -0.049036321 -0.055981154 -0.065236207 -0.07449126 -0.084449513 -0.09448266 -0.099359181 -0.10026302 -0.10116687 -0.10739582 -0.11616341 -0.12790303 -0.14361095 -0.15931887 -0.16488769 -0.16503573
-0.12037618 -0.12667648 -0.13297678 -0.12816842 -0.11291654 -0.10540614 -0.10315638 -0.10090663 -0.09865688 -0.11924426 -0.14274647 -0.14823474 -0.15310404 -0.15797334 -0.158131 -0.14847689 -0.13722602 -0.12393193 -0.11038813 -0.0966688 -0.082949472 -0.069434701 -0.074188519 -0.078942336 -0.083696154 -0.0984314 -0.12310192 -0.12518893 -0.11684197 -0.10326296 -0.088880054 -0.074497146 -0.066723102 -0.070857632 -0.074992162 -0.079126692 -0.061302935 -0.040351939 -0.04672759 -0.053912966 -0.063168018 -0.072423071 -0.081678124 -0.091636377 -0.10166952 -0.11170267 -0.11753581 -0.11843965 -0.1246686 -0.13343619 -0.14220378 -0.15351106 -0.16921898 -0.1747878 -0.17493585
-0.11298766 -0.11928796 -0.12558826 -0.13188857 -0.13117012 -0.12365971 -0.12140996 -0.11916021 -0.11691046 -0.11466071 -0.13036118 -0.13584945 -0.14071875 -0.14558804 -0.15045734 -0.15306253 -0.14181166 -0.12820524 -0.11448591 -0.10076658 -0.087047252 -0.073532482 -0.078286299 -0.083040117 -0.087793935 -0.092547752 -0.10477288 -0.10685989 -0.092520171 -0.078137263 -0.063754355 -0.049371447 -0.041597403 -0.045731933 -0.049866463 -0.054000993 -0.058135523 -0.044418858 -0.051844777 -0.06109983 -0.070354882 -0.079609935 -0.088864988 -0.098823241 -0.10885639 -0.11888953 -0.12892268 -0.13571243 -0.14194138 -0.15070897 -0.15947657 -0.16824416 -0.1791191 -0.18468792 -0.18483596
