mean_models/J1_mean_tot_conduct_slide_195.49.dat.tif
NCOLS 118
NROWS 92
XLLCORNER 139.62
YLLCORNER -39.07
DX 0.099491525
DY 0.099347826
NODATA_VALUE -9999
[rows 50 to 74 of 92, columns 58 to 115 of 118]
-2.07998 -2.1593216 -2.2436322 -2.3284925 -2.3907315 -2.4894084 -2.538604 -2.5717679 -2.584705 -2.6069255 -2.6536917 -2.6812609 -2.6812609 -2.6764115 -2.6653569 -2.675178 -2.5818247 -2.4570004 -2.3172876 -2.0395294 -1.7442469 -1.3935791 -1.0500452 -0.72465462 -0.47927188 -0.27434648 -0.17749001 -0.11341861 -0.16840071 -0.26682793 -0.4358913 -0.67224973 -0.92713915 -1.1779308 -1.4801976 -1.7424816 -1.9770578 -2.0730132 -2.1451468 -2.2036712 -2.2242902 -2.269507 -2.5069996 -2.6170843 -2.6190217 -2.6229848 -2.6288373 -2.5363701 -2.5403478 -2.5403478 -2.5403478 -2.5403478 -2.6572608 -2.7132148 -2.7073623 -2.6831899 -2.6480752 -9999
-2.1167375 -2.1935462 -2.2674565 -2.3512388 -2.4469558 -2.5516837 -2.6033069 -2.6364708 -2.6560311 -2.6757761 -2.7124309 -2.7386299 -2.7375725 -2.7327231 -2.7216685 -2.6455592 -2.5350131 -2.4017975 -2.2619623 -1.9777033 -1.6835366 -1.3324124 -0.99577286 -0.66842436 -0.42982785 -0.22531749 -0.14656247 -0.084026471 -0.15425578 -0.28212008 -0.46634058 -0.71483669 -0.99575393 -1.3008945 -1.6042082 -1.8959236 -2.1286205 -2.2200288 -2.2506975 -2.309222 -2.3249859 -2.3566002 -2.5321735 -2.64 -2.6405382 -2.6439631 -2.6498156 -2.5536441 -2.49 -2.49 -2.49 -2.49 -2.6072669 -2.6880409 -2.6821884 -2.6555884 -2.6204738 -9999
-2.1498534 -2.2106538 -2.2786322 -2.3467054 -2.4391696 -2.5386611 -2.5919221 -2.6298476 -2.652324 -2.6757761 -2.7124309 -2.7386299 -2.7331026 -2.7260999 -2.7150453 -2.6378843 -2.5218109 -2.3885511 -2.2487159 -1.9612959 -1.663667 -1.320974 -0.98914967 -0.67897021 -0.44578036 -0.25181024 -0.18268595 -0.13701198 -0.22838935 -0.36159834 -0.5661087 -0.82469694 -1.1348409 -1.4444014 -1.7565415 -2.0374588 -2.2480631 -2.259768 -2.2858098 -2.3224683 -2.3330967 -2.3566002 -2.5321735 -2.6413089 -2.6471614 -2.6490507 -2.6498156 -2.5536441 -2.49 -2.49 -2.49 -2.49 -2.6072669 -2.6880409 -2.6821884 -2.6543519 -2.6138506 -9999
-2.1616123 -2.2100809 -2.268976 -2.332646 -2.4222625 -2.521754 -2.5783547 -2.6180761 -2.6407362 -2.6651375 -2.7017923 -2.7293614 -2.7277833 -2.7198314 -2.7087768 -2.6316157 -2.5155423 -2.3813332 -2.2418041 -1.9806745 -1.6876755 -1.3659998 -1.0475646 -0.75249105 -0.54483263 -0.36060903 -0.317045 -0.27912391 -0.37898533 -0.53316723 -0.74771739 -1.0133081 -1.3256015 -1.6213229 -1.9307151 -2.1550394 -2.349506 -2.3215466 -2.303765 -2.3319394 -2.3403146 -2.3613662 -2.5321735 -2.6422582 -2.6481107 -2.65 -2.65 -2.5536441 -2.49 -2.49 -2.49 -2.49 -2.6019477 -2.6827216 -2.6768691 -2.6526967 -2.6133848 -9999
-2.1658718 -2.204563 -2.2496214 -2.3072217 -2.3821334 -2.4816249 -2.5382257 -2.5824441 -2.6069182 -2.6172919 -2.640257 -2.6691961 -2.6694565 -2.6646072 -2.6535526 -2.6024785 -2.4864051 -2.352196 -2.2247531 -1.9822312 -1.7224478 -1.4125375 -1.1271909 -0.84627368 -0.65927557 -0.49898366 -0.46935479 -0.45637262 -0.57342147 -0.73412511 -0.95521739 -1.2168951 -1.532927 -1.8002428 -2.0872481 -2.2732134 -2.3995444 -2.3351675 -2.3336902 -2.3453951 -2.3498866 -2.3648514 -2.5227242 -2.6292147 -2.6350672 -2.6369565 -2.6369565 -2.5552745 -2.4916304 -2.4916304 -2.49 -2.49 -2.5818384 -2.6584757 -2.6526232 -2.6317116 -2.5965969 -9999
-2.1502018 -2.1667837 -2.2054203 -2.247613 -2.3088039 -2.3756539 -2.4322546 -2.4764731 -2.5046605 -2.5179441 -2.4655801 -2.4572541 -2.4627814 -2.4592883 -2.4482337 -2.4267413 -2.3870572 -2.2723608 -2.1717676 -1.9727846 -1.7423174 -1.4825339 -1.2199691 -0.99757626 -0.82666008 -0.69767932 -0.68727913 -0.6948074 -0.82981591 -0.99905265 -1.2201449 -1.470798 -1.7514922 -1.9646812 -2.186596 -2.2802351 -2.3612681 -2.3612681 -2.3648524 -2.3718879 -2.3730145 -2.384721 -2.490065 -2.5762292 -2.5820817 -2.583971 -2.583971 -2.5418153 -2.4982536 -2.4982536 -2.4944401 -2.49 -2.5310434 -2.5789974 -2.573145 -2.5563005 -2.5303651 -9999
-2.1320786 -2.1380987 -2.1608043 -2.1962336 -2.2491952 -2.3083282 -2.3684117 -2.4143934 -2.4432423 -2.4722412 -2.421754 -2.3916164 -2.3971437 -2.395397 -2.3843424 -2.36285 -2.3352134 -2.2486362 -2.1626734 -1.9669476 -1.786571 -1.5419869 -1.3511375 -1.1519531 -0.99850066 -0.91037767 -0.91035884 -0.96403845 -1.1056102 -1.2786106 -1.4925725 -1.7004663 -1.9571454 -2.1637392 -2.2761902 -2.3616957 -2.3895072 -2.3816814 -2.3784611 -2.38 -2.38 -2.3899601 -2.4953041 -2.5622582 -2.5651232 -2.5651232 -2.5651232 -2.5229675 -2.4951232 -2.4951232 -2.4913096 -2.49 -2.5310434 -2.5580409 -2.5521884 -2.535344 -2.5163275 -9999
-2.0912637 -2.0857363 -2.0992065 -2.1306249 -2.179996 -2.2375963 -2.3021798 -2.3629802 -2.4122495 -2.4461994 -2.4070076 -2.3768701 -2.3823974 -2.3821507 -2.371096 -2.3511036 -2.323467 -2.2504915 -2.1701535 -2.0199331 -1.8596412 -1.6582043 -1.4808549 -1.3111341 -1.2165716 -1.1391893 -1.1820169 -1.2380962 -1.3844073 -1.5394896 -1.744 -1.9293938 -2.1400818 -2.2471121 -2.349349 -2.3836884 -2.4058619 -2.3883046 -2.38 -2.38 -2.38 -2.3899601 -2.4953041 -2.56 -2.56 -2.56 -2.56 -2.5178443 -2.49 -2.49 -2.4885 -2.4885 -2.5295434 -2.5565409 -2.5506884 -2.539008 -2.5214506 -9999
-2.0419559 -2.0143194 -2.0231159 -2.0445234 -2.0938945 -2.1514949 -2.2244456 -2.2967483 -2.3575487 -2.3998371 -2.3788915 -2.3570005 -2.3625278 -2.3632058 -2.3576785 -2.3398365 -2.3168439 -2.2491825 -2.1767767 -2.0551759 -1.9126268 -1.7523348 -1.5940089 -1.4767138 -1.4003961 -1.3577545 -1.4205935 -1.4964006 -1.6427116 -1.7940124 -1.9543043 -2.1091319 -2.2460528 -2.3217083 -2.3890881 -2.400793 -2.4124826 -2.3890728 -2.38 -2.38 -2.38 -2.3899601 -2.4953041 -2.56 -2.56 -2.56 -2.56 -2.5178443 -2.4897681 -2.4839157 -2.4818768 -2.4818768 -2.5229202 -2.5499177 -2.5440652 -2.5345488 -2.5214506 -9999
-1.9531499 -1.9204933 -1.9155471 -1.9332354 -1.9685432 -2.0226761 -2.0870486 -2.1635163 -2.2248676 -2.2934152 -2.3705002 -2.3602266 -2.3758829 -2.3765608 -2.3710335 -2.3167962 -2.280749 -2.2178347 -2.1648428 -2.0760382 -1.9600166 -1.8432914 -1.7183648 -1.6209021 -1.5801324 -1.5517975 -1.5822022 -1.6692701 -1.8087025 -1.9060397 -2.0275 -2.2218046 -2.3709028 -2.4092383 -2.4573055 -2.4690104 -2.4694391 -2.4856802 -2.5128986 -2.5128986 -2.5128986 -2.5079185 -2.5000505 -2.5647464 -2.5647464 -2.5607833 -2.56 -2.4798733 -2.4499203 -2.4440679 -2.442029 -2.442029 -2.4166231 -2.4436206 -2.4403261 -2.4366621 -2.4260396 -9999
-1.8620195 -1.8233283 -1.8125399 -1.8230126 -1.8550287 -1.8971164 -1.961882 -2.0282097 -2.0891936 -2.1604805 -2.2704448 -2.3586324 -2.3807416 -2.3920971 -2.3865698 -2.333702 -2.2511686 -2.1964558 -2.1490819 -2.0661723 -1.9851398 -1.8911756 -1.8215966 -1.7513673 -1.7253933 -1.7225759 -1.7584987 -1.8001919 -1.9055358 -1.9960252 -2.0789348 -2.2272828 -2.4496757 -2.5040282 -2.5217185 -2.5334234 -2.5625523 -2.6327817 -2.66 -2.66 -2.66 -2.6550199 -2.602348 -2.57 -2.57 -2.5646673 -2.5588149 -2.4682967 -2.4065218 -2.4006693 -2.3986304 -2.3986304 -2.3589566 -2.33 -2.33 -2.326336 -2.3204835 -9999
-1.8021817 -1.7579632 -1.746308 -1.7567808 -1.7903801 -1.8375077 -1.9081123 -1.9818473 -2.0495042 -2.1273645 -2.2373288 -2.3255165 -2.3525158 -2.3660217 -2.3660217 -2.3153045 -2.2379222 -2.1882627 -2.1490819 -2.0769161 -2.0050093 -1.9342245 -1.8801534 -1.844092 -1.8252114 -1.8417933 -1.8748881 -1.9127861 -1.9969848 -2.0755034 -2.1199638 -2.258563 -2.4761684 -2.5226302 -2.5283417 -2.5360269 -2.5625523 -2.6327817 -2.66 -2.66 -2.66 -2.6550199 -2.602348 -2.569749 -2.5638966 -2.5580441 -2.5521917 -2.4616736 -2.3998986 -2.3940461 -2.3920072 -2.3920072 -2.3568272 -2.33 -2.33 -2.326336 -2.3204835 -9999
-1.7496544 -1.7101951 -1.7016576 -1.7136286 -1.7528257 -1.8009787 -1.8715833 -1.9489656 -2.0256202 -2.1034805 -2.2134448 -2.3043725 -2.3352549 -2.3507681 -2.3507681 -2.3055374 -2.2292918 -2.1836468 -2.1448332 -2.0921697 -2.0291895 -1.9733622 -1.9284835 -1.9026402 -1.9104465 -1.9286991 -1.9551707 -1.9911495 -2.0638223 -2.1075591 -2.1438478 -2.2760363 -2.4897555 -2.5292534 -2.5346159 -2.5360269 -2.5625523 -2.6327817 -2.66 -2.66 -2.66 -2.6550199 -2.602348 -2.5677418 -2.5591627 -2.5474578 -2.5409526 -2.4550504 -2.3932754 -2.3874229 -2.3891976 -2.39 -2.350204 -2.3253841 -2.3253841 -2.3253841 -2.3204835 -9999
-1.7102993 -1.6771355 -1.6755489 -1.6912581 -1.7345794 -1.787538 -1.8748297 -1.952212 -2.0295943 -2.1158283 -2.2257926 -2.2894595 -2.3226233 -2.3387609 -2.3387609 -2.2935302 -2.2243781 -2.190654 -2.1518405 -2.1020947 -2.0523489 -2.0026032 -1.9640777 -1.9523728 -1.9675769 -1.9963075 -2.0253283 -2.0707155 -2.1233875 -2.1696026 -2.1972391 -2.3281232 -2.5329587 -2.5705723 -2.5771739 -2.5771739 -2.5997263 -2.6699556 -2.6562826 -2.6562826 -2.6550435 -2.6500634 -2.5973914 -2.5654835 -2.5537787 -2.5433129 -2.5305533 -2.4444494 -2.3866522 -2.3807998 -2.3838136 -2.3887609 -2.3613479 -2.3323913 -2.3323913 -2.3323913 -2.3316357 -9999
-1.7303662 -1.708257 -1.710625 -1.736807 -1.7940174 -1.893509 -1.9930005 -2.0846758 -2.1716761 -2.2681616 -2.2918008 -2.2960827 -2.3197271 -2.3321377 -2.3321377 -2.3016646 -2.29061 -2.2568859 -2.2180723 -2.1683266 -2.1185808 -2.0463078 -1.9993116 -1.9987351 -2.0172251 -2.0559162 -2.1200049 -2.2164257 -2.2772949 -2.3285591 -2.3561957 -2.496911 -2.7250312 -2.7651445 -2.7758696 -2.7758696 -2.7984219 -2.6840451 -2.636413 -2.636413 -2.6314178 -2.6235707 -2.5879711 -2.5656041 -2.5597517 -2.5481107 -2.5305533 -2.4396663 -2.380029 -2.38 -2.3821377 -2.3821377 -2.4055911 -2.3986232 -2.3986232 -2.3970969 -2.3912444 -9999
-1.758971 -1.7458584 -1.7618551 -1.7921403 -1.8721804 -1.9725669 -2.0634803 -2.162579 -2.2477558 -2.3227873 -2.3029095 -2.3030812 -2.322075 -2.3320608 -2.33 -2.3230414 -2.3119868 -2.2782627 -2.2395716 -2.1986744 -2.1433495 -2.0659672 -2.0258653 -2.0324275 -2.0626724 -2.1020684 -2.1894614 -2.2866499 -2.3488613 -2.3868618 -2.4119855 -2.5527009 -2.7867986 -2.829275 -2.84 -2.84 -2.8005334 -2.6776321 -2.6264158 -2.6255145 -2.6250047 -2.6172333 -2.5879711 -2.5677418 -2.5592932 -2.5436252 -2.5260678 -2.4396663 -2.38 -2.3775534 -2.3793281 -2.38 -2.3989679 -2.4155145 -2.4155145 -2.4081865 -2.4015125 -9999
-1.7821957 -1.7821957 -1.8082464 -1.8501375 -1.9362239 -2.0409518 -2.1319296 -2.2203665 -2.2979162 -2.3611596 -2.334127 -2.3163276 -2.3329095 -2.3397927 -2.3342654 -2.3241501 -2.3130955 -2.2793714 -2.2418502 -2.2042065 -2.1588133 -2.081431 -2.0424378 -2.0599951 -2.0957883 -2.1400068 -2.2266335 -2.3175056 -2.3643251 -2.3978908 -2.42 -2.5582154 -2.7923131 -2.8346375 -2.84 -2.84 -2.8005334 -2.6776321 -2.6264158 -2.6205633 -2.62 -2.61668 -2.5868624 -2.5643749 -2.55267 -2.537002 -2.5194446 -2.4345799 -2.3767826 -2.3709302 -2.3727049 -2.3785573 -2.39759 -2.41 -2.41 -2.3993459 -2.387641 -9999
-1.8385641 -1.8550507 -1.8831105 -1.9296158 -2.018184 -2.1270533 -2.2148507 -2.2998448 -2.3562195 -2.4075219 -2.3656308 -2.3422976 -2.3478249 -2.3530391 -2.3475118 -2.3350259 -2.3197187 -2.2882604 -2.2550965 -2.2219327 -2.17869 -2.106835 -2.07012 -2.0931111 -2.1289042 -2.1731227 -2.2560229 -2.3439983 -2.3828815 -2.4094092 -2.4204638 -2.5582154 -2.7923131 -2.8346375 -2.84 -2.84 -2.8005334 -2.6776321 -2.6264158 -2.6205633 -2.62 -2.61668 -2.5815653 -2.5577517 -2.5460468 -2.5303788 -2.5128215 -2.4279567 -2.3701594 -2.37 -2.37 -2.3719341 -2.3957215 -2.41 -2.4044566 -2.3876121 -2.3677714 -9999
-1.9176801 -1.9427369 -1.9864511 -2.0335786 -2.1237927 -2.1637528 -2.1968923 -2.27934 -2.3355311 -2.3537176 -2.322242 -2.3905657 -2.396093 -2.396771 -2.3889366 -2.3744027 -2.3107575 -2.2666662 -2.2335023 -2.2003385 -2.1680741 -2.121174 -2.1729471 -2.1984138 -2.2360564 -2.2839379 -2.3675301 -2.46989 -2.5050047 -2.5315323 -2.544442 -2.5679689 -2.7618276 -2.804152 -2.8051594 -2.8055414 -2.7700479 -2.6262778 -2.5523795 -2.5503188 -2.5459638 -2.5426437 -2.5052465 -2.4683821 -2.459143 -2.4453643 -2.4319776 -2.4256886 -2.37 -2.37 -2.37 -2.37 -2.3281273 -2.3427148 -2.3368623 -2.3200179 -2.2927366 -9999
-2.0173936 -2.0560847 -2.0997989 -2.1469265 -2.1532573 -2.1480209 -2.1792039 -2.2234224 -2.2496532 -2.2869624 -2.3759812 -2.4433266 -2.4488539 -2.4471072 -2.4360526 -2.3728087 -2.2788445 -2.2347531 -2.2037294 -2.1825373 -2.1812159 -2.2475436 -2.2983384 -2.3276006 -2.3689167 -2.4186625 -2.5196391 -2.6252379 -2.6603525 -2.6859181 -2.7025 -2.7260269 -2.7552891 -2.76 -2.76 -2.7650487 -2.7107615 -2.5293358 -2.46 -2.46 -2.4550047 -2.4450199 -2.392348 -2.3577418 -2.3518893 -2.3420738 -2.3303689 -2.354089 -2.37 -2.37 -2.37 -2.37 -2.3055032 -2.2580409 -2.2521884 -2.2287452 -2.199483 -9999
-2.0968718 -2.135563 -2.1792772 -2.2264047 -2.2196741 -2.1943832 -2.2189446 -2.2565383 -2.2740383 -2.306832 -2.3958507 -2.4628043 -2.4628043 -2.4603536 -2.4492989 -2.3860551 -2.2920908 -2.2522702 -2.2302222 -2.2136403 -2.2147445 -2.2976541 -2.350004 -2.3739629 -2.4096744 -2.4517784 -2.5450411 -2.6451074 -2.6763844 -2.6971756 -2.7027029 -2.7260269 -2.7552891 -2.76 -2.76 -2.76 -2.7041383 -2.5280459 -2.46 -2.46 -2.4550047 -2.4450199 -2.392348 -2.3577418 -2.3461772 -2.3384354 -2.3303689 -2.354089 -2.37 -2.37 -2.37 -2.37 -2.3055032 -2.2580409 -2.2467754 -2.2167505 -2.1796134 -9999
-2.166392 -2.2050832 -2.2425618 -2.2868721 -2.2729604 -2.2396703 -2.2454992 -2.2779511 -2.2905575 -2.3193792 -2.4120992 -2.4790528 -2.4790528 -2.4742035 -2.4631488 -2.4033842 -2.3104671 -2.2754436 -2.2580444 -2.2503928 -2.2550115 -2.3413317 -2.4008772 -2.424287 -2.4505878 -2.4877874 -2.5706131 -2.6654984 -2.6924726 -2.7019727 -2.7075 -2.7260269 -2.7552891 -2.76 -2.76 -2.76 -2.7036191 -2.5280459 -2.4564158 -2.4554736 -2.4504783 -2.4404935 -2.3878216 -2.3509572 -2.3418893 -2.3360369 -2.3301844 -2.354089 -2.37 -2.3724875 -2.3745264 -2.3745264 -2.3055032 -2.2560818 -2.2420389 -2.1988335 -2.1552793 -9999
-2.2126254 -2.2513166 -2.2857663 -2.3224211 -2.3021887 -2.267809 -2.2986136 -2.3151955 -2.3264338 -2.3505992 -2.4448543 -2.4733406 -2.4733406 -2.4684912 -2.4574366 -2.3991865 -2.3227345 -2.3160867 -2.3026562 -2.2971289 -2.312085 -2.4005219 -2.4558518 -2.4792616 -2.5055624 -2.5315542 -2.6109939 -2.6747097 -2.6864146 -2.6944002 -2.6999275 -2.7033095 -2.7325717 -2.7372826 -2.7372826 -2.7372826 -2.6809018 -2.5053285 -2.4579302 -2.4520778 -2.4450047 -2.4350199 -2.382348 -2.3325968 -2.3267444 -2.320892 -2.3150395 -2.3662049 -2.3842246 -2.3900771 -2.3921159 -2.3921159 -2.3156978 -2.2601806 -2.2426233 -2.1979034 -2.1342243 -9999
-2.198631 -2.2262675 -2.2567627 -2.2829447 -2.3004705 -2.3737801 -2.4073592 -2.4277897 -2.439028 -2.4631934 -2.43987 -2.4004855 -2.4004855 -2.3961985 -2.3906712 -2.3701448 -2.408836 -2.4075313 -2.402004 -2.4002029 -2.418056 -2.4825889 -2.5287069 -2.5521167 -2.5745809 -2.5911629 -2.6319549 -2.648217 -2.6555479 -2.6612843 -2.6668116 -2.6532847 -2.6332239 -2.6379348 -2.6379348 -2.6379348 -2.5818266 -2.4998924 -2.4645534 -2.458701 -2.4481471 -2.4350199 -2.3369133 -2.266365 -2.2605125 -2.2546601 -2.2488076 -2.3811126 -2.4372101 -2.4430626 -2.4451014 -2.4451014 -2.3512879 -2.2865766 -2.2631668 -2.2087645 -2.1209779 -9999
-2.203228 -2.22834 -2.2519927 -2.2765316 -2.3350285 -2.408338 -2.433339 -2.4545047 -2.4659265 -2.4678127 -2.4193845 -2.38 -2.38 -2.38 -2.3768089 -2.3991159 -2.437807 -2.440227 -2.4442826 -2.4442826 -2.4587883 -2.5268787 -2.5684006 -2.5868848 -2.6018438 -2.6174455 -2.6292665 -2.6451447 -2.65 -2.6519727 -2.6575 -2.6439731 -2.6147109 -2.61 -2.61 -2.61 -2.5836889 -2.4992621 -2.4616549 -2.4558024 -2.4452485 -2.4241723 -2.3087684 -2.23822 -2.2323676 -2.2344414 -2.2301844 -2.3624894 -2.4521087 -2.4579611 -2.46 -2.46 -2.3661864 -2.2921635 -2.2661813 -2.192951 -2.1029706 -9999
