mean_models/J1_mean_vp_slide_diff2_340.dat.tif
NCOLS 118
NROWS 92
XLLCORNER 139.62
YLLCORNER -39.07
DX 0.099491525
DY 0.099347826
NODATA_VALUE -9999
[rows 24 to 47 of 92, columns 0 to 53 of 118]
-9999 0.020896158 0.027557197 0.034218237 0.040879276 0.047540315 0.054201354 0.056913788 0.05862863 0.060343473 0.062058315 0.063773157 0.065488 0.065730869 0.063026026 0.060321183 0.05761634 0.054911497 0.052206654 0.054051191 0.059583086 0.06511498 0.070646875 0.07617877 0.081710664 0.082924879 0.072566631 0.062208383 0.051850135 0.041491887 0.031133638 0.024913011 0.028270935 0.031628858 0.034986781 0.038344705 0.041702628 0.043638797 0.044449825 0.045260852 0.04607188 0.046882907 0.047693935 0.042103743 0.031911796 0.021719849 0.011527903 0.0013359558 -0.0084691411 -0.0025655447 0.0039280539 0.010421653 0.016915251 0.02340885
-9999 0.014922846 0.021583885 0.028244924 0.034905963 0.041567002 0.052095289 0.057105659 0.054645156 0.056359999 0.058074841 0.059789684 0.061504526 0.063974604 0.066196193 0.06349135 0.060786507 0.058081664 0.055376821 0.055162644 0.060694539 0.066226434 0.071758328 0.077290223 0.079846545 0.077216069 0.074041363 0.063683115 0.053324867 0.042966618 0.03260837 0.026935117 0.030293041 0.033650964 0.037008887 0.040366811 0.043641995 0.036038214 0.022004032 0.022815059 0.023626087 0.024437114 0.025248142 0.040346371 0.045604758 0.035412812 0.025220865 0.015028918 0.0048369713 -0.0053765472 -0.0013189828 0.0051746158 0.011668215 0.018161813
-9999 0.0069373943 0.013598434 0.020259473 0.026920512 0.03952333 0.053192976 0.058203346 0.0532198 0.048776589 0.050491432 0.052206274 0.053921116 0.056391194 0.060373674 0.064356154 0.061727775 0.059022932 0.056318089 0.056103912 0.061635807 0.067167701 0.072699596 0.072861602 0.069679034 0.067048559 0.06589783 0.064747101 0.054699037 0.044340789 0.033982541 0.028309288 0.031667211 0.035025135 0.038383058 0.041612972 0.044792316 0.037188535 0.014157962 -0.0054136743 -0.0046026469 -0.0037916194 -0.0029805919 0.012117638 0.037486755 0.050249035 0.040057089 0.029865142 0.019673195 0.0094596767 -0.00075756999 0.00012880317 0.0066224018 0.013116001
-9999 -0.0010480571 0.0056129821 0.013281725 0.026951372 0.040621018 0.054290664 0.059301034 0.054317487 0.049333941 0.044350394 0.044622864 0.046337707 0.048807784 0.052790264 0.056772744 0.060755224 0.0599642 0.057259357 0.05704518 0.062577075 0.068108969 0.06587666 0.062694092 0.059511524 0.056881049 0.05573032 0.05457959 0.053428861 0.04571496 0.035356712 0.029683459 0.033041382 0.036399305 0.039583949 0.042763293 0.045942637 0.038338856 0.015308283 -0.0077222898 -0.030752863 -0.032020353 -0.031209326 -0.016111096 0.0092580212 0.034627138 0.054893313 0.044701366 0.034509419 0.024295901 0.014078654 0.0038614072 0.0015765892 0.0080701878
-9999 -0.0090335085 0.00070976672 0.014379413 0.028049059 0.041718706 0.055388352 0.060398722 0.055415175 0.050431628 0.045448082 0.040464535 0.038754297 0.041224375 0.045206855 0.049189334 0.053171814 0.057154294 0.058200625 0.057986448 0.062074286 0.058891718 0.05570915 0.052526582 0.049344014 0.046713538 0.045562809 0.04441208 0.043261351 0.042110622 0.036730882 0.03105763 0.034375581 0.037554925 0.04073427 0.043913614 0.047092958 0.039489177 0.016458604 -0.0065719688 -0.029602542 -0.052633114 -0.059438059 -0.04433983 -0.018970712 0.0063984048 0.031767522 0.057136639 0.049345643 0.039132124 0.028914878 0.018697631 0.0084803844 0.0030243752
-9999 -0.011939693 0.0017299534 0.0153996 0.029069246 0.042738892 0.056408539 0.061513032 0.056529485 0.051545938 0.046562391 0.041578845 0.036595298 0.0336025 0.03758498 0.04156746 0.04554994 0.04953242 0.0535149 0.055330777 0.052148209 0.048965641 0.045783073 0.042600505 0.039417937 0.036388691 0.035237962 0.034087232 0.032936503 0.031785774 0.030635045 0.030963328 0.034142672 0.037322016 0.040501361 0.043680705 0.04686005 0.040335309 0.017304736 -0.0057258369 -0.02875641 -0.051786982 -0.074817555 -0.070943077 -0.045573959 -0.020204842 0.0051642749 0.030533392 0.055902509 0.05246059 0.042243344 0.032026097 0.02180885 0.011591604
-9999 -0.011557521 0.0021121254 0.015781772 0.029451418 0.043121064 0.038067723 0.041901866 0.057780634 0.052797087 0.04781354 0.042829993 0.037846446 0.033448079 0.030221569 0.033628935 0.037611415 0.041593895 0.045576375 0.047392252 0.044209683 0.041027115 0.037844547 0.034661979 0.038258068 0.039304961 0.02514698 0.02246713 0.021316401 0.020165672 0.019014943 0.019343225 0.02252257 0.025701914 0.028881259 0.032060603 0.029723946 0.02427451 0.015646684 -0.0073838887 -0.030414461 -0.053445034 -0.076475607 -0.076903797 -0.058795675 -0.033426558 -0.0080574411 0.017311676 0.042680793 0.047839326 0.043159457 0.032942211 0.022724964 0.012507717
-9999 -0.011175349 0.0024942975 0.016163944 0.025746448 0.018626607 0.011506765 0.015340908 0.031817357 0.048293806 0.049064688 0.044081142 0.039097595 0.034699228 0.031472718 0.028246208 0.029672889 0.033655369 0.037637849 0.039453726 0.036271158 0.03308859 0.029906022 0.036222811 0.042942635 0.043989528 0.029831547 0.015673565 0.0096962989 0.0085455698 0.0073948407 0.0077231231 0.010902468 0.014081812 0.016887773 0.013178088 0.0094684035 0.0040189684 -0.0039194261 -0.011857821 -0.032072513 -0.055103086 -0.078133659 -0.078561849 -0.062741475 -0.046648274 -0.021279157 0.0040899601 0.029459077 0.03461761 0.036283205 0.033858324 0.023641078 0.013423831
-9999 -0.010793177 0.0028764695 0.006305332 -0.00081450993 -0.0079343518 -0.015054194 -0.01122005 0.0052563985 0.021732848 0.038209297 0.04533229 0.040348743 0.035950376 0.032723866 0.029497356 0.026270846 0.025716844 0.029699324 0.031515201 0.028332633 0.027467731 0.034187555 0.040907378 0.047627202 0.048674095 0.034516114 0.020358133 0.0062001512 -0.0030745324 -0.0042252615 -0.0038969791 -0.00071763467 0.00034191596 -0.0033677689 -0.0070774538 -0.010787139 -0.016236574 -0.024174968 -0.032113363 -0.040051757 -0.056761138 -0.079791711 -0.080219901 -0.064399527 -0.048579152 -0.032758778 -0.0091317559 0.016237361 0.021395894 0.023061489 0.024727084 0.024557192 0.014339945
-9999 -0.010411005 -0.013135785 -0.020255626 -0.027375468 -0.03449531 -0.041615152 -0.037781009 -0.02130456 -0.0048281108 0.011648338 0.028124787 0.041599892 0.037201525 0.033975015 0.030748505 0.027521994 0.024295484 0.021760798 0.023576675 0.025432475 0.032152298 0.038872122 0.045591945 0.052311769 0.053358662 0.039200681 0.0250427 0.010884718 -0.0032732631 -0.015845364 -0.015517081 -0.016203941 -0.019913626 -0.023623311 -0.027332996 -0.031042681 -0.036492116 -0.04443051 -0.052368905 -0.060307299 -0.068245694 -0.081449762 -0.081877953 -0.066057578 -0.050237204 -0.03441683 -0.018596455 0.0030156452 0.0081741781 0.0098397728 0.011505368 0.013170962 0.014836557
-9999 -0.015899472 -0.023019313 -0.030139155 -0.037258997 -0.044378839 -0.051498681 -0.051277788 -0.034941757 -0.018465308 -0.0019888592 0.01448759 0.030964039 0.035872635 0.030262625 0.027036115 0.023809605 0.020583095 0.017356585 0.017137697 0.02385752 0.030577344 0.037297167 0.04401699 0.050736814 0.056436787 0.046141895 0.031983913 0.017825932 0.0036679506 -0.010490031 -0.021079216 -0.024788901 -0.028498585 -0.03220827 -0.035917955 -0.03962764 -0.044058245 -0.051963432 -0.059901826 -0.067840221 -0.075778615 -0.08371701 -0.081960833 -0.066140459 -0.050320084 -0.03449971 -0.018679335 -0.0028589611 -0.0038211942 -0.0021555995 -0.00049000476 0.00117559 0.0028411847
-9999 0.0017226731 -0.0053971688 -0.012517011 -0.019636853 -0.027784359 -0.038469749 -0.03837704 -0.025845023 -0.010787665 0.005688784 0.022165233 0.038641682 0.043550278 0.025293583 0.015137485 0.011910975 0.0086844649 0.0054579547 0.0052390667 0.01195889 0.018678714 0.025398537 0.032077545 0.038177204 0.043730416 0.047819012 0.042646959 0.028488977 0.014330996 0.00017301467 -0.01041617 -0.014125855 -0.01783554 -0.021545225 -0.024962575 -0.027007548 -0.031263109 -0.038681232 -0.046451642 -0.054390037 -0.062328431 -0.070266826 -0.06952453 -0.062541795 -0.047805072 -0.031984698 -0.016164324 -0.00034394928 -0.0053514154 -0.012128393 -0.010462799 -0.008797204 -0.0071316092
-9999 0.019344818 0.012224976 0.0051051339 -0.0041982219 -0.014883612 -0.025569002 -0.025476293 -0.012944275 -0.00041225771 0.013366427 0.029842876 0.046319325 0.051227921 0.032971226 0.014714532 1.2345105e-05 -0.0032141651 -0.0064406752 -0.0066595632 6.0260218e-05 0.0067800837 0.013271514 0.019371174 0.025470833 0.031024045 0.035112641 0.039201237 0.039152023 0.024994041 0.01083606 0.00024687503 -0.0034628098 -0.0071724947 -0.010122467 -0.012167439 -0.014212412 -0.018467973 -0.025886096 -0.033304218 -0.040939853 -0.048878247 -0.056816642 -0.056074346 -0.049091612 -0.042108877 -0.029469686 -0.013649312 0.0021710625 -0.0028364036 -0.011443487 -0.020050569 -0.018769998 -0.017104403
-9999 0.036966962 0.02984712 0.019387915 0.0087025253 -0.0019828645 -0.012668254 -0.012575546 -4.3528326e-05 0.012488489 0.025020507 0.037552525 0.053996968 0.058905565 0.04064887 0.022392175 0.0041354798 -0.014121215 -0.018339305 -0.018558193 -0.01183837 -0.0055345166 0.00056514301 0.0066648026 0.012764462 0.018317674 0.02240627 0.026494866 0.030583462 0.034672058 0.021499105 0.01090992 0.0072002355 0.0047176417 0.0026726693 0.00062769685 -0.0014172756 -0.005672837 -0.013090959 -0.020509082 -0.027927204 -0.035428064 -0.043366458 -0.042624162 -0.035641428 -0.028658694 -0.021675959 -0.0111343 0.0046860744 -0.00032139178 -0.0089284747 -0.017535558 -0.026142641 -0.027077197
-9999 0.053659442 0.042974052 0.032288662 0.021603272 0.010917883 0.0002324928 0.00032520106 0.012857219 0.025389237 0.037921254 0.050453272 0.06298529 0.066583208 0.048326513 0.030069818 0.011813123 -0.0064435719 -0.024700267 -0.030456823 -0.024340547 -0.018240888 -0.012141228 -0.0060415684 5.8091234e-05 0.0056113033 0.0096998992 0.013788495 0.017877091 0.021965687 0.026054282 0.021602723 0.01955775 0.017512778 0.015467805 0.013422833 0.011377861 0.0071222991 -0.00029582331 -0.0077139457 -0.015132068 -0.022550191 -0.029968313 -0.029173978 -0.022191244 -0.01520851 -0.0082257755 -0.0012430414 0.0072010862 0.00219362 -0.0064134629 -0.015020546 -0.023627629 -0.032234712
-9999 0.057822243 0.047136854 0.036451464 0.025766074 0.015080684 0.0058439972 0.0076473617 0.02017938 0.032711397 0.045243415 0.057775433 0.065828461 0.062880127 0.052380157 0.034123462 0.015866767 -0.002389928 -0.020646623 -0.031538321 -0.025438662 -0.019339002 -0.013239343 -0.007139683 -0.0011637723 0.00083631607 -0.0031091155 0.00097948031 0.0050680761 0.0091566719 0.013245268 0.015238837 0.013193865 0.011148892 0.00910392 0.0070589476 0.0062385578 0.0039390763 -0.0034790461 -0.010897169 -0.018315291 -0.025733413 -0.026832715 -0.024456649 -0.019619352 -0.012636618 -0.0056538838 0.0013288504 0.0083115846 0.0020018086 -0.0066052743 -0.015212357 -0.02381944 -0.032078406
-9999 0.059029752 0.048344362 0.037658972 0.026973582 0.018771931 0.011279403 0.013082768 0.025614785 0.038146803 0.050678821 0.054230429 0.052876529 0.049928194 0.043786914 0.036951419 0.018694724 0.00043802944 -0.017818665 -0.028710364 -0.022610704 -0.016511045 -0.010411385 -0.0045882445 0.0010063298 0.0030064181 -0.0046276172 -0.01186425 -0.007775654 -0.0036870582 0.00040153758 0.0023951071 0.00035013468 -0.0016948377 -0.0037398102 -0.0036271477 -0.0023487659 -0.0046482474 -0.01206637 -0.019484492 -0.026902615 -0.024869815 -0.020197144 -0.017821078 -0.017096011 -0.013743914 -0.0067611801 0.00022155409 0.0072042883 0.00089451228 -0.0077125707 -0.016319654 -0.024011745 -0.029989942
-9999 0.06023726 0.04955187 0.039192391 0.031699864 0.024207336 0.016714809 0.018518174 0.031050191 0.043582209 0.042632396 0.041278496 0.039924596 0.036976261 0.030834981 0.024693701 0.018552421 0.0032659869 -0.014990708 -0.025882406 -0.019782747 -0.013683087 -0.0080127167 -0.0024181424 0.0031764319 0.0051765202 -0.0024575151 -0.01009155 -0.017725586 -0.016530788 -0.012442193 -0.010448623 -0.012493595 -0.014538568 -0.013492853 -0.012214471 -0.01093609 -0.013235571 -0.020653694 -0.027579586 -0.022906915 -0.018234244 -0.013561573 -0.011185507 -0.01046044 -0.0097353742 -0.0078684764 -0.00088574222 0.0060969919 -0.00021278403 -0.008819867 -0.015945083 -0.02192328 -0.027901478
-9999 0.061444768 0.052120325 0.044627797 0.03713527 0.029642742 0.022150215 0.02395358 0.032388264 0.031034363 0.029680463 0.028326563 0.026972663 0.024024328 0.017883048 0.011741768 0.0056004878 -0.00054079246 -0.012162751 -0.023054449 -0.017031763 -0.011437189 -0.0058426147 -0.00024804036 0.0053465339 0.0073466223 -0.00028741303 -0.0079214484 -0.015555484 -0.023189519 -0.025285923 -0.023292353 -0.02463694 -0.023358559 -0.022080177 -0.020801795 -0.019523413 -0.021822895 -0.025616686 -0.020944015 -0.016271344 -0.011598673 -0.0069260021 -0.0045499359 -0.0038248696 -0.0030998033 -0.002374737 -0.0016496707 0.0049896956 -0.0013200803 -0.0078784223 -0.013856619 -0.019834816 -0.025813013
-9999 0.062092492 0.054599964 0.047107437 0.039614909 0.032122382 0.024629855 0.022102062 0.020748162 0.019394262 0.018040362 0.016686461 0.015332561 0.013214145 0.0070728647 0.00093158451 -0.0052096957 -0.011350976 -0.017492256 -0.02008479 -0.014490216 -0.0088956413 -0.003301067 0.0022935073 0.0078880815 0.010758696 0.0031246603 -0.0045093751 -0.01214341 -0.019777446 -0.027411481 -0.032001326 -0.030722944 -0.029444563 -0.028166181 -0.026887799 -0.025609417 -0.025055969 -0.020383298 -0.015710627 -0.011037956 -0.006365285 -0.0016926141 0.00018903492 0.00091410123 0.0016391675 0.0023642338 0.0030893002 0.0038143665 0.00023930834 -0.0057388887 -0.011717086 -0.017695283 -0.02367348
-9999 0.042279576 0.034787048 0.027294521 0.019801994 0.012309466 0.019823025 0.022829044 0.019001966 0.017648065 0.016294165 0.014940265 0.013586365 0.012490199 0.011910164 0.0062745951 0.00013331492 -0.0060079653 -0.012149246 -0.014741779 -0.009147205 -0.0035526307 0.0020419436 0.0076365179 0.0088394049 0.0095984131 0.014316166 0.0082697147 0.00063567932 -0.006998356 -0.014632391 -0.019222237 -0.017943855 -0.016665473 -0.015387091 -0.014108709 -0.019189211 -0.023896893 -0.025725252 -0.021052581 -0.01637991 -0.011707239 -0.0070345678 -0.0066873955 -0.008651192 -0.0079261257 -0.0072010594 -0.0064759931 -0.0057509268 -0.00207711 -0.0032141856 -0.0091923827 -0.01517058 -0.021148777
-9999 0.02246666 0.014974133 0.0074816051 0.0034107489 0.012373304 0.02133586 0.024341879 0.020473289 0.0166047 0.014547968 0.013194068 0.011840168 0.010744003 0.010163967 0.0095839317 0.0054763256 -0.00066495466 -0.0068062349 -0.0093987686 -0.0038041944 0.0017903799 0.0073849542 0.0068534501 0.006135453 0.0068944612 0.011612214 0.016329968 0.013414769 0.0057807337 -0.0018533016 -0.0064431468 -0.005164765 -0.0038863832 -0.0031185773 -0.0096745629 -0.016230549 -0.02093823 -0.02300165 -0.02506507 -0.021721863 -0.017049193 -0.012376522 -0.012029349 -0.014791723 -0.017491419 -0.016766353 -0.016041286 -0.01531622 -0.011642403 -0.0074589623 -0.0066676796 -0.012645877 -0.018624074
-9999 0.0026537441 -0.0048387833 -0.0040389717 0.0049235838 0.013886139 0.022848695 0.025854714 0.021986124 0.018117535 0.014248946 0.011447872 0.010093971 0.0089978063 0.0084177707 0.0078377351 0.0072576995 0.004678056 -0.0014632243 -0.004055758 0.0015388163 0.0055854926 0.0048674954 0.0041494982 0.0034315011 0.0041905093 0.0089082626 0.013626016 0.018343769 0.018559823 0.010925788 0.006335943 0.0076143247 0.0063960712 -0.00015991448 -0.0067159001 -0.013271886 -0.017979567 -0.020042987 -0.022106407 -0.024169827 -0.022391146 -0.017718475 -0.017371303 -0.020133676 -0.02289605 -0.025658423 -0.02560658 -0.024881513 -0.021207697 -0.017024256 -0.012840815 -0.010121174 -0.016099371
-9999 -0.017159172 -0.011488692 -0.0025261368 0.0064364187 0.015398974 0.02436153 0.027367548 0.023498959 0.01963037 0.01576178 0.011893191 0.0083477748 0.0072516097 0.0066715741 0.0060915385 0.005511503 0.0049314674 0.0038797864 0.0012872526 0.0035995379 0.0028815407 0.0021635435 0.0014455463 0.00072754917 0.0014865574 0.0062043107 0.010922064 0.015639817 0.02035757 0.023704878 0.019115033 0.01591072 0.009354734 0.0027987483 -0.0037572373 -0.010313223 -0.015020904 -0.017084324 -0.019147744 -0.021211164 -0.023274584 -0.023060429 -0.022713257 -0.02547563 -0.028238004 -0.031000377 -0.033762751 -0.034446807 -0.03077299 -0.026589549 -0.022406108 -0.018222667 -0.014039226
