mean_models/J1_mean_vp_slide_diff_260.dat.tif
NCOLS 118
NROWS 92
XLLCORNER 139.62
YLLCORNER -39.07
DX 0.099491525
DY 0.099347826
NODATA_VALUE -9999
[rows 54 to 80 of 92, columns 0 to 59 of 118]
-9999 8.4155774 8.4006763 8.3857753 8.3708742 8.3605433 8.3505948 8.3521963 8.367128 8.3820597 8.3969915 8.4020973 8.4046164 8.4040276 8.3972153 8.3904029 8.3835407 8.3766738 8.3698069 8.3657098 8.3680029 8.370296 8.3725892 8.378282 8.3855024 8.3880806 8.3782162 8.3683519 8.3605242 8.3529386 8.3453529 8.3446801 8.3573331 8.3699861 8.382639 8.3917575 8.3999328 8.401572 8.3938602 8.3861484 8.3784366 8.3716063 8.3648532 8.3661537 8.3732438 8.3783684 8.3785483 8.3787283 8.3789083 8.3786153 8.3782406 8.3778659 8.376479 8.3740003 8.3718518 8.3708473 8.3698428 8.3688383 8.3551051 8.3391685
-9999 8.4217747 8.4068737 8.3931957 8.3832472 8.3732987 8.3633502 8.3649517 8.3798834 8.393378 8.3958971 8.3984162 8.4009353 8.4003466 8.3935342 8.3867219 8.3799095 8.3730638 8.3661969 8.3620998 8.3643929 8.366686 8.3738692 8.3810896 8.3883101 8.3908882 8.3810239 8.3711596 8.3612952 8.3528278 8.3452421 8.3445693 8.3572223 8.3695613 8.3777366 8.385912 8.3940873 8.3957265 8.3880147 8.380474 8.3737209 8.3669678 8.3602147 8.3615152 8.3686053 8.3756954 8.3824601 8.38264 8.38282 8.382527 8.3821523 8.3803117 8.377833 8.3753542 8.3732057 8.3722012 8.3701803 8.3542437 8.3383071 8.3223706
-9999 8.4279721 8.4158996 8.4059511 8.3960026 8.3860541 8.3761056 8.3777071 8.3871779 8.389697 8.3922161 8.3947352 8.3972543 8.3966655 8.3898532 8.3830408 8.3762285 8.3694161 8.3625869 8.3584898 8.362236 8.3694564 8.3766769 8.3838973 8.3911177 8.3936959 8.3838315 8.3739672 8.3641029 8.3542385 8.3451313 8.3444585 8.3555404 8.3637158 8.3718911 8.3800664 8.3882418 8.3898809 8.3825886 8.3758355 8.3690824 8.3623294 8.3555763 8.3568768 8.3639668 8.3710569 8.378147 8.3852371 8.3867317 8.3864387 8.3841444 8.3816657 8.3791869 8.3767082 8.3745597 8.3693189 8.3533823 8.3374457 8.3215092 8.3055726
-9999 8.4351603 8.4252118 8.4152633 8.4053148 8.3953663 8.3854178 8.378632 8.3811511 8.3836702 8.3861893 8.3887084 8.3912275 8.3937685 8.3869561 8.3801437 8.3733314 8.366519 8.3597067 8.3571377 8.3643581 8.3715785 8.3787989 8.3860194 8.3932398 8.3969233 8.3873361 8.3774718 8.3676075 8.3577431 8.3478788 8.3441762 8.3523516 8.3605269 8.3687022 8.3768776 8.3850529 8.3875302 8.3807772 8.3740241 8.367271 8.3605179 8.3537649 8.3509643 8.3580544 8.3651445 8.3722345 8.3793246 8.3864147 8.3875861 8.3851073 8.3826286 8.3801498 8.3776711 8.3753139 8.360181 8.3442445 8.3283079 8.3123713 8.2964347
-9999 8.4327123 8.4227638 8.4128153 8.4028668 8.3935818 8.3889677 8.3812136 8.3698355 8.3696317 8.3721508 8.3746699 8.377189 8.3800571 8.383624 8.3799243 8.373112 8.3662996 8.3594872 8.3569182 8.3641386 8.3713591 8.3785795 8.3857999 8.3872222 8.3881706 8.3894867 8.3833567 8.3734924 8.3636281 8.3537637 8.3500612 8.3582365 8.3664118 8.3745872 8.3827906 8.3926067 8.3955457 8.388646 8.3818684 8.3751153 8.3683622 8.3616092 8.3545807 8.3477907 8.3548807 8.3619708 8.3690609 8.376151 8.381869 8.3847347 8.3822559 8.3797772 8.3772984 8.3749412 8.373005 8.3612694 8.3453328 8.3293962 8.3134596
-9999 8.4302644 8.4203159 8.4103674 8.4029686 8.3983545 8.3937404 8.3859863 8.3746082 8.3632301 8.3581123 8.3606314 8.3631505 8.3660185 8.3695855 8.3731524 8.3728925 8.3660802 8.3592678 8.3566988 8.3639192 8.3711396 8.376847 8.3776582 8.3784694 8.3794178 8.380734 8.3820501 8.3793773 8.369513 8.3596486 8.3559461 8.3641214 8.3722967 8.3810076 8.3908237 8.4006398 8.4035787 8.396679 8.3897793 8.3829596 8.3762065 8.3694534 8.362425 8.3551986 8.3479722 8.3517071 8.3587972 8.3658872 8.3716053 8.3770862 8.3818833 8.3794045 8.3769257 8.3745685 8.3726324 8.3706962 8.3623577 8.3464211 8.3304845
-9999 8.4278165 8.417868 8.4123554 8.4077413 8.4031272 8.398513 8.3907589 8.3793808 8.3680028 8.3566247 8.3465929 8.349112 8.35198 8.355547 8.3591139 8.3626808 8.3658607 8.3590484 8.3564793 8.3636997 8.3672831 8.3680943 8.3689054 8.3697166 8.370665 8.3719812 8.3732973 8.3746135 8.3753979 8.3655336 8.361831 8.3700063 8.3792245 8.3890406 8.3988567 8.4086728 8.4116118 8.404712 8.3978123 8.3909126 8.3840508 8.3772977 8.3702693 8.3630429 8.3558165 8.3485901 8.3485334 8.3556235 8.3613415 8.3668225 8.3723034 8.3777843 8.3765531 8.3741959 8.3722597 8.3703235 8.3683873 8.363446 8.3475094
-9999 8.4263563 8.4217422 8.4171281 8.412514 8.4078998 8.4032857 8.3955316 8.3841535 8.3727754 8.3613974 8.3500193 8.3386412 8.3379415 8.3415085 8.3450754 8.3486423 8.3522093 8.3557762 8.3562599 8.3577191 8.3585303 8.3593415 8.3601527 8.3609639 8.3619123 8.3632284 8.3645446 8.3658607 8.3671769 8.368493 8.3677159 8.3774414 8.3872575 8.3970736 8.4068898 8.4167059 8.4196448 8.4127451 8.4058454 8.3989456 8.3920459 8.3851461 8.3781136 8.3708872 8.3636608 8.3564344 8.349208 8.3453598 8.3510778 8.3565587 8.3620396 8.3675206 8.3730015 8.3738232 8.371887 8.3699508 8.3680147 8.3660785 8.3641423
-9999 8.4188867 8.4142726 8.4096585 8.4050444 8.4004303 8.3962324 8.3964699 8.3927756 8.3813975 8.3700194 8.3586413 8.3472633 8.337597 8.3353314 8.3388983 8.3424652 8.3460322 8.3495991 8.3523328 8.3531439 8.3539551 8.3547663 8.3555775 8.3588683 8.3684876 8.3689186 8.3702348 8.3715509 8.3728671 8.3741833 8.3784027 8.3882188 8.3980349 8.407851 8.4176671 8.4214505 8.4127331 8.4050162 8.3981165 8.3912168 8.384317 8.3774173 8.3712403 8.3644842 8.3572578 8.3500314 8.342805 8.3355786 8.3459542 8.3515415 8.3570224 8.3625033 8.3679842 8.3736168 8.3768772 8.374941 8.3730048 8.3710686 8.3691325
-9999 8.4060936 8.4014795 8.3968654 8.3922512 8.3884144 8.3848215 8.385059 8.3897173 8.3916935 8.3803154 8.3689373 8.3575592 8.347893 8.3416549 8.3361397 8.3397067 8.3432736 8.3468406 8.3495742 8.3503854 8.3511966 8.3520078 8.3594151 8.3726477 8.3822669 8.3822016 8.3822055 8.3835217 8.3848379 8.386154 8.3903735 8.4001896 8.4100057 8.4198218 8.4178451 8.4090333 8.4003159 8.3917334 8.3835336 8.3766338 8.3697341 8.3628343 8.3566574 8.351 8.3446594 8.337433 8.3302066 8.3229802 8.3333558 8.3467734 8.3542866 8.3597675 8.3652484 8.370881 8.3770388 8.3822631 8.380327 8.3783908 8.3764546
-9999 8.3933005 8.3886864 8.3841895 8.3805965 8.3770036 8.3734106 8.3736481 8.3783064 8.3829648 8.3876231 8.3792333 8.3678552 8.358189 8.3519508 8.3457127 8.3394746 8.3405151 8.344082 8.3468156 8.3476268 8.348438 8.3599619 8.3731944 8.386427 8.3960462 8.395981 8.3959157 8.3958504 8.3968086 8.3981248 8.4023442 8.4121603 8.4219764 8.4142397 8.4054279 8.3966162 8.3878988 8.3793162 8.3707337 8.3621512 8.3551511 8.3482514 8.3420744 8.336417 8.3307596 8.3248346 8.3176082 8.3103818 8.3207573 8.334175 8.3475927 8.3570317 8.3625126 8.3681451 8.374303 8.3804608 8.3866186 8.3857129 8.3837768
-9999 8.3805074 8.3763715 8.3727786 8.3691856 8.3655927 8.3619997 8.3622372 8.3668956 8.3715539 8.3762122 8.3808705 8.3781512 8.3684849 8.3622468 8.3560087 8.3497706 8.3435325 8.3413234 8.3440571 8.3472761 8.3605087 8.3737412 8.3869738 8.4002063 8.4098255 8.4097603 8.409695 8.4096298 8.4095645 8.4100955 8.414315 8.419446 8.4106343 8.4018225 8.3930108 8.384199 8.3754816 8.3668991 8.3583166 8.3497341 8.3411515 8.3336685 8.3274915 8.3218341 8.3161767 8.3105193 8.3048619 8.2977834 8.3081589 8.3215766 8.3349943 8.348412 8.3597768 8.3654093 8.3715671 8.377725 8.3838828 8.3900406 8.3910989
-9999 8.3701283 8.3665353 8.3629424 8.3593494 8.3557565 8.3521635 8.3552222 8.3598805 8.3645389 8.3691972 8.3738555 8.3785138 8.3776183 8.3713802 8.3651421 8.358904 8.3526658 8.3464277 8.3460772 8.3593098 8.3725423 8.3857749 8.3990074 8.4122399 8.4189179 8.4188526 8.4187874 8.4187221 8.4186569 8.4185916 8.4155388 8.4067271 8.3979153 8.3891036 8.3802918 8.3714801 8.3636652 8.3550827 8.3465001 8.3379176 8.3293351 8.3207526 8.3177182 8.3120608 8.3064033 8.3007459 8.2950885 8.2894311 8.3000379 8.3134556 8.3268733 8.340291 8.3537086 8.3646932 8.370851 8.3770088 8.3831666 8.3893244 8.3954823
-9999 8.3681241 8.3645311 8.3609382 8.3573452 8.3543052 8.3631631 8.3700714 8.3747297 8.379388 8.3840464 8.3887047 8.376835 8.3690454 8.3725711 8.368493 8.3622549 8.3560167 8.3497786 8.3494281 8.3626607 8.3758932 8.3891258 8.4023583 8.40788 8.4096335 8.4056407 8.4045674 8.4045021 8.4044369 8.4043716 8.4013188 8.3925071 8.3836954 8.3748836 8.3660719 8.3611303 8.3548367 8.3462542 8.3376717 8.3290891 8.3215822 8.3257677 8.3272372 8.3262096 8.3205522 8.3148948 8.3092374 8.30358 8.3141868 8.3276045 8.3410222 8.3544398 8.3652408 8.3740226 8.3801804 8.3863382 8.3924961 8.398646 8.4046331
-9999 8.3661199 8.362527 8.358934 8.3602966 8.3691544 8.3780123 8.3849206 8.3895789 8.3942372 8.3940663 8.3806263 8.3671863 8.3593967 8.3629224 8.366448 8.3656058 8.3593676 8.3531295 8.352779 8.3660116 8.3792441 8.3910072 8.3949046 8.3988021 8.4005555 8.3965627 8.3925699 8.3902821 8.3902169 8.3901516 8.3870989 8.3782871 8.3694754 8.3616891 8.3569954 8.3523018 8.3460082 8.3374257 8.3288432 8.325001 8.3291865 8.333372 8.3348415 8.3343583 8.3338752 8.3290437 8.3233863 8.3177289 8.3283357 8.3417534 8.3551711 8.365031 8.3745703 8.383352 8.3895098 8.3956677 8.4017762 8.4077633 8.4137503
-9999 8.3641157 8.3605228 8.3662879 8.3751458 8.3840036 8.3928614 8.3997698 8.4044281 8.3978577 8.3844177 8.3709777 8.3575377 8.3497481 8.3532737 8.3567994 8.360325 8.3627185 8.3564804 8.3561299 8.3693625 8.3780318 8.3819293 8.3858267 8.3897241 8.3914776 8.3874848 8.3834919 8.3794991 8.3759969 8.3759316 8.3728789 8.3640671 8.3575542 8.3528606 8.3481669 8.3434733 8.3371797 8.3285972 8.3284198 8.3326053 8.3367908 8.3409763 8.3424458 8.3419626 8.3414795 8.3409963 8.3375352 8.3318778 8.3424846 8.3552818 8.3648211 8.3743604 8.3838997 8.3926815 8.3988393 8.4049064 8.4108934 8.4168805 8.4228676
-9999 8.3634214 8.3722793 8.3811371 8.3899949 8.3988528 8.4077106 8.414619 8.401649 8.388209 8.374769 8.361329 8.347889 8.3400994 8.3436251 8.3471507 8.3506764 8.354202 8.3577277 8.3594808 8.3650565 8.3689539 8.3728513 8.3767487 8.3806461 8.3823996 8.3784068 8.374414 8.3704212 8.3664283 8.3624355 8.3586589 8.3534194 8.3487257 8.3440321 8.3393384 8.3346448 8.3283512 8.3318386 8.3360241 8.3402096 8.3443951 8.3485806 8.3500501 8.3495669 8.3490838 8.3486006 8.3481175 8.3460267 8.355072 8.3646113 8.3741505 8.3836898 8.3932291 8.4020109 8.4080365 8.4140236 8.4200107 8.4259978 8.4319849
-9999 8.3681581 8.3770159 8.3858738 8.3947316 8.4035894 8.4089075 8.411577 8.4068197 8.3933797 8.3799397 8.3664997 8.3530597 8.343882 8.3451757 8.3487013 8.352227 8.3557526 8.3592782 8.3629163 8.3668137 8.3707111 8.3746086 8.378506 8.3803312 8.3737775 8.3750398 8.3710469 8.3670541 8.3630613 8.3590685 8.3548363 8.3501427 8.345449 8.3407554 8.3360617 8.3332509 8.3336309 8.3349507 8.3391362 8.3433217 8.3475072 8.3516927 8.3509125 8.3494884 8.3490053 8.3485222 8.348039 8.3475559 8.3541939 8.3637332 8.3732724 8.3828117 8.392351 8.3994213 8.4010269 8.407014 8.4130011 8.4189882 8.4249752
-9999 8.3671533 8.3760111 8.384869 8.3937268 8.3951267 8.3937906 8.3964601 8.4037527 8.4069642 8.3935242 8.3800842 8.3666442 8.3574664 8.3568241 8.3566103 8.3601359 8.3636616 8.3671872 8.3708253 8.3747227 8.3786201 8.3825175 8.3789997 8.3681238 8.3615701 8.3666012 8.3709223 8.3669295 8.3629367 8.3589439 8.3547117 8.350018 8.3453244 8.3406308 8.3402239 8.3426221 8.3430021 8.3404948 8.3396977 8.3438832 8.3480687 8.3522542 8.3514741 8.3471242 8.3445649 8.3440818 8.3435986 8.3431155 8.3496797 8.3574619 8.366599 8.3761383 8.3856775 8.3927479 8.391266 8.3908483 8.3968354 8.4028225 8.4088096
-9999 8.3661485 8.3750064 8.382682 8.3813459 8.3800098 8.3786737 8.3813432 8.3886358 8.3959283 8.4032209 8.3936687 8.3802287 8.3710509 8.3704085 8.3697661 8.3691237 8.3715706 8.3750962 8.3787343 8.3826317 8.3865291 8.3776683 8.3667924 8.3559164 8.3493628 8.3543938 8.3594249 8.364456 8.362812 8.3588192 8.354587 8.3498934 8.3451998 8.3471968 8.3495951 8.3519933 8.3523733 8.349866 8.3473586 8.3448513 8.3486303 8.3528158 8.3520356 8.3476858 8.3433359 8.3396414 8.3391582 8.3386751 8.3452393 8.3530215 8.3608037 8.3694648 8.3790041 8.3860744 8.3845925 8.3831106 8.3816287 8.3866568 8.3926439
-9999 8.3651438 8.3689012 8.3675651 8.366229 8.3648929 8.3635568 8.3662263 8.3735189 8.3808114 8.388104 8.3953966 8.3938131 8.3846354 8.383993 8.3833506 8.3827082 8.3820658 8.3830052 8.3866433 8.3872127 8.3763368 8.3654609 8.354585 8.3437091 8.3371554 8.3421865 8.3472176 8.3522486 8.3572797 8.3586946 8.3544624 8.3517715 8.3541698 8.356568 8.3589663 8.3613645 8.3617445 8.3592372 8.3567298 8.3542225 8.3517151 8.3533773 8.3525972 8.3482473 8.3438974 8.3395475 8.3351977 8.3342347 8.3407989 8.3485811 8.3563633 8.3641455 8.3723306 8.3794009 8.377919 8.3764371 8.3749553 8.3734734 8.3764782
-9999 8.3576949 8.3563587 8.3550226 8.3536865 8.3523504 8.3510143 8.3539561 8.3612487 8.3685413 8.3758338 8.3831264 8.390419 8.3959369 8.3952945 8.3946521 8.3940097 8.3933673 8.392725 8.3889881 8.3781122 8.3672363 8.3563604 8.3454844 8.3346085 8.3318527 8.3369287 8.3419598 8.3469909 8.3520219 8.357053 8.3611848 8.363583 8.3659813 8.3683795 8.3707778 8.373176 8.3685385 8.3660312 8.3635238 8.3610165 8.3585091 8.3560017 8.3528727 8.3485229 8.344173 8.3398231 8.3354732 8.3311234 8.3357496 8.3435318 8.351314 8.3590962 8.3668784 8.3736025 8.3723093 8.3708274 8.3693455 8.3678637 8.3663818
-9999 8.3548973 8.3535612 8.3522251 8.350889 8.350657 8.3573295 8.3610091 8.3612345 8.367047 8.3743395 8.3816321 8.3889247 8.3945906 8.3969989 8.3973119 8.3966695 8.3960272 8.3953848 8.3916479 8.380772 8.3698961 8.3590202 8.3481443 8.3446489 8.3454609 8.356049 8.3630087 8.3680397 8.3730708 8.3781019 8.3822336 8.3846319 8.3870302 8.3894284 8.3916203 8.3871847 8.3788977 8.3651008 8.3605621 8.3580548 8.3555474 8.35304 8.3504298 8.3477159 8.343366 8.3390161 8.3346663 8.3303164 8.3319182 8.3361776 8.3439597 8.3517419 8.3595241 8.3662483 8.3693075 8.3692444 8.3677625 8.3662806 8.3647987
-9999 8.3520998 8.3507637 8.3494275 8.3522738 8.3589463 8.3656187 8.3692983 8.3695237 8.3697491 8.3728453 8.3801378 8.3874304 8.3930963 8.3955046 8.397913 8.3993294 8.398687 8.3980446 8.3943077 8.3834318 8.3725559 8.3639281 8.3610926 8.3582571 8.3590691 8.3696571 8.3802452 8.3890886 8.3941197 8.3991507 8.4032825 8.4056808 8.408079 8.4079544 8.4035188 8.3990832 8.3907962 8.3769993 8.3632024 8.3550931 8.3525857 8.3500783 8.3474681 8.3447839 8.3420998 8.3382092 8.3338593 8.3295094 8.3311113 8.3337418 8.3366055 8.3443877 8.3521699 8.3588941 8.3619532 8.3650124 8.3661795 8.3646976 8.3632157
-9999 8.3493022 8.3479661 8.3538906 8.360563 8.3672355 8.3739079 8.3775875 8.3778129 8.3780383 8.3782637 8.3786435 8.3859361 8.391602 8.3940104 8.3964187 8.3988271 8.4012354 8.4007044 8.3969675 8.3860916 8.3803718 8.3775363 8.3747008 8.3718653 8.3726772 8.3832653 8.3938534 8.4044415 8.4150296 8.4201996 8.4243314 8.4267296 8.4242886 8.4198529 8.4154173 8.4109816 8.4026947 8.3888978 8.3751009 8.3613039 8.349624 8.3471167 8.3445064 8.3418223 8.3391381 8.3364539 8.3330523 8.3287024 8.3303043 8.3329348 8.3355653 8.3381958 8.3448157 8.3515398 8.354599 8.3576582 8.3607174 8.3631146 8.3616327
-9999 8.3488349 8.3555073 8.3621798 8.3688522 8.3755247 8.3821972 8.3858767 8.3861021 8.3863275 8.386553 8.3867784 8.3870038 8.3901077 8.3925161 8.3949244 8.3973328 8.3997411 8.4021495 8.399651 8.3968155 8.39398 8.3911445 8.3883089 8.3854734 8.3862854 8.3968735 8.4074616 8.4180497 8.4286378 8.4392258 8.4450583 8.4406227 8.436187 8.4317514 8.4273158 8.4228801 8.4145931 8.4007962 8.3869993 8.3732024 8.3594055 8.3456086 8.3415447 8.3388606 8.3361764 8.3334922 8.330808 8.3278955 8.3294973 8.3321278 8.3347583 8.3373888 8.3400193 8.3441856 8.3472448 8.350304 8.3533632 8.3564224 8.3594815
-9999 8.3480048 8.3546772 8.3613497 8.3680221 8.3746946 8.3840788 8.3908863 8.3919064 8.3921318 8.3923572 8.3925826 8.392808 8.3927357 8.3928246 8.3952329 8.3976413 8.4000497 8.402458 8.4032807 8.4004452 8.3976097 8.3947742 8.3919387 8.3907833 8.3938767 8.4011488 8.4117369 8.422325 8.4329131 8.4435012 8.4489576 8.444522 8.4400864 8.4356507 8.4312151 8.4246676 8.4150478 8.403202 8.3894051 8.3756082 8.3618113 8.3480144 8.3416112 8.3396466 8.3369624 8.3342782 8.3315941 8.3289099 8.340626 8.3451295 8.34776 8.3503905 8.3530209 8.3528796 8.3458198 8.348879 8.3519382 8.3549974 8.3580566
