mean_models/J1_mean_vp_slide_diff2_20.dat.tif
NCOLS 118
NROWS 92
XLLCORNER 139.62
YLLCORNER -39.07
DX 0.099491525
DY 0.099347826
NODATA_VALUE -9999
[rows 0 to 24 of 92, columns 57 to 113 of 118]
-9999 -9999 -9999 -9999 -9999 -9999 -9999 -9999 -9999 -9999 -9999 -9999 -9999 -9999 -9999 -9999 -9999 -9999 -9999 -9999 -9999 -9999 -9999 -9999 -9999 -9999 -9999 -9999 -9999 -9999 -9999 -9999 -9999 -9999 -9999 -9999 -9999 -9999 -9999 -9999 -9999 -9999 -9999 -9999 -9999 -9999 -9999 -9999 -9999 -9999 -9999 -9999 -9999 -9999 -9999 -9999 -9999
0.14377461 0.13732792 0.13088122 0.1239455 0.12641087 0.1315258 0.13664073 0.14175566 0.14687059 0.15807237 0.16423307 0.17039377 0.17655446 0.18271516 0.18453022 0.18078454 0.17703887 0.1732932 0.16954753 0.16301969 0.16662792 0.16141287 0.15619783 0.15098278 0.14576774 0.14044086 0.13506231 0.12968376 0.12430521 0.119621 0.12085465 0.12558565 0.13153674 0.13748784 0.14343893 0.14972777 0.16700769 0.18428762 0.20156754 0.21884746 0.22149012 0.22789662 0.2321275 0.23635837 0.24058925 0.24482013 0.25979179 0.27022768 0.2802035 0.29017932 0.30015513 0.29164738 0.28871333 0.28696108 0.28520884 0.28345659 -9999
0.15005443 0.14360774 0.13716104 0.13022532 0.12295729 0.12337969 0.12849462 0.13360955 0.13872448 0.15102368 0.16339296 0.16955366 0.17571435 0.18187505 0.18369011 0.17994443 0.17619876 0.17245309 0.16531333 0.15801214 0.16448454 0.16929157 0.16407652 0.15886148 0.15364643 0.14831955 0.142941 0.13756245 0.1334577 0.1337284 0.13496204 0.13793083 0.14235593 0.14830702 0.15425812 0.16054696 0.17782688 0.1951068 0.21238672 0.21363691 0.2080765 0.21511441 0.22320192 0.2274328 0.23166368 0.23589455 0.25086622 0.27095833 0.28180052 0.29177633 0.30175215 0.2932444 0.27485458 0.27125233 0.26950009 0.26774784 -9999
0.15633425 0.14988755 0.14344086 0.13650514 0.1292371 0.12196907 0.12034851 0.12546344 0.13057837 0.14287757 0.15542364 0.1679697 0.17487424 0.18103494 0.18285 0.17910432 0.17521662 0.1677612 0.16030579 0.1530046 0.15947699 0.16594938 0.17195522 0.16674018 0.16152513 0.15619825 0.1508197 0.1472944 0.1475651 0.14783579 0.14906943 0.15203822 0.15500701 0.15912621 0.1650773 0.17136614 0.18864606 0.20592599 0.2057837 0.2002233 0.19466289 0.2017008 0.21008048 0.21846015 0.2227381 0.22696898 0.24194064 0.26203276 0.28212487 0.29337335 0.30334917 0.29484142 0.2764516 0.25806179 0.25379133 0.25203909 -9999
0.15063906 0.15527732 0.14972068 0.14278496 0.13551692 0.12824889 0.12098085 0.11731733 0.12243226 0.13473147 0.14727753 0.15982359 0.17236965 0.18019483 0.18200989 0.17766449 0.17020908 0.16275366 0.15529824 0.14799705 0.15446945 0.16094184 0.16741423 0.17388663 0.16940383 0.16407695 0.1611311 0.16140179 0.16167249 0.16194318 0.16317682 0.16614561 0.1691144 0.17208319 0.17589649 0.18218533 0.19946525 0.1979305 0.19237009 0.18680968 0.18124928 0.18828719 0.19666686 0.20504654 0.21342621 0.2180434 0.23301507 0.25310718 0.2731993 0.29329141 0.30494618 0.29643843 0.27804862 0.2596588 0.24126899 0.23633033 -9999
0.14400511 0.14864337 0.15328163 0.14906477 0.14179674 0.13452871 0.12726067 0.11999264 0.11428616 0.12658536 0.13913142 0.15167748 0.16422355 0.17676961 0.18011236 0.17265695 0.16520153 0.15774612 0.1502907 0.14298951 0.1494619 0.1559343 0.16240669 0.16887908 0.17535147 0.1749678 0.17523849 0.17550919 0.17577988 0.17605057 0.17728421 0.180253 0.18322179 0.18619058 0.18915937 0.19300451 0.19007729 0.18451688 0.17895648 0.17339607 0.16783567 0.17487358 0.18325325 0.19163293 0.2000126 0.20839227 0.22408949 0.24418161 0.26427372 0.28436584 0.30445795 0.29803545 0.27964563 0.26125582 0.242866 0.22447619 -9999
0.15618842 0.16082668 0.16078433 0.15399078 0.14578001 0.13851198 0.13124394 0.12397591 0.11670788 0.12859572 0.14114178 0.15368784 0.1662339 0.17538345 0.17489388 0.16743846 0.15998304 0.15252763 0.14509664 0.15440303 0.15312113 0.15959352 0.16606591 0.1725383 0.1790107 0.18124121 0.1815119 0.1817826 0.18205329 0.18466692 0.18549714 0.17987556 0.18284435 0.18581314 0.18878193 0.19149644 0.18593604 0.18037563 0.17481523 0.16925482 0.17161061 0.17955657 0.18793625 0.19631592 0.20469559 0.21063127 0.22569163 0.24578374 0.26587586 0.28596797 0.29712446 0.28666647 0.26827666 0.24988684 0.23149703 0.22604205 -9999
0.17135291 0.16988358 0.16700223 0.16020869 0.15075664 0.14213141 0.13486337 0.12759534 0.12032731 0.13221515 0.14476121 0.15730727 0.16517741 0.17013155 0.16964197 0.16218655 0.15473114 0.14978675 0.15921523 0.16852163 0.16692469 0.16532776 0.1710982 0.17757059 0.18404298 0.1862735 0.18654419 0.18681488 0.19032621 0.19771974 0.19854997 0.18755371 0.18017211 0.1831409 0.18610969 0.1888242 0.18326379 0.17770339 0.17214298 0.17528689 0.17916062 0.18710659 0.19548626 0.20386593 0.20939566 0.21390129 0.22896165 0.24905377 0.26914588 0.27932347 0.2837013 0.27324331 0.2548535 0.23646368 0.23249238 0.23792024 -9999
0.17898283 0.17610148 0.17322014 0.16642659 0.15697454 0.14752249 0.13848281 0.13121477 0.12394674 0.13583458 0.14838064 0.15497137 0.1599255 0.16487964 0.16439006 0.15693465 0.15447687 0.16390535 0.17333383 0.18264022 0.18104329 0.17944635 0.17784942 0.18260287 0.18907527 0.19130578 0.19157647 0.1959855 0.20337903 0.21077256 0.21160279 0.20060654 0.18961029 0.18046865 0.18343744 0.18615195 0.18059155 0.17508943 0.17896317 0.1828369 0.18671063 0.1946566 0.20303627 0.20816006 0.21266569 0.21717131 0.23223167 0.25232379 0.26152249 0.26590031 0.27027814 0.25982015 0.24143034 0.23894272 0.24437058 0.24979844 -9999
0.18520074 0.18231939 0.17943804 0.1726445 0.16319245 0.1537404 0.14428835 0.1348363 0.12756617 0.13945401 0.14476533 0.14971946 0.1546736 0.15962773 0.15913816 0.15916698 0.16859546 0.17802394 0.18745242 0.19675881 0.19516188 0.19356495 0.19196802 0.19037108 0.19410755 0.19633806 0.20164479 0.20903832 0.21643185 0.22382539 0.22465562 0.21365936 0.20266311 0.19166686 0.1807652 0.18347971 0.17876572 0.18263945 0.18651318 0.19038691 0.19426064 0.20220661 0.20692446 0.21143008 0.21593571 0.22044134 0.2355017 0.2437215 0.24809933 0.25247715 0.25685498 0.24639699 0.24539305 0.25082091 0.25624877 0.26167663 -9999
0.19165462 0.18877327 0.18589193 0.17835317 0.16890112 0.15944907 0.14999702 0.14054497 0.13109292 0.13556849 0.14052262 0.14547676 0.15043089 0.15538503 0.16167265 0.17110113 0.18052961 0.18995809 0.19938657 0.20948375 0.20888522 0.20728829 0.20569136 0.20409442 0.20249749 0.20704991 0.21444345 0.22183698 0.22923052 0.23662405 0.23687602 0.22587977 0.21488352 0.20388726 0.19289101 0.18233807 0.1862118 0.19008553 0.19395926 0.19783299 0.2017428 0.20626615 0.21077177 0.2152774 0.21978303 0.22428865 0.22854956 0.23292738 0.23730521 0.24168303 0.24606086 0.24925228 0.25468014 0.260108 0.26553586 0.27096372 -9999
0.19965501 0.19677367 0.18193938 0.17476247 0.17127243 0.16182038 0.15236833 0.14291628 0.13346423 0.13793979 0.14289393 0.14784807 0.1528022 0.15470567 0.15929058 0.16871906 0.17814754 0.18757602 0.19835413 0.2124559 0.21826058 0.21842125 0.21682432 0.21522738 0.21363045 0.21818287 0.22557641 0.23296994 0.24036348 0.24604336 0.24464961 0.23264474 0.22164848 0.21065223 0.19965597 0.18910303 0.19297676 0.1968505 0.20072423 0.20468378 0.20937354 0.21389689 0.21840251 0.22290814 0.22741377 0.23092293 0.23498543 0.23936326 0.24374108 0.24811891 0.24122857 0.241558 0.24698586 0.25241372 0.25784158 0.26324273 -9999
0.20661526 0.19066499 0.17471472 0.16753781 0.16632277 0.16419169 0.15473964 0.14528759 0.13583554 0.1403111 0.14526524 0.15021937 0.15152386 0.1523236 0.15690851 0.16633699 0.17576547 0.18713161 0.20132629 0.21542806 0.22123273 0.2270374 0.22795727 0.22636034 0.22476341 0.22931583 0.23670937 0.2441029 0.24949246 0.25405556 0.2526618 0.24053435 0.22841345 0.21741719 0.20642094 0.195868 0.19974173 0.20361546 0.20762476 0.21231452 0.21700428 0.22152763 0.22603326 0.23053888 0.23395772 0.2373588 0.24142131 0.24579913 0.25017696 0.24274104 0.23353429 0.23386372 0.23929158 0.24471944 0.25011925 0.25551388 -9999
0.1993906 0.18344033 0.16749007 0.16031316 0.15909812 0.15788308 0.15666804 0.1476589 0.13820685 0.14268241 0.14754233 0.14834206 0.14914179 0.14994152 0.15452644 0.16395492 0.17590909 0.19010376 0.20429844 0.21840021 0.22420489 0.23000956 0.23581423 0.2374933 0.23589637 0.24044879 0.24784233 0.25294156 0.25750466 0.26206775 0.260674 0.24854655 0.23641909 0.22429164 0.21318591 0.20263296 0.2065067 0.21056575 0.21525551 0.21994526 0.22463502 0.22915837 0.23359144 0.23699252 0.2403936 0.24379468 0.24785718 0.25223501 0.2442535 0.23504675 0.22584001 0.22616944 0.2315973 0.23699577 0.2423904 0.24778503 -9999
0.19216595 0.17621568 0.16026541 0.1530885 0.15187346 0.15065842 0.14944338 0.14822834 0.14057815 0.14436053 0.14516026 0.14595999 0.14675972 0.14755945 0.15214437 0.16468657 0.17888124 0.19307592 0.2072706 0.22137237 0.22717704 0.23298172 0.23878639 0.24459106 0.24702933 0.25158175 0.25639066 0.26095376 0.26551685 0.27007995 0.26868619 0.25655874 0.24443129 0.23230383 0.22017638 0.20939793 0.21350673 0.21819649 0.22288625 0.227576 0.23226576 0.23662624 0.24002732 0.2434284 0.24682948 0.25023056 0.25429306 0.24576596 0.23655922 0.22735247 0.21814572 0.21847516 0.2238723 0.22926693 0.23466156 0.24005619 -9999
0.19029455 0.17434429 0.15839402 0.14927996 0.14806492 0.14684988 0.14563484 0.1444198 0.14320476 0.14228216 0.14308189 0.14388162 0.14468135 0.14548108 0.15215679 0.16635146 0.18054614 0.19474082 0.2089355 0.22189913 0.22958655 0.23539123 0.2411959 0.24700057 0.25280525 0.2577607 0.26232379 0.26688689 0.27144998 0.27601307 0.27512073 0.26299328 0.25086582 0.23873837 0.22661092 0.21498483 0.21967458 0.22436434 0.2290541 0.23374386 0.23794847 0.23961131 0.24301239 0.24641347 0.24981455 0.25321563 0.24712869 0.23792194 0.22871519 0.21950845 0.2103017 0.21389135 0.21928598 0.22468061 0.23007524 0.23546987 -9999
0.2008622 0.18491194 0.16896167 0.15856278 0.1521942 0.15097916 0.14976412 0.14854908 0.14733404 0.14351477 0.1417092 0.14250893 0.14330866 0.14410839 0.1507841 0.16497877 0.17917345 0.19336813 0.20580976 0.21653223 0.22808188 0.23649335 0.24229803 0.2481027 0.25390737 0.25886282 0.26342592 0.26798901 0.27255211 0.27067987 0.26757295 0.26475696 0.25363446 0.241507 0.22937955 0.21775346 0.22244322 0.22713298 0.23182273 0.23585094 0.23842914 0.23724038 0.23797905 0.24138013 0.24478121 0.24818229 0.24103219 0.22972997 0.22052323 0.21131648 0.20210973 0.20910841 0.22200177 0.2273964 0.23279103 0.23818566 -9999
0.21142985 0.19547958 0.17952932 0.16913043 0.16250394 0.15587745 0.15389339 0.15267835 0.15146331 0.14764405 0.1437353 0.14113624 0.14193597 0.1427357 0.14941141 0.16360608 0.17780076 0.18972965 0.20044286 0.21116533 0.22271499 0.23426464 0.24340015 0.24920483 0.2550095 0.25996495 0.26452804 0.26909114 0.2662319 0.26296351 0.25985658 0.25704059 0.25422461 0.24427564 0.23214818 0.22052209 0.22521185 0.22990161 0.23375342 0.23633162 0.23890981 0.23772106 0.23613111 0.23634679 0.23974787 0.24314895 0.23599885 0.2238187 0.21233126 0.20312451 0.19391776 0.20091644 0.21657919 0.23011219 0.23550682 0.24090145 -9999
0.21424941 0.20604723 0.19009697 0.17969808 0.17307159 0.1664451 0.1598186 0.15680763 0.15559259 0.15177332 0.14786457 0.14395582 0.14056328 0.14136301 0.14803871 0.16223339 0.17364954 0.18436275 0.19507596 0.20579844 0.21734809 0.22889774 0.24044739 0.25030695 0.25611163 0.26106708 0.26505231 0.26178392 0.25851553 0.25524714 0.25214021 0.24932423 0.24650824 0.24369226 0.23491682 0.22329073 0.22798049 0.2316559 0.2342341 0.23681229 0.23939049 0.23820173 0.23661178 0.23502183 0.23471452 0.2381156 0.23096551 0.21878536 0.20660521 0.19493254 0.1857258 0.19272447 0.20838722 0.22404998 0.23822261 0.24361724 -9999
0.21170885 0.20677603 0.20066462 0.19026573 0.18363924 0.17701275 0.17038625 0.16375976 0.15972186 0.1559026 0.15199385 0.1480851 0.14417635 0.1402676 0.14666602 0.15756944 0.16828265 0.17899586 0.18970907 0.20043154 0.21198119 0.22353084 0.2350805 0.24663015 0.25721375 0.26060433 0.25733594 0.25406755 0.25079916 0.24753077 0.24442385 0.24160786 0.23879187 0.23597589 0.2331599 0.22605936 0.22955838 0.23213658 0.23471477 0.23729297 0.23987116 0.23868241 0.23709245 0.2355025 0.23391255 0.23308226 0.22593217 0.21375202 0.20157187 0.18939172 0.17753383 0.1845325 0.20019526 0.21585801 0.23152076 0.24633303 -9999
0.20311221 0.19817939 0.19327782 0.1899573 0.18368881 0.17706232 0.17043582 0.16380933 0.15718284 0.15318381 0.14927506 0.14536631 0.14145756 0.13848461 0.14600458 0.15671779 0.167431 0.17814421 0.18885742 0.19422668 0.19908691 0.21063656 0.22218621 0.23373586 0.24528551 0.24669983 0.24343144 0.24016305 0.23689466 0.23362627 0.24604483 0.24473056 0.24191457 0.23909859 0.2362826 0.23362743 0.23620563 0.23878382 0.24136202 0.24394021 0.24470232 0.2431783 0.24158835 0.2399984 0.23840844 0.23649792 0.2273994 0.21521925 0.2030391 0.19085895 0.18095491 0.19000136 0.20566412 0.22132687 0.23698962 0.24965123 -9999
0.18994736 0.18506747 0.18024888 0.17692836 0.17462584 0.1691779 0.16255141 0.15592492 0.14929843 0.1452994 0.14139065 0.1374819 0.1360144 0.1410389 0.14855888 0.15927209 0.1699853 0.18069851 0.18490817 0.18759574 0.18854054 0.19206422 0.20361387 0.21516353 0.22671318 0.22812749 0.2248591 0.22159071 0.22097516 0.23896472 0.25140961 0.25386349 0.25321338 0.25039739 0.24758141 0.24492624 0.24750443 0.25008263 0.25266083 0.25313195 0.25222697 0.25070294 0.24911299 0.24752304 0.24550307 0.24286865 0.23377013 0.22158998 0.20940983 0.20005718 0.19672839 0.20577484 0.22143759 0.23710034 0.24895472 0.2516589 -9999
0.17685712 0.17203853 0.16721994 0.16389942 0.1615969 0.15929439 0.154667 0.14804051 0.14141402 0.13741498 0.13350623 0.13354419 0.1385687 0.1435932 0.15111317 0.16182638 0.17253959 0.17557014 0.17827723 0.1809648 0.1819096 0.18285439 0.18504154 0.19659119 0.20814084 0.20955515 0.20628676 0.20835037 0.22633994 0.24432951 0.2567744 0.25922827 0.26168214 0.2616962 0.25888022 0.25622504 0.25880324 0.26138144 0.26156158 0.2606566 0.25975161 0.25822759 0.25663764 0.25450823 0.25187381 0.24923939 0.24014086 0.22796071 0.21915944 0.21583065 0.21250187 0.22154831 0.23721107 0.24825821 0.25096239 0.25366657 -9999
0.16382818 0.15900959 0.154191 0.15087048 0.14856796 0.14626545 0.14396293 0.1401561 0.13352961 0.12953057 0.13107399 0.13609849 0.14112299 0.14614749 0.15366747 0.16352502 0.16623211 0.1689392 0.17164629 0.17433386 0.17527866 0.17622345 0.17716825 0.17811304 0.18956851 0.19098282 0.19572558 0.21371515 0.23170472 0.24969429 0.26213918 0.26459305 0.26704693 0.2695008 0.27017902 0.26752385 0.27010205 0.26999121 0.26908623 0.26818124 0.26727626 0.26575224 0.26351338 0.26087896 0.25824454 0.25561012 0.2465116 0.2382617 0.23493292 0.23160413 0.22827534 0.23732179 0.2475617 0.25026588 0.25297006 0.25567424 -9999
0.15079924 0.14598065 0.14116206 0.13784154 0.13553903 0.13323651 0.13093399 0.12863147 0.12564519 0.12860378 0.13362828 0.13865278 0.14367729 0.14870179 0.15418699 0.15689408 0.15960117 0.16230826 0.16501535 0.16770293 0.16864772 0.16959251 0.17053731 0.1714821 0.1724269 0.18310079 0.20109036 0.21907993 0.2370695 0.25505907 0.26750396 0.26995783 0.27241171 0.27486558 0.27731946 0.27882266 0.27842084 0.27751585 0.27661087 0.27570589 0.27480091 0.27251853 0.26988411 0.26724969 0.26461527 0.26198085 0.25736397 0.25403518 0.25070639 0.2473776 0.24404882 0.2468652 0.24956938 0.25227356 0.25497774 0.25768192 -9999
