mean_models/J1_mean_tot_conduct_slide_170.29.dat.tif
NCOLS 118
NROWS 92
XLLCORNER 139.62
YLLCORNER -39.07
DX 0.099491525
DY 0.099347826
NODATA_VALUE -9999
[rows 0 to 24 of 92, columns 0 to 57 of 118]
-1.8498951 -1.8459565 -1.8459565 -1.841913 -1.841913 -1.8358478 -1.8358478 -1.8358478 -1.8358478 -1.8300459 -1.8344939 -1.8360532 -1.8403996 -1.847031 -1.8523705 -1.8605569 -1.8754807 -1.8935146 -1.9138795 -1.9382905 -1.9641984 -1.9948849 -2.0308436 -2.0698732 -2.1109083 -2.1520566 -2.1968277 -2.2456424 -2.2904136 -2.3370927 -2.3894566 -2.4409263 -2.4860201 -2.531572 -2.5836493 -2.6307902 -2.6755613 -2.7192802 -2.7664078 -2.8088865 -2.8507777 -2.8864622 -2.9212843 -2.9541261 -2.9849355 -2.996821 -3.0072938 -3.0177666 -3.0282393 -3.0322256 -3.037462 -2.9796379 -2.9132752 -2.8930041 -2.8688095 -2.8330034 -2.7963486 -2.7451123
-1.8629416 -1.8629416 -1.8629416 -1.8629416 -1.8647655 -1.8672554 -1.868904 -1.8781674 -1.8845109 -1.8862693 -1.8922908 -1.9005324 -1.906503 -1.9147954 -1.9216604 -1.9365841 -1.9515078 -1.9679866 -1.9878849 -2.0092875 -2.0341604 -2.06194 -2.0960202 -2.1286728 -2.1677784 -2.2039521 -2.2457612 -2.2905324 -2.3353035 -2.3819826 -2.4334805 -2.4798032 -2.5245744 -2.5718614 -2.6255107 -2.6777018 -2.722473 -2.7682137 -2.8153412 -2.8598417 -2.9039102 -2.943753 -2.9808084 -3.0218235 -3.0557769 -3.0731185 -3.0805219 -3.0897502 -3.1073075 -3.1148588 -3.1241102 -3.0605197 -2.976718 -2.9546088 -2.929241 -2.8918629 -2.8466801 -2.7919239
-1.8864492 -1.8820924 -1.8820924 -1.8848648 -1.8896025 -1.8944526 -1.8994271 -1.9092136 -1.9234266 -1.9371786 -1.9471278 -1.9570769 -1.9670261 -1.9807244 -1.9956481 -2.011095 -2.0260187 -2.0430206 -2.0629189 -2.0843215 -2.1091943 -2.1355206 -2.1653681 -2.196095 -2.230917 -2.2665676 -2.3063642 -2.3469386 -2.3917098 -2.43655 -2.4836776 -2.5300003 -2.5747714 -2.6237935 -2.6813939 -2.7304464 -2.7752176 -2.8204351 -2.8675627 -2.9157365 -2.962864 -3.0051286 -3.0449252 -3.0854173 -3.1273085 -3.1361958 -3.1414322 -3.1581214 -3.179067 -3.19056 -3.2010328 -3.117692 -3.0312632 -3.0098329 -2.9848614 -2.9429703 -2.9033884 -2.8405516
-1.9174954 -1.9106998 -1.9069293 -1.9097017 -1.910197 -1.9149173 -1.9242641 -1.9357268 -1.9544728 -1.9706956 -1.9905925 -2.0005416 -2.0173198 -2.0388749 -2.0637478 -2.0804794 -2.1003777 -2.1185635 -2.1434363 -2.1650416 -2.1899144 -2.2162407 -2.2429279 -2.2706058 -2.3054279 -2.3402499 -2.3750719 -2.4144625 -2.4542591 -2.4978497 -2.5397409 -2.5858834 -2.6306546 -2.6796767 -2.7187581 -2.753709 -2.7938453 -2.8374316 -2.8799812 -2.932363 -2.987701 -3.0275438 -3.0635529 -3.1015217 -3.1397269 -3.100677 -3.0545029 -3.0677232 -3.0859284 -3.0934797 -3.1016849 -3.0183442 -2.9319154 -2.9208608 -2.899882 -2.8737 -2.8541736 -2.877807
-1.9494338 -1.9329213 -1.9279467 -1.9258832 -1.9258832 -1.9306035 -1.9405526 -1.9568799 -1.9765729 -1.9993756 -2.0216401 -2.0415384 -2.0614367 -2.0905317 -2.1166894 -2.1431682 -2.1657378 -2.1887463 -2.2150056 -2.2413828 -2.267693 -2.2925659 -2.3174387 -2.3437142 -2.3769972 -2.4118192 -2.4466412 -2.4801624 -2.5166776 -2.5556847 -2.5959501 -2.6354267 -2.677713 -2.7180598 -2.7494782 -2.7772926 -2.815401 -2.853905 -2.8950089 -2.9447815 -3.0023818 -3.0464976 -3.0813196 -3.1172079 -3.1538626 -3.1130955 -3.0345495 -3.0278591 -3.0435683 -3.0532895 -3.0585259 -2.9719447 -2.8855159 -2.8744613 -2.862364 -2.839719 -2.8332873 -2.8620607
-1.9764061 -1.9577177 -1.9427939 -1.9383016 -1.9383016 -1.943022 -1.9529711 -1.9692984 -1.9929869 -2.0180033 -2.0478508 -2.0743015 -2.1041489 -2.1339964 -2.1638438 -2.1928421 -2.2226896 -2.2508387 -2.2806861 -2.3096844 -2.3395318 -2.3670767 -2.3919496 -2.418225 -2.4480725 -2.4801208 -2.5149429 -2.5484641 -2.5783115 -2.6115679 -2.6482226 -2.6851006 -2.7199226 -2.7544294 -2.7806113 -2.8083388 -2.8381863 -2.8725327 -2.9091875 -2.9571999 -3.0148003 -3.058916 -3.0937381 -3.1296263 -3.1662811 -3.1255139 -3.046968 -3.0402775 -3.0559867 -3.0672312 -3.0771536 -2.9885764 -2.8979344 -2.8868798 -2.8747825 -2.8590733 -2.8581242 -2.894779
-1.9868613 -1.9664745 -1.9449577 -1.9346399 -1.9346399 -1.9393603 -1.9493094 -1.9678361 -1.9946852 -2.0205508 -2.0545845 -2.0909659 -2.1248978 -2.1613809 -2.1952112 -2.2350078 -2.2723635 -2.3022109 -2.3339481 -2.3672659 -2.3971134 -2.4255074 -2.4503803 -2.4766557 -2.504766 -2.5309906 -2.5618043 -2.5953255 -2.621902 -2.6460108 -2.6807533 -2.7133343 -2.7440888 -2.7693954 -2.7885829 -2.8072247 -2.8346401 -2.8643602 -2.8982642 -2.9428181 -2.9939714 -3.0338141 -3.0686362 -3.1045244 -3.1411792 -3.100412 -3.0300974 -3.0258958 -3.0416049 -3.0528494 -3.0633222 -2.9753414 -2.8889127 -2.88 -2.8764808 -2.8607716 -2.861521 -2.900418
-1.9906271 -1.9589135 -1.9340406 -1.9237228 -1.9237228 -1.9284432 -1.9383923 -1.9584882 -1.9869144 -2.0209292 -2.0607258 -2.1005224 -2.140319 -2.1863928 -2.2261894 -2.2691246 -2.3089212 -2.3471628 -2.3819848 -2.4168068 -2.4467193 -2.4751134 -2.4999863 -2.5234566 -2.5481628 -2.571684 -2.6010962 -2.628342 -2.6482403 -2.6684017 -2.6993131 -2.7253572 -2.7502301 -2.7703315 -2.7808043 -2.7847944 -2.8096672 -2.8325251 -2.8639435 -2.8938275 -2.9409551 -2.97609 -3.010912 -3.0420924 -3.0787471 -3.0748349 -3.0067618 -3.0056987 -3.0214079 -3.0342216 -3.0446944 -2.9864624 -2.9002172 -2.8988315 -2.8953123 -2.8796032 -2.8615975 -2.9034887
-1.9719993 -1.9388932 -1.9092037 -1.8983349 -1.8935972 -1.8981878 -1.9131116 -1.9342813 -1.9674452 -2.0024907 -2.0472619 -2.088104 -2.136822 -2.1865678 -2.2363136 -2.2816164 -2.3313621 -2.3719997 -2.4068218 -2.4416438 -2.4764658 -2.5061596 -2.5310325 -2.5545028 -2.5744011 -2.5965209 -2.6164192 -2.6407605 -2.6606588 -2.6808202 -2.7017658 -2.7250975 -2.7400212 -2.7579131 -2.7398859 -2.7340641 -2.7489878 -2.7686777 -2.7843868 -2.8067604 -2.8229795 -2.8539875 -2.8743087 -2.9010578 -2.9235162 -2.9566518 -2.9695063 -2.9732887 -2.996571 -3.0122802 -3.0260667 -3.0217268 -2.9809373 -2.97541 -2.9698232 -2.954114 -2.9351131 -2.9089312
-1.9417301 -1.9067071 -1.8768596 -1.8617059 -1.8552045 -1.8596653 -1.8764825 -1.8998737 -1.9330376 -1.972063 -2.0193293 -2.0658082 -2.1174256 -2.1771205 -2.2320599 -2.2818057 -2.3315515 -2.3797421 -2.4199613 -2.4562875 -2.4938589 -2.5257742 -2.5499655 -2.5698638 -2.5897621 -2.6083087 -2.6253051 -2.6439025 -2.6608481 -2.678378 -2.6934479 -2.7089383 -2.7187531 -2.7217917 -2.699621 -2.6865757 -2.6971871 -2.7081253 -2.7196359 -2.7300909 -2.7425471 -2.7577913 -2.7763809 -2.7968884 -2.817834 -2.8387796 -2.8687291 -2.8921635 -2.9180839 -2.9353363 -2.9510455 -2.9512581 -2.9461957 -2.9447384 -2.9369301 -2.9212209 -2.9055117 -2.8845453
-1.9034146 -1.8656527 -1.8358053 -1.8178791 -1.8084037 -1.8128646 -1.8327629 -1.8588194 -1.8919832 -1.9318307 -1.9815764 -2.0347374 -2.0944324 -2.1557713 -2.2154662 -2.2735933 -2.3233391 -2.3723517 -2.4171229 -2.4603899 -2.5001865 -2.5341695 -2.5540678 -2.5747882 -2.5946865 -2.6132331 -2.6281568 -2.6422585 -2.6571822 -2.6693435 -2.6798163 -2.6875891 -2.6925637 -2.6872147 -2.6610327 -2.6463434 -2.651318 -2.6547562 -2.6599926 -2.664407 -2.6696434 -2.6781486 -2.6930723 -2.7098554 -2.730801 -2.7501025 -2.7710481 -2.7903497 -2.8112953 -2.8261321 -2.8418413 -2.8427378 -2.8425542 -2.8419158 -2.8392186 -2.8235094 -2.8094442 -2.793735
-1.8599499 -1.8200482 -1.7861314 -1.7682052 -1.7587298 -1.7631907 -1.783089 -1.8091455 -1.8423093 -1.8830932 -1.9378136 -1.9912728 -2.0546811 -2.1193506 -2.1840201 -2.2441149 -2.3038099 -2.3544571 -2.4042029 -2.4479714 -2.487768 -2.5217511 -2.5485678 -2.5742076 -2.5891314 -2.6070238 -2.6219476 -2.6355704 -2.6455196 -2.6559375 -2.6559375 -2.661875 -2.661875 -2.6561685 -2.6259838 -2.6078125 -2.6078533 -2.6086269 -2.6041095 -2.6067188 -2.607551 -2.6096875 -2.6123522 -2.6246865 -2.6376624 -2.6515696 -2.6654911 -2.6784527 -2.6933197 -2.700871 -2.7114472 -2.7123438 -2.7121601 -2.7066328 -2.7029664 -2.6924936 -2.6806979 -2.6754615
-1.8164853 -1.7765835 -1.7417615 -1.7217718 -1.7122964 -1.7167573 -1.7360803 -1.7616709 -1.7958759 -1.8366598 -1.8913801 -1.9495157 -2.0141852 -2.0820952 -2.1467647 -2.2146747 -2.2760041 -2.3325889 -2.3823347 -2.4355529 -2.4753495 -2.5154798 -2.5453273 -2.5709671 -2.5858909 -2.6040551 -2.6189788 -2.6326017 -2.6425508 -2.6402785 -2.6402785 -2.6402785 -2.6402785 -2.6266277 -2.5954213 -2.5802785 -2.579966 -2.5748837 -2.5690161 -2.5637976 -2.5637976 -2.5637976 -2.5614776 -2.5512238 -2.5609202 -2.571393 -2.5758776 -2.5826171 -2.5832145 -2.586136 -2.5825474 -2.5819497 -2.5590827 -2.5535554 -2.5436797 -2.5332069 -2.52438 -2.5195118
-1.7730206 -1.7331189 -1.6982968 -1.6783071 -1.6688317 -1.6714827 -1.6864064 -1.711997 -1.7498985 -1.7931951 -1.8479155 -1.9072084 -1.9768525 -2.0459463 -2.1155903 -2.1836285 -2.248298 -2.3097616 -2.3694565 -2.4240884 -2.4688596 -2.5092706 -2.5391181 -2.5656102 -2.5855085 -2.6040551 -2.6189788 -2.63035 -2.6253754 -2.6216508 -2.6216508 -2.6205019 -2.6155274 -2.6029755 -2.5767935 -2.5601036 -2.5551291 -2.5484427 -2.5379699 -2.5327514 -2.5327514 -2.5279621 -2.5180129 -2.5077591 -2.4972863 -2.4941846 -2.4889482 -2.4819209 -2.4714482 -2.4626262 -2.4521534 -2.4208447 -2.385224 -2.374536 -2.3636118 -2.353139 -2.3475988 -2.3580716
-1.7465328 -1.7066311 -1.671809 -1.6518193 -1.642344 -1.6420845 -1.6537094 -1.6771006 -1.7115426 -1.7571479 -1.8157687 -1.8756119 -1.945256 -2.0165569 -2.0902031 -2.1598472 -2.2285697 -2.2932392 -2.357038 -2.4152287 -2.4683093 -2.5087203 -2.5427417 -2.5783306 -2.6024854 -2.6223837 -2.6416147 -2.651335 -2.6463604 -2.6439517 -2.6482948 -2.6465957 -2.6416211 -2.6296195 -2.6008071 -2.578441 -2.5699049 -2.5605139 -2.5465365 -2.5386908 -2.535659 -2.5209344 -2.5028431 -2.4864965 -2.4707986 -2.4462491 -2.4303137 -2.4051175 -2.3879767 -2.3551801 -2.3387363 -2.2937006 -2.255719 -2.2227629 -2.2106656 -2.1957069 -2.1918175 -2.2022903
-1.7272518 -1.6912597 -1.6564377 -1.636448 -1.6269726 -1.6247203 -1.6346695 -1.6534027 -1.6865666 -1.7291089 -1.7888039 -1.851914 -1.9215581 -1.9945157 -2.0694703 -2.1456949 -2.2161126 -2.2857567 -2.3508639 -2.4155333 -2.4712307 -2.5215909 -2.5613875 -2.6017743 -2.6278276 -2.6527005 -2.6732399 -2.6866339 -2.6816594 -2.6792506 -2.684487 -2.6879348 -2.6832538 -2.6695172 -2.6380988 -2.6137399 -2.6037907 -2.5914718 -2.5757626 -2.5633149 -2.5580785 -2.5392247 -2.5143518 -2.4837927 -2.4628471 -2.4288849 -2.3974665 -2.3560844 -2.324666 -2.2788191 -2.2421643 -2.1876634 -2.1402653 -2.0998649 -2.0682651 -2.0509166 -2.0384991 -2.0479312
-1.726719 -1.6922288 -1.6623814 -1.6416828 -1.6274697 -1.6247203 -1.6346695 -1.6531961 -1.6816223 -1.7224858 -1.7821807 -1.8452908 -1.9149349 -1.9878925 -2.0674858 -2.1456949 -2.2252881 -2.2990031 -2.3686471 -2.4354029 -2.5000724 -2.5547762 -2.5995473 -2.6415134 -2.6763355 -2.705686 -2.7305589 -2.7462426 -2.7412681 -2.7388593 -2.7440957 -2.7475435 -2.7475435 -2.7353981 -2.6987433 -2.6733486 -2.6633994 -2.6510805 -2.6353713 -2.6222892 -2.6118164 -2.591258 -2.5614106 -2.5259405 -2.4840493 -2.4441752 -2.3974665 -2.3460883 -2.2915501 -2.2333431 -2.1759325 -2.1096524 -2.0475407 -1.9922676 -1.9490477 -1.9228658 -1.9060353 -1.9007989
-1.7548051 -1.7216989 -1.6918515 -1.6711529 -1.6569398 -1.6541904 -1.6618932 -1.6777545 -1.7061807 -1.7456601 -1.8037103 -1.8635535 -1.9347915 -2.0110669 -2.0922032 -2.176771 -2.2596699 -2.336153 -2.4086797 -2.4837602 -2.5498202 -2.6121974 -2.6596478 -2.708758 -2.7448689 -2.7819621 -2.8103949 -2.8274627 -2.8070558 -2.7562275 -2.7614639 -2.7649117 -2.7649117 -2.7527663 -2.7349429 -2.7398336 -2.7298845 -2.7175656 -2.7018564 -2.6887743 -2.6477743 -2.6023305 -2.5753142 -2.5405406 -2.4986494 -2.4532391 -2.4097788 -2.3559117 -2.2900312 -2.2264228 -2.1497476 -2.0810767 -1.993782 -1.9366412 -1.8750179 -1.8435513 -1.8095906 -1.8025602
-1.7907936 -1.764559 -1.7347115 -1.714013 -1.6997999 -1.6958113 -1.7007858 -1.7166472 -1.7450734 -1.7816734 -1.8363937 -1.8979446 -1.9725632 -2.0516163 -2.1361841 -2.2218729 -2.3064407 -2.3905743 -2.4701675 -2.5478732 -2.6175172 -2.6828011 -2.7375215 -2.790276 -2.8300727 -2.8671659 -2.8970133 -2.8929974 -2.8233533 -2.772525 -2.7777614 -2.7812092 -2.7812092 -2.7864144 -2.8021236 -2.8081352 -2.7981861 -2.7847463 -2.7690371 -2.7259358 -2.6578626 -2.6153637 -2.5904909 -2.5568381 -2.514947 -2.4730558 -2.4311646 -2.3670718 -2.2989986 -2.2197541 -2.1412081 -2.0494243 -1.9602413 -1.8846371 -1.8138378 -1.7667103 -1.7288618 -1.718389
-1.852886 -1.8284923 -1.8030131 -1.7824172 -1.7729418 -1.7703221 -1.7752967 -1.7911581 -1.8195842 -1.8555467 -1.9052925 -1.9662462 -2.0408648 -2.1204538 -2.2099962 -2.2968687 -2.3864111 -2.4717286 -2.5562964 -2.6351858 -2.7098045 -2.7759397 -2.8344182 -2.8899055 -2.9346767 -2.9727229 -3.0025704 -2.997295 -2.8928289 -2.8346174 -2.8398538 -2.8433016 -2.8433016 -2.8485068 -2.8685176 -2.8764369 -2.8664877 -2.8520145 -2.8311295 -2.786522 -2.7137458 -2.6712469 -2.646374 -2.6146468 -2.5770394 -2.5351482 -2.493257 -2.4234221 -2.3486725 -2.2627403 -2.1784636 -2.0752299 -1.978869 -1.8849048 -1.8074201 -1.7393469 -1.6967658 -1.6758202
-1.9253022 -1.9047423 -1.8828211 -1.8710856 -1.8616103 -1.8589906 -1.8639652 -1.8798266 -1.9082527 -1.9442152 -1.9942334 -2.0557842 -2.1304029 -2.2099919 -2.2995342 -2.3890766 -2.478619 -2.5666063 -2.6512431 -2.7362728 -2.8108914 -2.8811499 -2.9408448 -2.9927927 -3.0375639 -3.0733889 -3.1010487 -3.0957732 -2.9913071 -2.889631 -2.8947758 -2.8947758 -2.8945627 -2.8981766 -2.9191222 -2.9270415 -2.9170923 -2.9026191 -2.8826036 -2.8379962 -2.7632837 -2.7165118 -2.691639 -2.6629581 -2.6267963 -2.5866224 -2.5470262 -2.4784356 -2.4054252 -2.319493 -2.2272337 -2.1231035 -2.0151937 -1.9212295 -1.8259866 -1.7579135 -1.6975742 -1.674942
-2.0089006 -1.9970927 -1.9821689 -1.9704335 -1.9609581 -1.9583384 -1.963313 -1.9791744 -2.0076005 -2.0450701 -2.0997905 -2.1613413 -2.23596 -2.3155489 -2.4050913 -2.4946337 -2.5841761 -2.6734671 -2.7630094 -2.8480391 -2.9226577 -2.9917142 -3.0464345 -3.0971986 -3.1369952 -3.1727367 -3.1976096 -3.1815654 -3.0422773 -2.9382405 -2.9382405 -2.9367927 -2.9318181 -2.9354321 -2.9563777 -2.9642969 -2.9543478 -2.9417775 -2.9260683 -2.8790851 -2.8005391 -2.7537673 -2.7288944 -2.7002135 -2.6687951 -2.6333549 -2.5967001 -2.5355908 -2.4675176 -2.377372 -2.2831169 -2.1743005 -2.0648677 -1.9599843 -1.8613987 -1.7828527 -1.7168332 -1.674942
-2.113598 -2.1087193 -2.100582 -2.0888465 -2.0832363 -2.0831065 -2.0880811 -2.1061419 -2.1387237 -2.1764447 -2.231165 -2.2927159 -2.3673345 -2.4469235 -2.5364659 -2.6244023 -2.7091955 -2.7971828 -2.8819252 -2.9654506 -3.0352184 -3.1040235 -3.1169983 -3.1083203 -3.1283068 -3.1599932 -3.1699424 -3.1622077 -3.0627162 -2.9577494 -2.9527101 -2.9493118 -2.9396813 -2.9432953 -2.9376287 -2.9213196 -2.9113704 -2.8990515 -2.8833423 -2.8466162 -2.7829821 -2.7421 -2.7240475 -2.7014594 -2.6766584 -2.6593167 -2.6368414 -2.5802268 -2.5145167 -2.4330493 -2.3425748 -2.233507 -2.123707 -2.0186881 -1.9184267 -1.8346987 -1.7610904 -1.7003623
-2.2108402 -2.2172963 -2.2123217 -2.2074858 -2.2030503 -2.2101308 -2.2159693 -2.2318306 -2.2644017 -2.3051856 -2.359906 -2.4214568 -2.4960754 -2.5740076 -2.6624147 -2.7487452 -2.8321268 -2.9120293 -2.992886 -3.0684284 -3.1342088 -3.1776919 -3.1577936 -3.1323499 -3.1494691 -3.1639606 -3.1710289 -3.1497577 -3.0472836 -2.9688448 -2.9606557 -2.9521104 -2.9410683 -2.9274755 -2.9065299 -2.8853313 -2.8746875 -2.8623685 -2.8466594 -2.8125603 -2.755125 -2.725581 -2.7106573 -2.6950223 -2.6740767 -2.6657538 -2.655281 -2.6132648 -2.5504281 -2.4781086 -2.3943263 -2.2914404 -2.181824 -2.0794137 -1.9779792 -1.8925778 -1.8153789 -1.7525421
-2.3074333 -2.3169836 -2.3219582 -2.3210258 -2.3210258 -2.3281063 -2.3430301 -2.3622247 -2.3906508 -2.4293704 -2.4840907 -2.5456416 -2.6202602 -2.6981924 -2.7827602 -2.8667207 -2.946314 -3.0237956 -3.0934397 -3.161567 -3.2162873 -3.249929 -3.2051578 -3.1758146 -3.1857637 -3.1950068 -3.1950068 -3.1683854 -3.0589448 -2.975054 -2.9593448 -2.9459012 -2.9309775 -2.9143206 -2.8881387 -2.8667036 -2.8517798 -2.8375316 -2.8218224 -2.7877234 -2.7353594 -2.7071061 -2.6971569 -2.6828581 -2.6671489 -2.6609986 -2.6609986 -2.6230736 -2.575265 -2.5079635 -2.437791 -2.339196 -2.2377071 -2.1382156 -2.0400716 -1.9510528 -1.871262 -1.8084253
