mean_models/J1_mean__temp2_slide_160.dat.tif
NCOLS 118
NROWS 92
XLLCORNER 139.62
YLLCORNER -39.07
DX 0.099491525
DY 0.099347826
NODATA_VALUE -9999
[rows 0 to 26 of 92, columns 0 to 59 of 118]
-9999 -9999 -9999 -9999 -9999 -9999 -9999 -9999 -9999 -9999 -9999 -9999 -9999 -9999 -9999 -9999 -9999 -9999 -9999 -9999 -9999 -9999 -9999 -9999 -9999 -9999 -9999 -9999 -9999 -9999 -9999 -9999 -9999 -9999 -9999 -9999 -9999 -9999 -9999 -9999 -9999 -9999 -9999 -9999 -9999 -9999 -9999 -9999 -9999 -9999 -9999 -9999 -9999 -9999 -9999 -9999 -9999 -9999 -9999 -9999
-9999 943.18725 943.58684 943.98644 944.38604 944.78564 946.03872 945.64345 944.83414 946.426 948.01787 949.60973 951.2016 950.74844 946.83347 943.64477 940.45606 937.26736 934.07866 930.45824 925.84183 921.22542 916.60902 911.99261 908.51424 912.53219 919.7485 929.76005 939.77159 949.78314 959.79469 963.53031 955.16796 946.80562 938.44327 930.08092 925.49887 925.5848 919.90544 916.17965 912.45386 908.72808 905.00229 915.56868 928.29574 938.43165 948.56757 958.70349 968.8394 980.41923 999.0046 1017.59 1036.1753 1054.7607 1066.4053 1059.0668 1058.8696 1058.6724 1058.4752 1058.278
-9999 948.3968 948.7964 949.19599 949.59559 951.51248 954.37979 953.98453 949.82382 947.46708 949.05895 950.65081 952.24268 951.78952 947.2411 942.98866 939.79995 936.61125 933.42255 929.80213 925.18572 920.56931 915.95291 914.50803 918.08475 922.1027 927.30324 933.42557 943.43712 953.44866 963.46021 967.19583 958.83348 950.47114 942.10879 940.78107 946.73033 946.81626 938.51386 931.88902 928.16324 924.43745 920.71167 931.27806 952.11891 966.83478 976.9707 987.10662 997.24253 1008.5144 1019.9826 1037.7017 1056.2871 1074.8724 1086.5171 1074.1197 1064.7684 1064.5711 1064.3739 1064.1767
-9999 953.60635 954.00595 954.40555 956.98624 959.85356 962.72087 962.3256 958.1649 954.0042 950.10003 951.6919 953.28376 952.83061 948.28219 943.73376 939.18534 935.95514 932.76644 929.14602 924.52961 919.9132 920.50182 924.07854 927.65526 931.6732 936.87374 942.07428 947.27482 957.11418 967.12573 970.86135 962.49901 954.13666 956.06328 962.01253 967.96179 968.04772 959.74532 951.44292 943.87261 940.14683 936.42104 946.98743 967.82829 988.66915 1005.3738 1015.5097 1025.6457 1036.9175 1048.3857 1059.8539 1076.3988 1094.9842 1106.6288 1094.2314 1081.8341 1070.4699 1070.2727 1070.0755
-9999 958.8159 959.5927 962.46001 965.32732 968.19464 971.06195 970.66668 966.50598 962.34528 958.18457 954.02387 954.32484 953.87169 949.32327 944.77485 940.22643 935.67801 932.11033 928.48991 923.8735 926.4956 930.07232 933.64904 937.22576 941.24371 946.44425 951.64479 956.84533 962.04587 970.79125 974.52687 966.16453 971.34548 977.29473 983.24399 989.19325 989.27917 980.97678 972.67438 964.37199 956.06959 952.13042 962.69681 983.53766 1004.3785 1025.2194 1043.9129 1054.0488 1065.3206 1076.7888 1088.257 1099.7252 1115.0959 1126.7405 1114.3431 1101.9458 1089.5484 1077.1511 1075.9743
-9999 965.06646 967.93377 970.80109 973.6684 976.53571 979.40303 979.00776 974.84706 970.68635 966.52565 962.36495 958.20425 954.91277 950.36435 945.81593 941.26751 936.71909 932.17067 928.91267 932.48939 936.06611 939.64283 943.21955 946.79627 950.81422 956.01476 961.2153 966.41584 971.61638 976.81692 980.67843 986.62768 992.57694 998.52619 1004.4754 1010.4247 1010.5106 1002.2082 993.90584 985.60344 977.30105 968.99865 978.40618 999.24704 1020.0879 1040.9288 1061.7696 1082.4519 1093.7238 1105.192 1116.6601 1128.1283 1139.5965 1146.8522 1134.4549 1122.0575 1109.6602 1097.2628 1084.8655
-9999 967.38596 970.25327 973.12058 975.98789 978.85521 981.56563 981.02618 976.86548 972.70477 968.54407 964.38337 960.46363 957.43245 954.96447 950.41605 945.86763 941.31921 936.77079 934.67929 938.25601 941.83273 945.40945 948.98617 952.9393 955.40839 953.79284 958.99338 964.19392 969.39446 974.595 980.05128 986.00053 991.94979 997.89905 1003.8483 1015.3956 1022.1582 1013.8558 1005.5534 997.25105 988.94865 987.48926 987.58644 998.07635 1018.9172 1039.7581 1060.5989 1081.4398 1094.2891 1105.7573 1117.2255 1128.6936 1137.4899 1135.3537 1122.9563 1110.559 1098.1616 1085.7642 1079.2955
-9999 968.75146 971.61877 974.48609 977.3534 979.98416 982.58236 982.04291 977.88221 973.7215 969.5608 965.79893 962.17157 959.14039 957.30311 955.46584 951.0316 946.48318 941.93476 939.84326 943.41998 946.9967 950.57342 954.80447 959.39268 961.86177 958.65106 955.44035 960.10375 965.30429 970.50483 975.96111 981.91036 987.85962 993.80887 1008.2318 1025.5248 1032.2875 1023.9851 1015.6827 1007.3803 1008.3831 1010.6817 1010.7789 1009.2935 1015.0722 1035.9131 1056.7539 1077.5948 1090.4441 1101.9123 1113.3805 1120.1572 1120.9833 1118.8471 1106.4498 1094.0524 1081.6551 1076.9938 1074.1209
-9999 970.11696 972.98428 975.8045 978.4027 981.00089 983.59909 983.05964 978.89894 974.76159 971.13423 967.50687 963.8795 960.84833 959.01105 957.17377 955.3365 951.64715 947.09873 945.00723 948.58395 952.16067 956.66963 961.25785 965.84607 968.31515 965.10444 961.89373 958.68302 961.21412 966.41466 971.87094 977.82019 983.77513 1001.0681 1018.3611 1035.6541 1042.4167 1034.1143 1026.9783 1029.2769 1031.5755 1033.8741 1033.9713 1032.4859 1031.0005 1032.0681 1052.909 1073.7498 1086.5992 1098.0673 1102.8245 1103.6507 1104.4768 1102.3406 1089.9432 1077.5648 1074.692 1071.8192 1068.9464
-9999 971.48247 974.22303 976.82123 979.41943 982.01762 984.61582 984.07637 980.09689 976.46953 972.84217 969.2148 965.58744 962.55626 960.71899 958.88171 957.04443 955.20716 952.26271 950.17121 953.94658 958.53479 963.12301 967.71123 972.29945 974.76853 971.55782 968.34712 965.13641 961.9257 962.32449 967.78076 976.6114 993.90438 1011.1974 1028.4903 1045.7833 1052.546 1047.8722 1050.1708 1052.4694 1054.768 1057.0666 1057.1637 1055.6784 1054.193 1052.7076 1051.2222 1069.9049 1082.7542 1085.4918 1086.318 1087.1441 1087.9703 1085.8341 1075.2631 1072.3903 1069.5175 1066.6447 1063.7719
-9999 972.20776 974.80595 977.40415 980.00235 982.60054 985.19874 984.58766 980.9603 977.33294 973.70557 970.07821 966.45085 963.92164 962.08437 960.24709 958.40981 956.57254 954.73526 954.84096 959.42917 964.01739 968.60561 973.19383 977.78204 982.10532 978.89461 975.6839 972.47319 969.26248 966.05177 969.84445 987.13742 1004.4304 1021.7234 1039.0164 1056.3093 1066.2089 1068.5075 1070.8061 1073.1047 1075.4033 1077.7019 1076.5452 1075.0598 1073.5744 1072.089 1070.6036 1069.1183 1069.6038 1070.4299 1071.256 1072.0822 1072.9083 1075.2321 1072.3593 1069.4865 1066.6136 1063.7408 1060.868
-9999 969.94759 972.54579 975.14399 977.74218 980.34038 981.22615 979.91624 976.28888 972.66152 969.03415 965.40679 962.01052 960.08963 960.98505 959.36745 957.53017 955.69289 953.85562 953.96131 958.54953 963.13775 967.72597 972.31418 976.9274 982.51362 990.67699 988.81023 985.59952 982.38881 979.1781 982.97078 1000.2638 1017.5567 1034.8497 1052.1427 1063.3971 1070.0855 1072.3841 1074.6827 1076.9813 1079.2799 1074.8683 1071.5484 1069.4653 1067.9799 1066.4945 1065.0091 1063.5237 1064.0092 1064.8354 1065.6615 1066.4876 1075.5076 1087.2097 1084.3369 1081.4641 1078.5913 1075.7184 1067.4103
-9999 967.68743 970.28563 972.88382 975.15859 975.85666 976.55473 975.24483 971.61746 967.9901 964.37445 961.0472 957.71994 955.79904 956.69447 957.58989 956.65053 954.81325 952.97598 953.08167 957.66989 962.25811 966.84632 971.46859 976.09329 981.67952 989.84288 998.00624 998.72585 995.51514 992.30443 996.09711 1013.3901 1030.6831 1047.7599 1057.5168 1067.2737 1073.9622 1076.2608 1078.5593 1079.7632 1074.9841 1070.2051 1066.8853 1064.6144 1062.3854 1060.9 1059.4146 1057.9292 1058.4147 1059.2409 1060.067 1071.5755 1087.4853 1099.1873 1096.3145 1093.4417 1090.0959 1081.2802 1072.4646
-9999 965.42727 968.02546 969.7891 970.48717 971.18524 971.88331 970.57341 966.94605 963.41113 960.08387 956.75661 953.42935 951.50846 952.40388 953.29931 954.19473 953.93361 952.09633 952.20203 956.79025 961.38509 966.00979 970.63448 975.25918 980.84541 989.00877 997.17214 1005.3355 1008.6415 1005.4308 1009.2234 1026.5164 1041.8796 1051.6365 1061.3934 1071.1503 1077.8388 1080.1374 1079.879 1075.1 1070.321 1065.542 1062.2221 1059.9513 1057.6804 1055.4096 1053.8201 1052.3347 1052.8202 1053.6463 1067.6434 1083.5531 1099.4629 1111.165 1108.2921 1103.9659 1095.1502 1086.3346 1077.5189
-9999 963.1671 964.41961 965.11768 965.81575 966.51382 967.21189 965.90199 962.4478 959.12054 955.79329 952.46603 949.13877 947.21787 948.1133 949.00872 949.90415 950.79957 951.21669 951.32239 955.92628 960.55098 965.17568 969.80038 974.42507 980.0113 988.17466 996.33803 1004.5014 1012.6648 1018.5571 1022.3498 1035.9993 1045.7562 1055.5131 1065.2701 1075.027 1081.7154 1079.9949 1075.2159 1070.4369 1065.6579 1060.8788 1057.559 1055.2881 1053.0173 1050.7464 1048.4756 1046.7402 1047.8015 1063.7112 1079.621 1095.5307 1111.4405 1123.1426 1117.8359 1109.0202 1100.2045 1091.3889 1082.5732
-9999 959.12006 959.81813 960.51621 961.21428 961.91235 962.61042 961.26176 957.9345 954.60724 951.27999 947.95273 944.62547 943.28169 944.2646 945.16003 946.05545 946.95088 947.8463 949.8694 954.4941 959.11879 963.74349 968.36819 972.99289 983.75965 994.13962 1002.303 1010.4663 1018.6297 1026.7931 1035.5007 1045.2577 1055.0146 1064.7715 1074.5284 1084.2853 1088.1599 1083.3809 1078.6018 1073.8228 1069.0438 1064.2648 1060.2479 1057.977 1055.7062 1053.4353 1051.1645 1048.8936 1059.8767 1075.7865 1091.6963 1107.606 1123.5158 1131.1535 1120.7036 1111.8879 1103.0723 1094.2566 1085.4409
-9999 954.68112 955.37919 956.07726 956.77533 957.08939 955.23004 953.66447 952.43795 949.57644 946.24918 942.92192 939.59467 938.25088 940.87912 942.33813 943.23355 944.12897 945.0244 947.0475 951.6722 956.29689 960.92159 965.54629 968.88021 979.16851 1008.3566 1024.0665 1032.2299 1040.3932 1048.5566 1057.2643 1067.0212 1076.7781 1086.535 1095.6283 1089.6116 1090.8142 1102.3449 1100.6909 1095.9119 1091.1328 1086.3538 1081.921 1077.7494 1075.4785 1073.2077 1070.9368 1068.666 1076.5432 1088.0887 1103.9985 1119.9082 1135.818 1143.4557 1122.4399 1109.6748 1100.8591 1092.0435 1083.2278
-9999 950.24217 950.94024 951.63832 951.19538 949.33603 947.47668 945.91111 944.68459 943.45807 941.21838 937.89112 934.56386 933.22008 935.84831 938.47655 940.41165 941.30707 942.2025 944.2256 948.85029 953.47499 957.81549 961.05229 964.28908 974.57738 1003.7655 1032.9536 1053.9934 1062.1567 1070.3201 1079.0278 1088.7847 1098.5416 1103.6362 1097.6195 1091.6028 1092.8054 1104.3361 1115.8668 1118.0009 1113.2219 1108.4428 1104.0101 1099.8262 1095.6423 1092.98 1090.7091 1088.4383 1096.3156 1105.9467 1116.3007 1132.2105 1148.1202 1155.7579 1134.7421 1113.7263 1098.646 1089.8303 1081.0147
-9999 945.80323 946.5013 945.30138 943.44203 941.58268 939.72333 938.15775 936.93123 935.70471 934.4782 932.86031 929.53306 928.18927 930.81751 933.44574 936.07398 938.48517 939.3806 941.4037 946.02839 949.98757 953.22436 956.46115 959.69794 969.98624 999.17435 1028.3625 1057.5506 1083.9203 1092.0836 1100.7913 1110.5482 1111.6441 1105.6274 1099.6107 1093.594 1094.7966 1106.3273 1117.858 1129.3887 1135.3109 1130.5319 1126.0991 1121.9152 1117.7313 1113.5475 1110.4815 1108.2106 1116.0879 1125.719 1135.3502 1144.9813 1160.4224 1168.0601 1147.0443 1126.0285 1105.0127 1087.6172 1078.8015
-9999 941.26672 939.40737 937.54802 935.68867 933.82932 931.96997 930.40439 929.17788 927.95136 926.72484 925.49832 924.2718 923.15847 925.7867 928.41494 931.04317 933.67141 936.29964 938.58179 942.15964 945.39643 948.63322 951.87001 955.1068 965.3951 994.58322 1023.7713 1052.9594 1082.1476 1111.3357 1122.5548 1119.652 1113.6353 1107.6186 1101.6019 1095.5852 1096.7877 1108.3185 1119.8492 1131.3799 1142.9106 1152.6209 1148.1881 1144.0043 1139.8204 1135.6365 1131.4526 1127.983 1135.8602 1145.4914 1155.1225 1164.7536 1174.3848 1180.3623 1159.3465 1138.3307 1117.3149 1096.2991 1076.5884
-9999 941.51753 939.65818 937.79883 935.93948 934.08013 930.57216 924.65479 923.42827 922.20175 920.97523 919.74872 918.84153 922.0188 924.82847 927.4567 930.08494 932.71317 935.34141 938.15366 941.39045 944.62724 947.86403 951.10082 954.33761 969.4408 992.40068 1021.5888 1050.7769 1079.965 1109.1531 1126.3164 1120.2997 1114.283 1108.2663 1102.2496 1097.1771 1102.7925 1114.3232 1125.8539 1137.3846 1148.9154 1159.593 1160.2283 1155.9516 1151.7677 1147.5839 1143.4 1139.2161 1146.8115 1156.4426 1166.0737 1175.7049 1185.336 1185.4026 1164.3868 1143.371 1122.3552 1101.3394 1086.5561
-9999 947.80603 945.94668 944.08733 942.22799 936.31579 926.33402 920.41665 919.19013 917.96362 916.7371 917.14644 920.36768 923.54495 926.63416 929.57049 932.19872 934.82696 937.45519 940.26744 943.50423 946.74103 949.97782 956.46076 971.58347 986.70618 1001.8289 1021.2231 1050.4112 1079.5993 1108.7875 1125.9508 1119.934 1113.9173 1107.9006 1104.7287 1106.2093 1111.8246 1123.3554 1134.8861 1146.4168 1156.3972 1164.926 1165.5614 1160.5222 1156.0651 1151.8812 1147.6973 1143.5134 1151.1088 1160.7399 1170.3711 1179.6361 1185.2876 1184.9651 1163.9493 1142.9334 1121.9176 1111.4572 1113.2214
-9999 954.09454 952.23519 950.37584 942.05943 932.07766 922.09588 916.17852 914.952 913.72548 915.45135 918.67259 921.89383 925.0711 928.16032 931.24953 934.31251 936.94074 939.56897 942.38123 945.61802 948.85481 958.60343 973.72614 988.84886 1003.9716 1019.0943 1034.217 1050.0455 1079.2337 1108.4218 1125.5851 1119.5684 1113.5517 1112.2804 1113.7609 1115.2415 1120.8568 1132.3876 1143.9183 1153.2015 1161.7303 1170.2591 1170.8945 1165.8553 1160.8162 1156.1785 1151.9946 1147.8107 1155.4061 1165.0372 1173.5471 1179.1986 1184.8501 1184.5275 1163.5117 1142.4959 1136.3584 1138.1226 1139.8868
-9999 960.38305 957.78484 947.80307 937.82129 927.83952 917.85775 911.94038 910.71386 913.75626 916.9775 920.19874 923.41999 926.59726 929.68647 932.77568 935.86489 938.9541 941.68276 944.49501 947.7318 960.7461 975.86882 990.99153 1006.1142 1021.237 1036.3597 1051.4824 1066.6051 1081.7278 1108.0561 1125.2194 1119.2027 1119.832 1121.3126 1122.7931 1124.2737 1129.889 1141.4198 1150.0057 1158.5346 1167.0634 1175.5922 1176.2276 1171.1884 1166.1492 1161.1101 1156.2919 1152.1081 1159.7034 1167.4581 1173.1095 1178.761 1184.4125 1184.09 1163.0741 1161.2596 1163.0238 1164.788 1166.5522
-9999 963.52847 953.5467 943.56493 933.58316 923.60138 913.61961 908.83993 912.06117 915.28241 918.50365 921.7249 924.94614 928.12341 931.21262 934.30183 937.39104 940.48025 943.56947 947.76606 962.88878 978.01149 993.1342 1008.2569 1023.3796 1038.5023 1053.625 1068.7478 1083.8705 1098.9932 1114.1159 1125.9031 1127.3836 1128.8642 1130.3448 1131.8253 1133.3059 1138.2812 1146.81 1155.3388 1163.8676 1172.3965 1180.9253 1181.5606 1176.5215 1171.4823 1166.4432 1161.404 1156.4054 1161.369 1167.0205 1172.672 1178.3235 1183.9749 1184.3966 1186.1608 1187.925 1189.6892 1191.4534 1193.2176
-9999 976.07955 966.09778 956.116 946.13423 936.15246 919.67113 906.26617 905.13507 908.35631 911.57755 914.79879 918.02003 922.89274 929.73214 932.82136 935.91057 938.99978 942.08899 948.81695 963.93967 979.06238 994.18509 1009.3078 1022.9035 1039.688 1068.9339 1084.0566 1099.1793 1114.302 1129.4248 1139.8878 1141.3683 1142.8489 1144.3295 1145.81 1146.7187 1146.9419 1150.2788 1158.8076 1167.3364 1175.8652 1184.3941 1190.2519 1189.113 1184.0739 1179.0347 1173.9955 1168.9564 1162.2363 1166.042 1171.6934 1177.3449 1182.9964 1187.0057 1186.1036 1187.8678 1189.6319 1191.3961 1193.1603
-9999 991.84838 981.8666 971.88483 961.90306 941.93512 920.17421 906.76925 903.00815 899.81028 903.03152 906.25277 909.47401 914.34671 922.52658 930.70644 933.85386 936.94307 940.03228 946.76024 961.88295 977.00567 992.12838 1004.4953 1015.1459 1031.9304 1065.1556 1098.3807 1114.1132 1129.2359 1144.3586 1154.8216 1156.3022 1157.7828 1159.2633 1159.8591 1160.1053 1160.3285 1160.5189 1161.9191 1170.4479 1178.9767 1187.5056 1193.3634 1197.3012 1198.0565 1193.0174 1187.9782 1182.9391 1176.219 1169.2084 1170.6112 1176.2626 1181.9141 1185.9234 1184.2445 1182.689 1184.4532 1186.2174 1187.9816
