mean_models/J1_mean_vp_slide_diff_5.dat.tif
NCOLS 118
NROWS 92
XLLCORNER 139.62
YLLCORNER -39.07
DX 0.099491525
DY 0.099347826
NODATA_VALUE -9999
[rows 54 to 80 of 92, columns 0 to 59 of 118]
-9999 6.2342461 6.237345 6.2404439 6.2435428 6.2501034 6.2569536 6.2535066 6.2381751 6.2228436 6.2075121 6.2001855 6.1949663 6.1910988 6.189938 6.1887773 6.1867064 6.1845508 6.1823951 6.1829972 6.1899616 6.1969261 6.2038905 6.2076514 6.2099728 6.2117093 6.211878 6.2120466 6.2120645 6.2120645 6.2120645 6.2128709 6.2152317 6.2175925 6.2199533 6.2180546 6.2150193 6.2124565 6.2105695 6.2086826 6.2067957 6.2056974 6.2046682 6.2032223 6.2014768 6.2017172 6.2069536 6.21219 6.2174264 6.2218336 6.2260975 6.2303615 6.2319759 6.2307323 6.226225 6.210413 6.1946009 6.1787889 6.1782729 6.1804049
-9999 6.2344621 6.237561 6.2415863 6.2484365 6.2552868 6.262137 6.2586899 6.2433584 6.2291977 6.2239785 6.2187593 6.21354 6.2096725 6.2085118 6.207351 6.2061903 6.2044203 6.2022647 6.2028668 6.2098312 6.2167956 6.2191522 6.2214737 6.2237951 6.2255316 6.2257003 6.2258689 6.2260375 6.2261028 6.2261028 6.2269092 6.22927 6.2312524 6.2282171 6.2251818 6.2221464 6.2195836 6.2176967 6.2159628 6.2149336 6.2139044 6.2128752 6.2114292 6.2096838 6.2079383 6.2065216 6.211758 6.2169944 6.2214017 6.2256656 6.2260925 6.2248488 6.2236052 6.2190979 6.2032859 6.1886952 6.1908272 6.1929591 6.1950911
-9999 6.234678 6.2399194 6.2467697 6.2536199 6.2604701 6.2673204 6.2638733 6.2529907 6.2477714 6.2425522 6.237333 6.2321138 6.2282462 6.2270855 6.2259247 6.224764 6.2236033 6.2221342 6.2227364 6.2283316 6.230653 6.2329745 6.235296 6.2376175 6.2393539 6.2395226 6.2396912 6.2398598 6.2400285 6.2401411 6.2409474 6.2414149 6.2383796 6.2353442 6.2323089 6.2292736 6.2267107 6.225199 6.2241698 6.2231406 6.2221114 6.2210822 6.2196362 6.2178908 6.2161453 6.2143998 6.2126544 6.2165625 6.2209697 6.220209 6.2189653 6.2177217 6.216478 6.2119708 6.2012495 6.2033814 6.2055134 6.2076453 6.2097773
-9999 6.2317286 6.2385789 6.2454291 6.2522793 6.2591296 6.2659798 6.2776771 6.2724579 6.2672386 6.2620194 6.2568002 6.251581 6.2461134 6.2449527 6.2437919 6.2426312 6.2414705 6.2403097 6.240202 6.2425234 6.2448449 6.2471664 6.2494879 6.2518093 6.2515373 6.2517644 6.2519331 6.2521017 6.2522703 6.252439 6.2515132 6.2484779 6.2454426 6.2424072 6.2393719 6.2363366 6.2323766 6.2313473 6.2303181 6.2292889 6.2282597 6.2272305 6.2255845 6.2238391 6.2220936 6.2203481 6.2186027 6.2168572 6.2152896 6.214046 6.2128023 6.2115587 6.210315 6.2105042 6.2128096 6.2149415 6.2170735 6.2192054 6.2213374
-9999 6.2081059 6.2149562 6.2218064 6.2286566 6.2385702 6.2700486 6.2888826 6.2931232 6.2897575 6.2845383 6.279319 6.2740998 6.268465 6.2619981 6.2592461 6.2580853 6.2569246 6.2557639 6.2556561 6.2579776 6.260299 6.2626205 6.264942 6.2593129 6.2552904 6.2578199 6.258777 6.2589457 6.2591143 6.2592829 6.2583572 6.2553219 6.2522865 6.2492512 6.2461176 6.2373488 6.2316937 6.2304929 6.229435 6.2284058 6.2273766 6.2263474 6.2244953 6.2220729 6.2203274 6.218582 6.2168365 6.215091 6.213016 6.2111759 6.2099323 6.2086886 6.207445 6.2076342 6.2127864 6.2158246 6.2179566 6.2200885 6.2222205
-9999 6.1844832 6.1913335 6.1981837 6.2168057 6.2482842 6.2797626 6.2985966 6.3028372 6.3070779 6.3070571 6.3018379 6.2966186 6.2909839 6.2845169 6.27805 6.2735394 6.2723787 6.271218 6.2711102 6.2734317 6.2757531 6.2759999 6.269533 6.263066 6.2590436 6.261573 6.2641025 6.2657896 6.2659583 6.2661269 6.2652012 6.2621658 6.2591305 6.254224 6.2454553 6.2366865 6.2310314 6.2298306 6.2286298 6.2275227 6.2264935 6.2254643 6.2236122 6.2211685 6.2187249 6.2168158 6.2150703 6.2133248 6.2112498 6.2091179 6.2070622 6.2058186 6.2045749 6.2047641 6.2099164 6.2150686 6.2188397 6.2209716 6.2231036
-9999 6.1608605 6.1677108 6.1950413 6.2265197 6.2579982 6.2894766 6.3083106 6.3125513 6.3167919 6.3210325 6.3243567 6.3191375 6.3135027 6.3070358 6.3005688 6.2941019 6.2878328 6.2866721 6.2865643 6.2888858 6.28622 6.2797531 6.2732861 6.2668192 6.2627967 6.2653262 6.2678556 6.2703851 6.2728022 6.2729709 6.2720451 6.2690098 6.2623304 6.2535617 6.2447929 6.2360242 6.230369 6.2291683 6.2279675 6.2267668 6.2256104 6.2245812 6.2227291 6.2202854 6.2178418 6.2153981 6.2133041 6.2115587 6.2094837 6.2073517 6.2052197 6.2030878 6.2017049 6.2018941 6.2070463 6.2121985 6.2173508 6.2218547 6.2239867
-9999 6.1417983 6.1732768 6.2047553 6.2362337 6.2677122 6.2991907 6.3180246 6.3222653 6.3265059 6.3307465 6.3349871 6.3392278 6.3360215 6.3295546 6.3230877 6.3166207 6.3101538 6.3036868 6.3020184 6.2964401 6.2899732 6.2835062 6.2770393 6.2705723 6.2665499 6.2690793 6.2716088 6.2741382 6.2766676 6.2791971 6.2788891 6.2704369 6.2616681 6.2528994 6.2441306 6.2353619 6.2297067 6.228506 6.2273052 6.2261044 6.2249037 6.2237029 6.221846 6.2194023 6.2169587 6.214515 6.2120714 6.2097925 6.2077175 6.2055855 6.2034535 6.2013216 6.1991896 6.199024 6.2041763 6.2093285 6.2144807 6.219633 6.2247852
-9999 6.1099689 6.1414473 6.1729258 6.2044043 6.2358827 6.280923 6.3192493 6.3252092 6.3294498 6.3336905 6.3379311 6.3421717 6.3466016 6.346842 6.3403751 6.3339081 6.3274412 6.3209742 6.3145073 6.3080403 6.3015734 6.2951064 6.2886395 6.2845559 6.2868457 6.2837568 6.2862863 6.2888157 6.2913452 6.2938746 6.292545 6.2837762 6.2750075 6.2662387 6.25747 6.2472267 6.2338105 6.2266127 6.225412 6.2242112 6.2230104 6.2218097 6.220292 6.2180576 6.215614 6.2131703 6.2107267 6.208283 6.2050448 6.2028961 6.2007642 6.1986322 6.1965003 6.1954827 6.1991521 6.2043043 6.2094566 6.2146088 6.2197611
-9999 6.0600742 6.0915526 6.1230311 6.1545096 6.2113149 6.276066 6.3143923 6.3222212 6.3294498 6.3336905 6.3379311 6.3421717 6.3466016 6.3514103 6.3553877 6.3489207 6.3424538 6.3359868 6.3295199 6.3230529 6.316586 6.310119 6.3099921 6.3154641 6.3177539 6.3115146 6.3057143 6.3082438 6.3107732 6.3133026 6.311973 6.3032043 6.2944355 6.2856668 6.2740156 6.2606939 6.2472777 6.2337262 6.2229835 6.2217827 6.2205819 6.2193812 6.2178635 6.2161181 6.2140686 6.2116249 6.2091813 6.2067376 6.2034994 6.2001238 6.1976734 6.1955414 6.1934094 6.1923919 6.1952345 6.1983435 6.2034957 6.2086479 6.2138002
-9999 6.0101795 6.041658 6.0769558 6.1417069 6.2064579 6.271209 6.3095353 6.3173642 6.325193 6.3330218 6.3379311 6.3421717 6.3466016 6.3514103 6.3562191 6.3610278 6.3574663 6.3509994 6.3445324 6.3380655 6.3315985 6.3354283 6.3409003 6.3463723 6.3486621 6.3424228 6.3361835 6.3299442 6.3302012 6.3327307 6.331401 6.3226323 6.3138635 6.3008045 6.2874828 6.274161 6.2607448 6.2471934 6.2336419 6.2200905 6.2181534 6.2169527 6.215435 6.2136896 6.2119441 6.2100795 6.2076359 6.2051922 6.2019539 6.1985783 6.1952027 6.1924506 6.1903186 6.1893011 6.1921437 6.1949863 6.1978289 6.2026871 6.2078393
-9999 5.9602848 6.0073478 6.0720988 6.1368499 6.2016009 6.266352 6.3046783 6.3125071 6.320336 6.3281648 6.3359937 6.3421717 6.3466016 6.3514103 6.3562191 6.3610278 6.3658366 6.3660119 6.359545 6.3553924 6.3608644 6.3663365 6.3718085 6.3772805 6.3795704 6.3733311 6.3670918 6.3608525 6.3546132 6.3521587 6.350829 6.3409152 6.3275934 6.3142717 6.3009499 6.2876282 6.2742119 6.2606605 6.2471091 6.2335577 6.2200062 6.2145242 6.2130065 6.2112611 6.2095156 6.2077701 6.2060247 6.2036468 6.2004085 6.1970329 6.1936573 6.1902817 6.1872278 6.1862102 6.1890528 6.1918955 6.1947381 6.1975807 6.2018784
-9999 5.9287963 5.9935473 6.0582984 6.1230494 6.1878004 6.2525515 6.2951278 6.3029567 6.3107855 6.3186143 6.3264432 6.334272 6.3474885 6.3522973 6.357106 6.3619148 6.3667235 6.3715323 6.3765416 6.3820137 6.3874857 6.3929577 6.3984298 6.4039018 6.4051568 6.3989175 6.3926782 6.3864389 6.3801996 6.3739603 6.3653019 6.3519802 6.3386584 6.3253367 6.3120149 6.2986932 6.2854987 6.2719472 6.2583958 6.2448444 6.2312929 6.2177415 6.2102454 6.2084999 6.2067545 6.205009 6.2032635 6.2015181 6.1983827 6.1950071 6.1916315 6.1882559 6.1848803 6.1832672 6.1861099 6.1889525 6.1917951 6.1946377 6.1974803
-9999 5.8705122 5.9352633 6.0000143 6.0647653 6.1303494 6.213857 6.2622327 6.2700615 6.2778903 6.2857192 6.293548 6.3192508 6.3420544 6.3556516 6.3624046 6.3672133 6.3720221 6.3768308 6.3818402 6.3873122 6.3927842 6.3982563 6.4037283 6.4167335 6.4218622 6.4016266 6.3917951 6.3855558 6.3793165 6.3730772 6.3644188 6.3510971 6.3377753 6.3244536 6.3111318 6.2987609 6.2859402 6.2723888 6.2588373 6.2452859 6.232457 6.2274824 6.2170751 6.2040845 6.202339 6.2005936 6.1988481 6.1971026 6.1939672 6.1905916 6.187216 6.1838404 6.1816635 6.1810595 6.1839021 6.1867447 6.1895874 6.1926346 6.1999188
-9999 5.8122282 5.8769792 5.9417302 6.0139465 6.0974542 6.1809618 6.2293375 6.2371663 6.2449952 6.2580465 6.2854474 6.3128484 6.335652 6.3492491 6.3628463 6.3725119 6.3773206 6.3821294 6.3871387 6.3926108 6.3980828 6.4049904 6.4195825 6.4341746 6.4393033 6.4190677 6.3988321 6.3846727 6.3784334 6.3721941 6.3635357 6.350214 6.3368922 6.3238224 6.3115124 6.2992025 6.2863818 6.2728303 6.2592789 6.2489118 6.2439372 6.2389626 6.2285553 6.2142425 6.1999297 6.1961781 6.1944326 6.1926872 6.1895518 6.1861762 6.1828006 6.1810547 6.1794557 6.1788518 6.1816944 6.184537 6.1886619 6.1959462 6.2032304
-9999 5.7539441 5.8186951 5.8975437 5.9810514 6.064559 6.1480667 6.1964423 6.2042712 6.2242431 6.251644 6.279045 6.3064459 6.3292495 6.3428467 6.3564439 6.3700411 6.3826192 6.3874279 6.3924373 6.3979093 6.4078394 6.4224315 6.4370235 6.4516156 6.4567443 6.4365088 6.4162732 6.3960376 6.3775504 6.3713111 6.3626526 6.3493309 6.3365739 6.324264 6.311954 6.299644 6.2868233 6.2732719 6.2653666 6.260392 6.2554174 6.2504428 6.2400355 6.2257227 6.2114099 6.1970971 6.1900172 6.1882717 6.1851363 6.1820449 6.180446 6.178847 6.177248 6.1766441 6.1794867 6.1846893 6.1919735 6.1992577 6.2065419
-9999 5.6976333 5.7811409 5.8646486 5.9481562 6.0316638 6.1151715 6.1635471 6.1904397 6.2178407 6.2452416 6.2726426 6.3000435 6.3228471 6.3364443 6.3500415 6.3636387 6.3772358 6.390833 6.3977358 6.4106883 6.4252804 6.4398725 6.4544646 6.4690567 6.4741854 6.4539498 6.4337143 6.4134787 6.3932431 6.3730076 6.3617695 6.3493254 6.3370155 6.3247055 6.3123955 6.3000856 6.2872648 6.2818213 6.2768467 6.2718722 6.2668976 6.261923 6.2515157 6.2372029 6.2228901 6.2085773 6.1942645 6.1838562 6.1814362 6.1798372 6.1782382 6.1766393 6.1750403 6.1744363 6.1807167 6.1880009 6.1952851 6.2025693 6.2098535
-9999 5.6394895 5.7229971 5.8065048 5.8900124 5.9735201 6.0586135 6.1298034 6.167382 6.194783 6.2221839 6.2495848 6.2769858 6.3063061 6.3303811 6.3439783 6.3575755 6.3711727 6.3847698 6.3986679 6.41326 6.427852 6.4424441 6.4570362 6.4710934 6.4774309 6.4657388 6.4455033 6.4252677 6.4050321 6.3847966 6.3672681 6.3549582 6.3426482 6.3303382 6.3180283 6.3051363 6.2899667 6.2802179 6.2752434 6.2702688 6.2652942 6.2603196 6.2495062 6.2350234 6.2207106 6.2063978 6.192085 6.1777722 6.1642182 6.1626192 6.1610202 6.1594213 6.1578223 6.1589297 6.1680899 6.1753741 6.1826583 6.1899425 6.1972267
-9999 5.5670107 5.6505184 5.734026 5.8175337 5.9043824 5.9924569 6.0636468 6.1153498 6.1622691 6.1896701 6.217071 6.244472 6.2737922 6.3069561 6.3381078 6.3517049 6.3653021 6.3788993 6.3927973 6.4073894 6.4219815 6.4365736 6.4492514 6.4600296 6.4663671 6.4608024 6.4540833 6.4338478 6.4136122 6.3933766 6.3758482 6.3635382 6.3512282 6.3389183 6.3252832 6.3107811 6.2956115 6.279487 6.2662117 6.2612372 6.2562626 6.251288 6.2404745 6.2254635 6.2107758 6.196463 6.1821502 6.1678374 6.1537611 6.1397257 6.1352801 6.1336811 6.1320822 6.1331896 6.1436718 6.1536982 6.1609824 6.1682666 6.1755508
-9999 5.494532 5.5780396 5.6620769 5.7501514 5.8382258 5.9263003 5.9974902 6.0491932 6.1008961 6.1525991 6.1845572 6.2119581 6.2412784 6.2744422 6.3076061 6.3407699 6.3594316 6.3730287 6.3869268 6.4015188 6.4161109 6.4274094 6.4381876 6.4489659 6.4553034 6.4497386 6.4441738 6.4386091 6.4221922 6.4019567 6.3844282 6.3721183 6.3598083 6.3454301 6.330928 6.3164258 6.3012562 6.2851317 6.2690073 6.2528828 6.247231 6.2422564 6.2314429 6.2164319 6.2014209 6.1865282 6.1722154 6.1579026 6.1438263 6.1297909 6.1157555 6.107941 6.1063421 6.1074495 6.1179316 6.1284138 6.1388959 6.1465907 6.1538749
-9999 5.4220532 5.5078458 5.5959203 5.6839947 5.7720692 5.8601437 5.9313336 5.9830365 6.0347395 6.0864425 6.1381455 6.1794443 6.2087646 6.2419284 6.2750922 6.3082561 6.3414199 6.3671582 6.3810562 6.3947892 6.4055674 6.4163457 6.4271239 6.4379022 6.4442397 6.4386749 6.4331101 6.4275453 6.4219805 6.4105367 6.3930083 6.3800792 6.3655771 6.3510749 6.3365728 6.3220706 6.306901 6.2907765 6.274652 6.2585275 6.242403 6.2332248 6.2224113 6.2074003 6.1923893 6.1773783 6.1623673 6.1479678 6.1338915 6.1198561 6.1058207 6.0917853 6.0806019 6.0817094 6.0921915 6.1026737 6.1131558 6.123638 6.1321991
-9999 5.3524351 5.4405096 5.5285841 5.6166585 5.704733 5.7928074 5.8692348 5.9209377 5.9726407 6.0243437 6.0760467 6.1277496 6.1723817 6.2055455 6.2387093 6.2718732 6.305037 6.3382009 6.3645956 6.3753739 6.3861521 6.3969304 6.4077086 6.4184869 6.4284188 6.42294 6.4173752 6.4118104 6.4062456 6.4006808 6.3920633 6.3775612 6.363059 6.3485569 6.3340547 6.3195526 6.3092901 6.2931656 6.2770411 6.2609166 6.2447921 6.2286676 6.2151727 6.2001617 6.1851507 6.1701396 6.1551286 6.1401176 6.1289582 6.1149228 6.1008874 6.086852 6.0728166 6.0587812 6.0682444 6.0787265 6.0892087 6.0996908 6.110173
-9999 5.2806337 5.3687082 5.4567827 5.5448571 5.6329541 5.7211917 5.8007977 5.8704417 5.9259021 5.977605 6.029308 6.081011 6.1254902 6.1555035 6.1876807 6.2208445 6.2540084 6.2871722 6.313567 6.3243452 6.3351235 6.3459017 6.35668 6.3697414 6.380777 6.3858359 6.3839582 6.3783934 6.3728286 6.3672638 6.3586463 6.3441442 6.329642 6.3151399 6.3011112 6.3022916 6.2971289 6.2828913 6.2671063 6.2509818 6.2348573 6.2187328 6.2075211 6.1997101 6.1846991 6.1696881 6.1546771 6.1396661 6.1351818 6.1289218 6.1148864 6.100851 6.0868156 6.0727802 6.0587448 6.0615665 6.0720486 6.0825307 6.0930129
-9999 5.2088324 5.2969068 5.3849813 5.4731409 5.5613785 5.6496161 5.7292221 5.7988661 5.8685102 5.9308664 5.9825694 6.0342724 6.0787516 6.1087649 6.1387781 6.1698159 6.2029797 6.2361436 6.2625383 6.2733166 6.2840948 6.2955685 6.3088341 6.3220996 6.3331352 6.3381941 6.343253 6.3449764 6.3394116 6.3338468 6.3252293 6.3107272 6.296225 6.2875123 6.2886928 6.2898732 6.2847104 6.2704728 6.2562352 6.241047 6.2249226 6.2087981 6.1975863 6.1899063 6.1822262 6.1692365 6.1542255 6.1392145 6.1347302 6.1320653 6.1288854 6.11485 6.1008146 6.0867792 6.0727438 6.0587084 6.0548885 6.0653707 6.0758528
-9999 5.137031 5.2251054 5.3133278 5.4015653 5.4898029 5.5780405 5.6576465 5.7272905 5.7969346 5.8665787 5.9358307 5.9875337 6.0320129 6.0620262 6.0920395 6.1220528 6.1520661 6.1851149 6.2115097 6.2222879 6.2346612 6.2479267 6.2611923 6.2744578 6.2854934 6.2905523 6.2956112 6.3006701 6.305729 6.3004298 6.2918123 6.2773102 6.2739135 6.2750939 6.2762743 6.2774547 6.2722919 6.2580543 6.2438168 6.2295792 6.2149878 6.1988633 6.1876515 6.1799715 6.1722914 6.1646114 6.1537739 6.1387629 6.1342786 6.1316137 6.1289487 6.1262838 6.1148136 6.1007782 6.0867428 6.0727074 6.058672 6.0482106 6.0586927
-9999 5.065277 5.1535146 5.2417522 5.3299897 5.4182273 5.5064649 5.5860709 5.6557149 5.725359 5.7950031 5.8646471 5.9342912 5.9852743 6.0152876 6.0453009 6.0753141 6.1053274 6.1353407 6.1604883 6.1737539 6.1870194 6.2002849 6.2135505 6.226816 6.2378516 6.2429105 6.2479694 6.2530283 6.2580872 6.2631461 6.2591342 6.2603146 6.261495 6.2626754 6.2638558 6.2650362 6.2598734 6.2456359 6.2313983 6.2171607 6.2029231 6.1886855 6.1777167 6.1700367 6.1623567 6.1546766 6.1469966 6.1383113 6.1338271 6.1311621 6.1284972 6.1258322 6.1231673 6.1147772 6.1007418 6.0867064 6.072671 6.0586356 6.0446002
-9999 4.7512518 4.8394894 4.9277269 5.0159645 5.1042021 5.3137909 5.5103353 5.583742 5.6533861 5.7230302 5.7926742 5.8623183 5.921359 5.9572476 5.9872608 6.0172741 6.0472874 6.0773007 6.1022497 6.1155152 6.1287807 6.1420463 6.1553118 6.1695883 6.1884961 6.2106254 6.2156842 6.2207431 6.225802 6.2308609 6.234595 6.2357755 6.2369559 6.2381363 6.2393167 6.2468945 6.2534542 6.2452479 6.2310103 6.2167727 6.2025352 6.1882976 6.1785858 6.1714566 6.1637765 6.1560965 6.1484164 6.1407364 6.1267286 6.1220512 6.1193862 6.1167213 6.1140563 6.108486 6.0931866 6.0791512 6.0651158 6.0510804 6.037045
