mean_models/J1_mean_vp_slide_diff2_0.dat.tif
NCOLS 118
NROWS 92
XLLCORNER 139.62
YLLCORNER -39.07
DX 0.099491525
DY 0.099347826
NODATA_VALUE -9999
[rows 0 to 24 of 92, columns 56 to 111 of 118]
-9999 -9999 -9999 -9999 -9999 -9999 -9999 -9999 -9999 -9999 -9999 -9999 -9999 -9999 -9999 -9999 -9999 -9999 -9999 -9999 -9999 -9999 -9999 -9999 -9999 -9999 -9999 -9999 -9999 -9999 -9999 -9999 -9999 -9999 -9999 -9999 -9999 -9999 -9999 -9999 -9999 -9999 -9999 -9999 -9999 -9999 -9999 -9999 -9999 -9999 -9999 -9999 -9999 -9999 -9999 -9999
0.22385468 0.21443852 0.20502235 0.19560619 0.18777674 0.18046694 0.17300507 0.16554321 0.15808134 0.15061948 0.15096628 0.14354964 0.136133 0.12871636 0.12129972 0.1115598 0.098846995 0.086134189 0.073421383 0.060708577 0.048567929 0.045991748 0.035479436 0.024967124 0.014454812 0.0039424995 -0.0031030714 -0.0085469473 -0.013990823 -0.019434699 -0.024809357 -0.026474212 -0.021900688 -0.017019972 -0.012139256 -0.0072585392 -0.0020406112 0.014151147 0.030342905 0.046534663 0.062726421 0.065416204 0.07007596 0.075433196 0.080790432 0.086147668 0.091504904 0.10131912 0.10528089 0.10886259 0.11244428 0.11602598 0.10599326 0.10069691 0.096319281 0.091941654
0.21433385 0.20491768 0.19550152 0.18608536 0.17825591 0.1715047 0.16431214 0.15685027 0.14938841 0.14192654 0.14395216 0.14603334 0.1386167 0.13120005 0.12378341 0.1140435 0.10133069 0.088617885 0.075905079 0.063697973 0.051672549 0.051672549 0.050174635 0.039662323 0.029150011 0.018637699 0.011592128 0.006148252 0.00070437608 -0.0046125178 -0.0094932342 -0.011158089 -0.0070282518 -0.0025317472 0.0023489691 0.0072296855 0.012447613 0.028639371 0.04483113 0.061022888 0.062428203 0.057551168 0.062269161 0.067982109 0.073339345 0.078696581 0.084053817 0.093868028 0.10580701 0.11010443 0.11368613 0.11726782 0.10723511 0.089923586 0.084107778 0.079730151
0.2083906 0.19539685 0.18598069 0.17656453 0.16873508 0.16198387 0.15523266 0.14815734 0.14069547 0.13323361 0.13525923 0.13761084 0.13996246 0.13368375 0.12626711 0.11652719 0.10381439 0.091122743 0.078962668 0.066802592 0.054777168 0.054777168 0.054777168 0.054357522 0.04384521 0.033332898 0.026287327 0.020843451 0.015584322 0.010703605 0.005822889 0.0041580345 0.0082878714 0.012417708 0.016837194 0.02171791 0.026935838 0.043127596 0.059319354 0.059440203 0.054563167 0.049686132 0.054404125 0.060144021 0.065883916 0.071245494 0.07660273 0.086416941 0.098355924 0.11029491 0.11492798 0.11850967 0.10847696 0.091165433 0.073853908 0.067518647
0.20342321 0.19009845 0.17677369 0.16704369 0.15921424 0.15246303 0.14571182 0.13896061 0.13200254 0.12454067 0.12656629 0.12891791 0.13126953 0.13362114 0.1287508 0.11901089 0.10638744 0.094227362 0.082067287 0.069907212 0.057881788 0.057881788 0.057881788 0.057881788 0.057881788 0.048028097 0.040982526 0.035781161 0.030900445 0.026019729 0.021139012 0.019474158 0.023603995 0.027733832 0.031863668 0.036206135 0.041424063 0.057615821 0.056452202 0.051575166 0.046698131 0.041821095 0.046539089 0.052278985 0.05801888 0.063758776 0.069151643 0.078965854 0.090904838 0.10284382 0.1147828 0.11975152 0.10971881 0.092407281 0.075095756 0.05778423
0.19845581 0.18513106 0.1718063 0.15848154 0.14969341 0.1429422 0.13619099 0.12943978 0.12268857 0.11584774 0.11787336 0.12022497 0.12257659 0.12492821 0.12727983 0.12165213 0.10949206 0.097331982 0.085171907 0.073011831 0.060986408 0.060986408 0.060986408 0.060986408 0.060986408 0.060986408 0.055978001 0.051097284 0.046216568 0.041335852 0.036455135 0.034790281 0.038920118 0.043049955 0.047179792 0.051309629 0.055912287 0.053464201 0.048587166 0.04371013 0.038833095 0.033956059 0.038674053 0.044413948 0.050153844 0.05589374 0.061633635 0.071514768 0.083453751 0.095392734 0.10733172 0.1192707 0.11096065 0.093649129 0.076337604 0.059026078
0.19230237 0.17897761 0.16565285 0.15686218 0.1509274 0.14455964 0.13780842 0.13105721 0.124306 0.11755479 0.11960402 0.12195563 0.12430725 0.12665887 0.12884863 0.1246313 0.11247123 0.10031115 0.088151078 0.076008861 0.076085053 0.066885098 0.066885098 0.066885098 0.066885098 0.066885098 0.063546755 0.058666038 0.053785322 0.048904606 0.046308536 0.044420624 0.040467364 0.044597201 0.048727038 0.052856874 0.056718193 0.051841157 0.046964122 0.042087086 0.037210051 0.03708011 0.042342637 0.048082533 0.053822428 0.059562324 0.064457296 0.073962675 0.085901658 0.097840641 0.10977962 0.11334566 0.10109465 0.08378312 0.066471594 0.049160069
0.18596102 0.17263626 0.1652279 0.15918734 0.15325256 0.14738967 0.14119048 0.13443927 0.12768806 0.12093685 0.12298607 0.12533769 0.12768931 0.1298181 0.13180793 0.1275906 0.11543053 0.10327045 0.092946264 0.093130508 0.093206699 0.083632986 0.074059274 0.073226449 0.073226449 0.073226449 0.069888105 0.065007389 0.060126673 0.058405967 0.060470885 0.058582973 0.04957242 0.043963066 0.048092903 0.052222739 0.056084058 0.051207022 0.046329987 0.041452951 0.041795622 0.042575947 0.047838474 0.05357837 0.059318265 0.064072898 0.068473485 0.077978863 0.089917846 0.10185683 0.10450562 0.10171985 0.089468836 0.07215731 0.054845785 0.048255062
0.17963417 0.17359361 0.16755306 0.1615125 0.15557772 0.14971483 0.14385194 0.13782132 0.13107011 0.1243189 0.12636812 0.12871974 0.13078756 0.13277739 0.13476722 0.1305499 0.11838982 0.10988367 0.11006791 0.11025215 0.11032835 0.10075463 0.09118092 0.081607207 0.079567799 0.079567799 0.076229456 0.071348739 0.070503398 0.072568316 0.074633235 0.072745323 0.06373477 0.054724217 0.047458767 0.051588604 0.055449923 0.050572887 0.045730808 0.046511133 0.047291459 0.048071785 0.053334311 0.059074207 0.0636885 0.068089087 0.072489674 0.081995052 0.093934035 0.095665569 0.092879806 0.090094043 0.077843026 0.060531501 0.05504396 0.055441926
0.18195933 0.17591878 0.16987822 0.16383766 0.15790289 0.15203999 0.1461771 0.14031421 0.13445131 0.12770095 0.12975018 0.13175703 0.13374686 0.13573669 0.13772652 0.13350919 0.12682107 0.12700531 0.12718956 0.1273738 0.12744999 0.11787628 0.10830257 0.098728854 0.089155141 0.08590915 0.082570806 0.082600829 0.084665748 0.086730666 0.088795585 0.086907673 0.07789712 0.068886566 0.059876013 0.050954469 0.054815788 0.050446319 0.051226645 0.05200697 0.052787296 0.053567622 0.058830148 0.063304102 0.067704689 0.072105276 0.076505863 0.086011241 0.086825522 0.084039759 0.081253996 0.078468234 0.066217217 0.061832858 0.062230824 0.06262879
0.18299026 0.17694971 0.17090915 0.16486859 0.16044084 0.15457794 0.14871505 0.14285216 0.13698926 0.13112637 0.13285534 0.13484517 0.136835 0.13882483 0.14081466 0.14162882 0.14181307 0.14199731 0.14218155 0.1423658 0.14333883 0.1346767 0.12510299 0.11552928 0.10595556 0.096381849 0.094768802 0.09683372 0.098898639 0.10096356 0.10302848 0.10004455 0.091033996 0.082023443 0.07301289 0.064002336 0.055283675 0.056064 0.056844326 0.057624652 0.058404978 0.05912494 0.06304563 0.067446216 0.071846803 0.07624739 0.080647976 0.079716362 0.076930599 0.074144836 0.071359074 0.068573311 0.066875712 0.067273678 0.067671644 0.06806961
0.17553918 0.16949862 0.16345806 0.15758 0.15742927 0.15851046 0.15264757 0.14678468 0.14092178 0.13505889 0.13678785 0.13877768 0.14076751 0.14275735 0.1428875 0.1426637 0.14284794 0.14303218 0.14321643 0.14496582 0.15058294 0.14776715 0.13979819 0.13022447 0.12065076 0.11107705 0.109464 0.11152892 0.11359384 0.11565876 0.11420045 0.10796716 0.09745021 0.088439657 0.079429103 0.07041855 0.061699889 0.062480214 0.06326054 0.064040866 0.064677575 0.064092331 0.068013021 0.072413608 0.076814194 0.081214781 0.082681025 0.081165184 0.078379422 0.075593659 0.072807896 0.064080227 0.060873447 0.061271413 0.061669379 0.062067345
0.16808809 0.16206167 0.15619878 0.15033589 0.15018516 0.15391609 0.15658009 0.15071719 0.1448543 0.13899141 0.14072037 0.1427102 0.14470003 0.14446505 0.14392237 0.14369857 0.14388281 0.14406706 0.14649838 0.15220993 0.15782706 0.15501126 0.15219546 0.14491967 0.13534596 0.12577225 0.1241592 0.12622412 0.12828904 0.12623384 0.12247944 0.11624615 0.10554612 0.09485587 0.085845317 0.076834764 0.068116102 0.068896428 0.069676754 0.070230211 0.069644967 0.069059722 0.072980412 0.077380999 0.081781586 0.082981869 0.084129848 0.082614007 0.079828244 0.077042481 0.068027115 0.058077962 0.054871183 0.055269149 0.055667115 0.054721402
0.16068046 0.15481756 0.14895467 0.14309178 0.14294105 0.14667198 0.15040291 0.15413385 0.14878682 0.14292393 0.14465289 0.14658529 0.14604261 0.14549992 0.14495724 0.14473344 0.14491769 0.14803094 0.15374249 0.15945404 0.16507117 0.16225537 0.15943957 0.15662378 0.15004116 0.14046745 0.1388544 0.14091932 0.13826722 0.13451282 0.13075843 0.12452514 0.1138251 0.10312507 0.092425039 0.083250978 0.074532316 0.075312642 0.075782846 0.075197602 0.074612358 0.074027114 0.077947803 0.082134733 0.083282712 0.084430691 0.08557867 0.084062829 0.081277067 0.071974003 0.06202485 0.052075698 0.048868918 0.049266884 0.048257239 0.047063341
0.15343634 0.14757345 0.14171056 0.13584766 0.13569694 0.13942787 0.1431588 0.14688973 0.15062067 0.14685644 0.14816284 0.14762016 0.14707748 0.1465348 0.14599212 0.14576832 0.14956351 0.15527506 0.16098661 0.16669816 0.17231528 0.16949948 0.16668369 0.16386789 0.16105209 0.15516265 0.1535496 0.1503006 0.14654621 0.14279181 0.13903741 0.13280412 0.12210409 0.11140406 0.10070402 0.090003993 0.08094853 0.081335482 0.080750238 0.080164993 0.079579749 0.078994505 0.082435576 0.083583555 0.084731534 0.085879514 0.087027493 0.085511652 0.075920891 0.065971738 0.056022586 0.046073433 0.042866654 0.041793076 0.040599178 0.039405279
0.14983457 0.14397168 0.13810878 0.13224589 0.130378 0.13410894 0.13783987 0.1415708 0.14530173 0.14903267 0.14863195 0.14808927 0.14754659 0.14700391 0.14646123 0.1486621 0.15437365 0.1600852 0.16579675 0.1715083 0.1780208 0.17723516 0.17441936 0.17160356 0.16878777 0.16597197 0.16251418 0.15875978 0.15500539 0.15125099 0.14749659 0.13986413 0.1291641 0.11846407 0.10776404 0.097064007 0.086665523 0.086080278 0.085495034 0.08490979 0.084324546 0.083739301 0.082621703 0.083769682 0.084917661 0.08606564 0.08721362 0.078938976 0.068989823 0.05904067 0.049091518 0.039142365 0.036170268 0.03497637 0.033782471 0.032588573
0.15469627 0.14883338 0.14297049 0.13710759 0.13410078 0.13326342 0.13699436 0.14072529 0.14445622 0.14818715 0.14778644 0.14724376 0.14670108 0.1461584 0.14561572 0.14781659 0.15352814 0.15923969 0.16495124 0.17186884 0.17992321 0.18330217 0.18329725 0.18048145 0.17766566 0.17484986 0.17139207 0.16763767 0.16388328 0.16012888 0.14974156 0.13972413 0.13296621 0.12269164 0.11199161 0.10129157 0.09089309 0.090307846 0.089722601 0.089137357 0.088552113 0.087966868 0.083241861 0.081021763 0.082169743 0.083317722 0.084465701 0.07405664 0.059900554 0.049951401 0.040002249 0.030053096 0.028402249 0.030114668 0.028920769 0.027726871
0.1538106 0.15369508 0.14783219 0.14196929 0.13896248 0.1378965 0.13683052 0.13987977 0.14361071 0.14734164 0.14694093 0.14639824 0.14585556 0.14531288 0.1447702 0.14697107 0.15268262 0.15839417 0.16566453 0.17377125 0.18182561 0.18520457 0.18858353 0.18935935 0.18654355 0.18372775 0.18026996 0.17651557 0.17276117 0.16135653 0.14953018 0.13951275 0.13275483 0.12599692 0.11621917 0.10551914 0.095120657 0.094535413 0.093950168 0.093364924 0.09277968 0.092194436 0.087469428 0.082303522 0.079421824 0.080569803 0.081717782 0.071308721 0.055390077 0.040862132 0.030912979 0.020963827 0.019312979 0.022098742 0.024059067 0.022865169
0.14535547 0.15068537 0.15269389 0.146831 0.14382419 0.14275821 0.14169223 0.14062625 0.14276519 0.14649613 0.14609541 0.14555273 0.14501005 0.14446737 0.14392469 0.14612556 0.15183711 0.15946022 0.16756694 0.17567365 0.18372802 0.18710698 0.19048593 0.19386489 0.19542144 0.19260564 0.18914785 0.18479785 0.1729715 0.16114515 0.1493188 0.13930137 0.13254346 0.12578554 0.11902763 0.10974671 0.099348224 0.09876298 0.098177735 0.097592491 0.097007247 0.096422003 0.091696995 0.086531089 0.081365183 0.077821885 0.078969864 0.068560802 0.052642158 0.036723514 0.02182371 0.011874558 0.01022371 0.013009473 0.015795236 0.018003467
0.13690034 0.14223024 0.14756014 0.1516927 0.14868589 0.14761991 0.14655393 0.14548795 0.14442197 0.14565061 0.1452499 0.14470722 0.14416454 0.14362186 0.14307917 0.14528005 0.15325591 0.16136262 0.16946934 0.17757606 0.18563042 0.18900938 0.19238834 0.1957673 0.19914625 0.20148353 0.19641283 0.18458647 0.17276012 0.16093377 0.14910742 0.13908999 0.13233208 0.12557416 0.11881625 0.11205833 0.10357579 0.10299055 0.1024053 0.10182006 0.10123481 0.10064957 0.095924562 0.090758656 0.08559275 0.080426844 0.076221945 0.065812884 0.04989424 0.033975596 0.018056952 0.0027852886 0.0011344411 0.0039202038 0.0067059665 0.0094917292
0.12567393 0.13100383 0.13633373 0.14185807 0.14641769 0.14573415 0.14466817 0.14360219 0.14253621 0.14147023 0.14091017 0.14036749 0.13982481 0.13928212 0.13985746 0.14909993 0.15720665 0.16531336 0.17342008 0.1815268 0.18542213 0.18524874 0.1886277 0.19200666 0.19538562 0.19876457 0.19174331 0.17991695 0.1680906 0.15626425 0.1444379 0.14673801 0.14067551 0.13391759 0.12715968 0.12040176 0.11382787 0.11324263 0.11265738 0.11207214 0.1114869 0.10886739 0.10376684 0.098600932 0.093435025 0.088269119 0.082339806 0.06908948 0.053170836 0.037252191 0.021333547 0.0060289224 0.0031302783 0.005916041 0.0087018037 0.011487566
0.11235709 0.11768699 0.12334619 0.12938674 0.13394637 0.13749964 0.13769269 0.13662671 0.13556073 0.13449475 0.13393468 0.133392 0.13284932 0.13522325 0.1453533 0.15459577 0.16270248 0.1708092 0.17891592 0.18193402 0.18373111 0.18147847 0.18059532 0.18397428 0.18735324 0.1907322 0.18371093 0.17188458 0.16005823 0.15045735 0.15646438 0.15878658 0.15446902 0.14871408 0.14195616 0.13519825 0.12862436 0.12803911 0.12745387 0.12686862 0.12392318 0.1194363 0.11433576 0.10916985 0.10400394 0.097813999 0.090160805 0.076910479 0.060991835 0.045073191 0.029917309 0.016386462 0.013487818 0.01627358 0.019059343 0.019330517
0.099040253 0.10483431 0.11087486 0.11691542 0.12147504 0.12502831 0.12858158 0.12965122 0.12858524 0.12751926 0.1269592 0.12641651 0.13058904 0.14071909 0.15084914 0.16009161 0.16819832 0.17630504 0.17840055 0.18024299 0.18204008 0.17978744 0.1775348 0.1759419 0.17932086 0.18269982 0.17567855 0.1638522 0.15649888 0.16250592 0.16851295 0.17083514 0.16651759 0.16220003 0.15675265 0.14999473 0.14342084 0.1428356 0.14225035 0.13897897 0.13449209 0.13000522 0.12490467 0.11973877 0.11328819 0.105635 0.097981804 0.084731478 0.068812834 0.053805696 0.040274848 0.026744001 0.023845357 0.02663112 0.026369296 0.020598787
0.086322427 0.092362983 0.09840354 0.1044441 0.10900372 0.11255699 0.11611026 0.11966353 0.12160976 0.12054378 0.11998371 0.12595483 0.13608488 0.14621493 0.15634497 0.16558744 0.17302466 0.17486709 0.17670953 0.17855196 0.18034905 0.17809641 0.17584378 0.17359114 0.1713385 0.17466744 0.16764617 0.16254041 0.16854745 0.17455448 0.18056152 0.18288371 0.17856615 0.1742486 0.16993104 0.16479122 0.15821733 0.15763208 0.15403476 0.14954788 0.14506101 0.14057414 0.13547359 0.12876239 0.12110919 0.113456 0.1058028 0.092552477 0.077694083 0.064163235 0.050632388 0.03710154 0.034202896 0.033408074 0.027637566 0.021867057
0.073851104 0.079891661 0.085932218 0.091972774 0.096532399 0.10008567 0.10363894 0.10719221 0.11074547 0.11356829 0.12132062 0.13145067 0.14158072 0.15171076 0.16184081 0.16949119 0.17133363 0.17317607 0.1750185 0.17686094 0.17865803 0.17640539 0.17415275 0.17190011 0.16964747 0.16739483 0.16858194 0.17458898 0.18059601 0.18660305 0.19261008 0.19493228 0.19061472 0.18629716 0.18197961 0.17766205 0.17301381 0.16909055 0.16460367 0.1601168 0.15562993 0.15114306 0.14423658 0.13658338 0.12893019 0.121277 0.1136238 0.10158247 0.088051622 0.074520775 0.060989927 0.04745908 0.040446853 0.034676344 0.028905836 0.023135327
