mean_models/J1_mean_vp_slide_diff_25.dat.tif
NCOLS 118
NROWS 92
XLLCORNER 139.62
YLLCORNER -39.07
DX 0.099491525
DY 0.099347826
NODATA_VALUE -9999
[rows 27 to 53 of 92, columns 0 to 59 of 118]
-9999 6.7460032 6.7464673 6.7487879 6.7621628 6.7755377 6.7889126 6.8025741 6.8165664 6.8305586 6.8445509 6.8388686 6.8277872 6.8165956 6.8051831 6.7937706 6.7823581 6.7838357 6.7904815 6.7974234 6.805049 6.8126745 6.8368723 6.8630985 6.8893246 6.9081645 6.9072073 6.9062502 6.9052931 6.9228073 6.9477638 6.9635853 6.9617973 6.9600094 6.96476 6.9697107 6.9746613 6.9710761 6.955279 6.939482 6.923685 6.9126161 6.9019988 6.8924442 6.8836535 6.8748628 6.8653896 6.8518423 6.8382951 6.8306104 6.823939 6.8172676 6.8066509 6.7916684 6.7771059 6.7639982 6.7508906 6.7377829 6.7311612 6.7257196
-9999 6.7261818 6.7323238 6.7456988 6.7590737 6.7724486 6.7858235 6.799485 6.8134773 6.8274696 6.8414618 6.8554541 6.8571936 6.8460019 6.8345894 6.8231769 6.8117644 6.8003519 6.796868 6.80381 6.8145178 6.840744 6.8669701 6.8931962 6.9194223 6.9382622 6.9373051 6.9363479 6.9353908 6.9344337 6.9453787 6.9612001 6.9609205 6.9658711 6.9708217 6.9757724 6.980723 6.9771378 6.9613407 6.9455437 6.9297467 6.9139497 6.9016778 6.8921231 6.8833324 6.8745418 6.8657511 6.8569604 6.8437343 6.8360496 6.8293782 6.8227067 6.8160353 6.8069959 6.7924333 6.7793257 6.766218 6.7531104 6.7400027 6.7319263
-9999 6.7168125 6.7301874 6.7435623 6.7569373 6.7703122 6.7836871 6.7957013 6.8096935 6.8236858 6.837678 6.8516703 6.8656626 6.8752682 6.8638557 6.8524432 6.8410307 6.8296182 6.8182057 6.8181746 6.8444007 6.8706268 6.896853 6.9230791 6.9493052 6.9661164 6.9651593 6.9642021 6.963245 6.9622878 6.9613307 6.9623915 6.9673421 6.9722927 6.9772434 6.982194 6.9871446 6.9823439 6.9665469 6.9507499 6.9349529 6.9191558 6.9033588 6.8914292 6.8826385 6.8738478 6.8650572 6.8562665 6.8474758 6.8391553 6.8324839 6.8258124 6.819141 6.8124696 6.8047414 6.7916338 6.7785261 6.7654185 6.7523108 6.7392032
-9999 6.7225187 6.7358936 6.7492685 6.7626434 6.7760183 6.7802589 6.7877469 6.8001908 6.8141831 6.8281753 6.8421676 6.8561598 6.871519 6.8896155 6.8805572 6.8691447 6.8577322 6.8463197 6.8462885 6.8725146 6.8987408 6.9249669 6.951193 6.955851 6.9563912 6.9725336 6.9735867 6.9726296 6.9716724 6.9707153 6.971776 6.9767267 6.9816773 6.9866279 6.9915786 6.9880624 6.9789323 6.9647103 6.9489132 6.9331162 6.9173192 6.9015222 6.8888757 6.8788754 6.8700847 6.861294 6.8525033 6.8437126 6.8278847 6.8163796 6.8097082 6.8030367 6.7963653 6.7889215 6.7788025 6.7659776 6.75287 6.7397623 6.7266547
-9999 6.7282248 6.7415997 6.7549747 6.7663556 6.7695879 6.7728203 6.7803082 6.7927078 6.8051074 6.8186726 6.8326649 6.8466571 6.8620163 6.8801128 6.8982093 6.8972586 6.8858461 6.8744336 6.8744025 6.9006286 6.9268547 6.9530809 6.9490822 6.9438012 6.9443414 6.9604838 6.9766262 6.9820141 6.981057 6.9800998 6.9811606 6.9861112 6.9910619 6.9954394 6.9898157 6.9841921 6.975062 6.9609153 6.9467686 6.9312795 6.9154825 6.8996855 6.8870391 6.8766576 6.8663215 6.8575308 6.8487401 6.8399494 6.8241215 6.8070774 6.7936039 6.7869324 6.780261 6.7728172 6.7626982 6.7525792 6.7403215 6.7272139 6.7141062
-9999 6.733931 6.7473059 6.7556846 6.758917 6.7621493 6.7653816 6.7728696 6.7852692 6.7976688 6.8100684 6.8231621 6.8371544 6.8525136 6.8706101 6.8887066 6.9068031 6.9139601 6.9025476 6.9025164 6.9287426 6.9475944 6.9423134 6.9370324 6.9317514 6.9322915 6.948434 6.9645764 6.9807188 6.9904415 6.9894844 6.9905452 6.9954958 6.9971927 6.991569 6.9859454 6.9803218 6.9711916 6.957045 6.9428983 6.9287516 6.9136458 6.8978488 6.8852024 6.8748209 6.8644394 6.8540579 6.844977 6.8361863 6.8203584 6.8033142 6.7862701 6.7708282 6.7641567 6.756713 6.746594 6.736475 6.726356 6.7146654 6.7015577
-9999 6.7396371 6.7450137 6.748246 6.7514784 6.7547107 6.757943 6.765431 6.7778306 6.7902302 6.8026298 6.8150293 6.8276517 6.8430108 6.8611074 6.8792039 6.8973004 6.9153969 6.9306615 6.9306304 6.9408256 6.9355446 6.9302636 6.9249825 6.9197015 6.9202417 6.9363841 6.9525265 6.968669 6.9848114 6.998869 6.9999297 6.998946 6.9933223 6.9876987 6.9820751 6.9764514 6.9673213 6.9531746 6.939028 6.9248813 6.9107346 6.8960122 6.8833657 6.8729842 6.8626027 6.8522212 6.8418397 6.8324231 6.8165952 6.799551 6.7825069 6.7654628 6.7484186 6.7406087 6.7304897 6.7203707 6.7102517 6.7001327 6.6890093
-9999 6.7389963 6.7422286 6.7454609 6.7486933 6.7519256 6.7551579 6.7638156 6.7760782 6.7884778 6.8008774 6.813277 6.8256765 6.836989 6.8536645 6.871761 6.8898575 6.907954 6.9260505 6.937078 6.931797 6.926516 6.921235 6.915954 6.910673 6.9123543 6.9258762 6.9420186 6.958161 6.9743034 6.9904459 6.9991537 6.9935301 6.9879064 6.9822828 6.9766592 6.9710356 6.9623346 6.9482658 6.9341192 6.9199725 6.9058258 6.8916792 6.8745365 6.864155 6.8537735 6.843392 6.8330104 6.8226289 6.8093647 6.7923205 6.7752764 6.7582322 6.7411881 6.7278381 6.7199653 6.7098463 6.6997273 6.6896083 6.6794893
-9999 6.7438861 6.7471185 6.7503508 6.7535831 6.75852 6.7676664 6.7765367 6.7850884 6.7961036 6.8085032 6.8209028 6.8333024 6.8446148 6.8537503 6.8677154 6.8858119 6.9039084 6.9220049 6.9330324 6.9277514 6.9224704 6.9171894 6.9125114 6.9163924 6.9202419 6.9240068 6.9340537 6.9501961 6.9663386 6.982481 6.9911888 6.9855652 6.9799416 6.9743179 6.9686678 6.962893 6.9541762 6.9412502 6.9274976 6.913351 6.8992043 6.8850576 6.866641 6.8451546 6.8334115 6.82303 6.8126485 6.802267 6.791404 6.7793714 6.7623273 6.7452831 6.728239 6.714889 6.714335 6.7085248 6.6984058 6.6882868 6.6781678
-9999 6.748776 6.7520083 6.7552406 6.7620947 6.7712411 6.7803874 6.7892577 6.7978094 6.8063611 6.816129 6.8285286 6.8409282 6.8522406 6.8613761 6.8705116 6.8817663 6.8998628 6.9179593 6.9289868 6.9237058 6.9184248 6.9165179 6.9203989 6.9242799 6.9281294 6.9318944 6.9356594 6.9422313 6.9583737 6.9745161 6.9832239 6.9776003 6.9719767 6.9662841 6.9605094 6.9547346 6.9460178 6.9330918 6.9201658 6.9067294 6.8925828 6.8784361 6.8600194 6.8385331 6.8170468 6.802668 6.7922865 6.781905 6.771042 6.7600958 6.7491496 6.732334 6.7152899 6.7019399 6.7013859 6.7008319 6.6970842 6.6869652 6.6768462
-9999 6.7536658 6.7568982 6.7656694 6.7748157 6.7839621 6.7931085 6.8019788 6.8105305 6.8190822 6.8276339 6.8361856 6.848554 6.8598664 6.8690019 6.8781374 6.8872729 6.8964084 6.9139137 6.9249412 6.9196602 6.9205245 6.9244055 6.9282865 6.9321675 6.936017 6.939782 6.943547 6.947312 6.951077 6.9665512 6.975259 6.9696354 6.9639004 6.9581257 6.952351 6.9465762 6.9378594 6.9249334 6.9120074 6.8990814 6.8859612 6.8718146 6.8533979 6.8319116 6.8104252 6.7889389 6.7719245 6.761543 6.75068 6.7397338 6.7287876 6.7178414 6.7023407 6.6889907 6.6884368 6.6878828 6.6873289 6.6856437 6.6755247
-9999 6.7600977 6.7692441 6.7783904 6.7875368 6.7966832 6.8058295 6.8146999 6.8232516 6.8318033 6.840355 6.8489067 6.8574584 6.8674923 6.8766277 6.8857632 6.8948987 6.9040342 6.9131696 6.9208956 6.9245311 6.9284121 6.9322931 6.9361741 6.9400551 6.9439046 6.9476696 6.9514346 6.9551995 6.9589645 6.9627295 6.9672915 6.9615167 6.955742 6.9499673 6.9441926 6.9384178 6.929701 6.916775 6.903849 6.890923 6.8779969 6.8650709 6.8467764 6.82529 6.8038037 6.7823174 6.760831 6.741181 6.730318 6.7193718 6.7084256 6.6974794 6.6865332 6.6760416 6.6754876 6.6749337 6.6743797 6.6738258 6.6732718
-9999 6.7704558 6.7796022 6.7887486 6.797895 6.8070413 6.8134076 6.8189951 6.8275468 6.8360985 6.8446502 6.8532019 6.8598147 6.8649763 6.874928 6.8840635 6.8931989 6.9023344 6.9114699 6.9190165 6.9228975 6.9267785 6.9306595 6.9345405 6.9403723 6.9482833 6.9476668 6.9514318 6.9551968 6.9589618 6.9627268 6.9632333 6.9574586 6.9516839 6.9459091 6.9401344 6.9306072 6.9158962 6.9029702 6.8900442 6.8771182 6.8641922 6.854652 6.8328147 6.807415 6.7859286 6.7644423 6.742956 6.7214697 6.7089703 6.6980241 6.6870779 6.6761317 6.6649603 6.6550227 6.6544687 6.6539148 6.6533608 6.6528069 6.6609395
-9999 6.7800148 6.7891612 6.7983076 6.8074539 6.8118339 6.8148531 6.8204406 6.8289923 6.837544 6.8460957 6.8507599 6.8533005 6.8584621 6.8688724 6.8792097 6.8883451 6.8974806 6.9066161 6.9141627 6.9180437 6.9219247 6.9258057 6.9340457 6.9458889 6.9537999 6.9511718 6.9487604 6.9525254 6.9562904 6.9600554 6.9605619 6.9547872 6.9490125 6.9432378 6.9308513 6.9148927 6.9001818 6.8872557 6.8743297 6.8614037 6.8535418 6.8470944 6.8252572 6.7923564 6.7642475 6.7427612 6.7212748 6.6997885 6.6872891 6.6763429 6.6653967 6.6538587 6.6412121 6.6312745 6.6307205 6.6301665 6.6296126 6.6414631 6.6581512
-9999 6.7895738 6.7987202 6.8072411 6.8102603 6.8132795 6.8162986 6.8218861 6.8304378 6.8389895 6.8417051 6.8442457 6.8467863 6.8519479 6.8623582 6.8727685 6.8831788 6.8926268 6.9017623 6.9093089 6.9131899 6.9170709 6.9277192 6.9395623 6.9514055 6.9593165 6.9566884 6.9540603 6.9514322 6.953619 6.957384 6.9578906 6.9521158 6.9463411 6.9310955 6.9151369 6.8991783 6.8844673 6.8715413 6.858879 6.8524316 6.8459843 6.8395369 6.8176996 6.7847988 6.751898 6.72108 6.6995937 6.6781074 6.665608 6.6546618 6.6427571 6.6301104 6.6174638 6.6075262 6.6069723 6.6064183 6.6219868 6.6386749 6.655363
-9999 6.7991328 6.8056675 6.8086866 6.8117058 6.814725 6.8177441 6.8233316 6.8301096 6.8326503 6.8351909 6.8377315 6.8402721 6.8454337 6.855844 6.8662543 6.8766646 6.8870749 6.8969085 6.9044551 6.9095495 6.9213927 6.9332358 6.945079 6.9569221 6.9648331 6.962205 6.9595769 6.9569488 6.9543207 6.9547126 6.9552192 6.9472982 6.9313396 6.915381 6.8994224 6.8834638 6.8687529 6.8577689 6.8513215 6.8448741 6.8384267 6.8319793 6.8101421 6.7772413 6.7443405 6.7114397 6.6785389 6.6564262 6.6439268 6.6316554 6.6190088 6.6063622 6.5937156 6.583778 6.5858224 6.6025105 6.6191986 6.6358867 6.6525748
-9999 6.8074288 6.810448 6.8134672 6.8164863 6.8195055 6.8225246 6.8242272 6.8267678 6.8293084 6.8318491 6.8343897 6.8369303 6.8420274 6.8524377 6.8628479 6.8732582 6.8836685 6.8940788 6.9049224 6.9167655 6.9286087 6.9404518 6.952295 6.9641381 6.9665141 6.963886 6.9612579 6.9586298 6.9560017 6.9533736 6.9461922 6.9302336 6.914275 6.8983164 6.8823578 6.8663992 6.8544976 6.8480502 6.8416028 6.8351554 6.828708 6.8222606 6.8019411 6.7690403 6.7361395 6.7032387 6.6703379 6.6374371 6.6233718 6.6107252 6.5980785 6.5854319 6.5727853 6.5639503 6.5806384 6.5973265 6.6140146 6.6307028 6.6473909
-9999 6.8373621 6.8403813 6.8434004 6.8464196 6.8494388 6.8542355 6.8538232 6.8473523 6.8498929 6.8524335 6.8549741 6.8575148 6.8625323 6.87251 6.8828809 6.8932912 6.9037015 6.9141118 6.9249554 6.9367985 6.9486416 6.9604848 6.9723279 6.973437 6.9641259 6.9394695 6.9340101 6.9313821 6.928754 6.9261259 6.9189445 6.9029859 6.8870273 6.8710687 6.8551101 6.8492895 6.8397789 6.8220323 6.8155849 6.8091375 6.8026901 6.7962427 6.7806335 6.7559866 6.7230858 6.690185 6.6572842 6.6243834 6.6183383 6.6110479 6.5984013 6.5857547 6.5731081 6.562594 6.559467 6.5740739 6.590762 6.6074501 6.6241382
-9999 6.8672954 6.8703146 6.8733337 6.8767582 6.8817266 6.886695 6.8862827 6.8796605 6.8730383 6.873018 6.8755586 6.8780992 6.8831167 6.8930944 6.9030721 6.9133242 6.9237345 6.9341448 6.9449883 6.9568315 6.9686746 6.9805177 6.9773877 6.9738019 6.9644907 6.9398344 6.915178 6.9041343 6.9015062 6.8988781 6.8916968 6.8757382 6.8597796 6.844635 6.8411668 6.8376985 6.8281879 6.8100328 6.7918776 6.7831196 6.7766722 6.7702248 6.7546156 6.73242 6.7100321 6.6771313 6.6442305 6.6113297 6.6052846 6.6038809 6.5987241 6.5860775 6.5734309 6.5629168 6.5597898 6.5566627 6.5675093 6.5841974 6.6008855
-9999 6.8972287 6.9002479 6.9042493 6.9092177 6.9141861 6.9191544 6.9187422 6.91212 6.9054977 6.8988755 6.896143 6.8986836 6.9037012 6.9136788 6.9236565 6.9336342 6.9437674 6.9541777 6.9650213 6.9768644 6.9849242 6.9813384 6.9777526 6.9741667 6.9648556 6.9401992 6.9155429 6.8908865 6.8742585 6.8716304 6.864449 6.8484904 6.8365122 6.833044 6.8295758 6.8261076 6.816597 6.7984419 6.7802867 6.7621316 6.7506542 6.7442068 6.7285976 6.7064021 6.6842066 6.6620111 6.6311769 6.5982761 6.592231 6.5908272 6.5894235 6.5864002 6.5737536 6.5632396 6.5601125 6.5569855 6.5538584 6.5609447 6.5776328
-9999 6.927162 6.9317404 6.9367088 6.9416772 6.9466455 6.9516139 6.9512016 6.9445794 6.9379572 6.931335 6.9247128 6.9192681 6.9242856 6.9342633 6.944241 6.9542186 6.9641963 6.9742107 6.9850542 6.9888749 6.9852891 6.9817032 6.9781174 6.9745316 6.9652204 6.9405641 6.9159077 6.8912513 6.866595 6.8443827 6.8372013 6.8283895 6.8249213 6.8214531 6.8179849 6.8145167 6.8050061 6.7868509 6.7686958 6.7505406 6.7323855 6.7181889 6.7025797 6.6803842 6.6581887 6.6359932 6.6137977 6.5852224 6.5791773 6.5777736 6.5763698 6.5749661 6.5735624 6.5635624 6.5604353 6.5573083 6.5541812 6.5510541 6.5543802
-9999 6.9540526 6.959021 6.9639893 6.9689577 6.9739261 6.9788945 6.9818223 6.9752001 6.9685779 6.9619557 6.9553334 6.9487112 6.9358897 6.9423554 6.952333 6.9623107 6.9722884 6.9822661 6.9881423 6.9845565 6.9809707 6.9773848 6.973799 6.9702131 6.9648954 6.9418432 6.9171868 6.8925304 6.8678741 6.8432177 6.8257985 6.8223303 6.8188621 6.8153939 6.8119257 6.8084575 6.7974842 6.7793291 6.7611739 6.7430188 6.7248637 6.7067954 6.6932225 6.671027 6.6488314 6.6266359 6.6044404 6.5822449 6.5777773 6.5763736 6.5749699 6.5735662 6.5721624 6.572883 6.5697559 6.5666289 6.5635018 6.5603748 6.5559404
-9999 6.9731026 6.978071 6.9830394 6.9880078 6.9951523 7.0065098 7.0095207 7.0028985 6.9962763 6.9896541 6.9809202 6.9642149 6.9499397 6.940531 6.9405718 6.9505495 6.9605272 6.9705048 6.9763811 6.9727953 6.9692094 6.9656236 6.9625238 6.9630805 6.9586495 6.9408507 6.9199189 6.8952625 6.8706061 6.8459498 6.8285306 6.8250624 6.8215942 6.818126 6.8140032 6.8076424 6.7964292 6.778274 6.7601189 6.7419637 6.7242118 6.7071588 6.6948216 6.6858745 6.6659519 6.6437564 6.6215609 6.5993654 6.5948978 6.5934941 6.5920904 6.5906867 6.5942342 6.5965032 6.5933762 6.5902491 6.5871221 6.5784768 6.5579956
-9999 6.9921527 6.9971211 7.0020894 7.0114932 7.0228507 7.0342082 7.0372191 7.0305969 7.0239747 7.0116754 6.9949702 6.9782649 6.9639897 6.954581 6.9451722 6.9387882 6.9487659 6.9587436 6.9646199 6.961034 6.9574482 6.9557213 6.9562779 6.9568346 6.9524037 6.9346048 6.9168059 6.8979946 6.8733382 6.8486818 6.8312627 6.8277945 6.8243263 6.8193091 6.8129482 6.8065873 6.7953741 6.7772189 6.7590638 6.7416282 6.7245752 6.7075222 6.695185 6.6862379 6.6772908 6.6608769 6.6386814 6.6164859 6.6120183 6.6106146 6.6102007 6.6140276 6.6178545 6.6201235 6.6169965 6.6138694 6.6010132 6.580532 6.5600508
-9999 7.0112027 7.0164765 7.027834 7.0391916 7.0505491 7.0619066 7.0649175 7.0582953 7.0424307 7.0257254 7.0090202 6.9923149 6.9780397 6.968631 6.9592222 6.9498135 6.9404047 6.9469824 6.9528586 6.9492728 6.9489187 6.9494754 6.950032 6.9505887 6.9461578 6.9283589 6.91056 6.8927612 6.8749623 6.8514139 6.8339947 6.8305265 6.8246149 6.818254 6.8118931 6.8055322 6.794319 6.7761639 6.7590446 6.7419916 6.7249386 6.7078856 6.6955484 6.6866013 6.6776542 6.6687071 6.6558019 6.6336064 6.6291388 6.6299941 6.633821 6.6376479 6.6414747 6.6437438 6.6406167 6.6235496 6.6030684 6.5825872 6.562106
-9999 7.0328174 7.0441749 7.0555324 7.06689 7.0782475 7.089605 7.0898913 7.073186 7.0564807 7.0397754 7.0230701 7.0063649 6.9920897 6.9826809 6.9732722 6.9638634 6.9544547 6.945046 6.9415595 6.9421162 6.9426728 6.9432295 6.9437861 6.9443428 6.9399119 6.922113 6.9043141 6.8865153 6.8687164 6.8509176 6.8362816 6.8299207 6.8235598 6.8171989 6.810838 6.8044771 6.7935141 6.776461 6.759408 6.742355 6.725302 6.708249 6.6959118 6.6869647 6.6780176 6.6690705 6.6601234 6.6507269 6.6497875 6.6536144 6.6574413 6.6612682 6.665095 6.6665672 6.646086 6.6256048 6.6051236 6.5846424 6.5641611
-9999 7.0549021 7.0662596 7.0776172 7.0889747 7.1003322 7.10336 7.0942346 7.0775293 7.060824 7.0441187 7.0274134 7.0112238 6.9981553 6.989853 6.9804443 6.9710355 6.9616268 6.952218 6.9458227 6.9463793 6.946936 6.9474926 6.9480493 6.9472765 6.9428394 6.9326122 6.9148133 6.8970145 6.8792156 6.8614167 6.8475247 6.8411638 6.834803 6.8284421 6.8220812 6.8132173 6.7995609 6.7825079 6.7654549 6.7484019 6.7313489 6.7154018 6.7053861 6.6977715 6.6888245 6.6798774 6.6709303 6.6619832 6.6639277 6.6677546 6.6715815 6.6754083 6.6761943 6.6656854 6.6452042 6.624723 6.6042418 6.5837606 6.5740102
