mean_models/J1_mean__temp2_slide_100.dat.tif
NCOLS 118
NROWS 92
XLLCORNER 139.62
YLLCORNER -39.07
DX 0.099491525
DY 0.099347826
NODATA_VALUE -9999
[rows 0 to 26 of 92, columns 0 to 59 of 118]
-9999 -9999 -9999 -9999 -9999 -9999 -9999 -9999 -9999 -9999 -9999 -9999 -9999 -9999 -9999 -9999 -9999 -9999 -9999 -9999 -9999 -9999 -9999 -9999 -9999 -9999 -9999 -9999 -9999 -9999 -9999 -9999 -9999 -9999 -9999 -9999 -9999 -9999 -9999 -9999 -9999 -9999 -9999 -9999 -9999 -9999 -9999 -9999 -9999 -9999 -9999 -9999 -9999 -9999 -9999 -9999 -9999 -9999 -9999 -9999
-9999 809.44348 810.90813 812.37277 813.83742 815.30207 817.66735 817.18996 813.0245 809.97581 806.92713 803.87845 800.82977 796.8367 792.16279 788.87659 785.59038 782.30418 779.01797 775.0324 769.43334 763.83429 758.23524 752.63619 748.31425 752.4018 759.96188 770.50764 781.0534 791.59917 802.14493 806.54472 799.09702 791.64932 784.20162 776.75392 770.0589 763.04781 756.70195 753.4225 750.14305 746.86361 743.58416 749.01234 757.29155 764.48217 771.67279 778.86341 786.05403 795.496 803.29792 811.09983 818.90174 826.70365 830.67423 825.02382 824.52636 824.02891 823.53145 823.03399
-9999 818.33222 819.79686 821.26151 822.72615 825.79193 829.86064 829.38325 823.65906 818.77389 815.72521 812.67653 809.62785 805.63478 799.75052 794.43179 791.14558 787.85938 784.57317 780.5876 774.98854 769.38949 763.79044 761.75049 765.34578 769.43333 774.84028 781.23182 791.77759 802.32335 812.86912 817.2689 809.8212 802.3735 794.9258 788.87873 784.28054 777.26945 766.80637 758.97646 755.69701 752.41756 749.13812 754.5663 766.25428 775.36904 782.55965 789.75027 796.94089 806.47537 816.41493 824.47701 832.27893 840.08084 844.05142 834.75074 827.64796 827.1505 826.65304 826.15558
-9999 827.22095 828.68559 830.15024 833.9165 837.98522 842.05393 841.57654 835.85235 830.12816 824.52329 821.47461 818.42593 814.43286 808.5486 802.66434 796.78008 793.41458 790.12837 786.14279 780.54374 774.94469 775.18672 778.78202 782.37731 786.46486 791.87181 797.27875 802.68569 813.04754 823.5933 827.99309 820.54539 813.09769 807.69857 803.10037 798.50218 791.49109 781.02801 770.56493 761.25097 757.97152 754.69207 760.12026 771.80824 783.49623 793.44652 800.63714 807.82776 817.36223 827.30179 837.24135 845.65611 853.45802 857.4286 848.12792 838.82724 830.27209 829.77463 829.27717
-9999 836.10968 837.97237 842.04108 846.10979 850.17851 854.24722 853.76983 848.04564 842.32145 836.59726 830.87308 827.224 823.23093 817.34667 811.46241 805.57815 799.69389 795.68357 791.69799 786.09894 788.62296 792.21825 795.81354 799.40884 803.49639 808.90333 814.31028 819.71722 825.12416 834.31748 838.71727 831.26957 826.5184 821.92021 817.32201 812.72382 805.71273 795.24965 784.78657 774.3235 763.86042 760.24603 765.67421 777.3622 789.05018 800.73817 811.52401 818.71462 828.2491 838.18866 848.12822 858.06778 866.83521 870.80579 861.50511 852.20443 842.90375 833.60306 832.39877
-9999 846.09694 850.16566 854.23437 858.30308 862.3718 866.44051 865.96312 860.23893 854.51474 848.79055 843.06637 837.34218 832.02901 826.14475 820.26049 814.37623 808.49197 802.60771 798.46391 802.0592 805.65449 809.24978 812.84507 816.44037 820.52792 825.93486 831.34181 836.74875 842.15569 847.56263 849.93643 845.33824 840.74004 836.14185 831.54366 826.94546 819.93437 809.47129 799.00822 788.54514 778.08206 767.61898 771.22817 782.91616 794.60414 806.29213 817.98011 829.60149 839.13597 849.07553 859.01508 868.95464 878.8942 884.18297 874.88229 865.58161 856.28093 846.98025 837.67957
-9999 849.84978 853.91849 857.98721 862.05592 866.12464 869.86645 869.08862 863.36444 857.64025 851.91606 846.19187 840.86679 836.80638 833.52095 827.63669 821.75243 815.86817 809.98391 806.96612 810.56141 814.1567 817.752 821.34729 825.40822 827.81913 825.50809 830.91504 836.32198 841.72892 847.13587 849.12538 844.52719 839.92899 835.3308 830.7326 829.60688 826.73742 816.27435 805.81127 795.34819 784.88511 777.20508 771.6257 775.49888 787.18687 798.87485 810.56284 822.25082 832.44803 842.38759 852.32715 862.2667 870.1167 869.28799 859.98731 850.68663 841.38595 832.08527 831.25912
-9999 852.26541 856.33413 860.40284 864.47155 868.04739 871.55536 870.77754 865.05335 859.32916 853.60497 848.54136 843.70053 839.64012 837.14255 834.64498 828.90336 823.0191 817.13484 814.11705 817.71234 821.30763 824.90293 829.30765 834.15421 836.56512 832.44786 828.3306 833.12932 838.53626 843.94321 845.93272 841.33453 836.73633 832.13814 832.79623 835.23462 832.36516 821.90208 811.43901 800.97593 794.29726 788.1456 782.56622 777.39824 777.71458 789.40257 801.09055 812.77854 822.97574 832.9153 842.85486 849.12552 850.74261 849.9139 840.61322 831.31254 822.01186 823.76935 828.08337
-9999 854.68104 858.74976 862.72036 866.22833 869.7363 873.24428 872.46645 866.74226 861.05677 856.21593 851.3751 846.53427 842.47385 839.97629 837.47872 834.98115 830.17003 824.28577 821.26798 824.86327 828.45856 833.20708 838.05364 842.9002 845.31111 841.19385 837.07659 832.95932 835.34361 840.75055 842.74006 838.14187 833.5472 835.98558 838.42397 840.86235 837.9929 827.52982 817.54111 811.38945 805.23778 799.08612 793.50674 788.33877 783.17079 779.93028 791.61826 803.30625 813.50345 823.44301 828.13433 829.75142 831.36852 830.5398 821.23912 811.96555 816.27958 820.5936 824.90762
-9999 857.09668 860.9013 864.40927 867.91724 871.42522 874.93319 874.15536 868.73134 863.8905 859.04967 854.20884 849.368 845.30759 842.81002 840.31245 837.81489 835.31732 831.4367 828.41891 832.25994 837.1065 841.95307 846.79963 851.6462 854.0571 849.93984 845.82258 841.70531 837.58805 837.55789 839.54741 836.73655 839.17494 841.61332 844.05171 846.49009 843.62064 834.6333 828.48163 822.32997 816.17831 810.02664 804.44726 799.27929 794.11131 788.94334 783.77536 793.83396 804.03117 807.14314 808.76024 810.37733 811.99442 811.16571 804.47578 808.7898 813.10383 817.41785 821.73187
-9999 858.34725 861.85522 865.36319 868.87117 872.37914 875.88711 875.10129 870.26046 865.41962 860.57879 855.73796 850.89712 847.46127 844.96371 842.46614 839.96857 837.471 834.97343 834.69662 839.54318 844.38974 849.23631 854.08287 858.92944 862.23146 858.1142 853.99693 849.87967 845.76241 841.64514 839.76708 842.20546 844.64385 847.08223 849.52062 851.959 850.35296 844.2013 838.04964 831.89797 825.74631 819.59464 813.1955 808.02753 802.85955 797.69158 792.5236 787.35563 787.97288 789.58997 791.20706 792.82416 794.44125 798.29546 802.60949 806.92351 811.23753 815.55156 819.86558
-9999 854.48427 857.99225 861.50022 865.00819 868.51617 869.78137 868.0803 863.23946 858.39863 853.5578 848.71696 844.49908 841.96312 842.42277 840.16292 837.66535 835.16779 832.67022 832.3934 837.23997 842.08653 846.93309 851.77966 856.65576 860.57632 861.89939 858.42495 854.30768 850.19042 846.07316 844.19509 846.63348 849.07186 851.51025 853.94863 853.87024 850.92587 844.77421 838.62254 832.47088 826.31921 816.34176 808.42544 802.40816 797.24019 792.07222 786.90424 781.73627 782.35352 783.97061 785.5877 787.2048 794.57361 805.01096 809.32498 813.63901 817.95303 822.26706 825.80729
-9999 850.6213 854.12927 857.63725 860.72162 861.741 862.76038 861.0593 856.21847 851.37764 846.56839 842.53653 838.50468 835.96872 836.42837 836.88802 835.36214 832.86457 830.367 830.09019 834.93675 839.78332 844.62988 849.51668 854.40636 858.32692 859.64999 860.97305 858.7357 854.61844 850.50117 848.62311 851.06149 853.49988 855.84817 855.14566 854.44314 851.49878 845.34711 839.19545 832.4196 822.2327 812.0458 804.12948 797.84545 791.62083 786.45285 781.28488 776.11691 776.73416 778.35125 779.96834 789.08398 801.2891 811.72646 816.04048 820.35451 824.6012 828.06919 831.53718
-9999 846.75832 850.2663 852.68124 853.70062 854.72 855.73939 854.03831 849.19748 844.60584 840.57399 836.54213 832.51028 829.97432 830.43397 830.89362 831.35327 830.56136 828.06379 827.78698 832.63354 837.48793 842.37761 847.26728 852.15696 856.07752 857.40059 858.72365 860.04672 859.04645 854.92919 853.05112 855.48951 857.12358 856.42107 855.71856 855.01605 852.07168 845.92002 838.31054 828.12364 817.93674 807.74983 799.83351 793.54949 787.26546 780.98144 775.66552 770.49755 771.11479 772.73189 783.59436 795.79948 808.0046 818.44196 822.75598 826.86309 830.33108 833.79907 837.26706
-9999 842.89535 844.64087 845.66025 846.67963 847.69901 848.71839 847.01731 842.64329 838.61144 834.57959 830.54773 826.51588 823.97992 824.43957 824.89922 825.35887 825.81852 825.76058 825.48376 830.34885 835.23853 840.12821 845.01788 849.90756 853.82812 855.15119 856.47425 857.79732 859.12039 859.35721 857.47914 858.399 857.69649 856.99398 856.29147 855.58896 852.64459 844.20148 834.01458 823.82767 813.64077 803.45387 795.53755 789.25352 782.9695 776.68547 770.40145 764.87818 765.89961 778.10473 790.30986 802.51498 814.7201 825.15746 829.12499 832.59298 836.06097 839.52896 842.99695
-9999 836.48686 837.50624 838.52562 839.54501 840.56439 841.58377 840.11896 836.0871 832.05525 828.0234 823.99154 819.95969 817.73653 818.2436 818.70325 819.1629 819.62256 820.08221 821.88143 826.77111 831.66078 836.55046 841.44014 846.32982 853.98495 856.87781 858.20088 859.52395 860.84702 862.17009 862.80128 862.09877 861.39626 860.69375 859.99124 859.28873 857.49551 847.30861 837.12171 826.9348 816.7479 806.561 797.78648 791.50246 785.21843 778.93441 772.65038 766.36636 777.11559 789.32072 801.52584 813.73096 825.93608 832.52515 833.80542 837.27341 840.7414 844.20939 847.67738
-9999 829.0882 830.10758 831.12696 832.14634 832.81991 831.53631 829.88019 827.79413 824.19367 820.16181 816.12996 812.09811 809.87495 811.2738 812.03892 812.49857 812.95822 813.41787 815.21709 820.10677 824.99645 829.88612 834.7758 838.91075 846.28613 862.49886 869.16634 870.48941 871.81248 873.13555 873.76675 873.06423 872.36172 871.65921 870.51556 859.32698 856.0586 864.12119 857.43094 847.24403 837.05713 826.87023 817.58365 808.95935 802.67532 796.3913 790.10727 783.82325 796.32561 810.99418 823.19931 835.40443 847.60955 854.19862 841.33437 839.51529 842.98328 846.45127 849.91926
-9999 821.68953 822.70891 823.72829 823.72019 822.43659 821.15298 819.49686 817.4108 815.32474 812.30023 808.26838 804.23652 802.01336 803.41221 804.81106 805.83423 806.29388 806.75353 808.55276 813.44243 818.33211 823.05562 827.13377 831.21193 838.5873 854.80004 871.01277 881.45487 882.77794 884.10101 884.73221 884.0297 883.32719 879.52525 868.33667 857.14809 853.87971 861.9423 870.00489 867.55327 857.36636 847.17946 837.89288 829.25352 820.61417 813.84819 807.56417 801.28014 813.7825 829.53165 844.87278 857.0779 869.28302 875.87209 863.00784 850.14358 845.22516 848.69315 852.16114
-9999 814.29087 815.31025 814.62047 813.33686 812.05326 810.76965 809.11353 807.02747 804.94141 802.85535 800.40679 796.37494 794.15178 795.55063 796.94948 798.34833 799.62955 800.0892 801.88842 806.7781 811.27864 815.35679 819.43495 823.51311 830.88848 847.10122 863.31395 879.52668 893.74341 895.06648 895.69767 894.99516 888.53495 877.34637 866.15779 854.9692 851.70082 859.76341 867.826 875.88859 877.6756 867.48869 858.20211 849.56275 840.9234 832.28404 825.02106 818.73704 831.23939 846.98855 862.7377 878.48685 890.95649 897.54556 884.6813 871.81705 858.9528 850.93502 854.40301
-9999 806.80435 805.52074 804.23714 802.95353 801.66993 800.38633 798.7302 796.64414 794.55808 792.47202 790.38596 788.2999 786.2902 787.68905 789.0879 790.48675 791.8856 793.28445 795.22408 799.50166 803.57981 807.65797 811.73613 815.81429 823.18966 839.40239 855.61513 871.82786 888.0406 904.25333 906.66314 897.54464 886.35606 875.16748 863.9789 852.79032 849.52194 857.58452 865.64711 873.7097 881.77228 887.79793 878.51134 869.87199 861.23263 852.59328 843.95392 836.19393 848.69628 864.44544 880.19459 895.94374 911.6929 919.21903 906.35477 893.49052 880.62626 867.76201 856.64489
-9999 802.84869 801.56509 800.28149 798.99788 797.71428 795.23367 790.41786 788.3318 786.24574 784.15968 782.07362 780.16598 781.00839 782.53777 783.93662 785.33547 786.73432 788.13317 790.34221 794.42037 798.49852 802.57668 806.65484 810.733 820.03198 831.52766 847.74039 863.95312 880.16586 896.37859 903.23193 892.04335 880.85477 869.66619 858.47761 848.45019 850.60857 858.67116 866.73375 874.79634 882.85892 889.465 889.19874 881.21819 872.57883 863.93948 855.30012 846.66077 858.81604 874.56519 890.31435 906.0635 921.81265 928.07932 915.21506 902.35081 889.48655 876.6223 869.27356
-9999 803.74156 802.45795 801.17435 799.89074 795.66452 788.48351 783.66771 781.58165 779.49559 777.40953 776.23744 776.63638 777.4788 779.20929 780.82978 782.22863 783.62748 785.02634 787.23537 791.31353 795.39168 799.46984 805.35892 816.06786 825.37774 830.9378 839.73295 855.94569 872.15842 888.37116 895.2245 884.03592 872.84734 861.65876 853.96867 852.00008 854.15846 862.22105 870.28364 878.34623 883.76192 886.69933 886.43307 883.86375 877.16405 868.5247 859.88534 851.24599 863.40126 879.15041 894.89957 910.232 921.45073 927.27439 914.41013 901.54588 888.68163 885.15852 892.45374
-9999 804.63442 803.35081 802.06721 796.09536 788.91436 781.73335 776.91755 774.83149 772.74543 772.3089 772.70784 773.10679 773.9492 775.67969 777.41018 779.12179 780.52065 781.9195 784.12853 788.20669 792.28484 799.99575 810.70468 821.41362 830.7235 836.28356 841.84362 847.93825 864.15099 880.36372 887.21706 876.02848 864.8399 859.48714 857.51855 855.54997 857.70835 865.77094 873.83353 878.05885 880.99625 883.93365 883.6674 881.09807 878.52875 873.10992 864.47056 855.8312 867.98648 883.73563 898.20834 909.42707 920.64581 926.46946 913.60521 900.74095 901.04348 908.33869 915.63391
-9999 805.52728 803.70722 796.52621 789.34521 782.1642 774.9832 770.16739 768.08133 768.38036 768.7793 769.17824 769.57719 770.4196 772.15009 773.88058 775.61107 777.34156 778.81266 781.02169 785.09985 794.63257 805.34151 816.05044 826.75938 836.06926 841.62932 847.18937 852.74943 858.30949 872.35629 879.20963 868.02105 865.00561 863.03702 861.06844 859.09986 861.25824 869.32083 872.35577 875.29317 878.23058 881.16798 880.90172 878.3324 875.76307 873.19375 869.05578 860.41642 872.5717 886.18467 897.40341 908.62214 919.84088 925.66453 912.80028 916.92843 924.22365 931.51887 938.81408
-9999 804.13807 796.95706 789.77606 782.59505 775.41405 768.23304 764.05287 764.45181 764.85076 765.2497 765.64865 766.04759 766.89001 768.6205 770.35099 772.08148 773.81197 775.54245 778.56046 789.26939 799.97833 810.68726 821.3962 832.10514 841.41502 846.97507 852.53513 858.09519 863.65525 869.21531 872.49266 870.52408 868.5555 866.58691 864.61833 862.64975 863.7153 866.6527 869.5901 872.5275 875.4649 878.4023 878.13605 875.56672 872.9974 870.42807 867.85875 865.00164 874.16101 885.37974 896.59848 907.81721 919.03595 925.51818 932.81339 940.10861 947.40382 954.69904 961.99426
-9999 807.35359 800.17258 792.99158 785.81057 778.62957 767.95471 758.34918 755.32298 755.72192 756.12087 756.51981 756.91876 758.66721 762.40179 764.13228 765.86277 767.59326 769.32375 773.76918 784.47812 795.18706 805.89599 816.60493 825.95625 838.28119 860.81247 866.37253 871.93258 877.49264 883.0527 886.04122 884.07264 882.10406 880.13547 878.16689 877.65697 876.60256 875.06422 878.00162 880.93902 883.87643 886.81383 891.39417 892.44434 889.87501 887.30569 884.73636 882.16704 874.9326 883.34378 894.56252 905.78125 916.99999 925.94366 928.41278 935.708 943.00322 950.29843 957.59365
-9999 812.47909 805.29808 798.11708 790.93608 778.38699 764.87408 755.26855 750.17263 745.51996 745.9189 746.31785 746.71679 748.46524 752.91616 757.36708 759.12868 760.85917 762.58966 767.03509 777.74403 788.45297 799.1619 807.4208 814.15372 826.47867 853.79162 881.10457 887.39745 892.95751 898.51756 901.50609 899.5375 897.56892 895.60034 895.88854 897.06827 896.01385 891.76316 888.55532 891.49272 894.43012 897.36753 901.94787 907.7093 910.51738 907.94805 905.37873 902.8094 895.57497 887.53427 892.29062 903.50936 914.72809 923.67177 924.73491 926.02138 933.31659 940.61181 947.90702
