mean_models/J1_mean_vp_slide_diff2_300.dat.tif
NCOLS 118
NROWS 92
XLLCORNER 139.62
YLLCORNER -39.07
DX 0.099491525
DY 0.099347826
NODATA_VALUE -9999
[rows 0 to 23 of 92, columns 0 to 54 of 118]
-9999 -9999 -9999 -9999 -9999 -9999 -9999 -9999 -9999 -9999 -9999 -9999 -9999 -9999 -9999 -9999 -9999 -9999 -9999 -9999 -9999 -9999 -9999 -9999 -9999 -9999 -9999 -9999 -9999 -9999 -9999 -9999 -9999 -9999 -9999 -9999 -9999 -9999 -9999 -9999 -9999 -9999 -9999 -9999 -9999 -9999 -9999 -9999 -9999 -9999 -9999 -9999 -9999 -9999 -9999
-9999 -0.017516167 -0.017193227 -0.016870287 -0.016547348 -0.016224408 -0.016036965 -0.015859264 -0.016243198 -0.017233384 -0.018223569 -0.019213754 -0.02020394 -0.020829276 -0.020733328 -0.020648097 -0.020562866 -0.020477635 -0.020392404 -0.020050199 -0.019115144 -0.01818009 -0.017245035 -0.016309981 -0.015522887 -0.015733199 -0.0157175 -0.015090535 -0.01446357 -0.013836605 -0.013209639 -0.012774995 -0.012711085 -0.012647174 -0.012583263 -0.012519353 -0.013401919 -0.015007127 -0.014843138 -0.015400977 -0.015958816 -0.016516654 -0.017074493 -0.018696036 -0.020901808 -0.023049952 -0.025198096 -0.02734624 -0.029494385 -0.04222702 -0.051995489 -0.061763958 -0.071532426 -0.081300895 -0.088613848
-9999 -0.017551352 -0.017228413 -0.016905473 -0.016582533 -0.016500475 -0.016569304 -0.016391603 -0.015929375 -0.015922613 -0.016912799 -0.017902984 -0.018893169 -0.019518506 -0.01941321 -0.019312283 -0.019227052 -0.01914182 -0.019056589 -0.018714384 -0.01777933 -0.016844275 -0.015909221 -0.01538651 -0.015516678 -0.01572699 -0.016152105 -0.016375641 -0.015748675 -0.01512171 -0.014494745 -0.014060101 -0.01399619 -0.013932279 -0.013868369 -0.015565727 -0.019085029 -0.020690237 -0.019557063 -0.019043731 -0.019601569 -0.020159408 -0.020717247 -0.022338789 -0.024725015 -0.026975019 -0.029123163 -0.031271307 -0.033419452 -0.046370596 -0.061188793 -0.071571865 -0.081340334 -0.091108802 -0.098421756
-9999 -0.017586538 -0.017263598 -0.016940659 -0.016963985 -0.017032814 -0.017101642 -0.016923941 -0.016461714 -0.015999486 -0.015602028 -0.016592214 -0.017582399 -0.018207735 -0.01810244 -0.017997145 -0.01789185 -0.017806006 -0.017720775 -0.01737857 -0.016443516 -0.015508461 -0.015250133 -0.015380301 -0.015510469 -0.01572078 -0.016145896 -0.016571011 -0.016996127 -0.016406816 -0.01577985 -0.015345206 -0.015281296 -0.015217385 -0.017729534 -0.021248836 -0.024768138 -0.026373347 -0.025240172 -0.024106998 -0.023244323 -0.023802162 -0.02436 -0.025981543 -0.028367769 -0.030753994 -0.03304823 -0.035196374 -0.037344519 -0.050295663 -0.06511386 -0.079932057 -0.091148241 -0.10091671 -0.10822966
-9999 -0.017621724 -0.017358667 -0.017427495 -0.017496324 -0.017565153 -0.017633981 -0.01745628 -0.016994052 -0.016531824 -0.016069597 -0.015607369 -0.016271629 -0.016896965 -0.01679167 -0.016686374 -0.016581079 -0.016475784 -0.016384961 -0.016042756 -0.015107701 -0.015113755 -0.015243924 -0.015374092 -0.01550426 -0.015714571 -0.016139687 -0.016564802 -0.016989918 -0.017415033 -0.017064956 -0.016630312 -0.016566401 -0.019893342 -0.023412644 -0.026931946 -0.030451248 -0.032056456 -0.030923282 -0.029790108 -0.028656934 -0.02752376 -0.028002754 -0.029624297 -0.032010522 -0.034396748 -0.036782974 -0.039121441 -0.041269586 -0.05422073 -0.069038927 -0.083857124 -0.09867532 -0.11072462 -0.11803757
-9999 -0.017822177 -0.017891006 -0.017959834 -0.018028663 -0.018097491 -0.01816632 -0.017988619 -0.017526391 -0.017064163 -0.016601935 -0.016139708 -0.01567748 -0.015586194 -0.015480899 -0.015375604 -0.015270309 -0.015165014 -0.015059718 -0.01484721 -0.014977378 -0.015107546 -0.015237714 -0.015367882 -0.01549805 -0.015708362 -0.016133477 -0.016558593 -0.016983708 -0.017408824 -0.017833939 -0.018537848 -0.02205715 -0.025576452 -0.029095754 -0.032615056 -0.036134358 -0.037739566 -0.036606392 -0.035473217 -0.034340043 -0.033206869 -0.032073695 -0.03326705 -0.035653276 -0.038039502 -0.040425727 -0.042811953 -0.045194653 -0.058145797 -0.072963994 -0.087782191 -0.10260039 -0.11741858 -0.12784548
-9999 -0.017815789 -0.017884617 -0.017953446 -0.018022274 -0.018091103 -0.018114006 -0.017894097 -0.01743187 -0.016969642 -0.016507414 -0.016045186 -0.015695556 -0.015526207 -0.015438854 -0.015333558 -0.015228263 -0.015122968 -0.015017673 -0.014983578 -0.015113746 -0.015243914 -0.015374083 -0.015504251 -0.015679033 -0.015837683 -0.01584834 -0.016273455 -0.016698571 -0.017123686 -0.017548802 -0.01903079 -0.022550092 -0.026069394 -0.029588696 -0.033107998 -0.03486252 -0.034362868 -0.033229694 -0.03209652 -0.030963346 -0.029830172 -0.039940899 -0.054119161 -0.061270093 -0.063656319 -0.066042545 -0.06842877 -0.070814996 -0.083801224 -0.098619421 -0.11343762 -0.12825581 -0.13196988 -0.10888248
-9999 -0.01772405 -0.017792879 -0.017861708 -0.017930536 -0.017930121 -0.017920172 -0.017700263 -0.017238036 -0.016775808 -0.01631358 -0.016037718 -0.015824708 -0.01565536 -0.015573445 -0.01549153 -0.01538722 -0.015281925 -0.015176629 -0.015142535 -0.015272703 -0.015402871 -0.015533039 -0.015740761 -0.015990816 -0.016149466 -0.016063128 -0.015976789 -0.016369243 -0.016794359 -0.017219474 -0.018701463 -0.022220765 -0.025740067 -0.029259369 -0.03010732 -0.030050492 -0.02955084 -0.028417666 -0.027284492 -0.026151318 -0.040307724 -0.056593286 -0.070771548 -0.083434899 -0.092754452 -0.095140677 -0.097526903 -0.099913129 -0.11289936 -0.12771755 -0.14253575 -0.13785702 -0.10844875 -0.085361353
-9999 -0.017632312 -0.017701141 -0.017756185 -0.017746236 -0.017736287 -0.017726338 -0.01750643 -0.017044202 -0.01659289 -0.01637988 -0.01616687 -0.01595386 -0.015784512 -0.015702597 -0.015620682 -0.015538768 -0.015440881 -0.015335586 -0.015301491 -0.015431659 -0.015561827 -0.015802488 -0.016052544 -0.016302599 -0.016461249 -0.016374911 -0.016288573 -0.016202234 -0.016465031 -0.016890147 -0.018372135 -0.021891437 -0.025408948 -0.02535212 -0.025295292 -0.025238464 -0.024738812 -0.023605638 -0.024388986 -0.040674548 -0.05696011 -0.073245672 -0.087423934 -0.10008729 -0.11275064 -0.12423881 -0.12662504 -0.12901126 -0.14199749 -0.15681569 -0.14374417 -0.1143359 -0.084927625 -0.061840226
-9999 -0.017540574 -0.0175723 -0.017562351 -0.017552402 -0.017542453 -0.017532504 -0.017312596 -0.016935052 -0.016722042 -0.016509032 -0.016296022 -0.016083013 -0.015913664 -0.015831749 -0.015749835 -0.01566792 -0.015586005 -0.015494542 -0.015460448 -0.015614161 -0.015864216 -0.016114271 -0.016364327 -0.016614382 -0.016773032 -0.016686694 -0.016600356 -0.016514017 -0.016427679 -0.016560819 -0.018042808 -0.020653748 -0.02059692 -0.020540092 -0.020483264 -0.020426436 -0.019926784 -0.024755811 -0.041041373 -0.057326935 -0.073612497 -0.089898059 -0.10407632 -0.11673967 -0.12940302 -0.14206637 -0.15472973 -0.15810939 -0.17109562 -0.14963132 -0.12022305 -0.090814772 -0.061406498 -0.0383191
-9999 -0.017397225 -0.017387276 -0.017377327 -0.017367378 -0.017357428 -0.017347479 -0.017239648 -0.017026638 -0.016813628 -0.016600618 -0.016387609 -0.016174599 -0.016043446 -0.015961532 -0.015879617 -0.015797702 -0.015715788 -0.015633873 -0.015652341 -0.015902396 -0.016152452 -0.016402507 -0.016652562 -0.016902618 -0.017206517 -0.017120179 -0.017033841 -0.016947502 -0.016861164 -0.016774825 -0.016698567 -0.016641738 -0.01658491 -0.016528082 -0.016471254 -0.016414426 -0.023539109 -0.039824671 -0.056110233 -0.072395795 -0.088681357 -0.10496692 -0.11473575 -0.1273991 -0.14006245 -0.1527258 -0.16538916 -0.17805251 -0.15484388 -0.12543561 -0.096027337 -0.066619064 -0.03721079 -0.020686913
-9999 -0.017269936 -0.017259986 -0.017250037 -0.017240088 -0.017230139 -0.017200787 -0.017085037 -0.016872028 -0.016659018 -0.016446008 -0.016232999 -0.016057667 -0.01598137 -0.016080861 -0.01601353 -0.015931615 -0.0158497 -0.015767786 -0.015786254 -0.016036309 -0.016286364 -0.01653642 -0.016786475 -0.016947799 -0.017290812 -0.01823008 -0.018264926 -0.018178587 -0.018092249 -0.018005911 -0.017929652 -0.017872824 -0.017815995 -0.017759167 -0.017702339 -0.019904209 -0.028229983 -0.044515545 -0.060801107 -0.077086669 -0.09337223 -0.095531624 -0.095957251 -0.098782375 -0.11144573 -0.12410908 -0.13677243 -0.14943578 -0.12622716 -0.096818884 -0.06741061 -0.038002336 -0.030930948 -0.03997281
-9999 -0.017142646 -0.017132697 -0.017122748 -0.017109134 -0.017077656 -0.017046177 -0.016930427 -0.016717418 -0.016504408 -0.016293309 -0.016129229 -0.01596515 -0.015888852 -0.015988344 -0.016087835 -0.016065528 -0.015983613 -0.015901698 -0.015920166 -0.016170222 -0.016420277 -0.016670332 -0.016799514 -0.016920065 -0.017263077 -0.018202345 -0.019141612 -0.019409672 -0.019323334 -0.019236996 -0.019160737 -0.019103909 -0.019047081 -0.01907111 -0.021833096 -0.024595082 -0.032920856 -0.049206418 -0.06549198 -0.079472848 -0.080858867 -0.082244887 -0.082670514 -0.082405727 -0.082828998 -0.09549235 -0.1081557 -0.12081905 -0.09761043 -0.068202156 -0.038793883 -0.038506337 -0.050216845 -0.059258706
-9999 -0.017015357 -0.017005408 -0.016986003 -0.016954524 -0.016923046 -0.016891567 -0.016775817 -0.016562808 -0.01636487 -0.016200791 -0.016036711 -0.015872632 -0.015796335 -0.015895826 -0.015995318 -0.016094809 -0.016117525 -0.016035611 -0.016054079 -0.016304134 -0.016530678 -0.016651229 -0.016771779 -0.01689233 -0.017235343 -0.01817461 -0.019113878 -0.020053145 -0.020554419 -0.020468081 -0.020391822 -0.020334994 -0.020999997 -0.023761983 -0.026523969 -0.029285955 -0.037611729 -0.053897291 -0.064800091 -0.066186111 -0.067572131 -0.06895815 -0.069383777 -0.06911899 -0.068854203 -0.068589416 -0.079538973 -0.092202325 -0.068993703 -0.039585429 -0.046081726 -0.057792233 -0.069502741 -0.078544603
-9999 -0.016888067 -0.016862871 -0.016831392 -0.016799914 -0.016768436 -0.016736957 -0.016621207 -0.016436432 -0.016272353 -0.016108273 -0.015944194 -0.015780114 -0.015703817 -0.015803309 -0.0159028 -0.016002292 -0.016101783 -0.016169523 -0.016187991 -0.016382393 -0.016502944 -0.016623494 -0.016744045 -0.016864595 -0.017207608 -0.018146876 -0.019086143 -0.020025411 -0.020964678 -0.021699166 -0.021622907 -0.022928885 -0.02569087 -0.028452856 -0.031214842 -0.033976828 -0.042302602 -0.050127334 -0.051513354 -0.052899374 -0.054285394 -0.055671414 -0.056097041 -0.055832254 -0.055567466 -0.055302679 -0.055037892 -0.063585597 -0.041946607 -0.053657114 -0.065367622 -0.07707813 -0.088788638 -0.0978305
-9999 -0.016879811 -0.016848333 -0.016816854 -0.016785376 -0.016753897 -0.016722419 -0.016438842 -0.016274763 -0.016110684 -0.015946604 -0.015782525 -0.015618445 -0.015669775 -0.015788616 -0.015888107 -0.015987599 -0.01608709 -0.016186582 -0.016292441 -0.016412992 -0.016533542 -0.016654093 -0.016774643 -0.016895194 -0.024266065 -0.028021317 -0.028960584 -0.029899852 -0.030839119 -0.031778387 -0.033340235 -0.036102221 -0.038864207 -0.041626193 -0.044388179 -0.047150165 -0.043704489 -0.045090508 -0.046476528 -0.047862548 -0.049248568 -0.050634588 -0.050050525 -0.049785738 -0.049520951 -0.049256164 -0.048991377 -0.048726589 -0.051938613 -0.063649121 -0.075359629 -0.087070137 -0.098780645 -0.10842257
-9999 -0.017190749 -0.01715927 -0.017127792 -0.017096313 -0.016979828 -0.016382226 -0.016021841 -0.015935235 -0.015788332 -0.015624252 -0.015460173 -0.015296093 -0.015347423 -0.015830123 -0.01605425 -0.016153742 -0.016253234 -0.016352725 -0.016458585 -0.016579135 -0.016699686 -0.016820236 -0.016940787 -0.016504162 -0.023668498 -0.051317699 -0.06184408 -0.062783348 -0.063722615 -0.064661883 -0.066223731 -0.068985717 -0.071747703 -0.074509689 -0.076657377 -0.064817211 -0.058269363 -0.059292924 -0.060609496 -0.061995516 -0.063381536 -0.064767556 -0.063581035 -0.060562863 -0.060298076 -0.060033289 -0.059768502 -0.059503715 -0.053410524 -0.052045506 -0.063756014 -0.075466522 -0.08717703 -0.09681896
-9999 -0.017501686 -0.017470208 -0.017438729 -0.017154673 -0.016557071 -0.01595947 -0.015599085 -0.015512478 -0.015425872 -0.0153019 -0.015137821 -0.014973741 -0.015025071 -0.015507771 -0.015990471 -0.016319885 -0.016419377 -0.016518868 -0.016624728 -0.016745278 -0.016865829 -0.016863703 -0.016385149 -0.015906595 -0.023070932 -0.050720132 -0.078369333 -0.095666844 -0.096606112 -0.097545379 -0.099107228 -0.10186921 -0.1046312 -0.10307715 -0.091236988 -0.079396822 -0.072848973 -0.073872535 -0.074896097 -0.076128484 -0.077514504 -0.078900524 -0.077714003 -0.074678115 -0.071642227 -0.070810414 -0.070545627 -0.07028084 -0.06418765 -0.057087153 -0.052152399 -0.063862907 -0.075573415 -0.085215345
-9999 -0.017812624 -0.017781145 -0.017329518 -0.016731916 -0.016134314 -0.015536713 -0.015176328 -0.015089721 -0.015003115 -0.014916508 -0.014815469 -0.014651389 -0.014702719 -0.015185419 -0.015668119 -0.016150818 -0.01658552 -0.016685012 -0.016790871 -0.016911422 -0.016744691 -0.016266137 -0.015787583 -0.015309028 -0.022473365 -0.050122566 -0.077771767 -0.10542097 -0.12948961 -0.13042888 -0.13199072 -0.13475271 -0.12949693 -0.11765676 -0.1058166 -0.093976432 -0.087428584 -0.088452146 -0.089475708 -0.090499269 -0.091647472 -0.093033492 -0.091846971 -0.088811083 -0.085775195 -0.082739307 -0.081322753 -0.081057965 -0.074964775 -0.067864278 -0.060763781 -0.053663284 -0.0639698 -0.073611731
-9999 -0.018101964 -0.017504362 -0.016906761 -0.016309159 -0.015711558 -0.015113956 -0.014753571 -0.014666965 -0.014580358 -0.014493752 -0.014407145 -0.014320538 -0.014380367 -0.014863067 -0.015345767 -0.015828466 -0.016311166 -0.016793866 -0.016957015 -0.016625679 -0.016147124 -0.01566857 -0.015190016 -0.014711462 -0.021875798 -0.049524999 -0.0771742 -0.1048234 -0.1324726 -0.1601218 -0.16487422 -0.15591671 -0.14407654 -0.13223637 -0.12039621 -0.10855604 -0.10200819 -0.10303176 -0.10405532 -0.10507888 -0.10610244 -0.10716646 -0.10597994 -0.10294405 -0.099908163 -0.096872276 -0.093836388 -0.091835091 -0.0857419 -0.078641403 -0.071540906 -0.064440409 -0.057339912 -0.062008116
-9999 -0.017871148 -0.017273547 -0.016675945 -0.016078344 -0.015480742 -0.014859338 -0.014436123 -0.014349516 -0.01426291 -0.014176303 -0.014089697 -0.014049041 -0.015031693 -0.016049494 -0.016532194 -0.017014894 -0.017497593 -0.017980293 -0.018172324 -0.01769377 -0.017215216 -0.016736661 -0.016258107 -0.015779553 -0.015646601 -0.032662328 -0.060311529 -0.08796073 -0.11560993 -0.14325913 -0.15742006 -0.14557989 -0.13373972 -0.12189956 -0.11005939 -0.099981701 -0.10167087 -0.10269443 -0.10371799 -0.10474155 -0.10576511 -0.10614393 -0.10748277 -0.1051233 -0.10208741 -0.099051523 -0.096015635 -0.092979747 -0.086478209 -0.079377712 -0.072277215 -0.065176718 -0.058076221 -0.062199536
-9999 -0.017785117 -0.017187516 -0.016589914 -0.015992313 -0.015336197 -0.014621326 -0.014198111 -0.014111504 -0.014024898 -0.013938291 -0.014087076 -0.014640477 -0.015623129 -0.017465381 -0.018856722 -0.019339421 -0.019822121 -0.020304821 -0.020496852 -0.020018298 -0.019539743 -0.019061189 -0.018292392 -0.016751103 -0.016616404 -0.020251724 -0.031179787 -0.058828988 -0.086478189 -0.11412739 -0.12828831 -0.11644815 -0.10460798 -0.092767816 -0.086237836 -0.088392249 -0.090081414 -0.091104976 -0.092128538 -0.0931521 -0.093003972 -0.091758784 -0.093097628 -0.096294099 -0.095249744 -0.092213856 -0.089177968 -0.08614208 -0.079640542 -0.072540045 -0.065439548 -0.059570339 -0.065855894 -0.071288171
-9999 -0.017699086 -0.017101485 -0.016503883 -0.015813056 -0.015098185 -0.014383314 -0.013960099 -0.013873492 -0.013786886 -0.014125111 -0.014678513 -0.015231914 -0.016214566 -0.018056817 -0.019899069 -0.021663949 -0.022146649 -0.022629349 -0.02282138 -0.022342825 -0.021864271 -0.020803486 -0.019262196 -0.017720907 -0.017586208 -0.021221528 -0.024856847 -0.029697246 -0.057346447 -0.084995648 -0.099156572 -0.087316406 -0.07547624 -0.07249397 -0.074648383 -0.076802796 -0.078491962 -0.079515523 -0.080539085 -0.079864018 -0.07861883 -0.077373642 -0.078712485 -0.081908956 -0.085105427 -0.085376189 -0.082340301 -0.079304413 -0.072802875 -0.065702378 -0.062373419 -0.068658974 -0.074944529 -0.080376806
-9999 -0.017613055 -0.017004786 -0.016289915 -0.015575044 -0.014860173 -0.014145302 -0.013722087 -0.01363548 -0.014163147 -0.014716548 -0.015269949 -0.01582335 -0.016806002 -0.018648254 -0.020490505 -0.022332757 -0.024175008 -0.024953876 -0.025145907 -0.024667353 -0.023314579 -0.02177329 -0.020232 -0.01869071 -0.018556012 -0.022191331 -0.025826651 -0.02946197 -0.033097289 -0.055863906 -0.07002483 -0.058184664 -0.058750105 -0.060904518 -0.063058931 -0.065213344 -0.066902509 -0.067926071 -0.066724063 -0.065478875 -0.064233687 -0.062988499 -0.064327343 -0.067523814 -0.070720284 -0.073916755 -0.075502634 -0.072466746 -0.065965208 -0.0651765 -0.071462054 -0.077747609 -0.084033164 -0.089465441
