mean_models/J1_mean_vp_slide_diff2_25.dat.tif
NCOLS 118
NROWS 92
XLLCORNER 139.62
YLLCORNER -39.07
DX 0.099491525
DY 0.099347826
NODATA_VALUE -9999
[rows 25 to 49 of 92, columns 0 to 56 of 118]
-9999 0.24501291 0.24547709 0.24594128 0.24640546 0.24686965 0.25445779 0.26811929 0.2726672 0.2615858 0.2505044 0.239423 0.2283416 0.21714993 0.21049247 0.21713817 0.22378388 0.23042958 0.23707528 0.24401727 0.25164279 0.25926832 0.26689385 0.27451938 0.28849612 0.307336 0.31207514 0.33703167 0.36198819 0.38694471 0.41190123 0.42772271 0.42593472 0.42414674 0.42235876 0.42057078 0.42190491 0.41831967 0.40447717 0.39385988 0.38324259 0.3726253 0.36200801 0.35245338 0.34097273 0.32742548 0.31387822 0.30033097 0.28678371 0.27909905 0.26532807 0.25034554 0.235363 0.22038047 0.20581795 0.19443977 0.18899812
-9999 0.22519154 0.22565572 0.22611991 0.22658409 0.23799378 0.2513687 0.26503021 0.27902247 0.29099212 0.27991072 0.26882933 0.25774793 0.24655625 0.23514375 0.22373124 0.23017046 0.23681616 0.24346187 0.25040385 0.25802938 0.26565491 0.27328044 0.29236773 0.31859387 0.33743374 0.3364766 0.33551946 0.35960299 0.38455952 0.40951604 0.42533751 0.42354953 0.42176155 0.41997357 0.42301598 0.42796661 0.42438137 0.40858434 0.39353879 0.3829215 0.37230421 0.36168692 0.3521323 0.34334161 0.33286466 0.31931741 0.30577015 0.2922229 0.28453824 0.2778668 0.26567301 0.25069047 0.23570794 0.22114541 0.20803776 0.19520482
-9999 0.20537016 0.20583435 0.20815485 0.22152977 0.2349047 0.24827962 0.26194113 0.27593339 0.28992565 0.30391791 0.29823565 0.28715425 0.27596258 0.26455007 0.25313756 0.24172505 0.24320275 0.24984845 0.25679044 0.26441597 0.27204149 0.29623934 0.32246547 0.34869161 0.36753148 0.36657434 0.3656172 0.36466006 0.38217432 0.40713084 0.42295232 0.42116434 0.41937636 0.42412705 0.42907768 0.43402831 0.43044306 0.41464604 0.39884901 0.38305199 0.37198313 0.36136584 0.35181122 0.34302053 0.33422984 0.3247566 0.31120934 0.29766209 0.28997743 0.28330599 0.27663455 0.26601794 0.2510354 0.23647288 0.22336523 0.21025757
-9999 0.18554879 0.19169085 0.20506577 0.21844069 0.23181561 0.24519054 0.25885204 0.2728443 0.28683656 0.30082882 0.31482108 0.31656057 0.3053689 0.29395639 0.28254388 0.27113138 0.25971887 0.25623504 0.26317702 0.27388482 0.30011095 0.32633708 0.35256322 0.37878935 0.39762922 0.39667208 0.39571494 0.3947578 0.39380065 0.40474565 0.42056713 0.42028748 0.42523811 0.43018874 0.43513937 0.44009 0.43650476 0.42070774 0.40491071 0.38911369 0.37331666 0.36104476 0.35149013 0.34269945 0.33390876 0.32511807 0.31632738 0.30310127 0.29541662 0.28874518 0.28207374 0.2754023 0.26636287 0.25180035 0.23869269 0.22558504
-9999 0.1761795 0.18955442 0.20292934 0.21630427 0.22967919 0.24305411 0.25506827 0.26906053 0.28305279 0.29704505 0.31103731 0.32502957 0.33463524 0.32322273 0.31181022 0.30039772 0.28898521 0.2775727 0.27754155 0.30376769 0.32999382 0.35621995 0.38244608 0.40867221 0.42548341 0.42452627 0.42356913 0.42261199 0.42165485 0.4206977 0.42175846 0.42670909 0.43165973 0.43661036 0.44156099 0.44651162 0.44171094 0.42591392 0.4101169 0.39431987 0.37852285 0.36272582 0.35079622 0.34200553 0.33321484 0.32442416 0.31563347 0.30684278 0.29852232 0.29185088 0.28517944 0.278508 0.27183656 0.26410843 0.25100078 0.23789312
-9999 0.18188566 0.19526058 0.2086355 0.22201042 0.23538535 0.23962587 0.24711386 0.2595578 0.27355006 0.28754232 0.30153458 0.31552684 0.33088602 0.34898253 0.33992418 0.32851167 0.31709916 0.30568666 0.30565551 0.33188164 0.35810777 0.38433391 0.41056004 0.41521804 0.41575821 0.43190063 0.4329537 0.43199655 0.43103941 0.43008227 0.43114303 0.43609366 0.44104429 0.44599492 0.45094555 0.44742944 0.43829931 0.42407725 0.40828023 0.39248321 0.37668618 0.36088916 0.34824273 0.33824236 0.32945168 0.32066099 0.3118703 0.30307961 0.2872517 0.2757466 0.26907516 0.26240372 0.25573228 0.24828852 0.23816952 0.22534465
-9999 0.18759181 0.20096674 0.21434166 0.22572259 0.22895492 0.23218725 0.23967525 0.25207483 0.26447441 0.2780396 0.29203186 0.30602411 0.32138329 0.33947981 0.35757632 0.35662563 0.34521312 0.33380061 0.33376947 0.3599956 0.38622173 0.41244786 0.40844921 0.4031682 0.40370838 0.41985079 0.43599321 0.44138112 0.44042398 0.43946683 0.44052759 0.44547822 0.45042885 0.45480636 0.44918273 0.4435591 0.43442897 0.42028231 0.40613564 0.39064654 0.37484951 0.35905249 0.34640606 0.33602456 0.32568851 0.31689782 0.30810713 0.29931645 0.28348853 0.26644439 0.25297088 0.24629944 0.239628 0.23218424 0.22206524 0.21194624
-9999 0.19329797 0.2066729 0.21505164 0.21828397 0.2215163 0.22474864 0.23223663 0.24463621 0.25703579 0.26943537 0.28252913 0.29652139 0.31188057 0.32997708 0.3480736 0.36617011 0.37332707 0.36191457 0.36188342 0.38810955 0.4069614 0.40168039 0.39639938 0.39111837 0.39165854 0.40780096 0.42394338 0.44008579 0.44980854 0.4488514 0.44991216 0.45486279 0.45655966 0.45093603 0.44531239 0.43968876 0.43055864 0.41641197 0.4022653 0.38811864 0.37301285 0.35721582 0.3445694 0.33418789 0.32380639 0.31342488 0.30434396 0.29555328 0.27972536 0.26268122 0.24563708 0.23019516 0.22352372 0.21607995 0.20596095 0.19584196
-9999 0.19900413 0.20438069 0.20761302 0.21084535 0.21407769 0.21731002 0.22479802 0.2371976 0.24959718 0.26199676 0.27439634 0.28701866 0.30237784 0.32047436 0.33857087 0.35666738 0.3747639 0.39002852 0.38999738 0.40019257 0.39491156 0.38963055 0.38434954 0.37906853 0.37960871 0.39575113 0.41189354 0.42803596 0.44417837 0.45823596 0.45929672 0.45831295 0.45268932 0.44706569 0.44144206 0.43581842 0.4266883 0.41254163 0.39839497 0.3842483 0.37010163 0.35537916 0.34273273 0.33235123 0.32196972 0.31158822 0.30120671 0.29179011 0.27596219 0.25891805 0.24187391 0.22482976 0.20778562 0.19997567 0.18985667 0.17973767
-9999 0.19836327 0.2015956 0.20482793 0.20806026 0.2112926 0.21452493 0.22318263 0.23544522 0.2478448 0.26024438 0.27264396 0.28504354 0.29635602 0.31303148 0.33112799 0.34922451 0.36732102 0.38541754 0.39644504 0.39116403 0.38588302 0.38060201 0.375321 0.37003999 0.37172128 0.3852432 0.40138562 0.41752803 0.43367045 0.44981287 0.45852071 0.45289708 0.44727345 0.44164982 0.43602618 0.43040255 0.42170158 0.40763282 0.39348616 0.37933949 0.36519283 0.35104616 0.33390346 0.32352196 0.31314046 0.30275895 0.29237745 0.28199594 0.26873167 0.25168753 0.23464339 0.21759925 0.20055511 0.1872051 0.17933231 0.16921331
-9999 0.20325312 0.20648546 0.20971779 0.21295012 0.217887 0.22703337 0.23590368 0.24445539 0.25547061 0.26787019 0.28026977 0.29266935 0.30398183 0.3131173 0.32708238 0.34517889 0.36327541 0.38137192 0.39239942 0.38711841 0.3818374 0.37655639 0.37187838 0.37575937 0.37960885 0.38337385 0.39342073 0.40956315 0.42570556 0.44184798 0.45055582 0.44493219 0.43930856 0.43368493 0.42803476 0.42226004 0.41354318 0.40061717 0.38686463 0.37271796 0.35857129 0.34442463 0.32600795 0.30452162 0.29277847 0.28239697 0.27201546 0.26163396 0.25077097 0.23873841 0.22169427 0.20465012 0.18760598 0.17425598 0.17370202 0.16789177
-9999 0.20814298 0.21137531 0.21460765 0.22146169 0.23060806 0.23975443 0.24862474 0.25717644 0.26572815 0.275496 0.28789558 0.30029516 0.31160764 0.32074311 0.32987859 0.34113328 0.35922979 0.3773263 0.3883538 0.38307279 0.37779178 0.37588495 0.37976594 0.38364694 0.38749642 0.39126142 0.39502641 0.40159826 0.41774067 0.43388309 0.44259094 0.4369673 0.43134367 0.42565109 0.41987636 0.41410164 0.40538478 0.39245877 0.37953276 0.36609643 0.35194976 0.3378031 0.31938642 0.29790009 0.27641376 0.26203498 0.25165348 0.24127197 0.23040899 0.21946279 0.20851659 0.191701 0.17465686 0.16130685 0.1607529 0.16019894
-9999 0.21303284 0.21626517 0.22503638 0.23418275 0.24332912 0.25247549 0.2613458 0.2698975 0.27844921 0.28700091 0.29555261 0.30792097 0.31923345 0.32836892 0.3375044 0.34663988 0.35577536 0.37328069 0.38430819 0.37902718 0.37989152 0.38377252 0.38765351 0.39153451 0.39538399 0.39914899 0.40291398 0.40667898 0.41044397 0.4259182 0.43462605 0.42900242 0.42326741 0.41749269 0.41171796 0.40594324 0.39722638 0.38430037 0.37137436 0.35844835 0.34532823 0.33118156 0.31276489 0.29127856 0.26979223 0.2483059 0.23129149 0.22090999 0.210047 0.1991008 0.1881546 0.1772084 0.16170773 0.14835773 0.14780377 0.14724982
-9999 0.21946469 0.22861106 0.23775743 0.2469038 0.25605017 0.26519654 0.27406685 0.28261856 0.29117026 0.29972197 0.30827367 0.31682538 0.32685925 0.33599473 0.34513021 0.35426569 0.36340117 0.37253664 0.38026257 0.38389809 0.38777909 0.39166008 0.39554108 0.39942208 0.40327156 0.40703656 0.41080155 0.41456655 0.41833154 0.42209654 0.42665846 0.42088373 0.41510901 0.40933429 0.40355956 0.39778484 0.38906798 0.37614197 0.36321596 0.35028995 0.33736394 0.32443794 0.30614336 0.28465703 0.2631707 0.24168437 0.22019804 0.200548 0.18968502 0.17873882 0.16779262 0.15684642 0.14590022 0.1354086 0.13485465 0.13430069
-9999 0.22982285 0.23896922 0.24811559 0.25726196 0.26640833 0.27277459 0.27836209 0.2869138 0.2954655 0.30401721 0.31256891 0.3191817 0.32434332 0.33429498 0.34343046 0.35256593 0.36170141 0.37083689 0.37838349 0.38226449 0.38614549 0.39002649 0.39390748 0.39973926 0.40765026 0.4070338 0.41079879 0.41456379 0.41832878 0.42209378 0.42260032 0.41682559 0.41105087 0.40527614 0.39950142 0.38997416 0.3752632 0.3623372 0.34941119 0.33648518 0.32355917 0.31401898 0.29218175 0.26678197 0.24529564 0.22380931 0.20232298 0.18083665 0.16833727 0.15739107 0.14644487 0.13549867 0.1243273 0.11438968 0.11383573 0.11328178
-9999 0.23938184 0.24852821 0.25767458 0.26682095 0.27120094 0.2742201 0.2798076 0.28835931 0.29691101 0.30546272 0.31012689 0.31266751 0.31782912 0.32823942 0.33857667 0.34771214 0.35684762 0.3659831 0.3735297 0.3774107 0.3812917 0.3851727 0.39341273 0.40525587 0.41316687 0.41053878 0.40812742 0.41189241 0.41565741 0.4194224 0.41992894 0.41415422 0.40837949 0.40260477 0.39021832 0.37425971 0.35954875 0.34662275 0.33369674 0.32077073 0.31290881 0.30646142 0.28462418 0.25172338 0.22361449 0.20212816 0.18064183 0.1591555 0.14665611 0.13570991 0.12476372 0.11322568 0.10057906 0.09064145 0.090087496 0.089533541
-9999 0.24894082 0.25808719 0.26660813 0.26962729 0.27264645 0.27566561 0.28125311 0.28980482 0.29835652 0.30107207 0.30361269 0.30615332 0.31131493 0.32172522 0.33213552 0.34254582 0.35199383 0.36112931 0.36867591 0.37255691 0.37643791 0.3870862 0.39892934 0.41077248 0.41868349 0.41605539 0.4134273 0.4107992 0.41298603 0.41675102 0.41725756 0.41148284 0.40570812 0.39046248 0.37450387 0.35854526 0.3438343 0.3309083 0.31824604 0.31179865 0.30535125 0.29890386 0.27706662 0.24416582 0.21126502 0.18044701 0.15896068 0.13747435 0.12497496 0.11402876 0.10212406 0.089477446 0.076830829 0.066893216 0.066339262 0.065785307
-9999 0.25849981 0.26503448 0.26805364 0.2710728 0.27409196 0.27711112 0.28269863 0.28947663 0.29201726 0.29455788 0.2970985 0.29963912 0.30480073 0.31521103 0.32562133 0.33603162 0.34644192 0.35627552 0.36382212 0.36891653 0.38075967 0.39260281 0.40444595 0.41628909 0.4242001 0.421572 0.41894391 0.41631582 0.41368772 0.41407965 0.41458619 0.40666525 0.39070664 0.37474803 0.35878942 0.34283081 0.32811985 0.31713587 0.31068848 0.30424108 0.29779369 0.2913463 0.26950906 0.23660826 0.20370746 0.17080666 0.13790586 0.1157932 0.10329381 0.091022445 0.078375829 0.065729212 0.053082596 0.043144982 0.045189389 0.061877493
-9999 0.26679583 0.26981499 0.27283415 0.27585331 0.27887247 0.28189163 0.2835942 0.28613482 0.28867544 0.29121606 0.29375669 0.29629731 0.30139436 0.31180465 0.32221495 0.33262525 0.34303554 0.35344584 0.3642894 0.37613254 0.38797568 0.39981882 0.41166196 0.4235051 0.42588106 0.42325297 0.42062487 0.41799678 0.41536868 0.41274059 0.40555923 0.38960062 0.37364201 0.3576834 0.34172479 0.32576618 0.31386459 0.3074172 0.3009698 0.29452241 0.28807501 0.28162762 0.26130808 0.22840728 0.19550648 0.16260568 0.12970488 0.096804079 0.082738769 0.070092152 0.057445535 0.044798919 0.032152302 0.023317336 0.040005441 0.056693545
-9999 0.29672912 0.29974828 0.30276744 0.3057866 0.30880576 0.3136025 0.31319023 0.30671927 0.30925989 0.31180051 0.31434113 0.31688175 0.32189928 0.33187696 0.34224791 0.35265821 0.3630685 0.3734788 0.38432236 0.3961655 0.40800864 0.41985178 0.43169492 0.43280404 0.42349291 0.39883655 0.39337715 0.39074905 0.38812096 0.38549286 0.3783115 0.36235289 0.34639428 0.33043567 0.31447706 0.30865648 0.29914586 0.28139927 0.27495187 0.26850448 0.26205709 0.25560969 0.24000049 0.21535361 0.18245281 0.14955201 0.11665121 0.083750409 0.077705297 0.070414927 0.05776831 0.045121694 0.032475077 0.021961037 0.018833983 0.033440869
-9999 0.32666241 0.32968157 0.33270073 0.33612521 0.34109359 0.34606197 0.3456497 0.33902748 0.33240526 0.33238496 0.33492558 0.3374662 0.34248373 0.3524614 0.36243908 0.37269117 0.38310146 0.39351176 0.40435532 0.41619846 0.4280416 0.43988474 0.43675472 0.43316888 0.42385775 0.39920139 0.37454503 0.36350133 0.36087323 0.35824514 0.35106378 0.33510517 0.31914656 0.30400196 0.30053376 0.29706555 0.28755493 0.26939979 0.25124464 0.24248655 0.23603916 0.22959177 0.21398256 0.19178705 0.16939914 0.13649834 0.10359754 0.070696739 0.064651627 0.063247908 0.058091085 0.045444468 0.032797852 0.022283812 0.019156758 0.016029704
-9999 0.3565957 0.35961486 0.36361631 0.36858468 0.37355306 0.37852144 0.37810917 0.37148695 0.36486473 0.35824251 0.35551003 0.35805065 0.36306818 0.37304585 0.38302352 0.3930012 0.40313442 0.41354472 0.42438829 0.43623142 0.44429124 0.4407054 0.43711956 0.43353372 0.42422259 0.39956623 0.37490986 0.3502535 0.3336255 0.33099741 0.32381605 0.30785744 0.29587924 0.29241103 0.28894282 0.28547462 0.275964 0.25780885 0.23965371 0.22149856 0.21002123 0.20357384 0.18796463 0.16576912 0.14357361 0.1213781 0.090543869 0.057643068 0.051597957 0.050194238 0.048790519 0.045767243 0.033120627 0.022606587 0.019479533 0.016352478
-9999 0.38652899 0.3911074 0.39607578 0.40104415 0.40601253 0.41098091 0.41056865 0.40394642 0.3973242 0.39070198 0.38407976 0.37863509 0.38365262 0.3936303 0.40360797 0.41358564 0.42356332 0.43357768 0.44442125 0.44824192 0.44465608 0.44107024 0.4374844 0.43389856 0.42458743 0.39993106 0.3752747 0.35061834 0.32596198 0.30374968 0.29656832 0.28775651 0.28428831 0.2808201 0.27735189 0.27388368 0.26437307 0.24621792 0.22806278 0.20990763 0.19175249 0.17755591 0.16194671 0.13975119 0.11755568 0.095360171 0.073164659 0.044589398 0.038544287 0.037140568 0.035736849 0.03433313 0.032929411 0.022929361 0.019802307 0.016675253
-9999 0.41341958 0.41838796 0.42335634 0.42832472 0.43329309 0.43826147 0.44118932 0.4345671 0.42794488 0.42132266 0.41470044 0.40807821 0.39525673 0.40172237 0.41170005 0.42167772 0.43165539 0.44163307 0.44750934 0.4439235 0.44033766 0.43675181 0.43316597 0.42958013 0.42426243 0.40121016 0.3765538 0.35189744 0.32724108 0.30258472 0.28516554 0.28169733 0.27822912 0.27476092 0.27129271 0.2678245 0.25685123 0.23869609 0.22054095 0.2023858 0.18423066 0.1661624 0.15258946 0.13039395 0.10819844 0.086002927 0.063807415 0.041611903 0.037144317 0.035740598 0.034336879 0.03293316 0.031529442 0.032249968 0.029122914 0.02599586
-9999 0.43246964 0.43743802 0.44240639 0.44737477 0.4545193 0.46587683 0.46888771 0.46226549 0.45564327 0.44902105 0.44028718 0.4235819 0.40930672 0.39989797 0.39993881 0.40991648 0.41989416 0.42987183 0.4357481 0.43216226 0.42857642 0.42499058 0.42189081 0.42244746 0.41801654 0.40021768 0.37928587 0.3546295 0.32997314 0.30531678 0.2878976 0.2844294 0.28096119 0.27749298 0.27337025 0.26700937 0.25579616 0.23764102 0.21948587 0.20133073 0.18357881 0.16652579 0.15418858 0.1452415 0.12531894 0.10312343 0.080927916 0.058732404 0.054264817 0.052861099 0.05145738 0.050053661 0.053601196 0.055870245 0.052743191 0.049616136
