mean_models/J1_mean_vp_slide_diff_300.dat.tif
NCOLS 118
NROWS 92
XLLCORNER 139.62
YLLCORNER -39.07
DX 0.099491525
DY 0.099347826
NODATA_VALUE -9999
[rows 54 to 80 of 92, columns 0 to 59 of 118]
-9999 8.5001709 8.5190667 8.5379626 8.5568585 8.5713851 8.585546 8.595365 8.6001731 8.6049811 8.6097892 8.5965537 8.5785681 8.5663883 8.5658351 8.565282 8.5602792 8.5548621 8.5494449 8.5418994 8.5294438 8.5169881 8.5045324 8.4969845 8.4916418 8.4930269 8.5124443 8.5318617 8.5412903 8.5495317 8.5577732 8.5616649 8.557172 8.552679 8.548186 8.5373918 8.5249161 8.5110279 8.495119 8.4792101 8.4633013 8.4523689 8.4418727 8.4443675 8.4562012 8.4688648 8.483616 8.4983673 8.5131186 8.5077286 8.4988577 8.4899868 8.4915259 8.5042949 8.5129114 8.5071439 8.5013764 8.4956089 8.47163 8.4444985
-9999 8.5146733 8.5335692 8.5512957 8.5654566 8.5796175 8.5937784 8.6035975 8.6084056 8.6105747 8.592589 8.5746034 8.5566178 8.544438 8.5438849 8.5433317 8.5427785 8.539247 8.5338298 8.5262843 8.5138287 8.501373 8.4959765 8.4906338 8.4852911 8.4866762 8.5060936 8.525511 8.5449283 8.5574947 8.5657361 8.5696279 8.5651349 8.5600822 8.5476065 8.5351308 8.522655 8.5087669 8.492858 8.4779151 8.4674189 8.4569227 8.4464265 8.4489213 8.460755 8.4725887 8.4845598 8.4993111 8.5140624 8.5086724 8.4998015 8.5060069 8.5187759 8.5315449 8.5401614 8.5343939 8.5271722 8.5000407 8.4729092 8.4457777
-9999 8.5291757 8.5453673 8.5595282 8.5736891 8.58785 8.6020109 8.61183 8.60661 8.5886244 8.5706388 8.5526532 8.5346675 8.5224878 8.5219346 8.5213814 8.5208283 8.5202751 8.5182147 8.5106692 8.5003112 8.4949685 8.4896258 8.4842831 8.4789404 8.4803255 8.4997429 8.5191603 8.5385776 8.557995 8.573699 8.5775908 8.5702969 8.5578212 8.5453455 8.5328697 8.520394 8.5065058 8.4929651 8.4824689 8.4719727 8.4614765 8.4509803 8.4534751 8.4653088 8.4771425 8.4889763 8.50081 8.5150062 8.5096162 8.5204879 8.5332569 8.5460259 8.558795 8.5674114 8.555583 8.5284515 8.5013199 8.4741884 8.4470569
-9999 8.5368815 8.5510424 8.5652033 8.5793642 8.5935251 8.607686 8.6073183 8.5893327 8.571347 8.5533614 8.5353758 8.5173902 8.5022917 8.5017385 8.5011853 8.5006321 8.500079 8.4995258 8.4975243 8.4921817 8.486839 8.4814963 8.4761536 8.4708109 8.4724417 8.4917306 8.5111479 8.5305653 8.5499827 8.5694001 8.5779238 8.5654481 8.5529723 8.5404966 8.5280209 8.5155451 8.5094662 8.49897 8.4884739 8.4779777 8.4674815 8.4569853 8.4575887 8.4694224 8.4812561 8.4930899 8.5049236 8.5167573 8.5276512 8.5404202 8.5531892 8.5659583 8.5787273 8.5861078 8.5598861 8.5327546 8.5056231 8.4784916 8.4513601
-9999 8.5338218 8.5479827 8.5621436 8.5763045 8.5885378 8.587201 8.5859274 8.5847266 8.5700297 8.5520441 8.5340584 8.5160728 8.5006692 8.4904364 8.4869803 8.4864272 8.485874 8.4853208 8.4833194 8.4779767 8.472634 8.4672913 8.4619486 8.4615685 8.4655403 8.4797744 8.4974605 8.5168778 8.5362952 8.5557126 8.5642363 8.5517606 8.5392849 8.5268091 8.5147739 8.5279983 8.5285874 8.5110997 8.4994352 8.488939 8.4784429 8.4679467 8.4666002 8.4720326 8.4838663 8.4957001 8.5075338 8.5193675 8.5267352 8.5353592 8.5481282 8.5608973 8.5736663 8.5810468 8.5697624 8.5473859 8.5202544 8.4931229 8.4659913
-9999 8.5307621 8.544923 8.5590839 8.5658372 8.5645005 8.5631637 8.56189 8.5606893 8.5594886 8.5507267 8.5327411 8.5147555 8.4993519 8.489119 8.4788862 8.4722222 8.471669 8.4711159 8.4691144 8.4637717 8.458429 8.4543813 8.4545242 8.4546672 8.458639 8.472873 8.487107 8.5031904 8.5226077 8.5420251 8.5505488 8.5380731 8.5255974 8.5215091 8.5347335 8.547958 8.548547 8.5310593 8.5135716 8.4999004 8.4894042 8.4789081 8.4775616 8.4827928 8.4880239 8.4983103 8.510144 8.5219777 8.5293454 8.5359411 8.5430672 8.5558363 8.5686053 8.5759858 8.5647014 8.5534169 8.5348857 8.5077541 8.4806226
-9999 8.5277024 8.5418633 8.5431367 8.5417999 8.5404631 8.5391264 8.5378527 8.536652 8.5354512 8.5342505 8.5314237 8.5134381 8.4980345 8.4878017 8.4775688 8.4673359 8.4574641 8.4569109 8.4549094 8.4495667 8.447337 8.4474799 8.4476229 8.4477658 8.4517376 8.4659716 8.4802057 8.4944397 8.5089202 8.5283376 8.5368614 8.5243856 8.5282443 8.5414687 8.5546931 8.5679176 8.5685066 8.5510189 8.5335313 8.5160436 8.5003656 8.4898694 8.488523 8.4937541 8.4989853 8.5042165 8.5127542 8.5245879 8.5319556 8.5385513 8.5451471 8.5517428 8.5635443 8.5709249 8.5596404 8.5483559 8.5370714 8.5223854 8.4952539
-9999 8.5217729 8.5204361 8.5190994 8.5177626 8.5164258 8.515089 8.5138154 8.5126147 8.5114139 8.5102132 8.5090124 8.5078117 8.4967172 8.4864843 8.4762515 8.4660186 8.4557857 8.4455528 8.4407045 8.4402927 8.4404356 8.4405786 8.4407215 8.4408645 8.4448362 8.4590703 8.4733043 8.4875383 8.5017724 8.5160064 8.5231739 8.5349794 8.5482039 8.5614283 8.5746528 8.5878772 8.5884663 8.5709786 8.5534909 8.5360032 8.5185155 8.5010278 8.4994843 8.5047155 8.5099467 8.5151778 8.520409 8.5271981 8.5345658 8.5411615 8.5477573 8.554353 8.5609488 8.5658639 8.5545794 8.5432949 8.5320104 8.520726 8.5094415
-9999 8.5262644 8.5249277 8.5235909 8.5222541 8.5209173 8.5174976 8.5108806 8.5069907 8.5057899 8.5045892 8.5033884 8.5021877 8.505482 8.5086507 8.4984179 8.488185 8.4779521 8.4677193 8.4606239 8.4607668 8.4609097 8.4610527 8.4611956 8.462093 8.4583433 8.4478795 8.4621135 8.4763475 8.4905816 8.5048156 8.5187048 8.5319292 8.5451537 8.5583781 8.5716026 8.5832451 8.5862333 8.5749703 8.5574826 8.5399949 8.5225072 8.5050195 8.4983677 8.5023719 8.5076031 8.5128342 8.5180654 8.5232965 8.518838 8.5252632 8.5318589 8.5384547 8.5450504 8.5515246 8.5513714 8.5400869 8.5288024 8.517518 8.5062335
-9999 8.5431617 8.541825 8.5404882 8.5391514 8.5339247 8.5274777 8.5208606 8.5140474 8.5081729 8.5069722 8.5057714 8.5045707 8.5078651 8.5201612 8.5307962 8.5205633 8.5103305 8.5000976 8.4930022 8.4931451 8.4932881 8.493431 8.495581 8.4995035 8.4957538 8.4714407 8.4490574 8.4632915 8.4775255 8.4917595 8.5056487 8.5188732 8.5320976 8.5453221 8.5554542 8.5637942 8.5667824 8.5621141 8.5545306 8.537043 8.5195553 8.5020676 8.4954157 8.4965536 8.4994738 8.5047049 8.5099361 8.5151672 8.5107087 8.5045756 8.5079121 8.5145079 8.5211036 8.5275778 8.533631 8.5376847 8.5264002 8.5151157 8.5038313
-9999 8.560059 8.5587223 8.5567989 8.5503518 8.5439048 8.5374577 8.5308407 8.5240275 8.5172143 8.510401 8.5081545 8.5069537 8.5102481 8.5225442 8.5348404 8.5471366 8.5427088 8.5324759 8.5253805 8.5255235 8.5256664 8.529069 8.5329914 8.5369139 8.5331642 8.5088511 8.4845381 8.4602251 8.4644694 8.4787035 8.4925926 8.5058171 8.5190415 8.5276633 8.5360033 8.5443432 8.5473314 8.5426632 8.537995 8.5333267 8.5166033 8.4991156 8.4924637 8.4936016 8.4947395 8.4965756 8.5018068 8.5070379 8.5025794 8.4964463 8.4903132 8.4905611 8.4971568 8.503631 8.5096842 8.5157374 8.5217905 8.5127135 8.501429
-9999 8.5769563 8.573226 8.5667789 8.5603318 8.5538848 8.5474377 8.5408207 8.5340075 8.5271943 8.5203811 8.5135679 8.5093367 8.5126311 8.5249273 8.5372234 8.5495196 8.5618157 8.5648543 8.5577589 8.5586345 8.5625569 8.5664794 8.5704018 8.5743243 8.5705746 8.5462616 8.5219485 8.4976355 8.4733225 8.4656474 8.4795366 8.4915325 8.4998724 8.5082124 8.5165523 8.5248922 8.5278804 8.5232122 8.518544 8.5138758 8.5092076 8.4961637 8.4895118 8.4906497 8.4917875 8.4929254 8.4940633 8.4989086 8.4944501 8.488317 8.4821839 8.4760508 8.47321 8.4796842 8.4857374 8.4917906 8.4978437 8.5038969 8.4990268
-9999 8.5849811 8.5785341 8.572087 8.56564 8.5591929 8.5527459 8.5495473 8.5427341 8.5359209 8.5291077 8.5222945 8.5154812 8.509768 8.5220641 8.5343603 8.5466564 8.5589526 8.5712488 8.5810128 8.5849353 8.5888577 8.5927802 8.5967027 8.6006251 8.6008467 8.5765336 8.5522206 8.5279076 8.5035945 8.4792815 8.4661217 8.4744616 8.4828015 8.4911414 8.4994813 8.5078213 8.51586 8.5111918 8.5065236 8.5018554 8.4971872 8.4925189 8.4878109 8.4889488 8.4900867 8.4912245 8.4923624 8.4935003 8.4884386 8.4823055 8.4761724 8.4700392 8.4639061 8.4617955 8.4678487 8.4739019 8.479955 8.4860082 8.4920614
-9999 8.5670517 8.5606046 8.5541576 8.5477105 8.5419335 8.5505733 8.5520394 8.5452262 8.538413 8.5315998 8.5247865 8.5149123 8.5054959 8.4975791 8.5054035 8.5176996 8.5299958 8.542292 8.552056 8.5559785 8.5599009 8.5638234 8.5677458 8.5694622 8.5694291 8.5659528 8.5469876 8.5226746 8.4983616 8.4740485 8.4608887 8.4692286 8.4775685 8.4859084 8.4942484 8.524246 8.5407983 8.5361301 8.5314619 8.5267937 8.5207895 8.5002632 8.4923375 8.4934707 8.4946085 8.4957464 8.4968843 8.4980221 8.4929605 8.4868273 8.4806942 8.4745611 8.4726203 8.4740389 8.4800921 8.4861453 8.4921985 8.4982143 8.5034579
-9999 8.5491223 8.5426752 8.5362282 8.5357858 8.5444256 8.5530654 8.5545315 8.5477183 8.540905 8.5331974 8.5230323 8.5128673 8.5034509 8.4955341 8.4876172 8.4887428 8.501039 8.5133352 8.5230992 8.5270217 8.5309441 8.5344462 8.5356978 8.5369494 8.5369163 8.53344 8.5299637 8.5174416 8.4931286 8.4688156 8.4556557 8.4639956 8.4723355 8.4864139 8.5177991 8.5491843 8.5657366 8.5610684 8.5564002 8.5458443 8.525318 8.5047917 8.496866 8.4979986 8.4991312 8.5002683 8.5014061 8.502544 8.4974823 8.4913492 8.4852161 8.4847831 8.4848637 8.4862823 8.4923355 8.4983887 8.5042081 8.5094517 8.5146952
-9999 8.5311929 8.5247458 8.5296381 8.5382779 8.5469177 8.5555574 8.5570236 8.5502103 8.5413175 8.5311524 8.5209873 8.5108222 8.5014059 8.493489 8.4855722 8.4776553 8.4720822 8.4843784 8.4941424 8.4980649 8.5006818 8.5019334 8.503185 8.5044366 8.5044035 8.5009272 8.4974509 8.4939746 8.4878956 8.4635826 8.4504227 8.4587626 8.479967 8.5113522 8.5427374 8.5741226 8.5906749 8.5860067 8.5708991 8.5503728 8.5298465 8.5093202 8.5013945 8.5025271 8.5036597 8.5047924 8.505928 8.5070659 8.5020042 8.4968651 8.4969458 8.4970265 8.4971071 8.4985257 8.5045789 8.5102019 8.5154455 8.520689 8.5259326
-9999 8.5148506 8.5234904 8.5321302 8.54077 8.5494097 8.5580495 8.5595156 8.5494376 8.5392725 8.5291074 8.5189423 8.5087772 8.4993609 8.491444 8.4835271 8.4756103 8.4676934 8.4597765 8.4651856 8.4669174 8.468169 8.4694206 8.4706722 8.4719238 8.4718907 8.4684144 8.4649381 8.4614618 8.4579855 8.4545092 8.4451897 8.4735201 8.5049053 8.5362905 8.5676757 8.5990609 8.6156132 8.5959539 8.5754276 8.5549013 8.534375 8.5138487 8.505923 8.5070556 8.5081882 8.5093209 8.5104535 8.5115878 8.5090279 8.5091086 8.5091892 8.5092699 8.5093505 8.5107692 8.5161957 8.5214392 8.5266828 8.5319264 8.5371699
-9999 8.5150951 8.5237349 8.5323746 8.5410144 8.5496542 8.5519627 8.5525577 8.5518233 8.5416582 8.5314931 8.521328 8.5111629 8.5034355 8.4982343 8.4903174 8.4824006 8.4744837 8.4665668 8.4614224 8.462674 8.4639256 8.4651772 8.4664288 8.4672926 8.467183 8.467858 8.4643817 8.4609054 8.4574291 8.4539528 8.462384 8.4937692 8.5251544 8.5565396 8.5879248 8.610603 8.6157833 8.6103019 8.5897756 8.5692493 8.548723 8.5281967 8.5168633 8.5165705 8.5177032 8.5188358 8.5199684 8.5211011 8.5153146 8.5153953 8.5154759 8.5155566 8.5156372 8.5183728 8.5275399 8.5327835 8.538027 8.5432706 8.5485141
-9999 8.5140635 8.5227032 8.531343 8.5399828 8.5352832 8.5256901 8.5262852 8.5386386 8.5465594 8.5363943 8.5262292 8.5160641 8.5083368 8.5054912 8.502124 8.4942072 8.4862903 8.4783734 8.4732289 8.4744806 8.4757322 8.4769838 8.4768477 8.4753346 8.475225 8.4788772 8.4819685 8.4784922 8.4750159 8.4715396 8.4799708 8.511356 8.5427412 8.5741264 8.5856875 8.5842763 8.5894566 8.6040671 8.6096987 8.5891724 8.5686461 8.5481198 8.5367864 8.5320616 8.5300492 8.5311818 8.5323144 8.5334471 8.5273486 8.5200005 8.5183807 8.5184614 8.518542 8.5212776 8.5332095 8.5441884 8.5494319 8.5546755 8.559919
-9999 8.5130318 8.5216716 8.5281969 8.5186038 8.5090107 8.4994176 8.5000126 8.512366 8.5247195 8.5370729 8.5311305 8.5209654 8.513238 8.5103924 8.5075468 8.5047011 8.4980969 8.49018 8.4850355 8.4862871 8.4875387 8.4864027 8.4848896 8.4833765 8.483267 8.4869191 8.4905713 8.4942235 8.4926027 8.4891264 8.4975577 8.5289428 8.560328 8.5607721 8.5593608 8.5579496 8.5631299 8.5777404 8.5923509 8.6069614 8.5885692 8.5680429 8.5567094 8.5519846 8.5472598 8.5435278 8.5446604 8.5457931 8.5396946 8.5323465 8.5249983 8.5213662 8.5214468 8.5241824 8.5361143 8.5480462 8.559978 8.5660804 8.5713239
-9999 8.5120002 8.5115175 8.5019244 8.4923313 8.4827382 8.4731451 8.4737401 8.4860935 8.4984469 8.5108004 8.5231538 8.5258666 8.5181393 8.5152936 8.512448 8.5096024 8.5067568 8.5019866 8.4968421 8.4974709 8.4959578 8.4944447 8.4929316 8.4914185 8.4913089 8.4949611 8.4986133 8.5022655 8.5059177 8.5067132 8.5151445 8.5372679 8.5358566 8.5344454 8.5330341 8.5316228 8.5368032 8.5514137 8.5660242 8.5806347 8.5952452 8.587966 8.5766325 8.5719077 8.5671829 8.5624581 8.5577333 8.5581391 8.5520406 8.5446925 8.5373443 8.5299961 8.5243516 8.5270872 8.5390191 8.550951 8.5628828 8.5748147 8.5827289
-9999 8.5044882 8.4948951 8.485302 8.4757089 8.4661158 8.4565227 8.4486092 8.4609626 8.4733161 8.4856695 8.4980229 8.5103763 8.5222175 8.5193718 8.5165262 8.5136806 8.510835 8.5079893 8.5055467 8.5040336 8.5025205 8.5010074 8.4994943 8.4979812 8.5010618 8.5047092 8.5083614 8.5120135 8.5156657 8.5193179 8.5212406 8.5198293 8.5184181 8.5170068 8.5155955 8.5141843 8.5116179 8.5262284 8.540839 8.5554495 8.57006 8.5846705 8.5888661 8.5841413 8.5794165 8.5746917 8.5699669 8.5652421 8.5644928 8.5571447 8.5497965 8.5424484 8.5351002 8.5294461 8.540891 8.5528229 8.5647547 8.5766866 8.5886185
-9999 8.5243948 8.5148017 8.5052086 8.4956155 8.4854035 8.4713222 8.4579426 8.4453729 8.4525068 8.4648602 8.4772136 8.489567 8.5021836 8.5153273 8.517489 8.5146434 8.5117977 8.5089521 8.5065094 8.5049963 8.5034832 8.5019701 8.500457 8.5097579 8.5180661 8.5211222 8.5245675 8.5282197 8.5318718 8.535524 8.5374467 8.5360354 8.5346242 8.5332129 8.5319327 8.5348616 8.5291935 8.511226 8.5199748 8.5345853 8.5491958 8.5638063 8.5689626 8.5672673 8.5625425 8.5578177 8.5530929 8.5483681 8.5613512 8.5699989 8.5626508 8.5553026 8.5479544 8.5423003 8.5425143 8.5507849 8.5627167 8.5746486 8.5865805
-9999 8.5443014 8.5347083 8.5251152 8.5131781 8.4990968 8.4850155 8.4716359 8.4590662 8.4464965 8.4440509 8.4564043 8.4687577 8.4813743 8.494518 8.5076616 8.5156061 8.5127605 8.5099149 8.5074722 8.5059591 8.504446 8.5062268 8.5164945 8.5267622 8.5350704 8.5381265 8.5411825 8.5444258 8.5480779 8.5517301 8.5536528 8.5522415 8.5508303 8.5510213 8.5539502 8.5568791 8.551211 8.5332435 8.515276 8.5137211 8.5283316 8.5429421 8.5480984 8.5464582 8.544818 8.5409437 8.5362189 8.5314941 8.5444772 8.5605207 8.575505 8.5681569 8.5608087 8.5551546 8.5553685 8.5555824 8.5606788 8.5726106 8.5845425
-9999 8.564208 8.5546149 8.5409527 8.5268714 8.5127901 8.4987088 8.4853292 8.4727595 8.4601898 8.4476201 8.435595 8.4479484 8.460565 8.4737087 8.4868523 8.499996 8.5131397 8.5108777 8.508435 8.5069219 8.5129634 8.5232311 8.5334988 8.5437665 8.5520747 8.5551307 8.5581868 8.5612429 8.564299 8.5679362 8.5698589 8.5684477 8.5701098 8.5730388 8.5759677 8.5788966 8.5732285 8.555261 8.5372935 8.519326 8.5074674 8.5220779 8.5272342 8.525594 8.5239538 8.5223136 8.5193449 8.5146201 8.5276032 8.5436467 8.5596903 8.5757338 8.573663 8.5680089 8.5682228 8.5684367 8.5686506 8.5705727 8.5825045
-9999 8.5828087 8.5687273 8.554646 8.5405647 8.5264834 8.5124021 8.4990225 8.4864528 8.4738831 8.4613134 8.4487437 8.436174 8.4397557 8.4528994 8.466043 8.4791867 8.4923304 8.505474 8.5094323 8.5197 8.5299677 8.5402354 8.5505031 8.5607708 8.5690789 8.572135 8.5751911 8.5782472 8.5813032 8.5843593 8.5862695 8.5891984 8.5921274 8.5950563 8.5979852 8.6009141 8.595246 8.5772785 8.559311 8.5413436 8.5233761 8.5054086 8.5063701 8.5047298 8.5030896 8.5014494 8.4998092 8.497746 8.5107292 8.5267727 8.5428163 8.5588598 8.5749033 8.5808631 8.581077 8.5812909 8.5815048 8.5817187 8.5819326
-9999 8.5589769 8.5448956 8.5308142 8.5167329 8.5026516 8.509795 8.5172377 8.5058361 8.4932664 8.4806967 8.468127 8.4555573 8.4470927 8.4501437 8.4632873 8.476431 8.4895747 8.5027183 8.5149923 8.52526 8.5355277 8.5457954 8.5560631 8.5587339 8.5579312 8.5795143 8.5825703 8.5856264 8.5886825 8.5917386 8.5947512 8.5976802 8.6006091 8.603538 8.6064669 8.6069904 8.604561 8.5962072 8.5782398 8.5602723 8.5423048 8.5243373 8.5091291 8.5022667 8.5006265 8.4989863 8.497346 8.4957058 8.5080165 8.5238461 8.5398896 8.5559332 8.5719767 8.5809393 8.5686807 8.5688946 8.5691085 8.5693224 8.5695363
