mean_models/J1_mean_vp_slide_diff_140.dat.tif
NCOLS 118
NROWS 92
XLLCORNER 139.62
YLLCORNER -39.07
DX 0.099491525
DY 0.099347826
NODATA_VALUE -9999
[rows 0 to 26 of 92, columns 0 to 59 of 118]
-9999 -9999 -9999 -9999 -9999 -9999 -9999 -9999 -9999 -9999 -9999 -9999 -9999 -9999 -9999 -9999 -9999 -9999 -9999 -9999 -9999 -9999 -9999 -9999 -9999 -9999 -9999 -9999 -9999 -9999 -9999 -9999 -9999 -9999 -9999 -9999 -9999 -9999 -9999 -9999 -9999 -9999 -9999 -9999 -9999 -9999 -9999 -9999 -9999 -9999 -9999 -9999 -9999 -9999 -9999 -9999 -9999 -9999 -9999 -9999
-9999 8.2081788 8.2077058 8.2072329 8.2067599 8.2062869 8.2052575 8.2055253 8.2068087 8.2068771 8.2069454 8.2070137 8.2070821 8.2080912 8.2105314 8.2124521 8.2143728 8.2162934 8.2182141 8.2204235 8.223299 8.2261745 8.2290499 8.2319254 8.2341044 8.2316879 8.2273208 8.2212818 8.2152429 8.2092039 8.2031649 8.2008228 8.205607 8.2103912 8.2151754 8.2199596 8.2231332 8.2246059 8.2281164 8.2301763 8.2322361 8.2342959 8.2363557 8.230921 8.2243041 8.2190302 8.2137562 8.2084823 8.2032084 8.1964274 8.1874075 8.1783875 8.1693675 8.1603475 8.1549542 8.1592333 8.1594334 8.1596334 8.1598335 8.1600335
-9999 8.2043407 8.2038677 8.2033947 8.2029217 8.2014596 8.199378 8.1996458 8.2026251 8.2046916 8.20476 8.2048283 8.2048966 8.2059058 8.208799 8.2114805 8.2134012 8.2153219 8.2172426 8.219452 8.2223275 8.2252029 8.2280784 8.229013 8.2268744 8.2244579 8.2212964 8.2175836 8.2115446 8.2055057 8.1994667 8.1971246 8.2019088 8.206693 8.2114771 8.2132643 8.2119512 8.2134239 8.2188822 8.2230948 8.2251546 8.2272145 8.2292743 8.2238396 8.2130172 8.2053694 8.2000955 8.1948216 8.1895476 8.1828569 8.1759213 8.167155 8.158135 8.149115 8.1437217 8.1508904 8.1563192 8.1565193 8.1567193 8.1569194
-9999 8.2005026 8.2000296 8.1995566 8.1976618 8.1955801 8.1934984 8.1937662 8.1967456 8.199725 8.2025745 8.2026429 8.2027112 8.2037204 8.2066136 8.2095068 8.2124 8.2143504 8.216271 8.2184804 8.2213559 8.2242314 8.2239215 8.2217829 8.2196443 8.2172278 8.2140664 8.2109049 8.2077434 8.2018074 8.1957685 8.1934263 8.1982105 8.2029947 8.2033954 8.2020823 8.2007692 8.2022419 8.2077002 8.2131585 8.2180732 8.220133 8.2221929 8.2167582 8.2059357 8.1951133 8.1864348 8.1811608 8.1758869 8.1691961 8.1622605 8.1553249 8.1469025 8.1378825 8.1324891 8.1396579 8.1468266 8.1534051 8.1536052 8.1538052
-9999 8.1966644 8.1959455 8.1938639 8.1917822 8.1897006 8.1876189 8.1878867 8.1908661 8.1938454 8.1968248 8.1998042 8.2005258 8.2015349 8.2044281 8.2073213 8.2102146 8.2131078 8.2152995 8.2175089 8.2203844 8.21883 8.2166914 8.2145529 8.2124143 8.2099978 8.2068363 8.2036749 8.2005134 8.1973519 8.1920703 8.1897281 8.1945123 8.1935265 8.1922134 8.1909003 8.1895872 8.1910599 8.1965182 8.2019765 8.2074348 8.2128931 8.2151114 8.2096767 8.1988543 8.1880319 8.1772095 8.1675001 8.1622262 8.1555354 8.1485998 8.1416642 8.1347285 8.12665 8.1212566 8.1284253 8.1355941 8.1427628 8.1499315 8.1506911
-9999 8.1921477 8.190066 8.1879844 8.1859027 8.183821 8.1817394 8.1820072 8.1849866 8.1879659 8.1909453 8.1939246 8.196904 8.1993495 8.2022427 8.2051359 8.2080291 8.2109223 8.2138155 8.2158771 8.2137385 8.2116 8.2094614 8.2073228 8.2051843 8.2027678 8.1996063 8.1964448 8.1932833 8.1901219 8.1869604 8.1849707 8.1836576 8.1823445 8.1810314 8.1797183 8.1784052 8.1798779 8.1853362 8.1907945 8.1962528 8.2017111 8.2071694 8.2025953 8.1917729 8.1809505 8.1701281 8.1593057 8.1485654 8.1418747 8.134939 8.1280034 8.1210678 8.1141322 8.1100241 8.1171928 8.1243616 8.1315303 8.138699 8.1458677
-9999 8.1903933 8.1883116 8.18623 8.1841483 8.1820667 8.1801228 8.1805172 8.1834966 8.1864759 8.1894553 8.1924346 8.195226 8.1973713 8.1990487 8.2019419 8.2048352 8.2077284 8.2106216 8.2119933 8.2098547 8.2077161 8.2055775 8.203439 8.2009985 8.1994564 8.2006643 8.1975028 8.1943413 8.1911799 8.1880184 8.1854882 8.1841751 8.182862 8.1815489 8.1802358 8.1758625 8.1736854 8.1791437 8.184602 8.1900604 8.1955187 8.1977516 8.1988923 8.1938425 8.1830201 8.1721977 8.1613753 8.1505529 8.1430445 8.1361089 8.1291733 8.1222377 8.1168682 8.1179328 8.1251015 8.1322702 8.1394389 8.1466076 8.1495366
-9999 8.1892924 8.1872108 8.1851291 8.1830475 8.1811735 8.1793282 8.1797226 8.182702 8.1856813 8.1886607 8.1913288 8.1938919 8.1960373 8.1973461 8.1986549 8.2014814 8.2043746 8.2072679 8.2086395 8.206501 8.2043624 8.2022238 8.1995605 8.1966107 8.1950686 8.197299 8.1995295 8.1967124 8.1935509 8.1903894 8.1878593 8.1865462 8.185233 8.1839199 8.1779747 8.1704605 8.1682834 8.1737417 8.1792001 8.1846584 8.1857307 8.1861923 8.187333 8.1889619 8.1865396 8.1757172 8.1648948 8.1540724 8.146564 8.1396284 8.1326927 8.1285071 8.1278094 8.1288739 8.1360426 8.1432114 8.1503801 8.1520164 8.1523737
-9999 8.1881916 8.1861099 8.1840696 8.1822243 8.180379 8.1785336 8.178928 8.1819074 8.1848685 8.1874317 8.1899948 8.1925579 8.1947033 8.1960121 8.1973209 8.1986297 8.2010209 8.2039141 8.2052858 8.2031472 8.2010087 8.1981225 8.1951727 8.192223 8.1906808 8.1929112 8.1951417 8.1973722 8.1959219 8.1927604 8.1902303 8.1889172 8.187601 8.1800868 8.1725727 8.1650585 8.1628815 8.1683398 8.1732483 8.1737099 8.1741715 8.1746331 8.1757738 8.1774027 8.1790315 8.1792366 8.1684142 8.1575918 8.1500834 8.1431478 8.1401459 8.1394482 8.1387505 8.1398151 8.1469838 8.154139 8.1544962 8.1548535 8.1552108
-9999 8.1870907 8.1851204 8.183275 8.1814297 8.1795844 8.1777391 8.1781335 8.1809714 8.1835345 8.1860977 8.1886608 8.1912239 8.1933693 8.1946781 8.1959869 8.1972957 8.1986045 8.2005604 8.2019321 8.1996342 8.1966844 8.1937347 8.1907849 8.1878352 8.186293 8.1885234 8.1907539 8.1929844 8.1952148 8.1951315 8.1926013 8.1897131 8.182199 8.1746848 8.1671707 8.1596566 8.1574795 8.1612275 8.1616891 8.1621507 8.1626123 8.1630739 8.1642146 8.1658435 8.1674723 8.1691012 8.1707301 8.1611113 8.1536029 8.1517847 8.151087 8.1503894 8.1496917 8.1507562 8.1566188 8.1569761 8.1573334 8.1576906 8.1580479
-9999 8.1865134 8.1846681 8.1828227 8.1809774 8.1791321 8.1772868 8.1777117 8.1802749 8.182838 8.1854011 8.1879643 8.1905274 8.1923023 8.1936111 8.1949199 8.1962287 8.1975375 8.1988463 8.1988674 8.1959177 8.1929679 8.1900182 8.1870684 8.1841186 8.1816566 8.183887 8.1861175 8.188348 8.1905784 8.1928089 8.1917109 8.1841968 8.1766826 8.1691685 8.1616544 8.1541402 8.1505081 8.1509697 8.1514313 8.1518929 8.1523545 8.1528162 8.1546457 8.1562746 8.1579035 8.1595323 8.1611612 8.1627901 8.1624352 8.1617375 8.1610399 8.1603422 8.1596445 8.1578795 8.1582367 8.158594 8.1589513 8.1593086 8.1596659
-9999 8.1883043 8.186459 8.1846137 8.1827684 8.180923 8.1802782 8.1811931 8.1837562 8.1863193 8.1888824 8.1914456 8.1936326 8.1948708 8.1944342 8.1956027 8.1969115 8.1982203 8.1995292 8.1995502 8.1966005 8.1936507 8.190701 8.1877512 8.1848931 8.1818732 8.1783063 8.1798518 8.1820822 8.1843127 8.1865432 8.1854452 8.177931 8.1704169 8.1629028 8.1553886 8.1508368 8.1487799 8.1492415 8.1497031 8.1501647 8.1506263 8.1545476 8.1576073 8.1597501 8.161379 8.1630079 8.1646367 8.1662656 8.1659108 8.1652131 8.1645154 8.1638177 8.1585281 8.1515073 8.1518646 8.1522219 8.1525792 8.1529365 8.1556552
-9999 8.1900953 8.18825 8.1864046 8.1847861 8.1842728 8.1837595 8.1846744 8.1872375 8.1898006 8.1923447 8.1944193 8.196494 8.1977322 8.1972956 8.196859 8.1975943 8.1989032 8.200212 8.200233 8.1972833 8.1943335 8.1913838 8.1885589 8.185743 8.182723 8.1791561 8.1755893 8.1758165 8.1780469 8.1802774 8.1791794 8.1716653 8.1641512 8.1567431 8.1529258 8.1491085 8.1470516 8.1475132 8.1479749 8.1490009 8.1531116 8.1572223 8.1602821 8.1625863 8.1648545 8.1664834 8.1681122 8.1697411 8.1693863 8.1686886 8.1679909 8.1613067 8.152156 8.1451352 8.1454925 8.1458498 8.1464125 8.1493518 8.1522911
-9999 8.1918862 8.1900409 8.1887807 8.1882674 8.1877541 8.1872408 8.1881557 8.1907188 8.1931315 8.1952061 8.1972808 8.1993554 8.2005937 8.2001571 8.1997205 8.1992839 8.199586 8.2008948 8.2009159 8.1979661 8.1950406 8.1922247 8.1894088 8.1865928 8.1835728 8.180006 8.1764391 8.1728723 8.1717812 8.1740117 8.1729137 8.1653996 8.1588321 8.1550148 8.1511976 8.1473803 8.1453234 8.145785 8.1475649 8.1516756 8.1557864 8.1598971 8.1629568 8.165261 8.1675652 8.1698694 8.1715878 8.1732166 8.1728618 8.1721641 8.1640853 8.1549346 8.1457838 8.1387631 8.1391204 8.1401091 8.1430484 8.1459876 8.1489269
-9999 8.1936772 8.1927752 8.192262 8.1917487 8.1912354 8.1907221 8.191637 8.1939183 8.1959929 8.1980675 8.2001422 8.2022168 8.2034551 8.2030185 8.2025819 8.2021453 8.2017087 8.2015776 8.2015987 8.1987064 8.1958905 8.1930745 8.1902586 8.1874426 8.1844227 8.1808558 8.177289 8.1737221 8.1701552 8.1677459 8.166648 8.1609211 8.1571039 8.1532866 8.1494693 8.145652 8.1435952 8.1461289 8.1502397 8.1543504 8.1584611 8.1625718 8.1656315 8.1679357 8.1702399 8.1725441 8.1748483 8.1766922 8.1760146 8.1668639 8.1577132 8.1485624 8.1394117 8.132391 8.1338057 8.136745 8.1396842 8.1426235 8.1455627
-9999 8.1966796 8.1961663 8.1956531 8.1951398 8.1946265 8.1941132 8.1949331 8.1970077 8.1990824 8.201157 8.2032317 8.2053063 8.2062595 8.2057797 8.2053431 8.2049065 8.2044699 8.2040333 8.2028772 8.2000613 8.1972453 8.1944294 8.1916134 8.1887975 8.1828705 8.1780748 8.1745079 8.1709411 8.1673742 8.1638074 8.160155 8.1563377 8.1525204 8.1487032 8.1448859 8.1410686 8.1397989 8.1439097 8.1480204 8.1521311 8.1562418 8.1603525 8.1639229 8.1662271 8.1685313 8.1708355 8.1731396 8.1754438 8.1684241 8.1592733 8.1501226 8.1409719 8.1318211 8.1274063 8.131558 8.1344972 8.1374365 8.1403757 8.143315
-9999 8.1998611 8.1993478 8.1988345 8.1983212 8.1980321 8.1990117 8.1999635 8.2008832 8.2027018 8.2047765 8.2068511 8.2089257 8.2098789 8.2085864 8.2078714 8.2074348 8.2069982 8.2065616 8.2054055 8.2025896 8.1997736 8.1969577 8.1941417 8.1919562 8.1862629 8.1710405 8.1632901 8.1597232 8.1561564 8.1525895 8.1489371 8.1451199 8.1413026 8.1374853 8.1340344 8.1389264 8.1390597 8.132385 8.1344292 8.1385399 8.1426506 8.1467613 8.1506364 8.154333 8.1566372 8.1589414 8.1612456 8.1635498 8.1571421 8.1488515 8.1397008 8.1305501 8.1213993 8.1169845 8.1289745 8.1348437 8.1377829 8.1407222 8.1436615
-9999 8.2030425 8.2025292 8.202016 8.2021687 8.2031483 8.2041279 8.2050797 8.2059994 8.2069192 8.2083959 8.2104705 8.2125452 8.2134984 8.2122058 8.2109133 8.2099631 8.2095265 8.2090899 8.2079338 8.2051179 8.2023019 8.1996248 8.1974867 8.1953486 8.1896553 8.1744329 8.1592105 8.1485054 8.1449385 8.1413717 8.1377193 8.133902 8.1300847 8.1288417 8.1337336 8.1386256 8.1387589 8.1320842 8.1254095 8.1249487 8.1290594 8.1331701 8.1370452 8.1407508 8.1444564 8.1470474 8.1493515 8.1516557 8.1452481 8.1373348 8.129279 8.1201283 8.1109775 8.1065627 8.1185527 8.1305427 8.1381294 8.1410686 8.1440079
-9999 8.206224 8.2057107 8.2063054 8.2072849 8.2082645 8.2092441 8.2101959 8.2111156 8.2120354 8.2129551 8.21409 8.2161646 8.2171178 8.2158252 8.2145327 8.2132401 8.2120548 8.2116182 8.2104621 8.2076462 8.2051553 8.2030172 8.2008791 8.198741 8.1930477 8.1778253 8.1626029 8.1473806 8.1337207 8.1301538 8.1265014 8.1226842 8.1236489 8.1285409 8.1334328 8.1383248 8.1384581 8.1317834 8.1251087 8.118434 8.1154682 8.1195789 8.123454 8.1271596 8.1308652 8.1345708 8.1374575 8.1397617 8.133354 8.1254407 8.1175274 8.1096141 8.1005557 8.0961409 8.1081309 8.1201209 8.1321109 8.1414151 8.1443544
-9999 8.2094624 8.210442 8.2114216 8.2124011 8.2133807 8.2143603 8.2153121 8.2162318 8.2171516 8.2180713 8.218991 8.2199107 8.2207372 8.2194447 8.2181521 8.2168596 8.215567 8.2142744 8.2129904 8.2106857 8.2085477 8.2064096 8.2042715 8.2021335 8.1964401 8.1812177 8.1659954 8.150773 8.1355506 8.1203282 8.1152836 8.1184562 8.1233482 8.1282401 8.1331321 8.138024 8.1381573 8.1314826 8.1248079 8.1181332 8.1114586 8.1059877 8.1098627 8.1135684 8.117274 8.1209796 8.1246852 8.1278676 8.12146 8.1135467 8.1056334 8.0977201 8.0898067 8.0857191 8.0977091 8.1096991 8.1216891 8.133679 8.1447008
-9999 8.2101495 8.2111291 8.2121087 8.2130882 8.2140678 8.2159368 8.2192362 8.2201559 8.2210756 8.2219954 8.2229151 8.2236769 8.22232 8.2209411 8.2196485 8.2183559 8.2170634 8.2157708 8.2142226 8.2120845 8.2099464 8.2078084 8.2056703 8.2035322 8.1955491 8.1838726 8.1686503 8.1534279 8.1382055 8.1229831 8.1146312 8.1195231 8.1244151 8.129307 8.1341989 8.1384452 8.1355607 8.128886 8.1222113 8.1155366 8.1088619 8.1028959 8.102707 8.1063015 8.1100071 8.1137127 8.1174183 8.121124 8.1149228 8.1070095 8.0990962 8.0911829 8.0832696 8.0817171 8.093707 8.105697 8.117687 8.129677 8.1377613
-9999 8.2074956 8.2084752 8.2094548 8.2104344 8.2136003 8.2189616 8.222261 8.2231807 8.2241005 8.2250202 8.225131 8.2238515 8.2224946 8.2209826 8.2195435 8.2182509 8.2169583 8.2156658 8.2141175 8.2119795 8.2098414 8.2077033 8.2038868 8.1956032 8.18761 8.1803953 8.1707488 8.1555264 8.1403041 8.1250817 8.1167297 8.1216217 8.1265136 8.1314056 8.134352 8.1341168 8.1312323 8.1245576 8.1178829 8.1112082 8.1058214 8.1016403 8.1014515 8.1041325 8.1075107 8.1112163 8.1149219 8.1186276 8.1124264 8.1045131 8.0965998 8.0889445 8.0838358 8.0825575 8.0945475 8.1065375 8.1185274 8.1239029 8.1216177
-9999 8.2048418 8.2058214 8.2068009 8.2112638 8.2166251 8.2219864 8.2252858 8.2262055 8.2271253 8.2265852 8.2253056 8.2240261 8.2226692 8.2211572 8.2196453 8.2181458 8.2168533 8.2155607 8.2140125 8.2118744 8.2097363 8.2042313 8.1959477 8.187664 8.1796708 8.1724562 8.1652415 8.157625 8.1424026 8.1271803 8.1188283 8.1237202 8.1286122 8.1302589 8.1300236 8.1297884 8.1269039 8.1202292 8.1135545 8.1087468 8.1045658 8.1003847 8.1001959 8.1028769 8.1055579 8.1087199 8.1124256 8.1161312 8.10993 8.1020167 8.0948936 8.0897849 8.0846762 8.0833979 8.0953879 8.1073779 8.1100444 8.1077593 8.1054742
-9999 8.2021879 8.2035661 8.2089274 8.2142887 8.21965 8.2250112 8.2283106 8.2292304 8.2280393 8.2267598 8.2254802 8.2242007 8.2228438 8.2213318 8.2198199 8.218308 8.216796 8.2154557 8.2139074 8.2117694 8.2045758 8.1962922 8.1880085 8.1797248 8.1717317 8.164517 8.1573024 8.1500877 8.142873 8.1292788 8.1209268 8.1258188 8.1261657 8.1259305 8.1256952 8.12546 8.1225755 8.1159008 8.1116723 8.1074912 8.1033102 8.0991292 8.0989403 8.1016213 8.1043023 8.1069834 8.1099292 8.1136348 8.1074337 8.1008428 8.0957341 8.0906254 8.0855166 8.0842384 8.0962284 8.0961859 8.0939008 8.0916157 8.0893306
-9999 8.2012296 8.2065909 8.2119522 8.2173135 8.2226748 8.2280361 8.2307729 8.2294934 8.2282139 8.2269344 8.2256548 8.2243753 8.2230184 8.2215064 8.2199945 8.2184825 8.2169706 8.2154587 8.213204 8.2049203 8.1966367 8.188353 8.1800694 8.1717857 8.1637925 8.1565778 8.1493632 8.1421485 8.1349339 8.1277192 8.1223078 8.1220726 8.1218373 8.1216021 8.1213668 8.1211316 8.1187788 8.1145978 8.1104167 8.1062357 8.1020546 8.0978736 8.0976847 8.1003657 8.1030468 8.1057278 8.1084088 8.1111384 8.1067919 8.1016832 8.0965745 8.0914658 8.0863571 8.0846125 8.0823274 8.0800423 8.0777572 8.0754721 8.073187
-9999 8.1955982 8.2009595 8.2063208 8.2116821 8.2170434 8.2257009 8.2328523 8.2338184 8.2325389 8.2312593 8.2299798 8.2287003 8.2265717 8.2233529 8.2218409 8.220329 8.218817 8.2173051 8.2137455 8.2054618 8.1971782 8.1888945 8.1806108 8.1732509 8.163808 8.1467744 8.1395597 8.1323451 8.1251304 8.1179158 8.1130851 8.1128498 8.1126146 8.1123794 8.1121441 8.1116598 8.1116416 8.1107247 8.1065437 8.1023626 8.0981816 8.0940005 8.0904873 8.0906857 8.0933668 8.0960478 8.0987288 8.1014099 8.1062672 8.1026661 8.0975574 8.0924487 8.08734 8.0835144 8.0834782 8.0811931 8.078908 8.0766229 8.0743377
-9999 8.1883078 8.1936691 8.1990303 8.2043916 8.2148173 8.2261524 8.2333038 8.2356269 8.2376593 8.2363798 8.2351002 8.2338207 8.2316921 8.2278632 8.2240342 8.2224958 8.2209839 8.2194719 8.2159123 8.2076287 8.199345 8.1910613 8.1844446 8.1788661 8.1694233 8.1496231 8.129823 8.1221843 8.1149697 8.107755 8.1029243 8.1026891 8.1024538 8.1022186 8.101598 8.1008252 8.1008069 8.1018682 8.102169 8.0979879 8.0938069 8.0896258 8.0861126 8.0830796 8.0820722 8.0847532 8.0874343 8.0901153 8.0949726 8.100206 8.0985676 8.0934589 8.0883501 8.0845246 8.0851435 8.0856584 8.0833733 8.0810882 8.0788031
