mean_models/J1_mean_tot_conduct_slide_148.39.dat.tif
NCOLS 118
NROWS 92
XLLCORNER 139.62
YLLCORNER -39.07
DX 0.099491525
DY 0.099347826
NODATA_VALUE -9999
[rows 25 to 49 of 92, columns 0 to 57 of 118]
-2.4347354 -2.4814327 -2.5157776 -2.542021 -2.5684301 -2.5975306 -2.6252539 -2.656175 -2.6940765 -2.7379234 -2.7926437 -2.8507793 -2.913556 -2.9732509 -3.0372081 -3.105403 -3.1642331 -3.2245467 -3.2696195 -3.320289 -3.3526729 -3.3735754 -3.3421483 -3.3071949 -3.3007453 -3.2976097 -3.2771995 -3.2488097 -3.1542928 -3.0756311 -3.0482375 -3.026 -2.9955673 -2.9735869 -2.9452229 -2.9207593 -2.9058355 -2.8948973 -2.8874808 -2.8664995 -2.8271224 -2.8108389 -2.8103957 -2.8113616 -2.8073814 -2.8145045 -2.8195788 -2.8036109 -2.770612 -2.7339573 -2.6793402 -2.6019897 -2.5091142 -2.4312315 -2.3504725 -2.2747653 -2.1959205 -2.129519
-2.5033629 -2.5573254 -2.597122 -2.6302648 -2.658691 -2.6953639 -2.7252114 -2.7587977 -2.7966993 -2.8375171 -2.8922375 -2.9486654 -3.0083604 -3.0619973 -3.1216922 -3.1722087 -3.2269291 -3.2724407 -3.3122373 -3.3415042 -3.3713004 -3.379347 -3.3345758 -3.2956387 -3.2851298 -3.2657188 -3.2401947 -3.1762964 -3.0783612 -2.9970679 -2.9652521 -2.9326711 -2.8978491 -2.8641549 -2.8327365 -2.8097873 -2.7948636 -2.7869544 -2.781718 -2.7769764 -2.745558 -2.741742 -2.7467166 -2.756387 -2.7616234 -2.7663257 -2.7820348 -2.7758582 -2.7549126 -2.7266307 -2.6899759 -2.6350236 -2.5570672 -2.4836775 -2.4083807 -2.3354125 -2.2652633 -2.1971902
-2.5561848 -2.6117582 -2.6565294 -2.6935138 -2.7408907 -2.782311 -2.8171331 -2.8515224 -2.8894239 -2.9297538 -2.974525 -3.0281437 -3.0781988 -3.1279446 -3.1776904 -3.224737 -3.2545845 -3.2921885 -3.3170613 -3.3415042 -3.3464788 -3.3462311 -3.3105912 -3.2757692 -3.2409471 -3.2127333 -3.1679621 -3.0968182 -2.922708 -2.8116186 -2.7697274 -2.7339755 -2.6991535 -2.6654592 -2.63915 -2.6177149 -2.6027911 -2.5961616 -2.601398 -2.608164 -2.6238732 -2.6282463 -2.6531192 -2.668258 -2.6887683 -2.6834471 -2.6760638 -2.6797971 -2.6754344 -2.6589535 -2.6369904 -2.629961 -2.5968063 -2.5360059 -2.4679894 -2.3999162 -2.3316266 -2.2687898
-2.5878129 -2.6548971 -2.7026712 -2.7489672 -2.8002909 -2.8443309 -2.8770497 -2.911102 -2.9467396 -2.985311 -3.0273773 -3.0738562 -3.1213109 -3.1577939 -3.1963136 -3.2332119 -3.2516298 -3.2721467 -3.2824785 -3.2938132 -3.2839924 -3.2773399 -3.2389527 -3.1842324 -3.1371672 -3.094235 -3.0370174 -2.9662292 -2.8110939 -2.6675758 -2.6193896 -2.5765147 -2.5361643 -2.5042051 -2.4780232 -2.460783 -2.450591 -2.44827 -2.4581244 -2.4817506 -2.5066408 -2.5395545 -2.570501 -2.6052746 -2.6318879 -2.6457952 -2.6390989 -2.644594 -2.6455367 -2.641069 -2.6253598 -2.6329157 -2.6262007 -2.5739597 -2.5127032 -2.4479203 -2.381493 -2.3186562
-2.6155972 -2.6845982 -2.7393185 -2.7952864 -2.8521387 -2.8961787 -2.9260261 -2.956068 -2.9892319 -3.0233952 -3.0631919 -3.1029885 -3.1427851 -3.1738877 -3.2037351 -3.2244687 -3.2344178 -3.237894 -3.237894 -3.2285143 -3.208616 -3.178544 -3.1238236 -3.0637228 -3.0090025 -2.9495611 -2.8848916 -2.8041165 -2.6598537 -2.537338 -2.4849741 -2.4358761 -2.3911049 -2.3524932 -2.3263112 -2.3137789 -2.3088043 -2.3157021 -2.3314113 -2.3629463 -2.4048375 -2.4511238 -2.495895 -2.5416809 -2.583572 -2.6063658 -2.6168386 -2.6286565 -2.6391293 -2.6368803 -2.6316439 -2.6425653 -2.6512213 -2.6019645 -2.5499586 -2.4871219 -2.4242851 -2.3614484
-2.6342249 -2.7032259 -2.7579462 -2.8139141 -2.8707664 -2.9148064 -2.9446539 -2.9716422 -2.9954411 -3.0274326 -3.0572801 -3.0967792 -3.1223198 -3.1389046 -3.1488537 -3.164852 -3.1549028 -3.1527613 -3.1278884 -3.1125896 -3.0678184 -3.0357315 -2.9677721 -2.8931534 -2.8185348 -2.7550373 -2.6754441 -2.5974004 -2.4879597 -2.3684021 -2.3055653 -2.2568348 -2.2170382 -2.1786345 -2.1640123 -2.1642475 -2.1784103 -2.1927169 -2.2320635 -2.2714167 -2.3303266 -2.3857024 -2.4462211 -2.5015023 -2.5587351 -2.5900687 -2.6106294 -2.6290861 -2.6453385 -2.6468818 -2.6440624 -2.6635138 -2.6760582 -2.6318398 -2.5815053 -2.523905 -2.4615405 -2.3987038
-2.6251771 -2.696095 -2.7508153 -2.8067833 -2.8628284 -2.8996581 -2.9276317 -2.9502213 -2.9717142 -2.9993383 -3.0307244 -3.0571566 -3.0770549 -3.0754644 -3.077212 -3.06789 -3.0444114 -3.0220216 -2.9884387 -2.9530361 -2.9028863 -2.8493948 -2.7747762 -2.6770778 -2.6024592 -2.5278405 -2.4501927 -2.3719003 -2.2764334 -2.1826506 -2.1257578 -2.0792866 -2.0474797 -2.0173994 -2.0082694 -2.0341347 -2.0550567 -2.0940012 -2.142749 -2.2109113 -2.277768 -2.3505244 -2.4162505 -2.4859465 -2.5492847 -2.5973785 -2.6235605 -2.6490476 -2.6699932 -2.6730797 -2.6730797 -2.6730473 -2.6920118 -2.6509068 -2.6036905 -2.5460902 -2.4802606 -2.4108188
-2.5938983 -2.6629791 -2.7176994 -2.7709746 -2.8230892 -2.8599189 -2.8798172 -2.8972357 -2.9114488 -2.9331064 -2.9679285 -2.9926641 -2.9976387 -2.9959862 -2.9810625 -2.9552958 -2.90555 -2.8564419 -2.8066961 -2.7543405 -2.6946455 -2.6212138 -2.5117732 -2.4121503 -2.3375316 -2.262913 -2.1882943 -2.113596 -2.0389773 -1.9707086 -1.9235811 -1.8872141 -1.8722904 -1.8667197 -1.8824289 -1.9082942 -1.9480908 -2.0012765 -2.0745861 -2.1579258 -2.2521809 -2.3372781 -2.4168713 -2.4925697 -2.5658793 -2.6179143 -2.6598055 -2.6894816 -2.7156636 -2.719442 -2.719442 -2.7095669 -2.698635 -2.6599438 -2.6169369 -2.5593366 -2.4935069 -2.4097246
-2.5813105 -2.6473496 -2.6988973 -2.7520928 -2.8005628 -2.8325425 -2.8486664 -2.8615268 -2.8678696 -2.8823338 -2.8996517 -2.924228 -2.915119 -2.8902504 -2.8574157 -2.8248267 -2.7569667 -2.7025556 -2.6390716 -2.5787962 -2.4959499 -2.4217211 -2.3148429 -2.2159869 -2.1319044 -2.0599891 -1.9949361 -1.9268217 -1.8763714 -1.8152396 -1.7922056 -1.7662727 -1.7779612 -1.7731875 -1.8106385 -1.8744832 -1.9465763 -2.0087779 -2.0980082 -2.1897075 -2.2944848 -2.3859501 -2.4719225 -2.54786 -2.6211696 -2.6663257 -2.7029862 -2.7249175 -2.7468144 -2.7506726 -2.7506726 -2.7358599 -2.7230691 -2.6788507 -2.6343268 -2.571765 -2.5042895 -2.4160185
-2.5635795 -2.6271186 -2.6768644 -2.725224 -2.7725807 -2.7948602 -2.8095042 -2.8153006 -2.819437 -2.8207415 -2.8326992 -2.8356695 -2.8157712 -2.7726186 -2.7335805 -2.6843051 -2.6128729 -2.5385636 -2.4701144 -2.3964195 -2.3098602 -2.2194788 -2.1150127 -2.0228644 -1.941589 -1.8664831 -1.8052585 -1.7535975 -1.7122458 -1.6802632 -1.6687913 -1.6753898 -1.6975212 -1.7248506 -1.7772145 -1.8711441 -1.9531525 -2.0473952 -2.143033 -2.2476695 -2.3576338 -2.4505085 -2.5400508 -2.6126494 -2.685959 -2.7211151 -2.7525335 -2.7694759 -2.7851851 -2.78 -2.78 -2.7626873 -2.7456638 -2.6968126 -2.6472502 -2.5830865 -2.5103747 -2.4205018
-2.5391669 -2.600164 -2.6449352 -2.6883169 -2.7262184 -2.7484979 -2.7534724 -2.755692 -2.7509543 -2.7478865 -2.7429119 -2.7329984 -2.6932018 -2.6467781 -2.5870831 -2.5253486 -2.4457553 -2.3663607 -2.2817929 -2.1977238 -2.1032069 -2.0081134 -1.9086218 -1.8175456 -1.7479015 -1.6810338 -1.631288 -1.5880177 -1.573094 -1.5610458 -1.5819914 -1.6091579 -1.6688529 -1.7242351 -1.8132538 -1.9108832 -2.0203239 -2.1268734 -2.2420742 -2.3537676 -2.4689683 -2.5622128 -2.6418061 -2.7103581 -2.7679584 -2.7965166 -2.8069894 -2.8209695 -2.8315474 -2.820468 -2.8064928 -2.7867425 -2.7655334 -2.7102603 -2.6538734 -2.5858003 -2.5103747 -2.4161195
-2.4781537 -2.5285117 -2.5660068 -2.606758 -2.6475568 -2.6676059 -2.6665263 -2.6625935 -2.6514801 -2.6431417 -2.6309096 -2.6139816 -2.5679767 -2.5082861 -2.4411303 -2.365376 -2.263095 -2.1803916 -2.0919917 -2.0059197 -1.9152857 -1.8193154 -1.7288998 -1.6612939 -1.6075885 -1.5541648 -1.5367033 -1.5064703 -1.5242376 -1.5301691 -1.5877577 -1.6338328 -1.7193443 -1.7887555 -1.894285 -2.0173091 -2.1333293 -2.2429854 -2.3549532 -2.4675268 -2.5799674 -2.6593642 -2.7267458 -2.7783123 -2.8242084 -2.8642129 -2.8821579 -2.8806548 -2.8869418 -2.870626 -2.8539943 -2.783972 -2.7572058 -2.6967291 -2.6374155 -2.5651282 -2.4937633 -2.4107323
-2.4246493 -2.4675538 -2.4974013 -2.5347342 -2.5773734 -2.5889079 -2.5839334 -2.5695614 -2.5553483 -2.5340724 -2.5191487 -2.4905639 -2.4358436 -2.3677307 -2.2979944 -2.2171088 -2.107765 -2.0045447 -1.9150023 -1.8284684 -1.7393234 -1.6541412 -1.5795225 -1.5288464 -1.4809027 -1.4527841 -1.4456446 -1.4552081 -1.4832974 -1.5308677 -1.6024248 -1.6914243 -1.7859675 -1.8908081 -2.0164816 -2.1395056 -2.2588955 -2.365893 -2.4758573 -2.5824159 -2.6923802 -2.7594231 -2.8141434 -2.8501986 -2.881617 -2.9096296 -2.9410479 -2.9411167 -2.9358803 -2.9121409 -2.8911954 -2.8174684 -2.7442072 -2.6803683 -2.6167656 -2.543456 -2.4701465 -2.3916576
-2.3917764 -2.4331789 -2.4580518 -2.4916996 -2.5201258 -2.5279847 -2.513061 -2.4952169 -2.4667908 -2.4411255 -2.4063034 -2.3712454 -2.3016013 -2.2286437 -2.1490505 -2.0647754 -1.9603093 -1.8588346 -1.7692922 -1.6827583 -1.6031651 -1.5216774 -1.470829 -1.4294985 -1.4096002 -1.3931754 -1.4230228 -1.4485849 -1.5132544 -1.57723 -1.6924307 -1.7973954 -1.9267343 -2.0432637 -2.17941 -2.3042962 -2.4137369 -2.5159692 -2.5997516 -2.6997848 -2.7992763 -2.857942 -2.8828148 -2.9124 -2.9281092 -2.9523593 -2.9741639 -2.9696545 -2.9557499 -2.9237249 -2.8911954 -2.8109991 -2.7309608 -2.6591058 -2.5902728 -2.5169633 -2.4436537 -2.3703442
-2.361881 -2.3956859 -2.4172026 -2.4441548 -2.4661308 -2.4617997 -2.4423164 -2.4145265 -2.3787785 -2.3428161 -2.2993496 -2.2525742 -2.181608 -2.1036758 -2.0210994 -1.9366884 -1.8382903 -1.7431547 -1.6628669 -1.5838542 -1.5199395 -1.4490666 -1.4046604 -1.393813 -1.4030513 -1.4061318 -1.458997 -1.5083572 -1.5997395 -1.6850011 -1.8201467 -1.9452741 -2.0834354 -2.21503 -2.3447307 -2.4470155 -2.5437437 -2.6275479 -2.6939309 -2.7777132 -2.8711663 -2.9176493 -2.9374371 -2.9478397 -2.9587682 -2.9744774 -2.9943022 -2.9753281 -2.957675 -2.9151772 -2.878172 -2.7877994 -2.704046 -2.6232784 -2.5510975 -2.477788 -2.4077702 -2.3404488
-2.3352913 -2.3634508 -2.3783745 -2.3928824 -2.4070955 -2.3946122 -2.3697393 -2.3357131 -2.2930738 -2.2461109 -2.1963651 -2.1380812 -2.0634626 -1.9882478 -1.90368 -1.8195235 -1.7250066 -1.6412389 -1.5666203 -1.5034534 -1.4487331 -1.4027331 -1.3778602 -1.3796939 -1.4045668 -1.4474996 -1.5121691 -1.5917743 -1.6962404 -1.8112986 -1.9579177 -2.1010146 -2.2452773 -2.3799104 -2.4951111 -2.5928669 -2.6774347 -2.7438817 -2.7910093 -2.8492803 -2.9330626 -2.9722304 -2.9821796 -2.984529 -2.984529 -2.9851228 -3.0008319 -2.9797076 -2.9482892 -2.9007592 -2.8536316 -2.7557254 -2.6620308 -2.5798434 -2.500896 -2.4275865 -2.364815 -2.3019782
-2.3087985 -2.3328459 -2.3386354 -2.3510336 -2.3320828 -2.305602 -2.27078 -2.2350717 -2.1876948 -2.1384345 -2.0787396 -2.0188639 -1.9484564 -1.8771556 -1.8025369 -1.7229762 -1.6483576 -1.5716303 -1.5218845 -1.4673049 -1.442432 -1.4027331 -1.4055588 -1.4295334 -1.4892283 -1.5437914 -1.6482575 -1.7394597 -1.8687987 -1.9901247 -2.1367438 -2.2774606 -2.4067996 -2.5388669 -2.6585681 -2.7512967 -2.806017 -2.8659767 -2.8973951 -2.9414807 -2.9860481 -3.0231768 -3.0285419 -3.0266101 -3.0176449 -2.9894915 -2.9610928 -2.9368823 -2.9019269 -2.8437199 -2.7873997 -2.6612713 -2.5494366 -2.4720543 -2.3954595 -2.3326228 -2.2780108 -2.2570652
-2.2880564 -2.3063532 -2.3071505 -2.2939974 -2.2700598 -2.2361092 -2.1983134 -2.1523325 -2.1049556 -2.0532244 -1.9935295 -1.9304193 -1.8616096 -1.7936266 -1.720575 -1.6607233 -1.5988359 -1.5319926 -1.485656 -1.4607832 -1.4403272 -1.4502763 -1.4648666 -1.5174175 -1.5808174 -1.6834445 -1.7991126 -1.9100829 -2.0394219 -2.173103 -2.317609 -2.4479823 -2.5707141 -2.6704933 -2.7841886 -2.8587459 -2.9073452 -2.937839 -2.9646287 -2.9934735 -3.0313333 -3.0470971 -3.0458567 -3.0295101 -3.0168257 -2.9852379 -2.9375312 -2.8971432 -2.8469662 -2.7849011 -2.7105043 -2.5825828 -2.4534511 -2.3760688 -2.301945 -2.2407932 -2.2018949 -2.1861214
-2.2636743 -2.2726767 -2.2677021 -2.2462318 -2.213068 -2.1729433 -2.1281721 -2.0807374 -2.0333605 -1.9823562 -1.9226613 -1.8612587 -1.7965892 -1.737735 -1.6730655 -1.6175752 -1.5678294 -1.5302205 -1.5053476 -1.4960927 -1.5060419 -1.5276181 -1.5773639 -1.6470016 -1.7415185 -1.8448725 -1.9692369 -2.0912677 -2.2206067 -2.3445252 -2.4754351 -2.5864 -2.6759423 -2.7653112 -2.8543299 -2.9140386 -2.943886 -2.9657361 -2.9814453 -3.0043089 -3.0357273 -3.0404757 -3.0305265 -3.0119992 -2.9910536 -2.9460854 -2.8937214 -2.8344579 -2.7768575 -2.6984905 -2.6199446 -2.4942038 -2.3656229 -2.2898705 -2.2229003 -2.1757728 -2.1487382 -2.1539746
-2.2388374 -2.2433698 -2.2304467 -2.2089764 -2.1713663 -2.1278453 -2.0784982 -2.0281186 -1.9712681 -1.9212954 -1.866575 -1.8053756 -1.7515611 -1.7051289 -1.6653323 -1.6166401 -1.5967418 -1.5662358 -1.5712104 -1.5698357 -1.6146069 -1.6393844 -1.7093148 -1.7987259 -1.9131411 -2.019356 -2.148695 -2.2684659 -2.372932 -2.4888358 -2.5778545 -2.6779698 -2.7277155 -2.8149851 -2.8922811 -2.9409731 -2.9563045 -2.9738723 -2.975236 -2.9961995 -3.0233088 -3.0214031 -2.9994803 -2.9739946 -2.9413797 -2.8852424 -2.8192106 -2.7468867 -2.6775097 -2.5841912 -2.4957598 -2.3826509 -2.2600658 -2.1992654 -2.1382018 -2.1172562 -2.0974498 -2.1288682
-2.2256224 -2.2184805 -2.2027704 -2.1744005 -2.1347687 -2.0839077 -2.033167 -1.9823216 -1.926625 -1.8740433 -1.8225162 -1.7695034 -1.7198695 -1.6916746 -1.6603694 -1.6382381 -1.6305838 -1.6293465 -1.646921 -1.6729549 -1.7288311 -1.783776 -1.8633692 -1.9628454 -2.0772607 -2.1889725 -2.3082946 -2.4246252 -2.5188201 -2.6115099 -2.688293 -2.7554016 -2.7968677 -2.8544212 -2.9290369 -2.9856482 -2.9980567 -3.0025319 -3.0001304 -2.9554694 -2.9656364 -2.9557044 -2.9300112 -2.8891448 -2.851564 -2.7802098 -2.7069002 -2.6228885 -2.5443426 -2.4546478 -2.3551562 -2.2609825 -2.1483234 -2.1002088 -2.054202 -2.0441665 -2.0495546 -2.0912283
-2.2180614 -2.2052342 -2.1803613 -2.1424065 -2.0950295 -2.0441686 -1.9894482 -1.9359593 -1.8838447 -1.8343042 -1.789533 -1.7480683 -1.7132463 -1.6850514 -1.6701277 -1.6647308 -1.6796546 -1.7022015 -1.7419982 -1.7921723 -1.8667909 -1.9470275 -2.0415444 -2.1416715 -2.2560868 -2.3677986 -2.4722647 -2.5703353 -2.6499285 -2.7241041 -2.7817045 -2.8282566 -2.8531295 -2.9010137 -2.9952688 -3.0518801 -3.0568546 -3.0555174 -3.0450446 -2.9952085 -2.9061898 -2.8497334 -2.8149114 -2.7699274 -2.7175635 -2.6406305 -2.5516117 -2.4626582 -2.3736395 -2.2846642 -2.1956455 -2.1115208 -2.029106 -1.9904148 -1.9614774 -1.9667138 -1.9899459 -2.0527826
-2.2180831 -2.1963051 -2.1617512 -2.1237095 -2.0763325 -2.0231114 -1.9645624 -1.913251 -1.8651259 -1.8191241 -1.7832137 -1.7418578 -1.71852 -1.7135369 -1.7258057 -1.7301531 -1.7725744 -1.8046041 -1.8722033 -1.9300508 -2.0280925 -2.1085247 -2.2004249 -2.2927723 -2.3928286 -2.4964303 -2.5718734 -2.6607294 -2.7061065 -2.7735945 -2.8068295 -2.8481537 -2.8595575 -2.9074199 -2.9921941 -3.0313299 -3.0199389 -3.0099409 -2.98333 -2.9308233 -2.8382428 -2.7695285 -2.7217307 -2.6614713 -2.593395 -2.5128776 -2.4211892 -2.3361624 -2.2493406 -2.1737161 -2.0898697 -2.0304763 -1.9555501 -1.9500228 -1.9299052 -1.9602206 -1.9901448 -2.0711536
-2.222558 -2.1963051 -2.1565085 -2.112276 -2.064763 -2.0089222 -1.9494251 -1.8976478 -1.8506295 -1.8129661 -1.7805426 -1.752551 -1.7376273 -1.75116 -1.7705897 -1.8031787 -1.8527101 -1.9130321 -1.9876906 -2.0693686 -2.1709676 -2.2675523 -2.3570947 -2.4321976 -2.5259119 -2.6105348 -2.6779158 -2.7382251 -2.7767107 -2.8128635 -2.8393131 -2.86 -2.8682315 -2.9009099 -2.9794559 -2.997412 -2.9806462 -2.9481647 -2.9147281 -2.8466684 -2.7524133 -2.6713306 -2.6166102 -2.5454709 -2.4669249 -2.3854954 -2.2912402 -2.2177589 -2.1339766 -2.0744716 -2.001162 -1.958013 -1.9028769 -1.906847 -1.9131155 -1.9486886 -1.9998572 -2.0854638
-2.2313772 -2.2025244 -2.1577532 -2.1083689 -2.0515166 -1.9956758 -1.9409555 -1.8910247 -1.8483854 -1.8129661 -1.7930678 -1.7759757 -1.7809503 -1.7975224 -1.837319 -1.882657 -1.952301 -2.0256263 -2.1201433 -2.2150787 -2.3245194 -2.4239706 -2.4936147 -2.5646613 -2.63928 -2.7098826 -2.7546538 -2.7978338 -2.8177321 -2.8393562 -2.849829 -2.86 -2.86 -2.8830825 -2.9354464 -2.9510497 -2.9162276 -2.8753097 -2.8177093 -2.7405591 -2.6358312 -2.5505654 -2.4759468 -2.3992723 -2.31549 -2.2360456 -2.1574997 -2.0924651 -2.0346287 -1.9865645 -1.9415533 -1.9126818 -1.8830074 -1.8995893 -1.9197387 -1.9668663 -2.02635 -2.1206051
