mean_models/J1_mean_vp_slide_diff2_200.dat.tif
NCOLS 118
NROWS 92
XLLCORNER 139.62
YLLCORNER -39.07
DX 0.099491525
DY 0.099347826
NODATA_VALUE -9999
[rows 0 to 23 of 92, columns 0 to 52 of 118]
-9999 -9999 -9999 -9999 -9999 -9999 -9999 -9999 -9999 -9999 -9999 -9999 -9999 -9999 -9999 -9999 -9999 -9999 -9999 -9999 -9999 -9999 -9999 -9999 -9999 -9999 -9999 -9999 -9999 -9999 -9999 -9999 -9999 -9999 -9999 -9999 -9999 -9999 -9999 -9999 -9999 -9999 -9999 -9999 -9999 -9999 -9999 -9999 -9999 -9999 -9999 -9999 -9999
-9999 0.14232449 0.14248923 0.14265396 0.14281869 0.14298342 0.14269732 0.14288365 0.14219642 0.13978758 0.13737874 0.13496991 0.13256107 0.13158109 0.13333524 0.13494352 0.1365518 0.13816008 0.13976837 0.14149388 0.14348984 0.14548581 0.14748177 0.14947774 0.15094363 0.14886588 0.14515233 0.14012767 0.13510301 0.13007835 0.12505369 0.12332809 0.12796204 0.13259598 0.13722993 0.14186387 0.14368912 0.1413801 0.14393395 0.14617748 0.14842102 0.15066455 0.15290809 0.14869272 0.14185829 0.13567026 0.12948224 0.12329421 0.11710619 0.11206762 0.10083396 0.089600302 0.078366643
-9999 0.14080799 0.14097272 0.14113745 0.14130219 0.14066545 0.13952668 0.13971301 0.14142866 0.14185091 0.13944207 0.13703324 0.1346244 0.13364442 0.1355258 0.13734774 0.13895602 0.1405643 0.14217258 0.14389809 0.14589406 0.14789003 0.14988599 0.15040473 0.14858454 0.14650679 0.14373873 0.14053831 0.13551365 0.13048899 0.12546433 0.12373873 0.12837268 0.13300662 0.13764056 0.13704789 0.13104856 0.12873954 0.13171004 0.13441408 0.13665761 0.13890115 0.14114468 0.13692932 0.12807073 0.12074015 0.11455212 0.1083641 0.10217608 0.097428963 0.09293088 0.082517009 0.07128335
-9999 0.13929149 0.13945622 0.13962095 0.13863358 0.13749481 0.13635604 0.13654236 0.13825802 0.13997368 0.1415054 0.13909657 0.13668773 0.13570775 0.13758913 0.13947052 0.1413519 0.14296852 0.1445768 0.14630231 0.14829828 0.15029424 0.14986583 0.14804564 0.14622544 0.14414769 0.14137963 0.13861158 0.13584352 0.13089962 0.12587497 0.12414937 0.12878331 0.13341726 0.13040667 0.12440733 0.11840799 0.11609897 0.11906948 0.12203999 0.12489421 0.12713774 0.12938128 0.12516591 0.11630733 0.10744874 0.099622007 0.093433983 0.08724596 0.082498848 0.078000765 0.073502682 0.064200057
-9999 0.13777498 0.13774047 0.1366017 0.13546293 0.13432416 0.13318539 0.13337172 0.13508738 0.13680303 0.13851869 0.14023435 0.13875106 0.13777108 0.13965246 0.14153385 0.14341523 0.14529662 0.14698102 0.14870653 0.15070249 0.14932694 0.14750674 0.14568654 0.14386634 0.14178859 0.13902054 0.13625248 0.13348442 0.13071637 0.1262856 0.12456001 0.12919395 0.12376545 0.11776611 0.11176677 0.10576743 0.10345841 0.10642892 0.10939943 0.11236994 0.11534045 0.11761787 0.11340251 0.10454392 0.095685338 0.086826752 0.078503868 0.072315844 0.067568732 0.063070649 0.058572567 0.054074484
-9999 0.1357086 0.13456983 0.13343106 0.13229229 0.13115352 0.13001475 0.13020107 0.13191673 0.13363239 0.13534805 0.1370637 0.13877936 0.13983441 0.14171579 0.14359718 0.14547856 0.14735995 0.14924133 0.15060823 0.14878804 0.14696784 0.14514764 0.14332744 0.14150725 0.1394295 0.13666144 0.13389338 0.13112533 0.12835727 0.12558921 0.12312356 0.11712423 0.11112489 0.10512555 0.099126208 0.093126869 0.090817851 0.093788359 0.096758867 0.099729375 0.10269988 0.10567039 0.10163911 0.09278052 0.083921934 0.075063349 0.066204763 0.057385729 0.052638617 0.048140534 0.043642451 0.039144368
-9999 0.13495438 0.13381561 0.13267684 0.13153807 0.1303993 0.12928563 0.12949502 0.13121068 0.13292634 0.134642 0.13635766 0.13799778 0.13928684 0.14031506 0.14219644 0.14407783 0.14595921 0.1478406 0.14860268 0.14678248 0.14496228 0.14314209 0.14132189 0.13928016 0.13790966 0.13854377 0.13577572 0.13300766 0.1302396 0.12747155 0.12359979 0.11760045 0.11160111 0.10560177 0.099602433 0.090700324 0.084929159 0.087899667 0.090870175 0.093840684 0.096811192 0.097702887 0.097516615 0.092699925 0.083841339 0.074982754 0.066124168 0.057265582 0.052124938 0.047626855 0.043128772 0.038630689
-9999 0.13458298 0.13344421 0.13230544 0.13116667 0.13006575 0.12897004 0.12917944 0.13089509 0.13261075 0.13432641 0.13591705 0.13746553 0.13875459 0.13952416 0.14029373 0.14212829 0.14400967 0.14589106 0.14665314 0.14483294 0.14301274 0.14119254 0.13898726 0.13657177 0.13520127 0.13663159 0.1380619 0.13556195 0.1327939 0.13002584 0.12615408 0.12015475 0.11415541 0.10815607 0.0977628 0.08588132 0.080110155 0.083080663 0.086051172 0.08902168 0.089165396 0.088915467 0.088729194 0.088588684 0.085611633 0.076753047 0.067894462 0.059035876 0.053895232 0.049397149 0.044899066 0.041493805
-9999 0.13421159 0.13307282 0.13194159 0.13084587 0.12975016 0.12865445 0.12886385 0.13057951 0.13228784 0.13383632 0.1353848 0.13693328 0.13822234 0.13899191 0.13976148 0.14053104 0.14206013 0.14394151 0.14470359 0.1428834 0.1410632 0.13869436 0.13627887 0.13386338 0.13249288 0.13392319 0.13535351 0.13678383 0.13534819 0.13258014 0.12870838 0.12270904 0.11670676 0.10482528 0.092943797 0.081062316 0.075291152 0.07826166 0.080877834 0.080627905 0.080377975 0.080128046 0.079941773 0.079801263 0.079660753 0.078523341 0.069664755 0.060806169 0.055665525 0.051167442 0.048232606 0.046213461
-9999 0.1338402 0.13272171 0.131626 0.13053029 0.12943458 0.12833886 0.12854826 0.13020711 0.13175559 0.13330407 0.13485255 0.13640103 0.13769009 0.13845966 0.13922923 0.13999879 0.14076836 0.14199197 0.14275405 0.14081694 0.13840146 0.13598597 0.13357048 0.13115499 0.12978449 0.1312148 0.13264512 0.13407544 0.13550576 0.13513443 0.13126268 0.12376923 0.11188775 0.10000627 0.088124793 0.076243313 0.070472148 0.072340343 0.072090413 0.071840484 0.071590554 0.071340625 0.071154352 0.071013842 0.070873332 0.070732823 0.070592313 0.062576463 0.057435819 0.054971406 0.052952262 0.050933117
-9999 0.13363132 0.13253561 0.1314399 0.13034419 0.12924848 0.12815276 0.1284238 0.12997228 0.13152076 0.13306924 0.13461772 0.1361662 0.1372245 0.13799406 0.13876363 0.1395332 0.14030276 0.14107233 0.14087878 0.1384633 0.13604781 0.13363232 0.13121683 0.12880134 0.12618919 0.12761951 0.12904982 0.13048014 0.13191046 0.13334078 0.13022422 0.11834274 0.10646126 0.094579778 0.082698298 0.070816817 0.064764509 0.064514579 0.06426465 0.06401472 0.063764791 0.063514861 0.063750088 0.063609578 0.063469068 0.063328559 0.063188049 0.063047539 0.061305228 0.059286083 0.057266938 0.055247793
-9999 0.13429385 0.13319814 0.13210242 0.13100671 0.129911 0.12956229 0.13013817 0.13168665 0.13323513 0.13478361 0.13633209 0.13778713 0.13857123 0.13806764 0.13873486 0.13950443 0.14027399 0.14104356 0.14085001 0.13843453 0.13601904 0.13360355 0.13118806 0.12876132 0.12530706 0.11911262 0.119642 0.12107232 0.12250263 0.12393295 0.12081639 0.10893491 0.097053433 0.085171953 0.073290472 0.066556326 0.063241175 0.062991246 0.062741316 0.062491387 0.062241457 0.063879863 0.064909616 0.065270136 0.065129626 0.064989116 0.064848606 0.064708096 0.062965786 0.060946641 0.058927496 0.056908351
-9999 0.13495637 0.13386066 0.13276495 0.13181033 0.13154349 0.13127666 0.13185254 0.13340102 0.1349495 0.13649324 0.13792038 0.13934751 0.14013161 0.13962802 0.13912443 0.13947566 0.14024522 0.14101479 0.14082124 0.13840576 0.13599027 0.13357478 0.13114397 0.12871206 0.1252578 0.11906336 0.11286891 0.11166449 0.11309481 0.11452513 0.11140857 0.099527088 0.087645608 0.075948394 0.070490693 0.065032993 0.061717842 0.061467913 0.061217983 0.061276137 0.063017925 0.064759712 0.065789465 0.066307345 0.066790183 0.066649674 0.066509164 0.066368654 0.064626343 0.062607198 0.060588053 0.056396071
-9999 0.1356189 0.13452319 0.13379153 0.1335247 0.13325787 0.13299103 0.13356691 0.13511539 0.13662649 0.13805362 0.13948076 0.14090789 0.141692 0.1411884 0.14068481 0.14018122 0.14021645 0.14098602 0.14079248 0.13837699 0.13595852 0.13352661 0.13109471 0.1286628 0.12520854 0.1190141 0.11281965 0.10662521 0.10368698 0.1051173 0.10200074 0.090119263 0.079882761 0.07442506 0.06896736 0.06350966 0.060194509 0.059944579 0.060414198 0.062155986 0.063897774 0.065639562 0.066669314 0.067187194 0.067705073 0.068222953 0.068169721 0.068029211 0.066286901 0.064267756 0.059569598 0.054482383
-9999 0.13628142 0.13577274 0.1355059 0.13523907 0.13497224 0.1347054 0.13528128 0.13675974 0.13818687 0.13961401 0.14104114 0.14246827 0.14325238 0.14274878 0.14224519 0.1417416 0.14123801 0.14095725 0.14076371 0.13834116 0.13590926 0.13347735 0.13104545 0.12861354 0.12515928 0.11896484 0.11277039 0.10657595 0.10038151 0.095709476 0.092592918 0.083817128 0.078359427 0.072901727 0.067444027 0.061986326 0.058671175 0.059552259 0.061294047 0.063035835 0.064777623 0.066519411 0.067549163 0.068067043 0.068584923 0.069102802 0.069620682 0.069689769 0.067830341 0.062743126 0.057655911 0.052568696
-9999 0.13764478 0.13737794 0.13711111 0.13684428 0.13657744 0.13631061 0.13695011 0.13837724 0.13980437 0.1412315 0.14265864 0.14408577 0.14445165 0.14388465 0.14338106 0.14287746 0.14237387 0.14187028 0.14078359 0.13835169 0.13591978 0.13348788 0.13105597 0.12862407 0.1239905 0.11719244 0.110998 0.10480355 0.098609111 0.092414667 0.086471871 0.081014171 0.075556471 0.07009877 0.06464107 0.059183369 0.056805424 0.058547211 0.060288999 0.062030787 0.063772575 0.065514363 0.066427667 0.066945546 0.067463426 0.067981305 0.068499185 0.069017064 0.069077969 0.063990754 0.058903539 0.053816324
-9999 0.13899633 0.1387295 0.13846266 0.13819583 0.13813499 0.13924 0.1400005 0.1403634 0.14155458 0.14298172 0.14440885 0.14583598 0.14620186 0.14444252 0.1435305 0.14302691 0.14252332 0.14201972 0.14093304 0.13850113 0.13606923 0.13363732 0.13120542 0.12968615 0.12539088 0.11347112 0.10522166 0.099027218 0.092832775 0.086638331 0.080695535 0.075237835 0.069780134 0.064322434 0.059064531 0.058356118 0.056798841 0.054027144 0.054904136 0.056645924 0.058387711 0.060129499 0.060973321 0.061173649 0.061691528 0.062209408 0.062727287 0.063245167 0.069278704 0.072584129 0.067496914 0.062409699
-9999 0.14034788 0.14008105 0.13981422 0.14015944 0.14126444 0.14236945 0.14312996 0.14349286 0.14385575 0.14473193 0.14615906 0.14758619 0.14795207 0.14619273 0.14443339 0.14317635 0.14267276 0.14216917 0.14108248 0.13865058 0.13621867 0.13398771 0.13253712 0.13108654 0.12679126 0.1148715 0.10295174 0.093250882 0.087056439 0.080861995 0.074919199 0.069461498 0.064003798 0.059949868 0.059241455 0.058533042 0.056975765 0.054204068 0.051432371 0.05126106 0.053002848 0.054744636 0.055588457 0.055786742 0.055985027 0.056437511 0.05695539 0.05747327 0.063506807 0.070493599 0.07609029 0.071003075
-9999 0.14169944 0.1414326 0.14218388 0.14328889 0.1443939 0.14549891 0.14625941 0.14662231 0.14698521 0.14734811 0.14790927 0.14933641 0.14970229 0.14794294 0.1461836 0.14442426 0.1428222 0.14231861 0.14123193 0.13880002 0.13683868 0.13538809 0.1339375 0.13248692 0.12819164 0.11627188 0.10435212 0.092432363 0.081280102 0.075085659 0.069142863 0.063685162 0.060835205 0.060126792 0.059418379 0.058709965 0.057152688 0.054380992 0.051609295 0.048837598 0.047617984 0.049359772 0.050203594 0.050401878 0.050600163 0.050798448 0.051183493 0.051701372 0.057734909 0.064721702 0.071708494 0.078695286
-9999 0.14310332 0.14420833 0.14531334 0.14641835 0.14752336 0.14862837 0.14938887 0.14975177 0.15011467 0.15047757 0.15084047 0.15120337 0.1514525 0.14969316 0.14793382 0.14617447 0.14441513 0.14265579 0.14138137 0.13968964 0.13823906 0.13678847 0.13533789 0.1338873 0.12959202 0.11767226 0.1057525 0.093832744 0.081912985 0.069993226 0.063366526 0.061720542 0.061012129 0.060303716 0.059595302 0.058886889 0.057329612 0.054557915 0.051786219 0.049014522 0.046242825 0.043974909 0.04481873 0.045017015 0.0452153 0.045413585 0.045611869 0.045929475 0.051963012 0.058949804 0.065936597 0.072923389
-9999 0.14140413 0.14250914 0.14361415 0.14471916 0.14582417 0.14798916 0.15154766 0.15191056 0.15227345 0.15263635 0.15299925 0.15314464 0.15070608 0.14885921 0.14709987 0.14534053 0.14358119 0.14182185 0.14015587 0.13870528 0.1372547 0.13580411 0.13435352 0.13290294 0.12526194 0.11680972 0.10488996 0.092970198 0.081050439 0.069130679 0.061040349 0.060331936 0.059623522 0.058915109 0.058206696 0.057498176 0.055940403 0.053168706 0.05039701 0.047625313 0.044853616 0.043067275 0.045467202 0.046037415 0.0462357 0.046433985 0.04663227 0.046830554 0.052816996 0.059803788 0.066790581 0.073777373
-9999 0.1360626 0.13716761 0.13827262 0.13937763 0.14308842 0.14941575 0.15297425 0.15333715 0.15370005 0.15406295 0.15331158 0.15064488 0.14820632 0.14622461 0.14431665 0.14255731 0.14079797 0.13903863 0.13737265 0.13592206 0.13447148 0.13302089 0.12951306 0.12052981 0.11287644 0.10878751 0.10232044 0.090400683 0.078480923 0.066561164 0.058470834 0.057762421 0.057054007 0.056345594 0.05563686 0.054927604 0.053369831 0.050598134 0.047826437 0.045054741 0.044073711 0.044769294 0.04716922 0.050794377 0.05208771 0.052285994 0.052484279 0.052682564 0.058669006 0.065655798 0.072642591 0.078826843
-9999 0.13072107 0.13182608 0.13293109 0.13818768 0.14451501 0.15084235 0.15440084 0.15476374 0.15512664 0.15347852 0.15081182 0.14814512 0.14570656 0.14372485 0.14174314 0.13977409 0.13801475 0.13625541 0.13458943 0.13313884 0.13168826 0.12611082 0.11712756 0.10814431 0.10049094 0.096402005 0.092313072 0.087831167 0.075911408 0.063991649 0.055901319 0.055192905 0.054484492 0.053775545 0.053066288 0.052357032 0.050799259 0.048027562 0.045255865 0.045080146 0.045775729 0.046471312 0.048871239 0.052496396 0.056121553 0.058138004 0.058336289 0.058534574 0.064521015 0.071507808 0.076036355 0.074298273
-9999 0.12537954 0.1269596 0.13328693 0.13961427 0.1459416 0.15226894 0.15582743 0.15619033 0.15364545 0.15097876 0.14831206 0.14564536 0.14320679 0.14122509 0.13924338 0.13726168 0.13527997 0.13347219 0.13180621 0.13035563 0.12270857 0.11372531 0.10474206 0.095758802 0.088105435 0.084016502 0.079927569 0.075838636 0.071749703 0.061422134 0.053331803 0.05262339 0.051914229 0.051204973 0.050495716 0.04978646 0.048228686 0.04545699 0.046086582 0.046782165 0.047477748 0.048173331 0.050573257 0.054198414 0.057823571 0.061448728 0.064188299 0.064386584 0.070373025 0.073245866 0.071507785 0.069769704
