mean_models/J1_mean_tot_conduct_slide_12.54.dat.tif
NCOLS 118
NROWS 92
XLLCORNER 139.62
YLLCORNER -39.07
DX 0.099491525
DY 0.099347826
NODATA_VALUE -9999
[rows 52 to 77 of 92, columns 57 to 113 of 118]
-2.5601341 -2.7173619 -2.9052903 -3.0490978 -3.1852441 -3.2635286 -3.3263653 -3.3280668 -3.3162465 -3.2515714 -3.1805946 -3.0968123 -3.012297 -2.9293874 -2.8745216 -2.846885 -2.8701749 -2.9143933 -3.0043757 -3.0925678 -3.1588955 -3.215797 -3.2213243 -3.1980532 -3.1278239 -3.0432587 -2.9495517 -2.86595 -2.777388 -2.7032007 -2.6323912 -2.5605362 -2.4668998 -2.3673869 -2.2650689 -2.1725919 -2.1491822 -2.1709347 -2.2704262 -2.4308499 -2.6259733 -2.8043374 -2.9630004 -3.0449346 -3.0717221 -3.0131977 -2.9150421 -2.8117602 -2.7270799 -2.6958623 -2.6900099 -2.6994117 -2.7126621 -2.6526926 -2.52876 -2.3473342 -2.1219404
-2.4473166 -2.630303 -2.8367292 -2.987591 -3.1193342 -3.1836696 -3.2361339 -3.2330543 -3.2199392 -3.1767249 -3.1134228 -3.0610994 -2.9884938 -2.9371781 -2.8857892 -2.8668366 -2.8809515 -2.9233299 -3.0038195 -3.0757477 -3.115785 -3.1620279 -3.1381309 -3.0978238 -3.0064461 -2.9010795 -2.7994218 -2.7247984 -2.6436887 -2.5890152 -2.5834605 -2.5584579 -2.5003148 -2.4198485 -2.3296319 -2.2327253 -2.1784467 -2.1945035 -2.2848417 -2.4492136 -2.6534018 -2.8773613 -3.0556222 -3.1613861 -3.1891229 -3.1134487 -2.9424367 -2.8036889 -2.614622 -2.5568247 -2.5148878 -2.5171161 -2.5406964 -2.5522157 -2.4501164 -2.2906067 -2.0328998
-2.3831504 -2.5873886 -2.8084809 -2.9450434 -3.0707169 -3.1073041 -3.1387225 -3.1171915 -3.0950823 -3.0613809 -3.0299065 -2.9956634 -2.9725479 -2.9380228 -2.9310202 -2.9199656 -2.9500072 -2.9886983 -3.0545929 -3.1242054 -3.1566196 -3.1696469 -3.1313369 -3.0479664 -2.93677 -2.8037833 -2.6821825 -2.6057291 -2.5378193 -2.5261144 -2.5645814 -2.5701087 -2.5681613 -2.5213417 -2.444496 -2.356253 -2.2919047 -2.278485 -2.3604192 -2.5035954 -2.7201358 -2.9490461 -3.1669659 -3.2824707 -3.3168875 -3.2291008 -3.0336324 -2.8229444 -2.5898528 -2.4332829 -2.3630536 -2.3440862 -2.3850533 -2.4180248 -2.3834158 -2.2429572 -1.9738373
-2.5021341 -2.7083819 -2.8852558 -2.9926141 -3.0309778 -3.0381634 -2.9996356 -2.9594941 -2.909633 -2.8982112 -2.8841964 -2.9208512 -2.9328088 -2.9825545 -3.0067829 -3.062056 -3.1068104 -3.1741476 -3.2372546 -3.3030314 -3.3196134 -3.3219802 -3.2335433 -3.1260558 -2.9446301 -2.7910549 -2.629197 -2.5559484 -2.4914569 -2.5291411 -2.5965503 -2.6905145 -2.7210994 -2.739907 -2.6720824 -2.5946878 -2.5127536 -2.4892301 -2.5184924 -2.6481135 -2.8459764 -3.0816164 -3.3060529 -3.4406591 -3.4809317 -3.3755877 -3.1513504 -2.8891763 -2.5814239 -2.382573 -2.2421144 -2.2160625 -2.2525896 -2.3194244 -2.3050013 -2.1938049 -1.9030721
-2.7452392 -2.9415124 -3.0708578 -3.1239909 -3.0863336 -3.0276851 -2.9064825 -2.7952604 -2.7303459 -2.7191822 -2.7482399 -2.7989701 -2.8979465 -2.9814015 -3.0925221 -3.190227 -3.2866582 -3.3895804 -3.4648488 -3.5403793 -3.5550999 -3.5328353 -3.4322389 -3.2574516 -3.0502388 -2.8757071 -2.6708828 -2.5858687 -2.5273459 -2.5900358 -2.6913184 -2.818558 -2.9441387 -2.9901152 -2.9345389 -2.8623834 -2.7705082 -2.680578 -2.6759282 -2.7760628 -2.9346854 -3.1635657 -3.3914949 -3.5312315 -3.5876273 -3.4912458 -3.2726765 -2.9589127 -2.5891341 -2.3396382 -2.1708003 -2.1243596 -2.1367602 -2.2113446 -2.2196245 -2.1191816 -1.8372025
-3.0122899 -3.1413089 -3.2186911 -3.170116 -3.0863336 -2.9363742 -2.7845187 -2.6717966 -2.5723051 -2.6062185 -2.6567302 -2.7793541 -2.9166921 -3.0726262 -3.2306168 -3.3687994 -3.499065 -3.6151384 -3.6994746 -3.7789388 -3.7734115 -3.7388729 -3.605065 -3.4242777 -3.1843275 -2.9565565 -2.7409915 -2.6574774 -2.6024093 -2.7077532 -2.8576535 -3.029 -3.1560808 -3.2438674 -3.1872128 -3.1103465 -2.942827 -2.8284651 -2.7816456 -2.8126062 -2.9589172 -3.1892976 -3.4238669 -3.5894561 -3.6526266 -3.56484 -3.3365289 -3.0146446 -2.6236208 -2.3053051 -2.106322 -2.0183136 -2.024166 -2.0992235 -2.1236132 -2.0358265 -1.7187074
-3.2788624 -3.3797358 -3.3576265 -3.2702247 -3.0863336 -2.9091971 -2.6984173 -2.5829061 -2.4795804 -2.5403997 -2.6103678 -2.7831689 -2.9431848 -3.1476952 -3.3231909 -3.5000647 -3.6394459 -3.7740949 -3.8637453 -3.9511417 -3.9456144 -3.9110758 -3.7618385 -3.5734186 -3.3101681 -3.0755553 -2.8469625 -2.7667836 -2.7150035 -2.8508638 -3.0199189 -3.2299565 -3.363105 -3.4558094 -3.3771925 -3.2759262 -3.035976 -2.8880304 -2.7417194 -2.7387782 -2.8396999 -3.0735755 -3.3112727 -3.5161082 -3.5964506 -3.561336 -3.3439182 -3.0345141 -2.6208791 -2.2899719 -2.0383169 -1.9315771 -1.9115718 -1.982266 -2.0045604 -1.9284786 -1.6105724
-3.4249131 -3.4764286 -3.424199 -3.2905435 -3.0955188 -2.8998274 -2.6845221 -2.5837847 -2.481967 -2.5758272 -2.6589331 -2.8317341 -3.0041746 -3.1884271 -3.3614167 -3.5197169 -3.6583186 -3.7914329 -3.8888105 -3.9811981 -3.9944115 -3.9665678 -3.8391139 -3.6519578 -3.3959427 -3.1690545 -2.9407707 -2.8727546 -2.8255382 -2.9738146 -3.1484244 -3.3556884 -3.4827422 -3.5671354 -3.4198985 -3.3007204 -2.978476 -2.7685957 -2.5851119 -2.523058 -2.6027098 -2.8499378 -3.0961519 -3.3513038 -3.4635521 -3.462722 -3.2996811 -3.0016202 -2.5932849 -2.2361024 -1.9736174 -1.8396543 -1.805728 -1.8696718 -1.893843 -1.8228771 -1.5313318
-3.4954638 -3.4972402 -3.4088033 -3.2510508 -3.0415949 -2.8584941 -2.6634412 -2.6141398 -2.5478121 -2.6471388 -2.7669475 -2.9397486 -3.0943848 -3.2657313 -3.3913443 -3.5239996 -3.6188258 -3.7307616 -3.8177719 -3.9136184 -3.9302003 -3.9323287 -3.8162552 -3.6780013 -3.4321987 -3.2108588 -3.0055635 -2.945427 -2.9185813 -3.0765973 -3.2498375 -3.4543478 -3.5569886 -3.615513 -3.4626231 -3.2468363 -2.9015422 -2.5755212 -2.3414235 -2.2684131 -2.3144264 -2.566361 -2.8325939 -3.1076587 -3.303832 -3.3389466 -3.1882318 -2.9390202 -2.5374666 -2.1758271 -1.9007623 -1.7654296 -1.7048341 -1.7666925 -1.7906453 -1.7262684 -1.4415709
-3.3323714 -3.3188723 -3.24149 -3.1010182 -2.9648719 -2.817305 -2.7230499 -2.7233802 -2.720015 -2.8293511 -2.95902 -3.0791151 -3.2003558 -3.2690099 -3.3498798 -3.3719891 -3.4370537 -3.4923268 -3.5843904 -3.68843 -3.7372433 -3.766749 -3.7016702 -3.5945621 -3.405706 -3.1967796 -3.0254331 -2.9737804 -2.9583204 -3.1121073 -3.2829534 -3.46 -3.5367946 -3.542658 -3.355575 -3.0878798 -2.6943496 -2.3370864 -2.0571922 -1.9754158 -2.0163829 -2.2900718 -2.5742896 -2.8933398 -3.1140183 -3.2018049 -3.0694591 -2.8529187 -2.4606705 -2.1028706 -1.8219534 -1.6823387 -1.6121094 -1.6784616 -1.7045439 -1.6691886 -1.405153
-3.0658424 -3.0787213 -3.0251349 -2.9875906 -2.8874008 -2.8805141 -2.8149701 -2.8925038 -2.9260239 -3.0306554 -3.1339194 -3.1666223 -3.2193602 -3.1805026 -3.1606109 -3.1279383 -3.1326512 -3.175421 -3.2714991 -3.3815011 -3.5070404 -3.5655574 -3.5627861 -3.4832553 -3.3237911 -3.1700936 -3.0037592 -2.9673601 -2.9515163 -3.1019753 -3.2435944 -3.4046087 -3.462171 -3.4478552 -3.2058504 -2.935887 -2.5159221 -2.143624 -1.8674022 -1.8060762 -1.8522018 -2.1443545 -2.4472558 -2.7889702 -3.027714 -3.1155006 -2.9932424 -2.7760492 -2.379185 -2.0233923 -1.7424751 -1.6026595 -1.5332326 -1.6088167 -1.6467018 -1.6237247 -1.4346718
-2.7773243 -2.7839677 -2.7618584 -2.7627862 -2.7523134 -2.8097098 -2.8634612 -3.009627 -3.1367551 -3.2425084 -3.3243686 -3.329605 -3.2814907 -3.1764718 -3.0356254 -2.919552 -2.8495207 -2.8420276 -2.9237649 -3.0408127 -3.1789954 -3.307253 -3.3348895 -3.3329727 -3.2159238 -3.0844197 -2.9495193 -2.9218639 -2.9168211 -3.0572797 -3.1964205 -3.3401304 -3.3814536 -3.3404865 -3.0927425 -2.8100029 -2.388627 -2.029745 -1.7605326 -1.7140762 -1.7890362 -2.0882269 -2.4111471 -2.7564412 -2.9912212 -3.0790078 -2.9431192 -2.7101795 -2.3049236 -1.9451532 -1.664236 -1.5219422 -1.4593755 -1.5409347 -1.5968887 -1.5910363 -1.4081791
-2.5256431 -2.5335691 -2.5833149 -2.6168079 -2.7110631 -2.807104 -2.9694322 -3.1430476 -3.3023348 -3.388852 -3.4502092 -3.3730443 -3.2682443 -3.0442334 -2.8513465 -2.6302542 -2.5341212 -2.4843755 -2.5780938 -2.7162765 -2.8889675 -3.0489487 -3.1306505 -3.1647363 -3.1033296 -2.981683 -2.8766642 -2.8517064 -2.8505892 -2.9828506 -3.1169422 -3.2499275 -3.2906952 -3.2543851 -3.0241396 -2.7702638 -2.3916695 -2.0628609 -1.8607781 -1.8367964 -1.9479928 -2.2434273 -2.5634804 -2.8703616 -3.0826199 -3.1060296 -2.9447345 -2.6638172 -2.2394288 -1.8722981 -1.579734 -1.4391925 -1.3865205 -1.4773281 -1.53728 -1.559797 -1.3954233
-2.4219837 -2.4688813 -2.5298729 -2.624826 -2.7272877 -2.8789915 -3.0440047 -3.2004637 -3.3765518 -3.4025549 -3.4358568 -3.2835443 -3.1294223 -2.8519508 -2.6038999 -2.3704426 -2.2537289 -2.2029769 -2.3073837 -2.459941 -2.6755182 -2.8544683 -2.965281 -3.0108573 -2.9632699 -2.8842857 -2.7813816 -2.7675325 -2.7656476 -2.8944013 -3.0304656 -3.1706594 -3.2370702 -3.2121965 -3.0606541 -2.8116636 -2.5279521 -2.2216959 -2.0537552 -2.0872447 -2.2011449 -2.4606954 -2.7653307 -2.9989703 -3.1877141 -3.1669889 -2.9006778 -2.6129694 -2.1616679 -1.7817692 -1.4915937 -1.3611799 -1.3091799 -1.4089585 -1.4829814 -1.5086883 -1.3803981
-2.4085489 -2.4645915 -2.5419738 -2.6381304 -2.7638039 -2.906535 -3.0845725 -3.2268116 -3.3815761 -3.3863178 -3.3675751 -3.1944905 -2.9958208 -2.6918189 -2.4196173 -2.1653612 -2.0407941 -1.985521 -2.1025361 -2.2544031 -2.4702579 -2.669048 -2.7906488 -2.8541182 -2.824856 -2.7595538 -2.6711169 -2.6644783 -2.6729229 -2.8016767 -2.9466105 -3.0958478 -3.1797369 -3.1914417 -3.0639774 -2.8925048 -2.6480764 -2.4356736 -2.3186248 -2.3565491 -2.4853028 -2.7280519 -2.9837961 -3.1797459 -3.2761865 -3.2001048 -2.9116198 -2.5546208 -2.0917011 -1.6900445 -1.4032748 -1.2772959 -1.2304763 -1.3333446 -1.4176 -1.4468622 -1.3174633
-2.5641069 -2.620165 -2.6810607 -2.7591358 -2.8432822 -2.9438219 -3.0514565 -3.1428095 -3.2424892 -3.2048809 -3.1622563 -2.9842188 -2.7854469 -2.5146089 -2.2592582 -2.052767 -1.9376823 -1.8994196 -2.0096373 -2.148432 -2.3418878 -2.5299468 -2.640493 -2.7029742 -2.6791458 -2.6245313 -2.5518995 -2.560167 -2.5801983 -2.7248247 -2.8838346 -3.0551812 -3.1588679 -3.2113113 -3.1297211 -2.9984758 -2.8229026 -2.6343693 -2.5555663 -2.5941804 -2.7104912 -2.9027146 -3.122883 -3.2340794 -3.3093025 -3.151425 -2.8348846 -2.455273 -1.9923533 -1.5906967 -1.30962 -1.1926858 -1.1576213 -1.2604895 -1.3447449 -1.3684637 -1.2379851
-2.7288877 -2.8096071 -2.8576951 -2.9156431 -2.9400046 -2.9928146 -2.999101 -2.9456527 -3.0105285 -2.9699824 -2.8829012 -2.7098632 -2.5560846 -2.3128002 -2.1393162 -1.9763327 -1.9165446 -1.9001891 -2.0125431 -2.1252074 -2.3186631 -2.4387657 -2.540328 -2.5680612 -2.5446514 -2.4918864 -2.4511996 -2.46708 -2.5238496 -2.6777872 -2.8480883 -3.0231449 -3.1569311 -3.2270564 -3.1539457 -3.0783164 -2.9050351 -2.7852495 -2.7049939 -2.7390717 -2.8123505 -2.9319247 -3.1226077 -3.2246738 -3.1888612 -3.0234481 -2.7012397 -2.3258085 -1.8930055 -1.4934576 -1.2310698 -1.1304467 -1.1092266 -1.2094098 -1.2917061 -1.3107826 -1.1759271
-2.9156196 -2.9790078 -3.0066444 -2.9846286 -2.9584467 -2.893446 -2.8463184 -2.7752614 -2.7199883 -2.6486842 -2.587327 -2.4753415 -2.381052 -2.2318147 -2.1234965 -2.0184776 -1.9829338 -1.9774065 -2.0625571 -2.156203 -2.2658821 -2.368361 -2.4291613 -2.4598293 -2.4364195 -2.4169666 -2.38933 -2.439113 -2.5018925 -2.6716133 -2.8419467 -3.0243478 -3.1561774 -3.2498165 -3.2102198 -3.1409842 -2.9973105 -2.8737661 -2.7859795 -2.7607365 -2.8134085 -2.9096837 -3.0153359 -3.0537535 -3.0111663 -2.835593 -2.5497805 -2.1810767 -1.7746177 -1.4197835 -1.1856858 -1.1005158 -1.0829585 -1.1806552 -1.2548965 -1.2666014 -1.1327242
-2.9900634 -3.0534537 -3.0596299 -2.9991033 -2.8922148 -2.761907 -2.6145068 -2.4838551 -2.3689593 -2.2976552 -2.236298 -2.2310616 -2.1808638 -2.1974457 -2.1420711 -2.1509414 -2.1329047 -2.1562325 -2.2178944 -2.262174 -2.3119198 -2.3872676 -2.4093769 -2.4372961 -2.4297964 -2.4299598 -2.4290691 -2.4981369 -2.5747475 -2.7406306 -2.9051953 -3.0710145 -3.1980855 -3.2829325 -3.246995 -3.1807234 -3.016855 -2.8870125 -2.7565598 -2.6793016 -2.6676983 -2.7077352 -2.7769012 -2.7827536 -2.7329924 -2.5974039 -2.3597569 -2.0419897 -1.7111905 -1.3800443 -1.1848846 -1.1099743 -1.0962049 -1.1890165 -1.2615197 -1.2732246 -1.1420332
-2.9160546 -3.0051802 -3.0198677 -2.9285715 -2.7982738 -2.5880731 -2.3969337 -2.1940648 -2.036927 -1.9849497 -1.9400957 -2.0088841 -2.0474174 -2.1523769 -2.2174522 -2.2760687 -2.3204849 -2.3588843 -2.4011159 -2.4222739 -2.4362982 -2.4804648 -2.5025741 -2.5274921 -2.5350094 -2.5634048 -2.5789341 -2.6437938 -2.7320133 -2.8897802 -3.0045082 -3.1447904 -3.2454334 -3.3194416 -3.2770933 -3.2128713 -3.0402991 -2.8858275 -2.7263811 -2.570409 -2.5153096 -2.4829639 -2.5174436 -2.5153499 -2.4670049 -2.3614065 -2.2198412 -1.9437739 -1.6789266 -1.3985193 -1.2203138 -1.1500097 -1.1368792 -1.2209719 -1.2910766 -1.3074574 -1.1879709
-2.7113008 -2.8421165 -2.8697531 -2.8040616 -2.6469698 -2.434335 -2.1826466 -1.9606672 -1.7506296 -1.7009026 -1.6853881 -1.7848796 -1.9233848 -2.0947313 -2.2709123 -2.3980404 -2.5031055 -2.5665113 -2.5960075 -2.612467 -2.6179943 -2.6314126 -2.6535218 -2.6996427 -2.7289049 -2.768397 -2.8126155 -2.88101 -2.9391697 -3.0562186 -3.1436857 -3.2542319 -3.3026141 -3.3494336 -3.3013213 -3.2377947 -3.0622214 -2.8836742 -2.6846911 -2.5211466 -2.3790763 -2.3056561 -2.2700698 -2.2642174 -2.2304955 -2.1602662 -2.0338458 -1.8782232 -1.6587629 -1.4466962 -1.2886803 -1.2198907 -1.1929394 -1.2666303 -1.33238 -1.3557897 -1.2423612
-2.4385671 -2.5879265 -2.6763634 -2.626145 -2.5004715 -2.2868967 -2.0303133 -1.8055593 -1.5916731 -1.5558716 -1.5529243 -1.7112051 -1.8836457 -2.1355529 -2.3444548 -2.5434379 -2.6635236 -2.7519605 -2.7814568 -2.7979163 -2.8146222 -2.8367314 -2.8923063 -2.9568092 -3.0269484 -3.0664405 -3.1106589 -3.1463516 -3.1643581 -3.2026755 -3.2481115 -3.2812754 -3.3090969 -3.3361872 -3.2991756 -3.2510411 -3.0879616 -2.9167049 -2.6884596 -2.4970396 -2.2863516 -2.1711619 -2.0978669 -2.0829276 -2.0490053 -2.0373004 -1.9461403 -1.8583537 -1.6929863 -1.5065513 -1.3543878 -1.2802689 -1.2393018 -1.2955972 -1.3526367 -1.3994563 -1.2977319
-2.1850236 -2.3884137 -2.5147185 -2.5193225 -2.4166526 -2.2299399 -1.9827191 -1.7708324 -1.5566828 -1.5376687 -1.5487491 -1.7333573 -1.9304589 -2.1970239 -2.4349853 -2.6386408 -2.7749967 -2.8659968 -2.895493 -2.9365525 -3.0056584 -3.0456207 -3.1392266 -3.2106238 -3.2882414 -3.299093 -3.3325285 -3.2525183 -3.2636155 -3.2523857 -3.159539 -3.1564565 -3.1906888 -3.2172096 -3.2395282 -3.1953171 -3.0877514 -2.9071831 -2.6839232 -2.4422931 -2.2221922 -2.0546329 -1.9556701 -1.9212827 -1.9059835 -1.9143794 -1.9119368 -1.8337232 -1.701682 -1.5394571 -1.3872936 -1.2847063 -1.2380554 -1.28959 -1.3466295 -1.4011663 -1.3299749
-1.9328192 -2.1789463 -2.3502928 -2.40772 -2.355356 -2.2079973 -1.9933051 -1.7967345 -1.5977515 -1.578971 -1.5935879 -1.7774938 -1.9740802 -2.2439025 -2.4762058 -2.6862435 -2.8207638 -2.9202553 -2.9744078 -3.0253536 -3.1126879 -3.2023442 -3.3147259 -3.4104033 -3.4981899 -3.4893802 -3.4727983 -3.3466152 -3.2455883 -3.122687 -2.9868356 -2.9481444 -2.963223 -2.9983376 -3.0507161 -3.0725151 -3.002428 -2.8693223 -2.6527819 -2.4156006 -2.1580931 -1.9701024 -1.8138744 -1.769189 -1.7553206 -1.7845828 -1.802901 -1.7853437 -1.673243 -1.5388624 -1.3866989 -1.2811458 -1.205064 -1.2520093 -1.3107895 -1.3751663 -1.3158383
-1.7895053 -2.0531582 -2.2908324 -2.3792989 -2.3950081 -2.2737588 -2.1139417 -1.9285958 -1.7467732 -1.724132 -1.7355134 -1.8873689 -2.0663318 -2.287424 -2.4970569 -2.6628761 -2.7843932 -2.8634851 -2.93009 -2.9969685 -3.113042 -3.2236331 -3.3618157 -3.4639127 -3.5282896 -3.4787047 -3.3805468 -3.1705562 -2.9759299 -2.7567189 -2.5708437 -2.4824068 -2.5032749 -2.5867538 -2.6990688 -2.7957604 -2.8074653 -2.7235104 -2.5479372 -2.3078474 -2.0303602 -1.8107581 -1.6222751 -1.5578982 -1.5395232 -1.5980477 -1.6407197 -1.6647071 -1.5798423 -1.4608034 -1.3086398 -1.1984255 -1.1128125 -1.1553773 -1.2141332 -1.3077723 -1.2585151
-1.7712972 -2.0442906 -2.2850255 -2.4092482 -2.4380335 -2.356798 -2.2099454 -2.0589485 -1.8871148 -1.8546139 -1.8563229 -1.9634589 -2.1132954 -2.279409 -2.4447339 -2.5732115 -2.6555279 -2.7183676 -2.7866821 -2.8429665 -2.9590399 -3.0762292 -3.201868 -3.2834917 -3.3118807 -3.1885617 -3.0507186 -2.7370934 -2.4904941 -2.2321432 -2.005049 -1.9232609 -1.976217 -2.0932877 -2.3068318 -2.4466774 -2.5454669 -2.4970322 -2.3396323 -2.1059833 -1.8216403 -1.5798039 -1.3762196 -1.3023552 -1.2854011 -1.3575566 -1.4394908 -1.4852774 -1.4444494 -1.3339353 -1.1915465 -1.0874488 -0.99966214 -1.0521532 -1.1165923 -1.2226661 -1.1894906
