mean_models/J1_mean_tot_conduct_slide_61.34.dat.tif
NCOLS 118
NROWS 92
XLLCORNER 139.62
YLLCORNER -39.07
DX 0.099491525
DY 0.099347826
NODATA_VALUE -9999
[rows 26 to 51 of 92, columns 57 to 113 of 118]
-3.3848496 -3.2739988 -3.1468708 -3.0314765 -2.9215122 -2.8255186 -2.7469727 -2.6844627 -2.6402443 -2.6251449 -2.6226695 -2.6569779 -2.6898556 -2.7492116 -2.797896 -2.8586964 -2.8910486 -2.9186851 -2.9100505 -2.8900111 -2.8388121 -2.7834872 -2.7009763 -2.6199642 -2.53803 -2.4773606 -2.4220876 -2.4085252 -2.4008826 -2.4418497 -2.5033858 -2.5807681 -2.6780085 -2.7833525 -2.8899381 -2.9947922 -3.0942837 -3.1881372 -3.2700714 -3.3229276 -3.3697471 -3.3862105 -3.3951379 -3.3650001 -3.3415903 -3.3181805 -3.3014091 -3.2721469 -3.244321 -3.1982175 -3.1806601 -3.1721351 -3.1428729 -3.0884328 -3.004184 -2.8637253 -2.6473481
-3.5495199 -3.4490891 -3.3440703 -3.2317754 -3.126831 -3.0204572 -2.9191756 -2.8372436 -2.7660849 -2.7165227 -2.6889013 -2.6731922 -2.6832324 -2.6887597 -2.7177595 -2.7343414 -2.7553841 -2.7597286 -2.7457508 -2.7178082 -2.6625352 -2.6046611 -2.5272788 -2.4485449 -2.3724503 -2.3163131 -2.2697542 -2.2628333 -2.2617956 -2.3115107 -2.3789198 -2.4728841 -2.5771102 -2.697251 -2.8069597 -2.9153139 -3.0148055 -3.1086248 -3.1788541 -3.2239937 -3.2571529 -3.2666547 -3.2692973 -3.2049204 -3.1701792 -3.1584743 -3.1546957 -3.1463063 -3.217651 -3.2195652 -3.2371225 -3.2432391 -3.2355975 -3.1811574 -3.096715 -2.9445515 -2.7117798
-3.6804959 -3.6046571 -3.5130001 -3.4112722 -3.3078899 -3.1995714 -3.0939707 -2.984728 -2.9009472 -2.8188565 -2.7670479 -2.7185952 -2.6971895 -2.6779707 -2.6713747 -2.6736861 -2.665913 -2.6619769 -2.6393074 -2.602377 -2.5427018 -2.4840813 -2.4100465 -2.335473 -2.2615565 -2.2110494 -2.1675136 -2.1709035 -2.1743582 -2.2277298 -2.3008753 -2.3973302 -2.5039378 -2.6255812 -2.7336531 -2.8433462 -2.9299712 -3.0200659 -3.0815148 -3.1104131 -3.1379171 -3.1368024 -3.138487 -3.09366 -3.0496072 -3.0481982 -3.0717925 -3.0742935 -3.1733403 -3.2273994 -3.2643522 -3.3058477 -3.3090965 -3.2607897 -3.1726226 -3.0204591 -2.7657034
-3.7888206 -3.7343786 -3.6625236 -3.5762315 -3.4767399 -3.3707399 -3.2607756 -3.1483421 -3.037796 -2.9452618 -2.8568237 -2.7939869 -2.7330998 -2.6944087 -2.6596288 -2.6375195 -2.6127201 -2.5906109 -2.5548999 -2.5152914 -2.454491 -2.3928041 -2.3209491 -2.2510776 -2.1808483 -2.1335358 -2.0948446 -2.100343 -2.114511 -2.1730355 -2.2448359 -2.3443274 -2.4514175 -2.5684663 -2.6720591 -2.7753428 -2.8542886 -2.9249466 -2.9717661 -2.9939389 -3.0114962 -3.0075183 -3.0014069 -2.9667691 -2.9497203 -2.9614251 -2.9937626 -3.0230248 -3.1363828 -3.2311778 -3.2955546 -3.3457933 -3.3750556 -3.3311639 -3.2471335 -3.09497 -2.837524
-3.8881685 -3.8399816 -3.7867084 -3.7077518 -3.6195524 -3.5164704 -3.4097973 -3.2865143 -3.16819 -3.0523001 -2.9552559 -2.8610008 -2.7910072 -2.7192456 -2.6757051 -2.6313103 -2.5952839 -2.5595647 -2.5224381 -2.478036 -2.4172356 -2.3564352 -2.2956349 -2.2294918 -2.1684298 -2.1273334 -2.0948446 -2.1045056 -2.1207203 -2.1792447 -2.2484449 -2.3381182 -2.4376097 -2.5436294 -2.6273975 -2.7194597 -2.7662792 -2.831808 -2.8509459 -2.8518981 -2.8562652 -2.8479646 -2.8399667 -2.8282618 -2.813117 -2.8497842 -2.9145299 -2.9671416 -3.1125978 -3.21255 -3.3108273 -3.3894763 -3.4371479 -3.4036379 -3.3216443 -3.1694808 -2.9000691
-3.955442 -3.9295529 -3.8829894 -3.8223315 -3.7390873 -3.6376456 -3.5329177 -3.4108077 -3.2836797 -3.1573477 -3.0422369 -2.940566 -2.846383 -2.7668198 -2.6949648 -2.6417293 -2.5921657 -2.5479473 -2.5037288 -2.4594492 -2.4051206 -2.3465518 -2.290114 -2.2393998 -2.1848713 -2.1573651 -2.1297286 -2.1440709 -2.1634037 -2.2219281 -2.2852102 -2.3696739 -2.4481385 -2.5471715 -2.6017363 -2.6768116 -2.6986501 -2.7341935 -2.7335515 -2.6875027 -2.6816503 -2.6612051 -2.6545157 -2.6647609 -2.67338 -2.7227938 -2.8318465 -2.9079283 -3.0779397 -3.2113619 -3.3267716 -3.4382173 -3.5025941 -3.4809793 -3.4052222 -3.2519501 -2.9671615
-4.0155978 -3.9957848 -3.962621 -3.908433 -3.8403598 -3.7433232 -3.6333589 -3.5101556 -3.3830275 -3.2505558 -3.1217152 -3.0117509 -2.9059916 -2.8120274 -2.7280807 -2.6562257 -2.5986067 -2.548861 -2.5037288 -2.4594492 -2.4097034 -2.3597982 -2.3100524 -2.2658925 -2.2307779 -2.2118011 -2.2007465 -2.2184641 -2.242882 -2.3014064 -2.3646885 -2.4365435 -2.5077472 -2.5779765 -2.617506 -2.6503188 -2.6503188 -2.6331194 -2.574595 -2.5268233 -2.4858562 -2.4574148 -2.4359505 -2.4710651 -2.5208714 -2.5969532 -2.712666 -2.8472722 -3.037407 -3.2143473 -3.3665108 -3.4805387 -3.5741778 -3.5615331 -3.4960675 -3.3380515 -3.0517953
-4.0530426 -4.0378617 -4.0124942 -3.9647808 -3.9027412 -3.8095342 -3.7021139 -3.5788308 -3.4517028 -3.3138873 -3.1815414 -3.0558679 -2.9455404 -2.8372829 -2.7505927 -2.6750278 -2.6136107 -2.5612097 -2.5166662 -2.4780363 -2.4448725 -2.401228 -2.371557 -2.3367489 -2.3169799 -2.3134444 -2.3118054 -2.3394325 -2.3665287 -2.4250531 -2.4804445 -2.5356522 -2.5873845 -2.640039 -2.6374327 -2.6540408 -2.5838115 -2.5637268 -2.4742718 -2.3796806 -2.3183114 -2.2744059 -2.2498381 -2.2905339 -2.3414561 -2.4472541 -2.6118603 -2.7660091 -3.0171634 -3.196422 -3.3854461 -3.5368918 -3.6421357 -3.6416163 -3.5768523 -3.4227825 -3.1313866
-4.0706178 -4.0630273 -4.0414454 -4.0032047 -3.9456044 -3.8606891 -3.7559612 -3.6388512 -3.5117232 -3.3714077 -3.2351963 -3.1095227 -2.9848588 -2.8720527 -2.7736299 -2.6961723 -2.6327072 -2.5774341 -2.5357627 -2.4998776 -2.4764689 -2.4488842 -2.4267844 -2.4168943 -2.4061989 -2.4225612 -2.4336158 -2.4690113 -2.5038385 -2.5623629 -2.6138089 -2.6625 -2.6842323 -2.719347 -2.6860876 -2.665987 -2.570177 -2.4886715 -2.3807777 -2.2412363 -2.1534497 -2.0975377 -2.0619267 -2.1048405 -2.1751645 -2.2970987 -2.5018195 -2.6890977 -2.9669121 -3.2038036 -3.412328 -3.5900847 -3.712986 -3.7166367 -3.6615628 -3.5100224 -3.2205035
-4.0662355 -4.0564041 -4.0453495 -4.0110634 -3.9639359 -3.8827398 -3.7884846 -3.6755453 -3.5580855 -3.4149263 -3.2749354 -3.1492619 -3.0245979 -2.9029971 -2.8001227 -2.7172131 -2.6525767 -2.5973037 -2.5592894 -2.5263703 -2.5153157 -2.5018697 -2.4963424 -2.4963726 -2.5139299 -2.5415584 -2.579326 -2.6193919 -2.662795 -2.7213194 -2.7727654 -2.8114565 -2.8242994 -2.8125945 -2.7574374 -2.6924798 -2.5578736 -2.4312811 -2.2615603 -2.1133449 -1.9812468 -1.9178489 -1.8698543 -1.9166738 -2.0007665 -2.1646349 -2.3839869 -2.6228658 -2.9359026 -3.2136585 -3.4653135 -3.6483245 -3.7924643 -3.7994783 -3.7498289 -3.6093703 -3.3186873
-4.0446866 -4.0362147 -4.028311 -4.0051318 -3.9648127 -3.8961418 -3.8072768 -3.7003801 -3.5854048 -3.4533003 -3.3100442 -3.1706844 -3.0473905 -2.9298069 -2.8227542 -2.736882 -2.6748481 -2.621483 -2.5843455 -2.5623234 -2.5619208 -2.5575611 -2.5733908 -2.5884188 -2.6214218 -2.6685567 -2.7136744 -2.7717064 -2.8185192 -2.8770436 -2.9205988 -2.9456318 -2.9374887 -2.9126928 -2.8087839 -2.7263912 -2.5344447 -2.3885624 -2.1876512 -1.9880799 -1.8390499 -1.761155 -1.7108527 -1.76734 -1.8593241 -2.0441798 -2.3144989 -2.5745426 -2.9432962 -3.2368347 -3.5119281 -3.7206519 -3.871684 -3.8207745 -3.7737555 -3.6492909 -3.3951981
-3.9978623 -3.9973289 -3.9918016 -3.9759674 -3.944549 -3.8893302 -3.8107843 -3.7142185 -3.6036723 -3.4768601 -3.3444798 -3.2048526 -3.0711134 -2.9553728 -2.8531256 -2.7646887 -2.7006067 -2.650861 -2.6237847 -2.6037456 -2.607029 -2.6148397 -2.6387102 -2.6773341 -2.7241537 -2.7856446 -2.846445 -2.9089483 -2.9695994 -3.0281238 -3.0665703 -3.0831522 -3.0599004 -3.0130809 -2.8898958 -2.7642433 -2.5499761 -2.3415962 -2.1133509 -1.8899391 -1.7085133 -1.6227061 -1.5648383 -1.6268114 -1.7395333 -1.9385163 -2.232676 -2.537003 -2.9275744 -3.2756511 -3.5682732 -3.7855115 -3.9493799 -3.8874235 -3.804697 -3.6935005 -3.4513281
-3.910317 -3.9117609 -3.9117609 -3.9007337 -3.8849403 -3.8391598 -3.7842915 -3.6980704 -3.6036723 -3.4877825 -3.3643494 -3.2334395 -3.1042293 -2.9936832 -2.8935865 -2.8106769 -2.746969 -2.6972233 -2.673007 -2.6567311 -2.6677857 -2.6810716 -2.7197628 -2.7658164 -2.8360457 -2.9044719 -2.9789087 -3.0445443 -3.1086863 -3.1672107 -3.2048478 -3.2048478 -3.1746103 -3.1124287 -2.965767 -2.8106056 -2.5530982 -2.320083 -2.0450182 -1.8057959 -1.5959191 -1.5035271 -1.4389978 -1.5150795 -1.6376525 -1.8776026 -2.1888887 -2.5237566 -2.9488828 -3.317564 -3.6394484 -3.8583666 -4.022235 -3.9436367 -3.8519149 -3.7582758 -3.5254044
-3.7940833 -3.8061465 -3.8157609 -3.8188786 -3.8092582 -3.7863679 -3.739251 -3.6846296 -3.5982979 -3.5063423 -3.3912315 -3.2755808 -3.1538286 -3.0530921 -2.957094 -2.8763997 -2.8143658 -2.76462 -2.7420777 -2.721223 -2.7368564 -2.7546059 -2.7968212 -2.8478966 -2.9181259 -3.0045895 -3.0845499 -3.1522617 -3.2180776 -3.2757258 -3.3056538 -3.3003193 -3.2586493 -3.1914033 -3.0187277 -2.8492903 -2.5694555 -2.3063099 -2.0170146 -1.7534304 -1.5337229 -1.4333111 -1.3665406 -1.4507956 -1.5901076 -1.8410602 -2.1836824 -2.5330375 -2.9826545 -3.3730966 -3.697582 -3.9147256 -4.0777676 -3.9806096 -3.8872138 -3.7984778 -3.5846393
-3.6629312 -3.6808294 -3.7029387 -3.7195308 -3.7247672 -3.7138951 -3.6877131 -3.6452976 -3.5900246 -3.5099357 -3.4238826 -3.3144828 -3.210296 -3.1163318 -3.0305474 -2.9531651 -2.8913676 -2.8416218 -2.8145456 -2.7918366 -2.8067293 -2.8288903 -2.8731088 -2.927541 -2.9977703 -3.084234 -3.1781982 -3.2507038 -3.3161358 -3.3688078 -3.3996416 -3.388587 -3.3174604 -3.2413787 -3.0749709 -2.8792567 -2.594681 -2.3003938 -1.9902144 -1.7266301 -1.4925324 -1.3900753 -1.3194068 -1.4078983 -1.5634317 -1.8267917 -2.1739428 -2.5543515 -3.0119868 -3.4244263 -3.7521631 -3.9620603 -4.1200763 -4.0321834 -3.9261592 -3.844225 -3.6249518
-3.5086576 -3.5324878 -3.5704749 -3.5981268 -3.6254194 -3.6306558 -3.6281044 -3.6093719 -3.5767782 -3.5321925 -3.4636217 -3.3903122 -3.297326 -3.2144164 -3.1314141 -3.0591361 -2.9921916 -2.9343465 -2.9052073 -2.877938 -2.8834653 -2.9017454 -2.9459638 -3.0003961 -3.0706254 -3.1570891 -3.2510533 -3.3353471 -3.4088604 -3.4652977 -3.4989894 -3.4879348 -3.3547194 -3.1619004 -3.0290778 -2.8593871 -2.5901748 -2.3003938 -1.9954751 -1.7305748 -1.4925324 -1.3900753 -1.3194068 -1.4188983 -1.5766781 -1.856957 -2.2131733 -2.6007139 -3.0583491 -3.4707886 -3.7820551 -3.9740142 -4.1134531 -4.104881 -4.0255071 -3.9275512 -3.6961554
-3.3354058 -3.3760023 -3.4223567 -3.465663 -3.509613 -3.5313079 -3.5573981 -3.5829806 -3.5663987 -3.5230983 -3.4992087 -3.4271815 -3.3751231 -3.2974611 -3.2349141 -3.1651632 -3.1023148 -3.0351969 -2.9996131 -2.9640395 -2.9695668 -2.9662961 -3.0081287 -3.045596 -3.1102631 -3.1967268 -3.2768507 -3.3583761 -3.4355341 -3.494447 -3.5319024 -3.5225 -3.39499 -3.1618391 -3.0035778 -2.8602784 -2.5917824 -2.3271862 -2.0266272 -1.7662633 -1.5334908 -1.4357492 -1.3650807 -1.4651302 -1.6382209 -1.9146125 -2.2670502 -2.6512284 -3.1047114 -3.5108249 -3.8125512 -3.9963548 -4.113654 -4.10241 -4.0566949 -3.9572034 -3.7258076
-3.1812468 -3.2329694 -3.2937698 -3.3562993 -3.4138997 -3.4643629 -3.5062541 -3.5371563 -3.5592655 -3.553674 -3.5413947 -3.4995035 -3.4564761 -3.401203 -3.3418075 -3.2754798 -3.2049459 -3.1330909 -3.0884393 -3.0467794 -3.026869 -3.0148522 -3.0424887 -3.0763215 -3.1289935 -3.1918788 -3.2637338 -3.3389702 -3.4154995 -3.4798764 -3.5207583 -3.515231 -3.3920824 -3.1638372 -3.0140631 -2.8737188 -2.6312308 -2.3703933 -2.0777712 -1.8325717 -1.6043264 -1.5088818 -1.4432179 -1.5483883 -1.7169626 -1.986175 -2.3248712 -2.70528 -3.1525315 -3.5462326 -3.8330023 -4.0010038 -4.1122002 -4.1002293 -4.0545142 -3.9550227 -3.7236269
-3.0630557 -3.1195222 -3.1944219 -3.2689058 -3.3455981 -3.4103795 -3.4689987 -3.5212739 -3.5592655 -3.5813748 -3.5791414 -3.5634322 -3.5267072 -3.488016 -3.4304346 -3.3686184 -3.2953321 -3.2200203 -3.1694885 -3.1088718 -3.0646533 -3.0435649 -3.0380376 -3.0622563 -3.0917381 -3.1424086 -3.2016414 -3.2686612 -3.3409886 -3.4053655 -3.448739 -3.4531386 -3.3448609 -3.1390002 -3.0048684 -2.8737188 -2.6630309 -2.4076488 -2.1430343 -1.9213693 -1.7098835 -1.6229756 -1.5611935 -1.660685 -1.8287289 -2.0828008 -2.4018288 -2.7673724 -3.1828519 -3.5710696 -3.833353 -3.9917079 -4.0997818 -4.0826743 -4.0358865 -3.9268996 -3.6984549
-2.948971 -3.0244019 -3.1051404 -3.1956866 -3.2801809 -3.3699669 -3.4380401 -3.512956 -3.5682291 -3.6048603 -3.6218352 -3.6086559 -3.5899903 -3.5552692 -3.509304 -3.449434 -3.3748407 -3.2974584 -3.2336778 -3.1592736 -3.0952919 -3.0488418 -3.0231612 -3.01291 -3.028921 -3.0535689 -3.1033147 -3.1575009 -3.2237006 -3.2880775 -3.3359867 -3.3470435 -3.3174896 -3.1278019 -3.0060333 -2.887837 -2.6898715 -2.4641487 -2.2153362 -2.0285921 -1.8296091 -1.7555829 -1.6988218 -1.7927099 -1.9509153 -2.1952416 -2.4813374 -2.8324839 -3.2235557 -3.5828469 -3.8390382 -4.0020644 -4.1074083 -4.1000321 -4.0462622 -3.9268993 -3.6663602
-2.8566776 -2.9383005 -3.0322647 -3.1294547 -3.2289462 -3.324782 -3.4190371 -3.5043796 -3.5872892 -3.6326843 -3.6681975 -3.6577247 -3.6429758 -3.6153393 -3.5755359 -3.5202628 -3.4475716 -3.364662 -3.2818611 -3.1990127 -3.1216304 -3.0488418 -2.9935687 -2.9533013 -2.935744 -2.9454702 -2.9675795 -3.0139735 -3.064382 -3.1229064 -3.1704069 -3.1980435 -3.1784027 -3.1198783 -3.0218445 -2.9143298 -2.7270516 -2.5319951 -2.3213072 -2.135709 -1.9659882 -1.8995906 -1.8577784 -1.945565 -2.085443 -2.3078358 -2.5896753 -2.8998548 -3.2711174 -3.6006295 -3.8522845 -4.0162277 -4.1332766 -4.1340497 -4.0790628 -3.9268993 -3.6648156
-2.8439738 -2.9278765 -3.0257933 -3.1261662 -3.2287288 -3.3318109 -3.4312626 -3.521003 -3.6058123 -3.6673472 -3.7054828 -3.69501 -3.683023 -3.6650241 -3.6252642 -3.5699911 -3.490363 -3.4020343 -3.3155109 -3.2049648 -3.0944186 -3.008971 -2.9131136 -2.8565638 -2.8117712 -2.8024422 -2.8125102 -2.849125 -2.8967393 -2.9576889 -3.0148712 -3.0551563 -3.0612455 -3.0265889 -2.9707924 -2.8792028 -2.7563015 -2.5632873 -2.391806 -2.2539794 -2.1024909 -2.0511878 -2.0119149 -2.0884305 -2.2281563 -2.424752 -2.6595875 -2.9497352 -3.2666454 -3.5944841 -3.8170893 -3.9515061 -4.0590537 -4.054007 -3.9986076 -3.8424437 -3.5964916
-2.844904 -2.93816 -3.0376516 -3.1377029 -3.2424308 -3.3446007 -3.4493287 -3.5414151 -3.629852 -3.6915705 -3.7419647 -3.7332247 -3.7198676 -3.7020978 -3.6685432 -3.6132701 -3.5259681 -3.4320039 -3.324438 -3.2032927 -3.077766 -2.9627566 -2.8546121 -2.7551206 -2.6947771 -2.6571542 -2.6516269 -2.6771074 -2.7174832 -2.7818601 -2.8494912 -2.8960507 -2.9301037 -2.9183988 -2.8906035 -2.835059 -2.7359927 -2.6036946 -2.4547186 -2.362306 -2.2335522 -2.1964243 -2.167478 -2.2395505 -2.3585386 -2.5418049 -2.7397247 -2.9972322 -3.2894606 -3.5682384 -3.7752927 -3.8877633 -3.9814024 -3.9699037 -3.9087341 -3.7510877 -3.5175559
-2.8889674 -2.9845224 -3.0840139 -3.1835054 -3.2829969 -3.3833073 -3.4827988 -3.574531 -3.6629679 -3.7246864 -3.7750806 -3.7698442 -3.7596067 -3.7374975 -3.7016591 -3.646386 -3.5563201 -3.445774 -3.3228241 -3.1900463 -3.0463364 -2.9097711 -2.7771157 -2.662396 -2.5629044 -2.5107314 -2.4728008 -2.4914496 -2.5187876 -2.5885819 -2.6574187 -2.7237464 -2.7697033 -2.804818 -2.7946453 -2.7754503 -2.7110735 -2.6219835 -2.5341968 -2.4499945 -2.366016 -2.3386373 -2.3264346 -2.3908114 -2.4956124 -2.6477759 -2.8316443 -3.0369713 -3.2980213 -3.53934 -3.7090608 -3.8177647 -3.895301 -3.8771915 -3.8105266 -3.6583631 -3.4292554
-2.9840634 -3.0773195 -3.169675 -3.2646938 -3.3517098 -3.4462638 -3.5272302 -3.6005841 -3.6844752 -3.7450456 -3.7907835 -3.7892789 -3.7877372 -3.7656279 -3.7289707 -3.6699413 -3.5778274 -3.4576593 -3.3263143 -3.1826043 -3.03193 -2.8683943 -2.7186066 -2.5639852 -2.4469624 -2.3890575 -2.3248051 -2.3339222 -2.3436931 -2.4118818 -2.4769549 -2.5531957 -2.6323656 -2.685673 -2.6855857 -2.7158416 -2.6679462 -2.6318096 -2.5758483 -2.5120597 -2.4720538 -2.4686739 -2.4621737 -2.5287607 -2.6306052 -2.7631936 -2.9376153 -3.0972591 -3.2855213 -3.5137385 -3.6608666 -3.7573371 -3.8170078 -3.7678727 -3.7003889 -3.5590731 -3.3365308
-3.0882663 -3.1681043 -3.2557764 -3.3293043 -3.4130867 -3.4835683 -3.5621142 -3.6306131 -3.7024681 -3.7534369 -3.8008252 -3.8060616 -3.8058898 -3.7848381 -3.7457562 -3.6849558 -3.5858833 -3.4642825 -3.3245462 -3.177919 -2.9994735 -2.8247795 -2.6494979 -2.485684 -2.3564126 -2.2630748 -2.1967471 -2.1859946 -2.1953818 -2.2597586 -2.3278674 -2.4112319 -2.4976845 -2.5737662 -2.6284046 -2.6614521 -2.6655186 -2.6462963 -2.612297 -2.607625 -2.5725103 -2.5788406 -2.5854807 -2.65571 -2.7462633 -2.8670118 -2.9915692 -3.1495852 -3.3158123 -3.4836444 -3.6159187 -3.6814327 -3.7399571 -3.690527 -3.6082373 -3.473392 -3.2645083
