mean_models/J1_mean_vp_slide_diff2_20.dat.tif
NCOLS 118
NROWS 92
XLLCORNER 139.62
YLLCORNER -39.07
DX 0.099491525
DY 0.099347826
NODATA_VALUE -9999
[rows 50 to 74 of 92, columns 0 to 56 of 118]
-9999 0.35674622 0.35752372 0.35830123 0.36415968 0.37225633 0.38035298 0.38206258 0.3764007 0.37073881 0.35897797 0.34248358 0.32598919 0.31304115 0.30719486 0.30134857 0.29812871 0.30911572 0.32010274 0.3253916 0.31753459 0.30967758 0.30587757 0.30706136 0.30824514 0.30550557 0.29225043 0.2789953 0.26525744 0.24873291 0.23220838 0.2221935 0.22472717 0.22726083 0.227135 0.22470218 0.22226936 0.21568717 0.20316874 0.1906503 0.17740423 0.16377132 0.15013841 0.14165366 0.13686986 0.13208607 0.12097474 0.10496394 0.08895313 0.087918809 0.089472831 0.09203328 0.098905479 0.10577768 0.11021136 0.1061983 0.10218523
-9999 0.37520571 0.37633305 0.3844297 0.39252635 0.400623 0.40871966 0.41042926 0.40476737 0.38917618 0.37268179 0.3561874 0.33969301 0.32674496 0.32089868 0.31505239 0.3092061 0.30335981 0.31139457 0.31668343 0.30882642 0.3080226 0.30920639 0.31039017 0.31157395 0.30883439 0.29557925 0.28232411 0.26906897 0.25581383 0.23981754 0.22980266 0.23233633 0.23067478 0.22824195 0.22580913 0.22337631 0.21679413 0.20427569 0.19070974 0.17707683 0.16344391 0.149811 0.14132625 0.13654246 0.13175866 0.12697486 0.11883687 0.10282606 0.10179174 0.10564263 0.11251483 0.11938703 0.12625923 0.13069291 0.12667984 0.11025643
-9999 0.39660307 0.40469972 0.41279637 0.42089303 0.42898968 0.43708633 0.43586878 0.41937439 0.40288 0.38638561 0.36989122 0.35339683 0.34044878 0.3346025 0.32875621 0.32290992 0.31706363 0.31121734 0.30898385 0.31016764 0.31135142 0.3125352 0.31371899 0.31490277 0.3121632 0.29890806 0.28565292 0.27239779 0.25914265 0.24588751 0.23664737 0.23421455 0.23178173 0.22934891 0.22691609 0.22448327 0.21764816 0.20401524 0.19038233 0.17674942 0.16311651 0.1494836 0.14099885 0.13621505 0.13143125 0.12664746 0.12186366 0.11669899 0.11925198 0.12612418 0.13299638 0.13986858 0.14674077 0.15046505 0.1310022 0.11153934
-9999 0.40717827 0.41527492 0.42337158 0.43146823 0.43956488 0.4418746 0.43337597 0.41688158 0.40038719 0.3838928 0.36739841 0.35355736 0.34602364 0.34400455 0.33815827 0.33231198 0.32646569 0.3206194 0.3168989 0.31808269 0.31926647 0.32045025 0.32163404 0.32269959 0.32152563 0.31370175 0.30044661 0.28719147 0.27393633 0.26068119 0.25112261 0.24868979 0.24625696 0.24382414 0.24139132 0.23533378 0.22409835 0.21046544 0.19683253 0.18319962 0.16956671 0.15690968 0.14839014 0.1430697 0.1382859 0.13350211 0.12871831 0.12393451 0.12908909 0.13596129 0.14283349 0.14970569 0.15384111 0.14681256 0.1273497 0.10788685
-9999 0.41477687 0.42287352 0.43097017 0.43906683 0.43824268 0.43667201 0.42817339 0.411679 0.39518461 0.37869022 0.36668929 0.3558713 0.34833758 0.3473808 0.34642403 0.34099433 0.33514804 0.32930176 0.32558126 0.32676504 0.32794882 0.32913261 0.33010587 0.33098455 0.32981059 0.32313504 0.3164595 0.30390329 0.29064815 0.27739301 0.26783442 0.2654016 0.26296878 0.26053596 0.25247753 0.24291791 0.23168248 0.21804957 0.20441666 0.19078374 0.17850953 0.16635442 0.15783488 0.15192893 0.14634215 0.14155835 0.13677455 0.13199076 0.13714534 0.14401754 0.15088973 0.15280176 0.1493629 0.14233435 0.12287149 0.10340864
-9999 0.42237546 0.43047212 0.43618141 0.43461075 0.43304009 0.43146943 0.4229708 0.40647641 0.39063921 0.37982122 0.36900323 0.35818524 0.35065152 0.34969474 0.34873797 0.34778119 0.3438304 0.33798411 0.33426361 0.33544739 0.33663117 0.33751216 0.33839083 0.33926951 0.33809555 0.33142 0.32474446 0.31806892 0.30735996 0.29410483 0.28454624 0.28211342 0.27918089 0.26962127 0.26006165 0.25050203 0.23926661 0.22563369 0.21226451 0.20010939 0.18795427 0.17579915 0.16727962 0.16137366 0.15546771 0.1496146 0.1448308 0.140047 0.14520158 0.15207378 0.1517624 0.14832354 0.14488469 0.13785613 0.11839328 0.10018561
-9999 0.42997406 0.43254949 0.43097883 0.42940816 0.4278375 0.42626684 0.41776821 0.40377114 0.39295315 0.38213516 0.37131717 0.36049918 0.35296546 0.35200868 0.35105191 0.35009513 0.34913835 0.34666646 0.34294596 0.34403977 0.34491844 0.34579712 0.34667579 0.34755447 0.34638051 0.33970497 0.33302942 0.32635388 0.31967833 0.31081664 0.30125805 0.29632463 0.28676502 0.2772054 0.26764578 0.25808616 0.24685073 0.23386437 0.22170925 0.20955413 0.19739901 0.18524389 0.17672436 0.1708184 0.16491245 0.15900649 0.15310053 0.14810325 0.15325783 0.15072304 0.14728419 0.14384533 0.14040648 0.13337792 0.11914657 0.11812394
-9999 0.42684163 0.42527097 0.42370031 0.42212964 0.42055898 0.41898832 0.41980422 0.40898623 0.39816824 0.38735025 0.37653226 0.36571427 0.3566771 0.35572032 0.35476354 0.35380677 0.35284999 0.35189321 0.35149145 0.35237012 0.3532488 0.35412748 0.35500615 0.35588483 0.35217004 0.34559172 0.33891618 0.33224063 0.32556509 0.31888955 0.3112289 0.30166928 0.29210966 0.28255004 0.27299043 0.26343081 0.25356421 0.24140909 0.22925397 0.21709885 0.20494373 0.19278861 0.18400623 0.17810027 0.17219432 0.16628836 0.16038241 0.15447645 0.15077589 0.14733704 0.14389819 0.14045933 0.13702048 0.13511226 0.13434318 0.13332055
-9999 0.41247284 0.41090218 0.40933152 0.40776086 0.40699728 0.41191543 0.41663088 0.4211124 0.41329207 0.40247408 0.39165609 0.3808381 0.37164379 0.36570099 0.36324895 0.36229217 0.3613354 0.36037862 0.35997686 0.36085553 0.36173421 0.36261288 0.36349156 0.35354955 0.34473043 0.34197738 0.33661197 0.32993643 0.32326088 0.31658534 0.30892469 0.29936507 0.28980545 0.28024584 0.27063612 0.2581533 0.24810259 0.24153135 0.23030927 0.21815415 0.20599903 0.19384391 0.18479055 0.17799497 0.17208901 0.16618305 0.1602771 0.15437114 0.15087731 0.14768145 0.14424259 0.14080374 0.13736489 0.13545667 0.1388504 0.13915293
-9999 0.39810405 0.39653339 0.39496273 0.39649358 0.40141173 0.40632987 0.41104532 0.41552685 0.42000837 0.41759791 0.40677992 0.39596193 0.38676762 0.38082482 0.37488203 0.37077758 0.36982081 0.36886403 0.36846226 0.36934094 0.37021962 0.36827466 0.3571923 0.34610994 0.33729083 0.33453778 0.33178473 0.32763222 0.32095668 0.31428113 0.30662048 0.29706086 0.28750125 0.27698762 0.26450481 0.252022 0.24197129 0.23540004 0.2288288 0.21920944 0.20705432 0.1948992 0.18584584 0.17902229 0.17219875 0.16607774 0.16017179 0.15426583 0.150772 0.14769504 0.144587 0.14114815 0.13770929 0.13580108 0.1391948 0.14258853
-9999 0.38373527 0.38216461 0.38598988 0.39090803 0.39582617 0.40074431 0.40545977 0.40994129 0.41442281 0.41890433 0.42190375 0.41108576 0.40189145 0.39594865 0.39000586 0.38406306 0.37830621 0.37734944 0.37694767 0.37782635 0.37191742 0.36083506 0.3497527 0.33867033 0.32985122 0.32709817 0.32434512 0.32159207 0.31865247 0.31197692 0.30431628 0.29475666 0.28333913 0.27085632 0.2583735 0.24589069 0.23583998 0.22926874 0.22269749 0.21612625 0.20810962 0.1959545 0.18690114 0.18007759 0.17325404 0.16643049 0.16006648 0.15416052 0.15066669 0.14758974 0.14451278 0.14143583 0.1380537 0.13614548 0.13953921 0.14293294
-9999 0.37056804 0.37548619 0.38040433 0.38532247 0.39024062 0.39515876 0.39987421 0.40435573 0.40883726 0.41331878 0.4178003 0.42228182 0.41701528 0.41107248 0.40512969 0.39918689 0.3932441 0.3873013 0.38543308 0.37556017 0.36447781 0.35339545 0.34231309 0.33123073 0.32241161 0.31965856 0.31690552 0.31415247 0.31139942 0.30864637 0.30201207 0.28969064 0.27720783 0.26472501 0.2522422 0.23975938 0.22970867 0.22313743 0.21656619 0.20999494 0.2034237 0.19685245 0.18795643 0.18113288 0.17430934 0.16748579 0.16066224 0.15405521 0.15056138 0.14748443 0.14440747 0.14133052 0.13825357 0.13648989 0.13988361 0.14327734
-9999 0.36034777 0.36526592 0.37018406 0.3751022 0.38002035 0.38503761 0.39313435 0.40097137 0.40545289 0.40993441 0.41441593 0.41889746 0.42440726 0.42650204 0.42055925 0.41461645 0.40867366 0.40273086 0.39523394 0.38415158 0.37306922 0.36198686 0.3509045 0.34218717 0.33973153 0.33163838 0.32888533 0.32613228 0.32337923 0.32062619 0.31454977 0.30206695 0.28958414 0.27710133 0.26461851 0.24965196 0.23137813 0.22042931 0.21385806 0.20728682 0.20071557 0.19414433 0.18891934 0.18286503 0.17604148 0.16921793 0.16239439 0.15557084 0.1532606 0.15020438 0.14712743 0.14405048 0.14097352 0.13822827 0.13841826 0.14181199
-9999 0.34811209 0.35303024 0.35794838 0.36286652 0.36796978 0.3731311 0.38122784 0.39271243 0.40302571 0.40750723 0.41198876 0.41647028 0.42198008 0.42954906 0.43612175 0.43017896 0.42423616 0.41829337 0.41079644 0.39971408 0.38863172 0.37754936 0.37275832 0.37352324 0.3710676 0.35998003 0.3493097 0.34655665 0.3438036 0.34105055 0.33497413 0.32249132 0.31000851 0.29752569 0.28018767 0.26003557 0.24176174 0.22617502 0.21263851 0.20606727 0.19949603 0.19292478 0.18769979 0.1834426 0.17806796 0.17124441 0.16442086 0.15759731 0.15528708 0.15375686 0.15107595 0.147999 0.14492205 0.14217679 0.14058048 0.13955966
-9999 0.33587642 0.34079456 0.34574062 0.35090195 0.35606327 0.3612246 0.36932134 0.38080592 0.39229051 0.40377509 0.40956158 0.4140431 0.4195529 0.42712188 0.43469087 0.44225985 0.43979867 0.43385587 0.42635895 0.41527659 0.40419423 0.40332947 0.40409439 0.40485932 0.40240367 0.3913161 0.38022853 0.36914096 0.36422797 0.36147492 0.3553985 0.34291569 0.33043287 0.31072337 0.29057128 0.27041919 0.25214535 0.23655863 0.22097191 0.20538519 0.19827648 0.19170523 0.18648024 0.18222305 0.17796586 0.17327088 0.16644734 0.15962379 0.15731355 0.15578334 0.15425312 0.15194752 0.14887057 0.14612531 0.14452901 0.1429327
-9999 0.32364074 0.32867279 0.33383411 0.33899544 0.34415677 0.34931809 0.35741483 0.36889942 0.380384 0.39186859 0.40335317 0.41161592 0.41712572 0.42469471 0.43226369 0.43983267 0.44740166 0.44941838 0.44192146 0.43313569 0.43390061 0.43466554 0.43543046 0.43619539 0.43373974 0.42265217 0.4115646 0.40047703 0.38938946 0.38189929 0.37582287 0.36141117 0.34125908 0.32110699 0.3009549 0.2808028 0.26252897 0.24694225 0.23135553 0.21576881 0.20018209 0.19048568 0.18526069 0.1810035 0.17674631 0.17248912 0.16823193 0.16165026 0.15934003 0.15780981 0.1562796 0.15474938 0.1528191 0.15007384 0.14847753 0.14688123
-9999 0.31835939 0.32352071 0.32868204 0.33384337 0.33900469 0.34416602 0.35027819 0.36176278 0.37324736 0.38473195 0.39621653 0.40770112 0.41923326 0.42680224 0.43437123 0.44194021 0.44950919 0.45707818 0.46258971 0.46335464 0.46411956 0.46488449 0.46564941 0.46641433 0.45902865 0.44794108 0.43685351 0.42576594 0.41467837 0.4035908 0.38940708 0.36925499 0.34910289 0.3289508 0.30879871 0.28864662 0.27259184 0.25700512 0.2414184 0.22583168 0.21024496 0.19465824 0.18492658 0.18066939 0.1764122 0.17215501 0.16789782 0.16364063 0.16170857 0.16017835 0.15864814 0.15711792 0.15558771 0.15373314 0.15213683 0.15054053
-9999 0.34680289 0.35196422 0.35712554 0.36228687 0.36705924 0.36346205 0.36686619 0.37835077 0.38983536 0.40131994 0.41280453 0.42676778 0.4398593 0.45073356 0.45903377 0.46660276 0.47417174 0.48174072 0.48725226 0.48801718 0.48878211 0.48954703 0.49031196 0.489453 0.47999638 0.44841272 0.43206472 0.42097715 0.40988958 0.39880201 0.38461829 0.3644662 0.34431411 0.32416202 0.30400992 0.29337354 0.28105936 0.26547264 0.24988592 0.2342992 0.21960556 0.21462018 0.20175998 0.18473934 0.18048215 0.17622496 0.17196777 0.16771058 0.16577852 0.1642483 0.16271809 0.16118787 0.15865366 0.1559539 0.15435759 0.15276128
-9999 0.37524639 0.38040772 0.38556905 0.38724442 0.38364723 0.38005004 0.38345419 0.39493877 0.40642336 0.41863216 0.43283091 0.44702965 0.46012118 0.47099544 0.4818697 0.4912653 0.49883428 0.50640327 0.51191481 0.51267973 0.51344465 0.51390012 0.51269909 0.51149806 0.50204145 0.47045778 0.43887411 0.41618837 0.4051008 0.39401322 0.37982951 0.35967742 0.33952532 0.32189451 0.31186779 0.30184107 0.28952689 0.27394017 0.25835345 0.24670268 0.2417173 0.23673192 0.22387172 0.20535041 0.1868291 0.18029491 0.17603772 0.17178053 0.16984847 0.16831825 0.16678804 0.16389274 0.16087441 0.15817465 0.15657834 0.15498204
-9999 0.4036899 0.40885122 0.40742961 0.40383242 0.40023523 0.39663804 0.40004218 0.41152677 0.4246953 0.43889404 0.45309279 0.46729153 0.48038306 0.49125732 0.50213158 0.51300583 0.52349683 0.53106581 0.53657735 0.53734228 0.53714621 0.53594518 0.53474415 0.53354313 0.52408651 0.49250284 0.46091917 0.4293355 0.40031201 0.38922444 0.37504072 0.35488863 0.34038876 0.33036204 0.32033532 0.3103086 0.29799441 0.28240769 0.2737998 0.26881442 0.26382903 0.25884365 0.24598345 0.22746214 0.20894084 0.19041953 0.18010767 0.17585048 0.17391842 0.17215014 0.16913182 0.16611349 0.16309517 0.16039541 0.1587991 0.1631848
-9999 0.43121198 0.42761479 0.4240176 0.42042041 0.41682322 0.41322603 0.41663018 0.43075843 0.44495718 0.45915592 0.47335467 0.48755341 0.50064494 0.5115192 0.52239345 0.53326771 0.54414197 0.55501623 0.5612399 0.5603923 0.55919127 0.55799025 0.55678922 0.55558819 0.54613157 0.5145479 0.48296423 0.45138056 0.41979689 0.38821322 0.37025194 0.35888301 0.34885629 0.33882957 0.32880284 0.31877612 0.30646194 0.30089692 0.29591154 0.29092615 0.28594077 0.28095539 0.26809519 0.24957388 0.23105257 0.21253126 0.19400996 0.17992043 0.17738922 0.1743709 0.17135257 0.16833425 0.16531592 0.16261616 0.16973358 0.17939527
-9999 0.4415697 0.43797251 0.43437532 0.43077813 0.42718094 0.42605627 0.42809039 0.4364749 0.45067365 0.46487239 0.47907114 0.49326989 0.50780226 0.5209932 0.53186746 0.54274171 0.55361597 0.56449023 0.5717131 0.57051207 0.56931104 0.56811002 0.56690899 0.56464886 0.55660079 0.53982121 0.50823754 0.47665387 0.4450702 0.41348653 0.38926601 0.37923929 0.36921257 0.35918584 0.34915912 0.3364132 0.31681181 0.30597717 0.30099179 0.29600641 0.29102103 0.28603564 0.27307379 0.25450997 0.23598866 0.21746735 0.19894605 0.18042474 0.16391283 0.16089451 0.15787619 0.15485786 0.15183954 0.15385662 0.16926571 0.17892741
-9999 0.44839015 0.44479296 0.44119577 0.43759858 0.43921069 0.44273383 0.44476795 0.44508355 0.44813193 0.46233067 0.47652942 0.49072816 0.50526053 0.52046102 0.53521661 0.54609086 0.55696512 0.56783938 0.57506225 0.57386122 0.5726602 0.57145917 0.56646824 0.55771664 0.54966857 0.54350617 0.53534369 0.50376002 0.47217635 0.44059268 0.41637216 0.40634544 0.39631872 0.38629199 0.37007418 0.34980506 0.33020368 0.31155759 0.29640237 0.29141699 0.28643161 0.28144622 0.26848438 0.24978835 0.23117323 0.21265192 0.19413061 0.1756093 0.15851669 0.141671 0.1354877 0.13246938 0.12945105 0.13146814 0.15092726 0.16899037
-9999 0.4552106 0.45161342 0.44884197 0.45236511 0.45588825 0.4594114 0.46144552 0.46176112 0.46207672 0.46239232 0.47398769 0.48818644 0.50271881 0.51791929 0.53311977 0.54832025 0.56031427 0.57118853 0.5784114 0.57721037 0.57600935 0.56828763 0.55953602 0.55078442 0.54273635 0.53657395 0.53041154 0.52424914 0.4992825 0.46769883 0.44347831 0.43345159 0.42342487 0.40373516 0.38346604 0.36319692 0.34359554 0.32494945 0.30630337 0.28765728 0.28184219 0.27685681 0.26389496 0.24519893 0.2265029 0.20783648 0.18931518 0.17079387 0.15370126 0.13685557 0.12000988 0.11008089 0.10706257 0.10907965 0.12853877 0.1479979
-9999 0.46203106 0.46199639 0.46551954 0.46904268 0.47256582 0.47608896 0.47812308 0.47843868 0.47875428 0.47906988 0.47938548 0.48564471 0.50017709 0.51537757 0.53057805 0.54577853 0.56097901 0.57453768 0.58176055 0.57885862 0.57010702 0.56135541 0.5526038 0.5438522 0.53580413 0.52964173 0.52347932 0.51731692 0.51115452 0.49480498 0.47058446 0.45766527 0.43739614 0.41712702 0.3968579 0.37658878 0.3569874 0.33834131 0.31969523 0.30104914 0.28240306 0.27226739 0.25930554 0.24060951 0.22191348 0.20321745 0.18452143 0.16597844 0.14888583 0.13204013 0.11519444 0.09834875 0.084674086 0.086691169 0.10615029 0.12560941
