mean_models/J1_mean_tot_conduct_slide_102.59.dat.tif
NCOLS 118
NROWS 92
XLLCORNER 139.62
YLLCORNER -39.07
DX 0.099491525
DY 0.099347826
NODATA_VALUE -9999
[rows 0 to 25 of 92, columns 0 to 56 of 118]
-2.0959565 -2.1065809 -2.1414029 -2.1714414 -2.2188183 -2.2551887 -2.3049344 -2.3535805 -2.4009574 -2.4302706 -2.4739888 -2.5119294 -2.5507837 -2.58561 -2.6150925 -2.643334 -2.6682069 -2.6915247 -2.7069151 -2.7248473 -2.7452631 -2.7651614 -2.7806535 -2.7969797 -2.8125227 -2.8274464 -2.8423701 -2.8513696 -2.8641306 -2.8739886 -2.8823435 -2.8858408 -2.8898476 -2.8879687 -2.8871087 -2.8829895 -2.8780149 -2.8752195 -2.8804559 -2.8897358 -2.8949722 -2.913855 -2.9387279 -2.9704551 -3.007719 -3.0603874 -3.1127514 -3.175121 -3.2379578 -3.3072811 -3.3753542 -3.4326582 -3.485486 -3.5444353 -3.5967106 -3.6298263 -3.6612447
-2.0990434 -2.1293608 -2.1686834 -2.2149794 -2.2660042 -2.3194848 -2.375825 -2.4439295 -2.4997645 -2.5462203 -2.5941322 -2.6469966 -2.6897814 -2.7362179 -2.768901 -2.8088543 -2.8364352 -2.8581979 -2.8748086 -2.8981773 -2.9180756 -2.9365205 -2.952186 -2.9706818 -2.9869875 -3.0118604 -3.0327084 -3.0476322 -3.0637345 -3.0849889 -3.0980598 -3.1169981 -3.1249354 -3.1382405 -3.1408111 -3.1447707 -3.142568 -3.1476503 -3.1528866 -3.158123 -3.1633594 -3.1802205 -3.2006267 -3.2251465 -3.2605338 -3.3077461 -3.3539712 -3.4118303 -3.4711248 -3.5376547 -3.6017128 -3.6546745 -3.6941935 -3.749417 -3.790768 -3.8200164 -3.8340797
-2.1079757 -2.1466568 -2.191428 -2.2432688 -2.3001211 -2.3640886 -2.4337326 -2.5028834 -2.569211 -2.6352865 -2.6949814 -2.7529687 -2.807689 -2.8622344 -2.9070056 -2.9485283 -2.9783757 -3.0077143 -3.0325872 -3.057002 -3.0769003 -3.0967986 -3.1166969 -3.1395671 -3.1644399 -3.1908821 -3.215755 -3.2406279 -3.2655008 -3.2917488 -3.3179308 -3.3424895 -3.3623879 -3.3791631 -3.3896358 -3.3993597 -3.4043343 -3.4088935 -3.4141299 -3.4204124 -3.4256488 -3.436097 -3.4510207 -3.4750175 -3.5064358 -3.541754 -3.5836451 -3.6359429 -3.6935433 -3.7545622 -3.817399 -3.8487477 -3.8851029 -3.9283029 -3.9650885 -3.9807977 -3.9962006
-2.1017665 -2.1428863 -2.191428 -2.2432688 -2.3001211 -2.3677627 -2.4461511 -2.5186543 -2.594048 -2.6650649 -2.7446553 -2.8026426 -2.8676066 -2.9339371 -2.993632 -3.0387061 -3.0834773 -3.1153353 -3.1501574 -3.1769398 -3.2067873 -3.2271926 -3.2534115 -3.283259 -3.3131065 -3.3423896 -3.3821863 -3.4082773 -3.4331502 -3.4609836 -3.4976384 -3.5237335 -3.5486064 -3.5654402 -3.5870244 -3.6042646 -3.6092392 -3.6121671 -3.6128255 -3.6233161 -3.636763 -3.6447893 -3.6559256 -3.6773991 -3.7051315 -3.7224731 -3.7450854 -3.7869765 -3.8363558 -3.8894914 -3.947793 -3.9217537 -3.9347768 -3.9624133 -3.9948347 -4.0000711 -4.0283014
-2.0935078 -2.1219692 -2.171715 -2.2256193 -2.2824716 -2.3501133 -2.4297065 -2.5141383 -2.592168 -2.6745863 -2.7577288 -2.8339068 -2.9035508 -2.9853332 -3.0501673 -3.1114682 -3.1615819 -3.2079082 -3.2468897 -3.283216 -3.3159381 -3.3457856 -3.375633 -3.4141687 -3.4470942 -3.4809968 -3.5223833 -3.5582773 -3.5831502 -3.6109836 -3.6476384 -3.6802689 -3.7051417 -3.7304484 -3.7566304 -3.7776562 -3.7817867 -3.7847147 -3.7847147 -3.7952231 -3.8112468 -3.8176629 -3.8276121 -3.8411219 -3.8673039 -3.8741036 -3.8845764 -3.9160594 -3.9579506 -4.0028881 -4.0552521 -4.0168489 -3.987025 -4.0091456 -4.0317641 -4.0370005 -4.063633
-2.0770154 -2.1032806 -2.1381026 -2.1883639 -2.2452162 -2.3128578 -2.392451 -2.4768828 -2.566899 -2.6559586 -2.7504755 -2.8364821 -2.9210499 -3.0039609 -3.0835541 -3.1549328 -3.2196023 -3.2762098 -3.3259556 -3.3701453 -3.4099419 -3.4463418 -3.4861384 -3.525935 -3.5657316 -3.6051816 -3.6499527 -3.6886714 -3.7135442 -3.7413776 -3.7780324 -3.8106629 -3.8355358 -3.8626142 -3.8992689 -3.9204687 -3.9204687 -3.9213179 -3.9213179 -3.9318264 -3.952772 -3.9604687 -3.9604687 -3.9713063 -3.9870155 -3.9903463 -3.9851099 -4.0143568 -4.0510892 -4.0929803 -4.1359722 -4.089585 -4.0429082 -4.0594901 -4.0752288 -4.0804652 -4.1070976
-2.0332858 -2.0578526 -2.0860817 -2.1296682 -2.1836504 -2.2488021 -2.3283953 -2.4150265 -2.5082033 -2.5998105 -2.7006067 -2.8015093 -2.8942461 -2.9904283 -3.0740044 -3.1619408 -3.2416268 -3.301631 -3.3570459 -3.4141942 -3.4613463 -3.5152277 -3.5568123 -3.6001809 -3.6417147 -3.6864859 -3.7312571 -3.7708249 -3.7956978 -3.8235312 -3.860186 -3.8928164 -3.9176893 -3.9464661 -3.9807893 -3.9989606 -3.9989606 -3.9989606 -3.9962098 -4.004109 -4.0250546 -4.0336005 -4.0270415 -4.0259268 -4.0370087 -4.0386411 -4.0210579 -4.044024 -4.0760903 -4.1164382 -4.1532682 -4.1059845 -4.0559109 -4.0724928 -4.0865331 -4.0917695 -4.118402
-1.9846546 -1.9928392 -2.0177121 -2.0585263 -2.1106409 -2.1742233 -2.2538165 -2.3404477 -2.4352015 -2.5382856 -2.6477263 -2.7554594 -2.8599255 -2.9704063 -3.0599486 -3.1510237 -3.2355915 -3.3186042 -3.3833163 -3.4479858 -3.5077458 -3.5630805 -3.6078517 -3.6540254 -3.6989634 -3.7437345 -3.7885057 -3.8358786 -3.8623622 -3.8901956 -3.9268504 -3.9579115 -3.9827844 -4.0098261 -4.0412445 -4.0452921 -4.0452921 -4.0415685 -4.0363321 -4.0410927 -4.0620383 -4.0631251 -4.053176 -4.0489227 -4.0541591 -4.0559233 -4.0349777 -4.0523825 -4.0838009 -4.1196841 -4.1563388 -4.1341638 -4.0844575 -4.1038108 -4.1201972 -4.126226 -4.1215492
-1.916353 -1.9203599 -1.9307827 -1.971046 -2.0184229 -2.0810847 -2.1606779 -2.2473091 -2.3420629 -2.4455254 -2.5649152 -2.6747392 -2.7925876 -2.9086638 -3.0181045 -3.1138415 -3.2083585 -3.2937672 -3.3733604 -3.4417766 -3.506446 -3.5630805 -3.6078517 -3.6540254 -3.7037712 -3.7499438 -3.794715 -3.8420879 -3.8968082 -3.9336603 -3.970315 -4.0012463 -4.0211446 -4.0470815 -4.0405 -4.0323455 -4.0273709 -4.0223557 -4.011883 -4.0141401 -4.0247829 -4.0244941 -4.0097113 -4.0025039 -3.998276 -4.0175891 -4.0349777 -4.0499599 -4.0775917 -4.1134748 -4.1501296 -4.1818468 -4.1775961 -4.2052326 -4.2257542 -4.2414634 -4.237917
-1.8485409 -1.8389565 -1.8463222 -1.8781732 -1.9220227 -1.9749844 -2.0507907 -2.1396212 -2.2364293 -2.3398918 -2.4592816 -2.5786715 -2.6999329 -2.8276151 -2.9448464 -3.054287 -3.1567471 -3.251264 -3.3389528 -3.4185461 -3.4914637 -3.5503196 -3.5957724 -3.6455182 -3.6952639 -3.743658 -3.7884292 -3.8358021 -3.8905224 -3.9407033 -3.9773581 -4.0082894 -4.0281877 -4.0380226 -4.0263248 -4.0151417 -4.0101671 -3.9986218 -3.9839504 -3.9787319 -3.9859517 -3.9725551 -3.9537053 -3.9383246 -3.9306737 -3.9324757 -3.9557199 -3.969926 -3.995323 -4.0176736 -4.0543284 -4.081792 -4.1130847 -4.1407213 -4.1668589 -4.1856487 -4.1931286
-1.7779368 -1.7601359 -1.7601359 -1.782315 -1.8202166 -1.8698902 -1.9395343 -2.0213902 -2.1208818 -2.2282292 -2.347619 -2.4704241 -2.5997631 -2.7299113 -2.8542757 -2.9754664 -3.0849071 -3.1913265 -3.2858435 -3.3774917 -3.4570849 -3.5279578 -3.5777036 -3.6299154 -3.6796611 -3.7280552 -3.7728264 -3.8201993 -3.8749196 -3.9242785 -3.9609332 -3.9918645 -4.0117629 -4.0198628 -4.0041536 -3.9929705 -3.9879959 -3.9756286 -3.954683 -3.9417799 -3.9417799 -3.9232884 -3.8934409 -3.8685307 -3.8528215 -3.847079 -3.8523154 -3.8582557 -3.8687285 -3.8840207 -3.9049663 -3.9283834 -3.9544301 -3.9814283 -4.0075659 -4.0285115 -4.04287
-1.7220537 -1.6978332 -1.685625 -1.7078042 -1.7320817 -1.7752135 -1.8401864 -1.9192877 -2.0093039 -2.1173994 -2.2417638 -2.3648671 -2.4979195 -2.6322331 -2.7665466 -2.8901049 -3.0094947 -3.1182818 -3.2227479 -3.3167638 -3.4063061 -3.4782839 -3.5349481 -3.5932405 -3.6479608 -3.697009 -3.7417802 -3.7891531 -3.8438734 -3.8927385 -3.9241569 -3.9546091 -3.9745074 -3.9826073 -3.9709008 -3.9606488 -3.9507405 -3.9370409 -3.9112184 -3.8928999 -3.8796875 -3.8590731 -3.8251393 -3.7913315 -3.7596829 -3.7404545 -3.7281306 -3.7213911 -3.7197067 -3.7167852 -3.7248984 -3.7359689 -3.7557345 -3.7778437 -3.802661 -3.8236066 -3.8412605
-1.6810494 -1.654912 -1.6376344 -1.6411786 -1.6626153 -1.6982773 -1.7617963 -1.8307025 -1.9196775 -2.0218355 -2.1461999 -2.2707391 -2.4050526 -2.5393662 -2.6736798 -2.8063874 -2.9290463 -3.0437709 -3.148237 -3.2546714 -3.3442138 -3.4282763 -3.4879712 -3.5527445 -3.6074649 -3.664074 -3.710734 -3.7581069 -3.8128272 -3.8487303 -3.8801487 -3.9076322 -3.9275305 -3.934125 -3.924288 -3.9231217 -3.9131725 -3.8965449 -3.870363 -3.8494352 -3.83483 -3.8099427 -3.7716407 -3.7173253 -3.6798942 -3.6537969 -3.6248671 -3.6069277 -3.5816418 -3.571004 -3.5510593 -3.5591414 -3.5473173 -3.5694266 -3.5783132 -3.5992587 -3.6104316
-1.6527364 -1.6190426 -1.5941697 -1.5910475 -1.6005229 -1.6325651 -1.6872855 -1.7561916 -1.8414701 -1.9399072 -2.059297 -2.1838097 -2.3181233 -2.4524369 -2.5867504 -2.719458 -2.848797 -2.9712697 -3.0856849 -3.193533 -3.2880499 -3.3741994 -3.4438434 -3.5101321 -3.5698271 -3.6268186 -3.6765643 -3.7240584 -3.7588804 -3.7928472 -3.8242656 -3.8506002 -3.8655239 -3.875587 -3.8808234 -3.879657 -3.8697078 -3.8530803 -3.8268983 -3.8080474 -3.7975746 -3.7655033 -3.7157575 -3.6614422 -3.6038418 -3.5612012 -3.51931 -3.4807205 -3.4388293 -3.408619 -3.3772007 -3.3545717 -3.329994 -3.3314606 -3.3349073 -3.3453801 -3.358044
-1.6567445 -1.6149259 -1.5846588 -1.5798858 -1.5861922 -1.6075634 -1.6523874 -1.7168948 -1.7952541 -1.8890737 -2.0006625 -2.1251752 -2.2571476 -2.3898002 -2.5281159 -2.6624295 -2.7958215 -2.9220503 -3.0405694 -3.1489677 -3.2434847 -3.3307347 -3.4024657 -3.4742792 -3.5382306 -3.5952221 -3.6449679 -3.6908111 -3.7256331 -3.7595999 -3.7910183 -3.8168026 -3.8317263 -3.8434402 -3.8486766 -3.8496077 -3.8432201 -3.8265925 -3.8004105 -3.7794828 -3.7659781 -3.7293111 -3.6768513 -3.6164432 -3.5536176 -3.4924981 -3.4420478 -3.3762048 -3.3243116 -3.2645614 -3.2259778 -3.1748092 -3.1447883 -3.1119361 -3.1107631 -3.1077782 -3.1215426
-1.6750348 -1.6332162 -1.5983942 -1.5867217 -1.5914594 -1.6068524 -1.646649 -1.6991752 -1.7749782 -1.859155 -1.9681271 -2.0843983 -2.2137373 -2.3447331 -2.4836852 -2.6197615 -2.7536882 -2.8833365 -3.0027264 -3.1160992 -3.2111047 -3.2998081 -3.3744267 -3.4462403 -3.5109098 -3.5701725 -3.6192772 -3.6651204 -3.6999425 -3.7339092 -3.7653276 -3.791112 -3.8060357 -3.8177496 -3.8229859 -3.823917 -3.8189425 -3.8072356 -3.7810536 -3.7601259 -3.7444167 -3.7056132 -3.6508928 -3.5884042 -3.5203311 -3.4478061 -3.3849693 -3.3081704 -3.2348608 -3.160517 -3.0976803 -3.0307694 -2.9779415 -2.9339229 -2.90115 -2.8918152 -2.8898705
-1.7213971 -1.6795785 -1.6447565 -1.6303073 -1.6255696 -1.6396009 -1.6744229 -1.7252547 -1.7915824 -1.8724014 -1.9718929 -2.0843983 -2.2137373 -2.3447331 -2.4790466 -2.6131383 -2.7424773 -2.8700901 -2.98948 -3.1028529 -3.2023444 -3.2931849 -3.3678035 -3.4396171 -3.5042866 -3.5635493 -3.6083205 -3.651874 -3.6866961 -3.7206629 -3.7520812 -3.7778656 -3.7927893 -3.8045032 -3.8097396 -3.8106707 -3.8056961 -3.7941508 -3.7732052 -3.7535027 -3.7377935 -3.69899 -3.6442697 -3.581781 -3.5137079 -3.4350772 -3.3518534 -3.2690568 -3.1818753 -3.0951715 -3.0115788 -2.9240543 -2.8454778 -2.7791501 -2.7289471 -2.6975288 -2.6845516
-1.7998491 -1.7580305 -1.7260566 -1.7109029 -1.7061652 -1.7201965 -1.7505256 -1.7902442 -1.8511472 -1.929198 -2.0286895 -2.1384268 -2.264578 -2.3889382 -2.5217087 -2.6510477 -2.7803867 -2.9066155 -3.024564 -3.1344665 -3.2339581 -3.3261826 -3.4008013 -3.4726148 -3.5359955 -3.5916354 -3.6364065 -3.678576 -3.6991528 -3.6884246 -3.7169153 -3.735804 -3.7491423 -3.7575299 -3.7815977 -3.8128142 -3.8078397 -3.7962944 -3.7776512 -3.761942 -3.721256 -3.6632241 -3.6169973 -3.566843 -3.5025004 -3.4238698 -3.3510892 -3.2670482 -3.1738894 -3.084099 -2.9766289 -2.8864148 -2.7735914 -2.7041507 -2.6241981 -2.5848528 -2.5434122
-1.8855116 -1.8546473 -1.8247998 -1.8096461 -1.8049084 -1.8153402 -1.8402131 -1.8799317 -1.936784 -2.006467 -2.1059586 -2.2122806 -2.3316704 -2.4510111 -2.58035 -2.7074472 -2.8367862 -2.960339 -3.0747542 -3.1835358 -3.2830274 -3.3752519 -3.4498706 -3.5157979 -3.5754928 -3.6288908 -3.673662 -3.6968585 -3.6719857 -3.6563841 -3.6773297 -3.6933983 -3.7033475 -3.7290856 -3.786686 -3.8167816 -3.811807 -3.8024161 -3.7867069 -3.7495955 -3.6867587 -3.6398034 -3.6000068 -3.5509734 -3.4933731 -3.4320971 -3.364024 -3.275991 -3.1817359 -3.0729655 -2.9630012 -2.8447365 -2.7295068 -2.6317934 -2.5403187 -2.4774819 -2.4238532
-1.9972779 -1.9700955 -1.9489846 -1.9339334 -1.9339334 -1.9457343 -1.9706072 -2.0103257 -2.067178 -2.135586 -2.2251283 -2.3302561 -2.4416212 -2.5560323 -2.6803967 -2.805825 -2.9252148 -3.0468341 -3.1562748 -3.2638726 -3.3583896 -3.4497628 -3.5168652 -3.5773271 -3.6270728 -3.6781032 -3.7129252 -3.7335742 -3.6937776 -3.6746221 -3.6850949 -3.6990293 -3.7040039 -3.7290856 -3.7823844 -3.8105724 -3.8055978 -3.7962069 -3.7804977 -3.7463987 -3.692968 -3.6496607 -3.6186346 -3.5715266 -3.51821 -3.4641289 -3.4074887 -3.3194557 -3.2252005 -3.1130863 -3.0002566 -2.8705421 -2.7481346 -2.6320611 -2.5339009 -2.4501185 -2.3901824
-2.1049161 -2.0854012 -2.0714062 -2.0714062 -2.0735052 -2.0902859 -2.1160329 -2.1584167 -2.215269 -2.283677 -2.3729469 -2.4660529 -2.5752719 -2.6863651 -2.810388 -2.9231974 -3.0387202 -3.1549999 -3.2642334 -3.3587503 -3.4532126 -3.5284457 -3.5931152 -3.6429588 -3.6927046 -3.723722 -3.7519809 -3.7672902 -3.7274936 -3.686171 -3.6964606 -3.6981598 -3.7027081 -3.7167324 -3.7680746 -3.7902055 -3.7846195 -3.7723006 -3.7575215 -3.7260318 -3.6764737 -3.6417123 -3.6147826 -3.5881823 -3.5377904 -3.4854264 -3.4422424 -3.3629203 -3.2769685 -3.1671692 -3.0584496 -2.9290339 -2.7986169 -2.6825434 -2.5701645 -2.4863821 -2.401609
-2.2145641 -2.2142187 -2.2142187 -2.2192608 -2.2287362 -2.2476257 -2.2774731 -2.3198569 -2.3767092 -2.4436101 -2.5281779 -2.6198276 -2.7242937 -2.832576 -2.9469913 -3.0598006 -3.1692413 -3.2752735 -3.3697905 -3.4605488 -3.540142 -3.611769 -3.6615147 -3.7078069 -3.742629 -3.7733959 -3.7932942 -3.7941385 -3.7344436 -3.6902514 -3.6902514 -3.6890549 -3.6840803 -3.6951373 -3.7370284 -3.7573132 -3.7473641 -3.7369481 -3.7264753 -3.6997371 -3.657846 -3.6284717 -3.6085734 -3.581973 -3.5505547 -3.5171254 -3.485707 -3.4176068 -3.3390609 -3.2376884 -3.1329605 -3.0035448 -2.8731278 -2.7515948 -2.6347793 -2.5300514 -2.4394957
-2.3324744 -2.3462388 -2.3598116 -2.3653564 -2.3864273 -2.4177582 -2.4555954 -2.4979792 -2.5548315 -2.621481 -2.7060488 -2.7974471 -2.8958387 -2.9936692 -3.0986879 -3.2066794 -3.3018726 -3.4035379 -3.4884549 -3.5724422 -3.632632 -3.7035049 -3.7337694 -3.7486931 -3.763705 -3.7890652 -3.7890652 -3.794539 -3.759717 -3.7101571 -3.69 -3.6832034 -3.6642611 -3.6748152 -3.6801146 -3.6647366 -3.6505298 -3.6403653 -3.6298925 -3.6194197 -3.5998962 -3.5828043 -3.5765467 -3.5651783 -3.5503033 -3.5259233 -3.5001767 -3.4567824 -3.3924151 -3.3138691 -3.2185927 -3.1089273 -2.9841803 -2.8681069 -2.749757 -2.6398471 -2.5400567
-2.4284637 -2.4676898 -2.4875882 -2.5097044 -2.5342995 -2.5778204 -2.618481 -2.6661952 -2.7230475 -2.7879386 -2.8714727 -2.9594558 -3.0539727 -3.142384 -3.2423087 -3.3387452 -3.4297036 -3.51489 -3.5945097 -3.6655393 -3.7200827 -3.7666971 -3.7816209 -3.7769738 -3.7863392 -3.7904494 -3.7832473 -3.768938 -3.7281508 -3.6915525 -3.6647016 -3.6373171 -3.6130469 -3.5945367 -3.5788275 -3.5529757 -3.5373573 -3.526419 -3.516584 -3.5166197 -3.5068069 -3.5137024 -3.5137024 -3.5246167 -3.5193803 -3.5231312 -3.5021856 -3.480825 -3.4336974 -3.3793261 -3.3007802 -3.2009852 -3.0915524 -2.985913 -2.8735543 -2.7668281 -2.6618013
-2.5151747 -2.5616772 -2.6064483 -2.6392104 -2.677112 -2.7206329 -2.7703787 -2.8214262 -2.8782785 -2.9431696 -3.0227628 -3.1077685 -3.1973109 -3.2851965 -3.3697643 -3.4567207 -3.536314 -3.6142378 -3.6789073 -3.7400502 -3.7798468 -3.8140973 -3.8041481 -3.7956015 -3.790627 -3.7842402 -3.7593673 -3.7316825 -3.6769622 -3.6294601 -3.5875689 -3.5503878 -3.5105911 -3.4805611 -3.4491427 -3.4225816 -3.4026833 -3.3898158 -3.3845794 -3.3862257 -3.3966985 -3.4087566 -3.4286549 -3.4451679 -3.4661135 -3.4785467 -3.4942559 -3.4830147 -3.4709528 -3.42829 -3.3815003 -3.2881417 -3.1909003 -3.0969361 -2.997739 -2.8982475 -2.7984046
-2.5752698 -2.6406102 -2.6943763 -2.7351275 -2.7811911 -2.8369022 -2.8923488 -2.947593 -3.0074565 -3.0688306 -3.1415196 -3.224528 -3.308392 -3.3830107 -3.4604708 -3.535403 -3.5969729 -3.6641255 -3.7105174 -3.7616487 -3.7866199 -3.8118826 -3.7937407 -3.7617237 -3.7415169 -3.7243771 -3.6802097 -3.6436292 -3.5771796 -3.519104 -3.4577388 -3.4097664 -3.355924 -3.3189035 -3.283121 -3.2484054 -3.2253939 -3.2158364 -3.2167125 -3.2272389 -3.2454621 -3.2791842 -3.3126766 -3.3545089 -3.390604 -3.4326646 -3.4602137 -3.4839069 -3.4819645 -3.4759564 -3.4392861 -3.3776447 -3.2859556 -3.2171263 -3.125443 -3.0380641 -2.9402184
