mean_models/J1_mean_tot_conduct_slide_257.29.dat.tif
NCOLS 118
NROWS 92
XLLCORNER 139.62
YLLCORNER -39.07
DX 0.099491525
DY 0.099347826
NODATA_VALUE -9999
[rows 26 to 51 of 92, columns 58 to 115 of 118]
-1.7326962 -1.7603328 -1.7948532 -1.831508 -1.8691157 -1.9005341 -1.9391105 -1.9778016 -2.0126636 -2.0447272 -2.0345327 -2.0268276 -2.0326437 -2.0372609 -2.0372609 -2.0500733 -2.1329829 -2.1478841 -2.1510967 -2.1676786 -2.199882 -2.2323026 -2.2706063 -2.3408356 -2.405356 -2.4827383 -2.4719197 -2.4325207 -2.4617829 -2.4800034 -2.491058 -2.5279656 -2.4811461 -2.4767317 -2.4820942 -2.4820942 -2.5008878 -2.5594122 -2.4982418 -2.4923894 -2.480321 -2.4609048 -2.473913 -2.4796707 -2.4387036 -2.3843327 -2.3258082 -2.1901385 -2.0743044 -2.0508947 -2.044199 -2.0324941 -2.0849855 -2.1159012 -2.1217536 -2.1375725 -2.1375725 -9999
-1.7334181 -1.7665819 -1.8030797 -1.8447544 -1.8885903 -1.93365 -1.975001 -2.0175408 -2.0562319 -2.0910895 -2.1172715 -2.1261754 -2.1427573 -2.1507653 -2.1562926 -2.1182061 -2.0799974 -2.1002417 -2.1113575 -2.1279394 -2.1601428 -2.2541071 -2.3072109 -2.3540819 -2.4027396 -2.4496223 -2.4786525 -2.478883 -2.4993973 -2.5126611 -2.5181884 -2.6187122 -2.75932 -2.7517826 -2.7536449 -2.7536449 -2.7715353 -2.5198802 -2.4187636 -2.4129111 -2.397362 -2.3748034 -2.2753118 -2.24084 -2.1940205 -2.1392747 -2.0807503 -2.0307278 -1.9555798 -1.9438749 -1.9474242 -1.9530158 -2.040298 -2.0898924 -2.1250071 -2.1527937 -2.1706884 -9999
-1.7356544 -1.7710452 -1.8125231 -1.8557598 -1.9048321 -1.9528324 -2.0019916 -2.0463843 -2.0897224 -2.1280927 -2.161551 -2.1867234 -2.2063986 -2.2205559 -2.2281218 -2.1884184 -2.126634 -2.1247743 -2.1358901 -2.1524721 -2.1869071 -2.2875663 -2.3584218 -2.4009109 -2.4308289 -2.4674719 -2.4782675 -2.5000782 -2.5169359 -2.526436 -2.5319633 -2.6306248 -2.8061981 -2.83 -2.83 -2.83 -2.7491874 -2.4953373 -2.3883682 -2.3816367 -2.3526975 -2.3266166 -2.2153952 -2.1362277 -2.0739642 -1.9959931 -1.9359681 -1.890409 -1.8543696 -1.8523625 -1.8907623 -1.9070154 -2.0134869 -2.0872914 -2.1292307 -2.1672467 -2.1914557 -9999
-1.736327 -1.7750181 -1.8194049 -1.8665324 -1.9172506 -1.9696145 -2.0212919 -2.0710377 -2.1161123 -2.1591389 -2.1957936 -2.2295156 -2.2516248 -2.2702298 -2.2812844 -2.2422839 -2.1759562 -2.1731031 -2.1841577 -2.2001283 -2.2352359 -2.3402547 -2.4164789 -2.4515935 -2.4764675 -2.4985767 -2.5055078 -2.5114403 -2.5231451 -2.5319727 -2.5375 -2.635489 -2.8110622 -2.8353625 -2.829651 -2.8286549 -2.745963 -2.4884555 -2.3808138 -2.369109 -2.3346478 -2.2913394 -2.1738137 -2.0703142 -1.98838 -1.9083912 -1.8323095 -1.7904462 -1.7668193 -1.7785241 -1.8249946 -1.8776666 -1.9940938 -2.0903223 -2.1429943 -2.1810103 -2.2102725 -9999
-1.7425362 -1.7812274 -1.8280593 -1.8789509 -1.929669 -1.982033 -2.0409434 -2.0958746 -2.1456204 -2.1901851 -2.2268398 -2.2612592 -2.2888802 -2.3109894 -2.3309583 -2.2863444 -2.2132117 -2.2103586 -2.2214132 -2.2324678 -2.2667254 -2.3772715 -2.4504832 -2.4764305 -2.4950884 -2.5109952 -2.5137636 -2.5176495 -2.5262363 -2.5319727 -2.5375 -2.6329561 -2.804853 -2.8331182 -2.829651 -2.8179462 -2.7335445 -2.4806506 -2.3687812 -2.3504812 -2.2944064 -2.2416655 -2.1012069 -1.9958033 -1.8938993 -1.812334 -1.7391709 -1.7187064 -1.6985176 -1.7441229 -1.8158627 -1.8838758 -2.0158754 -2.1151593 -2.1725246 -2.209065 -2.2351094 -9999
-1.7456544 -1.7843456 -1.8342953 -1.8868386 -1.9622823 -2.0146462 -2.083448 -2.1442483 -2.2042526 -2.2478097 -2.2721048 -2.3078943 -2.3374578 -2.3626697 -2.3847789 -2.4233915 -2.3460092 -2.3411692 -2.3589405 -2.3764669 -2.3763633 -2.4258335 -2.4998653 -2.5222761 -2.5372351 -2.5482897 -2.5727536 -2.5731375 -2.5789899 -2.5814292 -2.5869565 -2.5029112 -2.6674958 -2.6915217 -2.6913473 -2.682765 -2.5940063 -2.3732184 -2.3228007 -2.2993909 -2.2322982 -2.1634129 -2.0202105 -1.8933012 -1.789365 -1.7261746 -1.6559452 -1.6884188 -1.6954636 -1.7569431 -1.8660348 -1.947969 -2.0354792 -2.1460767 -2.2012752 -2.224656 -2.2480658 -9999
-1.7456544 -1.7843456 -1.8342953 -1.8918956 -1.9709595 -2.0599783 -2.1394094 -2.2167917 -2.2832475 -2.3405344 -2.3510072 -2.3675029 -2.4006668 -2.4289016 -2.4510108 -2.4939957 -2.5492688 -2.575266 -2.5973753 -2.6194845 -2.6280445 -2.583826 -2.5660972 -2.5836545 -2.5968438 -2.6078984 -2.6431291 -2.6788043 -2.6788043 -2.680777 -2.6863043 -2.602259 -2.444243 -2.4186306 -2.4131733 -2.4073209 -2.3764451 -2.3003634 -2.2493713 -2.2142567 -2.1411021 -2.0574419 -1.9111308 -1.7828855 -1.683394 -1.6235336 -1.5825665 -1.659166 -1.7427823 -1.8364213 -1.9491282 -2.0720295 -2.1253923 -2.1735544 -2.2145215 -2.2371686 -2.2488735 -9999
-1.7618216 -1.7966146 -1.8465643 -1.9041647 -1.9904894 -2.084596 -2.1688742 -2.2481019 -2.3201405 -2.3776322 -2.3828686 -2.3988929 -2.4320567 -2.4603712 -2.4824805 -2.5289447 -2.586873 -2.6136058 -2.6247217 -2.6413036 -2.6483612 -2.599124 -2.5745671 -2.5844516 -2.5975612 -2.6086158 -2.6390113 -2.6738655 -2.6738655 -2.6738655 -2.675231 -2.5911856 -2.4331697 -2.4030935 -2.397382 -2.3856771 -2.3571648 -2.2772167 -2.2132037 -2.1704383 -2.0771432 -1.9892402 -1.8485103 -1.7202651 -1.6419994 -1.6193274 -1.5935601 -1.7187362 -1.8050839 -1.9232967 -2.0482369 -2.1711382 -2.1898789 -2.235059 -2.2641878 -2.2692776 -2.2735709 -9999
-1.7831544 -1.8165819 -1.8617953 -1.9193956 -2.0107203 -2.1102119 -2.1993362 -2.2822458 -2.356968 -2.4175 -2.4210616 -2.4318503 -2.4638842 -2.489774 -2.5118079 -2.5582721 -2.6190725 -2.6390678 -2.6475612 -2.6592655 -2.660226 -2.6077119 -2.5797981 -2.5856505 -2.5900612 -2.6011158 -2.6315113 -2.6625 -2.6625 -2.6605273 -2.66 -2.5759546 -2.4179387 -2.3878625 -2.3818021 -2.3654462 -2.3311889 -2.2490229 -2.1752418 -2.1225698 -2.0275847 -1.9275399 -1.7987612 -1.6854013 -1.6194467 -1.6275 -1.6275 -1.7764672 -1.9063908 -2.0351446 -2.1475847 -2.270486 -2.2692267 -2.2853365 -2.3081231 -2.306336 -2.3004835 -9999
-1.803024 -1.8417151 -1.8876703 -1.9400342 -2.032771 -2.1427353 -2.2342412 -2.3219849 -2.3995508 -2.4638623 -2.4638623 -2.4715894 -2.4992259 -2.52289 -2.5394719 -2.5847649 -2.6455653 -2.6619035 -2.6674308 -2.6729581 -2.6668492 -2.6060488 -2.5731749 -2.5790274 -2.5808768 -2.5812463 -2.6116417 -2.6426304 -2.6426304 -2.6406577 -2.6351304 -2.5501673 -2.3980038 -2.367993 -2.3619325 -2.3385228 -2.2970704 -2.2092838 -2.1322499 -2.0629611 -1.9679761 -1.8679312 -1.7625872 -1.6752016 -1.6459394 -1.6642345 -1.7003551 -1.8810224 -2.0388546 -2.1676083 -2.2734807 -2.3698339 -2.3416677 -2.3295342 -2.3412391 -2.3382879 -2.3269763 -9999
-1.8173434 -1.8497328 -1.8996825 -1.9543159 -2.0497664 -2.1615274 -2.2504978 -2.3378366 -2.4048988 -2.4708252 -2.4753872 -2.4808675 -2.5044868 -2.5248493 -2.5384687 -2.6350742 -2.7244937 -2.7399551 -2.7399728 -2.734848 -2.6901635 -2.4884066 -2.451481 -2.4542443 -2.4523131 -2.4507065 -2.4942235 -2.5268682 -2.5252447 -2.5195083 -2.513981 -2.4473733 -2.3083009 -2.2745294 -2.2675447 -2.2389222 -2.1948395 -2.1569573 -2.1054618 -2.0298236 -1.9531298 -1.8629528 -1.8301171 -1.7541301 -1.7598468 -1.8366664 -1.8918746 -2.0145736 -2.1802971 -2.2923091 -2.3612921 -2.4439155 -2.4787262 -2.4578245 -2.4631318 -2.4558038 -2.4440989 -9999
-1.8413991 -1.8690357 -1.9128098 -1.9704101 -2.0709123 -2.186113 -2.2762564 -2.3591661 -2.4243417 -2.4793922 -2.4828731 -2.4909218 -2.5126981 -2.5282551 -2.5393098 -2.6338672 -2.7775772 -2.8034058 -2.7997552 -2.7893028 -2.7369111 -2.4942967 -2.3414855 -2.3414855 -2.3342991 -2.3287718 -2.3647851 -2.4108843 -2.4050318 -2.3924838 -2.3869565 -2.3271604 -2.2101116 -2.1785874 -2.1669899 -2.1377277 -2.1197417 -2.1255941 -2.0826131 -1.9948265 -1.9317688 -1.8661296 -1.8612174 -1.8617259 -1.8909881 -1.9899453 -2.0894369 -2.1967777 -2.3082025 -2.4076941 -2.4528365 -2.5055085 -2.5402888 -2.5651087 -2.5651087 -2.5560778 -2.5443729 -9999
-1.8750485 -1.9082124 -1.951134 -2.0035261 -2.1078035 -2.2324753 -2.3226188 -2.4055284 -2.4670632 -2.5191314 -2.513895 -2.5174145 -2.5339964 -2.5474029 -2.5529302 -2.6471136 -2.7908235 -2.8109322 -2.7997552 -2.777646 -2.7170415 -2.4793673 -2.3264535 -2.3088962 -2.2970278 -2.2824095 -2.3058935 -2.3380292 -2.323052 -2.3058428 -2.2892609 -2.2338226 -2.1372565 -2.0998631 -2.0808885 -2.0516263 -2.0332293 -2.0273769 -1.9964347 -1.941841 -1.9084148 -1.8727528 -1.9195723 -1.9470473 -2.0348339 -2.1424361 -2.2550166 -2.3364414 -2.4301303 -2.4769498 -2.5085151 -2.5386245 -2.5650838 -2.5849783 -2.5849783 -2.5739862 -2.5576193 -9999
-1.9112578 -1.9444216 -1.9921349 -2.0460211 -2.1522432 -2.2789661 -2.3671666 -2.4497254 -2.5066203 -2.554539 -2.5378583 -2.5366599 -2.549972 -2.5592799 -2.5625919 -2.6585806 -2.8034513 -2.8202121 -2.7948704 -2.7544462 -2.6877042 -2.4465059 -2.2860736 -2.2591489 -2.2233557 -2.2024771 -2.1920973 -2.2167697 -2.1965836 -2.1661106 -2.1468614 -2.1008968 -2.012996 -1.9886462 -1.9666777 -1.9463464 -1.9246016 -1.9306079 -1.943265 -1.9059467 -1.9275032 -1.9129931 -2.0047653 -2.0673924 -2.1661815 -2.2694517 -2.38447 -2.4200487 -2.4886289 -2.5250442 -2.5370133 -2.5579439 -2.5780933 -2.5946399 -2.5946399 -2.5873119 -2.5707305 -9999
-1.9551934 -1.9883573 -2.0378822 -2.0954826 -2.178894 -2.3098039 -2.3928369 -2.4702192 -2.520792 -2.5764318 -2.5566958 -2.5427763 -2.553831 -2.5600362 -2.5600362 -2.631332 -2.7805693 -2.7847218 -2.7578687 -2.7144948 -2.647317 -2.4041155 -2.2339857 -2.1930186 -2.1425813 -2.0983628 -2.0740977 -2.061465 -2.0263504 -1.99316 -1.9710507 -1.9325499 -1.8623206 -1.8462685 -1.8365903 -1.8256149 -1.8212131 -1.8446229 -1.8663379 -1.8721903 -1.909066 -1.9462876 -2.0553693 -2.1665657 -2.2777621 -2.3611048 -2.4605963 -2.4999146 -2.5202825 -2.5436923 -2.552944 -2.5587964 -2.592119 -2.604529 -2.604529 -2.597201 -2.5854961 -9999
-2.0307096 -2.0744587 -2.1284076 -2.1948304 -2.2057537 -2.2303257 -2.2896757 -2.3443787 -2.368324 -2.4108521 -2.4684524 -2.4760802 -2.4816075 -2.4871812 -2.4871812 -2.4941397 -2.5421345 -2.5483499 -2.5260571 -2.4873659 -2.426119 -2.2879363 -2.1248917 -2.0473085 -1.9738727 -1.8996672 -1.8361078 -1.7965375 -1.750127 -1.7083629 -1.6862536 -1.6730482 -1.6503785 -1.6529849 -1.6577643 -1.6928789 -1.7019957 -1.7254055 -1.773905 -1.8192048 -1.8847069 -1.9396644 -2.0157462 -2.1202034 -2.1750033 -2.2118228 -2.2685238 -2.4101711 -2.4606738 -2.4676133 -2.4734657 -2.4793182 -2.5969191 -2.6376449 -2.6376449 -2.6303169 -2.618612 -9999
-2.0786516 -2.1228701 -2.1812916 -2.2543774 -2.2718841 -2.252474 -2.2724801 -2.3111712 -2.3338313 -2.3573811 -2.4147677 -2.4555222 -2.4610495 -2.4641522 -2.462048 -2.4669586 -2.4780132 -2.4618644 -2.4354194 -2.3967282 -2.3213437 -2.1775939 -2.0127213 -1.9103923 -1.8240104 -1.6975125 -1.6208035 -1.5180019 -1.4641645 -1.4111092 -1.3923043 -1.4065367 -1.4073117 -1.420282 -1.4789382 -1.5160228 -1.5910827 -1.6389842 -1.7169702 -1.810058 -1.9023084 -1.974563 -2.0500868 -2.1135414 -2.157162 -2.1864242 -2.2037833 -2.3426638 -2.4362608 -2.4421133 -2.4479657 -2.45 -2.5672669 -2.65 -2.65 -2.642672 -2.6309671 -9999
-2.1115253 -2.1557437 -2.2196739 -2.2982198 -2.304228 -2.278046 -2.2971883 -2.3303521 -2.346758 -2.3689785 -2.4213424 -2.4613701 -2.4668974 -2.4683022 -2.4627749 -2.4669586 -2.4780132 -2.4573305 -2.4282326 -2.3634381 -2.2741172 -2.0972433 -1.922921 -1.7766099 -1.6210283 -1.4717911 -1.3479306 -1.2348639 -1.1646346 -1.1184323 -1.1073777 -1.1266983 -1.161813 -1.2357492 -1.3105218 -1.4166424 -1.5161339 -1.6156255 -1.7346428 -1.8458392 -1.9407352 -2.0302419 -2.099777 -2.1541987 -2.1834609 -2.1986531 -2.210358 -2.3492386 -2.4428356 -2.448688 -2.45 -2.45 -2.5672669 -2.65 -2.65 -2.642672 -2.6309671 -9999
-2.1331719 -2.1867899 -2.2483292 -2.3230568 -2.3262013 -2.2966737 -2.3122538 -2.3427706 -2.3545597 -2.3751877 -2.4275517 -2.4669361 -2.4669361 -2.47 -2.4689842 -2.4704154 -2.4780132 -2.4558605 -2.4220234 -2.3280592 -2.2279301 -2.0123651 -1.815566 -1.6089605 -1.4228419 -1.2420492 -1.0976471 -0.97407588 -0.90384657 -0.86262745 -0.87142663 -0.90809662 -0.96932658 -1.0862791 -1.186337 -1.3560578 -1.46646 -1.617299 -1.7704146 -1.9017224 -1.9923499 -2.0799159 -2.1267354 -2.1790357 -2.1982043 -2.2078354 -2.2165672 -2.3554478 -2.4490448 -2.45 -2.45 -2.45 -2.5672669 -2.65 -2.65 -2.642672 -2.6309671 -9999
-2.1267068 -2.1808612 -2.2406377 -2.3134726 -2.3753625 -2.3439442 -2.3583512 -2.3859877 -2.4009483 -2.4077854 -2.4272604 -2.4666449 -2.4666449 -2.4642203 -2.4632899 -2.4399286 -2.4454559 -2.4192459 -2.3852864 -2.2847344 -2.1718013 -1.9674326 -1.7147149 -1.4764676 -1.2428206 -1.0383102 -0.88027712 -0.74138657 -0.67115726 -0.64118398 -0.65776812 -0.73008118 -0.80736044 -0.96445886 -1.1001385 -1.3048459 -1.4726874 -1.6463376 -1.8332873 -1.9795984 -2.0702508 -2.1580728 -2.2217028 -2.2572312 -2.2733228 -2.2810646 -2.286917 -2.3853522 -2.4768406 -2.4768406 -2.4768406 -2.4768406 -2.5471365 -2.6298696 -2.6298696 -2.6225415 -2.6108367 -9999
-2.1002141 -2.1499598 -2.2075217 -2.2703585 -2.3332387 -2.3960755 -2.4312063 -2.4588428 -2.4757919 -2.4872637 -2.4715545 -2.4600217 -2.4600217 -2.4575971 -2.4520698 -2.4256885 -2.3869973 -2.353014 -2.3190545 -2.2140357 -2.092323 -1.9043946 -1.6683526 -1.3581731 -1.0941317 -0.85093024 -0.68524437 -0.53642984 -0.47205297 -0.44248833 -0.47565217 -0.55787828 -0.68077957 -0.8580655 -1.047153 -1.2812507 -1.5092755 -1.7258159 -1.9136823 -2.0834031 -2.1745816 -2.2574207 -2.3393549 -2.3940817 -2.4057866 -2.4135283 -2.4193808 -2.4858099 -2.5298261 -2.5298261 -2.5298261 -2.5298261 -2.5650062 -2.5901304 -2.5901304 -2.5828024 -2.5710975 -9999
-2.106316 -2.1560617 -2.2136019 -2.2764386 -2.3392754 -2.4021121 -2.4376342 -2.4652708 -2.4768762 -2.4875245 -2.4718153 -2.46 -2.46 -2.4575753 -2.452048 -2.425645 -2.3869539 -2.3520739 -2.3124034 -2.1852754 -2.0521913 -1.8236785 -1.5808509 -1.2589992 -0.98707054 -0.73905252 -0.57321448 -0.42437821 -0.36727679 -0.35886674 -0.41311141 -0.52106754 -0.66783664 -0.87775882 -1.0793192 -1.3602364 -1.5899916 -1.8104526 -1.982666 -2.1393637 -2.2006574 -2.2752067 -2.3458698 -2.4007053 -2.4081107 -2.4139631 -2.4198156 -2.4862447 -2.53 -2.53 -2.53 -2.53 -2.5651801 -2.59 -2.5859996 -2.5764831 -2.5647782 -9999
-2.1101271 -2.1598729 -2.217413 -2.2802498 -2.3430865 -2.4059233 -2.4414454 -2.4690819 -2.4806874 -2.4875245 -2.4718153 -2.46 -2.46 -2.4575753 -2.452048 -2.425645 -2.3869539 -2.3482627 -2.3059119 -2.1737903 -2.0243459 -1.7907568 -1.5187761 -1.1907794 -0.91841837 -0.66416225 -0.50205596 -0.35437124 -0.3075517 -0.319237 -0.38296377 -0.51620975 -0.68593059 -0.91873798 -1.1474998 -1.4355675 -1.6976911 -1.9180555 -2.0513698 -2.1918284 -2.2400736 -2.2912027 -2.3594274 -2.4048162 -2.4106686 -2.4139631 -2.4198156 -2.4862447 -2.53 -2.53 -2.53 -2.53 -2.5651801 -2.5880409 -2.5821884 -2.570114 -2.5584091 -9999
-2.1101271 -2.1598729 -2.217413 -2.2802498 -2.3430865 -2.4059233 -2.4414454 -2.4690819 -2.4806874 -2.4875245 -2.4718153 -2.46 -2.46 -2.4575753 -2.452048 -2.425645 -2.3869539 -2.3445477 -2.2992887 -2.161106 -2.0044763 -1.7668021 -1.4922833 -1.1586941 -0.88774769 -0.64429268 -0.48674089 -0.34774805 -0.32259831 -0.33910657 -0.42754348 -0.57243233 -0.77141538 -1.0173165 -1.2733403 -1.5718149 -1.8359776 -2.0174033 -2.1414811 -2.2315675 -2.2700634 -2.3044491 -2.3688259 -2.4114394 -2.4172918 -2.4191812 -2.4198156 -2.4862447 -2.53 -2.53 -2.53 -2.53 -2.5651801 -2.5880409 -2.5821884 -2.569008 -2.5517859 -9999
-2.0869097 -2.1330875 -2.1883913 -2.242911 -2.3024561 -2.3375051 -2.3616998 -2.3878211 -2.3994265 -2.4062637 -2.4278725 -2.4948261 -2.4948261 -2.4924014 -2.4868741 -2.4604711 -2.4362128 -2.3956297 -2.3449047 -2.2039363 -2.0368459 -1.7869343 -1.508601 -1.1960492 -0.92428392 -0.70153144 -0.55133002 -0.44133417 -0.42608696 -0.45765005 -0.5626087 -0.73691328 -0.94629219 -1.1971711 -1.4688331 -1.7599826 -2.0049776 -2.1687226 -2.2814594 -2.3482819 -2.3694641 -2.3989563 -2.4544927 -2.4819104 -2.4838478 -2.4838478 -2.4838478 -2.4398099 -2.4835652 -2.4835652 -2.4835652 -2.4835652 -2.4200714 -2.4429322 -2.4406957 -2.4297036 -2.4174671 -9999
-2.0632269 -2.1072542 -2.1563224 -2.2086864 -2.2466882 -2.2781066 -2.3047288 -2.326838 -2.3382598 -2.3616001 -2.4506189 -2.5189425 -2.52 -2.5175753 -2.512048 -2.4936553 -2.4715461 -2.4267674 -2.3785923 -2.2388203 -2.0739616 -1.8178328 -1.5555862 -1.2580177 -1.0294643 -0.80837202 -0.69371408 -0.58525362 -0.58525362 -0.64473594 -0.76217391 -0.94133357 -1.1637264 -1.4146277 -1.683498 -1.9315261 -2.1671243 -2.3168977 -2.3642818 -2.4286587 -2.4474134 -2.4657476 -2.5048405 -2.53 -2.53 -2.53 -2.53 -2.481822 -2.45 -2.45 -2.45 -2.45 -2.3855032 -2.34 -2.34 -2.3302444 -2.3185396 -9999
