mean_models/J1_mean_tot_conduct_slide_257.29.dat.tif
NCOLS 118
NROWS 92
XLLCORNER 139.62
YLLCORNER -39.07
DX 0.099491525
DY 0.099347826
NODATA_VALUE -9999
[rows 26 to 51 of 92, columns 0 to 57 of 118]
-2.0189521 -1.950717 -1.8760983 -1.817421 -1.770044 -1.7385564 -1.7087089 -1.7023444 -1.7165575 -1.7481186 -1.8028389 -1.8695127 -1.959055 -2.0583958 -2.172811 -2.271807 -2.3712986 -2.4616626 -2.5561795 -2.6341498 -2.6987681 -2.7489036 -2.7638274 -2.772917 -2.7876169 -2.7984855 -2.8032973 -2.8030685 -2.7452964 -2.6953383 -2.6844681 -2.6692614 -2.6493631 -2.6325879 -2.6221151 -2.563279 -2.5135333 -2.4620705 -2.4044702 -2.3511044 -2.2777949 -2.21549 -2.1607697 -2.1074202 -2.0550562 -1.9906202 -1.9225471 -1.8774628 -1.8355716 -1.8041245 -1.7727061 -1.7610379 -1.7505458 -1.7352948 -1.7236006 -1.7190471 -1.72 -1.72
-2.0718285 -2.0065972 -1.9419277 -1.8863831 -1.8532192 -1.8263492 -1.8064509 -1.803062 -1.8267504 -1.8612007 -1.9258702 -1.9953532 -2.0897155 -2.1908596 -2.3052748 -2.4036307 -2.4683002 -2.547561 -2.6172051 -2.6871353 -2.726932 -2.7687732 -2.7745656 -2.7795402 -2.7845148 -2.7918623 -2.7918623 -2.7898221 -2.7748984 -2.7417006 -2.720755 -2.7021926 -2.6773198 -2.6590806 -2.5362068 -2.4446446 -2.3998734 -2.3501162 -2.2977522 -2.2540344 -2.222616 -2.1625045 -2.1077841 -2.0544347 -2.0020707 -1.93563 -1.8629384 -1.822809 -1.7892093 -1.7607124 -1.732967 -1.7212988 -1.7108067 -1.6997521 -1.6904847 -1.6957211 -1.7005245 -1.7162337
-2.1276356 -2.0720526 -2.0103861 -1.964153 -1.9369094 -1.9222294 -1.9065374 -1.9112718 -1.9394882 -1.9776632 -2.0423327 -2.1172479 -2.2117649 -2.3079386 -2.4139342 -2.5026546 -2.5501798 -2.610184 -2.6681951 -2.7258053 -2.7596838 -2.7893067 -2.7924987 -2.7903292 -2.7953037 -2.7975749 -2.7944633 -2.7879591 -2.7667104 -2.7502735 -2.7293279 -2.7036426 -2.6732414 -2.6149687 -2.4892952 -2.3956355 -2.3484984 -2.2984491 -2.2437762 -2.1966665 -2.1615757 -2.1193076 -2.0661057 -2.0158026 -1.9648556 -1.9019341 -1.8295687 -1.7921869 -1.7612398 -1.7387496 -1.7125676 -1.7056616 -1.6951695 -1.6841148 -1.6767097 -1.6819461 -1.6921201 -1.7106467
-2.1852217 -2.1348176 -2.0800973 -2.0463085 -2.0273577 -2.0167131 -2.0067639 -2.0168289 -2.0499927 -2.0942936 -2.1589631 -2.2338783 -2.3283953 -2.4212062 -2.5206978 -2.5952769 -2.6300989 -2.6675685 -2.7173143 -2.759698 -2.7895454 -2.8092192 -2.8042446 -2.80073 -2.8057046 -2.8073032 -2.8023286 -2.7921507 -2.7672778 -2.7420466 -2.721101 -2.6940706 -2.6592486 -2.5943233 -2.4686498 -2.3749901 -2.3252443 -2.2722671 -2.2146667 -2.1656203 -2.1237291 -2.0778606 -2.0281149 -1.9812374 -1.9341098 -1.8742507 -1.8061775 -1.7700401 -1.7438582 -1.7221409 -1.7011954 -1.6950624 -1.6896328 -1.6785782 -1.6711731 -1.6764095 -1.687256 -1.7082015
-2.2411048 -2.1952794 -2.1483989 -2.1146101 -2.1132269 -2.1132269 -2.112321 -2.122386 -2.1555498 -2.1998507 -2.2645202 -2.3394354 -2.4268244 -2.5113922 -2.59596 -2.6641875 -2.669162 -2.7021764 -2.7369984 -2.7766623 -2.7965606 -2.8154284 -2.8071441 -2.8 -2.8 -2.8004148 -2.7904657 -2.7797322 -2.7548593 -2.7283417 -2.6969233 -2.6671805 -2.6224093 -2.5570678 -2.4352476 -2.342519 -2.2879889 -2.2350116 -2.1774113 -2.1303194 -2.0926829 -2.0490868 -2.0032779 -1.9611481 -1.9216914 -1.8675254 -1.8061775 -1.7700401 -1.7438582 -1.7221409 -1.7011954 -1.6950624 -1.6896328 -1.6785782 -1.6711731 -1.6764095 -1.6882293 -1.7144108
-2.2620378 -2.2318936 -2.1884633 -2.1698913 -2.1739273 -2.1910972 -2.192971 -2.2061671 -2.2382332 -2.2772587 -2.3373123 -2.4088123 -2.4933801 -2.5498649 -2.6229504 -2.6802174 -2.6835008 -2.6915855 -2.7194395 -2.7467404 -2.7630529 -2.7742309 -2.7642817 -2.7623293 -2.7604348 -2.7577314 -2.7477822 -2.7118161 -2.6530069 -2.6278051 -2.598368 -2.5674862 -2.5275089 -2.4576661 -2.3436744 -2.3257283 -2.2722076 -2.2184567 -2.1619992 -2.1043988 -2.0650641 -2.0324392 -1.9887246 -1.9517217 -1.9153176 -1.8843687 -1.8267684 -1.7931199 -1.7669379 -1.7419236 -1.720978 -1.6983595 -1.6929299 -1.6818753 -1.6732971 -1.6764095 -1.6882293 -1.7144112
-2.2499032 -2.2252704 -2.2003975 -2.2032243 -2.2269128 -2.2440827 -2.2540318 -2.272399 -2.3008252 -2.3368674 -2.3866131 -2.4404118 -2.5001067 -2.5564881 -2.6062338 -2.6404783 -2.6404783 -2.6452232 -2.660147 -2.6738853 -2.6838344 -2.6908768 -2.6908768 -2.6894743 -2.6844997 -2.6782531 -2.668304 -2.6323379 -2.5228972 -2.4357326 -2.4095507 -2.382037 -2.3521895 -2.3318148 -2.3370512 -2.3191051 -2.2693594 -2.2184567 -2.1660928 -2.111022 -2.0534216 -2.0125696 -1.9827222 -1.9517217 -1.9203033 -1.8923244 -1.8661424 -1.8394822 -1.8133002 -1.7871182 -1.7609362 -1.7298964 -1.6995531 -1.6884984 -1.6799203 -1.6799203 -1.6882293 -1.7144112
-2.2741224 -2.2556525 -2.2371249 -2.2406691 -2.2752913 -2.2999309 -2.3098801 -2.3284067 -2.3568329 -2.3892784 -2.4302721 -2.4834331 -2.5346779 -2.5761355 -2.6124481 -2.6429226 -2.6338655 -2.6385307 -2.6534545 -2.6638655 -2.6645541 -2.6715965 -2.6715965 -2.6687914 -2.6590848 -2.6500552 -2.6305404 -2.5958751 -2.4912681 -2.4014327 -2.370432 -2.342998 -2.3131506 -2.294928 -2.3032704 -2.2946452 -2.2570106 -2.214805 -2.1783618 -2.1312521 -2.0841739 -2.0488929 -2.0254246 -2.000756 -1.9755139 -1.9476147 -1.9214327 -1.8952507 -1.8690688 -1.8428868 -1.8167048 -1.7707726 -1.7362562 -1.7196743 -1.7083264 -1.6984035 -1.7066328 -1.7328148
-2.2907506 -2.2811144 -2.2661907 -2.2821792 -2.3201009 -2.3520805 -2.3621695 -2.3762974 -2.4041223 -2.4330508 -2.4713644 -2.5128686 -2.5576398 -2.5882839 -2.6214195 -2.6401822 -2.629339 -2.6240551 -2.637089 -2.6475 -2.6475 -2.6475 -2.6475 -2.6382924 -2.6272458 -2.6132415 -2.5921949 -2.5527839 -2.4507161 -2.3659211 -2.3356869 -2.3082034 -2.2799576 -2.2634701 -2.2739429 -2.2812076 -2.2479958 -2.2231913 -2.1931557 -2.1639831 -2.1220919 -2.1007203 -2.080822 -2.0628145 -2.0418689 -2.0174041 -1.9912221 -1.9625401 -1.9363582 -1.9051762 -1.8789942 -1.828062 -1.7813983 -1.7578672 -1.7414808 -1.7296811 -1.7274376 -1.7519112
-2.3019169 -2.2952845 -2.2903099 -2.3124631 -2.35984 -2.3918196 -2.4067434 -2.4226597 -2.4416105 -2.4661668 -2.4960142 -2.5302458 -2.5600932 -2.5882839 -2.6131568 -2.6269358 -2.6120121 -2.6041855 -2.6091601 -2.6143841 -2.6143841 -2.6132309 -2.6032817 -2.5919301 -2.5770063 -2.560256 -2.5353831 -2.4931752 -2.3986583 -2.3195587 -2.2933768 -2.2684643 -2.248566 -2.2395521 -2.2657341 -2.2745844 -2.2596607 -2.2430609 -2.2325881 -2.2107267 -2.1845447 -2.168287 -2.1633124 -2.1494623 -2.1337531 -2.1101287 -2.0839468 -2.0537728 -2.0224596 -1.9873481 -1.9518493 -1.896042 -1.841007 -1.8078432 -1.78122 -1.7655108 -1.7605535 -1.7762627
-2.2749807 -2.2730639 -2.2705146 -2.2961751 -2.3667305 -2.4162693 -2.4281659 -2.4449591 -2.4639099 -2.4849541 -2.5111728 -2.5410202 -2.5687982 -2.5903576 -2.6077696 -2.6342484 -2.6533563 -2.6415427 -2.638853 -2.6393149 -2.6315489 -2.6286421 -2.553346 -2.4148036 -2.4038646 -2.3889408 -2.372139 -2.3615755 -2.369218 -2.2958195 -2.2818518 -2.2629136 -2.2540795 -2.2494497 -2.2520449 -2.2389996 -2.237235 -2.2306054 -2.2298313 -2.2587653 -2.2822653 -2.268638 -2.2636634 -2.2554901 -2.2421218 -2.1595482 -2.1016094 -2.0794193 -2.0507915 -2.0149083 -1.9782536 -1.9564115 -1.9024034 -1.8588323 -1.8272325 -1.803095 -1.7923234 -1.7968084
-2.2463802 -2.25 -2.25 -2.2999031 -2.3851816 -2.4330174 -2.4429666 -2.4536887 -2.4726395 -2.4919808 -2.5168537 -2.5417265 -2.5665994 -2.5797365 -2.594568 -2.6078858 -2.6373454 -2.6547521 -2.6496298 -2.6401425 -2.629796 -2.5675248 -2.3784909 -2.2538721 -2.2436226 -2.2350251 -2.2208038 -2.2201894 -2.2508409 -2.27582 -2.2668956 -2.2633983 -2.258435 -2.2464334 -2.2202514 -2.2157206 -2.2206952 -2.2274804 -2.2327168 -2.2762902 -2.3443634 -2.3708957 -2.3659211 -2.3577478 -2.347275 -2.259607 -2.1444063 -2.0993582 -2.0784126 -2.0457756 -2.0091209 -1.9872788 -1.9651928 -1.9179358 -1.8754118 -1.8481701 -1.8285715 -1.8285145
-2.2392711 -2.2446358 -2.2496104 -2.2999031 -2.3851816 -2.4323602 -2.4373347 -2.4460726 -2.455548 -2.4720556 -2.4919539 -2.5151326 -2.5250818 -2.5333742 -2.5383487 -2.5482771 -2.5582262 -2.5686507 -2.5587015 -2.5474178 -2.5275195 -2.4615538 -2.3153064 -2.2075098 -2.192586 -2.1820396 -2.177065 -2.1804503 -2.2202469 -2.2493272 -2.2598 -2.2633983 -2.2733475 -2.2664864 -2.2560136 -2.2562489 -2.2711726 -2.2809173 -2.2913901 -2.3395958 -2.4286145 -2.4582391 -2.4582391 -2.4504724 -2.4399997 -2.3450666 -2.2106382 -2.163301 -2.1380213 -2.1081462 -2.0753528 -2.0535106 -2.0314247 -1.9761516 -1.9283973 -1.8917425 -1.8683107 -1.8630743
-2.2249695 -2.233682 -2.2386565 -2.2906233 -2.3737517 -2.4184403 -2.4234149 -2.4260802 -2.4306744 -2.4385587 -2.4498126 -2.4662957 -2.4736005 -2.4719438 -2.470952 -2.4727147 -2.4735618 -2.4757356 -2.4627015 -2.4512482 -2.4344856 -2.3782525 -2.2403973 -2.1582405 -2.153029 -2.1448637 -2.1497539 -2.1603895 -2.2102034 -2.2465789 -2.2670242 -2.2841148 -2.3058271 -2.3090095 -2.2985367 -2.298772 -2.3136957 -2.3267883 -2.3372611 -2.395022 -2.4900792 -2.5234545 -2.5217595 -2.5156667 -2.5051939 -2.3997033 -2.2601947 -2.2118718 -2.1863378 -2.155691 -2.1242727 -2.1073693 -2.0850998 -2.0253704 -1.9730951 -1.9329735 -1.9061938 -1.9009574
-2.2150499 -2.2265851 -2.2315596 -2.2807539 -2.3612947 -2.3887732 -2.3937478 -2.3955072 -2.3955072 -2.3981715 -2.4031461 -2.406413 -2.406413 -2.4011331 -2.3961585 -2.3866549 -2.3816804 -2.3745014 -2.3595777 -2.3464655 -2.3315418 -2.2875503 -2.173135 -2.119058 -2.119058 -2.1262903 -2.1362395 -2.1370629 -2.1917833 -2.2402384 -2.2664203 -2.2920427 -2.3218902 -2.3383777 -2.3279049 -2.3453503 -2.3602741 -2.3724608 -2.3829336 -2.4198612 -2.5245891 -2.5652797 -2.5603051 -2.5530377 -2.5425649 -2.4524728 -2.3006173 -2.2485611 -2.2276155 -2.1986462 -2.1672278 -2.1533395 -2.1359488 -2.0744262 -2.0178619 -1.9759707 -1.9483179 -1.9430815
-2.2349195 -2.2485107 -2.2580524 -2.3021232 -2.3021232 -2.299763 -2.2947884 -2.2948659 -2.2901282 -2.2930532 -2.3030023 -2.3070652 -2.2986428 -2.2870369 -2.2721132 -2.2573137 -2.2274662 -2.2161942 -2.206245 -2.1953291 -2.1903545 -2.1484633 -2.1408858 -2.1607841 -2.1806824 -2.1947517 -2.2295738 -2.2273246 -2.1676297 -2.1876629 -2.2190812 -2.2440937 -2.263992 -2.278769 -2.3538046 -2.4115822 -2.426506 -2.4374442 -2.4426806 -2.4398795 -2.4318645 -2.4745942 -2.4742037 -2.4690768 -2.4630866 -2.417422 -2.3337332 -2.281677 -2.2607315 -2.2353211 -2.206967 -2.2051739 -2.1955575 -2.1292298 -2.0708474 -2.0289562 -2.0035236 -2.0139964
-2.2260423 -2.2434672 -2.2534164 -2.2575435 -2.2558812 -2.2510311 -2.2445696 -2.2304417 -2.2198456 -2.2202996 -2.227593 -2.2209108 -2.2092929 -2.1910514 -2.1753441 -2.1538399 -2.1265387 -2.1029116 -2.0936443 -2.0886697 -2.086219 -2.1025962 -2.1242349 -2.1548493 -2.1773941 -2.2248686 -2.2708926 -2.2809985 -2.2217312 -2.1886556 -2.2193696 -2.2434053 -2.2633036 -2.3061047 -2.3951234 -2.4529011 -2.4666006 -2.4746108 -2.4783043 -2.470423 -2.4547138 -2.4483043 -2.4483043 -2.445258 -2.4400216 -2.3960742 -2.3332374 -2.3023365 -2.2847714 -2.2601327 -2.2339507 -2.2324565 -2.2344053 -2.1680776 -2.1072242 -2.065333 -2.0399004 -2.0514076
-2.2024843 -2.223743 -2.2336922 -2.2350469 -2.2303092 -2.2201913 -2.2102422 -2.1946605 -2.1757097 -2.1602456 -2.155271 -2.1451736 -2.1252753 -2.1039232 -2.0840248 -2.0639744 -2.0391015 -2.0226297 -2.0176551 -2.0216051 -2.0365288 -2.0572661 -2.0920882 -2.1362574 -2.1810286 -2.2306839 -2.2854042 -2.3085983 -2.2538779 -2.2187597 -2.2449416 -2.2682504 -2.2881487 -2.3309498 -2.4199685 -2.4749218 -2.484871 -2.4907269 -2.4907269 -2.4828455 -2.4671364 -2.4607269 -2.4607269 -2.4576805 -2.4524441 -2.4084968 -2.34566 -2.318751 -2.3030418 -2.2784031 -2.2522211 -2.2563914 -2.2592504 -2.1929227 -2.1320693 -2.0901782 -2.0671183 -2.0828275
-2.1838566 -2.2051153 -2.2150645 -2.2164192 -2.2072353 -2.1904546 -2.1667775 -2.1482509 -2.1198265 -2.1022993 -2.0873756 -2.0768719 -2.0497369 -2.023203 -2.0033047 -1.9850124 -1.9700886 -1.9568126 -1.9667618 -1.9750405 -2.0098626 -2.0324292 -2.0840717 -2.1451692 -2.2098387 -2.2636044 -2.3332485 -2.3559764 -2.2813578 -2.2430077 -2.2639533 -2.2859059 -2.3008296 -2.3433683 -2.432387 -2.4859697 -2.4910802 -2.4969361 -2.4969361 -2.4890548 -2.4733456 -2.4669361 -2.4669361 -2.4638898 -2.4586534 -2.414706 -2.3518692 -2.3249602 -2.309251 -2.2846123 -2.2584303 -2.2668113 -2.2716689 -2.2053412 -2.1444878 -2.1025966 -2.0804557 -2.1014013
-2.1377593 -2.1530942 -2.1622569 -2.1608393 -2.1591503 -2.1600585 -2.1331958 -2.1022747 -2.0715371 -2.0496425 -2.0363153 -2.0162687 -1.986384 -1.9581891 -1.9399891 -1.915273 -1.8933527 -1.8924247 -1.9095738 -1.9300526 -1.9685763 -2.0106653 -2.0703602 -2.1267001 -2.189417 -2.2486797 -2.3083069 -2.3597391 -2.3159339 -2.2640126 -2.2829189 -2.3001085 -2.3133763 -2.3528511 -2.4428494 -2.5055177 -2.5104923 -2.5134203 -2.5134203 -2.5002847 -2.4831196 -2.4737652 -2.4733551 -2.4733551 -2.4684274 -2.4211249 -2.3582882 -2.3347342 -2.319025 -2.2910313 -2.2648493 -2.219549 -2.228205 -2.1745631 -2.1160558 -2.0785287 -2.064617 -2.0941087
-2.0667993 -2.0802391 -2.0802391 -2.0994937 -2.1326576 -2.1335658 -2.0987437 -2.0625356 -2.0246341 -1.996657 -1.9867078 -1.9682205 -1.9333985 -1.9052036 -1.8902798 -1.8689106 -1.8340886 -1.8195696 -1.8494171 -1.8836903 -1.9284615 -1.9761177 -2.0308381 -2.0869609 -2.1466559 -2.2023174 -2.2470886 -2.2802609 -2.2802609 -2.2838822 -2.2995913 -2.3133548 -2.323304 -2.3646142 -2.4693421 -2.5320105 -2.5369851 -2.539913 -2.539913 -2.5267775 -2.5005955 -2.4870116 -2.482037 -2.4799783 -2.4799783 -2.4342072 -2.366134 -2.3419943 -2.3315215 -2.3031679 -2.2717496 -2.2008525 -2.1288572 -2.0846387 -2.0432008 -2.0117824 -2.0050083 -2.0521359
-2.0665819 -2.08 -2.08 -2.0994068 -2.1288717 -2.1225696 -2.0800902 -2.0394399 -1.9935593 -1.9602633 -1.937023 -1.9185357 -1.8837137 -1.8588324 -1.8529728 -1.8380491 -1.8215587 -1.811618 -1.8553668 -1.8957439 -1.9592536 -2.0069316 -2.0616519 -2.1177748 -2.1774697 -2.2317579 -2.2716919 -2.3021537 -2.2923777 -2.2950093 -2.3058454 -2.3195872 -2.3295363 -2.37089 -2.4756179 -2.5361889 -2.537072 -2.54 -2.54 -2.5268644 -2.5006824 -2.4870551 -2.4820805 -2.48 -2.48 -2.4342507 -2.3661775 -2.3380241 -2.3253544 -2.3014873 -2.271793 -2.2008742 -2.1285311 -2.0843126 -2.0441347 -2.0177321 -2.0110015 -2.0581291
-2.0761727 -2.0851159 -2.0851159 -2.1017503 -2.1301084 -2.1165961 -2.0714293 -2.0232491 -1.9755136 -1.9343332 -1.9086608 -1.8803727 -1.8455507 -1.8248841 -1.8208107 -1.817442 -1.8053744 -1.8122219 -1.8589988 -1.9127954 -1.9795724 -2.0413351 -2.0960555 -2.1482178 -2.2067573 -2.2583421 -2.2957261 -2.3212134 -2.3100071 -2.3051895 -2.3156623 -2.3242571 -2.3333475 -2.3747012 -2.4794291 -2.54 -2.54 -2.54 -2.54 -2.5268644 -2.5006824 -2.4870551 -2.4820805 -2.477442 -2.477442 -2.4342507 -2.3661775 -2.3380241 -2.3223149 -2.2951182 -2.2689362 -2.1983162 -2.1259731 -2.0817546 -2.0427498 -2.0179527 -2.0148127 -2.0619402
-2.0960423 -2.1045816 -2.099607 -2.1130431 -2.1367316 -2.1232193 -2.068499 -2.0166259 -1.9645113 -1.9210868 -1.8912394 -1.8613919 -1.8315445 -1.8116377 -1.8116377 -1.8108188 -1.8108188 -1.8254683 -1.8801886 -1.9392882 -2.0139068 -2.0804397 -2.1301855 -2.1813338 -2.2360541 -2.2848348 -2.3146823 -2.3344598 -2.319536 -2.3118127 -2.3222855 -2.3308803 -2.3358549 -2.3747012 -2.4794291 -2.54 -2.54 -2.54 -2.54 -2.5268644 -2.5006824 -2.4870551 -2.4820805 -2.4769536 -2.4717172 -2.4285887 -2.3657519 -2.3380241 -2.3223149 -2.2932114 -2.262313 -2.1916931 -2.1193499 -2.0751315 -2.0361266 -2.015181 -2.0148127 -2.0619402
-2.1971727 -2.205712 -2.1969967 -2.2067316 -2.1475591 -2.071799 -2.0233569 -1.977376 -1.9288664 -1.8846231 -1.8674626 -1.8539499 -1.826589 -1.81 -1.8148714 -1.8296384 -1.8506304 -1.8677364 -1.9271247 -1.9948027 -2.0694213 -2.136773 -2.2043773 -2.2841019 -2.3388222 -2.3867841 -2.4166315 -2.4347714 -2.4032095 -2.3648707 -2.3753435 -2.3839383 -2.3889129 -2.4269403 -2.5399956 -2.6096522 -2.6096522 -2.6096522 -2.6096522 -2.5965166 -2.4859738 -2.4232073 -2.4219565 -2.4189101 -2.4136737 -2.3697264 -2.4163278 -2.419285 -2.3985431 -2.3681297 -2.3262385 -2.2532382 -2.1707702 -2.1250365 -2.0817425 -2.0563694 -2.0496388 -2.0699004
-2.2787196 -2.2886415 -2.2786923 -2.2191173 -2.1243634 -2.0484686 -2.0036974 -1.959916 -1.9127672 -1.8821377 -1.8778322 -1.8660271 -1.8411542 -1.8303063 -1.8402555 -1.8566283 -1.8823228 -1.9196364 -1.9843059 -2.0489754 -2.1217474 -2.2007262 -2.2902686 -2.363358 -2.4150034 -2.4629652 -2.4928127 -2.4979441 -2.4409703 -2.4026316 -2.4131044 -2.42 -2.4242462 -2.4674788 -2.5879159 -2.6575725 -2.6575725 -2.6575725 -2.6575725 -2.5864407 -2.4398216 -2.3775725 -2.3775725 -2.3745261 -2.3692897 -2.4098026 -2.4726394 -2.469177 -2.4482315 -2.4118544 -2.3699632 -2.2885716 -2.2059199 -2.1561742 -2.1105341 -2.0791157 -2.0559266 -2.0506902
