mean_models/J1_mean_tot_conduct_slide_46.19.dat.tif
NCOLS 118
NROWS 92
XLLCORNER 139.62
YLLCORNER -39.07
DX 0.099491525
DY 0.099347826
NODATA_VALUE -9999
[rows 26 to 51 of 92, columns 57 to 113 of 118]
-3.4273206 -3.2915149 -3.1035865 -2.9181631 -2.7191801 -2.5258636 -2.3373533 -2.1629131 -2.0081485 -1.9176801 -1.8543779 -1.8754563 -1.9100474 -2.0350089 -2.1663894 -2.3377359 -2.4930369 -2.6533288 -2.759214 -2.847533 -2.8501537 -2.8389437 -2.7718187 -2.6894394 -2.5899479 -2.5033014 -2.4314465 -2.3937297 -2.3694412 -2.392851 -2.4336907 -2.4889638 -2.5647207 -2.6408025 -2.7285768 -2.8069672 -2.8910891 -2.9596534 -3.0123254 -3.0499538 -3.0558063 -3.0244315 -2.9822051 -2.8914495 -2.7955522 -2.6960607 -2.6305955 -2.5545137 -2.5582096 -2.5816446 -2.6577264 -2.7688601 -2.8917614 -2.9923943 -3.0529218 -3.0236596 -2.8574607
-3.5819474 -3.4723801 -3.3507793 -3.1794638 -3.0106003 -2.8152078 -2.6221504 -2.4255135 -2.2399601 -2.0958829 -1.9934649 -1.9463373 -1.9497865 -1.994005 -2.0976789 -2.2137524 -2.3554076 -2.4877491 -2.5856195 -2.6620837 -2.6565564 -2.6402481 -2.5628658 -2.4759302 -2.3647595 -2.2690486 -2.1797653 -2.1320864 -2.0978905 -2.1213002 -2.1639728 -2.2413551 -2.3298081 -2.4354836 -2.5451189 -2.6480107 -2.7592071 -2.8405212 -2.9224554 -2.9721314 -2.9961976 -2.9717844 -2.9358428 -2.8597611 -2.771039 -2.7008097 -2.654359 -2.6074993 -2.6472572 -2.6883547 -2.7819938 -2.8947007 -3.017602 -3.1008395 -3.1518824 -3.0992104 -2.9109701
-3.6801716 -3.6257492 -3.5330991 -3.4121912 -3.2567366 -3.0855813 -2.8953258 -2.6846485 -2.4851428 -2.3038901 -2.166323 -2.0791756 -2.0396195 -2.0498121 -2.1037292 -2.2014548 -2.3036111 -2.424835 -2.511158 -2.5696465 -2.555315 -2.5319346 -2.4445098 -2.3423591 -2.2203366 -2.1020238 -2.004646 -1.9408088 -1.9010259 -1.9230364 -1.9601543 -2.0400272 -2.1455456 -2.2605158 -2.3936574 -2.5102833 -2.6386351 -2.7404347 -2.8267591 -2.8917242 -2.9236237 -2.919317 -2.8893134 -2.8288716 -2.755048 -2.7028366 -2.6933899 -2.6612765 -2.7201788 -2.7817619 -2.8802498 -2.9894074 -3.1110091 -3.17193 -3.2080744 -3.1394783 -2.9102709
-3.7411626 -3.7339965 -3.6842508 -3.5991409 -3.4787038 -3.325724 -3.1529229 -2.9476105 -2.7320455 -2.5405088 -2.3609833 -2.2562554 -2.1686684 -2.1520864 -2.1671667 -2.2334944 -2.3145283 -2.4084925 -2.4707194 -2.5229955 -2.5045796 -2.4703585 -2.3763943 -2.2621552 -2.1216966 -1.9914463 -1.8698456 -1.7994145 -1.7433696 -1.7550745 -1.7915197 -1.8744293 -1.9831203 -2.1118741 -2.2485388 -2.3864404 -2.5205485 -2.6419991 -2.7356382 -2.7985857 -2.8454052 -2.8455889 -2.8389242 -2.7869675 -2.7433284 -2.7140662 -2.7126902 -2.7126902 -2.7822977 -2.8640091 -2.9693531 -3.076493 -3.1876894 -3.2375793 -3.2393266 -3.1456875 -2.909082
-3.8094642 -3.8179361 -3.8146448 -3.7539869 -3.6711902 -3.5328004 -3.3764555 -3.1747596 -2.9617874 -2.7515661 -2.56482 -2.4234373 -2.3252261 -2.270062 -2.2728774 -2.3080053 -2.3778122 -2.4581664 -2.5161463 -2.5540417 -2.5208779 -2.4814472 -2.3709011 -2.2510694 -2.0968597 -1.9541772 -1.8201716 -1.7372526 -1.675068 -1.6836548 -1.7170089 -1.7999185 -1.9111423 -2.0435725 -2.1802372 -2.3181388 -2.4468925 -2.5674883 -2.6565138 -2.7120422 -2.7522666 -2.7567731 -2.7519949 -2.7344375 -2.6936545 -2.6893546 -2.7170964 -2.7375272 -2.8338831 -2.9198923 -3.0252362 -3.1229531 -3.2249448 -3.2488808 -3.2455358 -3.1237366 -2.8630786
-3.8387844 -3.8932068 -3.9072202 -3.8938678 -3.8272294 -3.7217836 -3.5751645 -3.3859281 -3.1758904 -2.9592586 -2.7559138 -2.6021714 -2.4739124 -2.4070771 -2.3784754 -2.4026222 -2.4449046 -2.5167596 -2.5614112 -2.5959484 -2.5595486 -2.5107633 -2.4002172 -2.2687328 -2.1097178 -1.9614869 -1.817777 -1.7320896 -1.6601665 -1.6660189 -1.7026701 -1.7855797 -1.8935982 -2.0281126 -2.1525311 -2.2892114 -2.3961067 -2.5117049 -2.5902314 -2.6055635 -2.6406781 -2.6374638 -2.6385704 -2.6347319 -2.6239493 -2.6352114 -2.7044447 -2.7454118 -2.8595443 -2.9611445 -3.0702632 -3.1675025 -3.2611415 -3.2708871 -3.2401964 -3.107008 -2.8244078
-3.8699565 -3.9395691 -3.9893149 -3.9932156 -3.9670336 -3.8755842 -3.755147 -3.5733613 -3.3743783 -3.153861 -2.9413631 -2.7737984 -2.6262458 -2.5378089 -2.4910696 -2.4965969 -2.5302773 -2.5800231 -2.6165657 -2.6489339 -2.6102427 -2.5571256 -2.4465795 -2.3150951 -2.1512267 -2.0012261 -1.8575161 -1.7718287 -1.7002097 -1.7119146 -1.7490324 -1.831942 -1.9399605 -2.0687142 -2.1869087 -2.3024577 -2.3902444 -2.4623921 -2.4975068 -2.5111159 -2.5111159 -2.5016036 -2.4928603 -2.5045652 -2.5287832 -2.5756027 -2.6501641 -2.7379507 -2.8665469 -2.9937242 -3.1166255 -3.2128319 -3.2947661 -3.2937381 -3.2393019 -3.0871384 -2.8030706
-3.906923 -3.9858796 -4.051218 -4.0713451 -4.0602469 -3.9837973 -3.8735361 -3.7007271 -3.5054349 -3.2797334 -3.0621594 -2.8684128 -2.7146165 -2.6071218 -2.5477809 -2.534759 -2.5576828 -2.5994629 -2.6342701 -2.6558285 -2.6281919 -2.5783188 -2.47781 -2.355518 -2.2069952 -2.0758179 -1.9438775 -1.877531 -1.8111889 -1.832377 -1.8865223 -1.9735938 -2.0687907 -2.1858279 -2.2714804 -2.3741376 -2.3916949 -2.4612762 -2.4461287 -2.3908246 -2.3627717 -2.3328 -2.3210004 -2.3494488 -2.374703 -2.455484 -2.5887542 -2.7004262 -2.8838603 -3.0126857 -3.1560651 -3.2624659 -3.3444001 -3.331486 -3.2758699 -3.1158142 -2.8200415
-3.9263805 -4.0182815 -4.0909275 -4.13 -4.13 -4.0692797 -3.9697881 -3.8066714 -3.6187429 -3.3884087 -3.1653189 -2.9682226 -2.7855085 -2.6670527 -2.583178 -2.5606921 -2.5633757 -2.5965395 -2.6206356 -2.6398164 -2.6170574 -2.5804944 -2.4879237 -2.3884322 -2.2493868 -2.1481073 -2.0320339 -1.9916478 -1.9423031 -1.9774177 -2.0480085 -2.1375 -2.2251969 -2.3305409 -2.3824247 -2.4552318 -2.4355808 -2.4343445 -2.3894367 -2.2655733 -2.2011964 -2.1525282 -2.1269267 -2.1620289 -2.2161316 -2.3170987 -2.5080409 -2.6602044 -2.8781674 -3.0523255 -3.2077168 -3.3358898 -3.417824 -3.39991 -3.3326446 -3.168153 -2.8680035
-3.9330037 -4.0249047 -4.1133416 -4.1589638 -4.1799093 -4.1255368 -4.0417545 -3.8831046 -3.7048444 -3.4688227 -3.238174 -3.0339545 -2.8451172 -2.6958799 -2.5964243 -2.5466786 -2.539589 -2.5506436 -2.5706162 -2.5868309 -2.570249 -2.5407552 -2.4689002 -2.381809 -2.2823175 -2.1993719 -2.1313817 -2.1120126 -2.1012596 -2.1631717 -2.2400809 -2.3395725 -2.4276942 -2.5096284 -2.535601 -2.5545796 -2.4784979 -2.4106779 -2.2702193 -2.1333449 -2.0025008 -1.9413561 -1.8951151 -1.9419347 -2.0207665 -2.1846349 -2.3960607 -2.6204653 -2.8842174 -3.1073109 -3.3004415 -3.4325551 -3.5304182 -3.5057775 -3.4298278 -3.2542545 -2.9541049
-3.9015571 -3.9956945 -4.0872823 -4.1448881 -4.1726421 -4.1433201 -4.0703179 -3.9228766 -3.7481991 -3.5178883 -3.2822289 -3.0597611 -2.8636899 -2.698384 -2.5782427 -2.5107216 -2.4818515 -2.4833664 -2.498955 -2.5098436 -2.4985877 -2.4786583 -2.4367032 -2.374679 -2.3029896 -2.2677683 -2.2191135 -2.2543254 -2.258903 -2.3346445 -2.4398725 -2.5427785 -2.6134216 -2.6822647 -2.6444429 -2.6401869 -2.4754884 -2.3787336 -2.1821324 -1.9578353 -1.7997904 -1.7069096 -1.6570915 -1.7280805 -1.8200645 -2.0329035 -2.3381527 -2.5964604 -2.9436033 -3.184233 -3.410847 -3.5747902 -3.6790027 -3.6338151 -3.5543581 -3.375586 -3.0732481
-3.8514547 -3.9424744 -4.0364386 -4.1030924 -4.1397472 -4.1238772 -4.0715132 -3.9413277 -3.7755085 -3.5523766 -3.322155 -3.0978677 -2.8819326 -2.7095875 -2.5685212 -2.4856116 -2.435939 -2.419357 -2.4254446 -2.432971 -2.4251998 -2.415261 -2.3850325 -2.3618325 -2.315013 -2.3117629 -2.3062356 -2.3643865 -2.4177788 -2.5231228 -2.6385681 -2.743587 -2.8065126 -2.8533322 -2.7877196 -2.7205315 -2.518975 -2.3208494 -2.0750468 -1.8030685 -1.5923806 -1.4870681 -1.4186129 -1.5038911 -1.6454614 -1.891264 -2.2493031 -2.5828923 -2.9699424 -3.2913252 -3.5429802 -3.7273581 -3.844407 -3.7915052 -3.6935426 -3.5121168 -3.2012644
-3.7549946 -3.8431266 -3.9370908 -4.009404 -4.0668921 -4.0604603 -4.0317741 -3.9171056 -3.7755085 -3.5669397 -3.3486478 -3.1287192 -2.9150485 -2.7271201 -2.5781588 -2.4676126 -2.4071875 -2.3663715 -2.3667391 -2.3667391 -2.3667391 -2.3622755 -2.3567482 -2.3473198 -2.3531723 -2.3702013 -2.4055834 -2.4919252 -2.5767354 -2.7094536 -2.8372638 -2.9422826 -2.9961934 -3.0122887 -2.9085267 -2.7933866 -2.5183218 -2.2778231 -1.9383814 -1.6347822 -1.3671922 -1.2520025 -1.1735549 -1.2964562 -1.4615693 -1.7893061 -2.1883789 -2.5961387 -3.0522984 -3.4144554 -3.7187824 -3.9125162 -4.0431026 -3.9735591 -3.8648898 -3.6659068 -3.3496755
-3.6172351 -3.7020192 -3.7959835 -3.8807676 -3.9444568 -3.9697422 -3.9509061 -3.8807046 -3.7512071 -3.5808596 -3.3733891 -3.1725344 -2.9619077 -2.7772492 -2.6159921 -2.4988001 -2.4195675 -2.3718671 -2.3639198 -2.3500612 -2.3546399 -2.3568716 -2.3619167 -2.3746465 -2.39455 -2.4568891 -2.5079823 -2.6283926 -2.7305711 -2.8727822 -3.0041744 -3.1038587 -3.1417425 -3.1462746 -2.9904848 -2.8511164 -2.5135351 -2.2177973 -1.8475229 -1.4857631 -1.1964003 -1.0698109 -0.98966165 -1.1370826 -1.3390218 -1.6997659 -2.1809573 -2.6241906 -3.1438052 -3.54781 -3.8729455 -4.086804 -4.2222365 -4.1212153 -4.0008287 -3.7969426 -3.4690064
-3.4663189 -3.540844 -3.6348082 -3.721404 -3.7999499 -3.8390651 -3.8495379 -3.7975117 -3.7146021 -3.5615009 -3.3987072 -3.2056863 -3.0183751 -2.835974 -2.6796311 -2.5525031 -2.4662206 -2.4054202 -2.3808911 -2.3635258 -2.3673639 -2.3758186 -2.3868732 -2.4114853 -2.4524524 -2.5276998 -2.6161367 -2.7450669 -2.8790018 -3.0311653 -3.1625575 -3.2565217 -3.278536 -3.2609787 -3.0968548 -2.9028391 -2.5414521 -2.1656595 -1.7501361 -1.3784126 -1.0506758 -0.9183188 -0.83537818 -0.99480396 -1.2454071 -1.6433732 -2.1399632 -2.6608306 -3.2084281 -3.6810132 -4.0321598 -4.2460182 -4.3864768 -4.2817548 -4.1284933 -3.9178054 -3.5789996
-3.2761866 -3.347441 -3.4361125 -3.5271322 -3.6145006 -3.6750938 -3.7170742 -3.702264 -3.6549934 -3.550709 -3.4119536 -3.2653345 -3.0930872 -2.9327953 -2.7820167 -2.6650973 -2.5762413 -2.5113913 -2.4847992 -2.4628736 -2.4573463 -2.4623401 -2.4844493 -2.5136177 -2.5650466 -2.6460436 -2.7419773 -2.8787664 -3.0180888 -3.1777828 -3.3127571 -3.3956667 -3.3900279 -3.3205874 -3.1415368 -2.935955 -2.5438413 -2.1590363 -1.7119481 -1.318658 -0.97119754 -0.83475104 -0.74927673 -0.93070245 -1.1857985 -1.6288818 -2.1608559 -2.7138161 -3.3023452 -3.7869842 -4.149111 -4.35942 -4.4924478 -4.4125136 -4.2675803 -4.0141679 -3.6540682
-3.1039982 -3.1553685 -3.2380579 -3.3201322 -3.4141636 -3.4813402 -3.554558 -3.5988654 -3.5767562 -3.4744916 -3.4085913 -3.2643232 -3.1576379 -3.0067919 -2.8938211 -2.7882684 -2.7137486 -2.6505797 -2.6215166 -2.5954388 -2.5899115 -2.5858111 -2.6055344 -2.6272761 -2.6780941 -2.76279 -2.8553613 -2.9921504 -3.1330304 -3.2957334 -3.4194165 -3.5006739 -3.477977 -3.38735 -3.1969933 -2.9773753 -2.5852616 -2.1743543 -1.7199483 -1.3221218 -0.96512278 -0.82585974 -0.73791441 -0.91878218 -1.1982338 -1.6452823 -2.1791457 -2.7606206 -3.3553307 -3.8639552 -4.2268066 -4.4371157 -4.5582331 -4.4645063 -4.3162551 -4.0528564 -3.6861914
-2.9176925 -2.960173 -3.032028 -3.1203378 -3.2198294 -3.3135936 -3.4026123 -3.454104 -3.4872679 -3.453616 -3.4103338 -3.321315 -3.2335024 -3.1229563 -3.0257433 -2.9373064 -2.8684466 -2.8076462 -2.7740493 -2.7464127 -2.733361 -2.7227463 -2.7282736 -2.7463808 -2.7932003 -2.8648511 -2.953288 -3.0823342 -3.22105 -3.3673611 -3.4868908 -3.5642731 -3.5437569 -3.4384129 -3.2434998 -3.0235439 -2.6341923 -2.2195263 -1.7571834 -1.365899 -1.0089 -0.86891001 -0.77930466 -0.95453082 -1.2362407 -1.6868788 -2.2192187 -2.8044629 -3.3974087 -3.9100109 -4.2728623 -4.4711829 -4.5882317 -4.4871907 -4.3206522 -4.0455874 -3.6759853
-2.7750956 -2.8128322 -2.8705878 -2.9588976 -3.0583891 -3.1578807 -3.2535906 -3.3335797 -3.38792 -3.4050528 -3.3803684 -3.34895 -3.2765462 -3.2157458 -3.1273707 -3.0614912 -3.0008886 -2.9504587 -2.9168618 -2.8892252 -2.8615887 -2.8453754 -2.8287934 -2.8378726 -2.8615019 -2.9178842 -2.9905434 -3.1031564 -3.2334685 -3.3734347 -3.485645 -3.5580639 -3.5449831 -3.4508314 -3.2715606 -3.0607993 -2.6979479 -2.287828 -1.8534927 -1.4800281 -1.1330847 -0.9888264 -0.8972802 -1.0611486 -1.3417978 -1.762155 -2.2648668 -2.8292999 -3.3957689 -3.9038016 -4.2470641 -4.4339634 -4.5447671 -4.4283167 -4.2585598 -3.9787473 -3.6135579
-2.6699112 -2.6886834 -2.7406003 -2.8159656 -2.9149824 -3.017829 -3.1173206 -3.2130761 -3.2904584 -3.3291905 -3.3439846 -3.3302756 -3.3025348 -3.2576145 -3.2113622 -3.1561442 -3.1158469 -3.0716284 -3.0410117 -3.0098364 -2.9723183 -2.9402185 -2.9102011 -2.8886399 -2.8977415 -2.924746 -2.9855464 -3.0745685 -3.1918575 -3.3264637 -3.4325542 -3.5071739 -3.5268524 -3.4407123 -3.2843985 -3.0876374 -2.7565919 -2.3730674 -1.9577948 -1.6294108 -1.2899691 -1.1541108 -1.0556274 -1.1998837 -1.4608557 -1.8617218 -2.3052794 -2.8495566 -3.3744736 -3.8587524 -4.1916131 -4.3649629 -4.4703069 -4.3565436 -4.175636 -3.8923855 -3.5362395
-2.5864746 -2.5959588 -2.6346499 -2.7033713 -2.7923901 -2.8922239 -2.9969518 -3.0975947 -3.1970862 -3.2483976 -3.2909991 -3.2962355 -3.2959116 -3.2793296 -3.2577245 -3.2300879 -3.202321 -3.1746844 -3.1424705 -3.1091843 -3.0649658 -3.0196968 -2.969951 -2.928379 -2.8991168 -2.9089465 -2.936583 -3.0127022 -3.0980465 -3.2150954 -3.31996 -3.4028696 -3.4275046 -3.4040948 -3.2656001 -3.1008837 -2.7965567 -2.4729796 -2.1101281 -1.7831191 -1.4787921 -1.3494637 -1.2609462 -1.3838475 -1.5974474 -1.9544464 -2.3907076 -2.8647555 -3.3557139 -3.7820858 -4.0922653 -4.2651566 -4.3646481 -4.2530809 -4.0724134 -3.7797913 -3.424881
-2.5738578 -2.578804 -2.6095901 -2.6657753 -2.7425096 -2.8387095 -2.9408391 -3.0415037 -3.1409952 -3.2030809 -3.2516289 -3.2830473 -3.2889923 -3.2916856 -3.279953 -3.2673733 -3.243216 -3.2182891 -3.1846731 -3.1401486 -3.0682936 -3.0121469 -2.9268899 -2.8668026 -2.8064144 -2.7896059 -2.8003847 -2.8521973 -2.9305778 -3.0452015 -3.1502477 -3.2415897 -3.2919112 -3.2923692 -3.2097634 -3.0662367 -2.8438439 -2.5229904 -2.2111076 -1.9494276 -1.6711467 -1.5519394 -1.4630858 -1.5578095 -1.7710398 -2.0678454 -2.4142462 -2.8526821 -3.253046 -3.6765491 -3.9493788 -4.0886659 -4.1786563 -4.078794 -3.8987558 -3.6261358 -3.3151438
-2.589817 -2.5871728 -2.6141661 -2.6633206 -2.7313938 -2.8107783 -2.9102698 -3.0020874 -3.101579 -3.1636647 -3.219835 -3.2512534 -3.2789942 -3.2868974 -3.29 -3.284606 -3.2660829 -3.2439736 -3.2037288 -3.1512244 -3.0668856 -2.9838724 -2.8853404 -2.7833702 -2.7052095 -2.6556997 -2.6446451 -2.6788232 -2.7377641 -2.8489605 -2.9567816 -3.053087 -3.1263143 -3.1497241 -3.1027933 -3.007443 -2.8184191 -2.5753533 -2.29322 -2.0985268 -1.8527242 -1.7519398 -1.6679418 -1.7515577 -1.9152018 -2.1815743 -2.4599283 -2.8403371 -3.1993803 -3.5467382 -3.7985357 -3.9077212 -3.983803 -3.8902786 -3.7276583 -3.4672547 -3.1967919
-2.6405036 -2.6401583 -2.6567402 -2.7025 -2.7653367 -2.839764 -2.9183099 -3.0035173 -3.0883326 -3.1504183 -3.2065886 -3.238007 -3.2657479 -3.2823298 -3.29 -3.29 -3.2717847 -3.2441482 -3.1925836 -3.1313548 -3.0318633 -2.9308869 -2.8037588 -2.6840224 -2.5611211 -2.4948079 -2.4459494 -2.4687413 -2.5059525 -2.6063141 -2.7117237 -2.8277971 -2.912281 -2.9766578 -2.953465 -2.9080952 -2.7676365 -2.5856984 -2.3925678 -2.21019 -2.0315503 -1.9429525 -1.8798838 -1.9442607 -2.0753159 -2.2742989 -2.5287655 -2.8204675 -3.1275466 -3.4133326 -3.6064632 -3.711882 -3.7718609 -3.6882527 -3.5447081 -3.3281677 -3.0676593
-2.730183 -2.7337743 -2.7539242 -2.8002826 -2.8506439 -2.9193147 -2.988598 -3.0510277 -3.1278762 -3.1859669 -3.2281683 -3.2577208 -3.2815232 -3.2954034 -3.3016087 -3.3016087 -3.2842123 -3.2517648 -3.1949167 -3.1172896 -3.0094409 -2.8779014 -2.733641 -2.5708859 -2.4269472 -2.3540833 -2.2685517 -2.2784565 -2.2849819 -2.3824328 -2.4840787 -2.6034565 -2.7097427 -2.7871144 -2.7736298 -2.78553 -2.6670465 -2.5573506 -2.41019 -2.2572987 -2.1446178 -2.0995112 -2.0453911 -2.1075578 -2.2202797 -2.3840276 -2.6214902 -2.8181089 -3.0264161 -3.2909123 -3.4501538 -3.5372225 -3.5793359 -3.5169411 -3.3824038 -3.1947907 -2.9517897
-2.8392409 -2.8450686 -2.8671778 -2.9017554 -2.948883 -2.998235 -3.0663082 -3.1214552 -3.1822556 -3.2221698 -3.2618958 -3.284873 -3.3086754 -3.3207875 -3.3269928 -3.3269928 -3.306117 -3.2729532 -3.2035182 -3.1180576 -2.9783032 -2.832258 -2.6585685 -2.4820248 -2.3232323 -2.2006698 -2.1122329 -2.0914493 -2.0975909 -2.1912299 -2.2836205 -2.4043116 -2.5130253 -2.6066644 -2.6453617 -2.6607514 -2.6085465 -2.5232823 -2.4079862 -2.3497589 -2.2444149 -2.2187286 -2.1897824 -2.250181 -2.3425788 -2.4851225 -2.6232102 -2.8163408 -2.9896037 -3.1714777 -3.3084385 -3.3608616 -3.4018287 -3.3469525 -3.2446347 -3.0763485 -2.8781723
