mean_models/J1_mean_tot_conduct_slide_148.39.dat.tif
NCOLS 118
NROWS 92
XLLCORNER 139.62
YLLCORNER -39.07
DX 0.099491525
DY 0.099347826
NODATA_VALUE -9999
[rows 25 to 49 of 92, columns 58 to 115 of 118]
-2.0719789 -2.0273392 -2.0023315 -1.9991965 -2.0152046 -2.0506155 -2.0857345 -2.1373215 -2.1772289 -2.2364052 -2.2599037 -2.2874728 -2.2942199 -2.2969318 -2.2803053 -2.2414164 -2.1899393 -2.122058 -2.0554136 -1.9828028 -1.9043564 -1.8349609 -1.7732978 -1.7439532 -1.7518412 -1.7563239 -1.8184896 -1.8618854 -1.9452016 -2.0504295 -2.153159 -2.2077751 -2.2445686 -2.2845683 -2.3419615 -2.3678202 -2.4463746 -2.5955633 -2.65 -2.6626783 -2.6493823 -2.6402457 -2.499787 -2.4112676 -2.3987726 -2.3851784 -2.3734735 -2.2871699 -2.2214171 -2.2250798 -2.2367847 -2.2395788 -2.2851801 -2.3139182 -2.3286453 -2.3425386 -2.3542435 -9999
-2.1335033 -2.0837576 -2.0497337 -2.0340245 -2.0373912 -2.0583367 -2.081191 -2.1143548 -2.1468044 -2.1785734 -2.1960723 -2.210456 -2.2103116 -2.1975839 -2.1754747 -2.1355188 -2.0802457 -2.0159048 -1.9528509 -1.8882624 -1.8253339 -1.7669256 -1.7344907 -1.7227859 -1.749343 -1.7825069 -1.8328578 -1.9069093 -2.0122532 -2.0917348 -2.1967536 -2.312935 -2.3304923 -2.3627522 -2.4004643 -2.4198541 -2.4808511 -2.6213097 -2.6287971 -2.6287971 -2.6062388 -2.5801578 -2.4435438 -2.3505079 -2.3329506 -2.3163274 -2.3046225 -2.2608335 -2.2093623 -2.2210672 -2.2539749 -2.2656798 -2.3026532 -2.3416237 -2.3591811 -2.3761034 -2.3878083 -9999
-2.2049147 -2.1441143 -2.1045326 -2.0737636 -2.0688261 -2.0715831 -2.0805644 -2.0944853 -2.111618 -2.1322111 -2.1269747 -2.1309778 -2.1254505 -2.1096621 -2.0764983 -2.0401005 -1.9941442 -1.9351465 -1.8799959 -1.8357774 -1.7855948 -1.7579583 -1.7391924 -1.762525 -1.8004127 -1.855362 -1.8691849 -1.9069093 -1.9860094 -2.0469555 -2.0911739 -2.2662855 -2.4762025 -2.5022164 -2.5329281 -2.5387805 -2.5930021 -2.5812973 -2.5588396 -2.5360725 -2.4961101 -2.4543173 -2.3372684 -2.2503683 -2.2211061 -2.2037332 -2.1920283 -2.2699486 -2.2770723 -2.3238918 -2.3783385 -2.4246364 -2.4311677 -2.4544116 -2.4836738 -2.501944 -2.5136488 -9999
-2.2566434 -2.195843 -2.1463012 -2.1121917 -2.0879544 -2.0844633 -2.0758852 -2.0808898 -2.0837145 -2.095208 -2.0826952 -2.0760167 -2.0673961 -2.0521701 -2.0210449 -1.9844018 -1.9411674 -1.8878811 -1.8553531 -1.8331452 -1.7978533 -1.7869542 -1.7931509 -1.8295519 -1.8974394 -1.9616533 -1.9476935 -1.9626293 -2.0300602 -2.0700333 -2.1067799 -2.2678168 -2.5161352 -2.5610406 -2.5875043 -2.5804902 -2.5807046 -2.5580241 -2.50272 -2.4681834 -2.3941613 -2.3419502 -2.2170814 -2.1339059 -2.0994957 -2.0902335 -2.0800292 -2.1758028 -2.244383 -2.3130224 -2.4087004 -2.4711233 -2.4892533 -2.5031856 -2.5301729 -2.5462546 -2.5579595 -9999
-2.2980904 -2.23729 -2.1864031 -2.1445119 -2.1163104 -2.0953648 -2.0807493 -2.0696947 -2.0679823 -2.0648343 -2.0491251 -2.0345697 -2.0235151 -2.0065315 -1.978895 -1.9469901 -1.908299 -1.8786756 -1.8542801 -1.8419777 -1.8314334 -1.8314334 -1.8571047 -1.9156291 -1.9946133 -2.0830502 -2.0625495 -2.0397963 -2.0866159 -2.1225537 -2.1501902 -2.3043997 -2.5619071 -2.6066551 -2.6111453 -2.5979462 -2.5768445 -2.5358774 -2.4711575 -2.4067806 -2.3202744 -2.232477 -2.103604 -2.0087237 -1.9677566 -1.9625297 -1.9683821 -2.0756526 -2.1791219 -2.2786134 -2.3837072 -2.4773462 -2.4996077 -2.5198542 -2.5432639 -2.5580006 -2.5697055 -9999
-2.3322183 -2.262127 -2.2063497 -2.1569304 -2.1258109 -2.101574 -2.0797255 -2.0634854 -2.0524308 -2.046054 -2.0251084 -2.0097327 -1.9986781 -1.9851988 -1.9664765 -1.9457986 -1.9207174 -1.8967569 -1.8915356 -1.9136448 -1.9139266 -1.9360358 -1.969164 -2.0460231 -2.1250073 -2.2134442 -2.1471542 -2.1018887 -2.1362359 -2.1572088 -2.1750272 -2.3317694 -2.5929533 -2.6297715 -2.629773 -2.6005108 -2.5768445 -2.5128094 -2.4139061 -2.3198513 -2.1987632 -2.0958737 -1.9612675 -1.8659112 -1.8249441 -1.8394605 -1.8628251 -2.0075434 -2.1170295 -2.2601072 -2.393203 -2.5021832 -2.5192539 -2.5384819 -2.5618916 -2.5706454 -2.5759147 -9999
-2.3465696 -2.2757754 -2.2155254 -2.1631614 -2.1188589 -2.0926769 -2.0663582 -2.044249 -2.0328271 -2.0218642 -2.0058625 -1.9887386 -1.9796111 -1.9734058 -1.9594412 -1.9560477 -1.9394657 -1.9319516 -1.9434607 -1.9785135 -2.0084334 -2.0458116 -2.0937107 -2.1766439 -2.2564317 -2.3448686 -2.3049554 -2.2238542 -2.247264 -2.2662642 -2.2815217 -2.4044156 -2.66695 -2.694819 -2.6875373 -2.6395393 -2.5971216 -2.4888227 -2.3059962 -2.1889474 -2.0561952 -1.9311268 -1.8102395 -1.7117649 -1.6764289 -1.7248795 -1.7658466 -1.9149687 -2.0652603 -2.2149074 -2.3208456 -2.4437469 -2.5614006 -2.5775104 -2.5987028 -2.5997826 -2.5997826 -9999
-2.3333233 -2.2669956 -2.2089022 -2.1565382 -2.1113554 -2.0694642 -2.0388735 -2.0112369 -1.9997112 -1.9887482 -1.9782754 -1.9688691 -1.9633418 -1.9601594 -1.9601594 -1.9633996 -1.9689269 -1.9873385 -2.0096925 -2.053911 -2.1011581 -2.1619584 -2.2327977 -2.3205843 -2.4011748 -2.4785571 -2.4497241 -2.4093035 -2.4327133 -2.4517135 -2.4627681 -2.5832416 -2.7939296 -2.8100153 -2.7868851 -2.7225082 -2.5901432 -2.3033735 -2.1205469 -2.0034981 -1.8673496 -1.7324312 -1.6270872 -1.5548992 -1.5373419 -1.5911206 -1.6789072 -1.8315924 -1.9817241 -2.1221827 -2.2245058 -2.30644 -2.499301 -2.6333603 -2.6450652 -2.645778 -2.6399256 -9999
-2.337062 -2.2668362 -2.2088225 -2.1564585 -2.1112756 -2.0693845 -2.0428437 -2.0170526 -2.0107908 -2.0014439 -1.9962075 -1.9911436 -1.9999097 -2.0016564 -2.0090761 -2.0229932 -2.0364862 -2.0582888 -2.1026297 -2.1579028 -2.2076765 -2.2734956 -2.3402966 -2.4204104 -2.4821776 -2.5477904 -2.4897866 -2.4422079 -2.4608761 -2.4684035 -2.4711345 -2.5947337 -2.8083508 -2.8190816 -2.7935174 -2.7057307 -2.5695077 -2.2711391 -2.0564183 -1.9215176 -1.7603926 -1.6196187 -1.5142747 -1.4428041 -1.4464727 -1.5414029 -1.6465607 -1.8480616 -1.9990117 -2.1517572 -2.2487562 -2.3237276 -2.5101673 -2.6461873 -2.6578922 -2.654941 -2.6466181 -9999
-2.3406638 -2.2690725 -2.2113225 -2.1589585 -2.1162756 -2.0743845 -2.0528437 -2.0307345 -2.0296563 -2.0258252 -2.0239384 -2.0241102 -2.0362947 -2.0546234 -2.065904 -2.0889171 -2.1110264 -2.1512712 -2.1981733 -2.2558851 -2.3089266 -2.3697175 -2.4329811 -2.5084571 -2.5590254 -2.6087712 -2.537307 -2.4657677 -2.4774726 -2.4825 -2.4825 -2.6010992 -2.8176396 -2.8243126 -2.7943594 -2.6995962 -2.5422732 -2.2374826 -2.0032253 -1.8452094 -1.6751412 -1.5172532 -1.4196959 -1.3595165 -1.375496 -1.5036515 -1.6382577 -1.8512341 -2.0394342 -2.1956057 -2.2769492 -2.341326 -2.5267638 -2.6589182 -2.67 -2.665172 -2.6534671 -9999
-2.3340407 -2.267713 -2.2119402 -2.1648127 -2.1239894 -2.0873346 -2.0696682 -2.0572272 -2.0618364 -2.0655643 -2.0708007 -2.0770957 -2.0936776 -2.114232 -2.1418686 -2.170354 -2.2035178 -2.2476529 -2.2975211 -2.3583215 -2.4148976 -2.459116 -2.5124593 -2.5709837 -2.6147923 -2.6485103 -2.5677052 -2.4790141 -2.4853595 -2.4891232 -2.4891232 -2.6077224 -2.8242628 -2.8266609 -2.7877362 -2.6823923 -2.5137753 -2.1977434 -1.9569807 -1.7657311 -1.5906724 -1.4245286 -1.3425944 -1.3029545 -1.3556264 -1.4954869 -1.6713737 -1.898439 -2.0941154 -2.2287216 -2.3061244 -2.3545724 -2.5400101 -2.67 -2.67 -2.666336 -2.6600903 -9999
-2.330013 -2.2668362 -2.215058 -2.1701999 -2.1410251 -2.1097603 -2.105838 -2.0980778 -2.1190854 -2.1213968 -2.1083849 -2.1191737 -2.1437899 -2.1652212 -2.1928577 -2.2344114 -2.2732991 -2.3200646 -2.3643619 -2.4091842 -2.4844903 -2.5970513 -2.6445892 -2.7000245 -2.7449832 -2.7797537 -2.7258837 -2.6366135 -2.6424659 -2.6462296 -2.6462296 -2.5436573 -2.6096505 -2.625961 -2.5887533 -2.5198986 -2.3468976 -2.1057225 -1.912228 -1.7154914 -1.5520387 -1.3880838 -1.330319 -1.300324 -1.3774813 -1.5503826 -1.7389289 -2.042891 -2.2385674 -2.3899153 -2.4775126 -2.5243321 -2.6764445 -2.8046807 -2.8046807 -2.7936887 -2.7843898 -9999
-2.3236973 -2.2628969 -2.2201667 -2.1782755 -2.1558552 -2.1349096 -2.1413181 -2.1468454 -2.1718095 -2.1879593 -2.1722501 -2.1672851 -2.1949216 -2.2208552 -2.2484918 -2.2900454 -2.3397912 -2.3850031 -2.4239292 -2.4632226 -2.5241783 -2.6562466 -2.7540887 -2.8067607 -2.8464642 -2.8851554 -2.8319774 -2.7703838 -2.7762363 -2.7782971 -2.7782971 -2.6757248 -2.4884467 -2.4380443 -2.414326 -2.3468923 -2.2468075 -2.0712343 -1.8811455 -1.6763101 -1.5202452 -1.374002 -1.3293769 -1.3331606 -1.4267997 -1.6133242 -1.8240121 -2.132678 -2.3945863 -2.5584547 -2.6222114 -2.6690309 -2.8182866 -2.9217029 -2.9217029 -2.909008 -2.8914506 -9999
-2.3048946 -2.2551489 -2.2192029 -2.1981451 -2.1813877 -2.1746488 -2.1914019 -2.2130773 -2.245323 -2.2674376 -2.2517284 -2.2467633 -2.2743999 -2.2996117 -2.321721 -2.3629005 -2.4126463 -2.4492782 -2.4769147 -2.5045513 -2.5572943 -2.6844223 -2.7793911 -2.8203582 -2.8555552 -2.8851554 -2.8319774 -2.7703838 -2.7762363 -2.7780273 -2.7725 -2.6691016 -2.4818235 -2.4284865 -2.4010796 -2.3249979 -2.2201093 -2.0386836 -1.8536737 -1.6630637 -1.5234608 -1.3938716 -1.3821667 -1.4028983 -1.5316521 -1.7238156 -1.9432295 -2.2389374 -2.4895866 -2.5949305 -2.6468847 -2.6756541 -2.8249098 -2.9280409 -2.9221884 -2.909008 -2.8914506 -9999
-2.2856185 -2.2454872 -2.2253601 -2.2105032 -2.2218726 -2.2229326 -2.2560721 -2.2847613 -2.3316613 -2.3546482 -2.3274947 -2.3211596 -2.3455262 -2.3658887 -2.3835674 -2.4195938 -2.4681789 -2.4997891 -2.5133221 -2.5272225 -2.5727121 -2.6927919 -2.7814905 -2.8177739 -2.8458425 -2.8726197 -2.8226975 -2.761104 -2.7669564 -2.7667747 -2.7585802 -2.6567133 -2.4708697 -2.4128952 -2.383463 -2.2984503 -2.1885401 -2.0118578 -1.8528897 -1.6719458 -1.5711524 -1.4538061 -1.4707075 -1.5132 -1.6529562 -1.8407877 -2.06115 -2.3201072 -2.5489955 -2.633531 -2.661547 -2.683304 -2.8265837 -2.9280409 -2.9246399 -2.9099839 -2.8914506 -9999
-2.2579125 -2.2302759 -2.2254348 -2.2254348 -2.2451991 -2.2713811 -2.3142764 -2.3584948 -2.4089628 -2.458296 -2.4280872 -2.409031 -2.4311402 -2.4484001 -2.4594547 -2.4741749 -2.5183933 -2.5354084 -2.543562 -2.5520828 -2.5725626 -2.6886361 -2.7679036 -2.7971658 -2.8197239 -2.8418331 -2.7705807 -2.714152 -2.7200044 -2.7207285 -2.7096739 -2.6179882 -2.4365625 -2.380436 -2.3465161 -2.2623861 -2.1482884 -1.9785675 -1.8413386 -1.689175 -1.6027565 -1.5287679 -1.5601449 -1.6368298 -1.7889933 -1.9632379 -2.1680734 -2.419042 -2.5992389 -2.6577633 -2.6803445 -2.6920494 -2.8071696 -2.9064493 -2.9064493 -2.892699 -2.8692893 -9999
-2.2248261 -2.2236527 -2.2342953 -2.2651739 -2.2903077 -2.3243666 -2.3774117 -2.4313499 -2.4862558 -2.5377742 -2.5849018 -2.5873928 -2.6039747 -2.620603 -2.6316576 -2.5974815 -2.5647556 -2.575582 -2.5700547 -2.5645274 -2.5764555 -2.620674 -2.6842484 -2.697818 -2.7146264 -2.7292389 -2.5676099 -2.4492244 -2.4513116 -2.4513116 -2.4513116 -2.391878 -2.2709827 -2.218588 -2.1875596 -2.1290352 -2.0224478 -1.9316388 -1.8389519 -1.722291 -1.6726779 -1.6214925 -1.6858694 -1.7692936 -1.9101778 -2.0427102 -2.2011893 -2.4726237 -2.6588476 -2.6899215 -2.7039295 -2.711919 -2.6832702 -2.7342464 -2.7342464 -2.7232544 -2.7037096 -9999
-2.1892391 -2.2007341 -2.2359764 -2.2876691 -2.334199 -2.3797911 -2.4470059 -2.5078063 -2.563263 -2.6131003 -2.6600142 -2.6956319 -2.7111643 -2.7222189 -2.7269611 -2.6866409 -2.6163642 -2.5979226 -2.5799388 -2.5744115 -2.5623179 -2.6009692 -2.5974318 -2.5998663 -2.6111264 -2.6152609 -2.4508635 -2.3126304 -2.3126304 -2.3126304 -2.3126304 -2.2677551 -2.1711039 -2.1318996 -2.1033422 -2.0449969 -1.9829281 -1.9122977 -1.83322 -1.7660282 -1.7556199 -1.7266737 -1.7932824 -1.9013931 -2.0305375 -2.1536232 -2.2426997 -2.4974353 -2.6829999 -2.7059222 -2.7138136 -2.719666 -2.6906833 -2.67 -2.6680363 -2.6548558 -2.6372985 -9999
-2.1755988 -2.2087626 -2.2656191 -2.3336922 -2.3931745 -2.4455384 -2.5123001 -2.5841551 -2.6331815 -2.6809627 -2.7228538 -2.7563746 -2.7674292 -2.7704829 -2.7649556 -2.7120169 -2.6346346 -2.6025913 -2.5778117 -2.5455153 -2.5173047 -2.522832 -2.5127524 -2.4951951 -2.4852853 -2.4852853 -2.3716739 -2.2425543 -2.2425543 -2.245462 -2.245462 -2.204948 -2.1230138 -2.0895436 -2.0622075 -2.0128501 -1.9620575 -1.915238 -1.878595 -1.8317755 -1.8316304 -1.8399305 -1.9277172 -2.0245367 -2.1357331 -2.209738 -2.2799673 -2.527639 -2.6949443 -2.7066491 -2.7138136 -2.719666 -2.6906833 -2.6680409 -2.6621884 -2.649008 -2.6314506 -9999
-2.1613279 -2.2273903 -2.2938102 -2.3771569 -2.4452301 -2.5076308 -2.5708303 -2.6400383 -2.6798311 -2.7243291 -2.7609839 -2.7929869 -2.7985142 -2.7998314 -2.7897926 -2.7285967 -2.6408439 -2.6043904 -2.5653933 -2.4990656 -2.4575324 -2.4077866 -2.380636 -2.3213364 -2.2931044 -2.2741712 -2.2016429 -2.0935326 -2.0998775 -2.1113503 -2.1212772 -2.0956341 -2.0360845 -2.0182565 -2.0001152 -1.9825578 -1.9372205 -1.9184087 -1.9138723 -1.8938679 -1.9193332 -1.9392784 -2.027065 -2.1238845 -2.1997533 -2.2462039 -2.2985951 -2.535676 -2.7011535 -2.7128584 -2.7169361 -2.719666 -2.6906833 -2.6680409 -2.6621884 -2.649008 -2.6314506 -9999
-2.1457163 -2.2209275 -2.312355 -2.4020857 -2.5203582 -2.5884314 -2.6618602 -2.7281879 -2.7677971 -2.7855385 -2.7589454 -2.7865145 -2.7900568 -2.7883101 -2.7772555 -2.7240768 -2.6301126 -2.5814873 -2.5319965 -2.4426118 -2.3561993 -2.2594293 -2.1855534 -2.1079253 -2.0395628 -2.0063989 -1.9431384 -1.8664344 -1.8781392 -1.9061857 -1.9241522 -1.9964652 -1.9539867 -1.9720075 -1.9678663 -1.9821149 -1.9664369 -1.946037 -1.9434855 -1.9434855 -1.9768123 -2.0212274 -2.1398331 -2.2208451 -2.2852114 -2.3173946 -2.3525093 -2.5985487 -2.7578985 -2.7682872 -2.7703261 -2.7703261 -2.6973934 -2.674751 -2.6700652 -2.652363 -2.6348057 -9999
-2.1258468 -2.2142837 -2.312355 -2.417083 -2.5432889 -2.6794352 -2.7696993 -2.8470816 -2.8870145 -2.9047559 -2.8105008 -2.7401522 -2.7401522 -2.7353246 -2.72427 -2.6714639 -2.5940816 -2.5348349 -2.479011 -2.3739922 -2.2568515 -2.0910323 -1.9471186 -1.8359222 -1.7517869 -1.679932 -1.6178996 -1.5624919 -1.5859017 -1.6147654 -1.6534565 -1.7381609 -1.8610622 -1.9173172 -1.9612431 -2.0022102 -2.0111846 -1.9526602 -1.9514837 -1.9865984 -2.0248149 -2.0742129 -2.2263764 -2.3377397 -2.3845593 -2.4155264 -2.4389361 -2.6926517 -2.8617826 -2.867635 -2.8696739 -2.8696739 -2.7641337 -2.6899348 -2.6899348 -2.6716147 -2.6423525 -9999
-2.1510572 -2.2513516 -2.3494882 -2.4542161 -2.5840778 -2.7228225 -2.8047909 -2.8783737 -2.9130064 -2.9274272 -2.8174628 -2.7461889 -2.7461889 -2.7389148 -2.724096 -2.6678107 -2.5877189 -2.5255811 -2.4472808 -2.2869889 -2.1525344 -1.9359847 -1.7663354 -1.6123407 -1.501589 -1.4128763 -1.3651973 -1.313981 -1.3446663 -1.3986299 -1.4668342 -1.5676742 -1.7054929 -1.8180281 -1.8826854 -1.9880294 -1.9988287 -1.9677489 -1.9896183 -2.0299422 -2.0682891 -2.1177089 -2.2698724 -2.3813878 -2.4110092 -2.4264928 -2.4454511 -2.6931009 -2.8621087 -2.8679611 -2.87 -2.87 -2.7644597 -2.69 -2.6859996 -2.6654911 -2.6362289 -9999
-2.1800748 -2.2854152 -2.3877029 -2.4924308 -2.6197345 -2.7611172 -2.8391428 -2.9054705 -2.9346201 -2.9452297 -2.8352654 -2.7511879 -2.75 -2.7451507 -2.728702 -2.6652528 -2.5823432 -2.5039675 -2.4122652 -2.2270056 -2.0455131 -1.8128836 -1.5912807 -1.4136285 -1.272301 -1.1617549 -1.1092313 -1.0706 -1.1115671 -1.1889862 -1.2710507 -1.4072965 -1.55946 -1.7048437 -1.8169795 -1.9461585 -2.0120358 -1.9950581 -2.0240218 -2.0708413 -2.1051989 -2.1540654 -2.3042243 -2.4067068 -2.4287793 -2.4404842 -2.4521891 -2.69947 -2.8646666 -2.87 -2.87 -2.87 -2.7644597 -2.6880409 -2.6821884 -2.656564 -2.6273018 -9999
-2.2198139 -2.33036 -2.4335054 -2.5329969 -2.6584411 -2.7945874 -2.8687966 -2.9253401 -2.9489182 -2.9518529 -2.8418886 -2.7578111 -2.7522838 -2.7451507 -2.734096 -2.6700333 -2.5760691 -2.478769 -2.372526 -2.1569611 -1.9395421 -1.6742314 -1.4323242 -1.2099313 -1.0554684 -0.92332007 -0.87079653 -0.8321652 -0.88938465 -0.97042099 -1.0920217 -1.2462487 -1.4393793 -1.6085009 -1.7706172 -1.9344856 -2.0340264 -2.028174 -2.058164 -2.1105805 -2.1400634 -2.1805581 -2.3268692 -2.4236976 -2.4354025 -2.4471074 -2.4588123 -2.7060932 -2.87 -2.87 -2.87 -2.87 -2.7644597 -2.6880409 -2.6821884 -2.6543519 -2.6140554 -9999
