mean_models/J1_mean__temp2_slide_120.dat.tif
NCOLS 118
NROWS 92
XLLCORNER 139.62
YLLCORNER -39.07
DX 0.099491525
DY 0.099347826
NODATA_VALUE -9999
[rows 0 to 26 of 92, columns 0 to 59 of 118]
-9999 -9999 -9999 -9999 -9999 -9999 -9999 -9999 -9999 -9999 -9999 -9999 -9999 -9999 -9999 -9999 -9999 -9999 -9999 -9999 -9999 -9999 -9999 -9999 -9999 -9999 -9999 -9999 -9999 -9999 -9999 -9999 -9999 -9999 -9999 -9999 -9999 -9999 -9999 -9999 -9999 -9999 -9999 -9999 -9999 -9999 -9999 -9999 -9999 -9999 -9999 -9999 -9999 -9999 -9999 -9999 -9999 -9999 -9999 -9999
-9999 854.02556 855.13497 856.24438 857.35379 858.46321 860.45769 860.00769 856.96085 855.45902 853.95719 852.45535 850.95352 848.14057 843.71988 840.46617 837.21247 833.95876 830.70506 826.84113 821.56941 816.29769 811.02596 805.75424 801.71324 805.77727 813.22275 823.59044 833.95813 844.32583 854.69352 858.87192 851.11933 843.36675 835.61417 827.86159 821.87101 817.22567 811.10191 807.67391 804.24591 800.81791 797.38992 804.54786 814.3169 822.48951 830.66213 838.83475 847.00737 857.64868 869.0735 880.49833 891.92315 903.34798 909.76283 903.1877 902.77304 902.35837 901.9437 901.52904
-9999 861.68735 862.79676 863.90617 865.01558 867.69844 871.36691 870.91691 865.71366 861.67116 860.16932 858.66749 857.16566 854.35271 848.91417 843.95121 840.69751 837.4438 834.1901 830.32617 825.05445 819.78273 814.511 812.6691 816.25776 820.32179 825.65993 831.96174 842.32943 852.69712 863.06481 867.24321 859.49063 851.73805 843.98547 839.51173 838.42981 833.78446 824.04116 816.61273 813.18473 809.75673 806.32874 813.48668 828.25471 839.24908 847.4217 855.59431 863.76693 874.39198 885.44086 896.81993 908.24476 919.66958 926.08443 915.14534 906.83388 906.41921 906.00455 905.58988
-9999 869.34913 870.45854 871.56796 874.9392 878.60766 882.27613 881.82613 876.62288 871.41964 866.38146 864.87963 863.37779 860.56484 855.1263 849.68777 844.24923 840.92884 837.67514 833.81121 828.53949 823.26776 823.62496 827.21362 830.80228 834.86631 840.20445 845.54259 850.88074 861.06842 871.43611 875.61451 867.86193 860.10934 857.15246 856.07053 854.9886 850.34326 840.59996 830.85665 822.12355 818.69556 815.26756 822.4255 837.19353 851.96156 864.18126 872.35388 880.5265 891.15154 902.20043 913.24932 924.56637 935.99119 942.40604 931.46695 920.52785 910.48006 910.06539 909.65072
-9999 877.01092 878.51149 882.17995 885.84842 889.51688 893.18535 892.73534 887.5321 882.32886 877.12561 871.92237 869.58993 866.77698 861.33844 855.8999 850.46136 845.02283 841.16017 837.29625 832.02453 834.58082 838.16948 841.75814 845.3468 849.41083 854.74897 860.08711 865.42526 870.7634 879.80741 883.9858 876.23322 874.79319 873.71126 872.62933 871.5474 866.90206 857.15875 847.41545 837.67214 827.92883 824.20638 831.36432 846.13235 860.90038 875.66842 889.11344 897.28606 907.9111 918.95999 930.00888 941.05777 952.3128 958.72765 947.78855 936.84946 925.91037 914.97127 913.71156
-9999 885.75224 889.42071 893.08917 896.75764 900.4261 904.09457 903.64456 898.44132 893.23808 888.03483 882.83159 877.62835 872.98912 867.55058 862.11204 856.6735 851.23496 845.79642 841.94803 845.53669 849.12534 852.714 856.30266 859.89132 863.95535 869.29349 874.63164 879.96978 885.30792 890.64606 893.51584 892.43391 891.35199 890.27006 889.18813 888.1062 883.46086 873.71755 863.97424 854.23094 844.48763 834.74432 840.30314 855.07117 869.8392 884.60724 899.37527 914.04562 924.67067 935.71956 946.76845 957.81734 968.86622 975.04925 964.11016 953.17107 942.23197 931.29288 920.35379
-9999 889.0273 892.69577 896.36423 900.03269 903.70116 907.09939 906.40104 901.1978 895.99455 890.79131 885.58807 880.73131 877.01391 874.00089 868.56235 863.12381 857.68528 852.24674 849.53789 853.12655 856.71521 860.30387 863.89253 867.91733 870.34779 868.26859 873.60673 878.94487 884.28301 889.62115 892.76641 891.68448 890.60255 889.52063 888.4387 891.5534 891.91339 882.17008 872.42677 862.68346 852.94016 847.36112 843.65051 849.71197 864.48 879.24803 894.01607 908.7841 920.38104 931.42993 942.47882 953.52771 962.14731 960.76242 949.82332 938.88423 927.94514 917.00604 914.05423
-9999 891.09289 894.76136 898.42982 902.09828 905.35931 908.56425 907.86589 902.66265 897.45941 892.25616 887.62641 883.19007 879.47266 877.19497 874.91727 869.61186 864.17332 858.73479 856.02594 859.6146 863.20325 866.79191 871.13873 875.8994 878.32986 874.51479 870.69971 875.45332 880.79146 886.12961 889.27486 888.19293 887.11101 886.02908 891.29959 898.72166 899.08165 889.33834 879.59503 869.85173 865.77104 862.4789 858.76829 854.75687 856.85558 871.62362 886.39165 901.15968 912.75662 923.80551 934.8544 941.63789 943.01123 941.62633 930.68724 919.74815 908.80905 908.29234 910.18516
-9999 893.15848 896.82694 900.4143 903.61923 906.82417 910.0291 909.33075 904.1275 898.95785 894.52151 890.08516 885.64882 881.93141 879.65372 877.37603 875.09833 870.66137 865.22283 862.51398 866.10264 869.6913 874.36013 879.1208 883.88147 886.31193 882.49685 878.68178 874.8667 877.29992 882.63806 885.78332 884.70139 883.62372 891.04578 898.46785 905.88992 906.24991 896.5066 887.4731 884.18096 880.88882 877.59668 873.88607 869.87465 865.86322 863.9992 878.76723 893.53527 905.13221 916.1811 921.12847 922.50181 923.87515 922.49025 911.55116 900.63762 902.53044 904.42327 906.31609
-9999 895.22407 898.67422 901.87915 905.08409 908.28902 911.49395 910.7956 905.85294 901.4166 896.98026 892.54391 888.10757 884.39017 882.11247 879.83478 877.55709 875.27939 871.71088 869.00203 872.82086 877.58153 882.3422 887.10287 891.86354 894.294 890.47892 886.66385 882.84877 879.03369 879.14651 882.29177 883.36991 890.79198 898.21405 905.63612 913.05818 913.41818 905.88302 902.59088 899.29874 896.0066 892.71446 889.00385 884.99243 880.981 876.96957 872.95814 885.91085 897.50779 900.61905 901.99239 903.36573 904.73907 903.35417 894.87572 896.76855 898.66137 900.5542 902.44703
-9999 896.29962 899.50455 902.70948 905.91442 909.11935 912.32428 911.59675 907.1604 902.72406 898.28772 893.85137 889.41503 886.28136 884.00367 881.72598 879.44828 877.17059 874.8929 874.7435 879.50417 884.26484 889.02551 893.78618 898.54685 902.18945 898.37437 894.55929 890.74421 886.92913 883.11405 883.13722 890.55929 897.98135 905.40342 912.82549 920.24756 922.52222 919.23008 915.93794 912.6458 909.35366 906.06152 901.38029 897.36886 893.35743 889.346 885.33458 881.32315 881.90299 883.27633 884.64967 886.023 887.39634 890.80967 892.7025 894.59533 896.48815 898.38098 900.2738
-9999 892.97147 896.1764 899.38133 902.58626 905.7912 906.92975 905.35895 900.9226 896.48626 892.04992 887.61357 883.66956 881.33862 881.94353 879.89756 877.61987 875.34218 873.06448 872.91509 877.67576 882.43643 887.19709 891.95776 896.74616 901.2219 904.82551 901.88702 898.07194 894.25686 890.44178 890.46495 897.88702 905.30908 912.73115 920.15322 923.92889 924.26454 920.9724 917.68026 914.38812 911.09598 902.95671 896.53723 891.7793 887.76788 883.75645 879.74502 875.73359 876.31343 877.68677 879.06011 880.43345 888.5823 899.75056 901.64339 903.53622 905.42904 907.32187 906.517
-9999 889.64332 892.84825 896.05318 898.86783 899.77989 900.69195 899.12114 894.6848 890.24846 885.83707 882.04009 878.2431 875.91216 876.51707 877.12198 875.79146 873.51376 871.23607 871.08667 875.84734 880.60801 885.36868 890.16711 894.96824 899.44398 903.0476 906.65122 905.39967 901.58459 897.76951 897.79268 905.21475 912.63681 919.92835 922.79977 925.6712 926.00685 922.71471 919.42257 915.33962 906.93498 898.53035 892.11087 887.11849 882.17832 878.16689 874.15546 870.14403 870.72388 872.09721 873.47055 883.67717 897.52319 908.69145 910.58428 912.47711 914.13518 913.07843 912.02169
-9999 886.31516 889.5201 891.71796 892.63002 893.54208 894.45414 892.88334 888.447 884.2076 880.41061 876.61363 872.81664 870.4857 871.09061 871.69552 872.30042 871.68535 869.40766 869.25826 874.01893 878.78694 883.58807 888.3892 893.19033 897.66607 901.26969 904.8733 908.47692 908.91232 905.09725 905.12041 912.54248 918.79923 921.67066 924.54209 927.41351 927.74916 924.45702 919.31789 910.91326 902.50862 894.10399 887.68451 882.69213 877.69975 872.70737 868.56591 864.55448 865.13432 866.50766 878.77204 892.61806 906.46408 917.63234 919.52517 920.69662 919.63987 918.58313 917.52639
-9999 882.98701 884.5681 885.48016 886.39222 887.30428 888.21634 886.64554 882.57813 878.78114 874.98415 871.18716 867.39018 865.05924 865.66415 866.26905 866.87396 867.47887 867.57924 867.42984 872.2079 877.00903 881.81016 886.61129 891.41242 895.88816 899.49178 903.09539 906.69901 910.30263 912.42498 912.44814 917.67012 920.54154 923.41297 926.2844 929.15582 929.49147 923.29616 914.89153 906.4869 898.08226 889.67763 883.25815 878.26577 873.27339 868.28101 863.28863 858.96492 860.02088 873.8669 887.71293 901.55895 915.40497 926.57323 927.25806 926.20131 925.14457 924.08783 923.03109
-9999 877.36572 878.27778 879.18984 880.1019 881.01396 881.92602 880.49989 876.7029 872.90592 869.10893 865.31194 861.51495 859.58484 860.25052 860.85543 861.46034 862.06524 862.67015 864.54394 869.34506 874.14619 878.94732 883.74845 888.54958 897.31494 902.73223 906.33585 909.93947 913.54309 917.1467 920.50023 923.37165 926.24308 929.11451 931.98593 934.85736 935.24158 926.83695 918.43231 910.02768 901.62305 893.21842 885.78339 880.79101 875.79863 870.80625 865.81387 860.82149 872.38986 886.23588 900.0819 913.92792 927.77395 934.61608 931.36766 930.31092 929.25418 928.19744 927.14069
-9999 870.95334 871.8654 872.77746 873.68952 874.24304 872.7673 871.14135 869.34202 865.98792 862.19094 858.39395 854.59696 852.66685 854.47528 855.47162 856.07653 856.68144 857.28635 859.16013 863.96126 868.76239 873.56352 878.36465 882.23278 890.6523 911.45884 921.23718 924.8408 928.44441 932.04803 935.40156 938.27298 941.14441 944.01583 946.35989 936.69538 935.18349 945.33505 940.48584 932.08121 923.67657 915.27194 907.23097 899.46925 894.47687 889.48449 884.49211 879.49973 891.75676 906.57048 920.4165 934.26252 948.10854 954.95068 937.5322 931.17884 930.1221 929.06535 928.00861
-9999 864.54097 865.45303 866.36509 866.21182 864.73609 863.26035 861.63439 859.83507 858.03574 855.27295 851.47596 847.67897 845.74886 847.55729 849.36571 850.69272 851.29763 851.90254 853.77632 858.57745 863.37858 867.97429 871.77221 875.57013 883.98965 904.7962 925.60274 939.74213 943.34574 946.94936 950.30288 953.17431 956.04574 955.21185 945.54735 935.88284 934.37095 944.52251 954.67408 954.13473 945.7301 937.32547 929.2845 921.50496 913.72542 908.16273 903.17035 898.17797 910.43499 925.67319 940.7511 954.59712 968.44314 975.28528 957.8668 940.44832 930.99002 929.93327 928.87653
-9999 858.12859 859.04065 858.18061 856.70487 855.22913 853.7534 852.12744 850.32811 848.52878 846.72946 844.55797 840.76098 838.83087 840.63929 842.44772 844.25614 845.91382 846.51873 848.39252 853.19364 857.51372 861.31164 865.10957 868.90749 877.327 898.13355 918.94009 939.74664 958.24707 961.85069 965.20421 968.07564 964.06382 954.39932 944.73481 935.07031 933.55841 943.70997 953.86154 964.01311 967.78363 959.37899 951.33802 943.55848 935.77895 927.99941 921.84858 916.8562 929.11323 944.35142 959.58962 974.82781 988.77774 995.61988 978.2014 960.78292 943.36444 930.80119 929.74445
-9999 851.62513 850.14939 848.67365 847.19792 845.72218 844.24644 842.62049 840.82116 839.02183 837.2225 835.42317 833.62385 831.91288 833.7213 835.52973 837.33815 839.14658 840.955 843.00871 847.05315 850.85107 854.649 858.44692 862.24484 870.66436 891.4709 912.27745 933.08399 953.89054 974.69708 980.10554 972.91579 963.25128 953.58678 943.92227 934.25777 932.74587 942.89744 953.049 963.20057 973.35214 981.43252 973.39155 965.61201 957.83247 950.05293 942.27339 935.53444 947.79147 963.02966 978.26785 993.50605 1008.7442 1015.9545 998.53599 981.11752 963.69904 946.28056 930.61237
-9999 849.07167 847.59593 846.1202 844.64446 843.16872 840.34548 835.16259 833.36326 831.56394 829.76461 827.96528 826.39132 828.01195 829.96787 831.77629 833.58472 835.39314 837.20157 839.61159 843.40951 847.20743 851.00536 854.80328 858.6012 869.83972 885.31408 906.12062 926.92717 947.73371 968.54025 978.93889 969.27438 959.60987 949.94537 940.28086 931.75968 935.59118 945.74274 955.89431 966.04587 976.19744 984.80134 984.8548 977.56243 969.78289 962.00335 954.22381 946.44427 958.29058 973.52878 988.76697 1004.0052 1019.2434 1023.5646 1006.1461 988.72762 971.30914 953.89066 942.74782
-9999 851.76336 850.28762 848.81189 847.33615 842.54783 834.43323 829.25034 827.45101 825.65168 823.85235 823.20755 824.54726 826.16788 828.35106 830.40994 832.21837 834.02679 835.83522 838.24524 842.04316 845.84108 849.63901 855.72626 867.90668 879.15897 887.92367 900.34534 921.15189 941.95843 962.76498 973.16361 963.4991 953.83459 944.17009 937.95033 937.36417 941.19566 951.34723 961.49879 971.65036 978.98938 983.69498 983.74845 980.45755 974.11234 966.3328 958.55326 950.77372 962.62003 977.85823 993.09642 1007.8462 1017.7744 1021.5763 1004.1579 986.73939 969.32091 962.53094 968.05024
-9999 854.45505 852.97932 851.50358 844.75017 836.63557 828.52098 823.33809 821.53876 819.73943 820.02377 821.36348 822.70319 824.32382 826.50699 828.69017 830.85202 832.66044 834.46887 836.87889 840.67681 844.47473 852.8651 865.04551 877.22593 888.47822 897.24292 906.00762 915.37661 936.18315 956.9897 967.38833 957.72382 948.05932 944.14097 943.55481 942.96865 946.80015 956.95171 967.10328 973.17742 977.88302 982.58863 982.64209 979.35119 976.06029 970.66225 962.88271 955.10317 966.94949 982.18768 995.92977 1005.858 1015.7861 1019.5881 1002.1696 984.75117 982.31406 987.83336 993.35265
-9999 857.14675 855.0671 846.95251 838.83791 830.72332 822.60873 817.42584 815.62651 816.84 818.17971 819.51942 820.85913 822.47975 824.66293 826.84611 829.02928 831.21246 833.10252 835.51254 839.31046 850.00393 862.18434 874.36476 886.54518 897.79747 906.56217 915.32687 924.09156 932.85626 951.21442 961.61305 951.94854 950.33161 949.74545 949.1593 948.57314 952.40463 962.5562 967.36546 972.07106 976.77667 981.48227 981.53574 978.24484 974.95394 971.66304 967.21216 959.43262 971.27894 984.01336 993.94155 1003.8697 1013.7979 1017.5999 1000.1814 1002.0972 1007.6165 1013.1358 1018.6551
-9999 857.26944 849.15485 841.04026 832.92566 824.81107 816.69647 812.31651 813.65622 814.99593 816.33564 817.67535 819.01506 820.63569 822.81886 825.00204 827.18522 829.36839 831.55157 834.96235 847.14276 859.32318 871.50359 883.68401 895.86443 907.11672 915.88142 924.64612 933.41081 942.17551 950.94021 957.10841 956.52225 955.9361 955.34994 954.76378 954.17763 956.84789 961.55349 966.2591 970.96471 975.67031 980.37592 980.42938 977.13848 973.84758 970.55668 967.26578 963.76208 972.09695 982.02513 991.95332 1001.8815 1011.8097 1016.361 1021.8803 1027.3996 1032.9189 1038.4382 1043.9575
-9999 863.604 855.48941 847.37482 839.26022 831.14563 818.53156 807.65594 805.26144 806.60115 807.94086 809.28057 810.62028 813.41015 818.17961 820.36279 822.54597 824.72914 826.91232 832.11851 844.29892 856.47934 868.65976 880.84017 891.60635 905.85338 931.87768 940.64238 949.40708 958.17177 966.93647 972.50722 971.92107 971.33491 970.74875 970.1626 970.74087 970.37547 969.88138 974.58699 979.29259 983.9982 988.70381 993.93918 994.51818 991.22728 987.93638 984.64548 981.35458 972.97009 980.10041 990.0286 999.95679 1009.885 1017.5215 1018.533 1024.0523 1029.5716 1035.0909 1040.6102
-9999 872.28574 864.17114 856.05655 847.94195 832.9142 816.64522 805.7696 801.11862 796.95088 798.29059 799.6303 800.97001 803.75988 809.45378 815.14768 817.371 819.55418 821.73735 826.94354 839.12396 851.30437 863.48479 873.11299 881.15158 895.39861 926.28584 957.17306 966.68303 975.44773 984.21242 989.78318 989.19702 988.61086 988.02471 989.24011 991.16721 990.8018 987.15664 984.723 989.42861 994.13422 998.83982 1004.0752 1009.6914 1012.1499 1008.859 1005.5681 1002.2772 993.89274 984.62795 988.11605 998.04424 1007.9724 1015.6089 1015.3072 1015.2142 1020.7335 1026.2528 1031.772
