mean_models/J1_mean_vp_slide_diff2_25.dat.tif
NCOLS 118
NROWS 92
XLLCORNER 139.62
YLLCORNER -39.07
DX 0.099491525
DY 0.099347826
NODATA_VALUE -9999
[rows 50 to 74 of 92, columns 57 to 113 of 118]
0.060380221 0.039899002 0.019417783 0.013057782 0.016293744 0.019529706 0.027621803 0.038563739 0.049505675 0.044123685 0.038180784 0.035994832 0.04075722 0.045519608 0.051330397 0.058482732 0.065635067 0.064948939 0.063095633 0.061388193 0.072707701 0.084027208 0.093301265 0.094628444 0.095955624 0.098664492 0.10201172 0.10482931 0.10493256 0.1050358 0.10916604 0.12055257 0.13193909 0.13764256 0.13870618 0.14052111 0.1667857 0.1930503 0.22106304 0.25022089 0.27937873 0.30838931 0.3373842 0.36178719 0.38011793 0.39844867 0.41185618 0.42291666 0.42931388 0.42478543 0.42025697 0.41263091 0.40334875 0.39354703 0.38236577 0.37118452 -9999
0.062435396 0.041954177 0.021472959 0.015112957 0.018348919 0.021584881 0.024820843 0.031043108 0.041985044 0.036603054 0.036777156 0.041539544 0.046301932 0.05106432 0.056875109 0.063409103 0.061555797 0.059702491 0.057849185 0.056141745 0.067461252 0.07878076 0.090100267 0.10113374 0.10246092 0.10516979 0.10741618 0.10751943 0.10762267 0.10772592 0.11185616 0.12324269 0.13462921 0.14601573 0.15353683 0.15535176 0.18161635 0.21001013 0.23916797 0.26832582 0.29748366 0.32649424 0.34925615 0.36758689 0.38591763 0.40424837 0.41765589 0.42234603 0.41781757 0.41328912 0.40876066 0.4011346 0.39112492 0.37994366 0.3687624 0.35758115 -9999
0.064490572 0.044009353 0.023528134 0.017168133 0.020404095 0.023640056 0.026876018 0.03011198 0.034464414 0.037559481 0.042321869 0.047084257 0.051846645 0.056609033 0.060015961 0.058162655 0.056309349 0.054456043 0.052602737 0.050895296 0.062214804 0.073534311 0.084853819 0.096173326 0.10749283 0.11000305 0.1101063 0.11020955 0.11031279 0.11041604 0.11454628 0.1259328 0.13731933 0.14870585 0.16009237 0.1701824 0.19895721 0.22811505 0.2572729 0.28643074 0.31558859 0.33672512 0.35505586 0.3733866 0.39171734 0.41004808 0.41537818 0.41084972 0.40632126 0.40179281 0.39726435 0.3887028 0.37752155 0.36634029 0.35515904 0.34397778 -9999
0.063608782 0.043127563 0.033377212 0.032019472 0.033895313 0.037131275 0.040367237 0.043603199 0.04683916 0.051550841 0.056313229 0.061075617 0.065838005 0.068541907 0.067898285 0.066044979 0.064191673 0.062338367 0.060740825 0.075499868 0.079333827 0.090653335 0.10197284 0.11329235 0.12461186 0.12825959 0.12836284 0.12846609 0.12856933 0.12879281 0.13314599 0.14452756 0.15591408 0.16730061 0.17868713 0.19060346 0.21976131 0.24891915 0.278077 0.30723484 0.32309151 0.34096201 0.35929275 0.37762349 0.39595423 0.40557103 0.40405526 0.39952681 0.39499835 0.39046989 0.38582551 0.37689251 0.36571125 0.35452999 0.34334874 0.33446678 -9999
0.062235622 0.056118946 0.052488926 0.051131186 0.051317555 0.052535803 0.055771765 0.059007727 0.062243689 0.066955369 0.071717757 0.076480145 0.078319013 0.078620744 0.077977122 0.076123816 0.07427051 0.07555535 0.090438914 0.10519796 0.10883634 0.11247473 0.12283373 0.13415323 0.14547274 0.14912048 0.14922372 0.14932697 0.14960328 0.15005757 0.15441075 0.16578939 0.17716977 0.18855629 0.19994281 0.21185915 0.24101699 0.27017483 0.29933268 0.31351774 0.32706693 0.34493743 0.36326817 0.38159891 0.38947341 0.39427713 0.39276136 0.3882329 0.38370445 0.37904304 0.3743152 0.3653822 0.35420094 0.34301968 0.3344909 0.32744591 -9999
0.078860679 0.07523066 0.071600641 0.0702429 0.070429269 0.070615638 0.071176293 0.074412255 0.077648217 0.082359898 0.087122286 0.08809612 0.08839785 0.088699581 0.088055959 0.086202653 0.090369875 0.10525344 0.120137 0.13489605 0.13853443 0.14217282 0.1458112 0.15501412 0.16633362 0.16998136 0.17008461 0.17041376 0.17086804 0.17132232 0.1756755 0.18705414 0.19843278 0.20981197 0.2211985 0.23311483 0.26227267 0.2903948 0.30394398 0.31749317 0.33104235 0.34891286 0.3672436 0.37337579 0.37817951 0.38298322 0.38146745 0.376939 0.37226056 0.36753273 0.36280489 0.35387189 0.34269063 0.33451503 0.32747004 0.32042504 -9999
0.097972393 0.094342374 0.090712355 0.089354614 0.089540983 0.089727352 0.089913721 0.09010009 0.093052746 0.097571495 0.097873226 0.098174957 0.098476687 0.098778418 0.098134796 0.1051844 0.12006796 0.13495153 0.14983509 0.16459413 0.16823252 0.17187091 0.17550929 0.17914768 0.18719451 0.19084225 0.19122423 0.19167851 0.19213279 0.19258707 0.19694025 0.20831889 0.21969753 0.23107617 0.24245481 0.25437051 0.28082104 0.29437022 0.30791941 0.32146859 0.33501778 0.35247444 0.35727816 0.36208188 0.3668856 0.37168932 0.37017355 0.36547809 0.36075025 0.35602242 0.35129458 0.34236158 0.33453916 0.32749416 0.32044917 0.31340417 -9999
0.11480424 0.11117422 0.1075442 0.10557626 0.10576263 0.105949 0.10613537 0.10632174 0.10650811 0.11041821 0.11071994 0.11102167 0.1113234 0.11162513 0.11832349 0.13320705 0.14809062 0.16297418 0.17785775 0.18947844 0.19118948 0.19482786 0.19846625 0.20210463 0.20574302 0.20720352 0.2076578 0.20811209 0.20856637 0.20902065 0.20821088 0.21958952 0.23096816 0.2423468 0.25372544 0.26516879 0.27871797 0.29226716 0.30581634 0.31936553 0.33442285 0.34160155 0.34640527 0.35120899 0.35601271 0.36081643 0.35921054 0.3544827 0.34975487 0.34502703 0.34029919 0.33428305 0.32723806 0.32019306 0.31314807 0.30610307 -9999
0.12384931 0.12021929 0.11658927 0.11394058 0.11211339 0.11229976 0.11248613 0.11267249 0.11285886 0.12579111 0.13302021 0.13332194 0.13362367 0.13392541 0.14062377 0.15550733 0.17039089 0.18527446 0.19474686 0.19829059 0.19437907 0.19476075 0.19839913 0.20203752 0.20567591 0.20713641 0.20759069 0.20804497 0.20849925 0.19470387 0.18703688 0.19685876 0.20810425 0.21948289 0.23086153 0.24230488 0.25585406 0.26940325 0.28295243 0.2992507 0.32222271 0.33094091 0.33697032 0.34177404 0.34657775 0.35138147 0.34985169 0.345246 0.34051817 0.33579033 0.33106249 0.32539941 0.31897982 0.31193483 0.30488983 0.29784484 -9999
0.13289438 0.12926436 0.12563434 0.12298565 0.12100381 0.11902198 0.11883688 0.11902325 0.11920962 0.13214187 0.14551208 0.15562222 0.15592395 0.15622568 0.16292404 0.17780761 0.19269117 0.19993181 0.20355902 0.20710274 0.20319122 0.1992797 0.19833202 0.2019704 0.20560879 0.20706929 0.20752357 0.20797786 0.19104355 0.17367083 0.16600385 0.17582572 0.1856476 0.19661898 0.20799762 0.21944097 0.23299015 0.24653934 0.26407856 0.28705057 0.31002258 0.31874078 0.32594091 0.33233908 0.3371428 0.34194652 0.34041674 0.33586759 0.33128147 0.32655363 0.32182579 0.31616271 0.30999961 0.3036766 0.2966316 0.28958661 -9999
0.13792522 0.13830943 0.13467941 0.13203072 0.13004888 0.12806705 0.12608521 0.125374 0.12556037 0.13849262 0.15186284 0.16523305 0.17822423 0.17852596 0.18522432 0.20010788 0.20511676 0.20874397 0.21237117 0.21591489 0.21200337 0.20809186 0.20418034 0.20190329 0.20554168 0.20700218 0.20475596 0.18738323 0.17001051 0.15263779 0.14497081 0.15479269 0.16461456 0.17443644 0.18513371 0.19657706 0.21012625 0.22890642 0.25187843 0.27485044 0.29782244 0.30654065 0.31374077 0.3209409 0.32770785 0.33251157 0.33098178 0.32643263 0.32188348 0.31731693 0.3125891 0.30692601 0.30076291 0.29459981 0.28837337 0.28132837 -9999
0.14061865 0.14210001 0.14358136 0.14107578 0.13909395 0.13711211 0.13513028 0.13314844 0.13191113 0.14484338 0.15821359 0.1715838 0.18495402 0.19832423 0.20667451 0.21030171 0.21392891 0.21755612 0.22118332 0.22472705 0.22081553 0.21690401 0.21299249 0.20908097 0.20547456 0.20109564 0.18372292 0.1663502 0.14897747 0.13160475 0.12393777 0.13375965 0.14358153 0.1534034 0.16322528 0.17371315 0.19373428 0.21670629 0.23967829 0.2626503 0.28562231 0.29434051 0.30154064 0.30874076 0.31594089 0.32307661 0.32154683 0.31699768 0.31244853 0.30789938 0.30335023 0.29768932 0.29152621 0.28536311 0.27920001 0.27303691 -9999
0.14201761 0.14349897 0.14498033 0.15580711 0.15901064 0.1570288 0.15504697 0.15306513 0.15108329 0.14935853 0.16272874 0.17609895 0.18946917 0.20283938 0.21193562 0.21556282 0.21919002 0.22281723 0.22644443 0.22614329 0.21797781 0.21406629 0.21015477 0.20624325 0.20233174 0.18921294 0.17184022 0.15446749 0.13709477 0.11994672 0.1136361 0.12415553 0.13397741 0.14379928 0.15362116 0.16383508 0.18680709 0.2097791 0.2327511 0.25572311 0.27820138 0.2839626 0.29116272 0.29836285 0.30556297 0.3127631 0.31249877 0.3080194 0.30347025 0.2989211 0.29437195 0.29202133 0.28646494 0.28030184 0.27413874 0.26797564 -9999
0.14285368 0.14433504 0.1458164 0.15664318 0.17382057 0.18167302 0.17969119 0.17770935 0.17572752 0.17201027 0.16823339 0.17981589 0.1931861 0.20655631 0.21565255 0.21927975 0.22290696 0.22633259 0.22542555 0.224427 0.21525444 0.20616262 0.2022511 0.19833958 0.19442806 0.18130927 0.16393654 0.14656382 0.12963984 0.11353967 0.10722905 0.11855832 0.12934316 0.13916504 0.14898692 0.15920084 0.18217284 0.20514485 0.22811686 0.25050122 0.2727602 0.27816384 0.28177232 0.28877733 0.29597745 0.30317758 0.30291325 0.29909038 0.29469055 0.2901414 0.28559225 0.28324163 0.28206644 0.27705626 0.27089315 0.26473005 -9999
0.14439923 0.14517111 0.14665246 0.15747924 0.17465663 0.19183402 0.20433541 0.20235357 0.20037174 0.19665449 0.19287761 0.18910073 0.19690303 0.21027325 0.21936948 0.22299669 0.22552333 0.2246163 0.22370927 0.22271071 0.21353815 0.2043656 0.19519304 0.19043591 0.18652439 0.17340559 0.15603287 0.13933295 0.12323278 0.10713262 0.100822 0.11215127 0.12348054 0.13453079 0.14435267 0.15456659 0.1775386 0.20051061 0.22280106 0.24506005 0.26731903 0.27272267 0.27633115 0.27993963 0.28639193 0.29359206 0.29332773 0.28950486 0.285682 0.2813617 0.27681255 0.27446193 0.27328674 0.27211154 0.26764757 0.26148447 -9999
0.15215984 0.14806878 0.14748853 0.15831531 0.1754927 0.19267009 0.20984748 0.2269978 0.22501596 0.22129871 0.21752183 0.21374495 0.20996807 0.21399018 0.22308642 0.22471407 0.22380704 0.22290001 0.22199298 0.22099442 0.21182186 0.20264931 0.19347675 0.1843042 0.17862072 0.16550192 0.14902607 0.1329259 0.11682573 0.10072556 0.094414947 0.10574422 0.11707348 0.12840275 0.13971843 0.14993235 0.17284192 0.19510091 0.21735989 0.23961888 0.26187786 0.2672815 0.27088998 0.27449846 0.27810694 0.28400654 0.28374221 0.27991934 0.27609648 0.27227362 0.26803285 0.26568223 0.26450704 0.26333185 0.26215665 0.25823889 -9999
0.15958326 0.1554922 0.15140114 0.16004314 0.17722053 0.19439792 0.21157531 0.2287527 0.24593009 0.2428493 0.23907242 0.23529554 0.23151867 0.22774179 0.2243793 0.22347227 0.22256523 0.2216582 0.22075117 0.21975941 0.21009567 0.20092311 0.19175056 0.182578 0.17340545 0.1594945 0.14339433 0.12729416 0.11119399 0.095093823 0.089708154 0.10103742 0.11236669 0.12369596 0.13502523 0.14668034 0.16893933 0.19119831 0.2134573 0.23571628 0.25767505 0.2627686 0.26637708 0.26998556 0.27359404 0.27720252 0.27428463 0.27046177 0.2666389 0.26281604 0.25899318 0.25759432 0.25641913 0.25524394 0.25406874 0.25289355 -9999
0.16532953 0.16191339 0.17247459 0.17845093 0.18338385 0.20056124 0.21773863 0.23491602 0.2520934 0.24901262 0.24523574 0.24145886 0.23768198 0.23033588 0.22549751 0.22459048 0.22368345 0.22277642 0.2219431 0.2210931 0.20927689 0.19914766 0.1899751 0.18080255 0.17162999 0.15771904 0.14161887 0.1255187 0.10941854 0.10402024 0.10358304 0.10494739 0.11611674 0.12744601 0.13877528 0.15043039 0.17268938 0.19494836 0.21720735 0.23874185 0.25777926 0.26287281 0.26648129 0.27008977 0.27351095 0.26938434 0.26546343 0.26164056 0.2578177 0.25399484 0.2537342 0.25294727 0.25177208 0.25059689 0.24942169 0.25125684 -9999
0.17530605 0.18586725 0.19642845 0.2024048 0.20526553 0.20812627 0.22390194 0.24107933 0.25825672 0.25517594 0.25139906 0.24727542 0.23936476 0.2314541 0.22661573 0.2257087 0.22480166 0.224004 0.22327679 0.22242679 0.21061057 0.19879436 0.18819965 0.17902709 0.16985454 0.15594359 0.13984342 0.12374325 0.12092679 0.1194898 0.1190526 0.12041695 0.1217813 0.13119606 0.14252533 0.15418044 0.17643943 0.19869841 0.21980864 0.23884605 0.25788346 0.26297701 0.26658549 0.26881634 0.26468974 0.26056314 0.25664222 0.25281936 0.24920853 0.24914784 0.24908715 0.24830022 0.24712503 0.24605049 0.2481428 0.2502351 -9999
0.19925991 0.20982111 0.22038232 0.22635866 0.2292194 0.23208013 0.23494087 0.24724265 0.26442004 0.26133926 0.2563043 0.24839364 0.24048297 0.23257231 0.22773394 0.22682691 0.2260649 0.22533769 0.22461048 0.22376048 0.21194426 0.20012805 0.18831184 0.17725164 0.16807908 0.15416813 0.13927034 0.13783335 0.13639635 0.13495936 0.13452216 0.13588651 0.13725086 0.1386152 0.14627538 0.15793049 0.18018948 0.20087543 0.21991285 0.23895026 0.25798767 0.26308122 0.26412174 0.25999514 0.25586854 0.25174194 0.24782102 0.24462217 0.24456148 0.24450079 0.2444401 0.24365317 0.24293645 0.24502875 0.24712106 0.24921337 -9999
0.22321378 0.23377498 0.24433618 0.25031253 0.25317326 0.256034 0.25889474 0.26175547 0.27058336 0.26533317 0.25742251 0.24951185 0.24160119 0.23369053 0.22885301 0.2281258 0.22739859 0.22667138 0.22594417 0.22509417 0.21327795 0.20146174 0.18964553 0.17782931 0.16630362 0.1561769 0.1547399 0.15330291 0.15186591 0.15042892 0.14999172 0.15135607 0.15272042 0.15408476 0.15544911 0.16168054 0.18194223 0.20097964 0.22001705 0.23905446 0.25809187 0.25942714 0.25530054 0.25117394 0.24704733 0.24292073 0.24003581 0.23997512 0.23991443 0.23985374 0.23979305 0.2398224 0.24191471 0.24400702 0.24609932 0.24819163 -9999
0.22918525 0.23974645 0.25030765 0.25908095 0.26295281 0.26581355 0.26867428 0.27153502 0.27439576 0.28022124 0.27231058 0.26439992 0.25648926 0.2485786 0.24381911 0.2430919 0.24236469 0.24163748 0.24091027 0.24632879 0.24431602 0.2324998 0.22068359 0.20886738 0.19705116 0.19233419 0.1908972 0.1894602 0.1880232 0.1861726 0.18016838 0.17759631 0.17896066 0.18032501 0.18168935 0.18358058 0.20261799 0.2216554 0.24069281 0.25973023 0.26794311 0.25608699 0.25196038 0.24783378 0.24370718 0.23958058 0.2366557 0.2364882 0.23642751 0.23636682 0.23630613 0.24139441 0.24390161 0.24599391 0.24808622 0.25017853 -9999
0.22494716 0.23550836 0.24606956 0.25484286 0.2624012 0.26754559 0.27040632 0.27326706 0.2761278 0.28482015 0.29371288 0.28710587 0.2791952 0.27128454 0.26652505 0.26579784 0.26507064 0.26448655 0.27159485 0.27863716 0.279786 0.28040262 0.2685864 0.25677019 0.24495397 0.240237 0.23880001 0.23736301 0.23483658 0.23006718 0.22406296 0.2158337 0.21131599 0.21268034 0.21404468 0.21593591 0.23497332 0.25401073 0.27304814 0.27860693 0.28078404 0.26725558 0.25205442 0.24760551 0.2434789 0.2393523 0.23642742 0.23407545 0.23359925 0.23353856 0.23347787 0.23856615 0.24640728 0.24968898 0.25178128 0.25387359 -9999
0.21905692 0.23127027 0.24183148 0.25060477 0.25816311 0.26572144 0.27213836 0.2749991 0.27785984 0.28655219 0.29544492 0.30433765 0.30190115 0.29399049 0.289231 0.28850379 0.28968661 0.29679491 0.30390321 0.31094552 0.31209437 0.31324321 0.31439206 0.304673 0.29285679 0.28813982 0.28670282 0.28350056 0.27873116 0.27396176 0.26795754 0.25972828 0.25149901 0.24503566 0.24640001 0.24829124 0.26732865 0.28636606 0.28927076 0.29144786 0.29362497 0.28009651 0.26489535 0.2496942 0.24325063 0.23912403 0.23619915 0.23384717 0.23149519 0.23071031 0.23064962 0.2357379 0.24357903 0.25142015 0.25547635 0.25756865 -9999
0.19846618 0.22189448 0.23759339 0.24636668 0.25392502 0.26148336 0.26904169 0.27660003 0.27959187 0.28828423 0.29717696 0.30606969 0.31496243 0.31669643 0.31193695 0.31488667 0.32199497 0.32910327 0.33621158 0.34325389 0.34440273 0.34555158 0.34670042 0.34784927 0.3407596 0.33604263 0.33216454 0.32739514 0.32262574 0.31785634 0.31185212 0.30362286 0.29539359 0.28716433 0.27893507 0.28064657 0.29775747 0.29993458 0.30211169 0.3042888 0.30646591 0.29293744 0.27773629 0.26253513 0.24733397 0.23889575 0.23597088 0.2336189 0.23126692 0.22891494 0.22782137 0.23290965 0.24075078 0.2485919 0.25643303 0.26126371 -9999
