mean_models/J1_mean_vp_slide_diff2_320.dat.tif
NCOLS 118
NROWS 92
XLLCORNER 139.62
YLLCORNER -39.07
DX 0.099491525
DY 0.099347826
NODATA_VALUE -9999
[rows 48 to 71 of 92, columns 0 to 52 of 118]
-9999 -0.07727035 -0.068099352 -0.058928354 -0.049757355 -0.040586357 -0.031415359 -0.023159832 -0.030661166 -0.038162501 -0.045663836 -0.053165171 -0.060666506 -0.061194121 -0.061573002 -0.061673986 -0.06177497 -0.061875954 -0.061976938 -0.060257845 -0.054339757 -0.048421669 -0.042503582 -0.036585494 -0.030667407 -0.035353984 -0.032891411 -0.031955854 -0.031020296 -0.030084738 -0.029149181 -0.033210917 -0.046905841 -0.060600765 -0.07429569 -0.087990614 -0.10168554 -0.10491993 -0.099821673 -0.094723419 -0.089625164 -0.08452691 -0.080710652 -0.079286582 -0.08865816 -0.098029738 -0.10740132 -0.11677289 -0.12614447 -0.11334877 -0.096721959 -0.080095149 -0.063468338
-9999 -0.088002123 -0.078831125 -0.069660126 -0.060489128 -0.046871993 -0.024647218 -0.016222042 -0.023723377 -0.031224711 -0.038726046 -0.044216388 -0.042115323 -0.041258544 -0.042893522 -0.04378078 -0.043881764 -0.043982748 -0.044083732 -0.042364639 -0.036446551 -0.030528464 -0.024610376 -0.021207985 -0.036729824 -0.046006058 -0.038542507 -0.034061365 -0.033125808 -0.03219025 -0.031254692 -0.035316429 -0.049011353 -0.062706277 -0.076401201 -0.088875024 -0.097173291 -0.099960043 -0.094861788 -0.089763534 -0.084665279 -0.085516283 -0.096678717 -0.093050328 -0.078789003 -0.08410603 -0.093477608 -0.10284919 -0.11222076 -0.099425062 -0.082798251 -0.066171441 -0.04954463
-9999 -0.098733896 -0.089562898 -0.080391899 -0.062158979 -0.039934204 -0.017709428 -0.0092842518 -0.016785587 -0.024286921 -0.026381877 -0.024280812 -0.022179747 -0.021322968 -0.022957946 -0.024592923 -0.025988558 -0.026089542 -0.026190526 -0.024471433 -0.018553345 -0.012635258 -0.01633822 -0.031860059 -0.047381897 -0.056658132 -0.049194581 -0.041731031 -0.035231319 -0.034295761 -0.033360204 -0.03742194 -0.051116864 -0.064811789 -0.075616871 -0.083915139 -0.092213406 -0.095000158 -0.089901903 -0.084803649 -0.090321914 -0.10148435 -0.11264678 -0.10901839 -0.094757069 -0.080495744 -0.0795539 -0.088925478 -0.098297056 -0.085501354 -0.068874543 -0.056889688 -0.06479198
-9999 -0.10946567 -0.099670741 -0.077445965 -0.055221189 -0.032996414 -0.010771638 -0.002346462 -0.0098477968 -0.0085473662 -0.0064463009 -0.0043452356 -0.0022441703 -0.0013873918 -0.0030223692 -0.0046573466 -0.006292324 -0.0079273014 -0.0082973202 -0.0065782272 -0.00066013958 -0.011468455 -0.026990294 -0.042512133 -0.058033971 -0.067310206 -0.059846655 -0.052383105 -0.044919554 -0.037456003 -0.035465715 -0.039527452 -0.053222376 -0.062358718 -0.070656986 -0.078955253 -0.087253521 -0.090040273 -0.084942018 -0.095127545 -0.10628998 -0.11745241 -0.12861485 -0.12498646 -0.11072513 -0.09646381 -0.082202485 -0.075001769 -0.084373348 -0.071577645 -0.065544705 -0.073446997 -0.081349289
-9999 -0.11495773 -0.092732951 -0.070508175 -0.0482834 -0.026058624 -0.003833848 0.0071860796 0.0092871449 0.01138821 0.013489275 0.015590341 0.017691406 0.018548185 0.016913207 0.01527823 0.013643252 0.012008275 0.010373298 0.0089231482 -0.0065986905 -0.022120529 -0.037642368 -0.053164207 -0.068686045 -0.07796228 -0.070498729 -0.063035178 -0.055571628 -0.048108077 -0.040644526 -0.040802298 -0.049100565 -0.057398833 -0.065697101 -0.073995368 -0.082293636 -0.088770742 -0.099933176 -0.11109561 -0.12225805 -0.13342048 -0.14458291 -0.14095452 -0.1266932 -0.11243188 -0.098170551 -0.083909226 -0.070449639 -0.074199721 -0.082102013 -0.090004305 -0.097906597
-9999 -0.10017446 -0.077949681 -0.055724906 -0.03350013 -0.011275354 0.0070435928 0.016430589 0.018531655 0.02063272 0.022733785 0.024834851 0.016220797 0.002653074 0.0030492259 0.0014142485 -0.00022072888 -0.0018557063 -0.0034906837 -0.0093248398 -0.024846678 -0.040368517 -0.055890356 -0.071412195 -0.083033682 -0.08084238 -0.060810158 -0.053346607 -0.045883056 -0.038419506 -0.030955955 -0.028876126 -0.037174394 -0.045472661 -0.053770929 -0.062069197 -0.074429934 -0.088607881 -0.099770316 -0.11093275 -0.12209518 -0.13325762 -0.14312609 -0.14102757 -0.12869747 -0.11443614 -0.10017482 -0.085913492 -0.071652167 -0.076288441 -0.084190733 -0.092093025 -0.099995317
-9999 -0.084078597 -0.061853822 -0.039629046 -0.01740427 -0.0012004946 0.014499431 0.023886428 0.025987493 0.028088558 0.030189624 0.014144475 -0.0066777969 -0.02024552 -0.019285593 -0.018325665 -0.019739553 -0.02137453 -0.023009508 -0.028843664 -0.044365503 -0.059887341 -0.07540918 -0.0839863 -0.089442913 -0.087251611 -0.064561978 -0.041872346 -0.032791389 -0.025327838 -0.017864287 -0.015784458 -0.024082726 -0.032380994 -0.040679261 -0.055282534 -0.071568285 -0.085746232 -0.096908666 -0.1080711 -0.11923354 -0.12859441 -0.13779737 -0.13569885 -0.12547584 -0.11410419 -0.099842865 -0.08558154 -0.071320216 -0.075956489 -0.083858781 -0.091761073 -0.090125638
-9999 -0.067982738 -0.045757962 -0.025144508 -0.009444582 0.0062553438 0.02195527 0.031342266 0.033443331 0.032890423 0.012068152 -0.0087541195 -0.029576391 -0.043144114 -0.042184187 -0.041224259 -0.040264332 -0.040893355 -0.042528332 -0.048362488 -0.063884327 -0.079406166 -0.084938918 -0.090395531 -0.095852144 -0.093660841 -0.070971209 -0.048281576 -0.025591944 -0.01223617 -0.0047726195 -0.0026927904 -0.010991058 -0.019849383 -0.036135133 -0.052420884 -0.068706635 -0.082884582 -0.094047017 -0.10485976 -0.11406273 -0.12326569 -0.13246866 -0.13037014 -0.12014712 -0.1099241 -0.099510914 -0.085249589 -0.070988264 -0.075624538 -0.08352683 -0.077616103 -0.065691688
-9999 -0.051886878 -0.033388595 -0.017688669 -0.0019887437 0.013711182 0.029411108 0.038798104 0.030814101 0.0099918294 -0.010830442 -0.031652714 -0.052474985 -0.066042708 -0.065082781 -0.064122853 -0.063162926 -0.062202999 -0.062047156 -0.067881312 -0.080434923 -0.085891536 -0.091348149 -0.096804762 -0.10226137 -0.10007007 -0.077380439 -0.054690807 -0.032001174 -0.0093115417 0.0083190483 0.010398877 -0.00070198228 -0.016987733 -0.033273484 -0.049559235 -0.065844986 -0.080022933 -0.090328078 -0.099531045 -0.10873401 -0.11793698 -0.12713994 -0.12504142 -0.11481841 -0.10459539 -0.094372374 -0.084149358 -0.070656313 -0.075292587 -0.065106568 -0.053182153 -0.041257738
-9999 -0.043940609 -0.028240683 -0.012540757 0.0031591686 0.018859094 0.03455902 0.034527084 0.013704812 -0.0071174592 -0.027939731 -0.048762002 -0.069584274 -0.086446697 -0.085486769 -0.084526842 -0.083566915 -0.082606987 -0.08164706 -0.082627398 -0.088084011 -0.093540623 -0.098997236 -0.10445385 -0.10991046 -0.10832438 -0.085827877 -0.063138244 -0.040448611 -0.017758979 0.0049306538 0.01430757 -0.0019781808 -0.018263932 -0.034549683 -0.050835434 -0.067121185 -0.075192579 -0.084395545 -0.093598511 -0.10280148 -0.11200444 -0.12120741 -0.11917574 -0.10895272 -0.098729706 -0.08850669 -0.078283674 -0.068060658 -0.058801061 -0.046876646 -0.034952231 -0.023027817
-9999 -0.046675323 -0.030975398 -0.015275472 0.00042445412 0.014101938 0.01354185 0.012975325 0.012401373 -0.0044536129 -0.025275884 -0.046098156 -0.066920427 -0.084127212 -0.094093775 -0.096410608 -0.095450681 -0.094490753 -0.093530826 -0.094511164 -0.099967777 -0.10542439 -0.110881 -0.11633761 -0.11725837 -0.11353264 -0.098634373 -0.078547092 -0.055857459 -0.033167827 -0.010478194 -0.0011012777 -0.017387029 -0.03367278 -0.04995853 -0.065769264 -0.054339543 -0.055516248 -0.074728233 -0.08560366 -0.094806626 -0.10400959 -0.11321256 -0.1112498 -0.10125305 -0.091030029 -0.080807013 -0.070583997 -0.060360981 -0.056001188 -0.049836328 -0.037911913 -0.025987499
-9999 -0.049410038 -0.033710112 -0.018010186 -0.010082206 -0.010642294 -0.011202382 -0.011768907 -0.012342858 -0.01291681 -0.022612038 -0.043434309 -0.064256581 -0.081463365 -0.091429929 -0.10139649 -0.10733445 -0.10637452 -0.10541459 -0.10639493 -0.11185154 -0.11730816 -0.12158115 -0.12202389 -0.12246662 -0.11874089 -0.10384263 -0.088944362 -0.071266307 -0.048576674 -0.025887042 -0.016510125 -0.032795876 -0.049081627 -0.056322254 -0.044892533 -0.033462812 -0.034639516 -0.053851501 -0.073063486 -0.086811776 -0.096014742 -0.10521771 -0.10325495 -0.093265307 -0.08327566 -0.073107336 -0.06288432 -0.052661303 -0.048301511 -0.044955042 -0.040871596 -0.028947181
-9999 -0.052144752 -0.036444826 -0.034266349 -0.034826438 -0.035386526 -0.035946614 -0.036513138 -0.03708709 -0.037661042 -0.038234994 -0.040770463 -0.061592735 -0.078799519 -0.088766082 -0.098732646 -0.10869921 -0.11825829 -0.11729836 -0.1182787 -0.12373531 -0.12634667 -0.1267894 -0.12723214 -0.12767488 -0.12394915 -0.10905088 -0.094152616 -0.079254351 -0.063985522 -0.04129589 -0.031918973 -0.048204724 -0.046875244 -0.035445523 -0.024015801 -0.01258608 -0.013762785 -0.03297477 -0.052186755 -0.07139874 -0.088019891 -0.097222857 -0.095260104 -0.085270456 -0.075280809 -0.065291161 -0.055184642 -0.044961626 -0.040601833 -0.037255365 -0.033908896 -0.030562428
-9999 -0.057890404 -0.058450493 -0.059010581 -0.059570669 -0.060130758 -0.060690846 -0.06125737 -0.061831322 -0.062405274 -0.062979226 -0.063553178 -0.06412713 -0.076135673 -0.086102236 -0.0960688 -0.10603536 -0.11600193 -0.12596849 -0.13016246 -0.13111218 -0.13155492 -0.13199766 -0.13244039 -0.13288313 -0.1291574 -0.11425914 -0.099360871 -0.084462605 -0.06956434 -0.054666074 -0.047327821 -0.037428234 -0.025998513 -0.014568791 -0.0031390701 0.0082906513 0.0071139466 -0.012098039 -0.031310024 -0.050522009 -0.069733994 -0.088945979 -0.087265253 -0.077275605 -0.067285958 -0.057296311 -0.047306663 -0.037261949 -0.032902156 -0.029555688 -0.026209219 -0.022862751
-9999 -0.051855842 -0.052415931 -0.052976019 -0.053536108 -0.054096196 -0.058182548 -0.065043409 -0.067329845 -0.067903797 -0.068477749 -0.069051701 -0.069625653 -0.065360411 -0.061096461 -0.071063025 -0.081029588 -0.090996152 -0.10096272 -0.10804942 -0.10849215 -0.10893489 -0.10937763 -0.10982037 -0.10994916 -0.11593686 -0.12664364 -0.11174538 -0.096847111 -0.081948845 -0.06705058 -0.053337055 -0.041907334 -0.030477613 -0.019047891 -0.0076181698 0.0021513029 0.0067488777 -0.0020869269 -0.021298912 -0.040510897 -0.059722882 -0.078934867 -0.087623211 -0.080964473 -0.070974826 -0.060985179 -0.050995531 -0.041005884 -0.046563537 -0.043372455 -0.040025986 -0.036679518
-9999 -0.032437096 -0.032997184 -0.033557272 -0.034117361 -0.041262814 -0.050474261 -0.057335121 -0.061483102 -0.065033307 -0.065607259 -0.066181211 -0.066755163 -0.062489921 -0.048533913 -0.036341842 -0.046308406 -0.05627497 -0.066241533 -0.073328234 -0.073770972 -0.074213709 -0.074656446 -0.074264063 -0.073134171 -0.079121866 -0.10418648 -0.12725048 -0.11235222 -0.09745395 -0.082555684 -0.06884216 -0.057412439 -0.045982717 -0.034552996 -0.02636873 -0.02006552 -0.015467945 -0.013310523 -0.016012725 -0.03522471 -0.054436695 -0.07364868 -0.082337024 -0.083460056 -0.079744369 -0.069754722 -0.059765074 -0.049775427 -0.05533308 -0.06357773 -0.063199198 -0.059852729
-9999 -0.013018349 -0.013578437 -0.015131632 -0.024343079 -0.033554526 -0.042765974 -0.049626834 -0.053774815 -0.057922796 -0.062070777 -0.063310722 -0.063884673 -0.059619431 -0.045663423 -0.031707415 -0.017751407 -0.021553787 -0.031520351 -0.038607052 -0.03904979 -0.039492527 -0.038578962 -0.03744907 -0.036319178 -0.042306873 -0.067371486 -0.092436099 -0.11750071 -0.11295906 -0.098060789 -0.084347265 -0.072917544 -0.061487822 -0.054888763 -0.048585553 -0.042282344 -0.037684769 -0.035527346 -0.033369924 -0.031212502 -0.049150507 -0.068362492 -0.077050836 -0.078173869 -0.079296901 -0.078524265 -0.068534617 -0.05854497 -0.064102623 -0.072347273 -0.080591922 -0.083025941
-9999 0.0064003981 0.0017881033 -0.0074233441 -0.016634791 -0.025846239 -0.035057686 -0.041918546 -0.046066528 -0.050214509 -0.05436249 -0.058510471 -0.061014184 -0.056748941 -0.042792933 -0.028836925 -0.014880917 -0.00092490941 0.0032008312 -0.0038858701 -0.0040237535 -0.0028938614 -0.0017639693 -0.00063407718 0.00049581491 -0.0054918801 -0.030556493 -0.055621107 -0.08068572 -0.10575033 -0.11356589 -0.09985237 -0.089712006 -0.083408796 -0.077105586 -0.070802376 -0.064499167 -0.059901592 -0.05774417 -0.055586747 -0.053429325 -0.051271903 -0.063076305 -0.071764649 -0.072887681 -0.074010714 -0.075133746 -0.076256779 -0.067314513 -0.072872166 -0.081116816 -0.089361465 -0.097606115
-9999 0.013676799 0.0044653516 -0.0047460958 -0.013957543 -0.02316899 -0.032380438 -0.034842955 -0.038990936 -0.043138917 -0.047286898 -0.051434879 -0.05558286 -0.060230169 -0.046274161 -0.032318153 -0.018362145 -0.0044061369 0.009549871 0.019627454 0.020757346 0.021887238 0.02301713 0.024147022 0.025276914 0.024430721 -0.00063389196 -0.025698505 -0.050763119 -0.075827732 -0.10089235 -0.11524274 -0.10893953 -0.10263632 -0.096333107 -0.090029897 -0.083726688 -0.073704487 -0.071547065 -0.069389642 -0.06723222 -0.065074798 -0.062917375 -0.066517155 -0.067640187 -0.06876322 -0.069886252 -0.071009285 -0.072132317 -0.079327529 -0.087572178 -0.095816828 -0.10406148
-9999 -0.008669618 -0.017881065 -0.027092513 -0.03630396 -0.044653362 -0.034453524 -0.0309143 -0.035062281 -0.039210262 -0.043358243 -0.047506225 -0.057851835 -0.06795502 -0.07639356 -0.067391909 -0.053435901 -0.039479893 -0.025523886 -0.015446303 -0.014316411 -0.013186519 -0.012056627 -0.010926734 -0.0067979552 -0.0047701441 -0.010066634 -0.030057667 -0.05512228 -0.080186894 -0.10525151 -0.1196019 -0.11329869 -0.10699548 -0.10069227 -0.094389059 -0.064824053 -0.045657712 -0.04350029 -0.041342868 -0.039185446 -0.038756571 -0.057117903 -0.063879052 -0.062585149 -0.063708182 -0.064831214 -0.065954247 -0.067077279 -0.074272491 -0.08251714 -0.09076179 -0.099006439
-9999 -0.031016035 -0.040227482 -0.04943893 -0.050924546 -0.040724708 -0.030524869 -0.026985646 -0.031133627 -0.035281608 -0.041240432 -0.052174877 -0.063109322 -0.073212507 -0.081651047 -0.090089586 -0.088509658 -0.07455365 -0.060597642 -0.050520059 -0.049390167 -0.048260275 -0.046558895 -0.041798392 -0.037037888 -0.035010077 -0.040306567 -0.045603058 -0.059481442 -0.084546056 -0.10961067 -0.12396106 -0.11765785 -0.11135464 -0.098887983 -0.06783263 -0.036777278 -0.017610938 -0.015453516 -0.013296093 -0.018756661 -0.037117994 -0.055479327 -0.062240476 -0.0606624 -0.059084325 -0.059776176 -0.060899208 -0.062022241 -0.069217453 -0.077462102 -0.085706752 -0.092353098
-9999 -0.053362452 -0.062573899 -0.05719573 -0.046995892 -0.036796053 -0.026596215 -0.023056991 -0.027204972 -0.035563474 -0.046497919 -0.057432364 -0.068366809 -0.078469994 -0.086908534 -0.095347073 -0.10378561 -0.10962741 -0.095671399 -0.085593816 -0.084463924 -0.081559332 -0.076798828 -0.072038325 -0.067277821 -0.06525001 -0.0705465 -0.075842991 -0.081139481 -0.088905217 -0.11396983 -0.12832022 -0.12201701 -0.10189656 -0.070841208 -0.039785856 -0.0087305037 0.010435836 0.012593259 0.0012432479 -0.017118085 -0.035479417 -0.05384075 -0.060601899 -0.059023823 -0.057445748 -0.055867673 -0.05584417 -0.056967203 -0.064162414 -0.072128331 -0.078630635 -0.085132939
-9999 -0.073666753 -0.063466914 -0.053267076 -0.043067237 -0.032867399 -0.02266756 -0.019128336 -0.029886517 -0.040820961 -0.051755406 -0.062689851 -0.073624296 -0.083727481 -0.092166021 -0.10060456 -0.1090431 -0.11748164 -0.12592018 -0.12066757 -0.11655977 -0.11179926 -0.10703876 -0.10227826 -0.097517754 -0.095489943 -0.10078643 -0.10608292 -0.11137941 -0.1166759 -0.12197239 -0.13267938 -0.10490514 -0.073849786 -0.042794434 -0.011739082 0.019316271 0.038482611 0.021243157 0.0028818247 -0.015479508 -0.03384084 -0.052202173 -0.058963322 -0.057385247 -0.055807171 -0.054229096 -0.052651021 -0.051912164 -0.058405868 -0.064908172 -0.071410477 -0.077912781
-9999 -0.06976439 -0.059564552 -0.049364713 -0.039164875 -0.028965036 -0.026208121 -0.025852274 -0.026456353 -0.037390798 -0.048325243 -0.059259687 -0.070194132 -0.07856035 -0.084206085 -0.092644625 -0.10108316 -0.1095217 -0.11796024 -0.12240759 -0.11764709 -0.11288658 -0.10812608 -0.10336558 -0.099209155 -0.098207133 -0.098980066 -0.10427656 -0.10957305 -0.11486954 -0.12016603 -0.11304592 -0.081990566 -0.050935213 -0.019879861 0.011175491 0.033532966 0.037750711 0.03268658 0.014325248 -0.0040360846 -0.022397417 -0.04075875 -0.050655443 -0.050388927 -0.048810852 -0.047232776 -0.045654701 -0.044076626 -0.04947059 -0.055972894 -0.062475198 -0.068977503
