mean_models/J1_mean_vp_slide_diff_140.dat.tif
NCOLS 118
NROWS 92
XLLCORNER 139.62
YLLCORNER -39.07
DX 0.099491525
DY 0.099347826
NODATA_VALUE -9999
[rows 27 to 53 of 92, columns 0 to 59 of 118]
-9999 8.1810173 8.1863786 8.1925988 8.2039338 8.2152689 8.2266039 8.2337553 8.2360784 8.2384014 8.2407244 8.2402207 8.2389411 8.2368125 8.2329836 8.2291547 8.2253257 8.2231507 8.2216388 8.2180792 8.2097955 8.2015118 8.1956384 8.1900599 8.1844814 8.1750386 8.1552384 8.1354382 8.1156381 8.1048089 8.0975943 8.0927636 8.0925283 8.0922931 8.0915362 8.0907634 8.0899906 8.0899723 8.0910336 8.0920949 8.0931562 8.0894322 8.0852512 8.081738 8.0787049 8.0756718 8.0734586 8.0761397 8.0788207 8.083678 8.0889115 8.0941449 8.094469 8.0893603 8.0855347 8.0861537 8.0867727 8.0873917 8.0855536 8.0832685
-9999 8.1737269 8.1817153 8.1930503 8.2043853 8.2157204 8.2270554 8.2342068 8.2365299 8.2388529 8.241176 8.243499 8.2440616 8.241933 8.238104 8.2342751 8.2304462 8.2266172 8.2238056 8.220246 8.2124106 8.2068321 8.2012536 8.1956751 8.1900967 8.1806538 8.1608537 8.1410535 8.1212534 8.1014532 8.0874335 8.0826028 8.0822473 8.0814744 8.0807016 8.0799288 8.0791559 8.0791377 8.080199 8.0812603 8.0823216 8.0833829 8.0808765 8.0773633 8.0743302 8.0712971 8.068264 8.0652309 8.0675261 8.0723834 8.0776169 8.0828503 8.0880837 8.0903705 8.0865449 8.0871639 8.0877829 8.0884018 8.0890208 8.0877339
-9999 8.1698674 8.1812024 8.1925375 8.2038725 8.2152075 8.2265425 8.2337958 8.2361188 8.2384419 8.2407649 8.243088 8.245411 8.2450875 8.2412585 8.2374296 8.2336007 8.2297718 8.2259428 8.2215848 8.2160064 8.2104279 8.2048494 8.1992709 8.1936924 8.1853289 8.1655287 8.1457286 8.1259284 8.1061283 8.0863281 8.073027 8.0722542 8.0714814 8.0707086 8.0699357 8.0691629 8.0696592 8.0707205 8.0717818 8.0728431 8.0739044 8.0749657 8.0737474 8.0707143 8.0676812 8.0646481 8.061615 8.0585819 8.0621411 8.0673745 8.0726079 8.0778414 8.0830748 8.0864955 8.0871144 8.0877334 8.0883524 8.0889714 8.0895904
-9999 8.1614157 8.1727507 8.1840857 8.1954207 8.2067558 8.213197 8.2202964 8.2286071 8.2309301 8.2332532 8.2355762 8.2378993 8.2367318 8.2285743 8.2244 8.2205711 8.2167422 8.2129132 8.2085553 8.2029768 8.1973983 8.1918198 8.1862413 8.1757445 8.1652145 8.1606703 8.1426636 8.1228634 8.1030633 8.0832631 8.0699621 8.0691892 8.0684164 8.0676436 8.0668707 8.0679531 8.0699148 8.0724056 8.0734669 8.0745282 8.0755895 8.0766508 8.0757845 8.0733453 8.0703122 8.0672792 8.0642461 8.061213 8.0622102 8.0657942 8.0710277 8.0762611 8.0814945 8.08434 8.0789138 8.0789608 8.0795798 8.0801987 8.0808177
-9999 8.1529639 8.1642989 8.175634 8.1859007 8.1918019 8.197703 8.2048024 8.2132846 8.2217668 8.2257414 8.2280645 8.2303875 8.22922 8.2210625 8.2129051 8.2075415 8.2037126 8.1998837 8.1955257 8.1899472 8.1843687 8.1787902 8.1663194 8.1535561 8.1430261 8.1384819 8.1339377 8.1197984 8.0999983 8.0801981 8.0668971 8.0661242 8.0653514 8.0647042 8.0662483 8.0677924 8.0697542 8.0723133 8.0748725 8.0762133 8.0772746 8.0783359 8.0774696 8.0752176 8.0729433 8.0699102 8.0668771 8.063844 8.0648413 8.0665351 8.0694474 8.0746808 8.0799143 8.0827597 8.0773335 8.0719073 8.0708071 8.0714261 8.0720451
-9999 8.1445122 8.1558472 8.1645055 8.1704067 8.1763078 8.182209 8.1893083 8.1977905 8.2062728 8.214755 8.2205527 8.2228757 8.2217083 8.2135508 8.2053933 8.1972358 8.190683 8.1868541 8.1824961 8.1769176 8.1696575 8.1568943 8.144131 8.1313677 8.1208377 8.1162935 8.1117493 8.107205 8.0969333 8.0771331 8.0638321 8.0630593 8.0629994 8.0645435 8.0660877 8.0676318 8.0695935 8.0721527 8.0747119 8.077271 8.0789597 8.080021 8.0791547 8.0769027 8.0746507 8.0723987 8.0695081 8.066475 8.0674723 8.0691661 8.07086 8.0731006 8.078334 8.0811795 8.0757533 8.0703271 8.0649009 8.0626535 8.0632725
-9999 8.1360604 8.1431103 8.1490115 8.1549126 8.1608138 8.1667149 8.1738143 8.1822965 8.1907787 8.199261 8.2077432 8.215364 8.2141965 8.206039 8.1978816 8.1897241 8.1815666 8.1738245 8.1694666 8.1602324 8.1474692 8.1347059 8.1219426 8.1091793 8.0986494 8.0941051 8.0895609 8.0850167 8.0804724 8.0740681 8.0607671 8.0612946 8.0628387 8.0643829 8.065927 8.0674711 8.0694329 8.071992 8.0745512 8.0771104 8.0796695 8.0817061 8.0808398 8.0785878 8.0763358 8.0740838 8.0718318 8.069106 8.0701033 8.0717972 8.073491 8.0751849 8.0768787 8.0795992 8.074173 8.0687468 8.0633206 8.0578944 8.0544999
-9999 8.1237153 8.1296165 8.1355176 8.1414188 8.1473199 8.1532211 8.1623672 8.1709472 8.1794295 8.1879117 8.1963939 8.2048761 8.203935 8.1939294 8.1857719 8.1776144 8.1694569 8.1612995 8.1517493 8.138986 8.1262227 8.1134595 8.1006962 8.0879329 8.0840835 8.0799713 8.0754271 8.0708828 8.0663386 8.0617944 8.0593297 8.0608739 8.062418 8.0639621 8.0655063 8.0670504 8.0686234 8.071313 8.0738722 8.0764313 8.0789905 8.0815496 8.0832954 8.0810434 8.0787914 8.0765394 8.0742874 8.0720354 8.070603 8.0722969 8.0739907 8.0756846 8.0773784 8.0785501 8.0742485 8.0688223 8.0633961 8.0579699 8.0525437
-9999 8.1135203 8.1194214 8.1253226 8.1312237 8.1375699 8.1450152 8.1542168 8.1654457 8.174916 8.1833983 8.1918805 8.2003627 8.1994216 8.1796097 8.166079 8.1579215 8.149764 8.1416066 8.1320564 8.1192931 8.1065298 8.0937666 8.0818234 8.0815208 8.0806201 8.0781166 8.0745774 8.0700332 8.065489 8.0609447 8.0584801 8.0600242 8.0615684 8.0631125 8.06421 8.0632109 8.0645164 8.0691191 8.0723381 8.0748973 8.0774564 8.0800156 8.0822491 8.0842485 8.0825178 8.0802658 8.0780138 8.0757618 8.0721455 8.0692815 8.0709753 8.0726691 8.074363 8.0755346 8.0748975 8.0716287 8.0662025 8.0607763 8.0553501
-9999 8.1033253 8.1092264 8.1151276 8.1219743 8.1294195 8.1368647 8.1460664 8.1572953 8.1685241 8.1788849 8.1873671 8.1958493 8.1949082 8.1750963 8.1552844 8.1382286 8.1300711 8.1219137 8.1123635 8.0996002 8.0868369 8.0786626 8.07836 8.0780574 8.0771568 8.0746533 8.0721498 8.0691836 8.0646393 8.0600951 8.0576304 8.0591746 8.0607187 8.0611022 8.0601031 8.059104 8.0604095 8.0650122 8.0696149 8.0733632 8.0759224 8.0784815 8.080715 8.0827145 8.0847139 8.0839922 8.0817402 8.0794882 8.0758719 8.0720198 8.0681677 8.0696537 8.0713476 8.0725192 8.0718821 8.071245 8.0690088 8.0635826 8.0581565
-9999 8.0931302 8.0990314 8.1063787 8.1138239 8.1212691 8.1287143 8.137916 8.1491449 8.1603737 8.1716025 8.1828314 8.1913359 8.1903948 8.1705829 8.1507709 8.130959 8.1111471 8.1022208 8.0926706 8.0799073 8.0755019 8.0751993 8.0748967 8.0745941 8.0736934 8.0711899 8.0686865 8.066183 8.0636795 8.0592454 8.0567808 8.0583249 8.0579944 8.0569953 8.0559961 8.054997 8.0563025 8.0609052 8.0655079 8.0701106 8.0743883 8.0769475 8.079181 8.0811804 8.0831798 8.0851793 8.0854667 8.0832147 8.0795983 8.0757462 8.0718941 8.068042 8.0683321 8.0695038 8.0688667 8.0682296 8.0675925 8.066389 8.0609628
-9999 8.0833378 8.090783 8.0982282 8.1056735 8.1131187 8.1205639 8.1297656 8.1409944 8.1522233 8.1634521 8.174681 8.1859098 8.1858814 8.1660694 8.1462575 8.1264456 8.1066337 8.0868218 8.0729777 8.0723412 8.0720386 8.0717359 8.0714333 8.0711307 8.0702301 8.0677266 8.0652231 8.0627196 8.0602162 8.0577127 8.0558857 8.0548866 8.0538874 8.0528883 8.0518892 8.05089 8.0521956 8.0567983 8.0614009 8.0660036 8.0706063 8.075209 8.0776469 8.0796464 8.0816458 8.0836452 8.0856446 8.0869411 8.0833248 8.0794727 8.0756206 8.0717685 8.0679164 8.0664884 8.0658513 8.0652142 8.0645771 8.06394 8.0633029
-9999 8.0820219 8.0894671 8.0969124 8.1043576 8.1118028 8.1151489 8.1195102 8.130739 8.1419679 8.1531967 8.1644256 8.1726382 8.1723953 8.1623933 8.1425814 8.1227695 8.1029576 8.0831457 8.0692331 8.0689304 8.0686278 8.0683252 8.0680226 8.0684289 8.0686929 8.0638122 8.0613087 8.0588052 8.0563017 8.0537982 8.0518086 8.0508095 8.0498103 8.0488112 8.0478121 8.0491669 8.0542326 8.0588352 8.0634379 8.0680406 8.0726433 8.0765478 8.0770106 8.0777921 8.0797915 8.081791 8.0837904 8.0857898 8.0828 8.0789479 8.0750958 8.0712437 8.066697 8.059495 8.0588579 8.0582208 8.0575837 8.0569466 8.0596906
-9999 8.0830175 8.0904628 8.097908 8.1053532 8.1057706 8.1041815 8.1085428 8.1197717 8.1310005 8.1422294 8.1474106 8.1492884 8.1490455 8.144556 8.1391885 8.1193765 8.0995646 8.0797527 8.0658401 8.0655375 8.0652349 8.0649323 8.0662137 8.0688044 8.0690685 8.0630963 8.0572417 8.0547382 8.0522347 8.0497312 8.0477416 8.0467425 8.0457433 8.0447442 8.0478926 8.0532819 8.0583475 8.0629502 8.0675529 8.0721556 8.075714 8.0789807 8.0794435 8.0778906 8.077829 8.0798284 8.0818278 8.0838273 8.0808374 8.0769853 8.0731333 8.0674556 8.0583583 8.0511563 8.0505192 8.0498821 8.049245 8.053436 8.05951
-9999 8.0840132 8.0914584 8.0979815 8.0963924 8.0948033 8.0932142 8.0975755 8.1088043 8.1200332 8.1221831 8.1240609 8.1259386 8.1256958 8.1212062 8.1167167 8.1122271 8.0961717 8.0763598 8.0624472 8.0621446 8.0618419 8.0639985 8.0665893 8.06918 8.069444 8.0634719 8.0574997 8.0515275 8.0481677 8.0456643 8.0436746 8.0426755 8.0416763 8.0466183 8.0520076 8.0573968 8.0624624 8.0670651 8.0716134 8.0748802 8.0781469 8.0814137 8.0818765 8.0803235 8.0787706 8.0778659 8.0798653 8.0818647 8.0788749 8.0750228 8.0682141 8.0591168 8.0500196 8.0428176 8.0421805 8.0415434 8.0471815 8.0532555 8.0593294
-9999 8.0850088 8.0886032 8.0870141 8.085425 8.0838359 8.0822468 8.0866081 8.0950777 8.0969555 8.0988333 8.1007111 8.1025889 8.102346 8.0978565 8.0933669 8.0888773 8.0843878 8.0729668 8.0590542 8.0591926 8.0617833 8.0643741 8.0669648 8.0695556 8.0698196 8.0638474 8.0578752 8.0519031 8.0459309 8.0415973 8.0396076 8.0399548 8.045344 8.0507333 8.0561225 8.0615118 8.0665774 8.0707796 8.0740464 8.0773131 8.0805799 8.0838466 8.0843094 8.0827565 8.0812035 8.0796506 8.0780977 8.0799022 8.0769123 8.0689726 8.0598753 8.0507781 8.0416808 8.0344788 8.0348531 8.040927 8.047001 8.0530749 8.0591489
-9999 8.0798613 8.0782722 8.0766831 8.075094 8.0735049 8.0719158 8.0725287 8.0744065 8.0762842 8.078162 8.0800398 8.0819176 8.0822645 8.077775 8.0732854 8.0687959 8.0643063 8.0598168 8.0574682 8.0600589 8.0626497 8.0652405 8.0678312 8.070422 8.0706377 8.0646655 8.0586933 8.0527211 8.0467489 8.0407767 8.0386852 8.0440744 8.0494637 8.0548529 8.0602422 8.0656314 8.0689639 8.0722306 8.0754974 8.0787641 8.0820309 8.0852976 8.0856559 8.084103 8.0825501 8.0809971 8.0794442 8.0778912 8.070233 8.0611357 8.0520384 8.0429412 8.0338439 8.0278399 8.0339139 8.0399878 8.0460618 8.0521358 8.0582097
-9999 8.0743297 8.0727406 8.0711515 8.0695625 8.0679734 8.0720969 8.0743784 8.0739364 8.0758141 8.0776919 8.0795697 8.0814475 8.0825209 8.0819837 8.0778535 8.073364 8.0688744 8.0643849 8.0620363 8.064627 8.0672178 8.0698086 8.0723993 8.071147 8.068825 8.0681409 8.0628483 8.0568762 8.050904 8.0449318 8.0428403 8.0482295 8.0536187 8.059008 8.0643972 8.0709057 8.0722808 8.0662757 8.0695424 8.0728092 8.0760759 8.0793427 8.0793767 8.0772556 8.0757027 8.0741497 8.0725968 8.0710438 8.0650617 8.0570838 8.0479865 8.0388893 8.029792 8.0236022 8.0274835 8.0333271 8.0394011 8.045475 8.051549
-9999 8.0687982 8.0672091 8.06562 8.0653335 8.0700086 8.0746837 8.0769652 8.0764843 8.0760033 8.0772218 8.0790996 8.0809774 8.0820508 8.0815136 8.0809763 8.0779321 8.0734425 8.068953 8.0666044 8.0691951 8.0717859 8.0743767 8.0716067 8.0686735 8.0663514 8.0656673 8.0649832 8.0610312 8.055059 8.0490868 8.0469953 8.0523846 8.0577738 8.0632529 8.070021 8.0767892 8.0781643 8.0718239 8.0654836 8.0668542 8.070121 8.0733877 8.0734218 8.0711319 8.0688553 8.0673023 8.0657494 8.0641965 8.0582143 8.0514666 8.0439346 8.0348374 8.0257401 8.0195503 8.0234315 8.0273128 8.0327403 8.0388143 8.0448882
-9999 8.0632666 8.0616775 8.0632452 8.0679203 8.0725954 8.0772706 8.0795521 8.0790711 8.0785901 8.0781091 8.0786295 8.0805073 8.0815807 8.0810435 8.0805062 8.079969 8.0780106 8.0735211 8.0711725 8.0737632 8.0749995 8.0720663 8.0691331 8.0662 8.0638779 8.0631938 8.0625096 8.0618255 8.0592141 8.0532419 8.0511504 8.0565396 8.0623683 8.0691364 8.0759045 8.0826727 8.0840478 8.0777074 8.0713671 8.0650267 8.064166 8.0674328 8.0674668 8.065177 8.0628871 8.0605972 8.058902 8.0573491 8.0513669 8.0446192 8.0378716 8.0307855 8.0216882 8.0154984 8.0193796 8.0232609 8.0271421 8.0321535 8.0382275
-9999 8.057735 8.0611569 8.065832 8.0705072 8.0751823 8.0798574 8.0821389 8.081658 8.081177 8.080696 8.080215 8.0800372 8.0811106 8.0805734 8.0800361 8.0794988 8.0789616 8.0780891 8.0757406 8.0754591 8.0725259 8.0695928 8.0666596 8.0637264 8.0614043 8.0607202 8.0600361 8.0593519 8.0586678 8.057397 8.0553055 8.0614837 8.0682518 8.0750199 8.081788 8.0885562 8.0899313 8.0835909 8.0772506 8.0709102 8.0645699 8.0614778 8.0615119 8.059222 8.0569321 8.0546422 8.0523524 8.0505017 8.0445195 8.0377718 8.0310242 8.0242765 8.0175289 8.0114465 8.0153277 8.019209 8.0230902 8.0269714 8.0315667
-9999 8.0589401 8.0636153 8.0682904 8.0729655 8.0776406 8.0823157 8.0800088 8.0795278 8.0790468 8.0785658 8.0780849 8.0776039 8.0789851 8.079272 8.0787348 8.0781975 8.0776603 8.077123 8.0758613 8.0729281 8.0699949 8.0670617 8.0641286 8.0611954 8.0636044 8.0638849 8.0632007 8.0625166 8.0618325 8.0611483 8.0630096 8.0697778 8.0765459 8.083314 8.0900821 8.0968503 8.0912208 8.0848804 8.0785401 8.0721997 8.0658594 8.05991 8.0581218 8.0558319 8.0535421 8.0512522 8.0489623 8.0466724 8.0405817 8.033834 8.0270864 8.0203387 8.013591 8.0126432 8.0165244 8.0204057 8.0242869 8.0281682 8.0317145
-9999 8.0611942 8.0658693 8.0705445 8.0752196 8.0769052 8.0728032 8.0703822 8.0699012 8.0694202 8.0689393 8.0686048 8.0688233 8.0703054 8.0743177 8.0761124 8.0755752 8.0750379 8.0745007 8.0732389 8.0703057 8.0673726 8.0644394 8.0623301 8.0664186 8.0703307 8.0737702 8.0753258 8.0746417 8.0739575 8.0732734 8.0751347 8.0819028 8.088671 8.0954391 8.0990727 8.0919879 8.0852094 8.078869 8.0725287 8.0661883 8.0616622 8.0602806 8.0585158 8.0564753 8.0542282 8.0519384 8.0496485 8.0473586 8.0412678 8.0345202 8.0277725 8.0210249 8.0210202 8.0221813 8.0260625 8.0299437 8.033825 8.0362926 8.0357284
-9999 8.0634483 8.0681234 8.0727986 8.0713806 8.0672786 8.0631766 8.0607556 8.0602746 8.0597937 8.0597065 8.0599251 8.0601436 8.0616257 8.065638 8.0696504 8.0729528 8.0724156 8.0718783 8.0706166 8.0676834 8.0647502 8.064968 8.0690564 8.0731448 8.077057 8.0804965 8.083936 8.0867667 8.0860826 8.0853985 8.0872598 8.0940279 8.100796 8.1001461 8.0930613 8.0859765 8.0791979 8.0728576 8.0665172 8.0634144 8.0620329 8.0606513 8.0588864 8.056846 8.0548055 8.0526245 8.0503346 8.0480448 8.041954 8.0352063 8.0298067 8.0301825 8.0305583 8.0317193 8.0356006 8.0394818 8.0408708 8.0403065 8.0397423
-9999 8.0657024 8.069958 8.065856 8.061754 8.0576521 8.0535501 8.051129 8.0506481 8.0508083 8.0510268 8.0512454 8.0514639 8.052946 8.0569583 8.0609707 8.064983 8.0689953 8.069256 8.0679942 8.0650611 8.0676058 8.0716943 8.0757827 8.0798711 8.0837833 8.0872228 8.0906623 8.0941019 8.0975414 8.0975235 8.0993849 8.106153 8.1012195 8.0941347 8.0870498 8.079965 8.0731865 8.0668462 8.0651667 8.0637851 8.0624036 8.061022 8.0592571 8.0572167 8.0551762 8.0531358 8.0510208 8.0487309 8.0426402 8.038969 8.0393448 8.0397206 8.0400963 8.0412574 8.0451386 8.0454489 8.0448847 8.0443204 8.0437561
-9999 8.0644334 8.0603314 8.0562294 8.0521275 8.0480255 8.0439235 8.0416915 8.04191 8.0421286 8.0423471 8.0425657 8.0427843 8.0442663 8.0482787 8.052291 8.0563033 8.0603156 8.064328 8.0661552 8.0702437 8.0743321 8.0784205 8.082509 8.0865974 8.0905095 8.0939491 8.0973886 8.1008282 8.1042677 8.1077072 8.1093777 8.1022928 8.095208 8.0881232 8.0810384 8.0739536 8.0683005 8.0669189 8.0655374 8.0641558 8.0627742 8.0613927 8.0596278 8.0575873 8.0555469 8.0535064 8.051466 8.0494171 8.0481313 8.0485071 8.0488829 8.0492586 8.0496344 8.0505913 8.050027 8.0494628 8.0488985 8.0483343 8.04777
-9999 8.0610904 8.0569885 8.0528865 8.0487845 8.0446825 8.0412925 8.0398336 8.0400521 8.0402707 8.0404892 8.0407078 8.0430026 8.0461295 8.0470448 8.0510571 8.0550695 8.0590818 8.0630941 8.0671295 8.0712179 8.0753063 8.0793948 8.0834832 8.0840805 8.0823099 8.088418 8.0918576 8.0952971 8.0987367 8.1021762 8.102021 8.0949362 8.0878514 8.0807665 8.0736817 8.0680266 8.0649428 8.0635612 8.0621797 8.0607981 8.0594165 8.058946 8.0587393 8.0575054 8.055465 8.0534245 8.0513841 8.0493436 8.0493633 8.0497391 8.0501148 8.0504906 8.0505763 8.0498933 8.049329 8.0487648 8.0482005 8.0476363 8.0437258
