mean_models/J1_mean_tot_conduct_slide_2.dat.tif
NCOLS 118
NROWS 92
XLLCORNER 139.62
YLLCORNER -39.07
DX 0.099491525
DY 0.099347826
NODATA_VALUE -9999
[rows 52 to 77 of 92, columns 57 to 113 of 118]
-2.2289331 -2.4765787 -2.7087256 -2.8655471 -2.9807478 -3.0335469 -3.0702016 -3.0641739 -3.050392 -3.047087 -3.0266994 -3.0057538 -2.9668067 -2.9115336 -2.8392878 -2.7453236 -2.66876 -2.5858504 -2.557985 -2.5255556 -2.5587195 -2.597962 -2.6753443 -2.7534146 -2.8470537 -2.9087553 -2.963514 -2.9448746 -2.9128885 -2.7794131 -2.6139401 -2.3928478 -2.148248 -1.8790711 -1.6874053 -1.5159632 -1.5101108 -1.5671498 -1.7778377 -2.0602106 -2.381386 -2.6481244 -2.8858323 -2.9970287 -3.0321648 -2.9560831 -2.8047022 -2.6342503 -2.4577607 -2.34337 -2.238026 -2.1403091 -2.0479006 -1.8673242 -1.639694 -1.3587767 -1.0705315
-1.9065848 -2.1398631 -2.3535123 -2.5035584 -2.6099529 -2.674886 -2.7132696 -2.7643718 -2.7746739 -2.8544633 -2.8651903 -2.9206451 -2.9035212 -2.8837913 -2.8188196 -2.7335392 -2.6430543 -2.5583047 -2.5162001 -2.4840156 -2.5382118 -2.5858813 -2.6842809 -2.770345 -2.8670052 -2.9268413 -2.979037 -2.9617818 -2.9271294 -2.7956344 -2.6475522 -2.4431929 -2.2085668 -1.9478101 -1.7607083 -1.5851087 -1.5844011 -1.648085 -1.8679262 -2.1965304 -2.5433527 -2.8846062 -3.1489891 -3.2983131 -3.3372463 -3.2337249 -2.984004 -2.768246 -2.4440777 -2.2907667 -2.1230949 -1.9637579 -1.8610845 -1.7117558 -1.4936184 -1.2220937 -0.89278163
-1.66227 -1.8632259 -2.0622089 -2.1645978 -2.2588529 -2.2927461 -2.3346373 -2.3852821 -2.4405551 -2.5437423 -2.6391668 -2.721735 -2.7962257 -2.7953852 -2.7779024 -2.7005201 -2.6308532 -2.5424163 -2.4993183 -2.4788529 -2.5419721 -2.610635 -2.7171977 -2.8184156 -2.9179071 -2.9730709 -3.0172894 -2.9937587 -2.959874 -2.8369727 -2.7149775 -2.5215217 -2.3173304 -2.0715278 -1.8963469 -1.7297597 -1.7268478 -1.8001429 -2.0283882 -2.3569924 -2.7491061 -3.1063385 -3.4332306 -3.5944779 -3.644099 -3.5211977 -3.2339769 -2.9237974 -2.5376455 -2.2368704 -2.02033 -1.8153408 -1.6865871 -1.5417797 -1.3543395 -1.0909796 -0.74862402
-1.5871396 -1.7674298 -1.877976 -1.9412917 -1.9276935 -1.932185 -1.90413 -1.9521162 -2.0034247 -2.1548842 -2.2881378 -2.4504661 -2.5644141 -2.6583784 -2.6748391 -2.6637845 -2.6143769 -2.568909 -2.5453238 -2.5517079 -2.6346175 -2.716606 -2.8382067 -2.9435885 -3.0372276 -3.0836876 -3.110014 -3.076869 -3.032729 -2.9322773 -2.8247133 -2.692058 -2.5134809 -2.323209 -2.1630633 -2.0145568 -2.002852 -2.0714277 -2.2879681 -2.6192044 -3.0206568 -3.3980784 -3.7445205 -3.9200938 -3.9721873 -3.8141714 -3.4857417 -3.1026235 -2.6110682 -2.249494 -1.9159048 -1.6852816 -1.5210074 -1.3846658 -1.2026444 -0.95684179 -0.59379095
-1.7523714 -1.8812777 -1.9231717 -1.9004004 -1.7877624 -1.7083155 -1.5901782 -1.5604485 -1.6054924 -1.7583118 -1.9468624 -2.1242045 -2.3326026 -2.4567277 -2.5573681 -2.5887453 -2.5910146 -2.5950409 -2.6035484 -2.6635775 -2.7502097 -2.8762219 -3.0008626 -3.1113029 -3.1972059 -3.2419195 -3.2389204 -3.1988545 -3.1513947 -3.0644342 -2.9794525 -2.8705652 -2.7682522 -2.6035407 -2.4537589 -2.323738 -2.305707 -2.3394857 -2.5299399 -2.8384942 -3.2078048 -3.5769697 -3.9338901 -4.1107459 -4.1611946 -4.0031786 -3.6747489 -3.2134619 -2.6387131 -2.2002983 -1.8184643 -1.5531802 -1.3321788 -1.1849484 -1.0116589 -0.77392142 -0.41743587
-1.9663207 -1.9995819 -1.9664181 -1.8141142 -1.6413131 -1.4573742 -1.3055187 -1.2667891 -1.2723164 -1.4640292 -1.6707333 -1.920893 -2.1608023 -2.3495104 -2.4955207 -2.5673757 -2.6199171 -2.6420264 -2.7004068 -2.7813974 -2.9200358 -3.0527429 -3.186935 -3.2943754 -3.3704571 -3.3824388 -3.3713842 -3.3313183 -3.2861615 -3.2276371 -3.1818823 -3.1045 -3.0066869 -2.8837856 -2.7437006 -2.610987 -2.5397577 -2.5547428 -2.7127587 -2.9431391 -3.3001381 -3.6616846 -4.0163669 -4.2015793 -4.2520279 -4.094012 -3.726488 -3.2524402 -2.6473644 -2.1094581 -1.6763774 -1.3474576 -1.1133599 -0.96364301 -0.79209422 -0.56384895 -0.20620738
-2.2962247 -2.2924631 -2.1211166 -1.9209983 -1.6280667 -1.4085886 -1.1796782 -1.124214 -1.1067367 -1.3099806 -1.5250231 -1.8025521 -2.0548312 -2.2759235 -2.4348369 -2.5398557 -2.6092587 -2.6685191 -2.7508133 -2.8674988 -3.0388453 -3.1918299 -3.3465945 -3.4583589 -3.5227905 -3.5279303 -3.5038479 -3.463782 -3.4186253 -3.3818983 -3.3512436 -3.3180797 -3.2303683 -3.1222204 -2.9633105 -2.8096827 -2.6750765 -2.6606653 -2.7074849 -2.8940901 -3.1875439 -3.5316139 -3.8706568 -4.0754922 -4.1339548 -3.9934961 -3.6271402 -3.1530924 -2.5118386 -1.9548062 -1.463201 -1.1126975 -0.84843238 -0.69435212 -0.52095505 -0.321972 0.023571373
-2.5929493 -2.5297267 -2.3232398 -2.0512592 -1.7397556 -1.4843675 -1.2446492 -1.1863993 -1.160592 -1.3579878 -1.5728847 -1.8229652 -2.0714345 -2.2553873 -2.4061641 -2.4926093 -2.5663146 -2.6301081 -2.7372408 -2.8734015 -3.0822294 -3.2569234 -3.4334713 -3.555041 -3.6218662 -3.6233071 -3.5956706 -3.5535284 -3.5102909 -3.4839767 -3.4705312 -3.4456884 -3.3665807 -3.2581548 -3.0464216 -2.8767366 -2.6506925 -2.5743465 -2.5691242 -2.6543336 -2.9119665 -3.2244182 -3.5562904 -3.777898 -3.8494982 -3.7290389 -3.3957239 -2.9255924 -2.2938314 -1.7030163 -1.2005812 -0.83810857 -0.56211095 -0.41518546 -0.24929563 -0.073334056 0.20854531
-2.8622572 -2.7416905 -2.4929617 -2.1924113 -1.8520456 -1.6026646 -1.3709569 -1.3537761 -1.3482488 -1.5457818 -1.7532833 -1.9941575 -2.189036 -2.3493279 -2.430367 -2.4911674 -2.5183581 -2.5702457 -2.6845866 -2.8277348 -3.0432998 -3.2628726 -3.4508011 -3.6062077 -3.676437 -3.6797274 -3.6520909 -3.6099487 -3.5664932 -3.5547883 -3.5440819 -3.5275 -3.4490445 -3.3319956 -3.1183782 -2.871954 -2.620299 -2.4031118 -2.32703 -2.3903263 -2.5671232 -2.8557099 -3.1625585 -3.3908038 -3.493958 -3.3944665 -3.0693688 -2.632879 -2.0113614 -1.4200671 -0.90505217 -0.54805785 -0.2702473 -0.13718027 0.0028041528 0.14911522 0.41592936
-2.9393478 -2.8017574 -2.5640832 -2.2808135 -2.0137573 -1.7999103 -1.6690004 -1.6868538 -1.7257706 -1.9166306 -2.1175586 -2.281401 -2.4274708 -2.4606196 -2.4874156 -2.4266152 -2.4256315 -2.4311588 -2.5530796 -2.7085174 -2.9491513 -3.1900176 -3.4103972 -3.5825006 -3.6698138 -3.6731042 -3.6454677 -3.6004975 -3.5532468 -3.55 -3.5440819 -3.5275 -3.4398654 -3.2988797 -3.0589599 -2.7726062 -2.4566364 -2.1977929 -2.0301182 -2.0585355 -2.1697319 -2.44019 -2.7320513 -2.9646951 -3.0715798 -3.0072029 -2.6989149 -2.2950964 -1.6921895 -1.109183 -0.6175778 -0.26867969 -0.0053197653 0.091797009 0.21474618 0.29720974 0.52519461
-2.8881739 -2.7814341 -2.5723151 -2.4075616 -2.1839529 -2.1143767 -2.0132033 -2.1082601 -2.174944 -2.3362973 -2.5017436 -2.5521474 -2.6201239 -2.5360834 -2.4581032 -2.342521 -2.2851999 -2.278224 -2.4061665 -2.5671384 -2.8578324 -3.1109727 -3.3515928 -3.5259943 -3.6160988 -3.6173764 -3.5880691 -3.5364758 -3.4899928 -3.4891405 -3.4814314 -3.4674928 -3.3830635 -3.238163 -2.964228 -2.6743848 -2.3113248 -2.0224115 -1.8362565 -1.8011967 -1.9062029 -2.1489653 -2.4291304 -2.6469777 -2.7659059 -2.6988024 -2.4026758 -1.9988573 -1.4144141 -0.84746559 -0.37132276 -0.067374601 0.19036864 0.24594194 0.33128279 0.38651441 0.48834392
-2.7926232 -2.6734124 -2.5020659 -2.3852138 -2.2700131 -2.281623 -2.3043525 -2.4787311 -2.639023 -2.7993149 -2.9269103 -2.9426194 -2.8888123 -2.7340477 -2.5276684 -2.3286853 -2.2003376 -2.1438359 -2.2604178 -2.4259573 -2.7244318 -3.0178206 -3.2665494 -3.4494219 -3.5430609 -3.546188 -3.5042146 -3.4468652 -3.3911162 -3.3852637 -3.3800329 -3.3689783 -3.3031577 -3.1626991 -2.8896632 -2.599008 -2.2303041 -1.9210169 -1.7103289 -1.6802256 -1.7556316 -1.9835008 -2.2336376 -2.4443256 -2.5354665 -2.4652372 -2.1554801 -1.7463882 -1.166648 -0.62826256 -0.17177203 0.1272196 0.34237136 0.37303413 0.39959476 0.41715209 0.50782942
-2.646913 -2.5293796 -2.4519973 -2.3785598 -2.4047418 -2.4665605 -2.6288888 -2.8368167 -3.0364143 -3.1710581 -3.271316 -3.2007001 -3.087508 -2.8089916 -2.5495693 -2.2621493 -2.1141513 -2.0312417 -2.1550123 -2.3332326 -2.6455105 -2.9515887 -3.2003175 -3.3789541 -3.4503363 -3.4436058 -3.3717508 -3.3063089 -3.2387828 -3.2411276 -3.2409459 -3.2567029 -3.2129168 -3.1097136 -2.8566761 -2.599008 -2.2575288 -1.9673792 -1.7790678 -1.7516342 -1.8218635 -2.0234396 -2.2535072 -2.4257822 -2.4944014 -2.3597952 -2.0337588 -1.600678 -1.0209379 -0.48255242 -0.049355629 0.23302997 0.40860325 0.40689649 0.41946432 0.3859567 0.4513007
-2.5595145 -2.5051577 -2.4547654 -2.4826938 -2.5280244 -2.6762848 -2.8457728 -3.0494117 -3.2703075 -3.3450146 -3.4172173 -3.2738015 -3.1153976 -2.7951148 -2.4990649 -2.2095841 -2.0648148 -1.9859301 -2.1161137 -2.3078518 -2.6151627 -2.9134301 -3.1385711 -3.2965248 -3.3470674 -3.2936488 -3.2168595 -3.131548 -3.0647896 -3.0728075 -3.1115346 -3.1507319 -3.142205 -3.0626472 -2.9015312 -2.6475271 -2.3801447 -2.0975126 -1.9279729 -1.9165472 -1.9867765 -2.1524686 -2.3559523 -2.4667822 -2.5118869 -2.3461266 -1.958988 -1.5222505 -0.93353933 -0.40358856 0.022152326 0.26606559 0.43895107 0.41481678 0.39478874 0.3504858 0.37256954
-2.5082916 -2.4666143 -2.4555596 -2.5069982 -2.6064897 -2.7655964 -2.9698159 -3.1662088 -3.3817738 -3.4366284 -3.4639183 -3.3021571 -3.1109048 -2.7737391 -2.4759272 -2.18298 -2.0483583 -1.9875579 -2.1353169 -2.3293235 -2.621803 -2.8902055 -3.1002431 -3.2202856 -3.2378429 -3.1611271 -3.0505809 -2.9604844 -2.8793832 -2.902793 -2.9548245 -3.0211522 -3.0473209 -3.0180587 -2.8828904 -2.7110689 -2.4746085 -2.2626344 -2.1221758 -2.1140762 -2.1843055 -2.3381584 -2.496071 -2.5783041 -2.5531795 -2.348344 -1.9534446 -1.4793967 -0.88853832 -0.35695806 0.058565369 0.29804385 0.45020736 0.41784787 0.36930008 0.31077565 0.33507679
-2.5495561 -2.5163595 -2.5217915 -2.5672029 -2.652852 -2.7846584 -2.9433231 -3.0920103 -3.2559332 -3.2684379 -3.2718458 -3.1199903 -2.9354764 -2.6701657 -2.4068902 -2.2094727 -2.1009275 -2.0869058 -2.2346647 -2.4286713 -2.6718728 -2.9165914 -3.0437194 -3.1319682 -3.0788864 -2.9861391 -2.8518853 -2.7655152 -2.6873108 -2.7265932 -2.7961568 -2.9067029 -2.9577903 -2.9783196 -2.8854966 -2.7508081 -2.5635299 -2.3686055 -2.2554653 -2.248212 -2.3101461 -2.4367928 -2.5755493 -2.6048115 -2.5664259 -2.3323776 -1.9278662 -1.4462808 -0.86524948 -0.3370885 0.061355932 0.29533898 0.44358417 0.41122468 0.36267689 0.31523936 0.34169998
-2.5617228 -2.5670769 -2.5726042 -2.6247246 -2.6651594 -2.7656947 -2.8263994 -2.8318615 -2.962999 -2.9727495 -2.9273458 -2.7821563 -2.6651938 -2.439961 -2.3054554 -2.1789041 -2.1666159 -2.2204026 -2.3949835 -2.5715698 -2.8147714 -2.9605044 -3.0676685 -3.0294789 -2.9483278 -2.8315377 -2.6768387 -2.5842399 -2.5229041 -2.5726805 -2.6610626 -2.7771739 -2.8667278 -2.9064412 -2.8239822 -2.7339312 -2.5470351 -2.3881617 -2.2707046 -2.2566468 -2.2924207 -2.3884305 -2.5113102 -2.5398115 -2.4638594 -2.2396246 -1.8426705 -1.3944534 -0.84519875 -0.32790002 0.06311751 0.29098391 0.44131605 0.42202179 0.37739224 0.33490597 0.36574346
-2.6019909 -2.6063668 -2.6118941 -2.5965217 -2.5965217 -2.5717427 -2.5769791 -2.558963 -2.5644903 -2.5359989 -2.5217941 -2.4573955 -2.4234052 -2.3349683 -2.3059955 -2.2728316 -2.3308859 -2.4193229 -2.5757682 -2.7408769 -2.8736072 -2.9804127 -2.9969946 -2.9519572 -2.8290559 -2.6815582 -2.5212663 -2.4461078 -2.3891205 -2.4652022 -2.5575459 -2.6846739 -2.7703147 -2.8288391 -2.7638074 -2.6770884 -2.4916438 -2.3271323 -2.1983786 -2.1442283 -2.1676381 -2.2558935 -2.350405 -2.3755144 -2.3085952 -2.0979073 -1.7669472 -1.3338664 -0.80704288 -0.32391445 0.056494321 0.28915254 0.44131605 0.42948139 0.40118005 0.36606539 0.40520916
-2.5602446 -2.5719928 -2.572155 -2.5182718 -2.4375652 -2.33703 -2.2259501 -2.1284744 -2.0545048 -2.0172826 -1.9985622 -2.0561626 -2.0748016 -2.207457 -2.2587184 -2.4119186 -2.5074883 -2.6577576 -2.8035263 -2.9461958 -2.9959415 -3.0643132 -2.9924582 -2.9228487 -2.762824 -2.6181286 -2.4616576 -2.39807 -2.3493813 -2.4254631 -2.5158179 -2.6318913 -2.7084207 -2.7493609 -2.6660331 -2.5644942 -2.3538063 -2.1814222 -2.0046691 -1.9128496 -1.8960873 -1.9682747 -2.0523615 -2.099181 -2.0370445 -1.9120383 -1.6425019 -1.2676346 -0.79629483 -0.33053764 0.038746001 0.27778887 0.44131605 0.44413665 0.42104961 0.39134797 0.43170191
-2.4153621 -2.4670746 -2.4785248 -2.3849923 -2.2738334 -2.0610903 -1.8929466 -1.6842488 -1.5528489 -1.5157463 -1.5120326 -1.6584628 -1.7839891 -2.0302727 -2.2550656 -2.4881401 -2.7061485 -2.8921546 -3.0408317 -3.1647223 -3.165351 -3.1816221 -3.0824825 -2.9721981 -2.8061014 -2.6560211 -2.5027481 -2.4353262 -2.3938332 -2.4653388 -2.5153571 -2.6084472 -2.6609472 -2.6881358 -2.5784073 -2.4636543 -2.222503 -2.0212118 -1.8217205 -1.6723287 -1.6268504 -1.6707726 -1.7491386 -1.8237696 -1.8051006 -1.7243923 -1.5564212 -1.2271187 -0.8085205 -0.37336472 -0.0071483453 0.252737 0.42673487 0.45318945 0.43925718 0.40298108 0.4294417
-2.1775798 -2.2972614 -2.324898 -2.2592066 -2.1021147 -1.8681069 -1.5969535 -1.3305391 -1.1039196 -1.0643292 -1.0652718 -1.2485456 -1.4928266 -1.824465 -2.1942716 -2.5369646 -2.8492852 -3.1027038 -3.2560936 -3.3747109 -3.3636563 -3.3268577 -3.2107842 -3.0812173 -2.9114964 -2.7595667 -2.6166791 -2.5510246 -2.4899478 -2.5309149 -2.5627593 -2.629087 -2.6363696 -2.6363696 -2.5204327 -2.3818961 -2.130241 -1.8891324 -1.6608872 -1.5054374 -1.3983364 -1.4201243 -1.4734668 -1.5612534 -1.608419 -1.5791568 -1.4308741 -1.2153971 -0.82975692 -0.44046511 -0.077613666 0.18681516 0.39991411 0.4419389 0.44281253 0.39599298 0.41791012
-1.9630617 -2.1093033 -2.1977402 -2.1387337 -1.9764055 -1.7215276 -1.3916346 -1.0946999 -0.82574564 -0.78615524 -0.78709786 -1.0375595 -1.3206237 -1.7630331 -2.1784635 -2.6261754 -2.9631857 -3.2616603 -3.4123785 -3.5270443 -3.5048111 -3.4593214 -3.3528096 -3.2292782 -3.0770761 -2.9270646 -2.788882 -2.6994444 -2.6091652 -2.5976446 -2.6013947 -2.6124493 -2.6014224 -2.5767609 -2.4663743 -2.3355337 -2.0922079 -1.8559483 -1.6042933 -1.4320532 -1.2857422 -1.2866453 -1.3211334 -1.4225505 -1.481102 -1.5279216 -1.4139229 -1.2617594 -0.90767351 -0.53245068 -0.15204191 0.12761877 0.37342136 0.42849271 0.43589893 0.37152206 0.38421061
-1.8424022 -2.0382019 -2.1594576 -2.1141776 -1.9600649 -1.6792487 -1.3481854 -1.0255161 -0.73526541 -0.68413351 -0.69827861 -0.96533481 -1.2840205 -1.7508229 -2.2040621 -2.6541102 -3.0044021 -3.3015951 -3.450451 -3.5651167 -3.5515792 -3.5139003 -3.4271067 -3.3104697 -3.1656944 -3.0041906 -2.8611066 -2.7044009 -2.6095155 -2.5652959 -2.4801583 -2.4716957 -2.479901 -2.4599717 -2.4135236 -2.2868532 -2.1019398 -1.8582309 -1.6140539 -1.4086302 -1.2540828 -1.2168989 -1.2413198 -1.3424563 -1.425218 -1.4892667 -1.4523076 -1.3081217 -0.97784018 -0.61006663 -0.22149189 0.10401658 0.35645034 0.41628256 0.42368878 0.34902217 0.34184371
-1.7387522 -1.9915466 -2.1518385 -2.1474943 -2.0113481 -1.7432098 -1.4080805 -1.0827553 -0.76217146 -0.69987469 -0.69563047 -0.95545127 -1.2535861 -1.7272416 -2.1691646 -2.6224038 -2.9554657 -3.248413 -3.3962755 -3.5021661 -3.493955 -3.472858 -3.396577 -3.2967243 -3.1621181 -2.9957822 -2.829963 -2.6497011 -2.4922454 -2.3751965 -2.2811614 -2.2535248 -2.266474 -2.2723265 -2.2656385 -2.2158055 -2.0722535 -1.8818597 -1.647762 -1.446787 -1.2595088 -1.2031602 -1.1847767 -1.2796204 -1.3723372 -1.4542714 -1.4291756 -1.3355366 -1.0193381 -0.66512725 -0.26716115 0.058347326 0.34511702 0.40987262 0.413579 0.32579236 0.31564806
-1.7890431 -2.0621939 -2.2722316 -2.2883059 -2.1940508 -1.9340358 -1.6138724 -1.285741 -0.96086711 -0.87540572 -0.85174848 -1.0612043 -1.3316451 -1.7240839 -2.1257115 -2.4905137 -2.7875875 -3.014236 -3.14342 -3.2254115 -3.2254115 -3.2102959 -3.1494955 -3.055451 -2.9208448 -2.7384252 -2.5390158 -2.315174 -2.1090466 -1.9534739 -1.842172 -1.8255901 -1.8665346 -1.9529942 -2.018861 -2.0596875 -2.0070155 -1.870877 -1.6777464 -1.4738631 -1.2666051 -1.1786451 -1.1280065 -1.1982359 -1.2817605 -1.3753996 -1.3659978 -1.3000552 -1.002014 -0.65803098 -0.26006488 0.065443599 0.35221329 0.42134932 0.4261566 0.32081263 0.31073287
-1.9334856 -2.2157666 -2.4227435 -2.4578406 -2.3679442 -2.1336578 -1.8210639 -1.5050298 -1.1809348 -1.0688043 -1.0225945 -1.1560273 -1.3765878 -1.6708505 -1.9832752 -2.2676493 -2.465446 -2.6465463 -2.7542911 -2.7618172 -2.7356377 -2.7233637 -2.6625633 -2.568185 -2.4275809 -2.2262582 -2.0141653 -1.766138 -1.5366218 -1.3742868 -1.2904209 -1.3137319 -1.4280365 -1.5676933 -1.7636297 -1.8569404 -1.9015983 -1.8038216 -1.6318934 -1.4295504 -1.212011 -1.0718449 -1.0015276 -1.0385506 -1.1178128 -1.2114518 -1.2258287 -1.1753082 -0.91545344 -0.57715365 -0.19873685 0.1069112 0.39071381 0.43866143 0.4406271 0.3290658 0.3292652
