mean_models/J1_mean_vp_slide_diff_15.dat.tif
NCOLS 118
NROWS 92
XLLCORNER 139.62
YLLCORNER -39.07
DX 0.099491525
DY 0.099347826
NODATA_VALUE -9999
[rows 0 to 26 of 92, columns 0 to 59 of 118]
-9999 -9999 -9999 -9999 -9999 -9999 -9999 -9999 -9999 -9999 -9999 -9999 -9999 -9999 -9999 -9999 -9999 -9999 -9999 -9999 -9999 -9999 -9999 -9999 -9999 -9999 -9999 -9999 -9999 -9999 -9999 -9999 -9999 -9999 -9999 -9999 -9999 -9999 -9999 -9999 -9999 -9999 -9999 -9999 -9999 -9999 -9999 -9999 -9999 -9999 -9999 -9999 -9999 -9999 -9999 -9999 -9999 -9999 -9999 -9999
-9999 6.197294 6.187917 6.17854 6.169163 6.159786 6.1508544 6.1438473 6.1362539 6.1273457 6.1184374 6.1095292 6.100621 6.0924207 6.0919645 6.0987616 6.1055587 6.1123558 6.1191529 6.1253888 6.13033 6.1352713 6.1402125 6.1451538 6.1488207 6.1456969 6.1448024 6.142876 6.1409496 6.1390232 6.1370967 6.1384824 6.1462527 6.154023 6.1617933 6.1695635 6.1792879 6.1948547 6.208512 6.2203218 6.2321316 6.2439414 6.2557512 6.2706259 6.2846727 6.2977515 6.3108302 6.323909 6.3369878 6.3410678 6.3537788 6.3664897 6.3792006 6.3919116 6.3996488 6.3906337 6.3822899 6.3739461 6.3656023 6.3572585
-9999 6.2077108 6.1983338 6.1889568 6.1795798 6.1709946 6.1629053 6.1558982 6.1501401 6.1433941 6.1344858 6.1255776 6.1166694 6.1084691 6.1016866 6.09786 6.1046571 6.1114542 6.1182513 6.1244872 6.1294285 6.1343697 6.1393109 6.1407008 6.1364676 6.1333438 6.1331936 6.132703 6.1307766 6.1288502 6.1269237 6.1283094 6.1360797 6.14385 6.1516202 6.1630267 6.1781946 6.1937615 6.2098992 6.2244505 6.2362603 6.2480701 6.25988 6.2747546 6.2918326 6.3066224 6.3197012 6.3327799 6.3458587 6.3494744 6.3514547 6.3628596 6.3755705 6.3882814 6.3960187 6.3865279 6.3773235 6.3689797 6.360636 6.3522922
-9999 6.2181277 6.2087507 6.1993737 6.1911348 6.1830455 6.1749562 6.1679491 6.1621909 6.1564328 6.1505342 6.141626 6.1327178 6.1245175 6.117735 6.1109525 6.10417 6.1105526 6.1173497 6.1235856 6.1285269 6.1334681 6.1325809 6.1283477 6.1241145 6.1209907 6.1208405 6.1206902 6.12054 6.1186771 6.1167507 6.1181364 6.1259067 6.1336769 6.1467656 6.1619335 6.1771014 6.1926683 6.208806 6.2249437 6.2403891 6.2521989 6.2640087 6.2788834 6.2959614 6.3130393 6.3285721 6.3416509 6.3547297 6.3583454 6.3603256 6.3623058 6.3719404 6.3846513 6.3923886 6.3828978 6.373407 6.3640134 6.3556696 6.3473258
-9999 6.2285445 6.2193643 6.211275 6.2031857 6.1950964 6.1870071 6.18 6.1742418 6.1684837 6.1627256 6.1569675 6.1487662 6.1405659 6.1337834 6.1270009 6.1202184 6.1134359 6.1164481 6.122684 6.1276253 6.124461 6.1202278 6.1159946 6.1117615 6.1086377 6.1084874 6.1083372 6.1081869 6.1080367 6.1065777 6.1079634 6.1157337 6.1305044 6.1456723 6.1608402 6.1760081 6.191575 6.2077127 6.2238504 6.2399881 6.2561258 6.2681374 6.2830121 6.3000901 6.3171681 6.3342461 6.3505218 6.3636006 6.3672163 6.3691965 6.3711768 6.373157 6.3810212 6.3887585 6.3792677 6.3697769 6.3602861 6.3507953 6.3423595
-9999 6.2395045 6.2314152 6.2233259 6.2152366 6.2071473 6.199058 6.1920508 6.1862927 6.1805346 6.1747765 6.1690184 6.1632603 6.1566143 6.1498318 6.1430493 6.1362668 6.1294843 6.1227018 6.1205744 6.1163412 6.112108 6.1078748 6.1036416 6.0994084 6.0962846 6.0961343 6.0959841 6.0958339 6.0956836 6.0955334 6.0990754 6.1142433 6.1294112 6.1445791 6.159747 6.1749149 6.1904818 6.2066195 6.2227572 6.2388949 6.2550326 6.2711703 6.2871408 6.3042188 6.3212968 6.3383748 6.3554528 6.3724715 6.3760872 6.3780675 6.3800477 6.3820279 6.3840082 6.3851283 6.3756376 6.3661468 6.356656 6.3471652 6.3376744
-9999 6.2508348 6.2427455 6.2346562 6.2265669 6.2184776 6.2123746 6.207193 6.2014348 6.1956767 6.1899186 6.1841605 6.1772766 6.168489 6.1593413 6.1525588 6.1457763 6.1389938 6.1322112 6.1261996 6.1219664 6.1177332 6.1135 6.1092668 6.1018491 6.0929562 6.0941869 6.0940367 6.0938864 6.0937362 6.0935859 6.0986678 6.1138358 6.1290037 6.1441716 6.1593395 6.1768642 6.195242 6.2113797 6.2275174 6.2436551 6.2597928 6.2765909 6.2949973 6.3131063 6.3301843 6.3472623 6.3643402 6.3814182 6.3856232 6.3876035 6.3895837 6.391564 6.3926384 6.3892495 6.3797587 6.3702679 6.3607771 6.3512863 6.3404692
-9999 6.262051 6.2539617 6.2458724 6.2377831 6.2326886 6.2280064 6.2228248 6.2170667 6.2113086 6.2055505 6.1979291 6.1896793 6.1808916 6.1710268 6.1611621 6.1542498 6.1474673 6.1406848 6.1346731 6.1304399 6.1262067 6.1219735 6.1122047 6.099414 6.0905211 6.092075 6.0936289 6.0935875 6.0934373 6.093287 6.098369 6.1135369 6.1287048 6.1438727 6.162608 6.1825517 6.2009295 6.2170672 6.2332049 6.2493426 6.2663783 6.2835391 6.3019455 6.3212474 6.3398257 6.3569036 6.3739816 6.3910596 6.3952646 6.3972449 6.3992251 6.3996149 6.3979876 6.3945986 6.3851078 6.375617 6.3661263 6.3549047 6.343283
-9999 6.2732672 6.2651778 6.2576847 6.2530026 6.2483204 6.2436383 6.2384567 6.2326985 6.2268313 6.2185815 6.2103317 6.2020819 6.1932942 6.1834295 6.1735647 6.1637 6.1559408 6.1491583 6.1431467 6.1389135 6.1346803 6.1225602 6.1097696 6.0969789 6.088086 6.0896399 6.0911939 6.0927478 6.0931384 6.0929881 6.0980701 6.113238 6.1284083 6.1483519 6.1682956 6.1882393 6.2066171 6.2227548 6.2390051 6.2561658 6.2733266 6.2904873 6.3088937 6.3281956 6.3474975 6.366545 6.383623 6.400701 6.404906 6.4068863 6.4065915 6.4049641 6.4033367 6.3999477 6.390457 6.3809619 6.3693403 6.3577186 6.3460969
-9999 6.2844833 6.2779987 6.2733166 6.2686344 6.2639523 6.2592701 6.2540885 6.2474837 6.2392339 6.2309841 6.2227343 6.2144845 6.2056968 6.1958321 6.1859673 6.1761026 6.1662378 6.1576318 6.1516202 6.1457064 6.1329158 6.1201251 6.1073345 6.0945439 6.0856509 6.0872049 6.0887588 6.0903127 6.0918666 6.0926892 6.0977712 6.1141522 6.1340958 6.1540395 6.1739832 6.1939268 6.2123047 6.2287925 6.2459533 6.263114 6.2802748 6.2974355 6.3158419 6.3351438 6.3544457 6.3737475 6.3930494 6.4103424 6.4145474 6.413568 6.4119406 6.4103132 6.4086858 6.4052969 6.3953975 6.3837758 6.3721541 6.3605324 6.3489108
-9999 6.2974366 6.2927544 6.2880723 6.2833902 6.278708 6.2740259 6.2671095 6.2588597 6.2506099 6.2423601 6.2341103 6.2258605 6.2171556 6.2072908 6.1974261 6.1875613 6.1776966 6.1678318 6.1570823 6.1442917 6.1315011 6.1187104 6.1059198 6.0931292 6.0846157 6.0861696 6.0877236 6.0892775 6.0908314 6.0923853 6.1002206 6.1201643 6.1401079 6.1600516 6.1799953 6.1999389 6.2181236 6.2352844 6.2524451 6.2696059 6.2867666 6.3039274 6.320386 6.3396879 6.3589898 6.3782916 6.3975935 6.4168954 6.4183521 6.4167247 6.4150973 6.4134699 6.4118425 6.4097959 6.3981742 6.3865525 6.3749309 6.3633092 6.3516875
-9999 6.3064505 6.3017684 6.2970862 6.2924041 6.287722 6.2799388 6.2717569 6.2635071 6.2552573 6.2470075 6.2387577 6.2325121 6.2247459 6.212736 6.2026988 6.192834 6.1829693 6.1731045 6.162355 6.1495644 6.1367737 6.1239831 6.1111925 6.0998459 6.09254 6.094286 6.0958626 6.0974166 6.0989705 6.1005244 6.1083597 6.1283033 6.148247 6.1681907 6.1881343 6.2050501 6.2216246 6.2387854 6.2559461 6.2731069 6.2902676 6.3050928 6.3167088 6.3284761 6.347778 6.3670798 6.3863817 6.4056836 6.4071403 6.4055129 6.4038855 6.4022581 6.4070401 6.4123293 6.4007076 6.3890859 6.3774642 6.3658426 6.3438751
-9999 6.3154645 6.3107823 6.3061002 6.3008324 6.2927093 6.2845862 6.2764043 6.2681545 6.2599047 6.2517565 6.2461095 6.2404624 6.2326962 6.2206863 6.2086763 6.1981067 6.1882419 6.1783772 6.1676277 6.1548371 6.1420464 6.1292558 6.1184323 6.1077492 6.1004434 6.1021893 6.1039353 6.1055556 6.1071096 6.1086635 6.1164987 6.1364424 6.1563861 6.1762213 6.1923862 6.208551 6.2251256 6.2422863 6.2594471 6.2762268 6.2909241 6.3056214 6.3172374 6.3266383 6.3365661 6.355868 6.3751699 6.3944718 6.3959285 6.3943011 6.3926737 6.3994022 6.4095735 6.4148626 6.403241 6.3916193 6.3790973 6.356164 6.3332306
-9999 6.3244784 6.3197963 6.3136028 6.3054798 6.2973567 6.2892336 6.2810517 6.2728019 6.2653539 6.2597068 6.2540598 6.2484127 6.2406465 6.2286366 6.2166266 6.2046167 6.1935146 6.1836499 6.1729004 6.1601097 6.1477017 6.1370187 6.1263356 6.1156525 6.1083467 6.1100927 6.1118387 6.1135847 6.1152486 6.1168026 6.1246378 6.1445815 6.1635575 6.1797223 6.1958872 6.212052 6.2286266 6.2457873 6.2620581 6.2767554 6.2914527 6.30615 6.317766 6.3271669 6.3365678 6.3459687 6.3639581 6.38326 6.3847167 6.3830893 6.3917644 6.4019356 6.4121068 6.417396 6.4057743 6.3913861 6.3684528 6.3455195 6.3225861
-9999 6.3334924 6.3263733 6.3182502 6.3101272 6.3020041 6.293881 6.2856991 6.2789512 6.2733042 6.2676571 6.2620101 6.256363 6.2485968 6.2365869 6.2245769 6.212567 6.200557 6.1889225 6.178173 6.1662881 6.1556051 6.144922 6.1342389 6.1235558 6.11625 6.117996 6.119742 6.121488 6.123234 6.1249416 6.1327769 6.1508936 6.1670584 6.1832233 6.1993881 6.215553 6.2321276 6.2478894 6.2625867 6.277284 6.2919813 6.3066786 6.3182946 6.3276955 6.3370964 6.3464973 6.3558982 6.3720481 6.3739553 6.3841265 6.3942977 6.404469 6.4146402 6.4199294 6.403675 6.3807416 6.3578083 6.334875 6.3119416
-9999 6.335392 6.3272689 6.3191458 6.3110228 6.3028997 6.2947766 6.2927307 6.2870837 6.2814366 6.2757896 6.2701426 6.2644955 6.2576273 6.2457535 6.2337435 6.2217336 6.2097236 6.1977136 6.1861049 6.1754219 6.1647388 6.1540557 6.1433727 6.1326896 6.1232285 6.1255966 6.1273426 6.1290886 6.1308345 6.1325805 6.1392515 6.1554164 6.1715812 6.1877461 6.2039109 6.2200758 6.2284733 6.2431706 6.2578679 6.2725652 6.2872625 6.3019598 6.315701 6.3251019 6.3345028 6.3439037 6.3533046 6.3627055 6.3727841 6.3829553 6.3931265 6.4032978 6.413469 6.4186822 6.3972186 6.3742853 6.3513519 6.3284186 6.3054853
-9999 6.3275697 6.3194466 6.3113236 6.3032005 6.2966248 6.2988071 6.2984374 6.2951224 6.2899924 6.2843453 6.2786983 6.2730513 6.266183 6.2568693 6.2457363 6.2337263 6.2217164 6.2097064 6.1980977 6.1874146 6.1767316 6.1660485 6.1553654 6.1355691 6.1227299 6.1303759 6.1342396 6.1359856 6.1377316 6.1394776 6.1461486 6.1623134 6.1784783 6.1946431 6.2106596 6.2232981 6.2303103 6.2292733 6.2409559 6.2556532 6.2703505 6.2850478 6.3000571 6.3152534 6.3246543 6.3340552 6.3434561 6.352857 6.3629644 6.3731761 6.3833473 6.3935186 6.4036898 6.408903 6.3969419 6.3775606 6.3546272 6.3316939 6.3087606
-9999 6.3197475 6.3116244 6.3035013 6.299976 6.3021583 6.3043406 6.3039709 6.3006559 6.2973408 6.2929011 6.2872541 6.281607 6.2747388 6.265425 6.2561113 6.2457191 6.2337091 6.2216992 6.2100905 6.1994074 6.1887243 6.1760347 6.1555526 6.1350704 6.1222313 6.1298773 6.1375233 6.1428827 6.1446287 6.1463747 6.1530457 6.1692105 6.1853754 6.2004979 6.2131363 6.2257748 6.232787 6.2317501 6.2307131 6.2387413 6.2534386 6.2681359 6.2831451 6.2983787 6.3136122 6.3242066 6.3336075 6.3430084 6.3531158 6.3633453 6.3735681 6.3837394 6.3939106 6.3991238 6.3871627 6.3752017 6.3579026 6.3349692 6.3120359
-9999 6.3119252 6.3038021 6.3033272 6.3055095 6.3076918 6.3098741 6.3095044 6.3061893 6.3028743 6.2995593 6.2958098 6.2901628 6.2832945 6.2739808 6.2646671 6.2553533 6.2457019 6.2336919 6.2220832 6.2114001 6.1960182 6.1755361 6.1550539 6.1345718 6.1217326 6.1293786 6.1370246 6.1446706 6.1515257 6.1532717 6.1599427 6.1761076 6.1903361 6.2029746 6.2156131 6.2282515 6.2352637 6.2342268 6.2331898 6.2321529 6.2365266 6.2512239 6.2662332 6.2814667 6.2967003 6.3119338 6.323759 6.3331599 6.3432673 6.3534968 6.3637263 6.3739558 6.3841314 6.3893445 6.3773835 6.3654225 6.3534615 6.3382445 6.3153112
-9999 6.3044961 6.3066784 6.3088606 6.3110429 6.3132252 6.3154075 6.3150378 6.3117228 6.3084078 6.3050927 6.3017777 6.2984627 6.2918503 6.2825365 6.2732228 6.2639091 6.2545953 6.2452816 6.234076 6.2160018 6.1955196 6.1750374 6.1545553 6.1340731 6.121234 6.12888 6.136526 6.144172 6.151818 6.159464 6.1668398 6.1801744 6.1928129 6.2054513 6.2180898 6.2307282 6.2377405 6.2367035 6.2356666 6.2346296 6.2335927 6.2343119 6.2493212 6.2645548 6.2797883 6.2950219 6.3102554 6.3233113 6.3334187 6.3436483 6.3538778 6.3641073 6.3743368 6.3795653 6.3676043 6.3556433 6.3436823 6.3317213 6.3185865
-9999 6.3020589 6.3042411 6.3064234 6.3086057 6.310788 6.3117761 6.3082543 6.3049393 6.3016242 6.2983092 6.2949942 6.2915709 6.2890201 6.2841583 6.2748446 6.2655309 6.2562171 6.2469034 6.2342125 6.2137303 6.1932482 6.172766 6.1522839 6.1318017 6.1296084 6.1393045 6.1469505 6.1545965 6.1622425 6.1698885 6.1792398 6.1918783 6.2045167 6.2171552 6.2297937 6.2415923 6.2446797 6.2436427 6.2426058 6.2415688 6.2405319 6.2395727 6.2395704 6.2532097 6.2684433 6.2836768 6.2989103 6.3141439 6.3251108 6.3353403 6.3455698 6.3557993 6.3660288 6.3644909 6.3525299 6.3405689 6.3286079 6.3166469 6.3067387
-9999 6.2936092 6.2957915 6.2979738 6.3001561 6.2994028 6.2957017 6.2921798 6.2888648 6.2855498 6.2822347 6.2783654 6.2735431 6.2709922 6.2729899 6.2712359 6.2619222 6.2526085 6.2432947 6.2306038 6.2101217 6.1896395 6.1691574 6.1522036 6.144641 6.1424688 6.1547447 6.1656146 6.1732606 6.1809066 6.1885526 6.1979039 6.2105423 6.2231808 6.2358193 6.2459275 6.2518976 6.254985 6.253948 6.2529111 6.2518742 6.2509785 6.2502152 6.2502128 6.2507576 6.2612974 6.2765309 6.2917645 6.306998 6.3179649 6.3281944 6.338424 6.3477317 6.3479401 6.3454223 6.3334613 6.3215003 6.3095392 6.301055 6.2965972
-9999 6.2851596 6.2873419 6.2895242 6.2870294 6.2833283 6.2796272 6.2761053 6.2727903 6.2694753 6.2651598 6.2603375 6.2555153 6.2529644 6.254962 6.2569596 6.2583136 6.2489998 6.2396861 6.2269952 6.206513 6.1860309 6.1726268 6.1650641 6.1575014 6.1553293 6.1676052 6.1798811 6.1919247 6.1995707 6.2072167 6.216568 6.2292064 6.2418449 6.2502626 6.2562328 6.262203 6.2652903 6.2642534 6.2632164 6.2623843 6.261621 6.2608577 6.2608553 6.2614001 6.2619448 6.2693851 6.2846186 6.2998522 6.3108191 6.3210486 6.3284546 6.328663 6.3288714 6.3263536 6.3143926 6.3024316 6.2953712 6.2909135 6.2864557
-9999 6.2767099 6.278357 6.274656 6.2709549 6.2672538 6.2635527 6.2600308 6.2567158 6.2519542 6.2471319 6.2423097 6.2374875 6.2349366 6.2369342 6.2389318 6.2409294 6.2429271 6.2360774 6.2233865 6.2029044 6.19305 6.1854873 6.1779246 6.1703619 6.1681898 6.1804657 6.1927416 6.2050175 6.2172934 6.2258808 6.235232 6.2478705 6.2545978 6.260568 6.2665381 6.2725083 6.2755956 6.2745587 6.2737901 6.2730268 6.2722635 6.2715001 6.2714978 6.2720426 6.2725873 6.2731321 6.2774728 6.2927063 6.3036732 6.3091776 6.309386 6.3095944 6.3098028 6.307285 6.295324 6.2896875 6.2852297 6.2807719 6.2763142
-9999 6.2659837 6.2622826 6.2585815 6.2548804 6.2511793 6.2474782 6.2435708 6.2387486 6.2339264 6.2291041 6.2242819 6.2194596 6.2169087 6.2189064 6.220904 6.2229016 6.2248992 6.2268969 6.2210358 6.2134731 6.2059104 6.1983477 6.1907851 6.1832224 6.1810502 6.1933262 6.2056021 6.217878 6.2301539 6.2424298 6.2529628 6.258933 6.2649031 6.2708733 6.2768435 6.2828136 6.2859593 6.285196 6.2844326 6.2836693 6.2829059 6.2821426 6.2821403 6.282685 6.2832298 6.2837746 6.2843193 6.2855605 6.2899005 6.2901089 6.2903173 6.2905257 6.2907341 6.2884614 6.2840037 6.2795459 6.2750882 6.2706304 6.2661727
-9999 6.2571788 6.2534777 6.2497767 6.2460756 6.2423745 6.2419037 6.245289 6.246469 6.2416468 6.2368245 6.2320023 6.2271801 6.2215729 6.2168101 6.2188077 6.2208054 6.222803 6.2248006 6.2239073 6.2163447 6.208782 6.2012193 6.1936566 6.1927357 6.2005048 6.2006502 6.2129261 6.225202 6.2374779 6.2497538 6.2598759 6.265846 6.2718162 6.2777864 6.2837565 6.2921643 6.2954431 6.2901124 6.289349 6.2885857 6.2878224 6.287059 6.2868277 6.2872015 6.2877462 6.288291 6.2888357 6.2893805 6.2918463 6.2924322 6.2926406 6.292849 6.2930574 6.2926356 6.2896128 6.2851551 6.2806973 6.2762396 6.2717818
-9999 6.2497673 6.2460662 6.2423651 6.238664 6.2399261 6.2420794 6.2454646 6.2502717 6.254302 6.2494798 6.2446575 6.2398353 6.2342281 6.2270489 6.2198698 6.2217625 6.2237601 6.2257577 6.2248645 6.2173018 6.2097391 6.2021764 6.2065998 6.2184885 6.2262577 6.2229852 6.2197128 6.2314649 6.2437408 6.2560167 6.2661388 6.272109 6.2780791 6.2840493 6.2937908 6.3050223 6.308301 6.3002024 6.293168 6.2924047 6.2916413 6.290878 6.2906467 6.2907978 6.2910885 6.2916333 6.292178 6.2927228 6.2951886 6.2979865 6.2990638 6.2992721 6.2994805 6.2990588 6.296454 6.2937829 6.2893251 6.2848674 6.2804096
