mean_models/J1_mean_tot_conduct_slide_195.49.dat.tif
NCOLS 118
NROWS 92
XLLCORNER 139.62
YLLCORNER -39.07
DX 0.099491525
DY 0.099347826
NODATA_VALUE -9999
[rows 25 to 49 of 92, columns 58 to 115 of 118]
-1.7848713 -1.7597878 -1.7539601 -1.7623401 -1.7835845 -1.8206155 -1.8643126 -1.9177426 -1.9625945 -2.0132834 -2.0411673 -2.0701065 -2.0773205 -2.0762518 -2.0596699 -2.0326501 -1.9994863 -1.9481868 -1.9035186 -1.8633158 -1.8069787 -1.7611249 -1.7323329 -1.7439554 -1.7874732 -1.8333143 -1.9203576 -2.0003162 -2.1012546 -2.1966191 -2.2808696 -2.3009319 -2.2907426 -2.3009597 -2.3310169 -2.338502 -2.401164 -2.5562375 -2.6080421 -2.6047894 -2.5848082 -2.5653241 -2.4214034 -2.3319617 -2.3011193 -2.2601522 -2.237605 -2.1872504 -2.1432555 -2.137894 -2.1531483 -2.1587364 -2.1678521 -2.1654562 -2.1890578 -2.214656 -2.2294541 -9999
-1.8118473 -1.7842107 -1.7731178 -1.7783541 -1.7979527 -1.8241347 -1.8612836 -1.9055021 -1.9482061 -1.9895823 -2.0157643 -2.0368266 -2.0423539 -2.0381825 -2.0216006 -1.9900373 -1.9568735 -1.9146419 -1.8753341 -1.8439094 -1.8029866 -1.7634981 -1.7545195 -1.7837817 -1.8399107 -1.9062384 -2.0073436 -2.1020542 -2.2073982 -2.2785307 -2.355913 -2.435113 -2.3941459 -2.3968257 -2.4075507 -2.4120632 -2.4648996 -2.6170632 -2.611317 -2.5996121 -2.5679029 -2.5251971 -2.3635076 -2.2578446 -2.2168775 -2.1683379 -2.1273708 -2.1036481 -2.0718261 -2.0718261 -2.1113122 -2.134722 -2.1720165 -2.1900855 -2.2193477 -2.2540328 -2.2774426 -9999
-1.830995 -1.7978311 -1.7831576 -1.7783541 -1.7979527 -1.8241347 -1.8557345 -1.8922557 -1.9311305 -1.9697127 -1.9958947 -2.016957 -2.0224843 -2.0183129 -2.001731 -1.9642734 -1.9171344 -1.8829175 -1.8554645 -1.8444099 -1.816233 -1.7664872 -1.7560867 -1.7970281 -1.8554232 -1.926108 -2.0504582 -2.1682861 -2.2386383 -2.2881115 -2.3212754 -2.4697731 -2.6458271 -2.6485068 -2.6592319 -2.6592319 -2.7093611 -2.6566891 -2.6183541 -2.5929889 -2.5369141 -2.4722116 -2.2322615 -2.0973044 -2.0329276 -1.98044 -1.9352984 -1.9882075 -1.9940723 -2.0350394 -2.0988879 -2.1612147 -2.268091 -2.3230333 -2.3815577 -2.4217621 -2.4496455 -9999
-1.8455086 -1.8123447 -1.7926911 -1.7861092 -1.7952349 -1.8196714 -1.8512711 -1.884435 -1.9140159 -1.9507358 -1.9769178 -1.9993502 -2.0079707 -2.0110734 -2.0006074 -1.9735876 -1.9267939 -1.8951838 -1.8858901 -1.8968461 -1.8779807 -1.828235 -1.8210042 -1.8684669 -1.9267803 -1.9979526 -2.1051417 -2.232935 -2.2879613 -2.312698 -2.3383899 -2.4751945 -2.6929928 -2.7282016 -2.7385777 -2.73 -2.7130857 -2.6582186 -2.5996942 -2.5660367 -2.4681021 -2.3892567 -2.1414866 -1.9692832 -1.8920364 -1.8340653 -1.787746 -1.8493972 -1.8999577 -1.9651691 -2.0799149 -2.1611947 -2.2844669 -2.3785179 -2.4370423 -2.4772467 -2.5065089 -9999
-1.8565819 -1.8234181 -1.8030919 -1.7926191 -1.8000991 -1.8158083 -1.8443894 -1.8775532 -1.9060459 -1.9341258 -1.9603078 -1.9840852 -1.9951398 -2.0033628 -2.0033628 -1.9838322 -1.9506683 -1.940174 -1.9384991 -1.9575264 -1.9593734 -1.9096276 -1.9023968 -1.9609212 -2.0227653 -2.089093 -2.1907397 -2.2959546 -2.3252168 -2.3465906 -2.3631726 -2.4924771 -2.71487 -2.7506726 -2.7501491 -2.7379462 -2.7112064 -2.652682 -2.587432 -2.5289076 -2.4173156 -2.2923212 -2.0404277 -1.8497448 -1.7561057 -1.6994797 -1.6585126 -1.7281741 -1.8077768 -1.9072683 -2.032775 -2.1556763 -2.2871656 -2.3936266 -2.452151 -2.4889926 -2.5182548 -9999
-1.8612274 -1.8234181 -1.8006467 -1.7864099 -1.7938898 -1.809599 -1.8345636 -1.8651347 -1.8982986 -1.9280691 -1.9594875 -1.9854802 -2.0075583 -2.0210376 -2.034409 -2.0204918 -1.994133 -1.9907171 -2.01301 -2.0517011 -2.0578347 -1.9970343 -1.9893262 -2.0478506 -2.1003705 -2.1573946 -2.238228 -2.33321 -2.353118 -2.3626181 -2.3693818 -2.4986864 -2.7210792 -2.7568818 -2.7563584 -2.738801 -2.7112064 -2.6434548 -2.55172 -2.4668152 -2.3163186 -2.1743456 -1.9109857 -1.7193507 -1.6207192 -1.5727481 -1.5405371 -1.6476463 -1.7332659 -1.8763437 -2.0361343 -2.1805132 -2.3223842 -2.430882 -2.4800197 -2.5048552 -2.524464 -9999
-1.8621092 -1.8223573 -1.7973496 -1.7816405 -1.7775832 -1.7932924 -1.818257 -1.8458935 -1.8821708 -1.9051578 -1.9069128 -1.9360237 -1.9581329 -1.9802422 -1.9976965 -2.0690539 -2.0469446 -2.0611066 -2.0934132 -2.1385761 -2.1873096 -2.1854039 -2.1783536 -2.239875 -2.292395 -2.3421408 -2.3450645 -2.4233039 -2.4350088 -2.4425362 -2.4467391 -2.4524445 -2.6714438 -2.7039493 -2.7034258 -2.6858685 -2.6513969 -2.5688207 -2.4498676 -2.3445236 -2.1862235 -2.0206134 -1.7792035 -1.5790739 -1.482398 -1.4645823 -1.4411726 -1.5884004 -1.7148255 -1.8770548 -2.0564536 -2.220322 -2.3447483 -2.4555643 -2.4990578 -2.5140309 -2.5257358 -9999
-1.8621092 -1.8178908 -1.7907265 -1.7750173 -1.7700797 -1.7700797 -1.7917642 -1.8194008 -1.8577247 -1.8852882 -1.8538698 -1.8366759 -1.8587851 -1.8808943 -1.9030036 -1.9807016 -2.0912478 -2.1407011 -2.1795146 -2.2292604 -2.2866575 -2.3750944 -2.4565275 -2.5326093 -2.5904385 -2.6401842 -2.6077313 -2.5690141 -2.580719 -2.5882464 -2.5882464 -2.5915315 -2.5973839 -2.5966379 -2.5908316 -2.5732743 -2.5172069 -2.3767483 -2.2577951 -2.1524512 -1.9924528 -1.8219177 -1.6053773 -1.4377208 -1.3499342 -1.3374466 -1.3608564 -1.5416239 -1.7310572 -1.9300403 -2.1099555 -2.2796764 -2.3889595 -2.4697956 -2.4990578 -2.513664 -2.5195165 -9999
-1.8621092 -1.8178908 -1.7906467 -1.7749376 -1.77 -1.77 -1.8000235 -1.8313509 -1.8750186 -1.9042778 -1.8780958 -1.8627584 -1.8943965 -1.9189304 -1.9447495 -2.0364444 -2.1576114 -2.2098853 -2.2542262 -2.3094993 -2.3664859 -2.4499041 -2.5242971 -2.5850332 -2.6279791 -2.6683092 -2.6261859 -2.5830367 -2.59 -2.5919727 -2.5961345 -2.5961345 -2.5990578 -2.5953625 -2.5893021 -2.5658923 -2.5087608 -2.3528369 -2.2033055 -2.08266 -1.8926899 -1.7168998 -1.5171029 -1.3502435 -1.2836827 -1.3123467 -1.3531277 -1.5947553 -1.7869055 -2.0022711 -2.1750876 -2.3355247 -2.4214341 -2.5004682 -2.5178922 -2.522269 -2.525651 -9999
-1.8623729 -1.8178908 -1.7931467 -1.7774376 -1.7775 -1.7775 -1.8100235 -1.8487147 -1.8977495 -1.9308742 -1.9046922 -1.8945904 -1.9288842 -1.962048 -1.9897599 -2.0910028 -2.2236582 -2.2837712 -2.3279284 -2.3758851 -2.4345056 -2.5146469 -2.5787886 -2.6308549 -2.661403 -2.6890395 -2.6416478 -2.59 -2.59 -2.5919727 -2.5975 -2.5975 -2.5975 -2.5928625 -2.5864531 -2.5583923 -2.4898779 -2.3255459 -2.1564781 -2.0160194 -1.8226695 -1.6264531 -1.4372034 -1.2924177 -1.2387787 -1.3025573 -1.3727866 -1.6358898 -1.8751296 -2.0966002 -2.242839 -2.38915 -2.4612235 -2.5189182 -2.5303116 -2.53 -2.53 -9999
-1.8689961 -1.8192503 -1.7937645 -1.7832917 -1.7863043 -1.7967771 -1.8316822 -1.8752074 -1.9299297 -1.9706133 -1.9444314 -1.9343295 -1.9730207 -2.0084103 -2.0415742 -2.1469262 -2.2961635 -2.3566263 -2.4007835 -2.4394747 -2.4874912 -2.5593461 -2.6185278 -2.6536424 -2.6787114 -2.6956627 -2.6459358 -2.59 -2.59 -2.5919727 -2.5975 -2.5967946 -2.5909422 -2.5862393 -2.57983 -2.5447153 -2.4680032 -2.2924299 -2.1168566 -1.9431644 -1.7498144 -1.5535981 -1.3838772 -1.2637299 -1.252025 -1.3275086 -1.4390185 -1.7302997 -1.9918833 -2.2025712 -2.336988 -2.4355124 -2.4907691 -2.5310823 -2.5369348 -2.5354592 -2.53 -9999
-1.866722 -1.8201271 -1.7968822 -1.7886789 -1.8033399 -1.8192028 -1.8644397 -1.9108544 -1.9764477 -2.0354752 -2.1005346 -2.094543 -2.1452856 -2.1839768 -2.2201032 -2.2602256 -2.3732119 -2.4363052 -2.4695655 -2.4976046 -2.5429907 -2.6148457 -2.6676775 -2.6966139 -2.7190524 -2.7356343 -2.6651823 -2.6061617 -2.6077852 -2.6115489 -2.6136617 -2.5905186 -2.5693933 -2.5591761 -2.551668 -2.5061279 -2.4259085 -2.2628114 -2.0819739 -1.8991887 -1.7224401 -1.5316648 -1.3957812 -1.2870325 -1.3068086 -1.427038 -1.5540556 -1.8521996 -2.1190441 -2.3062936 -2.3959297 -2.4769794 -2.5938769 -2.6289292 -2.6315829 -2.6279189 -2.6220664 -9999
-1.8672179 -1.8229995 -1.8070996 -1.8018632 -1.8232788 -1.8494608 -1.9033256 -1.9585986 -2.0245591 -2.0936373 -2.173061 -2.2430981 -2.2977055 -2.3440017 -2.3826928 -2.4197546 -2.463973 -2.4991237 -2.5269952 -2.5513484 -2.5856798 -2.6563606 -2.7074895 -2.7308993 -2.747936 -2.7645179 -2.6957689 -2.6186809 -2.6245334 -2.6265942 -2.6265942 -2.5992482 -2.5524287 -2.5339135 -2.5212692 -2.4698644 -2.3892163 -2.2370528 -2.0596211 -1.860638 -1.6969623 -1.5296182 -1.4112105 -1.3479453 -1.3889124 -1.5261707 -1.6841866 -1.979148 -2.2352095 -2.4049304 -2.4639143 -2.5107338 -2.6289698 -2.7117029 -2.7117029 -2.706336 -2.7004835 -9999
-1.874908 -1.8417442 -1.8312138 -1.8416024 -1.8686809 -1.9090695 -1.9706928 -2.0380769 -2.1040373 -2.1731155 -2.2568979 -2.3291996 -2.373418 -2.416135 -2.4492988 -2.4806573 -2.5103353 -2.536906 -2.553488 -2.5700699 -2.5989262 -2.6597266 -2.7068943 -2.7244516 -2.7392351 -2.7512716 -2.6856548 -2.6120578 -2.6133478 -2.6133478 -2.6133478 -2.5844994 -2.5325591 -2.5111093 -2.4947764 -2.4303995 -2.3424431 -2.1785747 -2.0075378 -1.8275221 -1.6934779 -1.5561109 -1.4800292 -1.4381369 -1.5200711 -1.6654151 -1.8365199 -2.1185233 -2.3620214 -2.4556605 -2.4997233 -2.5239802 -2.6380558 -2.7183261 -2.7183261 -2.7109981 -2.7004835 -9999
-1.8879309 -1.8619779 -1.8672663 -1.8838279 -1.9266156 -1.9716549 -2.0453756 -2.1179323 -2.1844436 -2.2526966 -2.3326642 -2.4025296 -2.4369384 -2.4690335 -2.4955515 -2.5217568 -2.5482327 -2.5668014 -2.5739198 -2.5767655 -2.5978107 -2.6445146 -2.6837383 -2.696612 -2.7097215 -2.7207761 -2.6591072 -2.5868003 -2.5868003 -2.5848276 -2.5821603 -2.5533119 -2.5006399 -2.4643355 -2.4459723 -2.3726645 -2.2763385 -2.1195853 -1.9876112 -1.8215392 -1.7361477 -1.6182727 -1.5748838 -1.5597741 -1.6554614 -1.7904365 -1.9626256 -2.2127027 -2.4294181 -2.4996477 -2.5177334 -2.533638 -2.6414036 -2.72 -2.72 -2.716336 -2.705607 -9999
-1.8905736 -1.8739916 -1.8878007 -1.9192191 -1.969496 -2.0270963 -2.1016188 -2.1845284 -2.2486895 -2.3284947 -2.4081697 -2.4722851 -2.4999216 -2.5208972 -2.5374791 -2.5629751 -2.5850843 -2.5935919 -2.5960958 -2.5927174 -2.5661078 -2.604799 -2.6278778 -2.6337303 -2.6404235 -2.6514781 -2.5963451 -2.5292029 -2.5292029 -2.5263244 -2.5207971 -2.4849197 -2.4322477 -2.3986606 -2.3652642 -2.2935703 -2.1949362 -2.0486252 -1.9356728 -1.8127715 -1.745967 -1.6892059 -1.6669928 -1.691928 -1.8031244 -1.9272299 -2.073541 -2.3166429 -2.4865361 -2.5275032 -2.5410599 -2.5469124 -2.6437287 -2.7181884 -2.7181884 -2.7127128 -2.7068604 -9999
-1.8495334 -1.8541221 -1.8723551 -1.9125959 -1.9655575 -2.0270963 -2.0914689 -2.1646588 -2.2155063 -2.2887556 -2.4406111 -2.5243421 -2.540924 -2.5575986 -2.5639719 -2.6049088 -2.6513162 -2.6536351 -2.6424581 -2.6203488 -2.5779966 -2.40665 -2.3918893 -2.3820491 -2.3801179 -2.3799274 -2.3523003 -2.3040145 -2.3002492 -2.2945128 -2.2889855 -2.2416101 -2.1673201 -2.1449282 -2.1202062 -2.0792391 -1.9896174 -1.8959142 -1.8260488 -1.7465397 -1.7247196 -1.6958291 -1.7836157 -1.831015 -1.9309321 -2.0224974 -2.1331497 -2.3967174 -2.5726375 -2.5916442 -2.5977609 -2.5998979 -2.6471387 -2.704942 -2.6996015 -2.690085 -2.6803676 -9999
-1.8322363 -1.845427 -1.8815507 -1.9334672 -1.9963039 -2.0650989 -2.1288385 -2.1951662 -2.2454628 -2.2988426 -2.4506981 -2.5690232 -2.5835061 -2.5890334 -2.5924565 -2.6272494 -2.6793637 -2.6792366 -2.6514508 -2.6293416 -2.5521922 -2.3792551 -2.2454972 -2.2189598 -2.2114803 -2.1851925 -2.1513365 -2.1158118 -2.1095709 -2.1000708 -2.0978478 -2.0747048 -1.9984513 -1.9713484 -1.9664961 -1.9264244 -1.8902878 -1.817573 -1.7658532 -1.7396285 -1.7581399 -1.7564305 -1.845891 -1.9489768 -2.0371541 -2.1192727 -2.1753176 -2.4272609 -2.6046304 -2.6179611 -2.62 -2.62 -2.6669068 -2.6980409 -2.6941522 -2.6868242 -2.6714506 -9999
-1.8448162 -1.8724528 -1.9225013 -1.9853381 -2.0553559 -2.1286655 -2.1908144 -2.2516147 -2.2842429 -2.3361102 -2.4879657 -2.6035508 -2.6090781 -2.6114538 -2.6114538 -2.6420405 -2.6917862 -2.6735235 -2.6366564 -2.5753921 -2.4886399 -2.3062388 -2.1637581 -2.1052336 -2.052279 -2.0135878 -1.9719891 -1.9350679 -1.923363 -1.9221697 -1.927697 -1.9132768 -1.8664572 -1.865462 -1.8668578 -1.8606771 -1.8395754 -1.7986083 -1.7929579 -1.7871054 -1.8136993 -1.8486829 -1.9540269 -2.0458215 -2.1160508 -2.1584687 -2.1994358 -2.447639 -2.6128356 -2.618688 -2.62 -2.62 -2.6669068 -2.7 -2.7 -2.689008 -2.6714506 -9999
-1.8570633 -1.903499 -1.9583292 -2.0288028 -2.0988206 -2.1721302 -2.2271547 -2.2826609 -2.3060555 -2.354738 -2.5065934 -2.6221785 -2.6277058 -2.6283838 -2.6238723 -2.6517066 -2.6979955 -2.6738526 -2.6180287 -2.5130098 -2.4110177 -2.1843981 -2.0207188 -1.906538 -1.8199926 -1.7465906 -1.6885585 -1.6432337 -1.6347012 -1.6427737 -1.6731182 -1.6884397 -1.6863893 -1.7205892 -1.742673 -1.7894925 -1.7774831 -1.7831954 -1.818674 -1.8429886 -1.8823876 -1.9231938 -2.0285378 -2.1203324 -2.1602809 -2.1795431 -2.205645 -2.4538482 -2.6190448 -2.62 -2.62 -2.62 -2.6669068 -2.7 -2.7 -2.689008 -2.6714506 -9999
-1.8947944 -1.9501338 -2.0232627 -2.0972842 -2.1705937 -2.2439033 -2.2989278 -2.3486735 -2.3717009 -2.3985776 -2.5023647 -2.6165797 -2.620122 -2.6208 -2.6152727 -2.6343488 -2.6785672 -2.6411755 -2.5746743 -2.4367168 -2.3038025 -2.0704652 -1.8432072 -1.696485 -1.5541955 -1.454704 -1.3756387 -1.3184422 -1.3125898 -1.3411812 -1.3840217 -1.459924 -1.4855791 -1.5747011 -1.6268023 -1.7181501 -1.7555729 -1.7818252 -1.8488696 -1.8956892 -1.9435131 -2.0090044 -2.1927968 -2.2710421 -2.3061568 -2.325419 -2.3371239 -2.453557 -2.6166449 -2.6166449 -2.6166449 -2.6166449 -2.6836821 -2.7167754 -2.7156087 -2.7024283 -2.6848709 -9999
-1.9411567 -2.018539 -2.1027409 -2.1917596 -2.2699415 -2.3432511 -2.3982756 -2.4480214 -2.4710487 -2.4979255 -2.5502894 -2.590087 -2.590087 -2.587684 -2.5821567 -2.6009844 -2.6341482 -2.5812767 -2.5084424 -2.3481505 -2.1713387 -1.9281372 -1.6908739 -1.4626286 -1.2850127 -1.1302481 -1.0385587 -0.96151428 -0.96736673 -0.99677544 -1.0686304 -1.1618806 -1.273077 -1.3926767 -1.514208 -1.6429618 -1.7505643 -1.8149412 -1.8829023 -1.9531316 -2.004762 -2.0752362 -2.3444486 -2.5227233 -2.5578379 -2.5771001 -2.588805 -2.6012184 -2.6100217 -2.6100217 -2.6100217 -2.6100217 -2.6921086 -2.7479539 -2.7421015 -2.728921 -2.7113637 -9999
-1.9683006 -2.0496354 -2.1370638 -2.2291537 -2.3002197 -2.3683326 -2.414779 -2.4607252 -2.4784088 -2.5044404 -2.5568044 -2.5961889 -2.5961889 -2.5913395 -2.582048 -2.5973964 -2.6278507 -2.5712567 -2.4703574 -2.2437378 -2.0472305 -1.7482255 -1.4879159 -1.2207631 -1.0163134 -0.84469103 -0.74794903 -0.66950749 -0.68263538 -0.73714408 -0.83851223 -0.97037913 -1.1173772 -1.2975902 -1.4416659 -1.6406489 -1.750673 -1.8385738 -1.9237284 -1.9965623 -2.0332938 -2.1007624 -2.3756103 -2.5544936 -2.5724102 -2.580152 -2.5896311 -2.6020445 -2.61 -2.61 -2.61 -2.61 -2.6920869 -2.7480409 -2.7421884 -2.72168 -2.6990729 -9999
-1.9963351 -2.0792447 -2.1663514 -2.2606065 -2.3282025 -2.3910392 -2.4325815 -2.4712727 -2.4860311 -2.5082516 -2.5606155 -2.6 -2.6 -2.5951507 -2.584096 -2.5948385 -2.622475 -2.5458319 -2.4315919 -2.1825014 -1.9313338 -1.6157947 -1.3047709 -1.016442 -0.78582384 -0.59236809 -0.49333943 -0.41223829 -0.43564806 -0.51419749 -0.62884058 -0.80122922 -0.98265494 -1.1997537 -1.39477 -1.6128211 -1.7798549 -1.8793465 -1.9568271 -2.0329089 -2.0650877 -2.1211229 -2.3961877 -2.5696324 -2.5806686 -2.5865211 -2.5923735 -2.6020445 -2.61 -2.61 -2.61 -2.61 -2.6920869 -2.7480409 -2.7421884 -2.719122 -2.6898598 -9999
-2.029451 -2.1123606 -2.1989076 -2.2879263 -2.3526301 -2.404994 -2.4440968 -2.4778958 -2.4898685 -2.5082516 -2.5606155 -2.6 -2.6 -2.5951507 -2.584096 -2.5939171 -2.6160264 -2.5206334 -2.3918528 -2.1154874 -1.831986 -1.4837657 -1.1524375 -0.83055317 -0.59008348 -0.38042606 -0.28367465 -0.20691945 -0.25199902 -0.33537141 -0.4846087 -0.67459217 -0.90868987 -1.1476937 -1.3881469 -1.6339494 -1.8262173 -1.9257088 -2.0001106 -2.0594016 -2.0867058 -2.1343693 -2.4094341 -2.5814394 -2.5872918 -2.5931443 -2.5989967 -2.6052034 -2.61 -2.61 -2.61 -2.61 -2.6920869 -2.7480409 -2.7421884 -2.718016 -2.6832366 -9999
