mean_models/J1_mean_vp_slide_diff_120.dat.tif
NCOLS 118
NROWS 92
XLLCORNER 139.62
YLLCORNER -39.07
DX 0.099491525
DY 0.099347826
NODATA_VALUE -9999
[rows 27 to 53 of 92, columns 0 to 59 of 118]
-9999 8.1494736 8.1545722 8.1603815 8.170424 8.1804664 8.1905089 8.1970871 8.1996672 8.2022473 8.2048274 8.2047656 8.2039788 8.2024013 8.1992405 8.1960796 8.1929188 8.1910688 8.1897444 8.1865118 8.178877 8.1712422 8.1659514 8.1609475 8.1559436 8.1470072 8.127531 8.1080548 8.0885785 8.0791549 8.0737815 8.0703899 8.0708183 8.0712468 8.0699095 8.0685181 8.0671267 8.0672097 8.0694017 8.0715938 8.0737859 8.0711317 8.0680147 8.064655 8.0611208 8.0575866 8.0548759 8.0570812 8.0592864 8.0647783 8.0708382 8.0768981 8.0769121 8.0702353 8.065096 8.0652822 8.0654684 8.0656546 8.0627516 8.0592867
-9999 8.144246 8.1515188 8.1615612 8.1716037 8.1816461 8.1916886 8.1982668 8.2008469 8.203427 8.2060071 8.2085872 8.209522 8.2079445 8.2047837 8.2016228 8.198462 8.1953011 8.1929466 8.189714 8.1825152 8.1775112 8.1725073 8.1675034 8.1624995 8.1535631 8.1340869 8.1146107 8.0951344 8.0756582 8.0626594 8.0592678 8.0592889 8.0578975 8.0565062 8.0551148 8.0537234 8.0538064 8.0559984 8.0581905 8.0603826 8.0625747 8.0611536 8.0577939 8.0542596 8.0507254 8.0471912 8.043657 8.0454747 8.0509666 8.0570265 8.0630864 8.0691464 8.0715774 8.066438 8.0666242 8.0668104 8.0669966 8.0671828 8.0649727
-9999 8.1417207 8.1517631 8.1618056 8.171848 8.1818904 8.1919329 8.1987266 8.2013067 8.2038868 8.2064669 8.209047 8.2116271 8.2117579 8.2085971 8.2054362 8.2022754 8.1991145 8.1959537 8.1922355 8.1872316 8.1822277 8.1772237 8.1722198 8.1672159 8.1588171 8.1393409 8.1198646 8.1003884 8.0809122 8.061436 8.0481369 8.0467456 8.0453542 8.0439628 8.0425715 8.0411801 8.0421631 8.0443552 8.0465473 8.0487393 8.0509314 8.0531235 8.0519429 8.0484086 8.0448744 8.0413402 8.037806 8.0342718 8.0385775 8.0446374 8.0506973 8.0567573 8.0628172 8.0664724 8.0666586 8.0668448 8.067031 8.0672172 8.0674034
-9999 8.1342645 8.1443069 8.1543494 8.1643918 8.1744343 8.180816 8.1878159 8.1958398 8.1984199 8.201 8.2035801 8.2061602 8.2055324 8.1984808 8.1950096 8.1918487 8.1886879 8.185527 8.1818089 8.1768049 8.171801 8.1667971 8.1617932 8.1509485 8.1392318 8.1323915 8.1144007 8.0949245 8.0754483 8.055972 8.042673 8.0412816 8.0398903 8.0384989 8.0371076 8.0399083 8.0436561 8.0472012 8.0493933 8.0515853 8.0537774 8.0559695 8.054647 8.0508733 8.0473391 8.0438049 8.0402707 8.0367364 8.0391303 8.0439593 8.0500192 8.0560792 8.0621391 8.0649903 8.0567272 8.0561139 8.0563001 8.0564863 8.0566725
-9999 8.1268083 8.1368508 8.1468932 8.1561366 8.1621142 8.1680918 8.1750918 8.1832716 8.1914515 8.1955331 8.1981132 8.2006933 8.2000656 8.1930139 8.1859623 8.1814221 8.1782612 8.1751004 8.1713822 8.1663783 8.1613744 8.1563704 8.1431815 8.1296454 8.1179286 8.1110883 8.104248 8.0894606 8.0699843 8.0505081 8.0372091 8.0358177 8.0344264 8.0333188 8.037163 8.0410073 8.0447551 8.0483649 8.0519747 8.0544313 8.0566234 8.0588155 8.057493 8.0536439 8.0498038 8.0462695 8.0427353 8.0392011 8.041595 8.0450134 8.0493411 8.055401 8.061461 8.0643122 8.0560491 8.047786 8.0455693 8.0457555 8.0459417
-9999 8.1193522 8.1293946 8.1374348 8.1434124 8.1493901 8.1553677 8.1623677 8.1705475 8.1787273 8.1869072 8.1926463 8.1952264 8.1945987 8.1875471 8.1804954 8.1734438 8.1678346 8.1646737 8.1609555 8.1559516 8.1489507 8.1354146 8.1218784 8.1083423 8.0966255 8.0897852 8.0829449 8.0761046 8.0645204 8.0450442 8.0317452 8.0303538 8.0305735 8.0344177 8.038262 8.0421062 8.045854 8.0494639 8.0530737 8.0566835 8.0594694 8.0616615 8.060339 8.0564899 8.0526408 8.0487917 8.0452 8.0416658 8.0440597 8.0474781 8.0508965 8.0547229 8.0607829 8.0636341 8.055371 8.0471079 8.0388448 8.0350247 8.0352109
-9999 8.111896 8.118733 8.1247106 8.1306883 8.1366659 8.1426436 8.1496435 8.1578234 8.1660032 8.174183 8.1823629 8.1897595 8.1891318 8.1820802 8.1750285 8.1679769 8.1609253 8.154247 8.1505289 8.1411837 8.1276476 8.1141114 8.1005753 8.0870391 8.0753224 8.0684821 8.0616418 8.0548015 8.0479612 8.0395803 8.0262813 8.0278282 8.0316724 8.0355167 8.0393609 8.0432052 8.046953 8.0505628 8.0541726 8.0577825 8.0613923 8.0645075 8.063185 8.0593359 8.0554868 8.0516377 8.0477886 8.0441304 8.0465243 8.0499428 8.0533612 8.0567796 8.060198 8.062956 8.0546929 8.0464298 8.0381667 8.0299035 8.02448
-9999 8.1011059 8.1070835 8.1130612 8.1190388 8.1250164 8.1309941 8.140287 8.1485818 8.1567616 8.1649415 8.1731213 8.1813011 8.1798644 8.1706493 8.1635977 8.156546 8.1494944 8.1424428 8.1334303 8.1198942 8.106358 8.0928219 8.0792857 8.0657496 8.0611643 8.0548403 8.048 8.0411597 8.0343194 8.0274791 8.0242883 8.0281326 8.0319768 8.0358211 8.0396653 8.0435096 8.0468196 8.0506086 8.0542185 8.0578283 8.0614381 8.065048 8.0674202 8.0635711 8.059722 8.0558729 8.0520238 8.0481747 8.0465362 8.0499546 8.053373 8.0567915 8.0602099 8.0628192 8.0564512 8.0481881 8.039925 8.0316618 8.0233987
-9999 8.0912287 8.0972064 8.103184 8.1091617 8.1155974 8.1231645 8.1325146 8.1439225 8.1532637 8.1614436 8.1696234 8.1778032 8.1763665 8.1556721 8.1423305 8.1352789 8.1282273 8.1211757 8.1121632 8.0986271 8.0850909 8.0715548 8.0588846 8.0585065 8.0570351 8.0526334 8.046994 8.0401537 8.0333134 8.0264731 8.0232823 8.0271266 8.0309708 8.0348151 8.0380807 8.0386295 8.041593 8.0480109 8.0525274 8.0561372 8.0597471 8.0633569 8.066491 8.0692833 8.0662485 8.0623994 8.0585503 8.0547012 8.0496419 8.0459211 8.0493395 8.0527579 8.0561764 8.0587857 8.0585926 8.0539647 8.0457016 8.0374385 8.0291754
-9999 8.0813516 8.0873293 8.0933069 8.1002579 8.107825 8.115392 8.1247421 8.1361501 8.147558 8.1579456 8.1661255 8.1743053 8.1728686 8.1521742 8.1314798 8.1140118 8.1069602 8.0999085 8.0908961 8.0773599 8.0638238 8.0551335 8.0547554 8.0543773 8.0529059 8.0485042 8.0441025 8.0391477 8.0323074 8.0254671 8.0222763 8.0261206 8.0299648 8.0323052 8.0328541 8.033403 8.0363665 8.0427844 8.0492022 8.0544462 8.058056 8.0616658 8.0648 8.0675922 8.0703844 8.0689259 8.0650768 8.0612277 8.0561684 8.0509 8.0456316 8.0487244 8.0521428 8.0547522 8.0545591 8.054366 8.0514783 8.0432151 8.034952
-9999 8.0714745 8.0774522 8.0849184 8.0924855 8.1000525 8.1076196 8.1169697 8.1283776 8.1397855 8.1511935 8.1626014 8.1708074 8.1693707 8.1486763 8.1279819 8.1072875 8.0865931 8.0786414 8.069629 8.0560928 8.0513823 8.0510043 8.0506262 8.0502481 8.0487767 8.044375 8.0399733 8.0355715 8.0311698 8.0244611 8.0212703 8.0251146 8.0265298 8.0270786 8.0276275 8.0281764 8.0311399 8.0375578 8.0439757 8.0503936 8.0563649 8.0599747 8.0631089 8.0659011 8.0686933 8.0714856 8.0716033 8.0677542 8.0626949 8.0574265 8.0521581 8.0468896 8.0481093 8.0507187 8.0505256 8.0503324 8.0501393 8.0489918 8.0407287
-9999 8.0620118 8.0695789 8.0771459 8.084713 8.0922801 8.0998471 8.1091972 8.1206051 8.1320131 8.143421 8.1548289 8.1662368 8.1658728 8.1451784 8.124484 8.1037896 8.0830952 8.0624008 8.0483618 8.0476312 8.0472531 8.0468751 8.046497 8.0461189 8.0446475 8.0402458 8.0358441 8.0314423 8.0270406 8.0226388 8.0202054 8.0207543 8.0213032 8.0218521 8.022401 8.0229499 8.0259133 8.0323312 8.0387491 8.045167 8.0515849 8.0580028 8.0614178 8.06421 8.0670023 8.0697945 8.0725867 8.0742807 8.0692214 8.063953 8.0586846 8.0534161 8.0481477 8.0466852 8.046492 8.0462989 8.0461058 8.0459127 8.0457195
-9999 8.0587566 8.0663237 8.0738908 8.0814578 8.0890249 8.0923421 8.0966738 8.1080817 8.1194896 8.1308976 8.1423055 8.1509474 8.1498356 8.1366212 8.1159268 8.0952324 8.074538 8.0538436 8.0392926 8.0389145 8.0385364 8.0381584 8.0377803 8.0395736 8.042432 8.0326714 8.0282697 8.0238679 8.0194662 8.0150645 8.0123537 8.0129026 8.0134515 8.0140004 8.0145493 8.0187026 8.0274237 8.0338416 8.0402594 8.0466773 8.0530952 8.0593381 8.0605168 8.0615471 8.0643393 8.0671315 8.0699238 8.072716 8.0686354 8.0633669 8.0580985 8.0528301 8.0465708 8.0366331 8.03644 8.0362469 8.0360537 8.0358606 8.0403235
-9999 8.0570293 8.0645963 8.0721634 8.0797305 8.0800113 8.0782118 8.0825435 8.0939514 8.1053593 8.1167673 8.1226294 8.1254621 8.1243503 8.1153392 8.1056586 8.0849642 8.0642698 8.0435754 8.0290243 8.0286463 8.0282682 8.0278901 8.032364 8.0408485 8.0437069 8.031486 8.0195301 8.0151284 8.0107266 8.0063249 8.0036141 8.004163 8.0047119 8.0052608 8.0121605 8.0224914 8.0312125 8.0376304 8.0440483 8.0504662 8.0566223 8.0627054 8.0638841 8.0615371 8.0613476 8.0641399 8.0669321 8.0697243 8.0656437 8.0603753 8.0551068 8.0472341 8.0344832 8.0245455 8.0243524 8.0241592 8.0239661 8.0304218 8.0394704
-9999 8.0553019 8.062869 8.06948 8.0676805 8.065881 8.0640815 8.0684132 8.0798211 8.0912291 8.0943113 8.0971441 8.0999768 8.098865 8.0898538 8.0808427 8.0718316 8.0540015 8.0333071 8.0187561 8.018378 8.018 8.0251545 8.0336389 8.0421234 8.0449818 8.0327609 8.0205399 8.008319 8.001987 7.9975853 7.9948745 7.9954234 7.9959723 8.0056184 8.0159493 8.0262803 8.0350013 8.0414192 8.0478235 8.0539065 8.0599896 8.0660726 8.0672513 8.0649044 8.0625574 8.0611482 8.0639404 8.0667326 8.062652 8.0573836 8.0478974 8.0351465 8.0223956 8.0124579 8.0122648 8.0120716 8.0205201 8.0295687 8.0386173
-9999 8.0535746 8.0571492 8.0553497 8.0535502 8.0517507 8.0499512 8.0542829 8.0631606 8.0659933 8.068826 8.0716588 8.0744915 8.0733797 8.0643685 8.0553574 8.0463463 8.0373352 8.0230389 8.0084878 8.0094604 8.0179449 8.0264293 8.0349138 8.0433983 8.0462567 8.0340357 8.0218148 8.0095939 7.997373 7.9888457 7.9861349 7.9887454 7.9990763 8.0094072 8.0197382 8.0300691 8.0387901 8.0451077 8.0511907 8.0572738 8.0633568 8.0694398 8.0706186 8.0682716 8.0659247 8.0635777 8.0612308 8.063741 8.0596604 8.0485607 8.0358098 8.0230589 8.010308 8.0003703 8.0015699 8.0106184 8.019667 8.0287156 8.0377642
-9999 8.0446975 8.042898 8.0410985 8.039299 8.0374995 8.0357 8.0377857 8.0406185 8.0434512 8.0462839 8.0491167 8.0519494 8.0516798 8.0426687 8.0336576 8.0246465 8.0156354 8.0066242 8.0029035 8.011388 8.0198725 8.0283569 8.0368414 8.0453259 8.0486435 8.0364226 8.0242016 8.0119807 7.9997598 7.9875388 7.9830209 7.9933518 8.0036828 8.0140137 8.0243446 8.0346755 8.0409051 8.0469881 8.0530712 8.0591542 8.0652373 8.0713203 8.0724263 8.0700794 8.0677324 8.0653855 8.0630385 8.0606916 8.0501019 8.037351 8.0246001 8.0118492 7.9990983 7.9907003 7.9997489 8.0087975 8.0178461 8.0268946 8.0359432
-9999 8.0295342 8.0277347 8.0259352 8.0241358 8.0223363 8.034955 8.0417454 8.0402744 8.0431071 8.0459398 8.0487726 8.0516053 8.0523731 8.0490058 8.0405079 8.0314968 8.0224857 8.0134746 8.0097539 8.0182384 8.0267228 8.0352073 8.0436918 8.0468164 8.0470433 8.0457865 8.0349748 8.0227538 8.0105329 7.998312 7.993794 8.0041249 8.0144559 8.0247868 8.0351177 8.044986 8.0467596 8.0376554 8.0437384 8.0498215 8.0559045 8.0619876 8.0628679 8.0601256 8.0577786 8.0554317 8.0530847 8.0507378 8.0433649 8.0327624 8.0200115 8.0072606 7.9945097 7.985789 7.9910284 7.9996769 8.0087255 8.0177741 8.0268227
-9999 8.014371 8.0125715 8.010772 8.0122602 8.0262712 8.0402822 8.0470725 8.0455293 8.043986 8.0455957 8.0484284 8.0512612 8.052029 8.0486617 8.0452944 8.0383472 8.0293361 8.0203249 8.0166042 8.0250887 8.0335732 8.0420576 8.0430656 8.0438459 8.0440728 8.042816 8.0415592 8.0335269 8.021306 8.0090851 8.0045671 8.014898 8.025229 8.0355228 8.0452837 8.0550447 8.0568183 8.0471649 8.0375114 8.0404887 8.0465717 8.0526548 8.0535351 8.0506754 8.0478248 8.0454779 8.0431309 8.040784 8.0334111 8.0251697 8.0154229 8.002672 7.9899211 7.9812004 7.9864398 7.9916793 7.999605 8.0086535 8.0177021
-9999 7.9992078 7.9974083 8.0035763 8.0175873 8.0315983 8.0456094 8.0523997 8.0508564 8.0493132 8.0477699 8.0480843 8.050917 8.0516849 8.0483176 8.0449503 8.041583 8.0361864 8.0271753 8.0234546 8.0319391 8.0385344 8.0393148 8.0400951 8.0408754 8.0411023 8.0398455 8.0385887 8.0373319 8.0320791 8.0198582 8.0153402 8.0256712 8.0358204 8.0455814 8.0553424 8.0651033 8.0668769 8.0572235 8.0475701 8.0379167 8.0372389 8.043322 8.0442024 8.0413426 8.0384828 8.0356231 8.0331771 8.0308302 8.0234573 8.0152159 8.0069744 7.9980834 7.9853325 7.9766118 7.9818512 7.9870907 7.9923302 7.999533 8.0085816
-9999 7.9840446 7.9948924 8.0089035 8.0229145 8.0369255 8.0509365 8.0577268 8.0561836 8.0546403 8.0530971 8.0515538 8.0505729 8.0513407 8.0479735 8.0446062 8.0412389 8.0378716 8.0340256 8.0303049 8.0347836 8.0355639 8.0363443 8.0371246 8.0379049 8.0381318 8.036875 8.0356182 8.0343614 8.0331046 8.0306313 8.0261133 8.0361181 8.0458791 8.0556401 8.065401 8.075162 8.0769356 8.0672822 8.0576287 8.0479753 8.0383219 8.0339892 8.0348696 8.0320098 8.02915 8.0262903 8.0234305 8.0208763 8.0135035 8.0052621 7.9970206 7.9887792 7.9805377 7.9720232 7.9772626 7.9825021 7.9877416 7.9929811 7.999461
-9999 7.9889485 8.0029595 8.0169705 8.0309815 8.0449925 8.0590036 8.0562561 8.0547129 8.0531696 8.0516264 8.0500831 8.0485398 8.0481084 8.0462243 8.042857 8.0394897 8.0361224 8.0327551 8.030642 8.0314224 8.0322027 8.0329831 8.0337634 8.0345438 8.0412151 8.040947 8.0396902 8.0384334 8.0371766 8.0359198 8.0384263 8.0481873 8.0579482 8.0677092 8.0774701 8.0872311 8.0785355 8.068882 8.0592286 8.0495752 8.0399218 8.0309318 8.0293346 8.0264748 8.023615 8.0207553 8.0178955 8.0150357 8.0075873 7.9993459 7.9911044 7.9828629 7.9746215 7.9729462 7.9781856 7.9834251 7.9886646 7.9939041 7.9987799
-9999 8.0013698 8.0153808 8.0293918 8.0434029 8.0511998 8.0469666 8.0439821 8.0424388 8.0408955 8.0393523 8.0374054 8.0339351 8.0332259 8.0380457 8.0388749 8.0355076 8.0321403 8.0287731 8.0266599 8.0274403 8.0282206 8.029001 8.0309898 8.0420695 8.0509456 8.0539155 8.0549544 8.0536976 8.0524408 8.051184 8.0536905 8.0634515 8.0732125 8.0829734 8.0880495 8.0771054 8.0666923 8.0570389 8.0473855 8.037732 8.0311574 8.0299189 8.0284333 8.02677 8.0241155 8.0212557 8.018396 8.0155362 8.0080878 7.9998463 7.9916049 7.9833634 7.9821162 7.9826284 7.9878679 7.9931073 7.9983468 8.0020511 8.0024628
-9999 8.0137912 8.0278022 8.0418132 8.043159 8.0389258 8.0346925 8.031708 8.0301647 8.0286214 8.0259932 8.0225229 8.0190526 8.0183434 8.0231632 8.0279831 8.0315256 8.0281583 8.024791 8.0226779 8.0234582 8.0242386 8.0296407 8.0407204 8.0518001 8.0606762 8.0636461 8.066616 8.0689619 8.0677051 8.0664483 8.0689548 8.0787157 8.0884767 8.0871504 8.0762063 8.0652622 8.0548492 8.0451957 8.0355423 8.031383 8.0301445 8.028906 8.0274204 8.0257571 8.0240938 8.0217562 8.0188965 8.0160367 8.0085883 8.0003468 7.9935037 7.9926511 7.9917985 7.9923106 7.9975501 8.0027895 8.0053224 8.0057341 8.0061457
-9999 8.0262125 8.0393515 8.0351182 8.0308849 8.0266517 8.0224184 8.0194339 8.0178906 8.014581 8.0111107 8.0076404 8.0041701 8.0034608 8.0082807 8.0131006 8.0179204 8.0227403 8.0208089 8.0186958 8.0194761 8.0282915 8.0393712 8.050451 8.0615307 8.0704068 8.0733767 8.0763466 8.0793165 8.0822864 8.0817125 8.084219 8.09398 8.0862513 8.0753072 8.0643632 8.0534191 8.043006 8.0333526 8.0316086 8.0303701 8.0291316 8.0278931 8.0264074 8.0247442 8.0230809 8.0214177 8.019397 8.0165372 8.0090888 8.0040385 8.0031859 8.0023333 8.0014807 8.0019928 8.0072323 8.0085937 8.0090054 8.009417 8.0098287
-9999 8.0313107 8.0270774 8.0228441 8.0186109 8.0143776 8.0101443 8.0066391 8.0031688 7.9996985 7.9962282 7.9927579 7.9892876 7.9885783 7.9933982 7.998218 8.0030379 8.0078578 8.0126776 8.0158627 8.0269424 8.0380221 8.0491018 8.0601815 8.0712612 8.0801373 8.0831072 8.0860772 8.0890471 8.092017 8.0949869 8.0962963 8.0853522 8.0744082 8.0634641 8.05252 8.041576 8.0330726 8.0318341 8.0305956 8.0293571 8.0281186 8.0268802 8.0253945 8.0237313 8.022068 8.0204048 8.0187415 8.0170377 8.0145733 8.0137207 8.0128681 8.0120155 8.0111629 8.0114534 8.011865 8.0122766 8.0126883 8.0130999 8.0135116
-9999 8.0281089 8.0238756 8.0196423 8.0154091 8.0111758 8.0063463 8.0019337 7.9984634 7.9949931 7.9915228 7.9880525 7.9883159 7.9892305 7.9853464 7.9901662 7.9949861 7.999806 8.0046258 8.0113386 8.0224183 8.033498 8.0445777 8.0556574 8.0620892 8.0643671 8.0738291 8.076799 8.0797689 8.0827388 8.0857087 8.083926 8.072982 8.0620379 8.0510938 8.0401498 8.0319633 8.0282036 8.0269651 8.0257266 8.0244881 8.0232496 8.023996 8.0238214 8.0222024 8.0205391 8.0188758 8.0172126 8.0155493 8.0145773 8.0137247 8.0128721 8.0120195 8.0117326 8.0128173 8.013229 8.0136406 8.0140523 8.0144639 8.0066959
