mean_models/J1_mean_tot_conduct_slide_170.29.dat.tif
NCOLS 118
NROWS 92
XLLCORNER 139.62
YLLCORNER -39.07
DX 0.099491525
DY 0.099347826
NODATA_VALUE -9999
[rows 50 to 74 of 92, columns 0 to 57 of 118]
-2.22378 -2.1786533 -2.1189584 -2.0498373 -1.9707198 -1.8906286 -1.8141745 -1.7500028 -1.6967554 -1.6476907 -1.6230182 -1.6132174 -1.620677 -1.6422279 -1.6892284 -1.7617708 -1.8573815 -1.9413307 -2.0527988 -2.1736929 -2.2957741 -2.3991767 -2.4705431 -2.5473312 -2.6126124 -2.6628454 -2.6892841 -2.7355849 -2.8023342 -2.8571098 -2.8652261 -2.8703731 -2.8703915 -2.8861509 -2.8577014 -2.7929355 -2.7743572 -2.7489458 -2.7131786 -2.6528976 -2.5816874 -2.5244639 -2.4747181 -2.4173564 -2.3520412 -2.2593338 -2.204765 -2.1336856 -2.0752706 -2.0016949 -1.9598038 -1.8942225 -1.863297 -1.8497456 -1.8501488 -1.875522 -1.9233988 -1.9964348
-2.2292945 -2.1817402 -2.1220453 -2.0501519 -1.9696111 -1.8918801 -1.8172614 -1.7552891 -1.7034026 -1.6679517 -1.6543661 -1.6496881 -1.6646118 -1.7107838 -1.7735618 -1.8509219 -1.9528783 -2.0585901 -2.17798 -2.2928571 -2.409477 -2.5172397 -2.596833 -2.6516656 -2.7062356 -2.7537652 -2.7764864 -2.8091644 -2.8754284 -2.9262567 -2.9292696 -2.9242216 -2.9163335 -2.8783061 -2.7735782 -2.6871776 -2.6606543 -2.6223169 -2.5796061 -2.5245793 -2.4565062 -2.4017103 -2.3519645 -2.309168 -2.2463312 -2.2086172 -2.1614897 -2.1257985 -2.0681981 -2.0385573 -1.9966661 -1.9719326 -1.941558 -1.9382746 -1.9386777 -1.9675872 -2.0039431 -2.0644348
-2.2557872 -2.2076987 -2.1430292 -2.0700214 -1.9894807 -1.9117496 -1.837131 -1.7751586 -1.7277817 -1.6944444 -1.6894698 -1.6924606 -1.7272827 -1.7770157 -1.8566089 -1.9436466 -2.0580618 -2.1711844 -2.2905742 -2.4054513 -2.5099174 -2.6074438 -2.6621641 -2.7112743 -2.7460964 -2.780258 -2.7951817 -2.8224108 -2.8771311 -2.9196335 -2.9143971 -2.9043521 -2.8794792 -2.8303722 -2.7151715 -2.6275689 -2.5778231 -2.5295923 -2.4719919 -2.4119851 -2.343912 -2.2896334 -2.2448623 -2.2069101 -2.1754917 -2.1489352 -2.133226 -2.1118212 -2.0946909 -2.0772734 -2.062898 -2.0456946 -2.0276594 -2.0276594 -2.0314024 -2.052348 -2.0834214 -2.1305489
-2.2755422 -2.2333774 -2.1734227 -2.0994657 -2.018925 -1.9435541 -1.8718946 -1.8121216 -1.7678646 -1.7389935 -1.7411406 -1.749827 -1.7906536 -1.8519968 -1.9352525 -2.0276932 -2.1458218 -2.258682 -2.3705434 -2.4794036 -2.5686094 -2.6585416 -2.7062729 -2.7368873 -2.7599591 -2.786671 -2.7936595 -2.8163883 -2.8630718 -2.8961474 -2.8708935 -2.8504541 -2.8074805 -2.7526779 -2.630605 -2.5255269 -2.4628938 -2.4056079 -2.3416776 -2.2893315 -2.232027 -2.195418 -2.1648931 -2.1522613 -2.1390261 -2.1463187 -2.1450104 -2.1572451 -2.1508271 -2.152977 -2.1450678 -2.1395326 -2.1249251 -2.1197894 -2.1197894 -2.1241501 -2.1434498 -2.1685367
-2.2863235 -2.2474195 -2.1926992 -2.1228692 -2.0423285 -1.9800011 -1.910357 -1.8565102 -1.8138709 -1.7880628 -1.7930374 -1.8133806 -1.8631264 -1.9244696 -2.0090374 -2.1096645 -2.2291279 -2.3438524 -2.4532178 -2.5521288 -2.6364442 -2.7064781 -2.7413001 -2.7462833 -2.7657259 -2.7788657 -2.7832828 -2.7908591 -2.8336527 -2.854016 -2.8213391 -2.773878 -2.7241323 -2.6474931 -2.5165832 -2.4082443 -2.3386002 -2.2744938 -2.2064206 -2.160269 -2.1131414 -2.0981218 -2.083198 -2.0960928 -2.1065656 -2.1373785 -2.1635605 -2.1922722 -2.2132178 -2.2256604 -2.2308968 -2.2246277 -2.2188308 -2.208963 -2.1999817 -2.1981522 -2.1949376 -2.2106467
-2.2725656 -2.236836 -2.1920648 -2.1300514 -2.0826745 -2.0270932 -1.9624237 -1.9106335 -1.8774697 -1.8542947 -1.8592693 -1.8796125 -1.9293583 -1.9907015 -2.0752693 -2.1758964 -2.31021 -2.4299539 -2.53442 -2.631607 -2.7062257 -2.77271 -2.7419897 -2.7197906 -2.7297397 -2.7391266 -2.734152 -2.7378736 -2.7527973 -2.7612914 -2.7089274 -2.6542483 -2.5746551 -2.4885366 -2.3628518 -2.2545099 -2.1699421 -2.1038625 -2.0514986 -2.0149124 -2.0044396 -2.0026666 -2.0275395 -2.0544349 -2.1065656 -2.148711 -2.2032996 -2.2414575 -2.2794497 -2.3003953 -2.3169983 -2.307422 -2.298309 -2.2761998 -2.2595904 -2.2386448 -2.2279764 -2.2175036
-2.2784642 -2.2479737 -2.208829 -2.1666601 -2.124057 -2.0734555 -2.0132091 -1.9706952 -1.9402088 -1.9205266 -1.927111 -1.9507212 -2.000467 -2.0618102 -2.1448698 -2.2405224 -2.371565 -2.4965481 -2.5967948 -2.6818244 -2.7510206 -2.7795799 -2.7421483 -2.7128051 -2.7202464 -2.7161913 -2.7041665 -2.7043953 -2.7135578 -2.6929508 -2.6305839 -2.5447846 -2.4543376 -2.3361919 -2.2068219 -2.0924229 -2.009804 -1.9414133 -1.8981194 -1.8772095 -1.885919 -1.911326 -1.9641619 -2.0471581 -2.1123351 -2.1682182 -2.2403481 -2.2909503 -2.3410518 -2.3666272 -2.3875728 -2.378893 -2.35828 -2.3355831 -2.3094454 -2.2820685 -2.2464619 -2.2271938
-2.293 -2.2782669 -2.2434449 -2.2068208 -2.1689193 -2.1305381 -2.0758178 -2.0348039 -2.0063777 -1.9900169 -1.9999661 -2.0235763 -2.073322 -2.1285085 -2.2081017 -2.3022542 -2.4315932 -2.5424915 -2.6320339 -2.7080466 -2.7627669 -2.7884195 -2.7436483 -2.7070975 -2.707 -2.6988898 -2.6835212 -2.6607924 -2.6494492 -2.6117368 -2.5216128 -2.4164195 -2.3020042 -2.1803885 -2.0442422 -1.9334407 -1.8538475 -1.803074 -1.7716557 -1.7796356 -1.8058176 -1.8711737 -1.9457924 -2.0362886 -2.1253073 -2.2117877 -2.2903336 -2.3489197 -2.4012837 -2.4253591 -2.4463046 -2.4262498 -2.4043475 -2.3714454 -2.3359233 -2.2878149 -2.234979 -2.1983243
-2.3061262 -2.2973608 -2.2824371 -2.2492467 -2.2255583 -2.1918672 -2.147096 -2.1083583 -2.0846698 -2.0692367 -2.0742113 -2.0964313 -2.1413717 -2.1944268 -2.2640709 -2.3551338 -2.4794982 -2.5886335 -2.6582776 -2.7279077 -2.7726789 -2.7950427 -2.7411692 -2.7004743 -2.6954997 -2.6856435 -2.655796 -2.6276764 -2.5829052 -2.5322586 -2.4118215 -2.2962063 -2.1569182 -2.0280552 -1.8868142 -1.7756791 -1.706035 -1.6612899 -1.6612899 -1.6815544 -1.7443912 -1.8216794 -1.9311201 -2.0307741 -2.1451769 -2.2377148 -2.3300728 -2.3886588 -2.4410228 -2.4621334 -2.4794206 -2.4559282 -2.4308402 -2.3810944 -2.3359233 -2.2730865 -2.2142344 -2.1461612
-2.337474 -2.3402628 -2.3289081 -2.3088554 -2.2851669 -2.2561962 -2.2161974 -2.1812134 -2.1575249 -2.1404517 -2.1394504 -2.158086 -2.1985715 -2.2367028 -2.2970781 -2.3683281 -2.4612881 -2.559216 -2.6097124 -2.6643141 -2.6928745 -2.7085779 -2.6515089 -2.6022674 -2.593949 -2.5822159 -2.5523685 -2.5264235 -2.5023255 -2.433278 -2.2991186 -2.1688443 -2.0234617 -1.8834795 -1.7472503 -1.6493957 -1.5850495 -1.5526753 -1.5630435 -1.6050774 -1.6763912 -1.772707 -1.8857506 -2.004635 -2.1232357 -2.2313981 -2.3281076 -2.386435 -2.4380445 -2.4546904 -2.470118 -2.4225948 -2.3954465 -2.3411379 -2.2849403 -2.2113836 -2.1403176 -2.0598424
-2.3687737 -2.3811468 -2.3761723 -2.3643554 -2.3406669 -2.3144353 -2.2796133 -2.255438 -2.2317496 -2.2146763 -2.2097017 -2.2139414 -2.2437889 -2.2805507 -2.335271 -2.3881977 -2.4628163 -2.5265494 -2.566346 -2.5973865 -2.6172848 -2.6111059 -2.5464364 -2.4958254 -2.4858762 -2.4664473 -2.4365641 -2.4106192 -2.3956955 -2.340778 -2.1993953 -2.0512211 -1.9019838 -1.7591847 -1.6335112 -1.5356566 -1.4759617 -1.4535521 -1.4744977 -1.5297078 -1.6134901 -1.721091 -1.8404808 -1.9690046 -2.0946781 -2.2062749 -2.3110028 -2.371819 -2.4189466 -2.4348208 -2.4431522 -2.3937766 -2.3399465 -2.2846734 -2.220078 -2.1415321 -2.0542162 -1.9651974
-2.3886433 -2.4038803 -2.4138294 -2.4056248 -2.3914118 -2.3681267 -2.3432538 -2.3233295 -2.3091164 -2.2941546 -2.2797284 -2.2801733 -2.3053458 -2.3401594 -2.3763833 -2.4208409 -2.4855104 -2.5464189 -2.5771707 -2.6040097 -2.6194364 -2.6111059 -2.5420157 -2.4892022 -2.4748831 -2.4532009 -2.4134043 -2.3841264 -2.3435937 -2.2745461 -2.1195286 -1.9651196 -1.8112159 -1.6664601 -1.5407866 -1.4432026 -1.3984314 -1.3809912 -1.4124096 -1.4713389 -1.565594 -1.6775417 -1.8118553 -1.9441887 -2.0748085 -2.1864053 -2.2911332 -2.3519495 -2.399077 -2.4100362 -2.4100362 -2.3577304 -2.3002073 -2.2338232 -2.1604693 -2.0643145 -1.9681147 -1.869346
-2.3989285 -2.4386571 -2.4535685 -2.4493785 -2.4415435 -2.4321028 -2.4094857 -2.3895614 -2.3753483 -2.357367 -2.3367284 -2.3354657 -2.3577423 -2.3776363 -2.4094992 -2.449139 -2.5047785 -2.5570073 -2.5837939 -2.6076244 -2.6194364 -2.6096525 -2.5389646 -2.4797739 -2.4616368 -2.4386029 -2.395542 -2.350542 -2.2958255 -2.2215149 -2.0611228 -1.9033155 -1.7461869 -1.6014311 -1.4789324 -1.3934272 -1.348656 -1.3352303 -1.3666487 -1.4322196 -1.5284636 -1.6405432 -1.7715147 -1.9038481 -2.034758 -2.1445528 -2.248184 -2.3050082 -2.3515118 -2.3584565 -2.3584565 -2.2995275 -2.2409027 -2.1557508 -2.0765316 -1.9735972 -1.8741056 -1.7746141
-2.4118084 -2.4572876 -2.4821605 -2.4937174 -2.4937174 -2.4817985 -2.4619001 -2.4483585 -2.4341454 -2.4161641 -2.3912913 -2.3862751 -2.4011988 -2.4198537 -2.4497012 -2.482255 -2.5320007 -2.5739711 -2.598844 -2.617965 -2.6279141 -2.6119165 -2.5372979 -2.4966942 -2.4767959 -2.4402261 -2.3954549 -2.3467811 -2.2870862 -2.184254 -2.0219257 -1.8619097 -1.7027233 -1.5605896 -1.4453889 -1.3598838 -1.3151126 -1.3016868 -1.3331052 -1.397437 -1.4969285 -1.6061881 -1.7305525 -1.8512901 -1.9822 -2.0919948 -2.1914864 -2.2470662 -2.2884899 -2.2938913 -2.292951 -2.2334015 -2.1734317 -2.0849948 -1.9916692 -1.8869413 -1.7850984 -1.6856069
-2.4250547 -2.4713581 -2.5012056 -2.5123175 -2.5028421 -2.4888666 -2.4789175 -2.4691882 -2.4597129 -2.4426569 -2.4407609 -2.4458838 -2.456263 -2.4728392 -2.4892057 -2.5153709 -2.5651167 -2.607087 -2.6275679 -2.6444577 -2.6500658 -2.6317861 -2.6215217 -2.6159116 -2.583295 -2.5390111 -2.469367 -2.413013 -2.2953897 -2.1577613 -1.9998475 -1.8420402 -1.6919258 -1.5539664 -1.4387657 -1.3532606 -1.3084894 -1.295047 -1.321229 -1.3822329 -1.4607788 -1.5640273 -1.6734679 -1.7862596 -1.9027218 -2.0125166 -2.1120081 -2.1657337 -2.2023884 -2.2054628 -2.2002264 -2.1490765 -2.1005766 -2.0085665 -1.912191 -1.8117348 -1.7122433 -1.6174963
-2.4479239 -2.5001987 -2.5300462 -2.5368827 -2.5274074 -2.5200674 -2.5122436 -2.5025143 -2.493039 -2.486913 -2.486913 -2.4903283 -2.497942 -2.4995988 -2.5088651 -2.5334244 -2.5802906 -2.6191508 -2.6361186 -2.65 -2.6519933 -2.6555145 -2.6555145 -2.6470992 -2.6153602 -2.5710763 -2.5014322 -2.4174788 -2.2913245 -2.1576434 -2.006891 -1.8558803 -1.7122157 -1.5742563 -1.4590555 -1.3693555 -1.3198082 -1.2999195 -1.3214391 -1.3633838 -1.4344962 -1.519552 -1.6228303 -1.7234364 -1.8328807 -1.9304855 -2.0280443 -2.0756402 -2.1118015 -2.1082734 -2.1030162 -2.0582794 -2.0101468 -1.9290882 -1.838578 -1.7523363 -1.6643657 -1.5871485
-2.4760974 -2.532206 -2.5620534 -2.56889 -2.5594146 -2.5520746 -2.5471 -2.5400361 -2.5305607 -2.5233261 -2.5233261 -2.5233261 -2.5233261 -2.5238742 -2.5288487 -2.5455621 -2.5903333 -2.6235566 -2.6384803 -2.65 -2.65 -2.65 -2.65 -2.6404761 -2.6106286 -2.572185 -2.5025409 -2.4208049 -2.2964405 -2.1698101 -2.023191 -1.8812933 -1.7420052 -1.6106983 -1.4954976 -1.4046888 -1.3499685 -1.3197891 -1.3354983 -1.3677896 -1.42539 -1.4963563 -1.5858987 -1.6748567 -1.7691118 -1.855413 -1.9444317 -1.9895388 -2.0209572 -2.0166574 -2.0061846 -1.9633663 -1.9159682 -1.8422862 -1.7712954 -1.6927495 -1.6257933 -1.5629565
-2.5025902 -2.5586987 -2.5885462 -2.5953827 -2.5859074 -2.5785674 -2.5735928 -2.5665288 -2.5570534 -2.5491691 -2.5441945 -2.5431957 -2.5387816 -2.5371205 -2.5420951 -2.5583112 -2.5981078 -2.629287 -2.6342615 -2.6437724 -2.6487469 -2.65 -2.6458401 -2.6338529 -2.6040054 -2.5660478 -2.5063529 -2.4278124 -2.3133971 -2.1903009 -2.059391 -1.9222133 -1.7928744 -1.6636838 -1.5531864 -1.46232 -1.3976505 -1.3619689 -1.3567325 -1.3815855 -1.4187668 -1.480552 -1.5461595 -1.6293045 -1.7095031 -1.7861624 -1.8583303 -1.9034373 -1.9348557 -1.930556 -1.9200832 -1.8849226 -1.8431131 -1.78784 -1.7253193 -1.6781917 -1.622393 -1.5909746
-2.5634022 -2.615677 -2.6455244 -2.652361 -2.6223688 -2.5876398 -2.5826653 -2.5756013 -2.5661259 -2.5582415 -2.5532669 -2.5482924 -2.5422805 -2.5373017 -2.5412899 -2.5461077 -2.5721586 -2.6010696 -2.6060442 -2.6110187 -2.6151594 -2.613706 -2.6048163 -2.5749688 -2.5465857 -2.5212806 -2.4735992 -2.399595 -2.2933762 -2.2232357 -2.0941403 -1.9706626 -1.8433812 -1.7271145 -1.6184767 -1.5306388 -1.4645423 -1.4213964 -1.4109226 -1.4188753 -1.4355628 -1.4695738 -1.525145 -1.571287 -1.6419809 -1.7134885 -1.7566764 -1.7868504 -1.8111019 -1.8052589 -1.8028986 -1.7683357 -1.770258 -1.715315 -1.683312 -1.6407716 -1.6201249 -1.5948931
-2.6294094 -2.680706 -2.7105534 -2.6868936 -2.6253036 -2.5886181 -2.5836435 -2.5765796 -2.5671042 -2.560198 -2.5552235 -2.5485413 -2.5385921 -2.53 -2.53 -2.5348178 -2.5497415 -2.5605768 -2.5655514 -2.5690217 -2.5690217 -2.5603014 -2.5304539 -2.5043898 -2.4844915 -2.4601647 -2.4203681 -2.3818828 -2.3321371 -2.2685412 -2.1481041 -2.0299812 -1.9105914 -1.7960597 -1.6913318 -1.6023747 -1.5327307 -1.4811653 -1.4602197 -1.4406153 -1.4301425 -1.4484608 -1.4932319 -1.5364392 -1.5835668 -1.6156394 -1.6418214 -1.6630331 -1.6839787 -1.6880435 -1.6880435 -1.7008534 -1.7107946 -1.6863367 -1.6643069 -1.6485977 -1.6400933 -1.6348569
-2.6559022 -2.7052151 -2.730423 -2.7060155 -2.6349501 -2.5952413 -2.5902667 -2.5832027 -2.5737274 -2.5676014 -2.5676014 -2.5617876 -2.5518385 -2.5418893 -2.5319402 -2.5348178 -2.5497415 -2.56 -2.56 -2.5623986 -2.5623986 -2.5536782 -2.5278602 -2.5043898 -2.4844915 -2.4605381 -2.4257161 -2.3897964 -2.3599489 -2.3030072 -2.2035157 -2.0910317 -1.981591 -1.8689148 -1.7687598 -1.681853 -1.6122089 -1.5582914 -1.5268731 -1.5002518 -1.4698817 -1.4803333 -1.5064783 -1.5434812 -1.5769436 -1.6064753 -1.628575 -1.646773 -1.6641091 -1.6716604 -1.6747971 -1.6994849 -1.7174178 -1.7118905 -1.6980072 -1.6980072 -1.6957491 -1.7114583
-2.686743 -2.7224648 -2.7442086 -2.7129404 -2.6418751 -2.6021662 -2.5971917 -2.5901277 -2.5806523 -2.5745264 -2.5745264 -2.5711111 -2.5599534 -2.5483432 -2.5412637 -2.5377383 -2.5497415 -2.56 -2.56 -2.5584958 -2.5554736 -2.5482067 -2.5242881 -2.5057924 -2.4890179 -2.4664162 -2.4347689 -2.4038494 -2.380453 -2.3383687 -2.2517197 -2.1556264 -2.0574947 -1.9513507 -1.853357 -1.7694788 -1.6998347 -1.6416086 -1.605446 -1.5661463 -1.5290301 -1.522101 -1.5422294 -1.5678639 -1.5978023 -1.6116248 -1.6295487 -1.6504943 -1.6667379 -1.6735176 -1.678754 -1.7173198 -1.7428156 -1.7459739 -1.745204 -1.755264 -1.7602015 -1.7759107
-2.695284 -2.7252552 -2.7401789 -2.7032691 -2.6322037 -2.5879514 -2.5829768 -2.5759129 -2.5664375 -2.5603116 -2.5603116 -2.6066815 -2.5917577 -2.5786331 -2.5736585 -2.5280669 -2.5380161 -2.5448551 -2.5448551 -2.5433508 -2.5383763 -2.530556 -2.5106577 -2.473988 -2.4590643 -2.4456551 -2.416296 -2.3890502 -2.3691519 -2.3511762 -2.2726303 -2.1979008 -2.1083584 -2.0248269 -1.9305718 -1.8391211 -1.769477 -1.7173089 -1.6754177 -1.6324139 -1.5852863 -1.5825493 -1.5924984 -1.6073479 -1.6335299 -1.6456351 -1.6516817 -1.6726273 -1.69283 -1.6996097 -1.7060617 -1.7461599 -1.7747271 -1.7802544 -1.7895772 -1.8052863 -1.8209955 -1.8367047
-2.6358935 -2.6645469 -2.6744961 -2.634307 -2.5490285 -2.50185 -2.4968754 -2.4898114 -2.4803361 -2.4742101 -2.639815 -2.7457684 -2.7260248 -2.7110968 -2.6965842 -2.644724 -2.515385 -2.4786232 -2.4786232 -2.477119 -2.4767609 -2.4709473 -2.3962612 -2.3349011 -2.3244921 -2.3131913 -2.2982676 -2.276456 -2.3051019 -2.3114371 -2.2563405 -2.1912776 -2.1257923 -2.0513197 -1.9315189 -1.8334385 -1.7836927 -1.7374704 -1.7008157 -1.6642603 -1.6537875 -1.6543217 -1.6592963 -1.670516 -1.6865154 -1.7035912 -1.7245368 -1.7433527 -1.7590619 -1.768444 -1.7789168 -1.794413 -1.7945967 -1.8039726 -1.8160699 -1.8317791 -1.8474883 -1.9033569
-2.6313428 -2.6477227 -2.6558729 -2.6100969 -2.5248184 -2.4776398 -2.4726653 -2.4656013 -2.4561259 -2.5080297 -2.6741629 -2.7784086 -2.7585103 -2.7402688 -2.7253451 -2.6734849 -2.5441459 -2.4552391 -2.4552391 -2.4552391 -2.4552391 -2.4319849 -2.3535805 -2.2985975 -2.2920066 -2.2820575 -2.2705429 -2.2699285 -2.3082106 -2.3237563 -2.2782825 -2.2268128 -2.1713285 -2.0881806 -1.9677435 -1.8792098 -1.8321275 -1.7899219 -1.7558736 -1.7323545 -1.7218817 -1.7146638 -1.7160064 -1.7241797 -1.7381744 -1.7538836 -1.7735875 -1.7905411 -1.8062503 -1.8174947 -1.8279675 -1.8238043 -1.8243552 -1.8399871 -1.8520844 -1.8677936 -1.8950237 -1.9495091
