mean_models/J1_mean_tot_conduct_slide_46.19.dat.tif
NCOLS 118
NROWS 92
XLLCORNER 139.62
YLLCORNER -39.07
DX 0.099491525
DY 0.099347826
NODATA_VALUE -9999
[rows 52 to 77 of 92, columns 57 to 113 of 118]
-2.9607446 -2.9709092 -2.9930184 -3.0269058 -3.068797 -3.1116374 -3.1535286 -3.201972 -3.2484875 -3.2825694 -3.3148813 -3.3305905 -3.3484145 -3.3649964 -3.3733551 -3.3733551 -3.3524794 -3.3193155 -3.2391266 -3.1445504 -2.9953131 -2.8388812 -2.6398982 -2.4489089 -2.2557783 -2.1210494 -2.0062619 -1.9758475 -1.9651271 -2.0429051 -2.1312872 -2.2418333 -2.3482234 -2.4477078 -2.4952449 -2.5282876 -2.5048778 -2.454035 -2.401363 -2.3558595 -2.3106468 -2.3055025 -2.3089998 -2.3733767 -2.4592568 -2.5646007 -2.6857971 -2.822964 -2.9494956 -3.0815649 -3.1693515 -3.2190026 -3.2494953 -3.2049266 -3.11823 -2.9836239 -2.7903935
-3.0726295 -3.08022 -3.0961633 -3.1206975 -3.155984 -3.1871035 -3.2238085 -3.2503492 -3.2904468 -3.3133393 -3.3445778 -3.3647811 -3.3820767 -3.4026079 -3.4191898 -3.4278736 -3.4104772 -3.3791534 -3.2961167 -3.2066761 -3.0416645 -2.881269 -2.6780825 -2.4722051 -2.2669898 -2.1152234 -1.9945339 -1.9413183 -1.9237129 -1.9935723 -2.0590087 -2.1561685 -2.2510439 -2.3441936 -2.3880355 -2.4245424 -2.4114222 -2.3786156 -2.3473013 -2.3499334 -2.3245818 -2.3705915 -2.3868123 -2.470253 -2.5504375 -2.6489215 -2.7306713 -2.8472193 -2.9185292 -3.0297143 -3.0879773 -3.1116513 -3.137902 -3.1086231 -3.0304701 -2.9083873 -2.7239108
-3.1715562 -3.1742553 -3.1853099 -3.1988496 -3.2250316 -3.2446919 -3.2708738 -3.2890041 -3.3111134 -3.3315922 -3.3551683 -3.3777245 -3.4044387 -3.4275895 -3.4537958 -3.4703777 -3.4656471 -3.4380105 -3.3605011 -3.2746518 -3.1135403 -2.9399103 -2.7354 -2.5261657 -2.3096254 -2.1472003 -2.014545 -1.9559922 -1.9181285 -1.9708005 -2.0183022 -2.1067391 -2.1818319 -2.2637661 -2.2966292 -2.3284554 -2.3167505 -2.3050456 -2.2933407 -2.3155381 -2.3272429 -2.391366 -2.4530332 -2.5472824 -2.6373273 -2.7309663 -2.8029335 -2.8790152 -2.9253312 -2.9777607 -3.0128754 -3.0186146 -3.0361719 -3.0127485 -2.9548419 -2.8436455 -2.6591689
-3.2366504 -3.2320463 -3.226519 -3.2326395 -3.238278 -3.2500978 -3.2576275 -3.2677818 -3.2779974 -3.294763 -3.3154292 -3.3468476 -3.377946 -3.4221644 -3.4569727 -3.4956638 -3.4995352 -3.490996 -3.4190617 -3.3408837 -3.1916464 -3.0260118 -2.8215014 -2.6122672 -2.3957268 -2.2290014 -2.0874 -2.0224377 -1.9777372 -2.0079597 -2.0427414 -2.0980145 -2.1591358 -2.2107806 -2.2286085 -2.2423539 -2.2306491 -2.2194761 -2.231181 -2.2715599 -2.3206198 -2.4116616 -2.4993955 -2.6222968 -2.7229169 -2.8107035 -2.8707484 -2.9253776 -2.9277754 -2.9553551 -2.9495027 -2.9436502 -2.9434473 -2.9327226 -2.8824123 -2.7829208 -2.5954931
-3.2634293 -3.2331332 -3.2144036 -3.2041033 -3.1899539 -3.1853152 -3.1720328 -3.1587624 -3.1625265 -3.1787412 -3.1976611 -3.2309562 -3.2734242 -3.3265136 -3.3838205 -3.4338268 -3.4528758 -3.4706489 -3.4121414 -3.3632243 -3.2158483 -3.0730987 -2.8761881 -2.6929306 -2.4867051 -2.3199797 -2.1804544 -2.1148 -2.0598108 -2.0787681 -2.098495 -2.1395072 -2.1495072 -2.1829554 -2.1951302 -2.1708829 -2.1564669 -2.1403602 -2.1572823 -2.2021975 -2.2909165 -2.4294225 -2.5311274 -2.6630068 -2.7975183 -2.8942674 -2.9599802 -2.9880303 -2.9497536 -2.9476449 -2.9247649 -2.9066792 -2.8826555 -2.864382 -2.8228036 -2.7260005 -2.5407612
-3.2210598 -3.1705819 -3.1374181 -3.1009112 -3.0747293 -3.0461378 -3.0251922 -3.0089218 -2.9978672 -3.0120311 -3.0342516 -3.0774924 -3.1295508 -3.2016657 -3.2761714 -3.3369718 -3.3843964 -3.412033 -3.3807288 -3.3450207 -3.2279642 -3.0974887 -2.92292 -2.7501625 -2.5570319 -2.4089849 -2.2708023 -2.2018126 -2.145 -2.145 -2.1408908 -2.163 -2.1625 -2.1625 -2.1303126 -2.1024531 -2.0718654 -2.0595174 -2.0829272 -2.1649322 -2.2644237 -2.4173776 -2.5663136 -2.7358619 -2.8771481 -2.982492 -3.0323524 -3.0557622 -2.999322 -2.9527393 -2.9117722 -2.8604322 -2.83117 -2.81041 -2.766654 -2.673015 -2.4907757
-3.109288 -3.0469465 -2.9806188 -2.933866 -2.8826568 -2.8457032 -2.806627 -2.7847785 -2.7660556 -2.7763758 -2.7958168 -2.8481807 -2.9043624 -2.987272 -3.0688527 -3.1572896 -3.2154668 -3.2663228 -3.2509612 -3.2390497 -3.1506128 -3.03788 -2.89417 -2.7358797 -2.5835247 -2.4468807 -2.330411 -2.2647565 -2.2112319 -2.2025129 -2.1910401 -2.1799855 -2.1638087 -2.1293841 -2.0783718 -2.0295981 -1.9944834 -1.9800443 -2.0151589 -2.1112058 -2.237931 -2.4223425 -2.5994295 -2.7984126 -2.9511474 -3.0740487 -3.1176877 -3.1286173 -3.0450436 -2.9842322 -2.902298 -2.835618 -2.7848077 -2.7596843 -2.7137508 -2.6259642 -2.4465774
-2.944375 -2.8618272 -2.7854593 -2.7180924 -2.6608426 -2.6048881 -2.5595294 -2.5244105 -2.5013866 -2.5113396 -2.5289037 -2.5812677 -2.6425731 -2.728859 -2.8166179 -2.9073766 -2.9818963 -3.0397036 -3.0405699 -3.0528187 -2.997178 -2.9065095 -2.7918439 -2.6609012 -2.5258756 -2.428642 -2.3248563 -2.2816478 -2.2292323 -2.2175274 -2.2001365 -2.1807609 -2.143707 -2.098117 -2.0265971 -1.9660613 -1.9263747 -1.9138124 -1.9588398 -2.0890492 -2.2317902 -2.4528062 -2.6501046 -2.8742459 -3.043872 -3.1667733 -3.2024862 -3.2067721 -3.0989132 -3.0137032 -2.9101091 -2.8080502 -2.7448617 -2.7085756 -2.6626421 -2.5825293 -2.4206998
-2.7495543 -2.6562837 -2.5678468 -2.4915344 -2.4234613 -2.3611997 -2.3037958 -2.2663308 -2.2331669 -2.2427526 -2.2575776 -2.3099416 -2.3685079 -2.4569448 -2.5450672 -2.6390314 -2.7128601 -2.7791878 -2.8047104 -2.8219274 -2.7721817 -2.7178718 -2.6183803 -2.5362056 -2.4250091 -2.3407217 -2.2729316 -2.2390757 -2.2141671 -2.2024622 -2.18918 -2.1615435 -2.1197288 -2.0612043 -1.9868579 -1.9119308 -1.8709637 -1.8660545 -1.9245789 -2.0616361 -2.2412407 -2.4776066 -2.7099379 -2.9440357 -3.1379662 -3.2608675 -3.2965804 -3.2848023 -3.159686 -3.0377179 -2.9089641 -2.7986879 -2.706759 -2.6624938 -2.6141644 -2.5439351 -2.3862143
-2.5194909 -2.4244721 -2.3360352 -2.2586123 -2.1853028 -2.1243482 -2.0719842 -2.0345192 -2.0013553 -2.0042681 -2.0125197 -2.056775 -2.1102035 -2.1888602 -2.2726817 -2.3555913 -2.428063 -2.4943907 -2.5224399 -2.5437535 -2.5083328 -2.4661906 -2.4037861 -2.3449382 -2.279299 -2.2056517 -2.1669606 -2.1472445 -2.141312 -2.1422943 -2.1361945 -2.1195435 -2.0799896 -2.0214652 -1.949749 -1.8788149 -1.8499068 -1.8528081 -1.9399553 -2.0893907 -2.2942262 -2.5487207 -2.7960394 -3.0389342 -3.237314 -3.3602153 -3.3861489 -3.3510342 -3.1933491 -3.0569789 -2.8931105 -2.7715931 -2.6603967 -2.6071439 -2.5545557 -2.5017394 -2.3580725
-2.315375 -2.2293015 -2.150383 -2.0803062 -2.0114912 -1.9597249 -1.9094118 -1.8762358 -1.8433988 -1.8376812 -1.8418069 -1.8723258 -1.9147938 -1.9727008 -2.0403844 -2.1123376 -2.1708922 -2.2326733 -2.2627298 -2.2797946 -2.2612676 -2.2313994 -2.1866267 -2.1438655 -2.0957135 -2.0753696 -2.0425258 -2.0605416 -2.0557607 -2.0658743 -2.0904292 -2.0844203 -2.057688 -2.0048058 -1.9627925 -1.8932542 -1.8920517 -1.9043498 -2.0015275 -2.1844088 -2.3933711 -2.6478657 -2.9057739 -3.1475139 -3.3458937 -3.455162 -3.437834 -3.3988023 -3.2088057 -3.0463412 -2.8670104 -2.7137901 -2.6001865 -2.5469338 -2.4962085 -2.455674 -2.3736401
-2.1251014 -2.055816 -1.9894883 -1.9345526 -1.8769522 -1.8363191 -1.7946922 -1.7710329 -1.7433963 -1.7371346 -1.736604 -1.762786 -1.7884822 -1.8327006 -1.8743337 -1.9296067 -1.9680082 -2.0105066 -2.0251017 -2.0351207 -2.0185388 -1.9962545 -1.9575633 -1.9323076 -1.9088978 -1.9015 -1.9047822 -1.9331109 -1.9686727 -2.0037873 -2.0370162 -2.0425435 -2.043159 -2.0080443 -1.969929 -1.9412397 -1.9470921 -1.995447 -2.1066434 -2.2932422 -2.5214874 -2.7732787 -3.0311869 -3.2711371 -3.4434794 -3.5371185 -3.5098775 -3.4322654 -3.2238311 -3.0208703 -2.8218873 -2.6637104 -2.5331464 -2.4807019 -2.4397722 -2.4163624 -2.3405242
-2.0211051 -1.9635847 -1.9248936 -1.8798442 -1.8484258 -1.8156378 -1.7946922 -1.7771328 -1.7566427 -1.7503809 -1.7498504 -1.7603369 -1.7752358 -1.7908962 -1.8190522 -1.8301069 -1.852646 -1.8581733 -1.8607873 -1.8496715 -1.8296387 -1.804182 -1.7745018 -1.7577174 -1.7565645 -1.7590242 -1.792188 -1.8367019 -1.8958176 -1.9596225 -2.0105234 -2.053587 -2.0767923 -2.0742762 -2.0536594 -2.0538339 -2.086911 -2.1544035 -2.2823823 -2.4720683 -2.7003135 -2.9370802 -3.1835203 -3.3850575 -3.5352397 -3.5820593 -3.5368386 -3.4256422 -3.1932923 -2.9811312 -2.7588544 -2.5941268 -2.4536681 -2.4104721 -2.3735403 -2.3785 -2.3211452
-2.0001485 -1.9667347 -1.9415385 -1.9227663 -1.8981867 -1.8883116 -1.8709459 -1.8662536 -1.850261 -1.8443665 -1.8380598 -1.8323152 -1.8307734 -1.8231353 -1.8172172 -1.813846 -1.7901078 -1.7865791 -1.7785047 -1.7356843 -1.6958778 -1.6737686 -1.6495018 -1.6373136 -1.6416884 -1.683275 -1.7199634 -1.8042164 -1.866019 -1.9471534 -2.0539906 -2.1183116 -2.1703654 -2.187739 -2.2200797 -2.2221734 -2.2862371 -2.3593677 -2.4903388 -2.6607874 -2.8836251 -3.0800222 -3.3068448 -3.4508691 -3.5839499 -3.6048076 -3.494025 -3.3786494 -3.1328431 -2.9015588 -2.679166 -2.5139765 -2.3741899 -2.3444504 -2.3215896 -2.3366303 -2.3365804
-1.9984312 -1.9955028 -1.9899755 -1.9901649 -1.9849285 -1.9877174 -1.9877174 -1.9910435 -1.9910435 -1.9879172 -1.9799602 -1.9689204 -1.9511285 -1.9290192 -1.8945071 -1.8668705 -1.8199266 -1.7757081 -1.7269558 -1.6703742 -1.6219658 -1.5811019 -1.5589927 -1.5523788 -1.5640837 -1.613804 -1.6746044 -1.7710682 -1.8665465 -1.9835954 -2.1048457 -2.1932826 -2.2730973 -2.3316217 -2.380158 -2.4201383 -2.4922361 -2.5831384 -2.7177445 -2.8737802 -3.0669108 -3.2409269 -3.416067 -3.532304 -3.6032662 -3.5915613 -3.4641482 -3.3061322 -3.0531314 -2.8099139 -2.587521 -2.4300925 -2.2954863 -2.2735404 -2.270926 -2.3001883 -2.3112254
-2.0661884 -2.0739961 -2.0959465 -2.1061812 -2.1240154 -2.1367317 -2.1532971 -2.1661643 -2.1764928 -2.1818364 -2.1786559 -2.1577103 -2.1355323 -2.0913138 -2.0416198 -1.9662184 -1.9003097 -1.8220705 -1.7597234 -1.6769974 -1.6106697 -1.5612253 -1.5335887 -1.5282649 -1.5508373 -1.6112453 -1.6878508 -1.8066737 -1.919532 -2.0603899 -2.2036183 -2.3307464 -2.4268611 -2.517071 -2.5867799 -2.6453267 -2.7272609 -2.8215732 -2.9343246 -3.0634422 -3.2192441 -3.3427345 -3.4822989 -3.5349709 -3.5900198 -3.5198894 -3.3703978 -3.193538 -2.9356236 -2.6906965 -2.4853827 -2.3415641 -2.2226312 -2.2149493 -2.2179405 -2.27492 -2.3041324
-2.1117265 -2.1424961 -2.1709615 -2.199087 -2.2281602 -2.2540433 -2.287717 -2.327125 -2.3439709 -2.3498654 -2.3642863 -2.3433407 -2.3166265 -2.2673983 -2.1962213 -2.1073037 -2.0127228 -1.9041159 -1.8142524 -1.7010409 -1.6347132 -1.5674861 -1.5398496 -1.5414501 -1.5730877 -1.6371945 -1.7347561 -1.8591158 -2.0053061 -2.1598351 -2.3181183 -2.4526667 -2.5874797 -2.69157 -2.7678742 -2.8487398 -2.92991 -3.0132948 -3.11197 -3.2274785 -3.3262277 -3.386191 -3.4962699 -3.5375291 -3.4888651 -3.4013756 -3.2386587 -3.0472099 -2.8099642 -2.569095 -2.3781566 -2.2465714 -2.1595014 -2.1725797 -2.1921709 -2.2550286 -2.2886179
-2.1662192 -2.2046762 -2.2433673 -2.284759 -2.3214138 -2.3655722 -2.4074633 -2.4517627 -2.4904538 -2.5160487 -2.5330236 -2.5123842 -2.4782332 -2.4119056 -2.3256704 -2.2206516 -2.1003036 -1.9787028 -1.8571021 -1.7339732 -1.6556739 -1.5912687 -1.5636322 -1.5691457 -1.6159653 -1.7055271 -1.8105459 -1.956203 -2.1071676 -2.2827409 -2.4498931 -2.5991304 -2.7339435 -2.8568448 -2.9452143 -3.0272225 -3.0950404 -3.1671491 -3.2432309 -3.3026822 -3.3787639 -3.4183272 -3.4561761 -3.418087 -3.3536155 -3.242419 -3.0728043 -2.8796737 -2.6566334 -2.448305 -2.2785841 -2.1855324 -2.1094507 -2.1324751 -2.1725312 -2.2427605 -2.2826995
-2.1529728 -2.1926879 -2.2367441 -2.2866938 -2.3412834 -2.3958909 -2.4538257 -2.5146791 -2.5699321 -2.6086232 -2.6323714 -2.6218986 -2.5900438 -2.5126615 -2.420679 -2.3001298 -2.1672767 -2.0250651 -1.8991937 -1.7670892 -1.6841796 -1.6181742 -1.6071195 -1.6207874 -1.6888203 -1.7867892 -1.9032706 -2.0566416 -2.2131386 -2.3925497 -2.5624873 -2.7117246 -2.8465377 -2.969439 -3.0541493 -3.1331935 -3.1858655 -3.2532505 -3.2919995 -3.3163614 -3.3522712 -3.339613 -3.3435819 -3.2675002 -3.1946589 -3.0549019 -2.8867015 -2.7008476 -2.5080713 -2.309218 -2.1895603 -2.1259013 -2.0763347 -2.1188995 -2.165908 -2.2415503 -2.277328
-2.071227 -2.110942 -2.1551605 -2.2166998 -2.2785261 -2.3612602 -2.4297121 -2.5167031 -2.5842174 -2.6419322 -2.6737012 -2.6669297 -2.6412421 -2.5670161 -2.4653871 -2.3395829 -2.1971064 -2.046822 -1.9111864 -1.7838531 -1.7188043 -1.6559794 -1.6619777 -1.6897356 -1.7666497 -1.8795776 -2.00267 -2.1535908 -2.3152689 -2.4936438 -2.6386632 -2.775132 -2.8971235 -3.0147408 -3.0858719 -3.1619941 -3.2016103 -3.2486442 -3.2702096 -3.2522884 -3.2623085 -3.2123325 -3.1823535 -3.0864065 -2.9854843 -2.8450256 -2.6926777 -2.5135051 -2.3618352 -2.1963514 -2.0992026 -2.0823631 -2.0529512 -2.1114332 -2.169995 -2.2414008 -2.2618096
-1.9450344 -1.9739705 -2.0181889 -2.0812427 -2.1545523 -2.248282 -2.3442443 -2.4532259 -2.5471901 -2.6090922 -2.6640299 -2.6587935 -2.6400733 -2.5682183 -2.469692 -2.3370366 -2.1919786 -2.0387772 -1.9096624 -1.7908412 -1.7300409 -1.6939489 -1.7105308 -1.7687035 -1.8564901 -1.9749663 -2.1059769 -2.256589 -2.4024799 -2.5604958 -2.6918848 -2.8134855 -2.8987451 -2.9982367 -3.0652659 -3.1192425 -3.1543572 -3.1736522 -3.1736522 -3.1542164 -3.1221007 -3.0581025 -2.9930906 -2.8877466 -2.7688533 -2.6283947 -2.4790757 -2.3303701 -2.2047932 -2.0919785 -2.0217492 -2.0170257 -2.034633 -2.1044968 -2.1715503 -2.2359272 -2.253307
-1.7577717 -1.782272 -1.8320178 -1.9008152 -1.9950703 -2.0979666 -2.2184037 -2.3440328 -2.4610887 -2.5334349 -2.597798 -2.6009601 -2.5870878 -2.5152328 -2.4172688 -2.2901408 -2.1504672 -2.0122845 -1.8965275 -1.7974644 -1.7590212 -1.7403112 -1.7807972 -1.8513162 -1.9624611 -2.0771008 -2.1987015 -2.3314762 -2.4554654 -2.5741156 -2.6844889 -2.7673986 -2.8305416 -2.8856425 -2.941571 -2.9801556 -3.0027764 -3.0146786 -3.0088262 -2.9834709 -2.9366514 -2.8622108 -2.7877718 -2.6824278 -2.5643263 -2.4355726 -2.3017088 -2.1846599 -2.0906373 -1.9946015 -1.9711918 -1.9804196 -2.0213867 -2.0999482 -2.1713567 -2.2240287 -2.2292505
-1.5561775 -1.5870129 -1.6418077 -1.7336431 -1.8361138 -1.9662744 -2.0925631 -2.2353486 -2.3643638 -2.4576812 -2.5245199 -2.533692 -2.5225598 -2.4574864 -2.3662341 -2.2437784 -2.1270882 -1.9953135 -1.8888681 -1.823988 -1.8339487 -1.8275128 -1.8936015 -1.9641205 -2.0753169 -2.1785074 -2.2961871 -2.3654182 -2.4859528 -2.5793308 -2.6098038 -2.6620435 -2.7059542 -2.7434409 -2.7695282 -2.8070446 -2.8200155 -2.8300554 -2.824203 -2.7968451 -2.7512021 -2.6815224 -2.6026031 -2.5056742 -2.3912973 -2.2740297 -2.176612 -2.0627542 -2.0020576 -1.9339566 -1.9241568 -1.9643312 -2.0081403 -2.0914626 -2.1628712 -2.2078259 -2.1696604
-1.3704935 -1.3964243 -1.4572247 -1.5579816 -1.6784187 -1.8227402 -1.9693593 -2.1209759 -2.2702132 -2.3674965 -2.4499544 -2.4617427 -2.4572891 -2.3967144 -2.317599 -2.2015256 -2.0993118 -1.9887657 -1.9190246 -1.8713729 -1.8979068 -1.9312261 -2.0100767 -2.0992541 -2.2104505 -2.3002946 -2.3997862 -2.4491191 -2.5082348 -2.5433494 -2.5352665 -2.5573758 -2.5634061 -2.575111 -2.5925794 -2.6147274 -2.6290492 -2.635116 -2.6292635 -2.612286 -2.5713189 -2.5068857 -2.4346311 -2.3437808 -2.2456252 -2.1402813 -2.053244 -1.9596049 -1.9114416 -1.8817282 -1.8875807 -1.9336868 -1.9922113 -2.0761552 -2.1458231 -2.1809377 -2.1309089
-1.2160725 -1.2425666 -1.3199489 -1.4280569 -1.5642032 -1.7176303 -1.884204 -2.0414329 -2.1992504 -2.3003945 -2.3860879 -2.4070335 -2.4076151 -2.3578694 -2.2858846 -2.1919204 -2.1061901 -2.0313433 -1.986507 -1.9707207 -2.0259938 -2.0802478 -2.1797393 -2.2758457 -2.3811897 -2.449926 -2.5062303 -2.5186879 -2.5366199 -2.5043177 -2.4584265 -2.4142081 -2.3952308 -2.3693191 -2.3804784 -2.3947429 -2.4181527 -2.4306997 -2.4424046 -2.4361883 -2.4152009 -2.3613048 -2.2998019 -2.2237202 -2.1345971 -2.0468105 -1.9709132 -1.8957384 -1.8566538 -1.8334301 -1.8509874 -1.9028667 -1.9709224 -2.0504859 -2.115823 -2.1333803 -2.0703295
-1.1544529 -1.1839989 -1.2675027 -1.3861087 -1.5266136 -1.6878938 -1.857165 -2.0233752 -2.1846751 -2.2861864 -2.3733006 -2.3942462 -2.4004096 -2.3585179 -2.3039228 -2.2271932 -2.1715011 -2.1123708 -2.0858548 -2.1128126 -2.1995011 -2.2659323 -2.3737864 -2.4640855 -2.5544345 -2.5915052 -2.629119 -2.57249 -2.5634147 -2.4981945 -2.3874118 -2.3099493 -2.2611008 -2.2234717 -2.2187609 -2.2292135 -2.2628685 -2.2825196 -2.3063401 -2.3235335 -2.3128276 -2.2811659 -2.2267927 -2.1649422 -2.084344 -2.0033729 -1.9391805 -1.8716192 -1.8332723 -1.8157318 -1.8332891 -1.8775414 -1.9448036 -2.019738 -2.0793919 -2.0938405 -2.0139452
