mean_models/J1_mean_vp_slide_diff2_100.dat.tif
NCOLS 118
NROWS 92
XLLCORNER 139.62
YLLCORNER -39.07
DX 0.099491525
DY 0.099347826
NODATA_VALUE -9999
[rows 0 to 23 of 92, columns 0 to 53 of 118]
-9999 -9999 -9999 -9999 -9999 -9999 -9999 -9999 -9999 -9999 -9999 -9999 -9999 -9999 -9999 -9999 -9999 -9999 -9999 -9999 -9999 -9999 -9999 -9999 -9999 -9999 -9999 -9999 -9999 -9999 -9999 -9999 -9999 -9999 -9999 -9999 -9999 -9999 -9999 -9999 -9999 -9999 -9999 -9999 -9999 -9999 -9999 -9999 -9999 -9999 -9999 -9999 -9999 -9999
-9999 0.12740661 0.12636309 0.12531957 0.12427605 0.12323253 0.12153787 0.1219368 0.12496306 0.12712219 0.12928132 0.13144045 0.13359958 0.13630804 0.13942233 0.14174065 0.14405897 0.14637728 0.1486956 0.15142373 0.15509728 0.15877084 0.1624444 0.16611796 0.16893319 0.16614389 0.16109357 0.15396138 0.14682918 0.13969699 0.1325648 0.12963176 0.13479334 0.13995493 0.14511652 0.1502781 0.15498594 0.15990707 0.16411183 0.16620887 0.16830591 0.17040295 0.17249999 0.16893388 0.16356153 0.15891248 0.15426343 0.14961439 0.14496534 0.13869003 0.13380091 0.12891179 0.12402267 0.11913355
-9999 0.12139999 0.12035647 0.11931296 0.11826944 0.11606834 0.11314215 0.11354108 0.11777762 0.12136271 0.12352183 0.12568096 0.12784009 0.13054856 0.13435709 0.13784125 0.14015956 0.14247788 0.1447962 0.14752432 0.15119788 0.15487144 0.158545 0.15982653 0.15732067 0.15453137 0.15098239 0.14674686 0.13961467 0.13248248 0.12535028 0.12241724 0.12757883 0.13274042 0.137902 0.14221922 0.14566297 0.15058411 0.15761885 0.16284367 0.16494071 0.16703775 0.16913479 0.16556868 0.15793139 0.15200387 0.14735483 0.14270578 0.13805673 0.13170543 0.12505993 0.11995704 0.11506792 0.1101788
-9999 0.11539338 0.11434986 0.11330634 0.11059882 0.10767262 0.10474643 0.10514536 0.1093819 0.11361845 0.11776235 0.11992148 0.12208061 0.12478907 0.12859761 0.13240614 0.13621468 0.13857848 0.1408968 0.14362492 0.14729848 0.15097204 0.15071987 0.14821401 0.14570815 0.14291885 0.13936987 0.13582089 0.13227191 0.12526796 0.11813577 0.11520273 0.12036431 0.1255259 0.1294525 0.13289625 0.13634001 0.14126114 0.14829588 0.15533062 0.16157551 0.16367255 0.16576959 0.16220348 0.15456619 0.14692891 0.14044622 0.13579717 0.13114813 0.12479682 0.11815132 0.11150582 0.10611316 0.10122404
-9999 0.10938677 0.10805548 0.10512929 0.1022031 0.099276904 0.096350711 0.09674964 0.10098618 0.10522273 0.10945927 0.11369582 0.11632113 0.11902959 0.12283812 0.12664666 0.1304552 0.13426373 0.1369974 0.13972552 0.14339908 0.14161321 0.13910735 0.13660149 0.13409563 0.13130633 0.12775735 0.12420837 0.12065939 0.11711041 0.11092125 0.10798821 0.1131498 0.11668577 0.12012953 0.12357329 0.12701704 0.13193818 0.13897291 0.14600765 0.15304239 0.16007713 0.16240439 0.15883827 0.15120099 0.14356371 0.13592642 0.12888857 0.12423952 0.11788821 0.11124271 0.10459721 0.097951711 0.092269281
-9999 0.10258596 0.099659762 0.09673357 0.093807377 0.090881185 0.087954992 0.088353921 0.092590465 0.09682701 0.10106356 0.1053001 0.10953664 0.11327011 0.11707864 0.12088718 0.12469571 0.12850425 0.13231278 0.13501241 0.13250655 0.13000069 0.12749483 0.12498897 0.12248311 0.11969381 0.11614483 0.11259585 0.10904687 0.10549789 0.10194891 0.1004753 0.10391905 0.10736281 0.11080656 0.11425032 0.11769408 0.12261521 0.12964995 0.13668469 0.14371942 0.15075416 0.1577889 0.15547307 0.14783579 0.14019851 0.13256122 0.12492394 0.11733091 0.11097961 0.10433411 0.097688606 0.091043105 0.084397604
-9999 0.099954628 0.097028436 0.094102243 0.091176051 0.088249858 0.085558905 0.086174024 0.090410569 0.094647114 0.098883659 0.1031202 0.10706044 0.11006349 0.11236622 0.11617476 0.11998329 0.12379183 0.12760036 0.12949952 0.12699366 0.1244878 0.12198194 0.11947608 0.11658566 0.11482466 0.11658685 0.11303787 0.10948889 0.10593991 0.10239093 0.10123043 0.10467419 0.10811795 0.1115617 0.11500546 0.1160093 0.11802033 0.12505507 0.13208981 0.13912454 0.14615928 0.15159654 0.15536276 0.15274784 0.14511056 0.13747327 0.12983599 0.12219871 0.11540706 0.10876156 0.10211605 0.095470554 0.090227176
-9999 0.098236545 0.095310353 0.09238416 0.089457967 0.086886453 0.084363772 0.084978891 0.089215436 0.093451981 0.097688526 0.10143464 0.10501536 0.1080184 0.10986464 0.11171087 0.11543675 0.11924529 0.12305383 0.12495298 0.12244712 0.11994126 0.1174354 0.11426106 0.11072181 0.10896082 0.11196597 0.11497112 0.11184068 0.1082917 0.10474272 0.10358223 0.10702599 0.11046974 0.1139135 0.11366395 0.11216348 0.11417451 0.12120925 0.12824399 0.13527872 0.1401412 0.14470117 0.14846738 0.15166298 0.15133396 0.14369667 0.13605939 0.12842211 0.12163046 0.11498496 0.10833946 0.10415584 0.10309483
-9999 0.096518462 0.093592269 0.090736681 0.088214 0.085691319 0.083168638 0.083783758 0.088020303 0.092228122 0.095808839 0.099389555 0.10297027 0.10597332 0.10781955 0.10966578 0.11151201 0.11469875 0.11850729 0.12040645 0.11790059 0.11539473 0.11193646 0.10839721 0.10485797 0.10309697 0.10610212 0.10910727 0.11211242 0.1106435 0.10709452 0.10593403 0.10937778 0.11281906 0.11131859 0.10981813 0.10831766 0.1103287 0.11736343 0.12412588 0.12868585 0.13324582 0.13780579 0.14157201 0.14476761 0.14796321 0.14992008 0.14228279 0.13464551 0.12785386 0.12120836 0.1180845 0.1170235 0.11596249
-9999 0.094800379 0.092064229 0.089541548 0.087018867 0.084496186 0.081973505 0.082588625 0.086602321 0.090183037 0.093763753 0.097344469 0.10092519 0.10392823 0.10577446 0.10762069 0.10946693 0.11131316 0.11396075 0.11585991 0.1131511 0.10961186 0.10607261 0.10253337 0.09899412 0.097233122 0.10023827 0.10324342 0.10624857 0.10925372 0.10944631 0.10828582 0.11047371 0.10897324 0.10747278 0.10597231 0.10447184 0.10648288 0.11267054 0.11723051 0.12179048 0.12635045 0.13091042 0.13467664 0.13787223 0.14106783 0.14426343 0.14745903 0.14086891 0.13407726 0.13201317 0.13095216 0.12989115 0.12883015
-9999 0.093946341 0.09142366 0.088900979 0.086378298 0.083855617 0.081332936 0.08193835 0.085519066 0.089099782 0.092680498 0.096261215 0.099841931 0.10232311 0.10416934 0.10601557 0.1078618 0.10970804 0.11155427 0.11177201 0.10823276 0.10469352 0.10115427 0.097615029 0.094075784 0.091752804 0.094757954 0.097763104 0.10076825 0.1037734 0.10677855 0.10824473 0.10674427 0.1052438 0.10374333 0.10224286 0.1007424 0.10208458 0.10664455 0.11120452 0.11576449 0.12032446 0.12488443 0.12919597 0.13239157 0.13558717 0.13878277 0.14197837 0.14517396 0.14474021 0.1436792 0.1426182 0.14155719 0.14049618
-9999 0.096940229 0.094417548 0.091894867 0.089372186 0.086849505 0.085907991 0.087158664 0.09073938 0.094320096 0.097900813 0.10148153 0.10429536 0.10591957 0.1056201 0.10729385 0.10914008 0.11098631 0.11283254 0.11305029 0.10951104 0.10597179 0.10243255 0.098893305 0.095605483 0.093070561 0.092243939 0.09479633 0.09780148 0.10080663 0.10381178 0.10527796 0.10377749 0.10227702 0.10077656 0.09927609 0.099498157 0.10175632 0.10631629 0.11087626 0.11543623 0.1199962 0.12683027 0.13220071 0.13618252 0.13937812 0.14257371 0.14576931 0.14896491 0.14853116 0.14747015 0.14640914 0.14534814 0.14056496
-9999 0.099934117 0.097411436 0.094888755 0.092664716 0.091896511 0.091128306 0.092378978 0.095959694 0.099540411 0.10308225 0.10566707 0.10825189 0.1098761 0.10957663 0.10927716 0.11041835 0.11226459 0.11411082 0.11432856 0.11078932 0.10725007 0.10371083 0.10051408 0.097341794 0.094806872 0.093980249 0.093153626 0.094834705 0.097839855 0.10084501 0.10231118 0.10081072 0.09931025 0.097871446 0.098520671 0.099169895 0.10142806 0.10598803 0.110548 0.11547899 0.12243756 0.12939614 0.13476657 0.13899531 0.14316906 0.14636466 0.14956026 0.15275586 0.1523221 0.1512611 0.15020009 0.14428647 0.13637352
-9999 0.10292801 0.10040532 0.098653235 0.09788503 0.097116825 0.09634862 0.097599292 0.10118001 0.10445395 0.10703877 0.1096236 0.11220842 0.11383263 0.11353316 0.11323369 0.11293422 0.11354286 0.11538909 0.11560684 0.11206759 0.10859497 0.10542268 0.10225039 0.099078104 0.096543182 0.095716559 0.094889936 0.094063313 0.094873081 0.097878231 0.099344409 0.097843942 0.09689396 0.097543185 0.098192409 0.098841633 0.10109979 0.10565976 0.11108628 0.11804485 0.12500343 0.131962 0.13733244 0.14156118 0.14578991 0.15001865 0.15335121 0.15654681 0.15611305 0.15505204 0.14800798 0.14009503 0.13218207
-9999 0.10592189 0.10464175 0.10387355 0.10310534 0.10233714 0.10156893 0.10281961 0.10582566 0.10841048 0.1109953 0.11358012 0.11616495 0.11778916 0.11748969 0.11719022 0.11689075 0.11659128 0.11666737 0.11688511 0.11350356 0.11033128 0.10715899 0.1039867 0.10081441 0.098279492 0.097452869 0.096626247 0.095799624 0.094973001 0.094911456 0.096377635 0.095916474 0.096565698 0.097214923 0.097864147 0.098513372 0.10077153 0.10669357 0.11365214 0.12061072 0.12756929 0.13452787 0.1398983 0.14412704 0.14835578 0.15258452 0.15681326 0.16033775 0.15964244 0.15172949 0.14381653 0.13590358 0.12799063
-9999 0.11052893 0.10976072 0.10899252 0.10822431 0.10745611 0.1066879 0.10764746 0.11023229 0.11281711 0.11540193 0.11798675 0.12057157 0.12198145 0.12164949 0.12135002 0.12105055 0.12075108 0.12045161 0.11928345 0.11611116 0.11293887 0.10976658 0.1065943 0.10342201 0.098400098 0.096549318 0.095722695 0.094896072 0.094069449 0.093242826 0.092920305 0.093569529 0.094218753 0.094867978 0.095517202 0.096166426 0.097502114 0.10446069 0.11141926 0.11837784 0.12533641 0.13229499 0.13823863 0.14246737 0.14669611 0.15092485 0.15515359 0.15938233 0.15224945 0.1443365 0.13642355 0.1285106 0.12059764
-9999 0.1154124 0.1146442 0.11387599 0.11310779 0.1125863 0.11346117 0.11457091 0.11595173 0.11826961 0.12085443 0.12343926 0.12602408 0.12743396 0.12649094 0.12598217 0.1256827 0.12538323 0.12508376 0.12391559 0.1207433 0.11757102 0.11439873 0.11122644 0.10842411 0.10353934 0.092998466 0.088685064 0.087858441 0.087031818 0.086205195 0.085882674 0.086531898 0.087181123 0.087830347 0.088772273 0.096379159 0.098688823 0.093420061 0.098035843 0.10499442 0.11195299 0.11891157 0.12519724 0.13098911 0.13521784 0.13944658 0.14367532 0.14790406 0.13937672 0.12950429 0.12159134 0.11367839 0.10576544
-9999 0.12029588 0.11952767 0.11875947 0.11872433 0.1195992 0.12047407 0.12158381 0.12296463 0.12434544 0.12630694 0.12889176 0.13147658 0.13288646 0.13194345 0.13100044 0.13031484 0.13001537 0.1297159 0.12854774 0.12537545 0.12220316 0.11911233 0.11633784 0.11356336 0.10867858 0.098137708 0.087596833 0.08082081 0.079994187 0.079167565 0.078845043 0.079494267 0.080143492 0.082849227 0.090456113 0.098062999 0.10037266 0.095103901 0.089835138 0.091610997 0.098569572 0.10552815 0.11181382 0.11761574 0.12341767 0.12796832 0.13219705 0.13642579 0.12789845 0.11716652 0.10675913 0.098846181 0.090933229
-9999 0.12517935 0.12441114 0.12486235 0.12573723 0.1266121 0.12748697 0.12859671 0.12997753 0.13135834 0.13273915 0.13434427 0.13692909 0.13833897 0.13739595 0.13645294 0.13550993 0.13464752 0.13434805 0.13317988 0.13000759 0.12702606 0.12425157 0.12147709 0.1187026 0.11381782 0.10327695 0.092736075 0.082195201 0.072956556 0.072129934 0.071807412 0.072456636 0.076926181 0.084533067 0.092139953 0.099746839 0.1020565 0.096787741 0.091518978 0.086250216 0.085186151 0.092144726 0.098430395 0.10423232 0.11003425 0.11583618 0.12071879 0.12494753 0.11642019 0.10568825 0.094956311 0.084224373 0.076101021
-9999 0.13012551 0.13100038 0.13187525 0.13275013 0.133625 0.13449987 0.13560961 0.13699043 0.13837124 0.13975205 0.14113286 0.14251367 0.14379147 0.14284846 0.14190544 0.14096243 0.14001942 0.1390764 0.13781203 0.13493979 0.1321653 0.12939081 0.12661633 0.12384184 0.11895707 0.10841619 0.097875317 0.087334443 0.076793569 0.066252695 0.064769781 0.071003135 0.078610021 0.086216907 0.093823793 0.10143068 0.10374034 0.098471581 0.093202818 0.087934056 0.082665294 0.078761305 0.085046975 0.090848902 0.096650829 0.10245276 0.10825468 0.11346926 0.10494192 0.094209981 0.083478043 0.072746106 0.062014168
-9999 0.13279509 0.13366997 0.13454484 0.13541971 0.13629458 0.13799625 0.14128845 0.14266926 0.14405007 0.14543088 0.14681169 0.1480791 0.14756268 0.14653711 0.14559409 0.14465108 0.14370806 0.14276505 0.14126823 0.13849374 0.13571925 0.13294477 0.13017028 0.12739579 0.1212967 0.11392124 0.10338037 0.092839494 0.082298619 0.071757745 0.067415552 0.075022438 0.082629324 0.09023621 0.097843096 0.10468629 0.10342682 0.098158053 0.092889291 0.087620528 0.082351766 0.077992117 0.078147021 0.083509636 0.089311562 0.095113489 0.10091542 0.10671734 0.098421827 0.087689889 0.076957951 0.066226014 0.055494076
-9999 0.13218844 0.13306331 0.13393818 0.13481306 0.13772045 0.14266877 0.14596096 0.14734178 0.14872259 0.1501034 0.15090329 0.15070463 0.15018821 0.14903543 0.14795223 0.14700921 0.1460662 0.14512319 0.14362636 0.14085188 0.13807739 0.1353029 0.13134195 0.12422316 0.11811694 0.11472461 0.10916135 0.09862048 0.088079606 0.077538732 0.073196539 0.080803425 0.088410311 0.096017197 0.10132315 0.10286611 0.10160664 0.096337874 0.091069112 0.085800349 0.082183699 0.080113932 0.080268837 0.08202303 0.086531514 0.092333441 0.098135368 0.10393729 0.095641778 0.084909841 0.074177903 0.063692109 0.055636138
-9999 0.13158178 0.13245665 0.13333153 0.13744466 0.14239297 0.14734129 0.15063348 0.15201429 0.15339511 0.15372748 0.15352882 0.15333017 0.15281374 0.15166096 0.15050819 0.14936735 0.14842434 0.14748132 0.1459845 0.14321001 0.14043553 0.13528097 0.12816218 0.1210434 0.11493717 0.11154485 0.10815252 0.10440147 0.093860593 0.083319718 0.078977525 0.086584411 0.094191297 0.097960011 0.099502973 0.10104593 0.099786458 0.094517695 0.089248933 0.086375282 0.084305515 0.082235748 0.082390653 0.084144846 0.085899038 0.089553393 0.09535532 0.10115725 0.09286173 0.082129793 0.072151812 0.064095841 0.056039871
-9999 0.13097512 0.13222054 0.13716886 0.14211717 0.14706549 0.15201381 0.155306 0.15668681 0.15655167 0.15635301 0.15615435 0.1559557 0.15543927 0.1542865 0.15313372 0.15198094 0.15082817 0.14983946 0.14834264 0.14556815 0.13921999 0.1321012 0.12498242 0.11786363 0.11175741 0.10836508 0.10497276 0.10158044 0.098188112 0.089100705 0.084758512 0.092365398 0.09459687 0.096139832 0.097682794 0.099225755 0.097966279 0.092697516 0.090566865 0.088497098 0.086427331 0.084357564 0.084512469 0.086266662 0.088020854 0.089775047 0.092575272 0.098377199 0.090081682 0.080611516 0.072555545 0.064499574 0.056443603
