mean_models/J1_mean_vp_slide_diff_80.dat.tif
NCOLS 118
NROWS 92
XLLCORNER 139.62
YLLCORNER -39.07
DX 0.099491525
DY 0.099347826
NODATA_VALUE -9999
[rows 27 to 53 of 92, columns 0 to 59 of 118]
-9999 8.0638237 8.0687341 8.0740726 8.0819609 8.0898493 8.0977377 8.1037042 8.1074525 8.1112009 8.1149493 8.1161372 8.1166224 8.1162497 8.1141589 8.1120681 8.1099773 8.1086671 8.1076698 8.1049374 8.098202 8.0914666 8.0874691 8.0838066 8.0801442 8.0733616 8.0582163 8.043071 8.0279257 8.0226694 8.0213974 8.0216217 8.0247304 8.0278391 8.0291548 8.0304156 8.0316764 8.033281 8.0353774 8.0374737 8.0395701 8.0388038 8.0377641 8.0350664 8.0311768 8.0272873 8.0241464 8.0254743 8.0268023 8.0293744 8.0321616 8.0349488 8.0320239 8.0227778 8.014971 8.0121498 8.0093287 8.0065076 7.999977 7.9927715
-9999 8.0631127 8.0693327 8.077221 8.0851094 8.0929978 8.1008862 8.1068526 8.110601 8.1143494 8.1180978 8.1218462 8.1239999 8.1236272 8.1215364 8.1194456 8.1173548 8.115264 8.1136533 8.1109209 8.1046947 8.1010323 8.0973698 8.0937074 8.0900449 8.0832624 8.068117 8.0529717 8.0378264 8.0226811 8.0139078 8.0141322 8.0168272 8.0180881 8.0193489 8.0206098 8.0218706 8.0234752 8.0255715 8.0276679 8.0297643 8.0318606 8.0318227 8.029125 8.0252354 8.0213458 8.0174562 8.0135666 8.0145423 8.0171145 8.0199017 8.0226888 8.025476 8.0248347 8.0170279 8.0142068 8.0113856 8.0085645 8.0057434 8.0000448
-9999 8.06385 8.0717384 8.0796267 8.0875151 8.0954035 8.1032919 8.109506 8.1132543 8.1170027 8.1207511 8.1244995 8.1282479 8.1297696 8.1276788 8.125588 8.1234971 8.1214063 8.1193155 8.1167495 8.113087 8.1094246 8.1057621 8.1020997 8.0984372 8.0918851 8.0767398 8.0615945 8.0464492 8.0313039 8.0161586 8.0066171 8.0078779 8.0091388 8.0103996 8.0116605 8.0129213 8.0151788 8.0172752 8.0193715 8.0214679 8.0235642 8.0256606 8.0241494 8.0202598 8.0163702 8.0124806 8.008591 8.0047014 8.0065415 8.0093287 8.0121159 8.0149031 8.0176902 8.018164 8.0153428 8.0125217 8.0097006 8.0068795 8.0040584
-9999 8.0601409 8.0680293 8.0759177 8.0838061 8.0916944 8.097487 8.1041058 8.1118313 8.1155797 8.1193281 8.1230765 8.1268249 8.1279485 8.1238158 8.121562 8.1194712 8.1173804 8.1152896 8.1127236 8.1090611 8.1053987 8.1017362 8.0980738 8.0890234 8.0791449 8.0737013 8.0596965 8.0445512 8.0294059 8.0142606 8.0047191 8.00598 8.0072408 8.0085017 8.0097625 8.013692 8.0178761 8.0214053 8.0235017 8.025598 8.0276944 8.0297907 8.0278497 8.0232347 8.0193451 8.0154555 8.0115659 8.0076763 8.0097232 8.0126435 8.0154307 8.0182179 8.0210051 8.0206983 8.0096743 8.006077 8.0032559 8.0004348 7.9976136
-9999 8.0564319 8.0643203 8.0722086 8.0796395 8.0852007 8.090762 8.0973808 8.1052203 8.1130597 8.1179051 8.1216535 8.1254019 8.1265255 8.1223928 8.11826 8.1154453 8.1133545 8.1112637 8.1086976 8.1050352 8.1013727 8.0977103 8.0864974 8.0749642 8.0650857 8.0596421 8.0541986 8.0426533 8.027508 8.0123627 8.0028212 8.004082 8.0053428 8.0067843 8.0113781 8.015972 8.020156 8.0237538 8.0273516 8.0297281 8.0318245 8.0339208 8.0319798 8.0271363 8.0223201 8.0184305 8.0145409 8.0106513 8.0126982 8.015771 8.0187456 8.0215327 8.0243199 8.0240131 8.0129891 8.0019651 7.9968112 7.9939901 7.9911689
-9999 8.0527228 8.0606112 8.0673532 8.0729145 8.0784757 8.084037 8.0906558 8.0984953 8.1063347 8.1141742 8.1202305 8.1239789 8.1251025 8.1209698 8.116837 8.1127043 8.1093286 8.1072378 8.1046717 8.1010093 8.0955047 8.0839714 8.0724382 8.060905 8.0510265 8.0455829 8.0401394 8.0346959 8.02561 8.0104647 8.0009232 8.002184 8.0044704 8.0090643 8.0136581 8.0182519 8.0224359 8.0260337 8.0296316 8.0332294 8.0359546 8.038051 8.0361099 8.0312664 8.0264229 8.0215794 8.0175158 8.0136262 8.0156731 8.018746 8.0218188 8.0248476 8.0276348 8.0273279 8.0163039 8.0052799 7.9942559 7.9875453 7.9847242
-9999 8.0490138 8.055067 8.0606282 8.0661895 8.0717507 8.077312 8.0839308 8.0917703 8.0996097 8.1074492 8.1152886 8.1225559 8.1236795 8.1195468 8.115414 8.1112813 8.1071486 8.1032119 8.1006458 8.0929787 8.0814455 8.0699122 8.058379 8.0468458 8.0369673 8.0315237 8.0260802 8.0206367 8.0151931 8.0085667 7.9990252 8.0021566 8.0067504 8.0113442 8.015938 8.0205318 8.0247159 8.0283137 8.0319115 8.0355093 8.0391071 8.0421811 8.04024 8.0353965 8.0305531 8.0257096 8.0208661 8.0166012 8.018648 8.0217209 8.0247938 8.0278666 8.0309395 8.0306428 8.0196188 8.0085948 7.9975707 7.9865467 7.9782795
-9999 8.0428371 8.0483983 8.0539596 8.0595208 8.0650821 8.0706433 8.0794104 8.0873721 8.0952115 8.103051 8.1108904 8.1187298 8.1183391 8.1121861 8.1080534 8.1039207 8.099788 8.0956553 8.0892847 8.0777515 8.0662183 8.0546851 8.0431518 8.0316186 8.0280059 8.0228918 8.0174482 8.0120047 8.0065611 8.0011176 7.9991025 8.0036963 8.0082901 8.0128839 8.0174777 8.0220716 8.0254198 8.0291593 8.0327571 8.0363549 8.0399527 8.0435505 8.0456379 8.0407944 8.0359509 8.0311074 8.0262639 8.0214204 8.0204583 8.0235312 8.026604 8.0296769 8.0327498 8.0344371 8.025271 8.014247 8.003223 7.992199 7.981175
-9999 8.0362613 8.0418226 8.0473838 8.0529451 8.0588259 8.0654957 8.0743026 8.085576 8.0946509 8.1024903 8.1103297 8.1181692 8.1177784 8.1009061 8.0908999 8.0867672 8.0826345 8.0785018 8.0721313 8.060598 8.0490648 8.0375316 8.0267806 8.0271323 8.0263321 8.0224445 8.0177672 8.0123237 8.0068801 8.0014366 7.9994215 8.0040153 8.0086091 8.0132029 8.0171615 8.0181379 8.0211057 8.0269227 8.0312371 8.0348349 8.0384327 8.0420305 8.0449531 8.0473903 8.0434396 8.0385961 8.0337526 8.0289091 8.0254853 8.0234206 8.0264935 8.0295663 8.0326392 8.0343265 8.0312144 8.0237544 8.0127304 8.0017064 7.9906824
-9999 8.0296856 8.0352468 8.0408081 8.0470482 8.0537181 8.0603879 8.0691948 8.0804682 8.0917416 8.1019296 8.1097691 8.1176085 8.1172177 8.1003455 8.0834732 8.0696137 8.065481 8.0613483 8.0549778 8.0434446 8.0319113 8.0247551 8.0251068 8.0254585 8.0246583 8.0207707 8.0168831 8.0126427 8.0071991 8.0017556 7.9997405 8.0043343 8.0089281 8.0118711 8.0128474 8.0138238 8.0167917 8.0226086 8.0284256 8.0333149 8.0369127 8.0405105 8.0434331 8.0458703 8.0483075 8.0460847 8.0412412 8.0363978 8.032974 8.0297956 8.0266172 8.0294558 8.0325286 8.0342159 8.0311038 8.0279917 8.0222378 8.0112137 8.0001897
-9999 8.0231098 8.0286711 8.0352706 8.0419405 8.0486103 8.0552802 8.0640871 8.0753604 8.0866338 8.0979072 8.1091805 8.1170478 8.1166571 8.0997848 8.0829125 8.0660403 8.049168 8.0441948 8.0378243 8.0262911 8.0227296 8.0230813 8.023433 8.0237847 8.0229845 8.0190969 8.0152093 8.0113217 8.0074341 8.0020746 8.0000595 8.0046533 8.0065806 8.007557 8.0085333 8.0095097 8.0124776 8.0182946 8.0241116 8.0299286 8.0353927 8.0389905 8.0419131 8.0443503 8.0467875 8.0492247 8.0487299 8.0438864 8.0404627 8.0372843 8.0341059 8.0309275 8.032418 8.0341053 8.0309932 8.0278811 8.024769 8.0207211 8.0096971
-9999 8.0168231 8.023493 8.0301628 8.0368327 8.0435025 8.0501724 8.0589793 8.0702527 8.081526 8.0927994 8.1040728 8.1153461 8.1160964 8.0992241 8.0823519 8.0654796 8.0486073 8.031735 8.0206708 8.0207041 8.0210558 8.0214075 8.0217592 8.0221109 8.0213107 8.0174231 8.0135355 8.0096479 8.0057603 8.0018727 8.0003138 8.0012902 8.0022665 8.0032429 8.0042193 8.0051956 8.0081635 8.0139805 8.0197975 8.0256145 8.0314315 8.0372485 8.0403931 8.0428302 8.0452674 8.0477046 8.0501418 8.0513751 8.0479513 8.0447729 8.0415945 8.0384161 8.0352377 8.0339948 8.0308826 8.0277705 8.0246584 8.0215462 8.0184341
-9999 8.0141522 8.020822 8.0274919 8.0341617 8.0408316 8.043879 8.0484085 8.0596819 8.0709552 8.0822286 8.093502 8.102613 8.1025491 8.0904976 8.0736254 8.0567531 8.0398808 8.0230086 8.0113446 8.0116963 8.012048 8.0123997 8.0127514 8.0158812 8.0207843 8.0104535 8.0065659 8.0026783 7.9987907 7.9949031 7.9926769 7.9936533 7.9946296 7.995606 7.9965824 8.0007212 8.0087405 8.0145575 8.0203745 8.0261915 8.0320085 8.0374345 8.0378483 8.0384444 8.0408816 8.0433188 8.045756 8.0481932 8.0458423 8.0426639 8.0394855 8.0363071 8.0324958 8.0256236 8.0225115 8.0193994 8.0162872 8.0131751 8.0152972
-9999 8.0123054 8.0189752 8.0256451 8.0323149 8.0327743 8.0314605 8.03599 8.0472634 8.0585367 8.0698101 8.076748 8.0813176 8.0812537 8.0719111 8.0621371 8.0452648 8.0283926 8.0115203 7.9998563 8.000208 8.0005597 8.0009114 8.0074708 8.0191614 8.0240645 8.0107755 7.9978051 7.9939175 7.99003 7.9861424 7.9839161 7.9848925 7.9858689 7.9868452 7.9933936 8.0029524 8.0109717 8.0167887 8.0226057 8.0284227 8.033655 8.0387239 8.0391377 8.0362049 8.0355266 8.0379638 8.0404009 8.0428381 8.0404873 8.0373089 8.0341305 8.0292886 8.0213309 8.0144587 8.0113465 8.0082344 8.0051223 8.0094846 8.0167619
-9999 8.0104586 8.0171285 8.0229834 8.0216696 8.0203558 8.019042 8.0235715 8.0348449 8.0461183 8.0508829 8.0554525 8.0600221 8.0599583 8.0506157 8.0412731 8.0319305 8.0169043 8.000032 7.988368 7.9887197 7.9890714 7.9990604 8.010751 8.0224416 8.0273447 8.0140557 8.0007666 7.9874776 7.9812692 7.9773816 7.9751554 7.9761318 7.9771081 7.986066 7.9956248 8.0051836 8.013203 8.0190199 8.0248065 8.0298754 8.0349443 8.0400133 8.040427 8.0374943 8.0345616 8.0326087 8.0350459 8.0374831 8.0351322 8.0319538 8.0260814 8.0181236 8.0101659 8.0032937 8.0001816 7.9970694 8.0036721 8.0109494 8.0182266
-9999 8.0086118 8.0118787 8.0105649 8.0092511 8.0079373 8.0066236 8.0111531 8.0204483 8.0250179 8.0295875 8.0341571 8.0387267 8.0386629 8.0293203 8.0199777 8.0106351 8.0012925 7.9885437 7.9768797 7.9789594 7.99065 8.0023406 8.0140312 8.0257218 8.0306249 8.0173359 8.0040468 7.9907578 7.9774688 7.9686209 7.9663946 7.9691797 7.9787385 7.9882973 7.997856 8.0074148 8.0154342 8.0210269 8.0260958 8.0311648 8.0362337 8.0413026 8.0417164 8.0387837 8.0358509 8.0329182 8.0299855 8.032128 8.0297771 8.0228741 8.0149164 8.0069587 7.9990009 7.9921287 7.9905823 7.9978595 8.0051368 8.0124141 8.0196914
-9999 8.0001837 7.9988699 7.9975562 7.9962424 7.9949286 7.9936148 7.9971025 8.0016721 8.0062417 8.0108113 8.0153809 8.0199505 8.0209126 8.01157 8.0022274 7.9928848 7.9835422 7.9741996 7.9712172 7.9829078 7.9945983 8.0062889 8.0179795 8.0296701 8.034877 8.0215879 8.0082989 7.9950099 7.9817209 7.9684318 7.9629469 7.9725056 7.9820644 7.9916232 8.0011819 8.0107407 8.0157642 8.0208331 8.025902 8.0309709 8.0360399 8.0411088 8.0412602 8.0383275 8.0353947 8.032462 8.0295293 8.0265965 8.0199657 8.012008 8.0040503 7.9960925 7.9881348 7.9833208 7.9905981 7.9978753 8.0051526 8.0124299 8.0197072
-9999 7.9827232 7.9814095 7.9800957 7.9787819 7.9774681 7.9936461 8.0027703 8.0018955 8.0064651 8.0110347 8.0156043 8.0201739 8.0223997 8.019932 8.0112146 8.001872 7.9925294 7.9831868 7.9802043 7.9918949 8.0035855 8.0152761 8.0269667 8.032417 8.0338288 8.0317315 8.019881 8.0065919 7.9933029 7.9800139 7.9745289 7.9840877 7.9936465 8.0032052 8.012764 8.0208409 8.0205756 8.0094529 8.0145218 8.0195907 8.0246597 8.0297286 8.0290657 8.024706 8.0217733 8.0188406 8.0159078 8.0129751 8.0093477 8.0033958 7.9954381 7.9874804 7.9795226 7.9745448 7.9798889 7.9869631 7.9942404 8.0015177 8.008795
-9999 7.9652627 7.963949 7.9626352 7.9653099 7.9831769 8.001044 8.0101681 8.0092019 8.0082357 8.0112581 8.0158277 8.0203973 8.0226231 8.0201554 8.0176877 8.0108592 8.0015166 7.992174 7.9891915 8.0008821 8.0125727 8.0242633 8.0272492 8.0299701 8.0313818 8.0292846 8.0271874 8.018174 8.004885 7.9915959 7.986111 7.9956697 8.0052285 8.0146683 8.0224013 8.0301343 8.029869 8.0181609 8.0064528 8.0082106 8.0132795 8.0183484 8.0176855 8.012902 8.0081519 8.0052191 8.0022864 7.9993537 7.9957263 7.9919788 7.9868259 7.9788682 7.9709104 7.9659326 7.9712767 7.9766208 7.9833282 7.9906055 7.9978828
-9999 7.9478023 7.9464885 7.9548406 7.9727077 7.9905747 8.0084418 8.017566 8.0165998 8.0156335 8.0146673 8.0160511 8.0206207 8.0228466 8.0203788 8.0179111 8.0154434 8.0105037 8.0011612 7.9981787 8.0098693 8.0193604 8.0220813 8.0248023 8.0275232 8.0289349 8.0268377 8.0247404 8.0226432 8.016467 8.003178 7.997693 8.0072518 8.0162287 8.0239618 8.0316948 8.0394278 8.0391625 8.0274544 8.0157463 8.0040382 8.0018993 8.0069682 8.0063053 8.0015219 7.9967384 7.991955 7.988665 7.9857322 7.9821048 7.9783574 7.9746099 7.970256 7.9622983 7.9573204 7.9626645 7.9680086 7.9733528 7.9796933 7.9869706
-9999 7.9303418 7.9443714 7.9622385 7.9801055 7.9979726 8.0158396 8.0249638 8.0239976 8.0230314 8.0220652 8.0210989 8.0208442 8.02307 8.0206023 8.0181345 8.0156668 8.0131991 8.0101483 8.0071659 8.0141926 8.0169135 8.0196344 8.0223554 8.0250763 8.026488 8.0243908 8.0222935 8.0201963 8.018099 8.01476 8.0092751 8.0177892 8.0255222 8.0332552 8.0409882 8.0487213 8.0484559 8.0367478 8.0250397 8.0133317 8.0016236 7.995588 7.9949251 7.9901417 7.9853582 7.9805748 7.9757913 7.9721108 7.9684834 7.964736 7.9609885 7.957241 7.9534936 7.9487082 7.9540523 7.9593965 7.9647406 7.9700847 7.9760584
-9999 7.9370757 7.9549428 7.9728098 7.9906769 8.0085439 8.026411 8.0251539 8.0241877 8.0232215 8.0222553 8.0212891 8.0203229 8.0197098 8.0189273 8.0164596 8.0139919 8.0115242 8.0090565 8.0081577 8.0108786 8.0135996 8.0163205 8.0190414 8.0217623 8.0291753 8.0278579 8.0257607 8.0236634 8.0215662 8.0194689 8.0207294 8.0284624 8.0361954 8.0439284 8.0516615 8.0593945 8.0488186 8.0371105 8.0254024 8.0136943 8.0019862 7.9909934 7.9883673 7.9835839 7.9788004 7.974017 7.9692335 7.9644501 7.9605499 7.9568025 7.953055 7.9493076 7.9455601 7.9461799 7.9515241 7.9568682 7.9622123 7.9675564 7.9726729
-9999 7.9526905 7.9705576 7.9884246 8.0062917 8.0173952 8.0154045 8.0138895 8.0129232 8.011957 8.0109908 8.0091252 8.0038644 8.0026321 8.0094672 8.0117678 8.0093 8.0068323 8.0043646 8.0034658 8.0061868 8.0089077 8.0116286 8.0155123 8.0281424 8.0376766 8.0389132 8.0386267 8.0365294 8.0344322 8.0323349 8.0335954 8.0413284 8.0490614 8.0567944 8.0599135 8.0472553 8.034988 8.0232799 8.0115718 7.9998637 7.9914751 7.98884 7.9864543 7.9842478 7.9799065 7.975123 7.9703396 7.9655561 7.961656 7.9579086 7.9541611 7.9504137 7.9512629 7.9533204 7.9586645 7.9640086 7.9693527 7.9737359 7.976058
-9999 7.9683054 7.9861724 8.0040395 8.0081213 8.0061307 8.00414 8.002625 8.0016587 8.0006925 7.9973084 7.9920475 7.9867867 7.9855544 7.9923895 7.9992246 8.0046082 8.0021404 7.9996727 7.998774 8.0014949 8.0042158 8.0113834 8.0240136 8.0366437 8.0461779 8.0474145 8.0486511 8.0493954 8.0472981 8.0452009 8.0464613 8.0541944 8.0619274 8.0587412 8.046083 8.0334248 8.0211575 8.0094494 7.9977413 7.9919569 7.9893217 7.9866866 7.9843008 7.9820944 7.9798879 7.9762291 7.9714457 7.9666622 7.9627621 7.9590146 7.9561862 7.9572948 7.9584034 7.9604609 7.965805 7.9711491 7.974799 7.977121 7.9794431
-9999 7.9839202 8.0008381 7.9988475 7.9968568 7.9948662 7.9928755 7.9913605 7.9903942 7.9854915 7.9802307 7.9749699 7.9697091 7.9684768 7.9753118 7.9821469 7.988982 7.995817 7.9949809 7.9940821 7.996803 8.0072546 8.0198847 8.0325149 8.045145 8.0546792 8.0559158 8.0571524 8.0583889 8.0596255 8.0580669 8.0593273 8.0670604 8.0575688 8.0449106 8.0322524 8.0195943 8.0073269 7.9956189 7.9924386 7.9898035 7.9871683 7.9845332 7.9821474 7.979941 7.9777345 7.9755281 7.9725517 7.9677683 7.9638682 7.962218 7.9633266 7.9644352 7.9655439 7.9676013 7.9729454 7.975862 7.9781841 7.9805061 7.9828282
-9999 7.9915643 7.9895736 7.987583 7.9855923 7.9836017 7.981611 7.9789355 7.9736747 7.9684138 7.963153 7.9578922 7.9526314 7.9513991 7.9582342 7.9650692 7.9719043 7.9787394 7.9855744 7.9904957 8.0031258 8.0157559 8.0283861 8.0410162 8.0536463 8.0631805 8.0644171 8.0656537 8.0668902 8.0681268 8.0693633 8.0690547 8.0563965 8.0437383 8.0310801 8.0184219 8.0057637 7.9955555 7.9929203 7.9902852 7.98765 7.9850149 7.9823797 7.979994 7.9777876 7.9755811 7.9733747 7.9711682 7.9688744 7.9682498 7.9693585 7.9704671 7.9715757 7.9726843 7.974603 7.9769251 7.9792471 7.9815692 7.9838913 7.9862133
-9999 7.9892343 7.9872437 7.985253 7.9832624 7.9812717 7.9769797 7.9714111 7.9661502 7.9608894 7.9556286 7.9503678 7.9498531 7.9499939 7.9441403 7.9509754 7.9578104 7.9646455 7.9714806 7.980068 7.9926981 8.0053282 8.0179583 8.0305884 8.0389368 8.0433368 8.0534226 8.0546592 8.0558958 8.0571323 8.0583689 8.0548595 8.0422013 8.0295431 8.0168849 8.0042267 7.9947894 7.9899821 7.987347 7.9847118 7.9820767 7.9794415 7.9791053 7.9784236 7.976421 7.9742145 7.9720081 7.9698016 7.9675952 7.9682153 7.9693239 7.9704326 7.9715412 7.9734057 7.9769961 7.9793182 7.9816402 7.9839623 7.9862843 7.9787957
