mean_models/J1_mean_vp_slide_diff2_80.dat.tif
NCOLS 118
NROWS 92
XLLCORNER 139.62
YLLCORNER -39.07
DX 0.099491525
DY 0.099347826
NODATA_VALUE -9999
[rows 0 to 23 of 92, columns 54 to 107 of 118]
-9999 -9999 -9999 -9999 -9999 -9999 -9999 -9999 -9999 -9999 -9999 -9999 -9999 -9999 -9999 -9999 -9999 -9999 -9999 -9999 -9999 -9999 -9999 -9999 -9999 -9999 -9999 -9999 -9999 -9999 -9999 -9999 -9999 -9999 -9999 -9999 -9999 -9999 -9999 -9999 -9999 -9999 -9999 -9999 -9999 -9999 -9999 -9999 -9999 -9999 -9999 -9999 -9999 -9999
0.053477181 0.056453191 0.056638494 0.056823797 0.0570091 0.057194403 0.052375425 0.048058317 0.044803523 0.041548729 0.038293935 0.035039141 0.029525426 0.028327909 0.027130393 0.025932877 0.024735361 0.026890488 0.033335696 0.039780905 0.046226113 0.052671322 0.054304931 0.056696579 0.05654002 0.056383462 0.056226904 0.056070345 0.052149933 0.046490555 0.040831176 0.035171798 0.031273663 0.028679922 0.018801774 0.017932819 0.017063863 0.016194908 0.015192533 0.0098482769 0.0045040214 -0.00084023419 -0.0061844898 -0.016063409 -0.018812122 -0.040198208 -0.061584294 -0.08297038 -0.10435647 -0.11210912 -0.11964285 -0.12747582 -0.13530878 -0.14314175
0.046587823 0.051540725 0.055303301 0.055488604 0.055673907 0.05585921 0.051040231 0.042820632 0.037684424 0.034429629 0.031174835 0.027920041 0.021487921 0.015094572 0.013897056 0.01269954 0.011502023 0.013657151 0.020102359 0.026547567 0.032992776 0.033839384 0.034197344 0.037416177 0.040154045 0.039997487 0.039840929 0.03968437 0.035763958 0.03010458 0.024445201 0.02201688 0.030687097 0.028093356 0.0052029841 -0.0069339423 -0.0078028975 -0.0086718528 -0.0096742284 -0.015018484 -0.020362739 -0.025706995 -0.036017305 -0.048437554 -0.047586938 -0.046988425 -0.068374511 -0.089760597 -0.11114668 -0.11889934 -0.12015253 -0.127422 -0.13525497 -0.14308794
0.039698466 0.044651367 0.049604268 0.05415341 0.054338713 0.054524016 0.049705038 0.041485439 0.03326584 0.02731053 0.024055736 0.020800941 0.014368822 0.0078275253 0.0012862289 -0.00053379778 -0.001731314 0.0004238131 0.0068690215 0.013079944 0.013405871 0.013731798 0.014089758 0.017308591 0.020527423 0.023611512 0.023454953 0.023298395 0.019377983 0.013718605 0.012760097 0.021430314 0.030100531 0.02750679 0.0046164179 -0.018273954 -0.032669658 -0.033538614 -0.034540989 -0.039885245 -0.0452295 -0.055971201 -0.06839145 -0.080811699 -0.079961083 -0.077697077 -0.075433071 -0.096550814 -0.1179369 -0.12568955 -0.12694275 -0.12819595 -0.13520116 -0.14303412
0.032809108 0.037762009 0.04271491 0.047667812 0.052620713 0.053188823 0.048369844 0.040150245 0.031930646 0.023711047 0.016936636 0.013681842 0.0072497221 0.00070842569 -0.0058328708 -0.012374167 -0.014964651 -0.012809524 -0.007353569 -0.0070276421 -0.0067017152 -0.0063757884 -0.0060178276 -0.0027989952 0.00041983724 0.0036386697 0.0068575021 0.00691242 0.0029920078 0.0035033133 0.01217353 0.020843748 0.029513965 0.026920224 0.0040298518 -0.01886052 -0.041750892 -0.058405375 -0.05940775 -0.064752006 -0.075925097 -0.088345346 -0.10076559 -0.11318584 -0.11233523 -0.11007122 -0.10780722 -0.10554321 -0.12472712 -0.13247977 -0.13373297 -0.13498616 -0.13623936 -0.14298031
0.02591975 0.030872651 0.035825553 0.040778454 0.045731355 0.050684257 0.047034651 0.038815052 0.030595453 0.022375854 0.014156255 0.0065627421 0.00013062251 -0.0064106739 -0.01295197 -0.019493267 -0.026034563 -0.027787082 -0.027461155 -0.027135228 -0.026809301 -0.026483374 -0.026125414 -0.022906581 -0.019687749 -0.016468916 -0.013250084 -0.010031252 -0.00575347 0.0029167472 0.011586964 0.020257181 0.028927399 0.026333658 0.0034432857 -0.019447086 -0.042337458 -0.06522783 -0.084274511 -0.095878993 -0.10829924 -0.12071949 -0.13313974 -0.14555999 -0.14470937 -0.14244537 -0.14018136 -0.13791735 -0.13565335 -0.13926999 -0.14052318 -0.14177638 -0.14302957 -0.14428277
0.036712375 0.041665276 0.046618178 0.051571079 0.05652398 0.055401322 0.046646041 0.037037297 0.028817698 0.020598099 0.0123785 0.0041589009 -0.0024381483 -0.0089794448 -0.015520741 -0.022062038 -0.028952624 -0.032919718 -0.032593791 -0.032267864 -0.031941937 -0.031609597 -0.02685692 -0.022691936 -0.019473103 -0.016254271 -0.013035438 -0.0098166059 -0.0028691006 0.0058011165 0.014471334 0.023141551 0.029139041 0.019017192 -0.0078418653 -0.030732237 -0.053622609 -0.076512981 -0.099091211 -0.11151146 -0.12393171 -0.13635196 -0.14877221 -0.14641491 -0.14386918 -0.14160518 -0.13934117 -0.13707717 -0.13198568 -0.13065655 -0.13190974 -0.13316294 -0.13441613 -0.14047924
0.050306328 0.05525923 0.060212131 0.065165032 0.062190111 0.05738236 0.048627079 0.037189285 0.026969828 0.018750229 0.01053063 0.0023110314 -0.0042860179 -0.010827314 -0.017368611 -0.024390769 -0.031712803 -0.035679896 -0.035353969 -0.035028042 -0.03404284 -0.029284012 -0.024531336 -0.020327912 -0.016124489 -0.012820007 -0.0096011742 -0.0063823418 0.00056516351 0.0092353806 0.017905598 0.02287903 0.023423793 0.013301944 -0.016040172 -0.043712348 -0.06660272 -0.089493092 -0.11207132 -0.12449157 -0.13691182 -0.14933207 -0.14550355 -0.14031263 -0.1377669 -0.1355029 -0.13323889 -0.12767777 -0.12093187 -0.11960273 -0.12085592 -0.12210912 -0.12869915 -0.13841112
0.063900282 0.068853183 0.073786649 0.068978899 0.064171149 0.059363398 0.050608117 0.039170323 0.027732528 0.01690236 0.0086827608 0.00046316181 -0.0061338875 -0.012675184 -0.019828914 -0.027150948 -0.034472981 -0.038440075 -0.038114148 -0.036476082 -0.031717255 -0.026958428 -0.022205751 -0.018002328 -0.013798905 -0.0095954816 -0.0061669101 -0.0029480777 0.0039994276 0.012669645 0.016619019 0.017163782 0.017708545 0.0075866959 -0.02175542 -0.051097536 -0.07958283 -0.1024732 -0.12505143 -0.13747168 -0.14978311 -0.14459219 -0.13940127 -0.13421035 -0.13166462 -0.12940062 -0.12336986 -0.11662395 -0.10987805 -0.10854891 -0.1098021 -0.11691906 -0.12663103 -0.13634299
0.077494235 0.080575437 0.075767687 0.070959937 0.066152186 0.061344436 0.052589155 0.041151361 0.029713566 0.018275772 0.0068379773 -0.0013847078 -0.007981757 -0.015267059 -0.022589093 -0.029911126 -0.03723316 -0.041200253 -0.038909324 -0.034150497 -0.02939167 -0.024632843 -0.019880166 -0.015676743 -0.01147332 -0.007269897 -0.0030664739 0.00048618644 0.0074336917 0.010359008 0.010903771 0.011448534 0.011993297 0.001871448 -0.027470668 -0.056812784 -0.086154899 -0.11545331 -0.13803154 -0.14887175 -0.14368083 -0.13848991 -0.13329899 -0.12810807 -0.12556234 -0.11906195 -0.11231604 -0.10557013 -0.098824226 -0.097495087 -0.10513897 -0.11485094 -0.1245629 -0.13427487
0.086794451 0.081986701 0.077178951 0.0723712 0.06756345 0.0627557 0.054324319 0.042886524 0.03144873 0.020010935 0.0085731407 -0.0028646538 -0.010323412 -0.017645446 -0.024967479 -0.032289513 -0.039611546 -0.040617035 -0.035858208 -0.031099381 -0.026340554 -0.021581727 -0.016908207 -0.014426406 -0.010222983 -0.0060195597 -0.0018161366 0.0023872865 0.0040882359 0.004632999 0.005177762 0.005722525 0.0062672881 -0.0050258988 -0.034368015 -0.06371013 -0.093052246 -0.12239436 -0.15070696 -0.14551604 -0.14032511 -0.13513419 -0.12994327 -0.12443839 -0.11715852 -0.11041261 -0.1036667 -0.096920796 -0.090174888 -0.093762028 -0.10347399 -0.11318596 -0.12289792 -0.13260989
0.084471575 0.079663825 0.074856074 0.070048324 0.065240574 0.058538974 0.051429214 0.043010295 0.031572501 0.020134706 0.0086969115 -0.0027408829 -0.010199641 -0.017521675 -0.024843708 -0.032165742 -0.03455737 -0.032810986 -0.028052159 -0.023293332 -0.018534505 -0.013657301 -0.0086325332 -0.017192183 -0.016019515 -0.011816091 -0.0076126683 -0.0034092452 -0.0017082958 -0.0011635327 -0.0006187697 -7.4006666e-05 0.003858503 -0.0075259525 -0.049012505 -0.078354621 -0.10769674 -0.13703885 -0.16535145 -0.16016053 -0.15496961 -0.14977868 -0.14384079 -0.13154735 -0.12426748 -0.11752157 -0.11077566 -0.10402975 -0.09217015 -0.094739156 -0.10445112 -0.11416309 -0.12387505 -0.13408729
0.082148699 0.077340948 0.072533198 0.067560644 0.060682226 0.053803808 0.046694048 0.03942708 0.031696271 0.020258477 0.0088206824 -0.0026171121 -0.01007587 -0.017397904 -0.024719937 -0.026143518 -0.026751321 -0.025004938 -0.020246111 -0.015487284 -0.010558503 -0.0053816269 -0.00035685927 -0.0089165094 -0.01747616 -0.017612623 -0.0134092 -0.0092057769 -0.0075048275 -0.0069600644 -0.0064153014 -0.0019088453 0.0042314713 -0.0071529842 -0.05011549 -0.092999111 -0.12234123 -0.15168334 -0.17999594 -0.17480502 -0.1696141 -0.1632432 -0.15094975 -0.13865631 -0.13137644 -0.12463053 -0.11788462 -0.10556152 -0.093147277 -0.095716283 -0.10542825 -0.11514021 -0.12537668 -0.13569176
0.079825822 0.075018072 0.069703896 0.062825478 0.05594706 0.049068643 0.041958882 0.034691915 0.027424947 0.020157979 0.0089444532 -0.0024933413 -0.0099520995 -0.017121864 -0.017729667 -0.01833747 -0.018945273 -0.01719889 -0.012440062 -0.0074597044 -0.0022828287 0.002894047 0.0079188146 -0.0006408355 -0.0092004856 -0.017760136 -0.019205732 -0.015002309 -0.013301359 -0.012756596 -0.0076761936 -0.001535877 0.0046044396 -0.0067800159 -0.049742522 -0.092705027 -0.13566753 -0.16632783 -0.19464043 -0.18944951 -0.1826456 -0.17035216 -0.15805871 -0.14576526 -0.13848539 -0.13136714 -0.1189529 -0.10653865 -0.094124404 -0.09669341 -0.10640537 -0.11666606 -0.12698114 -0.13729622
0.077502946 0.071847148 0.06496873 0.058090312 0.051211895 0.044333477 0.037223716 0.029956749 0.022689781 0.015422814 0.008155846 -0.0023695704 -0.0087080132 -0.009315816 -0.0099236188 -0.010531422 -0.011139224 -0.0093928411 -0.0043609062 0.00081596948 0.0059928452 0.011169721 0.016194489 0.0076348384 -0.00092481173 -0.0094844619 -0.018044112 -0.02079884 -0.019097891 -0.013443542 -0.0073032253 -0.0011629087 0.0049774079 -0.0064070476 -0.049369553 -0.092332059 -0.13529456 -0.17825707 -0.20928492 -0.20204801 -0.18975456 -0.17746111 -0.16516767 -0.15287422 -0.14475852 -0.13234427 -0.11993002 -0.10751578 -0.095101532 -0.097670537 -0.10795545 -0.11827053 -0.12858561 -0.13890069
0.073208496 0.067727894 0.060849476 0.053971058 0.047092641 0.040214223 0.034118668 0.026851701 0.019584733 0.012317765 0.0050507978 -0.0022161698 -0.0029679163 -0.0035757191 -0.0041835218 -0.0047913246 -0.0053991274 -0.0034693583 0.0017075175 0.0068843932 0.012061269 0.017238145 0.020430474 0.010299915 0.0017402644 -0.0068193858 -0.015379036 -0.023938686 -0.022443759 -0.016303443 -0.010163126 -0.0040228095 0.0021175071 -0.0022347329 -0.045197239 -0.088159744 -0.13112225 -0.17408476 -0.21539994 -0.20310649 -0.19081304 -0.1785196 -0.16622615 -0.15618494 -0.1457019 -0.13328765 -0.1208734 -0.10845916 -0.096044911 -0.10257304 -0.11288812 -0.1232032 -0.13351828 -0.14383337
0.058104878 0.0616617 0.058161378 0.05128296 0.044404542 0.037526125 0.032103252 0.027534453 0.020267485 0.013000517 0.0057335498 -0.0015334178 -0.0021499518 -0.0026361423 -0.0032439451 -0.0038517478 -0.0044595506 -0.0025297815 0.0026470942 0.0078239699 0.013000846 0.015582105 0.015456107 0.0021030305 -0.0086316487 -0.017191299 -0.025750949 -0.034310599 -0.032815672 -0.026675356 -0.020535039 -0.014394723 -0.010978688 -0.015903986 -0.034794611 -0.07515913 -0.11812164 -0.16108414 -0.20239932 -0.19010588 -0.17781243 -0.16551898 -0.15629668 -0.15380588 -0.1450005 -0.13415261 -0.12173836 -0.10932412 -0.096909871 -0.10741015 -0.12555433 -0.13586941 -0.1461845 -0.15649958
0.043001261 0.046558083 0.050114905 0.048594861 0.041716444 0.034838026 0.029415153 0.024981384 0.020547616 0.01368327 0.0064163019 -0.00085066569 -0.0014671997 -0.0018552167 -0.0023043683 -0.002912171 -0.0035199738 -0.0015902047 0.003586671 0.0087635467 0.010585629 0.010607738 0.01048174 -0.0028713363 -0.016224413 -0.027563212 -0.036122862 -0.044682512 -0.043187585 -0.037047269 -0.030906952 -0.027908751 -0.025083754 -0.030009052 -0.048899677 -0.067790302 -0.10512102 -0.14808353 -0.18939871 -0.17710526 -0.16481182 -0.15640842 -0.15391762 -0.15142682 -0.14262143 -0.13314353 -0.12260332 -0.11018908 -0.097774831 -0.10827511 -0.12969941 -0.14853563 -0.15885071 -0.16916579
0.027897643 0.031454465 0.035011287 0.038568109 0.039028345 0.032149928 0.026727055 0.022293286 0.017859517 0.013425748 0.007099054 -0.00016791361 -0.00078444766 -0.0011724646 -0.0015604816 -0.0019725943 -0.002580397 -0.00065062791 0.0045262478 0.0055891528 0.005611262 0.0056333713 0.0055073737 -0.0078457031 -0.02119878 -0.034551857 -0.046494775 -0.055054425 -0.053559498 -0.047663809 -0.044838813 -0.042013817 -0.039188821 -0.044114118 -0.063004743 -0.081895368 -0.10078599 -0.13508291 -0.17639809 -0.16410465 -0.15652015 -0.15402935 -0.15153855 -0.14904775 -0.14024237 -0.13076446 -0.12128656 -0.11105404 -0.098639791 -0.10914007 -0.13056437 -0.15198868 -0.17151692 -0.18183201
0.012794026 0.016350848 0.01990767 0.023464492 0.027021314 0.029461829 0.024038956 0.019605187 0.015171419 0.01073765 0.006303881 0.00051483848 -0.00010169557 -0.00048971252 -0.00087772947 -0.0012657464 -0.0016537634 0.00028894887 0.00059267678 0.00061478601 0.00063689524 0.00065900446 0.00053300686 -0.01282007 -0.026173147 -0.039526223 -0.0528793 -0.065426338 -0.064593871 -0.061768875 -0.058943879 -0.056118883 -0.053293887 -0.058219185 -0.077109809 -0.096000434 -0.11489106 -0.13378168 -0.16339748 -0.15663189 -0.15414109 -0.15165029 -0.14915949 -0.14666869 -0.13786331 -0.1283854 -0.11890749 -0.10942959 -0.099504752 -0.11000503 -0.13142933 -0.15285364 -0.17427795 -0.19449822
0.0050633295 0.0086201516 0.012176974 0.015733796 0.019290618 0.01990293 0.023506969 0.020346845 0.015913076 0.011479307 0.0070455385 0.0026117698 0.0020893539 0.001701337 0.00131332 0.00092530307 0.00046628251 -0.00012229739 -0.00010018816 -7.8078931e-05 -5.5969703e-05 -3.3860475e-05 -0.0003637114 -0.018472436 -0.031825512 -0.045178589 -0.058531666 -0.071884743 -0.074172238 -0.071347242 -0.068522246 -0.065697249 -0.062872253 -0.061469427 -0.080001809 -0.098892433 -0.11778306 -0.13667368 -0.15492687 -0.15243607 -0.14994527 -0.14745447 -0.14496367 -0.14090334 -0.13180821 -0.1223303 -0.11285239 -0.10337448 -0.099586195 -0.11701885 -0.13844315 -0.15986746 -0.18129177 -0.20102941
0.0028941649 0.0064509869 0.010007809 0.013564631 0.012134595 0.0049290987 0.0085331383 0.019482714 0.019241862 0.014808094 0.010374325 0.0059405561 0.0054181402 0.0050301233 0.0046421063 0.0040688597 0.0030030341 0.0024144542 0.0024365635 0.0024586727 0.0024807819 0.0023533756 0.0019618732 -0.018930408 -0.037989305 -0.051342382 -0.064695459 -0.078048535 -0.080336031 -0.077511035 -0.074686038 -0.070717945 -0.058732971 -0.057318802 -0.074952267 -0.093326207 -0.11221683 -0.13110746 -0.14936065 -0.14686985 -0.14437905 -0.14188825 -0.13757643 -0.13207533 -0.1229802 -0.11350229 -0.10402439 -0.10217856 -0.11123822 -0.12867087 -0.15009517 -0.17151948 -0.19084854 -0.20571377
0.0007250002 0.0042818222 0.0078386443 0.0043662596 -0.0028392365 -0.010044733 -0.0064406929 0.0045088825 0.015458458 0.01813688 0.013703111 0.0092693424 0.0087469265 0.0083589096 0.0076714369 0.0066056113 0.0055397858 0.0049512059 0.0049733151 0.0049954243 0.0048409103 0.0046789602 0.0042874579 -0.016604824 -0.037497106 -0.057506175 -0.070859251 -0.084212328 -0.086499823 -0.083674827 -0.078552294 -0.06656732 -0.054582345 -0.053168177 -0.070801642 -0.088435107 -0.10665061 -0.12554123 -0.14379442 -0.14130362 -0.13881282 -0.13424953 -0.12874843 -0.12324733 -0.11415219 -0.10467429 -0.10477092 -0.11383058 -0.12289024 -0.14032289 -0.16174719 -0.18066767 -0.1955329 -0.21039812
-0.0014441645 0.0021126576 -0.0034020755 -0.010607572 -0.017813068 -0.025018564 -0.021414524 -0.010464949 0.00048462668 0.011434202 0.017031897 0.012598129 0.012075713 0.011274014 0.010208189 0.0091423629 0.0080765374 0.0074879575 0.0074903951 0.007328445 0.0071664949 0.0070045448 0.0066130425 -0.014279239 -0.035171521 -0.056063803 -0.076956084 -0.090376121 -0.092663616 -0.086386643 -0.074401669 -0.062416694 -0.05043172 -0.049017551 -0.066651016 -0.084284481 -0.10191795 -0.119975 -0.13822819 -0.13573739 -0.13092262 -0.12542152 -0.11992042 -0.11441932 -0.10532419 -0.10736328 -0.11642294 -0.1254826 -0.13454226 -0.15197491 -0.1704868 -0.18535202 -0.20021725 -0.21508248
