mean_models/J1_mean_vp_slide_diff2_160.dat.tif
NCOLS 118
NROWS 92
XLLCORNER 139.62
YLLCORNER -39.07
DX 0.099491525
DY 0.099347826
NODATA_VALUE -9999
[rows 48 to 71 of 92, columns 55 to 109 of 118]
0.029065257 0.031588256 0.034111254 0.036634253 0.038851192 0.037020369 0.042592783 0.048165196 0.05373761 0.059310024 0.064882438 0.059522666 0.053787251 0.048051836 0.042316421 0.036581006 0.036242836 0.032824565 0.029406294 0.025988023 0.022569753 0.021957141 0.011451941 0.0021339024 -0.007184136 -0.016502174 -0.025820213 -0.039632303 -0.055520725 -0.071409146 -0.087297567 -0.10318599 -0.10601014 -0.083409792 -0.058833695 -0.034257599 -0.0096815028 0.013789089 0.001283394 -0.011222301 -0.023727995 -0.03623369 -0.051390422 -0.046400476 -0.038718773 -0.031037071 -0.023355369 -0.013625769 0.0043066228 0.019176825 0.034047028 0.04891723 0.062792755 0.0596575 0.053532802
0.038459146 0.040982145 0.043505143 0.044736211 0.043196225 0.040276538 0.036419287 0.040792484 0.046364898 0.051937311 0.057509725 0.052149953 0.046414538 0.040679123 0.036156441 0.039714982 0.040212996 0.036794725 0.033376454 0.029958183 0.030752664 0.033437776 0.021440788 0.010463886 0.0011458481 -0.0081721903 -0.017490229 -0.031302319 -0.047190741 -0.063079162 -0.078967583 -0.082102007 -0.082485901 -0.078211707 -0.059186049 -0.034609953 -0.010033856 0.013436735 0.00093104038 -0.011574654 -0.024080349 -0.040261453 -0.060545434 -0.055555488 -0.047873786 -0.040192084 -0.027896577 -0.0035408604 0.014391531 0.029261733 0.044131936 0.056648054 0.059104301 0.055969046 0.049844348
0.047853035 0.050376034 0.05062123 0.049081244 0.047541257 0.04462157 0.04076432 0.036907069 0.038992185 0.044564599 0.050137013 0.044777241 0.039041826 0.036568061 0.040126601 0.043685142 0.044183156 0.040764885 0.037346614 0.039383788 0.042233299 0.044918411 0.032921422 0.020924434 0.0094758321 0.00015779375 -0.0091602446 -0.022972335 -0.038860756 -0.052639812 -0.055608789 -0.058577767 -0.05896166 -0.054687466 -0.050413273 -0.034962306 -0.01038621 0.013084381 0.00057868676 -0.011927008 -0.029132485 -0.049416466 -0.069700447 -0.064710501 -0.057028799 -0.042167386 -0.017811669 0.0065440478 0.024476439 0.039346642 0.050503354 0.052959601 0.055415848 0.052280593 0.046155894
0.057246924 0.056506249 0.054966263 0.053426276 0.051886289 0.048966603 0.045109352 0.041252101 0.03739485 0.037191886 0.0427643 0.037404528 0.03697968 0.040538221 0.044096761 0.047655302 0.048153316 0.045165401 0.048014912 0.050864423 0.053713934 0.056399046 0.044402057 0.032405069 0.02040808 0.0084877778 -0.00083026056 -0.014642351 -0.026146594 -0.029115571 -0.032084549 -0.035053526 -0.035437419 -0.031163226 -0.026889032 -0.022614839 -0.010738564 0.012732028 0.00022633314 -0.018003516 -0.038287497 -0.058571478 -0.078855459 -0.073865514 -0.056438194 -0.032082478 -0.0077267608 0.016628956 0.034561347 0.044358654 0.0468149 0.049271147 0.051727394 0.048592139 0.044134789
0.062391269 0.060851282 0.059311295 0.057771308 0.056231322 0.053311635 0.049454384 0.045597133 0.041739882 0.037882632 0.035391587 0.037391299 0.04094984 0.04450838 0.048066921 0.051625461 0.053796525 0.056646036 0.059495546 0.062345057 0.065194568 0.06787968 0.055882692 0.043885703 0.031888715 0.019891726 0.007894738 0.00034662376 -0.0026223535 -0.0055913308 -0.0085603081 -0.011529285 -0.011913179 -0.0076389853 -0.0033647918 0.00090940166 0.0051835951 0.012379674 -0.0068745477 -0.027158529 -0.04744251 -0.067726491 -0.088010472 -0.070709003 -0.046353286 -0.021997569 0.0023581475 0.026713864 0.038213953 0.0406702 0.043126447 0.045582693 0.04803894 0.047047644 0.045275302
0.059631509 0.058091523 0.056551536 0.055011549 0.054958513 0.05628701 0.054904284 0.051047033 0.047189782 0.043332531 0.03947528 0.04278747 0.04634601 0.049904551 0.053463091 0.054788927 0.055320626 0.058170137 0.061019648 0.063869159 0.066665003 0.06584495 0.051015315 0.039018327 0.027021338 0.01502435 0.0030273614 -0.0027945904 -0.0057635677 -0.008732545 -0.011701522 -0.015037438 -0.018297953 -0.017877525 -0.013603331 -0.0093291377 -0.0050549442 -0.0015128939 -0.021796875 -0.042080856 -0.062364837 -0.082648818 -0.073974624 -0.050644751 -0.026289034 -0.001933317 0.0224224 0.034470514 0.037828691 0.040284938 0.042741185 0.045197432 0.046098828 0.04486803 0.043095688
0.055683081 0.054143094 0.052603108 0.053053581 0.053848625 0.055177122 0.056868123 0.056681782 0.052824531 0.048967281 0.04511003 0.048422219 0.05198076 0.0555393 0.055926891 0.054647249 0.055178947 0.058028458 0.060877969 0.063069009 0.062406653 0.0615866 0.046682957 0.031779315 0.019418854 0.0074218655 -0.004575123 -0.010397075 -0.013366052 -0.016335029 -0.019832189 -0.023872483 -0.027132998 -0.028988421 -0.02949056 -0.025216367 -0.020942173 -0.017400123 -0.037684104 -0.057968085 -0.078252066 -0.065938612 -0.052240775 -0.028910902 -0.004555185 0.019800532 0.029387802 0.034637893 0.037996071 0.040452318 0.042908564 0.043581626 0.043363739 0.042132941 0.040360599
0.051734653 0.050353606 0.05114865 0.051943693 0.052738737 0.054067234 0.055758235 0.057449235 0.058459281 0.05460203 0.050744779 0.054056969 0.057615509 0.057064854 0.055785212 0.05450557 0.055037269 0.05788678 0.059473014 0.058810659 0.058148303 0.05732825 0.042424607 0.027520965 0.012617322 -0.00018061888 -0.012177607 -0.017999559 -0.020968537 -0.02462694 -0.028667234 -0.032707529 -0.035968044 -0.037823467 -0.03967889 -0.041103596 -0.036829403 -0.033287352 -0.053571333 -0.071600438 -0.0579026 -0.044204763 -0.030506926 -0.007177053 0.017178664 0.02430509 0.029555181 0.034805272 0.03816345 0.040619697 0.041064423 0.040846537 0.040628651 0.039397852 0.03762551
0.048448674 0.049243718 0.050038762 0.050833805 0.051628849 0.052957346 0.054648347 0.056339347 0.058030348 0.059721349 0.056379529 0.059482459 0.058202817 0.056923175 0.055643533 0.054363892 0.05489559 0.05587702 0.055214664 0.054552309 0.053889953 0.0530699 0.038166257 0.023262614 0.0083589715 -0.0065446713 -0.019780092 -0.025602044 -0.02942169 -0.033461985 -0.037502279 -0.041542574 -0.044803089 -0.046658512 -0.048513935 -0.050369358 -0.052224781 -0.049174582 -0.063564426 -0.049866589 -0.036168752 -0.022470915 -0.0087730774 0.013972287 0.019222378 0.024472469 0.029722561 0.034972652 0.03833083 0.038547221 0.038329335 0.038111448 0.037893562 0.036662763 0.034858105
0.04634765 0.047142694 0.047937738 0.048732782 0.049527826 0.049555522 0.051246523 0.052937524 0.054628524 0.056319525 0.058010525 0.059027217 0.057747576 0.056467934 0.055188292 0.05390865 0.052899794 0.052237438 0.051575082 0.050912727 0.050250371 0.046502049 0.032741425 0.017837783 0.0029341398 -0.011969503 -0.026873146 -0.034346406 -0.038386701 -0.042426995 -0.04646729 -0.050507585 -0.0514297 -0.053285123 -0.055140546 -0.056995969 -0.058851392 -0.060243132 -0.046545295 -0.032847457 -0.01914962 -0.0054517832 0.009617774 0.016346509 0.0215966 0.026846691 0.032096783 0.037346874 0.034483953 0.034266067 0.034048181 0.033830294 0.033612408 0.033003377 0.031191238
0.041371185 0.041656486 0.04245153 0.043246574 0.044041618 0.042618119 0.040016686 0.041707687 0.043398687 0.045089688 0.046780689 0.053286426 0.056221372 0.05494173 0.053662088 0.052382446 0.05137359 0.050711235 0.050048879 0.049386523 0.043449231 0.031827271 0.021401122 0.0084288812 -0.0064747616 -0.021378404 -0.036282047 -0.043755308 -0.047795602 -0.051835897 -0.055876191 -0.058537374 -0.058170776 -0.05297225 -0.054224338 -0.056079761 -0.057935184 -0.059326924 -0.045629087 -0.03193125 -0.018233413 -0.0020351497 0.0202332 0.026570085 0.031508202 0.036758293 0.042008384 0.047258475 0.036920555 0.024704391 0.024486504 0.024268618 0.024050731 0.02447363 0.024489455
0.037996009 0.037092235 0.036965322 0.037760366 0.03855541 0.037131912 0.03420082 0.031269729 0.032168851 0.033859851 0.035550852 0.04205659 0.048727768 0.053415527 0.052135885 0.050856243 0.049847387 0.049185031 0.048522676 0.040409803 0.028774453 0.017152493 0.0067263443 -0.0036998044 -0.015883663 -0.030787306 -0.045690949 -0.053164209 -0.057204504 -0.061244798 -0.06360219 -0.065917152 -0.065550553 -0.060352027 -0.055153501 -0.055163553 -0.057018976 -0.058410716 -0.044712879 -0.031015042 -0.013688073 0.0085802759 0.030848625 0.03718551 0.041825642 0.046669894 0.051919985 0.057170077 0.046832156 0.02906297 0.014924828 0.014706941 0.014489055 0.014911953 0.015677441
0.034620832 0.033717058 0.032813284 0.032274158 0.033069202 0.031645704 0.028714613 0.025783521 0.02285243 0.022630015 0.024321015 0.030826753 0.037497931 0.044169109 0.050609682 0.04933004 0.048321184 0.047658828 0.037370374 0.025735025 0.014099675 0.0024777153 -0.0079484334 -0.018374582 -0.028800731 -0.040196207 -0.05509985 -0.062573111 -0.066352045 -0.068667006 -0.070981968 -0.073296929 -0.072930331 -0.067731805 -0.062533278 -0.057334752 -0.056102769 -0.057494509 -0.043796671 -0.025340997 -0.0030726478 0.019195701 0.041464051 0.047800936 0.052441068 0.057081199 0.061831587 0.067081678 0.056743758 0.038974571 0.021205385 0.0051452651 0.0049273786 0.0053502769 0.0061157647
0.031245655 0.030341881 0.029438107 0.028534333 0.027630559 0.026159496 0.023228405 0.020297313 0.017366222 0.014435131 0.013091179 0.019596916 0.026268094 0.032939273 0.039610451 0.046281629 0.045966296 0.034330946 0.022695597 0.011060247 -0.00057510264 -0.012197063 -0.022623211 -0.03304936 -0.043475509 -0.053901657 -0.064508752 -0.071416861 -0.073731822 -0.076046784 -0.078361745 -0.080676706 -0.080310108 -0.075111582 -0.069913056 -0.06471453 -0.059516004 -0.056578301 -0.036993921 -0.014725571 0.0075427778 0.029811127 0.052079476 0.058416362 0.063056493 0.067696625 0.072336757 0.07699328 0.066655359 0.048886173 0.031116986 0.0133478 -0.0044213866 -0.0042113994 -0.0034459116
0.02535879 0.024455016 0.023551242 0.022647469 0.021743695 0.023904075 0.022914514 0.019983423 0.017052331 0.01412124 0.011190148 0.016244954 0.022916132 0.02958731 0.036258488 0.042929666 0.041570298 0.029934948 0.018299599 0.006664249 -0.0049711007 -0.019225745 -0.023094735 -0.033520884 -0.043947033 -0.054373181 -0.06479933 -0.069677537 -0.071992499 -0.07430746 -0.076622421 -0.077543463 -0.06849454 -0.058622015 -0.053423489 -0.048224963 -0.043026437 -0.037319015 -0.015050666 0.0072176836 0.029486033 0.051754382 0.053214898 0.058293721 0.062933853 0.067573985 0.072214116 0.076854248 0.064702466 0.046703852 0.028934666 0.011165479 -0.0066037071 -0.010776639 -0.0097276534
0.027697777 0.017475942 0.016572168 0.015668394 0.01476462 0.016925001 0.021167604 0.021918718 0.018987627 0.016056535 0.013125444 0.018003012 0.023148894 0.029661048 0.036332227 0.043003405 0.041644036 0.030008686 0.018373337 0.0065930604 -0.0083022949 -0.023058363 -0.025375014 -0.027816111 -0.03824226 -0.048668409 -0.059094557 -0.063972764 -0.066287726 -0.068602687 -0.068133549 -0.062553201 -0.053504278 -0.038205297 -0.026554318 -0.021355792 -0.016157265 -0.010449843 0.011818506 0.034086855 0.056355204 0.053858403 0.046077971 0.051359116 0.058031362 0.062781887 0.067422019 0.07206215 0.059910369 0.039753386 0.021493293 0.0037241064 -0.01404508 -0.018218012 -0.015121836
0.033807226 0.022370675 0.010934125 0.0086893198 0.0077855458 0.0099459264 0.014188529 0.018431132 0.020922923 0.017991831 0.01506074 0.019938307 0.02508419 0.030230072 0.036405965 0.043077143 0.041717774 0.030082425 0.017655797 0.0027604421 -0.012134913 -0.026890981 -0.029207632 -0.031524283 -0.033840934 -0.042963636 -0.053389784 -0.058267991 -0.060582953 -0.058723635 -0.053143287 -0.047562939 -0.038514015 -0.023215035 -0.0079160537 0.00551338 0.010711906 0.016419328 0.038687677 0.060956027 0.054501909 0.046721476 0.038941044 0.044222189 0.050894435 0.057566681 0.062629921 0.067270053 0.055118271 0.034961288 0.014804305 -0.0037172666 -0.021486453 -0.025659385 -0.022563209
0.039916676 0.028480125 0.017043574 0.0056070235 0.00080647145 0.002966852 0.007209455 0.011452058 0.015694661 0.019927127 0.016996035 0.021873603 0.027019485 0.032165368 0.037311251 0.043150881 0.041791512 0.028718534 0.013823179 -0.0010721763 -0.015967532 -0.0307236 -0.033040251 -0.035356901 -0.037673552 -0.039990203 -0.047685011 -0.052563218 -0.049313721 -0.043733373 -0.038153025 -0.032572676 -0.023523753 -0.0082247722 0.0070742086 0.022373189 0.037581078 0.0432885 0.062925846 0.055145414 0.047364981 0.039584549 0.031804117 0.037085262 0.043757508 0.050429754 0.057102 0.062477955 0.050326174 0.030169191 0.010012207 -0.010144776 -0.028927826 -0.033100758 -0.030004582
0.041538717 0.030102166 0.018665615 0.0072290646 -0.0042074863 -0.0038080006 0.00043460229 0.0046772052 0.0089198081 0.013162411 0.017405014 0.02252089 0.027666772 0.032812655 0.037958538 0.04310442 0.038350684 0.023455329 0.0085599737 -0.0063353816 -0.021230737 -0.032867582 -0.035002241 -0.037318891 -0.039635542 -0.041952193 -0.044268844 -0.041184055 -0.035603707 -0.030023358 -0.02444301 -0.018862662 -0.010329245 0.0049697358 0.020268717 0.035567697 0.050866678 0.065477602 0.057697169 0.049916737 0.042136304 0.034355872 0.026346287 0.031390748 0.038062994 0.04473524 0.051407486 0.058079732 0.043404715 0.023247732 0.003090749 -0.017066234 -0.037223217 -0.038387196 -0.03529102
0.020841033 0.0094044817 -0.0020320691 -0.013241259 -0.019741786 -0.015627098 -0.0053244808 -0.0010818779 0.003160725 0.0074033279 0.011645931 0.016761807 0.021907689 0.027053572 0.032199454 0.032662177 0.025971945 0.01107659 -0.0038187654 -0.018714121 -0.027257053 -0.02667733 -0.028014458 -0.029976645 -0.032293296 -0.034609947 -0.036926598 -0.033841809 -0.028261461 -0.022681112 -0.017100764 -0.010568082 -0.0020802549 0.0092953808 0.024531401 0.039830381 0.055129362 0.069740286 0.061959853 0.054179421 0.046398989 0.038065562 0.027826128 0.032870589 0.039542835 0.046215081 0.052488765 0.042701477 0.025892122 0.0057351388 -0.014421844 -0.034578827 -0.035155002 -0.032955299 -0.029859122
0.00014334801 -0.011293203 -0.021304681 -0.027805209 -0.034305736 -0.030191047 -0.018862871 -0.0075346951 -0.0025983581 0.0016442448 0.0058868477 0.011002724 0.016148606 0.020839505 0.020561471 0.020283438 0.013593206 -0.0013021493 -0.016197505 -0.021667987 -0.0210668 -0.020487077 -0.021824206 -0.023161334 -0.02495105 -0.027267701 -0.029584352 -0.026499563 -0.020919215 -0.015338866 -0.0085764324 -0.0016912434 0.0067965837 0.018172219 0.029547855 0.044093066 0.059392046 0.07400297 0.066222537 0.058442105 0.049784836 0.039545403 0.029305969 0.03435043 0.041022676 0.044763459 0.034976172 0.025188884 0.0083795286 -0.011777454 -0.03076896 -0.030246032 -0.029723105 -0.027523401 -0.024427225
-0.020554337 -0.029368103 -0.035868631 -0.042369158 -0.048869686 -0.044754997 -0.033426821 -0.022098645 -0.010770469 -0.0041148383 0.00012776464 0.0052436405 0.0087387995 0.0084607659 0.0081827323 0.0079046987 0.0012144669 -0.013680888 -0.016078921 -0.015477735 -0.014876548 -0.014296824 -0.015633953 -0.016971082 -0.01830821 -0.019925455 -0.022242106 -0.019157317 -0.013469972 -0.0065847828 0.0003004062 0.0071855952 0.015673422 0.027049058 0.038424694 0.04980033 0.06365473 0.078265654 0.070485221 0.061504111 0.051264677 0.041025244 0.03078581 0.035830271 0.037038153 0.027250866 0.017463578 0.007676291 -0.0091330646 -0.02585999 -0.025337062 -0.024814135 -0.024291207 -0.022091504 -0.020548904
-0.037431525 -0.043932053 -0.050432581 -0.056933108 -0.063433636 -0.059318947 -0.047990771 -0.036662595 -0.025334418 -0.014006242 -0.0056313184 -0.0033619061 -0.0036399397 -0.0039179733 -0.0041960068 -0.0044740404 -0.011091042 -0.010489855 -0.0098886686 -0.0092874819 -0.0086862951 -0.0081065718 -0.0094437004 -0.010780829 -0.012117957 -0.013455086 -0.01489986 -0.011478322 -0.0045931331 0.0022920559 0.0091772449 0.016062434 0.024550261 0.035925897 0.047301533 0.058677168 0.070052804 0.082528338 0.073223386 0.062983952 0.052744519 0.042505085 0.032265651 0.029312848 0.01952556 0.0097382727 -4.901475e-05 -0.0098363022 -0.02095102 -0.020428092 -0.019905165 -0.019382237 -0.01885931 -0.019425681 -0.027401917
-0.036458692 -0.042959219 -0.049459747 -0.055960274 -0.062460802 -0.059242077 -0.048237801 -0.036909625 -0.025581449 -0.014253273 -0.0029250965 -0.010598637 -0.010876671 -0.011154704 -0.011432738 -0.011710771 -0.011603116 -0.01100193 -0.010400743 -0.0097995561 -0.0091983693 -0.0065767023 -0.00063598383 -0.0019731124 -0.003310241 -0.0046473695 -0.0059844981 -0.0016976735 0.0051875155 0.012072705 0.018957894 0.026104917 0.028099574 0.030450467 0.041826102 0.053201738 0.064577374 0.075308608 0.065069174 0.054829741 0.044590307 0.034350873 0.028420109 0.021810377 0.012023089 0.0022358017 -0.0075514858 -0.017338773 -0.01927287 -0.018689955 -0.018167028 -0.0176441 -0.017121173 -0.024289478 -0.032504173
