mean_models/J1_mean_vp_slide_diff_5.dat.tif
NCOLS 118
NROWS 92
XLLCORNER 139.62
YLLCORNER -39.07
DX 0.099491525
DY 0.099347826
NODATA_VALUE -9999
[rows 27 to 53 of 92, columns 0 to 59 of 118]
-9999 6.1566806 6.1517876 6.1480202 6.150956 6.1538918 6.1568276 6.1576434 6.1560124 6.1543814 6.1527504 6.1462561 6.1384273 6.1307207 6.1232588 6.1157969 6.1083351 6.1078567 6.1101781 6.1107948 6.1074784 6.104162 6.1139943 6.1254358 6.1368774 6.142415 6.1321285 6.1218421 6.1115557 6.1089621 6.109468 6.1068636 6.0982635 6.0896634 6.0876083 6.0857534 6.0838984 6.0799132 6.0728802 6.0658471 6.0588141 6.0567917 6.0552479 6.0583594 6.0648177 6.0712759 6.0779595 6.0859887 6.0940178 6.1074711 6.1218618 6.1362526 6.1503903 6.1642481 6.176474 6.1830475 6.1896211 6.1961946 6.2023172 6.2083578
-9999 6.1473799 6.1459299 6.1488657 6.1518015 6.1547373 6.1576731 6.1584889 6.1568579 6.1552269 6.1535959 6.1519649 6.1473052 6.1395985 6.1321367 6.1246748 6.117213 6.1097511 6.1065847 6.1072014 6.1063305 6.117772 6.1292136 6.1406551 6.1520966 6.1576342 6.1473478 6.1370614 6.126775 6.1164886 6.111159 6.1085546 6.1014643 6.0996094 6.0977545 6.0958995 6.0940446 6.0900593 6.0830263 6.0759933 6.0689603 6.0619273 6.0586299 6.0617415 6.0681997 6.0746579 6.0811162 6.0875744 6.0954975 6.1089507 6.1233415 6.1377322 6.152123 6.1663618 6.1785878 6.1851613 6.1917349 6.1983084 6.204882 6.2111057
-9999 6.1433359 6.1462717 6.1492075 6.1521433 6.1550791 6.1580149 6.1575486 6.1559176 6.1542866 6.1526556 6.1510245 6.1493935 6.1482017 6.1407398 6.133278 6.1258161 6.1183542 6.1108924 6.1091466 6.1205881 6.1320297 6.1434712 6.1549127 6.1663542 6.1728534 6.162567 6.1522806 6.1419942 6.1317078 6.1214214 6.1140149 6.11216 6.110305 6.1084501 6.1065952 6.1047403 6.1005031 6.0934701 6.0864371 6.0794041 6.0723711 6.065338 6.0656959 6.0721541 6.0786124 6.0850706 6.0915288 6.097987 6.1097893 6.1241801 6.1385708 6.1529615 6.1673523 6.1797857 6.1863593 6.1929328 6.1995064 6.2060799 6.2126535
-9999 6.1395311 6.1424669 6.1454027 6.1483385 6.1512743 6.1468657 6.1428579 6.1402756 6.1386446 6.1370136 6.1353825 6.1337515 6.1359221 6.1457054 6.1396193 6.1321575 6.1246956 6.1172337 6.115488 6.1269295 6.138371 6.1498125 6.1612541 6.1655444 6.1682851 6.1757048 6.1674999 6.1572134 6.146927 6.1366406 6.1292341 6.1273792 6.1255243 6.1236694 6.1218144 6.1179342 6.1127424 6.1063642 6.0993312 6.0922982 6.0852651 6.0782321 6.077017 6.0808207 6.0872789 6.0937371 6.1001953 6.1066535 6.1104834 6.1197411 6.1341319 6.1485226 6.1629133 6.1751947 6.1801692 6.1865915 6.193165 6.1997386 6.2063121
-9999 6.1357262 6.1386621 6.1415979 6.1429304 6.1377112 6.132492 6.1284842 6.1258746 6.123265 6.1213716 6.1197405 6.1181095 6.1202801 6.1300634 6.1398467 6.1384988 6.1310369 6.1235751 6.1218293 6.1332708 6.1447124 6.1561539 6.157574 6.1585689 6.1613096 6.1687293 6.176149 6.1724327 6.1621463 6.1518599 6.1444534 6.1425984 6.1407435 6.1387515 6.1343671 6.1299828 6.124791 6.1184441 6.1120972 6.1051922 6.0981592 6.0911262 6.0899111 6.0928784 6.0959454 6.1024036 6.1088618 6.1153201 6.1191499 6.1225255 6.1296929 6.1440836 6.1584744 6.1707557 6.1757303 6.1807049 6.1868237 6.1933972 6.1999708
-9999 6.1319214 6.1348573 6.1337759 6.1285567 6.1233375 6.1181183 6.1141105 6.1115009 6.1088912 6.1062816 6.1040986 6.1024675 6.1046381 6.1144214 6.1242047 6.1339881 6.1373783 6.1299164 6.1281707 6.1396122 6.1486087 6.1496036 6.1505985 6.1515934 6.1543341 6.1617538 6.1691735 6.1765932 6.1773655 6.1670791 6.1596726 6.1578177 6.1551844 6.1508001 6.1464157 6.1420313 6.1368395 6.1304927 6.1241458 6.1177989 6.1110533 6.1040203 6.1028051 6.1057724 6.1087397 6.111707 6.1175283 6.1239866 6.1278164 6.131192 6.1345676 6.1396447 6.1540354 6.1663168 6.1712913 6.1762659 6.1812405 6.1870559 6.1936294
-9999 6.1281166 6.1246214 6.1194022 6.114183 6.1089638 6.1037445 6.0997367 6.0971271 6.0945175 6.0919079 6.0892983 6.0868255 6.0889961 6.0987794 6.1085627 6.1183461 6.1281294 6.1362578 6.134512 6.1406383 6.1416332 6.1426281 6.143623 6.1446179 6.1473586 6.1547783 6.162198 6.1696177 6.1770374 6.1822983 6.1748919 6.1716174 6.167233 6.1628486 6.1584643 6.1540799 6.1488881 6.1425412 6.1361944 6.1298475 6.1235006 6.1169144 6.1156992 6.1186665 6.1216338 6.1246011 6.1275684 6.1326531 6.1364829 6.1398585 6.1432342 6.1466098 6.1499854 6.1618778 6.1668524 6.171827 6.1768015 6.1817761 6.1872881
-9999 6.1183653 6.1131461 6.1079268 6.1027076 6.0974884 6.0922692 6.08645 6.0836952 6.0810856 6.078476 6.0758664 6.0732568 6.0756583 6.0858623 6.0956457 6.105429 6.1152123 6.1249957 6.1321215 6.1331164 6.1341113 6.1351062 6.1361012 6.1370961 6.1443264 6.1509249 6.1583446 6.1657643 6.173184 6.1806038 6.1839916 6.1796072 6.1752228 6.1708385 6.1664541 6.1620697 6.1601583 6.154118 6.1477711 6.1414243 6.1350774 6.1287305 6.1255198 6.1284871 6.1314543 6.1344216 6.1373889 6.1403562 6.1421227 6.1454983 6.148874 6.1522496 6.1556252 6.1598764 6.1653933 6.1703679 6.1753425 6.1803171 6.1852916
-9999 6.1116701 6.1064509 6.1012317 6.0960124 6.0908402 6.0857841 6.0799708 6.0732837 6.0692071 6.0665975 6.0639879 6.0613782 6.0637797 6.0762161 6.0872227 6.097006 6.1067894 6.1165727 6.1236985 6.1246934 6.1256884 6.1266833 6.1284203 6.1406909 6.1505896 6.1541308 6.1596405 6.1670602 6.1744799 6.1818996 6.1852874 6.180903 6.1765187 6.1721343 6.1682237 6.1665374 6.1649097 6.1633659 6.1585698 6.152223 6.1458761 6.1395292 6.1357578 6.1338377 6.1362058 6.1391731 6.1421403 6.1451076 6.1455449 6.1461463 6.1495219 6.1528975 6.1562731 6.1605243 6.1678085 6.1738235 6.1787981 6.1837726 6.1887472
-9999 6.1049749 6.0997557 6.0945365 6.0894171 6.084361 6.0793049 6.0734916 6.0668045 6.0601173 6.0547189 6.0521093 6.0494997 6.0519012 6.0643376 6.076774 6.088583 6.0983664 6.1081497 6.1152756 6.1162705 6.1172654 6.1224129 6.1346835 6.1469542 6.1568528 6.160394 6.1639353 6.168356 6.1757757 6.1831954 6.1865833 6.1821989 6.1778145 6.1746614 6.1729751 6.1712888 6.1696612 6.1681173 6.1665735 6.1630216 6.1566748 6.1503279 6.1465564 6.1446364 6.1427164 6.1439245 6.1468918 6.1498591 6.1502963 6.1502963 6.1502963 6.1535454 6.156921 6.1611722 6.1684564 6.1757406 6.1822536 6.1872282 6.1922028
-9999 6.0982798 6.0930605 6.0879941 6.0829379 6.0778818 6.0728257 6.0670124 6.0603253 6.0536381 6.046951 6.0402639 6.0376212 6.0400226 6.0524591 6.0648955 6.0773319 6.0897684 6.0997267 6.1068526 6.1078475 6.1164055 6.1286761 6.1409468 6.1532174 6.1631161 6.1666573 6.1701985 6.1737397 6.1772809 6.1844913 6.1878791 6.1834947 6.1810992 6.1794129 6.1777266 6.1760403 6.1744126 6.1728687 6.1713249 6.1697811 6.1674734 6.1611266 6.1573551 6.1554351 6.1535151 6.1515951 6.1516432 6.1546105 6.1550477 6.1550477 6.1550477 6.1550477 6.1575689 6.1618201 6.1691043 6.1763885 6.1836727 6.1906838 6.1956584
-9999 6.0916271 6.086571 6.0815149 6.0764587 6.0714026 6.0663465 6.0605332 6.0538461 6.0471589 6.0404718 6.0337846 6.0270975 6.0281441 6.0405805 6.053017 6.0654534 6.0778898 6.0903263 6.0984296 6.1103981 6.1226688 6.1349394 6.14721 6.1594806 6.1693793 6.1729205 6.1764617 6.180003 6.1835442 6.1870854 6.1892232 6.1875369 6.1858506 6.1841643 6.182478 6.1807917 6.179164 6.1776202 6.1760763 6.1745325 6.1729887 6.1714448 6.1681538 6.1662338 6.1643138 6.1623937 6.1604737 6.1593619 6.1597991 6.1597991 6.1597991 6.1597991 6.1597991 6.1624681 6.1697523 6.1770365 6.1843207 6.1916049 6.1988891
-9999 6.0898282 6.0847721 6.0797159 6.0746598 6.0696037 6.0618834 6.0529243 6.0462371 6.03955 6.0328629 6.0261757 6.0195412 6.020326 6.0346734 6.0471098 6.0595463 6.0719827 6.0844191 6.0968054 6.1090761 6.1213467 6.1336173 6.1458879 6.1592555 6.1725064 6.1762787 6.17982 6.1833612 6.1869024 6.1904436 6.1921993 6.190513 6.1888267 6.1871404 6.1854541 6.1845756 6.1842382 6.1826944 6.1811505 6.1796067 6.1780629 6.1790292 6.1763304 6.1726749 6.1707549 6.1688349 6.1669149 6.1649949 6.164712 6.164712 6.164712 6.164712 6.1637709 6.1598882 6.1671724 6.1744566 6.1817408 6.189025 6.1970252
-9999 6.0896122 6.0845561 6.0795 6.0744438 6.0648201 6.0538924 6.0449332 6.0382461 6.031559 6.0248718 6.0182902 6.0117661 6.012551 6.0279721 6.0432223 6.0556587 6.0680952 6.0805316 6.0929179 6.1051885 6.1174592 6.1297298 6.1444515 6.1611992 6.1744501 6.1783286 6.1821957 6.1857369 6.1892781 6.1928193 6.194575 6.1928887 6.1912024 6.1895161 6.1892531 6.189759 6.1894216 6.1878777 6.1863339 6.1847901 6.1870006 6.1902598 6.187561 6.1805792 6.1757223 6.1738023 6.1718823 6.1699623 6.1696793 6.1696793 6.1696793 6.1672059 6.1600994 6.1562166 6.1635008 6.170785 6.1780692 6.186376 6.1950815
-9999 6.0893962 6.0843401 6.0786846 6.0677569 6.0568291 6.0459014 6.0369422 6.0302551 6.0235679 6.0170392 6.0105151 6.0039911 6.0047759 6.0201971 6.0356183 6.0510395 6.0642077 6.0766441 6.0890304 6.101301 6.1135716 6.1296475 6.1463953 6.163143 6.1763939 6.1802724 6.1841509 6.1880293 6.1916538 6.195195 6.1969507 6.1952644 6.1935781 6.1939305 6.1944364 6.1949423 6.1946049 6.1930611 6.1917128 6.194972 6.1982312 6.2014904 6.1987916 6.1918098 6.1848279 6.1787697 6.1768497 6.1749297 6.1746467 6.1746467 6.1706409 6.1635343 6.1564278 6.1525451 6.1598293 6.1671135 6.1757267 6.1844322 6.1931377
-9999 6.0891803 6.0816214 6.0706936 6.0597659 6.0488381 6.0379104 6.0289512 6.0223122 6.0157882 6.0092641 6.0027401 5.996216 5.9970009 6.012422 6.0278432 6.0432644 6.0586856 6.0727566 6.0851429 6.0980958 6.1148435 6.1315913 6.148339 6.1650868 6.1783377 6.1822161 6.1860946 6.1899731 6.1938516 6.1975708 6.1993264 6.1981021 6.198608 6.1991139 6.1996198 6.2001257 6.1997883 6.1996842 6.2029434 6.2062026 6.2094618 6.212721 6.2100223 6.2030404 6.1960585 6.1890767 6.1820948 6.1798971 6.1796141 6.1740759 6.1669693 6.1598628 6.1527563 6.1488735 6.1563719 6.1650774 6.1737829 6.1824885 6.191194
-9999 6.0880177 6.0770899 6.0661621 6.0552344 6.0443066 6.0333789 6.0240995 6.0175755 6.0110514 6.0045274 5.9980034 5.9914793 5.991794 6.0072152 6.0226363 6.0380575 6.0534787 6.0688999 6.0847222 6.10147 6.1182177 6.1349654 6.1517132 6.1684609 6.1788413 6.1827198 6.1865983 6.1904768 6.1943553 6.1982337 6.2009603 6.2014661 6.201972 6.2024779 6.2029838 6.2034897 6.2055985 6.2088577 6.2121169 6.2153761 6.2186353 6.2218945 6.2199134 6.2129315 6.2059497 6.1989678 6.191986 6.1850041 6.1789305 6.171824 6.1647174 6.1576109 6.1505044 6.1452821 6.1539876 6.1626931 6.1713986 6.1801041 6.1888096
-9999 6.1095783 6.0986505 6.0877227 6.076795 6.0658672 6.0549395 6.0448446 6.035754 6.02923 6.0227059 6.0161819 6.0096579 6.0093934 6.021664 6.0367987 6.0522199 6.0676411 6.0830623 6.0988846 6.1156323 6.1323801 6.1491278 6.1658755 6.1759323 6.1795214 6.1736194 6.1762408 6.1801192 6.1839977 6.1878762 6.1906027 6.1911086 6.1916145 6.1921204 6.1926263 6.1964171 6.2000849 6.2025164 6.2057756 6.2090348 6.212294 6.2155532 6.2157993 6.2127202 6.2057383 6.1987564 6.1917746 6.1847927 6.1839154 6.1802791 6.1731726 6.166066 6.1589595 6.1527286 6.1495306 6.1569859 6.1656914 6.1743969 6.1831024
-9999 6.1311388 6.1202111 6.1092833 6.0983556 6.0874278 6.0765001 6.0664052 6.0572715 6.0481379 6.0408845 6.0343604 6.0278364 6.0275719 6.0398425 6.0521132 6.0663822 6.0818034 6.0972246 6.1130469 6.1297947 6.1465424 6.1632901 6.1707045 6.1778347 6.1814238 6.1755218 6.1696197 6.1697617 6.1736402 6.1775187 6.1802452 6.1807511 6.181257 6.1820266 6.1865796 6.1911326 6.1948005 6.197202 6.1996035 6.2026934 6.2059526 6.2092118 6.2094579 6.2075379 6.2055269 6.1985451 6.1915632 6.1845813 6.183704 6.1838816 6.1816277 6.1745212 6.1674146 6.1611837 6.1579857 6.1547878 6.1599842 6.1686897 6.1773952
-9999 6.1526994 6.1417717 6.1308439 6.1199162 6.1089884 6.0980606 6.0879658 6.0788321 6.0696985 6.0605648 6.052539 6.0460149 6.0457505 6.0580211 6.0702917 6.0825623 6.0959658 6.111387 6.1272093 6.143957 6.1583465 6.1654767 6.1726069 6.1797371 6.1833262 6.1774242 6.1715221 6.1656201 6.1632826 6.1671611 6.1698876 6.1703935 6.1721891 6.1767421 6.1812951 6.1858481 6.189516 6.1919175 6.194319 6.1967206 6.1996113 6.2028705 6.2031166 6.2011966 6.1992765 6.1973565 6.1913518 6.18437 6.1834926 6.1836703 6.1838479 6.1829763 6.1758698 6.1696388 6.1664409 6.1632429 6.160045 6.1629825 6.171688
-9999 6.17426 6.1633323 6.1524045 6.1414768 6.130549 6.1196212 6.1095264 6.1003927 6.0912591 6.0821254 6.0729918 6.0641935 6.063929 6.0761996 6.0884702 6.1007409 6.1130115 6.1255493 6.1413716 6.1531186 6.1602489 6.1673791 6.1745093 6.1816395 6.1852286 6.1793266 6.1734245 6.1675225 6.1616205 6.1568036 6.1595301 6.1623517 6.1669047 6.1714577 6.1760107 6.1805637 6.1842315 6.1866331 6.1890346 6.1914361 6.1938376 6.1965291 6.1967752 6.1948552 6.1929352 6.1910152 6.1890952 6.1841586 6.1832812 6.1834589 6.1836366 6.1838142 6.1839919 6.178094 6.174896 6.1716981 6.1685001 6.1653022 6.1659808
-9999 6.1907337 6.1798059 6.1688782 6.1579504 6.1470227 6.1360949 6.1333329 6.1241992 6.1150656 6.1059319 6.0967983 6.0876646 6.0776149 6.0872721 6.0995427 6.1118133 6.1240839 6.1363546 6.1470708 6.154201 6.1613313 6.1684615 6.1755917 6.1827219 6.1878295 6.183308 6.177406 6.1715039 6.1656019 6.1596999 6.1573689 6.1619219 6.1664749 6.1710279 6.1755809 6.1801339 6.1826933 6.1850949 6.1874964 6.1898979 6.1922994 6.1943628 6.1959526 6.1940325 6.1921125 6.1901925 6.1882725 6.1863525 6.186221 6.1863987 6.1865764 6.186754 6.1869317 6.1883143 6.1851163 6.1819184 6.1787204 6.1755225 6.1713744
-9999 6.1991231 6.1881953 6.1772676 6.1663398 6.1601896 6.1632885 6.1607087 6.1515751 6.1424414 6.1333078 6.1228761 6.1075447 6.0966014 6.0944457 6.0993219 6.1115925 6.1238632 6.1361338 6.14685 6.1539803 6.1611105 6.1682407 6.1753515 6.1823159 6.1873879 6.1873879 6.1846915 6.1787895 6.1728874 6.1669854 6.1646544 6.1692074 6.1737604 6.1783134 6.1823704 6.1847312 6.1871088 6.1895103 6.1919118 6.1943134 6.1951459 6.193259 6.1955162 6.2007526 6.2000604 6.1981403 6.1962203 6.1943003 6.1941689 6.1943465 6.1945242 6.1947019 6.1987476 6.2013399 6.1981419 6.194944 6.1917461 6.1845371 6.1687251
-9999 6.2075124 6.1965847 6.1856569 6.1844665 6.1875654 6.1906643 6.1880846 6.1789509 6.1698173 6.1571941 6.1418626 6.1265311 6.1155879 6.1134322 6.1112766 6.1113718 6.1236424 6.135913 6.1466293 6.1537595 6.1608897 6.1679455 6.1749099 6.1818743 6.1869464 6.1869464 6.1869464 6.186075 6.1801729 6.1742709 6.1719399 6.1764929 6.1810459 6.1844251 6.1867859 6.1891467 6.1915243 6.1939258 6.1963273 6.1959289 6.194042 6.1921551 6.1944123 6.1996487 6.2048851 6.2060882 6.2041682 6.2022481 6.2021167 6.2022944 6.2032453 6.2075092 6.2117732 6.2143655 6.2111675 6.2079696 6.1976999 6.1818879 6.1660758
-9999 6.2159018 6.2056445 6.2087434 6.2118423 6.2149412 6.2180402 6.2154604 6.2063268 6.1915121 6.1761806 6.1608491 6.1455176 6.1345743 6.1324187 6.130263 6.1281074 6.1259517 6.1356922 6.1464085 6.1535387 6.1605396 6.167504 6.1744684 6.1814328 6.1865048 6.1865048 6.1865048 6.1865048 6.1865048 6.1815564 6.1792254 6.1837784 6.1864797 6.1888405 6.1912013 6.1935621 6.1959397 6.1983412 6.196712 6.1948251 6.1929381 6.1910512 6.1933085 6.1985449 6.2037813 6.2090177 6.212116 6.210196 6.2100645 6.212007 6.2162709 6.2205348 6.2247988 6.2273911 6.2241931 6.2108627 6.1950506 6.1792386 6.1634265
-9999 6.2299214 6.2330203 6.2361193 6.2392182 6.2423171 6.245416 6.2411615 6.22583 6.2104985 6.195167 6.1798356 6.1645041 6.1535608 6.1514052 6.1492495 6.1470939 6.1449382 6.1427826 6.1461692 6.1531336 6.160098 6.1670624 6.1740268 6.1809913 6.1860633 6.1860633 6.1860633 6.1860633 6.1860633 6.1860633 6.1861735 6.1885343 6.1908952 6.193256 6.1956168 6.1979776 6.1993819 6.197495 6.1956081 6.1937212 6.1918343 6.1899474 6.1922046 6.197441 6.2026774 6.2079138 6.2131502 6.2181438 6.2207687 6.2250326 6.2292965 6.2335605 6.2378244 6.2398375 6.2240254 6.2082134 6.1924014 6.1765893 6.1607773
-9999 6.2340301 6.237129 6.2402279 6.2433269 6.2464258 6.2517703 6.2483232 6.2329917 6.2176602 6.2023288 6.1869973 6.1763926 6.172525 6.1711482 6.1689925 6.1668369 6.1646812 6.1625256 6.1631277 6.1700921 6.1770565 6.1840209 6.1909853 6.1961505 6.197887 6.1980262 6.1980262 6.1980262 6.1980262 6.1980262 6.1988326 6.2011934 6.2035542 6.2059151 6.2082759 6.2078922 6.2053293 6.2034424 6.2015555 6.1996686 6.1977817 6.1964612 6.1950153 6.1969127 6.2021491 6.2073855 6.2126219 6.2178583 6.2222656 6.2265295 6.2307934 6.2350573 6.2378594 6.2333522 6.2175401 6.2017281 6.185916 6.170104 6.1657187
