mean_models/J1_mean_tot_conduct_slide_300.dat.tif
NCOLS 118
NROWS 92
XLLCORNER 139.62
YLLCORNER -39.07
DX 0.099491525
DY 0.099347826
NODATA_VALUE -9999
[rows 0 to 25 of 92, columns 0 to 57 of 118]
-2.2371024 -2.2788528 -2.3037257 -2.3314285 -2.3645924 -2.3776398 -2.3726653 -2.3634019 -2.3491889 -2.3224153 -2.2820921 -2.2457108 -2.2205238 -2.1923373 -2.1713441 -2.1434162 -2.098645 -2.0544956 -2.033664 -2.0122614 -2.0007598 -1.9937174 -2.0069361 -2.0134445 -2.011587 -2.0129387 -2.0179132 -2.0195652 -2.0238189 -2.0314908 -2.0426696 -2.0563618 -2.0762601 -2.1034457 -2.1502866 -2.1899768 -2.2098751 -2.2342477 -2.2551933 -2.2769499 -2.2874227 -2.301629 -2.3115781 -2.3218319 -2.3326092 -2.322711 -2.2912926 -2.2818559 -2.2766195 -2.2644753 -2.2487661 -2.2083691 -2.1667679 -2.1299148 -2.0905068 -2.0442279 -1.9954545 -1.9382301
-2.2307669 -2.2704955 -2.2953683 -2.3250929 -2.3582568 -2.373326 -2.3683514 -2.3612874 -2.3491889 -2.3259322 -2.2861356 -2.2514619 -2.2285811 -2.2120006 -2.1930475 -2.1717001 -2.1323447 -2.095349 -2.0771377 -2.0671885 -2.0588247 -2.0631849 -2.0795923 -2.0974524 -2.0981434 -2.1044697 -2.1124064 -2.117381 -2.1223556 -2.1287117 -2.1391845 -2.1528768 -2.1717875 -2.1973818 -2.2457947 -2.28447 -2.3029824 -2.3203836 -2.3396246 -2.3527067 -2.3588247 -2.3647146 -2.3724304 -2.3775573 -2.3867626 -2.3690819 -2.3345941 -2.3218912 -2.3131126 -2.298175 -2.2824658 -2.2420688 -2.1959701 -2.157279 -2.1166979 -2.068847 -2.0148372 -1.9572368
-2.2285669 -2.2663786 -2.2912515 -2.3209761 -2.3541399 -2.3665936 -2.3616191 -2.3550782 -2.3456028 -2.3280246 -2.288228 -2.2569695 -2.2420458 -2.2281682 -2.2132445 -2.1934664 -2.1586443 -2.1326439 -2.1226948 -2.1157541 -2.1157541 -2.123021 -2.1478939 -2.1655873 -2.1705619 -2.1768882 -2.1868373 -2.1954856 -2.2004602 -2.2073395 -2.2178123 -2.2292822 -2.244206 -2.2715354 -2.3238993 -2.3515845 -2.3665082 -2.381232 -2.3969412 -2.4063383 -2.4063383 -2.4087601 -2.4137347 -2.4183385 -2.4235749 -2.4022272 -2.3655724 -2.3494006 -2.3389278 -2.3239902 -2.308281 -2.265562 -2.2188983 -2.1805466 -2.1387925 -2.0864285 -2.033988 -1.9763877
-2.2471946 -2.2850063 -2.3098792 -2.3396038 -2.3515555 -2.3541752 -2.3492006 -2.344336 -2.3393936 -2.3279922 -2.3130649 -2.2818065 -2.2702973 -2.2603481 -2.250399 -2.2339703 -2.214072 -2.190591 -2.190591 -2.1840557 -2.1840557 -2.1913227 -2.2035543 -2.2099314 -2.2198806 -2.2265621 -2.2365112 -2.2451595 -2.2501341 -2.2578061 -2.2735153 -2.2839893 -2.2939385 -2.3212093 -2.3180164 -2.3049711 -2.3106251 -2.3237176 -2.3348488 -2.350558 -2.3628736 -2.3628736 -2.3640608 -2.3661413 -2.3676918 -2.3553323 -2.328317 -2.315614 -2.3078816 -2.292944 -2.2772348 -2.2565881 -2.2188983 -2.1857345 -2.1450017 -2.0926378 -2.0435655 -2.0012246
-2.2589144 -2.2918677 -2.3167406 -2.3326032 -2.3420786 -2.3446983 -2.3397237 -2.3326597 -2.3271798 -2.3205999 -2.3068593 -2.2936432 -2.283694 -2.2754016 -2.2667373 -2.2551822 -2.2366195 -2.2244967 -2.2258832 -2.2273874 -2.2288247 -2.2302781 -2.2352527 -2.2430324 -2.2545205 -2.2658214 -2.2773604 -2.2847079 -2.2880417 -2.2943979 -2.3084813 -2.322223 -2.3321722 -2.3301494 -2.3039675 -2.2879806 -2.2929552 -2.2980375 -2.307723 -2.3208229 -2.3365321 -2.3429416 -2.3429416 -2.3429416 -2.3429416 -2.3288649 -2.3079193 -2.2989496 -2.2937132 -2.2795473 -2.2638381 -2.2431914 -2.2216563 -2.1857345 -2.1494425 -2.098847 -2.0481289 -2.004942
-2.2610498 -2.2918475 -2.3117458 -2.326394 -2.3358694 -2.338489 -2.3335144 -2.3264505 -2.3169751 -2.3081814 -2.2982323 -2.2874339 -2.2774848 -2.2691924 -2.2642178 -2.2551822 -2.2402585 -2.2307059 -2.2356805 -2.2398059 -2.2447804 -2.2489058 -2.2538804 -2.2616601 -2.2765838 -2.2906583 -2.3055821 -2.3157541 -2.3157541 -2.3192348 -2.3297076 -2.3408508 -2.3507999 -2.3478913 -2.3164729 -2.3003991 -2.3053737 -2.310456 -2.3156924 -2.3270322 -2.3427414 -2.3491508 -2.3491508 -2.3491508 -2.3491508 -2.3350741 -2.3141285 -2.3051588 -2.2999224 -2.2857565 -2.2700473 -2.2494006 -2.2278655 -2.1891744 -2.1494425 -2.1023149 -2.0543381 -2.0072106
-2.2627482 -2.2918475 -2.3084493 -2.3201847 -2.32679 -2.3269197 -2.3219451 -2.3148812 -2.3054058 -2.2957629 -2.2837207 -2.2705046 -2.2625977 -2.2576231 -2.2526485 -2.246068 -2.2348984 -2.226195 -2.2311696 -2.2361442 -2.2429576 -2.2514534 -2.258216 -2.2695677 -2.2844914 -2.2980634 -2.3089788 -2.32 -2.3216355 -2.3279916 -2.3384644 -2.3487584 -2.3587075 -2.3549497 -2.3235313 -2.3074575 -2.3124321 -2.3175144 -2.3227508 -2.3332414 -2.345727 -2.35 -2.35 -2.35 -2.35 -2.3359233 -2.3149777 -2.306008 -2.2961832 -2.2812457 -2.2655365 -2.2448897 -2.2233546 -2.1846635 -2.1440824 -2.0951853 -2.0444672 -1.9973397
-2.2568186 -2.2794698 -2.2943936 -2.3033566 -2.3080943 -2.3066548 -2.3016802 -2.2930469 -2.2835716 -2.2784474 -2.2635237 -2.2520152 -2.2470406 -2.242066 -2.2370915 -2.2273724 -2.2174232 -2.2121393 -2.2171139 -2.2235927 -2.2335419 -2.243491 -2.2534402 -2.2742076 -2.2891314 -2.3040551 -2.3142218 -2.3254718 -2.3309833 -2.3386552 -2.3493815 -2.3596755 -2.3696246 -2.3658668 -2.3344484 -2.3183746 -2.3233492 -2.3284315 -2.3336679 -2.3383928 -2.3488656 -2.3531386 -2.3531386 -2.3531386 -2.3531386 -2.3092453 -2.2882997 -2.2769074 -2.2664346 -2.251497 -2.2357878 -2.2496655 -2.2279468 -2.18787 -2.1437698 -2.0906133 -2.0304795 -1.9833519
-2.2257724 -2.2470311 -2.2571381 -2.2661012 -2.2708389 -2.2686085 -2.2586593 -2.2489522 -2.2347391 -2.2295302 -2.2345048 -2.2271782 -2.2222037 -2.2172291 -2.2122545 -2.2024621 -2.1825638 -2.1748839 -2.1798585 -2.1863373 -2.1962864 -2.2062356 -2.2414237 -2.2742076 -2.2891314 -2.3040551 -2.3189788 -2.3316811 -2.3466048 -2.357283 -2.3729922 -2.3845124 -2.3944616 -2.3907038 -2.3545354 -2.3375305 -2.3474797 -2.3532685 -2.3585049 -2.3611141 -2.3612841 -2.3655571 -2.3655571 -2.3655571 -2.3655571 -2.2846159 -2.1827426 -2.173773 -2.1670867 -2.1521492 -2.13644 -2.2244195 -2.2652023 -2.2209838 -2.1748159 -2.1119792 -2.0486478 -1.9701019
-2.2142452 -2.2257464 -2.233112 -2.2400115 -2.2429855 -2.235905 -2.2240624 -2.2121338 -2.1979207 -2.1887319 -2.1912113 -2.1927706 -2.1868602 -2.1785679 -2.1735933 -2.1638009 -2.1439026 -2.1333348 -2.1410079 -2.148991 -2.1616895 -2.180359 -2.2201556 -2.2529395 -2.2678632 -2.282787 -2.2977107 -2.3139353 -2.3318118 -2.3469329 -2.3626421 -2.3763838 -2.386333 -2.3808401 -2.3454104 -2.3293366 -2.3371296 -2.3451398 -2.3503762 -2.3556126 -2.3572391 -2.3572391 -2.3572391 -2.3572391 -2.3572391 -2.2798172 -2.1601145 -2.1235088 -2.1180108 -2.1038448 -2.0881357 -2.1676079 -2.2570793 -2.2087909 -2.1604015 -2.0975648 -2.0314363 -1.9554982
-2.2079496 -2.216712 -2.216712 -2.216712 -2.216712 -2.2071654 -2.1922417 -2.1768259 -2.1626128 -2.1526019 -2.1526019 -2.1491866 -2.1392375 -2.1309451 -2.1259705 -2.1170002 -2.0971019 -2.0865341 -2.0964832 -2.1087586 -2.1236824 -2.145873 -2.1856697 -2.2184536 -2.2333773 -2.249123 -2.2640467 -2.2802713 -2.3001696 -2.3190153 -2.3347245 -2.3484662 -2.3584154 -2.3546576 -2.3232392 -2.3088094 -2.313784 -2.3180443 -2.3232807 -2.3285171 -2.3337535 -2.3358899 -2.3358899 -2.3350679 -2.3350679 -2.25929 -2.1440893 -2.108728 -2.0982552 -2.0833177 -2.0676085 -2.1424248 -2.2217714 -2.1720256 -2.1201692 -2.0573325 -1.991204 -1.9178945
-2.1893219 -2.1959444 -2.191875 -2.191875 -2.1827923 -2.1683718 -2.148777 -2.1319838 -2.1130331 -2.1019915 -2.0970169 -2.0933035 -2.0833543 -2.075062 -2.0700874 -2.061901 -2.0469772 -2.0368602 -2.0468093 -2.0597669 -2.0796653 -2.1024084 -2.1387458 -2.1693602 -2.1892585 -2.206188 -2.2260863 -2.2430159 -2.2629142 -2.2817599 -2.2974691 -2.3112108 -2.32116 -2.3174022 -2.2899865 -2.2790387 -2.288947 -2.291875 -2.2922345 -2.2974709 -2.3027073 -2.3048438 -2.3048438 -2.3017974 -2.2978125 -2.2274289 -2.1192523 -2.0838911 -2.0734183 -2.0584807 -2.0427715 -2.1011257 -2.1720975 -2.1223517 -2.0708463 -2.013246 -1.9477393 -1.8744298
-2.1810089 -2.1837976 -2.1776461 -2.1679742 -2.154746 -2.1278759 -2.1074024 -2.08088 -2.0598469 -2.0458366 -2.0408621 -2.0244584 -2.0145092 -2.0029764 -1.9980018 -1.997845 -1.9910941 -1.9839458 -1.9938949 -2.010093 -2.0299913 -2.0542498 -2.0890718 -2.1164458 -2.1363441 -2.1594829 -2.1793812 -2.1992795 -2.2191778 -2.228302 -2.2440112 -2.2577529 -2.2677021 -2.2656793 -2.2397093 -2.23179 -2.2414267 -2.2443546 -2.2449858 -2.2502222 -2.2543546 -2.2543546 -2.2531946 -2.2480677 -2.2428313 -2.1707305 -2.0979397 -2.084978 -2.0720364 -2.0563272 -2.0347347 -2.0924912 -2.0964996 -2.0467539 -1.998489 -1.9408886 -1.8848317 -1.8126268
-2.1761663 -2.1751768 -2.1652277 -2.1444451 -2.1112813 -2.0826013 -2.0577284 -2.031206 -2.0027799 -1.9801196 -1.9602213 -1.9425809 -1.9276572 -1.916047 -1.9110724 -1.9109157 -1.9208648 -1.9290674 -1.9439912 -1.9604191 -1.9803174 -2.0036728 -2.0335202 -2.0614149 -2.0862878 -2.109809 -2.1297073 -2.1473538 -2.1523284 -2.1600004 -2.1757095 -2.1894513 -2.1994004 -2.1985625 -2.1776169 -2.1681504 -2.173125 -2.177657 -2.1828934 -2.186053 -2.186053 -2.1836583 -2.1786838 -2.1735569 -2.1683205 -2.1437222 -2.1227766 -2.1063733 -2.0906641 -2.0671259 -2.0409439 -2.0241166 -1.9971518 -1.9525667 -1.906596 -1.8594684 -1.8139718 -1.7877898
-2.1422125 -2.1341987 -2.1188554 -2.0953215 -2.0589886 -2.0225481 -1.9910776 -1.9623559 -1.9304701 -1.9033 -1.8795012 -1.8613105 -1.848728 -1.8404356 -1.835461 -1.8369102 -1.8509124 -1.8639717 -1.8829993 -1.9009315 -1.9249845 -1.9477896 -1.979724 -2.011741 -2.0366139 -2.0614867 -2.0856923 -2.1029889 -2.1123216 -2.1199936 -2.1357028 -2.1494445 -2.1593937 -2.159106 -2.1381604 -2.1281437 -2.1331182 -2.1360462 -2.137778 -2.1377601 -2.1347283 -2.1317833 -2.1268088 -2.1216819 -2.1164455 -2.0971324 -2.074047 -2.0570934 -2.0413842 -2.0167455 -1.9905635 -1.959444 -1.932125 -1.8933819 -1.8485118 -1.8013842 -1.7624859 -1.740317
-2.1080435 -2.0922105 -2.0723122 -2.0418788 -2.0039773 -1.9615585 -1.9267365 -1.8906915 -1.8575276 -1.8272946 -1.8024217 -1.7826717 -1.7727225 -1.765751 -1.7614484 -1.7645034 -1.779814 -1.7978479 -1.8181839 -1.8425949 -1.8684448 -1.8962245 -1.9310465 -1.9678613 -1.9939146 -2.0187875 -2.0436603 -2.0646307 -2.0745798 -2.0859764 -2.1016855 -2.1137281 -2.1233837 -2.123096 -2.1021504 -2.0901409 -2.0951155 -2.0960507 -2.0960507 -2.0914309 -2.0861945 -2.0791203 -2.0741457 -2.0670261 -2.0617897 -2.0424766 -2.0162946 -1.9961038 -1.9803946 -1.9557559 -1.9295739 -1.9004471 -1.8689708 -1.8320888 -1.7938538 -1.7483656 -1.7111132 -1.6905145
-2.06937 -2.0505332 -2.0206857 -1.9861166 -1.9387397 -1.8949592 -1.8551626 -1.8176298 -1.7797283 -1.7478163 -1.7229434 -1.7028699 -1.6879461 -1.6796495 -1.6846241 -1.6916484 -1.7115467 -1.731616 -1.7564889 -1.7829862 -1.8178082 -1.8499315 -1.8897281 -1.9281221 -1.9629442 -1.9922947 -2.0171676 -2.0381379 -2.0480871 -2.0594836 -2.0751928 -2.0872354 -2.09221 -2.0899801 -2.0690345 -2.0569203 -2.0569203 -2.05615 -2.0509136 -2.0444342 -2.0339614 -2.0251826 -2.0152335 -2.0063637 -1.995891 -1.9762447 -1.9500627 -1.9278727 -1.9075395 -1.8829008 -1.8567188 -1.8305369 -1.8027389 -1.769575 -1.7342451 -1.6975903 -1.6647509 -1.6490417
-2.0294519 -2.007847 -1.9723033 -1.9280709 -1.8782722 -1.8320018 -1.7877123 -1.7434649 -1.7055634 -1.6722674 -1.6473945 -1.6259369 -1.6126071 -1.6076282 -1.6156889 -1.6354304 -1.6619402 -1.6833936 -1.7125905 -1.7508829 -1.788486 -1.8318037 -1.8742797 -1.9198178 -1.9546398 -1.9881102 -2.016543 -2.0375134 -2.0332172 -1.9999188 -2.0141642 -2.0227589 -2.0261481 -2.0192079 -2.0152105 -2.0303533 -2.0263858 -2.0183756 -2.0108368 -2.000364 -1.9926664 -1.9846401 -1.9718597 -1.9534327 -1.9392293 -1.9181989 -1.892017 -1.869827 -1.8488814 -1.823471 -1.797289 -1.7711071 -1.7348698 -1.7023285 -1.6726717 -1.6386592 -1.615769 -1.6000598
-1.9920629 -1.9584586 -1.918662 -1.8716572 -1.8195426 -1.76631 -1.7165642 -1.6723169 -1.6344153 -1.6022402 -1.5773674 -1.5576174 -1.5476682 -1.5504866 -1.5654104 -1.5873937 -1.6172412 -1.6524407 -1.6922373 -1.73578 -1.7805512 -1.8267757 -1.8765215 -1.9243015 -1.9591235 -1.9925939 -2.0224413 -2.0292334 -1.9794876 -1.9437525 -1.9542253 -1.96 -1.96 -1.9686753 -1.9948573 -2.0035632 -1.9936141 -1.9812077 -1.9707349 -1.9606473 -1.9554109 -1.9421979 -1.9272741 -1.9077261 -1.8867806 -1.8611949 -1.8350129 -1.8128229 -1.7918773 -1.7675879 -1.7414059 -1.7064697 -1.6704818 -1.6447198 -1.619651 -1.593469 -1.5739415 -1.5582323
-1.9610167 -1.9237305 -1.8751973 -1.8279874 -1.7663974 -1.7104268 -1.6606811 -1.6164337 -1.5785322 -1.5469946 -1.5270963 -1.5079434 -1.506019 -1.5143029 -1.5391758 -1.5635268 -1.6033234 -1.6408905 -1.6906363 -1.7365466 -1.7912669 -1.8391942 -1.8926981 -1.9432108 -1.9830074 -2.0174308 -2.0472783 -2.0537105 -1.9940156 -1.9559761 -1.9612125 -1.965631 -1.9606564 -1.9686753 -1.9905557 -1.9963775 -1.9814537 -1.9667224 -1.9458979 -1.932798 -1.9181555 -1.9012944 -1.8776002 -1.8561268 -1.8308974 -1.8029135 -1.7729205 -1.7507305 -1.7297849 -1.7088393 -1.6855227 -1.6544032 -1.6208078 -1.6042259 -1.5824998 -1.5667907 -1.5506793 -1.5506793
-1.9373436 -1.8962237 -1.8435263 -1.7827224 -1.7211324 -1.6651619 -1.614542 -1.5698287 -1.5332672 -1.5017297 -1.4823763 -1.4758424 -1.4765072 -1.4947445 -1.5199589 -1.5612047 -1.6068017 -1.6497085 -1.6995923 -1.757783 -1.8125216 -1.8707631 -1.9254834 -1.9795356 -2.0193322 -2.0550737 -2.0827334 -2.0891656 -2.0294707 -1.9790128 -1.984066 -1.9789191 -1.9739445 -1.9775584 -1.9974823 -1.997247 -1.9811004 -1.9578433 -1.9350375 -1.9115004 -1.8929854 -1.8675784 -1.8412466 -1.8074389 -1.7802709 -1.7505697 -1.7191513 -1.6957169 -1.6747713 -1.6538257 -1.6328801 -1.6020594 -1.5782127 -1.5616308 -1.5523232 -1.536614 -1.5329212 -1.5337645
-1.9158377 -1.8659658 -1.8062709 -1.745467 -1.683877 -1.6257976 -1.5710773 -1.526364 -1.4932002 -1.4674885 -1.4575393 -1.4553742 -1.470298 -1.4913461 -1.5261681 -1.5674139 -1.6221342 -1.6771529 -1.7368478 -1.7962913 -1.8559863 -1.9154298 -1.9751247 -2.0292095 -2.0690061 -2.1047476 -2.1296205 -2.1305313 -2.0608873 -2.0079301 -2.0026937 -1.9975468 -1.9925722 -1.9932188 -2.0036915 -1.9997641 -1.9748912 -1.9478281 -1.9164097 -1.8881212 -1.8619392 -1.8338387 -1.8039912 -1.7701834 -1.7335287 -1.7008958 -1.6694774 -1.646043 -1.6250974 -1.6041518 -1.5832062 -1.5617579 -1.5409573 -1.5352945 -1.5293297 -1.5240933 -1.5232917 -1.5337645
-1.8899147 -1.8390373 -1.7793424 -1.7185385 -1.6646789 -1.6136882 -1.5629627 -1.5204488 -1.4914407 -1.47 -1.469244 -1.467833 -1.4918686 -1.5283432 -1.5772601 -1.6168999 -1.6668711 -1.7247016 -1.7891965 -1.8473872 -1.9022313 -1.9619262 -2.0271872 -2.0870134 -2.1218575 -2.1548957 -2.1698194 -2.175122 -2.1253762 -2.0722349 -2.0669985 -2.0567541 -2.0378118 -2.0379556 -2.0317958 -2.0080279 -1.9746398 -1.9427654 -1.9029455 -1.8689 -1.8352621 -1.8010204 -1.7643526 -1.7305449 -1.6938901 -1.6537161 -1.616626 -1.5931915 -1.572246 -1.5557651 -1.5367099 -1.5355145 -1.5209348 -1.5209348 -1.5184629 -1.5235905 -1.5282293 -1.5528297
-1.8847529 -1.8272497 -1.7675548 -1.7122958 -1.6601811 -1.6115506 -1.5622368 -1.5267868 -1.4995462 -1.4864439 -1.4895448 -1.4997906 -1.5296381 -1.5750104 -1.6270269 -1.6783786 -1.7293105 -1.7837215 -1.848391 -1.910052 -1.9647724 -2.0238529 -2.093497 -2.147726 -2.1797689 -2.2091842 -2.2241079 -2.2182181 -2.1639985 -2.1228053 -2.1146163 -2.1043719 -2.0844736 -2.0659633 -2.0502541 -2.0215967 -1.98608 -1.944041 -1.9008742 -1.8563559 -1.8193712 -1.7752722 -1.7354756 -1.6947147 -1.6580599 -1.6206781 -1.5787869 -1.5528636 -1.5319181 -1.5182294 -1.5025202 -1.5016236 -1.5019909 -1.5072079 -1.5107271 -1.5192016 -1.5343131 -1.5627876
-1.8971714 -1.8394985 -1.774829 -1.718505 -1.6663904 -1.6177598 -1.5729886 -1.5392053 -1.5202545 -1.5112809 -1.5262046 -1.5446732 -1.5844699 -1.6308936 -1.6905885 -1.7466802 -1.8014005 -1.8582324 -1.9229019 -1.9845629 -2.0392833 -2.097909 -2.1625785 -2.2160277 -2.2409005 -2.2650673 -2.279991 -2.2741012 -2.2094317 -2.1600608 -2.1443516 -2.1292088 -2.1093105 -2.0900638 -2.0691183 -2.0402244 -2.0004278 -1.9564595 -1.9040955 -1.8563559 -1.8092284 -1.7625481 -1.7128024 -1.6696235 -1.6277323 -1.590359 -1.5537042 -1.5280267 -1.5070811 -1.495065 -1.4838924 -1.4829959 -1.4833632 -1.4944178 -1.5045178 -1.520227 -1.5405223 -1.5771771
-1.9148005 -1.8600894 -1.7976687 -1.740346 -1.6909521 -1.6495318 -1.6104615 -1.5820755 -1.5691472 -1.5656878 -1.5875157 -1.6109776 -1.6545598 -1.7109327 -1.7777352 -1.8342183 -1.885334 -1.9416094 -2.0026234 -2.0612759 -2.1085835 -2.1662106 -2.2292416 -2.2777161 -2.298781 -2.3182471 -2.325453 -2.3156606 -2.2392619 -2.186895 -2.1711858 -2.1540458 -2.1341475 -2.1139022 -2.0907745 -2.0546572 -2.0086343 -1.961513 -1.9060928 -1.8537288 -1.8040178 -1.7523953 -1.7003839 -1.6552077 -1.6133165 -1.5714254 -1.5330792 -1.5084003 -1.4874547 -1.4799034 -1.4701765 -1.4745164 -1.4753402 -1.4914218 -1.5058653 -1.5296496 -1.5552339 -1.5990181
