mean_models/J1_mean__temp2_slide_160.dat.tif
NCOLS 118
NROWS 92
XLLCORNER 139.62
YLLCORNER -39.07
DX 0.099491525
DY 0.099347826
NODATA_VALUE -9999
[rows 54 to 80 of 92, columns 0 to 59 of 118]
-9999 1208.4233 1214.688 1220.9527 1227.2174 1228.556 1229.4824 1227.1175 1220.9539 1214.7903 1208.6268 1201.2921 1193.6492 1185.0543 1174.553 1164.0517 1158.4773 1153.3617 1148.2462 1146.0785 1150.7115 1155.3445 1159.9775 1171.4797 1186.0684 1195.5843 1191.5034 1187.4226 1181.4126 1175.1733 1168.934 1166.5843 1171.7326 1176.8808 1182.0291 1186.9671 1191.8489 1195.7526 1198.2571 1200.7615 1203.266 1206.0007 1208.7555 1209.1268 1207.7846 1207.8935 1211.6532 1215.4129 1219.1727 1217.5999 1215.1055 1212.6111 1213.3465 1217.566 1221.3767 1223.7716 1226.1665 1228.5614 1227.8608 1226.6242
-9999 1213.0516 1219.3163 1224.2627 1225.1891 1226.1155 1227.0419 1224.677 1218.5134 1212.1786 1204.5357 1196.8928 1189.2498 1180.6549 1170.1536 1159.6523 1149.1509 1141.9475 1136.832 1134.6643 1139.2973 1143.9303 1158.4437 1173.0325 1187.6213 1197.1371 1193.0563 1188.9755 1184.8946 1179.4906 1173.2513 1170.9016 1176.0499 1181.1795 1186.0613 1190.9431 1195.825 1199.7287 1202.2331 1204.7823 1207.5372 1210.2921 1213.0469 1213.4182 1212.076 1210.7337 1209.6317 1213.3914 1217.1512 1215.5784 1213.084 1215.2671 1219.4866 1223.7061 1227.5168 1229.9118 1232.0595 1230.8229 1229.5864 1228.3499
-9999 1217.6799 1220.8958 1221.8222 1222.7486 1223.675 1224.6014 1222.2365 1215.4221 1207.7792 1200.1363 1192.4934 1184.8505 1176.2556 1165.7542 1155.2529 1144.7516 1134.2502 1125.4178 1123.2501 1130.819 1145.4078 1159.9966 1174.5854 1189.1741 1198.69 1194.6091 1190.5283 1186.4475 1182.3666 1177.5686 1175.2189 1180.2737 1185.1555 1190.0374 1194.9192 1199.801 1203.7048 1206.3188 1209.0737 1211.8286 1214.5835 1217.3383 1217.7096 1216.3674 1215.0251 1213.6828 1212.3406 1215.1297 1213.5569 1217.1877 1221.4072 1225.6267 1229.8462 1233.657 1235.0216 1233.7851 1232.5486 1231.312 1230.0755
-9999 1217.6886 1218.615 1219.5414 1220.4678 1221.3942 1222.3207 1223.768 1216.1251 1208.4822 1200.8393 1193.1963 1185.5534 1178.3795 1167.8782 1157.3769 1146.8755 1136.3742 1125.8729 1122.9584 1137.5472 1152.136 1166.7247 1181.3135 1195.9023 1201.2366 1196.9493 1192.8685 1188.7876 1184.7068 1180.626 1179.6065 1184.4883 1189.3701 1194.252 1199.1338 1204.0156 1208.3874 1211.1423 1213.8972 1216.6521 1219.4069 1222.1618 1223.1611 1221.8188 1220.4766 1219.1343 1217.7921 1216.4498 1218.9002 1223.1197 1227.3392 1231.5587 1235.7782 1239.3558 1238.268 1237.0314 1235.7949 1234.5583 1233.3218
-9999 1215.9533 1216.8797 1217.8061 1218.7325 1220.0535 1224.1523 1228.1404 1232.001 1226.612 1218.9691 1211.3262 1203.6833 1196.6579 1190.8692 1181.7811 1171.2798 1160.7785 1150.2771 1147.3627 1161.9514 1176.5402 1191.129 1205.7178 1214.5491 1217.1675 1204.7598 1197.8977 1193.8168 1189.736 1185.6552 1184.6357 1189.5175 1194.3993 1199.2812 1204.1024 1205.4498 1209.3706 1216.9731 1220.538 1223.2929 1226.0478 1228.8027 1230.4494 1231.2326 1229.8903 1228.5481 1227.2058 1225.8636 1226.3868 1228.341 1232.5605 1236.78 1240.9995 1244.5771 1245.9309 1245.4716 1244.235 1242.9985 1241.762
-9999 1214.218 1215.1444 1216.0709 1218.5136 1222.6123 1226.711 1230.6992 1234.5598 1238.4204 1237.099 1229.4561 1221.8132 1214.7878 1208.9991 1203.2103 1195.684 1185.1827 1174.6814 1171.7669 1186.3557 1200.9445 1214.0309 1222.2555 1230.4801 1233.0985 1220.6907 1208.283 1198.8461 1194.7652 1190.6844 1189.6649 1194.5467 1199.4285 1203.1569 1204.5042 1205.8516 1209.7724 1217.3749 1224.9774 1229.9338 1232.6886 1235.4435 1237.0902 1237.9403 1238.7903 1237.9618 1236.6196 1235.2773 1235.8006 1236.6463 1237.7818 1242.0013 1246.2208 1249.7983 1251.1521 1252.5059 1252.6752 1251.4386 1250.2021
-9999 1212.4828 1213.4092 1216.9736 1221.0723 1225.1711 1229.2698 1233.258 1237.1186 1240.9792 1244.8398 1247.586 1239.9431 1232.9177 1227.1289 1221.3402 1215.5514 1209.5869 1199.0856 1196.1712 1210.7599 1221.7372 1229.9618 1238.1865 1246.4111 1249.0295 1236.6217 1224.2139 1211.8062 1199.7944 1195.7136 1194.6941 1199.5759 1202.2113 1203.5587 1204.906 1206.2534 1210.1742 1217.7767 1225.3793 1232.9818 1239.3295 1242.0844 1243.7311 1244.5811 1245.4312 1246.2812 1246.0333 1244.6911 1245.2143 1246.06 1246.9057 1247.7514 1251.4421 1255.0196 1256.3734 1257.7272 1259.081 1259.8788 1258.6423
-9999 1211.3349 1215.4336 1219.5324 1223.6311 1227.7298 1231.8285 1235.8167 1239.6773 1243.5379 1247.3985 1251.2591 1255.1197 1251.0476 1245.2588 1239.4701 1233.6813 1227.8926 1222.1038 1220.5754 1229.4435 1237.6682 1245.8928 1254.1174 1262.3421 1264.9605 1252.5527 1240.1449 1227.7371 1215.3294 1202.9216 1199.7233 1201.2658 1202.6131 1203.9605 1205.3078 1206.6552 1210.576 1218.1785 1225.7811 1233.3836 1240.9861 1248.5886 1250.3719 1251.222 1252.072 1252.9221 1253.7721 1254.1048 1254.6281 1255.4738 1256.3194 1257.1651 1258.0108 1260.2409 1261.5947 1262.9485 1264.3023 1265.6561 1267.0099
-9999 1216.8725 1220.9712 1225.0699 1229.1687 1233.2674 1235.9142 1234.5776 1234.9121 1238.7727 1242.6333 1246.4939 1250.3545 1252.8509 1250.3656 1244.5768 1238.7881 1232.9993 1227.2106 1225.6593 1233.8839 1242.1085 1250.3332 1258.5578 1264.6328 1264.1572 1262.9461 1250.5383 1238.1305 1225.7227 1213.315 1205.6055 1206.9528 1208.3002 1209.6476 1210.9949 1210.9071 1211.0191 1217.2048 1224.8073 1232.4098 1240.0124 1247.6149 1251.2311 1252.0514 1252.9014 1253.7514 1254.6015 1255.4515 1250.9626 1251.7244 1252.5701 1253.4158 1254.2614 1258.8511 1270.6087 1271.9625 1273.3163 1274.6701 1276.0239
-9999 1223.7054 1227.8041 1231.9029 1236.0016 1237.3888 1237.9255 1236.5889 1233.0903 1230.8227 1234.6833 1238.5439 1242.4045 1244.9009 1244.6654 1244.0205 1238.2317 1232.443 1226.6542 1225.1029 1233.3276 1241.5522 1249.7768 1252.2831 1249.7394 1249.2638 1254.3312 1258.5236 1246.1159 1233.7081 1221.3003 1213.5909 1214.9382 1216.2856 1217.6329 1216.1747 1213.0905 1213.2025 1217.8872 1223.2354 1230.8379 1238.4405 1246.043 1249.6592 1250.4098 1251.2036 1252.0537 1252.9037 1253.7538 1249.2649 1243.8532 1243.0967 1243.9424 1244.7881 1249.3778 1266.9362 1282.6259 1283.9797 1285.3335 1286.6873
-9999 1230.5383 1234.6371 1238.3269 1238.8635 1239.4001 1239.9367 1238.6001 1235.1016 1231.6031 1228.1046 1230.5938 1234.4544 1236.9508 1236.7154 1236.4799 1236.2445 1231.8866 1226.0979 1224.5466 1232.7712 1240.9958 1239.9334 1237.3898 1234.8461 1234.3705 1239.4378 1244.5051 1249.5725 1241.6935 1229.2857 1221.5762 1222.9236 1224.2709 1221.4424 1218.3582 1215.274 1215.386 1220.0706 1224.7553 1229.44 1236.8686 1244.4711 1248.0873 1248.8379 1249.5884 1250.3559 1251.206 1252.056 1247.5671 1242.1555 1236.7439 1234.469 1235.3147 1239.9044 1257.4629 1275.0213 1292.5798 1295.9968 1297.3506
-9999 1237.3713 1239.8015 1240.3381 1240.8747 1241.4113 1241.9479 1240.6113 1237.1128 1233.6143 1230.1158 1226.6173 1226.5044 1229.0008 1228.7653 1228.5299 1228.2944 1228.059 1225.5415 1223.9902 1230.1274 1227.5838 1225.0401 1222.4964 1219.9528 1219.4772 1224.5445 1229.6118 1234.6791 1239.7464 1237.271 1229.5616 1229.7943 1226.7101 1223.6259 1220.5416 1217.4574 1217.5694 1222.2541 1226.9388 1231.6234 1236.3081 1242.8992 1246.5154 1247.266 1248.0165 1248.7671 1249.5176 1250.3583 1245.8694 1240.4577 1235.0461 1229.6345 1225.8413 1230.431 1247.9895 1265.548 1283.1065 1300.6649 1308.0139
-9999 1240.3478 1240.8844 1241.421 1241.9576 1242.4942 1243.0308 1242.2364 1238.7379 1235.2394 1231.7408 1228.2423 1224.7438 1223.5472 1223.3117 1223.0763 1222.8408 1222.6053 1222.3699 1221.4364 1218.8928 1216.3491 1213.8054 1211.2618 1208.7181 1206.3851 1211.4524 1216.5197 1221.587 1226.6544 1231.7217 1234.0047 1230.9205 1227.8362 1224.752 1221.6678 1218.5835 1219.7096 1224.3943 1229.079 1233.7636 1238.4483 1243.133 1252.235 1252.9856 1253.7361 1254.4867 1255.2372 1255.9878 1251.4842 1246.0726 1240.661 1235.2493 1229.8377 1227.8275 1245.386 1262.9445 1280.5029 1298.0614 1315.6199
-9999 1236.8132 1237.3498 1237.8864 1238.423 1239.0659 1241.9952 1241.9405 1238.442 1234.9435 1231.445 1227.9465 1230.0261 1231.4358 1230.4426 1230.0394 1229.804 1229.5685 1229.3331 1228.3996 1225.856 1223.3123 1220.7686 1218.225 1218.007 1216.501 1210.2296 1212.3868 1217.4542 1222.5215 1227.5888 1229.8718 1226.7876 1223.7034 1220.6191 1217.5349 1218.7992 1221.6347 1226.3194 1231.0041 1235.6888 1242.6899 1274.872 1290.9168 1294.9722 1295.7227 1296.4733 1297.2238 1297.9744 1293.4708 1288.0592 1282.6476 1277.2359 1266.1666 1259.3936 1276.9521 1294.5106 1312.0691 1329.2453 1338.5051
-9999 1233.2787 1233.8153 1234.3519 1235.8408 1238.7701 1241.6994 1241.6447 1238.1462 1234.6477 1232.779 1235.3886 1237.9982 1239.4079 1238.4147 1237.4214 1236.7672 1236.5317 1236.2962 1235.3628 1232.8191 1230.2755 1228.175 1228.4469 1228.7189 1227.2129 1220.9415 1214.6702 1213.3213 1218.3886 1223.4559 1225.739 1222.6547 1219.5705 1217.6385 1219.1814 1220.7244 1223.5599 1228.2446 1232.9292 1247.8229 1280.0049 1312.187 1328.2318 1332.6758 1337.1198 1338.4599 1339.2104 1339.961 1335.4574 1330.0458 1324.6342 1311.5301 1297.7327 1290.9597 1308.5182 1326.0767 1341.2393 1350.4991 1359.7589
-9999 1229.7441 1230.2807 1232.6157 1235.5449 1238.4742 1241.4035 1241.3489 1237.8504 1238.1415 1240.7511 1243.3607 1245.9703 1247.38 1246.3868 1245.3935 1244.4003 1243.4949 1243.2594 1242.326 1239.7823 1238.615 1238.8869 1239.1588 1239.4308 1237.9248 1231.6534 1225.3821 1219.1108 1214.2558 1219.3231 1221.6061 1218.5219 1218.0206 1219.5636 1221.1066 1222.6495 1225.485 1230.1697 1252.9558 1285.1379 1317.32 1349.5021 1365.5469 1369.9908 1374.4348 1378.8788 1381.197 1381.9476 1377.444 1370.6909 1356.8935 1343.0962 1329.2988 1322.5258 1340.0843 1353.2333 1362.4931 1371.7529 1381.0127
-9999 1226.4612 1229.3905 1232.3198 1235.2491 1238.1784 1241.1077 1241.053 1243.504 1246.1136 1248.7232 1251.3328 1253.9425 1255.3521 1254.3589 1253.3656 1252.3724 1251.3791 1250.3859 1249.2892 1249.0549 1249.3269 1249.5988 1249.8707 1250.1427 1248.6367 1242.3654 1236.094 1229.8227 1223.5513 1217.28 1217.4732 1218.4028 1219.9458 1221.4887 1223.0317 1224.5747 1227.4102 1258.0888 1290.2709 1322.453 1354.635 1386.8171 1402.8619 1407.3059 1411.7498 1416.1938 1420.6378 1423.9342 1416.0543 1402.257 1388.4596 1374.6623 1360.865 1354.092 1365.2273 1374.4871 1383.7469 1393.0067 1402.2665
-9999 1229.2403 1232.1696 1235.0989 1238.0282 1240.9575 1246.1998 1238.4392 1228.3192 1230.9288 1233.5384 1236.1481 1238.7577 1248.4413 1260.7514 1259.7582 1258.7649 1257.7717 1256.7784 1256.1677 1256.4397 1256.7116 1256.9836 1257.2555 1259.7329 1266.6773 1253.9757 1247.7044 1241.433 1235.1617 1228.8903 1225.2881 1226.8311 1228.374 1229.917 1231.46 1238.0591 1247.6702 1263.4636 1295.6456 1327.8277 1360.0098 1392.1919 1406.4058 1410.0839 1414.5279 1418.9719 1423.4158 1427.8598 1433.9985 1420.2011 1406.4038 1392.6065 1378.8091 1365.926 1364.0539 1373.3137 1382.5735 1391.8334 1401.0932
-9999 1233.7651 1236.6944 1239.6237 1242.553 1250.3556 1259.9459 1252.1853 1224.3994 1202.5966 1205.2062 1207.8159 1210.4255 1220.1091 1243.9589 1265.2539 1264.2607 1263.2674 1262.2741 1261.6635 1261.9354 1262.2073 1262.4793 1270.6431 1286.6381 1293.5825 1276.2693 1259.8248 1253.5535 1247.2821 1241.0108 1237.4085 1238.9515 1240.4945 1242.0374 1255.0923 1275.6803 1285.2914 1279.1984 1282.8862 1315.0683 1347.2504 1379.4325 1393.6464 1394.9433 1397.6975 1402.1414 1406.5854 1411.0293 1418.0616 1425.5413 1416.6141 1402.8167 1389.0194 1376.1362 1366.4198 1359.4073 1368.6671 1377.9269 1387.1867
-9999 1238.29 1241.2193 1244.921 1254.5114 1264.1017 1273.692 1265.9314 1238.1455 1210.3597 1182.5738 1179.4837 1182.0933 1191.7769 1215.6267 1239.4765 1263.3262 1268.7631 1267.7699 1267.1592 1267.4311 1267.7031 1281.5534 1297.5483 1313.5433 1320.4877 1303.1745 1285.8612 1268.548 1259.4025 1253.1312 1249.529 1251.0719 1252.6149 1272.1255 1292.7135 1313.3015 1322.9126 1316.8196 1310.7266 1304.6336 1334.491 1366.673 1380.887 1382.1839 1383.4807 1385.311 1389.755 1394.1989 1401.2312 1408.7108 1416.1905 1413.027 1399.2296 1386.3465 1376.6301 1366.9137 1357.1972 1364.0205 1373.2803
-9999 1242.8148 1249.0768 1258.6672 1268.2575 1277.8478 1287.4382 1279.6775 1251.8917 1224.1058 1196.3199 1168.5341 1153.7611 1163.4447 1187.2945 1211.1443 1234.9941 1258.8438 1273.2656 1272.6549 1276.4688 1292.4637 1308.4586 1324.4535 1340.4485 1347.3929 1330.0797 1312.7664 1295.4532 1278.14 1265.2516 1261.6494 1268.5707 1289.1587 1309.7467 1330.3347 1350.9227 1360.5338 1354.4408 1348.3478 1342.2548 1336.1618 1353.9136 1368.1276 1369.4244 1370.7213 1372.0182 1373.3151 1377.3685 1384.4008 1391.8804 1399.36 1406.8397 1409.4399 1396.5567 1386.8403 1377.1239 1367.4075 1357.6911 1359.3739
-9999 1247.7654 1257.3558 1266.9461 1276.5364 1286.1268 1295.7171 1295.6045 1267.8186 1240.0328 1212.2469 1184.461 1156.6752 1143.1267 1166.9765 1190.8263 1214.676 1238.5258 1262.3756 1283.8502 1299.8451 1315.84 1331.8349 1347.8299 1363.8248 1369.2445 1352.1145 1334.8013 1317.4881 1300.1749 1282.8617 1278.4943 1299.0823 1319.6703 1340.2583 1360.8463 1381.4343 1383.5125 1377.4195 1371.3265 1365.2335 1359.1405 1353.0475 1352.6154 1353.9123 1355.2092 1356.5061 1357.803 1359.0998 1373.1494 1380.629 1388.1086 1395.5883 1403.0679 1397.507 1386.086 1376.3696 1366.6532 1356.9368 1347.2203
-9999 1235.3492 1244.9396 1254.5299 1264.1202 1274.8808 1292.9589 1298.0783 1288.2417 1264.2149 1236.4291 1208.6432 1180.8573 1166.8044 1180.2523 1200.8446 1224.6944 1248.5441 1272.3939 1293.8685 1309.8634 1325.8583 1341.8533 1357.8482 1349.0615 1342.5019 1347.8491 1338.4004 1321.0872 1303.774 1286.4608 1282.0934 1302.6814 1323.2694 1343.8574 1364.1711 1375.6733 1372.4721 1348.2357 1338.8781 1332.7851 1326.6921 1320.5991 1321.736 1327.9803 1329.2772 1330.574 1331.8709 1333.1678 1363.754 1390.496 1397.9757 1405.4553 1412.9349 1407.374 1356.6422 1334.1106 1324.3942 1314.6778 1304.9614
-9999 1222.933 1232.5233 1242.1137 1256.1366 1274.2147 1292.2928 1297.4122 1287.5756 1277.739 1260.6112 1232.8254 1205.0395 1190.9865 1204.4345 1217.8824 1234.7127 1258.5625 1282.4122 1303.8868 1319.8817 1335.8767 1344.3231 1333.321 1322.3189 1315.7593 1321.1065 1326.4537 1324.6863 1307.3731 1290.0599 1285.6925 1306.2805 1326.8685 1344.1023 1355.6046 1367.1068 1363.9056 1339.6692 1315.4327 1300.3368 1294.2438 1288.1508 1289.2876 1295.6219 1301.9562 1304.642 1305.9389 1307.2358 1337.8219 1373.4701 1407.8427 1415.3224 1422.802 1417.2411 1366.5093 1315.7775 1282.1353 1272.4188 1262.7024
-9999 1210.5168 1220.1071 1237.3925 1255.4706 1273.5487 1291.6268 1296.7462 1286.9095 1277.0729 1267.2363 1257.0075 1229.2217 1215.1687 1228.6166 1242.0646 1255.5125 1268.9605 1292.4306 1313.9051 1329.9001 1328.5826 1317.5805 1306.5784 1295.5763 1289.0166 1294.3639 1299.7111 1305.0584 1310.4056 1293.659 1289.2916 1309.8796 1324.0336 1335.5359 1347.0381 1358.5403 1355.3391 1331.1027 1306.8662 1282.6297 1261.7954 1255.7024 1256.8393 1263.1736 1269.5079 1275.8421 1280.0068 1281.3037 1311.8899 1347.5381 1383.1862 1418.8344 1432.669 1427.1081 1376.3763 1325.6445 1274.9127 1230.1599 1220.4435
-9999 1200.5702 1218.6483 1236.7264 1254.8045 1272.8826 1290.9607 1296.0801 1286.2435 1276.4069 1266.5702 1256.7336 1246.897 1239.3509 1252.7988 1266.2467 1279.6947 1293.1426 1306.5906 1323.8442 1312.8421 1301.84 1290.8379 1279.8357 1268.8336 1262.274 1267.6212 1272.9685 1278.3157 1283.663 1289.0102 1292.4627 1303.9649 1315.4671 1326.9694 1338.4716 1349.9738 1346.7727 1322.5362 1298.2997 1274.0632 1249.8267 1225.5903 1224.3909 1230.7252 1237.0595 1243.3938 1249.7281 1255.3717 1285.9579 1321.606 1357.2542 1392.9024 1428.5505 1436.9752 1386.2434 1335.5116 1284.7798 1234.048 1183.3162
-9999 1220.4656 1238.5437 1256.6218 1274.6999 1292.778 1297.3765 1293.7071 1289.2511 1279.4144 1269.5778 1259.7412 1249.9046 1249.3681 1266.3137 1279.7617 1293.2096 1306.6576 1320.1055 1326.1601 1315.158 1304.1559 1293.1538 1282.1517 1268.2147 1257.076 1266.4731 1271.8204 1277.1676 1282.5149 1287.8621 1295.3117 1306.8139 1318.3162 1329.8184 1341.3206 1345.3169 1342.0678 1332.052 1307.8155 1283.579 1259.3426 1235.1061 1213.692 1208.4318 1214.7661 1221.1004 1227.4347 1233.769 1248.1935 1280.6335 1316.2817 1351.9299 1387.578 1413.5456 1396.9346 1346.2028 1295.4711 1244.7393 1194.0075
