mean_models/J1_mean_tot_conduct_slide_123.44.dat.tif
NCOLS 118
NROWS 92
XLLCORNER 139.62
YLLCORNER -39.07
DX 0.099491525
DY 0.099347826
NODATA_VALUE -9999
[rows 25 to 49 of 92, columns 0 to 57 of 118]
-2.5466522 -2.5973564 -2.6389246 -2.6700039 -2.7065922 -2.7502429 -2.7928899 -2.8406042 -2.8957301 -2.9522827 -3.0199971 -3.098031 -3.1788132 -3.2517751 -3.3271022 -3.405403 -3.465603 -3.5293361 -3.575728 -3.6253551 -3.6466199 -3.6675225 -3.6360953 -3.5969343 -3.5767275 -3.5595877 -3.5165359 -3.4797266 -3.3972885 -3.3256304 -3.2695015 -3.224977 -3.1711346 -3.1323791 -3.0891781 -3.0484054 -3.0235325 -3.0088927 -3.0067125 -3.0119846 -3.0117763 -3.0259813 -3.0472588 -3.0757909 -3.099249 -3.1308369 -3.1479132 -3.1571416 -3.13949 -3.1177727 -3.0653932 -2.9880426 -2.8854047 -2.7999935 -2.6930969 -2.596444 -2.4950078 -2.399081
-2.6099316 -2.6747636 -2.7245093 -2.7700965 -2.8127357 -2.8609299 -2.9057011 -2.9560807 -3.012933 -3.0710341 -3.1357036 -3.2037883 -3.278407 -3.3422819 -3.4119259 -3.4691797 -3.5239001 -3.5663827 -3.6061793 -3.6294293 -3.6442915 -3.6417746 -3.5970034 -3.5465101 -3.5208535 -3.481112 -3.4303895 -3.3559276 -3.2687961 -3.1857414 -3.1223086 -3.0590305 -2.9993355 -2.9420697 -2.8897057 -2.8504475 -2.8255746 -2.8139638 -2.8139638 -2.8324466 -2.8481558 -2.8857811 -2.9206031 -2.9686247 -3.0105159 -3.0508926 -3.0927837 -3.1182955 -3.1287683 -3.120025 -3.0990794 -3.0541106 -2.9763378 -2.9000825 -2.8193235 -2.7264341 -2.635208 -2.5409529
-2.6560757 -2.725468 -2.7901375 -2.8381485 -2.8902632 -2.9412539 -2.9909996 -3.0421821 -3.0990344 -3.1568915 -3.2165865 -3.2832666 -3.3434256 -3.4014637 -3.456184 -3.5084617 -3.5383091 -3.5728029 -3.5877267 -3.6029366 -3.5880128 -3.5755427 -3.5262058 -3.473655 -3.4139601 -3.3618946 -3.2823014 -3.1969711 -3.0527084 -2.9473066 -2.8687607 -2.8005415 -2.735872 -2.6771422 -2.6247782 -2.5861029 -2.5662046 -2.5569391 -2.5674119 -2.595177 -2.6475409 -2.6970984 -2.7667424 -2.8254828 -2.8979217 -2.9362937 -2.9735663 -3.0114655 -3.0426669 -3.0486749 -3.0460939 -3.0695863 -3.055816 -3.0005429 -2.9319177 -2.8586082 -2.7745577 -2.6907753
-2.6705893 -2.7503927 -2.8165637 -2.8738863 -2.9299477 -2.9859183 -3.035664 -3.0865095 -3.1410978 -3.195438 -3.2497232 -3.3094182 -3.3656765 -3.4054774 -3.446165 -3.484826 -3.5003866 -3.5162383 -3.5137126 -3.5105855 -3.4779073 -3.4528099 -3.399499 -3.3242447 -3.2461852 -3.1756767 -3.083637 -2.9910353 -2.85626 -2.7245631 -2.6365746 -2.55937 -2.4891722 -2.4285801 -2.3790857 -2.3527599 -2.3399591 -2.3433276 -2.3653453 -2.4125978 -2.4759789 -2.5532971 -2.6305332 -2.7236345 -2.8068625 -2.880172 -2.9234358 -2.9760584 -3.0145986 -3.042318 -3.0475544 -3.0903943 -3.1146048 -3.0764506 -3.0206561 -2.9572173 -2.8822619 -2.8012971
-2.6738944 -2.760121 -2.8297651 -2.8946961 -2.956286 -3.0122566 -3.0620023 -3.1115027 -3.1636173 -3.2128769 -3.2626226 -3.3106608 -3.355432 -3.3891798 -3.4190273 -3.4374823 -3.4424569 -3.4371758 -3.422252 -3.3949401 -3.3501689 -3.2981308 -3.2284867 -3.1478521 -3.0583097 -2.9640463 -2.8645547 -2.7592758 -2.6299368 -2.5100862 -2.415831 -2.3303008 -2.2556821 -2.1919076 -2.1500164 -2.1304161 -2.1254416 -2.1416292 -2.178284 -2.2419456 -2.3257279 -2.420573 -2.5150899 -2.6212839 -2.7312482 -2.8192685 -2.8925781 -2.9552568 -3.0128572 -3.045014 -3.071196 -3.1191459 -3.1639734 -3.1317875 -3.0938219 -3.0362215 -2.9733829 -2.8948369
-2.6552666 -2.7437826 -2.8173466 -2.8822776 -2.9438676 -2.9998381 -3.0495839 -3.0960306 -3.1387803 -3.1847821 -3.2196042 -3.2671961 -3.2977113 -3.3159571 -3.3209316 -3.3334676 -3.3135693 -3.3014866 -3.2567154 -3.2231323 -3.1534882 -3.0994352 -3.0132423 -2.9159203 -2.8114541 -2.7136393 -2.599224 -2.4941634 -2.3797481 -2.2623598 -2.1733411 -2.0912202 -2.0315253 -1.968375 -1.9418968 -1.9402699 -1.9640013 -1.9890796 -2.0540992 -2.1275336 -2.2325893 -2.3433409 -2.465416 -2.5811053 -2.7064113 -2.8058181 -2.8925781 -2.9618956 -3.0252756 -3.0650169 -3.096033 -3.1567778 -3.2074381 -3.1853289 -3.1502055 -3.0978416 -3.0374219 -2.9693478
-2.6261294 -2.7116835 -2.7859669 -2.8529615 -2.9137443 -2.9601444 -3.0070793 -3.0491274 -3.0895711 -3.1276885 -3.1609719 -3.1923787 -3.2172516 -3.2140251 -3.210798 -3.1981073 -3.168062 -3.1326129 -3.0791316 -3.0208223 -2.9440068 -2.8670957 -2.7725788 -2.6573687 -2.551008 -2.4465419 -2.3360175 -2.2281065 -2.1236725 -2.0222178 -1.9431056 -1.8742978 -1.8241906 -1.7773351 -1.758538 -1.7958217 -1.8290921 -1.8868184 -1.962891 -2.0677438 -2.181728 -2.3119967 -2.4423923 -2.5848307 -2.7167435 -2.8230191 -2.9172743 -2.9915695 -3.0596427 -3.1009273 -3.137582 -3.1824391 -3.2426376 -3.2236418 -3.195928 -3.1456881 -3.071928 -2.9873424
-2.5882274 -2.6719444 -2.7415884 -2.8039064 -2.8607587 -2.9071589 -2.9419809 -2.9762723 -3.0094361 -3.0415871 -3.0714345 -3.0931424 -3.098117 -3.0948077 -3.0749094 -3.045774 -2.9960282 -2.9405404 -2.8708963 -2.7956339 -2.7060915 -2.6085462 -2.4891563 -2.3725716 -2.2631309 -2.1551217 -2.0506556 -1.9499326 -1.8603902 -1.7771598 -1.714323 -1.6623558 -1.6325084 -1.618375 -1.6393206 -1.6766043 -1.7362992 -1.8139633 -1.9186913 -2.041251 -2.1826337 -2.3252431 -2.4695058 -2.6179467 -2.7698022 -2.8826278 -2.976883 -3.0511782 -3.1192514 -3.160536 -3.1971907 -3.2338455 -3.2691303 -3.2525484 -3.2290439 -3.1819163 -3.1116671 -2.99123
-2.5510218 -2.6287353 -2.6920341 -2.7541927 -2.8037558 -2.8428159 -2.8738636 -2.8991184 -2.9165417 -2.9432578 -2.9599771 -2.9812864 -2.9749942 -2.9501297 -2.9078428 -2.8718852 -2.8040251 -2.7418386 -2.6538769 -2.5721989 -2.4641354 -2.3658727 -2.2490454 -2.1374352 -2.0327265 -1.9300443 -1.8447094 -1.751951 -1.6914106 -1.6177893 -1.5886836 -1.5558055 -1.574747 -1.5617296 -1.6075229 -1.6879121 -1.7839405 -1.8750886 -2.0036976 -2.1373238 -2.2927361 -2.4387687 -2.586221 -2.7257618 -2.8683529 -2.9674207 -3.0512145 -3.1095419 -3.1690449 -3.1969351 -3.2285807 -3.2652354 -3.2997545 -3.2721179 -3.247846 -3.2007184 -3.1272572 -2.9978428
-2.5141626 -2.5830424 -2.6427373 -2.695224 -2.7425706 -2.7670805 -2.7965085 -2.8146994 -2.8283111 -2.8357415 -2.8476992 -2.8523771 -2.8374534 -2.7976186 -2.7503178 -2.6910932 -2.6178729 -2.5373432 -2.4449661 -2.3494068 -2.2399661 -2.129072 -2.0146568 -1.9136568 -1.8135805 -1.7226314 -1.6449534 -1.5785975 -1.5296949 -1.4942105 -1.4822391 -1.4887881 -1.5208686 -1.5583207 -1.6211574 -1.7437288 -1.8510127 -1.9771298 -2.1146588 -2.2664407 -2.428769 -2.5758475 -2.7250847 -2.8517061 -2.9878524 -3.0592685 -3.1325781 -3.1734277 -3.2205553 -3.2378591 -3.2588046 -3.2920629 -3.3262147 -3.2939454 -3.2595963 -3.2098149 -3.1363537 -3.0054438
-2.4709205 -2.5357563 -2.5855021 -2.6299285 -2.6630924 -2.6876022 -2.702526 -2.7153515 -2.7200892 -2.7231473 -2.7181727 -2.7099669 -2.6751449 -2.6320389 -2.572344 -2.5056439 -2.4161016 -2.3254012 -2.2209351 -2.1175952 -2.0081545 -1.8984136 -1.7939475 -1.6950916 -1.6105238 -1.5305589 -1.4758386 -1.4262641 -1.4113404 -1.4014859 -1.4381407 -1.4755418 -1.5451858 -1.6141237 -1.7345608 -1.8629462 -2.0022343 -2.1427095 -2.2998014 -2.4586403 -2.6262049 -2.7732084 -2.9075219 -3.0272538 -3.1319818 -3.1891829 -3.2153648 -3.2454461 -3.2669176 -3.2783271 -3.2852974 -3.3161181 -3.3460843 -3.3073931 -3.2662195 -3.2086192 -3.1297305 -2.9988206
-2.4297026 -2.4800606 -2.5201049 -2.5601473 -2.5875165 -2.6023262 -2.6111958 -2.6147929 -2.6099669 -2.6042375 -2.5847479 -2.5695276 -2.5284973 -2.4704676 -2.3995813 -2.325433 -2.2245468 -2.1303391 -2.025873 -1.9229112 -1.8212365 -1.7132492 -1.6160439 -1.5412939 -1.4846189 -1.4216782 -1.4073132 -1.377309 -1.4073354 -1.4185301 -1.4958993 -1.5642119 -1.6781129 -1.764587 -1.9015349 -2.0595099 -2.2119572 -2.3542614 -2.5048874 -2.6646064 -2.829411 -2.950787 -3.0631197 -3.1497573 -3.2310769 -3.3076513 -3.3469097 -3.3611157 -3.3792708 -3.368963 -3.3705096 -3.2918075 -3.3106369 -3.2615385 -3.2186113 -3.1610109 -3.0968272 -3.003331
-2.3965662 -2.434148 -2.4639955 -2.4902388 -2.5139273 -2.5168167 -2.5217913 -2.516652 -2.5071766 -2.4871497 -2.4622768 -2.4288658 -2.37912 -2.314371 -2.2396601 -2.1570118 -2.0526427 -1.9497316 -1.8454134 -1.7484684 -1.6497716 -1.5546402 -1.4700724 -1.4181627 -1.3711201 -1.3457049 -1.3438911 -1.3649335 -1.4091527 -1.4757914 -1.5690683 -1.6837532 -1.8131184 -1.9516532 -2.1087451 -2.268423 -2.4276094 -2.5697052 -2.7163243 -2.8640131 -3.0263414 -3.128552 -3.2180943 -3.27579 -3.3281539 -3.3824475 -3.4452843 -3.4596868 -3.4701596 -3.4549028 -3.4391936 -3.3524846 -3.2694657 -3.2166814 -3.1628299 -3.1041699 -3.0399861 -2.9614402
-2.3644221 -2.3972552 -2.4121789 -2.4328594 -2.437597 -2.4353666 -2.4254175 -2.4163113 -2.3973605 -2.3743887 -2.3345921 -2.2963346 -2.2366396 -2.1686608 -2.084093 -1.9980553 -1.8985637 -1.7973983 -1.6979068 -1.6027583 -1.5231651 -1.4354228 -1.3793793 -1.3386844 -1.3337098 -1.3258353 -1.3656319 -1.4046726 -1.4991896 -1.5883856 -1.7350047 -1.8692025 -2.0333635 -2.1837094 -2.3617468 -2.5255437 -2.6698064 -2.80498 -2.9149443 -3.0523887 -3.1937714 -3.2817115 -3.3215081 -3.3670769 -3.3880224 -3.4366074 -3.4850234 -3.4879806 -3.4767828 -3.4560023 -3.4325704 -3.3329228 -3.2363498 -3.1755494 -3.1164676 -3.0483945 -2.9803774 -2.9018315
-2.3441884 -2.3584784 -2.3666898 -2.3756528 -2.3760905 -2.3617997 -2.3450112 -2.3242852 -2.2980127 -2.2699346 -2.2272565 -2.1806294 -2.1182902 -2.0436758 -1.959108 -1.8729343 -1.7795108 -1.6862396 -1.5990875 -1.5131341 -1.4492194 -1.3768931 -1.331784 -1.3344577 -1.3553824 -1.3774417 -1.4534091 -1.5192226 -1.6437915 -1.7606111 -1.9304992 -2.0882075 -2.2611909 -2.4299499 -2.6015417 -2.7343473 -2.8557276 -2.9643362 -3.0494443 -3.1646629 -3.2979942 -3.3645141 -3.3958356 -3.4124796 -3.427051 -3.4515157 -3.4941602 -3.4814082 -3.4637551 -3.4167926 -3.3897347 -3.2802095 -3.17639 -3.1022206 -3.0386179 -2.9670779 -2.8990047 -2.826447
-2.3267925 -2.3316034 -2.3266288 -2.3217928 -2.3170551 -2.2964238 -2.2715509 -2.2419234 -2.2087595 -2.1705868 -2.1258156 -2.0725063 -2.0028622 -1.9309652 -1.8463974 -1.7638468 -1.6743045 -1.5924013 -1.512808 -1.4470766 -1.3923562 -1.3507164 -1.3407673 -1.3597453 -1.3945674 -1.4528561 -1.5473731 -1.6572208 -1.796509 -1.9450381 -2.128312 -2.301097 -2.4801818 -2.6519793 -2.8090712 -2.9400651 -3.0395566 -3.1172845 -3.1748849 -3.2603875 -3.3808246 -3.4360811 -3.4510049 -3.4536232 -3.4536232 -3.4558205 -3.4820025 -3.4597438 -3.4283254 -3.374519 -3.3221551 -3.2023883 -3.0886275 -3.0119674 -2.9391206 -2.8658111 -2.8041112 -2.736038
-2.3002997 -2.3009985 -2.2868896 -2.2805468 -2.2521206 -2.22066 -2.1858379 -2.1545284 -2.1166268 -2.0770095 -2.0272637 -1.9731584 -1.9077256 -1.8397425 -1.7651239 -1.6871691 -1.6175251 -1.5426622 -1.4879418 -1.4313961 -1.4114978 -1.3772092 -1.3989156 -1.444191 -1.5287588 -1.6021334 -1.736447 -1.8574967 -2.0166831 -2.1694066 -2.3422076 -2.5051055 -2.6344445 -2.7976894 -2.9817839 -3.1159811 -3.175676 -3.2435057 -3.274924 -3.35285 -3.4536797 -3.5028188 -3.5039904 -3.4980463 -3.4801159 -3.4378858 -3.3959011 -3.3582115 -3.3091081 -3.2375068 -3.1698217 -3.0137691 -2.8766855 -2.8048305 -2.7348709 -2.6825069 -2.6334257 -2.6229529
-2.293931 -2.2869622 -2.2657727 -2.2367569 -2.203344 -2.1644136 -2.1281046 -2.0847891 -2.0429819 -2.0008935 -1.9511478 -1.8962791 -1.8332784 -1.7719309 -1.7004464 -1.6489379 -1.5920251 -1.5270462 -1.4770987 -1.4572004 -1.44235 -1.4651551 -1.4996437 -1.5734954 -1.6612389 -1.7878195 -1.9361354 -2.0769532 -2.2348569 -2.3862906 -2.5541612 -2.6879823 -2.8082364 -2.9205925 -3.1057319 -3.2308434 -3.2831931 -3.3136868 -3.3389336 -3.3940674 -3.4854962 -3.5175435 -3.5071852 -3.4632723 -3.4345863 -3.3854872 -3.305204 -3.2388927 -3.1576285 -3.0767677 -2.9828084 -2.8240662 -2.6896565 -2.6178015 -2.5544651 -2.5043476 -2.4795126 -2.4752464
-2.29119 -2.2693212 -2.2394737 -2.2021408 -2.1595016 -2.1167572 -2.0769606 -2.0343719 -1.986995 -1.9395076 -1.8897619 -1.8383085 -1.7835882 -1.7339561 -1.6792358 -1.6320887 -1.5873175 -1.5554101 -1.5355118 -1.5327357 -1.552634 -1.5870662 -1.6567103 -1.7477001 -1.8621153 -1.9894227 -2.1486092 -2.2951702 -2.4394329 -2.5736603 -2.7098066 -2.8205756 -2.8951942 -3.0023452 -3.1751463 -3.2818578 -3.3117053 -3.3306741 -3.3411469 -3.3799571 -3.458503 -3.4685567 -3.4436838 -3.3932289 -3.3356285 -3.2490325 -3.1547774 -3.0576146 -2.9633595 -2.8646396 -2.7651481 -2.6418464 -2.5141836 -2.4511157 -2.3984236 -2.3670052 -2.3578606 -2.3788062
-2.2849807 -2.2564071 -2.2146368 -2.1773039 -2.1346646 -2.0886537 -2.0397052 -1.998589 -1.9559488 -1.909493 -1.8647218 -1.8134715 -1.7696062 -1.7314664 -1.6966444 -1.6559906 -1.6410669 -1.6170905 -1.6320143 -1.6375249 -1.6922452 -1.7298787 -1.8230715 -1.9373554 -2.0766436 -2.2073709 -2.3715319 -2.5118155 -2.5963833 -2.7162042 -2.7947502 -2.8954622 -2.9402334 -3.0458099 -3.2068882 -3.299842 -3.3054961 -3.3187552 -3.3101007 -3.3337091 -3.3777829 -3.3656564 -3.3008713 -3.229541 -3.1369329 -3.0335832 -2.9188263 -2.8086033 -2.7025714 -2.6038516 -2.50436 -2.4147436 -2.3030695 -2.2699057 -2.2281342 -2.238607 -2.2410274 -2.3038641
-2.2776023 -2.243278 -2.1985068 -2.1549832 -2.1132091 -2.067328 -2.0165873 -1.9723399 -1.9308564 -1.8909805 -1.8494025 -1.806339 -1.7666915 -1.7517635 -1.7271312 -1.7099745 -1.7072947 -1.7125871 -1.7401107 -1.777598 -1.8452742 -1.9145284 -2.0189945 -2.1399886 -2.2792767 -2.4172132 -2.5693539 -2.7140022 -2.8006242 -2.8797315 -2.9521596 -3.0140717 -3.0538752 -3.1358633 -3.2909961 -3.3510964 -3.3472677 -3.3221894 -3.2985084 -3.2118492 -3.2208417 -3.171009 -3.0935192 -2.9891983 -2.8832356 -2.764431 -2.6387575 -2.5311331 -2.4159324 -2.3376115 -2.23812 -2.1820543 -2.09636 -2.0885678 -2.0745639 -2.1024928 -2.1409451 -2.2157464
-2.2615229 -2.2234084 -2.1786373 -2.1378643 -2.0999628 -2.0540816 -1.9993613 -1.9524704 -1.9145688 -1.8777342 -1.8429121 -1.8130825 -1.7931842 -1.7782563 -1.7732817 -1.7762063 -1.7961046 -1.8251813 -1.874927 -1.9365545 -2.0260969 -2.1227106 -2.2371258 -2.3585538 -2.4978419 -2.6357784 -2.7700919 -2.8928283 -2.9823707 -3.0651808 -3.1280175 -3.1796514 -3.2094989 -3.2712936 -3.3969671 -3.4570674 -3.42722 -3.3817981 -3.313725 -3.1986028 -3.0362745 -2.9060814 -2.7966408 -2.6779084 -2.5522349 -2.4266484 -2.3009749 -2.1952612 -2.0957697 -2.0274663 -1.9646296 -1.9263284 -1.8910411 -1.9020958 -1.9222306 -1.9745946 -2.0415973 -2.1410888
-2.2738789 -2.2297972 -2.178572 -2.1378208 -2.0962203 -2.0502094 -1.9993178 -1.9546045 -1.9206925 -1.889155 -1.8676241 -1.8379249 -1.8323819 -1.8439836 -1.8662015 -1.8788922 -1.9262881 -1.9648474 -2.0423958 -2.1101924 -2.2184733 -2.3152826 -2.4323147 -2.550302 -2.6656585 -2.7927814 -2.8883976 -2.9992959 -3.0448462 -3.1184675 -3.1471928 -3.1885666 -3.1914758 -3.2530748 -3.3439849 -3.3476992 -3.2728463 -3.199266 -3.078744 -2.9528742 -2.776299 -2.6246654 -2.4925171 -2.3705862 -2.2417703 -2.1301735 -2.0151787 -1.9414008 -1.8594844 -1.8269643 -1.7779203 -1.7891469 -1.7682426 -1.829043 -1.8630376 -1.955528 -2.0325797 -2.1593293
-2.291092 -2.2425354 -2.1878151 -2.1401644 -2.0975251 -2.0515142 -2.0017685 -1.9641192 -1.9316726 -1.9102319 -1.8935316 -1.8821714 -1.887146 -1.9189202 -1.9492003 -1.9901325 -2.0446384 -2.109935 -2.1935398 -2.2836627 -2.3941571 -2.5065045 -2.6258944 -2.72639 -2.8327172 -2.9309121 -3.0157789 -3.0881814 -3.1241527 -3.1576739 -3.177645 -3.18299 -3.1769783 -3.199534 -3.2676072 -3.200569 -3.1100146 -2.9848377 -2.8450586 -2.6827103 -2.4994364 -2.3392569 -2.1949942 -2.0712896 -1.9403797 -1.8526454 -1.7479175 -1.704697 -1.6470967 -1.6488873 -1.6279417 -1.6671388 -1.6856312 -1.763052 -1.8360392 -1.935834 -2.0465476 -2.1801939
-2.3120596 -2.2620011 -2.2023062 -2.1534107 -2.1107715 -2.0647606 -2.0150149 -1.9773655 -1.9536771 -1.9367246 -1.9367246 -1.938712 -1.9635849 -1.9983985 -2.0531188 -2.1093499 -2.1839685 -2.2622684 -2.3617599 -2.4624888 -2.576904 -2.6900502 -2.7945163 -2.8919697 -2.9715629 -3.0501295 -3.1048499 -3.1544133 -3.1643624 -3.1775435 -3.1775435 -3.1697436 -3.1349216 -3.1243496 -3.103404 -3.0283661 -2.8791288 -2.7265334 -2.5432595 -2.3647281 -2.1762178 -2.0147206 -1.8704579 -1.7491954 -1.6444675 -1.5708372 -1.5184732 -1.4938486 -1.4881401 -1.5109055 -1.5418403 -1.6048332 -1.6657616 -1.7652531 -1.862532 -1.9777327 -2.0995331 -2.2461522
