mean_models/J1_mean_vp_slide_diff2_10.dat.tif
NCOLS 118
NROWS 92
XLLCORNER 139.62
YLLCORNER -39.07
DX 0.099491525
DY 0.099347826
NODATA_VALUE -9999
[rows 25 to 49 of 92, columns 0 to 56 of 118]
-9999 0.11009288 0.10519985 0.10030683 0.095413803 0.090520777 0.089947591 0.090763373 0.086797862 0.078969021 0.071140179 0.063311338 0.055482497 0.047775877 0.042890138 0.045211607 0.047533076 0.049854545 0.052176014 0.05279268 0.049476296 0.046159912 0.042843528 0.039527144 0.041249881 0.046787478 0.038873406 0.039379295 0.039885184 0.040391073 0.040896962 0.038292538 0.029692424 0.021092309 0.012492194 0.0038920788 -0.0015828775 -0.0055681448 -0.010529876 -0.01207371 -0.013617544 -0.015161378 -0.016705212 -0.013593676 -0.006247058 0.0017820826 0.0098112233 0.017840364 0.025869505 0.039322801 0.053258247 0.067115995 0.080973743 0.094831491 0.10705743 0.11351073 0.11955129
-9999 0.10079223 0.095899207 0.091006181 0.086113155 0.087857289 0.090793105 0.091608887 0.089977878 0.087846912 0.08001807 0.072189229 0.064360387 0.056653768 0.049191903 0.041730039 0.043939644 0.046261113 0.048582582 0.049199248 0.045882864 0.04256648 0.039250096 0.045027597 0.056469122 0.062006719 0.051720307 0.041433895 0.041576211 0.0420821 0.042587989 0.039983565 0.03138345 0.022783335 0.014183221 0.01041821 0.0085632835 0.0045780162 -0.0024550054 -0.0086916564 -0.01023549 -0.011779324 -0.013323158 -0.010211623 -0.0037534008 0.0032617311 0.011290872 0.019320012 0.027349153 0.04080245 0.055193188 0.069229778 0.083087527 0.096945275 0.10917121 0.11574476 0.12229921
-9999 0.091491585 0.086598559 0.082831172 0.085766987 0.088702803 0.091638618 0.0924544 0.090823392 0.089192383 0.087561374 0.08106712 0.073238278 0.065531658 0.058069794 0.05060793 0.043146065 0.042667681 0.04498915 0.045605816 0.042289432 0.038973048 0.048805313 0.060246838 0.071688364 0.077225961 0.066939549 0.056653137 0.046366725 0.043773127 0.044279016 0.041674592 0.033074477 0.024474362 0.022419298 0.020564371 0.018709444 0.014724177 0.0076911555 0.00065813391 -0.0063748877 -0.0083972708 -0.0099411048 -0.006829569 -0.00037134718 0.0060868746 0.01277052 0.020799661 0.028828802 0.042282098 0.056672837 0.071063575 0.08520131 0.099059058 0.111285 0.11785854 0.12443209
-9999 0.082190938 0.08074087 0.083676685 0.086612501 0.089548316 0.092484132 0.093299914 0.091668905 0.090037896 0.088406888 0.086775879 0.082116169 0.074409549 0.066947685 0.05948582 0.052023956 0.044562092 0.041395718 0.042012384 0.041141503 0.052583029 0.064024554 0.07546608 0.086907605 0.092445202 0.08215879 0.071872378 0.061585966 0.051299554 0.045970043 0.043365619 0.036275312 0.034420386 0.032565459 0.030710532 0.028855605 0.024870338 0.017837316 0.010804295 0.0037712732 -0.0032617484 -0.0065590511 -0.0034475154 0.0030107065 0.0094689283 0.01592715 0.022385372 0.03030845 0.043761747 0.058152485 0.072543224 0.086933962 0.10117284 0.11339878 0.11997233 0.12654587
-9999 0.078146867 0.081082683 0.084018498 0.086954314 0.089890129 0.092825945 0.092359581 0.090728572 0.089097563 0.087466555 0.085835546 0.084204538 0.083012695 0.07555083 0.068088966 0.060627101 0.053165237 0.045703372 0.04395761 0.055399135 0.066840661 0.078282186 0.089723711 0.10116524 0.10766444 0.097378032 0.08709162 0.076805208 0.066518796 0.056232384 0.048825891 0.046970965 0.045116038 0.043261111 0.041406184 0.039551258 0.03531414 0.028281119 0.021248097 0.014215075 0.0071820537 0.00014903203 0.00050692498 0.0069651468 0.013423369 0.01988159 0.026339812 0.032798034 0.044600322 0.058991061 0.073381799 0.087772538 0.10216328 0.11459674 0.12117029 0.12774384
-9999 0.074342057 0.077277872 0.080213688 0.083149503 0.086085319 0.081676713 0.077668933 0.075086574 0.073455565 0.071824557 0.070193548 0.068562539 0.070733071 0.080516404 0.074430316 0.066968452 0.059506587 0.052044723 0.05029896 0.061740486 0.073182011 0.084623537 0.096065062 0.10035539 0.10309605 0.11051576 0.10231086 0.092024449 0.081738037 0.071451625 0.064045133 0.062190206 0.060335279 0.058480353 0.056625426 0.052745188 0.047553415 0.041175198 0.034142176 0.027109155 0.020076133 0.013043112 0.011827989 0.015631659 0.022089881 0.028548103 0.035006325 0.041464547 0.045294405 0.054552115 0.068942854 0.083333592 0.097724331 0.11000566 0.11498023 0.12140249
-9999 0.070537246 0.073473062 0.076408877 0.07774144 0.072522212 0.067302984 0.063295205 0.060685591 0.058075977 0.056182559 0.05455155 0.052920541 0.055091072 0.064874406 0.074657739 0.073309803 0.065847938 0.058386074 0.056640311 0.068081836 0.079523362 0.090964887 0.092384987 0.093379902 0.096120566 0.10354027 0.11095998 0.10724369 0.096957279 0.086670867 0.079264374 0.077409447 0.075554521 0.073562499 0.069178127 0.064793754 0.059601982 0.053255108 0.046908235 0.040003234 0.032970213 0.025937191 0.024722069 0.02768936 0.030756394 0.037214615 0.043672837 0.050131059 0.053960917 0.057336522 0.064503908 0.078894647 0.093285385 0.10556671 0.11054129 0.11551586
-9999 0.066732436 0.069668252 0.068586939 0.063367712 0.058148484 0.052929256 0.048921477 0.046311863 0.043702249 0.041092635 0.038909552 0.037278543 0.039449074 0.049232408 0.059015741 0.068799074 0.072189289 0.064727424 0.062981662 0.074423187 0.083419671 0.084414586 0.085409501 0.086404416 0.08914508 0.096564787 0.10398449 0.1114042 0.11217652 0.10189011 0.094483616 0.092628689 0.089995437 0.085611065 0.081226693 0.07684232 0.071650548 0.065303675 0.058956801 0.052609928 0.045864292 0.038831271 0.037616148 0.040583439 0.04355073 0.046518022 0.05233935 0.058797572 0.06262743 0.066003035 0.06937864 0.074455702 0.08884644 0.10112777 0.10610234 0.11107692
-9999 0.062927626 0.059432439 0.054213211 0.048993984 0.043774756 0.038555528 0.034547748 0.031938135 0.029328521 0.026718907 0.024109293 0.021636545 0.023807076 0.033590409 0.043373743 0.053157076 0.062940409 0.071068775 0.069323012 0.07544927 0.076444185 0.0774391 0.078434015 0.079428931 0.082169594 0.089589301 0.097009008 0.10442872 0.11184842 0.11710935 0.10970286 0.10642838 0.102044 0.097659631 0.093275259 0.088890886 0.083699114 0.077352241 0.071005368 0.064658494 0.058311621 0.05172535 0.050510228 0.053477519 0.05644481 0.059412101 0.062379392 0.067464084 0.071293942 0.074669547 0.078045153 0.081420758 0.084796363 0.09668882 0.1016634 0.10663797
-9999 0.053176296 0.047957069 0.042737841 0.037518614 0.032299386 0.027080158 0.021261013 0.018506243 0.015896629 0.013287015 0.010677402 0.0080677878 0.010469254 0.020673319 0.030456652 0.040239986 0.050023319 0.059806652 0.0669325 0.067927415 0.06892233 0.069917245 0.070912161 0.071907076 0.079137354 0.085735925 0.093155632 0.10057534 0.10799505 0.11541475 0.11880257 0.1144182 0.11003383 0.10564946 0.10126508 0.096880711 0.094969323 0.088929021 0.082582148 0.076235275 0.069888402 0.063541529 0.060330764 0.063298055 0.066265347 0.069232638 0.072199929 0.07516722 0.077882575 0.08125818 0.084633785 0.088009391 0.091384996 0.095172972 0.10020433 0.10517891
-9999 0.046481117 0.041261889 0.036042662 0.030823434 0.025651215 0.020595089 0.014781807 0.0080946719 0.0040180847 0.001408471 -0.0012011428 -0.0038107566 -0.0014092909 0.01102715 0.022033684 0.031817018 0.041600351 0.051383684 0.058509532 0.059504447 0.060499362 0.061494278 0.063231301 0.075501922 0.085400586 0.08894181 0.094451473 0.10187118 0.10929089 0.11671059 0.12009841 0.11571404 0.11132967 0.1069453 0.10303472 0.10134843 0.099720741 0.098176907 0.093380825 0.087033952 0.080687079 0.074340206 0.070568755 0.068648743 0.071016764 0.073984055 0.076951347 0.079918638 0.082119007 0.084419817 0.087795422 0.091171027 0.094546633 0.098334608 0.10355098 0.10863448
-9999 0.039785937 0.034566709 0.029347482 0.024228136 0.019172009 0.014115883 0.0083026012 0.0016154659 -0.0050716694 -0.010470073 -0.013079687 -0.015689301 -0.013287835 -0.00085139467 0.011585046 0.02339405 0.033177383 0.042960716 0.050086564 0.051081479 0.052076394 0.057223912 0.069494533 0.081765155 0.091663819 0.095205043 0.098746267 0.10316702 0.11058673 0.11800644 0.12139425 0.11700988 0.11262551 0.10947244 0.10778614 0.10609984 0.10447216 0.10292832 0.10138449 0.097832629 0.091485755 0.085138882 0.081367432 0.07944742 0.077527408 0.078735473 0.081702764 0.084670055 0.086870425 0.08893825 0.091006075 0.094332664 0.097708269 0.10149624 0.10671262 0.111929
-9999 0.033090757 0.02787153 0.022805057 0.01774893 0.012692803 0.0076366766 0.0018233951 -0.0048637402 -0.011550875 -0.018238011 -0.024925146 -0.027567845 -0.02516638 -0.012729939 -0.00029349841 0.012142942 0.024579383 0.034537749 0.041663596 0.042658511 0.051216523 0.063487144 0.075757766 0.088028387 0.097927051 0.10146828 0.1050095 0.10855072 0.11209195 0.11930228 0.1226901 0.11830572 0.11591015 0.11422386 0.11253756 0.11085126 0.10922358 0.10767974 0.10613591 0.10459207 0.10228443 0.095937559 0.092166109 0.090246097 0.088326085 0.086406073 0.086454182 0.089421473 0.091621843 0.093689668 0.095757492 0.097825317 0.10086991 0.10465788 0.10987426 0.11509063
-9999 0.026438104 0.021381977 0.016325851 0.011269724 0.0062135973 0.0011574706 -0.0046558109 -0.011342946 -0.018030082 -0.024717217 -0.031404352 -0.038091487 -0.037044924 -0.024608484 -0.012172043 0.00026439784 0.012700839 0.025137279 0.033240628 0.045209134 0.057479755 0.069750377 0.082020998 0.09429162 0.10419028 0.10773151 0.11127273 0.11481396 0.11835518 0.1218964 0.12403417 0.12234787 0.12066157 0.11897527 0.11728898 0.11560268 0.11397499 0.11243116 0.11088733 0.10934349 0.10779966 0.10625582 0.10296479 0.10104477 0.099124762 0.09720475 0.095284738 0.094172891 0.096373261 0.098441085 0.10050891 0.10257673 0.10464456 0.10781952 0.11303589 0.11825227
-9999 0.024639191 0.019583064 0.014526938 0.0094708109 0.0044146842 -0.0033055875 -0.012264743 -0.018951878 -0.025639013 -0.032326149 -0.039013284 -0.04564781 -0.044863002 -0.03051562 -0.018079179 -0.0056427383 0.0067937024 0.019230143 0.031616443 0.043887064 0.056157685 0.068428307 0.080698928 0.094066471 0.10731737 0.11108973 0.11463095 0.11817218 0.1217134 0.12525463 0.1270103 0.125324 0.12363771 0.12195141 0.12026511 0.11938659 0.11904919 0.11750536 0.11596152 0.11441769 0.11287385 0.11384016 0.1111414 0.10748594 0.10556592 0.10364591 0.1017259 0.099805888 0.10128607 0.10335389 0.10542172 0.10748954 0.10872099 0.10659298 0.11180935 0.11702573
-9999 0.024423217 0.019367091 0.014310964 0.0092548374 -0.00036885062 -0.011296608 -0.020255764 -0.026942899 -0.033630034 -0.04031717 -0.046898823 -0.053422857 -0.052638049 -0.037216863 -0.021966703 -0.0095302619 0.0029061788 0.015342619 0.027728919 0.03999954 0.052270162 0.064540783 0.079262493 0.096010233 0.10926113 0.11313961 0.11700666 0.12054789 0.12408911 0.12763033 0.12938601 0.12769971 0.12601341 0.12432712 0.12406406 0.12456995 0.12423256 0.12268872 0.12114489 0.11960105 0.12181158 0.12507078 0.12237202 0.11539016 0.11053332 0.1086133 0.10669329 0.10477328 0.10625346 0.10832128 0.11038911 0.11025859 0.1060103 0.10388229 0.10909867 0.11431504
-9999 0.024207244 0.019151117 0.013495644 0.0025678863 -0.0083598714 -0.019287629 -0.028246784 -0.03493392 -0.041621055 -0.048149836 -0.05467387 -0.061197905 -0.060413096 -0.04499191 -0.029570724 -0.014149537 -0.00098134485 0.011455096 0.023841395 0.036112017 0.048382638 0.064458514 0.081206254 0.097953994 0.11120489 0.11508338 0.11896186 0.12284034 0.12646482 0.13000604 0.13176172 0.13007542 0.12838912 0.12874154 0.12924743 0.12975332 0.12941592 0.12787209 0.12652379 0.129783 0.1330422 0.13630141 0.13360265 0.12662079 0.11963892 0.11358069 0.11166068 0.10974067 0.11122085 0.11328868 0.11179619 0.10754791 0.10329962 0.10117161 0.10638798 0.11160436
-9999 0.02399127 0.016432381 0.0055046232 -0.0054231345 -0.016350892 -0.02727865 -0.036237805 -0.042876814 -0.049400849 -0.055924883 -0.062448918 -0.068972952 -0.068188144 -0.052766957 -0.037345771 -0.021924584 -0.006503398 0.0075675722 0.019953872 0.032906796 0.049654536 0.066402276 0.083150016 0.099897756 0.11314865 0.11702714 0.12090562 0.1247841 0.12866259 0.13238175 0.13413743 0.13291312 0.13341901 0.1339249 0.13443079 0.13493668 0.13459929 0.13449521 0.13775441 0.14101362 0.14427282 0.14753203 0.14483327 0.13785141 0.13086955 0.12388769 0.11690583 0.11470806 0.11618824 0.1133338 0.10908551 0.10483722 0.10058893 0.098460925 0.10377237 0.10961963
-9999 0.022828661 0.011900903 0.00097314572 -0.009954612 -0.02088237 -0.031810127 -0.041089497 -0.047613531 -0.054137566 -0.0606616 -0.067185635 -0.073709669 -0.073395027 -0.057973841 -0.042552655 -0.027131468 -0.011710282 0.0037109047 0.019533221 0.036280961 0.053028701 0.069776441 0.086524182 0.10327192 0.11365233 0.11753081 0.1214093 0.12528778 0.12916626 0.13304475 0.13577126 0.13627715 0.13678304 0.13728893 0.13779482 0.13830071 0.14040951 0.14366872 0.14692792 0.15018713 0.15344633 0.15670554 0.1547244 0.14774254 0.14076068 0.13377882 0.12679696 0.1198151 0.11578045 0.11153217 0.10728388 0.10303559 0.098787302 0.095540774 0.10138803 0.10723529
-9999 0.044389253 0.033461495 0.022533738 0.01160598 0.00067822234 -0.010249535 -0.020344423 -0.029434993 -0.035959027 -0.042483062 -0.049007096 -0.055531131 -0.055795616 -0.043524995 -0.028390305 -0.012969118 0.002452068 0.017873254 0.033695571 0.050443311 0.067191051 0.083938791 0.10068653 0.11074332 0.11433241 0.10843037 0.11105176 0.11493024 0.11880872 0.12268721 0.12541372 0.12591961 0.1264255 0.12693139 0.12743728 0.13122807 0.13489592 0.13732737 0.14058657 0.14384578 0.14710498 0.15036419 0.15061027 0.14753117 0.1405493 0.13356744 0.12658558 0.11960372 0.11872636 0.11658665 0.11233836 0.10809007 0.10384178 0.099828792 0.09663085 0.10152808
-9999 0.065949845 0.055022088 0.04409433 0.033166572 0.022238814 0.011311057 0.0012161692 -0.007917479 -0.017051127 -0.024304524 -0.030828558 -0.037352592 -0.037617078 -0.025346456 -0.013075835 0.0011932312 0.016614418 0.032035604 0.04785792 0.064605661 0.081353401 0.098101141 0.1055155 0.11264572 0.11623481 0.11033278 0.10443074 0.1045727 0.10845118 0.11232967 0.11505618 0.11556207 0.11606796 0.1168376 0.12139061 0.12594361 0.12961146 0.13201298 0.1344145 0.13750443 0.14076363 0.14402284 0.14426892 0.14234891 0.14033793 0.13335606 0.1263742 0.11939234 0.11851498 0.11869264 0.11739284 0.11314455 0.10889626 0.10488327 0.10168533 0.098487387
-9999 0.087510437 0.07658268 0.065654922 0.054727164 0.043799406 0.032871649 0.022776761 0.013643113 0.0045094648 -0.0046241835 -0.01265002 -0.019174054 -0.01943854 -0.0071679181 0.0051027034 0.017373325 0.030776767 0.046197954 0.06202027 0.07876801 0.093157451 0.10028768 0.1074179 0.11454813 0.11813722 0.11223518 0.10633314 0.1004311 0.098093644 0.10197213 0.10469864 0.10520453 0.10700014 0.11155315 0.11610615 0.12065915 0.124327 0.12672852 0.12913004 0.13153156 0.13442228 0.13768149 0.13792757 0.13600756 0.13408755 0.13216754 0.12616282 0.11918096 0.1183036 0.11848127 0.11865893 0.11819903 0.11395074 0.10993775 0.10673981 0.10354187
-9999 0.10907103 0.098143272 0.087215514 0.076287756 0.065359998 0.054432241 0.044337353 0.035203705 0.026070057 0.016936409 0.0078027604 -0.00099551566 -0.0012600012 0.01101062 0.023281242 0.035551863 0.047822485 0.060360303 0.07618262 0.087929631 0.095059857 0.10219008 0.10932031 0.11645053 0.12003963 0.11413759 0.10823555 0.10233351 0.096431467 0.091614588 0.094341103 0.097162683 0.10171569 0.10626869 0.11082169 0.11537469 0.11904254 0.12144406 0.12384558 0.1262471 0.12864862 0.13134014 0.13158622 0.12966621 0.1277462 0.12582619 0.12390617 0.11896958 0.11809222 0.11826989 0.11844755 0.11862521 0.11880288 0.11499223 0.11179429 0.10859635
-9999 0.12554471 0.11461695 0.10368919 0.092761433 0.081833675 0.070905917 0.06814388 0.059010232 0.049876584 0.040742935 0.031609287 0.022475639 0.012425912 0.022083079 0.0343537 0.046624322 0.058894943 0.071165565 0.081881808 0.089012034 0.09614226 0.10327249 0.11040271 0.11753294 0.12264047 0.11811902 0.11221698 0.10631494 0.1004129 0.094510864 0.092179925 0.096732927 0.10128593 0.10583893 0.11039193 0.11494493 0.11750433 0.11990585 0.12230737 0.12470889 0.12711041 0.12917383 0.13076356 0.12884354 0.12692353 0.12500352 0.12308351 0.1211635 0.12103205 0.12120971 0.12138738 0.12156504 0.1217427 0.12312527 0.11992733 0.11672939
-9999 0.13393408 0.12300632 0.11207856 0.1011508 0.095000554 0.09809947 0.095519726 0.086386077 0.077252429 0.068118781 0.057687145 0.042355664 0.031412386 0.029256736 0.034132927 0.046403549 0.05867417 0.070944792 0.081661035 0.088791261 0.095921487 0.10305171 0.11016248 0.11712689 0.12219892 0.12219892 0.11950249 0.11360045 0.10769841 0.10179637 0.099465432 0.10401843 0.10857144 0.11312444 0.11718141 0.11954223 0.12191979 0.12432131 0.12672283 0.12912435 0.12995687 0.12806997 0.13032719 0.13556359 0.13487136 0.13295135 0.13103134 0.12911132 0.12897987 0.12915754 0.1293352 0.12951286 0.13355856 0.13615088 0.13295293 0.12975499
