mean_models/J1_mean_vp_slide_diff_300.dat.tif
NCOLS 118
NROWS 92
XLLCORNER 139.62
YLLCORNER -39.07
DX 0.099491525
DY 0.099347826
NODATA_VALUE -9999
[rows 0 to 26 of 92, columns 0 to 59 of 118]
-9999 -9999 -9999 -9999 -9999 -9999 -9999 -9999 -9999 -9999 -9999 -9999 -9999 -9999 -9999 -9999 -9999 -9999 -9999 -9999 -9999 -9999 -9999 -9999 -9999 -9999 -9999 -9999 -9999 -9999 -9999 -9999 -9999 -9999 -9999 -9999 -9999 -9999 -9999 -9999 -9999 -9999 -9999 -9999 -9999 -9999 -9999 -9999 -9999 -9999 -9999 -9999 -9999 -9999 -9999 -9999 -9999 -9999 -9999 -9999
-9999 8.6230198 8.6233428 8.6236657 8.6239887 8.6243116 8.624499 8.6246767 8.6242928 8.6233026 8.6223124 8.6213222 8.6203321 8.6197067 8.6198027 8.6198879 8.6199731 8.6200584 8.6201436 8.6204858 8.6214209 8.6223559 8.623291 8.624226 8.6250131 8.6248028 8.6248185 8.6254455 8.6260724 8.6266994 8.6273264 8.627761 8.6278249 8.6278888 8.6279527 8.6280166 8.6271341 8.6255289 8.6256929 8.625135 8.6245772 8.6240193 8.6234615 8.62184 8.6196342 8.617486 8.6153379 8.6131898 8.6110416 8.598309 8.5885405 8.578772 8.5690036 8.5592351 8.5519222 8.5548128 8.5601004 8.565388 8.5706756 8.5759633
-9999 8.6229846 8.6233076 8.6236305 8.6239535 8.6240355 8.6239667 8.6241444 8.6246066 8.6246134 8.6236232 8.622633 8.6216428 8.6210175 8.6211228 8.6212237 8.6213089 8.6213942 8.6214794 8.6218216 8.6227567 8.6236917 8.6246268 8.6251495 8.6250193 8.624809 8.6243839 8.6241604 8.6247873 8.6254143 8.6260413 8.6264759 8.6265398 8.6266037 8.6266676 8.6249703 8.621451 8.6198458 8.6209789 8.6214923 8.6209344 8.6203766 8.6198188 8.6181972 8.615811 8.613561 8.6114128 8.6092647 8.6071165 8.5941654 8.5793472 8.5689641 8.5591957 8.5494272 8.5421142 8.5433069 8.5455219 8.5508096 8.5560972 8.5613848
-9999 8.6229495 8.6232724 8.6235953 8.623572 8.6235032 8.6234344 8.6236121 8.6240743 8.6245365 8.624934 8.6239438 8.6229536 8.6223283 8.6224336 8.6225389 8.6226442 8.62273 8.6228152 8.6231574 8.6240925 8.6250275 8.6252859 8.6251557 8.6250255 8.6248152 8.6243901 8.623965 8.6235399 8.6241292 8.6247561 8.6251908 8.6252547 8.6253186 8.6228065 8.6192872 8.6157679 8.6141627 8.6152958 8.616429 8.6172917 8.6167338 8.616176 8.6145545 8.6121682 8.609782 8.6074878 8.6053396 8.6031915 8.5902403 8.5754221 8.5606039 8.5493878 8.5396193 8.5323063 8.533499 8.5346916 8.5362311 8.5415187 8.5468063
-9999 8.6229143 8.6231773 8.6231085 8.6230397 8.6229708 8.622902 8.6230797 8.6235419 8.6240042 8.6244664 8.6249286 8.6242644 8.623639 8.6237443 8.6238496 8.6239549 8.6240602 8.624151 8.6244932 8.6254283 8.6254222 8.6252921 8.6251619 8.6250317 8.6248214 8.6243963 8.6239712 8.6235461 8.623121 8.623471 8.6239057 8.6239696 8.6206427 8.6171234 8.6136041 8.6100848 8.6084795 8.6096127 8.6107459 8.6118791 8.6130122 8.6125332 8.6109117 8.6085255 8.6061393 8.603753 8.6014146 8.5992664 8.5863153 8.5714971 8.5566789 8.5418607 8.5298114 8.5224984 8.5236911 8.5248837 8.5260764 8.527269 8.5322279
-9999 8.6227138 8.622645 8.6225762 8.6225073 8.6224385 8.6223697 8.6225474 8.6230096 8.6234718 8.6239341 8.6243963 8.6248585 8.6249498 8.6250551 8.6251604 8.6252657 8.625371 8.6254763 8.6256888 8.6255586 8.6254285 8.6252983 8.6251681 8.6250379 8.6248276 8.6244025 8.6239774 8.6235523 8.6231272 8.6227021 8.6219982 8.6184789 8.6149595 8.6114402 8.6079209 8.6044016 8.6027964 8.6039296 8.6050628 8.606196 8.6073291 8.6084623 8.6072689 8.6048827 8.6024965 8.6001103 8.597724 8.5953413 8.5823902 8.567572 8.5527538 8.5379356 8.5231174 8.5126905 8.5138832 8.5150758 8.5162685 8.5174611 8.5186538
-9999 8.6227202 8.6226514 8.6225826 8.6225137 8.6224449 8.622422 8.6226419 8.6231041 8.6235664 8.6240286 8.6244908 8.6248404 8.6250098 8.6250971 8.6252024 8.6253077 8.625413 8.6255183 8.6255524 8.6254223 8.6252921 8.6251619 8.6250317 8.624857 8.6246983 8.6246877 8.6242625 8.6238374 8.6234123 8.6229872 8.6215052 8.6179859 8.6144666 8.6109473 8.607428 8.6056735 8.6061731 8.6073063 8.6084395 8.6095727 8.6107058 8.6005951 8.5864168 8.5792659 8.5768797 8.5744935 8.5721072 8.569721 8.5567348 8.5419166 8.5270984 8.5122802 8.5085661 8.5316535 8.5328462 8.5340388 8.5352315 8.5364241 8.5370002
-9999 8.6228119 8.6227431 8.6226743 8.6226055 8.6226059 8.6226158 8.6228357 8.623298 8.6237602 8.6242224 8.6244983 8.6247113 8.6248806 8.6249626 8.6250445 8.6251488 8.6252541 8.6253594 8.6253935 8.6252633 8.6251331 8.625003 8.6247952 8.6245452 8.6243865 8.6244729 8.6245592 8.6241668 8.6237416 8.6233165 8.6218345 8.6183152 8.6147959 8.6112766 8.6104287 8.6104855 8.6109852 8.6121183 8.6132515 8.6143847 8.6002283 8.5839427 8.5697645 8.5571011 8.5477815 8.5453953 8.5430091 8.5406229 8.5276366 8.5128184 8.4980002 8.502679 8.5320872 8.5551746 8.5563673 8.55756 8.5587526 8.5591406 8.5593426
-9999 8.6229037 8.6228349 8.6227798 8.6227898 8.6227997 8.6228097 8.6230296 8.6234918 8.6239431 8.6241561 8.6243691 8.6245821 8.6247515 8.6248334 8.6249153 8.6249972 8.6250951 8.6252004 8.6252345 8.6251043 8.6249742 8.6247335 8.6244835 8.6242334 8.6240748 8.6241611 8.6242474 8.6243338 8.624071 8.6236459 8.6221639 8.6186446 8.6151271 8.6151839 8.6152407 8.6152975 8.6157972 8.6169304 8.616147 8.5998615 8.5835759 8.5672903 8.5531121 8.5404487 8.5277854 8.5162972 8.513911 8.5115247 8.4985385 8.4837203 8.4967918 8.5262001 8.5556084 8.5786958 8.5798884 8.5810791 8.5812811 8.5814831 8.5816851
-9999 8.6229954 8.6229637 8.6229736 8.6229836 8.6229935 8.6230035 8.6232234 8.6236009 8.623814 8.624027 8.62424 8.624453 8.6246223 8.6247043 8.6247862 8.6248681 8.62495 8.6250415 8.6250756 8.6249218 8.6246718 8.6244217 8.6241717 8.6239216 8.623763 8.6238493 8.6239356 8.624022 8.6241083 8.6239752 8.6224932 8.6198823 8.6199391 8.6199959 8.6200527 8.6201096 8.6206092 8.6157802 8.5994946 8.5832091 8.5669235 8.5506379 8.5364597 8.5237963 8.511133 8.4984696 8.4858063 8.4824266 8.4694404 8.4909047 8.520313 8.5497212 8.5791295 8.6022169 8.6032196 8.6034216 8.6036236 8.6038256 8.6040276
-9999 8.6231388 8.6231487 8.6231587 8.6231686 8.6231786 8.6231885 8.6232964 8.6235094 8.6237224 8.6239354 8.6241484 8.6243614 8.6244926 8.6245745 8.6246564 8.6247383 8.6248202 8.6249021 8.6248837 8.6246336 8.6243835 8.6241335 8.6238834 8.6236334 8.6233295 8.6234158 8.6235022 8.6235885 8.6236748 8.6237612 8.6238374 8.6238943 8.6239511 8.6240079 8.6240647 8.6241216 8.6169969 8.6007113 8.5844258 8.5681402 8.5518546 8.5355691 8.5258002 8.5131369 8.5004735 8.4878102 8.4751468 8.4624835 8.4856921 8.5151004 8.5445087 8.5739169 8.6033252 8.6198491 8.6200511 8.6202531 8.6204551 8.6206571 8.6208591
-9999 8.6232661 8.623276 8.623286 8.6232959 8.6233059 8.6233352 8.623451 8.623664 8.623877 8.62409 8.624303 8.6244783 8.6245546 8.6244551 8.6245225 8.6246044 8.6246863 8.6247682 8.6247497 8.6244997 8.6242496 8.6239996 8.6237495 8.6235882 8.6232452 8.6223059 8.6222711 8.6223574 8.6224438 8.6225301 8.6226063 8.6226632 8.62272 8.6227768 8.6228337 8.6206318 8.612306 8.5960205 8.5797349 8.5634493 8.5471638 8.5450044 8.5445787 8.5417536 8.5290903 8.5164269 8.5037636 8.4911002 8.5143088 8.5437171 8.5731254 8.6025337 8.6096051 8.6005632 8.6007652 8.6009672 8.6011692 8.6013712 8.6194461
-9999 8.6233934 8.6234033 8.6234133 8.6234269 8.6234583 8.6234898 8.6236056 8.6238186 8.6240316 8.6242427 8.6244068 8.6245709 8.6246471 8.6245477 8.6244482 8.6244705 8.6245524 8.6246343 8.6246158 8.6243658 8.6241157 8.6238657 8.6237365 8.6236159 8.6232729 8.6223337 8.6213944 8.6211263 8.6212127 8.621299 8.6213753 8.6214321 8.6214889 8.6214649 8.6187029 8.6159409 8.6076151 8.5913296 8.575044 8.5610632 8.5596771 8.5582911 8.5578655 8.5581303 8.557707 8.5450437 8.5323803 8.5197169 8.5429256 8.5723338 8.6017421 8.6020297 8.5903192 8.5812773 8.5814793 8.5816813 8.5834386 8.6031822 8.6229257
-9999 8.6235206 8.6235306 8.62355 8.6235815 8.623613 8.6236444 8.6237602 8.6239732 8.6241711 8.6243352 8.6244993 8.6246634 8.6247397 8.6246402 8.6245407 8.6244412 8.6244185 8.6245004 8.6244819 8.6242319 8.6240053 8.6238848 8.6237642 8.6236437 8.6233007 8.6223614 8.6214221 8.6204829 8.6199816 8.6200679 8.6201442 8.620201 8.619536 8.616774 8.614012 8.61125 8.6029243 8.5866387 8.5757359 8.5743499 8.5729639 8.5715778 8.5711522 8.571417 8.5716818 8.5719466 8.560997 8.5483337 8.5715423 8.6009506 8.5944543 8.5827438 8.5710333 8.5619914 8.5621934 8.5671747 8.5869183 8.6066618 8.6264054
-9999 8.6236479 8.6236731 8.6237046 8.6237361 8.6237676 8.623799 8.6239148 8.6240996 8.6242636 8.6244277 8.6245918 8.6247559 8.6248322 8.6247327 8.6246332 8.6245337 8.6244342 8.6243665 8.624348 8.6241536 8.6240331 8.6239125 8.623792 8.6236714 8.6233284 8.6223891 8.6214499 8.6205106 8.6195713 8.6188368 8.6189131 8.6176071 8.6148451 8.6120831 8.6093212 8.6065592 8.5982334 8.5904087 8.5890226 8.5876366 8.5862506 8.5848646 8.584439 8.5847037 8.5849685 8.5852333 8.5854981 8.5769504 8.5985894 8.5868789 8.5751684 8.5634579 8.5517474 8.5427055 8.5509108 8.5706544 8.5903979 8.6101415 8.629885
-9999 8.6236562 8.6236877 8.6237191 8.6237506 8.6237821 8.6238136 8.6240972 8.6242612 8.6244253 8.6245894 8.6247535 8.6249176 8.6248662 8.6247474 8.6246479 8.6245484 8.6244489 8.6243494 8.6242436 8.624123 8.6240025 8.6238819 8.6237614 8.6236408 8.6162699 8.6125147 8.6115754 8.6106361 8.6096969 8.6087576 8.6071958 8.6044338 8.6016718 8.5989098 8.5961478 8.5933858 8.5968315 8.5954455 8.5940595 8.5926735 8.5912874 8.5899014 8.5904855 8.5907503 8.591015 8.5912798 8.5915446 8.5918094 8.5885974 8.5768869 8.5651764 8.5534659 8.5417554 8.5321134 8.5488806 8.5686241 8.5883677 8.6081112 8.6278548
-9999 8.6233453 8.6233767 8.6234082 8.6234397 8.6235562 8.6241538 8.6245142 8.6246008 8.6247477 8.6249117 8.6250758 8.6252399 8.6251886 8.6247059 8.6244817 8.6243823 8.6242828 8.6241833 8.6240774 8.6239569 8.6238363 8.6237158 8.6235952 8.6240318 8.6168675 8.5892183 8.5786919 8.5777527 8.5768134 8.5758741 8.5743123 8.5715503 8.5687883 8.5660263 8.5638786 8.5757188 8.5822666 8.5812431 8.5799265 8.5785405 8.5771545 8.5757684 8.576955 8.5799731 8.5802379 8.5805027 8.5807675 8.5810323 8.5871255 8.5884905 8.57678 8.5650695 8.553359 8.543717 8.5412404 8.5537909 8.5735344 8.593278 8.6130215
-9999 8.6230343 8.6230658 8.6230973 8.6233813 8.6239789 8.6245765 8.6249369 8.6250235 8.6251101 8.6252341 8.6253982 8.6255623 8.6255109 8.6250282 8.6245455 8.6242161 8.6241166 8.6240171 8.6239113 8.6237907 8.6236702 8.6236723 8.6241509 8.6246294 8.6174651 8.5898159 8.5621667 8.5448692 8.5439299 8.5429906 8.5414288 8.5386668 8.5359048 8.5374588 8.549299 8.5611392 8.567687 8.5666635 8.5656399 8.5644075 8.5630215 8.5616355 8.562822 8.5658579 8.5688938 8.5697256 8.5699904 8.5702552 8.5763484 8.5834488 8.5883836 8.5766731 8.5649626 8.5553207 8.552844 8.5503674 8.5587012 8.5784447 8.5981883
-9999 8.6227234 8.6227549 8.6232065 8.6238041 8.6244017 8.6249993 8.6253597 8.6254463 8.6255329 8.6256195 8.6257205 8.6258846 8.6258333 8.6253506 8.6248679 8.6243852 8.6239505 8.623851 8.6237451 8.6236246 8.6237913 8.6242699 8.6247484 8.625227 8.6180626 8.5904134 8.5627642 8.535115 8.5110464 8.5101071 8.5085453 8.5057833 8.5110391 8.5228792 8.5347194 8.5465596 8.5531074 8.5520839 8.5510603 8.5500367 8.5488885 8.5475025 8.548689 8.5517249 8.5547608 8.5577967 8.5592132 8.559478 8.5655712 8.5726717 8.5797722 8.5868727 8.5765662 8.5669243 8.5644476 8.561971 8.5594944 8.5636114 8.583355
-9999 8.622434 8.6230316 8.6236292 8.6242268 8.6248244 8.625422 8.6257824 8.625869 8.6259556 8.6260422 8.6261289 8.6262155 8.6261556 8.6256729 8.6251902 8.6247075 8.6242248 8.6237421 8.623579 8.6239103 8.6243889 8.6248674 8.625346 8.6258245 8.6186602 8.591011 8.5633618 8.5357126 8.5080634 8.4804142 8.4756618 8.4846193 8.4964595 8.5082996 8.5201398 8.53198 8.5385278 8.5375042 8.5364807 8.5354571 8.5344336 8.5333695 8.5345561 8.5375919 8.5406278 8.5436637 8.5466996 8.5487009 8.5547941 8.5618946 8.5689951 8.5760956 8.5831961 8.5785279 8.5760513 8.5735746 8.571098 8.5686214 8.5685217
-9999 8.6226649 8.6232625 8.6238601 8.6244577 8.6250553 8.6256767 8.6260999 8.6261865 8.6262731 8.6263597 8.6264463 8.626487 8.6255043 8.6244865 8.6240038 8.6235211 8.6230384 8.6225557 8.6223637 8.6228422 8.6233208 8.6237993 8.6242779 8.6247564 8.6248894 8.6078737 8.5802245 8.5525753 8.5249261 8.4972769 8.4831159 8.4949561 8.5067963 8.5186364 8.5304766 8.5405543 8.5388651 8.5378416 8.536818 8.5357944 8.5347709 8.5343921 8.5330532 8.5354127 8.5384486 8.5414845 8.5445204 8.5475563 8.5540578 8.5611583 8.5682588 8.5753593 8.5824598 8.5783365 8.5758598 8.5733832 8.5709066 8.56843 8.5702104
-9999 8.6227509 8.6233485 8.6239461 8.6245437 8.6251998 8.6259147 8.6263379 8.6264245 8.6265111 8.6265977 8.6264489 8.6258955 8.6249129 8.6230706 8.6216793 8.6211966 8.6207139 8.6202312 8.6200391 8.6205177 8.6209963 8.6214748 8.6222436 8.6237849 8.6239196 8.6202843 8.6093562 8.581707 8.5540578 8.5264086 8.5122477 8.5240879 8.535928 8.5477682 8.5542982 8.5521438 8.5504546 8.549431 8.5484075 8.5473839 8.547532 8.5487772 8.5474384 8.5442419 8.5452863 8.5483221 8.551358 8.5543939 8.5608955 8.567996 8.5750965 8.5809657 8.5746801 8.5692478 8.5667712 8.5642946 8.5618179 8.5665512 8.5796345
-9999 8.6228369 8.6234345 8.6240321 8.6247229 8.6254378 8.6261527 8.6265759 8.6266625 8.6267491 8.6264109 8.6258575 8.6253041 8.6243214 8.6224792 8.6206369 8.6188721 8.6183894 8.6179067 8.6177146 8.6181932 8.6186717 8.6197325 8.6212738 8.6228151 8.6229498 8.6193145 8.6156792 8.6108388 8.5831896 8.5555404 8.5413794 8.5532196 8.5650598 8.568042 8.5658876 8.5637332 8.562044 8.5610205 8.5599969 8.560672 8.5619172 8.5631624 8.5618235 8.558627 8.5554306 8.5551598 8.5581957 8.5612316 8.5677331 8.5748336 8.5781626 8.571877 8.5655915 8.5601592 8.5576826 8.5552059 8.562892 8.5759753 8.5890586
-9999 8.6229229 8.6235312 8.6242461 8.624961 8.6256758 8.6263907 8.6268139 8.6269005 8.6263729 8.6258195 8.6252661 8.6247126 8.62373 8.6218877 8.6200455 8.6182032 8.616361 8.6155821 8.6153901 8.6158686 8.6172214 8.6187627 8.620304 8.6218453 8.62198 8.6183447 8.6147093 8.611074 8.6074387 8.5846721 8.5705112 8.5823513 8.5817859 8.5796315 8.5774771 8.5753227 8.5736335 8.5726099 8.5738119 8.5750571 8.5763023 8.5775475 8.5762087 8.5730122 8.5698157 8.5666192 8.5650334 8.5680693 8.5745708 8.5753595 8.5690739 8.5627884 8.5565028 8.5510706 8.5485939 8.5592328 8.5723161 8.5853994 8.5984827
-9999 8.6230544 8.6237692 8.6244841 8.625199 8.6259138 8.6266287 8.6268882 8.6263348 8.6257814 8.625228 8.6246746 8.6241212 8.6231386 8.6212963 8.6194541 8.6176118 8.6157696 8.6139273 8.613169 8.6147103 8.6162516 8.6177929 8.6193342 8.6208755 8.6210102 8.6173749 8.6137395 8.6101042 8.6064689 8.6028336 8.5976842 8.5955298 8.5933753 8.5912209 8.5890665 8.5869121 8.5857067 8.5869519 8.5881971 8.5894423 8.5906875 8.5919326 8.5905938 8.5873973 8.5842009 8.5810044 8.5778079 8.5749069 8.5725564 8.5662709 8.5599853 8.5536998 8.5474142 8.5424902 8.5555736 8.5686569 8.5817402 8.5948235 8.6079068
-9999 8.6197277 8.6204426 8.6211574 8.6218723 8.6225872 8.624691 8.6267825 8.6270573 8.6265038 8.6259504 8.625397 8.6248436 8.623151 8.6197383 8.6178961 8.6160538 8.6142116 8.6123693 8.6115502 8.6130915 8.6146328 8.6161741 8.6177154 8.6175312 8.6168028 8.6212565 8.6176211 8.6139858 8.6103505 8.6067152 8.6035857 8.6014313 8.5992769 8.5971225 8.594968 8.5914604 8.579584 8.5666003 8.5678455 8.5690907 8.5703359 8.5715811 8.5851332 8.5930574 8.5898609 8.5866645 8.583468 8.5802715 8.5652663 8.5574121 8.5511266 8.544841 8.5385555 8.536765 8.5503877 8.5634711 8.5765544 8.5896377 8.602721
-9999 8.6157178 8.6164327 8.6171476 8.6178625 8.6207113 8.6239433 8.6260348 8.62681 8.6274781 8.6269247 8.6263713 8.6258179 8.6241253 8.6201512 8.6161772 8.6143106 8.6124683 8.6106261 8.609807 8.6113482 8.6128895 8.6144308 8.6128582 8.6093462 8.6086178 8.6153505 8.6220833 8.6187972 8.6151619 8.6115266 8.6083971 8.6062427 8.6040883 8.6019338 8.5976858 8.5926108 8.5807344 8.5591277 8.5408364 8.5420816 8.5433268 8.544572 8.5581241 8.5805235 8.5938488 8.5906523 8.5874559 8.5842594 8.5692542 8.5522081 8.5423119 8.5360263 8.5297408 8.5279503 8.5417302 8.5554852 8.5685685 8.5816518 8.5947351
