mean_models/J1_mean_tot_conduct_slide_61.34.dat.tif
NCOLS 118
NROWS 92
XLLCORNER 139.62
YLLCORNER -39.07
DX 0.099491525
DY 0.099347826
NODATA_VALUE -9999
[rows 0 to 25 of 92, columns 57 to 113 of 118]
-3.0298243 -3.055951 -3.0670056 -3.0773732 -3.0669004 -3.0654204 -3.0444748 -3.0097591 -2.9894492 -2.952737 -2.8987475 -2.8273811 -2.7450134 -2.6315467 -2.5041557 -2.3715004 -2.2203202 -2.0710829 -1.925829 -1.7987622 -1.6949953 -1.6099576 -1.5833188 -1.5928724 -1.6508799 -1.7525388 -1.8851942 -2.058553 -2.2372608 -2.4378817 -2.6210832 -2.7813261 -2.911523 -3.0147078 -3.044883 -3.0699509 -3.0274472 -2.9754183 -2.9104719 -2.8415923 -2.7830679 -2.7574536 -2.7350513 -2.7482246 -2.7752641 -2.8162312 -2.8672266 -2.9140462 -2.9396107 -2.9655435 -2.9596911 -2.932979 -2.8920119 -2.8251771 -2.7462436 -2.6758264 -2.5954884
-3.1984932 -3.2123192 -3.2109087 -3.1957278 -3.169247 -3.141718 -3.095646 -3.0172331 -2.9783437 -2.9236215 -2.8301702 -2.7497472 -2.6422071 -2.5249224 -2.3984723 -2.2680828 -2.1270376 -1.9944025 -1.8682679 -1.7630764 -1.6691121 -1.6198506 -1.6015693 -1.6337428 -1.7003302 -1.8095592 -1.9458363 -2.1178655 -2.2918756 -2.4903085 -2.671719 -2.830197 -2.9546885 -3.058924 -3.0990705 -3.1248363 -3.0900624 -3.049524 -2.9892385 -2.9329823 -2.8819589 -2.866099 -2.8471868 -2.8596114 -2.8862016 -2.9295932 -2.9764128 -3.0191029 -3.0401691 -3.0539715 -3.0435691 -3.0107575 -2.9658106 -2.8943279 -2.8253153 -2.7550859 -2.6848566
-3.3511087 -3.3489011 -3.3267919 -3.2897659 -3.2478747 -3.1884828 -3.125646 -3.0440945 -2.9611849 -2.8601519 -2.7577428 -2.6530149 -2.5435816 -2.4219808 -2.2984785 -2.1713504 -2.0497941 -1.9281933 -1.8247281 -1.7286478 -1.6756842 -1.6347079 -1.6347079 -1.6684507 -1.7503849 -1.8713153 -2.009498 -2.176692 -2.3494673 -2.5425979 -2.718374 -2.8731386 -2.9955377 -3.0950292 -3.1326643 -3.15843 -3.1288192 -3.0920395 -3.0393676 -2.9902798 -2.9434603 -2.9300094 -2.9237524 -2.9413097 -2.9701582 -3.0169777 -3.0619266 -3.1028937 -3.1227746 -3.1283819 -3.1108245 -3.0726301 -3.0258106 -2.950686 -2.8775367 -2.8073074 -2.7386497
-3.4752935 -3.4645196 -3.4199304 -3.3673365 -3.3037578 -3.2259612 -3.1442737 -3.0401264 -2.9425572 -2.8222418 -2.7130699 -2.5873964 -2.474433 -2.34747 -2.2258692 -2.1030488 -1.9933172 -1.8847286 -1.7875946 -1.7162293 -1.6885928 -1.6568919 -1.6900558 -1.7296588 -1.8248957 -1.9490837 -2.0902181 -2.2574121 -2.4301874 -2.6144121 -2.774668 -2.910394 -3.022064 -3.1074477 -3.1327396 -3.1522208 -3.1171061 -3.0796211 -3.0180208 -2.9715652 -2.9310418 -2.9265353 -2.9238734 -2.9648405 -2.9949952 -3.0515007 -3.106062 -3.1525676 -3.1779477 -3.184265 -3.1620142 -3.1157231 -3.063066 -2.9665805 -2.8899552 -2.8106381 -2.7323679
-3.6033007 -3.5702291 -3.5183676 -3.4428257 -3.3695161 -3.2730197 -3.1787645 -3.0587541 -2.9426807 -2.8124388 -2.6893711 -2.5615812 -2.4355471 -2.3084191 -2.188565 -2.0679981 -1.9661976 -1.8667061 -1.7898841 -1.7305298 -1.7144148 -1.7035155 -1.7439824 -1.8077876 -1.9085661 -2.0383025 -2.1820124 -2.3469569 -2.5185807 -2.694154 -2.8327801 -2.960591 -3.04167 -3.1177517 -3.1216255 -3.1306058 -3.0844227 -3.0399113 -2.974861 -2.9290788 -2.8939641 -2.899409 -2.9054957 -2.9560158 -3.0037575 -3.0675432 -3.1403759 -3.1930479 -3.2217384 -3.2292148 -3.2049023 -3.1506891 -3.0921647 -2.9861864 -2.8925723 -2.8083787 -2.7147184
-3.7094542 -3.6695769 -3.6032492 -3.5228411 -3.4285859 -3.3269559 -3.2169916 -3.091967 -2.9613084 -2.8238602 -2.6893711 -2.5584612 -2.4293379 -2.3022098 -2.1823558 -2.0718096 -1.9734823 -1.8850454 -1.8232506 -1.7739945 -1.7684672 -1.7718172 -1.8270902 -1.9009262 -2.0121226 -2.1438595 -2.2875695 -2.4506204 -2.6179285 -2.7719534 -2.907291 -3.0123098 -3.083288 -3.1184027 -3.1114501 -3.0933503 -3.0348259 -2.9767887 -2.9065594 -2.8614198 -2.8318717 -2.8434777 -2.862031 -2.9264079 -2.992175 -3.0799617 -3.155859 -3.2240941 -3.2558653 -3.2652107 -3.2359485 -3.1799914 -3.1107924 -2.9960488 -2.8892425 -2.7897509 -2.6939234
-3.7854248 -3.7367644 -3.6704367 -3.587481 -3.4932259 -3.3881991 -3.2740478 -3.1495917 -3.0180073 -2.880712 -2.7483317 -2.6188434 -2.4928094 -2.3701961 -2.2565474 -2.1493132 -2.0547323 -1.9750286 -1.9203158 -1.8817798 -1.8790982 -1.8990794 -1.9543525 -2.0338833 -2.1481417 -2.2815769 -2.4206189 -2.5821966 -2.726461 -2.8706428 -2.9871619 -3.0693003 -3.0903895 -3.1082668 -3.0953699 -3.0400147 -2.9731685 -2.8870468 -2.8137257 -2.7663179 -2.7418524 -2.7745662 -2.7971261 -2.872098 -2.9670731 -3.0722134 -3.1575573 -3.2484891 -3.2869115 -3.2962569 -3.2669947 -3.2110376 -3.1257301 -2.9878763 -2.8759748 -2.7669684 -2.6645756
-3.8381014 -3.7910103 -3.7246826 -3.6464348 -3.5521797 -3.4498396 -3.3346388 -3.2180292 -3.0909012 -2.9647066 -2.8372772 -2.7153244 -2.5947706 -2.4790956 -2.3725794 -2.2675605 -2.1815074 -2.1041251 -2.0584801 -2.0218479 -2.0313944 -2.0502598 -2.1050794 -2.1814716 -2.2985205 -2.4237474 -2.5619301 -2.6955322 -2.8378774 -2.9607787 -3.0364075 -3.0972079 -3.1041735 -3.0924686 -3.0316551 -2.9747148 -2.8768913 -2.7888903 -2.7128086 -2.6721236 -2.6487138 -2.6908434 -2.7386032 -2.8441904 -2.9504566 -3.0675055 -3.1843948 -3.2780339 -3.3155492 -3.3288724 -3.2996102 -3.2259352 -3.1381486 -2.9967123 -2.8623868 -2.745338 -2.6277707
-3.8620421 -3.8165143 -3.7557139 -3.6821264 -3.6018536 -3.5075985 -3.4091497 -3.306139 -3.1964582 -3.0853612 -2.9676712 -2.8681797 -2.7562108 -2.6511919 -2.5490042 -2.4600469 -2.3759038 -2.3028208 -2.2594882 -2.2267528 -2.2322801 -2.2489554 -2.2987012 -2.3725004 -2.4785884 -2.5949701 -2.7171611 -2.8311676 -2.9558529 -3.0466356 -3.1014819 -3.1180639 -3.1080764 -3.0552132 -2.9698542 -2.8877855 -2.7765891 -2.6833332 -2.6072515 -2.5705965 -2.5555753 -2.6182608 -2.68272 -2.8173262 -2.9320495 -3.084213 -3.2125978 -3.3214986 -3.354561 -3.3661278 -3.331126 -3.2502486 -3.150567 -3.0048367 -2.8685961 -2.7291868 -2.6070483
-3.8389311 -3.8045702 -3.7518389 -3.7022971 -3.6317023 -3.5711091 -3.4821586 -3.4178691 -3.3183775 -3.2464812 -3.142628 -3.0637073 -2.9710661 -2.8833486 -2.7928778 -2.7099278 -2.635408 -2.5643274 -2.5242097 -2.487037 -2.4799871 -2.4910935 -2.5314258 -2.5892149 -2.6828258 -2.772825 -2.8860603 -2.9675232 -3.0758089 -3.1474814 -3.1507001 -3.1467536 -3.0933513 -3.0205885 -2.9054819 -2.805118 -2.6816842 -2.5817639 -2.5056822 -2.4869484 -2.4785904 -2.5636707 -2.6453321 -2.8058402 -2.9472211 -3.1112061 -3.2569638 -3.3745937 -3.4083938 -3.4156306 -3.3738717 -3.275437 -3.1687728 -3.005026 -2.8587274 -2.7162036 -2.5955406
-3.7824366 -3.7544814 -3.7157903 -3.6809479 -3.6390568 -3.5982046 -3.5458407 -3.5002614 -3.4449883 -3.3934137 -3.3396874 -3.2716142 -3.2091798 -3.1373248 -3.0695798 -2.9977248 -2.9309932 -2.8646655 -2.8210073 -2.7807945 -2.7674575 -2.7612194 -2.7943832 -2.8355256 -2.9057549 -2.9780813 -3.0609909 -3.126832 -3.1955096 -3.2189193 -3.2081638 -3.175 -3.0941656 -2.9829692 -2.8559399 -2.7285889 -2.5991877 -2.4873482 -2.4112664 -2.3991087 -2.416666 -2.5132033 -2.6226549 -2.7995716 -2.9774031 -3.1588288 -3.3070526 -3.4358063 -3.4675093 -3.46842 -3.415748 -3.3123813 -3.18948 -3.0158263 -2.8510219 -2.7047109 -2.5840479
-3.6827908 -3.660791 -3.6412794 -3.6225072 -3.6080106 -3.5948438 -3.5768868 -3.5694453 -3.5443362 -3.5425 -3.5073683 -3.4916591 -3.443306 -3.4156694 -3.3570089 -3.3081868 -3.2467697 -3.1875459 -3.1407574 -3.0912565 -3.0636199 -3.0515846 -3.0571119 -3.0845049 -3.1168691 -3.1655267 -3.2224311 -3.2521534 -3.3010666 -3.2983361 -3.2536909 -3.175 -3.0798654 -2.9457138 -2.8072381 -2.6727058 -2.5380996 -2.4252558 -2.3682263 -2.3729022 -2.4042476 -2.5258245 -2.6474919 -2.8523274 -3.0332862 -3.2249958 -3.3784953 -3.5103172 -3.5264195 -3.5243032 -3.4566541 -3.3406621 -3.2081077 -3.01933 -2.8510219 -2.6998681 -2.5806806
-3.5451005 -3.5290382 -3.5164729 -3.5155915 -3.5215176 -3.5313927 -3.552067 -3.6069725 -3.6124998 -3.6126834 -3.6490938 -3.6333846 -3.6568454 -3.6304495 -3.6234627 -3.586399 -3.5475101 -3.5034725 -3.4577004 -3.4049589 -3.3773224 -3.3434188 -3.3489461 -3.3171867 -3.3330574 -3.3669194 -3.3826749 -3.4006316 -3.390591 -3.3671812 -3.2966121 -3.21 -3.0606331 -2.9141114 -2.7699827 -2.6265441 -2.4919379 -2.3933643 -2.3455538 -2.3615707 -2.4186009 -2.5587729 -2.6982528 -2.9030883 -3.1131288 -3.3062594 -3.4597589 -3.5851969 -3.5847279 -3.5673793 -3.4947468 -3.374677 -3.2225924 -3.0282362 -2.8490628 -2.6958472 -2.5744714
-3.3836603 -3.3743423 -3.3798696 -3.3969606 -3.428379 -3.4686568 -3.5210208 -3.5885094 -3.6559645 -3.7136691 -3.7706429 -3.8230068 -3.8629191 -3.8850283 -3.8892879 -3.8782333 -3.8539894 -3.8263529 -3.7765972 -3.7216301 -3.6738406 -3.6307287 -3.5920375 -3.559347 -3.5359372 -3.5303328 -3.5192782 -3.4986704 -3.4713111 -3.4024131 -3.3205461 -3.21 -3.0606331 -2.8792074 -2.7327272 -2.5892887 -2.4711124 -2.381382 -2.3579722 -2.392193 -2.4682748 -2.615466 -2.7727728 -2.9951657 -3.2062674 -3.399398 -3.542659 -3.6597078 -3.64533 -3.6077272 -3.525793 -3.3926701 -3.2288017 -3.0318226 -2.847654 -2.689638 -2.5744896
-3.1995842 -3.1947037 -3.2036536 -3.2401852 -3.2843097 -3.3588146 -3.4277259 -3.5381053 -3.6236592 -3.7542948 -3.8312821 -3.936818 -3.9967533 -4.0660405 -4.0905744 -4.1021599 -4.0980639 -4.0813257 -4.0312126 -3.9812832 -3.9149555 -3.8605351 -3.7945851 -3.7458078 -3.698872 -3.6536682 -3.6275866 -3.5633446 -3.5263245 -3.4466189 -3.3352912 -3.21 -3.0606331 -2.8792074 -2.743338 -2.6043598 -2.5147334 -2.4277543 -2.4212984 -2.4844988 -2.5688794 -2.7260612 -2.887994 -3.1052812 -3.3163828 -3.4982046 -3.6143312 -3.7229007 -3.6858871 -3.6444324 -3.5480178 -3.3969112 -3.2293519 -3.0210549 -2.8357858 -2.6812403 -2.5730449
-3.0197917 -3.0046901 -3.0157447 -3.0545127 -3.112113 -3.2028182 -3.2970733 -3.4327792 -3.5599073 -3.7123066 -3.8496378 -3.9712781 -4.0854968 -4.173388 -4.2460002 -4.2736367 -4.2978261 -4.2978261 -4.257021 -4.2110159 -4.1427567 -4.0697341 -3.9934944 -3.9126194 -3.8482425 -3.778136 -3.7228629 -3.6451132 -3.5714456 -3.4719541 -3.3546481 -3.2219928 -3.0686041 -2.8871784 -2.7592801 -2.6343717 -2.5574948 -2.4997779 -2.5056304 -2.5847728 -2.6842643 -2.8417066 -3.010108 -3.2208908 -3.4216236 -3.5965763 -3.6894104 -3.7771971 -3.7278443 -3.6620439 -3.5566999 -3.3976222 -3.2220489 -3.0146679 -2.8230846 -2.670921 -2.5647184
-2.8430109 -2.8187536 -2.8187536 -2.855817 -2.9134174 -3.0105137 -3.1248704 -3.2789469 -3.4406899 -3.6265985 -3.7966523 -3.9589806 -4.0987432 -4.2258712 -4.3152555 -4.3815831 -4.420826 -4.4567826 -4.4222772 -4.3832188 -4.3113638 -4.2353138 -4.1358223 -4.043251 -3.9437595 -3.8601335 -3.7758484 -3.6867289 -3.5979383 -3.4838901 -3.3612713 -3.2286159 -3.0788652 -2.9136711 -2.7963517 -2.6873572 -2.6346853 -2.5949791 -2.6300937 -2.7153878 -2.8299745 -2.9844142 -3.149195 -3.3423256 -3.5289728 -3.6694314 -3.7504434 -3.810313 -3.7408128 -3.6605946 -3.5435458 -3.3807342 -3.1955562 -2.9920458 -2.803215 -2.6510515 -2.5465201
-2.7316503 -2.6817663 -2.6657143 -2.6865915 -2.7376602 -2.8314648 -2.9429269 -3.1091007 -3.2816924 -3.4703469 -3.6775228 -3.8466637 -4.027836 -4.1694365 -4.2947143 -4.3810876 -4.444355 -4.4908827 -4.4680861 -4.4437628 -4.3719078 -4.2944737 -4.1887629 -4.0712477 -3.966529 -3.8745987 -3.773503 -3.6781546 -3.5777646 -3.4618637 -3.3430086 -3.22 -3.1058923 -2.9556743 -2.8411814 -2.772105 -2.7250646 -2.7244216 -2.7674667 -2.8595654 -2.9722659 -3.1081855 -3.2715822 -3.4581255 -3.612961 -3.7292408 -3.7951381 -3.8194467 -3.6789695 -3.5890629 -3.4748869 -3.3141142 -3.1497245 -2.9668628 -2.7794161 -2.6299758 -2.5276328
-2.6209166 -2.550889 -2.5177251 -2.5245204 -2.5716479 -2.6573783 -2.7673426 -2.9290328 -3.1114339 -3.3258972 -3.5404995 -3.740074 -3.9378114 -4.1091579 -4.257013 -4.3620319 -4.4356206 -4.4853664 -4.4761715 -4.4558144 -4.3850192 -4.3031218 -4.1815211 -4.0640058 -3.9528094 -3.8447175 -3.7396986 -3.639515 -3.5392558 -3.4280594 -3.3283043 -3.2177582 -3.1114969 -2.9944481 -2.9289223 -2.8650954 -2.8532168 -2.8582118 -2.9108838 -3.0005192 -3.1117156 -3.2405752 -3.3773131 -3.5372084 -3.6739781 -3.7676172 -3.7940429 -3.8116002 -3.6555751 -3.5120887 -3.4008923 -3.2603084 -3.1022924 -2.9266002 -2.7576592 -2.6113481 -2.5030993
-2.5743781 -2.4945225 -2.4307958 -2.4236132 -2.4412539 -2.5171058 -2.6121117 -2.7611292 -2.9313659 -3.1458292 -3.3604315 -3.5698874 -3.7714076 -3.9703907 -4.1269285 -4.2564748 -4.3371386 -4.398437 -4.3929702 -4.3813036 -4.3149759 -4.2348202 -4.1132194 -3.9957042 -3.8845078 -3.7737562 -3.6651878 -3.5650041 -3.4647449 -3.3642479 -3.2783835 -3.2053397 -3.1136697 -3.0254943 -2.9881009 -2.9458155 -2.9633729 -2.9761874 -3.0389833 -3.1284499 -3.2359004 -3.3415138 -3.4642424 -3.5871437 -3.7174427 -3.7675552 -3.7707805 -3.7681355 -3.6121105 -3.4686241 -3.3574276 -3.2195363 -3.065037 -2.903572 -2.7390314 -2.5978621 -2.4830515
-2.6089551 -2.4979397 -2.4224906 -2.3862355 -2.3815599 -2.432724 -2.502812 -2.612977 -2.7732689 -2.9869977 -3.1803636 -3.3898194 -3.5860612 -3.7846074 -3.9513918 -4.0870299 -4.1820299 -4.2534496 -4.2582895 -4.2537017 -4.187374 -4.1134275 -3.9921918 -3.8813903 -3.7701939 -3.6594423 -3.5517435 -3.4515599 -3.3666098 -3.2729707 -3.2048034 -3.1402242 -3.115608 -3.0428665 -3.0120683 -3.012378 -3.0299354 -3.0802246 -3.1484151 -3.2446863 -3.3381259 -3.4232258 -3.5299354 -3.6528367 -3.7180658 -3.7549849 -3.7468743 -3.7158971 -3.561567 -3.4180806 -3.3083847 -3.1725322 -3.0331903 -2.887553 -2.7329811 -2.5938734 -2.4812513
-2.6524198 -2.5275094 -2.4224906 -2.3633044 -2.331886 -2.3563366 -2.4034642 -2.5083814 -2.6304564 -2.8136312 -2.9985743 -3.1923209 -3.3862468 -3.5797026 -3.7508336 -3.8945435 -3.9959994 -4.0733817 -4.0867867 -4.0860522 -4.0250617 -3.9537162 -3.8431701 -3.7323686 -3.6211722 -3.5139498 -3.408931 -3.3270828 -3.2492967 -3.1849198 -3.1299234 -3.0967595 -3.0721434 -3.054586 -3.0570127 -3.0682612 -3.1146963 -3.172038 -3.2539722 -3.3369118 -3.418846 -3.4966664 -3.5771934 -3.6532752 -3.7060246 -3.7177295 -3.6947718 -3.6538047 -3.5019574 -3.3640547 -3.2587108 -3.1371071 -3.0083534 -2.8720118 -2.7346888 -2.6000826 -2.4703973
-2.7685706 -2.6329553 -2.5114616 -2.4284402 -2.3743606 -2.360895 -2.3803772 -2.4424037 -2.5433445 -2.670289 -2.838588 -2.9956799 -3.1804495 -3.3489802 -3.5133399 -3.6452587 -3.7437379 -3.8182445 -3.8330411 -3.8378952 -3.7826221 -3.7147776 -3.6147099 -3.5062066 -3.3990671 -3.3072185 -3.2124975 -3.1509957 -3.0805458 -3.0343085 -3.023199 -3.0250942 -3.0261211 -3.0337613 -3.0773095 -3.1040436 -3.1801253 -3.2398618 -3.321796 -3.3965617 -3.4729542 -3.5257982 -3.5890652 -3.5897244 -3.6409657 -3.6348076 -3.595361 -3.54961 -3.4278739 -3.2921381 -3.2040589 -3.1144975 -3.0009929 -2.893968 -2.7603605 -2.6257543 -2.4764921
-2.9098922 -2.7666864 -2.6384468 -2.5325195 -2.4644463 -2.4143307 -2.4090943 -2.4314689 -2.4977966 -2.5921916 -2.7141395 -2.8476278 -2.9959225 -3.1503652 -3.2846637 -3.4095871 -3.4935459 -3.5654009 -3.5828491 -3.5849723 -3.5324301 -3.4704621 -3.3743232 -3.2771298 -3.1727738 -3.091151 -3.0082414 -2.9606764 -2.9074931 -2.8840834 -2.9035355 -2.9203261 -2.96369 -2.9929522 -3.0607905 -3.1170329 -3.19835 -3.2763111 -3.3587692 -3.4302188 -3.5004482 -3.540997 -3.5843794 -3.577663 -3.5731466 -3.5587333 -3.5164108 -3.4637388 -3.3528024 -3.2437258 -3.1655578 -3.1029436 -3.0093046 -2.9154522 -2.8000693 -2.6654631 -2.496656
-3.0670942 -2.9281267 -2.789944 -2.6799131 -2.5856579 -2.5251204 -2.4727564 -2.4785917 -2.4977966 -2.5641243 -2.6458379 -2.740093 -2.85311 -2.9747107 -3.0921773 -3.1861415 -3.2617426 -3.3170313 -3.3309443 -3.3303934 -3.2806477 -3.2220925 -3.1336556 -3.0411787 -2.9475396 -2.8705839 -2.8033365 -2.7639439 -2.7274252 -2.7354413 -2.760723 -2.8104688 -2.8676483 -2.9432783 -3.0221888 -3.1046144 -3.1924011 -3.2771918 -3.3649784 -3.4348438 -3.4942389 -3.5259751 -3.5533332 -3.5357759 -3.5196939 -3.4904317 -3.4492802 -3.4016464 -3.3036305 -3.2120206 -3.1593486 -3.102863 -3.0403508 -2.9587833 -2.8559524 -2.7213462 -2.546436
-3.2317477 -3.0992502 -2.967016 -2.8456345 -2.7451009 -2.6616174 -2.6011532 -2.5551099 -2.5569493 -2.5589137 -2.6213907 -2.6717914 -2.757754 -2.8371088 -2.9320382 -3.0092869 -3.0614997 -3.1081162 -3.1180503 -3.1018676 -3.0521219 -2.9956812 -2.9113391 -2.8254556 -2.7376415 -2.6702442 -2.6067766 -2.588801 -2.5600816 -2.5790209 -2.6329846 -2.6989198 -2.7791167 -2.8652246 -2.9655849 -3.0560707 -3.1539296 -3.2417162 -3.3265605 -3.3869892 -3.4422609 -3.4628799 -3.4852595 -3.4630449 -3.4409711 -3.4150302 -3.3876573 -3.3445802 -3.2780123 -3.1953901 -3.1617484 -3.136564 -3.0850248 -3.0263037 -2.9274674 -2.789839 -2.5870922
