mean_models/J1_mean_tot_conduct_slide_2.dat.tif
NCOLS 118
NROWS 92
XLLCORNER 139.62
YLLCORNER -39.07
DX 0.099491525
DY 0.099347826
NODATA_VALUE -9999
[rows 0 to 25 of 92, columns 57 to 113 of 118]
-2.1522917 -2.0317546 -1.8714627 -1.6478696 -1.4593594 -1.3143556 -1.2305733 -1.2675624 -1.3320648 -1.5041368 -1.6743569 -1.8115461 -1.9267915 -1.948273 -1.9484343 -1.8655247 -1.7909371 -1.6859182 -1.6323036 -1.5828027 -1.5694332 -1.5505161 -1.5156322 -1.4574819 -1.3514488 -1.2187933 -1.069556 -0.98326132 -0.89203971 -0.94680905 -1.0443536 -1.2160435 -1.4409911 -1.7048057 -1.896586 -2.1112614 -2.1972175 -2.2543411 -2.2808982 -2.253182 -2.2356247 -2.2189489 -2.1864626 -2.1776522 -2.1650488 -2.1533439 -2.1138169 -2.0669973 -2.0052993 -1.9611305 -1.9377208 -1.9607634 -1.9900257 -2.0386024 -2.0937469 -2.0765653 -1.9701885
-1.8892305 -1.8586718 -1.7336976 -1.5946223 -1.4674762 -1.3886315 -1.3645243 -1.4795595 -1.5517366 -1.7144344 -1.8860438 -2.0053547 -2.0868638 -2.0845949 -2.0203011 -1.903404 -1.7758569 -1.6276722 -1.5550781 -1.4669972 -1.4614699 -1.4428516 -1.419043 -1.3881089 -1.2948594 -1.159493 -1.0174993 -0.9083279 -0.79093081 -0.82054397 -0.86664261 -1.0216644 -1.2048798 -1.4674413 -1.6962803 -1.9187591 -2.0437051 -2.1603751 -2.2019113 -2.2161087 -2.2173041 -2.2336418 -2.2186277 -2.2222259 -2.2356806 -2.2360983 -2.2100614 -2.1797595 -2.1187993 -2.070587 -2.0358024 -2.0365202 -2.0339436 -2.0496513 -2.0768672 -2.0486827 -1.921255
-1.7404126 -1.754672 -1.6883443 -1.6288238 -1.5607507 -1.5564034 -1.5721126 -1.6908095 -1.8345195 -2.0161584 -2.1837042 -2.2884321 -2.3512089 -2.3014631 -2.1960914 -2.0302722 -1.8522634 -1.6753896 -1.5619904 -1.459694 -1.4426502 -1.4298692 -1.4243419 -1.3965464 -1.3263171 -1.2111779 -1.0729952 -0.93860154 -0.81311135 -0.78970157 -0.81072262 -0.93232337 -1.1124001 -1.3464978 -1.572752 -1.7971519 -1.9548192 -2.0827654 -2.1471422 -2.1803071 -2.192012 -2.2136429 -2.2385208 -2.267783 -2.2925288 -2.3100861 -2.3030402 -2.2796304 -2.217624 -2.1588684 -2.1061964 -2.0685593 -2.051002 -2.0516786 -2.0401422 -1.9933227 -1.8590901
-1.7962958 -1.8328274 -1.8249476 -1.8043469 -1.7904925 -1.8229546 -1.8763653 -2.0214241 -2.1822369 -2.3686964 -2.5361205 -2.6146665 -2.6681606 -2.5808789 -2.458393 -2.2538048 -2.0462342 -1.8368298 -1.7145669 -1.5776696 -1.5555604 -1.5434137 -1.5544683 -1.5375904 -1.4939665 -1.3885998 -1.2592724 -1.1162545 -0.98697004 -0.94277987 -0.93096947 -1.0192527 -1.1832358 -1.3961718 -1.6100828 -1.8281981 -1.9803616 -2.1076023 -2.1764433 -2.2144144 -2.2292674 -2.2553705 -2.2821064 -2.3347784 -2.3608304 -2.3977597 -2.4030588 -2.3851875 -2.3121828 -2.252007 -2.1664808 -2.0919095 -2.051002 -2.0089566 -1.9904683 -1.934561 -1.8064204
-1.9218959 -1.991907 -2.0030762 -2.0262559 -2.0367287 -2.0938785 -2.1724245 -2.3139105 -2.4963116 -2.6575822 -2.8208477 -2.8803458 -2.9106514 -2.8143569 -2.6604538 -2.4428213 -2.2138768 -1.98173 -1.8266593 -1.6898844 -1.6735359 -1.6625849 -1.6809425 -1.6784638 -1.6446361 -1.5533077 -1.431707 -1.2878238 -1.1493171 -1.0849402 -1.058387 -1.1383899 -1.284873 -1.483856 -1.6950556 -1.9035424 -2.058473 -2.1843254 -2.253208 -2.2837011 -2.3012584 -2.3191001 -2.3485504 -2.3988341 -2.4469896 -2.489009 -2.499139 -2.4874341 -2.4118567 -2.3303849 -2.2322323 -2.123934 -2.0595571 -1.9942487 -1.9457009 -1.8864233 -1.7796269
-2.1487727 -2.2278581 -2.2776039 -2.3127618 -2.3494165 -2.4105497 -2.4890957 -2.6224967 -2.7757274 -2.915379 -3.0443803 -3.0757987 -3.0783008 -2.9622274 -2.7970571 -2.5593829 -2.3251054 -2.0874312 -1.9322164 -1.7954414 -1.7843868 -1.7805604 -1.8137242 -1.8212763 -1.7978666 -1.7093777 -1.5931472 -1.4473703 -1.304548 -1.2240099 -1.1949903 -1.2613179 -1.4028485 -1.6018316 -1.8147271 -2.0277272 -2.1857431 -2.3126591 -2.3711835 -2.401034 -2.4130247 -2.4247053 -2.4416889 -2.4885085 -2.535328 -2.5821476 -2.5932991 -2.5867819 -2.5081238 -2.417226 -2.2943247 -2.1790505 -2.0719756 -1.9862148 -1.9135448 -1.8491679 -1.7481509
-2.4340521 -2.5227698 -2.578763 -2.625187 -2.6506992 -2.7111408 -2.7478168 -2.7965728 -2.9276035 -3.0541897 -3.0963912 -3.1121719 -3.0637084 -2.9363479 -2.7514185 -2.5236804 -2.2921503 -2.0763093 -1.9252123 -1.8205977 -1.8133374 -1.8288552 -1.8680286 -1.8913462 -1.8709984 -1.7842079 -1.6587985 -1.511939 -1.3567864 -1.2732559 -1.2404726 -1.3125204 -1.4725304 -1.6822868 -1.8951822 -2.1465519 -2.3101157 -2.4520749 -2.5105993 -2.5404497 -2.5281709 -2.5114951 -2.5241074 -2.5620978 -2.5909462 -2.6377658 -2.6489173 -2.6585917 -2.6021116 -2.5061187 -2.3832174 -2.2679432 -2.1316165 -2.0093534 -1.9298899 -1.8528265 -1.7430558
-2.7257505 -2.8158023 -2.8766026 -2.9011191 -2.9220647 -2.9262 -2.952382 -2.9728908 -3.0281638 -3.0460715 -3.0709447 -3.0373213 -2.9778974 -2.8335897 -2.6606423 -2.43955 -2.2364013 -2.0263637 -1.9024701 -1.8084583 -1.8270534 -1.8481504 -1.8988031 -1.9221206 -1.9045633 -1.8104918 -1.6833637 -1.5225165 -1.36698 -1.2791934 -1.2582019 -1.3355842 -1.5065793 -1.7348245 -1.9974476 -2.2505793 -2.4403739 -2.582333 -2.6408574 -2.6418016 -2.6242443 -2.5934448 -2.5767707 -2.5882323 -2.6170807 -2.6639003 -2.6994955 -2.7112004 -2.673062 -2.5929801 -2.4700788 -2.3514297 -2.2109711 -2.0747032 -1.9625833 -1.8747966 -1.7828275
-2.9803293 -3.069047 -3.1187927 -3.1308918 -3.1145511 -3.0924102 -3.0641483 -3.035701 -3.0281638 -2.9819068 -2.9653876 -2.8868417 -2.810248 -2.6499561 -2.4769312 -2.2719005 -2.0821218 -1.9021789 -1.7921599 -1.721529 -1.7602201 -1.7922672 -1.8530676 -1.878656 -1.8610986 -1.7648158 -1.6336898 -1.4630448 -1.2986784 -1.2108918 -1.1919173 -1.2969361 -1.4807765 -1.7410338 -2.0282023 -2.3064624 -2.5230028 -2.6754716 -2.733996 -2.7208355 -2.6739182 -2.6122848 -2.5705614 -2.5530041 -2.5736161 -2.6204356 -2.6751814 -2.7174096 -2.7238008 -2.6612817 -2.5900373 -2.4778588 -2.3413651 -2.1750388 -2.0495126 -1.9281854 -1.8345962
-3.1692428 -3.2467787 -3.2864381 -3.2753877 -3.2476269 -3.1728231 -3.1236381 -3.0331512 -2.9889327 -2.9053416 -2.8461065 -2.7469898 -2.6481814 -2.4878895 -2.3106249 -2.1079435 -1.9277881 -1.757216 -1.6674796 -1.6054172 -1.6483007 -1.6948026 -1.7650164 -1.801942 -1.7902513 -1.7015296 -1.5698203 -1.3984832 -1.2274524 -1.1401557 -1.1249449 -1.2299638 -1.437733 -1.7111383 -2.0219165 -2.3186463 -2.5515033 -2.7173009 -2.7738399 -2.7404899 -2.6786186 -2.5705058 -2.5049159 -2.4614566 -2.4687397 -2.5108307 -2.5974658 -2.6586048 -2.7387831 -2.7174568 -2.6826633 -2.6336155 -2.5025298 -2.3237766 -2.1709454 -2.0273922 -1.8899346
-3.3179905 -3.3781234 -3.4002326 -3.3747124 -3.3223485 -3.2360256 -3.1365341 -3.0319314 -2.9269126 -2.8342252 -2.7410277 -2.6310634 -2.5086243 -2.3483324 -2.1686018 -1.9696188 -1.7857573 -1.6199381 -1.540263 -1.475571 -1.5182679 -1.5724693 -1.6498516 -1.7034239 -1.7034239 -1.6268267 -1.505226 -1.3393831 -1.1687362 -1.086802 -1.0666592 -1.171678 -1.3753371 -1.6679593 -1.9832196 -2.3015739 -2.5421716 -2.7219822 -2.7746542 -2.7396602 -2.6518736 -2.5269514 -2.4052277 -2.3437479 -2.3213551 -2.3564697 -2.4414608 -2.5526572 -2.6777143 -2.7577486 -2.7811583 -2.7617029 -2.6739162 -2.4962939 -2.3114615 -2.1300358 -1.9769599
-3.3497817 -3.4006836 -3.3940234 -3.3593202 -3.2913023 -3.1994423 -3.0930694 -2.9849997 -2.8772387 -2.7935946 -2.7037848 -2.6147661 -2.4962059 -2.335914 -2.1513754 -1.9385726 -1.7361102 -1.5454273 -1.4563612 -1.3638047 -1.3969686 -1.4494597 -1.5489513 -1.6158848 -1.65375 -1.6008216 -1.505226 -1.3594492 -1.1997824 -1.1113131 -1.0806841 -1.1654688 -1.357211 -1.6307038 -1.9421487 -2.2581093 -2.5039119 -2.6847268 -2.7421618 -2.7003273 -2.6021997 -2.4438912 -2.3058799 -2.1829786 -2.1537056 -2.1579688 -2.2491203 -2.3725893 -2.5808501 -2.6770284 -2.8002855 -2.8530323 -2.8167287 -2.6592717 -2.4791109 -2.2589427 -2.0636735
-3.3688886 -3.3831224 -3.3690554 -3.3142251 -3.2393209 -3.1392317 -3.0375371 -2.960978 -2.8504318 -2.7666041 -2.7183772 -2.6293585 -2.5485972 -2.3887188 -2.2134881 -1.9907684 -1.7698738 -1.5383985 -1.4126452 -1.2812028 -1.3143667 -1.3447179 -1.4442094 -1.5667977 -1.6249259 -1.586793 -1.5425399 -1.411297 -1.2883897 -1.1947506 -1.1576407 -1.2324049 -1.3513879 -1.6143617 -1.9210957 -2.2114041 -2.4572067 -2.6428697 -2.7062556 -2.6757621 -2.5757725 -2.3974578 -2.2356964 -2.1127951 -1.9887092 -1.969793 -2.0344939 -2.1477078 -2.3780987 -2.5639506 -2.7284413 -2.8219657 -2.891761 -2.7923627 -2.608404 -2.3791067 -2.1816491
-3.3067962 -3.3159718 -3.2883353 -3.2309375 -3.1523916 -3.0644635 -2.9754447 -2.9083229 -2.8442226 -2.8131225 -2.7826687 -2.7355411 -2.6628228 -2.5191128 -2.3326358 -2.0839069 -1.8278643 -1.5570262 -1.3834694 -1.2253197 -1.2332923 -1.2606163 -1.3877443 -1.5109146 -1.6279634 -1.647415 -1.6418877 -1.5406394 -1.4312022 -1.3261911 -1.2723881 -1.2944973 -1.4134803 -1.6124634 -1.886276 -2.1617302 -2.4075328 -2.5998412 -2.6876279 -2.6632023 -2.5695632 -2.3807198 -2.1921857 -1.9814978 -1.8281946 -1.7462604 -1.7870715 -1.8807105 -2.1305738 -2.371586 -2.6290935 -2.7944102 -2.9290164 -2.8663382 -2.7311799 -2.4970822 -2.259146
-3.205091 -3.2081431 -3.1736614 -3.1219488 -3.0484853 -2.9878921 -2.9133523 -2.8976994 -2.8533377 -2.8994112 -2.88736 -2.8982381 -2.8340209 -2.7117555 -2.5122781 -2.2506121 -1.949694 -1.6548795 -1.4722121 -1.2422686 -1.2091048 -1.2420344 -1.3827919 -1.5335394 -1.6909186 -1.7770554 -1.7978252 -1.7439458 -1.6411546 -1.5301248 -1.4333327 -1.4075204 -1.4720119 -1.629284 -1.8421795 -2.1063973 -2.3521999 -2.5472597 -2.6655633 -2.691326 -2.6142847 -2.4104554 -2.2000745 -1.9128022 -1.7517952 -1.5793897 -1.4917427 -1.5514646 -1.778692 -2.0345615 -2.3427502 -2.6440563 -2.8247977 -2.8866167 -2.758612 -2.5522786 -2.2843922
-3.1007917 -3.0964833 -3.0577921 -3.0075852 -2.939512 -2.8921743 -2.8398103 -2.8483108 -2.8538381 -2.9240352 -2.9774942 -3.006047 -3.0000516 -2.8889597 -2.7109738 -2.4401357 -2.1230545 -1.7914161 -1.5413879 -1.2950739 -1.2483892 -1.2487 -1.3906561 -1.5654234 -1.7527016 -1.8829522 -1.9548072 -1.9245662 -1.8596928 -1.7367915 -1.6103488 -1.5603623 -1.558477 -1.6579686 -1.8289413 -2.0454077 -2.2912103 -2.5031844 -2.643643 -2.7152391 -2.6684195 -2.4750749 -2.2433709 -1.9233051 -1.6541874 -1.4290022 -1.2365389 -1.2131291 -1.4073158 -1.6767958 -2.0162375 -2.3713479 -2.6522652 -2.7767494 -2.755424 -2.5681459 -2.3162015
-2.9700616 -2.9642631 -2.9310992 -2.8851196 -2.8327556 -2.7941922 -2.7669552 -2.7938263 -2.8339686 -2.941026 -3.0304797 -3.1037893 -3.1258922 -3.0540372 -2.8910956 -2.6368395 -2.3158041 -1.963619 -1.688392 -1.4142913 -1.3424363 -1.321555 -1.4542104 -1.6271696 -1.8554149 -2.0085895 -2.1336333 -2.1232896 -2.0848812 -1.9474232 -1.8156676 -1.6995942 -1.6637029 -1.6712149 -1.8078063 -1.9725527 -2.2183552 -2.4357777 -2.6406132 -2.734337 -2.7478978 -2.5635608 -2.3427187 -1.9564575 -1.6305849 -1.2501761 -1.0045131 -0.85547692 -0.99325078 -1.2307667 -1.6053231 -1.9989472 -2.3807145 -2.6019635 -2.6575039 -2.5521599 -2.2929276
-2.8343836 -2.8334365 -2.8109741 -2.7753238 -2.7360232 -2.7081954 -2.6932293 -2.738063 -2.789054 -2.8986018 -3.0219054 -3.1020277 -3.1669243 -3.1149689 -2.9972287 -2.7744729 -2.4801179 -2.1537982 -1.870479 -1.5963782 -1.5215221 -1.4644835 -1.5862552 -1.7237557 -1.9415467 -2.1044097 -2.2497239 -2.2490695 -2.2486681 -2.1105054 -1.9862773 -1.8509103 -1.7303296 -1.7047351 -1.8253094 -1.9131229 -2.1561096 -2.3768374 -2.6001774 -2.7097786 -2.7940656 -2.6587564 -2.4420665 -2.046583 -1.6374205 -1.1935423 -0.90820335 -0.60859668 -0.6434573 -0.86990079 -1.2387115 -1.6282579 -2.0915863 -2.4175134 -2.527032 -2.4598135 -2.2312193
-2.7073524 -2.7231971 -2.7121425 -2.6956889 -2.6642705 -2.6483352 -2.6378624 -2.6793334 -2.7401338 -2.8659184 -2.9974736 -3.1083252 -3.2017436 -3.190689 -3.1186759 -2.9252202 -2.6742759 -2.3592194 -2.0759002 -1.8077905 -1.6964134 -1.6170584 -1.7109562 -1.8350057 -2.0398412 -2.2032855 -2.3525228 -2.3853634 -2.3872483 -2.2584945 -2.1252104 -1.9649185 -1.8353703 -1.7475837 -1.7826828 -1.8629924 -2.0827197 -2.316603 -2.5624056 -2.7356374 -2.8409813 -2.7197085 -2.5363916 -2.1114336 -1.6548483 -1.1515383 -0.74358211 -0.41584532 -0.4116705 -0.55831931 -0.92117075 -1.3479632 -1.8278635 -2.1808395 -2.3963823 -2.3729725 -2.1552863
-2.5928986 -2.6192388 -2.6438409 -2.6393682 -2.6332243 -2.6197586 -2.6130255 -2.644992 -2.6966691 -2.8055627 -2.929172 -3.0548455 -3.1550593 -3.2103323 -3.1656766 -3.0556142 -2.844762 -2.5951705 -2.3230356 -2.080997 -1.9428144 -1.8530095 -1.8751187 -1.9761105 -2.1205613 -2.2760266 -2.4146152 -2.4623129 -2.4741776 -2.3668226 -2.2493952 -2.0891033 -1.9428794 -1.8220946 -1.807962 -1.850574 -2.0261473 -2.2483014 -2.5092899 -2.7081334 -2.8471906 -2.7724102 -2.6171117 -2.2132931 -1.7604054 -1.2244503 -0.76925094 -0.39100836 -0.3084124 -0.43413453 -0.74407317 -1.1589934 -1.6353771 -2.0262925 -2.2535698 -2.2815773 -2.0821954
-2.4512111 -2.5216301 -2.5649033 -2.6029212 -2.616176 -2.6241065 -2.6212364 -2.6343126 -2.6785311 -2.7868738 -2.8750279 -3.0007014 -3.1018459 -3.1610499 -3.1763559 -3.1052006 -2.9680773 -2.7979049 -2.5785452 -2.3789794 -2.2407967 -2.1172758 -2.136282 -2.1041332 -2.216396 -2.3496679 -2.4595448 -2.4996295 -2.5421736 -2.4485346 -2.3700405 -2.2170245 -2.0786845 -1.9430762 -1.9214062 -1.8877071 -2.0632804 -2.2210319 -2.4767646 -2.6619989 -2.8378714 -2.8175529 -2.6942924 -2.2904738 -1.8913465 -1.3661224 -0.92603762 -0.50715924 -0.38621811 -0.4481361 -0.7269543 -1.1072135 -1.5363857 -1.9010547 -2.1692819 -2.2084495 -2.0156329
-2.3642817 -2.4585206 -2.5524848 -2.6105675 -2.6472222 -2.6584918 -2.6584918 -2.66707 -2.6785311 -2.7512275 -2.8304157 -2.9456164 -3.0560311 -3.1610499 -3.2176489 -3.2231762 -3.1506113 -3.0400652 -2.872096 -2.6956506 -2.5307821 -2.3882049 -2.31635 -2.2842011 -2.3134633 -2.3897356 -2.4781725 -2.5411765 -2.5933049 -2.5640427 -2.5000654 -2.3784647 -2.2401247 -2.0879612 -2.0159715 -1.962218 -2.062709 -2.2050546 -2.4332999 -2.6385315 -2.8316621 -2.8302702 -2.7736349 -2.4634555 -2.0812602 -1.589655 -1.1458585 -0.72448261 -0.57871304 -0.57179272 -0.77662821 -1.1070166 -1.4991303 -1.8498556 -2.0998943 -2.1525663 -1.9972889
-2.3226323 -2.44896 -2.5964676 -2.6874873 -2.7565153 -2.7752173 -2.7807464 -2.7635901 -2.7622487 -2.7733033 -2.8350875 -2.9136334 -3.031106 -3.1610499 -3.2612194 -3.3296331 -3.3316812 -3.2786508 -3.1225876 -3.0002524 -2.8123239 -2.6434385 -2.4825162 -2.4090014 -2.3652382 -2.4009497 -2.4662164 -2.5546533 -2.617146 -2.6241629 -2.6383093 -2.5692971 -2.4373679 -2.2915038 -2.1788952 -2.1068646 -2.1302743 -2.2668458 -2.4542223 -2.6418644 -2.8377658 -2.8963174 -2.8743557 -2.6802109 -2.3000265 -1.8932703 -1.5207878 -1.1209396 -0.93903654 -0.92333257 -1.0418443 -1.232597 -1.5611729 -1.8122213 -2.0531466 -2.1058186 -2.0229223
-2.2776359 -2.4628587 -2.6347914 -2.7772205 -2.8662393 -2.904192 -2.9146648 -2.8803097 -2.8582005 -2.8402322 -2.8553209 -2.9181312 -3.0087192 -3.1399525 -3.2798819 -3.3775206 -3.4486345 -3.4486345 -3.3488887 -3.2487069 -3.0525857 -2.8557307 -2.6697959 -2.5047427 -2.4212508 -2.4041273 -2.4428184 -2.5389871 -2.6250783 -2.6777503 -2.7510472 -2.7064266 -2.6240423 -2.4835836 -2.3644831 -2.2617227 -2.2615737 -2.3319675 -2.496973 -2.655825 -2.8548081 -2.9362599 -2.9663374 -2.8067885 -2.5413947 -2.1781389 -1.8750591 -1.5063552 -1.3149437 -1.2351967 -1.3079186 -1.3769222 -1.6227248 -1.8039966 -1.9829582 -2.0356302 -2.0197447
-2.2791627 -2.4876956 -2.7143152 -2.8729642 -3.0038741 -3.0478029 -3.0635121 -3.0188528 -2.9637576 -2.9202736 -2.8987856 -2.9354404 -3.0025099 -3.129638 -3.2674634 -3.4167007 -3.5072416 -3.5790285 -3.5075648 -3.4287748 -3.2242644 -3.0171709 -2.785024 -2.5916721 -2.4278037 -2.3909986 -2.3931445 -2.4995287 -2.6064506 -2.7219743 -2.8069303 -2.8235122 -2.7635384 -2.6636516 -2.5390149 -2.4231629 -2.3939007 -2.4295981 -2.546647 -2.7031225 -2.8858543 -2.9849315 -3.0470575 -2.9417136 -2.7391855 -2.4699731 -2.1809452 -1.8727003 -1.6683683 -1.5545042 -1.525242 -1.5646238 -1.6599802 -1.7736851 -1.8836104 -1.9362823 -1.9413222
-2.3399099 -2.5683734 -2.80689 -2.9796417 -3.1126445 -3.1609718 -3.175061 -3.1099549 -3.0445469 -2.9476717 -2.909596 -2.9111673 -2.9661375 -3.081744 -3.2258447 -3.3834398 -3.5013635 -3.5818751 -3.5313148 -3.4785166 -3.2688568 -3.0498408 -2.7849357 -2.5658114 -2.3844681 -2.3213416 -2.3170516 -2.437932 -2.5559548 -2.6918781 -2.8304344 -2.8793954 -2.8516362 -2.7641759 -2.6600469 -2.5425694 -2.503235 -2.5209568 -2.6203512 -2.7452964 -2.9185904 -3.0109824 -3.085309 -3.0172231 -2.8486488 -2.6159704 -2.37943 -2.0909353 -1.8679743 -1.7301428 -1.6469614 -1.5601568 -1.6027097 -1.6077272 -1.6956824 -1.7453322 -1.8251278
