mean_models/J1_mean_vp_slide_diff_100.dat.tif
NCOLS 118
NROWS 92
XLLCORNER 139.62
YLLCORNER -39.07
DX 0.099491525
DY 0.099347826
NODATA_VALUE -9999
[rows 0 to 26 of 92, columns 0 to 59 of 118]
-9999 -9999 -9999 -9999 -9999 -9999 -9999 -9999 -9999 -9999 -9999 -9999 -9999 -9999 -9999 -9999 -9999 -9999 -9999 -9999 -9999 -9999 -9999 -9999 -9999 -9999 -9999 -9999 -9999 -9999 -9999 -9999 -9999 -9999 -9999 -9999 -9999 -9999 -9999 -9999 -9999 -9999 -9999 -9999 -9999 -9999 -9999 -9999 -9999 -9999 -9999 -9999 -9999 -9999 -9999 -9999 -9999 -9999 -9999 -9999
-9999 8.1137346 8.1126911 8.1116476 8.110604 8.1095605 8.1078659 8.1082648 8.1112911 8.1134502 8.1156093 8.1177684 8.1199276 8.122636 8.1257503 8.1280686 8.130387 8.1327053 8.1350236 8.1377517 8.1414253 8.1450988 8.1487724 8.152446 8.1552612 8.1524719 8.1474216 8.1402894 8.1331572 8.126025 8.1188928 8.1159598 8.1211213 8.1262829 8.1314445 8.1366061 8.1413139 8.1462351 8.1504398 8.1525369 8.1546339 8.1567309 8.158828 8.1552619 8.1498895 8.1452405 8.1405914 8.1359424 8.1312933 8.125018 8.1201289 8.1152398 8.1103507 8.1054616 8.1030487 8.106772 8.1070486 8.1073252 8.1076018 8.1078784
-9999 8.107728 8.1066845 8.105641 8.1045974 8.1023963 8.0994701 8.0998691 8.1041056 8.1076907 8.1098498 8.112009 8.1141681 8.1168766 8.1206851 8.1241692 8.1264876 8.1288059 8.1311242 8.1338523 8.1375259 8.1411994 8.144873 8.1461545 8.1436487 8.1408594 8.1373104 8.1330749 8.1259427 8.1188105 8.1116783 8.1087452 8.1139068 8.1190684 8.12423 8.1285472 8.131991 8.1369121 8.1439468 8.1491717 8.1512687 8.1533657 8.1554628 8.1518967 8.1442594 8.1383319 8.1336828 8.1290338 8.1243847 8.1180334 8.1113879 8.106285 8.1013959 8.0965068 8.094094 8.1002587 8.1049534 8.10523 8.1055066 8.1057832
-9999 8.1017214 8.1006779 8.0996343 8.0969268 8.0940006 8.0910744 8.0914734 8.0957099 8.0999464 8.1040904 8.1062495 8.1084086 8.1111171 8.1149256 8.1187341 8.1225427 8.1249065 8.1272248 8.1299529 8.1336265 8.1373 8.1370479 8.134542 8.1320361 8.1292469 8.1256979 8.1221489 8.1185999 8.111596 8.1044638 8.1015307 8.1066923 8.1118539 8.1157805 8.1192243 8.122668 8.1275891 8.1346239 8.1416586 8.1479035 8.1500005 8.1520976 8.1485315 8.1408942 8.1332569 8.1267742 8.1221252 8.1174761 8.1111248 8.1044793 8.0978338 8.0924412 8.087552 8.0851392 8.091304 8.0974687 8.1031348 8.1034114 8.103688
-9999 8.0957148 8.0943835 8.0914573 8.0885311 8.0856049 8.0826787 8.0830776 8.0873142 8.0915507 8.0957873 8.1000238 8.1026491 8.1053576 8.1091661 8.1129747 8.1167832 8.1205917 8.1233254 8.1260535 8.1297271 8.1279412 8.1254354 8.1229295 8.1204236 8.1176343 8.1140854 8.1105364 8.1069874 8.1034384 8.0972493 8.0943162 8.0994778 8.1030138 8.1064575 8.1099013 8.113345 8.1182662 8.1253009 8.1323357 8.1393704 8.1464051 8.1487324 8.1451663 8.137529 8.1298917 8.1222544 8.1152166 8.1105675 8.1042162 8.0975707 8.0909252 8.0842797 8.0785973 8.0761845 8.0823492 8.0885139 8.0946787 8.1008434 8.1015928
-9999 8.088914 8.0859878 8.0830616 8.0801354 8.0772092 8.074283 8.0746819 8.0789185 8.083155 8.0873916 8.0916281 8.0958646 8.0995981 8.1034066 8.1072152 8.1110237 8.1148322 8.1186408 8.1213404 8.1188346 8.1163287 8.1138228 8.111317 8.1088111 8.1060218 8.1024728 8.0989239 8.0953749 8.0918259 8.0882769 8.0868033 8.0902471 8.0936908 8.0971346 8.1005783 8.1040221 8.1089432 8.1159779 8.1230127 8.1300474 8.1370822 8.1441169 8.1418011 8.1341638 8.1265265 8.1188892 8.1112519 8.1036589 8.0973076 8.0906621 8.0840166 8.0773711 8.0707256 8.0672297 8.0733944 8.0795592 8.0857239 8.0918887 8.0980534
-9999 8.0862826 8.0833564 8.0804302 8.0775041 8.0745779 8.0718869 8.072502 8.0767386 8.0809751 8.0852117 8.0894482 8.0933884 8.0963915 8.0986942 8.1025028 8.1063113 8.1101198 8.1139284 8.1158275 8.1133217 8.1108158 8.1083099 8.1058041 8.1029137 8.1011527 8.1029148 8.0993659 8.0958169 8.0922679 8.0887189 8.0875584 8.0910022 8.0944459 8.0978897 8.1013335 8.1023373 8.1043483 8.1113831 8.1184178 8.1254525 8.1324873 8.1379245 8.1416908 8.1390758 8.1314386 8.1238013 8.116164 8.1085267 8.1017351 8.0950896 8.0884441 8.0817986 8.0765552 8.0771129 8.0832776 8.0894424 8.0956071 8.1017719 8.1023994
-9999 8.0845645 8.0816384 8.0787122 8.075786 8.0732145 8.0706918 8.0713069 8.0755434 8.07978 8.0840165 8.0877626 8.0913434 8.0943464 8.0961926 8.0980389 8.1017648 8.1055733 8.1093818 8.111281 8.1087751 8.1062693 8.1037634 8.1005891 8.0970498 8.0952888 8.098294 8.1012991 8.0981687 8.0946197 8.0910707 8.0899102 8.093354 8.0967977 8.1002415 8.0999919 8.0984915 8.1005025 8.1075373 8.114572 8.1216067 8.1264692 8.1310292 8.1347954 8.137991 8.137662 8.1300247 8.1223874 8.1147501 8.1079585 8.101313 8.0946675 8.0904838 8.0894228 8.0899805 8.0961453 8.10231 8.1084748 8.1074142 8.1046831
-9999 8.0828465 8.0799203 8.0770647 8.074542 8.0720193 8.0694966 8.0701118 8.0743483 8.0785561 8.0821368 8.0857176 8.0892983 8.0923013 8.0941475 8.0959938 8.09784 8.1010268 8.1048353 8.1067344 8.1042286 8.1017227 8.0982645 8.0947252 8.091186 8.089425 8.0924301 8.0954353 8.0984404 8.0969715 8.0934225 8.092262 8.0957058 8.0991471 8.0976466 8.0961461 8.0946457 8.0966567 8.1036914 8.1104539 8.1150139 8.1195738 8.1241338 8.1279 8.1310956 8.1342912 8.1362481 8.1286108 8.1209735 8.1141819 8.1075364 8.1044125 8.1033515 8.1022905 8.1028482 8.1090129 8.11516 8.1124289 8.1096979 8.1069668
-9999 8.0811284 8.0783922 8.0758695 8.0733469 8.0708242 8.0683015 8.0689166 8.0729303 8.076511 8.0800918 8.0836725 8.0872532 8.0902562 8.0921025 8.0939487 8.0957949 8.0976412 8.1002888 8.1021879 8.0994791 8.0959399 8.0924006 8.0888614 8.0853221 8.0835611 8.0865663 8.0895714 8.0925766 8.0955817 8.0957743 8.0946138 8.0968017 8.0953012 8.0938008 8.0923003 8.0907998 8.0928109 8.0989985 8.1035585 8.1081185 8.1126784 8.1172384 8.1210046 8.1242002 8.1273958 8.1305914 8.133787 8.1271969 8.1204053 8.1183412 8.1172802 8.1162192 8.1151581 8.1157159 8.1201747 8.1174437 8.1147127 8.1119816 8.1092506
-9999 8.0802743 8.0777517 8.075229 8.0727063 8.0701836 8.0676609 8.0682663 8.0718471 8.0754278 8.0790085 8.0825892 8.0861699 8.0886511 8.0904973 8.0923436 8.0941898 8.096036 8.0978823 8.0981 8.0945608 8.0910215 8.0874823 8.083943 8.0804038 8.0780808 8.081086 8.0840911 8.0870963 8.0901014 8.0931066 8.0945727 8.0930723 8.0915718 8.0900713 8.0885709 8.0870704 8.0884126 8.0929725 8.0975325 8.1020925 8.1066525 8.1112124 8.115524 8.1187196 8.1219152 8.1251108 8.1283064 8.131502 8.1310682 8.1300072 8.1289462 8.1278852 8.1268242 8.1243323 8.1216013 8.1188702 8.1161392 8.1134081 8.1106771
-9999 8.0832682 8.0807455 8.0782229 8.0757002 8.0731775 8.072236 8.0734867 8.0770674 8.0806481 8.0842288 8.0878095 8.0906234 8.0922476 8.0919481 8.0936218 8.0954681 8.0973143 8.0991605 8.0993783 8.095839 8.0922998 8.0887605 8.0852213 8.0819335 8.0793986 8.0785719 8.0811243 8.0841295 8.0871346 8.0901398 8.091606 8.0901055 8.088605 8.0871046 8.0856041 8.0858262 8.0880843 8.0926443 8.0972043 8.1017642 8.1063242 8.1131583 8.1185287 8.1225105 8.1257061 8.1289017 8.1320973 8.1352929 8.1348592 8.1337981 8.1327371 8.1316761 8.126893 8.1201409 8.1174098 8.1146788 8.1119477 8.1092167 8.1065164
-9999 8.0862621 8.0837394 8.0812168 8.0789927 8.0782245 8.0774563 8.078707 8.0822877 8.0858684 8.0894102 8.0919951 8.0945799 8.0962041 8.0959046 8.0956052 8.0967464 8.0985926 8.1004388 8.1006566 8.0971173 8.0935781 8.0900388 8.0868421 8.0836698 8.0811349 8.0803082 8.0794816 8.0811627 8.0841679 8.087173 8.0886392 8.0871387 8.0856382 8.0841994 8.0848487 8.0854979 8.0877561 8.092316 8.096876 8.101807 8.1087656 8.1157241 8.1210946 8.1253233 8.1294971 8.1326927 8.1358883 8.1390839 8.1386501 8.1375891 8.1365281 8.1306145 8.1227015 8.1159494 8.1132184 8.1104873 8.107759 8.1050615 8.102364
-9999 8.089256 8.0867333 8.0849812 8.084213 8.0834448 8.0826766 8.0839273 8.087508 8.090782 8.0933668 8.0959516 8.0985364 8.1001606 8.0998612 8.0995617 8.0992622 8.0998709 8.1017171 8.1019348 8.0983956 8.094923 8.0917507 8.0885784 8.0854061 8.0828712 8.0820446 8.0812179 8.0803913 8.0812011 8.0842062 8.0856724 8.0841719 8.083222 8.0838712 8.0845204 8.0851696 8.0874278 8.0919878 8.0974143 8.1043729 8.1113314 8.11829 8.1236604 8.1278892 8.1321179 8.1363467 8.1396792 8.1428748 8.1424411 8.14138 8.134336 8.126423 8.1185101 8.111758 8.1090269 8.1063041 8.1036066 8.1009092 8.0982117
-9999 8.0922499 8.0909698 8.0902015 8.0894333 8.0886651 8.0878969 8.0891476 8.0921537 8.0947385 8.0973233 8.0999081 8.1024929 8.1041172 8.1038177 8.1035182 8.1032187 8.1029193 8.1029954 8.1032131 8.0998316 8.0966593 8.093487 8.0903147 8.0871424 8.0846075 8.0837809 8.0829542 8.0821276 8.081301 8.0812395 8.0827056 8.0822445 8.0828937 8.0835429 8.0841921 8.0848414 8.0870995 8.0930216 8.0999801 8.1069387 8.1138973 8.1208559 8.1262263 8.130455 8.1346838 8.1389125 8.1431413 8.1466658 8.1459704 8.1380575 8.1301445 8.1222316 8.1143186 8.1075665 8.1048492 8.1021518 8.0994543 8.0967569 8.0940594
-9999 8.0968569 8.0960887 8.0953205 8.0945523 8.0937841 8.0930159 8.0939755 8.0965603 8.0991451 8.1017299 8.1043148 8.1068996 8.1083095 8.1079775 8.107678 8.1073786 8.1070791 8.1067796 8.1056114 8.1024392 8.0992669 8.0960946 8.0929223 8.08975 8.0847281 8.0828773 8.0820507 8.0812241 8.0803974 8.0795708 8.0792483 8.0798975 8.0805468 8.081196 8.0818452 8.0824944 8.0838301 8.0907887 8.0977473 8.1047058 8.1116644 8.118623 8.1245666 8.1287954 8.1330241 8.1372529 8.1414816 8.1457103 8.1385775 8.1306645 8.1227515 8.1148386 8.1069256 8.1026638 8.1014508 8.0987534 8.0960559 8.0933584 8.090661
-9999 8.1017404 8.1009722 8.100204 8.0994358 8.0989143 8.0997892 8.1008989 8.1022797 8.1045976 8.1071824 8.1097673 8.1123521 8.113762 8.1128189 8.1123102 8.1120107 8.1117112 8.1114118 8.1102436 8.1070713 8.103899 8.1007267 8.0975544 8.0947521 8.0898673 8.0793265 8.0750131 8.0741864 8.0733598 8.0725332 8.0722107 8.0728599 8.0735091 8.0741583 8.0751003 8.0827072 8.0850168 8.0797481 8.0843638 8.0913224 8.098281 8.1052396 8.1115252 8.1173171 8.1215458 8.1257746 8.1300033 8.1342321 8.1257047 8.1158323 8.1079193 8.1000064 8.0920934 8.0878316 8.0962166 8.0971067 8.0944093 8.0917118 8.0890143
-9999 8.1066239 8.1058557 8.1050875 8.1050523 8.1059272 8.1068021 8.1079118 8.1092926 8.1106734 8.1126349 8.1152198 8.1178046 8.1192145 8.1182714 8.1173284 8.1166428 8.1163434 8.1160439 8.1148757 8.1117034 8.1085312 8.1054403 8.1026658 8.0998914 8.0950066 8.0844657 8.0739248 8.0671488 8.0663222 8.0654956 8.065173 8.0658223 8.0664715 8.0691772 8.0767841 8.084391 8.0867007 8.0814319 8.0761631 8.077939 8.0848976 8.0918561 8.0981418 8.1039437 8.1097457 8.1142963 8.1185251 8.1227538 8.1142265 8.1034945 8.0930871 8.0851742 8.0772612 8.0729994 8.0813844 8.0897694 8.0927626 8.0900651 8.0873677
-9999 8.1115073 8.1107391 8.1111904 8.1120652 8.1129401 8.113815 8.1149247 8.1163055 8.1176863 8.1190671 8.1206723 8.1232571 8.124667 8.123724 8.1227809 8.1218379 8.1209755 8.120676 8.1195079 8.1163356 8.1133541 8.1105796 8.1078051 8.1050306 8.1001458 8.0896049 8.0790641 8.0685232 8.0592846 8.0584579 8.0581354 8.0587846 8.0632542 8.0708611 8.078468 8.0860748 8.0883845 8.0831157 8.077847 8.0725782 8.0715142 8.0784727 8.0847584 8.0905603 8.0963622 8.1021642 8.1070468 8.1112755 8.1027482 8.0920162 8.0812843 8.0705524 8.062429 8.0581671 8.0665521 8.0749372 8.0833222 8.0884185 8.085721
-9999 8.1164535 8.1173284 8.1182033 8.1190781 8.119953 8.1208279 8.1219376 8.1233184 8.1246992 8.12608 8.1274609 8.1288417 8.1301195 8.1291765 8.1282334 8.1272904 8.1263474 8.1254044 8.12414 8.1212678 8.1184933 8.1157188 8.1129443 8.1101698 8.1052851 8.0947442 8.0842033 8.0736624 8.0631216 8.0525807 8.0510978 8.0573311 8.064938 8.0725449 8.0801518 8.0877587 8.0900683 8.0847996 8.0795308 8.0742621 8.0689933 8.0650893 8.071375 8.0771769 8.0829788 8.0887808 8.0945827 8.0997973 8.0912699 8.080538 8.069806 8.0590741 8.0483422 8.0433349 8.0517199 8.0601049 8.0684899 8.076875 8.0840744
-9999 8.1191231 8.119998 8.1208728 8.1217477 8.1226226 8.1243243 8.1276164 8.1289973 8.1303781 8.1317589 8.1331397 8.1344071 8.1338907 8.1328651 8.1319221 8.1309791 8.1300361 8.1290931 8.1275962 8.1248217 8.1220473 8.1192728 8.1164983 8.1137238 8.1076247 8.1002492 8.0897084 8.0791675 8.0686266 8.0580857 8.0537436 8.0613504 8.0689573 8.0765642 8.0841711 8.0910143 8.0897548 8.0844861 8.0792173 8.0739485 8.0686798 8.0643201 8.064475 8.0698376 8.0756396 8.0814415 8.0872434 8.0930453 8.0847498 8.0740179 8.063286 8.052554 8.0418221 8.0371875 8.0455726 8.0539576 8.0623426 8.0707276 8.0754217
-9999 8.1185164 8.1193913 8.1202662 8.1211411 8.1240485 8.1289968 8.132289 8.1336698 8.1350506 8.1364314 8.1372313 8.1370326 8.1365162 8.1353634 8.1342802 8.1333372 8.1323942 8.1314512 8.1299544 8.1271799 8.1244054 8.1216309 8.1176699 8.1105512 8.1044449 8.1010526 8.0954894 8.0849485 8.0744076 8.0638667 8.0595245 8.0671314 8.0747383 8.0823452 8.0876512 8.0891941 8.0879346 8.0826659 8.0773971 8.0721283 8.0685117 8.0664419 8.0665968 8.068351 8.0728595 8.0786614 8.0844634 8.0902653 8.0819698 8.0712378 8.0605059 8.0500201 8.0419641 8.0375913 8.0459763 8.0543613 8.0627463 8.0648805 8.0597753
-9999 8.1179098 8.1187847 8.1196595 8.1237727 8.128721 8.1336693 8.1369615 8.1383423 8.1397231 8.1400555 8.1398568 8.1396582 8.1391417 8.137989 8.1368362 8.1356954 8.1347523 8.1338093 8.1323125 8.129538 8.1267635 8.121609 8.1144902 8.1073714 8.1012652 8.0978728 8.0944805 8.0907295 8.0801886 8.0696477 8.0653055 8.0729124 8.0805193 8.084288 8.085831 8.0873739 8.0861145 8.0808457 8.0755769 8.0727033 8.0706335 8.0685637 8.0687187 8.0704728 8.072227 8.0758814 8.0816833 8.0874852 8.0791897 8.0684578 8.0584798 8.0504238 8.0423679 8.037995 8.04638 8.054765 8.0543392 8.049234 8.0441289
-9999 8.1173031 8.1185485 8.1234969 8.1284452 8.1333935 8.1383418 8.141634 8.1430148 8.1428797 8.142681 8.1424824 8.1422837 8.1417673 8.1406145 8.1394617 8.1383089 8.1371562 8.1361675 8.1346706 8.1318962 8.125548 8.1184292 8.1113104 8.1041916 8.0980854 8.0946931 8.0913008 8.0879084 8.0845161 8.0754287 8.0710865 8.0786934 8.0809249 8.0824678 8.0840108 8.0855538 8.0842943 8.0790255 8.0768949 8.0748251 8.0727553 8.0706856 8.0708405 8.0725947 8.0743489 8.076103 8.0789033 8.0847052 8.0764097 8.0669395 8.0588835 8.0508276 8.0427716 8.0383987 8.0467838 8.0437979 8.0386927 8.0335876 8.0284824
-9999 8.1182727 8.1232211 8.1281694 8.1331177 8.138066 8.1430143 8.1459025 8.1457039 8.1455052 8.1453065 8.1451079 8.1449092 8.1443928 8.14324 8.1420873 8.1409345 8.1397817 8.1386289 8.1366058 8.129487 8.1223682 8.1152494 8.1081307 8.1010119 8.0949056 8.0915133 8.088121 8.0847287 8.0813363 8.077944 8.0760188 8.0775617 8.0791047 8.0806477 8.0821906 8.0837336 8.0831562 8.0810864 8.0790167 8.0769469 8.0748771 8.0728074 8.0729623 8.0747165 8.0764707 8.0782249 8.0799791 8.0819252 8.0753992 8.0673432 8.0592873 8.0512313 8.0431753 8.0383618 8.0332566 8.0281515 8.0230463 8.0179411 8.012836
-9999 8.1164779 8.1214262 8.1263745 8.1313229 8.1362712 8.1433964 8.1495796 8.1514091 8.1512104 8.1510118 8.1508131 8.1506145 8.1496222 8.1474169 8.1462642 8.1451114 8.1439586 8.1428058 8.139849 8.1327302 8.1256115 8.1184927 8.1113739 8.1051953 8.0971458 8.0824156 8.0790232 8.0756309 8.0722386 8.0688463 8.0671397 8.0686826 8.0702256 8.0717686 8.0733115 8.073809 8.0744329 8.0752317 8.073162 8.0710922 8.0690224 8.0669527 8.0638648 8.0631973 8.0649515 8.0667056 8.0684598 8.070214 8.0749443 8.0688272 8.0607713 8.0527153 8.0446593 8.0381929 8.0362972 8.031192 8.0260869 8.0209817 8.0158766
-9999 8.1134436 8.1183919 8.1233402 8.1282885 8.1365816 8.1454751 8.1516583 8.1547133 8.1575059 8.1573073 8.1571086 8.1569099 8.1559177 8.1533362 8.1507547 8.1495856 8.1484329 8.1472801 8.1443233 8.1372045 8.1300857 8.1229669 8.1175449 8.1131797 8.1051301 8.0872055 8.0692808 8.0653989 8.0620066 8.0586143 8.0569077 8.0584507 8.0599936 8.0615366 8.0614621 8.0607486 8.0613725 8.0639097 8.0657785 8.0637088 8.061639 8.0595692 8.0564814 8.0526616 8.0508178 8.052572 8.0543262 8.0560804 8.0608107 8.0660553 8.0624623 8.0544063 8.0463504 8.0398839 8.0389233 8.0378141 8.0327089 8.0276038 8.0224986
