mean_models/J1_mean_vp_slide_diff_25.dat.tif
NCOLS 118
NROWS 92
XLLCORNER 139.62
YLLCORNER -39.07
DX 0.099491525
DY 0.099347826
NODATA_VALUE -9999
[rows 0 to 26 of 92, columns 0 to 59 of 118]
-9999 -9999 -9999 -9999 -9999 -9999 -9999 -9999 -9999 -9999 -9999 -9999 -9999 -9999 -9999 -9999 -9999 -9999 -9999 -9999 -9999 -9999 -9999 -9999 -9999 -9999 -9999 -9999 -9999 -9999 -9999 -9999 -9999 -9999 -9999 -9999 -9999 -9999 -9999 -9999 -9999 -9999 -9999 -9999 -9999 -9999 -9999 -9999 -9999 -9999 -9999 -9999 -9999 -9999 -9999 -9999 -9999 -9999 -9999 -9999
-9999 6.8555161 6.857793 6.8600699 6.8623467 6.8646236 6.869009 6.8720688 6.8646524 6.854124 6.8435955 6.833067 6.8225385 6.8103894 6.8008386 6.7979875 6.7951364 6.7922853 6.7894342 6.7864152 6.7830086 6.779602 6.7761954 6.7727888 6.7689675 6.7638472 6.7627255 6.7624223 6.7621191 6.7618159 6.7615127 6.7592855 6.7533494 6.7474133 6.7414772 6.7355411 6.7316145 6.7259266 6.7124578 6.7010357 6.6896136 6.6781914 6.6667693 6.6598344 6.661523 6.6649354 6.6683477 6.6717601 6.6751725 6.6653257 6.6531095 6.6408934 6.6286773 6.6164611 6.6103048 6.6171016 6.6125524 6.6080031 6.6034539 6.5989046
-9999 6.8591713 6.8614481 6.863725 6.8660019 6.8720272 6.8804005 6.8834603 6.8803876 6.8749769 6.8644484 6.8539199 6.8433914 6.8312424 6.815848 6.803184 6.8003329 6.7974818 6.7946307 6.7916117 6.7882051 6.7847985 6.7813919 6.7768297 6.7704377 6.7653174 6.7636054 6.7621634 6.7618602 6.761557 6.7612538 6.7590266 6.7530905 6.7471544 6.7412183 6.7390216 6.7406933 6.7350054 6.7187886 6.7043293 6.6929071 6.681485 6.6700629 6.6631279 6.6594188 6.6597844 6.6631968 6.6666092 6.6700215 6.6601782 6.648044 6.6358378 6.6236217 6.6114056 6.6052493 6.6200834 6.6300782 6.6255289 6.6209797 6.6164304
-9999 6.8628264 6.8651033 6.8673802 6.8750454 6.8834187 6.891792 6.8948517 6.8917791 6.8887064 6.8853013 6.8747728 6.8642443 6.8520953 6.8367009 6.8213066 6.8059123 6.8026784 6.7998273 6.7968082 6.7934016 6.789995 6.7846918 6.7782998 6.7719078 6.7667875 6.7650756 6.7633636 6.7616517 6.7612981 6.7609949 6.7587677 6.7528316 6.7468955 6.7464288 6.7481004 6.749772 6.7440841 6.7278673 6.7116505 6.6962007 6.6847786 6.6733565 6.6664215 6.6627124 6.6590033 6.6580458 6.6614582 6.6648706 6.6550273 6.642893 6.6307588 6.6185661 6.60635 6.6001937 6.6150279 6.6298621 6.6430547 6.6385055 6.6339562
-9999 6.8664816 6.8696903 6.8780636 6.8864369 6.8948102 6.9031834 6.9062432 6.9031706 6.9000979 6.8970252 6.8939526 6.8850972 6.8729482 6.8575538 6.8421595 6.8267652 6.8113709 6.8050238 6.8020047 6.7985981 6.792554 6.786162 6.77977 6.773378 6.7682576 6.7665457 6.7648338 6.7631218 6.7614099 6.760736 6.7585088 6.7525727 6.7538359 6.7555075 6.7571791 6.7588507 6.7531628 6.7369461 6.7207293 6.7045125 6.6882957 6.67665 6.6697151 6.666006 6.6622969 6.6585878 6.6563072 6.6597196 6.6498763 6.6377421 6.6256078 6.6134736 6.6012944 6.5951381 6.6099723 6.6248065 6.6396407 6.6544749 6.651482
-9999 6.8727085 6.8810818 6.8894551 6.8978284 6.9062016 6.9145749 6.9176347 6.914562 6.9114894 6.9084167 6.9053441 6.9022714 6.8938011 6.8784067 6.8630124 6.8476181 6.8322238 6.8168294 6.8068081 6.8004161 6.7940241 6.7876321 6.7812401 6.7748481 6.7697278 6.7680158 6.7663039 6.764592 6.7628801 6.7611681 6.7595714 6.761243 6.7629146 6.7645862 6.7662579 6.7679295 6.7622416 6.7460248 6.729808 6.7135912 6.6973745 6.6811577 6.6730087 6.6692996 6.6655905 6.6618814 6.6581723 6.6545686 6.6447253 6.6325911 6.6204568 6.6083226 6.5961884 6.5900826 6.6049168 6.6197509 6.6345851 6.6494193 6.6642535
-9999 6.8814016 6.8897748 6.8981481 6.9065214 6.9148947 6.923219 6.9262337 6.9231611 6.9200884 6.9170158 6.9139431 6.9098292 6.9010617 6.8855428 6.8701485 6.8547542 6.8393598 6.8239655 6.8112934 6.8049014 6.7985094 6.7921174 6.7857254 6.7771111 6.7676498 6.7659619 6.76425 6.7625381 6.7608262 6.7591142 6.758558 6.7602296 6.7619013 6.7635729 6.7652445 6.7729524 6.7744639 6.7582471 6.7420303 6.7258135 6.7095968 6.6994611 6.7036034 6.7071801 6.703471 6.6997619 6.6960527 6.6923436 6.6814509 6.6693167 6.6571824 6.6450482 6.632273 6.6241991 6.6390333 6.6538675 6.6687017 6.6835359 6.6823083
-9999 6.8896671 6.8980404 6.9064136 6.9147869 6.9230864 6.9313756 6.9343904 6.9313178 6.9282451 6.9251724 6.9203764 6.9149991 6.9062316 6.8906749 6.8751183 6.8597171 6.8443228 6.8289285 6.8162563 6.8098643 6.8034723 6.7970803 6.7868253 6.7744617 6.7650004 6.7633182 6.7616359 6.7599259 6.7582139 6.756502 6.7559458 6.7576174 6.759289 6.7609607 6.7717693 6.7856727 6.7871842 6.7709674 6.7547506 6.7385339 6.7305862 6.7237901 6.7279324 6.7399382 6.746831 6.7431219 6.7394128 6.7357037 6.724811 6.7126767 6.7005425 6.6872828 6.6725955 6.6645217 6.6793558 6.69419 6.7090242 6.7028999 6.6919303
-9999 6.8979326 6.9063059 6.9146645 6.9229537 6.931243 6.9395323 6.9425471 6.9394744 6.9363008 6.9309236 6.9255463 6.920169 6.9114015 6.8958448 6.8802882 6.8647315 6.8492858 6.8338914 6.8212193 6.8148273 6.8084353 6.7965396 6.7841759 6.7718123 6.762351 6.7606687 6.7589865 6.7573042 6.7556017 6.7538898 6.7533336 6.7550052 6.756683 6.7705863 6.7844897 6.798393 6.7999045 6.7836877 6.7685075 6.7617114 6.7549152 6.7481191 6.7522614 6.7642673 6.7762731 6.7864819 6.7827728 6.7790637 6.768171 6.7560368 6.7422926 6.7276053 6.712918 6.7048442 6.7196784 6.7344612 6.7234915 6.7125219 6.7015522
-9999 6.9061982 6.9145319 6.9228211 6.9311104 6.9393997 6.947689 6.9507037 6.946848 6.9414707 6.9360934 6.9307162 6.9253389 6.9165714 6.9010147 6.8854581 6.8699014 6.8543447 6.8388544 6.8261822 6.8186174 6.8062538 6.7938902 6.7815265 6.7691629 6.7597016 6.7580193 6.7563371 6.7546548 6.7529726 6.7512776 6.7507214 6.7554999 6.7694033 6.7833066 6.79721 6.8111133 6.8126248 6.7996326 6.7928365 6.7860404 6.7792442 6.7724481 6.7765904 6.7885963 6.8006021 6.8126079 6.8246138 6.8224238 6.811531 6.7973024 6.7826151 6.7679278 6.7532406 6.7451667 6.7550528 6.7440831 6.7331135 6.7221438 6.7111742
-9999 6.9149612 6.9232505 6.9315398 6.9398291 6.9481183 6.9564076 6.9571151 6.9517378 6.9463605 6.9409832 6.935606 6.9302287 6.9199186 6.9043619 6.8888052 6.8732486 6.8576919 6.8421353 6.8275441 6.8151805 6.8028168 6.7904532 6.7780895 6.7657259 6.7585594 6.7568772 6.7551949 6.7535127 6.7518304 6.7501482 6.7537894 6.7676928 6.7815961 6.7954995 6.8094028 6.8233062 6.8285652 6.821769 6.8149729 6.8081768 6.8013807 6.7945845 6.7974163 6.8094221 6.821428 6.8334338 6.8454396 6.8574455 6.8466917 6.8320044 6.8173172 6.8026299 6.7879427 6.7768429 6.7658733 6.7549036 6.743934 6.7329643 6.7219947
-9999 6.927363 6.9356522 6.9439415 6.9522308 6.9605201 6.9621708 6.9601692 6.9547919 6.9494146 6.9440374 6.9386601 6.9305947 6.9175718 6.8962287 6.8802069 6.8646502 6.8490936 6.8335369 6.8189458 6.8065821 6.7942185 6.7818548 6.7694912 6.7635488 6.7621607 6.7650705 6.7639309 6.7622486 6.7605664 6.7588841 6.7625254 6.7764288 6.7903321 6.8042355 6.8181388 6.8314094 6.8363319 6.8295358 6.8227396 6.8159435 6.8091474 6.8063533 6.8049053 6.8072893 6.8192951 6.8313009 6.8433068 6.8553126 6.8445588 6.8298716 6.8151843 6.800497 6.7955127 6.7955185 6.7845488 6.7735792 6.7626095 6.7516399 6.7230213
-9999 6.9397647 6.9480539 6.9563432 6.9633787 6.9643018 6.965225 6.9632233 6.957846 6.9524687 6.9469552 6.9380871 6.9292189 6.916196 6.894853 6.8735099 6.8560519 6.8404952 6.8249386 6.8103474 6.7979838 6.7856201 6.7732565 6.7696402 6.7666485 6.7652603 6.7681702 6.7710801 6.7709846 6.7693024 6.7676201 6.7712614 6.7851648 6.7990681 6.8129488 6.8260625 6.8391761 6.8440986 6.8373025 6.8305064 6.8243632 6.8217882 6.8192133 6.8177652 6.8171273 6.8171622 6.8291681 6.8411739 6.8531797 6.8424259 6.8277387 6.8130514 6.8110139 6.8141882 6.814194 6.8032243 6.7922547 6.7797492 6.7494828 6.7192164
-9999 6.9521664 6.9604557 6.9655096 6.9664328 6.9673559 6.9682791 6.9662774 6.9609001 6.9544475 6.9455794 6.9367113 6.9278432 6.9148203 6.8934772 6.8721341 6.850791 6.8318969 6.8163402 6.8017491 6.7893854 6.7787232 6.7757315 6.7727398 6.7697481 6.76836 6.7712699 6.7741797 6.7770896 6.7780384 6.7763561 6.7799974 6.7939008 6.8076019 6.8207155 6.8338292 6.8469429 6.8518653 6.8450692 6.8397981 6.8372231 6.8346482 6.8320732 6.8306252 6.8299872 6.8293492 6.8287113 6.839041 6.8510468 6.8402931 6.8256058 6.8265151 6.8296894 6.8328637 6.8328695 6.8218999 6.8062108 6.7759444 6.745678 6.7154116
-9999 6.9645681 6.9676406 6.9685637 6.9694869 6.97041 6.9713332 6.9693315 6.9619399 6.9530718 6.9442037 6.9353355 6.9264674 6.9134445 6.8921014 6.8707583 6.8494153 6.8280722 6.8077419 6.7931507 6.7848146 6.7818229 6.7788312 6.7758395 6.7728478 6.7714596 6.7743695 6.7772794 6.7801893 6.7830991 6.7850921 6.7887334 6.8022549 6.8153686 6.8284823 6.8415959 6.8547096 6.8596321 6.855233 6.852658 6.8500831 6.8475081 6.8449332 6.8434851 6.8428472 6.8422092 6.8415712 6.8409333 6.848914 6.838842 6.8420163 6.8451906 6.848365 6.8515393 6.8515451 6.8326724 6.802406 6.7721396 6.7418732 6.7116068
-9999 6.9642942 6.9652173 6.9661405 6.9670636 6.9679868 6.9689099 6.9672256 6.9583574 6.9494893 6.9406212 6.9317531 6.922885 6.9123159 6.8913448 6.8700018 6.8486587 6.8273156 6.8059725 6.7901786 6.7871869 6.7841952 6.7812035 6.7782117 6.77522 6.7758101 6.7802071 6.7831169 6.7860268 6.7889367 6.7918466 6.7982417 6.8113554 6.824469 6.8375827 6.8506964 6.86381 6.8637748 6.8611999 6.858625 6.85605 6.8534751 6.8509001 6.8518654 6.8512274 6.8505894 6.8499515 6.8493135 6.8486755 6.8484541 6.8516284 6.8548027 6.8579771 6.8611514 6.8623527 6.835386 6.8051196 6.7748532 6.7445868 6.7143204
-9999 6.9491434 6.9500666 6.9509897 6.9519129 6.9539782 6.9625084 6.9617376 6.9502321 6.9407793 6.9319111 6.923043 6.9141749 6.9036059 6.8896306 6.8706839 6.8493408 6.8279977 6.8066546 6.7908607 6.787869 6.7848773 6.7818856 6.7788939 6.7714054 6.7703286 6.7873437 6.7953164 6.7982263 6.8011362 6.8040461 6.8104412 6.8235549 6.8366685 6.8497822 6.8626433 6.8697541 6.8679639 6.8534395 6.848575 6.846 6.8434251 6.8408501 6.8432553 6.8491984 6.8485604 6.8479224 6.8472845 6.8466465 6.842509 6.8401804 6.8433547 6.846529 6.8497033 6.8509046 6.8452716 6.8229796 6.7927132 6.7624468 6.7321804
-9999 6.9339926 6.9349158 6.9358389 6.940156 6.9486862 6.9572164 6.9564455 6.94494 6.9334346 6.9232011 6.914333 6.9054648 6.8948958 6.8809206 6.8669453 6.8500229 6.8286798 6.8073367 6.7915428 6.7885511 6.7855594 6.7815776 6.7737508 6.765924 6.7648472 6.7818623 6.7988773 6.8104258 6.8133357 6.8162455 6.8226407 6.8357544 6.848868 6.8602074 6.8673182 6.8744289 6.8726387 6.8581143 6.8435899 6.83595 6.8333751 6.8308002 6.8332054 6.8391907 6.8451761 6.8458934 6.8452555 6.8446175 6.8404799 6.8357376 6.8319067 6.835081 6.8382553 6.8394566 6.8338236 6.8281906 6.8105732 6.7803068 6.7500404
-9999 6.9188419 6.919765 6.9263338 6.9348639 6.9433941 6.9519243 6.9511534 6.939648 6.9281425 6.916637 6.9056229 6.8967548 6.8861857 6.8722105 6.8582353 6.84426 6.8293619 6.8080188 6.7922249 6.7892332 6.783923 6.7760962 6.7682693 6.7604425 6.7593657 6.7763808 6.7933959 6.8104109 6.8255352 6.828445 6.8348402 6.8479538 6.8577714 6.8648822 6.871993 6.8791038 6.8773135 6.8627891 6.8482648 6.8337404 6.8233251 6.8207502 6.8231554 6.8291408 6.8351261 6.8411115 6.8432264 6.8425885 6.8384509 6.8337085 6.8289662 6.8242238 6.8268072 6.8280085 6.8223755 6.8167425 6.8111095 6.7981668 6.7679004
-9999 6.9039813 6.9125115 6.9210417 6.9295719 6.938102 6.9466322 6.9458614 6.9343559 6.9228504 6.911345 6.8998395 6.888334 6.8774757 6.8635004 6.8495252 6.83555 6.8215747 6.8075995 6.7929071 6.7862684 6.7784415 6.7706147 6.7627879 6.754961 6.7538843 6.7708993 6.7879144 6.8049295 6.8219446 6.8389596 6.8470397 6.8553355 6.8624463 6.8695571 6.8766678 6.8837786 6.8819884 6.867464 6.8529396 6.8384152 6.8238908 6.8107002 6.8131054 6.8190908 6.8250761 6.8310615 6.8370469 6.8405594 6.8364219 6.8316795 6.8269372 6.8221948 6.8174524 6.8165605 6.8109275 6.8052945 6.7996615 6.7940285 6.7857604
-9999 6.8903046 6.8988348 6.9073649 6.9158951 6.9244253 6.9313183 6.9262259 6.9147204 6.903215 6.8917095 6.880204 6.868729 6.8635516 6.8576925 6.8437173 6.829742 6.8157668 6.8017915 6.7896755 6.7818487 6.7740218 6.766195 6.7583682 6.7505413 6.7628507 6.7833822 6.8003973 6.8174124 6.8344275 6.8514425 6.8650746 6.8721854 6.8792962 6.886407 6.8935177 6.8995078 6.8924799 6.8779555 6.8634311 6.8489067 6.8343823 6.8209683 6.8086464 6.8125119 6.8184972 6.8244826 6.830468 6.8364534 6.8332918 6.8285495 6.8238071 6.8190647 6.8143224 6.8024356 6.7968027 6.7911697 6.7855367 6.7799037 6.774323
-9999 6.8703031 6.8788333 6.8873635 6.8958937 6.9003991 6.9008633 6.8957709 6.8842654 6.87276 6.8612545 6.849905 6.8388236 6.8336462 6.8402919 6.8400985 6.8261232 6.812148 6.7981727 6.7860567 6.7782299 6.770403 6.7625762 6.7589695 6.7665951 6.7789298 6.8038863 6.8264311 6.8434462 6.8604612 6.8774763 6.8911084 6.8982192 6.90533 6.9124407 6.9161749 6.9143869 6.907359 6.8928346 6.8783102 6.8637859 6.8512793 6.840662 6.8283401 6.8147929 6.8145366 6.820522 6.8265074 6.8324928 6.8293312 6.8245889 6.8198465 6.8141622 6.7991797 6.7862916 6.7806586 6.7750256 6.7693926 6.7638483 6.7584066
-9999 6.8503017 6.8588318 6.867362 6.86948 6.8699442 6.8704084 6.8653159 6.8538105 6.842305 6.831081 6.8199996 6.8089182 6.8037408 6.8103866 6.8170323 6.8225044 6.8085292 6.794554 6.7824379 6.7746111 6.7667842 6.7674231 6.7750487 6.7826742 6.7950089 6.8199654 6.844922 6.86948 6.886495 6.9035101 6.9171422 6.924253 6.9313637 6.932842 6.9310541 6.9292661 6.9222382 6.9077138 6.8931894 6.8815903 6.870973 6.8603557 6.8480338 6.8344866 6.8209393 6.8165614 6.8225468 6.8285322 6.8253706 6.8206283 6.8130007 6.7980182 6.7830357 6.7701476 6.7645146 6.7588816 6.7533736 6.7479319 6.7424903
-9999 6.8303002 6.8380967 6.8385608 6.839025 6.8394892 6.8399534 6.834861 6.8233555 6.8122571 6.8011757 6.7900943 6.7790129 6.7738355 6.7804812 6.7871269 6.7937726 6.8004183 6.7909352 6.7788191 6.7709923 6.7758767 6.7835023 6.7911278 6.7987533 6.811088 6.8360446 6.8610011 6.8859576 6.9109141 6.9295439 6.943176 6.9502868 6.9495092 6.9477212 6.9459332 6.9441452 6.9371173 6.9225929 6.9119013 6.901284 6.8906667 6.8800494 6.8677275 6.8541803 6.840633 6.8270858 6.8185862 6.8245716 6.82141 6.8118392 6.7968567 6.7818742 6.7668916 6.7540036 6.7483706 6.7428989 6.7374572 6.7320156 6.7265739
-9999 6.8071775 6.8076417 6.8081059 6.80857 6.8090342 6.8094984 6.8045145 6.7934331 6.7823517 6.7712703 6.7601889 6.7491075 6.7439301 6.7505758 6.7572215 6.7638672 6.7705129 6.7771586 6.7767048 6.7843303 6.7919559 6.7995814 6.8072069 6.8148325 6.8271672 6.8521237 6.8770802 6.9020367 6.9269933 6.9519498 6.9679643 6.9661763 6.9643883 6.9626003 6.9608123 6.9590243 6.9528295 6.9422122 6.931595 6.9209777 6.9103604 6.8997431 6.8874212 6.873874 6.8603267 6.8467795 6.8332322 6.820611 6.8106778 6.7956952 6.7807127 6.7657301 6.7507476 6.7378658 6.7324242 6.7269825 6.7215409 6.7160992 6.7106575
-9999 6.7856459 6.7861101 6.7865743 6.7870385 6.7875026 6.7950908 6.8087523 6.8133002 6.8022188 6.7911374 6.780056 6.7689746 6.7577829 6.7511255 6.7577712 6.7644169 6.7710626 6.7777083 6.7846503 6.7922758 6.7999013 6.8075269 6.8151524 6.8291291 6.847969 6.8527081 6.8776647 6.9026212 6.9275777 6.9525342 6.9683557 6.9665677 6.9647797 6.9629918 6.9612038 6.9625379 6.9589527 6.9451102 6.9344929 6.9238756 6.9132583 6.902641 6.8930864 6.8816057 6.8680585 6.8545112 6.840964 6.8274167 6.8197321 6.8059611 6.7909785 6.775996 6.7610135 6.7464509 6.7350728 6.7296311 6.7241895 6.7187478 6.7133062
-9999 6.7658245 6.7662887 6.7667529 6.7672171 6.7786268 6.7920017 6.8056632 6.8196555 6.8316251 6.8205437 6.8094623 6.7983809 6.7871893 6.7757767 6.7643642 6.7708035 6.7774492 6.7840949 6.7910369 6.7986624 6.8062879 6.8139134 6.8330007 6.8592269 6.8780667 6.8771096 6.8761525 6.900236 6.9251925 6.950149 6.9659705 6.9641825 6.9623946 6.9606066 6.963649 6.9685996 6.9650144 6.9492173 6.9341718 6.9235545 6.9129372 6.9023199 6.8927653 6.8839746 6.8734977 6.8599504 6.8464032 6.8328559 6.8251712 6.8184998 6.806306 6.7913235 6.7763409 6.7617784 6.7486708 6.7358378 6.7303962 6.7249545 6.7195129
