mean_models/J1_mean_vp_slide_diff2_140.dat.tif
NCOLS 118
NROWS 92
XLLCORNER 139.62
YLLCORNER -39.07
DX 0.099491525
DY 0.099347826
NODATA_VALUE -9999
[rows 48 to 71 of 92, columns 0 to 54 of 118]
-9999 0.079693133 0.084368256 0.089043379 0.093718502 0.098393625 0.10306875 0.10076179 0.10028081 0.099799821 0.099318836 0.098837852 0.098356867 0.099738082 0.10002503 0.099487773 0.098950519 0.098413265 0.097876011 0.096614266 0.09368109 0.090747914 0.087814738 0.084881562 0.081948386 0.084357384 0.084637854 0.083953724 0.083269593 0.082585462 0.081901332 0.083762647 0.090530768 0.09729889 0.10406701 0.11083513 0.11760326 0.11197379 0.10563343 0.09929308 0.092952725 0.086612371 0.080662969 0.078874821 0.076584945 0.074295069 0.072005193 0.069715317 0.067425441 0.06133468 0.054587022 0.047839365 0.041091707 0.03434405 0.03339621
-9999 0.081947224 0.086622348 0.091297471 0.095972594 0.09765822 0.093556233 0.091135206 0.090654221 0.090173237 0.089692253 0.08935777 0.089576325 0.091058394 0.095070721 0.096865432 0.096328178 0.095790924 0.09525367 0.093991925 0.091058749 0.088125573 0.085192397 0.083083116 0.087171554 0.091083673 0.094523213 0.096078795 0.095394664 0.094710533 0.094026403 0.095887718 0.10265584 0.10942396 0.11619208 0.1198257 0.11274089 0.10596236 0.099622008 0.093281654 0.086941299 0.082415206 0.081033646 0.079268763 0.077228314 0.074981231 0.072691355 0.070401479 0.068111603 0.062020842 0.055273184 0.048525527 0.04177787 0.041773207 0.042934264
-9999 0.084201316 0.088876439 0.093551562 0.092133623 0.088031636 0.08392965 0.081508622 0.081027638 0.080546653 0.080459526 0.080678082 0.080896637 0.082378705 0.086391033 0.09040336 0.093705837 0.093168583 0.092631328 0.091369583 0.088436407 0.085503231 0.085720967 0.089809405 0.093897843 0.097809963 0.1012495 0.10468904 0.10751974 0.1068356 0.10615147 0.10801279 0.11478091 0.12154903 0.12089908 0.11381427 0.10672947 0.099950937 0.093610582 0.087270227 0.084167444 0.082785884 0.081404324 0.079639441 0.077598992 0.075558543 0.073377517 0.071087641 0.068797765 0.062707004 0.055959347 0.050559744 0.050935502 0.051311261 0.052472317
-9999 0.086455408 0.090711013 0.086609026 0.082507039 0.078405053 0.074303066 0.071882039 0.071401054 0.071561283 0.071779838 0.071998393 0.072216948 0.073699017 0.077711344 0.081723672 0.085735999 0.089748327 0.090008987 0.088747242 0.085814066 0.088358818 0.092447256 0.096535694 0.10062413 0.10453625 0.10797579 0.11141533 0.11485487 0.11829441 0.11827654 0.12013786 0.12690598 0.12197246 0.11488766 0.10780285 0.10071804 0.09393951 0.087599155 0.085919682 0.084538122 0.083156562 0.081775002 0.080010119 0.07796967 0.075929221 0.073888772 0.071773804 0.069483928 0.063393166 0.05972204 0.060097798 0.060473556 0.060849314 0.062010371
-9999 0.085186416 0.081084429 0.076982443 0.072880456 0.068778469 0.064676483 0.062444484 0.062663039 0.062881594 0.06310015 0.063318705 0.06353726 0.065019329 0.069031656 0.073043983 0.077056311 0.081068638 0.085080966 0.08690823 0.090996668 0.095085107 0.099173545 0.10326198 0.10735042 0.11126254 0.11470208 0.11814162 0.12158116 0.1250207 0.12846024 0.13013066 0.12304585 0.11596104 0.10887623 0.10179142 0.094706613 0.089053479 0.087671919 0.086290359 0.084908799 0.08352724 0.08214568 0.080380797 0.078340348 0.076299899 0.07425945 0.072219001 0.07017009 0.068884335 0.069260093 0.069635852 0.07001161 0.070387368 0.071344302
-9999 0.08184344 0.077741453 0.073639467 0.06953748 0.065435494 0.062045548 0.060586566 0.060805121 0.061023676 0.061242231 0.061460787 0.063755626 0.066882468 0.067797807 0.071810134 0.075822461 0.079834789 0.083847116 0.087882459 0.091970897 0.096059335 0.10014777 0.10423621 0.10483355 0.10306293 0.10917105 0.11261059 0.11605013 0.11948967 0.12292921 0.12277397 0.11568916 0.10860436 0.10151955 0.094434739 0.088779647 0.085695783 0.084314224 0.082932664 0.081551104 0.080169544 0.079698959 0.079492264 0.078258412 0.076217963 0.074177514 0.072137065 0.070096616 0.070116323 0.070492081 0.070867839 0.071243597 0.071329254 0.070646294
-9999 0.079551745 0.075449758 0.071347772 0.067245785 0.06424144 0.061328948 0.059869966 0.060088521 0.060307076 0.060525631 0.064260405 0.068920849 0.072047691 0.072103406 0.072159122 0.07583434 0.079846667 0.083858995 0.087894337 0.091982775 0.096071214 0.10015965 0.098032053 0.093111368 0.091340747 0.098013087 0.10468543 0.10846837 0.11190791 0.11534745 0.11519222 0.10810741 0.1010226 0.093937796 0.089071926 0.084798175 0.081714311 0.080332751 0.078951192 0.077569632 0.077456405 0.077454346 0.077247651 0.076893846 0.076060302 0.074019853 0.071979404 0.069938955 0.069958662 0.07033442 0.070710179 0.070560151 0.069842924 0.069159964
-9999 0.07726005 0.073158063 0.069349824 0.066437332 0.06352484 0.060612348 0.059153366 0.059371921 0.06010474 0.064765184 0.069425628 0.074086072 0.077212914 0.077268629 0.077324345 0.07738006 0.079858546 0.083870873 0.087906216 0.091994654 0.096083092 0.091230558 0.086309873 0.081389188 0.079618567 0.086290907 0.092963247 0.099635588 0.10432616 0.1077657 0.10761047 0.10052566 0.093637956 0.089364205 0.085090454 0.080816703 0.077732839 0.076351279 0.075215909 0.07521385 0.075211792 0.075209734 0.075003038 0.074649233 0.074295427 0.073862192 0.071821743 0.069781294 0.069801001 0.07017676 0.069791048 0.069073821 0.068356594 0.067673635
-9999 0.074968355 0.071545716 0.068633224 0.065720732 0.06280824 0.059895748 0.058436765 0.060609519 0.065269963 0.069930407 0.074590851 0.079251295 0.082378137 0.082433852 0.082489568 0.082545283 0.082600998 0.083882752 0.087918094 0.089349749 0.084429064 0.079508379 0.074587694 0.069667009 0.067896388 0.074568728 0.081241068 0.087913408 0.094585748 0.10018395 0.10002872 0.093930235 0.089656484 0.085382733 0.081108982 0.07683523 0.073751367 0.072973354 0.072971296 0.072969237 0.072967179 0.072965121 0.072758425 0.07240462 0.072050814 0.071697008 0.071343202 0.069623634 0.069643341 0.069021946 0.068304719 0.067587491 0.066870264 0.066187305
-9999 0.072915351 0.070002859 0.067090367 0.064177875 0.061265383 0.058352891 0.057026694 0.061687138 0.066347582 0.071008026 0.07566847 0.080328914 0.084239806 0.084295521 0.084351236 0.084406952 0.084462667 0.084518382 0.083069309 0.078148624 0.073227939 0.068307254 0.063386569 0.058465883 0.056399205 0.063068702 0.069741043 0.076413383 0.083085723 0.089758063 0.092691576 0.088417825 0.084144074 0.079870323 0.075596571 0.07132282 0.070467853 0.070465795 0.070463736 0.070461678 0.070459619 0.070457561 0.069699566 0.06934576 0.068991954 0.068638148 0.068284342 0.067930537 0.066497663 0.065780436 0.065063208 0.064345981 0.063628754 0.062632447
-9999 0.068550449 0.065637957 0.062725465 0.059812973 0.056968665 0.054604354 0.052325149 0.050144164 0.053464156 0.0581246 0.062785044 0.067445488 0.071438329 0.074094255 0.074929751 0.074985466 0.075041181 0.075096897 0.073647823 0.068727138 0.063806453 0.058885768 0.053965083 0.048249644 0.045808064 0.052365736 0.058999776 0.065672117 0.072344457 0.079016797 0.08195031 0.077676559 0.073402808 0.069129057 0.064928637 0.064933527 0.065489837 0.066835031 0.067058093 0.067056034 0.067053976 0.067051917 0.065725573 0.063505874 0.063152068 0.062798262 0.062444456 0.062090651 0.059096562 0.056544179 0.055826951 0.055109724 0.054392497 0.05339619
-9999 0.064185547 0.061273055 0.058360563 0.055710091 0.053345781 0.05098147 0.048702265 0.04652128 0.044340295 0.045241174 0.049901618 0.054562062 0.058554902 0.061210829 0.063866755 0.065563981 0.065619696 0.065675411 0.064226338 0.059305653 0.054384968 0.049256894 0.043457698 0.037658503 0.035216923 0.041774595 0.048332267 0.05493085 0.061603191 0.068275531 0.071209044 0.066935293 0.062661542 0.059784153 0.059789043 0.059793933 0.060350243 0.061695437 0.063040631 0.063650391 0.063648332 0.063646274 0.06231993 0.060041574 0.057763218 0.056958376 0.05660457 0.056250765 0.053256676 0.049806274 0.046590694 0.045873467 0.04515624 0.044159933
-9999 0.059820645 0.056908153 0.054451517 0.052087207 0.049722896 0.047358586 0.04507938 0.042898396 0.040717411 0.038536426 0.037018192 0.041678636 0.045671476 0.048327403 0.050983329 0.053639255 0.05619821 0.056253926 0.054804852 0.049884167 0.044464948 0.038665753 0.032866558 0.027067363 0.024625783 0.031183455 0.037741127 0.044298799 0.050861924 0.057534264 0.060467778 0.056194027 0.054639668 0.054644559 0.054649449 0.054654339 0.055210649 0.056555843 0.057901037 0.059246231 0.060242689 0.06024063 0.058914287 0.056635931 0.054357575 0.052079219 0.050764684 0.050410879 0.04741679 0.043966388 0.040515986 0.037065585 0.035919983 0.034923676
-9999 0.055557253 0.053192943 0.050828633 0.048464322 0.046100012 0.043735702 0.041456496 0.039275512 0.037094527 0.034913542 0.032732558 0.030551573 0.03278805 0.035443977 0.038099903 0.040755829 0.043411755 0.046067682 0.045383367 0.039673003 0.033873808 0.028074612 0.022275417 0.016476222 0.014034642 0.020592314 0.027149986 0.033707658 0.04026533 0.046823002 0.049726512 0.049495184 0.049500074 0.049504964 0.049509855 0.049514745 0.050071055 0.051416249 0.052761443 0.054106637 0.055451831 0.056797025 0.055508643 0.053230287 0.050951931 0.048673575 0.046395219 0.044570993 0.041576904 0.038126502 0.0346761 0.031225699 0.027775297 0.025687419
-9999 0.052677074 0.050312764 0.047948454 0.045584143 0.043219833 0.04213186 0.044118397 0.044608632 0.042427648 0.040246663 0.038065678 0.035884693 0.033548567 0.033050125 0.035706051 0.038361977 0.041017904 0.04367383 0.043773054 0.037973859 0.032174664 0.026375469 0.020576273 0.015945414 0.015157521 0.015563999 0.022121671 0.028679343 0.035237015 0.041794687 0.046114143 0.046119033 0.046123924 0.046128814 0.046133704 0.047396301 0.047356923 0.045301306 0.0466465 0.047991694 0.049336888 0.050682082 0.051123942 0.049466293 0.047187937 0.044909581 0.042631225 0.040352869 0.044960932 0.041634514 0.038184113 0.034733711 0.031283309 0.026066453
-9999 0.050119861 0.047755551 0.045391241 0.04302693 0.043046204 0.043813267 0.045799804 0.04919377 0.051655294 0.04947431 0.047293325 0.04511234 0.042776214 0.040129408 0.0378736 0.040529526 0.043185452 0.045841379 0.045940603 0.040141408 0.034342213 0.028543017 0.02585175 0.025905144 0.025117251 0.022074496 0.019512356 0.026070028 0.0326277 0.039185372 0.043504828 0.043509718 0.043514608 0.043519498 0.045982954 0.049871386 0.049832009 0.044173342 0.040107426 0.04145262 0.042797814 0.044143008 0.044584868 0.044377332 0.043268113 0.040989757 0.038711401 0.036433045 0.041041109 0.046839333 0.045757066 0.042306665 0.038856263 0.033639407
-9999 0.047562648 0.045198338 0.043193484 0.043960547 0.044727611 0.045494674 0.047481211 0.050875177 0.054269142 0.057663108 0.056520972 0.054339987 0.052003861 0.049357055 0.046710248 0.044063442 0.045353001 0.048008928 0.048108152 0.042308957 0.036509761 0.035758086 0.03581148 0.035864874 0.035076981 0.032034226 0.028991472 0.025948717 0.030018384 0.036576056 0.040895512 0.040900402 0.040905293 0.044569607 0.048458039 0.052346472 0.052307094 0.046648428 0.040989762 0.035331095 0.03625874 0.037603934 0.038045794 0.037838258 0.037630722 0.037069933 0.034791578 0.032513222 0.037121285 0.042919509 0.048717733 0.049879618 0.046429216 0.041212361
-9999 0.045005435 0.044107827 0.044874891 0.045641954 0.046409017 0.047176081 0.049162617 0.052556583 0.055950549 0.059344515 0.062738481 0.063567634 0.061231508 0.058584701 0.055937895 0.053291089 0.050644283 0.050176476 0.050275701 0.045611029 0.045664423 0.045717816 0.04577121 0.045824604 0.045036711 0.041993956 0.038951202 0.035908447 0.032865693 0.033966741 0.038286197 0.039267828 0.04315626 0.047044692 0.050933125 0.054821557 0.05478218 0.049123513 0.043464847 0.037806181 0.032147515 0.031064861 0.03150672 0.031299184 0.031091649 0.030884113 0.030676577 0.028593398 0.033201461 0.038999685 0.044797909 0.050596133 0.05400217 0.048785314
-9999 0.044623779 0.045390843 0.046157906 0.046924969 0.047692033 0.048459096 0.049745307 0.053139273 0.056533238 0.059927204 0.06332117 0.066715136 0.068592591 0.065945785 0.063298979 0.060652173 0.058005367 0.05535856 0.053528254 0.053581648 0.053635042 0.053688436 0.053741829 0.053795223 0.054379858 0.051337103 0.048294349 0.045251595 0.04220884 0.039166086 0.038490798 0.042379231 0.046267663 0.050156095 0.054044528 0.05793296 0.056587465 0.050928799 0.045270133 0.039611466 0.0339528 0.028294134 0.02321114 0.023003604 0.022796068 0.022588532 0.022380996 0.022173461 0.027086679 0.032884903 0.038683127 0.044481351 0.050279575 0.051588253
-9999 0.043925254 0.044692317 0.04545938 0.046226444 0.046856248 0.04453255 0.044863134 0.0482571 0.051651066 0.055045031 0.058438997 0.060081469 0.061574064 0.063099767 0.061376047 0.05872924 0.056082434 0.053435628 0.051605322 0.051658716 0.051712109 0.051765503 0.051818897 0.050602198 0.050821077 0.055604765 0.054570703 0.051527949 0.048485194 0.04544244 0.044767152 0.048655585 0.052544017 0.056432449 0.060320882 0.058608442 0.055061262 0.049402596 0.043743929 0.038085263 0.03161061 0.016265758 0.0083292792 0.0059714126 0.0057638768 0.005556341 0.0053488052 0.0051412693 0.010054488 0.015852712 0.021650936 0.02744916 0.03113522 0.030665821
-9999 0.043226728 0.043993791 0.044760855 0.044297773 0.041974075 0.039650377 0.039980961 0.043374927 0.046768893 0.049651101 0.051127164 0.052603227 0.054095822 0.055621525 0.057147227 0.056806308 0.054159502 0.051512696 0.049682389 0.049735783 0.049789177 0.049600534 0.048116286 0.046632038 0.046850918 0.051634605 0.056418292 0.057804303 0.054761549 0.051718794 0.051043506 0.054931939 0.058820371 0.061224796 0.059153517 0.057082238 0.053535058 0.047876392 0.042217726 0.032962873 0.017618021 0.0022731681 -0.0056633102 -0.0082740027 -0.010884695 -0.01147585 -0.011683386 -0.011890922 -0.0069777035 -0.0011794795 0.0046187444 0.0075451722 0.010212789 0.0097433899
-9999 0.042528203 0.043295266 0.041739298 0.0394156 0.037091902 0.034768204 0.035098788 0.038492754 0.040696796 0.042172859 0.043648922 0.045124985 0.04661758 0.048143283 0.049668985 0.051194688 0.05223657 0.049589763 0.047759457 0.047812851 0.047114621 0.045630374 0.044146126 0.042661878 0.042880758 0.047664445 0.052448133 0.05723182 0.061037903 0.057995148 0.057319861 0.061208293 0.061769871 0.059698592 0.057627314 0.055556035 0.052008855 0.046350189 0.034315136 0.018970284 0.0036254312 -0.011719421 -0.0196559 -0.022266592 -0.024877285 -0.027487977 -0.028715577 -0.028923113 -0.024009895 -0.018712492 -0.016044876 -0.013377259 -0.010709643 -0.011179041
-9999 0.041504521 0.039180823 0.036857125 0.034533427 0.032209729 0.029886031 0.030216615 0.031742491 0.033218554 0.034694617 0.03617068 0.037646743 0.039139338 0.04066504 0.042190743 0.043716446 0.045242148 0.046767851 0.045836525 0.044628709 0.043144462 0.041660214 0.040175966 0.038691718 0.038910598 0.043694285 0.048477973 0.05326166 0.058045348 0.062829035 0.063596215 0.062314946 0.060243668 0.058172389 0.05610111 0.054029832 0.050482652 0.035667399 0.020322547 0.0049776942 -0.010367158 -0.025712011 -0.033648489 -0.036259181 -0.038869874 -0.041480567 -0.044091259 -0.045955305 -0.04230254 -0.039634924 -0.036967307 -0.034299691 -0.031632074 -0.032101473
-9999 0.03759285 0.035269152 0.032945454 0.030621756 0.028298058 0.024859587 0.026128004 0.030805035 0.032281098 0.033757161 0.035233224 0.036709286 0.035143908 0.031752812 0.033278515 0.034804217 0.03632992 0.037855623 0.038471161 0.036986914 0.035502666 0.034018418 0.03253417 0.030465772 0.028111776 0.033881506 0.038665193 0.043448881 0.048232568 0.053016256 0.055458511 0.053387232 0.051315953 0.049244675 0.047173396 0.043333487 0.038516845 0.030079134 0.014734282 -0.00061057055 -0.015955423 -0.031300275 -0.037485183 -0.039363215 -0.041973908 -0.0445846 -0.047195293 -0.049805985 -0.052128669 -0.049461053 -0.046793436 -0.04412582 -0.041458203 -0.038481896
