mean_models/J1_mean_vp_slide_diff2_10.dat.tif
NCOLS 118
NROWS 92
XLLCORNER 139.62
YLLCORNER -39.07
DX 0.099491525
DY 0.099347826
NODATA_VALUE -9999
[rows 25 to 49 of 92, columns 57 to 113 of 118]
0.12559185 0.1316324 0.13767296 0.14466554 0.14986564 0.15341891 0.15697218 0.16052545 0.16407872 0.16961817 0.17968578 0.18981582 0.19994587 0.21007592 0.21657043 0.21841286 0.2202553 0.22209773 0.22394017 0.23032425 0.22596797 0.22371533 0.22146269 0.21921005 0.21695742 0.22035428 0.22636132 0.23236835 0.23837539 0.24245601 0.2436215 0.24416088 0.23984332 0.23552577 0.23120821 0.22688561 0.22239873 0.21791186 0.21342499 0.20893812 0.19477633 0.19371781 0.18625674 0.17860355 0.17095035 0.16329716 0.15233751 0.13901985 0.125489 0.11195815 0.098427303 0.086841371 0.079925558 0.074155049 0.068384541 0.062614033 -9999
0.12833976 0.13438032 0.14042088 0.14741346 0.15505299 0.16102853 0.1645818 0.16813507 0.17168834 0.17722779 0.1828355 0.19214099 0.20227103 0.21240108 0.21889559 0.22073802 0.22258046 0.22500304 0.23163581 0.23814525 0.23363997 0.22913469 0.22674715 0.22449451 0.22224187 0.22563874 0.23164578 0.23765281 0.24092904 0.2405536 0.2417191 0.24566121 0.24724157 0.24292401 0.23860645 0.23428385 0.22979698 0.2253101 0.22082323 0.20566734 0.1892805 0.18822197 0.18879596 0.18219698 0.17454379 0.16689059 0.15593094 0.14339501 0.13013932 0.11660847 0.10307763 0.091491695 0.080945593 0.073732293 0.067961784 0.062191276 -9999
0.13100564 0.13712824 0.1431688 0.15016138 0.15780091 0.16544044 0.17219142 0.17574469 0.17929796 0.18483741 0.19044512 0.19605282 0.20459619 0.21472624 0.22122075 0.22306319 0.22619128 0.23282404 0.23945681 0.24596625 0.24146097 0.23695569 0.23245042 0.22977897 0.22752633 0.2309232 0.23693023 0.23940208 0.23902664 0.2386512 0.23981669 0.24375881 0.24770092 0.25032225 0.2460047 0.24168209 0.23719522 0.23270835 0.21655834 0.2001715 0.18378466 0.18272613 0.18330012 0.18387411 0.17813722 0.17048402 0.15952438 0.14698844 0.13445251 0.1212588 0.10772795 0.096142019 0.085595917 0.075049815 0.067539028 0.061768519 -9999
0.13311942 0.13969297 0.14591672 0.1529093 0.16054883 0.16818836 0.17582788 0.18335431 0.18690758 0.19244703 0.19805474 0.20366244 0.20927015 0.2170514 0.22354591 0.22737951 0.23401227 0.24064504 0.24727781 0.25378725 0.24928197 0.24477669 0.24027142 0.23576614 0.23281079 0.23620766 0.23787511 0.23749967 0.23712423 0.23674879 0.23791429 0.2418564 0.24579852 0.24974064 0.25340294 0.24908033 0.24383618 0.22744934 0.2110625 0.19467566 0.17828882 0.1772303 0.17780429 0.17837828 0.17895227 0.17407746 0.16311781 0.15058188 0.13804594 0.12551001 0.11237827 0.10079234 0.090246241 0.079700139 0.069154038 0.061345762 -9999
0.13431739 0.14089093 0.14746448 0.15398585 0.16162538 0.16926491 0.17690443 0.18454396 0.19218349 0.19866003 0.20426774 0.20987544 0.21548314 0.22109085 0.22714822 0.23378099 0.24041375 0.24704652 0.25367929 0.25959944 0.25698849 0.25248321 0.24797794 0.24347266 0.23896738 0.23728686 0.23691142 0.23653598 0.23616054 0.2357851 0.23596609 0.23990821 0.24385032 0.24779244 0.25173456 0.25507062 0.23868378 0.22229694 0.2059101 0.18952326 0.17333822 0.17262738 0.17320137 0.17377536 0.17434935 0.17492334 0.16721494 0.15467901 0.14214308 0.12960714 0.11707121 0.1047558 0.094209701 0.083663599 0.073117497 0.062571396 -9999
0.12797604 0.13454958 0.14112313 0.14515794 0.14894268 0.1565822 0.16422173 0.17186126 0.17950079 0.19129694 0.19898328 0.20459098 0.21019868 0.21580639 0.22186376 0.22849653 0.2351293 0.24176206 0.24662444 0.24712812 0.25970535 0.25924732 0.25474204 0.25023677 0.24573149 0.24405097 0.24367553 0.24330009 0.24292465 0.24005108 0.23715374 0.23758304 0.24152516 0.24546728 0.2494094 0.25274545 0.23635861 0.21997177 0.20358494 0.18819845 0.1813706 0.1769093 0.17594929 0.17652328 0.17709727 0.17767126 0.17287097 0.16292276 0.15038683 0.1378509 0.12531497 0.10798158 0.092518674 0.081972572 0.07142647 0.060880369 -9999
0.12163469 0.12820823 0.13478178 0.13881659 0.14112621 0.1438995 0.15153903 0.15917856 0.16681809 0.17861424 0.19055323 0.19930652 0.20491423 0.21052193 0.2165793 0.22321207 0.22984484 0.23378463 0.23415311 0.23465679 0.24723402 0.25981125 0.26150615 0.25700088 0.2524956 0.25081507 0.25043963 0.25006419 0.24667014 0.24216487 0.23926752 0.23926752 0.23926752 0.24314212 0.24708423 0.25042029 0.23403345 0.21764661 0.20305868 0.19623083 0.18940298 0.18494168 0.18073242 0.1792712 0.17984519 0.18041918 0.17561889 0.16825651 0.15863059 0.14609466 0.13355872 0.11622533 0.096327028 0.080281545 0.069735444 0.059189342 -9999
0.11605149 0.12186688 0.12844043 0.13247524 0.13478486 0.13709448 0.13940411 0.14649586 0.15413539 0.16593154 0.17787052 0.18980951 0.19962977 0.20523747 0.21129484 0.21792761 0.22094482 0.2213133 0.22168179 0.22218547 0.2347627 0.24733993 0.25991716 0.26376498 0.25925971 0.25757918 0.25720374 0.2532892 0.24878393 0.24427865 0.24138131 0.24138131 0.24138131 0.24138131 0.24475907 0.24809513 0.23170829 0.2179189 0.21109105 0.2042632 0.19743536 0.19297405 0.1887648 0.18455554 0.18259311 0.1831671 0.1783668 0.17100443 0.16364206 0.15433841 0.14180248 0.12446909 0.10457078 0.084672479 0.068044417 0.057498315 -9999
0.11161255 0.11658713 0.12209908 0.12613388 0.12844351 0.13075313 0.13306276 0.13537238 0.14145268 0.15324884 0.16518782 0.17712681 0.18906579 0.19995301 0.20601038 0.20810501 0.20847349 0.20884198 0.20921047 0.20971415 0.22229138 0.23486861 0.24744584 0.26002307 0.26602381 0.26434329 0.25990826 0.25540299 0.25089771 0.24639243 0.24349509 0.24349509 0.24349509 0.24349509 0.24349509 0.24576997 0.23277913 0.22595128 0.21912343 0.21229558 0.20546773 0.20100643 0.19679717 0.19258792 0.18837866 0.18591502 0.18111472 0.17375235 0.16638998 0.1590276 0.15004623 0.13271284 0.11281454 0.092916234 0.073017929 0.055807288 -9999
0.11015348 0.11512806 0.12010264 0.12137093 0.12368056 0.12599018 0.12829981 0.13060943 0.13291906 0.13728272 0.1492217 0.16116069 0.17309967 0.18503865 0.19190199 0.19227048 0.19263897 0.19300745 0.19337594 0.19332722 0.20971772 0.22229495 0.23487218 0.24744941 0.26002664 0.26091967 0.25641439 0.25190912 0.24740384 0.24289856 0.24540835 0.24562622 0.24562622 0.24562622 0.24562622 0.24542266 0.23859481 0.23176696 0.22493911 0.21811126 0.21015401 0.20535472 0.20114546 0.19693621 0.19272695 0.18851769 0.18331454 0.17595216 0.16858979 0.16122742 0.15386505 0.13368729 0.11378898 0.093890679 0.073992374 0.054094069 -9999
0.11360906 0.11858364 0.12355821 0.12419577 0.12188615 0.12383045 0.12614007 0.1284497 0.13075932 0.12681371 0.12784032 0.13977931 0.15171829 0.16365727 0.17052061 0.1708891 0.17125759 0.17162607 0.17107223 0.17021805 0.19180584 0.20955251 0.22212974 0.23470697 0.2472842 0.24817723 0.24367195 0.23916668 0.2346614 0.23970184 0.24432848 0.24714428 0.24778595 0.24778595 0.24778595 0.2475824 0.24075455 0.2339267 0.22709885 0.21876553 0.20842622 0.20362693 0.19941767 0.19520842 0.19099916 0.1867899 0.18233189 0.17724801 0.16988563 0.16252326 0.15516089 0.13223919 0.10277433 0.082876029 0.062977724 0.043079419 -9999
0.11706464 0.12203921 0.12701379 0.12765135 0.12534172 0.1230321 0.12398034 0.12628996 0.12859959 0.12465397 0.12049342 0.11839793 0.13033691 0.14227589 0.14913923 0.14950772 0.14987621 0.14906852 0.14796306 0.14710888 0.16869667 0.19028445 0.2093873 0.22196453 0.23454176 0.23543479 0.23092952 0.22735878 0.23299038 0.23862197 0.24324861 0.24606441 0.24888021 0.24994569 0.24994569 0.24974213 0.24291428 0.23608643 0.22737706 0.21703775 0.20669843 0.20189914 0.19768989 0.19348063 0.18927137 0.18506212 0.1806041 0.17602749 0.17118147 0.1638191 0.15645673 0.13353503 0.10229469 0.071861379 0.051963074 0.032064769 -9999
0.12030701 0.12549479 0.13046937 0.13110693 0.1287973 0.12648768 0.12417805 0.12413023 0.12643985 0.12249423 0.11833368 0.11417313 0.11001257 0.12089451 0.12775785 0.12812634 0.12706481 0.12595935 0.12485389 0.12399972 0.1455875 0.16717528 0.18876307 0.20922209 0.22179933 0.22269235 0.22064732 0.22627891 0.23191051 0.23754211 0.24216875 0.24498454 0.24780034 0.25061614 0.25210542 0.25190187 0.24507402 0.23598859 0.22564927 0.21530996 0.20497064 0.20017135 0.1959621 0.19175284 0.18754358 0.18333433 0.17887631 0.1742997 0.16972309 0.16511494 0.15775257 0.13483087 0.10359054 0.072350196 0.041109857 0.021050118 -9999
0.12346865 0.12868502 0.1339014 0.1345625 0.13225288 0.12994325 0.12763363 0.125324 0.12428012 0.1203345 0.11617394 0.11201339 0.10785284 0.10369228 0.10616657 0.10506111 0.10395564 0.10285018 0.10174472 0.10089055 0.12247833 0.14406612 0.1656539 0.18724168 0.20882947 0.21393586 0.21956745 0.22519905 0.23083064 0.23646224 0.24108888 0.24390468 0.24672047 0.24953627 0.25235207 0.2540616 0.24460012 0.2342608 0.22392148 0.21358217 0.20324285 0.19844357 0.19423431 0.19002505 0.1858158 0.18160654 0.17714852 0.17257191 0.1679953 0.16341869 0.15884208 0.13612672 0.10488638 0.073646038 0.042405699 0.01116536 -9999
0.12224211 0.12745848 0.1329927 0.13324288 0.13054399 0.12823437 0.12592474 0.12361512 0.12130549 0.11720643 0.11304587 0.10888532 0.10472476 0.10218012 0.10210135 0.10099589 0.099890427 0.098784965 0.097679504 0.10075821 0.11453977 0.13612755 0.15771534 0.17930312 0.2008909 0.21156487 0.21719647 0.22282806 0.22845966 0.23360326 0.23644624 0.23879007 0.24160587 0.24442167 0.24723747 0.24966108 0.23932176 0.22898244 0.21864313 0.20830381 0.20438206 0.20042773 0.19621848 0.19200922 0.18779996 0.18159825 0.1759049 0.17132829 0.16675168 0.16217507 0.1543761 0.12999864 0.098758305 0.067517966 0.036277627 0.0051242705 -9999
0.11953142 0.12520168 0.13104893 0.13129912 0.12774585 0.12477879 0.12246917 0.12015954 0.11784992 0.11375085 0.1095903 0.10542974 0.10383225 0.10455583 0.10447706 0.1033716 0.10226614 0.10143357 0.1049342 0.10853326 0.12092277 0.1333199 0.15490768 0.17649546 0.19808325 0.20875722 0.21438881 0.22002041 0.22482496 0.22820392 0.2310469 0.2329241 0.23512666 0.23794246 0.24075826 0.24318187 0.23284255 0.22250324 0.21216392 0.20918231 0.20762166 0.20366734 0.19945808 0.19524882 0.18855424 0.18051838 0.17482503 0.17024842 0.16567181 0.15727818 0.14573716 0.1213597 0.090119363 0.058879024 0.027742659 -0.0032986974 -9999
0.11741065 0.12325791 0.12910517 0.12935535 0.12580209 0.12224882 0.11901359 0.11670397 0.11439434 0.11029527 0.10613472 0.10548439 0.10620796 0.10693154 0.10685277 0.10574731 0.10570799 0.10920862 0.11270925 0.11630831 0.12869782 0.14108733 0.15347684 0.17368781 0.19527559 0.20594956 0.21158116 0.21604666 0.21942562 0.22280458 0.22564756 0.22752476 0.22940196 0.23146326 0.23427905 0.23670266 0.22636335 0.21602403 0.21398257 0.21242191 0.21086126 0.20690694 0.20269768 0.19551022 0.18747437 0.17943852 0.17374517 0.16916855 0.16018025 0.14863924 0.13709822 0.11272076 0.081480422 0.050361047 0.019319691 -0.011721665 -9999
0.11546689 0.12131415 0.12716141 0.12741159 0.12385832 0.12030505 0.11675179 0.11324839 0.11093876 0.1068397 0.10713652 0.1078601 0.10858367 0.10930725 0.10922848 0.10998241 0.11348304 0.11698367 0.1204843 0.12408335 0.13647286 0.14886237 0.16125189 0.1736414 0.19246794 0.2031419 0.20726837 0.21064733 0.21402628 0.21740524 0.22024822 0.22212542 0.22400262 0.22587982 0.22779985 0.23022346 0.22034347 0.21878282 0.21722217 0.21566152 0.21410087 0.21014654 0.20246621 0.19443036 0.1863945 0.17835865 0.1726653 0.16308233 0.15154131 0.14000029 0.12845928 0.10408182 0.072979435 0.041938079 0.010896723 -0.020144633 -9999
0.11308255 0.11892981 0.12477707 0.12616555 0.12261228 0.11905901 0.11550574 0.11195247 0.10839921 0.10833732 0.10906089 0.10978447 0.11050804 0.11123162 0.11317341 0.11667403 0.12017466 0.12367529 0.12717592 0.1311907 0.14244686 0.15483637 0.16722588 0.17961539 0.1920049 0.19823132 0.20161028 0.20498923 0.20836819 0.21174715 0.21476335 0.21664055 0.21851775 0.22039494 0.22227214 0.22404685 0.2224862 0.22092555 0.2193649 0.21780424 0.21657187 0.21036522 0.20232937 0.19429351 0.18625766 0.1782218 0.16538728 0.15384626 0.14230525 0.13076423 0.11922321 0.095173382 0.064132026 0.03309067 0.002049314 -0.028992042 -9999
0.10737534 0.11322259 0.11906985 0.12418596 0.12662847 0.1230752 0.11952193 0.11596866 0.11241539 0.1084499 0.10758124 0.10830482 0.10902839 0.10975197 0.11169376 0.11519438 0.11869501 0.12219564 0.1268286 0.13414999 0.13715351 0.14722675 0.15961626 0.17200577 0.18439528 0.1906217 0.19400066 0.19737961 0.20075857 0.20425293 0.20761862 0.21051057 0.21238777 0.21426497 0.21614217 0.21791688 0.21635623 0.21479558 0.21323492 0.21289888 0.2220677 0.21689823 0.20930485 0.201269 0.19323314 0.18519729 0.16158275 0.14010667 0.12856565 0.11702464 0.10548362 0.082273112 0.05208346 0.021042104 -0.0099992521 -0.041040608 -9999
0.10166812 0.10751538 0.11336264 0.11847874 0.12309799 0.12709139 0.12353812 0.11998485 0.11643158 0.11246609 0.10848643 0.10682517 0.10754875 0.10827232 0.11021411 0.11371474 0.11721536 0.12241815 0.1297879 0.13710929 0.14011281 0.14311633 0.15200664 0.16439615 0.17678566 0.18301208 0.18639104 0.18976999 0.19328801 0.19685469 0.20022037 0.20322389 0.20622741 0.208135 0.2100122 0.21178691 0.21022625 0.2086656 0.20922589 0.21839471 0.22756354 0.22239407 0.21569753 0.20824448 0.20020863 0.19217277 0.16855824 0.13751688 0.11482606 0.10328504 0.091744028 0.068533519 0.039084028 0.0089935377 -0.022047818 -0.053089174 -9999
0.10034392 0.10180816 0.10765542 0.11277152 0.11739077 0.12201002 0.12662927 0.12400104 0.12044777 0.11648228 0.11250261 0.10852295 0.1060691 0.10679267 0.10873446 0.11223509 0.11800771 0.12537745 0.13274719 0.14006859 0.14307211 0.14607562 0.14907914 0.15678653 0.16917604 0.17540246 0.17878141 0.18232309 0.18588977 0.18945644 0.19282213 0.19582565 0.19882917 0.20183268 0.20388223 0.20565693 0.20409628 0.2055529 0.21472172 0.22389055 0.23305938 0.22788991 0.22119336 0.21449682 0.20718411 0.19914826 0.17553372 0.14449237 0.11345101 0.089545452 0.078004435 0.054793926 0.025344435 -0.0041050569 -0.034096384 -0.06513774 -9999
0.1053984 0.10220046 0.10194821 0.10706431 0.11168356 0.11630281 0.12092206 0.12554131 0.12446396 0.12049846 0.1165188 0.11253914 0.10855948 0.10531302 0.10725481 0.11359726 0.12096701 0.12833675 0.13570649 0.14302788 0.1460314 0.14903492 0.15203844 0.15504196 0.16156642 0.16779284 0.17135817 0.17492485 0.17849152 0.1820582 0.18542389 0.18842741 0.19143092 0.19443444 0.19743796 0.19952696 0.20187991 0.21104873 0.22021756 0.22938639 0.23855522 0.23338575 0.2266892 0.21999266 0.21329611 0.20612375 0.18250921 0.15146785 0.1204265 0.089385141 0.064264842 0.041054333 0.011604842 -0.01784465 -0.047294141 -0.077186306 -9999
0.11353145 0.1103335 0.10618536 0.10245285 0.1070721 0.11169135 0.1163106 0.12092985 0.1255491 0.12185509 0.11787543 0.11389577 0.10991611 0.10593644 0.10966394 0.11703368 0.12440343 0.13177317 0.13914291 0.14142112 0.14733618 0.1503397 0.15334322 0.15634674 0.15935025 0.16273896 0.16630564 0.16987232 0.173439 0.17700567 0.17859916 0.18235169 0.18535521 0.18835872 0.19136224 0.19454956 0.20371839 0.21288722 0.22205604 0.23122487 0.24371813 0.23948751 0.23279097 0.22609442 0.21939788 0.21136189 0.18465902 0.15361766 0.12257631 0.091534951 0.059919623 0.027419962 -0.0020295298 -0.031479021 -0.060928513 -0.09032371 -9999
0.12655705 0.11934813 0.10353608 0.099783058 0.10422464 0.1088213 0.11344055 0.1180598 0.12267905 0.11898504 0.11500538 0.11102572 0.10780139 0.10961033 0.11385863 0.12122837 0.12859811 0.13596786 0.13590748 0.13236943 0.14194314 0.14901506 0.15201858 0.1550221 0.15802562 0.16141433 0.164981 0.16854768 0.17211436 0.16585929 0.16557356 0.17627359 0.18138129 0.18438481 0.18738833 0.19057565 0.19974448 0.2089133 0.21808213 0.23185997 0.25078287 0.24655225 0.2398557 0.23315916 0.22344491 0.20584256 0.17913969 0.14809834 0.11705698 0.084657219 0.046452473 0.013952812 -0.01549668 -0.044946171 -0.074232418 -0.10268699 -9999
