mean_models/J1_mean_vp_slide_diff2_180.dat.tif
NCOLS 118
NROWS 92
XLLCORNER 139.62
YLLCORNER -39.07
DX 0.099491525
DY 0.099347826
NODATA_VALUE -9999
[rows 0 to 23 of 92, columns 0 to 54 of 118]
-9999 -9999 -9999 -9999 -9999 -9999 -9999 -9999 -9999 -9999 -9999 -9999 -9999 -9999 -9999 -9999 -9999 -9999 -9999 -9999 -9999 -9999 -9999 -9999 -9999 -9999 -9999 -9999 -9999 -9999 -9999 -9999 -9999 -9999 -9999 -9999 -9999 -9999 -9999 -9999 -9999 -9999 -9999 -9999 -9999 -9999 -9999 -9999 -9999 -9999 -9999 -9999 -9999 -9999 -9999
-9999 0.19530379 0.19527622 0.19524866 0.1952211 0.19519353 0.19468513 0.19489518 0.19480584 0.19315591 0.19150599 0.18985606 0.18820613 0.18784408 0.18981512 0.19150415 0.19319319 0.19488222 0.19657126 0.19843533 0.20070324 0.20297115 0.20523906 0.20750697 0.2091961 0.20701897 0.20309291 0.19777551 0.19245811 0.18714071 0.18182331 0.17991671 0.18458506 0.1892534 0.19392175 0.19859009 0.20077209 0.19959477 0.20249923 0.20464276 0.20678629 0.20892981 0.21107334 0.20578972 0.19875883 0.19287504 0.18699125 0.18110746 0.17522367 0.16927246 0.15815322 0.14703397 0.13591473 0.12479549 0.11753989
-9999 0.19304714 0.19301958 0.19299202 0.19296445 0.19208207 0.19066423 0.19087428 0.19296311 0.1938795 0.19222957 0.19057964 0.18892971 0.18856766 0.19078467 0.19288674 0.19457578 0.19626481 0.19795385 0.19981792 0.20208583 0.20435374 0.20662165 0.20727658 0.20537762 0.20320049 0.2002778 0.19689628 0.19157888 0.18626148 0.18094408 0.17903748 0.18370583 0.18837417 0.19304252 0.1930841 0.18833954 0.18716222 0.19108836 0.19436109 0.19650461 0.19864814 0.20079167 0.19550805 0.18488515 0.1769738 0.17109001 0.16520622 0.15932243 0.15360627 0.14791909 0.13746098 0.12634174 0.1152225 0.1079669
-9999 0.1907905 0.19076294 0.19073537 0.18947901 0.18806117 0.18664334 0.18685338 0.18894222 0.19103105 0.19295315 0.19130322 0.1896533 0.18929125 0.19150825 0.19372525 0.19594225 0.1976474 0.19933644 0.20120052 0.20346842 0.20573633 0.20535707 0.20345811 0.20155915 0.19938202 0.19645933 0.19353664 0.19061395 0.18538225 0.18006485 0.17815825 0.1828266 0.18749494 0.18539612 0.18065155 0.17590698 0.17472967 0.17865581 0.18258195 0.18622294 0.18836647 0.19051 0.18522638 0.17460347 0.16398057 0.15518877 0.14930498 0.14342119 0.13770503 0.13201785 0.12633067 0.11676875 0.1056495 0.098393909
-9999 0.18853385 0.18829378 0.18687595 0.18545811 0.18404028 0.18262244 0.18283249 0.18492132 0.18701015 0.18909899 0.19118782 0.19037688 0.19001483 0.19223183 0.19444884 0.19666584 0.19888284 0.20071903 0.20258311 0.20485102 0.20343755 0.20153859 0.19963963 0.19774067 0.19556354 0.19264085 0.18971816 0.18679547 0.18387278 0.17918562 0.17727903 0.18194737 0.17770813 0.17296356 0.168219 0.16347443 0.16229712 0.16622326 0.1701494 0.17407554 0.17800168 0.18022832 0.1749447 0.1643218 0.1536989 0.143076 0.13340374 0.12751995 0.12180379 0.11611661 0.11042943 0.10474224 0.096076513 0.088820918
-9999 0.18569072 0.18427289 0.18285505 0.18143722 0.18001938 0.17860154 0.17881159 0.18090042 0.18298926 0.18507809 0.18716692 0.18925576 0.19073841 0.19295542 0.19517242 0.19738942 0.19960642 0.20182343 0.203417 0.20151804 0.19961908 0.19772012 0.19582116 0.19392219 0.19174507 0.18882238 0.18589969 0.182977 0.18005431 0.17713162 0.17476471 0.17002014 0.16527558 0.16053101 0.15578644 0.15104188 0.14986456 0.15379071 0.15771685 0.16164299 0.16556913 0.16949527 0.16466303 0.15404013 0.14341723 0.13279433 0.12217142 0.11161871 0.10590255 0.10021537 0.094528185 0.088841 0.083153816 0.079247927
-9999 0.18463155 0.18321371 0.18179587 0.18037804 0.1789602 0.17760142 0.17786573 0.17995456 0.18204339 0.18413223 0.18622106 0.18820083 0.18974225 0.19097057 0.19318757 0.19540457 0.19762158 0.19983858 0.20081098 0.19891201 0.19701305 0.19511409 0.19321513 0.19106817 0.18965227 0.19044728 0.18752459 0.1846019 0.18167921 0.17875652 0.17521154 0.17046697 0.1657224 0.16097784 0.15623327 0.14836849 0.14346968 0.14739582 0.15132197 0.15524811 0.15917425 0.16004008 0.15991774 0.15439392 0.14377101 0.13314811 0.12252521 0.11190231 0.1054878 0.099800614 0.09411343 0.088426246 0.083851286 0.084248338
-9999 0.18404159 0.18262375 0.18120592 0.17978808 0.17845927 0.17714272 0.17740704 0.17949587 0.1815847 0.18367354 0.18558186 0.1874293 0.18897072 0.18989931 0.19082789 0.19299063 0.19520764 0.19742464 0.19839704 0.19649807 0.19459911 0.19270015 0.19037009 0.1878047 0.1863888 0.18805385 0.1897189 0.18708919 0.1841665 0.18124381 0.17769882 0.17295426 0.16820969 0.16346513 0.15399749 0.14293015 0.13803134 0.14195748 0.14588362 0.14980976 0.14957447 0.14875967 0.14863732 0.14901277 0.14580976 0.13518686 0.12456395 0.11394105 0.10752654 0.10183936 0.096152174 0.092417862 0.091160538 0.09155759
-9999 0.18345163 0.1820338 0.18063368 0.17931713 0.17800058 0.17668403 0.17694835 0.17903718 0.18111544 0.18296288 0.18481033 0.18665777 0.18819919 0.18912778 0.19005636 0.19098495 0.19279369 0.1950107 0.19598309 0.19408413 0.19218517 0.189672 0.18710661 0.18454123 0.18312533 0.18479038 0.18645543 0.18812048 0.18665379 0.1837311 0.18018611 0.17544155 0.17069382 0.15962648 0.14855914 0.13749181 0.132593 0.13651914 0.13992365 0.13910885 0.13829405 0.13747925 0.1373569 0.13773235 0.1381078 0.1372256 0.1266027 0.1159798 0.10956529 0.1038781 0.10098444 0.099727114 0.09846979 0.098866842
-9999 0.18286168 0.18149154 0.18017499 0.17885844 0.17754189 0.17622534 0.17648966 0.17849646 0.18034391 0.18219135 0.18403879 0.18588624 0.18742766 0.18835624 0.18928483 0.19021342 0.19114201 0.19259676 0.19356915 0.19153931 0.18897392 0.18640853 0.18384314 0.18127776 0.17986186 0.18152691 0.18319196 0.18485701 0.18652206 0.18621839 0.1826734 0.17632281 0.16525547 0.15418814 0.1431208 0.13205347 0.12715466 0.12945804 0.12864323 0.12782843 0.12701363 0.12619883 0.12607648 0.12645193 0.12682738 0.12720283 0.12757828 0.11801854 0.11160403 0.10955101 0.10829369 0.10703637 0.10577904 0.10617609
-9999 0.18254252 0.18122597 0.17990942 0.17859287 0.17727632 0.17595977 0.1762761 0.17812354 0.17997099 0.18181843 0.18366587 0.18551332 0.18679082 0.1877194 0.18864799 0.18957658 0.19050517 0.19143376 0.19130582 0.18874043 0.18617504 0.18360965 0.18104426 0.17847887 0.17589474 0.17755979 0.17922484 0.18088989 0.18255494 0.18421999 0.18153607 0.17046873 0.1594014 0.14833406 0.13726673 0.12619939 0.12023096 0.11941615 0.11860135 0.11778655 0.11697175 0.11615695 0.11661935 0.1169948 0.11737025 0.1177457 0.11812115 0.1184966 0.11747988 0.11622256 0.11496523 0.11370791 0.11245059 0.11096282
-9999 0.18354263 0.18222608 0.18090953 0.17959298 0.17827642 0.17784005 0.17851557 0.18036301 0.18221045 0.1840579 0.18590534 0.18762367 0.1885781 0.18807998 0.18889388 0.18982247 0.19075105 0.19167964 0.1915517 0.18898631 0.18642092 0.18385554 0.18129015 0.17871169 0.17533359 0.16982834 0.17064615 0.1723112 0.17397625 0.1756413 0.17295738 0.16189005 0.15082271 0.13975538 0.12868804 0.1219646 0.11830609 0.11749129 0.11667649 0.11586169 0.11504689 0.11718974 0.11869246 0.11948698 0.11986243 0.12023788 0.12061333 0.12098878 0.11997206 0.11871474 0.11745742 0.11620009 0.11165509 0.10640441
-9999 0.18454273 0.18322618 0.18190963 0.18075932 0.18041942 0.18007951 0.18075503 0.18260248 0.18444992 0.18629082 0.18797059 0.18965037 0.1906048 0.19010668 0.18960855 0.19006835 0.19099694 0.19192553 0.19179759 0.1892322 0.18666681 0.18410142 0.18151823 0.17893378 0.17555568 0.17005042 0.16454517 0.16373252 0.16539757 0.16706262 0.1643787 0.15331136 0.14224403 0.1313322 0.12568597 0.12003974 0.11638123 0.11556643 0.11475163 0.11441937 0.11672414 0.11902891 0.12053164 0.12145778 0.12235462 0.12273007 0.12310552 0.12348096 0.12246425 0.12120692 0.1199496 0.11440611 0.10709668 0.101846
-9999 0.18554283 0.18422628 0.18333869 0.18299878 0.18265888 0.18231898 0.1829945 0.18484194 0.18663774 0.18831751 0.18999729 0.19167706 0.19263149 0.19213337 0.19163525 0.19113713 0.19124283 0.19217141 0.19204347 0.18947809 0.18690923 0.18432478 0.18174032 0.17915586 0.17577776 0.17027251 0.16476725 0.159262 0.15681888 0.15848393 0.15580002 0.14473268 0.13505356 0.12940733 0.1237611 0.11811488 0.11445636 0.11364156 0.11395377 0.11625854 0.11856332 0.12086809 0.12237081 0.12329696 0.1242231 0.12514925 0.1255977 0.12597315 0.12495643 0.1236991 0.11715713 0.1098477 0.10253827 0.097287592
-9999 0.18654293 0.18591805 0.18557815 0.18523825 0.18489835 0.18455845 0.18523396 0.18698466 0.18866443 0.19034421 0.19202398 0.19370376 0.19465819 0.19416007 0.19366195 0.19316383 0.1926657 0.1924173 0.19228936 0.18971578 0.18713132 0.18454686 0.1819624 0.17937794 0.17599984 0.17049459 0.16498934 0.15948408 0.15397883 0.14990525 0.14722133 0.13877492 0.1331287 0.12748247 0.12183624 0.11619001 0.1125315 0.11348817 0.11579295 0.11809772 0.12040249 0.12270727 0.12420999 0.12513613 0.12606228 0.12698842 0.12791457 0.12846533 0.12721758 0.11990815 0.11259872 0.10528929 0.097979864 0.092729182
-9999 0.18840854 0.18806864 0.18772873 0.18738883 0.18704893 0.18670903 0.18740147 0.18908125 0.19076102 0.1924408 0.19412057 0.19580035 0.19638692 0.19583303 0.19533491 0.19483679 0.19433867 0.19384054 0.19271155 0.19012709 0.18754263 0.18495817 0.18237371 0.17978926 0.17428834 0.16781845 0.1623132 0.15680794 0.15130269 0.14579743 0.14024403 0.1345978 0.12895157 0.12330534 0.11765911 0.11201289 0.1096595 0.11196427 0.11426904 0.11657381 0.11887859 0.12118336 0.12284445 0.12377059 0.12469673 0.12562288 0.12654902 0.12747517 0.12418434 0.11687491 0.10956548 0.10225605 0.094946622 0.090417438
-9999 0.19035258 0.19001268 0.18967278 0.18933288 0.18920379 0.19026786 0.19107881 0.19159764 0.19302002 0.1946998 0.19637957 0.19805935 0.19864592 0.19704328 0.19618592 0.1956878 0.19518967 0.19469155 0.19356256 0.1909781 0.18839364 0.18580918 0.18322472 0.18152129 0.17634695 0.16169202 0.15290263 0.14739738 0.14189212 0.13638687 0.13083346 0.12518723 0.11954101 0.11389478 0.10854729 0.11000223 0.10885897 0.10399864 0.10493056 0.10723533 0.1095401 0.11184488 0.11360045 0.11495844 0.11588458 0.11681073 0.11773687 0.11866301 0.11924833 0.1173856 0.11007617 0.10276674 0.095457312 0.090928128
-9999 0.19229663 0.19195673 0.19161683 0.19190331 0.19296738 0.19403145 0.19484241 0.19536123 0.19588005 0.1969588 0.19863858 0.20031835 0.20090492 0.19930228 0.19769963 0.1965388 0.19604068 0.19554256 0.19441356 0.19182911 0.18924465 0.18685417 0.18521704 0.1835799 0.17840557 0.16375063 0.1490957 0.13798681 0.13248156 0.1269763 0.1214229 0.11577667 0.11013044 0.10658314 0.10803808 0.10949301 0.10834976 0.10348943 0.098629096 0.097896846 0.10020162 0.10250639 0.10426197 0.10562273 0.1069835 0.10799857 0.10892472 0.10985086 0.11043618 0.1109626 0.11058686 0.10327743 0.095968002 0.091438819
-9999 0.19424068 0.19390078 0.19460283 0.1956669 0.19673097 0.19779504 0.198606 0.19912482 0.19964365 0.20016247 0.20089758 0.20257735 0.20316392 0.20156128 0.19995863 0.19835599 0.19689169 0.19639357 0.19526457 0.19268012 0.19054992 0.18891278 0.18727565 0.18563852 0.18046418 0.16580925 0.15115431 0.13649938 0.12307099 0.11756574 0.11201233 0.10636611 0.10461899 0.10607393 0.10752887 0.1089838 0.10784055 0.10298022 0.098119886 0.093259553 0.090863134 0.093167907 0.094923483 0.096284247 0.097645012 0.099005777 0.10011256 0.10103871 0.10162403 0.10215045 0.10267686 0.10320328 0.096478692 0.091949509
-9999 0.19623829 0.19730236 0.19836643 0.1994305 0.20049457 0.20155864 0.20236959 0.20288841 0.20340724 0.20392606 0.20444488 0.20496371 0.20542292 0.20382028 0.20221763 0.20061499 0.19901235 0.19740971 0.19611558 0.19424566 0.19260853 0.1909714 0.18933426 0.18769713 0.18252279 0.16786786 0.15321293 0.13855799 0.12390306 0.10924813 0.10260177 0.10265485 0.10410978 0.10556472 0.10701966 0.10847459 0.10733134 0.10247101 0.097610676 0.092750343 0.08789001 0.083829423 0.085584998 0.086945763 0.088306528 0.089667293 0.091028058 0.092226557 0.092811877 0.093338294 0.09386471 0.094391127 0.094917544 0.092460199
-9999 0.19529926 0.19636333 0.1974274 0.19849147 0.19955554 0.20161653 0.20505901 0.20557783 0.20609666 0.20661548 0.2071343 0.20745653 0.20536318 0.20366682 0.20206418 0.20046154 0.19885889 0.19725625 0.19564318 0.19400605 0.19236891 0.19073178 0.18909465 0.18745751 0.17915993 0.16808394 0.153429 0.13877407 0.12411914 0.1094642 0.10031188 0.10176681 0.10322175 0.10467669 0.10613162 0.10730205 0.1048291 0.099968768 0.095108435 0.090248103 0.08538777 0.081262225 0.082283699 0.083864821 0.085225586 0.086586351 0.087947116 0.089307881 0.089957246 0.090483663 0.09101008 0.091536497 0.092062914 0.09146717
-9999 0.19081297 0.19187704 0.19294111 0.19400518 0.19752 0.20349569 0.20693816 0.20745699 0.20797581 0.20849463 0.20800633 0.20578685 0.20369351 0.20185275 0.20009096 0.19848832 0.19688568 0.19528303 0.19366996 0.19203283 0.1903957 0.18875856 0.18512211 0.17616439 0.16785478 0.16128227 0.15225522 0.13760029 0.12294535 0.10829042 0.099138092 0.10059303 0.10204797 0.1035029 0.10410062 0.10329643 0.10082348 0.095963148 0.091102815 0.086242483 0.082717465 0.080442712 0.081464186 0.084855276 0.086864825 0.08822559 0.089586355 0.09094712 0.091596486 0.092122902 0.092649319 0.092884538 0.09024517 0.089339858
-9999 0.18632667 0.18739074 0.18845481 0.19342346 0.19939915 0.20537484 0.20881732 0.20933614 0.20985496 0.20855613 0.20633665 0.20411717 0.20202383 0.20018307 0.19834231 0.1965151 0.19491246 0.19330982 0.19169674 0.19005961 0.18842248 0.18277468 0.17381696 0.16485924 0.15654963 0.14997712 0.14340461 0.1364265 0.12177157 0.10711664 0.097964308 0.099419245 0.10087418 0.1008992 0.100095 0.099290807 0.096817861 0.091957528 0.087097196 0.084172705 0.081897951 0.079623198 0.080644672 0.084035762 0.087426852 0.089864829 0.091225594 0.092586359 0.093235725 0.093762141 0.093396594 0.090757226 0.088117858 0.087212547
-9999 0.18184038 0.18335124 0.18932693 0.19530261 0.2012783 0.20725399 0.21069647 0.21121529 0.20910593 0.20688645 0.20466697 0.2024475 0.20035415 0.19851339 0.19667263 0.19483187 0.19299111 0.1913366 0.18972353 0.18808639 0.18042725 0.17146953 0.16251181 0.1535541 0.14524449 0.13867197 0.13209946 0.12552695 0.11895444 0.10594285 0.096790524 0.098245461 0.097697773 0.096893578 0.096089383 0.095285188 0.092812241 0.087951908 0.085627945 0.083353191 0.081078437 0.078803684 0.079825158 0.083216248 0.086607338 0.089998428 0.092864833 0.094225598 0.094874964 0.09390865 0.091269282 0.088629914 0.085990546 0.085085235
