mean_models/J1_mean_vp_slide_diff2_220.dat.tif
NCOLS 118
NROWS 92
XLLCORNER 139.62
YLLCORNER -39.07
DX 0.099491525
DY 0.099347826
NODATA_VALUE -9999
[rows 0 to 23 of 92, columns 53 to 105 of 118]
-9999 -9999 -9999 -9999 -9999 -9999 -9999 -9999 -9999 -9999 -9999 -9999 -9999 -9999 -9999 -9999 -9999 -9999 -9999 -9999 -9999 -9999 -9999 -9999 -9999 -9999 -9999 -9999 -9999 -9999 -9999 -9999 -9999 -9999 -9999 -9999 -9999 -9999 -9999 -9999 -9999 -9999 -9999 -9999 -9999 -9999 -9999 -9999 -9999 -9999 -9999 -9999 -9999
0.04362884 0.042417858 0.042593103 0.036577419 0.030561735 0.024546051 0.018530367 0.016272231 0.015568458 0.014592731 0.013617003 0.012641276 0.011665548 0.014848337 0.016223491 0.017598645 0.018973799 0.020348953 0.021989868 0.023970855 0.025951841 0.027932828 0.029913815 0.023123052 0.024351531 0.028688423 0.033025315 0.037362207 0.041699099 0.03796041 0.030490661 0.023020912 0.015551164 0.0092584614 0.0052561088 -0.0057011571 -0.013852141 -0.022003125 -0.030154109 -0.038103739 -0.039500717 -0.040897695 -0.042294673 -0.043691651 -0.033655331 -0.033165129 -0.032793758 -0.032422387 -0.032051015 -0.031679644 -0.036625792 -0.04055634 -0.044317717
0.031526826 0.030315844 0.034876642 0.036796812 0.030781128 0.024765444 0.01874976 0.016491624 0.016786901 0.01629282 0.015317093 0.014341365 0.013365638 0.01695613 0.020637846 0.022013 0.023388154 0.024763308 0.026404223 0.02838521 0.030366197 0.032347183 0.024068199 0.014939689 0.015159133 0.015965278 0.02030217 0.024639062 0.028975954 0.025237265 0.017767516 0.010297767 0.0049873476 0.0070941276 0.003091775 -0.01191868 -0.023579535 -0.031730519 -0.039881503 -0.047831133 -0.049228111 -0.050625089 -0.052022067 -0.040898077 -0.024454274 -0.024253278 -0.025648373 -0.025277001 -0.02490563 -0.024534259 -0.029480406 -0.036961572 -0.041041515
0.019424812 0.01821383 0.022774628 0.027335426 0.031000521 0.024984837 0.018969153 0.016711017 0.017006294 0.01730157 0.017017183 0.016041455 0.015065727 0.01865622 0.022403613 0.026151007 0.027802509 0.029177663 0.030818578 0.032799565 0.0343512 0.025118018 0.015884836 0.0067563253 0.0069757699 0.0071952144 0.0075790253 0.011915917 0.016252809 0.01251412 0.0050443712 0.00071623384 0.0028230138 0.0049297938 0.00092744122 -0.014083014 -0.02909347 -0.041457913 -0.049608897 -0.057558527 -0.058955505 -0.060352483 -0.048140823 -0.03169702 -0.015253216 -0.015052221 -0.016581138 -0.018110054 -0.017760245 -0.017388873 -0.022335021 -0.029816187 -0.037297352
0.0073227979 0.0061118155 0.010672614 0.015233412 0.01979421 0.024355008 0.019188546 0.01693041 0.017225687 0.017520963 0.01781624 0.017741545 0.016765817 0.02035631 0.024103703 0.027851097 0.03159849 0.033592018 0.035232933 0.035401019 0.026167837 0.016934655 0.0077014728 -0.0014270379 -0.0012075934 -0.00098814885 -0.00076870433 -0.00054925982 0.0035296642 -0.00020902511 -0.0035548799 -0.0014480999 0.00065868003 0.00276546 -0.0012368926 -0.016247348 -0.031257803 -0.046268259 -0.059336291 -0.067285921 -0.068682899 -0.055383569 -0.038939765 -0.022495962 -0.0060521589 -0.0058511632 -0.0073800801 -0.008908997 -0.010437914 -0.010243488 -0.015189635 -0.022670801 -0.030151967
-0.0052487776 -0.0059901985 -0.0014294004 0.0031313977 0.0076921958 0.012252994 0.016813792 0.017149803 0.01744508 0.017740357 0.018035633 0.01833091 0.018465907 0.022056399 0.025803793 0.029551186 0.03329858 0.037045973 0.036450838 0.027217656 0.017984474 0.0087512917 -0.00048189039 -0.0096104011 -0.0093909566 -0.0091715121 -0.0089520676 -0.008732623 -0.0085131785 -0.0078259937 -0.0057192137 -0.0036124337 -0.0015056538 0.00060112623 -0.0034012263 -0.018411682 -0.033422137 -0.048432593 -0.063443048 -0.077013315 -0.062626314 -0.046182511 -0.029738708 -0.013294905 0.0031488986 0.0033498943 0.0018209774 0.00029206054 -0.0012368563 -0.0027657732 -0.00804425 -0.015525416 -0.023006582
-0.0058519049 -0.005314782 -0.00075398385 0.0038068143 0.0083676124 0.012928411 0.015691279 0.017365106 0.018255873 0.01855115 0.018846427 0.019141703 0.01943698 0.023069695 0.026817088 0.030564482 0.034311875 0.034933544 0.029064921 0.019831739 0.010598557 0.0013653753 -0.007851749 -0.0058814062 0.0049421585 0.005161603 0.0053810475 0.005600492 0.0058199365 0.0073302928 0.0094370728 0.011543853 0.013650633 0.0079366361 -0.006909417 -0.014255595 -0.029266051 -0.044276506 -0.059286961 -0.073359683 -0.05691588 -0.040472077 -0.024028274 -0.0075844704 -0.0033788419 -0.0045816712 -0.0061105881 -0.007639505 -0.0091684218 -0.015954451 -0.024204248 -0.031685414 -0.039166579
-0.0031521805 -0.0026150576 0.0019457405 0.0065065386 0.011067337 0.013282068 0.014954414 0.016628241 0.018303074 0.019455638 0.019750915 0.020046191 0.020341468 0.023974183 0.027721576 0.03146897 0.030913229 0.027673966 0.021805343 0.012572161 0.0033389791 -0.004243437 -0.0023770497 -0.00040670684 0.010847662 0.022102031 0.023281412 0.023500857 0.023720301 0.025230657 0.027337437 0.029444217 0.020733683 -0.00093575887 -0.015781812 -0.018332737 -0.02410863 -0.039119086 -0.054129541 -0.068202263 -0.05175846 -0.035314656 -0.018870853 -0.015883632 -0.014024701 -0.015227531 -0.016756447 -0.018285364 -0.025944586 -0.035806683 -0.04405648 -0.051537646 -0.059018812
-0.00045245619 8.4666687e-05 0.0046454648 0.0092005115 0.010872857 0.012545203 0.014217549 0.015891376 0.017566209 0.019241043 0.020655403 0.020950679 0.021245956 0.024878671 0.028626064 0.026892914 0.023653651 0.020414388 0.014545765 0.005312583 -0.00063512495 0.0012312624 0.0030976497 0.0050679925 0.016322361 0.02757673 0.038831099 0.041401221 0.041620665 0.043131022 0.045237802 0.03353073 0.011861288 -0.0098081539 -0.024654207 -0.027205132 -0.029756057 -0.033961665 -0.048972121 -0.063044843 -0.046601039 -0.030247353 -0.028388422 -0.026529492 -0.024670561 -0.02587339 -0.027402307 -0.03593472 -0.045796818 -0.055658915 -0.063908712 -0.071389878 -0.066035314
0.0022472681 0.002784391 0.0067913006 0.0084636466 0.010135992 0.011808338 0.013480684 0.015154511 0.016829344 0.018504178 0.020179011 0.021853844 0.022150444 0.025783159 0.022872599 0.019633336 0.016394073 0.01315481 0.0072861869 0.0029731871 0.0048395744 0.0067059617 0.008572349 0.010542692 0.021797061 0.033051429 0.044305798 0.055560167 0.05952103 0.061031386 0.046327777 0.024658335 0.0029888931 -0.018680549 -0.033526602 -0.036077527 -0.038628452 -0.041179377 -0.0438147 -0.057887422 -0.042752144 -0.040893213 -0.039034282 -0.037175351 -0.03531642 -0.036519249 -0.045924855 -0.055786952 -0.06564905 -0.075511147 -0.083760944 -0.077252948 -0.066217945
0.0047706507 0.0041834144 0.0058557603 0.0075281063 0.0092004522 0.010872798 0.012545144 0.013576021 0.015250855 0.016925688 0.018600521 0.020275354 0.021950188 0.01887417 0.015634906 0.012395643 0.00915638 0.0059171169 0.0049073626 0.0067737499 0.0086401373 0.010506525 0.012372912 0.014976939 0.023851727 0.035106096 0.046360465 0.057614833 0.068869202 0.057604133 0.035934691 0.014265249 -0.0074041929 -0.029073635 -0.041607563 -0.044158488 -0.046709413 -0.049260339 -0.051811264 -0.05423072 -0.052371789 -0.050512858 -0.048653927 -0.046794996 -0.044859179 -0.053425687 -0.063287785 -0.073149882 -0.08301198 -0.092874077 -0.087490707 -0.076455704 -0.065420701
0.0044572 0.0019458116 0.0036181575 0.0052905034 0.0069628494 0.0086351953 0.011298258 0.010283258 0.008156592 0.0098314252 0.011506258 0.013181092 0.014855925 0.011779907 0.0085406437 0.0053013805 0.0020621174 -0.0012265601 -0.0022638946 -0.0003975073 0.00146888 0.0033352673 0.0067801589 0.014067907 0.0076814892 0.014746829 0.026001197 0.037255566 0.048509935 0.037244866 0.015575424 -0.0060940181 -0.02776346 -0.040678496 -0.045732754 -0.047052615 -0.04960354 -0.052154465 -0.05470539 -0.057124846 -0.055265915 -0.053406984 -0.051548053 -0.049506197 -0.04590792 -0.054474428 -0.064336525 -0.074198623 -0.08406072 -0.087027803 -0.080271639 -0.069236636 -0.058201633
0.0022195972 -0.00029179125 0.0013805547 0.0030529006 0.0048114593 0.0075670193 0.010322579 0.00930758 0.0057303266 0.0027371626 0.0044119958 0.006086829 0.0077616623 0.0046856442 0.001446381 -0.0017928822 -0.0050912618 -0.0083978174 -0.0094351519 -0.0075687645 -0.0057023772 -0.0015697344 0.0058711263 0.013158874 0.0067724566 0.00038603931 0.0056419302 0.016896299 0.028150668 0.016885599 -0.0047838434 -0.026453285 -0.037885164 -0.04509492 -0.050149179 -0.051319424 -0.052497666 -0.055048591 -0.057599517 -0.060018972 -0.058160042 -0.056301111 -0.054153214 -0.050554937 -0.04695666 -0.055523168 -0.065385266 -0.075247363 -0.0775895 -0.079808735 -0.07305257 -0.062017567 -0.050982564
-1.8005593e-05 -0.0025293941 -0.00085704812 0.001080221 0.0038357809 0.0065913408 0.0093469008 0.0083319015 0.0047546482 0.0011773949 -0.0023998585 -0.0010074337 0.00066739958 -0.0024086185 -0.0056494078 -0.0089559634 -0.012262519 -0.015569075 -0.016606409 -0.014740022 -0.0099196276 -0.002478767 0.0049620937 0.012249841 0.005863424 -0.0005229933 -0.0069094106 -0.0034629683 0.0077914004 -0.0034736686 -0.025143111 -0.035091832 -0.042301589 -0.049511345 -0.054565603 -0.055735849 -0.056906095 -0.05807634 -0.060493643 -0.062913099 -0.061054168 -0.058800231 -0.055201955 -0.051603678 -0.048005401 -0.056571909 -0.065931962 -0.068151197 -0.070370432 -0.072589667 -0.065833502 -0.054798499 -0.051411911
-0.0022556084 -0.0047669969 -0.0026510174 0.00010454253 0.0028601025 0.0056156624 0.0083712223 0.0073562231 0.0037789697 0.00020171641 -0.0033755369 -0.0069527902 -0.0064268631 -0.0095141094 -0.012820665 -0.016127221 -0.019433776 -0.022740332 -0.023777666 -0.018269521 -0.01082866 -0.0033877996 0.0040530611 0.011340809 0.0049543914 -0.0014320259 -0.0078184432 -0.014204861 -0.012567867 -0.023832936 -0.0322985 -0.039508257 -0.046718013 -0.05392777 -0.058982028 -0.060152274 -0.061322519 -0.062492765 -0.063663011 -0.065807225 -0.063447249 -0.059848972 -0.056250695 -0.052652418 -0.049054141 -0.056493658 -0.058712893 -0.060932128 -0.063151363 -0.065370598 -0.058614433 -0.055565474 -0.052937107
-0.001243723 -0.0044531679 -0.0022601041 0.00049545584 0.0032510158 0.0060065757 0.0087621356 0.0078500388 0.0042727855 0.00069553212 -0.0028817212 -0.0064589745 -0.010036228 -0.012121526 -0.015428082 -0.018734637 -0.022041193 -0.025347749 -0.023939722 -0.016498862 -0.009058001 -0.0016171403 0.0058237203 0.010780684 0.0089654993 0.002579082 -0.0038073354 -0.010193753 -0.01658017 -0.02352974 -0.030739497 -0.037949253 -0.04515901 -0.052368767 -0.062314006 -0.063484251 -0.064654497 -0.065824742 -0.066994988 -0.068023072 -0.064424795 -0.060826518 -0.057228241 -0.053629964 -0.049437578 -0.049175971 -0.051395206 -0.053614441 -0.055833676 -0.058052911 -0.057646649 -0.055018282 -0.052389915
0.0073187913 0.0041093464 0.0026656533 0.0040618314 0.0068173913 0.0095729513 0.012328511 0.011484665 0.0081811712 0.0046039179 0.0010266645 -0.0025505888 -0.0061278421 -0.0060604257 -0.0074307932 -0.010737349 -0.014043904 -0.01735046 -0.015942434 -0.008501573 -0.0010607124 0.0063801483 0.0101957 0.010517941 0.018080048 0.018022807 0.01163639 0.0052499726 -0.0011364448 -0.008086015 -0.015295772 -0.022505528 -0.029715285 -0.041743324 -0.053628102 -0.063371138 -0.065466612 -0.066636858 -0.067807104 -0.068835187 -0.06523691 -0.061638633 -0.058040357 -0.053631955 -0.047447874 -0.044312364 -0.043848365 -0.0460676 -0.048286835 -0.05050607 -0.050834972 -0.049655613 -0.047027246
0.015881306 0.012671861 0.011228168 0.0097844746 0.010383767 0.013139327 0.015894887 0.015051041 0.011761247 0.0084714532 0.0049350503 0.001357797 -0.0022194564 -0.0021520399 -0.0019593882 -0.0027400602 -0.0060466159 -0.0093531715 -0.007945145 -0.00050428438 0.0069365763 0.0096917814 0.0099329562 0.010255198 0.017817304 0.025379411 0.027080115 0.020693698 0.01430728 0.0073577103 0.00014795365 -0.007061803 -0.019828839 -0.032902213 -0.044786991 -0.054530027 -0.064273063 -0.067448974 -0.068619219 -0.069647303 -0.066049026 -0.062450749 -0.057826331 -0.05164225 -0.045458169 -0.042322659 -0.039511832 -0.038520758 -0.040739993 -0.042959228 -0.043288131 -0.042715855 -0.041664577
0.02444382 0.021234375 0.019790682 0.018346989 0.016903296 0.016705702 0.019461262 0.018617417 0.015327623 0.012037829 0.0087480349 0.0052661827 0.0016889294 0.0017563458 0.0019489976 0.0021416494 0.0019506728 -0.0013558829 5.2143604e-05 0.0074930042 0.0091878633 0.0094290381 0.0096702129 0.0099924543 0.017554561 0.025116668 0.032678775 0.036137423 0.029751006 0.022801436 0.015159021 0.0020856466 -0.010987728 -0.024061102 -0.03594588 -0.045688916 -0.055431952 -0.065174988 -0.069431335 -0.070459418 -0.066861142 -0.062020708 -0.055836627 -0.049652546 -0.043468465 -0.040332955 -0.037522128 -0.034711301 -0.033193152 -0.035412387 -0.035741289 -0.035169014 -0.034596739
0.030254015 0.029796889 0.028353196 0.026909503 0.02546581 0.024022117 0.023027638 0.022183792 0.018893998 0.015604204 0.01231441 0.0090246166 0.0055973152 0.0056647316 0.0058573833 0.0060500351 0.0062426869 0.0064353387 0.0080494322 0.0086839451 0.00892512 0.0091662948 0.0094074696 0.009729711 0.017291818 0.024853925 0.032416031 0.039978138 0.045194731 0.037073506 0.024000132 0.010926758 -0.0021466165 -0.015219991 -0.027104769 -0.036847805 -0.046590841 -0.056333877 -0.066076913 -0.071271534 -0.066215085 -0.060031004 -0.053846923 -0.047662841 -0.04147876 -0.038343251 -0.035532424 -0.032721597 -0.02991077 -0.027865546 -0.028194448 -0.027622173 -0.027049897
0.03178179 0.033254953 0.03181126 0.030367567 0.028923874 0.027480181 0.025245932 0.022526302 0.019374497 0.016084703 0.012794909 0.0095051154 0.0062153216 0.0062922873 0.0064849391 0.0066775909 0.0068702426 0.0067641941 0.0053775434 0.0056187183 0.0058598931 0.0061010679 0.0063422428 0.011779159 0.0084200435 0.01598215 0.023544257 0.031106364 0.038668471 0.03211619 0.019042816 0.0059694415 -0.0071039327 -0.020177307 -0.02349282 -0.031871299 -0.041614336 -0.051357372 -0.061100408 -0.070368615 -0.064184534 -0.058000453 -0.051816372 -0.045632291 -0.038856747 -0.035612049 -0.032801222 -0.029990395 -0.027179568 -0.026594309 -0.02764026 -0.027067985 -0.02649571
0.031878971 0.032862635 0.031418942 0.029975249 0.028531556 0.025748967 0.021415756 0.018696126 0.017072993 0.014237468 0.010947674 0.00765788 0.0043680861 0.0044450519 0.0046377037 0.0048303554 0.0042437771 0.0015850017 0.00019835103 0.00043952586 0.00068070069 0.00092187551 0.007754308 0.015909069 0.0061575853 0.00061642369 0.0081785305 0.015740637 0.023302744 0.016750463 0.003677089 -0.0093962851 -0.021135874 -0.02352123 -0.026823509 -0.031777999 -0.039552974 -0.04929601 -0.059039046 -0.068307253 -0.062123172 -0.055939091 -0.04975501 -0.0428847 -0.03556622 -0.032321522 -0.029510695 -0.026699868 -0.026874427 -0.031314811 -0.032360762 -0.031788486 -0.031216211
0.031486653 0.032470317 0.031026624 0.029582931 0.026252003 0.021918792 0.01758558 0.01486595 0.013242817 0.011619684 0.0091004385 0.0058106446 0.0025208507 0.0025978164 0.0027904682 0.00172336 -0.00093541534 -0.0035941907 -0.0049808414 -0.0047396666 -0.0044984917 0.0035289568 0.011884218 0.020038979 0.010287496 0.00053601205 -0.0071871961 0.00037491067 0.0079370175 0.0013847365 -0.011688638 -0.022081207 -0.024466563 -0.026851919 -0.030154198 -0.035108688 -0.040063178 -0.047234648 -0.056977684 -0.066245892 -0.060061811 -0.05387773 -0.046912652 -0.039594173 -0.032275693 -0.029030995 -0.026220168 -0.027154545 -0.031594929 -0.036035312 -0.037081263 -0.036508988 -0.037742938
0.031094334 0.032077999 0.030634305 0.026755038 0.022421827 0.018088616 0.013755405 0.011035775 0.0094126415 0.0077895083 0.0061663752 0.0039634091 0.00067361526 0.00075058102 -0.00079705706 -0.0034558324 -0.0061146078 -0.0087733831 -0.010160034 -0.0090516559 -0.00069639441 0.007658867 0.016014129 0.024168889 0.014417406 0.0046659223 -0.0050855612 -0.014837045 -0.0074287092 -0.01398099 -0.023026539 -0.025411895 -0.027797252 -0.030182608 -0.033484887 -0.038439377 -0.043393867 -0.048348357 -0.054916323 -0.06418453 -0.058000449 -0.050940605 -0.043622126 -0.036303646 -0.028985166 -0.025740468 -0.027434664 -0.031875047 -0.03631543 -0.040755813 -0.041801764 -0.043330463 -0.047489805
