mean_models/J1_mean_vp_slide_diff2_40.dat.tif
NCOLS 118
NROWS 92
XLLCORNER 139.62
YLLCORNER -39.07
DX 0.099491525
DY 0.099347826
NODATA_VALUE -9999
[rows 25 to 49 of 92, columns 0 to 55 of 118]
-9999 0.27402342 0.28374782 0.29347222 0.30319662 0.31292102 0.32662588 0.33798233 0.33601092 0.32264431 0.30927771 0.2959111 0.2825445 0.26918886 0.25853866 0.25539606 0.25225345 0.24911085 0.24596824 0.24830773 0.26329463 0.27828154 0.29326844 0.30825535 0.32794087 0.34717034 0.34790923 0.37356489 0.39922055 0.42487621 0.45053187 0.464058 0.45420227 0.44434654 0.43449081 0.42463507 0.4205912 0.41480386 0.40014466 0.39085456 0.38156445 0.37227434 0.36298424 0.35306051 0.34142054 0.32881199 0.31620345 0.30359491 0.29098636 0.28608023 0.27485515 0.26232455 0.24979394 0.23726334 0.22651157 0.2226588
-9999 0.2668169 0.2765413 0.2862657 0.2959901 0.31183023 0.32876842 0.34012486 0.34503925 0.34847898 0.33511237 0.32174577 0.30837916 0.29502352 0.28168983 0.26835614 0.26509701 0.26195441 0.2588118 0.26115129 0.27613819 0.2911251 0.306112 0.32957829 0.35832587 0.37755534 0.37127388 0.36499243 0.38957218 0.41522784 0.44088351 0.45440964 0.4445539 0.43469817 0.42484244 0.42397855 0.42666685 0.42087951 0.40296657 0.38630464 0.37701453 0.36772442 0.35843432 0.34851059 0.33813135 0.3269618 0.31435326 0.30174471 0.28913617 0.28423004 0.28065509 0.27112951 0.25859891 0.24606831 0.23531654 0.23072642
-9999 0.25961038 0.26933478 0.28009638 0.29703457 0.31397276 0.33091095 0.34226739 0.34718178 0.35209617 0.35701057 0.34758043 0.33421382 0.32085818 0.30752449 0.29419081 0.28085712 0.27479797 0.27165536 0.27399485 0.28898175 0.30396866 0.33121572 0.3599633 0.38871088 0.40794035 0.40165889 0.39537743 0.38909598 0.40557948 0.43123514 0.44476127 0.43490554 0.42504981 0.42736591 0.4300542 0.4327425 0.42695516 0.40904222 0.39112929 0.37321635 0.36317451 0.3538844 0.34396067 0.33358143 0.3232022 0.31250306 0.29989452 0.28728597 0.28237984 0.2788049 0.27522996 0.26740387 0.25487327 0.2441215 0.23953139
-9999 0.25240386 0.26530073 0.28223892 0.2991771 0.31611529 0.33305348 0.34440992 0.34932431 0.3542387 0.3591531 0.36406749 0.36004849 0.34669284 0.33335916 0.32002547 0.30669178 0.29335809 0.28449892 0.28683841 0.30410557 0.33285315 0.36160072 0.3903483 0.41909588 0.43832535 0.43204389 0.42576244 0.41948098 0.41319952 0.42158678 0.43511291 0.42806496 0.43075326 0.43344155 0.43612985 0.43881814 0.4330308 0.41511787 0.39720494 0.379292 0.36137907 0.34933448 0.33941075 0.32903151 0.31865228 0.30827304 0.29789381 0.28543578 0.28052965 0.27695471 0.27337976 0.26980482 0.26367824 0.25292647 0.24833635
-9999 0.25122843 0.26816662 0.28510481 0.30204299 0.31898118 0.33591937 0.34544232 0.35035671 0.3552711 0.3601855 0.36509989 0.37001428 0.37307418 0.35974049 0.34640681 0.33307312 0.31973943 0.30640574 0.3057968 0.33454437 0.36329195 0.39203953 0.42078711 0.44953469 0.46638985 0.4601084 0.45382694 0.44754548 0.44126403 0.43498257 0.43176489 0.43445318 0.43714148 0.43982977 0.44251807 0.44520636 0.43798842 0.42007549 0.40216255 0.38424962 0.36633668 0.34842375 0.33438298 0.32400374 0.31362451 0.30324527 0.29286604 0.2824868 0.2760155 0.27244055 0.26886561 0.26529067 0.26171572 0.25852485 0.25393474
-9999 0.26004925 0.27698744 0.29392562 0.31086381 0.327802 0.32512397 0.32885858 0.34225014 0.34716453 0.35207892 0.35699332 0.36190771 0.37093091 0.38818224 0.37728855 0.36395486 0.35062117 0.33728748 0.33667854 0.36542612 0.3941737 0.42292128 0.45166885 0.45614617 0.45460023 0.46688693 0.46278832 0.45650687 0.45022541 0.44394396 0.44072627 0.44341457 0.44610286 0.44879116 0.45147945 0.44531754 0.43324063 0.41582911 0.39791617 0.38000324 0.3620903 0.34417737 0.32838214 0.31504215 0.30466291 0.29428368 0.28390444 0.27352521 0.25641842 0.24599585 0.24242091 0.23884597 0.23527102 0.23253165 0.23268657
-9999 0.26887007 0.28580826 0.30274644 0.3154025 0.31055938 0.30571627 0.30945088 0.3230853 0.33671971 0.34397235 0.34888674 0.35380114 0.36282434 0.38007567 0.39732701 0.3948366 0.38150292 0.36816923 0.36756028 0.39630786 0.42505544 0.45380302 0.44853915 0.44183226 0.44028632 0.45257302 0.46485972 0.46546825 0.4591868 0.45290534 0.44968766 0.45237595 0.45506425 0.45715346 0.44878859 0.44042371 0.42834679 0.41095928 0.39357176 0.37575686 0.35784392 0.33993099 0.32413576 0.30986291 0.29570131 0.28532208 0.27494284 0.26456361 0.24745683 0.22918734 0.21597621 0.21240127 0.20882632 0.20608694 0.20624187
-9999 0.27769089 0.29462907 0.30083791 0.2959948 0.29115168 0.28630856 0.29004318 0.30367759 0.31731201 0.33094643 0.34078017 0.34569457 0.35471777 0.3719691 0.38922043 0.40647177 0.41238466 0.39905097 0.39844203 0.4271896 0.44763902 0.44093213 0.43422524 0.42751835 0.42597241 0.43825911 0.45054581 0.46283251 0.46814818 0.46186673 0.45864904 0.46133734 0.46062451 0.45225963 0.44389476 0.43552988 0.42345296 0.40606545 0.38867793 0.37129041 0.35359754 0.33568461 0.31988938 0.30561653 0.29134369 0.27707084 0.26598125 0.25560201 0.23849523 0.22022574 0.20195626 0.18595657 0.18238162 0.17964224 0.17979717
-9999 0.28651171 0.28627333 0.28143021 0.27658709 0.27174398 0.26690086 0.27063547 0.28426989 0.29790431 0.31153872 0.32517314 0.33758799 0.3466112 0.36386253 0.38111386 0.3983652 0.41561653 0.42993271 0.42932377 0.440032 0.43332511 0.42661822 0.41991133 0.41320445 0.4116585 0.4239452 0.4362319 0.4485186 0.46080529 0.47082811 0.46761043 0.46409555 0.45573068 0.4473658 0.43900092 0.43063605 0.41855913 0.40117161 0.3837841 0.36639658 0.34900907 0.33143823 0.315643 0.30137015 0.28709731 0.27282446 0.25855162 0.24664042 0.22953363 0.21126415 0.19299466 0.17472517 0.15645569 0.15319754 0.15335247
-9999 0.27777726 0.27293414 0.26809103 0.26324791 0.25840479 0.25356167 0.26144925 0.27490595 0.28854037 0.30217478 0.3158092 0.32944362 0.33976317 0.35486256 0.3721139 0.38936523 0.40661656 0.4238679 0.43387462 0.42716773 0.42046084 0.41375395 0.40704706 0.40034017 0.40227928 0.41272245 0.42500915 0.43729585 0.44958255 0.46186924 0.46710204 0.45873716 0.45037229 0.44200741 0.43364253 0.42527766 0.41133669 0.39396333 0.37657582 0.3591883 0.34180078 0.32441327 0.30554691 0.29127406 0.27700122 0.26272837 0.24845553 0.23418268 0.21830801 0.20003852 0.18176904 0.16349955 0.14523006 0.13216609 0.13345112
-9999 0.27444673 0.26960361 0.2647605 0.25991738 0.25880542 0.26690778 0.27526076 0.28390298 0.29574136 0.30937577 0.32301019 0.33664461 0.34696416 0.35064551 0.36164048 0.37889181 0.39614314 0.41339448 0.4234012 0.41669431 0.40998742 0.40328053 0.39735693 0.40255138 0.40730693 0.41088609 0.41888457 0.43117127 0.44345797 0.45574467 0.46097746 0.45261258 0.44424771 0.43588283 0.4268077 0.41439824 0.40003199 0.38286627 0.36555037 0.34816285 0.33077533 0.31338782 0.29371311 0.27239417 0.25725735 0.24298451 0.22871166 0.21443882 0.20011392 0.1850789 0.16680941 0.14853993 0.13027044 0.11720647 0.12217376
-9999 0.2711162 0.26627309 0.26142997 0.26451456 0.27261693 0.28071929 0.28907227 0.29771449 0.30635672 0.31657676 0.33021118 0.34384559 0.35416515 0.3578465 0.36152785 0.36841839 0.38566972 0.40292106 0.41292778 0.40622089 0.399514 0.39719012 0.40238458 0.40757903 0.41233457 0.41591374 0.4194929 0.42504669 0.43733339 0.44962009 0.45485288 0.44648801 0.43812313 0.42791246 0.415503 0.40309354 0.38872729 0.37156157 0.35439585 0.3371374 0.31974988 0.30236237 0.28268766 0.26136872 0.24004978 0.22324064 0.20896779 0.19469495 0.18037006 0.16603617 0.15170228 0.1335803 0.11531082 0.10224684 0.10721414
-9999 0.26778568 0.26294256 0.27022371 0.27832607 0.28642843 0.29453079 0.30288377 0.311526 0.32016822 0.32881045 0.33745268 0.35104658 0.36136614 0.36504749 0.36872884 0.3724102 0.37609155 0.39244763 0.40245436 0.39574747 0.39702332 0.40221777 0.40741222 0.41260668 0.41736222 0.42094139 0.42452055 0.42809972 0.43167888 0.44349551 0.44872831 0.44036343 0.42901721 0.41660775 0.40419829 0.39178883 0.37742258 0.36025686 0.34309115 0.32592543 0.30872444 0.29133692 0.27166221 0.25034327 0.22902433 0.20770539 0.18922392 0.17495108 0.16062619 0.1462923 0.13195841 0.11762453 0.10035119 0.087287222 0.092254514
-9999 0.26783049 0.27593286 0.28403522 0.29213758 0.30023994 0.3083423 0.31669528 0.32533751 0.33397973 0.34262196 0.35126418 0.35990641 0.36856713 0.37224848 0.37592983 0.37961119 0.38329254 0.38697389 0.39198094 0.39685651 0.40205097 0.40724542 0.41243987 0.41763432 0.42238987 0.42596903 0.4295482 0.43312737 0.43670653 0.4402857 0.44253143 0.43012197 0.41771251 0.40530305 0.39289359 0.38048413 0.36611788 0.34895216 0.33178644 0.31462072 0.297455 0.28028929 0.26063676 0.23931782 0.21799888 0.19667995 0.17536101 0.15520721 0.14088232 0.12654843 0.11221455 0.09788066 0.083546774 0.072327599 0.077294891
-9999 0.26953989 0.27764226 0.28574462 0.29384698 0.30194934 0.30720447 0.31219538 0.32083761 0.32947984 0.33812206 0.34676429 0.35339011 0.35940837 0.36923659 0.37291794 0.37659929 0.38028064 0.383962 0.38810089 0.39329534 0.39848979 0.40368424 0.4088787 0.4162258 0.42525906 0.42348852 0.42706769 0.43064686 0.43422602 0.43780519 0.43592316 0.4235137 0.41110424 0.39869478 0.38628532 0.37202395 0.35469956 0.33753384 0.32036812 0.3032024 0.28603668 0.26908531 0.24361686 0.21872779 0.19740885 0.17608991 0.15477097 0.13345204 0.11808884 0.10375495 0.089421063 0.075087177 0.061137827 0.053381173 0.058348465
-9999 0.26715619 0.27525856 0.28336092 0.29146328 0.29468419 0.2965114 0.30150232 0.31014454 0.31878677 0.327429 0.33202831 0.33441921 0.34043747 0.35371976 0.36645191 0.37013326 0.37381461 0.37749596 0.38163486 0.38682931 0.39202376 0.39721821 0.40722279 0.42120334 0.4302366 0.4260099 0.42204782 0.42562698 0.42920615 0.43278531 0.43090329 0.41849383 0.40608437 0.39367491 0.3780025 0.3605672 0.34324281 0.32607709 0.30891137 0.29174565 0.27490053 0.25814496 0.2326765 0.20094446 0.17358395 0.15226501 0.13094607 0.10962713 0.094263931 0.079930045 0.065596159 0.052272987 0.04084301 0.033086356 0.038053648
-9999 0.26477249 0.27287486 0.28033668 0.2821639 0.28399112 0.28581834 0.29080925 0.29945148 0.3080937 0.31066652 0.31305741 0.31544831 0.32146657 0.33474886 0.34803114 0.36131343 0.36734858 0.37102993 0.37516882 0.38036328 0.38555773 0.39821978 0.41220033 0.42618088 0.43521414 0.43098744 0.42676074 0.42253403 0.42418628 0.42776544 0.42588341 0.41347395 0.40106449 0.38398105 0.36654575 0.34911045 0.33178606 0.31462034 0.29747132 0.28071575 0.26396018 0.2472046 0.22173615 0.19000411 0.15827207 0.12844011 0.10712117 0.085802226 0.070439027 0.05610514 0.043408147 0.03197817 0.020548193 0.012791539 0.017758831
-9999 0.26238879 0.2678164 0.26964362 0.27147084 0.27329805 0.27512527 0.28011619 0.28691383 0.28930472 0.29169562 0.29408651 0.29647741 0.30249567 0.31577796 0.32906024 0.34234253 0.35562481 0.3645639 0.36870279 0.37523623 0.38921677 0.40319732 0.41717787 0.43115842 0.44019169 0.43596498 0.43173828 0.42751157 0.42328487 0.42274557 0.42086354 0.4073949 0.3899596 0.3725243 0.355089 0.33765371 0.32032931 0.30328654 0.28653097 0.26977539 0.25301982 0.23626425 0.21079579 0.17906375 0.14733172 0.11559968 0.083867644 0.061977322 0.046614122 0.034543307 0.02311333 0.011683353 0.00025337556 -0.0075032782 -0.0013208618
-9999 0.25745753 0.25928474 0.26111196 0.26293918 0.2647664 0.26659362 0.26915362 0.27154451 0.27393541 0.27632631 0.2787172 0.2811081 0.28698148 0.30026376 0.31354605 0.32682833 0.34011062 0.3533929 0.36688633 0.38086688 0.39484743 0.40882798 0.42280853 0.43678907 0.44201768 0.43779097 0.43356427 0.42933757 0.42511086 0.42088416 0.41214583 0.39471053 0.37727523 0.35983993 0.34240463 0.32496933 0.30803226 0.29127669 0.27452111 0.25776554 0.24100996 0.22425439 0.19907378 0.16734174 0.1356097 0.10387767 0.07214563 0.040413593 0.027313182 0.015883205 0.0044532277 -0.0069767496 -0.018406727 -0.026322318 -0.013291771
-9999 0.26522737 0.26705459 0.26888181 0.27070903 0.27253625 0.28264449 0.28682457 0.28333858 0.28572948 0.28812037 0.29051127 0.29290216 0.29859708 0.31090849 0.32410249 0.33738478 0.35066706 0.36394935 0.37744278 0.39142332 0.40540387 0.41938442 0.43336497 0.43694594 0.43217838 0.41722632 0.41162108 0.40739438 0.40316768 0.39894097 0.39020264 0.37276734 0.35533204 0.33789674 0.32046145 0.31054487 0.29558809 0.2712006 0.25444503 0.23768946 0.22093388 0.20417831 0.17989104 0.14972441 0.11799237 0.086260337 0.054528301 0.022796264 0.016462873 0.0095522119 -0.0018777654 -0.013307743 -0.02473772 -0.033848935 -0.034928241
-9999 0.27299722 0.27482444 0.27665165 0.2803671 0.29127496 0.30218282 0.30636291 0.30277828 0.29919365 0.29991444 0.30230533 0.30469623 0.31039115 0.32270256 0.33501397 0.34794122 0.36122351 0.37450579 0.38799922 0.40197977 0.41596032 0.42994087 0.42941477 0.42844705 0.42367949 0.40872743 0.39377537 0.38545119 0.38122449 0.37699778 0.36825946 0.35082416 0.33338886 0.31655726 0.3083853 0.30021333 0.28525655 0.26059311 0.23592968 0.21761337 0.2008578 0.18410223 0.15981496 0.13011325 0.10037505 0.068643009 0.036910972 0.0051789354 -0.0011544563 -0.003098272 -0.0082087584 -0.019638736 -0.031068713 -0.040179928 -0.041259234
-9999 0.28076706 0.28259428 0.28899758 0.29990544 0.3108133 0.32172116 0.32590124 0.32231661 0.31873198 0.31514735 0.3140994 0.3164903 0.32218521 0.33449663 0.34680804 0.35911945 0.37177995 0.38506224 0.39855567 0.41253622 0.42285132 0.4218836 0.42091588 0.41994816 0.4151806 0.40022854 0.38527649 0.37032443 0.3592813 0.3550546 0.34631627 0.32888097 0.31439769 0.30622572 0.29805376 0.28988179 0.27492501 0.25026157 0.22559814 0.2009347 0.18078172 0.16402615 0.13973888 0.11003716 0.080335453 0.050633742 0.019293643 -0.012438394 -0.018771785 -0.020715601 -0.022659417 -0.025969729 -0.037399706 -0.046510921 -0.047590227
-9999 0.28853691 0.29762805 0.30853591 0.31944377 0.33035163 0.34125949 0.34543958 0.34185495 0.33827032 0.33468569 0.33110105 0.32828436 0.33397928 0.34629069 0.35860211 0.37091352 0.38322493 0.39561868 0.40911211 0.41532015 0.41435243 0.41338471 0.41241699 0.41144927 0.40668171 0.39172965 0.3767776 0.36182554 0.34687348 0.33311141 0.32437308 0.31223811 0.30406615 0.29589418 0.28772222 0.27955025 0.26459347 0.23993003 0.2152666 0.19060316 0.16593973 0.14395006 0.11966279 0.089961082 0.060259371 0.03055766 0.00085594836 -0.030055722 -0.036389114 -0.03833293 -0.040276745 -0.042220561 -0.044164377 -0.052841914 -0.05392122
-9999 0.29888052 0.30978838 0.32069624 0.33160409 0.34251195 0.35341981 0.36074109 0.35715646 0.35357183 0.34998719 0.34640256 0.34281793 0.33871906 0.34918697 0.36149838 0.3738098 0.38612121 0.39843262 0.40672862 0.4057609 0.40479318 0.40382546 0.40285774 0.40189002 0.40016102 0.38596959 0.37101753 0.35606547 0.34111341 0.32616136 0.31352516 0.30535319 0.29718123 0.28900926 0.2808373 0.27266534 0.25456173 0.2298983 0.20523486 0.18057143 0.155908 0.13133808 0.11432629 0.084624577 0.054922866 0.025221155 -0.0044805566 -0.034182268 -0.040216472 -0.042160288 -0.044104103 -0.046047919 -0.047991735 -0.05161355 -0.052692855
-9999 0.29931544 0.3102233 0.32113116 0.33203902 0.34499343 0.36190992 0.36930929 0.36572465 0.36214002 0.35855539 0.35400161 0.34578932 0.34102327 0.34315852 0.35025397 0.36256539 0.3748768 0.38718821 0.39548422 0.39451649 0.39354877 0.39258105 0.39210508 0.39532827 0.39449643 0.38279606 0.3696101 0.35465805 0.33970599 0.32475393 0.31211773 0.30394576 0.2957738 0.28760184 0.27802169 0.26362628 0.24500646 0.22034303 0.19567959 0.17101616 0.14678671 0.12330945 0.1082236 0.099170219 0.073011014 0.043309303 0.013607592 -0.01609412 -0.022128324 -0.024072139 -0.026015955 -0.027959771 -0.033595206 -0.038371588 -0.039450894
