mean_models/J1_mean__temp2_slide_15.dat.tif
NCOLS 118
NROWS 92
XLLCORNER 139.62
YLLCORNER -39.07
DX 0.099491525
DY 0.099347826
NODATA_VALUE -9999
[rows 27 to 53 of 92, columns 0 to 59 of 118]
-9999 180.20071 178.87225 177.44793 175.45271 173.4575 171.46229 169.69861 168.20216 166.70571 165.20926 164.59613 164.2254 164.14178 164.6331 165.12442 165.61575 165.90372 166.11016 166.84124 168.78265 170.72406 171.85395 172.88451 173.91508 175.70858 179.54693 183.38528 187.22363 188.16551 187.94039 187.32832 185.97035 184.61237 183.72532 182.85266 181.98 181.17455 180.46524 179.75593 179.04663 178.91355 178.8355 179.48118 180.64715 181.81312 182.76043 182.40261 182.04479 181.80241 181.57997 181.35754 182.67716 185.7033 188.33968 189.62596 190.91225 192.19853 194.6478 197.30867
-9999 179.69763 178.07594 176.08073 174.08552 172.09031 170.09509 168.33142 166.83497 165.33852 163.84207 162.34562 161.39927 161.31565 161.80697 162.2983 162.78962 163.28094 163.64718 164.37826 166.16873 167.1993 168.22987 169.26043 170.291 172.0845 175.92285 179.7612 183.59955 187.4379 189.40989 188.79783 187.54848 186.67582 185.80317 184.93051 184.05785 183.25239 182.54309 181.83378 181.12448 180.41517 180.13547 180.78116 181.94713 183.1131 184.27907 185.44504 185.1901 184.94772 184.72528 184.50285 184.28041 184.98356 187.61994 188.90622 190.1925 191.47879 192.76507 194.95349
-9999 178.91941 176.9242 174.92898 172.93377 170.93856 168.94334 167.07323 165.57678 164.08033 162.58388 161.08743 159.59098 158.81956 159.31088 159.80221 160.29353 160.78485 161.27617 161.93055 162.96112 163.99169 165.02225 166.05282 167.08339 168.81445 172.6528 176.49115 180.3295 184.16785 188.0062 190.23542 189.36276 188.4901 187.61744 186.74478 185.87212 184.96341 184.25411 183.5448 182.8355 182.12619 181.41688 181.81768 182.98365 184.14962 185.31559 186.48156 187.64753 187.55808 187.33564 187.11321 186.89077 186.66834 187.08008 188.36637 189.65265 190.93893 192.22522 193.5115
-9999 179.54128 177.54607 175.55086 173.55564 171.56043 169.85253 167.75968 165.21595 163.7195 162.22305 160.7266 159.23015 158.54771 159.49537 160.0231 160.51442 161.00574 161.49706 162.15144 163.18201 164.21258 165.24314 166.27371 168.7075 171.30249 172.59638 176.13561 179.97396 183.81231 187.65066 189.87988 189.00722 188.13456 187.2619 186.38924 185.1284 183.92221 182.94525 182.23595 181.52664 180.81733 180.10803 180.5745 181.85129 183.01727 184.18324 185.34921 186.51518 186.0235 185.5421 185.31966 185.09723 184.87479 185.50524 189.08995 190.59371 191.87999 193.16627 194.45256
-9999 180.16316 178.16795 176.17273 174.24024 172.56405 170.88786 168.79501 166.22128 163.64755 161.86223 160.36578 158.86933 158.18689 159.13455 160.0822 160.73531 161.22663 161.71795 162.37233 163.4029 164.43347 165.46403 168.46103 171.54145 174.13644 175.43033 176.72423 179.61842 183.45677 187.29512 189.52434 188.65168 187.77902 186.88009 185.52262 184.16515 182.95896 181.96919 180.97942 180.21779 179.50848 178.79917 179.26564 180.57736 181.88491 183.05088 184.21685 185.38282 184.89115 184.11298 183.52612 183.30368 183.08125 183.71169 187.29641 190.88112 192.82105 194.10733 195.39361
-9999 180.78503 178.78982 176.95176 175.27557 173.59938 171.9232 169.83035 167.25661 164.68288 162.10915 160.00496 158.50851 157.82607 158.77372 159.72138 160.66904 161.44752 161.93884 162.59322 163.62379 165.13413 168.21455 171.29498 174.3754 176.97039 178.26428 179.55818 180.85207 183.10123 186.93958 189.1688 188.29614 187.27431 185.91684 184.55937 183.2019 181.99571 181.00594 180.01617 179.0264 178.19962 177.49032 177.95679 179.2685 180.58022 181.89194 183.0845 184.25047 183.75879 182.98063 182.20246 181.51014 181.2877 181.91815 185.50286 189.08758 192.67229 195.04839 196.33467
-9999 181.40691 179.66328 177.98709 176.3109 174.63471 172.95853 170.86568 168.29194 165.71821 163.14448 160.57075 158.14768 157.46524 158.4129 159.36056 160.30821 161.25587 162.15973 162.81412 164.88766 167.96808 171.0485 174.12893 177.20935 179.80434 181.09823 182.39213 183.68602 184.97992 186.58404 188.81326 187.66852 186.31106 184.95359 183.59612 182.23865 181.03246 180.04269 179.05292 178.06315 177.07338 176.18146 176.64793 177.95965 179.27137 180.58308 181.8948 183.11812 182.62644 181.84827 181.07011 180.29194 179.51377 180.1246 183.70932 187.29403 190.87875 194.46346 197.27573
-9999 182.51291 180.83672 179.16054 177.48435 175.80816 174.13197 171.36972 168.75729 166.18356 163.60983 161.0361 158.46237 158.26757 159.78952 160.73718 161.68484 162.63249 163.58015 165.17272 168.25315 171.33357 174.41399 177.49442 180.57484 181.47333 182.70921 184.00311 185.297 186.5909 187.8848 188.27307 186.9156 185.55813 184.20066 182.8432 181.48573 180.62688 179.5993 178.60953 177.61976 176.63 175.64023 175.01684 176.32856 177.64028 178.95199 180.26371 181.57543 181.6021 180.82394 180.04577 179.2676 178.48944 178.23516 181.3445 184.92922 188.51393 192.09865 195.68336
-9999 183.91415 182.23796 180.56177 178.88558 177.11439 175.10858 172.33448 168.67368 165.70885 163.13512 160.56139 157.98766 157.79286 162.36201 164.97933 165.92699 166.87465 167.8223 169.41488 172.4953 175.57572 178.65615 181.51943 181.30055 181.41826 182.43813 183.59708 184.89097 186.18487 187.47877 187.86704 186.50957 185.1521 183.79463 182.65186 182.51695 181.78666 180.20457 179.02356 178.03379 177.04402 176.05425 175.19197 174.42135 175.47773 176.78945 178.10117 179.41289 179.86597 179.97775 179.19959 178.42142 177.64325 177.38898 178.9494 181.62223 185.20695 188.79166 192.37638
-9999 185.31538 183.6392 181.96301 180.08496 178.07915 176.07333 173.29923 169.63843 165.97763 162.66041 160.08668 157.51295 157.31815 161.8873 166.45644 170.16914 171.1168 172.06445 173.65703 176.73745 179.81788 181.68323 181.46435 181.24547 181.36319 182.38306 183.40293 184.48494 185.77884 187.07274 187.46101 186.10354 184.74607 183.94654 183.81163 183.67673 182.94643 181.36435 179.78226 178.44781 177.45804 176.46827 175.60599 174.83537 174.06475 174.62691 175.93863 177.25034 177.70343 178.00812 178.31282 177.57524 176.79707 176.54279 178.10321 179.66363 181.89996 185.48468 189.06939
-9999 186.71662 185.04043 183.05553 181.04971 179.0439 177.03808 174.26399 170.60319 166.94239 163.28159 159.62079 157.03824 156.84344 161.41259 165.98173 170.55088 175.12003 176.30661 177.89918 180.9796 181.84704 181.62816 181.40928 181.1904 181.30811 182.32799 183.34786 184.36773 185.3876 186.66671 187.05498 185.69751 185.24122 185.10632 184.97141 184.83651 184.10621 182.52413 180.94204 179.35995 177.87206 176.88229 176.02001 175.24939 174.47877 173.70815 173.77608 175.0878 175.54089 175.84558 176.15027 176.45497 175.95089 175.69661 177.25703 178.81745 180.37786 182.17769 185.7624
-9999 188.03191 186.0261 184.02028 182.01447 180.00865 178.00284 175.22874 171.56794 167.90714 164.24634 160.58554 156.92474 156.36873 160.93788 165.50702 170.07617 174.64532 179.21447 182.14133 182.01085 181.79197 181.57309 181.35421 181.13533 181.25304 182.27291 183.29278 184.31266 185.33253 186.3524 186.6708 186.5359 186.401 186.26609 186.13119 185.99629 185.26599 183.6839 182.10182 180.51973 178.93764 177.35556 176.43404 175.66341 174.89279 174.12217 173.35154 172.92526 173.37834 173.68304 173.98773 174.29242 174.59712 174.85043 176.41084 177.97126 179.53168 181.0921 182.65252
-9999 188.4665 186.46069 184.45487 182.44906 180.44324 179.43707 177.84338 174.18258 170.52178 166.86098 163.20018 160.15912 159.89033 163.24762 167.81677 172.38591 176.95506 181.52421 184.64553 184.42665 184.20777 183.98889 183.77001 182.70682 181.05172 183.93018 184.95005 185.96993 186.9898 188.00967 188.63511 188.5002 188.3653 188.2304 188.09549 187.16102 185.15354 183.57145 181.98936 180.40728 178.82519 177.49824 177.47231 177.22023 176.44961 175.67899 174.90836 174.13774 174.28398 174.58867 174.89336 175.19805 175.6036 176.78062 178.34104 179.90146 181.46188 183.0223 182.98009
-9999 188.72178 186.71597 184.71015 182.70434 182.41237 182.60973 181.01603 177.35523 173.69443 170.03363 167.61541 165.87594 165.60714 168.28347 171.06825 175.6374 180.20654 184.77569 187.89701 187.67813 187.45925 187.24037 185.13488 181.46994 179.81484 183.54662 187.18646 188.20633 189.2262 190.24608 190.87151 190.73661 190.60171 190.4668 188.92311 186.61828 184.61079 183.02871 181.44662 179.86453 178.66405 177.57016 177.54423 178.28606 178.39294 177.62232 176.85169 176.08107 176.22731 176.532 176.83669 177.40648 178.47281 179.64983 181.21025 182.77067 184.33109 183.60294 181.9823
-9999 188.97706 186.97125 185.19032 185.38767 185.58502 185.78238 184.18868 180.52788 176.86708 175.0717 173.33223 171.59276 171.32396 174.00029 176.67661 179.35293 183.45803 188.02717 191.14849 190.92961 190.71073 187.56293 183.898 180.23306 178.57796 182.30974 186.04151 189.77329 191.46261 192.48248 193.10792 192.97302 192.83811 190.6852 188.38037 186.07554 184.06805 182.48597 180.92375 179.82986 178.73597 177.64208 177.61615 178.35798 179.0998 179.56565 178.79502 178.0244 178.17064 178.47533 179.20935 180.27568 181.34202 182.51904 184.07946 185.63988 184.22579 182.60514 180.9845
-9999 189.23234 188.16562 188.36297 188.56032 188.75768 188.95503 187.36133 184.26746 182.52799 180.78852 179.04905 177.30958 177.04078 179.71711 182.39343 185.06975 187.74607 191.27866 194.39998 193.65592 189.99099 186.32605 182.66112 178.99618 177.34108 181.07286 184.80463 188.53641 192.26818 194.71889 195.34433 194.75212 192.44729 190.14246 187.83763 185.5328 183.52531 182.08957 180.99567 179.90178 178.80789 177.714 177.68807 178.42989 179.17172 179.91354 180.65536 179.96773 180.11396 181.01222 182.07856 183.14489 184.21123 185.38825 186.46928 184.84864 183.22799 181.60735 179.9867
-9999 191.30166 191.49901 191.69636 191.89371 192.09107 192.28842 191.03532 189.29585 187.55638 185.8169 184.07743 182.33796 181.73604 184.41237 187.08869 189.76501 192.44133 195.11765 195.87648 192.21154 188.5466 184.88167 181.21673 177.55179 175.86797 179.59974 183.33152 187.06329 190.79507 194.52684 196.19671 193.89188 191.58705 189.28222 186.97739 184.67256 183.66033 182.56644 181.47255 180.37866 179.28476 178.19087 178.29833 179.04015 179.78197 180.52379 181.26562 182.00744 182.87743 183.94377 185.0101 186.07644 187.14278 187.62744 186.00679 184.38615 182.7655 181.14486 179.52421
-9999 195.84735 196.0447 196.24205 196.43941 196.63676 191.8588 189.07974 189.13203 187.39256 185.65309 183.91362 182.17414 181.1619 181.60596 184.07929 186.75562 189.43194 192.10826 192.86708 189.20215 185.53721 181.87227 178.20734 176.47228 176.0177 176.73269 180.07671 183.80849 187.54026 191.27204 192.94191 190.63708 188.33225 186.02742 183.72259 182.03518 182.62352 186.09752 185.00362 183.90973 182.81584 181.72195 182.24336 183.71055 184.45238 185.1942 185.93602 186.67784 186.78716 187.34548 188.41182 189.47815 190.54449 191.04148 189.56634 187.96098 186.34033 184.71969 183.09904
-9999 200.39304 200.59039 200.78774 199.85063 194.59226 189.33389 186.55482 186.63719 186.71955 185.48927 183.7498 182.01033 180.99808 181.44214 181.88621 183.74622 186.42255 189.09887 189.85769 186.19275 182.52782 178.86288 177.88998 176.99903 176.54445 177.25944 177.97443 180.55369 184.28546 188.01724 189.6871 187.38227 185.07744 182.82219 181.27805 179.7339 180.32224 183.9614 187.60056 187.44081 186.34691 185.25302 185.77443 187.45706 189.12278 189.8646 190.60643 191.34825 191.45756 191.45756 191.81353 192.87986 193.9462 194.44319 192.96805 191.49291 189.91516 188.29452 186.67387
-9999 204.93873 205.13608 202.58409 197.32572 192.06735 186.80898 184.02991 184.11227 184.19464 184.277 183.58598 181.84651 180.83426 181.27833 181.72239 182.16645 183.41315 186.08947 186.84829 183.18336 180.19863 179.30768 178.41674 177.52579 177.07121 177.7862 178.50119 179.21618 181.03066 184.76243 186.4323 184.12747 182.06505 180.52091 178.97677 177.43263 178.02097 181.66013 185.29929 188.93845 189.87799 188.7841 189.30551 190.98814 192.67076 194.35339 195.27683 196.01865 196.12797 196.12797 196.12797 196.28158 197.34791 197.84491 196.36977 194.89463 193.41949 191.86935 190.2487
-9999 209.48442 205.31755 200.05918 194.8008 189.54243 184.28406 181.50499 181.58736 181.66972 181.75209 181.83446 181.68269 180.67044 181.11451 181.55857 182.00264 182.4467 183.08008 183.8389 181.61633 180.72538 179.83444 178.94349 178.05254 177.59796 178.31295 179.02794 179.74293 180.45792 181.50763 183.1775 181.30792 179.76378 178.21963 176.67549 175.13135 175.71969 179.35885 182.99801 186.63717 190.27633 192.31517 192.83658 194.51921 196.20184 197.88447 199.5671 200.68906 200.79837 200.79837 200.79837 200.79837 200.79837 201.24662 199.77148 198.29634 196.8212 195.34606 193.82353
-9999 207.44687 202.1885 196.93013 191.67176 186.41339 181.15501 181.16644 181.2488 181.33117 181.41353 181.4959 181.57827 181.62639 181.57757 182.02163 182.46569 182.90976 183.35382 183.3942 182.50325 181.6123 180.72136 179.83041 178.93946 176.91809 177.45321 178.1682 178.88319 179.59818 180.31317 180.25651 178.71237 177.16823 175.62408 174.07994 172.5358 175.85921 179.49837 183.13753 186.77669 190.41585 193.85722 194.84702 196.52965 198.21227 199.8949 201.57753 203.26016 203.50811 203.50811 203.50811 203.50811 203.50811 202.80035 201.32521 199.85007 198.37493 196.89979 195.45115
-9999 203.35772 198.09934 192.84097 187.5826 184.14229 184.22172 184.30252 184.38488 184.46725 184.54961 184.93301 186.45278 186.70814 184.43145 183.48094 183.925 184.36907 184.81313 184.85351 183.96256 183.07161 182.18067 180.97987 177.44825 174.86159 174.80763 175.10497 175.81996 176.53495 177.24994 177.19329 175.64914 174.105 172.56086 172.24064 176.10563 179.87772 183.51688 187.15604 190.7952 193.51649 194.64692 195.54853 196.28564 197.80605 199.48868 201.17131 202.85394 203.10189 203.10189 203.10189 203.10189 202.35771 201.41721 199.94207 198.46693 196.99179 195.6285 194.50514
-9999 199.26856 194.01019 188.75182 187.19894 187.27837 187.3578 187.4386 187.52096 187.60333 188.49499 190.01476 191.53454 191.7899 189.5132 187.2365 185.38431 185.82838 186.27244 186.31282 185.42187 184.53092 182.45499 178.92337 175.39175 172.80509 172.75113 172.69716 172.75674 173.47173 174.18672 174.13006 172.58592 171.04178 172.39416 176.25915 180.12414 183.89623 187.53539 191.17455 193.17577 194.3062 195.43663 196.33823 197.07534 197.81245 199.08246 200.76509 202.44772 202.69567 202.69567 202.54689 201.76073 200.97457 200.03406 198.55892 197.08378 195.80586 194.68249 193.55913
-9999 195.1794 190.17616 190.25559 190.33502 190.41445 190.49388 190.57467 190.65704 192.05697 193.57674 195.09651 196.61629 196.87165 194.59495 192.31825 190.04155 187.76486 187.73175 187.77212 186.88118 183.93011 180.39849 176.86687 173.33525 170.74859 170.69463 170.64066 170.5867 170.53274 171.12349 171.06684 169.52269 172.54767 176.41267 180.27766 184.14265 187.91474 191.55389 192.83504 193.96547 195.0959 196.22633 197.12794 197.86505 198.60216 199.33927 200.35886 202.04149 202.28944 201.94991 201.16375 200.37759 199.59143 198.65092 197.17578 195.98321 194.85985 193.73648 192.61311
-9999 193.23281 193.31224 193.39167 193.4711 193.55053 193.62996 194.09917 195.61894 197.13872 198.65849 200.17826 201.69804 201.9534 199.6767 197.4 195.12331 192.84661 190.56991 188.93684 185.40522 181.87361 178.34199 174.81037 171.27875 168.69209 168.63813 168.58416 168.5302 168.47624 168.42228 168.8362 172.70119 176.56618 180.43118 184.29617 188.16116 191.36389 192.49432 193.62475 194.75518 195.88561 197.01604 197.91764 198.65475 199.39186 200.12897 200.86608 201.63527 201.35293 200.56677 199.78061 198.99445 198.20828 197.28393 196.16057 195.0372 193.91383 192.79047 191.6671
-9999 193.84363 193.92306 194.00249 194.08192 194.16135 195.11587 196.64718 198.16695 199.68673 201.2065 202.72627 202.8322 202.73265 204.36297 202.08628 199.80958 197.53288 195.25618 192.60002 189.0684 185.53678 182.00516 178.47355 176.08029 174.72385 171.90777 171.8538 171.79984 171.74588 171.69192 172.97654 176.84154 180.70653 184.57152 188.43652 191.3592 193.00866 194.13909 195.26952 196.39995 197.53038 197.99893 198.30943 198.90522 199.64233 200.37944 201.11655 201.85366 201.29197 200.50581 199.71965 198.93349 197.96224 196.55943 195.43606 194.3127 193.18933 192.06596 193.72191
