mean_models/J1_mean_tot_conduct_slide_102.59.dat.tif
NCOLS 118
NROWS 92
XLLCORNER 139.62
YLLCORNER -39.07
DX 0.099491525
DY 0.099347826
NODATA_VALUE -9999
[rows 52 to 77 of 92, columns 57 to 113 of 118]
-2.9839457 -3.0815424 -3.1699793 -3.255105 -3.3284146 -3.3454313 -3.3297221 -3.3557345 -3.3888983 -3.4006874 -3.4035229 -3.3563953 -3.3172599 -3.3062053 -3.2888259 -3.2611894 -3.1639672 -3.0257845 -2.8913989 -2.7523594 -2.5367944 -2.3216791 -2.0895322 -1.8788012 -1.691523 -1.5803779 -1.4979827 -1.5034912 -1.5251271 -1.6293402 -1.7523224 -1.907087 -2.0685021 -2.2440328 -2.3779444 -2.5024427 -2.5843769 -2.6512186 -2.7038906 -2.7422256 -2.7714878 -2.7892902 -2.8096803 -2.8564999 -2.8939268 -2.9114842 -2.9250784 -2.9383129 -2.9812064 -3.0121087 -3.0179611 -3.02 -3.02 -2.8734163 -2.7680409 -2.7621884 -2.738016
-3.0623927 -3.1386393 -3.2054956 -3.2693369 -3.3316388 -3.3403185 -3.3228806 -3.3408068 -3.3729404 -3.3900488 -3.391935 -3.3448074 -3.3066213 -3.2955667 -3.2748134 -3.2442822 -3.1505393 -3.0141966 -2.876014 -2.7262746 -2.5054516 -2.2843075 -2.0437536 -1.8292256 -1.6419474 -1.5222753 -1.437827 -1.4371161 -1.4590356 -1.5674908 -1.7019457 -1.8634035 -2.0423866 -2.2264155 -2.3798926 -2.5134302 -2.605654 -2.6781914 -2.7308634 -2.7691984 -2.7984606 -2.8112678 -2.8298313 -2.8718848 -2.9074133 -2.9215406 -2.9292824 -2.9396311 -2.9821557 -3.0121087 -3.0179611 -3.02 -3.02 -2.8734163 -2.7680409 -2.7621884 -2.7343519
-3.1111051 -3.1493662 -3.199112 -3.2375163 -3.2846439 -3.332377 -3.3114314 -3.3314454 -3.3590819 -3.3776615 -3.3924556 -3.3533808 -3.3151947 -3.3041401 -3.2784955 -3.2453316 -3.1528015 -3.0201462 -2.8738891 -2.7138287 -2.4864595 -2.2597881 -2.016072 -1.7948302 -1.607552 -1.4895104 -1.4010734 -1.4029313 -1.4209378 -1.5379867 -1.677333 -1.8431522 -2.0271352 -2.2261183 -2.383364 -2.5311183 -2.6262133 -2.7066969 -2.7593688 -2.768356 -2.7976182 -2.8087949 -2.8359579 -2.9027753 -2.9324512 -2.9441561 -2.9502675 -2.9561199 -2.9560688 -2.9860217 -2.9918742 -2.993913 -2.993913 -2.8995033 -2.7941278 -2.7882754 -2.757178
-3.0410235 -3.0319248 -3.0374521 -3.0630127 -3.079325 -3.1839013 -3.298185 -3.3235163 -3.3590819 -3.3813748 -3.3990788 -3.4043152 -3.3880497 -3.3769951 -3.3489678 -3.2992221 -3.2094847 -3.086378 -2.9233958 -2.7403215 -2.49712 -2.2597881 -2.0110593 -1.788207 -1.6009288 -1.4850373 -1.4010734 -1.4093409 -1.4341842 -1.555723 -1.697887 -1.8747609 -2.0602512 -2.2592342 -2.41648 -2.5642342 -2.6637257 -2.7443082 -2.7033411 -2.6982165 -2.71814 -2.7259518 -2.7498564 -2.9312822 -3.0047945 -3.0106469 -3.0164993 -3.0223518 -2.9081136 -2.8800507 -2.8859031 -2.887942 -2.887942 -2.9289855 -2.8998861 -2.8881812 -2.8544923
-3.0744257 -2.9924827 -2.9874482 -2.9900924 -2.9928777 -3.0809955 -3.1933866 -3.2468714 -3.2855625 -3.3088841 -3.3423034 -3.3494165 -3.3584918 -3.3492113 -3.3242867 -3.2773697 -3.1844413 -3.0667239 -2.8962437 -2.7180461 -2.4767059 -2.2500345 -2.0058655 -1.8005299 -1.6235665 -1.507675 -1.4331349 -1.4434785 -1.4770753 -1.6010897 -1.7470175 -1.9238913 -2.109669 -2.3069806 -2.4642264 -2.6071038 -2.7038841 -2.7463517 -2.7001674 -2.6905064 -2.7037502 -2.7098721 -2.7320304 -2.9134561 -3.027135 -3.03 -3.0339631 -3.0398156 -2.9255773 -2.8521087 -2.8551232 -2.8551232 -2.8551232 -2.9010434 -2.9260818 -2.9116885 -2.8758111
-3.0506793 -2.952291 -2.935709 -2.9213822 -2.9161459 -2.9758109 -3.0805388 -3.1370235 -3.1757147 -3.2189058 -3.2572761 -3.2756847 -3.2888701 -3.2836026 -3.2626026 -3.2183842 -3.131935 -3.0158616 -2.8499153 -2.6772354 -2.4604595 -2.2427147 -2.0124887 -1.811653 -1.6477846 -1.5528522 -1.4809972 -1.4991761 -1.5334447 -1.6621984 -1.8111262 -1.988 -2.1707777 -2.3639083 -2.5095744 -2.6510937 -2.7303769 -2.7690857 -2.7164138 -2.6986685 -2.7103734 -2.7164953 -2.7381002 -2.9185793 -3.03 -3.03 -3.0339631 -3.0398156 -2.9255773 -2.85 -2.85 -2.85 -2.85 -2.8954068 -2.9226226 -2.9050653 -2.8655239
-2.9947934 -2.8890005 -2.8447821 -2.8238044 -2.8035516 -2.8485829 -2.9215823 -2.9836452 -3.0300045 -3.0847268 -3.1314355 -3.1680903 -3.1895222 -3.1950495 -3.1774259 -3.1387347 -3.0564153 -2.9496297 -2.7916546 -2.6308731 -2.4263627 -2.2162219 -2.0117116 -1.8206705 -1.6742774 -1.5884673 -1.5339827 -1.558832 -1.5996766 -1.7371492 -1.8906044 -2.0674783 -2.2468452 -2.4301402 -2.5632564 -2.6908328 -2.7610622 -2.7955708 -2.7253415 -2.7052917 -2.7169966 -2.7231185 -2.7447234 -2.9202967 -3.03 -3.03 -3.0339631 -3.0398156 -2.9255773 -2.85 -2.85 -2.85 -2.85 -2.8910434 -2.9159994 -2.8984421 -2.8589007
-2.8933514 -2.76851 -2.7092314 -2.6726341 -2.6484312 -2.6669816 -2.7281198 -2.7905494 -2.8412098 -2.9105384 -2.9694788 -3.0375033 -3.0705527 -3.086209 -3.0771882 -3.0431405 -2.9418222 -2.8292009 -2.678843 -2.5422218 -2.3705077 -2.173808 -1.9947116 -1.8245451 -1.6904754 -1.6253361 -1.5794535 -1.6260567 -1.6714225 -1.8128638 -1.96811 -2.1422101 -2.3151663 -2.49351 -2.606192 -2.7253022 -2.7818158 -2.8069404 -2.776362 -2.789019 -2.7995618 -2.8056837 -2.8162218 -2.9079343 -3.0157609 -3.0129038 -3.0110145 -3.0160837 -2.9018454 -2.8262681 -2.8262681 -2.8262681 -2.8262681 -2.8815507 -2.9046299 -2.8870726 -2.8438672
-2.7332155 -2.6358216 -2.5584393 -2.5043152 -2.4728969 -2.486786 -2.5234408 -2.5829407 -2.6437411 -2.7152289 -2.7936165 -2.8721624 -2.9394585 -2.9615677 -2.964594 -2.9369575 -2.8411048 -2.7040506 -2.5733821 -2.4417291 -2.2759099 -2.1128298 -1.9470106 -1.8140379 -1.696989 -1.641097 -1.6168478 -1.6700352 -1.7419223 -1.8882334 -2.0462187 -2.2175652 -2.3852822 -2.5550031 -2.6658007 -2.7584181 -2.8110901 -2.8516261 -2.8750359 -2.8849538 -2.8908063 -2.8949953 -2.9055334 -2.9640578 -2.9977418 -2.9918893 -2.99 -2.9888149 -2.8742078 -2.7986304 -2.7986304 -2.7986304 -2.7986304 -2.8572639 -2.8927531 -2.8751957 -2.8306208
-2.583 -2.4761778 -2.3822135 -2.3243786 -2.2877239 -2.3013367 -2.3379915 -2.40625 -2.4781614 -2.5629949 -2.6545295 -2.7411841 -2.8136179 -2.8455074 -2.8524173 -2.830308 -2.7395499 -2.6179492 -2.4898073 -2.3622508 -2.2035941 -2.0465979 -1.9039581 -1.7855646 -1.696989 -1.6499638 -1.6499638 -1.714463 -1.801531 -1.9563002 -2.1190738 -2.295913 -2.459253 -2.6146118 -2.7148884 -2.7915341 -2.8361667 -2.8714957 -2.8834564 -2.891577 -2.8974294 -2.8979928 -2.9055334 -2.9640578 -2.9977418 -2.9918893 -2.9880441 -2.9821917 -2.8675846 -2.7920072 -2.7920072 -2.7920072 -2.7920072 -2.8506407 -2.8861299 -2.8627682 -2.8157177
-2.4055797 -2.2949721 -2.2033875 -2.1528986 -2.1207384 -2.1451228 -2.1848538 -2.2659795 -2.3443424 -2.4516036 -2.5447885 -2.6338073 -2.7103513 -2.746761 -2.7532535 -2.728953 -2.6511752 -2.5318477 -2.4057131 -2.2784014 -2.1327463 -1.9857924 -1.8616103 -1.7547073 -1.6785099 -1.6696711 -1.6738478 -1.7694558 -1.8572914 -2.0187163 -2.1965448 -2.3707754 -2.5244992 -2.672431 -2.7433884 -2.8193362 -2.8514203 -2.8829906 -2.8923477 -2.8946159 -2.8994367 -2.9 -2.9055334 -2.9640578 -2.9977418 -2.9891627 -2.9814209 -2.9755685 -2.8563454 -2.7807681 -2.7807681 -2.7807681 -2.7807681 -2.8347856 -2.8683157 -2.8449059 -2.7921841
-2.2288442 -2.1132402 -2.0248033 -1.9827464 -1.9618008 -1.9973185 -2.0499467 -2.1442404 -2.2382046 -2.3481999 -2.4565929 -2.5456116 -2.6134817 -2.6521728 -2.6580506 -2.630414 -2.5505882 -2.4407793 -2.3196116 -2.1935391 -2.0498291 -1.9141765 -1.798103 -1.7145407 -1.6560163 -1.6564248 -1.6873435 -1.7916609 -1.9093341 -2.0907598 -2.2673491 -2.4386957 -2.5899195 -2.7245257 -2.7925704 -2.8433506 -2.8726129 -2.8918794 -2.8977318 -2.9718696 -2.9725454 -2.9706304 -2.9761638 -3.0346883 -2.9917662 -2.9800613 -2.9723195 -2.9654124 -2.8607073 -2.7811522 -2.7811522 -2.779913 -2.7790079 -2.821531 -2.8509244 -2.8275146 -2.7735536
-2.0613858 -1.9481538 -1.8873534 -1.855183 -1.8604194 -1.9037821 -1.9770917 -2.0835851 -2.1918423 -2.3050436 -2.4168537 -2.4784054 -2.5273803 -2.5517924 -2.5520795 -2.524443 -2.448642 -2.3546778 -2.2359064 -2.1140608 -1.9772525 -1.8479446 -1.7453875 -1.6734732 -1.6427699 -1.6530359 -1.7138363 -1.8235487 -1.9490732 -2.1264003 -2.3004651 -2.4342754 -2.5904369 -2.7576416 -2.818187 -2.856597 -2.8780808 -2.8918794 -3.222191 -3.3574611 -3.3633135 -3.3538862 -3.3536856 -3.1561239 -2.9718966 -2.9601917 -2.9506245 -2.9389196 -2.896395 -2.8407609 -2.8349374 -2.8312227 -2.8253702 -2.8308996 -2.8443012 -2.8152175 -2.7587809
-1.9316902 -1.8425646 -1.7952592 -1.7924837 -1.8059266 -1.8722023 -1.9490917 -2.0641633 -2.1806296 -2.296703 -2.4019119 -2.4506155 -2.4927401 -2.5086184 -2.5040563 -2.4722981 -2.3959516 -2.2999749 -2.1833412 -2.0616792 -1.9334482 -1.811951 -1.7259382 -1.6655145 -1.6471893 -1.6984317 -1.7627566 -1.8857153 -2.010856 -2.1864293 -2.3387944 -2.4613986 -2.6079439 -2.7796768 -2.8314333 -2.86932 -2.8825663 -3.0053679 -3.3550966 -3.4898723 -3.4939222 -3.4800094 -3.4417797 -3.1452254 -2.960998 -2.9492932 -2.9296621 -2.9169124 -2.8743878 -2.8444348 -2.8361357 -2.832058 -2.8268775 -2.8279213 -2.8222624 -2.7930001 -2.7307619
-1.80725 -1.7477096 -1.720073 -1.736259 -1.7729138 -1.8534994 -1.9477545 -2.068627 -2.1957551 -2.3121958 -2.414104 -2.4600974 -2.4960662 -2.5071208 -2.494136 -2.4554449 -2.3738936 -2.2688748 -2.1502542 -2.0287759 -1.9047903 -1.7910307 -1.7136484 -1.671087 -1.671087 -1.7360114 -1.8244483 -1.9526756 -2.0881459 -2.2637192 -2.4049973 -2.5155435 -2.6509801 -2.8089961 -2.8554048 -2.8823919 -2.8931625 -3.0157498 -3.3727488 -3.5075244 -3.501672 -3.4850141 -3.4417797 -3.1433051 -2.9554835 -2.9437787 -2.9208215 -2.8974117 -2.8534095 -2.8213479 -2.809643 -2.8044565 -2.8044565 -2.8044565 -2.7946609 -2.7653987 -2.7042691
-1.7474674 -1.7026176 -1.7134498 -1.7396811 -1.7994066 -1.8899195 -2.00074 -2.1247929 -2.2553638 -2.3718045 -2.4737127 -2.4998947 -2.5286594 -2.5286594 -2.5113736 -2.462068 -2.3781462 -2.2688748 -2.1502542 -2.0287759 -1.9182298 -1.8109216 -1.7501213 -1.7155837 -1.7373188 -1.8129309 -1.9171729 -2.0491268 -2.1874937 -2.3432261 -2.4669092 -2.5498188 -2.6819994 -2.8354889 -2.87484 -2.8956382 -2.9014907 -3.022373 -3.379372 -3.5141476 -3.5082952 -3.4877507 -3.4417797 -3.1433051 -2.9554835 -2.9320936 -2.9047207 -2.8775421 -2.8286264 -2.7948551 -2.7831502 -2.7752589 -2.7713406 -2.7713406 -2.761545 -2.7322828 -2.6737085
-1.6849982 -1.6801176 -1.7038846 -1.7591884 -1.8355712 -1.9425427 -2.0577434 -2.1736213 -2.3060787 -2.422703 -2.5028359 -2.5281847 -2.54 -2.5387476 -2.5138229 -2.4640771 -2.3760592 -2.2789598 -2.1633195 -2.0549063 -1.9443602 -1.8612767 -1.8054673 -1.8037109 -1.8353486 -1.9183584 -2.0362305 -2.1723369 -2.3415382 -2.4896234 -2.6245976 -2.7112174 -2.7729497 -2.9021194 -2.9405284 -2.9524353 -2.9582878 -3.0769019 -3.3024277 -3.2943071 -3.2884546 -3.2766203 -3.2283811 -2.9527322 -2.8682207 -2.8472767 -2.8217931 -2.7925309 -2.7739162 -2.7378769 -2.726172 -2.7182806 -2.7124282 -2.7077391 -2.6979435 -2.6708479 -2.6144621
-1.6852228 -1.6966951 -1.7409136 -1.8137627 -1.9027814 -2.0097528 -2.1249536 -2.2398532 -2.3559267 -2.4433251 -2.5186512 -2.5340542 -2.5444995 -2.5389722 -2.5150258 -2.46528 -2.3941141 -2.3056771 -2.2036385 -2.1020441 -2.0181925 -1.9448268 -1.911663 -1.9128414 -1.9596609 -2.0566515 -2.1782523 -2.3442921 -2.520313 -2.6841814 -2.8074488 -2.901413 -2.9602106 -2.9953252 -3.009275 -3.0201745 -3.0260269 -3.0262413 -3.0145364 -3.0064158 -3.0005633 -2.9890312 -2.9674016 -2.8445003 -2.7622471 -2.7446897 -2.7172497 -2.6879875 -2.6800647 -2.6718696 -2.6601647 -2.6532517 -2.6473992 -2.6412019 -2.6292287 -2.605819 -2.5540754
-1.7206467 -1.7402085 -1.8005223 -1.8776503 -1.9756365 -2.0826079 -2.1978086 -2.3093975 -2.4221586 -2.5008262 -2.5716368 -2.5768731 -2.5842386 -2.5787113 -2.5562113 -2.5116423 -2.4479794 -2.371909 -2.2762765 -2.1881456 -2.1273452 -2.0645944 -2.0535398 -2.062511 -2.1252406 -2.2194289 -2.3372088 -2.4878208 -2.6527767 -2.7821055 -2.8733429 -2.9286159 -2.9800219 -3.0019484 -3.0122389 -3.0201745 -3.0260269 -3.0262413 -3.0145364 -3.0064158 -3.0005633 -2.9850141 -2.9607784 -2.8378771 -2.7556239 -2.7266423 -2.6973801 -2.6681179 -2.6551512 -2.6453769 -2.633672 -2.6295942 -2.6275297 -2.6213323 -2.6093592 -2.5859494 -2.5368916
-1.7523315 -1.7907573 -1.8561378 -1.9399749 -2.0394664 -2.146139 -2.2604039 -2.3677036 -2.4780125 -2.5519701 -2.6171584 -2.6186935 -2.6212619 -2.6157346 -2.6005086 -2.5625954 -2.5114183 -2.4427047 -2.357248 -2.2965815 -2.2581071 -2.2129282 -2.2189265 -2.2374919 -2.3018688 -2.386483 -2.4995732 -2.613282 -2.7651891 -2.870284 -2.9215482 -2.9640528 -2.9954636 -3.0116999 -3.0146375 -3.02 -3.0215005 -3.0217149 -3.01001 -2.9983051 -2.9915105 -2.9759613 -2.9487737 -2.8218994 -2.7351297 -2.7032304 -2.6681157 -2.6382902 -2.6253235 -2.6131507 -2.6039333 -2.605708 -2.6064208 -2.6050839 -2.5931107 -2.5697009 -2.5206431
-1.7918949 -1.839674 -1.9115289 -1.9983242 -2.0978158 -2.2029739 -2.3119139 -2.409978 -2.5149968 -2.5879535 -2.6454565 -2.6454565 -2.6486299 -2.6431026 -2.6309056 -2.6032691 -2.5612651 -2.5106818 -2.4643494 -2.4184081 -2.3852443 -2.3696953 -2.3862772 -2.4170835 -2.4814604 -2.5660746 -2.654282 -2.7579072 -2.8517948 -2.9161717 -2.958349 -2.9859855 -2.9806644 -2.9923693 -2.9942536 -2.9957681 -2.9957681 -2.9904949 -2.97879 -2.9519402 -2.9411865 -2.9241228 -2.8969352 -2.7681815 -2.7194796 -2.684365 -2.6462213 -2.6097766 -2.5949265 -2.5848623 -2.5790099 -2.5838136 -2.5908465 -2.5975725 -2.589736 -2.5663262 -2.5172684
-1.8382573 -1.8856622 -1.9519899 -2.0368079 -2.1310631 -2.2309052 -2.3251603 -2.4149006 -2.5083736 -2.5743676 -2.625587 -2.6381847 -2.6486299 -2.6531727 -2.6452767 -2.6286948 -2.6023106 -2.5967833 -2.5664803 -2.5442487 -2.5297158 -2.5286518 -2.5452337 -2.5736892 -2.6205473 -2.6917336 -2.7470066 -2.8238758 -2.8849107 -2.9230438 -2.951505 -2.968087 -2.9371224 -2.8797751 -2.8844346 -2.8897971 -2.8856325 -2.8777303 -2.807501 -2.774836 -2.7689836 -2.7484391 -2.7181091 -2.7211158 -2.7319342 -2.6851147 -2.6441205 -2.6031534 -2.5837956 -2.5721087 -2.5779611 -2.5857648 -2.5974697 -2.6215911 -2.6228519 -2.5994421 -2.5467809
-1.8846196 -1.9256896 -1.9869682 -2.0605706 -2.1498964 -2.2369704 -2.3288849 -2.4143362 -2.5023013 -2.5687806 -2.6224755 -2.6381847 -2.6541102 -2.6664191 -2.6719464 -2.6647093 -2.6690031 -2.6686021 -2.6494731 -2.6467746 -2.6553463 -2.6531664 -2.6661033 -2.6899625 -2.7318566 -2.7655552 -2.8159269 -2.8569917 -2.9157236 -2.9419943 -2.9514944 -2.9625 -2.9315354 -2.8613061 -2.85 -2.8550647 -2.8492122 -2.8226868 -2.7499648 -2.7097255 -2.7015198 -2.6762145 -2.6573023 -2.6772318 -2.6843255 -2.6346344 -2.5978149 -2.5584433 -2.5486072 -2.5387826 -2.552801 -2.5762108 -2.5898103 -2.6139317 -2.6226418 -2.599232 -2.5391821
-1.9318258 -1.9653293 -2.0206024 -2.0852834 -2.1638293 -2.2444829 -2.3282652 -2.4113703 -2.4942799 -2.5611585 -2.6211599 -2.6381847 -2.6568503 -2.6736579 -2.6883563 -2.6938837 -2.7108183 -2.7274002 -2.7303804 -2.7349516 -2.7460062 -2.755945 -2.7666325 -2.7826861 -2.8178008 -2.8448347 -2.8724712 -2.9053294 -2.9422506 -2.9539555 -2.9619727 -2.9675 -2.9300525 -2.8598232 -2.8470342 -2.8466852 -2.8395243 -2.8111195 -2.7350378 -2.6888668 -2.6713095 -2.6401943 -2.6140641 -2.6220507 -2.6089151 -2.5562431 -2.5253553 -2.496093 -2.4935973 -2.4980543 -2.521464 -2.5508055 -2.5742153 -2.5990046 -2.6077148 -2.584305 -2.5212893
-1.974095 -1.9985504 -2.0372415 -2.0945714 -2.1574082 -2.235279 -2.3140727 -2.3971778 -2.4800874 -2.5469659 -2.6069674 -2.6331494 -2.6568503 -2.6844868 -2.7044324 -2.7210143 -2.7451925 -2.7770741 -2.7893936 -2.8059143 -2.8169689 -2.8269077 -2.8324351 -2.844107 -2.8616644 -2.882817 -2.9008563 -2.9236576 -2.9493469 -2.9562363 -2.9619727 -2.9675 -2.92833 -2.8527269 -2.8367833 -2.8324927 -2.8207878 -2.7893722 -2.707438 -2.6541777 -2.6216356 -2.5799833 -2.5431014 -2.5313965 -2.5104047 -2.4635852 -2.4405443 -2.4251303 -2.4362526 -2.4497561 -2.4848707 -2.5199854 -2.5529264 -2.5777158 -2.5864259 -2.5630162 -2.4956383
-2.0186649 -2.0284916 -2.0549398 -2.098654 -2.1549527 -2.2249705 -2.3018099 -2.3794529 -2.4613545 -2.5335301 -2.5943567 -2.6250107 -2.6529232 -2.6844868 -2.7096987 -2.729153 -2.7561728 -2.7893366 -2.8088988 -2.8254195 -2.8364741 -2.839718 -2.8201576 -2.8258126 -2.8373719 -2.8467009 -2.8602498 -2.7559513 -2.7649853 -2.7693043 -2.7693043 -2.7715072 -2.8188826 -2.7992772 -2.7731166 -2.7659114 -2.7490838 -2.7148266 -2.6874127 -2.6534745 -2.6080828 -2.5347688 -2.4873869 -2.4377319 -2.4124777 -2.3724737 -2.3611377 -2.3521008 -2.3743706 -2.3949781 -2.4398674 -2.4810987 -2.5162134 -2.5575621 -2.5662722 -2.5397538 -2.4628595
